start_time,end_time,low_freq,high_freq,class,class_prob,det_prob,individual,event,input_file,Site name,Recover Folder,SD Card,File Duration
0.0015,0.0106,22890,29703,Nyctalus leisleri,0.009,0.024,-1,Echolocation,/mnt/ubna_data_01_mir/recover-20220825/UBNA_002/20220823_033000.WAV,Telephone Field,recover-20220825,002,1795
0.0015,0.0105,48671,53573,Pipistrellus pipistrellus,0.035,0.043,-1,Echolocation,/mnt/ubna_data_01_mir/recover-20220825/UBNA_002/20220823_033000.WAV,Telephone Field,recover-20220825,002,1795
0.0015,0.0341,68437,80376,Rhinolophus ferrumequinum,0.026,0.026,-1,Echolocation,/mnt/ubna_data_01_mir/recover-20220825/UBNA_002/20220823_033000.WAV,Telephone Field,recover-20220825,002,1795
0.0085,0.0508,68437,81778,Rhinolophus ferrumequinum,0.021,0.021,-1,Echolocation,/mnt/ubna_data_01_mir/recover-20220825/UBNA_002/20220823_033000.WAV,Telephone Field,recover-20220825,002,1795
0.0735,0.1115,68437,81818,Rhinolophus ferrumequinum,0.023,0.023,-1,Echolocation,/mnt/ubna_data_01_mir/recover-20220825/UBNA_002/20220823_033000.WAV,Telephone Field,recover-20220825,002,1795
0.1095,0.1168,28046,38973,Eptesicus serotinus,0.007,0.021,-1,Echolocation,/mnt/ubna_data_01_mir/recover-20220825/UBNA_002/20220823_033000.WAV,Telephone Field,recover-20220825,002,1795
0.1355,0.1477,58125,63666,Pipistrellus pygmaeus,0.02,0.02,-1,Echolocation,/mnt/ubna_data_01_mir/recover-20220825/UBNA_002/20220823_033000.WAV,Telephone Field,recover-20220825,002,1795
0.1475,0.1836,68437,81468,Rhinolophus ferrumequinum,0.023,0.023,-1,Echolocation,/mnt/ubna_data_01_mir/recover-20220825/UBNA_002/20220823_033000.WAV,Telephone Field,recover-20220825,002,1795
0.1705,0.2089,68437,82405,Rhinolophus ferrumequinum,0.021,0.021,-1,Echolocation,/mnt/ubna_data_01_mir/recover-20220825/UBNA_002/20220823_033000.WAV,Telephone Field,recover-20220825,002,1795
0.2225,0.2321,28906,37851,Eptesicus serotinus,0.01,0.022,-1,Echolocation,/mnt/ubna_data_01_mir/recover-20220825/UBNA_002/20220823_033000.WAV,Telephone Field,recover-20220825,002,1795
0.2245,0.2614,68437,81871,Rhinolophus ferrumequinum,0.021,0.021,-1,Echolocation,/mnt/ubna_data_01_mir/recover-20220825/UBNA_002/20220823_033000.WAV,Telephone Field,recover-20220825,002,1795
0.2835,0.3228,68437,82097,Rhinolophus ferrumequinum,0.021,0.021,-1,Echolocation,/mnt/ubna_data_01_mir/recover-20220825/UBNA_002/20220823_033000.WAV,Telephone Field,recover-20220825,002,1795
0.2915,0.3014,24609,32270,Eptesicus serotinus,0.009,0.022,-1,Echolocation,/mnt/ubna_data_01_mir/recover-20220825/UBNA_002/20220823_033000.WAV,Telephone Field,recover-20220825,002,1795
0.3375,0.3747,68437,82545,Rhinolophus ferrumequinum,0.022,0.022,-1,Echolocation,/mnt/ubna_data_01_mir/recover-20220825/UBNA_002/20220823_033000.WAV,Telephone Field,recover-20220825,002,1795
0.3595,0.3999,68437,81375,Rhinolophus ferrumequinum,0.034,0.034,-1,Echolocation,/mnt/ubna_data_01_mir/recover-20220825/UBNA_002/20220823_033000.WAV,Telephone Field,recover-20220825,002,1795
0.3865,0.4253,68437,82578,Rhinolophus ferrumequinum,0.021,0.021,-1,Echolocation,/mnt/ubna_data_01_mir/recover-20220825/UBNA_002/20220823_033000.WAV,Telephone Field,recover-20220825,002,1795
0.4225,0.433,49531,53272,Pipistrellus pipistrellus,0.026,0.03,-1,Echolocation,/mnt/ubna_data_01_mir/recover-20220825/UBNA_002/20220823_033000.WAV,Telephone Field,recover-20220825,002,1795
0.4465,0.4573,24609,29806,Nyctalus leisleri,0.009,0.021,-1,Echolocation,/mnt/ubna_data_01_mir/recover-20220825/UBNA_002/20220823_033000.WAV,Telephone Field,recover-20220825,002,1795
0.4505,0.4909,68437,82414,Rhinolophus ferrumequinum,0.021,0.021,-1,Echolocation,/mnt/ubna_data_01_mir/recover-20220825/UBNA_002/20220823_033000.WAV,Telephone Field,recover-20220825,002,1795
0.4645,0.5041,68437,81998,Rhinolophus ferrumequinum,0.02,0.02,-1,Echolocation,/mnt/ubna_data_01_mir/recover-20220825/UBNA_002/20220823_033000.WAV,Telephone Field,recover-20220825,002,1795
0.4745,0.4801,27187,38993,Plecotus auritus,0.014,0.044,-1,Echolocation,/mnt/ubna_data_01_mir/recover-20220825/UBNA_002/20220823_033000.WAV,Telephone Field,recover-20220825,002,1795
0.4855,0.5239,68437,82799,Rhinolophus ferrumequinum,0.026,0.026,-1,Echolocation,/mnt/ubna_data_01_mir/recover-20220825/UBNA_002/20220823_033000.WAV,Telephone Field,recover-20220825,002,1795
0.5005,0.5111,22890,27508,Nyctalus leisleri,0.012,0.023,-1,Echolocation,/mnt/ubna_data_01_mir/recover-20220825/UBNA_002/20220823_033000.WAV,Telephone Field,recover-20220825,002,1795
0.5055,0.5459,68437,82486,Rhinolophus ferrumequinum,0.022,0.022,-1,Echolocation,/mnt/ubna_data_01_mir/recover-20220825/UBNA_002/20220823_033000.WAV,Telephone Field,recover-20220825,002,1795
0.5295,0.5725,68437,83691,Rhinolophus ferrumequinum,0.028,0.029,-1,Echolocation,/mnt/ubna_data_01_mir/recover-20220825/UBNA_002/20220823_033000.WAV,Telephone Field,recover-20220825,002,1795
0.5375,0.5766,68437,83185,Rhinolophus ferrumequinum,0.022,0.022,-1,Echolocation,/mnt/ubna_data_01_mir/recover-20220825/UBNA_002/20220823_033000.WAV,Telephone Field,recover-20220825,002,1795
0.5385,0.5463,27187,38344,Eptesicus serotinus,0.009,0.023,-1,Echolocation,/mnt/ubna_data_01_mir/recover-20220825/UBNA_002/20220823_033000.WAV,Telephone Field,recover-20220825,002,1795
0.5875,0.6259,68437,82120,Rhinolophus ferrumequinum,0.02,0.02,-1,Echolocation,/mnt/ubna_data_01_mir/recover-20220825/UBNA_002/20220823_033000.WAV,Telephone Field,recover-20220825,002,1795
0.5875,0.5923,39218,53437,Myotis bechsteinii,0.005,0.021,-1,Echolocation,/mnt/ubna_data_01_mir/recover-20220825/UBNA_002/20220823_033000.WAV,Telephone Field,recover-20220825,002,1795
0.5885,0.5945,28046,54775,Myotis nattereri,0.007,0.025,-1,Echolocation,/mnt/ubna_data_01_mir/recover-20220825/UBNA_002/20220823_033000.WAV,Telephone Field,recover-20220825,002,1795
0.6005,0.6408,68437,82774,Rhinolophus ferrumequinum,0.021,0.021,-1,Echolocation,/mnt/ubna_data_01_mir/recover-20220825/UBNA_002/20220823_033000.WAV,Telephone Field,recover-20220825,002,1795
0.6085,0.6188,27187,34500,Eptesicus serotinus,0.015,0.027,-1,Echolocation,/mnt/ubna_data_01_mir/recover-20220825/UBNA_002/20220823_033000.WAV,Telephone Field,recover-20220825,002,1795
0.6125,0.652,68437,83065,Rhinolophus ferrumequinum,0.031,0.031,-1,Echolocation,/mnt/ubna_data_01_mir/recover-20220825/UBNA_002/20220823_033000.WAV,Telephone Field,recover-20220825,002,1795
0.6225,0.6604,68437,82191,Rhinolophus ferrumequinum,0.021,0.022,-1,Echolocation,/mnt/ubna_data_01_mir/recover-20220825/UBNA_002/20220823_033000.WAV,Telephone Field,recover-20220825,002,1795
0.6515,0.6622,24609,30737,Nyctalus leisleri,0.012,0.033,-1,Echolocation,/mnt/ubna_data_01_mir/recover-20220825/UBNA_002/20220823_033000.WAV,Telephone Field,recover-20220825,002,1795
0.6605,0.7022,68437,82919,Rhinolophus ferrumequinum,0.03,0.03,-1,Echolocation,/mnt/ubna_data_01_mir/recover-20220825/UBNA_002/20220823_033000.WAV,Telephone Field,recover-20220825,002,1795
0.6995,0.7371,68437,81546,Rhinolophus ferrumequinum,0.023,0.023,-1,Echolocation,/mnt/ubna_data_01_mir/recover-20220825/UBNA_002/20220823_033000.WAV,Telephone Field,recover-20220825,002,1795
0.7425,0.749,28046,42913,Eptesicus serotinus,0.006,0.024,-1,Echolocation,/mnt/ubna_data_01_mir/recover-20220825/UBNA_002/20220823_033000.WAV,Telephone Field,recover-20220825,002,1795
0.7795,0.7857,23750,39184,Plecotus austriacus,0.023,0.048,-1,Echolocation,/mnt/ubna_data_01_mir/recover-20220825/UBNA_002/20220823_033000.WAV,Telephone Field,recover-20220825,002,1795
0.7915,0.8286,68437,81871,Rhinolophus ferrumequinum,0.027,0.027,-1,Echolocation,/mnt/ubna_data_01_mir/recover-20220825/UBNA_002/20220823_033000.WAV,Telephone Field,recover-20220825,002,1795
0.8225,0.8604,68437,82539,Rhinolophus ferrumequinum,0.023,0.023,-1,Echolocation,/mnt/ubna_data_01_mir/recover-20220825/UBNA_002/20220823_033000.WAV,Telephone Field,recover-20220825,002,1795
0.9005,0.9379,68437,82188,Rhinolophus ferrumequinum,0.021,0.021,-1,Echolocation,/mnt/ubna_data_01_mir/recover-20220825/UBNA_002/20220823_033000.WAV,Telephone Field,recover-20220825,002,1795
0.9985,1.041,68437,82657,Rhinolophus ferrumequinum,0.022,0.022,-1,Echolocation,/mnt/ubna_data_01_mir/recover-20220825/UBNA_002/20220823_033000.WAV,Telephone Field,recover-20220825,002,1795
1.0615,1.097,68437,81371,Rhinolophus ferrumequinum,0.021,0.021,-1,Echolocation,/mnt/ubna_data_01_mir/recover-20220825/UBNA_002/20220823_033000.WAV,Telephone Field,recover-20220825,002,1795
1.1075,1.1499,68437,82950,Rhinolophus ferrumequinum,0.027,0.027,-1,Echolocation,/mnt/ubna_data_01_mir/recover-20220825/UBNA_002/20220823_033000.WAV,Telephone Field,recover-20220825,002,1795
1.1375,1.1777,68437,82819,Rhinolophus ferrumequinum,0.023,0.023,-1,Echolocation,/mnt/ubna_data_01_mir/recover-20220825/UBNA_002/20220823_033000.WAV,Telephone Field,recover-20220825,002,1795
1.1475,1.1573,26328,33062,Eptesicus serotinus,0.011,0.025,-1,Echolocation,/mnt/ubna_data_01_mir/recover-20220825/UBNA_002/20220823_033000.WAV,Telephone Field,recover-20220825,002,1795
1.1565,1.1961,68437,82096,Rhinolophus ferrumequinum,0.021,0.021,-1,Echolocation,/mnt/ubna_data_01_mir/recover-20220825/UBNA_002/20220823_033000.WAV,Telephone Field,recover-20220825,002,1795
1.1705,1.1762,25468,40483,Plecotus austriacus,0.01,0.032,-1,Echolocation,/mnt/ubna_data_01_mir/recover-20220825/UBNA_002/20220823_033000.WAV,Telephone Field,recover-20220825,002,1795
1.1945,1.2282,68437,81084,Rhinolophus ferrumequinum,0.02,0.02,-1,Echolocation,/mnt/ubna_data_01_mir/recover-20220825/UBNA_002/20220823_033000.WAV,Telephone Field,recover-20220825,002,1795
1.2155,1.2567,68437,83058,Rhinolophus ferrumequinum,0.037,0.037,-1,Echolocation,/mnt/ubna_data_01_mir/recover-20220825/UBNA_002/20220823_033000.WAV,Telephone Field,recover-20220825,002,1795
1.2325,1.2705,68437,82751,Rhinolophus ferrumequinum,0.022,0.022,-1,Echolocation,/mnt/ubna_data_01_mir/recover-20220825/UBNA_002/20220823_033000.WAV,Telephone Field,recover-20220825,002,1795
1.2405,1.2515,23750,30578,Nyctalus leisleri,0.009,0.024,-1,Echolocation,/mnt/ubna_data_01_mir/recover-20220825/UBNA_002/20220823_033000.WAV,Telephone Field,recover-20220825,002,1795
1.2675,1.3093,68437,82993,Rhinolophus ferrumequinum,0.026,0.026,-1,Echolocation,/mnt/ubna_data_01_mir/recover-20220825/UBNA_002/20220823_033000.WAV,Telephone Field,recover-20220825,002,1795
1.2685,1.2759,26328,38900,Eptesicus serotinus,0.007,0.021,-1,Echolocation,/mnt/ubna_data_01_mir/recover-20220825/UBNA_002/20220823_033000.WAV,Telephone Field,recover-20220825,002,1795
1.2755,1.3148,68437,82392,Rhinolophus ferrumequinum,0.021,0.021,-1,Echolocation,/mnt/ubna_data_01_mir/recover-20220825/UBNA_002/20220823_033000.WAV,Telephone Field,recover-20220825,002,1795
1.2835,1.3226,68437,83043,Rhinolophus ferrumequinum,0.024,0.024,-1,Echolocation,/mnt/ubna_data_01_mir/recover-20220825/UBNA_002/20220823_033000.WAV,Telephone Field,recover-20220825,002,1795
1.2855,1.2903,37500,65858,Myotis brandtii,0.008,0.022,-1,Echolocation,/mnt/ubna_data_01_mir/recover-20220825/UBNA_002/20220823_033000.WAV,Telephone Field,recover-20220825,002,1795
1.3095,1.319,25468,34095,Eptesicus serotinus,0.008,0.022,-1,Echolocation,/mnt/ubna_data_01_mir/recover-20220825/UBNA_002/20220823_033000.WAV,Telephone Field,recover-20220825,002,1795
1.3325,1.3712,68437,81857,Rhinolophus ferrumequinum,0.022,0.022,-1,Echolocation,/mnt/ubna_data_01_mir/recover-20220825/UBNA_002/20220823_033000.WAV,Telephone Field,recover-20220825,002,1795
1.3725,1.413,68437,82247,Rhinolophus ferrumequinum,0.022,0.022,-1,Echolocation,/mnt/ubna_data_01_mir/recover-20220825/UBNA_002/20220823_033000.WAV,Telephone Field,recover-20220825,002,1795
1.4015,1.4441,68437,82514,Rhinolophus ferrumequinum,0.022,0.022,-1,Echolocation,/mnt/ubna_data_01_mir/recover-20220825/UBNA_002/20220823_033000.WAV,Telephone Field,recover-20220825,002,1795
1.4095,1.4515,68437,83012,Rhinolophus ferrumequinum,0.033,0.033,-1,Echolocation,/mnt/ubna_data_01_mir/recover-20220825/UBNA_002/20220823_033000.WAV,Telephone Field,recover-20220825,002,1795
1.4635,1.4983,68437,81740,Rhinolophus ferrumequinum,0.021,0.021,-1,Echolocation,/mnt/ubna_data_01_mir/recover-20220825/UBNA_002/20220823_033000.WAV,Telephone Field,recover-20220825,002,1795
1.4735,1.5135,68437,81999,Rhinolophus ferrumequinum,0.023,0.023,-1,Echolocation,/mnt/ubna_data_01_mir/recover-20220825/UBNA_002/20220823_033000.WAV,Telephone Field,recover-20220825,002,1795
1.4805,1.5196,68437,81678,Rhinolophus ferrumequinum,0.022,0.022,-1,Echolocation,/mnt/ubna_data_01_mir/recover-20220825/UBNA_002/20220823_033000.WAV,Telephone Field,recover-20220825,002,1795
1.4805,1.4931,34921,39804,Pipistrellus nathusii,0.009,0.022,-1,Echolocation,/mnt/ubna_data_01_mir/recover-20220825/UBNA_002/20220823_033000.WAV,Telephone Field,recover-20220825,002,1795
1.5405,1.5783,68437,82365,Rhinolophus ferrumequinum,0.02,0.02,-1,Echolocation,/mnt/ubna_data_01_mir/recover-20220825/UBNA_002/20220823_033000.WAV,Telephone Field,recover-20220825,002,1795
1.5595,1.5997,68437,82327,Rhinolophus ferrumequinum,0.021,0.021,-1,Echolocation,/mnt/ubna_data_01_mir/recover-20220825/UBNA_002/20220823_033000.WAV,Telephone Field,recover-20220825,002,1795
1.5725,1.612,68437,82712,Rhinolophus ferrumequinum,0.023,0.023,-1,Echolocation,/mnt/ubna_data_01_mir/recover-20220825/UBNA_002/20220823_033000.WAV,Telephone Field,recover-20220825,002,1795
1.5935,1.6304,68437,81935,Rhinolophus ferrumequinum,0.025,0.025,-1,Echolocation,/mnt/ubna_data_01_mir/recover-20220825/UBNA_002/20220823_033000.WAV,Telephone Field,recover-20220825,002,1795
1.5965,1.6071,23750,30809,Nyctalus leisleri,0.008,0.022,-1,Echolocation,/mnt/ubna_data_01_mir/recover-20220825/UBNA_002/20220823_033000.WAV,Telephone Field,recover-20220825,002,1795
1.6275,1.6351,28906,40234,Eptesicus serotinus,0.007,0.02,-1,Echolocation,/mnt/ubna_data_01_mir/recover-20220825/UBNA_002/20220823_033000.WAV,Telephone Field,recover-20220825,002,1795
1.6415,1.6815,68437,82150,Rhinolophus ferrumequinum,0.021,0.021,-1,Echolocation,/mnt/ubna_data_01_mir/recover-20220825/UBNA_002/20220823_033000.WAV,Telephone Field,recover-20220825,002,1795
1.6515,1.6603,26328,36007,Eptesicus serotinus,0.008,0.021,-1,Echolocation,/mnt/ubna_data_01_mir/recover-20220825/UBNA_002/20220823_033000.WAV,Telephone Field,recover-20220825,002,1795
1.6595,1.668,28906,37523,Eptesicus serotinus,0.008,0.022,-1,Echolocation,/mnt/ubna_data_01_mir/recover-20220825/UBNA_002/20220823_033000.WAV,Telephone Field,recover-20220825,002,1795
1.6865,1.698,22031,26049,Nyctalus leisleri,0.011,0.021,-1,Echolocation,/mnt/ubna_data_01_mir/recover-20220825/UBNA_002/20220823_033000.WAV,Telephone Field,recover-20220825,002,1795
1.7275,1.7639,68437,82209,Rhinolophus ferrumequinum,0.021,0.021,-1,Echolocation,/mnt/ubna_data_01_mir/recover-20220825/UBNA_002/20220823_033000.WAV,Telephone Field,recover-20220825,002,1795
1.7375,1.7499,31484,37383,Eptesicus serotinus,0.007,0.021,-1,Echolocation,/mnt/ubna_data_01_mir/recover-20220825/UBNA_002/20220823_033000.WAV,Telephone Field,recover-20220825,002,1795
1.7435,1.7508,28046,38216,Eptesicus serotinus,0.006,0.021,-1,Echolocation,/mnt/ubna_data_01_mir/recover-20220825/UBNA_002/20220823_033000.WAV,Telephone Field,recover-20220825,002,1795
1.7905,1.8333,68437,83158,Rhinolophus ferrumequinum,0.03,0.03,-1,Echolocation,/mnt/ubna_data_01_mir/recover-20220825/UBNA_002/20220823_033000.WAV,Telephone Field,recover-20220825,002,1795
1.7925,1.8075,53828,57923,Pipistrellus pygmaeus,0.024,0.027,-1,Echolocation,/mnt/ubna_data_01_mir/recover-20220825/UBNA_002/20220823_033000.WAV,Telephone Field,recover-20220825,002,1795
1.7965,1.8042,26328,40214,Eptesicus serotinus,0.007,0.022,-1,Echolocation,/mnt/ubna_data_01_mir/recover-20220825/UBNA_002/20220823_033000.WAV,Telephone Field,recover-20220825,002,1795
1.8265,1.8659,68437,82794,Rhinolophus ferrumequinum,0.024,0.024,-1,Echolocation,/mnt/ubna_data_01_mir/recover-20220825/UBNA_002/20220823_033000.WAV,Telephone Field,recover-20220825,002,1795
1.8355,1.8486,28906,34788,Eptesicus serotinus,0.02,0.034,-1,Echolocation,/mnt/ubna_data_01_mir/recover-20220825/UBNA_002/20220823_033000.WAV,Telephone Field,recover-20220825,002,1795
1.8605,1.8998,68437,82366,Rhinolophus ferrumequinum,0.022,0.022,-1,Echolocation,/mnt/ubna_data_01_mir/recover-20220825/UBNA_002/20220823_033000.WAV,Telephone Field,recover-20220825,002,1795
1.8645,1.8721,23750,33000,Plecotus austriacus,0.014,0.03,-1,Echolocation,/mnt/ubna_data_01_mir/recover-20220825/UBNA_002/20220823_033000.WAV,Telephone Field,recover-20220825,002,1795
1.8695,1.9056,68437,82086,Rhinolophus ferrumequinum,0.021,0.021,-1,Echolocation,/mnt/ubna_data_01_mir/recover-20220825/UBNA_002/20220823_033000.WAV,Telephone Field,recover-20220825,002,1795
1.9035,1.9411,68437,81952,Rhinolophus ferrumequinum,0.021,0.021,-1,Echolocation,/mnt/ubna_data_01_mir/recover-20220825/UBNA_002/20220823_033000.WAV,Telephone Field,recover-20220825,002,1795
1.9085,1.9476,68437,82145,Rhinolophus ferrumequinum,0.02,0.021,-1,Echolocation,/mnt/ubna_data_01_mir/recover-20220825/UBNA_002/20220823_033000.WAV,Telephone Field,recover-20220825,002,1795
1.9185,1.9263,28046,41585,Eptesicus serotinus,0.008,0.024,-1,Echolocation,/mnt/ubna_data_01_mir/recover-20220825/UBNA_002/20220823_033000.WAV,Telephone Field,recover-20220825,002,1795
2.0015,2.016,18593,23312,Nyctalus noctula,0.017,0.035,-1,Echolocation,/mnt/ubna_data_01_mir/recover-20220825/UBNA_002/20220823_033000.WAV,Telephone Field,recover-20220825,002,1795
2.0015,2.0336,71015,83819,Rhinolophus ferrumequinum,0.046,0.046,-1,Echolocation,/mnt/ubna_data_01_mir/recover-20220825/UBNA_002/20220823_033000.WAV,Telephone Field,recover-20220825,002,1795
2.0015,2.01,22890,29316,Nyctalus leisleri,0.013,0.035,-1,Echolocation,/mnt/ubna_data_01_mir/recover-20220825/UBNA_002/20220823_033000.WAV,Telephone Field,recover-20220825,002,1795
2.0015,2.0153,51250,56096,Pipistrellus pygmaeus,0.016,0.029,-1,Echolocation,/mnt/ubna_data_01_mir/recover-20220825/UBNA_002/20220823_033000.WAV,Telephone Field,recover-20220825,002,1795
2.0345,2.0725,68437,82207,Rhinolophus ferrumequinum,0.029,0.029,-1,Echolocation,/mnt/ubna_data_01_mir/recover-20220825/UBNA_002/20220823_033000.WAV,Telephone Field,recover-20220825,002,1795
2.0575,2.0682,22031,26743,Nyctalus leisleri,0.011,0.023,-1,Echolocation,/mnt/ubna_data_01_mir/recover-20220825/UBNA_002/20220823_033000.WAV,Telephone Field,recover-20220825,002,1795
2.0675,2.1034,68437,81517,Rhinolophus ferrumequinum,0.02,0.02,-1,Echolocation,/mnt/ubna_data_01_mir/recover-20220825/UBNA_002/20220823_033000.WAV,Telephone Field,recover-20220825,002,1795
2.0765,2.0865,28906,36216,Eptesicus serotinus,0.01,0.023,-1,Echolocation,/mnt/ubna_data_01_mir/recover-20220825/UBNA_002/20220823_033000.WAV,Telephone Field,recover-20220825,002,1795
2.0825,2.1211,68437,81688,Rhinolophus ferrumequinum,0.02,0.02,-1,Echolocation,/mnt/ubna_data_01_mir/recover-20220825/UBNA_002/20220823_033000.WAV,Telephone Field,recover-20220825,002,1795
2.1085,2.1418,68437,81124,Rhinolophus ferrumequinum,0.021,0.021,-1,Echolocation,/mnt/ubna_data_01_mir/recover-20220825/UBNA_002/20220823_033000.WAV,Telephone Field,recover-20220825,002,1795
2.1265,2.158,68437,80300,Rhinolophus ferrumequinum,0.021,0.021,-1,Echolocation,/mnt/ubna_data_01_mir/recover-20220825/UBNA_002/20220823_033000.WAV,Telephone Field,recover-20220825,002,1795
2.1745,2.2178,68437,83357,Rhinolophus ferrumequinum,0.026,0.027,-1,Echolocation,/mnt/ubna_data_01_mir/recover-20220825/UBNA_002/20220823_033000.WAV,Telephone Field,recover-20220825,002,1795
2.1995,2.2382,68437,82156,Rhinolophus ferrumequinum,0.022,0.022,-1,Echolocation,/mnt/ubna_data_01_mir/recover-20220825/UBNA_002/20220823_033000.WAV,Telephone Field,recover-20220825,002,1795
2.2105,2.22,28046,37021,Eptesicus serotinus,0.012,0.026,-1,Echolocation,/mnt/ubna_data_01_mir/recover-20220825/UBNA_002/20220823_033000.WAV,Telephone Field,recover-20220825,002,1795
2.2265,2.2645,68437,81563,Rhinolophus ferrumequinum,0.021,0.021,-1,Echolocation,/mnt/ubna_data_01_mir/recover-20220825/UBNA_002/20220823_033000.WAV,Telephone Field,recover-20220825,002,1795
2.2595,2.2988,68437,82480,Rhinolophus ferrumequinum,0.021,0.021,-1,Echolocation,/mnt/ubna_data_01_mir/recover-20220825/UBNA_002/20220823_033000.WAV,Telephone Field,recover-20220825,002,1795
2.2665,2.3086,68437,82941,Rhinolophus ferrumequinum,0.022,0.022,-1,Echolocation,/mnt/ubna_data_01_mir/recover-20220825/UBNA_002/20220823_033000.WAV,Telephone Field,recover-20220825,002,1795
2.2855,2.2945,55546,60213,Pipistrellus pygmaeus,0.024,0.024,-1,Echolocation,/mnt/ubna_data_01_mir/recover-20220825/UBNA_002/20220823_033000.WAV,Telephone Field,recover-20220825,002,1795
2.3015,2.338,68437,81926,Rhinolophus ferrumequinum,0.022,0.022,-1,Echolocation,/mnt/ubna_data_01_mir/recover-20220825/UBNA_002/20220823_033000.WAV,Telephone Field,recover-20220825,002,1795
2.3395,2.3458,26328,40660,Myotis nattereri,0.004,0.021,-1,Echolocation,/mnt/ubna_data_01_mir/recover-20220825/UBNA_002/20220823_033000.WAV,Telephone Field,recover-20220825,002,1795
2.3665,2.3719,38359,53295,Myotis bechsteinii,0.006,0.023,-1,Echolocation,/mnt/ubna_data_01_mir/recover-20220825/UBNA_002/20220823_033000.WAV,Telephone Field,recover-20220825,002,1795
2.3685,2.4066,68437,81979,Rhinolophus ferrumequinum,0.022,0.022,-1,Echolocation,/mnt/ubna_data_01_mir/recover-20220825/UBNA_002/20220823_033000.WAV,Telephone Field,recover-20220825,002,1795
2.3735,2.3799,26328,41334,Eptesicus serotinus,0.004,0.02,-1,Echolocation,/mnt/ubna_data_01_mir/recover-20220825/UBNA_002/20220823_033000.WAV,Telephone Field,recover-20220825,002,1795
2.4015,2.4134,26328,32363,Nyctalus leisleri,0.013,0.031,-1,Echolocation,/mnt/ubna_data_01_mir/recover-20220825/UBNA_002/20220823_033000.WAV,Telephone Field,recover-20220825,002,1795
2.4345,2.4413,23750,33075,Plecotus austriacus,0.014,0.028,-1,Echolocation,/mnt/ubna_data_01_mir/recover-20220825/UBNA_002/20220823_033000.WAV,Telephone Field,recover-20220825,002,1795
2.4545,2.4877,68437,81013,Rhinolophus ferrumequinum,0.021,0.021,-1,Echolocation,/mnt/ubna_data_01_mir/recover-20220825/UBNA_002/20220823_033000.WAV,Telephone Field,recover-20220825,002,1795
2.4735,2.4844,27187,33305,Eptesicus serotinus,0.01,0.021,-1,Echolocation,/mnt/ubna_data_01_mir/recover-20220825/UBNA_002/20220823_033000.WAV,Telephone Field,recover-20220825,002,1795
2.4765,2.5124,68437,81708,Rhinolophus ferrumequinum,0.024,0.024,-1,Echolocation,/mnt/ubna_data_01_mir/recover-20220825/UBNA_002/20220823_033000.WAV,Telephone Field,recover-20220825,002,1795
2.4905,2.4969,28906,41107,Eptesicus serotinus,0.006,0.026,-1,Echolocation,/mnt/ubna_data_01_mir/recover-20220825/UBNA_002/20220823_033000.WAV,Telephone Field,recover-20220825,002,1795
2.5495,2.5867,68437,81980,Rhinolophus ferrumequinum,0.02,0.02,-1,Echolocation,/mnt/ubna_data_01_mir/recover-20220825/UBNA_002/20220823_033000.WAV,Telephone Field,recover-20220825,002,1795
2.5985,2.637,68437,81190,Rhinolophus ferrumequinum,0.02,0.021,-1,Echolocation,/mnt/ubna_data_01_mir/recover-20220825/UBNA_002/20220823_033000.WAV,Telephone Field,recover-20220825,002,1795
2.6095,2.6418,68437,81087,Rhinolophus ferrumequinum,0.022,0.022,-1,Echolocation,/mnt/ubna_data_01_mir/recover-20220825/UBNA_002/20220823_033000.WAV,Telephone Field,recover-20220825,002,1795
2.6315,2.6412,22890,29590,Nyctalus leisleri,0.008,0.028,-1,Echolocation,/mnt/ubna_data_01_mir/recover-20220825/UBNA_002/20220823_033000.WAV,Telephone Field,recover-20220825,002,1795
2.6415,2.6491,28906,39225,Eptesicus serotinus,0.006,0.02,-1,Echolocation,/mnt/ubna_data_01_mir/recover-20220825/UBNA_002/20220823_033000.WAV,Telephone Field,recover-20220825,002,1795
2.6875,2.6961,28046,41279,Eptesicus serotinus,0.007,0.021,-1,Echolocation,/mnt/ubna_data_01_mir/recover-20220825/UBNA_002/20220823_033000.WAV,Telephone Field,recover-20220825,002,1795
2.7245,2.7317,26328,39199,Myotis nattereri,0.004,0.021,-1,Echolocation,/mnt/ubna_data_01_mir/recover-20220825/UBNA_002/20220823_033000.WAV,Telephone Field,recover-20220825,002,1795
2.7365,2.7754,68437,82618,Rhinolophus ferrumequinum,0.021,0.021,-1,Echolocation,/mnt/ubna_data_01_mir/recover-20220825/UBNA_002/20220823_033000.WAV,Telephone Field,recover-20220825,002,1795
2.7555,2.7632,25468,34515,Eptesicus serotinus,0.006,0.022,-1,Echolocation,/mnt/ubna_data_01_mir/recover-20220825/UBNA_002/20220823_033000.WAV,Telephone Field,recover-20220825,002,1795
2.7655,2.8038,68437,82301,Rhinolophus ferrumequinum,0.026,0.027,-1,Echolocation,/mnt/ubna_data_01_mir/recover-20220825/UBNA_002/20220823_033000.WAV,Telephone Field,recover-20220825,002,1795
2.7795,2.7881,26328,35337,Eptesicus serotinus,0.012,0.032,-1,Echolocation,/mnt/ubna_data_01_mir/recover-20220825/UBNA_002/20220823_033000.WAV,Telephone Field,recover-20220825,002,1795
2.7935,2.8339,68437,82658,Rhinolophus ferrumequinum,0.039,0.039,-1,Echolocation,/mnt/ubna_data_01_mir/recover-20220825/UBNA_002/20220823_033000.WAV,Telephone Field,recover-20220825,002,1795
2.7955,2.8057,28046,40310,Eptesicus serotinus,0.009,0.021,-1,Echolocation,/mnt/ubna_data_01_mir/recover-20220825/UBNA_002/20220823_033000.WAV,Telephone Field,recover-20220825,002,1795
2.8275,2.8346,27187,39785,Eptesicus serotinus,0.007,0.023,-1,Echolocation,/mnt/ubna_data_01_mir/recover-20220825/UBNA_002/20220823_033000.WAV,Telephone Field,recover-20220825,002,1795
2.8355,2.8738,68437,82610,Rhinolophus ferrumequinum,0.026,0.026,-1,Echolocation,/mnt/ubna_data_01_mir/recover-20220825/UBNA_002/20220823_033000.WAV,Telephone Field,recover-20220825,002,1795
2.9635,2.9725,24609,33035,Eptesicus serotinus,0.006,0.02,-1,Echolocation,/mnt/ubna_data_01_mir/recover-20220825/UBNA_002/20220823_033000.WAV,Telephone Field,recover-20220825,002,1795
2.9695,3.0096,68437,83071,Rhinolophus ferrumequinum,0.037,0.037,-1,Echolocation,/mnt/ubna_data_01_mir/recover-20220825/UBNA_002/20220823_033000.WAV,Telephone Field,recover-20220825,002,1795
2.9715,2.9785,25468,34897,Plecotus austriacus,0.006,0.022,-1,Echolocation,/mnt/ubna_data_01_mir/recover-20220825/UBNA_002/20220823_033000.WAV,Telephone Field,recover-20220825,002,1795
3.0035,3.0456,68437,82768,Rhinolophus ferrumequinum,0.029,0.029,-1,Echolocation,/mnt/ubna_data_01_mir/recover-20220825/UBNA_002/20220823_033000.WAV,Telephone Field,recover-20220825,002,1795
3.0045,3.0143,22031,26616,Nyctalus leisleri,0.009,0.02,-1,Echolocation,/mnt/ubna_data_01_mir/recover-20220825/UBNA_002/20220823_033000.WAV,Telephone Field,recover-20220825,002,1795
3.0185,3.0551,68437,81799,Rhinolophus ferrumequinum,0.02,0.02,-1,Echolocation,/mnt/ubna_data_01_mir/recover-20220825/UBNA_002/20220823_033000.WAV,Telephone Field,recover-20220825,002,1795
3.0185,3.0285,27187,35645,Eptesicus serotinus,0.011,0.024,-1,Echolocation,/mnt/ubna_data_01_mir/recover-20220825/UBNA_002/20220823_033000.WAV,Telephone Field,recover-20220825,002,1795
3.0365,3.0462,28046,36123,Eptesicus serotinus,0.009,0.021,-1,Echolocation,/mnt/ubna_data_01_mir/recover-20220825/UBNA_002/20220823_033000.WAV,Telephone Field,recover-20220825,002,1795
3.0665,3.1076,68437,83114,Rhinolophus ferrumequinum,0.026,0.026,-1,Echolocation,/mnt/ubna_data_01_mir/recover-20220825/UBNA_002/20220823_033000.WAV,Telephone Field,recover-20220825,002,1795
3.0785,3.0848,24609,37505,Plecotus austriacus,0.015,0.036,-1,Echolocation,/mnt/ubna_data_01_mir/recover-20220825/UBNA_002/20220823_033000.WAV,Telephone Field,recover-20220825,002,1795
3.0935,3.1275,68437,81424,Rhinolophus ferrumequinum,0.025,0.025,-1,Echolocation,/mnt/ubna_data_01_mir/recover-20220825/UBNA_002/20220823_033000.WAV,Telephone Field,recover-20220825,002,1795
3.0995,3.1124,39218,42673,Pipistrellus nathusii,0.111,0.121,-1,Echolocation,/mnt/ubna_data_01_mir/recover-20220825/UBNA_002/20220823_033000.WAV,Telephone Field,recover-20220825,002,1795
3.1095,3.1458,68437,81714,Rhinolophus ferrumequinum,0.02,0.02,-1,Echolocation,/mnt/ubna_data_01_mir/recover-20220825/UBNA_002/20220823_033000.WAV,Telephone Field,recover-20220825,002,1795
3.1195,3.1537,68437,81335,Rhinolophus ferrumequinum,0.022,0.022,-1,Echolocation,/mnt/ubna_data_01_mir/recover-20220825/UBNA_002/20220823_033000.WAV,Telephone Field,recover-20220825,002,1795
3.1385,3.148,28046,36418,Eptesicus serotinus,0.007,0.02,-1,Echolocation,/mnt/ubna_data_01_mir/recover-20220825/UBNA_002/20220823_033000.WAV,Telephone Field,recover-20220825,002,1795
3.1695,3.1777,27187,38401,Eptesicus serotinus,0.007,0.02,-1,Echolocation,/mnt/ubna_data_01_mir/recover-20220825/UBNA_002/20220823_033000.WAV,Telephone Field,recover-20220825,002,1795
3.1955,3.2365,68437,82713,Rhinolophus ferrumequinum,0.025,0.025,-1,Echolocation,/mnt/ubna_data_01_mir/recover-20220825/UBNA_002/20220823_033000.WAV,Telephone Field,recover-20220825,002,1795
3.2025,3.2393,68437,81789,Rhinolophus ferrumequinum,0.021,0.021,-1,Echolocation,/mnt/ubna_data_01_mir/recover-20220825/UBNA_002/20220823_033000.WAV,Telephone Field,recover-20220825,002,1795
3.2335,3.2406,27187,40677,Eptesicus serotinus,0.008,0.026,-1,Echolocation,/mnt/ubna_data_01_mir/recover-20220825/UBNA_002/20220823_033000.WAV,Telephone Field,recover-20220825,002,1795
3.2675,3.2754,24609,34937,Plecotus austriacus,0.008,0.025,-1,Echolocation,/mnt/ubna_data_01_mir/recover-20220825/UBNA_002/20220823_033000.WAV,Telephone Field,recover-20220825,002,1795
3.2835,3.3236,68437,82080,Rhinolophus ferrumequinum,0.021,0.021,-1,Echolocation,/mnt/ubna_data_01_mir/recover-20220825/UBNA_002/20220823_033000.WAV,Telephone Field,recover-20220825,002,1795
3.3115,3.345,68437,80121,Rhinolophus ferrumequinum,0.022,0.022,-1,Echolocation,/mnt/ubna_data_01_mir/recover-20220825/UBNA_002/20220823_033000.WAV,Telephone Field,recover-20220825,002,1795
3.3185,3.3533,68437,81611,Rhinolophus ferrumequinum,0.02,0.02,-1,Echolocation,/mnt/ubna_data_01_mir/recover-20220825/UBNA_002/20220823_033000.WAV,Telephone Field,recover-20220825,002,1795
3.3335,3.339,36640,64589,Myotis brandtii,0.007,0.025,-1,Echolocation,/mnt/ubna_data_01_mir/recover-20220825/UBNA_002/20220823_033000.WAV,Telephone Field,recover-20220825,002,1795
3.3335,3.3767,68437,83433,Rhinolophus ferrumequinum,0.03,0.03,-1,Echolocation,/mnt/ubna_data_01_mir/recover-20220825/UBNA_002/20220823_033000.WAV,Telephone Field,recover-20220825,002,1795
3.3415,3.3788,68437,82864,Rhinolophus ferrumequinum,0.023,0.023,-1,Echolocation,/mnt/ubna_data_01_mir/recover-20220825/UBNA_002/20220823_033000.WAV,Telephone Field,recover-20220825,002,1795
3.3745,3.3891,22890,27055,Nyctalus leisleri,0.031,0.055,-1,Echolocation,/mnt/ubna_data_01_mir/recover-20220825/UBNA_002/20220823_033000.WAV,Telephone Field,recover-20220825,002,1795
3.3895,3.4012,23750,29249,Nyctalus leisleri,0.014,0.031,-1,Echolocation,/mnt/ubna_data_01_mir/recover-20220825/UBNA_002/20220823_033000.WAV,Telephone Field,recover-20220825,002,1795
3.4085,3.445,68437,81944,Rhinolophus ferrumequinum,0.02,0.02,-1,Echolocation,/mnt/ubna_data_01_mir/recover-20220825/UBNA_002/20220823_033000.WAV,Telephone Field,recover-20220825,002,1795
3.4165,3.4407,16875,19569,Nyctalus noctula,0.043,0.066,-1,Echolocation,/mnt/ubna_data_01_mir/recover-20220825/UBNA_002/20220823_033000.WAV,Telephone Field,recover-20220825,002,1795
3.4185,3.4581,68437,82123,Rhinolophus ferrumequinum,0.021,0.021,-1,Echolocation,/mnt/ubna_data_01_mir/recover-20220825/UBNA_002/20220823_033000.WAV,Telephone Field,recover-20220825,002,1795
3.4555,3.4631,27187,40048,Eptesicus serotinus,0.007,0.022,-1,Echolocation,/mnt/ubna_data_01_mir/recover-20220825/UBNA_002/20220823_033000.WAV,Telephone Field,recover-20220825,002,1795
3.4995,3.5414,68437,82731,Rhinolophus ferrumequinum,0.024,0.024,-1,Echolocation,/mnt/ubna_data_01_mir/recover-20220825/UBNA_002/20220823_033000.WAV,Telephone Field,recover-20220825,002,1795
3.5065,3.5141,22890,31063,Plecotus austriacus,0.009,0.021,-1,Echolocation,/mnt/ubna_data_01_mir/recover-20220825/UBNA_002/20220823_033000.WAV,Telephone Field,recover-20220825,002,1795
3.5405,3.5763,68437,81182,Rhinolophus ferrumequinum,0.023,0.023,-1,Echolocation,/mnt/ubna_data_01_mir/recover-20220825/UBNA_002/20220823_033000.WAV,Telephone Field,recover-20220825,002,1795
3.5515,3.5889,68437,81494,Rhinolophus ferrumequinum,0.022,0.022,-1,Echolocation,/mnt/ubna_data_01_mir/recover-20220825/UBNA_002/20220823_033000.WAV,Telephone Field,recover-20220825,002,1795
3.5575,3.5957,68437,82148,Rhinolophus ferrumequinum,0.022,0.022,-1,Echolocation,/mnt/ubna_data_01_mir/recover-20220825/UBNA_002/20220823_033000.WAV,Telephone Field,recover-20220825,002,1795
3.5625,3.5725,22890,28602,Nyctalus leisleri,0.012,0.027,-1,Echolocation,/mnt/ubna_data_01_mir/recover-20220825/UBNA_002/20220823_033000.WAV,Telephone Field,recover-20220825,002,1795
3.6075,3.6442,68437,81800,Rhinolophus ferrumequinum,0.02,0.02,-1,Echolocation,/mnt/ubna_data_01_mir/recover-20220825/UBNA_002/20220823_033000.WAV,Telephone Field,recover-20220825,002,1795
3.6205,3.6587,68437,82134,Rhinolophus ferrumequinum,0.02,0.02,-1,Echolocation,/mnt/ubna_data_01_mir/recover-20220825/UBNA_002/20220823_033000.WAV,Telephone Field,recover-20220825,002,1795
3.6265,3.6347,40078,47657,Myotis daubentonii,0.005,0.021,-1,Echolocation,/mnt/ubna_data_01_mir/recover-20220825/UBNA_002/20220823_033000.WAV,Telephone Field,recover-20220825,002,1795
3.6295,3.6407,23750,27554,Nyctalus leisleri,0.013,0.022,-1,Echolocation,/mnt/ubna_data_01_mir/recover-20220825/UBNA_002/20220823_033000.WAV,Telephone Field,recover-20220825,002,1795
3.6595,3.6994,68437,82086,Rhinolophus ferrumequinum,0.022,0.022,-1,Echolocation,/mnt/ubna_data_01_mir/recover-20220825/UBNA_002/20220823_033000.WAV,Telephone Field,recover-20220825,002,1795
3.6615,3.6759,21171,24388,Nyctalus leisleri,0.013,0.02,-1,Echolocation,/mnt/ubna_data_01_mir/recover-20220825/UBNA_002/20220823_033000.WAV,Telephone Field,recover-20220825,002,1795
3.7215,3.7305,23750,31381,Nyctalus leisleri,0.006,0.021,-1,Echolocation,/mnt/ubna_data_01_mir/recover-20220825/UBNA_002/20220823_033000.WAV,Telephone Field,recover-20220825,002,1795
3.7285,3.7691,68437,82907,Rhinolophus ferrumequinum,0.025,0.025,-1,Echolocation,/mnt/ubna_data_01_mir/recover-20220825/UBNA_002/20220823_033000.WAV,Telephone Field,recover-20220825,002,1795
3.7475,3.7547,27187,38729,Eptesicus serotinus,0.006,0.02,-1,Echolocation,/mnt/ubna_data_01_mir/recover-20220825/UBNA_002/20220823_033000.WAV,Telephone Field,recover-20220825,002,1795
3.7515,3.7881,68437,82039,Rhinolophus ferrumequinum,0.02,0.02,-1,Echolocation,/mnt/ubna_data_01_mir/recover-20220825/UBNA_002/20220823_033000.WAV,Telephone Field,recover-20220825,002,1795
3.7645,3.7707,24609,35798,Plecotus austriacus,0.02,0.046,-1,Echolocation,/mnt/ubna_data_01_mir/recover-20220825/UBNA_002/20220823_033000.WAV,Telephone Field,recover-20220825,002,1795
3.7745,3.8132,68437,82504,Rhinolophus ferrumequinum,0.02,0.02,-1,Echolocation,/mnt/ubna_data_01_mir/recover-20220825/UBNA_002/20220823_033000.WAV,Telephone Field,recover-20220825,002,1795
3.8035,3.8103,27187,40533,Eptesicus serotinus,0.006,0.022,-1,Echolocation,/mnt/ubna_data_01_mir/recover-20220825/UBNA_002/20220823_033000.WAV,Telephone Field,recover-20220825,002,1795
3.8115,3.8468,68437,81707,Rhinolophus ferrumequinum,0.021,0.021,-1,Echolocation,/mnt/ubna_data_01_mir/recover-20220825/UBNA_002/20220823_033000.WAV,Telephone Field,recover-20220825,002,1795
3.8875,3.9222,68437,81543,Rhinolophus ferrumequinum,0.021,0.021,-1,Echolocation,/mnt/ubna_data_01_mir/recover-20220825/UBNA_002/20220823_033000.WAV,Telephone Field,recover-20220825,002,1795
3.8945,3.931,68437,81242,Rhinolophus ferrumequinum,0.021,0.021,-1,Echolocation,/mnt/ubna_data_01_mir/recover-20220825/UBNA_002/20220823_033000.WAV,Telephone Field,recover-20220825,002,1795
3.9225,3.9595,68437,81506,Rhinolophus ferrumequinum,0.02,0.02,-1,Echolocation,/mnt/ubna_data_01_mir/recover-20220825/UBNA_002/20220823_033000.WAV,Telephone Field,recover-20220825,002,1795
3.9245,3.9337,28046,38803,Eptesicus serotinus,0.008,0.02,-1,Echolocation,/mnt/ubna_data_01_mir/recover-20220825/UBNA_002/20220823_033000.WAV,Telephone Field,recover-20220825,002,1795
3.9525,3.9612,27187,39919,Eptesicus serotinus,0.008,0.02,-1,Echolocation,/mnt/ubna_data_01_mir/recover-20220825/UBNA_002/20220823_033000.WAV,Telephone Field,recover-20220825,002,1795
3.9775,3.9854,24609,32828,Plecotus austriacus,0.006,0.02,-1,Echolocation,/mnt/ubna_data_01_mir/recover-20220825/UBNA_002/20220823_033000.WAV,Telephone Field,recover-20220825,002,1795
4.0015,4.0315,68437,79654,Rhinolophus ferrumequinum,0.029,0.029,-1,Echolocation,/mnt/ubna_data_01_mir/recover-20220825/UBNA_002/20220823_033000.WAV,Telephone Field,recover-20220825,002,1795
4.0015,4.0102,24609,31627,Nyctalus leisleri,0.016,0.039,-1,Echolocation,/mnt/ubna_data_01_mir/recover-20220825/UBNA_002/20220823_033000.WAV,Telephone Field,recover-20220825,002,1795
4.0235,4.0617,68437,82308,Rhinolophus ferrumequinum,0.022,0.022,-1,Echolocation,/mnt/ubna_data_01_mir/recover-20220825/UBNA_002/20220823_033000.WAV,Telephone Field,recover-20220825,002,1795
4.0765,4.0844,28906,37686,Eptesicus serotinus,0.007,0.021,-1,Echolocation,/mnt/ubna_data_01_mir/recover-20220825/UBNA_002/20220823_033000.WAV,Telephone Field,recover-20220825,002,1795
4.0965,4.1394,68437,82894,Rhinolophus ferrumequinum,0.023,0.023,-1,Echolocation,/mnt/ubna_data_01_mir/recover-20220825/UBNA_002/20220823_033000.WAV,Telephone Field,recover-20220825,002,1795
4.1175,4.1561,68437,82706,Rhinolophus ferrumequinum,0.023,0.023,-1,Echolocation,/mnt/ubna_data_01_mir/recover-20220825/UBNA_002/20220823_033000.WAV,Telephone Field,recover-20220825,002,1795
4.1415,4.1789,68437,81186,Rhinolophus ferrumequinum,0.023,0.023,-1,Echolocation,/mnt/ubna_data_01_mir/recover-20220825/UBNA_002/20220823_033000.WAV,Telephone Field,recover-20220825,002,1795
4.1875,4.2294,68437,83127,Rhinolophus ferrumequinum,0.03,0.03,-1,Echolocation,/mnt/ubna_data_01_mir/recover-20220825/UBNA_002/20220823_033000.WAV,Telephone Field,recover-20220825,002,1795
4.2175,4.2306,55546,59963,Pipistrellus pygmaeus,0.04,0.043,-1,Echolocation,/mnt/ubna_data_01_mir/recover-20220825/UBNA_002/20220823_033000.WAV,Telephone Field,recover-20220825,002,1795
4.2205,4.2597,68437,82453,Rhinolophus ferrumequinum,0.023,0.023,-1,Echolocation,/mnt/ubna_data_01_mir/recover-20220825/UBNA_002/20220823_033000.WAV,Telephone Field,recover-20220825,002,1795
4.2505,4.2586,23750,31765,Plecotus austriacus,0.01,0.025,-1,Echolocation,/mnt/ubna_data_01_mir/recover-20220825/UBNA_002/20220823_033000.WAV,Telephone Field,recover-20220825,002,1795
4.2945,4.332,68437,82574,Rhinolophus ferrumequinum,0.028,0.028,-1,Echolocation,/mnt/ubna_data_01_mir/recover-20220825/UBNA_002/20220823_033000.WAV,Telephone Field,recover-20220825,002,1795
4.2965,4.303,23750,34799,Plecotus austriacus,0.021,0.043,-1,Echolocation,/mnt/ubna_data_01_mir/recover-20220825/UBNA_002/20220823_033000.WAV,Telephone Field,recover-20220825,002,1795
4.3385,4.3769,68437,82012,Rhinolophus ferrumequinum,0.025,0.026,-1,Echolocation,/mnt/ubna_data_01_mir/recover-20220825/UBNA_002/20220823_033000.WAV,Telephone Field,recover-20220825,002,1795
4.3395,4.3473,23750,32892,Plecotus austriacus,0.015,0.035,-1,Echolocation,/mnt/ubna_data_01_mir/recover-20220825/UBNA_002/20220823_033000.WAV,Telephone Field,recover-20220825,002,1795
4.3555,4.3918,68437,82324,Rhinolophus ferrumequinum,0.025,0.025,-1,Echolocation,/mnt/ubna_data_01_mir/recover-20220825/UBNA_002/20220823_033000.WAV,Telephone Field,recover-20220825,002,1795
4.3875,4.397,22890,29581,Plecotus austriacus,0.007,0.022,-1,Echolocation,/mnt/ubna_data_01_mir/recover-20220825/UBNA_002/20220823_033000.WAV,Telephone Field,recover-20220825,002,1795
4.4585,4.4696,14296,20480,Nyctalus noctula,0.016,0.027,-1,Echolocation,/mnt/ubna_data_01_mir/recover-20220825/UBNA_002/20220823_033000.WAV,Telephone Field,recover-20220825,002,1795
4.4735,4.5113,68437,82306,Rhinolophus ferrumequinum,0.023,0.023,-1,Echolocation,/mnt/ubna_data_01_mir/recover-20220825/UBNA_002/20220823_033000.WAV,Telephone Field,recover-20220825,002,1795
4.4875,4.5284,68437,82917,Rhinolophus ferrumequinum,0.023,0.023,-1,Echolocation,/mnt/ubna_data_01_mir/recover-20220825/UBNA_002/20220823_033000.WAV,Telephone Field,recover-20220825,002,1795
4.5025,4.5086,24609,36426,Plecotus austriacus,0.018,0.039,-1,Echolocation,/mnt/ubna_data_01_mir/recover-20220825/UBNA_002/20220823_033000.WAV,Telephone Field,recover-20220825,002,1795
4.5335,4.5725,68437,81698,Rhinolophus ferrumequinum,0.022,0.022,-1,Echolocation,/mnt/ubna_data_01_mir/recover-20220825/UBNA_002/20220823_033000.WAV,Telephone Field,recover-20220825,002,1795
4.5795,4.5867,28046,42787,Eptesicus serotinus,0.007,0.024,-1,Echolocation,/mnt/ubna_data_01_mir/recover-20220825/UBNA_002/20220823_033000.WAV,Telephone Field,recover-20220825,002,1795
4.6165,4.6241,22031,30464,Plecotus austriacus,0.018,0.031,-1,Echolocation,/mnt/ubna_data_01_mir/recover-20220825/UBNA_002/20220823_033000.WAV,Telephone Field,recover-20220825,002,1795
4.6235,4.6631,68437,81876,Rhinolophus ferrumequinum,0.024,0.024,-1,Echolocation,/mnt/ubna_data_01_mir/recover-20220825/UBNA_002/20220823_033000.WAV,Telephone Field,recover-20220825,002,1795
4.6505,4.6909,68437,82836,Rhinolophus ferrumequinum,0.03,0.03,-1,Echolocation,/mnt/ubna_data_01_mir/recover-20220825/UBNA_002/20220823_033000.WAV,Telephone Field,recover-20220825,002,1795
4.6615,4.6711,28906,37641,Eptesicus serotinus,0.009,0.022,-1,Echolocation,/mnt/ubna_data_01_mir/recover-20220825/UBNA_002/20220823_033000.WAV,Telephone Field,recover-20220825,002,1795
4.6845,4.7218,68437,81873,Rhinolophus ferrumequinum,0.023,0.023,-1,Echolocation,/mnt/ubna_data_01_mir/recover-20220825/UBNA_002/20220823_033000.WAV,Telephone Field,recover-20220825,002,1795
4.7175,4.7263,28906,37090,Eptesicus serotinus,0.008,0.022,-1,Echolocation,/mnt/ubna_data_01_mir/recover-20220825/UBNA_002/20220823_033000.WAV,Telephone Field,recover-20220825,002,1795
4.7485,4.7874,68437,81691,Rhinolophus ferrumequinum,0.022,0.022,-1,Echolocation,/mnt/ubna_data_01_mir/recover-20220825/UBNA_002/20220823_033000.WAV,Telephone Field,recover-20220825,002,1795
4.7555,4.7686,37500,42484,Pipistrellus nathusii,0.015,0.028,-1,Echolocation,/mnt/ubna_data_01_mir/recover-20220825/UBNA_002/20220823_033000.WAV,Telephone Field,recover-20220825,002,1795
4.7605,4.7681,28046,39330,Eptesicus serotinus,0.006,0.024,-1,Echolocation,/mnt/ubna_data_01_mir/recover-20220825/UBNA_002/20220823_033000.WAV,Telephone Field,recover-20220825,002,1795
4.8135,4.8232,28906,36386,Eptesicus serotinus,0.009,0.024,-1,Echolocation,/mnt/ubna_data_01_mir/recover-20220825/UBNA_002/20220823_033000.WAV,Telephone Field,recover-20220825,002,1795
4.8305,4.8387,38359,49638,Pipistrellus nathusii,0.007,0.029,-1,Echolocation,/mnt/ubna_data_01_mir/recover-20220825/UBNA_002/20220823_033000.WAV,Telephone Field,recover-20220825,002,1795
4.8315,4.8706,68437,82796,Rhinolophus ferrumequinum,0.024,0.024,-1,Echolocation,/mnt/ubna_data_01_mir/recover-20220825/UBNA_002/20220823_033000.WAV,Telephone Field,recover-20220825,002,1795
4.8315,4.839,28046,40651,Eptesicus serotinus,0.008,0.026,-1,Echolocation,/mnt/ubna_data_01_mir/recover-20220825/UBNA_002/20220823_033000.WAV,Telephone Field,recover-20220825,002,1795
4.8715,4.9106,68437,82828,Rhinolophus ferrumequinum,0.027,0.027,-1,Echolocation,/mnt/ubna_data_01_mir/recover-20220825/UBNA_002/20220823_033000.WAV,Telephone Field,recover-20220825,002,1795
4.8835,4.9213,68437,82042,Rhinolophus ferrumequinum,0.024,0.024,-1,Echolocation,/mnt/ubna_data_01_mir/recover-20220825/UBNA_002/20220823_033000.WAV,Telephone Field,recover-20220825,002,1795
4.9005,4.9418,68437,82822,Rhinolophus ferrumequinum,0.031,0.031,-1,Echolocation,/mnt/ubna_data_01_mir/recover-20220825/UBNA_002/20220823_033000.WAV,Telephone Field,recover-20220825,002,1795
4.9195,4.926,28906,41294,Eptesicus serotinus,0.012,0.04,-1,Echolocation,/mnt/ubna_data_01_mir/recover-20220825/UBNA_002/20220823_033000.WAV,Telephone Field,recover-20220825,002,1795
4.9345,4.9424,28046,39224,Eptesicus serotinus,0.008,0.024,-1,Echolocation,/mnt/ubna_data_01_mir/recover-20220825/UBNA_002/20220823_033000.WAV,Telephone Field,recover-20220825,002,1795
4.9505,4.9869,68437,81942,Rhinolophus ferrumequinum,0.023,0.023,-1,Echolocation,/mnt/ubna_data_01_mir/recover-20220825/UBNA_002/20220823_033000.WAV,Telephone Field,recover-20220825,002,1795
4.9755,5.0117,68437,82044,Rhinolophus ferrumequinum,0.023,0.023,-1,Echolocation,/mnt/ubna_data_01_mir/recover-20220825/UBNA_002/20220823_033000.WAV,Telephone Field,recover-20220825,002,1795
4.9765,4.9851,34921,41510,Myotis daubentonii,0.007,0.025,-1,Echolocation,/mnt/ubna_data_01_mir/recover-20220825/UBNA_002/20220823_033000.WAV,Telephone Field,recover-20220825,002,1795
4.9775,4.9853,28046,39222,Eptesicus serotinus,0.008,0.023,-1,Echolocation,/mnt/ubna_data_01_mir/recover-20220825/UBNA_002/20220823_033000.WAV,Telephone Field,recover-20220825,002,1795
4.9985,5.0358,68437,81680,Rhinolophus ferrumequinum,0.022,0.022,-1,Echolocation,/mnt/ubna_data_01_mir/recover-20220825/UBNA_002/20220823_033000.WAV,Telephone Field,recover-20220825,002,1795
5.0175,5.0284,22890,27338,Nyctalus leisleri,0.012,0.023,-1,Echolocation,/mnt/ubna_data_01_mir/recover-20220825/UBNA_002/20220823_033000.WAV,Telephone Field,recover-20220825,002,1795
5.0915,5.1259,68437,81059,Rhinolophus ferrumequinum,0.022,0.022,-1,Echolocation,/mnt/ubna_data_01_mir/recover-20220825/UBNA_002/20220823_033000.WAV,Telephone Field,recover-20220825,002,1795
5.1195,5.1276,28046,37674,Eptesicus serotinus,0.008,0.024,-1,Echolocation,/mnt/ubna_data_01_mir/recover-20220825/UBNA_002/20220823_033000.WAV,Telephone Field,recover-20220825,002,1795
5.1485,5.1906,68437,82691,Rhinolophus ferrumequinum,0.023,0.023,-1,Echolocation,/mnt/ubna_data_01_mir/recover-20220825/UBNA_002/20220823_033000.WAV,Telephone Field,recover-20220825,002,1795
5.1525,5.1623,23750,31416,Nyctalus leisleri,0.008,0.023,-1,Echolocation,/mnt/ubna_data_01_mir/recover-20220825/UBNA_002/20220823_033000.WAV,Telephone Field,recover-20220825,002,1795
5.1775,5.2187,68437,82472,Rhinolophus ferrumequinum,0.031,0.031,-1,Echolocation,/mnt/ubna_data_01_mir/recover-20220825/UBNA_002/20220823_033000.WAV,Telephone Field,recover-20220825,002,1795
5.2015,5.2404,68437,81927,Rhinolophus ferrumequinum,0.025,0.025,-1,Echolocation,/mnt/ubna_data_01_mir/recover-20220825/UBNA_002/20220823_033000.WAV,Telephone Field,recover-20220825,002,1795
5.2215,5.2592,68437,81380,Rhinolophus ferrumequinum,0.024,0.024,-1,Echolocation,/mnt/ubna_data_01_mir/recover-20220825/UBNA_002/20220823_033000.WAV,Telephone Field,recover-20220825,002,1795
5.2435,5.254,22890,27878,Nyctalus leisleri,0.01,0.022,-1,Echolocation,/mnt/ubna_data_01_mir/recover-20220825/UBNA_002/20220823_033000.WAV,Telephone Field,recover-20220825,002,1795
5.2685,5.3031,68437,81354,Rhinolophus ferrumequinum,0.022,0.022,-1,Echolocation,/mnt/ubna_data_01_mir/recover-20220825/UBNA_002/20220823_033000.WAV,Telephone Field,recover-20220825,002,1795
5.3205,5.3593,68437,81477,Rhinolophus ferrumequinum,0.022,0.023,-1,Echolocation,/mnt/ubna_data_01_mir/recover-20220825/UBNA_002/20220823_033000.WAV,Telephone Field,recover-20220825,002,1795
5.3215,5.3282,28046,38660,Eptesicus serotinus,0.006,0.024,-1,Echolocation,/mnt/ubna_data_01_mir/recover-20220825/UBNA_002/20220823_033000.WAV,Telephone Field,recover-20220825,002,1795
5.3285,5.3686,68437,82204,Rhinolophus ferrumequinum,0.022,0.022,-1,Echolocation,/mnt/ubna_data_01_mir/recover-20220825/UBNA_002/20220823_033000.WAV,Telephone Field,recover-20220825,002,1795
5.3555,5.3669,42656,46256,Pipistrellus pipistrellus,0.019,0.027,-1,Echolocation,/mnt/ubna_data_01_mir/recover-20220825/UBNA_002/20220823_033000.WAV,Telephone Field,recover-20220825,002,1795
5.3615,5.3704,26328,35157,Eptesicus serotinus,0.009,0.023,-1,Echolocation,/mnt/ubna_data_01_mir/recover-20220825/UBNA_002/20220823_033000.WAV,Telephone Field,recover-20220825,002,1795
5.3935,5.4325,68437,82419,Rhinolophus ferrumequinum,0.022,0.022,-1,Echolocation,/mnt/ubna_data_01_mir/recover-20220825/UBNA_002/20220823_033000.WAV,Telephone Field,recover-20220825,002,1795
5.4055,5.4148,23750,31371,Plecotus austriacus,0.008,0.032,-1,Echolocation,/mnt/ubna_data_01_mir/recover-20220825/UBNA_002/20220823_033000.WAV,Telephone Field,recover-20220825,002,1795
5.4355,5.4588,19453,22688,Nyctalus noctula,0.066,0.113,-1,Echolocation,/mnt/ubna_data_01_mir/recover-20220825/UBNA_002/20220823_033000.WAV,Telephone Field,recover-20220825,002,1795
5.4795,5.516,68437,81704,Rhinolophus ferrumequinum,0.023,0.023,-1,Echolocation,/mnt/ubna_data_01_mir/recover-20220825/UBNA_002/20220823_033000.WAV,Telephone Field,recover-20220825,002,1795
5.4825,5.4901,28046,39301,Eptesicus serotinus,0.007,0.024,-1,Echolocation,/mnt/ubna_data_01_mir/recover-20220825/UBNA_002/20220823_033000.WAV,Telephone Field,recover-20220825,002,1795
5.4965,5.5342,68437,81540,Rhinolophus ferrumequinum,0.021,0.022,-1,Echolocation,/mnt/ubna_data_01_mir/recover-20220825/UBNA_002/20220823_033000.WAV,Telephone Field,recover-20220825,002,1795
5.4965,5.5075,23750,30014,Nyctalus leisleri,0.009,0.023,-1,Echolocation,/mnt/ubna_data_01_mir/recover-20220825/UBNA_002/20220823_033000.WAV,Telephone Field,recover-20220825,002,1795
5.5275,5.568,68437,81748,Rhinolophus ferrumequinum,0.024,0.024,-1,Echolocation,/mnt/ubna_data_01_mir/recover-20220825/UBNA_002/20220823_033000.WAV,Telephone Field,recover-20220825,002,1795
5.5365,5.5473,22890,28711,Nyctalus leisleri,0.01,0.026,-1,Echolocation,/mnt/ubna_data_01_mir/recover-20220825/UBNA_002/20220823_033000.WAV,Telephone Field,recover-20220825,002,1795
5.5485,5.5567,28046,40023,Eptesicus serotinus,0.011,0.025,-1,Echolocation,/mnt/ubna_data_01_mir/recover-20220825/UBNA_002/20220823_033000.WAV,Telephone Field,recover-20220825,002,1795
5.5675,5.5773,22890,29474,Nyctalus leisleri,0.013,0.046,-1,Echolocation,/mnt/ubna_data_01_mir/recover-20220825/UBNA_002/20220823_033000.WAV,Telephone Field,recover-20220825,002,1795
5.5845,5.5956,23750,29598,Nyctalus leisleri,0.011,0.025,-1,Echolocation,/mnt/ubna_data_01_mir/recover-20220825/UBNA_002/20220823_033000.WAV,Telephone Field,recover-20220825,002,1795
5.6005,5.6388,68437,82041,Rhinolophus ferrumequinum,0.023,0.023,-1,Echolocation,/mnt/ubna_data_01_mir/recover-20220825/UBNA_002/20220823_033000.WAV,Telephone Field,recover-20220825,002,1795
5.6095,5.6199,22890,28528,Nyctalus leisleri,0.009,0.023,-1,Echolocation,/mnt/ubna_data_01_mir/recover-20220825/UBNA_002/20220823_033000.WAV,Telephone Field,recover-20220825,002,1795
5.6625,5.6712,24609,32346,Nyctalus leisleri,0.006,0.022,-1,Echolocation,/mnt/ubna_data_01_mir/recover-20220825/UBNA_002/20220823_033000.WAV,Telephone Field,recover-20220825,002,1795
5.6945,5.7327,68437,81915,Rhinolophus ferrumequinum,0.022,0.022,-1,Echolocation,/mnt/ubna_data_01_mir/recover-20220825/UBNA_002/20220823_033000.WAV,Telephone Field,recover-20220825,002,1795
5.6995,5.7398,68437,82132,Rhinolophus ferrumequinum,0.023,0.023,-1,Echolocation,/mnt/ubna_data_01_mir/recover-20220825/UBNA_002/20220823_033000.WAV,Telephone Field,recover-20220825,002,1795
5.7145,5.7225,28046,40854,Eptesicus serotinus,0.007,0.022,-1,Echolocation,/mnt/ubna_data_01_mir/recover-20220825/UBNA_002/20220823_033000.WAV,Telephone Field,recover-20220825,002,1795
5.7215,5.7397,20312,23127,Nyctalus leisleri,0.015,0.026,-1,Echolocation,/mnt/ubna_data_01_mir/recover-20220825/UBNA_002/20220823_033000.WAV,Telephone Field,recover-20220825,002,1795
5.7315,5.7414,22890,28994,Nyctalus leisleri,0.008,0.022,-1,Echolocation,/mnt/ubna_data_01_mir/recover-20220825/UBNA_002/20220823_033000.WAV,Telephone Field,recover-20220825,002,1795
5.7505,5.79,68437,81911,Rhinolophus ferrumequinum,0.022,0.022,-1,Echolocation,/mnt/ubna_data_01_mir/recover-20220825/UBNA_002/20220823_033000.WAV,Telephone Field,recover-20220825,002,1795
5.7555,5.7638,49531,58043,Pipistrellus pipistrellus,0.023,0.026,-1,Echolocation,/mnt/ubna_data_01_mir/recover-20220825/UBNA_002/20220823_033000.WAV,Telephone Field,recover-20220825,002,1795
5.7925,5.8027,25468,31236,Nyctalus leisleri,0.015,0.036,-1,Echolocation,/mnt/ubna_data_01_mir/recover-20220825/UBNA_002/20220823_033000.WAV,Telephone Field,recover-20220825,002,1795
5.8005,5.8437,68437,83568,Rhinolophus ferrumequinum,0.056,0.056,-1,Echolocation,/mnt/ubna_data_01_mir/recover-20220825/UBNA_002/20220823_033000.WAV,Telephone Field,recover-20220825,002,1795
5.8395,5.8786,68437,81893,Rhinolophus ferrumequinum,0.022,0.022,-1,Echolocation,/mnt/ubna_data_01_mir/recover-20220825/UBNA_002/20220823_033000.WAV,Telephone Field,recover-20220825,002,1795
5.8635,5.8729,22890,29354,Nyctalus leisleri,0.008,0.022,-1,Echolocation,/mnt/ubna_data_01_mir/recover-20220825/UBNA_002/20220823_033000.WAV,Telephone Field,recover-20220825,002,1795
5.8685,5.905,68437,81747,Rhinolophus ferrumequinum,0.022,0.022,-1,Echolocation,/mnt/ubna_data_01_mir/recover-20220825/UBNA_002/20220823_033000.WAV,Telephone Field,recover-20220825,002,1795
5.8765,5.8859,28906,36115,Eptesicus serotinus,0.011,0.023,-1,Echolocation,/mnt/ubna_data_01_mir/recover-20220825/UBNA_002/20220823_033000.WAV,Telephone Field,recover-20220825,002,1795
5.9305,5.9379,26328,39204,Eptesicus serotinus,0.006,0.026,-1,Echolocation,/mnt/ubna_data_01_mir/recover-20220825/UBNA_002/20220823_033000.WAV,Telephone Field,recover-20220825,002,1795
5.9305,5.9411,22031,28105,Nyctalus leisleri,0.01,0.025,-1,Echolocation,/mnt/ubna_data_01_mir/recover-20220825/UBNA_002/20220823_033000.WAV,Telephone Field,recover-20220825,002,1795
5.9535,5.9634,24609,31757,Eptesicus serotinus,0.008,0.023,-1,Echolocation,/mnt/ubna_data_01_mir/recover-20220825/UBNA_002/20220823_033000.WAV,Telephone Field,recover-20220825,002,1795
5.9825,5.9931,22890,28011,Nyctalus leisleri,0.012,0.025,-1,Echolocation,/mnt/ubna_data_01_mir/recover-20220825/UBNA_002/20220823_033000.WAV,Telephone Field,recover-20220825,002,1795
6.0015,6.0093,25468,33946,Nyctalus leisleri,0.006,0.023,-1,Echolocation,/mnt/ubna_data_01_mir/recover-20220825/UBNA_002/20220823_033000.WAV,Telephone Field,recover-20220825,002,1795
6.0015,6.0109,20312,25151,Nyctalus leisleri,0.01,0.023,-1,Echolocation,/mnt/ubna_data_01_mir/recover-20220825/UBNA_002/20220823_033000.WAV,Telephone Field,recover-20220825,002,1795
6.0015,6.0355,68437,80438,Rhinolophus ferrumequinum,0.035,0.036,-1,Echolocation,/mnt/ubna_data_01_mir/recover-20220825/UBNA_002/20220823_033000.WAV,Telephone Field,recover-20220825,002,1795
6.0075,6.0512,68437,82713,Rhinolophus ferrumequinum,0.021,0.021,-1,Echolocation,/mnt/ubna_data_01_mir/recover-20220825/UBNA_002/20220823_033000.WAV,Telephone Field,recover-20220825,002,1795
6.0315,6.0717,68437,82662,Rhinolophus ferrumequinum,0.022,0.022,-1,Echolocation,/mnt/ubna_data_01_mir/recover-20220825/UBNA_002/20220823_033000.WAV,Telephone Field,recover-20220825,002,1795
6.0335,6.0437,28906,37128,Eptesicus serotinus,0.009,0.023,-1,Echolocation,/mnt/ubna_data_01_mir/recover-20220825/UBNA_002/20220823_033000.WAV,Telephone Field,recover-20220825,002,1795
6.0695,6.1075,68437,81852,Rhinolophus ferrumequinum,0.022,0.022,-1,Echolocation,/mnt/ubna_data_01_mir/recover-20220825/UBNA_002/20220823_033000.WAV,Telephone Field,recover-20220825,002,1795
6.0755,6.0889,24609,29707,Nyctalus leisleri,0.015,0.032,-1,Echolocation,/mnt/ubna_data_01_mir/recover-20220825/UBNA_002/20220823_033000.WAV,Telephone Field,recover-20220825,002,1795
6.0985,6.1374,68437,82062,Rhinolophus ferrumequinum,0.021,0.021,-1,Echolocation,/mnt/ubna_data_01_mir/recover-20220825/UBNA_002/20220823_033000.WAV,Telephone Field,recover-20220825,002,1795
6.1175,6.1582,68437,82794,Rhinolophus ferrumequinum,0.022,0.022,-1,Echolocation,/mnt/ubna_data_01_mir/recover-20220825/UBNA_002/20220823_033000.WAV,Telephone Field,recover-20220825,002,1795
6.1275,6.1686,68437,81750,Rhinolophus ferrumequinum,0.022,0.022,-1,Echolocation,/mnt/ubna_data_01_mir/recover-20220825/UBNA_002/20220823_033000.WAV,Telephone Field,recover-20220825,002,1795
6.1285,6.1384,43515,50496,Pipistrellus pipistrellus,0.016,0.025,-1,Echolocation,/mnt/ubna_data_01_mir/recover-20220825/UBNA_002/20220823_033000.WAV,Telephone Field,recover-20220825,002,1795
6.1575,6.1975,68437,81987,Rhinolophus ferrumequinum,0.022,0.022,-1,Echolocation,/mnt/ubna_data_01_mir/recover-20220825/UBNA_002/20220823_033000.WAV,Telephone Field,recover-20220825,002,1795
6.1675,6.1761,28906,36912,Eptesicus serotinus,0.009,0.025,-1,Echolocation,/mnt/ubna_data_01_mir/recover-20220825/UBNA_002/20220823_033000.WAV,Telephone Field,recover-20220825,002,1795
6.1945,6.2355,68437,82252,Rhinolophus ferrumequinum,0.025,0.025,-1,Echolocation,/mnt/ubna_data_01_mir/recover-20220825/UBNA_002/20220823_033000.WAV,Telephone Field,recover-20220825,002,1795
6.2005,6.2097,23750,31499,Plecotus austriacus,0.006,0.022,-1,Echolocation,/mnt/ubna_data_01_mir/recover-20220825/UBNA_002/20220823_033000.WAV,Telephone Field,recover-20220825,002,1795
6.2185,6.2297,28046,33962,Eptesicus serotinus,0.03,0.051,-1,Echolocation,/mnt/ubna_data_01_mir/recover-20220825/UBNA_002/20220823_033000.WAV,Telephone Field,recover-20220825,002,1795
6.2545,6.2649,48671,53093,Pipistrellus pipistrellus,0.018,0.022,-1,Echolocation,/mnt/ubna_data_01_mir/recover-20220825/UBNA_002/20220823_033000.WAV,Telephone Field,recover-20220825,002,1795
6.2565,6.2977,68437,82402,Rhinolophus ferrumequinum,0.022,0.022,-1,Echolocation,/mnt/ubna_data_01_mir/recover-20220825/UBNA_002/20220823_033000.WAV,Telephone Field,recover-20220825,002,1795
6.2595,6.2667,28046,39294,Eptesicus serotinus,0.006,0.021,-1,Echolocation,/mnt/ubna_data_01_mir/recover-20220825/UBNA_002/20220823_033000.WAV,Telephone Field,recover-20220825,002,1795
6.2885,6.3005,22890,27361,Nyctalus leisleri,0.011,0.021,-1,Echolocation,/mnt/ubna_data_01_mir/recover-20220825/UBNA_002/20220823_033000.WAV,Telephone Field,recover-20220825,002,1795
6.3175,6.3576,68437,82551,Rhinolophus ferrumequinum,0.023,0.023,-1,Echolocation,/mnt/ubna_data_01_mir/recover-20220825/UBNA_002/20220823_033000.WAV,Telephone Field,recover-20220825,002,1795
6.3485,6.3887,68437,81685,Rhinolophus ferrumequinum,0.021,0.021,-1,Echolocation,/mnt/ubna_data_01_mir/recover-20220825/UBNA_002/20220823_033000.WAV,Telephone Field,recover-20220825,002,1795
6.3495,6.361,51250,56027,Pipistrellus pipistrellus,0.015,0.021,-1,Echolocation,/mnt/ubna_data_01_mir/recover-20220825/UBNA_002/20220823_033000.WAV,Telephone Field,recover-20220825,002,1795
6.3735,6.3829,28906,40033,Eptesicus serotinus,0.01,0.024,-1,Echolocation,/mnt/ubna_data_01_mir/recover-20220825/UBNA_002/20220823_033000.WAV,Telephone Field,recover-20220825,002,1795
6.3795,6.3898,22031,26800,Nyctalus leisleri,0.01,0.02,-1,Echolocation,/mnt/ubna_data_01_mir/recover-20220825/UBNA_002/20220823_033000.WAV,Telephone Field,recover-20220825,002,1795
6.4225,6.4643,68437,82716,Rhinolophus ferrumequinum,0.025,0.025,-1,Echolocation,/mnt/ubna_data_01_mir/recover-20220825/UBNA_002/20220823_033000.WAV,Telephone Field,recover-20220825,002,1795
6.4845,6.5234,68437,82664,Rhinolophus ferrumequinum,0.022,0.022,-1,Echolocation,/mnt/ubna_data_01_mir/recover-20220825/UBNA_002/20220823_033000.WAV,Telephone Field,recover-20220825,002,1795
6.4875,6.495,25468,35171,Eptesicus serotinus,0.007,0.025,-1,Echolocation,/mnt/ubna_data_01_mir/recover-20220825/UBNA_002/20220823_033000.WAV,Telephone Field,recover-20220825,002,1795
6.4965,6.5076,22890,27862,Nyctalus leisleri,0.01,0.022,-1,Echolocation,/mnt/ubna_data_01_mir/recover-20220825/UBNA_002/20220823_033000.WAV,Telephone Field,recover-20220825,002,1795
6.5535,6.5643,28906,38094,Eptesicus serotinus,0.011,0.023,-1,Echolocation,/mnt/ubna_data_01_mir/recover-20220825/UBNA_002/20220823_033000.WAV,Telephone Field,recover-20220825,002,1795
6.5735,6.5808,26328,39321,Eptesicus serotinus,0.005,0.024,-1,Echolocation,/mnt/ubna_data_01_mir/recover-20220825/UBNA_002/20220823_033000.WAV,Telephone Field,recover-20220825,002,1795
6.6135,6.6328,19453,22409,Nyctalus leisleri,0.015,0.032,-1,Echolocation,/mnt/ubna_data_01_mir/recover-20220825/UBNA_002/20220823_033000.WAV,Telephone Field,recover-20220825,002,1795
6.6215,6.6581,68437,81384,Rhinolophus ferrumequinum,0.021,0.021,-1,Echolocation,/mnt/ubna_data_01_mir/recover-20220825/UBNA_002/20220823_033000.WAV,Telephone Field,recover-20220825,002,1795
6.6435,6.6797,68437,81684,Rhinolophus ferrumequinum,0.022,0.022,-1,Echolocation,/mnt/ubna_data_01_mir/recover-20220825/UBNA_002/20220823_033000.WAV,Telephone Field,recover-20220825,002,1795
6.6535,6.693,68437,82225,Rhinolophus ferrumequinum,0.021,0.021,-1,Echolocation,/mnt/ubna_data_01_mir/recover-20220825/UBNA_002/20220823_033000.WAV,Telephone Field,recover-20220825,002,1795
6.6785,6.7155,68437,81607,Rhinolophus ferrumequinum,0.021,0.021,-1,Echolocation,/mnt/ubna_data_01_mir/recover-20220825/UBNA_002/20220823_033000.WAV,Telephone Field,recover-20220825,002,1795
6.6815,6.6913,44375,48361,Pipistrellus pipistrellus,0.019,0.022,-1,Echolocation,/mnt/ubna_data_01_mir/recover-20220825/UBNA_002/20220823_033000.WAV,Telephone Field,recover-20220825,002,1795
6.6975,6.7069,28906,42145,Eptesicus serotinus,0.011,0.026,-1,Echolocation,/mnt/ubna_data_01_mir/recover-20220825/UBNA_002/20220823_033000.WAV,Telephone Field,recover-20220825,002,1795
6.7515,6.7923,68437,82481,Rhinolophus ferrumequinum,0.022,0.022,-1,Echolocation,/mnt/ubna_data_01_mir/recover-20220825/UBNA_002/20220823_033000.WAV,Telephone Field,recover-20220825,002,1795
6.7755,6.8148,68437,82341,Rhinolophus ferrumequinum,0.021,0.021,-1,Echolocation,/mnt/ubna_data_01_mir/recover-20220825/UBNA_002/20220823_033000.WAV,Telephone Field,recover-20220825,002,1795
6.7755,6.7817,47812,52276,Pipistrellus pipistrellus,0.031,0.031,-1,Echolocation,/mnt/ubna_data_01_mir/recover-20220825/UBNA_002/20220823_033000.WAV,Telephone Field,recover-20220825,002,1795
6.8025,6.8096,29765,37876,Eptesicus serotinus,0.01,0.031,-1,Echolocation,/mnt/ubna_data_01_mir/recover-20220825/UBNA_002/20220823_033000.WAV,Telephone Field,recover-20220825,002,1795
6.8255,6.8688,68437,82786,Rhinolophus ferrumequinum,0.022,0.022,-1,Echolocation,/mnt/ubna_data_01_mir/recover-20220825/UBNA_002/20220823_033000.WAV,Telephone Field,recover-20220825,002,1795
6.8505,6.8601,27187,35398,Eptesicus serotinus,0.011,0.025,-1,Echolocation,/mnt/ubna_data_01_mir/recover-20220825/UBNA_002/20220823_033000.WAV,Telephone Field,recover-20220825,002,1795
6.8545,6.8936,68437,81693,Rhinolophus ferrumequinum,0.021,0.021,-1,Echolocation,/mnt/ubna_data_01_mir/recover-20220825/UBNA_002/20220823_033000.WAV,Telephone Field,recover-20220825,002,1795
6.8815,6.8914,24609,32069,Eptesicus serotinus,0.007,0.021,-1,Echolocation,/mnt/ubna_data_01_mir/recover-20220825/UBNA_002/20220823_033000.WAV,Telephone Field,recover-20220825,002,1795
6.9025,6.9422,68437,83234,Rhinolophus ferrumequinum,0.023,0.023,-1,Echolocation,/mnt/ubna_data_01_mir/recover-20220825/UBNA_002/20220823_033000.WAV,Telephone Field,recover-20220825,002,1795
6.9105,6.9201,27187,35601,Eptesicus serotinus,0.013,0.031,-1,Echolocation,/mnt/ubna_data_01_mir/recover-20220825/UBNA_002/20220823_033000.WAV,Telephone Field,recover-20220825,002,1795
6.9785,7.0162,68437,81659,Rhinolophus ferrumequinum,0.021,0.021,-1,Echolocation,/mnt/ubna_data_01_mir/recover-20220825/UBNA_002/20220823_033000.WAV,Telephone Field,recover-20220825,002,1795
6.9845,6.9943,28046,38387,Eptesicus serotinus,0.013,0.026,-1,Echolocation,/mnt/ubna_data_01_mir/recover-20220825/UBNA_002/20220823_033000.WAV,Telephone Field,recover-20220825,002,1795
6.9865,7.0265,68437,82071,Rhinolophus ferrumequinum,0.022,0.022,-1,Echolocation,/mnt/ubna_data_01_mir/recover-20220825/UBNA_002/20220823_033000.WAV,Telephone Field,recover-20220825,002,1795
7.0275,7.0378,22890,28838,Nyctalus leisleri,0.01,0.024,-1,Echolocation,/mnt/ubna_data_01_mir/recover-20220825/UBNA_002/20220823_033000.WAV,Telephone Field,recover-20220825,002,1795
7.0435,7.0825,68437,81903,Rhinolophus ferrumequinum,0.023,0.023,-1,Echolocation,/mnt/ubna_data_01_mir/recover-20220825/UBNA_002/20220823_033000.WAV,Telephone Field,recover-20220825,002,1795
7.0495,7.0862,68437,81919,Rhinolophus ferrumequinum,0.023,0.023,-1,Echolocation,/mnt/ubna_data_01_mir/recover-20220825/UBNA_002/20220823_033000.WAV,Telephone Field,recover-20220825,002,1795
7.0625,7.0998,68437,81484,Rhinolophus ferrumequinum,0.021,0.021,-1,Echolocation,/mnt/ubna_data_01_mir/recover-20220825/UBNA_002/20220823_033000.WAV,Telephone Field,recover-20220825,002,1795
7.0895,7.128,68437,82475,Rhinolophus ferrumequinum,0.022,0.022,-1,Echolocation,/mnt/ubna_data_01_mir/recover-20220825/UBNA_002/20220823_033000.WAV,Telephone Field,recover-20220825,002,1795
7.0955,7.1351,68437,82858,Rhinolophus ferrumequinum,0.024,0.024,-1,Echolocation,/mnt/ubna_data_01_mir/recover-20220825/UBNA_002/20220823_033000.WAV,Telephone Field,recover-20220825,002,1795
7.0995,7.1066,23750,32851,Plecotus austriacus,0.016,0.03,-1,Echolocation,/mnt/ubna_data_01_mir/recover-20220825/UBNA_002/20220823_033000.WAV,Telephone Field,recover-20220825,002,1795
7.1315,7.1718,68437,82125,Rhinolophus ferrumequinum,0.02,0.02,-1,Echolocation,/mnt/ubna_data_01_mir/recover-20220825/UBNA_002/20220823_033000.WAV,Telephone Field,recover-20220825,002,1795
7.1705,7.1778,27187,39119,Eptesicus serotinus,0.006,0.021,-1,Echolocation,/mnt/ubna_data_01_mir/recover-20220825/UBNA_002/20220823_033000.WAV,Telephone Field,recover-20220825,002,1795
7.1925,7.2001,27187,39626,Eptesicus serotinus,0.008,0.021,-1,Echolocation,/mnt/ubna_data_01_mir/recover-20220825/UBNA_002/20220823_033000.WAV,Telephone Field,recover-20220825,002,1795
7.1935,7.2329,68437,81674,Rhinolophus ferrumequinum,0.02,0.02,-1,Echolocation,/mnt/ubna_data_01_mir/recover-20220825/UBNA_002/20220823_033000.WAV,Telephone Field,recover-20220825,002,1795
7.2005,7.2396,68437,81431,Rhinolophus ferrumequinum,0.021,0.021,-1,Echolocation,/mnt/ubna_data_01_mir/recover-20220825/UBNA_002/20220823_033000.WAV,Telephone Field,recover-20220825,002,1795
7.2255,7.2663,68437,82707,Rhinolophus ferrumequinum,0.022,0.022,-1,Echolocation,/mnt/ubna_data_01_mir/recover-20220825/UBNA_002/20220823_033000.WAV,Telephone Field,recover-20220825,002,1795
7.2365,7.2768,68437,82917,Rhinolophus ferrumequinum,0.024,0.024,-1,Echolocation,/mnt/ubna_data_01_mir/recover-20220825/UBNA_002/20220823_033000.WAV,Telephone Field,recover-20220825,002,1795
7.2455,7.2551,22890,29238,Nyctalus leisleri,0.008,0.024,-1,Echolocation,/mnt/ubna_data_01_mir/recover-20220825/UBNA_002/20220823_033000.WAV,Telephone Field,recover-20220825,002,1795
7.2665,7.2758,30625,38217,Eptesicus serotinus,0.008,0.023,-1,Echolocation,/mnt/ubna_data_01_mir/recover-20220825/UBNA_002/20220823_033000.WAV,Telephone Field,recover-20220825,002,1795
7.2735,7.3102,68437,81424,Rhinolophus ferrumequinum,0.022,0.022,-1,Echolocation,/mnt/ubna_data_01_mir/recover-20220825/UBNA_002/20220823_033000.WAV,Telephone Field,recover-20220825,002,1795
7.3605,7.399,68437,82677,Rhinolophus ferrumequinum,0.021,0.021,-1,Echolocation,/mnt/ubna_data_01_mir/recover-20220825/UBNA_002/20220823_033000.WAV,Telephone Field,recover-20220825,002,1795
7.3785,7.4192,68437,82040,Rhinolophus ferrumequinum,0.02,0.02,-1,Echolocation,/mnt/ubna_data_01_mir/recover-20220825/UBNA_002/20220823_033000.WAV,Telephone Field,recover-20220825,002,1795
7.3845,7.3944,28046,39406,Eptesicus serotinus,0.009,0.021,-1,Echolocation,/mnt/ubna_data_01_mir/recover-20220825/UBNA_002/20220823_033000.WAV,Telephone Field,recover-20220825,002,1795
7.3855,7.4242,68437,81698,Rhinolophus ferrumequinum,0.022,0.022,-1,Echolocation,/mnt/ubna_data_01_mir/recover-20220825/UBNA_002/20220823_033000.WAV,Telephone Field,recover-20220825,002,1795
7.4365,7.4439,26328,40909,Eptesicus serotinus,0.007,0.022,-1,Echolocation,/mnt/ubna_data_01_mir/recover-20220825/UBNA_002/20220823_033000.WAV,Telephone Field,recover-20220825,002,1795
7.4895,7.4981,23750,31547,Plecotus austriacus,0.006,0.021,-1,Echolocation,/mnt/ubna_data_01_mir/recover-20220825/UBNA_002/20220823_033000.WAV,Telephone Field,recover-20220825,002,1795
7.5165,7.5254,27187,40042,Eptesicus serotinus,0.01,0.028,-1,Echolocation,/mnt/ubna_data_01_mir/recover-20220825/UBNA_002/20220823_033000.WAV,Telephone Field,recover-20220825,002,1795
7.5395,7.5457,23750,33471,Plecotus austriacus,0.011,0.024,-1,Echolocation,/mnt/ubna_data_01_mir/recover-20220825/UBNA_002/20220823_033000.WAV,Telephone Field,recover-20220825,002,1795
7.5775,7.6158,68437,81830,Rhinolophus ferrumequinum,0.022,0.022,-1,Echolocation,/mnt/ubna_data_01_mir/recover-20220825/UBNA_002/20220823_033000.WAV,Telephone Field,recover-20220825,002,1795
7.5825,7.5899,28046,40928,Eptesicus serotinus,0.008,0.023,-1,Echolocation,/mnt/ubna_data_01_mir/recover-20220825/UBNA_002/20220823_033000.WAV,Telephone Field,recover-20220825,002,1795
7.6175,7.6574,68437,82270,Rhinolophus ferrumequinum,0.028,0.028,-1,Echolocation,/mnt/ubna_data_01_mir/recover-20220825/UBNA_002/20220823_033000.WAV,Telephone Field,recover-20220825,002,1795
7.6335,7.6745,68437,82554,Rhinolophus ferrumequinum,0.023,0.023,-1,Echolocation,/mnt/ubna_data_01_mir/recover-20220825/UBNA_002/20220823_033000.WAV,Telephone Field,recover-20220825,002,1795
7.6525,7.6605,27187,36573,Eptesicus serotinus,0.01,0.028,-1,Echolocation,/mnt/ubna_data_01_mir/recover-20220825/UBNA_002/20220823_033000.WAV,Telephone Field,recover-20220825,002,1795
7.6725,7.7134,68437,82028,Rhinolophus ferrumequinum,0.021,0.021,-1,Echolocation,/mnt/ubna_data_01_mir/recover-20220825/UBNA_002/20220823_033000.WAV,Telephone Field,recover-20220825,002,1795
7.7035,7.7441,68437,83345,Rhinolophus ferrumequinum,0.027,0.027,-1,Echolocation,/mnt/ubna_data_01_mir/recover-20220825/UBNA_002/20220823_033000.WAV,Telephone Field,recover-20220825,002,1795
7.7185,7.7579,68437,82173,Rhinolophus ferrumequinum,0.023,0.023,-1,Echolocation,/mnt/ubna_data_01_mir/recover-20220825/UBNA_002/20220823_033000.WAV,Telephone Field,recover-20220825,002,1795
7.7185,7.7265,27187,35951,Eptesicus serotinus,0.01,0.025,-1,Echolocation,/mnt/ubna_data_01_mir/recover-20220825/UBNA_002/20220823_033000.WAV,Telephone Field,recover-20220825,002,1795
7.7825,7.818,68437,82195,Rhinolophus ferrumequinum,0.022,0.022,-1,Echolocation,/mnt/ubna_data_01_mir/recover-20220825/UBNA_002/20220823_033000.WAV,Telephone Field,recover-20220825,002,1795
7.7985,7.8055,46093,49161,Pipistrellus pipistrellus,0.026,0.028,-1,Echolocation,/mnt/ubna_data_01_mir/recover-20220825/UBNA_002/20220823_033000.WAV,Telephone Field,recover-20220825,002,1795
7.8445,7.8556,27187,34181,Eptesicus serotinus,0.023,0.044,-1,Echolocation,/mnt/ubna_data_01_mir/recover-20220825/UBNA_002/20220823_033000.WAV,Telephone Field,recover-20220825,002,1795
7.8775,7.9177,68437,81828,Rhinolophus ferrumequinum,0.02,0.021,-1,Echolocation,/mnt/ubna_data_01_mir/recover-20220825/UBNA_002/20220823_033000.WAV,Telephone Field,recover-20220825,002,1795
7.9335,7.97,68437,81242,Rhinolophus ferrumequinum,0.024,0.024,-1,Echolocation,/mnt/ubna_data_01_mir/recover-20220825/UBNA_002/20220823_033000.WAV,Telephone Field,recover-20220825,002,1795
7.9555,7.9919,68437,81506,Rhinolophus ferrumequinum,0.022,0.022,-1,Echolocation,/mnt/ubna_data_01_mir/recover-20220825/UBNA_002/20220823_033000.WAV,Telephone Field,recover-20220825,002,1795
8.0015,8.0354,68437,80053,Rhinolophus ferrumequinum,0.033,0.033,-1,Echolocation,/mnt/ubna_data_01_mir/recover-20220825/UBNA_002/20220823_033000.WAV,Telephone Field,recover-20220825,002,1795
8.0015,8.0099,25468,33293,Nyctalus leisleri,0.011,0.031,-1,Echolocation,/mnt/ubna_data_01_mir/recover-20220825/UBNA_002/20220823_033000.WAV,Telephone Field,recover-20220825,002,1795
8.0415,8.0799,68437,82012,Rhinolophus ferrumequinum,0.022,0.022,-1,Echolocation,/mnt/ubna_data_01_mir/recover-20220825/UBNA_002/20220823_033000.WAV,Telephone Field,recover-20220825,002,1795
8.0585,8.0654,25468,37933,Myotis nattereri,0.006,0.023,-1,Echolocation,/mnt/ubna_data_01_mir/recover-20220825/UBNA_002/20220823_033000.WAV,Telephone Field,recover-20220825,002,1795
8.1125,8.1187,24609,36909,Plecotus austriacus,0.011,0.029,-1,Echolocation,/mnt/ubna_data_01_mir/recover-20220825/UBNA_002/20220823_033000.WAV,Telephone Field,recover-20220825,002,1795
8.1385,8.1771,68437,82223,Rhinolophus ferrumequinum,0.022,0.022,-1,Echolocation,/mnt/ubna_data_01_mir/recover-20220825/UBNA_002/20220823_033000.WAV,Telephone Field,recover-20220825,002,1795
8.1465,8.1549,27187,38516,Eptesicus serotinus,0.008,0.023,-1,Echolocation,/mnt/ubna_data_01_mir/recover-20220825/UBNA_002/20220823_033000.WAV,Telephone Field,recover-20220825,002,1795
8.1465,8.1575,40937,44525,Pipistrellus nathusii,0.011,0.027,-1,Echolocation,/mnt/ubna_data_01_mir/recover-20220825/UBNA_002/20220823_033000.WAV,Telephone Field,recover-20220825,002,1795
8.1625,8.1739,28906,35125,Eptesicus serotinus,0.013,0.026,-1,Echolocation,/mnt/ubna_data_01_mir/recover-20220825/UBNA_002/20220823_033000.WAV,Telephone Field,recover-20220825,002,1795
8.1915,8.2013,28906,40387,Eptesicus serotinus,0.008,0.022,-1,Echolocation,/mnt/ubna_data_01_mir/recover-20220825/UBNA_002/20220823_033000.WAV,Telephone Field,recover-20220825,002,1795
8.2245,8.2634,68437,82781,Rhinolophus ferrumequinum,0.025,0.025,-1,Echolocation,/mnt/ubna_data_01_mir/recover-20220825/UBNA_002/20220823_033000.WAV,Telephone Field,recover-20220825,002,1795
8.2415,8.2774,68437,81951,Rhinolophus ferrumequinum,0.022,0.022,-1,Echolocation,/mnt/ubna_data_01_mir/recover-20220825/UBNA_002/20220823_033000.WAV,Telephone Field,recover-20220825,002,1795
8.2815,8.2907,28906,38032,Eptesicus serotinus,0.009,0.025,-1,Echolocation,/mnt/ubna_data_01_mir/recover-20220825/UBNA_002/20220823_033000.WAV,Telephone Field,recover-20220825,002,1795
8.3105,8.3468,68437,82224,Rhinolophus ferrumequinum,0.024,0.024,-1,Echolocation,/mnt/ubna_data_01_mir/recover-20220825/UBNA_002/20220823_033000.WAV,Telephone Field,recover-20220825,002,1795
8.3125,8.32,22890,31361,Plecotus austriacus,0.01,0.022,-1,Echolocation,/mnt/ubna_data_01_mir/recover-20220825/UBNA_002/20220823_033000.WAV,Telephone Field,recover-20220825,002,1795
8.3185,8.3544,68437,82115,Rhinolophus ferrumequinum,0.023,0.023,-1,Echolocation,/mnt/ubna_data_01_mir/recover-20220825/UBNA_002/20220823_033000.WAV,Telephone Field,recover-20220825,002,1795
8.3295,8.3403,23750,29238,Nyctalus leisleri,0.011,0.024,-1,Echolocation,/mnt/ubna_data_01_mir/recover-20220825/UBNA_002/20220823_033000.WAV,Telephone Field,recover-20220825,002,1795
8.3535,8.3947,68437,82691,Rhinolophus ferrumequinum,0.037,0.037,-1,Echolocation,/mnt/ubna_data_01_mir/recover-20220825/UBNA_002/20220823_033000.WAV,Telephone Field,recover-20220825,002,1795
8.4045,8.4447,68437,82044,Rhinolophus ferrumequinum,0.022,0.022,-1,Echolocation,/mnt/ubna_data_01_mir/recover-20220825/UBNA_002/20220823_033000.WAV,Telephone Field,recover-20220825,002,1795
8.4105,8.4301,18593,22859,Nyctalus noctula,0.027,0.039,-1,Echolocation,/mnt/ubna_data_01_mir/recover-20220825/UBNA_002/20220823_033000.WAV,Telephone Field,recover-20220825,002,1795
8.4255,8.4652,68437,82110,Rhinolophus ferrumequinum,0.025,0.025,-1,Echolocation,/mnt/ubna_data_01_mir/recover-20220825/UBNA_002/20220823_033000.WAV,Telephone Field,recover-20220825,002,1795
8.4775,8.5175,68437,82044,Rhinolophus ferrumequinum,0.022,0.022,-1,Echolocation,/mnt/ubna_data_01_mir/recover-20220825/UBNA_002/20220823_033000.WAV,Telephone Field,recover-20220825,002,1795
8.4835,8.5243,68437,82092,Rhinolophus ferrumequinum,0.023,0.023,-1,Echolocation,/mnt/ubna_data_01_mir/recover-20220825/UBNA_002/20220823_033000.WAV,Telephone Field,recover-20220825,002,1795
8.5185,8.5597,68437,82737,Rhinolophus ferrumequinum,0.025,0.025,-1,Echolocation,/mnt/ubna_data_01_mir/recover-20220825/UBNA_002/20220823_033000.WAV,Telephone Field,recover-20220825,002,1795
8.5445,8.5831,68437,82188,Rhinolophus ferrumequinum,0.026,0.026,-1,Echolocation,/mnt/ubna_data_01_mir/recover-20220825/UBNA_002/20220823_033000.WAV,Telephone Field,recover-20220825,002,1795
8.6205,8.6562,68437,80986,Rhinolophus ferrumequinum,0.022,0.022,-1,Echolocation,/mnt/ubna_data_01_mir/recover-20220825/UBNA_002/20220823_033000.WAV,Telephone Field,recover-20220825,002,1795
8.6325,8.641,27187,36944,Eptesicus serotinus,0.007,0.022,-1,Echolocation,/mnt/ubna_data_01_mir/recover-20220825/UBNA_002/20220823_033000.WAV,Telephone Field,recover-20220825,002,1795
8.6455,8.6869,68437,82659,Rhinolophus ferrumequinum,0.03,0.03,-1,Echolocation,/mnt/ubna_data_01_mir/recover-20220825/UBNA_002/20220823_033000.WAV,Telephone Field,recover-20220825,002,1795
8.6815,8.7191,68437,81028,Rhinolophus ferrumequinum,0.03,0.03,-1,Echolocation,/mnt/ubna_data_01_mir/recover-20220825/UBNA_002/20220823_033000.WAV,Telephone Field,recover-20220825,002,1795
8.6895,8.6978,28046,41351,Eptesicus serotinus,0.008,0.022,-1,Echolocation,/mnt/ubna_data_01_mir/recover-20220825/UBNA_002/20220823_033000.WAV,Telephone Field,recover-20220825,002,1795
8.6995,8.7399,68437,82617,Rhinolophus ferrumequinum,0.025,0.025,-1,Echolocation,/mnt/ubna_data_01_mir/recover-20220825/UBNA_002/20220823_033000.WAV,Telephone Field,recover-20220825,002,1795
8.7175,8.7265,23750,31270,Plecotus austriacus,0.008,0.026,-1,Echolocation,/mnt/ubna_data_01_mir/recover-20220825/UBNA_002/20220823_033000.WAV,Telephone Field,recover-20220825,002,1795
8.7195,8.7623,68437,83579,Rhinolophus ferrumequinum,0.037,0.037,-1,Echolocation,/mnt/ubna_data_01_mir/recover-20220825/UBNA_002/20220823_033000.WAV,Telephone Field,recover-20220825,002,1795
8.7475,8.7881,68437,82793,Rhinolophus ferrumequinum,0.026,0.026,-1,Echolocation,/mnt/ubna_data_01_mir/recover-20220825/UBNA_002/20220823_033000.WAV,Telephone Field,recover-20220825,002,1795
8.7695,8.7773,28906,36570,Eptesicus serotinus,0.027,0.056,-1,Echolocation,/mnt/ubna_data_01_mir/recover-20220825/UBNA_002/20220823_033000.WAV,Telephone Field,recover-20220825,002,1795
8.8005,8.844,68437,82992,Rhinolophus ferrumequinum,0.026,0.026,-1,Echolocation,/mnt/ubna_data_01_mir/recover-20220825/UBNA_002/20220823_033000.WAV,Telephone Field,recover-20220825,002,1795
8.8895,8.9004,22031,26388,Nyctalus leisleri,0.011,0.022,-1,Echolocation,/mnt/ubna_data_01_mir/recover-20220825/UBNA_002/20220823_033000.WAV,Telephone Field,recover-20220825,002,1795
8.8905,8.9049,42656,47857,Pipistrellus pipistrellus,0.038,0.056,-1,Echolocation,/mnt/ubna_data_01_mir/recover-20220825/UBNA_002/20220823_033000.WAV,Telephone Field,recover-20220825,002,1795
8.8975,8.9389,68437,83109,Rhinolophus ferrumequinum,0.033,0.033,-1,Echolocation,/mnt/ubna_data_01_mir/recover-20220825/UBNA_002/20220823_033000.WAV,Telephone Field,recover-20220825,002,1795
8.9745,9.0108,68437,82174,Rhinolophus ferrumequinum,0.026,0.026,-1,Echolocation,/mnt/ubna_data_01_mir/recover-20220825/UBNA_002/20220823_033000.WAV,Telephone Field,recover-20220825,002,1795
8.9855,9.0268,68437,82609,Rhinolophus ferrumequinum,0.022,0.022,-1,Echolocation,/mnt/ubna_data_01_mir/recover-20220825/UBNA_002/20220823_033000.WAV,Telephone Field,recover-20220825,002,1795
8.9915,8.9989,23750,33734,Plecotus austriacus,0.023,0.05,-1,Echolocation,/mnt/ubna_data_01_mir/recover-20220825/UBNA_002/20220823_033000.WAV,Telephone Field,recover-20220825,002,1795
9.0045,9.0397,68437,81865,Rhinolophus ferrumequinum,0.024,0.024,-1,Echolocation,/mnt/ubna_data_01_mir/recover-20220825/UBNA_002/20220823_033000.WAV,Telephone Field,recover-20220825,002,1795
9.0725,9.1094,68437,82182,Rhinolophus ferrumequinum,0.026,0.026,-1,Echolocation,/mnt/ubna_data_01_mir/recover-20220825/UBNA_002/20220823_033000.WAV,Telephone Field,recover-20220825,002,1795
9.0845,9.1249,68437,82536,Rhinolophus ferrumequinum,0.026,0.026,-1,Echolocation,/mnt/ubna_data_01_mir/recover-20220825/UBNA_002/20220823_033000.WAV,Telephone Field,recover-20220825,002,1795
9.0955,9.1297,68437,81678,Rhinolophus ferrumequinum,0.022,0.022,-1,Echolocation,/mnt/ubna_data_01_mir/recover-20220825/UBNA_002/20220823_033000.WAV,Telephone Field,recover-20220825,002,1795
9.1395,9.1459,28046,40288,Eptesicus serotinus,0.007,0.027,-1,Echolocation,/mnt/ubna_data_01_mir/recover-20220825/UBNA_002/20220823_033000.WAV,Telephone Field,recover-20220825,002,1795
9.1975,9.239,68437,83296,Rhinolophus ferrumequinum,0.03,0.03,-1,Echolocation,/mnt/ubna_data_01_mir/recover-20220825/UBNA_002/20220823_033000.WAV,Telephone Field,recover-20220825,002,1795
9.2285,9.264,68437,81282,Rhinolophus ferrumequinum,0.023,0.023,-1,Echolocation,/mnt/ubna_data_01_mir/recover-20220825/UBNA_002/20220823_033000.WAV,Telephone Field,recover-20220825,002,1795
9.2555,9.263,25468,38784,Eptesicus serotinus,0.005,0.022,-1,Echolocation,/mnt/ubna_data_01_mir/recover-20220825/UBNA_002/20220823_033000.WAV,Telephone Field,recover-20220825,002,1795
9.3115,9.3186,27187,40195,Eptesicus serotinus,0.006,0.022,-1,Echolocation,/mnt/ubna_data_01_mir/recover-20220825/UBNA_002/20220823_033000.WAV,Telephone Field,recover-20220825,002,1795
9.3325,9.3726,68437,82386,Rhinolophus ferrumequinum,0.023,0.023,-1,Echolocation,/mnt/ubna_data_01_mir/recover-20220825/UBNA_002/20220823_033000.WAV,Telephone Field,recover-20220825,002,1795
9.3555,9.3946,68437,81696,Rhinolophus ferrumequinum,0.022,0.022,-1,Echolocation,/mnt/ubna_data_01_mir/recover-20220825/UBNA_002/20220823_033000.WAV,Telephone Field,recover-20220825,002,1795
9.3785,9.386,23750,31815,Plecotus austriacus,0.01,0.024,-1,Echolocation,/mnt/ubna_data_01_mir/recover-20220825/UBNA_002/20220823_033000.WAV,Telephone Field,recover-20220825,002,1795
9.4195,9.4592,68437,82658,Rhinolophus ferrumequinum,0.025,0.025,-1,Echolocation,/mnt/ubna_data_01_mir/recover-20220825/UBNA_002/20220823_033000.WAV,Telephone Field,recover-20220825,002,1795
9.4355,9.4691,68437,80730,Rhinolophus ferrumequinum,0.022,0.022,-1,Echolocation,/mnt/ubna_data_01_mir/recover-20220825/UBNA_002/20220823_033000.WAV,Telephone Field,recover-20220825,002,1795
9.4585,9.4683,28906,36483,Eptesicus serotinus,0.009,0.023,-1,Echolocation,/mnt/ubna_data_01_mir/recover-20220825/UBNA_002/20220823_033000.WAV,Telephone Field,recover-20220825,002,1795
9.4795,9.519,68437,82408,Rhinolophus ferrumequinum,0.023,0.023,-1,Echolocation,/mnt/ubna_data_01_mir/recover-20220825/UBNA_002/20220823_033000.WAV,Telephone Field,recover-20220825,002,1795
9.4835,9.4907,23750,32488,Plecotus austriacus,0.012,0.025,-1,Echolocation,/mnt/ubna_data_01_mir/recover-20220825/UBNA_002/20220823_033000.WAV,Telephone Field,recover-20220825,002,1795
9.5115,9.5527,68437,82559,Rhinolophus ferrumequinum,0.026,0.026,-1,Echolocation,/mnt/ubna_data_01_mir/recover-20220825/UBNA_002/20220823_033000.WAV,Telephone Field,recover-20220825,002,1795
9.5135,9.5258,23750,28517,Nyctalus leisleri,0.017,0.035,-1,Echolocation,/mnt/ubna_data_01_mir/recover-20220825/UBNA_002/20220823_033000.WAV,Telephone Field,recover-20220825,002,1795
9.5455,9.5887,68437,83497,Rhinolophus ferrumequinum,0.047,0.047,-1,Echolocation,/mnt/ubna_data_01_mir/recover-20220825/UBNA_002/20220823_033000.WAV,Telephone Field,recover-20220825,002,1795
9.5475,9.5566,28046,35808,Eptesicus serotinus,0.008,0.022,-1,Echolocation,/mnt/ubna_data_01_mir/recover-20220825/UBNA_002/20220823_033000.WAV,Telephone Field,recover-20220825,002,1795
9.5725,9.61,68437,81978,Rhinolophus ferrumequinum,0.023,0.023,-1,Echolocation,/mnt/ubna_data_01_mir/recover-20220825/UBNA_002/20220823_033000.WAV,Telephone Field,recover-20220825,002,1795
9.5845,9.5963,23750,30315,Nyctalus leisleri,0.017,0.044,-1,Echolocation,/mnt/ubna_data_01_mir/recover-20220825/UBNA_002/20220823_033000.WAV,Telephone Field,recover-20220825,002,1795
9.5915,9.6297,68437,82277,Rhinolophus ferrumequinum,0.023,0.023,-1,Echolocation,/mnt/ubna_data_01_mir/recover-20220825/UBNA_002/20220823_033000.WAV,Telephone Field,recover-20220825,002,1795
9.6195,9.6583,68437,82817,Rhinolophus ferrumequinum,0.023,0.023,-1,Echolocation,/mnt/ubna_data_01_mir/recover-20220825/UBNA_002/20220823_033000.WAV,Telephone Field,recover-20220825,002,1795
9.6605,9.6729,23750,28991,Nyctalus leisleri,0.015,0.03,-1,Echolocation,/mnt/ubna_data_01_mir/recover-20220825/UBNA_002/20220823_033000.WAV,Telephone Field,recover-20220825,002,1795
9.6625,9.7033,68437,82864,Rhinolophus ferrumequinum,0.026,0.026,-1,Echolocation,/mnt/ubna_data_01_mir/recover-20220825/UBNA_002/20220823_033000.WAV,Telephone Field,recover-20220825,002,1795
9.6995,9.7371,68437,81949,Rhinolophus ferrumequinum,0.025,0.025,-1,Echolocation,/mnt/ubna_data_01_mir/recover-20220825/UBNA_002/20220823_033000.WAV,Telephone Field,recover-20220825,002,1795
9.7585,9.7687,22031,27749,Nyctalus leisleri,0.008,0.022,-1,Echolocation,/mnt/ubna_data_01_mir/recover-20220825/UBNA_002/20220823_033000.WAV,Telephone Field,recover-20220825,002,1795
9.8135,9.8494,68437,80995,Rhinolophus ferrumequinum,0.032,0.032,-1,Echolocation,/mnt/ubna_data_01_mir/recover-20220825/UBNA_002/20220823_033000.WAV,Telephone Field,recover-20220825,002,1795
9.8615,9.8733,22031,26261,Nyctalus leisleri,0.012,0.022,-1,Echolocation,/mnt/ubna_data_01_mir/recover-20220825/UBNA_002/20220823_033000.WAV,Telephone Field,recover-20220825,002,1795
9.8995,9.9364,68437,81682,Rhinolophus ferrumequinum,0.022,0.022,-1,Echolocation,/mnt/ubna_data_01_mir/recover-20220825/UBNA_002/20220823_033000.WAV,Telephone Field,recover-20220825,002,1795
9.9575,9.9965,68437,82205,Rhinolophus ferrumequinum,0.022,0.022,-1,Echolocation,/mnt/ubna_data_01_mir/recover-20220825/UBNA_002/20220823_033000.WAV,Telephone Field,recover-20220825,002,1795
9.9595,9.967,27187,37314,Eptesicus serotinus,0.008,0.022,-1,Echolocation,/mnt/ubna_data_01_mir/recover-20220825/UBNA_002/20220823_033000.WAV,Telephone Field,recover-20220825,002,1795
9.9795,9.9867,48671,58710,Pipistrellus pipistrellus,0.024,0.027,-1,Echolocation,/mnt/ubna_data_01_mir/recover-20220825/UBNA_002/20220823_033000.WAV,Telephone Field,recover-20220825,002,1795
9.9845,9.9951,22031,27189,Nyctalus leisleri,0.012,0.025,-1,Echolocation,/mnt/ubna_data_01_mir/recover-20220825/UBNA_002/20220823_033000.WAV,Telephone Field,recover-20220825,002,1795
10.0015,10.034,68437,79520,Rhinolophus ferrumequinum,0.03,0.03,-1,Echolocation,/mnt/ubna_data_01_mir/recover-20220825/UBNA_002/20220823_033000.WAV,Telephone Field,recover-20220825,002,1795
10.0015,10.0108,25468,34781,Nyctalus leisleri,0.009,0.027,-1,Echolocation,/mnt/ubna_data_01_mir/recover-20220825/UBNA_002/20220823_033000.WAV,Telephone Field,recover-20220825,002,1795
10.0325,10.0689,68437,81333,Rhinolophus ferrumequinum,0.024,0.024,-1,Echolocation,/mnt/ubna_data_01_mir/recover-20220825/UBNA_002/20220823_033000.WAV,Telephone Field,recover-20220825,002,1795
10.0495,10.0597,28046,41094,Eptesicus serotinus,0.009,0.022,-1,Echolocation,/mnt/ubna_data_01_mir/recover-20220825/UBNA_002/20220823_033000.WAV,Telephone Field,recover-20220825,002,1795
10.0525,10.0896,68437,81820,Rhinolophus ferrumequinum,0.021,0.022,-1,Echolocation,/mnt/ubna_data_01_mir/recover-20220825/UBNA_002/20220823_033000.WAV,Telephone Field,recover-20220825,002,1795
10.0585,10.0669,27187,38003,Eptesicus serotinus,0.008,0.024,-1,Echolocation,/mnt/ubna_data_01_mir/recover-20220825/UBNA_002/20220823_033000.WAV,Telephone Field,recover-20220825,002,1795
10.0745,10.1147,68437,82381,Rhinolophus ferrumequinum,0.027,0.027,-1,Echolocation,/mnt/ubna_data_01_mir/recover-20220825/UBNA_002/20220823_033000.WAV,Telephone Field,recover-20220825,002,1795
10.1015,10.1117,30625,38552,Eptesicus serotinus,0.007,0.021,-1,Echolocation,/mnt/ubna_data_01_mir/recover-20220825/UBNA_002/20220823_033000.WAV,Telephone Field,recover-20220825,002,1795
10.1105,10.1223,22890,27152,Nyctalus leisleri,0.013,0.023,-1,Echolocation,/mnt/ubna_data_01_mir/recover-20220825/UBNA_002/20220823_033000.WAV,Telephone Field,recover-20220825,002,1795
10.1355,10.173,68437,82083,Rhinolophus ferrumequinum,0.025,0.025,-1,Echolocation,/mnt/ubna_data_01_mir/recover-20220825/UBNA_002/20220823_033000.WAV,Telephone Field,recover-20220825,002,1795
10.1525,10.1624,22890,29327,Nyctalus leisleri,0.008,0.021,-1,Echolocation,/mnt/ubna_data_01_mir/recover-20220825/UBNA_002/20220823_033000.WAV,Telephone Field,recover-20220825,002,1795
10.1735,10.184,28906,40553,Eptesicus serotinus,0.019,0.036,-1,Echolocation,/mnt/ubna_data_01_mir/recover-20220825/UBNA_002/20220823_033000.WAV,Telephone Field,recover-20220825,002,1795
10.1825,10.1909,28046,36800,Eptesicus serotinus,0.008,0.025,-1,Echolocation,/mnt/ubna_data_01_mir/recover-20220825/UBNA_002/20220823_033000.WAV,Telephone Field,recover-20220825,002,1795
10.1915,10.2293,68437,81847,Rhinolophus ferrumequinum,0.021,0.021,-1,Echolocation,/mnt/ubna_data_01_mir/recover-20220825/UBNA_002/20220823_033000.WAV,Telephone Field,recover-20220825,002,1795
10.2505,10.2604,27187,36277,Eptesicus serotinus,0.011,0.026,-1,Echolocation,/mnt/ubna_data_01_mir/recover-20220825/UBNA_002/20220823_033000.WAV,Telephone Field,recover-20220825,002,1795
10.2755,10.3125,68437,82248,Rhinolophus ferrumequinum,0.028,0.028,-1,Echolocation,/mnt/ubna_data_01_mir/recover-20220825/UBNA_002/20220823_033000.WAV,Telephone Field,recover-20220825,002,1795
10.2985,10.3093,22031,27778,Nyctalus leisleri,0.012,0.032,-1,Echolocation,/mnt/ubna_data_01_mir/recover-20220825/UBNA_002/20220823_033000.WAV,Telephone Field,recover-20220825,002,1795
10.3475,10.3616,22890,27143,Nyctalus leisleri,0.011,0.021,-1,Echolocation,/mnt/ubna_data_01_mir/recover-20220825/UBNA_002/20220823_033000.WAV,Telephone Field,recover-20220825,002,1795
10.3525,10.3915,68437,82512,Rhinolophus ferrumequinum,0.026,0.026,-1,Echolocation,/mnt/ubna_data_01_mir/recover-20220825/UBNA_002/20220823_033000.WAV,Telephone Field,recover-20220825,002,1795
10.3595,10.368,28046,36537,Eptesicus serotinus,0.007,0.021,-1,Echolocation,/mnt/ubna_data_01_mir/recover-20220825/UBNA_002/20220823_033000.WAV,Telephone Field,recover-20220825,002,1795
10.3725,10.4127,68437,82641,Rhinolophus ferrumequinum,0.026,0.026,-1,Echolocation,/mnt/ubna_data_01_mir/recover-20220825/UBNA_002/20220823_033000.WAV,Telephone Field,recover-20220825,002,1795
10.4115,10.4513,68437,82171,Rhinolophus ferrumequinum,0.022,0.022,-1,Echolocation,/mnt/ubna_data_01_mir/recover-20220825/UBNA_002/20220823_033000.WAV,Telephone Field,recover-20220825,002,1795
10.4175,10.4261,22890,30499,Plecotus austriacus,0.009,0.023,-1,Echolocation,/mnt/ubna_data_01_mir/recover-20220825/UBNA_002/20220823_033000.WAV,Telephone Field,recover-20220825,002,1795
10.4185,10.4273,54687,60519,Pipistrellus pygmaeus,0.02,0.021,-1,Echolocation,/mnt/ubna_data_01_mir/recover-20220825/UBNA_002/20220823_033000.WAV,Telephone Field,recover-20220825,002,1795
10.4595,10.4957,68437,82171,Rhinolophus ferrumequinum,0.026,0.026,-1,Echolocation,/mnt/ubna_data_01_mir/recover-20220825/UBNA_002/20220823_033000.WAV,Telephone Field,recover-20220825,002,1795
10.4655,10.4742,26328,37838,Eptesicus serotinus,0.01,0.023,-1,Echolocation,/mnt/ubna_data_01_mir/recover-20220825/UBNA_002/20220823_033000.WAV,Telephone Field,recover-20220825,002,1795
10.4915,10.5013,23750,30955,Nyctalus leisleri,0.008,0.029,-1,Echolocation,/mnt/ubna_data_01_mir/recover-20220825/UBNA_002/20220823_033000.WAV,Telephone Field,recover-20220825,002,1795
10.5105,10.5471,68437,81811,Rhinolophus ferrumequinum,0.021,0.021,-1,Echolocation,/mnt/ubna_data_01_mir/recover-20220825/UBNA_002/20220823_033000.WAV,Telephone Field,recover-20220825,002,1795
10.5295,10.5406,26328,33720,Eptesicus serotinus,0.01,0.022,-1,Echolocation,/mnt/ubna_data_01_mir/recover-20220825/UBNA_002/20220823_033000.WAV,Telephone Field,recover-20220825,002,1795
10.5475,10.5569,26328,34371,Eptesicus serotinus,0.011,0.027,-1,Echolocation,/mnt/ubna_data_01_mir/recover-20220825/UBNA_002/20220823_033000.WAV,Telephone Field,recover-20220825,002,1795
10.5915,10.5988,26328,36159,Eptesicus serotinus,0.01,0.031,-1,Echolocation,/mnt/ubna_data_01_mir/recover-20220825/UBNA_002/20220823_033000.WAV,Telephone Field,recover-20220825,002,1795
10.7205,10.7283,28046,41842,Eptesicus serotinus,0.007,0.022,-1,Echolocation,/mnt/ubna_data_01_mir/recover-20220825/UBNA_002/20220823_033000.WAV,Telephone Field,recover-20220825,002,1795
10.7365,10.7757,68437,82593,Rhinolophus ferrumequinum,0.023,0.023,-1,Echolocation,/mnt/ubna_data_01_mir/recover-20220825/UBNA_002/20220823_033000.WAV,Telephone Field,recover-20220825,002,1795
10.7905,10.8325,68437,83155,Rhinolophus ferrumequinum,0.027,0.027,-1,Echolocation,/mnt/ubna_data_01_mir/recover-20220825/UBNA_002/20220823_033000.WAV,Telephone Field,recover-20220825,002,1795
10.7975,10.8122,22031,26641,Nyctalus leisleri,0.02,0.043,-1,Echolocation,/mnt/ubna_data_01_mir/recover-20220825/UBNA_002/20220823_033000.WAV,Telephone Field,recover-20220825,002,1795
10.8015,10.8139,39218,42585,Pipistrellus nathusii,0.018,0.026,-1,Echolocation,/mnt/ubna_data_01_mir/recover-20220825/UBNA_002/20220823_033000.WAV,Telephone Field,recover-20220825,002,1795
10.8255,10.8653,68437,82659,Rhinolophus ferrumequinum,0.022,0.022,-1,Echolocation,/mnt/ubna_data_01_mir/recover-20220825/UBNA_002/20220823_033000.WAV,Telephone Field,recover-20220825,002,1795
10.8285,10.8344,49531,55194,Pipistrellus pipistrellus,0.019,0.021,-1,Echolocation,/mnt/ubna_data_01_mir/recover-20220825/UBNA_002/20220823_033000.WAV,Telephone Field,recover-20220825,002,1795
10.8335,10.8709,68437,81891,Rhinolophus ferrumequinum,0.023,0.023,-1,Echolocation,/mnt/ubna_data_01_mir/recover-20220825/UBNA_002/20220823_033000.WAV,Telephone Field,recover-20220825,002,1795
10.8495,10.8571,24609,34067,Plecotus austriacus,0.007,0.026,-1,Echolocation,/mnt/ubna_data_01_mir/recover-20220825/UBNA_002/20220823_033000.WAV,Telephone Field,recover-20220825,002,1795
10.8595,10.8704,28046,36045,Eptesicus serotinus,0.012,0.027,-1,Echolocation,/mnt/ubna_data_01_mir/recover-20220825/UBNA_002/20220823_033000.WAV,Telephone Field,recover-20220825,002,1795
10.8685,10.8746,29765,41565,Myotis daubentonii,0.009,0.028,-1,Echolocation,/mnt/ubna_data_01_mir/recover-20220825/UBNA_002/20220823_033000.WAV,Telephone Field,recover-20220825,002,1795
10.8895,10.9306,68437,82346,Rhinolophus ferrumequinum,0.022,0.022,-1,Echolocation,/mnt/ubna_data_01_mir/recover-20220825/UBNA_002/20220823_033000.WAV,Telephone Field,recover-20220825,002,1795
10.8925,10.9006,25468,34371,Eptesicus serotinus,0.006,0.021,-1,Echolocation,/mnt/ubna_data_01_mir/recover-20220825/UBNA_002/20220823_033000.WAV,Telephone Field,recover-20220825,002,1795
10.9185,10.9556,68437,82321,Rhinolophus ferrumequinum,0.021,0.021,-1,Echolocation,/mnt/ubna_data_01_mir/recover-20220825/UBNA_002/20220823_033000.WAV,Telephone Field,recover-20220825,002,1795
10.9245,10.9431,19453,22645,Nyctalus leisleri,0.01,0.021,-1,Echolocation,/mnt/ubna_data_01_mir/recover-20220825/UBNA_002/20220823_033000.WAV,Telephone Field,recover-20220825,002,1795
10.9365,10.9762,68437,83400,Rhinolophus ferrumequinum,0.039,0.039,-1,Echolocation,/mnt/ubna_data_01_mir/recover-20220825/UBNA_002/20220823_033000.WAV,Telephone Field,recover-20220825,002,1795
10.9665,11.0019,68437,81153,Rhinolophus ferrumequinum,0.021,0.021,-1,Echolocation,/mnt/ubna_data_01_mir/recover-20220825/UBNA_002/20220823_033000.WAV,Telephone Field,recover-20220825,002,1795
11.0045,11.0391,68437,80793,Rhinolophus ferrumequinum,0.022,0.022,-1,Echolocation,/mnt/ubna_data_01_mir/recover-20220825/UBNA_002/20220823_033000.WAV,Telephone Field,recover-20220825,002,1795
11.0115,11.0466,68437,80247,Rhinolophus ferrumequinum,0.022,0.022,-1,Echolocation,/mnt/ubna_data_01_mir/recover-20220825/UBNA_002/20220823_033000.WAV,Telephone Field,recover-20220825,002,1795
11.0125,11.0201,27187,39088,Eptesicus serotinus,0.007,0.021,-1,Echolocation,/mnt/ubna_data_01_mir/recover-20220825/UBNA_002/20220823_033000.WAV,Telephone Field,recover-20220825,002,1795
11.0675,11.074,37500,46346,Myotis daubentonii,0.009,0.028,-1,Echolocation,/mnt/ubna_data_01_mir/recover-20220825/UBNA_002/20220823_033000.WAV,Telephone Field,recover-20220825,002,1795
11.0685,11.1105,68437,83452,Rhinolophus ferrumequinum,0.027,0.027,-1,Echolocation,/mnt/ubna_data_01_mir/recover-20220825/UBNA_002/20220823_033000.WAV,Telephone Field,recover-20220825,002,1795
11.0705,11.0754,31484,48052,Myotis daubentonii,0.011,0.021,-1,Echolocation,/mnt/ubna_data_01_mir/recover-20220825/UBNA_002/20220823_033000.WAV,Telephone Field,recover-20220825,002,1795
11.1075,11.1166,22031,28640,Plecotus austriacus,0.009,0.026,-1,Echolocation,/mnt/ubna_data_01_mir/recover-20220825/UBNA_002/20220823_033000.WAV,Telephone Field,recover-20220825,002,1795
11.1205,11.1598,68437,82281,Rhinolophus ferrumequinum,0.029,0.029,-1,Echolocation,/mnt/ubna_data_01_mir/recover-20220825/UBNA_002/20220823_033000.WAV,Telephone Field,recover-20220825,002,1795
11.1435,11.1517,25468,34355,Eptesicus serotinus,0.011,0.034,-1,Echolocation,/mnt/ubna_data_01_mir/recover-20220825/UBNA_002/20220823_033000.WAV,Telephone Field,recover-20220825,002,1795
11.1775,11.1852,28046,39561,Eptesicus serotinus,0.009,0.025,-1,Echolocation,/mnt/ubna_data_01_mir/recover-20220825/UBNA_002/20220823_033000.WAV,Telephone Field,recover-20220825,002,1795
11.2215,11.2313,22031,28178,Plecotus austriacus,0.009,0.027,-1,Echolocation,/mnt/ubna_data_01_mir/recover-20220825/UBNA_002/20220823_033000.WAV,Telephone Field,recover-20220825,002,1795
11.2905,11.3295,68437,82669,Rhinolophus ferrumequinum,0.029,0.029,-1,Echolocation,/mnt/ubna_data_01_mir/recover-20220825/UBNA_002/20220823_033000.WAV,Telephone Field,recover-20220825,002,1795
11.2965,11.3055,27187,36601,Eptesicus serotinus,0.007,0.021,-1,Echolocation,/mnt/ubna_data_01_mir/recover-20220825/UBNA_002/20220823_033000.WAV,Telephone Field,recover-20220825,002,1795
11.3355,11.344,27187,36199,Eptesicus serotinus,0.008,0.023,-1,Echolocation,/mnt/ubna_data_01_mir/recover-20220825/UBNA_002/20220823_033000.WAV,Telephone Field,recover-20220825,002,1795
11.3375,11.3471,22031,28299,Plecotus austriacus,0.007,0.021,-1,Echolocation,/mnt/ubna_data_01_mir/recover-20220825/UBNA_002/20220823_033000.WAV,Telephone Field,recover-20220825,002,1795
11.3455,11.3857,68437,82527,Rhinolophus ferrumequinum,0.024,0.024,-1,Echolocation,/mnt/ubna_data_01_mir/recover-20220825/UBNA_002/20220823_033000.WAV,Telephone Field,recover-20220825,002,1795
11.3515,11.3907,68437,82539,Rhinolophus ferrumequinum,0.024,0.024,-1,Echolocation,/mnt/ubna_data_01_mir/recover-20220825/UBNA_002/20220823_033000.WAV,Telephone Field,recover-20220825,002,1795
11.3765,11.4137,68437,81711,Rhinolophus ferrumequinum,0.021,0.021,-1,Echolocation,/mnt/ubna_data_01_mir/recover-20220825/UBNA_002/20220823_033000.WAV,Telephone Field,recover-20220825,002,1795
11.4035,11.4132,25468,34177,Eptesicus serotinus,0.012,0.033,-1,Echolocation,/mnt/ubna_data_01_mir/recover-20220825/UBNA_002/20220823_033000.WAV,Telephone Field,recover-20220825,002,1795
11.4285,11.4689,68437,82671,Rhinolophus ferrumequinum,0.023,0.023,-1,Echolocation,/mnt/ubna_data_01_mir/recover-20220825/UBNA_002/20220823_033000.WAV,Telephone Field,recover-20220825,002,1795
11.4545,11.4625,28046,38608,Eptesicus serotinus,0.01,0.027,-1,Echolocation,/mnt/ubna_data_01_mir/recover-20220825/UBNA_002/20220823_033000.WAV,Telephone Field,recover-20220825,002,1795
11.4555,11.4901,68437,81879,Rhinolophus ferrumequinum,0.024,0.024,-1,Echolocation,/mnt/ubna_data_01_mir/recover-20220825/UBNA_002/20220823_033000.WAV,Telephone Field,recover-20220825,002,1795
11.4875,11.527,68437,82240,Rhinolophus ferrumequinum,0.022,0.022,-1,Echolocation,/mnt/ubna_data_01_mir/recover-20220825/UBNA_002/20220823_033000.WAV,Telephone Field,recover-20220825,002,1795
11.5245,11.5633,68437,82354,Rhinolophus ferrumequinum,0.025,0.025,-1,Echolocation,/mnt/ubna_data_01_mir/recover-20220825/UBNA_002/20220823_033000.WAV,Telephone Field,recover-20220825,002,1795
11.5335,11.5712,68437,81904,Rhinolophus ferrumequinum,0.022,0.022,-1,Echolocation,/mnt/ubna_data_01_mir/recover-20220825/UBNA_002/20220823_033000.WAV,Telephone Field,recover-20220825,002,1795
11.5805,11.5883,22890,30833,Plecotus austriacus,0.008,0.021,-1,Echolocation,/mnt/ubna_data_01_mir/recover-20220825/UBNA_002/20220823_033000.WAV,Telephone Field,recover-20220825,002,1795
11.6115,11.6475,68437,81082,Rhinolophus ferrumequinum,0.021,0.022,-1,Echolocation,/mnt/ubna_data_01_mir/recover-20220825/UBNA_002/20220823_033000.WAV,Telephone Field,recover-20220825,002,1795
11.6145,11.6224,22890,30996,Plecotus austriacus,0.011,0.023,-1,Echolocation,/mnt/ubna_data_01_mir/recover-20220825/UBNA_002/20220823_033000.WAV,Telephone Field,recover-20220825,002,1795
11.6575,11.6664,23750,31526,Nyctalus leisleri,0.006,0.023,-1,Echolocation,/mnt/ubna_data_01_mir/recover-20220825/UBNA_002/20220823_033000.WAV,Telephone Field,recover-20220825,002,1795
11.6955,11.7034,27187,37635,Eptesicus serotinus,0.008,0.024,-1,Echolocation,/mnt/ubna_data_01_mir/recover-20220825/UBNA_002/20220823_033000.WAV,Telephone Field,recover-20220825,002,1795
11.7065,11.7151,23750,31127,Nyctalus leisleri,0.006,0.023,-1,Echolocation,/mnt/ubna_data_01_mir/recover-20220825/UBNA_002/20220823_033000.WAV,Telephone Field,recover-20220825,002,1795
11.7505,11.7589,28046,38992,Eptesicus serotinus,0.007,0.021,-1,Echolocation,/mnt/ubna_data_01_mir/recover-20220825/UBNA_002/20220823_033000.WAV,Telephone Field,recover-20220825,002,1795
11.7535,11.7953,68437,82919,Rhinolophus ferrumequinum,0.03,0.03,-1,Echolocation,/mnt/ubna_data_01_mir/recover-20220825/UBNA_002/20220823_033000.WAV,Telephone Field,recover-20220825,002,1795
11.7745,11.8125,68437,82804,Rhinolophus ferrumequinum,0.024,0.024,-1,Echolocation,/mnt/ubna_data_01_mir/recover-20220825/UBNA_002/20220823_033000.WAV,Telephone Field,recover-20220825,002,1795
11.8835,11.8973,22031,26542,Nyctalus leisleri,0.016,0.03,-1,Echolocation,/mnt/ubna_data_01_mir/recover-20220825/UBNA_002/20220823_033000.WAV,Telephone Field,recover-20220825,002,1795
11.9245,11.9622,68437,81785,Rhinolophus ferrumequinum,0.021,0.021,-1,Echolocation,/mnt/ubna_data_01_mir/recover-20220825/UBNA_002/20220823_033000.WAV,Telephone Field,recover-20220825,002,1795
11.9285,11.936,26328,39406,Eptesicus serotinus,0.006,0.021,-1,Echolocation,/mnt/ubna_data_01_mir/recover-20220825/UBNA_002/20220823_033000.WAV,Telephone Field,recover-20220825,002,1795
11.9865,11.9952,28046,42404,Eptesicus serotinus,0.008,0.021,-1,Echolocation,/mnt/ubna_data_01_mir/recover-20220825/UBNA_002/20220823_033000.WAV,Telephone Field,recover-20220825,002,1795
12.0015,12.0111,31484,40024,Eptesicus serotinus,0.007,0.024,-1,Echolocation,/mnt/ubna_data_01_mir/recover-20220825/UBNA_002/20220823_033000.WAV,Telephone Field,recover-20220825,002,1795
12.0015,12.013,48671,54250,Pipistrellus pipistrellus,0.017,0.023,-1,Echolocation,/mnt/ubna_data_01_mir/recover-20220825/UBNA_002/20220823_033000.WAV,Telephone Field,recover-20220825,002,1795
12.0015,12.0108,24609,33973,Nyctalus leisleri,0.008,0.03,-1,Echolocation,/mnt/ubna_data_01_mir/recover-20220825/UBNA_002/20220823_033000.WAV,Telephone Field,recover-20220825,002,1795
12.0015,12.0333,68437,79354,Rhinolophus ferrumequinum,0.031,0.031,-1,Echolocation,/mnt/ubna_data_01_mir/recover-20220825/UBNA_002/20220823_033000.WAV,Telephone Field,recover-20220825,002,1795
12.0105,12.0201,28906,36482,Eptesicus serotinus,0.013,0.028,-1,Echolocation,/mnt/ubna_data_01_mir/recover-20220825/UBNA_002/20220823_033000.WAV,Telephone Field,recover-20220825,002,1795
12.0125,12.0209,50390,54984,Pipistrellus pipistrellus,0.023,0.027,-1,Echolocation,/mnt/ubna_data_01_mir/recover-20220825/UBNA_002/20220823_033000.WAV,Telephone Field,recover-20220825,002,1795
12.0495,12.0909,68437,83319,Rhinolophus ferrumequinum,0.024,0.024,-1,Echolocation,/mnt/ubna_data_01_mir/recover-20220825/UBNA_002/20220823_033000.WAV,Telephone Field,recover-20220825,002,1795
12.0845,12.1216,68437,82004,Rhinolophus ferrumequinum,0.021,0.021,-1,Echolocation,/mnt/ubna_data_01_mir/recover-20220825/UBNA_002/20220823_033000.WAV,Telephone Field,recover-20220825,002,1795
12.0945,12.1063,27187,34643,Eptesicus serotinus,0.02,0.035,-1,Echolocation,/mnt/ubna_data_01_mir/recover-20220825/UBNA_002/20220823_033000.WAV,Telephone Field,recover-20220825,002,1795
12.1035,12.1453,68437,83250,Rhinolophus ferrumequinum,0.026,0.026,-1,Echolocation,/mnt/ubna_data_01_mir/recover-20220825/UBNA_002/20220823_033000.WAV,Telephone Field,recover-20220825,002,1795
12.1075,12.1157,22890,30405,Plecotus austriacus,0.011,0.024,-1,Echolocation,/mnt/ubna_data_01_mir/recover-20220825/UBNA_002/20220823_033000.WAV,Telephone Field,recover-20220825,002,1795
12.1275,12.168,68437,82798,Rhinolophus ferrumequinum,0.027,0.027,-1,Echolocation,/mnt/ubna_data_01_mir/recover-20220825/UBNA_002/20220823_033000.WAV,Telephone Field,recover-20220825,002,1795
12.1925,12.2333,68437,82654,Rhinolophus ferrumequinum,0.032,0.032,-1,Echolocation,/mnt/ubna_data_01_mir/recover-20220825/UBNA_002/20220823_033000.WAV,Telephone Field,recover-20220825,002,1795
12.2005,12.2434,68437,82509,Rhinolophus ferrumequinum,0.032,0.032,-1,Echolocation,/mnt/ubna_data_01_mir/recover-20220825/UBNA_002/20220823_033000.WAV,Telephone Field,recover-20220825,002,1795
12.2105,12.2482,68437,82445,Rhinolophus ferrumequinum,0.022,0.022,-1,Echolocation,/mnt/ubna_data_01_mir/recover-20220825/UBNA_002/20220823_033000.WAV,Telephone Field,recover-20220825,002,1795
12.2265,12.2342,28046,38548,Eptesicus serotinus,0.009,0.029,-1,Echolocation,/mnt/ubna_data_01_mir/recover-20220825/UBNA_002/20220823_033000.WAV,Telephone Field,recover-20220825,002,1795
12.2385,12.2791,68437,82467,Rhinolophus ferrumequinum,0.025,0.025,-1,Echolocation,/mnt/ubna_data_01_mir/recover-20220825/UBNA_002/20220823_033000.WAV,Telephone Field,recover-20220825,002,1795
12.2415,12.2497,23750,30901,Plecotus austriacus,0.008,0.023,-1,Echolocation,/mnt/ubna_data_01_mir/recover-20220825/UBNA_002/20220823_033000.WAV,Telephone Field,recover-20220825,002,1795
12.2455,12.2854,68437,82251,Rhinolophus ferrumequinum,0.024,0.024,-1,Echolocation,/mnt/ubna_data_01_mir/recover-20220825/UBNA_002/20220823_033000.WAV,Telephone Field,recover-20220825,002,1795
12.2555,12.2612,36640,45507,Myotis daubentonii,0.012,0.028,-1,Echolocation,/mnt/ubna_data_01_mir/recover-20220825/UBNA_002/20220823_033000.WAV,Telephone Field,recover-20220825,002,1795
12.2565,12.2623,27187,46199,Eptesicus serotinus,0.006,0.028,-1,Echolocation,/mnt/ubna_data_01_mir/recover-20220825/UBNA_002/20220823_033000.WAV,Telephone Field,recover-20220825,002,1795
12.2995,12.3414,68437,82764,Rhinolophus ferrumequinum,0.028,0.028,-1,Echolocation,/mnt/ubna_data_01_mir/recover-20220825/UBNA_002/20220823_033000.WAV,Telephone Field,recover-20220825,002,1795
12.3015,12.3102,24609,32644,Plecotus austriacus,0.006,0.021,-1,Echolocation,/mnt/ubna_data_01_mir/recover-20220825/UBNA_002/20220823_033000.WAV,Telephone Field,recover-20220825,002,1795
12.3265,12.3686,68437,82636,Rhinolophus ferrumequinum,0.025,0.025,-1,Echolocation,/mnt/ubna_data_01_mir/recover-20220825/UBNA_002/20220823_033000.WAV,Telephone Field,recover-20220825,002,1795
12.3315,12.3718,68437,82519,Rhinolophus ferrumequinum,0.023,0.023,-1,Echolocation,/mnt/ubna_data_01_mir/recover-20220825/UBNA_002/20220823_033000.WAV,Telephone Field,recover-20220825,002,1795
12.3425,12.3506,23750,30921,Plecotus austriacus,0.009,0.023,-1,Echolocation,/mnt/ubna_data_01_mir/recover-20220825/UBNA_002/20220823_033000.WAV,Telephone Field,recover-20220825,002,1795
12.3775,12.3963,16875,20919,Nyctalus noctula,0.028,0.04,-1,Echolocation,/mnt/ubna_data_01_mir/recover-20220825/UBNA_002/20220823_033000.WAV,Telephone Field,recover-20220825,002,1795
12.3985,12.4375,68437,82394,Rhinolophus ferrumequinum,0.022,0.022,-1,Echolocation,/mnt/ubna_data_01_mir/recover-20220825/UBNA_002/20220823_033000.WAV,Telephone Field,recover-20220825,002,1795
12.4365,12.4755,68437,82326,Rhinolophus ferrumequinum,0.021,0.021,-1,Echolocation,/mnt/ubna_data_01_mir/recover-20220825/UBNA_002/20220823_033000.WAV,Telephone Field,recover-20220825,002,1795
12.4555,12.4931,68437,81586,Rhinolophus ferrumequinum,0.024,0.024,-1,Echolocation,/mnt/ubna_data_01_mir/recover-20220825/UBNA_002/20220823_033000.WAV,Telephone Field,recover-20220825,002,1795
12.4655,12.4752,28906,39224,Eptesicus serotinus,0.008,0.021,-1,Echolocation,/mnt/ubna_data_01_mir/recover-20220825/UBNA_002/20220823_033000.WAV,Telephone Field,recover-20220825,002,1795
12.4915,12.5016,28046,36165,Eptesicus serotinus,0.014,0.028,-1,Echolocation,/mnt/ubna_data_01_mir/recover-20220825/UBNA_002/20220823_033000.WAV,Telephone Field,recover-20220825,002,1795
12.5105,12.5503,68437,82342,Rhinolophus ferrumequinum,0.022,0.022,-1,Echolocation,/mnt/ubna_data_01_mir/recover-20220825/UBNA_002/20220823_033000.WAV,Telephone Field,recover-20220825,002,1795
12.6195,12.6592,68437,82567,Rhinolophus ferrumequinum,0.024,0.024,-1,Echolocation,/mnt/ubna_data_01_mir/recover-20220825/UBNA_002/20220823_033000.WAV,Telephone Field,recover-20220825,002,1795
12.6235,12.6318,28046,36569,Eptesicus serotinus,0.009,0.022,-1,Echolocation,/mnt/ubna_data_01_mir/recover-20220825/UBNA_002/20220823_033000.WAV,Telephone Field,recover-20220825,002,1795
12.6325,12.6426,28906,37308,Eptesicus serotinus,0.009,0.021,-1,Echolocation,/mnt/ubna_data_01_mir/recover-20220825/UBNA_002/20220823_033000.WAV,Telephone Field,recover-20220825,002,1795
12.6915,12.7333,68437,82663,Rhinolophus ferrumequinum,0.028,0.028,-1,Echolocation,/mnt/ubna_data_01_mir/recover-20220825/UBNA_002/20220823_033000.WAV,Telephone Field,recover-20220825,002,1795
12.7255,12.7472,18593,20830,Nyctalus noctula,0.014,0.031,-1,Echolocation,/mnt/ubna_data_01_mir/recover-20220825/UBNA_002/20220823_033000.WAV,Telephone Field,recover-20220825,002,1795
12.7535,12.7898,68437,81179,Rhinolophus ferrumequinum,0.024,0.024,-1,Echolocation,/mnt/ubna_data_01_mir/recover-20220825/UBNA_002/20220823_033000.WAV,Telephone Field,recover-20220825,002,1795
12.7665,12.7771,27187,34455,Eptesicus serotinus,0.021,0.039,-1,Echolocation,/mnt/ubna_data_01_mir/recover-20220825/UBNA_002/20220823_033000.WAV,Telephone Field,recover-20220825,002,1795
12.8305,12.8707,68437,82390,Rhinolophus ferrumequinum,0.021,0.021,-1,Echolocation,/mnt/ubna_data_01_mir/recover-20220825/UBNA_002/20220823_033000.WAV,Telephone Field,recover-20220825,002,1795
12.8495,12.8869,68437,82331,Rhinolophus ferrumequinum,0.022,0.022,-1,Echolocation,/mnt/ubna_data_01_mir/recover-20220825/UBNA_002/20220823_033000.WAV,Telephone Field,recover-20220825,002,1795
12.8615,12.9024,68437,82796,Rhinolophus ferrumequinum,0.023,0.023,-1,Echolocation,/mnt/ubna_data_01_mir/recover-20220825/UBNA_002/20220823_033000.WAV,Telephone Field,recover-20220825,002,1795
12.8645,12.8748,28906,36373,Eptesicus serotinus,0.01,0.022,-1,Echolocation,/mnt/ubna_data_01_mir/recover-20220825/UBNA_002/20220823_033000.WAV,Telephone Field,recover-20220825,002,1795
12.8795,12.9197,68437,83081,Rhinolophus ferrumequinum,0.023,0.023,-1,Echolocation,/mnt/ubna_data_01_mir/recover-20220825/UBNA_002/20220823_033000.WAV,Telephone Field,recover-20220825,002,1795
12.8945,12.9357,68437,82364,Rhinolophus ferrumequinum,0.021,0.021,-1,Echolocation,/mnt/ubna_data_01_mir/recover-20220825/UBNA_002/20220823_033000.WAV,Telephone Field,recover-20220825,002,1795
12.9025,12.9389,68437,82013,Rhinolophus ferrumequinum,0.022,0.022,-1,Echolocation,/mnt/ubna_data_01_mir/recover-20220825/UBNA_002/20220823_033000.WAV,Telephone Field,recover-20220825,002,1795
12.9235,12.9328,28906,37121,Eptesicus serotinus,0.011,0.026,-1,Echolocation,/mnt/ubna_data_01_mir/recover-20220825/UBNA_002/20220823_033000.WAV,Telephone Field,recover-20220825,002,1795
12.9675,13.0058,68437,82243,Rhinolophus ferrumequinum,0.026,0.026,-1,Echolocation,/mnt/ubna_data_01_mir/recover-20220825/UBNA_002/20220823_033000.WAV,Telephone Field,recover-20220825,002,1795
12.9795,12.9894,22031,27191,Nyctalus leisleri,0.009,0.021,-1,Echolocation,/mnt/ubna_data_01_mir/recover-20220825/UBNA_002/20220823_033000.WAV,Telephone Field,recover-20220825,002,1795
13.0275,13.0345,22890,31490,Plecotus austriacus,0.012,0.025,-1,Echolocation,/mnt/ubna_data_01_mir/recover-20220825/UBNA_002/20220823_033000.WAV,Telephone Field,recover-20220825,002,1795
13.0425,13.0809,68437,81177,Rhinolophus ferrumequinum,0.022,0.022,-1,Echolocation,/mnt/ubna_data_01_mir/recover-20220825/UBNA_002/20220823_033000.WAV,Telephone Field,recover-20220825,002,1795
13.0455,13.0535,28046,38128,Eptesicus serotinus,0.008,0.022,-1,Echolocation,/mnt/ubna_data_01_mir/recover-20220825/UBNA_002/20220823_033000.WAV,Telephone Field,recover-20220825,002,1795
13.0875,13.0937,33203,44293,Myotis daubentonii,0.01,0.025,-1,Echolocation,/mnt/ubna_data_01_mir/recover-20220825/UBNA_002/20220823_033000.WAV,Telephone Field,recover-20220825,002,1795
13.0885,13.0974,23750,31499,Plecotus austriacus,0.011,0.032,-1,Echolocation,/mnt/ubna_data_01_mir/recover-20220825/UBNA_002/20220823_033000.WAV,Telephone Field,recover-20220825,002,1795
13.1125,13.1498,68437,82208,Rhinolophus ferrumequinum,0.023,0.023,-1,Echolocation,/mnt/ubna_data_01_mir/recover-20220825/UBNA_002/20220823_033000.WAV,Telephone Field,recover-20220825,002,1795
13.1165,13.1254,28046,37217,Eptesicus serotinus,0.009,0.025,-1,Echolocation,/mnt/ubna_data_01_mir/recover-20220825/UBNA_002/20220823_033000.WAV,Telephone Field,recover-20220825,002,1795
13.1265,13.136,25468,33871,Eptesicus serotinus,0.01,0.023,-1,Echolocation,/mnt/ubna_data_01_mir/recover-20220825/UBNA_002/20220823_033000.WAV,Telephone Field,recover-20220825,002,1795
13.1635,13.2038,68437,82281,Rhinolophus ferrumequinum,0.026,0.026,-1,Echolocation,/mnt/ubna_data_01_mir/recover-20220825/UBNA_002/20220823_033000.WAV,Telephone Field,recover-20220825,002,1795
13.1775,13.1848,49531,54093,Pipistrellus pipistrellus,0.026,0.029,-1,Echolocation,/mnt/ubna_data_01_mir/recover-20220825/UBNA_002/20220823_033000.WAV,Telephone Field,recover-20220825,002,1795
13.1845,13.1918,26328,37428,Eptesicus serotinus,0.005,0.022,-1,Echolocation,/mnt/ubna_data_01_mir/recover-20220825/UBNA_002/20220823_033000.WAV,Telephone Field,recover-20220825,002,1795
13.2065,13.2478,68437,82617,Rhinolophus ferrumequinum,0.026,0.026,-1,Echolocation,/mnt/ubna_data_01_mir/recover-20220825/UBNA_002/20220823_033000.WAV,Telephone Field,recover-20220825,002,1795
13.2115,13.2206,28046,37225,Eptesicus serotinus,0.008,0.021,-1,Echolocation,/mnt/ubna_data_01_mir/recover-20220825/UBNA_002/20220823_033000.WAV,Telephone Field,recover-20220825,002,1795
13.2305,13.2437,31484,36999,Eptesicus serotinus,0.011,0.031,-1,Echolocation,/mnt/ubna_data_01_mir/recover-20220825/UBNA_002/20220823_033000.WAV,Telephone Field,recover-20220825,002,1795
13.2325,13.274,68437,83028,Rhinolophus ferrumequinum,0.022,0.022,-1,Echolocation,/mnt/ubna_data_01_mir/recover-20220825/UBNA_002/20220823_033000.WAV,Telephone Field,recover-20220825,002,1795
13.2675,13.3043,68437,82057,Rhinolophus ferrumequinum,0.021,0.021,-1,Echolocation,/mnt/ubna_data_01_mir/recover-20220825/UBNA_002/20220823_033000.WAV,Telephone Field,recover-20220825,002,1795
13.3045,13.3137,28046,40417,Eptesicus serotinus,0.015,0.033,-1,Echolocation,/mnt/ubna_data_01_mir/recover-20220825/UBNA_002/20220823_033000.WAV,Telephone Field,recover-20220825,002,1795
13.3085,13.3474,68437,82424,Rhinolophus ferrumequinum,0.021,0.021,-1,Echolocation,/mnt/ubna_data_01_mir/recover-20220825/UBNA_002/20220823_033000.WAV,Telephone Field,recover-20220825,002,1795
13.3115,13.3181,28046,38619,Eptesicus serotinus,0.007,0.028,-1,Echolocation,/mnt/ubna_data_01_mir/recover-20220825/UBNA_002/20220823_033000.WAV,Telephone Field,recover-20220825,002,1795
13.3155,13.3574,68437,83090,Rhinolophus ferrumequinum,0.024,0.024,-1,Echolocation,/mnt/ubna_data_01_mir/recover-20220825/UBNA_002/20220823_033000.WAV,Telephone Field,recover-20220825,002,1795
13.3265,13.3661,68437,82021,Rhinolophus ferrumequinum,0.021,0.021,-1,Echolocation,/mnt/ubna_data_01_mir/recover-20220825/UBNA_002/20220823_033000.WAV,Telephone Field,recover-20220825,002,1795
13.3345,13.3663,68437,80692,Rhinolophus ferrumequinum,0.021,0.021,-1,Echolocation,/mnt/ubna_data_01_mir/recover-20220825/UBNA_002/20220823_033000.WAV,Telephone Field,recover-20220825,002,1795
13.3485,13.3656,20312,23914,Nyctalus leisleri,0.015,0.027,-1,Echolocation,/mnt/ubna_data_01_mir/recover-20220825/UBNA_002/20220823_033000.WAV,Telephone Field,recover-20220825,002,1795
13.3505,13.391,68437,82582,Rhinolophus ferrumequinum,0.021,0.021,-1,Echolocation,/mnt/ubna_data_01_mir/recover-20220825/UBNA_002/20220823_033000.WAV,Telephone Field,recover-20220825,002,1795
13.3755,13.4228,68437,83771,Rhinolophus ferrumequinum,0.046,0.046,-1,Echolocation,/mnt/ubna_data_01_mir/recover-20220825/UBNA_002/20220823_033000.WAV,Telephone Field,recover-20220825,002,1795
13.3885,13.3978,43515,49931,Pipistrellus pipistrellus,0.021,0.03,-1,Echolocation,/mnt/ubna_data_01_mir/recover-20220825/UBNA_002/20220823_033000.WAV,Telephone Field,recover-20220825,002,1795
13.4135,13.4545,68437,82337,Rhinolophus ferrumequinum,0.029,0.029,-1,Echolocation,/mnt/ubna_data_01_mir/recover-20220825/UBNA_002/20220823_033000.WAV,Telephone Field,recover-20220825,002,1795
13.4275,13.4385,22031,27829,Nyctalus leisleri,0.009,0.023,-1,Echolocation,/mnt/ubna_data_01_mir/recover-20220825/UBNA_002/20220823_033000.WAV,Telephone Field,recover-20220825,002,1795
13.4315,13.439,28046,38294,Eptesicus serotinus,0.007,0.022,-1,Echolocation,/mnt/ubna_data_01_mir/recover-20220825/UBNA_002/20220823_033000.WAV,Telephone Field,recover-20220825,002,1795
13.4525,13.4918,68437,81677,Rhinolophus ferrumequinum,0.021,0.021,-1,Echolocation,/mnt/ubna_data_01_mir/recover-20220825/UBNA_002/20220823_033000.WAV,Telephone Field,recover-20220825,002,1795
13.4875,13.525,68437,81400,Rhinolophus ferrumequinum,0.024,0.024,-1,Echolocation,/mnt/ubna_data_01_mir/recover-20220825/UBNA_002/20220823_033000.WAV,Telephone Field,recover-20220825,002,1795
13.4975,13.5368,68437,82221,Rhinolophus ferrumequinum,0.021,0.021,-1,Echolocation,/mnt/ubna_data_01_mir/recover-20220825/UBNA_002/20220823_033000.WAV,Telephone Field,recover-20220825,002,1795
13.4985,13.5074,27187,37780,Eptesicus serotinus,0.008,0.021,-1,Echolocation,/mnt/ubna_data_01_mir/recover-20220825/UBNA_002/20220823_033000.WAV,Telephone Field,recover-20220825,002,1795
13.5245,13.5332,28906,37573,Eptesicus serotinus,0.009,0.023,-1,Echolocation,/mnt/ubna_data_01_mir/recover-20220825/UBNA_002/20220823_033000.WAV,Telephone Field,recover-20220825,002,1795
13.5325,13.5726,68437,82155,Rhinolophus ferrumequinum,0.023,0.023,-1,Echolocation,/mnt/ubna_data_01_mir/recover-20220825/UBNA_002/20220823_033000.WAV,Telephone Field,recover-20220825,002,1795
13.5575,13.5668,28906,37878,Eptesicus serotinus,0.009,0.023,-1,Echolocation,/mnt/ubna_data_01_mir/recover-20220825/UBNA_002/20220823_033000.WAV,Telephone Field,recover-20220825,002,1795
13.5585,13.5956,68437,81442,Rhinolophus ferrumequinum,0.021,0.021,-1,Echolocation,/mnt/ubna_data_01_mir/recover-20220825/UBNA_002/20220823_033000.WAV,Telephone Field,recover-20220825,002,1795
13.5935,13.604,28046,36064,Eptesicus serotinus,0.01,0.025,-1,Echolocation,/mnt/ubna_data_01_mir/recover-20220825/UBNA_002/20220823_033000.WAV,Telephone Field,recover-20220825,002,1795
13.6195,13.6576,68437,81786,Rhinolophus ferrumequinum,0.022,0.022,-1,Echolocation,/mnt/ubna_data_01_mir/recover-20220825/UBNA_002/20220823_033000.WAV,Telephone Field,recover-20220825,002,1795
13.6265,13.6646,68437,81693,Rhinolophus ferrumequinum,0.021,0.021,-1,Echolocation,/mnt/ubna_data_01_mir/recover-20220825/UBNA_002/20220823_033000.WAV,Telephone Field,recover-20220825,002,1795
13.6555,13.6668,21171,25340,Nyctalus leisleri,0.012,0.024,-1,Echolocation,/mnt/ubna_data_01_mir/recover-20220825/UBNA_002/20220823_033000.WAV,Telephone Field,recover-20220825,002,1795
13.6695,13.7078,68437,81578,Rhinolophus ferrumequinum,0.025,0.026,-1,Echolocation,/mnt/ubna_data_01_mir/recover-20220825/UBNA_002/20220823_033000.WAV,Telephone Field,recover-20220825,002,1795
13.6695,13.6773,25468,33784,Eptesicus serotinus,0.007,0.024,-1,Echolocation,/mnt/ubna_data_01_mir/recover-20220825/UBNA_002/20220823_033000.WAV,Telephone Field,recover-20220825,002,1795
13.7135,13.7517,68437,82600,Rhinolophus ferrumequinum,0.026,0.026,-1,Echolocation,/mnt/ubna_data_01_mir/recover-20220825/UBNA_002/20220823_033000.WAV,Telephone Field,recover-20220825,002,1795
13.7395,13.7827,68437,82979,Rhinolophus ferrumequinum,0.027,0.027,-1,Echolocation,/mnt/ubna_data_01_mir/recover-20220825/UBNA_002/20220823_033000.WAV,Telephone Field,recover-20220825,002,1795
13.7555,13.7633,26328,34696,Eptesicus serotinus,0.007,0.021,-1,Echolocation,/mnt/ubna_data_01_mir/recover-20220825/UBNA_002/20220823_033000.WAV,Telephone Field,recover-20220825,002,1795
13.7635,13.7995,68437,81437,Rhinolophus ferrumequinum,0.021,0.021,-1,Echolocation,/mnt/ubna_data_01_mir/recover-20220825/UBNA_002/20220823_033000.WAV,Telephone Field,recover-20220825,002,1795
13.7955,13.8331,68437,82025,Rhinolophus ferrumequinum,0.021,0.021,-1,Echolocation,/mnt/ubna_data_01_mir/recover-20220825/UBNA_002/20220823_033000.WAV,Telephone Field,recover-20220825,002,1795
13.8005,13.8091,28046,39048,Eptesicus serotinus,0.007,0.021,-1,Echolocation,/mnt/ubna_data_01_mir/recover-20220825/UBNA_002/20220823_033000.WAV,Telephone Field,recover-20220825,002,1795
13.8265,13.8658,68437,82003,Rhinolophus ferrumequinum,0.023,0.023,-1,Echolocation,/mnt/ubna_data_01_mir/recover-20220825/UBNA_002/20220823_033000.WAV,Telephone Field,recover-20220825,002,1795
13.8355,13.8438,25468,33398,Eptesicus serotinus,0.008,0.026,-1,Echolocation,/mnt/ubna_data_01_mir/recover-20220825/UBNA_002/20220823_033000.WAV,Telephone Field,recover-20220825,002,1795
13.8865,13.9256,68437,82136,Rhinolophus ferrumequinum,0.024,0.024,-1,Echolocation,/mnt/ubna_data_01_mir/recover-20220825/UBNA_002/20220823_033000.WAV,Telephone Field,recover-20220825,002,1795
13.8875,13.8991,25468,32388,Nyctalus leisleri,0.011,0.029,-1,Echolocation,/mnt/ubna_data_01_mir/recover-20220825/UBNA_002/20220823_033000.WAV,Telephone Field,recover-20220825,002,1795
13.8955,13.9344,68437,82392,Rhinolophus ferrumequinum,0.022,0.022,-1,Echolocation,/mnt/ubna_data_01_mir/recover-20220825/UBNA_002/20220823_033000.WAV,Telephone Field,recover-20220825,002,1795
13.9155,13.9558,68437,82441,Rhinolophus ferrumequinum,0.023,0.023,-1,Echolocation,/mnt/ubna_data_01_mir/recover-20220825/UBNA_002/20220823_033000.WAV,Telephone Field,recover-20220825,002,1795
13.9505,13.9592,28046,39591,Eptesicus serotinus,0.007,0.021,-1,Echolocation,/mnt/ubna_data_01_mir/recover-20220825/UBNA_002/20220823_033000.WAV,Telephone Field,recover-20220825,002,1795
13.9575,13.9976,68437,82480,Rhinolophus ferrumequinum,0.028,0.028,-1,Echolocation,/mnt/ubna_data_01_mir/recover-20220825/UBNA_002/20220823_033000.WAV,Telephone Field,recover-20220825,002,1795
13.9685,13.9782,22031,27543,Nyctalus leisleri,0.009,0.023,-1,Echolocation,/mnt/ubna_data_01_mir/recover-20220825/UBNA_002/20220823_033000.WAV,Telephone Field,recover-20220825,002,1795
13.9875,13.9967,28046,40939,Eptesicus serotinus,0.008,0.021,-1,Echolocation,/mnt/ubna_data_01_mir/recover-20220825/UBNA_002/20220823_033000.WAV,Telephone Field,recover-20220825,002,1795
14.0015,14.0347,69296,81717,Rhinolophus ferrumequinum,0.032,0.032,-1,Echolocation,/mnt/ubna_data_01_mir/recover-20220825/UBNA_002/20220823_033000.WAV,Telephone Field,recover-20220825,002,1795
14.0015,14.0104,25468,34758,Nyctalus leisleri,0.01,0.028,-1,Echolocation,/mnt/ubna_data_01_mir/recover-20220825/UBNA_002/20220823_033000.WAV,Telephone Field,recover-20220825,002,1795
14.0015,14.0147,16875,22656,Nyctalus noctula,0.011,0.029,-1,Echolocation,/mnt/ubna_data_01_mir/recover-20220825/UBNA_002/20220823_033000.WAV,Telephone Field,recover-20220825,002,1795
14.0085,14.049,68437,82253,Rhinolophus ferrumequinum,0.021,0.021,-1,Echolocation,/mnt/ubna_data_01_mir/recover-20220825/UBNA_002/20220823_033000.WAV,Telephone Field,recover-20220825,002,1795
14.0285,14.069,68437,82794,Rhinolophus ferrumequinum,0.033,0.033,-1,Echolocation,/mnt/ubna_data_01_mir/recover-20220825/UBNA_002/20220823_033000.WAV,Telephone Field,recover-20220825,002,1795
14.0715,14.109,68437,81886,Rhinolophus ferrumequinum,0.022,0.022,-1,Echolocation,/mnt/ubna_data_01_mir/recover-20220825/UBNA_002/20220823_033000.WAV,Telephone Field,recover-20220825,002,1795
14.0765,14.0856,28906,37520,Eptesicus serotinus,0.011,0.026,-1,Echolocation,/mnt/ubna_data_01_mir/recover-20220825/UBNA_002/20220823_033000.WAV,Telephone Field,recover-20220825,002,1795
14.1185,14.125,31484,49083,Myotis daubentonii,0.02,0.039,-1,Echolocation,/mnt/ubna_data_01_mir/recover-20220825/UBNA_002/20220823_033000.WAV,Telephone Field,recover-20220825,002,1795
14.1435,14.1511,27187,38203,Eptesicus serotinus,0.008,0.023,-1,Echolocation,/mnt/ubna_data_01_mir/recover-20220825/UBNA_002/20220823_033000.WAV,Telephone Field,recover-20220825,002,1795
14.1545,14.1936,68437,82167,Rhinolophus ferrumequinum,0.021,0.021,-1,Echolocation,/mnt/ubna_data_01_mir/recover-20220825/UBNA_002/20220823_033000.WAV,Telephone Field,recover-20220825,002,1795
14.2085,14.2461,68437,82186,Rhinolophus ferrumequinum,0.021,0.021,-1,Echolocation,/mnt/ubna_data_01_mir/recover-20220825/UBNA_002/20220823_033000.WAV,Telephone Field,recover-20220825,002,1795
14.2395,14.2462,25468,37529,Plecotus austriacus,0.005,0.024,-1,Echolocation,/mnt/ubna_data_01_mir/recover-20220825/UBNA_002/20220823_033000.WAV,Telephone Field,recover-20220825,002,1795
14.2505,14.2898,68437,82475,Rhinolophus ferrumequinum,0.025,0.025,-1,Echolocation,/mnt/ubna_data_01_mir/recover-20220825/UBNA_002/20220823_033000.WAV,Telephone Field,recover-20220825,002,1795
14.2605,14.2981,68437,81588,Rhinolophus ferrumequinum,0.022,0.022,-1,Echolocation,/mnt/ubna_data_01_mir/recover-20220825/UBNA_002/20220823_033000.WAV,Telephone Field,recover-20220825,002,1795
14.2875,14.2952,27187,37626,Eptesicus serotinus,0.007,0.022,-1,Echolocation,/mnt/ubna_data_01_mir/recover-20220825/UBNA_002/20220823_033000.WAV,Telephone Field,recover-20220825,002,1795
14.3145,14.3513,68437,82186,Rhinolophus ferrumequinum,0.023,0.023,-1,Echolocation,/mnt/ubna_data_01_mir/recover-20220825/UBNA_002/20220823_033000.WAV,Telephone Field,recover-20220825,002,1795
14.3425,14.3787,68437,82115,Rhinolophus ferrumequinum,0.027,0.027,-1,Echolocation,/mnt/ubna_data_01_mir/recover-20220825/UBNA_002/20220823_033000.WAV,Telephone Field,recover-20220825,002,1795
14.3495,14.3602,22031,27005,Nyctalus leisleri,0.01,0.023,-1,Echolocation,/mnt/ubna_data_01_mir/recover-20220825/UBNA_002/20220823_033000.WAV,Telephone Field,recover-20220825,002,1795
14.3625,14.4002,68437,82384,Rhinolophus ferrumequinum,0.021,0.021,-1,Echolocation,/mnt/ubna_data_01_mir/recover-20220825/UBNA_002/20220823_033000.WAV,Telephone Field,recover-20220825,002,1795
14.3735,14.3828,28906,37968,Eptesicus serotinus,0.008,0.021,-1,Echolocation,/mnt/ubna_data_01_mir/recover-20220825/UBNA_002/20220823_033000.WAV,Telephone Field,recover-20220825,002,1795
14.3825,14.3927,28046,38090,Eptesicus serotinus,0.009,0.021,-1,Echolocation,/mnt/ubna_data_01_mir/recover-20220825/UBNA_002/20220823_033000.WAV,Telephone Field,recover-20220825,002,1795
14.3855,14.4274,68437,82848,Rhinolophus ferrumequinum,0.034,0.034,-1,Echolocation,/mnt/ubna_data_01_mir/recover-20220825/UBNA_002/20220823_033000.WAV,Telephone Field,recover-20220825,002,1795
14.4095,14.4194,23750,31004,Nyctalus leisleri,0.008,0.022,-1,Echolocation,/mnt/ubna_data_01_mir/recover-20220825/UBNA_002/20220823_033000.WAV,Telephone Field,recover-20220825,002,1795
14.4355,14.4752,68437,82009,Rhinolophus ferrumequinum,0.024,0.024,-1,Echolocation,/mnt/ubna_data_01_mir/recover-20220825/UBNA_002/20220823_033000.WAV,Telephone Field,recover-20220825,002,1795
14.4395,14.4527,22031,26566,Nyctalus leisleri,0.02,0.04,-1,Echolocation,/mnt/ubna_data_01_mir/recover-20220825/UBNA_002/20220823_033000.WAV,Telephone Field,recover-20220825,002,1795
14.5245,14.5326,26328,37971,Eptesicus serotinus,0.007,0.022,-1,Echolocation,/mnt/ubna_data_01_mir/recover-20220825/UBNA_002/20220823_033000.WAV,Telephone Field,recover-20220825,002,1795
14.5255,14.5675,68437,83480,Rhinolophus ferrumequinum,0.035,0.035,-1,Echolocation,/mnt/ubna_data_01_mir/recover-20220825/UBNA_002/20220823_033000.WAV,Telephone Field,recover-20220825,002,1795
14.5545,14.5643,22890,29594,Plecotus austriacus,0.011,0.035,-1,Echolocation,/mnt/ubna_data_01_mir/recover-20220825/UBNA_002/20220823_033000.WAV,Telephone Field,recover-20220825,002,1795
14.5555,14.5949,68437,82826,Rhinolophus ferrumequinum,0.029,0.029,-1,Echolocation,/mnt/ubna_data_01_mir/recover-20220825/UBNA_002/20220823_033000.WAV,Telephone Field,recover-20220825,002,1795
14.6005,14.6112,23750,29961,Nyctalus leisleri,0.01,0.024,-1,Echolocation,/mnt/ubna_data_01_mir/recover-20220825/UBNA_002/20220823_033000.WAV,Telephone Field,recover-20220825,002,1795
14.6145,14.6521,68437,82307,Rhinolophus ferrumequinum,0.023,0.023,-1,Echolocation,/mnt/ubna_data_01_mir/recover-20220825/UBNA_002/20220823_033000.WAV,Telephone Field,recover-20220825,002,1795
14.6555,14.6638,22890,30225,Plecotus austriacus,0.01,0.024,-1,Echolocation,/mnt/ubna_data_01_mir/recover-20220825/UBNA_002/20220823_033000.WAV,Telephone Field,recover-20220825,002,1795
14.6725,14.6807,28046,38162,Eptesicus serotinus,0.008,0.024,-1,Echolocation,/mnt/ubna_data_01_mir/recover-20220825/UBNA_002/20220823_033000.WAV,Telephone Field,recover-20220825,002,1795
14.6735,14.712,68437,82598,Rhinolophus ferrumequinum,0.023,0.023,-1,Echolocation,/mnt/ubna_data_01_mir/recover-20220825/UBNA_002/20220823_033000.WAV,Telephone Field,recover-20220825,002,1795
14.6955,14.704,46953,50720,Pipistrellus pipistrellus,0.021,0.023,-1,Echolocation,/mnt/ubna_data_01_mir/recover-20220825/UBNA_002/20220823_033000.WAV,Telephone Field,recover-20220825,002,1795
14.7115,14.7511,68437,82677,Rhinolophus ferrumequinum,0.021,0.021,-1,Echolocation,/mnt/ubna_data_01_mir/recover-20220825/UBNA_002/20220823_033000.WAV,Telephone Field,recover-20220825,002,1795
14.7305,14.7687,68437,81677,Rhinolophus ferrumequinum,0.022,0.022,-1,Echolocation,/mnt/ubna_data_01_mir/recover-20220825/UBNA_002/20220823_033000.WAV,Telephone Field,recover-20220825,002,1795
14.7655,14.803,68437,82559,Rhinolophus ferrumequinum,0.022,0.022,-1,Echolocation,/mnt/ubna_data_01_mir/recover-20220825/UBNA_002/20220823_033000.WAV,Telephone Field,recover-20220825,002,1795
14.8025,14.84,68437,81671,Rhinolophus ferrumequinum,0.024,0.024,-1,Echolocation,/mnt/ubna_data_01_mir/recover-20220825/UBNA_002/20220823_033000.WAV,Telephone Field,recover-20220825,002,1795
14.8285,14.8379,28046,37331,Eptesicus serotinus,0.009,0.023,-1,Echolocation,/mnt/ubna_data_01_mir/recover-20220825/UBNA_002/20220823_033000.WAV,Telephone Field,recover-20220825,002,1795
14.8695,14.8856,30625,36588,Eptesicus serotinus,0.023,0.046,-1,Echolocation,/mnt/ubna_data_01_mir/recover-20220825/UBNA_002/20220823_033000.WAV,Telephone Field,recover-20220825,002,1795
14.9715,15.0079,68437,81918,Rhinolophus ferrumequinum,0.021,0.021,-1,Echolocation,/mnt/ubna_data_01_mir/recover-20220825/UBNA_002/20220823_033000.WAV,Telephone Field,recover-20220825,002,1795
15.0195,15.0571,68437,82781,Rhinolophus ferrumequinum,0.026,0.026,-1,Echolocation,/mnt/ubna_data_01_mir/recover-20220825/UBNA_002/20220823_033000.WAV,Telephone Field,recover-20220825,002,1795
15.0285,15.0684,68437,83595,Rhinolophus ferrumequinum,0.03,0.03,-1,Echolocation,/mnt/ubna_data_01_mir/recover-20220825/UBNA_002/20220823_033000.WAV,Telephone Field,recover-20220825,002,1795
15.0415,15.0536,28906,36665,Eptesicus serotinus,0.013,0.026,-1,Echolocation,/mnt/ubna_data_01_mir/recover-20220825/UBNA_002/20220823_033000.WAV,Telephone Field,recover-20220825,002,1795
15.0505,15.0613,28046,35079,Eptesicus serotinus,0.01,0.022,-1,Echolocation,/mnt/ubna_data_01_mir/recover-20220825/UBNA_002/20220823_033000.WAV,Telephone Field,recover-20220825,002,1795
15.1015,15.1382,68437,82389,Rhinolophus ferrumequinum,0.021,0.021,-1,Echolocation,/mnt/ubna_data_01_mir/recover-20220825/UBNA_002/20220823_033000.WAV,Telephone Field,recover-20220825,002,1795
15.1125,15.1527,68437,82717,Rhinolophus ferrumequinum,0.023,0.023,-1,Echolocation,/mnt/ubna_data_01_mir/recover-20220825/UBNA_002/20220823_033000.WAV,Telephone Field,recover-20220825,002,1795
15.1175,15.1306,22031,25856,Nyctalus leisleri,0.015,0.027,-1,Echolocation,/mnt/ubna_data_01_mir/recover-20220825/UBNA_002/20220823_033000.WAV,Telephone Field,recover-20220825,002,1795
15.1205,15.1336,45234,49063,Pipistrellus pipistrellus,0.02,0.025,-1,Echolocation,/mnt/ubna_data_01_mir/recover-20220825/UBNA_002/20220823_033000.WAV,Telephone Field,recover-20220825,002,1795
15.1405,15.1775,68437,81985,Rhinolophus ferrumequinum,0.022,0.022,-1,Echolocation,/mnt/ubna_data_01_mir/recover-20220825/UBNA_002/20220823_033000.WAV,Telephone Field,recover-20220825,002,1795
15.1475,15.1579,22890,27707,Nyctalus leisleri,0.011,0.022,-1,Echolocation,/mnt/ubna_data_01_mir/recover-20220825/UBNA_002/20220823_033000.WAV,Telephone Field,recover-20220825,002,1795
15.1665,15.1781,25468,30744,Nyctalus leisleri,0.009,0.025,-1,Echolocation,/mnt/ubna_data_01_mir/recover-20220825/UBNA_002/20220823_033000.WAV,Telephone Field,recover-20220825,002,1795
15.1755,15.2133,68437,81817,Rhinolophus ferrumequinum,0.021,0.021,-1,Echolocation,/mnt/ubna_data_01_mir/recover-20220825/UBNA_002/20220823_033000.WAV,Telephone Field,recover-20220825,002,1795
15.1965,15.2336,68437,82536,Rhinolophus ferrumequinum,0.023,0.023,-1,Echolocation,/mnt/ubna_data_01_mir/recover-20220825/UBNA_002/20220823_033000.WAV,Telephone Field,recover-20220825,002,1795
15.2105,15.248,68437,81422,Rhinolophus ferrumequinum,0.023,0.023,-1,Echolocation,/mnt/ubna_data_01_mir/recover-20220825/UBNA_002/20220823_033000.WAV,Telephone Field,recover-20220825,002,1795
15.2155,15.2254,22890,29953,Nyctalus leisleri,0.008,0.023,-1,Echolocation,/mnt/ubna_data_01_mir/recover-20220825/UBNA_002/20220823_033000.WAV,Telephone Field,recover-20220825,002,1795
15.2395,15.2472,24609,33382,Plecotus austriacus,0.008,0.023,-1,Echolocation,/mnt/ubna_data_01_mir/recover-20220825/UBNA_002/20220823_033000.WAV,Telephone Field,recover-20220825,002,1795
15.2395,15.2758,68437,81259,Rhinolophus ferrumequinum,0.03,0.03,-1,Echolocation,/mnt/ubna_data_01_mir/recover-20220825/UBNA_002/20220823_033000.WAV,Telephone Field,recover-20220825,002,1795
15.2715,15.3106,68437,82694,Rhinolophus ferrumequinum,0.024,0.024,-1,Echolocation,/mnt/ubna_data_01_mir/recover-20220825/UBNA_002/20220823_033000.WAV,Telephone Field,recover-20220825,002,1795
15.2955,15.3288,68437,80857,Rhinolophus ferrumequinum,0.026,0.026,-1,Echolocation,/mnt/ubna_data_01_mir/recover-20220825/UBNA_002/20220823_033000.WAV,Telephone Field,recover-20220825,002,1795
15.3075,15.3476,68437,81927,Rhinolophus ferrumequinum,0.021,0.021,-1,Echolocation,/mnt/ubna_data_01_mir/recover-20220825/UBNA_002/20220823_033000.WAV,Telephone Field,recover-20220825,002,1795
15.3475,15.3826,68437,81278,Rhinolophus ferrumequinum,0.022,0.022,-1,Echolocation,/mnt/ubna_data_01_mir/recover-20220825/UBNA_002/20220823_033000.WAV,Telephone Field,recover-20220825,002,1795
15.3495,15.3583,27187,37889,Eptesicus serotinus,0.007,0.021,-1,Echolocation,/mnt/ubna_data_01_mir/recover-20220825/UBNA_002/20220823_033000.WAV,Telephone Field,recover-20220825,002,1795
15.3665,15.4024,68437,81383,Rhinolophus ferrumequinum,0.023,0.023,-1,Echolocation,/mnt/ubna_data_01_mir/recover-20220825/UBNA_002/20220823_033000.WAV,Telephone Field,recover-20220825,002,1795
15.3805,15.3904,28906,35914,Eptesicus serotinus,0.01,0.023,-1,Echolocation,/mnt/ubna_data_01_mir/recover-20220825/UBNA_002/20220823_033000.WAV,Telephone Field,recover-20220825,002,1795
15.4215,15.4297,28046,41009,Eptesicus serotinus,0.007,0.022,-1,Echolocation,/mnt/ubna_data_01_mir/recover-20220825/UBNA_002/20220823_033000.WAV,Telephone Field,recover-20220825,002,1795
15.4535,15.4643,22890,27678,Nyctalus leisleri,0.011,0.022,-1,Echolocation,/mnt/ubna_data_01_mir/recover-20220825/UBNA_002/20220823_033000.WAV,Telephone Field,recover-20220825,002,1795
15.4625,15.5008,68437,81977,Rhinolophus ferrumequinum,0.024,0.024,-1,Echolocation,/mnt/ubna_data_01_mir/recover-20220825/UBNA_002/20220823_033000.WAV,Telephone Field,recover-20220825,002,1795
15.4815,15.4878,48671,52552,Pipistrellus pipistrellus,0.021,0.022,-1,Echolocation,/mnt/ubna_data_01_mir/recover-20220825/UBNA_002/20220823_033000.WAV,Telephone Field,recover-20220825,002,1795
15.5415,15.5518,22890,29321,Nyctalus leisleri,0.012,0.03,-1,Echolocation,/mnt/ubna_data_01_mir/recover-20220825/UBNA_002/20220823_033000.WAV,Telephone Field,recover-20220825,002,1795
15.5945,15.6018,23750,32213,Plecotus austriacus,0.011,0.024,-1,Echolocation,/mnt/ubna_data_01_mir/recover-20220825/UBNA_002/20220823_033000.WAV,Telephone Field,recover-20220825,002,1795
15.6055,15.6413,68437,81757,Rhinolophus ferrumequinum,0.022,0.022,-1,Echolocation,/mnt/ubna_data_01_mir/recover-20220825/UBNA_002/20220823_033000.WAV,Telephone Field,recover-20220825,002,1795
15.6595,15.6692,28906,38366,Eptesicus serotinus,0.009,0.022,-1,Echolocation,/mnt/ubna_data_01_mir/recover-20220825/UBNA_002/20220823_033000.WAV,Telephone Field,recover-20220825,002,1795
15.6845,15.7238,68437,82448,Rhinolophus ferrumequinum,0.022,0.022,-1,Echolocation,/mnt/ubna_data_01_mir/recover-20220825/UBNA_002/20220823_033000.WAV,Telephone Field,recover-20220825,002,1795
15.7035,15.7467,68437,83255,Rhinolophus ferrumequinum,0.032,0.032,-1,Echolocation,/mnt/ubna_data_01_mir/recover-20220825/UBNA_002/20220823_033000.WAV,Telephone Field,recover-20220825,002,1795
15.7475,15.7874,68437,83209,Rhinolophus ferrumequinum,0.026,0.026,-1,Echolocation,/mnt/ubna_data_01_mir/recover-20220825/UBNA_002/20220823_033000.WAV,Telephone Field,recover-20220825,002,1795
15.8185,15.8286,22031,26956,Nyctalus leisleri,0.01,0.022,-1,Echolocation,/mnt/ubna_data_01_mir/recover-20220825/UBNA_002/20220823_033000.WAV,Telephone Field,recover-20220825,002,1795
15.8195,15.8605,68437,81307,Rhinolophus ferrumequinum,0.031,0.031,-1,Echolocation,/mnt/ubna_data_01_mir/recover-20220825/UBNA_002/20220823_033000.WAV,Telephone Field,recover-20220825,002,1795
15.8455,15.8567,22890,27436,Nyctalus leisleri,0.012,0.024,-1,Echolocation,/mnt/ubna_data_01_mir/recover-20220825/UBNA_002/20220823_033000.WAV,Telephone Field,recover-20220825,002,1795
15.8675,15.9069,68437,82096,Rhinolophus ferrumequinum,0.023,0.023,-1,Echolocation,/mnt/ubna_data_01_mir/recover-20220825/UBNA_002/20220823_033000.WAV,Telephone Field,recover-20220825,002,1795
15.8735,15.8859,25468,31252,Nyctalus leisleri,0.013,0.031,-1,Echolocation,/mnt/ubna_data_01_mir/recover-20220825/UBNA_002/20220823_033000.WAV,Telephone Field,recover-20220825,002,1795
15.9575,15.998,68437,81947,Rhinolophus ferrumequinum,0.024,0.024,-1,Echolocation,/mnt/ubna_data_01_mir/recover-20220825/UBNA_002/20220823_033000.WAV,Telephone Field,recover-20220825,002,1795
15.9815,15.9915,21171,26724,Plecotus austriacus,0.008,0.022,-1,Echolocation,/mnt/ubna_data_01_mir/recover-20220825/UBNA_002/20220823_033000.WAV,Telephone Field,recover-20220825,002,1795
16.0015,16.0375,68437,80458,Rhinolophus ferrumequinum,0.059,0.059,-1,Echolocation,/mnt/ubna_data_01_mir/recover-20220825/UBNA_002/20220823_033000.WAV,Telephone Field,recover-20220825,002,1795
16.0015,16.0099,26328,35774,Nyctalus leisleri,0.008,0.027,-1,Echolocation,/mnt/ubna_data_01_mir/recover-20220825/UBNA_002/20220823_033000.WAV,Telephone Field,recover-20220825,002,1795
16.0285,16.04,22031,27926,Nyctalus leisleri,0.043,0.12,-1,Echolocation,/mnt/ubna_data_01_mir/recover-20220825/UBNA_002/20220823_033000.WAV,Telephone Field,recover-20220825,002,1795
16.0375,16.0748,68437,82113,Rhinolophus ferrumequinum,0.021,0.021,-1,Echolocation,/mnt/ubna_data_01_mir/recover-20220825/UBNA_002/20220823_033000.WAV,Telephone Field,recover-20220825,002,1795
16.0525,16.0621,49531,54715,Pipistrellus pipistrellus,0.02,0.023,-1,Echolocation,/mnt/ubna_data_01_mir/recover-20220825/UBNA_002/20220823_033000.WAV,Telephone Field,recover-20220825,002,1795
16.0555,16.0636,27187,40025,Eptesicus serotinus,0.006,0.022,-1,Echolocation,/mnt/ubna_data_01_mir/recover-20220825/UBNA_002/20220823_033000.WAV,Telephone Field,recover-20220825,002,1795
16.0675,16.1033,68437,81110,Rhinolophus ferrumequinum,0.021,0.021,-1,Echolocation,/mnt/ubna_data_01_mir/recover-20220825/UBNA_002/20220823_033000.WAV,Telephone Field,recover-20220825,002,1795
16.0835,16.1236,68437,82580,Rhinolophus ferrumequinum,0.028,0.028,-1,Echolocation,/mnt/ubna_data_01_mir/recover-20220825/UBNA_002/20220823_033000.WAV,Telephone Field,recover-20220825,002,1795
16.1325,16.1415,45234,51804,Pipistrellus pipistrellus,0.02,0.023,-1,Echolocation,/mnt/ubna_data_01_mir/recover-20220825/UBNA_002/20220823_033000.WAV,Telephone Field,recover-20220825,002,1795
16.1685,16.1834,44375,46796,Pipistrellus pipistrellus,0.04,0.046,-1,Echolocation,/mnt/ubna_data_01_mir/recover-20220825/UBNA_002/20220823_033000.WAV,Telephone Field,recover-20220825,002,1795
16.1705,16.1801,28046,37851,Eptesicus serotinus,0.01,0.022,-1,Echolocation,/mnt/ubna_data_01_mir/recover-20220825/UBNA_002/20220823_033000.WAV,Telephone Field,recover-20220825,002,1795
16.1795,16.1876,23750,32506,Plecotus austriacus,0.008,0.022,-1,Echolocation,/mnt/ubna_data_01_mir/recover-20220825/UBNA_002/20220823_033000.WAV,Telephone Field,recover-20220825,002,1795
16.2045,16.2118,24609,34017,Plecotus austriacus,0.009,0.023,-1,Echolocation,/mnt/ubna_data_01_mir/recover-20220825/UBNA_002/20220823_033000.WAV,Telephone Field,recover-20220825,002,1795
16.2385,16.2472,26328,39323,Eptesicus serotinus,0.008,0.021,-1,Echolocation,/mnt/ubna_data_01_mir/recover-20220825/UBNA_002/20220823_033000.WAV,Telephone Field,recover-20220825,002,1795
16.2525,16.2912,68437,82890,Rhinolophus ferrumequinum,0.025,0.025,-1,Echolocation,/mnt/ubna_data_01_mir/recover-20220825/UBNA_002/20220823_033000.WAV,Telephone Field,recover-20220825,002,1795
16.2635,16.2773,22031,25945,Nyctalus leisleri,0.021,0.039,-1,Echolocation,/mnt/ubna_data_01_mir/recover-20220825/UBNA_002/20220823_033000.WAV,Telephone Field,recover-20220825,002,1795
16.2895,16.3302,68437,82425,Rhinolophus ferrumequinum,0.024,0.024,-1,Echolocation,/mnt/ubna_data_01_mir/recover-20220825/UBNA_002/20220823_033000.WAV,Telephone Field,recover-20220825,002,1795
16.3325,16.3453,22890,27705,Nyctalus leisleri,0.015,0.03,-1,Echolocation,/mnt/ubna_data_01_mir/recover-20220825/UBNA_002/20220823_033000.WAV,Telephone Field,recover-20220825,002,1795
16.3805,16.4202,68437,82776,Rhinolophus ferrumequinum,0.022,0.022,-1,Echolocation,/mnt/ubna_data_01_mir/recover-20220825/UBNA_002/20220823_033000.WAV,Telephone Field,recover-20220825,002,1795
16.3835,16.3956,22890,27960,Nyctalus leisleri,0.012,0.023,-1,Echolocation,/mnt/ubna_data_01_mir/recover-20220825/UBNA_002/20220823_033000.WAV,Telephone Field,recover-20220825,002,1795
16.4315,16.4696,68437,82210,Rhinolophus ferrumequinum,0.021,0.021,-1,Echolocation,/mnt/ubna_data_01_mir/recover-20220825/UBNA_002/20220823_033000.WAV,Telephone Field,recover-20220825,002,1795
16.4795,16.5196,68437,82418,Rhinolophus ferrumequinum,0.021,0.021,-1,Echolocation,/mnt/ubna_data_01_mir/recover-20220825/UBNA_002/20220823_033000.WAV,Telephone Field,recover-20220825,002,1795
16.5845,16.6182,68437,81387,Rhinolophus ferrumequinum,0.021,0.021,-1,Echolocation,/mnt/ubna_data_01_mir/recover-20220825/UBNA_002/20220823_033000.WAV,Telephone Field,recover-20220825,002,1795
16.6005,16.6398,68437,82372,Rhinolophus ferrumequinum,0.022,0.022,-1,Echolocation,/mnt/ubna_data_01_mir/recover-20220825/UBNA_002/20220823_033000.WAV,Telephone Field,recover-20220825,002,1795
16.6365,16.6733,68437,81646,Rhinolophus ferrumequinum,0.021,0.021,-1,Echolocation,/mnt/ubna_data_01_mir/recover-20220825/UBNA_002/20220823_033000.WAV,Telephone Field,recover-20220825,002,1795
16.6435,16.6515,26328,34526,Eptesicus serotinus,0.009,0.023,-1,Echolocation,/mnt/ubna_data_01_mir/recover-20220825/UBNA_002/20220823_033000.WAV,Telephone Field,recover-20220825,002,1795
16.6775,16.718,68437,83109,Rhinolophus ferrumequinum,0.027,0.027,-1,Echolocation,/mnt/ubna_data_01_mir/recover-20220825/UBNA_002/20220823_033000.WAV,Telephone Field,recover-20220825,002,1795
16.7205,16.7277,28046,40380,Eptesicus serotinus,0.006,0.021,-1,Echolocation,/mnt/ubna_data_01_mir/recover-20220825/UBNA_002/20220823_033000.WAV,Telephone Field,recover-20220825,002,1795
16.7375,16.747,23750,31420,Plecotus austriacus,0.009,0.029,-1,Echolocation,/mnt/ubna_data_01_mir/recover-20220825/UBNA_002/20220823_033000.WAV,Telephone Field,recover-20220825,002,1795
16.7385,16.7794,68437,82600,Rhinolophus ferrumequinum,0.023,0.023,-1,Echolocation,/mnt/ubna_data_01_mir/recover-20220825/UBNA_002/20220823_033000.WAV,Telephone Field,recover-20220825,002,1795
16.7765,16.817,68437,82527,Rhinolophus ferrumequinum,0.023,0.023,-1,Echolocation,/mnt/ubna_data_01_mir/recover-20220825/UBNA_002/20220823_033000.WAV,Telephone Field,recover-20220825,002,1795
16.8215,16.8583,68437,82176,Rhinolophus ferrumequinum,0.021,0.021,-1,Echolocation,/mnt/ubna_data_01_mir/recover-20220825/UBNA_002/20220823_033000.WAV,Telephone Field,recover-20220825,002,1795
16.9145,16.9215,23750,32900,Plecotus austriacus,0.01,0.023,-1,Echolocation,/mnt/ubna_data_01_mir/recover-20220825/UBNA_002/20220823_033000.WAV,Telephone Field,recover-20220825,002,1795
16.9425,16.9513,43515,48688,Pipistrellus pipistrellus,0.021,0.024,-1,Echolocation,/mnt/ubna_data_01_mir/recover-20220825/UBNA_002/20220823_033000.WAV,Telephone Field,recover-20220825,002,1795
16.9645,17.0053,68437,82566,Rhinolophus ferrumequinum,0.029,0.029,-1,Echolocation,/mnt/ubna_data_01_mir/recover-20220825/UBNA_002/20220823_033000.WAV,Telephone Field,recover-20220825,002,1795
17.0115,17.0497,68437,82168,Rhinolophus ferrumequinum,0.023,0.023,-1,Echolocation,/mnt/ubna_data_01_mir/recover-20220825/UBNA_002/20220823_033000.WAV,Telephone Field,recover-20220825,002,1795
17.0525,17.0603,22890,30519,Plecotus austriacus,0.011,0.024,-1,Echolocation,/mnt/ubna_data_01_mir/recover-20220825/UBNA_002/20220823_033000.WAV,Telephone Field,recover-20220825,002,1795
17.0915,17.1288,68437,81679,Rhinolophus ferrumequinum,0.022,0.022,-1,Echolocation,/mnt/ubna_data_01_mir/recover-20220825/UBNA_002/20220823_033000.WAV,Telephone Field,recover-20220825,002,1795
17.0995,17.1076,25468,33272,Eptesicus serotinus,0.007,0.022,-1,Echolocation,/mnt/ubna_data_01_mir/recover-20220825/UBNA_002/20220823_033000.WAV,Telephone Field,recover-20220825,002,1795
17.1505,17.1592,44375,47912,Pipistrellus pipistrellus,0.024,0.025,-1,Echolocation,/mnt/ubna_data_01_mir/recover-20220825/UBNA_002/20220823_033000.WAV,Telephone Field,recover-20220825,002,1795
17.1615,17.2008,68437,82493,Rhinolophus ferrumequinum,0.021,0.021,-1,Echolocation,/mnt/ubna_data_01_mir/recover-20220825/UBNA_002/20220823_033000.WAV,Telephone Field,recover-20220825,002,1795
17.2185,17.2288,28046,35601,Eptesicus serotinus,0.01,0.022,-1,Echolocation,/mnt/ubna_data_01_mir/recover-20220825/UBNA_002/20220823_033000.WAV,Telephone Field,recover-20220825,002,1795
17.2355,17.2454,28906,36962,Eptesicus serotinus,0.011,0.024,-1,Echolocation,/mnt/ubna_data_01_mir/recover-20220825/UBNA_002/20220823_033000.WAV,Telephone Field,recover-20220825,002,1795
17.2845,17.3244,68437,82408,Rhinolophus ferrumequinum,0.025,0.025,-1,Echolocation,/mnt/ubna_data_01_mir/recover-20220825/UBNA_002/20220823_033000.WAV,Telephone Field,recover-20220825,002,1795
17.3315,17.3703,68437,82200,Rhinolophus ferrumequinum,0.021,0.021,-1,Echolocation,/mnt/ubna_data_01_mir/recover-20220825/UBNA_002/20220823_033000.WAV,Telephone Field,recover-20220825,002,1795
17.3455,17.3858,68437,81676,Rhinolophus ferrumequinum,0.022,0.022,-1,Echolocation,/mnt/ubna_data_01_mir/recover-20220825/UBNA_002/20220823_033000.WAV,Telephone Field,recover-20220825,002,1795
17.3695,17.3804,24609,30963,Nyctalus leisleri,0.009,0.023,-1,Echolocation,/mnt/ubna_data_01_mir/recover-20220825/UBNA_002/20220823_033000.WAV,Telephone Field,recover-20220825,002,1795
17.3815,17.4231,68437,83057,Rhinolophus ferrumequinum,0.027,0.027,-1,Echolocation,/mnt/ubna_data_01_mir/recover-20220825/UBNA_002/20220823_033000.WAV,Telephone Field,recover-20220825,002,1795
17.4285,17.4416,23750,28316,Nyctalus leisleri,0.015,0.026,-1,Echolocation,/mnt/ubna_data_01_mir/recover-20220825/UBNA_002/20220823_033000.WAV,Telephone Field,recover-20220825,002,1795
17.4635,17.4717,28906,37961,Eptesicus serotinus,0.008,0.023,-1,Echolocation,/mnt/ubna_data_01_mir/recover-20220825/UBNA_002/20220823_033000.WAV,Telephone Field,recover-20220825,002,1795
17.5275,17.5347,23750,32736,Plecotus austriacus,0.015,0.028,-1,Echolocation,/mnt/ubna_data_01_mir/recover-20220825/UBNA_002/20220823_033000.WAV,Telephone Field,recover-20220825,002,1795
17.5305,17.5694,68437,82206,Rhinolophus ferrumequinum,0.026,0.026,-1,Echolocation,/mnt/ubna_data_01_mir/recover-20220825/UBNA_002/20220823_033000.WAV,Telephone Field,recover-20220825,002,1795
17.5385,17.5784,68437,82088,Rhinolophus ferrumequinum,0.025,0.025,-1,Echolocation,/mnt/ubna_data_01_mir/recover-20220825/UBNA_002/20220823_033000.WAV,Telephone Field,recover-20220825,002,1795
17.5595,17.57,26328,34710,Eptesicus serotinus,0.009,0.029,-1,Echolocation,/mnt/ubna_data_01_mir/recover-20220825/UBNA_002/20220823_033000.WAV,Telephone Field,recover-20220825,002,1795
17.5595,17.599,68437,82544,Rhinolophus ferrumequinum,0.025,0.025,-1,Echolocation,/mnt/ubna_data_01_mir/recover-20220825/UBNA_002/20220823_033000.WAV,Telephone Field,recover-20220825,002,1795
17.6085,17.6519,68437,82910,Rhinolophus ferrumequinum,0.034,0.034,-1,Echolocation,/mnt/ubna_data_01_mir/recover-20220825/UBNA_002/20220823_033000.WAV,Telephone Field,recover-20220825,002,1795
17.6145,17.6212,27187,40424,Eptesicus serotinus,0.005,0.023,-1,Echolocation,/mnt/ubna_data_01_mir/recover-20220825/UBNA_002/20220823_033000.WAV,Telephone Field,recover-20220825,002,1795
17.6295,17.6677,68437,82545,Rhinolophus ferrumequinum,0.023,0.023,-1,Echolocation,/mnt/ubna_data_01_mir/recover-20220825/UBNA_002/20220823_033000.WAV,Telephone Field,recover-20220825,002,1795
17.6705,17.6823,41796,47728,Pipistrellus pipistrellus,0.009,0.026,-1,Echolocation,/mnt/ubna_data_01_mir/recover-20220825/UBNA_002/20220823_033000.WAV,Telephone Field,recover-20220825,002,1795
17.6715,17.6793,28046,38472,Eptesicus serotinus,0.008,0.023,-1,Echolocation,/mnt/ubna_data_01_mir/recover-20220825/UBNA_002/20220823_033000.WAV,Telephone Field,recover-20220825,002,1795
17.6725,17.7182,68437,83610,Rhinolophus ferrumequinum,0.055,0.055,-1,Echolocation,/mnt/ubna_data_01_mir/recover-20220825/UBNA_002/20220823_033000.WAV,Telephone Field,recover-20220825,002,1795
17.7105,17.7508,68437,82391,Rhinolophus ferrumequinum,0.025,0.025,-1,Echolocation,/mnt/ubna_data_01_mir/recover-20220825/UBNA_002/20220823_033000.WAV,Telephone Field,recover-20220825,002,1795
17.7385,17.7771,68437,82133,Rhinolophus ferrumequinum,0.022,0.022,-1,Echolocation,/mnt/ubna_data_01_mir/recover-20220825/UBNA_002/20220823_033000.WAV,Telephone Field,recover-20220825,002,1795
17.8135,17.852,68437,82293,Rhinolophus ferrumequinum,0.021,0.021,-1,Echolocation,/mnt/ubna_data_01_mir/recover-20220825/UBNA_002/20220823_033000.WAV,Telephone Field,recover-20220825,002,1795
17.8185,17.8286,24609,30767,Nyctalus leisleri,0.01,0.025,-1,Echolocation,/mnt/ubna_data_01_mir/recover-20220825/UBNA_002/20220823_033000.WAV,Telephone Field,recover-20220825,002,1795
17.8395,17.8764,68437,81372,Rhinolophus ferrumequinum,0.022,0.022,-1,Echolocation,/mnt/ubna_data_01_mir/recover-20220825/UBNA_002/20220823_033000.WAV,Telephone Field,recover-20220825,002,1795
17.8595,17.8704,23750,29098,Nyctalus leisleri,0.011,0.022,-1,Echolocation,/mnt/ubna_data_01_mir/recover-20220825/UBNA_002/20220823_033000.WAV,Telephone Field,recover-20220825,002,1795
17.8955,17.9335,68437,81985,Rhinolophus ferrumequinum,0.021,0.021,-1,Echolocation,/mnt/ubna_data_01_mir/recover-20220825/UBNA_002/20220823_033000.WAV,Telephone Field,recover-20220825,002,1795
17.9385,17.9471,26328,34531,Nyctalus leisleri,0.007,0.025,-1,Echolocation,/mnt/ubna_data_01_mir/recover-20220825/UBNA_002/20220823_033000.WAV,Telephone Field,recover-20220825,002,1795
17.9485,17.9596,22890,27848,Nyctalus leisleri,0.011,0.022,-1,Echolocation,/mnt/ubna_data_01_mir/recover-20220825/UBNA_002/20220823_033000.WAV,Telephone Field,recover-20220825,002,1795
18.0015,18.0322,68437,80738,Rhinolophus ferrumequinum,0.025,0.025,-1,Echolocation,/mnt/ubna_data_01_mir/recover-20220825/UBNA_002/20220823_033000.WAV,Telephone Field,recover-20220825,002,1795
18.0015,18.0084,23750,34054,Plecotus austriacus,0.007,0.024,-1,Echolocation,/mnt/ubna_data_01_mir/recover-20220825/UBNA_002/20220823_033000.WAV,Telephone Field,recover-20220825,002,1795
18.0525,18.0946,68437,82490,Rhinolophus ferrumequinum,0.022,0.022,-1,Echolocation,/mnt/ubna_data_01_mir/recover-20220825/UBNA_002/20220823_033000.WAV,Telephone Field,recover-20220825,002,1795
18.0605,18.0682,27187,36843,Eptesicus serotinus,0.009,0.024,-1,Echolocation,/mnt/ubna_data_01_mir/recover-20220825/UBNA_002/20220823_033000.WAV,Telephone Field,recover-20220825,002,1795
18.0605,18.101,68437,82690,Rhinolophus ferrumequinum,0.023,0.023,-1,Echolocation,/mnt/ubna_data_01_mir/recover-20220825/UBNA_002/20220823_033000.WAV,Telephone Field,recover-20220825,002,1795
18.0945,18.1049,23750,30810,Nyctalus leisleri,0.009,0.023,-1,Echolocation,/mnt/ubna_data_01_mir/recover-20220825/UBNA_002/20220823_033000.WAV,Telephone Field,recover-20220825,002,1795
18.1765,18.2174,68437,82813,Rhinolophus ferrumequinum,0.026,0.026,-1,Echolocation,/mnt/ubna_data_01_mir/recover-20220825/UBNA_002/20220823_033000.WAV,Telephone Field,recover-20220825,002,1795
18.1795,18.1901,22031,26700,Nyctalus leisleri,0.01,0.021,-1,Echolocation,/mnt/ubna_data_01_mir/recover-20220825/UBNA_002/20220823_033000.WAV,Telephone Field,recover-20220825,002,1795
18.2125,18.2219,28046,36341,Eptesicus serotinus,0.009,0.023,-1,Echolocation,/mnt/ubna_data_01_mir/recover-20220825/UBNA_002/20220823_033000.WAV,Telephone Field,recover-20220825,002,1795
18.2535,18.2616,23750,31971,Plecotus austriacus,0.009,0.027,-1,Echolocation,/mnt/ubna_data_01_mir/recover-20220825/UBNA_002/20220823_033000.WAV,Telephone Field,recover-20220825,002,1795
18.2785,18.3148,68437,82283,Rhinolophus ferrumequinum,0.022,0.022,-1,Echolocation,/mnt/ubna_data_01_mir/recover-20220825/UBNA_002/20220823_033000.WAV,Telephone Field,recover-20220825,002,1795
18.2885,18.3276,68437,81861,Rhinolophus ferrumequinum,0.021,0.022,-1,Echolocation,/mnt/ubna_data_01_mir/recover-20220825/UBNA_002/20220823_033000.WAV,Telephone Field,recover-20220825,002,1795
18.3225,18.3318,25468,33923,Eptesicus serotinus,0.012,0.033,-1,Echolocation,/mnt/ubna_data_01_mir/recover-20220825/UBNA_002/20220823_033000.WAV,Telephone Field,recover-20220825,002,1795
18.3405,18.3796,68437,82456,Rhinolophus ferrumequinum,0.024,0.024,-1,Echolocation,/mnt/ubna_data_01_mir/recover-20220825/UBNA_002/20220823_033000.WAV,Telephone Field,recover-20220825,002,1795
18.4235,18.4315,30625,39909,Myotis daubentonii,0.009,0.021,-1,Echolocation,/mnt/ubna_data_01_mir/recover-20220825/UBNA_002/20220823_033000.WAV,Telephone Field,recover-20220825,002,1795
18.4275,18.4683,68437,83013,Rhinolophus ferrumequinum,0.021,0.021,-1,Echolocation,/mnt/ubna_data_01_mir/recover-20220825/UBNA_002/20220823_033000.WAV,Telephone Field,recover-20220825,002,1795
18.4565,18.4665,45234,49359,Pipistrellus pipistrellus,0.04,0.044,-1,Echolocation,/mnt/ubna_data_01_mir/recover-20220825/UBNA_002/20220823_033000.WAV,Telephone Field,recover-20220825,002,1795
18.4565,18.4951,68437,81561,Rhinolophus ferrumequinum,0.023,0.023,-1,Echolocation,/mnt/ubna_data_01_mir/recover-20220825/UBNA_002/20220823_033000.WAV,Telephone Field,recover-20220825,002,1795
18.4675,18.4747,26328,34848,Eptesicus serotinus,0.009,0.028,-1,Echolocation,/mnt/ubna_data_01_mir/recover-20220825/UBNA_002/20220823_033000.WAV,Telephone Field,recover-20220825,002,1795
18.5075,18.5148,28046,37903,Eptesicus serotinus,0.006,0.022,-1,Echolocation,/mnt/ubna_data_01_mir/recover-20220825/UBNA_002/20220823_033000.WAV,Telephone Field,recover-20220825,002,1795
18.5215,18.5631,68437,82594,Rhinolophus ferrumequinum,0.028,0.028,-1,Echolocation,/mnt/ubna_data_01_mir/recover-20220825/UBNA_002/20220823_033000.WAV,Telephone Field,recover-20220825,002,1795
18.5715,18.581,28906,37572,Eptesicus serotinus,0.012,0.028,-1,Echolocation,/mnt/ubna_data_01_mir/recover-20220825/UBNA_002/20220823_033000.WAV,Telephone Field,recover-20220825,002,1795
18.5885,18.5959,28046,38984,Eptesicus serotinus,0.007,0.021,-1,Echolocation,/mnt/ubna_data_01_mir/recover-20220825/UBNA_002/20220823_033000.WAV,Telephone Field,recover-20220825,002,1795
18.6855,18.6915,13437,32276,Plecotus auritus,0.028,0.03,-1,Echolocation,/mnt/ubna_data_01_mir/recover-20220825/UBNA_002/20220823_033000.WAV,Telephone Field,recover-20220825,002,1795
18.6945,18.7019,25468,34966,Plecotus austriacus,0.007,0.026,-1,Echolocation,/mnt/ubna_data_01_mir/recover-20220825/UBNA_002/20220823_033000.WAV,Telephone Field,recover-20220825,002,1795
18.7055,18.7431,68437,82352,Rhinolophus ferrumequinum,0.023,0.023,-1,Echolocation,/mnt/ubna_data_01_mir/recover-20220825/UBNA_002/20220823_033000.WAV,Telephone Field,recover-20220825,002,1795
18.7125,18.7525,68437,82617,Rhinolophus ferrumequinum,0.026,0.026,-1,Echolocation,/mnt/ubna_data_01_mir/recover-20220825/UBNA_002/20220823_033000.WAV,Telephone Field,recover-20220825,002,1795
18.7435,18.7525,25468,33184,Eptesicus serotinus,0.008,0.024,-1,Echolocation,/mnt/ubna_data_01_mir/recover-20220825/UBNA_002/20220823_033000.WAV,Telephone Field,recover-20220825,002,1795
18.7815,18.8198,68437,81610,Rhinolophus ferrumequinum,0.023,0.023,-1,Echolocation,/mnt/ubna_data_01_mir/recover-20220825/UBNA_002/20220823_033000.WAV,Telephone Field,recover-20220825,002,1795
18.7915,18.8033,23750,29533,Nyctalus leisleri,0.01,0.024,-1,Echolocation,/mnt/ubna_data_01_mir/recover-20220825/UBNA_002/20220823_033000.WAV,Telephone Field,recover-20220825,002,1795
18.7995,18.8067,26328,38381,Eptesicus serotinus,0.005,0.021,-1,Echolocation,/mnt/ubna_data_01_mir/recover-20220825/UBNA_002/20220823_033000.WAV,Telephone Field,recover-20220825,002,1795
18.8005,18.8404,68437,83037,Rhinolophus ferrumequinum,0.03,0.03,-1,Echolocation,/mnt/ubna_data_01_mir/recover-20220825/UBNA_002/20220823_033000.WAV,Telephone Field,recover-20220825,002,1795
18.8255,18.8664,68437,82803,Rhinolophus ferrumequinum,0.023,0.023,-1,Echolocation,/mnt/ubna_data_01_mir/recover-20220825/UBNA_002/20220823_033000.WAV,Telephone Field,recover-20220825,002,1795
18.8675,18.8745,26328,40757,Eptesicus serotinus,0.006,0.023,-1,Echolocation,/mnt/ubna_data_01_mir/recover-20220825/UBNA_002/20220823_033000.WAV,Telephone Field,recover-20220825,002,1795
18.8775,18.884,28046,37347,Eptesicus serotinus,0.005,0.022,-1,Echolocation,/mnt/ubna_data_01_mir/recover-20220825/UBNA_002/20220823_033000.WAV,Telephone Field,recover-20220825,002,1795
18.9025,18.9123,22031,28271,Plecotus austriacus,0.008,0.023,-1,Echolocation,/mnt/ubna_data_01_mir/recover-20220825/UBNA_002/20220823_033000.WAV,Telephone Field,recover-20220825,002,1795
18.9035,18.9104,27187,41457,Eptesicus serotinus,0.006,0.022,-1,Echolocation,/mnt/ubna_data_01_mir/recover-20220825/UBNA_002/20220823_033000.WAV,Telephone Field,recover-20220825,002,1795
18.9295,18.9689,68437,82127,Rhinolophus ferrumequinum,0.021,0.021,-1,Echolocation,/mnt/ubna_data_01_mir/recover-20220825/UBNA_002/20220823_033000.WAV,Telephone Field,recover-20220825,002,1795
19.0025,19.0407,68437,81714,Rhinolophus ferrumequinum,0.021,0.021,-1,Echolocation,/mnt/ubna_data_01_mir/recover-20220825/UBNA_002/20220823_033000.WAV,Telephone Field,recover-20220825,002,1795
19.0275,19.0358,28046,38923,Eptesicus serotinus,0.008,0.022,-1,Echolocation,/mnt/ubna_data_01_mir/recover-20220825/UBNA_002/20220823_033000.WAV,Telephone Field,recover-20220825,002,1795
19.0575,19.0732,22890,26860,Nyctalus leisleri,0.014,0.024,-1,Echolocation,/mnt/ubna_data_01_mir/recover-20220825/UBNA_002/20220823_033000.WAV,Telephone Field,recover-20220825,002,1795
19.0655,19.104,68437,82108,Rhinolophus ferrumequinum,0.021,0.021,-1,Echolocation,/mnt/ubna_data_01_mir/recover-20220825/UBNA_002/20220823_033000.WAV,Telephone Field,recover-20220825,002,1795
19.1235,19.1587,68437,81211,Rhinolophus ferrumequinum,0.022,0.022,-1,Echolocation,/mnt/ubna_data_01_mir/recover-20220825/UBNA_002/20220823_033000.WAV,Telephone Field,recover-20220825,002,1795
19.1335,19.1435,22890,29139,Nyctalus leisleri,0.008,0.023,-1,Echolocation,/mnt/ubna_data_01_mir/recover-20220825/UBNA_002/20220823_033000.WAV,Telephone Field,recover-20220825,002,1795
19.1685,19.207,68437,81203,Rhinolophus ferrumequinum,0.026,0.026,-1,Echolocation,/mnt/ubna_data_01_mir/recover-20220825/UBNA_002/20220823_033000.WAV,Telephone Field,recover-20220825,002,1795
19.1805,19.2157,68437,80488,Rhinolophus ferrumequinum,0.022,0.022,-1,Echolocation,/mnt/ubna_data_01_mir/recover-20220825/UBNA_002/20220823_033000.WAV,Telephone Field,recover-20220825,002,1795
19.2375,19.2442,24609,34474,Plecotus austriacus,0.015,0.035,-1,Echolocation,/mnt/ubna_data_01_mir/recover-20220825/UBNA_002/20220823_033000.WAV,Telephone Field,recover-20220825,002,1795
19.2745,19.2811,24609,33831,Plecotus austriacus,0.01,0.022,-1,Echolocation,/mnt/ubna_data_01_mir/recover-20220825/UBNA_002/20220823_033000.WAV,Telephone Field,recover-20220825,002,1795
19.3215,19.3289,22890,30137,Plecotus austriacus,0.01,0.022,-1,Echolocation,/mnt/ubna_data_01_mir/recover-20220825/UBNA_002/20220823_033000.WAV,Telephone Field,recover-20220825,002,1795
19.3795,19.4209,68437,83089,Rhinolophus ferrumequinum,0.024,0.024,-1,Echolocation,/mnt/ubna_data_01_mir/recover-20220825/UBNA_002/20220823_033000.WAV,Telephone Field,recover-20220825,002,1795
19.3985,19.4441,68437,83697,Rhinolophus ferrumequinum,0.036,0.037,-1,Echolocation,/mnt/ubna_data_01_mir/recover-20220825/UBNA_002/20220823_033000.WAV,Telephone Field,recover-20220825,002,1795
19.4225,19.4288,39218,51307,Myotis mystacinus,0.006,0.022,-1,Echolocation,/mnt/ubna_data_01_mir/recover-20220825/UBNA_002/20220823_033000.WAV,Telephone Field,recover-20220825,002,1795
19.4395,19.4754,68437,80819,Rhinolophus ferrumequinum,0.022,0.022,-1,Echolocation,/mnt/ubna_data_01_mir/recover-20220825/UBNA_002/20220823_033000.WAV,Telephone Field,recover-20220825,002,1795
19.4585,19.4678,25468,33535,Eptesicus serotinus,0.009,0.026,-1,Echolocation,/mnt/ubna_data_01_mir/recover-20220825/UBNA_002/20220823_033000.WAV,Telephone Field,recover-20220825,002,1795
19.4865,19.5267,68437,82425,Rhinolophus ferrumequinum,0.021,0.021,-1,Echolocation,/mnt/ubna_data_01_mir/recover-20220825/UBNA_002/20220823_033000.WAV,Telephone Field,recover-20220825,002,1795
19.5145,19.5522,68437,82271,Rhinolophus ferrumequinum,0.023,0.023,-1,Echolocation,/mnt/ubna_data_01_mir/recover-20220825/UBNA_002/20220823_033000.WAV,Telephone Field,recover-20220825,002,1795
19.5385,19.5461,28046,42046,Eptesicus serotinus,0.006,0.022,-1,Echolocation,/mnt/ubna_data_01_mir/recover-20220825/UBNA_002/20220823_033000.WAV,Telephone Field,recover-20220825,002,1795
19.5415,19.5758,68437,80644,Rhinolophus ferrumequinum,0.021,0.021,-1,Echolocation,/mnt/ubna_data_01_mir/recover-20220825/UBNA_002/20220823_033000.WAV,Telephone Field,recover-20220825,002,1795
19.5655,19.6053,68437,82347,Rhinolophus ferrumequinum,0.024,0.024,-1,Echolocation,/mnt/ubna_data_01_mir/recover-20220825/UBNA_002/20220823_033000.WAV,Telephone Field,recover-20220825,002,1795
19.6355,19.6426,28046,39814,Eptesicus serotinus,0.006,0.021,-1,Echolocation,/mnt/ubna_data_01_mir/recover-20220825/UBNA_002/20220823_033000.WAV,Telephone Field,recover-20220825,002,1795
19.6635,19.7,68437,82005,Rhinolophus ferrumequinum,0.024,0.024,-1,Echolocation,/mnt/ubna_data_01_mir/recover-20220825/UBNA_002/20220823_033000.WAV,Telephone Field,recover-20220825,002,1795
19.7265,19.7679,68437,82741,Rhinolophus ferrumequinum,0.025,0.025,-1,Echolocation,/mnt/ubna_data_01_mir/recover-20220825/UBNA_002/20220823_033000.WAV,Telephone Field,recover-20220825,002,1795
19.7355,19.7455,26328,33912,Eptesicus serotinus,0.012,0.027,-1,Echolocation,/mnt/ubna_data_01_mir/recover-20220825/UBNA_002/20220823_033000.WAV,Telephone Field,recover-20220825,002,1795
19.7695,19.7807,22031,26638,Nyctalus leisleri,0.011,0.021,-1,Echolocation,/mnt/ubna_data_01_mir/recover-20220825/UBNA_002/20220823_033000.WAV,Telephone Field,recover-20220825,002,1795
19.7715,19.8112,68437,82466,Rhinolophus ferrumequinum,0.021,0.021,-1,Echolocation,/mnt/ubna_data_01_mir/recover-20220825/UBNA_002/20220823_033000.WAV,Telephone Field,recover-20220825,002,1795
19.8045,19.8396,68437,80537,Rhinolophus ferrumequinum,0.029,0.029,-1,Echolocation,/mnt/ubna_data_01_mir/recover-20220825/UBNA_002/20220823_033000.WAV,Telephone Field,recover-20220825,002,1795
19.8385,19.8476,27187,38114,Eptesicus serotinus,0.008,0.021,-1,Echolocation,/mnt/ubna_data_01_mir/recover-20220825/UBNA_002/20220823_033000.WAV,Telephone Field,recover-20220825,002,1795
19.8395,19.8846,68437,83519,Rhinolophus ferrumequinum,0.043,0.043,-1,Echolocation,/mnt/ubna_data_01_mir/recover-20220825/UBNA_002/20220823_033000.WAV,Telephone Field,recover-20220825,002,1795
19.9375,19.9767,68437,81968,Rhinolophus ferrumequinum,0.022,0.022,-1,Echolocation,/mnt/ubna_data_01_mir/recover-20220825/UBNA_002/20220823_033000.WAV,Telephone Field,recover-20220825,002,1795
19.9795,19.9906,23750,29179,Nyctalus leisleri,0.011,0.026,-1,Echolocation,/mnt/ubna_data_01_mir/recover-20220825/UBNA_002/20220823_033000.WAV,Telephone Field,recover-20220825,002,1795
20.0015,20.0108,22031,28377,Nyctalus leisleri,0.012,0.033,-1,Echolocation,/mnt/ubna_data_01_mir/recover-20220825/UBNA_002/20220823_033000.WAV,Telephone Field,recover-20220825,002,1795
20.0015,20.0087,36640,47964,Myotis daubentonii,0.007,0.022,-1,Echolocation,/mnt/ubna_data_01_mir/recover-20220825/UBNA_002/20220823_033000.WAV,Telephone Field,recover-20220825,002,1795
20.0015,20.0124,47812,54947,Pipistrellus pipistrellus,0.018,0.026,-1,Echolocation,/mnt/ubna_data_01_mir/recover-20220825/UBNA_002/20220823_033000.WAV,Telephone Field,recover-20220825,002,1795
20.0025,20.0439,68437,81919,Rhinolophus ferrumequinum,0.02,0.021,-1,Echolocation,/mnt/ubna_data_01_mir/recover-20220825/UBNA_002/20220823_033000.WAV,Telephone Field,recover-20220825,002,1795
20.0125,20.023,23750,29240,Nyctalus leisleri,0.009,0.02,-1,Echolocation,/mnt/ubna_data_01_mir/recover-20220825/UBNA_002/20220823_033000.WAV,Telephone Field,recover-20220825,002,1795
20.0305,20.0702,68437,82355,Rhinolophus ferrumequinum,0.023,0.023,-1,Echolocation,/mnt/ubna_data_01_mir/recover-20220825/UBNA_002/20220823_033000.WAV,Telephone Field,recover-20220825,002,1795
20.0335,20.0408,28046,41641,Eptesicus serotinus,0.008,0.024,-1,Echolocation,/mnt/ubna_data_01_mir/recover-20220825/UBNA_002/20220823_033000.WAV,Telephone Field,recover-20220825,002,1795
20.0645,20.1023,68437,81188,Rhinolophus ferrumequinum,0.02,0.02,-1,Echolocation,/mnt/ubna_data_01_mir/recover-20220825/UBNA_002/20220823_033000.WAV,Telephone Field,recover-20220825,002,1795
20.1005,20.1074,28906,40877,Eptesicus serotinus,0.008,0.028,-1,Echolocation,/mnt/ubna_data_01_mir/recover-20220825/UBNA_002/20220823_033000.WAV,Telephone Field,recover-20220825,002,1795
20.1175,20.1551,68437,81691,Rhinolophus ferrumequinum,0.021,0.021,-1,Echolocation,/mnt/ubna_data_01_mir/recover-20220825/UBNA_002/20220823_033000.WAV,Telephone Field,recover-20220825,002,1795
20.1465,20.1837,68437,81984,Rhinolophus ferrumequinum,0.025,0.025,-1,Echolocation,/mnt/ubna_data_01_mir/recover-20220825/UBNA_002/20220823_033000.WAV,Telephone Field,recover-20220825,002,1795
20.1515,20.1612,28906,36092,Eptesicus serotinus,0.014,0.03,-1,Echolocation,/mnt/ubna_data_01_mir/recover-20220825/UBNA_002/20220823_033000.WAV,Telephone Field,recover-20220825,002,1795
20.2035,20.2407,68437,82672,Rhinolophus ferrumequinum,0.022,0.022,-1,Echolocation,/mnt/ubna_data_01_mir/recover-20220825/UBNA_002/20220823_033000.WAV,Telephone Field,recover-20220825,002,1795
20.2145,20.223,28906,39396,Eptesicus serotinus,0.009,0.024,-1,Echolocation,/mnt/ubna_data_01_mir/recover-20220825/UBNA_002/20220823_033000.WAV,Telephone Field,recover-20220825,002,1795
20.2455,20.2828,68437,81890,Rhinolophus ferrumequinum,0.021,0.021,-1,Echolocation,/mnt/ubna_data_01_mir/recover-20220825/UBNA_002/20220823_033000.WAV,Telephone Field,recover-20220825,002,1795
20.2815,20.2922,22890,27582,Nyctalus leisleri,0.012,0.024,-1,Echolocation,/mnt/ubna_data_01_mir/recover-20220825/UBNA_002/20220823_033000.WAV,Telephone Field,recover-20220825,002,1795
20.2825,20.3213,68437,82078,Rhinolophus ferrumequinum,0.022,0.022,-1,Echolocation,/mnt/ubna_data_01_mir/recover-20220825/UBNA_002/20220823_033000.WAV,Telephone Field,recover-20220825,002,1795
20.3185,20.3279,25468,33390,Eptesicus serotinus,0.009,0.024,-1,Echolocation,/mnt/ubna_data_01_mir/recover-20220825/UBNA_002/20220823_033000.WAV,Telephone Field,recover-20220825,002,1795
20.3495,20.3894,68437,82286,Rhinolophus ferrumequinum,0.022,0.022,-1,Echolocation,/mnt/ubna_data_01_mir/recover-20220825/UBNA_002/20220823_033000.WAV,Telephone Field,recover-20220825,002,1795
20.3525,20.363,22890,28348,Nyctalus leisleri,0.009,0.021,-1,Echolocation,/mnt/ubna_data_01_mir/recover-20220825/UBNA_002/20220823_033000.WAV,Telephone Field,recover-20220825,002,1795
20.3905,20.4287,68437,82280,Rhinolophus ferrumequinum,0.02,0.02,-1,Echolocation,/mnt/ubna_data_01_mir/recover-20220825/UBNA_002/20220823_033000.WAV,Telephone Field,recover-20220825,002,1795
20.4245,20.4621,68437,82438,Rhinolophus ferrumequinum,0.022,0.022,-1,Echolocation,/mnt/ubna_data_01_mir/recover-20220825/UBNA_002/20220823_033000.WAV,Telephone Field,recover-20220825,002,1795
20.4275,20.4348,28046,39765,Eptesicus serotinus,0.007,0.023,-1,Echolocation,/mnt/ubna_data_01_mir/recover-20220825/UBNA_002/20220823_033000.WAV,Telephone Field,recover-20220825,002,1795
20.4365,20.4434,27187,38201,Eptesicus serotinus,0.006,0.02,-1,Echolocation,/mnt/ubna_data_01_mir/recover-20220825/UBNA_002/20220823_033000.WAV,Telephone Field,recover-20220825,002,1795
20.4455,20.4845,68437,82544,Rhinolophus ferrumequinum,0.025,0.025,-1,Echolocation,/mnt/ubna_data_01_mir/recover-20220825/UBNA_002/20220823_033000.WAV,Telephone Field,recover-20220825,002,1795
20.4645,20.4724,49531,54939,Pipistrellus pipistrellus,0.022,0.025,-1,Echolocation,/mnt/ubna_data_01_mir/recover-20220825/UBNA_002/20220823_033000.WAV,Telephone Field,recover-20220825,002,1795
20.4865,20.5246,68437,81555,Rhinolophus ferrumequinum,0.02,0.021,-1,Echolocation,/mnt/ubna_data_01_mir/recover-20220825/UBNA_002/20220823_033000.WAV,Telephone Field,recover-20220825,002,1795
20.5255,20.5623,68437,81705,Rhinolophus ferrumequinum,0.023,0.023,-1,Echolocation,/mnt/ubna_data_01_mir/recover-20220825/UBNA_002/20220823_033000.WAV,Telephone Field,recover-20220825,002,1795
20.5265,20.5354,28046,37572,Eptesicus serotinus,0.008,0.022,-1,Echolocation,/mnt/ubna_data_01_mir/recover-20220825/UBNA_002/20220823_033000.WAV,Telephone Field,recover-20220825,002,1795
20.5415,20.553,23750,28015,Nyctalus leisleri,0.011,0.02,-1,Echolocation,/mnt/ubna_data_01_mir/recover-20220825/UBNA_002/20220823_033000.WAV,Telephone Field,recover-20220825,002,1795
20.5685,20.5782,28046,35826,Eptesicus serotinus,0.009,0.021,-1,Echolocation,/mnt/ubna_data_01_mir/recover-20220825/UBNA_002/20220823_033000.WAV,Telephone Field,recover-20220825,002,1795
20.5815,20.618,68437,81201,Rhinolophus ferrumequinum,0.02,0.02,-1,Echolocation,/mnt/ubna_data_01_mir/recover-20220825/UBNA_002/20220823_033000.WAV,Telephone Field,recover-20220825,002,1795
20.6085,20.6175,28046,35987,Eptesicus serotinus,0.008,0.02,-1,Echolocation,/mnt/ubna_data_01_mir/recover-20220825/UBNA_002/20220823_033000.WAV,Telephone Field,recover-20220825,002,1795
20.6325,20.6721,68437,81997,Rhinolophus ferrumequinum,0.029,0.029,-1,Echolocation,/mnt/ubna_data_01_mir/recover-20220825/UBNA_002/20220823_033000.WAV,Telephone Field,recover-20220825,002,1795
20.6815,20.7222,68437,82582,Rhinolophus ferrumequinum,0.024,0.024,-1,Echolocation,/mnt/ubna_data_01_mir/recover-20220825/UBNA_002/20220823_033000.WAV,Telephone Field,recover-20220825,002,1795
20.6875,20.7237,68437,82172,Rhinolophus ferrumequinum,0.023,0.023,-1,Echolocation,/mnt/ubna_data_01_mir/recover-20220825/UBNA_002/20220823_033000.WAV,Telephone Field,recover-20220825,002,1795
20.7025,20.7119,25468,32538,Eptesicus serotinus,0.006,0.02,-1,Echolocation,/mnt/ubna_data_01_mir/recover-20220825/UBNA_002/20220823_033000.WAV,Telephone Field,recover-20220825,002,1795
20.7185,20.7579,68437,81657,Rhinolophus ferrumequinum,0.02,0.02,-1,Echolocation,/mnt/ubna_data_01_mir/recover-20220825/UBNA_002/20220823_033000.WAV,Telephone Field,recover-20220825,002,1795
20.7395,20.7759,68437,81328,Rhinolophus ferrumequinum,0.021,0.021,-1,Echolocation,/mnt/ubna_data_01_mir/recover-20220825/UBNA_002/20220823_033000.WAV,Telephone Field,recover-20220825,002,1795
20.7445,20.7513,27187,40384,Eptesicus serotinus,0.006,0.024,-1,Echolocation,/mnt/ubna_data_01_mir/recover-20220825/UBNA_002/20220823_033000.WAV,Telephone Field,recover-20220825,002,1795
20.7455,20.7843,68437,82089,Rhinolophus ferrumequinum,0.021,0.021,-1,Echolocation,/mnt/ubna_data_01_mir/recover-20220825/UBNA_002/20220823_033000.WAV,Telephone Field,recover-20220825,002,1795
20.7845,20.7926,27187,40054,Eptesicus serotinus,0.006,0.02,-1,Echolocation,/mnt/ubna_data_01_mir/recover-20220825/UBNA_002/20220823_033000.WAV,Telephone Field,recover-20220825,002,1795
20.8005,20.8387,68437,82369,Rhinolophus ferrumequinum,0.02,0.02,-1,Echolocation,/mnt/ubna_data_01_mir/recover-20220825/UBNA_002/20220823_033000.WAV,Telephone Field,recover-20220825,002,1795
20.8225,20.8634,68437,82461,Rhinolophus ferrumequinum,0.021,0.021,-1,Echolocation,/mnt/ubna_data_01_mir/recover-20220825/UBNA_002/20220823_033000.WAV,Telephone Field,recover-20220825,002,1795
20.8245,20.8326,28046,39764,Eptesicus serotinus,0.008,0.022,-1,Echolocation,/mnt/ubna_data_01_mir/recover-20220825/UBNA_002/20220823_033000.WAV,Telephone Field,recover-20220825,002,1795
20.8325,20.8403,25468,34569,Eptesicus serotinus,0.006,0.02,-1,Echolocation,/mnt/ubna_data_01_mir/recover-20220825/UBNA_002/20220823_033000.WAV,Telephone Field,recover-20220825,002,1795
20.8525,20.8623,22890,29089,Nyctalus leisleri,0.008,0.021,-1,Echolocation,/mnt/ubna_data_01_mir/recover-20220825/UBNA_002/20220823_033000.WAV,Telephone Field,recover-20220825,002,1795
20.8625,20.8708,27187,35570,Eptesicus serotinus,0.014,0.03,-1,Echolocation,/mnt/ubna_data_01_mir/recover-20220825/UBNA_002/20220823_033000.WAV,Telephone Field,recover-20220825,002,1795
20.8765,20.9172,68437,82515,Rhinolophus ferrumequinum,0.021,0.021,-1,Echolocation,/mnt/ubna_data_01_mir/recover-20220825/UBNA_002/20220823_033000.WAV,Telephone Field,recover-20220825,002,1795
20.8815,20.8915,22890,28025,Nyctalus leisleri,0.01,0.021,-1,Echolocation,/mnt/ubna_data_01_mir/recover-20220825/UBNA_002/20220823_033000.WAV,Telephone Field,recover-20220825,002,1795
20.8915,20.9335,68437,82838,Rhinolophus ferrumequinum,0.021,0.021,-1,Echolocation,/mnt/ubna_data_01_mir/recover-20220825/UBNA_002/20220823_033000.WAV,Telephone Field,recover-20220825,002,1795
20.9375,20.9445,51250,57879,Pipistrellus pipistrellus,0.02,0.024,-1,Echolocation,/mnt/ubna_data_01_mir/recover-20220825/UBNA_002/20220823_033000.WAV,Telephone Field,recover-20220825,002,1795
20.9385,20.9481,24609,31704,Nyctalus leisleri,0.006,0.02,-1,Echolocation,/mnt/ubna_data_01_mir/recover-20220825/UBNA_002/20220823_033000.WAV,Telephone Field,recover-20220825,002,1795
20.9565,20.9896,68437,80619,Rhinolophus ferrumequinum,0.02,0.02,-1,Echolocation,/mnt/ubna_data_01_mir/recover-20220825/UBNA_002/20220823_033000.WAV,Telephone Field,recover-20220825,002,1795
20.9645,21.001,68437,81160,Rhinolophus ferrumequinum,0.022,0.022,-1,Echolocation,/mnt/ubna_data_01_mir/recover-20220825/UBNA_002/20220823_033000.WAV,Telephone Field,recover-20220825,002,1795
20.9725,20.9814,28046,36908,Eptesicus serotinus,0.009,0.022,-1,Echolocation,/mnt/ubna_data_01_mir/recover-20220825/UBNA_002/20220823_033000.WAV,Telephone Field,recover-20220825,002,1795
20.9785,20.9867,28046,36151,Eptesicus serotinus,0.007,0.021,-1,Echolocation,/mnt/ubna_data_01_mir/recover-20220825/UBNA_002/20220823_033000.WAV,Telephone Field,recover-20220825,002,1795
20.9925,21.0247,68437,80907,Rhinolophus ferrumequinum,0.022,0.022,-1,Echolocation,/mnt/ubna_data_01_mir/recover-20220825/UBNA_002/20220823_033000.WAV,Telephone Field,recover-20220825,002,1795
20.9995,21.0363,68437,81819,Rhinolophus ferrumequinum,0.022,0.022,-1,Echolocation,/mnt/ubna_data_01_mir/recover-20220825/UBNA_002/20220823_033000.WAV,Telephone Field,recover-20220825,002,1795
21.0225,21.0572,68437,81731,Rhinolophus ferrumequinum,0.021,0.021,-1,Echolocation,/mnt/ubna_data_01_mir/recover-20220825/UBNA_002/20220823_033000.WAV,Telephone Field,recover-20220825,002,1795
21.0535,21.0603,27187,41660,Eptesicus serotinus,0.006,0.025,-1,Echolocation,/mnt/ubna_data_01_mir/recover-20220825/UBNA_002/20220823_033000.WAV,Telephone Field,recover-20220825,002,1795
21.0955,21.1305,68437,80781,Rhinolophus ferrumequinum,0.022,0.022,-1,Echolocation,/mnt/ubna_data_01_mir/recover-20220825/UBNA_002/20220823_033000.WAV,Telephone Field,recover-20220825,002,1795
21.0985,21.1073,24609,32516,Eptesicus serotinus,0.006,0.02,-1,Echolocation,/mnt/ubna_data_01_mir/recover-20220825/UBNA_002/20220823_033000.WAV,Telephone Field,recover-20220825,002,1795
21.1245,21.1657,68437,82108,Rhinolophus ferrumequinum,0.021,0.021,-1,Echolocation,/mnt/ubna_data_01_mir/recover-20220825/UBNA_002/20220823_033000.WAV,Telephone Field,recover-20220825,002,1795
21.1365,21.1744,68437,81860,Rhinolophus ferrumequinum,0.023,0.023,-1,Echolocation,/mnt/ubna_data_01_mir/recover-20220825/UBNA_002/20220823_033000.WAV,Telephone Field,recover-20220825,002,1795
21.1755,21.1834,28046,38483,Eptesicus serotinus,0.007,0.021,-1,Echolocation,/mnt/ubna_data_01_mir/recover-20220825/UBNA_002/20220823_033000.WAV,Telephone Field,recover-20220825,002,1795
21.2395,21.2492,16015,21589,Nyctalus noctula,0.008,0.022,-1,Echolocation,/mnt/ubna_data_01_mir/recover-20220825/UBNA_002/20220823_033000.WAV,Telephone Field,recover-20220825,002,1795
21.2485,21.2579,28046,37729,Eptesicus serotinus,0.009,0.023,-1,Echolocation,/mnt/ubna_data_01_mir/recover-20220825/UBNA_002/20220823_033000.WAV,Telephone Field,recover-20220825,002,1795
21.2515,21.2864,68437,80917,Rhinolophus ferrumequinum,0.025,0.025,-1,Echolocation,/mnt/ubna_data_01_mir/recover-20220825/UBNA_002/20220823_033000.WAV,Telephone Field,recover-20220825,002,1795
21.2715,21.3103,68437,82489,Rhinolophus ferrumequinum,0.021,0.021,-1,Echolocation,/mnt/ubna_data_01_mir/recover-20220825/UBNA_002/20220823_033000.WAV,Telephone Field,recover-20220825,002,1795
21.2735,21.2816,27187,38311,Eptesicus serotinus,0.007,0.02,-1,Echolocation,/mnt/ubna_data_01_mir/recover-20220825/UBNA_002/20220823_033000.WAV,Telephone Field,recover-20220825,002,1795
21.2855,21.2963,28046,35832,Eptesicus serotinus,0.012,0.023,-1,Echolocation,/mnt/ubna_data_01_mir/recover-20220825/UBNA_002/20220823_033000.WAV,Telephone Field,recover-20220825,002,1795
21.3085,21.3428,68437,81550,Rhinolophus ferrumequinum,0.021,0.021,-1,Echolocation,/mnt/ubna_data_01_mir/recover-20220825/UBNA_002/20220823_033000.WAV,Telephone Field,recover-20220825,002,1795
21.3345,21.3706,68437,82087,Rhinolophus ferrumequinum,0.023,0.023,-1,Echolocation,/mnt/ubna_data_01_mir/recover-20220825/UBNA_002/20220823_033000.WAV,Telephone Field,recover-20220825,002,1795
21.3445,21.3524,27187,37975,Eptesicus serotinus,0.007,0.022,-1,Echolocation,/mnt/ubna_data_01_mir/recover-20220825/UBNA_002/20220823_033000.WAV,Telephone Field,recover-20220825,002,1795
21.3615,21.3724,15156,21287,Nyctalus noctula,0.014,0.026,-1,Echolocation,/mnt/ubna_data_01_mir/recover-20220825/UBNA_002/20220823_033000.WAV,Telephone Field,recover-20220825,002,1795
21.3655,21.3738,22890,29908,Plecotus austriacus,0.007,0.02,-1,Echolocation,/mnt/ubna_data_01_mir/recover-20220825/UBNA_002/20220823_033000.WAV,Telephone Field,recover-20220825,002,1795
21.3995,21.4382,68437,81990,Rhinolophus ferrumequinum,0.02,0.021,-1,Echolocation,/mnt/ubna_data_01_mir/recover-20220825/UBNA_002/20220823_033000.WAV,Telephone Field,recover-20220825,002,1795
21.4215,21.4597,68437,81819,Rhinolophus ferrumequinum,0.021,0.021,-1,Echolocation,/mnt/ubna_data_01_mir/recover-20220825/UBNA_002/20220823_033000.WAV,Telephone Field,recover-20220825,002,1795
21.4275,21.4348,27187,39274,Eptesicus serotinus,0.007,0.025,-1,Echolocation,/mnt/ubna_data_01_mir/recover-20220825/UBNA_002/20220823_033000.WAV,Telephone Field,recover-20220825,002,1795
21.5075,21.5152,27187,39501,Eptesicus serotinus,0.007,0.021,-1,Echolocation,/mnt/ubna_data_01_mir/recover-20220825/UBNA_002/20220823_033000.WAV,Telephone Field,recover-20220825,002,1795
21.5455,21.5878,68437,83089,Rhinolophus ferrumequinum,0.03,0.03,-1,Echolocation,/mnt/ubna_data_01_mir/recover-20220825/UBNA_002/20220823_033000.WAV,Telephone Field,recover-20220825,002,1795
21.5485,21.5577,26328,33410,Eptesicus serotinus,0.008,0.022,-1,Echolocation,/mnt/ubna_data_01_mir/recover-20220825/UBNA_002/20220823_033000.WAV,Telephone Field,recover-20220825,002,1795
21.5745,21.6141,68437,82590,Rhinolophus ferrumequinum,0.024,0.024,-1,Echolocation,/mnt/ubna_data_01_mir/recover-20220825/UBNA_002/20220823_033000.WAV,Telephone Field,recover-20220825,002,1795
21.6035,21.6111,26328,38481,Eptesicus serotinus,0.007,0.021,-1,Echolocation,/mnt/ubna_data_01_mir/recover-20220825/UBNA_002/20220823_033000.WAV,Telephone Field,recover-20220825,002,1795
21.6285,21.6344,48671,57289,Pipistrellus pipistrellus,0.016,0.02,-1,Echolocation,/mnt/ubna_data_01_mir/recover-20220825/UBNA_002/20220823_033000.WAV,Telephone Field,recover-20220825,002,1795
21.6335,21.6724,68437,81937,Rhinolophus ferrumequinum,0.02,0.021,-1,Echolocation,/mnt/ubna_data_01_mir/recover-20220825/UBNA_002/20220823_033000.WAV,Telephone Field,recover-20220825,002,1795
21.6445,21.6523,23750,32047,Plecotus austriacus,0.011,0.027,-1,Echolocation,/mnt/ubna_data_01_mir/recover-20220825/UBNA_002/20220823_033000.WAV,Telephone Field,recover-20220825,002,1795
21.6665,21.7005,68437,80946,Rhinolophus ferrumequinum,0.021,0.021,-1,Echolocation,/mnt/ubna_data_01_mir/recover-20220825/UBNA_002/20220823_033000.WAV,Telephone Field,recover-20220825,002,1795
21.6715,21.6794,30625,40336,Myotis daubentonii,0.008,0.021,-1,Echolocation,/mnt/ubna_data_01_mir/recover-20220825/UBNA_002/20220823_033000.WAV,Telephone Field,recover-20220825,002,1795
21.6815,21.6956,21171,25159,Nyctalus leisleri,0.012,0.024,-1,Echolocation,/mnt/ubna_data_01_mir/recover-20220825/UBNA_002/20220823_033000.WAV,Telephone Field,recover-20220825,002,1795
21.6955,21.7334,68437,81996,Rhinolophus ferrumequinum,0.022,0.022,-1,Echolocation,/mnt/ubna_data_01_mir/recover-20220825/UBNA_002/20220823_033000.WAV,Telephone Field,recover-20220825,002,1795
21.7155,21.755,68437,82362,Rhinolophus ferrumequinum,0.022,0.022,-1,Echolocation,/mnt/ubna_data_01_mir/recover-20220825/UBNA_002/20220823_033000.WAV,Telephone Field,recover-20220825,002,1795
21.7515,21.7912,68437,82437,Rhinolophus ferrumequinum,0.021,0.021,-1,Echolocation,/mnt/ubna_data_01_mir/recover-20220825/UBNA_002/20220823_033000.WAV,Telephone Field,recover-20220825,002,1795
21.7825,21.8152,68437,80913,Rhinolophus ferrumequinum,0.022,0.022,-1,Echolocation,/mnt/ubna_data_01_mir/recover-20220825/UBNA_002/20220823_033000.WAV,Telephone Field,recover-20220825,002,1795
21.7915,21.798,27187,40386,Eptesicus serotinus,0.006,0.023,-1,Echolocation,/mnt/ubna_data_01_mir/recover-20220825/UBNA_002/20220823_033000.WAV,Telephone Field,recover-20220825,002,1795
21.8255,21.8623,68437,82130,Rhinolophus ferrumequinum,0.023,0.023,-1,Echolocation,/mnt/ubna_data_01_mir/recover-20220825/UBNA_002/20220823_033000.WAV,Telephone Field,recover-20220825,002,1795
21.8515,21.8935,68437,83061,Rhinolophus ferrumequinum,0.031,0.031,-1,Echolocation,/mnt/ubna_data_01_mir/recover-20220825/UBNA_002/20220823_033000.WAV,Telephone Field,recover-20220825,002,1795
21.8525,21.8605,27187,42388,Eptesicus serotinus,0.008,0.022,-1,Echolocation,/mnt/ubna_data_01_mir/recover-20220825/UBNA_002/20220823_033000.WAV,Telephone Field,recover-20220825,002,1795
21.8565,21.864,33203,43732,Myotis daubentonii,0.01,0.022,-1,Echolocation,/mnt/ubna_data_01_mir/recover-20220825/UBNA_002/20220823_033000.WAV,Telephone Field,recover-20220825,002,1795
21.8685,21.8785,24609,31335,Nyctalus leisleri,0.008,0.022,-1,Echolocation,/mnt/ubna_data_01_mir/recover-20220825/UBNA_002/20220823_033000.WAV,Telephone Field,recover-20220825,002,1795
21.8905,21.9284,68437,81786,Rhinolophus ferrumequinum,0.021,0.021,-1,Echolocation,/mnt/ubna_data_01_mir/recover-20220825/UBNA_002/20220823_033000.WAV,Telephone Field,recover-20220825,002,1795
21.9055,21.9146,28046,38018,Eptesicus serotinus,0.008,0.021,-1,Echolocation,/mnt/ubna_data_01_mir/recover-20220825/UBNA_002/20220823_033000.WAV,Telephone Field,recover-20220825,002,1795
21.9075,21.9442,68437,82134,Rhinolophus ferrumequinum,0.026,0.026,-1,Echolocation,/mnt/ubna_data_01_mir/recover-20220825/UBNA_002/20220823_033000.WAV,Telephone Field,recover-20220825,002,1795
21.9215,21.9277,28046,38509,Eptesicus serotinus,0.006,0.026,-1,Echolocation,/mnt/ubna_data_01_mir/recover-20220825/UBNA_002/20220823_033000.WAV,Telephone Field,recover-20220825,002,1795
21.9335,21.9721,68437,81852,Rhinolophus ferrumequinum,0.023,0.023,-1,Echolocation,/mnt/ubna_data_01_mir/recover-20220825/UBNA_002/20220823_033000.WAV,Telephone Field,recover-20220825,002,1795
21.9405,21.9486,28046,42803,Eptesicus serotinus,0.007,0.021,-1,Echolocation,/mnt/ubna_data_01_mir/recover-20220825/UBNA_002/20220823_033000.WAV,Telephone Field,recover-20220825,002,1795
21.9545,21.9648,42656,52295,Pipistrellus nathusii,0.011,0.027,-1,Echolocation,/mnt/ubna_data_01_mir/recover-20220825/UBNA_002/20220823_033000.WAV,Telephone Field,recover-20220825,002,1795
22.0015,22.0106,28906,40834,Eptesicus serotinus,0.007,0.024,-1,Echolocation,/mnt/ubna_data_01_mir/recover-20220825/UBNA_002/20220823_033000.WAV,Telephone Field,recover-20220825,002,1795
22.0015,22.0114,21171,26102,Nyctalus leisleri,0.012,0.025,-1,Echolocation,/mnt/ubna_data_01_mir/recover-20220825/UBNA_002/20220823_033000.WAV,Telephone Field,recover-20220825,002,1795
22.0025,22.0409,68437,80652,Rhinolophus ferrumequinum,0.022,0.024,-1,Echolocation,/mnt/ubna_data_01_mir/recover-20220825/UBNA_002/20220823_033000.WAV,Telephone Field,recover-20220825,002,1795
22.0095,22.0506,68437,82148,Rhinolophus ferrumequinum,0.023,0.023,-1,Echolocation,/mnt/ubna_data_01_mir/recover-20220825/UBNA_002/20220823_033000.WAV,Telephone Field,recover-20220825,002,1795
22.0475,22.0856,68437,81747,Rhinolophus ferrumequinum,0.021,0.021,-1,Echolocation,/mnt/ubna_data_01_mir/recover-20220825/UBNA_002/20220823_033000.WAV,Telephone Field,recover-20220825,002,1795
22.0955,22.1332,68437,82236,Rhinolophus ferrumequinum,0.026,0.026,-1,Echolocation,/mnt/ubna_data_01_mir/recover-20220825/UBNA_002/20220823_033000.WAV,Telephone Field,recover-20220825,002,1795
22.1305,22.1705,68437,82227,Rhinolophus ferrumequinum,0.023,0.023,-1,Echolocation,/mnt/ubna_data_01_mir/recover-20220825/UBNA_002/20220823_033000.WAV,Telephone Field,recover-20220825,002,1795
22.1385,22.1795,68437,83251,Rhinolophus ferrumequinum,0.024,0.024,-1,Echolocation,/mnt/ubna_data_01_mir/recover-20220825/UBNA_002/20220823_033000.WAV,Telephone Field,recover-20220825,002,1795
22.1715,22.1792,46953,53831,Pipistrellus pipistrellus,0.02,0.023,-1,Echolocation,/mnt/ubna_data_01_mir/recover-20220825/UBNA_002/20220823_033000.WAV,Telephone Field,recover-20220825,002,1795
22.1915,22.2301,68437,82312,Rhinolophus ferrumequinum,0.023,0.023,-1,Echolocation,/mnt/ubna_data_01_mir/recover-20220825/UBNA_002/20220823_033000.WAV,Telephone Field,recover-20220825,002,1795
22.2175,22.2545,68437,81534,Rhinolophus ferrumequinum,0.022,0.022,-1,Echolocation,/mnt/ubna_data_01_mir/recover-20220825/UBNA_002/20220823_033000.WAV,Telephone Field,recover-20220825,002,1795
22.2225,22.2598,68437,81671,Rhinolophus ferrumequinum,0.021,0.021,-1,Echolocation,/mnt/ubna_data_01_mir/recover-20220825/UBNA_002/20220823_033000.WAV,Telephone Field,recover-20220825,002,1795
22.2575,22.2965,68437,81819,Rhinolophus ferrumequinum,0.023,0.023,-1,Echolocation,/mnt/ubna_data_01_mir/recover-20220825/UBNA_002/20220823_033000.WAV,Telephone Field,recover-20220825,002,1795
22.3025,22.3081,50390,55119,Pipistrellus pipistrellus,0.048,0.051,-1,Echolocation,/mnt/ubna_data_01_mir/recover-20220825/UBNA_002/20220823_033000.WAV,Telephone Field,recover-20220825,002,1795
22.3055,22.3135,23750,33752,Plecotus austriacus,0.014,0.03,-1,Echolocation,/mnt/ubna_data_01_mir/recover-20220825/UBNA_002/20220823_033000.WAV,Telephone Field,recover-20220825,002,1795
22.3255,22.3684,68437,82913,Rhinolophus ferrumequinum,0.027,0.027,-1,Echolocation,/mnt/ubna_data_01_mir/recover-20220825/UBNA_002/20220823_033000.WAV,Telephone Field,recover-20220825,002,1795
22.3375,22.3454,49531,56860,Pipistrellus pipistrellus,0.024,0.026,-1,Echolocation,/mnt/ubna_data_01_mir/recover-20220825/UBNA_002/20220823_033000.WAV,Telephone Field,recover-20220825,002,1795
22.3525,22.3904,68437,81998,Rhinolophus ferrumequinum,0.021,0.021,-1,Echolocation,/mnt/ubna_data_01_mir/recover-20220825/UBNA_002/20220823_033000.WAV,Telephone Field,recover-20220825,002,1795
22.3795,22.3888,22890,30398,Plecotus austriacus,0.008,0.022,-1,Echolocation,/mnt/ubna_data_01_mir/recover-20220825/UBNA_002/20220823_033000.WAV,Telephone Field,recover-20220825,002,1795
22.3855,22.3947,25468,33683,Eptesicus serotinus,0.007,0.022,-1,Echolocation,/mnt/ubna_data_01_mir/recover-20220825/UBNA_002/20220823_033000.WAV,Telephone Field,recover-20220825,002,1795
22.3895,22.4264,68437,82277,Rhinolophus ferrumequinum,0.024,0.024,-1,Echolocation,/mnt/ubna_data_01_mir/recover-20220825/UBNA_002/20220823_033000.WAV,Telephone Field,recover-20220825,002,1795
22.4125,22.4513,68437,82186,Rhinolophus ferrumequinum,0.021,0.021,-1,Echolocation,/mnt/ubna_data_01_mir/recover-20220825/UBNA_002/20220823_033000.WAV,Telephone Field,recover-20220825,002,1795
22.4775,22.4857,27187,39983,Eptesicus serotinus,0.008,0.023,-1,Echolocation,/mnt/ubna_data_01_mir/recover-20220825/UBNA_002/20220823_033000.WAV,Telephone Field,recover-20220825,002,1795
22.4885,22.499,26328,34380,Eptesicus serotinus,0.009,0.022,-1,Echolocation,/mnt/ubna_data_01_mir/recover-20220825/UBNA_002/20220823_033000.WAV,Telephone Field,recover-20220825,002,1795
22.5405,22.575,68437,80960,Rhinolophus ferrumequinum,0.021,0.021,-1,Echolocation,/mnt/ubna_data_01_mir/recover-20220825/UBNA_002/20220823_033000.WAV,Telephone Field,recover-20220825,002,1795
22.5445,22.5508,23750,33976,Plecotus austriacus,0.017,0.031,-1,Echolocation,/mnt/ubna_data_01_mir/recover-20220825/UBNA_002/20220823_033000.WAV,Telephone Field,recover-20220825,002,1795
22.5465,22.5792,68437,81330,Rhinolophus ferrumequinum,0.022,0.022,-1,Echolocation,/mnt/ubna_data_01_mir/recover-20220825/UBNA_002/20220823_033000.WAV,Telephone Field,recover-20220825,002,1795
22.5645,22.5751,23750,29405,Nyctalus leisleri,0.011,0.024,-1,Echolocation,/mnt/ubna_data_01_mir/recover-20220825/UBNA_002/20220823_033000.WAV,Telephone Field,recover-20220825,002,1795
22.5855,22.6261,68437,82549,Rhinolophus ferrumequinum,0.021,0.021,-1,Echolocation,/mnt/ubna_data_01_mir/recover-20220825/UBNA_002/20220823_033000.WAV,Telephone Field,recover-20220825,002,1795
22.5925,22.6323,68437,82810,Rhinolophus ferrumequinum,0.022,0.022,-1,Echolocation,/mnt/ubna_data_01_mir/recover-20220825/UBNA_002/20220823_033000.WAV,Telephone Field,recover-20220825,002,1795
22.6095,22.6513,68437,82148,Rhinolophus ferrumequinum,0.024,0.024,-1,Echolocation,/mnt/ubna_data_01_mir/recover-20220825/UBNA_002/20220823_033000.WAV,Telephone Field,recover-20220825,002,1795
22.6135,22.6252,22890,26748,Nyctalus leisleri,0.014,0.024,-1,Echolocation,/mnt/ubna_data_01_mir/recover-20220825/UBNA_002/20220823_033000.WAV,Telephone Field,recover-20220825,002,1795
22.6175,22.6588,68437,82854,Rhinolophus ferrumequinum,0.026,0.026,-1,Echolocation,/mnt/ubna_data_01_mir/recover-20220825/UBNA_002/20220823_033000.WAV,Telephone Field,recover-20220825,002,1795
22.6585,22.696,68437,81769,Rhinolophus ferrumequinum,0.023,0.023,-1,Echolocation,/mnt/ubna_data_01_mir/recover-20220825/UBNA_002/20220823_033000.WAV,Telephone Field,recover-20220825,002,1795
22.6635,22.6716,23750,31739,Plecotus austriacus,0.009,0.023,-1,Echolocation,/mnt/ubna_data_01_mir/recover-20220825/UBNA_002/20220823_033000.WAV,Telephone Field,recover-20220825,002,1795
22.6825,22.7241,68437,82867,Rhinolophus ferrumequinum,0.04,0.04,-1,Echolocation,/mnt/ubna_data_01_mir/recover-20220825/UBNA_002/20220823_033000.WAV,Telephone Field,recover-20220825,002,1795
22.7365,22.7758,68437,82253,Rhinolophus ferrumequinum,0.022,0.022,-1,Echolocation,/mnt/ubna_data_01_mir/recover-20220825/UBNA_002/20220823_033000.WAV,Telephone Field,recover-20220825,002,1795
22.7765,22.8146,68437,81842,Rhinolophus ferrumequinum,0.023,0.023,-1,Echolocation,/mnt/ubna_data_01_mir/recover-20220825/UBNA_002/20220823_033000.WAV,Telephone Field,recover-20220825,002,1795
22.7785,22.7875,27187,38185,Eptesicus serotinus,0.009,0.024,-1,Echolocation,/mnt/ubna_data_01_mir/recover-20220825/UBNA_002/20220823_033000.WAV,Telephone Field,recover-20220825,002,1795
22.7835,22.8217,68437,81852,Rhinolophus ferrumequinum,0.023,0.023,-1,Echolocation,/mnt/ubna_data_01_mir/recover-20220825/UBNA_002/20220823_033000.WAV,Telephone Field,recover-20220825,002,1795
22.8035,22.8417,68437,82131,Rhinolophus ferrumequinum,0.022,0.022,-1,Echolocation,/mnt/ubna_data_01_mir/recover-20220825/UBNA_002/20220823_033000.WAV,Telephone Field,recover-20220825,002,1795
22.8115,22.8191,27187,39690,Eptesicus serotinus,0.006,0.021,-1,Echolocation,/mnt/ubna_data_01_mir/recover-20220825/UBNA_002/20220823_033000.WAV,Telephone Field,recover-20220825,002,1795
22.8485,22.8872,68437,82111,Rhinolophus ferrumequinum,0.023,0.023,-1,Echolocation,/mnt/ubna_data_01_mir/recover-20220825/UBNA_002/20220823_033000.WAV,Telephone Field,recover-20220825,002,1795
22.8635,22.8745,39218,43032,Pipistrellus nathusii,0.016,0.034,-1,Echolocation,/mnt/ubna_data_01_mir/recover-20220825/UBNA_002/20220823_033000.WAV,Telephone Field,recover-20220825,002,1795
22.8695,22.8811,22890,27423,Nyctalus leisleri,0.013,0.025,-1,Echolocation,/mnt/ubna_data_01_mir/recover-20220825/UBNA_002/20220823_033000.WAV,Telephone Field,recover-20220825,002,1795
22.8935,22.932,68437,82482,Rhinolophus ferrumequinum,0.022,0.022,-1,Echolocation,/mnt/ubna_data_01_mir/recover-20220825/UBNA_002/20220823_033000.WAV,Telephone Field,recover-20220825,002,1795
22.9255,22.9326,28046,41812,Eptesicus serotinus,0.007,0.025,-1,Echolocation,/mnt/ubna_data_01_mir/recover-20220825/UBNA_002/20220823_033000.WAV,Telephone Field,recover-20220825,002,1795
22.9535,22.9616,28046,38813,Eptesicus serotinus,0.009,0.025,-1,Echolocation,/mnt/ubna_data_01_mir/recover-20220825/UBNA_002/20220823_033000.WAV,Telephone Field,recover-20220825,002,1795
22.9815,23.0217,68437,82111,Rhinolophus ferrumequinum,0.021,0.022,-1,Echolocation,/mnt/ubna_data_01_mir/recover-20220825/UBNA_002/20220823_033000.WAV,Telephone Field,recover-20220825,002,1795
22.9935,23.0351,68437,82638,Rhinolophus ferrumequinum,0.029,0.029,-1,Echolocation,/mnt/ubna_data_01_mir/recover-20220825/UBNA_002/20220823_033000.WAV,Telephone Field,recover-20220825,002,1795
22.9975,23.0074,22031,28147,Plecotus austriacus,0.007,0.021,-1,Echolocation,/mnt/ubna_data_01_mir/recover-20220825/UBNA_002/20220823_033000.WAV,Telephone Field,recover-20220825,002,1795
23.0155,23.0528,68437,81692,Rhinolophus ferrumequinum,0.022,0.022,-1,Echolocation,/mnt/ubna_data_01_mir/recover-20220825/UBNA_002/20220823_033000.WAV,Telephone Field,recover-20220825,002,1795
23.0415,23.0739,68437,80417,Rhinolophus ferrumequinum,0.021,0.021,-1,Echolocation,/mnt/ubna_data_01_mir/recover-20220825/UBNA_002/20220823_033000.WAV,Telephone Field,recover-20220825,002,1795
23.1045,23.146,68437,82296,Rhinolophus ferrumequinum,0.031,0.031,-1,Echolocation,/mnt/ubna_data_01_mir/recover-20220825/UBNA_002/20220823_033000.WAV,Telephone Field,recover-20220825,002,1795
23.1975,23.2351,68437,82180,Rhinolophus ferrumequinum,0.026,0.026,-1,Echolocation,/mnt/ubna_data_01_mir/recover-20220825/UBNA_002/20220823_033000.WAV,Telephone Field,recover-20220825,002,1795
23.2135,23.2531,68437,82092,Rhinolophus ferrumequinum,0.023,0.023,-1,Echolocation,/mnt/ubna_data_01_mir/recover-20220825/UBNA_002/20220823_033000.WAV,Telephone Field,recover-20220825,002,1795
23.2365,23.2489,22031,26597,Nyctalus leisleri,0.013,0.025,-1,Echolocation,/mnt/ubna_data_01_mir/recover-20220825/UBNA_002/20220823_033000.WAV,Telephone Field,recover-20220825,002,1795
23.2565,23.2671,23750,28823,Nyctalus leisleri,0.01,0.021,-1,Echolocation,/mnt/ubna_data_01_mir/recover-20220825/UBNA_002/20220823_033000.WAV,Telephone Field,recover-20220825,002,1795
23.2615,23.2973,68437,80929,Rhinolophus ferrumequinum,0.025,0.025,-1,Echolocation,/mnt/ubna_data_01_mir/recover-20220825/UBNA_002/20220823_033000.WAV,Telephone Field,recover-20220825,002,1795
23.2855,23.2925,27187,38702,Eptesicus serotinus,0.007,0.022,-1,Echolocation,/mnt/ubna_data_01_mir/recover-20220825/UBNA_002/20220823_033000.WAV,Telephone Field,recover-20220825,002,1795
23.3215,23.3622,68437,82595,Rhinolophus ferrumequinum,0.024,0.024,-1,Echolocation,/mnt/ubna_data_01_mir/recover-20220825/UBNA_002/20220823_033000.WAV,Telephone Field,recover-20220825,002,1795
23.3295,23.3436,24609,31171,Eptesicus serotinus,0.016,0.039,-1,Echolocation,/mnt/ubna_data_01_mir/recover-20220825/UBNA_002/20220823_033000.WAV,Telephone Field,recover-20220825,002,1795
23.3615,23.3977,68437,81809,Rhinolophus ferrumequinum,0.024,0.024,-1,Echolocation,/mnt/ubna_data_01_mir/recover-20220825/UBNA_002/20220823_033000.WAV,Telephone Field,recover-20220825,002,1795
23.3735,23.3838,51250,58116,Pipistrellus pipistrellus,0.028,0.033,-1,Echolocation,/mnt/ubna_data_01_mir/recover-20220825/UBNA_002/20220823_033000.WAV,Telephone Field,recover-20220825,002,1795
23.3925,23.4025,26328,35159,Eptesicus serotinus,0.012,0.025,-1,Echolocation,/mnt/ubna_data_01_mir/recover-20220825/UBNA_002/20220823_033000.WAV,Telephone Field,recover-20220825,002,1795
23.4395,23.4499,24609,31479,Nyctalus leisleri,0.01,0.028,-1,Echolocation,/mnt/ubna_data_01_mir/recover-20220825/UBNA_002/20220823_033000.WAV,Telephone Field,recover-20220825,002,1795
23.4475,23.4871,68437,82363,Rhinolophus ferrumequinum,0.023,0.023,-1,Echolocation,/mnt/ubna_data_01_mir/recover-20220825/UBNA_002/20220823_033000.WAV,Telephone Field,recover-20220825,002,1795
23.4665,23.5064,68437,82336,Rhinolophus ferrumequinum,0.025,0.025,-1,Echolocation,/mnt/ubna_data_01_mir/recover-20220825/UBNA_002/20220823_033000.WAV,Telephone Field,recover-20220825,002,1795
23.4965,23.5371,68437,82743,Rhinolophus ferrumequinum,0.031,0.031,-1,Echolocation,/mnt/ubna_data_01_mir/recover-20220825/UBNA_002/20220823_033000.WAV,Telephone Field,recover-20220825,002,1795
23.5245,23.5637,68437,82093,Rhinolophus ferrumequinum,0.027,0.027,-1,Echolocation,/mnt/ubna_data_01_mir/recover-20220825/UBNA_002/20220823_033000.WAV,Telephone Field,recover-20220825,002,1795
23.5565,23.5927,68437,81909,Rhinolophus ferrumequinum,0.021,0.021,-1,Echolocation,/mnt/ubna_data_01_mir/recover-20220825/UBNA_002/20220823_033000.WAV,Telephone Field,recover-20220825,002,1795
23.5815,23.5883,37500,44778,Myotis daubentonii,0.011,0.026,-1,Echolocation,/mnt/ubna_data_01_mir/recover-20220825/UBNA_002/20220823_033000.WAV,Telephone Field,recover-20220825,002,1795
23.5925,23.6282,68437,81106,Rhinolophus ferrumequinum,0.022,0.022,-1,Echolocation,/mnt/ubna_data_01_mir/recover-20220825/UBNA_002/20220823_033000.WAV,Telephone Field,recover-20220825,002,1795
23.6095,23.6206,25468,31538,Eptesicus serotinus,0.011,0.027,-1,Echolocation,/mnt/ubna_data_01_mir/recover-20220825/UBNA_002/20220823_033000.WAV,Telephone Field,recover-20220825,002,1795
23.6765,23.6838,25468,35192,Plecotus austriacus,0.007,0.024,-1,Echolocation,/mnt/ubna_data_01_mir/recover-20220825/UBNA_002/20220823_033000.WAV,Telephone Field,recover-20220825,002,1795
23.6785,23.7138,68437,80922,Rhinolophus ferrumequinum,0.021,0.021,-1,Echolocation,/mnt/ubna_data_01_mir/recover-20220825/UBNA_002/20220823_033000.WAV,Telephone Field,recover-20220825,002,1795
23.6865,23.6941,27187,40444,Eptesicus serotinus,0.007,0.022,-1,Echolocation,/mnt/ubna_data_01_mir/recover-20220825/UBNA_002/20220823_033000.WAV,Telephone Field,recover-20220825,002,1795
23.6875,23.7252,68437,82319,Rhinolophus ferrumequinum,0.027,0.027,-1,Echolocation,/mnt/ubna_data_01_mir/recover-20220825/UBNA_002/20220823_033000.WAV,Telephone Field,recover-20220825,002,1795
23.7065,23.7172,22890,27697,Nyctalus leisleri,0.012,0.024,-1,Echolocation,/mnt/ubna_data_01_mir/recover-20220825/UBNA_002/20220823_033000.WAV,Telephone Field,recover-20220825,002,1795
23.7405,23.7527,38359,42260,Pipistrellus nathusii,0.034,0.05,-1,Echolocation,/mnt/ubna_data_01_mir/recover-20220825/UBNA_002/20220823_033000.WAV,Telephone Field,recover-20220825,002,1795
23.7405,23.7495,23750,31207,Plecotus austriacus,0.007,0.023,-1,Echolocation,/mnt/ubna_data_01_mir/recover-20220825/UBNA_002/20220823_033000.WAV,Telephone Field,recover-20220825,002,1795
23.7575,23.7946,68437,81589,Rhinolophus ferrumequinum,0.021,0.021,-1,Echolocation,/mnt/ubna_data_01_mir/recover-20220825/UBNA_002/20220823_033000.WAV,Telephone Field,recover-20220825,002,1795
23.7665,23.8067,68437,82004,Rhinolophus ferrumequinum,0.023,0.023,-1,Echolocation,/mnt/ubna_data_01_mir/recover-20220825/UBNA_002/20220823_033000.WAV,Telephone Field,recover-20220825,002,1795
23.7925,23.8265,68437,81470,Rhinolophus ferrumequinum,0.021,0.021,-1,Echolocation,/mnt/ubna_data_01_mir/recover-20220825/UBNA_002/20220823_033000.WAV,Telephone Field,recover-20220825,002,1795
23.8175,23.855,68437,81931,Rhinolophus ferrumequinum,0.021,0.021,-1,Echolocation,/mnt/ubna_data_01_mir/recover-20220825/UBNA_002/20220823_033000.WAV,Telephone Field,recover-20220825,002,1795
23.8215,23.8304,28046,37682,Eptesicus serotinus,0.008,0.022,-1,Echolocation,/mnt/ubna_data_01_mir/recover-20220825/UBNA_002/20220823_033000.WAV,Telephone Field,recover-20220825,002,1795
23.8305,23.8384,24609,32612,Plecotus austriacus,0.006,0.023,-1,Echolocation,/mnt/ubna_data_01_mir/recover-20220825/UBNA_002/20220823_033000.WAV,Telephone Field,recover-20220825,002,1795
23.8545,23.8635,28906,39166,Eptesicus serotinus,0.009,0.024,-1,Echolocation,/mnt/ubna_data_01_mir/recover-20220825/UBNA_002/20220823_033000.WAV,Telephone Field,recover-20220825,002,1795
23.8705,23.9095,68437,82131,Rhinolophus ferrumequinum,0.022,0.022,-1,Echolocation,/mnt/ubna_data_01_mir/recover-20220825/UBNA_002/20220823_033000.WAV,Telephone Field,recover-20220825,002,1795
23.9195,23.9585,68437,82834,Rhinolophus ferrumequinum,0.027,0.027,-1,Echolocation,/mnt/ubna_data_01_mir/recover-20220825/UBNA_002/20220823_033000.WAV,Telephone Field,recover-20220825,002,1795
23.9245,23.9316,25468,35587,Plecotus austriacus,0.009,0.027,-1,Echolocation,/mnt/ubna_data_01_mir/recover-20220825/UBNA_002/20220823_033000.WAV,Telephone Field,recover-20220825,002,1795
23.9395,23.9477,26328,38110,Eptesicus serotinus,0.007,0.023,-1,Echolocation,/mnt/ubna_data_01_mir/recover-20220825/UBNA_002/20220823_033000.WAV,Telephone Field,recover-20220825,002,1795
23.9395,23.9746,68437,80772,Rhinolophus ferrumequinum,0.027,0.027,-1,Echolocation,/mnt/ubna_data_01_mir/recover-20220825/UBNA_002/20220823_033000.WAV,Telephone Field,recover-20220825,002,1795
24.0015,24.0075,25468,38614,Plecotus austriacus,0.005,0.027,-1,Echolocation,/mnt/ubna_data_01_mir/recover-20220825/UBNA_002/20220823_033000.WAV,Telephone Field,recover-20220825,002,1795
24.0015,24.0199,16875,21051,Nyctalus noctula,0.026,0.057,-1,Echolocation,/mnt/ubna_data_01_mir/recover-20220825/UBNA_002/20220823_033000.WAV,Telephone Field,recover-20220825,002,1795
24.0015,24.0167,39218,45209,Pipistrellus nathusii,0.015,0.023,-1,Echolocation,/mnt/ubna_data_01_mir/recover-20220825/UBNA_002/20220823_033000.WAV,Telephone Field,recover-20220825,002,1795
24.0015,24.0345,68437,80632,Rhinolophus ferrumequinum,0.039,0.039,-1,Echolocation,/mnt/ubna_data_01_mir/recover-20220825/UBNA_002/20220823_033000.WAV,Telephone Field,recover-20220825,002,1795
24.0085,24.0492,68437,82156,Rhinolophus ferrumequinum,0.021,0.021,-1,Echolocation,/mnt/ubna_data_01_mir/recover-20220825/UBNA_002/20220823_033000.WAV,Telephone Field,recover-20220825,002,1795
24.0555,24.0967,68437,82853,Rhinolophus ferrumequinum,0.027,0.027,-1,Echolocation,/mnt/ubna_data_01_mir/recover-20220825/UBNA_002/20220823_033000.WAV,Telephone Field,recover-20220825,002,1795
24.0685,24.0817,33203,37265,Pipistrellus nathusii,0.019,0.04,-1,Echolocation,/mnt/ubna_data_01_mir/recover-20220825/UBNA_002/20220823_033000.WAV,Telephone Field,recover-20220825,002,1795
24.0815,24.1173,68437,81600,Rhinolophus ferrumequinum,0.031,0.031,-1,Echolocation,/mnt/ubna_data_01_mir/recover-20220825/UBNA_002/20220823_033000.WAV,Telephone Field,recover-20220825,002,1795
24.0875,24.1,22890,27420,Nyctalus leisleri,0.013,0.024,-1,Echolocation,/mnt/ubna_data_01_mir/recover-20220825/UBNA_002/20220823_033000.WAV,Telephone Field,recover-20220825,002,1795
24.0915,24.1302,68437,81695,Rhinolophus ferrumequinum,0.027,0.027,-1,Echolocation,/mnt/ubna_data_01_mir/recover-20220825/UBNA_002/20220823_033000.WAV,Telephone Field,recover-20220825,002,1795
24.1055,24.1157,28046,35388,Eptesicus serotinus,0.011,0.024,-1,Echolocation,/mnt/ubna_data_01_mir/recover-20220825/UBNA_002/20220823_033000.WAV,Telephone Field,recover-20220825,002,1795
24.1385,24.1471,28046,37461,Eptesicus serotinus,0.007,0.021,-1,Echolocation,/mnt/ubna_data_01_mir/recover-20220825/UBNA_002/20220823_033000.WAV,Telephone Field,recover-20220825,002,1795
24.1515,24.1922,68437,82834,Rhinolophus ferrumequinum,0.023,0.023,-1,Echolocation,/mnt/ubna_data_01_mir/recover-20220825/UBNA_002/20220823_033000.WAV,Telephone Field,recover-20220825,002,1795
24.1575,24.1972,68437,83169,Rhinolophus ferrumequinum,0.022,0.022,-1,Echolocation,/mnt/ubna_data_01_mir/recover-20220825/UBNA_002/20220823_033000.WAV,Telephone Field,recover-20220825,002,1795
24.1765,24.1869,23750,28945,Nyctalus leisleri,0.01,0.021,-1,Echolocation,/mnt/ubna_data_01_mir/recover-20220825/UBNA_002/20220823_033000.WAV,Telephone Field,recover-20220825,002,1795
24.1775,24.213,68437,81423,Rhinolophus ferrumequinum,0.02,0.021,-1,Echolocation,/mnt/ubna_data_01_mir/recover-20220825/UBNA_002/20220823_033000.WAV,Telephone Field,recover-20220825,002,1795
24.1885,24.1954,24609,34390,Plecotus austriacus,0.01,0.025,-1,Echolocation,/mnt/ubna_data_01_mir/recover-20220825/UBNA_002/20220823_033000.WAV,Telephone Field,recover-20220825,002,1795
24.2045,24.2206,21171,24284,Nyctalus leisleri,0.013,0.021,-1,Echolocation,/mnt/ubna_data_01_mir/recover-20220825/UBNA_002/20220823_033000.WAV,Telephone Field,recover-20220825,002,1795
24.2505,24.2884,68437,81295,Rhinolophus ferrumequinum,0.025,0.025,-1,Echolocation,/mnt/ubna_data_01_mir/recover-20220825/UBNA_002/20220823_033000.WAV,Telephone Field,recover-20220825,002,1795
24.3595,24.4044,68437,83802,Rhinolophus ferrumequinum,0.037,0.037,-1,Echolocation,/mnt/ubna_data_01_mir/recover-20220825/UBNA_002/20220823_033000.WAV,Telephone Field,recover-20220825,002,1795
24.4045,24.4216,22031,25768,Nyctalus leisleri,0.015,0.026,-1,Echolocation,/mnt/ubna_data_01_mir/recover-20220825/UBNA_002/20220823_033000.WAV,Telephone Field,recover-20220825,002,1795
24.4385,24.4493,22031,27029,Nyctalus leisleri,0.01,0.022,-1,Echolocation,/mnt/ubna_data_01_mir/recover-20220825/UBNA_002/20220823_033000.WAV,Telephone Field,recover-20220825,002,1795
24.4665,24.508,68437,82626,Rhinolophus ferrumequinum,0.023,0.023,-1,Echolocation,/mnt/ubna_data_01_mir/recover-20220825/UBNA_002/20220823_033000.WAV,Telephone Field,recover-20220825,002,1795
24.5375,24.575,68437,82116,Rhinolophus ferrumequinum,0.024,0.024,-1,Echolocation,/mnt/ubna_data_01_mir/recover-20220825/UBNA_002/20220823_033000.WAV,Telephone Field,recover-20220825,002,1795
24.5575,24.5673,46093,49709,Pipistrellus pipistrellus,0.022,0.024,-1,Echolocation,/mnt/ubna_data_01_mir/recover-20220825/UBNA_002/20220823_033000.WAV,Telephone Field,recover-20220825,002,1795
24.5645,24.6029,68437,82233,Rhinolophus ferrumequinum,0.022,0.022,-1,Echolocation,/mnt/ubna_data_01_mir/recover-20220825/UBNA_002/20220823_033000.WAV,Telephone Field,recover-20220825,002,1795
24.5725,24.6121,68437,82749,Rhinolophus ferrumequinum,0.021,0.021,-1,Echolocation,/mnt/ubna_data_01_mir/recover-20220825/UBNA_002/20220823_033000.WAV,Telephone Field,recover-20220825,002,1795
24.5785,24.5889,22031,27268,Nyctalus leisleri,0.009,0.021,-1,Echolocation,/mnt/ubna_data_01_mir/recover-20220825/UBNA_002/20220823_033000.WAV,Telephone Field,recover-20220825,002,1795
24.5975,24.6343,68437,82182,Rhinolophus ferrumequinum,0.024,0.024,-1,Echolocation,/mnt/ubna_data_01_mir/recover-20220825/UBNA_002/20220823_033000.WAV,Telephone Field,recover-20220825,002,1795
24.5995,24.6087,26328,39929,Eptesicus serotinus,0.009,0.026,-1,Echolocation,/mnt/ubna_data_01_mir/recover-20220825/UBNA_002/20220823_033000.WAV,Telephone Field,recover-20220825,002,1795
24.6705,24.7103,68437,82325,Rhinolophus ferrumequinum,0.022,0.022,-1,Echolocation,/mnt/ubna_data_01_mir/recover-20220825/UBNA_002/20220823_033000.WAV,Telephone Field,recover-20220825,002,1795
24.6765,24.6862,38359,45285,Pipistrellus nathusii,0.011,0.021,-1,Echolocation,/mnt/ubna_data_01_mir/recover-20220825/UBNA_002/20220823_033000.WAV,Telephone Field,recover-20220825,002,1795
24.6945,24.7156,21171,24528,Nyctalus noctula,0.048,0.097,-1,Echolocation,/mnt/ubna_data_01_mir/recover-20220825/UBNA_002/20220823_033000.WAV,Telephone Field,recover-20220825,002,1795
24.7225,24.7618,68437,81884,Rhinolophus ferrumequinum,0.02,0.021,-1,Echolocation,/mnt/ubna_data_01_mir/recover-20220825/UBNA_002/20220823_033000.WAV,Telephone Field,recover-20220825,002,1795
24.7295,24.7403,23750,30012,Nyctalus leisleri,0.009,0.025,-1,Echolocation,/mnt/ubna_data_01_mir/recover-20220825/UBNA_002/20220823_033000.WAV,Telephone Field,recover-20220825,002,1795
24.7325,24.7711,68437,81843,Rhinolophus ferrumequinum,0.022,0.022,-1,Echolocation,/mnt/ubna_data_01_mir/recover-20220825/UBNA_002/20220823_033000.WAV,Telephone Field,recover-20220825,002,1795
24.7395,24.7767,68437,81669,Rhinolophus ferrumequinum,0.022,0.023,-1,Echolocation,/mnt/ubna_data_01_mir/recover-20220825/UBNA_002/20220823_033000.WAV,Telephone Field,recover-20220825,002,1795
24.7995,24.8395,68437,82029,Rhinolophus ferrumequinum,0.021,0.021,-1,Echolocation,/mnt/ubna_data_01_mir/recover-20220825/UBNA_002/20220823_033000.WAV,Telephone Field,recover-20220825,002,1795
24.8315,24.8648,68437,81119,Rhinolophus ferrumequinum,0.02,0.02,-1,Echolocation,/mnt/ubna_data_01_mir/recover-20220825/UBNA_002/20220823_033000.WAV,Telephone Field,recover-20220825,002,1795
24.8645,24.8751,27187,34572,Eptesicus serotinus,0.01,0.022,-1,Echolocation,/mnt/ubna_data_01_mir/recover-20220825/UBNA_002/20220823_033000.WAV,Telephone Field,recover-20220825,002,1795
24.8705,24.9098,68437,82569,Rhinolophus ferrumequinum,0.023,0.023,-1,Echolocation,/mnt/ubna_data_01_mir/recover-20220825/UBNA_002/20220823_033000.WAV,Telephone Field,recover-20220825,002,1795
24.9155,24.9526,68437,82054,Rhinolophus ferrumequinum,0.02,0.02,-1,Echolocation,/mnt/ubna_data_01_mir/recover-20220825/UBNA_002/20220823_033000.WAV,Telephone Field,recover-20220825,002,1795
24.9745,24.985,30625,38646,Eptesicus serotinus,0.01,0.03,-1,Echolocation,/mnt/ubna_data_01_mir/recover-20220825/UBNA_002/20220823_033000.WAV,Telephone Field,recover-20220825,002,1795
24.9845,24.9966,28906,33775,Eptesicus serotinus,0.031,0.058,-1,Echolocation,/mnt/ubna_data_01_mir/recover-20220825/UBNA_002/20220823_033000.WAV,Telephone Field,recover-20220825,002,1795
25.0165,25.0282,22031,25656,Nyctalus leisleri,0.013,0.021,-1,Echolocation,/mnt/ubna_data_01_mir/recover-20220825/UBNA_002/20220823_033000.WAV,Telephone Field,recover-20220825,002,1795
25.0185,25.0566,68437,82310,Rhinolophus ferrumequinum,0.022,0.022,-1,Echolocation,/mnt/ubna_data_01_mir/recover-20220825/UBNA_002/20220823_033000.WAV,Telephone Field,recover-20220825,002,1795
25.0745,25.1074,68437,81331,Rhinolophus ferrumequinum,0.022,0.022,-1,Echolocation,/mnt/ubna_data_01_mir/recover-20220825/UBNA_002/20220823_033000.WAV,Telephone Field,recover-20220825,002,1795
25.1015,25.1092,26328,35457,Eptesicus serotinus,0.008,0.024,-1,Echolocation,/mnt/ubna_data_01_mir/recover-20220825/UBNA_002/20220823_033000.WAV,Telephone Field,recover-20220825,002,1795
25.1365,25.1768,68437,82353,Rhinolophus ferrumequinum,0.033,0.033,-1,Echolocation,/mnt/ubna_data_01_mir/recover-20220825/UBNA_002/20220823_033000.WAV,Telephone Field,recover-20220825,002,1795
25.1515,25.1619,27187,35099,Eptesicus serotinus,0.009,0.022,-1,Echolocation,/mnt/ubna_data_01_mir/recover-20220825/UBNA_002/20220823_033000.WAV,Telephone Field,recover-20220825,002,1795
25.2125,25.2227,23750,30102,Nyctalus leisleri,0.009,0.023,-1,Echolocation,/mnt/ubna_data_01_mir/recover-20220825/UBNA_002/20220823_033000.WAV,Telephone Field,recover-20220825,002,1795
25.2325,25.2745,68437,82599,Rhinolophus ferrumequinum,0.029,0.029,-1,Echolocation,/mnt/ubna_data_01_mir/recover-20220825/UBNA_002/20220823_033000.WAV,Telephone Field,recover-20220825,002,1795
25.2785,25.2874,28046,36651,Eptesicus serotinus,0.01,0.024,-1,Echolocation,/mnt/ubna_data_01_mir/recover-20220825/UBNA_002/20220823_033000.WAV,Telephone Field,recover-20220825,002,1795
25.2895,25.3031,22031,25373,Nyctalus leisleri,0.017,0.027,-1,Echolocation,/mnt/ubna_data_01_mir/recover-20220825/UBNA_002/20220823_033000.WAV,Telephone Field,recover-20220825,002,1795
25.2925,25.3315,68437,82342,Rhinolophus ferrumequinum,0.022,0.022,-1,Echolocation,/mnt/ubna_data_01_mir/recover-20220825/UBNA_002/20220823_033000.WAV,Telephone Field,recover-20220825,002,1795
25.3575,25.3696,34062,39295,Pipistrellus nathusii,0.014,0.039,-1,Echolocation,/mnt/ubna_data_01_mir/recover-20220825/UBNA_002/20220823_033000.WAV,Telephone Field,recover-20220825,002,1795
25.3805,25.3915,28046,34964,Eptesicus serotinus,0.017,0.033,-1,Echolocation,/mnt/ubna_data_01_mir/recover-20220825/UBNA_002/20220823_033000.WAV,Telephone Field,recover-20220825,002,1795
25.3975,25.4337,68437,81753,Rhinolophus ferrumequinum,0.021,0.021,-1,Echolocation,/mnt/ubna_data_01_mir/recover-20220825/UBNA_002/20220823_033000.WAV,Telephone Field,recover-20220825,002,1795
25.4145,25.4241,23750,30293,Nyctalus leisleri,0.007,0.02,-1,Echolocation,/mnt/ubna_data_01_mir/recover-20220825/UBNA_002/20220823_033000.WAV,Telephone Field,recover-20220825,002,1795
25.4275,25.4658,68437,81931,Rhinolophus ferrumequinum,0.021,0.022,-1,Echolocation,/mnt/ubna_data_01_mir/recover-20220825/UBNA_002/20220823_033000.WAV,Telephone Field,recover-20220825,002,1795
25.4345,25.4714,68437,81774,Rhinolophus ferrumequinum,0.021,0.021,-1,Echolocation,/mnt/ubna_data_01_mir/recover-20220825/UBNA_002/20220823_033000.WAV,Telephone Field,recover-20220825,002,1795
25.4415,25.4518,28046,37084,Eptesicus serotinus,0.012,0.026,-1,Echolocation,/mnt/ubna_data_01_mir/recover-20220825/UBNA_002/20220823_033000.WAV,Telephone Field,recover-20220825,002,1795
25.4465,25.4558,28046,37090,Eptesicus serotinus,0.011,0.026,-1,Echolocation,/mnt/ubna_data_01_mir/recover-20220825/UBNA_002/20220823_033000.WAV,Telephone Field,recover-20220825,002,1795
25.4625,25.4706,26328,42092,Eptesicus serotinus,0.008,0.024,-1,Echolocation,/mnt/ubna_data_01_mir/recover-20220825/UBNA_002/20220823_033000.WAV,Telephone Field,recover-20220825,002,1795
25.4645,25.504,68437,82408,Rhinolophus ferrumequinum,0.02,0.02,-1,Echolocation,/mnt/ubna_data_01_mir/recover-20220825/UBNA_002/20220823_033000.WAV,Telephone Field,recover-20220825,002,1795
25.5095,25.5487,68437,82458,Rhinolophus ferrumequinum,0.029,0.029,-1,Echolocation,/mnt/ubna_data_01_mir/recover-20220825/UBNA_002/20220823_033000.WAV,Telephone Field,recover-20220825,002,1795
25.5415,25.5558,21171,24335,Nyctalus leisleri,0.014,0.022,-1,Echolocation,/mnt/ubna_data_01_mir/recover-20220825/UBNA_002/20220823_033000.WAV,Telephone Field,recover-20220825,002,1795
25.5595,25.6003,68437,82286,Rhinolophus ferrumequinum,0.021,0.021,-1,Echolocation,/mnt/ubna_data_01_mir/recover-20220825/UBNA_002/20220823_033000.WAV,Telephone Field,recover-20220825,002,1795
25.5715,25.6105,68437,82500,Rhinolophus ferrumequinum,0.021,0.021,-1,Echolocation,/mnt/ubna_data_01_mir/recover-20220825/UBNA_002/20220823_033000.WAV,Telephone Field,recover-20220825,002,1795
25.6015,25.6413,68437,82012,Rhinolophus ferrumequinum,0.023,0.023,-1,Echolocation,/mnt/ubna_data_01_mir/recover-20220825/UBNA_002/20220823_033000.WAV,Telephone Field,recover-20220825,002,1795
25.6135,25.6476,68437,81707,Rhinolophus ferrumequinum,0.023,0.023,-1,Echolocation,/mnt/ubna_data_01_mir/recover-20220825/UBNA_002/20220823_033000.WAV,Telephone Field,recover-20220825,002,1795
25.6205,25.6326,40937,45248,Pipistrellus nathusii,0.016,0.027,-1,Echolocation,/mnt/ubna_data_01_mir/recover-20220825/UBNA_002/20220823_033000.WAV,Telephone Field,recover-20220825,002,1795
25.7175,25.7357,19453,22536,Nyctalus leisleri,0.013,0.024,-1,Echolocation,/mnt/ubna_data_01_mir/recover-20220825/UBNA_002/20220823_033000.WAV,Telephone Field,recover-20220825,002,1795
25.7585,25.7971,68437,82438,Rhinolophus ferrumequinum,0.023,0.023,-1,Echolocation,/mnt/ubna_data_01_mir/recover-20220825/UBNA_002/20220823_033000.WAV,Telephone Field,recover-20220825,002,1795
25.7785,25.8175,68437,81997,Rhinolophus ferrumequinum,0.021,0.021,-1,Echolocation,/mnt/ubna_data_01_mir/recover-20220825/UBNA_002/20220823_033000.WAV,Telephone Field,recover-20220825,002,1795
25.8495,25.8901,68437,82683,Rhinolophus ferrumequinum,0.022,0.022,-1,Echolocation,/mnt/ubna_data_01_mir/recover-20220825/UBNA_002/20220823_033000.WAV,Telephone Field,recover-20220825,002,1795
25.8585,25.899,68437,82780,Rhinolophus ferrumequinum,0.026,0.026,-1,Echolocation,/mnt/ubna_data_01_mir/recover-20220825/UBNA_002/20220823_033000.WAV,Telephone Field,recover-20220825,002,1795
25.8825,25.8904,26328,35389,Eptesicus serotinus,0.007,0.021,-1,Echolocation,/mnt/ubna_data_01_mir/recover-20220825/UBNA_002/20220823_033000.WAV,Telephone Field,recover-20220825,002,1795
25.9185,25.9265,27187,38747,Eptesicus serotinus,0.007,0.022,-1,Echolocation,/mnt/ubna_data_01_mir/recover-20220825/UBNA_002/20220823_033000.WAV,Telephone Field,recover-20220825,002,1795
25.9435,25.9824,68437,81806,Rhinolophus ferrumequinum,0.021,0.021,-1,Echolocation,/mnt/ubna_data_01_mir/recover-20220825/UBNA_002/20220823_033000.WAV,Telephone Field,recover-20220825,002,1795
25.9845,25.9944,23750,30884,Nyctalus leisleri,0.007,0.02,-1,Echolocation,/mnt/ubna_data_01_mir/recover-20220825/UBNA_002/20220823_033000.WAV,Telephone Field,recover-20220825,002,1795
25.9895,25.9993,24609,32215,Eptesicus serotinus,0.007,0.021,-1,Echolocation,/mnt/ubna_data_01_mir/recover-20220825/UBNA_002/20220823_033000.WAV,Telephone Field,recover-20220825,002,1795
26.0015,26.0109,22031,28604,Nyctalus leisleri,0.008,0.022,-1,Echolocation,/mnt/ubna_data_01_mir/recover-20220825/UBNA_002/20220823_033000.WAV,Telephone Field,recover-20220825,002,1795
26.0015,26.0344,68437,79971,Rhinolophus ferrumequinum,0.04,0.04,-1,Echolocation,/mnt/ubna_data_01_mir/recover-20220825/UBNA_002/20220823_033000.WAV,Telephone Field,recover-20220825,002,1795
26.0075,26.0449,68437,80261,Rhinolophus ferrumequinum,0.02,0.021,-1,Echolocation,/mnt/ubna_data_01_mir/recover-20220825/UBNA_002/20220823_033000.WAV,Telephone Field,recover-20220825,002,1795
26.0745,26.1151,68437,82830,Rhinolophus ferrumequinum,0.024,0.024,-1,Echolocation,/mnt/ubna_data_01_mir/recover-20220825/UBNA_002/20220823_033000.WAV,Telephone Field,recover-20220825,002,1795
26.0865,26.1005,26328,30795,Nyctalus leisleri,0.02,0.044,-1,Echolocation,/mnt/ubna_data_01_mir/recover-20220825/UBNA_002/20220823_033000.WAV,Telephone Field,recover-20220825,002,1795
26.1065,26.1145,28906,39476,Eptesicus serotinus,0.007,0.024,-1,Echolocation,/mnt/ubna_data_01_mir/recover-20220825/UBNA_002/20220823_033000.WAV,Telephone Field,recover-20220825,002,1795
26.1285,26.1653,68437,81682,Rhinolophus ferrumequinum,0.021,0.021,-1,Echolocation,/mnt/ubna_data_01_mir/recover-20220825/UBNA_002/20220823_033000.WAV,Telephone Field,recover-20220825,002,1795
26.1485,26.1828,68437,80960,Rhinolophus ferrumequinum,0.021,0.021,-1,Echolocation,/mnt/ubna_data_01_mir/recover-20220825/UBNA_002/20220823_033000.WAV,Telephone Field,recover-20220825,002,1795
26.1665,26.205,68437,81947,Rhinolophus ferrumequinum,0.022,0.022,-1,Echolocation,/mnt/ubna_data_01_mir/recover-20220825/UBNA_002/20220823_033000.WAV,Telephone Field,recover-20220825,002,1795
26.1965,26.2054,53828,58233,Pipistrellus pygmaeus,0.022,0.025,-1,Echolocation,/mnt/ubna_data_01_mir/recover-20220825/UBNA_002/20220823_033000.WAV,Telephone Field,recover-20220825,002,1795
26.2415,26.2498,23750,32180,Plecotus austriacus,0.008,0.024,-1,Echolocation,/mnt/ubna_data_01_mir/recover-20220825/UBNA_002/20220823_033000.WAV,Telephone Field,recover-20220825,002,1795
26.2625,26.3016,68437,82643,Rhinolophus ferrumequinum,0.027,0.027,-1,Echolocation,/mnt/ubna_data_01_mir/recover-20220825/UBNA_002/20220823_033000.WAV,Telephone Field,recover-20220825,002,1795
26.3335,26.3759,68437,83042,Rhinolophus ferrumequinum,0.036,0.036,-1,Echolocation,/mnt/ubna_data_01_mir/recover-20220825/UBNA_002/20220823_033000.WAV,Telephone Field,recover-20220825,002,1795
26.3505,26.3597,46093,49343,Pipistrellus pipistrellus,0.019,0.022,-1,Echolocation,/mnt/ubna_data_01_mir/recover-20220825/UBNA_002/20220823_033000.WAV,Telephone Field,recover-20220825,002,1795
26.3655,26.4041,68437,82032,Rhinolophus ferrumequinum,0.025,0.025,-1,Echolocation,/mnt/ubna_data_01_mir/recover-20220825/UBNA_002/20220823_033000.WAV,Telephone Field,recover-20220825,002,1795
26.3915,26.4024,25468,31464,Eptesicus serotinus,0.009,0.024,-1,Echolocation,/mnt/ubna_data_01_mir/recover-20220825/UBNA_002/20220823_033000.WAV,Telephone Field,recover-20220825,002,1795
26.4105,26.4203,27187,35156,Eptesicus serotinus,0.008,0.02,-1,Echolocation,/mnt/ubna_data_01_mir/recover-20220825/UBNA_002/20220823_033000.WAV,Telephone Field,recover-20220825,002,1795
26.4185,26.4284,28046,35213,Eptesicus serotinus,0.008,0.022,-1,Echolocation,/mnt/ubna_data_01_mir/recover-20220825/UBNA_002/20220823_033000.WAV,Telephone Field,recover-20220825,002,1795
26.4225,26.4612,68437,82079,Rhinolophus ferrumequinum,0.022,0.022,-1,Echolocation,/mnt/ubna_data_01_mir/recover-20220825/UBNA_002/20220823_033000.WAV,Telephone Field,recover-20220825,002,1795
26.4625,26.472,14296,21697,Nyctalus noctula,0.027,0.049,-1,Echolocation,/mnt/ubna_data_01_mir/recover-20220825/UBNA_002/20220823_033000.WAV,Telephone Field,recover-20220825,002,1795
26.4715,26.4803,28046,37556,Eptesicus serotinus,0.008,0.02,-1,Echolocation,/mnt/ubna_data_01_mir/recover-20220825/UBNA_002/20220823_033000.WAV,Telephone Field,recover-20220825,002,1795
26.4785,26.5153,68437,81596,Rhinolophus ferrumequinum,0.023,0.023,-1,Echolocation,/mnt/ubna_data_01_mir/recover-20220825/UBNA_002/20220823_033000.WAV,Telephone Field,recover-20220825,002,1795
26.5065,26.5412,68437,81420,Rhinolophus ferrumequinum,0.02,0.02,-1,Echolocation,/mnt/ubna_data_01_mir/recover-20220825/UBNA_002/20220823_033000.WAV,Telephone Field,recover-20220825,002,1795
26.5135,26.5272,36640,40401,Pipistrellus nathusii,0.013,0.027,-1,Echolocation,/mnt/ubna_data_01_mir/recover-20220825/UBNA_002/20220823_033000.WAV,Telephone Field,recover-20220825,002,1795
26.5485,26.5588,28046,35804,Eptesicus serotinus,0.013,0.028,-1,Echolocation,/mnt/ubna_data_01_mir/recover-20220825/UBNA_002/20220823_033000.WAV,Telephone Field,recover-20220825,002,1795
26.5645,26.6028,68437,82697,Rhinolophus ferrumequinum,0.022,0.022,-1,Echolocation,/mnt/ubna_data_01_mir/recover-20220825/UBNA_002/20220823_033000.WAV,Telephone Field,recover-20220825,002,1795
26.5845,26.5922,23750,33009,Plecotus austriacus,0.011,0.026,-1,Echolocation,/mnt/ubna_data_01_mir/recover-20220825/UBNA_002/20220823_033000.WAV,Telephone Field,recover-20220825,002,1795
26.5885,26.6273,68437,82662,Rhinolophus ferrumequinum,0.024,0.024,-1,Echolocation,/mnt/ubna_data_01_mir/recover-20220825/UBNA_002/20220823_033000.WAV,Telephone Field,recover-20220825,002,1795
26.6405,26.6817,68437,82331,Rhinolophus ferrumequinum,0.023,0.023,-1,Echolocation,/mnt/ubna_data_01_mir/recover-20220825/UBNA_002/20220823_033000.WAV,Telephone Field,recover-20220825,002,1795
26.6415,26.649,28046,40194,Eptesicus serotinus,0.007,0.023,-1,Echolocation,/mnt/ubna_data_01_mir/recover-20220825/UBNA_002/20220823_033000.WAV,Telephone Field,recover-20220825,002,1795
26.6935,26.7323,68437,82111,Rhinolophus ferrumequinum,0.021,0.021,-1,Echolocation,/mnt/ubna_data_01_mir/recover-20220825/UBNA_002/20220823_033000.WAV,Telephone Field,recover-20220825,002,1795
26.6945,26.7043,22890,28717,Nyctalus leisleri,0.011,0.026,-1,Echolocation,/mnt/ubna_data_01_mir/recover-20220825/UBNA_002/20220823_033000.WAV,Telephone Field,recover-20220825,002,1795
26.7205,26.7602,68437,82828,Rhinolophus ferrumequinum,0.029,0.029,-1,Echolocation,/mnt/ubna_data_01_mir/recover-20220825/UBNA_002/20220823_033000.WAV,Telephone Field,recover-20220825,002,1795
26.7265,26.7345,28046,40089,Eptesicus serotinus,0.011,0.029,-1,Echolocation,/mnt/ubna_data_01_mir/recover-20220825/UBNA_002/20220823_033000.WAV,Telephone Field,recover-20220825,002,1795
26.7505,26.7641,23750,27927,Nyctalus leisleri,0.013,0.024,-1,Echolocation,/mnt/ubna_data_01_mir/recover-20220825/UBNA_002/20220823_033000.WAV,Telephone Field,recover-20220825,002,1795
26.8095,26.8485,68437,82416,Rhinolophus ferrumequinum,0.022,0.022,-1,Echolocation,/mnt/ubna_data_01_mir/recover-20220825/UBNA_002/20220823_033000.WAV,Telephone Field,recover-20220825,002,1795
26.8155,26.8533,68437,81888,Rhinolophus ferrumequinum,0.021,0.021,-1,Echolocation,/mnt/ubna_data_01_mir/recover-20220825/UBNA_002/20220823_033000.WAV,Telephone Field,recover-20220825,002,1795
26.8155,26.8249,22890,28769,Nyctalus leisleri,0.008,0.021,-1,Echolocation,/mnt/ubna_data_01_mir/recover-20220825/UBNA_002/20220823_033000.WAV,Telephone Field,recover-20220825,002,1795
26.8465,26.8899,68437,82986,Rhinolophus ferrumequinum,0.035,0.035,-1,Echolocation,/mnt/ubna_data_01_mir/recover-20220825/UBNA_002/20220823_033000.WAV,Telephone Field,recover-20220825,002,1795
26.9075,26.9175,22890,28490,Nyctalus leisleri,0.009,0.021,-1,Echolocation,/mnt/ubna_data_01_mir/recover-20220825/UBNA_002/20220823_033000.WAV,Telephone Field,recover-20220825,002,1795
26.9185,26.9301,24609,29725,Nyctalus leisleri,0.011,0.028,-1,Echolocation,/mnt/ubna_data_01_mir/recover-20220825/UBNA_002/20220823_033000.WAV,Telephone Field,recover-20220825,002,1795
26.9195,26.9583,68437,81701,Rhinolophus ferrumequinum,0.021,0.021,-1,Echolocation,/mnt/ubna_data_01_mir/recover-20220825/UBNA_002/20220823_033000.WAV,Telephone Field,recover-20220825,002,1795
26.9575,26.9709,22890,26947,Nyctalus leisleri,0.015,0.025,-1,Echolocation,/mnt/ubna_data_01_mir/recover-20220825/UBNA_002/20220823_033000.WAV,Telephone Field,recover-20220825,002,1795
27.0075,27.0443,68437,81531,Rhinolophus ferrumequinum,0.023,0.024,-1,Echolocation,/mnt/ubna_data_01_mir/recover-20220825/UBNA_002/20220823_033000.WAV,Telephone Field,recover-20220825,002,1795
27.0465,27.0846,68437,81615,Rhinolophus ferrumequinum,0.023,0.023,-1,Echolocation,/mnt/ubna_data_01_mir/recover-20220825/UBNA_002/20220823_033000.WAV,Telephone Field,recover-20220825,002,1795
27.0575,27.0663,22890,30058,Plecotus austriacus,0.012,0.03,-1,Echolocation,/mnt/ubna_data_01_mir/recover-20220825/UBNA_002/20220823_033000.WAV,Telephone Field,recover-20220825,002,1795
27.0745,27.0802,27187,44223,Plecotus auritus,0.006,0.026,-1,Echolocation,/mnt/ubna_data_01_mir/recover-20220825/UBNA_002/20220823_033000.WAV,Telephone Field,recover-20220825,002,1795
27.1065,27.1475,68437,82379,Rhinolophus ferrumequinum,0.025,0.025,-1,Echolocation,/mnt/ubna_data_01_mir/recover-20220825/UBNA_002/20220823_033000.WAV,Telephone Field,recover-20220825,002,1795
27.1225,27.1339,28046,35052,Eptesicus serotinus,0.014,0.027,-1,Echolocation,/mnt/ubna_data_01_mir/recover-20220825/UBNA_002/20220823_033000.WAV,Telephone Field,recover-20220825,002,1795
27.1255,27.1635,68437,81972,Rhinolophus ferrumequinum,0.021,0.021,-1,Echolocation,/mnt/ubna_data_01_mir/recover-20220825/UBNA_002/20220823_033000.WAV,Telephone Field,recover-20220825,002,1795
27.1875,27.2258,68437,81776,Rhinolophus ferrumequinum,0.021,0.021,-1,Echolocation,/mnt/ubna_data_01_mir/recover-20220825/UBNA_002/20220823_033000.WAV,Telephone Field,recover-20220825,002,1795
27.1895,27.2004,28046,35274,Eptesicus serotinus,0.011,0.023,-1,Echolocation,/mnt/ubna_data_01_mir/recover-20220825/UBNA_002/20220823_033000.WAV,Telephone Field,recover-20220825,002,1795
27.2135,27.2245,23750,28587,Nyctalus leisleri,0.016,0.029,-1,Echolocation,/mnt/ubna_data_01_mir/recover-20220825/UBNA_002/20220823_033000.WAV,Telephone Field,recover-20220825,002,1795
27.2385,27.2465,22890,31416,Plecotus austriacus,0.012,0.027,-1,Echolocation,/mnt/ubna_data_01_mir/recover-20220825/UBNA_002/20220823_033000.WAV,Telephone Field,recover-20220825,002,1795
27.2595,27.3002,68437,82658,Rhinolophus ferrumequinum,0.028,0.028,-1,Echolocation,/mnt/ubna_data_01_mir/recover-20220825/UBNA_002/20220823_033000.WAV,Telephone Field,recover-20220825,002,1795
27.3195,27.3567,68437,81468,Rhinolophus ferrumequinum,0.021,0.021,-1,Echolocation,/mnt/ubna_data_01_mir/recover-20220825/UBNA_002/20220823_033000.WAV,Telephone Field,recover-20220825,002,1795
27.3355,27.3734,68437,81510,Rhinolophus ferrumequinum,0.02,0.02,-1,Echolocation,/mnt/ubna_data_01_mir/recover-20220825/UBNA_002/20220823_033000.WAV,Telephone Field,recover-20220825,002,1795
27.3425,27.3533,22031,26418,Nyctalus leisleri,0.012,0.023,-1,Echolocation,/mnt/ubna_data_01_mir/recover-20220825/UBNA_002/20220823_033000.WAV,Telephone Field,recover-20220825,002,1795
27.3675,27.375,24609,33410,Plecotus austriacus,0.008,0.022,-1,Echolocation,/mnt/ubna_data_01_mir/recover-20220825/UBNA_002/20220823_033000.WAV,Telephone Field,recover-20220825,002,1795
27.3985,27.4085,28046,36402,Eptesicus serotinus,0.009,0.021,-1,Echolocation,/mnt/ubna_data_01_mir/recover-20220825/UBNA_002/20220823_033000.WAV,Telephone Field,recover-20220825,002,1795
27.4035,27.4471,68437,83115,Rhinolophus ferrumequinum,0.026,0.026,-1,Echolocation,/mnt/ubna_data_01_mir/recover-20220825/UBNA_002/20220823_033000.WAV,Telephone Field,recover-20220825,002,1795
27.4315,27.442,22890,27843,Nyctalus leisleri,0.011,0.023,-1,Echolocation,/mnt/ubna_data_01_mir/recover-20220825/UBNA_002/20220823_033000.WAV,Telephone Field,recover-20220825,002,1795
27.4365,27.4749,68437,82668,Rhinolophus ferrumequinum,0.021,0.021,-1,Echolocation,/mnt/ubna_data_01_mir/recover-20220825/UBNA_002/20220823_033000.WAV,Telephone Field,recover-20220825,002,1795
27.4715,27.5097,68437,82081,Rhinolophus ferrumequinum,0.023,0.023,-1,Echolocation,/mnt/ubna_data_01_mir/recover-20220825/UBNA_002/20220823_033000.WAV,Telephone Field,recover-20220825,002,1795
27.4885,27.5287,68437,82600,Rhinolophus ferrumequinum,0.026,0.026,-1,Echolocation,/mnt/ubna_data_01_mir/recover-20220825/UBNA_002/20220823_033000.WAV,Telephone Field,recover-20220825,002,1795
27.4965,27.5042,22890,31199,Plecotus austriacus,0.012,0.024,-1,Echolocation,/mnt/ubna_data_01_mir/recover-20220825/UBNA_002/20220823_033000.WAV,Telephone Field,recover-20220825,002,1795
27.4985,27.5375,68437,82376,Rhinolophus ferrumequinum,0.024,0.024,-1,Echolocation,/mnt/ubna_data_01_mir/recover-20220825/UBNA_002/20220823_033000.WAV,Telephone Field,recover-20220825,002,1795
27.5225,27.5565,68437,81467,Rhinolophus ferrumequinum,0.021,0.021,-1,Echolocation,/mnt/ubna_data_01_mir/recover-20220825/UBNA_002/20220823_033000.WAV,Telephone Field,recover-20220825,002,1795
27.5735,27.5841,23750,29428,Nyctalus leisleri,0.009,0.022,-1,Echolocation,/mnt/ubna_data_01_mir/recover-20220825/UBNA_002/20220823_033000.WAV,Telephone Field,recover-20220825,002,1795
27.5865,27.5958,28046,36316,Eptesicus serotinus,0.012,0.026,-1,Echolocation,/mnt/ubna_data_01_mir/recover-20220825/UBNA_002/20220823_033000.WAV,Telephone Field,recover-20220825,002,1795
27.5875,27.6238,68437,81859,Rhinolophus ferrumequinum,0.021,0.021,-1,Echolocation,/mnt/ubna_data_01_mir/recover-20220825/UBNA_002/20220823_033000.WAV,Telephone Field,recover-20220825,002,1795
27.6205,27.6519,68437,80604,Rhinolophus ferrumequinum,0.021,0.021,-1,Echolocation,/mnt/ubna_data_01_mir/recover-20220825/UBNA_002/20220823_033000.WAV,Telephone Field,recover-20220825,002,1795
27.6225,27.6294,58125,67802,Pipistrellus pygmaeus,0.021,0.022,-1,Echolocation,/mnt/ubna_data_01_mir/recover-20220825/UBNA_002/20220823_033000.WAV,Telephone Field,recover-20220825,002,1795
27.6365,27.6473,28906,37217,Eptesicus serotinus,0.013,0.027,-1,Echolocation,/mnt/ubna_data_01_mir/recover-20220825/UBNA_002/20220823_033000.WAV,Telephone Field,recover-20220825,002,1795
27.6385,27.6779,68437,82781,Rhinolophus ferrumequinum,0.021,0.021,-1,Echolocation,/mnt/ubna_data_01_mir/recover-20220825/UBNA_002/20220823_033000.WAV,Telephone Field,recover-20220825,002,1795
27.6595,27.6693,22890,28418,Nyctalus leisleri,0.007,0.021,-1,Echolocation,/mnt/ubna_data_01_mir/recover-20220825/UBNA_002/20220823_033000.WAV,Telephone Field,recover-20220825,002,1795
27.6605,27.6984,68437,82557,Rhinolophus ferrumequinum,0.025,0.025,-1,Echolocation,/mnt/ubna_data_01_mir/recover-20220825/UBNA_002/20220823_033000.WAV,Telephone Field,recover-20220825,002,1795
27.6745,27.7093,68437,81636,Rhinolophus ferrumequinum,0.021,0.021,-1,Echolocation,/mnt/ubna_data_01_mir/recover-20220825/UBNA_002/20220823_033000.WAV,Telephone Field,recover-20220825,002,1795
27.6855,27.6942,28046,39797,Eptesicus serotinus,0.01,0.026,-1,Echolocation,/mnt/ubna_data_01_mir/recover-20220825/UBNA_002/20220823_033000.WAV,Telephone Field,recover-20220825,002,1795
27.7015,27.7416,68437,82272,Rhinolophus ferrumequinum,0.021,0.021,-1,Echolocation,/mnt/ubna_data_01_mir/recover-20220825/UBNA_002/20220823_033000.WAV,Telephone Field,recover-20220825,002,1795
27.7075,27.7138,28046,43520,Eptesicus serotinus,0.007,0.033,-1,Echolocation,/mnt/ubna_data_01_mir/recover-20220825/UBNA_002/20220823_033000.WAV,Telephone Field,recover-20220825,002,1795
27.7355,27.7716,68437,81898,Rhinolophus ferrumequinum,0.022,0.022,-1,Echolocation,/mnt/ubna_data_01_mir/recover-20220825/UBNA_002/20220823_033000.WAV,Telephone Field,recover-20220825,002,1795
27.7655,27.8026,68437,81650,Rhinolophus ferrumequinum,0.022,0.022,-1,Echolocation,/mnt/ubna_data_01_mir/recover-20220825/UBNA_002/20220823_033000.WAV,Telephone Field,recover-20220825,002,1795
27.7775,27.8168,68437,82144,Rhinolophus ferrumequinum,0.021,0.021,-1,Echolocation,/mnt/ubna_data_01_mir/recover-20220825/UBNA_002/20220823_033000.WAV,Telephone Field,recover-20220825,002,1795
27.7775,27.7841,49531,55461,Pipistrellus pipistrellus,0.021,0.024,-1,Echolocation,/mnt/ubna_data_01_mir/recover-20220825/UBNA_002/20220823_033000.WAV,Telephone Field,recover-20220825,002,1795
27.8025,27.8101,23750,33574,Plecotus austriacus,0.013,0.027,-1,Echolocation,/mnt/ubna_data_01_mir/recover-20220825/UBNA_002/20220823_033000.WAV,Telephone Field,recover-20220825,002,1795
27.8025,27.8413,68437,81934,Rhinolophus ferrumequinum,0.022,0.022,-1,Echolocation,/mnt/ubna_data_01_mir/recover-20220825/UBNA_002/20220823_033000.WAV,Telephone Field,recover-20220825,002,1795
27.8135,27.8491,68437,81348,Rhinolophus ferrumequinum,0.022,0.022,-1,Echolocation,/mnt/ubna_data_01_mir/recover-20220825/UBNA_002/20220823_033000.WAV,Telephone Field,recover-20220825,002,1795
27.8535,27.8911,68437,82314,Rhinolophus ferrumequinum,0.023,0.023,-1,Echolocation,/mnt/ubna_data_01_mir/recover-20220825/UBNA_002/20220823_033000.WAV,Telephone Field,recover-20220825,002,1795
27.8595,27.8968,68437,81490,Rhinolophus ferrumequinum,0.022,0.022,-1,Echolocation,/mnt/ubna_data_01_mir/recover-20220825/UBNA_002/20220823_033000.WAV,Telephone Field,recover-20220825,002,1795
27.8925,27.9311,68437,82098,Rhinolophus ferrumequinum,0.02,0.02,-1,Echolocation,/mnt/ubna_data_01_mir/recover-20220825/UBNA_002/20220823_033000.WAV,Telephone Field,recover-20220825,002,1795
27.9155,27.9568,68437,82846,Rhinolophus ferrumequinum,0.026,0.026,-1,Echolocation,/mnt/ubna_data_01_mir/recover-20220825/UBNA_002/20220823_033000.WAV,Telephone Field,recover-20220825,002,1795
27.9245,27.9317,27187,38548,Eptesicus serotinus,0.007,0.024,-1,Echolocation,/mnt/ubna_data_01_mir/recover-20220825/UBNA_002/20220823_033000.WAV,Telephone Field,recover-20220825,002,1795
27.9665,27.9758,22890,29430,Nyctalus leisleri,0.007,0.022,-1,Echolocation,/mnt/ubna_data_01_mir/recover-20220825/UBNA_002/20220823_033000.WAV,Telephone Field,recover-20220825,002,1795
27.9845,27.9939,22031,28661,Plecotus austriacus,0.008,0.021,-1,Echolocation,/mnt/ubna_data_01_mir/recover-20220825/UBNA_002/20220823_033000.WAV,Telephone Field,recover-20220825,002,1795
28.0015,28.033,68437,80188,Rhinolophus ferrumequinum,0.029,0.03,-1,Echolocation,/mnt/ubna_data_01_mir/recover-20220825/UBNA_002/20220823_033000.WAV,Telephone Field,recover-20220825,002,1795
28.0015,28.0122,46093,52079,Pipistrellus pipistrellus,0.017,0.021,-1,Echolocation,/mnt/ubna_data_01_mir/recover-20220825/UBNA_002/20220823_033000.WAV,Telephone Field,recover-20220825,002,1795
28.0015,28.0112,23750,29256,Nyctalus leisleri,0.024,0.051,-1,Echolocation,/mnt/ubna_data_01_mir/recover-20220825/UBNA_002/20220823_033000.WAV,Telephone Field,recover-20220825,002,1795
28.0325,28.0434,23750,29069,Nyctalus leisleri,0.01,0.022,-1,Echolocation,/mnt/ubna_data_01_mir/recover-20220825/UBNA_002/20220823_033000.WAV,Telephone Field,recover-20220825,002,1795
28.0445,28.0832,68437,82043,Rhinolophus ferrumequinum,0.02,0.02,-1,Echolocation,/mnt/ubna_data_01_mir/recover-20220825/UBNA_002/20220823_033000.WAV,Telephone Field,recover-20220825,002,1795
28.1615,28.2014,68437,82040,Rhinolophus ferrumequinum,0.021,0.021,-1,Echolocation,/mnt/ubna_data_01_mir/recover-20220825/UBNA_002/20220823_033000.WAV,Telephone Field,recover-20220825,002,1795
28.1695,28.2095,68437,82583,Rhinolophus ferrumequinum,0.024,0.024,-1,Echolocation,/mnt/ubna_data_01_mir/recover-20220825/UBNA_002/20220823_033000.WAV,Telephone Field,recover-20220825,002,1795
28.1755,28.1874,27187,34479,Eptesicus serotinus,0.014,0.027,-1,Echolocation,/mnt/ubna_data_01_mir/recover-20220825/UBNA_002/20220823_033000.WAV,Telephone Field,recover-20220825,002,1795
28.1835,28.1948,22890,27938,Nyctalus leisleri,0.012,0.024,-1,Echolocation,/mnt/ubna_data_01_mir/recover-20220825/UBNA_002/20220823_033000.WAV,Telephone Field,recover-20220825,002,1795
28.2115,28.2488,68437,81774,Rhinolophus ferrumequinum,0.02,0.02,-1,Echolocation,/mnt/ubna_data_01_mir/recover-20220825/UBNA_002/20220823_033000.WAV,Telephone Field,recover-20220825,002,1795
28.2155,28.227,22031,25645,Nyctalus leisleri,0.012,0.021,-1,Echolocation,/mnt/ubna_data_01_mir/recover-20220825/UBNA_002/20220823_033000.WAV,Telephone Field,recover-20220825,002,1795
28.2285,28.2368,29765,38709,Eptesicus serotinus,0.007,0.021,-1,Echolocation,/mnt/ubna_data_01_mir/recover-20220825/UBNA_002/20220823_033000.WAV,Telephone Field,recover-20220825,002,1795
28.2445,28.282,68437,82275,Rhinolophus ferrumequinum,0.022,0.022,-1,Echolocation,/mnt/ubna_data_01_mir/recover-20220825/UBNA_002/20220823_033000.WAV,Telephone Field,recover-20220825,002,1795
28.2755,28.3183,68437,83331,Rhinolophus ferrumequinum,0.028,0.028,-1,Echolocation,/mnt/ubna_data_01_mir/recover-20220825/UBNA_002/20220823_033000.WAV,Telephone Field,recover-20220825,002,1795
28.3205,28.33,27187,35127,Eptesicus serotinus,0.008,0.02,-1,Echolocation,/mnt/ubna_data_01_mir/recover-20220825/UBNA_002/20220823_033000.WAV,Telephone Field,recover-20220825,002,1795
28.3285,28.3668,68437,82176,Rhinolophus ferrumequinum,0.024,0.024,-1,Echolocation,/mnt/ubna_data_01_mir/recover-20220825/UBNA_002/20220823_033000.WAV,Telephone Field,recover-20220825,002,1795
28.3515,28.3908,68437,81997,Rhinolophus ferrumequinum,0.02,0.02,-1,Echolocation,/mnt/ubna_data_01_mir/recover-20220825/UBNA_002/20220823_033000.WAV,Telephone Field,recover-20220825,002,1795
28.3695,28.38,28046,35500,Eptesicus serotinus,0.01,0.022,-1,Echolocation,/mnt/ubna_data_01_mir/recover-20220825/UBNA_002/20220823_033000.WAV,Telephone Field,recover-20220825,002,1795
28.4425,28.483,68437,81646,Rhinolophus ferrumequinum,0.032,0.032,-1,Echolocation,/mnt/ubna_data_01_mir/recover-20220825/UBNA_002/20220823_033000.WAV,Telephone Field,recover-20220825,002,1795
28.4935,28.5034,23750,30962,Nyctalus leisleri,0.007,0.02,-1,Echolocation,/mnt/ubna_data_01_mir/recover-20220825/UBNA_002/20220823_033000.WAV,Telephone Field,recover-20220825,002,1795
28.5755,28.6146,68437,82092,Rhinolophus ferrumequinum,0.02,0.02,-1,Echolocation,/mnt/ubna_data_01_mir/recover-20220825/UBNA_002/20220823_033000.WAV,Telephone Field,recover-20220825,002,1795
28.5825,28.6247,68437,82214,Rhinolophus ferrumequinum,0.021,0.021,-1,Echolocation,/mnt/ubna_data_01_mir/recover-20220825/UBNA_002/20220823_033000.WAV,Telephone Field,recover-20220825,002,1795
28.6195,28.6622,68437,83275,Rhinolophus ferrumequinum,0.03,0.03,-1,Echolocation,/mnt/ubna_data_01_mir/recover-20220825/UBNA_002/20220823_033000.WAV,Telephone Field,recover-20220825,002,1795
28.6485,28.6869,68437,81569,Rhinolophus ferrumequinum,0.021,0.021,-1,Echolocation,/mnt/ubna_data_01_mir/recover-20220825/UBNA_002/20220823_033000.WAV,Telephone Field,recover-20220825,002,1795
28.6515,28.6592,28906,38300,Eptesicus serotinus,0.007,0.022,-1,Echolocation,/mnt/ubna_data_01_mir/recover-20220825/UBNA_002/20220823_033000.WAV,Telephone Field,recover-20220825,002,1795
28.6795,28.6886,28046,39600,Eptesicus serotinus,0.008,0.021,-1,Echolocation,/mnt/ubna_data_01_mir/recover-20220825/UBNA_002/20220823_033000.WAV,Telephone Field,recover-20220825,002,1795
28.7115,28.7195,23750,32290,Plecotus austriacus,0.008,0.021,-1,Echolocation,/mnt/ubna_data_01_mir/recover-20220825/UBNA_002/20220823_033000.WAV,Telephone Field,recover-20220825,002,1795
28.7195,28.76,68437,82778,Rhinolophus ferrumequinum,0.024,0.024,-1,Echolocation,/mnt/ubna_data_01_mir/recover-20220825/UBNA_002/20220823_033000.WAV,Telephone Field,recover-20220825,002,1795
28.7265,28.7387,28906,34100,Eptesicus serotinus,0.01,0.024,-1,Echolocation,/mnt/ubna_data_01_mir/recover-20220825/UBNA_002/20220823_033000.WAV,Telephone Field,recover-20220825,002,1795
28.7655,28.8021,68437,81663,Rhinolophus ferrumequinum,0.02,0.02,-1,Echolocation,/mnt/ubna_data_01_mir/recover-20220825/UBNA_002/20220823_033000.WAV,Telephone Field,recover-20220825,002,1795
28.7745,28.7835,23750,31489,Nyctalus leisleri,0.009,0.026,-1,Echolocation,/mnt/ubna_data_01_mir/recover-20220825/UBNA_002/20220823_033000.WAV,Telephone Field,recover-20220825,002,1795
28.7885,28.8272,68437,82018,Rhinolophus ferrumequinum,0.02,0.02,-1,Echolocation,/mnt/ubna_data_01_mir/recover-20220825/UBNA_002/20220823_033000.WAV,Telephone Field,recover-20220825,002,1795
28.7895,28.7958,28906,39677,Eptesicus serotinus,0.006,0.023,-1,Echolocation,/mnt/ubna_data_01_mir/recover-20220825/UBNA_002/20220823_033000.WAV,Telephone Field,recover-20220825,002,1795
28.8055,28.8496,68437,82648,Rhinolophus ferrumequinum,0.028,0.028,-1,Echolocation,/mnt/ubna_data_01_mir/recover-20220825/UBNA_002/20220823_033000.WAV,Telephone Field,recover-20220825,002,1795
28.8255,28.8618,68437,81512,Rhinolophus ferrumequinum,0.02,0.02,-1,Echolocation,/mnt/ubna_data_01_mir/recover-20220825/UBNA_002/20220823_033000.WAV,Telephone Field,recover-20220825,002,1795
28.8545,28.893,68437,81800,Rhinolophus ferrumequinum,0.03,0.03,-1,Echolocation,/mnt/ubna_data_01_mir/recover-20220825/UBNA_002/20220823_033000.WAV,Telephone Field,recover-20220825,002,1795
28.8885,28.9287,68437,81976,Rhinolophus ferrumequinum,0.022,0.022,-1,Echolocation,/mnt/ubna_data_01_mir/recover-20220825/UBNA_002/20220823_033000.WAV,Telephone Field,recover-20220825,002,1795
28.9605,28.9692,23750,31972,Plecotus austriacus,0.007,0.021,-1,Echolocation,/mnt/ubna_data_01_mir/recover-20220825/UBNA_002/20220823_033000.WAV,Telephone Field,recover-20220825,002,1795
29.0055,29.0154,26328,36052,Eptesicus serotinus,0.009,0.022,-1,Echolocation,/mnt/ubna_data_01_mir/recover-20220825/UBNA_002/20220823_033000.WAV,Telephone Field,recover-20220825,002,1795
29.0215,29.0318,22031,26503,Nyctalus leisleri,0.011,0.021,-1,Echolocation,/mnt/ubna_data_01_mir/recover-20220825/UBNA_002/20220823_033000.WAV,Telephone Field,recover-20220825,002,1795
29.0355,29.0455,23750,29560,Nyctalus leisleri,0.009,0.021,-1,Echolocation,/mnt/ubna_data_01_mir/recover-20220825/UBNA_002/20220823_033000.WAV,Telephone Field,recover-20220825,002,1795
29.0475,29.0851,68437,82237,Rhinolophus ferrumequinum,0.023,0.023,-1,Echolocation,/mnt/ubna_data_01_mir/recover-20220825/UBNA_002/20220823_033000.WAV,Telephone Field,recover-20220825,002,1795
29.0615,29.1015,68437,83108,Rhinolophus ferrumequinum,0.021,0.021,-1,Echolocation,/mnt/ubna_data_01_mir/recover-20220825/UBNA_002/20220823_033000.WAV,Telephone Field,recover-20220825,002,1795
29.0965,29.1341,68437,82170,Rhinolophus ferrumequinum,0.022,0.022,-1,Echolocation,/mnt/ubna_data_01_mir/recover-20220825/UBNA_002/20220823_033000.WAV,Telephone Field,recover-20220825,002,1795
29.1655,29.2077,68437,82802,Rhinolophus ferrumequinum,0.047,0.047,-1,Echolocation,/mnt/ubna_data_01_mir/recover-20220825/UBNA_002/20220823_033000.WAV,Telephone Field,recover-20220825,002,1795
29.2255,29.2611,68437,81162,Rhinolophus ferrumequinum,0.022,0.022,-1,Echolocation,/mnt/ubna_data_01_mir/recover-20220825/UBNA_002/20220823_033000.WAV,Telephone Field,recover-20220825,002,1795
29.2305,29.2401,28906,39041,Eptesicus serotinus,0.014,0.028,-1,Echolocation,/mnt/ubna_data_01_mir/recover-20220825/UBNA_002/20220823_033000.WAV,Telephone Field,recover-20220825,002,1795
29.2365,29.2716,68437,80923,Rhinolophus ferrumequinum,0.02,0.02,-1,Echolocation,/mnt/ubna_data_01_mir/recover-20220825/UBNA_002/20220823_033000.WAV,Telephone Field,recover-20220825,002,1795
29.2585,29.2975,68437,82334,Rhinolophus ferrumequinum,0.024,0.024,-1,Echolocation,/mnt/ubna_data_01_mir/recover-20220825/UBNA_002/20220823_033000.WAV,Telephone Field,recover-20220825,002,1795
29.2735,29.2879,22890,26718,Nyctalus leisleri,0.021,0.039,-1,Echolocation,/mnt/ubna_data_01_mir/recover-20220825/UBNA_002/20220823_033000.WAV,Telephone Field,recover-20220825,002,1795
29.3245,29.364,68437,81848,Rhinolophus ferrumequinum,0.022,0.022,-1,Echolocation,/mnt/ubna_data_01_mir/recover-20220825/UBNA_002/20220823_033000.WAV,Telephone Field,recover-20220825,002,1795
29.3355,29.3471,28906,35316,Eptesicus serotinus,0.014,0.026,-1,Echolocation,/mnt/ubna_data_01_mir/recover-20220825/UBNA_002/20220823_033000.WAV,Telephone Field,recover-20220825,002,1795
29.3515,29.3592,25468,34520,Plecotus austriacus,0.005,0.021,-1,Echolocation,/mnt/ubna_data_01_mir/recover-20220825/UBNA_002/20220823_033000.WAV,Telephone Field,recover-20220825,002,1795
29.3785,29.3867,28046,37729,Eptesicus serotinus,0.008,0.024,-1,Echolocation,/mnt/ubna_data_01_mir/recover-20220825/UBNA_002/20220823_033000.WAV,Telephone Field,recover-20220825,002,1795
29.3985,29.4087,28046,37204,Eptesicus serotinus,0.01,0.022,-1,Echolocation,/mnt/ubna_data_01_mir/recover-20220825/UBNA_002/20220823_033000.WAV,Telephone Field,recover-20220825,002,1795
29.4175,29.431,23750,28713,Nyctalus leisleri,0.015,0.029,-1,Echolocation,/mnt/ubna_data_01_mir/recover-20220825/UBNA_002/20220823_033000.WAV,Telephone Field,recover-20220825,002,1795
29.4345,29.4734,68437,81834,Rhinolophus ferrumequinum,0.02,0.02,-1,Echolocation,/mnt/ubna_data_01_mir/recover-20220825/UBNA_002/20220823_033000.WAV,Telephone Field,recover-20220825,002,1795
29.4665,29.5025,68437,81785,Rhinolophus ferrumequinum,0.021,0.021,-1,Echolocation,/mnt/ubna_data_01_mir/recover-20220825/UBNA_002/20220823_033000.WAV,Telephone Field,recover-20220825,002,1795
29.4795,29.4923,34062,39238,Eptesicus serotinus,0.006,0.023,-1,Echolocation,/mnt/ubna_data_01_mir/recover-20220825/UBNA_002/20220823_033000.WAV,Telephone Field,recover-20220825,002,1795
29.5205,29.5301,28046,37111,Eptesicus serotinus,0.01,0.022,-1,Echolocation,/mnt/ubna_data_01_mir/recover-20220825/UBNA_002/20220823_033000.WAV,Telephone Field,recover-20220825,002,1795
29.5235,29.5638,68437,82567,Rhinolophus ferrumequinum,0.02,0.02,-1,Echolocation,/mnt/ubna_data_01_mir/recover-20220825/UBNA_002/20220823_033000.WAV,Telephone Field,recover-20220825,002,1795
29.6105,29.6224,44375,47555,Pipistrellus pipistrellus,0.023,0.028,-1,Echolocation,/mnt/ubna_data_01_mir/recover-20220825/UBNA_002/20220823_033000.WAV,Telephone Field,recover-20220825,002,1795
29.6125,29.6504,68437,81390,Rhinolophus ferrumequinum,0.021,0.021,-1,Echolocation,/mnt/ubna_data_01_mir/recover-20220825/UBNA_002/20220823_033000.WAV,Telephone Field,recover-20220825,002,1795
29.6545,29.6917,68437,81749,Rhinolophus ferrumequinum,0.022,0.022,-1,Echolocation,/mnt/ubna_data_01_mir/recover-20220825/UBNA_002/20220823_033000.WAV,Telephone Field,recover-20220825,002,1795
29.6825,29.6902,28906,39811,Eptesicus serotinus,0.006,0.02,-1,Echolocation,/mnt/ubna_data_01_mir/recover-20220825/UBNA_002/20220823_033000.WAV,Telephone Field,recover-20220825,002,1795
29.6885,29.727,68437,82192,Rhinolophus ferrumequinum,0.024,0.024,-1,Echolocation,/mnt/ubna_data_01_mir/recover-20220825/UBNA_002/20220823_033000.WAV,Telephone Field,recover-20220825,002,1795
29.8245,29.8341,50390,55377,Pipistrellus pipistrellus,0.017,0.021,-1,Echolocation,/mnt/ubna_data_01_mir/recover-20220825/UBNA_002/20220823_033000.WAV,Telephone Field,recover-20220825,002,1795
29.8455,29.8886,68437,82634,Rhinolophus ferrumequinum,0.024,0.024,-1,Echolocation,/mnt/ubna_data_01_mir/recover-20220825/UBNA_002/20220823_033000.WAV,Telephone Field,recover-20220825,002,1795
29.8695,29.907,68437,81703,Rhinolophus ferrumequinum,0.02,0.02,-1,Echolocation,/mnt/ubna_data_01_mir/recover-20220825/UBNA_002/20220823_033000.WAV,Telephone Field,recover-20220825,002,1795
29.8705,29.8796,28046,39448,Eptesicus serotinus,0.009,0.024,-1,Echolocation,/mnt/ubna_data_01_mir/recover-20220825/UBNA_002/20220823_033000.WAV,Telephone Field,recover-20220825,002,1795
29.8795,29.9179,68437,82389,Rhinolophus ferrumequinum,0.025,0.025,-1,Echolocation,/mnt/ubna_data_01_mir/recover-20220825/UBNA_002/20220823_033000.WAV,Telephone Field,recover-20220825,002,1795
29.8985,29.9065,27187,39718,Eptesicus serotinus,0.007,0.02,-1,Echolocation,/mnt/ubna_data_01_mir/recover-20220825/UBNA_002/20220823_033000.WAV,Telephone Field,recover-20220825,002,1795
29.9545,29.9928,68437,82112,Rhinolophus ferrumequinum,0.022,0.022,-1,Echolocation,/mnt/ubna_data_01_mir/recover-20220825/UBNA_002/20220823_033000.WAV,Telephone Field,recover-20220825,002,1795
29.9685,29.9781,27187,36104,Eptesicus serotinus,0.009,0.021,-1,Echolocation,/mnt/ubna_data_01_mir/recover-20220825/UBNA_002/20220823_033000.WAV,Telephone Field,recover-20220825,002,1795
30.0015,30.0072,46093,50768,Pipistrellus pipistrellus,0.013,0.021,-1,Echolocation,/mnt/ubna_data_01_mir/recover-20220825/UBNA_002/20220823_033000.WAV,Telephone Field,recover-20220825,002,1795
30.0015,30.0371,69296,81817,Rhinolophus ferrumequinum,0.028,0.029,-1,Echolocation,/mnt/ubna_data_01_mir/recover-20220825/UBNA_002/20220823_033000.WAV,Telephone Field,recover-20220825,002,1795
30.0015,30.0113,22031,27477,Nyctalus leisleri,0.013,0.029,-1,Echolocation,/mnt/ubna_data_01_mir/recover-20220825/UBNA_002/20220823_033000.WAV,Telephone Field,recover-20220825,002,1795
30.0665,30.0751,28046,39947,Eptesicus serotinus,0.008,0.022,-1,Echolocation,/mnt/ubna_data_01_mir/recover-20220825/UBNA_002/20220823_033000.WAV,Telephone Field,recover-20220825,002,1795
30.0855,30.1253,68437,83078,Rhinolophus ferrumequinum,0.022,0.022,-1,Echolocation,/mnt/ubna_data_01_mir/recover-20220825/UBNA_002/20220823_033000.WAV,Telephone Field,recover-20220825,002,1795
30.1135,30.1536,68437,82493,Rhinolophus ferrumequinum,0.022,0.022,-1,Echolocation,/mnt/ubna_data_01_mir/recover-20220825/UBNA_002/20220823_033000.WAV,Telephone Field,recover-20220825,002,1795
30.1485,30.1869,68437,82330,Rhinolophus ferrumequinum,0.022,0.022,-1,Echolocation,/mnt/ubna_data_01_mir/recover-20220825/UBNA_002/20220823_033000.WAV,Telephone Field,recover-20220825,002,1795
30.1545,30.1956,68437,82701,Rhinolophus ferrumequinum,0.023,0.023,-1,Echolocation,/mnt/ubna_data_01_mir/recover-20220825/UBNA_002/20220823_033000.WAV,Telephone Field,recover-20220825,002,1795
30.1795,30.2168,68437,82076,Rhinolophus ferrumequinum,0.025,0.025,-1,Echolocation,/mnt/ubna_data_01_mir/recover-20220825/UBNA_002/20220823_033000.WAV,Telephone Field,recover-20220825,002,1795
30.2495,30.2595,39218,44287,Barbastellus barbastellus,0.011,0.033,-1,Echolocation,/mnt/ubna_data_01_mir/recover-20220825/UBNA_002/20220823_033000.WAV,Telephone Field,recover-20220825,002,1795
30.2515,30.2591,28046,40129,Eptesicus serotinus,0.008,0.024,-1,Echolocation,/mnt/ubna_data_01_mir/recover-20220825/UBNA_002/20220823_033000.WAV,Telephone Field,recover-20220825,002,1795
30.2515,30.2884,68437,81538,Rhinolophus ferrumequinum,0.029,0.029,-1,Echolocation,/mnt/ubna_data_01_mir/recover-20220825/UBNA_002/20220823_033000.WAV,Telephone Field,recover-20220825,002,1795
30.3285,30.3671,68437,81958,Rhinolophus ferrumequinum,0.022,0.022,-1,Echolocation,/mnt/ubna_data_01_mir/recover-20220825/UBNA_002/20220823_033000.WAV,Telephone Field,recover-20220825,002,1795
30.3315,30.3403,25468,33616,Eptesicus serotinus,0.008,0.023,-1,Echolocation,/mnt/ubna_data_01_mir/recover-20220825/UBNA_002/20220823_033000.WAV,Telephone Field,recover-20220825,002,1795
30.4395,30.4764,68437,81625,Rhinolophus ferrumequinum,0.022,0.022,-1,Echolocation,/mnt/ubna_data_01_mir/recover-20220825/UBNA_002/20220823_033000.WAV,Telephone Field,recover-20220825,002,1795
30.4505,30.4854,68437,81685,Rhinolophus ferrumequinum,0.037,0.037,-1,Echolocation,/mnt/ubna_data_01_mir/recover-20220825/UBNA_002/20220823_033000.WAV,Telephone Field,recover-20220825,002,1795
30.4985,30.5069,25468,33698,Eptesicus serotinus,0.008,0.021,-1,Echolocation,/mnt/ubna_data_01_mir/recover-20220825/UBNA_002/20220823_033000.WAV,Telephone Field,recover-20220825,002,1795
30.5025,30.5374,68437,81449,Rhinolophus ferrumequinum,0.022,0.022,-1,Echolocation,/mnt/ubna_data_01_mir/recover-20220825/UBNA_002/20220823_033000.WAV,Telephone Field,recover-20220825,002,1795
30.5105,30.5499,68437,82457,Rhinolophus ferrumequinum,0.021,0.021,-1,Echolocation,/mnt/ubna_data_01_mir/recover-20220825/UBNA_002/20220823_033000.WAV,Telephone Field,recover-20220825,002,1795
30.5405,30.5789,68437,81734,Rhinolophus ferrumequinum,0.021,0.021,-1,Echolocation,/mnt/ubna_data_01_mir/recover-20220825/UBNA_002/20220823_033000.WAV,Telephone Field,recover-20220825,002,1795
30.5405,30.5501,22031,27762,Nyctalus leisleri,0.007,0.022,-1,Echolocation,/mnt/ubna_data_01_mir/recover-20220825/UBNA_002/20220823_033000.WAV,Telephone Field,recover-20220825,002,1795
30.5775,30.6184,68437,82416,Rhinolophus ferrumequinum,0.023,0.023,-1,Echolocation,/mnt/ubna_data_01_mir/recover-20220825/UBNA_002/20220823_033000.WAV,Telephone Field,recover-20220825,002,1795
30.6015,30.6125,22890,28015,Nyctalus leisleri,0.011,0.023,-1,Echolocation,/mnt/ubna_data_01_mir/recover-20220825/UBNA_002/20220823_033000.WAV,Telephone Field,recover-20220825,002,1795
30.6025,30.6416,68437,81986,Rhinolophus ferrumequinum,0.023,0.023,-1,Echolocation,/mnt/ubna_data_01_mir/recover-20220825/UBNA_002/20220823_033000.WAV,Telephone Field,recover-20220825,002,1795
30.6645,30.6764,49531,53184,Pipistrellus pipistrellus,0.016,0.022,-1,Echolocation,/mnt/ubna_data_01_mir/recover-20220825/UBNA_002/20220823_033000.WAV,Telephone Field,recover-20220825,002,1795
30.7075,30.746,68437,82049,Rhinolophus ferrumequinum,0.022,0.022,-1,Echolocation,/mnt/ubna_data_01_mir/recover-20220825/UBNA_002/20220823_033000.WAV,Telephone Field,recover-20220825,002,1795
30.7595,30.7659,25468,35629,Plecotus auritus,0.013,0.04,-1,Echolocation,/mnt/ubna_data_01_mir/recover-20220825/UBNA_002/20220823_033000.WAV,Telephone Field,recover-20220825,002,1795
30.7755,30.8164,68437,82728,Rhinolophus ferrumequinum,0.025,0.025,-1,Echolocation,/mnt/ubna_data_01_mir/recover-20220825/UBNA_002/20220823_033000.WAV,Telephone Field,recover-20220825,002,1795
30.7785,30.7873,26328,33857,Eptesicus serotinus,0.009,0.028,-1,Echolocation,/mnt/ubna_data_01_mir/recover-20220825/UBNA_002/20220823_033000.WAV,Telephone Field,recover-20220825,002,1795
30.7955,30.8058,26328,33081,Eptesicus serotinus,0.011,0.029,-1,Echolocation,/mnt/ubna_data_01_mir/recover-20220825/UBNA_002/20220823_033000.WAV,Telephone Field,recover-20220825,002,1795
30.7965,30.8301,68437,81464,Rhinolophus ferrumequinum,0.022,0.022,-1,Echolocation,/mnt/ubna_data_01_mir/recover-20220825/UBNA_002/20220823_033000.WAV,Telephone Field,recover-20220825,002,1795
30.8155,30.8525,68437,81950,Rhinolophus ferrumequinum,0.022,0.022,-1,Echolocation,/mnt/ubna_data_01_mir/recover-20220825/UBNA_002/20220823_033000.WAV,Telephone Field,recover-20220825,002,1795
30.8195,30.8304,14296,18513,Nyctalus noctula,0.02,0.036,-1,Echolocation,/mnt/ubna_data_01_mir/recover-20220825/UBNA_002/20220823_033000.WAV,Telephone Field,recover-20220825,002,1795
30.8785,30.8863,25468,34168,Eptesicus serotinus,0.006,0.022,-1,Echolocation,/mnt/ubna_data_01_mir/recover-20220825/UBNA_002/20220823_033000.WAV,Telephone Field,recover-20220825,002,1795
30.9055,30.9164,22031,26670,Nyctalus leisleri,0.012,0.023,-1,Echolocation,/mnt/ubna_data_01_mir/recover-20220825/UBNA_002/20220823_033000.WAV,Telephone Field,recover-20220825,002,1795
30.9115,30.9462,68437,81260,Rhinolophus ferrumequinum,0.024,0.024,-1,Echolocation,/mnt/ubna_data_01_mir/recover-20220825/UBNA_002/20220823_033000.WAV,Telephone Field,recover-20220825,002,1795
30.9585,30.9653,28906,39570,Eptesicus serotinus,0.006,0.022,-1,Echolocation,/mnt/ubna_data_01_mir/recover-20220825/UBNA_002/20220823_033000.WAV,Telephone Field,recover-20220825,002,1795
31.0345,31.0737,68437,82443,Rhinolophus ferrumequinum,0.027,0.027,-1,Echolocation,/mnt/ubna_data_01_mir/recover-20220825/UBNA_002/20220823_033000.WAV,Telephone Field,recover-20220825,002,1795
31.0595,31.0996,68437,82177,Rhinolophus ferrumequinum,0.028,0.028,-1,Echolocation,/mnt/ubna_data_01_mir/recover-20220825/UBNA_002/20220823_033000.WAV,Telephone Field,recover-20220825,002,1795
31.0895,31.1,24609,30474,Nyctalus leisleri,0.01,0.023,-1,Echolocation,/mnt/ubna_data_01_mir/recover-20220825/UBNA_002/20220823_033000.WAV,Telephone Field,recover-20220825,002,1795
31.0895,31.1275,68437,82376,Rhinolophus ferrumequinum,0.022,0.022,-1,Echolocation,/mnt/ubna_data_01_mir/recover-20220825/UBNA_002/20220823_033000.WAV,Telephone Field,recover-20220825,002,1795
31.1085,31.1184,28906,35506,Eptesicus serotinus,0.011,0.024,-1,Echolocation,/mnt/ubna_data_01_mir/recover-20220825/UBNA_002/20220823_033000.WAV,Telephone Field,recover-20220825,002,1795
31.1145,31.154,68437,82014,Rhinolophus ferrumequinum,0.029,0.03,-1,Echolocation,/mnt/ubna_data_01_mir/recover-20220825/UBNA_002/20220823_033000.WAV,Telephone Field,recover-20220825,002,1795
31.1645,31.1995,68437,81053,Rhinolophus ferrumequinum,0.024,0.024,-1,Echolocation,/mnt/ubna_data_01_mir/recover-20220825/UBNA_002/20220823_033000.WAV,Telephone Field,recover-20220825,002,1795
31.1905,31.1981,48671,54687,Pipistrellus pipistrellus,0.025,0.027,-1,Echolocation,/mnt/ubna_data_01_mir/recover-20220825/UBNA_002/20220823_033000.WAV,Telephone Field,recover-20220825,002,1795
31.2295,31.2657,68437,81389,Rhinolophus ferrumequinum,0.021,0.021,-1,Echolocation,/mnt/ubna_data_01_mir/recover-20220825/UBNA_002/20220823_033000.WAV,Telephone Field,recover-20220825,002,1795
31.3105,31.3503,68437,82633,Rhinolophus ferrumequinum,0.029,0.029,-1,Echolocation,/mnt/ubna_data_01_mir/recover-20220825/UBNA_002/20220823_033000.WAV,Telephone Field,recover-20220825,002,1795
31.3195,31.3594,68437,82818,Rhinolophus ferrumequinum,0.022,0.022,-1,Echolocation,/mnt/ubna_data_01_mir/recover-20220825/UBNA_002/20220823_033000.WAV,Telephone Field,recover-20220825,002,1795
31.4595,31.4958,68437,81551,Rhinolophus ferrumequinum,0.021,0.022,-1,Echolocation,/mnt/ubna_data_01_mir/recover-20220825/UBNA_002/20220823_033000.WAV,Telephone Field,recover-20220825,002,1795
31.4735,31.4894,22890,27192,Nyctalus leisleri,0.012,0.022,-1,Echolocation,/mnt/ubna_data_01_mir/recover-20220825/UBNA_002/20220823_033000.WAV,Telephone Field,recover-20220825,002,1795
31.485500000000002,31.495,55546,59934,Pipistrellus pygmaeus,0.02,0.022,-1,Echolocation,/mnt/ubna_data_01_mir/recover-20220825/UBNA_002/20220823_033000.WAV,Telephone Field,recover-20220825,002,1795
31.4885,31.5298,68437,82731,Rhinolophus ferrumequinum,0.022,0.022,-1,Echolocation,/mnt/ubna_data_01_mir/recover-20220825/UBNA_002/20220823_033000.WAV,Telephone Field,recover-20220825,002,1795
31.4955,31.5036,28906,38684,Eptesicus serotinus,0.007,0.022,-1,Echolocation,/mnt/ubna_data_01_mir/recover-20220825/UBNA_002/20220823_033000.WAV,Telephone Field,recover-20220825,002,1795
31.5265,31.5689,68437,82622,Rhinolophus ferrumequinum,0.03,0.03,-1,Echolocation,/mnt/ubna_data_01_mir/recover-20220825/UBNA_002/20220823_033000.WAV,Telephone Field,recover-20220825,002,1795
31.5745,31.5821,28046,39553,Eptesicus serotinus,0.008,0.022,-1,Echolocation,/mnt/ubna_data_01_mir/recover-20220825/UBNA_002/20220823_033000.WAV,Telephone Field,recover-20220825,002,1795
31.6205,31.6619,68437,82345,Rhinolophus ferrumequinum,0.026,0.026,-1,Echolocation,/mnt/ubna_data_01_mir/recover-20220825/UBNA_002/20220823_033000.WAV,Telephone Field,recover-20220825,002,1795
31.6235,31.6312,23750,32558,Plecotus austriacus,0.011,0.024,-1,Echolocation,/mnt/ubna_data_01_mir/recover-20220825/UBNA_002/20220823_033000.WAV,Telephone Field,recover-20220825,002,1795
31.6595,31.6926,68437,81055,Rhinolophus ferrumequinum,0.022,0.022,-1,Echolocation,/mnt/ubna_data_01_mir/recover-20220825/UBNA_002/20220823_033000.WAV,Telephone Field,recover-20220825,002,1795
31.6895,31.7006,23750,30082,Nyctalus leisleri,0.01,0.023,-1,Echolocation,/mnt/ubna_data_01_mir/recover-20220825/UBNA_002/20220823_033000.WAV,Telephone Field,recover-20220825,002,1795
31.6905,31.6991,55546,62656,Pipistrellus pygmaeus,0.019,0.022,-1,Echolocation,/mnt/ubna_data_01_mir/recover-20220825/UBNA_002/20220823_033000.WAV,Telephone Field,recover-20220825,002,1795
31.7265,31.7705,68437,83806,Rhinolophus ferrumequinum,0.036,0.036,-1,Echolocation,/mnt/ubna_data_01_mir/recover-20220825/UBNA_002/20220823_033000.WAV,Telephone Field,recover-20220825,002,1795
31.7425,31.7498,28046,43470,Eptesicus serotinus,0.007,0.023,-1,Echolocation,/mnt/ubna_data_01_mir/recover-20220825/UBNA_002/20220823_033000.WAV,Telephone Field,recover-20220825,002,1795
31.7845,31.8217,68437,81223,Rhinolophus ferrumequinum,0.026,0.026,-1,Echolocation,/mnt/ubna_data_01_mir/recover-20220825/UBNA_002/20220823_033000.WAV,Telephone Field,recover-20220825,002,1795
31.7975,31.8076,44375,51408,Pipistrellus pipistrellus,0.019,0.023,-1,Echolocation,/mnt/ubna_data_01_mir/recover-20220825/UBNA_002/20220823_033000.WAV,Telephone Field,recover-20220825,002,1795
31.8105,31.851,68437,82973,Rhinolophus ferrumequinum,0.044,0.044,-1,Echolocation,/mnt/ubna_data_01_mir/recover-20220825/UBNA_002/20220823_033000.WAV,Telephone Field,recover-20220825,002,1795
31.8375,31.8713,68437,81123,Rhinolophus ferrumequinum,0.023,0.023,-1,Echolocation,/mnt/ubna_data_01_mir/recover-20220825/UBNA_002/20220823_033000.WAV,Telephone Field,recover-20220825,002,1795
31.8705,31.9112,68437,82892,Rhinolophus ferrumequinum,0.028,0.028,-1,Echolocation,/mnt/ubna_data_01_mir/recover-20220825/UBNA_002/20220823_033000.WAV,Telephone Field,recover-20220825,002,1795
31.9205,31.9293,25468,34198,Eptesicus serotinus,0.008,0.023,-1,Echolocation,/mnt/ubna_data_01_mir/recover-20220825/UBNA_002/20220823_033000.WAV,Telephone Field,recover-20220825,002,1795
31.9595,31.9692,22890,29354,Nyctalus leisleri,0.009,0.027,-1,Echolocation,/mnt/ubna_data_01_mir/recover-20220825/UBNA_002/20220823_033000.WAV,Telephone Field,recover-20220825,002,1795
31.985500000000002,31.996,27187,36328,Eptesicus serotinus,0.014,0.027,-1,Echolocation,/mnt/ubna_data_01_mir/recover-20220825/UBNA_002/20220823_033000.WAV,Telephone Field,recover-20220825,002,1795
32.0015,32.0087,38359,56361,Myotis daubentonii,0.009,0.021,-1,Echolocation,/mnt/ubna_data_01_mir/recover-20220825/UBNA_002/20220823_033000.WAV,Telephone Field,recover-20220825,002,1795
32.0015,32.0116,24609,31601,Nyctalus leisleri,0.011,0.032,-1,Echolocation,/mnt/ubna_data_01_mir/recover-20220825/UBNA_002/20220823_033000.WAV,Telephone Field,recover-20220825,002,1795
32.0015,32.0342,68437,80027,Rhinolophus ferrumequinum,0.026,0.026,-1,Echolocation,/mnt/ubna_data_01_mir/recover-20220825/UBNA_002/20220823_033000.WAV,Telephone Field,recover-20220825,002,1795
32.0085,32.0516,68437,82934,Rhinolophus ferrumequinum,0.027,0.027,-1,Echolocation,/mnt/ubna_data_01_mir/recover-20220825/UBNA_002/20220823_033000.WAV,Telephone Field,recover-20220825,002,1795
32.1345,32.1746,68437,82486,Rhinolophus ferrumequinum,0.026,0.026,-1,Echolocation,/mnt/ubna_data_01_mir/recover-20220825/UBNA_002/20220823_033000.WAV,Telephone Field,recover-20220825,002,1795
32.1705,32.1894,22890,25831,Nyctalus leisleri,0.028,0.047,-1,Echolocation,/mnt/ubna_data_01_mir/recover-20220825/UBNA_002/20220823_033000.WAV,Telephone Field,recover-20220825,002,1795
32.1745,32.2118,68437,82625,Rhinolophus ferrumequinum,0.021,0.021,-1,Echolocation,/mnt/ubna_data_01_mir/recover-20220825/UBNA_002/20220823_033000.WAV,Telephone Field,recover-20220825,002,1795
32.2015,32.2105,28046,37358,Eptesicus serotinus,0.009,0.023,-1,Echolocation,/mnt/ubna_data_01_mir/recover-20220825/UBNA_002/20220823_033000.WAV,Telephone Field,recover-20220825,002,1795
32.2155,32.2513,68437,81653,Rhinolophus ferrumequinum,0.021,0.021,-1,Echolocation,/mnt/ubna_data_01_mir/recover-20220825/UBNA_002/20220823_033000.WAV,Telephone Field,recover-20220825,002,1795
32.2405,32.2506,23750,29797,Nyctalus leisleri,0.01,0.022,-1,Echolocation,/mnt/ubna_data_01_mir/recover-20220825/UBNA_002/20220823_033000.WAV,Telephone Field,recover-20220825,002,1795
32.2615,32.269800000000004,23750,31902,Plecotus austriacus,0.008,0.022,-1,Echolocation,/mnt/ubna_data_01_mir/recover-20220825/UBNA_002/20220823_033000.WAV,Telephone Field,recover-20220825,002,1795
32.2655,32.3037,68437,81742,Rhinolophus ferrumequinum,0.022,0.022,-1,Echolocation,/mnt/ubna_data_01_mir/recover-20220825/UBNA_002/20220823_033000.WAV,Telephone Field,recover-20220825,002,1795
32.2945,32.3035,27187,37320,Eptesicus serotinus,0.008,0.021,-1,Echolocation,/mnt/ubna_data_01_mir/recover-20220825/UBNA_002/20220823_033000.WAV,Telephone Field,recover-20220825,002,1795
32.341499999999996,32.3783,68437,81952,Rhinolophus ferrumequinum,0.028,0.028,-1,Echolocation,/mnt/ubna_data_01_mir/recover-20220825/UBNA_002/20220823_033000.WAV,Telephone Field,recover-20220825,002,1795
32.3435,32.3506,28046,42491,Eptesicus serotinus,0.006,0.021,-1,Echolocation,/mnt/ubna_data_01_mir/recover-20220825/UBNA_002/20220823_033000.WAV,Telephone Field,recover-20220825,002,1795
32.3565,32.3655,28046,36820,Eptesicus serotinus,0.008,0.021,-1,Echolocation,/mnt/ubna_data_01_mir/recover-20220825/UBNA_002/20220823_033000.WAV,Telephone Field,recover-20220825,002,1795
32.3595,32.3966,68437,81993,Rhinolophus ferrumequinum,0.024,0.024,-1,Echolocation,/mnt/ubna_data_01_mir/recover-20220825/UBNA_002/20220823_033000.WAV,Telephone Field,recover-20220825,002,1795
32.411500000000004,32.4193,28046,39407,Eptesicus serotinus,0.007,0.022,-1,Echolocation,/mnt/ubna_data_01_mir/recover-20220825/UBNA_002/20220823_033000.WAV,Telephone Field,recover-20220825,002,1795
32.4135,32.4513,68437,82278,Rhinolophus ferrumequinum,0.028,0.028,-1,Echolocation,/mnt/ubna_data_01_mir/recover-20220825/UBNA_002/20220823_033000.WAV,Telephone Field,recover-20220825,002,1795
32.4335,32.4418,27187,37952,Eptesicus serotinus,0.008,0.022,-1,Echolocation,/mnt/ubna_data_01_mir/recover-20220825/UBNA_002/20220823_033000.WAV,Telephone Field,recover-20220825,002,1795
32.4625,32.473,28906,37001,Eptesicus serotinus,0.01,0.024,-1,Echolocation,/mnt/ubna_data_01_mir/recover-20220825/UBNA_002/20220823_033000.WAV,Telephone Field,recover-20220825,002,1795
32.4655,32.504599999999996,68437,82749,Rhinolophus ferrumequinum,0.022,0.022,-1,Echolocation,/mnt/ubna_data_01_mir/recover-20220825/UBNA_002/20220823_033000.WAV,Telephone Field,recover-20220825,002,1795
32.4745,32.5127,68437,82479,Rhinolophus ferrumequinum,0.024,0.024,-1,Echolocation,/mnt/ubna_data_01_mir/recover-20220825/UBNA_002/20220823_033000.WAV,Telephone Field,recover-20220825,002,1795
32.4875,32.4969,56406,61244,Pipistrellus pygmaeus,0.02,0.021,-1,Echolocation,/mnt/ubna_data_01_mir/recover-20220825/UBNA_002/20220823_033000.WAV,Telephone Field,recover-20220825,002,1795
32.5025,32.5403,68437,82440,Rhinolophus ferrumequinum,0.026,0.026,-1,Echolocation,/mnt/ubna_data_01_mir/recover-20220825/UBNA_002/20220823_033000.WAV,Telephone Field,recover-20220825,002,1795
32.5215,32.5293,26328,35543,Eptesicus serotinus,0.008,0.026,-1,Echolocation,/mnt/ubna_data_01_mir/recover-20220825/UBNA_002/20220823_033000.WAV,Telephone Field,recover-20220825,002,1795
32.6005,32.6375,68437,82009,Rhinolophus ferrumequinum,0.021,0.021,-1,Echolocation,/mnt/ubna_data_01_mir/recover-20220825/UBNA_002/20220823_033000.WAV,Telephone Field,recover-20220825,002,1795
32.6255,32.6413,20312,23010,Nyctalus leisleri,0.013,0.021,-1,Echolocation,/mnt/ubna_data_01_mir/recover-20220825/UBNA_002/20220823_033000.WAV,Telephone Field,recover-20220825,002,1795
32.6375,32.6746,68437,81495,Rhinolophus ferrumequinum,0.021,0.021,-1,Echolocation,/mnt/ubna_data_01_mir/recover-20220825/UBNA_002/20220823_033000.WAV,Telephone Field,recover-20220825,002,1795
32.6505,32.6568,27187,41298,Eptesicus serotinus,0.005,0.022,-1,Echolocation,/mnt/ubna_data_01_mir/recover-20220825/UBNA_002/20220823_033000.WAV,Telephone Field,recover-20220825,002,1795
32.6515,32.6886,68437,81879,Rhinolophus ferrumequinum,0.023,0.023,-1,Echolocation,/mnt/ubna_data_01_mir/recover-20220825/UBNA_002/20220823_033000.WAV,Telephone Field,recover-20220825,002,1795
32.6685,32.6821,22890,27564,Nyctalus leisleri,0.013,0.024,-1,Echolocation,/mnt/ubna_data_01_mir/recover-20220825/UBNA_002/20220823_033000.WAV,Telephone Field,recover-20220825,002,1795
32.6875,32.7216,68437,81176,Rhinolophus ferrumequinum,0.021,0.021,-1,Echolocation,/mnt/ubna_data_01_mir/recover-20220825/UBNA_002/20220823_033000.WAV,Telephone Field,recover-20220825,002,1795
32.7115,32.7524,68437,82683,Rhinolophus ferrumequinum,0.022,0.022,-1,Echolocation,/mnt/ubna_data_01_mir/recover-20220825/UBNA_002/20220823_033000.WAV,Telephone Field,recover-20220825,002,1795
32.7125,32.7198,25468,34592,Eptesicus serotinus,0.006,0.022,-1,Echolocation,/mnt/ubna_data_01_mir/recover-20220825/UBNA_002/20220823_033000.WAV,Telephone Field,recover-20220825,002,1795
32.7385,32.7475,28046,39978,Eptesicus serotinus,0.009,0.024,-1,Echolocation,/mnt/ubna_data_01_mir/recover-20220825/UBNA_002/20220823_033000.WAV,Telephone Field,recover-20220825,002,1795
32.7415,32.7812,68437,81887,Rhinolophus ferrumequinum,0.021,0.021,-1,Echolocation,/mnt/ubna_data_01_mir/recover-20220825/UBNA_002/20220823_033000.WAV,Telephone Field,recover-20220825,002,1795
32.7805,32.7874,28046,43027,Eptesicus serotinus,0.006,0.021,-1,Echolocation,/mnt/ubna_data_01_mir/recover-20220825/UBNA_002/20220823_033000.WAV,Telephone Field,recover-20220825,002,1795
32.7905,32.8285,68437,82040,Rhinolophus ferrumequinum,0.03,0.03,-1,Echolocation,/mnt/ubna_data_01_mir/recover-20220825/UBNA_002/20220823_033000.WAV,Telephone Field,recover-20220825,002,1795
32.8435,32.8503,29765,44889,Myotis daubentonii,0.009,0.022,-1,Echolocation,/mnt/ubna_data_01_mir/recover-20220825/UBNA_002/20220823_033000.WAV,Telephone Field,recover-20220825,002,1795
32.8595,32.8995,68437,82270,Rhinolophus ferrumequinum,0.023,0.023,-1,Echolocation,/mnt/ubna_data_01_mir/recover-20220825/UBNA_002/20220823_033000.WAV,Telephone Field,recover-20220825,002,1795
32.8615,32.8694,23750,31848,Plecotus austriacus,0.008,0.022,-1,Echolocation,/mnt/ubna_data_01_mir/recover-20220825/UBNA_002/20220823_033000.WAV,Telephone Field,recover-20220825,002,1795
32.8705,32.8807,23750,29798,Nyctalus leisleri,0.008,0.021,-1,Echolocation,/mnt/ubna_data_01_mir/recover-20220825/UBNA_002/20220823_033000.WAV,Telephone Field,recover-20220825,002,1795
32.8975,32.9062,27187,36663,Eptesicus serotinus,0.008,0.02,-1,Echolocation,/mnt/ubna_data_01_mir/recover-20220825/UBNA_002/20220823_033000.WAV,Telephone Field,recover-20220825,002,1795
32.9225,32.9642,68437,82845,Rhinolophus ferrumequinum,0.033,0.033,-1,Echolocation,/mnt/ubna_data_01_mir/recover-20220825/UBNA_002/20220823_033000.WAV,Telephone Field,recover-20220825,002,1795
32.9295,32.9387,25468,33383,Eptesicus serotinus,0.01,0.026,-1,Echolocation,/mnt/ubna_data_01_mir/recover-20220825/UBNA_002/20220823_033000.WAV,Telephone Field,recover-20220825,002,1795
32.9425,32.9828,68437,82030,Rhinolophus ferrumequinum,0.025,0.025,-1,Echolocation,/mnt/ubna_data_01_mir/recover-20220825/UBNA_002/20220823_033000.WAV,Telephone Field,recover-20220825,002,1795
32.9755,33.0152,68437,81754,Rhinolophus ferrumequinum,0.022,0.022,-1,Echolocation,/mnt/ubna_data_01_mir/recover-20220825/UBNA_002/20220823_033000.WAV,Telephone Field,recover-20220825,002,1795
32.9995,33.0058,24609,34394,Plecotus austriacus,0.012,0.027,-1,Echolocation,/mnt/ubna_data_01_mir/recover-20220825/UBNA_002/20220823_033000.WAV,Telephone Field,recover-20220825,002,1795
33.0255,33.0636,68437,82050,Rhinolophus ferrumequinum,0.024,0.024,-1,Echolocation,/mnt/ubna_data_01_mir/recover-20220825/UBNA_002/20220823_033000.WAV,Telephone Field,recover-20220825,002,1795
33.0735,33.0844,22890,28217,Nyctalus leisleri,0.011,0.023,-1,Echolocation,/mnt/ubna_data_01_mir/recover-20220825/UBNA_002/20220823_033000.WAV,Telephone Field,recover-20220825,002,1795
33.0945,33.1357,68437,83225,Rhinolophus ferrumequinum,0.028,0.028,-1,Echolocation,/mnt/ubna_data_01_mir/recover-20220825/UBNA_002/20220823_033000.WAV,Telephone Field,recover-20220825,002,1795
33.1395,33.1851,68437,83843,Rhinolophus ferrumequinum,0.06,0.06,-1,Echolocation,/mnt/ubna_data_01_mir/recover-20220825/UBNA_002/20220823_033000.WAV,Telephone Field,recover-20220825,002,1795
33.161500000000004,33.2009,68437,82253,Rhinolophus ferrumequinum,0.021,0.021,-1,Echolocation,/mnt/ubna_data_01_mir/recover-20220825/UBNA_002/20220823_033000.WAV,Telephone Field,recover-20220825,002,1795
33.1775,33.1865,52109,59008,Pipistrellus pipistrellus,0.014,0.021,-1,Echolocation,/mnt/ubna_data_01_mir/recover-20220825/UBNA_002/20220823_033000.WAV,Telephone Field,recover-20220825,002,1795
33.2015,33.2382,68437,81216,Rhinolophus ferrumequinum,0.02,0.021,-1,Echolocation,/mnt/ubna_data_01_mir/recover-20220825/UBNA_002/20220823_033000.WAV,Telephone Field,recover-20220825,002,1795
33.216499999999996,33.2241,28046,38776,Eptesicus serotinus,0.006,0.021,-1,Echolocation,/mnt/ubna_data_01_mir/recover-20220825/UBNA_002/20220823_033000.WAV,Telephone Field,recover-20220825,002,1795
33.2275,33.2672,68437,82098,Rhinolophus ferrumequinum,0.025,0.025,-1,Echolocation,/mnt/ubna_data_01_mir/recover-20220825/UBNA_002/20220823_033000.WAV,Telephone Field,recover-20220825,002,1795
33.2355,33.2758,68437,83056,Rhinolophus ferrumequinum,0.024,0.024,-1,Echolocation,/mnt/ubna_data_01_mir/recover-20220825/UBNA_002/20220823_033000.WAV,Telephone Field,recover-20220825,002,1795
33.2415,33.2501,22890,30101,Plecotus austriacus,0.009,0.023,-1,Echolocation,/mnt/ubna_data_01_mir/recover-20220825/UBNA_002/20220823_033000.WAV,Telephone Field,recover-20220825,002,1795
33.2695,33.3065,68437,81966,Rhinolophus ferrumequinum,0.02,0.02,-1,Echolocation,/mnt/ubna_data_01_mir/recover-20220825/UBNA_002/20220823_033000.WAV,Telephone Field,recover-20220825,002,1795
33.3705,33.3779,28046,39335,Eptesicus serotinus,0.006,0.024,-1,Echolocation,/mnt/ubna_data_01_mir/recover-20220825/UBNA_002/20220823_033000.WAV,Telephone Field,recover-20220825,002,1795
33.4045,33.4434,68437,82049,Rhinolophus ferrumequinum,0.024,0.024,-1,Echolocation,/mnt/ubna_data_01_mir/recover-20220825/UBNA_002/20220823_033000.WAV,Telephone Field,recover-20220825,002,1795
33.4185,33.4294,23750,29792,Nyctalus leisleri,0.01,0.024,-1,Echolocation,/mnt/ubna_data_01_mir/recover-20220825/UBNA_002/20220823_033000.WAV,Telephone Field,recover-20220825,002,1795
33.4215,33.4563,68437,81218,Rhinolophus ferrumequinum,0.022,0.022,-1,Echolocation,/mnt/ubna_data_01_mir/recover-20220825/UBNA_002/20220823_033000.WAV,Telephone Field,recover-20220825,002,1795
33.4655,33.5004,68437,81216,Rhinolophus ferrumequinum,0.021,0.021,-1,Echolocation,/mnt/ubna_data_01_mir/recover-20220825/UBNA_002/20220823_033000.WAV,Telephone Field,recover-20220825,002,1795
33.4695,33.4823,37500,41432,Pipistrellus nathusii,0.015,0.024,-1,Echolocation,/mnt/ubna_data_01_mir/recover-20220825/UBNA_002/20220823_033000.WAV,Telephone Field,recover-20220825,002,1795
33.4885,33.5001,28906,35686,Eptesicus serotinus,0.011,0.026,-1,Echolocation,/mnt/ubna_data_01_mir/recover-20220825/UBNA_002/20220823_033000.WAV,Telephone Field,recover-20220825,002,1795
33.5225,33.557,68437,80841,Rhinolophus ferrumequinum,0.026,0.026,-1,Echolocation,/mnt/ubna_data_01_mir/recover-20220825/UBNA_002/20220823_033000.WAV,Telephone Field,recover-20220825,002,1795
33.5255,33.5319,25468,42210,Myotis nattereri,0.005,0.024,-1,Echolocation,/mnt/ubna_data_01_mir/recover-20220825/UBNA_002/20220823_033000.WAV,Telephone Field,recover-20220825,002,1795
33.5375,33.5486,42656,45696,Pipistrellus pipistrellus,0.057,0.064,-1,Echolocation,/mnt/ubna_data_01_mir/recover-20220825/UBNA_002/20220823_033000.WAV,Telephone Field,recover-20220825,002,1795
33.5385,33.546,28046,37547,Eptesicus serotinus,0.007,0.023,-1,Echolocation,/mnt/ubna_data_01_mir/recover-20220825/UBNA_002/20220823_033000.WAV,Telephone Field,recover-20220825,002,1795
33.5395,33.5491,22031,28144,Nyctalus leisleri,0.008,0.022,-1,Echolocation,/mnt/ubna_data_01_mir/recover-20220825/UBNA_002/20220823_033000.WAV,Telephone Field,recover-20220825,002,1795
33.5655,33.5736,28046,40144,Eptesicus serotinus,0.007,0.021,-1,Echolocation,/mnt/ubna_data_01_mir/recover-20220825/UBNA_002/20220823_033000.WAV,Telephone Field,recover-20220825,002,1795
33.5695,33.6031,68437,80588,Rhinolophus ferrumequinum,0.024,0.025,-1,Echolocation,/mnt/ubna_data_01_mir/recover-20220825/UBNA_002/20220823_033000.WAV,Telephone Field,recover-20220825,002,1795
33.591499999999996,33.6003,28906,36715,Eptesicus serotinus,0.006,0.021,-1,Echolocation,/mnt/ubna_data_01_mir/recover-20220825/UBNA_002/20220823_033000.WAV,Telephone Field,recover-20220825,002,1795
33.6055,33.6438,68437,82130,Rhinolophus ferrumequinum,0.028,0.028,-1,Echolocation,/mnt/ubna_data_01_mir/recover-20220825/UBNA_002/20220823_033000.WAV,Telephone Field,recover-20220825,002,1795
33.6465,33.6565,28046,38359,Eptesicus serotinus,0.012,0.027,-1,Echolocation,/mnt/ubna_data_01_mir/recover-20220825/UBNA_002/20220823_033000.WAV,Telephone Field,recover-20220825,002,1795
33.6555,33.6898,68437,81248,Rhinolophus ferrumequinum,0.023,0.023,-1,Echolocation,/mnt/ubna_data_01_mir/recover-20220825/UBNA_002/20220823_033000.WAV,Telephone Field,recover-20220825,002,1795
33.6755,33.7162,68437,82940,Rhinolophus ferrumequinum,0.033,0.033,-1,Echolocation,/mnt/ubna_data_01_mir/recover-20220825/UBNA_002/20220823_033000.WAV,Telephone Field,recover-20220825,002,1795
33.6775,33.6877,28906,36657,Eptesicus serotinus,0.011,0.027,-1,Echolocation,/mnt/ubna_data_01_mir/recover-20220825/UBNA_002/20220823_033000.WAV,Telephone Field,recover-20220825,002,1795
33.7025,33.7133,24609,32156,Eptesicus serotinus,0.01,0.027,-1,Echolocation,/mnt/ubna_data_01_mir/recover-20220825/UBNA_002/20220823_033000.WAV,Telephone Field,recover-20220825,002,1795
33.7245,33.7608,68437,81856,Rhinolophus ferrumequinum,0.022,0.022,-1,Echolocation,/mnt/ubna_data_01_mir/recover-20220825/UBNA_002/20220823_033000.WAV,Telephone Field,recover-20220825,002,1795
33.7325,33.7407,24609,33202,Plecotus austriacus,0.006,0.022,-1,Echolocation,/mnt/ubna_data_01_mir/recover-20220825/UBNA_002/20220823_033000.WAV,Telephone Field,recover-20220825,002,1795
33.7405,33.778,68437,81648,Rhinolophus ferrumequinum,0.021,0.021,-1,Echolocation,/mnt/ubna_data_01_mir/recover-20220825/UBNA_002/20220823_033000.WAV,Telephone Field,recover-20220825,002,1795
33.7645,33.7756,28046,35043,Eptesicus serotinus,0.013,0.025,-1,Echolocation,/mnt/ubna_data_01_mir/recover-20220825/UBNA_002/20220823_033000.WAV,Telephone Field,recover-20220825,002,1795
33.7685,33.805,68437,81816,Rhinolophus ferrumequinum,0.023,0.023,-1,Echolocation,/mnt/ubna_data_01_mir/recover-20220825/UBNA_002/20220823_033000.WAV,Telephone Field,recover-20220825,002,1795
33.7745,33.8134,68437,82217,Rhinolophus ferrumequinum,0.023,0.023,-1,Echolocation,/mnt/ubna_data_01_mir/recover-20220825/UBNA_002/20220823_033000.WAV,Telephone Field,recover-20220825,002,1795
33.8035,33.8148,22031,26372,Nyctalus leisleri,0.014,0.026,-1,Echolocation,/mnt/ubna_data_01_mir/recover-20220825/UBNA_002/20220823_033000.WAV,Telephone Field,recover-20220825,002,1795
33.8155,33.8238,28046,38418,Eptesicus serotinus,0.008,0.021,-1,Echolocation,/mnt/ubna_data_01_mir/recover-20220825/UBNA_002/20220823_033000.WAV,Telephone Field,recover-20220825,002,1795
33.8335,33.8745,68437,82562,Rhinolophus ferrumequinum,0.025,0.025,-1,Echolocation,/mnt/ubna_data_01_mir/recover-20220825/UBNA_002/20220823_033000.WAV,Telephone Field,recover-20220825,002,1795
33.8615,33.8725,22890,28204,Nyctalus leisleri,0.014,0.029,-1,Echolocation,/mnt/ubna_data_01_mir/recover-20220825/UBNA_002/20220823_033000.WAV,Telephone Field,recover-20220825,002,1795
33.8955,33.9058,28906,36418,Eptesicus serotinus,0.011,0.027,-1,Echolocation,/mnt/ubna_data_01_mir/recover-20220825/UBNA_002/20220823_033000.WAV,Telephone Field,recover-20220825,002,1795
33.9315,33.9437,26328,33024,Eptesicus serotinus,0.015,0.034,-1,Echolocation,/mnt/ubna_data_01_mir/recover-20220825/UBNA_002/20220823_033000.WAV,Telephone Field,recover-20220825,002,1795
33.9475,33.957,41796,50059,Myotis daubentonii,0.004,0.022,-1,Echolocation,/mnt/ubna_data_01_mir/recover-20220825/UBNA_002/20220823_033000.WAV,Telephone Field,recover-20220825,002,1795
33.9515,33.9593,26328,39235,Eptesicus serotinus,0.007,0.022,-1,Echolocation,/mnt/ubna_data_01_mir/recover-20220825/UBNA_002/20220823_033000.WAV,Telephone Field,recover-20220825,002,1795
33.9845,33.9925,23750,32600,Plecotus austriacus,0.007,0.021,-1,Echolocation,/mnt/ubna_data_01_mir/recover-20220825/UBNA_002/20220823_033000.WAV,Telephone Field,recover-20220825,002,1795
34.0015,34.0113,26328,36387,Eptesicus serotinus,0.017,0.044,-1,Echolocation,/mnt/ubna_data_01_mir/recover-20220825/UBNA_002/20220823_033000.WAV,Telephone Field,recover-20220825,002,1795
34.0015,34.032,68437,79877,Rhinolophus ferrumequinum,0.034,0.035,-1,Echolocation,/mnt/ubna_data_01_mir/recover-20220825/UBNA_002/20220823_033000.WAV,Telephone Field,recover-20220825,002,1795
34.0065,34.0165,24609,32348,Eptesicus serotinus,0.017,0.046,-1,Echolocation,/mnt/ubna_data_01_mir/recover-20220825/UBNA_002/20220823_033000.WAV,Telephone Field,recover-20220825,002,1795
34.0175,34.0567,68437,82155,Rhinolophus ferrumequinum,0.021,0.021,-1,Echolocation,/mnt/ubna_data_01_mir/recover-20220825/UBNA_002/20220823_033000.WAV,Telephone Field,recover-20220825,002,1795
34.0215,34.028999999999996,28046,40029,Eptesicus serotinus,0.007,0.021,-1,Echolocation,/mnt/ubna_data_01_mir/recover-20220825/UBNA_002/20220823_033000.WAV,Telephone Field,recover-20220825,002,1795
34.0275,34.0651,68437,81825,Rhinolophus ferrumequinum,0.02,0.02,-1,Echolocation,/mnt/ubna_data_01_mir/recover-20220825/UBNA_002/20220823_033000.WAV,Telephone Field,recover-20220825,002,1795
34.0405,34.0501,28046,36412,Eptesicus serotinus,0.01,0.023,-1,Echolocation,/mnt/ubna_data_01_mir/recover-20220825/UBNA_002/20220823_033000.WAV,Telephone Field,recover-20220825,002,1795
34.1015,34.140100000000004,68437,82097,Rhinolophus ferrumequinum,0.021,0.021,-1,Echolocation,/mnt/ubna_data_01_mir/recover-20220825/UBNA_002/20220823_033000.WAV,Telephone Field,recover-20220825,002,1795
34.1275,34.1349,24609,32753,Plecotus austriacus,0.008,0.024,-1,Echolocation,/mnt/ubna_data_01_mir/recover-20220825/UBNA_002/20220823_033000.WAV,Telephone Field,recover-20220825,002,1795
34.1515,34.1849,68437,81109,Rhinolophus ferrumequinum,0.02,0.02,-1,Echolocation,/mnt/ubna_data_01_mir/recover-20220825/UBNA_002/20220823_033000.WAV,Telephone Field,recover-20220825,002,1795
34.1775,34.2151,68437,82398,Rhinolophus ferrumequinum,0.021,0.021,-1,Echolocation,/mnt/ubna_data_01_mir/recover-20220825/UBNA_002/20220823_033000.WAV,Telephone Field,recover-20220825,002,1795
34.1805,34.1877,24609,35790,Plecotus austriacus,0.013,0.033,-1,Echolocation,/mnt/ubna_data_01_mir/recover-20220825/UBNA_002/20220823_033000.WAV,Telephone Field,recover-20220825,002,1795
34.2035,34.2447,68437,82620,Rhinolophus ferrumequinum,0.022,0.022,-1,Echolocation,/mnt/ubna_data_01_mir/recover-20220825/UBNA_002/20220823_033000.WAV,Telephone Field,recover-20220825,002,1795
34.2195,34.2278,25468,34616,Eptesicus serotinus,0.008,0.025,-1,Echolocation,/mnt/ubna_data_01_mir/recover-20220825/UBNA_002/20220823_033000.WAV,Telephone Field,recover-20220825,002,1795
34.2225,34.2631,68437,81739,Rhinolophus ferrumequinum,0.024,0.024,-1,Echolocation,/mnt/ubna_data_01_mir/recover-20220825/UBNA_002/20220823_033000.WAV,Telephone Field,recover-20220825,002,1795
34.2295,34.239,28046,39243,Eptesicus serotinus,0.008,0.02,-1,Echolocation,/mnt/ubna_data_01_mir/recover-20220825/UBNA_002/20220823_033000.WAV,Telephone Field,recover-20220825,002,1795
34.2305,34.2723,68437,81904,Rhinolophus ferrumequinum,0.025,0.025,-1,Echolocation,/mnt/ubna_data_01_mir/recover-20220825/UBNA_002/20220823_033000.WAV,Telephone Field,recover-20220825,002,1795
34.2645,34.28,21171,24696,Nyctalus leisleri,0.012,0.021,-1,Echolocation,/mnt/ubna_data_01_mir/recover-20220825/UBNA_002/20220823_033000.WAV,Telephone Field,recover-20220825,002,1795
34.3175,34.3264,28046,38712,Eptesicus serotinus,0.008,0.021,-1,Echolocation,/mnt/ubna_data_01_mir/recover-20220825/UBNA_002/20220823_033000.WAV,Telephone Field,recover-20220825,002,1795
34.3685,34.3758,23750,31952,Plecotus austriacus,0.008,0.02,-1,Echolocation,/mnt/ubna_data_01_mir/recover-20220825/UBNA_002/20220823_033000.WAV,Telephone Field,recover-20220825,002,1795
34.3925,34.4312,68437,82417,Rhinolophus ferrumequinum,0.036,0.036,-1,Echolocation,/mnt/ubna_data_01_mir/recover-20220825/UBNA_002/20220823_033000.WAV,Telephone Field,recover-20220825,002,1795
34.408500000000004,34.4212,22890,26857,Nyctalus leisleri,0.013,0.023,-1,Echolocation,/mnt/ubna_data_01_mir/recover-20220825/UBNA_002/20220823_033000.WAV,Telephone Field,recover-20220825,002,1795
34.4155,34.4328,21171,24273,Nyctalus leisleri,0.014,0.022,-1,Echolocation,/mnt/ubna_data_01_mir/recover-20220825/UBNA_002/20220823_033000.WAV,Telephone Field,recover-20220825,002,1795
34.4195,34.460499999999996,68437,82786,Rhinolophus ferrumequinum,0.021,0.021,-1,Echolocation,/mnt/ubna_data_01_mir/recover-20220825/UBNA_002/20220823_033000.WAV,Telephone Field,recover-20220825,002,1795
34.4205,34.4292,27187,35774,Eptesicus serotinus,0.008,0.02,-1,Echolocation,/mnt/ubna_data_01_mir/recover-20220825/UBNA_002/20220823_033000.WAV,Telephone Field,recover-20220825,002,1795
34.4335,34.4722,68437,82205,Rhinolophus ferrumequinum,0.024,0.024,-1,Echolocation,/mnt/ubna_data_01_mir/recover-20220825/UBNA_002/20220823_033000.WAV,Telephone Field,recover-20220825,002,1795
34.4385,34.4786,68437,82210,Rhinolophus ferrumequinum,0.024,0.024,-1,Echolocation,/mnt/ubna_data_01_mir/recover-20220825/UBNA_002/20220823_033000.WAV,Telephone Field,recover-20220825,002,1795
34.4775,34.4878,23750,29580,Nyctalus leisleri,0.009,0.022,-1,Echolocation,/mnt/ubna_data_01_mir/recover-20220825/UBNA_002/20220823_033000.WAV,Telephone Field,recover-20220825,002,1795
34.4975,34.5381,68437,82653,Rhinolophus ferrumequinum,0.028,0.028,-1,Echolocation,/mnt/ubna_data_01_mir/recover-20220825/UBNA_002/20220823_033000.WAV,Telephone Field,recover-20220825,002,1795
34.5095,34.5485,68437,82255,Rhinolophus ferrumequinum,0.026,0.026,-1,Echolocation,/mnt/ubna_data_01_mir/recover-20220825/UBNA_002/20220823_033000.WAV,Telephone Field,recover-20220825,002,1795
34.5275,34.568,68437,82147,Rhinolophus ferrumequinum,0.021,0.021,-1,Echolocation,/mnt/ubna_data_01_mir/recover-20220825/UBNA_002/20220823_033000.WAV,Telephone Field,recover-20220825,002,1795
34.536500000000004,34.5762,68437,82347,Rhinolophus ferrumequinum,0.021,0.021,-1,Echolocation,/mnt/ubna_data_01_mir/recover-20220825/UBNA_002/20220823_033000.WAV,Telephone Field,recover-20220825,002,1795
34.5935,34.6034,22890,29720,Nyctalus leisleri,0.007,0.022,-1,Echolocation,/mnt/ubna_data_01_mir/recover-20220825/UBNA_002/20220823_033000.WAV,Telephone Field,recover-20220825,002,1795
34.6205,34.6597,68437,82295,Rhinolophus ferrumequinum,0.02,0.02,-1,Echolocation,/mnt/ubna_data_01_mir/recover-20220825/UBNA_002/20220823_033000.WAV,Telephone Field,recover-20220825,002,1795
34.6435,34.6804,68437,81867,Rhinolophus ferrumequinum,0.021,0.022,-1,Echolocation,/mnt/ubna_data_01_mir/recover-20220825/UBNA_002/20220823_033000.WAV,Telephone Field,recover-20220825,002,1795
34.6465,34.6553,27187,36146,Eptesicus serotinus,0.011,0.029,-1,Echolocation,/mnt/ubna_data_01_mir/recover-20220825/UBNA_002/20220823_033000.WAV,Telephone Field,recover-20220825,002,1795
34.6505,34.6904,68437,81950,Rhinolophus ferrumequinum,0.02,0.02,-1,Echolocation,/mnt/ubna_data_01_mir/recover-20220825/UBNA_002/20220823_033000.WAV,Telephone Field,recover-20220825,002,1795
34.6555,34.665,28906,38953,Eptesicus serotinus,0.008,0.02,-1,Echolocation,/mnt/ubna_data_01_mir/recover-20220825/UBNA_002/20220823_033000.WAV,Telephone Field,recover-20220825,002,1795
34.6595,34.6988,68437,81682,Rhinolophus ferrumequinum,0.02,0.02,-1,Echolocation,/mnt/ubna_data_01_mir/recover-20220825/UBNA_002/20220823_033000.WAV,Telephone Field,recover-20220825,002,1795
34.6735,34.7119,68437,80936,Rhinolophus ferrumequinum,0.023,0.023,-1,Echolocation,/mnt/ubna_data_01_mir/recover-20220825/UBNA_002/20220823_033000.WAV,Telephone Field,recover-20220825,002,1795
34.6945,34.7289,68437,82435,Rhinolophus ferrumequinum,0.023,0.023,-1,Echolocation,/mnt/ubna_data_01_mir/recover-20220825/UBNA_002/20220823_033000.WAV,Telephone Field,recover-20220825,002,1795
34.7025,34.7405,68437,81759,Rhinolophus ferrumequinum,0.02,0.02,-1,Echolocation,/mnt/ubna_data_01_mir/recover-20220825/UBNA_002/20220823_033000.WAV,Telephone Field,recover-20220825,002,1795
34.7205,34.7564,68437,81779,Rhinolophus ferrumequinum,0.02,0.02,-1,Echolocation,/mnt/ubna_data_01_mir/recover-20220825/UBNA_002/20220823_033000.WAV,Telephone Field,recover-20220825,002,1795
34.7295,34.7687,68437,82233,Rhinolophus ferrumequinum,0.02,0.02,-1,Echolocation,/mnt/ubna_data_01_mir/recover-20220825/UBNA_002/20220823_033000.WAV,Telephone Field,recover-20220825,002,1795
34.7325,34.7488,21171,24309,Nyctalus leisleri,0.016,0.026,-1,Echolocation,/mnt/ubna_data_01_mir/recover-20220825/UBNA_002/20220823_033000.WAV,Telephone Field,recover-20220825,002,1795
34.7655,34.775,28046,37107,Eptesicus serotinus,0.012,0.026,-1,Echolocation,/mnt/ubna_data_01_mir/recover-20220825/UBNA_002/20220823_033000.WAV,Telephone Field,recover-20220825,002,1795
34.7945,34.8019,28046,40080,Eptesicus serotinus,0.006,0.021,-1,Echolocation,/mnt/ubna_data_01_mir/recover-20220825/UBNA_002/20220823_033000.WAV,Telephone Field,recover-20220825,002,1795
34.8155,34.8488,68437,80756,Rhinolophus ferrumequinum,0.021,0.021,-1,Echolocation,/mnt/ubna_data_01_mir/recover-20220825/UBNA_002/20220823_033000.WAV,Telephone Field,recover-20220825,002,1795
34.8505,34.8961,68437,83751,Rhinolophus ferrumequinum,0.031,0.031,-1,Echolocation,/mnt/ubna_data_01_mir/recover-20220825/UBNA_002/20220823_033000.WAV,Telephone Field,recover-20220825,002,1795
34.8575,34.868,22031,26950,Nyctalus leisleri,0.009,0.021,-1,Echolocation,/mnt/ubna_data_01_mir/recover-20220825/UBNA_002/20220823_033000.WAV,Telephone Field,recover-20220825,002,1795
34.8645,34.9053,68437,82749,Rhinolophus ferrumequinum,0.021,0.021,-1,Echolocation,/mnt/ubna_data_01_mir/recover-20220825/UBNA_002/20220823_033000.WAV,Telephone Field,recover-20220825,002,1795
34.8815,34.9214,68437,82049,Rhinolophus ferrumequinum,0.02,0.02,-1,Echolocation,/mnt/ubna_data_01_mir/recover-20220825/UBNA_002/20220823_033000.WAV,Telephone Field,recover-20220825,002,1795
34.8825,34.8906,28046,40022,Eptesicus serotinus,0.007,0.02,-1,Echolocation,/mnt/ubna_data_01_mir/recover-20220825/UBNA_002/20220823_033000.WAV,Telephone Field,recover-20220825,002,1795
34.8905,34.9301,68437,82375,Rhinolophus ferrumequinum,0.02,0.02,-1,Echolocation,/mnt/ubna_data_01_mir/recover-20220825/UBNA_002/20220823_033000.WAV,Telephone Field,recover-20220825,002,1795
34.8955,34.9041,23750,31472,Plecotus austriacus,0.006,0.02,-1,Echolocation,/mnt/ubna_data_01_mir/recover-20220825/UBNA_002/20220823_033000.WAV,Telephone Field,recover-20220825,002,1795
34.9015,34.9093,28046,38042,Eptesicus serotinus,0.007,0.02,-1,Echolocation,/mnt/ubna_data_01_mir/recover-20220825/UBNA_002/20220823_033000.WAV,Telephone Field,recover-20220825,002,1795
34.9655,34.9761,23750,29031,Nyctalus leisleri,0.01,0.022,-1,Echolocation,/mnt/ubna_data_01_mir/recover-20220825/UBNA_002/20220823_033000.WAV,Telephone Field,recover-20220825,002,1795
34.9655,35.003,68437,81690,Rhinolophus ferrumequinum,0.02,0.02,-1,Echolocation,/mnt/ubna_data_01_mir/recover-20220825/UBNA_002/20220823_033000.WAV,Telephone Field,recover-20220825,002,1795
34.9805,35.0171,68437,81239,Rhinolophus ferrumequinum,0.021,0.021,-1,Echolocation,/mnt/ubna_data_01_mir/recover-20220825/UBNA_002/20220823_033000.WAV,Telephone Field,recover-20220825,002,1795
35.0055,35.0134,28906,37824,Eptesicus serotinus,0.006,0.02,-1,Echolocation,/mnt/ubna_data_01_mir/recover-20220825/UBNA_002/20220823_033000.WAV,Telephone Field,recover-20220825,002,1795
35.0145,35.0518,68437,81586,Rhinolophus ferrumequinum,0.02,0.02,-1,Echolocation,/mnt/ubna_data_01_mir/recover-20220825/UBNA_002/20220823_033000.WAV,Telephone Field,recover-20220825,002,1795
35.0345,35.0694,68437,80893,Rhinolophus ferrumequinum,0.024,0.024,-1,Echolocation,/mnt/ubna_data_01_mir/recover-20220825/UBNA_002/20220823_033000.WAV,Telephone Field,recover-20220825,002,1795
35.0465,35.0843,68437,81862,Rhinolophus ferrumequinum,0.02,0.02,-1,Echolocation,/mnt/ubna_data_01_mir/recover-20220825/UBNA_002/20220823_033000.WAV,Telephone Field,recover-20220825,002,1795
35.0535,35.0926,68437,81998,Rhinolophus ferrumequinum,0.02,0.02,-1,Echolocation,/mnt/ubna_data_01_mir/recover-20220825/UBNA_002/20220823_033000.WAV,Telephone Field,recover-20220825,002,1795
35.0745,35.0858,22890,27665,Nyctalus leisleri,0.01,0.02,-1,Echolocation,/mnt/ubna_data_01_mir/recover-20220825/UBNA_002/20220823_033000.WAV,Telephone Field,recover-20220825,002,1795
35.1055,35.1419,68437,81847,Rhinolophus ferrumequinum,0.02,0.02,-1,Echolocation,/mnt/ubna_data_01_mir/recover-20220825/UBNA_002/20220823_033000.WAV,Telephone Field,recover-20220825,002,1795
35.1625,35.2013,68437,82116,Rhinolophus ferrumequinum,0.021,0.021,-1,Echolocation,/mnt/ubna_data_01_mir/recover-20220825/UBNA_002/20220823_033000.WAV,Telephone Field,recover-20220825,002,1795
35.1625,35.1697,27187,38845,Eptesicus serotinus,0.006,0.02,-1,Echolocation,/mnt/ubna_data_01_mir/recover-20220825/UBNA_002/20220823_033000.WAV,Telephone Field,recover-20220825,002,1795
35.1845,35.2211,68437,82226,Rhinolophus ferrumequinum,0.023,0.023,-1,Echolocation,/mnt/ubna_data_01_mir/recover-20220825/UBNA_002/20220823_033000.WAV,Telephone Field,recover-20220825,002,1795
35.2235,35.2632,68437,82197,Rhinolophus ferrumequinum,0.024,0.024,-1,Echolocation,/mnt/ubna_data_01_mir/recover-20220825/UBNA_002/20220823_033000.WAV,Telephone Field,recover-20220825,002,1795
35.2445,35.2833,68437,82615,Rhinolophus ferrumequinum,0.02,0.02,-1,Echolocation,/mnt/ubna_data_01_mir/recover-20220825/UBNA_002/20220823_033000.WAV,Telephone Field,recover-20220825,002,1795
35.2685,35.2777,28046,36207,Eptesicus serotinus,0.009,0.02,-1,Echolocation,/mnt/ubna_data_01_mir/recover-20220825/UBNA_002/20220823_033000.WAV,Telephone Field,recover-20220825,002,1795
35.2875,35.3284,68437,82454,Rhinolophus ferrumequinum,0.021,0.021,-1,Echolocation,/mnt/ubna_data_01_mir/recover-20220825/UBNA_002/20220823_033000.WAV,Telephone Field,recover-20220825,002,1795
35.3055,35.3454,68437,82373,Rhinolophus ferrumequinum,0.023,0.023,-1,Echolocation,/mnt/ubna_data_01_mir/recover-20220825/UBNA_002/20220823_033000.WAV,Telephone Field,recover-20220825,002,1795
35.341499999999996,35.3802,68437,81908,Rhinolophus ferrumequinum,0.022,0.023,-1,Echolocation,/mnt/ubna_data_01_mir/recover-20220825/UBNA_002/20220823_033000.WAV,Telephone Field,recover-20220825,002,1795
35.3445,35.3504,28046,46869,Myotis daubentonii,0.01,0.033,-1,Echolocation,/mnt/ubna_data_01_mir/recover-20220825/UBNA_002/20220823_033000.WAV,Telephone Field,recover-20220825,002,1795
35.3985,35.4382,68437,82339,Rhinolophus ferrumequinum,0.024,0.024,-1,Echolocation,/mnt/ubna_data_01_mir/recover-20220825/UBNA_002/20220823_033000.WAV,Telephone Field,recover-20220825,002,1795
35.4155,35.4545,68437,81204,Rhinolophus ferrumequinum,0.023,0.023,-1,Echolocation,/mnt/ubna_data_01_mir/recover-20220825/UBNA_002/20220823_033000.WAV,Telephone Field,recover-20220825,002,1795
35.4465,35.4556,24609,32257,Eptesicus serotinus,0.007,0.02,-1,Echolocation,/mnt/ubna_data_01_mir/recover-20220825/UBNA_002/20220823_033000.WAV,Telephone Field,recover-20220825,002,1795
35.4845,35.5244,68437,81942,Rhinolophus ferrumequinum,0.025,0.025,-1,Echolocation,/mnt/ubna_data_01_mir/recover-20220825/UBNA_002/20220823_033000.WAV,Telephone Field,recover-20220825,002,1795
35.5035,35.5411,68437,81911,Rhinolophus ferrumequinum,0.021,0.021,-1,Echolocation,/mnt/ubna_data_01_mir/recover-20220825/UBNA_002/20220823_033000.WAV,Telephone Field,recover-20220825,002,1795
35.5175,35.5547,68437,81956,Rhinolophus ferrumequinum,0.02,0.021,-1,Echolocation,/mnt/ubna_data_01_mir/recover-20220825/UBNA_002/20220823_033000.WAV,Telephone Field,recover-20220825,002,1795
35.5375,35.547399999999996,23750,29575,Nyctalus leisleri,0.009,0.022,-1,Echolocation,/mnt/ubna_data_01_mir/recover-20220825/UBNA_002/20220823_033000.WAV,Telephone Field,recover-20220825,002,1795
35.5445,35.582499999999996,68437,81312,Rhinolophus ferrumequinum,0.021,0.021,-1,Echolocation,/mnt/ubna_data_01_mir/recover-20220825/UBNA_002/20220823_033000.WAV,Telephone Field,recover-20220825,002,1795
35.5515,35.559,28906,39095,Eptesicus serotinus,0.006,0.021,-1,Echolocation,/mnt/ubna_data_01_mir/recover-20220825/UBNA_002/20220823_033000.WAV,Telephone Field,recover-20220825,002,1795
35.5525,35.5905,68437,81926,Rhinolophus ferrumequinum,0.023,0.023,-1,Echolocation,/mnt/ubna_data_01_mir/recover-20220825/UBNA_002/20220823_033000.WAV,Telephone Field,recover-20220825,002,1795
35.5875,35.6276,68437,82840,Rhinolophus ferrumequinum,0.024,0.024,-1,Echolocation,/mnt/ubna_data_01_mir/recover-20220825/UBNA_002/20220823_033000.WAV,Telephone Field,recover-20220825,002,1795
35.6035,35.6117,26328,35975,Eptesicus serotinus,0.007,0.022,-1,Echolocation,/mnt/ubna_data_01_mir/recover-20220825/UBNA_002/20220823_033000.WAV,Telephone Field,recover-20220825,002,1795
35.6345,35.672200000000004,68437,81886,Rhinolophus ferrumequinum,0.02,0.02,-1,Echolocation,/mnt/ubna_data_01_mir/recover-20220825/UBNA_002/20220823_033000.WAV,Telephone Field,recover-20220825,002,1795
35.6385,35.649,22031,26855,Nyctalus leisleri,0.01,0.023,-1,Echolocation,/mnt/ubna_data_01_mir/recover-20220825/UBNA_002/20220823_033000.WAV,Telephone Field,recover-20220825,002,1795
35.6435,35.6806,68437,81752,Rhinolophus ferrumequinum,0.021,0.021,-1,Echolocation,/mnt/ubna_data_01_mir/recover-20220825/UBNA_002/20220823_033000.WAV,Telephone Field,recover-20220825,002,1795
35.6605,35.6965,68437,81100,Rhinolophus ferrumequinum,0.02,0.02,-1,Echolocation,/mnt/ubna_data_01_mir/recover-20220825/UBNA_002/20220823_033000.WAV,Telephone Field,recover-20220825,002,1795
35.6865,35.7253,68437,81511,Rhinolophus ferrumequinum,0.021,0.021,-1,Echolocation,/mnt/ubna_data_01_mir/recover-20220825/UBNA_002/20220823_033000.WAV,Telephone Field,recover-20220825,002,1795
35.7175,35.7582,68437,82584,Rhinolophus ferrumequinum,0.03,0.03,-1,Echolocation,/mnt/ubna_data_01_mir/recover-20220825/UBNA_002/20220823_033000.WAV,Telephone Field,recover-20220825,002,1795
35.7325,35.7439,22890,27443,Nyctalus leisleri,0.011,0.021,-1,Echolocation,/mnt/ubna_data_01_mir/recover-20220825/UBNA_002/20220823_033000.WAV,Telephone Field,recover-20220825,002,1795
35.7515,35.7848,68437,81150,Rhinolophus ferrumequinum,0.021,0.021,-1,Echolocation,/mnt/ubna_data_01_mir/recover-20220825/UBNA_002/20220823_033000.WAV,Telephone Field,recover-20220825,002,1795
35.8015,35.8128,23750,29189,Nyctalus leisleri,0.009,0.021,-1,Echolocation,/mnt/ubna_data_01_mir/recover-20220825/UBNA_002/20220823_033000.WAV,Telephone Field,recover-20220825,002,1795
35.8365,35.8745,68437,81605,Rhinolophus ferrumequinum,0.023,0.023,-1,Echolocation,/mnt/ubna_data_01_mir/recover-20220825/UBNA_002/20220823_033000.WAV,Telephone Field,recover-20220825,002,1795
35.8495,35.8922,68437,82234,Rhinolophus ferrumequinum,0.03,0.03,-1,Echolocation,/mnt/ubna_data_01_mir/recover-20220825/UBNA_002/20220823_033000.WAV,Telephone Field,recover-20220825,002,1795
35.8825,35.917699999999996,68437,81583,Rhinolophus ferrumequinum,0.024,0.024,-1,Echolocation,/mnt/ubna_data_01_mir/recover-20220825/UBNA_002/20220823_033000.WAV,Telephone Field,recover-20220825,002,1795
35.8835,35.8947,22031,25716,Nyctalus leisleri,0.011,0.02,-1,Echolocation,/mnt/ubna_data_01_mir/recover-20220825/UBNA_002/20220823_033000.WAV,Telephone Field,recover-20220825,002,1795
35.8945,35.9326,68437,81867,Rhinolophus ferrumequinum,0.021,0.021,-1,Echolocation,/mnt/ubna_data_01_mir/recover-20220825/UBNA_002/20220823_033000.WAV,Telephone Field,recover-20220825,002,1795
35.9365,35.9777,68437,82586,Rhinolophus ferrumequinum,0.022,0.022,-1,Echolocation,/mnt/ubna_data_01_mir/recover-20220825/UBNA_002/20220823_033000.WAV,Telephone Field,recover-20220825,002,1795
35.9405,35.9489,28906,40235,Eptesicus serotinus,0.011,0.029,-1,Echolocation,/mnt/ubna_data_01_mir/recover-20220825/UBNA_002/20220823_033000.WAV,Telephone Field,recover-20220825,002,1795
35.9475,35.984,68437,81322,Rhinolophus ferrumequinum,0.02,0.02,-1,Echolocation,/mnt/ubna_data_01_mir/recover-20220825/UBNA_002/20220823_033000.WAV,Telephone Field,recover-20220825,002,1795
36.0015,36.0289,70156,82357,Rhinolophus ferrumequinum,0.023,0.023,-1,Echolocation,/mnt/ubna_data_01_mir/recover-20220825/UBNA_002/20220823_033000.WAV,Telephone Field,recover-20220825,002,1795
36.0015,36.0136,23750,29696,Nyctalus leisleri,0.017,0.038,-1,Echolocation,/mnt/ubna_data_01_mir/recover-20220825/UBNA_002/20220823_033000.WAV,Telephone Field,recover-20220825,002,1795
36.0075,36.0168,28046,36646,Eptesicus serotinus,0.008,0.022,-1,Echolocation,/mnt/ubna_data_01_mir/recover-20220825/UBNA_002/20220823_033000.WAV,Telephone Field,recover-20220825,002,1795
36.0175,36.0269,26328,34643,Eptesicus serotinus,0.009,0.021,-1,Echolocation,/mnt/ubna_data_01_mir/recover-20220825/UBNA_002/20220823_033000.WAV,Telephone Field,recover-20220825,002,1795
36.0215,36.0608,68437,81934,Rhinolophus ferrumequinum,0.021,0.021,-1,Echolocation,/mnt/ubna_data_01_mir/recover-20220825/UBNA_002/20220823_033000.WAV,Telephone Field,recover-20220825,002,1795
36.0515,36.0603,28906,41000,Eptesicus serotinus,0.007,0.021,-1,Echolocation,/mnt/ubna_data_01_mir/recover-20220825/UBNA_002/20220823_033000.WAV,Telephone Field,recover-20220825,002,1795
36.0765,36.1124,68437,81881,Rhinolophus ferrumequinum,0.022,0.022,-1,Echolocation,/mnt/ubna_data_01_mir/recover-20220825/UBNA_002/20220823_033000.WAV,Telephone Field,recover-20220825,002,1795
36.0815,36.0918,23750,30762,Nyctalus leisleri,0.01,0.027,-1,Echolocation,/mnt/ubna_data_01_mir/recover-20220825/UBNA_002/20220823_033000.WAV,Telephone Field,recover-20220825,002,1795
36.0995,36.1383,68437,82113,Rhinolophus ferrumequinum,0.022,0.022,-1,Echolocation,/mnt/ubna_data_01_mir/recover-20220825/UBNA_002/20220823_033000.WAV,Telephone Field,recover-20220825,002,1795
36.1025,36.11,28906,41983,Eptesicus serotinus,0.008,0.026,-1,Echolocation,/mnt/ubna_data_01_mir/recover-20220825/UBNA_002/20220823_033000.WAV,Telephone Field,recover-20220825,002,1795
36.1175,36.1583,68437,82988,Rhinolophus ferrumequinum,0.024,0.024,-1,Echolocation,/mnt/ubna_data_01_mir/recover-20220825/UBNA_002/20220823_033000.WAV,Telephone Field,recover-20220825,002,1795
36.1205,36.1277,26328,37075,Eptesicus serotinus,0.007,0.023,-1,Echolocation,/mnt/ubna_data_01_mir/recover-20220825/UBNA_002/20220823_033000.WAV,Telephone Field,recover-20220825,002,1795
36.1565,36.1955,68437,81319,Rhinolophus ferrumequinum,0.022,0.022,-1,Echolocation,/mnt/ubna_data_01_mir/recover-20220825/UBNA_002/20220823_033000.WAV,Telephone Field,recover-20220825,002,1795
36.1775,36.1851,27187,39413,Eptesicus serotinus,0.006,0.02,-1,Echolocation,/mnt/ubna_data_01_mir/recover-20220825/UBNA_002/20220823_033000.WAV,Telephone Field,recover-20220825,002,1795
36.1895,36.2255,68437,81860,Rhinolophus ferrumequinum,0.021,0.021,-1,Echolocation,/mnt/ubna_data_01_mir/recover-20220825/UBNA_002/20220823_033000.WAV,Telephone Field,recover-20220825,002,1795
36.2065,36.2145,29765,37488,Eptesicus serotinus,0.01,0.026,-1,Echolocation,/mnt/ubna_data_01_mir/recover-20220825/UBNA_002/20220823_033000.WAV,Telephone Field,recover-20220825,002,1795
36.2065,36.2435,68437,81717,Rhinolophus ferrumequinum,0.02,0.02,-1,Echolocation,/mnt/ubna_data_01_mir/recover-20220825/UBNA_002/20220823_033000.WAV,Telephone Field,recover-20220825,002,1795
36.2345,36.2732,68437,82523,Rhinolophus ferrumequinum,0.022,0.022,-1,Echolocation,/mnt/ubna_data_01_mir/recover-20220825/UBNA_002/20220823_033000.WAV,Telephone Field,recover-20220825,002,1795
36.2395,36.2475,28906,38121,Eptesicus serotinus,0.007,0.022,-1,Echolocation,/mnt/ubna_data_01_mir/recover-20220825/UBNA_002/20220823_033000.WAV,Telephone Field,recover-20220825,002,1795
36.2545,36.2964,68437,82488,Rhinolophus ferrumequinum,0.028,0.028,-1,Echolocation,/mnt/ubna_data_01_mir/recover-20220825/UBNA_002/20220823_033000.WAV,Telephone Field,recover-20220825,002,1795
36.2795,36.2894,22031,27485,Nyctalus leisleri,0.008,0.02,-1,Echolocation,/mnt/ubna_data_01_mir/recover-20220825/UBNA_002/20220823_033000.WAV,Telephone Field,recover-20220825,002,1795
36.286500000000004,36.3285,68437,82729,Rhinolophus ferrumequinum,0.03,0.03,-1,Echolocation,/mnt/ubna_data_01_mir/recover-20220825/UBNA_002/20220823_033000.WAV,Telephone Field,recover-20220825,002,1795
36.3125,36.3195,28906,38372,Eptesicus serotinus,0.007,0.024,-1,Echolocation,/mnt/ubna_data_01_mir/recover-20220825/UBNA_002/20220823_033000.WAV,Telephone Field,recover-20220825,002,1795
36.3215,36.359700000000004,68437,81885,Rhinolophus ferrumequinum,0.021,0.021,-1,Echolocation,/mnt/ubna_data_01_mir/recover-20220825/UBNA_002/20220823_033000.WAV,Telephone Field,recover-20220825,002,1795
36.3555,36.3633,26328,35183,Eptesicus serotinus,0.008,0.021,-1,Echolocation,/mnt/ubna_data_01_mir/recover-20220825/UBNA_002/20220823_033000.WAV,Telephone Field,recover-20220825,002,1795
36.3745,36.416,68437,82696,Rhinolophus ferrumequinum,0.025,0.025,-1,Echolocation,/mnt/ubna_data_01_mir/recover-20220825/UBNA_002/20220823_033000.WAV,Telephone Field,recover-20220825,002,1795
36.4135,36.4505,68437,81808,Rhinolophus ferrumequinum,0.021,0.021,-1,Echolocation,/mnt/ubna_data_01_mir/recover-20220825/UBNA_002/20220823_033000.WAV,Telephone Field,recover-20220825,002,1795
36.4365,36.4751,68437,81612,Rhinolophus ferrumequinum,0.022,0.022,-1,Echolocation,/mnt/ubna_data_01_mir/recover-20220825/UBNA_002/20220823_033000.WAV,Telephone Field,recover-20220825,002,1795
36.4445,36.4543,34062,40374,Eptesicus serotinus,0.007,0.029,-1,Echolocation,/mnt/ubna_data_01_mir/recover-20220825/UBNA_002/20220823_033000.WAV,Telephone Field,recover-20220825,002,1795
36.4515,36.4929,68437,82188,Rhinolophus ferrumequinum,0.024,0.024,-1,Echolocation,/mnt/ubna_data_01_mir/recover-20220825/UBNA_002/20220823_033000.WAV,Telephone Field,recover-20220825,002,1795
36.4835,36.4906,27187,39551,Eptesicus serotinus,0.007,0.022,-1,Echolocation,/mnt/ubna_data_01_mir/recover-20220825/UBNA_002/20220823_033000.WAV,Telephone Field,recover-20220825,002,1795
36.4945,36.5013,26328,36271,Plecotus auritus,0.011,0.034,-1,Echolocation,/mnt/ubna_data_01_mir/recover-20220825/UBNA_002/20220823_033000.WAV,Telephone Field,recover-20220825,002,1795
36.5205,36.5604,68437,81750,Rhinolophus ferrumequinum,0.022,0.022,-1,Echolocation,/mnt/ubna_data_01_mir/recover-20220825/UBNA_002/20220823_033000.WAV,Telephone Field,recover-20220825,002,1795
36.5215,36.5333,24609,30628,Nyctalus leisleri,0.009,0.023,-1,Echolocation,/mnt/ubna_data_01_mir/recover-20220825/UBNA_002/20220823_033000.WAV,Telephone Field,recover-20220825,002,1795
36.533500000000004,36.5556,19453,22349,Nyctalus leisleri,0.012,0.024,-1,Echolocation,/mnt/ubna_data_01_mir/recover-20220825/UBNA_002/20220823_033000.WAV,Telephone Field,recover-20220825,002,1795
36.5595,36.5684,25468,33884,Plecotus austriacus,0.01,0.038,-1,Echolocation,/mnt/ubna_data_01_mir/recover-20220825/UBNA_002/20220823_033000.WAV,Telephone Field,recover-20220825,002,1795
36.5785,36.5856,28046,41651,Eptesicus serotinus,0.007,0.023,-1,Echolocation,/mnt/ubna_data_01_mir/recover-20220825/UBNA_002/20220823_033000.WAV,Telephone Field,recover-20220825,002,1795
36.582499999999996,36.6183,68437,80870,Rhinolophus ferrumequinum,0.022,0.022,-1,Echolocation,/mnt/ubna_data_01_mir/recover-20220825/UBNA_002/20220823_033000.WAV,Telephone Field,recover-20220825,002,1795
36.6285,36.6397,23750,29188,Nyctalus leisleri,0.013,0.028,-1,Echolocation,/mnt/ubna_data_01_mir/recover-20220825/UBNA_002/20220823_033000.WAV,Telephone Field,recover-20220825,002,1795
36.6395,36.6522,22031,26699,Nyctalus leisleri,0.012,0.026,-1,Echolocation,/mnt/ubna_data_01_mir/recover-20220825/UBNA_002/20220823_033000.WAV,Telephone Field,recover-20220825,002,1795
36.6455,36.6819,68437,80881,Rhinolophus ferrumequinum,0.02,0.02,-1,Echolocation,/mnt/ubna_data_01_mir/recover-20220825/UBNA_002/20220823_033000.WAV,Telephone Field,recover-20220825,002,1795
36.6485,36.6563,29765,44248,Eptesicus serotinus,0.009,0.027,-1,Echolocation,/mnt/ubna_data_01_mir/recover-20220825/UBNA_002/20220823_033000.WAV,Telephone Field,recover-20220825,002,1795
36.6545,36.6916,68437,82009,Rhinolophus ferrumequinum,0.02,0.02,-1,Echolocation,/mnt/ubna_data_01_mir/recover-20220825/UBNA_002/20220823_033000.WAV,Telephone Field,recover-20220825,002,1795
36.7375,36.7752,68437,81933,Rhinolophus ferrumequinum,0.02,0.02,-1,Echolocation,/mnt/ubna_data_01_mir/recover-20220825/UBNA_002/20220823_033000.WAV,Telephone Field,recover-20220825,002,1795
36.7485,36.7629,21171,25800,Nyctalus noctula,0.034,0.078,-1,Echolocation,/mnt/ubna_data_01_mir/recover-20220825/UBNA_002/20220823_033000.WAV,Telephone Field,recover-20220825,002,1795
36.7905,36.8001,26328,34341,Eptesicus serotinus,0.011,0.026,-1,Echolocation,/mnt/ubna_data_01_mir/recover-20220825/UBNA_002/20220823_033000.WAV,Telephone Field,recover-20220825,002,1795
36.835499999999996,36.8409,45234,58785,Myotis mystacinus,0.014,0.027,-1,Echolocation,/mnt/ubna_data_01_mir/recover-20220825/UBNA_002/20220823_033000.WAV,Telephone Field,recover-20220825,002,1795
36.8755,36.9126,68437,81761,Rhinolophus ferrumequinum,0.021,0.021,-1,Echolocation,/mnt/ubna_data_01_mir/recover-20220825/UBNA_002/20220823_033000.WAV,Telephone Field,recover-20220825,002,1795
36.8995,36.909,24609,31877,Nyctalus leisleri,0.006,0.021,-1,Echolocation,/mnt/ubna_data_01_mir/recover-20220825/UBNA_002/20220823_033000.WAV,Telephone Field,recover-20220825,002,1795
36.9385,36.9795,68437,82675,Rhinolophus ferrumequinum,0.028,0.028,-1,Echolocation,/mnt/ubna_data_01_mir/recover-20220825/UBNA_002/20220823_033000.WAV,Telephone Field,recover-20220825,002,1795
36.9795,36.9866,28046,39348,Eptesicus serotinus,0.008,0.027,-1,Echolocation,/mnt/ubna_data_01_mir/recover-20220825/UBNA_002/20220823_033000.WAV,Telephone Field,recover-20220825,002,1795
37.0145,37.0526,68437,81516,Rhinolophus ferrumequinum,0.022,0.022,-1,Echolocation,/mnt/ubna_data_01_mir/recover-20220825/UBNA_002/20220823_033000.WAV,Telephone Field,recover-20220825,002,1795
37.0215,37.0597,68437,81514,Rhinolophus ferrumequinum,0.022,0.023,-1,Echolocation,/mnt/ubna_data_01_mir/recover-20220825/UBNA_002/20220823_033000.WAV,Telephone Field,recover-20220825,002,1795
37.0265,37.0341,24609,33848,Plecotus austriacus,0.006,0.021,-1,Echolocation,/mnt/ubna_data_01_mir/recover-20220825/UBNA_002/20220823_033000.WAV,Telephone Field,recover-20220825,002,1795
37.0345,37.0756,68437,82504,Rhinolophus ferrumequinum,0.028,0.028,-1,Echolocation,/mnt/ubna_data_01_mir/recover-20220825/UBNA_002/20220823_033000.WAV,Telephone Field,recover-20220825,002,1795
37.0435,37.0527,27187,38050,Eptesicus serotinus,0.01,0.023,-1,Echolocation,/mnt/ubna_data_01_mir/recover-20220825/UBNA_002/20220823_033000.WAV,Telephone Field,recover-20220825,002,1795
37.0745,37.1153,68437,82784,Rhinolophus ferrumequinum,0.023,0.023,-1,Echolocation,/mnt/ubna_data_01_mir/recover-20220825/UBNA_002/20220823_033000.WAV,Telephone Field,recover-20220825,002,1795
37.091499999999996,37.1272,68437,81692,Rhinolophus ferrumequinum,0.02,0.021,-1,Echolocation,/mnt/ubna_data_01_mir/recover-20220825/UBNA_002/20220823_033000.WAV,Telephone Field,recover-20220825,002,1795
37.1235,37.1635,68437,81810,Rhinolophus ferrumequinum,0.026,0.026,-1,Echolocation,/mnt/ubna_data_01_mir/recover-20220825/UBNA_002/20220823_033000.WAV,Telephone Field,recover-20220825,002,1795
37.1275,37.1357,28046,40697,Eptesicus serotinus,0.007,0.021,-1,Echolocation,/mnt/ubna_data_01_mir/recover-20220825/UBNA_002/20220823_033000.WAV,Telephone Field,recover-20220825,002,1795
37.1605,37.2001,68437,81972,Rhinolophus ferrumequinum,0.021,0.021,-1,Echolocation,/mnt/ubna_data_01_mir/recover-20220825/UBNA_002/20220823_033000.WAV,Telephone Field,recover-20220825,002,1795
37.1685,37.1804,25468,31526,Nyctalus leisleri,0.011,0.03,-1,Echolocation,/mnt/ubna_data_01_mir/recover-20220825/UBNA_002/20220823_033000.WAV,Telephone Field,recover-20220825,002,1795
37.1955,37.2348,68437,82299,Rhinolophus ferrumequinum,0.022,0.022,-1,Echolocation,/mnt/ubna_data_01_mir/recover-20220825/UBNA_002/20220823_033000.WAV,Telephone Field,recover-20220825,002,1795
37.1975,37.2054,28046,41550,Eptesicus serotinus,0.007,0.02,-1,Echolocation,/mnt/ubna_data_01_mir/recover-20220825/UBNA_002/20220823_033000.WAV,Telephone Field,recover-20220825,002,1795
37.2065,37.2452,68437,82781,Rhinolophus ferrumequinum,0.024,0.024,-1,Echolocation,/mnt/ubna_data_01_mir/recover-20220825/UBNA_002/20220823_033000.WAV,Telephone Field,recover-20220825,002,1795
37.2305,37.2384,23750,32571,Plecotus austriacus,0.007,0.021,-1,Echolocation,/mnt/ubna_data_01_mir/recover-20220825/UBNA_002/20220823_033000.WAV,Telephone Field,recover-20220825,002,1795
37.2525,37.2692,21171,24996,Nyctalus leisleri,0.021,0.043,-1,Echolocation,/mnt/ubna_data_01_mir/recover-20220825/UBNA_002/20220823_033000.WAV,Telephone Field,recover-20220825,002,1795
37.2525,37.2933,68437,82114,Rhinolophus ferrumequinum,0.023,0.023,-1,Echolocation,/mnt/ubna_data_01_mir/recover-20220825/UBNA_002/20220823_033000.WAV,Telephone Field,recover-20220825,002,1795
37.2635,37.3027,68437,82805,Rhinolophus ferrumequinum,0.025,0.025,-1,Echolocation,/mnt/ubna_data_01_mir/recover-20220825/UBNA_002/20220823_033000.WAV,Telephone Field,recover-20220825,002,1795
37.2955,37.3374,68437,83499,Rhinolophus ferrumequinum,0.031,0.031,-1,Echolocation,/mnt/ubna_data_01_mir/recover-20220825/UBNA_002/20220823_033000.WAV,Telephone Field,recover-20220825,002,1795
37.3145,37.3524,68437,81950,Rhinolophus ferrumequinum,0.02,0.02,-1,Echolocation,/mnt/ubna_data_01_mir/recover-20220825/UBNA_002/20220823_033000.WAV,Telephone Field,recover-20220825,002,1795
37.3215,37.3605,68437,82482,Rhinolophus ferrumequinum,0.021,0.021,-1,Echolocation,/mnt/ubna_data_01_mir/recover-20220825/UBNA_002/20220823_033000.WAV,Telephone Field,recover-20220825,002,1795
37.3265,37.3638,68437,82162,Rhinolophus ferrumequinum,0.021,0.021,-1,Echolocation,/mnt/ubna_data_01_mir/recover-20220825/UBNA_002/20220823_033000.WAV,Telephone Field,recover-20220825,002,1795
37.341499999999996,37.376599999999996,68437,81300,Rhinolophus ferrumequinum,0.02,0.02,-1,Echolocation,/mnt/ubna_data_01_mir/recover-20220825/UBNA_002/20220823_033000.WAV,Telephone Field,recover-20220825,002,1795
37.4055,37.4455,68437,82082,Rhinolophus ferrumequinum,0.021,0.021,-1,Echolocation,/mnt/ubna_data_01_mir/recover-20220825/UBNA_002/20220823_033000.WAV,Telephone Field,recover-20220825,002,1795
37.4225,37.4291,27187,39659,Eptesicus serotinus,0.007,0.025,-1,Echolocation,/mnt/ubna_data_01_mir/recover-20220825/UBNA_002/20220823_033000.WAV,Telephone Field,recover-20220825,002,1795
37.4475,37.4883,68437,82598,Rhinolophus ferrumequinum,0.021,0.021,-1,Echolocation,/mnt/ubna_data_01_mir/recover-20220825/UBNA_002/20220823_033000.WAV,Telephone Field,recover-20220825,002,1795
37.4785,37.518299999999996,68437,82474,Rhinolophus ferrumequinum,0.021,0.021,-1,Echolocation,/mnt/ubna_data_01_mir/recover-20220825/UBNA_002/20220823_033000.WAV,Telephone Field,recover-20220825,002,1795
37.4985,37.504599999999996,28046,44919,Eptesicus serotinus,0.006,0.027,-1,Echolocation,/mnt/ubna_data_01_mir/recover-20220825/UBNA_002/20220823_033000.WAV,Telephone Field,recover-20220825,002,1795
37.4985,37.5039,34062,47146,Myotis daubentonii,0.008,0.027,-1,Echolocation,/mnt/ubna_data_01_mir/recover-20220825/UBNA_002/20220823_033000.WAV,Telephone Field,recover-20220825,002,1795
37.4995,37.5386,68437,82136,Rhinolophus ferrumequinum,0.02,0.02,-1,Echolocation,/mnt/ubna_data_01_mir/recover-20220825/UBNA_002/20220823_033000.WAV,Telephone Field,recover-20220825,002,1795
37.5115,37.5187,42656,47392,Pipistrellus pipistrellus,0.02,0.024,-1,Echolocation,/mnt/ubna_data_01_mir/recover-20220825/UBNA_002/20220823_033000.WAV,Telephone Field,recover-20220825,002,1795
37.5285,37.5366,25468,33508,Eptesicus serotinus,0.006,0.021,-1,Echolocation,/mnt/ubna_data_01_mir/recover-20220825/UBNA_002/20220823_033000.WAV,Telephone Field,recover-20220825,002,1795
37.539500000000004,37.5507,14296,19576,Nyctalus noctula,0.015,0.029,-1,Echolocation,/mnt/ubna_data_01_mir/recover-20220825/UBNA_002/20220823_033000.WAV,Telephone Field,recover-20220825,002,1795
37.5475,37.5847,68437,82088,Rhinolophus ferrumequinum,0.025,0.025,-1,Echolocation,/mnt/ubna_data_01_mir/recover-20220825/UBNA_002/20220823_033000.WAV,Telephone Field,recover-20220825,002,1795
37.6055,37.6146,25468,34307,Eptesicus serotinus,0.01,0.028,-1,Echolocation,/mnt/ubna_data_01_mir/recover-20220825/UBNA_002/20220823_033000.WAV,Telephone Field,recover-20220825,002,1795
37.6545,37.6639,21171,27382,Plecotus austriacus,0.011,0.026,-1,Echolocation,/mnt/ubna_data_01_mir/recover-20220825/UBNA_002/20220823_033000.WAV,Telephone Field,recover-20220825,002,1795
37.6555,37.6942,68437,82112,Rhinolophus ferrumequinum,0.025,0.025,-1,Echolocation,/mnt/ubna_data_01_mir/recover-20220825/UBNA_002/20220823_033000.WAV,Telephone Field,recover-20220825,002,1795
37.6595,37.667,28046,40492,Eptesicus serotinus,0.008,0.023,-1,Echolocation,/mnt/ubna_data_01_mir/recover-20220825/UBNA_002/20220823_033000.WAV,Telephone Field,recover-20220825,002,1795
37.6625,37.6732,22890,28538,Nyctalus leisleri,0.009,0.023,-1,Echolocation,/mnt/ubna_data_01_mir/recover-20220825/UBNA_002/20220823_033000.WAV,Telephone Field,recover-20220825,002,1795
37.6655,37.7048,68437,82725,Rhinolophus ferrumequinum,0.024,0.024,-1,Echolocation,/mnt/ubna_data_01_mir/recover-20220825/UBNA_002/20220823_033000.WAV,Telephone Field,recover-20220825,002,1795
37.6925,37.7333,68437,82190,Rhinolophus ferrumequinum,0.02,0.02,-1,Echolocation,/mnt/ubna_data_01_mir/recover-20220825/UBNA_002/20220823_033000.WAV,Telephone Field,recover-20220825,002,1795
37.6925,37.7029,22890,29090,Nyctalus leisleri,0.008,0.022,-1,Echolocation,/mnt/ubna_data_01_mir/recover-20220825/UBNA_002/20220823_033000.WAV,Telephone Field,recover-20220825,002,1795
37.7155,37.7568,68437,82524,Rhinolophus ferrumequinum,0.023,0.023,-1,Echolocation,/mnt/ubna_data_01_mir/recover-20220825/UBNA_002/20220823_033000.WAV,Telephone Field,recover-20220825,002,1795
37.7315,37.7692,68437,81713,Rhinolophus ferrumequinum,0.021,0.021,-1,Echolocation,/mnt/ubna_data_01_mir/recover-20220825/UBNA_002/20220823_033000.WAV,Telephone Field,recover-20220825,002,1795
37.7575,37.7669,28906,37880,Eptesicus serotinus,0.01,0.024,-1,Echolocation,/mnt/ubna_data_01_mir/recover-20220825/UBNA_002/20220823_033000.WAV,Telephone Field,recover-20220825,002,1795
37.7755,37.8134,68437,82569,Rhinolophus ferrumequinum,0.025,0.025,-1,Echolocation,/mnt/ubna_data_01_mir/recover-20220825/UBNA_002/20220823_033000.WAV,Telephone Field,recover-20220825,002,1795
37.789500000000004,37.827799999999996,68437,82280,Rhinolophus ferrumequinum,0.022,0.022,-1,Echolocation,/mnt/ubna_data_01_mir/recover-20220825/UBNA_002/20220823_033000.WAV,Telephone Field,recover-20220825,002,1795
37.792500000000004,37.8058,25468,32452,Eptesicus serotinus,0.014,0.031,-1,Echolocation,/mnt/ubna_data_01_mir/recover-20220825/UBNA_002/20220823_033000.WAV,Telephone Field,recover-20220825,002,1795
37.8045,37.8137,48671,52842,Pipistrellus pipistrellus,0.034,0.04,-1,Echolocation,/mnt/ubna_data_01_mir/recover-20220825/UBNA_002/20220823_033000.WAV,Telephone Field,recover-20220825,002,1795
37.8065,37.8179,22031,26307,Nyctalus leisleri,0.01,0.02,-1,Echolocation,/mnt/ubna_data_01_mir/recover-20220825/UBNA_002/20220823_033000.WAV,Telephone Field,recover-20220825,002,1795
37.8285,37.8674,68437,81760,Rhinolophus ferrumequinum,0.022,0.022,-1,Echolocation,/mnt/ubna_data_01_mir/recover-20220825/UBNA_002/20220823_033000.WAV,Telephone Field,recover-20220825,002,1795
37.8725,37.8797,25468,35363,Plecotus austriacus,0.012,0.034,-1,Echolocation,/mnt/ubna_data_01_mir/recover-20220825/UBNA_002/20220823_033000.WAV,Telephone Field,recover-20220825,002,1795
37.8865,37.924,68437,81649,Rhinolophus ferrumequinum,0.023,0.023,-1,Echolocation,/mnt/ubna_data_01_mir/recover-20220825/UBNA_002/20220823_033000.WAV,Telephone Field,recover-20220825,002,1795
37.8885,37.8951,26328,40146,Eptesicus serotinus,0.005,0.022,-1,Echolocation,/mnt/ubna_data_01_mir/recover-20220825/UBNA_002/20220823_033000.WAV,Telephone Field,recover-20220825,002,1795
37.8965,37.936099999999996,68437,82232,Rhinolophus ferrumequinum,0.023,0.023,-1,Echolocation,/mnt/ubna_data_01_mir/recover-20220825/UBNA_002/20220823_033000.WAV,Telephone Field,recover-20220825,002,1795
37.9255,37.9325,28906,40148,Eptesicus serotinus,0.007,0.025,-1,Echolocation,/mnt/ubna_data_01_mir/recover-20220825/UBNA_002/20220823_033000.WAV,Telephone Field,recover-20220825,002,1795
37.9385,37.9747,68437,81947,Rhinolophus ferrumequinum,0.021,0.021,-1,Echolocation,/mnt/ubna_data_01_mir/recover-20220825/UBNA_002/20220823_033000.WAV,Telephone Field,recover-20220825,002,1795
38.0015,38.0103,26328,35945,Eptesicus serotinus,0.006,0.023,-1,Echolocation,/mnt/ubna_data_01_mir/recover-20220825/UBNA_002/20220823_033000.WAV,Telephone Field,recover-20220825,002,1795
38.0015,38.0349,68437,79702,Rhinolophus ferrumequinum,0.032,0.032,-1,Echolocation,/mnt/ubna_data_01_mir/recover-20220825/UBNA_002/20220823_033000.WAV,Telephone Field,recover-20220825,002,1795
38.0095,38.054,68437,82878,Rhinolophus ferrumequinum,0.032,0.032,-1,Echolocation,/mnt/ubna_data_01_mir/recover-20220825/UBNA_002/20220823_033000.WAV,Telephone Field,recover-20220825,002,1795
38.0575,38.093,68437,81094,Rhinolophus ferrumequinum,0.022,0.023,-1,Echolocation,/mnt/ubna_data_01_mir/recover-20220825/UBNA_002/20220823_033000.WAV,Telephone Field,recover-20220825,002,1795
38.082499999999996,38.0935,22890,28072,Nyctalus leisleri,0.011,0.023,-1,Echolocation,/mnt/ubna_data_01_mir/recover-20220825/UBNA_002/20220823_033000.WAV,Telephone Field,recover-20220825,002,1795
38.1365,38.1746,68437,82039,Rhinolophus ferrumequinum,0.024,0.024,-1,Echolocation,/mnt/ubna_data_01_mir/recover-20220825/UBNA_002/20220823_033000.WAV,Telephone Field,recover-20220825,002,1795
38.167500000000004,38.1745,28046,39889,Eptesicus serotinus,0.008,0.03,-1,Echolocation,/mnt/ubna_data_01_mir/recover-20220825/UBNA_002/20220823_033000.WAV,Telephone Field,recover-20220825,002,1795
38.1815,38.216,68437,81252,Rhinolophus ferrumequinum,0.027,0.027,-1,Echolocation,/mnt/ubna_data_01_mir/recover-20220825/UBNA_002/20220823_033000.WAV,Telephone Field,recover-20220825,002,1795
38.195499999999996,38.205799999999996,58125,63165,Pipistrellus pygmaeus,0.024,0.025,-1,Echolocation,/mnt/ubna_data_01_mir/recover-20220825/UBNA_002/20220823_033000.WAV,Telephone Field,recover-20220825,002,1795
38.2215,38.262,68437,82680,Rhinolophus ferrumequinum,0.027,0.027,-1,Echolocation,/mnt/ubna_data_01_mir/recover-20220825/UBNA_002/20220823_033000.WAV,Telephone Field,recover-20220825,002,1795
38.2375,38.2763,68437,82416,Rhinolophus ferrumequinum,0.023,0.023,-1,Echolocation,/mnt/ubna_data_01_mir/recover-20220825/UBNA_002/20220823_033000.WAV,Telephone Field,recover-20220825,002,1795
38.2495,38.257999999999996,28906,39222,Eptesicus serotinus,0.009,0.022,-1,Echolocation,/mnt/ubna_data_01_mir/recover-20220825/UBNA_002/20220823_033000.WAV,Telephone Field,recover-20220825,002,1795
38.2715,38.2779,27187,44842,Eptesicus serotinus,0.006,0.022,-1,Echolocation,/mnt/ubna_data_01_mir/recover-20220825/UBNA_002/20220823_033000.WAV,Telephone Field,recover-20220825,002,1795
38.304500000000004,38.3133,28046,40878,Eptesicus serotinus,0.014,0.032,-1,Echolocation,/mnt/ubna_data_01_mir/recover-20220825/UBNA_002/20220823_033000.WAV,Telephone Field,recover-20220825,002,1795
38.3095,38.3466,68437,81582,Rhinolophus ferrumequinum,0.031,0.031,-1,Echolocation,/mnt/ubna_data_01_mir/recover-20220825/UBNA_002/20220823_033000.WAV,Telephone Field,recover-20220825,002,1795
38.3275,38.3651,68437,82640,Rhinolophus ferrumequinum,0.027,0.027,-1,Echolocation,/mnt/ubna_data_01_mir/recover-20220825/UBNA_002/20220823_033000.WAV,Telephone Field,recover-20220825,002,1795
38.4135,38.4523,68437,82176,Rhinolophus ferrumequinum,0.023,0.023,-1,Echolocation,/mnt/ubna_data_01_mir/recover-20220825/UBNA_002/20220823_033000.WAV,Telephone Field,recover-20220825,002,1795
38.417500000000004,38.428,23750,29974,Nyctalus leisleri,0.009,0.023,-1,Echolocation,/mnt/ubna_data_01_mir/recover-20220825/UBNA_002/20220823_033000.WAV,Telephone Field,recover-20220825,002,1795
38.4445,38.4855,68437,82479,Rhinolophus ferrumequinum,0.025,0.025,-1,Echolocation,/mnt/ubna_data_01_mir/recover-20220825/UBNA_002/20220823_033000.WAV,Telephone Field,recover-20220825,002,1795
38.4705,38.5106,68437,81805,Rhinolophus ferrumequinum,0.027,0.027,-1,Echolocation,/mnt/ubna_data_01_mir/recover-20220825/UBNA_002/20220823_033000.WAV,Telephone Field,recover-20220825,002,1795
38.4915,38.4998,27187,39114,Eptesicus serotinus,0.01,0.023,-1,Echolocation,/mnt/ubna_data_01_mir/recover-20220825/UBNA_002/20220823_033000.WAV,Telephone Field,recover-20220825,002,1795
38.5095,38.5529,68437,83363,Rhinolophus ferrumequinum,0.043,0.043,-1,Echolocation,/mnt/ubna_data_01_mir/recover-20220825/UBNA_002/20220823_033000.WAV,Telephone Field,recover-20220825,002,1795
38.5125,38.5254,23750,29212,Nyctalus leisleri,0.01,0.023,-1,Echolocation,/mnt/ubna_data_01_mir/recover-20220825/UBNA_002/20220823_033000.WAV,Telephone Field,recover-20220825,002,1795
38.588499999999996,38.5974,24609,33148,Eptesicus serotinus,0.007,0.026,-1,Echolocation,/mnt/ubna_data_01_mir/recover-20220825/UBNA_002/20220823_033000.WAV,Telephone Field,recover-20220825,002,1795
38.6115,38.6507,68437,82643,Rhinolophus ferrumequinum,0.027,0.027,-1,Echolocation,/mnt/ubna_data_01_mir/recover-20220825/UBNA_002/20220823_033000.WAV,Telephone Field,recover-20220825,002,1795
38.6485,38.6853,68437,81849,Rhinolophus ferrumequinum,0.024,0.024,-1,Echolocation,/mnt/ubna_data_01_mir/recover-20220825/UBNA_002/20220823_033000.WAV,Telephone Field,recover-20220825,002,1795
38.6525,38.6704,20312,24051,Nyctalus leisleri,0.019,0.041,-1,Echolocation,/mnt/ubna_data_01_mir/recover-20220825/UBNA_002/20220823_033000.WAV,Telephone Field,recover-20220825,002,1795
38.6745,38.6846,28906,38865,Eptesicus serotinus,0.013,0.028,-1,Echolocation,/mnt/ubna_data_01_mir/recover-20220825/UBNA_002/20220823_033000.WAV,Telephone Field,recover-20220825,002,1795
38.6785,38.7196,68437,83099,Rhinolophus ferrumequinum,0.03,0.03,-1,Echolocation,/mnt/ubna_data_01_mir/recover-20220825/UBNA_002/20220823_033000.WAV,Telephone Field,recover-20220825,002,1795
38.6905,38.6989,28906,39032,Eptesicus serotinus,0.012,0.029,-1,Echolocation,/mnt/ubna_data_01_mir/recover-20220825/UBNA_002/20220823_033000.WAV,Telephone Field,recover-20220825,002,1795
38.7035,38.7474,68437,83481,Rhinolophus ferrumequinum,0.035,0.035,-1,Echolocation,/mnt/ubna_data_01_mir/recover-20220825/UBNA_002/20220823_033000.WAV,Telephone Field,recover-20220825,002,1795
38.7605,38.8013,68437,82342,Rhinolophus ferrumequinum,0.031,0.031,-1,Echolocation,/mnt/ubna_data_01_mir/recover-20220825/UBNA_002/20220823_033000.WAV,Telephone Field,recover-20220825,002,1795
38.7685,38.811,68437,83368,Rhinolophus ferrumequinum,0.035,0.035,-1,Echolocation,/mnt/ubna_data_01_mir/recover-20220825/UBNA_002/20220823_033000.WAV,Telephone Field,recover-20220825,002,1795
38.8405,38.8776,68437,81513,Rhinolophus ferrumequinum,0.023,0.023,-1,Echolocation,/mnt/ubna_data_01_mir/recover-20220825/UBNA_002/20220823_033000.WAV,Telephone Field,recover-20220825,002,1795
38.8635,38.8707,27187,39800,Eptesicus serotinus,0.007,0.023,-1,Echolocation,/mnt/ubna_data_01_mir/recover-20220825/UBNA_002/20220823_033000.WAV,Telephone Field,recover-20220825,002,1795
38.914500000000004,38.9527,68437,81759,Rhinolophus ferrumequinum,0.022,0.023,-1,Echolocation,/mnt/ubna_data_01_mir/recover-20220825/UBNA_002/20220823_033000.WAV,Telephone Field,recover-20220825,002,1795
38.9255,38.9354,28046,36976,Eptesicus serotinus,0.01,0.024,-1,Echolocation,/mnt/ubna_data_01_mir/recover-20220825/UBNA_002/20220823_033000.WAV,Telephone Field,recover-20220825,002,1795
38.9815,38.986599999999996,40937,60676,Myotis mystacinus,0.008,0.022,-1,Echolocation,/mnt/ubna_data_01_mir/recover-20220825/UBNA_002/20220823_033000.WAV,Telephone Field,recover-20220825,002,1795
39.0475,39.0846,68437,81671,Rhinolophus ferrumequinum,0.022,0.022,-1,Echolocation,/mnt/ubna_data_01_mir/recover-20220825/UBNA_002/20220823_033000.WAV,Telephone Field,recover-20220825,002,1795
39.0815,39.0882,36640,46190,Myotis daubentonii,0.013,0.029,-1,Echolocation,/mnt/ubna_data_01_mir/recover-20220825/UBNA_002/20220823_033000.WAV,Telephone Field,recover-20220825,002,1795
39.0835,39.0903,25468,40437,Eptesicus serotinus,0.005,0.023,-1,Echolocation,/mnt/ubna_data_01_mir/recover-20220825/UBNA_002/20220823_033000.WAV,Telephone Field,recover-20220825,002,1795
39.0925,39.1303,68437,82851,Rhinolophus ferrumequinum,0.026,0.026,-1,Echolocation,/mnt/ubna_data_01_mir/recover-20220825/UBNA_002/20220823_033000.WAV,Telephone Field,recover-20220825,002,1795
39.1225,39.1298,27187,37098,Eptesicus serotinus,0.011,0.033,-1,Echolocation,/mnt/ubna_data_01_mir/recover-20220825/UBNA_002/20220823_033000.WAV,Telephone Field,recover-20220825,002,1795
39.1395,39.1796,68437,82515,Rhinolophus ferrumequinum,0.022,0.022,-1,Echolocation,/mnt/ubna_data_01_mir/recover-20220825/UBNA_002/20220823_033000.WAV,Telephone Field,recover-20220825,002,1795
39.170500000000004,39.21,68437,81790,Rhinolophus ferrumequinum,0.024,0.024,-1,Echolocation,/mnt/ubna_data_01_mir/recover-20220825/UBNA_002/20220823_033000.WAV,Telephone Field,recover-20220825,002,1795
39.1715,39.1804,28046,39212,Eptesicus serotinus,0.009,0.024,-1,Echolocation,/mnt/ubna_data_01_mir/recover-20220825/UBNA_002/20220823_033000.WAV,Telephone Field,recover-20220825,002,1795
39.1865,39.2248,68437,82023,Rhinolophus ferrumequinum,0.023,0.023,-1,Echolocation,/mnt/ubna_data_01_mir/recover-20220825/UBNA_002/20220823_033000.WAV,Telephone Field,recover-20220825,002,1795
39.2155,39.251400000000004,68437,81472,Rhinolophus ferrumequinum,0.022,0.022,-1,Echolocation,/mnt/ubna_data_01_mir/recover-20220825/UBNA_002/20220823_033000.WAV,Telephone Field,recover-20220825,002,1795
39.2415,39.2819,68437,82269,Rhinolophus ferrumequinum,0.022,0.022,-1,Echolocation,/mnt/ubna_data_01_mir/recover-20220825/UBNA_002/20220823_033000.WAV,Telephone Field,recover-20220825,002,1795
39.2615,39.2706,28906,37747,Eptesicus serotinus,0.009,0.024,-1,Echolocation,/mnt/ubna_data_01_mir/recover-20220825/UBNA_002/20220823_033000.WAV,Telephone Field,recover-20220825,002,1795
39.2675,39.3063,68437,82505,Rhinolophus ferrumequinum,0.029,0.029,-1,Echolocation,/mnt/ubna_data_01_mir/recover-20220825/UBNA_002/20220823_033000.WAV,Telephone Field,recover-20220825,002,1795
39.2995,39.3078,25468,34517,Eptesicus serotinus,0.009,0.025,-1,Echolocation,/mnt/ubna_data_01_mir/recover-20220825/UBNA_002/20220823_033000.WAV,Telephone Field,recover-20220825,002,1795
39.3195,39.3583,68437,82474,Rhinolophus ferrumequinum,0.028,0.029,-1,Echolocation,/mnt/ubna_data_01_mir/recover-20220825/UBNA_002/20220823_033000.WAV,Telephone Field,recover-20220825,002,1795
39.3955,39.4062,27187,35673,Eptesicus serotinus,0.012,0.026,-1,Echolocation,/mnt/ubna_data_01_mir/recover-20220825/UBNA_002/20220823_033000.WAV,Telephone Field,recover-20220825,002,1795
39.3965,39.433099999999996,68437,82266,Rhinolophus ferrumequinum,0.023,0.023,-1,Echolocation,/mnt/ubna_data_01_mir/recover-20220825/UBNA_002/20220823_033000.WAV,Telephone Field,recover-20220825,002,1795
39.414500000000004,39.4257,23750,30790,Nyctalus leisleri,0.013,0.033,-1,Echolocation,/mnt/ubna_data_01_mir/recover-20220825/UBNA_002/20220823_033000.WAV,Telephone Field,recover-20220825,002,1795
39.4155,39.4245,42656,48610,Pipistrellus pipistrellus,0.017,0.023,-1,Echolocation,/mnt/ubna_data_01_mir/recover-20220825/UBNA_002/20220823_033000.WAV,Telephone Field,recover-20220825,002,1795
39.4355,39.441900000000004,37500,48745,Myotis daubentonii,0.008,0.023,-1,Echolocation,/mnt/ubna_data_01_mir/recover-20220825/UBNA_002/20220823_033000.WAV,Telephone Field,recover-20220825,002,1795
39.4375,39.444,26328,44429,Eptesicus serotinus,0.008,0.033,-1,Echolocation,/mnt/ubna_data_01_mir/recover-20220825/UBNA_002/20220823_033000.WAV,Telephone Field,recover-20220825,002,1795
39.445499999999996,39.4787,68437,81978,Rhinolophus ferrumequinum,0.022,0.022,-1,Echolocation,/mnt/ubna_data_01_mir/recover-20220825/UBNA_002/20220823_033000.WAV,Telephone Field,recover-20220825,002,1795
39.4625,39.4996,68437,81957,Rhinolophus ferrumequinum,0.023,0.023,-1,Echolocation,/mnt/ubna_data_01_mir/recover-20220825/UBNA_002/20220823_033000.WAV,Telephone Field,recover-20220825,002,1795
39.4775,39.5122,68437,81331,Rhinolophus ferrumequinum,0.022,0.022,-1,Echolocation,/mnt/ubna_data_01_mir/recover-20220825/UBNA_002/20220823_033000.WAV,Telephone Field,recover-20220825,002,1795
39.4945,39.533,68437,82303,Rhinolophus ferrumequinum,0.03,0.03,-1,Echolocation,/mnt/ubna_data_01_mir/recover-20220825/UBNA_002/20220823_033000.WAV,Telephone Field,recover-20220825,002,1795
39.5205,39.5599,68437,82987,Rhinolophus ferrumequinum,0.023,0.023,-1,Echolocation,/mnt/ubna_data_01_mir/recover-20220825/UBNA_002/20220823_033000.WAV,Telephone Field,recover-20220825,002,1795
39.5355,39.542,28046,38871,Eptesicus serotinus,0.007,0.026,-1,Echolocation,/mnt/ubna_data_01_mir/recover-20220825/UBNA_002/20220823_033000.WAV,Telephone Field,recover-20220825,002,1795
39.5405,39.5792,68437,81843,Rhinolophus ferrumequinum,0.022,0.022,-1,Echolocation,/mnt/ubna_data_01_mir/recover-20220825/UBNA_002/20220823_033000.WAV,Telephone Field,recover-20220825,002,1795
39.588499999999996,39.5952,24609,35338,Plecotus austriacus,0.018,0.041,-1,Echolocation,/mnt/ubna_data_01_mir/recover-20220825/UBNA_002/20220823_033000.WAV,Telephone Field,recover-20220825,002,1795
39.6145,39.6529,68437,82555,Rhinolophus ferrumequinum,0.03,0.03,-1,Echolocation,/mnt/ubna_data_01_mir/recover-20220825/UBNA_002/20220823_033000.WAV,Telephone Field,recover-20220825,002,1795
39.6325,39.6412,28906,39006,Eptesicus serotinus,0.009,0.024,-1,Echolocation,/mnt/ubna_data_01_mir/recover-20220825/UBNA_002/20220823_033000.WAV,Telephone Field,recover-20220825,002,1795
39.6625,39.6734,22890,28005,Nyctalus leisleri,0.01,0.023,-1,Echolocation,/mnt/ubna_data_01_mir/recover-20220825/UBNA_002/20220823_033000.WAV,Telephone Field,recover-20220825,002,1795
39.6685,39.7088,68437,83078,Rhinolophus ferrumequinum,0.027,0.027,-1,Echolocation,/mnt/ubna_data_01_mir/recover-20220825/UBNA_002/20220823_033000.WAV,Telephone Field,recover-20220825,002,1795
39.695499999999996,39.7341,68437,82993,Rhinolophus ferrumequinum,0.028,0.028,-1,Echolocation,/mnt/ubna_data_01_mir/recover-20220825/UBNA_002/20220823_033000.WAV,Telephone Field,recover-20220825,002,1795
39.7115,39.751400000000004,68437,82961,Rhinolophus ferrumequinum,0.023,0.023,-1,Echolocation,/mnt/ubna_data_01_mir/recover-20220825/UBNA_002/20220823_033000.WAV,Telephone Field,recover-20220825,002,1795
39.7405,39.7509,24609,31159,Nyctalus leisleri,0.008,0.024,-1,Echolocation,/mnt/ubna_data_01_mir/recover-20220825/UBNA_002/20220823_033000.WAV,Telephone Field,recover-20220825,002,1795
39.7445,39.7814,68437,82124,Rhinolophus ferrumequinum,0.022,0.022,-1,Echolocation,/mnt/ubna_data_01_mir/recover-20220825/UBNA_002/20220823_033000.WAV,Telephone Field,recover-20220825,002,1795
39.7765,39.7847,22890,30576,Plecotus austriacus,0.01,0.025,-1,Echolocation,/mnt/ubna_data_01_mir/recover-20220825/UBNA_002/20220823_033000.WAV,Telephone Field,recover-20220825,002,1795
39.7765,39.7836,28906,39905,Eptesicus serotinus,0.008,0.026,-1,Echolocation,/mnt/ubna_data_01_mir/recover-20220825/UBNA_002/20220823_033000.WAV,Telephone Field,recover-20220825,002,1795
39.7915,39.8322,68437,83155,Rhinolophus ferrumequinum,0.034,0.034,-1,Echolocation,/mnt/ubna_data_01_mir/recover-20220825/UBNA_002/20220823_033000.WAV,Telephone Field,recover-20220825,002,1795
39.8225,39.8363,22031,26325,Nyctalus leisleri,0.016,0.031,-1,Echolocation,/mnt/ubna_data_01_mir/recover-20220825/UBNA_002/20220823_033000.WAV,Telephone Field,recover-20220825,002,1795
39.826499999999996,39.865700000000004,68437,81869,Rhinolophus ferrumequinum,0.023,0.023,-1,Echolocation,/mnt/ubna_data_01_mir/recover-20220825/UBNA_002/20220823_033000.WAV,Telephone Field,recover-20220825,002,1795
39.8555,39.865,23750,31632,Nyctalus leisleri,0.007,0.024,-1,Echolocation,/mnt/ubna_data_01_mir/recover-20220825/UBNA_002/20220823_033000.WAV,Telephone Field,recover-20220825,002,1795
39.8945,39.900999999999996,28046,37172,Eptesicus serotinus,0.012,0.037,-1,Echolocation,/mnt/ubna_data_01_mir/recover-20220825/UBNA_002/20220823_033000.WAV,Telephone Field,recover-20220825,002,1795
39.8955,39.9336,68437,82221,Rhinolophus ferrumequinum,0.023,0.023,-1,Echolocation,/mnt/ubna_data_01_mir/recover-20220825/UBNA_002/20220823_033000.WAV,Telephone Field,recover-20220825,002,1795
39.9275,39.9641,68437,81112,Rhinolophus ferrumequinum,0.023,0.023,-1,Echolocation,/mnt/ubna_data_01_mir/recover-20220825/UBNA_002/20220823_033000.WAV,Telephone Field,recover-20220825,002,1795
39.9355,39.951,52968,57405,Pipistrellus pygmaeus,0.023,0.028,-1,Echolocation,/mnt/ubna_data_01_mir/recover-20220825/UBNA_002/20220823_033000.WAV,Telephone Field,recover-20220825,002,1795
39.9365,39.9763,68437,81077,Rhinolophus ferrumequinum,0.024,0.024,-1,Echolocation,/mnt/ubna_data_01_mir/recover-20220825/UBNA_002/20220823_033000.WAV,Telephone Field,recover-20220825,002,1795
39.9845,39.9935,15156,22879,Plecotus auritus,0.011,0.027,-1,Echolocation,/mnt/ubna_data_01_mir/recover-20220825/UBNA_002/20220823_033000.WAV,Telephone Field,recover-20220825,002,1795
40.0015,40.0333,68437,79761,Rhinolophus ferrumequinum,0.051,0.051,-1,Echolocation,/mnt/ubna_data_01_mir/recover-20220825/UBNA_002/20220823_033000.WAV,Telephone Field,recover-20220825,002,1795
40.0015,40.0084,46953,53318,Pipistrellus pipistrellus,0.016,0.021,-1,Echolocation,/mnt/ubna_data_01_mir/recover-20220825/UBNA_002/20220823_033000.WAV,Telephone Field,recover-20220825,002,1795
40.0015,40.010999999999996,24609,31883,Nyctalus leisleri,0.013,0.038,-1,Echolocation,/mnt/ubna_data_01_mir/recover-20220825/UBNA_002/20220823_033000.WAV,Telephone Field,recover-20220825,002,1795
40.1115,40.1278,28906,33229,Eptesicus serotinus,0.029,0.058,-1,Echolocation,/mnt/ubna_data_01_mir/recover-20220825/UBNA_002/20220823_033000.WAV,Telephone Field,recover-20220825,002,1795
40.1155,40.1543,68437,82047,Rhinolophus ferrumequinum,0.021,0.021,-1,Echolocation,/mnt/ubna_data_01_mir/recover-20220825/UBNA_002/20220823_033000.WAV,Telephone Field,recover-20220825,002,1795
40.1395,40.178399999999996,68437,81950,Rhinolophus ferrumequinum,0.022,0.022,-1,Echolocation,/mnt/ubna_data_01_mir/recover-20220825/UBNA_002/20220823_033000.WAV,Telephone Field,recover-20220825,002,1795
40.1485,40.1867,68437,81654,Rhinolophus ferrumequinum,0.021,0.021,-1,Echolocation,/mnt/ubna_data_01_mir/recover-20220825/UBNA_002/20220823_033000.WAV,Telephone Field,recover-20220825,002,1795
40.1685,40.1776,28046,39593,Eptesicus serotinus,0.01,0.026,-1,Echolocation,/mnt/ubna_data_01_mir/recover-20220825/UBNA_002/20220823_033000.WAV,Telephone Field,recover-20220825,002,1795
40.1965,40.207499999999996,22890,27298,Nyctalus leisleri,0.011,0.021,-1,Echolocation,/mnt/ubna_data_01_mir/recover-20220825/UBNA_002/20220823_033000.WAV,Telephone Field,recover-20220825,002,1795
40.1995,40.238,68437,82335,Rhinolophus ferrumequinum,0.022,0.022,-1,Echolocation,/mnt/ubna_data_01_mir/recover-20220825/UBNA_002/20220823_033000.WAV,Telephone Field,recover-20220825,002,1795
40.1995,40.2048,46953,54767,Pipistrellus pipistrellus,0.019,0.022,-1,Echolocation,/mnt/ubna_data_01_mir/recover-20220825/UBNA_002/20220823_033000.WAV,Telephone Field,recover-20220825,002,1795
40.2205,40.2605,68437,82515,Rhinolophus ferrumequinum,0.025,0.025,-1,Echolocation,/mnt/ubna_data_01_mir/recover-20220825/UBNA_002/20220823_033000.WAV,Telephone Field,recover-20220825,002,1795
40.2475,40.268,18593,21337,Nyctalus noctula,0.02,0.038,-1,Echolocation,/mnt/ubna_data_01_mir/recover-20220825/UBNA_002/20220823_033000.WAV,Telephone Field,recover-20220825,002,1795
40.2745,40.2874,22890,26919,Nyctalus leisleri,0.015,0.026,-1,Echolocation,/mnt/ubna_data_01_mir/recover-20220825/UBNA_002/20220823_033000.WAV,Telephone Field,recover-20220825,002,1795
40.2935,40.302099999999996,28906,36927,Eptesicus serotinus,0.007,0.021,-1,Echolocation,/mnt/ubna_data_01_mir/recover-20220825/UBNA_002/20220823_033000.WAV,Telephone Field,recover-20220825,002,1795
40.3055,40.3463,68437,82624,Rhinolophus ferrumequinum,0.024,0.024,-1,Echolocation,/mnt/ubna_data_01_mir/recover-20220825/UBNA_002/20220823_033000.WAV,Telephone Field,recover-20220825,002,1795
40.3515,40.3895,68437,82116,Rhinolophus ferrumequinum,0.021,0.021,-1,Echolocation,/mnt/ubna_data_01_mir/recover-20220825/UBNA_002/20220823_033000.WAV,Telephone Field,recover-20220825,002,1795
40.3965,40.4048,26328,34781,Eptesicus serotinus,0.008,0.022,-1,Echolocation,/mnt/ubna_data_01_mir/recover-20220825/UBNA_002/20220823_033000.WAV,Telephone Field,recover-20220825,002,1795
40.4315,40.4714,68437,82436,Rhinolophus ferrumequinum,0.022,0.022,-1,Echolocation,/mnt/ubna_data_01_mir/recover-20220825/UBNA_002/20220823_033000.WAV,Telephone Field,recover-20220825,002,1795
40.4325,40.4384,26328,41494,Plecotus auritus,0.006,0.029,-1,Echolocation,/mnt/ubna_data_01_mir/recover-20220825/UBNA_002/20220823_033000.WAV,Telephone Field,recover-20220825,002,1795
40.4405,40.479,68437,82174,Rhinolophus ferrumequinum,0.021,0.022,-1,Echolocation,/mnt/ubna_data_01_mir/recover-20220825/UBNA_002/20220823_033000.WAV,Telephone Field,recover-20220825,002,1795
40.4825,40.521699999999996,68437,82309,Rhinolophus ferrumequinum,0.021,0.021,-1,Echolocation,/mnt/ubna_data_01_mir/recover-20220825/UBNA_002/20220823_033000.WAV,Telephone Field,recover-20220825,002,1795
40.4995,40.541399999999996,68437,82809,Rhinolophus ferrumequinum,0.025,0.025,-1,Echolocation,/mnt/ubna_data_01_mir/recover-20220825/UBNA_002/20220823_033000.WAV,Telephone Field,recover-20220825,002,1795
40.5105,40.516999999999996,25468,35653,Plecotus austriacus,0.01,0.027,-1,Echolocation,/mnt/ubna_data_01_mir/recover-20220825/UBNA_002/20220823_033000.WAV,Telephone Field,recover-20220825,002,1795
40.5405,40.5634,19453,22011,Nyctalus noctula,0.026,0.052,-1,Echolocation,/mnt/ubna_data_01_mir/recover-20220825/UBNA_002/20220823_033000.WAV,Telephone Field,recover-20220825,002,1795
40.5775,40.5841,24609,34165,Plecotus austriacus,0.011,0.026,-1,Echolocation,/mnt/ubna_data_01_mir/recover-20220825/UBNA_002/20220823_033000.WAV,Telephone Field,recover-20220825,002,1795
40.582499999999996,40.598,50390,54608,Pipistrellus pipistrellus,0.035,0.048,-1,Echolocation,/mnt/ubna_data_01_mir/recover-20220825/UBNA_002/20220823_033000.WAV,Telephone Field,recover-20220825,002,1795
40.5925,40.6037,22890,28062,Nyctalus leisleri,0.01,0.021,-1,Echolocation,/mnt/ubna_data_01_mir/recover-20220825/UBNA_002/20220823_033000.WAV,Telephone Field,recover-20220825,002,1795
40.5995,40.6102,23750,30211,Nyctalus leisleri,0.009,0.022,-1,Echolocation,/mnt/ubna_data_01_mir/recover-20220825/UBNA_002/20220823_033000.WAV,Telephone Field,recover-20220825,002,1795
40.6305,40.6689,68437,82189,Rhinolophus ferrumequinum,0.024,0.024,-1,Echolocation,/mnt/ubna_data_01_mir/recover-20220825/UBNA_002/20220823_033000.WAV,Telephone Field,recover-20220825,002,1795
40.6475,40.6555,28046,47417,Eptesicus serotinus,0.007,0.021,-1,Echolocation,/mnt/ubna_data_01_mir/recover-20220825/UBNA_002/20220823_033000.WAV,Telephone Field,recover-20220825,002,1795
40.6915,40.7285,68437,81778,Rhinolophus ferrumequinum,0.021,0.021,-1,Echolocation,/mnt/ubna_data_01_mir/recover-20220825/UBNA_002/20220823_033000.WAV,Telephone Field,recover-20220825,002,1795
40.7385,40.7495,23750,29386,Nyctalus leisleri,0.014,0.029,-1,Echolocation,/mnt/ubna_data_01_mir/recover-20220825/UBNA_002/20220823_033000.WAV,Telephone Field,recover-20220825,002,1795
40.801500000000004,40.8404,68437,81854,Rhinolophus ferrumequinum,0.024,0.024,-1,Echolocation,/mnt/ubna_data_01_mir/recover-20220825/UBNA_002/20220823_033000.WAV,Telephone Field,recover-20220825,002,1795
40.8255,40.862700000000004,68437,82012,Rhinolophus ferrumequinum,0.023,0.023,-1,Echolocation,/mnt/ubna_data_01_mir/recover-20220825/UBNA_002/20220823_033000.WAV,Telephone Field,recover-20220825,002,1795
40.8605,40.8799,16015,20597,Nyctalus noctula,0.017,0.024,-1,Echolocation,/mnt/ubna_data_01_mir/recover-20220825/UBNA_002/20220823_033000.WAV,Telephone Field,recover-20220825,002,1795
40.8735,40.8848,23750,29590,Nyctalus leisleri,0.01,0.023,-1,Echolocation,/mnt/ubna_data_01_mir/recover-20220825/UBNA_002/20220823_033000.WAV,Telephone Field,recover-20220825,002,1795
40.8785,40.8902,23750,28613,Nyctalus leisleri,0.011,0.023,-1,Echolocation,/mnt/ubna_data_01_mir/recover-20220825/UBNA_002/20220823_033000.WAV,Telephone Field,recover-20220825,002,1795
40.9195,40.9281,25468,34558,Nyctalus leisleri,0.008,0.029,-1,Echolocation,/mnt/ubna_data_01_mir/recover-20220825/UBNA_002/20220823_033000.WAV,Telephone Field,recover-20220825,002,1795
40.9345,40.9756,68437,82726,Rhinolophus ferrumequinum,0.024,0.024,-1,Echolocation,/mnt/ubna_data_01_mir/recover-20220825/UBNA_002/20220823_033000.WAV,Telephone Field,recover-20220825,002,1795
40.9555,40.965199999999996,26328,34124,Eptesicus serotinus,0.011,0.028,-1,Echolocation,/mnt/ubna_data_01_mir/recover-20220825/UBNA_002/20220823_033000.WAV,Telephone Field,recover-20220825,002,1795
40.9705,41.0096,68437,81817,Rhinolophus ferrumequinum,0.022,0.022,-1,Echolocation,/mnt/ubna_data_01_mir/recover-20220825/UBNA_002/20220823_033000.WAV,Telephone Field,recover-20220825,002,1795
40.9825,40.9911,28906,37571,Eptesicus serotinus,0.008,0.023,-1,Echolocation,/mnt/ubna_data_01_mir/recover-20220825/UBNA_002/20220823_033000.WAV,Telephone Field,recover-20220825,002,1795
41.0155,41.022800000000004,46953,50354,Pipistrellus pipistrellus,0.02,0.021,-1,Echolocation,/mnt/ubna_data_01_mir/recover-20220825/UBNA_002/20220823_033000.WAV,Telephone Field,recover-20220825,002,1795
41.073499999999996,41.1121,68437,81861,Rhinolophus ferrumequinum,0.021,0.022,-1,Echolocation,/mnt/ubna_data_01_mir/recover-20220825/UBNA_002/20220823_033000.WAV,Telephone Field,recover-20220825,002,1795
41.0895,41.1285,68437,82091,Rhinolophus ferrumequinum,0.024,0.024,-1,Echolocation,/mnt/ubna_data_01_mir/recover-20220825/UBNA_002/20220823_033000.WAV,Telephone Field,recover-20220825,002,1795
41.1195,41.1588,68437,82307,Rhinolophus ferrumequinum,0.021,0.021,-1,Echolocation,/mnt/ubna_data_01_mir/recover-20220825/UBNA_002/20220823_033000.WAV,Telephone Field,recover-20220825,002,1795
41.1865,41.2042,21171,24616,Nyctalus leisleri,0.027,0.046,-1,Echolocation,/mnt/ubna_data_01_mir/recover-20220825/UBNA_002/20220823_033000.WAV,Telephone Field,recover-20220825,002,1795
41.1885,41.2285,68437,82472,Rhinolophus ferrumequinum,0.023,0.023,-1,Echolocation,/mnt/ubna_data_01_mir/recover-20220825/UBNA_002/20220823_033000.WAV,Telephone Field,recover-20220825,002,1795
41.1965,41.2362,68437,81758,Rhinolophus ferrumequinum,0.022,0.022,-1,Echolocation,/mnt/ubna_data_01_mir/recover-20220825/UBNA_002/20220823_033000.WAV,Telephone Field,recover-20220825,002,1795
41.2295,41.2699,68437,82470,Rhinolophus ferrumequinum,0.023,0.023,-1,Echolocation,/mnt/ubna_data_01_mir/recover-20220825/UBNA_002/20220823_033000.WAV,Telephone Field,recover-20220825,002,1795
41.2505,41.2894,68437,81624,Rhinolophus ferrumequinum,0.024,0.024,-1,Echolocation,/mnt/ubna_data_01_mir/recover-20220825/UBNA_002/20220823_033000.WAV,Telephone Field,recover-20220825,002,1795
41.2765,41.3187,68437,83135,Rhinolophus ferrumequinum,0.037,0.037,-1,Echolocation,/mnt/ubna_data_01_mir/recover-20220825/UBNA_002/20220823_033000.WAV,Telephone Field,recover-20220825,002,1795
41.2775,41.285,28046,38562,Eptesicus serotinus,0.006,0.022,-1,Echolocation,/mnt/ubna_data_01_mir/recover-20220825/UBNA_002/20220823_033000.WAV,Telephone Field,recover-20220825,002,1795
41.3745,41.4133,68437,81941,Rhinolophus ferrumequinum,0.022,0.022,-1,Echolocation,/mnt/ubna_data_01_mir/recover-20220825/UBNA_002/20220823_033000.WAV,Telephone Field,recover-20220825,002,1795
41.4065,41.416,28046,36874,Eptesicus serotinus,0.01,0.025,-1,Echolocation,/mnt/ubna_data_01_mir/recover-20220825/UBNA_002/20220823_033000.WAV,Telephone Field,recover-20220825,002,1795
41.5125,41.552,68437,81830,Rhinolophus ferrumequinum,0.021,0.021,-1,Echolocation,/mnt/ubna_data_01_mir/recover-20220825/UBNA_002/20220823_033000.WAV,Telephone Field,recover-20220825,002,1795
41.5325,41.5497,20312,23686,Nyctalus leisleri,0.014,0.025,-1,Echolocation,/mnt/ubna_data_01_mir/recover-20220825/UBNA_002/20220823_033000.WAV,Telephone Field,recover-20220825,002,1795
41.5785,41.6209,68437,82564,Rhinolophus ferrumequinum,0.023,0.023,-1,Echolocation,/mnt/ubna_data_01_mir/recover-20220825/UBNA_002/20220823_033000.WAV,Telephone Field,recover-20220825,002,1795
41.6035,41.6138,23750,29747,Nyctalus leisleri,0.008,0.021,-1,Echolocation,/mnt/ubna_data_01_mir/recover-20220825/UBNA_002/20220823_033000.WAV,Telephone Field,recover-20220825,002,1795
41.6055,41.6471,68437,82407,Rhinolophus ferrumequinum,0.021,0.021,-1,Echolocation,/mnt/ubna_data_01_mir/recover-20220825/UBNA_002/20220823_033000.WAV,Telephone Field,recover-20220825,002,1795
41.698499999999996,41.7062,28046,37466,Eptesicus serotinus,0.007,0.026,-1,Echolocation,/mnt/ubna_data_01_mir/recover-20220825/UBNA_002/20220823_033000.WAV,Telephone Field,recover-20220825,002,1795
41.6995,41.7363,68437,81579,Rhinolophus ferrumequinum,0.021,0.021,-1,Echolocation,/mnt/ubna_data_01_mir/recover-20220825/UBNA_002/20220823_033000.WAV,Telephone Field,recover-20220825,002,1795
41.7085,41.7472,68437,81472,Rhinolophus ferrumequinum,0.023,0.023,-1,Echolocation,/mnt/ubna_data_01_mir/recover-20220825/UBNA_002/20220823_033000.WAV,Telephone Field,recover-20220825,002,1795
41.7345,41.7744,68437,82290,Rhinolophus ferrumequinum,0.022,0.022,-1,Echolocation,/mnt/ubna_data_01_mir/recover-20220825/UBNA_002/20220823_033000.WAV,Telephone Field,recover-20220825,002,1795
41.7435,41.752,28906,37455,Eptesicus serotinus,0.007,0.022,-1,Echolocation,/mnt/ubna_data_01_mir/recover-20220825/UBNA_002/20220823_033000.WAV,Telephone Field,recover-20220825,002,1795
41.7465,41.755,22890,30505,Plecotus austriacus,0.01,0.023,-1,Echolocation,/mnt/ubna_data_01_mir/recover-20220825/UBNA_002/20220823_033000.WAV,Telephone Field,recover-20220825,002,1795
41.7755,41.8115,68437,81785,Rhinolophus ferrumequinum,0.028,0.028,-1,Echolocation,/mnt/ubna_data_01_mir/recover-20220825/UBNA_002/20220823_033000.WAV,Telephone Field,recover-20220825,002,1795
41.7855,41.8238,68437,81719,Rhinolophus ferrumequinum,0.023,0.023,-1,Echolocation,/mnt/ubna_data_01_mir/recover-20220825/UBNA_002/20220823_033000.WAV,Telephone Field,recover-20220825,002,1795
41.8105,41.848,68437,82380,Rhinolophus ferrumequinum,0.025,0.025,-1,Echolocation,/mnt/ubna_data_01_mir/recover-20220825/UBNA_002/20220823_033000.WAV,Telephone Field,recover-20220825,002,1795
41.8315,41.8404,23750,31091,Nyctalus leisleri,0.006,0.022,-1,Echolocation,/mnt/ubna_data_01_mir/recover-20220825/UBNA_002/20220823_033000.WAV,Telephone Field,recover-20220825,002,1795
41.8925,41.902,49531,55096,Pipistrellus pipistrellus,0.017,0.022,-1,Echolocation,/mnt/ubna_data_01_mir/recover-20220825/UBNA_002/20220823_033000.WAV,Telephone Field,recover-20220825,002,1795
41.9165,41.9559,68437,82458,Rhinolophus ferrumequinum,0.023,0.023,-1,Echolocation,/mnt/ubna_data_01_mir/recover-20220825/UBNA_002/20220823_033000.WAV,Telephone Field,recover-20220825,002,1795
41.951499999999996,41.9884,68437,82340,Rhinolophus ferrumequinum,0.022,0.022,-1,Echolocation,/mnt/ubna_data_01_mir/recover-20220825/UBNA_002/20220823_033000.WAV,Telephone Field,recover-20220825,002,1795
41.960499999999996,41.9995,68437,81818,Rhinolophus ferrumequinum,0.021,0.021,-1,Echolocation,/mnt/ubna_data_01_mir/recover-20220825/UBNA_002/20220823_033000.WAV,Telephone Field,recover-20220825,002,1795
41.9655,41.9726,26328,41605,Myotis nattereri,0.006,0.023,-1,Echolocation,/mnt/ubna_data_01_mir/recover-20220825/UBNA_002/20220823_033000.WAV,Telephone Field,recover-20220825,002,1795
41.9745,41.998,18593,21137,Nyctalus noctula,0.025,0.045,-1,Echolocation,/mnt/ubna_data_01_mir/recover-20220825/UBNA_002/20220823_033000.WAV,Telephone Field,recover-20220825,002,1795
42.0015,42.033500000000004,69296,81084,Rhinolophus ferrumequinum,0.053,0.053,-1,Echolocation,/mnt/ubna_data_01_mir/recover-20220825/UBNA_002/20220823_033000.WAV,Telephone Field,recover-20220825,002,1795
42.0015,42.0106,27187,35006,Eptesicus serotinus,0.012,0.032,-1,Echolocation,/mnt/ubna_data_01_mir/recover-20220825/UBNA_002/20220823_033000.WAV,Telephone Field,recover-20220825,002,1795
42.0015,42.0112,37500,42872,Pipistrellus nathusii,0.012,0.02,-1,Echolocation,/mnt/ubna_data_01_mir/recover-20220825/UBNA_002/20220823_033000.WAV,Telephone Field,recover-20220825,002,1795
42.0085,42.0469,68437,81479,Rhinolophus ferrumequinum,0.021,0.021,-1,Echolocation,/mnt/ubna_data_01_mir/recover-20220825/UBNA_002/20220823_033000.WAV,Telephone Field,recover-20220825,002,1795
42.0555,42.0975,68437,82363,Rhinolophus ferrumequinum,0.037,0.037,-1,Echolocation,/mnt/ubna_data_01_mir/recover-20220825/UBNA_002/20220823_033000.WAV,Telephone Field,recover-20220825,002,1795
42.082499999999996,42.121,68437,81674,Rhinolophus ferrumequinum,0.022,0.022,-1,Echolocation,/mnt/ubna_data_01_mir/recover-20220825/UBNA_002/20220823_033000.WAV,Telephone Field,recover-20220825,002,1795
42.0845,42.096199999999996,24609,29986,Nyctalus leisleri,0.01,0.023,-1,Echolocation,/mnt/ubna_data_01_mir/recover-20220825/UBNA_002/20220823_033000.WAV,Telephone Field,recover-20220825,002,1795
42.1085,42.1466,68437,82329,Rhinolophus ferrumequinum,0.022,0.022,-1,Echolocation,/mnt/ubna_data_01_mir/recover-20220825/UBNA_002/20220823_033000.WAV,Telephone Field,recover-20220825,002,1795
42.1205,42.1286,26328,35077,Eptesicus serotinus,0.008,0.022,-1,Echolocation,/mnt/ubna_data_01_mir/recover-20220825/UBNA_002/20220823_033000.WAV,Telephone Field,recover-20220825,002,1795
42.1355,42.1751,68437,82858,Rhinolophus ferrumequinum,0.033,0.033,-1,Echolocation,/mnt/ubna_data_01_mir/recover-20220825/UBNA_002/20220823_033000.WAV,Telephone Field,recover-20220825,002,1795
42.1405,42.1485,23750,31590,Plecotus austriacus,0.008,0.022,-1,Echolocation,/mnt/ubna_data_01_mir/recover-20220825/UBNA_002/20220823_033000.WAV,Telephone Field,recover-20220825,002,1795
42.1555,42.1897,68437,81608,Rhinolophus ferrumequinum,0.021,0.021,-1,Echolocation,/mnt/ubna_data_01_mir/recover-20220825/UBNA_002/20220823_033000.WAV,Telephone Field,recover-20220825,002,1795
42.1965,42.204,27187,39521,Eptesicus serotinus,0.007,0.021,-1,Echolocation,/mnt/ubna_data_01_mir/recover-20220825/UBNA_002/20220823_033000.WAV,Telephone Field,recover-20220825,002,1795
42.1995,42.2383,68437,82168,Rhinolophus ferrumequinum,0.022,0.022,-1,Echolocation,/mnt/ubna_data_01_mir/recover-20220825/UBNA_002/20220823_033000.WAV,Telephone Field,recover-20220825,002,1795
42.2215,42.2569,68437,81608,Rhinolophus ferrumequinum,0.02,0.02,-1,Echolocation,/mnt/ubna_data_01_mir/recover-20220825/UBNA_002/20220823_033000.WAV,Telephone Field,recover-20220825,002,1795
42.2285,42.2654,68437,81199,Rhinolophus ferrumequinum,0.021,0.021,-1,Echolocation,/mnt/ubna_data_01_mir/recover-20220825/UBNA_002/20220823_033000.WAV,Telephone Field,recover-20220825,002,1795
42.2345,42.2451,25468,32436,Eptesicus serotinus,0.05,0.093,-1,Echolocation,/mnt/ubna_data_01_mir/recover-20220825/UBNA_002/20220823_033000.WAV,Telephone Field,recover-20220825,002,1795
42.2425,42.2489,36640,44675,Myotis daubentonii,0.007,0.022,-1,Echolocation,/mnt/ubna_data_01_mir/recover-20220825/UBNA_002/20220823_033000.WAV,Telephone Field,recover-20220825,002,1795
42.2665,42.303,68437,81951,Rhinolophus ferrumequinum,0.023,0.024,-1,Echolocation,/mnt/ubna_data_01_mir/recover-20220825/UBNA_002/20220823_033000.WAV,Telephone Field,recover-20220825,002,1795
42.2795,42.3197,68437,82009,Rhinolophus ferrumequinum,0.029,0.029,-1,Echolocation,/mnt/ubna_data_01_mir/recover-20220825/UBNA_002/20220823_033000.WAV,Telephone Field,recover-20220825,002,1795
42.286500000000004,42.3239,68437,82127,Rhinolophus ferrumequinum,0.026,0.026,-1,Echolocation,/mnt/ubna_data_01_mir/recover-20220825/UBNA_002/20220823_033000.WAV,Telephone Field,recover-20220825,002,1795
42.326499999999996,42.3661,68437,82189,Rhinolophus ferrumequinum,0.021,0.021,-1,Echolocation,/mnt/ubna_data_01_mir/recover-20220825/UBNA_002/20220823_033000.WAV,Telephone Field,recover-20220825,002,1795
42.3275,42.3356,27187,40158,Eptesicus serotinus,0.007,0.022,-1,Echolocation,/mnt/ubna_data_01_mir/recover-20220825/UBNA_002/20220823_033000.WAV,Telephone Field,recover-20220825,002,1795
42.3455,42.3562,28046,37330,Eptesicus serotinus,0.012,0.026,-1,Echolocation,/mnt/ubna_data_01_mir/recover-20220825/UBNA_002/20220823_033000.WAV,Telephone Field,recover-20220825,002,1795
42.3555,42.390299999999996,68437,81648,Rhinolophus ferrumequinum,0.021,0.021,-1,Echolocation,/mnt/ubna_data_01_mir/recover-20220825/UBNA_002/20220823_033000.WAV,Telephone Field,recover-20220825,002,1795
42.3945,42.4042,28046,37926,Eptesicus serotinus,0.009,0.02,-1,Echolocation,/mnt/ubna_data_01_mir/recover-20220825/UBNA_002/20220823_033000.WAV,Telephone Field,recover-20220825,002,1795
42.4105,42.4462,68437,81076,Rhinolophus ferrumequinum,0.021,0.021,-1,Echolocation,/mnt/ubna_data_01_mir/recover-20220825/UBNA_002/20220823_033000.WAV,Telephone Field,recover-20220825,002,1795
42.426500000000004,42.4658,68437,82475,Rhinolophus ferrumequinum,0.022,0.022,-1,Echolocation,/mnt/ubna_data_01_mir/recover-20220825/UBNA_002/20220823_033000.WAV,Telephone Field,recover-20220825,002,1795
42.4315,42.4399,28046,38038,Eptesicus serotinus,0.006,0.02,-1,Echolocation,/mnt/ubna_data_01_mir/recover-20220825/UBNA_002/20220823_033000.WAV,Telephone Field,recover-20220825,002,1795
42.445499999999996,42.484899999999996,68437,82595,Rhinolophus ferrumequinum,0.02,0.02,-1,Echolocation,/mnt/ubna_data_01_mir/recover-20220825/UBNA_002/20220823_033000.WAV,Telephone Field,recover-20220825,002,1795
42.4585,42.4658,28046,38243,Eptesicus serotinus,0.006,0.02,-1,Echolocation,/mnt/ubna_data_01_mir/recover-20220825/UBNA_002/20220823_033000.WAV,Telephone Field,recover-20220825,002,1795
42.4655,42.5062,68437,82373,Rhinolophus ferrumequinum,0.024,0.024,-1,Echolocation,/mnt/ubna_data_01_mir/recover-20220825/UBNA_002/20220823_033000.WAV,Telephone Field,recover-20220825,002,1795
42.4885,42.5281,68437,83075,Rhinolophus ferrumequinum,0.023,0.023,-1,Echolocation,/mnt/ubna_data_01_mir/recover-20220825/UBNA_002/20220823_033000.WAV,Telephone Field,recover-20220825,002,1795
42.5035,42.5439,68437,82917,Rhinolophus ferrumequinum,0.022,0.022,-1,Echolocation,/mnt/ubna_data_01_mir/recover-20220825/UBNA_002/20220823_033000.WAV,Telephone Field,recover-20220825,002,1795
42.5125,42.5204,28046,38277,Eptesicus serotinus,0.009,0.024,-1,Echolocation,/mnt/ubna_data_01_mir/recover-20220825/UBNA_002/20220823_033000.WAV,Telephone Field,recover-20220825,002,1795
42.5225,42.5632,68437,82869,Rhinolophus ferrumequinum,0.032,0.032,-1,Echolocation,/mnt/ubna_data_01_mir/recover-20220825/UBNA_002/20220823_033000.WAV,Telephone Field,recover-20220825,002,1795
42.5385,42.5467,45234,55050,Pipistrellus pipistrellus,0.014,0.021,-1,Echolocation,/mnt/ubna_data_01_mir/recover-20220825/UBNA_002/20220823_033000.WAV,Telephone Field,recover-20220825,002,1795
42.5525,42.5925,68437,82603,Rhinolophus ferrumequinum,0.021,0.021,-1,Echolocation,/mnt/ubna_data_01_mir/recover-20220825/UBNA_002/20220823_033000.WAV,Telephone Field,recover-20220825,002,1795
42.5585,42.5989,68437,82331,Rhinolophus ferrumequinum,0.021,0.021,-1,Echolocation,/mnt/ubna_data_01_mir/recover-20220825/UBNA_002/20220823_033000.WAV,Telephone Field,recover-20220825,002,1795
42.6005,42.6422,68437,82565,Rhinolophus ferrumequinum,0.025,0.025,-1,Echolocation,/mnt/ubna_data_01_mir/recover-20220825/UBNA_002/20220823_033000.WAV,Telephone Field,recover-20220825,002,1795
42.6055,42.644999999999996,68437,82419,Rhinolophus ferrumequinum,0.025,0.025,-1,Echolocation,/mnt/ubna_data_01_mir/recover-20220825/UBNA_002/20220823_033000.WAV,Telephone Field,recover-20220825,002,1795
42.6075,42.6148,28046,39922,Eptesicus serotinus,0.007,0.024,-1,Echolocation,/mnt/ubna_data_01_mir/recover-20220825/UBNA_002/20220823_033000.WAV,Telephone Field,recover-20220825,002,1795
42.6385,42.6802,68437,82864,Rhinolophus ferrumequinum,0.025,0.026,-1,Echolocation,/mnt/ubna_data_01_mir/recover-20220825/UBNA_002/20220823_033000.WAV,Telephone Field,recover-20220825,002,1795
42.6595,42.699600000000004,68437,82661,Rhinolophus ferrumequinum,0.023,0.023,-1,Echolocation,/mnt/ubna_data_01_mir/recover-20220825/UBNA_002/20220823_033000.WAV,Telephone Field,recover-20220825,002,1795
42.6665,42.6743,28046,39375,Eptesicus serotinus,0.007,0.021,-1,Echolocation,/mnt/ubna_data_01_mir/recover-20220825/UBNA_002/20220823_033000.WAV,Telephone Field,recover-20220825,002,1795
42.6845,42.7251,68437,82198,Rhinolophus ferrumequinum,0.022,0.022,-1,Echolocation,/mnt/ubna_data_01_mir/recover-20220825/UBNA_002/20220823_033000.WAV,Telephone Field,recover-20220825,002,1795
42.7235,42.7631,68437,82151,Rhinolophus ferrumequinum,0.024,0.024,-1,Echolocation,/mnt/ubna_data_01_mir/recover-20220825/UBNA_002/20220823_033000.WAV,Telephone Field,recover-20220825,002,1795
42.7245,42.7323,25468,34203,Eptesicus serotinus,0.007,0.025,-1,Echolocation,/mnt/ubna_data_01_mir/recover-20220825/UBNA_002/20220823_033000.WAV,Telephone Field,recover-20220825,002,1795
42.7305,42.7713,68437,82595,Rhinolophus ferrumequinum,0.022,0.022,-1,Echolocation,/mnt/ubna_data_01_mir/recover-20220825/UBNA_002/20220823_033000.WAV,Telephone Field,recover-20220825,002,1795
42.7535,42.7898,68437,81245,Rhinolophus ferrumequinum,0.022,0.022,-1,Echolocation,/mnt/ubna_data_01_mir/recover-20220825/UBNA_002/20220823_033000.WAV,Telephone Field,recover-20220825,002,1795
42.7695,42.7791,28046,38056,Eptesicus serotinus,0.009,0.024,-1,Echolocation,/mnt/ubna_data_01_mir/recover-20220825/UBNA_002/20220823_033000.WAV,Telephone Field,recover-20220825,002,1795
42.7755,42.8114,68437,81930,Rhinolophus ferrumequinum,0.022,0.022,-1,Echolocation,/mnt/ubna_data_01_mir/recover-20220825/UBNA_002/20220823_033000.WAV,Telephone Field,recover-20220825,002,1795
42.7915,42.8003,28046,38946,Eptesicus serotinus,0.008,0.022,-1,Echolocation,/mnt/ubna_data_01_mir/recover-20220825/UBNA_002/20220823_033000.WAV,Telephone Field,recover-20220825,002,1795
42.7945,42.8316,68437,82071,Rhinolophus ferrumequinum,0.02,0.02,-1,Echolocation,/mnt/ubna_data_01_mir/recover-20220825/UBNA_002/20220823_033000.WAV,Telephone Field,recover-20220825,002,1795
42.8165,42.8545,68437,81388,Rhinolophus ferrumequinum,0.023,0.023,-1,Echolocation,/mnt/ubna_data_01_mir/recover-20220825/UBNA_002/20220823_033000.WAV,Telephone Field,recover-20220825,002,1795
42.8425,42.861000000000004,18593,21557,Nyctalus noctula,0.011,0.024,-1,Echolocation,/mnt/ubna_data_01_mir/recover-20220825/UBNA_002/20220823_033000.WAV,Telephone Field,recover-20220825,002,1795
42.8655,42.8745,22890,30229,Plecotus austriacus,0.008,0.022,-1,Echolocation,/mnt/ubna_data_01_mir/recover-20220825/UBNA_002/20220823_033000.WAV,Telephone Field,recover-20220825,002,1795
42.8835,42.9266,68437,83551,Rhinolophus ferrumequinum,0.033,0.033,-1,Echolocation,/mnt/ubna_data_01_mir/recover-20220825/UBNA_002/20220823_033000.WAV,Telephone Field,recover-20220825,002,1795
42.9005,42.9108,23750,29390,Nyctalus leisleri,0.009,0.021,-1,Echolocation,/mnt/ubna_data_01_mir/recover-20220825/UBNA_002/20220823_033000.WAV,Telephone Field,recover-20220825,002,1795
42.9065,42.945,68437,82059,Rhinolophus ferrumequinum,0.021,0.021,-1,Echolocation,/mnt/ubna_data_01_mir/recover-20220825/UBNA_002/20220823_033000.WAV,Telephone Field,recover-20220825,002,1795
42.9105,42.9214,23750,29143,Nyctalus leisleri,0.01,0.021,-1,Echolocation,/mnt/ubna_data_01_mir/recover-20220825/UBNA_002/20220823_033000.WAV,Telephone Field,recover-20220825,002,1795
42.9495,42.9582,28046,38983,Eptesicus serotinus,0.008,0.021,-1,Echolocation,/mnt/ubna_data_01_mir/recover-20220825/UBNA_002/20220823_033000.WAV,Telephone Field,recover-20220825,002,1795
42.9715,43.012100000000004,68437,82141,Rhinolophus ferrumequinum,0.024,0.024,-1,Echolocation,/mnt/ubna_data_01_mir/recover-20220825/UBNA_002/20220823_033000.WAV,Telephone Field,recover-20220825,002,1795
42.9925,43.0013,28046,38817,Eptesicus serotinus,0.009,0.024,-1,Echolocation,/mnt/ubna_data_01_mir/recover-20220825/UBNA_002/20220823_033000.WAV,Telephone Field,recover-20220825,002,1795
43.036500000000004,43.0751,68437,82480,Rhinolophus ferrumequinum,0.025,0.025,-1,Echolocation,/mnt/ubna_data_01_mir/recover-20220825/UBNA_002/20220823_033000.WAV,Telephone Field,recover-20220825,002,1795
43.0525,43.0607,25468,34196,Eptesicus serotinus,0.007,0.021,-1,Echolocation,/mnt/ubna_data_01_mir/recover-20220825/UBNA_002/20220823_033000.WAV,Telephone Field,recover-20220825,002,1795
43.1065,43.120400000000004,54687,59431,Pipistrellus pygmaeus,0.021,0.023,-1,Echolocation,/mnt/ubna_data_01_mir/recover-20220825/UBNA_002/20220823_033000.WAV,Telephone Field,recover-20220825,002,1795
43.1205,43.1318,22890,28252,Nyctalus leisleri,0.013,0.026,-1,Echolocation,/mnt/ubna_data_01_mir/recover-20220825/UBNA_002/20220823_033000.WAV,Telephone Field,recover-20220825,002,1795
43.1295,43.1688,68437,82303,Rhinolophus ferrumequinum,0.021,0.021,-1,Echolocation,/mnt/ubna_data_01_mir/recover-20220825/UBNA_002/20220823_033000.WAV,Telephone Field,recover-20220825,002,1795
43.1595,43.2041,68437,83441,Rhinolophus ferrumequinum,0.028,0.028,-1,Echolocation,/mnt/ubna_data_01_mir/recover-20220825/UBNA_002/20220823_033000.WAV,Telephone Field,recover-20220825,002,1795
43.1655,43.2087,68437,83496,Rhinolophus ferrumequinum,0.028,0.028,-1,Echolocation,/mnt/ubna_data_01_mir/recover-20220825/UBNA_002/20220823_033000.WAV,Telephone Field,recover-20220825,002,1795
43.1935,43.2019,28906,38681,Eptesicus serotinus,0.008,0.021,-1,Echolocation,/mnt/ubna_data_01_mir/recover-20220825/UBNA_002/20220823_033000.WAV,Telephone Field,recover-20220825,002,1795
43.1945,43.231899999999996,68437,81514,Rhinolophus ferrumequinum,0.021,0.021,-1,Echolocation,/mnt/ubna_data_01_mir/recover-20220825/UBNA_002/20220823_033000.WAV,Telephone Field,recover-20220825,002,1795
43.2435,43.2862,68437,82945,Rhinolophus ferrumequinum,0.027,0.027,-1,Echolocation,/mnt/ubna_data_01_mir/recover-20220825/UBNA_002/20220823_033000.WAV,Telephone Field,recover-20220825,002,1795
43.2725,43.3129,68437,82039,Rhinolophus ferrumequinum,0.023,0.023,-1,Echolocation,/mnt/ubna_data_01_mir/recover-20220825/UBNA_002/20220823_033000.WAV,Telephone Field,recover-20220825,002,1795
43.2795,43.3159,68437,81273,Rhinolophus ferrumequinum,0.023,0.023,-1,Echolocation,/mnt/ubna_data_01_mir/recover-20220825/UBNA_002/20220823_033000.WAV,Telephone Field,recover-20220825,002,1795
43.3165,43.3236,24609,34892,Plecotus austriacus,0.01,0.028,-1,Echolocation,/mnt/ubna_data_01_mir/recover-20220825/UBNA_002/20220823_033000.WAV,Telephone Field,recover-20220825,002,1795
43.3595,43.3699,28906,36181,Eptesicus serotinus,0.009,0.021,-1,Echolocation,/mnt/ubna_data_01_mir/recover-20220825/UBNA_002/20220823_033000.WAV,Telephone Field,recover-20220825,002,1795
43.3775,43.4142,68437,81832,Rhinolophus ferrumequinum,0.02,0.02,-1,Echolocation,/mnt/ubna_data_01_mir/recover-20220825/UBNA_002/20220823_033000.WAV,Telephone Field,recover-20220825,002,1795
43.4325,43.4431,22890,28081,Nyctalus leisleri,0.01,0.021,-1,Echolocation,/mnt/ubna_data_01_mir/recover-20220825/UBNA_002/20220823_033000.WAV,Telephone Field,recover-20220825,002,1795
43.445499999999996,43.4881,68437,83090,Rhinolophus ferrumequinum,0.024,0.024,-1,Echolocation,/mnt/ubna_data_01_mir/recover-20220825/UBNA_002/20220823_033000.WAV,Telephone Field,recover-20220825,002,1795
43.4845,43.4961,23750,27784,Nyctalus leisleri,0.021,0.037,-1,Echolocation,/mnt/ubna_data_01_mir/recover-20220825/UBNA_002/20220823_033000.WAV,Telephone Field,recover-20220825,002,1795
43.5285,43.539699999999996,22890,27947,Nyctalus leisleri,0.011,0.022,-1,Echolocation,/mnt/ubna_data_01_mir/recover-20220825/UBNA_002/20220823_033000.WAV,Telephone Field,recover-20220825,002,1795
43.5445,43.5847,68437,82998,Rhinolophus ferrumequinum,0.023,0.023,-1,Echolocation,/mnt/ubna_data_01_mir/recover-20220825/UBNA_002/20220823_033000.WAV,Telephone Field,recover-20220825,002,1795
43.545500000000004,43.5575,22890,27126,Nyctalus leisleri,0.019,0.033,-1,Echolocation,/mnt/ubna_data_01_mir/recover-20220825/UBNA_002/20220823_033000.WAV,Telephone Field,recover-20220825,002,1795
43.5725,43.6137,68437,82633,Rhinolophus ferrumequinum,0.02,0.02,-1,Echolocation,/mnt/ubna_data_01_mir/recover-20220825/UBNA_002/20220823_033000.WAV,Telephone Field,recover-20220825,002,1795
43.6105,43.6501,68437,82119,Rhinolophus ferrumequinum,0.029,0.029,-1,Echolocation,/mnt/ubna_data_01_mir/recover-20220825/UBNA_002/20220823_033000.WAV,Telephone Field,recover-20220825,002,1795
43.7125,43.7531,68437,82707,Rhinolophus ferrumequinum,0.022,0.023,-1,Echolocation,/mnt/ubna_data_01_mir/recover-20220825/UBNA_002/20220823_033000.WAV,Telephone Field,recover-20220825,002,1795
43.7175,43.7277,22031,27881,Nyctalus leisleri,0.008,0.023,-1,Echolocation,/mnt/ubna_data_01_mir/recover-20220825/UBNA_002/20220823_033000.WAV,Telephone Field,recover-20220825,002,1795
43.7295,43.7635,68437,81102,Rhinolophus ferrumequinum,0.022,0.022,-1,Echolocation,/mnt/ubna_data_01_mir/recover-20220825/UBNA_002/20220823_033000.WAV,Telephone Field,recover-20220825,002,1795
43.7605,43.772800000000004,43515,50132,Pipistrellus pipistrellus,0.015,0.026,-1,Echolocation,/mnt/ubna_data_01_mir/recover-20220825/UBNA_002/20220823_033000.WAV,Telephone Field,recover-20220825,002,1795
43.7805,43.8194,68437,82051,Rhinolophus ferrumequinum,0.02,0.02,-1,Echolocation,/mnt/ubna_data_01_mir/recover-20220825/UBNA_002/20220823_033000.WAV,Telephone Field,recover-20220825,002,1795
43.8025,43.811099999999996,27187,37168,Eptesicus serotinus,0.012,0.027,-1,Echolocation,/mnt/ubna_data_01_mir/recover-20220825/UBNA_002/20220823_033000.WAV,Telephone Field,recover-20220825,002,1795
43.8335,43.868700000000004,68437,82263,Rhinolophus ferrumequinum,0.024,0.024,-1,Echolocation,/mnt/ubna_data_01_mir/recover-20220825/UBNA_002/20220823_033000.WAV,Telephone Field,recover-20220825,002,1795
43.8425,43.853,23750,29570,Nyctalus leisleri,0.011,0.025,-1,Echolocation,/mnt/ubna_data_01_mir/recover-20220825/UBNA_002/20220823_033000.WAV,Telephone Field,recover-20220825,002,1795
43.8685,43.9011,68437,80950,Rhinolophus ferrumequinum,0.033,0.034,-1,Echolocation,/mnt/ubna_data_01_mir/recover-20220825/UBNA_002/20220823_033000.WAV,Telephone Field,recover-20220825,002,1795
43.8745,43.8848,23750,29449,Nyctalus leisleri,0.008,0.02,-1,Echolocation,/mnt/ubna_data_01_mir/recover-20220825/UBNA_002/20220823_033000.WAV,Telephone Field,recover-20220825,002,1795
43.8775,43.9138,68437,82030,Rhinolophus ferrumequinum,0.023,0.023,-1,Echolocation,/mnt/ubna_data_01_mir/recover-20220825/UBNA_002/20220823_033000.WAV,Telephone Field,recover-20220825,002,1795
43.8955,43.9326,68437,81938,Rhinolophus ferrumequinum,0.02,0.02,-1,Echolocation,/mnt/ubna_data_01_mir/recover-20220825/UBNA_002/20220823_033000.WAV,Telephone Field,recover-20220825,002,1795
43.9395,43.9576,15156,20062,Nyctalus noctula,0.02,0.028,-1,Echolocation,/mnt/ubna_data_01_mir/recover-20220825/UBNA_002/20220823_033000.WAV,Telephone Field,recover-20220825,002,1795
43.9525,43.9916,68437,82695,Rhinolophus ferrumequinum,0.024,0.024,-1,Echolocation,/mnt/ubna_data_01_mir/recover-20220825/UBNA_002/20220823_033000.WAV,Telephone Field,recover-20220825,002,1795
44.0015,44.0114,27187,34932,Eptesicus serotinus,0.014,0.039,-1,Echolocation,/mnt/ubna_data_01_mir/recover-20220825/UBNA_002/20220823_033000.WAV,Telephone Field,recover-20220825,002,1795
44.0015,44.0308,70156,83707,Rhinolophus ferrumequinum,0.023,0.023,-1,Echolocation,/mnt/ubna_data_01_mir/recover-20220825/UBNA_002/20220823_033000.WAV,Telephone Field,recover-20220825,002,1795
44.0235,44.0332,28906,37358,Eptesicus serotinus,0.009,0.022,-1,Echolocation,/mnt/ubna_data_01_mir/recover-20220825/UBNA_002/20220823_033000.WAV,Telephone Field,recover-20220825,002,1795
44.054500000000004,44.0618,42656,46076,Pipistrellus pipistrellus,0.022,0.027,-1,Echolocation,/mnt/ubna_data_01_mir/recover-20220825/UBNA_002/20220823_033000.WAV,Telephone Field,recover-20220825,002,1795
44.0725,44.1107,68437,81906,Rhinolophus ferrumequinum,0.022,0.022,-1,Echolocation,/mnt/ubna_data_01_mir/recover-20220825/UBNA_002/20220823_033000.WAV,Telephone Field,recover-20220825,002,1795
44.0775,44.0851,28046,39896,Eptesicus serotinus,0.007,0.022,-1,Echolocation,/mnt/ubna_data_01_mir/recover-20220825/UBNA_002/20220823_033000.WAV,Telephone Field,recover-20220825,002,1795
44.1175,44.159,68437,82805,Rhinolophus ferrumequinum,0.023,0.023,-1,Echolocation,/mnt/ubna_data_01_mir/recover-20220825/UBNA_002/20220823_033000.WAV,Telephone Field,recover-20220825,002,1795
44.2035,44.2424,68437,81844,Rhinolophus ferrumequinum,0.021,0.021,-1,Echolocation,/mnt/ubna_data_01_mir/recover-20220825/UBNA_002/20220823_033000.WAV,Telephone Field,recover-20220825,002,1795
44.2285,44.237700000000004,25468,33190,Eptesicus serotinus,0.008,0.022,-1,Echolocation,/mnt/ubna_data_01_mir/recover-20220825/UBNA_002/20220823_033000.WAV,Telephone Field,recover-20220825,002,1795
44.2415,44.2781,68437,81577,Rhinolophus ferrumequinum,0.021,0.021,-1,Echolocation,/mnt/ubna_data_01_mir/recover-20220825/UBNA_002/20220823_033000.WAV,Telephone Field,recover-20220825,002,1795
44.2705,44.3106,68437,82530,Rhinolophus ferrumequinum,0.022,0.022,-1,Echolocation,/mnt/ubna_data_01_mir/recover-20220825/UBNA_002/20220823_033000.WAV,Telephone Field,recover-20220825,002,1795
44.2825,44.2899,48671,54122,Pipistrellus pipistrellus,0.021,0.023,-1,Echolocation,/mnt/ubna_data_01_mir/recover-20220825/UBNA_002/20220823_033000.WAV,Telephone Field,recover-20220825,002,1795
44.2965,44.3349,68437,82539,Rhinolophus ferrumequinum,0.024,0.024,-1,Echolocation,/mnt/ubna_data_01_mir/recover-20220825/UBNA_002/20220823_033000.WAV,Telephone Field,recover-20220825,002,1795
44.3555,44.3941,68437,82153,Rhinolophus ferrumequinum,0.022,0.022,-1,Echolocation,/mnt/ubna_data_01_mir/recover-20220825/UBNA_002/20220823_033000.WAV,Telephone Field,recover-20220825,002,1795
44.3645,44.402,68437,81939,Rhinolophus ferrumequinum,0.022,0.022,-1,Echolocation,/mnt/ubna_data_01_mir/recover-20220825/UBNA_002/20220823_033000.WAV,Telephone Field,recover-20220825,002,1795
44.3985,44.4388,68437,82901,Rhinolophus ferrumequinum,0.024,0.024,-1,Echolocation,/mnt/ubna_data_01_mir/recover-20220825/UBNA_002/20220823_033000.WAV,Telephone Field,recover-20220825,002,1795
44.4195,44.4279,26328,34821,Eptesicus serotinus,0.008,0.021,-1,Echolocation,/mnt/ubna_data_01_mir/recover-20220825/UBNA_002/20220823_033000.WAV,Telephone Field,recover-20220825,002,1795
44.4475,44.4874,68437,82538,Rhinolophus ferrumequinum,0.022,0.022,-1,Echolocation,/mnt/ubna_data_01_mir/recover-20220825/UBNA_002/20220823_033000.WAV,Telephone Field,recover-20220825,002,1795
44.4495,44.456,44375,49690,Pipistrellus pipistrellus,0.024,0.026,-1,Echolocation,/mnt/ubna_data_01_mir/recover-20220825/UBNA_002/20220823_033000.WAV,Telephone Field,recover-20220825,002,1795
44.463499999999996,44.471199999999996,22890,31527,Plecotus austriacus,0.022,0.047,-1,Echolocation,/mnt/ubna_data_01_mir/recover-20220825/UBNA_002/20220823_033000.WAV,Telephone Field,recover-20220825,002,1795
44.5025,44.5116,48671,52781,Pipistrellus pipistrellus,0.023,0.026,-1,Echolocation,/mnt/ubna_data_01_mir/recover-20220825/UBNA_002/20220823_033000.WAV,Telephone Field,recover-20220825,002,1795
44.5055,44.5459,68437,82640,Rhinolophus ferrumequinum,0.021,0.021,-1,Echolocation,/mnt/ubna_data_01_mir/recover-20220825/UBNA_002/20220823_033000.WAV,Telephone Field,recover-20220825,002,1795
44.5235,44.559200000000004,68437,81431,Rhinolophus ferrumequinum,0.024,0.024,-1,Echolocation,/mnt/ubna_data_01_mir/recover-20220825/UBNA_002/20220823_033000.WAV,Telephone Field,recover-20220825,002,1795
44.5995,44.6087,28906,37291,Eptesicus serotinus,0.01,0.024,-1,Echolocation,/mnt/ubna_data_01_mir/recover-20220825/UBNA_002/20220823_033000.WAV,Telephone Field,recover-20220825,002,1795
44.667500000000004,44.7087,68437,82502,Rhinolophus ferrumequinum,0.032,0.032,-1,Echolocation,/mnt/ubna_data_01_mir/recover-20220825/UBNA_002/20220823_033000.WAV,Telephone Field,recover-20220825,002,1795
44.7405,44.7802,68437,82593,Rhinolophus ferrumequinum,0.025,0.025,-1,Echolocation,/mnt/ubna_data_01_mir/recover-20220825/UBNA_002/20220823_033000.WAV,Telephone Field,recover-20220825,002,1795
44.7435,44.7509,27187,36715,Eptesicus serotinus,0.009,0.025,-1,Echolocation,/mnt/ubna_data_01_mir/recover-20220825/UBNA_002/20220823_033000.WAV,Telephone Field,recover-20220825,002,1795
44.7455,44.783500000000004,68437,83176,Rhinolophus ferrumequinum,0.024,0.024,-1,Echolocation,/mnt/ubna_data_01_mir/recover-20220825/UBNA_002/20220823_033000.WAV,Telephone Field,recover-20220825,002,1795
44.7585,44.7998,68437,82904,Rhinolophus ferrumequinum,0.025,0.025,-1,Echolocation,/mnt/ubna_data_01_mir/recover-20220825/UBNA_002/20220823_033000.WAV,Telephone Field,recover-20220825,002,1795
44.795500000000004,44.8351,68437,82338,Rhinolophus ferrumequinum,0.023,0.023,-1,Echolocation,/mnt/ubna_data_01_mir/recover-20220825/UBNA_002/20220823_033000.WAV,Telephone Field,recover-20220825,002,1795
44.823499999999996,44.8311,23750,34183,Plecotus austriacus,0.008,0.021,-1,Echolocation,/mnt/ubna_data_01_mir/recover-20220825/UBNA_002/20220823_033000.WAV,Telephone Field,recover-20220825,002,1795
44.826499999999996,44.866,68437,82477,Rhinolophus ferrumequinum,0.023,0.023,-1,Echolocation,/mnt/ubna_data_01_mir/recover-20220825/UBNA_002/20220823_033000.WAV,Telephone Field,recover-20220825,002,1795
44.8315,44.8733,68437,82636,Rhinolophus ferrumequinum,0.023,0.024,-1,Echolocation,/mnt/ubna_data_01_mir/recover-20220825/UBNA_002/20220823_033000.WAV,Telephone Field,recover-20220825,002,1795
44.8395,44.8461,28046,42968,Eptesicus serotinus,0.007,0.026,-1,Echolocation,/mnt/ubna_data_01_mir/recover-20220825/UBNA_002/20220823_033000.WAV,Telephone Field,recover-20220825,002,1795
44.8755,44.9112,68437,81735,Rhinolophus ferrumequinum,0.021,0.022,-1,Echolocation,/mnt/ubna_data_01_mir/recover-20220825/UBNA_002/20220823_033000.WAV,Telephone Field,recover-20220825,002,1795
44.8935,44.9321,68437,82148,Rhinolophus ferrumequinum,0.022,0.022,-1,Echolocation,/mnt/ubna_data_01_mir/recover-20220825/UBNA_002/20220823_033000.WAV,Telephone Field,recover-20220825,002,1795
44.9195,44.9303,22890,28229,Nyctalus leisleri,0.01,0.023,-1,Echolocation,/mnt/ubna_data_01_mir/recover-20220825/UBNA_002/20220823_033000.WAV,Telephone Field,recover-20220825,002,1795
44.9365,44.9465,22890,29113,Nyctalus leisleri,0.009,0.024,-1,Echolocation,/mnt/ubna_data_01_mir/recover-20220825/UBNA_002/20220823_033000.WAV,Telephone Field,recover-20220825,002,1795
44.9555,44.963499999999996,55546,60805,Pipistrellus pygmaeus,0.026,0.027,-1,Echolocation,/mnt/ubna_data_01_mir/recover-20220825/UBNA_002/20220823_033000.WAV,Telephone Field,recover-20220825,002,1795
44.9685,44.9769,28046,39546,Eptesicus serotinus,0.008,0.023,-1,Echolocation,/mnt/ubna_data_01_mir/recover-20220825/UBNA_002/20220823_033000.WAV,Telephone Field,recover-20220825,002,1795
44.9745,44.9818,28046,38367,Eptesicus serotinus,0.007,0.023,-1,Echolocation,/mnt/ubna_data_01_mir/recover-20220825/UBNA_002/20220823_033000.WAV,Telephone Field,recover-20220825,002,1795
45.1185,45.1541,68437,80934,Rhinolophus ferrumequinum,0.021,0.021,-1,Echolocation,/mnt/ubna_data_01_mir/recover-20220825/UBNA_002/20220823_033000.WAV,Telephone Field,recover-20220825,002,1795
45.1285,45.1671,68437,82061,Rhinolophus ferrumequinum,0.022,0.022,-1,Echolocation,/mnt/ubna_data_01_mir/recover-20220825/UBNA_002/20220823_033000.WAV,Telephone Field,recover-20220825,002,1795
45.1355,45.176500000000004,68437,82894,Rhinolophus ferrumequinum,0.022,0.022,-1,Echolocation,/mnt/ubna_data_01_mir/recover-20220825/UBNA_002/20220823_033000.WAV,Telephone Field,recover-20220825,002,1795
45.1725,45.2145,68437,82701,Rhinolophus ferrumequinum,0.031,0.031,-1,Echolocation,/mnt/ubna_data_01_mir/recover-20220825/UBNA_002/20220823_033000.WAV,Telephone Field,recover-20220825,002,1795
45.1775,45.1869,22890,29537,Plecotus austriacus,0.008,0.025,-1,Echolocation,/mnt/ubna_data_01_mir/recover-20220825/UBNA_002/20220823_033000.WAV,Telephone Field,recover-20220825,002,1795
45.2035,45.2111,28906,41230,Eptesicus serotinus,0.01,0.029,-1,Echolocation,/mnt/ubna_data_01_mir/recover-20220825/UBNA_002/20220823_033000.WAV,Telephone Field,recover-20220825,002,1795
45.2255,45.2659,68437,82535,Rhinolophus ferrumequinum,0.023,0.023,-1,Echolocation,/mnt/ubna_data_01_mir/recover-20220825/UBNA_002/20220823_033000.WAV,Telephone Field,recover-20220825,002,1795
45.2425,45.2524,28046,36838,Eptesicus serotinus,0.01,0.022,-1,Echolocation,/mnt/ubna_data_01_mir/recover-20220825/UBNA_002/20220823_033000.WAV,Telephone Field,recover-20220825,002,1795
45.2535,45.2598,26328,38368,Plecotus auritus,0.007,0.026,-1,Echolocation,/mnt/ubna_data_01_mir/recover-20220825/UBNA_002/20220823_033000.WAV,Telephone Field,recover-20220825,002,1795
45.2595,45.3,68437,82936,Rhinolophus ferrumequinum,0.023,0.023,-1,Echolocation,/mnt/ubna_data_01_mir/recover-20220825/UBNA_002/20220823_033000.WAV,Telephone Field,recover-20220825,002,1795
45.301500000000004,45.3093,23750,32034,Plecotus austriacus,0.01,0.025,-1,Echolocation,/mnt/ubna_data_01_mir/recover-20220825/UBNA_002/20220823_033000.WAV,Telephone Field,recover-20220825,002,1795
45.3095,45.3507,68437,82821,Rhinolophus ferrumequinum,0.027,0.027,-1,Echolocation,/mnt/ubna_data_01_mir/recover-20220825/UBNA_002/20220823_033000.WAV,Telephone Field,recover-20220825,002,1795
45.408500000000004,45.449,68437,83012,Rhinolophus ferrumequinum,0.028,0.028,-1,Echolocation,/mnt/ubna_data_01_mir/recover-20220825/UBNA_002/20220823_033000.WAV,Telephone Field,recover-20220825,002,1795
45.4195,45.4587,68437,82447,Rhinolophus ferrumequinum,0.022,0.022,-1,Echolocation,/mnt/ubna_data_01_mir/recover-20220825/UBNA_002/20220823_033000.WAV,Telephone Field,recover-20220825,002,1795
45.4495,45.4884,68437,82201,Rhinolophus ferrumequinum,0.025,0.025,-1,Echolocation,/mnt/ubna_data_01_mir/recover-20220825/UBNA_002/20220823_033000.WAV,Telephone Field,recover-20220825,002,1795
45.451499999999996,45.4577,28046,43024,Eptesicus serotinus,0.011,0.042,-1,Echolocation,/mnt/ubna_data_01_mir/recover-20220825/UBNA_002/20220823_033000.WAV,Telephone Field,recover-20220825,002,1795
45.5325,45.5701,68437,82039,Rhinolophus ferrumequinum,0.026,0.026,-1,Echolocation,/mnt/ubna_data_01_mir/recover-20220825/UBNA_002/20220823_033000.WAV,Telephone Field,recover-20220825,002,1795
45.5585,45.5661,27187,43286,Eptesicus serotinus,0.01,0.026,-1,Echolocation,/mnt/ubna_data_01_mir/recover-20220825/UBNA_002/20220823_033000.WAV,Telephone Field,recover-20220825,002,1795
45.5975,45.603899999999996,27187,43848,Eptesicus serotinus,0.005,0.022,-1,Echolocation,/mnt/ubna_data_01_mir/recover-20220825/UBNA_002/20220823_033000.WAV,Telephone Field,recover-20220825,002,1795
45.6125,45.6554,68437,82634,Rhinolophus ferrumequinum,0.053,0.053,-1,Echolocation,/mnt/ubna_data_01_mir/recover-20220825/UBNA_002/20220823_033000.WAV,Telephone Field,recover-20220825,002,1795
45.6305,45.6404,22890,30117,Nyctalus leisleri,0.006,0.022,-1,Echolocation,/mnt/ubna_data_01_mir/recover-20220825/UBNA_002/20220823_033000.WAV,Telephone Field,recover-20220825,002,1795
45.6885,45.7299,68437,82776,Rhinolophus ferrumequinum,0.027,0.027,-1,Echolocation,/mnt/ubna_data_01_mir/recover-20220825/UBNA_002/20220823_033000.WAV,Telephone Field,recover-20220825,002,1795
45.7225,45.7294,28046,40260,Eptesicus serotinus,0.008,0.025,-1,Echolocation,/mnt/ubna_data_01_mir/recover-20220825/UBNA_002/20220823_033000.WAV,Telephone Field,recover-20220825,002,1795
45.7375,45.745,47812,57980,Pipistrellus pipistrellus,0.02,0.025,-1,Echolocation,/mnt/ubna_data_01_mir/recover-20220825/UBNA_002/20220823_033000.WAV,Telephone Field,recover-20220825,002,1795
45.7505,45.7886,68437,82346,Rhinolophus ferrumequinum,0.023,0.023,-1,Echolocation,/mnt/ubna_data_01_mir/recover-20220825/UBNA_002/20220823_033000.WAV,Telephone Field,recover-20220825,002,1795
45.7695,45.7767,28046,40383,Eptesicus serotinus,0.01,0.027,-1,Echolocation,/mnt/ubna_data_01_mir/recover-20220825/UBNA_002/20220823_033000.WAV,Telephone Field,recover-20220825,002,1795
45.7755,45.8143,68437,81675,Rhinolophus ferrumequinum,0.022,0.022,-1,Echolocation,/mnt/ubna_data_01_mir/recover-20220825/UBNA_002/20220823_033000.WAV,Telephone Field,recover-20220825,002,1795
45.7875,45.7987,22031,25976,Nyctalus leisleri,0.012,0.022,-1,Echolocation,/mnt/ubna_data_01_mir/recover-20220825/UBNA_002/20220823_033000.WAV,Telephone Field,recover-20220825,002,1795
45.8145,45.8546,68437,82457,Rhinolophus ferrumequinum,0.023,0.023,-1,Echolocation,/mnt/ubna_data_01_mir/recover-20220825/UBNA_002/20220823_033000.WAV,Telephone Field,recover-20220825,002,1795
45.8245,45.8595,68437,81811,Rhinolophus ferrumequinum,0.021,0.021,-1,Echolocation,/mnt/ubna_data_01_mir/recover-20220825/UBNA_002/20220823_033000.WAV,Telephone Field,recover-20220825,002,1795
45.8315,45.8386,24609,34067,Plecotus austriacus,0.01,0.025,-1,Echolocation,/mnt/ubna_data_01_mir/recover-20220825/UBNA_002/20220823_033000.WAV,Telephone Field,recover-20220825,002,1795
45.8845,45.9218,68437,81568,Rhinolophus ferrumequinum,0.022,0.022,-1,Echolocation,/mnt/ubna_data_01_mir/recover-20220825/UBNA_002/20220823_033000.WAV,Telephone Field,recover-20220825,002,1795
45.9035,45.9091,35781,45773,Barbastellus barbastellus,0.009,0.026,-1,Echolocation,/mnt/ubna_data_01_mir/recover-20220825/UBNA_002/20220823_033000.WAV,Telephone Field,recover-20220825,002,1795
45.9055,45.9112,27187,46460,Plecotus auritus,0.007,0.031,-1,Echolocation,/mnt/ubna_data_01_mir/recover-20220825/UBNA_002/20220823_033000.WAV,Telephone Field,recover-20220825,002,1795
46.0015,46.0332,68437,80409,Rhinolophus ferrumequinum,0.032,0.032,-1,Echolocation,/mnt/ubna_data_01_mir/recover-20220825/UBNA_002/20220823_033000.WAV,Telephone Field,recover-20220825,002,1795
46.0015,46.0167,15156,20724,Nyctalus noctula,0.011,0.024,-1,Echolocation,/mnt/ubna_data_01_mir/recover-20220825/UBNA_002/20220823_033000.WAV,Telephone Field,recover-20220825,002,1795
46.0015,46.0096,29765,39792,Myotis daubentonii,0.007,0.023,-1,Echolocation,/mnt/ubna_data_01_mir/recover-20220825/UBNA_002/20220823_033000.WAV,Telephone Field,recover-20220825,002,1795
46.0015,46.010000000000005,24609,34844,Nyctalus leisleri,0.006,0.023,-1,Echolocation,/mnt/ubna_data_01_mir/recover-20220825/UBNA_002/20220823_033000.WAV,Telephone Field,recover-20220825,002,1795
46.0085,46.0523,68437,82363,Rhinolophus ferrumequinum,0.028,0.028,-1,Echolocation,/mnt/ubna_data_01_mir/recover-20220825/UBNA_002/20220823_033000.WAV,Telephone Field,recover-20220825,002,1795
46.0145,46.0232,24609,31909,Eptesicus serotinus,0.007,0.022,-1,Echolocation,/mnt/ubna_data_01_mir/recover-20220825/UBNA_002/20220823_033000.WAV,Telephone Field,recover-20220825,002,1795
46.055499999999995,46.097899999999996,68437,83392,Rhinolophus ferrumequinum,0.028,0.028,-1,Echolocation,/mnt/ubna_data_01_mir/recover-20220825/UBNA_002/20220823_033000.WAV,Telephone Field,recover-20220825,002,1795
46.082499999999996,46.0922,48671,53274,Pipistrellus pipistrellus,0.035,0.039,-1,Echolocation,/mnt/ubna_data_01_mir/recover-20220825/UBNA_002/20220823_033000.WAV,Telephone Field,recover-20220825,002,1795
46.1685,46.1764,22890,32358,Plecotus austriacus,0.013,0.028,-1,Echolocation,/mnt/ubna_data_01_mir/recover-20220825/UBNA_002/20220823_033000.WAV,Telephone Field,recover-20220825,002,1795
46.1875,46.227900000000005,68437,82285,Rhinolophus ferrumequinum,0.028,0.028,-1,Echolocation,/mnt/ubna_data_01_mir/recover-20220825/UBNA_002/20220823_033000.WAV,Telephone Field,recover-20220825,002,1795
46.1905,46.2,23750,30631,Nyctalus leisleri,0.008,0.023,-1,Echolocation,/mnt/ubna_data_01_mir/recover-20220825/UBNA_002/20220823_033000.WAV,Telephone Field,recover-20220825,002,1795
46.2435,46.2834,68437,82517,Rhinolophus ferrumequinum,0.027,0.027,-1,Echolocation,/mnt/ubna_data_01_mir/recover-20220825/UBNA_002/20220823_033000.WAV,Telephone Field,recover-20220825,002,1795
46.2495,46.257999999999996,28046,38604,Eptesicus serotinus,0.009,0.023,-1,Echolocation,/mnt/ubna_data_01_mir/recover-20220825/UBNA_002/20220823_033000.WAV,Telephone Field,recover-20220825,002,1795
46.2825,46.320499999999996,68437,82265,Rhinolophus ferrumequinum,0.023,0.023,-1,Echolocation,/mnt/ubna_data_01_mir/recover-20220825/UBNA_002/20220823_033000.WAV,Telephone Field,recover-20220825,002,1795
46.298500000000004,46.3137,26328,31157,Eptesicus serotinus,0.037,0.078,-1,Echolocation,/mnt/ubna_data_01_mir/recover-20220825/UBNA_002/20220823_033000.WAV,Telephone Field,recover-20220825,002,1795
46.3965,46.4096,54687,59128,Pipistrellus pygmaeus,0.032,0.035,-1,Echolocation,/mnt/ubna_data_01_mir/recover-20220825/UBNA_002/20220823_033000.WAV,Telephone Field,recover-20220825,002,1795
46.414500000000004,46.4242,28046,35878,Eptesicus serotinus,0.009,0.022,-1,Echolocation,/mnt/ubna_data_01_mir/recover-20220825/UBNA_002/20220823_033000.WAV,Telephone Field,recover-20220825,002,1795
46.423500000000004,46.431200000000004,27187,38343,Eptesicus serotinus,0.007,0.021,-1,Echolocation,/mnt/ubna_data_01_mir/recover-20220825/UBNA_002/20220823_033000.WAV,Telephone Field,recover-20220825,002,1795
46.426500000000004,46.438,22031,26335,Nyctalus leisleri,0.012,0.022,-1,Echolocation,/mnt/ubna_data_01_mir/recover-20220825/UBNA_002/20220823_033000.WAV,Telephone Field,recover-20220825,002,1795
46.439499999999995,46.479,68437,82246,Rhinolophus ferrumequinum,0.025,0.026,-1,Echolocation,/mnt/ubna_data_01_mir/recover-20220825/UBNA_002/20220823_033000.WAV,Telephone Field,recover-20220825,002,1795
46.445499999999996,46.4825,68437,82378,Rhinolophus ferrumequinum,0.024,0.024,-1,Echolocation,/mnt/ubna_data_01_mir/recover-20220825/UBNA_002/20220823_033000.WAV,Telephone Field,recover-20220825,002,1795
46.466499999999996,46.4786,34062,40001,Pipistrellus nathusii,0.006,0.023,-1,Echolocation,/mnt/ubna_data_01_mir/recover-20220825/UBNA_002/20220823_033000.WAV,Telephone Field,recover-20220825,002,1795
46.4725,46.5064,68437,81731,Rhinolophus ferrumequinum,0.022,0.022,-1,Echolocation,/mnt/ubna_data_01_mir/recover-20220825/UBNA_002/20220823_033000.WAV,Telephone Field,recover-20220825,002,1795
46.4895,46.4962,28046,39603,Eptesicus serotinus,0.007,0.025,-1,Echolocation,/mnt/ubna_data_01_mir/recover-20220825/UBNA_002/20220823_033000.WAV,Telephone Field,recover-20220825,002,1795
46.4975,46.5369,68437,82757,Rhinolophus ferrumequinum,0.025,0.025,-1,Echolocation,/mnt/ubna_data_01_mir/recover-20220825/UBNA_002/20220823_033000.WAV,Telephone Field,recover-20220825,002,1795
46.5025,46.5398,68437,82217,Rhinolophus ferrumequinum,0.024,0.024,-1,Echolocation,/mnt/ubna_data_01_mir/recover-20220825/UBNA_002/20220823_033000.WAV,Telephone Field,recover-20220825,002,1795
46.5185,46.5259,46953,51879,Pipistrellus pipistrellus,0.023,0.024,-1,Echolocation,/mnt/ubna_data_01_mir/recover-20220825/UBNA_002/20220823_033000.WAV,Telephone Field,recover-20220825,002,1795
46.5375,46.550399999999996,34062,39554,Pipistrellus nathusii,0.016,0.039,-1,Echolocation,/mnt/ubna_data_01_mir/recover-20220825/UBNA_002/20220823_033000.WAV,Telephone Field,recover-20220825,002,1795
46.5475,46.554500000000004,28046,40527,Eptesicus serotinus,0.008,0.029,-1,Echolocation,/mnt/ubna_data_01_mir/recover-20220825/UBNA_002/20220823_033000.WAV,Telephone Field,recover-20220825,002,1795
46.5565,46.592,68437,81738,Rhinolophus ferrumequinum,0.024,0.024,-1,Echolocation,/mnt/ubna_data_01_mir/recover-20220825/UBNA_002/20220823_033000.WAV,Telephone Field,recover-20220825,002,1795
46.564499999999995,46.602000000000004,68437,82438,Rhinolophus ferrumequinum,0.025,0.025,-1,Echolocation,/mnt/ubna_data_01_mir/recover-20220825/UBNA_002/20220823_033000.WAV,Telephone Field,recover-20220825,002,1795
46.5805,46.6199,68437,83026,Rhinolophus ferrumequinum,0.025,0.025,-1,Echolocation,/mnt/ubna_data_01_mir/recover-20220825/UBNA_002/20220823_033000.WAV,Telephone Field,recover-20220825,002,1795
46.5805,46.5884,26328,34743,Eptesicus serotinus,0.008,0.023,-1,Echolocation,/mnt/ubna_data_01_mir/recover-20220825/UBNA_002/20220823_033000.WAV,Telephone Field,recover-20220825,002,1795
46.6335,46.672,68437,81458,Rhinolophus ferrumequinum,0.024,0.024,-1,Echolocation,/mnt/ubna_data_01_mir/recover-20220825/UBNA_002/20220823_033000.WAV,Telephone Field,recover-20220825,002,1795
46.6355,46.646100000000004,22890,29508,Nyctalus leisleri,0.01,0.026,-1,Echolocation,/mnt/ubna_data_01_mir/recover-20220825/UBNA_002/20220823_033000.WAV,Telephone Field,recover-20220825,002,1795
46.688500000000005,46.700199999999995,23750,30231,Nyctalus leisleri,0.013,0.031,-1,Echolocation,/mnt/ubna_data_01_mir/recover-20220825/UBNA_002/20220823_033000.WAV,Telephone Field,recover-20220825,002,1795
46.7295,46.737899999999996,25468,34374,Eptesicus serotinus,0.009,0.026,-1,Echolocation,/mnt/ubna_data_01_mir/recover-20220825/UBNA_002/20220823_033000.WAV,Telephone Field,recover-20220825,002,1795
46.7295,46.7682,68437,81749,Rhinolophus ferrumequinum,0.022,0.022,-1,Echolocation,/mnt/ubna_data_01_mir/recover-20220825/UBNA_002/20220823_033000.WAV,Telephone Field,recover-20220825,002,1795
46.7505,46.7939,68437,83429,Rhinolophus ferrumequinum,0.032,0.032,-1,Echolocation,/mnt/ubna_data_01_mir/recover-20220825/UBNA_002/20220823_033000.WAV,Telephone Field,recover-20220825,002,1795
46.7765,46.8137,68437,81867,Rhinolophus ferrumequinum,0.021,0.021,-1,Echolocation,/mnt/ubna_data_01_mir/recover-20220825/UBNA_002/20220823_033000.WAV,Telephone Field,recover-20220825,002,1795
46.7785,46.7906,22031,28373,Nyctalus leisleri,0.013,0.037,-1,Echolocation,/mnt/ubna_data_01_mir/recover-20220825/UBNA_002/20220823_033000.WAV,Telephone Field,recover-20220825,002,1795
46.7935,46.8317,68437,81284,Rhinolophus ferrumequinum,0.021,0.021,-1,Echolocation,/mnt/ubna_data_01_mir/recover-20220825/UBNA_002/20220823_033000.WAV,Telephone Field,recover-20220825,002,1795
46.8005,46.837900000000005,68437,82469,Rhinolophus ferrumequinum,0.022,0.022,-1,Echolocation,/mnt/ubna_data_01_mir/recover-20220825/UBNA_002/20220823_033000.WAV,Telephone Field,recover-20220825,002,1795
46.8035,46.8094,30625,46914,Myotis daubentonii,0.016,0.044,-1,Echolocation,/mnt/ubna_data_01_mir/recover-20220825/UBNA_002/20220823_033000.WAV,Telephone Field,recover-20220825,002,1795
46.8155,46.8256,24609,30611,Nyctalus leisleri,0.011,0.029,-1,Echolocation,/mnt/ubna_data_01_mir/recover-20220825/UBNA_002/20220823_033000.WAV,Telephone Field,recover-20220825,002,1795
46.8475,46.8879,68437,82552,Rhinolophus ferrumequinum,0.048,0.049,-1,Echolocation,/mnt/ubna_data_01_mir/recover-20220825/UBNA_002/20220823_033000.WAV,Telephone Field,recover-20220825,002,1795
46.8595,46.9009,68437,83485,Rhinolophus ferrumequinum,0.025,0.025,-1,Echolocation,/mnt/ubna_data_01_mir/recover-20220825/UBNA_002/20220823_033000.WAV,Telephone Field,recover-20220825,002,1795
46.8825,46.923100000000005,68437,83061,Rhinolophus ferrumequinum,0.025,0.025,-1,Echolocation,/mnt/ubna_data_01_mir/recover-20220825/UBNA_002/20220823_033000.WAV,Telephone Field,recover-20220825,002,1795
46.9225,46.931799999999996,40078,46593,Pipistrellus nathusii,0.01,0.026,-1,Echolocation,/mnt/ubna_data_01_mir/recover-20220825/UBNA_002/20220823_033000.WAV,Telephone Field,recover-20220825,002,1795
46.9405,46.9531,44375,47688,Pipistrellus pipistrellus,0.031,0.036,-1,Echolocation,/mnt/ubna_data_01_mir/recover-20220825/UBNA_002/20220823_033000.WAV,Telephone Field,recover-20220825,002,1795
46.947500000000005,46.9565,26328,34975,Eptesicus serotinus,0.011,0.027,-1,Echolocation,/mnt/ubna_data_01_mir/recover-20220825/UBNA_002/20220823_033000.WAV,Telephone Field,recover-20220825,002,1795
46.9595,46.997,68437,81815,Rhinolophus ferrumequinum,0.023,0.023,-1,Echolocation,/mnt/ubna_data_01_mir/recover-20220825/UBNA_002/20220823_033000.WAV,Telephone Field,recover-20220825,002,1795
46.9825,47.0191,68437,82196,Rhinolophus ferrumequinum,0.022,0.022,-1,Echolocation,/mnt/ubna_data_01_mir/recover-20220825/UBNA_002/20220823_033000.WAV,Telephone Field,recover-20220825,002,1795
47.0245,47.058,68437,80495,Rhinolophus ferrumequinum,0.021,0.022,-1,Echolocation,/mnt/ubna_data_01_mir/recover-20220825/UBNA_002/20220823_033000.WAV,Telephone Field,recover-20220825,002,1795
47.0355,47.042,27187,42870,Eptesicus serotinus,0.006,0.024,-1,Echolocation,/mnt/ubna_data_01_mir/recover-20220825/UBNA_002/20220823_033000.WAV,Telephone Field,recover-20220825,002,1795
47.039500000000004,47.0773,68437,82702,Rhinolophus ferrumequinum,0.03,0.03,-1,Echolocation,/mnt/ubna_data_01_mir/recover-20220825/UBNA_002/20220823_033000.WAV,Telephone Field,recover-20220825,002,1795
47.051500000000004,47.0927,68437,82956,Rhinolophus ferrumequinum,0.033,0.033,-1,Echolocation,/mnt/ubna_data_01_mir/recover-20220825/UBNA_002/20220823_033000.WAV,Telephone Field,recover-20220825,002,1795
47.0865,47.1241,68437,82317,Rhinolophus ferrumequinum,0.03,0.03,-1,Echolocation,/mnt/ubna_data_01_mir/recover-20220825/UBNA_002/20220823_033000.WAV,Telephone Field,recover-20220825,002,1795
47.0975,47.1078,26328,33283,Eptesicus serotinus,0.01,0.022,-1,Echolocation,/mnt/ubna_data_01_mir/recover-20220825/UBNA_002/20220823_033000.WAV,Telephone Field,recover-20220825,002,1795
47.1025,47.1128,28046,35056,Eptesicus serotinus,0.01,0.022,-1,Echolocation,/mnt/ubna_data_01_mir/recover-20220825/UBNA_002/20220823_033000.WAV,Telephone Field,recover-20220825,002,1795
47.1355,47.143299999999996,28046,42660,Eptesicus serotinus,0.008,0.023,-1,Echolocation,/mnt/ubna_data_01_mir/recover-20220825/UBNA_002/20220823_033000.WAV,Telephone Field,recover-20220825,002,1795
47.1465,47.1548,28046,38363,Eptesicus serotinus,0.008,0.023,-1,Echolocation,/mnt/ubna_data_01_mir/recover-20220825/UBNA_002/20220823_033000.WAV,Telephone Field,recover-20220825,002,1795
47.164500000000004,47.172,28046,40751,Eptesicus serotinus,0.01,0.026,-1,Echolocation,/mnt/ubna_data_01_mir/recover-20220825/UBNA_002/20220823_033000.WAV,Telephone Field,recover-20220825,002,1795
47.173500000000004,47.2136,68437,82321,Rhinolophus ferrumequinum,0.021,0.021,-1,Echolocation,/mnt/ubna_data_01_mir/recover-20220825/UBNA_002/20220823_033000.WAV,Telephone Field,recover-20220825,002,1795
47.2035,47.211,31484,43163,Myotis daubentonii,0.008,0.023,-1,Echolocation,/mnt/ubna_data_01_mir/recover-20220825/UBNA_002/20220823_033000.WAV,Telephone Field,recover-20220825,002,1795
47.2035,47.2406,68437,81453,Rhinolophus ferrumequinum,0.021,0.021,-1,Echolocation,/mnt/ubna_data_01_mir/recover-20220825/UBNA_002/20220823_033000.WAV,Telephone Field,recover-20220825,002,1795
47.2295,47.269400000000005,68437,82888,Rhinolophus ferrumequinum,0.026,0.026,-1,Echolocation,/mnt/ubna_data_01_mir/recover-20220825/UBNA_002/20220823_033000.WAV,Telephone Field,recover-20220825,002,1795
47.2535,47.272800000000004,19453,22505,Nyctalus noctula,0.011,0.022,-1,Echolocation,/mnt/ubna_data_01_mir/recover-20220825/UBNA_002/20220823_033000.WAV,Telephone Field,recover-20220825,002,1795
47.2575,47.2992,68437,83164,Rhinolophus ferrumequinum,0.023,0.023,-1,Echolocation,/mnt/ubna_data_01_mir/recover-20220825/UBNA_002/20220823_033000.WAV,Telephone Field,recover-20220825,002,1795
47.2765,47.3168,68437,82638,Rhinolophus ferrumequinum,0.023,0.023,-1,Echolocation,/mnt/ubna_data_01_mir/recover-20220825/UBNA_002/20220823_033000.WAV,Telephone Field,recover-20220825,002,1795
47.283500000000004,47.2915,28046,40178,Eptesicus serotinus,0.008,0.022,-1,Echolocation,/mnt/ubna_data_01_mir/recover-20220825/UBNA_002/20220823_033000.WAV,Telephone Field,recover-20220825,002,1795
47.2975,47.3374,68437,82976,Rhinolophus ferrumequinum,0.022,0.022,-1,Echolocation,/mnt/ubna_data_01_mir/recover-20220825/UBNA_002/20220823_033000.WAV,Telephone Field,recover-20220825,002,1795
47.3365,47.378299999999996,68437,83119,Rhinolophus ferrumequinum,0.037,0.037,-1,Echolocation,/mnt/ubna_data_01_mir/recover-20220825/UBNA_002/20220823_033000.WAV,Telephone Field,recover-20220825,002,1795
47.3635,47.4026,68437,82619,Rhinolophus ferrumequinum,0.024,0.024,-1,Echolocation,/mnt/ubna_data_01_mir/recover-20220825/UBNA_002/20220823_033000.WAV,Telephone Field,recover-20220825,002,1795
47.3945,47.4371,68437,83542,Rhinolophus ferrumequinum,0.028,0.028,-1,Echolocation,/mnt/ubna_data_01_mir/recover-20220825/UBNA_002/20220823_033000.WAV,Telephone Field,recover-20220825,002,1795
47.4155,47.4221,33203,43040,Myotis daubentonii,0.01,0.022,-1,Echolocation,/mnt/ubna_data_01_mir/recover-20220825/UBNA_002/20220823_033000.WAV,Telephone Field,recover-20220825,002,1795
47.417500000000004,47.425200000000004,28046,39906,Eptesicus serotinus,0.007,0.023,-1,Echolocation,/mnt/ubna_data_01_mir/recover-20220825/UBNA_002/20220823_033000.WAV,Telephone Field,recover-20220825,002,1795
47.457499999999996,47.4649,28046,36166,Eptesicus serotinus,0.008,0.024,-1,Echolocation,/mnt/ubna_data_01_mir/recover-20220825/UBNA_002/20220823_033000.WAV,Telephone Field,recover-20220825,002,1795
47.4925,47.5287,68437,81939,Rhinolophus ferrumequinum,0.023,0.023,-1,Echolocation,/mnt/ubna_data_01_mir/recover-20220825/UBNA_002/20220823_033000.WAV,Telephone Field,recover-20220825,002,1795
47.5025,47.513000000000005,23750,29452,Nyctalus leisleri,0.009,0.023,-1,Echolocation,/mnt/ubna_data_01_mir/recover-20220825/UBNA_002/20220823_033000.WAV,Telephone Field,recover-20220825,002,1795
47.5375,47.577799999999996,68437,82595,Rhinolophus ferrumequinum,0.023,0.023,-1,Echolocation,/mnt/ubna_data_01_mir/recover-20220825/UBNA_002/20220823_033000.WAV,Telephone Field,recover-20220825,002,1795
47.552499999999995,47.5601,28046,38148,Eptesicus serotinus,0.008,0.022,-1,Echolocation,/mnt/ubna_data_01_mir/recover-20220825/UBNA_002/20220823_033000.WAV,Telephone Field,recover-20220825,002,1795
47.557500000000005,47.5931,68437,81897,Rhinolophus ferrumequinum,0.022,0.022,-1,Echolocation,/mnt/ubna_data_01_mir/recover-20220825/UBNA_002/20220823_033000.WAV,Telephone Field,recover-20220825,002,1795
47.5865,47.626400000000004,68437,82225,Rhinolophus ferrumequinum,0.022,0.022,-1,Echolocation,/mnt/ubna_data_01_mir/recover-20220825/UBNA_002/20220823_033000.WAV,Telephone Field,recover-20220825,002,1795
47.6115,47.6545,68437,83300,Rhinolophus ferrumequinum,0.027,0.027,-1,Echolocation,/mnt/ubna_data_01_mir/recover-20220825/UBNA_002/20220823_033000.WAV,Telephone Field,recover-20220825,002,1795
47.6145,47.6251,23750,30227,Nyctalus leisleri,0.009,0.024,-1,Echolocation,/mnt/ubna_data_01_mir/recover-20220825/UBNA_002/20220823_033000.WAV,Telephone Field,recover-20220825,002,1795
47.6355,47.6725,68437,81015,Rhinolophus ferrumequinum,0.021,0.022,-1,Echolocation,/mnt/ubna_data_01_mir/recover-20220825/UBNA_002/20220823_033000.WAV,Telephone Field,recover-20220825,002,1795
47.664500000000004,47.7041,68437,82705,Rhinolophus ferrumequinum,0.023,0.023,-1,Echolocation,/mnt/ubna_data_01_mir/recover-20220825/UBNA_002/20220823_033000.WAV,Telephone Field,recover-20220825,002,1795
47.6785,47.716899999999995,68437,81389,Rhinolophus ferrumequinum,0.021,0.021,-1,Echolocation,/mnt/ubna_data_01_mir/recover-20220825/UBNA_002/20220823_033000.WAV,Telephone Field,recover-20220825,002,1795
47.686499999999995,47.726600000000005,68437,82542,Rhinolophus ferrumequinum,0.026,0.026,-1,Echolocation,/mnt/ubna_data_01_mir/recover-20220825/UBNA_002/20220823_033000.WAV,Telephone Field,recover-20220825,002,1795
47.697500000000005,47.708,22890,28031,Nyctalus leisleri,0.011,0.023,-1,Echolocation,/mnt/ubna_data_01_mir/recover-20220825/UBNA_002/20220823_033000.WAV,Telephone Field,recover-20220825,002,1795
47.7155,47.7267,23750,29784,Nyctalus leisleri,0.01,0.025,-1,Echolocation,/mnt/ubna_data_01_mir/recover-20220825/UBNA_002/20220823_033000.WAV,Telephone Field,recover-20220825,002,1795
47.7195,47.7568,68437,81828,Rhinolophus ferrumequinum,0.022,0.022,-1,Echolocation,/mnt/ubna_data_01_mir/recover-20220825/UBNA_002/20220823_033000.WAV,Telephone Field,recover-20220825,002,1795
47.7265,47.7368,22031,27449,Nyctalus leisleri,0.008,0.021,-1,Echolocation,/mnt/ubna_data_01_mir/recover-20220825/UBNA_002/20220823_033000.WAV,Telephone Field,recover-20220825,002,1795
47.7285,47.7633,68437,81848,Rhinolophus ferrumequinum,0.022,0.022,-1,Echolocation,/mnt/ubna_data_01_mir/recover-20220825/UBNA_002/20220823_033000.WAV,Telephone Field,recover-20220825,002,1795
47.7395,47.7752,68437,81917,Rhinolophus ferrumequinum,0.021,0.021,-1,Echolocation,/mnt/ubna_data_01_mir/recover-20220825/UBNA_002/20220823_033000.WAV,Telephone Field,recover-20220825,002,1795
47.7605,47.7997,68437,82268,Rhinolophus ferrumequinum,0.028,0.028,-1,Echolocation,/mnt/ubna_data_01_mir/recover-20220825/UBNA_002/20220823_033000.WAV,Telephone Field,recover-20220825,002,1795
47.795500000000004,47.805800000000005,22031,26944,Nyctalus leisleri,0.01,0.023,-1,Echolocation,/mnt/ubna_data_01_mir/recover-20220825/UBNA_002/20220823_033000.WAV,Telephone Field,recover-20220825,002,1795
47.7965,47.8364,68437,82245,Rhinolophus ferrumequinum,0.022,0.022,-1,Echolocation,/mnt/ubna_data_01_mir/recover-20220825/UBNA_002/20220823_033000.WAV,Telephone Field,recover-20220825,002,1795
47.808499999999995,47.815200000000004,25468,35274,Plecotus austriacus,0.007,0.026,-1,Echolocation,/mnt/ubna_data_01_mir/recover-20220825/UBNA_002/20220823_033000.WAV,Telephone Field,recover-20220825,002,1795
47.8555,47.8656,38359,43455,Pipistrellus nathusii,0.04,0.051,-1,Echolocation,/mnt/ubna_data_01_mir/recover-20220825/UBNA_002/20220823_033000.WAV,Telephone Field,recover-20220825,002,1795
47.8755,47.8831,28046,38721,Eptesicus serotinus,0.029,0.057,-1,Echolocation,/mnt/ubna_data_01_mir/recover-20220825/UBNA_002/20220823_033000.WAV,Telephone Field,recover-20220825,002,1795
47.8885,47.926,68437,81195,Rhinolophus ferrumequinum,0.023,0.023,-1,Echolocation,/mnt/ubna_data_01_mir/recover-20220825/UBNA_002/20220823_033000.WAV,Telephone Field,recover-20220825,002,1795
47.8955,47.9347,68437,82223,Rhinolophus ferrumequinum,0.022,0.023,-1,Echolocation,/mnt/ubna_data_01_mir/recover-20220825/UBNA_002/20220823_033000.WAV,Telephone Field,recover-20220825,002,1795
47.8985,47.9092,28906,36278,Eptesicus serotinus,0.014,0.027,-1,Echolocation,/mnt/ubna_data_01_mir/recover-20220825/UBNA_002/20220823_033000.WAV,Telephone Field,recover-20220825,002,1795
47.9315,47.970600000000005,68437,82170,Rhinolophus ferrumequinum,0.022,0.022,-1,Echolocation,/mnt/ubna_data_01_mir/recover-20220825/UBNA_002/20220823_033000.WAV,Telephone Field,recover-20220825,002,1795
48.0015,48.033699999999996,68437,80003,Rhinolophus ferrumequinum,0.03,0.03,-1,Echolocation,/mnt/ubna_data_01_mir/recover-20220825/UBNA_002/20220823_033000.WAV,Telephone Field,recover-20220825,002,1795
48.0015,48.0112,22890,32864,Nyctalus leisleri,0.009,0.028,-1,Echolocation,/mnt/ubna_data_01_mir/recover-20220825/UBNA_002/20220823_033000.WAV,Telephone Field,recover-20220825,002,1795
48.0015,48.0116,48671,55372,Pipistrellus pipistrellus,0.018,0.025,-1,Echolocation,/mnt/ubna_data_01_mir/recover-20220825/UBNA_002/20220823_033000.WAV,Telephone Field,recover-20220825,002,1795
48.0265,48.033699999999996,26328,35175,Eptesicus serotinus,0.006,0.021,-1,Echolocation,/mnt/ubna_data_01_mir/recover-20220825/UBNA_002/20220823_033000.WAV,Telephone Field,recover-20220825,002,1795
48.072500000000005,48.0827,22890,27763,Nyctalus leisleri,0.01,0.021,-1,Echolocation,/mnt/ubna_data_01_mir/recover-20220825/UBNA_002/20220823_033000.WAV,Telephone Field,recover-20220825,002,1795
48.079499999999996,48.0897,22031,25914,Nyctalus leisleri,0.011,0.021,-1,Echolocation,/mnt/ubna_data_01_mir/recover-20220825/UBNA_002/20220823_033000.WAV,Telephone Field,recover-20220825,002,1795
48.0955,48.1356,68437,82288,Rhinolophus ferrumequinum,0.02,0.02,-1,Echolocation,/mnt/ubna_data_01_mir/recover-20220825/UBNA_002/20220823_033000.WAV,Telephone Field,recover-20220825,002,1795
48.1125,48.1509,68437,81765,Rhinolophus ferrumequinum,0.021,0.021,-1,Echolocation,/mnt/ubna_data_01_mir/recover-20220825/UBNA_002/20220823_033000.WAV,Telephone Field,recover-20220825,002,1795
48.1275,48.1682,68437,82657,Rhinolophus ferrumequinum,0.025,0.025,-1,Echolocation,/mnt/ubna_data_01_mir/recover-20220825/UBNA_002/20220823_033000.WAV,Telephone Field,recover-20220825,002,1795
48.1525,48.1952,68437,82547,Rhinolophus ferrumequinum,0.032,0.032,-1,Echolocation,/mnt/ubna_data_01_mir/recover-20220825/UBNA_002/20220823_033000.WAV,Telephone Field,recover-20220825,002,1795
48.167500000000004,48.2034,68437,81562,Rhinolophus ferrumequinum,0.02,0.02,-1,Echolocation,/mnt/ubna_data_01_mir/recover-20220825/UBNA_002/20220823_033000.WAV,Telephone Field,recover-20220825,002,1795
48.2235,48.2675,68437,82636,Rhinolophus ferrumequinum,0.025,0.025,-1,Echolocation,/mnt/ubna_data_01_mir/recover-20220825/UBNA_002/20220823_033000.WAV,Telephone Field,recover-20220825,002,1795
48.2375,48.2453,28046,39846,Eptesicus serotinus,0.006,0.023,-1,Echolocation,/mnt/ubna_data_01_mir/recover-20220825/UBNA_002/20220823_033000.WAV,Telephone Field,recover-20220825,002,1795
48.2785,48.314800000000005,68437,80988,Rhinolophus ferrumequinum,0.02,0.02,-1,Echolocation,/mnt/ubna_data_01_mir/recover-20220825/UBNA_002/20220823_033000.WAV,Telephone Field,recover-20220825,002,1795
48.3065,48.3477,68437,82274,Rhinolophus ferrumequinum,0.022,0.022,-1,Echolocation,/mnt/ubna_data_01_mir/recover-20220825/UBNA_002/20220823_033000.WAV,Telephone Field,recover-20220825,002,1795
48.3125,48.3197,25468,38138,Plecotus austriacus,0.009,0.029,-1,Echolocation,/mnt/ubna_data_01_mir/recover-20220825/UBNA_002/20220823_033000.WAV,Telephone Field,recover-20220825,002,1795
48.323499999999996,48.3345,25468,32109,Eptesicus serotinus,0.009,0.024,-1,Echolocation,/mnt/ubna_data_01_mir/recover-20220825/UBNA_002/20220823_033000.WAV,Telephone Field,recover-20220825,002,1795
48.4075,48.449600000000004,68437,83393,Rhinolophus ferrumequinum,0.037,0.037,-1,Echolocation,/mnt/ubna_data_01_mir/recover-20220825/UBNA_002/20220823_033000.WAV,Telephone Field,recover-20220825,002,1795
48.430499999999995,48.474199999999996,68437,82760,Rhinolophus ferrumequinum,0.023,0.023,-1,Echolocation,/mnt/ubna_data_01_mir/recover-20220825/UBNA_002/20220823_033000.WAV,Telephone Field,recover-20220825,002,1795
48.4785,48.4858,28046,38152,Eptesicus serotinus,0.006,0.021,-1,Echolocation,/mnt/ubna_data_01_mir/recover-20220825/UBNA_002/20220823_033000.WAV,Telephone Field,recover-20220825,002,1795
48.6575,48.667100000000005,25468,32085,Eptesicus serotinus,0.008,0.021,-1,Echolocation,/mnt/ubna_data_01_mir/recover-20220825/UBNA_002/20220823_033000.WAV,Telephone Field,recover-20220825,002,1795
48.6595,48.6988,68437,82065,Rhinolophus ferrumequinum,0.028,0.028,-1,Echolocation,/mnt/ubna_data_01_mir/recover-20220825/UBNA_002/20220823_033000.WAV,Telephone Field,recover-20220825,002,1795
48.691500000000005,48.730599999999995,68437,82211,Rhinolophus ferrumequinum,0.021,0.021,-1,Echolocation,/mnt/ubna_data_01_mir/recover-20220825/UBNA_002/20220823_033000.WAV,Telephone Field,recover-20220825,002,1795
48.716499999999996,48.754999999999995,68437,82614,Rhinolophus ferrumequinum,0.023,0.023,-1,Echolocation,/mnt/ubna_data_01_mir/recover-20220825/UBNA_002/20220823_033000.WAV,Telephone Field,recover-20220825,002,1795
48.7465,48.788,68437,82837,Rhinolophus ferrumequinum,0.021,0.021,-1,Echolocation,/mnt/ubna_data_01_mir/recover-20220825/UBNA_002/20220823_033000.WAV,Telephone Field,recover-20220825,002,1795
48.7965,48.8356,68437,81640,Rhinolophus ferrumequinum,0.02,0.02,-1,Echolocation,/mnt/ubna_data_01_mir/recover-20220825/UBNA_002/20220823_033000.WAV,Telephone Field,recover-20220825,002,1795
48.817499999999995,48.860600000000005,68437,82763,Rhinolophus ferrumequinum,0.024,0.024,-1,Echolocation,/mnt/ubna_data_01_mir/recover-20220825/UBNA_002/20220823_033000.WAV,Telephone Field,recover-20220825,002,1795
48.8395,48.8797,68437,82333,Rhinolophus ferrumequinum,0.021,0.021,-1,Echolocation,/mnt/ubna_data_01_mir/recover-20220825/UBNA_002/20220823_033000.WAV,Telephone Field,recover-20220825,002,1795
48.8695,48.9099,68437,81870,Rhinolophus ferrumequinum,0.02,0.02,-1,Echolocation,/mnt/ubna_data_01_mir/recover-20220825/UBNA_002/20220823_033000.WAV,Telephone Field,recover-20220825,002,1795
48.8785,48.8868,23750,30980,Plecotus austriacus,0.007,0.021,-1,Echolocation,/mnt/ubna_data_01_mir/recover-20220825/UBNA_002/20220823_033000.WAV,Telephone Field,recover-20220825,002,1795
48.8885,48.8986,22890,29020,Nyctalus leisleri,0.009,0.023,-1,Echolocation,/mnt/ubna_data_01_mir/recover-20220825/UBNA_002/20220823_033000.WAV,Telephone Field,recover-20220825,002,1795
48.9075,48.9435,68437,81534,Rhinolophus ferrumequinum,0.023,0.023,-1,Echolocation,/mnt/ubna_data_01_mir/recover-20220825/UBNA_002/20220823_033000.WAV,Telephone Field,recover-20220825,002,1795
48.9185,48.957899999999995,68437,81941,Rhinolophus ferrumequinum,0.02,0.02,-1,Echolocation,/mnt/ubna_data_01_mir/recover-20220825/UBNA_002/20220823_033000.WAV,Telephone Field,recover-20220825,002,1795
48.9225,48.9316,25468,33683,Eptesicus serotinus,0.007,0.021,-1,Echolocation,/mnt/ubna_data_01_mir/recover-20220825/UBNA_002/20220823_033000.WAV,Telephone Field,recover-20220825,002,1795
48.950500000000005,48.959199999999996,28046,37694,Eptesicus serotinus,0.011,0.03,-1,Echolocation,/mnt/ubna_data_01_mir/recover-20220825/UBNA_002/20220823_033000.WAV,Telephone Field,recover-20220825,002,1795
48.9735,48.9805,24609,33202,Plecotus austriacus,0.007,0.02,-1,Echolocation,/mnt/ubna_data_01_mir/recover-20220825/UBNA_002/20220823_033000.WAV,Telephone Field,recover-20220825,002,1795
48.9945,49.0043,24609,31247,Nyctalus leisleri,0.007,0.021,-1,Echolocation,/mnt/ubna_data_01_mir/recover-20220825/UBNA_002/20220823_033000.WAV,Telephone Field,recover-20220825,002,1795
49.0015,49.0137,46953,51004,Pipistrellus pipistrellus,0.023,0.026,-1,Echolocation,/mnt/ubna_data_01_mir/recover-20220825/UBNA_002/20220823_033000.WAV,Telephone Field,recover-20220825,002,1795
49.0435,49.0813,68437,81428,Rhinolophus ferrumequinum,0.02,0.02,-1,Echolocation,/mnt/ubna_data_01_mir/recover-20220825/UBNA_002/20220823_033000.WAV,Telephone Field,recover-20220825,002,1795
49.045500000000004,49.0563,44375,47475,Pipistrellus pipistrellus,0.023,0.025,-1,Echolocation,/mnt/ubna_data_01_mir/recover-20220825/UBNA_002/20220823_033000.WAV,Telephone Field,recover-20220825,002,1795
49.0975,49.1348,68437,81946,Rhinolophus ferrumequinum,0.021,0.021,-1,Echolocation,/mnt/ubna_data_01_mir/recover-20220825/UBNA_002/20220823_033000.WAV,Telephone Field,recover-20220825,002,1795
49.1145,49.151399999999995,68437,81812,Rhinolophus ferrumequinum,0.021,0.021,-1,Echolocation,/mnt/ubna_data_01_mir/recover-20220825/UBNA_002/20220823_033000.WAV,Telephone Field,recover-20220825,002,1795
49.1255,49.135999999999996,53828,58157,Pipistrellus pygmaeus,0.02,0.024,-1,Echolocation,/mnt/ubna_data_01_mir/recover-20220825/UBNA_002/20220823_033000.WAV,Telephone Field,recover-20220825,002,1795
49.1265,49.1385,23750,29276,Nyctalus leisleri,0.011,0.024,-1,Echolocation,/mnt/ubna_data_01_mir/recover-20220825/UBNA_002/20220823_033000.WAV,Telephone Field,recover-20220825,002,1795
49.1565,49.2004,68437,83305,Rhinolophus ferrumequinum,0.027,0.027,-1,Echolocation,/mnt/ubna_data_01_mir/recover-20220825/UBNA_002/20220823_033000.WAV,Telephone Field,recover-20220825,002,1795
49.1635,49.1786,21171,24209,Nyctalus leisleri,0.015,0.024,-1,Echolocation,/mnt/ubna_data_01_mir/recover-20220825/UBNA_002/20220823_033000.WAV,Telephone Field,recover-20220825,002,1795
49.188500000000005,49.233000000000004,68437,82593,Rhinolophus ferrumequinum,0.022,0.022,-1,Echolocation,/mnt/ubna_data_01_mir/recover-20220825/UBNA_002/20220823_033000.WAV,Telephone Field,recover-20220825,002,1795
49.192499999999995,49.2057,14296,20320,Nyctalus noctula,0.02,0.031,-1,Echolocation,/mnt/ubna_data_01_mir/recover-20220825/UBNA_002/20220823_033000.WAV,Telephone Field,recover-20220825,002,1795
49.2495,49.2565,23750,32579,Plecotus austriacus,0.013,0.026,-1,Echolocation,/mnt/ubna_data_01_mir/recover-20220825/UBNA_002/20220823_033000.WAV,Telephone Field,recover-20220825,002,1795
49.2655,49.307500000000005,68437,83344,Rhinolophus ferrumequinum,0.028,0.028,-1,Echolocation,/mnt/ubna_data_01_mir/recover-20220825/UBNA_002/20220823_033000.WAV,Telephone Field,recover-20220825,002,1795
49.298500000000004,49.3073,28046,40721,Eptesicus serotinus,0.007,0.02,-1,Echolocation,/mnt/ubna_data_01_mir/recover-20220825/UBNA_002/20220823_033000.WAV,Telephone Field,recover-20220825,002,1795
49.3275,49.367999999999995,68437,82802,Rhinolophus ferrumequinum,0.021,0.021,-1,Echolocation,/mnt/ubna_data_01_mir/recover-20220825/UBNA_002/20220823_033000.WAV,Telephone Field,recover-20220825,002,1795
49.3535,49.3935,68437,82178,Rhinolophus ferrumequinum,0.025,0.025,-1,Echolocation,/mnt/ubna_data_01_mir/recover-20220825/UBNA_002/20220823_033000.WAV,Telephone Field,recover-20220825,002,1795
49.3635,49.4011,68437,81761,Rhinolophus ferrumequinum,0.021,0.021,-1,Echolocation,/mnt/ubna_data_01_mir/recover-20220825/UBNA_002/20220823_033000.WAV,Telephone Field,recover-20220825,002,1795
49.3925,49.4336,68437,82367,Rhinolophus ferrumequinum,0.03,0.03,-1,Echolocation,/mnt/ubna_data_01_mir/recover-20220825/UBNA_002/20220823_033000.WAV,Telephone Field,recover-20220825,002,1795
49.4135,49.4227,28906,38079,Eptesicus serotinus,0.008,0.021,-1,Echolocation,/mnt/ubna_data_01_mir/recover-20220825/UBNA_002/20220823_033000.WAV,Telephone Field,recover-20220825,002,1795
49.445499999999996,49.4838,68437,82104,Rhinolophus ferrumequinum,0.02,0.02,-1,Echolocation,/mnt/ubna_data_01_mir/recover-20220825/UBNA_002/20220823_033000.WAV,Telephone Field,recover-20220825,002,1795
49.4625,49.5012,68437,82083,Rhinolophus ferrumequinum,0.022,0.022,-1,Echolocation,/mnt/ubna_data_01_mir/recover-20220825/UBNA_002/20220823_033000.WAV,Telephone Field,recover-20220825,002,1795
49.4975,49.537800000000004,68437,82099,Rhinolophus ferrumequinum,0.022,0.022,-1,Echolocation,/mnt/ubna_data_01_mir/recover-20220825/UBNA_002/20220823_033000.WAV,Telephone Field,recover-20220825,002,1795
49.5015,49.5156,24609,29500,Nyctalus leisleri,0.023,0.05,-1,Echolocation,/mnt/ubna_data_01_mir/recover-20220825/UBNA_002/20220823_033000.WAV,Telephone Field,recover-20220825,002,1795
49.5165,49.556200000000004,68437,82584,Rhinolophus ferrumequinum,0.021,0.021,-1,Echolocation,/mnt/ubna_data_01_mir/recover-20220825/UBNA_002/20220823_033000.WAV,Telephone Field,recover-20220825,002,1795
49.5655,49.603300000000004,68437,81877,Rhinolophus ferrumequinum,0.021,0.021,-1,Echolocation,/mnt/ubna_data_01_mir/recover-20220825/UBNA_002/20220823_033000.WAV,Telephone Field,recover-20220825,002,1795
49.6305,49.6387,28046,38060,Eptesicus serotinus,0.009,0.023,-1,Echolocation,/mnt/ubna_data_01_mir/recover-20220825/UBNA_002/20220823_033000.WAV,Telephone Field,recover-20220825,002,1795
49.6465,49.6837,68437,81782,Rhinolophus ferrumequinum,0.021,0.021,-1,Echolocation,/mnt/ubna_data_01_mir/recover-20220825/UBNA_002/20220823_033000.WAV,Telephone Field,recover-20220825,002,1795
49.6755,49.696200000000005,20312,22844,Nyctalus leisleri,0.017,0.03,-1,Echolocation,/mnt/ubna_data_01_mir/recover-20220825/UBNA_002/20220823_033000.WAV,Telephone Field,recover-20220825,002,1795
49.6845,49.7036,19453,22735,Nyctalus noctula,0.029,0.056,-1,Echolocation,/mnt/ubna_data_01_mir/recover-20220825/UBNA_002/20220823_033000.WAV,Telephone Field,recover-20220825,002,1795
49.6875,49.7287,68437,82931,Rhinolophus ferrumequinum,0.024,0.024,-1,Echolocation,/mnt/ubna_data_01_mir/recover-20220825/UBNA_002/20220823_033000.WAV,Telephone Field,recover-20220825,002,1795
49.716499999999996,49.724199999999996,23750,32451,Plecotus austriacus,0.009,0.023,-1,Echolocation,/mnt/ubna_data_01_mir/recover-20220825/UBNA_002/20220823_033000.WAV,Telephone Field,recover-20220825,002,1795
49.7485,49.7556,30625,43779,Myotis daubentonii,0.015,0.038,-1,Echolocation,/mnt/ubna_data_01_mir/recover-20220825/UBNA_002/20220823_033000.WAV,Telephone Field,recover-20220825,002,1795
49.7585,49.797799999999995,68437,81917,Rhinolophus ferrumequinum,0.022,0.022,-1,Echolocation,/mnt/ubna_data_01_mir/recover-20220825/UBNA_002/20220823_033000.WAV,Telephone Field,recover-20220825,002,1795
49.7805,49.818799999999996,68437,82457,Rhinolophus ferrumequinum,0.023,0.023,-1,Echolocation,/mnt/ubna_data_01_mir/recover-20220825/UBNA_002/20220823_033000.WAV,Telephone Field,recover-20220825,002,1795
49.8155,49.8559,68437,82099,Rhinolophus ferrumequinum,0.021,0.021,-1,Echolocation,/mnt/ubna_data_01_mir/recover-20220825/UBNA_002/20220823_033000.WAV,Telephone Field,recover-20220825,002,1795
49.8365,49.8447,28046,40021,Eptesicus serotinus,0.008,0.021,-1,Echolocation,/mnt/ubna_data_01_mir/recover-20220825/UBNA_002/20220823_033000.WAV,Telephone Field,recover-20220825,002,1795
49.8515,49.8655,24609,29979,Nyctalus leisleri,0.015,0.033,-1,Echolocation,/mnt/ubna_data_01_mir/recover-20220825/UBNA_002/20220823_033000.WAV,Telephone Field,recover-20220825,002,1795
49.8675,49.9003,68437,80691,Rhinolophus ferrumequinum,0.021,0.022,-1,Echolocation,/mnt/ubna_data_01_mir/recover-20220825/UBNA_002/20220823_033000.WAV,Telephone Field,recover-20220825,002,1795
49.8945,49.936,68437,82678,Rhinolophus ferrumequinum,0.02,0.02,-1,Echolocation,/mnt/ubna_data_01_mir/recover-20220825/UBNA_002/20220823_033000.WAV,Telephone Field,recover-20220825,002,1795
49.908500000000004,49.9481,68437,82471,Rhinolophus ferrumequinum,0.023,0.023,-1,Echolocation,/mnt/ubna_data_01_mir/recover-20220825/UBNA_002/20220823_033000.WAV,Telephone Field,recover-20220825,002,1795
49.9825,49.9921,28046,38778,Eptesicus serotinus,0.009,0.022,-1,Echolocation,/mnt/ubna_data_01_mir/recover-20220825/UBNA_002/20220823_033000.WAV,Telephone Field,recover-20220825,002,1795
50.0015,50.033500000000004,68437,80213,Rhinolophus ferrumequinum,0.031,0.031,-1,Echolocation,/mnt/ubna_data_01_mir/recover-20220825/UBNA_002/20220823_033000.WAV,Telephone Field,recover-20220825,002,1795
50.0015,50.0098,25468,34987,Nyctalus leisleri,0.009,0.035,-1,Echolocation,/mnt/ubna_data_01_mir/recover-20220825/UBNA_002/20220823_033000.WAV,Telephone Field,recover-20220825,002,1795
50.0015,50.0116,46093,51988,Pipistrellus pipistrellus,0.018,0.025,-1,Echolocation,/mnt/ubna_data_01_mir/recover-20220825/UBNA_002/20220823_033000.WAV,Telephone Field,recover-20220825,002,1795
50.0155,50.0578,68437,82496,Rhinolophus ferrumequinum,0.023,0.023,-1,Echolocation,/mnt/ubna_data_01_mir/recover-20220825/UBNA_002/20220823_033000.WAV,Telephone Field,recover-20220825,002,1795
50.0215,50.0323,27187,35373,Eptesicus serotinus,0.015,0.03,-1,Echolocation,/mnt/ubna_data_01_mir/recover-20220825/UBNA_002/20220823_033000.WAV,Telephone Field,recover-20220825,002,1795
50.0875,50.096599999999995,26328,35176,Eptesicus serotinus,0.011,0.027,-1,Echolocation,/mnt/ubna_data_01_mir/recover-20220825/UBNA_002/20220823_033000.WAV,Telephone Field,recover-20220825,002,1795
50.1105,50.149699999999996,68437,82134,Rhinolophus ferrumequinum,0.024,0.024,-1,Echolocation,/mnt/ubna_data_01_mir/recover-20220825/UBNA_002/20220823_033000.WAV,Telephone Field,recover-20220825,002,1795
50.1135,50.1232,28046,38392,Eptesicus serotinus,0.009,0.024,-1,Echolocation,/mnt/ubna_data_01_mir/recover-20220825/UBNA_002/20220823_033000.WAV,Telephone Field,recover-20220825,002,1795
50.1525,50.1926,68437,82906,Rhinolophus ferrumequinum,0.024,0.024,-1,Echolocation,/mnt/ubna_data_01_mir/recover-20220825/UBNA_002/20220823_033000.WAV,Telephone Field,recover-20220825,002,1795
50.1995,50.2397,68437,83233,Rhinolophus ferrumequinum,0.031,0.031,-1,Echolocation,/mnt/ubna_data_01_mir/recover-20220825/UBNA_002/20220823_033000.WAV,Telephone Field,recover-20220825,002,1795
50.2785,50.3151,68437,82295,Rhinolophus ferrumequinum,0.024,0.024,-1,Echolocation,/mnt/ubna_data_01_mir/recover-20220825/UBNA_002/20220823_033000.WAV,Telephone Field,recover-20220825,002,1795
50.3925,50.403400000000005,27187,34911,Eptesicus serotinus,0.013,0.025,-1,Echolocation,/mnt/ubna_data_01_mir/recover-20220825/UBNA_002/20220823_033000.WAV,Telephone Field,recover-20220825,002,1795
50.4005,50.4413,68437,82798,Rhinolophus ferrumequinum,0.024,0.024,-1,Echolocation,/mnt/ubna_data_01_mir/recover-20220825/UBNA_002/20220823_033000.WAV,Telephone Field,recover-20220825,002,1795
50.4095,50.4226,22890,28430,Nyctalus leisleri,0.014,0.029,-1,Echolocation,/mnt/ubna_data_01_mir/recover-20220825/UBNA_002/20220823_033000.WAV,Telephone Field,recover-20220825,002,1795
50.4165,50.427099999999996,22890,28664,Nyctalus leisleri,0.012,0.027,-1,Echolocation,/mnt/ubna_data_01_mir/recover-20220825/UBNA_002/20220823_033000.WAV,Telephone Field,recover-20220825,002,1795
50.4735,50.5175,68437,83552,Rhinolophus ferrumequinum,0.048,0.048,-1,Echolocation,/mnt/ubna_data_01_mir/recover-20220825/UBNA_002/20220823_033000.WAV,Telephone Field,recover-20220825,002,1795
50.4905,50.498999999999995,46953,53185,Pipistrellus pipistrellus,0.02,0.022,-1,Echolocation,/mnt/ubna_data_01_mir/recover-20220825/UBNA_002/20220823_033000.WAV,Telephone Field,recover-20220825,002,1795
50.5255,50.537,22890,27668,Nyctalus leisleri,0.014,0.026,-1,Echolocation,/mnt/ubna_data_01_mir/recover-20220825/UBNA_002/20220823_033000.WAV,Telephone Field,recover-20220825,002,1795
50.5275,50.5359,48671,54256,Pipistrellus pipistrellus,0.022,0.024,-1,Echolocation,/mnt/ubna_data_01_mir/recover-20220825/UBNA_002/20220823_033000.WAV,Telephone Field,recover-20220825,002,1795
50.5375,50.5452,28906,44431,Eptesicus serotinus,0.008,0.023,-1,Echolocation,/mnt/ubna_data_01_mir/recover-20220825/UBNA_002/20220823_033000.WAV,Telephone Field,recover-20220825,002,1795
50.566500000000005,50.6065,68437,83598,Rhinolophus ferrumequinum,0.028,0.028,-1,Echolocation,/mnt/ubna_data_01_mir/recover-20220825/UBNA_002/20220823_033000.WAV,Telephone Field,recover-20220825,002,1795
50.5945,50.6038,45234,49965,Pipistrellus pipistrellus,0.068,0.073,-1,Echolocation,/mnt/ubna_data_01_mir/recover-20220825/UBNA_002/20220823_033000.WAV,Telephone Field,recover-20220825,002,1795
50.6325,50.6415,22890,31217,Plecotus austriacus,0.01,0.026,-1,Echolocation,/mnt/ubna_data_01_mir/recover-20220825/UBNA_002/20220823_033000.WAV,Telephone Field,recover-20220825,002,1795
50.6525,50.6899,68437,81822,Rhinolophus ferrumequinum,0.022,0.023,-1,Echolocation,/mnt/ubna_data_01_mir/recover-20220825/UBNA_002/20220823_033000.WAV,Telephone Field,recover-20220825,002,1795
50.6695,50.7084,68437,81866,Rhinolophus ferrumequinum,0.024,0.024,-1,Echolocation,/mnt/ubna_data_01_mir/recover-20220825/UBNA_002/20220823_033000.WAV,Telephone Field,recover-20220825,002,1795
50.685500000000005,50.726,68437,82559,Rhinolophus ferrumequinum,0.025,0.025,-1,Echolocation,/mnt/ubna_data_01_mir/recover-20220825/UBNA_002/20220823_033000.WAV,Telephone Field,recover-20220825,002,1795
50.7145,50.725300000000004,28046,33928,Eptesicus serotinus,0.018,0.043,-1,Echolocation,/mnt/ubna_data_01_mir/recover-20220825/UBNA_002/20220823_033000.WAV,Telephone Field,recover-20220825,002,1795
50.7435,50.7839,68437,82907,Rhinolophus ferrumequinum,0.033,0.033,-1,Echolocation,/mnt/ubna_data_01_mir/recover-20220825/UBNA_002/20220823_033000.WAV,Telephone Field,recover-20220825,002,1795
50.7485,50.7577,43515,47642,Pipistrellus pipistrellus,0.024,0.027,-1,Echolocation,/mnt/ubna_data_01_mir/recover-20220825/UBNA_002/20220823_033000.WAV,Telephone Field,recover-20220825,002,1795
50.7575,50.7679,23750,30110,Nyctalus leisleri,0.01,0.024,-1,Echolocation,/mnt/ubna_data_01_mir/recover-20220825/UBNA_002/20220823_033000.WAV,Telephone Field,recover-20220825,002,1795
50.783500000000004,50.7905,28906,39476,Eptesicus serotinus,0.006,0.024,-1,Echolocation,/mnt/ubna_data_01_mir/recover-20220825/UBNA_002/20220823_033000.WAV,Telephone Field,recover-20220825,002,1795
50.801500000000004,50.809200000000004,27187,38511,Eptesicus serotinus,0.007,0.027,-1,Echolocation,/mnt/ubna_data_01_mir/recover-20220825/UBNA_002/20220823_033000.WAV,Telephone Field,recover-20220825,002,1795
50.829499999999996,50.838899999999995,28906,37090,Eptesicus serotinus,0.01,0.027,-1,Echolocation,/mnt/ubna_data_01_mir/recover-20220825/UBNA_002/20220823_033000.WAV,Telephone Field,recover-20220825,002,1795
50.8315,50.8418,22890,29179,Nyctalus leisleri,0.009,0.024,-1,Echolocation,/mnt/ubna_data_01_mir/recover-20220825/UBNA_002/20220823_033000.WAV,Telephone Field,recover-20220825,002,1795
50.8635,50.896699999999996,68437,80801,Rhinolophus ferrumequinum,0.022,0.022,-1,Echolocation,/mnt/ubna_data_01_mir/recover-20220825/UBNA_002/20220823_033000.WAV,Telephone Field,recover-20220825,002,1795
50.9125,50.920500000000004,23750,31641,Plecotus austriacus,0.009,0.023,-1,Echolocation,/mnt/ubna_data_01_mir/recover-20220825/UBNA_002/20220823_033000.WAV,Telephone Field,recover-20220825,002,1795
50.9195,50.961600000000004,68437,83617,Rhinolophus ferrumequinum,0.035,0.035,-1,Echolocation,/mnt/ubna_data_01_mir/recover-20220825/UBNA_002/20220823_033000.WAV,Telephone Field,recover-20220825,002,1795
50.9625,50.9715,28046,39148,Eptesicus serotinus,0.009,0.022,-1,Echolocation,/mnt/ubna_data_01_mir/recover-20220825/UBNA_002/20220823_033000.WAV,Telephone Field,recover-20220825,002,1795
51.0025,51.0396,68437,82180,Rhinolophus ferrumequinum,0.025,0.025,-1,Echolocation,/mnt/ubna_data_01_mir/recover-20220825/UBNA_002/20220823_033000.WAV,Telephone Field,recover-20220825,002,1795
51.0075,51.019800000000004,27187,34848,Eptesicus serotinus,0.013,0.029,-1,Echolocation,/mnt/ubna_data_01_mir/recover-20220825/UBNA_002/20220823_033000.WAV,Telephone Field,recover-20220825,002,1795
51.0195,51.0285,28906,36961,Eptesicus serotinus,0.009,0.027,-1,Echolocation,/mnt/ubna_data_01_mir/recover-20220825/UBNA_002/20220823_033000.WAV,Telephone Field,recover-20220825,002,1795
51.0685,51.0761,28906,38111,Eptesicus serotinus,0.009,0.025,-1,Echolocation,/mnt/ubna_data_01_mir/recover-20220825/UBNA_002/20220823_033000.WAV,Telephone Field,recover-20220825,002,1795
51.082499999999996,51.1195,68437,81437,Rhinolophus ferrumequinum,0.023,0.023,-1,Echolocation,/mnt/ubna_data_01_mir/recover-20220825/UBNA_002/20220823_033000.WAV,Telephone Field,recover-20220825,002,1795
51.082499999999996,51.0907,45234,52804,Pipistrellus pipistrellus,0.029,0.032,-1,Echolocation,/mnt/ubna_data_01_mir/recover-20220825/UBNA_002/20220823_033000.WAV,Telephone Field,recover-20220825,002,1795
51.1075,51.1475,68437,82254,Rhinolophus ferrumequinum,0.023,0.023,-1,Echolocation,/mnt/ubna_data_01_mir/recover-20220825/UBNA_002/20220823_033000.WAV,Telephone Field,recover-20220825,002,1795
51.1135,51.153400000000005,68437,82840,Rhinolophus ferrumequinum,0.023,0.023,-1,Echolocation,/mnt/ubna_data_01_mir/recover-20220825/UBNA_002/20220823_033000.WAV,Telephone Field,recover-20220825,002,1795
51.1225,51.1627,68437,82537,Rhinolophus ferrumequinum,0.025,0.025,-1,Echolocation,/mnt/ubna_data_01_mir/recover-20220825/UBNA_002/20220823_033000.WAV,Telephone Field,recover-20220825,002,1795
51.1475,51.1586,22890,28086,Nyctalus leisleri,0.014,0.028,-1,Echolocation,/mnt/ubna_data_01_mir/recover-20220825/UBNA_002/20220823_033000.WAV,Telephone Field,recover-20220825,002,1795
51.2125,51.2521,68437,82775,Rhinolophus ferrumequinum,0.023,0.023,-1,Echolocation,/mnt/ubna_data_01_mir/recover-20220825/UBNA_002/20220823_033000.WAV,Telephone Field,recover-20220825,002,1795
51.2345,51.2421,27187,38519,Eptesicus serotinus,0.007,0.022,-1,Echolocation,/mnt/ubna_data_01_mir/recover-20220825/UBNA_002/20220823_033000.WAV,Telephone Field,recover-20220825,002,1795
51.2415,51.2812,68437,82371,Rhinolophus ferrumequinum,0.033,0.033,-1,Echolocation,/mnt/ubna_data_01_mir/recover-20220825/UBNA_002/20220823_033000.WAV,Telephone Field,recover-20220825,002,1795
51.332499999999996,51.3679,68437,81206,Rhinolophus ferrumequinum,0.023,0.023,-1,Echolocation,/mnt/ubna_data_01_mir/recover-20220825/UBNA_002/20220823_033000.WAV,Telephone Field,recover-20220825,002,1795
51.3755,51.417100000000005,68437,83108,Rhinolophus ferrumequinum,0.056,0.056,-1,Echolocation,/mnt/ubna_data_01_mir/recover-20220825/UBNA_002/20220823_033000.WAV,Telephone Field,recover-20220825,002,1795
51.4045,51.415,43515,47651,Pipistrellus pipistrellus,0.026,0.036,-1,Echolocation,/mnt/ubna_data_01_mir/recover-20220825/UBNA_002/20220823_033000.WAV,Telephone Field,recover-20220825,002,1795
51.4375,51.4764,68437,82296,Rhinolophus ferrumequinum,0.026,0.026,-1,Echolocation,/mnt/ubna_data_01_mir/recover-20220825/UBNA_002/20220823_033000.WAV,Telephone Field,recover-20220825,002,1795
51.442499999999995,51.4536,24609,30896,Nyctalus leisleri,0.012,0.031,-1,Echolocation,/mnt/ubna_data_01_mir/recover-20220825/UBNA_002/20220823_033000.WAV,Telephone Field,recover-20220825,002,1795
51.4765,51.5191,68437,83109,Rhinolophus ferrumequinum,0.025,0.025,-1,Echolocation,/mnt/ubna_data_01_mir/recover-20220825/UBNA_002/20220823_033000.WAV,Telephone Field,recover-20220825,002,1795
51.5275,51.534099999999995,28046,41301,Eptesicus serotinus,0.006,0.026,-1,Echolocation,/mnt/ubna_data_01_mir/recover-20220825/UBNA_002/20220823_033000.WAV,Telephone Field,recover-20220825,002,1795
51.5285,51.5359,23750,33483,Plecotus austriacus,0.012,0.027,-1,Echolocation,/mnt/ubna_data_01_mir/recover-20220825/UBNA_002/20220823_033000.WAV,Telephone Field,recover-20220825,002,1795
51.572500000000005,51.6143,68437,83427,Rhinolophus ferrumequinum,0.031,0.031,-1,Echolocation,/mnt/ubna_data_01_mir/recover-20220825/UBNA_002/20220823_033000.WAV,Telephone Field,recover-20220825,002,1795
51.6095,51.643699999999995,68437,80638,Rhinolophus ferrumequinum,0.023,0.023,-1,Echolocation,/mnt/ubna_data_01_mir/recover-20220825/UBNA_002/20220823_033000.WAV,Telephone Field,recover-20220825,002,1795
51.685500000000005,51.690799999999996,50390,58576,Pipistrellus pipistrellus,0.017,0.023,-1,Echolocation,/mnt/ubna_data_01_mir/recover-20220825/UBNA_002/20220823_033000.WAV,Telephone Field,recover-20220825,002,1795
51.707499999999996,51.745599999999996,68437,81792,Rhinolophus ferrumequinum,0.025,0.025,-1,Echolocation,/mnt/ubna_data_01_mir/recover-20220825/UBNA_002/20220823_033000.WAV,Telephone Field,recover-20220825,002,1795
51.7085,51.7151,28046,39798,Eptesicus serotinus,0.006,0.026,-1,Echolocation,/mnt/ubna_data_01_mir/recover-20220825/UBNA_002/20220823_033000.WAV,Telephone Field,recover-20220825,002,1795
51.7155,51.756699999999995,68437,82809,Rhinolophus ferrumequinum,0.032,0.032,-1,Echolocation,/mnt/ubna_data_01_mir/recover-20220825/UBNA_002/20220823_033000.WAV,Telephone Field,recover-20220825,002,1795
51.7315,51.7397,30625,40909,Myotis daubentonii,0.006,0.022,-1,Echolocation,/mnt/ubna_data_01_mir/recover-20220825/UBNA_002/20220823_033000.WAV,Telephone Field,recover-20220825,002,1795
51.7445,51.7827,68437,82310,Rhinolophus ferrumequinum,0.023,0.023,-1,Echolocation,/mnt/ubna_data_01_mir/recover-20220825/UBNA_002/20220823_033000.WAV,Telephone Field,recover-20220825,002,1795
51.7805,51.789699999999996,33203,40567,Myotis daubentonii,0.006,0.022,-1,Echolocation,/mnt/ubna_data_01_mir/recover-20220825/UBNA_002/20220823_033000.WAV,Telephone Field,recover-20220825,002,1795
51.810500000000005,51.8237,22031,25520,Nyctalus leisleri,0.016,0.026,-1,Echolocation,/mnt/ubna_data_01_mir/recover-20220825/UBNA_002/20220823_033000.WAV,Telephone Field,recover-20220825,002,1795
51.823499999999996,51.8621,68437,82400,Rhinolophus ferrumequinum,0.023,0.023,-1,Echolocation,/mnt/ubna_data_01_mir/recover-20220825/UBNA_002/20220823_033000.WAV,Telephone Field,recover-20220825,002,1795
51.8315,51.8388,28046,42217,Eptesicus serotinus,0.007,0.023,-1,Echolocation,/mnt/ubna_data_01_mir/recover-20220825/UBNA_002/20220823_033000.WAV,Telephone Field,recover-20220825,002,1795
51.8575,51.8942,68437,81433,Rhinolophus ferrumequinum,0.023,0.023,-1,Echolocation,/mnt/ubna_data_01_mir/recover-20220825/UBNA_002/20220823_033000.WAV,Telephone Field,recover-20220825,002,1795
51.9125,51.949,68437,81101,Rhinolophus ferrumequinum,0.023,0.023,-1,Echolocation,/mnt/ubna_data_01_mir/recover-20220825/UBNA_002/20220823_033000.WAV,Telephone Field,recover-20220825,002,1795
51.9215,51.9317,24609,30639,Nyctalus leisleri,0.01,0.024,-1,Echolocation,/mnt/ubna_data_01_mir/recover-20220825/UBNA_002/20220823_033000.WAV,Telephone Field,recover-20220825,002,1795
51.963499999999996,51.9754,22890,27957,Nyctalus leisleri,0.012,0.024,-1,Echolocation,/mnt/ubna_data_01_mir/recover-20220825/UBNA_002/20220823_033000.WAV,Telephone Field,recover-20220825,002,1795
51.9755,51.9842,14296,23530,Plecotus auritus,0.01,0.022,-1,Echolocation,/mnt/ubna_data_01_mir/recover-20220825/UBNA_002/20220823_033000.WAV,Telephone Field,recover-20220825,002,1795
52.0015,52.0102,22031,28550,Nyctalus leisleri,0.009,0.026,-1,Echolocation,/mnt/ubna_data_01_mir/recover-20220825/UBNA_002/20220823_033000.WAV,Telephone Field,recover-20220825,002,1795
52.0015,52.009,26328,36384,Nyctalus leisleri,0.007,0.026,-1,Echolocation,/mnt/ubna_data_01_mir/recover-20220825/UBNA_002/20220823_033000.WAV,Telephone Field,recover-20220825,002,1795
52.0015,52.012100000000004,46953,52313,Pipistrellus pipistrellus,0.021,0.027,-1,Echolocation,/mnt/ubna_data_01_mir/recover-20220825/UBNA_002/20220823_033000.WAV,Telephone Field,recover-20220825,002,1795
52.0015,52.0329,68437,80377,Rhinolophus ferrumequinum,0.032,0.032,-1,Echolocation,/mnt/ubna_data_01_mir/recover-20220825/UBNA_002/20220823_033000.WAV,Telephone Field,recover-20220825,002,1795
52.0375,52.047399999999996,28906,36656,Eptesicus serotinus,0.012,0.028,-1,Echolocation,/mnt/ubna_data_01_mir/recover-20220825/UBNA_002/20220823_033000.WAV,Telephone Field,recover-20220825,002,1795
52.0745,52.109300000000005,68437,81408,Rhinolophus ferrumequinum,0.021,0.021,-1,Echolocation,/mnt/ubna_data_01_mir/recover-20220825/UBNA_002/20220823_033000.WAV,Telephone Field,recover-20220825,002,1795
52.088499999999996,52.125,68437,81747,Rhinolophus ferrumequinum,0.02,0.021,-1,Echolocation,/mnt/ubna_data_01_mir/recover-20220825/UBNA_002/20220823_033000.WAV,Telephone Field,recover-20220825,002,1795
52.0965,52.115700000000004,19453,22148,Nyctalus leisleri,0.011,0.021,-1,Echolocation,/mnt/ubna_data_01_mir/recover-20220825/UBNA_002/20220823_033000.WAV,Telephone Field,recover-20220825,002,1795
52.1355,52.1789,68437,83188,Rhinolophus ferrumequinum,0.033,0.033,-1,Echolocation,/mnt/ubna_data_01_mir/recover-20220825/UBNA_002/20220823_033000.WAV,Telephone Field,recover-20220825,002,1795
52.174499999999995,52.2111,68437,82639,Rhinolophus ferrumequinum,0.022,0.022,-1,Echolocation,/mnt/ubna_data_01_mir/recover-20220825/UBNA_002/20220823_033000.WAV,Telephone Field,recover-20220825,002,1795
52.177499999999995,52.1888,28906,36192,Eptesicus serotinus,0.011,0.023,-1,Echolocation,/mnt/ubna_data_01_mir/recover-20220825/UBNA_002/20220823_033000.WAV,Telephone Field,recover-20220825,002,1795
52.191500000000005,52.198899999999995,28046,37860,Eptesicus serotinus,0.007,0.021,-1,Echolocation,/mnt/ubna_data_01_mir/recover-20220825/UBNA_002/20220823_033000.WAV,Telephone Field,recover-20220825,002,1795
52.2025,52.2414,68437,81594,Rhinolophus ferrumequinum,0.024,0.024,-1,Echolocation,/mnt/ubna_data_01_mir/recover-20220825/UBNA_002/20220823_033000.WAV,Telephone Field,recover-20220825,002,1795
52.2575,52.2668,23750,29440,Nyctalus leisleri,0.009,0.021,-1,Echolocation,/mnt/ubna_data_01_mir/recover-20220825/UBNA_002/20220823_033000.WAV,Telephone Field,recover-20220825,002,1795
52.302499999999995,52.3401,68437,82168,Rhinolophus ferrumequinum,0.024,0.024,-1,Echolocation,/mnt/ubna_data_01_mir/recover-20220825/UBNA_002/20220823_033000.WAV,Telephone Field,recover-20220825,002,1795
52.308499999999995,52.3159,28046,39548,Eptesicus serotinus,0.006,0.022,-1,Echolocation,/mnt/ubna_data_01_mir/recover-20220825/UBNA_002/20220823_033000.WAV,Telephone Field,recover-20220825,002,1795
52.3985,52.4374,68437,82472,Rhinolophus ferrumequinum,0.024,0.024,-1,Echolocation,/mnt/ubna_data_01_mir/recover-20220825/UBNA_002/20220823_033000.WAV,Telephone Field,recover-20220825,002,1795
52.4135,52.450199999999995,68437,81178,Rhinolophus ferrumequinum,0.021,0.021,-1,Echolocation,/mnt/ubna_data_01_mir/recover-20220825/UBNA_002/20220823_033000.WAV,Telephone Field,recover-20220825,002,1795
52.420500000000004,52.4601,68437,82278,Rhinolophus ferrumequinum,0.022,0.022,-1,Echolocation,/mnt/ubna_data_01_mir/recover-20220825/UBNA_002/20220823_033000.WAV,Telephone Field,recover-20220825,002,1795
52.426500000000004,52.4356,27187,34667,Eptesicus serotinus,0.01,0.026,-1,Echolocation,/mnt/ubna_data_01_mir/recover-20220825/UBNA_002/20220823_033000.WAV,Telephone Field,recover-20220825,002,1795
52.450500000000005,52.457499999999996,27187,41939,Eptesicus serotinus,0.006,0.024,-1,Echolocation,/mnt/ubna_data_01_mir/recover-20220825/UBNA_002/20220823_033000.WAV,Telephone Field,recover-20220825,002,1795
52.4775,52.4854,28046,37244,Eptesicus serotinus,0.008,0.023,-1,Echolocation,/mnt/ubna_data_01_mir/recover-20220825/UBNA_002/20220823_033000.WAV,Telephone Field,recover-20220825,002,1795
52.4965,52.503699999999995,26328,38413,Eptesicus serotinus,0.006,0.021,-1,Echolocation,/mnt/ubna_data_01_mir/recover-20220825/UBNA_002/20220823_033000.WAV,Telephone Field,recover-20220825,002,1795
52.5065,52.5166,23750,29312,Nyctalus leisleri,0.009,0.021,-1,Echolocation,/mnt/ubna_data_01_mir/recover-20220825/UBNA_002/20220823_033000.WAV,Telephone Field,recover-20220825,002,1795
52.5155,52.527,24609,30453,Nyctalus leisleri,0.009,0.022,-1,Echolocation,/mnt/ubna_data_01_mir/recover-20220825/UBNA_002/20220823_033000.WAV,Telephone Field,recover-20220825,002,1795
52.5275,52.535799999999995,28046,39428,Eptesicus serotinus,0.007,0.02,-1,Echolocation,/mnt/ubna_data_01_mir/recover-20220825/UBNA_002/20220823_033000.WAV,Telephone Field,recover-20220825,002,1795
52.5375,52.5482,23750,29817,Nyctalus leisleri,0.01,0.024,-1,Echolocation,/mnt/ubna_data_01_mir/recover-20220825/UBNA_002/20220823_033000.WAV,Telephone Field,recover-20220825,002,1795
52.545500000000004,52.558,24609,29769,Nyctalus leisleri,0.009,0.022,-1,Echolocation,/mnt/ubna_data_01_mir/recover-20220825/UBNA_002/20220823_033000.WAV,Telephone Field,recover-20220825,002,1795
52.560500000000005,52.5967,68437,81147,Rhinolophus ferrumequinum,0.022,0.022,-1,Echolocation,/mnt/ubna_data_01_mir/recover-20220825/UBNA_002/20220823_033000.WAV,Telephone Field,recover-20220825,002,1795
52.563500000000005,52.5732,27187,35913,Eptesicus serotinus,0.008,0.022,-1,Echolocation,/mnt/ubna_data_01_mir/recover-20220825/UBNA_002/20220823_033000.WAV,Telephone Field,recover-20220825,002,1795
52.579499999999996,52.6186,68437,82413,Rhinolophus ferrumequinum,0.021,0.021,-1,Echolocation,/mnt/ubna_data_01_mir/recover-20220825/UBNA_002/20220823_033000.WAV,Telephone Field,recover-20220825,002,1795
52.5905,52.602199999999996,42656,48326,Pipistrellus pipistrellus,0.014,0.021,-1,Echolocation,/mnt/ubna_data_01_mir/recover-20220825/UBNA_002/20220823_033000.WAV,Telephone Field,recover-20220825,002,1795
52.591499999999996,52.6314,68437,82111,Rhinolophus ferrumequinum,0.024,0.024,-1,Echolocation,/mnt/ubna_data_01_mir/recover-20220825/UBNA_002/20220823_033000.WAV,Telephone Field,recover-20220825,002,1795
52.5975,52.6336,68437,81772,Rhinolophus ferrumequinum,0.025,0.025,-1,Echolocation,/mnt/ubna_data_01_mir/recover-20220825/UBNA_002/20220823_033000.WAV,Telephone Field,recover-20220825,002,1795
52.6125,52.6528,68437,82105,Rhinolophus ferrumequinum,0.021,0.021,-1,Echolocation,/mnt/ubna_data_01_mir/recover-20220825/UBNA_002/20220823_033000.WAV,Telephone Field,recover-20220825,002,1795
52.6355,52.6472,28906,35864,Eptesicus serotinus,0.014,0.03,-1,Echolocation,/mnt/ubna_data_01_mir/recover-20220825/UBNA_002/20220823_033000.WAV,Telephone Field,recover-20220825,002,1795
52.6395,52.6787,68437,82519,Rhinolophus ferrumequinum,0.024,0.024,-1,Echolocation,/mnt/ubna_data_01_mir/recover-20220825/UBNA_002/20220823_033000.WAV,Telephone Field,recover-20220825,002,1795
52.6715,52.6832,22890,26908,Nyctalus leisleri,0.014,0.026,-1,Echolocation,/mnt/ubna_data_01_mir/recover-20220825/UBNA_002/20220823_033000.WAV,Telephone Field,recover-20220825,002,1795
52.7175,52.7572,68437,82574,Rhinolophus ferrumequinum,0.026,0.026,-1,Echolocation,/mnt/ubna_data_01_mir/recover-20220825/UBNA_002/20220823_033000.WAV,Telephone Field,recover-20220825,002,1795
52.7215,52.7307,28046,38031,Eptesicus serotinus,0.009,0.025,-1,Echolocation,/mnt/ubna_data_01_mir/recover-20220825/UBNA_002/20220823_033000.WAV,Telephone Field,recover-20220825,002,1795
52.7495,52.7581,27187,38738,Eptesicus serotinus,0.009,0.024,-1,Echolocation,/mnt/ubna_data_01_mir/recover-20220825/UBNA_002/20220823_033000.WAV,Telephone Field,recover-20220825,002,1795
52.7585,52.7945,68437,81041,Rhinolophus ferrumequinum,0.02,0.02,-1,Echolocation,/mnt/ubna_data_01_mir/recover-20220825/UBNA_002/20220823_033000.WAV,Telephone Field,recover-20220825,002,1795
52.7685,52.807,68437,82451,Rhinolophus ferrumequinum,0.021,0.021,-1,Echolocation,/mnt/ubna_data_01_mir/recover-20220825/UBNA_002/20220823_033000.WAV,Telephone Field,recover-20220825,002,1795
52.7765,52.815200000000004,68437,82103,Rhinolophus ferrumequinum,0.021,0.021,-1,Echolocation,/mnt/ubna_data_01_mir/recover-20220825/UBNA_002/20220823_033000.WAV,Telephone Field,recover-20220825,002,1795
52.7785,52.7869,28046,40752,Eptesicus serotinus,0.007,0.022,-1,Echolocation,/mnt/ubna_data_01_mir/recover-20220825/UBNA_002/20220823_033000.WAV,Telephone Field,recover-20220825,002,1795
52.7905,52.83,68437,82245,Rhinolophus ferrumequinum,0.022,0.022,-1,Echolocation,/mnt/ubna_data_01_mir/recover-20220825/UBNA_002/20220823_033000.WAV,Telephone Field,recover-20220825,002,1795
52.7975,52.8059,26328,35426,Eptesicus serotinus,0.008,0.021,-1,Echolocation,/mnt/ubna_data_01_mir/recover-20220825/UBNA_002/20220823_033000.WAV,Telephone Field,recover-20220825,002,1795
52.814499999999995,52.824600000000004,28046,36939,Eptesicus serotinus,0.012,0.029,-1,Echolocation,/mnt/ubna_data_01_mir/recover-20220825/UBNA_002/20220823_033000.WAV,Telephone Field,recover-20220825,002,1795
52.8155,52.8528,68437,81771,Rhinolophus ferrumequinum,0.022,0.022,-1,Echolocation,/mnt/ubna_data_01_mir/recover-20220825/UBNA_002/20220823_033000.WAV,Telephone Field,recover-20220825,002,1795
52.8305,52.866,68437,81127,Rhinolophus ferrumequinum,0.022,0.022,-1,Echolocation,/mnt/ubna_data_01_mir/recover-20220825/UBNA_002/20220823_033000.WAV,Telephone Field,recover-20220825,002,1795
52.8315,52.8384,41796,52665,Myotis mystacinus,0.005,0.022,-1,Echolocation,/mnt/ubna_data_01_mir/recover-20220825/UBNA_002/20220823_033000.WAV,Telephone Field,recover-20220825,002,1795
52.8805,52.920500000000004,68437,81878,Rhinolophus ferrumequinum,0.022,0.022,-1,Echolocation,/mnt/ubna_data_01_mir/recover-20220825/UBNA_002/20220823_033000.WAV,Telephone Field,recover-20220825,002,1795
52.9555,52.9653,22031,27897,Nyctalus leisleri,0.008,0.022,-1,Echolocation,/mnt/ubna_data_01_mir/recover-20220825/UBNA_002/20220823_033000.WAV,Telephone Field,recover-20220825,002,1795
53.0165,53.0589,68437,83089,Rhinolophus ferrumequinum,0.029,0.029,-1,Echolocation,/mnt/ubna_data_01_mir/recover-20220825/UBNA_002/20220823_033000.WAV,Telephone Field,recover-20220825,002,1795
53.0195,53.0302,23750,29081,Nyctalus leisleri,0.01,0.022,-1,Echolocation,/mnt/ubna_data_01_mir/recover-20220825/UBNA_002/20220823_033000.WAV,Telephone Field,recover-20220825,002,1795
53.0235,53.033100000000005,28906,36268,Eptesicus serotinus,0.008,0.021,-1,Echolocation,/mnt/ubna_data_01_mir/recover-20220825/UBNA_002/20220823_033000.WAV,Telephone Field,recover-20220825,002,1795
53.0535,53.0614,47812,54452,Pipistrellus pipistrellus,0.02,0.023,-1,Echolocation,/mnt/ubna_data_01_mir/recover-20220825/UBNA_002/20220823_033000.WAV,Telephone Field,recover-20220825,002,1795
53.085499999999996,53.125,68437,81779,Rhinolophus ferrumequinum,0.022,0.022,-1,Echolocation,/mnt/ubna_data_01_mir/recover-20220825/UBNA_002/20220823_033000.WAV,Telephone Field,recover-20220825,002,1795
53.1215,53.1285,28046,39896,Eptesicus serotinus,0.007,0.022,-1,Echolocation,/mnt/ubna_data_01_mir/recover-20220825/UBNA_002/20220823_033000.WAV,Telephone Field,recover-20220825,002,1795
53.1455,53.183499999999995,68437,81804,Rhinolophus ferrumequinum,0.021,0.021,-1,Echolocation,/mnt/ubna_data_01_mir/recover-20220825/UBNA_002/20220823_033000.WAV,Telephone Field,recover-20220825,002,1795
53.161500000000004,53.2008,68437,82312,Rhinolophus ferrumequinum,0.024,0.024,-1,Echolocation,/mnt/ubna_data_01_mir/recover-20220825/UBNA_002/20220823_033000.WAV,Telephone Field,recover-20220825,002,1795
53.1655,53.1726,28046,40527,Eptesicus serotinus,0.006,0.021,-1,Echolocation,/mnt/ubna_data_01_mir/recover-20220825/UBNA_002/20220823_033000.WAV,Telephone Field,recover-20220825,002,1795
53.1845,53.2205,68437,81092,Rhinolophus ferrumequinum,0.023,0.023,-1,Echolocation,/mnt/ubna_data_01_mir/recover-20220825/UBNA_002/20220823_033000.WAV,Telephone Field,recover-20220825,002,1795
53.191500000000005,53.199,27187,40844,Eptesicus serotinus,0.006,0.021,-1,Echolocation,/mnt/ubna_data_01_mir/recover-20220825/UBNA_002/20220823_033000.WAV,Telephone Field,recover-20220825,002,1795
53.200500000000005,53.2374,68437,81083,Rhinolophus ferrumequinum,0.022,0.022,-1,Echolocation,/mnt/ubna_data_01_mir/recover-20220825/UBNA_002/20220823_033000.WAV,Telephone Field,recover-20220825,002,1795
53.207499999999996,53.2155,28046,38842,Eptesicus serotinus,0.008,0.022,-1,Echolocation,/mnt/ubna_data_01_mir/recover-20220825/UBNA_002/20220823_033000.WAV,Telephone Field,recover-20220825,002,1795
53.2125,53.2202,22890,30457,Plecotus austriacus,0.009,0.021,-1,Echolocation,/mnt/ubna_data_01_mir/recover-20220825/UBNA_002/20220823_033000.WAV,Telephone Field,recover-20220825,002,1795
53.2285,53.266400000000004,68437,81715,Rhinolophus ferrumequinum,0.021,0.021,-1,Echolocation,/mnt/ubna_data_01_mir/recover-20220825/UBNA_002/20220823_033000.WAV,Telephone Field,recover-20220825,002,1795
53.289500000000004,53.3298,68437,82769,Rhinolophus ferrumequinum,0.023,0.023,-1,Echolocation,/mnt/ubna_data_01_mir/recover-20220825/UBNA_002/20220823_033000.WAV,Telephone Field,recover-20220825,002,1795
53.3005,53.311,22890,28400,Nyctalus leisleri,0.01,0.022,-1,Echolocation,/mnt/ubna_data_01_mir/recover-20220825/UBNA_002/20220823_033000.WAV,Telephone Field,recover-20220825,002,1795
53.4535,53.464,28046,39646,Eptesicus serotinus,0.012,0.025,-1,Echolocation,/mnt/ubna_data_01_mir/recover-20220825/UBNA_002/20220823_033000.WAV,Telephone Field,recover-20220825,002,1795
53.4795,53.522999999999996,68437,83284,Rhinolophus ferrumequinum,0.031,0.031,-1,Echolocation,/mnt/ubna_data_01_mir/recover-20220825/UBNA_002/20220823_033000.WAV,Telephone Field,recover-20220825,002,1795
53.5075,53.5161,22890,30346,Plecotus austriacus,0.011,0.025,-1,Echolocation,/mnt/ubna_data_01_mir/recover-20220825/UBNA_002/20220823_033000.WAV,Telephone Field,recover-20220825,002,1795
53.5105,53.548500000000004,68437,81493,Rhinolophus ferrumequinum,0.022,0.022,-1,Echolocation,/mnt/ubna_data_01_mir/recover-20220825/UBNA_002/20220823_033000.WAV,Telephone Field,recover-20220825,002,1795
53.661500000000004,53.6706,28046,40285,Eptesicus serotinus,0.01,0.028,-1,Echolocation,/mnt/ubna_data_01_mir/recover-20220825/UBNA_002/20220823_033000.WAV,Telephone Field,recover-20220825,002,1795
53.685500000000005,53.721199999999996,68437,81892,Rhinolophus ferrumequinum,0.021,0.021,-1,Echolocation,/mnt/ubna_data_01_mir/recover-20220825/UBNA_002/20220823_033000.WAV,Telephone Field,recover-20220825,002,1795
53.6965,53.7072,28906,36264,Eptesicus serotinus,0.011,0.024,-1,Echolocation,/mnt/ubna_data_01_mir/recover-20220825/UBNA_002/20220823_033000.WAV,Telephone Field,recover-20220825,002,1795
53.7715,53.8116,68437,82625,Rhinolophus ferrumequinum,0.021,0.021,-1,Echolocation,/mnt/ubna_data_01_mir/recover-20220825/UBNA_002/20220823_033000.WAV,Telephone Field,recover-20220825,002,1795
53.792500000000004,53.8035,24609,31343,Nyctalus leisleri,0.009,0.026,-1,Echolocation,/mnt/ubna_data_01_mir/recover-20220825/UBNA_002/20220823_033000.WAV,Telephone Field,recover-20220825,002,1795
53.811499999999995,53.8537,68437,83332,Rhinolophus ferrumequinum,0.032,0.032,-1,Echolocation,/mnt/ubna_data_01_mir/recover-20220825/UBNA_002/20220823_033000.WAV,Telephone Field,recover-20220825,002,1795
53.8445,53.8535,29765,37431,Eptesicus serotinus,0.008,0.021,-1,Echolocation,/mnt/ubna_data_01_mir/recover-20220825/UBNA_002/20220823_033000.WAV,Telephone Field,recover-20220825,002,1795
53.8515,53.887299999999996,68437,81845,Rhinolophus ferrumequinum,0.021,0.021,-1,Echolocation,/mnt/ubna_data_01_mir/recover-20220825/UBNA_002/20220823_033000.WAV,Telephone Field,recover-20220825,002,1795
53.8885,53.9266,68437,81808,Rhinolophus ferrumequinum,0.025,0.025,-1,Echolocation,/mnt/ubna_data_01_mir/recover-20220825/UBNA_002/20220823_033000.WAV,Telephone Field,recover-20220825,002,1795
53.9225,53.960899999999995,68437,82409,Rhinolophus ferrumequinum,0.021,0.021,-1,Echolocation,/mnt/ubna_data_01_mir/recover-20220825/UBNA_002/20220823_033000.WAV,Telephone Field,recover-20220825,002,1795
53.9375,53.9458,27187,38674,Eptesicus serotinus,0.008,0.021,-1,Echolocation,/mnt/ubna_data_01_mir/recover-20220825/UBNA_002/20220823_033000.WAV,Telephone Field,recover-20220825,002,1795
53.9555,53.995599999999996,68437,82298,Rhinolophus ferrumequinum,0.024,0.024,-1,Echolocation,/mnt/ubna_data_01_mir/recover-20220825/UBNA_002/20220823_033000.WAV,Telephone Field,recover-20220825,002,1795
53.9565,53.9631,28046,39891,Eptesicus serotinus,0.007,0.024,-1,Echolocation,/mnt/ubna_data_01_mir/recover-20220825/UBNA_002/20220823_033000.WAV,Telephone Field,recover-20220825,002,1795
53.9735,53.9852,22890,27346,Nyctalus leisleri,0.012,0.022,-1,Echolocation,/mnt/ubna_data_01_mir/recover-20220825/UBNA_002/20220823_033000.WAV,Telephone Field,recover-20220825,002,1795
54.0015,54.039100000000005,68437,80093,Rhinolophus ferrumequinum,0.051,0.051,-1,Echolocation,/mnt/ubna_data_01_mir/recover-20220825/UBNA_002/20220823_033000.WAV,Telephone Field,recover-20220825,002,1795
54.0015,54.0101,35781,41989,Pipistrellus nathusii,0.018,0.039,-1,Echolocation,/mnt/ubna_data_01_mir/recover-20220825/UBNA_002/20220823_033000.WAV,Telephone Field,recover-20220825,002,1795
54.0015,54.0083,23750,36645,Myotis nattereri,0.008,0.027,-1,Echolocation,/mnt/ubna_data_01_mir/recover-20220825/UBNA_002/20220823_033000.WAV,Telephone Field,recover-20220825,002,1795
54.0015,54.0115,46093,50225,Pipistrellus pipistrellus,0.018,0.023,-1,Echolocation,/mnt/ubna_data_01_mir/recover-20220825/UBNA_002/20220823_033000.WAV,Telephone Field,recover-20220825,002,1795
54.0055,54.0126,29765,46744,Myotis daubentonii,0.022,0.033,-1,Echolocation,/mnt/ubna_data_01_mir/recover-20220825/UBNA_002/20220823_033000.WAV,Telephone Field,recover-20220825,002,1795
54.0075,54.0503,68437,82639,Rhinolophus ferrumequinum,0.022,0.022,-1,Echolocation,/mnt/ubna_data_01_mir/recover-20220825/UBNA_002/20220823_033000.WAV,Telephone Field,recover-20220825,002,1795
54.1075,54.1483,68437,82687,Rhinolophus ferrumequinum,0.025,0.025,-1,Echolocation,/mnt/ubna_data_01_mir/recover-20220825/UBNA_002/20220823_033000.WAV,Telephone Field,recover-20220825,002,1795
54.1215,54.160799999999995,68437,82382,Rhinolophus ferrumequinum,0.02,0.02,-1,Echolocation,/mnt/ubna_data_01_mir/recover-20220825/UBNA_002/20220823_033000.WAV,Telephone Field,recover-20220825,002,1795
54.1245,54.1363,23750,28649,Nyctalus leisleri,0.01,0.021,-1,Echolocation,/mnt/ubna_data_01_mir/recover-20220825/UBNA_002/20220823_033000.WAV,Telephone Field,recover-20220825,002,1795
54.1425,54.1524,28906,36246,Eptesicus serotinus,0.011,0.03,-1,Echolocation,/mnt/ubna_data_01_mir/recover-20220825/UBNA_002/20220823_033000.WAV,Telephone Field,recover-20220825,002,1795
54.1755,54.2136,68437,82122,Rhinolophus ferrumequinum,0.02,0.02,-1,Echolocation,/mnt/ubna_data_01_mir/recover-20220825/UBNA_002/20220823_033000.WAV,Telephone Field,recover-20220825,002,1795
54.189499999999995,54.2271,68437,81845,Rhinolophus ferrumequinum,0.021,0.021,-1,Echolocation,/mnt/ubna_data_01_mir/recover-20220825/UBNA_002/20220823_033000.WAV,Telephone Field,recover-20220825,002,1795
54.2035,54.2431,68437,82230,Rhinolophus ferrumequinum,0.023,0.023,-1,Echolocation,/mnt/ubna_data_01_mir/recover-20220825/UBNA_002/20220823_033000.WAV,Telephone Field,recover-20220825,002,1795
54.207499999999996,54.215199999999996,27187,41024,Eptesicus serotinus,0.007,0.021,-1,Echolocation,/mnt/ubna_data_01_mir/recover-20220825/UBNA_002/20220823_033000.WAV,Telephone Field,recover-20220825,002,1795
54.2375,54.2448,27187,35078,Eptesicus serotinus,0.007,0.02,-1,Echolocation,/mnt/ubna_data_01_mir/recover-20220825/UBNA_002/20220823_033000.WAV,Telephone Field,recover-20220825,002,1795
54.2495,54.288799999999995,68437,81795,Rhinolophus ferrumequinum,0.021,0.021,-1,Echolocation,/mnt/ubna_data_01_mir/recover-20220825/UBNA_002/20220823_033000.WAV,Telephone Field,recover-20220825,002,1795
54.2655,54.2759,32343,38442,Eptesicus serotinus,0.005,0.019,-1,Echolocation,/mnt/ubna_data_01_mir/recover-20220825/UBNA_002/20220823_033000.WAV,Telephone Field,recover-20220825,002,1795
54.2815,54.319900000000004,68437,81192,Rhinolophus ferrumequinum,0.022,0.022,-1,Echolocation,/mnt/ubna_data_01_mir/recover-20220825/UBNA_002/20220823_033000.WAV,Telephone Field,recover-20220825,002,1795
54.2855,54.2982,22890,26997,Nyctalus leisleri,0.018,0.032,-1,Echolocation,/mnt/ubna_data_01_mir/recover-20220825/UBNA_002/20220823_033000.WAV,Telephone Field,recover-20220825,002,1795
54.304500000000004,54.3447,68437,81822,Rhinolophus ferrumequinum,0.02,0.02,-1,Echolocation,/mnt/ubna_data_01_mir/recover-20220825/UBNA_002/20220823_033000.WAV,Telephone Field,recover-20220825,002,1795
54.3275,54.3677,68437,82739,Rhinolophus ferrumequinum,0.023,0.023,-1,Echolocation,/mnt/ubna_data_01_mir/recover-20220825/UBNA_002/20220823_033000.WAV,Telephone Field,recover-20220825,002,1795
54.3315,54.339600000000004,27187,37872,Eptesicus serotinus,0.007,0.02,-1,Echolocation,/mnt/ubna_data_01_mir/recover-20220825/UBNA_002/20220823_033000.WAV,Telephone Field,recover-20220825,002,1795
54.3525,54.3891,68437,81255,Rhinolophus ferrumequinum,0.02,0.02,-1,Echolocation,/mnt/ubna_data_01_mir/recover-20220825/UBNA_002/20220823_033000.WAV,Telephone Field,recover-20220825,002,1795
54.3585,54.3668,22890,30246,Plecotus austriacus,0.01,0.021,-1,Echolocation,/mnt/ubna_data_01_mir/recover-20220825/UBNA_002/20220823_033000.WAV,Telephone Field,recover-20220825,002,1795
54.4215,54.4287,28906,40236,Eptesicus serotinus,0.006,0.021,-1,Echolocation,/mnt/ubna_data_01_mir/recover-20220825/UBNA_002/20220823_033000.WAV,Telephone Field,recover-20220825,002,1795
54.436499999999995,54.4741,68437,82563,Rhinolophus ferrumequinum,0.019,0.019,-1,Echolocation,/mnt/ubna_data_01_mir/recover-20220825/UBNA_002/20220823_033000.WAV,Telephone Field,recover-20220825,002,1795
54.444500000000005,54.456,22031,25862,Nyctalus leisleri,0.011,0.02,-1,Echolocation,/mnt/ubna_data_01_mir/recover-20220825/UBNA_002/20220823_033000.WAV,Telephone Field,recover-20220825,002,1795
54.454499999999996,54.4748,20312,23031,Nyctalus leisleri,0.013,0.023,-1,Echolocation,/mnt/ubna_data_01_mir/recover-20220825/UBNA_002/20220823_033000.WAV,Telephone Field,recover-20220825,002,1795
54.457499999999996,54.4668,44375,48770,Pipistrellus pipistrellus,0.031,0.034,-1,Echolocation,/mnt/ubna_data_01_mir/recover-20220825/UBNA_002/20220823_033000.WAV,Telephone Field,recover-20220825,002,1795
54.4595,54.4765,21171,24561,Nyctalus leisleri,0.015,0.024,-1,Echolocation,/mnt/ubna_data_01_mir/recover-20220825/UBNA_002/20220823_033000.WAV,Telephone Field,recover-20220825,002,1795
54.4755,54.5162,68437,83147,Rhinolophus ferrumequinum,0.028,0.028,-1,Echolocation,/mnt/ubna_data_01_mir/recover-20220825/UBNA_002/20220823_033000.WAV,Telephone Field,recover-20220825,002,1795
54.4875,54.4969,22890,28985,Nyctalus leisleri,0.007,0.02,-1,Echolocation,/mnt/ubna_data_01_mir/recover-20220825/UBNA_002/20220823_033000.WAV,Telephone Field,recover-20220825,002,1795
54.5035,54.54,68437,82415,Rhinolophus ferrumequinum,0.024,0.024,-1,Echolocation,/mnt/ubna_data_01_mir/recover-20220825/UBNA_002/20220823_033000.WAV,Telephone Field,recover-20220825,002,1795
54.5415,54.554,22890,27704,Nyctalus leisleri,0.01,0.021,-1,Echolocation,/mnt/ubna_data_01_mir/recover-20220825/UBNA_002/20220823_033000.WAV,Telephone Field,recover-20220825,002,1795
54.558499999999995,54.5685,28046,35747,Eptesicus serotinus,0.008,0.02,-1,Echolocation,/mnt/ubna_data_01_mir/recover-20220825/UBNA_002/20220823_033000.WAV,Telephone Field,recover-20220825,002,1795
54.5815,54.5899,28046,42691,Eptesicus serotinus,0.01,0.027,-1,Echolocation,/mnt/ubna_data_01_mir/recover-20220825/UBNA_002/20220823_033000.WAV,Telephone Field,recover-20220825,002,1795
54.5845,54.6225,68437,82379,Rhinolophus ferrumequinum,0.023,0.023,-1,Echolocation,/mnt/ubna_data_01_mir/recover-20220825/UBNA_002/20220823_033000.WAV,Telephone Field,recover-20220825,002,1795
54.682500000000005,54.721000000000004,68437,81933,Rhinolophus ferrumequinum,0.021,0.021,-1,Echolocation,/mnt/ubna_data_01_mir/recover-20220825/UBNA_002/20220823_033000.WAV,Telephone Field,recover-20220825,002,1795
54.7145,54.7526,68437,81653,Rhinolophus ferrumequinum,0.022,0.022,-1,Echolocation,/mnt/ubna_data_01_mir/recover-20220825/UBNA_002/20220823_033000.WAV,Telephone Field,recover-20220825,002,1795
54.7385,54.745599999999996,23750,32479,Plecotus austriacus,0.008,0.021,-1,Echolocation,/mnt/ubna_data_01_mir/recover-20220825/UBNA_002/20220823_033000.WAV,Telephone Field,recover-20220825,002,1795
54.7415,54.749300000000005,28906,40812,Eptesicus serotinus,0.007,0.021,-1,Echolocation,/mnt/ubna_data_01_mir/recover-20220825/UBNA_002/20220823_033000.WAV,Telephone Field,recover-20220825,002,1795
54.7525,54.760400000000004,28046,39992,Eptesicus serotinus,0.007,0.021,-1,Echolocation,/mnt/ubna_data_01_mir/recover-20220825/UBNA_002/20220823_033000.WAV,Telephone Field,recover-20220825,002,1795
54.8065,54.8433,68437,82034,Rhinolophus ferrumequinum,0.021,0.021,-1,Echolocation,/mnt/ubna_data_01_mir/recover-20220825/UBNA_002/20220823_033000.WAV,Telephone Field,recover-20220825,002,1795
54.8305,54.838300000000004,28046,39462,Eptesicus serotinus,0.007,0.021,-1,Echolocation,/mnt/ubna_data_01_mir/recover-20220825/UBNA_002/20220823_033000.WAV,Telephone Field,recover-20220825,002,1795
54.8725,54.9063,68437,81707,Rhinolophus ferrumequinum,0.019,0.019,-1,Echolocation,/mnt/ubna_data_01_mir/recover-20220825/UBNA_002/20220823_033000.WAV,Telephone Field,recover-20220825,002,1795
54.8915,54.925399999999996,68437,80353,Rhinolophus ferrumequinum,0.02,0.021,-1,Echolocation,/mnt/ubna_data_01_mir/recover-20220825/UBNA_002/20220823_033000.WAV,Telephone Field,recover-20220825,002,1795
54.936499999999995,54.9454,39218,48772,Pipistrellus nathusii,0.006,0.023,-1,Echolocation,/mnt/ubna_data_01_mir/recover-20220825/UBNA_002/20220823_033000.WAV,Telephone Field,recover-20220825,002,1795
54.9375,54.9443,27187,43521,Eptesicus serotinus,0.005,0.02,-1,Echolocation,/mnt/ubna_data_01_mir/recover-20220825/UBNA_002/20220823_033000.WAV,Telephone Field,recover-20220825,002,1795
54.957499999999996,54.9981,68437,82713,Rhinolophus ferrumequinum,0.021,0.021,-1,Echolocation,/mnt/ubna_data_01_mir/recover-20220825/UBNA_002/20220823_033000.WAV,Telephone Field,recover-20220825,002,1795
54.9695,55.0098,68437,82749,Rhinolophus ferrumequinum,0.024,0.024,-1,Echolocation,/mnt/ubna_data_01_mir/recover-20220825/UBNA_002/20220823_033000.WAV,Telephone Field,recover-20220825,002,1795
54.9905,54.9983,27187,40712,Eptesicus serotinus,0.007,0.021,-1,Echolocation,/mnt/ubna_data_01_mir/recover-20220825/UBNA_002/20220823_033000.WAV,Telephone Field,recover-20220825,002,1795
55.0065,55.044799999999995,68437,82369,Rhinolophus ferrumequinum,0.02,0.02,-1,Echolocation,/mnt/ubna_data_01_mir/recover-20220825/UBNA_002/20220823_033000.WAV,Telephone Field,recover-20220825,002,1795
55.0345,55.0721,68437,82160,Rhinolophus ferrumequinum,0.02,0.02,-1,Echolocation,/mnt/ubna_data_01_mir/recover-20220825/UBNA_002/20220823_033000.WAV,Telephone Field,recover-20220825,002,1795
55.073499999999996,55.111000000000004,68437,80997,Rhinolophus ferrumequinum,0.019,0.019,-1,Echolocation,/mnt/ubna_data_01_mir/recover-20220825/UBNA_002/20220823_033000.WAV,Telephone Field,recover-20220825,002,1795
55.0945,55.1021,27187,40267,Eptesicus serotinus,0.006,0.019,-1,Echolocation,/mnt/ubna_data_01_mir/recover-20220825/UBNA_002/20220823_033000.WAV,Telephone Field,recover-20220825,002,1795
55.1195,55.1565,68437,81496,Rhinolophus ferrumequinum,0.02,0.02,-1,Echolocation,/mnt/ubna_data_01_mir/recover-20220825/UBNA_002/20220823_033000.WAV,Telephone Field,recover-20220825,002,1795
55.1265,55.1331,27187,38051,Eptesicus serotinus,0.005,0.02,-1,Echolocation,/mnt/ubna_data_01_mir/recover-20220825/UBNA_002/20220823_033000.WAV,Telephone Field,recover-20220825,002,1795
55.1655,55.2034,68437,81593,Rhinolophus ferrumequinum,0.02,0.02,-1,Echolocation,/mnt/ubna_data_01_mir/recover-20220825/UBNA_002/20220823_033000.WAV,Telephone Field,recover-20220825,002,1795
55.194500000000005,55.207300000000004,37500,41904,Pipistrellus nathusii,0.015,0.032,-1,Echolocation,/mnt/ubna_data_01_mir/recover-20220825/UBNA_002/20220823_033000.WAV,Telephone Field,recover-20220825,002,1795
55.194500000000005,55.201899999999995,28046,44502,Eptesicus serotinus,0.007,0.021,-1,Echolocation,/mnt/ubna_data_01_mir/recover-20220825/UBNA_002/20220823_033000.WAV,Telephone Field,recover-20220825,002,1795
55.2295,55.2695,68437,82188,Rhinolophus ferrumequinum,0.02,0.02,-1,Echolocation,/mnt/ubna_data_01_mir/recover-20220825/UBNA_002/20220823_033000.WAV,Telephone Field,recover-20220825,002,1795
55.2405,55.250699999999995,24609,31046,Nyctalus leisleri,0.007,0.02,-1,Echolocation,/mnt/ubna_data_01_mir/recover-20220825/UBNA_002/20220823_033000.WAV,Telephone Field,recover-20220825,002,1795
55.2755,55.3126,68437,81694,Rhinolophus ferrumequinum,0.019,0.019,-1,Echolocation,/mnt/ubna_data_01_mir/recover-20220825/UBNA_002/20220823_033000.WAV,Telephone Field,recover-20220825,002,1795
55.3065,55.315200000000004,27187,37102,Eptesicus serotinus,0.008,0.02,-1,Echolocation,/mnt/ubna_data_01_mir/recover-20220825/UBNA_002/20220823_033000.WAV,Telephone Field,recover-20220825,002,1795
55.319500000000005,55.327600000000004,27187,34944,Eptesicus serotinus,0.009,0.022,-1,Echolocation,/mnt/ubna_data_01_mir/recover-20220825/UBNA_002/20220823_033000.WAV,Telephone Field,recover-20220825,002,1795
55.3215,55.3617,68437,82019,Rhinolophus ferrumequinum,0.023,0.023,-1,Echolocation,/mnt/ubna_data_01_mir/recover-20220825/UBNA_002/20220823_033000.WAV,Telephone Field,recover-20220825,002,1795
55.3445,55.3818,68437,81622,Rhinolophus ferrumequinum,0.02,0.02,-1,Echolocation,/mnt/ubna_data_01_mir/recover-20220825/UBNA_002/20220823_033000.WAV,Telephone Field,recover-20220825,002,1795
55.3705,55.4093,68437,81898,Rhinolophus ferrumequinum,0.02,0.021,-1,Echolocation,/mnt/ubna_data_01_mir/recover-20220825/UBNA_002/20220823_033000.WAV,Telephone Field,recover-20220825,002,1795
55.3725,55.3802,28046,44112,Eptesicus serotinus,0.007,0.021,-1,Echolocation,/mnt/ubna_data_01_mir/recover-20220825/UBNA_002/20220823_033000.WAV,Telephone Field,recover-20220825,002,1795
55.454499999999996,55.4934,68437,82771,Rhinolophus ferrumequinum,0.021,0.021,-1,Echolocation,/mnt/ubna_data_01_mir/recover-20220825/UBNA_002/20220823_033000.WAV,Telephone Field,recover-20220825,002,1795
55.5245,55.563199999999995,68437,82213,Rhinolophus ferrumequinum,0.02,0.02,-1,Echolocation,/mnt/ubna_data_01_mir/recover-20220825/UBNA_002/20220823_033000.WAV,Telephone Field,recover-20220825,002,1795
55.5255,55.5332,49531,54345,Pipistrellus pipistrellus,0.02,0.022,-1,Echolocation,/mnt/ubna_data_01_mir/recover-20220825/UBNA_002/20220823_033000.WAV,Telephone Field,recover-20220825,002,1795
55.5385,55.5756,68437,81464,Rhinolophus ferrumequinum,0.021,0.021,-1,Echolocation,/mnt/ubna_data_01_mir/recover-20220825/UBNA_002/20220823_033000.WAV,Telephone Field,recover-20220825,002,1795
55.5565,55.5634,28046,42675,Eptesicus serotinus,0.008,0.026,-1,Echolocation,/mnt/ubna_data_01_mir/recover-20220825/UBNA_002/20220823_033000.WAV,Telephone Field,recover-20220825,002,1795
55.6105,55.6499,68437,81964,Rhinolophus ferrumequinum,0.02,0.02,-1,Echolocation,/mnt/ubna_data_01_mir/recover-20220825/UBNA_002/20220823_033000.WAV,Telephone Field,recover-20220825,002,1795
55.6325,55.6693,68437,82146,Rhinolophus ferrumequinum,0.02,0.02,-1,Echolocation,/mnt/ubna_data_01_mir/recover-20220825/UBNA_002/20220823_033000.WAV,Telephone Field,recover-20220825,002,1795
55.680499999999995,55.7154,68437,81329,Rhinolophus ferrumequinum,0.023,0.023,-1,Echolocation,/mnt/ubna_data_01_mir/recover-20220825/UBNA_002/20220823_033000.WAV,Telephone Field,recover-20220825,002,1795
55.6905,55.730000000000004,68437,81527,Rhinolophus ferrumequinum,0.021,0.021,-1,Echolocation,/mnt/ubna_data_01_mir/recover-20220825/UBNA_002/20220823_033000.WAV,Telephone Field,recover-20220825,002,1795
55.716499999999996,55.723600000000005,28046,39099,Eptesicus serotinus,0.007,0.021,-1,Echolocation,/mnt/ubna_data_01_mir/recover-20220825/UBNA_002/20220823_033000.WAV,Telephone Field,recover-20220825,002,1795
55.817499999999995,55.8542,68437,81602,Rhinolophus ferrumequinum,0.019,0.019,-1,Echolocation,/mnt/ubna_data_01_mir/recover-20220825/UBNA_002/20220823_033000.WAV,Telephone Field,recover-20220825,002,1795
55.8375,55.8772,68437,82560,Rhinolophus ferrumequinum,0.02,0.02,-1,Echolocation,/mnt/ubna_data_01_mir/recover-20220825/UBNA_002/20220823_033000.WAV,Telephone Field,recover-20220825,002,1795
55.8755,55.8826,28046,41313,Eptesicus serotinus,0.006,0.021,-1,Echolocation,/mnt/ubna_data_01_mir/recover-20220825/UBNA_002/20220823_033000.WAV,Telephone Field,recover-20220825,002,1795
55.9135,55.9493,68437,81949,Rhinolophus ferrumequinum,0.019,0.019,-1,Echolocation,/mnt/ubna_data_01_mir/recover-20220825/UBNA_002/20220823_033000.WAV,Telephone Field,recover-20220825,002,1795
55.960499999999996,55.998000000000005,68437,81598,Rhinolophus ferrumequinum,0.019,0.019,-1,Echolocation,/mnt/ubna_data_01_mir/recover-20220825/UBNA_002/20220823_033000.WAV,Telephone Field,recover-20220825,002,1795
55.9885,55.9979,28046,39293,Eptesicus serotinus,0.009,0.023,-1,Echolocation,/mnt/ubna_data_01_mir/recover-20220825/UBNA_002/20220823_033000.WAV,Telephone Field,recover-20220825,002,1795
56.0015,56.0161,19453,23364,Nyctalus leisleri,0.014,0.026,-1,Echolocation,/mnt/ubna_data_01_mir/recover-20220825/UBNA_002/20220823_033000.WAV,Telephone Field,recover-20220825,002,1795
56.0015,56.008700000000005,30625,44058,Myotis daubentonii,0.01,0.022,-1,Echolocation,/mnt/ubna_data_01_mir/recover-20220825/UBNA_002/20220823_033000.WAV,Telephone Field,recover-20220825,002,1795
56.0015,56.033699999999996,68437,80078,Rhinolophus ferrumequinum,0.036,0.036,-1,Echolocation,/mnt/ubna_data_01_mir/recover-20220825/UBNA_002/20220823_033000.WAV,Telephone Field,recover-20220825,002,1795
56.0095,56.0553,68437,82499,Rhinolophus ferrumequinum,0.027,0.027,-1,Echolocation,/mnt/ubna_data_01_mir/recover-20220825/UBNA_002/20220823_033000.WAV,Telephone Field,recover-20220825,002,1795
56.075500000000005,56.0874,36640,41995,Pipistrellus nathusii,0.009,0.022,-1,Echolocation,/mnt/ubna_data_01_mir/recover-20220825/UBNA_002/20220823_033000.WAV,Telephone Field,recover-20220825,002,1795
56.0965,56.1071,58125,63240,Pipistrellus pygmaeus,0.021,0.021,-1,Echolocation,/mnt/ubna_data_01_mir/recover-20220825/UBNA_002/20220823_033000.WAV,Telephone Field,recover-20220825,002,1795
56.1075,56.1143,28906,40438,Eptesicus serotinus,0.006,0.024,-1,Echolocation,/mnt/ubna_data_01_mir/recover-20220825/UBNA_002/20220823_033000.WAV,Telephone Field,recover-20220825,002,1795
56.1535,56.1916,68437,82405,Rhinolophus ferrumequinum,0.024,0.024,-1,Echolocation,/mnt/ubna_data_01_mir/recover-20220825/UBNA_002/20220823_033000.WAV,Telephone Field,recover-20220825,002,1795
56.161500000000004,56.17,23750,31296,Plecotus austriacus,0.009,0.025,-1,Echolocation,/mnt/ubna_data_01_mir/recover-20220825/UBNA_002/20220823_033000.WAV,Telephone Field,recover-20220825,002,1795
56.176500000000004,56.2145,68437,81789,Rhinolophus ferrumequinum,0.02,0.021,-1,Echolocation,/mnt/ubna_data_01_mir/recover-20220825/UBNA_002/20220823_033000.WAV,Telephone Field,recover-20220825,002,1795
56.1785,56.187200000000004,28046,38991,Eptesicus serotinus,0.009,0.025,-1,Echolocation,/mnt/ubna_data_01_mir/recover-20220825/UBNA_002/20220823_033000.WAV,Telephone Field,recover-20220825,002,1795
56.2155,56.2224,27187,39891,Eptesicus serotinus,0.006,0.025,-1,Echolocation,/mnt/ubna_data_01_mir/recover-20220825/UBNA_002/20220823_033000.WAV,Telephone Field,recover-20220825,002,1795
56.2445,56.2506,24609,39036,Myotis nattereri,0.009,0.027,-1,Echolocation,/mnt/ubna_data_01_mir/recover-20220825/UBNA_002/20220823_033000.WAV,Telephone Field,recover-20220825,002,1795
56.283500000000004,56.293800000000005,22890,28172,Nyctalus leisleri,0.01,0.022,-1,Echolocation,/mnt/ubna_data_01_mir/recover-20220825/UBNA_002/20220823_033000.WAV,Telephone Field,recover-20220825,002,1795
56.319500000000005,56.325500000000005,27187,38537,Eptesicus serotinus,0.007,0.029,-1,Echolocation,/mnt/ubna_data_01_mir/recover-20220825/UBNA_002/20220823_033000.WAV,Telephone Field,recover-20220825,002,1795
56.3585,56.4,68437,82696,Rhinolophus ferrumequinum,0.025,0.025,-1,Echolocation,/mnt/ubna_data_01_mir/recover-20220825/UBNA_002/20220823_033000.WAV,Telephone Field,recover-20220825,002,1795
56.3795,56.3899,26328,33353,Eptesicus serotinus,0.013,0.029,-1,Echolocation,/mnt/ubna_data_01_mir/recover-20220825/UBNA_002/20220823_033000.WAV,Telephone Field,recover-20220825,002,1795
56.3925,56.4371,68437,83410,Rhinolophus ferrumequinum,0.029,0.029,-1,Echolocation,/mnt/ubna_data_01_mir/recover-20220825/UBNA_002/20220823_033000.WAV,Telephone Field,recover-20220825,002,1795
56.4345,56.4453,28906,36620,Eptesicus serotinus,0.01,0.026,-1,Echolocation,/mnt/ubna_data_01_mir/recover-20220825/UBNA_002/20220823_033000.WAV,Telephone Field,recover-20220825,002,1795
56.5095,56.5206,25468,33205,Eptesicus serotinus,0.01,0.022,-1,Echolocation,/mnt/ubna_data_01_mir/recover-20220825/UBNA_002/20220823_033000.WAV,Telephone Field,recover-20220825,002,1795
56.536500000000004,56.544799999999995,28046,38790,Eptesicus serotinus,0.008,0.023,-1,Echolocation,/mnt/ubna_data_01_mir/recover-20220825/UBNA_002/20220823_033000.WAV,Telephone Field,recover-20220825,002,1795
56.5595,56.567499999999995,28046,38754,Eptesicus serotinus,0.006,0.021,-1,Echolocation,/mnt/ubna_data_01_mir/recover-20220825/UBNA_002/20220823_033000.WAV,Telephone Field,recover-20220825,002,1795
56.5595,56.5646,48671,54846,Pipistrellus pipistrellus,0.021,0.022,-1,Echolocation,/mnt/ubna_data_01_mir/recover-20220825/UBNA_002/20220823_033000.WAV,Telephone Field,recover-20220825,002,1795
56.575500000000005,56.6112,68437,81420,Rhinolophus ferrumequinum,0.021,0.021,-1,Echolocation,/mnt/ubna_data_01_mir/recover-20220825/UBNA_002/20220823_033000.WAV,Telephone Field,recover-20220825,002,1795
56.5865,56.6226,68437,80916,Rhinolophus ferrumequinum,0.021,0.021,-1,Echolocation,/mnt/ubna_data_01_mir/recover-20220825/UBNA_002/20220823_033000.WAV,Telephone Field,recover-20220825,002,1795
56.5965,56.6323,68437,81189,Rhinolophus ferrumequinum,0.02,0.021,-1,Echolocation,/mnt/ubna_data_01_mir/recover-20220825/UBNA_002/20220823_033000.WAV,Telephone Field,recover-20220825,002,1795
56.6085,56.6152,28906,40770,Myotis daubentonii,0.006,0.025,-1,Echolocation,/mnt/ubna_data_01_mir/recover-20220825/UBNA_002/20220823_033000.WAV,Telephone Field,recover-20220825,002,1795
56.683499999999995,56.6967,21171,26572,Nyctalus noctula,0.016,0.043,-1,Echolocation,/mnt/ubna_data_01_mir/recover-20220825/UBNA_002/20220823_033000.WAV,Telephone Field,recover-20220825,002,1795
56.6875,56.7252,68437,81768,Rhinolophus ferrumequinum,0.022,0.022,-1,Echolocation,/mnt/ubna_data_01_mir/recover-20220825/UBNA_002/20220823_033000.WAV,Telephone Field,recover-20220825,002,1795
56.7115,56.7227,23750,29420,Nyctalus leisleri,0.011,0.023,-1,Echolocation,/mnt/ubna_data_01_mir/recover-20220825/UBNA_002/20220823_033000.WAV,Telephone Field,recover-20220825,002,1795
56.7295,56.7689,68437,81591,Rhinolophus ferrumequinum,0.021,0.021,-1,Echolocation,/mnt/ubna_data_01_mir/recover-20220825/UBNA_002/20220823_033000.WAV,Telephone Field,recover-20220825,002,1795
56.7365,56.772999999999996,68437,81803,Rhinolophus ferrumequinum,0.022,0.022,-1,Echolocation,/mnt/ubna_data_01_mir/recover-20220825/UBNA_002/20220823_033000.WAV,Telephone Field,recover-20220825,002,1795
56.7585,56.799099999999996,68437,82048,Rhinolophus ferrumequinum,0.025,0.025,-1,Echolocation,/mnt/ubna_data_01_mir/recover-20220825/UBNA_002/20220823_033000.WAV,Telephone Field,recover-20220825,002,1795
56.7585,56.7679,45234,51374,Pipistrellus pipistrellus,0.018,0.022,-1,Echolocation,/mnt/ubna_data_01_mir/recover-20220825/UBNA_002/20220823_033000.WAV,Telephone Field,recover-20220825,002,1795
56.7605,56.7789,19453,22833,Nyctalus leisleri,0.014,0.029,-1,Echolocation,/mnt/ubna_data_01_mir/recover-20220825/UBNA_002/20220823_033000.WAV,Telephone Field,recover-20220825,002,1795
56.7675,56.7738,24609,35876,Plecotus austriacus,0.011,0.027,-1,Echolocation,/mnt/ubna_data_01_mir/recover-20220825/UBNA_002/20220823_033000.WAV,Telephone Field,recover-20220825,002,1795
56.7725,56.8063,68437,81117,Rhinolophus ferrumequinum,0.021,0.021,-1,Echolocation,/mnt/ubna_data_01_mir/recover-20220825/UBNA_002/20220823_033000.WAV,Telephone Field,recover-20220825,002,1795
56.8405,56.8617,18593,21407,Nyctalus noctula,0.011,0.022,-1,Echolocation,/mnt/ubna_data_01_mir/recover-20220825/UBNA_002/20220823_033000.WAV,Telephone Field,recover-20220825,002,1795
56.8605,56.8972,68437,82076,Rhinolophus ferrumequinum,0.021,0.021,-1,Echolocation,/mnt/ubna_data_01_mir/recover-20220825/UBNA_002/20220823_033000.WAV,Telephone Field,recover-20220825,002,1795
56.8625,56.8682,27187,47069,Myotis nattereri,0.007,0.026,-1,Echolocation,/mnt/ubna_data_01_mir/recover-20220825/UBNA_002/20220823_033000.WAV,Telephone Field,recover-20220825,002,1795
56.8715,56.8886,19453,22135,Nyctalus leisleri,0.015,0.026,-1,Echolocation,/mnt/ubna_data_01_mir/recover-20220825/UBNA_002/20220823_033000.WAV,Telephone Field,recover-20220825,002,1795
56.8885,56.9279,68437,82737,Rhinolophus ferrumequinum,0.025,0.025,-1,Echolocation,/mnt/ubna_data_01_mir/recover-20220825/UBNA_002/20220823_033000.WAV,Telephone Field,recover-20220825,002,1795
56.8955,56.935,68437,82594,Rhinolophus ferrumequinum,0.022,0.022,-1,Echolocation,/mnt/ubna_data_01_mir/recover-20220825/UBNA_002/20220823_033000.WAV,Telephone Field,recover-20220825,002,1795
56.9125,56.921099999999996,25468,33552,Eptesicus serotinus,0.008,0.023,-1,Echolocation,/mnt/ubna_data_01_mir/recover-20220825/UBNA_002/20220823_033000.WAV,Telephone Field,recover-20220825,002,1795
56.927499999999995,56.9672,68437,82202,Rhinolophus ferrumequinum,0.022,0.022,-1,Echolocation,/mnt/ubna_data_01_mir/recover-20220825/UBNA_002/20220823_033000.WAV,Telephone Field,recover-20220825,002,1795
56.9685,57.0066,68437,81916,Rhinolophus ferrumequinum,0.022,0.022,-1,Echolocation,/mnt/ubna_data_01_mir/recover-20220825/UBNA_002/20220823_033000.WAV,Telephone Field,recover-20220825,002,1795
57.0155,57.032399999999996,22031,25599,Nyctalus leisleri,0.041,0.069,-1,Echolocation,/mnt/ubna_data_01_mir/recover-20220825/UBNA_002/20220823_033000.WAV,Telephone Field,recover-20220825,002,1795
57.0275,57.0369,28046,37291,Eptesicus serotinus,0.009,0.022,-1,Echolocation,/mnt/ubna_data_01_mir/recover-20220825/UBNA_002/20220823_033000.WAV,Telephone Field,recover-20220825,002,1795
57.0375,57.077,68437,82085,Rhinolophus ferrumequinum,0.023,0.023,-1,Echolocation,/mnt/ubna_data_01_mir/recover-20220825/UBNA_002/20220823_033000.WAV,Telephone Field,recover-20220825,002,1795
57.064499999999995,57.103,68437,81710,Rhinolophus ferrumequinum,0.022,0.022,-1,Echolocation,/mnt/ubna_data_01_mir/recover-20220825/UBNA_002/20220823_033000.WAV,Telephone Field,recover-20220825,002,1795
57.070499999999996,57.1095,68437,82136,Rhinolophus ferrumequinum,0.021,0.022,-1,Echolocation,/mnt/ubna_data_01_mir/recover-20220825/UBNA_002/20220823_033000.WAV,Telephone Field,recover-20220825,002,1795
57.091499999999996,57.1322,68437,82668,Rhinolophus ferrumequinum,0.036,0.036,-1,Echolocation,/mnt/ubna_data_01_mir/recover-20220825/UBNA_002/20220823_033000.WAV,Telephone Field,recover-20220825,002,1795
57.1115,57.147800000000004,68437,81726,Rhinolophus ferrumequinum,0.023,0.023,-1,Echolocation,/mnt/ubna_data_01_mir/recover-20220825/UBNA_002/20220823_033000.WAV,Telephone Field,recover-20220825,002,1795
57.167500000000004,57.209599999999995,68437,82842,Rhinolophus ferrumequinum,0.026,0.026,-1,Echolocation,/mnt/ubna_data_01_mir/recover-20220825/UBNA_002/20220823_033000.WAV,Telephone Field,recover-20220825,002,1795
57.198499999999996,57.2389,68437,82272,Rhinolophus ferrumequinum,0.022,0.022,-1,Echolocation,/mnt/ubna_data_01_mir/recover-20220825/UBNA_002/20220823_033000.WAV,Telephone Field,recover-20220825,002,1795
57.2275,57.2346,27187,38820,Eptesicus serotinus,0.007,0.027,-1,Echolocation,/mnt/ubna_data_01_mir/recover-20220825/UBNA_002/20220823_033000.WAV,Telephone Field,recover-20220825,002,1795
57.2525,57.2915,68437,82255,Rhinolophus ferrumequinum,0.021,0.021,-1,Echolocation,/mnt/ubna_data_01_mir/recover-20220825/UBNA_002/20220823_033000.WAV,Telephone Field,recover-20220825,002,1795
57.2585,57.299800000000005,68437,82298,Rhinolophus ferrumequinum,0.022,0.022,-1,Echolocation,/mnt/ubna_data_01_mir/recover-20220825/UBNA_002/20220823_033000.WAV,Telephone Field,recover-20220825,002,1795
57.2825,57.3224,68437,81686,Rhinolophus ferrumequinum,0.029,0.029,-1,Echolocation,/mnt/ubna_data_01_mir/recover-20220825/UBNA_002/20220823_033000.WAV,Telephone Field,recover-20220825,002,1795
57.283500000000004,57.292100000000005,28046,40243,Eptesicus serotinus,0.008,0.022,-1,Echolocation,/mnt/ubna_data_01_mir/recover-20220825/UBNA_002/20220823_033000.WAV,Telephone Field,recover-20220825,002,1795
57.295500000000004,57.3369,68437,83064,Rhinolophus ferrumequinum,0.026,0.026,-1,Echolocation,/mnt/ubna_data_01_mir/recover-20220825/UBNA_002/20220823_033000.WAV,Telephone Field,recover-20220825,002,1795
57.2965,57.3073,22031,26356,Nyctalus leisleri,0.011,0.021,-1,Echolocation,/mnt/ubna_data_01_mir/recover-20220825/UBNA_002/20220823_033000.WAV,Telephone Field,recover-20220825,002,1795
57.307500000000005,57.346000000000004,68437,81888,Rhinolophus ferrumequinum,0.02,0.02,-1,Echolocation,/mnt/ubna_data_01_mir/recover-20220825/UBNA_002/20220823_033000.WAV,Telephone Field,recover-20220825,002,1795
57.317499999999995,57.3263,28906,40579,Eptesicus serotinus,0.008,0.022,-1,Echolocation,/mnt/ubna_data_01_mir/recover-20220825/UBNA_002/20220823_033000.WAV,Telephone Field,recover-20220825,002,1795
57.3745,57.3887,22890,26903,Nyctalus leisleri,0.018,0.032,-1,Echolocation,/mnt/ubna_data_01_mir/recover-20220825/UBNA_002/20220823_033000.WAV,Telephone Field,recover-20220825,002,1795
57.3765,57.4182,68437,83339,Rhinolophus ferrumequinum,0.026,0.026,-1,Echolocation,/mnt/ubna_data_01_mir/recover-20220825/UBNA_002/20220823_033000.WAV,Telephone Field,recover-20220825,002,1795
57.4005,57.4113,28046,35701,Eptesicus serotinus,0.017,0.032,-1,Echolocation,/mnt/ubna_data_01_mir/recover-20220825/UBNA_002/20220823_033000.WAV,Telephone Field,recover-20220825,002,1795
57.4015,57.4405,68437,81819,Rhinolophus ferrumequinum,0.029,0.029,-1,Echolocation,/mnt/ubna_data_01_mir/recover-20220825/UBNA_002/20220823_033000.WAV,Telephone Field,recover-20220825,002,1795
57.4195,57.458,68437,82047,Rhinolophus ferrumequinum,0.022,0.022,-1,Echolocation,/mnt/ubna_data_01_mir/recover-20220825/UBNA_002/20220823_033000.WAV,Telephone Field,recover-20220825,002,1795
57.4375,57.4748,68437,82192,Rhinolophus ferrumequinum,0.021,0.021,-1,Echolocation,/mnt/ubna_data_01_mir/recover-20220825/UBNA_002/20220823_033000.WAV,Telephone Field,recover-20220825,002,1795
57.4405,57.446799999999996,23750,34947,Plecotus austriacus,0.023,0.042,-1,Echolocation,/mnt/ubna_data_01_mir/recover-20220825/UBNA_002/20220823_033000.WAV,Telephone Field,recover-20220825,002,1795
57.4705,57.5066,68437,81478,Rhinolophus ferrumequinum,0.022,0.022,-1,Echolocation,/mnt/ubna_data_01_mir/recover-20220825/UBNA_002/20220823_033000.WAV,Telephone Field,recover-20220825,002,1795
57.5065,57.5186,46093,48993,Pipistrellus pipistrellus,0.052,0.056,-1,Echolocation,/mnt/ubna_data_01_mir/recover-20220825/UBNA_002/20220823_033000.WAV,Telephone Field,recover-20220825,002,1795
57.5205,57.561099999999996,68437,82448,Rhinolophus ferrumequinum,0.035,0.035,-1,Echolocation,/mnt/ubna_data_01_mir/recover-20220825/UBNA_002/20220823_033000.WAV,Telephone Field,recover-20220825,002,1795
57.5405,57.5762,68437,81266,Rhinolophus ferrumequinum,0.02,0.02,-1,Echolocation,/mnt/ubna_data_01_mir/recover-20220825/UBNA_002/20220823_033000.WAV,Telephone Field,recover-20220825,002,1795
57.545500000000004,57.5527,28046,36629,Eptesicus serotinus,0.017,0.045,-1,Echolocation,/mnt/ubna_data_01_mir/recover-20220825/UBNA_002/20220823_033000.WAV,Telephone Field,recover-20220825,002,1795
57.5905,57.6256,68437,80808,Rhinolophus ferrumequinum,0.023,0.023,-1,Echolocation,/mnt/ubna_data_01_mir/recover-20220825/UBNA_002/20220823_033000.WAV,Telephone Field,recover-20220825,002,1795
57.6405,57.681200000000004,68437,82365,Rhinolophus ferrumequinum,0.023,0.023,-1,Echolocation,/mnt/ubna_data_01_mir/recover-20220825/UBNA_002/20220823_033000.WAV,Telephone Field,recover-20220825,002,1795
57.6485,57.688199999999995,68437,82607,Rhinolophus ferrumequinum,0.022,0.022,-1,Echolocation,/mnt/ubna_data_01_mir/recover-20220825/UBNA_002/20220823_033000.WAV,Telephone Field,recover-20220825,002,1795
57.6565,57.697500000000005,68437,82485,Rhinolophus ferrumequinum,0.022,0.022,-1,Echolocation,/mnt/ubna_data_01_mir/recover-20220825/UBNA_002/20220823_033000.WAV,Telephone Field,recover-20220825,002,1795
57.673500000000004,57.685,26328,33358,Eptesicus serotinus,0.01,0.021,-1,Echolocation,/mnt/ubna_data_01_mir/recover-20220825/UBNA_002/20220823_033000.WAV,Telephone Field,recover-20220825,002,1795
57.677499999999995,57.715599999999995,68437,81380,Rhinolophus ferrumequinum,0.021,0.021,-1,Echolocation,/mnt/ubna_data_01_mir/recover-20220825/UBNA_002/20220823_033000.WAV,Telephone Field,recover-20220825,002,1795
57.716499999999996,57.756699999999995,68437,82336,Rhinolophus ferrumequinum,0.042,0.042,-1,Echolocation,/mnt/ubna_data_01_mir/recover-20220825/UBNA_002/20220823_033000.WAV,Telephone Field,recover-20220825,002,1795
57.7435,57.7827,68437,81608,Rhinolophus ferrumequinum,0.021,0.021,-1,Echolocation,/mnt/ubna_data_01_mir/recover-20220825/UBNA_002/20220823_033000.WAV,Telephone Field,recover-20220825,002,1795
57.7485,57.757000000000005,24609,32758,Plecotus austriacus,0.01,0.036,-1,Echolocation,/mnt/ubna_data_01_mir/recover-20220825/UBNA_002/20220823_033000.WAV,Telephone Field,recover-20220825,002,1795
57.7605,57.803,68437,83175,Rhinolophus ferrumequinum,0.03,0.03,-1,Echolocation,/mnt/ubna_data_01_mir/recover-20220825/UBNA_002/20220823_033000.WAV,Telephone Field,recover-20220825,002,1795
57.786500000000004,57.8231,68437,81846,Rhinolophus ferrumequinum,0.022,0.022,-1,Echolocation,/mnt/ubna_data_01_mir/recover-20220825/UBNA_002/20220823_033000.WAV,Telephone Field,recover-20220825,002,1795
57.795500000000004,57.834,68437,82062,Rhinolophus ferrumequinum,0.022,0.022,-1,Echolocation,/mnt/ubna_data_01_mir/recover-20220825/UBNA_002/20220823_033000.WAV,Telephone Field,recover-20220825,002,1795
57.8285,57.8662,68437,81770,Rhinolophus ferrumequinum,0.024,0.024,-1,Echolocation,/mnt/ubna_data_01_mir/recover-20220825/UBNA_002/20220823_033000.WAV,Telephone Field,recover-20220825,002,1795
57.8305,57.8471,22031,25675,Nyctalus leisleri,0.016,0.025,-1,Echolocation,/mnt/ubna_data_01_mir/recover-20220825/UBNA_002/20220823_033000.WAV,Telephone Field,recover-20220825,002,1795
57.8525,57.8602,52109,56844,Pipistrellus pipistrellus,0.019,0.023,-1,Echolocation,/mnt/ubna_data_01_mir/recover-20220825/UBNA_002/20220823_033000.WAV,Telephone Field,recover-20220825,002,1795
57.8735,57.912400000000005,68437,82409,Rhinolophus ferrumequinum,0.022,0.022,-1,Echolocation,/mnt/ubna_data_01_mir/recover-20220825/UBNA_002/20220823_033000.WAV,Telephone Field,recover-20220825,002,1795
57.8765,57.886700000000005,22031,27352,Nyctalus leisleri,0.01,0.024,-1,Echolocation,/mnt/ubna_data_01_mir/recover-20220825/UBNA_002/20220823_033000.WAV,Telephone Field,recover-20220825,002,1795
57.9285,57.9369,28046,36589,Eptesicus serotinus,0.007,0.021,-1,Echolocation,/mnt/ubna_data_01_mir/recover-20220825/UBNA_002/20220823_033000.WAV,Telephone Field,recover-20220825,002,1795
57.936499999999995,57.9546,21171,24444,Nyctalus leisleri,0.018,0.036,-1,Echolocation,/mnt/ubna_data_01_mir/recover-20220825/UBNA_002/20220823_033000.WAV,Telephone Field,recover-20220825,002,1795
57.945499999999996,57.955600000000004,24609,32059,Nyctalus leisleri,0.011,0.034,-1,Echolocation,/mnt/ubna_data_01_mir/recover-20220825/UBNA_002/20220823_033000.WAV,Telephone Field,recover-20220825,002,1795
57.947500000000005,57.9576,44375,48541,Pipistrellus pipistrellus,0.019,0.021,-1,Echolocation,/mnt/ubna_data_01_mir/recover-20220825/UBNA_002/20220823_033000.WAV,Telephone Field,recover-20220825,002,1795
57.947500000000005,57.982,68437,81848,Rhinolophus ferrumequinum,0.02,0.021,-1,Echolocation,/mnt/ubna_data_01_mir/recover-20220825/UBNA_002/20220823_033000.WAV,Telephone Field,recover-20220825,002,1795
57.9645,57.9995,68437,81111,Rhinolophus ferrumequinum,0.021,0.021,-1,Echolocation,/mnt/ubna_data_01_mir/recover-20220825/UBNA_002/20220823_033000.WAV,Telephone Field,recover-20220825,002,1795
57.9835,57.9901,26328,38323,Eptesicus serotinus,0.005,0.022,-1,Echolocation,/mnt/ubna_data_01_mir/recover-20220825/UBNA_002/20220823_033000.WAV,Telephone Field,recover-20220825,002,1795
58.0015,58.0108,29765,37514,Eptesicus serotinus,0.008,0.026,-1,Echolocation,/mnt/ubna_data_01_mir/recover-20220825/UBNA_002/20220823_033000.WAV,Telephone Field,recover-20220825,002,1795
58.0015,58.028,69296,81753,Rhinolophus ferrumequinum,0.034,0.034,-1,Echolocation,/mnt/ubna_data_01_mir/recover-20220825/UBNA_002/20220823_033000.WAV,Telephone Field,recover-20220825,002,1795
58.0385,58.0777,68437,82414,Rhinolophus ferrumequinum,0.023,0.023,-1,Echolocation,/mnt/ubna_data_01_mir/recover-20220825/UBNA_002/20220823_033000.WAV,Telephone Field,recover-20220825,002,1795
58.0415,58.049499999999995,27187,41027,Eptesicus serotinus,0.009,0.024,-1,Echolocation,/mnt/ubna_data_01_mir/recover-20220825/UBNA_002/20220823_033000.WAV,Telephone Field,recover-20220825,002,1795
58.061499999999995,58.101299999999995,68437,82734,Rhinolophus ferrumequinum,0.022,0.022,-1,Echolocation,/mnt/ubna_data_01_mir/recover-20220825/UBNA_002/20220823_033000.WAV,Telephone Field,recover-20220825,002,1795
58.085499999999996,58.124700000000004,68437,82362,Rhinolophus ferrumequinum,0.034,0.034,-1,Echolocation,/mnt/ubna_data_01_mir/recover-20220825/UBNA_002/20220823_033000.WAV,Telephone Field,recover-20220825,002,1795
58.1075,58.1182,28906,35861,Eptesicus serotinus,0.01,0.022,-1,Echolocation,/mnt/ubna_data_01_mir/recover-20220825/UBNA_002/20220823_033000.WAV,Telephone Field,recover-20220825,002,1795
58.1135,58.125,27187,34311,Eptesicus serotinus,0.01,0.022,-1,Echolocation,/mnt/ubna_data_01_mir/recover-20220825/UBNA_002/20220823_033000.WAV,Telephone Field,recover-20220825,002,1795
58.1315,58.1682,68437,82130,Rhinolophus ferrumequinum,0.022,0.022,-1,Echolocation,/mnt/ubna_data_01_mir/recover-20220825/UBNA_002/20220823_033000.WAV,Telephone Field,recover-20220825,002,1795
58.158500000000004,58.1948,68437,81813,Rhinolophus ferrumequinum,0.02,0.02,-1,Echolocation,/mnt/ubna_data_01_mir/recover-20220825/UBNA_002/20220823_033000.WAV,Telephone Field,recover-20220825,002,1795
58.191500000000005,58.2299,68437,82728,Rhinolophus ferrumequinum,0.021,0.021,-1,Echolocation,/mnt/ubna_data_01_mir/recover-20220825/UBNA_002/20220823_033000.WAV,Telephone Field,recover-20220825,002,1795
58.2225,58.2577,68437,81901,Rhinolophus ferrumequinum,0.02,0.02,-1,Echolocation,/mnt/ubna_data_01_mir/recover-20220825/UBNA_002/20220823_033000.WAV,Telephone Field,recover-20220825,002,1795
58.2315,58.2708,68437,81391,Rhinolophus ferrumequinum,0.021,0.021,-1,Echolocation,/mnt/ubna_data_01_mir/recover-20220825/UBNA_002/20220823_033000.WAV,Telephone Field,recover-20220825,002,1795
58.2445,58.283,68437,82989,Rhinolophus ferrumequinum,0.026,0.026,-1,Echolocation,/mnt/ubna_data_01_mir/recover-20220825/UBNA_002/20220823_033000.WAV,Telephone Field,recover-20220825,002,1795
58.2655,58.275,27187,35108,Eptesicus serotinus,0.023,0.043,-1,Echolocation,/mnt/ubna_data_01_mir/recover-20220825/UBNA_002/20220823_033000.WAV,Telephone Field,recover-20220825,002,1795
58.2875,58.2969,24609,31010,Nyctalus leisleri,0.009,0.023,-1,Echolocation,/mnt/ubna_data_01_mir/recover-20220825/UBNA_002/20220823_033000.WAV,Telephone Field,recover-20220825,002,1795
58.308499999999995,58.319,26328,34466,Eptesicus serotinus,0.009,0.02,-1,Echolocation,/mnt/ubna_data_01_mir/recover-20220825/UBNA_002/20220823_033000.WAV,Telephone Field,recover-20220825,002,1795
58.316500000000005,58.354600000000005,68437,81463,Rhinolophus ferrumequinum,0.027,0.027,-1,Echolocation,/mnt/ubna_data_01_mir/recover-20220825/UBNA_002/20220823_033000.WAV,Telephone Field,recover-20220825,002,1795
58.317499999999995,58.3262,27187,37186,Eptesicus serotinus,0.007,0.021,-1,Echolocation,/mnt/ubna_data_01_mir/recover-20220825/UBNA_002/20220823_033000.WAV,Telephone Field,recover-20220825,002,1795
58.3275,58.338,28046,35919,Eptesicus serotinus,0.011,0.025,-1,Echolocation,/mnt/ubna_data_01_mir/recover-20220825/UBNA_002/20220823_033000.WAV,Telephone Field,recover-20220825,002,1795
58.3475,58.3562,27187,39547,Eptesicus serotinus,0.007,0.02,-1,Echolocation,/mnt/ubna_data_01_mir/recover-20220825/UBNA_002/20220823_033000.WAV,Telephone Field,recover-20220825,002,1795
58.3495,58.3905,68437,82488,Rhinolophus ferrumequinum,0.034,0.034,-1,Echolocation,/mnt/ubna_data_01_mir/recover-20220825/UBNA_002/20220823_033000.WAV,Telephone Field,recover-20220825,002,1795
58.3805,58.390699999999995,28906,35725,Eptesicus serotinus,0.013,0.028,-1,Echolocation,/mnt/ubna_data_01_mir/recover-20220825/UBNA_002/20220823_033000.WAV,Telephone Field,recover-20220825,002,1795
58.411500000000004,58.419200000000004,28046,39541,Eptesicus serotinus,0.006,0.022,-1,Echolocation,/mnt/ubna_data_01_mir/recover-20220825/UBNA_002/20220823_033000.WAV,Telephone Field,recover-20220825,002,1795
58.441500000000005,58.4491,28046,39612,Eptesicus serotinus,0.007,0.025,-1,Echolocation,/mnt/ubna_data_01_mir/recover-20220825/UBNA_002/20220823_033000.WAV,Telephone Field,recover-20220825,002,1795
58.4535,58.4947,68437,83102,Rhinolophus ferrumequinum,0.022,0.022,-1,Echolocation,/mnt/ubna_data_01_mir/recover-20220825/UBNA_002/20220823_033000.WAV,Telephone Field,recover-20220825,002,1795
58.4625,58.4968,68437,81467,Rhinolophus ferrumequinum,0.02,0.021,-1,Echolocation,/mnt/ubna_data_01_mir/recover-20220825/UBNA_002/20220823_033000.WAV,Telephone Field,recover-20220825,002,1795
58.4755,58.4888,40078,43101,Pipistrellus nathusii,0.049,0.065,-1,Echolocation,/mnt/ubna_data_01_mir/recover-20220825/UBNA_002/20220823_033000.WAV,Telephone Field,recover-20220825,002,1795
58.4755,58.5115,68437,80550,Rhinolophus ferrumequinum,0.021,0.022,-1,Echolocation,/mnt/ubna_data_01_mir/recover-20220825/UBNA_002/20220823_033000.WAV,Telephone Field,recover-20220825,002,1795
58.5035,58.5434,68437,82071,Rhinolophus ferrumequinum,0.024,0.024,-1,Echolocation,/mnt/ubna_data_01_mir/recover-20220825/UBNA_002/20220823_033000.WAV,Telephone Field,recover-20220825,002,1795
58.5205,58.5604,68437,82661,Rhinolophus ferrumequinum,0.02,0.02,-1,Echolocation,/mnt/ubna_data_01_mir/recover-20220825/UBNA_002/20220823_033000.WAV,Telephone Field,recover-20220825,002,1795
58.5305,58.5454,23750,28097,Nyctalus leisleri,0.02,0.036,-1,Echolocation,/mnt/ubna_data_01_mir/recover-20220825/UBNA_002/20220823_033000.WAV,Telephone Field,recover-20220825,002,1795
58.539500000000004,58.5793,68437,82529,Rhinolophus ferrumequinum,0.02,0.02,-1,Echolocation,/mnt/ubna_data_01_mir/recover-20220825/UBNA_002/20220823_033000.WAV,Telephone Field,recover-20220825,002,1795
58.6075,58.6462,68437,82052,Rhinolophus ferrumequinum,0.021,0.021,-1,Echolocation,/mnt/ubna_data_01_mir/recover-20220825/UBNA_002/20220823_033000.WAV,Telephone Field,recover-20220825,002,1795
58.6515,58.6633,23750,29255,Nyctalus leisleri,0.013,0.027,-1,Echolocation,/mnt/ubna_data_01_mir/recover-20220825/UBNA_002/20220823_033000.WAV,Telephone Field,recover-20220825,002,1795
58.6595,58.6984,68437,82528,Rhinolophus ferrumequinum,0.026,0.026,-1,Echolocation,/mnt/ubna_data_01_mir/recover-20220825/UBNA_002/20220823_033000.WAV,Telephone Field,recover-20220825,002,1795
58.6605,58.6716,23750,29797,Nyctalus leisleri,0.009,0.02,-1,Echolocation,/mnt/ubna_data_01_mir/recover-20220825/UBNA_002/20220823_033000.WAV,Telephone Field,recover-20220825,002,1795
58.7195,58.7568,68437,82348,Rhinolophus ferrumequinum,0.021,0.022,-1,Echolocation,/mnt/ubna_data_01_mir/recover-20220825/UBNA_002/20220823_033000.WAV,Telephone Field,recover-20220825,002,1795
58.7285,58.7365,27187,40092,Eptesicus serotinus,0.006,0.02,-1,Echolocation,/mnt/ubna_data_01_mir/recover-20220825/UBNA_002/20220823_033000.WAV,Telephone Field,recover-20220825,002,1795
58.7465,58.7847,68437,83155,Rhinolophus ferrumequinum,0.026,0.026,-1,Echolocation,/mnt/ubna_data_01_mir/recover-20220825/UBNA_002/20220823_033000.WAV,Telephone Field,recover-20220825,002,1795
58.7875,58.8228,68437,81800,Rhinolophus ferrumequinum,0.021,0.021,-1,Echolocation,/mnt/ubna_data_01_mir/recover-20220825/UBNA_002/20220823_033000.WAV,Telephone Field,recover-20220825,002,1795
58.801500000000004,58.841899999999995,68437,82067,Rhinolophus ferrumequinum,0.02,0.02,-1,Echolocation,/mnt/ubna_data_01_mir/recover-20220825/UBNA_002/20220823_033000.WAV,Telephone Field,recover-20220825,002,1795
58.8395,58.879599999999996,68437,83068,Rhinolophus ferrumequinum,0.02,0.02,-1,Echolocation,/mnt/ubna_data_01_mir/recover-20220825/UBNA_002/20220823_033000.WAV,Telephone Field,recover-20220825,002,1795
58.8535,58.8651,23750,28962,Nyctalus leisleri,0.012,0.024,-1,Echolocation,/mnt/ubna_data_01_mir/recover-20220825/UBNA_002/20220823_033000.WAV,Telephone Field,recover-20220825,002,1795
58.8595,58.8677,28046,37247,Eptesicus serotinus,0.007,0.021,-1,Echolocation,/mnt/ubna_data_01_mir/recover-20220825/UBNA_002/20220823_033000.WAV,Telephone Field,recover-20220825,002,1795
58.8795,58.9142,68437,81777,Rhinolophus ferrumequinum,0.021,0.021,-1,Echolocation,/mnt/ubna_data_01_mir/recover-20220825/UBNA_002/20220823_033000.WAV,Telephone Field,recover-20220825,002,1795
58.911500000000004,58.919799999999995,28046,37447,Eptesicus serotinus,0.008,0.025,-1,Echolocation,/mnt/ubna_data_01_mir/recover-20220825/UBNA_002/20220823_033000.WAV,Telephone Field,recover-20220825,002,1795
58.929500000000004,58.968900000000005,68437,82251,Rhinolophus ferrumequinum,0.027,0.027,-1,Echolocation,/mnt/ubna_data_01_mir/recover-20220825/UBNA_002/20220823_033000.WAV,Telephone Field,recover-20220825,002,1795
58.9585,58.9978,68437,82371,Rhinolophus ferrumequinum,0.022,0.022,-1,Echolocation,/mnt/ubna_data_01_mir/recover-20220825/UBNA_002/20220823_033000.WAV,Telephone Field,recover-20220825,002,1795
58.9945,59.001400000000004,27187,39207,Eptesicus serotinus,0.006,0.021,-1,Echolocation,/mnt/ubna_data_01_mir/recover-20220825/UBNA_002/20220823_033000.WAV,Telephone Field,recover-20220825,002,1795
59.0025,59.0196,20312,23186,Nyctalus leisleri,0.013,0.02,-1,Echolocation,/mnt/ubna_data_01_mir/recover-20220825/UBNA_002/20220823_033000.WAV,Telephone Field,recover-20220825,002,1795
59.0065,59.045500000000004,68437,82119,Rhinolophus ferrumequinum,0.021,0.021,-1,Echolocation,/mnt/ubna_data_01_mir/recover-20220825/UBNA_002/20220823_033000.WAV,Telephone Field,recover-20220825,002,1795
59.0095,59.0212,22031,25827,Nyctalus leisleri,0.013,0.021,-1,Echolocation,/mnt/ubna_data_01_mir/recover-20220825/UBNA_002/20220823_033000.WAV,Telephone Field,recover-20220825,002,1795
59.0355,59.0719,68437,82130,Rhinolophus ferrumequinum,0.02,0.02,-1,Echolocation,/mnt/ubna_data_01_mir/recover-20220825/UBNA_002/20220823_033000.WAV,Telephone Field,recover-20220825,002,1795
59.069500000000005,59.11,68437,82612,Rhinolophus ferrumequinum,0.022,0.022,-1,Echolocation,/mnt/ubna_data_01_mir/recover-20220825/UBNA_002/20220823_033000.WAV,Telephone Field,recover-20220825,002,1795
59.085499999999996,59.094300000000004,28046,38896,Eptesicus serotinus,0.007,0.02,-1,Echolocation,/mnt/ubna_data_01_mir/recover-20220825/UBNA_002/20220823_033000.WAV,Telephone Field,recover-20220825,002,1795
59.091499999999996,59.0995,28046,37063,Eptesicus serotinus,0.007,0.02,-1,Echolocation,/mnt/ubna_data_01_mir/recover-20220825/UBNA_002/20220823_033000.WAV,Telephone Field,recover-20220825,002,1795
59.1205,59.153400000000005,68437,81656,Rhinolophus ferrumequinum,0.022,0.022,-1,Echolocation,/mnt/ubna_data_01_mir/recover-20220825/UBNA_002/20220823_033000.WAV,Telephone Field,recover-20220825,002,1795
59.1305,59.140699999999995,28906,36169,Eptesicus serotinus,0.008,0.022,-1,Echolocation,/mnt/ubna_data_01_mir/recover-20220825/UBNA_002/20220823_033000.WAV,Telephone Field,recover-20220825,002,1795
59.1505,59.1918,68437,82435,Rhinolophus ferrumequinum,0.032,0.032,-1,Echolocation,/mnt/ubna_data_01_mir/recover-20220825/UBNA_002/20220823_033000.WAV,Telephone Field,recover-20220825,002,1795
59.179500000000004,59.2198,68437,81865,Rhinolophus ferrumequinum,0.021,0.021,-1,Echolocation,/mnt/ubna_data_01_mir/recover-20220825/UBNA_002/20220823_033000.WAV,Telephone Field,recover-20220825,002,1795
59.179500000000004,59.1877,53828,58333,Pipistrellus pygmaeus,0.022,0.024,-1,Echolocation,/mnt/ubna_data_01_mir/recover-20220825/UBNA_002/20220823_033000.WAV,Telephone Field,recover-20220825,002,1795
59.195499999999996,59.2314,68437,81925,Rhinolophus ferrumequinum,0.021,0.021,-1,Echolocation,/mnt/ubna_data_01_mir/recover-20220825/UBNA_002/20220823_033000.WAV,Telephone Field,recover-20220825,002,1795
59.2035,59.2419,68437,81311,Rhinolophus ferrumequinum,0.022,0.022,-1,Echolocation,/mnt/ubna_data_01_mir/recover-20220825/UBNA_002/20220823_033000.WAV,Telephone Field,recover-20220825,002,1795
59.2755,59.313,68437,81412,Rhinolophus ferrumequinum,0.024,0.024,-1,Echolocation,/mnt/ubna_data_01_mir/recover-20220825/UBNA_002/20220823_033000.WAV,Telephone Field,recover-20220825,002,1795
59.2945,59.302499999999995,27187,36739,Eptesicus serotinus,0.007,0.022,-1,Echolocation,/mnt/ubna_data_01_mir/recover-20220825/UBNA_002/20220823_033000.WAV,Telephone Field,recover-20220825,002,1795
59.308499999999995,59.3201,23750,29107,Nyctalus leisleri,0.013,0.03,-1,Echolocation,/mnt/ubna_data_01_mir/recover-20220825/UBNA_002/20220823_033000.WAV,Telephone Field,recover-20220825,002,1795
59.3125,59.3501,68437,81740,Rhinolophus ferrumequinum,0.02,0.02,-1,Echolocation,/mnt/ubna_data_01_mir/recover-20220825/UBNA_002/20220823_033000.WAV,Telephone Field,recover-20220825,002,1795
59.326499999999996,59.335300000000004,50390,54920,Pipistrellus pipistrellus,0.025,0.029,-1,Echolocation,/mnt/ubna_data_01_mir/recover-20220825/UBNA_002/20220823_033000.WAV,Telephone Field,recover-20220825,002,1795
59.3445,59.3823,68437,82230,Rhinolophus ferrumequinum,0.023,0.023,-1,Echolocation,/mnt/ubna_data_01_mir/recover-20220825/UBNA_002/20220823_033000.WAV,Telephone Field,recover-20220825,002,1795
59.3695,59.4011,68437,80477,Rhinolophus ferrumequinum,0.02,0.02,-1,Echolocation,/mnt/ubna_data_01_mir/recover-20220825/UBNA_002/20220823_033000.WAV,Telephone Field,recover-20220825,002,1795
59.3745,59.385400000000004,22890,27992,Nyctalus leisleri,0.01,0.02,-1,Echolocation,/mnt/ubna_data_01_mir/recover-20220825/UBNA_002/20220823_033000.WAV,Telephone Field,recover-20220825,002,1795
59.3805,59.417500000000004,68437,81530,Rhinolophus ferrumequinum,0.02,0.021,-1,Echolocation,/mnt/ubna_data_01_mir/recover-20220825/UBNA_002/20220823_033000.WAV,Telephone Field,recover-20220825,002,1795
59.3995,59.436099999999996,68437,81672,Rhinolophus ferrumequinum,0.021,0.021,-1,Echolocation,/mnt/ubna_data_01_mir/recover-20220825/UBNA_002/20220823_033000.WAV,Telephone Field,recover-20220825,002,1795
59.4105,59.420500000000004,23750,30908,Eptesicus serotinus,0.007,0.021,-1,Echolocation,/mnt/ubna_data_01_mir/recover-20220825/UBNA_002/20220823_033000.WAV,Telephone Field,recover-20220825,002,1795
59.427499999999995,59.465900000000005,68437,82184,Rhinolophus ferrumequinum,0.02,0.02,-1,Echolocation,/mnt/ubna_data_01_mir/recover-20220825/UBNA_002/20220823_033000.WAV,Telephone Field,recover-20220825,002,1795
59.457499999999996,59.466499999999996,28046,39306,Eptesicus serotinus,0.009,0.025,-1,Echolocation,/mnt/ubna_data_01_mir/recover-20220825/UBNA_002/20220823_033000.WAV,Telephone Field,recover-20220825,002,1795
59.5015,59.5429,68437,82621,Rhinolophus ferrumequinum,0.03,0.03,-1,Echolocation,/mnt/ubna_data_01_mir/recover-20220825/UBNA_002/20220823_033000.WAV,Telephone Field,recover-20220825,002,1795
59.5115,59.5516,68437,82940,Rhinolophus ferrumequinum,0.027,0.027,-1,Echolocation,/mnt/ubna_data_01_mir/recover-20220825/UBNA_002/20220823_033000.WAV,Telephone Field,recover-20220825,002,1795
59.5175,59.5607,68437,82751,Rhinolophus ferrumequinum,0.026,0.026,-1,Echolocation,/mnt/ubna_data_01_mir/recover-20220825/UBNA_002/20220823_033000.WAV,Telephone Field,recover-20220825,002,1795
59.5385,59.547799999999995,28906,37877,Eptesicus serotinus,0.012,0.03,-1,Echolocation,/mnt/ubna_data_01_mir/recover-20220825/UBNA_002/20220823_033000.WAV,Telephone Field,recover-20220825,002,1795
59.588499999999996,59.6269,68437,82219,Rhinolophus ferrumequinum,0.022,0.022,-1,Echolocation,/mnt/ubna_data_01_mir/recover-20220825/UBNA_002/20220823_033000.WAV,Telephone Field,recover-20220825,002,1795
59.6145,59.656,68437,82632,Rhinolophus ferrumequinum,0.024,0.024,-1,Echolocation,/mnt/ubna_data_01_mir/recover-20220825/UBNA_002/20220823_033000.WAV,Telephone Field,recover-20220825,002,1795
59.6235,59.664699999999996,68437,82379,Rhinolophus ferrumequinum,0.023,0.023,-1,Echolocation,/mnt/ubna_data_01_mir/recover-20220825/UBNA_002/20220823_033000.WAV,Telephone Field,recover-20220825,002,1795
59.6335,59.6405,24609,34661,Plecotus austriacus,0.008,0.021,-1,Echolocation,/mnt/ubna_data_01_mir/recover-20220825/UBNA_002/20220823_033000.WAV,Telephone Field,recover-20220825,002,1795
59.6465,59.6862,68437,82201,Rhinolophus ferrumequinum,0.023,0.023,-1,Echolocation,/mnt/ubna_data_01_mir/recover-20220825/UBNA_002/20220823_033000.WAV,Telephone Field,recover-20220825,002,1795
59.6505,59.6619,24609,30753,Nyctalus leisleri,0.009,0.022,-1,Echolocation,/mnt/ubna_data_01_mir/recover-20220825/UBNA_002/20220823_033000.WAV,Telephone Field,recover-20220825,002,1795
59.658500000000004,59.668099999999995,25468,33670,Eptesicus serotinus,0.008,0.025,-1,Echolocation,/mnt/ubna_data_01_mir/recover-20220825/UBNA_002/20220823_033000.WAV,Telephone Field,recover-20220825,002,1795
59.670500000000004,59.7087,68437,81778,Rhinolophus ferrumequinum,0.022,0.022,-1,Echolocation,/mnt/ubna_data_01_mir/recover-20220825/UBNA_002/20220823_033000.WAV,Telephone Field,recover-20220825,002,1795
59.673500000000004,59.6844,23750,28879,Nyctalus leisleri,0.01,0.02,-1,Echolocation,/mnt/ubna_data_01_mir/recover-20220825/UBNA_002/20220823_033000.WAV,Telephone Field,recover-20220825,002,1795
59.6875,59.696,28906,37436,Eptesicus serotinus,0.015,0.036,-1,Echolocation,/mnt/ubna_data_01_mir/recover-20220825/UBNA_002/20220823_033000.WAV,Telephone Field,recover-20220825,002,1795
59.716499999999996,59.7564,68437,82297,Rhinolophus ferrumequinum,0.026,0.026,-1,Echolocation,/mnt/ubna_data_01_mir/recover-20220825/UBNA_002/20220823_033000.WAV,Telephone Field,recover-20220825,002,1795
59.7475,59.780100000000004,68437,80846,Rhinolophus ferrumequinum,0.022,0.022,-1,Echolocation,/mnt/ubna_data_01_mir/recover-20220825/UBNA_002/20220823_033000.WAV,Telephone Field,recover-20220825,002,1795
59.783500000000004,59.7933,28046,36425,Eptesicus serotinus,0.008,0.022,-1,Echolocation,/mnt/ubna_data_01_mir/recover-20220825/UBNA_002/20220823_033000.WAV,Telephone Field,recover-20220825,002,1795
59.8035,59.844,68437,82728,Rhinolophus ferrumequinum,0.022,0.022,-1,Echolocation,/mnt/ubna_data_01_mir/recover-20220825/UBNA_002/20220823_033000.WAV,Telephone Field,recover-20220825,002,1795
59.8095,59.849599999999995,68437,83323,Rhinolophus ferrumequinum,0.023,0.023,-1,Echolocation,/mnt/ubna_data_01_mir/recover-20220825/UBNA_002/20220823_033000.WAV,Telephone Field,recover-20220825,002,1795
59.835499999999996,59.8779,68437,82750,Rhinolophus ferrumequinum,0.024,0.024,-1,Echolocation,/mnt/ubna_data_01_mir/recover-20220825/UBNA_002/20220823_033000.WAV,Telephone Field,recover-20220825,002,1795
59.838499999999996,59.846900000000005,28046,38283,Eptesicus serotinus,0.009,0.025,-1,Echolocation,/mnt/ubna_data_01_mir/recover-20220825/UBNA_002/20220823_033000.WAV,Telephone Field,recover-20220825,002,1795
59.8395,59.8497,22031,28050,Nyctalus leisleri,0.01,0.025,-1,Echolocation,/mnt/ubna_data_01_mir/recover-20220825/UBNA_002/20220823_033000.WAV,Telephone Field,recover-20220825,002,1795
59.9025,59.918099999999995,22890,26284,Nyctalus leisleri,0.02,0.03,-1,Echolocation,/mnt/ubna_data_01_mir/recover-20220825/UBNA_002/20220823_033000.WAV,Telephone Field,recover-20220825,002,1795
59.9035,59.9418,68437,81902,Rhinolophus ferrumequinum,0.022,0.022,-1,Echolocation,/mnt/ubna_data_01_mir/recover-20220825/UBNA_002/20220823_033000.WAV,Telephone Field,recover-20220825,002,1795
59.926500000000004,59.9366,28046,36951,Eptesicus serotinus,0.009,0.021,-1,Echolocation,/mnt/ubna_data_01_mir/recover-20220825/UBNA_002/20220823_033000.WAV,Telephone Field,recover-20220825,002,1795
59.9585,59.9691,22890,28981,Nyctalus leisleri,0.009,0.022,-1,Echolocation,/mnt/ubna_data_01_mir/recover-20220825/UBNA_002/20220823_033000.WAV,Telephone Field,recover-20220825,002,1795
59.9585,59.9666,28046,39234,Eptesicus serotinus,0.006,0.021,-1,Echolocation,/mnt/ubna_data_01_mir/recover-20220825/UBNA_002/20220823_033000.WAV,Telephone Field,recover-20220825,002,1795
59.9735,59.984300000000005,27187,34169,Eptesicus serotinus,0.01,0.022,-1,Echolocation,/mnt/ubna_data_01_mir/recover-20220825/UBNA_002/20220823_033000.WAV,Telephone Field,recover-20220825,002,1795
59.9825,59.992599999999996,22890,28568,Nyctalus leisleri,0.009,0.021,-1,Echolocation,/mnt/ubna_data_01_mir/recover-20220825/UBNA_002/20220823_033000.WAV,Telephone Field,recover-20220825,002,1795
60.0015,60.0118,30625,36821,Eptesicus serotinus,0.009,0.028,-1,Echolocation,/mnt/ubna_data_01_mir/recover-20220825/UBNA_002/20220823_033000.WAV,Telephone Field,recover-20220825,002,1795
60.0015,60.0095,21171,27775,Nyctalus leisleri,0.009,0.028,-1,Echolocation,/mnt/ubna_data_01_mir/recover-20220825/UBNA_002/20220823_033000.WAV,Telephone Field,recover-20220825,002,1795
60.0015,60.0352,69296,81110,Rhinolophus ferrumequinum,0.031,0.031,-1,Echolocation,/mnt/ubna_data_01_mir/recover-20220825/UBNA_002/20220823_033000.WAV,Telephone Field,recover-20220825,002,1795
60.0405,60.0791,68437,82128,Rhinolophus ferrumequinum,0.023,0.023,-1,Echolocation,/mnt/ubna_data_01_mir/recover-20220825/UBNA_002/20220823_033000.WAV,Telephone Field,recover-20220825,002,1795
60.0475,60.0549,28046,40346,Eptesicus serotinus,0.006,0.023,-1,Echolocation,/mnt/ubna_data_01_mir/recover-20220825/UBNA_002/20220823_033000.WAV,Telephone Field,recover-20220825,002,1795
60.0545,60.0654,22890,28412,Nyctalus leisleri,0.013,0.028,-1,Echolocation,/mnt/ubna_data_01_mir/recover-20220825/UBNA_002/20220823_033000.WAV,Telephone Field,recover-20220825,002,1795
60.0805,60.0889,27187,43918,Eptesicus serotinus,0.007,0.021,-1,Echolocation,/mnt/ubna_data_01_mir/recover-20220825/UBNA_002/20220823_033000.WAV,Telephone Field,recover-20220825,002,1795
60.1835,60.2246,68437,82480,Rhinolophus ferrumequinum,0.032,0.032,-1,Echolocation,/mnt/ubna_data_01_mir/recover-20220825/UBNA_002/20220823_033000.WAV,Telephone Field,recover-20220825,002,1795
60.2025,60.2415,68437,82174,Rhinolophus ferrumequinum,0.021,0.021,-1,Echolocation,/mnt/ubna_data_01_mir/recover-20220825/UBNA_002/20220823_033000.WAV,Telephone Field,recover-20220825,002,1795
60.2245,60.2311,27187,38508,Eptesicus serotinus,0.007,0.025,-1,Echolocation,/mnt/ubna_data_01_mir/recover-20220825/UBNA_002/20220823_033000.WAV,Telephone Field,recover-20220825,002,1795
60.3035,60.3135,26328,33721,Eptesicus serotinus,0.009,0.023,-1,Echolocation,/mnt/ubna_data_01_mir/recover-20220825/UBNA_002/20220823_033000.WAV,Telephone Field,recover-20220825,002,1795
60.3245,60.3357,22890,28237,Nyctalus leisleri,0.012,0.026,-1,Echolocation,/mnt/ubna_data_01_mir/recover-20220825/UBNA_002/20220823_033000.WAV,Telephone Field,recover-20220825,002,1795
60.3305,60.3361,27187,39676,Plecotus auritus,0.007,0.028,-1,Echolocation,/mnt/ubna_data_01_mir/recover-20220825/UBNA_002/20220823_033000.WAV,Telephone Field,recover-20220825,002,1795
60.3425,60.3804,68437,82328,Rhinolophus ferrumequinum,0.022,0.023,-1,Echolocation,/mnt/ubna_data_01_mir/recover-20220825/UBNA_002/20220823_033000.WAV,Telephone Field,recover-20220825,002,1795
60.3645,60.4042,68437,82518,Rhinolophus ferrumequinum,0.023,0.023,-1,Echolocation,/mnt/ubna_data_01_mir/recover-20220825/UBNA_002/20220823_033000.WAV,Telephone Field,recover-20220825,002,1795
60.4065,60.4174,30625,37198,Eptesicus serotinus,0.038,0.072,-1,Echolocation,/mnt/ubna_data_01_mir/recover-20220825/UBNA_002/20220823_033000.WAV,Telephone Field,recover-20220825,002,1795
60.4205,60.4612,68437,82786,Rhinolophus ferrumequinum,0.026,0.026,-1,Echolocation,/mnt/ubna_data_01_mir/recover-20220825/UBNA_002/20220823_033000.WAV,Telephone Field,recover-20220825,002,1795
60.4415,60.4789,68437,82175,Rhinolophus ferrumequinum,0.022,0.022,-1,Echolocation,/mnt/ubna_data_01_mir/recover-20220825/UBNA_002/20220823_033000.WAV,Telephone Field,recover-20220825,002,1795
60.4815,60.5202,68437,82657,Rhinolophus ferrumequinum,0.025,0.025,-1,Echolocation,/mnt/ubna_data_01_mir/recover-20220825/UBNA_002/20220823_033000.WAV,Telephone Field,recover-20220825,002,1795
60.4885,60.4973,28906,37501,Eptesicus serotinus,0.007,0.021,-1,Echolocation,/mnt/ubna_data_01_mir/recover-20220825/UBNA_002/20220823_033000.WAV,Telephone Field,recover-20220825,002,1795
60.5145,60.5504,68437,81779,Rhinolophus ferrumequinum,0.022,0.022,-1,Echolocation,/mnt/ubna_data_01_mir/recover-20220825/UBNA_002/20220823_033000.WAV,Telephone Field,recover-20220825,002,1795
60.5235,60.5331,27187,36317,Eptesicus serotinus,0.01,0.024,-1,Echolocation,/mnt/ubna_data_01_mir/recover-20220825/UBNA_002/20220823_033000.WAV,Telephone Field,recover-20220825,002,1795
60.5745,60.612,68437,81680,Rhinolophus ferrumequinum,0.022,0.022,-1,Echolocation,/mnt/ubna_data_01_mir/recover-20220825/UBNA_002/20220823_033000.WAV,Telephone Field,recover-20220825,002,1795
60.6095,60.6192,21171,27085,Plecotus austriacus,0.009,0.024,-1,Echolocation,/mnt/ubna_data_01_mir/recover-20220825/UBNA_002/20220823_033000.WAV,Telephone Field,recover-20220825,002,1795
60.6185,60.6298,22890,27577,Nyctalus leisleri,0.011,0.022,-1,Echolocation,/mnt/ubna_data_01_mir/recover-20220825/UBNA_002/20220823_033000.WAV,Telephone Field,recover-20220825,002,1795
60.6215,60.6601,68437,81973,Rhinolophus ferrumequinum,0.023,0.023,-1,Echolocation,/mnt/ubna_data_01_mir/recover-20220825/UBNA_002/20220823_033000.WAV,Telephone Field,recover-20220825,002,1795
60.6475,60.6902,68437,82253,Rhinolophus ferrumequinum,0.021,0.021,-1,Echolocation,/mnt/ubna_data_01_mir/recover-20220825/UBNA_002/20220823_033000.WAV,Telephone Field,recover-20220825,002,1795
60.6535,60.6629,27187,37739,Eptesicus serotinus,0.011,0.026,-1,Echolocation,/mnt/ubna_data_01_mir/recover-20220825/UBNA_002/20220823_033000.WAV,Telephone Field,recover-20220825,002,1795
60.6735,60.6814,28046,40370,Eptesicus serotinus,0.007,0.022,-1,Echolocation,/mnt/ubna_data_01_mir/recover-20220825/UBNA_002/20220823_033000.WAV,Telephone Field,recover-20220825,002,1795
60.6915,60.6993,22890,31391,Plecotus austriacus,0.01,0.022,-1,Echolocation,/mnt/ubna_data_01_mir/recover-20220825/UBNA_002/20220823_033000.WAV,Telephone Field,recover-20220825,002,1795
60.7145,60.7254,28046,35887,Eptesicus serotinus,0.012,0.028,-1,Echolocation,/mnt/ubna_data_01_mir/recover-20220825/UBNA_002/20220823_033000.WAV,Telephone Field,recover-20220825,002,1795
60.7485,60.758,28046,36110,Eptesicus serotinus,0.008,0.021,-1,Echolocation,/mnt/ubna_data_01_mir/recover-20220825/UBNA_002/20220823_033000.WAV,Telephone Field,recover-20220825,002,1795
60.7615,60.7701,23750,32030,Plecotus austriacus,0.006,0.021,-1,Echolocation,/mnt/ubna_data_01_mir/recover-20220825/UBNA_002/20220823_033000.WAV,Telephone Field,recover-20220825,002,1795
60.7915,60.8011,28906,37331,Eptesicus serotinus,0.008,0.021,-1,Echolocation,/mnt/ubna_data_01_mir/recover-20220825/UBNA_002/20220823_033000.WAV,Telephone Field,recover-20220825,002,1795
60.8085,60.8166,28046,38192,Eptesicus serotinus,0.007,0.022,-1,Echolocation,/mnt/ubna_data_01_mir/recover-20220825/UBNA_002/20220823_033000.WAV,Telephone Field,recover-20220825,002,1795
60.8165,60.8278,25468,31745,Eptesicus serotinus,0.01,0.025,-1,Echolocation,/mnt/ubna_data_01_mir/recover-20220825/UBNA_002/20220823_033000.WAV,Telephone Field,recover-20220825,002,1795
60.8235,60.8325,28046,38203,Eptesicus serotinus,0.009,0.024,-1,Echolocation,/mnt/ubna_data_01_mir/recover-20220825/UBNA_002/20220823_033000.WAV,Telephone Field,recover-20220825,002,1795
60.8725,60.9064,68437,80950,Rhinolophus ferrumequinum,0.022,0.022,-1,Echolocation,/mnt/ubna_data_01_mir/recover-20220825/UBNA_002/20220823_033000.WAV,Telephone Field,recover-20220825,002,1795
60.8835,60.8931,24609,31720,Eptesicus serotinus,0.007,0.022,-1,Echolocation,/mnt/ubna_data_01_mir/recover-20220825/UBNA_002/20220823_033000.WAV,Telephone Field,recover-20220825,002,1795
60.8985,60.9354,68437,82055,Rhinolophus ferrumequinum,0.022,0.022,-1,Echolocation,/mnt/ubna_data_01_mir/recover-20220825/UBNA_002/20220823_033000.WAV,Telephone Field,recover-20220825,002,1795
60.9115,60.9535,68437,82454,Rhinolophus ferrumequinum,0.026,0.026,-1,Echolocation,/mnt/ubna_data_01_mir/recover-20220825/UBNA_002/20220823_033000.WAV,Telephone Field,recover-20220825,002,1795
60.9135,60.9335,18593,22187,Nyctalus noctula,0.016,0.027,-1,Echolocation,/mnt/ubna_data_01_mir/recover-20220825/UBNA_002/20220823_033000.WAV,Telephone Field,recover-20220825,002,1795
60.9465,60.9559,28906,38573,Eptesicus serotinus,0.01,0.023,-1,Echolocation,/mnt/ubna_data_01_mir/recover-20220825/UBNA_002/20220823_033000.WAV,Telephone Field,recover-20220825,002,1795
60.9475,60.9868,68437,82155,Rhinolophus ferrumequinum,0.021,0.021,-1,Echolocation,/mnt/ubna_data_01_mir/recover-20220825/UBNA_002/20220823_033000.WAV,Telephone Field,recover-20220825,002,1795
60.9635,60.997,68437,81725,Rhinolophus ferrumequinum,0.021,0.021,-1,Echolocation,/mnt/ubna_data_01_mir/recover-20220825/UBNA_002/20220823_033000.WAV,Telephone Field,recover-20220825,002,1795
60.9745,61.012,68437,81675,Rhinolophus ferrumequinum,0.021,0.021,-1,Echolocation,/mnt/ubna_data_01_mir/recover-20220825/UBNA_002/20220823_033000.WAV,Telephone Field,recover-20220825,002,1795
60.9995,61.0083,28046,37179,Eptesicus serotinus,0.009,0.024,-1,Echolocation,/mnt/ubna_data_01_mir/recover-20220825/UBNA_002/20220823_033000.WAV,Telephone Field,recover-20220825,002,1795
61.0145,61.0522,68437,82353,Rhinolophus ferrumequinum,0.023,0.023,-1,Echolocation,/mnt/ubna_data_01_mir/recover-20220825/UBNA_002/20220823_033000.WAV,Telephone Field,recover-20220825,002,1795
61.0245,61.0639,68437,82456,Rhinolophus ferrumequinum,0.027,0.027,-1,Echolocation,/mnt/ubna_data_01_mir/recover-20220825/UBNA_002/20220823_033000.WAV,Telephone Field,recover-20220825,002,1795
61.033500000000004,61.041,26328,36742,Eptesicus serotinus,0.008,0.024,-1,Echolocation,/mnt/ubna_data_01_mir/recover-20220825/UBNA_002/20220823_033000.WAV,Telephone Field,recover-20220825,002,1795
61.0445,61.0532,25468,33445,Eptesicus serotinus,0.011,0.03,-1,Echolocation,/mnt/ubna_data_01_mir/recover-20220825/UBNA_002/20220823_033000.WAV,Telephone Field,recover-20220825,002,1795
61.0715,61.1107,68437,81671,Rhinolophus ferrumequinum,0.021,0.021,-1,Echolocation,/mnt/ubna_data_01_mir/recover-20220825/UBNA_002/20220823_033000.WAV,Telephone Field,recover-20220825,002,1795
61.0775,61.1179,68437,82158,Rhinolophus ferrumequinum,0.022,0.022,-1,Echolocation,/mnt/ubna_data_01_mir/recover-20220825/UBNA_002/20220823_033000.WAV,Telephone Field,recover-20220825,002,1795
61.1095,61.1211,27187,35175,Eptesicus serotinus,0.015,0.027,-1,Echolocation,/mnt/ubna_data_01_mir/recover-20220825/UBNA_002/20220823_033000.WAV,Telephone Field,recover-20220825,002,1795
61.1275,61.1643,68437,81358,Rhinolophus ferrumequinum,0.022,0.022,-1,Echolocation,/mnt/ubna_data_01_mir/recover-20220825/UBNA_002/20220823_033000.WAV,Telephone Field,recover-20220825,002,1795
61.1565,61.1939,68437,81266,Rhinolophus ferrumequinum,0.023,0.023,-1,Echolocation,/mnt/ubna_data_01_mir/recover-20220825/UBNA_002/20220823_033000.WAV,Telephone Field,recover-20220825,002,1795
61.2135,61.2483,68437,81128,Rhinolophus ferrumequinum,0.022,0.023,-1,Echolocation,/mnt/ubna_data_01_mir/recover-20220825/UBNA_002/20220823_033000.WAV,Telephone Field,recover-20220825,002,1795
61.2235,61.231,24609,33655,Plecotus austriacus,0.01,0.026,-1,Echolocation,/mnt/ubna_data_01_mir/recover-20220825/UBNA_002/20220823_033000.WAV,Telephone Field,recover-20220825,002,1795
61.2375,61.2582,16875,20964,Nyctalus noctula,0.016,0.023,-1,Echolocation,/mnt/ubna_data_01_mir/recover-20220825/UBNA_002/20220823_033000.WAV,Telephone Field,recover-20220825,002,1795
61.2585,61.2656,27187,47608,Eptesicus serotinus,0.007,0.023,-1,Echolocation,/mnt/ubna_data_01_mir/recover-20220825/UBNA_002/20220823_033000.WAV,Telephone Field,recover-20220825,002,1795
61.2975,61.3344,68437,81688,Rhinolophus ferrumequinum,0.023,0.023,-1,Echolocation,/mnt/ubna_data_01_mir/recover-20220825/UBNA_002/20220823_033000.WAV,Telephone Field,recover-20220825,002,1795
61.3235,61.3675,68437,83990,Rhinolophus ferrumequinum,0.03,0.03,-1,Echolocation,/mnt/ubna_data_01_mir/recover-20220825/UBNA_002/20220823_033000.WAV,Telephone Field,recover-20220825,002,1795
61.3245,61.3354,22890,27742,Nyctalus leisleri,0.013,0.025,-1,Echolocation,/mnt/ubna_data_01_mir/recover-20220825/UBNA_002/20220823_033000.WAV,Telephone Field,recover-20220825,002,1795
61.3465,61.3562,30625,37182,Eptesicus serotinus,0.007,0.023,-1,Echolocation,/mnt/ubna_data_01_mir/recover-20220825/UBNA_002/20220823_033000.WAV,Telephone Field,recover-20220825,002,1795
61.4205,61.4279,27187,41329,Eptesicus serotinus,0.007,0.022,-1,Echolocation,/mnt/ubna_data_01_mir/recover-20220825/UBNA_002/20220823_033000.WAV,Telephone Field,recover-20220825,002,1795
61.4235,61.4293,37500,50314,Myotis daubentonii,0.007,0.024,-1,Echolocation,/mnt/ubna_data_01_mir/recover-20220825/UBNA_002/20220823_033000.WAV,Telephone Field,recover-20220825,002,1795
61.4515,61.4926,68437,82991,Rhinolophus ferrumequinum,0.026,0.026,-1,Echolocation,/mnt/ubna_data_01_mir/recover-20220825/UBNA_002/20220823_033000.WAV,Telephone Field,recover-20220825,002,1795
61.4515,61.4621,24609,32691,Eptesicus serotinus,0.01,0.028,-1,Echolocation,/mnt/ubna_data_01_mir/recover-20220825/UBNA_002/20220823_033000.WAV,Telephone Field,recover-20220825,002,1795
61.4825,61.5229,68437,82240,Rhinolophus ferrumequinum,0.021,0.021,-1,Echolocation,/mnt/ubna_data_01_mir/recover-20220825/UBNA_002/20220823_033000.WAV,Telephone Field,recover-20220825,002,1795
61.4845,61.4918,28046,39061,Eptesicus serotinus,0.005,0.021,-1,Echolocation,/mnt/ubna_data_01_mir/recover-20220825/UBNA_002/20220823_033000.WAV,Telephone Field,recover-20220825,002,1795
61.4915,61.5299,68437,82749,Rhinolophus ferrumequinum,0.022,0.022,-1,Echolocation,/mnt/ubna_data_01_mir/recover-20220825/UBNA_002/20220823_033000.WAV,Telephone Field,recover-20220825,002,1795
61.5225,61.5344,22890,27569,Nyctalus leisleri,0.014,0.029,-1,Echolocation,/mnt/ubna_data_01_mir/recover-20220825/UBNA_002/20220823_033000.WAV,Telephone Field,recover-20220825,002,1795
61.533500000000004,61.544,25468,31568,Eptesicus serotinus,0.008,0.021,-1,Echolocation,/mnt/ubna_data_01_mir/recover-20220825/UBNA_002/20220823_033000.WAV,Telephone Field,recover-20220825,002,1795
61.5505,61.5566,25468,40708,Plecotus austriacus,0.01,0.033,-1,Echolocation,/mnt/ubna_data_01_mir/recover-20220825/UBNA_002/20220823_033000.WAV,Telephone Field,recover-20220825,002,1795
61.5675,61.6054,68437,81549,Rhinolophus ferrumequinum,0.025,0.025,-1,Echolocation,/mnt/ubna_data_01_mir/recover-20220825/UBNA_002/20220823_033000.WAV,Telephone Field,recover-20220825,002,1795
61.5705,61.5782,32343,41976,Myotis daubentonii,0.008,0.026,-1,Echolocation,/mnt/ubna_data_01_mir/recover-20220825/UBNA_002/20220823_033000.WAV,Telephone Field,recover-20220825,002,1795
61.5885,61.5956,25468,37351,Myotis nattereri,0.005,0.021,-1,Echolocation,/mnt/ubna_data_01_mir/recover-20220825/UBNA_002/20220823_033000.WAV,Telephone Field,recover-20220825,002,1795
61.6565,61.6658,27187,36241,Eptesicus serotinus,0.008,0.022,-1,Echolocation,/mnt/ubna_data_01_mir/recover-20220825/UBNA_002/20220823_033000.WAV,Telephone Field,recover-20220825,002,1795
61.6735,61.7105,68437,81987,Rhinolophus ferrumequinum,0.021,0.021,-1,Echolocation,/mnt/ubna_data_01_mir/recover-20220825/UBNA_002/20220823_033000.WAV,Telephone Field,recover-20220825,002,1795
61.6945,61.7038,28046,36521,Eptesicus serotinus,0.009,0.022,-1,Echolocation,/mnt/ubna_data_01_mir/recover-20220825/UBNA_002/20220823_033000.WAV,Telephone Field,recover-20220825,002,1795
61.7265,61.7635,68437,81849,Rhinolophus ferrumequinum,0.026,0.026,-1,Echolocation,/mnt/ubna_data_01_mir/recover-20220825/UBNA_002/20220823_033000.WAV,Telephone Field,recover-20220825,002,1795
61.7305,61.7397,28046,40222,Eptesicus serotinus,0.009,0.022,-1,Echolocation,/mnt/ubna_data_01_mir/recover-20220825/UBNA_002/20220823_033000.WAV,Telephone Field,recover-20220825,002,1795
61.7695,61.8101,68437,83145,Rhinolophus ferrumequinum,0.023,0.023,-1,Echolocation,/mnt/ubna_data_01_mir/recover-20220825/UBNA_002/20220823_033000.WAV,Telephone Field,recover-20220825,002,1795
61.7775,61.8169,68437,82684,Rhinolophus ferrumequinum,0.023,0.023,-1,Echolocation,/mnt/ubna_data_01_mir/recover-20220825/UBNA_002/20220823_033000.WAV,Telephone Field,recover-20220825,002,1795
61.7895,61.8018,23750,28553,Nyctalus leisleri,0.014,0.027,-1,Echolocation,/mnt/ubna_data_01_mir/recover-20220825/UBNA_002/20220823_033000.WAV,Telephone Field,recover-20220825,002,1795
61.7895,61.8297,68437,81929,Rhinolophus ferrumequinum,0.021,0.021,-1,Echolocation,/mnt/ubna_data_01_mir/recover-20220825/UBNA_002/20220823_033000.WAV,Telephone Field,recover-20220825,002,1795
61.8185,61.8554,68437,81521,Rhinolophus ferrumequinum,0.023,0.023,-1,Echolocation,/mnt/ubna_data_01_mir/recover-20220825/UBNA_002/20220823_033000.WAV,Telephone Field,recover-20220825,002,1795
61.8215,61.8306,22890,30569,Plecotus austriacus,0.009,0.024,-1,Echolocation,/mnt/ubna_data_01_mir/recover-20220825/UBNA_002/20220823_033000.WAV,Telephone Field,recover-20220825,002,1795
61.8405,61.8786,68437,82045,Rhinolophus ferrumequinum,0.025,0.025,-1,Echolocation,/mnt/ubna_data_01_mir/recover-20220825/UBNA_002/20220823_033000.WAV,Telephone Field,recover-20220825,002,1795
61.8485,61.855199999999996,28046,42095,Eptesicus serotinus,0.007,0.024,-1,Echolocation,/mnt/ubna_data_01_mir/recover-20220825/UBNA_002/20220823_033000.WAV,Telephone Field,recover-20220825,002,1795
61.9035,61.9388,68437,81676,Rhinolophus ferrumequinum,0.021,0.021,-1,Echolocation,/mnt/ubna_data_01_mir/recover-20220825/UBNA_002/20220823_033000.WAV,Telephone Field,recover-20220825,002,1795
61.9175,61.9252,31484,39750,Eptesicus serotinus,0.017,0.038,-1,Echolocation,/mnt/ubna_data_01_mir/recover-20220825/UBNA_002/20220823_033000.WAV,Telephone Field,recover-20220825,002,1795
61.9195,61.9262,23750,34391,Plecotus austriacus,0.013,0.029,-1,Echolocation,/mnt/ubna_data_01_mir/recover-20220825/UBNA_002/20220823_033000.WAV,Telephone Field,recover-20220825,002,1795
61.9495,61.9591,28046,36334,Eptesicus serotinus,0.009,0.022,-1,Echolocation,/mnt/ubna_data_01_mir/recover-20220825/UBNA_002/20220823_033000.WAV,Telephone Field,recover-20220825,002,1795
62.0015,62.0345,69296,81446,Rhinolophus ferrumequinum,0.033,0.033,-1,Echolocation,/mnt/ubna_data_01_mir/recover-20220825/UBNA_002/20220823_033000.WAV,Telephone Field,recover-20220825,002,1795
62.0015,62.0112,25468,32003,Nyctalus leisleri,0.01,0.029,-1,Echolocation,/mnt/ubna_data_01_mir/recover-20220825/UBNA_002/20220823_033000.WAV,Telephone Field,recover-20220825,002,1795
62.0015,62.0119,47812,53678,Pipistrellus pipistrellus,0.021,0.028,-1,Echolocation,/mnt/ubna_data_01_mir/recover-20220825/UBNA_002/20220823_033000.WAV,Telephone Field,recover-20220825,002,1795
62.0445,62.0865,68437,82662,Rhinolophus ferrumequinum,0.028,0.028,-1,Echolocation,/mnt/ubna_data_01_mir/recover-20220825/UBNA_002/20220823_033000.WAV,Telephone Field,recover-20220825,002,1795
62.0675,62.1087,68437,82849,Rhinolophus ferrumequinum,0.026,0.026,-1,Echolocation,/mnt/ubna_data_01_mir/recover-20220825/UBNA_002/20220823_033000.WAV,Telephone Field,recover-20220825,002,1795
62.0895,62.1053,22890,27140,Nyctalus leisleri,0.014,0.026,-1,Echolocation,/mnt/ubna_data_01_mir/recover-20220825/UBNA_002/20220823_033000.WAV,Telephone Field,recover-20220825,002,1795
62.0965,62.1387,68437,83221,Rhinolophus ferrumequinum,0.028,0.028,-1,Echolocation,/mnt/ubna_data_01_mir/recover-20220825/UBNA_002/20220823_033000.WAV,Telephone Field,recover-20220825,002,1795
62.1335,62.1695,68437,81659,Rhinolophus ferrumequinum,0.022,0.022,-1,Echolocation,/mnt/ubna_data_01_mir/recover-20220825/UBNA_002/20220823_033000.WAV,Telephone Field,recover-20220825,002,1795
62.1635,62.1724,51250,57359,Pipistrellus pipistrellus,0.019,0.026,-1,Echolocation,/mnt/ubna_data_01_mir/recover-20220825/UBNA_002/20220823_033000.WAV,Telephone Field,recover-20220825,002,1795
62.1655,62.2038,68437,81631,Rhinolophus ferrumequinum,0.02,0.02,-1,Echolocation,/mnt/ubna_data_01_mir/recover-20220825/UBNA_002/20220823_033000.WAV,Telephone Field,recover-20220825,002,1795
62.1945,62.2346,68437,82759,Rhinolophus ferrumequinum,0.044,0.044,-1,Echolocation,/mnt/ubna_data_01_mir/recover-20220825/UBNA_002/20220823_033000.WAV,Telephone Field,recover-20220825,002,1795
62.1995,62.2062,49531,54123,Pipistrellus pipistrellus,0.019,0.02,-1,Echolocation,/mnt/ubna_data_01_mir/recover-20220825/UBNA_002/20220823_033000.WAV,Telephone Field,recover-20220825,002,1795
62.2085,62.2497,68437,82505,Rhinolophus ferrumequinum,0.023,0.023,-1,Echolocation,/mnt/ubna_data_01_mir/recover-20220825/UBNA_002/20220823_033000.WAV,Telephone Field,recover-20220825,002,1795
62.2345,62.271,68437,81105,Rhinolophus ferrumequinum,0.022,0.022,-1,Echolocation,/mnt/ubna_data_01_mir/recover-20220825/UBNA_002/20220823_033000.WAV,Telephone Field,recover-20220825,002,1795
62.2435,62.2784,68437,81495,Rhinolophus ferrumequinum,0.021,0.021,-1,Echolocation,/mnt/ubna_data_01_mir/recover-20220825/UBNA_002/20220823_033000.WAV,Telephone Field,recover-20220825,002,1795
62.2745,62.2834,27187,37919,Eptesicus serotinus,0.009,0.024,-1,Echolocation,/mnt/ubna_data_01_mir/recover-20220825/UBNA_002/20220823_033000.WAV,Telephone Field,recover-20220825,002,1795
62.2745,62.3132,68437,81837,Rhinolophus ferrumequinum,0.023,0.023,-1,Echolocation,/mnt/ubna_data_01_mir/recover-20220825/UBNA_002/20220823_033000.WAV,Telephone Field,recover-20220825,002,1795
62.2795,62.2866,24609,33709,Plecotus austriacus,0.011,0.025,-1,Echolocation,/mnt/ubna_data_01_mir/recover-20220825/UBNA_002/20220823_033000.WAV,Telephone Field,recover-20220825,002,1795
62.3145,62.3232,51250,59277,Pipistrellus pipistrellus,0.014,0.021,-1,Echolocation,/mnt/ubna_data_01_mir/recover-20220825/UBNA_002/20220823_033000.WAV,Telephone Field,recover-20220825,002,1795
62.3325,62.3751,68437,83495,Rhinolophus ferrumequinum,0.032,0.032,-1,Echolocation,/mnt/ubna_data_01_mir/recover-20220825/UBNA_002/20220823_033000.WAV,Telephone Field,recover-20220825,002,1795
62.3585,62.3983,68437,82673,Rhinolophus ferrumequinum,0.025,0.025,-1,Echolocation,/mnt/ubna_data_01_mir/recover-20220825/UBNA_002/20220823_033000.WAV,Telephone Field,recover-20220825,002,1795
62.3655,62.3731,27187,36287,Eptesicus serotinus,0.025,0.059,-1,Echolocation,/mnt/ubna_data_01_mir/recover-20220825/UBNA_002/20220823_033000.WAV,Telephone Field,recover-20220825,002,1795
62.4425,62.4501,28046,38869,Eptesicus serotinus,0.006,0.021,-1,Echolocation,/mnt/ubna_data_01_mir/recover-20220825/UBNA_002/20220823_033000.WAV,Telephone Field,recover-20220825,002,1795
62.4585,62.4992,68437,82006,Rhinolophus ferrumequinum,0.023,0.023,-1,Echolocation,/mnt/ubna_data_01_mir/recover-20220825/UBNA_002/20220823_033000.WAV,Telephone Field,recover-20220825,002,1795
62.4855,62.5299,68437,83213,Rhinolophus ferrumequinum,0.038,0.038,-1,Echolocation,/mnt/ubna_data_01_mir/recover-20220825/UBNA_002/20220823_033000.WAV,Telephone Field,recover-20220825,002,1795
62.4975,62.5056,22890,30669,Plecotus austriacus,0.015,0.028,-1,Echolocation,/mnt/ubna_data_01_mir/recover-20220825/UBNA_002/20220823_033000.WAV,Telephone Field,recover-20220825,002,1795
62.5075,62.5449,68437,82210,Rhinolophus ferrumequinum,0.025,0.025,-1,Echolocation,/mnt/ubna_data_01_mir/recover-20220825/UBNA_002/20220823_033000.WAV,Telephone Field,recover-20220825,002,1795
62.5265,62.5656,68437,82145,Rhinolophus ferrumequinum,0.021,0.021,-1,Echolocation,/mnt/ubna_data_01_mir/recover-20220825/UBNA_002/20220823_033000.WAV,Telephone Field,recover-20220825,002,1795
62.5325,62.5435,23750,28715,Nyctalus leisleri,0.01,0.021,-1,Echolocation,/mnt/ubna_data_01_mir/recover-20220825/UBNA_002/20220823_033000.WAV,Telephone Field,recover-20220825,002,1795
62.5575,62.5682,27187,36894,Eptesicus serotinus,0.012,0.027,-1,Echolocation,/mnt/ubna_data_01_mir/recover-20220825/UBNA_002/20220823_033000.WAV,Telephone Field,recover-20220825,002,1795
62.5745,62.6162,68437,82841,Rhinolophus ferrumequinum,0.027,0.027,-1,Echolocation,/mnt/ubna_data_01_mir/recover-20220825/UBNA_002/20220823_033000.WAV,Telephone Field,recover-20220825,002,1795
62.6045,62.6443,68437,81989,Rhinolophus ferrumequinum,0.021,0.021,-1,Echolocation,/mnt/ubna_data_01_mir/recover-20220825/UBNA_002/20220823_033000.WAV,Telephone Field,recover-20220825,002,1795
62.6265,62.6612,68437,80916,Rhinolophus ferrumequinum,0.021,0.021,-1,Echolocation,/mnt/ubna_data_01_mir/recover-20220825/UBNA_002/20220823_033000.WAV,Telephone Field,recover-20220825,002,1795
62.6375,62.6771,68437,82343,Rhinolophus ferrumequinum,0.021,0.021,-1,Echolocation,/mnt/ubna_data_01_mir/recover-20220825/UBNA_002/20220823_033000.WAV,Telephone Field,recover-20220825,002,1795
62.6435,62.6517,28046,39841,Eptesicus serotinus,0.008,0.021,-1,Echolocation,/mnt/ubna_data_01_mir/recover-20220825/UBNA_002/20220823_033000.WAV,Telephone Field,recover-20220825,002,1795
62.6485,62.6918,68437,82991,Rhinolophus ferrumequinum,0.028,0.028,-1,Echolocation,/mnt/ubna_data_01_mir/recover-20220825/UBNA_002/20220823_033000.WAV,Telephone Field,recover-20220825,002,1795
62.6955,62.735,68437,82494,Rhinolophus ferrumequinum,0.022,0.022,-1,Echolocation,/mnt/ubna_data_01_mir/recover-20220825/UBNA_002/20220823_033000.WAV,Telephone Field,recover-20220825,002,1795
62.713499999999996,62.7558,68437,83144,Rhinolophus ferrumequinum,0.028,0.028,-1,Echolocation,/mnt/ubna_data_01_mir/recover-20220825/UBNA_002/20220823_033000.WAV,Telephone Field,recover-20220825,002,1795
62.7335,62.7754,68437,82774,Rhinolophus ferrumequinum,0.026,0.026,-1,Echolocation,/mnt/ubna_data_01_mir/recover-20220825/UBNA_002/20220823_033000.WAV,Telephone Field,recover-20220825,002,1795
62.7595,62.7954,68437,81355,Rhinolophus ferrumequinum,0.029,0.029,-1,Echolocation,/mnt/ubna_data_01_mir/recover-20220825/UBNA_002/20220823_033000.WAV,Telephone Field,recover-20220825,002,1795
62.7665,62.7758,25468,33130,Eptesicus serotinus,0.008,0.025,-1,Echolocation,/mnt/ubna_data_01_mir/recover-20220825/UBNA_002/20220823_033000.WAV,Telephone Field,recover-20220825,002,1795
62.7885,62.8257,68437,81571,Rhinolophus ferrumequinum,0.021,0.021,-1,Echolocation,/mnt/ubna_data_01_mir/recover-20220825/UBNA_002/20220823_033000.WAV,Telephone Field,recover-20220825,002,1795
62.8555,62.894800000000004,68437,81921,Rhinolophus ferrumequinum,0.021,0.021,-1,Echolocation,/mnt/ubna_data_01_mir/recover-20220825/UBNA_002/20220823_033000.WAV,Telephone Field,recover-20220825,002,1795
62.8685,62.9027,68437,81026,Rhinolophus ferrumequinum,0.023,0.023,-1,Echolocation,/mnt/ubna_data_01_mir/recover-20220825/UBNA_002/20220823_033000.WAV,Telephone Field,recover-20220825,002,1795
62.8785,62.9185,68437,82366,Rhinolophus ferrumequinum,0.02,0.02,-1,Echolocation,/mnt/ubna_data_01_mir/recover-20220825/UBNA_002/20220823_033000.WAV,Telephone Field,recover-20220825,002,1795
62.9205,62.9588,68437,82430,Rhinolophus ferrumequinum,0.021,0.021,-1,Echolocation,/mnt/ubna_data_01_mir/recover-20220825/UBNA_002/20220823_033000.WAV,Telephone Field,recover-20220825,002,1795
62.9315,62.9682,68437,81788,Rhinolophus ferrumequinum,0.021,0.021,-1,Echolocation,/mnt/ubna_data_01_mir/recover-20220825/UBNA_002/20220823_033000.WAV,Telephone Field,recover-20220825,002,1795
62.9455,62.9823,68437,82288,Rhinolophus ferrumequinum,0.022,0.022,-1,Echolocation,/mnt/ubna_data_01_mir/recover-20220825/UBNA_002/20220823_033000.WAV,Telephone Field,recover-20220825,002,1795
62.9655,62.9799,22031,25730,Nyctalus leisleri,0.017,0.027,-1,Echolocation,/mnt/ubna_data_01_mir/recover-20220825/UBNA_002/20220823_033000.WAV,Telephone Field,recover-20220825,002,1795
62.9695,63.0114,68437,82895,Rhinolophus ferrumequinum,0.021,0.021,-1,Echolocation,/mnt/ubna_data_01_mir/recover-20220825/UBNA_002/20220823_033000.WAV,Telephone Field,recover-20220825,002,1795
62.9975,63.036500000000004,68437,81657,Rhinolophus ferrumequinum,0.021,0.021,-1,Echolocation,/mnt/ubna_data_01_mir/recover-20220825/UBNA_002/20220823_033000.WAV,Telephone Field,recover-20220825,002,1795
63.0215,63.06,68437,81716,Rhinolophus ferrumequinum,0.024,0.024,-1,Echolocation,/mnt/ubna_data_01_mir/recover-20220825/UBNA_002/20220823_033000.WAV,Telephone Field,recover-20220825,002,1795
63.0585,63.0973,68437,81670,Rhinolophus ferrumequinum,0.02,0.02,-1,Echolocation,/mnt/ubna_data_01_mir/recover-20220825/UBNA_002/20220823_033000.WAV,Telephone Field,recover-20220825,002,1795
63.0585,63.0675,46953,50465,Pipistrellus pipistrellus,0.032,0.034,-1,Echolocation,/mnt/ubna_data_01_mir/recover-20220825/UBNA_002/20220823_033000.WAV,Telephone Field,recover-20220825,002,1795
63.0925,63.1009,23750,31934,Plecotus austriacus,0.009,0.024,-1,Echolocation,/mnt/ubna_data_01_mir/recover-20220825/UBNA_002/20220823_033000.WAV,Telephone Field,recover-20220825,002,1795
63.0945,63.1285,68437,80536,Rhinolophus ferrumequinum,0.02,0.021,-1,Echolocation,/mnt/ubna_data_01_mir/recover-20220825/UBNA_002/20220823_033000.WAV,Telephone Field,recover-20220825,002,1795
63.1065,63.1465,68437,82463,Rhinolophus ferrumequinum,0.022,0.022,-1,Echolocation,/mnt/ubna_data_01_mir/recover-20220825/UBNA_002/20220823_033000.WAV,Telephone Field,recover-20220825,002,1795
63.1265,63.1667,68437,81804,Rhinolophus ferrumequinum,0.022,0.022,-1,Echolocation,/mnt/ubna_data_01_mir/recover-20220825/UBNA_002/20220823_033000.WAV,Telephone Field,recover-20220825,002,1795
63.1345,63.1426,26328,36560,Eptesicus serotinus,0.005,0.021,-1,Echolocation,/mnt/ubna_data_01_mir/recover-20220825/UBNA_002/20220823_033000.WAV,Telephone Field,recover-20220825,002,1795
63.1435,63.1521,23750,30535,Plecotus austriacus,0.008,0.022,-1,Echolocation,/mnt/ubna_data_01_mir/recover-20220825/UBNA_002/20220823_033000.WAV,Telephone Field,recover-20220825,002,1795
63.1605,63.1698,25468,33443,Eptesicus serotinus,0.007,0.025,-1,Echolocation,/mnt/ubna_data_01_mir/recover-20220825/UBNA_002/20220823_033000.WAV,Telephone Field,recover-20220825,002,1795
63.1775,63.2211,68437,83086,Rhinolophus ferrumequinum,0.03,0.031,-1,Echolocation,/mnt/ubna_data_01_mir/recover-20220825/UBNA_002/20220823_033000.WAV,Telephone Field,recover-20220825,002,1795
63.1995,63.24,68437,82560,Rhinolophus ferrumequinum,0.021,0.021,-1,Echolocation,/mnt/ubna_data_01_mir/recover-20220825/UBNA_002/20220823_033000.WAV,Telephone Field,recover-20220825,002,1795
63.2125,63.2215,27187,35128,Eptesicus serotinus,0.013,0.028,-1,Echolocation,/mnt/ubna_data_01_mir/recover-20220825/UBNA_002/20220823_033000.WAV,Telephone Field,recover-20220825,002,1795
63.213499999999996,63.2452,68437,81028,Rhinolophus ferrumequinum,0.022,0.023,-1,Echolocation,/mnt/ubna_data_01_mir/recover-20220825/UBNA_002/20220823_033000.WAV,Telephone Field,recover-20220825,002,1795
63.2415,63.2497,28906,38764,Eptesicus serotinus,0.007,0.023,-1,Echolocation,/mnt/ubna_data_01_mir/recover-20220825/UBNA_002/20220823_033000.WAV,Telephone Field,recover-20220825,002,1795
63.2615,63.2695,28046,39967,Eptesicus serotinus,0.007,0.022,-1,Echolocation,/mnt/ubna_data_01_mir/recover-20220825/UBNA_002/20220823_033000.WAV,Telephone Field,recover-20220825,002,1795
63.3155,63.353,68437,82025,Rhinolophus ferrumequinum,0.021,0.021,-1,Echolocation,/mnt/ubna_data_01_mir/recover-20220825/UBNA_002/20220823_033000.WAV,Telephone Field,recover-20220825,002,1795
63.3505,63.3585,28906,37823,Eptesicus serotinus,0.008,0.024,-1,Echolocation,/mnt/ubna_data_01_mir/recover-20220825/UBNA_002/20220823_033000.WAV,Telephone Field,recover-20220825,002,1795
63.3515,63.3931,68437,83236,Rhinolophus ferrumequinum,0.026,0.026,-1,Echolocation,/mnt/ubna_data_01_mir/recover-20220825/UBNA_002/20220823_033000.WAV,Telephone Field,recover-20220825,002,1795
63.3635,63.4012,68437,81873,Rhinolophus ferrumequinum,0.022,0.022,-1,Echolocation,/mnt/ubna_data_01_mir/recover-20220825/UBNA_002/20220823_033000.WAV,Telephone Field,recover-20220825,002,1795
63.3735,63.3806,23750,33319,Plecotus austriacus,0.011,0.024,-1,Echolocation,/mnt/ubna_data_01_mir/recover-20220825/UBNA_002/20220823_033000.WAV,Telephone Field,recover-20220825,002,1795
63.3915,63.4035,22890,28473,Nyctalus leisleri,0.01,0.023,-1,Echolocation,/mnt/ubna_data_01_mir/recover-20220825/UBNA_002/20220823_033000.WAV,Telephone Field,recover-20220825,002,1795
63.3945,63.4322,68437,81805,Rhinolophus ferrumequinum,0.02,0.021,-1,Echolocation,/mnt/ubna_data_01_mir/recover-20220825/UBNA_002/20220823_033000.WAV,Telephone Field,recover-20220825,002,1795
63.4005,63.4105,24609,30224,Nyctalus leisleri,0.009,0.023,-1,Echolocation,/mnt/ubna_data_01_mir/recover-20220825/UBNA_002/20220823_033000.WAV,Telephone Field,recover-20220825,002,1795
63.4105,63.4492,68437,82246,Rhinolophus ferrumequinum,0.025,0.025,-1,Echolocation,/mnt/ubna_data_01_mir/recover-20220825/UBNA_002/20220823_033000.WAV,Telephone Field,recover-20220825,002,1795
63.4335,63.4725,68437,82126,Rhinolophus ferrumequinum,0.021,0.021,-1,Echolocation,/mnt/ubna_data_01_mir/recover-20220825/UBNA_002/20220823_033000.WAV,Telephone Field,recover-20220825,002,1795
63.4395,63.4462,23750,34219,Plecotus austriacus,0.012,0.025,-1,Echolocation,/mnt/ubna_data_01_mir/recover-20220825/UBNA_002/20220823_033000.WAV,Telephone Field,recover-20220825,002,1795
63.4855,63.4949,22890,29976,Plecotus austriacus,0.008,0.024,-1,Echolocation,/mnt/ubna_data_01_mir/recover-20220825/UBNA_002/20220823_033000.WAV,Telephone Field,recover-20220825,002,1795
63.4995,63.5107,23750,29120,Nyctalus leisleri,0.012,0.024,-1,Echolocation,/mnt/ubna_data_01_mir/recover-20220825/UBNA_002/20220823_033000.WAV,Telephone Field,recover-20220825,002,1795
63.5115,63.5511,68437,82808,Rhinolophus ferrumequinum,0.025,0.025,-1,Echolocation,/mnt/ubna_data_01_mir/recover-20220825/UBNA_002/20220823_033000.WAV,Telephone Field,recover-20220825,002,1795
63.5555,63.5969,68437,82459,Rhinolophus ferrumequinum,0.026,0.026,-1,Echolocation,/mnt/ubna_data_01_mir/recover-20220825/UBNA_002/20220823_033000.WAV,Telephone Field,recover-20220825,002,1795
63.5725,63.579,28046,41628,Eptesicus serotinus,0.007,0.028,-1,Echolocation,/mnt/ubna_data_01_mir/recover-20220825/UBNA_002/20220823_033000.WAV,Telephone Field,recover-20220825,002,1795
63.5895,63.6265,68437,81993,Rhinolophus ferrumequinum,0.021,0.021,-1,Echolocation,/mnt/ubna_data_01_mir/recover-20220825/UBNA_002/20220823_033000.WAV,Telephone Field,recover-20220825,002,1795
63.5995,63.6366,68437,81620,Rhinolophus ferrumequinum,0.023,0.023,-1,Echolocation,/mnt/ubna_data_01_mir/recover-20220825/UBNA_002/20220823_033000.WAV,Telephone Field,recover-20220825,002,1795
63.6325,63.6727,68437,81826,Rhinolophus ferrumequinum,0.021,0.021,-1,Echolocation,/mnt/ubna_data_01_mir/recover-20220825/UBNA_002/20220823_033000.WAV,Telephone Field,recover-20220825,002,1795
63.6675,63.707,68437,82052,Rhinolophus ferrumequinum,0.022,0.022,-1,Echolocation,/mnt/ubna_data_01_mir/recover-20220825/UBNA_002/20220823_033000.WAV,Telephone Field,recover-20220825,002,1795
63.6745,63.6853,22890,28038,Nyctalus leisleri,0.01,0.024,-1,Echolocation,/mnt/ubna_data_01_mir/recover-20220825/UBNA_002/20220823_033000.WAV,Telephone Field,recover-20220825,002,1795
63.7255,63.7353,39218,44773,Barbastellus barbastellus,0.007,0.023,-1,Echolocation,/mnt/ubna_data_01_mir/recover-20220825/UBNA_002/20220823_033000.WAV,Telephone Field,recover-20220825,002,1795
63.7305,63.7697,68437,82336,Rhinolophus ferrumequinum,0.022,0.022,-1,Echolocation,/mnt/ubna_data_01_mir/recover-20220825/UBNA_002/20220823_033000.WAV,Telephone Field,recover-20220825,002,1795
63.7495,63.7901,68437,82613,Rhinolophus ferrumequinum,0.027,0.027,-1,Echolocation,/mnt/ubna_data_01_mir/recover-20220825/UBNA_002/20220823_033000.WAV,Telephone Field,recover-20220825,002,1795
63.7635,63.7707,28046,37155,Eptesicus serotinus,0.012,0.034,-1,Echolocation,/mnt/ubna_data_01_mir/recover-20220825/UBNA_002/20220823_033000.WAV,Telephone Field,recover-20220825,002,1795
63.7715,63.8072,68437,81662,Rhinolophus ferrumequinum,0.025,0.025,-1,Echolocation,/mnt/ubna_data_01_mir/recover-20220825/UBNA_002/20220823_033000.WAV,Telephone Field,recover-20220825,002,1795
63.7975,63.8374,68437,82318,Rhinolophus ferrumequinum,0.022,0.022,-1,Echolocation,/mnt/ubna_data_01_mir/recover-20220825/UBNA_002/20220823_033000.WAV,Telephone Field,recover-20220825,002,1795
63.8035,63.8437,68437,82603,Rhinolophus ferrumequinum,0.023,0.023,-1,Echolocation,/mnt/ubna_data_01_mir/recover-20220825/UBNA_002/20220823_033000.WAV,Telephone Field,recover-20220825,002,1795
63.8205,63.8595,68437,82012,Rhinolophus ferrumequinum,0.025,0.025,-1,Echolocation,/mnt/ubna_data_01_mir/recover-20220825/UBNA_002/20220823_033000.WAV,Telephone Field,recover-20220825,002,1795
63.8585,63.9014,68437,82352,Rhinolophus ferrumequinum,0.028,0.028,-1,Echolocation,/mnt/ubna_data_01_mir/recover-20220825/UBNA_002/20220823_033000.WAV,Telephone Field,recover-20220825,002,1795
63.8955,63.9331,68437,81662,Rhinolophus ferrumequinum,0.022,0.022,-1,Echolocation,/mnt/ubna_data_01_mir/recover-20220825/UBNA_002/20220823_033000.WAV,Telephone Field,recover-20220825,002,1795
63.8955,63.903999999999996,23750,31121,Plecotus austriacus,0.008,0.021,-1,Echolocation,/mnt/ubna_data_01_mir/recover-20220825/UBNA_002/20220823_033000.WAV,Telephone Field,recover-20220825,002,1795
63.9035,63.9439,68437,82636,Rhinolophus ferrumequinum,0.025,0.025,-1,Echolocation,/mnt/ubna_data_01_mir/recover-20220825/UBNA_002/20220823_033000.WAV,Telephone Field,recover-20220825,002,1795
63.9105,63.9174,27187,42681,Eptesicus serotinus,0.006,0.021,-1,Echolocation,/mnt/ubna_data_01_mir/recover-20220825/UBNA_002/20220823_033000.WAV,Telephone Field,recover-20220825,002,1795
63.9475,63.9864,68437,82195,Rhinolophus ferrumequinum,0.021,0.021,-1,Echolocation,/mnt/ubna_data_01_mir/recover-20220825/UBNA_002/20220823_033000.WAV,Telephone Field,recover-20220825,002,1795
63.9585,63.966499999999996,26328,36231,Eptesicus serotinus,0.008,0.022,-1,Echolocation,/mnt/ubna_data_01_mir/recover-20220825/UBNA_002/20220823_033000.WAV,Telephone Field,recover-20220825,002,1795
64.0015,64.0088,25468,38379,Myotis nattereri,0.005,0.024,-1,Echolocation,/mnt/ubna_data_01_mir/recover-20220825/UBNA_002/20220823_033000.WAV,Telephone Field,recover-20220825,002,1795
64.0015,64.0324,69296,81504,Rhinolophus ferrumequinum,0.026,0.027,-1,Echolocation,/mnt/ubna_data_01_mir/recover-20220825/UBNA_002/20220823_033000.WAV,Telephone Field,recover-20220825,002,1795
64.0385,64.0451,25468,35448,Plecotus austriacus,0.01,0.029,-1,Echolocation,/mnt/ubna_data_01_mir/recover-20220825/UBNA_002/20220823_033000.WAV,Telephone Field,recover-20220825,002,1795
64.0655,64.1067,68437,82483,Rhinolophus ferrumequinum,0.027,0.027,-1,Echolocation,/mnt/ubna_data_01_mir/recover-20220825/UBNA_002/20220823_033000.WAV,Telephone Field,recover-20220825,002,1795
64.0905,64.101,22890,28289,Nyctalus leisleri,0.008,0.02,-1,Echolocation,/mnt/ubna_data_01_mir/recover-20220825/UBNA_002/20220823_033000.WAV,Telephone Field,recover-20220825,002,1795
64.1155,64.1541,68437,82765,Rhinolophus ferrumequinum,0.021,0.021,-1,Echolocation,/mnt/ubna_data_01_mir/recover-20220825/UBNA_002/20220823_033000.WAV,Telephone Field,recover-20220825,002,1795
64.1565,64.1934,68437,82196,Rhinolophus ferrumequinum,0.021,0.021,-1,Echolocation,/mnt/ubna_data_01_mir/recover-20220825/UBNA_002/20220823_033000.WAV,Telephone Field,recover-20220825,002,1795
64.1775,64.2162,68437,82109,Rhinolophus ferrumequinum,0.022,0.022,-1,Echolocation,/mnt/ubna_data_01_mir/recover-20220825/UBNA_002/20220823_033000.WAV,Telephone Field,recover-20220825,002,1795
64.1785,64.186,49531,56734,Pipistrellus pipistrellus,0.017,0.02,-1,Echolocation,/mnt/ubna_data_01_mir/recover-20220825/UBNA_002/20220823_033000.WAV,Telephone Field,recover-20220825,002,1795
64.1795,64.1871,28046,40915,Eptesicus serotinus,0.007,0.021,-1,Echolocation,/mnt/ubna_data_01_mir/recover-20220825/UBNA_002/20220823_033000.WAV,Telephone Field,recover-20220825,002,1795
64.2195,64.229,42656,51053,Pipistrellus nathusii,0.008,0.02,-1,Echolocation,/mnt/ubna_data_01_mir/recover-20220825/UBNA_002/20220823_033000.WAV,Telephone Field,recover-20220825,002,1795
64.2195,64.2614,68437,82504,Rhinolophus ferrumequinum,0.021,0.021,-1,Echolocation,/mnt/ubna_data_01_mir/recover-20220825/UBNA_002/20220823_033000.WAV,Telephone Field,recover-20220825,002,1795
64.2385,64.2746,68437,82412,Rhinolophus ferrumequinum,0.023,0.023,-1,Echolocation,/mnt/ubna_data_01_mir/recover-20220825/UBNA_002/20220823_033000.WAV,Telephone Field,recover-20220825,002,1795
64.2465,64.2809,68437,81303,Rhinolophus ferrumequinum,0.03,0.03,-1,Echolocation,/mnt/ubna_data_01_mir/recover-20220825/UBNA_002/20220823_033000.WAV,Telephone Field,recover-20220825,002,1795
64.2985,64.3082,22031,27312,Nyctalus leisleri,0.007,0.02,-1,Echolocation,/mnt/ubna_data_01_mir/recover-20220825/UBNA_002/20220823_033000.WAV,Telephone Field,recover-20220825,002,1795
64.3165,64.3235,27187,38234,Eptesicus serotinus,0.006,0.02,-1,Echolocation,/mnt/ubna_data_01_mir/recover-20220825/UBNA_002/20220823_033000.WAV,Telephone Field,recover-20220825,002,1795
64.3255,64.3648,68437,81806,Rhinolophus ferrumequinum,0.023,0.023,-1,Echolocation,/mnt/ubna_data_01_mir/recover-20220825/UBNA_002/20220823_033000.WAV,Telephone Field,recover-20220825,002,1795
64.3465,64.3553,41796,50909,Pipistrellus nathusii,0.016,0.037,-1,Echolocation,/mnt/ubna_data_01_mir/recover-20220825/UBNA_002/20220823_033000.WAV,Telephone Field,recover-20220825,002,1795
64.37950000000001,64.3872,30625,46697,Myotis daubentonii,0.007,0.021,-1,Echolocation,/mnt/ubna_data_01_mir/recover-20220825/UBNA_002/20220823_033000.WAV,Telephone Field,recover-20220825,002,1795
64.4045,64.413,28046,38654,Eptesicus serotinus,0.007,0.021,-1,Echolocation,/mnt/ubna_data_01_mir/recover-20220825/UBNA_002/20220823_033000.WAV,Telephone Field,recover-20220825,002,1795
64.4235,64.4326,28046,37194,Eptesicus serotinus,0.01,0.022,-1,Echolocation,/mnt/ubna_data_01_mir/recover-20220825/UBNA_002/20220823_033000.WAV,Telephone Field,recover-20220825,002,1795
64.4655,64.5023,68437,82121,Rhinolophus ferrumequinum,0.022,0.022,-1,Echolocation,/mnt/ubna_data_01_mir/recover-20220825/UBNA_002/20220823_033000.WAV,Telephone Field,recover-20220825,002,1795
64.4695,64.4789,21171,27502,Plecotus austriacus,0.013,0.028,-1,Echolocation,/mnt/ubna_data_01_mir/recover-20220825/UBNA_002/20220823_033000.WAV,Telephone Field,recover-20220825,002,1795
64.5095,64.5527,68437,83512,Rhinolophus ferrumequinum,0.035,0.035,-1,Echolocation,/mnt/ubna_data_01_mir/recover-20220825/UBNA_002/20220823_033000.WAV,Telephone Field,recover-20220825,002,1795
64.51050000000001,64.5205,22890,28565,Nyctalus leisleri,0.009,0.022,-1,Echolocation,/mnt/ubna_data_01_mir/recover-20220825/UBNA_002/20220823_033000.WAV,Telephone Field,recover-20220825,002,1795
64.5255,64.568,68437,83552,Rhinolophus ferrumequinum,0.033,0.033,-1,Echolocation,/mnt/ubna_data_01_mir/recover-20220825/UBNA_002/20220823_033000.WAV,Telephone Field,recover-20220825,002,1795
64.5525,64.5912,68437,81799,Rhinolophus ferrumequinum,0.022,0.022,-1,Echolocation,/mnt/ubna_data_01_mir/recover-20220825/UBNA_002/20220823_033000.WAV,Telephone Field,recover-20220825,002,1795
64.6035,64.6385,68437,81117,Rhinolophus ferrumequinum,0.021,0.021,-1,Echolocation,/mnt/ubna_data_01_mir/recover-20220825/UBNA_002/20220823_033000.WAV,Telephone Field,recover-20220825,002,1795
64.6605,64.6708,22890,27327,Nyctalus leisleri,0.011,0.02,-1,Echolocation,/mnt/ubna_data_01_mir/recover-20220825/UBNA_002/20220823_033000.WAV,Telephone Field,recover-20220825,002,1795
64.6725,64.7136,68437,82440,Rhinolophus ferrumequinum,0.024,0.024,-1,Echolocation,/mnt/ubna_data_01_mir/recover-20220825/UBNA_002/20220823_033000.WAV,Telephone Field,recover-20220825,002,1795
64.6805,64.71940000000001,68437,82789,Rhinolophus ferrumequinum,0.022,0.022,-1,Echolocation,/mnt/ubna_data_01_mir/recover-20220825/UBNA_002/20220823_033000.WAV,Telephone Field,recover-20220825,002,1795
64.7115,64.7197,28046,37216,Eptesicus serotinus,0.01,0.026,-1,Echolocation,/mnt/ubna_data_01_mir/recover-20220825/UBNA_002/20220823_033000.WAV,Telephone Field,recover-20220825,002,1795
64.7255,64.7642,68437,82415,Rhinolophus ferrumequinum,0.033,0.033,-1,Echolocation,/mnt/ubna_data_01_mir/recover-20220825/UBNA_002/20220823_033000.WAV,Telephone Field,recover-20220825,002,1795
64.7405,64.7476,23750,32413,Plecotus austriacus,0.014,0.028,-1,Echolocation,/mnt/ubna_data_01_mir/recover-20220825/UBNA_002/20220823_033000.WAV,Telephone Field,recover-20220825,002,1795
64.7645,64.8017,68437,81978,Rhinolophus ferrumequinum,0.02,0.02,-1,Echolocation,/mnt/ubna_data_01_mir/recover-20220825/UBNA_002/20220823_033000.WAV,Telephone Field,recover-20220825,002,1795
64.7655,64.7741,28906,38995,Eptesicus serotinus,0.007,0.021,-1,Echolocation,/mnt/ubna_data_01_mir/recover-20220825/UBNA_002/20220823_033000.WAV,Telephone Field,recover-20220825,002,1795
64.7695,64.8061,68437,82009,Rhinolophus ferrumequinum,0.02,0.02,-1,Echolocation,/mnt/ubna_data_01_mir/recover-20220825/UBNA_002/20220823_033000.WAV,Telephone Field,recover-20220825,002,1795
64.8155,64.8542,68437,82915,Rhinolophus ferrumequinum,0.022,0.022,-1,Echolocation,/mnt/ubna_data_01_mir/recover-20220825/UBNA_002/20220823_033000.WAV,Telephone Field,recover-20220825,002,1795
64.8185,64.82939999999999,22890,27515,Nyctalus leisleri,0.011,0.021,-1,Echolocation,/mnt/ubna_data_01_mir/recover-20220825/UBNA_002/20220823_033000.WAV,Telephone Field,recover-20220825,002,1795
64.8525,64.8885,68437,81841,Rhinolophus ferrumequinum,0.021,0.021,-1,Echolocation,/mnt/ubna_data_01_mir/recover-20220825/UBNA_002/20220823_033000.WAV,Telephone Field,recover-20220825,002,1795
64.8755,64.9163,68437,82909,Rhinolophus ferrumequinum,0.024,0.024,-1,Echolocation,/mnt/ubna_data_01_mir/recover-20220825/UBNA_002/20220823_033000.WAV,Telephone Field,recover-20220825,002,1795
64.9315,64.9686,68437,82231,Rhinolophus ferrumequinum,0.025,0.025,-1,Echolocation,/mnt/ubna_data_01_mir/recover-20220825/UBNA_002/20220823_033000.WAV,Telephone Field,recover-20220825,002,1795
64.9685,65.0064,68437,81763,Rhinolophus ferrumequinum,0.023,0.023,-1,Echolocation,/mnt/ubna_data_01_mir/recover-20220825/UBNA_002/20220823_033000.WAV,Telephone Field,recover-20220825,002,1795
64.9745,64.9888,16015,20219,Nyctalus noctula,0.016,0.025,-1,Echolocation,/mnt/ubna_data_01_mir/recover-20220825/UBNA_002/20220823_033000.WAV,Telephone Field,recover-20220825,002,1795
64.9785,65.0155,68437,81854,Rhinolophus ferrumequinum,0.023,0.023,-1,Echolocation,/mnt/ubna_data_01_mir/recover-20220825/UBNA_002/20220823_033000.WAV,Telephone Field,recover-20220825,002,1795
64.9865,64.9957,28046,37787,Eptesicus serotinus,0.01,0.024,-1,Echolocation,/mnt/ubna_data_01_mir/recover-20220825/UBNA_002/20220823_033000.WAV,Telephone Field,recover-20220825,002,1795
64.9875,65.0224,68437,82269,Rhinolophus ferrumequinum,0.021,0.021,-1,Echolocation,/mnt/ubna_data_01_mir/recover-20220825/UBNA_002/20220823_033000.WAV,Telephone Field,recover-20220825,002,1795
65.0555,65.064,28046,38994,Eptesicus serotinus,0.009,0.023,-1,Echolocation,/mnt/ubna_data_01_mir/recover-20220825/UBNA_002/20220823_033000.WAV,Telephone Field,recover-20220825,002,1795
65.0555,65.0914,68437,81306,Rhinolophus ferrumequinum,0.02,0.02,-1,Echolocation,/mnt/ubna_data_01_mir/recover-20220825/UBNA_002/20220823_033000.WAV,Telephone Field,recover-20220825,002,1795
65.0565,65.064,22890,30675,Plecotus austriacus,0.009,0.021,-1,Echolocation,/mnt/ubna_data_01_mir/recover-20220825/UBNA_002/20220823_033000.WAV,Telephone Field,recover-20220825,002,1795
65.0725,65.108,68437,81997,Rhinolophus ferrumequinum,0.024,0.024,-1,Echolocation,/mnt/ubna_data_01_mir/recover-20220825/UBNA_002/20220823_033000.WAV,Telephone Field,recover-20220825,002,1795
65.0845,65.1239,68437,82371,Rhinolophus ferrumequinum,0.025,0.025,-1,Echolocation,/mnt/ubna_data_01_mir/recover-20220825/UBNA_002/20220823_033000.WAV,Telephone Field,recover-20220825,002,1795
65.1555,65.193,68437,81975,Rhinolophus ferrumequinum,0.021,0.021,-1,Echolocation,/mnt/ubna_data_01_mir/recover-20220825/UBNA_002/20220823_033000.WAV,Telephone Field,recover-20220825,002,1795
65.1935,65.2012,22890,30952,Plecotus austriacus,0.009,0.023,-1,Echolocation,/mnt/ubna_data_01_mir/recover-20220825/UBNA_002/20220823_033000.WAV,Telephone Field,recover-20220825,002,1795
65.1995,65.2074,23750,32142,Plecotus austriacus,0.007,0.021,-1,Echolocation,/mnt/ubna_data_01_mir/recover-20220825/UBNA_002/20220823_033000.WAV,Telephone Field,recover-20220825,002,1795
65.2445,65.2813,68437,82276,Rhinolophus ferrumequinum,0.022,0.022,-1,Echolocation,/mnt/ubna_data_01_mir/recover-20220825/UBNA_002/20220823_033000.WAV,Telephone Field,recover-20220825,002,1795
65.26050000000001,65.2997,68437,82574,Rhinolophus ferrumequinum,0.022,0.022,-1,Echolocation,/mnt/ubna_data_01_mir/recover-20220825/UBNA_002/20220823_033000.WAV,Telephone Field,recover-20220825,002,1795
65.2715,65.2805,25468,34860,Eptesicus serotinus,0.006,0.021,-1,Echolocation,/mnt/ubna_data_01_mir/recover-20220825/UBNA_002/20220823_033000.WAV,Telephone Field,recover-20220825,002,1795
65.2915,65.3309,68437,82495,Rhinolophus ferrumequinum,0.021,0.021,-1,Echolocation,/mnt/ubna_data_01_mir/recover-20220825/UBNA_002/20220823_033000.WAV,Telephone Field,recover-20220825,002,1795
65.2955,65.3132,19453,23955,Nyctalus noctula,0.013,0.022,-1,Echolocation,/mnt/ubna_data_01_mir/recover-20220825/UBNA_002/20220823_033000.WAV,Telephone Field,recover-20220825,002,1795
65.3015,65.3099,23750,31309,Plecotus austriacus,0.007,0.021,-1,Echolocation,/mnt/ubna_data_01_mir/recover-20220825/UBNA_002/20220823_033000.WAV,Telephone Field,recover-20220825,002,1795
65.3105,65.35079999999999,68437,82302,Rhinolophus ferrumequinum,0.021,0.021,-1,Echolocation,/mnt/ubna_data_01_mir/recover-20220825/UBNA_002/20220823_033000.WAV,Telephone Field,recover-20220825,002,1795
65.3175,65.3538,68437,81971,Rhinolophus ferrumequinum,0.021,0.021,-1,Echolocation,/mnt/ubna_data_01_mir/recover-20220825/UBNA_002/20220823_033000.WAV,Telephone Field,recover-20220825,002,1795
65.3195,65.327,28046,41313,Eptesicus serotinus,0.01,0.027,-1,Echolocation,/mnt/ubna_data_01_mir/recover-20220825/UBNA_002/20220823_033000.WAV,Telephone Field,recover-20220825,002,1795
65.3355,65.3759,68437,82402,Rhinolophus ferrumequinum,0.023,0.023,-1,Echolocation,/mnt/ubna_data_01_mir/recover-20220825/UBNA_002/20220823_033000.WAV,Telephone Field,recover-20220825,002,1795
65.3405,65.3495,28046,38774,Eptesicus serotinus,0.008,0.02,-1,Echolocation,/mnt/ubna_data_01_mir/recover-20220825/UBNA_002/20220823_033000.WAV,Telephone Field,recover-20220825,002,1795
65.3975,65.4042,26328,41001,Myotis nattereri,0.005,0.023,-1,Echolocation,/mnt/ubna_data_01_mir/recover-20220825/UBNA_002/20220823_033000.WAV,Telephone Field,recover-20220825,002,1795
65.4205,65.4613,68437,82487,Rhinolophus ferrumequinum,0.023,0.023,-1,Echolocation,/mnt/ubna_data_01_mir/recover-20220825/UBNA_002/20220823_033000.WAV,Telephone Field,recover-20220825,002,1795
65.4495,65.4909,68437,82896,Rhinolophus ferrumequinum,0.023,0.023,-1,Echolocation,/mnt/ubna_data_01_mir/recover-20220825/UBNA_002/20220823_033000.WAV,Telephone Field,recover-20220825,002,1795
65.4575,65.4645,28046,39982,Eptesicus serotinus,0.006,0.02,-1,Echolocation,/mnt/ubna_data_01_mir/recover-20220825/UBNA_002/20220823_033000.WAV,Telephone Field,recover-20220825,002,1795
65.4865,65.4989,22031,26631,Nyctalus leisleri,0.013,0.024,-1,Echolocation,/mnt/ubna_data_01_mir/recover-20220825/UBNA_002/20220823_033000.WAV,Telephone Field,recover-20220825,002,1795
65.5465,65.5592,26328,30112,Nyctalus leisleri,0.019,0.038,-1,Echolocation,/mnt/ubna_data_01_mir/recover-20220825/UBNA_002/20220823_033000.WAV,Telephone Field,recover-20220825,002,1795
65.5505,65.5897,68437,82309,Rhinolophus ferrumequinum,0.022,0.022,-1,Echolocation,/mnt/ubna_data_01_mir/recover-20220825/UBNA_002/20220823_033000.WAV,Telephone Field,recover-20220825,002,1795
65.5695,65.6059,68437,81853,Rhinolophus ferrumequinum,0.022,0.022,-1,Echolocation,/mnt/ubna_data_01_mir/recover-20220825/UBNA_002/20220823_033000.WAV,Telephone Field,recover-20220825,002,1795
65.5765,65.6161,68437,82122,Rhinolophus ferrumequinum,0.022,0.022,-1,Echolocation,/mnt/ubna_data_01_mir/recover-20220825/UBNA_002/20220823_033000.WAV,Telephone Field,recover-20220825,002,1795
65.5915,65.5992,23750,32693,Plecotus austriacus,0.016,0.032,-1,Echolocation,/mnt/ubna_data_01_mir/recover-20220825/UBNA_002/20220823_033000.WAV,Telephone Field,recover-20220825,002,1795
65.6005,65.6369,68437,81895,Rhinolophus ferrumequinum,0.022,0.022,-1,Echolocation,/mnt/ubna_data_01_mir/recover-20220825/UBNA_002/20220823_033000.WAV,Telephone Field,recover-20220825,002,1795
65.6225,65.6618,68437,81996,Rhinolophus ferrumequinum,0.021,0.021,-1,Echolocation,/mnt/ubna_data_01_mir/recover-20220825/UBNA_002/20220823_033000.WAV,Telephone Field,recover-20220825,002,1795
65.6465,65.6867,68437,83022,Rhinolophus ferrumequinum,0.023,0.023,-1,Echolocation,/mnt/ubna_data_01_mir/recover-20220825/UBNA_002/20220823_033000.WAV,Telephone Field,recover-20220825,002,1795
65.6795,65.7188,68437,83109,Rhinolophus ferrumequinum,0.025,0.025,-1,Echolocation,/mnt/ubna_data_01_mir/recover-20220825/UBNA_002/20220823_033000.WAV,Telephone Field,recover-20220825,002,1795
65.6855,65.724,68437,82349,Rhinolophus ferrumequinum,0.023,0.023,-1,Echolocation,/mnt/ubna_data_01_mir/recover-20220825/UBNA_002/20220823_033000.WAV,Telephone Field,recover-20220825,002,1795
65.6925,65.7309,68437,82688,Rhinolophus ferrumequinum,0.026,0.026,-1,Echolocation,/mnt/ubna_data_01_mir/recover-20220825/UBNA_002/20220823_033000.WAV,Telephone Field,recover-20220825,002,1795
65.7555,65.7927,68437,82269,Rhinolophus ferrumequinum,0.02,0.02,-1,Echolocation,/mnt/ubna_data_01_mir/recover-20220825/UBNA_002/20220823_033000.WAV,Telephone Field,recover-20220825,002,1795
65.7885,65.7993,23750,29217,Nyctalus leisleri,0.013,0.028,-1,Echolocation,/mnt/ubna_data_01_mir/recover-20220825/UBNA_002/20220823_033000.WAV,Telephone Field,recover-20220825,002,1795
65.8465,65.8849,68437,82888,Rhinolophus ferrumequinum,0.021,0.021,-1,Echolocation,/mnt/ubna_data_01_mir/recover-20220825/UBNA_002/20220823_033000.WAV,Telephone Field,recover-20220825,002,1795
65.8575,65.8972,68437,82174,Rhinolophus ferrumequinum,0.024,0.024,-1,Echolocation,/mnt/ubna_data_01_mir/recover-20220825/UBNA_002/20220823_033000.WAV,Telephone Field,recover-20220825,002,1795
65.8715,65.9093,68437,82238,Rhinolophus ferrumequinum,0.021,0.021,-1,Echolocation,/mnt/ubna_data_01_mir/recover-20220825/UBNA_002/20220823_033000.WAV,Telephone Field,recover-20220825,002,1795
65.9005,65.9389,68437,82507,Rhinolophus ferrumequinum,0.021,0.021,-1,Echolocation,/mnt/ubna_data_01_mir/recover-20220825/UBNA_002/20220823_033000.WAV,Telephone Field,recover-20220825,002,1795
65.9225,65.9582,68437,81708,Rhinolophus ferrumequinum,0.023,0.023,-1,Echolocation,/mnt/ubna_data_01_mir/recover-20220825/UBNA_002/20220823_033000.WAV,Telephone Field,recover-20220825,002,1795
65.9575,65.9682,25468,32878,Eptesicus serotinus,0.013,0.027,-1,Echolocation,/mnt/ubna_data_01_mir/recover-20220825/UBNA_002/20220823_033000.WAV,Telephone Field,recover-20220825,002,1795
66.0015,66.0099,27187,34935,Eptesicus serotinus,0.008,0.026,-1,Echolocation,/mnt/ubna_data_01_mir/recover-20220825/UBNA_002/20220823_033000.WAV,Telephone Field,recover-20220825,002,1795
66.0015,66.0158,37500,43352,Pipistrellus nathusii,0.012,0.022,-1,Echolocation,/mnt/ubna_data_01_mir/recover-20220825/UBNA_002/20220823_033000.WAV,Telephone Field,recover-20220825,002,1795
66.0015,66.0323,69296,81369,Rhinolophus ferrumequinum,0.029,0.03,-1,Echolocation,/mnt/ubna_data_01_mir/recover-20220825/UBNA_002/20220823_033000.WAV,Telephone Field,recover-20220825,002,1795
66.0395,66.0595,20312,23497,Nyctalus leisleri,0.017,0.036,-1,Echolocation,/mnt/ubna_data_01_mir/recover-20220825/UBNA_002/20220823_033000.WAV,Telephone Field,recover-20220825,002,1795
66.0505,66.0559,26328,39976,Myotis nattereri,0.006,0.026,-1,Echolocation,/mnt/ubna_data_01_mir/recover-20220825/UBNA_002/20220823_033000.WAV,Telephone Field,recover-20220825,002,1795
66.0625,66.1035,68437,82585,Rhinolophus ferrumequinum,0.024,0.024,-1,Echolocation,/mnt/ubna_data_01_mir/recover-20220825/UBNA_002/20220823_033000.WAV,Telephone Field,recover-20220825,002,1795
66.0655,66.0742,26328,39765,Eptesicus serotinus,0.009,0.023,-1,Echolocation,/mnt/ubna_data_01_mir/recover-20220825/UBNA_002/20220823_033000.WAV,Telephone Field,recover-20220825,002,1795
66.1555,66.1988,68437,83544,Rhinolophus ferrumequinum,0.03,0.03,-1,Echolocation,/mnt/ubna_data_01_mir/recover-20220825/UBNA_002/20220823_033000.WAV,Telephone Field,recover-20220825,002,1795
66.1745,66.1858,24609,30198,Nyctalus leisleri,0.011,0.025,-1,Echolocation,/mnt/ubna_data_01_mir/recover-20220825/UBNA_002/20220823_033000.WAV,Telephone Field,recover-20220825,002,1795
66.1785,66.1867,45234,48776,Pipistrellus pipistrellus,0.02,0.022,-1,Echolocation,/mnt/ubna_data_01_mir/recover-20220825/UBNA_002/20220823_033000.WAV,Telephone Field,recover-20220825,002,1795
66.1885,66.2272,68437,81592,Rhinolophus ferrumequinum,0.023,0.023,-1,Echolocation,/mnt/ubna_data_01_mir/recover-20220825/UBNA_002/20220823_033000.WAV,Telephone Field,recover-20220825,002,1795
66.1985,66.2089,22031,26943,Nyctalus leisleri,0.01,0.022,-1,Echolocation,/mnt/ubna_data_01_mir/recover-20220825/UBNA_002/20220823_033000.WAV,Telephone Field,recover-20220825,002,1795
66.2405,66.2515,22890,27374,Nyctalus leisleri,0.014,0.026,-1,Echolocation,/mnt/ubna_data_01_mir/recover-20220825/UBNA_002/20220823_033000.WAV,Telephone Field,recover-20220825,002,1795
66.2435,66.2826,68437,82074,Rhinolophus ferrumequinum,0.02,0.02,-1,Echolocation,/mnt/ubna_data_01_mir/recover-20220825/UBNA_002/20220823_033000.WAV,Telephone Field,recover-20220825,002,1795
66.2555,66.2626,28906,37780,Eptesicus serotinus,0.01,0.028,-1,Echolocation,/mnt/ubna_data_01_mir/recover-20220825/UBNA_002/20220823_033000.WAV,Telephone Field,recover-20220825,002,1795
66.2785,66.31700000000001,68437,82411,Rhinolophus ferrumequinum,0.034,0.034,-1,Echolocation,/mnt/ubna_data_01_mir/recover-20220825/UBNA_002/20220823_033000.WAV,Telephone Field,recover-20220825,002,1795
66.2895,66.2962,44375,52791,Pipistrellus pipistrellus,0.018,0.021,-1,Echolocation,/mnt/ubna_data_01_mir/recover-20220825/UBNA_002/20220823_033000.WAV,Telephone Field,recover-20220825,002,1795
66.3385,66.3516,22890,26832,Nyctalus leisleri,0.012,0.021,-1,Echolocation,/mnt/ubna_data_01_mir/recover-20220825/UBNA_002/20220823_033000.WAV,Telephone Field,recover-20220825,002,1795
66.3885,66.4209,68437,81224,Rhinolophus ferrumequinum,0.023,0.023,-1,Echolocation,/mnt/ubna_data_01_mir/recover-20220825/UBNA_002/20220823_033000.WAV,Telephone Field,recover-20220825,002,1795
66.3945,66.4003,23750,36595,Plecotus austriacus,0.014,0.031,-1,Echolocation,/mnt/ubna_data_01_mir/recover-20220825/UBNA_002/20220823_033000.WAV,Telephone Field,recover-20220825,002,1795
66.3955,66.4013,29765,40701,Eptesicus serotinus,0.007,0.032,-1,Echolocation,/mnt/ubna_data_01_mir/recover-20220825/UBNA_002/20220823_033000.WAV,Telephone Field,recover-20220825,002,1795
66.4135,66.4498,68437,81784,Rhinolophus ferrumequinum,0.022,0.022,-1,Echolocation,/mnt/ubna_data_01_mir/recover-20220825/UBNA_002/20220823_033000.WAV,Telephone Field,recover-20220825,002,1795
66.4355,66.4459,22890,27961,Nyctalus leisleri,0.01,0.021,-1,Echolocation,/mnt/ubna_data_01_mir/recover-20220825/UBNA_002/20220823_033000.WAV,Telephone Field,recover-20220825,002,1795
66.4365,66.4711,68437,81119,Rhinolophus ferrumequinum,0.021,0.021,-1,Echolocation,/mnt/ubna_data_01_mir/recover-20220825/UBNA_002/20220823_033000.WAV,Telephone Field,recover-20220825,002,1795
66.4555,66.4638,25468,33875,Eptesicus serotinus,0.007,0.02,-1,Echolocation,/mnt/ubna_data_01_mir/recover-20220825/UBNA_002/20220823_033000.WAV,Telephone Field,recover-20220825,002,1795
66.4575,66.4978,68437,81904,Rhinolophus ferrumequinum,0.022,0.022,-1,Echolocation,/mnt/ubna_data_01_mir/recover-20220825/UBNA_002/20220823_033000.WAV,Telephone Field,recover-20220825,002,1795
66.5005,66.5118,23750,29375,Nyctalus leisleri,0.009,0.02,-1,Echolocation,/mnt/ubna_data_01_mir/recover-20220825/UBNA_002/20220823_033000.WAV,Telephone Field,recover-20220825,002,1795
66.5145,66.5257,22890,27711,Nyctalus leisleri,0.009,0.021,-1,Echolocation,/mnt/ubna_data_01_mir/recover-20220825/UBNA_002/20220823_033000.WAV,Telephone Field,recover-20220825,002,1795
66.5385,66.548,28046,35707,Eptesicus serotinus,0.009,0.022,-1,Echolocation,/mnt/ubna_data_01_mir/recover-20220825/UBNA_002/20220823_033000.WAV,Telephone Field,recover-20220825,002,1795
66.5585,66.5976,68437,81703,Rhinolophus ferrumequinum,0.021,0.021,-1,Echolocation,/mnt/ubna_data_01_mir/recover-20220825/UBNA_002/20220823_033000.WAV,Telephone Field,recover-20220825,002,1795
66.5925,66.6303,68437,81805,Rhinolophus ferrumequinum,0.024,0.024,-1,Echolocation,/mnt/ubna_data_01_mir/recover-20220825/UBNA_002/20220823_033000.WAV,Telephone Field,recover-20220825,002,1795
66.6035,66.6135,22890,29164,Nyctalus leisleri,0.008,0.02,-1,Echolocation,/mnt/ubna_data_01_mir/recover-20220825/UBNA_002/20220823_033000.WAV,Telephone Field,recover-20220825,002,1795
66.6065,66.61580000000001,28046,38652,Eptesicus serotinus,0.008,0.022,-1,Echolocation,/mnt/ubna_data_01_mir/recover-20220825/UBNA_002/20220823_033000.WAV,Telephone Field,recover-20220825,002,1795
66.6225,66.6604,68437,81519,Rhinolophus ferrumequinum,0.021,0.021,-1,Echolocation,/mnt/ubna_data_01_mir/recover-20220825/UBNA_002/20220823_033000.WAV,Telephone Field,recover-20220825,002,1795
66.6705,66.6818,23750,29393,Nyctalus leisleri,0.011,0.024,-1,Echolocation,/mnt/ubna_data_01_mir/recover-20220825/UBNA_002/20220823_033000.WAV,Telephone Field,recover-20220825,002,1795
66.7155,66.7254,28046,37759,Eptesicus serotinus,0.009,0.021,-1,Echolocation,/mnt/ubna_data_01_mir/recover-20220825/UBNA_002/20220823_033000.WAV,Telephone Field,recover-20220825,002,1795
66.7255,66.7407,22890,27374,Nyctalus leisleri,0.019,0.033,-1,Echolocation,/mnt/ubna_data_01_mir/recover-20220825/UBNA_002/20220823_033000.WAV,Telephone Field,recover-20220825,002,1795
66.75450000000001,66.7939,68437,82427,Rhinolophus ferrumequinum,0.03,0.03,-1,Echolocation,/mnt/ubna_data_01_mir/recover-20220825/UBNA_002/20220823_033000.WAV,Telephone Field,recover-20220825,002,1795
66.7615,66.7754,22031,25736,Nyctalus leisleri,0.012,0.021,-1,Echolocation,/mnt/ubna_data_01_mir/recover-20220825/UBNA_002/20220823_033000.WAV,Telephone Field,recover-20220825,002,1795
66.7815,66.82169999999999,68437,83000,Rhinolophus ferrumequinum,0.024,0.024,-1,Echolocation,/mnt/ubna_data_01_mir/recover-20220825/UBNA_002/20220823_033000.WAV,Telephone Field,recover-20220825,002,1795
66.7955,66.8046,24609,31630,Nyctalus leisleri,0.007,0.024,-1,Echolocation,/mnt/ubna_data_01_mir/recover-20220825/UBNA_002/20220823_033000.WAV,Telephone Field,recover-20220825,002,1795
66.88550000000001,66.8912,47812,53861,Pipistrellus pipistrellus,0.027,0.028,-1,Echolocation,/mnt/ubna_data_01_mir/recover-20220825/UBNA_002/20220823_033000.WAV,Telephone Field,recover-20220825,002,1795
66.9175,66.9279,22031,26338,Nyctalus leisleri,0.011,0.021,-1,Echolocation,/mnt/ubna_data_01_mir/recover-20220825/UBNA_002/20220823_033000.WAV,Telephone Field,recover-20220825,002,1795
66.9235,66.9342,22890,27629,Nyctalus leisleri,0.011,0.021,-1,Echolocation,/mnt/ubna_data_01_mir/recover-20220825/UBNA_002/20220823_033000.WAV,Telephone Field,recover-20220825,002,1795
66.9335,66.9442,22890,27732,Nyctalus leisleri,0.01,0.021,-1,Echolocation,/mnt/ubna_data_01_mir/recover-20220825/UBNA_002/20220823_033000.WAV,Telephone Field,recover-20220825,002,1795
66.9635,67.0,68437,81238,Rhinolophus ferrumequinum,0.021,0.021,-1,Echolocation,/mnt/ubna_data_01_mir/recover-20220825/UBNA_002/20220823_033000.WAV,Telephone Field,recover-20220825,002,1795
66.9905,67.0289,68437,82286,Rhinolophus ferrumequinum,0.02,0.02,-1,Echolocation,/mnt/ubna_data_01_mir/recover-20220825/UBNA_002/20220823_033000.WAV,Telephone Field,recover-20220825,002,1795
67.0065,67.0474,68437,82475,Rhinolophus ferrumequinum,0.024,0.024,-1,Echolocation,/mnt/ubna_data_01_mir/recover-20220825/UBNA_002/20220823_033000.WAV,Telephone Field,recover-20220825,002,1795
67.0625,67.0762,23750,30606,Nyctalus leisleri,0.013,0.035,-1,Echolocation,/mnt/ubna_data_01_mir/recover-20220825/UBNA_002/20220823_033000.WAV,Telephone Field,recover-20220825,002,1795
67.0635,67.1053,68437,82427,Rhinolophus ferrumequinum,0.03,0.03,-1,Echolocation,/mnt/ubna_data_01_mir/recover-20220825/UBNA_002/20220823_033000.WAV,Telephone Field,recover-20220825,002,1795
67.1075,67.1433,68437,81339,Rhinolophus ferrumequinum,0.024,0.024,-1,Echolocation,/mnt/ubna_data_01_mir/recover-20220825/UBNA_002/20220823_033000.WAV,Telephone Field,recover-20220825,002,1795
67.1215,67.1613,68437,82029,Rhinolophus ferrumequinum,0.02,0.02,-1,Echolocation,/mnt/ubna_data_01_mir/recover-20220825/UBNA_002/20220823_033000.WAV,Telephone Field,recover-20220825,002,1795
67.1215,67.1314,22031,27494,Nyctalus leisleri,0.008,0.02,-1,Echolocation,/mnt/ubna_data_01_mir/recover-20220825/UBNA_002/20220823_033000.WAV,Telephone Field,recover-20220825,002,1795
67.2345,67.271,68437,81983,Rhinolophus ferrumequinum,0.027,0.027,-1,Echolocation,/mnt/ubna_data_01_mir/recover-20220825/UBNA_002/20220823_033000.WAV,Telephone Field,recover-20220825,002,1795
67.2805,67.2929,22031,26773,Nyctalus leisleri,0.012,0.024,-1,Echolocation,/mnt/ubna_data_01_mir/recover-20220825/UBNA_002/20220823_033000.WAV,Telephone Field,recover-20220825,002,1795
67.3225,67.363,68437,82164,Rhinolophus ferrumequinum,0.022,0.022,-1,Echolocation,/mnt/ubna_data_01_mir/recover-20220825/UBNA_002/20220823_033000.WAV,Telephone Field,recover-20220825,002,1795
67.3245,67.3345,23750,30528,Nyctalus leisleri,0.007,0.022,-1,Echolocation,/mnt/ubna_data_01_mir/recover-20220825/UBNA_002/20220823_033000.WAV,Telephone Field,recover-20220825,002,1795
67.3365,67.3453,28046,37306,Eptesicus serotinus,0.008,0.021,-1,Echolocation,/mnt/ubna_data_01_mir/recover-20220825/UBNA_002/20220823_033000.WAV,Telephone Field,recover-20220825,002,1795
67.3455,67.3537,28906,39975,Eptesicus serotinus,0.007,0.022,-1,Echolocation,/mnt/ubna_data_01_mir/recover-20220825/UBNA_002/20220823_033000.WAV,Telephone Field,recover-20220825,002,1795
67.3595,67.3689,28906,38807,Eptesicus serotinus,0.007,0.021,-1,Echolocation,/mnt/ubna_data_01_mir/recover-20220825/UBNA_002/20220823_033000.WAV,Telephone Field,recover-20220825,002,1795
67.4125,67.4218,28906,37306,Eptesicus serotinus,0.01,0.024,-1,Echolocation,/mnt/ubna_data_01_mir/recover-20220825/UBNA_002/20220823_033000.WAV,Telephone Field,recover-20220825,002,1795
67.4235,67.4666,68437,83350,Rhinolophus ferrumequinum,0.037,0.037,-1,Echolocation,/mnt/ubna_data_01_mir/recover-20220825/UBNA_002/20220823_033000.WAV,Telephone Field,recover-20220825,002,1795
67.4285,67.4393,22031,26451,Nyctalus leisleri,0.011,0.02,-1,Echolocation,/mnt/ubna_data_01_mir/recover-20220825/UBNA_002/20220823_033000.WAV,Telephone Field,recover-20220825,002,1795
67.4595,67.4974,68437,82339,Rhinolophus ferrumequinum,0.021,0.021,-1,Echolocation,/mnt/ubna_data_01_mir/recover-20220825/UBNA_002/20220823_033000.WAV,Telephone Field,recover-20220825,002,1795
67.4705,67.5128,68437,83034,Rhinolophus ferrumequinum,0.021,0.021,-1,Echolocation,/mnt/ubna_data_01_mir/recover-20220825/UBNA_002/20220823_033000.WAV,Telephone Field,recover-20220825,002,1795
67.4975,67.5095,23750,29462,Nyctalus leisleri,0.011,0.023,-1,Echolocation,/mnt/ubna_data_01_mir/recover-20220825/UBNA_002/20220823_033000.WAV,Telephone Field,recover-20220825,002,1795
67.5055,67.5165,26328,33519,Eptesicus serotinus,0.009,0.026,-1,Echolocation,/mnt/ubna_data_01_mir/recover-20220825/UBNA_002/20220823_033000.WAV,Telephone Field,recover-20220825,002,1795
67.5375,67.5701,68437,80880,Rhinolophus ferrumequinum,0.02,0.02,-1,Echolocation,/mnt/ubna_data_01_mir/recover-20220825/UBNA_002/20220823_033000.WAV,Telephone Field,recover-20220825,002,1795
67.5605,67.5683,34062,43404,Myotis daubentonii,0.008,0.026,-1,Echolocation,/mnt/ubna_data_01_mir/recover-20220825/UBNA_002/20220823_033000.WAV,Telephone Field,recover-20220825,002,1795
67.5745,67.6091,68437,82570,Rhinolophus ferrumequinum,0.022,0.022,-1,Echolocation,/mnt/ubna_data_01_mir/recover-20220825/UBNA_002/20220823_033000.WAV,Telephone Field,recover-20220825,002,1795
67.6035,67.6426,68437,82104,Rhinolophus ferrumequinum,0.02,0.02,-1,Echolocation,/mnt/ubna_data_01_mir/recover-20220825/UBNA_002/20220823_033000.WAV,Telephone Field,recover-20220825,002,1795
67.6245,67.6637,68437,81535,Rhinolophus ferrumequinum,0.021,0.021,-1,Echolocation,/mnt/ubna_data_01_mir/recover-20220825/UBNA_002/20220823_033000.WAV,Telephone Field,recover-20220825,002,1795
67.6265,67.6351,28046,39146,Eptesicus serotinus,0.007,0.02,-1,Echolocation,/mnt/ubna_data_01_mir/recover-20220825/UBNA_002/20220823_033000.WAV,Telephone Field,recover-20220825,002,1795
67.6725,67.7089,68437,81689,Rhinolophus ferrumequinum,0.021,0.021,-1,Echolocation,/mnt/ubna_data_01_mir/recover-20220825/UBNA_002/20220823_033000.WAV,Telephone Field,recover-20220825,002,1795
67.6725,67.6913,17734,20439,Nyctalus leisleri,0.011,0.021,-1,Echolocation,/mnt/ubna_data_01_mir/recover-20220825/UBNA_002/20220823_033000.WAV,Telephone Field,recover-20220825,002,1795
67.6825,67.6915,28046,38462,Eptesicus serotinus,0.008,0.021,-1,Echolocation,/mnt/ubna_data_01_mir/recover-20220825/UBNA_002/20220823_033000.WAV,Telephone Field,recover-20220825,002,1795
67.7415,67.7836,68437,83243,Rhinolophus ferrumequinum,0.025,0.025,-1,Echolocation,/mnt/ubna_data_01_mir/recover-20220825/UBNA_002/20220823_033000.WAV,Telephone Field,recover-20220825,002,1795
67.7525,67.7651,24609,30311,Eptesicus serotinus,0.012,0.03,-1,Echolocation,/mnt/ubna_data_01_mir/recover-20220825/UBNA_002/20220823_033000.WAV,Telephone Field,recover-20220825,002,1795
67.7745,67.8108,68437,82135,Rhinolophus ferrumequinum,0.023,0.023,-1,Echolocation,/mnt/ubna_data_01_mir/recover-20220825/UBNA_002/20220823_033000.WAV,Telephone Field,recover-20220825,002,1795
67.7955,67.834,68437,81810,Rhinolophus ferrumequinum,0.022,0.023,-1,Echolocation,/mnt/ubna_data_01_mir/recover-20220825/UBNA_002/20220823_033000.WAV,Telephone Field,recover-20220825,002,1795
67.8035,67.811,26328,38778,Eptesicus serotinus,0.006,0.022,-1,Echolocation,/mnt/ubna_data_01_mir/recover-20220825/UBNA_002/20220823_033000.WAV,Telephone Field,recover-20220825,002,1795
67.8225,67.8663,68437,83089,Rhinolophus ferrumequinum,0.034,0.034,-1,Echolocation,/mnt/ubna_data_01_mir/recover-20220825/UBNA_002/20220823_033000.WAV,Telephone Field,recover-20220825,002,1795
67.8715,67.8819,28046,35684,Eptesicus serotinus,0.01,0.022,-1,Echolocation,/mnt/ubna_data_01_mir/recover-20220825/UBNA_002/20220823_033000.WAV,Telephone Field,recover-20220825,002,1795
67.8755,67.9195,68437,83318,Rhinolophus ferrumequinum,0.037,0.037,-1,Echolocation,/mnt/ubna_data_01_mir/recover-20220825/UBNA_002/20220823_033000.WAV,Telephone Field,recover-20220825,002,1795
67.9405,67.9515,26328,32309,Eptesicus serotinus,0.01,0.021,-1,Echolocation,/mnt/ubna_data_01_mir/recover-20220825/UBNA_002/20220823_033000.WAV,Telephone Field,recover-20220825,002,1795
67.9405,67.9784,68437,81751,Rhinolophus ferrumequinum,0.024,0.024,-1,Echolocation,/mnt/ubna_data_01_mir/recover-20220825/UBNA_002/20220823_033000.WAV,Telephone Field,recover-20220825,002,1795
67.9795,67.9993,17734,21194,Nyctalus noctula,0.014,0.024,-1,Echolocation,/mnt/ubna_data_01_mir/recover-20220825/UBNA_002/20220823_033000.WAV,Telephone Field,recover-20220825,002,1795
67.9865,67.9974,23750,30462,Nyctalus leisleri,0.011,0.029,-1,Echolocation,/mnt/ubna_data_01_mir/recover-20220825/UBNA_002/20220823_033000.WAV,Telephone Field,recover-20220825,002,1795
68.0015,68.0099,21171,27827,Nyctalus leisleri,0.008,0.029,-1,Echolocation,/mnt/ubna_data_01_mir/recover-20220825/UBNA_002/20220823_033000.WAV,Telephone Field,recover-20220825,002,1795
68.0015,68.0318,69296,80909,Rhinolophus ferrumequinum,0.03,0.03,-1,Echolocation,/mnt/ubna_data_01_mir/recover-20220825/UBNA_002/20220823_033000.WAV,Telephone Field,recover-20220825,002,1795
68.0015,68.0155,48671,53633,Pipistrellus pipistrellus,0.024,0.036,-1,Echolocation,/mnt/ubna_data_01_mir/recover-20220825/UBNA_002/20220823_033000.WAV,Telephone Field,recover-20220825,002,1795
68.0065,68.0158,49531,52818,Pipistrellus pipistrellus,0.026,0.031,-1,Echolocation,/mnt/ubna_data_01_mir/recover-20220825/UBNA_002/20220823_033000.WAV,Telephone Field,recover-20220825,002,1795
68.0205,68.03020000000001,26328,35404,Eptesicus serotinus,0.008,0.02,-1,Echolocation,/mnt/ubna_data_01_mir/recover-20220825/UBNA_002/20220823_033000.WAV,Telephone Field,recover-20220825,002,1795
68.0255,68.0341,27187,37885,Eptesicus serotinus,0.007,0.02,-1,Echolocation,/mnt/ubna_data_01_mir/recover-20220825/UBNA_002/20220823_033000.WAV,Telephone Field,recover-20220825,002,1795
68.0475,68.0844,68437,82648,Rhinolophus ferrumequinum,0.022,0.022,-1,Echolocation,/mnt/ubna_data_01_mir/recover-20220825/UBNA_002/20220823_033000.WAV,Telephone Field,recover-20220825,002,1795
68.0485,68.0556,27187,40111,Eptesicus serotinus,0.006,0.021,-1,Echolocation,/mnt/ubna_data_01_mir/recover-20220825/UBNA_002/20220823_033000.WAV,Telephone Field,recover-20220825,002,1795
68.0535,68.0926,68437,82353,Rhinolophus ferrumequinum,0.021,0.021,-1,Echolocation,/mnt/ubna_data_01_mir/recover-20220825/UBNA_002/20220823_033000.WAV,Telephone Field,recover-20220825,002,1795
68.0755,68.1187,68437,82864,Rhinolophus ferrumequinum,0.028,0.028,-1,Echolocation,/mnt/ubna_data_01_mir/recover-20220825/UBNA_002/20220823_033000.WAV,Telephone Field,recover-20220825,002,1795
68.1555,68.1922,68437,81318,Rhinolophus ferrumequinum,0.021,0.021,-1,Echolocation,/mnt/ubna_data_01_mir/recover-20220825/UBNA_002/20220823_033000.WAV,Telephone Field,recover-20220825,002,1795
68.1815,68.1905,25468,34199,Eptesicus serotinus,0.008,0.02,-1,Echolocation,/mnt/ubna_data_01_mir/recover-20220825/UBNA_002/20220823_033000.WAV,Telephone Field,recover-20220825,002,1795
68.1815,68.21770000000001,68437,81850,Rhinolophus ferrumequinum,0.02,0.02,-1,Echolocation,/mnt/ubna_data_01_mir/recover-20220825/UBNA_002/20220823_033000.WAV,Telephone Field,recover-20220825,002,1795
68.1875,68.1969,24609,31856,Eptesicus serotinus,0.007,0.02,-1,Echolocation,/mnt/ubna_data_01_mir/recover-20220825/UBNA_002/20220823_033000.WAV,Telephone Field,recover-20220825,002,1795
68.2135,68.2518,68437,81746,Rhinolophus ferrumequinum,0.022,0.022,-1,Echolocation,/mnt/ubna_data_01_mir/recover-20220825/UBNA_002/20220823_033000.WAV,Telephone Field,recover-20220825,002,1795
68.2205,68.2573,68437,82103,Rhinolophus ferrumequinum,0.021,0.021,-1,Echolocation,/mnt/ubna_data_01_mir/recover-20220825/UBNA_002/20220823_033000.WAV,Telephone Field,recover-20220825,002,1795
68.2475,68.2844,68437,82184,Rhinolophus ferrumequinum,0.023,0.023,-1,Echolocation,/mnt/ubna_data_01_mir/recover-20220825/UBNA_002/20220823_033000.WAV,Telephone Field,recover-20220825,002,1795
68.2915,68.3,28046,40396,Eptesicus serotinus,0.007,0.021,-1,Echolocation,/mnt/ubna_data_01_mir/recover-20220825/UBNA_002/20220823_033000.WAV,Telephone Field,recover-20220825,002,1795
68.2985,68.3066,28046,38408,Eptesicus serotinus,0.008,0.023,-1,Echolocation,/mnt/ubna_data_01_mir/recover-20220825/UBNA_002/20220823_033000.WAV,Telephone Field,recover-20220825,002,1795
68.3165,68.3295,22031,27606,Nyctalus leisleri,0.012,0.025,-1,Echolocation,/mnt/ubna_data_01_mir/recover-20220825/UBNA_002/20220823_033000.WAV,Telephone Field,recover-20220825,002,1795
68.3375,68.3787,68437,82711,Rhinolophus ferrumequinum,0.026,0.026,-1,Echolocation,/mnt/ubna_data_01_mir/recover-20220825/UBNA_002/20220823_033000.WAV,Telephone Field,recover-20220825,002,1795
68.3665,68.4112,68437,83074,Rhinolophus ferrumequinum,0.043,0.044,-1,Echolocation,/mnt/ubna_data_01_mir/recover-20220825/UBNA_002/20220823_033000.WAV,Telephone Field,recover-20220825,002,1795
68.3725,68.3812,24609,33916,Plecotus austriacus,0.013,0.046,-1,Echolocation,/mnt/ubna_data_01_mir/recover-20220825/UBNA_002/20220823_033000.WAV,Telephone Field,recover-20220825,002,1795
68.4405,68.4524,16875,22879,Nyctalus noctula,0.015,0.028,-1,Echolocation,/mnt/ubna_data_01_mir/recover-20220825/UBNA_002/20220823_033000.WAV,Telephone Field,recover-20220825,002,1795
68.4555,68.4976,68437,82481,Rhinolophus ferrumequinum,0.057,0.057,-1,Echolocation,/mnt/ubna_data_01_mir/recover-20220825/UBNA_002/20220823_033000.WAV,Telephone Field,recover-20220825,002,1795
68.4795,68.5174,68437,82052,Rhinolophus ferrumequinum,0.02,0.02,-1,Echolocation,/mnt/ubna_data_01_mir/recover-20220825/UBNA_002/20220823_033000.WAV,Telephone Field,recover-20220825,002,1795
68.4925,68.5286,68437,81637,Rhinolophus ferrumequinum,0.02,0.02,-1,Echolocation,/mnt/ubna_data_01_mir/recover-20220825/UBNA_002/20220823_033000.WAV,Telephone Field,recover-20220825,002,1795
68.5185,68.5252,26328,38605,Eptesicus serotinus,0.009,0.035,-1,Echolocation,/mnt/ubna_data_01_mir/recover-20220825/UBNA_002/20220823_033000.WAV,Telephone Field,recover-20220825,002,1795
68.5195,68.5601,68437,82512,Rhinolophus ferrumequinum,0.022,0.022,-1,Echolocation,/mnt/ubna_data_01_mir/recover-20220825/UBNA_002/20220823_033000.WAV,Telephone Field,recover-20220825,002,1795
68.5335,68.5694,68437,82010,Rhinolophus ferrumequinum,0.021,0.021,-1,Echolocation,/mnt/ubna_data_01_mir/recover-20220825/UBNA_002/20220823_033000.WAV,Telephone Field,recover-20220825,002,1795
68.5395,68.54599999999999,27187,37212,Eptesicus serotinus,0.006,0.022,-1,Echolocation,/mnt/ubna_data_01_mir/recover-20220825/UBNA_002/20220823_033000.WAV,Telephone Field,recover-20220825,002,1795
68.5665,68.5764,37500,44626,Pipistrellus nathusii,0.01,0.025,-1,Echolocation,/mnt/ubna_data_01_mir/recover-20220825/UBNA_002/20220823_033000.WAV,Telephone Field,recover-20220825,002,1795
68.5675,68.6052,68437,82260,Rhinolophus ferrumequinum,0.022,0.022,-1,Echolocation,/mnt/ubna_data_01_mir/recover-20220825/UBNA_002/20220823_033000.WAV,Telephone Field,recover-20220825,002,1795
68.5845,68.6237,68437,82139,Rhinolophus ferrumequinum,0.022,0.022,-1,Echolocation,/mnt/ubna_data_01_mir/recover-20220825/UBNA_002/20220823_033000.WAV,Telephone Field,recover-20220825,002,1795
68.6115,68.6179,40078,55772,Myotis brandtii,0.006,0.022,-1,Echolocation,/mnt/ubna_data_01_mir/recover-20220825/UBNA_002/20220823_033000.WAV,Telephone Field,recover-20220825,002,1795
68.6465,68.6615,22890,27213,Nyctalus leisleri,0.016,0.027,-1,Echolocation,/mnt/ubna_data_01_mir/recover-20220825/UBNA_002/20220823_033000.WAV,Telephone Field,recover-20220825,002,1795
68.6765,68.6935,20312,23821,Nyctalus leisleri,0.016,0.033,-1,Echolocation,/mnt/ubna_data_01_mir/recover-20220825/UBNA_002/20220823_033000.WAV,Telephone Field,recover-20220825,002,1795
68.7215,68.7623,68437,82198,Rhinolophus ferrumequinum,0.023,0.023,-1,Echolocation,/mnt/ubna_data_01_mir/recover-20220825/UBNA_002/20220823_033000.WAV,Telephone Field,recover-20220825,002,1795
68.7235,68.7368,22890,27160,Nyctalus leisleri,0.016,0.029,-1,Echolocation,/mnt/ubna_data_01_mir/recover-20220825/UBNA_002/20220823_033000.WAV,Telephone Field,recover-20220825,002,1795
68.7445,68.7811,68437,81503,Rhinolophus ferrumequinum,0.021,0.021,-1,Echolocation,/mnt/ubna_data_01_mir/recover-20220825/UBNA_002/20220823_033000.WAV,Telephone Field,recover-20220825,002,1795
68.7625,68.8015,68437,81850,Rhinolophus ferrumequinum,0.024,0.024,-1,Echolocation,/mnt/ubna_data_01_mir/recover-20220825/UBNA_002/20220823_033000.WAV,Telephone Field,recover-20220825,002,1795
68.7745,68.7856,24609,30139,Nyctalus leisleri,0.011,0.024,-1,Echolocation,/mnt/ubna_data_01_mir/recover-20220825/UBNA_002/20220823_033000.WAV,Telephone Field,recover-20220825,002,1795
68.7935,68.8324,68437,82281,Rhinolophus ferrumequinum,0.022,0.022,-1,Echolocation,/mnt/ubna_data_01_mir/recover-20220825/UBNA_002/20220823_033000.WAV,Telephone Field,recover-20220825,002,1795
68.8775,68.8852,28046,37169,Eptesicus serotinus,0.006,0.021,-1,Echolocation,/mnt/ubna_data_01_mir/recover-20220825/UBNA_002/20220823_033000.WAV,Telephone Field,recover-20220825,002,1795
68.8925,68.9274,68437,81565,Rhinolophus ferrumequinum,0.021,0.021,-1,Echolocation,/mnt/ubna_data_01_mir/recover-20220825/UBNA_002/20220823_033000.WAV,Telephone Field,recover-20220825,002,1795
68.9165,68.9551,68437,82272,Rhinolophus ferrumequinum,0.02,0.02,-1,Echolocation,/mnt/ubna_data_01_mir/recover-20220825/UBNA_002/20220823_033000.WAV,Telephone Field,recover-20220825,002,1795
68.9185,68.9291,22031,26357,Nyctalus leisleri,0.01,0.02,-1,Echolocation,/mnt/ubna_data_01_mir/recover-20220825/UBNA_002/20220823_033000.WAV,Telephone Field,recover-20220825,002,1795
68.9255,68.9639,68437,82264,Rhinolophus ferrumequinum,0.021,0.021,-1,Echolocation,/mnt/ubna_data_01_mir/recover-20220825/UBNA_002/20220823_033000.WAV,Telephone Field,recover-20220825,002,1795
68.9405,68.9782,68437,82689,Rhinolophus ferrumequinum,0.021,0.021,-1,Echolocation,/mnt/ubna_data_01_mir/recover-20220825/UBNA_002/20220823_033000.WAV,Telephone Field,recover-20220825,002,1795
68.9575,68.9998,68437,82358,Rhinolophus ferrumequinum,0.021,0.021,-1,Echolocation,/mnt/ubna_data_01_mir/recover-20220825/UBNA_002/20220823_033000.WAV,Telephone Field,recover-20220825,002,1795
68.9815,68.9915,14296,20477,Nyctalus noctula,0.009,0.02,-1,Echolocation,/mnt/ubna_data_01_mir/recover-20220825/UBNA_002/20220823_033000.WAV,Telephone Field,recover-20220825,002,1795
68.9885,69.0273,68437,82845,Rhinolophus ferrumequinum,0.03,0.03,-1,Echolocation,/mnt/ubna_data_01_mir/recover-20220825/UBNA_002/20220823_033000.WAV,Telephone Field,recover-20220825,002,1795
69.0835,69.0916,26328,37425,Eptesicus serotinus,0.007,0.02,-1,Echolocation,/mnt/ubna_data_01_mir/recover-20220825/UBNA_002/20220823_033000.WAV,Telephone Field,recover-20220825,002,1795
69.0845,69.0928,39218,49421,Myotis daubentonii,0.005,0.02,-1,Echolocation,/mnt/ubna_data_01_mir/recover-20220825/UBNA_002/20220823_033000.WAV,Telephone Field,recover-20220825,002,1795
69.0855,69.1225,68437,82073,Rhinolophus ferrumequinum,0.021,0.021,-1,Echolocation,/mnt/ubna_data_01_mir/recover-20220825/UBNA_002/20220823_033000.WAV,Telephone Field,recover-20220825,002,1795
69.0975,69.1352,68437,82033,Rhinolophus ferrumequinum,0.026,0.026,-1,Echolocation,/mnt/ubna_data_01_mir/recover-20220825/UBNA_002/20220823_033000.WAV,Telephone Field,recover-20220825,002,1795
69.1115,69.1505,68437,82211,Rhinolophus ferrumequinum,0.02,0.02,-1,Echolocation,/mnt/ubna_data_01_mir/recover-20220825/UBNA_002/20220823_033000.WAV,Telephone Field,recover-20220825,002,1795
69.1215,69.1279,27187,37713,Eptesicus serotinus,0.005,0.02,-1,Echolocation,/mnt/ubna_data_01_mir/recover-20220825/UBNA_002/20220823_033000.WAV,Telephone Field,recover-20220825,002,1795
69.26050000000001,69.2719,23750,29482,Nyctalus leisleri,0.012,0.026,-1,Echolocation,/mnt/ubna_data_01_mir/recover-20220825/UBNA_002/20220823_033000.WAV,Telephone Field,recover-20220825,002,1795
69.2675,69.305,68437,83026,Rhinolophus ferrumequinum,0.022,0.022,-1,Echolocation,/mnt/ubna_data_01_mir/recover-20220825/UBNA_002/20220823_033000.WAV,Telephone Field,recover-20220825,002,1795
69.2825,69.2901,28046,39747,Eptesicus serotinus,0.006,0.021,-1,Echolocation,/mnt/ubna_data_01_mir/recover-20220825/UBNA_002/20220823_033000.WAV,Telephone Field,recover-20220825,002,1795
69.2985,69.306,26328,40163,Eptesicus serotinus,0.007,0.022,-1,Echolocation,/mnt/ubna_data_01_mir/recover-20220825/UBNA_002/20220823_033000.WAV,Telephone Field,recover-20220825,002,1795
69.2985,69.3351,68437,82418,Rhinolophus ferrumequinum,0.021,0.021,-1,Echolocation,/mnt/ubna_data_01_mir/recover-20220825/UBNA_002/20220823_033000.WAV,Telephone Field,recover-20220825,002,1795
69.3145,69.3483,68437,80480,Rhinolophus ferrumequinum,0.025,0.025,-1,Echolocation,/mnt/ubna_data_01_mir/recover-20220825/UBNA_002/20220823_033000.WAV,Telephone Field,recover-20220825,002,1795
69.3445,69.3804,68437,81240,Rhinolophus ferrumequinum,0.021,0.021,-1,Echolocation,/mnt/ubna_data_01_mir/recover-20220825/UBNA_002/20220823_033000.WAV,Telephone Field,recover-20220825,002,1795
69.3555,69.3616,23750,35391,Plecotus austriacus,0.017,0.039,-1,Echolocation,/mnt/ubna_data_01_mir/recover-20220825/UBNA_002/20220823_033000.WAV,Telephone Field,recover-20220825,002,1795
69.3725,69.3831,22890,27940,Nyctalus leisleri,0.011,0.023,-1,Echolocation,/mnt/ubna_data_01_mir/recover-20220825/UBNA_002/20220823_033000.WAV,Telephone Field,recover-20220825,002,1795
69.3955,69.4301,68437,81286,Rhinolophus ferrumequinum,0.021,0.021,-1,Echolocation,/mnt/ubna_data_01_mir/recover-20220825/UBNA_002/20220823_033000.WAV,Telephone Field,recover-20220825,002,1795
69.3985,69.41460000000001,15156,20235,Nyctalus noctula,0.018,0.026,-1,Echolocation,/mnt/ubna_data_01_mir/recover-20220825/UBNA_002/20220823_033000.WAV,Telephone Field,recover-20220825,002,1795
69.4175,69.4268,22890,29017,Plecotus austriacus,0.009,0.025,-1,Echolocation,/mnt/ubna_data_01_mir/recover-20220825/UBNA_002/20220823_033000.WAV,Telephone Field,recover-20220825,002,1795
69.4345,69.4449,28046,35401,Eptesicus serotinus,0.009,0.021,-1,Echolocation,/mnt/ubna_data_01_mir/recover-20220825/UBNA_002/20220823_033000.WAV,Telephone Field,recover-20220825,002,1795
69.4435,69.4519,28046,41615,Eptesicus serotinus,0.008,0.023,-1,Echolocation,/mnt/ubna_data_01_mir/recover-20220825/UBNA_002/20220823_033000.WAV,Telephone Field,recover-20220825,002,1795
69.4635,69.4702,28046,39875,Eptesicus serotinus,0.006,0.025,-1,Echolocation,/mnt/ubna_data_01_mir/recover-20220825/UBNA_002/20220823_033000.WAV,Telephone Field,recover-20220825,002,1795
69.4795,69.5172,68437,81709,Rhinolophus ferrumequinum,0.023,0.023,-1,Echolocation,/mnt/ubna_data_01_mir/recover-20220825/UBNA_002/20220823_033000.WAV,Telephone Field,recover-20220825,002,1795
69.5095,69.5472,68437,81725,Rhinolophus ferrumequinum,0.02,0.021,-1,Echolocation,/mnt/ubna_data_01_mir/recover-20220825/UBNA_002/20220823_033000.WAV,Telephone Field,recover-20220825,002,1795
69.5355,69.5756,68437,82989,Rhinolophus ferrumequinum,0.026,0.026,-1,Echolocation,/mnt/ubna_data_01_mir/recover-20220825/UBNA_002/20220823_033000.WAV,Telephone Field,recover-20220825,002,1795
69.5405,69.5488,28046,37120,Eptesicus serotinus,0.009,0.025,-1,Echolocation,/mnt/ubna_data_01_mir/recover-20220825/UBNA_002/20220823_033000.WAV,Telephone Field,recover-20220825,002,1795
69.5875,69.6239,68437,81603,Rhinolophus ferrumequinum,0.021,0.021,-1,Echolocation,/mnt/ubna_data_01_mir/recover-20220825/UBNA_002/20220823_033000.WAV,Telephone Field,recover-20220825,002,1795
69.5985,69.6393,68437,82653,Rhinolophus ferrumequinum,0.028,0.028,-1,Echolocation,/mnt/ubna_data_01_mir/recover-20220825/UBNA_002/20220823_033000.WAV,Telephone Field,recover-20220825,002,1795
69.6235,69.6316,27187,39713,Eptesicus serotinus,0.007,0.021,-1,Echolocation,/mnt/ubna_data_01_mir/recover-20220825/UBNA_002/20220823_033000.WAV,Telephone Field,recover-20220825,002,1795
69.6235,69.662,68437,82125,Rhinolophus ferrumequinum,0.022,0.022,-1,Echolocation,/mnt/ubna_data_01_mir/recover-20220825/UBNA_002/20220823_033000.WAV,Telephone Field,recover-20220825,002,1795
69.6575,69.6661,27187,37353,Eptesicus serotinus,0.008,0.022,-1,Echolocation,/mnt/ubna_data_01_mir/recover-20220825/UBNA_002/20220823_033000.WAV,Telephone Field,recover-20220825,002,1795
69.6705,69.7073,68437,81719,Rhinolophus ferrumequinum,0.021,0.021,-1,Echolocation,/mnt/ubna_data_01_mir/recover-20220825/UBNA_002/20220823_033000.WAV,Telephone Field,recover-20220825,002,1795
69.6765,69.6829,26328,35288,Eptesicus serotinus,0.006,0.02,-1,Echolocation,/mnt/ubna_data_01_mir/recover-20220825/UBNA_002/20220823_033000.WAV,Telephone Field,recover-20220825,002,1795
69.7135,69.7236,28046,36332,Eptesicus serotinus,0.009,0.022,-1,Echolocation,/mnt/ubna_data_01_mir/recover-20220825/UBNA_002/20220823_033000.WAV,Telephone Field,recover-20220825,002,1795
69.7305,69.7711,68437,82448,Rhinolophus ferrumequinum,0.021,0.021,-1,Echolocation,/mnt/ubna_data_01_mir/recover-20220825/UBNA_002/20220823_033000.WAV,Telephone Field,recover-20220825,002,1795
69.7525,69.7859,68437,81018,Rhinolophus ferrumequinum,0.022,0.022,-1,Echolocation,/mnt/ubna_data_01_mir/recover-20220825/UBNA_002/20220823_033000.WAV,Telephone Field,recover-20220825,002,1795
69.7575,69.76859999999999,56406,61409,Pipistrellus pygmaeus,0.029,0.03,-1,Echolocation,/mnt/ubna_data_01_mir/recover-20220825/UBNA_002/20220823_033000.WAV,Telephone Field,recover-20220825,002,1795
69.7705,69.8077,68437,81912,Rhinolophus ferrumequinum,0.023,0.023,-1,Echolocation,/mnt/ubna_data_01_mir/recover-20220825/UBNA_002/20220823_033000.WAV,Telephone Field,recover-20220825,002,1795
69.7785,69.791,27187,33812,Eptesicus serotinus,0.016,0.029,-1,Echolocation,/mnt/ubna_data_01_mir/recover-20220825/UBNA_002/20220823_033000.WAV,Telephone Field,recover-20220825,002,1795
69.7985,69.8059,30625,41989,Myotis daubentonii,0.013,0.027,-1,Echolocation,/mnt/ubna_data_01_mir/recover-20220825/UBNA_002/20220823_033000.WAV,Telephone Field,recover-20220825,002,1795
69.8125,69.8209,50390,54352,Pipistrellus pipistrellus,0.017,0.02,-1,Echolocation,/mnt/ubna_data_01_mir/recover-20220825/UBNA_002/20220823_033000.WAV,Telephone Field,recover-20220825,002,1795
69.8165,69.8549,68437,82677,Rhinolophus ferrumequinum,0.025,0.025,-1,Echolocation,/mnt/ubna_data_01_mir/recover-20220825/UBNA_002/20220823_033000.WAV,Telephone Field,recover-20220825,002,1795
69.8175,69.8256,27187,38333,Eptesicus serotinus,0.009,0.024,-1,Echolocation,/mnt/ubna_data_01_mir/recover-20220825/UBNA_002/20220823_033000.WAV,Telephone Field,recover-20220825,002,1795
69.8565,69.8655,25468,34275,Eptesicus serotinus,0.008,0.021,-1,Echolocation,/mnt/ubna_data_01_mir/recover-20220825/UBNA_002/20220823_033000.WAV,Telephone Field,recover-20220825,002,1795
69.8765,69.8875,23750,29088,Nyctalus leisleri,0.009,0.021,-1,Echolocation,/mnt/ubna_data_01_mir/recover-20220825/UBNA_002/20220823_033000.WAV,Telephone Field,recover-20220825,002,1795
69.8835,69.8921,26328,34484,Eptesicus serotinus,0.008,0.022,-1,Echolocation,/mnt/ubna_data_01_mir/recover-20220825/UBNA_002/20220823_033000.WAV,Telephone Field,recover-20220825,002,1795
69.8845,69.9257,68437,82565,Rhinolophus ferrumequinum,0.023,0.024,-1,Echolocation,/mnt/ubna_data_01_mir/recover-20220825/UBNA_002/20220823_033000.WAV,Telephone Field,recover-20220825,002,1795
69.9465,69.9563,23750,31017,Nyctalus leisleri,0.009,0.027,-1,Echolocation,/mnt/ubna_data_01_mir/recover-20220825/UBNA_002/20220823_033000.WAV,Telephone Field,recover-20220825,002,1795
70.0015,70.0156,20312,24481,Nyctalus leisleri,0.02,0.042,-1,Echolocation,/mnt/ubna_data_01_mir/recover-20220825/UBNA_002/20220823_033000.WAV,Telephone Field,recover-20220825,002,1795
70.0015,70.0316,69296,81444,Rhinolophus ferrumequinum,0.034,0.034,-1,Echolocation,/mnt/ubna_data_01_mir/recover-20220825/UBNA_002/20220823_033000.WAV,Telephone Field,recover-20220825,002,1795
70.0135,70.0527,68437,82990,Rhinolophus ferrumequinum,0.025,0.025,-1,Echolocation,/mnt/ubna_data_01_mir/recover-20220825/UBNA_002/20220823_033000.WAV,Telephone Field,recover-20220825,002,1795
70.0325,70.0402,28906,36993,Eptesicus serotinus,0.01,0.027,-1,Echolocation,/mnt/ubna_data_01_mir/recover-20220825/UBNA_002/20220823_033000.WAV,Telephone Field,recover-20220825,002,1795
70.0475,70.0538,36640,48013,Myotis daubentonii,0.008,0.02,-1,Echolocation,/mnt/ubna_data_01_mir/recover-20220825/UBNA_002/20220823_033000.WAV,Telephone Field,recover-20220825,002,1795
70.0485,70.089,68437,82066,Rhinolophus ferrumequinum,0.021,0.021,-1,Echolocation,/mnt/ubna_data_01_mir/recover-20220825/UBNA_002/20220823_033000.WAV,Telephone Field,recover-20220825,002,1795
70.0705,70.07939999999999,28046,38192,Eptesicus serotinus,0.007,0.02,-1,Echolocation,/mnt/ubna_data_01_mir/recover-20220825/UBNA_002/20220823_033000.WAV,Telephone Field,recover-20220825,002,1795
70.0725,70.0844,55546,60548,Pipistrellus pygmaeus,0.02,0.021,-1,Echolocation,/mnt/ubna_data_01_mir/recover-20220825/UBNA_002/20220823_033000.WAV,Telephone Field,recover-20220825,002,1795
70.1425,70.181,68437,82222,Rhinolophus ferrumequinum,0.021,0.021,-1,Echolocation,/mnt/ubna_data_01_mir/recover-20220825/UBNA_002/20220823_033000.WAV,Telephone Field,recover-20220825,002,1795
70.1835,70.2224,68437,81734,Rhinolophus ferrumequinum,0.02,0.02,-1,Echolocation,/mnt/ubna_data_01_mir/recover-20220825/UBNA_002/20220823_033000.WAV,Telephone Field,recover-20220825,002,1795
70.1855,70.2042,18593,22926,Nyctalus noctula,0.023,0.038,-1,Echolocation,/mnt/ubna_data_01_mir/recover-20220825/UBNA_002/20220823_033000.WAV,Telephone Field,recover-20220825,002,1795
70.1975,70.238,68437,82386,Rhinolophus ferrumequinum,0.023,0.023,-1,Echolocation,/mnt/ubna_data_01_mir/recover-20220825/UBNA_002/20220823_033000.WAV,Telephone Field,recover-20220825,002,1795
70.2315,70.2703,68437,82089,Rhinolophus ferrumequinum,0.022,0.022,-1,Echolocation,/mnt/ubna_data_01_mir/recover-20220825/UBNA_002/20220823_033000.WAV,Telephone Field,recover-20220825,002,1795
70.2645,70.2705,25468,41811,Myotis nattereri,0.005,0.026,-1,Echolocation,/mnt/ubna_data_01_mir/recover-20220825/UBNA_002/20220823_033000.WAV,Telephone Field,recover-20220825,002,1795
70.2815,70.3212,68437,82238,Rhinolophus ferrumequinum,0.022,0.022,-1,Echolocation,/mnt/ubna_data_01_mir/recover-20220825/UBNA_002/20220823_033000.WAV,Telephone Field,recover-20220825,002,1795
70.2975,70.3327,68437,81359,Rhinolophus ferrumequinum,0.021,0.021,-1,Echolocation,/mnt/ubna_data_01_mir/recover-20220825/UBNA_002/20220823_033000.WAV,Telephone Field,recover-20220825,002,1795
70.3085,70.3514,68437,83157,Rhinolophus ferrumequinum,0.033,0.033,-1,Echolocation,/mnt/ubna_data_01_mir/recover-20220825/UBNA_002/20220823_033000.WAV,Telephone Field,recover-20220825,002,1795
70.3425,70.3818,68437,81663,Rhinolophus ferrumequinum,0.021,0.021,-1,Echolocation,/mnt/ubna_data_01_mir/recover-20220825/UBNA_002/20220823_033000.WAV,Telephone Field,recover-20220825,002,1795
70.3605,70.3801,19453,22629,Nyctalus leisleri,0.015,0.026,-1,Echolocation,/mnt/ubna_data_01_mir/recover-20220825/UBNA_002/20220823_033000.WAV,Telephone Field,recover-20220825,002,1795
70.3905,70.4269,68437,81356,Rhinolophus ferrumequinum,0.021,0.021,-1,Echolocation,/mnt/ubna_data_01_mir/recover-20220825/UBNA_002/20220823_033000.WAV,Telephone Field,recover-20220825,002,1795
70.4025,70.4117,22890,29628,Plecotus austriacus,0.007,0.02,-1,Echolocation,/mnt/ubna_data_01_mir/recover-20220825/UBNA_002/20220823_033000.WAV,Telephone Field,recover-20220825,002,1795
70.4145,70.4532,68437,81666,Rhinolophus ferrumequinum,0.026,0.026,-1,Echolocation,/mnt/ubna_data_01_mir/recover-20220825/UBNA_002/20220823_033000.WAV,Telephone Field,recover-20220825,002,1795
70.4225,70.4319,28046,38966,Eptesicus serotinus,0.009,0.023,-1,Echolocation,/mnt/ubna_data_01_mir/recover-20220825/UBNA_002/20220823_033000.WAV,Telephone Field,recover-20220825,002,1795
70.4595,70.4749,22031,26132,Nyctalus leisleri,0.016,0.028,-1,Echolocation,/mnt/ubna_data_01_mir/recover-20220825/UBNA_002/20220823_033000.WAV,Telephone Field,recover-20220825,002,1795
70.4725,70.5102,68437,81644,Rhinolophus ferrumequinum,0.024,0.024,-1,Echolocation,/mnt/ubna_data_01_mir/recover-20220825/UBNA_002/20220823_033000.WAV,Telephone Field,recover-20220825,002,1795
70.4785,70.48910000000001,24609,31763,Nyctalus leisleri,0.008,0.024,-1,Echolocation,/mnt/ubna_data_01_mir/recover-20220825/UBNA_002/20220823_033000.WAV,Telephone Field,recover-20220825,002,1795
70.48349999999999,70.5233,68437,82604,Rhinolophus ferrumequinum,0.026,0.026,-1,Echolocation,/mnt/ubna_data_01_mir/recover-20220825/UBNA_002/20220823_033000.WAV,Telephone Field,recover-20220825,002,1795
70.5215,70.5314,28906,37039,Eptesicus serotinus,0.01,0.022,-1,Echolocation,/mnt/ubna_data_01_mir/recover-20220825/UBNA_002/20220823_033000.WAV,Telephone Field,recover-20220825,002,1795
70.52250000000001,70.5621,68437,82050,Rhinolophus ferrumequinum,0.023,0.023,-1,Echolocation,/mnt/ubna_data_01_mir/recover-20220825/UBNA_002/20220823_033000.WAV,Telephone Field,recover-20220825,002,1795
70.5395,70.5785,68437,82898,Rhinolophus ferrumequinum,0.023,0.023,-1,Echolocation,/mnt/ubna_data_01_mir/recover-20220825/UBNA_002/20220823_033000.WAV,Telephone Field,recover-20220825,002,1795
70.5525,70.5612,22890,29937,Plecotus austriacus,0.009,0.024,-1,Echolocation,/mnt/ubna_data_01_mir/recover-20220825/UBNA_002/20220823_033000.WAV,Telephone Field,recover-20220825,002,1795
70.62049999999999,70.6285,28046,38080,Eptesicus serotinus,0.007,0.022,-1,Echolocation,/mnt/ubna_data_01_mir/recover-20220825/UBNA_002/20220823_033000.WAV,Telephone Field,recover-20220825,002,1795
70.64150000000001,70.675,68437,81213,Rhinolophus ferrumequinum,0.021,0.021,-1,Echolocation,/mnt/ubna_data_01_mir/recover-20220825/UBNA_002/20220823_033000.WAV,Telephone Field,recover-20220825,002,1795
70.6535,70.6636,28906,36201,Eptesicus serotinus,0.013,0.026,-1,Echolocation,/mnt/ubna_data_01_mir/recover-20220825/UBNA_002/20220823_033000.WAV,Telephone Field,recover-20220825,002,1795
70.6655,70.7015,68437,81601,Rhinolophus ferrumequinum,0.021,0.021,-1,Echolocation,/mnt/ubna_data_01_mir/recover-20220825/UBNA_002/20220823_033000.WAV,Telephone Field,recover-20220825,002,1795
70.6955,70.7063,22890,26779,Nyctalus leisleri,0.012,0.021,-1,Echolocation,/mnt/ubna_data_01_mir/recover-20220825/UBNA_002/20220823_033000.WAV,Telephone Field,recover-20220825,002,1795
70.7035,70.7418,68437,82126,Rhinolophus ferrumequinum,0.02,0.021,-1,Echolocation,/mnt/ubna_data_01_mir/recover-20220825/UBNA_002/20220823_033000.WAV,Telephone Field,recover-20220825,002,1795
70.7185,70.7584,68437,82332,Rhinolophus ferrumequinum,0.02,0.02,-1,Echolocation,/mnt/ubna_data_01_mir/recover-20220825/UBNA_002/20220823_033000.WAV,Telephone Field,recover-20220825,002,1795
70.73349999999999,70.7423,24609,31569,Eptesicus serotinus,0.006,0.02,-1,Echolocation,/mnt/ubna_data_01_mir/recover-20220825/UBNA_002/20220823_033000.WAV,Telephone Field,recover-20220825,002,1795
70.7445,70.7813,68437,81953,Rhinolophus ferrumequinum,0.02,0.02,-1,Echolocation,/mnt/ubna_data_01_mir/recover-20220825/UBNA_002/20220823_033000.WAV,Telephone Field,recover-20220825,002,1795
70.7675,70.7772,48671,54986,Pipistrellus pipistrellus,0.025,0.03,-1,Echolocation,/mnt/ubna_data_01_mir/recover-20220825/UBNA_002/20220823_033000.WAV,Telephone Field,recover-20220825,002,1795
70.7685,70.8103,68437,83021,Rhinolophus ferrumequinum,0.023,0.023,-1,Echolocation,/mnt/ubna_data_01_mir/recover-20220825/UBNA_002/20220823_033000.WAV,Telephone Field,recover-20220825,002,1795
70.8105,70.8233,24609,29878,Nyctalus leisleri,0.011,0.026,-1,Echolocation,/mnt/ubna_data_01_mir/recover-20220825/UBNA_002/20220823_033000.WAV,Telephone Field,recover-20220825,002,1795
70.8135,70.8535,68437,82591,Rhinolophus ferrumequinum,0.024,0.024,-1,Echolocation,/mnt/ubna_data_01_mir/recover-20220825/UBNA_002/20220823_033000.WAV,Telephone Field,recover-20220825,002,1795
70.8185,70.8598,68437,82839,Rhinolophus ferrumequinum,0.023,0.023,-1,Echolocation,/mnt/ubna_data_01_mir/recover-20220825/UBNA_002/20220823_033000.WAV,Telephone Field,recover-20220825,002,1795
70.8245,70.8653,68437,82646,Rhinolophus ferrumequinum,0.024,0.024,-1,Echolocation,/mnt/ubna_data_01_mir/recover-20220825/UBNA_002/20220823_033000.WAV,Telephone Field,recover-20220825,002,1795
70.8425,70.8809,68437,82272,Rhinolophus ferrumequinum,0.02,0.02,-1,Echolocation,/mnt/ubna_data_01_mir/recover-20220825/UBNA_002/20220823_033000.WAV,Telephone Field,recover-20220825,002,1795
70.8535,70.8608,28906,39567,Eptesicus serotinus,0.006,0.021,-1,Echolocation,/mnt/ubna_data_01_mir/recover-20220825/UBNA_002/20220823_033000.WAV,Telephone Field,recover-20220825,002,1795
70.87950000000001,70.9197,68437,82372,Rhinolophus ferrumequinum,0.023,0.023,-1,Echolocation,/mnt/ubna_data_01_mir/recover-20220825/UBNA_002/20220823_033000.WAV,Telephone Field,recover-20220825,002,1795
70.9005,70.9404,68437,81990,Rhinolophus ferrumequinum,0.02,0.02,-1,Echolocation,/mnt/ubna_data_01_mir/recover-20220825/UBNA_002/20220823_033000.WAV,Telephone Field,recover-20220825,002,1795
70.9015,70.9122,43515,47101,Pipistrellus pipistrellus,0.017,0.02,-1,Echolocation,/mnt/ubna_data_01_mir/recover-20220825/UBNA_002/20220823_033000.WAV,Telephone Field,recover-20220825,002,1795
70.9025,70.9109,27187,39119,Eptesicus serotinus,0.007,0.023,-1,Echolocation,/mnt/ubna_data_01_mir/recover-20220825/UBNA_002/20220823_033000.WAV,Telephone Field,recover-20220825,002,1795
70.9225,70.941,22031,24936,Nyctalus leisleri,0.013,0.021,-1,Echolocation,/mnt/ubna_data_01_mir/recover-20220825/UBNA_002/20220823_033000.WAV,Telephone Field,recover-20220825,002,1795
70.9475,70.95570000000001,28046,38679,Eptesicus serotinus,0.007,0.021,-1,Echolocation,/mnt/ubna_data_01_mir/recover-20220825/UBNA_002/20220823_033000.WAV,Telephone Field,recover-20220825,002,1795
70.9595,70.9964,68437,81549,Rhinolophus ferrumequinum,0.021,0.021,-1,Echolocation,/mnt/ubna_data_01_mir/recover-20220825/UBNA_002/20220823_033000.WAV,Telephone Field,recover-20220825,002,1795
70.9865,71.026,68437,82120,Rhinolophus ferrumequinum,0.021,0.021,-1,Echolocation,/mnt/ubna_data_01_mir/recover-20220825/UBNA_002/20220823_033000.WAV,Telephone Field,recover-20220825,002,1795
70.9875,70.9963,23750,31357,Nyctalus leisleri,0.007,0.023,-1,Echolocation,/mnt/ubna_data_01_mir/recover-20220825/UBNA_002/20220823_033000.WAV,Telephone Field,recover-20220825,002,1795
70.98949999999999,70.9971,28906,39182,Eptesicus serotinus,0.006,0.023,-1,Echolocation,/mnt/ubna_data_01_mir/recover-20220825/UBNA_002/20220823_033000.WAV,Telephone Field,recover-20220825,002,1795
71.01050000000001,71.0493,68437,82104,Rhinolophus ferrumequinum,0.021,0.021,-1,Echolocation,/mnt/ubna_data_01_mir/recover-20220825/UBNA_002/20220823_033000.WAV,Telephone Field,recover-20220825,002,1795
71.0235,71.0626,68437,82084,Rhinolophus ferrumequinum,0.02,0.02,-1,Echolocation,/mnt/ubna_data_01_mir/recover-20220825/UBNA_002/20220823_033000.WAV,Telephone Field,recover-20220825,002,1795
71.0715,71.0814,28046,35830,Eptesicus serotinus,0.008,0.021,-1,Echolocation,/mnt/ubna_data_01_mir/recover-20220825/UBNA_002/20220823_033000.WAV,Telephone Field,recover-20220825,002,1795
71.1075,71.1488,68437,82134,Rhinolophus ferrumequinum,0.022,0.022,-1,Echolocation,/mnt/ubna_data_01_mir/recover-20220825/UBNA_002/20220823_033000.WAV,Telephone Field,recover-20220825,002,1795
71.1225,71.1614,68437,81808,Rhinolophus ferrumequinum,0.02,0.02,-1,Echolocation,/mnt/ubna_data_01_mir/recover-20220825/UBNA_002/20220823_033000.WAV,Telephone Field,recover-20220825,002,1795
71.1325,71.1736,68437,82530,Rhinolophus ferrumequinum,0.021,0.021,-1,Echolocation,/mnt/ubna_data_01_mir/recover-20220825/UBNA_002/20220823_033000.WAV,Telephone Field,recover-20220825,002,1795
71.1365,71.1464,28046,36261,Eptesicus serotinus,0.013,0.027,-1,Echolocation,/mnt/ubna_data_01_mir/recover-20220825/UBNA_002/20220823_033000.WAV,Telephone Field,recover-20220825,002,1795
71.1575,71.1678,22890,27999,Nyctalus leisleri,0.009,0.02,-1,Echolocation,/mnt/ubna_data_01_mir/recover-20220825/UBNA_002/20220823_033000.WAV,Telephone Field,recover-20220825,002,1795
71.2035,71.2434,68437,82142,Rhinolophus ferrumequinum,0.022,0.022,-1,Echolocation,/mnt/ubna_data_01_mir/recover-20220825/UBNA_002/20220823_033000.WAV,Telephone Field,recover-20220825,002,1795
71.2625,71.2968,68437,81801,Rhinolophus ferrumequinum,0.02,0.021,-1,Echolocation,/mnt/ubna_data_01_mir/recover-20220825/UBNA_002/20220823_033000.WAV,Telephone Field,recover-20220825,002,1795
71.2925,71.3329,68437,82591,Rhinolophus ferrumequinum,0.027,0.027,-1,Echolocation,/mnt/ubna_data_01_mir/recover-20220825/UBNA_002/20220823_033000.WAV,Telephone Field,recover-20220825,002,1795
71.3105,71.3206,28046,35674,Eptesicus serotinus,0.01,0.023,-1,Echolocation,/mnt/ubna_data_01_mir/recover-20220825/UBNA_002/20220823_033000.WAV,Telephone Field,recover-20220825,002,1795
71.3135,71.3517,68437,81893,Rhinolophus ferrumequinum,0.03,0.03,-1,Echolocation,/mnt/ubna_data_01_mir/recover-20220825/UBNA_002/20220823_033000.WAV,Telephone Field,recover-20220825,002,1795
71.3255,71.3638,68437,82205,Rhinolophus ferrumequinum,0.023,0.023,-1,Echolocation,/mnt/ubna_data_01_mir/recover-20220825/UBNA_002/20220823_033000.WAV,Telephone Field,recover-20220825,002,1795
71.3505,71.3895,68437,81505,Rhinolophus ferrumequinum,0.023,0.023,-1,Echolocation,/mnt/ubna_data_01_mir/recover-20220825/UBNA_002/20220823_033000.WAV,Telephone Field,recover-20220825,002,1795
71.39150000000001,71.4278,68437,81698,Rhinolophus ferrumequinum,0.022,0.022,-1,Echolocation,/mnt/ubna_data_01_mir/recover-20220825/UBNA_002/20220823_033000.WAV,Telephone Field,recover-20220825,002,1795
71.4265,71.4651,68437,82172,Rhinolophus ferrumequinum,0.022,0.022,-1,Echolocation,/mnt/ubna_data_01_mir/recover-20220825/UBNA_002/20220823_033000.WAV,Telephone Field,recover-20220825,002,1795
71.4665,71.4755,26328,38492,Eptesicus serotinus,0.008,0.02,-1,Echolocation,/mnt/ubna_data_01_mir/recover-20220825/UBNA_002/20220823_033000.WAV,Telephone Field,recover-20220825,002,1795
71.4685,71.4783,44375,51750,Pipistrellus pipistrellus,0.015,0.027,-1,Echolocation,/mnt/ubna_data_01_mir/recover-20220825/UBNA_002/20220823_033000.WAV,Telephone Field,recover-20220825,002,1795
71.4725,71.4816,28046,42176,Eptesicus serotinus,0.008,0.02,-1,Echolocation,/mnt/ubna_data_01_mir/recover-20220825/UBNA_002/20220823_033000.WAV,Telephone Field,recover-20220825,002,1795
71.4735,71.5122,68437,82587,Rhinolophus ferrumequinum,0.023,0.023,-1,Echolocation,/mnt/ubna_data_01_mir/recover-20220825/UBNA_002/20220823_033000.WAV,Telephone Field,recover-20220825,002,1795
71.4985,71.5074,22890,30394,Plecotus austriacus,0.008,0.024,-1,Echolocation,/mnt/ubna_data_01_mir/recover-20220825/UBNA_002/20220823_033000.WAV,Telephone Field,recover-20220825,002,1795
71.51650000000001,71.5547,68437,82341,Rhinolophus ferrumequinum,0.021,0.021,-1,Echolocation,/mnt/ubna_data_01_mir/recover-20220825/UBNA_002/20220823_033000.WAV,Telephone Field,recover-20220825,002,1795
71.5315,71.5723,68437,82453,Rhinolophus ferrumequinum,0.021,0.021,-1,Echolocation,/mnt/ubna_data_01_mir/recover-20220825/UBNA_002/20220823_033000.WAV,Telephone Field,recover-20220825,002,1795
71.5315,71.5387,27187,40201,Eptesicus serotinus,0.006,0.022,-1,Echolocation,/mnt/ubna_data_01_mir/recover-20220825/UBNA_002/20220823_033000.WAV,Telephone Field,recover-20220825,002,1795
71.5555,71.5636,28906,38096,Eptesicus serotinus,0.008,0.024,-1,Echolocation,/mnt/ubna_data_01_mir/recover-20220825/UBNA_002/20220823_033000.WAV,Telephone Field,recover-20220825,002,1795
71.5675,71.6073,68437,83137,Rhinolophus ferrumequinum,0.025,0.025,-1,Echolocation,/mnt/ubna_data_01_mir/recover-20220825/UBNA_002/20220823_033000.WAV,Telephone Field,recover-20220825,002,1795
71.5925,71.6012,28046,36701,Eptesicus serotinus,0.013,0.028,-1,Echolocation,/mnt/ubna_data_01_mir/recover-20220825/UBNA_002/20220823_033000.WAV,Telephone Field,recover-20220825,002,1795
71.5935,71.6316,68437,82413,Rhinolophus ferrumequinum,0.02,0.02,-1,Echolocation,/mnt/ubna_data_01_mir/recover-20220825/UBNA_002/20220823_033000.WAV,Telephone Field,recover-20220825,002,1795
71.62049999999999,71.63419999999999,56406,59700,Pipistrellus pygmaeus,0.023,0.024,-1,Echolocation,/mnt/ubna_data_01_mir/recover-20220825/UBNA_002/20220823_033000.WAV,Telephone Field,recover-20220825,002,1795
71.6305,71.6439,22031,25840,Nyctalus leisleri,0.013,0.023,-1,Echolocation,/mnt/ubna_data_01_mir/recover-20220825/UBNA_002/20220823_033000.WAV,Telephone Field,recover-20220825,002,1795
71.6535,71.693,68437,82378,Rhinolophus ferrumequinum,0.021,0.021,-1,Echolocation,/mnt/ubna_data_01_mir/recover-20220825/UBNA_002/20220823_033000.WAV,Telephone Field,recover-20220825,002,1795
71.6705,71.6818,23750,29397,Nyctalus leisleri,0.009,0.022,-1,Echolocation,/mnt/ubna_data_01_mir/recover-20220825/UBNA_002/20220823_033000.WAV,Telephone Field,recover-20220825,002,1795
71.6895,71.7311,68437,82161,Rhinolophus ferrumequinum,0.023,0.023,-1,Echolocation,/mnt/ubna_data_01_mir/recover-20220825/UBNA_002/20220823_033000.WAV,Telephone Field,recover-20220825,002,1795
71.7115,71.7201,27187,36569,Eptesicus serotinus,0.009,0.02,-1,Echolocation,/mnt/ubna_data_01_mir/recover-20220825/UBNA_002/20220823_033000.WAV,Telephone Field,recover-20220825,002,1795
71.7415,71.77420000000001,68437,81111,Rhinolophus ferrumequinum,0.022,0.022,-1,Echolocation,/mnt/ubna_data_01_mir/recover-20220825/UBNA_002/20220823_033000.WAV,Telephone Field,recover-20220825,002,1795
71.7425,71.75,28046,37987,Eptesicus serotinus,0.009,0.024,-1,Echolocation,/mnt/ubna_data_01_mir/recover-20220825/UBNA_002/20220823_033000.WAV,Telephone Field,recover-20220825,002,1795
71.7555,71.7628,24609,33769,Plecotus austriacus,0.012,0.032,-1,Echolocation,/mnt/ubna_data_01_mir/recover-20220825/UBNA_002/20220823_033000.WAV,Telephone Field,recover-20220825,002,1795
71.7575,71.798,68437,83066,Rhinolophus ferrumequinum,0.026,0.026,-1,Echolocation,/mnt/ubna_data_01_mir/recover-20220825/UBNA_002/20220823_033000.WAV,Telephone Field,recover-20220825,002,1795
71.77250000000001,71.7826,23750,29735,Nyctalus leisleri,0.008,0.02,-1,Echolocation,/mnt/ubna_data_01_mir/recover-20220825/UBNA_002/20220823_033000.WAV,Telephone Field,recover-20220825,002,1795
71.7855,71.7982,22890,27127,Nyctalus leisleri,0.013,0.023,-1,Echolocation,/mnt/ubna_data_01_mir/recover-20220825/UBNA_002/20220823_033000.WAV,Telephone Field,recover-20220825,002,1795
71.8045,71.813,29765,38559,Eptesicus serotinus,0.008,0.025,-1,Echolocation,/mnt/ubna_data_01_mir/recover-20220825/UBNA_002/20220823_033000.WAV,Telephone Field,recover-20220825,002,1795
71.8065,71.8426,68437,81831,Rhinolophus ferrumequinum,0.02,0.02,-1,Echolocation,/mnt/ubna_data_01_mir/recover-20220825/UBNA_002/20220823_033000.WAV,Telephone Field,recover-20220825,002,1795
71.8225,71.8611,68437,81801,Rhinolophus ferrumequinum,0.02,0.02,-1,Echolocation,/mnt/ubna_data_01_mir/recover-20220825/UBNA_002/20220823_033000.WAV,Telephone Field,recover-20220825,002,1795
71.8535,71.8938,68437,82086,Rhinolophus ferrumequinum,0.02,0.02,-1,Echolocation,/mnt/ubna_data_01_mir/recover-20220825/UBNA_002/20220823_033000.WAV,Telephone Field,recover-20220825,002,1795
71.85849999999999,71.8724,14296,18803,Nyctalus noctula,0.013,0.024,-1,Echolocation,/mnt/ubna_data_01_mir/recover-20220825/UBNA_002/20220823_033000.WAV,Telephone Field,recover-20220825,002,1795
71.8865,71.9243,68437,81954,Rhinolophus ferrumequinum,0.021,0.021,-1,Echolocation,/mnt/ubna_data_01_mir/recover-20220825/UBNA_002/20220823_033000.WAV,Telephone Field,recover-20220825,002,1795
71.9345,71.9428,28046,40115,Eptesicus serotinus,0.007,0.021,-1,Echolocation,/mnt/ubna_data_01_mir/recover-20220825/UBNA_002/20220823_033000.WAV,Telephone Field,recover-20220825,002,1795
72.0015,72.0317,68437,79882,Rhinolophus ferrumequinum,0.054,0.054,-1,Echolocation,/mnt/ubna_data_01_mir/recover-20220825/UBNA_002/20220823_033000.WAV,Telephone Field,recover-20220825,002,1795
72.0015,72.015,58125,65141,Pipistrellus pygmaeus,0.02,0.022,-1,Echolocation,/mnt/ubna_data_01_mir/recover-20220825/UBNA_002/20220823_033000.WAV,Telephone Field,recover-20220825,002,1795
72.0015,72.0094,46953,52811,Pipistrellus pipistrellus,0.021,0.029,-1,Echolocation,/mnt/ubna_data_01_mir/recover-20220825/UBNA_002/20220823_033000.WAV,Telephone Field,recover-20220825,002,1795
72.0015,72.0106,24609,31171,Nyctalus leisleri,0.012,0.033,-1,Echolocation,/mnt/ubna_data_01_mir/recover-20220825/UBNA_002/20220823_033000.WAV,Telephone Field,recover-20220825,002,1795
72.0115,72.0528,68437,82418,Rhinolophus ferrumequinum,0.022,0.022,-1,Echolocation,/mnt/ubna_data_01_mir/recover-20220825/UBNA_002/20220823_033000.WAV,Telephone Field,recover-20220825,002,1795
72.0125,72.0194,25468,40684,Eptesicus serotinus,0.005,0.023,-1,Echolocation,/mnt/ubna_data_01_mir/recover-20220825/UBNA_002/20220823_033000.WAV,Telephone Field,recover-20220825,002,1795
72.0405,72.0506,28046,35655,Eptesicus serotinus,0.009,0.022,-1,Echolocation,/mnt/ubna_data_01_mir/recover-20220825/UBNA_002/20220823_033000.WAV,Telephone Field,recover-20220825,002,1795
72.1155,72.1232,28046,40039,Eptesicus serotinus,0.008,0.023,-1,Echolocation,/mnt/ubna_data_01_mir/recover-20220825/UBNA_002/20220823_033000.WAV,Telephone Field,recover-20220825,002,1795
72.1275,72.1655,68437,82049,Rhinolophus ferrumequinum,0.024,0.024,-1,Echolocation,/mnt/ubna_data_01_mir/recover-20220825/UBNA_002/20220823_033000.WAV,Telephone Field,recover-20220825,002,1795
72.1455,72.1551,28046,37024,Eptesicus serotinus,0.009,0.022,-1,Echolocation,/mnt/ubna_data_01_mir/recover-20220825/UBNA_002/20220823_033000.WAV,Telephone Field,recover-20220825,002,1795
72.1605,72.1717,28046,35852,Eptesicus serotinus,0.011,0.023,-1,Echolocation,/mnt/ubna_data_01_mir/recover-20220825/UBNA_002/20220823_033000.WAV,Telephone Field,recover-20220825,002,1795
72.1865,72.2235,68437,81784,Rhinolophus ferrumequinum,0.021,0.022,-1,Echolocation,/mnt/ubna_data_01_mir/recover-20220825/UBNA_002/20220823_033000.WAV,Telephone Field,recover-20220825,002,1795
72.1955,72.2045,28906,36806,Eptesicus serotinus,0.011,0.027,-1,Echolocation,/mnt/ubna_data_01_mir/recover-20220825/UBNA_002/20220823_033000.WAV,Telephone Field,recover-20220825,002,1795
72.2185,72.2559,68437,82051,Rhinolophus ferrumequinum,0.021,0.021,-1,Echolocation,/mnt/ubna_data_01_mir/recover-20220825/UBNA_002/20220823_033000.WAV,Telephone Field,recover-20220825,002,1795
72.2375,72.273,68437,81227,Rhinolophus ferrumequinum,0.022,0.022,-1,Echolocation,/mnt/ubna_data_01_mir/recover-20220825/UBNA_002/20220823_033000.WAV,Telephone Field,recover-20220825,002,1795
72.2385,72.2487,28046,35979,Eptesicus serotinus,0.017,0.032,-1,Echolocation,/mnt/ubna_data_01_mir/recover-20220825/UBNA_002/20220823_033000.WAV,Telephone Field,recover-20220825,002,1795
72.2505,72.2897,68437,81649,Rhinolophus ferrumequinum,0.022,0.022,-1,Echolocation,/mnt/ubna_data_01_mir/recover-20220825/UBNA_002/20220823_033000.WAV,Telephone Field,recover-20220825,002,1795
72.2535,72.2623,28906,39441,Eptesicus serotinus,0.009,0.023,-1,Echolocation,/mnt/ubna_data_01_mir/recover-20220825/UBNA_002/20220823_033000.WAV,Telephone Field,recover-20220825,002,1795
72.2825,72.2919,22890,29300,Nyctalus leisleri,0.007,0.022,-1,Echolocation,/mnt/ubna_data_01_mir/recover-20220825/UBNA_002/20220823_033000.WAV,Telephone Field,recover-20220825,002,1795
72.3245,72.333,28046,39413,Eptesicus serotinus,0.009,0.022,-1,Echolocation,/mnt/ubna_data_01_mir/recover-20220825/UBNA_002/20220823_033000.WAV,Telephone Field,recover-20220825,002,1795
72.35849999999999,72.3984,68437,82163,Rhinolophus ferrumequinum,0.024,0.024,-1,Echolocation,/mnt/ubna_data_01_mir/recover-20220825/UBNA_002/20220823_033000.WAV,Telephone Field,recover-20220825,002,1795
72.3995,72.40690000000001,26328,41326,Eptesicus serotinus,0.008,0.026,-1,Echolocation,/mnt/ubna_data_01_mir/recover-20220825/UBNA_002/20220823_033000.WAV,Telephone Field,recover-20220825,002,1795
72.4225,72.4297,34921,43651,Myotis daubentonii,0.01,0.029,-1,Echolocation,/mnt/ubna_data_01_mir/recover-20220825/UBNA_002/20220823_033000.WAV,Telephone Field,recover-20220825,002,1795
72.4235,72.4311,28046,38005,Eptesicus serotinus,0.015,0.038,-1,Echolocation,/mnt/ubna_data_01_mir/recover-20220825/UBNA_002/20220823_033000.WAV,Telephone Field,recover-20220825,002,1795
72.4725,72.5079,68437,81477,Rhinolophus ferrumequinum,0.024,0.024,-1,Echolocation,/mnt/ubna_data_01_mir/recover-20220825/UBNA_002/20220823_033000.WAV,Telephone Field,recover-20220825,002,1795
72.5435,72.5846,68437,83059,Rhinolophus ferrumequinum,0.022,0.022,-1,Echolocation,/mnt/ubna_data_01_mir/recover-20220825/UBNA_002/20220823_033000.WAV,Telephone Field,recover-20220825,002,1795
72.5445,72.5553,22890,28048,Nyctalus leisleri,0.012,0.026,-1,Echolocation,/mnt/ubna_data_01_mir/recover-20220825/UBNA_002/20220823_033000.WAV,Telephone Field,recover-20220825,002,1795
72.5705,72.6108,68437,83237,Rhinolophus ferrumequinum,0.025,0.025,-1,Echolocation,/mnt/ubna_data_01_mir/recover-20220825/UBNA_002/20220823_033000.WAV,Telephone Field,recover-20220825,002,1795
72.5945,72.6051,44375,50481,Pipistrellus pipistrellus,0.021,0.024,-1,Echolocation,/mnt/ubna_data_01_mir/recover-20220825/UBNA_002/20220823_033000.WAV,Telephone Field,recover-20220825,002,1795
72.6995,72.7392,68437,82377,Rhinolophus ferrumequinum,0.023,0.023,-1,Echolocation,/mnt/ubna_data_01_mir/recover-20220825/UBNA_002/20220823_033000.WAV,Telephone Field,recover-20220825,002,1795
72.7375,72.7721,68437,80939,Rhinolophus ferrumequinum,0.024,0.024,-1,Echolocation,/mnt/ubna_data_01_mir/recover-20220825/UBNA_002/20220823_033000.WAV,Telephone Field,recover-20220825,002,1795
72.7585,72.76650000000001,28046,37118,Eptesicus serotinus,0.012,0.027,-1,Echolocation,/mnt/ubna_data_01_mir/recover-20220825/UBNA_002/20220823_033000.WAV,Telephone Field,recover-20220825,002,1795
72.7845,72.8247,68437,82136,Rhinolophus ferrumequinum,0.023,0.023,-1,Echolocation,/mnt/ubna_data_01_mir/recover-20220825/UBNA_002/20220823_033000.WAV,Telephone Field,recover-20220825,002,1795
72.8085,72.8166,28046,38578,Eptesicus serotinus,0.008,0.022,-1,Echolocation,/mnt/ubna_data_01_mir/recover-20220825/UBNA_002/20220823_033000.WAV,Telephone Field,recover-20220825,002,1795
72.8155,72.8244,27187,36424,Eptesicus serotinus,0.01,0.024,-1,Echolocation,/mnt/ubna_data_01_mir/recover-20220825/UBNA_002/20220823_033000.WAV,Telephone Field,recover-20220825,002,1795
72.8285,72.83670000000001,23750,31168,Plecotus austriacus,0.011,0.027,-1,Echolocation,/mnt/ubna_data_01_mir/recover-20220825/UBNA_002/20220823_033000.WAV,Telephone Field,recover-20220825,002,1795
72.8295,72.8677,68437,82391,Rhinolophus ferrumequinum,0.025,0.025,-1,Echolocation,/mnt/ubna_data_01_mir/recover-20220825/UBNA_002/20220823_033000.WAV,Telephone Field,recover-20220825,002,1795
72.8715,72.9079,68437,82048,Rhinolophus ferrumequinum,0.022,0.022,-1,Echolocation,/mnt/ubna_data_01_mir/recover-20220825/UBNA_002/20220823_033000.WAV,Telephone Field,recover-20220825,002,1795
72.9345,72.9746,68437,82487,Rhinolophus ferrumequinum,0.028,0.028,-1,Echolocation,/mnt/ubna_data_01_mir/recover-20220825/UBNA_002/20220823_033000.WAV,Telephone Field,recover-20220825,002,1795
72.9375,72.946,34062,42208,Myotis daubentonii,0.007,0.022,-1,Echolocation,/mnt/ubna_data_01_mir/recover-20220825/UBNA_002/20220823_033000.WAV,Telephone Field,recover-20220825,002,1795
72.9655,73.0054,68437,82002,Rhinolophus ferrumequinum,0.022,0.022,-1,Echolocation,/mnt/ubna_data_01_mir/recover-20220825/UBNA_002/20220823_033000.WAV,Telephone Field,recover-20220825,002,1795
73.0355,73.077,68437,82725,Rhinolophus ferrumequinum,0.026,0.026,-1,Echolocation,/mnt/ubna_data_01_mir/recover-20220825/UBNA_002/20220823_033000.WAV,Telephone Field,recover-20220825,002,1795
73.0475,73.055,28906,37025,Eptesicus serotinus,0.008,0.022,-1,Echolocation,/mnt/ubna_data_01_mir/recover-20220825/UBNA_002/20220823_033000.WAV,Telephone Field,recover-20220825,002,1795
73.0635,73.1027,68437,81307,Rhinolophus ferrumequinum,0.022,0.022,-1,Echolocation,/mnt/ubna_data_01_mir/recover-20220825/UBNA_002/20220823_033000.WAV,Telephone Field,recover-20220825,002,1795
73.0705,73.1045,68437,81270,Rhinolophus ferrumequinum,0.024,0.024,-1,Echolocation,/mnt/ubna_data_01_mir/recover-20220825/UBNA_002/20220823_033000.WAV,Telephone Field,recover-20220825,002,1795
73.1665,73.1751,27187,40030,Eptesicus serotinus,0.008,0.021,-1,Echolocation,/mnt/ubna_data_01_mir/recover-20220825/UBNA_002/20220823_033000.WAV,Telephone Field,recover-20220825,002,1795
73.1765,73.1833,28906,39500,Eptesicus serotinus,0.007,0.021,-1,Echolocation,/mnt/ubna_data_01_mir/recover-20220825/UBNA_002/20220823_033000.WAV,Telephone Field,recover-20220825,002,1795
73.2195,73.2294,22890,28816,Nyctalus leisleri,0.01,0.027,-1,Echolocation,/mnt/ubna_data_01_mir/recover-20220825/UBNA_002/20220823_033000.WAV,Telephone Field,recover-20220825,002,1795
73.25450000000001,73.2973,68437,82990,Rhinolophus ferrumequinum,0.026,0.026,-1,Echolocation,/mnt/ubna_data_01_mir/recover-20220825/UBNA_002/20220823_033000.WAV,Telephone Field,recover-20220825,002,1795
73.2565,73.2638,28046,45329,Eptesicus serotinus,0.007,0.022,-1,Echolocation,/mnt/ubna_data_01_mir/recover-20220825/UBNA_002/20220823_033000.WAV,Telephone Field,recover-20220825,002,1795
73.2575,73.2646,23750,34473,Plecotus austriacus,0.01,0.022,-1,Echolocation,/mnt/ubna_data_01_mir/recover-20220825/UBNA_002/20220823_033000.WAV,Telephone Field,recover-20220825,002,1795
73.2795,73.2926,27187,33754,Eptesicus serotinus,0.03,0.051,-1,Echolocation,/mnt/ubna_data_01_mir/recover-20220825/UBNA_002/20220823_033000.WAV,Telephone Field,recover-20220825,002,1795
73.3085,73.3483,68437,82159,Rhinolophus ferrumequinum,0.022,0.022,-1,Echolocation,/mnt/ubna_data_01_mir/recover-20220825/UBNA_002/20220823_033000.WAV,Telephone Field,recover-20220825,002,1795
73.3315,73.3408,28046,37854,Eptesicus serotinus,0.012,0.03,-1,Echolocation,/mnt/ubna_data_01_mir/recover-20220825/UBNA_002/20220823_033000.WAV,Telephone Field,recover-20220825,002,1795
73.3515,73.3898,68437,81897,Rhinolophus ferrumequinum,0.021,0.021,-1,Echolocation,/mnt/ubna_data_01_mir/recover-20220825/UBNA_002/20220823_033000.WAV,Telephone Field,recover-20220825,002,1795
73.4145,73.4261,37500,41242,Pipistrellus nathusii,0.016,0.026,-1,Echolocation,/mnt/ubna_data_01_mir/recover-20220825/UBNA_002/20220823_033000.WAV,Telephone Field,recover-20220825,002,1795
73.4385,73.4766,68437,82374,Rhinolophus ferrumequinum,0.022,0.022,-1,Echolocation,/mnt/ubna_data_01_mir/recover-20220825/UBNA_002/20220823_033000.WAV,Telephone Field,recover-20220825,002,1795
73.4455,73.486,68437,82746,Rhinolophus ferrumequinum,0.024,0.024,-1,Echolocation,/mnt/ubna_data_01_mir/recover-20220825/UBNA_002/20220823_033000.WAV,Telephone Field,recover-20220825,002,1795
73.4485,73.4585,23750,29593,Nyctalus leisleri,0.009,0.023,-1,Echolocation,/mnt/ubna_data_01_mir/recover-20220825/UBNA_002/20220823_033000.WAV,Telephone Field,recover-20220825,002,1795
73.4545,73.49,68437,81637,Rhinolophus ferrumequinum,0.023,0.023,-1,Echolocation,/mnt/ubna_data_01_mir/recover-20220825/UBNA_002/20220823_033000.WAV,Telephone Field,recover-20220825,002,1795
73.4875,73.5249,68437,81861,Rhinolophus ferrumequinum,0.024,0.024,-1,Echolocation,/mnt/ubna_data_01_mir/recover-20220825/UBNA_002/20220823_033000.WAV,Telephone Field,recover-20220825,002,1795
73.4905,73.4986,27187,38648,Eptesicus serotinus,0.008,0.022,-1,Echolocation,/mnt/ubna_data_01_mir/recover-20220825/UBNA_002/20220823_033000.WAV,Telephone Field,recover-20220825,002,1795
73.4925,73.5027,22890,29305,Nyctalus leisleri,0.009,0.022,-1,Echolocation,/mnt/ubna_data_01_mir/recover-20220825/UBNA_002/20220823_033000.WAV,Telephone Field,recover-20220825,002,1795
73.50450000000001,73.5424,68437,82044,Rhinolophus ferrumequinum,0.022,0.022,-1,Echolocation,/mnt/ubna_data_01_mir/recover-20220825/UBNA_002/20220823_033000.WAV,Telephone Field,recover-20220825,002,1795
73.5495,73.5912,68437,82597,Rhinolophus ferrumequinum,0.036,0.036,-1,Echolocation,/mnt/ubna_data_01_mir/recover-20220825/UBNA_002/20220823_033000.WAV,Telephone Field,recover-20220825,002,1795
73.5935,73.6042,24609,31449,Eptesicus serotinus,0.009,0.025,-1,Echolocation,/mnt/ubna_data_01_mir/recover-20220825/UBNA_002/20220823_033000.WAV,Telephone Field,recover-20220825,002,1795
73.6115,73.6489,68437,82145,Rhinolophus ferrumequinum,0.022,0.022,-1,Echolocation,/mnt/ubna_data_01_mir/recover-20220825/UBNA_002/20220823_033000.WAV,Telephone Field,recover-20220825,002,1795
73.6455,73.6537,45234,55082,Pipistrellus pipistrellus,0.022,0.029,-1,Echolocation,/mnt/ubna_data_01_mir/recover-20220825/UBNA_002/20220823_033000.WAV,Telephone Field,recover-20220825,002,1795
73.7225,73.7297,28046,41607,Eptesicus serotinus,0.009,0.025,-1,Echolocation,/mnt/ubna_data_01_mir/recover-20220825/UBNA_002/20220823_033000.WAV,Telephone Field,recover-20220825,002,1795
73.7235,73.7303,32343,43304,Myotis daubentonii,0.009,0.026,-1,Echolocation,/mnt/ubna_data_01_mir/recover-20220825/UBNA_002/20220823_033000.WAV,Telephone Field,recover-20220825,002,1795
73.7655,73.8026,68437,81537,Rhinolophus ferrumequinum,0.021,0.021,-1,Echolocation,/mnt/ubna_data_01_mir/recover-20220825/UBNA_002/20220823_033000.WAV,Telephone Field,recover-20220825,002,1795
73.8195,73.8265,26328,35624,Plecotus austriacus,0.007,0.026,-1,Echolocation,/mnt/ubna_data_01_mir/recover-20220825/UBNA_002/20220823_033000.WAV,Telephone Field,recover-20220825,002,1795
73.8285,73.8672,68437,82009,Rhinolophus ferrumequinum,0.021,0.021,-1,Echolocation,/mnt/ubna_data_01_mir/recover-20220825/UBNA_002/20220823_033000.WAV,Telephone Field,recover-20220825,002,1795
73.8425,73.8533,22890,27797,Nyctalus leisleri,0.011,0.023,-1,Echolocation,/mnt/ubna_data_01_mir/recover-20220825/UBNA_002/20220823_033000.WAV,Telephone Field,recover-20220825,002,1795
73.8765,73.8869,28046,35747,Eptesicus serotinus,0.01,0.022,-1,Echolocation,/mnt/ubna_data_01_mir/recover-20220825/UBNA_002/20220823_033000.WAV,Telephone Field,recover-20220825,002,1795
73.8775,73.9165,68437,82315,Rhinolophus ferrumequinum,0.023,0.023,-1,Echolocation,/mnt/ubna_data_01_mir/recover-20220825/UBNA_002/20220823_033000.WAV,Telephone Field,recover-20220825,002,1795
73.9135,73.9247,22890,27997,Nyctalus leisleri,0.01,0.022,-1,Echolocation,/mnt/ubna_data_01_mir/recover-20220825/UBNA_002/20220823_033000.WAV,Telephone Field,recover-20220825,002,1795
73.9315,73.9735,68437,83022,Rhinolophus ferrumequinum,0.024,0.024,-1,Echolocation,/mnt/ubna_data_01_mir/recover-20220825/UBNA_002/20220823_033000.WAV,Telephone Field,recover-20220825,002,1795
73.9825,73.9913,24609,34035,Plecotus austriacus,0.014,0.044,-1,Echolocation,/mnt/ubna_data_01_mir/recover-20220825/UBNA_002/20220823_033000.WAV,Telephone Field,recover-20220825,002,1795
74.0015,74.0102,25468,36516,Nyctalus leisleri,0.007,0.029,-1,Echolocation,/mnt/ubna_data_01_mir/recover-20220825/UBNA_002/20220823_033000.WAV,Telephone Field,recover-20220825,002,1795
74.0015,74.0346,68437,80565,Rhinolophus ferrumequinum,0.035,0.035,-1,Echolocation,/mnt/ubna_data_01_mir/recover-20220825/UBNA_002/20220823_033000.WAV,Telephone Field,recover-20220825,002,1795
74.0015,74.0078,46093,52213,Pipistrellus pipistrellus,0.016,0.022,-1,Echolocation,/mnt/ubna_data_01_mir/recover-20220825/UBNA_002/20220823_033000.WAV,Telephone Field,recover-20220825,002,1795
74.0015,74.0098,29765,39691,Myotis daubentonii,0.005,0.024,-1,Echolocation,/mnt/ubna_data_01_mir/recover-20220825/UBNA_002/20220823_033000.WAV,Telephone Field,recover-20220825,002,1795
74.0075,74.0276,19453,22738,Nyctalus noctula,0.01,0.023,-1,Echolocation,/mnt/ubna_data_01_mir/recover-20220825/UBNA_002/20220823_033000.WAV,Telephone Field,recover-20220825,002,1795
74.0145,74.0546,68437,83321,Rhinolophus ferrumequinum,0.024,0.024,-1,Echolocation,/mnt/ubna_data_01_mir/recover-20220825/UBNA_002/20220823_033000.WAV,Telephone Field,recover-20220825,002,1795
74.0765,74.1208,68437,83137,Rhinolophus ferrumequinum,0.024,0.024,-1,Echolocation,/mnt/ubna_data_01_mir/recover-20220825/UBNA_002/20220823_033000.WAV,Telephone Field,recover-20220825,002,1795
74.1255,74.1332,24609,33256,Plecotus austriacus,0.008,0.024,-1,Echolocation,/mnt/ubna_data_01_mir/recover-20220825/UBNA_002/20220823_033000.WAV,Telephone Field,recover-20220825,002,1795
74.2195,74.2259,24609,36670,Plecotus austriacus,0.017,0.041,-1,Echolocation,/mnt/ubna_data_01_mir/recover-20220825/UBNA_002/20220823_033000.WAV,Telephone Field,recover-20220825,002,1795
74.2685,74.3062,68437,81928,Rhinolophus ferrumequinum,0.022,0.022,-1,Echolocation,/mnt/ubna_data_01_mir/recover-20220825/UBNA_002/20220823_033000.WAV,Telephone Field,recover-20220825,002,1795
74.2755,74.28229999999999,23750,32421,Plecotus austriacus,0.009,0.021,-1,Echolocation,/mnt/ubna_data_01_mir/recover-20220825/UBNA_002/20220823_033000.WAV,Telephone Field,recover-20220825,002,1795
74.3015,74.337,68437,81525,Rhinolophus ferrumequinum,0.021,0.021,-1,Echolocation,/mnt/ubna_data_01_mir/recover-20220825/UBNA_002/20220823_033000.WAV,Telephone Field,recover-20220825,002,1795
74.3635,74.4027,68437,82548,Rhinolophus ferrumequinum,0.025,0.025,-1,Echolocation,/mnt/ubna_data_01_mir/recover-20220825/UBNA_002/20220823_033000.WAV,Telephone Field,recover-20220825,002,1795
74.3725,74.4083,68437,82218,Rhinolophus ferrumequinum,0.022,0.022,-1,Echolocation,/mnt/ubna_data_01_mir/recover-20220825/UBNA_002/20220823_033000.WAV,Telephone Field,recover-20220825,002,1795
74.3785,74.3869,28046,38926,Eptesicus serotinus,0.01,0.024,-1,Echolocation,/mnt/ubna_data_01_mir/recover-20220825/UBNA_002/20220823_033000.WAV,Telephone Field,recover-20220825,002,1795
74.4015,74.4455,68437,83247,Rhinolophus ferrumequinum,0.029,0.029,-1,Echolocation,/mnt/ubna_data_01_mir/recover-20220825/UBNA_002/20220823_033000.WAV,Telephone Field,recover-20220825,002,1795
74.4415,74.4828,68437,82247,Rhinolophus ferrumequinum,0.023,0.023,-1,Echolocation,/mnt/ubna_data_01_mir/recover-20220825/UBNA_002/20220823_033000.WAV,Telephone Field,recover-20220825,002,1795
74.4555,74.4945,68437,81874,Rhinolophus ferrumequinum,0.023,0.023,-1,Echolocation,/mnt/ubna_data_01_mir/recover-20220825/UBNA_002/20220823_033000.WAV,Telephone Field,recover-20220825,002,1795
74.4585,74.4667,27187,39656,Eptesicus serotinus,0.011,0.028,-1,Echolocation,/mnt/ubna_data_01_mir/recover-20220825/UBNA_002/20220823_033000.WAV,Telephone Field,recover-20220825,002,1795
74.4645,74.4985,68437,81461,Rhinolophus ferrumequinum,0.021,0.021,-1,Echolocation,/mnt/ubna_data_01_mir/recover-20220825/UBNA_002/20220823_033000.WAV,Telephone Field,recover-20220825,002,1795
74.4685,74.4793,14296,19759,Nyctalus noctula,0.011,0.022,-1,Echolocation,/mnt/ubna_data_01_mir/recover-20220825/UBNA_002/20220823_033000.WAV,Telephone Field,recover-20220825,002,1795
74.4745,74.4844,28046,38418,Eptesicus serotinus,0.01,0.024,-1,Echolocation,/mnt/ubna_data_01_mir/recover-20220825/UBNA_002/20220823_033000.WAV,Telephone Field,recover-20220825,002,1795
74.4995,74.5427,68437,83413,Rhinolophus ferrumequinum,0.034,0.034,-1,Echolocation,/mnt/ubna_data_01_mir/recover-20220825/UBNA_002/20220823_033000.WAV,Telephone Field,recover-20220825,002,1795
74.5115,74.5191,28046,40679,Eptesicus serotinus,0.007,0.024,-1,Echolocation,/mnt/ubna_data_01_mir/recover-20220825/UBNA_002/20220823_033000.WAV,Telephone Field,recover-20220825,002,1795
74.5835,74.6191,68437,81478,Rhinolophus ferrumequinum,0.024,0.024,-1,Echolocation,/mnt/ubna_data_01_mir/recover-20220825/UBNA_002/20220823_033000.WAV,Telephone Field,recover-20220825,002,1795
74.5865,74.5943,28046,39812,Eptesicus serotinus,0.007,0.022,-1,Echolocation,/mnt/ubna_data_01_mir/recover-20220825/UBNA_002/20220823_033000.WAV,Telephone Field,recover-20220825,002,1795
74.6195,74.62989999999999,23750,30629,Nyctalus leisleri,0.008,0.023,-1,Echolocation,/mnt/ubna_data_01_mir/recover-20220825/UBNA_002/20220823_033000.WAV,Telephone Field,recover-20220825,002,1795
74.6785,74.6849,28046,40690,Eptesicus serotinus,0.005,0.023,-1,Echolocation,/mnt/ubna_data_01_mir/recover-20220825/UBNA_002/20220823_033000.WAV,Telephone Field,recover-20220825,002,1795
74.6955,74.7324,68437,81389,Rhinolophus ferrumequinum,0.024,0.024,-1,Echolocation,/mnt/ubna_data_01_mir/recover-20220825/UBNA_002/20220823_033000.WAV,Telephone Field,recover-20220825,002,1795
74.7165,74.7561,68437,81847,Rhinolophus ferrumequinum,0.024,0.024,-1,Echolocation,/mnt/ubna_data_01_mir/recover-20220825/UBNA_002/20220823_033000.WAV,Telephone Field,recover-20220825,002,1795
74.7285,74.7353,26328,35709,Eptesicus serotinus,0.006,0.024,-1,Echolocation,/mnt/ubna_data_01_mir/recover-20220825/UBNA_002/20220823_033000.WAV,Telephone Field,recover-20220825,002,1795
74.7895,74.8266,68437,81694,Rhinolophus ferrumequinum,0.021,0.021,-1,Echolocation,/mnt/ubna_data_01_mir/recover-20220825/UBNA_002/20220823_033000.WAV,Telephone Field,recover-20220825,002,1795
74.8095,74.847,68437,82279,Rhinolophus ferrumequinum,0.022,0.022,-1,Echolocation,/mnt/ubna_data_01_mir/recover-20220825/UBNA_002/20220823_033000.WAV,Telephone Field,recover-20220825,002,1795
74.8275,74.8348,27187,37319,Eptesicus serotinus,0.007,0.029,-1,Echolocation,/mnt/ubna_data_01_mir/recover-20220825/UBNA_002/20220823_033000.WAV,Telephone Field,recover-20220825,002,1795
74.8395,74.8816,68437,83034,Rhinolophus ferrumequinum,0.03,0.03,-1,Echolocation,/mnt/ubna_data_01_mir/recover-20220825/UBNA_002/20220823_033000.WAV,Telephone Field,recover-20220825,002,1795
74.8435,74.8513,27187,38035,Eptesicus serotinus,0.007,0.021,-1,Echolocation,/mnt/ubna_data_01_mir/recover-20220825/UBNA_002/20220823_033000.WAV,Telephone Field,recover-20220825,002,1795
74.8515,74.8596,28046,35297,Eptesicus serotinus,0.008,0.021,-1,Echolocation,/mnt/ubna_data_01_mir/recover-20220825/UBNA_002/20220823_033000.WAV,Telephone Field,recover-20220825,002,1795
74.8575,74.8655,28046,38281,Eptesicus serotinus,0.007,0.022,-1,Echolocation,/mnt/ubna_data_01_mir/recover-20220825/UBNA_002/20220823_033000.WAV,Telephone Field,recover-20220825,002,1795
74.8755,74.8815,24609,39387,Plecotus austriacus,0.011,0.031,-1,Echolocation,/mnt/ubna_data_01_mir/recover-20220825/UBNA_002/20220823_033000.WAV,Telephone Field,recover-20220825,002,1795
74.8825,74.9243,68437,82976,Rhinolophus ferrumequinum,0.023,0.023,-1,Echolocation,/mnt/ubna_data_01_mir/recover-20220825/UBNA_002/20220823_033000.WAV,Telephone Field,recover-20220825,002,1795
74.9255,74.9643,68437,82394,Rhinolophus ferrumequinum,0.024,0.024,-1,Echolocation,/mnt/ubna_data_01_mir/recover-20220825/UBNA_002/20220823_033000.WAV,Telephone Field,recover-20220825,002,1795
74.9335,74.975,68437,82517,Rhinolophus ferrumequinum,0.023,0.023,-1,Echolocation,/mnt/ubna_data_01_mir/recover-20220825/UBNA_002/20220823_033000.WAV,Telephone Field,recover-20220825,002,1795
74.9585,74.9927,68437,81509,Rhinolophus ferrumequinum,0.023,0.023,-1,Echolocation,/mnt/ubna_data_01_mir/recover-20220825/UBNA_002/20220823_033000.WAV,Telephone Field,recover-20220825,002,1795
74.9725,74.9809,26328,38826,Eptesicus serotinus,0.011,0.026,-1,Echolocation,/mnt/ubna_data_01_mir/recover-20220825/UBNA_002/20220823_033000.WAV,Telephone Field,recover-20220825,002,1795
74.9905,75.0303,68437,82039,Rhinolophus ferrumequinum,0.022,0.022,-1,Echolocation,/mnt/ubna_data_01_mir/recover-20220825/UBNA_002/20220823_033000.WAV,Telephone Field,recover-20220825,002,1795
74.9945,75.0031,46093,49341,Pipistrellus pipistrellus,0.024,0.026,-1,Echolocation,/mnt/ubna_data_01_mir/recover-20220825/UBNA_002/20220823_033000.WAV,Telephone Field,recover-20220825,002,1795
75.0075,75.0459,68437,82315,Rhinolophus ferrumequinum,0.027,0.027,-1,Echolocation,/mnt/ubna_data_01_mir/recover-20220825/UBNA_002/20220823_033000.WAV,Telephone Field,recover-20220825,002,1795
75.0315,75.0685,68437,82266,Rhinolophus ferrumequinum,0.021,0.021,-1,Echolocation,/mnt/ubna_data_01_mir/recover-20220825/UBNA_002/20220823_033000.WAV,Telephone Field,recover-20220825,002,1795
75.0605,75.0959,68437,81981,Rhinolophus ferrumequinum,0.021,0.021,-1,Echolocation,/mnt/ubna_data_01_mir/recover-20220825/UBNA_002/20220823_033000.WAV,Telephone Field,recover-20220825,002,1795
75.0755,75.1124,68437,82183,Rhinolophus ferrumequinum,0.022,0.022,-1,Echolocation,/mnt/ubna_data_01_mir/recover-20220825/UBNA_002/20220823_033000.WAV,Telephone Field,recover-20220825,002,1795
75.10249999999999,75.1389,68437,81987,Rhinolophus ferrumequinum,0.021,0.021,-1,Echolocation,/mnt/ubna_data_01_mir/recover-20220825/UBNA_002/20220823_033000.WAV,Telephone Field,recover-20220825,002,1795
75.1175,75.1586,68437,83308,Rhinolophus ferrumequinum,0.042,0.042,-1,Echolocation,/mnt/ubna_data_01_mir/recover-20220825/UBNA_002/20220823_033000.WAV,Telephone Field,recover-20220825,002,1795
75.1315,75.1485,21171,23886,Nyctalus leisleri,0.014,0.021,-1,Echolocation,/mnt/ubna_data_01_mir/recover-20220825/UBNA_002/20220823_033000.WAV,Telephone Field,recover-20220825,002,1795
75.1395,75.1774,68437,82655,Rhinolophus ferrumequinum,0.031,0.031,-1,Echolocation,/mnt/ubna_data_01_mir/recover-20220825/UBNA_002/20220823_033000.WAV,Telephone Field,recover-20220825,002,1795
75.1455,75.15559999999999,27187,35008,Eptesicus serotinus,0.009,0.022,-1,Echolocation,/mnt/ubna_data_01_mir/recover-20220825/UBNA_002/20220823_033000.WAV,Telephone Field,recover-20220825,002,1795
75.1685,75.2065,68437,83063,Rhinolophus ferrumequinum,0.024,0.024,-1,Echolocation,/mnt/ubna_data_01_mir/recover-20220825/UBNA_002/20220823_033000.WAV,Telephone Field,recover-20220825,002,1795
75.1685,75.1778,22890,29373,Nyctalus leisleri,0.008,0.023,-1,Echolocation,/mnt/ubna_data_01_mir/recover-20220825/UBNA_002/20220823_033000.WAV,Telephone Field,recover-20220825,002,1795
75.1805,75.2202,68437,82165,Rhinolophus ferrumequinum,0.024,0.024,-1,Echolocation,/mnt/ubna_data_01_mir/recover-20220825/UBNA_002/20220823_033000.WAV,Telephone Field,recover-20220825,002,1795
75.1985,75.2356,68437,81325,Rhinolophus ferrumequinum,0.021,0.021,-1,Echolocation,/mnt/ubna_data_01_mir/recover-20220825/UBNA_002/20220823_033000.WAV,Telephone Field,recover-20220825,002,1795
75.2195,75.23,32343,38549,Barbastellus barbastellus,0.007,0.028,-1,Echolocation,/mnt/ubna_data_01_mir/recover-20220825/UBNA_002/20220823_033000.WAV,Telephone Field,recover-20220825,002,1795
75.2365,75.27590000000001,68437,82417,Rhinolophus ferrumequinum,0.022,0.022,-1,Echolocation,/mnt/ubna_data_01_mir/recover-20220825/UBNA_002/20220823_033000.WAV,Telephone Field,recover-20220825,002,1795
75.2425,75.2813,68437,82181,Rhinolophus ferrumequinum,0.022,0.022,-1,Echolocation,/mnt/ubna_data_01_mir/recover-20220825/UBNA_002/20220823_033000.WAV,Telephone Field,recover-20220825,002,1795
75.2635,75.3021,68437,82182,Rhinolophus ferrumequinum,0.021,0.021,-1,Echolocation,/mnt/ubna_data_01_mir/recover-20220825/UBNA_002/20220823_033000.WAV,Telephone Field,recover-20220825,002,1795
75.2905,75.2974,28046,41490,Eptesicus serotinus,0.006,0.022,-1,Echolocation,/mnt/ubna_data_01_mir/recover-20220825/UBNA_002/20220823_033000.WAV,Telephone Field,recover-20220825,002,1795
75.3005,75.3385,68437,82609,Rhinolophus ferrumequinum,0.022,0.022,-1,Echolocation,/mnt/ubna_data_01_mir/recover-20220825/UBNA_002/20220823_033000.WAV,Telephone Field,recover-20220825,002,1795
75.3105,75.35040000000001,68437,82244,Rhinolophus ferrumequinum,0.026,0.026,-1,Echolocation,/mnt/ubna_data_01_mir/recover-20220825/UBNA_002/20220823_033000.WAV,Telephone Field,recover-20220825,002,1795
75.3175,75.3575,68437,83112,Rhinolophus ferrumequinum,0.024,0.024,-1,Echolocation,/mnt/ubna_data_01_mir/recover-20220825/UBNA_002/20220823_033000.WAV,Telephone Field,recover-20220825,002,1795
75.3255,75.3362,23750,29730,Nyctalus leisleri,0.009,0.024,-1,Echolocation,/mnt/ubna_data_01_mir/recover-20220825/UBNA_002/20220823_033000.WAV,Telephone Field,recover-20220825,002,1795
75.3455,75.3837,68437,82716,Rhinolophus ferrumequinum,0.024,0.024,-1,Echolocation,/mnt/ubna_data_01_mir/recover-20220825/UBNA_002/20220823_033000.WAV,Telephone Field,recover-20220825,002,1795
75.3985,75.4088,22031,26328,Nyctalus leisleri,0.011,0.022,-1,Echolocation,/mnt/ubna_data_01_mir/recover-20220825/UBNA_002/20220823_033000.WAV,Telephone Field,recover-20220825,002,1795
75.4045,75.4201,55546,60760,Pipistrellus pygmaeus,0.022,0.026,-1,Echolocation,/mnt/ubna_data_01_mir/recover-20220825/UBNA_002/20220823_033000.WAV,Telephone Field,recover-20220825,002,1795
75.4065,75.4454,68437,82357,Rhinolophus ferrumequinum,0.025,0.025,-1,Echolocation,/mnt/ubna_data_01_mir/recover-20220825/UBNA_002/20220823_033000.WAV,Telephone Field,recover-20220825,002,1795
75.4615,75.473,22031,26918,Nyctalus leisleri,0.012,0.025,-1,Echolocation,/mnt/ubna_data_01_mir/recover-20220825/UBNA_002/20220823_033000.WAV,Telephone Field,recover-20220825,002,1795
75.4945,75.5341,68437,81955,Rhinolophus ferrumequinum,0.023,0.023,-1,Echolocation,/mnt/ubna_data_01_mir/recover-20220825/UBNA_002/20220823_033000.WAV,Telephone Field,recover-20220825,002,1795
75.5135,75.5499,68437,81460,Rhinolophus ferrumequinum,0.022,0.023,-1,Echolocation,/mnt/ubna_data_01_mir/recover-20220825/UBNA_002/20220823_033000.WAV,Telephone Field,recover-20220825,002,1795
75.5525,75.5945,68437,82784,Rhinolophus ferrumequinum,0.021,0.021,-1,Echolocation,/mnt/ubna_data_01_mir/recover-20220825/UBNA_002/20220823_033000.WAV,Telephone Field,recover-20220825,002,1795
75.5595,75.6007,68437,82834,Rhinolophus ferrumequinum,0.021,0.021,-1,Echolocation,/mnt/ubna_data_01_mir/recover-20220825/UBNA_002/20220823_033000.WAV,Telephone Field,recover-20220825,002,1795
75.6075,75.647,68437,82447,Rhinolophus ferrumequinum,0.026,0.026,-1,Echolocation,/mnt/ubna_data_01_mir/recover-20220825/UBNA_002/20220823_033000.WAV,Telephone Field,recover-20220825,002,1795
75.6175,75.6546,68437,81913,Rhinolophus ferrumequinum,0.021,0.021,-1,Echolocation,/mnt/ubna_data_01_mir/recover-20220825/UBNA_002/20220823_033000.WAV,Telephone Field,recover-20220825,002,1795
75.6275,75.66499999999999,68437,82479,Rhinolophus ferrumequinum,0.022,0.022,-1,Echolocation,/mnt/ubna_data_01_mir/recover-20220825/UBNA_002/20220823_033000.WAV,Telephone Field,recover-20220825,002,1795
75.6495,75.6876,68437,81886,Rhinolophus ferrumequinum,0.023,0.023,-1,Echolocation,/mnt/ubna_data_01_mir/recover-20220825/UBNA_002/20220823_033000.WAV,Telephone Field,recover-20220825,002,1795
75.6635,75.6746,23750,29354,Nyctalus leisleri,0.012,0.028,-1,Echolocation,/mnt/ubna_data_01_mir/recover-20220825/UBNA_002/20220823_033000.WAV,Telephone Field,recover-20220825,002,1795
75.7005,75.7384,68437,81895,Rhinolophus ferrumequinum,0.022,0.022,-1,Echolocation,/mnt/ubna_data_01_mir/recover-20220825/UBNA_002/20220823_033000.WAV,Telephone Field,recover-20220825,002,1795
75.7055,75.7431,68437,82132,Rhinolophus ferrumequinum,0.022,0.022,-1,Echolocation,/mnt/ubna_data_01_mir/recover-20220825/UBNA_002/20220823_033000.WAV,Telephone Field,recover-20220825,002,1795
75.7135,75.7479,68437,81245,Rhinolophus ferrumequinum,0.021,0.022,-1,Echolocation,/mnt/ubna_data_01_mir/recover-20220825/UBNA_002/20220823_033000.WAV,Telephone Field,recover-20220825,002,1795
75.7135,75.7251,51250,58683,Pipistrellus pipistrellus,0.019,0.024,-1,Echolocation,/mnt/ubna_data_01_mir/recover-20220825/UBNA_002/20220823_033000.WAV,Telephone Field,recover-20220825,002,1795
75.8055,75.8135,30625,48556,Myotis bechsteinii,0.005,0.026,-1,Echolocation,/mnt/ubna_data_01_mir/recover-20220825/UBNA_002/20220823_033000.WAV,Telephone Field,recover-20220825,002,1795
75.8065,75.8112,37500,59852,Myotis bechsteinii,0.007,0.022,-1,Echolocation,/mnt/ubna_data_01_mir/recover-20220825/UBNA_002/20220823_033000.WAV,Telephone Field,recover-20220825,002,1795
75.8205,75.8293,28046,38373,Eptesicus serotinus,0.011,0.028,-1,Echolocation,/mnt/ubna_data_01_mir/recover-20220825/UBNA_002/20220823_033000.WAV,Telephone Field,recover-20220825,002,1795
75.8755,75.9141,68437,82754,Rhinolophus ferrumequinum,0.025,0.025,-1,Echolocation,/mnt/ubna_data_01_mir/recover-20220825/UBNA_002/20220823_033000.WAV,Telephone Field,recover-20220825,002,1795
75.9085,75.9186,24609,31683,Eptesicus serotinus,0.009,0.022,-1,Echolocation,/mnt/ubna_data_01_mir/recover-20220825/UBNA_002/20220823_033000.WAV,Telephone Field,recover-20220825,002,1795
75.9115,75.9468,68437,81856,Rhinolophus ferrumequinum,0.021,0.021,-1,Echolocation,/mnt/ubna_data_01_mir/recover-20220825/UBNA_002/20220823_033000.WAV,Telephone Field,recover-20220825,002,1795
75.9505,75.9873,68437,81778,Rhinolophus ferrumequinum,0.024,0.024,-1,Echolocation,/mnt/ubna_data_01_mir/recover-20220825/UBNA_002/20220823_033000.WAV,Telephone Field,recover-20220825,002,1795
75.9815,75.9903,28046,39087,Eptesicus serotinus,0.009,0.023,-1,Echolocation,/mnt/ubna_data_01_mir/recover-20220825/UBNA_002/20220823_033000.WAV,Telephone Field,recover-20220825,002,1795
76.0015,76.0142,46093,50612,Pipistrellus pipistrellus,0.021,0.026,-1,Echolocation,/mnt/ubna_data_01_mir/recover-20220825/UBNA_002/20220823_033000.WAV,Telephone Field,recover-20220825,002,1795
76.0015,76.0363,68437,79653,Rhinolophus ferrumequinum,0.046,0.046,-1,Echolocation,/mnt/ubna_data_01_mir/recover-20220825/UBNA_002/20220823_033000.WAV,Telephone Field,recover-20220825,002,1795
76.0015,76.0091,24609,37004,Nyctalus leisleri,0.006,0.024,-1,Echolocation,/mnt/ubna_data_01_mir/recover-20220825/UBNA_002/20220823_033000.WAV,Telephone Field,recover-20220825,002,1795
76.0075,76.0525,68437,82719,Rhinolophus ferrumequinum,0.037,0.037,-1,Echolocation,/mnt/ubna_data_01_mir/recover-20220825/UBNA_002/20220823_033000.WAV,Telephone Field,recover-20220825,002,1795
76.0145,76.02420000000001,49531,54112,Pipistrellus pipistrellus,0.023,0.027,-1,Echolocation,/mnt/ubna_data_01_mir/recover-20220825/UBNA_002/20220823_033000.WAV,Telephone Field,recover-20220825,002,1795
76.0395,76.0798,68437,82226,Rhinolophus ferrumequinum,0.023,0.023,-1,Echolocation,/mnt/ubna_data_01_mir/recover-20220825/UBNA_002/20220823_033000.WAV,Telephone Field,recover-20220825,002,1795
76.0605,76.1039,68437,83281,Rhinolophus ferrumequinum,0.03,0.03,-1,Echolocation,/mnt/ubna_data_01_mir/recover-20220825/UBNA_002/20220823_033000.WAV,Telephone Field,recover-20220825,002,1795
76.0795,76.1172,68437,81415,Rhinolophus ferrumequinum,0.024,0.024,-1,Echolocation,/mnt/ubna_data_01_mir/recover-20220825/UBNA_002/20220823_033000.WAV,Telephone Field,recover-20220825,002,1795
76.1015,76.1096,28906,40320,Eptesicus serotinus,0.008,0.022,-1,Echolocation,/mnt/ubna_data_01_mir/recover-20220825/UBNA_002/20220823_033000.WAV,Telephone Field,recover-20220825,002,1795
76.10249999999999,76.142,68437,81050,Rhinolophus ferrumequinum,0.027,0.027,-1,Echolocation,/mnt/ubna_data_01_mir/recover-20220825/UBNA_002/20220823_033000.WAV,Telephone Field,recover-20220825,002,1795
76.1245,76.1337,23750,30756,Nyctalus leisleri,0.008,0.023,-1,Echolocation,/mnt/ubna_data_01_mir/recover-20220825/UBNA_002/20220823_033000.WAV,Telephone Field,recover-20220825,002,1795
76.1765,76.2139,68437,81825,Rhinolophus ferrumequinum,0.022,0.022,-1,Echolocation,/mnt/ubna_data_01_mir/recover-20220825/UBNA_002/20220823_033000.WAV,Telephone Field,recover-20220825,002,1795
76.22149999999999,76.2291,28906,40097,Eptesicus serotinus,0.007,0.022,-1,Echolocation,/mnt/ubna_data_01_mir/recover-20220825/UBNA_002/20220823_033000.WAV,Telephone Field,recover-20220825,002,1795
76.2745,76.3142,68437,81878,Rhinolophus ferrumequinum,0.024,0.024,-1,Echolocation,/mnt/ubna_data_01_mir/recover-20220825/UBNA_002/20220823_033000.WAV,Telephone Field,recover-20220825,002,1795
76.2805,76.3188,68437,82140,Rhinolophus ferrumequinum,0.023,0.023,-1,Echolocation,/mnt/ubna_data_01_mir/recover-20220825/UBNA_002/20220823_033000.WAV,Telephone Field,recover-20220825,002,1795
76.2945,76.3337,68437,82101,Rhinolophus ferrumequinum,0.024,0.024,-1,Echolocation,/mnt/ubna_data_01_mir/recover-20220825/UBNA_002/20220823_033000.WAV,Telephone Field,recover-20220825,002,1795
76.3155,76.354,68437,82634,Rhinolophus ferrumequinum,0.03,0.03,-1,Echolocation,/mnt/ubna_data_01_mir/recover-20220825/UBNA_002/20220823_033000.WAV,Telephone Field,recover-20220825,002,1795
76.3305,76.3725,68437,82850,Rhinolophus ferrumequinum,0.026,0.026,-1,Echolocation,/mnt/ubna_data_01_mir/recover-20220825/UBNA_002/20220823_033000.WAV,Telephone Field,recover-20220825,002,1795
76.38550000000001,76.398,28906,36596,Eptesicus serotinus,0.013,0.024,-1,Echolocation,/mnt/ubna_data_01_mir/recover-20220825/UBNA_002/20220823_033000.WAV,Telephone Field,recover-20220825,002,1795
76.3965,76.4046,28906,38206,Eptesicus serotinus,0.012,0.028,-1,Echolocation,/mnt/ubna_data_01_mir/recover-20220825/UBNA_002/20220823_033000.WAV,Telephone Field,recover-20220825,002,1795
76.4055,76.4188,22890,28099,Nyctalus leisleri,0.011,0.022,-1,Echolocation,/mnt/ubna_data_01_mir/recover-20220825/UBNA_002/20220823_033000.WAV,Telephone Field,recover-20220825,002,1795
76.4615,76.50489999999999,68437,83140,Rhinolophus ferrumequinum,0.024,0.024,-1,Echolocation,/mnt/ubna_data_01_mir/recover-20220825/UBNA_002/20220823_033000.WAV,Telephone Field,recover-20220825,002,1795
76.4915,76.5314,68437,82933,Rhinolophus ferrumequinum,0.022,0.022,-1,Echolocation,/mnt/ubna_data_01_mir/recover-20220825/UBNA_002/20220823_033000.WAV,Telephone Field,recover-20220825,002,1795
76.5155,76.5544,68437,82465,Rhinolophus ferrumequinum,0.025,0.025,-1,Echolocation,/mnt/ubna_data_01_mir/recover-20220825/UBNA_002/20220823_033000.WAV,Telephone Field,recover-20220825,002,1795
76.5275,76.5355,47812,54036,Pipistrellus pipistrellus,0.02,0.023,-1,Echolocation,/mnt/ubna_data_01_mir/recover-20220825/UBNA_002/20220823_033000.WAV,Telephone Field,recover-20220825,002,1795
76.5555,76.5988,68437,83321,Rhinolophus ferrumequinum,0.032,0.032,-1,Echolocation,/mnt/ubna_data_01_mir/recover-20220825/UBNA_002/20220823_033000.WAV,Telephone Field,recover-20220825,002,1795
76.5715,76.6111,68437,82310,Rhinolophus ferrumequinum,0.024,0.024,-1,Echolocation,/mnt/ubna_data_01_mir/recover-20220825/UBNA_002/20220823_033000.WAV,Telephone Field,recover-20220825,002,1795
76.6375,76.6784,68437,83133,Rhinolophus ferrumequinum,0.057,0.057,-1,Echolocation,/mnt/ubna_data_01_mir/recover-20220825/UBNA_002/20220823_033000.WAV,Telephone Field,recover-20220825,002,1795
76.6575,76.6992,68437,82730,Rhinolophus ferrumequinum,0.031,0.031,-1,Echolocation,/mnt/ubna_data_01_mir/recover-20220825/UBNA_002/20220823_033000.WAV,Telephone Field,recover-20220825,002,1795
76.6985,76.7401,68437,82275,Rhinolophus ferrumequinum,0.027,0.027,-1,Echolocation,/mnt/ubna_data_01_mir/recover-20220825/UBNA_002/20220823_033000.WAV,Telephone Field,recover-20220825,002,1795
76.7165,76.75880000000001,68437,83087,Rhinolophus ferrumequinum,0.026,0.026,-1,Echolocation,/mnt/ubna_data_01_mir/recover-20220825/UBNA_002/20220823_033000.WAV,Telephone Field,recover-20220825,002,1795
76.7415,76.7815,68437,83418,Rhinolophus ferrumequinum,0.024,0.024,-1,Echolocation,/mnt/ubna_data_01_mir/recover-20220825/UBNA_002/20220823_033000.WAV,Telephone Field,recover-20220825,002,1795
76.7515,76.7617,26328,32857,Eptesicus serotinus,0.011,0.026,-1,Echolocation,/mnt/ubna_data_01_mir/recover-20220825/UBNA_002/20220823_033000.WAV,Telephone Field,recover-20220825,002,1795
76.8105,76.8472,68437,82358,Rhinolophus ferrumequinum,0.024,0.024,-1,Echolocation,/mnt/ubna_data_01_mir/recover-20220825/UBNA_002/20220823_033000.WAV,Telephone Field,recover-20220825,002,1795
76.84649999999999,76.88550000000001,68437,82034,Rhinolophus ferrumequinum,0.023,0.023,-1,Echolocation,/mnt/ubna_data_01_mir/recover-20220825/UBNA_002/20220823_033000.WAV,Telephone Field,recover-20220825,002,1795
76.84649999999999,76.8575,28046,35788,Eptesicus serotinus,0.013,0.024,-1,Echolocation,/mnt/ubna_data_01_mir/recover-20220825/UBNA_002/20220823_033000.WAV,Telephone Field,recover-20220825,002,1795
76.8785,76.9164,68437,81849,Rhinolophus ferrumequinum,0.024,0.024,-1,Echolocation,/mnt/ubna_data_01_mir/recover-20220825/UBNA_002/20220823_033000.WAV,Telephone Field,recover-20220825,002,1795
76.9235,76.964,68437,83470,Rhinolophus ferrumequinum,0.029,0.029,-1,Echolocation,/mnt/ubna_data_01_mir/recover-20220825/UBNA_002/20220823_033000.WAV,Telephone Field,recover-20220825,002,1795
76.9625,76.9727,29765,37853,Eptesicus serotinus,0.011,0.025,-1,Echolocation,/mnt/ubna_data_01_mir/recover-20220825/UBNA_002/20220823_033000.WAV,Telephone Field,recover-20220825,002,1795
76.98949999999999,77.0314,68437,82599,Rhinolophus ferrumequinum,0.024,0.024,-1,Echolocation,/mnt/ubna_data_01_mir/recover-20220825/UBNA_002/20220823_033000.WAV,Telephone Field,recover-20220825,002,1795
77.03450000000001,77.0428,25468,33672,Eptesicus serotinus,0.01,0.025,-1,Echolocation,/mnt/ubna_data_01_mir/recover-20220825/UBNA_002/20220823_033000.WAV,Telephone Field,recover-20220825,002,1795
77.0515,77.0911,68437,81551,Rhinolophus ferrumequinum,0.023,0.023,-1,Echolocation,/mnt/ubna_data_01_mir/recover-20220825/UBNA_002/20220823_033000.WAV,Telephone Field,recover-20220825,002,1795
77.0835,77.12440000000001,68437,83134,Rhinolophus ferrumequinum,0.028,0.028,-1,Echolocation,/mnt/ubna_data_01_mir/recover-20220825/UBNA_002/20220823_033000.WAV,Telephone Field,recover-20220825,002,1795
77.0985,77.1083,27187,38032,Eptesicus serotinus,0.01,0.023,-1,Echolocation,/mnt/ubna_data_01_mir/recover-20220825/UBNA_002/20220823_033000.WAV,Telephone Field,recover-20220825,002,1795
77.1245,77.13550000000001,28906,37104,Eptesicus serotinus,0.012,0.024,-1,Echolocation,/mnt/ubna_data_01_mir/recover-20220825/UBNA_002/20220823_033000.WAV,Telephone Field,recover-20220825,002,1795
77.1745,77.2075,68437,80761,Rhinolophus ferrumequinum,0.022,0.022,-1,Echolocation,/mnt/ubna_data_01_mir/recover-20220825/UBNA_002/20220823_033000.WAV,Telephone Field,recover-20220825,002,1795
77.1905,77.229,68437,81908,Rhinolophus ferrumequinum,0.022,0.022,-1,Echolocation,/mnt/ubna_data_01_mir/recover-20220825/UBNA_002/20220823_033000.WAV,Telephone Field,recover-20220825,002,1795
77.2125,77.2206,28046,39802,Eptesicus serotinus,0.007,0.022,-1,Echolocation,/mnt/ubna_data_01_mir/recover-20220825/UBNA_002/20220823_033000.WAV,Telephone Field,recover-20220825,002,1795
77.2295,77.2674,68437,82638,Rhinolophus ferrumequinum,0.023,0.023,-1,Echolocation,/mnt/ubna_data_01_mir/recover-20220825/UBNA_002/20220823_033000.WAV,Telephone Field,recover-20220825,002,1795
77.2305,77.2414,22890,29112,Nyctalus leisleri,0.012,0.028,-1,Echolocation,/mnt/ubna_data_01_mir/recover-20220825/UBNA_002/20220823_033000.WAV,Telephone Field,recover-20220825,002,1795
77.2595,77.2976,68437,81772,Rhinolophus ferrumequinum,0.022,0.022,-1,Echolocation,/mnt/ubna_data_01_mir/recover-20220825/UBNA_002/20220823_033000.WAV,Telephone Field,recover-20220825,002,1795
77.2675,77.275,27187,39007,Eptesicus serotinus,0.008,0.025,-1,Echolocation,/mnt/ubna_data_01_mir/recover-20220825/UBNA_002/20220823_033000.WAV,Telephone Field,recover-20220825,002,1795
77.27850000000001,77.3176,68437,82670,Rhinolophus ferrumequinum,0.028,0.028,-1,Echolocation,/mnt/ubna_data_01_mir/recover-20220825/UBNA_002/20220823_033000.WAV,Telephone Field,recover-20220825,002,1795
77.3225,77.3319,28046,38687,Eptesicus serotinus,0.01,0.022,-1,Echolocation,/mnt/ubna_data_01_mir/recover-20220825/UBNA_002/20220823_033000.WAV,Telephone Field,recover-20220825,002,1795
77.3325,77.3406,26328,34778,Eptesicus serotinus,0.01,0.025,-1,Echolocation,/mnt/ubna_data_01_mir/recover-20220825/UBNA_002/20220823_033000.WAV,Telephone Field,recover-20220825,002,1795
77.3695,77.37780000000001,27187,36798,Eptesicus serotinus,0.011,0.025,-1,Echolocation,/mnt/ubna_data_01_mir/recover-20220825/UBNA_002/20220823_033000.WAV,Telephone Field,recover-20220825,002,1795
77.3945,77.4294,68437,81228,Rhinolophus ferrumequinum,0.024,0.025,-1,Echolocation,/mnt/ubna_data_01_mir/recover-20220825/UBNA_002/20220823_033000.WAV,Telephone Field,recover-20220825,002,1795
77.3965,77.4071,24609,30837,Nyctalus leisleri,0.009,0.024,-1,Echolocation,/mnt/ubna_data_01_mir/recover-20220825/UBNA_002/20220823_033000.WAV,Telephone Field,recover-20220825,002,1795
77.4125,77.4204,28906,39733,Eptesicus serotinus,0.008,0.023,-1,Echolocation,/mnt/ubna_data_01_mir/recover-20220825/UBNA_002/20220823_033000.WAV,Telephone Field,recover-20220825,002,1795
77.4645,77.4724,50390,55109,Pipistrellus pipistrellus,0.021,0.023,-1,Echolocation,/mnt/ubna_data_01_mir/recover-20220825/UBNA_002/20220823_033000.WAV,Telephone Field,recover-20220825,002,1795
77.46549999999999,77.4767,23750,28985,Nyctalus leisleri,0.011,0.025,-1,Echolocation,/mnt/ubna_data_01_mir/recover-20220825/UBNA_002/20220823_033000.WAV,Telephone Field,recover-20220825,002,1795
77.4745,77.5139,68437,82162,Rhinolophus ferrumequinum,0.023,0.023,-1,Echolocation,/mnt/ubna_data_01_mir/recover-20220825/UBNA_002/20220823_033000.WAV,Telephone Field,recover-20220825,002,1795
77.47749999999999,77.4873,28046,37454,Eptesicus serotinus,0.011,0.024,-1,Echolocation,/mnt/ubna_data_01_mir/recover-20220825/UBNA_002/20220823_033000.WAV,Telephone Field,recover-20220825,002,1795
77.4915,77.5317,68437,82436,Rhinolophus ferrumequinum,0.024,0.024,-1,Echolocation,/mnt/ubna_data_01_mir/recover-20220825/UBNA_002/20220823_033000.WAV,Telephone Field,recover-20220825,002,1795
77.5145,77.5534,68437,82099,Rhinolophus ferrumequinum,0.023,0.023,-1,Echolocation,/mnt/ubna_data_01_mir/recover-20220825/UBNA_002/20220823_033000.WAV,Telephone Field,recover-20220825,002,1795
77.5195,77.55590000000001,68437,82566,Rhinolophus ferrumequinum,0.022,0.022,-1,Echolocation,/mnt/ubna_data_01_mir/recover-20220825/UBNA_002/20220823_033000.WAV,Telephone Field,recover-20220825,002,1795
77.53450000000001,77.5444,27187,34478,Eptesicus serotinus,0.012,0.025,-1,Echolocation,/mnt/ubna_data_01_mir/recover-20220825/UBNA_002/20220823_033000.WAV,Telephone Field,recover-20220825,002,1795
77.5475,77.5895,68437,82424,Rhinolophus ferrumequinum,0.024,0.024,-1,Echolocation,/mnt/ubna_data_01_mir/recover-20220825/UBNA_002/20220823_033000.WAV,Telephone Field,recover-20220825,002,1795
77.5815,77.6247,68437,83237,Rhinolophus ferrumequinum,0.047,0.047,-1,Echolocation,/mnt/ubna_data_01_mir/recover-20220825/UBNA_002/20220823_033000.WAV,Telephone Field,recover-20220825,002,1795
77.6345,77.6781,68437,83272,Rhinolophus ferrumequinum,0.026,0.026,-1,Echolocation,/mnt/ubna_data_01_mir/recover-20220825/UBNA_002/20220823_033000.WAV,Telephone Field,recover-20220825,002,1795
77.6695,77.709,68437,83035,Rhinolophus ferrumequinum,0.024,0.024,-1,Echolocation,/mnt/ubna_data_01_mir/recover-20220825/UBNA_002/20220823_033000.WAV,Telephone Field,recover-20220825,002,1795
77.6805,77.7193,68437,82007,Rhinolophus ferrumequinum,0.024,0.024,-1,Echolocation,/mnt/ubna_data_01_mir/recover-20220825/UBNA_002/20220823_033000.WAV,Telephone Field,recover-20220825,002,1795
77.7355,77.77590000000001,68437,83056,Rhinolophus ferrumequinum,0.03,0.03,-1,Echolocation,/mnt/ubna_data_01_mir/recover-20220825/UBNA_002/20220823_033000.WAV,Telephone Field,recover-20220825,002,1795
77.7705,77.8121,68437,82730,Rhinolophus ferrumequinum,0.026,0.026,-1,Echolocation,/mnt/ubna_data_01_mir/recover-20220825/UBNA_002/20220823_033000.WAV,Telephone Field,recover-20220825,002,1795
77.8165,77.8571,68437,82220,Rhinolophus ferrumequinum,0.022,0.022,-1,Echolocation,/mnt/ubna_data_01_mir/recover-20220825/UBNA_002/20220823_033000.WAV,Telephone Field,recover-20220825,002,1795
77.8455,77.886,68437,82075,Rhinolophus ferrumequinum,0.023,0.023,-1,Echolocation,/mnt/ubna_data_01_mir/recover-20220825/UBNA_002/20220823_033000.WAV,Telephone Field,recover-20220825,002,1795
77.8815,77.9195,68437,82771,Rhinolophus ferrumequinum,0.023,0.023,-1,Echolocation,/mnt/ubna_data_01_mir/recover-20220825/UBNA_002/20220823_033000.WAV,Telephone Field,recover-20220825,002,1795
77.8885,77.8995,14296,19822,Nyctalus noctula,0.014,0.027,-1,Echolocation,/mnt/ubna_data_01_mir/recover-20220825/UBNA_002/20220823_033000.WAV,Telephone Field,recover-20220825,002,1795
77.9345,77.9485,22031,26058,Nyctalus leisleri,0.018,0.032,-1,Echolocation,/mnt/ubna_data_01_mir/recover-20220825/UBNA_002/20220823_033000.WAV,Telephone Field,recover-20220825,002,1795
78.0015,78.0095,25468,37942,Eptesicus serotinus,0.005,0.024,-1,Echolocation,/mnt/ubna_data_01_mir/recover-20220825/UBNA_002/20220823_033000.WAV,Telephone Field,recover-20220825,002,1795
78.0015,78.0093,29765,40943,Myotis daubentonii,0.007,0.027,-1,Echolocation,/mnt/ubna_data_01_mir/recover-20220825/UBNA_002/20220823_033000.WAV,Telephone Field,recover-20220825,002,1795
78.0015,78.0313,68437,79997,Rhinolophus ferrumequinum,0.077,0.078,-1,Echolocation,/mnt/ubna_data_01_mir/recover-20220825/UBNA_002/20220823_033000.WAV,Telephone Field,recover-20220825,002,1795
78.0325,78.0403,27187,41520,Eptesicus serotinus,0.008,0.023,-1,Echolocation,/mnt/ubna_data_01_mir/recover-20220825/UBNA_002/20220823_033000.WAV,Telephone Field,recover-20220825,002,1795
78.0485,78.0601,23750,29855,Nyctalus leisleri,0.013,0.032,-1,Echolocation,/mnt/ubna_data_01_mir/recover-20220825/UBNA_002/20220823_033000.WAV,Telephone Field,recover-20220825,002,1795
78.0495,78.0883,68437,82303,Rhinolophus ferrumequinum,0.028,0.028,-1,Echolocation,/mnt/ubna_data_01_mir/recover-20220825/UBNA_002/20220823_033000.WAV,Telephone Field,recover-20220825,002,1795
78.0715,78.11240000000001,68437,82964,Rhinolophus ferrumequinum,0.023,0.023,-1,Echolocation,/mnt/ubna_data_01_mir/recover-20220825/UBNA_002/20220823_033000.WAV,Telephone Field,recover-20220825,002,1795
78.0775,78.0898,22890,27296,Nyctalus leisleri,0.013,0.025,-1,Echolocation,/mnt/ubna_data_01_mir/recover-20220825/UBNA_002/20220823_033000.WAV,Telephone Field,recover-20220825,002,1795
78.1235,78.1593,68437,82301,Rhinolophus ferrumequinum,0.022,0.022,-1,Echolocation,/mnt/ubna_data_01_mir/recover-20220825/UBNA_002/20220823_033000.WAV,Telephone Field,recover-20220825,002,1795
78.1425,78.1498,26328,38413,Eptesicus serotinus,0.007,0.023,-1,Echolocation,/mnt/ubna_data_01_mir/recover-20220825/UBNA_002/20220823_033000.WAV,Telephone Field,recover-20220825,002,1795
78.1695,78.2089,68437,82664,Rhinolophus ferrumequinum,0.023,0.023,-1,Echolocation,/mnt/ubna_data_01_mir/recover-20220825/UBNA_002/20220823_033000.WAV,Telephone Field,recover-20220825,002,1795
78.1905,78.1977,26328,46121,Eptesicus serotinus,0.007,0.024,-1,Echolocation,/mnt/ubna_data_01_mir/recover-20220825/UBNA_002/20220823_033000.WAV,Telephone Field,recover-20220825,002,1795
78.1935,78.1997,34062,47113,Myotis daubentonii,0.019,0.036,-1,Echolocation,/mnt/ubna_data_01_mir/recover-20220825/UBNA_002/20220823_033000.WAV,Telephone Field,recover-20220825,002,1795
78.2165,78.2263,28046,37071,Eptesicus serotinus,0.009,0.024,-1,Echolocation,/mnt/ubna_data_01_mir/recover-20220825/UBNA_002/20220823_033000.WAV,Telephone Field,recover-20220825,002,1795
78.2255,78.2361,23750,29357,Nyctalus leisleri,0.01,0.023,-1,Echolocation,/mnt/ubna_data_01_mir/recover-20220825/UBNA_002/20220823_033000.WAV,Telephone Field,recover-20220825,002,1795
78.2475,78.2858,68437,81776,Rhinolophus ferrumequinum,0.022,0.022,-1,Echolocation,/mnt/ubna_data_01_mir/recover-20220825/UBNA_002/20220823_033000.WAV,Telephone Field,recover-20220825,002,1795
78.26650000000001,78.306,68437,82814,Rhinolophus ferrumequinum,0.03,0.03,-1,Echolocation,/mnt/ubna_data_01_mir/recover-20220825/UBNA_002/20220823_033000.WAV,Telephone Field,recover-20220825,002,1795
78.3125,78.3205,28046,38518,Eptesicus serotinus,0.006,0.021,-1,Echolocation,/mnt/ubna_data_01_mir/recover-20220825/UBNA_002/20220823_033000.WAV,Telephone Field,recover-20220825,002,1795
78.35249999999999,78.3587,28046,41168,Eptesicus serotinus,0.012,0.046,-1,Echolocation,/mnt/ubna_data_01_mir/recover-20220825/UBNA_002/20220823_033000.WAV,Telephone Field,recover-20220825,002,1795
78.4705,78.4786,28046,41083,Eptesicus serotinus,0.007,0.022,-1,Echolocation,/mnt/ubna_data_01_mir/recover-20220825/UBNA_002/20220823_033000.WAV,Telephone Field,recover-20220825,002,1795
78.4815,78.49170000000001,28046,36476,Eptesicus serotinus,0.009,0.021,-1,Echolocation,/mnt/ubna_data_01_mir/recover-20220825/UBNA_002/20220823_033000.WAV,Telephone Field,recover-20220825,002,1795
78.4845,78.5234,68437,82054,Rhinolophus ferrumequinum,0.023,0.023,-1,Echolocation,/mnt/ubna_data_01_mir/recover-20220825/UBNA_002/20220823_033000.WAV,Telephone Field,recover-20220825,002,1795
78.4935,78.53280000000001,68437,82595,Rhinolophus ferrumequinum,0.029,0.029,-1,Echolocation,/mnt/ubna_data_01_mir/recover-20220825/UBNA_002/20220823_033000.WAV,Telephone Field,recover-20220825,002,1795
78.5025,78.5104,28046,38199,Eptesicus serotinus,0.007,0.022,-1,Echolocation,/mnt/ubna_data_01_mir/recover-20220825/UBNA_002/20220823_033000.WAV,Telephone Field,recover-20220825,002,1795
78.5155,78.5276,22031,25767,Nyctalus leisleri,0.012,0.02,-1,Echolocation,/mnt/ubna_data_01_mir/recover-20220825/UBNA_002/20220823_033000.WAV,Telephone Field,recover-20220825,002,1795
78.5175,78.5545,68437,81274,Rhinolophus ferrumequinum,0.023,0.023,-1,Echolocation,/mnt/ubna_data_01_mir/recover-20220825/UBNA_002/20220823_033000.WAV,Telephone Field,recover-20220825,002,1795
78.5275,78.5678,68437,82312,Rhinolophus ferrumequinum,0.02,0.02,-1,Echolocation,/mnt/ubna_data_01_mir/recover-20220825/UBNA_002/20220823_033000.WAV,Telephone Field,recover-20220825,002,1795
78.57849999999999,78.61789999999999,68437,82217,Rhinolophus ferrumequinum,0.025,0.025,-1,Echolocation,/mnt/ubna_data_01_mir/recover-20220825/UBNA_002/20220823_033000.WAV,Telephone Field,recover-20220825,002,1795
78.5885,78.5958,26328,37788,Eptesicus serotinus,0.005,0.021,-1,Echolocation,/mnt/ubna_data_01_mir/recover-20220825/UBNA_002/20220823_033000.WAV,Telephone Field,recover-20220825,002,1795
78.6225,78.66069999999999,68437,81163,Rhinolophus ferrumequinum,0.021,0.021,-1,Echolocation,/mnt/ubna_data_01_mir/recover-20220825/UBNA_002/20220823_033000.WAV,Telephone Field,recover-20220825,002,1795
78.6345,78.6428,28046,36973,Eptesicus serotinus,0.008,0.023,-1,Echolocation,/mnt/ubna_data_01_mir/recover-20220825/UBNA_002/20220823_033000.WAV,Telephone Field,recover-20220825,002,1795
78.6895,78.6996,28046,39278,Eptesicus serotinus,0.009,0.022,-1,Echolocation,/mnt/ubna_data_01_mir/recover-20220825/UBNA_002/20220823_033000.WAV,Telephone Field,recover-20220825,002,1795
78.7205,78.7593,68437,82292,Rhinolophus ferrumequinum,0.029,0.029,-1,Echolocation,/mnt/ubna_data_01_mir/recover-20220825/UBNA_002/20220823_033000.WAV,Telephone Field,recover-20220825,002,1795
78.7285,78.7349,28046,39894,Eptesicus serotinus,0.006,0.03,-1,Echolocation,/mnt/ubna_data_01_mir/recover-20220825/UBNA_002/20220823_033000.WAV,Telephone Field,recover-20220825,002,1795
78.7465,78.7542,28046,38064,Eptesicus serotinus,0.008,0.021,-1,Echolocation,/mnt/ubna_data_01_mir/recover-20220825/UBNA_002/20220823_033000.WAV,Telephone Field,recover-20220825,002,1795
78.7685,78.7794,40937,45992,Pipistrellus nathusii,0.012,0.023,-1,Echolocation,/mnt/ubna_data_01_mir/recover-20220825/UBNA_002/20220823_033000.WAV,Telephone Field,recover-20220825,002,1795
78.8085,78.815,24609,34016,Plecotus austriacus,0.015,0.031,-1,Echolocation,/mnt/ubna_data_01_mir/recover-20220825/UBNA_002/20220823_033000.WAV,Telephone Field,recover-20220825,002,1795
78.8425,78.8527,23750,29914,Nyctalus leisleri,0.008,0.021,-1,Echolocation,/mnt/ubna_data_01_mir/recover-20220825/UBNA_002/20220823_033000.WAV,Telephone Field,recover-20220825,002,1795
78.86449999999999,78.9004,68437,81678,Rhinolophus ferrumequinum,0.021,0.021,-1,Echolocation,/mnt/ubna_data_01_mir/recover-20220825/UBNA_002/20220823_033000.WAV,Telephone Field,recover-20220825,002,1795
78.8675,78.874,28906,40024,Myotis daubentonii,0.007,0.03,-1,Echolocation,/mnt/ubna_data_01_mir/recover-20220825/UBNA_002/20220823_033000.WAV,Telephone Field,recover-20220825,002,1795
78.9265,78.9651,68437,81851,Rhinolophus ferrumequinum,0.02,0.02,-1,Echolocation,/mnt/ubna_data_01_mir/recover-20220825/UBNA_002/20220823_033000.WAV,Telephone Field,recover-20220825,002,1795
78.9475,78.9593,22031,26020,Nyctalus leisleri,0.012,0.021,-1,Echolocation,/mnt/ubna_data_01_mir/recover-20220825/UBNA_002/20220823_033000.WAV,Telephone Field,recover-20220825,002,1795
78.9485,78.9871,68437,82501,Rhinolophus ferrumequinum,0.023,0.024,-1,Echolocation,/mnt/ubna_data_01_mir/recover-20220825/UBNA_002/20220823_033000.WAV,Telephone Field,recover-20220825,002,1795
78.9735,79.0127,68437,81803,Rhinolophus ferrumequinum,0.021,0.021,-1,Echolocation,/mnt/ubna_data_01_mir/recover-20220825/UBNA_002/20220823_033000.WAV,Telephone Field,recover-20220825,002,1795
78.9815,78.9887,26328,36761,Eptesicus serotinus,0.006,0.022,-1,Echolocation,/mnt/ubna_data_01_mir/recover-20220825/UBNA_002/20220823_033000.WAV,Telephone Field,recover-20220825,002,1795
79.0355,79.0413,38359,52448,Myotis daubentonii,0.017,0.032,-1,Echolocation,/mnt/ubna_data_01_mir/recover-20220825/UBNA_002/20220823_033000.WAV,Telephone Field,recover-20220825,002,1795
79.0475,79.0569,26328,36437,Eptesicus serotinus,0.01,0.026,-1,Echolocation,/mnt/ubna_data_01_mir/recover-20220825/UBNA_002/20220823_033000.WAV,Telephone Field,recover-20220825,002,1795
79.0665,79.1075,68437,81977,Rhinolophus ferrumequinum,0.021,0.021,-1,Echolocation,/mnt/ubna_data_01_mir/recover-20220825/UBNA_002/20220823_033000.WAV,Telephone Field,recover-20220825,002,1795
79.1035,79.1115,28046,39014,Eptesicus serotinus,0.006,0.02,-1,Echolocation,/mnt/ubna_data_01_mir/recover-20220825/UBNA_002/20220823_033000.WAV,Telephone Field,recover-20220825,002,1795
79.1435,79.1822,68437,82452,Rhinolophus ferrumequinum,0.02,0.02,-1,Echolocation,/mnt/ubna_data_01_mir/recover-20220825/UBNA_002/20220823_033000.WAV,Telephone Field,recover-20220825,002,1795
79.1545,79.1636,24609,33187,Eptesicus serotinus,0.007,0.027,-1,Echolocation,/mnt/ubna_data_01_mir/recover-20220825/UBNA_002/20220823_033000.WAV,Telephone Field,recover-20220825,002,1795
79.1645,79.1767,24609,31880,Eptesicus serotinus,0.013,0.029,-1,Echolocation,/mnt/ubna_data_01_mir/recover-20220825/UBNA_002/20220823_033000.WAV,Telephone Field,recover-20220825,002,1795
79.1945,79.2022,26328,39432,Eptesicus serotinus,0.006,0.021,-1,Echolocation,/mnt/ubna_data_01_mir/recover-20220825/UBNA_002/20220823_033000.WAV,Telephone Field,recover-20220825,002,1795
79.20949999999999,79.2182,28046,40165,Eptesicus serotinus,0.008,0.022,-1,Echolocation,/mnt/ubna_data_01_mir/recover-20220825/UBNA_002/20220823_033000.WAV,Telephone Field,recover-20220825,002,1795
79.20949999999999,79.2485,68437,82328,Rhinolophus ferrumequinum,0.024,0.024,-1,Echolocation,/mnt/ubna_data_01_mir/recover-20220825/UBNA_002/20220823_033000.WAV,Telephone Field,recover-20220825,002,1795
79.2505,79.2602,28906,37653,Eptesicus serotinus,0.009,0.024,-1,Echolocation,/mnt/ubna_data_01_mir/recover-20220825/UBNA_002/20220823_033000.WAV,Telephone Field,recover-20220825,002,1795
79.2515,79.2881,68437,81830,Rhinolophus ferrumequinum,0.025,0.025,-1,Echolocation,/mnt/ubna_data_01_mir/recover-20220825/UBNA_002/20220823_033000.WAV,Telephone Field,recover-20220825,002,1795
79.2925,79.3028,27187,34682,Eptesicus serotinus,0.008,0.02,-1,Echolocation,/mnt/ubna_data_01_mir/recover-20220825/UBNA_002/20220823_033000.WAV,Telephone Field,recover-20220825,002,1795
79.2975,79.3074,28906,34714,Eptesicus serotinus,0.007,0.021,-1,Echolocation,/mnt/ubna_data_01_mir/recover-20220825/UBNA_002/20220823_033000.WAV,Telephone Field,recover-20220825,002,1795
79.3115,79.3194,27187,37866,Eptesicus serotinus,0.006,0.021,-1,Echolocation,/mnt/ubna_data_01_mir/recover-20220825/UBNA_002/20220823_033000.WAV,Telephone Field,recover-20220825,002,1795
79.3195,79.36,68437,82698,Rhinolophus ferrumequinum,0.027,0.027,-1,Echolocation,/mnt/ubna_data_01_mir/recover-20220825/UBNA_002/20220823_033000.WAV,Telephone Field,recover-20220825,002,1795
79.3395,79.3477,27187,37284,Eptesicus serotinus,0.006,0.021,-1,Echolocation,/mnt/ubna_data_01_mir/recover-20220825/UBNA_002/20220823_033000.WAV,Telephone Field,recover-20220825,002,1795
79.3575,79.3659,26328,35017,Eptesicus serotinus,0.01,0.026,-1,Echolocation,/mnt/ubna_data_01_mir/recover-20220825/UBNA_002/20220823_033000.WAV,Telephone Field,recover-20220825,002,1795
79.35849999999999,79.3966,68437,81892,Rhinolophus ferrumequinum,0.021,0.021,-1,Echolocation,/mnt/ubna_data_01_mir/recover-20220825/UBNA_002/20220823_033000.WAV,Telephone Field,recover-20220825,002,1795
79.3785,79.4223,68437,83636,Rhinolophus ferrumequinum,0.032,0.032,-1,Echolocation,/mnt/ubna_data_01_mir/recover-20220825/UBNA_002/20220823_033000.WAV,Telephone Field,recover-20220825,002,1795
79.4055,79.4444,68437,82903,Rhinolophus ferrumequinum,0.021,0.021,-1,Echolocation,/mnt/ubna_data_01_mir/recover-20220825/UBNA_002/20220823_033000.WAV,Telephone Field,recover-20220825,002,1795
79.42150000000001,79.4612,68437,81934,Rhinolophus ferrumequinum,0.024,0.024,-1,Echolocation,/mnt/ubna_data_01_mir/recover-20220825/UBNA_002/20220823_033000.WAV,Telephone Field,recover-20220825,002,1795
79.4455,79.452,28046,43229,Eptesicus serotinus,0.007,0.028,-1,Echolocation,/mnt/ubna_data_01_mir/recover-20220825/UBNA_002/20220823_033000.WAV,Telephone Field,recover-20220825,002,1795
79.5125,79.5507,68437,82619,Rhinolophus ferrumequinum,0.02,0.02,-1,Echolocation,/mnt/ubna_data_01_mir/recover-20220825/UBNA_002/20220823_033000.WAV,Telephone Field,recover-20220825,002,1795
79.5185,79.52799999999999,28046,37175,Eptesicus serotinus,0.008,0.02,-1,Echolocation,/mnt/ubna_data_01_mir/recover-20220825/UBNA_002/20220823_033000.WAV,Telephone Field,recover-20220825,002,1795
79.5205,79.5589,68437,81785,Rhinolophus ferrumequinum,0.021,0.021,-1,Echolocation,/mnt/ubna_data_01_mir/recover-20220825/UBNA_002/20220823_033000.WAV,Telephone Field,recover-20220825,002,1795
79.5595,79.571,24609,30905,Eptesicus serotinus,0.008,0.021,-1,Echolocation,/mnt/ubna_data_01_mir/recover-20220825/UBNA_002/20220823_033000.WAV,Telephone Field,recover-20220825,002,1795
79.5815,79.6202,68437,81391,Rhinolophus ferrumequinum,0.021,0.021,-1,Echolocation,/mnt/ubna_data_01_mir/recover-20220825/UBNA_002/20220823_033000.WAV,Telephone Field,recover-20220825,002,1795
79.60849999999999,79.64789999999999,68437,81605,Rhinolophus ferrumequinum,0.023,0.023,-1,Echolocation,/mnt/ubna_data_01_mir/recover-20220825/UBNA_002/20220823_033000.WAV,Telephone Field,recover-20220825,002,1795
79.62049999999999,79.6291,23750,30675,Nyctalus leisleri,0.007,0.022,-1,Echolocation,/mnt/ubna_data_01_mir/recover-20220825/UBNA_002/20220823_033000.WAV,Telephone Field,recover-20220825,002,1795
79.6215,79.6576,68437,82228,Rhinolophus ferrumequinum,0.022,0.022,-1,Echolocation,/mnt/ubna_data_01_mir/recover-20220825/UBNA_002/20220823_033000.WAV,Telephone Field,recover-20220825,002,1795
79.6405,79.6537,22890,27632,Nyctalus leisleri,0.014,0.027,-1,Echolocation,/mnt/ubna_data_01_mir/recover-20220825/UBNA_002/20220823_033000.WAV,Telephone Field,recover-20220825,002,1795
79.6425,79.6526,38359,43160,Pipistrellus nathusii,0.01,0.022,-1,Echolocation,/mnt/ubna_data_01_mir/recover-20220825/UBNA_002/20220823_033000.WAV,Telephone Field,recover-20220825,002,1795
79.6575,79.6649,28906,38796,Eptesicus serotinus,0.008,0.027,-1,Echolocation,/mnt/ubna_data_01_mir/recover-20220825/UBNA_002/20220823_033000.WAV,Telephone Field,recover-20220825,002,1795
79.6695,79.6915,19453,22240,Nyctalus noctula,0.013,0.028,-1,Echolocation,/mnt/ubna_data_01_mir/recover-20220825/UBNA_002/20220823_033000.WAV,Telephone Field,recover-20220825,002,1795
79.6925,79.7043,23750,29474,Nyctalus leisleri,0.01,0.023,-1,Echolocation,/mnt/ubna_data_01_mir/recover-20220825/UBNA_002/20220823_033000.WAV,Telephone Field,recover-20220825,002,1795
79.6945,79.7351,68437,82673,Rhinolophus ferrumequinum,0.028,0.028,-1,Echolocation,/mnt/ubna_data_01_mir/recover-20220825/UBNA_002/20220823_033000.WAV,Telephone Field,recover-20220825,002,1795
79.7385,79.7771,68437,82239,Rhinolophus ferrumequinum,0.021,0.021,-1,Echolocation,/mnt/ubna_data_01_mir/recover-20220825/UBNA_002/20220823_033000.WAV,Telephone Field,recover-20220825,002,1795
79.73949999999999,79.7483,27187,35715,Eptesicus serotinus,0.007,0.02,-1,Echolocation,/mnt/ubna_data_01_mir/recover-20220825/UBNA_002/20220823_033000.WAV,Telephone Field,recover-20220825,002,1795
79.7475,79.7664,19453,22269,Nyctalus leisleri,0.014,0.028,-1,Echolocation,/mnt/ubna_data_01_mir/recover-20220825/UBNA_002/20220823_033000.WAV,Telephone Field,recover-20220825,002,1795
79.7625,79.7685,27187,41342,Eptesicus serotinus,0.007,0.031,-1,Echolocation,/mnt/ubna_data_01_mir/recover-20220825/UBNA_002/20220823_033000.WAV,Telephone Field,recover-20220825,002,1795
79.8015,79.811,22890,28360,Nyctalus leisleri,0.007,0.02,-1,Echolocation,/mnt/ubna_data_01_mir/recover-20220825/UBNA_002/20220823_033000.WAV,Telephone Field,recover-20220825,002,1795
79.8655,79.8762,23750,30058,Nyctalus leisleri,0.01,0.023,-1,Echolocation,/mnt/ubna_data_01_mir/recover-20220825/UBNA_002/20220823_033000.WAV,Telephone Field,recover-20220825,002,1795
79.9025,79.93860000000001,68437,81519,Rhinolophus ferrumequinum,0.021,0.021,-1,Echolocation,/mnt/ubna_data_01_mir/recover-20220825/UBNA_002/20220823_033000.WAV,Telephone Field,recover-20220825,002,1795
79.9355,79.9744,68437,82072,Rhinolophus ferrumequinum,0.021,0.021,-1,Echolocation,/mnt/ubna_data_01_mir/recover-20220825/UBNA_002/20220823_033000.WAV,Telephone Field,recover-20220825,002,1795
79.9585,79.9667,27187,38501,Eptesicus serotinus,0.007,0.021,-1,Echolocation,/mnt/ubna_data_01_mir/recover-20220825/UBNA_002/20220823_033000.WAV,Telephone Field,recover-20220825,002,1795
80.0015,80.0343,68437,79963,Rhinolophus ferrumequinum,0.029,0.03,-1,Echolocation,/mnt/ubna_data_01_mir/recover-20220825/UBNA_002/20220823_033000.WAV,Telephone Field,recover-20220825,002,1795
80.0015,80.0112,22031,28390,Nyctalus leisleri,0.012,0.03,-1,Echolocation,/mnt/ubna_data_01_mir/recover-20220825/UBNA_002/20220823_033000.WAV,Telephone Field,recover-20220825,002,1795
80.0075,80.0506,68437,81353,Rhinolophus ferrumequinum,0.023,0.023,-1,Echolocation,/mnt/ubna_data_01_mir/recover-20220825/UBNA_002/20220823_033000.WAV,Telephone Field,recover-20220825,002,1795
80.0305,80.0647,68437,81363,Rhinolophus ferrumequinum,0.021,0.022,-1,Echolocation,/mnt/ubna_data_01_mir/recover-20220825/UBNA_002/20220823_033000.WAV,Telephone Field,recover-20220825,002,1795
80.04650000000001,80.0839,68437,82397,Rhinolophus ferrumequinum,0.021,0.022,-1,Echolocation,/mnt/ubna_data_01_mir/recover-20220825/UBNA_002/20220823_033000.WAV,Telephone Field,recover-20220825,002,1795
80.0645,80.106,68437,82351,Rhinolophus ferrumequinum,0.021,0.021,-1,Echolocation,/mnt/ubna_data_01_mir/recover-20220825/UBNA_002/20220823_033000.WAV,Telephone Field,recover-20220825,002,1795
80.0745,80.1148,68437,82317,Rhinolophus ferrumequinum,0.021,0.021,-1,Echolocation,/mnt/ubna_data_01_mir/recover-20220825/UBNA_002/20220823_033000.WAV,Telephone Field,recover-20220825,002,1795
80.1015,80.1397,68437,81298,Rhinolophus ferrumequinum,0.02,0.021,-1,Echolocation,/mnt/ubna_data_01_mir/recover-20220825/UBNA_002/20220823_033000.WAV,Telephone Field,recover-20220825,002,1795
80.1075,80.1466,68437,81896,Rhinolophus ferrumequinum,0.022,0.022,-1,Echolocation,/mnt/ubna_data_01_mir/recover-20220825/UBNA_002/20220823_033000.WAV,Telephone Field,recover-20220825,002,1795
80.1175,80.1241,28906,39337,Eptesicus serotinus,0.006,0.021,-1,Echolocation,/mnt/ubna_data_01_mir/recover-20220825/UBNA_002/20220823_033000.WAV,Telephone Field,recover-20220825,002,1795
80.14150000000001,80.1528,23750,29279,Nyctalus leisleri,0.009,0.02,-1,Echolocation,/mnt/ubna_data_01_mir/recover-20220825/UBNA_002/20220823_033000.WAV,Telephone Field,recover-20220825,002,1795
80.1605,80.1988,68437,82205,Rhinolophus ferrumequinum,0.024,0.024,-1,Echolocation,/mnt/ubna_data_01_mir/recover-20220825/UBNA_002/20220823_033000.WAV,Telephone Field,recover-20220825,002,1795
80.1965,80.23740000000001,68437,81494,Rhinolophus ferrumequinum,0.023,0.023,-1,Echolocation,/mnt/ubna_data_01_mir/recover-20220825/UBNA_002/20220823_033000.WAV,Telephone Field,recover-20220825,002,1795
80.2295,80.2711,68437,82879,Rhinolophus ferrumequinum,0.025,0.025,-1,Echolocation,/mnt/ubna_data_01_mir/recover-20220825/UBNA_002/20220823_033000.WAV,Telephone Field,recover-20220825,002,1795
80.2505,80.2892,68437,82133,Rhinolophus ferrumequinum,0.023,0.023,-1,Echolocation,/mnt/ubna_data_01_mir/recover-20220825/UBNA_002/20220823_033000.WAV,Telephone Field,recover-20220825,002,1795
80.26050000000001,80.27080000000001,26328,33689,Eptesicus serotinus,0.009,0.021,-1,Echolocation,/mnt/ubna_data_01_mir/recover-20220825/UBNA_002/20220823_033000.WAV,Telephone Field,recover-20220825,002,1795
80.2875,80.2952,28046,41789,Eptesicus serotinus,0.008,0.022,-1,Echolocation,/mnt/ubna_data_01_mir/recover-20220825/UBNA_002/20220823_033000.WAV,Telephone Field,recover-20220825,002,1795
80.2895,80.3297,68437,82410,Rhinolophus ferrumequinum,0.023,0.023,-1,Echolocation,/mnt/ubna_data_01_mir/recover-20220825/UBNA_002/20220823_033000.WAV,Telephone Field,recover-20220825,002,1795
80.4255,80.4378,57265,62562,Pipistrellus pygmaeus,0.029,0.03,-1,Echolocation,/mnt/ubna_data_01_mir/recover-20220825/UBNA_002/20220823_033000.WAV,Telephone Field,recover-20220825,002,1795
80.4435,80.4556,24609,29234,Nyctalus leisleri,0.015,0.032,-1,Echolocation,/mnt/ubna_data_01_mir/recover-20220825/UBNA_002/20220823_033000.WAV,Telephone Field,recover-20220825,002,1795
80.4455,80.4832,68437,81775,Rhinolophus ferrumequinum,0.024,0.024,-1,Echolocation,/mnt/ubna_data_01_mir/recover-20220825/UBNA_002/20220823_033000.WAV,Telephone Field,recover-20220825,002,1795
80.4785,80.4882,22890,28876,Nyctalus leisleri,0.007,0.021,-1,Echolocation,/mnt/ubna_data_01_mir/recover-20220825/UBNA_002/20220823_033000.WAV,Telephone Field,recover-20220825,002,1795
80.5205,80.5591,68437,81715,Rhinolophus ferrumequinum,0.023,0.023,-1,Echolocation,/mnt/ubna_data_01_mir/recover-20220825/UBNA_002/20220823_033000.WAV,Telephone Field,recover-20220825,002,1795
80.5295,80.5692,68437,82814,Rhinolophus ferrumequinum,0.027,0.027,-1,Echolocation,/mnt/ubna_data_01_mir/recover-20220825/UBNA_002/20220823_033000.WAV,Telephone Field,recover-20220825,002,1795
80.53450000000001,80.54339999999999,28906,40226,Eptesicus serotinus,0.008,0.02,-1,Echolocation,/mnt/ubna_data_01_mir/recover-20220825/UBNA_002/20220823_033000.WAV,Telephone Field,recover-20220825,002,1795
80.5735,80.5839,22890,27689,Nyctalus leisleri,0.01,0.021,-1,Echolocation,/mnt/ubna_data_01_mir/recover-20220825/UBNA_002/20220823_033000.WAV,Telephone Field,recover-20220825,002,1795
80.5775,80.6204,68437,83159,Rhinolophus ferrumequinum,0.038,0.038,-1,Echolocation,/mnt/ubna_data_01_mir/recover-20220825/UBNA_002/20220823_033000.WAV,Telephone Field,recover-20220825,002,1795
80.6105,80.617,47812,57157,Pipistrellus pipistrellus,0.017,0.02,-1,Echolocation,/mnt/ubna_data_01_mir/recover-20220825/UBNA_002/20220823_033000.WAV,Telephone Field,recover-20220825,002,1795
80.6125,80.6494,68437,81236,Rhinolophus ferrumequinum,0.023,0.023,-1,Echolocation,/mnt/ubna_data_01_mir/recover-20220825/UBNA_002/20220823_033000.WAV,Telephone Field,recover-20220825,002,1795
80.6645,80.6752,27187,35659,Eptesicus serotinus,0.01,0.022,-1,Echolocation,/mnt/ubna_data_01_mir/recover-20220825/UBNA_002/20220823_033000.WAV,Telephone Field,recover-20220825,002,1795
80.6955,80.735,68437,82101,Rhinolophus ferrumequinum,0.024,0.024,-1,Echolocation,/mnt/ubna_data_01_mir/recover-20220825/UBNA_002/20220823_033000.WAV,Telephone Field,recover-20220825,002,1795
80.72749999999999,80.7674,68437,82459,Rhinolophus ferrumequinum,0.023,0.023,-1,Echolocation,/mnt/ubna_data_01_mir/recover-20220825/UBNA_002/20220823_033000.WAV,Telephone Field,recover-20220825,002,1795
80.74549999999999,80.762,19453,22677,Nyctalus leisleri,0.011,0.024,-1,Echolocation,/mnt/ubna_data_01_mir/recover-20220825/UBNA_002/20220823_033000.WAV,Telephone Field,recover-20220825,002,1795
80.7535,80.7909,68437,82372,Rhinolophus ferrumequinum,0.021,0.021,-1,Echolocation,/mnt/ubna_data_01_mir/recover-20220825/UBNA_002/20220823_033000.WAV,Telephone Field,recover-20220825,002,1795
80.76650000000001,80.805,68437,82213,Rhinolophus ferrumequinum,0.021,0.021,-1,Echolocation,/mnt/ubna_data_01_mir/recover-20220825/UBNA_002/20220823_033000.WAV,Telephone Field,recover-20220825,002,1795
80.7855,80.82849999999999,68437,82974,Rhinolophus ferrumequinum,0.029,0.029,-1,Echolocation,/mnt/ubna_data_01_mir/recover-20220825/UBNA_002/20220823_033000.WAV,Telephone Field,recover-20220825,002,1795
80.7915,80.7983,24609,33879,Plecotus auritus,0.013,0.036,-1,Echolocation,/mnt/ubna_data_01_mir/recover-20220825/UBNA_002/20220823_033000.WAV,Telephone Field,recover-20220825,002,1795
80.8075,80.8458,68437,82544,Rhinolophus ferrumequinum,0.023,0.023,-1,Echolocation,/mnt/ubna_data_01_mir/recover-20220825/UBNA_002/20220823_033000.WAV,Telephone Field,recover-20220825,002,1795
80.8395,80.88,68437,82163,Rhinolophus ferrumequinum,0.023,0.023,-1,Echolocation,/mnt/ubna_data_01_mir/recover-20220825/UBNA_002/20220823_033000.WAV,Telephone Field,recover-20220825,002,1795
80.8395,80.8467,27187,40140,Eptesicus serotinus,0.006,0.021,-1,Echolocation,/mnt/ubna_data_01_mir/recover-20220825/UBNA_002/20220823_033000.WAV,Telephone Field,recover-20220825,002,1795
80.8445,80.8843,68437,82304,Rhinolophus ferrumequinum,0.022,0.022,-1,Echolocation,/mnt/ubna_data_01_mir/recover-20220825/UBNA_002/20220823_033000.WAV,Telephone Field,recover-20220825,002,1795
80.8505,80.8885,68437,81655,Rhinolophus ferrumequinum,0.021,0.021,-1,Echolocation,/mnt/ubna_data_01_mir/recover-20220825/UBNA_002/20220823_033000.WAV,Telephone Field,recover-20220825,002,1795
80.87049999999999,80.913,68437,82683,Rhinolophus ferrumequinum,0.026,0.026,-1,Echolocation,/mnt/ubna_data_01_mir/recover-20220825/UBNA_002/20220823_033000.WAV,Telephone Field,recover-20220825,002,1795
80.8935,80.9284,68437,82260,Rhinolophus ferrumequinum,0.022,0.022,-1,Echolocation,/mnt/ubna_data_01_mir/recover-20220825/UBNA_002/20220823_033000.WAV,Telephone Field,recover-20220825,002,1795
80.9015,80.9101,48671,52455,Pipistrellus pipistrellus,0.02,0.022,-1,Echolocation,/mnt/ubna_data_01_mir/recover-20220825/UBNA_002/20220823_033000.WAV,Telephone Field,recover-20220825,002,1795
80.9395,80.9475,49531,59001,Pipistrellus pipistrellus,0.015,0.022,-1,Echolocation,/mnt/ubna_data_01_mir/recover-20220825/UBNA_002/20220823_033000.WAV,Telephone Field,recover-20220825,002,1795
80.95949999999999,80.9979,68437,81718,Rhinolophus ferrumequinum,0.022,0.022,-1,Echolocation,/mnt/ubna_data_01_mir/recover-20220825/UBNA_002/20220823_033000.WAV,Telephone Field,recover-20220825,002,1795
80.9825,80.9892,28906,41506,Eptesicus serotinus,0.006,0.024,-1,Echolocation,/mnt/ubna_data_01_mir/recover-20220825/UBNA_002/20220823_033000.WAV,Telephone Field,recover-20220825,002,1795
80.9905,81.0265,68437,81472,Rhinolophus ferrumequinum,0.022,0.022,-1,Echolocation,/mnt/ubna_data_01_mir/recover-20220825/UBNA_002/20220823_033000.WAV,Telephone Field,recover-20220825,002,1795
81.0035,81.0234,19453,22313,Nyctalus leisleri,0.012,0.022,-1,Echolocation,/mnt/ubna_data_01_mir/recover-20220825/UBNA_002/20220823_033000.WAV,Telephone Field,recover-20220825,002,1795
81.0055,81.0446,68437,81773,Rhinolophus ferrumequinum,0.021,0.021,-1,Echolocation,/mnt/ubna_data_01_mir/recover-20220825/UBNA_002/20220823_033000.WAV,Telephone Field,recover-20220825,002,1795
81.0485,81.08330000000001,68437,81386,Rhinolophus ferrumequinum,0.021,0.021,-1,Echolocation,/mnt/ubna_data_01_mir/recover-20220825/UBNA_002/20220823_033000.WAV,Telephone Field,recover-20220825,002,1795
81.0745,81.1103,68437,81710,Rhinolophus ferrumequinum,0.021,0.021,-1,Echolocation,/mnt/ubna_data_01_mir/recover-20220825/UBNA_002/20220823_033000.WAV,Telephone Field,recover-20220825,002,1795
81.0935,81.1289,68437,80417,Rhinolophus ferrumequinum,0.029,0.029,-1,Echolocation,/mnt/ubna_data_01_mir/recover-20220825/UBNA_002/20220823_033000.WAV,Telephone Field,recover-20220825,002,1795
81.1335,81.1409,23750,31960,Plecotus austriacus,0.012,0.027,-1,Echolocation,/mnt/ubna_data_01_mir/recover-20220825/UBNA_002/20220823_033000.WAV,Telephone Field,recover-20220825,002,1795
81.14150000000001,81.178,68437,82126,Rhinolophus ferrumequinum,0.028,0.028,-1,Echolocation,/mnt/ubna_data_01_mir/recover-20220825/UBNA_002/20220823_033000.WAV,Telephone Field,recover-20220825,002,1795
81.1645,81.20349999999999,68437,81847,Rhinolophus ferrumequinum,0.021,0.021,-1,Echolocation,/mnt/ubna_data_01_mir/recover-20220825/UBNA_002/20220823_033000.WAV,Telephone Field,recover-20220825,002,1795
81.1695,81.20570000000001,68437,82033,Rhinolophus ferrumequinum,0.021,0.021,-1,Echolocation,/mnt/ubna_data_01_mir/recover-20220825/UBNA_002/20220823_033000.WAV,Telephone Field,recover-20220825,002,1795
81.1885,81.2295,68437,82410,Rhinolophus ferrumequinum,0.023,0.023,-1,Echolocation,/mnt/ubna_data_01_mir/recover-20220825/UBNA_002/20220823_033000.WAV,Telephone Field,recover-20220825,002,1795
81.1905,81.2026,24609,31684,Eptesicus serotinus,0.012,0.029,-1,Echolocation,/mnt/ubna_data_01_mir/recover-20220825/UBNA_002/20220823_033000.WAV,Telephone Field,recover-20220825,002,1795
81.20349999999999,81.2109,26328,35726,Eptesicus serotinus,0.012,0.036,-1,Echolocation,/mnt/ubna_data_01_mir/recover-20220825/UBNA_002/20220823_033000.WAV,Telephone Field,recover-20220825,002,1795
81.2405,81.2774,68437,81593,Rhinolophus ferrumequinum,0.02,0.02,-1,Echolocation,/mnt/ubna_data_01_mir/recover-20220825/UBNA_002/20220823_033000.WAV,Telephone Field,recover-20220825,002,1795
81.2515,81.262,14296,19812,Nyctalus noctula,0.014,0.026,-1,Echolocation,/mnt/ubna_data_01_mir/recover-20220825/UBNA_002/20220823_033000.WAV,Telephone Field,recover-20220825,002,1795
81.2565,81.2945,68437,82031,Rhinolophus ferrumequinum,0.02,0.02,-1,Echolocation,/mnt/ubna_data_01_mir/recover-20220825/UBNA_002/20220823_033000.WAV,Telephone Field,recover-20220825,002,1795
81.2865,81.295,28046,39666,Eptesicus serotinus,0.008,0.021,-1,Echolocation,/mnt/ubna_data_01_mir/recover-20220825/UBNA_002/20220823_033000.WAV,Telephone Field,recover-20220825,002,1795
81.2955,81.3055,23750,29922,Nyctalus leisleri,0.01,0.024,-1,Echolocation,/mnt/ubna_data_01_mir/recover-20220825/UBNA_002/20220823_033000.WAV,Telephone Field,recover-20220825,002,1795
81.3245,81.3656,68437,82564,Rhinolophus ferrumequinum,0.025,0.025,-1,Echolocation,/mnt/ubna_data_01_mir/recover-20220825/UBNA_002/20220823_033000.WAV,Telephone Field,recover-20220825,002,1795
81.3655,81.40520000000001,68437,81869,Rhinolophus ferrumequinum,0.022,0.022,-1,Echolocation,/mnt/ubna_data_01_mir/recover-20220825/UBNA_002/20220823_033000.WAV,Telephone Field,recover-20220825,002,1795
81.3695,81.3769,49531,54250,Pipistrellus pipistrellus,0.022,0.025,-1,Echolocation,/mnt/ubna_data_01_mir/recover-20220825/UBNA_002/20220823_033000.WAV,Telephone Field,recover-20220825,002,1795
81.3875,81.4256,68437,81273,Rhinolophus ferrumequinum,0.033,0.033,-1,Echolocation,/mnt/ubna_data_01_mir/recover-20220825/UBNA_002/20220823_033000.WAV,Telephone Field,recover-20220825,002,1795
81.4205,81.459,68437,82147,Rhinolophus ferrumequinum,0.024,0.024,-1,Echolocation,/mnt/ubna_data_01_mir/recover-20220825/UBNA_002/20220823_033000.WAV,Telephone Field,recover-20220825,002,1795
81.4265,81.4652,68437,82300,Rhinolophus ferrumequinum,0.024,0.024,-1,Echolocation,/mnt/ubna_data_01_mir/recover-20220825/UBNA_002/20220823_033000.WAV,Telephone Field,recover-20220825,002,1795
81.4635,81.471,28046,39626,Eptesicus serotinus,0.007,0.022,-1,Echolocation,/mnt/ubna_data_01_mir/recover-20220825/UBNA_002/20220823_033000.WAV,Telephone Field,recover-20220825,002,1795
81.47149999999999,81.5087,68437,81785,Rhinolophus ferrumequinum,0.023,0.023,-1,Echolocation,/mnt/ubna_data_01_mir/recover-20220825/UBNA_002/20220823_033000.WAV,Telephone Field,recover-20220825,002,1795
81.5115,81.5491,68437,82060,Rhinolophus ferrumequinum,0.023,0.023,-1,Echolocation,/mnt/ubna_data_01_mir/recover-20220825/UBNA_002/20220823_033000.WAV,Telephone Field,recover-20220825,002,1795
81.54050000000001,81.5802,68437,81984,Rhinolophus ferrumequinum,0.023,0.023,-1,Echolocation,/mnt/ubna_data_01_mir/recover-20220825/UBNA_002/20220823_033000.WAV,Telephone Field,recover-20220825,002,1795
81.5585,81.5958,68437,82133,Rhinolophus ferrumequinum,0.022,0.022,-1,Echolocation,/mnt/ubna_data_01_mir/recover-20220825/UBNA_002/20220823_033000.WAV,Telephone Field,recover-20220825,002,1795
81.6075,81.6447,68437,81425,Rhinolophus ferrumequinum,0.02,0.02,-1,Echolocation,/mnt/ubna_data_01_mir/recover-20220825/UBNA_002/20220823_033000.WAV,Telephone Field,recover-20220825,002,1795
81.6135,81.6489,68437,81663,Rhinolophus ferrumequinum,0.02,0.02,-1,Echolocation,/mnt/ubna_data_01_mir/recover-20220825/UBNA_002/20220823_033000.WAV,Telephone Field,recover-20220825,002,1795
81.6435,81.65299999999999,28906,37681,Eptesicus serotinus,0.014,0.029,-1,Echolocation,/mnt/ubna_data_01_mir/recover-20220825/UBNA_002/20220823_033000.WAV,Telephone Field,recover-20220825,002,1795
81.65350000000001,81.6914,68437,81993,Rhinolophus ferrumequinum,0.02,0.02,-1,Echolocation,/mnt/ubna_data_01_mir/recover-20220825/UBNA_002/20220823_033000.WAV,Telephone Field,recover-20220825,002,1795
81.6565,81.6654,15156,24086,Plecotus auritus,0.019,0.047,-1,Echolocation,/mnt/ubna_data_01_mir/recover-20220825/UBNA_002/20220823_033000.WAV,Telephone Field,recover-20220825,002,1795
81.6795,81.71979999999999,68437,82793,Rhinolophus ferrumequinum,0.022,0.022,-1,Echolocation,/mnt/ubna_data_01_mir/recover-20220825/UBNA_002/20220823_033000.WAV,Telephone Field,recover-20220825,002,1795
81.6855,81.725,68437,82144,Rhinolophus ferrumequinum,0.023,0.023,-1,Echolocation,/mnt/ubna_data_01_mir/recover-20220825/UBNA_002/20220823_033000.WAV,Telephone Field,recover-20220825,002,1795
81.6885,81.6986,28046,35443,Eptesicus serotinus,0.009,0.02,-1,Echolocation,/mnt/ubna_data_01_mir/recover-20220825/UBNA_002/20220823_033000.WAV,Telephone Field,recover-20220825,002,1795
81.7085,81.71549999999999,26328,36558,Eptesicus serotinus,0.007,0.028,-1,Echolocation,/mnt/ubna_data_01_mir/recover-20220825/UBNA_002/20220823_033000.WAV,Telephone Field,recover-20220825,002,1795
81.7195,81.7543,68437,81050,Rhinolophus ferrumequinum,0.021,0.021,-1,Echolocation,/mnt/ubna_data_01_mir/recover-20220825/UBNA_002/20220823_033000.WAV,Telephone Field,recover-20220825,002,1795
81.73949999999999,81.7767,68437,82199,Rhinolophus ferrumequinum,0.022,0.022,-1,Echolocation,/mnt/ubna_data_01_mir/recover-20220825/UBNA_002/20220823_033000.WAV,Telephone Field,recover-20220825,002,1795
81.75450000000001,81.7717,23750,29460,Eptesicus serotinus,0.041,0.114,-1,Echolocation,/mnt/ubna_data_01_mir/recover-20220825/UBNA_002/20220823_033000.WAV,Telephone Field,recover-20220825,002,1795
81.76650000000001,81.8043,68437,81947,Rhinolophus ferrumequinum,0.022,0.022,-1,Echolocation,/mnt/ubna_data_01_mir/recover-20220825/UBNA_002/20220823_033000.WAV,Telephone Field,recover-20220825,002,1795
81.7675,81.7762,44375,51758,Pipistrellus pipistrellus,0.016,0.02,-1,Echolocation,/mnt/ubna_data_01_mir/recover-20220825/UBNA_002/20220823_033000.WAV,Telephone Field,recover-20220825,002,1795
81.7975,81.8419,68437,83728,Rhinolophus ferrumequinum,0.042,0.042,-1,Echolocation,/mnt/ubna_data_01_mir/recover-20220825/UBNA_002/20220823_033000.WAV,Telephone Field,recover-20220825,002,1795
81.84049999999999,81.8502,28046,36776,Eptesicus serotinus,0.009,0.021,-1,Echolocation,/mnt/ubna_data_01_mir/recover-20220825/UBNA_002/20220823_033000.WAV,Telephone Field,recover-20220825,002,1795
81.8575,81.8946,68437,81383,Rhinolophus ferrumequinum,0.022,0.022,-1,Echolocation,/mnt/ubna_data_01_mir/recover-20220825/UBNA_002/20220823_033000.WAV,Telephone Field,recover-20220825,002,1795
81.8765,81.9136,68437,81162,Rhinolophus ferrumequinum,0.02,0.02,-1,Echolocation,/mnt/ubna_data_01_mir/recover-20220825/UBNA_002/20220823_033000.WAV,Telephone Field,recover-20220825,002,1795
81.8775,81.8856,22890,29960,Plecotus austriacus,0.009,0.02,-1,Echolocation,/mnt/ubna_data_01_mir/recover-20220825/UBNA_002/20220823_033000.WAV,Telephone Field,recover-20220825,002,1795
81.8825,81.92150000000001,68437,82254,Rhinolophus ferrumequinum,0.023,0.023,-1,Echolocation,/mnt/ubna_data_01_mir/recover-20220825/UBNA_002/20220823_033000.WAV,Telephone Field,recover-20220825,002,1795
81.9005,81.9374,68437,82061,Rhinolophus ferrumequinum,0.02,0.02,-1,Echolocation,/mnt/ubna_data_01_mir/recover-20220825/UBNA_002/20220823_033000.WAV,Telephone Field,recover-20220825,002,1795
81.9325,81.971,68437,82135,Rhinolophus ferrumequinum,0.02,0.02,-1,Echolocation,/mnt/ubna_data_01_mir/recover-20220825/UBNA_002/20220823_033000.WAV,Telephone Field,recover-20220825,002,1795
81.9505,81.991,68437,82254,Rhinolophus ferrumequinum,0.024,0.024,-1,Echolocation,/mnt/ubna_data_01_mir/recover-20220825/UBNA_002/20220823_033000.WAV,Telephone Field,recover-20220825,002,1795
81.9875,81.9975,22031,27690,Nyctalus leisleri,0.008,0.021,-1,Echolocation,/mnt/ubna_data_01_mir/recover-20220825/UBNA_002/20220823_033000.WAV,Telephone Field,recover-20220825,002,1795
82.0015,82.0321,68437,80424,Rhinolophus ferrumequinum,0.052,0.053,-1,Echolocation,/mnt/ubna_data_01_mir/recover-20220825/UBNA_002/20220823_033000.WAV,Telephone Field,recover-20220825,002,1795
82.0015,82.00880000000001,25468,37531,Nyctalus leisleri,0.007,0.033,-1,Echolocation,/mnt/ubna_data_01_mir/recover-20220825/UBNA_002/20220823_033000.WAV,Telephone Field,recover-20220825,002,1795
82.0015,82.0095,44375,50119,Pipistrellus pipistrellus,0.02,0.026,-1,Echolocation,/mnt/ubna_data_01_mir/recover-20220825/UBNA_002/20220823_033000.WAV,Telephone Field,recover-20220825,002,1795
82.0235,82.0341,28046,35982,Eptesicus serotinus,0.019,0.034,-1,Echolocation,/mnt/ubna_data_01_mir/recover-20220825/UBNA_002/20220823_033000.WAV,Telephone Field,recover-20220825,002,1795
82.0335,82.0427,41796,50356,Pipistrellus pipistrellus,0.014,0.023,-1,Echolocation,/mnt/ubna_data_01_mir/recover-20220825/UBNA_002/20220823_033000.WAV,Telephone Field,recover-20220825,002,1795
82.0565,82.0978,68437,83071,Rhinolophus ferrumequinum,0.029,0.029,-1,Echolocation,/mnt/ubna_data_01_mir/recover-20220825/UBNA_002/20220823_033000.WAV,Telephone Field,recover-20220825,002,1795
82.0955,82.13210000000001,68437,81186,Rhinolophus ferrumequinum,0.021,0.021,-1,Echolocation,/mnt/ubna_data_01_mir/recover-20220825/UBNA_002/20220823_033000.WAV,Telephone Field,recover-20220825,002,1795
82.1115,82.1188,26328,40237,Eptesicus serotinus,0.006,0.025,-1,Echolocation,/mnt/ubna_data_01_mir/recover-20220825/UBNA_002/20220823_033000.WAV,Telephone Field,recover-20220825,002,1795
82.1185,82.129,22890,28041,Nyctalus leisleri,0.011,0.025,-1,Echolocation,/mnt/ubna_data_01_mir/recover-20220825/UBNA_002/20220823_033000.WAV,Telephone Field,recover-20220825,002,1795
82.1235,82.1592,68437,80341,Rhinolophus ferrumequinum,0.021,0.021,-1,Echolocation,/mnt/ubna_data_01_mir/recover-20220825/UBNA_002/20220823_033000.WAV,Telephone Field,recover-20220825,002,1795
82.1375,82.14699999999999,28046,36818,Eptesicus serotinus,0.009,0.022,-1,Echolocation,/mnt/ubna_data_01_mir/recover-20220825/UBNA_002/20220823_033000.WAV,Telephone Field,recover-20220825,002,1795
82.1505,82.16669999999999,20312,24477,Nyctalus leisleri,0.011,0.023,-1,Echolocation,/mnt/ubna_data_01_mir/recover-20220825/UBNA_002/20220823_033000.WAV,Telephone Field,recover-20220825,002,1795
82.1675,82.2088,68437,82861,Rhinolophus ferrumequinum,0.026,0.026,-1,Echolocation,/mnt/ubna_data_01_mir/recover-20220825/UBNA_002/20220823_033000.WAV,Telephone Field,recover-20220825,002,1795
82.1695,82.1772,28906,41181,Eptesicus serotinus,0.007,0.022,-1,Echolocation,/mnt/ubna_data_01_mir/recover-20220825/UBNA_002/20220823_033000.WAV,Telephone Field,recover-20220825,002,1795
82.2135,82.2539,68437,82594,Rhinolophus ferrumequinum,0.021,0.021,-1,Echolocation,/mnt/ubna_data_01_mir/recover-20220825/UBNA_002/20220823_033000.WAV,Telephone Field,recover-20220825,002,1795
82.21549999999999,82.2262,22031,26889,Nyctalus leisleri,0.011,0.026,-1,Echolocation,/mnt/ubna_data_01_mir/recover-20220825/UBNA_002/20220823_033000.WAV,Telephone Field,recover-20220825,002,1795
82.2325,82.2717,68437,82057,Rhinolophus ferrumequinum,0.021,0.021,-1,Echolocation,/mnt/ubna_data_01_mir/recover-20220825/UBNA_002/20220823_033000.WAV,Telephone Field,recover-20220825,002,1795
82.2425,82.2492,48671,53198,Pipistrellus pipistrellus,0.02,0.022,-1,Echolocation,/mnt/ubna_data_01_mir/recover-20220825/UBNA_002/20220823_033000.WAV,Telephone Field,recover-20220825,002,1795
82.2565,82.2949,68437,81784,Rhinolophus ferrumequinum,0.026,0.026,-1,Echolocation,/mnt/ubna_data_01_mir/recover-20220825/UBNA_002/20220823_033000.WAV,Telephone Field,recover-20220825,002,1795
82.2765,82.2852,45234,54655,Pipistrellus pipistrellus,0.014,0.024,-1,Echolocation,/mnt/ubna_data_01_mir/recover-20220825/UBNA_002/20220823_033000.WAV,Telephone Field,recover-20220825,002,1795
82.2805,82.2893,55546,61628,Pipistrellus pygmaeus,0.023,0.025,-1,Echolocation,/mnt/ubna_data_01_mir/recover-20220825/UBNA_002/20220823_033000.WAV,Telephone Field,recover-20220825,002,1795
82.3025,82.3133,48671,55973,Pipistrellus pipistrellus,0.029,0.035,-1,Echolocation,/mnt/ubna_data_01_mir/recover-20220825/UBNA_002/20220823_033000.WAV,Telephone Field,recover-20220825,002,1795
82.3045,82.3438,68437,81920,Rhinolophus ferrumequinum,0.029,0.029,-1,Echolocation,/mnt/ubna_data_01_mir/recover-20220825/UBNA_002/20220823_033000.WAV,Telephone Field,recover-20220825,002,1795
82.3075,82.3181,22890,28519,Nyctalus leisleri,0.011,0.026,-1,Echolocation,/mnt/ubna_data_01_mir/recover-20220825/UBNA_002/20220823_033000.WAV,Telephone Field,recover-20220825,002,1795
82.3415,82.3819,68437,83213,Rhinolophus ferrumequinum,0.034,0.034,-1,Echolocation,/mnt/ubna_data_01_mir/recover-20220825/UBNA_002/20220823_033000.WAV,Telephone Field,recover-20220825,002,1795
82.3435,82.3494,26328,43329,Plecotus auritus,0.014,0.046,-1,Echolocation,/mnt/ubna_data_01_mir/recover-20220825/UBNA_002/20220823_033000.WAV,Telephone Field,recover-20220825,002,1795
82.3435,82.34870000000001,34921,44996,Barbastellus barbastellus,0.007,0.026,-1,Echolocation,/mnt/ubna_data_01_mir/recover-20220825/UBNA_002/20220823_033000.WAV,Telephone Field,recover-20220825,002,1795
82.3595,82.3663,26328,40316,Eptesicus serotinus,0.005,0.022,-1,Echolocation,/mnt/ubna_data_01_mir/recover-20220825/UBNA_002/20220823_033000.WAV,Telephone Field,recover-20220825,002,1795
82.3805,82.4141,68437,81222,Rhinolophus ferrumequinum,0.025,0.025,-1,Echolocation,/mnt/ubna_data_01_mir/recover-20220825/UBNA_002/20220823_033000.WAV,Telephone Field,recover-20220825,002,1795
82.3925,82.4323,68437,81433,Rhinolophus ferrumequinum,0.029,0.029,-1,Echolocation,/mnt/ubna_data_01_mir/recover-20220825/UBNA_002/20220823_033000.WAV,Telephone Field,recover-20220825,002,1795
82.4125,82.45660000000001,68437,83232,Rhinolophus ferrumequinum,0.037,0.037,-1,Echolocation,/mnt/ubna_data_01_mir/recover-20220825/UBNA_002/20220823_033000.WAV,Telephone Field,recover-20220825,002,1795
82.4465,82.4914,68437,83242,Rhinolophus ferrumequinum,0.044,0.044,-1,Echolocation,/mnt/ubna_data_01_mir/recover-20220825/UBNA_002/20220823_033000.WAV,Telephone Field,recover-20220825,002,1795
82.4795,82.5136,68437,81133,Rhinolophus ferrumequinum,0.022,0.022,-1,Echolocation,/mnt/ubna_data_01_mir/recover-20220825/UBNA_002/20220823_033000.WAV,Telephone Field,recover-20220825,002,1795
82.5185,82.5267,28046,39155,Eptesicus serotinus,0.008,0.022,-1,Echolocation,/mnt/ubna_data_01_mir/recover-20220825/UBNA_002/20220823_033000.WAV,Telephone Field,recover-20220825,002,1795
82.5325,82.5683,68437,82016,Rhinolophus ferrumequinum,0.022,0.022,-1,Echolocation,/mnt/ubna_data_01_mir/recover-20220825/UBNA_002/20220823_033000.WAV,Telephone Field,recover-20220825,002,1795
82.5545,82.5935,68437,81990,Rhinolophus ferrumequinum,0.022,0.022,-1,Echolocation,/mnt/ubna_data_01_mir/recover-20220825/UBNA_002/20220823_033000.WAV,Telephone Field,recover-20220825,002,1795
82.5805,82.6175,68437,82729,Rhinolophus ferrumequinum,0.024,0.024,-1,Echolocation,/mnt/ubna_data_01_mir/recover-20220825/UBNA_002/20220823_033000.WAV,Telephone Field,recover-20220825,002,1795
82.5805,82.5901,47812,51668,Pipistrellus pipistrellus,0.033,0.037,-1,Echolocation,/mnt/ubna_data_01_mir/recover-20220825/UBNA_002/20220823_033000.WAV,Telephone Field,recover-20220825,002,1795
82.5915,82.5996,28906,39826,Eptesicus serotinus,0.007,0.022,-1,Echolocation,/mnt/ubna_data_01_mir/recover-20220825/UBNA_002/20220823_033000.WAV,Telephone Field,recover-20220825,002,1795
82.5935,82.60079999999999,22890,31350,Plecotus austriacus,0.015,0.028,-1,Echolocation,/mnt/ubna_data_01_mir/recover-20220825/UBNA_002/20220823_033000.WAV,Telephone Field,recover-20220825,002,1795
82.6275,82.6644,68437,80830,Rhinolophus ferrumequinum,0.023,0.024,-1,Echolocation,/mnt/ubna_data_01_mir/recover-20220825/UBNA_002/20220823_033000.WAV,Telephone Field,recover-20220825,002,1795
82.6695,82.7094,68437,82506,Rhinolophus ferrumequinum,0.033,0.033,-1,Echolocation,/mnt/ubna_data_01_mir/recover-20220825/UBNA_002/20220823_033000.WAV,Telephone Field,recover-20220825,002,1795
82.7225,82.7573,68437,81564,Rhinolophus ferrumequinum,0.022,0.022,-1,Echolocation,/mnt/ubna_data_01_mir/recover-20220825/UBNA_002/20220823_033000.WAV,Telephone Field,recover-20220825,002,1795
82.76650000000001,82.8078,68437,82530,Rhinolophus ferrumequinum,0.028,0.028,-1,Echolocation,/mnt/ubna_data_01_mir/recover-20220825/UBNA_002/20220823_033000.WAV,Telephone Field,recover-20220825,002,1795
82.7915,82.83279999999999,68437,81892,Rhinolophus ferrumequinum,0.023,0.023,-1,Echolocation,/mnt/ubna_data_01_mir/recover-20220825/UBNA_002/20220823_033000.WAV,Telephone Field,recover-20220825,002,1795
82.8215,82.8618,68437,83062,Rhinolophus ferrumequinum,0.021,0.021,-1,Echolocation,/mnt/ubna_data_01_mir/recover-20220825/UBNA_002/20220823_033000.WAV,Telephone Field,recover-20220825,002,1795
82.8675,82.9032,68437,81782,Rhinolophus ferrumequinum,0.023,0.023,-1,Echolocation,/mnt/ubna_data_01_mir/recover-20220825/UBNA_002/20220823_033000.WAV,Telephone Field,recover-20220825,002,1795
82.8725,82.8789,28906,39891,Eptesicus serotinus,0.006,0.024,-1,Echolocation,/mnt/ubna_data_01_mir/recover-20220825/UBNA_002/20220823_033000.WAV,Telephone Field,recover-20220825,002,1795
82.8805,82.919,68437,82127,Rhinolophus ferrumequinum,0.022,0.022,-1,Echolocation,/mnt/ubna_data_01_mir/recover-20220825/UBNA_002/20220823_033000.WAV,Telephone Field,recover-20220825,002,1795
82.8955,82.9382,68437,82657,Rhinolophus ferrumequinum,0.052,0.052,-1,Echolocation,/mnt/ubna_data_01_mir/recover-20220825/UBNA_002/20220823_033000.WAV,Telephone Field,recover-20220825,002,1795
82.9175,82.9613,68437,82871,Rhinolophus ferrumequinum,0.028,0.028,-1,Echolocation,/mnt/ubna_data_01_mir/recover-20220825/UBNA_002/20220823_033000.WAV,Telephone Field,recover-20220825,002,1795
82.9325,82.97370000000001,68437,82285,Rhinolophus ferrumequinum,0.027,0.027,-1,Echolocation,/mnt/ubna_data_01_mir/recover-20220825/UBNA_002/20220823_033000.WAV,Telephone Field,recover-20220825,002,1795
82.97149999999999,83.0121,68437,82290,Rhinolophus ferrumequinum,0.022,0.022,-1,Echolocation,/mnt/ubna_data_01_mir/recover-20220825/UBNA_002/20220823_033000.WAV,Telephone Field,recover-20220825,002,1795
82.97749999999999,83.01910000000001,68437,82483,Rhinolophus ferrumequinum,0.022,0.022,-1,Echolocation,/mnt/ubna_data_01_mir/recover-20220825/UBNA_002/20220823_033000.WAV,Telephone Field,recover-20220825,002,1795
82.9785,82.9876,26328,34607,Eptesicus serotinus,0.008,0.021,-1,Echolocation,/mnt/ubna_data_01_mir/recover-20220825/UBNA_002/20220823_033000.WAV,Telephone Field,recover-20220825,002,1795
82.9985,83.0399,68437,82798,Rhinolophus ferrumequinum,0.024,0.024,-1,Echolocation,/mnt/ubna_data_01_mir/recover-20220825/UBNA_002/20220823_033000.WAV,Telephone Field,recover-20220825,002,1795
83.0075,83.01480000000001,26328,36192,Eptesicus serotinus,0.007,0.022,-1,Echolocation,/mnt/ubna_data_01_mir/recover-20220825/UBNA_002/20220823_033000.WAV,Telephone Field,recover-20220825,002,1795
83.0205,83.0609,68437,81693,Rhinolophus ferrumequinum,0.023,0.023,-1,Echolocation,/mnt/ubna_data_01_mir/recover-20220825/UBNA_002/20220823_033000.WAV,Telephone Field,recover-20220825,002,1795
83.0655,83.1051,68437,81840,Rhinolophus ferrumequinum,0.023,0.023,-1,Echolocation,/mnt/ubna_data_01_mir/recover-20220825/UBNA_002/20220823_033000.WAV,Telephone Field,recover-20220825,002,1795
83.10249999999999,83.1174,21171,24339,Nyctalus leisleri,0.022,0.039,-1,Echolocation,/mnt/ubna_data_01_mir/recover-20220825/UBNA_002/20220823_033000.WAV,Telephone Field,recover-20220825,002,1795
83.13550000000001,83.1762,68437,83028,Rhinolophus ferrumequinum,0.027,0.027,-1,Echolocation,/mnt/ubna_data_01_mir/recover-20220825/UBNA_002/20220823_033000.WAV,Telephone Field,recover-20220825,002,1795
83.1365,83.1437,24609,33109,Plecotus austriacus,0.008,0.021,-1,Echolocation,/mnt/ubna_data_01_mir/recover-20220825/UBNA_002/20220823_033000.WAV,Telephone Field,recover-20220825,002,1795
83.1635,83.2015,68437,81437,Rhinolophus ferrumequinum,0.022,0.022,-1,Echolocation,/mnt/ubna_data_01_mir/recover-20220825/UBNA_002/20220823_033000.WAV,Telephone Field,recover-20220825,002,1795
83.1875,83.2224,68437,81468,Rhinolophus ferrumequinum,0.029,0.029,-1,Echolocation,/mnt/ubna_data_01_mir/recover-20220825/UBNA_002/20220823_033000.WAV,Telephone Field,recover-20220825,002,1795
83.2305,83.2655,68437,80690,Rhinolophus ferrumequinum,0.022,0.022,-1,Echolocation,/mnt/ubna_data_01_mir/recover-20220825/UBNA_002/20220823_033000.WAV,Telephone Field,recover-20220825,002,1795
83.2515,83.2603,23750,31183,Plecotus austriacus,0.007,0.023,-1,Echolocation,/mnt/ubna_data_01_mir/recover-20220825/UBNA_002/20220823_033000.WAV,Telephone Field,recover-20220825,002,1795
83.2535,83.2957,68437,82984,Rhinolophus ferrumequinum,0.027,0.028,-1,Echolocation,/mnt/ubna_data_01_mir/recover-20220825/UBNA_002/20220823_033000.WAV,Telephone Field,recover-20220825,002,1795
83.2585,83.2661,47812,52151,Pipistrellus pipistrellus,0.037,0.04,-1,Echolocation,/mnt/ubna_data_01_mir/recover-20220825/UBNA_002/20220823_033000.WAV,Telephone Field,recover-20220825,002,1795
83.2755,83.3148,68437,82180,Rhinolophus ferrumequinum,0.021,0.021,-1,Echolocation,/mnt/ubna_data_01_mir/recover-20220825/UBNA_002/20220823_033000.WAV,Telephone Field,recover-20220825,002,1795
83.2795,83.2899,22031,27502,Nyctalus leisleri,0.009,0.023,-1,Echolocation,/mnt/ubna_data_01_mir/recover-20220825/UBNA_002/20220823_033000.WAV,Telephone Field,recover-20220825,002,1795
83.2945,83.333,68437,82456,Rhinolophus ferrumequinum,0.021,0.021,-1,Echolocation,/mnt/ubna_data_01_mir/recover-20220825/UBNA_002/20220823_033000.WAV,Telephone Field,recover-20220825,002,1795
83.3025,83.3426,68437,81630,Rhinolophus ferrumequinum,0.023,0.023,-1,Echolocation,/mnt/ubna_data_01_mir/recover-20220825/UBNA_002/20220823_033000.WAV,Telephone Field,recover-20220825,002,1795
83.3145,83.3555,68437,82189,Rhinolophus ferrumequinum,0.023,0.023,-1,Echolocation,/mnt/ubna_data_01_mir/recover-20220825/UBNA_002/20220823_033000.WAV,Telephone Field,recover-20220825,002,1795
83.32849999999999,83.3404,15156,21324,Nyctalus noctula,0.013,0.022,-1,Echolocation,/mnt/ubna_data_01_mir/recover-20220825/UBNA_002/20220823_033000.WAV,Telephone Field,recover-20220825,002,1795
83.3475,83.3892,68437,82739,Rhinolophus ferrumequinum,0.024,0.024,-1,Echolocation,/mnt/ubna_data_01_mir/recover-20220825/UBNA_002/20220823_033000.WAV,Telephone Field,recover-20220825,002,1795
83.35849999999999,83.36580000000001,27187,40420,Eptesicus serotinus,0.007,0.021,-1,Echolocation,/mnt/ubna_data_01_mir/recover-20220825/UBNA_002/20220823_033000.WAV,Telephone Field,recover-20220825,002,1795
83.4055,83.416,23750,30014,Nyctalus leisleri,0.011,0.029,-1,Echolocation,/mnt/ubna_data_01_mir/recover-20220825/UBNA_002/20220823_033000.WAV,Telephone Field,recover-20220825,002,1795
83.4195,83.4584,68437,82078,Rhinolophus ferrumequinum,0.022,0.022,-1,Echolocation,/mnt/ubna_data_01_mir/recover-20220825/UBNA_002/20220823_033000.WAV,Telephone Field,recover-20220825,002,1795
83.4225,83.4355,50390,55131,Pipistrellus pipistrellus,0.048,0.064,-1,Echolocation,/mnt/ubna_data_01_mir/recover-20220825/UBNA_002/20220823_033000.WAV,Telephone Field,recover-20220825,002,1795
83.4485,83.4845,68437,81386,Rhinolophus ferrumequinum,0.022,0.022,-1,Echolocation,/mnt/ubna_data_01_mir/recover-20220825/UBNA_002/20220823_033000.WAV,Telephone Field,recover-20220825,002,1795
83.4485,83.45949999999999,22890,28266,Nyctalus leisleri,0.011,0.025,-1,Echolocation,/mnt/ubna_data_01_mir/recover-20220825/UBNA_002/20220823_033000.WAV,Telephone Field,recover-20220825,002,1795
83.4725,83.5103,68437,81437,Rhinolophus ferrumequinum,0.021,0.021,-1,Echolocation,/mnt/ubna_data_01_mir/recover-20220825/UBNA_002/20220823_033000.WAV,Telephone Field,recover-20220825,002,1795
83.4865,83.52289999999999,68437,81436,Rhinolophus ferrumequinum,0.023,0.023,-1,Echolocation,/mnt/ubna_data_01_mir/recover-20220825/UBNA_002/20220823_033000.WAV,Telephone Field,recover-20220825,002,1795
83.5455,83.5838,68437,81386,Rhinolophus ferrumequinum,0.021,0.021,-1,Echolocation,/mnt/ubna_data_01_mir/recover-20220825/UBNA_002/20220823_033000.WAV,Telephone Field,recover-20220825,002,1795
83.5935,83.60419999999999,23750,30585,Nyctalus leisleri,0.009,0.026,-1,Echolocation,/mnt/ubna_data_01_mir/recover-20220825/UBNA_002/20220823_033000.WAV,Telephone Field,recover-20220825,002,1795
83.6075,83.6467,68437,82443,Rhinolophus ferrumequinum,0.022,0.022,-1,Echolocation,/mnt/ubna_data_01_mir/recover-20220825/UBNA_002/20220823_033000.WAV,Telephone Field,recover-20220825,002,1795
83.6095,83.6202,27187,36448,Eptesicus serotinus,0.01,0.024,-1,Echolocation,/mnt/ubna_data_01_mir/recover-20220825/UBNA_002/20220823_033000.WAV,Telephone Field,recover-20220825,002,1795
83.62049999999999,83.6647,68437,82900,Rhinolophus ferrumequinum,0.025,0.026,-1,Echolocation,/mnt/ubna_data_01_mir/recover-20220825/UBNA_002/20220823_033000.WAV,Telephone Field,recover-20220825,002,1795
83.6235,83.6334,27187,33854,Eptesicus serotinus,0.015,0.034,-1,Echolocation,/mnt/ubna_data_01_mir/recover-20220825/UBNA_002/20220823_033000.WAV,Telephone Field,recover-20220825,002,1795
83.6315,83.64,28046,38085,Eptesicus serotinus,0.008,0.022,-1,Echolocation,/mnt/ubna_data_01_mir/recover-20220825/UBNA_002/20220823_033000.WAV,Telephone Field,recover-20220825,002,1795
83.6605,83.668,26328,35366,Eptesicus serotinus,0.006,0.022,-1,Echolocation,/mnt/ubna_data_01_mir/recover-20220825/UBNA_002/20220823_033000.WAV,Telephone Field,recover-20220825,002,1795
83.6675,83.7071,68437,82401,Rhinolophus ferrumequinum,0.021,0.021,-1,Echolocation,/mnt/ubna_data_01_mir/recover-20220825/UBNA_002/20220823_033000.WAV,Telephone Field,recover-20220825,002,1795
83.6845,83.6943,22890,29361,Nyctalus leisleri,0.007,0.022,-1,Echolocation,/mnt/ubna_data_01_mir/recover-20220825/UBNA_002/20220823_033000.WAV,Telephone Field,recover-20220825,002,1795
83.7025,83.7422,68437,82574,Rhinolophus ferrumequinum,0.023,0.023,-1,Echolocation,/mnt/ubna_data_01_mir/recover-20220825/UBNA_002/20220823_033000.WAV,Telephone Field,recover-20220825,002,1795
83.7345,83.7716,68437,81321,Rhinolophus ferrumequinum,0.022,0.022,-1,Echolocation,/mnt/ubna_data_01_mir/recover-20220825/UBNA_002/20220823_033000.WAV,Telephone Field,recover-20220825,002,1795
83.7375,83.7438,55546,62528,Pipistrellus pygmaeus,0.02,0.021,-1,Echolocation,/mnt/ubna_data_01_mir/recover-20220825/UBNA_002/20220823_033000.WAV,Telephone Field,recover-20220825,002,1795
83.7645,83.80590000000001,68437,82752,Rhinolophus ferrumequinum,0.029,0.029,-1,Echolocation,/mnt/ubna_data_01_mir/recover-20220825/UBNA_002/20220823_033000.WAV,Telephone Field,recover-20220825,002,1795
83.7875,83.8248,68437,81913,Rhinolophus ferrumequinum,0.025,0.025,-1,Echolocation,/mnt/ubna_data_01_mir/recover-20220825/UBNA_002/20220823_033000.WAV,Telephone Field,recover-20220825,002,1795
83.7985,83.8356,68437,81958,Rhinolophus ferrumequinum,0.022,0.022,-1,Echolocation,/mnt/ubna_data_01_mir/recover-20220825/UBNA_002/20220823_033000.WAV,Telephone Field,recover-20220825,002,1795
83.7995,83.8086,23750,31775,Plecotus austriacus,0.01,0.029,-1,Echolocation,/mnt/ubna_data_01_mir/recover-20220825/UBNA_002/20220823_033000.WAV,Telephone Field,recover-20220825,002,1795
83.8065,83.8426,68437,81758,Rhinolophus ferrumequinum,0.022,0.022,-1,Echolocation,/mnt/ubna_data_01_mir/recover-20220825/UBNA_002/20220823_033000.WAV,Telephone Field,recover-20220825,002,1795
83.8455,83.8805,68437,81224,Rhinolophus ferrumequinum,0.022,0.022,-1,Echolocation,/mnt/ubna_data_01_mir/recover-20220825/UBNA_002/20220823_033000.WAV,Telephone Field,recover-20220825,002,1795
83.8685,83.87819999999999,44375,48302,Pipistrellus pipistrellus,0.027,0.03,-1,Echolocation,/mnt/ubna_data_01_mir/recover-20220825/UBNA_002/20220823_033000.WAV,Telephone Field,recover-20220825,002,1795
83.8955,83.9031,44375,51331,Pipistrellus pipistrellus,0.016,0.023,-1,Echolocation,/mnt/ubna_data_01_mir/recover-20220825/UBNA_002/20220823_033000.WAV,Telephone Field,recover-20220825,002,1795
83.9005,83.9105,22890,28981,Nyctalus leisleri,0.008,0.022,-1,Echolocation,/mnt/ubna_data_01_mir/recover-20220825/UBNA_002/20220823_033000.WAV,Telephone Field,recover-20220825,002,1795
83.9435,83.9823,68437,81760,Rhinolophus ferrumequinum,0.022,0.022,-1,Echolocation,/mnt/ubna_data_01_mir/recover-20220825/UBNA_002/20220823_033000.WAV,Telephone Field,recover-20220825,002,1795
83.9515,83.9589,24609,34392,Plecotus austriacus,0.015,0.035,-1,Echolocation,/mnt/ubna_data_01_mir/recover-20220825/UBNA_002/20220823_033000.WAV,Telephone Field,recover-20220825,002,1795
83.9865,83.9975,49531,56183,Pipistrellus pipistrellus,0.019,0.024,-1,Echolocation,/mnt/ubna_data_01_mir/recover-20220825/UBNA_002/20220823_033000.WAV,Telephone Field,recover-20220825,002,1795
84.0015,84.0351,68437,80271,Rhinolophus ferrumequinum,0.029,0.029,-1,Echolocation,/mnt/ubna_data_01_mir/recover-20220825/UBNA_002/20220823_033000.WAV,Telephone Field,recover-20220825,002,1795
84.0015,84.0095,25468,36438,Nyctalus leisleri,0.005,0.024,-1,Echolocation,/mnt/ubna_data_01_mir/recover-20220825/UBNA_002/20220823_033000.WAV,Telephone Field,recover-20220825,002,1795
84.0015,84.0101,46093,53411,Pipistrellus pipistrellus,0.018,0.025,-1,Echolocation,/mnt/ubna_data_01_mir/recover-20220825/UBNA_002/20220823_033000.WAV,Telephone Field,recover-20220825,002,1795
84.0085,84.0509,68437,82358,Rhinolophus ferrumequinum,0.029,0.029,-1,Echolocation,/mnt/ubna_data_01_mir/recover-20220825/UBNA_002/20220823_033000.WAV,Telephone Field,recover-20220825,002,1795
84.0135,84.0562,68437,82961,Rhinolophus ferrumequinum,0.027,0.027,-1,Echolocation,/mnt/ubna_data_01_mir/recover-20220825/UBNA_002/20220823_033000.WAV,Telephone Field,recover-20220825,002,1795
84.0485,84.0591,22890,27958,Nyctalus leisleri,0.011,0.022,-1,Echolocation,/mnt/ubna_data_01_mir/recover-20220825/UBNA_002/20220823_033000.WAV,Telephone Field,recover-20220825,002,1795
84.0835,84.124,68437,82559,Rhinolophus ferrumequinum,0.023,0.023,-1,Echolocation,/mnt/ubna_data_01_mir/recover-20220825/UBNA_002/20220823_033000.WAV,Telephone Field,recover-20220825,002,1795
84.0955,84.1364,68437,82580,Rhinolophus ferrumequinum,0.027,0.027,-1,Echolocation,/mnt/ubna_data_01_mir/recover-20220825/UBNA_002/20220823_033000.WAV,Telephone Field,recover-20220825,002,1795
84.11449999999999,84.1551,68437,81755,Rhinolophus ferrumequinum,0.03,0.03,-1,Echolocation,/mnt/ubna_data_01_mir/recover-20220825/UBNA_002/20220823_033000.WAV,Telephone Field,recover-20220825,002,1795
84.2065,84.2432,68437,81703,Rhinolophus ferrumequinum,0.027,0.027,-1,Echolocation,/mnt/ubna_data_01_mir/recover-20220825/UBNA_002/20220823_033000.WAV,Telephone Field,recover-20220825,002,1795
84.2125,84.22,28046,40547,Eptesicus serotinus,0.008,0.025,-1,Echolocation,/mnt/ubna_data_01_mir/recover-20220825/UBNA_002/20220823_033000.WAV,Telephone Field,recover-20220825,002,1795
84.2165,84.227,22890,28670,Nyctalus leisleri,0.01,0.023,-1,Echolocation,/mnt/ubna_data_01_mir/recover-20220825/UBNA_002/20220823_033000.WAV,Telephone Field,recover-20220825,002,1795
84.2805,84.3166,68437,81546,Rhinolophus ferrumequinum,0.025,0.025,-1,Echolocation,/mnt/ubna_data_01_mir/recover-20220825/UBNA_002/20220823_033000.WAV,Telephone Field,recover-20220825,002,1795
84.3125,84.3262,22031,26485,Nyctalus leisleri,0.015,0.029,-1,Echolocation,/mnt/ubna_data_01_mir/recover-20220825/UBNA_002/20220823_033000.WAV,Telephone Field,recover-20220825,002,1795
84.3265,84.3672,68437,82600,Rhinolophus ferrumequinum,0.041,0.041,-1,Echolocation,/mnt/ubna_data_01_mir/recover-20220825/UBNA_002/20220823_033000.WAV,Telephone Field,recover-20220825,002,1795
84.3845,84.4175,68437,80882,Rhinolophus ferrumequinum,0.022,0.022,-1,Echolocation,/mnt/ubna_data_01_mir/recover-20220825/UBNA_002/20220823_033000.WAV,Telephone Field,recover-20220825,002,1795
84.3905,84.4015,25468,32559,Eptesicus serotinus,0.009,0.024,-1,Echolocation,/mnt/ubna_data_01_mir/recover-20220825/UBNA_002/20220823_033000.WAV,Telephone Field,recover-20220825,002,1795
84.4145,84.4217,26328,40336,Myotis nattereri,0.005,0.021,-1,Echolocation,/mnt/ubna_data_01_mir/recover-20220825/UBNA_002/20220823_033000.WAV,Telephone Field,recover-20220825,002,1795
84.4395,84.449,23750,31691,Nyctalus leisleri,0.01,0.038,-1,Echolocation,/mnt/ubna_data_01_mir/recover-20220825/UBNA_002/20220823_033000.WAV,Telephone Field,recover-20220825,002,1795
84.4505,84.4596,46953,52873,Pipistrellus pipistrellus,0.021,0.023,-1,Echolocation,/mnt/ubna_data_01_mir/recover-20220825/UBNA_002/20220823_033000.WAV,Telephone Field,recover-20220825,002,1795
84.4735,84.4853,24609,30286,Nyctalus leisleri,0.017,0.036,-1,Echolocation,/mnt/ubna_data_01_mir/recover-20220825/UBNA_002/20220823_033000.WAV,Telephone Field,recover-20220825,002,1795
84.4885,84.5266,68437,81779,Rhinolophus ferrumequinum,0.022,0.022,-1,Echolocation,/mnt/ubna_data_01_mir/recover-20220825/UBNA_002/20220823_033000.WAV,Telephone Field,recover-20220825,002,1795
84.5065,84.5444,68437,81650,Rhinolophus ferrumequinum,0.022,0.022,-1,Echolocation,/mnt/ubna_data_01_mir/recover-20220825/UBNA_002/20220823_033000.WAV,Telephone Field,recover-20220825,002,1795
84.5695,84.5757,44375,52097,Pipistrellus pipistrellus,0.021,0.024,-1,Echolocation,/mnt/ubna_data_01_mir/recover-20220825/UBNA_002/20220823_033000.WAV,Telephone Field,recover-20220825,002,1795
84.5915,84.6303,68437,82419,Rhinolophus ferrumequinum,0.026,0.026,-1,Echolocation,/mnt/ubna_data_01_mir/recover-20220825/UBNA_002/20220823_033000.WAV,Telephone Field,recover-20220825,002,1795
84.6265,84.6677,68437,83007,Rhinolophus ferrumequinum,0.025,0.025,-1,Echolocation,/mnt/ubna_data_01_mir/recover-20220825/UBNA_002/20220823_033000.WAV,Telephone Field,recover-20220825,002,1795
84.6365,84.6437,25468,34787,Plecotus austriacus,0.008,0.024,-1,Echolocation,/mnt/ubna_data_01_mir/recover-20220825/UBNA_002/20220823_033000.WAV,Telephone Field,recover-20220825,002,1795
84.6445,84.6839,68437,82699,Rhinolophus ferrumequinum,0.022,0.022,-1,Echolocation,/mnt/ubna_data_01_mir/recover-20220825/UBNA_002/20220823_033000.WAV,Telephone Field,recover-20220825,002,1795
84.6775,84.7131,68437,81416,Rhinolophus ferrumequinum,0.022,0.022,-1,Echolocation,/mnt/ubna_data_01_mir/recover-20220825/UBNA_002/20220823_033000.WAV,Telephone Field,recover-20220825,002,1795
84.6865,84.7223,68437,82196,Rhinolophus ferrumequinum,0.027,0.027,-1,Echolocation,/mnt/ubna_data_01_mir/recover-20220825/UBNA_002/20220823_033000.WAV,Telephone Field,recover-20220825,002,1795
84.6925,84.7031,22890,28776,Nyctalus leisleri,0.012,0.03,-1,Echolocation,/mnt/ubna_data_01_mir/recover-20220825/UBNA_002/20220823_033000.WAV,Telephone Field,recover-20220825,002,1795
84.7005,84.7063,28046,38612,Eptesicus serotinus,0.006,0.024,-1,Echolocation,/mnt/ubna_data_01_mir/recover-20220825/UBNA_002/20220823_033000.WAV,Telephone Field,recover-20220825,002,1795
84.7435,84.7877,68437,83715,Rhinolophus ferrumequinum,0.041,0.041,-1,Echolocation,/mnt/ubna_data_01_mir/recover-20220825/UBNA_002/20220823_033000.WAV,Telephone Field,recover-20220825,002,1795
84.78450000000001,84.8276,68437,82741,Rhinolophus ferrumequinum,0.029,0.029,-1,Echolocation,/mnt/ubna_data_01_mir/recover-20220825/UBNA_002/20220823_033000.WAV,Telephone Field,recover-20220825,002,1795
84.8075,84.84649999999999,68437,82343,Rhinolophus ferrumequinum,0.024,0.024,-1,Echolocation,/mnt/ubna_data_01_mir/recover-20220825/UBNA_002/20220823_033000.WAV,Telephone Field,recover-20220825,002,1795
84.8145,84.8352,19453,21729,Nyctalus leisleri,0.014,0.025,-1,Echolocation,/mnt/ubna_data_01_mir/recover-20220825/UBNA_002/20220823_033000.WAV,Telephone Field,recover-20220825,002,1795
84.8155,84.857,68437,82071,Rhinolophus ferrumequinum,0.021,0.021,-1,Echolocation,/mnt/ubna_data_01_mir/recover-20220825/UBNA_002/20220823_033000.WAV,Telephone Field,recover-20220825,002,1795
84.8215,84.8278,28046,50361,Eptesicus serotinus,0.006,0.023,-1,Echolocation,/mnt/ubna_data_01_mir/recover-20220825/UBNA_002/20220823_033000.WAV,Telephone Field,recover-20220825,002,1795
84.8215,84.8261,34921,49648,Myotis daubentonii,0.008,0.023,-1,Echolocation,/mnt/ubna_data_01_mir/recover-20220825/UBNA_002/20220823_033000.WAV,Telephone Field,recover-20220825,002,1795
84.8475,84.8573,22031,28044,Plecotus austriacus,0.008,0.024,-1,Echolocation,/mnt/ubna_data_01_mir/recover-20220825/UBNA_002/20220823_033000.WAV,Telephone Field,recover-20220825,002,1795
84.8545,84.86410000000001,23750,30911,Nyctalus leisleri,0.007,0.024,-1,Echolocation,/mnt/ubna_data_01_mir/recover-20220825/UBNA_002/20220823_033000.WAV,Telephone Field,recover-20220825,002,1795
84.8665,84.904,68437,82327,Rhinolophus ferrumequinum,0.023,0.023,-1,Echolocation,/mnt/ubna_data_01_mir/recover-20220825/UBNA_002/20220823_033000.WAV,Telephone Field,recover-20220825,002,1795
84.88550000000001,84.9245,68437,82329,Rhinolophus ferrumequinum,0.023,0.023,-1,Echolocation,/mnt/ubna_data_01_mir/recover-20220825/UBNA_002/20220823_033000.WAV,Telephone Field,recover-20220825,002,1795
84.8875,84.8965,27187,35156,Eptesicus serotinus,0.011,0.025,-1,Echolocation,/mnt/ubna_data_01_mir/recover-20220825/UBNA_002/20220823_033000.WAV,Telephone Field,recover-20220825,002,1795
84.9125,84.9525,68437,82409,Rhinolophus ferrumequinum,0.035,0.035,-1,Echolocation,/mnt/ubna_data_01_mir/recover-20220825/UBNA_002/20220823_033000.WAV,Telephone Field,recover-20220825,002,1795
84.9295,84.9635,68437,81384,Rhinolophus ferrumequinum,0.023,0.023,-1,Echolocation,/mnt/ubna_data_01_mir/recover-20220825/UBNA_002/20220823_033000.WAV,Telephone Field,recover-20220825,002,1795
84.9605,84.9956,68437,82076,Rhinolophus ferrumequinum,0.022,0.022,-1,Echolocation,/mnt/ubna_data_01_mir/recover-20220825/UBNA_002/20220823_033000.WAV,Telephone Field,recover-20220825,002,1795
84.9805,84.991,22031,26905,Nyctalus leisleri,0.012,0.025,-1,Echolocation,/mnt/ubna_data_01_mir/recover-20220825/UBNA_002/20220823_033000.WAV,Telephone Field,recover-20220825,002,1795
84.9815,84.98910000000001,43515,49673,Pipistrellus pipistrellus,0.024,0.028,-1,Echolocation,/mnt/ubna_data_01_mir/recover-20220825/UBNA_002/20220823_033000.WAV,Telephone Field,recover-20220825,002,1795
84.9925,85.03,68437,81330,Rhinolophus ferrumequinum,0.021,0.021,-1,Echolocation,/mnt/ubna_data_01_mir/recover-20220825/UBNA_002/20220823_033000.WAV,Telephone Field,recover-20220825,002,1795
85.0015,85.0402,68437,82309,Rhinolophus ferrumequinum,0.035,0.035,-1,Echolocation,/mnt/ubna_data_01_mir/recover-20220825/UBNA_002/20220823_033000.WAV,Telephone Field,recover-20220825,002,1795
85.0075,85.0194,14296,20004,Nyctalus noctula,0.017,0.029,-1,Echolocation,/mnt/ubna_data_01_mir/recover-20220825/UBNA_002/20220823_033000.WAV,Telephone Field,recover-20220825,002,1795
85.0595,85.0995,68437,82993,Rhinolophus ferrumequinum,0.028,0.028,-1,Echolocation,/mnt/ubna_data_01_mir/recover-20220825/UBNA_002/20220823_033000.WAV,Telephone Field,recover-20220825,002,1795
85.0765,85.084,28046,37824,Eptesicus serotinus,0.007,0.022,-1,Echolocation,/mnt/ubna_data_01_mir/recover-20220825/UBNA_002/20220823_033000.WAV,Telephone Field,recover-20220825,002,1795
85.10249999999999,85.1133,23750,29536,Nyctalus leisleri,0.008,0.022,-1,Echolocation,/mnt/ubna_data_01_mir/recover-20220825/UBNA_002/20220823_033000.WAV,Telephone Field,recover-20220825,002,1795
85.1075,85.1482,68437,82257,Rhinolophus ferrumequinum,0.027,0.027,-1,Echolocation,/mnt/ubna_data_01_mir/recover-20220825/UBNA_002/20220823_033000.WAV,Telephone Field,recover-20220825,002,1795
85.1125,85.1285,18593,23544,Nyctalus noctula,0.043,0.061,-1,Echolocation,/mnt/ubna_data_01_mir/recover-20220825/UBNA_002/20220823_033000.WAV,Telephone Field,recover-20220825,002,1795
85.14750000000001,85.1587,44375,50545,Pipistrellus pipistrellus,0.036,0.045,-1,Echolocation,/mnt/ubna_data_01_mir/recover-20220825/UBNA_002/20220823_033000.WAV,Telephone Field,recover-20220825,002,1795
85.1705,85.1824,22890,28262,Nyctalus leisleri,0.014,0.03,-1,Echolocation,/mnt/ubna_data_01_mir/recover-20220825/UBNA_002/20220823_033000.WAV,Telephone Field,recover-20220825,002,1795
85.1925,85.2308,68437,81828,Rhinolophus ferrumequinum,0.024,0.024,-1,Echolocation,/mnt/ubna_data_01_mir/recover-20220825/UBNA_002/20220823_033000.WAV,Telephone Field,recover-20220825,002,1795
85.2445,85.2836,68437,82284,Rhinolophus ferrumequinum,0.025,0.025,-1,Echolocation,/mnt/ubna_data_01_mir/recover-20220825/UBNA_002/20220823_033000.WAV,Telephone Field,recover-20220825,002,1795
85.2475,85.255,28046,42920,Eptesicus serotinus,0.007,0.022,-1,Echolocation,/mnt/ubna_data_01_mir/recover-20220825/UBNA_002/20220823_033000.WAV,Telephone Field,recover-20220825,002,1795
85.2525,85.2954,68437,82148,Rhinolophus ferrumequinum,0.025,0.025,-1,Echolocation,/mnt/ubna_data_01_mir/recover-20220825/UBNA_002/20220823_033000.WAV,Telephone Field,recover-20220825,002,1795
85.2735,85.28399999999999,22890,28057,Nyctalus leisleri,0.01,0.021,-1,Echolocation,/mnt/ubna_data_01_mir/recover-20220825/UBNA_002/20220823_033000.WAV,Telephone Field,recover-20220825,002,1795
85.2885,85.2949,27187,41195,Eptesicus serotinus,0.005,0.022,-1,Echolocation,/mnt/ubna_data_01_mir/recover-20220825/UBNA_002/20220823_033000.WAV,Telephone Field,recover-20220825,002,1795
85.3025,85.31,47812,53341,Pipistrellus pipistrellus,0.027,0.029,-1,Echolocation,/mnt/ubna_data_01_mir/recover-20220825/UBNA_002/20220823_033000.WAV,Telephone Field,recover-20220825,002,1795
85.3555,85.3649,28046,37407,Eptesicus serotinus,0.01,0.024,-1,Echolocation,/mnt/ubna_data_01_mir/recover-20220825/UBNA_002/20220823_033000.WAV,Telephone Field,recover-20220825,002,1795
85.4315,85.4736,68437,83130,Rhinolophus ferrumequinum,0.027,0.027,-1,Echolocation,/mnt/ubna_data_01_mir/recover-20220825/UBNA_002/20220823_033000.WAV,Telephone Field,recover-20220825,002,1795
85.4505,85.4904,68437,81994,Rhinolophus ferrumequinum,0.025,0.025,-1,Echolocation,/mnt/ubna_data_01_mir/recover-20220825/UBNA_002/20220823_033000.WAV,Telephone Field,recover-20220825,002,1795
85.4665,85.5042,68437,82131,Rhinolophus ferrumequinum,0.023,0.023,-1,Echolocation,/mnt/ubna_data_01_mir/recover-20220825/UBNA_002/20220823_033000.WAV,Telephone Field,recover-20220825,002,1795
85.4805,85.49119999999999,23750,28271,Nyctalus leisleri,0.011,0.022,-1,Echolocation,/mnt/ubna_data_01_mir/recover-20220825/UBNA_002/20220823_033000.WAV,Telephone Field,recover-20220825,002,1795
85.4945,85.5335,68437,82343,Rhinolophus ferrumequinum,0.023,0.023,-1,Echolocation,/mnt/ubna_data_01_mir/recover-20220825/UBNA_002/20220823_033000.WAV,Telephone Field,recover-20220825,002,1795
85.4975,85.50880000000001,23750,28941,Nyctalus leisleri,0.011,0.023,-1,Echolocation,/mnt/ubna_data_01_mir/recover-20220825/UBNA_002/20220823_033000.WAV,Telephone Field,recover-20220825,002,1795
85.5035,85.515,40078,44745,Pipistrellus nathusii,0.013,0.023,-1,Echolocation,/mnt/ubna_data_01_mir/recover-20220825/UBNA_002/20220823_033000.WAV,Telephone Field,recover-20220825,002,1795
85.5155,85.5489,68437,81335,Rhinolophus ferrumequinum,0.023,0.023,-1,Echolocation,/mnt/ubna_data_01_mir/recover-20220825/UBNA_002/20220823_033000.WAV,Telephone Field,recover-20220825,002,1795
85.5275,85.5626,68437,80337,Rhinolophus ferrumequinum,0.024,0.024,-1,Echolocation,/mnt/ubna_data_01_mir/recover-20220825/UBNA_002/20220823_033000.WAV,Telephone Field,recover-20220825,002,1795
85.5335,85.56790000000001,68437,80689,Rhinolophus ferrumequinum,0.026,0.026,-1,Echolocation,/mnt/ubna_data_01_mir/recover-20220825/UBNA_002/20220823_033000.WAV,Telephone Field,recover-20220825,002,1795
85.5675,85.6097,68437,83163,Rhinolophus ferrumequinum,0.036,0.036,-1,Echolocation,/mnt/ubna_data_01_mir/recover-20220825/UBNA_002/20220823_033000.WAV,Telephone Field,recover-20220825,002,1795
85.62950000000001,85.6413,22031,27104,Nyctalus leisleri,0.01,0.023,-1,Echolocation,/mnt/ubna_data_01_mir/recover-20220825/UBNA_002/20220823_033000.WAV,Telephone Field,recover-20220825,002,1795
85.6325,85.6414,43515,50520,Pipistrellus pipistrellus,0.012,0.021,-1,Echolocation,/mnt/ubna_data_01_mir/recover-20220825/UBNA_002/20220823_033000.WAV,Telephone Field,recover-20220825,002,1795
85.6345,85.6435,22890,30047,Plecotus austriacus,0.009,0.023,-1,Echolocation,/mnt/ubna_data_01_mir/recover-20220825/UBNA_002/20220823_033000.WAV,Telephone Field,recover-20220825,002,1795
85.6495,85.689,68437,81995,Rhinolophus ferrumequinum,0.026,0.026,-1,Echolocation,/mnt/ubna_data_01_mir/recover-20220825/UBNA_002/20220823_033000.WAV,Telephone Field,recover-20220825,002,1795
85.6785,85.7183,68437,82676,Rhinolophus ferrumequinum,0.027,0.027,-1,Echolocation,/mnt/ubna_data_01_mir/recover-20220825/UBNA_002/20220823_033000.WAV,Telephone Field,recover-20220825,002,1795
85.6945,85.7039,25468,32991,Eptesicus serotinus,0.007,0.021,-1,Echolocation,/mnt/ubna_data_01_mir/recover-20220825/UBNA_002/20220823_033000.WAV,Telephone Field,recover-20220825,002,1795
85.7175,85.7304,38359,42731,Pipistrellus nathusii,0.016,0.023,-1,Echolocation,/mnt/ubna_data_01_mir/recover-20220825/UBNA_002/20220823_033000.WAV,Telephone Field,recover-20220825,002,1795
85.7345,85.7714,68437,82072,Rhinolophus ferrumequinum,0.022,0.022,-1,Echolocation,/mnt/ubna_data_01_mir/recover-20220825/UBNA_002/20220823_033000.WAV,Telephone Field,recover-20220825,002,1795
85.7435,85.7517,28906,38897,Eptesicus serotinus,0.008,0.022,-1,Echolocation,/mnt/ubna_data_01_mir/recover-20220825/UBNA_002/20220823_033000.WAV,Telephone Field,recover-20220825,002,1795
85.7485,85.7853,68437,80640,Rhinolophus ferrumequinum,0.023,0.024,-1,Echolocation,/mnt/ubna_data_01_mir/recover-20220825/UBNA_002/20220823_033000.WAV,Telephone Field,recover-20220825,002,1795
85.7915,85.8276,68437,82285,Rhinolophus ferrumequinum,0.022,0.022,-1,Echolocation,/mnt/ubna_data_01_mir/recover-20220825/UBNA_002/20220823_033000.WAV,Telephone Field,recover-20220825,002,1795
85.8155,85.8259,24609,31040,Nyctalus leisleri,0.011,0.028,-1,Echolocation,/mnt/ubna_data_01_mir/recover-20220825/UBNA_002/20220823_033000.WAV,Telephone Field,recover-20220825,002,1795
85.8245,85.863,68437,82261,Rhinolophus ferrumequinum,0.022,0.022,-1,Echolocation,/mnt/ubna_data_01_mir/recover-20220825/UBNA_002/20220823_033000.WAV,Telephone Field,recover-20220825,002,1795
85.84649999999999,85.8551,47812,56194,Pipistrellus pipistrellus,0.023,0.028,-1,Echolocation,/mnt/ubna_data_01_mir/recover-20220825/UBNA_002/20220823_033000.WAV,Telephone Field,recover-20220825,002,1795
85.8475,85.8889,68437,82956,Rhinolophus ferrumequinum,0.028,0.028,-1,Echolocation,/mnt/ubna_data_01_mir/recover-20220825/UBNA_002/20220823_033000.WAV,Telephone Field,recover-20220825,002,1795
85.8485,85.8594,22890,28353,Nyctalus leisleri,0.011,0.025,-1,Echolocation,/mnt/ubna_data_01_mir/recover-20220825/UBNA_002/20220823_033000.WAV,Telephone Field,recover-20220825,002,1795
85.8625,85.9024,68437,83108,Rhinolophus ferrumequinum,0.022,0.022,-1,Echolocation,/mnt/ubna_data_01_mir/recover-20220825/UBNA_002/20220823_033000.WAV,Telephone Field,recover-20220825,002,1795
85.8655,85.8742,23750,31861,Plecotus austriacus,0.01,0.026,-1,Echolocation,/mnt/ubna_data_01_mir/recover-20220825/UBNA_002/20220823_033000.WAV,Telephone Field,recover-20220825,002,1795
85.89150000000001,85.9314,68437,82067,Rhinolophus ferrumequinum,0.022,0.022,-1,Echolocation,/mnt/ubna_data_01_mir/recover-20220825/UBNA_002/20220823_033000.WAV,Telephone Field,recover-20220825,002,1795
85.9055,85.9117,24609,41157,Plecotus austriacus,0.008,0.027,-1,Echolocation,/mnt/ubna_data_01_mir/recover-20220825/UBNA_002/20220823_033000.WAV,Telephone Field,recover-20220825,002,1795
85.9195,85.9607,68437,82346,Rhinolophus ferrumequinum,0.029,0.029,-1,Echolocation,/mnt/ubna_data_01_mir/recover-20220825/UBNA_002/20220823_033000.WAV,Telephone Field,recover-20220825,002,1795
85.9455,85.9517,24609,34803,Plecotus austriacus,0.014,0.03,-1,Echolocation,/mnt/ubna_data_01_mir/recover-20220825/UBNA_002/20220823_033000.WAV,Telephone Field,recover-20220825,002,1795
86.0015,86.0102,23750,30654,Nyctalus leisleri,0.009,0.027,-1,Echolocation,/mnt/ubna_data_01_mir/recover-20220825/UBNA_002/20220823_033000.WAV,Telephone Field,recover-20220825,002,1795
86.0015,86.0341,68437,80425,Rhinolophus ferrumequinum,0.031,0.031,-1,Echolocation,/mnt/ubna_data_01_mir/recover-20220825/UBNA_002/20220823_033000.WAV,Telephone Field,recover-20220825,002,1795
86.0115,86.0522,68437,82093,Rhinolophus ferrumequinum,0.022,0.022,-1,Echolocation,/mnt/ubna_data_01_mir/recover-20220825/UBNA_002/20220823_033000.WAV,Telephone Field,recover-20220825,002,1795
86.0265,86.0352,51250,57156,Pipistrellus pipistrellus,0.018,0.023,-1,Echolocation,/mnt/ubna_data_01_mir/recover-20220825/UBNA_002/20220823_033000.WAV,Telephone Field,recover-20220825,002,1795
86.0315,86.0408,29765,37688,Eptesicus serotinus,0.008,0.021,-1,Echolocation,/mnt/ubna_data_01_mir/recover-20220825/UBNA_002/20220823_033000.WAV,Telephone Field,recover-20220825,002,1795
86.0445,86.0527,25468,33588,Eptesicus serotinus,0.007,0.025,-1,Echolocation,/mnt/ubna_data_01_mir/recover-20220825/UBNA_002/20220823_033000.WAV,Telephone Field,recover-20220825,002,1795
86.0805,86.08840000000001,23750,31575,Plecotus austriacus,0.008,0.021,-1,Echolocation,/mnt/ubna_data_01_mir/recover-20220825/UBNA_002/20220823_033000.WAV,Telephone Field,recover-20220825,002,1795
86.10249999999999,86.1105,23750,32018,Plecotus austriacus,0.008,0.021,-1,Echolocation,/mnt/ubna_data_01_mir/recover-20220825/UBNA_002/20220823_033000.WAV,Telephone Field,recover-20220825,002,1795
86.1195,86.16120000000001,68437,82844,Rhinolophus ferrumequinum,0.024,0.024,-1,Echolocation,/mnt/ubna_data_01_mir/recover-20220825/UBNA_002/20220823_033000.WAV,Telephone Field,recover-20220825,002,1795
86.1435,86.1832,68437,82336,Rhinolophus ferrumequinum,0.027,0.027,-1,Echolocation,/mnt/ubna_data_01_mir/recover-20220825/UBNA_002/20220823_033000.WAV,Telephone Field,recover-20220825,002,1795
86.1495,86.1575,27187,40496,Eptesicus serotinus,0.009,0.027,-1,Echolocation,/mnt/ubna_data_01_mir/recover-20220825/UBNA_002/20220823_033000.WAV,Telephone Field,recover-20220825,002,1795
86.1755,86.1825,28906,40381,Eptesicus serotinus,0.006,0.024,-1,Echolocation,/mnt/ubna_data_01_mir/recover-20220825/UBNA_002/20220823_033000.WAV,Telephone Field,recover-20220825,002,1795
86.2235,86.2615,68437,81721,Rhinolophus ferrumequinum,0.023,0.023,-1,Echolocation,/mnt/ubna_data_01_mir/recover-20220825/UBNA_002/20220823_033000.WAV,Telephone Field,recover-20220825,002,1795
86.2315,86.2396,28906,38197,Eptesicus serotinus,0.009,0.024,-1,Echolocation,/mnt/ubna_data_01_mir/recover-20220825/UBNA_002/20220823_033000.WAV,Telephone Field,recover-20220825,002,1795
86.2475,86.2822,68437,81693,Rhinolophus ferrumequinum,0.02,0.021,-1,Echolocation,/mnt/ubna_data_01_mir/recover-20220825/UBNA_002/20220823_033000.WAV,Telephone Field,recover-20220825,002,1795
86.26650000000001,86.2756,49531,53372,Pipistrellus pipistrellus,0.023,0.026,-1,Echolocation,/mnt/ubna_data_01_mir/recover-20220825/UBNA_002/20220823_033000.WAV,Telephone Field,recover-20220825,002,1795
86.2805,86.31960000000001,68437,81835,Rhinolophus ferrumequinum,0.022,0.022,-1,Echolocation,/mnt/ubna_data_01_mir/recover-20220825/UBNA_002/20220823_033000.WAV,Telephone Field,recover-20220825,002,1795
86.3235,86.3625,68437,82406,Rhinolophus ferrumequinum,0.022,0.022,-1,Echolocation,/mnt/ubna_data_01_mir/recover-20220825/UBNA_002/20220823_033000.WAV,Telephone Field,recover-20220825,002,1795
86.3335,86.375,68437,83139,Rhinolophus ferrumequinum,0.028,0.028,-1,Echolocation,/mnt/ubna_data_01_mir/recover-20220825/UBNA_002/20220823_033000.WAV,Telephone Field,recover-20220825,002,1795
86.3425,86.3796,68437,81916,Rhinolophus ferrumequinum,0.023,0.023,-1,Echolocation,/mnt/ubna_data_01_mir/recover-20220825/UBNA_002/20220823_033000.WAV,Telephone Field,recover-20220825,002,1795
86.35849999999999,86.3968,68437,82294,Rhinolophus ferrumequinum,0.021,0.021,-1,Echolocation,/mnt/ubna_data_01_mir/recover-20220825/UBNA_002/20220823_033000.WAV,Telephone Field,recover-20220825,002,1795
86.3865,86.3976,28906,36076,Eptesicus serotinus,0.014,0.028,-1,Echolocation,/mnt/ubna_data_01_mir/recover-20220825/UBNA_002/20220823_033000.WAV,Telephone Field,recover-20220825,002,1795
86.4005,86.4368,68437,81402,Rhinolophus ferrumequinum,0.022,0.023,-1,Echolocation,/mnt/ubna_data_01_mir/recover-20220825/UBNA_002/20220823_033000.WAV,Telephone Field,recover-20220825,002,1795
86.4275,86.4693,68437,82073,Rhinolophus ferrumequinum,0.024,0.024,-1,Echolocation,/mnt/ubna_data_01_mir/recover-20220825/UBNA_002/20220823_033000.WAV,Telephone Field,recover-20220825,002,1795
86.4295,86.4379,22890,30773,Plecotus austriacus,0.011,0.025,-1,Echolocation,/mnt/ubna_data_01_mir/recover-20220825/UBNA_002/20220823_033000.WAV,Telephone Field,recover-20220825,002,1795
86.4745,86.48179999999999,28906,37782,Eptesicus serotinus,0.009,0.026,-1,Echolocation,/mnt/ubna_data_01_mir/recover-20220825/UBNA_002/20220823_033000.WAV,Telephone Field,recover-20220825,002,1795
86.4935,86.5316,68437,81713,Rhinolophus ferrumequinum,0.023,0.023,-1,Echolocation,/mnt/ubna_data_01_mir/recover-20220825/UBNA_002/20220823_033000.WAV,Telephone Field,recover-20220825,002,1795
86.5325,86.5421,28906,37388,Eptesicus serotinus,0.01,0.025,-1,Echolocation,/mnt/ubna_data_01_mir/recover-20220825/UBNA_002/20220823_033000.WAV,Telephone Field,recover-20220825,002,1795
86.5475,86.58160000000001,68437,81381,Rhinolophus ferrumequinum,0.026,0.026,-1,Echolocation,/mnt/ubna_data_01_mir/recover-20220825/UBNA_002/20220823_033000.WAV,Telephone Field,recover-20220825,002,1795
86.5565,86.59100000000001,68437,81024,Rhinolophus ferrumequinum,0.024,0.024,-1,Echolocation,/mnt/ubna_data_01_mir/recover-20220825/UBNA_002/20220823_033000.WAV,Telephone Field,recover-20220825,002,1795
86.5885,86.596,48671,58214,Pipistrellus pipistrellus,0.018,0.023,-1,Echolocation,/mnt/ubna_data_01_mir/recover-20220825/UBNA_002/20220823_033000.WAV,Telephone Field,recover-20220825,002,1795
86.6105,86.6233,25468,31111,Eptesicus serotinus,0.011,0.027,-1,Echolocation,/mnt/ubna_data_01_mir/recover-20220825/UBNA_002/20220823_033000.WAV,Telephone Field,recover-20220825,002,1795
86.6135,86.6542,68437,82112,Rhinolophus ferrumequinum,0.022,0.022,-1,Echolocation,/mnt/ubna_data_01_mir/recover-20220825/UBNA_002/20220823_033000.WAV,Telephone Field,recover-20220825,002,1795
86.6435,86.6512,26328,37495,Eptesicus serotinus,0.007,0.022,-1,Echolocation,/mnt/ubna_data_01_mir/recover-20220825/UBNA_002/20220823_033000.WAV,Telephone Field,recover-20220825,002,1795
86.6445,86.6543,47812,52036,Pipistrellus pipistrellus,0.025,0.027,-1,Echolocation,/mnt/ubna_data_01_mir/recover-20220825/UBNA_002/20220823_033000.WAV,Telephone Field,recover-20220825,002,1795
86.6615,86.6997,68437,82177,Rhinolophus ferrumequinum,0.021,0.021,-1,Echolocation,/mnt/ubna_data_01_mir/recover-20220825/UBNA_002/20220823_033000.WAV,Telephone Field,recover-20220825,002,1795
86.6675,86.6778,22031,26705,Nyctalus leisleri,0.009,0.022,-1,Echolocation,/mnt/ubna_data_01_mir/recover-20220825/UBNA_002/20220823_033000.WAV,Telephone Field,recover-20220825,002,1795
86.7145,86.7558,68437,82755,Rhinolophus ferrumequinum,0.026,0.026,-1,Echolocation,/mnt/ubna_data_01_mir/recover-20220825/UBNA_002/20220823_033000.WAV,Telephone Field,recover-20220825,002,1795
86.7415,86.7537,23750,28143,Nyctalus leisleri,0.016,0.028,-1,Echolocation,/mnt/ubna_data_01_mir/recover-20220825/UBNA_002/20220823_033000.WAV,Telephone Field,recover-20220825,002,1795
86.7435,86.7794,68437,81197,Rhinolophus ferrumequinum,0.022,0.022,-1,Echolocation,/mnt/ubna_data_01_mir/recover-20220825/UBNA_002/20220823_033000.WAV,Telephone Field,recover-20220825,002,1795
86.7705,86.8094,68437,82497,Rhinolophus ferrumequinum,0.027,0.027,-1,Echolocation,/mnt/ubna_data_01_mir/recover-20220825/UBNA_002/20220823_033000.WAV,Telephone Field,recover-20220825,002,1795
86.7755,86.7875,22890,26527,Nyctalus leisleri,0.013,0.021,-1,Echolocation,/mnt/ubna_data_01_mir/recover-20220825/UBNA_002/20220823_033000.WAV,Telephone Field,recover-20220825,002,1795
86.7885,86.8288,68437,82155,Rhinolophus ferrumequinum,0.027,0.027,-1,Echolocation,/mnt/ubna_data_01_mir/recover-20220825/UBNA_002/20220823_033000.WAV,Telephone Field,recover-20220825,002,1795
86.8185,86.8267,28046,40175,Eptesicus serotinus,0.01,0.027,-1,Echolocation,/mnt/ubna_data_01_mir/recover-20220825/UBNA_002/20220823_033000.WAV,Telephone Field,recover-20220825,002,1795
86.8565,86.8672,28046,34453,Eptesicus serotinus,0.009,0.021,-1,Echolocation,/mnt/ubna_data_01_mir/recover-20220825/UBNA_002/20220823_033000.WAV,Telephone Field,recover-20220825,002,1795
86.8665,86.9082,68437,82456,Rhinolophus ferrumequinum,0.024,0.024,-1,Echolocation,/mnt/ubna_data_01_mir/recover-20220825/UBNA_002/20220823_033000.WAV,Telephone Field,recover-20220825,002,1795
86.8895,86.8989,26328,38848,Eptesicus serotinus,0.008,0.022,-1,Echolocation,/mnt/ubna_data_01_mir/recover-20220825/UBNA_002/20220823_033000.WAV,Telephone Field,recover-20220825,002,1795
86.9205,86.9313,22890,27456,Nyctalus leisleri,0.011,0.023,-1,Echolocation,/mnt/ubna_data_01_mir/recover-20220825/UBNA_002/20220823_033000.WAV,Telephone Field,recover-20220825,002,1795
86.9635,86.9735,22031,26123,Nyctalus leisleri,0.011,0.021,-1,Echolocation,/mnt/ubna_data_01_mir/recover-20220825/UBNA_002/20220823_033000.WAV,Telephone Field,recover-20220825,002,1795
86.9975,87.004,27187,40299,Eptesicus serotinus,0.005,0.021,-1,Echolocation,/mnt/ubna_data_01_mir/recover-20220825/UBNA_002/20220823_033000.WAV,Telephone Field,recover-20220825,002,1795
87.0215,87.0291,26328,37304,Eptesicus serotinus,0.008,0.024,-1,Echolocation,/mnt/ubna_data_01_mir/recover-20220825/UBNA_002/20220823_033000.WAV,Telephone Field,recover-20220825,002,1795
87.0245,87.0638,68437,81926,Rhinolophus ferrumequinum,0.022,0.022,-1,Echolocation,/mnt/ubna_data_01_mir/recover-20220825/UBNA_002/20220823_033000.WAV,Telephone Field,recover-20220825,002,1795
87.0325,87.0755,68437,83299,Rhinolophus ferrumequinum,0.033,0.033,-1,Echolocation,/mnt/ubna_data_01_mir/recover-20220825/UBNA_002/20220823_033000.WAV,Telephone Field,recover-20220825,002,1795
87.0695,87.1091,68437,82588,Rhinolophus ferrumequinum,0.022,0.022,-1,Echolocation,/mnt/ubna_data_01_mir/recover-20220825/UBNA_002/20220823_033000.WAV,Telephone Field,recover-20220825,002,1795
87.07849999999999,87.099,19453,22436,Nyctalus leisleri,0.012,0.024,-1,Echolocation,/mnt/ubna_data_01_mir/recover-20220825/UBNA_002/20220823_033000.WAV,Telephone Field,recover-20220825,002,1795
87.0935,87.13419999999999,68437,82518,Rhinolophus ferrumequinum,0.021,0.021,-1,Echolocation,/mnt/ubna_data_01_mir/recover-20220825/UBNA_002/20220823_033000.WAV,Telephone Field,recover-20220825,002,1795
87.1235,87.1651,68437,82919,Rhinolophus ferrumequinum,0.035,0.035,-1,Echolocation,/mnt/ubna_data_01_mir/recover-20220825/UBNA_002/20220823_033000.WAV,Telephone Field,recover-20220825,002,1795
87.1975,87.2368,68437,82562,Rhinolophus ferrumequinum,0.025,0.025,-1,Echolocation,/mnt/ubna_data_01_mir/recover-20220825/UBNA_002/20220823_033000.WAV,Telephone Field,recover-20220825,002,1795
87.2185,87.2282,28046,36793,Eptesicus serotinus,0.01,0.023,-1,Echolocation,/mnt/ubna_data_01_mir/recover-20220825/UBNA_002/20220823_033000.WAV,Telephone Field,recover-20220825,002,1795
87.2195,87.2304,22031,27583,Nyctalus leisleri,0.011,0.027,-1,Echolocation,/mnt/ubna_data_01_mir/recover-20220825/UBNA_002/20220823_033000.WAV,Telephone Field,recover-20220825,002,1795
87.2805,87.2897,27187,36466,Eptesicus serotinus,0.007,0.021,-1,Echolocation,/mnt/ubna_data_01_mir/recover-20220825/UBNA_002/20220823_033000.WAV,Telephone Field,recover-20220825,002,1795
87.29650000000001,87.30760000000001,25468,32201,Nyctalus leisleri,0.011,0.029,-1,Echolocation,/mnt/ubna_data_01_mir/recover-20220825/UBNA_002/20220823_033000.WAV,Telephone Field,recover-20220825,002,1795
87.3105,87.3483,68437,81780,Rhinolophus ferrumequinum,0.021,0.021,-1,Echolocation,/mnt/ubna_data_01_mir/recover-20220825/UBNA_002/20220823_033000.WAV,Telephone Field,recover-20220825,002,1795
87.3555,87.3957,68437,82349,Rhinolophus ferrumequinum,0.022,0.022,-1,Echolocation,/mnt/ubna_data_01_mir/recover-20220825/UBNA_002/20220823_033000.WAV,Telephone Field,recover-20220825,002,1795
87.3565,87.3661,24609,32029,Eptesicus serotinus,0.007,0.024,-1,Echolocation,/mnt/ubna_data_01_mir/recover-20220825/UBNA_002/20220823_033000.WAV,Telephone Field,recover-20220825,002,1795
87.3675,87.3754,29765,53133,Myotis daubentonii,0.007,0.022,-1,Echolocation,/mnt/ubna_data_01_mir/recover-20220825/UBNA_002/20220823_033000.WAV,Telephone Field,recover-20220825,002,1795
87.37049999999999,87.375,40937,54933,Myotis nattereri,0.007,0.025,-1,Echolocation,/mnt/ubna_data_01_mir/recover-20220825/UBNA_002/20220823_033000.WAV,Telephone Field,recover-20220825,002,1795
87.3875,87.4251,68437,81650,Rhinolophus ferrumequinum,0.023,0.023,-1,Echolocation,/mnt/ubna_data_01_mir/recover-20220825/UBNA_002/20220823_033000.WAV,Telephone Field,recover-20220825,002,1795
87.4175,87.4265,28046,39118,Eptesicus serotinus,0.008,0.021,-1,Echolocation,/mnt/ubna_data_01_mir/recover-20220825/UBNA_002/20220823_033000.WAV,Telephone Field,recover-20220825,002,1795
87.4195,87.4618,68437,82985,Rhinolophus ferrumequinum,0.026,0.026,-1,Echolocation,/mnt/ubna_data_01_mir/recover-20220825/UBNA_002/20220823_033000.WAV,Telephone Field,recover-20220825,002,1795
87.4315,87.4408,28906,38367,Eptesicus serotinus,0.008,0.021,-1,Echolocation,/mnt/ubna_data_01_mir/recover-20220825/UBNA_002/20220823_033000.WAV,Telephone Field,recover-20220825,002,1795
87.4405,87.4517,28046,34671,Eptesicus serotinus,0.013,0.026,-1,Echolocation,/mnt/ubna_data_01_mir/recover-20220825/UBNA_002/20220823_033000.WAV,Telephone Field,recover-20220825,002,1795
87.4525,87.4606,27187,38307,Eptesicus serotinus,0.006,0.021,-1,Echolocation,/mnt/ubna_data_01_mir/recover-20220825/UBNA_002/20220823_033000.WAV,Telephone Field,recover-20220825,002,1795
87.4635,87.4984,68437,81659,Rhinolophus ferrumequinum,0.021,0.021,-1,Echolocation,/mnt/ubna_data_01_mir/recover-20220825/UBNA_002/20220823_033000.WAV,Telephone Field,recover-20220825,002,1795
87.4805,87.5185,68437,81845,Rhinolophus ferrumequinum,0.021,0.021,-1,Echolocation,/mnt/ubna_data_01_mir/recover-20220825/UBNA_002/20220823_033000.WAV,Telephone Field,recover-20220825,002,1795
87.4825,87.4928,22031,26126,Nyctalus leisleri,0.011,0.021,-1,Echolocation,/mnt/ubna_data_01_mir/recover-20220825/UBNA_002/20220823_033000.WAV,Telephone Field,recover-20220825,002,1795
87.5125,87.5531,68437,82412,Rhinolophus ferrumequinum,0.021,0.021,-1,Echolocation,/mnt/ubna_data_01_mir/recover-20220825/UBNA_002/20220823_033000.WAV,Telephone Field,recover-20220825,002,1795
87.5295,87.5689,68437,81889,Rhinolophus ferrumequinum,0.022,0.022,-1,Echolocation,/mnt/ubna_data_01_mir/recover-20220825/UBNA_002/20220823_033000.WAV,Telephone Field,recover-20220825,002,1795
87.5505,87.5914,68437,82229,Rhinolophus ferrumequinum,0.021,0.021,-1,Echolocation,/mnt/ubna_data_01_mir/recover-20220825/UBNA_002/20220823_033000.WAV,Telephone Field,recover-20220825,002,1795
87.5775,87.5886,24609,32018,Nyctalus leisleri,0.014,0.034,-1,Echolocation,/mnt/ubna_data_01_mir/recover-20220825/UBNA_002/20220823_033000.WAV,Telephone Field,recover-20220825,002,1795
87.5825,87.6226,68437,81999,Rhinolophus ferrumequinum,0.022,0.022,-1,Echolocation,/mnt/ubna_data_01_mir/recover-20220825/UBNA_002/20220823_033000.WAV,Telephone Field,recover-20220825,002,1795
87.5875,87.6255,68437,82042,Rhinolophus ferrumequinum,0.022,0.022,-1,Echolocation,/mnt/ubna_data_01_mir/recover-20220825/UBNA_002/20220823_033000.WAV,Telephone Field,recover-20220825,002,1795
87.6165,87.6322,22031,25550,Nyctalus leisleri,0.022,0.036,-1,Echolocation,/mnt/ubna_data_01_mir/recover-20220825/UBNA_002/20220823_033000.WAV,Telephone Field,recover-20220825,002,1795
87.6335,87.6429,28046,37004,Eptesicus serotinus,0.008,0.021,-1,Echolocation,/mnt/ubna_data_01_mir/recover-20220825/UBNA_002/20220823_033000.WAV,Telephone Field,recover-20220825,002,1795
87.6445,87.6839,68437,82068,Rhinolophus ferrumequinum,0.023,0.023,-1,Echolocation,/mnt/ubna_data_01_mir/recover-20220825/UBNA_002/20220823_033000.WAV,Telephone Field,recover-20220825,002,1795
87.6545,87.6937,68437,81747,Rhinolophus ferrumequinum,0.021,0.021,-1,Echolocation,/mnt/ubna_data_01_mir/recover-20220825/UBNA_002/20220823_033000.WAV,Telephone Field,recover-20220825,002,1795
87.6795,87.689,24609,32403,Eptesicus serotinus,0.006,0.021,-1,Echolocation,/mnt/ubna_data_01_mir/recover-20220825/UBNA_002/20220823_033000.WAV,Telephone Field,recover-20220825,002,1795
87.6805,87.7205,68437,82604,Rhinolophus ferrumequinum,0.022,0.022,-1,Echolocation,/mnt/ubna_data_01_mir/recover-20220825/UBNA_002/20220823_033000.WAV,Telephone Field,recover-20220825,002,1795
87.7015,87.74289999999999,68437,82800,Rhinolophus ferrumequinum,0.025,0.026,-1,Echolocation,/mnt/ubna_data_01_mir/recover-20220825/UBNA_002/20220823_033000.WAV,Telephone Field,recover-20220825,002,1795
87.7255,87.7619,68437,81580,Rhinolophus ferrumequinum,0.022,0.022,-1,Echolocation,/mnt/ubna_data_01_mir/recover-20220825/UBNA_002/20220823_033000.WAV,Telephone Field,recover-20220825,002,1795
87.7295,87.7371,23750,32748,Plecotus austriacus,0.01,0.024,-1,Echolocation,/mnt/ubna_data_01_mir/recover-20220825/UBNA_002/20220823_033000.WAV,Telephone Field,recover-20220825,002,1795
87.7465,87.7565,22031,28134,Nyctalus leisleri,0.008,0.022,-1,Echolocation,/mnt/ubna_data_01_mir/recover-20220825/UBNA_002/20220823_033000.WAV,Telephone Field,recover-20220825,002,1795
87.7755,87.8142,68437,82541,Rhinolophus ferrumequinum,0.021,0.021,-1,Echolocation,/mnt/ubna_data_01_mir/recover-20220825/UBNA_002/20220823_033000.WAV,Telephone Field,recover-20220825,002,1795
87.7835,87.7907,26328,38605,Eptesicus serotinus,0.006,0.024,-1,Echolocation,/mnt/ubna_data_01_mir/recover-20220825/UBNA_002/20220823_033000.WAV,Telephone Field,recover-20220825,002,1795
87.7925,87.83160000000001,68437,82322,Rhinolophus ferrumequinum,0.023,0.023,-1,Echolocation,/mnt/ubna_data_01_mir/recover-20220825/UBNA_002/20220823_033000.WAV,Telephone Field,recover-20220825,002,1795
87.8035,87.82,15156,20213,Nyctalus noctula,0.036,0.048,-1,Echolocation,/mnt/ubna_data_01_mir/recover-20220825/UBNA_002/20220823_033000.WAV,Telephone Field,recover-20220825,002,1795
87.8035,87.8124,48671,53709,Pipistrellus pipistrellus,0.02,0.022,-1,Echolocation,/mnt/ubna_data_01_mir/recover-20220825/UBNA_002/20220823_033000.WAV,Telephone Field,recover-20220825,002,1795
87.8055,87.8154,22031,27350,Nyctalus leisleri,0.01,0.021,-1,Echolocation,/mnt/ubna_data_01_mir/recover-20220825/UBNA_002/20220823_033000.WAV,Telephone Field,recover-20220825,002,1795
87.8255,87.83279999999999,27187,39036,Eptesicus serotinus,0.006,0.022,-1,Echolocation,/mnt/ubna_data_01_mir/recover-20220825/UBNA_002/20220823_033000.WAV,Telephone Field,recover-20220825,002,1795
87.8475,87.8553,46093,53254,Pipistrellus pipistrellus,0.019,0.021,-1,Echolocation,/mnt/ubna_data_01_mir/recover-20220825/UBNA_002/20220823_033000.WAV,Telephone Field,recover-20220825,002,1795
87.85849999999999,87.8683,28906,36185,Eptesicus serotinus,0.008,0.021,-1,Echolocation,/mnt/ubna_data_01_mir/recover-20220825/UBNA_002/20220823_033000.WAV,Telephone Field,recover-20220825,002,1795
87.8985,87.9089,28906,37180,Eptesicus serotinus,0.015,0.031,-1,Echolocation,/mnt/ubna_data_01_mir/recover-20220825/UBNA_002/20220823_033000.WAV,Telephone Field,recover-20220825,002,1795
87.9055,87.9433,68437,81725,Rhinolophus ferrumequinum,0.022,0.022,-1,Echolocation,/mnt/ubna_data_01_mir/recover-20220825/UBNA_002/20220823_033000.WAV,Telephone Field,recover-20220825,002,1795
87.9515,87.992,68437,82486,Rhinolophus ferrumequinum,0.024,0.024,-1,Echolocation,/mnt/ubna_data_01_mir/recover-20220825/UBNA_002/20220823_033000.WAV,Telephone Field,recover-20220825,002,1795
87.9705,87.9799,23750,30321,Nyctalus leisleri,0.007,0.021,-1,Echolocation,/mnt/ubna_data_01_mir/recover-20220825/UBNA_002/20220823_033000.WAV,Telephone Field,recover-20220825,002,1795
88.0015,88.0093,21171,27471,Plecotus austriacus,0.009,0.031,-1,Echolocation,/mnt/ubna_data_01_mir/recover-20220825/UBNA_002/20220823_033000.WAV,Telephone Field,recover-20220825,002,1795
88.0015,88.0103,46093,51197,Pipistrellus pipistrellus,0.018,0.022,-1,Echolocation,/mnt/ubna_data_01_mir/recover-20220825/UBNA_002/20220823_033000.WAV,Telephone Field,recover-20220825,002,1795
88.0015,88.0335,68437,80012,Rhinolophus ferrumequinum,0.033,0.033,-1,Echolocation,/mnt/ubna_data_01_mir/recover-20220825/UBNA_002/20220823_033000.WAV,Telephone Field,recover-20220825,002,1795
88.0075,88.0493,68437,81983,Rhinolophus ferrumequinum,0.021,0.021,-1,Echolocation,/mnt/ubna_data_01_mir/recover-20220825/UBNA_002/20220823_033000.WAV,Telephone Field,recover-20220825,002,1795
88.0255,88.0353,28906,36038,Eptesicus serotinus,0.008,0.023,-1,Echolocation,/mnt/ubna_data_01_mir/recover-20220825/UBNA_002/20220823_033000.WAV,Telephone Field,recover-20220825,002,1795
88.0525,88.0623,38359,43598,Pipistrellus nathusii,0.01,0.024,-1,Echolocation,/mnt/ubna_data_01_mir/recover-20220825/UBNA_002/20220823_033000.WAV,Telephone Field,recover-20220825,002,1795
88.0755,88.1132,68437,81837,Rhinolophus ferrumequinum,0.023,0.023,-1,Echolocation,/mnt/ubna_data_01_mir/recover-20220825/UBNA_002/20220823_033000.WAV,Telephone Field,recover-20220825,002,1795
88.0815,88.09219999999999,23750,30227,Nyctalus leisleri,0.009,0.025,-1,Echolocation,/mnt/ubna_data_01_mir/recover-20220825/UBNA_002/20220823_033000.WAV,Telephone Field,recover-20220825,002,1795
88.10249999999999,88.1377,68437,82035,Rhinolophus ferrumequinum,0.024,0.024,-1,Echolocation,/mnt/ubna_data_01_mir/recover-20220825/UBNA_002/20220823_033000.WAV,Telephone Field,recover-20220825,002,1795
88.1035,88.1125,28906,38585,Eptesicus serotinus,0.01,0.023,-1,Echolocation,/mnt/ubna_data_01_mir/recover-20220825/UBNA_002/20220823_033000.WAV,Telephone Field,recover-20220825,002,1795
88.1705,88.2087,68437,82030,Rhinolophus ferrumequinum,0.025,0.025,-1,Echolocation,/mnt/ubna_data_01_mir/recover-20220825/UBNA_002/20220823_033000.WAV,Telephone Field,recover-20220825,002,1795
88.1905,88.2089,17734,22038,Nyctalus noctula,0.036,0.053,-1,Echolocation,/mnt/ubna_data_01_mir/recover-20220825/UBNA_002/20220823_033000.WAV,Telephone Field,recover-20220825,002,1795
88.1915,88.1981,25468,36770,Plecotus austriacus,0.011,0.03,-1,Echolocation,/mnt/ubna_data_01_mir/recover-20220825/UBNA_002/20220823_033000.WAV,Telephone Field,recover-20220825,002,1795
88.2685,88.2791,23750,30008,Nyctalus leisleri,0.012,0.027,-1,Echolocation,/mnt/ubna_data_01_mir/recover-20220825/UBNA_002/20220823_033000.WAV,Telephone Field,recover-20220825,002,1795
88.29650000000001,88.3031,28046,38513,Eptesicus serotinus,0.016,0.049,-1,Echolocation,/mnt/ubna_data_01_mir/recover-20220825/UBNA_002/20220823_033000.WAV,Telephone Field,recover-20220825,002,1795
88.3365,88.3729,68437,82255,Rhinolophus ferrumequinum,0.021,0.021,-1,Echolocation,/mnt/ubna_data_01_mir/recover-20220825/UBNA_002/20220823_033000.WAV,Telephone Field,recover-20220825,002,1795
88.36449999999999,88.3814,15156,20912,Nyctalus noctula,0.017,0.024,-1,Echolocation,/mnt/ubna_data_01_mir/recover-20220825/UBNA_002/20220823_033000.WAV,Telephone Field,recover-20220825,002,1795
88.38550000000001,88.4222,68437,81916,Rhinolophus ferrumequinum,0.021,0.021,-1,Echolocation,/mnt/ubna_data_01_mir/recover-20220825/UBNA_002/20220823_033000.WAV,Telephone Field,recover-20220825,002,1795
88.4555,88.46209999999999,24609,34631,Plecotus austriacus,0.009,0.027,-1,Echolocation,/mnt/ubna_data_01_mir/recover-20220825/UBNA_002/20220823_033000.WAV,Telephone Field,recover-20220825,002,1795
88.4625,88.4987,68437,81412,Rhinolophus ferrumequinum,0.023,0.023,-1,Echolocation,/mnt/ubna_data_01_mir/recover-20220825/UBNA_002/20220823_033000.WAV,Telephone Field,recover-20220825,002,1795
88.4795,88.48689999999999,28046,40443,Eptesicus serotinus,0.009,0.025,-1,Echolocation,/mnt/ubna_data_01_mir/recover-20220825/UBNA_002/20220823_033000.WAV,Telephone Field,recover-20220825,002,1795
88.4915,88.5303,68437,82043,Rhinolophus ferrumequinum,0.023,0.023,-1,Echolocation,/mnt/ubna_data_01_mir/recover-20220825/UBNA_002/20220823_033000.WAV,Telephone Field,recover-20220825,002,1795
88.51050000000001,88.5478,68437,81362,Rhinolophus ferrumequinum,0.022,0.022,-1,Echolocation,/mnt/ubna_data_01_mir/recover-20220825/UBNA_002/20220823_033000.WAV,Telephone Field,recover-20220825,002,1795
88.5365,88.57339999999999,68437,81534,Rhinolophus ferrumequinum,0.022,0.022,-1,Echolocation,/mnt/ubna_data_01_mir/recover-20220825/UBNA_002/20220823_033000.WAV,Telephone Field,recover-20220825,002,1795
88.5585,88.5648,28046,39816,Eptesicus serotinus,0.009,0.031,-1,Echolocation,/mnt/ubna_data_01_mir/recover-20220825/UBNA_002/20220823_033000.WAV,Telephone Field,recover-20220825,002,1795
88.5805,88.61670000000001,68437,82031,Rhinolophus ferrumequinum,0.022,0.022,-1,Echolocation,/mnt/ubna_data_01_mir/recover-20220825/UBNA_002/20220823_033000.WAV,Telephone Field,recover-20220825,002,1795
88.6225,88.6313,28046,39028,Eptesicus serotinus,0.008,0.022,-1,Echolocation,/mnt/ubna_data_01_mir/recover-20220825/UBNA_002/20220823_033000.WAV,Telephone Field,recover-20220825,002,1795
88.62950000000001,88.6676,68437,81245,Rhinolophus ferrumequinum,0.021,0.021,-1,Echolocation,/mnt/ubna_data_01_mir/recover-20220825/UBNA_002/20220823_033000.WAV,Telephone Field,recover-20220825,002,1795
88.6875,88.7257,68437,82051,Rhinolophus ferrumequinum,0.022,0.022,-1,Echolocation,/mnt/ubna_data_01_mir/recover-20220825/UBNA_002/20220823_033000.WAV,Telephone Field,recover-20220825,002,1795
88.7285,88.7702,68437,83221,Rhinolophus ferrumequinum,0.025,0.025,-1,Echolocation,/mnt/ubna_data_01_mir/recover-20220825/UBNA_002/20220823_033000.WAV,Telephone Field,recover-20220825,002,1795
88.7575,88.7683,23750,30492,Nyctalus leisleri,0.008,0.022,-1,Echolocation,/mnt/ubna_data_01_mir/recover-20220825/UBNA_002/20220823_033000.WAV,Telephone Field,recover-20220825,002,1795
88.8715,88.9094,68437,82131,Rhinolophus ferrumequinum,0.021,0.021,-1,Echolocation,/mnt/ubna_data_01_mir/recover-20220825/UBNA_002/20220823_033000.WAV,Telephone Field,recover-20220825,002,1795
88.8715,88.8788,25468,34958,Eptesicus serotinus,0.005,0.021,-1,Echolocation,/mnt/ubna_data_01_mir/recover-20220825/UBNA_002/20220823_033000.WAV,Telephone Field,recover-20220825,002,1795
88.9075,88.9517,68437,83087,Rhinolophus ferrumequinum,0.025,0.025,-1,Echolocation,/mnt/ubna_data_01_mir/recover-20220825/UBNA_002/20220823_033000.WAV,Telephone Field,recover-20220825,002,1795
88.9115,88.9163,37500,62675,Myotis brandtii,0.008,0.023,-1,Echolocation,/mnt/ubna_data_01_mir/recover-20220825/UBNA_002/20220823_033000.WAV,Telephone Field,recover-20220825,002,1795
88.9385,88.9459,28046,40343,Eptesicus serotinus,0.008,0.025,-1,Echolocation,/mnt/ubna_data_01_mir/recover-20220825/UBNA_002/20220823_033000.WAV,Telephone Field,recover-20220825,002,1795
88.9585,88.9967,68437,82322,Rhinolophus ferrumequinum,0.025,0.025,-1,Echolocation,/mnt/ubna_data_01_mir/recover-20220825/UBNA_002/20220823_033000.WAV,Telephone Field,recover-20220825,002,1795
88.9635,88.9717,28046,41554,Eptesicus serotinus,0.01,0.026,-1,Echolocation,/mnt/ubna_data_01_mir/recover-20220825/UBNA_002/20220823_033000.WAV,Telephone Field,recover-20220825,002,1795
88.9815,88.9906,24609,32322,Eptesicus serotinus,0.007,0.023,-1,Echolocation,/mnt/ubna_data_01_mir/recover-20220825/UBNA_002/20220823_033000.WAV,Telephone Field,recover-20220825,002,1795
88.9825,89.0231,68437,82880,Rhinolophus ferrumequinum,0.026,0.026,-1,Echolocation,/mnt/ubna_data_01_mir/recover-20220825/UBNA_002/20220823_033000.WAV,Telephone Field,recover-20220825,002,1795
89.0265,89.0647,68437,81479,Rhinolophus ferrumequinum,0.025,0.025,-1,Echolocation,/mnt/ubna_data_01_mir/recover-20220825/UBNA_002/20220823_033000.WAV,Telephone Field,recover-20220825,002,1795
89.0295,89.03960000000001,22031,27228,Nyctalus leisleri,0.009,0.021,-1,Echolocation,/mnt/ubna_data_01_mir/recover-20220825/UBNA_002/20220823_033000.WAV,Telephone Field,recover-20220825,002,1795
89.0495,89.0844,68437,80606,Rhinolophus ferrumequinum,0.023,0.023,-1,Echolocation,/mnt/ubna_data_01_mir/recover-20220825/UBNA_002/20220823_033000.WAV,Telephone Field,recover-20220825,002,1795
89.0715,89.07939999999999,27187,42030,Eptesicus serotinus,0.009,0.027,-1,Echolocation,/mnt/ubna_data_01_mir/recover-20220825/UBNA_002/20220823_033000.WAV,Telephone Field,recover-20220825,002,1795
89.07849999999999,89.1143,68437,82076,Rhinolophus ferrumequinum,0.029,0.029,-1,Echolocation,/mnt/ubna_data_01_mir/recover-20220825/UBNA_002/20220823_033000.WAV,Telephone Field,recover-20220825,002,1795
89.0955,89.1325,68437,81466,Rhinolophus ferrumequinum,0.024,0.024,-1,Echolocation,/mnt/ubna_data_01_mir/recover-20220825/UBNA_002/20220823_033000.WAV,Telephone Field,recover-20220825,002,1795
89.10849999999999,89.1151,26328,39916,Plecotus auritus,0.011,0.034,-1,Echolocation,/mnt/ubna_data_01_mir/recover-20220825/UBNA_002/20220823_033000.WAV,Telephone Field,recover-20220825,002,1795
89.1245,89.1617,68437,82193,Rhinolophus ferrumequinum,0.022,0.022,-1,Echolocation,/mnt/ubna_data_01_mir/recover-20220825/UBNA_002/20220823_033000.WAV,Telephone Field,recover-20220825,002,1795
89.1265,89.1358,29765,36289,Eptesicus serotinus,0.008,0.021,-1,Echolocation,/mnt/ubna_data_01_mir/recover-20220825/UBNA_002/20220823_033000.WAV,Telephone Field,recover-20220825,002,1795
89.1505,89.1896,68437,82298,Rhinolophus ferrumequinum,0.031,0.031,-1,Echolocation,/mnt/ubna_data_01_mir/recover-20220825/UBNA_002/20220823_033000.WAV,Telephone Field,recover-20220825,002,1795
89.1545,89.1645,22031,27196,Nyctalus leisleri,0.01,0.024,-1,Echolocation,/mnt/ubna_data_01_mir/recover-20220825/UBNA_002/20220823_033000.WAV,Telephone Field,recover-20220825,002,1795
89.1625,89.1688,28046,38864,Eptesicus serotinus,0.006,0.023,-1,Echolocation,/mnt/ubna_data_01_mir/recover-20220825/UBNA_002/20220823_033000.WAV,Telephone Field,recover-20220825,002,1795
89.1835,89.19069999999999,28906,39973,Eptesicus serotinus,0.008,0.025,-1,Echolocation,/mnt/ubna_data_01_mir/recover-20220825/UBNA_002/20220823_033000.WAV,Telephone Field,recover-20220825,002,1795
89.1845,89.1909,23750,35436,Plecotus austriacus,0.012,0.027,-1,Echolocation,/mnt/ubna_data_01_mir/recover-20220825/UBNA_002/20220823_033000.WAV,Telephone Field,recover-20220825,002,1795
89.2675,89.2767,28046,39466,Eptesicus serotinus,0.009,0.022,-1,Echolocation,/mnt/ubna_data_01_mir/recover-20220825/UBNA_002/20220823_033000.WAV,Telephone Field,recover-20220825,002,1795
89.2825,89.2892,28046,41126,Eptesicus serotinus,0.006,0.024,-1,Echolocation,/mnt/ubna_data_01_mir/recover-20220825/UBNA_002/20220823_033000.WAV,Telephone Field,recover-20220825,002,1795
89.3295,89.34,23750,30388,Nyctalus leisleri,0.009,0.026,-1,Echolocation,/mnt/ubna_data_01_mir/recover-20220825/UBNA_002/20220823_033000.WAV,Telephone Field,recover-20220825,002,1795
89.3295,89.3695,68437,82938,Rhinolophus ferrumequinum,0.023,0.023,-1,Echolocation,/mnt/ubna_data_01_mir/recover-20220825/UBNA_002/20220823_033000.WAV,Telephone Field,recover-20220825,002,1795
89.3375,89.3477,27187,35538,Eptesicus serotinus,0.012,0.025,-1,Echolocation,/mnt/ubna_data_01_mir/recover-20220825/UBNA_002/20220823_033000.WAV,Telephone Field,recover-20220825,002,1795
89.3505,89.38759999999999,68437,81694,Rhinolophus ferrumequinum,0.022,0.022,-1,Echolocation,/mnt/ubna_data_01_mir/recover-20220825/UBNA_002/20220823_033000.WAV,Telephone Field,recover-20220825,002,1795
89.3665,89.4053,68437,81998,Rhinolophus ferrumequinum,0.03,0.03,-1,Echolocation,/mnt/ubna_data_01_mir/recover-20220825/UBNA_002/20220823_033000.WAV,Telephone Field,recover-20220825,002,1795
89.3985,89.4124,28046,33266,Eptesicus serotinus,0.018,0.033,-1,Echolocation,/mnt/ubna_data_01_mir/recover-20220825/UBNA_002/20220823_033000.WAV,Telephone Field,recover-20220825,002,1795
89.4195,89.4573,68437,82068,Rhinolophus ferrumequinum,0.023,0.023,-1,Echolocation,/mnt/ubna_data_01_mir/recover-20220825/UBNA_002/20220823_033000.WAV,Telephone Field,recover-20220825,002,1795
89.4355,89.4733,68437,81611,Rhinolophus ferrumequinum,0.023,0.023,-1,Echolocation,/mnt/ubna_data_01_mir/recover-20220825/UBNA_002/20220823_033000.WAV,Telephone Field,recover-20220825,002,1795
89.48349999999999,89.5255,68437,83519,Rhinolophus ferrumequinum,0.024,0.024,-1,Echolocation,/mnt/ubna_data_01_mir/recover-20220825/UBNA_002/20220823_033000.WAV,Telephone Field,recover-20220825,002,1795
89.4865,89.4965,27187,36129,Eptesicus serotinus,0.018,0.034,-1,Echolocation,/mnt/ubna_data_01_mir/recover-20220825/UBNA_002/20220823_033000.WAV,Telephone Field,recover-20220825,002,1795
89.5065,89.5171,22890,28375,Nyctalus leisleri,0.011,0.025,-1,Echolocation,/mnt/ubna_data_01_mir/recover-20220825/UBNA_002/20220823_033000.WAV,Telephone Field,recover-20220825,002,1795
89.5215,89.5295,28906,38622,Eptesicus serotinus,0.007,0.022,-1,Echolocation,/mnt/ubna_data_01_mir/recover-20220825/UBNA_002/20220823_033000.WAV,Telephone Field,recover-20220825,002,1795
89.5245,89.5324,24609,33030,Plecotus austriacus,0.006,0.022,-1,Echolocation,/mnt/ubna_data_01_mir/recover-20220825/UBNA_002/20220823_033000.WAV,Telephone Field,recover-20220825,002,1795
89.5545,89.596,68437,82421,Rhinolophus ferrumequinum,0.023,0.023,-1,Echolocation,/mnt/ubna_data_01_mir/recover-20220825/UBNA_002/20220823_033000.WAV,Telephone Field,recover-20220825,002,1795
89.5595,89.5675,28046,41224,Eptesicus serotinus,0.007,0.021,-1,Echolocation,/mnt/ubna_data_01_mir/recover-20220825/UBNA_002/20220823_033000.WAV,Telephone Field,recover-20220825,002,1795
89.5605,89.6007,68437,82833,Rhinolophus ferrumequinum,0.022,0.022,-1,Echolocation,/mnt/ubna_data_01_mir/recover-20220825/UBNA_002/20220823_033000.WAV,Telephone Field,recover-20220825,002,1795
89.6065,89.6169,28046,35015,Eptesicus serotinus,0.012,0.026,-1,Echolocation,/mnt/ubna_data_01_mir/recover-20220825/UBNA_002/20220823_033000.WAV,Telephone Field,recover-20220825,002,1795
89.6165,89.6537,68437,82059,Rhinolophus ferrumequinum,0.021,0.022,-1,Echolocation,/mnt/ubna_data_01_mir/recover-20220825/UBNA_002/20220823_033000.WAV,Telephone Field,recover-20220825,002,1795
89.65350000000001,89.6619,28046,39098,Eptesicus serotinus,0.009,0.022,-1,Echolocation,/mnt/ubna_data_01_mir/recover-20220825/UBNA_002/20220823_033000.WAV,Telephone Field,recover-20220825,002,1795
89.6625,89.6988,68437,81799,Rhinolophus ferrumequinum,0.022,0.022,-1,Echolocation,/mnt/ubna_data_01_mir/recover-20220825/UBNA_002/20220823_033000.WAV,Telephone Field,recover-20220825,002,1795
89.6775,89.7197,68437,83269,Rhinolophus ferrumequinum,0.039,0.039,-1,Echolocation,/mnt/ubna_data_01_mir/recover-20220825/UBNA_002/20220823_033000.WAV,Telephone Field,recover-20220825,002,1795
89.6795,89.6873,28906,41450,Eptesicus serotinus,0.007,0.022,-1,Echolocation,/mnt/ubna_data_01_mir/recover-20220825/UBNA_002/20220823_033000.WAV,Telephone Field,recover-20220825,002,1795
89.7135,89.74940000000001,68437,81324,Rhinolophus ferrumequinum,0.021,0.021,-1,Echolocation,/mnt/ubna_data_01_mir/recover-20220825/UBNA_002/20220823_033000.WAV,Telephone Field,recover-20220825,002,1795
89.7435,89.7512,22890,30807,Plecotus austriacus,0.014,0.027,-1,Echolocation,/mnt/ubna_data_01_mir/recover-20220825/UBNA_002/20220823_033000.WAV,Telephone Field,recover-20220825,002,1795
89.7515,89.7595,27187,37250,Eptesicus serotinus,0.01,0.025,-1,Echolocation,/mnt/ubna_data_01_mir/recover-20220825/UBNA_002/20220823_033000.WAV,Telephone Field,recover-20220825,002,1795
89.7715,89.8094,68437,81513,Rhinolophus ferrumequinum,0.025,0.026,-1,Echolocation,/mnt/ubna_data_01_mir/recover-20220825/UBNA_002/20220823_033000.WAV,Telephone Field,recover-20220825,002,1795
89.8005,89.8418,68437,83450,Rhinolophus ferrumequinum,0.023,0.023,-1,Echolocation,/mnt/ubna_data_01_mir/recover-20220825/UBNA_002/20220823_033000.WAV,Telephone Field,recover-20220825,002,1795
89.8155,89.8247,28046,38024,Eptesicus serotinus,0.01,0.023,-1,Echolocation,/mnt/ubna_data_01_mir/recover-20220825/UBNA_002/20220823_033000.WAV,Telephone Field,recover-20220825,002,1795
89.8375,89.8483,22890,28363,Nyctalus leisleri,0.012,0.027,-1,Echolocation,/mnt/ubna_data_01_mir/recover-20220825/UBNA_002/20220823_033000.WAV,Telephone Field,recover-20220825,002,1795
89.8695,89.9065,68437,82090,Rhinolophus ferrumequinum,0.022,0.022,-1,Echolocation,/mnt/ubna_data_01_mir/recover-20220825/UBNA_002/20220823_033000.WAV,Telephone Field,recover-20220825,002,1795
89.8715,89.879,27187,41053,Eptesicus serotinus,0.007,0.022,-1,Echolocation,/mnt/ubna_data_01_mir/recover-20220825/UBNA_002/20220823_033000.WAV,Telephone Field,recover-20220825,002,1795
89.8885,89.9234,68437,81424,Rhinolophus ferrumequinum,0.022,0.022,-1,Echolocation,/mnt/ubna_data_01_mir/recover-20220825/UBNA_002/20220823_033000.WAV,Telephone Field,recover-20220825,002,1795
89.8895,89.898,28046,39679,Eptesicus serotinus,0.009,0.024,-1,Echolocation,/mnt/ubna_data_01_mir/recover-20220825/UBNA_002/20220823_033000.WAV,Telephone Field,recover-20220825,002,1795
89.9015,89.9427,68437,83190,Rhinolophus ferrumequinum,0.022,0.022,-1,Echolocation,/mnt/ubna_data_01_mir/recover-20220825/UBNA_002/20220823_033000.WAV,Telephone Field,recover-20220825,002,1795
89.9065,89.914,28046,41448,Eptesicus serotinus,0.008,0.022,-1,Echolocation,/mnt/ubna_data_01_mir/recover-20220825/UBNA_002/20220823_033000.WAV,Telephone Field,recover-20220825,002,1795
89.9255,89.9657,68437,82688,Rhinolophus ferrumequinum,0.027,0.027,-1,Echolocation,/mnt/ubna_data_01_mir/recover-20220825/UBNA_002/20220823_033000.WAV,Telephone Field,recover-20220825,002,1795
89.9355,89.946,28046,36588,Eptesicus serotinus,0.011,0.021,-1,Echolocation,/mnt/ubna_data_01_mir/recover-20220825/UBNA_002/20220823_033000.WAV,Telephone Field,recover-20220825,002,1795
89.9495,89.9602,14296,20303,Nyctalus noctula,0.012,0.021,-1,Echolocation,/mnt/ubna_data_01_mir/recover-20220825/UBNA_002/20220823_033000.WAV,Telephone Field,recover-20220825,002,1795
89.95349999999999,89.9943,68437,82927,Rhinolophus ferrumequinum,0.024,0.024,-1,Echolocation,/mnt/ubna_data_01_mir/recover-20220825/UBNA_002/20220823_033000.WAV,Telephone Field,recover-20220825,002,1795
89.9705,89.9795,22890,30077,Plecotus austriacus,0.01,0.029,-1,Echolocation,/mnt/ubna_data_01_mir/recover-20220825/UBNA_002/20220823_033000.WAV,Telephone Field,recover-20220825,002,1795
89.98349999999999,89.9913,28046,39099,Eptesicus serotinus,0.009,0.025,-1,Echolocation,/mnt/ubna_data_01_mir/recover-20220825/UBNA_002/20220823_033000.WAV,Telephone Field,recover-20220825,002,1795
90.0015,90.0351,68437,80490,Rhinolophus ferrumequinum,0.068,0.068,-1,Echolocation,/mnt/ubna_data_01_mir/recover-20220825/UBNA_002/20220823_033000.WAV,Telephone Field,recover-20220825,002,1795
90.0015,90.0083,22890,35460,Plecotus austriacus,0.007,0.022,-1,Echolocation,/mnt/ubna_data_01_mir/recover-20220825/UBNA_002/20220823_033000.WAV,Telephone Field,recover-20220825,002,1795
90.0015,90.0094,30625,40151,Myotis daubentonii,0.007,0.025,-1,Echolocation,/mnt/ubna_data_01_mir/recover-20220825/UBNA_002/20220823_033000.WAV,Telephone Field,recover-20220825,002,1795
90.0365,90.0445,23750,32636,Plecotus austriacus,0.008,0.022,-1,Echolocation,/mnt/ubna_data_01_mir/recover-20220825/UBNA_002/20220823_033000.WAV,Telephone Field,recover-20220825,002,1795
90.0565,90.0639,27187,39155,Eptesicus serotinus,0.01,0.027,-1,Echolocation,/mnt/ubna_data_01_mir/recover-20220825/UBNA_002/20220823_033000.WAV,Telephone Field,recover-20220825,002,1795
90.0575,90.0985,68437,82877,Rhinolophus ferrumequinum,0.027,0.027,-1,Echolocation,/mnt/ubna_data_01_mir/recover-20220825/UBNA_002/20220823_033000.WAV,Telephone Field,recover-20220825,002,1795
90.0745,90.1161,68437,82606,Rhinolophus ferrumequinum,0.023,0.023,-1,Echolocation,/mnt/ubna_data_01_mir/recover-20220825/UBNA_002/20220823_033000.WAV,Telephone Field,recover-20220825,002,1795
90.1275,90.1382,22890,28135,Nyctalus leisleri,0.011,0.022,-1,Echolocation,/mnt/ubna_data_01_mir/recover-20220825/UBNA_002/20220823_033000.WAV,Telephone Field,recover-20220825,002,1795
90.1385,90.1502,25468,31153,Nyctalus leisleri,0.011,0.026,-1,Echolocation,/mnt/ubna_data_01_mir/recover-20220825/UBNA_002/20220823_033000.WAV,Telephone Field,recover-20220825,002,1795
90.1605,90.1995,68437,82470,Rhinolophus ferrumequinum,0.023,0.024,-1,Echolocation,/mnt/ubna_data_01_mir/recover-20220825/UBNA_002/20220823_033000.WAV,Telephone Field,recover-20220825,002,1795
90.1725,90.18,28046,38178,Eptesicus serotinus,0.008,0.022,-1,Echolocation,/mnt/ubna_data_01_mir/recover-20220825/UBNA_002/20220823_033000.WAV,Telephone Field,recover-20220825,002,1795
90.1915,90.1988,25468,34806,Eptesicus serotinus,0.007,0.024,-1,Echolocation,/mnt/ubna_data_01_mir/recover-20220825/UBNA_002/20220823_033000.WAV,Telephone Field,recover-20220825,002,1795
90.2225,90.2591,68437,82329,Rhinolophus ferrumequinum,0.024,0.024,-1,Echolocation,/mnt/ubna_data_01_mir/recover-20220825/UBNA_002/20220823_033000.WAV,Telephone Field,recover-20220825,002,1795
90.2385,90.249,22031,26936,Nyctalus leisleri,0.01,0.022,-1,Echolocation,/mnt/ubna_data_01_mir/recover-20220825/UBNA_002/20220823_033000.WAV,Telephone Field,recover-20220825,002,1795
90.3265,90.3341,27187,39679,Eptesicus serotinus,0.007,0.022,-1,Echolocation,/mnt/ubna_data_01_mir/recover-20220825/UBNA_002/20220823_033000.WAV,Telephone Field,recover-20220825,002,1795
90.3545,90.3958,68437,82512,Rhinolophus ferrumequinum,0.023,0.023,-1,Echolocation,/mnt/ubna_data_01_mir/recover-20220825/UBNA_002/20220823_033000.WAV,Telephone Field,recover-20220825,002,1795
90.3735,90.409,68437,82138,Rhinolophus ferrumequinum,0.022,0.022,-1,Echolocation,/mnt/ubna_data_01_mir/recover-20220825/UBNA_002/20220823_033000.WAV,Telephone Field,recover-20220825,002,1795
90.4065,90.4462,68437,81837,Rhinolophus ferrumequinum,0.021,0.021,-1,Echolocation,/mnt/ubna_data_01_mir/recover-20220825/UBNA_002/20220823_033000.WAV,Telephone Field,recover-20220825,002,1795
90.4395,90.4487,23750,31258,Nyctalus leisleri,0.007,0.026,-1,Echolocation,/mnt/ubna_data_01_mir/recover-20220825/UBNA_002/20220823_033000.WAV,Telephone Field,recover-20220825,002,1795
90.4555,90.4971,68437,83008,Rhinolophus ferrumequinum,0.031,0.031,-1,Echolocation,/mnt/ubna_data_01_mir/recover-20220825/UBNA_002/20220823_033000.WAV,Telephone Field,recover-20220825,002,1795
90.4685,90.5103,68437,82380,Rhinolophus ferrumequinum,0.022,0.022,-1,Echolocation,/mnt/ubna_data_01_mir/recover-20220825/UBNA_002/20220823_033000.WAV,Telephone Field,recover-20220825,002,1795
90.5115,90.5206,22890,28947,Nyctalus leisleri,0.008,0.021,-1,Echolocation,/mnt/ubna_data_01_mir/recover-20220825/UBNA_002/20220823_033000.WAV,Telephone Field,recover-20220825,002,1795
90.5345,90.5487,33203,38914,Eptesicus serotinus,0.01,0.029,-1,Echolocation,/mnt/ubna_data_01_mir/recover-20220825/UBNA_002/20220823_033000.WAV,Telephone Field,recover-20220825,002,1795
90.5375,90.576,68437,82437,Rhinolophus ferrumequinum,0.026,0.026,-1,Echolocation,/mnt/ubna_data_01_mir/recover-20220825/UBNA_002/20220823_033000.WAV,Telephone Field,recover-20220825,002,1795
90.5535,90.5947,68437,82424,Rhinolophus ferrumequinum,0.026,0.026,-1,Echolocation,/mnt/ubna_data_01_mir/recover-20220825/UBNA_002/20220823_033000.WAV,Telephone Field,recover-20220825,002,1795
90.5985,90.6058,23750,32370,Plecotus austriacus,0.01,0.022,-1,Echolocation,/mnt/ubna_data_01_mir/recover-20220825/UBNA_002/20220823_033000.WAV,Telephone Field,recover-20220825,002,1795
90.6155,90.6571,68437,83223,Rhinolophus ferrumequinum,0.026,0.026,-1,Echolocation,/mnt/ubna_data_01_mir/recover-20220825/UBNA_002/20220823_033000.WAV,Telephone Field,recover-20220825,002,1795
90.6575,90.6966,68437,81356,Rhinolophus ferrumequinum,0.024,0.024,-1,Echolocation,/mnt/ubna_data_01_mir/recover-20220825/UBNA_002/20220823_033000.WAV,Telephone Field,recover-20220825,002,1795
90.6665,90.6752,25468,34099,Eptesicus serotinus,0.009,0.025,-1,Echolocation,/mnt/ubna_data_01_mir/recover-20220825/UBNA_002/20220823_033000.WAV,Telephone Field,recover-20220825,002,1795
90.6825,90.7193,68437,81771,Rhinolophus ferrumequinum,0.021,0.021,-1,Echolocation,/mnt/ubna_data_01_mir/recover-20220825/UBNA_002/20220823_033000.WAV,Telephone Field,recover-20220825,002,1795
90.7135,90.7512,68437,82664,Rhinolophus ferrumequinum,0.021,0.021,-1,Echolocation,/mnt/ubna_data_01_mir/recover-20220825/UBNA_002/20220823_033000.WAV,Telephone Field,recover-20220825,002,1795
90.7255,90.7628,68437,81537,Rhinolophus ferrumequinum,0.022,0.022,-1,Echolocation,/mnt/ubna_data_01_mir/recover-20220825/UBNA_002/20220823_033000.WAV,Telephone Field,recover-20220825,002,1795
90.7355,90.7733,68437,82114,Rhinolophus ferrumequinum,0.022,0.022,-1,Echolocation,/mnt/ubna_data_01_mir/recover-20220825/UBNA_002/20220823_033000.WAV,Telephone Field,recover-20220825,002,1795
90.7555,90.7667,23750,29203,Nyctalus leisleri,0.011,0.024,-1,Echolocation,/mnt/ubna_data_01_mir/recover-20220825/UBNA_002/20220823_033000.WAV,Telephone Field,recover-20220825,002,1795
90.7585,90.7936,68437,81600,Rhinolophus ferrumequinum,0.035,0.035,-1,Echolocation,/mnt/ubna_data_01_mir/recover-20220825/UBNA_002/20220823_033000.WAV,Telephone Field,recover-20220825,002,1795
90.8325,90.8427,22890,28298,Nyctalus leisleri,0.01,0.022,-1,Echolocation,/mnt/ubna_data_01_mir/recover-20220825/UBNA_002/20220823_033000.WAV,Telephone Field,recover-20220825,002,1795
90.8965,90.9374,68437,82598,Rhinolophus ferrumequinum,0.021,0.021,-1,Echolocation,/mnt/ubna_data_01_mir/recover-20220825/UBNA_002/20220823_033000.WAV,Telephone Field,recover-20220825,002,1795
90.9195,90.9607,68437,82562,Rhinolophus ferrumequinum,0.023,0.023,-1,Echolocation,/mnt/ubna_data_01_mir/recover-20220825/UBNA_002/20220823_033000.WAV,Telephone Field,recover-20220825,002,1795
90.9235,90.9337,22890,28649,Nyctalus leisleri,0.011,0.024,-1,Echolocation,/mnt/ubna_data_01_mir/recover-20220825/UBNA_002/20220823_033000.WAV,Telephone Field,recover-20220825,002,1795
90.9555,90.9933,68437,82545,Rhinolophus ferrumequinum,0.029,0.029,-1,Echolocation,/mnt/ubna_data_01_mir/recover-20220825/UBNA_002/20220823_033000.WAV,Telephone Field,recover-20220825,002,1795
90.9855,90.996,22890,28717,Nyctalus leisleri,0.009,0.021,-1,Echolocation,/mnt/ubna_data_01_mir/recover-20220825/UBNA_002/20220823_033000.WAV,Telephone Field,recover-20220825,002,1795
91.0015,91.0421,68437,82540,Rhinolophus ferrumequinum,0.021,0.021,-1,Echolocation,/mnt/ubna_data_01_mir/recover-20220825/UBNA_002/20220823_033000.WAV,Telephone Field,recover-20220825,002,1795
91.0075,91.0166,24609,32296,Eptesicus serotinus,0.007,0.024,-1,Echolocation,/mnt/ubna_data_01_mir/recover-20220825/UBNA_002/20220823_033000.WAV,Telephone Field,recover-20220825,002,1795
91.0175,91.0543,68437,82065,Rhinolophus ferrumequinum,0.023,0.023,-1,Echolocation,/mnt/ubna_data_01_mir/recover-20220825/UBNA_002/20220823_033000.WAV,Telephone Field,recover-20220825,002,1795
91.0595,91.0702,30625,37936,Eptesicus serotinus,0.008,0.022,-1,Echolocation,/mnt/ubna_data_01_mir/recover-20220825/UBNA_002/20220823_033000.WAV,Telephone Field,recover-20220825,002,1795
91.0935,91.1338,68437,82767,Rhinolophus ferrumequinum,0.022,0.022,-1,Echolocation,/mnt/ubna_data_01_mir/recover-20220825/UBNA_002/20220823_033000.WAV,Telephone Field,recover-20220825,002,1795
91.1065,91.1142,27187,39164,Eptesicus serotinus,0.007,0.022,-1,Echolocation,/mnt/ubna_data_01_mir/recover-20220825/UBNA_002/20220823_033000.WAV,Telephone Field,recover-20220825,002,1795
91.1545,91.1671,53828,58005,Pipistrellus pygmaeus,0.02,0.024,-1,Echolocation,/mnt/ubna_data_01_mir/recover-20220825/UBNA_002/20220823_033000.WAV,Telephone Field,recover-20220825,002,1795
91.1915,91.2347,68437,83075,Rhinolophus ferrumequinum,0.029,0.029,-1,Echolocation,/mnt/ubna_data_01_mir/recover-20220825/UBNA_002/20220823_033000.WAV,Telephone Field,recover-20220825,002,1795
91.2095,91.22409999999999,14296,18696,Nyctalus noctula,0.022,0.033,-1,Echolocation,/mnt/ubna_data_01_mir/recover-20220825/UBNA_002/20220823_033000.WAV,Telephone Field,recover-20220825,002,1795
91.2305,91.2644,68437,81331,Rhinolophus ferrumequinum,0.024,0.024,-1,Echolocation,/mnt/ubna_data_01_mir/recover-20220825/UBNA_002/20220823_033000.WAV,Telephone Field,recover-20220825,002,1795
91.2415,91.2504,26328,35095,Eptesicus serotinus,0.011,0.025,-1,Echolocation,/mnt/ubna_data_01_mir/recover-20220825/UBNA_002/20220823_033000.WAV,Telephone Field,recover-20220825,002,1795
91.2415,91.2805,68437,82052,Rhinolophus ferrumequinum,0.022,0.022,-1,Echolocation,/mnt/ubna_data_01_mir/recover-20220825/UBNA_002/20220823_033000.WAV,Telephone Field,recover-20220825,002,1795
91.2655,91.2723,27187,36493,Eptesicus serotinus,0.01,0.036,-1,Echolocation,/mnt/ubna_data_01_mir/recover-20220825/UBNA_002/20220823_033000.WAV,Telephone Field,recover-20220825,002,1795
91.2715,91.3083,68437,81637,Rhinolophus ferrumequinum,0.022,0.022,-1,Echolocation,/mnt/ubna_data_01_mir/recover-20220825/UBNA_002/20220823_033000.WAV,Telephone Field,recover-20220825,002,1795
91.2805,91.3181,68437,81303,Rhinolophus ferrumequinum,0.022,0.022,-1,Echolocation,/mnt/ubna_data_01_mir/recover-20220825/UBNA_002/20220823_033000.WAV,Telephone Field,recover-20220825,002,1795
91.2885,91.3235,68437,81392,Rhinolophus ferrumequinum,0.023,0.023,-1,Echolocation,/mnt/ubna_data_01_mir/recover-20220825/UBNA_002/20220823_033000.WAV,Telephone Field,recover-20220825,002,1795
91.3005,91.3402,68437,82665,Rhinolophus ferrumequinum,0.033,0.033,-1,Echolocation,/mnt/ubna_data_01_mir/recover-20220825/UBNA_002/20220823_033000.WAV,Telephone Field,recover-20220825,002,1795
91.3475,91.3574,28046,36724,Eptesicus serotinus,0.011,0.025,-1,Echolocation,/mnt/ubna_data_01_mir/recover-20220825/UBNA_002/20220823_033000.WAV,Telephone Field,recover-20220825,002,1795
91.3515,91.3912,68437,83164,Rhinolophus ferrumequinum,0.026,0.026,-1,Echolocation,/mnt/ubna_data_01_mir/recover-20220825/UBNA_002/20220823_033000.WAV,Telephone Field,recover-20220825,002,1795
91.4115,91.4526,68437,83145,Rhinolophus ferrumequinum,0.026,0.026,-1,Echolocation,/mnt/ubna_data_01_mir/recover-20220825/UBNA_002/20220823_033000.WAV,Telephone Field,recover-20220825,002,1795
91.4285,91.4435,21171,24750,Nyctalus leisleri,0.02,0.037,-1,Echolocation,/mnt/ubna_data_01_mir/recover-20220825/UBNA_002/20220823_033000.WAV,Telephone Field,recover-20220825,002,1795
91.4315,91.4683,68437,81582,Rhinolophus ferrumequinum,0.022,0.022,-1,Echolocation,/mnt/ubna_data_01_mir/recover-20220825/UBNA_002/20220823_033000.WAV,Telephone Field,recover-20220825,002,1795
91.4385,91.4763,68437,82001,Rhinolophus ferrumequinum,0.023,0.023,-1,Echolocation,/mnt/ubna_data_01_mir/recover-20220825/UBNA_002/20220823_033000.WAV,Telephone Field,recover-20220825,002,1795
91.4395,91.4462,28906,40942,Eptesicus serotinus,0.006,0.024,-1,Echolocation,/mnt/ubna_data_01_mir/recover-20220825/UBNA_002/20220823_033000.WAV,Telephone Field,recover-20220825,002,1795
91.4585,91.4657,46953,52363,Pipistrellus pipistrellus,0.022,0.024,-1,Echolocation,/mnt/ubna_data_01_mir/recover-20220825/UBNA_002/20220823_033000.WAV,Telephone Field,recover-20220825,002,1795
91.5035,91.5106,25468,35962,Plecotus austriacus,0.01,0.033,-1,Echolocation,/mnt/ubna_data_01_mir/recover-20220825/UBNA_002/20220823_033000.WAV,Telephone Field,recover-20220825,002,1795
91.5575,91.5947,68437,81769,Rhinolophus ferrumequinum,0.025,0.025,-1,Echolocation,/mnt/ubna_data_01_mir/recover-20220825/UBNA_002/20220823_033000.WAV,Telephone Field,recover-20220825,002,1795
91.5805,91.6203,68437,82865,Rhinolophus ferrumequinum,0.04,0.04,-1,Echolocation,/mnt/ubna_data_01_mir/recover-20220825/UBNA_002/20220823_033000.WAV,Telephone Field,recover-20220825,002,1795
91.6125,91.6547,68437,83410,Rhinolophus ferrumequinum,0.027,0.027,-1,Echolocation,/mnt/ubna_data_01_mir/recover-20220825/UBNA_002/20220823_033000.WAV,Telephone Field,recover-20220825,002,1795
91.6985,91.7348,68437,81259,Rhinolophus ferrumequinum,0.023,0.023,-1,Echolocation,/mnt/ubna_data_01_mir/recover-20220825/UBNA_002/20220823_033000.WAV,Telephone Field,recover-20220825,002,1795
91.7195,91.7581,68437,82427,Rhinolophus ferrumequinum,0.03,0.03,-1,Echolocation,/mnt/ubna_data_01_mir/recover-20220825/UBNA_002/20220823_033000.WAV,Telephone Field,recover-20220825,002,1795
91.7345,91.7455,22031,26187,Nyctalus leisleri,0.012,0.023,-1,Echolocation,/mnt/ubna_data_01_mir/recover-20220825/UBNA_002/20220823_033000.WAV,Telephone Field,recover-20220825,002,1795
91.7395,91.7763,68437,81843,Rhinolophus ferrumequinum,0.022,0.022,-1,Echolocation,/mnt/ubna_data_01_mir/recover-20220825/UBNA_002/20220823_033000.WAV,Telephone Field,recover-20220825,002,1795
91.7455,91.7824,68437,81654,Rhinolophus ferrumequinum,0.022,0.022,-1,Echolocation,/mnt/ubna_data_01_mir/recover-20220825/UBNA_002/20220823_033000.WAV,Telephone Field,recover-20220825,002,1795
91.8005,91.8095,25468,34637,Eptesicus serotinus,0.007,0.022,-1,Echolocation,/mnt/ubna_data_01_mir/recover-20220825/UBNA_002/20220823_033000.WAV,Telephone Field,recover-20220825,002,1795
91.8265,91.865,68437,81960,Rhinolophus ferrumequinum,0.021,0.021,-1,Echolocation,/mnt/ubna_data_01_mir/recover-20220825/UBNA_002/20220823_033000.WAV,Telephone Field,recover-20220825,002,1795
91.8285,91.8405,22890,27131,Nyctalus leisleri,0.012,0.022,-1,Echolocation,/mnt/ubna_data_01_mir/recover-20220825/UBNA_002/20220823_033000.WAV,Telephone Field,recover-20220825,002,1795
91.8485,91.8584,27187,34760,Eptesicus serotinus,0.014,0.028,-1,Echolocation,/mnt/ubna_data_01_mir/recover-20220825/UBNA_002/20220823_033000.WAV,Telephone Field,recover-20220825,002,1795
91.8885,91.928,68437,82013,Rhinolophus ferrumequinum,0.028,0.028,-1,Echolocation,/mnt/ubna_data_01_mir/recover-20220825/UBNA_002/20220823_033000.WAV,Telephone Field,recover-20220825,002,1795
91.9195,91.9265,28046,40357,Eptesicus serotinus,0.006,0.021,-1,Echolocation,/mnt/ubna_data_01_mir/recover-20220825/UBNA_002/20220823_033000.WAV,Telephone Field,recover-20220825,002,1795
91.9415,91.9803,68437,82670,Rhinolophus ferrumequinum,0.031,0.031,-1,Echolocation,/mnt/ubna_data_01_mir/recover-20220825/UBNA_002/20220823_033000.WAV,Telephone Field,recover-20220825,002,1795
91.9515,91.9627,28906,36137,Eptesicus serotinus,0.08,0.117,-1,Echolocation,/mnt/ubna_data_01_mir/recover-20220825/UBNA_002/20220823_033000.WAV,Telephone Field,recover-20220825,002,1795
91.9875,91.9951,27187,38835,Eptesicus serotinus,0.008,0.024,-1,Echolocation,/mnt/ubna_data_01_mir/recover-20220825/UBNA_002/20220823_033000.WAV,Telephone Field,recover-20220825,002,1795
92.0015,92.0114,24609,31371,Nyctalus leisleri,0.013,0.031,-1,Echolocation,/mnt/ubna_data_01_mir/recover-20220825/UBNA_002/20220823_033000.WAV,Telephone Field,recover-20220825,002,1795
92.0015,92.0364,68437,80311,Rhinolophus ferrumequinum,0.047,0.047,-1,Echolocation,/mnt/ubna_data_01_mir/recover-20220825/UBNA_002/20220823_033000.WAV,Telephone Field,recover-20220825,002,1795
92.0115,92.0559,68437,83142,Rhinolophus ferrumequinum,0.024,0.024,-1,Echolocation,/mnt/ubna_data_01_mir/recover-20220825/UBNA_002/20220823_033000.WAV,Telephone Field,recover-20220825,002,1795
92.0415,92.0828,68437,82411,Rhinolophus ferrumequinum,0.022,0.022,-1,Echolocation,/mnt/ubna_data_01_mir/recover-20220825/UBNA_002/20220823_033000.WAV,Telephone Field,recover-20220825,002,1795
92.0715,92.1105,68437,82561,Rhinolophus ferrumequinum,0.024,0.024,-1,Echolocation,/mnt/ubna_data_01_mir/recover-20220825/UBNA_002/20220823_033000.WAV,Telephone Field,recover-20220825,002,1795
92.0935,92.1017,28046,39327,Eptesicus serotinus,0.009,0.022,-1,Echolocation,/mnt/ubna_data_01_mir/recover-20220825/UBNA_002/20220823_033000.WAV,Telephone Field,recover-20220825,002,1795
92.0945,92.1359,68437,82305,Rhinolophus ferrumequinum,0.027,0.027,-1,Echolocation,/mnt/ubna_data_01_mir/recover-20220825/UBNA_002/20220823_033000.WAV,Telephone Field,recover-20220825,002,1795
92.1335,92.1708,68437,82104,Rhinolophus ferrumequinum,0.022,0.022,-1,Echolocation,/mnt/ubna_data_01_mir/recover-20220825/UBNA_002/20220823_033000.WAV,Telephone Field,recover-20220825,002,1795
92.2315,92.2412,28906,37059,Eptesicus serotinus,0.01,0.023,-1,Echolocation,/mnt/ubna_data_01_mir/recover-20220825/UBNA_002/20220823_033000.WAV,Telephone Field,recover-20220825,002,1795
92.2535,92.2954,68437,83740,Rhinolophus ferrumequinum,0.031,0.031,-1,Echolocation,/mnt/ubna_data_01_mir/recover-20220825/UBNA_002/20220823_033000.WAV,Telephone Field,recover-20220825,002,1795
92.25450000000001,92.265,47812,54658,Pipistrellus pipistrellus,0.019,0.023,-1,Echolocation,/mnt/ubna_data_01_mir/recover-20220825/UBNA_002/20220823_033000.WAV,Telephone Field,recover-20220825,002,1795
92.3015,92.3403,68437,82873,Rhinolophus ferrumequinum,0.022,0.022,-1,Echolocation,/mnt/ubna_data_01_mir/recover-20220825/UBNA_002/20220823_033000.WAV,Telephone Field,recover-20220825,002,1795
92.4355,92.4723,68437,82364,Rhinolophus ferrumequinum,0.023,0.023,-1,Echolocation,/mnt/ubna_data_01_mir/recover-20220825/UBNA_002/20220823_033000.WAV,Telephone Field,recover-20220825,002,1795
92.4495,92.4893,68437,82178,Rhinolophus ferrumequinum,0.022,0.022,-1,Echolocation,/mnt/ubna_data_01_mir/recover-20220825/UBNA_002/20220823_033000.WAV,Telephone Field,recover-20220825,002,1795
92.4665,92.474,22890,30964,Plecotus austriacus,0.011,0.023,-1,Echolocation,/mnt/ubna_data_01_mir/recover-20220825/UBNA_002/20220823_033000.WAV,Telephone Field,recover-20220825,002,1795
92.5235,92.563,68437,82410,Rhinolophus ferrumequinum,0.022,0.022,-1,Echolocation,/mnt/ubna_data_01_mir/recover-20220825/UBNA_002/20220823_033000.WAV,Telephone Field,recover-20220825,002,1795
92.5675,92.6081,68437,82551,Rhinolophus ferrumequinum,0.026,0.026,-1,Echolocation,/mnt/ubna_data_01_mir/recover-20220825/UBNA_002/20220823_033000.WAV,Telephone Field,recover-20220825,002,1795
92.6025,92.6138,46953,50507,Pipistrellus pipistrellus,0.031,0.035,-1,Echolocation,/mnt/ubna_data_01_mir/recover-20220825/UBNA_002/20220823_033000.WAV,Telephone Field,recover-20220825,002,1795
92.6135,92.6568,68437,83579,Rhinolophus ferrumequinum,0.055,0.055,-1,Echolocation,/mnt/ubna_data_01_mir/recover-20220825/UBNA_002/20220823_033000.WAV,Telephone Field,recover-20220825,002,1795
92.6445,92.6837,68437,82545,Rhinolophus ferrumequinum,0.022,0.022,-1,Echolocation,/mnt/ubna_data_01_mir/recover-20220825/UBNA_002/20220823_033000.WAV,Telephone Field,recover-20220825,002,1795
92.6645,92.6778,22890,27287,Nyctalus leisleri,0.062,0.133,-1,Echolocation,/mnt/ubna_data_01_mir/recover-20220825/UBNA_002/20220823_033000.WAV,Telephone Field,recover-20220825,002,1795
92.6885,92.7261,68437,82718,Rhinolophus ferrumequinum,0.029,0.029,-1,Echolocation,/mnt/ubna_data_01_mir/recover-20220825/UBNA_002/20220823_033000.WAV,Telephone Field,recover-20220825,002,1795
92.7155,92.752,68437,82147,Rhinolophus ferrumequinum,0.022,0.022,-1,Echolocation,/mnt/ubna_data_01_mir/recover-20220825/UBNA_002/20220823_033000.WAV,Telephone Field,recover-20220825,002,1795
92.7435,92.7539,28046,36010,Eptesicus serotinus,0.011,0.024,-1,Echolocation,/mnt/ubna_data_01_mir/recover-20220825/UBNA_002/20220823_033000.WAV,Telephone Field,recover-20220825,002,1795
92.7555,92.7625,28046,40836,Eptesicus serotinus,0.006,0.022,-1,Echolocation,/mnt/ubna_data_01_mir/recover-20220825/UBNA_002/20220823_033000.WAV,Telephone Field,recover-20220825,002,1795
92.7625,92.7706,28906,39845,Eptesicus serotinus,0.008,0.025,-1,Echolocation,/mnt/ubna_data_01_mir/recover-20220825/UBNA_002/20220823_033000.WAV,Telephone Field,recover-20220825,002,1795
92.7865,92.8229,68437,81420,Rhinolophus ferrumequinum,0.022,0.022,-1,Echolocation,/mnt/ubna_data_01_mir/recover-20220825/UBNA_002/20220823_033000.WAV,Telephone Field,recover-20220825,002,1795
92.7905,92.7977,28046,41012,Eptesicus serotinus,0.009,0.027,-1,Echolocation,/mnt/ubna_data_01_mir/recover-20220825/UBNA_002/20220823_033000.WAV,Telephone Field,recover-20220825,002,1795
92.7925,92.7987,34921,41384,Myotis daubentonii,0.007,0.022,-1,Echolocation,/mnt/ubna_data_01_mir/recover-20220825/UBNA_002/20220823_033000.WAV,Telephone Field,recover-20220825,002,1795
92.8085,92.8146,32343,70167,Myotis brandtii,0.01,0.024,-1,Echolocation,/mnt/ubna_data_01_mir/recover-20220825/UBNA_002/20220823_033000.WAV,Telephone Field,recover-20220825,002,1795
92.8095,92.8146,41796,54847,Myotis bechsteinii,0.007,0.026,-1,Echolocation,/mnt/ubna_data_01_mir/recover-20220825/UBNA_002/20220823_033000.WAV,Telephone Field,recover-20220825,002,1795
92.8635,92.9035,68437,82242,Rhinolophus ferrumequinum,0.028,0.028,-1,Echolocation,/mnt/ubna_data_01_mir/recover-20220825/UBNA_002/20220823_033000.WAV,Telephone Field,recover-20220825,002,1795
92.8845,92.9265,68437,82889,Rhinolophus ferrumequinum,0.026,0.026,-1,Echolocation,/mnt/ubna_data_01_mir/recover-20220825/UBNA_002/20220823_033000.WAV,Telephone Field,recover-20220825,002,1795
92.9305,92.9399,24609,31463,Eptesicus serotinus,0.008,0.022,-1,Echolocation,/mnt/ubna_data_01_mir/recover-20220825/UBNA_002/20220823_033000.WAV,Telephone Field,recover-20220825,002,1795
92.9435,92.9819,68437,82064,Rhinolophus ferrumequinum,0.021,0.021,-1,Echolocation,/mnt/ubna_data_01_mir/recover-20220825/UBNA_002/20220823_033000.WAV,Telephone Field,recover-20220825,002,1795
93.0485,93.0871,68437,82621,Rhinolophus ferrumequinum,0.025,0.025,-1,Echolocation,/mnt/ubna_data_01_mir/recover-20220825/UBNA_002/20220823_033000.WAV,Telephone Field,recover-20220825,002,1795
93.0545,93.0934,68437,82648,Rhinolophus ferrumequinum,0.027,0.027,-1,Echolocation,/mnt/ubna_data_01_mir/recover-20220825/UBNA_002/20220823_033000.WAV,Telephone Field,recover-20220825,002,1795
93.0965,93.106,24609,31139,Nyctalus leisleri,0.009,0.023,-1,Echolocation,/mnt/ubna_data_01_mir/recover-20220825/UBNA_002/20220823_033000.WAV,Telephone Field,recover-20220825,002,1795
93.1305,93.172,68437,83038,Rhinolophus ferrumequinum,0.024,0.024,-1,Echolocation,/mnt/ubna_data_01_mir/recover-20220825/UBNA_002/20220823_033000.WAV,Telephone Field,recover-20220825,002,1795
93.1355,93.1476,22031,26762,Nyctalus leisleri,0.011,0.024,-1,Echolocation,/mnt/ubna_data_01_mir/recover-20220825/UBNA_002/20220823_033000.WAV,Telephone Field,recover-20220825,002,1795
93.1685,93.2054,68437,81506,Rhinolophus ferrumequinum,0.034,0.034,-1,Echolocation,/mnt/ubna_data_01_mir/recover-20220825/UBNA_002/20220823_033000.WAV,Telephone Field,recover-20220825,002,1795
93.1985,93.2349,68437,81443,Rhinolophus ferrumequinum,0.022,0.022,-1,Echolocation,/mnt/ubna_data_01_mir/recover-20220825/UBNA_002/20220823_033000.WAV,Telephone Field,recover-20220825,002,1795
93.2155,93.2575,68437,82993,Rhinolophus ferrumequinum,0.027,0.027,-1,Echolocation,/mnt/ubna_data_01_mir/recover-20220825/UBNA_002/20220823_033000.WAV,Telephone Field,recover-20220825,002,1795
93.2255,93.2625,68437,81753,Rhinolophus ferrumequinum,0.023,0.023,-1,Echolocation,/mnt/ubna_data_01_mir/recover-20220825/UBNA_002/20220823_033000.WAV,Telephone Field,recover-20220825,002,1795
93.2665,93.2766,14296,18958,Nyctalus noctula,0.012,0.026,-1,Echolocation,/mnt/ubna_data_01_mir/recover-20220825/UBNA_002/20220823_033000.WAV,Telephone Field,recover-20220825,002,1795
93.2725,93.3124,68437,82702,Rhinolophus ferrumequinum,0.025,0.025,-1,Echolocation,/mnt/ubna_data_01_mir/recover-20220825/UBNA_002/20220823_033000.WAV,Telephone Field,recover-20220825,002,1795
93.2985,93.3096,22890,28258,Nyctalus leisleri,0.01,0.021,-1,Echolocation,/mnt/ubna_data_01_mir/recover-20220825/UBNA_002/20220823_033000.WAV,Telephone Field,recover-20220825,002,1795
93.3005,93.3324,68437,80680,Rhinolophus ferrumequinum,0.025,0.025,-1,Echolocation,/mnt/ubna_data_01_mir/recover-20220825/UBNA_002/20220823_033000.WAV,Telephone Field,recover-20220825,002,1795
93.3785,93.42,68437,82468,Rhinolophus ferrumequinum,0.024,0.024,-1,Echolocation,/mnt/ubna_data_01_mir/recover-20220825/UBNA_002/20220823_033000.WAV,Telephone Field,recover-20220825,002,1795
93.4155,93.4586,68437,82568,Rhinolophus ferrumequinum,0.024,0.024,-1,Echolocation,/mnt/ubna_data_01_mir/recover-20220825/UBNA_002/20220823_033000.WAV,Telephone Field,recover-20220825,002,1795
93.4415,93.4832,68437,83087,Rhinolophus ferrumequinum,0.031,0.031,-1,Echolocation,/mnt/ubna_data_01_mir/recover-20220825/UBNA_002/20220823_033000.WAV,Telephone Field,recover-20220825,002,1795
93.4895,93.5285,68437,82212,Rhinolophus ferrumequinum,0.025,0.025,-1,Echolocation,/mnt/ubna_data_01_mir/recover-20220825/UBNA_002/20220823_033000.WAV,Telephone Field,recover-20220825,002,1795
93.5755,93.5843,28046,37620,Eptesicus serotinus,0.008,0.022,-1,Echolocation,/mnt/ubna_data_01_mir/recover-20220825/UBNA_002/20220823_033000.WAV,Telephone Field,recover-20220825,002,1795
93.62049999999999,93.6309,22031,26950,Nyctalus leisleri,0.01,0.022,-1,Echolocation,/mnt/ubna_data_01_mir/recover-20220825/UBNA_002/20220823_033000.WAV,Telephone Field,recover-20220825,002,1795
93.6305,93.669,68437,82287,Rhinolophus ferrumequinum,0.028,0.028,-1,Echolocation,/mnt/ubna_data_01_mir/recover-20220825/UBNA_002/20220823_033000.WAV,Telephone Field,recover-20220825,002,1795
93.7165,93.7562,68437,82363,Rhinolophus ferrumequinum,0.026,0.026,-1,Echolocation,/mnt/ubna_data_01_mir/recover-20220825/UBNA_002/20220823_033000.WAV,Telephone Field,recover-20220825,002,1795
93.7285,93.7393,28906,35633,Eptesicus serotinus,0.012,0.028,-1,Echolocation,/mnt/ubna_data_01_mir/recover-20220825/UBNA_002/20220823_033000.WAV,Telephone Field,recover-20220825,002,1795
93.7385,93.748,22890,29560,Plecotus austriacus,0.008,0.024,-1,Echolocation,/mnt/ubna_data_01_mir/recover-20220825/UBNA_002/20220823_033000.WAV,Telephone Field,recover-20220825,002,1795
93.7505,93.7916,68437,82339,Rhinolophus ferrumequinum,0.023,0.023,-1,Echolocation,/mnt/ubna_data_01_mir/recover-20220825/UBNA_002/20220823_033000.WAV,Telephone Field,recover-20220825,002,1795
93.7555,93.7955,68437,81965,Rhinolophus ferrumequinum,0.023,0.023,-1,Echolocation,/mnt/ubna_data_01_mir/recover-20220825/UBNA_002/20220823_033000.WAV,Telephone Field,recover-20220825,002,1795
93.8035,93.8124,28906,36360,Eptesicus serotinus,0.009,0.023,-1,Echolocation,/mnt/ubna_data_01_mir/recover-20220825/UBNA_002/20220823_033000.WAV,Telephone Field,recover-20220825,002,1795
93.9045,93.9228,20312,23220,Nyctalus leisleri,0.013,0.022,-1,Echolocation,/mnt/ubna_data_01_mir/recover-20220825/UBNA_002/20220823_033000.WAV,Telephone Field,recover-20220825,002,1795
93.9125,93.9523,68437,82079,Rhinolophus ferrumequinum,0.022,0.022,-1,Echolocation,/mnt/ubna_data_01_mir/recover-20220825/UBNA_002/20220823_033000.WAV,Telephone Field,recover-20220825,002,1795
94.0015,94.0156,26328,32197,Nyctalus leisleri,0.019,0.048,-1,Echolocation,/mnt/ubna_data_01_mir/recover-20220825/UBNA_002/20220823_033000.WAV,Telephone Field,recover-20220825,002,1795
94.0015,94.0359,68437,80517,Rhinolophus ferrumequinum,0.036,0.036,-1,Echolocation,/mnt/ubna_data_01_mir/recover-20220825/UBNA_002/20220823_033000.WAV,Telephone Field,recover-20220825,002,1795
94.0115,94.0541,68437,82757,Rhinolophus ferrumequinum,0.023,0.023,-1,Echolocation,/mnt/ubna_data_01_mir/recover-20220825/UBNA_002/20220823_033000.WAV,Telephone Field,recover-20220825,002,1795
94.0125,94.0235,28906,36475,Eptesicus serotinus,0.013,0.028,-1,Echolocation,/mnt/ubna_data_01_mir/recover-20220825/UBNA_002/20220823_033000.WAV,Telephone Field,recover-20220825,002,1795
94.0405,94.0514,22890,27987,Nyctalus leisleri,0.01,0.021,-1,Echolocation,/mnt/ubna_data_01_mir/recover-20220825/UBNA_002/20220823_033000.WAV,Telephone Field,recover-20220825,002,1795
94.0605,94.0679,27187,39883,Eptesicus serotinus,0.006,0.021,-1,Echolocation,/mnt/ubna_data_01_mir/recover-20220825/UBNA_002/20220823_033000.WAV,Telephone Field,recover-20220825,002,1795
94.0725,94.1097,68437,82011,Rhinolophus ferrumequinum,0.029,0.029,-1,Echolocation,/mnt/ubna_data_01_mir/recover-20220825/UBNA_002/20220823_033000.WAV,Telephone Field,recover-20220825,002,1795
94.0765,94.0903,25468,31639,Eptesicus serotinus,0.013,0.031,-1,Echolocation,/mnt/ubna_data_01_mir/recover-20220825/UBNA_002/20220823_033000.WAV,Telephone Field,recover-20220825,002,1795
94.0865,94.0974,24609,30053,Nyctalus leisleri,0.011,0.024,-1,Echolocation,/mnt/ubna_data_01_mir/recover-20220825/UBNA_002/20220823_033000.WAV,Telephone Field,recover-20220825,002,1795
94.1135,94.1512,68437,82265,Rhinolophus ferrumequinum,0.022,0.022,-1,Echolocation,/mnt/ubna_data_01_mir/recover-20220825/UBNA_002/20220823_033000.WAV,Telephone Field,recover-20220825,002,1795
94.1305,94.139,26328,34999,Eptesicus serotinus,0.009,0.021,-1,Echolocation,/mnt/ubna_data_01_mir/recover-20220825/UBNA_002/20220823_033000.WAV,Telephone Field,recover-20220825,002,1795
94.1605,94.17060000000001,28906,40165,Eptesicus serotinus,0.009,0.023,-1,Echolocation,/mnt/ubna_data_01_mir/recover-20220825/UBNA_002/20220823_033000.WAV,Telephone Field,recover-20220825,002,1795
94.1605,94.1984,68437,82079,Rhinolophus ferrumequinum,0.022,0.022,-1,Echolocation,/mnt/ubna_data_01_mir/recover-20220825/UBNA_002/20220823_033000.WAV,Telephone Field,recover-20220825,002,1795
94.1855,94.1916,28906,41591,Eptesicus serotinus,0.006,0.026,-1,Echolocation,/mnt/ubna_data_01_mir/recover-20220825/UBNA_002/20220823_033000.WAV,Telephone Field,recover-20220825,002,1795
94.1965,94.2308,68437,80949,Rhinolophus ferrumequinum,0.022,0.022,-1,Echolocation,/mnt/ubna_data_01_mir/recover-20220825/UBNA_002/20220823_033000.WAV,Telephone Field,recover-20220825,002,1795
94.2025,94.2417,68437,82011,Rhinolophus ferrumequinum,0.022,0.022,-1,Echolocation,/mnt/ubna_data_01_mir/recover-20220825/UBNA_002/20220823_033000.WAV,Telephone Field,recover-20220825,002,1795
94.2735,94.2843,14296,18829,Nyctalus noctula,0.015,0.027,-1,Echolocation,/mnt/ubna_data_01_mir/recover-20220825/UBNA_002/20220823_033000.WAV,Telephone Field,recover-20220825,002,1795
94.2785,94.3172,68437,82273,Rhinolophus ferrumequinum,0.021,0.021,-1,Echolocation,/mnt/ubna_data_01_mir/recover-20220825/UBNA_002/20220823_033000.WAV,Telephone Field,recover-20220825,002,1795
94.2855,94.3236,68437,81267,Rhinolophus ferrumequinum,0.022,0.022,-1,Echolocation,/mnt/ubna_data_01_mir/recover-20220825/UBNA_002/20220823_033000.WAV,Telephone Field,recover-20220825,002,1795
94.3075,94.3426,68437,82022,Rhinolophus ferrumequinum,0.022,0.022,-1,Echolocation,/mnt/ubna_data_01_mir/recover-20220825/UBNA_002/20220823_033000.WAV,Telephone Field,recover-20220825,002,1795
94.3545,94.3964,68437,82387,Rhinolophus ferrumequinum,0.031,0.031,-1,Echolocation,/mnt/ubna_data_01_mir/recover-20220825/UBNA_002/20220823_033000.WAV,Telephone Field,recover-20220825,002,1795
94.3885,94.3961,28046,40504,Eptesicus serotinus,0.008,0.023,-1,Echolocation,/mnt/ubna_data_01_mir/recover-20220825/UBNA_002/20220823_033000.WAV,Telephone Field,recover-20220825,002,1795
94.3965,94.4063,47812,51688,Pipistrellus pipistrellus,0.02,0.021,-1,Echolocation,/mnt/ubna_data_01_mir/recover-20220825/UBNA_002/20220823_033000.WAV,Telephone Field,recover-20220825,002,1795
94.3995,94.4375,68437,81991,Rhinolophus ferrumequinum,0.023,0.023,-1,Echolocation,/mnt/ubna_data_01_mir/recover-20220825/UBNA_002/20220823_033000.WAV,Telephone Field,recover-20220825,002,1795
94.4215,94.4597,68437,81969,Rhinolophus ferrumequinum,0.021,0.021,-1,Echolocation,/mnt/ubna_data_01_mir/recover-20220825/UBNA_002/20220823_033000.WAV,Telephone Field,recover-20220825,002,1795
94.4345,94.4438,51250,55311,Pipistrellus pipistrellus,0.02,0.024,-1,Echolocation,/mnt/ubna_data_01_mir/recover-20220825/UBNA_002/20220823_033000.WAV,Telephone Field,recover-20220825,002,1795
94.4585,94.4974,68437,81531,Rhinolophus ferrumequinum,0.021,0.021,-1,Echolocation,/mnt/ubna_data_01_mir/recover-20220825/UBNA_002/20220823_033000.WAV,Telephone Field,recover-20220825,002,1795
94.5185,94.5269,28046,39570,Eptesicus serotinus,0.008,0.021,-1,Echolocation,/mnt/ubna_data_01_mir/recover-20220825/UBNA_002/20220823_033000.WAV,Telephone Field,recover-20220825,002,1795
94.5265,94.5369,47812,53000,Pipistrellus pipistrellus,0.027,0.03,-1,Echolocation,/mnt/ubna_data_01_mir/recover-20220825/UBNA_002/20220823_033000.WAV,Telephone Field,recover-20220825,002,1795
94.6285,94.6381,22890,30449,Plecotus austriacus,0.008,0.025,-1,Echolocation,/mnt/ubna_data_01_mir/recover-20220825/UBNA_002/20220823_033000.WAV,Telephone Field,recover-20220825,002,1795
94.6305,94.6397,28906,38287,Eptesicus serotinus,0.009,0.024,-1,Echolocation,/mnt/ubna_data_01_mir/recover-20220825/UBNA_002/20220823_033000.WAV,Telephone Field,recover-20220825,002,1795
94.6405,94.6786,68437,82759,Rhinolophus ferrumequinum,0.021,0.021,-1,Echolocation,/mnt/ubna_data_01_mir/recover-20220825/UBNA_002/20220823_033000.WAV,Telephone Field,recover-20220825,002,1795
94.6455,94.684,68437,82361,Rhinolophus ferrumequinum,0.022,0.022,-1,Echolocation,/mnt/ubna_data_01_mir/recover-20220825/UBNA_002/20220823_033000.WAV,Telephone Field,recover-20220825,002,1795
94.6835,94.6933,22890,29358,Nyctalus leisleri,0.009,0.025,-1,Echolocation,/mnt/ubna_data_01_mir/recover-20220825/UBNA_002/20220823_033000.WAV,Telephone Field,recover-20220825,002,1795
94.6935,94.7301,68437,81534,Rhinolophus ferrumequinum,0.021,0.021,-1,Echolocation,/mnt/ubna_data_01_mir/recover-20220825/UBNA_002/20220823_033000.WAV,Telephone Field,recover-20220825,002,1795
94.7655,94.8037,68437,81719,Rhinolophus ferrumequinum,0.023,0.023,-1,Echolocation,/mnt/ubna_data_01_mir/recover-20220825/UBNA_002/20220823_033000.WAV,Telephone Field,recover-20220825,002,1795
94.7725,94.8122,68437,82513,Rhinolophus ferrumequinum,0.024,0.024,-1,Echolocation,/mnt/ubna_data_01_mir/recover-20220825/UBNA_002/20220823_033000.WAV,Telephone Field,recover-20220825,002,1795
94.8065,94.8387,68437,80474,Rhinolophus ferrumequinum,0.021,0.021,-1,Echolocation,/mnt/ubna_data_01_mir/recover-20220825/UBNA_002/20220823_033000.WAV,Telephone Field,recover-20220825,002,1795
94.8865,94.8968,28046,35805,Eptesicus serotinus,0.018,0.032,-1,Echolocation,/mnt/ubna_data_01_mir/recover-20220825/UBNA_002/20220823_033000.WAV,Telephone Field,recover-20220825,002,1795
94.8865,94.923,68437,81617,Rhinolophus ferrumequinum,0.036,0.037,-1,Echolocation,/mnt/ubna_data_01_mir/recover-20220825/UBNA_002/20220823_033000.WAV,Telephone Field,recover-20220825,002,1795
94.9405,94.978,68437,81474,Rhinolophus ferrumequinum,0.021,0.021,-1,Echolocation,/mnt/ubna_data_01_mir/recover-20220825/UBNA_002/20220823_033000.WAV,Telephone Field,recover-20220825,002,1795
94.9615,95.0017,68437,82239,Rhinolophus ferrumequinum,0.021,0.021,-1,Echolocation,/mnt/ubna_data_01_mir/recover-20220825/UBNA_002/20220823_033000.WAV,Telephone Field,recover-20220825,002,1795
94.9875,95.0256,68437,82160,Rhinolophus ferrumequinum,0.026,0.026,-1,Echolocation,/mnt/ubna_data_01_mir/recover-20220825/UBNA_002/20220823_033000.WAV,Telephone Field,recover-20220825,002,1795
95.0025,95.0168,51250,58563,Pipistrellus pipistrellus,0.014,0.025,-1,Echolocation,/mnt/ubna_data_01_mir/recover-20220825/UBNA_002/20220823_033000.WAV,Telephone Field,recover-20220825,002,1795
95.0245,95.03190000000001,47812,52286,Pipistrellus pipistrellus,0.025,0.026,-1,Echolocation,/mnt/ubna_data_01_mir/recover-20220825/UBNA_002/20220823_033000.WAV,Telephone Field,recover-20220825,002,1795
95.0255,95.0653,68437,82592,Rhinolophus ferrumequinum,0.023,0.023,-1,Echolocation,/mnt/ubna_data_01_mir/recover-20220825/UBNA_002/20220823_033000.WAV,Telephone Field,recover-20220825,002,1795
95.0285,95.0365,24609,33455,Plecotus austriacus,0.009,0.026,-1,Echolocation,/mnt/ubna_data_01_mir/recover-20220825/UBNA_002/20220823_033000.WAV,Telephone Field,recover-20220825,002,1795
95.0435,95.0858,68437,82902,Rhinolophus ferrumequinum,0.029,0.029,-1,Echolocation,/mnt/ubna_data_01_mir/recover-20220825/UBNA_002/20220823_033000.WAV,Telephone Field,recover-20220825,002,1795
95.0445,95.055,22890,28902,Nyctalus leisleri,0.008,0.021,-1,Echolocation,/mnt/ubna_data_01_mir/recover-20220825/UBNA_002/20220823_033000.WAV,Telephone Field,recover-20220825,002,1795
95.0795,95.1166,68437,81626,Rhinolophus ferrumequinum,0.022,0.022,-1,Echolocation,/mnt/ubna_data_01_mir/recover-20220825/UBNA_002/20220823_033000.WAV,Telephone Field,recover-20220825,002,1795
95.0875,95.098,22890,28810,Nyctalus leisleri,0.009,0.021,-1,Echolocation,/mnt/ubna_data_01_mir/recover-20220825/UBNA_002/20220823_033000.WAV,Telephone Field,recover-20220825,002,1795
95.1105,95.1208,50390,56497,Pipistrellus pipistrellus,0.028,0.033,-1,Echolocation,/mnt/ubna_data_01_mir/recover-20220825/UBNA_002/20220823_033000.WAV,Telephone Field,recover-20220825,002,1795
95.1705,95.2101,68437,82457,Rhinolophus ferrumequinum,0.022,0.022,-1,Echolocation,/mnt/ubna_data_01_mir/recover-20220825/UBNA_002/20220823_033000.WAV,Telephone Field,recover-20220825,002,1795
95.2085,95.247,68437,82515,Rhinolophus ferrumequinum,0.021,0.021,-1,Echolocation,/mnt/ubna_data_01_mir/recover-20220825/UBNA_002/20220823_033000.WAV,Telephone Field,recover-20220825,002,1795
95.2285,95.2707,68437,83430,Rhinolophus ferrumequinum,0.04,0.04,-1,Echolocation,/mnt/ubna_data_01_mir/recover-20220825/UBNA_002/20220823_033000.WAV,Telephone Field,recover-20220825,002,1795
95.2345,95.2419,24609,33809,Plecotus austriacus,0.006,0.021,-1,Echolocation,/mnt/ubna_data_01_mir/recover-20220825/UBNA_002/20220823_033000.WAV,Telephone Field,recover-20220825,002,1795
95.2435,95.2825,68437,82294,Rhinolophus ferrumequinum,0.022,0.022,-1,Echolocation,/mnt/ubna_data_01_mir/recover-20220825/UBNA_002/20220823_033000.WAV,Telephone Field,recover-20220825,002,1795
95.2845,95.2966,28046,33613,Eptesicus serotinus,0.015,0.028,-1,Echolocation,/mnt/ubna_data_01_mir/recover-20220825/UBNA_002/20220823_033000.WAV,Telephone Field,recover-20220825,002,1795
95.3095,95.3462,68437,81892,Rhinolophus ferrumequinum,0.023,0.023,-1,Echolocation,/mnt/ubna_data_01_mir/recover-20220825/UBNA_002/20220823_033000.WAV,Telephone Field,recover-20220825,002,1795
95.3165,95.3515,68437,81368,Rhinolophus ferrumequinum,0.021,0.021,-1,Echolocation,/mnt/ubna_data_01_mir/recover-20220825/UBNA_002/20220823_033000.WAV,Telephone Field,recover-20220825,002,1795
95.3545,95.39789999999999,68437,83192,Rhinolophus ferrumequinum,0.03,0.03,-1,Echolocation,/mnt/ubna_data_01_mir/recover-20220825/UBNA_002/20220823_033000.WAV,Telephone Field,recover-20220825,002,1795
95.3735,95.4164,68437,83223,Rhinolophus ferrumequinum,0.025,0.025,-1,Echolocation,/mnt/ubna_data_01_mir/recover-20220825/UBNA_002/20220823_033000.WAV,Telephone Field,recover-20220825,002,1795
95.3975,95.4035,35781,45653,Myotis daubentonii,0.006,0.022,-1,Echolocation,/mnt/ubna_data_01_mir/recover-20220825/UBNA_002/20220823_033000.WAV,Telephone Field,recover-20220825,002,1795
95.3975,95.4397,68437,83255,Rhinolophus ferrumequinum,0.024,0.024,-1,Echolocation,/mnt/ubna_data_01_mir/recover-20220825/UBNA_002/20220823_033000.WAV,Telephone Field,recover-20220825,002,1795
95.3995,95.4064,28046,42570,Eptesicus serotinus,0.009,0.031,-1,Echolocation,/mnt/ubna_data_01_mir/recover-20220825/UBNA_002/20220823_033000.WAV,Telephone Field,recover-20220825,002,1795
95.4145,95.4507,68437,81112,Rhinolophus ferrumequinum,0.022,0.022,-1,Echolocation,/mnt/ubna_data_01_mir/recover-20220825/UBNA_002/20220823_033000.WAV,Telephone Field,recover-20220825,002,1795
95.4665,95.479,22031,25918,Nyctalus leisleri,0.012,0.022,-1,Echolocation,/mnt/ubna_data_01_mir/recover-20220825/UBNA_002/20220823_033000.WAV,Telephone Field,recover-20220825,002,1795
95.5115,95.5454,68437,81260,Rhinolophus ferrumequinum,0.022,0.022,-1,Echolocation,/mnt/ubna_data_01_mir/recover-20220825/UBNA_002/20220823_033000.WAV,Telephone Field,recover-20220825,002,1795
95.5295,95.5403,27187,34354,Eptesicus serotinus,0.01,0.021,-1,Echolocation,/mnt/ubna_data_01_mir/recover-20220825/UBNA_002/20220823_033000.WAV,Telephone Field,recover-20220825,002,1795
95.5965,95.6383,68437,82675,Rhinolophus ferrumequinum,0.024,0.024,-1,Echolocation,/mnt/ubna_data_01_mir/recover-20220825/UBNA_002/20220823_033000.WAV,Telephone Field,recover-20220825,002,1795
95.6045,95.6152,23750,30078,Nyctalus leisleri,0.009,0.023,-1,Echolocation,/mnt/ubna_data_01_mir/recover-20220825/UBNA_002/20220823_033000.WAV,Telephone Field,recover-20220825,002,1795
95.6455,95.6867,68437,82716,Rhinolophus ferrumequinum,0.024,0.024,-1,Echolocation,/mnt/ubna_data_01_mir/recover-20220825/UBNA_002/20220823_033000.WAV,Telephone Field,recover-20220825,002,1795
95.6585,95.6687,22031,27941,Nyctalus leisleri,0.008,0.022,-1,Echolocation,/mnt/ubna_data_01_mir/recover-20220825/UBNA_002/20220823_033000.WAV,Telephone Field,recover-20220825,002,1795
95.6615,95.7,68437,82285,Rhinolophus ferrumequinum,0.021,0.021,-1,Echolocation,/mnt/ubna_data_01_mir/recover-20220825/UBNA_002/20220823_033000.WAV,Telephone Field,recover-20220825,002,1795
95.7165,95.7278,51250,57167,Pipistrellus pipistrellus,0.017,0.021,-1,Echolocation,/mnt/ubna_data_01_mir/recover-20220825/UBNA_002/20220823_033000.WAV,Telephone Field,recover-20220825,002,1795
95.7195,95.7309,28906,35873,Eptesicus serotinus,0.01,0.022,-1,Echolocation,/mnt/ubna_data_01_mir/recover-20220825/UBNA_002/20220823_033000.WAV,Telephone Field,recover-20220825,002,1795
95.7625,95.7714,22890,30435,Plecotus austriacus,0.009,0.022,-1,Echolocation,/mnt/ubna_data_01_mir/recover-20220825/UBNA_002/20220823_033000.WAV,Telephone Field,recover-20220825,002,1795
95.7715,95.8114,68437,82667,Rhinolophus ferrumequinum,0.023,0.023,-1,Echolocation,/mnt/ubna_data_01_mir/recover-20220825/UBNA_002/20220823_033000.WAV,Telephone Field,recover-20220825,002,1795
95.7825,95.8015,19453,22739,Nyctalus noctula,0.013,0.025,-1,Echolocation,/mnt/ubna_data_01_mir/recover-20220825/UBNA_002/20220823_033000.WAV,Telephone Field,recover-20220825,002,1795
95.8275,95.8651,68437,81432,Rhinolophus ferrumequinum,0.021,0.021,-1,Echolocation,/mnt/ubna_data_01_mir/recover-20220825/UBNA_002/20220823_033000.WAV,Telephone Field,recover-20220825,002,1795
95.8375,95.8714,68437,80794,Rhinolophus ferrumequinum,0.02,0.021,-1,Echolocation,/mnt/ubna_data_01_mir/recover-20220825/UBNA_002/20220823_033000.WAV,Telephone Field,recover-20220825,002,1795
95.8505,95.8588,28906,40017,Eptesicus serotinus,0.008,0.023,-1,Echolocation,/mnt/ubna_data_01_mir/recover-20220825/UBNA_002/20220823_033000.WAV,Telephone Field,recover-20220825,002,1795
95.8545,95.8951,68437,82726,Rhinolophus ferrumequinum,0.03,0.03,-1,Echolocation,/mnt/ubna_data_01_mir/recover-20220825/UBNA_002/20220823_033000.WAV,Telephone Field,recover-20220825,002,1795
95.9065,95.9189,31484,37988,Eptesicus serotinus,0.012,0.029,-1,Echolocation,/mnt/ubna_data_01_mir/recover-20220825/UBNA_002/20220823_033000.WAV,Telephone Field,recover-20220825,002,1795
95.9365,95.9448,26328,38107,Eptesicus serotinus,0.008,0.021,-1,Echolocation,/mnt/ubna_data_01_mir/recover-20220825/UBNA_002/20220823_033000.WAV,Telephone Field,recover-20220825,002,1795
96.0015,96.0356,68437,80644,Rhinolophus ferrumequinum,0.039,0.04,-1,Echolocation,/mnt/ubna_data_01_mir/recover-20220825/UBNA_002/20220823_033000.WAV,Telephone Field,recover-20220825,002,1795
96.0015,96.014,50390,55976,Pipistrellus pipistrellus,0.013,0.023,-1,Echolocation,/mnt/ubna_data_01_mir/recover-20220825/UBNA_002/20220823_033000.WAV,Telephone Field,recover-20220825,002,1795
96.0015,96.0107,26328,34944,Nyctalus leisleri,0.009,0.03,-1,Echolocation,/mnt/ubna_data_01_mir/recover-20220825/UBNA_002/20220823_033000.WAV,Telephone Field,recover-20220825,002,1795
96.0015,96.0112,22031,27751,Nyctalus leisleri,0.011,0.029,-1,Echolocation,/mnt/ubna_data_01_mir/recover-20220825/UBNA_002/20220823_033000.WAV,Telephone Field,recover-20220825,002,1795
96.01050000000001,96.0543,68437,82780,Rhinolophus ferrumequinum,0.022,0.022,-1,Echolocation,/mnt/ubna_data_01_mir/recover-20220825/UBNA_002/20220823_033000.WAV,Telephone Field,recover-20220825,002,1795
96.0295,96.0718,68437,82991,Rhinolophus ferrumequinum,0.021,0.021,-1,Echolocation,/mnt/ubna_data_01_mir/recover-20220825/UBNA_002/20220823_033000.WAV,Telephone Field,recover-20220825,002,1795
96.0535,96.0915,68437,81813,Rhinolophus ferrumequinum,0.022,0.022,-1,Echolocation,/mnt/ubna_data_01_mir/recover-20220825/UBNA_002/20220823_033000.WAV,Telephone Field,recover-20220825,002,1795
96.0585,96.0977,68437,82252,Rhinolophus ferrumequinum,0.022,0.022,-1,Echolocation,/mnt/ubna_data_01_mir/recover-20220825/UBNA_002/20220823_033000.WAV,Telephone Field,recover-20220825,002,1795
96.0865,96.124,68437,82100,Rhinolophus ferrumequinum,0.022,0.022,-1,Echolocation,/mnt/ubna_data_01_mir/recover-20220825/UBNA_002/20220823_033000.WAV,Telephone Field,recover-20220825,002,1795
96.0945,96.1041,24609,32268,Eptesicus serotinus,0.006,0.02,-1,Echolocation,/mnt/ubna_data_01_mir/recover-20220825/UBNA_002/20220823_033000.WAV,Telephone Field,recover-20220825,002,1795
96.1255,96.1328,46093,55228,Pipistrellus pipistrellus,0.021,0.024,-1,Echolocation,/mnt/ubna_data_01_mir/recover-20220825/UBNA_002/20220823_033000.WAV,Telephone Field,recover-20220825,002,1795
96.1425,96.1786,68437,82175,Rhinolophus ferrumequinum,0.02,0.02,-1,Echolocation,/mnt/ubna_data_01_mir/recover-20220825/UBNA_002/20220823_033000.WAV,Telephone Field,recover-20220825,002,1795
96.1495,96.1614,22890,27022,Nyctalus leisleri,0.012,0.021,-1,Echolocation,/mnt/ubna_data_01_mir/recover-20220825/UBNA_002/20220823_033000.WAV,Telephone Field,recover-20220825,002,1795
96.1575,96.1982,68437,82038,Rhinolophus ferrumequinum,0.024,0.024,-1,Echolocation,/mnt/ubna_data_01_mir/recover-20220825/UBNA_002/20220823_033000.WAV,Telephone Field,recover-20220825,002,1795
96.1875,96.1954,50390,54293,Pipistrellus pipistrellus,0.019,0.021,-1,Echolocation,/mnt/ubna_data_01_mir/recover-20220825/UBNA_002/20220823_033000.WAV,Telephone Field,recover-20220825,002,1795
96.2135,96.2478,68437,81408,Rhinolophus ferrumequinum,0.022,0.022,-1,Echolocation,/mnt/ubna_data_01_mir/recover-20220825/UBNA_002/20220823_033000.WAV,Telephone Field,recover-20220825,002,1795
96.2245,96.2313,25468,38871,Myotis nattereri,0.005,0.022,-1,Echolocation,/mnt/ubna_data_01_mir/recover-20220825/UBNA_002/20220823_033000.WAV,Telephone Field,recover-20220825,002,1795
96.2345,96.2711,68437,82266,Rhinolophus ferrumequinum,0.022,0.022,-1,Echolocation,/mnt/ubna_data_01_mir/recover-20220825/UBNA_002/20220823_033000.WAV,Telephone Field,recover-20220825,002,1795
96.2695,96.2773,23750,32126,Plecotus austriacus,0.01,0.024,-1,Echolocation,/mnt/ubna_data_01_mir/recover-20220825/UBNA_002/20220823_033000.WAV,Telephone Field,recover-20220825,002,1795
96.2705,96.2772,28046,38230,Eptesicus serotinus,0.007,0.024,-1,Echolocation,/mnt/ubna_data_01_mir/recover-20220825/UBNA_002/20220823_033000.WAV,Telephone Field,recover-20220825,002,1795
96.2805,96.3206,68437,82619,Rhinolophus ferrumequinum,0.023,0.023,-1,Echolocation,/mnt/ubna_data_01_mir/recover-20220825/UBNA_002/20220823_033000.WAV,Telephone Field,recover-20220825,002,1795
96.2935,96.3018,53828,58685,Pipistrellus pygmaeus,0.026,0.028,-1,Echolocation,/mnt/ubna_data_01_mir/recover-20220825/UBNA_002/20220823_033000.WAV,Telephone Field,recover-20220825,002,1795
96.3425,96.3812,68437,81534,Rhinolophus ferrumequinum,0.02,0.02,-1,Echolocation,/mnt/ubna_data_01_mir/recover-20220825/UBNA_002/20220823_033000.WAV,Telephone Field,recover-20220825,002,1795
96.3875,96.4005,22890,27720,Nyctalus leisleri,0.013,0.025,-1,Echolocation,/mnt/ubna_data_01_mir/recover-20220825/UBNA_002/20220823_033000.WAV,Telephone Field,recover-20220825,002,1795
96.3885,96.4279,68437,82308,Rhinolophus ferrumequinum,0.022,0.022,-1,Echolocation,/mnt/ubna_data_01_mir/recover-20220825/UBNA_002/20220823_033000.WAV,Telephone Field,recover-20220825,002,1795
96.4075,96.4459,68437,82168,Rhinolophus ferrumequinum,0.021,0.021,-1,Echolocation,/mnt/ubna_data_01_mir/recover-20220825/UBNA_002/20220823_033000.WAV,Telephone Field,recover-20220825,002,1795
96.4315,96.4717,68437,82501,Rhinolophus ferrumequinum,0.025,0.025,-1,Echolocation,/mnt/ubna_data_01_mir/recover-20220825/UBNA_002/20220823_033000.WAV,Telephone Field,recover-20220825,002,1795
96.4685,96.5035,68437,81257,Rhinolophus ferrumequinum,0.02,0.021,-1,Echolocation,/mnt/ubna_data_01_mir/recover-20220825/UBNA_002/20220823_033000.WAV,Telephone Field,recover-20220825,002,1795
96.4985,96.5363,68437,81978,Rhinolophus ferrumequinum,0.027,0.027,-1,Echolocation,/mnt/ubna_data_01_mir/recover-20220825/UBNA_002/20220823_033000.WAV,Telephone Field,recover-20220825,002,1795
96.5235,96.5331,28906,38412,Eptesicus serotinus,0.011,0.027,-1,Echolocation,/mnt/ubna_data_01_mir/recover-20220825/UBNA_002/20220823_033000.WAV,Telephone Field,recover-20220825,002,1795
96.5265,96.5695,68437,82465,Rhinolophus ferrumequinum,0.027,0.027,-1,Echolocation,/mnt/ubna_data_01_mir/recover-20220825/UBNA_002/20220823_033000.WAV,Telephone Field,recover-20220825,002,1795
96.5325,96.5761,68437,83367,Rhinolophus ferrumequinum,0.025,0.025,-1,Echolocation,/mnt/ubna_data_01_mir/recover-20220825/UBNA_002/20220823_033000.WAV,Telephone Field,recover-20220825,002,1795
96.5825,96.594,22890,26592,Nyctalus leisleri,0.012,0.02,-1,Echolocation,/mnt/ubna_data_01_mir/recover-20220825/UBNA_002/20220823_033000.WAV,Telephone Field,recover-20220825,002,1795
96.5855,96.6268,68437,82414,Rhinolophus ferrumequinum,0.021,0.021,-1,Echolocation,/mnt/ubna_data_01_mir/recover-20220825/UBNA_002/20220823_033000.WAV,Telephone Field,recover-20220825,002,1795
96.6245,96.6672,68437,82652,Rhinolophus ferrumequinum,0.025,0.025,-1,Echolocation,/mnt/ubna_data_01_mir/recover-20220825/UBNA_002/20220823_033000.WAV,Telephone Field,recover-20220825,002,1795
96.6585,96.7009,68437,82927,Rhinolophus ferrumequinum,0.021,0.021,-1,Echolocation,/mnt/ubna_data_01_mir/recover-20220825/UBNA_002/20220823_033000.WAV,Telephone Field,recover-20220825,002,1795
96.7205,96.7558,68437,81517,Rhinolophus ferrumequinum,0.02,0.021,-1,Echolocation,/mnt/ubna_data_01_mir/recover-20220825/UBNA_002/20220823_033000.WAV,Telephone Field,recover-20220825,002,1795
96.7375,96.7492,41796,47910,Pipistrellus nathusii,0.068,0.083,-1,Echolocation,/mnt/ubna_data_01_mir/recover-20220825/UBNA_002/20220823_033000.WAV,Telephone Field,recover-20220825,002,1795
96.7525,96.791,68437,82642,Rhinolophus ferrumequinum,0.025,0.025,-1,Echolocation,/mnt/ubna_data_01_mir/recover-20220825/UBNA_002/20220823_033000.WAV,Telephone Field,recover-20220825,002,1795
96.7845,96.8249,68437,82649,Rhinolophus ferrumequinum,0.022,0.022,-1,Echolocation,/mnt/ubna_data_01_mir/recover-20220825/UBNA_002/20220823_033000.WAV,Telephone Field,recover-20220825,002,1795
96.8195,96.8618,68437,82849,Rhinolophus ferrumequinum,0.028,0.028,-1,Echolocation,/mnt/ubna_data_01_mir/recover-20220825/UBNA_002/20220823_033000.WAV,Telephone Field,recover-20220825,002,1795
96.8445,96.8815,68437,82332,Rhinolophus ferrumequinum,0.024,0.024,-1,Echolocation,/mnt/ubna_data_01_mir/recover-20220825/UBNA_002/20220823_033000.WAV,Telephone Field,recover-20220825,002,1795
96.8665,96.9024,68437,81460,Rhinolophus ferrumequinum,0.02,0.02,-1,Echolocation,/mnt/ubna_data_01_mir/recover-20220825/UBNA_002/20220823_033000.WAV,Telephone Field,recover-20220825,002,1795
96.8785,96.9159,68437,81532,Rhinolophus ferrumequinum,0.022,0.022,-1,Echolocation,/mnt/ubna_data_01_mir/recover-20220825/UBNA_002/20220823_033000.WAV,Telephone Field,recover-20220825,002,1795
96.9455,96.986,68437,82689,Rhinolophus ferrumequinum,0.023,0.023,-1,Echolocation,/mnt/ubna_data_01_mir/recover-20220825/UBNA_002/20220823_033000.WAV,Telephone Field,recover-20220825,002,1795
96.9585,96.9684,22890,28349,Nyctalus leisleri,0.009,0.023,-1,Echolocation,/mnt/ubna_data_01_mir/recover-20220825/UBNA_002/20220823_033000.WAV,Telephone Field,recover-20220825,002,1795
96.9665,97.0071,68437,82078,Rhinolophus ferrumequinum,0.022,0.022,-1,Echolocation,/mnt/ubna_data_01_mir/recover-20220825/UBNA_002/20220823_033000.WAV,Telephone Field,recover-20220825,002,1795
96.9885,97.0269,68437,82659,Rhinolophus ferrumequinum,0.03,0.03,-1,Echolocation,/mnt/ubna_data_01_mir/recover-20220825/UBNA_002/20220823_033000.WAV,Telephone Field,recover-20220825,002,1795
97.0135,97.0506,68437,81832,Rhinolophus ferrumequinum,0.021,0.021,-1,Echolocation,/mnt/ubna_data_01_mir/recover-20220825/UBNA_002/20220823_033000.WAV,Telephone Field,recover-20220825,002,1795
97.0215,97.0292,28906,40406,Eptesicus serotinus,0.008,0.024,-1,Echolocation,/mnt/ubna_data_01_mir/recover-20220825/UBNA_002/20220823_033000.WAV,Telephone Field,recover-20220825,002,1795
97.0385,97.0759,68437,82093,Rhinolophus ferrumequinum,0.02,0.02,-1,Echolocation,/mnt/ubna_data_01_mir/recover-20220825/UBNA_002/20220823_033000.WAV,Telephone Field,recover-20220825,002,1795
97.0395,97.0485,46093,50763,Pipistrellus pipistrellus,0.019,0.021,-1,Echolocation,/mnt/ubna_data_01_mir/recover-20220825/UBNA_002/20220823_033000.WAV,Telephone Field,recover-20220825,002,1795
97.0615,97.0999,68437,81159,Rhinolophus ferrumequinum,0.023,0.023,-1,Echolocation,/mnt/ubna_data_01_mir/recover-20220825/UBNA_002/20220823_033000.WAV,Telephone Field,recover-20220825,002,1795
97.1105,97.1513,68437,82038,Rhinolophus ferrumequinum,0.025,0.025,-1,Echolocation,/mnt/ubna_data_01_mir/recover-20220825/UBNA_002/20220823_033000.WAV,Telephone Field,recover-20220825,002,1795
97.1925,97.1989,26328,40106,Myotis nattereri,0.005,0.021,-1,Echolocation,/mnt/ubna_data_01_mir/recover-20220825/UBNA_002/20220823_033000.WAV,Telephone Field,recover-20220825,002,1795
97.1985,97.2368,68437,82565,Rhinolophus ferrumequinum,0.024,0.024,-1,Echolocation,/mnt/ubna_data_01_mir/recover-20220825/UBNA_002/20220823_033000.WAV,Telephone Field,recover-20220825,002,1795
97.2105,97.2472,68437,81679,Rhinolophus ferrumequinum,0.02,0.02,-1,Echolocation,/mnt/ubna_data_01_mir/recover-20220825/UBNA_002/20220823_033000.WAV,Telephone Field,recover-20220825,002,1795
97.2325,97.2711,68437,82271,Rhinolophus ferrumequinum,0.021,0.021,-1,Echolocation,/mnt/ubna_data_01_mir/recover-20220825/UBNA_002/20220823_033000.WAV,Telephone Field,recover-20220825,002,1795
97.23949999999999,97.2782,68437,81815,Rhinolophus ferrumequinum,0.021,0.021,-1,Echolocation,/mnt/ubna_data_01_mir/recover-20220825/UBNA_002/20220823_033000.WAV,Telephone Field,recover-20220825,002,1795
97.2475,97.2871,68437,82228,Rhinolophus ferrumequinum,0.022,0.022,-1,Echolocation,/mnt/ubna_data_01_mir/recover-20220825/UBNA_002/20220823_033000.WAV,Telephone Field,recover-20220825,002,1795
97.2775,97.3152,68437,82229,Rhinolophus ferrumequinum,0.02,0.02,-1,Echolocation,/mnt/ubna_data_01_mir/recover-20220825/UBNA_002/20220823_033000.WAV,Telephone Field,recover-20220825,002,1795
97.3215,97.3606,68437,81766,Rhinolophus ferrumequinum,0.022,0.022,-1,Echolocation,/mnt/ubna_data_01_mir/recover-20220825/UBNA_002/20220823_033000.WAV,Telephone Field,recover-20220825,002,1795
97.3345,97.3731,68437,82633,Rhinolophus ferrumequinum,0.022,0.022,-1,Echolocation,/mnt/ubna_data_01_mir/recover-20220825/UBNA_002/20220823_033000.WAV,Telephone Field,recover-20220825,002,1795
97.3555,97.3625,28046,41726,Eptesicus serotinus,0.008,0.026,-1,Echolocation,/mnt/ubna_data_01_mir/recover-20220825/UBNA_002/20220823_033000.WAV,Telephone Field,recover-20220825,002,1795
97.3765,97.4139,68437,81502,Rhinolophus ferrumequinum,0.02,0.02,-1,Echolocation,/mnt/ubna_data_01_mir/recover-20220825/UBNA_002/20220823_033000.WAV,Telephone Field,recover-20220825,002,1795
97.3805,97.3918,36640,41307,Pipistrellus nathusii,0.009,0.021,-1,Echolocation,/mnt/ubna_data_01_mir/recover-20220825/UBNA_002/20220823_033000.WAV,Telephone Field,recover-20220825,002,1795
97.3945,97.4268,68437,80275,Rhinolophus ferrumequinum,0.028,0.028,-1,Echolocation,/mnt/ubna_data_01_mir/recover-20220825/UBNA_002/20220823_033000.WAV,Telephone Field,recover-20220825,002,1795
97.4295,97.46809999999999,68437,82423,Rhinolophus ferrumequinum,0.02,0.02,-1,Echolocation,/mnt/ubna_data_01_mir/recover-20220825/UBNA_002/20220823_033000.WAV,Telephone Field,recover-20220825,002,1795
97.4365,97.4459,28046,37361,Eptesicus serotinus,0.009,0.022,-1,Echolocation,/mnt/ubna_data_01_mir/recover-20220825/UBNA_002/20220823_033000.WAV,Telephone Field,recover-20220825,002,1795
97.4655,97.5023,68437,81524,Rhinolophus ferrumequinum,0.02,0.02,-1,Echolocation,/mnt/ubna_data_01_mir/recover-20220825/UBNA_002/20220823_033000.WAV,Telephone Field,recover-20220825,002,1795
97.4795,97.5191,68437,81887,Rhinolophus ferrumequinum,0.02,0.02,-1,Echolocation,/mnt/ubna_data_01_mir/recover-20220825/UBNA_002/20220823_033000.WAV,Telephone Field,recover-20220825,002,1795
97.4855,97.5239,68437,81856,Rhinolophus ferrumequinum,0.02,0.02,-1,Echolocation,/mnt/ubna_data_01_mir/recover-20220825/UBNA_002/20220823_033000.WAV,Telephone Field,recover-20220825,002,1795
97.5545,97.5933,68437,81990,Rhinolophus ferrumequinum,0.02,0.02,-1,Echolocation,/mnt/ubna_data_01_mir/recover-20220825/UBNA_002/20220823_033000.WAV,Telephone Field,recover-20220825,002,1795
97.5785,97.6187,68437,82431,Rhinolophus ferrumequinum,0.02,0.02,-1,Echolocation,/mnt/ubna_data_01_mir/recover-20220825/UBNA_002/20220823_033000.WAV,Telephone Field,recover-20220825,002,1795
97.6075,97.6463,68437,82254,Rhinolophus ferrumequinum,0.022,0.022,-1,Echolocation,/mnt/ubna_data_01_mir/recover-20220825/UBNA_002/20220823_033000.WAV,Telephone Field,recover-20220825,002,1795
97.6385,97.6798,68437,82779,Rhinolophus ferrumequinum,0.033,0.033,-1,Echolocation,/mnt/ubna_data_01_mir/recover-20220825/UBNA_002/20220823_033000.WAV,Telephone Field,recover-20220825,002,1795
97.6525,97.6626,23750,30193,Nyctalus leisleri,0.007,0.021,-1,Echolocation,/mnt/ubna_data_01_mir/recover-20220825/UBNA_002/20220823_033000.WAV,Telephone Field,recover-20220825,002,1795
97.6675,97.7066,68437,81959,Rhinolophus ferrumequinum,0.023,0.023,-1,Echolocation,/mnt/ubna_data_01_mir/recover-20220825/UBNA_002/20220823_033000.WAV,Telephone Field,recover-20220825,002,1795
97.6695,97.6787,28906,38362,Eptesicus serotinus,0.009,0.025,-1,Echolocation,/mnt/ubna_data_01_mir/recover-20220825/UBNA_002/20220823_033000.WAV,Telephone Field,recover-20220825,002,1795
97.6865,97.7257,68437,80792,Rhinolophus ferrumequinum,0.022,0.022,-1,Echolocation,/mnt/ubna_data_01_mir/recover-20220825/UBNA_002/20220823_033000.WAV,Telephone Field,recover-20220825,002,1795
97.7085,97.719,28046,38572,Eptesicus serotinus,0.011,0.022,-1,Echolocation,/mnt/ubna_data_01_mir/recover-20220825/UBNA_002/20220823_033000.WAV,Telephone Field,recover-20220825,002,1795
97.7135,97.7231,28046,37730,Eptesicus serotinus,0.009,0.022,-1,Echolocation,/mnt/ubna_data_01_mir/recover-20220825/UBNA_002/20220823_033000.WAV,Telephone Field,recover-20220825,002,1795
97.7295,97.7707,68437,82845,Rhinolophus ferrumequinum,0.025,0.025,-1,Echolocation,/mnt/ubna_data_01_mir/recover-20220825/UBNA_002/20220823_033000.WAV,Telephone Field,recover-20220825,002,1795
97.7325,97.7446,22031,25853,Nyctalus leisleri,0.012,0.02,-1,Echolocation,/mnt/ubna_data_01_mir/recover-20220825/UBNA_002/20220823_033000.WAV,Telephone Field,recover-20220825,002,1795
97.7755,97.8161,68437,81844,Rhinolophus ferrumequinum,0.022,0.022,-1,Echolocation,/mnt/ubna_data_01_mir/recover-20220825/UBNA_002/20220823_033000.WAV,Telephone Field,recover-20220825,002,1795
97.7935,97.8334,68437,82266,Rhinolophus ferrumequinum,0.026,0.026,-1,Echolocation,/mnt/ubna_data_01_mir/recover-20220825/UBNA_002/20220823_033000.WAV,Telephone Field,recover-20220825,002,1795
97.8695,97.911,68437,82759,Rhinolophus ferrumequinum,0.023,0.023,-1,Echolocation,/mnt/ubna_data_01_mir/recover-20220825/UBNA_002/20220823_033000.WAV,Telephone Field,recover-20220825,002,1795
97.8965,97.9345,68437,81909,Rhinolophus ferrumequinum,0.02,0.02,-1,Echolocation,/mnt/ubna_data_01_mir/recover-20220825/UBNA_002/20220823_033000.WAV,Telephone Field,recover-20220825,002,1795
97.9025,97.94069999999999,68437,81647,Rhinolophus ferrumequinum,0.02,0.02,-1,Echolocation,/mnt/ubna_data_01_mir/recover-20220825/UBNA_002/20220823_033000.WAV,Telephone Field,recover-20220825,002,1795
97.9545,97.9933,68437,82085,Rhinolophus ferrumequinum,0.021,0.021,-1,Echolocation,/mnt/ubna_data_01_mir/recover-20220825/UBNA_002/20220823_033000.WAV,Telephone Field,recover-20220825,002,1795
97.9615,97.9692,34062,42798,Myotis daubentonii,0.008,0.02,-1,Echolocation,/mnt/ubna_data_01_mir/recover-20220825/UBNA_002/20220823_033000.WAV,Telephone Field,recover-20220825,002,1795
98.0015,98.0324,69296,80837,Rhinolophus ferrumequinum,0.033,0.033,-1,Echolocation,/mnt/ubna_data_01_mir/recover-20220825/UBNA_002/20220823_033000.WAV,Telephone Field,recover-20220825,002,1795
98.0015,98.0104,22890,30026,Nyctalus leisleri,0.009,0.03,-1,Echolocation,/mnt/ubna_data_01_mir/recover-20220825/UBNA_002/20220823_033000.WAV,Telephone Field,recover-20220825,002,1795
98.0015,98.00919999999999,47812,55805,Pipistrellus pipistrellus,0.016,0.022,-1,Echolocation,/mnt/ubna_data_01_mir/recover-20220825/UBNA_002/20220823_033000.WAV,Telephone Field,recover-20220825,002,1795
98.0095,98.0514,68437,82133,Rhinolophus ferrumequinum,0.027,0.027,-1,Echolocation,/mnt/ubna_data_01_mir/recover-20220825/UBNA_002/20220823_033000.WAV,Telephone Field,recover-20220825,002,1795
98.0235,98.0588,68437,81318,Rhinolophus ferrumequinum,0.024,0.024,-1,Echolocation,/mnt/ubna_data_01_mir/recover-20220825/UBNA_002/20220823_033000.WAV,Telephone Field,recover-20220825,002,1795
98.0605,98.0686,28906,39699,Eptesicus serotinus,0.009,0.023,-1,Echolocation,/mnt/ubna_data_01_mir/recover-20220825/UBNA_002/20220823_033000.WAV,Telephone Field,recover-20220825,002,1795
98.0845,98.1236,68437,82564,Rhinolophus ferrumequinum,0.025,0.025,-1,Echolocation,/mnt/ubna_data_01_mir/recover-20220825/UBNA_002/20220823_033000.WAV,Telephone Field,recover-20220825,002,1795
98.1065,98.1118,37500,59811,Myotis mystacinus,0.007,0.023,-1,Echolocation,/mnt/ubna_data_01_mir/recover-20220825/UBNA_002/20220823_033000.WAV,Telephone Field,recover-20220825,002,1795
98.1065,98.1126,33203,60357,Myotis mystacinus,0.006,0.023,-1,Echolocation,/mnt/ubna_data_01_mir/recover-20220825/UBNA_002/20220823_033000.WAV,Telephone Field,recover-20220825,002,1795
98.1075,98.1143,24609,37503,Plecotus austriacus,0.009,0.026,-1,Echolocation,/mnt/ubna_data_01_mir/recover-20220825/UBNA_002/20220823_033000.WAV,Telephone Field,recover-20220825,002,1795
98.10849999999999,98.1513,68437,83271,Rhinolophus ferrumequinum,0.039,0.039,-1,Echolocation,/mnt/ubna_data_01_mir/recover-20220825/UBNA_002/20220823_033000.WAV,Telephone Field,recover-20220825,002,1795
98.1645,98.2038,68437,81946,Rhinolophus ferrumequinum,0.028,0.028,-1,Echolocation,/mnt/ubna_data_01_mir/recover-20220825/UBNA_002/20220823_033000.WAV,Telephone Field,recover-20220825,002,1795
98.1785,98.1918,46093,49574,Pipistrellus pipistrellus,0.029,0.033,-1,Echolocation,/mnt/ubna_data_01_mir/recover-20220825/UBNA_002/20220823_033000.WAV,Telephone Field,recover-20220825,002,1795
98.2055,98.243,68437,81704,Rhinolophus ferrumequinum,0.024,0.024,-1,Echolocation,/mnt/ubna_data_01_mir/recover-20220825/UBNA_002/20220823_033000.WAV,Telephone Field,recover-20220825,002,1795
98.2235,98.2324,28906,36815,Eptesicus serotinus,0.009,0.021,-1,Echolocation,/mnt/ubna_data_01_mir/recover-20220825/UBNA_002/20220823_033000.WAV,Telephone Field,recover-20220825,002,1795
98.2385,98.2787,68437,82067,Rhinolophus ferrumequinum,0.023,0.023,-1,Echolocation,/mnt/ubna_data_01_mir/recover-20220825/UBNA_002/20220823_033000.WAV,Telephone Field,recover-20220825,002,1795
98.2825,98.3233,68437,82770,Rhinolophus ferrumequinum,0.027,0.027,-1,Echolocation,/mnt/ubna_data_01_mir/recover-20220825/UBNA_002/20220823_033000.WAV,Telephone Field,recover-20220825,002,1795
98.3175,98.3535,68437,81227,Rhinolophus ferrumequinum,0.022,0.022,-1,Echolocation,/mnt/ubna_data_01_mir/recover-20220825/UBNA_002/20220823_033000.WAV,Telephone Field,recover-20220825,002,1795
98.3205,98.3269,24609,35661,Plecotus austriacus,0.02,0.049,-1,Echolocation,/mnt/ubna_data_01_mir/recover-20220825/UBNA_002/20220823_033000.WAV,Telephone Field,recover-20220825,002,1795
98.39150000000001,98.4325,68437,82759,Rhinolophus ferrumequinum,0.023,0.023,-1,Echolocation,/mnt/ubna_data_01_mir/recover-20220825/UBNA_002/20220823_033000.WAV,Telephone Field,recover-20220825,002,1795
98.4705,98.51089999999999,68437,82992,Rhinolophus ferrumequinum,0.025,0.025,-1,Echolocation,/mnt/ubna_data_01_mir/recover-20220825/UBNA_002/20220823_033000.WAV,Telephone Field,recover-20220825,002,1795
98.4915,98.5044,22031,25928,Nyctalus leisleri,0.016,0.027,-1,Echolocation,/mnt/ubna_data_01_mir/recover-20220825/UBNA_002/20220823_033000.WAV,Telephone Field,recover-20220825,002,1795
98.5035,98.5445,68437,82360,Rhinolophus ferrumequinum,0.023,0.023,-1,Echolocation,/mnt/ubna_data_01_mir/recover-20220825/UBNA_002/20220823_033000.WAV,Telephone Field,recover-20220825,002,1795
98.5085,98.5192,23750,30058,Nyctalus leisleri,0.009,0.024,-1,Echolocation,/mnt/ubna_data_01_mir/recover-20220825/UBNA_002/20220823_033000.WAV,Telephone Field,recover-20220825,002,1795
98.5115,98.5506,68437,82610,Rhinolophus ferrumequinum,0.024,0.024,-1,Echolocation,/mnt/ubna_data_01_mir/recover-20220825/UBNA_002/20220823_033000.WAV,Telephone Field,recover-20220825,002,1795
98.5245,98.5661,68437,82626,Rhinolophus ferrumequinum,0.024,0.024,-1,Echolocation,/mnt/ubna_data_01_mir/recover-20220825/UBNA_002/20220823_033000.WAV,Telephone Field,recover-20220825,002,1795
98.5825,98.5938,28906,35798,Eptesicus serotinus,0.011,0.024,-1,Echolocation,/mnt/ubna_data_01_mir/recover-20220825/UBNA_002/20220823_033000.WAV,Telephone Field,recover-20220825,002,1795
98.5995,98.6407,68437,82252,Rhinolophus ferrumequinum,0.027,0.027,-1,Echolocation,/mnt/ubna_data_01_mir/recover-20220825/UBNA_002/20220823_033000.WAV,Telephone Field,recover-20220825,002,1795
98.6605,98.6681,27187,37561,Eptesicus serotinus,0.007,0.022,-1,Echolocation,/mnt/ubna_data_01_mir/recover-20220825/UBNA_002/20220823_033000.WAV,Telephone Field,recover-20220825,002,1795
98.6715,98.7112,68437,82752,Rhinolophus ferrumequinum,0.023,0.023,-1,Echolocation,/mnt/ubna_data_01_mir/recover-20220825/UBNA_002/20220823_033000.WAV,Telephone Field,recover-20220825,002,1795
98.6815,98.7208,68437,82159,Rhinolophus ferrumequinum,0.022,0.022,-1,Echolocation,/mnt/ubna_data_01_mir/recover-20220825/UBNA_002/20220823_033000.WAV,Telephone Field,recover-20220825,002,1795
98.7985,98.8082,22031,27415,Nyctalus leisleri,0.009,0.022,-1,Echolocation,/mnt/ubna_data_01_mir/recover-20220825/UBNA_002/20220823_033000.WAV,Telephone Field,recover-20220825,002,1795
98.8105,98.8485,68437,82260,Rhinolophus ferrumequinum,0.022,0.022,-1,Echolocation,/mnt/ubna_data_01_mir/recover-20220825/UBNA_002/20220823_033000.WAV,Telephone Field,recover-20220825,002,1795
98.8355,98.8738,68437,82454,Rhinolophus ferrumequinum,0.022,0.022,-1,Echolocation,/mnt/ubna_data_01_mir/recover-20220825/UBNA_002/20220823_033000.WAV,Telephone Field,recover-20220825,002,1795
98.8505,98.8555,25468,43000,Plecotus austriacus,0.009,0.033,-1,Echolocation,/mnt/ubna_data_01_mir/recover-20220825/UBNA_002/20220823_033000.WAV,Telephone Field,recover-20220825,002,1795
98.8555,98.8928,68437,82037,Rhinolophus ferrumequinum,0.023,0.023,-1,Echolocation,/mnt/ubna_data_01_mir/recover-20220825/UBNA_002/20220823_033000.WAV,Telephone Field,recover-20220825,002,1795
98.8665,98.8747,28046,40282,Eptesicus serotinus,0.009,0.023,-1,Echolocation,/mnt/ubna_data_01_mir/recover-20220825/UBNA_002/20220823_033000.WAV,Telephone Field,recover-20220825,002,1795
98.8745,98.8841,22890,29420,Nyctalus leisleri,0.008,0.022,-1,Echolocation,/mnt/ubna_data_01_mir/recover-20220825/UBNA_002/20220823_033000.WAV,Telephone Field,recover-20220825,002,1795
98.8875,98.9253,68437,81450,Rhinolophus ferrumequinum,0.022,0.022,-1,Echolocation,/mnt/ubna_data_01_mir/recover-20220825/UBNA_002/20220823_033000.WAV,Telephone Field,recover-20220825,002,1795
98.9085,98.9186,28906,36468,Eptesicus serotinus,0.012,0.029,-1,Echolocation,/mnt/ubna_data_01_mir/recover-20220825/UBNA_002/20220823_033000.WAV,Telephone Field,recover-20220825,002,1795
98.9435,98.9534,28906,40417,Eptesicus serotinus,0.009,0.022,-1,Echolocation,/mnt/ubna_data_01_mir/recover-20220825/UBNA_002/20220823_033000.WAV,Telephone Field,recover-20220825,002,1795
98.9645,99.00450000000001,68437,82325,Rhinolophus ferrumequinum,0.029,0.029,-1,Echolocation,/mnt/ubna_data_01_mir/recover-20220825/UBNA_002/20220823_033000.WAV,Telephone Field,recover-20220825,002,1795
98.9645,98.975,22890,28422,Nyctalus leisleri,0.009,0.023,-1,Echolocation,/mnt/ubna_data_01_mir/recover-20220825/UBNA_002/20220823_033000.WAV,Telephone Field,recover-20220825,002,1795
98.9645,98.9767,50390,57291,Pipistrellus pipistrellus,0.018,0.024,-1,Echolocation,/mnt/ubna_data_01_mir/recover-20220825/UBNA_002/20220823_033000.WAV,Telephone Field,recover-20220825,002,1795
98.98349999999999,98.9919,24609,32312,Plecotus austriacus,0.006,0.022,-1,Echolocation,/mnt/ubna_data_01_mir/recover-20220825/UBNA_002/20220823_033000.WAV,Telephone Field,recover-20220825,002,1795
99.0095,99.0494,68437,82267,Rhinolophus ferrumequinum,0.022,0.022,-1,Echolocation,/mnt/ubna_data_01_mir/recover-20220825/UBNA_002/20220823_033000.WAV,Telephone Field,recover-20220825,002,1795
99.0155,99.0546,68437,82035,Rhinolophus ferrumequinum,0.021,0.022,-1,Echolocation,/mnt/ubna_data_01_mir/recover-20220825/UBNA_002/20220823_033000.WAV,Telephone Field,recover-20220825,002,1795
99.0415,99.0813,68437,82081,Rhinolophus ferrumequinum,0.021,0.021,-1,Echolocation,/mnt/ubna_data_01_mir/recover-20220825/UBNA_002/20220823_033000.WAV,Telephone Field,recover-20220825,002,1795
99.1195,99.1318,24609,30425,Nyctalus leisleri,0.01,0.023,-1,Echolocation,/mnt/ubna_data_01_mir/recover-20220825/UBNA_002/20220823_033000.WAV,Telephone Field,recover-20220825,002,1795
99.1775,99.2178,68437,82124,Rhinolophus ferrumequinum,0.032,0.032,-1,Echolocation,/mnt/ubna_data_01_mir/recover-20220825/UBNA_002/20220823_033000.WAV,Telephone Field,recover-20220825,002,1795
99.2115,99.2193,28906,40006,Eptesicus serotinus,0.007,0.022,-1,Echolocation,/mnt/ubna_data_01_mir/recover-20220825/UBNA_002/20220823_033000.WAV,Telephone Field,recover-20220825,002,1795
99.2205,99.2583,68437,82044,Rhinolophus ferrumequinum,0.023,0.023,-1,Echolocation,/mnt/ubna_data_01_mir/recover-20220825/UBNA_002/20220823_033000.WAV,Telephone Field,recover-20220825,002,1795
99.2465,99.2869,68437,82613,Rhinolophus ferrumequinum,0.022,0.022,-1,Echolocation,/mnt/ubna_data_01_mir/recover-20220825/UBNA_002/20220823_033000.WAV,Telephone Field,recover-20220825,002,1795
99.25450000000001,99.2974,68437,83172,Rhinolophus ferrumequinum,0.025,0.025,-1,Echolocation,/mnt/ubna_data_01_mir/recover-20220825/UBNA_002/20220823_033000.WAV,Telephone Field,recover-20220825,002,1795
99.2735,99.288,42656,45424,Pipistrellus pipistrellus,0.047,0.052,-1,Echolocation,/mnt/ubna_data_01_mir/recover-20220825/UBNA_002/20220823_033000.WAV,Telephone Field,recover-20220825,002,1795
99.2895,99.3245,68437,81190,Rhinolophus ferrumequinum,0.022,0.022,-1,Echolocation,/mnt/ubna_data_01_mir/recover-20220825/UBNA_002/20220823_033000.WAV,Telephone Field,recover-20220825,002,1795
99.2955,99.33,68437,81287,Rhinolophus ferrumequinum,0.022,0.022,-1,Echolocation,/mnt/ubna_data_01_mir/recover-20220825/UBNA_002/20220823_033000.WAV,Telephone Field,recover-20220825,002,1795
99.3075,99.3489,68437,82833,Rhinolophus ferrumequinum,0.025,0.025,-1,Echolocation,/mnt/ubna_data_01_mir/recover-20220825/UBNA_002/20220823_033000.WAV,Telephone Field,recover-20220825,002,1795
99.3185,99.3561,68437,82035,Rhinolophus ferrumequinum,0.023,0.023,-1,Echolocation,/mnt/ubna_data_01_mir/recover-20220825/UBNA_002/20220823_033000.WAV,Telephone Field,recover-20220825,002,1795
99.3715,99.4127,68437,82913,Rhinolophus ferrumequinum,0.028,0.028,-1,Echolocation,/mnt/ubna_data_01_mir/recover-20220825/UBNA_002/20220823_033000.WAV,Telephone Field,recover-20220825,002,1795
99.3725,99.379,33203,59479,Myotis brandtii,0.009,0.025,-1,Echolocation,/mnt/ubna_data_01_mir/recover-20220825/UBNA_002/20220823_033000.WAV,Telephone Field,recover-20220825,002,1795
99.3735,99.3787,41796,54286,Myotis bechsteinii,0.006,0.027,-1,Echolocation,/mnt/ubna_data_01_mir/recover-20220825/UBNA_002/20220823_033000.WAV,Telephone Field,recover-20220825,002,1795
99.3765,99.3892,22890,28348,Nyctalus leisleri,0.014,0.03,-1,Echolocation,/mnt/ubna_data_01_mir/recover-20220825/UBNA_002/20220823_033000.WAV,Telephone Field,recover-20220825,002,1795
99.4075,99.4183,22890,27436,Nyctalus leisleri,0.013,0.025,-1,Echolocation,/mnt/ubna_data_01_mir/recover-20220825/UBNA_002/20220823_033000.WAV,Telephone Field,recover-20220825,002,1795
99.4085,99.4454,68437,80521,Rhinolophus ferrumequinum,0.024,0.024,-1,Echolocation,/mnt/ubna_data_01_mir/recover-20220825/UBNA_002/20220823_033000.WAV,Telephone Field,recover-20220825,002,1795
99.4125,99.42060000000001,29765,38925,Eptesicus serotinus,0.007,0.022,-1,Echolocation,/mnt/ubna_data_01_mir/recover-20220825/UBNA_002/20220823_033000.WAV,Telephone Field,recover-20220825,002,1795
99.4225,99.4608,68437,82606,Rhinolophus ferrumequinum,0.024,0.024,-1,Echolocation,/mnt/ubna_data_01_mir/recover-20220825/UBNA_002/20220823_033000.WAV,Telephone Field,recover-20220825,002,1795
99.4375,99.4464,28906,40634,Eptesicus serotinus,0.01,0.027,-1,Echolocation,/mnt/ubna_data_01_mir/recover-20220825/UBNA_002/20220823_033000.WAV,Telephone Field,recover-20220825,002,1795
99.4675,99.4786,28906,35778,Eptesicus serotinus,0.018,0.032,-1,Echolocation,/mnt/ubna_data_01_mir/recover-20220825/UBNA_002/20220823_033000.WAV,Telephone Field,recover-20220825,002,1795
99.4695,99.51050000000001,68437,82988,Rhinolophus ferrumequinum,0.024,0.024,-1,Echolocation,/mnt/ubna_data_01_mir/recover-20220825/UBNA_002/20220823_033000.WAV,Telephone Field,recover-20220825,002,1795
99.5065,99.5492,68437,83055,Rhinolophus ferrumequinum,0.03,0.03,-1,Echolocation,/mnt/ubna_data_01_mir/recover-20220825/UBNA_002/20220823_033000.WAV,Telephone Field,recover-20220825,002,1795
99.5085,99.5172,28046,38995,Eptesicus serotinus,0.009,0.024,-1,Echolocation,/mnt/ubna_data_01_mir/recover-20220825/UBNA_002/20220823_033000.WAV,Telephone Field,recover-20220825,002,1795
99.5345,99.5797,68437,83220,Rhinolophus ferrumequinum,0.025,0.025,-1,Echolocation,/mnt/ubna_data_01_mir/recover-20220825/UBNA_002/20220823_033000.WAV,Telephone Field,recover-20220825,002,1795
99.5355,99.5434,44375,52922,Pipistrellus pipistrellus,0.022,0.026,-1,Echolocation,/mnt/ubna_data_01_mir/recover-20220825/UBNA_002/20220823_033000.WAV,Telephone Field,recover-20220825,002,1795
99.5675,99.6066,68437,82370,Rhinolophus ferrumequinum,0.022,0.022,-1,Echolocation,/mnt/ubna_data_01_mir/recover-20220825/UBNA_002/20220823_033000.WAV,Telephone Field,recover-20220825,002,1795
99.5935,99.6051,49531,53779,Pipistrellus pipistrellus,0.026,0.035,-1,Echolocation,/mnt/ubna_data_01_mir/recover-20220825/UBNA_002/20220823_033000.WAV,Telephone Field,recover-20220825,002,1795
99.5975,99.6364,68437,81604,Rhinolophus ferrumequinum,0.022,0.022,-1,Echolocation,/mnt/ubna_data_01_mir/recover-20220825/UBNA_002/20220823_033000.WAV,Telephone Field,recover-20220825,002,1795
99.6335,99.6739,68437,82729,Rhinolophus ferrumequinum,0.041,0.041,-1,Echolocation,/mnt/ubna_data_01_mir/recover-20220825/UBNA_002/20220823_033000.WAV,Telephone Field,recover-20220825,002,1795
99.6545,99.6948,68437,82250,Rhinolophus ferrumequinum,0.024,0.024,-1,Echolocation,/mnt/ubna_data_01_mir/recover-20220825/UBNA_002/20220823_033000.WAV,Telephone Field,recover-20220825,002,1795
99.7035,99.7352,68437,80326,Rhinolophus ferrumequinum,0.022,0.022,-1,Echolocation,/mnt/ubna_data_01_mir/recover-20220825/UBNA_002/20220823_033000.WAV,Telephone Field,recover-20220825,002,1795
99.7405,99.7498,28906,38432,Eptesicus serotinus,0.01,0.026,-1,Echolocation,/mnt/ubna_data_01_mir/recover-20220825/UBNA_002/20220823_033000.WAV,Telephone Field,recover-20220825,002,1795
99.7515,99.7907,68437,82273,Rhinolophus ferrumequinum,0.023,0.023,-1,Echolocation,/mnt/ubna_data_01_mir/recover-20220825/UBNA_002/20220823_033000.WAV,Telephone Field,recover-20220825,002,1795
99.7745,99.811,68437,81057,Rhinolophus ferrumequinum,0.023,0.023,-1,Echolocation,/mnt/ubna_data_01_mir/recover-20220825/UBNA_002/20220823_033000.WAV,Telephone Field,recover-20220825,002,1795
99.7765,99.7921,21171,24330,Nyctalus leisleri,0.017,0.027,-1,Echolocation,/mnt/ubna_data_01_mir/recover-20220825/UBNA_002/20220823_033000.WAV,Telephone Field,recover-20220825,002,1795
99.7905,99.8043,22890,27324,Nyctalus leisleri,0.011,0.022,-1,Echolocation,/mnt/ubna_data_01_mir/recover-20220825/UBNA_002/20220823_033000.WAV,Telephone Field,recover-20220825,002,1795
99.8435,99.8514,28046,38467,Eptesicus serotinus,0.008,0.023,-1,Echolocation,/mnt/ubna_data_01_mir/recover-20220825/UBNA_002/20220823_033000.WAV,Telephone Field,recover-20220825,002,1795
99.8435,99.852,22890,30206,Plecotus austriacus,0.009,0.021,-1,Echolocation,/mnt/ubna_data_01_mir/recover-20220825/UBNA_002/20220823_033000.WAV,Telephone Field,recover-20220825,002,1795
99.8665,99.9085,68437,82538,Rhinolophus ferrumequinum,0.023,0.023,-1,Echolocation,/mnt/ubna_data_01_mir/recover-20220825/UBNA_002/20220823_033000.WAV,Telephone Field,recover-20220825,002,1795
99.9335,99.9728,68437,82139,Rhinolophus ferrumequinum,0.023,0.023,-1,Echolocation,/mnt/ubna_data_01_mir/recover-20220825/UBNA_002/20220823_033000.WAV,Telephone Field,recover-20220825,002,1795
99.9485,99.9892,68437,81933,Rhinolophus ferrumequinum,0.031,0.031,-1,Echolocation,/mnt/ubna_data_01_mir/recover-20220825/UBNA_002/20220823_033000.WAV,Telephone Field,recover-20220825,002,1795
100.0015,100.0359,68437,79945,Rhinolophus ferrumequinum,0.054,0.054,-1,Echolocation,/mnt/ubna_data_01_mir/recover-20220825/UBNA_002/20220823_033000.WAV,Telephone Field,recover-20220825,002,1795
100.0015,100.0081,46953,50920,Pipistrellus pipistrellus,0.019,0.023,-1,Echolocation,/mnt/ubna_data_01_mir/recover-20220825/UBNA_002/20220823_033000.WAV,Telephone Field,recover-20220825,002,1795
100.0015,100.0114,22031,27595,Nyctalus leisleri,0.012,0.029,-1,Echolocation,/mnt/ubna_data_01_mir/recover-20220825/UBNA_002/20220823_033000.WAV,Telephone Field,recover-20220825,002,1795
100.0665,100.1078,68437,83025,Rhinolophus ferrumequinum,0.024,0.024,-1,Echolocation,/mnt/ubna_data_01_mir/recover-20220825/UBNA_002/20220823_033000.WAV,Telephone Field,recover-20220825,002,1795
100.0725,100.0816,22031,27830,Plecotus austriacus,0.008,0.021,-1,Echolocation,/mnt/ubna_data_01_mir/recover-20220825/UBNA_002/20220823_033000.WAV,Telephone Field,recover-20220825,002,1795
100.1165,100.123,28046,41174,Eptesicus serotinus,0.011,0.036,-1,Echolocation,/mnt/ubna_data_01_mir/recover-20220825/UBNA_002/20220823_033000.WAV,Telephone Field,recover-20220825,002,1795
100.1555,100.1933,68437,81275,Rhinolophus ferrumequinum,0.022,0.022,-1,Echolocation,/mnt/ubna_data_01_mir/recover-20220825/UBNA_002/20220823_033000.WAV,Telephone Field,recover-20220825,002,1795
100.2235,100.2616,68437,82471,Rhinolophus ferrumequinum,0.024,0.024,-1,Echolocation,/mnt/ubna_data_01_mir/recover-20220825/UBNA_002/20220823_033000.WAV,Telephone Field,recover-20220825,002,1795
100.2405,100.2739,68437,81595,Rhinolophus ferrumequinum,0.021,0.021,-1,Echolocation,/mnt/ubna_data_01_mir/recover-20220825/UBNA_002/20220823_033000.WAV,Telephone Field,recover-20220825,002,1795
100.2515,100.2885,68437,81936,Rhinolophus ferrumequinum,0.022,0.022,-1,Echolocation,/mnt/ubna_data_01_mir/recover-20220825/UBNA_002/20220823_033000.WAV,Telephone Field,recover-20220825,002,1795
100.2645,100.2734,28046,36876,Eptesicus serotinus,0.008,0.021,-1,Echolocation,/mnt/ubna_data_01_mir/recover-20220825/UBNA_002/20220823_033000.WAV,Telephone Field,recover-20220825,002,1795
100.2885,100.3327,68437,83119,Rhinolophus ferrumequinum,0.032,0.032,-1,Echolocation,/mnt/ubna_data_01_mir/recover-20220825/UBNA_002/20220823_033000.WAV,Telephone Field,recover-20220825,002,1795
100.3155,100.3247,28906,39489,Eptesicus serotinus,0.009,0.022,-1,Echolocation,/mnt/ubna_data_01_mir/recover-20220825/UBNA_002/20220823_033000.WAV,Telephone Field,recover-20220825,002,1795
100.3255,100.3329,28906,39508,Eptesicus serotinus,0.007,0.024,-1,Echolocation,/mnt/ubna_data_01_mir/recover-20220825/UBNA_002/20220823_033000.WAV,Telephone Field,recover-20220825,002,1795
100.3785,100.4184,68437,82552,Rhinolophus ferrumequinum,0.023,0.023,-1,Echolocation,/mnt/ubna_data_01_mir/recover-20220825/UBNA_002/20220823_033000.WAV,Telephone Field,recover-20220825,002,1795
100.4035,100.4406,68437,81958,Rhinolophus ferrumequinum,0.025,0.025,-1,Echolocation,/mnt/ubna_data_01_mir/recover-20220825/UBNA_002/20220823_033000.WAV,Telephone Field,recover-20220825,002,1795
100.4405,100.4493,28906,39556,Eptesicus serotinus,0.008,0.021,-1,Echolocation,/mnt/ubna_data_01_mir/recover-20220825/UBNA_002/20220823_033000.WAV,Telephone Field,recover-20220825,002,1795
100.4475,100.457,23750,29976,Nyctalus leisleri,0.008,0.023,-1,Echolocation,/mnt/ubna_data_01_mir/recover-20220825/UBNA_002/20220823_033000.WAV,Telephone Field,recover-20220825,002,1795
100.4645,100.47540000000001,23750,29279,Nyctalus leisleri,0.01,0.022,-1,Echolocation,/mnt/ubna_data_01_mir/recover-20220825/UBNA_002/20220823_033000.WAV,Telephone Field,recover-20220825,002,1795
100.4785,100.5145,68437,81994,Rhinolophus ferrumequinum,0.021,0.021,-1,Echolocation,/mnt/ubna_data_01_mir/recover-20220825/UBNA_002/20220823_033000.WAV,Telephone Field,recover-20220825,002,1795
100.50450000000001,100.543,68437,82396,Rhinolophus ferrumequinum,0.023,0.023,-1,Echolocation,/mnt/ubna_data_01_mir/recover-20220825/UBNA_002/20220823_033000.WAV,Telephone Field,recover-20220825,002,1795
100.5275,100.5665,68437,82992,Rhinolophus ferrumequinum,0.023,0.023,-1,Echolocation,/mnt/ubna_data_01_mir/recover-20220825/UBNA_002/20220823_033000.WAV,Telephone Field,recover-20220825,002,1795
100.5285,100.5358,28046,39220,Eptesicus serotinus,0.009,0.03,-1,Echolocation,/mnt/ubna_data_01_mir/recover-20220825/UBNA_002/20220823_033000.WAV,Telephone Field,recover-20220825,002,1795
100.5385,100.5776,68437,82465,Rhinolophus ferrumequinum,0.022,0.022,-1,Echolocation,/mnt/ubna_data_01_mir/recover-20220825/UBNA_002/20220823_033000.WAV,Telephone Field,recover-20220825,002,1795
100.5525,100.5647,46093,50209,Pipistrellus pipistrellus,0.04,0.045,-1,Echolocation,/mnt/ubna_data_01_mir/recover-20220825/UBNA_002/20220823_033000.WAV,Telephone Field,recover-20220825,002,1795
100.6305,100.6665,68437,82244,Rhinolophus ferrumequinum,0.022,0.022,-1,Echolocation,/mnt/ubna_data_01_mir/recover-20220825/UBNA_002/20220823_033000.WAV,Telephone Field,recover-20220825,002,1795
100.6315,100.6391,28046,39590,Eptesicus serotinus,0.006,0.021,-1,Echolocation,/mnt/ubna_data_01_mir/recover-20220825/UBNA_002/20220823_033000.WAV,Telephone Field,recover-20220825,002,1795
100.6615,100.7017,68437,82386,Rhinolophus ferrumequinum,0.023,0.023,-1,Echolocation,/mnt/ubna_data_01_mir/recover-20220825/UBNA_002/20220823_033000.WAV,Telephone Field,recover-20220825,002,1795
100.6675,100.6748,27187,37572,Eptesicus serotinus,0.008,0.022,-1,Echolocation,/mnt/ubna_data_01_mir/recover-20220825/UBNA_002/20220823_033000.WAV,Telephone Field,recover-20220825,002,1795
100.6835,100.696,14296,19012,Nyctalus noctula,0.037,0.057,-1,Echolocation,/mnt/ubna_data_01_mir/recover-20220825/UBNA_002/20220823_033000.WAV,Telephone Field,recover-20220825,002,1795
100.7555,100.7917,68437,81795,Rhinolophus ferrumequinum,0.026,0.026,-1,Echolocation,/mnt/ubna_data_01_mir/recover-20220825/UBNA_002/20220823_033000.WAV,Telephone Field,recover-20220825,002,1795
100.77250000000001,100.8132,68437,82217,Rhinolophus ferrumequinum,0.024,0.024,-1,Echolocation,/mnt/ubna_data_01_mir/recover-20220825/UBNA_002/20220823_033000.WAV,Telephone Field,recover-20220825,002,1795
100.7765,100.7845,28906,42516,Eptesicus serotinus,0.008,0.023,-1,Echolocation,/mnt/ubna_data_01_mir/recover-20220825/UBNA_002/20220823_033000.WAV,Telephone Field,recover-20220825,002,1795
100.7885,100.822,68437,81221,Rhinolophus ferrumequinum,0.022,0.022,-1,Echolocation,/mnt/ubna_data_01_mir/recover-20220825/UBNA_002/20220823_033000.WAV,Telephone Field,recover-20220825,002,1795
100.8075,100.8472,68437,82309,Rhinolophus ferrumequinum,0.023,0.023,-1,Echolocation,/mnt/ubna_data_01_mir/recover-20220825/UBNA_002/20220823_033000.WAV,Telephone Field,recover-20220825,002,1795
100.8155,100.85249999999999,68437,82197,Rhinolophus ferrumequinum,0.021,0.021,-1,Echolocation,/mnt/ubna_data_01_mir/recover-20220825/UBNA_002/20220823_033000.WAV,Telephone Field,recover-20220825,002,1795
100.8575,100.8678,28046,35282,Eptesicus serotinus,0.015,0.028,-1,Echolocation,/mnt/ubna_data_01_mir/recover-20220825/UBNA_002/20220823_033000.WAV,Telephone Field,recover-20220825,002,1795
100.8695,100.9092,68437,81993,Rhinolophus ferrumequinum,0.021,0.021,-1,Echolocation,/mnt/ubna_data_01_mir/recover-20220825/UBNA_002/20220823_033000.WAV,Telephone Field,recover-20220825,002,1795
100.8835,100.923,68437,82997,Rhinolophus ferrumequinum,0.022,0.022,-1,Echolocation,/mnt/ubna_data_01_mir/recover-20220825/UBNA_002/20220823_033000.WAV,Telephone Field,recover-20220825,002,1795
100.8945,100.9071,14296,18553,Nyctalus noctula,0.021,0.033,-1,Echolocation,/mnt/ubna_data_01_mir/recover-20220825/UBNA_002/20220823_033000.WAV,Telephone Field,recover-20220825,002,1795
100.9035,100.9417,68437,82052,Rhinolophus ferrumequinum,0.021,0.021,-1,Echolocation,/mnt/ubna_data_01_mir/recover-20220825/UBNA_002/20220823_033000.WAV,Telephone Field,recover-20220825,002,1795
100.9105,100.9494,68437,81961,Rhinolophus ferrumequinum,0.021,0.022,-1,Echolocation,/mnt/ubna_data_01_mir/recover-20220825/UBNA_002/20220823_033000.WAV,Telephone Field,recover-20220825,002,1795
100.9365,100.97710000000001,68437,82707,Rhinolophus ferrumequinum,0.023,0.023,-1,Echolocation,/mnt/ubna_data_01_mir/recover-20220825/UBNA_002/20220823_033000.WAV,Telephone Field,recover-20220825,002,1795
100.9435,100.9852,68437,82831,Rhinolophus ferrumequinum,0.023,0.023,-1,Echolocation,/mnt/ubna_data_01_mir/recover-20220825/UBNA_002/20220823_033000.WAV,Telephone Field,recover-20220825,002,1795
100.9495,100.9925,68437,82819,Rhinolophus ferrumequinum,0.023,0.023,-1,Echolocation,/mnt/ubna_data_01_mir/recover-20220825/UBNA_002/20220823_033000.WAV,Telephone Field,recover-20220825,002,1795
100.9655,100.9757,22031,27499,Nyctalus leisleri,0.009,0.024,-1,Echolocation,/mnt/ubna_data_01_mir/recover-20220825/UBNA_002/20220823_033000.WAV,Telephone Field,recover-20220825,002,1795
100.9905,101.0283,68437,81910,Rhinolophus ferrumequinum,0.028,0.028,-1,Echolocation,/mnt/ubna_data_01_mir/recover-20220825/UBNA_002/20220823_033000.WAV,Telephone Field,recover-20220825,002,1795
101.0265,101.06739999999999,68437,81886,Rhinolophus ferrumequinum,0.022,0.023,-1,Echolocation,/mnt/ubna_data_01_mir/recover-20220825/UBNA_002/20220823_033000.WAV,Telephone Field,recover-20220825,002,1795
101.0375,101.0795,68437,82919,Rhinolophus ferrumequinum,0.025,0.025,-1,Echolocation,/mnt/ubna_data_01_mir/recover-20220825/UBNA_002/20220823_033000.WAV,Telephone Field,recover-20220825,002,1795
101.0645,101.0997,68437,81615,Rhinolophus ferrumequinum,0.025,0.025,-1,Echolocation,/mnt/ubna_data_01_mir/recover-20220825/UBNA_002/20220823_033000.WAV,Telephone Field,recover-20220825,002,1795
101.1265,101.1649,68437,82398,Rhinolophus ferrumequinum,0.022,0.022,-1,Echolocation,/mnt/ubna_data_01_mir/recover-20220825/UBNA_002/20220823_033000.WAV,Telephone Field,recover-20220825,002,1795
101.14150000000001,101.1513,22890,28484,Nyctalus leisleri,0.009,0.021,-1,Echolocation,/mnt/ubna_data_01_mir/recover-20220825/UBNA_002/20220823_033000.WAV,Telephone Field,recover-20220825,002,1795
101.1435,101.182,68437,82121,Rhinolophus ferrumequinum,0.021,0.021,-1,Echolocation,/mnt/ubna_data_01_mir/recover-20220825/UBNA_002/20220823_033000.WAV,Telephone Field,recover-20220825,002,1795
101.1925,101.2006,28046,38998,Eptesicus serotinus,0.007,0.022,-1,Echolocation,/mnt/ubna_data_01_mir/recover-20220825/UBNA_002/20220823_033000.WAV,Telephone Field,recover-20220825,002,1795
101.2195,101.2585,68437,82288,Rhinolophus ferrumequinum,0.025,0.025,-1,Echolocation,/mnt/ubna_data_01_mir/recover-20220825/UBNA_002/20220823_033000.WAV,Telephone Field,recover-20220825,002,1795
101.2495,101.2599,24609,31290,Nyctalus leisleri,0.008,0.023,-1,Echolocation,/mnt/ubna_data_01_mir/recover-20220825/UBNA_002/20220823_033000.WAV,Telephone Field,recover-20220825,002,1795
101.2695,101.3091,68437,81962,Rhinolophus ferrumequinum,0.026,0.026,-1,Echolocation,/mnt/ubna_data_01_mir/recover-20220825/UBNA_002/20220823_033000.WAV,Telephone Field,recover-20220825,002,1795
101.2795,101.3169,68437,81841,Rhinolophus ferrumequinum,0.025,0.025,-1,Echolocation,/mnt/ubna_data_01_mir/recover-20220825/UBNA_002/20220823_033000.WAV,Telephone Field,recover-20220825,002,1795
101.2965,101.3303,68437,80175,Rhinolophus ferrumequinum,0.02,0.021,-1,Echolocation,/mnt/ubna_data_01_mir/recover-20220825/UBNA_002/20220823_033000.WAV,Telephone Field,recover-20220825,002,1795
101.3025,101.3163,22031,25798,Nyctalus leisleri,0.013,0.024,-1,Echolocation,/mnt/ubna_data_01_mir/recover-20220825/UBNA_002/20220823_033000.WAV,Telephone Field,recover-20220825,002,1795
101.3275,101.3678,68437,82641,Rhinolophus ferrumequinum,0.024,0.024,-1,Echolocation,/mnt/ubna_data_01_mir/recover-20220825/UBNA_002/20220823_033000.WAV,Telephone Field,recover-20220825,002,1795
101.3485,101.3586,23750,30204,Nyctalus leisleri,0.008,0.022,-1,Echolocation,/mnt/ubna_data_01_mir/recover-20220825/UBNA_002/20220823_033000.WAV,Telephone Field,recover-20220825,002,1795
101.3665,101.4055,68437,82868,Rhinolophus ferrumequinum,0.024,0.024,-1,Echolocation,/mnt/ubna_data_01_mir/recover-20220825/UBNA_002/20220823_033000.WAV,Telephone Field,recover-20220825,002,1795
101.3745,101.3847,26328,35234,Eptesicus serotinus,0.015,0.03,-1,Echolocation,/mnt/ubna_data_01_mir/recover-20220825/UBNA_002/20220823_033000.WAV,Telephone Field,recover-20220825,002,1795
101.4135,101.42060000000001,44375,50639,Pipistrellus pipistrellus,0.023,0.027,-1,Echolocation,/mnt/ubna_data_01_mir/recover-20220825/UBNA_002/20220823_033000.WAV,Telephone Field,recover-20220825,002,1795
101.4225,101.4304,28046,45752,Eptesicus serotinus,0.008,0.022,-1,Echolocation,/mnt/ubna_data_01_mir/recover-20220825/UBNA_002/20220823_033000.WAV,Telephone Field,recover-20220825,002,1795
101.4685,101.5044,68437,81702,Rhinolophus ferrumequinum,0.021,0.021,-1,Echolocation,/mnt/ubna_data_01_mir/recover-20220825/UBNA_002/20220823_033000.WAV,Telephone Field,recover-20220825,002,1795
101.4695,101.4807,30625,39073,Eptesicus serotinus,0.024,0.043,-1,Echolocation,/mnt/ubna_data_01_mir/recover-20220825/UBNA_002/20220823_033000.WAV,Telephone Field,recover-20220825,002,1795
101.47749999999999,101.519,68437,82485,Rhinolophus ferrumequinum,0.026,0.026,-1,Echolocation,/mnt/ubna_data_01_mir/recover-20220825/UBNA_002/20220823_033000.WAV,Telephone Field,recover-20220825,002,1795
101.4945,101.5318,68437,82817,Rhinolophus ferrumequinum,0.024,0.024,-1,Echolocation,/mnt/ubna_data_01_mir/recover-20220825/UBNA_002/20220823_033000.WAV,Telephone Field,recover-20220825,002,1795
101.5285,101.5364,23750,31864,Plecotus austriacus,0.008,0.022,-1,Echolocation,/mnt/ubna_data_01_mir/recover-20220825/UBNA_002/20220823_033000.WAV,Telephone Field,recover-20220825,002,1795
101.5305,101.5663,68437,81240,Rhinolophus ferrumequinum,0.021,0.021,-1,Echolocation,/mnt/ubna_data_01_mir/recover-20220825/UBNA_002/20220823_033000.WAV,Telephone Field,recover-20220825,002,1795
101.5505,101.56530000000001,22890,27669,Nyctalus leisleri,0.016,0.032,-1,Echolocation,/mnt/ubna_data_01_mir/recover-20220825/UBNA_002/20220823_033000.WAV,Telephone Field,recover-20220825,002,1795
101.5675,101.6073,68437,82527,Rhinolophus ferrumequinum,0.022,0.022,-1,Echolocation,/mnt/ubna_data_01_mir/recover-20220825/UBNA_002/20220823_033000.WAV,Telephone Field,recover-20220825,002,1795
101.5725,101.613,68437,82343,Rhinolophus ferrumequinum,0.022,0.022,-1,Echolocation,/mnt/ubna_data_01_mir/recover-20220825/UBNA_002/20220823_033000.WAV,Telephone Field,recover-20220825,002,1795
101.5775,101.5861,28906,37384,Eptesicus serotinus,0.007,0.021,-1,Echolocation,/mnt/ubna_data_01_mir/recover-20220825/UBNA_002/20220823_033000.WAV,Telephone Field,recover-20220825,002,1795
101.6015,101.6408,68437,82344,Rhinolophus ferrumequinum,0.023,0.023,-1,Echolocation,/mnt/ubna_data_01_mir/recover-20220825/UBNA_002/20220823_033000.WAV,Telephone Field,recover-20220825,002,1795
101.60249999999999,101.613,22890,27828,Nyctalus leisleri,0.01,0.021,-1,Echolocation,/mnt/ubna_data_01_mir/recover-20220825/UBNA_002/20220823_033000.WAV,Telephone Field,recover-20220825,002,1795
101.6115,101.62180000000001,22890,28625,Nyctalus leisleri,0.009,0.022,-1,Echolocation,/mnt/ubna_data_01_mir/recover-20220825/UBNA_002/20220823_033000.WAV,Telephone Field,recover-20220825,002,1795
101.6615,101.70439999999999,68437,82691,Rhinolophus ferrumequinum,0.023,0.023,-1,Echolocation,/mnt/ubna_data_01_mir/recover-20220825/UBNA_002/20220823_033000.WAV,Telephone Field,recover-20220825,002,1795
101.7345,101.7424,28046,39060,Eptesicus serotinus,0.007,0.021,-1,Echolocation,/mnt/ubna_data_01_mir/recover-20220825/UBNA_002/20220823_033000.WAV,Telephone Field,recover-20220825,002,1795
101.7415,101.755,46953,49907,Pipistrellus pipistrellus,0.045,0.05,-1,Echolocation,/mnt/ubna_data_01_mir/recover-20220825/UBNA_002/20220823_033000.WAV,Telephone Field,recover-20220825,002,1795
101.7825,101.8205,68437,82387,Rhinolophus ferrumequinum,0.021,0.021,-1,Echolocation,/mnt/ubna_data_01_mir/recover-20220825/UBNA_002/20220823_033000.WAV,Telephone Field,recover-20220825,002,1795
101.7965,101.8048,28906,37657,Eptesicus serotinus,0.007,0.021,-1,Echolocation,/mnt/ubna_data_01_mir/recover-20220825/UBNA_002/20220823_033000.WAV,Telephone Field,recover-20220825,002,1795
101.8215,101.8635,68437,83377,Rhinolophus ferrumequinum,0.03,0.03,-1,Echolocation,/mnt/ubna_data_01_mir/recover-20220825/UBNA_002/20220823_033000.WAV,Telephone Field,recover-20220825,002,1795
101.8225,101.8314,27187,35694,Eptesicus serotinus,0.011,0.026,-1,Echolocation,/mnt/ubna_data_01_mir/recover-20220825/UBNA_002/20220823_033000.WAV,Telephone Field,recover-20220825,002,1795
101.8315,101.8412,28046,37416,Eptesicus serotinus,0.009,0.022,-1,Echolocation,/mnt/ubna_data_01_mir/recover-20220825/UBNA_002/20220823_033000.WAV,Telephone Field,recover-20220825,002,1795
101.87049999999999,101.908,68437,81561,Rhinolophus ferrumequinum,0.022,0.022,-1,Echolocation,/mnt/ubna_data_01_mir/recover-20220825/UBNA_002/20220823_033000.WAV,Telephone Field,recover-20220825,002,1795
101.8935,101.9042,28046,36440,Eptesicus serotinus,0.011,0.025,-1,Echolocation,/mnt/ubna_data_01_mir/recover-20220825/UBNA_002/20220823_033000.WAV,Telephone Field,recover-20220825,002,1795
101.9075,101.9474,68437,82521,Rhinolophus ferrumequinum,0.022,0.022,-1,Echolocation,/mnt/ubna_data_01_mir/recover-20220825/UBNA_002/20220823_033000.WAV,Telephone Field,recover-20220825,002,1795
101.9295,101.9392,22031,27653,Nyctalus leisleri,0.008,0.022,-1,Echolocation,/mnt/ubna_data_01_mir/recover-20220825/UBNA_002/20220823_033000.WAV,Telephone Field,recover-20220825,002,1795
101.9305,101.9662,68437,81053,Rhinolophus ferrumequinum,0.024,0.024,-1,Echolocation,/mnt/ubna_data_01_mir/recover-20220825/UBNA_002/20220823_033000.WAV,Telephone Field,recover-20220825,002,1795
101.9455,101.9834,68437,82089,Rhinolophus ferrumequinum,0.022,0.022,-1,Echolocation,/mnt/ubna_data_01_mir/recover-20220825/UBNA_002/20220823_033000.WAV,Telephone Field,recover-20220825,002,1795
102.0015,102.0176,17734,22466,Nyctalus noctula,0.009,0.023,-1,Echolocation,/mnt/ubna_data_01_mir/recover-20220825/UBNA_002/20220823_033000.WAV,Telephone Field,recover-20220825,002,1795
102.0015,102.0338,68437,79503,Rhinolophus ferrumequinum,0.043,0.044,-1,Echolocation,/mnt/ubna_data_01_mir/recover-20220825/UBNA_002/20220823_033000.WAV,Telephone Field,recover-20220825,002,1795
102.0015,102.011,26328,34183,Nyctalus leisleri,0.01,0.028,-1,Echolocation,/mnt/ubna_data_01_mir/recover-20220825/UBNA_002/20220823_033000.WAV,Telephone Field,recover-20220825,002,1795
102.0115,102.0557,68437,82830,Rhinolophus ferrumequinum,0.022,0.022,-1,Echolocation,/mnt/ubna_data_01_mir/recover-20220825/UBNA_002/20220823_033000.WAV,Telephone Field,recover-20220825,002,1795
102.0115,102.0235,28046,34900,Eptesicus serotinus,0.015,0.03,-1,Echolocation,/mnt/ubna_data_01_mir/recover-20220825/UBNA_002/20220823_033000.WAV,Telephone Field,recover-20220825,002,1795
102.0625,102.07339999999999,27187,35367,Eptesicus serotinus,0.013,0.025,-1,Echolocation,/mnt/ubna_data_01_mir/recover-20220825/UBNA_002/20220823_033000.WAV,Telephone Field,recover-20220825,002,1795
102.1015,102.1103,28906,38644,Eptesicus serotinus,0.009,0.022,-1,Echolocation,/mnt/ubna_data_01_mir/recover-20220825/UBNA_002/20220823_033000.WAV,Telephone Field,recover-20220825,002,1795
102.1035,102.1108,23750,32093,Plecotus austriacus,0.01,0.022,-1,Echolocation,/mnt/ubna_data_01_mir/recover-20220825/UBNA_002/20220823_033000.WAV,Telephone Field,recover-20220825,002,1795
102.11449999999999,102.1526,68437,81265,Rhinolophus ferrumequinum,0.021,0.021,-1,Echolocation,/mnt/ubna_data_01_mir/recover-20220825/UBNA_002/20220823_033000.WAV,Telephone Field,recover-20220825,002,1795
102.2185,102.2567,68437,81948,Rhinolophus ferrumequinum,0.024,0.024,-1,Echolocation,/mnt/ubna_data_01_mir/recover-20220825/UBNA_002/20220823_033000.WAV,Telephone Field,recover-20220825,002,1795
102.2425,102.2829,68437,82508,Rhinolophus ferrumequinum,0.024,0.024,-1,Echolocation,/mnt/ubna_data_01_mir/recover-20220825/UBNA_002/20220823_033000.WAV,Telephone Field,recover-20220825,002,1795
102.2485,102.2564,23750,31787,Plecotus austriacus,0.007,0.021,-1,Echolocation,/mnt/ubna_data_01_mir/recover-20220825/UBNA_002/20220823_033000.WAV,Telephone Field,recover-20220825,002,1795
102.2645,102.3039,68437,82410,Rhinolophus ferrumequinum,0.023,0.024,-1,Echolocation,/mnt/ubna_data_01_mir/recover-20220825/UBNA_002/20220823_033000.WAV,Telephone Field,recover-20220825,002,1795
102.2755,102.2836,23750,31576,Plecotus austriacus,0.007,0.025,-1,Echolocation,/mnt/ubna_data_01_mir/recover-20220825/UBNA_002/20220823_033000.WAV,Telephone Field,recover-20220825,002,1795
102.3035,102.3412,68437,81285,Rhinolophus ferrumequinum,0.022,0.022,-1,Echolocation,/mnt/ubna_data_01_mir/recover-20220825/UBNA_002/20220823_033000.WAV,Telephone Field,recover-20220825,002,1795
102.3425,102.3824,68437,82270,Rhinolophus ferrumequinum,0.022,0.022,-1,Echolocation,/mnt/ubna_data_01_mir/recover-20220825/UBNA_002/20220823_033000.WAV,Telephone Field,recover-20220825,002,1795
102.3615,102.3691,22031,29859,Plecotus austriacus,0.015,0.026,-1,Echolocation,/mnt/ubna_data_01_mir/recover-20220825/UBNA_002/20220823_033000.WAV,Telephone Field,recover-20220825,002,1795
102.38550000000001,102.4258,68437,81750,Rhinolophus ferrumequinum,0.021,0.021,-1,Echolocation,/mnt/ubna_data_01_mir/recover-20220825/UBNA_002/20220823_033000.WAV,Telephone Field,recover-20220825,002,1795
102.4245,102.4365,29765,37721,Eptesicus serotinus,0.038,0.055,-1,Echolocation,/mnt/ubna_data_01_mir/recover-20220825/UBNA_002/20220823_033000.WAV,Telephone Field,recover-20220825,002,1795
102.4255,102.4316,48671,53479,Pipistrellus pipistrellus,0.036,0.037,-1,Echolocation,/mnt/ubna_data_01_mir/recover-20220825/UBNA_002/20220823_033000.WAV,Telephone Field,recover-20220825,002,1795
102.4765,102.5179,68437,82935,Rhinolophus ferrumequinum,0.029,0.029,-1,Echolocation,/mnt/ubna_data_01_mir/recover-20220825/UBNA_002/20220823_033000.WAV,Telephone Field,recover-20220825,002,1795
102.4975,102.5066,23750,31190,Plecotus austriacus,0.007,0.021,-1,Echolocation,/mnt/ubna_data_01_mir/recover-20220825/UBNA_002/20220823_033000.WAV,Telephone Field,recover-20220825,002,1795
102.5295,102.5745,68437,83436,Rhinolophus ferrumequinum,0.031,0.031,-1,Echolocation,/mnt/ubna_data_01_mir/recover-20220825/UBNA_002/20220823_033000.WAV,Telephone Field,recover-20220825,002,1795
102.5595,102.5644,28046,46564,Plecotus auritus,0.009,0.04,-1,Echolocation,/mnt/ubna_data_01_mir/recover-20220825/UBNA_002/20220823_033000.WAV,Telephone Field,recover-20220825,002,1795
102.5835,102.6229,68437,82553,Rhinolophus ferrumequinum,0.028,0.028,-1,Echolocation,/mnt/ubna_data_01_mir/recover-20220825/UBNA_002/20220823_033000.WAV,Telephone Field,recover-20220825,002,1795
102.6075,102.6179,32343,40726,Eptesicus serotinus,0.008,0.026,-1,Echolocation,/mnt/ubna_data_01_mir/recover-20220825/UBNA_002/20220823_033000.WAV,Telephone Field,recover-20220825,002,1795
102.6105,102.6202,28046,37617,Eptesicus serotinus,0.016,0.031,-1,Echolocation,/mnt/ubna_data_01_mir/recover-20220825/UBNA_002/20220823_033000.WAV,Telephone Field,recover-20220825,002,1795
102.6195,102.6284,28046,37415,Eptesicus serotinus,0.009,0.023,-1,Echolocation,/mnt/ubna_data_01_mir/recover-20220825/UBNA_002/20220823_033000.WAV,Telephone Field,recover-20220825,002,1795
102.6755,102.714,68437,82256,Rhinolophus ferrumequinum,0.021,0.021,-1,Echolocation,/mnt/ubna_data_01_mir/recover-20220825/UBNA_002/20220823_033000.WAV,Telephone Field,recover-20220825,002,1795
102.6965,102.7333,68437,82128,Rhinolophus ferrumequinum,0.028,0.028,-1,Echolocation,/mnt/ubna_data_01_mir/recover-20220825/UBNA_002/20220823_033000.WAV,Telephone Field,recover-20220825,002,1795
102.7405,102.7501,28046,36165,Eptesicus serotinus,0.012,0.025,-1,Echolocation,/mnt/ubna_data_01_mir/recover-20220825/UBNA_002/20220823_033000.WAV,Telephone Field,recover-20220825,002,1795
102.7405,102.7796,68437,81489,Rhinolophus ferrumequinum,0.021,0.021,-1,Echolocation,/mnt/ubna_data_01_mir/recover-20220825/UBNA_002/20220823_033000.WAV,Telephone Field,recover-20220825,002,1795
102.7935,102.80330000000001,22890,29000,Nyctalus leisleri,0.01,0.028,-1,Echolocation,/mnt/ubna_data_01_mir/recover-20220825/UBNA_002/20220823_033000.WAV,Telephone Field,recover-20220825,002,1795
102.7995,102.8314,68437,79959,Rhinolophus ferrumequinum,0.021,0.021,-1,Echolocation,/mnt/ubna_data_01_mir/recover-20220825/UBNA_002/20220823_033000.WAV,Telephone Field,recover-20220825,002,1795
102.8265,102.8357,22890,30263,Plecotus austriacus,0.006,0.021,-1,Echolocation,/mnt/ubna_data_01_mir/recover-20220825/UBNA_002/20220823_033000.WAV,Telephone Field,recover-20220825,002,1795
102.8425,102.8767,68437,81493,Rhinolophus ferrumequinum,0.021,0.021,-1,Echolocation,/mnt/ubna_data_01_mir/recover-20220825/UBNA_002/20220823_033000.WAV,Telephone Field,recover-20220825,002,1795
102.8875,102.9272,68437,81958,Rhinolophus ferrumequinum,0.021,0.021,-1,Echolocation,/mnt/ubna_data_01_mir/recover-20220825/UBNA_002/20220823_033000.WAV,Telephone Field,recover-20220825,002,1795
102.89150000000001,102.9006,14296,24190,Nyctalus noctula,0.016,0.031,-1,Echolocation,/mnt/ubna_data_01_mir/recover-20220825/UBNA_002/20220823_033000.WAV,Telephone Field,recover-20220825,002,1795
102.9205,102.9321,22890,29332,Nyctalus leisleri,0.046,0.135,-1,Echolocation,/mnt/ubna_data_01_mir/recover-20220825/UBNA_002/20220823_033000.WAV,Telephone Field,recover-20220825,002,1795
102.9555,102.9937,68437,81219,Rhinolophus ferrumequinum,0.021,0.021,-1,Echolocation,/mnt/ubna_data_01_mir/recover-20220825/UBNA_002/20220823_033000.WAV,Telephone Field,recover-20220825,002,1795
102.9805,102.9906,24609,31537,Eptesicus serotinus,0.008,0.021,-1,Echolocation,/mnt/ubna_data_01_mir/recover-20220825/UBNA_002/20220823_033000.WAV,Telephone Field,recover-20220825,002,1795
103.0075,103.0141,51250,58506,Pipistrellus pipistrellus,0.028,0.032,-1,Echolocation,/mnt/ubna_data_01_mir/recover-20220825/UBNA_002/20220823_033000.WAV,Telephone Field,recover-20220825,002,1795
103.0365,103.0479,39218,44111,Pipistrellus nathusii,0.006,0.022,-1,Echolocation,/mnt/ubna_data_01_mir/recover-20220825/UBNA_002/20220823_033000.WAV,Telephone Field,recover-20220825,002,1795
103.0525,103.0946,68437,83193,Rhinolophus ferrumequinum,0.034,0.034,-1,Echolocation,/mnt/ubna_data_01_mir/recover-20220825/UBNA_002/20220823_033000.WAV,Telephone Field,recover-20220825,002,1795
103.0895,103.0972,28046,37442,Eptesicus serotinus,0.021,0.042,-1,Echolocation,/mnt/ubna_data_01_mir/recover-20220825/UBNA_002/20220823_033000.WAV,Telephone Field,recover-20220825,002,1795
103.1135,103.14959999999999,68437,81093,Rhinolophus ferrumequinum,0.023,0.023,-1,Echolocation,/mnt/ubna_data_01_mir/recover-20220825/UBNA_002/20220823_033000.WAV,Telephone Field,recover-20220825,002,1795
103.13550000000001,103.1451,23750,30522,Nyctalus leisleri,0.008,0.022,-1,Echolocation,/mnt/ubna_data_01_mir/recover-20220825/UBNA_002/20220823_033000.WAV,Telephone Field,recover-20220825,002,1795
103.14150000000001,103.1504,23750,31070,Plecotus austriacus,0.006,0.022,-1,Echolocation,/mnt/ubna_data_01_mir/recover-20220825/UBNA_002/20220823_033000.WAV,Telephone Field,recover-20220825,002,1795
103.1565,103.194,68437,82120,Rhinolophus ferrumequinum,0.027,0.027,-1,Echolocation,/mnt/ubna_data_01_mir/recover-20220825/UBNA_002/20220823_033000.WAV,Telephone Field,recover-20220825,002,1795
103.1625,103.2024,68437,82045,Rhinolophus ferrumequinum,0.028,0.028,-1,Echolocation,/mnt/ubna_data_01_mir/recover-20220825/UBNA_002/20220823_033000.WAV,Telephone Field,recover-20220825,002,1795
103.1815,103.1894,28906,39154,Eptesicus serotinus,0.008,0.024,-1,Echolocation,/mnt/ubna_data_01_mir/recover-20220825/UBNA_002/20220823_033000.WAV,Telephone Field,recover-20220825,002,1795
103.1965,103.2068,24609,31297,Eptesicus serotinus,0.018,0.046,-1,Echolocation,/mnt/ubna_data_01_mir/recover-20220825/UBNA_002/20220823_033000.WAV,Telephone Field,recover-20220825,002,1795
103.2315,103.2699,68437,81648,Rhinolophus ferrumequinum,0.023,0.023,-1,Echolocation,/mnt/ubna_data_01_mir/recover-20220825/UBNA_002/20220823_033000.WAV,Telephone Field,recover-20220825,002,1795
103.2465,103.2539,23750,32248,Plecotus austriacus,0.008,0.021,-1,Echolocation,/mnt/ubna_data_01_mir/recover-20220825/UBNA_002/20220823_033000.WAV,Telephone Field,recover-20220825,002,1795
103.2695,103.2792,22890,29597,Nyctalus leisleri,0.007,0.021,-1,Echolocation,/mnt/ubna_data_01_mir/recover-20220825/UBNA_002/20220823_033000.WAV,Telephone Field,recover-20220825,002,1795
103.2825,103.3209,68437,81189,Rhinolophus ferrumequinum,0.023,0.023,-1,Echolocation,/mnt/ubna_data_01_mir/recover-20220825/UBNA_002/20220823_033000.WAV,Telephone Field,recover-20220825,002,1795
103.3015,103.3082,24609,34100,Plecotus austriacus,0.01,0.028,-1,Echolocation,/mnt/ubna_data_01_mir/recover-20220825/UBNA_002/20220823_033000.WAV,Telephone Field,recover-20220825,002,1795
103.3145,103.3264,28906,34696,Eptesicus serotinus,0.012,0.024,-1,Echolocation,/mnt/ubna_data_01_mir/recover-20220825/UBNA_002/20220823_033000.WAV,Telephone Field,recover-20220825,002,1795
103.3275,103.3362,28906,38817,Eptesicus serotinus,0.008,0.023,-1,Echolocation,/mnt/ubna_data_01_mir/recover-20220825/UBNA_002/20220823_033000.WAV,Telephone Field,recover-20220825,002,1795
103.3415,103.38380000000001,68437,82687,Rhinolophus ferrumequinum,0.024,0.024,-1,Echolocation,/mnt/ubna_data_01_mir/recover-20220825/UBNA_002/20220823_033000.WAV,Telephone Field,recover-20220825,002,1795
103.3475,103.3571,24609,32293,Eptesicus serotinus,0.009,0.028,-1,Echolocation,/mnt/ubna_data_01_mir/recover-20220825/UBNA_002/20220823_033000.WAV,Telephone Field,recover-20220825,002,1795
103.4045,103.4122,28906,41390,Eptesicus serotinus,0.007,0.021,-1,Echolocation,/mnt/ubna_data_01_mir/recover-20220825/UBNA_002/20220823_033000.WAV,Telephone Field,recover-20220825,002,1795
103.4195,103.4591,68437,81979,Rhinolophus ferrumequinum,0.024,0.024,-1,Echolocation,/mnt/ubna_data_01_mir/recover-20220825/UBNA_002/20220823_033000.WAV,Telephone Field,recover-20220825,002,1795
103.4675,103.5057,68437,81295,Rhinolophus ferrumequinum,0.023,0.023,-1,Echolocation,/mnt/ubna_data_01_mir/recover-20220825/UBNA_002/20220823_033000.WAV,Telephone Field,recover-20220825,002,1795
103.48349999999999,103.492,28906,39743,Eptesicus serotinus,0.009,0.025,-1,Echolocation,/mnt/ubna_data_01_mir/recover-20220825/UBNA_002/20220823_033000.WAV,Telephone Field,recover-20220825,002,1795
103.4985,103.5084,28906,34698,Eptesicus serotinus,0.009,0.023,-1,Echolocation,/mnt/ubna_data_01_mir/recover-20220825/UBNA_002/20220823_033000.WAV,Telephone Field,recover-20220825,002,1795
103.4995,103.5384,68437,81865,Rhinolophus ferrumequinum,0.021,0.021,-1,Echolocation,/mnt/ubna_data_01_mir/recover-20220825/UBNA_002/20220823_033000.WAV,Telephone Field,recover-20220825,002,1795
103.5245,103.5604,68437,81589,Rhinolophus ferrumequinum,0.021,0.021,-1,Echolocation,/mnt/ubna_data_01_mir/recover-20220825/UBNA_002/20220823_033000.WAV,Telephone Field,recover-20220825,002,1795
103.5345,103.5744,68437,82037,Rhinolophus ferrumequinum,0.021,0.021,-1,Echolocation,/mnt/ubna_data_01_mir/recover-20220825/UBNA_002/20220823_033000.WAV,Telephone Field,recover-20220825,002,1795
103.5475,103.5846,68437,81995,Rhinolophus ferrumequinum,0.022,0.022,-1,Echolocation,/mnt/ubna_data_01_mir/recover-20220825/UBNA_002/20220823_033000.WAV,Telephone Field,recover-20220825,002,1795
103.5735,103.58109999999999,22890,30604,Plecotus austriacus,0.012,0.025,-1,Echolocation,/mnt/ubna_data_01_mir/recover-20220825/UBNA_002/20220823_033000.WAV,Telephone Field,recover-20220825,002,1795
103.61449999999999,103.6525,68437,82233,Rhinolophus ferrumequinum,0.022,0.022,-1,Echolocation,/mnt/ubna_data_01_mir/recover-20220825/UBNA_002/20220823_033000.WAV,Telephone Field,recover-20220825,002,1795
103.6305,103.6717,68437,82774,Rhinolophus ferrumequinum,0.035,0.035,-1,Echolocation,/mnt/ubna_data_01_mir/recover-20220825/UBNA_002/20220823_033000.WAV,Telephone Field,recover-20220825,002,1795
103.6325,103.6431,27187,35188,Eptesicus serotinus,0.02,0.034,-1,Echolocation,/mnt/ubna_data_01_mir/recover-20220825/UBNA_002/20220823_033000.WAV,Telephone Field,recover-20220825,002,1795
103.6455,103.655,28906,38750,Eptesicus serotinus,0.013,0.028,-1,Echolocation,/mnt/ubna_data_01_mir/recover-20220825/UBNA_002/20220823_033000.WAV,Telephone Field,recover-20220825,002,1795
103.6595,103.6667,28046,40066,Eptesicus serotinus,0.013,0.032,-1,Echolocation,/mnt/ubna_data_01_mir/recover-20220825/UBNA_002/20220823_033000.WAV,Telephone Field,recover-20220825,002,1795
103.6765,103.6866,23750,30307,Nyctalus leisleri,0.008,0.022,-1,Echolocation,/mnt/ubna_data_01_mir/recover-20220825/UBNA_002/20220823_033000.WAV,Telephone Field,recover-20220825,002,1795
103.6775,103.7161,68437,81424,Rhinolophus ferrumequinum,0.023,0.023,-1,Echolocation,/mnt/ubna_data_01_mir/recover-20220825/UBNA_002/20220823_033000.WAV,Telephone Field,recover-20220825,002,1795
103.6975,103.7066,28906,37199,Eptesicus serotinus,0.013,0.028,-1,Echolocation,/mnt/ubna_data_01_mir/recover-20220825/UBNA_002/20220823_033000.WAV,Telephone Field,recover-20220825,002,1795
103.7155,103.7558,68437,82597,Rhinolophus ferrumequinum,0.022,0.022,-1,Echolocation,/mnt/ubna_data_01_mir/recover-20220825/UBNA_002/20220823_033000.WAV,Telephone Field,recover-20220825,002,1795
103.7215,103.7616,68437,81756,Rhinolophus ferrumequinum,0.022,0.022,-1,Echolocation,/mnt/ubna_data_01_mir/recover-20220825/UBNA_002/20220823_033000.WAV,Telephone Field,recover-20220825,002,1795
103.7255,103.7355,24609,31978,Eptesicus serotinus,0.007,0.021,-1,Echolocation,/mnt/ubna_data_01_mir/recover-20220825/UBNA_002/20220823_033000.WAV,Telephone Field,recover-20220825,002,1795
103.7985,103.8422,68437,82828,Rhinolophus ferrumequinum,0.034,0.034,-1,Echolocation,/mnt/ubna_data_01_mir/recover-20220825/UBNA_002/20220823_033000.WAV,Telephone Field,recover-20220825,002,1795
103.8355,103.8779,68437,83224,Rhinolophus ferrumequinum,0.039,0.039,-1,Echolocation,/mnt/ubna_data_01_mir/recover-20220825/UBNA_002/20220823_033000.WAV,Telephone Field,recover-20220825,002,1795
103.8725,103.8794,28046,40363,Eptesicus serotinus,0.006,0.022,-1,Echolocation,/mnt/ubna_data_01_mir/recover-20220825/UBNA_002/20220823_033000.WAV,Telephone Field,recover-20220825,002,1795
103.8785,103.9184,68437,82142,Rhinolophus ferrumequinum,0.021,0.022,-1,Echolocation,/mnt/ubna_data_01_mir/recover-20220825/UBNA_002/20220823_033000.WAV,Telephone Field,recover-20220825,002,1795
103.9375,103.9747,68437,81970,Rhinolophus ferrumequinum,0.022,0.022,-1,Echolocation,/mnt/ubna_data_01_mir/recover-20220825/UBNA_002/20220823_033000.WAV,Telephone Field,recover-20220825,002,1795
104.0015,104.036,68437,79114,Rhinolophus ferrumequinum,0.06,0.061,-1,Echolocation,/mnt/ubna_data_01_mir/recover-20220825/UBNA_002/20220823_033000.WAV,Telephone Field,recover-20220825,002,1795
104.0015,104.01050000000001,22031,29273,Nyctalus leisleri,0.009,0.027,-1,Echolocation,/mnt/ubna_data_01_mir/recover-20220825/UBNA_002/20220823_033000.WAV,Telephone Field,recover-20220825,002,1795
104.0385,104.0799,68437,82896,Rhinolophus ferrumequinum,0.026,0.026,-1,Echolocation,/mnt/ubna_data_01_mir/recover-20220825/UBNA_002/20220823_033000.WAV,Telephone Field,recover-20220825,002,1795
104.0605,104.0725,25468,32859,Eptesicus serotinus,0.03,0.069,-1,Echolocation,/mnt/ubna_data_01_mir/recover-20220825/UBNA_002/20220823_033000.WAV,Telephone Field,recover-20220825,002,1795
104.0635,104.1003,68437,82186,Rhinolophus ferrumequinum,0.02,0.02,-1,Echolocation,/mnt/ubna_data_01_mir/recover-20220825/UBNA_002/20220823_033000.WAV,Telephone Field,recover-20220825,002,1795
104.11449999999999,104.1512,68437,81926,Rhinolophus ferrumequinum,0.02,0.02,-1,Echolocation,/mnt/ubna_data_01_mir/recover-20220825/UBNA_002/20220823_033000.WAV,Telephone Field,recover-20220825,002,1795
104.1585,104.1957,68437,82141,Rhinolophus ferrumequinum,0.026,0.026,-1,Echolocation,/mnt/ubna_data_01_mir/recover-20220825/UBNA_002/20220823_033000.WAV,Telephone Field,recover-20220825,002,1795
104.1915,104.23,68437,81836,Rhinolophus ferrumequinum,0.023,0.023,-1,Echolocation,/mnt/ubna_data_01_mir/recover-20220825/UBNA_002/20220823_033000.WAV,Telephone Field,recover-20220825,002,1795
104.2695,104.304,68437,81401,Rhinolophus ferrumequinum,0.02,0.02,-1,Echolocation,/mnt/ubna_data_01_mir/recover-20220825/UBNA_002/20220823_033000.WAV,Telephone Field,recover-20220825,002,1795
104.2955,104.3301,68437,81307,Rhinolophus ferrumequinum,0.023,0.023,-1,Echolocation,/mnt/ubna_data_01_mir/recover-20220825/UBNA_002/20220823_033000.WAV,Telephone Field,recover-20220825,002,1795
104.2995,104.3119,25468,32011,Eptesicus serotinus,0.009,0.023,-1,Echolocation,/mnt/ubna_data_01_mir/recover-20220825/UBNA_002/20220823_033000.WAV,Telephone Field,recover-20220825,002,1795
104.3095,104.3499,68437,82615,Rhinolophus ferrumequinum,0.023,0.023,-1,Echolocation,/mnt/ubna_data_01_mir/recover-20220825/UBNA_002/20220823_033000.WAV,Telephone Field,recover-20220825,002,1795
104.3415,104.3786,68437,81723,Rhinolophus ferrumequinum,0.021,0.021,-1,Echolocation,/mnt/ubna_data_01_mir/recover-20220825/UBNA_002/20220823_033000.WAV,Telephone Field,recover-20220825,002,1795
104.3625,104.3763,22890,26709,Nyctalus leisleri,0.014,0.024,-1,Echolocation,/mnt/ubna_data_01_mir/recover-20220825/UBNA_002/20220823_033000.WAV,Telephone Field,recover-20220825,002,1795
104.3825,104.3901,28046,39742,Eptesicus serotinus,0.007,0.02,-1,Echolocation,/mnt/ubna_data_01_mir/recover-20220825/UBNA_002/20220823_033000.WAV,Telephone Field,recover-20220825,002,1795
104.4635,104.4718,32343,39609,Barbastellus barbastellus,0.009,0.03,-1,Echolocation,/mnt/ubna_data_01_mir/recover-20220825/UBNA_002/20220823_033000.WAV,Telephone Field,recover-20220825,002,1795
104.5135,104.5217,28046,39415,Eptesicus serotinus,0.007,0.02,-1,Echolocation,/mnt/ubna_data_01_mir/recover-20220825/UBNA_002/20220823_033000.WAV,Telephone Field,recover-20220825,002,1795
104.5445,104.5779,68437,80324,Rhinolophus ferrumequinum,0.02,0.02,-1,Echolocation,/mnt/ubna_data_01_mir/recover-20220825/UBNA_002/20220823_033000.WAV,Telephone Field,recover-20220825,002,1795
104.5465,104.5543,23750,32531,Plecotus austriacus,0.01,0.023,-1,Echolocation,/mnt/ubna_data_01_mir/recover-20220825/UBNA_002/20220823_033000.WAV,Telephone Field,recover-20220825,002,1795
104.5835,104.6243,68437,82413,Rhinolophus ferrumequinum,0.024,0.024,-1,Echolocation,/mnt/ubna_data_01_mir/recover-20220825/UBNA_002/20220823_033000.WAV,Telephone Field,recover-20220825,002,1795
104.5995,104.6087,28046,38483,Eptesicus serotinus,0.008,0.021,-1,Echolocation,/mnt/ubna_data_01_mir/recover-20220825/UBNA_002/20220823_033000.WAV,Telephone Field,recover-20220825,002,1795
104.6005,104.64189999999999,68437,82695,Rhinolophus ferrumequinum,0.023,0.023,-1,Echolocation,/mnt/ubna_data_01_mir/recover-20220825/UBNA_002/20220823_033000.WAV,Telephone Field,recover-20220825,002,1795
104.6075,104.6468,68437,82876,Rhinolophus ferrumequinum,0.023,0.023,-1,Echolocation,/mnt/ubna_data_01_mir/recover-20220825/UBNA_002/20220823_033000.WAV,Telephone Field,recover-20220825,002,1795
104.6225,104.6622,68437,82437,Rhinolophus ferrumequinum,0.02,0.02,-1,Echolocation,/mnt/ubna_data_01_mir/recover-20220825/UBNA_002/20220823_033000.WAV,Telephone Field,recover-20220825,002,1795
104.64750000000001,104.688,68437,82997,Rhinolophus ferrumequinum,0.024,0.024,-1,Echolocation,/mnt/ubna_data_01_mir/recover-20220825/UBNA_002/20220823_033000.WAV,Telephone Field,recover-20220825,002,1795
104.6875,104.7245,68437,81533,Rhinolophus ferrumequinum,0.02,0.02,-1,Echolocation,/mnt/ubna_data_01_mir/recover-20220825/UBNA_002/20220823_033000.WAV,Telephone Field,recover-20220825,002,1795
104.6955,104.7038,28046,39793,Eptesicus serotinus,0.007,0.02,-1,Echolocation,/mnt/ubna_data_01_mir/recover-20220825/UBNA_002/20220823_033000.WAV,Telephone Field,recover-20220825,002,1795
104.7045,104.7448,68437,82741,Rhinolophus ferrumequinum,0.021,0.021,-1,Echolocation,/mnt/ubna_data_01_mir/recover-20220825/UBNA_002/20220823_033000.WAV,Telephone Field,recover-20220825,002,1795
104.7205,104.7597,68437,82638,Rhinolophus ferrumequinum,0.021,0.021,-1,Echolocation,/mnt/ubna_data_01_mir/recover-20220825/UBNA_002/20220823_033000.WAV,Telephone Field,recover-20220825,002,1795
104.7775,104.7851,44375,49181,Pipistrellus pipistrellus,0.018,0.02,-1,Echolocation,/mnt/ubna_data_01_mir/recover-20220825/UBNA_002/20220823_033000.WAV,Telephone Field,recover-20220825,002,1795
104.8015,104.8102,28046,38140,Eptesicus serotinus,0.011,0.028,-1,Echolocation,/mnt/ubna_data_01_mir/recover-20220825/UBNA_002/20220823_033000.WAV,Telephone Field,recover-20220825,002,1795
104.8425,104.8518,28046,38538,Eptesicus serotinus,0.009,0.022,-1,Echolocation,/mnt/ubna_data_01_mir/recover-20220825/UBNA_002/20220823_033000.WAV,Telephone Field,recover-20220825,002,1795
104.8555,104.8626,28906,41091,Eptesicus serotinus,0.009,0.028,-1,Echolocation,/mnt/ubna_data_01_mir/recover-20220825/UBNA_002/20220823_033000.WAV,Telephone Field,recover-20220825,002,1795
104.8675,104.9078,68437,82427,Rhinolophus ferrumequinum,0.022,0.022,-1,Echolocation,/mnt/ubna_data_01_mir/recover-20220825/UBNA_002/20220823_033000.WAV,Telephone Field,recover-20220825,002,1795
104.89150000000001,104.8989,28046,38221,Eptesicus serotinus,0.006,0.021,-1,Echolocation,/mnt/ubna_data_01_mir/recover-20220825/UBNA_002/20220823_033000.WAV,Telephone Field,recover-20220825,002,1795
104.9075,104.9473,68437,82303,Rhinolophus ferrumequinum,0.02,0.02,-1,Echolocation,/mnt/ubna_data_01_mir/recover-20220825/UBNA_002/20220823_033000.WAV,Telephone Field,recover-20220825,002,1795
104.9535,104.9928,68437,82507,Rhinolophus ferrumequinum,0.025,0.025,-1,Echolocation,/mnt/ubna_data_01_mir/recover-20220825/UBNA_002/20220823_033000.WAV,Telephone Field,recover-20220825,002,1795
104.9755,105.0111,68437,81867,Rhinolophus ferrumequinum,0.025,0.025,-1,Echolocation,/mnt/ubna_data_01_mir/recover-20220825/UBNA_002/20220823_033000.WAV,Telephone Field,recover-20220825,002,1795
105.0055,105.0449,68437,82060,Rhinolophus ferrumequinum,0.022,0.022,-1,Echolocation,/mnt/ubna_data_01_mir/recover-20220825/UBNA_002/20220823_033000.WAV,Telephone Field,recover-20220825,002,1795
105.0075,105.017,28046,35962,Eptesicus serotinus,0.009,0.024,-1,Echolocation,/mnt/ubna_data_01_mir/recover-20220825/UBNA_002/20220823_033000.WAV,Telephone Field,recover-20220825,002,1795
105.02250000000001,105.0621,68437,82275,Rhinolophus ferrumequinum,0.021,0.022,-1,Echolocation,/mnt/ubna_data_01_mir/recover-20220825/UBNA_002/20220823_033000.WAV,Telephone Field,recover-20220825,002,1795
105.0305,105.0692,68437,82271,Rhinolophus ferrumequinum,0.02,0.02,-1,Echolocation,/mnt/ubna_data_01_mir/recover-20220825/UBNA_002/20220823_033000.WAV,Telephone Field,recover-20220825,002,1795
105.0325,105.0408,28046,41264,Eptesicus serotinus,0.007,0.02,-1,Echolocation,/mnt/ubna_data_01_mir/recover-20220825/UBNA_002/20220823_033000.WAV,Telephone Field,recover-20220825,002,1795
105.0395,105.0488,57265,62711,Pipistrellus pygmaeus,0.033,0.033,-1,Echolocation,/mnt/ubna_data_01_mir/recover-20220825/UBNA_002/20220823_033000.WAV,Telephone Field,recover-20220825,002,1795
105.0435,105.0522,28046,39536,Eptesicus serotinus,0.009,0.021,-1,Echolocation,/mnt/ubna_data_01_mir/recover-20220825/UBNA_002/20220823_033000.WAV,Telephone Field,recover-20220825,002,1795
105.0585,105.0684,21171,26588,Plecotus austriacus,0.007,0.021,-1,Echolocation,/mnt/ubna_data_01_mir/recover-20220825/UBNA_002/20220823_033000.WAV,Telephone Field,recover-20220825,002,1795
105.0915,105.1012,45234,49315,Pipistrellus pipistrellus,0.022,0.023,-1,Echolocation,/mnt/ubna_data_01_mir/recover-20220825/UBNA_002/20220823_033000.WAV,Telephone Field,recover-20220825,002,1795
105.0985,105.1364,68437,81942,Rhinolophus ferrumequinum,0.022,0.022,-1,Echolocation,/mnt/ubna_data_01_mir/recover-20220825/UBNA_002/20220823_033000.WAV,Telephone Field,recover-20220825,002,1795
105.1895,105.227,68437,81919,Rhinolophus ferrumequinum,0.021,0.021,-1,Echolocation,/mnt/ubna_data_01_mir/recover-20220825/UBNA_002/20220823_033000.WAV,Telephone Field,recover-20220825,002,1795
105.1915,105.2001,28046,39585,Eptesicus serotinus,0.008,0.021,-1,Echolocation,/mnt/ubna_data_01_mir/recover-20220825/UBNA_002/20220823_033000.WAV,Telephone Field,recover-20220825,002,1795
105.2035,105.2135,35781,41958,Barbastellus barbastellus,0.006,0.023,-1,Echolocation,/mnt/ubna_data_01_mir/recover-20220825/UBNA_002/20220823_033000.WAV,Telephone Field,recover-20220825,002,1795
105.2095,105.2481,68437,82278,Rhinolophus ferrumequinum,0.022,0.022,-1,Echolocation,/mnt/ubna_data_01_mir/recover-20220825/UBNA_002/20220823_033000.WAV,Telephone Field,recover-20220825,002,1795
105.2435,105.2512,28046,38349,Eptesicus serotinus,0.006,0.02,-1,Echolocation,/mnt/ubna_data_01_mir/recover-20220825/UBNA_002/20220823_033000.WAV,Telephone Field,recover-20220825,002,1795
105.2575,105.2772,18593,21758,Nyctalus noctula,0.022,0.043,-1,Echolocation,/mnt/ubna_data_01_mir/recover-20220825/UBNA_002/20220823_033000.WAV,Telephone Field,recover-20220825,002,1795
105.2875,105.2979,23750,30079,Nyctalus leisleri,0.008,0.023,-1,Echolocation,/mnt/ubna_data_01_mir/recover-20220825/UBNA_002/20220823_033000.WAV,Telephone Field,recover-20220825,002,1795
105.2945,105.3048,25468,32166,Eptesicus serotinus,0.008,0.023,-1,Echolocation,/mnt/ubna_data_01_mir/recover-20220825/UBNA_002/20220823_033000.WAV,Telephone Field,recover-20220825,002,1795
105.3155,105.3536,68437,81909,Rhinolophus ferrumequinum,0.024,0.024,-1,Echolocation,/mnt/ubna_data_01_mir/recover-20220825/UBNA_002/20220823_033000.WAV,Telephone Field,recover-20220825,002,1795
105.3335,105.374,68437,82708,Rhinolophus ferrumequinum,0.026,0.026,-1,Echolocation,/mnt/ubna_data_01_mir/recover-20220825/UBNA_002/20220823_033000.WAV,Telephone Field,recover-20220825,002,1795
105.3405,105.3503,24609,31315,Eptesicus serotinus,0.007,0.021,-1,Echolocation,/mnt/ubna_data_01_mir/recover-20220825/UBNA_002/20220823_033000.WAV,Telephone Field,recover-20220825,002,1795
105.35249999999999,105.3895,68437,81957,Rhinolophus ferrumequinum,0.022,0.022,-1,Echolocation,/mnt/ubna_data_01_mir/recover-20220825/UBNA_002/20220823_033000.WAV,Telephone Field,recover-20220825,002,1795
105.3665,105.3752,25468,33536,Eptesicus serotinus,0.009,0.022,-1,Echolocation,/mnt/ubna_data_01_mir/recover-20220825/UBNA_002/20220823_033000.WAV,Telephone Field,recover-20220825,002,1795
105.4405,105.4782,68437,82169,Rhinolophus ferrumequinum,0.023,0.023,-1,Echolocation,/mnt/ubna_data_01_mir/recover-20220825/UBNA_002/20220823_033000.WAV,Telephone Field,recover-20220825,002,1795
105.4455,105.455,28906,36201,Eptesicus serotinus,0.009,0.023,-1,Echolocation,/mnt/ubna_data_01_mir/recover-20220825/UBNA_002/20220823_033000.WAV,Telephone Field,recover-20220825,002,1795
105.4765,105.5131,68437,81677,Rhinolophus ferrumequinum,0.025,0.025,-1,Echolocation,/mnt/ubna_data_01_mir/recover-20220825/UBNA_002/20220823_033000.WAV,Telephone Field,recover-20220825,002,1795
105.4875,105.4943,27187,39381,Eptesicus serotinus,0.007,0.025,-1,Echolocation,/mnt/ubna_data_01_mir/recover-20220825/UBNA_002/20220823_033000.WAV,Telephone Field,recover-20220825,002,1795
105.5025,105.511,28046,40613,Eptesicus serotinus,0.007,0.02,-1,Echolocation,/mnt/ubna_data_01_mir/recover-20220825/UBNA_002/20220823_033000.WAV,Telephone Field,recover-20220825,002,1795
105.5085,105.5222,14296,19668,Nyctalus noctula,0.018,0.027,-1,Echolocation,/mnt/ubna_data_01_mir/recover-20220825/UBNA_002/20220823_033000.WAV,Telephone Field,recover-20220825,002,1795
105.5425,105.5798,68437,81735,Rhinolophus ferrumequinum,0.022,0.022,-1,Echolocation,/mnt/ubna_data_01_mir/recover-20220825/UBNA_002/20220823_033000.WAV,Telephone Field,recover-20220825,002,1795
105.5655,105.6016,68437,81664,Rhinolophus ferrumequinum,0.021,0.021,-1,Echolocation,/mnt/ubna_data_01_mir/recover-20220825/UBNA_002/20220823_033000.WAV,Telephone Field,recover-20220825,002,1795
105.5835,105.5918,28046,39768,Eptesicus serotinus,0.008,0.021,-1,Echolocation,/mnt/ubna_data_01_mir/recover-20220825/UBNA_002/20220823_033000.WAV,Telephone Field,recover-20220825,002,1795
105.6345,105.6425,25468,34218,Eptesicus serotinus,0.007,0.021,-1,Echolocation,/mnt/ubna_data_01_mir/recover-20220825/UBNA_002/20220823_033000.WAV,Telephone Field,recover-20220825,002,1795
105.6375,105.6777,68437,82253,Rhinolophus ferrumequinum,0.022,0.022,-1,Echolocation,/mnt/ubna_data_01_mir/recover-20220825/UBNA_002/20220823_033000.WAV,Telephone Field,recover-20220825,002,1795
105.6665,105.7054,68437,81854,Rhinolophus ferrumequinum,0.02,0.02,-1,Echolocation,/mnt/ubna_data_01_mir/recover-20220825/UBNA_002/20220823_033000.WAV,Telephone Field,recover-20220825,002,1795
105.6855,105.7257,68437,81879,Rhinolophus ferrumequinum,0.02,0.02,-1,Echolocation,/mnt/ubna_data_01_mir/recover-20220825/UBNA_002/20220823_033000.WAV,Telephone Field,recover-20220825,002,1795
105.6985,105.7372,68437,82009,Rhinolophus ferrumequinum,0.02,0.02,-1,Echolocation,/mnt/ubna_data_01_mir/recover-20220825/UBNA_002/20220823_033000.WAV,Telephone Field,recover-20220825,002,1795
105.7295,105.7697,68437,82440,Rhinolophus ferrumequinum,0.027,0.027,-1,Echolocation,/mnt/ubna_data_01_mir/recover-20220825/UBNA_002/20220823_033000.WAV,Telephone Field,recover-20220825,002,1795
105.7435,105.7505,28046,39847,Eptesicus serotinus,0.006,0.022,-1,Echolocation,/mnt/ubna_data_01_mir/recover-20220825/UBNA_002/20220823_033000.WAV,Telephone Field,recover-20220825,002,1795
105.7525,105.7945,68437,82774,Rhinolophus ferrumequinum,0.026,0.026,-1,Echolocation,/mnt/ubna_data_01_mir/recover-20220825/UBNA_002/20220823_033000.WAV,Telephone Field,recover-20220825,002,1795
105.7755,105.8119,68437,81988,Rhinolophus ferrumequinum,0.021,0.021,-1,Echolocation,/mnt/ubna_data_01_mir/recover-20220825/UBNA_002/20220823_033000.WAV,Telephone Field,recover-20220825,002,1795
105.8135,105.8534,68437,81618,Rhinolophus ferrumequinum,0.022,0.022,-1,Echolocation,/mnt/ubna_data_01_mir/recover-20220825/UBNA_002/20220823_033000.WAV,Telephone Field,recover-20220825,002,1795
105.8185,105.827,27187,37690,Eptesicus serotinus,0.008,0.022,-1,Echolocation,/mnt/ubna_data_01_mir/recover-20220825/UBNA_002/20220823_033000.WAV,Telephone Field,recover-20220825,002,1795
105.8195,105.8562,68437,81799,Rhinolophus ferrumequinum,0.022,0.022,-1,Echolocation,/mnt/ubna_data_01_mir/recover-20220825/UBNA_002/20220823_033000.WAV,Telephone Field,recover-20220825,002,1795
105.8885,105.92660000000001,68437,82420,Rhinolophus ferrumequinum,0.028,0.028,-1,Echolocation,/mnt/ubna_data_01_mir/recover-20220825/UBNA_002/20220823_033000.WAV,Telephone Field,recover-20220825,002,1795
105.9285,105.9648,68437,82016,Rhinolophus ferrumequinum,0.021,0.022,-1,Echolocation,/mnt/ubna_data_01_mir/recover-20220825/UBNA_002/20220823_033000.WAV,Telephone Field,recover-20220825,002,1795
105.9525,105.9633,22890,28062,Nyctalus leisleri,0.01,0.022,-1,Echolocation,/mnt/ubna_data_01_mir/recover-20220825/UBNA_002/20220823_033000.WAV,Telephone Field,recover-20220825,002,1795
105.9815,105.9916,28906,36130,Eptesicus serotinus,0.045,0.067,-1,Echolocation,/mnt/ubna_data_01_mir/recover-20220825/UBNA_002/20220823_033000.WAV,Telephone Field,recover-20220825,002,1795
106.0015,106.0111,55546,61540,Pipistrellus pygmaeus,0.023,0.025,-1,Echolocation,/mnt/ubna_data_01_mir/recover-20220825/UBNA_002/20220823_033000.WAV,Telephone Field,recover-20220825,002,1795
106.0015,106.0324,69296,79763,Rhinolophus ferrumequinum,0.029,0.029,-1,Echolocation,/mnt/ubna_data_01_mir/recover-20220825/UBNA_002/20220823_033000.WAV,Telephone Field,recover-20220825,002,1795
106.0015,106.0096,25468,36738,Nyctalus leisleri,0.006,0.026,-1,Echolocation,/mnt/ubna_data_01_mir/recover-20220825/UBNA_002/20220823_033000.WAV,Telephone Field,recover-20220825,002,1795
106.0075,106.0483,68437,81442,Rhinolophus ferrumequinum,0.023,0.023,-1,Echolocation,/mnt/ubna_data_01_mir/recover-20220825/UBNA_002/20220823_033000.WAV,Telephone Field,recover-20220825,002,1795
106.0575,106.0704,28906,34630,Eptesicus serotinus,0.021,0.036,-1,Echolocation,/mnt/ubna_data_01_mir/recover-20220825/UBNA_002/20220823_033000.WAV,Telephone Field,recover-20220825,002,1795
106.1645,106.1998,68437,81092,Rhinolophus ferrumequinum,0.025,0.025,-1,Echolocation,/mnt/ubna_data_01_mir/recover-20220825/UBNA_002/20220823_033000.WAV,Telephone Field,recover-20220825,002,1795
106.2025,106.2387,68437,81962,Rhinolophus ferrumequinum,0.022,0.022,-1,Echolocation,/mnt/ubna_data_01_mir/recover-20220825/UBNA_002/20220823_033000.WAV,Telephone Field,recover-20220825,002,1795
106.20949999999999,106.2485,68437,82803,Rhinolophus ferrumequinum,0.022,0.022,-1,Echolocation,/mnt/ubna_data_01_mir/recover-20220825/UBNA_002/20220823_033000.WAV,Telephone Field,recover-20220825,002,1795
106.2125,106.2208,25468,34403,Eptesicus serotinus,0.008,0.022,-1,Echolocation,/mnt/ubna_data_01_mir/recover-20220825/UBNA_002/20220823_033000.WAV,Telephone Field,recover-20220825,002,1795
106.2315,106.26820000000001,68437,82202,Rhinolophus ferrumequinum,0.024,0.024,-1,Echolocation,/mnt/ubna_data_01_mir/recover-20220825/UBNA_002/20220823_033000.WAV,Telephone Field,recover-20220825,002,1795
106.2345,106.24289999999999,28046,40058,Eptesicus serotinus,0.009,0.023,-1,Echolocation,/mnt/ubna_data_01_mir/recover-20220825/UBNA_002/20220823_033000.WAV,Telephone Field,recover-20220825,002,1795
106.3075,106.3468,68437,82221,Rhinolophus ferrumequinum,0.023,0.024,-1,Echolocation,/mnt/ubna_data_01_mir/recover-20220825/UBNA_002/20220823_033000.WAV,Telephone Field,recover-20220825,002,1795
106.3115,106.32169999999999,23750,30626,Nyctalus leisleri,0.011,0.03,-1,Echolocation,/mnt/ubna_data_01_mir/recover-20220825/UBNA_002/20220823_033000.WAV,Telephone Field,recover-20220825,002,1795
106.3545,106.3934,68437,82442,Rhinolophus ferrumequinum,0.023,0.023,-1,Echolocation,/mnt/ubna_data_01_mir/recover-20220825/UBNA_002/20220823_033000.WAV,Telephone Field,recover-20220825,002,1795
106.37049999999999,106.378,28046,40678,Eptesicus serotinus,0.007,0.023,-1,Echolocation,/mnt/ubna_data_01_mir/recover-20220825/UBNA_002/20220823_033000.WAV,Telephone Field,recover-20220825,002,1795
106.3835,106.42320000000001,68437,82084,Rhinolophus ferrumequinum,0.023,0.023,-1,Echolocation,/mnt/ubna_data_01_mir/recover-20220825/UBNA_002/20220823_033000.WAV,Telephone Field,recover-20220825,002,1795
106.40350000000001,106.4422,68437,82564,Rhinolophus ferrumequinum,0.028,0.028,-1,Echolocation,/mnt/ubna_data_01_mir/recover-20220825/UBNA_002/20220823_033000.WAV,Telephone Field,recover-20220825,002,1795
106.4065,106.41460000000001,27187,40274,Eptesicus serotinus,0.008,0.023,-1,Echolocation,/mnt/ubna_data_01_mir/recover-20220825/UBNA_002/20220823_033000.WAV,Telephone Field,recover-20220825,002,1795
106.4295,106.4359,27187,41238,Eptesicus serotinus,0.005,0.024,-1,Echolocation,/mnt/ubna_data_01_mir/recover-20220825/UBNA_002/20220823_033000.WAV,Telephone Field,recover-20220825,002,1795
106.46549999999999,106.5019,68437,82393,Rhinolophus ferrumequinum,0.024,0.024,-1,Echolocation,/mnt/ubna_data_01_mir/recover-20220825/UBNA_002/20220823_033000.WAV,Telephone Field,recover-20220825,002,1795
106.5195,106.5592,68437,82380,Rhinolophus ferrumequinum,0.021,0.021,-1,Echolocation,/mnt/ubna_data_01_mir/recover-20220825/UBNA_002/20220823_033000.WAV,Telephone Field,recover-20220825,002,1795
106.5755,106.5858,24609,31882,Eptesicus serotinus,0.007,0.023,-1,Echolocation,/mnt/ubna_data_01_mir/recover-20220825/UBNA_002/20220823_033000.WAV,Telephone Field,recover-20220825,002,1795
106.6005,106.6389,68437,82133,Rhinolophus ferrumequinum,0.027,0.027,-1,Echolocation,/mnt/ubna_data_01_mir/recover-20220825/UBNA_002/20220823_033000.WAV,Telephone Field,recover-20220825,002,1795
106.6275,106.6383,27187,34787,Eptesicus serotinus,0.012,0.026,-1,Echolocation,/mnt/ubna_data_01_mir/recover-20220825/UBNA_002/20220823_033000.WAV,Telephone Field,recover-20220825,002,1795
106.63550000000001,106.67490000000001,68437,82264,Rhinolophus ferrumequinum,0.023,0.023,-1,Echolocation,/mnt/ubna_data_01_mir/recover-20220825/UBNA_002/20220823_033000.WAV,Telephone Field,recover-20220825,002,1795
106.6705,106.6819,28906,34172,Eptesicus serotinus,0.014,0.031,-1,Echolocation,/mnt/ubna_data_01_mir/recover-20220825/UBNA_002/20220823_033000.WAV,Telephone Field,recover-20220825,002,1795
106.6765,106.7192,68437,83019,Rhinolophus ferrumequinum,0.024,0.024,-1,Echolocation,/mnt/ubna_data_01_mir/recover-20220825/UBNA_002/20220823_033000.WAV,Telephone Field,recover-20220825,002,1795
106.6985,106.7371,68437,82155,Rhinolophus ferrumequinum,0.022,0.022,-1,Echolocation,/mnt/ubna_data_01_mir/recover-20220825/UBNA_002/20220823_033000.WAV,Telephone Field,recover-20220825,002,1795
106.7195,106.7601,68437,82676,Rhinolophus ferrumequinum,0.023,0.023,-1,Echolocation,/mnt/ubna_data_01_mir/recover-20220825/UBNA_002/20220823_033000.WAV,Telephone Field,recover-20220825,002,1795
106.7815,106.8162,68437,81074,Rhinolophus ferrumequinum,0.022,0.022,-1,Echolocation,/mnt/ubna_data_01_mir/recover-20220825/UBNA_002/20220823_033000.WAV,Telephone Field,recover-20220825,002,1795
106.7945,106.8021,26328,34587,Eptesicus serotinus,0.008,0.023,-1,Echolocation,/mnt/ubna_data_01_mir/recover-20220825/UBNA_002/20220823_033000.WAV,Telephone Field,recover-20220825,002,1795
106.8115,106.852,68437,82996,Rhinolophus ferrumequinum,0.021,0.021,-1,Echolocation,/mnt/ubna_data_01_mir/recover-20220825/UBNA_002/20220823_033000.WAV,Telephone Field,recover-20220825,002,1795
106.8185,106.8284,22890,28668,Nyctalus leisleri,0.009,0.022,-1,Echolocation,/mnt/ubna_data_01_mir/recover-20220825/UBNA_002/20220823_033000.WAV,Telephone Field,recover-20220825,002,1795
106.8225,106.8628,68437,82736,Rhinolophus ferrumequinum,0.029,0.029,-1,Echolocation,/mnt/ubna_data_01_mir/recover-20220825/UBNA_002/20220823_033000.WAV,Telephone Field,recover-20220825,002,1795
106.86449999999999,106.8749,22890,27890,Nyctalus leisleri,0.013,0.025,-1,Echolocation,/mnt/ubna_data_01_mir/recover-20220825/UBNA_002/20220823_033000.WAV,Telephone Field,recover-20220825,002,1795
106.8955,106.9195,65000,72188,Pipistrellus pygmaeus,0.039,0.041,-1,Echolocation,/mnt/ubna_data_01_mir/recover-20220825/UBNA_002/20220823_033000.WAV,Telephone Field,recover-20220825,002,1795
106.9235,106.9354,23750,29087,Nyctalus leisleri,0.009,0.022,-1,Echolocation,/mnt/ubna_data_01_mir/recover-20220825/UBNA_002/20220823_033000.WAV,Telephone Field,recover-20220825,002,1795
106.9615,106.9705,44375,52116,Pipistrellus pipistrellus,0.029,0.04,-1,Echolocation,/mnt/ubna_data_01_mir/recover-20220825/UBNA_002/20220823_033000.WAV,Telephone Field,recover-20220825,002,1795
106.9795,106.9888,26328,37501,Eptesicus serotinus,0.009,0.022,-1,Echolocation,/mnt/ubna_data_01_mir/recover-20220825/UBNA_002/20220823_033000.WAV,Telephone Field,recover-20220825,002,1795
106.98349999999999,106.9901,51250,58886,Pipistrellus pipistrellus,0.018,0.025,-1,Echolocation,/mnt/ubna_data_01_mir/recover-20220825/UBNA_002/20220823_033000.WAV,Telephone Field,recover-20220825,002,1795
106.9845,107.02289999999999,68437,82177,Rhinolophus ferrumequinum,0.026,0.026,-1,Echolocation,/mnt/ubna_data_01_mir/recover-20220825/UBNA_002/20220823_033000.WAV,Telephone Field,recover-20220825,002,1795
107.0525,107.0932,68437,82922,Rhinolophus ferrumequinum,0.024,0.024,-1,Echolocation,/mnt/ubna_data_01_mir/recover-20220825/UBNA_002/20220823_033000.WAV,Telephone Field,recover-20220825,002,1795
107.1155,107.1551,68437,82721,Rhinolophus ferrumequinum,0.024,0.024,-1,Echolocation,/mnt/ubna_data_01_mir/recover-20220825/UBNA_002/20220823_033000.WAV,Telephone Field,recover-20220825,002,1795
107.1365,107.1481,23750,28690,Nyctalus leisleri,0.011,0.023,-1,Echolocation,/mnt/ubna_data_01_mir/recover-20220825/UBNA_002/20220823_033000.WAV,Telephone Field,recover-20220825,002,1795
107.1425,107.1773,68437,81388,Rhinolophus ferrumequinum,0.025,0.025,-1,Echolocation,/mnt/ubna_data_01_mir/recover-20220825/UBNA_002/20220823_033000.WAV,Telephone Field,recover-20220825,002,1795
107.1695,107.2144,68437,83314,Rhinolophus ferrumequinum,0.033,0.033,-1,Echolocation,/mnt/ubna_data_01_mir/recover-20220825/UBNA_002/20220823_033000.WAV,Telephone Field,recover-20220825,002,1795
107.2145,107.2523,68437,82052,Rhinolophus ferrumequinum,0.022,0.022,-1,Echolocation,/mnt/ubna_data_01_mir/recover-20220825/UBNA_002/20220823_033000.WAV,Telephone Field,recover-20220825,002,1795
107.2385,107.2793,68437,83192,Rhinolophus ferrumequinum,0.025,0.025,-1,Echolocation,/mnt/ubna_data_01_mir/recover-20220825/UBNA_002/20220823_033000.WAV,Telephone Field,recover-20220825,002,1795
107.2425,107.2499,28046,41832,Eptesicus serotinus,0.007,0.022,-1,Echolocation,/mnt/ubna_data_01_mir/recover-20220825/UBNA_002/20220823_033000.WAV,Telephone Field,recover-20220825,002,1795
107.2645,107.2731,43515,49084,Pipistrellus pipistrellus,0.019,0.023,-1,Echolocation,/mnt/ubna_data_01_mir/recover-20220825/UBNA_002/20220823_033000.WAV,Telephone Field,recover-20220825,002,1795
107.2895,107.3317,68437,83188,Rhinolophus ferrumequinum,0.039,0.039,-1,Echolocation,/mnt/ubna_data_01_mir/recover-20220825/UBNA_002/20220823_033000.WAV,Telephone Field,recover-20220825,002,1795
107.3035,107.3109,23750,36211,Myotis nattereri,0.007,0.021,-1,Echolocation,/mnt/ubna_data_01_mir/recover-20220825/UBNA_002/20220823_033000.WAV,Telephone Field,recover-20220825,002,1795
107.3165,107.3545,68437,82151,Rhinolophus ferrumequinum,0.023,0.023,-1,Echolocation,/mnt/ubna_data_01_mir/recover-20220825/UBNA_002/20220823_033000.WAV,Telephone Field,recover-20220825,002,1795
107.3355,107.3421,27187,45778,Eptesicus serotinus,0.01,0.037,-1,Echolocation,/mnt/ubna_data_01_mir/recover-20220825/UBNA_002/20220823_033000.WAV,Telephone Field,recover-20220825,002,1795
107.3355,107.37180000000001,68437,81966,Rhinolophus ferrumequinum,0.022,0.022,-1,Echolocation,/mnt/ubna_data_01_mir/recover-20220825/UBNA_002/20220823_033000.WAV,Telephone Field,recover-20220825,002,1795
107.3355,107.3419,32343,47791,Myotis daubentonii,0.016,0.036,-1,Echolocation,/mnt/ubna_data_01_mir/recover-20220825/UBNA_002/20220823_033000.WAV,Telephone Field,recover-20220825,002,1795
107.3555,107.3625,36640,42513,Barbastellus barbastellus,0.033,0.051,-1,Echolocation,/mnt/ubna_data_01_mir/recover-20220825/UBNA_002/20220823_033000.WAV,Telephone Field,recover-20220825,002,1795
107.3655,107.4029,68437,82398,Rhinolophus ferrumequinum,0.025,0.025,-1,Echolocation,/mnt/ubna_data_01_mir/recover-20220825/UBNA_002/20220823_033000.WAV,Telephone Field,recover-20220825,002,1795
107.3805,107.4205,68437,82379,Rhinolophus ferrumequinum,0.028,0.028,-1,Echolocation,/mnt/ubna_data_01_mir/recover-20220825/UBNA_002/20220823_033000.WAV,Telephone Field,recover-20220825,002,1795
107.4065,107.4465,68437,82702,Rhinolophus ferrumequinum,0.025,0.025,-1,Echolocation,/mnt/ubna_data_01_mir/recover-20220825/UBNA_002/20220823_033000.WAV,Telephone Field,recover-20220825,002,1795
107.4255,107.4723,68437,83947,Rhinolophus ferrumequinum,0.043,0.043,-1,Echolocation,/mnt/ubna_data_01_mir/recover-20220825/UBNA_002/20220823_033000.WAV,Telephone Field,recover-20220825,002,1795
107.4695,107.4765,28046,38507,Eptesicus serotinus,0.007,0.023,-1,Echolocation,/mnt/ubna_data_01_mir/recover-20220825/UBNA_002/20220823_033000.WAV,Telephone Field,recover-20220825,002,1795
107.4935,107.53020000000001,68437,82533,Rhinolophus ferrumequinum,0.024,0.024,-1,Echolocation,/mnt/ubna_data_01_mir/recover-20220825/UBNA_002/20220823_033000.WAV,Telephone Field,recover-20220825,002,1795
107.58449999999999,107.5961,39218,43501,Pipistrellus nathusii,0.015,0.033,-1,Echolocation,/mnt/ubna_data_01_mir/recover-20220825/UBNA_002/20220823_033000.WAV,Telephone Field,recover-20220825,002,1795
107.6005,107.6126,46093,48990,Pipistrellus pipistrellus,0.06,0.065,-1,Echolocation,/mnt/ubna_data_01_mir/recover-20220825/UBNA_002/20220823_033000.WAV,Telephone Field,recover-20220825,002,1795
107.6105,107.6177,47812,52583,Pipistrellus pipistrellus,0.025,0.027,-1,Echolocation,/mnt/ubna_data_01_mir/recover-20220825/UBNA_002/20220823_033000.WAV,Telephone Field,recover-20220825,002,1795
107.65350000000001,107.6942,68437,82795,Rhinolophus ferrumequinum,0.031,0.031,-1,Echolocation,/mnt/ubna_data_01_mir/recover-20220825/UBNA_002/20220823_033000.WAV,Telephone Field,recover-20220825,002,1795
107.6545,107.6692,15156,19258,Nyctalus noctula,0.017,0.027,-1,Echolocation,/mnt/ubna_data_01_mir/recover-20220825/UBNA_002/20220823_033000.WAV,Telephone Field,recover-20220825,002,1795
107.6765,107.6915,22031,25872,Nyctalus leisleri,0.013,0.022,-1,Echolocation,/mnt/ubna_data_01_mir/recover-20220825/UBNA_002/20220823_033000.WAV,Telephone Field,recover-20220825,002,1795
107.6775,107.71719999999999,68437,82832,Rhinolophus ferrumequinum,0.023,0.023,-1,Echolocation,/mnt/ubna_data_01_mir/recover-20220825/UBNA_002/20220823_033000.WAV,Telephone Field,recover-20220825,002,1795
107.7185,107.7548,68437,82030,Rhinolophus ferrumequinum,0.024,0.024,-1,Echolocation,/mnt/ubna_data_01_mir/recover-20220825/UBNA_002/20220823_033000.WAV,Telephone Field,recover-20220825,002,1795
107.7525,107.7628,24609,30520,Nyctalus leisleri,0.01,0.025,-1,Echolocation,/mnt/ubna_data_01_mir/recover-20220825/UBNA_002/20220823_033000.WAV,Telephone Field,recover-20220825,002,1795
107.7745,107.8126,68437,81736,Rhinolophus ferrumequinum,0.023,0.023,-1,Echolocation,/mnt/ubna_data_01_mir/recover-20220825/UBNA_002/20220823_033000.WAV,Telephone Field,recover-20220825,002,1795
107.8255,107.8636,68437,82967,Rhinolophus ferrumequinum,0.023,0.023,-1,Echolocation,/mnt/ubna_data_01_mir/recover-20220825/UBNA_002/20220823_033000.WAV,Telephone Field,recover-20220825,002,1795
107.9195,107.9587,68437,82288,Rhinolophus ferrumequinum,0.025,0.025,-1,Echolocation,/mnt/ubna_data_01_mir/recover-20220825/UBNA_002/20220823_033000.WAV,Telephone Field,recover-20220825,002,1795
107.9375,107.943,26328,42525,Plecotus auritus,0.006,0.027,-1,Echolocation,/mnt/ubna_data_01_mir/recover-20220825/UBNA_002/20220823_033000.WAV,Telephone Field,recover-20220825,002,1795
107.9555,107.964,27187,37718,Eptesicus serotinus,0.011,0.022,-1,Echolocation,/mnt/ubna_data_01_mir/recover-20220825/UBNA_002/20220823_033000.WAV,Telephone Field,recover-20220825,002,1795
108.0015,108.0346,69296,81565,Rhinolophus ferrumequinum,0.04,0.04,-1,Echolocation,/mnt/ubna_data_01_mir/recover-20220825/UBNA_002/20220823_033000.WAV,Telephone Field,recover-20220825,002,1795
108.0015,108.0106,22890,30174,Nyctalus leisleri,0.012,0.033,-1,Echolocation,/mnt/ubna_data_01_mir/recover-20220825/UBNA_002/20220823_033000.WAV,Telephone Field,recover-20220825,002,1795
108.01050000000001,108.0508,68437,81477,Rhinolophus ferrumequinum,0.026,0.026,-1,Echolocation,/mnt/ubna_data_01_mir/recover-20220825/UBNA_002/20220823_033000.WAV,Telephone Field,recover-20220825,002,1795
108.0505,108.0604,24609,32173,Eptesicus serotinus,0.009,0.024,-1,Echolocation,/mnt/ubna_data_01_mir/recover-20220825/UBNA_002/20220823_033000.WAV,Telephone Field,recover-20220825,002,1795
108.0765,108.0857,44375,48259,Pipistrellus pipistrellus,0.031,0.034,-1,Echolocation,/mnt/ubna_data_01_mir/recover-20220825/UBNA_002/20220823_033000.WAV,Telephone Field,recover-20220825,002,1795
108.0925,108.1325,68437,82427,Rhinolophus ferrumequinum,0.026,0.026,-1,Echolocation,/mnt/ubna_data_01_mir/recover-20220825/UBNA_002/20220823_033000.WAV,Telephone Field,recover-20220825,002,1795
108.1435,108.1845,68437,82583,Rhinolophus ferrumequinum,0.023,0.023,-1,Echolocation,/mnt/ubna_data_01_mir/recover-20220825/UBNA_002/20220823_033000.WAV,Telephone Field,recover-20220825,002,1795
108.1445,108.1534,26328,37539,Eptesicus serotinus,0.01,0.025,-1,Echolocation,/mnt/ubna_data_01_mir/recover-20220825/UBNA_002/20220823_033000.WAV,Telephone Field,recover-20220825,002,1795
108.1455,108.154,31484,41293,Myotis daubentonii,0.008,0.024,-1,Echolocation,/mnt/ubna_data_01_mir/recover-20220825/UBNA_002/20220823_033000.WAV,Telephone Field,recover-20220825,002,1795
108.1585,108.1663,27187,40814,Eptesicus serotinus,0.007,0.022,-1,Echolocation,/mnt/ubna_data_01_mir/recover-20220825/UBNA_002/20220823_033000.WAV,Telephone Field,recover-20220825,002,1795
108.1805,108.1894,28046,39640,Eptesicus serotinus,0.008,0.022,-1,Echolocation,/mnt/ubna_data_01_mir/recover-20220825/UBNA_002/20220823_033000.WAV,Telephone Field,recover-20220825,002,1795
108.2255,108.2341,28046,37677,Eptesicus serotinus,0.01,0.029,-1,Echolocation,/mnt/ubna_data_01_mir/recover-20220825/UBNA_002/20220823_033000.WAV,Telephone Field,recover-20220825,002,1795
108.2425,108.28,68437,82168,Rhinolophus ferrumequinum,0.031,0.031,-1,Echolocation,/mnt/ubna_data_01_mir/recover-20220825/UBNA_002/20220823_033000.WAV,Telephone Field,recover-20220825,002,1795
108.2565,108.2961,68437,82488,Rhinolophus ferrumequinum,0.022,0.022,-1,Echolocation,/mnt/ubna_data_01_mir/recover-20220825/UBNA_002/20220823_033000.WAV,Telephone Field,recover-20220825,002,1795
108.2765,108.2839,28046,38296,Eptesicus serotinus,0.007,0.022,-1,Echolocation,/mnt/ubna_data_01_mir/recover-20220825/UBNA_002/20220823_033000.WAV,Telephone Field,recover-20220825,002,1795
108.28450000000001,108.3252,68437,82488,Rhinolophus ferrumequinum,0.021,0.021,-1,Echolocation,/mnt/ubna_data_01_mir/recover-20220825/UBNA_002/20220823_033000.WAV,Telephone Field,recover-20220825,002,1795
108.3185,108.3562,68437,81427,Rhinolophus ferrumequinum,0.021,0.021,-1,Echolocation,/mnt/ubna_data_01_mir/recover-20220825/UBNA_002/20220823_033000.WAV,Telephone Field,recover-20220825,002,1795
108.3575,108.3666,28046,37565,Eptesicus serotinus,0.008,0.022,-1,Echolocation,/mnt/ubna_data_01_mir/recover-20220825/UBNA_002/20220823_033000.WAV,Telephone Field,recover-20220825,002,1795
108.4415,108.4533,22031,25886,Nyctalus leisleri,0.012,0.022,-1,Echolocation,/mnt/ubna_data_01_mir/recover-20220825/UBNA_002/20220823_033000.WAV,Telephone Field,recover-20220825,002,1795
108.4445,108.4838,68437,82414,Rhinolophus ferrumequinum,0.024,0.024,-1,Echolocation,/mnt/ubna_data_01_mir/recover-20220825/UBNA_002/20220823_033000.WAV,Telephone Field,recover-20220825,002,1795
108.4495,108.4921,68437,82684,Rhinolophus ferrumequinum,0.024,0.024,-1,Echolocation,/mnt/ubna_data_01_mir/recover-20220825/UBNA_002/20220823_033000.WAV,Telephone Field,recover-20220825,002,1795
108.4765,108.513,68437,81224,Rhinolophus ferrumequinum,0.021,0.021,-1,Echolocation,/mnt/ubna_data_01_mir/recover-20220825/UBNA_002/20220823_033000.WAV,Telephone Field,recover-20220825,002,1795
108.4825,108.5206,68437,81805,Rhinolophus ferrumequinum,0.021,0.021,-1,Echolocation,/mnt/ubna_data_01_mir/recover-20220825/UBNA_002/20220823_033000.WAV,Telephone Field,recover-20220825,002,1795
108.4945,108.5023,26328,34883,Eptesicus serotinus,0.006,0.021,-1,Echolocation,/mnt/ubna_data_01_mir/recover-20220825/UBNA_002/20220823_033000.WAV,Telephone Field,recover-20220825,002,1795
108.5145,108.5519,68437,81322,Rhinolophus ferrumequinum,0.023,0.023,-1,Echolocation,/mnt/ubna_data_01_mir/recover-20220825/UBNA_002/20220823_033000.WAV,Telephone Field,recover-20220825,002,1795
108.5455,108.5544,28046,36252,Eptesicus serotinus,0.01,0.025,-1,Echolocation,/mnt/ubna_data_01_mir/recover-20220825/UBNA_002/20220823_033000.WAV,Telephone Field,recover-20220825,002,1795
108.5675,108.5778,23750,30062,Nyctalus leisleri,0.011,0.027,-1,Echolocation,/mnt/ubna_data_01_mir/recover-20220825/UBNA_002/20220823_033000.WAV,Telephone Field,recover-20220825,002,1795
108.58449999999999,108.6243,68437,82505,Rhinolophus ferrumequinum,0.024,0.024,-1,Echolocation,/mnt/ubna_data_01_mir/recover-20220825/UBNA_002/20220823_033000.WAV,Telephone Field,recover-20220825,002,1795
108.5985,108.6354,68437,81824,Rhinolophus ferrumequinum,0.021,0.021,-1,Echolocation,/mnt/ubna_data_01_mir/recover-20220825/UBNA_002/20220823_033000.WAV,Telephone Field,recover-20220825,002,1795
108.6015,108.6126,26328,32830,Eptesicus serotinus,0.01,0.023,-1,Echolocation,/mnt/ubna_data_01_mir/recover-20220825/UBNA_002/20220823_033000.WAV,Telephone Field,recover-20220825,002,1795
108.6245,108.6324,25468,33210,Eptesicus serotinus,0.007,0.021,-1,Echolocation,/mnt/ubna_data_01_mir/recover-20220825/UBNA_002/20220823_033000.WAV,Telephone Field,recover-20220825,002,1795
108.65350000000001,108.6639,23750,30510,Nyctalus leisleri,0.009,0.024,-1,Echolocation,/mnt/ubna_data_01_mir/recover-20220825/UBNA_002/20220823_033000.WAV,Telephone Field,recover-20220825,002,1795
108.7005,108.7388,68437,82184,Rhinolophus ferrumequinum,0.024,0.024,-1,Echolocation,/mnt/ubna_data_01_mir/recover-20220825/UBNA_002/20220823_033000.WAV,Telephone Field,recover-20220825,002,1795
108.7145,108.7259,22890,27979,Nyctalus leisleri,0.011,0.022,-1,Echolocation,/mnt/ubna_data_01_mir/recover-20220825/UBNA_002/20220823_033000.WAV,Telephone Field,recover-20220825,002,1795
108.7385,108.7458,28046,39616,Eptesicus serotinus,0.006,0.022,-1,Echolocation,/mnt/ubna_data_01_mir/recover-20220825/UBNA_002/20220823_033000.WAV,Telephone Field,recover-20220825,002,1795
108.7655,108.80330000000001,68437,81974,Rhinolophus ferrumequinum,0.021,0.021,-1,Echolocation,/mnt/ubna_data_01_mir/recover-20220825/UBNA_002/20220823_033000.WAV,Telephone Field,recover-20220825,002,1795
108.79050000000001,108.7979,48671,57452,Pipistrellus pipistrellus,0.023,0.028,-1,Echolocation,/mnt/ubna_data_01_mir/recover-20220825/UBNA_002/20220823_033000.WAV,Telephone Field,recover-20220825,002,1795
108.8075,108.8463,68437,81622,Rhinolophus ferrumequinum,0.024,0.024,-1,Echolocation,/mnt/ubna_data_01_mir/recover-20220825/UBNA_002/20220823_033000.WAV,Telephone Field,recover-20220825,002,1795
108.8205,108.82679999999999,49531,54172,Pipistrellus pipistrellus,0.024,0.025,-1,Echolocation,/mnt/ubna_data_01_mir/recover-20220825/UBNA_002/20220823_033000.WAV,Telephone Field,recover-20220825,002,1795
108.8295,108.8676,68437,82283,Rhinolophus ferrumequinum,0.023,0.023,-1,Echolocation,/mnt/ubna_data_01_mir/recover-20220825/UBNA_002/20220823_033000.WAV,Telephone Field,recover-20220825,002,1795
108.84049999999999,108.851,28046,35502,Eptesicus serotinus,0.011,0.025,-1,Echolocation,/mnt/ubna_data_01_mir/recover-20220825/UBNA_002/20220823_033000.WAV,Telephone Field,recover-20220825,002,1795
108.8455,108.8575,25468,31764,Eptesicus serotinus,0.01,0.026,-1,Echolocation,/mnt/ubna_data_01_mir/recover-20220825/UBNA_002/20220823_033000.WAV,Telephone Field,recover-20220825,002,1795
108.8595,108.90129999999999,68437,82676,Rhinolophus ferrumequinum,0.028,0.028,-1,Echolocation,/mnt/ubna_data_01_mir/recover-20220825/UBNA_002/20220823_033000.WAV,Telephone Field,recover-20220825,002,1795
108.8825,108.9138,68437,80469,Rhinolophus ferrumequinum,0.02,0.021,-1,Echolocation,/mnt/ubna_data_01_mir/recover-20220825/UBNA_002/20220823_033000.WAV,Telephone Field,recover-20220825,002,1795
108.89750000000001,108.90469999999999,27187,37991,Eptesicus serotinus,0.005,0.021,-1,Echolocation,/mnt/ubna_data_01_mir/recover-20220825/UBNA_002/20220823_033000.WAV,Telephone Field,recover-20220825,002,1795
108.9425,108.9545,23750,29521,Nyctalus leisleri,0.013,0.03,-1,Echolocation,/mnt/ubna_data_01_mir/recover-20220825/UBNA_002/20220823_033000.WAV,Telephone Field,recover-20220825,002,1795
108.9445,108.9872,68437,82903,Rhinolophus ferrumequinum,0.024,0.024,-1,Echolocation,/mnt/ubna_data_01_mir/recover-20220825/UBNA_002/20220823_033000.WAV,Telephone Field,recover-20220825,002,1795
108.9795,109.0248,68437,83282,Rhinolophus ferrumequinum,0.049,0.049,-1,Echolocation,/mnt/ubna_data_01_mir/recover-20220825/UBNA_002/20220823_033000.WAV,Telephone Field,recover-20220825,002,1795
108.99549999999999,109.0035,27187,36886,Eptesicus serotinus,0.008,0.022,-1,Echolocation,/mnt/ubna_data_01_mir/recover-20220825/UBNA_002/20220823_033000.WAV,Telephone Field,recover-20220825,002,1795
109.0205,109.03,23750,30842,Nyctalus leisleri,0.007,0.023,-1,Echolocation,/mnt/ubna_data_01_mir/recover-20220825/UBNA_002/20220823_033000.WAV,Telephone Field,recover-20220825,002,1795
109.0205,109.0585,68437,82066,Rhinolophus ferrumequinum,0.023,0.023,-1,Echolocation,/mnt/ubna_data_01_mir/recover-20220825/UBNA_002/20220823_033000.WAV,Telephone Field,recover-20220825,002,1795
109.12049999999999,109.1315,24609,30771,Nyctalus leisleri,0.011,0.026,-1,Echolocation,/mnt/ubna_data_01_mir/recover-20220825/UBNA_002/20220823_033000.WAV,Telephone Field,recover-20220825,002,1795
109.1275,109.1401,23750,28488,Nyctalus leisleri,0.017,0.029,-1,Echolocation,/mnt/ubna_data_01_mir/recover-20220825/UBNA_002/20220823_033000.WAV,Telephone Field,recover-20220825,002,1795
109.15350000000001,109.1936,68437,82434,Rhinolophus ferrumequinum,0.029,0.029,-1,Echolocation,/mnt/ubna_data_01_mir/recover-20220825/UBNA_002/20220823_033000.WAV,Telephone Field,recover-20220825,002,1795
109.1825,109.1921,27187,35805,Eptesicus serotinus,0.008,0.021,-1,Echolocation,/mnt/ubna_data_01_mir/recover-20220825/UBNA_002/20220823_033000.WAV,Telephone Field,recover-20220825,002,1795
109.1825,109.2244,68437,82836,Rhinolophus ferrumequinum,0.025,0.025,-1,Echolocation,/mnt/ubna_data_01_mir/recover-20220825/UBNA_002/20220823_033000.WAV,Telephone Field,recover-20220825,002,1795
109.1955,109.2343,68437,82166,Rhinolophus ferrumequinum,0.021,0.021,-1,Echolocation,/mnt/ubna_data_01_mir/recover-20220825/UBNA_002/20220823_033000.WAV,Telephone Field,recover-20220825,002,1795
109.2055,109.2452,68437,81966,Rhinolophus ferrumequinum,0.021,0.021,-1,Echolocation,/mnt/ubna_data_01_mir/recover-20220825/UBNA_002/20220823_033000.WAV,Telephone Field,recover-20220825,002,1795
109.2145,109.2517,68437,80891,Rhinolophus ferrumequinum,0.021,0.021,-1,Echolocation,/mnt/ubna_data_01_mir/recover-20220825/UBNA_002/20220823_033000.WAV,Telephone Field,recover-20220825,002,1795
109.25450000000001,109.2621,28046,38756,Eptesicus serotinus,0.007,0.022,-1,Echolocation,/mnt/ubna_data_01_mir/recover-20220825/UBNA_002/20220823_033000.WAV,Telephone Field,recover-20220825,002,1795
109.2685,109.3086,68437,81867,Rhinolophus ferrumequinum,0.021,0.021,-1,Echolocation,/mnt/ubna_data_01_mir/recover-20220825/UBNA_002/20220823_033000.WAV,Telephone Field,recover-20220825,002,1795
109.3455,109.3793,68437,80951,Rhinolophus ferrumequinum,0.021,0.021,-1,Echolocation,/mnt/ubna_data_01_mir/recover-20220825/UBNA_002/20220823_033000.WAV,Telephone Field,recover-20220825,002,1795
109.3495,109.3597,23750,29272,Nyctalus leisleri,0.011,0.024,-1,Echolocation,/mnt/ubna_data_01_mir/recover-20220825/UBNA_002/20220823_033000.WAV,Telephone Field,recover-20220825,002,1795
109.3605,109.3972,68437,81758,Rhinolophus ferrumequinum,0.021,0.021,-1,Echolocation,/mnt/ubna_data_01_mir/recover-20220825/UBNA_002/20220823_033000.WAV,Telephone Field,recover-20220825,002,1795
109.3885,109.3993,23750,29239,Nyctalus leisleri,0.01,0.023,-1,Echolocation,/mnt/ubna_data_01_mir/recover-20220825/UBNA_002/20220823_033000.WAV,Telephone Field,recover-20220825,002,1795
109.4025,109.4111,28046,37994,Eptesicus serotinus,0.008,0.022,-1,Echolocation,/mnt/ubna_data_01_mir/recover-20220825/UBNA_002/20220823_033000.WAV,Telephone Field,recover-20220825,002,1795
109.4455,109.48570000000001,68437,82216,Rhinolophus ferrumequinum,0.024,0.024,-1,Echolocation,/mnt/ubna_data_01_mir/recover-20220825/UBNA_002/20220823_033000.WAV,Telephone Field,recover-20220825,002,1795
109.4875,109.497,23750,30446,Nyctalus leisleri,0.009,0.026,-1,Echolocation,/mnt/ubna_data_01_mir/recover-20220825/UBNA_002/20220823_033000.WAV,Telephone Field,recover-20220825,002,1795
109.5095,109.55,68437,81930,Rhinolophus ferrumequinum,0.022,0.022,-1,Echolocation,/mnt/ubna_data_01_mir/recover-20220825/UBNA_002/20220823_033000.WAV,Telephone Field,recover-20220825,002,1795
109.5365,109.553,20312,24801,Nyctalus noctula,0.024,0.051,-1,Echolocation,/mnt/ubna_data_01_mir/recover-20220825/UBNA_002/20220823_033000.WAV,Telephone Field,recover-20220825,002,1795
109.5505,109.5886,68437,82208,Rhinolophus ferrumequinum,0.022,0.022,-1,Echolocation,/mnt/ubna_data_01_mir/recover-20220825/UBNA_002/20220823_033000.WAV,Telephone Field,recover-20220825,002,1795
109.5635,109.60419999999999,68437,82618,Rhinolophus ferrumequinum,0.023,0.023,-1,Echolocation,/mnt/ubna_data_01_mir/recover-20220825/UBNA_002/20220823_033000.WAV,Telephone Field,recover-20220825,002,1795
109.5665,109.5789,23750,29542,Nyctalus leisleri,0.016,0.038,-1,Echolocation,/mnt/ubna_data_01_mir/recover-20220825/UBNA_002/20220823_033000.WAV,Telephone Field,recover-20220825,002,1795
109.5815,109.6209,68437,82230,Rhinolophus ferrumequinum,0.024,0.024,-1,Echolocation,/mnt/ubna_data_01_mir/recover-20220825/UBNA_002/20220823_033000.WAV,Telephone Field,recover-20220825,002,1795
109.6045,109.6413,68437,81423,Rhinolophus ferrumequinum,0.023,0.023,-1,Echolocation,/mnt/ubna_data_01_mir/recover-20220825/UBNA_002/20220823_033000.WAV,Telephone Field,recover-20220825,002,1795
109.6315,109.6671,68437,81271,Rhinolophus ferrumequinum,0.022,0.022,-1,Echolocation,/mnt/ubna_data_01_mir/recover-20220825/UBNA_002/20220823_033000.WAV,Telephone Field,recover-20220825,002,1795
109.7315,109.7381,34062,46064,Myotis daubentonii,0.016,0.029,-1,Echolocation,/mnt/ubna_data_01_mir/recover-20220825/UBNA_002/20220823_033000.WAV,Telephone Field,recover-20220825,002,1795
109.7315,109.7375,26328,44027,Myotis nattereri,0.005,0.023,-1,Echolocation,/mnt/ubna_data_01_mir/recover-20220825/UBNA_002/20220823_033000.WAV,Telephone Field,recover-20220825,002,1795
109.7875,109.7962,28046,38702,Eptesicus serotinus,0.007,0.021,-1,Echolocation,/mnt/ubna_data_01_mir/recover-20220825/UBNA_002/20220823_033000.WAV,Telephone Field,recover-20220825,002,1795
109.8085,109.8501,68437,82904,Rhinolophus ferrumequinum,0.036,0.036,-1,Echolocation,/mnt/ubna_data_01_mir/recover-20220825/UBNA_002/20220823_033000.WAV,Telephone Field,recover-20220825,002,1795
109.87049999999999,109.90899999999999,68437,81569,Rhinolophus ferrumequinum,0.022,0.022,-1,Echolocation,/mnt/ubna_data_01_mir/recover-20220825/UBNA_002/20220823_033000.WAV,Telephone Field,recover-20220825,002,1795
109.8885,109.8987,23750,30046,Nyctalus leisleri,0.008,0.023,-1,Echolocation,/mnt/ubna_data_01_mir/recover-20220825/UBNA_002/20220823_033000.WAV,Telephone Field,recover-20220825,002,1795
109.9085,109.9466,68437,81574,Rhinolophus ferrumequinum,0.024,0.024,-1,Echolocation,/mnt/ubna_data_01_mir/recover-20220825/UBNA_002/20220823_033000.WAV,Telephone Field,recover-20220825,002,1795
109.91550000000001,109.9223,26328,38326,Eptesicus serotinus,0.006,0.024,-1,Echolocation,/mnt/ubna_data_01_mir/recover-20220825/UBNA_002/20220823_033000.WAV,Telephone Field,recover-20220825,002,1795
109.98349999999999,109.9933,24609,32155,Eptesicus serotinus,0.008,0.022,-1,Echolocation,/mnt/ubna_data_01_mir/recover-20220825/UBNA_002/20220823_033000.WAV,Telephone Field,recover-20220825,002,1795
110.0015,110.0104,21171,26782,Nyctalus leisleri,0.009,0.023,-1,Echolocation,/mnt/ubna_data_01_mir/recover-20220825/UBNA_002/20220823_033000.WAV,Telephone Field,recover-20220825,002,1795
110.0015,110.01,28046,37770,Eptesicus serotinus,0.007,0.024,-1,Echolocation,/mnt/ubna_data_01_mir/recover-20220825/UBNA_002/20220823_033000.WAV,Telephone Field,recover-20220825,002,1795
110.0015,110.03,69296,81337,Rhinolophus ferrumequinum,0.025,0.025,-1,Echolocation,/mnt/ubna_data_01_mir/recover-20220825/UBNA_002/20220823_033000.WAV,Telephone Field,recover-20220825,002,1795
110.0195,110.0296,23750,29352,Nyctalus leisleri,0.01,0.022,-1,Echolocation,/mnt/ubna_data_01_mir/recover-20220825/UBNA_002/20220823_033000.WAV,Telephone Field,recover-20220825,002,1795
110.0255,110.0364,24609,30982,Nyctalus leisleri,0.008,0.021,-1,Echolocation,/mnt/ubna_data_01_mir/recover-20220825/UBNA_002/20220823_033000.WAV,Telephone Field,recover-20220825,002,1795
110.03450000000001,110.0421,28906,39872,Eptesicus serotinus,0.009,0.025,-1,Echolocation,/mnt/ubna_data_01_mir/recover-20220825/UBNA_002/20220823_033000.WAV,Telephone Field,recover-20220825,002,1795
110.0425,110.08500000000001,68437,82770,Rhinolophus ferrumequinum,0.029,0.029,-1,Echolocation,/mnt/ubna_data_01_mir/recover-20220825/UBNA_002/20220823_033000.WAV,Telephone Field,recover-20220825,002,1795
110.0955,110.1343,68437,82244,Rhinolophus ferrumequinum,0.024,0.024,-1,Echolocation,/mnt/ubna_data_01_mir/recover-20220825/UBNA_002/20220823_033000.WAV,Telephone Field,recover-20220825,002,1795
110.1075,110.1171,46953,50079,Pipistrellus pipistrellus,0.032,0.034,-1,Echolocation,/mnt/ubna_data_01_mir/recover-20220825/UBNA_002/20220823_033000.WAV,Telephone Field,recover-20220825,002,1795
110.1115,110.1511,68437,82305,Rhinolophus ferrumequinum,0.022,0.022,-1,Echolocation,/mnt/ubna_data_01_mir/recover-20220825/UBNA_002/20220823_033000.WAV,Telephone Field,recover-20220825,002,1795
110.1115,110.12010000000001,22890,30896,Plecotus austriacus,0.009,0.022,-1,Echolocation,/mnt/ubna_data_01_mir/recover-20220825/UBNA_002/20220823_033000.WAV,Telephone Field,recover-20220825,002,1795
110.1565,110.1665,26328,34535,Eptesicus serotinus,0.01,0.021,-1,Echolocation,/mnt/ubna_data_01_mir/recover-20220825/UBNA_002/20220823_033000.WAV,Telephone Field,recover-20220825,002,1795
110.16550000000001,110.17490000000001,24609,31829,Nyctalus leisleri,0.007,0.02,-1,Echolocation,/mnt/ubna_data_01_mir/recover-20220825/UBNA_002/20220823_033000.WAV,Telephone Field,recover-20220825,002,1795
110.1685,110.2068,68437,81646,Rhinolophus ferrumequinum,0.02,0.02,-1,Echolocation,/mnt/ubna_data_01_mir/recover-20220825/UBNA_002/20220823_033000.WAV,Telephone Field,recover-20220825,002,1795
110.1745,110.1827,28046,38137,Eptesicus serotinus,0.006,0.021,-1,Echolocation,/mnt/ubna_data_01_mir/recover-20220825/UBNA_002/20220823_033000.WAV,Telephone Field,recover-20220825,002,1795
110.1775,110.1873,22031,27707,Nyctalus leisleri,0.008,0.022,-1,Echolocation,/mnt/ubna_data_01_mir/recover-20220825/UBNA_002/20220823_033000.WAV,Telephone Field,recover-20220825,002,1795
110.22749999999999,110.2684,68437,82459,Rhinolophus ferrumequinum,0.021,0.021,-1,Echolocation,/mnt/ubna_data_01_mir/recover-20220825/UBNA_002/20220823_033000.WAV,Telephone Field,recover-20220825,002,1795
110.29050000000001,110.3002,27187,37606,Eptesicus serotinus,0.009,0.022,-1,Echolocation,/mnt/ubna_data_01_mir/recover-20220825/UBNA_002/20220823_033000.WAV,Telephone Field,recover-20220825,002,1795
110.3355,110.3762,68437,82764,Rhinolophus ferrumequinum,0.028,0.028,-1,Echolocation,/mnt/ubna_data_01_mir/recover-20220825/UBNA_002/20220823_033000.WAV,Telephone Field,recover-20220825,002,1795
110.3695,110.3764,27187,39441,Eptesicus serotinus,0.005,0.021,-1,Echolocation,/mnt/ubna_data_01_mir/recover-20220825/UBNA_002/20220823_033000.WAV,Telephone Field,recover-20220825,002,1795
110.3985,110.44030000000001,68437,82595,Rhinolophus ferrumequinum,0.021,0.021,-1,Echolocation,/mnt/ubna_data_01_mir/recover-20220825/UBNA_002/20220823_033000.WAV,Telephone Field,recover-20220825,002,1795
110.4245,110.4641,68437,82278,Rhinolophus ferrumequinum,0.025,0.025,-1,Echolocation,/mnt/ubna_data_01_mir/recover-20220825/UBNA_002/20220823_033000.WAV,Telephone Field,recover-20220825,002,1795
110.4475,110.4618,22031,26281,Nyctalus leisleri,0.02,0.037,-1,Echolocation,/mnt/ubna_data_01_mir/recover-20220825/UBNA_002/20220823_033000.WAV,Telephone Field,recover-20220825,002,1795
110.45949999999999,110.4708,44375,47477,Pipistrellus pipistrellus,0.023,0.026,-1,Echolocation,/mnt/ubna_data_01_mir/recover-20220825/UBNA_002/20220823_033000.WAV,Telephone Field,recover-20220825,002,1795
110.47749999999999,110.5175,68437,82637,Rhinolophus ferrumequinum,0.031,0.031,-1,Echolocation,/mnt/ubna_data_01_mir/recover-20220825/UBNA_002/20220823_033000.WAV,Telephone Field,recover-20220825,002,1795
110.4845,110.4959,23750,29087,Nyctalus leisleri,0.011,0.023,-1,Echolocation,/mnt/ubna_data_01_mir/recover-20220825/UBNA_002/20220823_033000.WAV,Telephone Field,recover-20220825,002,1795
110.5245,110.5649,68437,82262,Rhinolophus ferrumequinum,0.021,0.021,-1,Echolocation,/mnt/ubna_data_01_mir/recover-20220825/UBNA_002/20220823_033000.WAV,Telephone Field,recover-20220825,002,1795
110.5425,110.5783,68437,81291,Rhinolophus ferrumequinum,0.021,0.021,-1,Echolocation,/mnt/ubna_data_01_mir/recover-20220825/UBNA_002/20220823_033000.WAV,Telephone Field,recover-20220825,002,1795
110.5595,110.5662,49531,54673,Pipistrellus pipistrellus,0.021,0.022,-1,Echolocation,/mnt/ubna_data_01_mir/recover-20220825/UBNA_002/20220823_033000.WAV,Telephone Field,recover-20220825,002,1795
110.5635,110.5988,68437,80975,Rhinolophus ferrumequinum,0.02,0.021,-1,Echolocation,/mnt/ubna_data_01_mir/recover-20220825/UBNA_002/20220823_033000.WAV,Telephone Field,recover-20220825,002,1795
110.6005,110.6133,22890,27951,Nyctalus leisleri,0.028,0.057,-1,Echolocation,/mnt/ubna_data_01_mir/recover-20220825/UBNA_002/20220823_033000.WAV,Telephone Field,recover-20220825,002,1795
110.6045,110.6105,30625,40801,Eptesicus serotinus,0.018,0.062,-1,Echolocation,/mnt/ubna_data_01_mir/recover-20220825/UBNA_002/20220823_033000.WAV,Telephone Field,recover-20220825,002,1795
110.6045,110.6438,68437,81829,Rhinolophus ferrumequinum,0.021,0.021,-1,Echolocation,/mnt/ubna_data_01_mir/recover-20220825/UBNA_002/20220823_033000.WAV,Telephone Field,recover-20220825,002,1795
110.6285,110.6674,68437,82009,Rhinolophus ferrumequinum,0.023,0.023,-1,Echolocation,/mnt/ubna_data_01_mir/recover-20220825/UBNA_002/20220823_033000.WAV,Telephone Field,recover-20220825,002,1795
110.6525,110.6626,29765,37262,Eptesicus serotinus,0.01,0.024,-1,Echolocation,/mnt/ubna_data_01_mir/recover-20220825/UBNA_002/20220823_033000.WAV,Telephone Field,recover-20220825,002,1795
110.65950000000001,110.7008,68437,82988,Rhinolophus ferrumequinum,0.024,0.024,-1,Echolocation,/mnt/ubna_data_01_mir/recover-20220825/UBNA_002/20220823_033000.WAV,Telephone Field,recover-20220825,002,1795
110.6935,110.70179999999999,27187,37046,Eptesicus serotinus,0.008,0.021,-1,Echolocation,/mnt/ubna_data_01_mir/recover-20220825/UBNA_002/20220823_033000.WAV,Telephone Field,recover-20220825,002,1795
110.6955,110.7332,68437,81897,Rhinolophus ferrumequinum,0.024,0.024,-1,Echolocation,/mnt/ubna_data_01_mir/recover-20220825/UBNA_002/20220823_033000.WAV,Telephone Field,recover-20220825,002,1795
110.7115,110.748,68437,81695,Rhinolophus ferrumequinum,0.02,0.02,-1,Echolocation,/mnt/ubna_data_01_mir/recover-20220825/UBNA_002/20220823_033000.WAV,Telephone Field,recover-20220825,002,1795
110.73349999999999,110.7711,68437,81981,Rhinolophus ferrumequinum,0.023,0.023,-1,Echolocation,/mnt/ubna_data_01_mir/recover-20220825/UBNA_002/20220823_033000.WAV,Telephone Field,recover-20220825,002,1795
110.73949999999999,110.7477,26328,35295,Eptesicus serotinus,0.007,0.022,-1,Echolocation,/mnt/ubna_data_01_mir/recover-20220825/UBNA_002/20220823_033000.WAV,Telephone Field,recover-20220825,002,1795
110.7675,110.803,68437,80674,Rhinolophus ferrumequinum,0.024,0.024,-1,Echolocation,/mnt/ubna_data_01_mir/recover-20220825/UBNA_002/20220823_033000.WAV,Telephone Field,recover-20220825,002,1795
110.7755,110.8152,68437,82136,Rhinolophus ferrumequinum,0.023,0.023,-1,Echolocation,/mnt/ubna_data_01_mir/recover-20220825/UBNA_002/20220823_033000.WAV,Telephone Field,recover-20220825,002,1795
110.7915,110.83,68437,81846,Rhinolophus ferrumequinum,0.02,0.02,-1,Echolocation,/mnt/ubna_data_01_mir/recover-20220825/UBNA_002/20220823_033000.WAV,Telephone Field,recover-20220825,002,1795
110.8365,110.8488,33203,38833,Eptesicus serotinus,0.008,0.03,-1,Echolocation,/mnt/ubna_data_01_mir/recover-20220825/UBNA_002/20220823_033000.WAV,Telephone Field,recover-20220825,002,1795
110.8455,110.8839,68437,81983,Rhinolophus ferrumequinum,0.02,0.02,-1,Echolocation,/mnt/ubna_data_01_mir/recover-20220825/UBNA_002/20220823_033000.WAV,Telephone Field,recover-20220825,002,1795
110.8825,110.8937,22031,27170,Nyctalus leisleri,0.013,0.029,-1,Echolocation,/mnt/ubna_data_01_mir/recover-20220825/UBNA_002/20220823_033000.WAV,Telephone Field,recover-20220825,002,1795
110.9295,110.9713,68437,82376,Rhinolophus ferrumequinum,0.029,0.029,-1,Echolocation,/mnt/ubna_data_01_mir/recover-20220825/UBNA_002/20220823_033000.WAV,Telephone Field,recover-20220825,002,1795
110.9785,111.0161,68437,82135,Rhinolophus ferrumequinum,0.02,0.021,-1,Echolocation,/mnt/ubna_data_01_mir/recover-20220825/UBNA_002/20220823_033000.WAV,Telephone Field,recover-20220825,002,1795
110.9975,111.0069,22890,29426,Nyctalus leisleri,0.01,0.028,-1,Echolocation,/mnt/ubna_data_01_mir/recover-20220825/UBNA_002/20220823_033000.WAV,Telephone Field,recover-20220825,002,1795
111.0095,111.0491,68437,82402,Rhinolophus ferrumequinum,0.023,0.023,-1,Echolocation,/mnt/ubna_data_01_mir/recover-20220825/UBNA_002/20220823_033000.WAV,Telephone Field,recover-20220825,002,1795
111.0365,111.0449,28046,38402,Eptesicus serotinus,0.008,0.022,-1,Echolocation,/mnt/ubna_data_01_mir/recover-20220825/UBNA_002/20220823_033000.WAV,Telephone Field,recover-20220825,002,1795
111.0365,111.0776,68437,82278,Rhinolophus ferrumequinum,0.021,0.021,-1,Echolocation,/mnt/ubna_data_01_mir/recover-20220825/UBNA_002/20220823_033000.WAV,Telephone Field,recover-20220825,002,1795
111.0515,111.06190000000001,22890,28783,Nyctalus leisleri,0.011,0.025,-1,Echolocation,/mnt/ubna_data_01_mir/recover-20220825/UBNA_002/20220823_033000.WAV,Telephone Field,recover-20220825,002,1795
111.0835,111.0915,28046,38363,Eptesicus serotinus,0.006,0.021,-1,Echolocation,/mnt/ubna_data_01_mir/recover-20220825/UBNA_002/20220823_033000.WAV,Telephone Field,recover-20220825,002,1795
111.12950000000001,111.1404,24609,30847,Nyctalus leisleri,0.008,0.021,-1,Echolocation,/mnt/ubna_data_01_mir/recover-20220825/UBNA_002/20220823_033000.WAV,Telephone Field,recover-20220825,002,1795
111.1425,111.1516,26328,34465,Eptesicus serotinus,0.008,0.02,-1,Echolocation,/mnt/ubna_data_01_mir/recover-20220825/UBNA_002/20220823_033000.WAV,Telephone Field,recover-20220825,002,1795
111.1435,111.1827,68437,81679,Rhinolophus ferrumequinum,0.024,0.024,-1,Echolocation,/mnt/ubna_data_01_mir/recover-20220825/UBNA_002/20220823_033000.WAV,Telephone Field,recover-20220825,002,1795
111.15950000000001,111.1995,68437,82447,Rhinolophus ferrumequinum,0.027,0.027,-1,Echolocation,/mnt/ubna_data_01_mir/recover-20220825/UBNA_002/20220823_033000.WAV,Telephone Field,recover-20220825,002,1795
111.1925,111.2008,45234,55350,Pipistrellus pipistrellus,0.017,0.024,-1,Echolocation,/mnt/ubna_data_01_mir/recover-20220825/UBNA_002/20220823_033000.WAV,Telephone Field,recover-20220825,002,1795
111.22749999999999,111.267,68437,82455,Rhinolophus ferrumequinum,0.025,0.025,-1,Echolocation,/mnt/ubna_data_01_mir/recover-20220825/UBNA_002/20220823_033000.WAV,Telephone Field,recover-20220825,002,1795
111.23349999999999,111.2437,22031,27022,Nyctalus leisleri,0.01,0.021,-1,Echolocation,/mnt/ubna_data_01_mir/recover-20220825/UBNA_002/20220823_033000.WAV,Telephone Field,recover-20220825,002,1795
111.2685,111.3051,68437,81491,Rhinolophus ferrumequinum,0.02,0.02,-1,Echolocation,/mnt/ubna_data_01_mir/recover-20220825/UBNA_002/20220823_033000.WAV,Telephone Field,recover-20220825,002,1795
111.27850000000001,111.2861,28906,38438,Eptesicus serotinus,0.006,0.021,-1,Echolocation,/mnt/ubna_data_01_mir/recover-20220825/UBNA_002/20220823_033000.WAV,Telephone Field,recover-20220825,002,1795
111.3335,111.34479999999999,22890,28056,Nyctalus leisleri,0.011,0.024,-1,Echolocation,/mnt/ubna_data_01_mir/recover-20220825/UBNA_002/20220823_033000.WAV,Telephone Field,recover-20220825,002,1795
111.34049999999999,111.3546,22890,27171,Nyctalus leisleri,0.012,0.024,-1,Echolocation,/mnt/ubna_data_01_mir/recover-20220825/UBNA_002/20220823_033000.WAV,Telephone Field,recover-20220825,002,1795
111.3445,111.3835,68437,82346,Rhinolophus ferrumequinum,0.022,0.022,-1,Echolocation,/mnt/ubna_data_01_mir/recover-20220825/UBNA_002/20220823_033000.WAV,Telephone Field,recover-20220825,002,1795
111.3675,111.4157,68437,83949,Rhinolophus ferrumequinum,0.05,0.05,-1,Echolocation,/mnt/ubna_data_01_mir/recover-20220825/UBNA_002/20220823_033000.WAV,Telephone Field,recover-20220825,002,1795
111.4125,111.4235,23750,29668,Nyctalus leisleri,0.009,0.022,-1,Echolocation,/mnt/ubna_data_01_mir/recover-20220825/UBNA_002/20220823_033000.WAV,Telephone Field,recover-20220825,002,1795
111.4625,111.49940000000001,68437,82063,Rhinolophus ferrumequinum,0.02,0.02,-1,Echolocation,/mnt/ubna_data_01_mir/recover-20220825/UBNA_002/20220823_033000.WAV,Telephone Field,recover-20220825,002,1795
111.47149999999999,111.47919999999999,28046,39353,Eptesicus serotinus,0.006,0.02,-1,Echolocation,/mnt/ubna_data_01_mir/recover-20220825/UBNA_002/20220823_033000.WAV,Telephone Field,recover-20220825,002,1795
111.4735,111.5112,68437,81141,Rhinolophus ferrumequinum,0.022,0.022,-1,Echolocation,/mnt/ubna_data_01_mir/recover-20220825/UBNA_002/20220823_033000.WAV,Telephone Field,recover-20220825,002,1795
111.49549999999999,111.5349,68437,81956,Rhinolophus ferrumequinum,0.023,0.023,-1,Echolocation,/mnt/ubna_data_01_mir/recover-20220825/UBNA_002/20220823_033000.WAV,Telephone Field,recover-20220825,002,1795
111.5185,111.56,68437,83036,Rhinolophus ferrumequinum,0.028,0.028,-1,Echolocation,/mnt/ubna_data_01_mir/recover-20220825/UBNA_002/20220823_033000.WAV,Telephone Field,recover-20220825,002,1795
111.5455,111.5549,43515,53593,Pipistrellus pipistrellus,0.015,0.022,-1,Echolocation,/mnt/ubna_data_01_mir/recover-20220825/UBNA_002/20220823_033000.WAV,Telephone Field,recover-20220825,002,1795
111.5685,111.58160000000001,14296,18820,Nyctalus noctula,0.013,0.022,-1,Echolocation,/mnt/ubna_data_01_mir/recover-20220825/UBNA_002/20220823_033000.WAV,Telephone Field,recover-20220825,002,1795
111.58449999999999,111.6229,68437,81584,Rhinolophus ferrumequinum,0.021,0.021,-1,Echolocation,/mnt/ubna_data_01_mir/recover-20220825/UBNA_002/20220823_033000.WAV,Telephone Field,recover-20220825,002,1795
111.6615,111.7062,68437,83174,Rhinolophus ferrumequinum,0.028,0.028,-1,Echolocation,/mnt/ubna_data_01_mir/recover-20220825/UBNA_002/20220823_033000.WAV,Telephone Field,recover-20220825,002,1795
111.6995,111.7421,68437,83234,Rhinolophus ferrumequinum,0.025,0.025,-1,Echolocation,/mnt/ubna_data_01_mir/recover-20220825/UBNA_002/20220823_033000.WAV,Telephone Field,recover-20220825,002,1795
111.7235,111.7633,68437,82422,Rhinolophus ferrumequinum,0.022,0.022,-1,Echolocation,/mnt/ubna_data_01_mir/recover-20220825/UBNA_002/20220823_033000.WAV,Telephone Field,recover-20220825,002,1795
111.73949999999999,111.776,68437,80954,Rhinolophus ferrumequinum,0.022,0.022,-1,Echolocation,/mnt/ubna_data_01_mir/recover-20220825/UBNA_002/20220823_033000.WAV,Telephone Field,recover-20220825,002,1795
111.7445,111.7525,44375,54996,Pipistrellus pipistrellus,0.015,0.022,-1,Echolocation,/mnt/ubna_data_01_mir/recover-20220825/UBNA_002/20220823_033000.WAV,Telephone Field,recover-20220825,002,1795
111.76650000000001,111.8026,68437,80968,Rhinolophus ferrumequinum,0.022,0.022,-1,Echolocation,/mnt/ubna_data_01_mir/recover-20220825/UBNA_002/20220823_033000.WAV,Telephone Field,recover-20220825,002,1795
111.7705,111.7794,23750,31280,Nyctalus leisleri,0.006,0.021,-1,Echolocation,/mnt/ubna_data_01_mir/recover-20220825/UBNA_002/20220823_033000.WAV,Telephone Field,recover-20220825,002,1795
111.7815,111.7906,28046,38620,Eptesicus serotinus,0.008,0.021,-1,Echolocation,/mnt/ubna_data_01_mir/recover-20220825/UBNA_002/20220823_033000.WAV,Telephone Field,recover-20220825,002,1795
111.8115,111.85210000000001,68437,82625,Rhinolophus ferrumequinum,0.022,0.022,-1,Echolocation,/mnt/ubna_data_01_mir/recover-20220825/UBNA_002/20220823_033000.WAV,Telephone Field,recover-20220825,002,1795
111.83449999999999,111.872,68437,81690,Rhinolophus ferrumequinum,0.022,0.022,-1,Echolocation,/mnt/ubna_data_01_mir/recover-20220825/UBNA_002/20220823_033000.WAV,Telephone Field,recover-20220825,002,1795
111.8965,111.9318,68437,81679,Rhinolophus ferrumequinum,0.02,0.02,-1,Echolocation,/mnt/ubna_data_01_mir/recover-20220825/UBNA_002/20220823_033000.WAV,Telephone Field,recover-20220825,002,1795
111.9025,111.9379,68437,81369,Rhinolophus ferrumequinum,0.021,0.021,-1,Echolocation,/mnt/ubna_data_01_mir/recover-20220825/UBNA_002/20220823_033000.WAV,Telephone Field,recover-20220825,002,1795
111.9875,111.9961,27187,39094,Eptesicus serotinus,0.007,0.021,-1,Echolocation,/mnt/ubna_data_01_mir/recover-20220825/UBNA_002/20220823_033000.WAV,Telephone Field,recover-20220825,002,1795
112.0015,112.0138,53828,59199,Pipistrellus pygmaeus,0.021,0.025,-1,Echolocation,/mnt/ubna_data_01_mir/recover-20220825/UBNA_002/20220823_033000.WAV,Telephone Field,recover-20220825,002,1795
112.0015,112.0129,26328,32706,Nyctalus leisleri,0.012,0.03,-1,Echolocation,/mnt/ubna_data_01_mir/recover-20220825/UBNA_002/20220823_033000.WAV,Telephone Field,recover-20220825,002,1795
112.0015,112.0094,45234,49908,Pipistrellus pipistrellus,0.017,0.022,-1,Echolocation,/mnt/ubna_data_01_mir/recover-20220825/UBNA_002/20220823_033000.WAV,Telephone Field,recover-20220825,002,1795
112.0015,112.03399999999999,69296,81207,Rhinolophus ferrumequinum,0.025,0.026,-1,Echolocation,/mnt/ubna_data_01_mir/recover-20220825/UBNA_002/20220823_033000.WAV,Telephone Field,recover-20220825,002,1795
112.01050000000001,112.0517,68437,82098,Rhinolophus ferrumequinum,0.023,0.023,-1,Echolocation,/mnt/ubna_data_01_mir/recover-20220825/UBNA_002/20220823_033000.WAV,Telephone Field,recover-20220825,002,1795
112.0355,112.0723,68437,82053,Rhinolophus ferrumequinum,0.021,0.021,-1,Echolocation,/mnt/ubna_data_01_mir/recover-20220825/UBNA_002/20220823_033000.WAV,Telephone Field,recover-20220825,002,1795
112.0595,112.0998,68437,82575,Rhinolophus ferrumequinum,0.023,0.023,-1,Echolocation,/mnt/ubna_data_01_mir/recover-20220825/UBNA_002/20220823_033000.WAV,Telephone Field,recover-20220825,002,1795
112.0735,112.0835,29765,37734,Eptesicus serotinus,0.012,0.025,-1,Echolocation,/mnt/ubna_data_01_mir/recover-20220825/UBNA_002/20220823_033000.WAV,Telephone Field,recover-20220825,002,1795
112.07849999999999,112.1152,68437,82215,Rhinolophus ferrumequinum,0.024,0.024,-1,Echolocation,/mnt/ubna_data_01_mir/recover-20220825/UBNA_002/20220823_033000.WAV,Telephone Field,recover-20220825,002,1795
112.1135,112.1486,68437,81430,Rhinolophus ferrumequinum,0.021,0.021,-1,Echolocation,/mnt/ubna_data_01_mir/recover-20220825/UBNA_002/20220823_033000.WAV,Telephone Field,recover-20220825,002,1795
112.1425,112.1796,68437,81411,Rhinolophus ferrumequinum,0.022,0.022,-1,Echolocation,/mnt/ubna_data_01_mir/recover-20220825/UBNA_002/20220823_033000.WAV,Telephone Field,recover-20220825,002,1795
112.1635,112.2002,68437,82375,Rhinolophus ferrumequinum,0.021,0.021,-1,Echolocation,/mnt/ubna_data_01_mir/recover-20220825/UBNA_002/20220823_033000.WAV,Telephone Field,recover-20220825,002,1795
112.2165,112.2527,68437,81647,Rhinolophus ferrumequinum,0.021,0.021,-1,Echolocation,/mnt/ubna_data_01_mir/recover-20220825/UBNA_002/20220823_033000.WAV,Telephone Field,recover-20220825,002,1795
112.2375,112.2783,68437,82708,Rhinolophus ferrumequinum,0.022,0.022,-1,Echolocation,/mnt/ubna_data_01_mir/recover-20220825/UBNA_002/20220823_033000.WAV,Telephone Field,recover-20220825,002,1795
112.2495,112.289,68437,82231,Rhinolophus ferrumequinum,0.024,0.024,-1,Echolocation,/mnt/ubna_data_01_mir/recover-20220825/UBNA_002/20220823_033000.WAV,Telephone Field,recover-20220825,002,1795
112.2615,112.298,68437,81133,Rhinolophus ferrumequinum,0.021,0.021,-1,Echolocation,/mnt/ubna_data_01_mir/recover-20220825/UBNA_002/20220823_033000.WAV,Telephone Field,recover-20220825,002,1795
112.2735,112.2794,26328,42300,Myotis nattereri,0.005,0.025,-1,Echolocation,/mnt/ubna_data_01_mir/recover-20220825/UBNA_002/20220823_033000.WAV,Telephone Field,recover-20220825,002,1795
112.2875,112.3308,68437,83285,Rhinolophus ferrumequinum,0.032,0.032,-1,Echolocation,/mnt/ubna_data_01_mir/recover-20220825/UBNA_002/20220823_033000.WAV,Telephone Field,recover-20220825,002,1795
112.3025,112.322,19453,21979,Nyctalus leisleri,0.015,0.03,-1,Echolocation,/mnt/ubna_data_01_mir/recover-20220825/UBNA_002/20220823_033000.WAV,Telephone Field,recover-20220825,002,1795
112.34649999999999,112.3534,24609,38202,Plecotus austriacus,0.008,0.025,-1,Echolocation,/mnt/ubna_data_01_mir/recover-20220825/UBNA_002/20220823_033000.WAV,Telephone Field,recover-20220825,002,1795
112.3995,112.43690000000001,68437,81627,Rhinolophus ferrumequinum,0.021,0.021,-1,Echolocation,/mnt/ubna_data_01_mir/recover-20220825/UBNA_002/20220823_033000.WAV,Telephone Field,recover-20220825,002,1795
112.4515,112.4619,24609,30905,Nyctalus leisleri,0.008,0.023,-1,Echolocation,/mnt/ubna_data_01_mir/recover-20220825/UBNA_002/20220823_033000.WAV,Telephone Field,recover-20220825,002,1795
112.4615,112.46979999999999,26328,36564,Eptesicus serotinus,0.009,0.022,-1,Echolocation,/mnt/ubna_data_01_mir/recover-20220825/UBNA_002/20220823_033000.WAV,Telephone Field,recover-20220825,002,1795
112.4825,112.5216,68437,82580,Rhinolophus ferrumequinum,0.02,0.02,-1,Echolocation,/mnt/ubna_data_01_mir/recover-20220825/UBNA_002/20220823_033000.WAV,Telephone Field,recover-20220825,002,1795
112.4875,112.49459999999999,27187,44908,Eptesicus serotinus,0.007,0.023,-1,Echolocation,/mnt/ubna_data_01_mir/recover-20220825/UBNA_002/20220823_033000.WAV,Telephone Field,recover-20220825,002,1795
112.49549999999999,112.5337,68437,81948,Rhinolophus ferrumequinum,0.021,0.021,-1,Echolocation,/mnt/ubna_data_01_mir/recover-20220825/UBNA_002/20220823_033000.WAV,Telephone Field,recover-20220825,002,1795
112.5005,112.5364,68437,82155,Rhinolophus ferrumequinum,0.021,0.021,-1,Echolocation,/mnt/ubna_data_01_mir/recover-20220825/UBNA_002/20220823_033000.WAV,Telephone Field,recover-20220825,002,1795
112.5085,112.54560000000001,68437,82043,Rhinolophus ferrumequinum,0.021,0.021,-1,Echolocation,/mnt/ubna_data_01_mir/recover-20220825/UBNA_002/20220823_033000.WAV,Telephone Field,recover-20220825,002,1795
112.5195,112.55709999999999,68437,82411,Rhinolophus ferrumequinum,0.022,0.022,-1,Echolocation,/mnt/ubna_data_01_mir/recover-20220825/UBNA_002/20220823_033000.WAV,Telephone Field,recover-20220825,002,1795
112.5505,112.5914,68437,82949,Rhinolophus ferrumequinum,0.025,0.025,-1,Echolocation,/mnt/ubna_data_01_mir/recover-20220825/UBNA_002/20220823_033000.WAV,Telephone Field,recover-20220825,002,1795
112.5765,112.5885,23750,28533,Nyctalus leisleri,0.012,0.024,-1,Echolocation,/mnt/ubna_data_01_mir/recover-20220825/UBNA_002/20220823_033000.WAV,Telephone Field,recover-20220825,002,1795
112.60249999999999,112.6103,25468,34037,Eptesicus serotinus,0.008,0.028,-1,Echolocation,/mnt/ubna_data_01_mir/recover-20220825/UBNA_002/20220823_033000.WAV,Telephone Field,recover-20220825,002,1795
112.6045,112.6447,68437,82561,Rhinolophus ferrumequinum,0.028,0.028,-1,Echolocation,/mnt/ubna_data_01_mir/recover-20220825/UBNA_002/20220823_033000.WAV,Telephone Field,recover-20220825,002,1795
112.6185,112.62559999999999,27187,38598,Eptesicus serotinus,0.006,0.021,-1,Echolocation,/mnt/ubna_data_01_mir/recover-20220825/UBNA_002/20220823_033000.WAV,Telephone Field,recover-20220825,002,1795
112.6455,112.688,68437,83025,Rhinolophus ferrumequinum,0.047,0.047,-1,Echolocation,/mnt/ubna_data_01_mir/recover-20220825/UBNA_002/20220823_033000.WAV,Telephone Field,recover-20220825,002,1795
112.64750000000001,112.6539,23750,33963,Plecotus austriacus,0.025,0.049,-1,Echolocation,/mnt/ubna_data_01_mir/recover-20220825/UBNA_002/20220823_033000.WAV,Telephone Field,recover-20220825,002,1795
112.7245,112.7341,25468,33775,Eptesicus serotinus,0.008,0.022,-1,Echolocation,/mnt/ubna_data_01_mir/recover-20220825/UBNA_002/20220823_033000.WAV,Telephone Field,recover-20220825,002,1795
112.7355,112.7758,68437,81952,Rhinolophus ferrumequinum,0.021,0.021,-1,Echolocation,/mnt/ubna_data_01_mir/recover-20220825/UBNA_002/20220823_033000.WAV,Telephone Field,recover-20220825,002,1795
112.7425,112.756,28906,34816,Eptesicus serotinus,0.047,0.068,-1,Echolocation,/mnt/ubna_data_01_mir/recover-20220825/UBNA_002/20220823_033000.WAV,Telephone Field,recover-20220825,002,1795
112.7835,112.8204,68437,82306,Rhinolophus ferrumequinum,0.022,0.022,-1,Echolocation,/mnt/ubna_data_01_mir/recover-20220825/UBNA_002/20220823_033000.WAV,Telephone Field,recover-20220825,002,1795
112.7945,112.8052,23750,29360,Nyctalus leisleri,0.01,0.023,-1,Echolocation,/mnt/ubna_data_01_mir/recover-20220825/UBNA_002/20220823_033000.WAV,Telephone Field,recover-20220825,002,1795
112.8195,112.8266,24609,37102,Plecotus austriacus,0.006,0.022,-1,Echolocation,/mnt/ubna_data_01_mir/recover-20220825/UBNA_002/20220823_033000.WAV,Telephone Field,recover-20220825,002,1795
112.8505,112.8912,68437,83036,Rhinolophus ferrumequinum,0.026,0.027,-1,Echolocation,/mnt/ubna_data_01_mir/recover-20220825/UBNA_002/20220823_033000.WAV,Telephone Field,recover-20220825,002,1795
112.8595,112.8966,68437,81875,Rhinolophus ferrumequinum,0.021,0.021,-1,Echolocation,/mnt/ubna_data_01_mir/recover-20220825/UBNA_002/20220823_033000.WAV,Telephone Field,recover-20220825,002,1795
112.8675,112.876,26328,37442,Eptesicus serotinus,0.008,0.021,-1,Echolocation,/mnt/ubna_data_01_mir/recover-20220825/UBNA_002/20220823_033000.WAV,Telephone Field,recover-20220825,002,1795
112.87049999999999,112.9108,68437,83282,Rhinolophus ferrumequinum,0.029,0.029,-1,Echolocation,/mnt/ubna_data_01_mir/recover-20220825/UBNA_002/20220823_033000.WAV,Telephone Field,recover-20220825,002,1795
112.8945,112.93430000000001,68437,82673,Rhinolophus ferrumequinum,0.021,0.021,-1,Echolocation,/mnt/ubna_data_01_mir/recover-20220825/UBNA_002/20220823_033000.WAV,Telephone Field,recover-20220825,002,1795
112.9195,112.9602,68437,83000,Rhinolophus ferrumequinum,0.025,0.025,-1,Echolocation,/mnt/ubna_data_01_mir/recover-20220825/UBNA_002/20220823_033000.WAV,Telephone Field,recover-20220825,002,1795
112.9615,113.0014,68437,82898,Rhinolophus ferrumequinum,0.025,0.025,-1,Echolocation,/mnt/ubna_data_01_mir/recover-20220825/UBNA_002/20220823_033000.WAV,Telephone Field,recover-20220825,002,1795
112.9845,112.9952,54687,59318,Pipistrellus pygmaeus,0.027,0.029,-1,Echolocation,/mnt/ubna_data_01_mir/recover-20220825/UBNA_002/20220823_033000.WAV,Telephone Field,recover-20220825,002,1795
112.9855,113.0218,68437,81431,Rhinolophus ferrumequinum,0.02,0.02,-1,Echolocation,/mnt/ubna_data_01_mir/recover-20220825/UBNA_002/20220823_033000.WAV,Telephone Field,recover-20220825,002,1795
112.9865,112.9942,28906,40442,Eptesicus serotinus,0.006,0.021,-1,Echolocation,/mnt/ubna_data_01_mir/recover-20220825/UBNA_002/20220823_033000.WAV,Telephone Field,recover-20220825,002,1795
112.9865,112.9939,23750,32048,Plecotus austriacus,0.009,0.022,-1,Echolocation,/mnt/ubna_data_01_mir/recover-20220825/UBNA_002/20220823_033000.WAV,Telephone Field,recover-20220825,002,1795
113.0455,113.0862,68437,82792,Rhinolophus ferrumequinum,0.036,0.036,-1,Echolocation,/mnt/ubna_data_01_mir/recover-20220825/UBNA_002/20220823_033000.WAV,Telephone Field,recover-20220825,002,1795
113.0475,113.05539999999999,26328,34346,Eptesicus serotinus,0.008,0.021,-1,Echolocation,/mnt/ubna_data_01_mir/recover-20220825/UBNA_002/20220823_033000.WAV,Telephone Field,recover-20220825,002,1795
113.0705,113.11070000000001,68437,81817,Rhinolophus ferrumequinum,0.021,0.021,-1,Echolocation,/mnt/ubna_data_01_mir/recover-20220825/UBNA_002/20220823_033000.WAV,Telephone Field,recover-20220825,002,1795
113.1425,113.1817,68437,82345,Rhinolophus ferrumequinum,0.027,0.027,-1,Echolocation,/mnt/ubna_data_01_mir/recover-20220825/UBNA_002/20220823_033000.WAV,Telephone Field,recover-20220825,002,1795
113.1425,113.1532,28906,35690,Eptesicus serotinus,0.009,0.02,-1,Echolocation,/mnt/ubna_data_01_mir/recover-20220825/UBNA_002/20220823_033000.WAV,Telephone Field,recover-20220825,002,1795
113.1505,113.1588,27187,40158,Eptesicus serotinus,0.008,0.021,-1,Echolocation,/mnt/ubna_data_01_mir/recover-20220825/UBNA_002/20220823_033000.WAV,Telephone Field,recover-20220825,002,1795
113.1695,113.2085,68437,82155,Rhinolophus ferrumequinum,0.021,0.022,-1,Echolocation,/mnt/ubna_data_01_mir/recover-20220825/UBNA_002/20220823_033000.WAV,Telephone Field,recover-20220825,002,1795
113.17150000000001,113.1793,27187,39019,Eptesicus serotinus,0.007,0.021,-1,Echolocation,/mnt/ubna_data_01_mir/recover-20220825/UBNA_002/20220823_033000.WAV,Telephone Field,recover-20220825,002,1795
113.1775,113.1858,22890,30037,Plecotus austriacus,0.009,0.022,-1,Echolocation,/mnt/ubna_data_01_mir/recover-20220825/UBNA_002/20220823_033000.WAV,Telephone Field,recover-20220825,002,1795
113.1955,113.2372,68437,82968,Rhinolophus ferrumequinum,0.032,0.032,-1,Echolocation,/mnt/ubna_data_01_mir/recover-20220825/UBNA_002/20220823_033000.WAV,Telephone Field,recover-20220825,002,1795
113.2075,113.2448,68437,82413,Rhinolophus ferrumequinum,0.022,0.022,-1,Echolocation,/mnt/ubna_data_01_mir/recover-20220825/UBNA_002/20220823_033000.WAV,Telephone Field,recover-20220825,002,1795
113.2165,113.25710000000001,68437,82742,Rhinolophus ferrumequinum,0.023,0.023,-1,Echolocation,/mnt/ubna_data_01_mir/recover-20220825/UBNA_002/20220823_033000.WAV,Telephone Field,recover-20220825,002,1795
113.2375,113.2476,22890,28390,Nyctalus leisleri,0.008,0.02,-1,Echolocation,/mnt/ubna_data_01_mir/recover-20220825/UBNA_002/20220823_033000.WAV,Telephone Field,recover-20220825,002,1795
113.23949999999999,113.27850000000001,68437,81562,Rhinolophus ferrumequinum,0.033,0.033,-1,Echolocation,/mnt/ubna_data_01_mir/recover-20220825/UBNA_002/20220823_033000.WAV,Telephone Field,recover-20220825,002,1795
113.2465,113.2864,68437,82656,Rhinolophus ferrumequinum,0.031,0.031,-1,Echolocation,/mnt/ubna_data_01_mir/recover-20220825/UBNA_002/20220823_033000.WAV,Telephone Field,recover-20220825,002,1795
113.27250000000001,113.314,68437,82872,Rhinolophus ferrumequinum,0.031,0.031,-1,Echolocation,/mnt/ubna_data_01_mir/recover-20220825/UBNA_002/20220823_033000.WAV,Telephone Field,recover-20220825,002,1795
113.2815,113.2888,28046,39894,Eptesicus serotinus,0.01,0.032,-1,Echolocation,/mnt/ubna_data_01_mir/recover-20220825/UBNA_002/20220823_033000.WAV,Telephone Field,recover-20220825,002,1795
113.3055,113.3426,68437,81905,Rhinolophus ferrumequinum,0.02,0.02,-1,Echolocation,/mnt/ubna_data_01_mir/recover-20220825/UBNA_002/20220823_033000.WAV,Telephone Field,recover-20220825,002,1795
113.3075,113.32849999999999,18593,22093,Nyctalus noctula,0.021,0.039,-1,Echolocation,/mnt/ubna_data_01_mir/recover-20220825/UBNA_002/20220823_033000.WAV,Telephone Field,recover-20220825,002,1795
113.3695,113.4024,68437,80442,Rhinolophus ferrumequinum,0.021,0.022,-1,Echolocation,/mnt/ubna_data_01_mir/recover-20220825/UBNA_002/20220823_033000.WAV,Telephone Field,recover-20220825,002,1795
113.3805,113.3947,41796,43450,Pipistrellus pipistrellus,0.026,0.033,-1,Echolocation,/mnt/ubna_data_01_mir/recover-20220825/UBNA_002/20220823_033000.WAV,Telephone Field,recover-20220825,002,1795
113.4345,113.4423,28046,38400,Eptesicus serotinus,0.022,0.045,-1,Echolocation,/mnt/ubna_data_01_mir/recover-20220825/UBNA_002/20220823_033000.WAV,Telephone Field,recover-20220825,002,1795
113.4625,113.50319999999999,68437,82123,Rhinolophus ferrumequinum,0.02,0.02,-1,Echolocation,/mnt/ubna_data_01_mir/recover-20220825/UBNA_002/20220823_033000.WAV,Telephone Field,recover-20220825,002,1795
113.5395,113.55969999999999,16015,20437,Nyctalus noctula,0.019,0.027,-1,Echolocation,/mnt/ubna_data_01_mir/recover-20220825/UBNA_002/20220823_033000.WAV,Telephone Field,recover-20220825,002,1795
113.5505,113.5864,68437,81560,Rhinolophus ferrumequinum,0.021,0.021,-1,Echolocation,/mnt/ubna_data_01_mir/recover-20220825/UBNA_002/20220823_033000.WAV,Telephone Field,recover-20220825,002,1795
113.5625,113.5728,27187,34228,Eptesicus serotinus,0.012,0.026,-1,Echolocation,/mnt/ubna_data_01_mir/recover-20220825/UBNA_002/20220823_033000.WAV,Telephone Field,recover-20220825,002,1795
113.5865,113.6287,68437,83129,Rhinolophus ferrumequinum,0.028,0.028,-1,Echolocation,/mnt/ubna_data_01_mir/recover-20220825/UBNA_002/20220823_033000.WAV,Telephone Field,recover-20220825,002,1795
113.6095,113.649,68437,82318,Rhinolophus ferrumequinum,0.027,0.027,-1,Echolocation,/mnt/ubna_data_01_mir/recover-20220825/UBNA_002/20220823_033000.WAV,Telephone Field,recover-20220825,002,1795
113.63550000000001,113.6448,28906,38298,Eptesicus serotinus,0.007,0.022,-1,Echolocation,/mnt/ubna_data_01_mir/recover-20220825/UBNA_002/20220823_033000.WAV,Telephone Field,recover-20220825,002,1795
113.6485,113.6909,68437,83204,Rhinolophus ferrumequinum,0.031,0.031,-1,Echolocation,/mnt/ubna_data_01_mir/recover-20220825/UBNA_002/20220823_033000.WAV,Telephone Field,recover-20220825,002,1795
113.6815,113.6899,28046,42918,Eptesicus serotinus,0.008,0.02,-1,Echolocation,/mnt/ubna_data_01_mir/recover-20220825/UBNA_002/20220823_033000.WAV,Telephone Field,recover-20220825,002,1795
113.6885,113.72710000000001,68437,82187,Rhinolophus ferrumequinum,0.022,0.022,-1,Echolocation,/mnt/ubna_data_01_mir/recover-20220825/UBNA_002/20220823_033000.WAV,Telephone Field,recover-20220825,002,1795
113.7255,113.7645,68437,82702,Rhinolophus ferrumequinum,0.025,0.025,-1,Echolocation,/mnt/ubna_data_01_mir/recover-20220825/UBNA_002/20220823_033000.WAV,Telephone Field,recover-20220825,002,1795
113.7425,113.7882,68437,83431,Rhinolophus ferrumequinum,0.04,0.04,-1,Echolocation,/mnt/ubna_data_01_mir/recover-20220825/UBNA_002/20220823_033000.WAV,Telephone Field,recover-20220825,002,1795
113.7655,113.8038,68437,82358,Rhinolophus ferrumequinum,0.023,0.023,-1,Echolocation,/mnt/ubna_data_01_mir/recover-20220825/UBNA_002/20220823_033000.WAV,Telephone Field,recover-20220825,002,1795
113.8015,113.8117,23750,31256,Nyctalus leisleri,0.009,0.027,-1,Echolocation,/mnt/ubna_data_01_mir/recover-20220825/UBNA_002/20220823_033000.WAV,Telephone Field,recover-20220825,002,1795
113.8675,113.9074,68437,82461,Rhinolophus ferrumequinum,0.022,0.022,-1,Echolocation,/mnt/ubna_data_01_mir/recover-20220825/UBNA_002/20220823_033000.WAV,Telephone Field,recover-20220825,002,1795
113.88550000000001,113.924,68437,82248,Rhinolophus ferrumequinum,0.022,0.022,-1,Echolocation,/mnt/ubna_data_01_mir/recover-20220825/UBNA_002/20220823_033000.WAV,Telephone Field,recover-20220825,002,1795
113.9255,113.9633,68437,81867,Rhinolophus ferrumequinum,0.02,0.021,-1,Echolocation,/mnt/ubna_data_01_mir/recover-20220825/UBNA_002/20220823_033000.WAV,Telephone Field,recover-20220825,002,1795
113.9295,113.9382,28046,37864,Eptesicus serotinus,0.009,0.023,-1,Echolocation,/mnt/ubna_data_01_mir/recover-20220825/UBNA_002/20220823_033000.WAV,Telephone Field,recover-20220825,002,1795
113.9815,113.992,25468,31783,Eptesicus serotinus,0.008,0.021,-1,Echolocation,/mnt/ubna_data_01_mir/recover-20220825/UBNA_002/20220823_033000.WAV,Telephone Field,recover-20220825,002,1795
114.0015,114.0139,23750,29630,Nyctalus leisleri,0.023,0.047,-1,Echolocation,/mnt/ubna_data_01_mir/recover-20220825/UBNA_002/20220823_033000.WAV,Telephone Field,recover-20220825,002,1795
114.0015,114.0325,69296,81082,Rhinolophus ferrumequinum,0.025,0.026,-1,Echolocation,/mnt/ubna_data_01_mir/recover-20220825/UBNA_002/20220823_033000.WAV,Telephone Field,recover-20220825,002,1795
114.0185,114.0608,68437,82952,Rhinolophus ferrumequinum,0.032,0.032,-1,Echolocation,/mnt/ubna_data_01_mir/recover-20220825/UBNA_002/20220823_033000.WAV,Telephone Field,recover-20220825,002,1795
114.04650000000001,114.0847,68437,81999,Rhinolophus ferrumequinum,0.024,0.024,-1,Echolocation,/mnt/ubna_data_01_mir/recover-20220825/UBNA_002/20220823_033000.WAV,Telephone Field,recover-20220825,002,1795
114.0505,114.0594,22890,30171,Plecotus austriacus,0.006,0.02,-1,Echolocation,/mnt/ubna_data_01_mir/recover-20220825/UBNA_002/20220823_033000.WAV,Telephone Field,recover-20220825,002,1795
114.0955,114.1029,50390,55152,Pipistrellus pipistrellus,0.035,0.037,-1,Echolocation,/mnt/ubna_data_01_mir/recover-20220825/UBNA_002/20220823_033000.WAV,Telephone Field,recover-20220825,002,1795
114.1285,114.1652,68437,81659,Rhinolophus ferrumequinum,0.02,0.02,-1,Echolocation,/mnt/ubna_data_01_mir/recover-20220825/UBNA_002/20220823_033000.WAV,Telephone Field,recover-20220825,002,1795
114.1455,114.1867,68437,83258,Rhinolophus ferrumequinum,0.032,0.032,-1,Echolocation,/mnt/ubna_data_01_mir/recover-20220825/UBNA_002/20220823_033000.WAV,Telephone Field,recover-20220825,002,1795
114.1525,114.1624,28046,36763,Eptesicus serotinus,0.011,0.024,-1,Echolocation,/mnt/ubna_data_01_mir/recover-20220825/UBNA_002/20220823_033000.WAV,Telephone Field,recover-20220825,002,1795
114.1625,114.17269999999999,22890,28063,Nyctalus leisleri,0.01,0.022,-1,Echolocation,/mnt/ubna_data_01_mir/recover-20220825/UBNA_002/20220823_033000.WAV,Telephone Field,recover-20220825,002,1795
114.1705,114.1846,22031,25871,Nyctalus leisleri,0.016,0.027,-1,Echolocation,/mnt/ubna_data_01_mir/recover-20220825/UBNA_002/20220823_033000.WAV,Telephone Field,recover-20220825,002,1795
114.1845,114.2225,68437,82307,Rhinolophus ferrumequinum,0.021,0.021,-1,Echolocation,/mnt/ubna_data_01_mir/recover-20220825/UBNA_002/20220823_033000.WAV,Telephone Field,recover-20220825,002,1795
114.2005,114.2093,28046,38838,Eptesicus serotinus,0.009,0.024,-1,Echolocation,/mnt/ubna_data_01_mir/recover-20220825/UBNA_002/20220823_033000.WAV,Telephone Field,recover-20220825,002,1795
114.2415,114.25059999999999,27187,39235,Eptesicus serotinus,0.009,0.023,-1,Echolocation,/mnt/ubna_data_01_mir/recover-20220825/UBNA_002/20220823_033000.WAV,Telephone Field,recover-20220825,002,1795
114.2595,114.2662,27187,43063,Eptesicus serotinus,0.006,0.022,-1,Echolocation,/mnt/ubna_data_01_mir/recover-20220825/UBNA_002/20220823_033000.WAV,Telephone Field,recover-20220825,002,1795
114.2885,114.3249,68437,81447,Rhinolophus ferrumequinum,0.023,0.023,-1,Echolocation,/mnt/ubna_data_01_mir/recover-20220825/UBNA_002/20220823_033000.WAV,Telephone Field,recover-20220825,002,1795
114.2955,114.3329,68437,81326,Rhinolophus ferrumequinum,0.022,0.022,-1,Echolocation,/mnt/ubna_data_01_mir/recover-20220825/UBNA_002/20220823_033000.WAV,Telephone Field,recover-20220825,002,1795
114.3085,114.3454,68437,82019,Rhinolophus ferrumequinum,0.029,0.029,-1,Echolocation,/mnt/ubna_data_01_mir/recover-20220825/UBNA_002/20220823_033000.WAV,Telephone Field,recover-20220825,002,1795
114.3315,114.3677,68437,81413,Rhinolophus ferrumequinum,0.021,0.021,-1,Echolocation,/mnt/ubna_data_01_mir/recover-20220825/UBNA_002/20220823_033000.WAV,Telephone Field,recover-20220825,002,1795
114.3475,114.3567,28906,38914,Eptesicus serotinus,0.011,0.027,-1,Echolocation,/mnt/ubna_data_01_mir/recover-20220825/UBNA_002/20220823_033000.WAV,Telephone Field,recover-20220825,002,1795
114.3625,114.39959999999999,68437,82327,Rhinolophus ferrumequinum,0.022,0.022,-1,Echolocation,/mnt/ubna_data_01_mir/recover-20220825/UBNA_002/20220823_033000.WAV,Telephone Field,recover-20220825,002,1795
114.3745,114.4118,68437,81690,Rhinolophus ferrumequinum,0.021,0.021,-1,Echolocation,/mnt/ubna_data_01_mir/recover-20220825/UBNA_002/20220823_033000.WAV,Telephone Field,recover-20220825,002,1795
114.3925,114.4286,68437,81403,Rhinolophus ferrumequinum,0.021,0.021,-1,Echolocation,/mnt/ubna_data_01_mir/recover-20220825/UBNA_002/20220823_033000.WAV,Telephone Field,recover-20220825,002,1795
114.4025,114.4399,68437,81938,Rhinolophus ferrumequinum,0.023,0.023,-1,Echolocation,/mnt/ubna_data_01_mir/recover-20220825/UBNA_002/20220823_033000.WAV,Telephone Field,recover-20220825,002,1795
114.4185,114.4257,27187,38368,Eptesicus serotinus,0.007,0.023,-1,Echolocation,/mnt/ubna_data_01_mir/recover-20220825/UBNA_002/20220823_033000.WAV,Telephone Field,recover-20220825,002,1795
114.4395,114.4455,49531,53692,Pipistrellus pipistrellus,0.021,0.022,-1,Echolocation,/mnt/ubna_data_01_mir/recover-20220825/UBNA_002/20220823_033000.WAV,Telephone Field,recover-20220825,002,1795
114.4405,114.4791,68437,82114,Rhinolophus ferrumequinum,0.023,0.023,-1,Echolocation,/mnt/ubna_data_01_mir/recover-20220825/UBNA_002/20220823_033000.WAV,Telephone Field,recover-20220825,002,1795
114.4455,114.4871,68437,82581,Rhinolophus ferrumequinum,0.022,0.022,-1,Echolocation,/mnt/ubna_data_01_mir/recover-20220825/UBNA_002/20220823_033000.WAV,Telephone Field,recover-20220825,002,1795
114.45349999999999,114.4922,68437,82204,Rhinolophus ferrumequinum,0.022,0.022,-1,Echolocation,/mnt/ubna_data_01_mir/recover-20220825/UBNA_002/20220823_033000.WAV,Telephone Field,recover-20220825,002,1795
114.4885,114.4986,22890,29805,Nyctalus leisleri,0.01,0.029,-1,Echolocation,/mnt/ubna_data_01_mir/recover-20220825/UBNA_002/20220823_033000.WAV,Telephone Field,recover-20220825,002,1795
114.4935,114.5324,68437,82286,Rhinolophus ferrumequinum,0.021,0.021,-1,Echolocation,/mnt/ubna_data_01_mir/recover-20220825/UBNA_002/20220823_033000.WAV,Telephone Field,recover-20220825,002,1795
114.5085,114.5489,68437,82869,Rhinolophus ferrumequinum,0.022,0.022,-1,Echolocation,/mnt/ubna_data_01_mir/recover-20220825/UBNA_002/20220823_033000.WAV,Telephone Field,recover-20220825,002,1795
114.5335,114.54390000000001,23750,31096,Nyctalus leisleri,0.008,0.024,-1,Echolocation,/mnt/ubna_data_01_mir/recover-20220825/UBNA_002/20220823_033000.WAV,Telephone Field,recover-20220825,002,1795
114.5565,114.5974,68437,82566,Rhinolophus ferrumequinum,0.035,0.035,-1,Echolocation,/mnt/ubna_data_01_mir/recover-20220825/UBNA_002/20220823_033000.WAV,Telephone Field,recover-20220825,002,1795
114.5615,114.5745,23750,28264,Nyctalus leisleri,0.014,0.027,-1,Echolocation,/mnt/ubna_data_01_mir/recover-20220825/UBNA_002/20220823_033000.WAV,Telephone Field,recover-20220825,002,1795
114.57849999999999,114.6192,68437,82570,Rhinolophus ferrumequinum,0.022,0.022,-1,Echolocation,/mnt/ubna_data_01_mir/recover-20220825/UBNA_002/20220823_033000.WAV,Telephone Field,recover-20220825,002,1795
114.5855,114.6251,68437,82722,Rhinolophus ferrumequinum,0.024,0.024,-1,Echolocation,/mnt/ubna_data_01_mir/recover-20220825/UBNA_002/20220823_033000.WAV,Telephone Field,recover-20220825,002,1795
114.5885,114.5977,28906,36990,Eptesicus serotinus,0.009,0.023,-1,Echolocation,/mnt/ubna_data_01_mir/recover-20220825/UBNA_002/20220823_033000.WAV,Telephone Field,recover-20220825,002,1795
114.5995,114.6395,68437,82693,Rhinolophus ferrumequinum,0.026,0.026,-1,Echolocation,/mnt/ubna_data_01_mir/recover-20220825/UBNA_002/20220823_033000.WAV,Telephone Field,recover-20220825,002,1795
114.6305,114.6682,68437,82299,Rhinolophus ferrumequinum,0.022,0.022,-1,Echolocation,/mnt/ubna_data_01_mir/recover-20220825/UBNA_002/20220823_033000.WAV,Telephone Field,recover-20220825,002,1795
114.6525,114.6917,68437,82779,Rhinolophus ferrumequinum,0.031,0.031,-1,Echolocation,/mnt/ubna_data_01_mir/recover-20220825/UBNA_002/20220823_033000.WAV,Telephone Field,recover-20220825,002,1795
114.6985,114.70660000000001,25468,33992,Eptesicus serotinus,0.007,0.02,-1,Echolocation,/mnt/ubna_data_01_mir/recover-20220825/UBNA_002/20220823_033000.WAV,Telephone Field,recover-20220825,002,1795
114.7245,114.7651,68437,82656,Rhinolophus ferrumequinum,0.021,0.021,-1,Echolocation,/mnt/ubna_data_01_mir/recover-20220825/UBNA_002/20220823_033000.WAV,Telephone Field,recover-20220825,002,1795
114.7525,114.7926,68437,83103,Rhinolophus ferrumequinum,0.021,0.021,-1,Echolocation,/mnt/ubna_data_01_mir/recover-20220825/UBNA_002/20220823_033000.WAV,Telephone Field,recover-20220825,002,1795
114.7625,114.7704,26328,36097,Eptesicus serotinus,0.009,0.023,-1,Echolocation,/mnt/ubna_data_01_mir/recover-20220825/UBNA_002/20220823_033000.WAV,Telephone Field,recover-20220825,002,1795
114.8085,114.84649999999999,68437,82104,Rhinolophus ferrumequinum,0.023,0.023,-1,Echolocation,/mnt/ubna_data_01_mir/recover-20220825/UBNA_002/20220823_033000.WAV,Telephone Field,recover-20220825,002,1795
114.8095,114.8193,51250,55914,Pipistrellus pipistrellus,0.02,0.026,-1,Echolocation,/mnt/ubna_data_01_mir/recover-20220825/UBNA_002/20220823_033000.WAV,Telephone Field,recover-20220825,002,1795
114.8135,114.82679999999999,22031,27304,Nyctalus leisleri,0.025,0.059,-1,Echolocation,/mnt/ubna_data_01_mir/recover-20220825/UBNA_002/20220823_033000.WAV,Telephone Field,recover-20220825,002,1795
114.82849999999999,114.86840000000001,68437,83005,Rhinolophus ferrumequinum,0.029,0.029,-1,Echolocation,/mnt/ubna_data_01_mir/recover-20220825/UBNA_002/20220823_033000.WAV,Telephone Field,recover-20220825,002,1795
114.84649999999999,114.8637,20312,23878,Nyctalus noctula,0.016,0.034,-1,Echolocation,/mnt/ubna_data_01_mir/recover-20220825/UBNA_002/20220823_033000.WAV,Telephone Field,recover-20220825,002,1795
114.8715,114.9091,68437,81472,Rhinolophus ferrumequinum,0.022,0.022,-1,Echolocation,/mnt/ubna_data_01_mir/recover-20220825/UBNA_002/20220823_033000.WAV,Telephone Field,recover-20220825,002,1795
114.9395,114.9815,68437,82512,Rhinolophus ferrumequinum,0.031,0.031,-1,Echolocation,/mnt/ubna_data_01_mir/recover-20220825/UBNA_002/20220823_033000.WAV,Telephone Field,recover-20220825,002,1795
114.9755,115.0118,68437,81511,Rhinolophus ferrumequinum,0.022,0.022,-1,Echolocation,/mnt/ubna_data_01_mir/recover-20220825/UBNA_002/20220823_033000.WAV,Telephone Field,recover-20220825,002,1795
115.0015,115.0106,41796,52576,Pipistrellus nathusii,0.007,0.027,-1,Echolocation,/mnt/ubna_data_01_mir/recover-20220825/UBNA_002/20220823_033000.WAV,Telephone Field,recover-20220825,002,1795
115.0025,115.0099,27187,41901,Eptesicus serotinus,0.006,0.02,-1,Echolocation,/mnt/ubna_data_01_mir/recover-20220825/UBNA_002/20220823_033000.WAV,Telephone Field,recover-20220825,002,1795
115.0315,115.0411,28906,37043,Eptesicus serotinus,0.012,0.026,-1,Echolocation,/mnt/ubna_data_01_mir/recover-20220825/UBNA_002/20220823_033000.WAV,Telephone Field,recover-20220825,002,1795
115.0435,115.0814,68437,81934,Rhinolophus ferrumequinum,0.02,0.02,-1,Echolocation,/mnt/ubna_data_01_mir/recover-20220825/UBNA_002/20220823_033000.WAV,Telephone Field,recover-20220825,002,1795
115.0665,115.1051,68437,82245,Rhinolophus ferrumequinum,0.022,0.022,-1,Echolocation,/mnt/ubna_data_01_mir/recover-20220825/UBNA_002/20220823_033000.WAV,Telephone Field,recover-20220825,002,1795
115.0685,115.0787,23750,30089,Nyctalus leisleri,0.009,0.022,-1,Echolocation,/mnt/ubna_data_01_mir/recover-20220825/UBNA_002/20220823_033000.WAV,Telephone Field,recover-20220825,002,1795
115.1195,115.1613,68437,82858,Rhinolophus ferrumequinum,0.023,0.023,-1,Echolocation,/mnt/ubna_data_01_mir/recover-20220825/UBNA_002/20220823_033000.WAV,Telephone Field,recover-20220825,002,1795
115.1285,115.13929999999999,22031,26479,Nyctalus leisleri,0.012,0.022,-1,Echolocation,/mnt/ubna_data_01_mir/recover-20220825/UBNA_002/20220823_033000.WAV,Telephone Field,recover-20220825,002,1795
115.1305,115.1698,68437,82584,Rhinolophus ferrumequinum,0.022,0.022,-1,Echolocation,/mnt/ubna_data_01_mir/recover-20220825/UBNA_002/20220823_033000.WAV,Telephone Field,recover-20220825,002,1795
115.1335,115.1504,21171,24453,Nyctalus leisleri,0.015,0.023,-1,Echolocation,/mnt/ubna_data_01_mir/recover-20220825/UBNA_002/20220823_033000.WAV,Telephone Field,recover-20220825,002,1795
115.1555,115.1923,68437,81974,Rhinolophus ferrumequinum,0.02,0.02,-1,Echolocation,/mnt/ubna_data_01_mir/recover-20220825/UBNA_002/20220823_033000.WAV,Telephone Field,recover-20220825,002,1795
115.22149999999999,115.23089999999999,30625,39247,Eptesicus serotinus,0.007,0.024,-1,Echolocation,/mnt/ubna_data_01_mir/recover-20220825/UBNA_002/20220823_033000.WAV,Telephone Field,recover-20220825,002,1795
115.2435,115.2809,68437,81820,Rhinolophus ferrumequinum,0.026,0.026,-1,Echolocation,/mnt/ubna_data_01_mir/recover-20220825/UBNA_002/20220823_033000.WAV,Telephone Field,recover-20220825,002,1795
115.2825,115.2935,28906,34966,Eptesicus serotinus,0.016,0.031,-1,Echolocation,/mnt/ubna_data_01_mir/recover-20220825/UBNA_002/20220823_033000.WAV,Telephone Field,recover-20220825,002,1795
115.3215,115.3557,68437,81393,Rhinolophus ferrumequinum,0.023,0.023,-1,Echolocation,/mnt/ubna_data_01_mir/recover-20220825/UBNA_002/20220823_033000.WAV,Telephone Field,recover-20220825,002,1795
115.3515,115.3907,68437,81966,Rhinolophus ferrumequinum,0.024,0.024,-1,Echolocation,/mnt/ubna_data_01_mir/recover-20220825/UBNA_002/20220823_033000.WAV,Telephone Field,recover-20220825,002,1795
115.3545,115.362,27187,41177,Eptesicus serotinus,0.006,0.02,-1,Echolocation,/mnt/ubna_data_01_mir/recover-20220825/UBNA_002/20220823_033000.WAV,Telephone Field,recover-20220825,002,1795
115.4105,115.45060000000001,68437,82062,Rhinolophus ferrumequinum,0.022,0.022,-1,Echolocation,/mnt/ubna_data_01_mir/recover-20220825/UBNA_002/20220823_033000.WAV,Telephone Field,recover-20220825,002,1795
115.4335,115.4714,68437,81432,Rhinolophus ferrumequinum,0.026,0.026,-1,Echolocation,/mnt/ubna_data_01_mir/recover-20220825/UBNA_002/20220823_033000.WAV,Telephone Field,recover-20220825,002,1795
115.4395,115.4466,28046,41108,Eptesicus serotinus,0.011,0.037,-1,Echolocation,/mnt/ubna_data_01_mir/recover-20220825/UBNA_002/20220823_033000.WAV,Telephone Field,recover-20220825,002,1795
115.45349999999999,115.4627,51250,55632,Pipistrellus pipistrellus,0.019,0.023,-1,Echolocation,/mnt/ubna_data_01_mir/recover-20220825/UBNA_002/20220823_033000.WAV,Telephone Field,recover-20220825,002,1795
115.45349999999999,115.4887,68437,81034,Rhinolophus ferrumequinum,0.02,0.02,-1,Echolocation,/mnt/ubna_data_01_mir/recover-20220825/UBNA_002/20220823_033000.WAV,Telephone Field,recover-20220825,002,1795
115.4815,115.4889,28046,39521,Eptesicus serotinus,0.006,0.02,-1,Echolocation,/mnt/ubna_data_01_mir/recover-20220825/UBNA_002/20220823_033000.WAV,Telephone Field,recover-20220825,002,1795
115.48349999999999,115.5161,68437,80725,Rhinolophus ferrumequinum,0.02,0.021,-1,Echolocation,/mnt/ubna_data_01_mir/recover-20220825/UBNA_002/20220823_033000.WAV,Telephone Field,recover-20220825,002,1795
115.4905,115.5281,68437,81527,Rhinolophus ferrumequinum,0.02,0.02,-1,Echolocation,/mnt/ubna_data_01_mir/recover-20220825/UBNA_002/20220823_033000.WAV,Telephone Field,recover-20220825,002,1795
115.5255,115.5637,68437,82201,Rhinolophus ferrumequinum,0.021,0.021,-1,Echolocation,/mnt/ubna_data_01_mir/recover-20220825/UBNA_002/20220823_033000.WAV,Telephone Field,recover-20220825,002,1795
115.5315,115.5416,22031,26543,Nyctalus leisleri,0.01,0.02,-1,Echolocation,/mnt/ubna_data_01_mir/recover-20220825/UBNA_002/20220823_033000.WAV,Telephone Field,recover-20220825,002,1795
115.5625,115.56909999999999,27187,39693,Eptesicus serotinus,0.006,0.024,-1,Echolocation,/mnt/ubna_data_01_mir/recover-20220825/UBNA_002/20220823_033000.WAV,Telephone Field,recover-20220825,002,1795
115.5765,115.5858,24609,31865,Eptesicus serotinus,0.007,0.021,-1,Echolocation,/mnt/ubna_data_01_mir/recover-20220825/UBNA_002/20220823_033000.WAV,Telephone Field,recover-20220825,002,1795
115.5775,115.586,58125,64202,Pipistrellus pygmaeus,0.021,0.022,-1,Echolocation,/mnt/ubna_data_01_mir/recover-20220825/UBNA_002/20220823_033000.WAV,Telephone Field,recover-20220825,002,1795
115.5775,115.6161,68437,82019,Rhinolophus ferrumequinum,0.021,0.021,-1,Echolocation,/mnt/ubna_data_01_mir/recover-20220825/UBNA_002/20220823_033000.WAV,Telephone Field,recover-20220825,002,1795
115.5915,115.6301,68437,81815,Rhinolophus ferrumequinum,0.021,0.021,-1,Echolocation,/mnt/ubna_data_01_mir/recover-20220825/UBNA_002/20220823_033000.WAV,Telephone Field,recover-20220825,002,1795
115.6075,115.648,68437,83091,Rhinolophus ferrumequinum,0.026,0.026,-1,Echolocation,/mnt/ubna_data_01_mir/recover-20220825/UBNA_002/20220823_033000.WAV,Telephone Field,recover-20220825,002,1795
115.6395,115.6467,28046,37999,Eptesicus serotinus,0.007,0.025,-1,Echolocation,/mnt/ubna_data_01_mir/recover-20220825/UBNA_002/20220823_033000.WAV,Telephone Field,recover-20220825,002,1795
115.6815,115.7188,68437,82334,Rhinolophus ferrumequinum,0.022,0.022,-1,Echolocation,/mnt/ubna_data_01_mir/recover-20220825/UBNA_002/20220823_033000.WAV,Telephone Field,recover-20220825,002,1795
115.6835,115.6916,27187,37684,Eptesicus serotinus,0.007,0.02,-1,Echolocation,/mnt/ubna_data_01_mir/recover-20220825/UBNA_002/20220823_033000.WAV,Telephone Field,recover-20220825,002,1795
115.7325,115.7718,68437,82098,Rhinolophus ferrumequinum,0.026,0.026,-1,Echolocation,/mnt/ubna_data_01_mir/recover-20220825/UBNA_002/20220823_033000.WAV,Telephone Field,recover-20220825,002,1795
115.74549999999999,115.7804,68437,80904,Rhinolophus ferrumequinum,0.029,0.029,-1,Echolocation,/mnt/ubna_data_01_mir/recover-20220825/UBNA_002/20220823_033000.WAV,Telephone Field,recover-20220825,002,1795
115.7485,115.7576,25468,33805,Eptesicus serotinus,0.007,0.022,-1,Echolocation,/mnt/ubna_data_01_mir/recover-20220825/UBNA_002/20220823_033000.WAV,Telephone Field,recover-20220825,002,1795
115.7575,115.7684,25468,32203,Eptesicus serotinus,0.008,0.022,-1,Echolocation,/mnt/ubna_data_01_mir/recover-20220825/UBNA_002/20220823_033000.WAV,Telephone Field,recover-20220825,002,1795
115.7855,115.8246,68437,81749,Rhinolophus ferrumequinum,0.021,0.021,-1,Echolocation,/mnt/ubna_data_01_mir/recover-20220825/UBNA_002/20220823_033000.WAV,Telephone Field,recover-20220825,002,1795
115.7875,115.7941,28046,42640,Eptesicus serotinus,0.005,0.02,-1,Echolocation,/mnt/ubna_data_01_mir/recover-20220825/UBNA_002/20220823_033000.WAV,Telephone Field,recover-20220825,002,1795
115.8045,115.8424,68437,82539,Rhinolophus ferrumequinum,0.02,0.02,-1,Echolocation,/mnt/ubna_data_01_mir/recover-20220825/UBNA_002/20220823_033000.WAV,Telephone Field,recover-20220825,002,1795
115.8185,115.828,44375,48007,Pipistrellus pipistrellus,0.02,0.023,-1,Echolocation,/mnt/ubna_data_01_mir/recover-20220825/UBNA_002/20220823_033000.WAV,Telephone Field,recover-20220825,002,1795
115.8365,115.8733,68437,81190,Rhinolophus ferrumequinum,0.021,0.021,-1,Echolocation,/mnt/ubna_data_01_mir/recover-20220825/UBNA_002/20220823_033000.WAV,Telephone Field,recover-20220825,002,1795
115.98349999999999,115.9924,26328,36687,Eptesicus serotinus,0.008,0.022,-1,Echolocation,/mnt/ubna_data_01_mir/recover-20220825/UBNA_002/20220823_033000.WAV,Telephone Field,recover-20220825,002,1795
116.0015,116.03229999999999,69296,82261,Rhinolophus ferrumequinum,0.025,0.025,-1,Echolocation,/mnt/ubna_data_01_mir/recover-20220825/UBNA_002/20220823_033000.WAV,Telephone Field,recover-20220825,002,1795
116.0015,116.0103,22031,27681,Nyctalus leisleri,0.009,0.022,-1,Echolocation,/mnt/ubna_data_01_mir/recover-20220825/UBNA_002/20220823_033000.WAV,Telephone Field,recover-20220825,002,1795
116.0015,116.0093,27187,38083,Eptesicus serotinus,0.006,0.023,-1,Echolocation,/mnt/ubna_data_01_mir/recover-20220825/UBNA_002/20220823_033000.WAV,Telephone Field,recover-20220825,002,1795
116.0145,116.0219,38359,47107,Myotis daubentonii,0.006,0.021,-1,Echolocation,/mnt/ubna_data_01_mir/recover-20220825/UBNA_002/20220823_033000.WAV,Telephone Field,recover-20220825,002,1795
116.0375,116.0772,68437,82533,Rhinolophus ferrumequinum,0.025,0.025,-1,Echolocation,/mnt/ubna_data_01_mir/recover-20220825/UBNA_002/20220823_033000.WAV,Telephone Field,recover-20220825,002,1795
116.0565,116.0633,24609,33426,Plecotus austriacus,0.009,0.024,-1,Echolocation,/mnt/ubna_data_01_mir/recover-20220825/UBNA_002/20220823_033000.WAV,Telephone Field,recover-20220825,002,1795
116.0705,116.1099,68437,81967,Rhinolophus ferrumequinum,0.022,0.022,-1,Echolocation,/mnt/ubna_data_01_mir/recover-20220825/UBNA_002/20220823_033000.WAV,Telephone Field,recover-20220825,002,1795
116.0735,116.0826,23750,31175,Nyctalus leisleri,0.006,0.021,-1,Echolocation,/mnt/ubna_data_01_mir/recover-20220825/UBNA_002/20220823_033000.WAV,Telephone Field,recover-20220825,002,1795
116.0935,116.0999,28046,40627,Eptesicus serotinus,0.007,0.028,-1,Echolocation,/mnt/ubna_data_01_mir/recover-20220825/UBNA_002/20220823_033000.WAV,Telephone Field,recover-20220825,002,1795
116.10849999999999,116.1439,68437,81448,Rhinolophus ferrumequinum,0.021,0.021,-1,Echolocation,/mnt/ubna_data_01_mir/recover-20220825/UBNA_002/20220823_033000.WAV,Telephone Field,recover-20220825,002,1795
116.1315,116.1653,68437,80938,Rhinolophus ferrumequinum,0.021,0.021,-1,Echolocation,/mnt/ubna_data_01_mir/recover-20220825/UBNA_002/20220823_033000.WAV,Telephone Field,recover-20220825,002,1795
116.1315,116.13929999999999,46093,56382,Pipistrellus pipistrellus,0.019,0.031,-1,Echolocation,/mnt/ubna_data_01_mir/recover-20220825/UBNA_002/20220823_033000.WAV,Telephone Field,recover-20220825,002,1795
116.1405,116.149,27187,38588,Eptesicus serotinus,0.008,0.021,-1,Echolocation,/mnt/ubna_data_01_mir/recover-20220825/UBNA_002/20220823_033000.WAV,Telephone Field,recover-20220825,002,1795
116.1465,116.1805,68437,80921,Rhinolophus ferrumequinum,0.021,0.021,-1,Echolocation,/mnt/ubna_data_01_mir/recover-20220825/UBNA_002/20220823_033000.WAV,Telephone Field,recover-20220825,002,1795
116.15350000000001,116.19239999999999,68437,81911,Rhinolophus ferrumequinum,0.022,0.022,-1,Echolocation,/mnt/ubna_data_01_mir/recover-20220825/UBNA_002/20220823_033000.WAV,Telephone Field,recover-20220825,002,1795
116.1625,116.1696,26328,38024,Eptesicus serotinus,0.005,0.021,-1,Echolocation,/mnt/ubna_data_01_mir/recover-20220825/UBNA_002/20220823_033000.WAV,Telephone Field,recover-20220825,002,1795
116.1975,116.2356,68437,81691,Rhinolophus ferrumequinum,0.021,0.021,-1,Echolocation,/mnt/ubna_data_01_mir/recover-20220825/UBNA_002/20220823_033000.WAV,Telephone Field,recover-20220825,002,1795
116.2065,116.215,28046,37623,Eptesicus serotinus,0.008,0.024,-1,Echolocation,/mnt/ubna_data_01_mir/recover-20220825/UBNA_002/20220823_033000.WAV,Telephone Field,recover-20220825,002,1795
116.2435,116.2804,68437,81776,Rhinolophus ferrumequinum,0.023,0.023,-1,Echolocation,/mnt/ubna_data_01_mir/recover-20220825/UBNA_002/20220823_033000.WAV,Telephone Field,recover-20220825,002,1795
116.24549999999999,116.2531,27187,39432,Eptesicus serotinus,0.006,0.021,-1,Echolocation,/mnt/ubna_data_01_mir/recover-20220825/UBNA_002/20220823_033000.WAV,Telephone Field,recover-20220825,002,1795
116.2645,116.2773,22890,27678,Nyctalus leisleri,0.011,0.021,-1,Echolocation,/mnt/ubna_data_01_mir/recover-20220825/UBNA_002/20220823_033000.WAV,Telephone Field,recover-20220825,002,1795
116.3035,116.3389,68437,81547,Rhinolophus ferrumequinum,0.024,0.024,-1,Echolocation,/mnt/ubna_data_01_mir/recover-20220825/UBNA_002/20220823_033000.WAV,Telephone Field,recover-20220825,002,1795
116.3155,116.3262,24609,31372,Nyctalus leisleri,0.01,0.026,-1,Echolocation,/mnt/ubna_data_01_mir/recover-20220825/UBNA_002/20220823_033000.WAV,Telephone Field,recover-20220825,002,1795
116.3265,116.3376,28046,34225,Eptesicus serotinus,0.017,0.034,-1,Echolocation,/mnt/ubna_data_01_mir/recover-20220825/UBNA_002/20220823_033000.WAV,Telephone Field,recover-20220825,002,1795
116.3455,116.3836,68437,82229,Rhinolophus ferrumequinum,0.021,0.022,-1,Echolocation,/mnt/ubna_data_01_mir/recover-20220825/UBNA_002/20220823_033000.WAV,Telephone Field,recover-20220825,002,1795
116.3805,116.4183,68437,82337,Rhinolophus ferrumequinum,0.023,0.023,-1,Echolocation,/mnt/ubna_data_01_mir/recover-20220825/UBNA_002/20220823_033000.WAV,Telephone Field,recover-20220825,002,1795
116.3945,116.4016,28046,40143,Eptesicus serotinus,0.007,0.025,-1,Echolocation,/mnt/ubna_data_01_mir/recover-20220825/UBNA_002/20220823_033000.WAV,Telephone Field,recover-20220825,002,1795
116.4065,116.4453,68437,82410,Rhinolophus ferrumequinum,0.021,0.021,-1,Echolocation,/mnt/ubna_data_01_mir/recover-20220825/UBNA_002/20220823_033000.WAV,Telephone Field,recover-20220825,002,1795
116.4365,116.44630000000001,23750,30293,Nyctalus leisleri,0.007,0.021,-1,Echolocation,/mnt/ubna_data_01_mir/recover-20220825/UBNA_002/20220823_033000.WAV,Telephone Field,recover-20220825,002,1795
116.4645,116.473,26328,37363,Eptesicus serotinus,0.008,0.022,-1,Echolocation,/mnt/ubna_data_01_mir/recover-20220825/UBNA_002/20220823_033000.WAV,Telephone Field,recover-20220825,002,1795
116.5155,116.5544,68437,82148,Rhinolophus ferrumequinum,0.025,0.025,-1,Echolocation,/mnt/ubna_data_01_mir/recover-20220825/UBNA_002/20220823_033000.WAV,Telephone Field,recover-20220825,002,1795
116.5365,116.5454,28046,38679,Eptesicus serotinus,0.008,0.021,-1,Echolocation,/mnt/ubna_data_01_mir/recover-20220825/UBNA_002/20220823_033000.WAV,Telephone Field,recover-20220825,002,1795
116.5725,116.6117,68437,82256,Rhinolophus ferrumequinum,0.032,0.032,-1,Echolocation,/mnt/ubna_data_01_mir/recover-20220825/UBNA_002/20220823_033000.WAV,Telephone Field,recover-20220825,002,1795
116.6015,116.6405,68437,82443,Rhinolophus ferrumequinum,0.022,0.022,-1,Echolocation,/mnt/ubna_data_01_mir/recover-20220825/UBNA_002/20220823_033000.WAV,Telephone Field,recover-20220825,002,1795
116.60249999999999,116.6134,28906,37336,Eptesicus serotinus,0.017,0.033,-1,Echolocation,/mnt/ubna_data_01_mir/recover-20220825/UBNA_002/20220823_033000.WAV,Telephone Field,recover-20220825,002,1795
116.6385,116.6493,22890,28543,Nyctalus leisleri,0.012,0.028,-1,Echolocation,/mnt/ubna_data_01_mir/recover-20220825/UBNA_002/20220823_033000.WAV,Telephone Field,recover-20220825,002,1795
116.64750000000001,116.6842,68437,80597,Rhinolophus ferrumequinum,0.022,0.022,-1,Echolocation,/mnt/ubna_data_01_mir/recover-20220825/UBNA_002/20220823_033000.WAV,Telephone Field,recover-20220825,002,1795
116.6635,116.6708,28906,39018,Eptesicus serotinus,0.006,0.021,-1,Echolocation,/mnt/ubna_data_01_mir/recover-20220825/UBNA_002/20220823_033000.WAV,Telephone Field,recover-20220825,002,1795
116.6905,116.69800000000001,28046,37976,Eptesicus serotinus,0.007,0.022,-1,Echolocation,/mnt/ubna_data_01_mir/recover-20220825/UBNA_002/20220823_033000.WAV,Telephone Field,recover-20220825,002,1795
116.7025,116.7409,68437,82344,Rhinolophus ferrumequinum,0.024,0.024,-1,Echolocation,/mnt/ubna_data_01_mir/recover-20220825/UBNA_002/20220823_033000.WAV,Telephone Field,recover-20220825,002,1795
116.7505,116.7595,25468,33686,Eptesicus serotinus,0.011,0.025,-1,Echolocation,/mnt/ubna_data_01_mir/recover-20220825/UBNA_002/20220823_033000.WAV,Telephone Field,recover-20220825,002,1795
116.8065,116.8412,68437,81105,Rhinolophus ferrumequinum,0.022,0.023,-1,Echolocation,/mnt/ubna_data_01_mir/recover-20220825/UBNA_002/20220823_033000.WAV,Telephone Field,recover-20220825,002,1795
116.8195,116.8291,24609,33340,Nyctalus leisleri,0.006,0.022,-1,Echolocation,/mnt/ubna_data_01_mir/recover-20220825/UBNA_002/20220823_033000.WAV,Telephone Field,recover-20220825,002,1795
116.84649999999999,116.8583,22890,27543,Nyctalus leisleri,0.017,0.03,-1,Echolocation,/mnt/ubna_data_01_mir/recover-20220825/UBNA_002/20220823_033000.WAV,Telephone Field,recover-20220825,002,1795
116.8695,116.9089,68437,82389,Rhinolophus ferrumequinum,0.025,0.025,-1,Echolocation,/mnt/ubna_data_01_mir/recover-20220825/UBNA_002/20220823_033000.WAV,Telephone Field,recover-20220825,002,1795
116.8815,116.9214,68437,82374,Rhinolophus ferrumequinum,0.021,0.021,-1,Echolocation,/mnt/ubna_data_01_mir/recover-20220825/UBNA_002/20220823_033000.WAV,Telephone Field,recover-20220825,002,1795
116.8845,116.8918,23750,32416,Plecotus austriacus,0.011,0.024,-1,Echolocation,/mnt/ubna_data_01_mir/recover-20220825/UBNA_002/20220823_033000.WAV,Telephone Field,recover-20220825,002,1795
116.9115,116.9496,68437,81652,Rhinolophus ferrumequinum,0.022,0.022,-1,Echolocation,/mnt/ubna_data_01_mir/recover-20220825/UBNA_002/20220823_033000.WAV,Telephone Field,recover-20220825,002,1795
116.9175,116.9554,68437,81879,Rhinolophus ferrumequinum,0.022,0.022,-1,Echolocation,/mnt/ubna_data_01_mir/recover-20220825/UBNA_002/20220823_033000.WAV,Telephone Field,recover-20220825,002,1795
116.9645,117.0039,68437,81844,Rhinolophus ferrumequinum,0.022,0.022,-1,Echolocation,/mnt/ubna_data_01_mir/recover-20220825/UBNA_002/20220823_033000.WAV,Telephone Field,recover-20220825,002,1795
117.0035,117.0121,28046,40452,Eptesicus serotinus,0.007,0.022,-1,Echolocation,/mnt/ubna_data_01_mir/recover-20220825/UBNA_002/20220823_033000.WAV,Telephone Field,recover-20220825,002,1795
117.0275,117.0688,68437,82348,Rhinolophus ferrumequinum,0.036,0.036,-1,Echolocation,/mnt/ubna_data_01_mir/recover-20220825/UBNA_002/20220823_033000.WAV,Telephone Field,recover-20220825,002,1795
117.0295,117.0359,32343,49226,Myotis daubentonii,0.01,0.021,-1,Echolocation,/mnt/ubna_data_01_mir/recover-20220825/UBNA_002/20220823_033000.WAV,Telephone Field,recover-20220825,002,1795
117.0525,117.09100000000001,68437,82252,Rhinolophus ferrumequinum,0.021,0.021,-1,Echolocation,/mnt/ubna_data_01_mir/recover-20220825/UBNA_002/20220823_033000.WAV,Telephone Field,recover-20220825,002,1795
117.0615,117.0677,28046,42303,Myotis daubentonii,0.008,0.029,-1,Echolocation,/mnt/ubna_data_01_mir/recover-20220825/UBNA_002/20220823_033000.WAV,Telephone Field,recover-20220825,002,1795
117.0775,117.0853,28906,37687,Eptesicus serotinus,0.008,0.025,-1,Echolocation,/mnt/ubna_data_01_mir/recover-20220825/UBNA_002/20220823_033000.WAV,Telephone Field,recover-20220825,002,1795
117.1045,117.14320000000001,68437,82563,Rhinolophus ferrumequinum,0.022,0.022,-1,Echolocation,/mnt/ubna_data_01_mir/recover-20220825/UBNA_002/20220823_033000.WAV,Telephone Field,recover-20220825,002,1795
117.1175,117.1263,46093,50323,Pipistrellus pipistrellus,0.021,0.023,-1,Echolocation,/mnt/ubna_data_01_mir/recover-20220825/UBNA_002/20220823_033000.WAV,Telephone Field,recover-20220825,002,1795
117.1435,117.1514,23750,31383,Plecotus austriacus,0.009,0.024,-1,Echolocation,/mnt/ubna_data_01_mir/recover-20220825/UBNA_002/20220823_033000.WAV,Telephone Field,recover-20220825,002,1795
117.1695,117.2079,68437,81912,Rhinolophus ferrumequinum,0.022,0.022,-1,Echolocation,/mnt/ubna_data_01_mir/recover-20220825/UBNA_002/20220823_033000.WAV,Telephone Field,recover-20220825,002,1795
117.1835,117.1959,14296,19415,Nyctalus noctula,0.015,0.024,-1,Echolocation,/mnt/ubna_data_01_mir/recover-20220825/UBNA_002/20220823_033000.WAV,Telephone Field,recover-20220825,002,1795
117.2235,117.26480000000001,68437,82409,Rhinolophus ferrumequinum,0.033,0.033,-1,Echolocation,/mnt/ubna_data_01_mir/recover-20220825/UBNA_002/20220823_033000.WAV,Telephone Field,recover-20220825,002,1795
117.2595,117.2931,68437,81126,Rhinolophus ferrumequinum,0.022,0.022,-1,Echolocation,/mnt/ubna_data_01_mir/recover-20220825/UBNA_002/20220823_033000.WAV,Telephone Field,recover-20220825,002,1795
117.27850000000001,117.31909999999999,68437,82402,Rhinolophus ferrumequinum,0.021,0.021,-1,Echolocation,/mnt/ubna_data_01_mir/recover-20220825/UBNA_002/20220823_033000.WAV,Telephone Field,recover-20220825,002,1795
117.27850000000001,117.2892,22890,28577,Nyctalus leisleri,0.009,0.021,-1,Echolocation,/mnt/ubna_data_01_mir/recover-20220825/UBNA_002/20220823_033000.WAV,Telephone Field,recover-20220825,002,1795
117.3005,117.3356,68437,81917,Rhinolophus ferrumequinum,0.022,0.022,-1,Echolocation,/mnt/ubna_data_01_mir/recover-20220825/UBNA_002/20220823_033000.WAV,Telephone Field,recover-20220825,002,1795
117.32849999999999,117.3681,68437,82300,Rhinolophus ferrumequinum,0.021,0.021,-1,Echolocation,/mnt/ubna_data_01_mir/recover-20220825/UBNA_002/20220823_033000.WAV,Telephone Field,recover-20220825,002,1795
117.3545,117.395,68437,82760,Rhinolophus ferrumequinum,0.023,0.023,-1,Echolocation,/mnt/ubna_data_01_mir/recover-20220825/UBNA_002/20220823_033000.WAV,Telephone Field,recover-20220825,002,1795
117.3765,117.4122,68437,81819,Rhinolophus ferrumequinum,0.021,0.021,-1,Echolocation,/mnt/ubna_data_01_mir/recover-20220825/UBNA_002/20220823_033000.WAV,Telephone Field,recover-20220825,002,1795
117.37950000000001,117.3868,28046,44563,Eptesicus serotinus,0.007,0.022,-1,Echolocation,/mnt/ubna_data_01_mir/recover-20220825/UBNA_002/20220823_033000.WAV,Telephone Field,recover-20220825,002,1795
117.3955,117.4342,68437,81771,Rhinolophus ferrumequinum,0.02,0.021,-1,Echolocation,/mnt/ubna_data_01_mir/recover-20220825/UBNA_002/20220823_033000.WAV,Telephone Field,recover-20220825,002,1795
117.4145,117.42439999999999,23750,29140,Nyctalus leisleri,0.01,0.021,-1,Echolocation,/mnt/ubna_data_01_mir/recover-20220825/UBNA_002/20220823_033000.WAV,Telephone Field,recover-20220825,002,1795
117.4545,117.4969,68437,83338,Rhinolophus ferrumequinum,0.031,0.031,-1,Echolocation,/mnt/ubna_data_01_mir/recover-20220825/UBNA_002/20220823_033000.WAV,Telephone Field,recover-20220825,002,1795
117.4635,117.4712,26328,34407,Eptesicus serotinus,0.012,0.03,-1,Echolocation,/mnt/ubna_data_01_mir/recover-20220825/UBNA_002/20220823_033000.WAV,Telephone Field,recover-20220825,002,1795
117.4885,117.527,68437,81936,Rhinolophus ferrumequinum,0.024,0.024,-1,Echolocation,/mnt/ubna_data_01_mir/recover-20220825/UBNA_002/20220823_033000.WAV,Telephone Field,recover-20220825,002,1795
117.4945,117.5016,28046,38666,Eptesicus serotinus,0.007,0.024,-1,Echolocation,/mnt/ubna_data_01_mir/recover-20220825/UBNA_002/20220823_033000.WAV,Telephone Field,recover-20220825,002,1795
117.5195,117.5618,68437,82862,Rhinolophus ferrumequinum,0.026,0.026,-1,Echolocation,/mnt/ubna_data_01_mir/recover-20220825/UBNA_002/20220823_033000.WAV,Telephone Field,recover-20220825,002,1795
117.5355,117.5441,22890,30566,Plecotus austriacus,0.009,0.024,-1,Echolocation,/mnt/ubna_data_01_mir/recover-20220825/UBNA_002/20220823_033000.WAV,Telephone Field,recover-20220825,002,1795
117.5795,117.5915,30625,37801,Eptesicus serotinus,0.024,0.044,-1,Echolocation,/mnt/ubna_data_01_mir/recover-20220825/UBNA_002/20220823_033000.WAV,Telephone Field,recover-20220825,002,1795
117.5915,117.6291,68437,82098,Rhinolophus ferrumequinum,0.021,0.021,-1,Echolocation,/mnt/ubna_data_01_mir/recover-20220825/UBNA_002/20220823_033000.WAV,Telephone Field,recover-20220825,002,1795
117.6325,117.6725,68437,82135,Rhinolophus ferrumequinum,0.024,0.024,-1,Echolocation,/mnt/ubna_data_01_mir/recover-20220825/UBNA_002/20220823_033000.WAV,Telephone Field,recover-20220825,002,1795
117.64150000000001,117.6779,68437,81323,Rhinolophus ferrumequinum,0.021,0.021,-1,Echolocation,/mnt/ubna_data_01_mir/recover-20220825/UBNA_002/20220823_033000.WAV,Telephone Field,recover-20220825,002,1795
117.6445,117.65299999999999,25468,34124,Eptesicus serotinus,0.008,0.022,-1,Echolocation,/mnt/ubna_data_01_mir/recover-20220825/UBNA_002/20220823_033000.WAV,Telephone Field,recover-20220825,002,1795
117.6615,117.699,68437,81672,Rhinolophus ferrumequinum,0.021,0.021,-1,Echolocation,/mnt/ubna_data_01_mir/recover-20220825/UBNA_002/20220823_033000.WAV,Telephone Field,recover-20220825,002,1795
117.6645,117.6728,26328,38309,Eptesicus serotinus,0.008,0.023,-1,Echolocation,/mnt/ubna_data_01_mir/recover-20220825/UBNA_002/20220823_033000.WAV,Telephone Field,recover-20220825,002,1795
117.6815,117.7209,68437,82341,Rhinolophus ferrumequinum,0.023,0.023,-1,Echolocation,/mnt/ubna_data_01_mir/recover-20220825/UBNA_002/20220823_033000.WAV,Telephone Field,recover-20220825,002,1795
117.7055,117.71549999999999,28046,35729,Eptesicus serotinus,0.01,0.022,-1,Echolocation,/mnt/ubna_data_01_mir/recover-20220825/UBNA_002/20220823_033000.WAV,Telephone Field,recover-20220825,002,1795
117.7085,117.7491,68437,83076,Rhinolophus ferrumequinum,0.024,0.024,-1,Echolocation,/mnt/ubna_data_01_mir/recover-20220825/UBNA_002/20220823_033000.WAV,Telephone Field,recover-20220825,002,1795
117.7655,117.8086,68437,83050,Rhinolophus ferrumequinum,0.024,0.024,-1,Echolocation,/mnt/ubna_data_01_mir/recover-20220825/UBNA_002/20220823_033000.WAV,Telephone Field,recover-20220825,002,1795
117.7675,117.7754,52109,56654,Pipistrellus pipistrellus,0.03,0.036,-1,Echolocation,/mnt/ubna_data_01_mir/recover-20220825/UBNA_002/20220823_033000.WAV,Telephone Field,recover-20220825,002,1795
117.7855,117.8232,68437,81496,Rhinolophus ferrumequinum,0.021,0.021,-1,Echolocation,/mnt/ubna_data_01_mir/recover-20220825/UBNA_002/20220823_033000.WAV,Telephone Field,recover-20220825,002,1795
117.7925,117.7995,27187,42701,Eptesicus serotinus,0.006,0.021,-1,Echolocation,/mnt/ubna_data_01_mir/recover-20220825/UBNA_002/20220823_033000.WAV,Telephone Field,recover-20220825,002,1795
117.8065,117.8466,68437,82210,Rhinolophus ferrumequinum,0.027,0.027,-1,Echolocation,/mnt/ubna_data_01_mir/recover-20220825/UBNA_002/20220823_033000.WAV,Telephone Field,recover-20220825,002,1795
117.8205,117.86,68437,82819,Rhinolophus ferrumequinum,0.025,0.025,-1,Echolocation,/mnt/ubna_data_01_mir/recover-20220825/UBNA_002/20220823_033000.WAV,Telephone Field,recover-20220825,002,1795
117.8215,117.8282,27187,41565,Eptesicus serotinus,0.007,0.025,-1,Echolocation,/mnt/ubna_data_01_mir/recover-20220825/UBNA_002/20220823_033000.WAV,Telephone Field,recover-20220825,002,1795
117.8485,117.8884,68437,82093,Rhinolophus ferrumequinum,0.022,0.022,-1,Echolocation,/mnt/ubna_data_01_mir/recover-20220825/UBNA_002/20220823_033000.WAV,Telephone Field,recover-20220825,002,1795
117.8685,117.8759,45234,53659,Pipistrellus pipistrellus,0.016,0.021,-1,Echolocation,/mnt/ubna_data_01_mir/recover-20220825/UBNA_002/20220823_033000.WAV,Telephone Field,recover-20220825,002,1795
117.87049999999999,117.90950000000001,68437,82539,Rhinolophus ferrumequinum,0.022,0.022,-1,Echolocation,/mnt/ubna_data_01_mir/recover-20220825/UBNA_002/20220823_033000.WAV,Telephone Field,recover-20220825,002,1795
117.9015,117.90899999999999,24609,34044,Plecotus austriacus,0.006,0.024,-1,Echolocation,/mnt/ubna_data_01_mir/recover-20220825/UBNA_002/20220823_033000.WAV,Telephone Field,recover-20220825,002,1795
117.9065,117.9433,68437,81866,Rhinolophus ferrumequinum,0.021,0.021,-1,Echolocation,/mnt/ubna_data_01_mir/recover-20220825/UBNA_002/20220823_033000.WAV,Telephone Field,recover-20220825,002,1795
117.9265,117.9422,21171,24454,Nyctalus leisleri,0.013,0.021,-1,Echolocation,/mnt/ubna_data_01_mir/recover-20220825/UBNA_002/20220823_033000.WAV,Telephone Field,recover-20220825,002,1795
117.9315,117.9675,68437,81602,Rhinolophus ferrumequinum,0.022,0.022,-1,Echolocation,/mnt/ubna_data_01_mir/recover-20220825/UBNA_002/20220823_033000.WAV,Telephone Field,recover-20220825,002,1795
117.9745,117.98179999999999,28906,37499,Eptesicus serotinus,0.008,0.026,-1,Echolocation,/mnt/ubna_data_01_mir/recover-20220825/UBNA_002/20220823_033000.WAV,Telephone Field,recover-20220825,002,1795
118.0015,118.0332,69296,81261,Rhinolophus ferrumequinum,0.029,0.029,-1,Echolocation,/mnt/ubna_data_01_mir/recover-20220825/UBNA_002/20220823_033000.WAV,Telephone Field,recover-20220825,002,1795
118.0015,118.0103,47812,53743,Pipistrellus pipistrellus,0.016,0.022,-1,Echolocation,/mnt/ubna_data_01_mir/recover-20220825/UBNA_002/20220823_033000.WAV,Telephone Field,recover-20220825,002,1795
118.0015,118.0104,24609,35849,Nyctalus leisleri,0.007,0.026,-1,Echolocation,/mnt/ubna_data_01_mir/recover-20220825/UBNA_002/20220823_033000.WAV,Telephone Field,recover-20220825,002,1795
118.0035,118.0132,40937,45754,Pipistrellus nathusii,0.016,0.029,-1,Echolocation,/mnt/ubna_data_01_mir/recover-20220825/UBNA_002/20220823_033000.WAV,Telephone Field,recover-20220825,002,1795
118.0075,118.049,68437,81957,Rhinolophus ferrumequinum,0.022,0.022,-1,Echolocation,/mnt/ubna_data_01_mir/recover-20220825/UBNA_002/20220823_033000.WAV,Telephone Field,recover-20220825,002,1795
118.0335,118.0738,68437,82823,Rhinolophus ferrumequinum,0.027,0.027,-1,Echolocation,/mnt/ubna_data_01_mir/recover-20220825/UBNA_002/20220823_033000.WAV,Telephone Field,recover-20220825,002,1795
118.0395,118.0464,46953,57410,Pipistrellus pipistrellus,0.021,0.027,-1,Echolocation,/mnt/ubna_data_01_mir/recover-20220825/UBNA_002/20220823_033000.WAV,Telephone Field,recover-20220825,002,1795
118.0415,118.0497,29765,40346,Eptesicus serotinus,0.008,0.024,-1,Echolocation,/mnt/ubna_data_01_mir/recover-20220825/UBNA_002/20220823_033000.WAV,Telephone Field,recover-20220825,002,1795
118.0615,118.0681,25468,36544,Plecotus auritus,0.009,0.029,-1,Echolocation,/mnt/ubna_data_01_mir/recover-20220825/UBNA_002/20220823_033000.WAV,Telephone Field,recover-20220825,002,1795
118.2285,118.27080000000001,68437,82542,Rhinolophus ferrumequinum,0.029,0.029,-1,Echolocation,/mnt/ubna_data_01_mir/recover-20220825/UBNA_002/20220823_033000.WAV,Telephone Field,recover-20220825,002,1795
118.2695,118.2779,23750,31258,Plecotus austriacus,0.008,0.025,-1,Echolocation,/mnt/ubna_data_01_mir/recover-20220825/UBNA_002/20220823_033000.WAV,Telephone Field,recover-20220825,002,1795
118.2795,118.2868,28046,40291,Eptesicus serotinus,0.007,0.021,-1,Echolocation,/mnt/ubna_data_01_mir/recover-20220825/UBNA_002/20220823_033000.WAV,Telephone Field,recover-20220825,002,1795
118.2795,118.2882,40078,49870,Pipistrellus nathusii,0.013,0.034,-1,Echolocation,/mnt/ubna_data_01_mir/recover-20220825/UBNA_002/20220823_033000.WAV,Telephone Field,recover-20220825,002,1795
118.3005,118.3392,68437,82239,Rhinolophus ferrumequinum,0.025,0.025,-1,Echolocation,/mnt/ubna_data_01_mir/recover-20220825/UBNA_002/20220823_033000.WAV,Telephone Field,recover-20220825,002,1795
118.3165,118.32679999999999,27187,34750,Eptesicus serotinus,0.011,0.023,-1,Echolocation,/mnt/ubna_data_01_mir/recover-20220825/UBNA_002/20220823_033000.WAV,Telephone Field,recover-20220825,002,1795
118.35249999999999,118.3899,68437,81613,Rhinolophus ferrumequinum,0.022,0.022,-1,Echolocation,/mnt/ubna_data_01_mir/recover-20220825/UBNA_002/20220823_033000.WAV,Telephone Field,recover-20220825,002,1795
118.3545,118.364,23750,30620,Eptesicus serotinus,0.008,0.026,-1,Echolocation,/mnt/ubna_data_01_mir/recover-20220825/UBNA_002/20220823_033000.WAV,Telephone Field,recover-20220825,002,1795
118.3845,118.42830000000001,68437,83641,Rhinolophus ferrumequinum,0.034,0.034,-1,Echolocation,/mnt/ubna_data_01_mir/recover-20220825/UBNA_002/20220823_033000.WAV,Telephone Field,recover-20220825,002,1795
118.4675,118.50450000000001,68437,81760,Rhinolophus ferrumequinum,0.024,0.024,-1,Echolocation,/mnt/ubna_data_01_mir/recover-20220825/UBNA_002/20220823_033000.WAV,Telephone Field,recover-20220825,002,1795
118.47749999999999,118.4961,20312,24307,Nyctalus leisleri,0.018,0.038,-1,Echolocation,/mnt/ubna_data_01_mir/recover-20220825/UBNA_002/20220823_033000.WAV,Telephone Field,recover-20220825,002,1795
118.5025,118.542,68437,81771,Rhinolophus ferrumequinum,0.022,0.022,-1,Echolocation,/mnt/ubna_data_01_mir/recover-20220825/UBNA_002/20220823_033000.WAV,Telephone Field,recover-20220825,002,1795
118.5335,118.5426,23750,30943,Nyctalus leisleri,0.006,0.025,-1,Echolocation,/mnt/ubna_data_01_mir/recover-20220825/UBNA_002/20220823_033000.WAV,Telephone Field,recover-20220825,002,1795
118.5755,118.6147,68437,82111,Rhinolophus ferrumequinum,0.03,0.03,-1,Echolocation,/mnt/ubna_data_01_mir/recover-20220825/UBNA_002/20220823_033000.WAV,Telephone Field,recover-20220825,002,1795
118.6195,118.6565,68437,82079,Rhinolophus ferrumequinum,0.025,0.025,-1,Echolocation,/mnt/ubna_data_01_mir/recover-20220825/UBNA_002/20220823_033000.WAV,Telephone Field,recover-20220825,002,1795
118.6485,118.6548,27187,43542,Eptesicus serotinus,0.006,0.022,-1,Echolocation,/mnt/ubna_data_01_mir/recover-20220825/UBNA_002/20220823_033000.WAV,Telephone Field,recover-20220825,002,1795
118.6695,118.678,43515,47551,Pipistrellus pipistrellus,0.021,0.022,-1,Echolocation,/mnt/ubna_data_01_mir/recover-20220825/UBNA_002/20220823_033000.WAV,Telephone Field,recover-20220825,002,1795
118.6905,118.70009999999999,27187,34548,Eptesicus serotinus,0.009,0.022,-1,Echolocation,/mnt/ubna_data_01_mir/recover-20220825/UBNA_002/20220823_033000.WAV,Telephone Field,recover-20220825,002,1795
118.7045,118.71600000000001,40937,44688,Pipistrellus nathusii,0.017,0.032,-1,Echolocation,/mnt/ubna_data_01_mir/recover-20220825/UBNA_002/20220823_033000.WAV,Telephone Field,recover-20220825,002,1795
118.7185,118.7586,68437,83112,Rhinolophus ferrumequinum,0.03,0.03,-1,Echolocation,/mnt/ubna_data_01_mir/recover-20220825/UBNA_002/20220823_033000.WAV,Telephone Field,recover-20220825,002,1795
118.7895,118.8288,68437,82030,Rhinolophus ferrumequinum,0.022,0.022,-1,Echolocation,/mnt/ubna_data_01_mir/recover-20220825/UBNA_002/20220823_033000.WAV,Telephone Field,recover-20220825,002,1795
118.7995,118.8084,27187,35639,Eptesicus serotinus,0.011,0.025,-1,Echolocation,/mnt/ubna_data_01_mir/recover-20220825/UBNA_002/20220823_033000.WAV,Telephone Field,recover-20220825,002,1795
118.8275,118.8381,25468,32206,Eptesicus serotinus,0.008,0.021,-1,Echolocation,/mnt/ubna_data_01_mir/recover-20220825/UBNA_002/20220823_033000.WAV,Telephone Field,recover-20220825,002,1795
118.8435,118.8518,46953,53937,Pipistrellus pipistrellus,0.028,0.032,-1,Echolocation,/mnt/ubna_data_01_mir/recover-20220825/UBNA_002/20220823_033000.WAV,Telephone Field,recover-20220825,002,1795
118.8775,118.9154,68437,81873,Rhinolophus ferrumequinum,0.022,0.022,-1,Echolocation,/mnt/ubna_data_01_mir/recover-20220825/UBNA_002/20220823_033000.WAV,Telephone Field,recover-20220825,002,1795
118.9295,118.974,68437,83248,Rhinolophus ferrumequinum,0.034,0.034,-1,Echolocation,/mnt/ubna_data_01_mir/recover-20220825/UBNA_002/20220823_033000.WAV,Telephone Field,recover-20220825,002,1795
118.9345,118.9421,47812,57312,Pipistrellus pipistrellus,0.015,0.021,-1,Echolocation,/mnt/ubna_data_01_mir/recover-20220825/UBNA_002/20220823_033000.WAV,Telephone Field,recover-20220825,002,1795
118.9345,118.9774,68437,83010,Rhinolophus ferrumequinum,0.034,0.034,-1,Echolocation,/mnt/ubna_data_01_mir/recover-20220825/UBNA_002/20220823_033000.WAV,Telephone Field,recover-20220825,002,1795
118.9545,118.99289999999999,68437,81544,Rhinolophus ferrumequinum,0.022,0.022,-1,Echolocation,/mnt/ubna_data_01_mir/recover-20220825/UBNA_002/20220823_033000.WAV,Telephone Field,recover-20220825,002,1795
119.0245,119.0635,68437,82313,Rhinolophus ferrumequinum,0.022,0.022,-1,Echolocation,/mnt/ubna_data_01_mir/recover-20220825/UBNA_002/20220823_033000.WAV,Telephone Field,recover-20220825,002,1795
119.0355,119.0461,28906,36443,Eptesicus serotinus,0.015,0.03,-1,Echolocation,/mnt/ubna_data_01_mir/recover-20220825/UBNA_002/20220823_033000.WAV,Telephone Field,recover-20220825,002,1795
119.0605,119.071,44375,48742,Pipistrellus pipistrellus,0.019,0.022,-1,Echolocation,/mnt/ubna_data_01_mir/recover-20220825/UBNA_002/20220823_033000.WAV,Telephone Field,recover-20220825,002,1795
119.0605,119.101,68437,82904,Rhinolophus ferrumequinum,0.027,0.027,-1,Echolocation,/mnt/ubna_data_01_mir/recover-20220825/UBNA_002/20220823_033000.WAV,Telephone Field,recover-20220825,002,1795
119.0675,119.1071,68437,82267,Rhinolophus ferrumequinum,0.026,0.026,-1,Echolocation,/mnt/ubna_data_01_mir/recover-20220825/UBNA_002/20220823_033000.WAV,Telephone Field,recover-20220825,002,1795
119.0865,119.0939,28046,39667,Eptesicus serotinus,0.007,0.022,-1,Echolocation,/mnt/ubna_data_01_mir/recover-20220825/UBNA_002/20220823_033000.WAV,Telephone Field,recover-20220825,002,1795
119.0945,119.1022,23750,31475,Plecotus austriacus,0.008,0.022,-1,Echolocation,/mnt/ubna_data_01_mir/recover-20220825/UBNA_002/20220823_033000.WAV,Telephone Field,recover-20220825,002,1795
119.1195,119.13210000000001,38359,42505,Pipistrellus nathusii,0.055,0.094,-1,Echolocation,/mnt/ubna_data_01_mir/recover-20220825/UBNA_002/20220823_033000.WAV,Telephone Field,recover-20220825,002,1795
119.1195,119.162,68437,82442,Rhinolophus ferrumequinum,0.025,0.025,-1,Echolocation,/mnt/ubna_data_01_mir/recover-20220825/UBNA_002/20220823_033000.WAV,Telephone Field,recover-20220825,002,1795
119.14150000000001,119.1773,68437,81482,Rhinolophus ferrumequinum,0.022,0.022,-1,Echolocation,/mnt/ubna_data_01_mir/recover-20220825/UBNA_002/20220823_033000.WAV,Telephone Field,recover-20220825,002,1795
119.1795,119.2141,68437,81805,Rhinolophus ferrumequinum,0.023,0.023,-1,Echolocation,/mnt/ubna_data_01_mir/recover-20220825/UBNA_002/20220823_033000.WAV,Telephone Field,recover-20220825,002,1795
119.1885,119.2285,68437,81818,Rhinolophus ferrumequinum,0.021,0.021,-1,Echolocation,/mnt/ubna_data_01_mir/recover-20220825/UBNA_002/20220823_033000.WAV,Telephone Field,recover-20220825,002,1795
119.2795,119.3203,68437,82618,Rhinolophus ferrumequinum,0.033,0.033,-1,Echolocation,/mnt/ubna_data_01_mir/recover-20220825/UBNA_002/20220823_033000.WAV,Telephone Field,recover-20220825,002,1795
119.2815,119.2914,58984,67102,Pipistrellus pygmaeus,0.024,0.025,-1,Echolocation,/mnt/ubna_data_01_mir/recover-20220825/UBNA_002/20220823_033000.WAV,Telephone Field,recover-20220825,002,1795
119.2915,119.3289,68437,82060,Rhinolophus ferrumequinum,0.029,0.029,-1,Echolocation,/mnt/ubna_data_01_mir/recover-20220825/UBNA_002/20220823_033000.WAV,Telephone Field,recover-20220825,002,1795
119.3035,119.3408,68437,82338,Rhinolophus ferrumequinum,0.026,0.026,-1,Echolocation,/mnt/ubna_data_01_mir/recover-20220825/UBNA_002/20220823_033000.WAV,Telephone Field,recover-20220825,002,1795
119.3115,119.3247,32343,37590,Eptesicus serotinus,0.012,0.037,-1,Echolocation,/mnt/ubna_data_01_mir/recover-20220825/UBNA_002/20220823_033000.WAV,Telephone Field,recover-20220825,002,1795
119.3355,119.371,68437,81495,Rhinolophus ferrumequinum,0.023,0.023,-1,Echolocation,/mnt/ubna_data_01_mir/recover-20220825/UBNA_002/20220823_033000.WAV,Telephone Field,recover-20220825,002,1795
119.3595,119.3687,22890,29351,Plecotus austriacus,0.008,0.022,-1,Echolocation,/mnt/ubna_data_01_mir/recover-20220825/UBNA_002/20220823_033000.WAV,Telephone Field,recover-20220825,002,1795
119.3805,119.4168,68437,81246,Rhinolophus ferrumequinum,0.022,0.022,-1,Echolocation,/mnt/ubna_data_01_mir/recover-20220825/UBNA_002/20220823_033000.WAV,Telephone Field,recover-20220825,002,1795
119.4055,119.4447,68437,82725,Rhinolophus ferrumequinum,0.039,0.039,-1,Echolocation,/mnt/ubna_data_01_mir/recover-20220825/UBNA_002/20220823_033000.WAV,Telephone Field,recover-20220825,002,1795
119.4065,119.4153,25468,34434,Eptesicus serotinus,0.009,0.023,-1,Echolocation,/mnt/ubna_data_01_mir/recover-20220825/UBNA_002/20220823_033000.WAV,Telephone Field,recover-20220825,002,1795
119.4625,119.5053,68437,82733,Rhinolophus ferrumequinum,0.025,0.025,-1,Echolocation,/mnt/ubna_data_01_mir/recover-20220825/UBNA_002/20220823_033000.WAV,Telephone Field,recover-20220825,002,1795
119.4915,119.53059999999999,68437,81868,Rhinolophus ferrumequinum,0.022,0.022,-1,Echolocation,/mnt/ubna_data_01_mir/recover-20220825/UBNA_002/20220823_033000.WAV,Telephone Field,recover-20220825,002,1795
119.50450000000001,119.5419,68437,81462,Rhinolophus ferrumequinum,0.021,0.022,-1,Echolocation,/mnt/ubna_data_01_mir/recover-20220825/UBNA_002/20220823_033000.WAV,Telephone Field,recover-20220825,002,1795
119.5155,119.55760000000001,68437,83281,Rhinolophus ferrumequinum,0.043,0.043,-1,Echolocation,/mnt/ubna_data_01_mir/recover-20220825/UBNA_002/20220823_033000.WAV,Telephone Field,recover-20220825,002,1795
119.5635,119.5721,24609,32162,Eptesicus serotinus,0.013,0.04,-1,Echolocation,/mnt/ubna_data_01_mir/recover-20220825/UBNA_002/20220823_033000.WAV,Telephone Field,recover-20220825,002,1795
119.5645,119.6023,68437,81957,Rhinolophus ferrumequinum,0.024,0.024,-1,Echolocation,/mnt/ubna_data_01_mir/recover-20220825/UBNA_002/20220823_033000.WAV,Telephone Field,recover-20220825,002,1795
119.5705,119.5782,42656,53888,Myotis mystacinus,0.007,0.025,-1,Echolocation,/mnt/ubna_data_01_mir/recover-20220825/UBNA_002/20220823_033000.WAV,Telephone Field,recover-20220825,002,1795
119.5745,119.583,28906,41382,Eptesicus serotinus,0.008,0.023,-1,Echolocation,/mnt/ubna_data_01_mir/recover-20220825/UBNA_002/20220823_033000.WAV,Telephone Field,recover-20220825,002,1795
119.5935,119.6291,68437,81594,Rhinolophus ferrumequinum,0.034,0.034,-1,Echolocation,/mnt/ubna_data_01_mir/recover-20220825/UBNA_002/20220823_033000.WAV,Telephone Field,recover-20220825,002,1795
119.60249999999999,119.6089,28906,40163,Eptesicus serotinus,0.006,0.023,-1,Echolocation,/mnt/ubna_data_01_mir/recover-20220825/UBNA_002/20220823_033000.WAV,Telephone Field,recover-20220825,002,1795
119.6105,119.6467,68437,81126,Rhinolophus ferrumequinum,0.024,0.024,-1,Echolocation,/mnt/ubna_data_01_mir/recover-20220825/UBNA_002/20220823_033000.WAV,Telephone Field,recover-20220825,002,1795
119.6545,119.66069999999999,48671,56115,Pipistrellus pipistrellus,0.019,0.021,-1,Echolocation,/mnt/ubna_data_01_mir/recover-20220825/UBNA_002/20220823_033000.WAV,Telephone Field,recover-20220825,002,1795
119.6675,119.70779999999999,68437,82106,Rhinolophus ferrumequinum,0.021,0.021,-1,Echolocation,/mnt/ubna_data_01_mir/recover-20220825/UBNA_002/20220823_033000.WAV,Telephone Field,recover-20220825,002,1795
119.6785,119.7169,68437,82073,Rhinolophus ferrumequinum,0.022,0.022,-1,Echolocation,/mnt/ubna_data_01_mir/recover-20220825/UBNA_002/20220823_033000.WAV,Telephone Field,recover-20220825,002,1795
119.6825,119.69239999999999,25468,33306,Eptesicus serotinus,0.01,0.025,-1,Echolocation,/mnt/ubna_data_01_mir/recover-20220825/UBNA_002/20220823_033000.WAV,Telephone Field,recover-20220825,002,1795
119.7105,119.7526,68437,82680,Rhinolophus ferrumequinum,0.032,0.032,-1,Echolocation,/mnt/ubna_data_01_mir/recover-20220825/UBNA_002/20220823_033000.WAV,Telephone Field,recover-20220825,002,1795
119.7205,119.7615,68437,82699,Rhinolophus ferrumequinum,0.031,0.031,-1,Echolocation,/mnt/ubna_data_01_mir/recover-20220825/UBNA_002/20220823_033000.WAV,Telephone Field,recover-20220825,002,1795
119.7355,119.746,23750,29343,Nyctalus leisleri,0.009,0.022,-1,Echolocation,/mnt/ubna_data_01_mir/recover-20220825/UBNA_002/20220823_033000.WAV,Telephone Field,recover-20220825,002,1795
119.7445,119.7563,23750,28571,Nyctalus leisleri,0.01,0.022,-1,Echolocation,/mnt/ubna_data_01_mir/recover-20220825/UBNA_002/20220823_033000.WAV,Telephone Field,recover-20220825,002,1795
119.7955,119.8331,68437,82075,Rhinolophus ferrumequinum,0.022,0.022,-1,Echolocation,/mnt/ubna_data_01_mir/recover-20220825/UBNA_002/20220823_033000.WAV,Telephone Field,recover-20220825,002,1795
119.8275,119.8677,68437,83145,Rhinolophus ferrumequinum,0.024,0.024,-1,Echolocation,/mnt/ubna_data_01_mir/recover-20220825/UBNA_002/20220823_033000.WAV,Telephone Field,recover-20220825,002,1795
119.8445,119.8837,68437,82150,Rhinolophus ferrumequinum,0.021,0.021,-1,Echolocation,/mnt/ubna_data_01_mir/recover-20220825/UBNA_002/20220823_033000.WAV,Telephone Field,recover-20220825,002,1795
119.8455,119.8531,27187,40593,Eptesicus serotinus,0.01,0.025,-1,Echolocation,/mnt/ubna_data_01_mir/recover-20220825/UBNA_002/20220823_033000.WAV,Telephone Field,recover-20220825,002,1795
119.8655,119.8716,24609,37052,Plecotus austriacus,0.01,0.026,-1,Echolocation,/mnt/ubna_data_01_mir/recover-20220825/UBNA_002/20220823_033000.WAV,Telephone Field,recover-20220825,002,1795
119.8775,119.9153,68437,82163,Rhinolophus ferrumequinum,0.022,0.022,-1,Echolocation,/mnt/ubna_data_01_mir/recover-20220825/UBNA_002/20220823_033000.WAV,Telephone Field,recover-20220825,002,1795
119.8785,119.8861,44375,48688,Pipistrellus pipistrellus,0.02,0.023,-1,Echolocation,/mnt/ubna_data_01_mir/recover-20220825/UBNA_002/20220823_033000.WAV,Telephone Field,recover-20220825,002,1795
119.9205,119.9606,68437,82200,Rhinolophus ferrumequinum,0.021,0.021,-1,Echolocation,/mnt/ubna_data_01_mir/recover-20220825/UBNA_002/20220823_033000.WAV,Telephone Field,recover-20220825,002,1795
119.9325,119.941,25468,33624,Eptesicus serotinus,0.01,0.024,-1,Echolocation,/mnt/ubna_data_01_mir/recover-20220825/UBNA_002/20220823_033000.WAV,Telephone Field,recover-20220825,002,1795
119.9865,119.9952,27187,37988,Eptesicus serotinus,0.008,0.021,-1,Echolocation,/mnt/ubna_data_01_mir/recover-20220825/UBNA_002/20220823_033000.WAV,Telephone Field,recover-20220825,002,1795
120.0015,120.0268,69296,80698,Rhinolophus ferrumequinum,0.03,0.03,-1,Echolocation,/mnt/ubna_data_01_mir/recover-20220825/UBNA_002/20220823_033000.WAV,Telephone Field,recover-20220825,002,1795
120.0015,120.0109,30625,40728,Eptesicus serotinus,0.007,0.025,-1,Echolocation,/mnt/ubna_data_01_mir/recover-20220825/UBNA_002/20220823_033000.WAV,Telephone Field,recover-20220825,002,1795
120.0095,120.0166,28046,42969,Eptesicus serotinus,0.009,0.028,-1,Echolocation,/mnt/ubna_data_01_mir/recover-20220825/UBNA_002/20220823_033000.WAV,Telephone Field,recover-20220825,002,1795
120.0165,120.0593,68437,83683,Rhinolophus ferrumequinum,0.025,0.025,-1,Echolocation,/mnt/ubna_data_01_mir/recover-20220825/UBNA_002/20220823_033000.WAV,Telephone Field,recover-20220825,002,1795
120.0435,120.0823,68437,82671,Rhinolophus ferrumequinum,0.027,0.027,-1,Echolocation,/mnt/ubna_data_01_mir/recover-20220825/UBNA_002/20220823_033000.WAV,Telephone Field,recover-20220825,002,1795
120.0585,120.0957,68437,81549,Rhinolophus ferrumequinum,0.026,0.026,-1,Echolocation,/mnt/ubna_data_01_mir/recover-20220825/UBNA_002/20220823_033000.WAV,Telephone Field,recover-20220825,002,1795
120.0605,120.0711,22890,27743,Nyctalus leisleri,0.011,0.022,-1,Echolocation,/mnt/ubna_data_01_mir/recover-20220825/UBNA_002/20220823_033000.WAV,Telephone Field,recover-20220825,002,1795
120.1115,120.1191,28046,38366,Eptesicus serotinus,0.01,0.024,-1,Echolocation,/mnt/ubna_data_01_mir/recover-20220825/UBNA_002/20220823_033000.WAV,Telephone Field,recover-20220825,002,1795
120.1245,120.1402,41796,46038,Pipistrellus nathusii,0.063,0.126,-1,Echolocation,/mnt/ubna_data_01_mir/recover-20220825/UBNA_002/20220823_033000.WAV,Telephone Field,recover-20220825,002,1795
120.1475,120.1569,27187,35375,Eptesicus serotinus,0.015,0.028,-1,Echolocation,/mnt/ubna_data_01_mir/recover-20220825/UBNA_002/20220823_033000.WAV,Telephone Field,recover-20220825,002,1795
120.1645,120.2056,68437,82869,Rhinolophus ferrumequinum,0.026,0.026,-1,Echolocation,/mnt/ubna_data_01_mir/recover-20220825/UBNA_002/20220823_033000.WAV,Telephone Field,recover-20220825,002,1795
120.1725,120.1776,34921,45783,Barbastellus barbastellus,0.009,0.028,-1,Echolocation,/mnt/ubna_data_01_mir/recover-20220825/UBNA_002/20220823_033000.WAV,Telephone Field,recover-20220825,002,1795
120.1735,120.1803,27187,40358,Eptesicus serotinus,0.013,0.037,-1,Echolocation,/mnt/ubna_data_01_mir/recover-20220825/UBNA_002/20220823_033000.WAV,Telephone Field,recover-20220825,002,1795
120.1865,120.2006,22890,27576,Nyctalus leisleri,0.011,0.023,-1,Echolocation,/mnt/ubna_data_01_mir/recover-20220825/UBNA_002/20220823_033000.WAV,Telephone Field,recover-20220825,002,1795
120.1925,120.2034,23750,29147,Nyctalus leisleri,0.01,0.025,-1,Echolocation,/mnt/ubna_data_01_mir/recover-20220825/UBNA_002/20220823_033000.WAV,Telephone Field,recover-20220825,002,1795
120.1995,120.207,22890,31050,Plecotus austriacus,0.012,0.027,-1,Echolocation,/mnt/ubna_data_01_mir/recover-20220825/UBNA_002/20220823_033000.WAV,Telephone Field,recover-20220825,002,1795
120.2375,120.2799,68437,83344,Rhinolophus ferrumequinum,0.042,0.042,-1,Echolocation,/mnt/ubna_data_01_mir/recover-20220825/UBNA_002/20220823_033000.WAV,Telephone Field,recover-20220825,002,1795
120.2435,120.2534,23750,29966,Nyctalus leisleri,0.008,0.021,-1,Echolocation,/mnt/ubna_data_01_mir/recover-20220825/UBNA_002/20220823_033000.WAV,Telephone Field,recover-20220825,002,1795
120.2955,120.3033,52109,60763,Pipistrellus pipistrellus,0.011,0.022,-1,Echolocation,/mnt/ubna_data_01_mir/recover-20220825/UBNA_002/20220823_033000.WAV,Telephone Field,recover-20220825,002,1795
120.2985,120.3069,26328,36306,Eptesicus serotinus,0.013,0.032,-1,Echolocation,/mnt/ubna_data_01_mir/recover-20220825/UBNA_002/20220823_033000.WAV,Telephone Field,recover-20220825,002,1795
120.3265,120.3671,68437,82669,Rhinolophus ferrumequinum,0.025,0.025,-1,Echolocation,/mnt/ubna_data_01_mir/recover-20220825/UBNA_002/20220823_033000.WAV,Telephone Field,recover-20220825,002,1795
120.3455,120.3879,68437,82766,Rhinolophus ferrumequinum,0.022,0.022,-1,Echolocation,/mnt/ubna_data_01_mir/recover-20220825/UBNA_002/20220823_033000.WAV,Telephone Field,recover-20220825,002,1795
120.3485,120.3561,27187,36231,Eptesicus serotinus,0.008,0.024,-1,Echolocation,/mnt/ubna_data_01_mir/recover-20220825/UBNA_002/20220823_033000.WAV,Telephone Field,recover-20220825,002,1795
120.3835,120.3935,22890,29337,Nyctalus leisleri,0.009,0.025,-1,Echolocation,/mnt/ubna_data_01_mir/recover-20220825/UBNA_002/20220823_033000.WAV,Telephone Field,recover-20220825,002,1795
120.4175,120.4596,68437,82631,Rhinolophus ferrumequinum,0.023,0.023,-1,Echolocation,/mnt/ubna_data_01_mir/recover-20220825/UBNA_002/20220823_033000.WAV,Telephone Field,recover-20220825,002,1795
120.4505,120.4878,68437,81999,Rhinolophus ferrumequinum,0.027,0.027,-1,Echolocation,/mnt/ubna_data_01_mir/recover-20220825/UBNA_002/20220823_033000.WAV,Telephone Field,recover-20220825,002,1795
120.4805,120.5164,68437,81490,Rhinolophus ferrumequinum,0.022,0.022,-1,Echolocation,/mnt/ubna_data_01_mir/recover-20220825/UBNA_002/20220823_033000.WAV,Telephone Field,recover-20220825,002,1795
120.4825,120.4901,49531,54207,Pipistrellus pipistrellus,0.021,0.023,-1,Echolocation,/mnt/ubna_data_01_mir/recover-20220825/UBNA_002/20220823_033000.WAV,Telephone Field,recover-20220825,002,1795
120.5025,120.5421,68437,82424,Rhinolophus ferrumequinum,0.026,0.026,-1,Echolocation,/mnt/ubna_data_01_mir/recover-20220825/UBNA_002/20220823_033000.WAV,Telephone Field,recover-20220825,002,1795
120.5025,120.5123,28046,36454,Eptesicus serotinus,0.011,0.022,-1,Echolocation,/mnt/ubna_data_01_mir/recover-20220825/UBNA_002/20220823_033000.WAV,Telephone Field,recover-20220825,002,1795
120.5135,120.5217,23750,32480,Plecotus austriacus,0.011,0.027,-1,Echolocation,/mnt/ubna_data_01_mir/recover-20220825/UBNA_002/20220823_033000.WAV,Telephone Field,recover-20220825,002,1795
120.5245,120.5635,68437,82591,Rhinolophus ferrumequinum,0.031,0.031,-1,Echolocation,/mnt/ubna_data_01_mir/recover-20220825/UBNA_002/20220823_033000.WAV,Telephone Field,recover-20220825,002,1795
120.5365,120.5551,19453,22481,Nyctalus noctula,0.02,0.043,-1,Echolocation,/mnt/ubna_data_01_mir/recover-20220825/UBNA_002/20220823_033000.WAV,Telephone Field,recover-20220825,002,1795
120.5625,120.6019,68437,82745,Rhinolophus ferrumequinum,0.024,0.024,-1,Echolocation,/mnt/ubna_data_01_mir/recover-20220825/UBNA_002/20220823_033000.WAV,Telephone Field,recover-20220825,002,1795
120.5655,120.5733,25468,35644,Eptesicus serotinus,0.008,0.024,-1,Echolocation,/mnt/ubna_data_01_mir/recover-20220825/UBNA_002/20220823_033000.WAV,Telephone Field,recover-20220825,002,1795
120.6095,120.6168,28046,41374,Eptesicus serotinus,0.007,0.022,-1,Echolocation,/mnt/ubna_data_01_mir/recover-20220825/UBNA_002/20220823_033000.WAV,Telephone Field,recover-20220825,002,1795
120.6235,120.6633,68437,82337,Rhinolophus ferrumequinum,0.025,0.025,-1,Echolocation,/mnt/ubna_data_01_mir/recover-20220825/UBNA_002/20220823_033000.WAV,Telephone Field,recover-20220825,002,1795
120.6265,120.6342,28046,41151,Eptesicus serotinus,0.007,0.023,-1,Echolocation,/mnt/ubna_data_01_mir/recover-20220825/UBNA_002/20220823_033000.WAV,Telephone Field,recover-20220825,002,1795
120.6455,120.6866,68437,83656,Rhinolophus ferrumequinum,0.031,0.032,-1,Echolocation,/mnt/ubna_data_01_mir/recover-20220825/UBNA_002/20220823_033000.WAV,Telephone Field,recover-20220825,002,1795
120.6675,120.7056,68437,82846,Rhinolophus ferrumequinum,0.026,0.026,-1,Echolocation,/mnt/ubna_data_01_mir/recover-20220825/UBNA_002/20220823_033000.WAV,Telephone Field,recover-20220825,002,1795
120.6875,120.6961,24609,33921,Eptesicus serotinus,0.008,0.028,-1,Echolocation,/mnt/ubna_data_01_mir/recover-20220825/UBNA_002/20220823_033000.WAV,Telephone Field,recover-20220825,002,1795
120.7105,120.7525,68437,82851,Rhinolophus ferrumequinum,0.024,0.024,-1,Echolocation,/mnt/ubna_data_01_mir/recover-20220825/UBNA_002/20220823_033000.WAV,Telephone Field,recover-20220825,002,1795
120.7345,120.7734,68437,82178,Rhinolophus ferrumequinum,0.026,0.026,-1,Echolocation,/mnt/ubna_data_01_mir/recover-20220825/UBNA_002/20220823_033000.WAV,Telephone Field,recover-20220825,002,1795
120.7365,120.7466,22890,29433,Nyctalus leisleri,0.009,0.033,-1,Echolocation,/mnt/ubna_data_01_mir/recover-20220825/UBNA_002/20220823_033000.WAV,Telephone Field,recover-20220825,002,1795
120.7515,120.7915,68437,82035,Rhinolophus ferrumequinum,0.023,0.023,-1,Echolocation,/mnt/ubna_data_01_mir/recover-20220825/UBNA_002/20220823_033000.WAV,Telephone Field,recover-20220825,002,1795
120.7685,120.7772,23750,31611,Plecotus austriacus,0.007,0.024,-1,Echolocation,/mnt/ubna_data_01_mir/recover-20220825/UBNA_002/20220823_033000.WAV,Telephone Field,recover-20220825,002,1795
120.7815,120.8215,68437,82063,Rhinolophus ferrumequinum,0.022,0.022,-1,Echolocation,/mnt/ubna_data_01_mir/recover-20220825/UBNA_002/20220823_033000.WAV,Telephone Field,recover-20220825,002,1795
120.7845,120.7965,34921,39799,Pipistrellus nathusii,0.015,0.038,-1,Echolocation,/mnt/ubna_data_01_mir/recover-20220825/UBNA_002/20220823_033000.WAV,Telephone Field,recover-20220825,002,1795
120.7875,120.7962,28046,37016,Eptesicus serotinus,0.01,0.024,-1,Echolocation,/mnt/ubna_data_01_mir/recover-20220825/UBNA_002/20220823_033000.WAV,Telephone Field,recover-20220825,002,1795
120.7925,120.8319,68437,83013,Rhinolophus ferrumequinum,0.023,0.023,-1,Echolocation,/mnt/ubna_data_01_mir/recover-20220825/UBNA_002/20220823_033000.WAV,Telephone Field,recover-20220825,002,1795
120.8045,120.8446,68437,82737,Rhinolophus ferrumequinum,0.036,0.036,-1,Echolocation,/mnt/ubna_data_01_mir/recover-20220825/UBNA_002/20220823_033000.WAV,Telephone Field,recover-20220825,002,1795
120.8395,120.8473,28046,38041,Eptesicus serotinus,0.008,0.023,-1,Echolocation,/mnt/ubna_data_01_mir/recover-20220825/UBNA_002/20220823_033000.WAV,Telephone Field,recover-20220825,002,1795
120.8425,120.8532,35781,39137,Nyctalus leisleri,0.007,0.025,-1,Echolocation,/mnt/ubna_data_01_mir/recover-20220825/UBNA_002/20220823_033000.WAV,Telephone Field,recover-20220825,002,1795
120.8505,120.8894,68437,81913,Rhinolophus ferrumequinum,0.024,0.024,-1,Echolocation,/mnt/ubna_data_01_mir/recover-20220825/UBNA_002/20220823_033000.WAV,Telephone Field,recover-20220825,002,1795
120.8585,120.8661,28906,39145,Eptesicus serotinus,0.008,0.025,-1,Echolocation,/mnt/ubna_data_01_mir/recover-20220825/UBNA_002/20220823_033000.WAV,Telephone Field,recover-20220825,002,1795
120.8685,120.8814,14296,19662,Nyctalus noctula,0.013,0.022,-1,Echolocation,/mnt/ubna_data_01_mir/recover-20220825/UBNA_002/20220823_033000.WAV,Telephone Field,recover-20220825,002,1795
120.9215,120.9607,68437,82195,Rhinolophus ferrumequinum,0.024,0.024,-1,Echolocation,/mnt/ubna_data_01_mir/recover-20220825/UBNA_002/20220823_033000.WAV,Telephone Field,recover-20220825,002,1795
120.9585,120.9963,68437,81669,Rhinolophus ferrumequinum,0.023,0.023,-1,Echolocation,/mnt/ubna_data_01_mir/recover-20220825/UBNA_002/20220823_033000.WAV,Telephone Field,recover-20220825,002,1795
120.9865,120.9967,27187,34497,Eptesicus serotinus,0.012,0.026,-1,Echolocation,/mnt/ubna_data_01_mir/recover-20220825/UBNA_002/20220823_033000.WAV,Telephone Field,recover-20220825,002,1795
121.0015,121.0099,27187,35728,Eptesicus serotinus,0.01,0.024,-1,Echolocation,/mnt/ubna_data_01_mir/recover-20220825/UBNA_002/20220823_033000.WAV,Telephone Field,recover-20220825,002,1795
121.0185,121.0277,25468,34240,Eptesicus serotinus,0.008,0.023,-1,Echolocation,/mnt/ubna_data_01_mir/recover-20220825/UBNA_002/20220823_033000.WAV,Telephone Field,recover-20220825,002,1795
121.0295,121.0439,13437,17769,Nyctalus noctula,0.013,0.023,-1,Echolocation,/mnt/ubna_data_01_mir/recover-20220825/UBNA_002/20220823_033000.WAV,Telephone Field,recover-20220825,002,1795
121.0295,121.0674,68437,81721,Rhinolophus ferrumequinum,0.022,0.022,-1,Echolocation,/mnt/ubna_data_01_mir/recover-20220825/UBNA_002/20220823_033000.WAV,Telephone Field,recover-20220825,002,1795
121.0625,121.1001,68437,81567,Rhinolophus ferrumequinum,0.022,0.022,-1,Echolocation,/mnt/ubna_data_01_mir/recover-20220825/UBNA_002/20220823_033000.WAV,Telephone Field,recover-20220825,002,1795
121.0945,121.1364,68437,82533,Rhinolophus ferrumequinum,0.024,0.024,-1,Echolocation,/mnt/ubna_data_01_mir/recover-20220825/UBNA_002/20220823_033000.WAV,Telephone Field,recover-20220825,002,1795
121.1565,121.1633,25468,34931,Plecotus auritus,0.007,0.026,-1,Echolocation,/mnt/ubna_data_01_mir/recover-20220825/UBNA_002/20220823_033000.WAV,Telephone Field,recover-20220825,002,1795
121.1605,121.1994,68437,82481,Rhinolophus ferrumequinum,0.03,0.03,-1,Echolocation,/mnt/ubna_data_01_mir/recover-20220825/UBNA_002/20220823_033000.WAV,Telephone Field,recover-20220825,002,1795
121.1845,121.2267,68437,82905,Rhinolophus ferrumequinum,0.034,0.034,-1,Echolocation,/mnt/ubna_data_01_mir/recover-20220825/UBNA_002/20220823_033000.WAV,Telephone Field,recover-20220825,002,1795
121.2135,121.2512,68437,82492,Rhinolophus ferrumequinum,0.022,0.022,-1,Echolocation,/mnt/ubna_data_01_mir/recover-20220825/UBNA_002/20220823_033000.WAV,Telephone Field,recover-20220825,002,1795
121.2975,121.3067,28046,39859,Eptesicus serotinus,0.009,0.023,-1,Echolocation,/mnt/ubna_data_01_mir/recover-20220825/UBNA_002/20220823_033000.WAV,Telephone Field,recover-20220825,002,1795
121.3155,121.355,68437,82460,Rhinolophus ferrumequinum,0.023,0.023,-1,Echolocation,/mnt/ubna_data_01_mir/recover-20220825/UBNA_002/20220823_033000.WAV,Telephone Field,recover-20220825,002,1795
121.3435,121.352,25468,33836,Eptesicus serotinus,0.008,0.022,-1,Echolocation,/mnt/ubna_data_01_mir/recover-20220825/UBNA_002/20220823_033000.WAV,Telephone Field,recover-20220825,002,1795
121.4045,121.4127,28046,39802,Eptesicus serotinus,0.008,0.022,-1,Echolocation,/mnt/ubna_data_01_mir/recover-20220825/UBNA_002/20220823_033000.WAV,Telephone Field,recover-20220825,002,1795
121.4165,121.454,68437,81598,Rhinolophus ferrumequinum,0.022,0.022,-1,Echolocation,/mnt/ubna_data_01_mir/recover-20220825/UBNA_002/20220823_033000.WAV,Telephone Field,recover-20220825,002,1795
121.4235,121.4606,68437,82406,Rhinolophus ferrumequinum,0.025,0.025,-1,Echolocation,/mnt/ubna_data_01_mir/recover-20220825/UBNA_002/20220823_033000.WAV,Telephone Field,recover-20220825,002,1795
121.4325,121.4731,68437,82380,Rhinolophus ferrumequinum,0.022,0.022,-1,Echolocation,/mnt/ubna_data_01_mir/recover-20220825/UBNA_002/20220823_033000.WAV,Telephone Field,recover-20220825,002,1795
121.4515,121.4623,42656,45873,Pipistrellus pipistrellus,0.027,0.034,-1,Echolocation,/mnt/ubna_data_01_mir/recover-20220825/UBNA_002/20220823_033000.WAV,Telephone Field,recover-20220825,002,1795
121.4555,121.4635,27187,37019,Eptesicus serotinus,0.01,0.024,-1,Echolocation,/mnt/ubna_data_01_mir/recover-20220825/UBNA_002/20220823_033000.WAV,Telephone Field,recover-20220825,002,1795
121.4555,121.4879,68437,81479,Rhinolophus ferrumequinum,0.022,0.022,-1,Echolocation,/mnt/ubna_data_01_mir/recover-20220825/UBNA_002/20220823_033000.WAV,Telephone Field,recover-20220825,002,1795
121.4795,121.5222,68437,82637,Rhinolophus ferrumequinum,0.037,0.037,-1,Echolocation,/mnt/ubna_data_01_mir/recover-20220825/UBNA_002/20220823_033000.WAV,Telephone Field,recover-20220825,002,1795
121.5015,121.5424,68437,82564,Rhinolophus ferrumequinum,0.027,0.027,-1,Echolocation,/mnt/ubna_data_01_mir/recover-20220825/UBNA_002/20220823_033000.WAV,Telephone Field,recover-20220825,002,1795
121.5075,121.5149,28906,39725,Eptesicus serotinus,0.007,0.022,-1,Echolocation,/mnt/ubna_data_01_mir/recover-20220825/UBNA_002/20220823_033000.WAV,Telephone Field,recover-20220825,002,1795
121.5235,121.5345,22031,26324,Nyctalus leisleri,0.013,0.024,-1,Echolocation,/mnt/ubna_data_01_mir/recover-20220825/UBNA_002/20220823_033000.WAV,Telephone Field,recover-20220825,002,1795
121.5245,121.5616,68437,82414,Rhinolophus ferrumequinum,0.024,0.024,-1,Echolocation,/mnt/ubna_data_01_mir/recover-20220825/UBNA_002/20220823_033000.WAV,Telephone Field,recover-20220825,002,1795
121.5985,121.6371,68437,82646,Rhinolophus ferrumequinum,0.023,0.023,-1,Echolocation,/mnt/ubna_data_01_mir/recover-20220825/UBNA_002/20220823_033000.WAV,Telephone Field,recover-20220825,002,1795
121.6165,121.6277,23750,29941,Nyctalus leisleri,0.01,0.025,-1,Echolocation,/mnt/ubna_data_01_mir/recover-20220825/UBNA_002/20220823_033000.WAV,Telephone Field,recover-20220825,002,1795
121.6215,121.6584,68437,81436,Rhinolophus ferrumequinum,0.023,0.023,-1,Echolocation,/mnt/ubna_data_01_mir/recover-20220825/UBNA_002/20220823_033000.WAV,Telephone Field,recover-20220825,002,1795
121.6385,121.6781,68437,82542,Rhinolophus ferrumequinum,0.028,0.028,-1,Echolocation,/mnt/ubna_data_01_mir/recover-20220825/UBNA_002/20220823_033000.WAV,Telephone Field,recover-20220825,002,1795
121.6435,121.6496,24609,35960,Plecotus austriacus,0.019,0.044,-1,Echolocation,/mnt/ubna_data_01_mir/recover-20220825/UBNA_002/20220823_033000.WAV,Telephone Field,recover-20220825,002,1795
121.6445,121.6556,44375,49037,Pipistrellus pipistrellus,0.025,0.032,-1,Echolocation,/mnt/ubna_data_01_mir/recover-20220825/UBNA_002/20220823_033000.WAV,Telephone Field,recover-20220825,002,1795
121.6645,121.6716,48671,58139,Pipistrellus pipistrellus,0.019,0.023,-1,Echolocation,/mnt/ubna_data_01_mir/recover-20220825/UBNA_002/20220823_033000.WAV,Telephone Field,recover-20220825,002,1795
121.6995,121.7391,68437,82298,Rhinolophus ferrumequinum,0.029,0.029,-1,Echolocation,/mnt/ubna_data_01_mir/recover-20220825/UBNA_002/20220823_033000.WAV,Telephone Field,recover-20220825,002,1795
121.7035,121.7097,33203,41038,Myotis daubentonii,0.012,0.028,-1,Echolocation,/mnt/ubna_data_01_mir/recover-20220825/UBNA_002/20220823_033000.WAV,Telephone Field,recover-20220825,002,1795
121.7085,121.7498,68437,82696,Rhinolophus ferrumequinum,0.026,0.026,-1,Echolocation,/mnt/ubna_data_01_mir/recover-20220825/UBNA_002/20220823_033000.WAV,Telephone Field,recover-20220825,002,1795
121.7325,121.7704,68437,81938,Rhinolophus ferrumequinum,0.024,0.024,-1,Echolocation,/mnt/ubna_data_01_mir/recover-20220825/UBNA_002/20220823_033000.WAV,Telephone Field,recover-20220825,002,1795
121.7355,121.7438,34062,43385,Barbastellus barbastellus,0.012,0.033,-1,Echolocation,/mnt/ubna_data_01_mir/recover-20220825/UBNA_002/20220823_033000.WAV,Telephone Field,recover-20220825,002,1795
121.7555,121.7966,68437,82420,Rhinolophus ferrumequinum,0.024,0.024,-1,Echolocation,/mnt/ubna_data_01_mir/recover-20220825/UBNA_002/20220823_033000.WAV,Telephone Field,recover-20220825,002,1795
121.7565,121.7639,46953,51653,Pipistrellus pipistrellus,0.026,0.027,-1,Echolocation,/mnt/ubna_data_01_mir/recover-20220825/UBNA_002/20220823_033000.WAV,Telephone Field,recover-20220825,002,1795
121.7565,121.7676,15156,21672,Nyctalus noctula,0.013,0.022,-1,Echolocation,/mnt/ubna_data_01_mir/recover-20220825/UBNA_002/20220823_033000.WAV,Telephone Field,recover-20220825,002,1795
121.7845,121.8238,68437,81787,Rhinolophus ferrumequinum,0.022,0.022,-1,Echolocation,/mnt/ubna_data_01_mir/recover-20220825/UBNA_002/20220823_033000.WAV,Telephone Field,recover-20220825,002,1795
121.8195,121.86,68437,82447,Rhinolophus ferrumequinum,0.032,0.032,-1,Echolocation,/mnt/ubna_data_01_mir/recover-20220825/UBNA_002/20220823_033000.WAV,Telephone Field,recover-20220825,002,1795
121.8425,121.8795,68437,82282,Rhinolophus ferrumequinum,0.022,0.022,-1,Echolocation,/mnt/ubna_data_01_mir/recover-20220825/UBNA_002/20220823_033000.WAV,Telephone Field,recover-20220825,002,1795
121.8525,121.8654,15156,20347,Nyctalus noctula,0.023,0.035,-1,Echolocation,/mnt/ubna_data_01_mir/recover-20220825/UBNA_002/20220823_033000.WAV,Telephone Field,recover-20220825,002,1795
121.8755,121.9183,68437,83015,Rhinolophus ferrumequinum,0.023,0.023,-1,Echolocation,/mnt/ubna_data_01_mir/recover-20220825/UBNA_002/20220823_033000.WAV,Telephone Field,recover-20220825,002,1795
121.8925,121.9299,68437,81372,Rhinolophus ferrumequinum,0.022,0.022,-1,Echolocation,/mnt/ubna_data_01_mir/recover-20220825/UBNA_002/20220823_033000.WAV,Telephone Field,recover-20220825,002,1795
121.9335,121.9437,23750,29950,Nyctalus leisleri,0.008,0.022,-1,Echolocation,/mnt/ubna_data_01_mir/recover-20220825/UBNA_002/20220823_033000.WAV,Telephone Field,recover-20220825,002,1795
121.9385,121.9442,13437,34123,Plecotus auritus,0.022,0.024,-1,Echolocation,/mnt/ubna_data_01_mir/recover-20220825/UBNA_002/20220823_033000.WAV,Telephone Field,recover-20220825,002,1795
121.9745,121.9847,23750,30799,Nyctalus leisleri,0.009,0.028,-1,Echolocation,/mnt/ubna_data_01_mir/recover-20220825/UBNA_002/20220823_033000.WAV,Telephone Field,recover-20220825,002,1795
122.0015,122.0316,68437,81029,Rhinolophus ferrumequinum,0.048,0.049,-1,Echolocation,/mnt/ubna_data_01_mir/recover-20220825/UBNA_002/20220823_033000.WAV,Telephone Field,recover-20220825,002,1795
122.0015,122.0106,25468,32244,Nyctalus leisleri,0.015,0.037,-1,Echolocation,/mnt/ubna_data_01_mir/recover-20220825/UBNA_002/20220823_033000.WAV,Telephone Field,recover-20220825,002,1795
122.0395,122.0783,68437,82161,Rhinolophus ferrumequinum,0.021,0.021,-1,Echolocation,/mnt/ubna_data_01_mir/recover-20220825/UBNA_002/20220823_033000.WAV,Telephone Field,recover-20220825,002,1795
122.0575,122.098,68437,82796,Rhinolophus ferrumequinum,0.022,0.022,-1,Echolocation,/mnt/ubna_data_01_mir/recover-20220825/UBNA_002/20220823_033000.WAV,Telephone Field,recover-20220825,002,1795
122.0965,122.1035,27187,42559,Myotis daubentonii,0.006,0.024,-1,Echolocation,/mnt/ubna_data_01_mir/recover-20220825/UBNA_002/20220823_033000.WAV,Telephone Field,recover-20220825,002,1795
122.1625,122.2026,68437,82497,Rhinolophus ferrumequinum,0.022,0.022,-1,Echolocation,/mnt/ubna_data_01_mir/recover-20220825/UBNA_002/20220823_033000.WAV,Telephone Field,recover-20220825,002,1795
122.1945,122.2024,28046,39116,Eptesicus serotinus,0.008,0.024,-1,Echolocation,/mnt/ubna_data_01_mir/recover-20220825/UBNA_002/20220823_033000.WAV,Telephone Field,recover-20220825,002,1795
122.2015,122.21039999999999,48671,53142,Pipistrellus pipistrellus,0.02,0.022,-1,Echolocation,/mnt/ubna_data_01_mir/recover-20220825/UBNA_002/20220823_033000.WAV,Telephone Field,recover-20220825,002,1795
122.2195,122.25919999999999,68437,82196,Rhinolophus ferrumequinum,0.025,0.025,-1,Echolocation,/mnt/ubna_data_01_mir/recover-20220825/UBNA_002/20220823_033000.WAV,Telephone Field,recover-20220825,002,1795
122.2985,122.3375,68437,82068,Rhinolophus ferrumequinum,0.022,0.022,-1,Echolocation,/mnt/ubna_data_01_mir/recover-20220825/UBNA_002/20220823_033000.WAV,Telephone Field,recover-20220825,002,1795
122.3225,122.3645,68437,82339,Rhinolophus ferrumequinum,0.024,0.024,-1,Echolocation,/mnt/ubna_data_01_mir/recover-20220825/UBNA_002/20220823_033000.WAV,Telephone Field,recover-20220825,002,1795
122.3385,122.3454,26328,35981,Eptesicus serotinus,0.007,0.028,-1,Echolocation,/mnt/ubna_data_01_mir/recover-20220825/UBNA_002/20220823_033000.WAV,Telephone Field,recover-20220825,002,1795
122.3645,122.3749,26328,33552,Eptesicus serotinus,0.013,0.028,-1,Echolocation,/mnt/ubna_data_01_mir/recover-20220825/UBNA_002/20220823_033000.WAV,Telephone Field,recover-20220825,002,1795
122.3775,122.417,68437,81801,Rhinolophus ferrumequinum,0.022,0.022,-1,Echolocation,/mnt/ubna_data_01_mir/recover-20220825/UBNA_002/20220823_033000.WAV,Telephone Field,recover-20220825,002,1795
122.4295,122.4669,68437,81863,Rhinolophus ferrumequinum,0.023,0.023,-1,Echolocation,/mnt/ubna_data_01_mir/recover-20220825/UBNA_002/20220823_033000.WAV,Telephone Field,recover-20220825,002,1795
122.4315,122.4421,24609,31949,Eptesicus serotinus,0.008,0.023,-1,Echolocation,/mnt/ubna_data_01_mir/recover-20220825/UBNA_002/20220823_033000.WAV,Telephone Field,recover-20220825,002,1795
122.4385,122.4462,47812,51859,Pipistrellus pipistrellus,0.023,0.024,-1,Echolocation,/mnt/ubna_data_01_mir/recover-20220825/UBNA_002/20220823_033000.WAV,Telephone Field,recover-20220825,002,1795
122.4675,122.5098,68437,82940,Rhinolophus ferrumequinum,0.036,0.036,-1,Echolocation,/mnt/ubna_data_01_mir/recover-20220825/UBNA_002/20220823_033000.WAV,Telephone Field,recover-20220825,002,1795
122.4845,122.4913,35781,44236,Myotis daubentonii,0.011,0.023,-1,Echolocation,/mnt/ubna_data_01_mir/recover-20220825/UBNA_002/20220823_033000.WAV,Telephone Field,recover-20220825,002,1795
122.50450000000001,122.5112,27187,38128,Eptesicus serotinus,0.005,0.022,-1,Echolocation,/mnt/ubna_data_01_mir/recover-20220825/UBNA_002/20220823_033000.WAV,Telephone Field,recover-20220825,002,1795
122.5345,122.5436,25468,35255,Eptesicus serotinus,0.009,0.022,-1,Echolocation,/mnt/ubna_data_01_mir/recover-20220825/UBNA_002/20220823_033000.WAV,Telephone Field,recover-20220825,002,1795
122.5385,122.5735,68437,81501,Rhinolophus ferrumequinum,0.022,0.022,-1,Echolocation,/mnt/ubna_data_01_mir/recover-20220825/UBNA_002/20220823_033000.WAV,Telephone Field,recover-20220825,002,1795
122.5585,122.5966,68437,82156,Rhinolophus ferrumequinum,0.024,0.024,-1,Echolocation,/mnt/ubna_data_01_mir/recover-20220825/UBNA_002/20220823_033000.WAV,Telephone Field,recover-20220825,002,1795
122.5605,122.5697,27187,38716,Eptesicus serotinus,0.008,0.022,-1,Echolocation,/mnt/ubna_data_01_mir/recover-20220825/UBNA_002/20220823_033000.WAV,Telephone Field,recover-20220825,002,1795
122.5715,122.6065,68437,81755,Rhinolophus ferrumequinum,0.022,0.022,-1,Echolocation,/mnt/ubna_data_01_mir/recover-20220825/UBNA_002/20220823_033000.WAV,Telephone Field,recover-20220825,002,1795
122.6605,122.6676,28046,40477,Eptesicus serotinus,0.007,0.023,-1,Echolocation,/mnt/ubna_data_01_mir/recover-20220825/UBNA_002/20220823_033000.WAV,Telephone Field,recover-20220825,002,1795
122.6975,122.7055,26328,35568,Eptesicus serotinus,0.01,0.025,-1,Echolocation,/mnt/ubna_data_01_mir/recover-20220825/UBNA_002/20220823_033000.WAV,Telephone Field,recover-20220825,002,1795
122.7105,122.7516,68437,82636,Rhinolophus ferrumequinum,0.025,0.025,-1,Echolocation,/mnt/ubna_data_01_mir/recover-20220825/UBNA_002/20220823_033000.WAV,Telephone Field,recover-20220825,002,1795
122.7265,122.7321,38359,48815,Myotis daubentonii,0.01,0.024,-1,Echolocation,/mnt/ubna_data_01_mir/recover-20220825/UBNA_002/20220823_033000.WAV,Telephone Field,recover-20220825,002,1795
122.7285,122.7364,24609,37677,Plecotus austriacus,0.005,0.022,-1,Echolocation,/mnt/ubna_data_01_mir/recover-20220825/UBNA_002/20220823_033000.WAV,Telephone Field,recover-20220825,002,1795
122.7465,122.7548,47812,54133,Pipistrellus pipistrellus,0.026,0.029,-1,Echolocation,/mnt/ubna_data_01_mir/recover-20220825/UBNA_002/20220823_033000.WAV,Telephone Field,recover-20220825,002,1795
122.7465,122.7863,68437,82326,Rhinolophus ferrumequinum,0.022,0.022,-1,Echolocation,/mnt/ubna_data_01_mir/recover-20220825/UBNA_002/20220823_033000.WAV,Telephone Field,recover-20220825,002,1795
122.7525,122.7616,33203,41513,Myotis daubentonii,0.011,0.026,-1,Echolocation,/mnt/ubna_data_01_mir/recover-20220825/UBNA_002/20220823_033000.WAV,Telephone Field,recover-20220825,002,1795
122.75450000000001,122.7636,28046,37810,Eptesicus serotinus,0.01,0.027,-1,Echolocation,/mnt/ubna_data_01_mir/recover-20220825/UBNA_002/20220823_033000.WAV,Telephone Field,recover-20220825,002,1795
122.7625,122.7732,24609,31425,Nyctalus leisleri,0.01,0.026,-1,Echolocation,/mnt/ubna_data_01_mir/recover-20220825/UBNA_002/20220823_033000.WAV,Telephone Field,recover-20220825,002,1795
122.7785,122.7893,22890,27265,Nyctalus leisleri,0.011,0.021,-1,Echolocation,/mnt/ubna_data_01_mir/recover-20220825/UBNA_002/20220823_033000.WAV,Telephone Field,recover-20220825,002,1795
122.7825,122.8218,68437,82243,Rhinolophus ferrumequinum,0.025,0.025,-1,Echolocation,/mnt/ubna_data_01_mir/recover-20220825/UBNA_002/20220823_033000.WAV,Telephone Field,recover-20220825,002,1795
122.8065,122.8185,36640,41098,Pipistrellus nathusii,0.013,0.025,-1,Echolocation,/mnt/ubna_data_01_mir/recover-20220825/UBNA_002/20220823_033000.WAV,Telephone Field,recover-20220825,002,1795
122.8275,122.8674,68437,81735,Rhinolophus ferrumequinum,0.032,0.032,-1,Echolocation,/mnt/ubna_data_01_mir/recover-20220825/UBNA_002/20220823_033000.WAV,Telephone Field,recover-20220825,002,1795
122.8295,122.8372,28046,39643,Eptesicus serotinus,0.006,0.021,-1,Echolocation,/mnt/ubna_data_01_mir/recover-20220825/UBNA_002/20220823_033000.WAV,Telephone Field,recover-20220825,002,1795
122.8565,122.8713,22031,26881,Nyctalus leisleri,0.027,0.054,-1,Echolocation,/mnt/ubna_data_01_mir/recover-20220825/UBNA_002/20220823_033000.WAV,Telephone Field,recover-20220825,002,1795
122.8815,122.9262,68437,83519,Rhinolophus ferrumequinum,0.038,0.038,-1,Echolocation,/mnt/ubna_data_01_mir/recover-20220825/UBNA_002/20220823_033000.WAV,Telephone Field,recover-20220825,002,1795
122.9285,122.9415,24609,30892,Eptesicus serotinus,0.013,0.032,-1,Echolocation,/mnt/ubna_data_01_mir/recover-20220825/UBNA_002/20220823_033000.WAV,Telephone Field,recover-20220825,002,1795
122.9445,122.9551,22890,28934,Nyctalus leisleri,0.01,0.026,-1,Echolocation,/mnt/ubna_data_01_mir/recover-20220825/UBNA_002/20220823_033000.WAV,Telephone Field,recover-20220825,002,1795
122.9555,122.9654,28906,36970,Eptesicus serotinus,0.009,0.021,-1,Echolocation,/mnt/ubna_data_01_mir/recover-20220825/UBNA_002/20220823_033000.WAV,Telephone Field,recover-20220825,002,1795
122.9695,122.9752,27187,41280,Myotis daubentonii,0.006,0.031,-1,Echolocation,/mnt/ubna_data_01_mir/recover-20220825/UBNA_002/20220823_033000.WAV,Telephone Field,recover-20220825,002,1795
122.9865,122.9948,28046,38517,Eptesicus serotinus,0.01,0.027,-1,Echolocation,/mnt/ubna_data_01_mir/recover-20220825/UBNA_002/20220823_033000.WAV,Telephone Field,recover-20220825,002,1795
123.0445,123.0551,28046,37235,Eptesicus serotinus,0.01,0.023,-1,Echolocation,/mnt/ubna_data_01_mir/recover-20220825/UBNA_002/20220823_033000.WAV,Telephone Field,recover-20220825,002,1795
123.0605,123.0977,68437,82459,Rhinolophus ferrumequinum,0.022,0.022,-1,Echolocation,/mnt/ubna_data_01_mir/recover-20220825/UBNA_002/20220823_033000.WAV,Telephone Field,recover-20220825,002,1795
123.0635,123.0722,28906,38126,Eptesicus serotinus,0.009,0.025,-1,Echolocation,/mnt/ubna_data_01_mir/recover-20220825/UBNA_002/20220823_033000.WAV,Telephone Field,recover-20220825,002,1795
123.0725,123.1135,68437,82419,Rhinolophus ferrumequinum,0.023,0.023,-1,Echolocation,/mnt/ubna_data_01_mir/recover-20220825/UBNA_002/20220823_033000.WAV,Telephone Field,recover-20220825,002,1795
123.0765,123.0842,26328,34851,Eptesicus serotinus,0.008,0.023,-1,Echolocation,/mnt/ubna_data_01_mir/recover-20220825/UBNA_002/20220823_033000.WAV,Telephone Field,recover-20220825,002,1795
123.1025,123.1466,68437,83616,Rhinolophus ferrumequinum,0.037,0.037,-1,Echolocation,/mnt/ubna_data_01_mir/recover-20220825/UBNA_002/20220823_033000.WAV,Telephone Field,recover-20220825,002,1795
123.1085,123.1175,24609,32751,Eptesicus serotinus,0.008,0.025,-1,Echolocation,/mnt/ubna_data_01_mir/recover-20220825/UBNA_002/20220823_033000.WAV,Telephone Field,recover-20220825,002,1795
123.12950000000001,123.1691,68437,81940,Rhinolophus ferrumequinum,0.021,0.022,-1,Echolocation,/mnt/ubna_data_01_mir/recover-20220825/UBNA_002/20220823_033000.WAV,Telephone Field,recover-20220825,002,1795
123.1305,123.142,22890,27494,Nyctalus leisleri,0.016,0.029,-1,Echolocation,/mnt/ubna_data_01_mir/recover-20220825/UBNA_002/20220823_033000.WAV,Telephone Field,recover-20220825,002,1795
123.1755,123.2136,68437,81826,Rhinolophus ferrumequinum,0.022,0.022,-1,Echolocation,/mnt/ubna_data_01_mir/recover-20220825/UBNA_002/20220823_033000.WAV,Telephone Field,recover-20220825,002,1795
123.1935,123.2317,68437,82106,Rhinolophus ferrumequinum,0.024,0.024,-1,Echolocation,/mnt/ubna_data_01_mir/recover-20220825/UBNA_002/20220823_033000.WAV,Telephone Field,recover-20220825,002,1795
123.2115,123.2213,28046,35814,Eptesicus serotinus,0.011,0.024,-1,Echolocation,/mnt/ubna_data_01_mir/recover-20220825/UBNA_002/20220823_033000.WAV,Telephone Field,recover-20220825,002,1795
123.2185,123.2312,22031,26191,Nyctalus leisleri,0.013,0.022,-1,Echolocation,/mnt/ubna_data_01_mir/recover-20220825/UBNA_002/20220823_033000.WAV,Telephone Field,recover-20220825,002,1795
123.2445,123.2829,68437,82080,Rhinolophus ferrumequinum,0.024,0.025,-1,Echolocation,/mnt/ubna_data_01_mir/recover-20220825/UBNA_002/20220823_033000.WAV,Telephone Field,recover-20220825,002,1795
123.2715,123.3126,68437,82698,Rhinolophus ferrumequinum,0.023,0.023,-1,Echolocation,/mnt/ubna_data_01_mir/recover-20220825/UBNA_002/20220823_033000.WAV,Telephone Field,recover-20220825,002,1795
123.3405,123.3818,68437,82762,Rhinolophus ferrumequinum,0.027,0.027,-1,Echolocation,/mnt/ubna_data_01_mir/recover-20220825/UBNA_002/20220823_033000.WAV,Telephone Field,recover-20220825,002,1795
123.37950000000001,123.4158,68437,82318,Rhinolophus ferrumequinum,0.024,0.024,-1,Echolocation,/mnt/ubna_data_01_mir/recover-20220825/UBNA_002/20220823_033000.WAV,Telephone Field,recover-20220825,002,1795
123.3875,123.4279,68437,82478,Rhinolophus ferrumequinum,0.022,0.022,-1,Echolocation,/mnt/ubna_data_01_mir/recover-20220825/UBNA_002/20220823_033000.WAV,Telephone Field,recover-20220825,002,1795
123.3905,123.4024,44375,48937,Pipistrellus pipistrellus,0.025,0.031,-1,Echolocation,/mnt/ubna_data_01_mir/recover-20220825/UBNA_002/20220823_033000.WAV,Telephone Field,recover-20220825,002,1795
123.4145,123.4572,68437,82942,Rhinolophus ferrumequinum,0.025,0.025,-1,Echolocation,/mnt/ubna_data_01_mir/recover-20220825/UBNA_002/20220823_033000.WAV,Telephone Field,recover-20220825,002,1795
123.4295,123.4678,68437,81831,Rhinolophus ferrumequinum,0.022,0.022,-1,Echolocation,/mnt/ubna_data_01_mir/recover-20220825/UBNA_002/20220823_033000.WAV,Telephone Field,recover-20220825,002,1795
123.4345,123.4476,37500,42539,Pipistrellus nathusii,0.04,0.054,-1,Echolocation,/mnt/ubna_data_01_mir/recover-20220825/UBNA_002/20220823_033000.WAV,Telephone Field,recover-20220825,002,1795
123.5305,123.5705,68437,82268,Rhinolophus ferrumequinum,0.022,0.022,-1,Echolocation,/mnt/ubna_data_01_mir/recover-20220825/UBNA_002/20220823_033000.WAV,Telephone Field,recover-20220825,002,1795
123.5385,123.559,16015,20099,Nyctalus noctula,0.018,0.025,-1,Echolocation,/mnt/ubna_data_01_mir/recover-20220825/UBNA_002/20220823_033000.WAV,Telephone Field,recover-20220825,002,1795
123.5515,123.5623,28046,35110,Eptesicus serotinus,0.01,0.023,-1,Echolocation,/mnt/ubna_data_01_mir/recover-20220825/UBNA_002/20220823_033000.WAV,Telephone Field,recover-20220825,002,1795
123.5755,123.5825,27187,39668,Eptesicus serotinus,0.007,0.025,-1,Echolocation,/mnt/ubna_data_01_mir/recover-20220825/UBNA_002/20220823_033000.WAV,Telephone Field,recover-20220825,002,1795
123.5905,123.6005,25468,33621,Eptesicus serotinus,0.009,0.021,-1,Echolocation,/mnt/ubna_data_01_mir/recover-20220825/UBNA_002/20220823_033000.WAV,Telephone Field,recover-20220825,002,1795
123.62049999999999,123.6301,23750,30217,Nyctalus leisleri,0.009,0.021,-1,Echolocation,/mnt/ubna_data_01_mir/recover-20220825/UBNA_002/20220823_033000.WAV,Telephone Field,recover-20220825,002,1795
123.6365,123.6451,27187,37636,Eptesicus serotinus,0.008,0.022,-1,Echolocation,/mnt/ubna_data_01_mir/recover-20220825/UBNA_002/20220823_033000.WAV,Telephone Field,recover-20220825,002,1795
123.6365,123.6789,68437,82739,Rhinolophus ferrumequinum,0.034,0.034,-1,Echolocation,/mnt/ubna_data_01_mir/recover-20220825/UBNA_002/20220823_033000.WAV,Telephone Field,recover-20220825,002,1795
123.6555,123.6934,68437,81539,Rhinolophus ferrumequinum,0.021,0.021,-1,Echolocation,/mnt/ubna_data_01_mir/recover-20220825/UBNA_002/20220823_033000.WAV,Telephone Field,recover-20220825,002,1795
123.6775,123.7171,68437,82096,Rhinolophus ferrumequinum,0.022,0.022,-1,Echolocation,/mnt/ubna_data_01_mir/recover-20220825/UBNA_002/20220823_033000.WAV,Telephone Field,recover-20220825,002,1795
123.6815,123.6909,27187,36464,Eptesicus serotinus,0.011,0.026,-1,Echolocation,/mnt/ubna_data_01_mir/recover-20220825/UBNA_002/20220823_033000.WAV,Telephone Field,recover-20220825,002,1795
123.7345,123.7464,43515,47301,Pipistrellus pipistrellus,0.053,0.059,-1,Echolocation,/mnt/ubna_data_01_mir/recover-20220825/UBNA_002/20220823_033000.WAV,Telephone Field,recover-20220825,002,1795
123.7355,123.7752,68437,82447,Rhinolophus ferrumequinum,0.028,0.028,-1,Echolocation,/mnt/ubna_data_01_mir/recover-20220825/UBNA_002/20220823_033000.WAV,Telephone Field,recover-20220825,002,1795
123.7355,123.7438,29765,42204,Myotis daubentonii,0.007,0.021,-1,Echolocation,/mnt/ubna_data_01_mir/recover-20220825/UBNA_002/20220823_033000.WAV,Telephone Field,recover-20220825,002,1795
123.7605,123.7678,46093,54392,Pipistrellus pipistrellus,0.018,0.023,-1,Echolocation,/mnt/ubna_data_01_mir/recover-20220825/UBNA_002/20220823_033000.WAV,Telephone Field,recover-20220825,002,1795
123.7625,123.7997,68437,81577,Rhinolophus ferrumequinum,0.022,0.022,-1,Echolocation,/mnt/ubna_data_01_mir/recover-20220825/UBNA_002/20220823_033000.WAV,Telephone Field,recover-20220825,002,1795
123.7775,123.7878,23750,30370,Nyctalus leisleri,0.009,0.023,-1,Echolocation,/mnt/ubna_data_01_mir/recover-20220825/UBNA_002/20220823_033000.WAV,Telephone Field,recover-20220825,002,1795
123.8635,123.9062,68437,82693,Rhinolophus ferrumequinum,0.023,0.023,-1,Echolocation,/mnt/ubna_data_01_mir/recover-20220825/UBNA_002/20220823_033000.WAV,Telephone Field,recover-20220825,002,1795
123.8895,123.8981,23750,33014,Plecotus austriacus,0.009,0.027,-1,Echolocation,/mnt/ubna_data_01_mir/recover-20220825/UBNA_002/20220823_033000.WAV,Telephone Field,recover-20220825,002,1795
123.8985,123.9367,68437,81654,Rhinolophus ferrumequinum,0.025,0.025,-1,Echolocation,/mnt/ubna_data_01_mir/recover-20220825/UBNA_002/20220823_033000.WAV,Telephone Field,recover-20220825,002,1795
123.9145,123.9545,68437,83078,Rhinolophus ferrumequinum,0.028,0.028,-1,Echolocation,/mnt/ubna_data_01_mir/recover-20220825/UBNA_002/20220823_033000.WAV,Telephone Field,recover-20220825,002,1795
123.9365,123.9463,24609,32776,Nyctalus leisleri,0.01,0.03,-1,Echolocation,/mnt/ubna_data_01_mir/recover-20220825/UBNA_002/20220823_033000.WAV,Telephone Field,recover-20220825,002,1795
124.0015,124.0324,68437,80252,Rhinolophus ferrumequinum,0.046,0.046,-1,Echolocation,/mnt/ubna_data_01_mir/recover-20220825/UBNA_002/20220823_033000.WAV,Telephone Field,recover-20220825,002,1795
124.0015,124.0098,23750,32124,Nyctalus leisleri,0.01,0.031,-1,Echolocation,/mnt/ubna_data_01_mir/recover-20220825/UBNA_002/20220823_033000.WAV,Telephone Field,recover-20220825,002,1795
124.0085,124.0509,68437,82108,Rhinolophus ferrumequinum,0.023,0.023,-1,Echolocation,/mnt/ubna_data_01_mir/recover-20220825/UBNA_002/20220823_033000.WAV,Telephone Field,recover-20220825,002,1795
124.0275,124.0663,68437,82458,Rhinolophus ferrumequinum,0.023,0.023,-1,Echolocation,/mnt/ubna_data_01_mir/recover-20220825/UBNA_002/20220823_033000.WAV,Telephone Field,recover-20220825,002,1795
124.0305,124.0403,44375,50358,Pipistrellus pipistrellus,0.016,0.022,-1,Echolocation,/mnt/ubna_data_01_mir/recover-20220825/UBNA_002/20220823_033000.WAV,Telephone Field,recover-20220825,002,1795
124.1125,124.1503,68437,81870,Rhinolophus ferrumequinum,0.021,0.021,-1,Echolocation,/mnt/ubna_data_01_mir/recover-20220825/UBNA_002/20220823_033000.WAV,Telephone Field,recover-20220825,002,1795
124.1275,124.1648,68437,81613,Rhinolophus ferrumequinum,0.021,0.021,-1,Echolocation,/mnt/ubna_data_01_mir/recover-20220825/UBNA_002/20220823_033000.WAV,Telephone Field,recover-20220825,002,1795
124.1545,124.162,26328,35248,Eptesicus serotinus,0.006,0.022,-1,Echolocation,/mnt/ubna_data_01_mir/recover-20220825/UBNA_002/20220823_033000.WAV,Telephone Field,recover-20220825,002,1795
124.1685,124.1793,22031,26322,Nyctalus leisleri,0.011,0.022,-1,Echolocation,/mnt/ubna_data_01_mir/recover-20220825/UBNA_002/20220823_033000.WAV,Telephone Field,recover-20220825,002,1795
124.2115,124.2504,68437,82208,Rhinolophus ferrumequinum,0.022,0.022,-1,Echolocation,/mnt/ubna_data_01_mir/recover-20220825/UBNA_002/20220823_033000.WAV,Telephone Field,recover-20220825,002,1795
124.2305,124.2658,68437,80919,Rhinolophus ferrumequinum,0.02,0.021,-1,Echolocation,/mnt/ubna_data_01_mir/recover-20220825/UBNA_002/20220823_033000.WAV,Telephone Field,recover-20220825,002,1795
124.2965,124.3348,68437,82217,Rhinolophus ferrumequinum,0.023,0.023,-1,Echolocation,/mnt/ubna_data_01_mir/recover-20220825/UBNA_002/20220823_033000.WAV,Telephone Field,recover-20220825,002,1795
124.3195,124.3602,68437,82883,Rhinolophus ferrumequinum,0.026,0.026,-1,Echolocation,/mnt/ubna_data_01_mir/recover-20220825/UBNA_002/20220823_033000.WAV,Telephone Field,recover-20220825,002,1795
124.3215,124.3313,27187,34642,Eptesicus serotinus,0.01,0.023,-1,Echolocation,/mnt/ubna_data_01_mir/recover-20220825/UBNA_002/20220823_033000.WAV,Telephone Field,recover-20220825,002,1795
124.3575,124.39920000000001,68437,82627,Rhinolophus ferrumequinum,0.026,0.026,-1,Echolocation,/mnt/ubna_data_01_mir/recover-20220825/UBNA_002/20220823_033000.WAV,Telephone Field,recover-20220825,002,1795
124.3585,124.3681,26328,36065,Eptesicus serotinus,0.008,0.021,-1,Echolocation,/mnt/ubna_data_01_mir/recover-20220825/UBNA_002/20220823_033000.WAV,Telephone Field,recover-20220825,002,1795
124.4065,124.4449,68437,80966,Rhinolophus ferrumequinum,0.022,0.022,-1,Echolocation,/mnt/ubna_data_01_mir/recover-20220825/UBNA_002/20220823_033000.WAV,Telephone Field,recover-20220825,002,1795
124.4285,124.4383,28046,35983,Eptesicus serotinus,0.008,0.021,-1,Echolocation,/mnt/ubna_data_01_mir/recover-20220825/UBNA_002/20220823_033000.WAV,Telephone Field,recover-20220825,002,1795
124.4405,124.4768,68437,82647,Rhinolophus ferrumequinum,0.021,0.021,-1,Echolocation,/mnt/ubna_data_01_mir/recover-20220825/UBNA_002/20220823_033000.WAV,Telephone Field,recover-20220825,002,1795
124.4505,124.4925,68437,82785,Rhinolophus ferrumequinum,0.024,0.024,-1,Echolocation,/mnt/ubna_data_01_mir/recover-20220825/UBNA_002/20220823_033000.WAV,Telephone Field,recover-20220825,002,1795
124.4865,124.5234,68437,81971,Rhinolophus ferrumequinum,0.021,0.021,-1,Echolocation,/mnt/ubna_data_01_mir/recover-20220825/UBNA_002/20220823_033000.WAV,Telephone Field,recover-20220825,002,1795
124.5455,124.5539,31484,42489,Myotis daubentonii,0.007,0.021,-1,Echolocation,/mnt/ubna_data_01_mir/recover-20220825/UBNA_002/20220823_033000.WAV,Telephone Field,recover-20220825,002,1795
124.5615,124.5984,68437,82036,Rhinolophus ferrumequinum,0.022,0.022,-1,Echolocation,/mnt/ubna_data_01_mir/recover-20220825/UBNA_002/20220823_033000.WAV,Telephone Field,recover-20220825,002,1795
124.5655,124.5746,26328,35891,Eptesicus serotinus,0.008,0.021,-1,Echolocation,/mnt/ubna_data_01_mir/recover-20220825/UBNA_002/20220823_033000.WAV,Telephone Field,recover-20220825,002,1795
124.5745,124.5842,23750,30251,Nyctalus leisleri,0.008,0.024,-1,Echolocation,/mnt/ubna_data_01_mir/recover-20220825/UBNA_002/20220823_033000.WAV,Telephone Field,recover-20220825,002,1795
124.6115,124.6478,68437,81386,Rhinolophus ferrumequinum,0.022,0.022,-1,Echolocation,/mnt/ubna_data_01_mir/recover-20220825/UBNA_002/20220823_033000.WAV,Telephone Field,recover-20220825,002,1795
124.6505,124.6858,68437,81694,Rhinolophus ferrumequinum,0.026,0.026,-1,Echolocation,/mnt/ubna_data_01_mir/recover-20220825/UBNA_002/20220823_033000.WAV,Telephone Field,recover-20220825,002,1795
124.6725,124.68,46953,54211,Pipistrellus pipistrellus,0.025,0.028,-1,Echolocation,/mnt/ubna_data_01_mir/recover-20220825/UBNA_002/20220823_033000.WAV,Telephone Field,recover-20220825,002,1795
124.6805,124.6893,44375,53754,Pipistrellus pipistrellus,0.015,0.025,-1,Echolocation,/mnt/ubna_data_01_mir/recover-20220825/UBNA_002/20220823_033000.WAV,Telephone Field,recover-20220825,002,1795
124.7135,124.7208,27187,38792,Eptesicus serotinus,0.006,0.021,-1,Echolocation,/mnt/ubna_data_01_mir/recover-20220825/UBNA_002/20220823_033000.WAV,Telephone Field,recover-20220825,002,1795
124.7165,124.7319,21171,24403,Nyctalus leisleri,0.017,0.026,-1,Echolocation,/mnt/ubna_data_01_mir/recover-20220825/UBNA_002/20220823_033000.WAV,Telephone Field,recover-20220825,002,1795
124.7405,124.7787,68437,82410,Rhinolophus ferrumequinum,0.023,0.023,-1,Echolocation,/mnt/ubna_data_01_mir/recover-20220825/UBNA_002/20220823_033000.WAV,Telephone Field,recover-20220825,002,1795
124.7615,124.7693,27187,38153,Eptesicus serotinus,0.007,0.021,-1,Echolocation,/mnt/ubna_data_01_mir/recover-20220825/UBNA_002/20220823_033000.WAV,Telephone Field,recover-20220825,002,1795
124.7705,124.8091,68437,82268,Rhinolophus ferrumequinum,0.021,0.021,-1,Echolocation,/mnt/ubna_data_01_mir/recover-20220825/UBNA_002/20220823_033000.WAV,Telephone Field,recover-20220825,002,1795
124.7835,124.8231,68437,82754,Rhinolophus ferrumequinum,0.022,0.022,-1,Echolocation,/mnt/ubna_data_01_mir/recover-20220825/UBNA_002/20220823_033000.WAV,Telephone Field,recover-20220825,002,1795
124.7975,124.8359,68437,82605,Rhinolophus ferrumequinum,0.024,0.024,-1,Echolocation,/mnt/ubna_data_01_mir/recover-20220825/UBNA_002/20220823_033000.WAV,Telephone Field,recover-20220825,002,1795
124.8035,124.8115,28046,38432,Eptesicus serotinus,0.008,0.022,-1,Echolocation,/mnt/ubna_data_01_mir/recover-20220825/UBNA_002/20220823_033000.WAV,Telephone Field,recover-20220825,002,1795
124.8455,124.8831,68437,81593,Rhinolophus ferrumequinum,0.022,0.022,-1,Echolocation,/mnt/ubna_data_01_mir/recover-20220825/UBNA_002/20220823_033000.WAV,Telephone Field,recover-20220825,002,1795
124.8555,124.8964,68437,83006,Rhinolophus ferrumequinum,0.023,0.023,-1,Echolocation,/mnt/ubna_data_01_mir/recover-20220825/UBNA_002/20220823_033000.WAV,Telephone Field,recover-20220825,002,1795
124.8695,124.8757,28046,39305,Eptesicus serotinus,0.007,0.028,-1,Echolocation,/mnt/ubna_data_01_mir/recover-20220825/UBNA_002/20220823_033000.WAV,Telephone Field,recover-20220825,002,1795
124.8805,124.9169,68437,81217,Rhinolophus ferrumequinum,0.022,0.022,-1,Echolocation,/mnt/ubna_data_01_mir/recover-20220825/UBNA_002/20220823_033000.WAV,Telephone Field,recover-20220825,002,1795
124.9035,124.9148,26328,33013,Eptesicus serotinus,0.01,0.025,-1,Echolocation,/mnt/ubna_data_01_mir/recover-20220825/UBNA_002/20220823_033000.WAV,Telephone Field,recover-20220825,002,1795
124.9125,124.9232,24609,31097,Eptesicus serotinus,0.008,0.021,-1,Echolocation,/mnt/ubna_data_01_mir/recover-20220825/UBNA_002/20220823_033000.WAV,Telephone Field,recover-20220825,002,1795
124.9145,124.9527,68437,82125,Rhinolophus ferrumequinum,0.021,0.021,-1,Echolocation,/mnt/ubna_data_01_mir/recover-20220825/UBNA_002/20220823_033000.WAV,Telephone Field,recover-20220825,002,1795
124.9365,124.9822,68437,83010,Rhinolophus ferrumequinum,0.044,0.044,-1,Echolocation,/mnt/ubna_data_01_mir/recover-20220825/UBNA_002/20220823_033000.WAV,Telephone Field,recover-20220825,002,1795
124.9605,124.971,22890,27409,Nyctalus leisleri,0.015,0.032,-1,Echolocation,/mnt/ubna_data_01_mir/recover-20220825/UBNA_002/20220823_033000.WAV,Telephone Field,recover-20220825,002,1795
124.9815,125.0201,68437,82021,Rhinolophus ferrumequinum,0.021,0.021,-1,Echolocation,/mnt/ubna_data_01_mir/recover-20220825/UBNA_002/20220823_033000.WAV,Telephone Field,recover-20220825,002,1795
124.9915,125.0317,68437,82983,Rhinolophus ferrumequinum,0.024,0.024,-1,Echolocation,/mnt/ubna_data_01_mir/recover-20220825/UBNA_002/20220823_033000.WAV,Telephone Field,recover-20220825,002,1795
125.0025,125.0397,68437,82359,Rhinolophus ferrumequinum,0.023,0.023,-1,Echolocation,/mnt/ubna_data_01_mir/recover-20220825/UBNA_002/20220823_033000.WAV,Telephone Field,recover-20220825,002,1795
125.0285,125.0387,34921,41091,Myotis daubentonii,0.005,0.023,-1,Echolocation,/mnt/ubna_data_01_mir/recover-20220825/UBNA_002/20220823_033000.WAV,Telephone Field,recover-20220825,002,1795
125.0385,125.0487,23750,30422,Nyctalus leisleri,0.013,0.038,-1,Echolocation,/mnt/ubna_data_01_mir/recover-20220825/UBNA_002/20220823_033000.WAV,Telephone Field,recover-20220825,002,1795
125.1175,125.1566,68437,81897,Rhinolophus ferrumequinum,0.021,0.021,-1,Echolocation,/mnt/ubna_data_01_mir/recover-20220825/UBNA_002/20220823_033000.WAV,Telephone Field,recover-20220825,002,1795
125.1395,125.1782,68437,82370,Rhinolophus ferrumequinum,0.022,0.022,-1,Echolocation,/mnt/ubna_data_01_mir/recover-20220825/UBNA_002/20220823_033000.WAV,Telephone Field,recover-20220825,002,1795
125.1565,125.1679,23750,28873,Nyctalus leisleri,0.012,0.024,-1,Echolocation,/mnt/ubna_data_01_mir/recover-20220825/UBNA_002/20220823_033000.WAV,Telephone Field,recover-20220825,002,1795
125.1895,125.2274,68437,82262,Rhinolophus ferrumequinum,0.023,0.023,-1,Echolocation,/mnt/ubna_data_01_mir/recover-20220825/UBNA_002/20220823_033000.WAV,Telephone Field,recover-20220825,002,1795
125.2055,125.2423,68437,81409,Rhinolophus ferrumequinum,0.023,0.023,-1,Echolocation,/mnt/ubna_data_01_mir/recover-20220825/UBNA_002/20220823_033000.WAV,Telephone Field,recover-20220825,002,1795
125.2135,125.2489,68437,81386,Rhinolophus ferrumequinum,0.022,0.022,-1,Echolocation,/mnt/ubna_data_01_mir/recover-20220825/UBNA_002/20220823_033000.WAV,Telephone Field,recover-20220825,002,1795
125.2645,125.3061,68437,82416,Rhinolophus ferrumequinum,0.025,0.025,-1,Echolocation,/mnt/ubna_data_01_mir/recover-20220825/UBNA_002/20220823_033000.WAV,Telephone Field,recover-20220825,002,1795
125.2685,125.2769,28906,40464,Eptesicus serotinus,0.008,0.023,-1,Echolocation,/mnt/ubna_data_01_mir/recover-20220825/UBNA_002/20220823_033000.WAV,Telephone Field,recover-20220825,002,1795
125.2955,125.3037,27187,39191,Eptesicus serotinus,0.008,0.024,-1,Echolocation,/mnt/ubna_data_01_mir/recover-20220825/UBNA_002/20220823_033000.WAV,Telephone Field,recover-20220825,002,1795
125.3125,125.3501,68437,82009,Rhinolophus ferrumequinum,0.021,0.021,-1,Echolocation,/mnt/ubna_data_01_mir/recover-20220825/UBNA_002/20220823_033000.WAV,Telephone Field,recover-20220825,002,1795
125.3335,125.3744,68437,82724,Rhinolophus ferrumequinum,0.023,0.023,-1,Echolocation,/mnt/ubna_data_01_mir/recover-20220825/UBNA_002/20220823_033000.WAV,Telephone Field,recover-20220825,002,1795
125.3515,125.358,27187,38263,Eptesicus serotinus,0.005,0.022,-1,Echolocation,/mnt/ubna_data_01_mir/recover-20220825/UBNA_002/20220823_033000.WAV,Telephone Field,recover-20220825,002,1795
125.3875,125.425,68437,82254,Rhinolophus ferrumequinum,0.023,0.023,-1,Echolocation,/mnt/ubna_data_01_mir/recover-20220825/UBNA_002/20220823_033000.WAV,Telephone Field,recover-20220825,002,1795
125.4055,125.4443,68437,82596,Rhinolophus ferrumequinum,0.022,0.022,-1,Echolocation,/mnt/ubna_data_01_mir/recover-20220825/UBNA_002/20220823_033000.WAV,Telephone Field,recover-20220825,002,1795
125.4295,125.4669,68437,81777,Rhinolophus ferrumequinum,0.021,0.021,-1,Echolocation,/mnt/ubna_data_01_mir/recover-20220825/UBNA_002/20220823_033000.WAV,Telephone Field,recover-20220825,002,1795
125.4355,125.4442,26328,35038,Eptesicus serotinus,0.01,0.03,-1,Echolocation,/mnt/ubna_data_01_mir/recover-20220825/UBNA_002/20220823_033000.WAV,Telephone Field,recover-20220825,002,1795
125.4495,125.4875,68437,81986,Rhinolophus ferrumequinum,0.022,0.022,-1,Echolocation,/mnt/ubna_data_01_mir/recover-20220825/UBNA_002/20220823_033000.WAV,Telephone Field,recover-20220825,002,1795
125.4515,125.4601,28046,37655,Eptesicus serotinus,0.008,0.021,-1,Echolocation,/mnt/ubna_data_01_mir/recover-20220825/UBNA_002/20220823_033000.WAV,Telephone Field,recover-20220825,002,1795
125.4645,125.4998,68437,81848,Rhinolophus ferrumequinum,0.022,0.022,-1,Echolocation,/mnt/ubna_data_01_mir/recover-20220825/UBNA_002/20220823_033000.WAV,Telephone Field,recover-20220825,002,1795
125.4755,125.4863,23750,29101,Nyctalus leisleri,0.017,0.04,-1,Echolocation,/mnt/ubna_data_01_mir/recover-20220825/UBNA_002/20220823_033000.WAV,Telephone Field,recover-20220825,002,1795
125.4795,125.5161,68437,81713,Rhinolophus ferrumequinum,0.024,0.024,-1,Echolocation,/mnt/ubna_data_01_mir/recover-20220825/UBNA_002/20220823_033000.WAV,Telephone Field,recover-20220825,002,1795
125.4845,125.525,68437,82099,Rhinolophus ferrumequinum,0.023,0.023,-1,Echolocation,/mnt/ubna_data_01_mir/recover-20220825/UBNA_002/20220823_033000.WAV,Telephone Field,recover-20220825,002,1795
125.5335,125.5723,68437,82085,Rhinolophus ferrumequinum,0.023,0.023,-1,Echolocation,/mnt/ubna_data_01_mir/recover-20220825/UBNA_002/20220823_033000.WAV,Telephone Field,recover-20220825,002,1795
125.5525,125.5878,68437,82161,Rhinolophus ferrumequinum,0.021,0.021,-1,Echolocation,/mnt/ubna_data_01_mir/recover-20220825/UBNA_002/20220823_033000.WAV,Telephone Field,recover-20220825,002,1795
125.6375,125.644,24609,33787,Plecotus austriacus,0.011,0.025,-1,Echolocation,/mnt/ubna_data_01_mir/recover-20220825/UBNA_002/20220823_033000.WAV,Telephone Field,recover-20220825,002,1795
125.6635,125.7056,68437,82548,Rhinolophus ferrumequinum,0.026,0.026,-1,Echolocation,/mnt/ubna_data_01_mir/recover-20220825/UBNA_002/20220823_033000.WAV,Telephone Field,recover-20220825,002,1795
125.6775,125.7107,68437,81222,Rhinolophus ferrumequinum,0.021,0.021,-1,Echolocation,/mnt/ubna_data_01_mir/recover-20220825/UBNA_002/20220823_033000.WAV,Telephone Field,recover-20220825,002,1795
125.6945,125.7019,27187,37984,Eptesicus serotinus,0.006,0.021,-1,Echolocation,/mnt/ubna_data_01_mir/recover-20220825/UBNA_002/20220823_033000.WAV,Telephone Field,recover-20220825,002,1795
125.7295,125.7386,25468,33286,Eptesicus serotinus,0.007,0.022,-1,Echolocation,/mnt/ubna_data_01_mir/recover-20220825/UBNA_002/20220823_033000.WAV,Telephone Field,recover-20220825,002,1795
125.7375,125.7769,68437,81921,Rhinolophus ferrumequinum,0.022,0.022,-1,Echolocation,/mnt/ubna_data_01_mir/recover-20220825/UBNA_002/20220823_033000.WAV,Telephone Field,recover-20220825,002,1795
125.7895,125.8288,68437,82495,Rhinolophus ferrumequinum,0.034,0.034,-1,Echolocation,/mnt/ubna_data_01_mir/recover-20220825/UBNA_002/20220823_033000.WAV,Telephone Field,recover-20220825,002,1795
125.7985,125.8097,28046,36033,Eptesicus serotinus,0.014,0.026,-1,Echolocation,/mnt/ubna_data_01_mir/recover-20220825/UBNA_002/20220823_033000.WAV,Telephone Field,recover-20220825,002,1795
125.8195,125.833,49531,53040,Pipistrellus pipistrellus,0.067,0.078,-1,Echolocation,/mnt/ubna_data_01_mir/recover-20220825/UBNA_002/20220823_033000.WAV,Telephone Field,recover-20220825,002,1795
125.8195,125.85679999999999,68437,81596,Rhinolophus ferrumequinum,0.022,0.022,-1,Echolocation,/mnt/ubna_data_01_mir/recover-20220825/UBNA_002/20220823_033000.WAV,Telephone Field,recover-20220825,002,1795
125.8585,125.8977,68437,82142,Rhinolophus ferrumequinum,0.032,0.032,-1,Echolocation,/mnt/ubna_data_01_mir/recover-20220825/UBNA_002/20220823_033000.WAV,Telephone Field,recover-20220825,002,1795
125.8865,125.9235,68437,81731,Rhinolophus ferrumequinum,0.021,0.021,-1,Echolocation,/mnt/ubna_data_01_mir/recover-20220825/UBNA_002/20220823_033000.WAV,Telephone Field,recover-20220825,002,1795
125.9095,125.917,28046,40263,Eptesicus serotinus,0.007,0.022,-1,Echolocation,/mnt/ubna_data_01_mir/recover-20220825/UBNA_002/20220823_033000.WAV,Telephone Field,recover-20220825,002,1795
125.9305,125.9709,68437,82461,Rhinolophus ferrumequinum,0.03,0.03,-1,Echolocation,/mnt/ubna_data_01_mir/recover-20220825/UBNA_002/20220823_033000.WAV,Telephone Field,recover-20220825,002,1795
125.9755,125.9839,28046,37193,Eptesicus serotinus,0.007,0.022,-1,Echolocation,/mnt/ubna_data_01_mir/recover-20220825/UBNA_002/20220823_033000.WAV,Telephone Field,recover-20220825,002,1795
126.0015,126.0323,68437,79882,Rhinolophus ferrumequinum,0.023,0.023,-1,Echolocation,/mnt/ubna_data_01_mir/recover-20220825/UBNA_002/20220823_033000.WAV,Telephone Field,recover-20220825,002,1795
126.0015,126.0104,26328,34234,Nyctalus leisleri,0.009,0.027,-1,Echolocation,/mnt/ubna_data_01_mir/recover-20220825/UBNA_002/20220823_033000.WAV,Telephone Field,recover-20220825,002,1795
126.0195,126.029,22890,29041,Nyctalus leisleri,0.007,0.021,-1,Echolocation,/mnt/ubna_data_01_mir/recover-20220825/UBNA_002/20220823_033000.WAV,Telephone Field,recover-20220825,002,1795
126.0815,126.1243,68437,82823,Rhinolophus ferrumequinum,0.025,0.025,-1,Echolocation,/mnt/ubna_data_01_mir/recover-20220825/UBNA_002/20220823_033000.WAV,Telephone Field,recover-20220825,002,1795
126.0895,126.0997,28906,36455,Eptesicus serotinus,0.009,0.021,-1,Echolocation,/mnt/ubna_data_01_mir/recover-20220825/UBNA_002/20220823_033000.WAV,Telephone Field,recover-20220825,002,1795
126.12950000000001,126.1375,29765,38207,Eptesicus serotinus,0.027,0.052,-1,Echolocation,/mnt/ubna_data_01_mir/recover-20220825/UBNA_002/20220823_033000.WAV,Telephone Field,recover-20220825,002,1795
126.1625,126.204,68437,81764,Rhinolophus ferrumequinum,0.026,0.026,-1,Echolocation,/mnt/ubna_data_01_mir/recover-20220825/UBNA_002/20220823_033000.WAV,Telephone Field,recover-20220825,002,1795
126.1635,126.1709,24609,35579,Plecotus austriacus,0.013,0.031,-1,Echolocation,/mnt/ubna_data_01_mir/recover-20220825/UBNA_002/20220823_033000.WAV,Telephone Field,recover-20220825,002,1795
126.1915,126.2071,44375,48205,Pipistrellus pipistrellus,0.07,0.077,-1,Echolocation,/mnt/ubna_data_01_mir/recover-20220825/UBNA_002/20220823_033000.WAV,Telephone Field,recover-20220825,002,1795
126.2205,126.229,28906,39391,Eptesicus serotinus,0.009,0.024,-1,Echolocation,/mnt/ubna_data_01_mir/recover-20220825/UBNA_002/20220823_033000.WAV,Telephone Field,recover-20220825,002,1795
126.2235,126.2355,46953,50729,Pipistrellus pipistrellus,0.039,0.044,-1,Echolocation,/mnt/ubna_data_01_mir/recover-20220825/UBNA_002/20220823_033000.WAV,Telephone Field,recover-20220825,002,1795
126.2615,126.3029,68437,82675,Rhinolophus ferrumequinum,0.029,0.029,-1,Echolocation,/mnt/ubna_data_01_mir/recover-20220825/UBNA_002/20220823_033000.WAV,Telephone Field,recover-20220825,002,1795
126.2835,126.3242,68437,82861,Rhinolophus ferrumequinum,0.029,0.029,-1,Echolocation,/mnt/ubna_data_01_mir/recover-20220825/UBNA_002/20220823_033000.WAV,Telephone Field,recover-20220825,002,1795
126.3265,126.3656,68437,82461,Rhinolophus ferrumequinum,0.023,0.023,-1,Echolocation,/mnt/ubna_data_01_mir/recover-20220825/UBNA_002/20220823_033000.WAV,Telephone Field,recover-20220825,002,1795
126.3375,126.3744,68437,82110,Rhinolophus ferrumequinum,0.022,0.022,-1,Echolocation,/mnt/ubna_data_01_mir/recover-20220825/UBNA_002/20220823_033000.WAV,Telephone Field,recover-20220825,002,1795
126.3985,126.4107,22890,27365,Nyctalus leisleri,0.012,0.023,-1,Echolocation,/mnt/ubna_data_01_mir/recover-20220825/UBNA_002/20220823_033000.WAV,Telephone Field,recover-20220825,002,1795
126.4045,126.4426,68437,81979,Rhinolophus ferrumequinum,0.027,0.027,-1,Echolocation,/mnt/ubna_data_01_mir/recover-20220825/UBNA_002/20220823_033000.WAV,Telephone Field,recover-20220825,002,1795
126.4115,126.4235,23750,29432,Nyctalus leisleri,0.013,0.027,-1,Echolocation,/mnt/ubna_data_01_mir/recover-20220825/UBNA_002/20220823_033000.WAV,Telephone Field,recover-20220825,002,1795
126.4305,126.4714,68437,82731,Rhinolophus ferrumequinum,0.027,0.027,-1,Echolocation,/mnt/ubna_data_01_mir/recover-20220825/UBNA_002/20220823_033000.WAV,Telephone Field,recover-20220825,002,1795
126.4545,126.4945,68437,82763,Rhinolophus ferrumequinum,0.021,0.021,-1,Echolocation,/mnt/ubna_data_01_mir/recover-20220825/UBNA_002/20220823_033000.WAV,Telephone Field,recover-20220825,002,1795
126.4625,126.5043,68437,82873,Rhinolophus ferrumequinum,0.021,0.021,-1,Echolocation,/mnt/ubna_data_01_mir/recover-20220825/UBNA_002/20220823_033000.WAV,Telephone Field,recover-20220825,002,1795
126.4905,126.4992,22890,31218,Plecotus austriacus,0.012,0.028,-1,Echolocation,/mnt/ubna_data_01_mir/recover-20220825/UBNA_002/20220823_033000.WAV,Telephone Field,recover-20220825,002,1795
126.4925,126.5003,28906,39942,Eptesicus serotinus,0.007,0.024,-1,Echolocation,/mnt/ubna_data_01_mir/recover-20220825/UBNA_002/20220823_033000.WAV,Telephone Field,recover-20220825,002,1795
126.4985,126.5409,68437,83509,Rhinolophus ferrumequinum,0.036,0.036,-1,Echolocation,/mnt/ubna_data_01_mir/recover-20220825/UBNA_002/20220823_033000.WAV,Telephone Field,recover-20220825,002,1795
126.5205,126.5303,50390,57715,Pipistrellus pipistrellus,0.062,0.078,-1,Echolocation,/mnt/ubna_data_01_mir/recover-20220825/UBNA_002/20220823_033000.WAV,Telephone Field,recover-20220825,002,1795
126.5925,126.6323,68437,82273,Rhinolophus ferrumequinum,0.023,0.023,-1,Echolocation,/mnt/ubna_data_01_mir/recover-20220825/UBNA_002/20220823_033000.WAV,Telephone Field,recover-20220825,002,1795
126.5955,126.604,27187,35196,Eptesicus serotinus,0.007,0.022,-1,Echolocation,/mnt/ubna_data_01_mir/recover-20220825/UBNA_002/20220823_033000.WAV,Telephone Field,recover-20220825,002,1795
126.6155,126.6537,68437,81248,Rhinolophus ferrumequinum,0.021,0.021,-1,Echolocation,/mnt/ubna_data_01_mir/recover-20220825/UBNA_002/20220823_033000.WAV,Telephone Field,recover-20220825,002,1795
126.6595,126.6667,28906,41336,Eptesicus serotinus,0.008,0.025,-1,Echolocation,/mnt/ubna_data_01_mir/recover-20220825/UBNA_002/20220823_033000.WAV,Telephone Field,recover-20220825,002,1795
126.6625,126.702,68437,83248,Rhinolophus ferrumequinum,0.025,0.025,-1,Echolocation,/mnt/ubna_data_01_mir/recover-20220825/UBNA_002/20220823_033000.WAV,Telephone Field,recover-20220825,002,1795
126.6715,126.7153,68437,83655,Rhinolophus ferrumequinum,0.031,0.031,-1,Echolocation,/mnt/ubna_data_01_mir/recover-20220825/UBNA_002/20220823_033000.WAV,Telephone Field,recover-20220825,002,1795
126.7055,126.7409,68437,81677,Rhinolophus ferrumequinum,0.033,0.033,-1,Echolocation,/mnt/ubna_data_01_mir/recover-20220825/UBNA_002/20220823_033000.WAV,Telephone Field,recover-20220825,002,1795
126.7515,126.7624,22890,28408,Nyctalus leisleri,0.01,0.022,-1,Echolocation,/mnt/ubna_data_01_mir/recover-20220825/UBNA_002/20220823_033000.WAV,Telephone Field,recover-20220825,002,1795
126.7705,126.8119,68437,82278,Rhinolophus ferrumequinum,0.024,0.024,-1,Echolocation,/mnt/ubna_data_01_mir/recover-20220825/UBNA_002/20220823_033000.WAV,Telephone Field,recover-20220825,002,1795
126.7795,126.7878,25468,34606,Eptesicus serotinus,0.007,0.023,-1,Echolocation,/mnt/ubna_data_01_mir/recover-20220825/UBNA_002/20220823_033000.WAV,Telephone Field,recover-20220825,002,1795
126.7975,126.8373,68437,81632,Rhinolophus ferrumequinum,0.023,0.023,-1,Echolocation,/mnt/ubna_data_01_mir/recover-20220825/UBNA_002/20220823_033000.WAV,Telephone Field,recover-20220825,002,1795
126.8055,126.8437,68437,82234,Rhinolophus ferrumequinum,0.022,0.022,-1,Echolocation,/mnt/ubna_data_01_mir/recover-20220825/UBNA_002/20220823_033000.WAV,Telephone Field,recover-20220825,002,1795
126.8265,126.8338,23750,32370,Plecotus austriacus,0.013,0.026,-1,Echolocation,/mnt/ubna_data_01_mir/recover-20220825/UBNA_002/20220823_033000.WAV,Telephone Field,recover-20220825,002,1795
126.8415,126.8816,68437,81866,Rhinolophus ferrumequinum,0.022,0.022,-1,Echolocation,/mnt/ubna_data_01_mir/recover-20220825/UBNA_002/20220823_033000.WAV,Telephone Field,recover-20220825,002,1795
126.8605,126.8692,51250,57335,Pipistrellus pipistrellus,0.017,0.022,-1,Echolocation,/mnt/ubna_data_01_mir/recover-20220825/UBNA_002/20220823_033000.WAV,Telephone Field,recover-20220825,002,1795
126.8615,126.9002,68437,81871,Rhinolophus ferrumequinum,0.021,0.021,-1,Echolocation,/mnt/ubna_data_01_mir/recover-20220825/UBNA_002/20220823_033000.WAV,Telephone Field,recover-20220825,002,1795
126.8675,126.9077,68437,82582,Rhinolophus ferrumequinum,0.023,0.023,-1,Echolocation,/mnt/ubna_data_01_mir/recover-20220825/UBNA_002/20220823_033000.WAV,Telephone Field,recover-20220825,002,1795
126.8845,126.8913,23750,32813,Plecotus austriacus,0.012,0.027,-1,Echolocation,/mnt/ubna_data_01_mir/recover-20220825/UBNA_002/20220823_033000.WAV,Telephone Field,recover-20220825,002,1795
126.9025,126.9408,68437,82247,Rhinolophus ferrumequinum,0.023,0.023,-1,Echolocation,/mnt/ubna_data_01_mir/recover-20220825/UBNA_002/20220823_033000.WAV,Telephone Field,recover-20220825,002,1795
126.9245,126.9337,23750,31027,Plecotus austriacus,0.007,0.023,-1,Echolocation,/mnt/ubna_data_01_mir/recover-20220825/UBNA_002/20220823_033000.WAV,Telephone Field,recover-20220825,002,1795
126.9265,126.9672,68437,82552,Rhinolophus ferrumequinum,0.022,0.022,-1,Echolocation,/mnt/ubna_data_01_mir/recover-20220825/UBNA_002/20220823_033000.WAV,Telephone Field,recover-20220825,002,1795
126.9325,126.9422,38359,46491,Pipistrellus nathusii,0.008,0.024,-1,Echolocation,/mnt/ubna_data_01_mir/recover-20220825/UBNA_002/20220823_033000.WAV,Telephone Field,recover-20220825,002,1795
126.9525,126.9899,68437,81872,Rhinolophus ferrumequinum,0.025,0.025,-1,Echolocation,/mnt/ubna_data_01_mir/recover-20220825/UBNA_002/20220823_033000.WAV,Telephone Field,recover-20220825,002,1795
126.9605,127.0028,68437,82859,Rhinolophus ferrumequinum,0.028,0.028,-1,Echolocation,/mnt/ubna_data_01_mir/recover-20220825/UBNA_002/20220823_033000.WAV,Telephone Field,recover-20220825,002,1795
126.9675,126.975,23750,32903,Plecotus austriacus,0.013,0.026,-1,Echolocation,/mnt/ubna_data_01_mir/recover-20220825/UBNA_002/20220823_033000.WAV,Telephone Field,recover-20220825,002,1795
126.9875,126.9952,28906,41345,Eptesicus serotinus,0.008,0.024,-1,Echolocation,/mnt/ubna_data_01_mir/recover-20220825/UBNA_002/20220823_033000.WAV,Telephone Field,recover-20220825,002,1795
126.9975,127.03829999999999,68437,83462,Rhinolophus ferrumequinum,0.028,0.028,-1,Echolocation,/mnt/ubna_data_01_mir/recover-20220825/UBNA_002/20220823_033000.WAV,Telephone Field,recover-20220825,002,1795
127.0415,127.0758,68437,81028,Rhinolophus ferrumequinum,0.023,0.023,-1,Echolocation,/mnt/ubna_data_01_mir/recover-20220825/UBNA_002/20220823_033000.WAV,Telephone Field,recover-20220825,002,1795
127.0575,127.099,68437,83309,Rhinolophus ferrumequinum,0.032,0.032,-1,Echolocation,/mnt/ubna_data_01_mir/recover-20220825/UBNA_002/20220823_033000.WAV,Telephone Field,recover-20220825,002,1795
127.0995,127.1386,68437,82217,Rhinolophus ferrumequinum,0.03,0.03,-1,Echolocation,/mnt/ubna_data_01_mir/recover-20220825/UBNA_002/20220823_033000.WAV,Telephone Field,recover-20220825,002,1795
127.1285,127.1375,28046,35404,Eptesicus serotinus,0.01,0.022,-1,Echolocation,/mnt/ubna_data_01_mir/recover-20220825/UBNA_002/20220823_033000.WAV,Telephone Field,recover-20220825,002,1795
127.1635,127.2035,68437,81787,Rhinolophus ferrumequinum,0.023,0.023,-1,Echolocation,/mnt/ubna_data_01_mir/recover-20220825/UBNA_002/20220823_033000.WAV,Telephone Field,recover-20220825,002,1795
127.2015,127.2414,68437,82224,Rhinolophus ferrumequinum,0.022,0.022,-1,Echolocation,/mnt/ubna_data_01_mir/recover-20220825/UBNA_002/20220823_033000.WAV,Telephone Field,recover-20220825,002,1795
127.2355,127.2722,68437,81509,Rhinolophus ferrumequinum,0.023,0.023,-1,Echolocation,/mnt/ubna_data_01_mir/recover-20220825/UBNA_002/20220823_033000.WAV,Telephone Field,recover-20220825,002,1795
127.25450000000001,127.2673,32343,36960,Pipistrellus nathusii,0.019,0.064,-1,Echolocation,/mnt/ubna_data_01_mir/recover-20220825/UBNA_002/20220823_033000.WAV,Telephone Field,recover-20220825,002,1795
127.2815,127.2882,27187,39446,Eptesicus serotinus,0.006,0.024,-1,Echolocation,/mnt/ubna_data_01_mir/recover-20220825/UBNA_002/20220823_033000.WAV,Telephone Field,recover-20220825,002,1795
127.2825,127.326,68437,82759,Rhinolophus ferrumequinum,0.035,0.035,-1,Echolocation,/mnt/ubna_data_01_mir/recover-20220825/UBNA_002/20220823_033000.WAV,Telephone Field,recover-20220825,002,1795
127.3235,127.3347,23750,29754,Nyctalus leisleri,0.01,0.024,-1,Echolocation,/mnt/ubna_data_01_mir/recover-20220825/UBNA_002/20220823_033000.WAV,Telephone Field,recover-20220825,002,1795
127.3405,127.3485,23750,32129,Plecotus austriacus,0.011,0.024,-1,Echolocation,/mnt/ubna_data_01_mir/recover-20220825/UBNA_002/20220823_033000.WAV,Telephone Field,recover-20220825,002,1795
127.3405,127.3477,29765,39151,Eptesicus serotinus,0.009,0.027,-1,Echolocation,/mnt/ubna_data_01_mir/recover-20220825/UBNA_002/20220823_033000.WAV,Telephone Field,recover-20220825,002,1795
127.3755,127.3827,27187,41526,Eptesicus serotinus,0.008,0.023,-1,Echolocation,/mnt/ubna_data_01_mir/recover-20220825/UBNA_002/20220823_033000.WAV,Telephone Field,recover-20220825,002,1795
127.3815,127.389,28906,40729,Eptesicus serotinus,0.007,0.022,-1,Echolocation,/mnt/ubna_data_01_mir/recover-20220825/UBNA_002/20220823_033000.WAV,Telephone Field,recover-20220825,002,1795
127.4615,127.5026,68437,81966,Rhinolophus ferrumequinum,0.023,0.023,-1,Echolocation,/mnt/ubna_data_01_mir/recover-20220825/UBNA_002/20220823_033000.WAV,Telephone Field,recover-20220825,002,1795
127.48949999999999,127.4981,28046,37407,Eptesicus serotinus,0.009,0.023,-1,Echolocation,/mnt/ubna_data_01_mir/recover-20220825/UBNA_002/20220823_033000.WAV,Telephone Field,recover-20220825,002,1795
127.5025,127.512,24609,32146,Eptesicus serotinus,0.008,0.021,-1,Echolocation,/mnt/ubna_data_01_mir/recover-20220825/UBNA_002/20220823_033000.WAV,Telephone Field,recover-20220825,002,1795
127.5075,127.5185,45234,52653,Pipistrellus pipistrellus,0.022,0.024,-1,Echolocation,/mnt/ubna_data_01_mir/recover-20220825/UBNA_002/20220823_033000.WAV,Telephone Field,recover-20220825,002,1795
127.5655,127.581,22890,26787,Nyctalus leisleri,0.03,0.051,-1,Echolocation,/mnt/ubna_data_01_mir/recover-20220825/UBNA_002/20220823_033000.WAV,Telephone Field,recover-20220825,002,1795
127.5675,127.5768,50390,54281,Pipistrellus pipistrellus,0.019,0.023,-1,Echolocation,/mnt/ubna_data_01_mir/recover-20220825/UBNA_002/20220823_033000.WAV,Telephone Field,recover-20220825,002,1795
127.5915,127.6367,68437,83499,Rhinolophus ferrumequinum,0.037,0.037,-1,Echolocation,/mnt/ubna_data_01_mir/recover-20220825/UBNA_002/20220823_033000.WAV,Telephone Field,recover-20220825,002,1795
127.6255,127.6687,68437,83169,Rhinolophus ferrumequinum,0.028,0.028,-1,Echolocation,/mnt/ubna_data_01_mir/recover-20220825/UBNA_002/20220823_033000.WAV,Telephone Field,recover-20220825,002,1795
127.6535,127.6888,68437,81214,Rhinolophus ferrumequinum,0.022,0.022,-1,Echolocation,/mnt/ubna_data_01_mir/recover-20220825/UBNA_002/20220823_033000.WAV,Telephone Field,recover-20220825,002,1795
127.6695,127.7089,68437,82201,Rhinolophus ferrumequinum,0.024,0.024,-1,Echolocation,/mnt/ubna_data_01_mir/recover-20220825/UBNA_002/20220823_033000.WAV,Telephone Field,recover-20220825,002,1795
127.6945,127.7037,22890,30009,Plecotus austriacus,0.009,0.026,-1,Echolocation,/mnt/ubna_data_01_mir/recover-20220825/UBNA_002/20220823_033000.WAV,Telephone Field,recover-20220825,002,1795
127.7505,127.7848,68437,81023,Rhinolophus ferrumequinum,0.022,0.022,-1,Echolocation,/mnt/ubna_data_01_mir/recover-20220825/UBNA_002/20220823_033000.WAV,Telephone Field,recover-20220825,002,1795
127.76050000000001,127.8007,68437,82834,Rhinolophus ferrumequinum,0.024,0.024,-1,Echolocation,/mnt/ubna_data_01_mir/recover-20220825/UBNA_002/20220823_033000.WAV,Telephone Field,recover-20220825,002,1795
127.7855,127.8246,68437,82231,Rhinolophus ferrumequinum,0.023,0.023,-1,Echolocation,/mnt/ubna_data_01_mir/recover-20220825/UBNA_002/20220823_033000.WAV,Telephone Field,recover-20220825,002,1795
127.8305,127.8696,68437,82263,Rhinolophus ferrumequinum,0.022,0.022,-1,Echolocation,/mnt/ubna_data_01_mir/recover-20220825/UBNA_002/20220823_033000.WAV,Telephone Field,recover-20220825,002,1795
127.8675,127.9112,68437,83002,Rhinolophus ferrumequinum,0.027,0.027,-1,Echolocation,/mnt/ubna_data_01_mir/recover-20220825/UBNA_002/20220823_033000.WAV,Telephone Field,recover-20220825,002,1795
127.8805,127.889,14296,25190,Plecotus auritus,0.015,0.024,-1,Echolocation,/mnt/ubna_data_01_mir/recover-20220825/UBNA_002/20220823_033000.WAV,Telephone Field,recover-20220825,002,1795
127.9045,127.9147,23750,30156,Nyctalus leisleri,0.009,0.022,-1,Echolocation,/mnt/ubna_data_01_mir/recover-20220825/UBNA_002/20220823_033000.WAV,Telephone Field,recover-20220825,002,1795
127.9135,127.9235,22890,27994,Nyctalus leisleri,0.01,0.022,-1,Echolocation,/mnt/ubna_data_01_mir/recover-20220825/UBNA_002/20220823_033000.WAV,Telephone Field,recover-20220825,002,1795
127.9385,127.9768,68437,82332,Rhinolophus ferrumequinum,0.026,0.026,-1,Echolocation,/mnt/ubna_data_01_mir/recover-20220825/UBNA_002/20220823_033000.WAV,Telephone Field,recover-20220825,002,1795
127.9605,127.9676,23750,32380,Plecotus austriacus,0.009,0.022,-1,Echolocation,/mnt/ubna_data_01_mir/recover-20220825/UBNA_002/20220823_033000.WAV,Telephone Field,recover-20220825,002,1795
127.9845,127.99549999999999,24609,31422,Nyctalus leisleri,0.015,0.038,-1,Echolocation,/mnt/ubna_data_01_mir/recover-20220825/UBNA_002/20220823_033000.WAV,Telephone Field,recover-20220825,002,1795
128.0015,128.0088,46093,50728,Pipistrellus pipistrellus,0.017,0.026,-1,Echolocation,/mnt/ubna_data_01_mir/recover-20220825/UBNA_002/20220823_033000.WAV,Telephone Field,recover-20220825,002,1795
128.0015,128.0329,69296,81320,Rhinolophus ferrumequinum,0.029,0.029,-1,Echolocation,/mnt/ubna_data_01_mir/recover-20220825/UBNA_002/20220823_033000.WAV,Telephone Field,recover-20220825,002,1795
128.0015,128.0096,23750,30198,Nyctalus leisleri,0.01,0.027,-1,Echolocation,/mnt/ubna_data_01_mir/recover-20220825/UBNA_002/20220823_033000.WAV,Telephone Field,recover-20220825,002,1795
128.0125,128.0241,14296,21147,Nyctalus noctula,0.013,0.023,-1,Echolocation,/mnt/ubna_data_01_mir/recover-20220825/UBNA_002/20220823_033000.WAV,Telephone Field,recover-20220825,002,1795
128.0595,128.0978,68437,81786,Rhinolophus ferrumequinum,0.022,0.022,-1,Echolocation,/mnt/ubna_data_01_mir/recover-20220825/UBNA_002/20220823_033000.WAV,Telephone Field,recover-20220825,002,1795
128.0605,128.0674,24609,34394,Plecotus austriacus,0.009,0.025,-1,Echolocation,/mnt/ubna_data_01_mir/recover-20220825/UBNA_002/20220823_033000.WAV,Telephone Field,recover-20220825,002,1795
128.1115,128.1219,27187,33682,Eptesicus serotinus,0.011,0.023,-1,Echolocation,/mnt/ubna_data_01_mir/recover-20220825/UBNA_002/20220823_033000.WAV,Telephone Field,recover-20220825,002,1795
128.1405,128.1761,68437,81114,Rhinolophus ferrumequinum,0.023,0.023,-1,Echolocation,/mnt/ubna_data_01_mir/recover-20220825/UBNA_002/20220823_033000.WAV,Telephone Field,recover-20220825,002,1795
128.1535,128.1941,68437,83530,Rhinolophus ferrumequinum,0.04,0.04,-1,Echolocation,/mnt/ubna_data_01_mir/recover-20220825/UBNA_002/20220823_033000.WAV,Telephone Field,recover-20220825,002,1795
128.1725,128.2128,68437,83162,Rhinolophus ferrumequinum,0.028,0.028,-1,Echolocation,/mnt/ubna_data_01_mir/recover-20220825/UBNA_002/20220823_033000.WAV,Telephone Field,recover-20220825,002,1795
128.19650000000001,128.2152,19453,22521,Nyctalus noctula,0.013,0.026,-1,Echolocation,/mnt/ubna_data_01_mir/recover-20220825/UBNA_002/20220823_033000.WAV,Telephone Field,recover-20220825,002,1795
128.20850000000002,128.2184,22890,29400,Nyctalus leisleri,0.008,0.024,-1,Echolocation,/mnt/ubna_data_01_mir/recover-20220825/UBNA_002/20220823_033000.WAV,Telephone Field,recover-20220825,002,1795
128.2575,128.2988,68437,82492,Rhinolophus ferrumequinum,0.024,0.024,-1,Echolocation,/mnt/ubna_data_01_mir/recover-20220825/UBNA_002/20220823_033000.WAV,Telephone Field,recover-20220825,002,1795
128.2625,128.2726,22890,29081,Nyctalus leisleri,0.01,0.027,-1,Echolocation,/mnt/ubna_data_01_mir/recover-20220825/UBNA_002/20220823_033000.WAV,Telephone Field,recover-20220825,002,1795
128.2665,128.3046,68437,81448,Rhinolophus ferrumequinum,0.022,0.022,-1,Echolocation,/mnt/ubna_data_01_mir/recover-20220825/UBNA_002/20220823_033000.WAV,Telephone Field,recover-20220825,002,1795
128.2905,128.3315,68437,82700,Rhinolophus ferrumequinum,0.024,0.024,-1,Echolocation,/mnt/ubna_data_01_mir/recover-20220825/UBNA_002/20220823_033000.WAV,Telephone Field,recover-20220825,002,1795
128.3175,128.3559,68437,82240,Rhinolophus ferrumequinum,0.025,0.025,-1,Echolocation,/mnt/ubna_data_01_mir/recover-20220825/UBNA_002/20220823_033000.WAV,Telephone Field,recover-20220825,002,1795
128.3545,128.3669,28906,35644,Eptesicus serotinus,0.026,0.04,-1,Echolocation,/mnt/ubna_data_01_mir/recover-20220825/UBNA_002/20220823_033000.WAV,Telephone Field,recover-20220825,002,1795
128.3545,128.3954,68437,83214,Rhinolophus ferrumequinum,0.022,0.022,-1,Echolocation,/mnt/ubna_data_01_mir/recover-20220825/UBNA_002/20220823_033000.WAV,Telephone Field,recover-20220825,002,1795
128.3755,128.4161,68437,82480,Rhinolophus ferrumequinum,0.026,0.026,-1,Echolocation,/mnt/ubna_data_01_mir/recover-20220825/UBNA_002/20220823_033000.WAV,Telephone Field,recover-20220825,002,1795
128.3815,128.3887,23750,32795,Plecotus austriacus,0.011,0.025,-1,Echolocation,/mnt/ubna_data_01_mir/recover-20220825/UBNA_002/20220823_033000.WAV,Telephone Field,recover-20220825,002,1795
128.4175,128.4568,68437,82155,Rhinolophus ferrumequinum,0.028,0.028,-1,Echolocation,/mnt/ubna_data_01_mir/recover-20220825/UBNA_002/20220823_033000.WAV,Telephone Field,recover-20220825,002,1795
128.4645,128.4997,68437,81859,Rhinolophus ferrumequinum,0.022,0.023,-1,Echolocation,/mnt/ubna_data_01_mir/recover-20220825/UBNA_002/20220823_033000.WAV,Telephone Field,recover-20220825,002,1795
128.4845,128.5284,68437,83363,Rhinolophus ferrumequinum,0.037,0.037,-1,Echolocation,/mnt/ubna_data_01_mir/recover-20220825/UBNA_002/20220823_033000.WAV,Telephone Field,recover-20220825,002,1795
128.4855,128.4967,43515,47420,Pipistrellus pipistrellus,0.054,0.06,-1,Echolocation,/mnt/ubna_data_01_mir/recover-20220825/UBNA_002/20220823_033000.WAV,Telephone Field,recover-20220825,002,1795
128.4935,128.5051,22890,28288,Nyctalus leisleri,0.012,0.025,-1,Echolocation,/mnt/ubna_data_01_mir/recover-20220825/UBNA_002/20220823_033000.WAV,Telephone Field,recover-20220825,002,1795
128.5085,128.5423,68437,81739,Rhinolophus ferrumequinum,0.023,0.023,-1,Echolocation,/mnt/ubna_data_01_mir/recover-20220825/UBNA_002/20220823_033000.WAV,Telephone Field,recover-20220825,002,1795
128.5425,128.5526,26328,34895,Eptesicus serotinus,0.011,0.025,-1,Echolocation,/mnt/ubna_data_01_mir/recover-20220825/UBNA_002/20220823_033000.WAV,Telephone Field,recover-20220825,002,1795
128.5625,128.6009,68437,81728,Rhinolophus ferrumequinum,0.023,0.023,-1,Echolocation,/mnt/ubna_data_01_mir/recover-20220825/UBNA_002/20220823_033000.WAV,Telephone Field,recover-20220825,002,1795
128.5625,128.5745,48671,53778,Pipistrellus pipistrellus,0.02,0.026,-1,Echolocation,/mnt/ubna_data_01_mir/recover-20220825/UBNA_002/20220823_033000.WAV,Telephone Field,recover-20220825,002,1795
128.5665,128.5741,28046,41499,Eptesicus serotinus,0.008,0.022,-1,Echolocation,/mnt/ubna_data_01_mir/recover-20220825/UBNA_002/20220823_033000.WAV,Telephone Field,recover-20220825,002,1795
128.5795,128.6175,68437,82254,Rhinolophus ferrumequinum,0.023,0.023,-1,Echolocation,/mnt/ubna_data_01_mir/recover-20220825/UBNA_002/20220823_033000.WAV,Telephone Field,recover-20220825,002,1795
128.5955,128.6353,68437,83261,Rhinolophus ferrumequinum,0.029,0.029,-1,Echolocation,/mnt/ubna_data_01_mir/recover-20220825/UBNA_002/20220823_033000.WAV,Telephone Field,recover-20220825,002,1795
128.5965,128.6037,23750,32737,Plecotus austriacus,0.013,0.029,-1,Echolocation,/mnt/ubna_data_01_mir/recover-20220825/UBNA_002/20220823_033000.WAV,Telephone Field,recover-20220825,002,1795
128.6305,128.6375,23750,36075,Plecotus austriacus,0.012,0.027,-1,Echolocation,/mnt/ubna_data_01_mir/recover-20220825/UBNA_002/20220823_033000.WAV,Telephone Field,recover-20220825,002,1795
128.6705,128.6808,22890,28415,Nyctalus leisleri,0.01,0.023,-1,Echolocation,/mnt/ubna_data_01_mir/recover-20220825/UBNA_002/20220823_033000.WAV,Telephone Field,recover-20220825,002,1795
128.6955,128.7066,23750,29893,Nyctalus leisleri,0.01,0.027,-1,Echolocation,/mnt/ubna_data_01_mir/recover-20220825/UBNA_002/20220823_033000.WAV,Telephone Field,recover-20220825,002,1795
128.7045,128.7139,23750,30945,Plecotus austriacus,0.01,0.031,-1,Echolocation,/mnt/ubna_data_01_mir/recover-20220825/UBNA_002/20220823_033000.WAV,Telephone Field,recover-20220825,002,1795
128.7115,128.7518,68437,82350,Rhinolophus ferrumequinum,0.028,0.028,-1,Echolocation,/mnt/ubna_data_01_mir/recover-20220825/UBNA_002/20220823_033000.WAV,Telephone Field,recover-20220825,002,1795
128.7385,128.7792,68437,82526,Rhinolophus ferrumequinum,0.024,0.024,-1,Echolocation,/mnt/ubna_data_01_mir/recover-20220825/UBNA_002/20220823_033000.WAV,Telephone Field,recover-20220825,002,1795
128.7645,128.8005,68437,81669,Rhinolophus ferrumequinum,0.023,0.023,-1,Echolocation,/mnt/ubna_data_01_mir/recover-20220825/UBNA_002/20220823_033000.WAV,Telephone Field,recover-20220825,002,1795
128.7855,128.798,23750,28952,Nyctalus leisleri,0.014,0.029,-1,Echolocation,/mnt/ubna_data_01_mir/recover-20220825/UBNA_002/20220823_033000.WAV,Telephone Field,recover-20220825,002,1795
128.7995,128.8334,68437,81980,Rhinolophus ferrumequinum,0.021,0.022,-1,Echolocation,/mnt/ubna_data_01_mir/recover-20220825/UBNA_002/20220823_033000.WAV,Telephone Field,recover-20220825,002,1795
128.8305,128.8697,68437,82185,Rhinolophus ferrumequinum,0.022,0.022,-1,Echolocation,/mnt/ubna_data_01_mir/recover-20220825/UBNA_002/20220823_033000.WAV,Telephone Field,recover-20220825,002,1795
128.8495,128.8568,26328,35444,Eptesicus serotinus,0.007,0.023,-1,Echolocation,/mnt/ubna_data_01_mir/recover-20220825/UBNA_002/20220823_033000.WAV,Telephone Field,recover-20220825,002,1795
128.8655,128.9045,68437,82406,Rhinolophus ferrumequinum,0.023,0.023,-1,Echolocation,/mnt/ubna_data_01_mir/recover-20220825/UBNA_002/20220823_033000.WAV,Telephone Field,recover-20220825,002,1795
128.8815,128.9218,68437,82793,Rhinolophus ferrumequinum,0.025,0.025,-1,Echolocation,/mnt/ubna_data_01_mir/recover-20220825/UBNA_002/20220823_033000.WAV,Telephone Field,recover-20220825,002,1795
128.9075,128.9474,68437,82183,Rhinolophus ferrumequinum,0.022,0.022,-1,Echolocation,/mnt/ubna_data_01_mir/recover-20220825/UBNA_002/20220823_033000.WAV,Telephone Field,recover-20220825,002,1795
128.9385,128.97899999999998,68437,82488,Rhinolophus ferrumequinum,0.029,0.029,-1,Echolocation,/mnt/ubna_data_01_mir/recover-20220825/UBNA_002/20220823_033000.WAV,Telephone Field,recover-20220825,002,1795
128.9625,128.9781,22031,25948,Nyctalus leisleri,0.025,0.049,-1,Echolocation,/mnt/ubna_data_01_mir/recover-20220825/UBNA_002/20220823_033000.WAV,Telephone Field,recover-20220825,002,1795
128.9705,129.0093,68437,82282,Rhinolophus ferrumequinum,0.026,0.026,-1,Echolocation,/mnt/ubna_data_01_mir/recover-20220825/UBNA_002/20220823_033000.WAV,Telephone Field,recover-20220825,002,1795
129.0065,129.0149,28906,41686,Eptesicus serotinus,0.008,0.023,-1,Echolocation,/mnt/ubna_data_01_mir/recover-20220825/UBNA_002/20220823_033000.WAV,Telephone Field,recover-20220825,002,1795
129.0275,129.041,20312,24377,Nyctalus leisleri,0.014,0.031,-1,Echolocation,/mnt/ubna_data_01_mir/recover-20220825/UBNA_002/20220823_033000.WAV,Telephone Field,recover-20220825,002,1795
129.0435,129.0866,68437,82873,Rhinolophus ferrumequinum,0.03,0.03,-1,Echolocation,/mnt/ubna_data_01_mir/recover-20220825/UBNA_002/20220823_033000.WAV,Telephone Field,recover-20220825,002,1795
129.0525,129.0913,68437,82584,Rhinolophus ferrumequinum,0.024,0.024,-1,Echolocation,/mnt/ubna_data_01_mir/recover-20220825/UBNA_002/20220823_033000.WAV,Telephone Field,recover-20220825,002,1795
129.0685,129.1048,68437,82438,Rhinolophus ferrumequinum,0.022,0.022,-1,Echolocation,/mnt/ubna_data_01_mir/recover-20220825/UBNA_002/20220823_033000.WAV,Telephone Field,recover-20220825,002,1795
129.0785,129.0921,34062,39076,Eptesicus serotinus,0.007,0.029,-1,Echolocation,/mnt/ubna_data_01_mir/recover-20220825/UBNA_002/20220823_033000.WAV,Telephone Field,recover-20220825,002,1795
129.0795,129.0889,28046,38209,Eptesicus serotinus,0.009,0.022,-1,Echolocation,/mnt/ubna_data_01_mir/recover-20220825/UBNA_002/20220823_033000.WAV,Telephone Field,recover-20220825,002,1795
129.0985,129.1082,27187,35444,Eptesicus serotinus,0.01,0.022,-1,Echolocation,/mnt/ubna_data_01_mir/recover-20220825/UBNA_002/20220823_033000.WAV,Telephone Field,recover-20220825,002,1795
129.1285,129.1392,14296,20081,Nyctalus noctula,0.026,0.043,-1,Echolocation,/mnt/ubna_data_01_mir/recover-20220825/UBNA_002/20220823_033000.WAV,Telephone Field,recover-20220825,002,1795
129.1485,129.1876,68437,82495,Rhinolophus ferrumequinum,0.025,0.025,-1,Echolocation,/mnt/ubna_data_01_mir/recover-20220825/UBNA_002/20220823_033000.WAV,Telephone Field,recover-20220825,002,1795
129.1715,129.2131,68437,82779,Rhinolophus ferrumequinum,0.023,0.023,-1,Echolocation,/mnt/ubna_data_01_mir/recover-20220825/UBNA_002/20220823_033000.WAV,Telephone Field,recover-20220825,002,1795
129.1975,129.2082,26328,33661,Eptesicus serotinus,0.016,0.03,-1,Echolocation,/mnt/ubna_data_01_mir/recover-20220825/UBNA_002/20220823_033000.WAV,Telephone Field,recover-20220825,002,1795
129.1995,129.2385,68437,82304,Rhinolophus ferrumequinum,0.023,0.023,-1,Echolocation,/mnt/ubna_data_01_mir/recover-20220825/UBNA_002/20220823_033000.WAV,Telephone Field,recover-20220825,002,1795
129.2065,129.2141,28046,43056,Eptesicus serotinus,0.007,0.022,-1,Echolocation,/mnt/ubna_data_01_mir/recover-20220825/UBNA_002/20220823_033000.WAV,Telephone Field,recover-20220825,002,1795
129.2445,129.2522,28046,40687,Eptesicus serotinus,0.008,0.022,-1,Echolocation,/mnt/ubna_data_01_mir/recover-20220825/UBNA_002/20220823_033000.WAV,Telephone Field,recover-20220825,002,1795
129.2465,129.2871,68437,81603,Rhinolophus ferrumequinum,0.024,0.024,-1,Echolocation,/mnt/ubna_data_01_mir/recover-20220825/UBNA_002/20220823_033000.WAV,Telephone Field,recover-20220825,002,1795
129.2585,129.2983,68437,82236,Rhinolophus ferrumequinum,0.024,0.024,-1,Echolocation,/mnt/ubna_data_01_mir/recover-20220825/UBNA_002/20220823_033000.WAV,Telephone Field,recover-20220825,002,1795
129.2835,129.2945,40937,48463,Pipistrellus nathusii,0.014,0.029,-1,Echolocation,/mnt/ubna_data_01_mir/recover-20220825/UBNA_002/20220823_033000.WAV,Telephone Field,recover-20220825,002,1795
129.2845,129.3208,68437,81457,Rhinolophus ferrumequinum,0.022,0.022,-1,Echolocation,/mnt/ubna_data_01_mir/recover-20220825/UBNA_002/20220823_033000.WAV,Telephone Field,recover-20220825,002,1795
129.3125,129.3485,68437,81931,Rhinolophus ferrumequinum,0.023,0.023,-1,Echolocation,/mnt/ubna_data_01_mir/recover-20220825/UBNA_002/20220823_033000.WAV,Telephone Field,recover-20220825,002,1795
129.3135,129.3241,14296,20295,Nyctalus noctula,0.017,0.029,-1,Echolocation,/mnt/ubna_data_01_mir/recover-20220825/UBNA_002/20220823_033000.WAV,Telephone Field,recover-20220825,002,1795
129.3655,129.406,68437,82489,Rhinolophus ferrumequinum,0.023,0.023,-1,Echolocation,/mnt/ubna_data_01_mir/recover-20220825/UBNA_002/20220823_033000.WAV,Telephone Field,recover-20220825,002,1795
129.3785,129.3876,22890,30376,Plecotus austriacus,0.008,0.023,-1,Echolocation,/mnt/ubna_data_01_mir/recover-20220825/UBNA_002/20220823_033000.WAV,Telephone Field,recover-20220825,002,1795
129.4105,129.4236,22031,26592,Nyctalus leisleri,0.014,0.028,-1,Echolocation,/mnt/ubna_data_01_mir/recover-20220825/UBNA_002/20220823_033000.WAV,Telephone Field,recover-20220825,002,1795
129.4485,129.4625,22031,26950,Nyctalus leisleri,0.018,0.038,-1,Echolocation,/mnt/ubna_data_01_mir/recover-20220825/UBNA_002/20220823_033000.WAV,Telephone Field,recover-20220825,002,1795
129.4595,129.4971,68437,82496,Rhinolophus ferrumequinum,0.022,0.022,-1,Echolocation,/mnt/ubna_data_01_mir/recover-20220825/UBNA_002/20220823_033000.WAV,Telephone Field,recover-20220825,002,1795
129.4705,129.5081,68437,82316,Rhinolophus ferrumequinum,0.022,0.022,-1,Echolocation,/mnt/ubna_data_01_mir/recover-20220825/UBNA_002/20220823_033000.WAV,Telephone Field,recover-20220825,002,1795
129.4895,129.5031,22890,27731,Nyctalus leisleri,0.011,0.022,-1,Echolocation,/mnt/ubna_data_01_mir/recover-20220825/UBNA_002/20220823_033000.WAV,Telephone Field,recover-20220825,002,1795
129.5015,129.5399,68437,82152,Rhinolophus ferrumequinum,0.031,0.031,-1,Echolocation,/mnt/ubna_data_01_mir/recover-20220825/UBNA_002/20220823_033000.WAV,Telephone Field,recover-20220825,002,1795
129.5025,129.5128,28046,35961,Eptesicus serotinus,0.011,0.024,-1,Echolocation,/mnt/ubna_data_01_mir/recover-20220825/UBNA_002/20220823_033000.WAV,Telephone Field,recover-20220825,002,1795
129.5245,129.5593,68437,81865,Rhinolophus ferrumequinum,0.022,0.022,-1,Echolocation,/mnt/ubna_data_01_mir/recover-20220825/UBNA_002/20220823_033000.WAV,Telephone Field,recover-20220825,002,1795
129.5355,129.575,68437,81832,Rhinolophus ferrumequinum,0.023,0.023,-1,Echolocation,/mnt/ubna_data_01_mir/recover-20220825/UBNA_002/20220823_033000.WAV,Telephone Field,recover-20220825,002,1795
129.6035,129.6139,40078,44935,Pipistrellus nathusii,0.011,0.022,-1,Echolocation,/mnt/ubna_data_01_mir/recover-20220825/UBNA_002/20220823_033000.WAV,Telephone Field,recover-20220825,002,1795
129.6075,129.6463,68437,82061,Rhinolophus ferrumequinum,0.023,0.023,-1,Echolocation,/mnt/ubna_data_01_mir/recover-20220825/UBNA_002/20220823_033000.WAV,Telephone Field,recover-20220825,002,1795
129.6175,129.627,28906,36608,Eptesicus serotinus,0.009,0.023,-1,Echolocation,/mnt/ubna_data_01_mir/recover-20220825/UBNA_002/20220823_033000.WAV,Telephone Field,recover-20220825,002,1795
129.6795,129.6877,23750,31826,Plecotus austriacus,0.01,0.026,-1,Echolocation,/mnt/ubna_data_01_mir/recover-20220825/UBNA_002/20220823_033000.WAV,Telephone Field,recover-20220825,002,1795
129.6985,129.7375,68437,82433,Rhinolophus ferrumequinum,0.023,0.023,-1,Echolocation,/mnt/ubna_data_01_mir/recover-20220825/UBNA_002/20220823_033000.WAV,Telephone Field,recover-20220825,002,1795
129.7345,129.7432,28906,41057,Eptesicus serotinus,0.011,0.03,-1,Echolocation,/mnt/ubna_data_01_mir/recover-20220825/UBNA_002/20220823_033000.WAV,Telephone Field,recover-20220825,002,1795
129.7585,129.801,68437,82556,Rhinolophus ferrumequinum,0.037,0.037,-1,Echolocation,/mnt/ubna_data_01_mir/recover-20220825/UBNA_002/20220823_033000.WAV,Telephone Field,recover-20220825,002,1795
129.7595,129.7676,22890,31874,Plecotus austriacus,0.02,0.048,-1,Echolocation,/mnt/ubna_data_01_mir/recover-20220825/UBNA_002/20220823_033000.WAV,Telephone Field,recover-20220825,002,1795
129.7785,129.8181,68437,82331,Rhinolophus ferrumequinum,0.022,0.022,-1,Echolocation,/mnt/ubna_data_01_mir/recover-20220825/UBNA_002/20220823_033000.WAV,Telephone Field,recover-20220825,002,1795
129.82150000000001,129.8403,18593,22173,Nyctalus noctula,0.014,0.026,-1,Echolocation,/mnt/ubna_data_01_mir/recover-20220825/UBNA_002/20220823_033000.WAV,Telephone Field,recover-20220825,002,1795
129.8265,129.8662,68437,82451,Rhinolophus ferrumequinum,0.032,0.032,-1,Echolocation,/mnt/ubna_data_01_mir/recover-20220825/UBNA_002/20220823_033000.WAV,Telephone Field,recover-20220825,002,1795
129.8385,129.873,68437,81327,Rhinolophus ferrumequinum,0.025,0.025,-1,Echolocation,/mnt/ubna_data_01_mir/recover-20220825/UBNA_002/20220823_033000.WAV,Telephone Field,recover-20220825,002,1795
129.8795,129.8912,23750,29218,Nyctalus leisleri,0.012,0.026,-1,Echolocation,/mnt/ubna_data_01_mir/recover-20220825/UBNA_002/20220823_033000.WAV,Telephone Field,recover-20220825,002,1795
129.9305,129.9757,68437,83964,Rhinolophus ferrumequinum,0.05,0.05,-1,Echolocation,/mnt/ubna_data_01_mir/recover-20220825/UBNA_002/20220823_033000.WAV,Telephone Field,recover-20220825,002,1795
129.9335,129.9435,25468,33425,Eptesicus serotinus,0.01,0.026,-1,Echolocation,/mnt/ubna_data_01_mir/recover-20220825/UBNA_002/20220823_033000.WAV,Telephone Field,recover-20220825,002,1795
129.9505,129.9591,28046,38855,Eptesicus serotinus,0.009,0.025,-1,Echolocation,/mnt/ubna_data_01_mir/recover-20220825/UBNA_002/20220823_033000.WAV,Telephone Field,recover-20220825,002,1795
129.95850000000002,129.99869999999999,68437,82652,Rhinolophus ferrumequinum,0.027,0.027,-1,Echolocation,/mnt/ubna_data_01_mir/recover-20220825/UBNA_002/20220823_033000.WAV,Telephone Field,recover-20220825,002,1795
130.0015,130.0099,46953,52112,Pipistrellus pipistrellus,0.019,0.025,-1,Echolocation,/mnt/ubna_data_01_mir/recover-20220825/UBNA_002/20220823_033000.WAV,Telephone Field,recover-20220825,002,1795
130.0015,130.0088,23750,35122,Plecotus austriacus,0.008,0.032,-1,Echolocation,/mnt/ubna_data_01_mir/recover-20220825/UBNA_002/20220823_033000.WAV,Telephone Field,recover-20220825,002,1795
130.0015,130.0325,68437,80052,Rhinolophus ferrumequinum,0.033,0.034,-1,Echolocation,/mnt/ubna_data_01_mir/recover-20220825/UBNA_002/20220823_033000.WAV,Telephone Field,recover-20220825,002,1795
130.0145,130.0311,21171,24467,Nyctalus leisleri,0.013,0.021,-1,Echolocation,/mnt/ubna_data_01_mir/recover-20220825/UBNA_002/20220823_033000.WAV,Telephone Field,recover-20220825,002,1795
130.0165,130.0581,68437,81254,Rhinolophus ferrumequinum,0.024,0.024,-1,Echolocation,/mnt/ubna_data_01_mir/recover-20220825/UBNA_002/20220823_033000.WAV,Telephone Field,recover-20220825,002,1795
130.0445,130.0552,28906,36059,Eptesicus serotinus,0.016,0.03,-1,Echolocation,/mnt/ubna_data_01_mir/recover-20220825/UBNA_002/20220823_033000.WAV,Telephone Field,recover-20220825,002,1795
130.0785,130.0853,28046,39929,Eptesicus serotinus,0.006,0.022,-1,Echolocation,/mnt/ubna_data_01_mir/recover-20220825/UBNA_002/20220823_033000.WAV,Telephone Field,recover-20220825,002,1795
130.1105,130.1501,68437,82300,Rhinolophus ferrumequinum,0.027,0.027,-1,Echolocation,/mnt/ubna_data_01_mir/recover-20220825/UBNA_002/20220823_033000.WAV,Telephone Field,recover-20220825,002,1795
130.1645,130.1807,22031,25985,Nyctalus leisleri,0.017,0.03,-1,Echolocation,/mnt/ubna_data_01_mir/recover-20220825/UBNA_002/20220823_033000.WAV,Telephone Field,recover-20220825,002,1795
130.1675,130.2079,68437,82871,Rhinolophus ferrumequinum,0.027,0.027,-1,Echolocation,/mnt/ubna_data_01_mir/recover-20220825/UBNA_002/20220823_033000.WAV,Telephone Field,recover-20220825,002,1795
130.1925,130.2005,28906,38574,Eptesicus serotinus,0.007,0.023,-1,Echolocation,/mnt/ubna_data_01_mir/recover-20220825/UBNA_002/20220823_033000.WAV,Telephone Field,recover-20220825,002,1795
130.2175,130.2586,68437,82493,Rhinolophus ferrumequinum,0.033,0.033,-1,Echolocation,/mnt/ubna_data_01_mir/recover-20220825/UBNA_002/20220823_033000.WAV,Telephone Field,recover-20220825,002,1795
130.2255,130.2364,42656,45489,Pipistrellus pipistrellus,0.018,0.023,-1,Echolocation,/mnt/ubna_data_01_mir/recover-20220825/UBNA_002/20220823_033000.WAV,Telephone Field,recover-20220825,002,1795
130.2575,130.2653,27187,35206,Eptesicus serotinus,0.013,0.031,-1,Echolocation,/mnt/ubna_data_01_mir/recover-20220825/UBNA_002/20220823_033000.WAV,Telephone Field,recover-20220825,002,1795
130.2655,130.2735,46953,50720,Pipistrellus pipistrellus,0.064,0.069,-1,Echolocation,/mnt/ubna_data_01_mir/recover-20220825/UBNA_002/20220823_033000.WAV,Telephone Field,recover-20220825,002,1795
130.2745,130.3113,68437,81996,Rhinolophus ferrumequinum,0.021,0.021,-1,Echolocation,/mnt/ubna_data_01_mir/recover-20220825/UBNA_002/20220823_033000.WAV,Telephone Field,recover-20220825,002,1795
130.29149999999998,130.32920000000001,68437,82468,Rhinolophus ferrumequinum,0.026,0.026,-1,Echolocation,/mnt/ubna_data_01_mir/recover-20220825/UBNA_002/20220823_033000.WAV,Telephone Field,recover-20220825,002,1795
130.3045,130.3433,68437,81953,Rhinolophus ferrumequinum,0.022,0.022,-1,Echolocation,/mnt/ubna_data_01_mir/recover-20220825/UBNA_002/20220823_033000.WAV,Telephone Field,recover-20220825,002,1795
130.3205,130.3588,68437,82127,Rhinolophus ferrumequinum,0.023,0.023,-1,Echolocation,/mnt/ubna_data_01_mir/recover-20220825/UBNA_002/20220823_033000.WAV,Telephone Field,recover-20220825,002,1795
130.3465,130.3867,68437,83055,Rhinolophus ferrumequinum,0.024,0.024,-1,Echolocation,/mnt/ubna_data_01_mir/recover-20220825/UBNA_002/20220823_033000.WAV,Telephone Field,recover-20220825,002,1795
130.3505,130.3588,27187,40202,Eptesicus serotinus,0.009,0.025,-1,Echolocation,/mnt/ubna_data_01_mir/recover-20220825/UBNA_002/20220823_033000.WAV,Telephone Field,recover-20220825,002,1795
130.3665,130.4052,68437,81839,Rhinolophus ferrumequinum,0.021,0.021,-1,Echolocation,/mnt/ubna_data_01_mir/recover-20220825/UBNA_002/20220823_033000.WAV,Telephone Field,recover-20220825,002,1795
130.4055,130.4447,68437,82355,Rhinolophus ferrumequinum,0.021,0.021,-1,Echolocation,/mnt/ubna_data_01_mir/recover-20220825/UBNA_002/20220823_033000.WAV,Telephone Field,recover-20220825,002,1795
130.4265,130.4654,68437,82244,Rhinolophus ferrumequinum,0.022,0.022,-1,Echolocation,/mnt/ubna_data_01_mir/recover-20220825/UBNA_002/20220823_033000.WAV,Telephone Field,recover-20220825,002,1795
130.4805,130.51839999999999,68437,82294,Rhinolophus ferrumequinum,0.023,0.023,-1,Echolocation,/mnt/ubna_data_01_mir/recover-20220825/UBNA_002/20220823_033000.WAV,Telephone Field,recover-20220825,002,1795
130.5135,130.5215,28046,39058,Eptesicus serotinus,0.009,0.024,-1,Echolocation,/mnt/ubna_data_01_mir/recover-20220825/UBNA_002/20220823_033000.WAV,Telephone Field,recover-20220825,002,1795
130.5265,130.5623,68437,81396,Rhinolophus ferrumequinum,0.022,0.022,-1,Echolocation,/mnt/ubna_data_01_mir/recover-20220825/UBNA_002/20220823_033000.WAV,Telephone Field,recover-20220825,002,1795
130.5615,130.6036,68437,82932,Rhinolophus ferrumequinum,0.032,0.032,-1,Echolocation,/mnt/ubna_data_01_mir/recover-20220825/UBNA_002/20220823_033000.WAV,Telephone Field,recover-20220825,002,1795
130.5635,130.5718,46953,56218,Pipistrellus pipistrellus,0.016,0.023,-1,Echolocation,/mnt/ubna_data_01_mir/recover-20220825/UBNA_002/20220823_033000.WAV,Telephone Field,recover-20220825,002,1795
130.5675,130.573,40078,59443,Myotis mystacinus,0.01,0.027,-1,Echolocation,/mnt/ubna_data_01_mir/recover-20220825/UBNA_002/20220823_033000.WAV,Telephone Field,recover-20220825,002,1795
130.6005,130.6074,45234,51790,Pipistrellus pipistrellus,0.028,0.029,-1,Echolocation,/mnt/ubna_data_01_mir/recover-20220825/UBNA_002/20220823_033000.WAV,Telephone Field,recover-20220825,002,1795
130.6135,130.6488,68437,81576,Rhinolophus ferrumequinum,0.022,0.022,-1,Echolocation,/mnt/ubna_data_01_mir/recover-20220825/UBNA_002/20220823_033000.WAV,Telephone Field,recover-20220825,002,1795
130.6325,130.6728,68437,82852,Rhinolophus ferrumequinum,0.024,0.024,-1,Echolocation,/mnt/ubna_data_01_mir/recover-20220825/UBNA_002/20220823_033000.WAV,Telephone Field,recover-20220825,002,1795
130.6425,130.6533,22890,28777,Nyctalus leisleri,0.01,0.022,-1,Echolocation,/mnt/ubna_data_01_mir/recover-20220825/UBNA_002/20220823_033000.WAV,Telephone Field,recover-20220825,002,1795
130.6715,130.6822,31484,38057,Eptesicus serotinus,0.022,0.048,-1,Echolocation,/mnt/ubna_data_01_mir/recover-20220825/UBNA_002/20220823_033000.WAV,Telephone Field,recover-20220825,002,1795
130.6755,130.7104,68437,81461,Rhinolophus ferrumequinum,0.022,0.022,-1,Echolocation,/mnt/ubna_data_01_mir/recover-20220825/UBNA_002/20220823_033000.WAV,Telephone Field,recover-20220825,002,1795
130.6915,130.7012,26328,34660,Eptesicus serotinus,0.009,0.023,-1,Echolocation,/mnt/ubna_data_01_mir/recover-20220825/UBNA_002/20220823_033000.WAV,Telephone Field,recover-20220825,002,1795
130.7025,130.7109,28046,37517,Eptesicus serotinus,0.012,0.028,-1,Echolocation,/mnt/ubna_data_01_mir/recover-20220825/UBNA_002/20220823_033000.WAV,Telephone Field,recover-20220825,002,1795
130.7055,130.7438,68437,81876,Rhinolophus ferrumequinum,0.024,0.024,-1,Echolocation,/mnt/ubna_data_01_mir/recover-20220825/UBNA_002/20220823_033000.WAV,Telephone Field,recover-20220825,002,1795
130.7125,130.7499,68437,81576,Rhinolophus ferrumequinum,0.027,0.027,-1,Echolocation,/mnt/ubna_data_01_mir/recover-20220825/UBNA_002/20220823_033000.WAV,Telephone Field,recover-20220825,002,1795
130.7675,130.8083,68437,82716,Rhinolophus ferrumequinum,0.029,0.029,-1,Echolocation,/mnt/ubna_data_01_mir/recover-20220825/UBNA_002/20220823_033000.WAV,Telephone Field,recover-20220825,002,1795
130.7835,130.7917,24609,34340,Plecotus austriacus,0.008,0.027,-1,Echolocation,/mnt/ubna_data_01_mir/recover-20220825/UBNA_002/20220823_033000.WAV,Telephone Field,recover-20220825,002,1795
130.8025,130.8414,68437,82116,Rhinolophus ferrumequinum,0.021,0.021,-1,Echolocation,/mnt/ubna_data_01_mir/recover-20220825/UBNA_002/20220823_033000.WAV,Telephone Field,recover-20220825,002,1795
130.8115,130.8198,23750,31875,Plecotus austriacus,0.014,0.048,-1,Echolocation,/mnt/ubna_data_01_mir/recover-20220825/UBNA_002/20220823_033000.WAV,Telephone Field,recover-20220825,002,1795
130.8115,130.8524,68437,82802,Rhinolophus ferrumequinum,0.028,0.029,-1,Echolocation,/mnt/ubna_data_01_mir/recover-20220825/UBNA_002/20220823_033000.WAV,Telephone Field,recover-20220825,002,1795
130.8275,130.8371,28046,38684,Eptesicus serotinus,0.009,0.023,-1,Echolocation,/mnt/ubna_data_01_mir/recover-20220825/UBNA_002/20220823_033000.WAV,Telephone Field,recover-20220825,002,1795
130.8555,130.8944,68437,82050,Rhinolophus ferrumequinum,0.021,0.021,-1,Echolocation,/mnt/ubna_data_01_mir/recover-20220825/UBNA_002/20220823_033000.WAV,Telephone Field,recover-20220825,002,1795
130.8565,130.8656,28046,36190,Eptesicus serotinus,0.007,0.021,-1,Echolocation,/mnt/ubna_data_01_mir/recover-20220825/UBNA_002/20220823_033000.WAV,Telephone Field,recover-20220825,002,1795
130.8585,130.8707,34062,39528,Pipistrellus nathusii,0.014,0.031,-1,Echolocation,/mnt/ubna_data_01_mir/recover-20220825/UBNA_002/20220823_033000.WAV,Telephone Field,recover-20220825,002,1795
130.9195,130.9564,68437,81053,Rhinolophus ferrumequinum,0.022,0.022,-1,Echolocation,/mnt/ubna_data_01_mir/recover-20220825/UBNA_002/20220823_033000.WAV,Telephone Field,recover-20220825,002,1795
130.9415,130.9484,28046,39747,Eptesicus serotinus,0.007,0.022,-1,Echolocation,/mnt/ubna_data_01_mir/recover-20220825/UBNA_002/20220823_033000.WAV,Telephone Field,recover-20220825,002,1795
130.9605,130.9697,25468,36727,Eptesicus serotinus,0.01,0.026,-1,Echolocation,/mnt/ubna_data_01_mir/recover-20220825/UBNA_002/20220823_033000.WAV,Telephone Field,recover-20220825,002,1795
130.9805,131.0187,68437,81609,Rhinolophus ferrumequinum,0.023,0.023,-1,Echolocation,/mnt/ubna_data_01_mir/recover-20220825/UBNA_002/20220823_033000.WAV,Telephone Field,recover-20220825,002,1795
130.9825,130.993,28906,36746,Eptesicus serotinus,0.01,0.021,-1,Echolocation,/mnt/ubna_data_01_mir/recover-20220825/UBNA_002/20220823_033000.WAV,Telephone Field,recover-20220825,002,1795
130.9955,131.0031,28046,39448,Eptesicus serotinus,0.008,0.025,-1,Echolocation,/mnt/ubna_data_01_mir/recover-20220825/UBNA_002/20220823_033000.WAV,Telephone Field,recover-20220825,002,1795
131.0125,131.0505,68437,82509,Rhinolophus ferrumequinum,0.021,0.021,-1,Echolocation,/mnt/ubna_data_01_mir/recover-20220825/UBNA_002/20220823_033000.WAV,Telephone Field,recover-20220825,002,1795
131.0645,131.0724,23750,32484,Plecotus austriacus,0.012,0.026,-1,Echolocation,/mnt/ubna_data_01_mir/recover-20220825/UBNA_002/20220823_033000.WAV,Telephone Field,recover-20220825,002,1795
131.1485,131.1581,24609,32755,Eptesicus serotinus,0.01,0.025,-1,Echolocation,/mnt/ubna_data_01_mir/recover-20220825/UBNA_002/20220823_033000.WAV,Telephone Field,recover-20220825,002,1795
131.1755,131.2139,68437,81392,Rhinolophus ferrumequinum,0.021,0.021,-1,Echolocation,/mnt/ubna_data_01_mir/recover-20220825/UBNA_002/20220823_033000.WAV,Telephone Field,recover-20220825,002,1795
131.1905,131.2296,68437,82068,Rhinolophus ferrumequinum,0.022,0.022,-1,Echolocation,/mnt/ubna_data_01_mir/recover-20220825/UBNA_002/20220823_033000.WAV,Telephone Field,recover-20220825,002,1795
131.2315,131.2692,68437,82218,Rhinolophus ferrumequinum,0.023,0.023,-1,Echolocation,/mnt/ubna_data_01_mir/recover-20220825/UBNA_002/20220823_033000.WAV,Telephone Field,recover-20220825,002,1795
131.2335,131.2443,25468,32294,Eptesicus serotinus,0.009,0.021,-1,Echolocation,/mnt/ubna_data_01_mir/recover-20220825/UBNA_002/20220823_033000.WAV,Telephone Field,recover-20220825,002,1795
131.2955,131.3277,68437,80351,Rhinolophus ferrumequinum,0.021,0.021,-1,Echolocation,/mnt/ubna_data_01_mir/recover-20220825/UBNA_002/20220823_033000.WAV,Telephone Field,recover-20220825,002,1795
131.3095,131.3237,21171,24144,Nyctalus leisleri,0.015,0.023,-1,Echolocation,/mnt/ubna_data_01_mir/recover-20220825/UBNA_002/20220823_033000.WAV,Telephone Field,recover-20220825,002,1795
131.3325,131.3437,22890,27696,Nyctalus leisleri,0.029,0.056,-1,Echolocation,/mnt/ubna_data_01_mir/recover-20220825/UBNA_002/20220823_033000.WAV,Telephone Field,recover-20220825,002,1795
131.3375,131.3796,68437,82799,Rhinolophus ferrumequinum,0.026,0.026,-1,Echolocation,/mnt/ubna_data_01_mir/recover-20220825/UBNA_002/20220823_033000.WAV,Telephone Field,recover-20220825,002,1795
131.3445,131.385,68437,82676,Rhinolophus ferrumequinum,0.028,0.028,-1,Echolocation,/mnt/ubna_data_01_mir/recover-20220825/UBNA_002/20220823_033000.WAV,Telephone Field,recover-20220825,002,1795
131.3635,131.3716,28046,40876,Eptesicus serotinus,0.008,0.023,-1,Echolocation,/mnt/ubna_data_01_mir/recover-20220825/UBNA_002/20220823_033000.WAV,Telephone Field,recover-20220825,002,1795
131.3925,131.4022,22890,28591,Nyctalus leisleri,0.009,0.024,-1,Echolocation,/mnt/ubna_data_01_mir/recover-20220825/UBNA_002/20220823_033000.WAV,Telephone Field,recover-20220825,002,1795
131.4095,131.4523,68437,83072,Rhinolophus ferrumequinum,0.032,0.032,-1,Echolocation,/mnt/ubna_data_01_mir/recover-20220825/UBNA_002/20220823_033000.WAV,Telephone Field,recover-20220825,002,1795
131.4235,131.4619,68437,82519,Rhinolophus ferrumequinum,0.022,0.022,-1,Echolocation,/mnt/ubna_data_01_mir/recover-20220825/UBNA_002/20220823_033000.WAV,Telephone Field,recover-20220825,002,1795
131.4315,131.4435,51250,57609,Pipistrellus pipistrellus,0.03,0.036,-1,Echolocation,/mnt/ubna_data_01_mir/recover-20220825/UBNA_002/20220823_033000.WAV,Telephone Field,recover-20220825,002,1795
131.4445,131.4807,68437,82180,Rhinolophus ferrumequinum,0.024,0.024,-1,Echolocation,/mnt/ubna_data_01_mir/recover-20220825/UBNA_002/20220823_033000.WAV,Telephone Field,recover-20220825,002,1795
131.45850000000002,131.4684,28046,37823,Eptesicus serotinus,0.01,0.024,-1,Echolocation,/mnt/ubna_data_01_mir/recover-20220825/UBNA_002/20220823_033000.WAV,Telephone Field,recover-20220825,002,1795
131.4805,131.488,28046,41900,Eptesicus serotinus,0.008,0.027,-1,Echolocation,/mnt/ubna_data_01_mir/recover-20220825/UBNA_002/20220823_033000.WAV,Telephone Field,recover-20220825,002,1795
131.4815,131.4874,33203,42998,Myotis daubentonii,0.012,0.028,-1,Echolocation,/mnt/ubna_data_01_mir/recover-20220825/UBNA_002/20220823_033000.WAV,Telephone Field,recover-20220825,002,1795
131.4985,131.5388,68437,83088,Rhinolophus ferrumequinum,0.026,0.026,-1,Echolocation,/mnt/ubna_data_01_mir/recover-20220825/UBNA_002/20220823_033000.WAV,Telephone Field,recover-20220825,002,1795
131.5035,131.545,68437,83147,Rhinolophus ferrumequinum,0.025,0.025,-1,Echolocation,/mnt/ubna_data_01_mir/recover-20220825/UBNA_002/20220823_033000.WAV,Telephone Field,recover-20220825,002,1795
131.5425,131.5811,68437,82181,Rhinolophus ferrumequinum,0.024,0.024,-1,Echolocation,/mnt/ubna_data_01_mir/recover-20220825/UBNA_002/20220823_033000.WAV,Telephone Field,recover-20220825,002,1795
131.5825,131.5929,24609,31920,Eptesicus serotinus,0.009,0.022,-1,Echolocation,/mnt/ubna_data_01_mir/recover-20220825/UBNA_002/20220823_033000.WAV,Telephone Field,recover-20220825,002,1795
131.6225,131.6634,68437,82520,Rhinolophus ferrumequinum,0.032,0.032,-1,Echolocation,/mnt/ubna_data_01_mir/recover-20220825/UBNA_002/20220823_033000.WAV,Telephone Field,recover-20220825,002,1795
131.6355,131.64339999999999,25468,33485,Eptesicus serotinus,0.007,0.022,-1,Echolocation,/mnt/ubna_data_01_mir/recover-20220825/UBNA_002/20220823_033000.WAV,Telephone Field,recover-20220825,002,1795
131.6755,131.715,68437,82273,Rhinolophus ferrumequinum,0.022,0.022,-1,Echolocation,/mnt/ubna_data_01_mir/recover-20220825/UBNA_002/20220823_033000.WAV,Telephone Field,recover-20220825,002,1795
131.6985,131.7376,68437,82210,Rhinolophus ferrumequinum,0.022,0.022,-1,Echolocation,/mnt/ubna_data_01_mir/recover-20220825/UBNA_002/20220823_033000.WAV,Telephone Field,recover-20220825,002,1795
131.7095,131.7466,68437,82527,Rhinolophus ferrumequinum,0.021,0.021,-1,Echolocation,/mnt/ubna_data_01_mir/recover-20220825/UBNA_002/20220823_033000.WAV,Telephone Field,recover-20220825,002,1795
131.7435,131.7527,28906,37983,Eptesicus serotinus,0.013,0.028,-1,Echolocation,/mnt/ubna_data_01_mir/recover-20220825/UBNA_002/20220823_033000.WAV,Telephone Field,recover-20220825,002,1795
131.7665,131.7781,28906,37220,Eptesicus serotinus,0.016,0.029,-1,Echolocation,/mnt/ubna_data_01_mir/recover-20220825/UBNA_002/20220823_033000.WAV,Telephone Field,recover-20220825,002,1795
131.7685,131.8082,68437,82269,Rhinolophus ferrumequinum,0.023,0.023,-1,Echolocation,/mnt/ubna_data_01_mir/recover-20220825/UBNA_002/20220823_033000.WAV,Telephone Field,recover-20220825,002,1795
131.7745,131.7835,28046,38405,Eptesicus serotinus,0.008,0.022,-1,Echolocation,/mnt/ubna_data_01_mir/recover-20220825/UBNA_002/20220823_033000.WAV,Telephone Field,recover-20220825,002,1795
131.8145,131.8253,23750,30242,Nyctalus leisleri,0.009,0.023,-1,Echolocation,/mnt/ubna_data_01_mir/recover-20220825/UBNA_002/20220823_033000.WAV,Telephone Field,recover-20220825,002,1795
131.8555,131.8928,68437,81326,Rhinolophus ferrumequinum,0.023,0.023,-1,Echolocation,/mnt/ubna_data_01_mir/recover-20220825/UBNA_002/20220823_033000.WAV,Telephone Field,recover-20220825,002,1795
131.8575,131.8645,28046,40130,Eptesicus serotinus,0.007,0.024,-1,Echolocation,/mnt/ubna_data_01_mir/recover-20220825/UBNA_002/20220823_033000.WAV,Telephone Field,recover-20220825,002,1795
131.9555,131.966,22890,27978,Nyctalus leisleri,0.01,0.021,-1,Echolocation,/mnt/ubna_data_01_mir/recover-20220825/UBNA_002/20220823_033000.WAV,Telephone Field,recover-20220825,002,1795
131.9605,131.9953,68437,81111,Rhinolophus ferrumequinum,0.022,0.022,-1,Echolocation,/mnt/ubna_data_01_mir/recover-20220825/UBNA_002/20220823_033000.WAV,Telephone Field,recover-20220825,002,1795
131.9875,131.9975,27187,37389,Eptesicus serotinus,0.011,0.024,-1,Echolocation,/mnt/ubna_data_01_mir/recover-20220825/UBNA_002/20220823_033000.WAV,Telephone Field,recover-20220825,002,1795
132.0015,132.0369,68437,79896,Rhinolophus ferrumequinum,0.03,0.03,-1,Echolocation,/mnt/ubna_data_01_mir/recover-20220825/UBNA_002/20220823_033000.WAV,Telephone Field,recover-20220825,002,1795
132.0015,132.0104,25468,32893,Nyctalus leisleri,0.01,0.028,-1,Echolocation,/mnt/ubna_data_01_mir/recover-20220825/UBNA_002/20220823_033000.WAV,Telephone Field,recover-20220825,002,1795
132.0255,132.06889999999999,68437,82860,Rhinolophus ferrumequinum,0.025,0.025,-1,Echolocation,/mnt/ubna_data_01_mir/recover-20220825/UBNA_002/20220823_033000.WAV,Telephone Field,recover-20220825,002,1795
132.0335,132.0509,18593,22754,Nyctalus noctula,0.012,0.021,-1,Echolocation,/mnt/ubna_data_01_mir/recover-20220825/UBNA_002/20220823_033000.WAV,Telephone Field,recover-20220825,002,1795
132.0735,132.1114,68437,81596,Rhinolophus ferrumequinum,0.022,0.022,-1,Echolocation,/mnt/ubna_data_01_mir/recover-20220825/UBNA_002/20220823_033000.WAV,Telephone Field,recover-20220825,002,1795
132.0815,132.0917,24609,30520,Nyctalus leisleri,0.009,0.023,-1,Echolocation,/mnt/ubna_data_01_mir/recover-20220825/UBNA_002/20220823_033000.WAV,Telephone Field,recover-20220825,002,1795
132.1085,132.11860000000001,22890,28226,Nyctalus leisleri,0.011,0.024,-1,Echolocation,/mnt/ubna_data_01_mir/recover-20220825/UBNA_002/20220823_033000.WAV,Telephone Field,recover-20220825,002,1795
132.1605,132.1987,68437,81394,Rhinolophus ferrumequinum,0.022,0.022,-1,Echolocation,/mnt/ubna_data_01_mir/recover-20220825/UBNA_002/20220823_033000.WAV,Telephone Field,recover-20220825,002,1795
132.1685,132.1766,23750,31835,Plecotus austriacus,0.008,0.023,-1,Echolocation,/mnt/ubna_data_01_mir/recover-20220825/UBNA_002/20220823_033000.WAV,Telephone Field,recover-20220825,002,1795
132.1915,132.2022,23750,29531,Nyctalus leisleri,0.009,0.022,-1,Echolocation,/mnt/ubna_data_01_mir/recover-20220825/UBNA_002/20220823_033000.WAV,Telephone Field,recover-20220825,002,1795
132.1995,132.2093,22890,28089,Nyctalus leisleri,0.009,0.022,-1,Echolocation,/mnt/ubna_data_01_mir/recover-20220825/UBNA_002/20220823_033000.WAV,Telephone Field,recover-20220825,002,1795
132.2655,132.3071,68437,83107,Rhinolophus ferrumequinum,0.03,0.03,-1,Echolocation,/mnt/ubna_data_01_mir/recover-20220825/UBNA_002/20220823_033000.WAV,Telephone Field,recover-20220825,002,1795
132.2905,132.331,68437,82474,Rhinolophus ferrumequinum,0.025,0.025,-1,Echolocation,/mnt/ubna_data_01_mir/recover-20220825/UBNA_002/20220823_033000.WAV,Telephone Field,recover-20220825,002,1795
132.3005,132.31119999999999,24609,31205,Eptesicus serotinus,0.011,0.031,-1,Echolocation,/mnt/ubna_data_01_mir/recover-20220825/UBNA_002/20220823_033000.WAV,Telephone Field,recover-20220825,002,1795
132.3165,132.3254,28046,39993,Eptesicus serotinus,0.008,0.021,-1,Echolocation,/mnt/ubna_data_01_mir/recover-20220825/UBNA_002/20220823_033000.WAV,Telephone Field,recover-20220825,002,1795
132.3165,132.3557,68437,82489,Rhinolophus ferrumequinum,0.022,0.022,-1,Echolocation,/mnt/ubna_data_01_mir/recover-20220825/UBNA_002/20220823_033000.WAV,Telephone Field,recover-20220825,002,1795
132.3355,132.3754,68437,81598,Rhinolophus ferrumequinum,0.024,0.024,-1,Echolocation,/mnt/ubna_data_01_mir/recover-20220825/UBNA_002/20220823_033000.WAV,Telephone Field,recover-20220825,002,1795
132.3455,132.3823,68437,82523,Rhinolophus ferrumequinum,0.029,0.029,-1,Echolocation,/mnt/ubna_data_01_mir/recover-20220825/UBNA_002/20220823_033000.WAV,Telephone Field,recover-20220825,002,1795
132.3655,132.4032,68437,82270,Rhinolophus ferrumequinum,0.021,0.021,-1,Echolocation,/mnt/ubna_data_01_mir/recover-20220825/UBNA_002/20220823_033000.WAV,Telephone Field,recover-20220825,002,1795
132.3965,132.4046,28906,39320,Eptesicus serotinus,0.007,0.021,-1,Echolocation,/mnt/ubna_data_01_mir/recover-20220825/UBNA_002/20220823_033000.WAV,Telephone Field,recover-20220825,002,1795
132.4055,132.4484,68437,82773,Rhinolophus ferrumequinum,0.024,0.024,-1,Echolocation,/mnt/ubna_data_01_mir/recover-20220825/UBNA_002/20220823_033000.WAV,Telephone Field,recover-20220825,002,1795
132.4305,132.4389,25468,34556,Eptesicus serotinus,0.008,0.023,-1,Echolocation,/mnt/ubna_data_01_mir/recover-20220825/UBNA_002/20220823_033000.WAV,Telephone Field,recover-20220825,002,1795
132.4385,132.447,25468,33026,Eptesicus serotinus,0.008,0.024,-1,Echolocation,/mnt/ubna_data_01_mir/recover-20220825/UBNA_002/20220823_033000.WAV,Telephone Field,recover-20220825,002,1795
132.4895,132.5296,68437,82965,Rhinolophus ferrumequinum,0.029,0.029,-1,Echolocation,/mnt/ubna_data_01_mir/recover-20220825/UBNA_002/20220823_033000.WAV,Telephone Field,recover-20220825,002,1795
132.5025,132.5407,68437,82187,Rhinolophus ferrumequinum,0.021,0.021,-1,Echolocation,/mnt/ubna_data_01_mir/recover-20220825/UBNA_002/20220823_033000.WAV,Telephone Field,recover-20220825,002,1795
132.5305,132.5666,68437,81452,Rhinolophus ferrumequinum,0.023,0.023,-1,Echolocation,/mnt/ubna_data_01_mir/recover-20220825/UBNA_002/20220823_033000.WAV,Telephone Field,recover-20220825,002,1795
132.5575,132.5648,24609,33455,Plecotus austriacus,0.009,0.024,-1,Echolocation,/mnt/ubna_data_01_mir/recover-20220825/UBNA_002/20220823_033000.WAV,Telephone Field,recover-20220825,002,1795
132.6315,132.6712,68437,82609,Rhinolophus ferrumequinum,0.022,0.022,-1,Echolocation,/mnt/ubna_data_01_mir/recover-20220825/UBNA_002/20220823_033000.WAV,Telephone Field,recover-20220825,002,1795
132.6705,132.711,68437,82027,Rhinolophus ferrumequinum,0.027,0.027,-1,Echolocation,/mnt/ubna_data_01_mir/recover-20220825/UBNA_002/20220823_033000.WAV,Telephone Field,recover-20220825,002,1795
132.6795,132.7217,68437,83102,Rhinolophus ferrumequinum,0.03,0.03,-1,Echolocation,/mnt/ubna_data_01_mir/recover-20220825/UBNA_002/20220823_033000.WAV,Telephone Field,recover-20220825,002,1795
132.7135,132.7501,68437,81067,Rhinolophus ferrumequinum,0.021,0.021,-1,Echolocation,/mnt/ubna_data_01_mir/recover-20220825/UBNA_002/20220823_033000.WAV,Telephone Field,recover-20220825,002,1795
132.7265,132.7671,68437,81974,Rhinolophus ferrumequinum,0.029,0.029,-1,Echolocation,/mnt/ubna_data_01_mir/recover-20220825/UBNA_002/20220823_033000.WAV,Telephone Field,recover-20220825,002,1795
132.7275,132.7362,47812,56690,Pipistrellus pipistrellus,0.021,0.023,-1,Echolocation,/mnt/ubna_data_01_mir/recover-20220825/UBNA_002/20220823_033000.WAV,Telephone Field,recover-20220825,002,1795
132.7685,132.8075,68437,81921,Rhinolophus ferrumequinum,0.022,0.022,-1,Echolocation,/mnt/ubna_data_01_mir/recover-20220825/UBNA_002/20220823_033000.WAV,Telephone Field,recover-20220825,002,1795
132.7695,132.7802,36640,41886,Pipistrellus nathusii,0.01,0.022,-1,Echolocation,/mnt/ubna_data_01_mir/recover-20220825/UBNA_002/20220823_033000.WAV,Telephone Field,recover-20220825,002,1795
132.7865,132.8248,68437,82204,Rhinolophus ferrumequinum,0.024,0.024,-1,Echolocation,/mnt/ubna_data_01_mir/recover-20220825/UBNA_002/20220823_033000.WAV,Telephone Field,recover-20220825,002,1795
132.7875,132.7943,28906,39564,Eptesicus serotinus,0.006,0.021,-1,Echolocation,/mnt/ubna_data_01_mir/recover-20220825/UBNA_002/20220823_033000.WAV,Telephone Field,recover-20220825,002,1795
132.8085,132.8236,22031,26152,Nyctalus leisleri,0.019,0.037,-1,Echolocation,/mnt/ubna_data_01_mir/recover-20220825/UBNA_002/20220823_033000.WAV,Telephone Field,recover-20220825,002,1795
132.8245,132.8362,51250,55618,Pipistrellus pipistrellus,0.032,0.042,-1,Echolocation,/mnt/ubna_data_01_mir/recover-20220825/UBNA_002/20220823_033000.WAV,Telephone Field,recover-20220825,002,1795
132.8585,132.8968,68437,82068,Rhinolophus ferrumequinum,0.022,0.022,-1,Echolocation,/mnt/ubna_data_01_mir/recover-20220825/UBNA_002/20220823_033000.WAV,Telephone Field,recover-20220825,002,1795
132.8745,132.8823,23750,32210,Plecotus austriacus,0.009,0.022,-1,Echolocation,/mnt/ubna_data_01_mir/recover-20220825/UBNA_002/20220823_033000.WAV,Telephone Field,recover-20220825,002,1795
132.8895,132.931,68437,82525,Rhinolophus ferrumequinum,0.023,0.023,-1,Echolocation,/mnt/ubna_data_01_mir/recover-20220825/UBNA_002/20220823_033000.WAV,Telephone Field,recover-20220825,002,1795
132.9395,132.9476,27187,41741,Eptesicus serotinus,0.007,0.021,-1,Echolocation,/mnt/ubna_data_01_mir/recover-20220825/UBNA_002/20220823_033000.WAV,Telephone Field,recover-20220825,002,1795
132.9395,132.9814,68437,83200,Rhinolophus ferrumequinum,0.037,0.037,-1,Echolocation,/mnt/ubna_data_01_mir/recover-20220825/UBNA_002/20220823_033000.WAV,Telephone Field,recover-20220825,002,1795
133.0045,133.0418,68437,82058,Rhinolophus ferrumequinum,0.021,0.021,-1,Echolocation,/mnt/ubna_data_01_mir/recover-20220825/UBNA_002/20220823_033000.WAV,Telephone Field,recover-20220825,002,1795
133.0465,133.0573,44375,47721,Pipistrellus pipistrellus,0.031,0.033,-1,Echolocation,/mnt/ubna_data_01_mir/recover-20220825/UBNA_002/20220823_033000.WAV,Telephone Field,recover-20220825,002,1795
133.0645,133.1039,68437,82465,Rhinolophus ferrumequinum,0.021,0.021,-1,Echolocation,/mnt/ubna_data_01_mir/recover-20220825/UBNA_002/20220823_033000.WAV,Telephone Field,recover-20220825,002,1795
133.0945,133.1354,68437,82099,Rhinolophus ferrumequinum,0.027,0.027,-1,Echolocation,/mnt/ubna_data_01_mir/recover-20220825/UBNA_002/20220823_033000.WAV,Telephone Field,recover-20220825,002,1795
133.0975,133.1079,22890,28024,Nyctalus leisleri,0.01,0.021,-1,Echolocation,/mnt/ubna_data_01_mir/recover-20220825/UBNA_002/20220823_033000.WAV,Telephone Field,recover-20220825,002,1795
133.1155,133.1551,68437,82406,Rhinolophus ferrumequinum,0.021,0.021,-1,Echolocation,/mnt/ubna_data_01_mir/recover-20220825/UBNA_002/20220823_033000.WAV,Telephone Field,recover-20220825,002,1795
133.1155,133.1267,23750,28234,Nyctalus leisleri,0.011,0.023,-1,Echolocation,/mnt/ubna_data_01_mir/recover-20220825/UBNA_002/20220823_033000.WAV,Telephone Field,recover-20220825,002,1795
133.1305,133.1509,18593,21841,Nyctalus noctula,0.014,0.028,-1,Echolocation,/mnt/ubna_data_01_mir/recover-20220825/UBNA_002/20220823_033000.WAV,Telephone Field,recover-20220825,002,1795
133.1455,133.1834,68437,81807,Rhinolophus ferrumequinum,0.022,0.022,-1,Echolocation,/mnt/ubna_data_01_mir/recover-20220825/UBNA_002/20220823_033000.WAV,Telephone Field,recover-20220825,002,1795
133.1765,133.2107,68437,80576,Rhinolophus ferrumequinum,0.024,0.024,-1,Echolocation,/mnt/ubna_data_01_mir/recover-20220825/UBNA_002/20220823_033000.WAV,Telephone Field,recover-20220825,002,1795
133.1995,133.207,28046,39449,Eptesicus serotinus,0.007,0.024,-1,Echolocation,/mnt/ubna_data_01_mir/recover-20220825/UBNA_002/20220823_033000.WAV,Telephone Field,recover-20220825,002,1795
133.2005,133.2109,22031,27155,Nyctalus leisleri,0.01,0.024,-1,Echolocation,/mnt/ubna_data_01_mir/recover-20220825/UBNA_002/20220823_033000.WAV,Telephone Field,recover-20220825,002,1795
133.2105,133.2494,68437,81947,Rhinolophus ferrumequinum,0.022,0.022,-1,Echolocation,/mnt/ubna_data_01_mir/recover-20220825/UBNA_002/20220823_033000.WAV,Telephone Field,recover-20220825,002,1795
133.2125,133.2216,26328,33558,Eptesicus serotinus,0.011,0.026,-1,Echolocation,/mnt/ubna_data_01_mir/recover-20220825/UBNA_002/20220823_033000.WAV,Telephone Field,recover-20220825,002,1795
133.2135,133.2235,45234,56282,Pipistrellus pipistrellus,0.019,0.031,-1,Echolocation,/mnt/ubna_data_01_mir/recover-20220825/UBNA_002/20220823_033000.WAV,Telephone Field,recover-20220825,002,1795
133.2595,133.295,68437,81887,Rhinolophus ferrumequinum,0.022,0.022,-1,Echolocation,/mnt/ubna_data_01_mir/recover-20220825/UBNA_002/20220823_033000.WAV,Telephone Field,recover-20220825,002,1795
133.2675,133.3048,68437,81830,Rhinolophus ferrumequinum,0.022,0.022,-1,Echolocation,/mnt/ubna_data_01_mir/recover-20220825/UBNA_002/20220823_033000.WAV,Telephone Field,recover-20220825,002,1795
133.2965,133.3078,28906,34506,Eptesicus serotinus,0.012,0.024,-1,Echolocation,/mnt/ubna_data_01_mir/recover-20220825/UBNA_002/20220823_033000.WAV,Telephone Field,recover-20220825,002,1795
133.3045,133.3154,27187,34978,Eptesicus serotinus,0.009,0.021,-1,Echolocation,/mnt/ubna_data_01_mir/recover-20220825/UBNA_002/20220823_033000.WAV,Telephone Field,recover-20220825,002,1795
133.3965,133.43880000000001,68437,82935,Rhinolophus ferrumequinum,0.028,0.028,-1,Echolocation,/mnt/ubna_data_01_mir/recover-20220825/UBNA_002/20220823_033000.WAV,Telephone Field,recover-20220825,002,1795
133.4195,133.4386,18593,21845,Nyctalus noctula,0.015,0.027,-1,Echolocation,/mnt/ubna_data_01_mir/recover-20220825/UBNA_002/20220823_033000.WAV,Telephone Field,recover-20220825,002,1795
133.4475,133.485,68437,81795,Rhinolophus ferrumequinum,0.025,0.025,-1,Echolocation,/mnt/ubna_data_01_mir/recover-20220825/UBNA_002/20220823_033000.WAV,Telephone Field,recover-20220825,002,1795
133.4675,133.5053,68437,81893,Rhinolophus ferrumequinum,0.021,0.021,-1,Echolocation,/mnt/ubna_data_01_mir/recover-20220825/UBNA_002/20220823_033000.WAV,Telephone Field,recover-20220825,002,1795
133.5015,133.5123,22890,27785,Nyctalus leisleri,0.013,0.026,-1,Echolocation,/mnt/ubna_data_01_mir/recover-20220825/UBNA_002/20220823_033000.WAV,Telephone Field,recover-20220825,002,1795
133.5035,133.5459,68437,83131,Rhinolophus ferrumequinum,0.027,0.027,-1,Echolocation,/mnt/ubna_data_01_mir/recover-20220825/UBNA_002/20220823_033000.WAV,Telephone Field,recover-20220825,002,1795
133.5095,133.5227,37500,42408,Pipistrellus nathusii,0.015,0.023,-1,Echolocation,/mnt/ubna_data_01_mir/recover-20220825/UBNA_002/20220823_033000.WAV,Telephone Field,recover-20220825,002,1795
133.5135,133.5251,23750,28446,Nyctalus leisleri,0.018,0.032,-1,Echolocation,/mnt/ubna_data_01_mir/recover-20220825/UBNA_002/20220823_033000.WAV,Telephone Field,recover-20220825,002,1795
133.5315,133.5718,68437,82729,Rhinolophus ferrumequinum,0.026,0.026,-1,Echolocation,/mnt/ubna_data_01_mir/recover-20220825/UBNA_002/20220823_033000.WAV,Telephone Field,recover-20220825,002,1795
133.6025,133.6444,68437,82338,Rhinolophus ferrumequinum,0.024,0.024,-1,Echolocation,/mnt/ubna_data_01_mir/recover-20220825/UBNA_002/20220823_033000.WAV,Telephone Field,recover-20220825,002,1795
133.6635,133.7043,68437,81980,Rhinolophus ferrumequinum,0.022,0.022,-1,Echolocation,/mnt/ubna_data_01_mir/recover-20220825/UBNA_002/20220823_033000.WAV,Telephone Field,recover-20220825,002,1795
133.6725,133.7109,68437,82295,Rhinolophus ferrumequinum,0.025,0.025,-1,Echolocation,/mnt/ubna_data_01_mir/recover-20220825/UBNA_002/20220823_033000.WAV,Telephone Field,recover-20220825,002,1795
133.6725,133.683,23750,30576,Nyctalus leisleri,0.009,0.025,-1,Echolocation,/mnt/ubna_data_01_mir/recover-20220825/UBNA_002/20220823_033000.WAV,Telephone Field,recover-20220825,002,1795
133.6845,133.7226,68437,81866,Rhinolophus ferrumequinum,0.023,0.023,-1,Echolocation,/mnt/ubna_data_01_mir/recover-20220825/UBNA_002/20220823_033000.WAV,Telephone Field,recover-20220825,002,1795
133.7035,133.7401,68437,82134,Rhinolophus ferrumequinum,0.029,0.029,-1,Echolocation,/mnt/ubna_data_01_mir/recover-20220825/UBNA_002/20220823_033000.WAV,Telephone Field,recover-20220825,002,1795
133.7325,133.7674,68437,81696,Rhinolophus ferrumequinum,0.034,0.034,-1,Echolocation,/mnt/ubna_data_01_mir/recover-20220825/UBNA_002/20220823_033000.WAV,Telephone Field,recover-20220825,002,1795
133.7365,133.7465,27187,37051,Eptesicus serotinus,0.011,0.025,-1,Echolocation,/mnt/ubna_data_01_mir/recover-20220825/UBNA_002/20220823_033000.WAV,Telephone Field,recover-20220825,002,1795
133.7595,133.7966,68437,81656,Rhinolophus ferrumequinum,0.024,0.025,-1,Echolocation,/mnt/ubna_data_01_mir/recover-20220825/UBNA_002/20220823_033000.WAV,Telephone Field,recover-20220825,002,1795
133.7645,133.7724,28046,38947,Eptesicus serotinus,0.006,0.021,-1,Echolocation,/mnt/ubna_data_01_mir/recover-20220825/UBNA_002/20220823_033000.WAV,Telephone Field,recover-20220825,002,1795
133.7995,133.8073,48671,55652,Pipistrellus pipistrellus,0.019,0.022,-1,Echolocation,/mnt/ubna_data_01_mir/recover-20220825/UBNA_002/20220823_033000.WAV,Telephone Field,recover-20220825,002,1795
133.8085,133.81889999999999,32343,38387,Eptesicus serotinus,0.011,0.031,-1,Echolocation,/mnt/ubna_data_01_mir/recover-20220825/UBNA_002/20220823_033000.WAV,Telephone Field,recover-20220825,002,1795
133.8195,133.855,68437,81120,Rhinolophus ferrumequinum,0.021,0.021,-1,Echolocation,/mnt/ubna_data_01_mir/recover-20220825/UBNA_002/20220823_033000.WAV,Telephone Field,recover-20220825,002,1795
133.8345,133.8427,26328,37924,Eptesicus serotinus,0.007,0.022,-1,Echolocation,/mnt/ubna_data_01_mir/recover-20220825/UBNA_002/20220823_033000.WAV,Telephone Field,recover-20220825,002,1795
133.8545,133.8905,68437,81157,Rhinolophus ferrumequinum,0.022,0.022,-1,Echolocation,/mnt/ubna_data_01_mir/recover-20220825/UBNA_002/20220823_033000.WAV,Telephone Field,recover-20220825,002,1795
133.8665,133.9047,68437,81687,Rhinolophus ferrumequinum,0.021,0.021,-1,Echolocation,/mnt/ubna_data_01_mir/recover-20220825/UBNA_002/20220823_033000.WAV,Telephone Field,recover-20220825,002,1795
133.8735,133.885,44375,47591,Pipistrellus pipistrellus,0.02,0.024,-1,Echolocation,/mnt/ubna_data_01_mir/recover-20220825/UBNA_002/20220823_033000.WAV,Telephone Field,recover-20220825,002,1795
133.8855,133.8984,23750,28122,Nyctalus leisleri,0.012,0.024,-1,Echolocation,/mnt/ubna_data_01_mir/recover-20220825/UBNA_002/20220823_033000.WAV,Telephone Field,recover-20220825,002,1795
133.8915,133.9288,68437,81399,Rhinolophus ferrumequinum,0.023,0.023,-1,Echolocation,/mnt/ubna_data_01_mir/recover-20220825/UBNA_002/20220823_033000.WAV,Telephone Field,recover-20220825,002,1795
133.8975,133.9123,29765,35231,Eptesicus serotinus,0.025,0.039,-1,Echolocation,/mnt/ubna_data_01_mir/recover-20220825/UBNA_002/20220823_033000.WAV,Telephone Field,recover-20220825,002,1795
133.92849999999999,133.9688,68437,82568,Rhinolophus ferrumequinum,0.022,0.022,-1,Echolocation,/mnt/ubna_data_01_mir/recover-20220825/UBNA_002/20220823_033000.WAV,Telephone Field,recover-20220825,002,1795
133.9325,133.9414,26328,33688,Eptesicus serotinus,0.009,0.024,-1,Echolocation,/mnt/ubna_data_01_mir/recover-20220825/UBNA_002/20220823_033000.WAV,Telephone Field,recover-20220825,002,1795
134.0015,134.0321,69296,81024,Rhinolophus ferrumequinum,0.029,0.029,-1,Echolocation,/mnt/ubna_data_01_mir/recover-20220825/UBNA_002/20220823_033000.WAV,Telephone Field,recover-20220825,002,1795
134.0015,134.0105,22031,31325,Nyctalus leisleri,0.007,0.028,-1,Echolocation,/mnt/ubna_data_01_mir/recover-20220825/UBNA_002/20220823_033000.WAV,Telephone Field,recover-20220825,002,1795
134.0145,134.0548,68437,82349,Rhinolophus ferrumequinum,0.023,0.023,-1,Echolocation,/mnt/ubna_data_01_mir/recover-20220825/UBNA_002/20220823_033000.WAV,Telephone Field,recover-20220825,002,1795
134.0385,134.0808,68437,83194,Rhinolophus ferrumequinum,0.036,0.036,-1,Echolocation,/mnt/ubna_data_01_mir/recover-20220825/UBNA_002/20220823_033000.WAV,Telephone Field,recover-20220825,002,1795
134.0445,134.0537,28046,40086,Eptesicus serotinus,0.008,0.023,-1,Echolocation,/mnt/ubna_data_01_mir/recover-20220825/UBNA_002/20220823_033000.WAV,Telephone Field,recover-20220825,002,1795
134.1045,134.1146,27187,38666,Eptesicus serotinus,0.01,0.024,-1,Echolocation,/mnt/ubna_data_01_mir/recover-20220825/UBNA_002/20220823_033000.WAV,Telephone Field,recover-20220825,002,1795
134.1165,134.1275,27187,34748,Eptesicus serotinus,0.012,0.025,-1,Echolocation,/mnt/ubna_data_01_mir/recover-20220825/UBNA_002/20220823_033000.WAV,Telephone Field,recover-20220825,002,1795
134.1425,134.18,68437,81998,Rhinolophus ferrumequinum,0.021,0.021,-1,Echolocation,/mnt/ubna_data_01_mir/recover-20220825/UBNA_002/20220823_033000.WAV,Telephone Field,recover-20220825,002,1795
134.1505,134.1598,26328,36066,Eptesicus serotinus,0.008,0.022,-1,Echolocation,/mnt/ubna_data_01_mir/recover-20220825/UBNA_002/20220823_033000.WAV,Telephone Field,recover-20220825,002,1795
134.1555,134.1986,68437,83186,Rhinolophus ferrumequinum,0.024,0.024,-1,Echolocation,/mnt/ubna_data_01_mir/recover-20220825/UBNA_002/20220823_033000.WAV,Telephone Field,recover-20220825,002,1795
134.1795,134.2196,68437,82409,Rhinolophus ferrumequinum,0.022,0.022,-1,Echolocation,/mnt/ubna_data_01_mir/recover-20220825/UBNA_002/20220823_033000.WAV,Telephone Field,recover-20220825,002,1795
134.1825,134.1906,27187,42379,Eptesicus serotinus,0.008,0.023,-1,Echolocation,/mnt/ubna_data_01_mir/recover-20220825/UBNA_002/20220823_033000.WAV,Telephone Field,recover-20220825,002,1795
134.1905,134.2323,68437,83393,Rhinolophus ferrumequinum,0.023,0.023,-1,Echolocation,/mnt/ubna_data_01_mir/recover-20220825/UBNA_002/20220823_033000.WAV,Telephone Field,recover-20220825,002,1795
134.2145,134.2561,68437,82636,Rhinolophus ferrumequinum,0.023,0.023,-1,Echolocation,/mnt/ubna_data_01_mir/recover-20220825/UBNA_002/20220823_033000.WAV,Telephone Field,recover-20220825,002,1795
134.2405,134.2798,68437,82104,Rhinolophus ferrumequinum,0.022,0.023,-1,Echolocation,/mnt/ubna_data_01_mir/recover-20220825/UBNA_002/20220823_033000.WAV,Telephone Field,recover-20220825,002,1795
134.2595,134.2687,28046,37290,Eptesicus serotinus,0.01,0.024,-1,Echolocation,/mnt/ubna_data_01_mir/recover-20220825/UBNA_002/20220823_033000.WAV,Telephone Field,recover-20220825,002,1795
134.3195,134.3269,28046,37545,Eptesicus serotinus,0.007,0.024,-1,Echolocation,/mnt/ubna_data_01_mir/recover-20220825/UBNA_002/20220823_033000.WAV,Telephone Field,recover-20220825,002,1795
134.3535,134.3931,68437,82363,Rhinolophus ferrumequinum,0.021,0.021,-1,Echolocation,/mnt/ubna_data_01_mir/recover-20220825/UBNA_002/20220823_033000.WAV,Telephone Field,recover-20220825,002,1795
134.4055,134.4475,68437,82235,Rhinolophus ferrumequinum,0.035,0.035,-1,Echolocation,/mnt/ubna_data_01_mir/recover-20220825/UBNA_002/20220823_033000.WAV,Telephone Field,recover-20220825,002,1795
134.4155,134.4228,47812,51527,Pipistrellus pipistrellus,0.039,0.04,-1,Echolocation,/mnt/ubna_data_01_mir/recover-20220825/UBNA_002/20220823_033000.WAV,Telephone Field,recover-20220825,002,1795
134.4405,134.45159999999998,23750,29271,Nyctalus leisleri,0.01,0.024,-1,Echolocation,/mnt/ubna_data_01_mir/recover-20220825/UBNA_002/20220823_033000.WAV,Telephone Field,recover-20220825,002,1795
134.4475,134.4603,22890,27741,Nyctalus leisleri,0.013,0.026,-1,Echolocation,/mnt/ubna_data_01_mir/recover-20220825/UBNA_002/20220823_033000.WAV,Telephone Field,recover-20220825,002,1795
134.4795,134.52,68437,82636,Rhinolophus ferrumequinum,0.022,0.022,-1,Echolocation,/mnt/ubna_data_01_mir/recover-20220825/UBNA_002/20220823_033000.WAV,Telephone Field,recover-20220825,002,1795
134.5205,134.5574,68437,81879,Rhinolophus ferrumequinum,0.024,0.024,-1,Echolocation,/mnt/ubna_data_01_mir/recover-20220825/UBNA_002/20220823_033000.WAV,Telephone Field,recover-20220825,002,1795
134.6135,134.6546,68437,82823,Rhinolophus ferrumequinum,0.023,0.023,-1,Echolocation,/mnt/ubna_data_01_mir/recover-20220825/UBNA_002/20220823_033000.WAV,Telephone Field,recover-20220825,002,1795
134.6235,134.643,19453,22106,Nyctalus leisleri,0.015,0.03,-1,Echolocation,/mnt/ubna_data_01_mir/recover-20220825/UBNA_002/20220823_033000.WAV,Telephone Field,recover-20220825,002,1795
134.6575,134.6626,40937,56020,Myotis daubentonii,0.01,0.025,-1,Echolocation,/mnt/ubna_data_01_mir/recover-20220825/UBNA_002/20220823_033000.WAV,Telephone Field,recover-20220825,002,1795
134.6585,134.6709,22890,28276,Nyctalus leisleri,0.013,0.025,-1,Echolocation,/mnt/ubna_data_01_mir/recover-20220825/UBNA_002/20220823_033000.WAV,Telephone Field,recover-20220825,002,1795
134.67849999999999,134.719,68437,82582,Rhinolophus ferrumequinum,0.025,0.025,-1,Echolocation,/mnt/ubna_data_01_mir/recover-20220825/UBNA_002/20220823_033000.WAV,Telephone Field,recover-20220825,002,1795
134.7025,134.7412,68437,82031,Rhinolophus ferrumequinum,0.022,0.022,-1,Echolocation,/mnt/ubna_data_01_mir/recover-20220825/UBNA_002/20220823_033000.WAV,Telephone Field,recover-20220825,002,1795
134.7205,134.7587,68437,81694,Rhinolophus ferrumequinum,0.022,0.022,-1,Echolocation,/mnt/ubna_data_01_mir/recover-20220825/UBNA_002/20220823_033000.WAV,Telephone Field,recover-20220825,002,1795
134.7325,134.7404,28046,37340,Eptesicus serotinus,0.007,0.022,-1,Echolocation,/mnt/ubna_data_01_mir/recover-20220825/UBNA_002/20220823_033000.WAV,Telephone Field,recover-20220825,002,1795
134.7435,134.7825,68437,81314,Rhinolophus ferrumequinum,0.025,0.025,-1,Echolocation,/mnt/ubna_data_01_mir/recover-20220825/UBNA_002/20220823_033000.WAV,Telephone Field,recover-20220825,002,1795
134.7695,134.8078,68437,82046,Rhinolophus ferrumequinum,0.021,0.021,-1,Echolocation,/mnt/ubna_data_01_mir/recover-20220825/UBNA_002/20220823_033000.WAV,Telephone Field,recover-20220825,002,1795
134.7865,134.7946,26328,35010,Eptesicus serotinus,0.012,0.03,-1,Echolocation,/mnt/ubna_data_01_mir/recover-20220825/UBNA_002/20220823_033000.WAV,Telephone Field,recover-20220825,002,1795
134.8155,134.8257,22890,28679,Nyctalus leisleri,0.009,0.022,-1,Echolocation,/mnt/ubna_data_01_mir/recover-20220825/UBNA_002/20220823_033000.WAV,Telephone Field,recover-20220825,002,1795
134.8585,134.8651,27187,41381,Eptesicus serotinus,0.006,0.023,-1,Echolocation,/mnt/ubna_data_01_mir/recover-20220825/UBNA_002/20220823_033000.WAV,Telephone Field,recover-20220825,002,1795
134.8775,134.9179,68437,82222,Rhinolophus ferrumequinum,0.023,0.023,-1,Echolocation,/mnt/ubna_data_01_mir/recover-20220825/UBNA_002/20220823_033000.WAV,Telephone Field,recover-20220825,002,1795
134.8795,134.8865,27187,38397,Eptesicus serotinus,0.006,0.023,-1,Echolocation,/mnt/ubna_data_01_mir/recover-20220825/UBNA_002/20220823_033000.WAV,Telephone Field,recover-20220825,002,1795
134.95850000000002,134.9661,28906,38071,Eptesicus serotinus,0.006,0.021,-1,Echolocation,/mnt/ubna_data_01_mir/recover-20220825/UBNA_002/20220823_033000.WAV,Telephone Field,recover-20220825,002,1795
134.9595,134.9994,68437,83105,Rhinolophus ferrumequinum,0.024,0.024,-1,Echolocation,/mnt/ubna_data_01_mir/recover-20220825/UBNA_002/20220823_033000.WAV,Telephone Field,recover-20220825,002,1795
134.9675,135.011,68437,82884,Rhinolophus ferrumequinum,0.025,0.025,-1,Echolocation,/mnt/ubna_data_01_mir/recover-20220825/UBNA_002/20220823_033000.WAV,Telephone Field,recover-20220825,002,1795
135.0565,135.0939,68437,81229,Rhinolophus ferrumequinum,0.023,0.023,-1,Echolocation,/mnt/ubna_data_01_mir/recover-20220825/UBNA_002/20220823_033000.WAV,Telephone Field,recover-20220825,002,1795
135.0745,135.0848,28906,35814,Eptesicus serotinus,0.009,0.022,-1,Echolocation,/mnt/ubna_data_01_mir/recover-20220825/UBNA_002/20220823_033000.WAV,Telephone Field,recover-20220825,002,1795
135.1015,135.1385,68437,81865,Rhinolophus ferrumequinum,0.023,0.023,-1,Echolocation,/mnt/ubna_data_01_mir/recover-20220825/UBNA_002/20220823_033000.WAV,Telephone Field,recover-20220825,002,1795
135.1145,135.136,17734,21831,Nyctalus noctula,0.038,0.051,-1,Echolocation,/mnt/ubna_data_01_mir/recover-20220825/UBNA_002/20220823_033000.WAV,Telephone Field,recover-20220825,002,1795
135.1285,135.1677,68437,82574,Rhinolophus ferrumequinum,0.022,0.022,-1,Echolocation,/mnt/ubna_data_01_mir/recover-20220825/UBNA_002/20220823_033000.WAV,Telephone Field,recover-20220825,002,1795
135.1515,135.1919,68437,82434,Rhinolophus ferrumequinum,0.026,0.026,-1,Echolocation,/mnt/ubna_data_01_mir/recover-20220825/UBNA_002/20220823_033000.WAV,Telephone Field,recover-20220825,002,1795
135.1715,135.2164,68437,83069,Rhinolophus ferrumequinum,0.055,0.055,-1,Echolocation,/mnt/ubna_data_01_mir/recover-20220825/UBNA_002/20220823_033000.WAV,Telephone Field,recover-20220825,002,1795
135.1915,135.2003,28906,37433,Eptesicus serotinus,0.009,0.023,-1,Echolocation,/mnt/ubna_data_01_mir/recover-20220825/UBNA_002/20220823_033000.WAV,Telephone Field,recover-20220825,002,1795
135.2005,135.2433,68437,83376,Rhinolophus ferrumequinum,0.047,0.047,-1,Echolocation,/mnt/ubna_data_01_mir/recover-20220825/UBNA_002/20220823_033000.WAV,Telephone Field,recover-20220825,002,1795
135.2015,135.212,34062,40171,Barbastellus barbastellus,0.007,0.026,-1,Echolocation,/mnt/ubna_data_01_mir/recover-20220825/UBNA_002/20220823_033000.WAV,Telephone Field,recover-20220825,002,1795
135.2295,135.2729,68437,82747,Rhinolophus ferrumequinum,0.036,0.036,-1,Echolocation,/mnt/ubna_data_01_mir/recover-20220825/UBNA_002/20220823_033000.WAV,Telephone Field,recover-20220825,002,1795
135.2335,135.2422,28046,44751,Eptesicus serotinus,0.012,0.028,-1,Echolocation,/mnt/ubna_data_01_mir/recover-20220825/UBNA_002/20220823_033000.WAV,Telephone Field,recover-20220825,002,1795
135.2805,135.32150000000001,68437,82734,Rhinolophus ferrumequinum,0.033,0.033,-1,Echolocation,/mnt/ubna_data_01_mir/recover-20220825/UBNA_002/20220823_033000.WAV,Telephone Field,recover-20220825,002,1795
135.3125,135.3561,68437,83259,Rhinolophus ferrumequinum,0.026,0.026,-1,Echolocation,/mnt/ubna_data_01_mir/recover-20220825/UBNA_002/20220823_033000.WAV,Telephone Field,recover-20220825,002,1795
135.3155,135.3226,28046,40615,Eptesicus serotinus,0.008,0.027,-1,Echolocation,/mnt/ubna_data_01_mir/recover-20220825/UBNA_002/20220823_033000.WAV,Telephone Field,recover-20220825,002,1795
135.3295,135.3691,68437,82280,Rhinolophus ferrumequinum,0.024,0.024,-1,Echolocation,/mnt/ubna_data_01_mir/recover-20220825/UBNA_002/20220823_033000.WAV,Telephone Field,recover-20220825,002,1795
135.3675,135.4085,68437,83046,Rhinolophus ferrumequinum,0.034,0.034,-1,Echolocation,/mnt/ubna_data_01_mir/recover-20220825/UBNA_002/20220823_033000.WAV,Telephone Field,recover-20220825,002,1795
135.4105,135.4462,68437,81274,Rhinolophus ferrumequinum,0.022,0.022,-1,Echolocation,/mnt/ubna_data_01_mir/recover-20220825/UBNA_002/20220823_033000.WAV,Telephone Field,recover-20220825,002,1795
135.45850000000002,135.5025,68437,83337,Rhinolophus ferrumequinum,0.052,0.052,-1,Echolocation,/mnt/ubna_data_01_mir/recover-20220825/UBNA_002/20220823_033000.WAV,Telephone Field,recover-20220825,002,1795
135.5245,135.5634,68437,82043,Rhinolophus ferrumequinum,0.022,0.022,-1,Echolocation,/mnt/ubna_data_01_mir/recover-20220825/UBNA_002/20220823_033000.WAV,Telephone Field,recover-20220825,002,1795
135.5375,135.5444,28046,37217,Eptesicus serotinus,0.007,0.023,-1,Echolocation,/mnt/ubna_data_01_mir/recover-20220825/UBNA_002/20220823_033000.WAV,Telephone Field,recover-20220825,002,1795
135.5555,135.5966,68437,82766,Rhinolophus ferrumequinum,0.028,0.028,-1,Echolocation,/mnt/ubna_data_01_mir/recover-20220825/UBNA_002/20220823_033000.WAV,Telephone Field,recover-20220825,002,1795
135.6095,135.6196,27187,35534,Eptesicus serotinus,0.01,0.022,-1,Echolocation,/mnt/ubna_data_01_mir/recover-20220825/UBNA_002/20220823_033000.WAV,Telephone Field,recover-20220825,002,1795
135.6165,135.6549,68437,81955,Rhinolophus ferrumequinum,0.029,0.029,-1,Echolocation,/mnt/ubna_data_01_mir/recover-20220825/UBNA_002/20220823_033000.WAV,Telephone Field,recover-20220825,002,1795
135.6205,135.628,27187,37874,Eptesicus serotinus,0.008,0.024,-1,Echolocation,/mnt/ubna_data_01_mir/recover-20220825/UBNA_002/20220823_033000.WAV,Telephone Field,recover-20220825,002,1795
135.6395,135.6489,23750,31016,Eptesicus serotinus,0.013,0.046,-1,Echolocation,/mnt/ubna_data_01_mir/recover-20220825/UBNA_002/20220823_033000.WAV,Telephone Field,recover-20220825,002,1795
135.6405,135.6804,68437,82501,Rhinolophus ferrumequinum,0.024,0.024,-1,Echolocation,/mnt/ubna_data_01_mir/recover-20220825/UBNA_002/20220823_033000.WAV,Telephone Field,recover-20220825,002,1795
135.7095,135.7159,35781,43124,Myotis daubentonii,0.008,0.022,-1,Echolocation,/mnt/ubna_data_01_mir/recover-20220825/UBNA_002/20220823_033000.WAV,Telephone Field,recover-20220825,002,1795
135.7095,135.717,27187,36814,Eptesicus serotinus,0.011,0.029,-1,Echolocation,/mnt/ubna_data_01_mir/recover-20220825/UBNA_002/20220823_033000.WAV,Telephone Field,recover-20220825,002,1795
135.7845,135.819,68437,80544,Rhinolophus ferrumequinum,0.024,0.024,-1,Echolocation,/mnt/ubna_data_01_mir/recover-20220825/UBNA_002/20220823_033000.WAV,Telephone Field,recover-20220825,002,1795
135.8235,135.8662,68437,83349,Rhinolophus ferrumequinum,0.024,0.024,-1,Echolocation,/mnt/ubna_data_01_mir/recover-20220825/UBNA_002/20220823_033000.WAV,Telephone Field,recover-20220825,002,1795
135.8305,135.8375,28046,38901,Eptesicus serotinus,0.007,0.023,-1,Echolocation,/mnt/ubna_data_01_mir/recover-20220825/UBNA_002/20220823_033000.WAV,Telephone Field,recover-20220825,002,1795
135.8485,135.88909999999998,68437,82468,Rhinolophus ferrumequinum,0.024,0.024,-1,Echolocation,/mnt/ubna_data_01_mir/recover-20220825/UBNA_002/20220823_033000.WAV,Telephone Field,recover-20220825,002,1795
135.8845,135.922,68437,82154,Rhinolophus ferrumequinum,0.024,0.024,-1,Echolocation,/mnt/ubna_data_01_mir/recover-20220825/UBNA_002/20220823_033000.WAV,Telephone Field,recover-20220825,002,1795
135.9315,135.9418,31484,39278,Eptesicus serotinus,0.009,0.029,-1,Echolocation,/mnt/ubna_data_01_mir/recover-20220825/UBNA_002/20220823_033000.WAV,Telephone Field,recover-20220825,002,1795
135.9425,135.9551,22031,26296,Nyctalus leisleri,0.011,0.021,-1,Echolocation,/mnt/ubna_data_01_mir/recover-20220825/UBNA_002/20220823_033000.WAV,Telephone Field,recover-20220825,002,1795
136.0015,136.0118,22031,27777,Nyctalus leisleri,0.014,0.034,-1,Echolocation,/mnt/ubna_data_01_mir/recover-20220825/UBNA_002/20220823_033000.WAV,Telephone Field,recover-20220825,002,1795
136.0015,136.0348,68437,79906,Rhinolophus ferrumequinum,0.048,0.048,-1,Echolocation,/mnt/ubna_data_01_mir/recover-20220825/UBNA_002/20220823_033000.WAV,Telephone Field,recover-20220825,002,1795
136.0015,136.0111,30625,38620,Eptesicus serotinus,0.008,0.022,-1,Echolocation,/mnt/ubna_data_01_mir/recover-20220825/UBNA_002/20220823_033000.WAV,Telephone Field,recover-20220825,002,1795
136.0085,136.0514,68437,82286,Rhinolophus ferrumequinum,0.023,0.023,-1,Echolocation,/mnt/ubna_data_01_mir/recover-20220825/UBNA_002/20220823_033000.WAV,Telephone Field,recover-20220825,002,1795
136.0285,136.0736,68437,83467,Rhinolophus ferrumequinum,0.042,0.042,-1,Echolocation,/mnt/ubna_data_01_mir/recover-20220825/UBNA_002/20220823_033000.WAV,Telephone Field,recover-20220825,002,1795
136.0315,136.0426,24609,31699,Eptesicus serotinus,0.009,0.024,-1,Echolocation,/mnt/ubna_data_01_mir/recover-20220825/UBNA_002/20220823_033000.WAV,Telephone Field,recover-20220825,002,1795
136.0375,136.0482,24609,31056,Nyctalus leisleri,0.009,0.024,-1,Echolocation,/mnt/ubna_data_01_mir/recover-20220825/UBNA_002/20220823_033000.WAV,Telephone Field,recover-20220825,002,1795
136.0995,136.1085,28046,37075,Eptesicus serotinus,0.008,0.022,-1,Echolocation,/mnt/ubna_data_01_mir/recover-20220825/UBNA_002/20220823_033000.WAV,Telephone Field,recover-20220825,002,1795
136.1245,136.1673,68437,82897,Rhinolophus ferrumequinum,0.025,0.025,-1,Echolocation,/mnt/ubna_data_01_mir/recover-20220825/UBNA_002/20220823_033000.WAV,Telephone Field,recover-20220825,002,1795
136.1985,136.2368,68437,82929,Rhinolophus ferrumequinum,0.027,0.027,-1,Echolocation,/mnt/ubna_data_01_mir/recover-20220825/UBNA_002/20220823_033000.WAV,Telephone Field,recover-20220825,002,1795
136.20850000000002,136.22390000000001,22031,25639,Nyctalus leisleri,0.03,0.053,-1,Echolocation,/mnt/ubna_data_01_mir/recover-20220825/UBNA_002/20220823_033000.WAV,Telephone Field,recover-20220825,002,1795
136.2335,136.27179999999998,68437,81805,Rhinolophus ferrumequinum,0.024,0.024,-1,Echolocation,/mnt/ubna_data_01_mir/recover-20220825/UBNA_002/20220823_033000.WAV,Telephone Field,recover-20220825,002,1795
136.2605,136.2963,68437,80504,Rhinolophus ferrumequinum,0.026,0.027,-1,Echolocation,/mnt/ubna_data_01_mir/recover-20220825/UBNA_002/20220823_033000.WAV,Telephone Field,recover-20220825,002,1795
136.3355,136.3466,22890,29384,Nyctalus leisleri,0.012,0.031,-1,Echolocation,/mnt/ubna_data_01_mir/recover-20220825/UBNA_002/20220823_033000.WAV,Telephone Field,recover-20220825,002,1795
136.3365,136.3741,68437,82204,Rhinolophus ferrumequinum,0.039,0.039,-1,Echolocation,/mnt/ubna_data_01_mir/recover-20220825/UBNA_002/20220823_033000.WAV,Telephone Field,recover-20220825,002,1795
136.3835,136.4211,68437,81709,Rhinolophus ferrumequinum,0.022,0.022,-1,Echolocation,/mnt/ubna_data_01_mir/recover-20220825/UBNA_002/20220823_033000.WAV,Telephone Field,recover-20220825,002,1795
136.3955,136.4323,68437,81991,Rhinolophus ferrumequinum,0.022,0.022,-1,Echolocation,/mnt/ubna_data_01_mir/recover-20220825/UBNA_002/20220823_033000.WAV,Telephone Field,recover-20220825,002,1795
136.3975,136.4089,25468,31447,Nyctalus leisleri,0.014,0.032,-1,Echolocation,/mnt/ubna_data_01_mir/recover-20220825/UBNA_002/20220823_033000.WAV,Telephone Field,recover-20220825,002,1795
136.4125,136.454,68437,82505,Rhinolophus ferrumequinum,0.025,0.025,-1,Echolocation,/mnt/ubna_data_01_mir/recover-20220825/UBNA_002/20220823_033000.WAV,Telephone Field,recover-20220825,002,1795
136.4485,136.4898,68437,83062,Rhinolophus ferrumequinum,0.036,0.036,-1,Echolocation,/mnt/ubna_data_01_mir/recover-20220825/UBNA_002/20220823_033000.WAV,Telephone Field,recover-20220825,002,1795
136.5155,136.5495,68437,81198,Rhinolophus ferrumequinum,0.023,0.023,-1,Echolocation,/mnt/ubna_data_01_mir/recover-20220825/UBNA_002/20220823_033000.WAV,Telephone Field,recover-20220825,002,1795
136.5265,136.5678,68437,83082,Rhinolophus ferrumequinum,0.027,0.027,-1,Echolocation,/mnt/ubna_data_01_mir/recover-20220825/UBNA_002/20220823_033000.WAV,Telephone Field,recover-20220825,002,1795
136.5565,136.5986,68437,82658,Rhinolophus ferrumequinum,0.027,0.027,-1,Echolocation,/mnt/ubna_data_01_mir/recover-20220825/UBNA_002/20220823_033000.WAV,Telephone Field,recover-20220825,002,1795
136.58350000000002,136.5901,27187,39167,Eptesicus serotinus,0.006,0.026,-1,Echolocation,/mnt/ubna_data_01_mir/recover-20220825/UBNA_002/20220823_033000.WAV,Telephone Field,recover-20220825,002,1795
136.5945,136.6355,68437,82729,Rhinolophus ferrumequinum,0.025,0.025,-1,Echolocation,/mnt/ubna_data_01_mir/recover-20220825/UBNA_002/20220823_033000.WAV,Telephone Field,recover-20220825,002,1795
136.6015,136.6107,45234,48563,Pipistrellus pipistrellus,0.024,0.026,-1,Echolocation,/mnt/ubna_data_01_mir/recover-20220825/UBNA_002/20220823_033000.WAV,Telephone Field,recover-20220825,002,1795
136.6155,136.6601,68437,83098,Rhinolophus ferrumequinum,0.042,0.042,-1,Echolocation,/mnt/ubna_data_01_mir/recover-20220825/UBNA_002/20220823_033000.WAV,Telephone Field,recover-20220825,002,1795
136.6355,136.6745,68437,82254,Rhinolophus ferrumequinum,0.024,0.024,-1,Echolocation,/mnt/ubna_data_01_mir/recover-20220825/UBNA_002/20220823_033000.WAV,Telephone Field,recover-20220825,002,1795
136.6445,136.6531,28046,40735,Eptesicus serotinus,0.011,0.029,-1,Echolocation,/mnt/ubna_data_01_mir/recover-20220825/UBNA_002/20220823_033000.WAV,Telephone Field,recover-20220825,002,1795
136.6505,136.6852,68437,82169,Rhinolophus ferrumequinum,0.023,0.023,-1,Echolocation,/mnt/ubna_data_01_mir/recover-20220825/UBNA_002/20220823_033000.WAV,Telephone Field,recover-20220825,002,1795
136.7005,136.7082,46953,56469,Pipistrellus pipistrellus,0.021,0.032,-1,Echolocation,/mnt/ubna_data_01_mir/recover-20220825/UBNA_002/20220823_033000.WAV,Telephone Field,recover-20220825,002,1795
136.7135,136.7243,50390,56184,Pipistrellus pipistrellus,0.017,0.024,-1,Echolocation,/mnt/ubna_data_01_mir/recover-20220825/UBNA_002/20220823_033000.WAV,Telephone Field,recover-20220825,002,1795
136.7545,136.79149999999998,68437,82074,Rhinolophus ferrumequinum,0.027,0.027,-1,Echolocation,/mnt/ubna_data_01_mir/recover-20220825/UBNA_002/20220823_033000.WAV,Telephone Field,recover-20220825,002,1795
136.7555,136.7639,27187,37646,Eptesicus serotinus,0.009,0.023,-1,Echolocation,/mnt/ubna_data_01_mir/recover-20220825/UBNA_002/20220823_033000.WAV,Telephone Field,recover-20220825,002,1795
136.7975,136.8052,28046,38221,Eptesicus serotinus,0.008,0.025,-1,Echolocation,/mnt/ubna_data_01_mir/recover-20220825/UBNA_002/20220823_033000.WAV,Telephone Field,recover-20220825,002,1795
136.8675,136.9092,68437,82462,Rhinolophus ferrumequinum,0.024,0.024,-1,Echolocation,/mnt/ubna_data_01_mir/recover-20220825/UBNA_002/20220823_033000.WAV,Telephone Field,recover-20220825,002,1795
136.9005,136.9079,28046,41220,Eptesicus serotinus,0.007,0.022,-1,Echolocation,/mnt/ubna_data_01_mir/recover-20220825/UBNA_002/20220823_033000.WAV,Telephone Field,recover-20220825,002,1795
136.9245,136.965,68437,82546,Rhinolophus ferrumequinum,0.023,0.023,-1,Echolocation,/mnt/ubna_data_01_mir/recover-20220825/UBNA_002/20220823_033000.WAV,Telephone Field,recover-20220825,002,1795
136.9255,136.9399,33203,37950,Eptesicus serotinus,0.021,0.063,-1,Echolocation,/mnt/ubna_data_01_mir/recover-20220825/UBNA_002/20220823_033000.WAV,Telephone Field,recover-20220825,002,1795
136.9495,136.9892,68437,82848,Rhinolophus ferrumequinum,0.026,0.026,-1,Echolocation,/mnt/ubna_data_01_mir/recover-20220825/UBNA_002/20220823_033000.WAV,Telephone Field,recover-20220825,002,1795
136.9665,136.9748,27187,36844,Eptesicus serotinus,0.008,0.022,-1,Echolocation,/mnt/ubna_data_01_mir/recover-20220825/UBNA_002/20220823_033000.WAV,Telephone Field,recover-20220825,002,1795
137.0545,137.0916,68437,81596,Rhinolophus ferrumequinum,0.025,0.025,-1,Echolocation,/mnt/ubna_data_01_mir/recover-20220825/UBNA_002/20220823_033000.WAV,Telephone Field,recover-20220825,002,1795
137.0765,137.1166,68437,82581,Rhinolophus ferrumequinum,0.022,0.022,-1,Echolocation,/mnt/ubna_data_01_mir/recover-20220825/UBNA_002/20220823_033000.WAV,Telephone Field,recover-20220825,002,1795
137.1005,137.1064,27187,44293,Eptesicus serotinus,0.006,0.024,-1,Echolocation,/mnt/ubna_data_01_mir/recover-20220825/UBNA_002/20220823_033000.WAV,Telephone Field,recover-20220825,002,1795
137.1385,137.1774,68437,81445,Rhinolophus ferrumequinum,0.022,0.022,-1,Echolocation,/mnt/ubna_data_01_mir/recover-20220825/UBNA_002/20220823_033000.WAV,Telephone Field,recover-20220825,002,1795
137.1455,137.1536,46953,53578,Pipistrellus pipistrellus,0.026,0.027,-1,Echolocation,/mnt/ubna_data_01_mir/recover-20220825/UBNA_002/20220823_033000.WAV,Telephone Field,recover-20220825,002,1795
137.1565,137.1952,68437,82516,Rhinolophus ferrumequinum,0.024,0.024,-1,Echolocation,/mnt/ubna_data_01_mir/recover-20220825/UBNA_002/20220823_033000.WAV,Telephone Field,recover-20220825,002,1795
137.1625,137.1728,22890,28820,Nyctalus leisleri,0.012,0.031,-1,Echolocation,/mnt/ubna_data_01_mir/recover-20220825/UBNA_002/20220823_033000.WAV,Telephone Field,recover-20220825,002,1795
137.1895,137.2014,25468,32106,Nyctalus leisleri,0.012,0.032,-1,Echolocation,/mnt/ubna_data_01_mir/recover-20220825/UBNA_002/20220823_033000.WAV,Telephone Field,recover-20220825,002,1795
137.1945,137.2358,68437,82763,Rhinolophus ferrumequinum,0.026,0.026,-1,Echolocation,/mnt/ubna_data_01_mir/recover-20220825/UBNA_002/20220823_033000.WAV,Telephone Field,recover-20220825,002,1795
137.2565,137.26749999999998,28906,35677,Eptesicus serotinus,0.01,0.023,-1,Echolocation,/mnt/ubna_data_01_mir/recover-20220825/UBNA_002/20220823_033000.WAV,Telephone Field,recover-20220825,002,1795
137.2885,137.3271,68437,81878,Rhinolophus ferrumequinum,0.025,0.025,-1,Echolocation,/mnt/ubna_data_01_mir/recover-20220825/UBNA_002/20220823_033000.WAV,Telephone Field,recover-20220825,002,1795
137.3025,137.319,15156,20323,Nyctalus noctula,0.018,0.025,-1,Echolocation,/mnt/ubna_data_01_mir/recover-20220825/UBNA_002/20220823_033000.WAV,Telephone Field,recover-20220825,002,1795
137.3245,137.3677,68437,83409,Rhinolophus ferrumequinum,0.034,0.034,-1,Echolocation,/mnt/ubna_data_01_mir/recover-20220825/UBNA_002/20220823_033000.WAV,Telephone Field,recover-20220825,002,1795
137.3615,137.40109999999999,68437,82220,Rhinolophus ferrumequinum,0.023,0.023,-1,Echolocation,/mnt/ubna_data_01_mir/recover-20220825/UBNA_002/20220823_033000.WAV,Telephone Field,recover-20220825,002,1795
137.3635,137.3719,27187,37924,Eptesicus serotinus,0.009,0.023,-1,Echolocation,/mnt/ubna_data_01_mir/recover-20220825/UBNA_002/20220823_033000.WAV,Telephone Field,recover-20220825,002,1795
137.3845,137.3919,27187,37410,Eptesicus serotinus,0.009,0.026,-1,Echolocation,/mnt/ubna_data_01_mir/recover-20220825/UBNA_002/20220823_033000.WAV,Telephone Field,recover-20220825,002,1795
137.3965,137.43880000000001,68437,82805,Rhinolophus ferrumequinum,0.024,0.024,-1,Echolocation,/mnt/ubna_data_01_mir/recover-20220825/UBNA_002/20220823_033000.WAV,Telephone Field,recover-20220825,002,1795
137.4245,137.4638,68437,82123,Rhinolophus ferrumequinum,0.022,0.022,-1,Echolocation,/mnt/ubna_data_01_mir/recover-20220825/UBNA_002/20220823_033000.WAV,Telephone Field,recover-20220825,002,1795
137.4255,137.4337,28046,40690,Eptesicus serotinus,0.01,0.027,-1,Echolocation,/mnt/ubna_data_01_mir/recover-20220825/UBNA_002/20220823_033000.WAV,Telephone Field,recover-20220825,002,1795
137.4575,137.4984,68437,82448,Rhinolophus ferrumequinum,0.022,0.023,-1,Echolocation,/mnt/ubna_data_01_mir/recover-20220825/UBNA_002/20220823_033000.WAV,Telephone Field,recover-20220825,002,1795
137.48250000000002,137.5231,68437,82265,Rhinolophus ferrumequinum,0.023,0.023,-1,Echolocation,/mnt/ubna_data_01_mir/recover-20220825/UBNA_002/20220823_033000.WAV,Telephone Field,recover-20220825,002,1795
137.5075,137.5467,68437,82268,Rhinolophus ferrumequinum,0.022,0.022,-1,Echolocation,/mnt/ubna_data_01_mir/recover-20220825/UBNA_002/20220823_033000.WAV,Telephone Field,recover-20220825,002,1795
137.5315,137.5719,68437,83340,Rhinolophus ferrumequinum,0.032,0.032,-1,Echolocation,/mnt/ubna_data_01_mir/recover-20220825/UBNA_002/20220823_033000.WAV,Telephone Field,recover-20220825,002,1795
137.5665,137.5757,24609,33120,Plecotus austriacus,0.007,0.029,-1,Echolocation,/mnt/ubna_data_01_mir/recover-20220825/UBNA_002/20220823_033000.WAV,Telephone Field,recover-20220825,002,1795
137.5805,137.6028,19453,22025,Nyctalus noctula,0.026,0.048,-1,Echolocation,/mnt/ubna_data_01_mir/recover-20220825/UBNA_002/20220823_033000.WAV,Telephone Field,recover-20220825,002,1795
137.6025,137.6401,68437,82094,Rhinolophus ferrumequinum,0.022,0.022,-1,Echolocation,/mnt/ubna_data_01_mir/recover-20220825/UBNA_002/20220823_033000.WAV,Telephone Field,recover-20220825,002,1795
137.6045,137.6122,48671,54501,Pipistrellus pipistrellus,0.037,0.039,-1,Echolocation,/mnt/ubna_data_01_mir/recover-20220825/UBNA_002/20220823_033000.WAV,Telephone Field,recover-20220825,002,1795
137.6195,137.6269,27187,37519,Eptesicus serotinus,0.006,0.022,-1,Echolocation,/mnt/ubna_data_01_mir/recover-20220825/UBNA_002/20220823_033000.WAV,Telephone Field,recover-20220825,002,1795
137.6385,137.678,68437,82353,Rhinolophus ferrumequinum,0.022,0.022,-1,Echolocation,/mnt/ubna_data_01_mir/recover-20220825/UBNA_002/20220823_033000.WAV,Telephone Field,recover-20220825,002,1795
137.6635,137.7077,68437,83746,Rhinolophus ferrumequinum,0.028,0.028,-1,Echolocation,/mnt/ubna_data_01_mir/recover-20220825/UBNA_002/20220823_033000.WAV,Telephone Field,recover-20220825,002,1795
137.69650000000001,137.7034,27187,41014,Eptesicus serotinus,0.006,0.023,-1,Echolocation,/mnt/ubna_data_01_mir/recover-20220825/UBNA_002/20220823_033000.WAV,Telephone Field,recover-20220825,002,1795
137.7165,137.7563,68437,82782,Rhinolophus ferrumequinum,0.022,0.022,-1,Echolocation,/mnt/ubna_data_01_mir/recover-20220825/UBNA_002/20220823_033000.WAV,Telephone Field,recover-20220825,002,1795
137.73250000000002,137.7713,68437,82427,Rhinolophus ferrumequinum,0.022,0.022,-1,Echolocation,/mnt/ubna_data_01_mir/recover-20220825/UBNA_002/20220823_033000.WAV,Telephone Field,recover-20220825,002,1795
137.7725,137.8158,68437,83295,Rhinolophus ferrumequinum,0.022,0.022,-1,Echolocation,/mnt/ubna_data_01_mir/recover-20220825/UBNA_002/20220823_033000.WAV,Telephone Field,recover-20220825,002,1795
137.7725,137.7809,26328,38075,Eptesicus serotinus,0.007,0.022,-1,Echolocation,/mnt/ubna_data_01_mir/recover-20220825/UBNA_002/20220823_033000.WAV,Telephone Field,recover-20220825,002,1795
137.7995,137.80689999999998,28046,39536,Eptesicus serotinus,0.008,0.025,-1,Echolocation,/mnt/ubna_data_01_mir/recover-20220825/UBNA_002/20220823_033000.WAV,Telephone Field,recover-20220825,002,1795
137.8095,137.8505,68437,82416,Rhinolophus ferrumequinum,0.026,0.026,-1,Echolocation,/mnt/ubna_data_01_mir/recover-20220825/UBNA_002/20220823_033000.WAV,Telephone Field,recover-20220825,002,1795
137.8165,137.8524,68437,82722,Rhinolophus ferrumequinum,0.022,0.022,-1,Echolocation,/mnt/ubna_data_01_mir/recover-20220825/UBNA_002/20220823_033000.WAV,Telephone Field,recover-20220825,002,1795
137.8385,137.8461,26328,35625,Eptesicus serotinus,0.007,0.022,-1,Echolocation,/mnt/ubna_data_01_mir/recover-20220825/UBNA_002/20220823_033000.WAV,Telephone Field,recover-20220825,002,1795
137.8535,137.8922,68437,82084,Rhinolophus ferrumequinum,0.023,0.023,-1,Echolocation,/mnt/ubna_data_01_mir/recover-20220825/UBNA_002/20220823_033000.WAV,Telephone Field,recover-20220825,002,1795
137.8845,137.9229,68437,82070,Rhinolophus ferrumequinum,0.023,0.023,-1,Echolocation,/mnt/ubna_data_01_mir/recover-20220825/UBNA_002/20220823_033000.WAV,Telephone Field,recover-20220825,002,1795
137.8895,137.9271,68437,82279,Rhinolophus ferrumequinum,0.022,0.022,-1,Echolocation,/mnt/ubna_data_01_mir/recover-20220825/UBNA_002/20220823_033000.WAV,Telephone Field,recover-20220825,002,1795
137.8895,137.8964,26328,38952,Eptesicus serotinus,0.006,0.023,-1,Echolocation,/mnt/ubna_data_01_mir/recover-20220825/UBNA_002/20220823_033000.WAV,Telephone Field,recover-20220825,002,1795
137.9385,137.978,68437,83283,Rhinolophus ferrumequinum,0.03,0.03,-1,Echolocation,/mnt/ubna_data_01_mir/recover-20220825/UBNA_002/20220823_033000.WAV,Telephone Field,recover-20220825,002,1795
137.9675,137.9788,22890,28705,Nyctalus leisleri,0.012,0.026,-1,Echolocation,/mnt/ubna_data_01_mir/recover-20220825/UBNA_002/20220823_033000.WAV,Telephone Field,recover-20220825,002,1795
138.0015,138.0114,29765,37252,Eptesicus serotinus,0.008,0.022,-1,Echolocation,/mnt/ubna_data_01_mir/recover-20220825/UBNA_002/20220823_033000.WAV,Telephone Field,recover-20220825,002,1795
138.0015,138.01,22031,30923,Plecotus austriacus,0.007,0.025,-1,Echolocation,/mnt/ubna_data_01_mir/recover-20220825/UBNA_002/20220823_033000.WAV,Telephone Field,recover-20220825,002,1795
138.0015,138.0345,68437,80057,Rhinolophus ferrumequinum,0.04,0.04,-1,Echolocation,/mnt/ubna_data_01_mir/recover-20220825/UBNA_002/20220823_033000.WAV,Telephone Field,recover-20220825,002,1795
138.0075,138.0476,68437,82190,Rhinolophus ferrumequinum,0.024,0.024,-1,Echolocation,/mnt/ubna_data_01_mir/recover-20220825/UBNA_002/20220823_033000.WAV,Telephone Field,recover-20220825,002,1795
138.0275,138.0653,68437,81582,Rhinolophus ferrumequinum,0.023,0.023,-1,Echolocation,/mnt/ubna_data_01_mir/recover-20220825/UBNA_002/20220823_033000.WAV,Telephone Field,recover-20220825,002,1795
138.0655,138.10320000000002,68437,82651,Rhinolophus ferrumequinum,0.023,0.024,-1,Echolocation,/mnt/ubna_data_01_mir/recover-20220825/UBNA_002/20220823_033000.WAV,Telephone Field,recover-20220825,002,1795
138.1235,138.1331,27187,35514,Eptesicus serotinus,0.012,0.024,-1,Echolocation,/mnt/ubna_data_01_mir/recover-20220825/UBNA_002/20220823_033000.WAV,Telephone Field,recover-20220825,002,1795
138.1325,138.1437,23750,29603,Nyctalus leisleri,0.011,0.024,-1,Echolocation,/mnt/ubna_data_01_mir/recover-20220825/UBNA_002/20220823_033000.WAV,Telephone Field,recover-20220825,002,1795
138.1695,138.2063,68437,80863,Rhinolophus ferrumequinum,0.021,0.021,-1,Echolocation,/mnt/ubna_data_01_mir/recover-20220825/UBNA_002/20220823_033000.WAV,Telephone Field,recover-20220825,002,1795
138.1835,138.1912,28046,39651,Eptesicus serotinus,0.006,0.022,-1,Echolocation,/mnt/ubna_data_01_mir/recover-20220825/UBNA_002/20220823_033000.WAV,Telephone Field,recover-20220825,002,1795
138.1855,138.2207,68437,82184,Rhinolophus ferrumequinum,0.028,0.028,-1,Echolocation,/mnt/ubna_data_01_mir/recover-20220825/UBNA_002/20220823_033000.WAV,Telephone Field,recover-20220825,002,1795
138.1995,138.2379,68437,82198,Rhinolophus ferrumequinum,0.025,0.025,-1,Echolocation,/mnt/ubna_data_01_mir/recover-20220825/UBNA_002/20220823_033000.WAV,Telephone Field,recover-20220825,002,1795
138.2245,138.266,68437,82488,Rhinolophus ferrumequinum,0.021,0.021,-1,Echolocation,/mnt/ubna_data_01_mir/recover-20220825/UBNA_002/20220823_033000.WAV,Telephone Field,recover-20220825,002,1795
138.2445,138.2565,22890,28680,Nyctalus leisleri,0.013,0.031,-1,Echolocation,/mnt/ubna_data_01_mir/recover-20220825/UBNA_002/20220823_033000.WAV,Telephone Field,recover-20220825,002,1795
138.2705,138.2803,22890,28896,Nyctalus leisleri,0.009,0.024,-1,Echolocation,/mnt/ubna_data_01_mir/recover-20220825/UBNA_002/20220823_033000.WAV,Telephone Field,recover-20220825,002,1795
138.2815,138.3165,68437,81608,Rhinolophus ferrumequinum,0.025,0.025,-1,Echolocation,/mnt/ubna_data_01_mir/recover-20220825/UBNA_002/20220823_033000.WAV,Telephone Field,recover-20220825,002,1795
138.2825,138.2889,33203,49799,Myotis daubentonii,0.01,0.023,-1,Echolocation,/mnt/ubna_data_01_mir/recover-20220825/UBNA_002/20220823_033000.WAV,Telephone Field,recover-20220825,002,1795
138.2835,138.2911,28906,43003,Eptesicus serotinus,0.008,0.025,-1,Echolocation,/mnt/ubna_data_01_mir/recover-20220825/UBNA_002/20220823_033000.WAV,Telephone Field,recover-20220825,002,1795
138.2955,138.3134,16015,21255,Nyctalus noctula,0.016,0.021,-1,Echolocation,/mnt/ubna_data_01_mir/recover-20220825/UBNA_002/20220823_033000.WAV,Telephone Field,recover-20220825,002,1795
138.2955,138.3336,68437,81562,Rhinolophus ferrumequinum,0.022,0.022,-1,Echolocation,/mnt/ubna_data_01_mir/recover-20220825/UBNA_002/20220823_033000.WAV,Telephone Field,recover-20220825,002,1795
138.3265,138.374,68437,84150,Rhinolophus ferrumequinum,0.092,0.092,-1,Echolocation,/mnt/ubna_data_01_mir/recover-20220825/UBNA_002/20220823_033000.WAV,Telephone Field,recover-20220825,002,1795
138.3325,138.3427,23750,30583,Nyctalus leisleri,0.01,0.029,-1,Echolocation,/mnt/ubna_data_01_mir/recover-20220825/UBNA_002/20220823_033000.WAV,Telephone Field,recover-20220825,002,1795
138.3655,138.4055,68437,82529,Rhinolophus ferrumequinum,0.035,0.035,-1,Echolocation,/mnt/ubna_data_01_mir/recover-20220825/UBNA_002/20220823_033000.WAV,Telephone Field,recover-20220825,002,1795
138.3705,138.3797,27187,35869,Eptesicus serotinus,0.009,0.022,-1,Echolocation,/mnt/ubna_data_01_mir/recover-20220825/UBNA_002/20220823_033000.WAV,Telephone Field,recover-20220825,002,1795
138.4035,138.4109,28906,38638,Eptesicus serotinus,0.016,0.039,-1,Echolocation,/mnt/ubna_data_01_mir/recover-20220825/UBNA_002/20220823_033000.WAV,Telephone Field,recover-20220825,002,1795
138.40449999999998,138.4446,68437,81816,Rhinolophus ferrumequinum,0.022,0.022,-1,Echolocation,/mnt/ubna_data_01_mir/recover-20220825/UBNA_002/20220823_033000.WAV,Telephone Field,recover-20220825,002,1795
138.4365,138.4442,49531,53504,Pipistrellus pipistrellus,0.025,0.027,-1,Echolocation,/mnt/ubna_data_01_mir/recover-20220825/UBNA_002/20220823_033000.WAV,Telephone Field,recover-20220825,002,1795
138.4435,138.4513,22890,31060,Plecotus austriacus,0.014,0.029,-1,Echolocation,/mnt/ubna_data_01_mir/recover-20220825/UBNA_002/20220823_033000.WAV,Telephone Field,recover-20220825,002,1795
138.4515,138.462,27187,35178,Eptesicus serotinus,0.01,0.022,-1,Echolocation,/mnt/ubna_data_01_mir/recover-20220825/UBNA_002/20220823_033000.WAV,Telephone Field,recover-20220825,002,1795
138.4715,138.4785,26328,35779,Eptesicus serotinus,0.008,0.026,-1,Echolocation,/mnt/ubna_data_01_mir/recover-20220825/UBNA_002/20220823_033000.WAV,Telephone Field,recover-20220825,002,1795
138.4925,138.501,24609,32812,Eptesicus serotinus,0.007,0.024,-1,Echolocation,/mnt/ubna_data_01_mir/recover-20220825/UBNA_002/20220823_033000.WAV,Telephone Field,recover-20220825,002,1795
138.5265,138.5371,22031,27160,Nyctalus leisleri,0.01,0.021,-1,Echolocation,/mnt/ubna_data_01_mir/recover-20220825/UBNA_002/20220823_033000.WAV,Telephone Field,recover-20220825,002,1795
138.5305,138.5671,68437,82030,Rhinolophus ferrumequinum,0.021,0.021,-1,Echolocation,/mnt/ubna_data_01_mir/recover-20220825/UBNA_002/20220823_033000.WAV,Telephone Field,recover-20220825,002,1795
138.5485,138.57,20312,23079,Nyctalus leisleri,0.016,0.03,-1,Echolocation,/mnt/ubna_data_01_mir/recover-20220825/UBNA_002/20220823_033000.WAV,Telephone Field,recover-20220825,002,1795
138.5935,138.6323,68437,82204,Rhinolophus ferrumequinum,0.021,0.021,-1,Echolocation,/mnt/ubna_data_01_mir/recover-20220825/UBNA_002/20220823_033000.WAV,Telephone Field,recover-20220825,002,1795
138.6315,138.639,26328,36376,Eptesicus serotinus,0.016,0.054,-1,Echolocation,/mnt/ubna_data_01_mir/recover-20220825/UBNA_002/20220823_033000.WAV,Telephone Field,recover-20220825,002,1795
138.6385,138.6807,68437,82925,Rhinolophus ferrumequinum,0.026,0.026,-1,Echolocation,/mnt/ubna_data_01_mir/recover-20220825/UBNA_002/20220823_033000.WAV,Telephone Field,recover-20220825,002,1795
138.6595,138.6688,22890,30092,Nyctalus leisleri,0.008,0.025,-1,Echolocation,/mnt/ubna_data_01_mir/recover-20220825/UBNA_002/20220823_033000.WAV,Telephone Field,recover-20220825,002,1795
138.6825,138.7197,68437,81677,Rhinolophus ferrumequinum,0.025,0.025,-1,Echolocation,/mnt/ubna_data_01_mir/recover-20220825/UBNA_002/20220823_033000.WAV,Telephone Field,recover-20220825,002,1795
138.6895,138.7266,68437,81599,Rhinolophus ferrumequinum,0.024,0.024,-1,Echolocation,/mnt/ubna_data_01_mir/recover-20220825/UBNA_002/20220823_033000.WAV,Telephone Field,recover-20220825,002,1795
138.70850000000002,138.7161,28046,40056,Eptesicus serotinus,0.008,0.023,-1,Echolocation,/mnt/ubna_data_01_mir/recover-20220825/UBNA_002/20220823_033000.WAV,Telephone Field,recover-20220825,002,1795
138.7175,138.7588,68437,82597,Rhinolophus ferrumequinum,0.024,0.024,-1,Echolocation,/mnt/ubna_data_01_mir/recover-20220825/UBNA_002/20220823_033000.WAV,Telephone Field,recover-20220825,002,1795
138.7455,138.786,68437,82318,Rhinolophus ferrumequinum,0.04,0.04,-1,Echolocation,/mnt/ubna_data_01_mir/recover-20220825/UBNA_002/20220823_033000.WAV,Telephone Field,recover-20220825,002,1795
138.7565,138.7644,26328,34699,Eptesicus serotinus,0.007,0.022,-1,Echolocation,/mnt/ubna_data_01_mir/recover-20220825/UBNA_002/20220823_033000.WAV,Telephone Field,recover-20220825,002,1795
138.7715,138.8095,68437,81671,Rhinolophus ferrumequinum,0.023,0.023,-1,Echolocation,/mnt/ubna_data_01_mir/recover-20220825/UBNA_002/20220823_033000.WAV,Telephone Field,recover-20220825,002,1795
138.7955,138.805,28046,38078,Eptesicus serotinus,0.01,0.024,-1,Echolocation,/mnt/ubna_data_01_mir/recover-20220825/UBNA_002/20220823_033000.WAV,Telephone Field,recover-20220825,002,1795
138.8125,138.853,68437,82050,Rhinolophus ferrumequinum,0.024,0.025,-1,Echolocation,/mnt/ubna_data_01_mir/recover-20220825/UBNA_002/20220823_033000.WAV,Telephone Field,recover-20220825,002,1795
138.8495,138.8621,30625,36922,Eptesicus serotinus,0.014,0.039,-1,Echolocation,/mnt/ubna_data_01_mir/recover-20220825/UBNA_002/20220823_033000.WAV,Telephone Field,recover-20220825,002,1795
138.8505,138.8556,35781,64194,Myotis brandtii,0.009,0.026,-1,Echolocation,/mnt/ubna_data_01_mir/recover-20220825/UBNA_002/20220823_033000.WAV,Telephone Field,recover-20220825,002,1795
138.9275,138.9391,22890,29404,Nyctalus leisleri,0.019,0.052,-1,Echolocation,/mnt/ubna_data_01_mir/recover-20220825/UBNA_002/20220823_033000.WAV,Telephone Field,recover-20220825,002,1795
138.9435,138.9531,28046,36129,Eptesicus serotinus,0.009,0.021,-1,Echolocation,/mnt/ubna_data_01_mir/recover-20220825/UBNA_002/20220823_033000.WAV,Telephone Field,recover-20220825,002,1795
138.9435,138.9835,68437,82136,Rhinolophus ferrumequinum,0.025,0.025,-1,Echolocation,/mnt/ubna_data_01_mir/recover-20220825/UBNA_002/20220823_033000.WAV,Telephone Field,recover-20220825,002,1795
138.9575,138.9688,22031,26841,Nyctalus leisleri,0.01,0.023,-1,Echolocation,/mnt/ubna_data_01_mir/recover-20220825/UBNA_002/20220823_033000.WAV,Telephone Field,recover-20220825,002,1795
138.9625,138.971,46953,51242,Pipistrellus pipistrellus,0.027,0.028,-1,Echolocation,/mnt/ubna_data_01_mir/recover-20220825/UBNA_002/20220823_033000.WAV,Telephone Field,recover-20220825,002,1795
139.0325,139.0737,68437,82662,Rhinolophus ferrumequinum,0.024,0.024,-1,Echolocation,/mnt/ubna_data_01_mir/recover-20220825/UBNA_002/20220823_033000.WAV,Telephone Field,recover-20220825,002,1795
139.0515,139.0593,28046,41340,Eptesicus serotinus,0.008,0.024,-1,Echolocation,/mnt/ubna_data_01_mir/recover-20220825/UBNA_002/20220823_033000.WAV,Telephone Field,recover-20220825,002,1795
139.0825,139.1265,68437,83124,Rhinolophus ferrumequinum,0.03,0.03,-1,Echolocation,/mnt/ubna_data_01_mir/recover-20220825/UBNA_002/20220823_033000.WAV,Telephone Field,recover-20220825,002,1795
139.0905,139.1042,22031,26440,Nyctalus leisleri,0.015,0.029,-1,Echolocation,/mnt/ubna_data_01_mir/recover-20220825/UBNA_002/20220823_033000.WAV,Telephone Field,recover-20220825,002,1795
139.1295,139.1659,68437,82069,Rhinolophus ferrumequinum,0.024,0.024,-1,Echolocation,/mnt/ubna_data_01_mir/recover-20220825/UBNA_002/20220823_033000.WAV,Telephone Field,recover-20220825,002,1795
139.14249999999998,139.1548,22890,26762,Nyctalus leisleri,0.014,0.023,-1,Echolocation,/mnt/ubna_data_01_mir/recover-20220825/UBNA_002/20220823_033000.WAV,Telephone Field,recover-20220825,002,1795
139.1485,139.1562,46093,50096,Pipistrellus pipistrellus,0.021,0.022,-1,Echolocation,/mnt/ubna_data_01_mir/recover-20220825/UBNA_002/20220823_033000.WAV,Telephone Field,recover-20220825,002,1795
139.1615,139.2017,68437,82665,Rhinolophus ferrumequinum,0.025,0.025,-1,Echolocation,/mnt/ubna_data_01_mir/recover-20220825/UBNA_002/20220823_033000.WAV,Telephone Field,recover-20220825,002,1795
139.1835,139.1923,27187,36452,Eptesicus serotinus,0.01,0.025,-1,Echolocation,/mnt/ubna_data_01_mir/recover-20220825/UBNA_002/20220823_033000.WAV,Telephone Field,recover-20220825,002,1795
139.1975,139.2401,68437,83251,Rhinolophus ferrumequinum,0.03,0.03,-1,Echolocation,/mnt/ubna_data_01_mir/recover-20220825/UBNA_002/20220823_033000.WAV,Telephone Field,recover-20220825,002,1795
139.2165,139.255,68437,81991,Rhinolophus ferrumequinum,0.022,0.022,-1,Echolocation,/mnt/ubna_data_01_mir/recover-20220825/UBNA_002/20220823_033000.WAV,Telephone Field,recover-20220825,002,1795
139.2245,139.2632,68437,82230,Rhinolophus ferrumequinum,0.023,0.023,-1,Echolocation,/mnt/ubna_data_01_mir/recover-20220825/UBNA_002/20220823_033000.WAV,Telephone Field,recover-20220825,002,1795
139.2485,139.2858,68437,81270,Rhinolophus ferrumequinum,0.022,0.022,-1,Echolocation,/mnt/ubna_data_01_mir/recover-20220825/UBNA_002/20220823_033000.WAV,Telephone Field,recover-20220825,002,1795
139.2815,139.3208,68437,82424,Rhinolophus ferrumequinum,0.031,0.031,-1,Echolocation,/mnt/ubna_data_01_mir/recover-20220825/UBNA_002/20220823_033000.WAV,Telephone Field,recover-20220825,002,1795
139.3515,139.3589,23750,33079,Plecotus austriacus,0.01,0.024,-1,Echolocation,/mnt/ubna_data_01_mir/recover-20220825/UBNA_002/20220823_033000.WAV,Telephone Field,recover-20220825,002,1795
139.3695,139.4076,68437,82121,Rhinolophus ferrumequinum,0.023,0.023,-1,Echolocation,/mnt/ubna_data_01_mir/recover-20220825/UBNA_002/20220823_033000.WAV,Telephone Field,recover-20220825,002,1795
139.3755,139.3913,22890,26512,Nyctalus leisleri,0.02,0.032,-1,Echolocation,/mnt/ubna_data_01_mir/recover-20220825/UBNA_002/20220823_033000.WAV,Telephone Field,recover-20220825,002,1795
139.3865,139.394,28906,41192,Eptesicus serotinus,0.007,0.023,-1,Echolocation,/mnt/ubna_data_01_mir/recover-20220825/UBNA_002/20220823_033000.WAV,Telephone Field,recover-20220825,002,1795
139.3905,139.4255,68437,81372,Rhinolophus ferrumequinum,0.022,0.022,-1,Echolocation,/mnt/ubna_data_01_mir/recover-20220825/UBNA_002/20220823_033000.WAV,Telephone Field,recover-20220825,002,1795
139.4075,139.445,68437,83007,Rhinolophus ferrumequinum,0.026,0.026,-1,Echolocation,/mnt/ubna_data_01_mir/recover-20220825/UBNA_002/20220823_033000.WAV,Telephone Field,recover-20220825,002,1795
139.4315,139.4723,68437,82594,Rhinolophus ferrumequinum,0.023,0.023,-1,Echolocation,/mnt/ubna_data_01_mir/recover-20220825/UBNA_002/20220823_033000.WAV,Telephone Field,recover-20220825,002,1795
139.4565,139.4655,28046,36985,Eptesicus serotinus,0.023,0.044,-1,Echolocation,/mnt/ubna_data_01_mir/recover-20220825/UBNA_002/20220823_033000.WAV,Telephone Field,recover-20220825,002,1795
139.4945,139.53640000000001,68437,82650,Rhinolophus ferrumequinum,0.022,0.022,-1,Echolocation,/mnt/ubna_data_01_mir/recover-20220825/UBNA_002/20220823_033000.WAV,Telephone Field,recover-20220825,002,1795
139.5465,139.5571,25468,32548,Eptesicus serotinus,0.01,0.026,-1,Echolocation,/mnt/ubna_data_01_mir/recover-20220825/UBNA_002/20220823_033000.WAV,Telephone Field,recover-20220825,002,1795
139.5695,139.6025,68437,80653,Rhinolophus ferrumequinum,0.021,0.021,-1,Echolocation,/mnt/ubna_data_01_mir/recover-20220825/UBNA_002/20220823_033000.WAV,Telephone Field,recover-20220825,002,1795
139.5745,139.5866,22031,26490,Nyctalus leisleri,0.014,0.025,-1,Echolocation,/mnt/ubna_data_01_mir/recover-20220825/UBNA_002/20220823_033000.WAV,Telephone Field,recover-20220825,002,1795
139.5755,139.61,68437,81197,Rhinolophus ferrumequinum,0.022,0.022,-1,Echolocation,/mnt/ubna_data_01_mir/recover-20220825/UBNA_002/20220823_033000.WAV,Telephone Field,recover-20220825,002,1795
139.5935,139.5999,40937,54684,Myotis mystacinus,0.006,0.024,-1,Echolocation,/mnt/ubna_data_01_mir/recover-20220825/UBNA_002/20220823_033000.WAV,Telephone Field,recover-20220825,002,1795
139.6035,139.6167,21171,24648,Nyctalus leisleri,0.014,0.024,-1,Echolocation,/mnt/ubna_data_01_mir/recover-20220825/UBNA_002/20220823_033000.WAV,Telephone Field,recover-20220825,002,1795
139.6065,139.6442,68437,81487,Rhinolophus ferrumequinum,0.023,0.023,-1,Echolocation,/mnt/ubna_data_01_mir/recover-20220825/UBNA_002/20220823_033000.WAV,Telephone Field,recover-20220825,002,1795
139.6475,139.686,68437,82011,Rhinolophus ferrumequinum,0.023,0.023,-1,Echolocation,/mnt/ubna_data_01_mir/recover-20220825/UBNA_002/20220823_033000.WAV,Telephone Field,recover-20220825,002,1795
139.6485,139.65879999999999,21171,27015,Plecotus austriacus,0.009,0.027,-1,Echolocation,/mnt/ubna_data_01_mir/recover-20220825/UBNA_002/20220823_033000.WAV,Telephone Field,recover-20220825,002,1795
139.6615,139.6685,28046,37466,Eptesicus serotinus,0.007,0.024,-1,Echolocation,/mnt/ubna_data_01_mir/recover-20220825/UBNA_002/20220823_033000.WAV,Telephone Field,recover-20220825,002,1795
139.69650000000001,139.7301,68437,81332,Rhinolophus ferrumequinum,0.023,0.023,-1,Echolocation,/mnt/ubna_data_01_mir/recover-20220825/UBNA_002/20220823_033000.WAV,Telephone Field,recover-20220825,002,1795
139.7355,139.745,28906,37422,Eptesicus serotinus,0.011,0.025,-1,Echolocation,/mnt/ubna_data_01_mir/recover-20220825/UBNA_002/20220823_033000.WAV,Telephone Field,recover-20220825,002,1795
139.7375,139.7689,68437,80359,Rhinolophus ferrumequinum,0.022,0.022,-1,Echolocation,/mnt/ubna_data_01_mir/recover-20220825/UBNA_002/20220823_033000.WAV,Telephone Field,recover-20220825,002,1795
139.7425,139.7512,28046,38423,Eptesicus serotinus,0.009,0.024,-1,Echolocation,/mnt/ubna_data_01_mir/recover-20220825/UBNA_002/20220823_033000.WAV,Telephone Field,recover-20220825,002,1795
139.7455,139.7801,68437,80727,Rhinolophus ferrumequinum,0.029,0.029,-1,Echolocation,/mnt/ubna_data_01_mir/recover-20220825/UBNA_002/20220823_033000.WAV,Telephone Field,recover-20220825,002,1795
139.7835,139.8281,68437,83336,Rhinolophus ferrumequinum,0.041,0.041,-1,Echolocation,/mnt/ubna_data_01_mir/recover-20220825/UBNA_002/20220823_033000.WAV,Telephone Field,recover-20220825,002,1795
139.7905,139.7971,28906,43392,Eptesicus serotinus,0.013,0.042,-1,Echolocation,/mnt/ubna_data_01_mir/recover-20220825/UBNA_002/20220823_033000.WAV,Telephone Field,recover-20220825,002,1795
139.8165,139.8557,68437,82797,Rhinolophus ferrumequinum,0.025,0.025,-1,Echolocation,/mnt/ubna_data_01_mir/recover-20220825/UBNA_002/20220823_033000.WAV,Telephone Field,recover-20220825,002,1795
139.82150000000001,139.8627,68437,82928,Rhinolophus ferrumequinum,0.024,0.024,-1,Echolocation,/mnt/ubna_data_01_mir/recover-20220825/UBNA_002/20220823_033000.WAV,Telephone Field,recover-20220825,002,1795
139.8415,139.8783,68437,81676,Rhinolophus ferrumequinum,0.026,0.026,-1,Echolocation,/mnt/ubna_data_01_mir/recover-20220825/UBNA_002/20220823_033000.WAV,Telephone Field,recover-20220825,002,1795
139.85750000000002,139.8951,68437,81796,Rhinolophus ferrumequinum,0.027,0.027,-1,Echolocation,/mnt/ubna_data_01_mir/recover-20220825/UBNA_002/20220823_033000.WAV,Telephone Field,recover-20220825,002,1795
139.85750000000002,139.8692,28046,34968,Eptesicus serotinus,0.013,0.025,-1,Echolocation,/mnt/ubna_data_01_mir/recover-20220825/UBNA_002/20220823_033000.WAV,Telephone Field,recover-20220825,002,1795
139.8635,139.8739,22890,27966,Nyctalus leisleri,0.01,0.022,-1,Echolocation,/mnt/ubna_data_01_mir/recover-20220825/UBNA_002/20220823_033000.WAV,Telephone Field,recover-20220825,002,1795
139.9075,139.9194,23750,28777,Nyctalus leisleri,0.025,0.05,-1,Echolocation,/mnt/ubna_data_01_mir/recover-20220825/UBNA_002/20220823_033000.WAV,Telephone Field,recover-20220825,002,1795
139.9245,139.9359,25468,32705,Eptesicus serotinus,0.009,0.022,-1,Echolocation,/mnt/ubna_data_01_mir/recover-20220825/UBNA_002/20220823_033000.WAV,Telephone Field,recover-20220825,002,1795
139.9255,139.9656,68437,82683,Rhinolophus ferrumequinum,0.027,0.027,-1,Echolocation,/mnt/ubna_data_01_mir/recover-20220825/UBNA_002/20220823_033000.WAV,Telephone Field,recover-20220825,002,1795
139.94650000000001,139.988,68437,81948,Rhinolophus ferrumequinum,0.021,0.021,-1,Echolocation,/mnt/ubna_data_01_mir/recover-20220825/UBNA_002/20220823_033000.WAV,Telephone Field,recover-20220825,002,1795
139.9495,139.9665,22890,28075,Nyctalus leisleri,0.038,0.094,-1,Echolocation,/mnt/ubna_data_01_mir/recover-20220825/UBNA_002/20220823_033000.WAV,Telephone Field,recover-20220825,002,1795
139.9655,139.9735,28046,36721,Eptesicus serotinus,0.008,0.021,-1,Echolocation,/mnt/ubna_data_01_mir/recover-20220825/UBNA_002/20220823_033000.WAV,Telephone Field,recover-20220825,002,1795
140.0015,140.0356,68437,80554,Rhinolophus ferrumequinum,0.032,0.033,-1,Echolocation,/mnt/ubna_data_01_mir/recover-20220825/UBNA_002/20220823_033000.WAV,Telephone Field,recover-20220825,002,1795
140.0015,140.0088,15156,22637,Plecotus auritus,0.007,0.025,-1,Echolocation,/mnt/ubna_data_01_mir/recover-20220825/UBNA_002/20220823_033000.WAV,Telephone Field,recover-20220825,002,1795
140.0015,140.0094,30625,38565,Eptesicus serotinus,0.006,0.026,-1,Echolocation,/mnt/ubna_data_01_mir/recover-20220825/UBNA_002/20220823_033000.WAV,Telephone Field,recover-20220825,002,1795
140.0015,140.0111,23750,30163,Nyctalus leisleri,0.013,0.032,-1,Echolocation,/mnt/ubna_data_01_mir/recover-20220825/UBNA_002/20220823_033000.WAV,Telephone Field,recover-20220825,002,1795
140.0315,140.0394,28046,38009,Eptesicus serotinus,0.008,0.023,-1,Echolocation,/mnt/ubna_data_01_mir/recover-20220825/UBNA_002/20220823_033000.WAV,Telephone Field,recover-20220825,002,1795
140.0375,140.0462,28906,37844,Eptesicus serotinus,0.007,0.021,-1,Echolocation,/mnt/ubna_data_01_mir/recover-20220825/UBNA_002/20220823_033000.WAV,Telephone Field,recover-20220825,002,1795
140.0625,140.0728,28046,37656,Eptesicus serotinus,0.008,0.022,-1,Echolocation,/mnt/ubna_data_01_mir/recover-20220825/UBNA_002/20220823_033000.WAV,Telephone Field,recover-20220825,002,1795
140.0805,140.12,68437,82353,Rhinolophus ferrumequinum,0.026,0.027,-1,Echolocation,/mnt/ubna_data_01_mir/recover-20220825/UBNA_002/20220823_033000.WAV,Telephone Field,recover-20220825,002,1795
140.1135,140.1244,23750,29609,Nyctalus leisleri,0.009,0.022,-1,Echolocation,/mnt/ubna_data_01_mir/recover-20220825/UBNA_002/20220823_033000.WAV,Telephone Field,recover-20220825,002,1795
140.1165,140.1577,68437,82957,Rhinolophus ferrumequinum,0.032,0.032,-1,Echolocation,/mnt/ubna_data_01_mir/recover-20220825/UBNA_002/20220823_033000.WAV,Telephone Field,recover-20220825,002,1795
140.1635,140.176,33203,38737,Pipistrellus nathusii,0.027,0.051,-1,Echolocation,/mnt/ubna_data_01_mir/recover-20220825/UBNA_002/20220823_033000.WAV,Telephone Field,recover-20220825,002,1795
140.1705,140.2114,68437,82845,Rhinolophus ferrumequinum,0.04,0.04,-1,Echolocation,/mnt/ubna_data_01_mir/recover-20220825/UBNA_002/20220823_033000.WAV,Telephone Field,recover-20220825,002,1795
140.1755,140.1863,46953,50870,Pipistrellus pipistrellus,0.023,0.027,-1,Echolocation,/mnt/ubna_data_01_mir/recover-20220825/UBNA_002/20220823_033000.WAV,Telephone Field,recover-20220825,002,1795
140.1815,140.18959999999998,28046,38010,Eptesicus serotinus,0.007,0.021,-1,Echolocation,/mnt/ubna_data_01_mir/recover-20220825/UBNA_002/20220823_033000.WAV,Telephone Field,recover-20220825,002,1795
140.2005,140.2395,68437,82143,Rhinolophus ferrumequinum,0.029,0.029,-1,Echolocation,/mnt/ubna_data_01_mir/recover-20220825/UBNA_002/20220823_033000.WAV,Telephone Field,recover-20220825,002,1795
140.22050000000002,140.2344,14296,18931,Nyctalus noctula,0.03,0.044,-1,Echolocation,/mnt/ubna_data_01_mir/recover-20220825/UBNA_002/20220823_033000.WAV,Telephone Field,recover-20220825,002,1795
140.3005,140.3076,50390,55589,Pipistrellus pipistrellus,0.019,0.022,-1,Echolocation,/mnt/ubna_data_01_mir/recover-20220825/UBNA_002/20220823_033000.WAV,Telephone Field,recover-20220825,002,1795
140.3205,140.3267,25468,36267,Plecotus austriacus,0.017,0.041,-1,Echolocation,/mnt/ubna_data_01_mir/recover-20220825/UBNA_002/20220823_033000.WAV,Telephone Field,recover-20220825,002,1795
140.3555,140.3938,68437,82285,Rhinolophus ferrumequinum,0.026,0.026,-1,Echolocation,/mnt/ubna_data_01_mir/recover-20220825/UBNA_002/20220823_033000.WAV,Telephone Field,recover-20220825,002,1795
140.3615,140.3692,27187,38712,Eptesicus serotinus,0.008,0.024,-1,Echolocation,/mnt/ubna_data_01_mir/recover-20220825/UBNA_002/20220823_033000.WAV,Telephone Field,recover-20220825,002,1795
140.3735,140.4125,68437,82332,Rhinolophus ferrumequinum,0.023,0.023,-1,Echolocation,/mnt/ubna_data_01_mir/recover-20220825/UBNA_002/20220823_033000.WAV,Telephone Field,recover-20220825,002,1795
140.3975,140.434,68437,81572,Rhinolophus ferrumequinum,0.022,0.022,-1,Echolocation,/mnt/ubna_data_01_mir/recover-20220825/UBNA_002/20220823_033000.WAV,Telephone Field,recover-20220825,002,1795
140.4025,140.4149,26328,32555,Eptesicus serotinus,0.013,0.032,-1,Echolocation,/mnt/ubna_data_01_mir/recover-20220825/UBNA_002/20220823_033000.WAV,Telephone Field,recover-20220825,002,1795
140.4315,140.4683,68437,81901,Rhinolophus ferrumequinum,0.022,0.022,-1,Echolocation,/mnt/ubna_data_01_mir/recover-20220825/UBNA_002/20220823_033000.WAV,Telephone Field,recover-20220825,002,1795
140.4515,140.4611,24609,32865,Eptesicus serotinus,0.008,0.023,-1,Echolocation,/mnt/ubna_data_01_mir/recover-20220825/UBNA_002/20220823_033000.WAV,Telephone Field,recover-20220825,002,1795
140.4785,140.51670000000001,68437,82188,Rhinolophus ferrumequinum,0.021,0.021,-1,Echolocation,/mnt/ubna_data_01_mir/recover-20220825/UBNA_002/20220823_033000.WAV,Telephone Field,recover-20220825,002,1795
140.4905,140.4984,26328,36975,Eptesicus serotinus,0.006,0.021,-1,Echolocation,/mnt/ubna_data_01_mir/recover-20220825/UBNA_002/20220823_033000.WAV,Telephone Field,recover-20220825,002,1795
140.5205,140.5589,68437,82135,Rhinolophus ferrumequinum,0.025,0.025,-1,Echolocation,/mnt/ubna_data_01_mir/recover-20220825/UBNA_002/20220823_033000.WAV,Telephone Field,recover-20220825,002,1795
140.54149999999998,140.5804,68437,81750,Rhinolophus ferrumequinum,0.033,0.033,-1,Echolocation,/mnt/ubna_data_01_mir/recover-20220825/UBNA_002/20220823_033000.WAV,Telephone Field,recover-20220825,002,1795
140.5585,140.5943,68437,81359,Rhinolophus ferrumequinum,0.021,0.021,-1,Echolocation,/mnt/ubna_data_01_mir/recover-20220825/UBNA_002/20220823_033000.WAV,Telephone Field,recover-20220825,002,1795
140.5615,140.5693,27187,38484,Eptesicus serotinus,0.006,0.023,-1,Echolocation,/mnt/ubna_data_01_mir/recover-20220825/UBNA_002/20220823_033000.WAV,Telephone Field,recover-20220825,002,1795
140.5695,140.5798,22890,28468,Nyctalus leisleri,0.011,0.026,-1,Echolocation,/mnt/ubna_data_01_mir/recover-20220825/UBNA_002/20220823_033000.WAV,Telephone Field,recover-20220825,002,1795
140.6455,140.6532,23750,32866,Plecotus austriacus,0.008,0.022,-1,Echolocation,/mnt/ubna_data_01_mir/recover-20220825/UBNA_002/20220823_033000.WAV,Telephone Field,recover-20220825,002,1795
140.65449999999998,140.69,68437,81875,Rhinolophus ferrumequinum,0.022,0.022,-1,Echolocation,/mnt/ubna_data_01_mir/recover-20220825/UBNA_002/20220823_033000.WAV,Telephone Field,recover-20220825,002,1795
140.6735,140.7118,68437,81529,Rhinolophus ferrumequinum,0.021,0.021,-1,Echolocation,/mnt/ubna_data_01_mir/recover-20220825/UBNA_002/20220823_033000.WAV,Telephone Field,recover-20220825,002,1795
140.6765,140.6836,27187,38110,Eptesicus serotinus,0.006,0.022,-1,Echolocation,/mnt/ubna_data_01_mir/recover-20220825/UBNA_002/20220823_033000.WAV,Telephone Field,recover-20220825,002,1795
140.7005,140.7077,45234,52982,Pipistrellus pipistrellus,0.018,0.024,-1,Echolocation,/mnt/ubna_data_01_mir/recover-20220825/UBNA_002/20220823_033000.WAV,Telephone Field,recover-20220825,002,1795
140.7305,140.7708,68437,82764,Rhinolophus ferrumequinum,0.025,0.025,-1,Echolocation,/mnt/ubna_data_01_mir/recover-20220825/UBNA_002/20220823_033000.WAV,Telephone Field,recover-20220825,002,1795
140.73250000000002,140.7424,27187,35234,Eptesicus serotinus,0.009,0.022,-1,Echolocation,/mnt/ubna_data_01_mir/recover-20220825/UBNA_002/20220823_033000.WAV,Telephone Field,recover-20220825,002,1795
140.7565,140.796,68437,81770,Rhinolophus ferrumequinum,0.021,0.021,-1,Echolocation,/mnt/ubna_data_01_mir/recover-20220825/UBNA_002/20220823_033000.WAV,Telephone Field,recover-20220825,002,1795
140.7625,140.8012,68437,81938,Rhinolophus ferrumequinum,0.023,0.023,-1,Echolocation,/mnt/ubna_data_01_mir/recover-20220825/UBNA_002/20220823_033000.WAV,Telephone Field,recover-20220825,002,1795
140.7725,140.7832,22890,28510,Nyctalus leisleri,0.01,0.022,-1,Echolocation,/mnt/ubna_data_01_mir/recover-20220825/UBNA_002/20220823_033000.WAV,Telephone Field,recover-20220825,002,1795
140.8075,140.8486,68437,81859,Rhinolophus ferrumequinum,0.022,0.022,-1,Echolocation,/mnt/ubna_data_01_mir/recover-20220825/UBNA_002/20220823_033000.WAV,Telephone Field,recover-20220825,002,1795
140.8125,140.81889999999999,27187,39528,Eptesicus serotinus,0.006,0.027,-1,Echolocation,/mnt/ubna_data_01_mir/recover-20220825/UBNA_002/20220823_033000.WAV,Telephone Field,recover-20220825,002,1795
140.8475,140.886,68437,83035,Rhinolophus ferrumequinum,0.029,0.029,-1,Echolocation,/mnt/ubna_data_01_mir/recover-20220825/UBNA_002/20220823_033000.WAV,Telephone Field,recover-20220825,002,1795
140.8495,140.858,28046,37952,Eptesicus serotinus,0.012,0.033,-1,Echolocation,/mnt/ubna_data_01_mir/recover-20220825/UBNA_002/20220823_033000.WAV,Telephone Field,recover-20220825,002,1795
140.8715,140.9119,68437,83179,Rhinolophus ferrumequinum,0.038,0.038,-1,Echolocation,/mnt/ubna_data_01_mir/recover-20220825/UBNA_002/20220823_033000.WAV,Telephone Field,recover-20220825,002,1795
140.8895,140.89679999999998,23750,32525,Plecotus austriacus,0.01,0.024,-1,Echolocation,/mnt/ubna_data_01_mir/recover-20220825/UBNA_002/20220823_033000.WAV,Telephone Field,recover-20220825,002,1795
140.9305,140.9385,26328,36744,Eptesicus serotinus,0.006,0.021,-1,Echolocation,/mnt/ubna_data_01_mir/recover-20220825/UBNA_002/20220823_033000.WAV,Telephone Field,recover-20220825,002,1795
140.9365,140.94729999999998,23750,29516,Nyctalus leisleri,0.01,0.023,-1,Echolocation,/mnt/ubna_data_01_mir/recover-20220825/UBNA_002/20220823_033000.WAV,Telephone Field,recover-20220825,002,1795
140.9685,140.9785,29765,38199,Eptesicus serotinus,0.009,0.024,-1,Echolocation,/mnt/ubna_data_01_mir/recover-20220825/UBNA_002/20220823_033000.WAV,Telephone Field,recover-20220825,002,1795
140.9795,141.0169,68437,81990,Rhinolophus ferrumequinum,0.036,0.036,-1,Echolocation,/mnt/ubna_data_01_mir/recover-20220825/UBNA_002/20220823_033000.WAV,Telephone Field,recover-20220825,002,1795
140.9855,140.9972,39218,43529,Pipistrellus nathusii,0.022,0.035,-1,Echolocation,/mnt/ubna_data_01_mir/recover-20220825/UBNA_002/20220823_033000.WAV,Telephone Field,recover-20220825,002,1795
140.9935,141.0078,21171,24957,Nyctalus leisleri,0.019,0.036,-1,Echolocation,/mnt/ubna_data_01_mir/recover-20220825/UBNA_002/20220823_033000.WAV,Telephone Field,recover-20220825,002,1795
141.0355,141.044,28046,37574,Eptesicus serotinus,0.007,0.022,-1,Echolocation,/mnt/ubna_data_01_mir/recover-20220825/UBNA_002/20220823_033000.WAV,Telephone Field,recover-20220825,002,1795
141.0505,141.0895,68437,82277,Rhinolophus ferrumequinum,0.029,0.029,-1,Echolocation,/mnt/ubna_data_01_mir/recover-20220825/UBNA_002/20220823_033000.WAV,Telephone Field,recover-20220825,002,1795
141.0655,141.1089,68437,82405,Rhinolophus ferrumequinum,0.03,0.03,-1,Echolocation,/mnt/ubna_data_01_mir/recover-20220825/UBNA_002/20220823_033000.WAV,Telephone Field,recover-20220825,002,1795
141.0685,141.0777,44375,51420,Pipistrellus pipistrellus,0.017,0.025,-1,Echolocation,/mnt/ubna_data_01_mir/recover-20220825/UBNA_002/20220823_033000.WAV,Telephone Field,recover-20220825,002,1795
141.0735,141.0821,26328,38258,Eptesicus serotinus,0.008,0.027,-1,Echolocation,/mnt/ubna_data_01_mir/recover-20220825/UBNA_002/20220823_033000.WAV,Telephone Field,recover-20220825,002,1795
141.08350000000002,141.0943,28046,35670,Eptesicus serotinus,0.011,0.023,-1,Echolocation,/mnt/ubna_data_01_mir/recover-20220825/UBNA_002/20220823_033000.WAV,Telephone Field,recover-20220825,002,1795
141.09550000000002,141.1333,68437,81853,Rhinolophus ferrumequinum,0.024,0.024,-1,Echolocation,/mnt/ubna_data_01_mir/recover-20220825/UBNA_002/20220823_033000.WAV,Telephone Field,recover-20220825,002,1795
141.1405,141.1487,27187,38174,Eptesicus serotinus,0.007,0.025,-1,Echolocation,/mnt/ubna_data_01_mir/recover-20220825/UBNA_002/20220823_033000.WAV,Telephone Field,recover-20220825,002,1795
141.1725,141.1816,27187,36688,Eptesicus serotinus,0.008,0.021,-1,Echolocation,/mnt/ubna_data_01_mir/recover-20220825/UBNA_002/20220823_033000.WAV,Telephone Field,recover-20220825,002,1795
141.2055,141.2417,68437,81491,Rhinolophus ferrumequinum,0.021,0.021,-1,Echolocation,/mnt/ubna_data_01_mir/recover-20220825/UBNA_002/20220823_033000.WAV,Telephone Field,recover-20220825,002,1795
141.2115,141.2469,68437,81912,Rhinolophus ferrumequinum,0.022,0.022,-1,Echolocation,/mnt/ubna_data_01_mir/recover-20220825/UBNA_002/20220823_033000.WAV,Telephone Field,recover-20220825,002,1795
141.2515,141.2895,68437,81770,Rhinolophus ferrumequinum,0.023,0.023,-1,Echolocation,/mnt/ubna_data_01_mir/recover-20220825/UBNA_002/20220823_033000.WAV,Telephone Field,recover-20220825,002,1795
141.2545,141.2645,27187,35273,Eptesicus serotinus,0.011,0.024,-1,Echolocation,/mnt/ubna_data_01_mir/recover-20220825/UBNA_002/20220823_033000.WAV,Telephone Field,recover-20220825,002,1795
141.2945,141.3017,26328,39525,Eptesicus serotinus,0.007,0.024,-1,Echolocation,/mnt/ubna_data_01_mir/recover-20220825/UBNA_002/20220823_033000.WAV,Telephone Field,recover-20220825,002,1795
141.3095,141.3485,68437,82089,Rhinolophus ferrumequinum,0.023,0.023,-1,Echolocation,/mnt/ubna_data_01_mir/recover-20220825/UBNA_002/20220823_033000.WAV,Telephone Field,recover-20220825,002,1795
141.32150000000001,141.3353,55546,59797,Pipistrellus pygmaeus,0.027,0.028,-1,Echolocation,/mnt/ubna_data_01_mir/recover-20220825/UBNA_002/20220823_033000.WAV,Telephone Field,recover-20220825,002,1795
141.3255,141.3352,28906,37556,Eptesicus serotinus,0.009,0.025,-1,Echolocation,/mnt/ubna_data_01_mir/recover-20220825/UBNA_002/20220823_033000.WAV,Telephone Field,recover-20220825,002,1795
141.35750000000002,141.3649,26328,36740,Eptesicus serotinus,0.006,0.022,-1,Echolocation,/mnt/ubna_data_01_mir/recover-20220825/UBNA_002/20220823_033000.WAV,Telephone Field,recover-20220825,002,1795
141.3735,141.3821,26328,35161,Eptesicus serotinus,0.008,0.022,-1,Echolocation,/mnt/ubna_data_01_mir/recover-20220825/UBNA_002/20220823_033000.WAV,Telephone Field,recover-20220825,002,1795
141.3735,141.4129,68437,82595,Rhinolophus ferrumequinum,0.025,0.025,-1,Echolocation,/mnt/ubna_data_01_mir/recover-20220825/UBNA_002/20220823_033000.WAV,Telephone Field,recover-20220825,002,1795
141.3935,141.4022,23750,31869,Plecotus austriacus,0.007,0.025,-1,Echolocation,/mnt/ubna_data_01_mir/recover-20220825/UBNA_002/20220823_033000.WAV,Telephone Field,recover-20220825,002,1795
141.4305,141.4393,28906,37179,Eptesicus serotinus,0.008,0.025,-1,Echolocation,/mnt/ubna_data_01_mir/recover-20220825/UBNA_002/20220823_033000.WAV,Telephone Field,recover-20220825,002,1795
141.4735,141.5103,68437,81703,Rhinolophus ferrumequinum,0.021,0.021,-1,Echolocation,/mnt/ubna_data_01_mir/recover-20220825/UBNA_002/20220823_033000.WAV,Telephone Field,recover-20220825,002,1795
141.4795,141.4864,27187,37685,Eptesicus serotinus,0.012,0.039,-1,Echolocation,/mnt/ubna_data_01_mir/recover-20220825/UBNA_002/20220823_033000.WAV,Telephone Field,recover-20220825,002,1795
141.5225,141.5616,68437,81692,Rhinolophus ferrumequinum,0.022,0.022,-1,Echolocation,/mnt/ubna_data_01_mir/recover-20220825/UBNA_002/20220823_033000.WAV,Telephone Field,recover-20220825,002,1795
141.5275,141.5671,68437,82209,Rhinolophus ferrumequinum,0.022,0.022,-1,Echolocation,/mnt/ubna_data_01_mir/recover-20220825/UBNA_002/20220823_033000.WAV,Telephone Field,recover-20220825,002,1795
141.5435,141.5539,23750,30159,Nyctalus leisleri,0.009,0.023,-1,Echolocation,/mnt/ubna_data_01_mir/recover-20220825/UBNA_002/20220823_033000.WAV,Telephone Field,recover-20220825,002,1795
141.5735,141.5834,27187,35575,Eptesicus serotinus,0.012,0.027,-1,Echolocation,/mnt/ubna_data_01_mir/recover-20220825/UBNA_002/20220823_033000.WAV,Telephone Field,recover-20220825,002,1795
141.5755,141.6149,68437,81731,Rhinolophus ferrumequinum,0.024,0.024,-1,Echolocation,/mnt/ubna_data_01_mir/recover-20220825/UBNA_002/20220823_033000.WAV,Telephone Field,recover-20220825,002,1795
141.5845,141.596,27187,32835,Eptesicus serotinus,0.011,0.026,-1,Echolocation,/mnt/ubna_data_01_mir/recover-20220825/UBNA_002/20220823_033000.WAV,Telephone Field,recover-20220825,002,1795
141.5945,141.606,28046,34980,Eptesicus serotinus,0.012,0.025,-1,Echolocation,/mnt/ubna_data_01_mir/recover-20220825/UBNA_002/20220823_033000.WAV,Telephone Field,recover-20220825,002,1795
141.6305,141.669,68437,82144,Rhinolophus ferrumequinum,0.022,0.022,-1,Echolocation,/mnt/ubna_data_01_mir/recover-20220825/UBNA_002/20220823_033000.WAV,Telephone Field,recover-20220825,002,1795
141.6675,141.6749,28046,39905,Eptesicus serotinus,0.008,0.028,-1,Echolocation,/mnt/ubna_data_01_mir/recover-20220825/UBNA_002/20220823_033000.WAV,Telephone Field,recover-20220825,002,1795
141.70850000000002,141.7483,68437,82359,Rhinolophus ferrumequinum,0.022,0.022,-1,Echolocation,/mnt/ubna_data_01_mir/recover-20220825/UBNA_002/20220823_033000.WAV,Telephone Field,recover-20220825,002,1795
141.7275,141.7662,68437,82174,Rhinolophus ferrumequinum,0.021,0.021,-1,Echolocation,/mnt/ubna_data_01_mir/recover-20220825/UBNA_002/20220823_033000.WAV,Telephone Field,recover-20220825,002,1795
141.7495,141.7879,68437,81877,Rhinolophus ferrumequinum,0.021,0.021,-1,Echolocation,/mnt/ubna_data_01_mir/recover-20220825/UBNA_002/20220823_033000.WAV,Telephone Field,recover-20220825,002,1795
141.7655,141.808,68437,83143,Rhinolophus ferrumequinum,0.037,0.037,-1,Echolocation,/mnt/ubna_data_01_mir/recover-20220825/UBNA_002/20220823_033000.WAV,Telephone Field,recover-20220825,002,1795
141.7755,141.7841,27187,37570,Eptesicus serotinus,0.009,0.025,-1,Echolocation,/mnt/ubna_data_01_mir/recover-20220825/UBNA_002/20220823_033000.WAV,Telephone Field,recover-20220825,002,1795
141.7895,141.8302,68437,82694,Rhinolophus ferrumequinum,0.023,0.023,-1,Echolocation,/mnt/ubna_data_01_mir/recover-20220825/UBNA_002/20220823_033000.WAV,Telephone Field,recover-20220825,002,1795
141.79149999999998,141.8031,28046,34598,Eptesicus serotinus,0.015,0.03,-1,Echolocation,/mnt/ubna_data_01_mir/recover-20220825/UBNA_002/20220823_033000.WAV,Telephone Field,recover-20220825,002,1795
141.8015,141.8197,18593,21454,Nyctalus leisleri,0.011,0.021,-1,Echolocation,/mnt/ubna_data_01_mir/recover-20220825/UBNA_002/20220823_033000.WAV,Telephone Field,recover-20220825,002,1795
141.8055,141.8456,68437,82739,Rhinolophus ferrumequinum,0.021,0.021,-1,Echolocation,/mnt/ubna_data_01_mir/recover-20220825/UBNA_002/20220823_033000.WAV,Telephone Field,recover-20220825,002,1795
141.8155,141.8537,68437,82239,Rhinolophus ferrumequinum,0.024,0.024,-1,Echolocation,/mnt/ubna_data_01_mir/recover-20220825/UBNA_002/20220823_033000.WAV,Telephone Field,recover-20220825,002,1795
141.8165,141.82319999999999,26328,40719,Eptesicus serotinus,0.006,0.027,-1,Echolocation,/mnt/ubna_data_01_mir/recover-20220825/UBNA_002/20220823_033000.WAV,Telephone Field,recover-20220825,002,1795
141.85750000000002,141.8899,68437,81961,Rhinolophus ferrumequinum,0.022,0.022,-1,Echolocation,/mnt/ubna_data_01_mir/recover-20220825/UBNA_002/20220823_033000.WAV,Telephone Field,recover-20220825,002,1795
141.8665,141.9026,68437,81778,Rhinolophus ferrumequinum,0.022,0.022,-1,Echolocation,/mnt/ubna_data_01_mir/recover-20220825/UBNA_002/20220823_033000.WAV,Telephone Field,recover-20220825,002,1795
141.8685,141.8778,24609,32810,Nyctalus leisleri,0.007,0.026,-1,Echolocation,/mnt/ubna_data_01_mir/recover-20220825/UBNA_002/20220823_033000.WAV,Telephone Field,recover-20220825,002,1795
141.8845,141.924,68437,82207,Rhinolophus ferrumequinum,0.022,0.022,-1,Echolocation,/mnt/ubna_data_01_mir/recover-20220825/UBNA_002/20220823_033000.WAV,Telephone Field,recover-20220825,002,1795
141.8975,141.9393,68437,82586,Rhinolophus ferrumequinum,0.037,0.037,-1,Echolocation,/mnt/ubna_data_01_mir/recover-20220825/UBNA_002/20220823_033000.WAV,Telephone Field,recover-20220825,002,1795
141.9065,141.9168,22031,27362,Nyctalus leisleri,0.009,0.022,-1,Echolocation,/mnt/ubna_data_01_mir/recover-20220825/UBNA_002/20220823_033000.WAV,Telephone Field,recover-20220825,002,1795
141.9415,141.9778,68437,81836,Rhinolophus ferrumequinum,0.025,0.025,-1,Echolocation,/mnt/ubna_data_01_mir/recover-20220825/UBNA_002/20220823_033000.WAV,Telephone Field,recover-20220825,002,1795
141.9445,141.9548,22890,29135,Nyctalus leisleri,0.01,0.025,-1,Echolocation,/mnt/ubna_data_01_mir/recover-20220825/UBNA_002/20220823_033000.WAV,Telephone Field,recover-20220825,002,1795
141.9635,141.9726,22890,29935,Plecotus austriacus,0.007,0.021,-1,Echolocation,/mnt/ubna_data_01_mir/recover-20220825/UBNA_002/20220823_033000.WAV,Telephone Field,recover-20220825,002,1795
141.9835,141.9958,22890,28728,Nyctalus leisleri,0.014,0.029,-1,Echolocation,/mnt/ubna_data_01_mir/recover-20220825/UBNA_002/20220823_033000.WAV,Telephone Field,recover-20220825,002,1795
142.0015,142.0333,70156,82278,Rhinolophus ferrumequinum,0.028,0.028,-1,Echolocation,/mnt/ubna_data_01_mir/recover-20220825/UBNA_002/20220823_033000.WAV,Telephone Field,recover-20220825,002,1795
142.0015,142.0115,30625,37680,Eptesicus serotinus,0.012,0.03,-1,Echolocation,/mnt/ubna_data_01_mir/recover-20220825/UBNA_002/20220823_033000.WAV,Telephone Field,recover-20220825,002,1795
142.0075,142.0171,28046,35139,Eptesicus serotinus,0.008,0.022,-1,Echolocation,/mnt/ubna_data_01_mir/recover-20220825/UBNA_002/20220823_033000.WAV,Telephone Field,recover-20220825,002,1795
142.01749999999998,142.0274,28046,38631,Eptesicus serotinus,0.009,0.024,-1,Echolocation,/mnt/ubna_data_01_mir/recover-20220825/UBNA_002/20220823_033000.WAV,Telephone Field,recover-20220825,002,1795
142.0435,142.0517,23750,31985,Plecotus austriacus,0.008,0.024,-1,Echolocation,/mnt/ubna_data_01_mir/recover-20220825/UBNA_002/20220823_033000.WAV,Telephone Field,recover-20220825,002,1795
142.0645,142.072,28046,38315,Eptesicus serotinus,0.007,0.022,-1,Echolocation,/mnt/ubna_data_01_mir/recover-20220825/UBNA_002/20220823_033000.WAV,Telephone Field,recover-20220825,002,1795
142.0745,142.0844,28046,35856,Eptesicus serotinus,0.008,0.021,-1,Echolocation,/mnt/ubna_data_01_mir/recover-20220825/UBNA_002/20220823_033000.WAV,Telephone Field,recover-20220825,002,1795
142.0965,142.1068,24609,32137,Eptesicus serotinus,0.009,0.026,-1,Echolocation,/mnt/ubna_data_01_mir/recover-20220825/UBNA_002/20220823_033000.WAV,Telephone Field,recover-20220825,002,1795
142.1245,142.1628,68437,81958,Rhinolophus ferrumequinum,0.022,0.022,-1,Echolocation,/mnt/ubna_data_01_mir/recover-20220825/UBNA_002/20220823_033000.WAV,Telephone Field,recover-20220825,002,1795
142.1415,142.1822,68437,82255,Rhinolophus ferrumequinum,0.02,0.02,-1,Echolocation,/mnt/ubna_data_01_mir/recover-20220825/UBNA_002/20220823_033000.WAV,Telephone Field,recover-20220825,002,1795
142.1865,142.1963,26328,34095,Eptesicus serotinus,0.013,0.03,-1,Echolocation,/mnt/ubna_data_01_mir/recover-20220825/UBNA_002/20220823_033000.WAV,Telephone Field,recover-20220825,002,1795
142.2095,142.2188,26328,34351,Eptesicus serotinus,0.008,0.023,-1,Echolocation,/mnt/ubna_data_01_mir/recover-20220825/UBNA_002/20220823_033000.WAV,Telephone Field,recover-20220825,002,1795
142.2235,142.2629,68437,81359,Rhinolophus ferrumequinum,0.02,0.02,-1,Echolocation,/mnt/ubna_data_01_mir/recover-20220825/UBNA_002/20220823_033000.WAV,Telephone Field,recover-20220825,002,1795
142.2375,142.2767,68437,82385,Rhinolophus ferrumequinum,0.021,0.021,-1,Echolocation,/mnt/ubna_data_01_mir/recover-20220825/UBNA_002/20220823_033000.WAV,Telephone Field,recover-20220825,002,1795
142.2905,142.3323,68437,82387,Rhinolophus ferrumequinum,0.026,0.026,-1,Echolocation,/mnt/ubna_data_01_mir/recover-20220825/UBNA_002/20220823_033000.WAV,Telephone Field,recover-20220825,002,1795
142.29149999999998,142.2991,48671,53346,Pipistrellus pipistrellus,0.031,0.033,-1,Echolocation,/mnt/ubna_data_01_mir/recover-20220825/UBNA_002/20220823_033000.WAV,Telephone Field,recover-20220825,002,1795
142.2995,142.3432,68437,83685,Rhinolophus ferrumequinum,0.041,0.041,-1,Echolocation,/mnt/ubna_data_01_mir/recover-20220825/UBNA_002/20220823_033000.WAV,Telephone Field,recover-20220825,002,1795
142.3115,142.3201,23750,31897,Plecotus austriacus,0.008,0.023,-1,Echolocation,/mnt/ubna_data_01_mir/recover-20220825/UBNA_002/20220823_033000.WAV,Telephone Field,recover-20220825,002,1795
142.3225,142.3619,68437,81951,Rhinolophus ferrumequinum,0.021,0.021,-1,Echolocation,/mnt/ubna_data_01_mir/recover-20220825/UBNA_002/20220823_033000.WAV,Telephone Field,recover-20220825,002,1795
142.3475,142.3547,26328,38917,Eptesicus serotinus,0.005,0.021,-1,Echolocation,/mnt/ubna_data_01_mir/recover-20220825/UBNA_002/20220823_033000.WAV,Telephone Field,recover-20220825,002,1795
142.3485,142.3885,68437,82134,Rhinolophus ferrumequinum,0.026,0.026,-1,Echolocation,/mnt/ubna_data_01_mir/recover-20220825/UBNA_002/20220823_033000.WAV,Telephone Field,recover-20220825,002,1795
142.3565,142.3666,24609,31495,Eptesicus serotinus,0.008,0.022,-1,Echolocation,/mnt/ubna_data_01_mir/recover-20220825/UBNA_002/20220823_033000.WAV,Telephone Field,recover-20220825,002,1795
142.35750000000002,142.398,68437,82044,Rhinolophus ferrumequinum,0.025,0.025,-1,Echolocation,/mnt/ubna_data_01_mir/recover-20220825/UBNA_002/20220823_033000.WAV,Telephone Field,recover-20220825,002,1795
142.3735,142.3842,27187,33814,Eptesicus serotinus,0.012,0.025,-1,Echolocation,/mnt/ubna_data_01_mir/recover-20220825/UBNA_002/20220823_033000.WAV,Telephone Field,recover-20220825,002,1795
142.4035,142.443,68437,81948,Rhinolophus ferrumequinum,0.023,0.023,-1,Echolocation,/mnt/ubna_data_01_mir/recover-20220825/UBNA_002/20220823_033000.WAV,Telephone Field,recover-20220825,002,1795
142.4335,142.4738,68437,83080,Rhinolophus ferrumequinum,0.025,0.025,-1,Echolocation,/mnt/ubna_data_01_mir/recover-20220825/UBNA_002/20220823_033000.WAV,Telephone Field,recover-20220825,002,1795
142.4655,142.4756,22890,28741,Nyctalus leisleri,0.008,0.021,-1,Echolocation,/mnt/ubna_data_01_mir/recover-20220825/UBNA_002/20220823_033000.WAV,Telephone Field,recover-20220825,002,1795
142.5105,142.5231,22031,26790,Nyctalus leisleri,0.014,0.029,-1,Echolocation,/mnt/ubna_data_01_mir/recover-20220825/UBNA_002/20220823_033000.WAV,Telephone Field,recover-20220825,002,1795
142.5205,142.53719999999998,20312,23132,Nyctalus leisleri,0.015,0.024,-1,Echolocation,/mnt/ubna_data_01_mir/recover-20220825/UBNA_002/20220823_033000.WAV,Telephone Field,recover-20220825,002,1795
142.5255,142.5653,68437,82109,Rhinolophus ferrumequinum,0.024,0.024,-1,Echolocation,/mnt/ubna_data_01_mir/recover-20220825/UBNA_002/20220823_033000.WAV,Telephone Field,recover-20220825,002,1795
142.5405,142.5495,22890,29545,Plecotus austriacus,0.007,0.022,-1,Echolocation,/mnt/ubna_data_01_mir/recover-20220825/UBNA_002/20220823_033000.WAV,Telephone Field,recover-20220825,002,1795
142.5555,142.589,68437,81943,Rhinolophus ferrumequinum,0.022,0.022,-1,Echolocation,/mnt/ubna_data_01_mir/recover-20220825/UBNA_002/20220823_033000.WAV,Telephone Field,recover-20220825,002,1795
142.5675,142.6045,68437,82469,Rhinolophus ferrumequinum,0.026,0.026,-1,Echolocation,/mnt/ubna_data_01_mir/recover-20220825/UBNA_002/20220823_033000.WAV,Telephone Field,recover-20220825,002,1795
142.5785,142.6159,68437,81728,Rhinolophus ferrumequinum,0.023,0.023,-1,Echolocation,/mnt/ubna_data_01_mir/recover-20220825/UBNA_002/20220823_033000.WAV,Telephone Field,recover-20220825,002,1795
142.6045,142.6429,68437,82178,Rhinolophus ferrumequinum,0.033,0.033,-1,Echolocation,/mnt/ubna_data_01_mir/recover-20220825/UBNA_002/20220823_033000.WAV,Telephone Field,recover-20220825,002,1795
142.60750000000002,142.6149,28046,41247,Eptesicus serotinus,0.007,0.023,-1,Echolocation,/mnt/ubna_data_01_mir/recover-20220825/UBNA_002/20220823_033000.WAV,Telephone Field,recover-20220825,002,1795
142.6315,142.673,68437,82103,Rhinolophus ferrumequinum,0.026,0.026,-1,Echolocation,/mnt/ubna_data_01_mir/recover-20220825/UBNA_002/20220823_033000.WAV,Telephone Field,recover-20220825,002,1795
142.6575,142.6955,68437,82291,Rhinolophus ferrumequinum,0.022,0.022,-1,Echolocation,/mnt/ubna_data_01_mir/recover-20220825/UBNA_002/20220823_033000.WAV,Telephone Field,recover-20220825,002,1795
142.6865,142.726,68437,82151,Rhinolophus ferrumequinum,0.021,0.021,-1,Echolocation,/mnt/ubna_data_01_mir/recover-20220825/UBNA_002/20220823_033000.WAV,Telephone Field,recover-20220825,002,1795
142.7265,142.7364,26328,34053,Eptesicus serotinus,0.01,0.027,-1,Echolocation,/mnt/ubna_data_01_mir/recover-20220825/UBNA_002/20220823_033000.WAV,Telephone Field,recover-20220825,002,1795
142.7485,142.7869,68437,81795,Rhinolophus ferrumequinum,0.024,0.024,-1,Echolocation,/mnt/ubna_data_01_mir/recover-20220825/UBNA_002/20220823_033000.WAV,Telephone Field,recover-20220825,002,1795
142.7485,142.7582,41796,49813,Pipistrellus nathusii,0.017,0.029,-1,Echolocation,/mnt/ubna_data_01_mir/recover-20220825/UBNA_002/20220823_033000.WAV,Telephone Field,recover-20220825,002,1795
142.76749999999998,142.8064,68437,81979,Rhinolophus ferrumequinum,0.027,0.027,-1,Echolocation,/mnt/ubna_data_01_mir/recover-20220825/UBNA_002/20220823_033000.WAV,Telephone Field,recover-20220825,002,1795
142.7905,142.8317,68437,82608,Rhinolophus ferrumequinum,0.023,0.023,-1,Echolocation,/mnt/ubna_data_01_mir/recover-20220825/UBNA_002/20220823_033000.WAV,Telephone Field,recover-20220825,002,1795
142.7905,142.7969,46093,52583,Pipistrellus pipistrellus,0.023,0.024,-1,Echolocation,/mnt/ubna_data_01_mir/recover-20220825/UBNA_002/20220823_033000.WAV,Telephone Field,recover-20220825,002,1795
142.7925,142.8002,27187,37898,Eptesicus serotinus,0.006,0.022,-1,Echolocation,/mnt/ubna_data_01_mir/recover-20220825/UBNA_002/20220823_033000.WAV,Telephone Field,recover-20220825,002,1795
142.8025,142.8384,68437,81130,Rhinolophus ferrumequinum,0.022,0.022,-1,Echolocation,/mnt/ubna_data_01_mir/recover-20220825/UBNA_002/20220823_033000.WAV,Telephone Field,recover-20220825,002,1795
142.8095,142.8479,68437,81684,Rhinolophus ferrumequinum,0.022,0.022,-1,Echolocation,/mnt/ubna_data_01_mir/recover-20220825/UBNA_002/20220823_033000.WAV,Telephone Field,recover-20220825,002,1795
142.8145,142.8226,27187,35990,Eptesicus serotinus,0.008,0.021,-1,Echolocation,/mnt/ubna_data_01_mir/recover-20220825/UBNA_002/20220823_033000.WAV,Telephone Field,recover-20220825,002,1795
142.8315,142.8384,28046,41835,Eptesicus serotinus,0.006,0.02,-1,Echolocation,/mnt/ubna_data_01_mir/recover-20220825/UBNA_002/20220823_033000.WAV,Telephone Field,recover-20220825,002,1795
142.8725,142.91219999999998,68437,82022,Rhinolophus ferrumequinum,0.021,0.021,-1,Echolocation,/mnt/ubna_data_01_mir/recover-20220825/UBNA_002/20220823_033000.WAV,Telephone Field,recover-20220825,002,1795
142.8785,142.88569999999999,24609,33460,Plecotus austriacus,0.007,0.021,-1,Echolocation,/mnt/ubna_data_01_mir/recover-20220825/UBNA_002/20220823_033000.WAV,Telephone Field,recover-20220825,002,1795
142.8945,142.9336,68437,82280,Rhinolophus ferrumequinum,0.022,0.022,-1,Echolocation,/mnt/ubna_data_01_mir/recover-20220825/UBNA_002/20220823_033000.WAV,Telephone Field,recover-20220825,002,1795
142.9095,142.9498,68437,82864,Rhinolophus ferrumequinum,0.027,0.027,-1,Echolocation,/mnt/ubna_data_01_mir/recover-20220825/UBNA_002/20220823_033000.WAV,Telephone Field,recover-20220825,002,1795
142.9105,142.9179,49531,57690,Pipistrellus pipistrellus,0.017,0.021,-1,Echolocation,/mnt/ubna_data_01_mir/recover-20220825/UBNA_002/20220823_033000.WAV,Telephone Field,recover-20220825,002,1795
142.9345,142.9737,68437,82752,Rhinolophus ferrumequinum,0.024,0.024,-1,Echolocation,/mnt/ubna_data_01_mir/recover-20220825/UBNA_002/20220823_033000.WAV,Telephone Field,recover-20220825,002,1795
142.9615,142.97,25468,35522,Eptesicus serotinus,0.007,0.021,-1,Echolocation,/mnt/ubna_data_01_mir/recover-20220825/UBNA_002/20220823_033000.WAV,Telephone Field,recover-20220825,002,1795
142.9645,143.0001,68437,81881,Rhinolophus ferrumequinum,0.021,0.021,-1,Echolocation,/mnt/ubna_data_01_mir/recover-20220825/UBNA_002/20220823_033000.WAV,Telephone Field,recover-20220825,002,1795
142.9955,143.0349,68437,82743,Rhinolophus ferrumequinum,0.025,0.025,-1,Echolocation,/mnt/ubna_data_01_mir/recover-20220825/UBNA_002/20220823_033000.WAV,Telephone Field,recover-20220825,002,1795
143.0055,143.0126,30625,50459,Myotis daubentonii,0.007,0.026,-1,Echolocation,/mnt/ubna_data_01_mir/recover-20220825/UBNA_002/20220823_033000.WAV,Telephone Field,recover-20220825,002,1795
143.0255,143.0633,68437,81802,Rhinolophus ferrumequinum,0.021,0.021,-1,Echolocation,/mnt/ubna_data_01_mir/recover-20220825/UBNA_002/20220823_033000.WAV,Telephone Field,recover-20220825,002,1795
143.0525,143.0647,34921,39274,Pipistrellus nathusii,0.026,0.064,-1,Echolocation,/mnt/ubna_data_01_mir/recover-20220825/UBNA_002/20220823_033000.WAV,Telephone Field,recover-20220825,002,1795
143.0545,143.062,27187,36510,Eptesicus serotinus,0.007,0.024,-1,Echolocation,/mnt/ubna_data_01_mir/recover-20220825/UBNA_002/20220823_033000.WAV,Telephone Field,recover-20220825,002,1795
143.0945,143.1038,43515,51783,Pipistrellus pipistrellus,0.014,0.025,-1,Echolocation,/mnt/ubna_data_01_mir/recover-20220825/UBNA_002/20220823_033000.WAV,Telephone Field,recover-20220825,002,1795
143.0985,143.10829999999999,23750,30545,Nyctalus leisleri,0.009,0.027,-1,Echolocation,/mnt/ubna_data_01_mir/recover-20220825/UBNA_002/20220823_033000.WAV,Telephone Field,recover-20220825,002,1795
143.10750000000002,143.14600000000002,68437,82619,Rhinolophus ferrumequinum,0.028,0.028,-1,Echolocation,/mnt/ubna_data_01_mir/recover-20220825/UBNA_002/20220823_033000.WAV,Telephone Field,recover-20220825,002,1795
143.1165,143.1592,68437,82960,Rhinolophus ferrumequinum,0.022,0.022,-1,Echolocation,/mnt/ubna_data_01_mir/recover-20220825/UBNA_002/20220823_033000.WAV,Telephone Field,recover-20220825,002,1795
143.1735,143.1797,31484,38496,Barbastellus barbastellus,0.012,0.025,-1,Echolocation,/mnt/ubna_data_01_mir/recover-20220825/UBNA_002/20220823_033000.WAV,Telephone Field,recover-20220825,002,1795
143.1735,143.1803,27187,37569,Eptesicus serotinus,0.008,0.025,-1,Echolocation,/mnt/ubna_data_01_mir/recover-20220825/UBNA_002/20220823_033000.WAV,Telephone Field,recover-20220825,002,1795
143.2065,143.2143,27187,38241,Eptesicus serotinus,0.007,0.023,-1,Echolocation,/mnt/ubna_data_01_mir/recover-20220825/UBNA_002/20220823_033000.WAV,Telephone Field,recover-20220825,002,1795
143.2435,143.2798,68437,82446,Rhinolophus ferrumequinum,0.021,0.021,-1,Echolocation,/mnt/ubna_data_01_mir/recover-20220825/UBNA_002/20220823_033000.WAV,Telephone Field,recover-20220825,002,1795
143.2555,143.2944,68437,81761,Rhinolophus ferrumequinum,0.022,0.022,-1,Echolocation,/mnt/ubna_data_01_mir/recover-20220825/UBNA_002/20220823_033000.WAV,Telephone Field,recover-20220825,002,1795
143.2595,143.2662,28046,40727,Eptesicus serotinus,0.005,0.021,-1,Echolocation,/mnt/ubna_data_01_mir/recover-20220825/UBNA_002/20220823_033000.WAV,Telephone Field,recover-20220825,002,1795
143.2775,143.2853,51250,58586,Pipistrellus pipistrellus,0.016,0.023,-1,Echolocation,/mnt/ubna_data_01_mir/recover-20220825/UBNA_002/20220823_033000.WAV,Telephone Field,recover-20220825,002,1795
143.2965,143.3033,24609,34417,Plecotus austriacus,0.013,0.035,-1,Echolocation,/mnt/ubna_data_01_mir/recover-20220825/UBNA_002/20220823_033000.WAV,Telephone Field,recover-20220825,002,1795
143.3065,143.3413,68437,81192,Rhinolophus ferrumequinum,0.022,0.022,-1,Echolocation,/mnt/ubna_data_01_mir/recover-20220825/UBNA_002/20220823_033000.WAV,Telephone Field,recover-20220825,002,1795
143.3225,143.3621,68437,82330,Rhinolophus ferrumequinum,0.027,0.027,-1,Echolocation,/mnt/ubna_data_01_mir/recover-20220825/UBNA_002/20220823_033000.WAV,Telephone Field,recover-20220825,002,1795
143.3735,143.41140000000001,68437,82595,Rhinolophus ferrumequinum,0.025,0.025,-1,Echolocation,/mnt/ubna_data_01_mir/recover-20220825/UBNA_002/20220823_033000.WAV,Telephone Field,recover-20220825,002,1795
143.4175,143.4258,42656,49196,Pipistrellus pipistrellus,0.012,0.021,-1,Echolocation,/mnt/ubna_data_01_mir/recover-20220825/UBNA_002/20220823_033000.WAV,Telephone Field,recover-20220825,002,1795
143.4485,143.4563,23750,31312,Plecotus austriacus,0.007,0.02,-1,Echolocation,/mnt/ubna_data_01_mir/recover-20220825/UBNA_002/20220823_033000.WAV,Telephone Field,recover-20220825,002,1795
143.4645,143.4734,44375,51134,Pipistrellus pipistrellus,0.021,0.028,-1,Echolocation,/mnt/ubna_data_01_mir/recover-20220825/UBNA_002/20220823_033000.WAV,Telephone Field,recover-20220825,002,1795
143.4745,143.4848,51250,55339,Pipistrellus pipistrellus,0.027,0.035,-1,Echolocation,/mnt/ubna_data_01_mir/recover-20220825/UBNA_002/20220823_033000.WAV,Telephone Field,recover-20220825,002,1795
143.4845,143.5219,68437,81718,Rhinolophus ferrumequinum,0.021,0.021,-1,Echolocation,/mnt/ubna_data_01_mir/recover-20220825/UBNA_002/20220823_033000.WAV,Telephone Field,recover-20220825,002,1795
143.4995,143.5384,68437,81844,Rhinolophus ferrumequinum,0.02,0.02,-1,Echolocation,/mnt/ubna_data_01_mir/recover-20220825/UBNA_002/20220823_033000.WAV,Telephone Field,recover-20220825,002,1795
143.5035,143.5136,28046,36080,Eptesicus serotinus,0.009,0.021,-1,Echolocation,/mnt/ubna_data_01_mir/recover-20220825/UBNA_002/20220823_033000.WAV,Telephone Field,recover-20220825,002,1795
143.5135,143.5503,68437,82001,Rhinolophus ferrumequinum,0.021,0.021,-1,Echolocation,/mnt/ubna_data_01_mir/recover-20220825/UBNA_002/20220823_033000.WAV,Telephone Field,recover-20220825,002,1795
143.5205,143.5568,68437,81703,Rhinolophus ferrumequinum,0.022,0.022,-1,Echolocation,/mnt/ubna_data_01_mir/recover-20220825/UBNA_002/20220823_033000.WAV,Telephone Field,recover-20220825,002,1795
143.55349999999999,143.5614,46953,51142,Pipistrellus pipistrellus,0.022,0.024,-1,Echolocation,/mnt/ubna_data_01_mir/recover-20220825/UBNA_002/20220823_033000.WAV,Telephone Field,recover-20220825,002,1795
143.5745,143.6129,68437,82118,Rhinolophus ferrumequinum,0.021,0.021,-1,Echolocation,/mnt/ubna_data_01_mir/recover-20220825/UBNA_002/20220823_033000.WAV,Telephone Field,recover-20220825,002,1795
143.5845,143.5925,28046,40920,Eptesicus serotinus,0.007,0.022,-1,Echolocation,/mnt/ubna_data_01_mir/recover-20220825/UBNA_002/20220823_033000.WAV,Telephone Field,recover-20220825,002,1795
143.5995,143.6385,68437,83309,Rhinolophus ferrumequinum,0.025,0.025,-1,Echolocation,/mnt/ubna_data_01_mir/recover-20220825/UBNA_002/20220823_033000.WAV,Telephone Field,recover-20220825,002,1795
143.6245,143.6331,27187,38626,Eptesicus serotinus,0.008,0.022,-1,Echolocation,/mnt/ubna_data_01_mir/recover-20220825/UBNA_002/20220823_033000.WAV,Telephone Field,recover-20220825,002,1795
143.6465,143.6845,68437,82260,Rhinolophus ferrumequinum,0.023,0.023,-1,Echolocation,/mnt/ubna_data_01_mir/recover-20220825/UBNA_002/20220823_033000.WAV,Telephone Field,recover-20220825,002,1795
143.7195,143.73,23750,29224,Nyctalus leisleri,0.008,0.02,-1,Echolocation,/mnt/ubna_data_01_mir/recover-20220825/UBNA_002/20220823_033000.WAV,Telephone Field,recover-20220825,002,1795
143.76749999999998,143.77530000000002,22890,30321,Plecotus austriacus,0.011,0.024,-1,Echolocation,/mnt/ubna_data_01_mir/recover-20220825/UBNA_002/20220823_033000.WAV,Telephone Field,recover-20220825,002,1795
143.8055,143.8151,28046,37611,Eptesicus serotinus,0.01,0.022,-1,Echolocation,/mnt/ubna_data_01_mir/recover-20220825/UBNA_002/20220823_033000.WAV,Telephone Field,recover-20220825,002,1795
143.8105,143.8487,68437,81771,Rhinolophus ferrumequinum,0.023,0.023,-1,Echolocation,/mnt/ubna_data_01_mir/recover-20220825/UBNA_002/20220823_033000.WAV,Telephone Field,recover-20220825,002,1795
143.82150000000001,143.8602,68437,81562,Rhinolophus ferrumequinum,0.022,0.022,-1,Echolocation,/mnt/ubna_data_01_mir/recover-20220825/UBNA_002/20220823_033000.WAV,Telephone Field,recover-20220825,002,1795
143.8255,143.834,28046,38132,Eptesicus serotinus,0.01,0.027,-1,Echolocation,/mnt/ubna_data_01_mir/recover-20220825/UBNA_002/20220823_033000.WAV,Telephone Field,recover-20220825,002,1795
143.8275,143.8359,33203,40790,Barbastellus barbastellus,0.006,0.022,-1,Echolocation,/mnt/ubna_data_01_mir/recover-20220825/UBNA_002/20220823_033000.WAV,Telephone Field,recover-20220825,002,1795
143.8535,143.8904,68437,81453,Rhinolophus ferrumequinum,0.02,0.02,-1,Echolocation,/mnt/ubna_data_01_mir/recover-20220825/UBNA_002/20220823_033000.WAV,Telephone Field,recover-20220825,002,1795
143.85750000000002,143.8655,27187,38820,Eptesicus serotinus,0.009,0.026,-1,Echolocation,/mnt/ubna_data_01_mir/recover-20220825/UBNA_002/20220823_033000.WAV,Telephone Field,recover-20220825,002,1795
143.8745,143.8821,43515,53281,Pipistrellus pipistrellus,0.01,0.02,-1,Echolocation,/mnt/ubna_data_01_mir/recover-20220825/UBNA_002/20220823_033000.WAV,Telephone Field,recover-20220825,002,1795
143.8755,143.9121,68437,81360,Rhinolophus ferrumequinum,0.024,0.024,-1,Echolocation,/mnt/ubna_data_01_mir/recover-20220825/UBNA_002/20220823_033000.WAV,Telephone Field,recover-20220825,002,1795
143.9055,143.9136,40937,51563,Myotis daubentonii,0.006,0.024,-1,Echolocation,/mnt/ubna_data_01_mir/recover-20220825/UBNA_002/20220823_033000.WAV,Telephone Field,recover-20220825,002,1795
143.9205,143.9296,22890,30722,Plecotus austriacus,0.012,0.03,-1,Echolocation,/mnt/ubna_data_01_mir/recover-20220825/UBNA_002/20220823_033000.WAV,Telephone Field,recover-20220825,002,1795
144.0015,144.0323,68437,79436,Rhinolophus ferrumequinum,0.025,0.026,-1,Echolocation,/mnt/ubna_data_01_mir/recover-20220825/UBNA_002/20220823_033000.WAV,Telephone Field,recover-20220825,002,1795
144.0015,144.01069999999999,23750,30604,Nyctalus leisleri,0.009,0.028,-1,Echolocation,/mnt/ubna_data_01_mir/recover-20220825/UBNA_002/20220823_033000.WAV,Telephone Field,recover-20220825,002,1795
144.0015,144.0101,47812,52928,Pipistrellus pipistrellus,0.017,0.022,-1,Echolocation,/mnt/ubna_data_01_mir/recover-20220825/UBNA_002/20220823_033000.WAV,Telephone Field,recover-20220825,002,1795
144.0095,144.0496,68437,82816,Rhinolophus ferrumequinum,0.022,0.022,-1,Echolocation,/mnt/ubna_data_01_mir/recover-20220825/UBNA_002/20220823_033000.WAV,Telephone Field,recover-20220825,002,1795
144.0275,144.0365,28906,38337,Eptesicus serotinus,0.008,0.022,-1,Echolocation,/mnt/ubna_data_01_mir/recover-20220825/UBNA_002/20220823_033000.WAV,Telephone Field,recover-20220825,002,1795
144.0795,144.0898,22890,29080,Nyctalus leisleri,0.01,0.025,-1,Echolocation,/mnt/ubna_data_01_mir/recover-20220825/UBNA_002/20220823_033000.WAV,Telephone Field,recover-20220825,002,1795
144.1135,144.1489,68437,80853,Rhinolophus ferrumequinum,0.024,0.024,-1,Echolocation,/mnt/ubna_data_01_mir/recover-20220825/UBNA_002/20220823_033000.WAV,Telephone Field,recover-20220825,002,1795
144.1945,144.2311,68437,81601,Rhinolophus ferrumequinum,0.025,0.025,-1,Echolocation,/mnt/ubna_data_01_mir/recover-20220825/UBNA_002/20220823_033000.WAV,Telephone Field,recover-20220825,002,1795
144.2435,144.2816,68437,81933,Rhinolophus ferrumequinum,0.028,0.028,-1,Echolocation,/mnt/ubna_data_01_mir/recover-20220825/UBNA_002/20220823_033000.WAV,Telephone Field,recover-20220825,002,1795
144.2465,144.2575,24609,32173,Eptesicus serotinus,0.01,0.025,-1,Echolocation,/mnt/ubna_data_01_mir/recover-20220825/UBNA_002/20220823_033000.WAV,Telephone Field,recover-20220825,002,1795
144.2475,144.2555,47812,54002,Pipistrellus pipistrellus,0.033,0.035,-1,Echolocation,/mnt/ubna_data_01_mir/recover-20220825/UBNA_002/20220823_033000.WAV,Telephone Field,recover-20220825,002,1795
144.2495,144.2859,68437,81987,Rhinolophus ferrumequinum,0.025,0.025,-1,Echolocation,/mnt/ubna_data_01_mir/recover-20220825/UBNA_002/20220823_033000.WAV,Telephone Field,recover-20220825,002,1795
144.2585,144.2683,23750,30057,Nyctalus leisleri,0.009,0.024,-1,Echolocation,/mnt/ubna_data_01_mir/recover-20220825/UBNA_002/20220823_033000.WAV,Telephone Field,recover-20220825,002,1795
144.2825,144.3244,68437,82289,Rhinolophus ferrumequinum,0.03,0.03,-1,Echolocation,/mnt/ubna_data_01_mir/recover-20220825/UBNA_002/20220823_033000.WAV,Telephone Field,recover-20220825,002,1795
144.3115,144.3201,28046,37764,Eptesicus serotinus,0.008,0.023,-1,Echolocation,/mnt/ubna_data_01_mir/recover-20220825/UBNA_002/20220823_033000.WAV,Telephone Field,recover-20220825,002,1795
144.3115,144.3523,68437,82830,Rhinolophus ferrumequinum,0.024,0.024,-1,Echolocation,/mnt/ubna_data_01_mir/recover-20220825/UBNA_002/20220823_033000.WAV,Telephone Field,recover-20220825,002,1795
144.3505,144.3923,68437,82590,Rhinolophus ferrumequinum,0.023,0.023,-1,Echolocation,/mnt/ubna_data_01_mir/recover-20220825/UBNA_002/20220823_033000.WAV,Telephone Field,recover-20220825,002,1795
144.3625,144.4038,68437,83181,Rhinolophus ferrumequinum,0.025,0.025,-1,Echolocation,/mnt/ubna_data_01_mir/recover-20220825/UBNA_002/20220823_033000.WAV,Telephone Field,recover-20220825,002,1795
144.4085,144.4467,68437,81510,Rhinolophus ferrumequinum,0.022,0.022,-1,Echolocation,/mnt/ubna_data_01_mir/recover-20220825/UBNA_002/20220823_033000.WAV,Telephone Field,recover-20220825,002,1795
144.4395,144.4795,68437,82442,Rhinolophus ferrumequinum,0.027,0.027,-1,Echolocation,/mnt/ubna_data_01_mir/recover-20220825/UBNA_002/20220823_033000.WAV,Telephone Field,recover-20220825,002,1795
144.4655,144.5075,68437,83312,Rhinolophus ferrumequinum,0.025,0.025,-1,Echolocation,/mnt/ubna_data_01_mir/recover-20220825/UBNA_002/20220823_033000.WAV,Telephone Field,recover-20220825,002,1795
144.4835,144.5222,68437,82339,Rhinolophus ferrumequinum,0.024,0.024,-1,Echolocation,/mnt/ubna_data_01_mir/recover-20220825/UBNA_002/20220823_033000.WAV,Telephone Field,recover-20220825,002,1795
144.4915,144.50130000000001,43515,50543,Pipistrellus pipistrellus,0.01,0.022,-1,Echolocation,/mnt/ubna_data_01_mir/recover-20220825/UBNA_002/20220823_033000.WAV,Telephone Field,recover-20220825,002,1795
144.5135,144.5504,68437,82466,Rhinolophus ferrumequinum,0.028,0.028,-1,Echolocation,/mnt/ubna_data_01_mir/recover-20220825/UBNA_002/20220823_033000.WAV,Telephone Field,recover-20220825,002,1795
144.5325,144.5748,68437,82715,Rhinolophus ferrumequinum,0.026,0.026,-1,Echolocation,/mnt/ubna_data_01_mir/recover-20220825/UBNA_002/20220823_033000.WAV,Telephone Field,recover-20220825,002,1795
144.5405,144.551,24609,30185,Nyctalus leisleri,0.013,0.032,-1,Echolocation,/mnt/ubna_data_01_mir/recover-20220825/UBNA_002/20220823_033000.WAV,Telephone Field,recover-20220825,002,1795
144.5425,144.5821,68437,82829,Rhinolophus ferrumequinum,0.028,0.028,-1,Echolocation,/mnt/ubna_data_01_mir/recover-20220825/UBNA_002/20220823_033000.WAV,Telephone Field,recover-20220825,002,1795
144.58350000000002,144.5895,35781,43587,Myotis daubentonii,0.007,0.022,-1,Echolocation,/mnt/ubna_data_01_mir/recover-20220825/UBNA_002/20220823_033000.WAV,Telephone Field,recover-20220825,002,1795
144.5845,144.5908,28046,41559,Eptesicus serotinus,0.006,0.024,-1,Echolocation,/mnt/ubna_data_01_mir/recover-20220825/UBNA_002/20220823_033000.WAV,Telephone Field,recover-20220825,002,1795
144.5935,144.6316,68437,82083,Rhinolophus ferrumequinum,0.023,0.023,-1,Echolocation,/mnt/ubna_data_01_mir/recover-20220825/UBNA_002/20220823_033000.WAV,Telephone Field,recover-20220825,002,1795
144.5985,144.6079,44375,51046,Pipistrellus pipistrellus,0.023,0.028,-1,Echolocation,/mnt/ubna_data_01_mir/recover-20220825/UBNA_002/20220823_033000.WAV,Telephone Field,recover-20220825,002,1795
144.6495,144.6884,68437,82231,Rhinolophus ferrumequinum,0.022,0.022,-1,Echolocation,/mnt/ubna_data_01_mir/recover-20220825/UBNA_002/20220823_033000.WAV,Telephone Field,recover-20220825,002,1795
144.6705,144.7054,68437,81210,Rhinolophus ferrumequinum,0.022,0.022,-1,Echolocation,/mnt/ubna_data_01_mir/recover-20220825/UBNA_002/20220823_033000.WAV,Telephone Field,recover-20220825,002,1795
144.6775,144.6822,39218,55943,Myotis mystacinus,0.006,0.022,-1,Echolocation,/mnt/ubna_data_01_mir/recover-20220825/UBNA_002/20220823_033000.WAV,Telephone Field,recover-20220825,002,1795
144.70850000000002,144.7486,68437,82136,Rhinolophus ferrumequinum,0.023,0.024,-1,Echolocation,/mnt/ubna_data_01_mir/recover-20220825/UBNA_002/20220823_033000.WAV,Telephone Field,recover-20220825,002,1795
144.7095,144.7193,47812,52036,Pipistrellus pipistrellus,0.04,0.044,-1,Echolocation,/mnt/ubna_data_01_mir/recover-20220825/UBNA_002/20220823_033000.WAV,Telephone Field,recover-20220825,002,1795
144.7595,144.7956,68437,80954,Rhinolophus ferrumequinum,0.022,0.022,-1,Echolocation,/mnt/ubna_data_01_mir/recover-20220825/UBNA_002/20220823_033000.WAV,Telephone Field,recover-20220825,002,1795
144.7825,144.791,48671,52815,Pipistrellus pipistrellus,0.02,0.022,-1,Echolocation,/mnt/ubna_data_01_mir/recover-20220825/UBNA_002/20220823_033000.WAV,Telephone Field,recover-20220825,002,1795
144.7975,144.8363,68437,82357,Rhinolophus ferrumequinum,0.024,0.024,-1,Echolocation,/mnt/ubna_data_01_mir/recover-20220825/UBNA_002/20220823_033000.WAV,Telephone Field,recover-20220825,002,1795
144.8235,144.8619,68437,82359,Rhinolophus ferrumequinum,0.04,0.04,-1,Echolocation,/mnt/ubna_data_01_mir/recover-20220825/UBNA_002/20220823_033000.WAV,Telephone Field,recover-20220825,002,1795
144.8285,144.8409,22890,27124,Nyctalus leisleri,0.013,0.023,-1,Echolocation,/mnt/ubna_data_01_mir/recover-20220825/UBNA_002/20220823_033000.WAV,Telephone Field,recover-20220825,002,1795
144.8625,144.8723,28906,37036,Eptesicus serotinus,0.01,0.025,-1,Echolocation,/mnt/ubna_data_01_mir/recover-20220825/UBNA_002/20220823_033000.WAV,Telephone Field,recover-20220825,002,1795
144.8695,144.8808,39218,43806,Pipistrellus nathusii,0.015,0.026,-1,Echolocation,/mnt/ubna_data_01_mir/recover-20220825/UBNA_002/20220823_033000.WAV,Telephone Field,recover-20220825,002,1795
144.8755,144.882,28906,42452,Eptesicus serotinus,0.006,0.022,-1,Echolocation,/mnt/ubna_data_01_mir/recover-20220825/UBNA_002/20220823_033000.WAV,Telephone Field,recover-20220825,002,1795
144.8815,144.9174,68437,82352,Rhinolophus ferrumequinum,0.027,0.027,-1,Echolocation,/mnt/ubna_data_01_mir/recover-20220825/UBNA_002/20220823_033000.WAV,Telephone Field,recover-20220825,002,1795
144.9065,144.9146,28046,40605,Eptesicus serotinus,0.007,0.022,-1,Echolocation,/mnt/ubna_data_01_mir/recover-20220825/UBNA_002/20220823_033000.WAV,Telephone Field,recover-20220825,002,1795
144.9645,144.9712,28046,39024,Eptesicus serotinus,0.01,0.036,-1,Echolocation,/mnt/ubna_data_01_mir/recover-20220825/UBNA_002/20220823_033000.WAV,Telephone Field,recover-20220825,002,1795
144.9645,145.0026,68437,82348,Rhinolophus ferrumequinum,0.023,0.023,-1,Echolocation,/mnt/ubna_data_01_mir/recover-20220825/UBNA_002/20220823_033000.WAV,Telephone Field,recover-20220825,002,1795
144.9715,144.9827,23750,29229,Nyctalus leisleri,0.014,0.031,-1,Echolocation,/mnt/ubna_data_01_mir/recover-20220825/UBNA_002/20220823_033000.WAV,Telephone Field,recover-20220825,002,1795
144.9955,145.0354,68437,82211,Rhinolophus ferrumequinum,0.023,0.023,-1,Echolocation,/mnt/ubna_data_01_mir/recover-20220825/UBNA_002/20220823_033000.WAV,Telephone Field,recover-20220825,002,1795
144.9985,145.0079,28906,36933,Eptesicus serotinus,0.009,0.022,-1,Echolocation,/mnt/ubna_data_01_mir/recover-20220825/UBNA_002/20220823_033000.WAV,Telephone Field,recover-20220825,002,1795
145.0365,145.0743,68437,82175,Rhinolophus ferrumequinum,0.031,0.031,-1,Echolocation,/mnt/ubna_data_01_mir/recover-20220825/UBNA_002/20220823_033000.WAV,Telephone Field,recover-20220825,002,1795
145.0485,145.0583,25468,33220,Eptesicus serotinus,0.009,0.024,-1,Echolocation,/mnt/ubna_data_01_mir/recover-20220825/UBNA_002/20220823_033000.WAV,Telephone Field,recover-20220825,002,1795
145.07150000000001,145.08010000000002,22890,30922,Plecotus austriacus,0.013,0.028,-1,Echolocation,/mnt/ubna_data_01_mir/recover-20220825/UBNA_002/20220823_033000.WAV,Telephone Field,recover-20220825,002,1795
145.0965,145.1071,43515,51618,Pipistrellus pipistrellus,0.019,0.03,-1,Echolocation,/mnt/ubna_data_01_mir/recover-20220825/UBNA_002/20220823_033000.WAV,Telephone Field,recover-20220825,002,1795
145.1155,145.1262,23750,30513,Nyctalus leisleri,0.011,0.032,-1,Echolocation,/mnt/ubna_data_01_mir/recover-20220825/UBNA_002/20220823_033000.WAV,Telephone Field,recover-20220825,002,1795
145.1165,145.1575,68437,82907,Rhinolophus ferrumequinum,0.023,0.023,-1,Echolocation,/mnt/ubna_data_01_mir/recover-20220825/UBNA_002/20220823_033000.WAV,Telephone Field,recover-20220825,002,1795
145.1465,145.1556,43515,50965,Pipistrellus pipistrellus,0.026,0.037,-1,Echolocation,/mnt/ubna_data_01_mir/recover-20220825/UBNA_002/20220823_033000.WAV,Telephone Field,recover-20220825,002,1795
145.1465,145.154,28046,39679,Eptesicus serotinus,0.006,0.022,-1,Echolocation,/mnt/ubna_data_01_mir/recover-20220825/UBNA_002/20220823_033000.WAV,Telephone Field,recover-20220825,002,1795
145.1735,145.2098,68437,81639,Rhinolophus ferrumequinum,0.022,0.022,-1,Echolocation,/mnt/ubna_data_01_mir/recover-20220825/UBNA_002/20220823_033000.WAV,Telephone Field,recover-20220825,002,1795
145.1915,145.1995,27187,39541,Eptesicus serotinus,0.007,0.022,-1,Echolocation,/mnt/ubna_data_01_mir/recover-20220825/UBNA_002/20220823_033000.WAV,Telephone Field,recover-20220825,002,1795
145.19650000000001,145.2341,68437,82127,Rhinolophus ferrumequinum,0.022,0.022,-1,Echolocation,/mnt/ubna_data_01_mir/recover-20220825/UBNA_002/20220823_033000.WAV,Telephone Field,recover-20220825,002,1795
145.2345,145.245,24609,31501,Nyctalus leisleri,0.01,0.027,-1,Echolocation,/mnt/ubna_data_01_mir/recover-20220825/UBNA_002/20220823_033000.WAV,Telephone Field,recover-20220825,002,1795
145.2435,145.25130000000001,27187,35054,Eptesicus serotinus,0.011,0.028,-1,Echolocation,/mnt/ubna_data_01_mir/recover-20220825/UBNA_002/20220823_033000.WAV,Telephone Field,recover-20220825,002,1795
145.2635,145.2697,26328,36719,Plecotus austriacus,0.01,0.03,-1,Echolocation,/mnt/ubna_data_01_mir/recover-20220825/UBNA_002/20220823_033000.WAV,Telephone Field,recover-20220825,002,1795
145.2755,145.3158,68437,82473,Rhinolophus ferrumequinum,0.024,0.024,-1,Echolocation,/mnt/ubna_data_01_mir/recover-20220825/UBNA_002/20220823_033000.WAV,Telephone Field,recover-20220825,002,1795
145.3185,145.35750000000002,68437,82072,Rhinolophus ferrumequinum,0.022,0.022,-1,Echolocation,/mnt/ubna_data_01_mir/recover-20220825/UBNA_002/20220823_033000.WAV,Telephone Field,recover-20220825,002,1795
145.3865,145.3942,27187,39311,Eptesicus serotinus,0.007,0.022,-1,Echolocation,/mnt/ubna_data_01_mir/recover-20220825/UBNA_002/20220823_033000.WAV,Telephone Field,recover-20220825,002,1795
145.4095,145.4181,16015,23083,Nyctalus noctula,0.011,0.035,-1,Echolocation,/mnt/ubna_data_01_mir/recover-20220825/UBNA_002/20220823_033000.WAV,Telephone Field,recover-20220825,002,1795
145.4495,145.4591,28046,36058,Eptesicus serotinus,0.012,0.027,-1,Echolocation,/mnt/ubna_data_01_mir/recover-20220825/UBNA_002/20220823_033000.WAV,Telephone Field,recover-20220825,002,1795
145.4545,145.4927,68437,81990,Rhinolophus ferrumequinum,0.022,0.022,-1,Echolocation,/mnt/ubna_data_01_mir/recover-20220825/UBNA_002/20220823_033000.WAV,Telephone Field,recover-20220825,002,1795
145.4775,145.5178,68437,82468,Rhinolophus ferrumequinum,0.026,0.026,-1,Echolocation,/mnt/ubna_data_01_mir/recover-20220825/UBNA_002/20220823_033000.WAV,Telephone Field,recover-20220825,002,1795
145.4955,145.537,68437,83019,Rhinolophus ferrumequinum,0.029,0.029,-1,Echolocation,/mnt/ubna_data_01_mir/recover-20220825/UBNA_002/20220823_033000.WAV,Telephone Field,recover-20220825,002,1795
145.5035,145.5108,28046,40763,Eptesicus serotinus,0.006,0.023,-1,Echolocation,/mnt/ubna_data_01_mir/recover-20220825/UBNA_002/20220823_033000.WAV,Telephone Field,recover-20220825,002,1795
145.5265,145.5647,68437,81913,Rhinolophus ferrumequinum,0.026,0.026,-1,Echolocation,/mnt/ubna_data_01_mir/recover-20220825/UBNA_002/20220823_033000.WAV,Telephone Field,recover-20220825,002,1795
145.5765,145.6135,68437,82357,Rhinolophus ferrumequinum,0.024,0.024,-1,Echolocation,/mnt/ubna_data_01_mir/recover-20220825/UBNA_002/20220823_033000.WAV,Telephone Field,recover-20220825,002,1795
145.5995,145.6393,68437,82252,Rhinolophus ferrumequinum,0.023,0.023,-1,Echolocation,/mnt/ubna_data_01_mir/recover-20220825/UBNA_002/20220823_033000.WAV,Telephone Field,recover-20220825,002,1795
145.6025,145.6136,27187,34254,Eptesicus serotinus,0.016,0.03,-1,Echolocation,/mnt/ubna_data_01_mir/recover-20220825/UBNA_002/20220823_033000.WAV,Telephone Field,recover-20220825,002,1795
145.69650000000001,145.7086,32343,38138,Eptesicus serotinus,0.007,0.025,-1,Echolocation,/mnt/ubna_data_01_mir/recover-20220825/UBNA_002/20220823_033000.WAV,Telephone Field,recover-20220825,002,1795
145.7235,145.7312,28906,38017,Eptesicus serotinus,0.015,0.034,-1,Echolocation,/mnt/ubna_data_01_mir/recover-20220825/UBNA_002/20220823_033000.WAV,Telephone Field,recover-20220825,002,1795
145.7395,145.7776,68437,81601,Rhinolophus ferrumequinum,0.022,0.022,-1,Echolocation,/mnt/ubna_data_01_mir/recover-20220825/UBNA_002/20220823_033000.WAV,Telephone Field,recover-20220825,002,1795
145.7435,145.75209999999998,23750,31388,Plecotus austriacus,0.011,0.026,-1,Echolocation,/mnt/ubna_data_01_mir/recover-20220825/UBNA_002/20220823_033000.WAV,Telephone Field,recover-20220825,002,1795
145.7635,145.8058,68437,82802,Rhinolophus ferrumequinum,0.043,0.043,-1,Echolocation,/mnt/ubna_data_01_mir/recover-20220825/UBNA_002/20220823_033000.WAV,Telephone Field,recover-20220825,002,1795
145.7845,145.8211,68437,81661,Rhinolophus ferrumequinum,0.023,0.023,-1,Echolocation,/mnt/ubna_data_01_mir/recover-20220825/UBNA_002/20220823_033000.WAV,Telephone Field,recover-20220825,002,1795
145.7935,145.828,68437,81819,Rhinolophus ferrumequinum,0.022,0.022,-1,Echolocation,/mnt/ubna_data_01_mir/recover-20220825/UBNA_002/20220823_033000.WAV,Telephone Field,recover-20220825,002,1795
145.8075,145.8506,68437,83413,Rhinolophus ferrumequinum,0.03,0.03,-1,Echolocation,/mnt/ubna_data_01_mir/recover-20220825/UBNA_002/20220823_033000.WAV,Telephone Field,recover-20220825,002,1795
145.8155,145.8595,68437,83846,Rhinolophus ferrumequinum,0.031,0.031,-1,Echolocation,/mnt/ubna_data_01_mir/recover-20220825/UBNA_002/20220823_033000.WAV,Telephone Field,recover-20220825,002,1795
145.8425,145.8537,25468,32191,Eptesicus serotinus,0.012,0.027,-1,Echolocation,/mnt/ubna_data_01_mir/recover-20220825/UBNA_002/20220823_033000.WAV,Telephone Field,recover-20220825,002,1795
145.8505,145.8587,28046,39904,Eptesicus serotinus,0.007,0.022,-1,Echolocation,/mnt/ubna_data_01_mir/recover-20220825/UBNA_002/20220823_033000.WAV,Telephone Field,recover-20220825,002,1795
145.8765,145.9162,68437,83213,Rhinolophus ferrumequinum,0.032,0.032,-1,Echolocation,/mnt/ubna_data_01_mir/recover-20220825/UBNA_002/20220823_033000.WAV,Telephone Field,recover-20220825,002,1795
145.8785,145.8854,28046,38461,Eptesicus serotinus,0.007,0.023,-1,Echolocation,/mnt/ubna_data_01_mir/recover-20220825/UBNA_002/20220823_033000.WAV,Telephone Field,recover-20220825,002,1795
145.9205,145.9624,68437,81659,Rhinolophus ferrumequinum,0.023,0.023,-1,Echolocation,/mnt/ubna_data_01_mir/recover-20220825/UBNA_002/20220823_033000.WAV,Telephone Field,recover-20220825,002,1795
145.9225,145.9315,28046,38197,Eptesicus serotinus,0.011,0.027,-1,Echolocation,/mnt/ubna_data_01_mir/recover-20220825/UBNA_002/20220823_033000.WAV,Telephone Field,recover-20220825,002,1795
145.94650000000001,145.9844,68437,82006,Rhinolophus ferrumequinum,0.022,0.022,-1,Echolocation,/mnt/ubna_data_01_mir/recover-20220825/UBNA_002/20220823_033000.WAV,Telephone Field,recover-20220825,002,1795
145.9545,145.9622,23750,32727,Plecotus austriacus,0.012,0.026,-1,Echolocation,/mnt/ubna_data_01_mir/recover-20220825/UBNA_002/20220823_033000.WAV,Telephone Field,recover-20220825,002,1795
145.9655,145.9779,22031,25883,Nyctalus leisleri,0.014,0.023,-1,Echolocation,/mnt/ubna_data_01_mir/recover-20220825/UBNA_002/20220823_033000.WAV,Telephone Field,recover-20220825,002,1795
145.9715,145.9887,21171,24341,Nyctalus leisleri,0.014,0.023,-1,Echolocation,/mnt/ubna_data_01_mir/recover-20220825/UBNA_002/20220823_033000.WAV,Telephone Field,recover-20220825,002,1795
145.9815,145.9923,22031,27119,Nyctalus leisleri,0.01,0.022,-1,Echolocation,/mnt/ubna_data_01_mir/recover-20220825/UBNA_002/20220823_033000.WAV,Telephone Field,recover-20220825,002,1795
146.0015,146.0324,68437,80142,Rhinolophus ferrumequinum,0.044,0.044,-1,Echolocation,/mnt/ubna_data_01_mir/recover-20220825/UBNA_002/20220823_033000.WAV,Telephone Field,recover-20220825,002,1795
146.0015,146.0092,22890,30274,Nyctalus leisleri,0.009,0.029,-1,Echolocation,/mnt/ubna_data_01_mir/recover-20220825/UBNA_002/20220823_033000.WAV,Telephone Field,recover-20220825,002,1795
146.0015,146.0148,53828,58428,Pipistrellus pygmaeus,0.017,0.022,-1,Echolocation,/mnt/ubna_data_01_mir/recover-20220825/UBNA_002/20220823_033000.WAV,Telephone Field,recover-20220825,002,1795
146.0015,146.0085,47812,55411,Pipistrellus pipistrellus,0.015,0.022,-1,Echolocation,/mnt/ubna_data_01_mir/recover-20220825/UBNA_002/20220823_033000.WAV,Telephone Field,recover-20220825,002,1795
146.0515,146.0578,27187,41715,Eptesicus serotinus,0.007,0.026,-1,Echolocation,/mnt/ubna_data_01_mir/recover-20220825/UBNA_002/20220823_033000.WAV,Telephone Field,recover-20220825,002,1795
146.0755,146.1157,68437,82816,Rhinolophus ferrumequinum,0.027,0.027,-1,Echolocation,/mnt/ubna_data_01_mir/recover-20220825/UBNA_002/20220823_033000.WAV,Telephone Field,recover-20220825,002,1795
146.0815,146.0898,22890,30702,Plecotus austriacus,0.009,0.021,-1,Echolocation,/mnt/ubna_data_01_mir/recover-20220825/UBNA_002/20220823_033000.WAV,Telephone Field,recover-20220825,002,1795
146.1345,146.1729,68437,82246,Rhinolophus ferrumequinum,0.023,0.023,-1,Echolocation,/mnt/ubna_data_01_mir/recover-20220825/UBNA_002/20220823_033000.WAV,Telephone Field,recover-20220825,002,1795
146.1405,146.1506,22890,28332,Nyctalus leisleri,0.009,0.021,-1,Echolocation,/mnt/ubna_data_01_mir/recover-20220825/UBNA_002/20220823_033000.WAV,Telephone Field,recover-20220825,002,1795
146.1525,146.1591,28046,42607,Eptesicus serotinus,0.007,0.025,-1,Echolocation,/mnt/ubna_data_01_mir/recover-20220825/UBNA_002/20220823_033000.WAV,Telephone Field,recover-20220825,002,1795
146.1655,146.2054,68437,82244,Rhinolophus ferrumequinum,0.023,0.023,-1,Echolocation,/mnt/ubna_data_01_mir/recover-20220825/UBNA_002/20220823_033000.WAV,Telephone Field,recover-20220825,002,1795
146.1745,146.2125,68437,82176,Rhinolophus ferrumequinum,0.023,0.023,-1,Echolocation,/mnt/ubna_data_01_mir/recover-20220825/UBNA_002/20220823_033000.WAV,Telephone Field,recover-20220825,002,1795
146.1835,146.1919,45234,55400,Pipistrellus pipistrellus,0.014,0.022,-1,Echolocation,/mnt/ubna_data_01_mir/recover-20220825/UBNA_002/20220823_033000.WAV,Telephone Field,recover-20220825,002,1795
146.1835,146.1923,23750,31569,Plecotus austriacus,0.011,0.029,-1,Echolocation,/mnt/ubna_data_01_mir/recover-20220825/UBNA_002/20220823_033000.WAV,Telephone Field,recover-20220825,002,1795
146.1995,146.2377,68437,82327,Rhinolophus ferrumequinum,0.027,0.027,-1,Echolocation,/mnt/ubna_data_01_mir/recover-20220825/UBNA_002/20220823_033000.WAV,Telephone Field,recover-20220825,002,1795
146.2115,146.2183,27187,41167,Eptesicus serotinus,0.005,0.022,-1,Echolocation,/mnt/ubna_data_01_mir/recover-20220825/UBNA_002/20220823_033000.WAV,Telephone Field,recover-20220825,002,1795
146.2345,146.2719,68437,81718,Rhinolophus ferrumequinum,0.023,0.023,-1,Echolocation,/mnt/ubna_data_01_mir/recover-20220825/UBNA_002/20220823_033000.WAV,Telephone Field,recover-20220825,002,1795
146.2455,146.2544,28046,41261,Eptesicus serotinus,0.011,0.025,-1,Echolocation,/mnt/ubna_data_01_mir/recover-20220825/UBNA_002/20220823_033000.WAV,Telephone Field,recover-20220825,002,1795
146.2705,146.314,68437,83381,Rhinolophus ferrumequinum,0.028,0.028,-1,Echolocation,/mnt/ubna_data_01_mir/recover-20220825/UBNA_002/20220823_033000.WAV,Telephone Field,recover-20220825,002,1795
146.3005,146.307,24609,34383,Plecotus austriacus,0.011,0.029,-1,Echolocation,/mnt/ubna_data_01_mir/recover-20220825/UBNA_002/20220823_033000.WAV,Telephone Field,recover-20220825,002,1795
146.3315,146.3677,68437,80965,Rhinolophus ferrumequinum,0.021,0.021,-1,Echolocation,/mnt/ubna_data_01_mir/recover-20220825/UBNA_002/20220823_033000.WAV,Telephone Field,recover-20220825,002,1795
146.3385,146.348,28046,37521,Eptesicus serotinus,0.02,0.04,-1,Echolocation,/mnt/ubna_data_01_mir/recover-20220825/UBNA_002/20220823_033000.WAV,Telephone Field,recover-20220825,002,1795
146.3435,146.3494,36640,47854,Myotis daubentonii,0.008,0.021,-1,Echolocation,/mnt/ubna_data_01_mir/recover-20220825/UBNA_002/20220823_033000.WAV,Telephone Field,recover-20220825,002,1795
146.3515,146.3906,68437,82632,Rhinolophus ferrumequinum,0.023,0.023,-1,Echolocation,/mnt/ubna_data_01_mir/recover-20220825/UBNA_002/20220823_033000.WAV,Telephone Field,recover-20220825,002,1795
146.3525,146.3627,27187,35203,Eptesicus serotinus,0.009,0.021,-1,Echolocation,/mnt/ubna_data_01_mir/recover-20220825/UBNA_002/20220823_033000.WAV,Telephone Field,recover-20220825,002,1795
146.3595,146.3689,27187,36877,Eptesicus serotinus,0.008,0.022,-1,Echolocation,/mnt/ubna_data_01_mir/recover-20220825/UBNA_002/20220823_033000.WAV,Telephone Field,recover-20220825,002,1795
146.3815,146.424,68437,82758,Rhinolophus ferrumequinum,0.022,0.022,-1,Echolocation,/mnt/ubna_data_01_mir/recover-20220825/UBNA_002/20220823_033000.WAV,Telephone Field,recover-20220825,002,1795
146.4085,146.4156,27187,39873,Eptesicus serotinus,0.006,0.021,-1,Echolocation,/mnt/ubna_data_01_mir/recover-20220825/UBNA_002/20220823_033000.WAV,Telephone Field,recover-20220825,002,1795
146.4175,146.4256,27187,36438,Eptesicus serotinus,0.008,0.022,-1,Echolocation,/mnt/ubna_data_01_mir/recover-20220825/UBNA_002/20220823_033000.WAV,Telephone Field,recover-20220825,002,1795
146.42849999999999,146.4445,22031,26209,Nyctalus leisleri,0.013,0.025,-1,Echolocation,/mnt/ubna_data_01_mir/recover-20220825/UBNA_002/20220823_033000.WAV,Telephone Field,recover-20220825,002,1795
146.4335,146.4448,23750,29642,Nyctalus leisleri,0.009,0.024,-1,Echolocation,/mnt/ubna_data_01_mir/recover-20220825/UBNA_002/20220823_033000.WAV,Telephone Field,recover-20220825,002,1795
146.4565,146.4656,28046,39172,Eptesicus serotinus,0.009,0.022,-1,Echolocation,/mnt/ubna_data_01_mir/recover-20220825/UBNA_002/20220823_033000.WAV,Telephone Field,recover-20220825,002,1795
146.4595,146.4991,68437,82086,Rhinolophus ferrumequinum,0.024,0.024,-1,Echolocation,/mnt/ubna_data_01_mir/recover-20220825/UBNA_002/20220823_033000.WAV,Telephone Field,recover-20220825,002,1795
146.4605,146.4714,23750,29670,Nyctalus leisleri,0.009,0.022,-1,Echolocation,/mnt/ubna_data_01_mir/recover-20220825/UBNA_002/20220823_033000.WAV,Telephone Field,recover-20220825,002,1795
146.4995,146.5399,68437,82607,Rhinolophus ferrumequinum,0.025,0.025,-1,Echolocation,/mnt/ubna_data_01_mir/recover-20220825/UBNA_002/20220823_033000.WAV,Telephone Field,recover-20220825,002,1795
146.5095,146.5177,28906,39551,Eptesicus serotinus,0.009,0.022,-1,Echolocation,/mnt/ubna_data_01_mir/recover-20220825/UBNA_002/20220823_033000.WAV,Telephone Field,recover-20220825,002,1795
146.5245,146.5323,27187,40021,Eptesicus serotinus,0.007,0.021,-1,Echolocation,/mnt/ubna_data_01_mir/recover-20220825/UBNA_002/20220823_033000.WAV,Telephone Field,recover-20220825,002,1795
146.5355,146.54489999999998,26328,34916,Eptesicus serotinus,0.008,0.021,-1,Echolocation,/mnt/ubna_data_01_mir/recover-20220825/UBNA_002/20220823_033000.WAV,Telephone Field,recover-20220825,002,1795
146.5635,146.5752,22890,28239,Nyctalus leisleri,0.017,0.034,-1,Echolocation,/mnt/ubna_data_01_mir/recover-20220825/UBNA_002/20220823_033000.WAV,Telephone Field,recover-20220825,002,1795
146.5755,146.6132,68437,82192,Rhinolophus ferrumequinum,0.023,0.023,-1,Echolocation,/mnt/ubna_data_01_mir/recover-20220825/UBNA_002/20220823_033000.WAV,Telephone Field,recover-20220825,002,1795
146.6225,146.6632,68437,82707,Rhinolophus ferrumequinum,0.026,0.026,-1,Echolocation,/mnt/ubna_data_01_mir/recover-20220825/UBNA_002/20220823_033000.WAV,Telephone Field,recover-20220825,002,1795
146.6615,146.7029,68437,82424,Rhinolophus ferrumequinum,0.044,0.044,-1,Echolocation,/mnt/ubna_data_01_mir/recover-20220825/UBNA_002/20220823_033000.WAV,Telephone Field,recover-20220825,002,1795
146.6685,146.6758,24609,34320,Plecotus austriacus,0.01,0.027,-1,Echolocation,/mnt/ubna_data_01_mir/recover-20220825/UBNA_002/20220823_033000.WAV,Telephone Field,recover-20220825,002,1795
146.6995,146.7403,68437,82495,Rhinolophus ferrumequinum,0.028,0.028,-1,Echolocation,/mnt/ubna_data_01_mir/recover-20220825/UBNA_002/20220823_033000.WAV,Telephone Field,recover-20220825,002,1795
146.7005,146.7091,28046,37638,Eptesicus serotinus,0.008,0.024,-1,Echolocation,/mnt/ubna_data_01_mir/recover-20220825/UBNA_002/20220823_033000.WAV,Telephone Field,recover-20220825,002,1795
146.7335,146.7709,68437,81653,Rhinolophus ferrumequinum,0.022,0.022,-1,Echolocation,/mnt/ubna_data_01_mir/recover-20220825/UBNA_002/20220823_033000.WAV,Telephone Field,recover-20220825,002,1795
146.7365,146.7453,28046,39015,Eptesicus serotinus,0.008,0.022,-1,Echolocation,/mnt/ubna_data_01_mir/recover-20220825/UBNA_002/20220823_033000.WAV,Telephone Field,recover-20220825,002,1795
146.7495,146.7908,68437,83421,Rhinolophus ferrumequinum,0.025,0.025,-1,Echolocation,/mnt/ubna_data_01_mir/recover-20220825/UBNA_002/20220823_033000.WAV,Telephone Field,recover-20220825,002,1795
146.7755,146.8129,68437,82269,Rhinolophus ferrumequinum,0.023,0.023,-1,Echolocation,/mnt/ubna_data_01_mir/recover-20220825/UBNA_002/20220823_033000.WAV,Telephone Field,recover-20220825,002,1795
146.7805,146.8198,68437,82870,Rhinolophus ferrumequinum,0.022,0.023,-1,Echolocation,/mnt/ubna_data_01_mir/recover-20220825/UBNA_002/20220823_033000.WAV,Telephone Field,recover-20220825,002,1795
146.7895,146.8302,68437,82459,Rhinolophus ferrumequinum,0.027,0.027,-1,Echolocation,/mnt/ubna_data_01_mir/recover-20220825/UBNA_002/20220823_033000.WAV,Telephone Field,recover-20220825,002,1795
146.7925,146.8022,22890,28436,Nyctalus leisleri,0.009,0.023,-1,Echolocation,/mnt/ubna_data_01_mir/recover-20220825/UBNA_002/20220823_033000.WAV,Telephone Field,recover-20220825,002,1795
146.8135,146.85399999999998,68437,82209,Rhinolophus ferrumequinum,0.026,0.026,-1,Echolocation,/mnt/ubna_data_01_mir/recover-20220825/UBNA_002/20220823_033000.WAV,Telephone Field,recover-20220825,002,1795
146.8405,146.88060000000002,68437,83243,Rhinolophus ferrumequinum,0.026,0.026,-1,Echolocation,/mnt/ubna_data_01_mir/recover-20220825/UBNA_002/20220823_033000.WAV,Telephone Field,recover-20220825,002,1795
146.8445,146.8548,28046,36195,Eptesicus serotinus,0.012,0.025,-1,Echolocation,/mnt/ubna_data_01_mir/recover-20220825/UBNA_002/20220823_033000.WAV,Telephone Field,recover-20220825,002,1795
146.8495,146.8889,68437,81285,Rhinolophus ferrumequinum,0.021,0.021,-1,Echolocation,/mnt/ubna_data_01_mir/recover-20220825/UBNA_002/20220823_033000.WAV,Telephone Field,recover-20220825,002,1795
146.8595,146.8667,28046,39843,Eptesicus serotinus,0.006,0.021,-1,Echolocation,/mnt/ubna_data_01_mir/recover-20220825/UBNA_002/20220823_033000.WAV,Telephone Field,recover-20220825,002,1795
146.8775,146.9152,68437,82182,Rhinolophus ferrumequinum,0.024,0.024,-1,Echolocation,/mnt/ubna_data_01_mir/recover-20220825/UBNA_002/20220823_033000.WAV,Telephone Field,recover-20220825,002,1795
146.8805,146.8874,27187,39287,Eptesicus serotinus,0.006,0.022,-1,Echolocation,/mnt/ubna_data_01_mir/recover-20220825/UBNA_002/20220823_033000.WAV,Telephone Field,recover-20220825,002,1795
146.8995,146.9342,68437,81442,Rhinolophus ferrumequinum,0.024,0.025,-1,Echolocation,/mnt/ubna_data_01_mir/recover-20220825/UBNA_002/20220823_033000.WAV,Telephone Field,recover-20220825,002,1795
146.9435,146.9528,27187,37448,Eptesicus serotinus,0.008,0.022,-1,Echolocation,/mnt/ubna_data_01_mir/recover-20220825/UBNA_002/20220823_033000.WAV,Telephone Field,recover-20220825,002,1795
146.9575,146.9758,20312,23545,Nyctalus leisleri,0.013,0.025,-1,Echolocation,/mnt/ubna_data_01_mir/recover-20220825/UBNA_002/20220823_033000.WAV,Telephone Field,recover-20220825,002,1795
146.9575,146.9942,68437,81451,Rhinolophus ferrumequinum,0.021,0.021,-1,Echolocation,/mnt/ubna_data_01_mir/recover-20220825/UBNA_002/20220823_033000.WAV,Telephone Field,recover-20220825,002,1795
147.0555,147.0653,40937,44924,Pipistrellus nathusii,0.009,0.025,-1,Echolocation,/mnt/ubna_data_01_mir/recover-20220825/UBNA_002/20220823_033000.WAV,Telephone Field,recover-20220825,002,1795
147.0595,147.0664,27187,38875,Eptesicus serotinus,0.007,0.024,-1,Echolocation,/mnt/ubna_data_01_mir/recover-20220825/UBNA_002/20220823_033000.WAV,Telephone Field,recover-20220825,002,1795
147.07150000000001,147.1118,68437,82951,Rhinolophus ferrumequinum,0.032,0.032,-1,Echolocation,/mnt/ubna_data_01_mir/recover-20220825/UBNA_002/20220823_033000.WAV,Telephone Field,recover-20220825,002,1795
147.0815,147.1212,68437,81366,Rhinolophus ferrumequinum,0.021,0.021,-1,Echolocation,/mnt/ubna_data_01_mir/recover-20220825/UBNA_002/20220823_033000.WAV,Telephone Field,recover-20220825,002,1795
147.0945,147.1328,68437,82748,Rhinolophus ferrumequinum,0.021,0.021,-1,Echolocation,/mnt/ubna_data_01_mir/recover-20220825/UBNA_002/20220823_033000.WAV,Telephone Field,recover-20220825,002,1795
147.1065,147.1142,27187,39500,Eptesicus serotinus,0.007,0.021,-1,Echolocation,/mnt/ubna_data_01_mir/recover-20220825/UBNA_002/20220823_033000.WAV,Telephone Field,recover-20220825,002,1795
147.1335,147.1743,68437,81799,Rhinolophus ferrumequinum,0.025,0.025,-1,Echolocation,/mnt/ubna_data_01_mir/recover-20220825/UBNA_002/20220823_033000.WAV,Telephone Field,recover-20220825,002,1795
147.1335,147.1411,58984,64463,Pipistrellus pygmaeus,0.028,0.028,-1,Echolocation,/mnt/ubna_data_01_mir/recover-20220825/UBNA_002/20220823_033000.WAV,Telephone Field,recover-20220825,002,1795
147.1365,147.1445,27187,42096,Eptesicus serotinus,0.007,0.021,-1,Echolocation,/mnt/ubna_data_01_mir/recover-20220825/UBNA_002/20220823_033000.WAV,Telephone Field,recover-20220825,002,1795
147.1595,147.1991,68437,82311,Rhinolophus ferrumequinum,0.023,0.023,-1,Echolocation,/mnt/ubna_data_01_mir/recover-20220825/UBNA_002/20220823_033000.WAV,Telephone Field,recover-20220825,002,1795
147.1645,147.1721,28046,39982,Eptesicus serotinus,0.007,0.022,-1,Echolocation,/mnt/ubna_data_01_mir/recover-20220825/UBNA_002/20220823_033000.WAV,Telephone Field,recover-20220825,002,1795
147.1845,147.1912,26328,40844,Eptesicus serotinus,0.005,0.022,-1,Echolocation,/mnt/ubna_data_01_mir/recover-20220825/UBNA_002/20220823_033000.WAV,Telephone Field,recover-20220825,002,1795
147.1985,147.2401,68437,82612,Rhinolophus ferrumequinum,0.027,0.027,-1,Echolocation,/mnt/ubna_data_01_mir/recover-20220825/UBNA_002/20220823_033000.WAV,Telephone Field,recover-20220825,002,1795
147.20850000000002,147.2198,24609,30097,Nyctalus leisleri,0.015,0.039,-1,Echolocation,/mnt/ubna_data_01_mir/recover-20220825/UBNA_002/20220823_033000.WAV,Telephone Field,recover-20220825,002,1795
147.2345,147.2721,68437,81498,Rhinolophus ferrumequinum,0.021,0.021,-1,Echolocation,/mnt/ubna_data_01_mir/recover-20220825/UBNA_002/20220823_033000.WAV,Telephone Field,recover-20220825,002,1795
147.2395,147.2464,13437,30758,Plecotus auritus,0.024,0.027,-1,Echolocation,/mnt/ubna_data_01_mir/recover-20220825/UBNA_002/20220823_033000.WAV,Telephone Field,recover-20220825,002,1795
147.2585,147.2677,28046,37026,Eptesicus serotinus,0.01,0.024,-1,Echolocation,/mnt/ubna_data_01_mir/recover-20220825/UBNA_002/20220823_033000.WAV,Telephone Field,recover-20220825,002,1795
147.2625,147.2974,68437,81513,Rhinolophus ferrumequinum,0.023,0.023,-1,Echolocation,/mnt/ubna_data_01_mir/recover-20220825/UBNA_002/20220823_033000.WAV,Telephone Field,recover-20220825,002,1795
147.33350000000002,147.3685,68437,80754,Rhinolophus ferrumequinum,0.021,0.021,-1,Echolocation,/mnt/ubna_data_01_mir/recover-20220825/UBNA_002/20220823_033000.WAV,Telephone Field,recover-20220825,002,1795
147.3375,147.3462,27187,37944,Eptesicus serotinus,0.008,0.021,-1,Echolocation,/mnt/ubna_data_01_mir/recover-20220825/UBNA_002/20220823_033000.WAV,Telephone Field,recover-20220825,002,1795
147.35750000000002,147.3912,68437,81001,Rhinolophus ferrumequinum,0.023,0.023,-1,Echolocation,/mnt/ubna_data_01_mir/recover-20220825/UBNA_002/20220823_033000.WAV,Telephone Field,recover-20220825,002,1795
147.3615,147.3717,23750,30372,Nyctalus leisleri,0.008,0.022,-1,Echolocation,/mnt/ubna_data_01_mir/recover-20220825/UBNA_002/20220823_033000.WAV,Telephone Field,recover-20220825,002,1795
147.3685,147.3789,22890,28131,Nyctalus leisleri,0.01,0.022,-1,Echolocation,/mnt/ubna_data_01_mir/recover-20220825/UBNA_002/20220823_033000.WAV,Telephone Field,recover-20220825,002,1795
147.3825,147.4184,68437,81274,Rhinolophus ferrumequinum,0.022,0.022,-1,Echolocation,/mnt/ubna_data_01_mir/recover-20220825/UBNA_002/20220823_033000.WAV,Telephone Field,recover-20220825,002,1795
147.4445,147.481,68437,81460,Rhinolophus ferrumequinum,0.028,0.028,-1,Echolocation,/mnt/ubna_data_01_mir/recover-20220825/UBNA_002/20220823_033000.WAV,Telephone Field,recover-20220825,002,1795
147.4445,147.4519,28046,40628,Eptesicus serotinus,0.006,0.022,-1,Echolocation,/mnt/ubna_data_01_mir/recover-20220825/UBNA_002/20220823_033000.WAV,Telephone Field,recover-20220825,002,1795
147.4555,147.4927,68437,82340,Rhinolophus ferrumequinum,0.024,0.024,-1,Echolocation,/mnt/ubna_data_01_mir/recover-20220825/UBNA_002/20220823_033000.WAV,Telephone Field,recover-20220825,002,1795
147.4695,147.5088,68437,82381,Rhinolophus ferrumequinum,0.023,0.023,-1,Echolocation,/mnt/ubna_data_01_mir/recover-20220825/UBNA_002/20220823_033000.WAV,Telephone Field,recover-20220825,002,1795
147.4765,147.5156,68437,82197,Rhinolophus ferrumequinum,0.022,0.022,-1,Echolocation,/mnt/ubna_data_01_mir/recover-20220825/UBNA_002/20220823_033000.WAV,Telephone Field,recover-20220825,002,1795
147.5005,147.5388,68437,82194,Rhinolophus ferrumequinum,0.026,0.026,-1,Echolocation,/mnt/ubna_data_01_mir/recover-20220825/UBNA_002/20220823_033000.WAV,Telephone Field,recover-20220825,002,1795
147.5085,147.51670000000001,28046,40669,Eptesicus serotinus,0.007,0.021,-1,Echolocation,/mnt/ubna_data_01_mir/recover-20220825/UBNA_002/20220823_033000.WAV,Telephone Field,recover-20220825,002,1795
147.5145,147.5231,27187,38148,Eptesicus serotinus,0.008,0.022,-1,Echolocation,/mnt/ubna_data_01_mir/recover-20220825/UBNA_002/20220823_033000.WAV,Telephone Field,recover-20220825,002,1795
147.5225,147.5626,68437,82920,Rhinolophus ferrumequinum,0.033,0.033,-1,Echolocation,/mnt/ubna_data_01_mir/recover-20220825/UBNA_002/20220823_033000.WAV,Telephone Field,recover-20220825,002,1795
147.5445,147.5522,28046,38067,Eptesicus serotinus,0.006,0.022,-1,Echolocation,/mnt/ubna_data_01_mir/recover-20220825/UBNA_002/20220823_033000.WAV,Telephone Field,recover-20220825,002,1795
147.5585,147.5699,23750,29576,Nyctalus leisleri,0.014,0.035,-1,Echolocation,/mnt/ubna_data_01_mir/recover-20220825/UBNA_002/20220823_033000.WAV,Telephone Field,recover-20220825,002,1795
147.5695,147.57999999999998,22890,28663,Nyctalus leisleri,0.01,0.023,-1,Echolocation,/mnt/ubna_data_01_mir/recover-20220825/UBNA_002/20220823_033000.WAV,Telephone Field,recover-20220825,002,1795
147.5815,147.6181,68437,81678,Rhinolophus ferrumequinum,0.023,0.023,-1,Echolocation,/mnt/ubna_data_01_mir/recover-20220825/UBNA_002/20220823_033000.WAV,Telephone Field,recover-20220825,002,1795
147.6155,147.6574,68437,82529,Rhinolophus ferrumequinum,0.041,0.041,-1,Echolocation,/mnt/ubna_data_01_mir/recover-20220825/UBNA_002/20220823_033000.WAV,Telephone Field,recover-20220825,002,1795
147.6155,147.6242,28046,37571,Eptesicus serotinus,0.01,0.024,-1,Echolocation,/mnt/ubna_data_01_mir/recover-20220825/UBNA_002/20220823_033000.WAV,Telephone Field,recover-20220825,002,1795
147.6305,147.6407,23750,30029,Nyctalus leisleri,0.01,0.027,-1,Echolocation,/mnt/ubna_data_01_mir/recover-20220825/UBNA_002/20220823_033000.WAV,Telephone Field,recover-20220825,002,1795
147.6415,147.6805,68437,82643,Rhinolophus ferrumequinum,0.025,0.025,-1,Echolocation,/mnt/ubna_data_01_mir/recover-20220825/UBNA_002/20220823_033000.WAV,Telephone Field,recover-20220825,002,1795
147.6485,147.6596,26328,33045,Eptesicus serotinus,0.013,0.034,-1,Echolocation,/mnt/ubna_data_01_mir/recover-20220825/UBNA_002/20220823_033000.WAV,Telephone Field,recover-20220825,002,1795
147.6625,147.6719,28046,38328,Eptesicus serotinus,0.007,0.021,-1,Echolocation,/mnt/ubna_data_01_mir/recover-20220825/UBNA_002/20220823_033000.WAV,Telephone Field,recover-20220825,002,1795
147.7055,147.744,68437,81896,Rhinolophus ferrumequinum,0.026,0.026,-1,Echolocation,/mnt/ubna_data_01_mir/recover-20220825/UBNA_002/20220823_033000.WAV,Telephone Field,recover-20220825,002,1795
147.7255,147.76749999999998,68437,83148,Rhinolophus ferrumequinum,0.04,0.04,-1,Echolocation,/mnt/ubna_data_01_mir/recover-20220825/UBNA_002/20220823_033000.WAV,Telephone Field,recover-20220825,002,1795
147.7605,147.7975,68437,81932,Rhinolophus ferrumequinum,0.023,0.023,-1,Echolocation,/mnt/ubna_data_01_mir/recover-20220825/UBNA_002/20220823_033000.WAV,Telephone Field,recover-20220825,002,1795
147.77949999999998,147.8157,68437,81685,Rhinolophus ferrumequinum,0.022,0.022,-1,Echolocation,/mnt/ubna_data_01_mir/recover-20220825/UBNA_002/20220823_033000.WAV,Telephone Field,recover-20220825,002,1795
147.7925,147.8042,22890,28092,Nyctalus leisleri,0.012,0.025,-1,Echolocation,/mnt/ubna_data_01_mir/recover-20220825/UBNA_002/20220823_033000.WAV,Telephone Field,recover-20220825,002,1795
147.8115,147.81810000000002,28046,39540,Eptesicus serotinus,0.007,0.026,-1,Echolocation,/mnt/ubna_data_01_mir/recover-20220825/UBNA_002/20220823_033000.WAV,Telephone Field,recover-20220825,002,1795
147.8375,147.8758,68437,81867,Rhinolophus ferrumequinum,0.021,0.021,-1,Echolocation,/mnt/ubna_data_01_mir/recover-20220825/UBNA_002/20220823_033000.WAV,Telephone Field,recover-20220825,002,1795
147.8635,147.8709,27187,37080,Eptesicus serotinus,0.01,0.026,-1,Echolocation,/mnt/ubna_data_01_mir/recover-20220825/UBNA_002/20220823_033000.WAV,Telephone Field,recover-20220825,002,1795
147.8725,147.9113,68437,82037,Rhinolophus ferrumequinum,0.027,0.027,-1,Echolocation,/mnt/ubna_data_01_mir/recover-20220825/UBNA_002/20220823_033000.WAV,Telephone Field,recover-20220825,002,1795
147.8975,147.9057,24609,33293,Eptesicus serotinus,0.009,0.035,-1,Echolocation,/mnt/ubna_data_01_mir/recover-20220825/UBNA_002/20220823_033000.WAV,Telephone Field,recover-20220825,002,1795
147.9115,147.9226,43515,50880,Pipistrellus pipistrellus,0.017,0.032,-1,Echolocation,/mnt/ubna_data_01_mir/recover-20220825/UBNA_002/20220823_033000.WAV,Telephone Field,recover-20220825,002,1795
147.9395,147.9817,68437,82390,Rhinolophus ferrumequinum,0.024,0.024,-1,Echolocation,/mnt/ubna_data_01_mir/recover-20220825/UBNA_002/20220823_033000.WAV,Telephone Field,recover-20220825,002,1795
147.9635,147.9687,33203,49273,Myotis daubentonii,0.022,0.048,-1,Echolocation,/mnt/ubna_data_01_mir/recover-20220825/UBNA_002/20220823_033000.WAV,Telephone Field,recover-20220825,002,1795
147.9845,147.9921,28906,42342,Eptesicus serotinus,0.008,0.024,-1,Echolocation,/mnt/ubna_data_01_mir/recover-20220825/UBNA_002/20220823_033000.WAV,Telephone Field,recover-20220825,002,1795
148.0015,148.0099,22890,29378,Nyctalus leisleri,0.008,0.023,-1,Echolocation,/mnt/ubna_data_01_mir/recover-20220825/UBNA_002/20220823_033000.WAV,Telephone Field,recover-20220825,002,1795
148.0015,148.0297,68437,79555,Rhinolophus ferrumequinum,0.028,0.028,-1,Echolocation,/mnt/ubna_data_01_mir/recover-20220825/UBNA_002/20220823_033000.WAV,Telephone Field,recover-20220825,002,1795
148.0015,148.0104,47812,53977,Pipistrellus pipistrellus,0.015,0.022,-1,Echolocation,/mnt/ubna_data_01_mir/recover-20220825/UBNA_002/20220823_033000.WAV,Telephone Field,recover-20220825,002,1795
148.01749999999998,148.0241,27187,42209,Eptesicus serotinus,0.008,0.027,-1,Echolocation,/mnt/ubna_data_01_mir/recover-20220825/UBNA_002/20220823_033000.WAV,Telephone Field,recover-20220825,002,1795
148.0385,148.0752,68437,82078,Rhinolophus ferrumequinum,0.022,0.022,-1,Echolocation,/mnt/ubna_data_01_mir/recover-20220825/UBNA_002/20220823_033000.WAV,Telephone Field,recover-20220825,002,1795
148.08350000000002,148.0924,28046,36588,Eptesicus serotinus,0.009,0.024,-1,Echolocation,/mnt/ubna_data_01_mir/recover-20220825/UBNA_002/20220823_033000.WAV,Telephone Field,recover-20220825,002,1795
148.0915,148.0999,27187,36954,Eptesicus serotinus,0.008,0.022,-1,Echolocation,/mnt/ubna_data_01_mir/recover-20220825/UBNA_002/20220823_033000.WAV,Telephone Field,recover-20220825,002,1795
148.1145,148.1527,68437,81872,Rhinolophus ferrumequinum,0.024,0.024,-1,Echolocation,/mnt/ubna_data_01_mir/recover-20220825/UBNA_002/20220823_033000.WAV,Telephone Field,recover-20220825,002,1795
148.1305,148.1684,68437,82487,Rhinolophus ferrumequinum,0.022,0.022,-1,Echolocation,/mnt/ubna_data_01_mir/recover-20220825/UBNA_002/20220823_033000.WAV,Telephone Field,recover-20220825,002,1795
148.1485,148.1578,28046,37191,Eptesicus serotinus,0.012,0.03,-1,Echolocation,/mnt/ubna_data_01_mir/recover-20220825/UBNA_002/20220823_033000.WAV,Telephone Field,recover-20220825,002,1795
148.1985,148.2358,68437,82263,Rhinolophus ferrumequinum,0.023,0.023,-1,Echolocation,/mnt/ubna_data_01_mir/recover-20220825/UBNA_002/20220823_033000.WAV,Telephone Field,recover-20220825,002,1795
148.2335,148.2416,27187,39440,Eptesicus serotinus,0.007,0.021,-1,Echolocation,/mnt/ubna_data_01_mir/recover-20220825/UBNA_002/20220823_033000.WAV,Telephone Field,recover-20220825,002,1795
148.2485,148.2841,68437,82141,Rhinolophus ferrumequinum,0.022,0.022,-1,Echolocation,/mnt/ubna_data_01_mir/recover-20220825/UBNA_002/20220823_033000.WAV,Telephone Field,recover-20220825,002,1795
148.2685,148.2772,28906,39422,Eptesicus serotinus,0.009,0.023,-1,Echolocation,/mnt/ubna_data_01_mir/recover-20220825/UBNA_002/20220823_033000.WAV,Telephone Field,recover-20220825,002,1795
148.2845,148.2916,28046,38929,Eptesicus serotinus,0.007,0.023,-1,Echolocation,/mnt/ubna_data_01_mir/recover-20220825/UBNA_002/20220823_033000.WAV,Telephone Field,recover-20220825,002,1795
148.33350000000002,148.3411,28046,40066,Eptesicus serotinus,0.006,0.021,-1,Echolocation,/mnt/ubna_data_01_mir/recover-20220825/UBNA_002/20220823_033000.WAV,Telephone Field,recover-20220825,002,1795
148.3635,148.3701,25468,38317,Plecotus austriacus,0.012,0.036,-1,Echolocation,/mnt/ubna_data_01_mir/recover-20220825/UBNA_002/20220823_033000.WAV,Telephone Field,recover-20220825,002,1795
148.4135,148.4517,68437,81758,Rhinolophus ferrumequinum,0.021,0.021,-1,Echolocation,/mnt/ubna_data_01_mir/recover-20220825/UBNA_002/20220823_033000.WAV,Telephone Field,recover-20220825,002,1795
148.4245,148.433,22890,29813,Plecotus austriacus,0.009,0.022,-1,Echolocation,/mnt/ubna_data_01_mir/recover-20220825/UBNA_002/20220823_033000.WAV,Telephone Field,recover-20220825,002,1795
148.4645,148.5039,68437,82854,Rhinolophus ferrumequinum,0.022,0.022,-1,Echolocation,/mnt/ubna_data_01_mir/recover-20220825/UBNA_002/20220823_033000.WAV,Telephone Field,recover-20220825,002,1795
148.4665,148.47390000000001,30625,52458,Myotis daubentonii,0.009,0.021,-1,Echolocation,/mnt/ubna_data_01_mir/recover-20220825/UBNA_002/20220823_033000.WAV,Telephone Field,recover-20220825,002,1795
148.4885,148.5301,68437,82499,Rhinolophus ferrumequinum,0.041,0.041,-1,Echolocation,/mnt/ubna_data_01_mir/recover-20220825/UBNA_002/20220823_033000.WAV,Telephone Field,recover-20220825,002,1795
148.5405,148.5506,25468,33125,Eptesicus serotinus,0.012,0.026,-1,Echolocation,/mnt/ubna_data_01_mir/recover-20220825/UBNA_002/20220823_033000.WAV,Telephone Field,recover-20220825,002,1795
148.5905,148.5991,24609,32562,Eptesicus serotinus,0.006,0.021,-1,Echolocation,/mnt/ubna_data_01_mir/recover-20220825/UBNA_002/20220823_033000.WAV,Telephone Field,recover-20220825,002,1795
148.6165,148.6548,68437,82389,Rhinolophus ferrumequinum,0.021,0.021,-1,Echolocation,/mnt/ubna_data_01_mir/recover-20220825/UBNA_002/20220823_033000.WAV,Telephone Field,recover-20220825,002,1795
148.6175,148.6319,55546,60885,Pipistrellus pygmaeus,0.022,0.023,-1,Echolocation,/mnt/ubna_data_01_mir/recover-20220825/UBNA_002/20220823_033000.WAV,Telephone Field,recover-20220825,002,1795
148.6745,148.714,68437,82365,Rhinolophus ferrumequinum,0.024,0.024,-1,Echolocation,/mnt/ubna_data_01_mir/recover-20220825/UBNA_002/20220823_033000.WAV,Telephone Field,recover-20220825,002,1795
148.7135,148.7225,28046,38220,Eptesicus serotinus,0.009,0.021,-1,Echolocation,/mnt/ubna_data_01_mir/recover-20220825/UBNA_002/20220823_033000.WAV,Telephone Field,recover-20220825,002,1795
148.7725,148.7815,26328,36892,Eptesicus serotinus,0.01,0.027,-1,Echolocation,/mnt/ubna_data_01_mir/recover-20220825/UBNA_002/20220823_033000.WAV,Telephone Field,recover-20220825,002,1795
148.8225,148.86520000000002,68437,83691,Rhinolophus ferrumequinum,0.033,0.033,-1,Echolocation,/mnt/ubna_data_01_mir/recover-20220825/UBNA_002/20220823_033000.WAV,Telephone Field,recover-20220825,002,1795
148.8235,148.8304,27187,38254,Eptesicus serotinus,0.007,0.027,-1,Echolocation,/mnt/ubna_data_01_mir/recover-20220825/UBNA_002/20220823_033000.WAV,Telephone Field,recover-20220825,002,1795
148.8715,148.9064,68437,81536,Rhinolophus ferrumequinum,0.021,0.021,-1,Echolocation,/mnt/ubna_data_01_mir/recover-20220825/UBNA_002/20220823_033000.WAV,Telephone Field,recover-20220825,002,1795
148.8815,148.8898,22890,31115,Plecotus austriacus,0.012,0.025,-1,Echolocation,/mnt/ubna_data_01_mir/recover-20220825/UBNA_002/20220823_033000.WAV,Telephone Field,recover-20220825,002,1795
148.8845,148.9197,68437,81930,Rhinolophus ferrumequinum,0.021,0.021,-1,Echolocation,/mnt/ubna_data_01_mir/recover-20220825/UBNA_002/20220823_033000.WAV,Telephone Field,recover-20220825,002,1795
148.8975,148.936,68437,81738,Rhinolophus ferrumequinum,0.025,0.025,-1,Echolocation,/mnt/ubna_data_01_mir/recover-20220825/UBNA_002/20220823_033000.WAV,Telephone Field,recover-20220825,002,1795
148.9665,149.0042,68437,81573,Rhinolophus ferrumequinum,0.021,0.021,-1,Echolocation,/mnt/ubna_data_01_mir/recover-20220825/UBNA_002/20220823_033000.WAV,Telephone Field,recover-20220825,002,1795
148.9675,148.9779,22890,28977,Nyctalus leisleri,0.009,0.022,-1,Echolocation,/mnt/ubna_data_01_mir/recover-20220825/UBNA_002/20220823_033000.WAV,Telephone Field,recover-20220825,002,1795
148.9995,149.008,28046,37824,Eptesicus serotinus,0.008,0.022,-1,Echolocation,/mnt/ubna_data_01_mir/recover-20220825/UBNA_002/20220823_033000.WAV,Telephone Field,recover-20220825,002,1795
149.0215,149.0618,68437,83019,Rhinolophus ferrumequinum,0.03,0.03,-1,Echolocation,/mnt/ubna_data_01_mir/recover-20220825/UBNA_002/20220823_033000.WAV,Telephone Field,recover-20220825,002,1795
149.0385,149.0451,25468,35203,Plecotus austriacus,0.01,0.029,-1,Echolocation,/mnt/ubna_data_01_mir/recover-20220825/UBNA_002/20220823_033000.WAV,Telephone Field,recover-20220825,002,1795
149.05349999999999,149.0639,27187,33944,Eptesicus serotinus,0.012,0.023,-1,Echolocation,/mnt/ubna_data_01_mir/recover-20220825/UBNA_002/20220823_033000.WAV,Telephone Field,recover-20220825,002,1795
149.0615,149.0709,28046,35905,Eptesicus serotinus,0.009,0.024,-1,Echolocation,/mnt/ubna_data_01_mir/recover-20220825/UBNA_002/20220823_033000.WAV,Telephone Field,recover-20220825,002,1795
149.0675,149.0754,28046,43697,Eptesicus serotinus,0.008,0.022,-1,Echolocation,/mnt/ubna_data_01_mir/recover-20220825/UBNA_002/20220823_033000.WAV,Telephone Field,recover-20220825,002,1795
149.08350000000002,149.1195,68437,81948,Rhinolophus ferrumequinum,0.022,0.022,-1,Echolocation,/mnt/ubna_data_01_mir/recover-20220825/UBNA_002/20220823_033000.WAV,Telephone Field,recover-20220825,002,1795
149.0895,149.128,68437,82005,Rhinolophus ferrumequinum,0.023,0.023,-1,Echolocation,/mnt/ubna_data_01_mir/recover-20220825/UBNA_002/20220823_033000.WAV,Telephone Field,recover-20220825,002,1795
149.1005,149.1405,68437,83236,Rhinolophus ferrumequinum,0.027,0.027,-1,Echolocation,/mnt/ubna_data_01_mir/recover-20220825/UBNA_002/20220823_033000.WAV,Telephone Field,recover-20220825,002,1795
149.1145,149.1546,68437,82899,Rhinolophus ferrumequinum,0.022,0.022,-1,Echolocation,/mnt/ubna_data_01_mir/recover-20220825/UBNA_002/20220823_033000.WAV,Telephone Field,recover-20220825,002,1795
149.1165,149.12369999999999,27187,41210,Eptesicus serotinus,0.006,0.021,-1,Echolocation,/mnt/ubna_data_01_mir/recover-20220825/UBNA_002/20220823_033000.WAV,Telephone Field,recover-20220825,002,1795
149.1345,149.1415,25468,35263,Plecotus austriacus,0.006,0.024,-1,Echolocation,/mnt/ubna_data_01_mir/recover-20220825/UBNA_002/20220823_033000.WAV,Telephone Field,recover-20220825,002,1795
149.14249999999998,149.18,68437,82531,Rhinolophus ferrumequinum,0.022,0.022,-1,Echolocation,/mnt/ubna_data_01_mir/recover-20220825/UBNA_002/20220823_033000.WAV,Telephone Field,recover-20220825,002,1795
149.1505,149.1583,30625,42615,Myotis daubentonii,0.008,0.023,-1,Echolocation,/mnt/ubna_data_01_mir/recover-20220825/UBNA_002/20220823_033000.WAV,Telephone Field,recover-20220825,002,1795
149.1565,149.1647,49531,56549,Pipistrellus pipistrellus,0.018,0.022,-1,Echolocation,/mnt/ubna_data_01_mir/recover-20220825/UBNA_002/20220823_033000.WAV,Telephone Field,recover-20220825,002,1795
149.2265,149.2362,27187,37889,Eptesicus serotinus,0.011,0.024,-1,Echolocation,/mnt/ubna_data_01_mir/recover-20220825/UBNA_002/20220823_033000.WAV,Telephone Field,recover-20220825,002,1795
149.2345,149.2427,28046,37741,Eptesicus serotinus,0.008,0.023,-1,Echolocation,/mnt/ubna_data_01_mir/recover-20220825/UBNA_002/20220823_033000.WAV,Telephone Field,recover-20220825,002,1795
149.3765,149.4172,68437,82008,Rhinolophus ferrumequinum,0.028,0.028,-1,Echolocation,/mnt/ubna_data_01_mir/recover-20220825/UBNA_002/20220823_033000.WAV,Telephone Field,recover-20220825,002,1795
149.3975,149.4308,68437,81647,Rhinolophus ferrumequinum,0.022,0.022,-1,Echolocation,/mnt/ubna_data_01_mir/recover-20220825/UBNA_002/20220823_033000.WAV,Telephone Field,recover-20220825,002,1795
149.4095,149.4188,23750,30837,Nyctalus leisleri,0.007,0.023,-1,Echolocation,/mnt/ubna_data_01_mir/recover-20220825/UBNA_002/20220823_033000.WAV,Telephone Field,recover-20220825,002,1795
149.4095,149.45080000000002,68437,82652,Rhinolophus ferrumequinum,0.023,0.023,-1,Echolocation,/mnt/ubna_data_01_mir/recover-20220825/UBNA_002/20220823_033000.WAV,Telephone Field,recover-20220825,002,1795
149.4475,149.4543,27187,40264,Eptesicus serotinus,0.006,0.024,-1,Echolocation,/mnt/ubna_data_01_mir/recover-20220825/UBNA_002/20220823_033000.WAV,Telephone Field,recover-20220825,002,1795
149.4675,149.5057,68437,81888,Rhinolophus ferrumequinum,0.021,0.021,-1,Echolocation,/mnt/ubna_data_01_mir/recover-20220825/UBNA_002/20220823_033000.WAV,Telephone Field,recover-20220825,002,1795
149.4695,149.478,28046,39226,Eptesicus serotinus,0.008,0.022,-1,Echolocation,/mnt/ubna_data_01_mir/recover-20220825/UBNA_002/20220823_033000.WAV,Telephone Field,recover-20220825,002,1795
149.4875,149.5267,68437,82589,Rhinolophus ferrumequinum,0.022,0.022,-1,Echolocation,/mnt/ubna_data_01_mir/recover-20220825/UBNA_002/20220823_033000.WAV,Telephone Field,recover-20220825,002,1795
149.5335,149.5713,68437,82358,Rhinolophus ferrumequinum,0.028,0.028,-1,Echolocation,/mnt/ubna_data_01_mir/recover-20220825/UBNA_002/20220823_033000.WAV,Telephone Field,recover-20220825,002,1795
149.5395,149.549,22031,27189,Nyctalus leisleri,0.009,0.021,-1,Echolocation,/mnt/ubna_data_01_mir/recover-20220825/UBNA_002/20220823_033000.WAV,Telephone Field,recover-20220825,002,1795
149.5465,149.5598,36640,42193,Pipistrellus nathusii,0.016,0.031,-1,Echolocation,/mnt/ubna_data_01_mir/recover-20220825/UBNA_002/20220823_033000.WAV,Telephone Field,recover-20220825,002,1795
149.5495,149.58859999999999,68437,82471,Rhinolophus ferrumequinum,0.021,0.021,-1,Echolocation,/mnt/ubna_data_01_mir/recover-20220825/UBNA_002/20220823_033000.WAV,Telephone Field,recover-20220825,002,1795
149.5755,149.5829,28046,38893,Eptesicus serotinus,0.007,0.022,-1,Echolocation,/mnt/ubna_data_01_mir/recover-20220825/UBNA_002/20220823_033000.WAV,Telephone Field,recover-20220825,002,1795
149.5945,149.6019,23750,32104,Plecotus austriacus,0.008,0.021,-1,Echolocation,/mnt/ubna_data_01_mir/recover-20220825/UBNA_002/20220823_033000.WAV,Telephone Field,recover-20220825,002,1795
149.6135,149.6204,49531,57100,Pipistrellus pipistrellus,0.026,0.029,-1,Echolocation,/mnt/ubna_data_01_mir/recover-20220825/UBNA_002/20220823_033000.WAV,Telephone Field,recover-20220825,002,1795
149.6155,149.6544,68437,81852,Rhinolophus ferrumequinum,0.021,0.021,-1,Echolocation,/mnt/ubna_data_01_mir/recover-20220825/UBNA_002/20220823_033000.WAV,Telephone Field,recover-20220825,002,1795
149.6235,149.63139999999999,28906,39262,Eptesicus serotinus,0.008,0.022,-1,Echolocation,/mnt/ubna_data_01_mir/recover-20220825/UBNA_002/20220823_033000.WAV,Telephone Field,recover-20220825,002,1795
149.6255,149.6605,68437,81710,Rhinolophus ferrumequinum,0.021,0.022,-1,Echolocation,/mnt/ubna_data_01_mir/recover-20220825/UBNA_002/20220823_033000.WAV,Telephone Field,recover-20220825,002,1795
149.6395,149.6499,50390,56351,Pipistrellus pipistrellus,0.019,0.022,-1,Echolocation,/mnt/ubna_data_01_mir/recover-20220825/UBNA_002/20220823_033000.WAV,Telephone Field,recover-20220825,002,1795
149.64249999999998,149.6517,25468,34291,Eptesicus serotinus,0.01,0.025,-1,Echolocation,/mnt/ubna_data_01_mir/recover-20220825/UBNA_002/20220823_033000.WAV,Telephone Field,recover-20220825,002,1795
149.6795,149.6897,23750,29916,Nyctalus leisleri,0.01,0.026,-1,Echolocation,/mnt/ubna_data_01_mir/recover-20220825/UBNA_002/20220823_033000.WAV,Telephone Field,recover-20220825,002,1795
149.6825,149.7231,68437,82884,Rhinolophus ferrumequinum,0.022,0.022,-1,Echolocation,/mnt/ubna_data_01_mir/recover-20220825/UBNA_002/20220823_033000.WAV,Telephone Field,recover-20220825,002,1795
149.7595,149.76760000000002,22890,30576,Plecotus austriacus,0.013,0.03,-1,Echolocation,/mnt/ubna_data_01_mir/recover-20220825/UBNA_002/20220823_033000.WAV,Telephone Field,recover-20220825,002,1795
149.7985,149.8362,68437,82810,Rhinolophus ferrumequinum,0.027,0.027,-1,Echolocation,/mnt/ubna_data_01_mir/recover-20220825/UBNA_002/20220823_033000.WAV,Telephone Field,recover-20220825,002,1795
149.8005,149.8129,28046,34781,Eptesicus serotinus,0.012,0.025,-1,Echolocation,/mnt/ubna_data_01_mir/recover-20220825/UBNA_002/20220823_033000.WAV,Telephone Field,recover-20220825,002,1795
149.8135,149.8289,23750,28375,Nyctalus leisleri,0.015,0.03,-1,Echolocation,/mnt/ubna_data_01_mir/recover-20220825/UBNA_002/20220823_033000.WAV,Telephone Field,recover-20220825,002,1795
149.8355,149.8438,28046,41567,Eptesicus serotinus,0.009,0.027,-1,Echolocation,/mnt/ubna_data_01_mir/recover-20220825/UBNA_002/20220823_033000.WAV,Telephone Field,recover-20220825,002,1795
149.8385,149.8786,68437,82652,Rhinolophus ferrumequinum,0.023,0.023,-1,Echolocation,/mnt/ubna_data_01_mir/recover-20220825/UBNA_002/20220823_033000.WAV,Telephone Field,recover-20220825,002,1795
149.8645,149.905,68437,82948,Rhinolophus ferrumequinum,0.021,0.021,-1,Echolocation,/mnt/ubna_data_01_mir/recover-20220825/UBNA_002/20220823_033000.WAV,Telephone Field,recover-20220825,002,1795
149.8715,149.8807,25468,33644,Eptesicus serotinus,0.009,0.022,-1,Echolocation,/mnt/ubna_data_01_mir/recover-20220825/UBNA_002/20220823_033000.WAV,Telephone Field,recover-20220825,002,1795
149.92849999999999,149.9605,68437,81113,Rhinolophus ferrumequinum,0.023,0.023,-1,Echolocation,/mnt/ubna_data_01_mir/recover-20220825/UBNA_002/20220823_033000.WAV,Telephone Field,recover-20220825,002,1795
149.9405,149.98239999999998,68437,82916,Rhinolophus ferrumequinum,0.026,0.026,-1,Echolocation,/mnt/ubna_data_01_mir/recover-20220825/UBNA_002/20220823_033000.WAV,Telephone Field,recover-20220825,002,1795
150.0015,150.0102,47812,53897,Pipistrellus pipistrellus,0.017,0.022,-1,Echolocation,/mnt/ubna_data_01_mir/recover-20220825/UBNA_002/20220823_033000.WAV,Telephone Field,recover-20220825,002,1795
150.0015,150.031,68437,78995,Rhinolophus ferrumequinum,0.028,0.028,-1,Echolocation,/mnt/ubna_data_01_mir/recover-20220825/UBNA_002/20220823_033000.WAV,Telephone Field,recover-20220825,002,1795
150.0015,150.0142,21171,26041,Nyctalus leisleri,0.012,0.028,-1,Echolocation,/mnt/ubna_data_01_mir/recover-20220825/UBNA_002/20220823_033000.WAV,Telephone Field,recover-20220825,002,1795
150.0085,150.0501,68437,82087,Rhinolophus ferrumequinum,0.029,0.029,-1,Echolocation,/mnt/ubna_data_01_mir/recover-20220825/UBNA_002/20220823_033000.WAV,Telephone Field,recover-20220825,002,1795
150.0465,150.0572,28046,37276,Eptesicus serotinus,0.014,0.027,-1,Echolocation,/mnt/ubna_data_01_mir/recover-20220825/UBNA_002/20220823_033000.WAV,Telephone Field,recover-20220825,002,1795
150.1395,150.1809,68437,82946,Rhinolophus ferrumequinum,0.027,0.027,-1,Echolocation,/mnt/ubna_data_01_mir/recover-20220825/UBNA_002/20220823_033000.WAV,Telephone Field,recover-20220825,002,1795
150.1405,150.1483,28046,37407,Eptesicus serotinus,0.009,0.026,-1,Echolocation,/mnt/ubna_data_01_mir/recover-20220825/UBNA_002/20220823_033000.WAV,Telephone Field,recover-20220825,002,1795
150.1415,150.1496,23750,32249,Plecotus austriacus,0.01,0.026,-1,Echolocation,/mnt/ubna_data_01_mir/recover-20220825/UBNA_002/20220823_033000.WAV,Telephone Field,recover-20220825,002,1795
150.1925,150.2005,28046,40700,Eptesicus serotinus,0.008,0.024,-1,Echolocation,/mnt/ubna_data_01_mir/recover-20220825/UBNA_002/20220823_033000.WAV,Telephone Field,recover-20220825,002,1795
150.1945,150.2049,44375,48772,Pipistrellus pipistrellus,0.044,0.059,-1,Echolocation,/mnt/ubna_data_01_mir/recover-20220825/UBNA_002/20220823_033000.WAV,Telephone Field,recover-20220825,002,1795
150.2235,150.231,28046,45047,Eptesicus serotinus,0.007,0.023,-1,Echolocation,/mnt/ubna_data_01_mir/recover-20220825/UBNA_002/20220823_033000.WAV,Telephone Field,recover-20220825,002,1795
150.2535,150.2618,28046,38724,Eptesicus serotinus,0.008,0.023,-1,Echolocation,/mnt/ubna_data_01_mir/recover-20220825/UBNA_002/20220823_033000.WAV,Telephone Field,recover-20220825,002,1795
150.3245,150.3662,68437,82871,Rhinolophus ferrumequinum,0.025,0.025,-1,Echolocation,/mnt/ubna_data_01_mir/recover-20220825/UBNA_002/20220823_033000.WAV,Telephone Field,recover-20220825,002,1795
150.3265,150.3354,25468,33818,Eptesicus serotinus,0.008,0.022,-1,Echolocation,/mnt/ubna_data_01_mir/recover-20220825/UBNA_002/20220823_033000.WAV,Telephone Field,recover-20220825,002,1795
150.3425,150.3508,28046,38132,Eptesicus serotinus,0.008,0.026,-1,Echolocation,/mnt/ubna_data_01_mir/recover-20220825/UBNA_002/20220823_033000.WAV,Telephone Field,recover-20220825,002,1795
150.3545,150.3624,28046,37179,Eptesicus serotinus,0.011,0.026,-1,Echolocation,/mnt/ubna_data_01_mir/recover-20220825/UBNA_002/20220823_033000.WAV,Telephone Field,recover-20220825,002,1795
150.3765,150.384,22890,31414,Plecotus austriacus,0.012,0.025,-1,Echolocation,/mnt/ubna_data_01_mir/recover-20220825/UBNA_002/20220823_033000.WAV,Telephone Field,recover-20220825,002,1795
150.4145,150.4579,68437,82887,Rhinolophus ferrumequinum,0.03,0.03,-1,Echolocation,/mnt/ubna_data_01_mir/recover-20220825/UBNA_002/20220823_033000.WAV,Telephone Field,recover-20220825,002,1795
150.4435,150.482,68437,82217,Rhinolophus ferrumequinum,0.028,0.028,-1,Echolocation,/mnt/ubna_data_01_mir/recover-20220825/UBNA_002/20220823_033000.WAV,Telephone Field,recover-20220825,002,1795
150.4835,150.4925,28046,39442,Eptesicus serotinus,0.009,0.024,-1,Echolocation,/mnt/ubna_data_01_mir/recover-20220825/UBNA_002/20220823_033000.WAV,Telephone Field,recover-20220825,002,1795
150.4975,150.5363,68437,82129,Rhinolophus ferrumequinum,0.023,0.023,-1,Echolocation,/mnt/ubna_data_01_mir/recover-20220825/UBNA_002/20220823_033000.WAV,Telephone Field,recover-20220825,002,1795
150.5105,150.518,25468,34967,Eptesicus serotinus,0.006,0.023,-1,Echolocation,/mnt/ubna_data_01_mir/recover-20220825/UBNA_002/20220823_033000.WAV,Telephone Field,recover-20220825,002,1795
150.5245,150.5646,68437,82269,Rhinolophus ferrumequinum,0.023,0.023,-1,Echolocation,/mnt/ubna_data_01_mir/recover-20220825/UBNA_002/20220823_033000.WAV,Telephone Field,recover-20220825,002,1795
150.5505,150.5566,40078,50334,Myotis daubentonii,0.011,0.027,-1,Echolocation,/mnt/ubna_data_01_mir/recover-20220825/UBNA_002/20220823_033000.WAV,Telephone Field,recover-20220825,002,1795
150.5565,150.5974,68437,83306,Rhinolophus ferrumequinum,0.03,0.03,-1,Echolocation,/mnt/ubna_data_01_mir/recover-20220825/UBNA_002/20220823_033000.WAV,Telephone Field,recover-20220825,002,1795
150.5705,150.6095,68437,82091,Rhinolophus ferrumequinum,0.023,0.023,-1,Echolocation,/mnt/ubna_data_01_mir/recover-20220825/UBNA_002/20220823_033000.WAV,Telephone Field,recover-20220825,002,1795
150.5755,150.582,27187,36762,Eptesicus serotinus,0.007,0.024,-1,Echolocation,/mnt/ubna_data_01_mir/recover-20220825/UBNA_002/20220823_033000.WAV,Telephone Field,recover-20220825,002,1795
150.6085,150.6177,25468,33288,Eptesicus serotinus,0.009,0.025,-1,Echolocation,/mnt/ubna_data_01_mir/recover-20220825/UBNA_002/20220823_033000.WAV,Telephone Field,recover-20220825,002,1795
150.6285,150.6737,68437,83704,Rhinolophus ferrumequinum,0.053,0.053,-1,Echolocation,/mnt/ubna_data_01_mir/recover-20220825/UBNA_002/20220823_033000.WAV,Telephone Field,recover-20220825,002,1795
150.6435,150.6502,27187,40792,Eptesicus serotinus,0.006,0.024,-1,Echolocation,/mnt/ubna_data_01_mir/recover-20220825/UBNA_002/20220823_033000.WAV,Telephone Field,recover-20220825,002,1795
150.6595,150.7007,68437,82156,Rhinolophus ferrumequinum,0.027,0.027,-1,Echolocation,/mnt/ubna_data_01_mir/recover-20220825/UBNA_002/20220823_033000.WAV,Telephone Field,recover-20220825,002,1795
150.6675,150.6788,23750,29427,Nyctalus leisleri,0.017,0.036,-1,Echolocation,/mnt/ubna_data_01_mir/recover-20220825/UBNA_002/20220823_033000.WAV,Telephone Field,recover-20220825,002,1795
150.7025,150.7095,23750,33711,Plecotus austriacus,0.01,0.027,-1,Echolocation,/mnt/ubna_data_01_mir/recover-20220825/UBNA_002/20220823_033000.WAV,Telephone Field,recover-20220825,002,1795
150.7115,150.7515,68437,83100,Rhinolophus ferrumequinum,0.024,0.024,-1,Echolocation,/mnt/ubna_data_01_mir/recover-20220825/UBNA_002/20220823_033000.WAV,Telephone Field,recover-20220825,002,1795
150.7235,150.7644,68437,83171,Rhinolophus ferrumequinum,0.034,0.034,-1,Echolocation,/mnt/ubna_data_01_mir/recover-20220825/UBNA_002/20220823_033000.WAV,Telephone Field,recover-20220825,002,1795
150.7365,150.748,23750,29193,Nyctalus leisleri,0.013,0.028,-1,Echolocation,/mnt/ubna_data_01_mir/recover-20220825/UBNA_002/20220823_033000.WAV,Telephone Field,recover-20220825,002,1795
150.7435,150.7843,68437,83132,Rhinolophus ferrumequinum,0.029,0.029,-1,Echolocation,/mnt/ubna_data_01_mir/recover-20220825/UBNA_002/20220823_033000.WAV,Telephone Field,recover-20220825,002,1795
150.7835,150.7927,50390,56065,Pipistrellus pipistrellus,0.021,0.028,-1,Echolocation,/mnt/ubna_data_01_mir/recover-20220825/UBNA_002/20220823_033000.WAV,Telephone Field,recover-20220825,002,1795
150.7915,150.8021,25468,31907,Eptesicus serotinus,0.015,0.037,-1,Echolocation,/mnt/ubna_data_01_mir/recover-20220825/UBNA_002/20220823_033000.WAV,Telephone Field,recover-20220825,002,1795
150.8175,150.8564,68437,82523,Rhinolophus ferrumequinum,0.023,0.023,-1,Echolocation,/mnt/ubna_data_01_mir/recover-20220825/UBNA_002/20220823_033000.WAV,Telephone Field,recover-20220825,002,1795
150.8265,150.8598,68437,80933,Rhinolophus ferrumequinum,0.024,0.024,-1,Echolocation,/mnt/ubna_data_01_mir/recover-20220825/UBNA_002/20220823_033000.WAV,Telephone Field,recover-20220825,002,1795
150.8425,150.8514,28046,40939,Eptesicus serotinus,0.014,0.03,-1,Echolocation,/mnt/ubna_data_01_mir/recover-20220825/UBNA_002/20220823_033000.WAV,Telephone Field,recover-20220825,002,1795
150.8705,150.9089,68437,82177,Rhinolophus ferrumequinum,0.024,0.024,-1,Echolocation,/mnt/ubna_data_01_mir/recover-20220825/UBNA_002/20220823_033000.WAV,Telephone Field,recover-20220825,002,1795
150.8775,150.9182,68437,83292,Rhinolophus ferrumequinum,0.027,0.027,-1,Echolocation,/mnt/ubna_data_01_mir/recover-20220825/UBNA_002/20220823_033000.WAV,Telephone Field,recover-20220825,002,1795
150.9015,150.9097,28046,39615,Eptesicus serotinus,0.009,0.023,-1,Echolocation,/mnt/ubna_data_01_mir/recover-20220825/UBNA_002/20220823_033000.WAV,Telephone Field,recover-20220825,002,1795
150.9505,150.9578,28046,39704,Eptesicus serotinus,0.007,0.022,-1,Echolocation,/mnt/ubna_data_01_mir/recover-20220825/UBNA_002/20220823_033000.WAV,Telephone Field,recover-20220825,002,1795
150.9765,150.9917,22890,28441,Nyctalus leisleri,0.031,0.067,-1,Echolocation,/mnt/ubna_data_01_mir/recover-20220825/UBNA_002/20220823_033000.WAV,Telephone Field,recover-20220825,002,1795
151.0245,151.034,28906,39068,Eptesicus serotinus,0.01,0.026,-1,Echolocation,/mnt/ubna_data_01_mir/recover-20220825/UBNA_002/20220823_033000.WAV,Telephone Field,recover-20220825,002,1795
151.0475,151.0863,68437,82189,Rhinolophus ferrumequinum,0.023,0.023,-1,Echolocation,/mnt/ubna_data_01_mir/recover-20220825/UBNA_002/20220823_033000.WAV,Telephone Field,recover-20220825,002,1795
151.0515,151.06,27187,42242,Eptesicus serotinus,0.009,0.024,-1,Echolocation,/mnt/ubna_data_01_mir/recover-20220825/UBNA_002/20220823_033000.WAV,Telephone Field,recover-20220825,002,1795
151.0795,151.118,68437,81944,Rhinolophus ferrumequinum,0.023,0.023,-1,Echolocation,/mnt/ubna_data_01_mir/recover-20220825/UBNA_002/20220823_033000.WAV,Telephone Field,recover-20220825,002,1795
151.0805,151.0894,28046,38686,Eptesicus serotinus,0.011,0.027,-1,Echolocation,/mnt/ubna_data_01_mir/recover-20220825/UBNA_002/20220823_033000.WAV,Telephone Field,recover-20220825,002,1795
151.1065,151.1133,49531,57443,Pipistrellus pipistrellus,0.021,0.025,-1,Echolocation,/mnt/ubna_data_01_mir/recover-20220825/UBNA_002/20220823_033000.WAV,Telephone Field,recover-20220825,002,1795
151.1325,151.14,26328,41177,Eptesicus serotinus,0.007,0.024,-1,Echolocation,/mnt/ubna_data_01_mir/recover-20220825/UBNA_002/20220823_033000.WAV,Telephone Field,recover-20220825,002,1795
151.1715,151.2108,68437,82523,Rhinolophus ferrumequinum,0.024,0.024,-1,Echolocation,/mnt/ubna_data_01_mir/recover-20220825/UBNA_002/20220823_033000.WAV,Telephone Field,recover-20220825,002,1795
151.1815,151.2226,68437,82799,Rhinolophus ferrumequinum,0.023,0.023,-1,Echolocation,/mnt/ubna_data_01_mir/recover-20220825/UBNA_002/20220823_033000.WAV,Telephone Field,recover-20220825,002,1795
151.1995,151.2077,28046,38682,Eptesicus serotinus,0.007,0.024,-1,Echolocation,/mnt/ubna_data_01_mir/recover-20220825/UBNA_002/20220823_033000.WAV,Telephone Field,recover-20220825,002,1795
151.2055,151.2429,68437,82254,Rhinolophus ferrumequinum,0.022,0.022,-1,Echolocation,/mnt/ubna_data_01_mir/recover-20220825/UBNA_002/20220823_033000.WAV,Telephone Field,recover-20220825,002,1795
151.2185,151.234,22890,27351,Nyctalus leisleri,0.026,0.047,-1,Echolocation,/mnt/ubna_data_01_mir/recover-20220825/UBNA_002/20220823_033000.WAV,Telephone Field,recover-20220825,002,1795
151.2675,151.2749,28046,41127,Eptesicus serotinus,0.009,0.028,-1,Echolocation,/mnt/ubna_data_01_mir/recover-20220825/UBNA_002/20220823_033000.WAV,Telephone Field,recover-20220825,002,1795
151.2935,151.305,22031,27117,Nyctalus leisleri,0.01,0.023,-1,Echolocation,/mnt/ubna_data_01_mir/recover-20220825/UBNA_002/20220823_033000.WAV,Telephone Field,recover-20220825,002,1795
151.3555,151.3971,68437,83400,Rhinolophus ferrumequinum,0.025,0.025,-1,Echolocation,/mnt/ubna_data_01_mir/recover-20220825/UBNA_002/20220823_033000.WAV,Telephone Field,recover-20220825,002,1795
151.3945,151.4365,68437,82475,Rhinolophus ferrumequinum,0.026,0.026,-1,Echolocation,/mnt/ubna_data_01_mir/recover-20220825/UBNA_002/20220823_033000.WAV,Telephone Field,recover-20220825,002,1795
151.4025,151.4448,68437,82668,Rhinolophus ferrumequinum,0.025,0.025,-1,Echolocation,/mnt/ubna_data_01_mir/recover-20220825/UBNA_002/20220823_033000.WAV,Telephone Field,recover-20220825,002,1795
151.4065,151.4156,22031,29193,Plecotus austriacus,0.011,0.027,-1,Echolocation,/mnt/ubna_data_01_mir/recover-20220825/UBNA_002/20220823_033000.WAV,Telephone Field,recover-20220825,002,1795
151.4335,151.4421,28046,41860,Eptesicus serotinus,0.009,0.023,-1,Echolocation,/mnt/ubna_data_01_mir/recover-20220825/UBNA_002/20220823_033000.WAV,Telephone Field,recover-20220825,002,1795
151.4415,151.449,48671,53312,Pipistrellus pipistrellus,0.026,0.029,-1,Echolocation,/mnt/ubna_data_01_mir/recover-20220825/UBNA_002/20220823_033000.WAV,Telephone Field,recover-20220825,002,1795
151.4635,151.4721,28046,36352,Eptesicus serotinus,0.008,0.023,-1,Echolocation,/mnt/ubna_data_01_mir/recover-20220825/UBNA_002/20220823_033000.WAV,Telephone Field,recover-20220825,002,1795
151.4725,151.4795,26328,40215,Eptesicus serotinus,0.006,0.028,-1,Echolocation,/mnt/ubna_data_01_mir/recover-20220825/UBNA_002/20220823_033000.WAV,Telephone Field,recover-20220825,002,1795
151.4745,151.5141,68437,82120,Rhinolophus ferrumequinum,0.022,0.022,-1,Echolocation,/mnt/ubna_data_01_mir/recover-20220825/UBNA_002/20220823_033000.WAV,Telephone Field,recover-20220825,002,1795
151.4845,151.5253,68437,83222,Rhinolophus ferrumequinum,0.024,0.024,-1,Echolocation,/mnt/ubna_data_01_mir/recover-20220825/UBNA_002/20220823_033000.WAV,Telephone Field,recover-20220825,002,1795
151.5015,151.5124,23750,29425,Nyctalus leisleri,0.01,0.024,-1,Echolocation,/mnt/ubna_data_01_mir/recover-20220825/UBNA_002/20220823_033000.WAV,Telephone Field,recover-20220825,002,1795
151.5335,151.5758,68437,82519,Rhinolophus ferrumequinum,0.027,0.027,-1,Echolocation,/mnt/ubna_data_01_mir/recover-20220825/UBNA_002/20220823_033000.WAV,Telephone Field,recover-20220825,002,1795
151.5385,151.5795,68437,82870,Rhinolophus ferrumequinum,0.027,0.027,-1,Echolocation,/mnt/ubna_data_01_mir/recover-20220825/UBNA_002/20220823_033000.WAV,Telephone Field,recover-20220825,002,1795
151.5675,151.6098,68437,83039,Rhinolophus ferrumequinum,0.026,0.026,-1,Echolocation,/mnt/ubna_data_01_mir/recover-20220825/UBNA_002/20220823_033000.WAV,Telephone Field,recover-20220825,002,1795
151.5685,151.5774,27187,40588,Eptesicus serotinus,0.01,0.026,-1,Echolocation,/mnt/ubna_data_01_mir/recover-20220825/UBNA_002/20220823_033000.WAV,Telephone Field,recover-20220825,002,1795
151.6095,151.6273,20312,24558,Nyctalus noctula,0.011,0.024,-1,Echolocation,/mnt/ubna_data_01_mir/recover-20220825/UBNA_002/20220823_033000.WAV,Telephone Field,recover-20220825,002,1795
151.6155,151.6226,28046,41367,Eptesicus serotinus,0.007,0.024,-1,Echolocation,/mnt/ubna_data_01_mir/recover-20220825/UBNA_002/20220823_033000.WAV,Telephone Field,recover-20220825,002,1795
151.6345,151.6735,68437,81898,Rhinolophus ferrumequinum,0.023,0.023,-1,Echolocation,/mnt/ubna_data_01_mir/recover-20220825/UBNA_002/20220823_033000.WAV,Telephone Field,recover-20220825,002,1795
151.6465,151.681,68437,81489,Rhinolophus ferrumequinum,0.022,0.022,-1,Echolocation,/mnt/ubna_data_01_mir/recover-20220825/UBNA_002/20220823_033000.WAV,Telephone Field,recover-20220825,002,1795
151.7265,151.7658,68437,82459,Rhinolophus ferrumequinum,0.023,0.023,-1,Echolocation,/mnt/ubna_data_01_mir/recover-20220825/UBNA_002/20220823_033000.WAV,Telephone Field,recover-20220825,002,1795
151.7465,151.7865,68437,82308,Rhinolophus ferrumequinum,0.023,0.023,-1,Echolocation,/mnt/ubna_data_01_mir/recover-20220825/UBNA_002/20220823_033000.WAV,Telephone Field,recover-20220825,002,1795
151.7555,151.7911,68437,82423,Rhinolophus ferrumequinum,0.023,0.023,-1,Echolocation,/mnt/ubna_data_01_mir/recover-20220825/UBNA_002/20220823_033000.WAV,Telephone Field,recover-20220825,002,1795
151.7705,151.7808,28046,37785,Eptesicus serotinus,0.01,0.024,-1,Echolocation,/mnt/ubna_data_01_mir/recover-20220825/UBNA_002/20220823_033000.WAV,Telephone Field,recover-20220825,002,1795
151.7885,151.8262,68437,82121,Rhinolophus ferrumequinum,0.023,0.023,-1,Echolocation,/mnt/ubna_data_01_mir/recover-20220825/UBNA_002/20220823_033000.WAV,Telephone Field,recover-20220825,002,1795
151.8095,151.8185,28046,38900,Eptesicus serotinus,0.009,0.024,-1,Echolocation,/mnt/ubna_data_01_mir/recover-20220825/UBNA_002/20220823_033000.WAV,Telephone Field,recover-20220825,002,1795
151.8895,151.8969,55546,63681,Pipistrellus pygmaeus,0.031,0.033,-1,Echolocation,/mnt/ubna_data_01_mir/recover-20220825/UBNA_002/20220823_033000.WAV,Telephone Field,recover-20220825,002,1795
151.9795,151.9884,22890,30195,Plecotus austriacus,0.008,0.023,-1,Echolocation,/mnt/ubna_data_01_mir/recover-20220825/UBNA_002/20220823_033000.WAV,Telephone Field,recover-20220825,002,1795
152.0015,152.0084,46953,51290,Pipistrellus pipistrellus,0.019,0.023,-1,Echolocation,/mnt/ubna_data_01_mir/recover-20220825/UBNA_002/20220823_033000.WAV,Telephone Field,recover-20220825,002,1795
152.0015,152.0102,22031,30346,Nyctalus leisleri,0.009,0.029,-1,Echolocation,/mnt/ubna_data_01_mir/recover-20220825/UBNA_002/20220823_033000.WAV,Telephone Field,recover-20220825,002,1795
152.0015,152.0309,69296,81403,Rhinolophus ferrumequinum,0.022,0.022,-1,Echolocation,/mnt/ubna_data_01_mir/recover-20220825/UBNA_002/20220823_033000.WAV,Telephone Field,recover-20220825,002,1795
152.0325,152.0386,27187,42703,Myotis daubentonii,0.005,0.024,-1,Echolocation,/mnt/ubna_data_01_mir/recover-20220825/UBNA_002/20220823_033000.WAV,Telephone Field,recover-20220825,002,1795
152.0685,152.0823,34062,39587,Pipistrellus nathusii,0.014,0.027,-1,Echolocation,/mnt/ubna_data_01_mir/recover-20220825/UBNA_002/20220823_033000.WAV,Telephone Field,recover-20220825,002,1795
152.1085,152.1493,68437,83068,Rhinolophus ferrumequinum,0.032,0.032,-1,Echolocation,/mnt/ubna_data_01_mir/recover-20220825/UBNA_002/20220823_033000.WAV,Telephone Field,recover-20220825,002,1795
152.1285,152.1702,68437,82933,Rhinolophus ferrumequinum,0.03,0.03,-1,Echolocation,/mnt/ubna_data_01_mir/recover-20220825/UBNA_002/20220823_033000.WAV,Telephone Field,recover-20220825,002,1795
152.1575,152.1667,25468,33701,Eptesicus serotinus,0.01,0.025,-1,Echolocation,/mnt/ubna_data_01_mir/recover-20220825/UBNA_002/20220823_033000.WAV,Telephone Field,recover-20220825,002,1795
152.2295,152.2663,68437,81709,Rhinolophus ferrumequinum,0.023,0.023,-1,Echolocation,/mnt/ubna_data_01_mir/recover-20220825/UBNA_002/20220823_033000.WAV,Telephone Field,recover-20220825,002,1795
152.2325,152.2434,22890,28273,Nyctalus leisleri,0.01,0.023,-1,Echolocation,/mnt/ubna_data_01_mir/recover-20220825/UBNA_002/20220823_033000.WAV,Telephone Field,recover-20220825,002,1795
152.2515,152.2934,68437,83189,Rhinolophus ferrumequinum,0.031,0.031,-1,Echolocation,/mnt/ubna_data_01_mir/recover-20220825/UBNA_002/20220823_033000.WAV,Telephone Field,recover-20220825,002,1795
152.2595,152.267,23750,32219,Plecotus austriacus,0.011,0.025,-1,Echolocation,/mnt/ubna_data_01_mir/recover-20220825/UBNA_002/20220823_033000.WAV,Telephone Field,recover-20220825,002,1795
152.2775,152.3125,68437,81357,Rhinolophus ferrumequinum,0.022,0.022,-1,Echolocation,/mnt/ubna_data_01_mir/recover-20220825/UBNA_002/20220823_033000.WAV,Telephone Field,recover-20220825,002,1795
152.3315,152.3692,68437,82325,Rhinolophus ferrumequinum,0.026,0.026,-1,Echolocation,/mnt/ubna_data_01_mir/recover-20220825/UBNA_002/20220823_033000.WAV,Telephone Field,recover-20220825,002,1795
152.3595,152.3992,68437,81995,Rhinolophus ferrumequinum,0.028,0.028,-1,Echolocation,/mnt/ubna_data_01_mir/recover-20220825/UBNA_002/20220823_033000.WAV,Telephone Field,recover-20220825,002,1795
152.3695,152.3845,22890,26404,Nyctalus leisleri,0.058,0.098,-1,Echolocation,/mnt/ubna_data_01_mir/recover-20220825/UBNA_002/20220823_033000.WAV,Telephone Field,recover-20220825,002,1795
152.3795,152.4196,68437,82316,Rhinolophus ferrumequinum,0.022,0.022,-1,Echolocation,/mnt/ubna_data_01_mir/recover-20220825/UBNA_002/20220823_033000.WAV,Telephone Field,recover-20220825,002,1795
152.3955,152.4355,68437,83336,Rhinolophus ferrumequinum,0.033,0.033,-1,Echolocation,/mnt/ubna_data_01_mir/recover-20220825/UBNA_002/20220823_033000.WAV,Telephone Field,recover-20220825,002,1795
152.3995,152.4065,46953,53262,Pipistrellus pipistrellus,0.019,0.024,-1,Echolocation,/mnt/ubna_data_01_mir/recover-20220825/UBNA_002/20220823_033000.WAV,Telephone Field,recover-20220825,002,1795
152.4235,152.4645,68437,82937,Rhinolophus ferrumequinum,0.022,0.022,-1,Echolocation,/mnt/ubna_data_01_mir/recover-20220825/UBNA_002/20220823_033000.WAV,Telephone Field,recover-20220825,002,1795
152.4475,152.4901,68437,82990,Rhinolophus ferrumequinum,0.033,0.033,-1,Echolocation,/mnt/ubna_data_01_mir/recover-20220825/UBNA_002/20220823_033000.WAV,Telephone Field,recover-20220825,002,1795
152.4635,152.5052,68437,82615,Rhinolophus ferrumequinum,0.023,0.023,-1,Echolocation,/mnt/ubna_data_01_mir/recover-20220825/UBNA_002/20220823_033000.WAV,Telephone Field,recover-20220825,002,1795
152.4805,152.4909,28046,36527,Eptesicus serotinus,0.012,0.026,-1,Echolocation,/mnt/ubna_data_01_mir/recover-20220825/UBNA_002/20220823_033000.WAV,Telephone Field,recover-20220825,002,1795
152.4815,152.521,68437,82617,Rhinolophus ferrumequinum,0.024,0.025,-1,Echolocation,/mnt/ubna_data_01_mir/recover-20220825/UBNA_002/20220823_033000.WAV,Telephone Field,recover-20220825,002,1795
152.5045,152.5448,68437,82991,Rhinolophus ferrumequinum,0.023,0.023,-1,Echolocation,/mnt/ubna_data_01_mir/recover-20220825/UBNA_002/20220823_033000.WAV,Telephone Field,recover-20220825,002,1795
152.5335,152.5749,68437,82268,Rhinolophus ferrumequinum,0.022,0.022,-1,Echolocation,/mnt/ubna_data_01_mir/recover-20220825/UBNA_002/20220823_033000.WAV,Telephone Field,recover-20220825,002,1795
152.5955,152.6317,68437,82015,Rhinolophus ferrumequinum,0.025,0.025,-1,Echolocation,/mnt/ubna_data_01_mir/recover-20220825/UBNA_002/20220823_033000.WAV,Telephone Field,recover-20220825,002,1795
152.6165,152.6278,24609,30813,Nyctalus leisleri,0.01,0.024,-1,Echolocation,/mnt/ubna_data_01_mir/recover-20220825/UBNA_002/20220823_033000.WAV,Telephone Field,recover-20220825,002,1795
152.6265,152.6351,29765,38694,Eptesicus serotinus,0.008,0.025,-1,Echolocation,/mnt/ubna_data_01_mir/recover-20220825/UBNA_002/20220823_033000.WAV,Telephone Field,recover-20220825,002,1795
152.6275,152.6649,68437,81709,Rhinolophus ferrumequinum,0.022,0.022,-1,Echolocation,/mnt/ubna_data_01_mir/recover-20220825/UBNA_002/20220823_033000.WAV,Telephone Field,recover-20220825,002,1795
152.6545,152.6907,68437,81260,Rhinolophus ferrumequinum,0.022,0.023,-1,Echolocation,/mnt/ubna_data_01_mir/recover-20220825/UBNA_002/20220823_033000.WAV,Telephone Field,recover-20220825,002,1795
152.6665,152.6832,19453,23304,Nyctalus noctula,0.012,0.026,-1,Echolocation,/mnt/ubna_data_01_mir/recover-20220825/UBNA_002/20220823_033000.WAV,Telephone Field,recover-20220825,002,1795
152.6875,152.7246,68437,82319,Rhinolophus ferrumequinum,0.022,0.022,-1,Echolocation,/mnt/ubna_data_01_mir/recover-20220825/UBNA_002/20220823_033000.WAV,Telephone Field,recover-20220825,002,1795
152.7045,152.7115,23750,32847,Plecotus austriacus,0.015,0.029,-1,Echolocation,/mnt/ubna_data_01_mir/recover-20220825/UBNA_002/20220823_033000.WAV,Telephone Field,recover-20220825,002,1795
152.7435,152.7542,24609,30830,Nyctalus leisleri,0.011,0.029,-1,Echolocation,/mnt/ubna_data_01_mir/recover-20220825/UBNA_002/20220823_033000.WAV,Telephone Field,recover-20220825,002,1795
152.7505,152.7889,68437,81572,Rhinolophus ferrumequinum,0.024,0.024,-1,Echolocation,/mnt/ubna_data_01_mir/recover-20220825/UBNA_002/20220823_033000.WAV,Telephone Field,recover-20220825,002,1795
152.7695,152.7792,46953,50386,Pipistrellus pipistrellus,0.035,0.037,-1,Echolocation,/mnt/ubna_data_01_mir/recover-20220825/UBNA_002/20220823_033000.WAV,Telephone Field,recover-20220825,002,1795
152.7795,152.7902,28046,36106,Eptesicus serotinus,0.018,0.033,-1,Echolocation,/mnt/ubna_data_01_mir/recover-20220825/UBNA_002/20220823_033000.WAV,Telephone Field,recover-20220825,002,1795
152.7915,152.8282,68437,82638,Rhinolophus ferrumequinum,0.039,0.039,-1,Echolocation,/mnt/ubna_data_01_mir/recover-20220825/UBNA_002/20220823_033000.WAV,Telephone Field,recover-20220825,002,1795
152.8095,152.8181,45234,53566,Pipistrellus pipistrellus,0.019,0.022,-1,Echolocation,/mnt/ubna_data_01_mir/recover-20220825/UBNA_002/20220823_033000.WAV,Telephone Field,recover-20220825,002,1795
152.8385,152.8797,68437,82780,Rhinolophus ferrumequinum,0.024,0.024,-1,Echolocation,/mnt/ubna_data_01_mir/recover-20220825/UBNA_002/20220823_033000.WAV,Telephone Field,recover-20220825,002,1795
152.8475,152.8552,28046,36865,Eptesicus serotinus,0.015,0.036,-1,Echolocation,/mnt/ubna_data_01_mir/recover-20220825/UBNA_002/20220823_033000.WAV,Telephone Field,recover-20220825,002,1795
152.8805,152.8927,22890,27763,Nyctalus leisleri,0.015,0.031,-1,Echolocation,/mnt/ubna_data_01_mir/recover-20220825/UBNA_002/20220823_033000.WAV,Telephone Field,recover-20220825,002,1795
152.8985,152.9384,68437,82177,Rhinolophus ferrumequinum,0.022,0.022,-1,Echolocation,/mnt/ubna_data_01_mir/recover-20220825/UBNA_002/20220823_033000.WAV,Telephone Field,recover-20220825,002,1795
152.9165,152.9565,68437,82738,Rhinolophus ferrumequinum,0.025,0.025,-1,Echolocation,/mnt/ubna_data_01_mir/recover-20220825/UBNA_002/20220823_033000.WAV,Telephone Field,recover-20220825,002,1795
152.9365,152.9761,68437,82358,Rhinolophus ferrumequinum,0.022,0.022,-1,Echolocation,/mnt/ubna_data_01_mir/recover-20220825/UBNA_002/20220823_033000.WAV,Telephone Field,recover-20220825,002,1795
152.9465,152.9878,68437,82791,Rhinolophus ferrumequinum,0.022,0.022,-1,Echolocation,/mnt/ubna_data_01_mir/recover-20220825/UBNA_002/20220823_033000.WAV,Telephone Field,recover-20220825,002,1795
152.9595,152.9796,20312,23210,Nyctalus leisleri,0.018,0.032,-1,Echolocation,/mnt/ubna_data_01_mir/recover-20220825/UBNA_002/20220823_033000.WAV,Telephone Field,recover-20220825,002,1795
153.0065,153.045,68437,82284,Rhinolophus ferrumequinum,0.023,0.023,-1,Echolocation,/mnt/ubna_data_01_mir/recover-20220825/UBNA_002/20220823_033000.WAV,Telephone Field,recover-20220825,002,1795
153.0135,153.0244,22890,28941,Nyctalus leisleri,0.013,0.03,-1,Echolocation,/mnt/ubna_data_01_mir/recover-20220825/UBNA_002/20220823_033000.WAV,Telephone Field,recover-20220825,002,1795
153.0375,153.0482,23750,28712,Nyctalus leisleri,0.011,0.022,-1,Echolocation,/mnt/ubna_data_01_mir/recover-20220825/UBNA_002/20220823_033000.WAV,Telephone Field,recover-20220825,002,1795
153.0695,153.1077,68437,82371,Rhinolophus ferrumequinum,0.023,0.023,-1,Echolocation,/mnt/ubna_data_01_mir/recover-20220825/UBNA_002/20220823_033000.WAV,Telephone Field,recover-20220825,002,1795
153.0715,153.0798,28906,42485,Eptesicus serotinus,0.007,0.023,-1,Echolocation,/mnt/ubna_data_01_mir/recover-20220825/UBNA_002/20220823_033000.WAV,Telephone Field,recover-20220825,002,1795
153.1755,153.2125,68437,81860,Rhinolophus ferrumequinum,0.022,0.022,-1,Echolocation,/mnt/ubna_data_01_mir/recover-20220825/UBNA_002/20220823_033000.WAV,Telephone Field,recover-20220825,002,1795
153.1815,153.191,28046,36168,Eptesicus serotinus,0.014,0.027,-1,Echolocation,/mnt/ubna_data_01_mir/recover-20220825/UBNA_002/20220823_033000.WAV,Telephone Field,recover-20220825,002,1795
153.1925,153.2316,68437,82952,Rhinolophus ferrumequinum,0.023,0.023,-1,Echolocation,/mnt/ubna_data_01_mir/recover-20220825/UBNA_002/20220823_033000.WAV,Telephone Field,recover-20220825,002,1795
153.2395,153.2802,68437,83084,Rhinolophus ferrumequinum,0.026,0.026,-1,Echolocation,/mnt/ubna_data_01_mir/recover-20220825/UBNA_002/20220823_033000.WAV,Telephone Field,recover-20220825,002,1795
153.2935,153.3298,68437,82366,Rhinolophus ferrumequinum,0.027,0.027,-1,Echolocation,/mnt/ubna_data_01_mir/recover-20220825/UBNA_002/20220823_033000.WAV,Telephone Field,recover-20220825,002,1795
153.2995,153.3073,22890,30720,Plecotus austriacus,0.011,0.024,-1,Echolocation,/mnt/ubna_data_01_mir/recover-20220825/UBNA_002/20220823_033000.WAV,Telephone Field,recover-20220825,002,1795
153.3265,153.364,68437,82528,Rhinolophus ferrumequinum,0.028,0.028,-1,Echolocation,/mnt/ubna_data_01_mir/recover-20220825/UBNA_002/20220823_033000.WAV,Telephone Field,recover-20220825,002,1795
153.3315,153.343,24609,31203,Nyctalus leisleri,0.012,0.03,-1,Echolocation,/mnt/ubna_data_01_mir/recover-20220825/UBNA_002/20220823_033000.WAV,Telephone Field,recover-20220825,002,1795
153.3385,153.3721,68437,80652,Rhinolophus ferrumequinum,0.026,0.027,-1,Echolocation,/mnt/ubna_data_01_mir/recover-20220825/UBNA_002/20220823_033000.WAV,Telephone Field,recover-20220825,002,1795
153.3645,153.403,68437,82118,Rhinolophus ferrumequinum,0.022,0.022,-1,Echolocation,/mnt/ubna_data_01_mir/recover-20220825/UBNA_002/20220823_033000.WAV,Telephone Field,recover-20220825,002,1795
153.3985,153.4117,22890,27250,Nyctalus leisleri,0.016,0.028,-1,Echolocation,/mnt/ubna_data_01_mir/recover-20220825/UBNA_002/20220823_033000.WAV,Telephone Field,recover-20220825,002,1795
153.4435,153.4843,68437,82631,Rhinolophus ferrumequinum,0.031,0.031,-1,Echolocation,/mnt/ubna_data_01_mir/recover-20220825/UBNA_002/20220823_033000.WAV,Telephone Field,recover-20220825,002,1795
153.4545,153.4642,22890,29043,Nyctalus leisleri,0.009,0.023,-1,Echolocation,/mnt/ubna_data_01_mir/recover-20220825/UBNA_002/20220823_033000.WAV,Telephone Field,recover-20220825,002,1795
153.4735,153.4898,21171,24797,Nyctalus leisleri,0.015,0.026,-1,Echolocation,/mnt/ubna_data_01_mir/recover-20220825/UBNA_002/20220823_033000.WAV,Telephone Field,recover-20220825,002,1795
153.4985,153.5373,68437,82869,Rhinolophus ferrumequinum,0.024,0.024,-1,Echolocation,/mnt/ubna_data_01_mir/recover-20220825/UBNA_002/20220823_033000.WAV,Telephone Field,recover-20220825,002,1795
153.5055,153.5448,68437,82464,Rhinolophus ferrumequinum,0.024,0.024,-1,Echolocation,/mnt/ubna_data_01_mir/recover-20220825/UBNA_002/20220823_033000.WAV,Telephone Field,recover-20220825,002,1795
153.6185,153.6572,68437,82191,Rhinolophus ferrumequinum,0.022,0.022,-1,Echolocation,/mnt/ubna_data_01_mir/recover-20220825/UBNA_002/20220823_033000.WAV,Telephone Field,recover-20220825,002,1795
153.6355,153.648,28046,34128,Eptesicus serotinus,0.018,0.034,-1,Echolocation,/mnt/ubna_data_01_mir/recover-20220825/UBNA_002/20220823_033000.WAV,Telephone Field,recover-20220825,002,1795
153.7085,153.7441,68437,80897,Rhinolophus ferrumequinum,0.022,0.022,-1,Echolocation,/mnt/ubna_data_01_mir/recover-20220825/UBNA_002/20220823_033000.WAV,Telephone Field,recover-20220825,002,1795
153.7315,153.7676,68437,81128,Rhinolophus ferrumequinum,0.03,0.03,-1,Echolocation,/mnt/ubna_data_01_mir/recover-20220825/UBNA_002/20220823_033000.WAV,Telephone Field,recover-20220825,002,1795
153.7495,153.7885,68437,82142,Rhinolophus ferrumequinum,0.026,0.026,-1,Echolocation,/mnt/ubna_data_01_mir/recover-20220825/UBNA_002/20220823_033000.WAV,Telephone Field,recover-20220825,002,1795
153.7905,153.801,22890,28364,Nyctalus leisleri,0.012,0.03,-1,Echolocation,/mnt/ubna_data_01_mir/recover-20220825/UBNA_002/20220823_033000.WAV,Telephone Field,recover-20220825,002,1795
153.8095,153.8509,68437,82944,Rhinolophus ferrumequinum,0.023,0.023,-1,Echolocation,/mnt/ubna_data_01_mir/recover-20220825/UBNA_002/20220823_033000.WAV,Telephone Field,recover-20220825,002,1795
153.8095,153.8176,22890,30145,Plecotus austriacus,0.011,0.024,-1,Echolocation,/mnt/ubna_data_01_mir/recover-20220825/UBNA_002/20220823_033000.WAV,Telephone Field,recover-20220825,002,1795
153.8145,153.82920000000001,14296,17380,Nyctalus noctula,0.02,0.034,-1,Echolocation,/mnt/ubna_data_01_mir/recover-20220825/UBNA_002/20220823_033000.WAV,Telephone Field,recover-20220825,002,1795
153.8455,153.8533,28046,37841,Eptesicus serotinus,0.007,0.023,-1,Echolocation,/mnt/ubna_data_01_mir/recover-20220825/UBNA_002/20220823_033000.WAV,Telephone Field,recover-20220825,002,1795
153.8755,153.9137,68437,81815,Rhinolophus ferrumequinum,0.022,0.022,-1,Echolocation,/mnt/ubna_data_01_mir/recover-20220825/UBNA_002/20220823_033000.WAV,Telephone Field,recover-20220825,002,1795
153.8905,153.899,28046,36134,Eptesicus serotinus,0.007,0.022,-1,Echolocation,/mnt/ubna_data_01_mir/recover-20220825/UBNA_002/20220823_033000.WAV,Telephone Field,recover-20220825,002,1795
153.9255,153.969,68437,82624,Rhinolophus ferrumequinum,0.026,0.026,-1,Echolocation,/mnt/ubna_data_01_mir/recover-20220825/UBNA_002/20220823_033000.WAV,Telephone Field,recover-20220825,002,1795
153.9345,153.9755,68437,82679,Rhinolophus ferrumequinum,0.022,0.022,-1,Echolocation,/mnt/ubna_data_01_mir/recover-20220825/UBNA_002/20220823_033000.WAV,Telephone Field,recover-20220825,002,1795
153.9485,153.9886,68437,82431,Rhinolophus ferrumequinum,0.022,0.022,-1,Echolocation,/mnt/ubna_data_01_mir/recover-20220825/UBNA_002/20220823_033000.WAV,Telephone Field,recover-20220825,002,1795
153.9825,153.9927,22890,28855,Nyctalus leisleri,0.01,0.023,-1,Echolocation,/mnt/ubna_data_01_mir/recover-20220825/UBNA_002/20220823_033000.WAV,Telephone Field,recover-20220825,002,1795
154.0015,154.0139,38359,43354,Pipistrellus nathusii,0.038,0.051,-1,Echolocation,/mnt/ubna_data_01_mir/recover-20220825/UBNA_002/20220823_033000.WAV,Telephone Field,recover-20220825,002,1795
154.0015,154.0334,68437,80132,Rhinolophus ferrumequinum,0.023,0.023,-1,Echolocation,/mnt/ubna_data_01_mir/recover-20220825/UBNA_002/20220823_033000.WAV,Telephone Field,recover-20220825,002,1795
154.0015,154.0102,26328,35156,Nyctalus leisleri,0.008,0.027,-1,Echolocation,/mnt/ubna_data_01_mir/recover-20220825/UBNA_002/20220823_033000.WAV,Telephone Field,recover-20220825,002,1795
154.0085,154.0494,68437,81303,Rhinolophus ferrumequinum,0.021,0.021,-1,Echolocation,/mnt/ubna_data_01_mir/recover-20220825/UBNA_002/20220823_033000.WAV,Telephone Field,recover-20220825,002,1795
154.0765,154.1169,68437,82412,Rhinolophus ferrumequinum,0.021,0.021,-1,Echolocation,/mnt/ubna_data_01_mir/recover-20220825/UBNA_002/20220823_033000.WAV,Telephone Field,recover-20220825,002,1795
154.0925,154.1031,22890,28292,Nyctalus leisleri,0.009,0.023,-1,Echolocation,/mnt/ubna_data_01_mir/recover-20220825/UBNA_002/20220823_033000.WAV,Telephone Field,recover-20220825,002,1795
154.1495,154.1868,68437,82113,Rhinolophus ferrumequinum,0.021,0.021,-1,Echolocation,/mnt/ubna_data_01_mir/recover-20220825/UBNA_002/20220823_033000.WAV,Telephone Field,recover-20220825,002,1795
154.1495,154.1574,25468,33799,Eptesicus serotinus,0.006,0.021,-1,Echolocation,/mnt/ubna_data_01_mir/recover-20220825/UBNA_002/20220823_033000.WAV,Telephone Field,recover-20220825,002,1795
154.1575,154.1974,68437,82093,Rhinolophus ferrumequinum,0.021,0.021,-1,Echolocation,/mnt/ubna_data_01_mir/recover-20220825/UBNA_002/20220823_033000.WAV,Telephone Field,recover-20220825,002,1795
154.1805,154.2201,68437,82176,Rhinolophus ferrumequinum,0.021,0.022,-1,Echolocation,/mnt/ubna_data_01_mir/recover-20220825/UBNA_002/20220823_033000.WAV,Telephone Field,recover-20220825,002,1795
154.2435,154.2846,68437,82668,Rhinolophus ferrumequinum,0.022,0.022,-1,Echolocation,/mnt/ubna_data_01_mir/recover-20220825/UBNA_002/20220823_033000.WAV,Telephone Field,recover-20220825,002,1795
154.2715,154.3108,68437,82434,Rhinolophus ferrumequinum,0.023,0.023,-1,Echolocation,/mnt/ubna_data_01_mir/recover-20220825/UBNA_002/20220823_033000.WAV,Telephone Field,recover-20220825,002,1795
154.3385,154.3486,28906,36346,Eptesicus serotinus,0.01,0.023,-1,Echolocation,/mnt/ubna_data_01_mir/recover-20220825/UBNA_002/20220823_033000.WAV,Telephone Field,recover-20220825,002,1795
154.3435,154.3522,28906,36819,Eptesicus serotinus,0.008,0.024,-1,Echolocation,/mnt/ubna_data_01_mir/recover-20220825/UBNA_002/20220823_033000.WAV,Telephone Field,recover-20220825,002,1795
154.3455,154.385,68437,82274,Rhinolophus ferrumequinum,0.024,0.024,-1,Echolocation,/mnt/ubna_data_01_mir/recover-20220825/UBNA_002/20220823_033000.WAV,Telephone Field,recover-20220825,002,1795
154.3825,154.3938,35781,40734,Pipistrellus nathusii,0.005,0.022,-1,Echolocation,/mnt/ubna_data_01_mir/recover-20220825/UBNA_002/20220823_033000.WAV,Telephone Field,recover-20220825,002,1795
154.4095,154.4178,25468,36791,Eptesicus serotinus,0.006,0.025,-1,Echolocation,/mnt/ubna_data_01_mir/recover-20220825/UBNA_002/20220823_033000.WAV,Telephone Field,recover-20220825,002,1795
154.4325,154.4709,68437,82142,Rhinolophus ferrumequinum,0.022,0.022,-1,Echolocation,/mnt/ubna_data_01_mir/recover-20220825/UBNA_002/20220823_033000.WAV,Telephone Field,recover-20220825,002,1795
154.4445,154.4538,28046,36174,Eptesicus serotinus,0.009,0.021,-1,Echolocation,/mnt/ubna_data_01_mir/recover-20220825/UBNA_002/20220823_033000.WAV,Telephone Field,recover-20220825,002,1795
154.4705,154.5095,68437,82457,Rhinolophus ferrumequinum,0.022,0.022,-1,Echolocation,/mnt/ubna_data_01_mir/recover-20220825/UBNA_002/20220823_033000.WAV,Telephone Field,recover-20220825,002,1795
154.4715,154.4822,22890,28544,Nyctalus leisleri,0.012,0.028,-1,Echolocation,/mnt/ubna_data_01_mir/recover-20220825/UBNA_002/20220823_033000.WAV,Telephone Field,recover-20220825,002,1795
154.5065,154.5165,28906,38688,Eptesicus serotinus,0.012,0.027,-1,Echolocation,/mnt/ubna_data_01_mir/recover-20220825/UBNA_002/20220823_033000.WAV,Telephone Field,recover-20220825,002,1795
154.5355,154.5702,68437,81287,Rhinolophus ferrumequinum,0.021,0.021,-1,Echolocation,/mnt/ubna_data_01_mir/recover-20220825/UBNA_002/20220823_033000.WAV,Telephone Field,recover-20220825,002,1795
154.5495,154.5827,68437,81418,Rhinolophus ferrumequinum,0.021,0.021,-1,Echolocation,/mnt/ubna_data_01_mir/recover-20220825/UBNA_002/20220823_033000.WAV,Telephone Field,recover-20220825,002,1795
154.5765,154.5867,28046,35632,Eptesicus serotinus,0.01,0.021,-1,Echolocation,/mnt/ubna_data_01_mir/recover-20220825/UBNA_002/20220823_033000.WAV,Telephone Field,recover-20220825,002,1795
154.5785,154.6218,68437,82652,Rhinolophus ferrumequinum,0.021,0.021,-1,Echolocation,/mnt/ubna_data_01_mir/recover-20220825/UBNA_002/20220823_033000.WAV,Telephone Field,recover-20220825,002,1795
154.5965,154.6048,22890,31477,Plecotus austriacus,0.014,0.029,-1,Echolocation,/mnt/ubna_data_01_mir/recover-20220825/UBNA_002/20220823_033000.WAV,Telephone Field,recover-20220825,002,1795
154.6255,154.669,68437,82705,Rhinolophus ferrumequinum,0.023,0.023,-1,Echolocation,/mnt/ubna_data_01_mir/recover-20220825/UBNA_002/20220823_033000.WAV,Telephone Field,recover-20220825,002,1795
154.6545,154.6689,15156,20781,Nyctalus noctula,0.016,0.024,-1,Echolocation,/mnt/ubna_data_01_mir/recover-20220825/UBNA_002/20220823_033000.WAV,Telephone Field,recover-20220825,002,1795
154.6855,154.7227,68437,81784,Rhinolophus ferrumequinum,0.021,0.021,-1,Echolocation,/mnt/ubna_data_01_mir/recover-20220825/UBNA_002/20220823_033000.WAV,Telephone Field,recover-20220825,002,1795
154.7465,154.767,19453,22300,Nyctalus noctula,0.018,0.036,-1,Echolocation,/mnt/ubna_data_01_mir/recover-20220825/UBNA_002/20220823_033000.WAV,Telephone Field,recover-20220825,002,1795
154.7825,154.7916,49531,53267,Pipistrellus pipistrellus,0.028,0.032,-1,Echolocation,/mnt/ubna_data_01_mir/recover-20220825/UBNA_002/20220823_033000.WAV,Telephone Field,recover-20220825,002,1795
154.7835,154.7951,24609,30513,Nyctalus leisleri,0.013,0.03,-1,Echolocation,/mnt/ubna_data_01_mir/recover-20220825/UBNA_002/20220823_033000.WAV,Telephone Field,recover-20220825,002,1795
154.7905,154.7985,28046,38748,Eptesicus serotinus,0.01,0.026,-1,Echolocation,/mnt/ubna_data_01_mir/recover-20220825/UBNA_002/20220823_033000.WAV,Telephone Field,recover-20220825,002,1795
154.80349999999999,154.8439,68437,82208,Rhinolophus ferrumequinum,0.021,0.021,-1,Echolocation,/mnt/ubna_data_01_mir/recover-20220825/UBNA_002/20220823_033000.WAV,Telephone Field,recover-20220825,002,1795
154.8255,154.8658,68437,82435,Rhinolophus ferrumequinum,0.023,0.023,-1,Echolocation,/mnt/ubna_data_01_mir/recover-20220825/UBNA_002/20220823_033000.WAV,Telephone Field,recover-20220825,002,1795
154.8465,154.8893,68437,83471,Rhinolophus ferrumequinum,0.024,0.024,-1,Echolocation,/mnt/ubna_data_01_mir/recover-20220825/UBNA_002/20220823_033000.WAV,Telephone Field,recover-20220825,002,1795
154.9115,154.9527,68437,82922,Rhinolophus ferrumequinum,0.023,0.023,-1,Echolocation,/mnt/ubna_data_01_mir/recover-20220825/UBNA_002/20220823_033000.WAV,Telephone Field,recover-20220825,002,1795
154.9215,154.9291,24609,33212,Plecotus austriacus,0.006,0.021,-1,Echolocation,/mnt/ubna_data_01_mir/recover-20220825/UBNA_002/20220823_033000.WAV,Telephone Field,recover-20220825,002,1795
154.9865,155.0294,68437,83502,Rhinolophus ferrumequinum,0.022,0.022,-1,Echolocation,/mnt/ubna_data_01_mir/recover-20220825/UBNA_002/20220823_033000.WAV,Telephone Field,recover-20220825,002,1795
155.0035,155.0116,28046,39994,Eptesicus serotinus,0.009,0.026,-1,Echolocation,/mnt/ubna_data_01_mir/recover-20220825/UBNA_002/20220823_033000.WAV,Telephone Field,recover-20220825,002,1795
155.0205,155.0307,22890,28030,Nyctalus leisleri,0.01,0.022,-1,Echolocation,/mnt/ubna_data_01_mir/recover-20220825/UBNA_002/20220823_033000.WAV,Telephone Field,recover-20220825,002,1795
155.0315,155.0699,68437,81955,Rhinolophus ferrumequinum,0.024,0.024,-1,Echolocation,/mnt/ubna_data_01_mir/recover-20220825/UBNA_002/20220823_033000.WAV,Telephone Field,recover-20220825,002,1795
155.0635,155.1019,68437,81781,Rhinolophus ferrumequinum,0.023,0.023,-1,Echolocation,/mnt/ubna_data_01_mir/recover-20220825/UBNA_002/20220823_033000.WAV,Telephone Field,recover-20220825,002,1795
155.2015,155.2148,14296,18499,Nyctalus noctula,0.012,0.023,-1,Echolocation,/mnt/ubna_data_01_mir/recover-20220825/UBNA_002/20220823_033000.WAV,Telephone Field,recover-20220825,002,1795
155.2085,155.2526,68437,83585,Rhinolophus ferrumequinum,0.033,0.034,-1,Echolocation,/mnt/ubna_data_01_mir/recover-20220825/UBNA_002/20220823_033000.WAV,Telephone Field,recover-20220825,002,1795
155.2185,155.2273,26328,34817,Eptesicus serotinus,0.01,0.025,-1,Echolocation,/mnt/ubna_data_01_mir/recover-20220825/UBNA_002/20220823_033000.WAV,Telephone Field,recover-20220825,002,1795
155.2335,155.2438,28046,36779,Eptesicus serotinus,0.011,0.023,-1,Echolocation,/mnt/ubna_data_01_mir/recover-20220825/UBNA_002/20220823_033000.WAV,Telephone Field,recover-20220825,002,1795
155.2835,155.29410000000001,22890,29554,Nyctalus leisleri,0.016,0.05,-1,Echolocation,/mnt/ubna_data_01_mir/recover-20220825/UBNA_002/20220823_033000.WAV,Telephone Field,recover-20220825,002,1795
155.3535,155.3608,24609,33104,Plecotus austriacus,0.006,0.022,-1,Echolocation,/mnt/ubna_data_01_mir/recover-20220825/UBNA_002/20220823_033000.WAV,Telephone Field,recover-20220825,002,1795
155.3595,155.3989,68437,82628,Rhinolophus ferrumequinum,0.022,0.022,-1,Echolocation,/mnt/ubna_data_01_mir/recover-20220825/UBNA_002/20220823_033000.WAV,Telephone Field,recover-20220825,002,1795
155.3735,155.3815,23750,31818,Plecotus austriacus,0.011,0.027,-1,Echolocation,/mnt/ubna_data_01_mir/recover-20220825/UBNA_002/20220823_033000.WAV,Telephone Field,recover-20220825,002,1795
155.3895,155.4303,68437,82042,Rhinolophus ferrumequinum,0.021,0.021,-1,Echolocation,/mnt/ubna_data_01_mir/recover-20220825/UBNA_002/20220823_033000.WAV,Telephone Field,recover-20220825,002,1795
155.4315,155.4721,68437,83145,Rhinolophus ferrumequinum,0.024,0.024,-1,Echolocation,/mnt/ubna_data_01_mir/recover-20220825/UBNA_002/20220823_033000.WAV,Telephone Field,recover-20220825,002,1795
155.4665,155.4771,23750,29364,Nyctalus leisleri,0.009,0.022,-1,Echolocation,/mnt/ubna_data_01_mir/recover-20220825/UBNA_002/20220823_033000.WAV,Telephone Field,recover-20220825,002,1795
155.4805,155.4937,22031,25746,Nyctalus leisleri,0.014,0.023,-1,Echolocation,/mnt/ubna_data_01_mir/recover-20220825/UBNA_002/20220823_033000.WAV,Telephone Field,recover-20220825,002,1795
155.5315,155.5738,68437,83145,Rhinolophus ferrumequinum,0.025,0.025,-1,Echolocation,/mnt/ubna_data_01_mir/recover-20220825/UBNA_002/20220823_033000.WAV,Telephone Field,recover-20220825,002,1795
155.5595,155.5994,68437,82369,Rhinolophus ferrumequinum,0.026,0.026,-1,Echolocation,/mnt/ubna_data_01_mir/recover-20220825/UBNA_002/20220823_033000.WAV,Telephone Field,recover-20220825,002,1795
155.5605,155.5706,25468,32913,Eptesicus serotinus,0.01,0.024,-1,Echolocation,/mnt/ubna_data_01_mir/recover-20220825/UBNA_002/20220823_033000.WAV,Telephone Field,recover-20220825,002,1795
155.6015,155.6101,47812,52916,Pipistrellus pipistrellus,0.023,0.026,-1,Echolocation,/mnt/ubna_data_01_mir/recover-20220825/UBNA_002/20220823_033000.WAV,Telephone Field,recover-20220825,002,1795
155.6035,155.6426,68437,81939,Rhinolophus ferrumequinum,0.021,0.021,-1,Echolocation,/mnt/ubna_data_01_mir/recover-20220825/UBNA_002/20220823_033000.WAV,Telephone Field,recover-20220825,002,1795
155.6165,155.6543,68437,82221,Rhinolophus ferrumequinum,0.022,0.022,-1,Echolocation,/mnt/ubna_data_01_mir/recover-20220825/UBNA_002/20220823_033000.WAV,Telephone Field,recover-20220825,002,1795
155.6385,155.6756,68437,81502,Rhinolophus ferrumequinum,0.021,0.022,-1,Echolocation,/mnt/ubna_data_01_mir/recover-20220825/UBNA_002/20220823_033000.WAV,Telephone Field,recover-20220825,002,1795
155.6485,155.6894,68437,81900,Rhinolophus ferrumequinum,0.022,0.022,-1,Echolocation,/mnt/ubna_data_01_mir/recover-20220825/UBNA_002/20220823_033000.WAV,Telephone Field,recover-20220825,002,1795
155.7005,155.73930000000001,68437,82366,Rhinolophus ferrumequinum,0.021,0.021,-1,Echolocation,/mnt/ubna_data_01_mir/recover-20220825/UBNA_002/20220823_033000.WAV,Telephone Field,recover-20220825,002,1795
155.7095,155.7191,56406,61027,Pipistrellus pygmaeus,0.027,0.028,-1,Echolocation,/mnt/ubna_data_01_mir/recover-20220825/UBNA_002/20220823_033000.WAV,Telephone Field,recover-20220825,002,1795
155.7105,155.7183,28906,37513,Eptesicus serotinus,0.007,0.024,-1,Echolocation,/mnt/ubna_data_01_mir/recover-20220825/UBNA_002/20220823_033000.WAV,Telephone Field,recover-20220825,002,1795
155.7295,155.7711,68437,82617,Rhinolophus ferrumequinum,0.023,0.023,-1,Echolocation,/mnt/ubna_data_01_mir/recover-20220825/UBNA_002/20220823_033000.WAV,Telephone Field,recover-20220825,002,1795
155.7495,155.7568,58125,63577,Pipistrellus pygmaeus,0.021,0.022,-1,Echolocation,/mnt/ubna_data_01_mir/recover-20220825/UBNA_002/20220823_033000.WAV,Telephone Field,recover-20220825,002,1795
155.7635,155.8041,68437,81860,Rhinolophus ferrumequinum,0.026,0.026,-1,Echolocation,/mnt/ubna_data_01_mir/recover-20220825/UBNA_002/20220823_033000.WAV,Telephone Field,recover-20220825,002,1795
155.7895,155.7985,23750,30600,Plecotus austriacus,0.007,0.022,-1,Echolocation,/mnt/ubna_data_01_mir/recover-20220825/UBNA_002/20220823_033000.WAV,Telephone Field,recover-20220825,002,1795
155.8015,155.8433,68437,82921,Rhinolophus ferrumequinum,0.032,0.032,-1,Echolocation,/mnt/ubna_data_01_mir/recover-20220825/UBNA_002/20220823_033000.WAV,Telephone Field,recover-20220825,002,1795
155.8415,155.8826,68437,82736,Rhinolophus ferrumequinum,0.025,0.025,-1,Echolocation,/mnt/ubna_data_01_mir/recover-20220825/UBNA_002/20220823_033000.WAV,Telephone Field,recover-20220825,002,1795
155.8455,155.8565,25468,33541,Eptesicus serotinus,0.013,0.027,-1,Echolocation,/mnt/ubna_data_01_mir/recover-20220825/UBNA_002/20220823_033000.WAV,Telephone Field,recover-20220825,002,1795
155.9295,155.9371,28046,40704,Eptesicus serotinus,0.007,0.023,-1,Echolocation,/mnt/ubna_data_01_mir/recover-20220825/UBNA_002/20220823_033000.WAV,Telephone Field,recover-20220825,002,1795
155.9875,155.9983,25468,32276,Eptesicus serotinus,0.01,0.023,-1,Echolocation,/mnt/ubna_data_01_mir/recover-20220825/UBNA_002/20220823_033000.WAV,Telephone Field,recover-20220825,002,1795
156.0015,156.0102,23750,31265,Nyctalus leisleri,0.01,0.028,-1,Echolocation,/mnt/ubna_data_01_mir/recover-20220825/UBNA_002/20220823_033000.WAV,Telephone Field,recover-20220825,002,1795
156.0015,156.0346,68437,79713,Rhinolophus ferrumequinum,0.029,0.03,-1,Echolocation,/mnt/ubna_data_01_mir/recover-20220825/UBNA_002/20220823_033000.WAV,Telephone Field,recover-20220825,002,1795
156.0085,156.0503,68437,82554,Rhinolophus ferrumequinum,0.022,0.022,-1,Echolocation,/mnt/ubna_data_01_mir/recover-20220825/UBNA_002/20220823_033000.WAV,Telephone Field,recover-20220825,002,1795
156.0215,156.0638,68437,83100,Rhinolophus ferrumequinum,0.037,0.037,-1,Echolocation,/mnt/ubna_data_01_mir/recover-20220825/UBNA_002/20220823_033000.WAV,Telephone Field,recover-20220825,002,1795
156.0395,156.0491,28046,37471,Eptesicus serotinus,0.009,0.022,-1,Echolocation,/mnt/ubna_data_01_mir/recover-20220825/UBNA_002/20220823_033000.WAV,Telephone Field,recover-20220825,002,1795
156.0475,156.0558,23750,31201,Plecotus austriacus,0.011,0.026,-1,Echolocation,/mnt/ubna_data_01_mir/recover-20220825/UBNA_002/20220823_033000.WAV,Telephone Field,recover-20220825,002,1795
156.0625,156.1005,68437,81824,Rhinolophus ferrumequinum,0.023,0.023,-1,Echolocation,/mnt/ubna_data_01_mir/recover-20220825/UBNA_002/20220823_033000.WAV,Telephone Field,recover-20220825,002,1795
156.07150000000001,156.1084,68437,82022,Rhinolophus ferrumequinum,0.024,0.024,-1,Echolocation,/mnt/ubna_data_01_mir/recover-20220825/UBNA_002/20220823_033000.WAV,Telephone Field,recover-20220825,002,1795
156.0785,156.0929,16015,20842,Nyctalus noctula,0.016,0.028,-1,Echolocation,/mnt/ubna_data_01_mir/recover-20220825/UBNA_002/20220823_033000.WAV,Telephone Field,recover-20220825,002,1795
156.1005,156.1405,68437,82521,Rhinolophus ferrumequinum,0.032,0.032,-1,Echolocation,/mnt/ubna_data_01_mir/recover-20220825/UBNA_002/20220823_033000.WAV,Telephone Field,recover-20220825,002,1795
156.1325,156.1731,68437,82844,Rhinolophus ferrumequinum,0.022,0.022,-1,Echolocation,/mnt/ubna_data_01_mir/recover-20220825/UBNA_002/20220823_033000.WAV,Telephone Field,recover-20220825,002,1795
156.1405,156.1502,24609,31305,Nyctalus leisleri,0.009,0.026,-1,Echolocation,/mnt/ubna_data_01_mir/recover-20220825/UBNA_002/20220823_033000.WAV,Telephone Field,recover-20220825,002,1795
156.1635,156.2003,68437,81034,Rhinolophus ferrumequinum,0.021,0.021,-1,Echolocation,/mnt/ubna_data_01_mir/recover-20220825/UBNA_002/20220823_033000.WAV,Telephone Field,recover-20220825,002,1795
156.1905,156.2312,68437,82518,Rhinolophus ferrumequinum,0.024,0.024,-1,Echolocation,/mnt/ubna_data_01_mir/recover-20220825/UBNA_002/20220823_033000.WAV,Telephone Field,recover-20220825,002,1795
156.2165,156.222,34921,44471,Myotis daubentonii,0.007,0.023,-1,Echolocation,/mnt/ubna_data_01_mir/recover-20220825/UBNA_002/20220823_033000.WAV,Telephone Field,recover-20220825,002,1795
156.2175,156.2236,25468,38369,Plecotus austriacus,0.011,0.034,-1,Echolocation,/mnt/ubna_data_01_mir/recover-20220825/UBNA_002/20220823_033000.WAV,Telephone Field,recover-20220825,002,1795
156.2285,156.2367,48671,56094,Pipistrellus pipistrellus,0.02,0.022,-1,Echolocation,/mnt/ubna_data_01_mir/recover-20220825/UBNA_002/20220823_033000.WAV,Telephone Field,recover-20220825,002,1795
156.2445,156.2791,68437,81060,Rhinolophus ferrumequinum,0.022,0.022,-1,Echolocation,/mnt/ubna_data_01_mir/recover-20220825/UBNA_002/20220823_033000.WAV,Telephone Field,recover-20220825,002,1795
156.2555,156.2945,68437,81742,Rhinolophus ferrumequinum,0.022,0.022,-1,Echolocation,/mnt/ubna_data_01_mir/recover-20220825/UBNA_002/20220823_033000.WAV,Telephone Field,recover-20220825,002,1795
156.2575,156.2672,22031,27785,Plecotus austriacus,0.008,0.022,-1,Echolocation,/mnt/ubna_data_01_mir/recover-20220825/UBNA_002/20220823_033000.WAV,Telephone Field,recover-20220825,002,1795
156.2665,156.306,68437,82412,Rhinolophus ferrumequinum,0.023,0.023,-1,Echolocation,/mnt/ubna_data_01_mir/recover-20220825/UBNA_002/20220823_033000.WAV,Telephone Field,recover-20220825,002,1795
156.2835,156.3241,68437,82928,Rhinolophus ferrumequinum,0.039,0.039,-1,Echolocation,/mnt/ubna_data_01_mir/recover-20220825/UBNA_002/20220823_033000.WAV,Telephone Field,recover-20220825,002,1795
156.3135,156.3519,68437,81991,Rhinolophus ferrumequinum,0.023,0.023,-1,Echolocation,/mnt/ubna_data_01_mir/recover-20220825/UBNA_002/20220823_033000.WAV,Telephone Field,recover-20220825,002,1795
156.3165,156.3337,20312,23853,Nyctalus leisleri,0.012,0.023,-1,Echolocation,/mnt/ubna_data_01_mir/recover-20220825/UBNA_002/20220823_033000.WAV,Telephone Field,recover-20220825,002,1795
156.3305,156.3673,68437,82524,Rhinolophus ferrumequinum,0.022,0.022,-1,Echolocation,/mnt/ubna_data_01_mir/recover-20220825/UBNA_002/20220823_033000.WAV,Telephone Field,recover-20220825,002,1795
156.3395,156.3773,68437,81636,Rhinolophus ferrumequinum,0.023,0.023,-1,Echolocation,/mnt/ubna_data_01_mir/recover-20220825/UBNA_002/20220823_033000.WAV,Telephone Field,recover-20220825,002,1795
156.3595,156.3962,68437,81835,Rhinolophus ferrumequinum,0.022,0.022,-1,Echolocation,/mnt/ubna_data_01_mir/recover-20220825/UBNA_002/20220823_033000.WAV,Telephone Field,recover-20220825,002,1795
156.4125,156.4507,68437,81644,Rhinolophus ferrumequinum,0.03,0.03,-1,Echolocation,/mnt/ubna_data_01_mir/recover-20220825/UBNA_002/20220823_033000.WAV,Telephone Field,recover-20220825,002,1795
156.44650000000001,156.4848,68437,81942,Rhinolophus ferrumequinum,0.024,0.024,-1,Echolocation,/mnt/ubna_data_01_mir/recover-20220825/UBNA_002/20220823_033000.WAV,Telephone Field,recover-20220825,002,1795
156.4695,156.4791,23750,30260,Nyctalus leisleri,0.008,0.025,-1,Echolocation,/mnt/ubna_data_01_mir/recover-20220825/UBNA_002/20220823_033000.WAV,Telephone Field,recover-20220825,002,1795
156.4735,156.514,68437,82942,Rhinolophus ferrumequinum,0.022,0.022,-1,Echolocation,/mnt/ubna_data_01_mir/recover-20220825/UBNA_002/20220823_033000.WAV,Telephone Field,recover-20220825,002,1795
156.5095,156.5245,28906,36154,Eptesicus serotinus,0.025,0.038,-1,Echolocation,/mnt/ubna_data_01_mir/recover-20220825/UBNA_002/20220823_033000.WAV,Telephone Field,recover-20220825,002,1795
156.5125,156.5495,68437,82222,Rhinolophus ferrumequinum,0.025,0.025,-1,Echolocation,/mnt/ubna_data_01_mir/recover-20220825/UBNA_002/20220823_033000.WAV,Telephone Field,recover-20220825,002,1795
156.5385,156.5501,45234,50999,Pipistrellus pipistrellus,0.03,0.034,-1,Echolocation,/mnt/ubna_data_01_mir/recover-20220825/UBNA_002/20220823_033000.WAV,Telephone Field,recover-20220825,002,1795
156.5395,156.5459,25468,40122,Plecotus austriacus,0.011,0.033,-1,Echolocation,/mnt/ubna_data_01_mir/recover-20220825/UBNA_002/20220823_033000.WAV,Telephone Field,recover-20220825,002,1795
156.5645,156.6048,68437,82606,Rhinolophus ferrumequinum,0.022,0.022,-1,Echolocation,/mnt/ubna_data_01_mir/recover-20220825/UBNA_002/20220823_033000.WAV,Telephone Field,recover-20220825,002,1795
156.5695,156.5776,28046,40924,Eptesicus serotinus,0.008,0.023,-1,Echolocation,/mnt/ubna_data_01_mir/recover-20220825/UBNA_002/20220823_033000.WAV,Telephone Field,recover-20220825,002,1795
156.5725,156.6098,68437,82247,Rhinolophus ferrumequinum,0.022,0.022,-1,Echolocation,/mnt/ubna_data_01_mir/recover-20220825/UBNA_002/20220823_033000.WAV,Telephone Field,recover-20220825,002,1795
156.5805,156.6197,68437,82704,Rhinolophus ferrumequinum,0.024,0.024,-1,Echolocation,/mnt/ubna_data_01_mir/recover-20220825/UBNA_002/20220823_033000.WAV,Telephone Field,recover-20220825,002,1795
156.6125,156.6545,68437,82683,Rhinolophus ferrumequinum,0.026,0.026,-1,Echolocation,/mnt/ubna_data_01_mir/recover-20220825/UBNA_002/20220823_033000.WAV,Telephone Field,recover-20220825,002,1795
156.6345,156.6449,22031,26977,Nyctalus leisleri,0.01,0.023,-1,Echolocation,/mnt/ubna_data_01_mir/recover-20220825/UBNA_002/20220823_033000.WAV,Telephone Field,recover-20220825,002,1795
156.6345,156.6694,68437,81760,Rhinolophus ferrumequinum,0.022,0.022,-1,Echolocation,/mnt/ubna_data_01_mir/recover-20220825/UBNA_002/20220823_033000.WAV,Telephone Field,recover-20220825,002,1795
156.6545,156.6974,68437,83043,Rhinolophus ferrumequinum,0.033,0.033,-1,Echolocation,/mnt/ubna_data_01_mir/recover-20220825/UBNA_002/20220823_033000.WAV,Telephone Field,recover-20220825,002,1795
156.6765,156.7149,68437,82779,Rhinolophus ferrumequinum,0.025,0.025,-1,Echolocation,/mnt/ubna_data_01_mir/recover-20220825/UBNA_002/20220823_033000.WAV,Telephone Field,recover-20220825,002,1795
156.6805,156.6904,23750,30604,Nyctalus leisleri,0.008,0.023,-1,Echolocation,/mnt/ubna_data_01_mir/recover-20220825/UBNA_002/20220823_033000.WAV,Telephone Field,recover-20220825,002,1795
156.7155,156.723,28906,37789,Eptesicus serotinus,0.007,0.024,-1,Echolocation,/mnt/ubna_data_01_mir/recover-20220825/UBNA_002/20220823_033000.WAV,Telephone Field,recover-20220825,002,1795
156.7525,156.7627,44375,50872,Pipistrellus pipistrellus,0.043,0.048,-1,Echolocation,/mnt/ubna_data_01_mir/recover-20220825/UBNA_002/20220823_033000.WAV,Telephone Field,recover-20220825,002,1795
156.7795,156.8192,68437,82425,Rhinolophus ferrumequinum,0.023,0.023,-1,Echolocation,/mnt/ubna_data_01_mir/recover-20220825/UBNA_002/20220823_033000.WAV,Telephone Field,recover-20220825,002,1795
156.7905,156.7976,29765,39299,Eptesicus serotinus,0.008,0.027,-1,Echolocation,/mnt/ubna_data_01_mir/recover-20220825/UBNA_002/20220823_033000.WAV,Telephone Field,recover-20220825,002,1795
156.7935,156.8275,68437,81335,Rhinolophus ferrumequinum,0.023,0.023,-1,Echolocation,/mnt/ubna_data_01_mir/recover-20220825/UBNA_002/20220823_033000.WAV,Telephone Field,recover-20220825,002,1795
156.7995,156.8375,68437,82107,Rhinolophus ferrumequinum,0.022,0.022,-1,Echolocation,/mnt/ubna_data_01_mir/recover-20220825/UBNA_002/20220823_033000.WAV,Telephone Field,recover-20220825,002,1795
156.8315,156.8722,68437,82390,Rhinolophus ferrumequinum,0.023,0.023,-1,Echolocation,/mnt/ubna_data_01_mir/recover-20220825/UBNA_002/20220823_033000.WAV,Telephone Field,recover-20220825,002,1795
156.8505,156.8887,68437,81717,Rhinolophus ferrumequinum,0.022,0.022,-1,Echolocation,/mnt/ubna_data_01_mir/recover-20220825/UBNA_002/20220823_033000.WAV,Telephone Field,recover-20220825,002,1795
156.8905,156.928,68437,82410,Rhinolophus ferrumequinum,0.021,0.021,-1,Echolocation,/mnt/ubna_data_01_mir/recover-20220825/UBNA_002/20220823_033000.WAV,Telephone Field,recover-20220825,002,1795
156.9045,156.9421,68437,82304,Rhinolophus ferrumequinum,0.024,0.024,-1,Echolocation,/mnt/ubna_data_01_mir/recover-20220825/UBNA_002/20220823_033000.WAV,Telephone Field,recover-20220825,002,1795
156.9115,156.9529,68437,82663,Rhinolophus ferrumequinum,0.024,0.024,-1,Echolocation,/mnt/ubna_data_01_mir/recover-20220825/UBNA_002/20220823_033000.WAV,Telephone Field,recover-20220825,002,1795
156.9135,156.9221,48671,53626,Pipistrellus pipistrellus,0.026,0.028,-1,Echolocation,/mnt/ubna_data_01_mir/recover-20220825/UBNA_002/20220823_033000.WAV,Telephone Field,recover-20220825,002,1795
156.9215,156.9271,32343,46087,Myotis daubentonii,0.011,0.03,-1,Echolocation,/mnt/ubna_data_01_mir/recover-20220825/UBNA_002/20220823_033000.WAV,Telephone Field,recover-20220825,002,1795
156.9215,156.9271,25468,41451,Myotis nattereri,0.008,0.031,-1,Echolocation,/mnt/ubna_data_01_mir/recover-20220825/UBNA_002/20220823_033000.WAV,Telephone Field,recover-20220825,002,1795
156.9395,156.9514,22890,26836,Nyctalus leisleri,0.014,0.024,-1,Echolocation,/mnt/ubna_data_01_mir/recover-20220825/UBNA_002/20220823_033000.WAV,Telephone Field,recover-20220825,002,1795
156.9955,157.0042,27187,37152,Eptesicus serotinus,0.014,0.034,-1,Echolocation,/mnt/ubna_data_01_mir/recover-20220825/UBNA_002/20220823_033000.WAV,Telephone Field,recover-20220825,002,1795
157.0105,157.0472,68437,81370,Rhinolophus ferrumequinum,0.022,0.022,-1,Echolocation,/mnt/ubna_data_01_mir/recover-20220825/UBNA_002/20220823_033000.WAV,Telephone Field,recover-20220825,002,1795
157.0195,157.0561,68437,81643,Rhinolophus ferrumequinum,0.022,0.022,-1,Echolocation,/mnt/ubna_data_01_mir/recover-20220825/UBNA_002/20220823_033000.WAV,Telephone Field,recover-20220825,002,1795
157.0225,157.0321,29765,38071,Eptesicus serotinus,0.01,0.025,-1,Echolocation,/mnt/ubna_data_01_mir/recover-20220825/UBNA_002/20220823_033000.WAV,Telephone Field,recover-20220825,002,1795
157.0695,157.1096,68437,82423,Rhinolophus ferrumequinum,0.022,0.022,-1,Echolocation,/mnt/ubna_data_01_mir/recover-20220825/UBNA_002/20220823_033000.WAV,Telephone Field,recover-20220825,002,1795
157.1095,157.1194,24609,32263,Nyctalus leisleri,0.007,0.022,-1,Echolocation,/mnt/ubna_data_01_mir/recover-20220825/UBNA_002/20220823_033000.WAV,Telephone Field,recover-20220825,002,1795
157.1305,157.1705,68437,82773,Rhinolophus ferrumequinum,0.025,0.025,-1,Echolocation,/mnt/ubna_data_01_mir/recover-20220825/UBNA_002/20220823_033000.WAV,Telephone Field,recover-20220825,002,1795
157.1605,157.169,39218,49612,Pipistrellus nathusii,0.006,0.024,-1,Echolocation,/mnt/ubna_data_01_mir/recover-20220825/UBNA_002/20220823_033000.WAV,Telephone Field,recover-20220825,002,1795
157.1835,157.2204,68437,81944,Rhinolophus ferrumequinum,0.025,0.025,-1,Echolocation,/mnt/ubna_data_01_mir/recover-20220825/UBNA_002/20220823_033000.WAV,Telephone Field,recover-20220825,002,1795
157.1955,157.2053,22890,28689,Nyctalus leisleri,0.009,0.023,-1,Echolocation,/mnt/ubna_data_01_mir/recover-20220825/UBNA_002/20220823_033000.WAV,Telephone Field,recover-20220825,002,1795
157.2045,157.2467,68437,82989,Rhinolophus ferrumequinum,0.032,0.032,-1,Echolocation,/mnt/ubna_data_01_mir/recover-20220825/UBNA_002/20220823_033000.WAV,Telephone Field,recover-20220825,002,1795
157.2125,157.2255,28906,33471,Eptesicus serotinus,0.019,0.038,-1,Echolocation,/mnt/ubna_data_01_mir/recover-20220825/UBNA_002/20220823_033000.WAV,Telephone Field,recover-20220825,002,1795
157.2325,157.276,68437,82493,Rhinolophus ferrumequinum,0.027,0.027,-1,Echolocation,/mnt/ubna_data_01_mir/recover-20220825/UBNA_002/20220823_033000.WAV,Telephone Field,recover-20220825,002,1795
157.2355,157.2443,25468,36156,Plecotus austriacus,0.012,0.042,-1,Echolocation,/mnt/ubna_data_01_mir/recover-20220825/UBNA_002/20220823_033000.WAV,Telephone Field,recover-20220825,002,1795
157.2515,157.2594,26328,34631,Eptesicus serotinus,0.008,0.022,-1,Echolocation,/mnt/ubna_data_01_mir/recover-20220825/UBNA_002/20220823_033000.WAV,Telephone Field,recover-20220825,002,1795
157.2645,157.3046,68437,81975,Rhinolophus ferrumequinum,0.029,0.029,-1,Echolocation,/mnt/ubna_data_01_mir/recover-20220825/UBNA_002/20220823_033000.WAV,Telephone Field,recover-20220825,002,1795
157.2655,157.2798,48671,55066,Pipistrellus pipistrellus,0.026,0.032,-1,Echolocation,/mnt/ubna_data_01_mir/recover-20220825/UBNA_002/20220823_033000.WAV,Telephone Field,recover-20220825,002,1795
157.2675,157.2742,27187,41823,Eptesicus serotinus,0.006,0.025,-1,Echolocation,/mnt/ubna_data_01_mir/recover-20220825/UBNA_002/20220823_033000.WAV,Telephone Field,recover-20220825,002,1795
157.2935,157.3032,22890,29694,Plecotus austriacus,0.008,0.025,-1,Echolocation,/mnt/ubna_data_01_mir/recover-20220825/UBNA_002/20220823_033000.WAV,Telephone Field,recover-20220825,002,1795
157.3315,157.34,28906,37549,Eptesicus serotinus,0.008,0.025,-1,Echolocation,/mnt/ubna_data_01_mir/recover-20220825/UBNA_002/20220823_033000.WAV,Telephone Field,recover-20220825,002,1795
157.3345,157.3738,68437,82273,Rhinolophus ferrumequinum,0.04,0.04,-1,Echolocation,/mnt/ubna_data_01_mir/recover-20220825/UBNA_002/20220823_033000.WAV,Telephone Field,recover-20220825,002,1795
157.3555,157.363,28906,37251,Eptesicus serotinus,0.007,0.023,-1,Echolocation,/mnt/ubna_data_01_mir/recover-20220825/UBNA_002/20220823_033000.WAV,Telephone Field,recover-20220825,002,1795
157.3635,157.3953,68437,79857,Rhinolophus ferrumequinum,0.021,0.022,-1,Echolocation,/mnt/ubna_data_01_mir/recover-20220825/UBNA_002/20220823_033000.WAV,Telephone Field,recover-20220825,002,1795
157.3725,157.3873,14296,19655,Nyctalus noctula,0.022,0.031,-1,Echolocation,/mnt/ubna_data_01_mir/recover-20220825/UBNA_002/20220823_033000.WAV,Telephone Field,recover-20220825,002,1795
157.3875,157.4266,68437,82232,Rhinolophus ferrumequinum,0.024,0.024,-1,Echolocation,/mnt/ubna_data_01_mir/recover-20220825/UBNA_002/20220823_033000.WAV,Telephone Field,recover-20220825,002,1795
157.3975,157.4344,68437,82665,Rhinolophus ferrumequinum,0.028,0.028,-1,Echolocation,/mnt/ubna_data_01_mir/recover-20220825/UBNA_002/20220823_033000.WAV,Telephone Field,recover-20220825,002,1795
157.4155,157.4483,68437,81295,Rhinolophus ferrumequinum,0.022,0.022,-1,Echolocation,/mnt/ubna_data_01_mir/recover-20220825/UBNA_002/20220823_033000.WAV,Telephone Field,recover-20220825,002,1795
157.4235,157.4566,68437,81216,Rhinolophus ferrumequinum,0.023,0.023,-1,Echolocation,/mnt/ubna_data_01_mir/recover-20220825/UBNA_002/20220823_033000.WAV,Telephone Field,recover-20220825,002,1795
157.4935,157.5067,55546,60297,Pipistrellus pygmaeus,0.021,0.022,-1,Echolocation,/mnt/ubna_data_01_mir/recover-20220825/UBNA_002/20220823_033000.WAV,Telephone Field,recover-20220825,002,1795
157.4935,157.5005,28046,40855,Eptesicus serotinus,0.006,0.022,-1,Echolocation,/mnt/ubna_data_01_mir/recover-20220825/UBNA_002/20220823_033000.WAV,Telephone Field,recover-20220825,002,1795
157.4955,157.5038,23750,31889,Plecotus austriacus,0.008,0.022,-1,Echolocation,/mnt/ubna_data_01_mir/recover-20220825/UBNA_002/20220823_033000.WAV,Telephone Field,recover-20220825,002,1795
157.4955,157.5386,68437,82835,Rhinolophus ferrumequinum,0.027,0.027,-1,Echolocation,/mnt/ubna_data_01_mir/recover-20220825/UBNA_002/20220823_033000.WAV,Telephone Field,recover-20220825,002,1795
157.5175,157.523,49531,56387,Pipistrellus pipistrellus,0.022,0.026,-1,Echolocation,/mnt/ubna_data_01_mir/recover-20220825/UBNA_002/20220823_033000.WAV,Telephone Field,recover-20220825,002,1795
157.5185,157.5594,68437,82718,Rhinolophus ferrumequinum,0.031,0.031,-1,Echolocation,/mnt/ubna_data_01_mir/recover-20220825/UBNA_002/20220823_033000.WAV,Telephone Field,recover-20220825,002,1795
157.5185,157.5238,38359,59661,Myotis mystacinus,0.007,0.025,-1,Echolocation,/mnt/ubna_data_01_mir/recover-20220825/UBNA_002/20220823_033000.WAV,Telephone Field,recover-20220825,002,1795
157.5805,157.5925,23750,28506,Nyctalus leisleri,0.015,0.027,-1,Echolocation,/mnt/ubna_data_01_mir/recover-20220825/UBNA_002/20220823_033000.WAV,Telephone Field,recover-20220825,002,1795
157.5915,157.6271,68437,80828,Rhinolophus ferrumequinum,0.023,0.023,-1,Echolocation,/mnt/ubna_data_01_mir/recover-20220825/UBNA_002/20220823_033000.WAV,Telephone Field,recover-20220825,002,1795
157.6005,157.6358,68437,81565,Rhinolophus ferrumequinum,0.021,0.021,-1,Echolocation,/mnt/ubna_data_01_mir/recover-20220825/UBNA_002/20220823_033000.WAV,Telephone Field,recover-20220825,002,1795
157.6245,157.6363,25468,31338,Eptesicus serotinus,0.009,0.022,-1,Echolocation,/mnt/ubna_data_01_mir/recover-20220825/UBNA_002/20220823_033000.WAV,Telephone Field,recover-20220825,002,1795
157.6315,157.6714,68437,82052,Rhinolophus ferrumequinum,0.024,0.024,-1,Echolocation,/mnt/ubna_data_01_mir/recover-20220825/UBNA_002/20220823_033000.WAV,Telephone Field,recover-20220825,002,1795
157.6725,157.7094,68437,82000,Rhinolophus ferrumequinum,0.023,0.023,-1,Echolocation,/mnt/ubna_data_01_mir/recover-20220825/UBNA_002/20220823_033000.WAV,Telephone Field,recover-20220825,002,1795
157.6805,157.6942,22890,26803,Nyctalus leisleri,0.015,0.025,-1,Echolocation,/mnt/ubna_data_01_mir/recover-20220825/UBNA_002/20220823_033000.WAV,Telephone Field,recover-20220825,002,1795
157.7125,157.7501,68437,81441,Rhinolophus ferrumequinum,0.022,0.022,-1,Echolocation,/mnt/ubna_data_01_mir/recover-20220825/UBNA_002/20220823_033000.WAV,Telephone Field,recover-20220825,002,1795
157.7175,157.7284,24609,29160,Nyctalus leisleri,0.015,0.029,-1,Echolocation,/mnt/ubna_data_01_mir/recover-20220825/UBNA_002/20220823_033000.WAV,Telephone Field,recover-20220825,002,1795
157.7325,157.7718,68437,82576,Rhinolophus ferrumequinum,0.025,0.025,-1,Echolocation,/mnt/ubna_data_01_mir/recover-20220825/UBNA_002/20220823_033000.WAV,Telephone Field,recover-20220825,002,1795
157.7605,157.8007,68437,82407,Rhinolophus ferrumequinum,0.023,0.023,-1,Echolocation,/mnt/ubna_data_01_mir/recover-20220825/UBNA_002/20220823_033000.WAV,Telephone Field,recover-20220825,002,1795
157.7635,157.7769,24609,29909,Nyctalus leisleri,0.017,0.039,-1,Echolocation,/mnt/ubna_data_01_mir/recover-20220825/UBNA_002/20220823_033000.WAV,Telephone Field,recover-20220825,002,1795
157.7815,157.79,25468,33961,Eptesicus serotinus,0.009,0.032,-1,Echolocation,/mnt/ubna_data_01_mir/recover-20220825/UBNA_002/20220823_033000.WAV,Telephone Field,recover-20220825,002,1795
157.7885,157.8255,68437,82139,Rhinolophus ferrumequinum,0.022,0.022,-1,Echolocation,/mnt/ubna_data_01_mir/recover-20220825/UBNA_002/20220823_033000.WAV,Telephone Field,recover-20220825,002,1795
157.8085,157.8238,58984,63583,Pipistrellus pygmaeus,0.028,0.038,-1,Echolocation,/mnt/ubna_data_01_mir/recover-20220825/UBNA_002/20220823_033000.WAV,Telephone Field,recover-20220825,002,1795
157.8115,157.8185,28046,40091,Eptesicus serotinus,0.006,0.021,-1,Echolocation,/mnt/ubna_data_01_mir/recover-20220825/UBNA_002/20220823_033000.WAV,Telephone Field,recover-20220825,002,1795
157.82150000000001,157.8576,68437,81957,Rhinolophus ferrumequinum,0.023,0.023,-1,Echolocation,/mnt/ubna_data_01_mir/recover-20220825/UBNA_002/20220823_033000.WAV,Telephone Field,recover-20220825,002,1795
157.8305,157.8692,68437,81902,Rhinolophus ferrumequinum,0.023,0.023,-1,Echolocation,/mnt/ubna_data_01_mir/recover-20220825/UBNA_002/20220823_033000.WAV,Telephone Field,recover-20220825,002,1795
157.8375,157.8443,47812,58887,Pipistrellus pipistrellus,0.022,0.027,-1,Echolocation,/mnt/ubna_data_01_mir/recover-20220825/UBNA_002/20220823_033000.WAV,Telephone Field,recover-20220825,002,1795
157.8625,157.9076,68437,83501,Rhinolophus ferrumequinum,0.055,0.055,-1,Echolocation,/mnt/ubna_data_01_mir/recover-20220825/UBNA_002/20220823_033000.WAV,Telephone Field,recover-20220825,002,1795
157.8645,157.8775,29765,34330,Eptesicus serotinus,0.019,0.041,-1,Echolocation,/mnt/ubna_data_01_mir/recover-20220825/UBNA_002/20220823_033000.WAV,Telephone Field,recover-20220825,002,1795
157.8915,157.8997,23750,31153,Plecotus austriacus,0.008,0.022,-1,Echolocation,/mnt/ubna_data_01_mir/recover-20220825/UBNA_002/20220823_033000.WAV,Telephone Field,recover-20220825,002,1795
157.9085,157.9448,68437,81705,Rhinolophus ferrumequinum,0.021,0.021,-1,Echolocation,/mnt/ubna_data_01_mir/recover-20220825/UBNA_002/20220823_033000.WAV,Telephone Field,recover-20220825,002,1795
157.9165,157.9555,68437,82122,Rhinolophus ferrumequinum,0.025,0.026,-1,Echolocation,/mnt/ubna_data_01_mir/recover-20220825/UBNA_002/20220823_033000.WAV,Telephone Field,recover-20220825,002,1795
157.9375,157.94819999999999,22890,29040,Nyctalus leisleri,0.01,0.026,-1,Echolocation,/mnt/ubna_data_01_mir/recover-20220825/UBNA_002/20220823_033000.WAV,Telephone Field,recover-20220825,002,1795
157.9555,157.9625,28046,38579,Eptesicus serotinus,0.005,0.021,-1,Echolocation,/mnt/ubna_data_01_mir/recover-20220825/UBNA_002/20220823_033000.WAV,Telephone Field,recover-20220825,002,1795
158.0015,158.0094,47812,54402,Pipistrellus pipistrellus,0.021,0.027,-1,Echolocation,/mnt/ubna_data_01_mir/recover-20220825/UBNA_002/20220823_033000.WAV,Telephone Field,recover-20220825,002,1795
158.0015,158.0323,69296,81215,Rhinolophus ferrumequinum,0.034,0.034,-1,Echolocation,/mnt/ubna_data_01_mir/recover-20220825/UBNA_002/20220823_033000.WAV,Telephone Field,recover-20220825,002,1795
158.0015,158.0103,22890,30946,Nyctalus leisleri,0.009,0.029,-1,Echolocation,/mnt/ubna_data_01_mir/recover-20220825/UBNA_002/20220823_033000.WAV,Telephone Field,recover-20220825,002,1795
158.0015,158.0104,29765,36943,Eptesicus serotinus,0.007,0.023,-1,Echolocation,/mnt/ubna_data_01_mir/recover-20220825/UBNA_002/20220823_033000.WAV,Telephone Field,recover-20220825,002,1795
158.0175,158.0567,68437,82376,Rhinolophus ferrumequinum,0.023,0.023,-1,Echolocation,/mnt/ubna_data_01_mir/recover-20220825/UBNA_002/20220823_033000.WAV,Telephone Field,recover-20220825,002,1795
158.1285,158.1658,68437,82200,Rhinolophus ferrumequinum,0.022,0.022,-1,Echolocation,/mnt/ubna_data_01_mir/recover-20220825/UBNA_002/20220823_033000.WAV,Telephone Field,recover-20220825,002,1795
158.1445,158.1853,68437,82156,Rhinolophus ferrumequinum,0.031,0.031,-1,Echolocation,/mnt/ubna_data_01_mir/recover-20220825/UBNA_002/20220823_033000.WAV,Telephone Field,recover-20220825,002,1795
158.1735,158.1796,26328,41416,Myotis daubentonii,0.007,0.033,-1,Echolocation,/mnt/ubna_data_01_mir/recover-20220825/UBNA_002/20220823_033000.WAV,Telephone Field,recover-20220825,002,1795
158.2175,158.2293,23750,29584,Nyctalus leisleri,0.017,0.037,-1,Echolocation,/mnt/ubna_data_01_mir/recover-20220825/UBNA_002/20220823_033000.WAV,Telephone Field,recover-20220825,002,1795
158.2425,158.2803,68437,81337,Rhinolophus ferrumequinum,0.022,0.022,-1,Echolocation,/mnt/ubna_data_01_mir/recover-20220825/UBNA_002/20220823_033000.WAV,Telephone Field,recover-20220825,002,1795
158.2515,158.2895,68437,82527,Rhinolophus ferrumequinum,0.022,0.022,-1,Echolocation,/mnt/ubna_data_01_mir/recover-20220825/UBNA_002/20220823_033000.WAV,Telephone Field,recover-20220825,002,1795
158.2665,158.273,25468,41730,Myotis nattereri,0.005,0.025,-1,Echolocation,/mnt/ubna_data_01_mir/recover-20220825/UBNA_002/20220823_033000.WAV,Telephone Field,recover-20220825,002,1795
158.2775,158.3148,68437,81958,Rhinolophus ferrumequinum,0.027,0.027,-1,Echolocation,/mnt/ubna_data_01_mir/recover-20220825/UBNA_002/20220823_033000.WAV,Telephone Field,recover-20220825,002,1795
158.3635,158.4036,68437,83047,Rhinolophus ferrumequinum,0.024,0.024,-1,Echolocation,/mnt/ubna_data_01_mir/recover-20220825/UBNA_002/20220823_033000.WAV,Telephone Field,recover-20220825,002,1795
158.4035,158.4145,28046,36735,Eptesicus serotinus,0.014,0.028,-1,Echolocation,/mnt/ubna_data_01_mir/recover-20220825/UBNA_002/20220823_033000.WAV,Telephone Field,recover-20220825,002,1795
158.41649999999998,158.4548,68437,81802,Rhinolophus ferrumequinum,0.022,0.022,-1,Echolocation,/mnt/ubna_data_01_mir/recover-20220825/UBNA_002/20220823_033000.WAV,Telephone Field,recover-20220825,002,1795
158.4215,158.4281,47812,54248,Pipistrellus pipistrellus,0.021,0.023,-1,Echolocation,/mnt/ubna_data_01_mir/recover-20220825/UBNA_002/20220823_033000.WAV,Telephone Field,recover-20220825,002,1795
158.4235,158.4304,28046,40176,Eptesicus serotinus,0.007,0.024,-1,Echolocation,/mnt/ubna_data_01_mir/recover-20220825/UBNA_002/20220823_033000.WAV,Telephone Field,recover-20220825,002,1795
158.4595,158.4682,22031,28222,Plecotus austriacus,0.009,0.022,-1,Echolocation,/mnt/ubna_data_01_mir/recover-20220825/UBNA_002/20220823_033000.WAV,Telephone Field,recover-20220825,002,1795
158.5145,158.5227,28906,38787,Eptesicus serotinus,0.007,0.022,-1,Echolocation,/mnt/ubna_data_01_mir/recover-20220825/UBNA_002/20220823_033000.WAV,Telephone Field,recover-20220825,002,1795
158.5265,158.5682,68437,82667,Rhinolophus ferrumequinum,0.033,0.033,-1,Echolocation,/mnt/ubna_data_01_mir/recover-20220825/UBNA_002/20220823_033000.WAV,Telephone Field,recover-20220825,002,1795
158.5605,158.57319999999999,22890,28007,Nyctalus leisleri,0.011,0.024,-1,Echolocation,/mnt/ubna_data_01_mir/recover-20220825/UBNA_002/20220823_033000.WAV,Telephone Field,recover-20220825,002,1795
158.5655,158.6064,68437,82784,Rhinolophus ferrumequinum,0.024,0.024,-1,Echolocation,/mnt/ubna_data_01_mir/recover-20220825/UBNA_002/20220823_033000.WAV,Telephone Field,recover-20220825,002,1795
158.6115,158.6197,25468,33270,Eptesicus serotinus,0.007,0.023,-1,Echolocation,/mnt/ubna_data_01_mir/recover-20220825/UBNA_002/20220823_033000.WAV,Telephone Field,recover-20220825,002,1795
158.6405,158.68,68437,82358,Rhinolophus ferrumequinum,0.023,0.023,-1,Echolocation,/mnt/ubna_data_01_mir/recover-20220825/UBNA_002/20220823_033000.WAV,Telephone Field,recover-20220825,002,1795
158.6555,158.695,68437,81772,Rhinolophus ferrumequinum,0.028,0.028,-1,Echolocation,/mnt/ubna_data_01_mir/recover-20220825/UBNA_002/20220823_033000.WAV,Telephone Field,recover-20220825,002,1795
158.6715,158.7094,68437,82196,Rhinolophus ferrumequinum,0.023,0.023,-1,Echolocation,/mnt/ubna_data_01_mir/recover-20220825/UBNA_002/20220823_033000.WAV,Telephone Field,recover-20220825,002,1795
158.6875,158.6943,28046,40723,Eptesicus serotinus,0.007,0.025,-1,Echolocation,/mnt/ubna_data_01_mir/recover-20220825/UBNA_002/20220823_033000.WAV,Telephone Field,recover-20220825,002,1795
158.7075,158.7457,68437,81759,Rhinolophus ferrumequinum,0.022,0.022,-1,Echolocation,/mnt/ubna_data_01_mir/recover-20220825/UBNA_002/20220823_033000.WAV,Telephone Field,recover-20220825,002,1795
158.7225,158.7618,68437,82568,Rhinolophus ferrumequinum,0.023,0.023,-1,Echolocation,/mnt/ubna_data_01_mir/recover-20220825/UBNA_002/20220823_033000.WAV,Telephone Field,recover-20220825,002,1795
158.7895,158.8001,28046,35587,Eptesicus serotinus,0.012,0.025,-1,Echolocation,/mnt/ubna_data_01_mir/recover-20220825/UBNA_002/20220823_033000.WAV,Telephone Field,recover-20220825,002,1795
158.8325,158.8691,68437,81866,Rhinolophus ferrumequinum,0.033,0.033,-1,Echolocation,/mnt/ubna_data_01_mir/recover-20220825/UBNA_002/20220823_033000.WAV,Telephone Field,recover-20220825,002,1795
158.8745,158.9117,68437,82144,Rhinolophus ferrumequinum,0.029,0.029,-1,Echolocation,/mnt/ubna_data_01_mir/recover-20220825/UBNA_002/20220823_033000.WAV,Telephone Field,recover-20220825,002,1795
158.8875,158.9262,68437,82959,Rhinolophus ferrumequinum,0.027,0.027,-1,Echolocation,/mnt/ubna_data_01_mir/recover-20220825/UBNA_002/20220823_033000.WAV,Telephone Field,recover-20220825,002,1795
158.9145,158.9493,68437,81262,Rhinolophus ferrumequinum,0.024,0.024,-1,Echolocation,/mnt/ubna_data_01_mir/recover-20220825/UBNA_002/20220823_033000.WAV,Telephone Field,recover-20220825,002,1795
158.9355,158.9488,40937,44703,Pipistrellus nathusii,0.012,0.023,-1,Echolocation,/mnt/ubna_data_01_mir/recover-20220825/UBNA_002/20220823_033000.WAV,Telephone Field,recover-20220825,002,1795
158.9755,159.0155,68437,82222,Rhinolophus ferrumequinum,0.028,0.028,-1,Echolocation,/mnt/ubna_data_01_mir/recover-20220825/UBNA_002/20220823_033000.WAV,Telephone Field,recover-20220825,002,1795
159.05349999999999,159.0635,24609,31325,Nyctalus leisleri,0.009,0.026,-1,Echolocation,/mnt/ubna_data_01_mir/recover-20220825/UBNA_002/20220823_033000.WAV,Telephone Field,recover-20220825,002,1795
159.0595,159.0984,68437,82206,Rhinolophus ferrumequinum,0.022,0.022,-1,Echolocation,/mnt/ubna_data_01_mir/recover-20220825/UBNA_002/20220823_033000.WAV,Telephone Field,recover-20220825,002,1795
159.0795,159.086,28046,38734,Eptesicus serotinus,0.006,0.025,-1,Echolocation,/mnt/ubna_data_01_mir/recover-20220825/UBNA_002/20220823_033000.WAV,Telephone Field,recover-20220825,002,1795
159.0875,159.1226,68437,81776,Rhinolophus ferrumequinum,0.025,0.025,-1,Echolocation,/mnt/ubna_data_01_mir/recover-20220825/UBNA_002/20220823_033000.WAV,Telephone Field,recover-20220825,002,1795
159.0995,159.1399,68437,82301,Rhinolophus ferrumequinum,0.025,0.026,-1,Echolocation,/mnt/ubna_data_01_mir/recover-20220825/UBNA_002/20220823_033000.WAV,Telephone Field,recover-20220825,002,1795
159.1095,159.1191,24609,31621,Eptesicus serotinus,0.009,0.024,-1,Echolocation,/mnt/ubna_data_01_mir/recover-20220825/UBNA_002/20220823_033000.WAV,Telephone Field,recover-20220825,002,1795
159.1165,159.1534,68437,82237,Rhinolophus ferrumequinum,0.024,0.024,-1,Echolocation,/mnt/ubna_data_01_mir/recover-20220825/UBNA_002/20220823_033000.WAV,Telephone Field,recover-20220825,002,1795
159.1195,159.1274,28046,37599,Eptesicus serotinus,0.011,0.028,-1,Echolocation,/mnt/ubna_data_01_mir/recover-20220825/UBNA_002/20220823_033000.WAV,Telephone Field,recover-20220825,002,1795
159.1555,159.1955,68437,82856,Rhinolophus ferrumequinum,0.032,0.032,-1,Echolocation,/mnt/ubna_data_01_mir/recover-20220825/UBNA_002/20220823_033000.WAV,Telephone Field,recover-20220825,002,1795
159.1645,159.2023,68437,81941,Rhinolophus ferrumequinum,0.023,0.023,-1,Echolocation,/mnt/ubna_data_01_mir/recover-20220825/UBNA_002/20220823_033000.WAV,Telephone Field,recover-20220825,002,1795
159.2125,159.2203,28046,40584,Eptesicus serotinus,0.008,0.023,-1,Echolocation,/mnt/ubna_data_01_mir/recover-20220825/UBNA_002/20220823_033000.WAV,Telephone Field,recover-20220825,002,1795
159.2365,159.24869999999999,49531,54490,Pipistrellus pipistrellus,0.039,0.049,-1,Echolocation,/mnt/ubna_data_01_mir/recover-20220825/UBNA_002/20220823_033000.WAV,Telephone Field,recover-20220825,002,1795
159.2535,159.2735,16015,19171,Nyctalus noctula,0.076,0.102,-1,Echolocation,/mnt/ubna_data_01_mir/recover-20220825/UBNA_002/20220823_033000.WAV,Telephone Field,recover-20220825,002,1795
159.2605,159.2715,28906,37032,Eptesicus serotinus,0.013,0.029,-1,Echolocation,/mnt/ubna_data_01_mir/recover-20220825/UBNA_002/20220823_033000.WAV,Telephone Field,recover-20220825,002,1795
159.2935,159.3348,68437,82663,Rhinolophus ferrumequinum,0.031,0.031,-1,Echolocation,/mnt/ubna_data_01_mir/recover-20220825/UBNA_002/20220823_033000.WAV,Telephone Field,recover-20220825,002,1795
159.2945,159.3057,22890,28439,Nyctalus leisleri,0.014,0.031,-1,Echolocation,/mnt/ubna_data_01_mir/recover-20220825/UBNA_002/20220823_033000.WAV,Telephone Field,recover-20220825,002,1795
159.3195,159.3635,68437,82965,Rhinolophus ferrumequinum,0.027,0.027,-1,Echolocation,/mnt/ubna_data_01_mir/recover-20220825/UBNA_002/20220823_033000.WAV,Telephone Field,recover-20220825,002,1795
159.3455,159.3832,68437,81935,Rhinolophus ferrumequinum,0.023,0.023,-1,Echolocation,/mnt/ubna_data_01_mir/recover-20220825/UBNA_002/20220823_033000.WAV,Telephone Field,recover-20220825,002,1795
159.3485,159.3576,28906,38491,Eptesicus serotinus,0.008,0.024,-1,Echolocation,/mnt/ubna_data_01_mir/recover-20220825/UBNA_002/20220823_033000.WAV,Telephone Field,recover-20220825,002,1795
159.3765,159.4156,68437,82102,Rhinolophus ferrumequinum,0.022,0.023,-1,Echolocation,/mnt/ubna_data_01_mir/recover-20220825/UBNA_002/20220823_033000.WAV,Telephone Field,recover-20220825,002,1795
159.3825,159.3914,28046,38926,Eptesicus serotinus,0.009,0.024,-1,Echolocation,/mnt/ubna_data_01_mir/recover-20220825/UBNA_002/20220823_033000.WAV,Telephone Field,recover-20220825,002,1795
159.4215,159.4616,68437,82137,Rhinolophus ferrumequinum,0.023,0.023,-1,Echolocation,/mnt/ubna_data_01_mir/recover-20220825/UBNA_002/20220823_033000.WAV,Telephone Field,recover-20220825,002,1795
159.4445,159.4841,68437,81736,Rhinolophus ferrumequinum,0.023,0.023,-1,Echolocation,/mnt/ubna_data_01_mir/recover-20220825/UBNA_002/20220823_033000.WAV,Telephone Field,recover-20220825,002,1795
159.4485,159.4567,51250,57087,Pipistrellus pipistrellus,0.019,0.024,-1,Echolocation,/mnt/ubna_data_01_mir/recover-20220825/UBNA_002/20220823_033000.WAV,Telephone Field,recover-20220825,002,1795
159.4925,159.5353,68437,83150,Rhinolophus ferrumequinum,0.032,0.032,-1,Echolocation,/mnt/ubna_data_01_mir/recover-20220825/UBNA_002/20220823_033000.WAV,Telephone Field,recover-20220825,002,1795
159.4985,159.5058,28046,40322,Eptesicus serotinus,0.007,0.024,-1,Echolocation,/mnt/ubna_data_01_mir/recover-20220825/UBNA_002/20220823_033000.WAV,Telephone Field,recover-20220825,002,1795
159.5745,159.58089999999999,27187,42726,Myotis daubentonii,0.008,0.031,-1,Echolocation,/mnt/ubna_data_01_mir/recover-20220825/UBNA_002/20220823_033000.WAV,Telephone Field,recover-20220825,002,1795
159.5855,159.6227,68437,81695,Rhinolophus ferrumequinum,0.023,0.023,-1,Echolocation,/mnt/ubna_data_01_mir/recover-20220825/UBNA_002/20220823_033000.WAV,Telephone Field,recover-20220825,002,1795
159.6045,159.6431,68437,82062,Rhinolophus ferrumequinum,0.023,0.023,-1,Echolocation,/mnt/ubna_data_01_mir/recover-20220825/UBNA_002/20220823_033000.WAV,Telephone Field,recover-20220825,002,1795
159.6095,159.6464,68437,82661,Rhinolophus ferrumequinum,0.023,0.023,-1,Echolocation,/mnt/ubna_data_01_mir/recover-20220825/UBNA_002/20220823_033000.WAV,Telephone Field,recover-20220825,002,1795
159.6235,159.6338,41796,48625,Pipistrellus nathusii,0.007,0.022,-1,Echolocation,/mnt/ubna_data_01_mir/recover-20220825/UBNA_002/20220823_033000.WAV,Telephone Field,recover-20220825,002,1795
159.6235,159.6309,27187,38794,Eptesicus serotinus,0.007,0.023,-1,Echolocation,/mnt/ubna_data_01_mir/recover-20220825/UBNA_002/20220823_033000.WAV,Telephone Field,recover-20220825,002,1795
159.6345,159.6711,68437,81980,Rhinolophus ferrumequinum,0.023,0.023,-1,Echolocation,/mnt/ubna_data_01_mir/recover-20220825/UBNA_002/20220823_033000.WAV,Telephone Field,recover-20220825,002,1795
159.6445,159.685,68437,82567,Rhinolophus ferrumequinum,0.022,0.022,-1,Echolocation,/mnt/ubna_data_01_mir/recover-20220825/UBNA_002/20220823_033000.WAV,Telephone Field,recover-20220825,002,1795
159.6625,159.7009,68437,82410,Rhinolophus ferrumequinum,0.022,0.022,-1,Echolocation,/mnt/ubna_data_01_mir/recover-20220825/UBNA_002/20220823_033000.WAV,Telephone Field,recover-20220825,002,1795
159.7425,159.7842,68437,82509,Rhinolophus ferrumequinum,0.025,0.025,-1,Echolocation,/mnt/ubna_data_01_mir/recover-20220825/UBNA_002/20220823_033000.WAV,Telephone Field,recover-20220825,002,1795
159.7505,159.7899,68437,82637,Rhinolophus ferrumequinum,0.024,0.024,-1,Echolocation,/mnt/ubna_data_01_mir/recover-20220825/UBNA_002/20220823_033000.WAV,Telephone Field,recover-20220825,002,1795
159.7805,159.7933,22031,25911,Nyctalus leisleri,0.013,0.022,-1,Echolocation,/mnt/ubna_data_01_mir/recover-20220825/UBNA_002/20220823_033000.WAV,Telephone Field,recover-20220825,002,1795
159.8075,159.8485,68437,81728,Rhinolophus ferrumequinum,0.023,0.023,-1,Echolocation,/mnt/ubna_data_01_mir/recover-20220825/UBNA_002/20220823_033000.WAV,Telephone Field,recover-20220825,002,1795
159.8095,159.8199,26328,35755,Eptesicus serotinus,0.011,0.025,-1,Echolocation,/mnt/ubna_data_01_mir/recover-20220825/UBNA_002/20220823_033000.WAV,Telephone Field,recover-20220825,002,1795
159.8165,159.825,28046,41701,Eptesicus serotinus,0.009,0.024,-1,Echolocation,/mnt/ubna_data_01_mir/recover-20220825/UBNA_002/20220823_033000.WAV,Telephone Field,recover-20220825,002,1795
159.8305,159.8387,28046,37732,Eptesicus serotinus,0.009,0.026,-1,Echolocation,/mnt/ubna_data_01_mir/recover-20220825/UBNA_002/20220823_033000.WAV,Telephone Field,recover-20220825,002,1795
159.83350000000002,159.8706,68437,82223,Rhinolophus ferrumequinum,0.023,0.023,-1,Echolocation,/mnt/ubna_data_01_mir/recover-20220825/UBNA_002/20220823_033000.WAV,Telephone Field,recover-20220825,002,1795
159.8715,159.8789,27187,38641,Eptesicus serotinus,0.008,0.024,-1,Echolocation,/mnt/ubna_data_01_mir/recover-20220825/UBNA_002/20220823_033000.WAV,Telephone Field,recover-20220825,002,1795
159.8905,159.928,68437,81585,Rhinolophus ferrumequinum,0.023,0.023,-1,Echolocation,/mnt/ubna_data_01_mir/recover-20220825/UBNA_002/20220823_033000.WAV,Telephone Field,recover-20220825,002,1795
159.9005,159.9119,22890,27753,Nyctalus leisleri,0.012,0.025,-1,Echolocation,/mnt/ubna_data_01_mir/recover-20220825/UBNA_002/20220823_033000.WAV,Telephone Field,recover-20220825,002,1795
159.9095,159.9455,68437,81336,Rhinolophus ferrumequinum,0.023,0.023,-1,Echolocation,/mnt/ubna_data_01_mir/recover-20220825/UBNA_002/20220823_033000.WAV,Telephone Field,recover-20220825,002,1795
159.9125,159.9225,23750,29823,Nyctalus leisleri,0.009,0.024,-1,Echolocation,/mnt/ubna_data_01_mir/recover-20220825/UBNA_002/20220823_033000.WAV,Telephone Field,recover-20220825,002,1795
159.9305,159.9384,27187,44783,Eptesicus serotinus,0.008,0.024,-1,Echolocation,/mnt/ubna_data_01_mir/recover-20220825/UBNA_002/20220823_033000.WAV,Telephone Field,recover-20220825,002,1795
159.9455,159.9838,68437,82087,Rhinolophus ferrumequinum,0.027,0.027,-1,Echolocation,/mnt/ubna_data_01_mir/recover-20220825/UBNA_002/20220823_033000.WAV,Telephone Field,recover-20220825,002,1795
159.9555,159.9646,28046,38478,Eptesicus serotinus,0.008,0.023,-1,Echolocation,/mnt/ubna_data_01_mir/recover-20220825/UBNA_002/20220823_033000.WAV,Telephone Field,recover-20220825,002,1795
159.9665,159.97899999999998,22890,27332,Nyctalus leisleri,0.012,0.023,-1,Echolocation,/mnt/ubna_data_01_mir/recover-20220825/UBNA_002/20220823_033000.WAV,Telephone Field,recover-20220825,002,1795
160.0015,160.0321,69296,81216,Rhinolophus ferrumequinum,0.024,0.024,-1,Echolocation,/mnt/ubna_data_01_mir/recover-20220825/UBNA_002/20220823_033000.WAV,Telephone Field,recover-20220825,002,1795
160.0015,160.0095,25468,37569,Myotis nattereri,0.005,0.025,-1,Echolocation,/mnt/ubna_data_01_mir/recover-20220825/UBNA_002/20220823_033000.WAV,Telephone Field,recover-20220825,002,1795
160.0015,160.0097,30625,41431,Myotis daubentonii,0.006,0.025,-1,Echolocation,/mnt/ubna_data_01_mir/recover-20220825/UBNA_002/20220823_033000.WAV,Telephone Field,recover-20220825,002,1795
160.0145,160.0572,68437,83153,Rhinolophus ferrumequinum,0.024,0.024,-1,Echolocation,/mnt/ubna_data_01_mir/recover-20220825/UBNA_002/20220823_033000.WAV,Telephone Field,recover-20220825,002,1795
160.0275,160.0351,27187,37151,Eptesicus serotinus,0.007,0.022,-1,Echolocation,/mnt/ubna_data_01_mir/recover-20220825/UBNA_002/20220823_033000.WAV,Telephone Field,recover-20220825,002,1795
160.0745,160.1134,68437,82317,Rhinolophus ferrumequinum,0.028,0.028,-1,Echolocation,/mnt/ubna_data_01_mir/recover-20220825/UBNA_002/20220823_033000.WAV,Telephone Field,recover-20220825,002,1795
160.1475,160.1865,68437,82262,Rhinolophus ferrumequinum,0.026,0.026,-1,Echolocation,/mnt/ubna_data_01_mir/recover-20220825/UBNA_002/20220823_033000.WAV,Telephone Field,recover-20220825,002,1795
160.1695,160.1799,27187,36264,Eptesicus serotinus,0.011,0.023,-1,Echolocation,/mnt/ubna_data_01_mir/recover-20220825/UBNA_002/20220823_033000.WAV,Telephone Field,recover-20220825,002,1795
160.2125,160.2472,68437,82294,Rhinolophus ferrumequinum,0.022,0.022,-1,Echolocation,/mnt/ubna_data_01_mir/recover-20220825/UBNA_002/20220823_033000.WAV,Telephone Field,recover-20220825,002,1795
160.2725,160.2803,25468,34359,Eptesicus serotinus,0.007,0.024,-1,Echolocation,/mnt/ubna_data_01_mir/recover-20220825/UBNA_002/20220823_033000.WAV,Telephone Field,recover-20220825,002,1795
160.2965,160.3089,22890,27691,Nyctalus leisleri,0.019,0.035,-1,Echolocation,/mnt/ubna_data_01_mir/recover-20220825/UBNA_002/20220823_033000.WAV,Telephone Field,recover-20220825,002,1795
160.3545,160.3932,68437,81496,Rhinolophus ferrumequinum,0.025,0.025,-1,Echolocation,/mnt/ubna_data_01_mir/recover-20220825/UBNA_002/20220823_033000.WAV,Telephone Field,recover-20220825,002,1795
160.4135,160.4534,68437,81988,Rhinolophus ferrumequinum,0.024,0.024,-1,Echolocation,/mnt/ubna_data_01_mir/recover-20220825/UBNA_002/20220823_033000.WAV,Telephone Field,recover-20220825,002,1795
160.4295,160.4659,68437,82391,Rhinolophus ferrumequinum,0.024,0.024,-1,Echolocation,/mnt/ubna_data_01_mir/recover-20220825/UBNA_002/20220823_033000.WAV,Telephone Field,recover-20220825,002,1795
160.4655,160.4762,27187,34011,Eptesicus serotinus,0.036,0.066,-1,Echolocation,/mnt/ubna_data_01_mir/recover-20220825/UBNA_002/20220823_033000.WAV,Telephone Field,recover-20220825,002,1795
160.4805,160.4921,23750,28332,Nyctalus leisleri,0.016,0.03,-1,Echolocation,/mnt/ubna_data_01_mir/recover-20220825/UBNA_002/20220823_033000.WAV,Telephone Field,recover-20220825,002,1795
160.4995,160.5091,28046,41216,Eptesicus serotinus,0.012,0.026,-1,Echolocation,/mnt/ubna_data_01_mir/recover-20220825/UBNA_002/20220823_033000.WAV,Telephone Field,recover-20220825,002,1795
160.5235,160.5637,68437,83183,Rhinolophus ferrumequinum,0.03,0.03,-1,Echolocation,/mnt/ubna_data_01_mir/recover-20220825/UBNA_002/20220823_033000.WAV,Telephone Field,recover-20220825,002,1795
160.5385,160.5467,26328,35463,Eptesicus serotinus,0.011,0.028,-1,Echolocation,/mnt/ubna_data_01_mir/recover-20220825/UBNA_002/20220823_033000.WAV,Telephone Field,recover-20220825,002,1795
160.55349999999999,160.5918,68437,82005,Rhinolophus ferrumequinum,0.026,0.026,-1,Echolocation,/mnt/ubna_data_01_mir/recover-20220825/UBNA_002/20220823_033000.WAV,Telephone Field,recover-20220825,002,1795
160.5675,160.6069,68437,82334,Rhinolophus ferrumequinum,0.023,0.023,-1,Echolocation,/mnt/ubna_data_01_mir/recover-20220825/UBNA_002/20220823_033000.WAV,Telephone Field,recover-20220825,002,1795
160.5745,160.6135,68437,82293,Rhinolophus ferrumequinum,0.023,0.023,-1,Echolocation,/mnt/ubna_data_01_mir/recover-20220825/UBNA_002/20220823_033000.WAV,Telephone Field,recover-20220825,002,1795
160.5865,160.6,24609,30462,Nyctalus leisleri,0.01,0.024,-1,Echolocation,/mnt/ubna_data_01_mir/recover-20220825/UBNA_002/20220823_033000.WAV,Telephone Field,recover-20220825,002,1795
160.6745,160.713,68437,82245,Rhinolophus ferrumequinum,0.024,0.024,-1,Echolocation,/mnt/ubna_data_01_mir/recover-20220825/UBNA_002/20220823_033000.WAV,Telephone Field,recover-20220825,002,1795
160.7195,160.7298,25468,33174,Eptesicus serotinus,0.021,0.046,-1,Echolocation,/mnt/ubna_data_01_mir/recover-20220825/UBNA_002/20220823_033000.WAV,Telephone Field,recover-20220825,002,1795
160.7675,160.8082,68437,83118,Rhinolophus ferrumequinum,0.024,0.024,-1,Echolocation,/mnt/ubna_data_01_mir/recover-20220825/UBNA_002/20220823_033000.WAV,Telephone Field,recover-20220825,002,1795
160.8345,160.877,68437,82828,Rhinolophus ferrumequinum,0.022,0.022,-1,Echolocation,/mnt/ubna_data_01_mir/recover-20220825/UBNA_002/20220823_033000.WAV,Telephone Field,recover-20220825,002,1795
160.8415,160.88,68437,82963,Rhinolophus ferrumequinum,0.023,0.023,-1,Echolocation,/mnt/ubna_data_01_mir/recover-20220825/UBNA_002/20220823_033000.WAV,Telephone Field,recover-20220825,002,1795
160.8445,160.8546,23750,30538,Nyctalus leisleri,0.008,0.022,-1,Echolocation,/mnt/ubna_data_01_mir/recover-20220825/UBNA_002/20220823_033000.WAV,Telephone Field,recover-20220825,002,1795
160.9025,160.9397,68437,82097,Rhinolophus ferrumequinum,0.024,0.024,-1,Echolocation,/mnt/ubna_data_01_mir/recover-20220825/UBNA_002/20220823_033000.WAV,Telephone Field,recover-20220825,002,1795
160.9045,160.9161,28046,36272,Eptesicus serotinus,0.016,0.028,-1,Echolocation,/mnt/ubna_data_01_mir/recover-20220825/UBNA_002/20220823_033000.WAV,Telephone Field,recover-20220825,002,1795
160.9485,160.9883,68437,82270,Rhinolophus ferrumequinum,0.024,0.024,-1,Echolocation,/mnt/ubna_data_01_mir/recover-20220825/UBNA_002/20220823_033000.WAV,Telephone Field,recover-20220825,002,1795
160.9835,160.9903,23750,32478,Plecotus austriacus,0.009,0.022,-1,Echolocation,/mnt/ubna_data_01_mir/recover-20220825/UBNA_002/20220823_033000.WAV,Telephone Field,recover-20220825,002,1795
160.9905,161.0271,68437,82262,Rhinolophus ferrumequinum,0.022,0.022,-1,Echolocation,/mnt/ubna_data_01_mir/recover-20220825/UBNA_002/20220823_033000.WAV,Telephone Field,recover-20220825,002,1795
160.9915,161.0004,47812,54548,Pipistrellus pipistrellus,0.02,0.023,-1,Echolocation,/mnt/ubna_data_01_mir/recover-20220825/UBNA_002/20220823_033000.WAV,Telephone Field,recover-20220825,002,1795
161.0995,161.1079,34921,45720,Myotis daubentonii,0.007,0.022,-1,Echolocation,/mnt/ubna_data_01_mir/recover-20220825/UBNA_002/20220823_033000.WAV,Telephone Field,recover-20220825,002,1795
161.1105,161.1479,68437,81668,Rhinolophus ferrumequinum,0.022,0.022,-1,Echolocation,/mnt/ubna_data_01_mir/recover-20220825/UBNA_002/20220823_033000.WAV,Telephone Field,recover-20220825,002,1795
161.1435,161.1541,22890,28329,Nyctalus leisleri,0.011,0.024,-1,Echolocation,/mnt/ubna_data_01_mir/recover-20220825/UBNA_002/20220823_033000.WAV,Telephone Field,recover-20220825,002,1795
161.1675,161.2091,68437,83654,Rhinolophus ferrumequinum,0.025,0.025,-1,Echolocation,/mnt/ubna_data_01_mir/recover-20220825/UBNA_002/20220823_033000.WAV,Telephone Field,recover-20220825,002,1795
161.1775,161.2177,68437,83034,Rhinolophus ferrumequinum,0.023,0.023,-1,Echolocation,/mnt/ubna_data_01_mir/recover-20220825/UBNA_002/20220823_033000.WAV,Telephone Field,recover-20220825,002,1795
161.1815,161.1957,46093,49588,Pipistrellus pipistrellus,0.042,0.047,-1,Echolocation,/mnt/ubna_data_01_mir/recover-20220825/UBNA_002/20220823_033000.WAV,Telephone Field,recover-20220825,002,1795
161.2125,161.2464,68437,81181,Rhinolophus ferrumequinum,0.03,0.03,-1,Echolocation,/mnt/ubna_data_01_mir/recover-20220825/UBNA_002/20220823_033000.WAV,Telephone Field,recover-20220825,002,1795
161.2235,161.26069999999999,68437,82162,Rhinolophus ferrumequinum,0.024,0.024,-1,Echolocation,/mnt/ubna_data_01_mir/recover-20220825/UBNA_002/20220823_033000.WAV,Telephone Field,recover-20220825,002,1795
161.2305,161.2701,68437,82854,Rhinolophus ferrumequinum,0.027,0.027,-1,Echolocation,/mnt/ubna_data_01_mir/recover-20220825/UBNA_002/20220823_033000.WAV,Telephone Field,recover-20220825,002,1795
161.2635,161.2734,28046,36565,Eptesicus serotinus,0.011,0.025,-1,Echolocation,/mnt/ubna_data_01_mir/recover-20220825/UBNA_002/20220823_033000.WAV,Telephone Field,recover-20220825,002,1795
161.2665,161.3063,68437,82386,Rhinolophus ferrumequinum,0.022,0.022,-1,Echolocation,/mnt/ubna_data_01_mir/recover-20220825/UBNA_002/20220823_033000.WAV,Telephone Field,recover-20220825,002,1795
161.2715,161.3096,68437,82497,Rhinolophus ferrumequinum,0.022,0.023,-1,Echolocation,/mnt/ubna_data_01_mir/recover-20220825/UBNA_002/20220823_033000.WAV,Telephone Field,recover-20220825,002,1795
161.2745,161.2813,27187,45262,Eptesicus serotinus,0.007,0.023,-1,Echolocation,/mnt/ubna_data_01_mir/recover-20220825/UBNA_002/20220823_033000.WAV,Telephone Field,recover-20220825,002,1795
161.3145,161.3237,23750,30997,Nyctalus leisleri,0.007,0.023,-1,Echolocation,/mnt/ubna_data_01_mir/recover-20220825/UBNA_002/20220823_033000.WAV,Telephone Field,recover-20220825,002,1795
161.33350000000002,161.3744,68437,82656,Rhinolophus ferrumequinum,0.025,0.025,-1,Echolocation,/mnt/ubna_data_01_mir/recover-20220825/UBNA_002/20220823_033000.WAV,Telephone Field,recover-20220825,002,1795
161.3685,161.3868,19453,22177,Nyctalus leisleri,0.012,0.022,-1,Echolocation,/mnt/ubna_data_01_mir/recover-20220825/UBNA_002/20220823_033000.WAV,Telephone Field,recover-20220825,002,1795
161.3705,161.3806,48671,52246,Pipistrellus pipistrellus,0.037,0.041,-1,Echolocation,/mnt/ubna_data_01_mir/recover-20220825/UBNA_002/20220823_033000.WAV,Telephone Field,recover-20220825,002,1795
161.3805,161.3861,24609,47299,Myotis nattereri,0.014,0.027,-1,Echolocation,/mnt/ubna_data_01_mir/recover-20220825/UBNA_002/20220823_033000.WAV,Telephone Field,recover-20220825,002,1795
161.3985,161.4097,22031,26870,Nyctalus leisleri,0.012,0.025,-1,Echolocation,/mnt/ubna_data_01_mir/recover-20220825/UBNA_002/20220823_033000.WAV,Telephone Field,recover-20220825,002,1795
161.4015,161.4404,68437,82426,Rhinolophus ferrumequinum,0.022,0.022,-1,Echolocation,/mnt/ubna_data_01_mir/recover-20220825/UBNA_002/20220823_033000.WAV,Telephone Field,recover-20220825,002,1795
161.4395,161.452,14296,20042,Nyctalus noctula,0.014,0.022,-1,Echolocation,/mnt/ubna_data_01_mir/recover-20220825/UBNA_002/20220823_033000.WAV,Telephone Field,recover-20220825,002,1795
161.4615,161.4722,23750,30567,Nyctalus leisleri,0.009,0.026,-1,Echolocation,/mnt/ubna_data_01_mir/recover-20220825/UBNA_002/20220823_033000.WAV,Telephone Field,recover-20220825,002,1795
161.5295,161.538,28046,40357,Eptesicus serotinus,0.009,0.024,-1,Echolocation,/mnt/ubna_data_01_mir/recover-20220825/UBNA_002/20220823_033000.WAV,Telephone Field,recover-20220825,002,1795
161.5735,161.583,27187,36039,Eptesicus serotinus,0.025,0.048,-1,Echolocation,/mnt/ubna_data_01_mir/recover-20220825/UBNA_002/20220823_033000.WAV,Telephone Field,recover-20220825,002,1795
161.5985,161.6068,28046,40302,Eptesicus serotinus,0.009,0.028,-1,Echolocation,/mnt/ubna_data_01_mir/recover-20220825/UBNA_002/20220823_033000.WAV,Telephone Field,recover-20220825,002,1795
161.6165,161.6243,28046,38654,Eptesicus serotinus,0.008,0.022,-1,Echolocation,/mnt/ubna_data_01_mir/recover-20220825/UBNA_002/20220823_033000.WAV,Telephone Field,recover-20220825,002,1795
161.6295,161.6673,68437,82505,Rhinolophus ferrumequinum,0.023,0.023,-1,Echolocation,/mnt/ubna_data_01_mir/recover-20220825/UBNA_002/20220823_033000.WAV,Telephone Field,recover-20220825,002,1795
161.6465,161.6627,22031,25479,Nyctalus leisleri,0.013,0.022,-1,Echolocation,/mnt/ubna_data_01_mir/recover-20220825/UBNA_002/20220823_033000.WAV,Telephone Field,recover-20220825,002,1795
161.6775,161.7186,68437,82766,Rhinolophus ferrumequinum,0.026,0.026,-1,Echolocation,/mnt/ubna_data_01_mir/recover-20220825/UBNA_002/20220823_033000.WAV,Telephone Field,recover-20220825,002,1795
161.6835,161.6957,22031,26319,Nyctalus leisleri,0.012,0.022,-1,Echolocation,/mnt/ubna_data_01_mir/recover-20220825/UBNA_002/20220823_033000.WAV,Telephone Field,recover-20220825,002,1795
161.8135,161.8538,68437,82748,Rhinolophus ferrumequinum,0.023,0.023,-1,Echolocation,/mnt/ubna_data_01_mir/recover-20220825/UBNA_002/20220823_033000.WAV,Telephone Field,recover-20220825,002,1795
161.8385,161.8778,68437,82808,Rhinolophus ferrumequinum,0.024,0.024,-1,Echolocation,/mnt/ubna_data_01_mir/recover-20220825/UBNA_002/20220823_033000.WAV,Telephone Field,recover-20220825,002,1795
161.8645,161.9052,68437,82433,Rhinolophus ferrumequinum,0.031,0.031,-1,Echolocation,/mnt/ubna_data_01_mir/recover-20220825/UBNA_002/20220823_033000.WAV,Telephone Field,recover-20220825,002,1795
161.9415,161.9812,68437,82258,Rhinolophus ferrumequinum,0.022,0.022,-1,Echolocation,/mnt/ubna_data_01_mir/recover-20220825/UBNA_002/20220823_033000.WAV,Telephone Field,recover-20220825,002,1795
162.0015,162.011,25468,31916,Nyctalus leisleri,0.01,0.025,-1,Echolocation,/mnt/ubna_data_01_mir/recover-20220825/UBNA_002/20220823_033000.WAV,Telephone Field,recover-20220825,002,1795
162.0015,162.0339,68437,80049,Rhinolophus ferrumequinum,0.032,0.032,-1,Echolocation,/mnt/ubna_data_01_mir/recover-20220825/UBNA_002/20220823_033000.WAV,Telephone Field,recover-20220825,002,1795
162.0085,162.0493,68437,81457,Rhinolophus ferrumequinum,0.022,0.022,-1,Echolocation,/mnt/ubna_data_01_mir/recover-20220825/UBNA_002/20220823_033000.WAV,Telephone Field,recover-20220825,002,1795
162.0445,162.0555,26328,34239,Eptesicus serotinus,0.011,0.025,-1,Echolocation,/mnt/ubna_data_01_mir/recover-20220825/UBNA_002/20220823_033000.WAV,Telephone Field,recover-20220825,002,1795
162.1075,162.1233,21171,24680,Nyctalus leisleri,0.014,0.023,-1,Echolocation,/mnt/ubna_data_01_mir/recover-20220825/UBNA_002/20220823_033000.WAV,Telephone Field,recover-20220825,002,1795
162.2035,162.2399,68437,81807,Rhinolophus ferrumequinum,0.022,0.022,-1,Echolocation,/mnt/ubna_data_01_mir/recover-20220825/UBNA_002/20220823_033000.WAV,Telephone Field,recover-20220825,002,1795
162.2175,162.2278,27187,35037,Eptesicus serotinus,0.01,0.023,-1,Echolocation,/mnt/ubna_data_01_mir/recover-20220825/UBNA_002/20220823_033000.WAV,Telephone Field,recover-20220825,002,1795
162.2775,162.3192,68437,82806,Rhinolophus ferrumequinum,0.027,0.027,-1,Echolocation,/mnt/ubna_data_01_mir/recover-20220825/UBNA_002/20220823_033000.WAV,Telephone Field,recover-20220825,002,1795
162.2935,162.3015,28046,38558,Eptesicus serotinus,0.008,0.022,-1,Echolocation,/mnt/ubna_data_01_mir/recover-20220825/UBNA_002/20220823_033000.WAV,Telephone Field,recover-20220825,002,1795
162.3295,162.369,68437,81670,Rhinolophus ferrumequinum,0.024,0.024,-1,Echolocation,/mnt/ubna_data_01_mir/recover-20220825/UBNA_002/20220823_033000.WAV,Telephone Field,recover-20220825,002,1795
162.3495,162.357,27187,37968,Eptesicus serotinus,0.007,0.024,-1,Echolocation,/mnt/ubna_data_01_mir/recover-20220825/UBNA_002/20220823_033000.WAV,Telephone Field,recover-20220825,002,1795
162.4105,162.4168,51250,57862,Pipistrellus pipistrellus,0.018,0.023,-1,Echolocation,/mnt/ubna_data_01_mir/recover-20220825/UBNA_002/20220823_033000.WAV,Telephone Field,recover-20220825,002,1795
162.4245,162.4329,27187,40312,Eptesicus serotinus,0.008,0.024,-1,Echolocation,/mnt/ubna_data_01_mir/recover-20220825/UBNA_002/20220823_033000.WAV,Telephone Field,recover-20220825,002,1795
162.4325,162.4708,68437,82315,Rhinolophus ferrumequinum,0.022,0.022,-1,Echolocation,/mnt/ubna_data_01_mir/recover-20220825/UBNA_002/20220823_033000.WAV,Telephone Field,recover-20220825,002,1795
162.4415,162.4775,68437,81260,Rhinolophus ferrumequinum,0.023,0.023,-1,Echolocation,/mnt/ubna_data_01_mir/recover-20220825/UBNA_002/20220823_033000.WAV,Telephone Field,recover-20220825,002,1795
162.45850000000002,162.4649,27187,37341,Eptesicus serotinus,0.005,0.022,-1,Echolocation,/mnt/ubna_data_01_mir/recover-20220825/UBNA_002/20220823_033000.WAV,Telephone Field,recover-20220825,002,1795
162.4705,162.5124,68437,82959,Rhinolophus ferrumequinum,0.025,0.025,-1,Echolocation,/mnt/ubna_data_01_mir/recover-20220825/UBNA_002/20220823_033000.WAV,Telephone Field,recover-20220825,002,1795
162.4895,162.5293,68437,82202,Rhinolophus ferrumequinum,0.022,0.022,-1,Echolocation,/mnt/ubna_data_01_mir/recover-20220825/UBNA_002/20220823_033000.WAV,Telephone Field,recover-20220825,002,1795
162.4935,162.5004,46953,51084,Pipistrellus pipistrellus,0.037,0.038,-1,Echolocation,/mnt/ubna_data_01_mir/recover-20220825/UBNA_002/20220823_033000.WAV,Telephone Field,recover-20220825,002,1795
162.5205,162.5586,68437,82324,Rhinolophus ferrumequinum,0.023,0.023,-1,Echolocation,/mnt/ubna_data_01_mir/recover-20220825/UBNA_002/20220823_033000.WAV,Telephone Field,recover-20220825,002,1795
162.5245,162.5372,22031,26118,Nyctalus leisleri,0.016,0.026,-1,Echolocation,/mnt/ubna_data_01_mir/recover-20220825/UBNA_002/20220823_033000.WAV,Telephone Field,recover-20220825,002,1795
162.5345,162.541,24609,33257,Plecotus austriacus,0.009,0.022,-1,Echolocation,/mnt/ubna_data_01_mir/recover-20220825/UBNA_002/20220823_033000.WAV,Telephone Field,recover-20220825,002,1795
162.5815,162.6212,68437,81872,Rhinolophus ferrumequinum,0.027,0.027,-1,Echolocation,/mnt/ubna_data_01_mir/recover-20220825/UBNA_002/20220823_033000.WAV,Telephone Field,recover-20220825,002,1795
162.5875,162.5951,27187,40941,Eptesicus serotinus,0.007,0.025,-1,Echolocation,/mnt/ubna_data_01_mir/recover-20220825/UBNA_002/20220823_033000.WAV,Telephone Field,recover-20220825,002,1795
162.6095,162.617,23750,32007,Plecotus austriacus,0.011,0.025,-1,Echolocation,/mnt/ubna_data_01_mir/recover-20220825/UBNA_002/20220823_033000.WAV,Telephone Field,recover-20220825,002,1795
162.6905,162.6986,27187,38623,Eptesicus serotinus,0.007,0.023,-1,Echolocation,/mnt/ubna_data_01_mir/recover-20220825/UBNA_002/20220823_033000.WAV,Telephone Field,recover-20220825,002,1795
162.6915,162.7303,68437,81904,Rhinolophus ferrumequinum,0.024,0.024,-1,Echolocation,/mnt/ubna_data_01_mir/recover-20220825/UBNA_002/20220823_033000.WAV,Telephone Field,recover-20220825,002,1795
162.7155,162.7534,68437,82041,Rhinolophus ferrumequinum,0.028,0.029,-1,Echolocation,/mnt/ubna_data_01_mir/recover-20220825/UBNA_002/20220823_033000.WAV,Telephone Field,recover-20220825,002,1795
162.7325,162.7412,27187,36798,Eptesicus serotinus,0.007,0.022,-1,Echolocation,/mnt/ubna_data_01_mir/recover-20220825/UBNA_002/20220823_033000.WAV,Telephone Field,recover-20220825,002,1795
162.7945,162.801,27187,39349,Eptesicus serotinus,0.007,0.031,-1,Echolocation,/mnt/ubna_data_01_mir/recover-20220825/UBNA_002/20220823_033000.WAV,Telephone Field,recover-20220825,002,1795
162.7985,162.8362,68437,82205,Rhinolophus ferrumequinum,0.023,0.023,-1,Echolocation,/mnt/ubna_data_01_mir/recover-20220825/UBNA_002/20220823_033000.WAV,Telephone Field,recover-20220825,002,1795
162.8275,162.8714,68437,83754,Rhinolophus ferrumequinum,0.05,0.05,-1,Echolocation,/mnt/ubna_data_01_mir/recover-20220825/UBNA_002/20220823_033000.WAV,Telephone Field,recover-20220825,002,1795
162.8295,162.8418,22031,25860,Nyctalus leisleri,0.012,0.022,-1,Echolocation,/mnt/ubna_data_01_mir/recover-20220825/UBNA_002/20220823_033000.WAV,Telephone Field,recover-20220825,002,1795
162.8425,162.8547,22031,26171,Nyctalus leisleri,0.013,0.023,-1,Echolocation,/mnt/ubna_data_01_mir/recover-20220825/UBNA_002/20220823_033000.WAV,Telephone Field,recover-20220825,002,1795
162.8505,162.8694,19453,23272,Nyctalus noctula,0.012,0.026,-1,Echolocation,/mnt/ubna_data_01_mir/recover-20220825/UBNA_002/20220823_033000.WAV,Telephone Field,recover-20220825,002,1795
162.8565,162.8724,20312,24236,Nyctalus leisleri,0.013,0.024,-1,Echolocation,/mnt/ubna_data_01_mir/recover-20220825/UBNA_002/20220823_033000.WAV,Telephone Field,recover-20220825,002,1795
162.8575,162.8971,68437,82105,Rhinolophus ferrumequinum,0.022,0.022,-1,Echolocation,/mnt/ubna_data_01_mir/recover-20220825/UBNA_002/20220823_033000.WAV,Telephone Field,recover-20220825,002,1795
162.8755,162.9104,68437,80668,Rhinolophus ferrumequinum,0.027,0.028,-1,Echolocation,/mnt/ubna_data_01_mir/recover-20220825/UBNA_002/20220823_033000.WAV,Telephone Field,recover-20220825,002,1795
162.8995,162.9092,56406,61328,Pipistrellus pygmaeus,0.026,0.028,-1,Echolocation,/mnt/ubna_data_01_mir/recover-20220825/UBNA_002/20220823_033000.WAV,Telephone Field,recover-20220825,002,1795
162.9025,162.91140000000001,28046,37100,Eptesicus serotinus,0.008,0.022,-1,Echolocation,/mnt/ubna_data_01_mir/recover-20220825/UBNA_002/20220823_033000.WAV,Telephone Field,recover-20220825,002,1795
162.9215,162.9315,22890,29216,Nyctalus leisleri,0.008,0.022,-1,Echolocation,/mnt/ubna_data_01_mir/recover-20220825/UBNA_002/20220823_033000.WAV,Telephone Field,recover-20220825,002,1795
162.9225,162.9316,40937,50691,Pipistrellus nathusii,0.007,0.022,-1,Echolocation,/mnt/ubna_data_01_mir/recover-20220825/UBNA_002/20220823_033000.WAV,Telephone Field,recover-20220825,002,1795
162.9405,162.9758,68437,81509,Rhinolophus ferrumequinum,0.022,0.022,-1,Echolocation,/mnt/ubna_data_01_mir/recover-20220825/UBNA_002/20220823_033000.WAV,Telephone Field,recover-20220825,002,1795
162.9655,163.005,68437,82176,Rhinolophus ferrumequinum,0.022,0.022,-1,Echolocation,/mnt/ubna_data_01_mir/recover-20220825/UBNA_002/20220823_033000.WAV,Telephone Field,recover-20220825,002,1795
163.0925,163.1036,24609,32438,Eptesicus serotinus,0.01,0.027,-1,Echolocation,/mnt/ubna_data_01_mir/recover-20220825/UBNA_002/20220823_033000.WAV,Telephone Field,recover-20220825,002,1795
163.1135,163.1516,68437,81636,Rhinolophus ferrumequinum,0.023,0.023,-1,Echolocation,/mnt/ubna_data_01_mir/recover-20220825/UBNA_002/20220823_033000.WAV,Telephone Field,recover-20220825,002,1795
163.1395,163.1483,28046,36735,Eptesicus serotinus,0.008,0.024,-1,Echolocation,/mnt/ubna_data_01_mir/recover-20220825/UBNA_002/20220823_033000.WAV,Telephone Field,recover-20220825,002,1795
163.1715,163.1789,28046,37212,Eptesicus serotinus,0.008,0.026,-1,Echolocation,/mnt/ubna_data_01_mir/recover-20220825/UBNA_002/20220823_033000.WAV,Telephone Field,recover-20220825,002,1795
163.1825,163.2249,68437,82483,Rhinolophus ferrumequinum,0.022,0.022,-1,Echolocation,/mnt/ubna_data_01_mir/recover-20220825/UBNA_002/20220823_033000.WAV,Telephone Field,recover-20220825,002,1795
163.2135,163.2525,68437,82253,Rhinolophus ferrumequinum,0.026,0.026,-1,Echolocation,/mnt/ubna_data_01_mir/recover-20220825/UBNA_002/20220823_033000.WAV,Telephone Field,recover-20220825,002,1795
163.2205,163.2275,44375,51024,Pipistrellus pipistrellus,0.018,0.022,-1,Echolocation,/mnt/ubna_data_01_mir/recover-20220825/UBNA_002/20220823_033000.WAV,Telephone Field,recover-20220825,002,1795
163.2575,163.2656,27187,36949,Eptesicus serotinus,0.007,0.022,-1,Echolocation,/mnt/ubna_data_01_mir/recover-20220825/UBNA_002/20220823_033000.WAV,Telephone Field,recover-20220825,002,1795
163.2665,163.3037,68437,81913,Rhinolophus ferrumequinum,0.022,0.022,-1,Echolocation,/mnt/ubna_data_01_mir/recover-20220825/UBNA_002/20220823_033000.WAV,Telephone Field,recover-20220825,002,1795
163.3045,163.3132,24609,32690,Eptesicus serotinus,0.009,0.03,-1,Echolocation,/mnt/ubna_data_01_mir/recover-20220825/UBNA_002/20220823_033000.WAV,Telephone Field,recover-20220825,002,1795
163.3375,163.3478,23750,31016,Nyctalus leisleri,0.008,0.022,-1,Echolocation,/mnt/ubna_data_01_mir/recover-20220825/UBNA_002/20220823_033000.WAV,Telephone Field,recover-20220825,002,1795
163.3565,163.4006,68437,83652,Rhinolophus ferrumequinum,0.042,0.042,-1,Echolocation,/mnt/ubna_data_01_mir/recover-20220825/UBNA_002/20220823_033000.WAV,Telephone Field,recover-20220825,002,1795
163.3585,163.3695,24609,31733,Nyctalus leisleri,0.015,0.039,-1,Echolocation,/mnt/ubna_data_01_mir/recover-20220825/UBNA_002/20220823_033000.WAV,Telephone Field,recover-20220825,002,1795
163.3685,163.3758,48671,53597,Pipistrellus pipistrellus,0.02,0.022,-1,Echolocation,/mnt/ubna_data_01_mir/recover-20220825/UBNA_002/20220823_033000.WAV,Telephone Field,recover-20220825,002,1795
163.3815,163.4223,68437,82423,Rhinolophus ferrumequinum,0.023,0.023,-1,Echolocation,/mnt/ubna_data_01_mir/recover-20220825/UBNA_002/20220823_033000.WAV,Telephone Field,recover-20220825,002,1795
163.4025,163.4386,68437,81168,Rhinolophus ferrumequinum,0.022,0.022,-1,Echolocation,/mnt/ubna_data_01_mir/recover-20220825/UBNA_002/20220823_033000.WAV,Telephone Field,recover-20220825,002,1795
163.4105,163.4461,68437,80879,Rhinolophus ferrumequinum,0.022,0.022,-1,Echolocation,/mnt/ubna_data_01_mir/recover-20220825/UBNA_002/20220823_033000.WAV,Telephone Field,recover-20220825,002,1795
163.4295,163.472,68437,83544,Rhinolophus ferrumequinum,0.03,0.03,-1,Echolocation,/mnt/ubna_data_01_mir/recover-20220825/UBNA_002/20220823_033000.WAV,Telephone Field,recover-20220825,002,1795
163.4395,163.4466,28046,39363,Eptesicus serotinus,0.006,0.023,-1,Echolocation,/mnt/ubna_data_01_mir/recover-20220825/UBNA_002/20220823_033000.WAV,Telephone Field,recover-20220825,002,1795
163.4615,163.5019,68437,82511,Rhinolophus ferrumequinum,0.022,0.022,-1,Echolocation,/mnt/ubna_data_01_mir/recover-20220825/UBNA_002/20220823_033000.WAV,Telephone Field,recover-20220825,002,1795
163.4675,163.4761,28046,36936,Eptesicus serotinus,0.008,0.024,-1,Echolocation,/mnt/ubna_data_01_mir/recover-20220825/UBNA_002/20220823_033000.WAV,Telephone Field,recover-20220825,002,1795
163.4935,163.5319,68437,82252,Rhinolophus ferrumequinum,0.027,0.028,-1,Echolocation,/mnt/ubna_data_01_mir/recover-20220825/UBNA_002/20220823_033000.WAV,Telephone Field,recover-20220825,002,1795
163.5005,163.5406,68437,81858,Rhinolophus ferrumequinum,0.024,0.024,-1,Echolocation,/mnt/ubna_data_01_mir/recover-20220825/UBNA_002/20220823_033000.WAV,Telephone Field,recover-20220825,002,1795
163.5015,163.5124,23750,29673,Nyctalus leisleri,0.009,0.023,-1,Echolocation,/mnt/ubna_data_01_mir/recover-20220825/UBNA_002/20220823_033000.WAV,Telephone Field,recover-20220825,002,1795
163.5615,163.5694,27187,38687,Eptesicus serotinus,0.007,0.023,-1,Echolocation,/mnt/ubna_data_01_mir/recover-20220825/UBNA_002/20220823_033000.WAV,Telephone Field,recover-20220825,002,1795
163.5795,163.5872,28046,38203,Eptesicus serotinus,0.006,0.022,-1,Echolocation,/mnt/ubna_data_01_mir/recover-20220825/UBNA_002/20220823_033000.WAV,Telephone Field,recover-20220825,002,1795
163.6225,163.6298,29765,41080,Myotis daubentonii,0.012,0.025,-1,Echolocation,/mnt/ubna_data_01_mir/recover-20220825/UBNA_002/20220823_033000.WAV,Telephone Field,recover-20220825,002,1795
163.6385,163.6503,24609,29778,Nyctalus leisleri,0.013,0.028,-1,Echolocation,/mnt/ubna_data_01_mir/recover-20220825/UBNA_002/20220823_033000.WAV,Telephone Field,recover-20220825,002,1795
163.6535,163.6928,68437,82900,Rhinolophus ferrumequinum,0.022,0.022,-1,Echolocation,/mnt/ubna_data_01_mir/recover-20220825/UBNA_002/20220823_033000.WAV,Telephone Field,recover-20220825,002,1795
163.6755,163.6871,23750,29111,Nyctalus leisleri,0.017,0.032,-1,Echolocation,/mnt/ubna_data_01_mir/recover-20220825/UBNA_002/20220823_033000.WAV,Telephone Field,recover-20220825,002,1795
163.7075,163.7147,27187,38180,Eptesicus serotinus,0.007,0.025,-1,Echolocation,/mnt/ubna_data_01_mir/recover-20220825/UBNA_002/20220823_033000.WAV,Telephone Field,recover-20220825,002,1795
163.8245,163.8624,68437,81938,Rhinolophus ferrumequinum,0.022,0.022,-1,Echolocation,/mnt/ubna_data_01_mir/recover-20220825/UBNA_002/20220823_033000.WAV,Telephone Field,recover-20220825,002,1795
163.8265,163.836,27187,37151,Eptesicus serotinus,0.011,0.028,-1,Echolocation,/mnt/ubna_data_01_mir/recover-20220825/UBNA_002/20220823_033000.WAV,Telephone Field,recover-20220825,002,1795
163.8615,163.8689,28046,37513,Eptesicus serotinus,0.009,0.027,-1,Echolocation,/mnt/ubna_data_01_mir/recover-20220825/UBNA_002/20220823_033000.WAV,Telephone Field,recover-20220825,002,1795
163.8685,163.8768,28046,37072,Eptesicus serotinus,0.007,0.024,-1,Echolocation,/mnt/ubna_data_01_mir/recover-20220825/UBNA_002/20220823_033000.WAV,Telephone Field,recover-20220825,002,1795
163.8925,163.9321,68437,82200,Rhinolophus ferrumequinum,0.031,0.031,-1,Echolocation,/mnt/ubna_data_01_mir/recover-20220825/UBNA_002/20220823_033000.WAV,Telephone Field,recover-20220825,002,1795
163.8995,163.9158,20312,23842,Nyctalus leisleri,0.013,0.024,-1,Echolocation,/mnt/ubna_data_01_mir/recover-20220825/UBNA_002/20220823_033000.WAV,Telephone Field,recover-20220825,002,1795
163.9125,163.952,68437,81875,Rhinolophus ferrumequinum,0.027,0.027,-1,Echolocation,/mnt/ubna_data_01_mir/recover-20220825/UBNA_002/20220823_033000.WAV,Telephone Field,recover-20220825,002,1795
163.9315,163.9705,68437,82045,Rhinolophus ferrumequinum,0.023,0.023,-1,Echolocation,/mnt/ubna_data_01_mir/recover-20220825/UBNA_002/20220823_033000.WAV,Telephone Field,recover-20220825,002,1795
163.9535,163.9683,52109,56717,Pipistrellus pygmaeus,0.019,0.025,-1,Echolocation,/mnt/ubna_data_01_mir/recover-20220825/UBNA_002/20220823_033000.WAV,Telephone Field,recover-20220825,002,1795
163.9615,163.9672,58125,63893,Pipistrellus pygmaeus,0.024,0.024,-1,Echolocation,/mnt/ubna_data_01_mir/recover-20220825/UBNA_002/20220823_033000.WAV,Telephone Field,recover-20220825,002,1795
163.9665,163.9761,28046,36194,Eptesicus serotinus,0.009,0.022,-1,Echolocation,/mnt/ubna_data_01_mir/recover-20220825/UBNA_002/20220823_033000.WAV,Telephone Field,recover-20220825,002,1795
163.9865,163.9945,26328,38441,Eptesicus serotinus,0.008,0.027,-1,Echolocation,/mnt/ubna_data_01_mir/recover-20220825/UBNA_002/20220823_033000.WAV,Telephone Field,recover-20220825,002,1795
164.0015,164.01,39218,47938,Pipistrellus nathusii,0.006,0.022,-1,Echolocation,/mnt/ubna_data_01_mir/recover-20220825/UBNA_002/20220823_033000.WAV,Telephone Field,recover-20220825,002,1795
164.0015,164.0298,68437,79601,Rhinolophus ferrumequinum,0.055,0.057,-1,Echolocation,/mnt/ubna_data_01_mir/recover-20220825/UBNA_002/20220823_033000.WAV,Telephone Field,recover-20220825,002,1795
164.0015,164.01,27187,35635,Nyctalus leisleri,0.008,0.026,-1,Echolocation,/mnt/ubna_data_01_mir/recover-20220825/UBNA_002/20220823_033000.WAV,Telephone Field,recover-20220825,002,1795
164.0245,164.0345,22890,29269,Nyctalus leisleri,0.008,0.022,-1,Echolocation,/mnt/ubna_data_01_mir/recover-20220825/UBNA_002/20220823_033000.WAV,Telephone Field,recover-20220825,002,1795
164.0455,164.0831,68437,82274,Rhinolophus ferrumequinum,0.023,0.023,-1,Echolocation,/mnt/ubna_data_01_mir/recover-20220825/UBNA_002/20220823_033000.WAV,Telephone Field,recover-20220825,002,1795
164.0645,164.1035,68437,82000,Rhinolophus ferrumequinum,0.025,0.025,-1,Echolocation,/mnt/ubna_data_01_mir/recover-20220825/UBNA_002/20220823_033000.WAV,Telephone Field,recover-20220825,002,1795
164.0855,164.1226,68437,81793,Rhinolophus ferrumequinum,0.023,0.023,-1,Echolocation,/mnt/ubna_data_01_mir/recover-20220825/UBNA_002/20220823_033000.WAV,Telephone Field,recover-20220825,002,1795
164.1555,164.1632,28906,41087,Eptesicus serotinus,0.007,0.022,-1,Echolocation,/mnt/ubna_data_01_mir/recover-20220825/UBNA_002/20220823_033000.WAV,Telephone Field,recover-20220825,002,1795
164.16649999999998,164.2078,68437,82624,Rhinolophus ferrumequinum,0.031,0.031,-1,Echolocation,/mnt/ubna_data_01_mir/recover-20220825/UBNA_002/20220823_033000.WAV,Telephone Field,recover-20220825,002,1795
164.1885,164.19650000000001,28046,38749,Eptesicus serotinus,0.006,0.021,-1,Echolocation,/mnt/ubna_data_01_mir/recover-20220825/UBNA_002/20220823_033000.WAV,Telephone Field,recover-20220825,002,1795
164.19650000000001,164.2048,48671,56328,Pipistrellus pipistrellus,0.022,0.025,-1,Echolocation,/mnt/ubna_data_01_mir/recover-20220825/UBNA_002/20220823_033000.WAV,Telephone Field,recover-20220825,002,1795
164.2175,164.2573,68437,82055,Rhinolophus ferrumequinum,0.028,0.028,-1,Echolocation,/mnt/ubna_data_01_mir/recover-20220825/UBNA_002/20220823_033000.WAV,Telephone Field,recover-20220825,002,1795
164.2405,164.2775,68437,81809,Rhinolophus ferrumequinum,0.023,0.023,-1,Echolocation,/mnt/ubna_data_01_mir/recover-20220825/UBNA_002/20220823_033000.WAV,Telephone Field,recover-20220825,002,1795
164.2455,164.2829,68437,81856,Rhinolophus ferrumequinum,0.022,0.022,-1,Echolocation,/mnt/ubna_data_01_mir/recover-20220825/UBNA_002/20220823_033000.WAV,Telephone Field,recover-20220825,002,1795
164.2815,164.3198,68437,82001,Rhinolophus ferrumequinum,0.029,0.029,-1,Echolocation,/mnt/ubna_data_01_mir/recover-20220825/UBNA_002/20220823_033000.WAV,Telephone Field,recover-20220825,002,1795
164.2945,164.3326,68437,82743,Rhinolophus ferrumequinum,0.023,0.023,-1,Echolocation,/mnt/ubna_data_01_mir/recover-20220825/UBNA_002/20220823_033000.WAV,Telephone Field,recover-20220825,002,1795
164.3305,164.341,28046,39125,Eptesicus serotinus,0.01,0.022,-1,Echolocation,/mnt/ubna_data_01_mir/recover-20220825/UBNA_002/20220823_033000.WAV,Telephone Field,recover-20220825,002,1795
164.3395,164.35,28046,35476,Eptesicus serotinus,0.009,0.021,-1,Echolocation,/mnt/ubna_data_01_mir/recover-20220825/UBNA_002/20220823_033000.WAV,Telephone Field,recover-20220825,002,1795
164.3515,164.3932,68437,82482,Rhinolophus ferrumequinum,0.025,0.025,-1,Echolocation,/mnt/ubna_data_01_mir/recover-20220825/UBNA_002/20220823_033000.WAV,Telephone Field,recover-20220825,002,1795
164.3785,164.3858,22890,31689,Plecotus austriacus,0.019,0.034,-1,Echolocation,/mnt/ubna_data_01_mir/recover-20220825/UBNA_002/20220823_033000.WAV,Telephone Field,recover-20220825,002,1795
164.3925,164.4305,68437,82102,Rhinolophus ferrumequinum,0.021,0.021,-1,Echolocation,/mnt/ubna_data_01_mir/recover-20220825/UBNA_002/20220823_033000.WAV,Telephone Field,recover-20220825,002,1795
164.4005,164.4067,28046,44141,Eptesicus serotinus,0.006,0.024,-1,Echolocation,/mnt/ubna_data_01_mir/recover-20220825/UBNA_002/20220823_033000.WAV,Telephone Field,recover-20220825,002,1795
164.4325,164.4733,68437,82747,Rhinolophus ferrumequinum,0.031,0.031,-1,Echolocation,/mnt/ubna_data_01_mir/recover-20220825/UBNA_002/20220823_033000.WAV,Telephone Field,recover-20220825,002,1795
164.4545,164.4684,37500,41624,Pipistrellus nathusii,0.016,0.023,-1,Echolocation,/mnt/ubna_data_01_mir/recover-20220825/UBNA_002/20220823_033000.WAV,Telephone Field,recover-20220825,002,1795
164.4725,164.5126,68437,81760,Rhinolophus ferrumequinum,0.022,0.022,-1,Echolocation,/mnt/ubna_data_01_mir/recover-20220825/UBNA_002/20220823_033000.WAV,Telephone Field,recover-20220825,002,1795
164.5135,164.5528,68437,82094,Rhinolophus ferrumequinum,0.023,0.023,-1,Echolocation,/mnt/ubna_data_01_mir/recover-20220825/UBNA_002/20220823_033000.WAV,Telephone Field,recover-20220825,002,1795
164.5165,164.5228,28046,40612,Eptesicus serotinus,0.006,0.024,-1,Echolocation,/mnt/ubna_data_01_mir/recover-20220825/UBNA_002/20220823_033000.WAV,Telephone Field,recover-20220825,002,1795
164.5445,164.5545,22031,26276,Nyctalus leisleri,0.01,0.023,-1,Echolocation,/mnt/ubna_data_01_mir/recover-20220825/UBNA_002/20220823_033000.WAV,Telephone Field,recover-20220825,002,1795
164.5455,164.5815,68437,81036,Rhinolophus ferrumequinum,0.023,0.023,-1,Echolocation,/mnt/ubna_data_01_mir/recover-20220825/UBNA_002/20220823_033000.WAV,Telephone Field,recover-20220825,002,1795
164.5655,164.6031,68437,82055,Rhinolophus ferrumequinum,0.024,0.024,-1,Echolocation,/mnt/ubna_data_01_mir/recover-20220825/UBNA_002/20220823_033000.WAV,Telephone Field,recover-20220825,002,1795
164.5655,164.5762,24609,31494,Nyctalus leisleri,0.009,0.023,-1,Echolocation,/mnt/ubna_data_01_mir/recover-20220825/UBNA_002/20220823_033000.WAV,Telephone Field,recover-20220825,002,1795
164.5755,164.5824,28046,40037,Eptesicus serotinus,0.006,0.022,-1,Echolocation,/mnt/ubna_data_01_mir/recover-20220825/UBNA_002/20220823_033000.WAV,Telephone Field,recover-20220825,002,1795
164.5815,164.6232,68437,82983,Rhinolophus ferrumequinum,0.027,0.027,-1,Echolocation,/mnt/ubna_data_01_mir/recover-20220825/UBNA_002/20220823_033000.WAV,Telephone Field,recover-20220825,002,1795
164.5935,164.6035,28906,37647,Eptesicus serotinus,0.012,0.025,-1,Echolocation,/mnt/ubna_data_01_mir/recover-20220825/UBNA_002/20220823_033000.WAV,Telephone Field,recover-20220825,002,1795
164.6305,164.6377,25468,36571,Plecotus austriacus,0.005,0.021,-1,Echolocation,/mnt/ubna_data_01_mir/recover-20220825/UBNA_002/20220823_033000.WAV,Telephone Field,recover-20220825,002,1795
164.6415,164.68,68437,81989,Rhinolophus ferrumequinum,0.022,0.023,-1,Echolocation,/mnt/ubna_data_01_mir/recover-20220825/UBNA_002/20220823_033000.WAV,Telephone Field,recover-20220825,002,1795
164.6525,164.6598,28046,38887,Eptesicus serotinus,0.006,0.023,-1,Echolocation,/mnt/ubna_data_01_mir/recover-20220825/UBNA_002/20220823_033000.WAV,Telephone Field,recover-20220825,002,1795
164.6725,164.7073,68437,81495,Rhinolophus ferrumequinum,0.021,0.021,-1,Echolocation,/mnt/ubna_data_01_mir/recover-20220825/UBNA_002/20220823_033000.WAV,Telephone Field,recover-20220825,002,1795
164.7315,164.7717,68437,82397,Rhinolophus ferrumequinum,0.025,0.025,-1,Echolocation,/mnt/ubna_data_01_mir/recover-20220825/UBNA_002/20220823_033000.WAV,Telephone Field,recover-20220825,002,1795
164.7655,164.775,28906,37214,Eptesicus serotinus,0.009,0.022,-1,Echolocation,/mnt/ubna_data_01_mir/recover-20220825/UBNA_002/20220823_033000.WAV,Telephone Field,recover-20220825,002,1795
164.7875,164.8235,68437,81800,Rhinolophus ferrumequinum,0.021,0.021,-1,Echolocation,/mnt/ubna_data_01_mir/recover-20220825/UBNA_002/20220823_033000.WAV,Telephone Field,recover-20220825,002,1795
164.7985,164.8359,68437,81549,Rhinolophus ferrumequinum,0.022,0.022,-1,Echolocation,/mnt/ubna_data_01_mir/recover-20220825/UBNA_002/20220823_033000.WAV,Telephone Field,recover-20220825,002,1795
164.8125,164.8523,68437,82853,Rhinolophus ferrumequinum,0.025,0.025,-1,Echolocation,/mnt/ubna_data_01_mir/recover-20220825/UBNA_002/20220823_033000.WAV,Telephone Field,recover-20220825,002,1795
164.83350000000002,164.8452,28906,35108,Eptesicus serotinus,0.014,0.027,-1,Echolocation,/mnt/ubna_data_01_mir/recover-20220825/UBNA_002/20220823_033000.WAV,Telephone Field,recover-20220825,002,1795
164.8375,164.8758,68437,81895,Rhinolophus ferrumequinum,0.023,0.023,-1,Echolocation,/mnt/ubna_data_01_mir/recover-20220825/UBNA_002/20220823_033000.WAV,Telephone Field,recover-20220825,002,1795
164.8485,164.8602,22890,27834,Nyctalus leisleri,0.012,0.023,-1,Echolocation,/mnt/ubna_data_01_mir/recover-20220825/UBNA_002/20220823_033000.WAV,Telephone Field,recover-20220825,002,1795
164.8855,164.9223,68437,80763,Rhinolophus ferrumequinum,0.025,0.026,-1,Echolocation,/mnt/ubna_data_01_mir/recover-20220825/UBNA_002/20220823_033000.WAV,Telephone Field,recover-20220825,002,1795
164.9025,164.9389,68437,82018,Rhinolophus ferrumequinum,0.025,0.025,-1,Echolocation,/mnt/ubna_data_01_mir/recover-20220825/UBNA_002/20220823_033000.WAV,Telephone Field,recover-20220825,002,1795
164.9345,164.9411,26328,42233,Myotis nattereri,0.006,0.025,-1,Echolocation,/mnt/ubna_data_01_mir/recover-20220825/UBNA_002/20220823_033000.WAV,Telephone Field,recover-20220825,002,1795
164.9645,164.975,28906,36643,Eptesicus serotinus,0.012,0.026,-1,Echolocation,/mnt/ubna_data_01_mir/recover-20220825/UBNA_002/20220823_033000.WAV,Telephone Field,recover-20220825,002,1795
164.9685,165.0062,68437,81800,Rhinolophus ferrumequinum,0.024,0.024,-1,Echolocation,/mnt/ubna_data_01_mir/recover-20220825/UBNA_002/20220823_033000.WAV,Telephone Field,recover-20220825,002,1795
164.9905,164.9998,34921,43874,Myotis daubentonii,0.007,0.022,-1,Echolocation,/mnt/ubna_data_01_mir/recover-20220825/UBNA_002/20220823_033000.WAV,Telephone Field,recover-20220825,002,1795
164.9935,165.0018,26328,40468,Eptesicus serotinus,0.006,0.021,-1,Echolocation,/mnt/ubna_data_01_mir/recover-20220825/UBNA_002/20220823_033000.WAV,Telephone Field,recover-20220825,002,1795
164.9945,165.0317,68437,81974,Rhinolophus ferrumequinum,0.028,0.028,-1,Echolocation,/mnt/ubna_data_01_mir/recover-20220825/UBNA_002/20220823_033000.WAV,Telephone Field,recover-20220825,002,1795
165.0385,165.0493,22890,28092,Nyctalus leisleri,0.011,0.024,-1,Echolocation,/mnt/ubna_data_01_mir/recover-20220825/UBNA_002/20220823_033000.WAV,Telephone Field,recover-20220825,002,1795
165.0595,165.098,68437,82167,Rhinolophus ferrumequinum,0.023,0.023,-1,Echolocation,/mnt/ubna_data_01_mir/recover-20220825/UBNA_002/20220823_033000.WAV,Telephone Field,recover-20220825,002,1795
165.0665,165.1046,68437,81906,Rhinolophus ferrumequinum,0.028,0.028,-1,Echolocation,/mnt/ubna_data_01_mir/recover-20220825/UBNA_002/20220823_033000.WAV,Telephone Field,recover-20220825,002,1795
165.1075,165.1479,68437,82869,Rhinolophus ferrumequinum,0.025,0.025,-1,Echolocation,/mnt/ubna_data_01_mir/recover-20220825/UBNA_002/20220823_033000.WAV,Telephone Field,recover-20220825,002,1795
165.1415,165.1813,68437,82888,Rhinolophus ferrumequinum,0.025,0.025,-1,Echolocation,/mnt/ubna_data_01_mir/recover-20220825/UBNA_002/20220823_033000.WAV,Telephone Field,recover-20220825,002,1795
165.1575,165.1923,68437,80822,Rhinolophus ferrumequinum,0.023,0.024,-1,Echolocation,/mnt/ubna_data_01_mir/recover-20220825/UBNA_002/20220823_033000.WAV,Telephone Field,recover-20220825,002,1795
165.1615,165.1784,19453,23551,Nyctalus noctula,0.01,0.022,-1,Echolocation,/mnt/ubna_data_01_mir/recover-20220825/UBNA_002/20220823_033000.WAV,Telephone Field,recover-20220825,002,1795
165.2245,165.2352,22890,28724,Nyctalus leisleri,0.013,0.034,-1,Echolocation,/mnt/ubna_data_01_mir/recover-20220825/UBNA_002/20220823_033000.WAV,Telephone Field,recover-20220825,002,1795
165.2255,165.2669,68437,82742,Rhinolophus ferrumequinum,0.033,0.033,-1,Echolocation,/mnt/ubna_data_01_mir/recover-20220825/UBNA_002/20220823_033000.WAV,Telephone Field,recover-20220825,002,1795
165.2475,165.288,68437,82036,Rhinolophus ferrumequinum,0.028,0.028,-1,Echolocation,/mnt/ubna_data_01_mir/recover-20220825/UBNA_002/20220823_033000.WAV,Telephone Field,recover-20220825,002,1795
165.2495,165.2618,23750,28723,Nyctalus leisleri,0.015,0.028,-1,Echolocation,/mnt/ubna_data_01_mir/recover-20220825/UBNA_002/20220823_033000.WAV,Telephone Field,recover-20220825,002,1795
165.2575,165.2938,68437,81967,Rhinolophus ferrumequinum,0.022,0.022,-1,Echolocation,/mnt/ubna_data_01_mir/recover-20220825/UBNA_002/20220823_033000.WAV,Telephone Field,recover-20220825,002,1795
165.3015,165.34120000000001,68437,82119,Rhinolophus ferrumequinum,0.027,0.027,-1,Echolocation,/mnt/ubna_data_01_mir/recover-20220825/UBNA_002/20220823_033000.WAV,Telephone Field,recover-20220825,002,1795
165.3105,165.3487,68437,82236,Rhinolophus ferrumequinum,0.022,0.022,-1,Echolocation,/mnt/ubna_data_01_mir/recover-20220825/UBNA_002/20220823_033000.WAV,Telephone Field,recover-20220825,002,1795
165.3185,165.3533,68437,82326,Rhinolophus ferrumequinum,0.027,0.027,-1,Echolocation,/mnt/ubna_data_01_mir/recover-20220825/UBNA_002/20220823_033000.WAV,Telephone Field,recover-20220825,002,1795
165.3395,165.3781,68437,82295,Rhinolophus ferrumequinum,0.021,0.021,-1,Echolocation,/mnt/ubna_data_01_mir/recover-20220825/UBNA_002/20220823_033000.WAV,Telephone Field,recover-20220825,002,1795
165.3885,165.4292,68437,83101,Rhinolophus ferrumequinum,0.025,0.025,-1,Echolocation,/mnt/ubna_data_01_mir/recover-20220825/UBNA_002/20220823_033000.WAV,Telephone Field,recover-20220825,002,1795
165.4175,165.4279,22890,28384,Nyctalus leisleri,0.009,0.021,-1,Echolocation,/mnt/ubna_data_01_mir/recover-20220825/UBNA_002/20220823_033000.WAV,Telephone Field,recover-20220825,002,1795
165.4185,165.4303,43515,48496,Pipistrellus pipistrellus,0.021,0.027,-1,Echolocation,/mnt/ubna_data_01_mir/recover-20220825/UBNA_002/20220823_033000.WAV,Telephone Field,recover-20220825,002,1795
165.4685,165.5118,68437,83337,Rhinolophus ferrumequinum,0.031,0.031,-1,Echolocation,/mnt/ubna_data_01_mir/recover-20220825/UBNA_002/20220823_033000.WAV,Telephone Field,recover-20220825,002,1795
165.4725,165.4809,23750,32022,Plecotus austriacus,0.008,0.024,-1,Echolocation,/mnt/ubna_data_01_mir/recover-20220825/UBNA_002/20220823_033000.WAV,Telephone Field,recover-20220825,002,1795
165.5215,165.5621,68437,82759,Rhinolophus ferrumequinum,0.029,0.029,-1,Echolocation,/mnt/ubna_data_01_mir/recover-20220825/UBNA_002/20220823_033000.WAV,Telephone Field,recover-20220825,002,1795
165.5345,165.5452,22890,27695,Nyctalus leisleri,0.011,0.022,-1,Echolocation,/mnt/ubna_data_01_mir/recover-20220825/UBNA_002/20220823_033000.WAV,Telephone Field,recover-20220825,002,1795
165.55349999999999,165.59629999999999,68437,82522,Rhinolophus ferrumequinum,0.038,0.038,-1,Echolocation,/mnt/ubna_data_01_mir/recover-20220825/UBNA_002/20220823_033000.WAV,Telephone Field,recover-20220825,002,1795
165.5665,165.6057,68437,82058,Rhinolophus ferrumequinum,0.022,0.022,-1,Echolocation,/mnt/ubna_data_01_mir/recover-20220825/UBNA_002/20220823_033000.WAV,Telephone Field,recover-20220825,002,1795
165.5755,165.6139,68437,81830,Rhinolophus ferrumequinum,0.023,0.023,-1,Echolocation,/mnt/ubna_data_01_mir/recover-20220825/UBNA_002/20220823_033000.WAV,Telephone Field,recover-20220825,002,1795
165.6015,165.6396,68437,81525,Rhinolophus ferrumequinum,0.022,0.022,-1,Echolocation,/mnt/ubna_data_01_mir/recover-20220825/UBNA_002/20220823_033000.WAV,Telephone Field,recover-20220825,002,1795
165.6435,165.6815,68437,81654,Rhinolophus ferrumequinum,0.023,0.023,-1,Echolocation,/mnt/ubna_data_01_mir/recover-20220825/UBNA_002/20220823_033000.WAV,Telephone Field,recover-20220825,002,1795
165.6885,165.6975,28906,36397,Eptesicus serotinus,0.008,0.022,-1,Echolocation,/mnt/ubna_data_01_mir/recover-20220825/UBNA_002/20220823_033000.WAV,Telephone Field,recover-20220825,002,1795
165.6985,165.7362,68437,82219,Rhinolophus ferrumequinum,0.025,0.025,-1,Echolocation,/mnt/ubna_data_01_mir/recover-20220825/UBNA_002/20220823_033000.WAV,Telephone Field,recover-20220825,002,1795
165.7065,165.7176,22890,27688,Nyctalus leisleri,0.012,0.024,-1,Echolocation,/mnt/ubna_data_01_mir/recover-20220825/UBNA_002/20220823_033000.WAV,Telephone Field,recover-20220825,002,1795
165.7115,165.7504,68437,82237,Rhinolophus ferrumequinum,0.022,0.022,-1,Echolocation,/mnt/ubna_data_01_mir/recover-20220825/UBNA_002/20220823_033000.WAV,Telephone Field,recover-20220825,002,1795
165.7275,165.7422,16015,21608,Nyctalus noctula,0.017,0.024,-1,Echolocation,/mnt/ubna_data_01_mir/recover-20220825/UBNA_002/20220823_033000.WAV,Telephone Field,recover-20220825,002,1795
165.7755,165.7849,22890,29559,Plecotus austriacus,0.008,0.022,-1,Echolocation,/mnt/ubna_data_01_mir/recover-20220825/UBNA_002/20220823_033000.WAV,Telephone Field,recover-20220825,002,1795
165.7965,165.8039,28906,37870,Eptesicus serotinus,0.008,0.022,-1,Echolocation,/mnt/ubna_data_01_mir/recover-20220825/UBNA_002/20220823_033000.WAV,Telephone Field,recover-20220825,002,1795
165.8145,165.8526,68437,82216,Rhinolophus ferrumequinum,0.025,0.025,-1,Echolocation,/mnt/ubna_data_01_mir/recover-20220825/UBNA_002/20220823_033000.WAV,Telephone Field,recover-20220825,002,1795
165.8275,165.8676,68437,81963,Rhinolophus ferrumequinum,0.023,0.023,-1,Echolocation,/mnt/ubna_data_01_mir/recover-20220825/UBNA_002/20220823_033000.WAV,Telephone Field,recover-20220825,002,1795
165.8345,165.8437,28046,39707,Eptesicus serotinus,0.013,0.03,-1,Echolocation,/mnt/ubna_data_01_mir/recover-20220825/UBNA_002/20220823_033000.WAV,Telephone Field,recover-20220825,002,1795
165.8585,165.8978,68437,82332,Rhinolophus ferrumequinum,0.022,0.022,-1,Echolocation,/mnt/ubna_data_01_mir/recover-20220825/UBNA_002/20220823_033000.WAV,Telephone Field,recover-20220825,002,1795
165.8825,165.9198,68437,82081,Rhinolophus ferrumequinum,0.021,0.021,-1,Echolocation,/mnt/ubna_data_01_mir/recover-20220825/UBNA_002/20220823_033000.WAV,Telephone Field,recover-20220825,002,1795
165.9155,165.926,28906,36441,Eptesicus serotinus,0.013,0.028,-1,Echolocation,/mnt/ubna_data_01_mir/recover-20220825/UBNA_002/20220823_033000.WAV,Telephone Field,recover-20220825,002,1795
165.9485,165.986,68437,82016,Rhinolophus ferrumequinum,0.021,0.021,-1,Echolocation,/mnt/ubna_data_01_mir/recover-20220825/UBNA_002/20220823_033000.WAV,Telephone Field,recover-20220825,002,1795
165.9565,165.9941,68437,82111,Rhinolophus ferrumequinum,0.021,0.021,-1,Echolocation,/mnt/ubna_data_01_mir/recover-20220825/UBNA_002/20220823_033000.WAV,Telephone Field,recover-20220825,002,1795
165.9575,165.9664,28906,37441,Eptesicus serotinus,0.009,0.025,-1,Echolocation,/mnt/ubna_data_01_mir/recover-20220825/UBNA_002/20220823_033000.WAV,Telephone Field,recover-20220825,002,1795
165.9815,165.9916,24609,31946,Nyctalus leisleri,0.007,0.022,-1,Echolocation,/mnt/ubna_data_01_mir/recover-20220825/UBNA_002/20220823_033000.WAV,Telephone Field,recover-20220825,002,1795
166.0015,166.0115,21171,26717,Nyctalus leisleri,0.012,0.029,-1,Echolocation,/mnt/ubna_data_01_mir/recover-20220825/UBNA_002/20220823_033000.WAV,Telephone Field,recover-20220825,002,1795
166.0015,166.0091,46953,51399,Pipistrellus pipistrellus,0.017,0.022,-1,Echolocation,/mnt/ubna_data_01_mir/recover-20220825/UBNA_002/20220823_033000.WAV,Telephone Field,recover-20220825,002,1795
166.0015,166.0349,68437,79988,Rhinolophus ferrumequinum,0.026,0.026,-1,Echolocation,/mnt/ubna_data_01_mir/recover-20220825/UBNA_002/20220823_033000.WAV,Telephone Field,recover-20220825,002,1795
166.0405,166.07659999999998,68437,81330,Rhinolophus ferrumequinum,0.022,0.022,-1,Echolocation,/mnt/ubna_data_01_mir/recover-20220825/UBNA_002/20220823_033000.WAV,Telephone Field,recover-20220825,002,1795
166.0465,166.082,68437,81402,Rhinolophus ferrumequinum,0.021,0.022,-1,Echolocation,/mnt/ubna_data_01_mir/recover-20220825/UBNA_002/20220823_033000.WAV,Telephone Field,recover-20220825,002,1795
166.0555,166.0726,15156,19121,Nyctalus noctula,0.028,0.039,-1,Echolocation,/mnt/ubna_data_01_mir/recover-20220825/UBNA_002/20220823_033000.WAV,Telephone Field,recover-20220825,002,1795
166.0795,166.0874,50390,57535,Pipistrellus pipistrellus,0.023,0.029,-1,Echolocation,/mnt/ubna_data_01_mir/recover-20220825/UBNA_002/20220823_033000.WAV,Telephone Field,recover-20220825,002,1795
166.09550000000002,166.1354,68437,82117,Rhinolophus ferrumequinum,0.028,0.028,-1,Echolocation,/mnt/ubna_data_01_mir/recover-20220825/UBNA_002/20220823_033000.WAV,Telephone Field,recover-20220825,002,1795
166.1195,166.1609,68437,82862,Rhinolophus ferrumequinum,0.033,0.033,-1,Echolocation,/mnt/ubna_data_01_mir/recover-20220825/UBNA_002/20220823_033000.WAV,Telephone Field,recover-20220825,002,1795
166.1325,166.142,22031,27055,Nyctalus leisleri,0.01,0.022,-1,Echolocation,/mnt/ubna_data_01_mir/recover-20220825/UBNA_002/20220823_033000.WAV,Telephone Field,recover-20220825,002,1795
166.1715,166.21280000000002,68437,82687,Rhinolophus ferrumequinum,0.025,0.025,-1,Echolocation,/mnt/ubna_data_01_mir/recover-20220825/UBNA_002/20220823_033000.WAV,Telephone Field,recover-20220825,002,1795
166.1905,166.22899999999998,68437,81468,Rhinolophus ferrumequinum,0.027,0.027,-1,Echolocation,/mnt/ubna_data_01_mir/recover-20220825/UBNA_002/20220823_033000.WAV,Telephone Field,recover-20220825,002,1795
166.20850000000002,166.2192,28906,36838,Eptesicus serotinus,0.012,0.026,-1,Echolocation,/mnt/ubna_data_01_mir/recover-20220825/UBNA_002/20220823_033000.WAV,Telephone Field,recover-20220825,002,1795
166.2425,166.2532,23750,29864,Nyctalus leisleri,0.01,0.024,-1,Echolocation,/mnt/ubna_data_01_mir/recover-20220825/UBNA_002/20220823_033000.WAV,Telephone Field,recover-20220825,002,1795
166.2495,166.2567,57265,62169,Pipistrellus pygmaeus,0.038,0.039,-1,Echolocation,/mnt/ubna_data_01_mir/recover-20220825/UBNA_002/20220823_033000.WAV,Telephone Field,recover-20220825,002,1795
166.2755,166.2897,42656,47565,Pipistrellus pipistrellus,0.023,0.038,-1,Echolocation,/mnt/ubna_data_01_mir/recover-20220825/UBNA_002/20220823_033000.WAV,Telephone Field,recover-20220825,002,1795
166.2995,166.3091,27187,34964,Eptesicus serotinus,0.01,0.022,-1,Echolocation,/mnt/ubna_data_01_mir/recover-20220825/UBNA_002/20220823_033000.WAV,Telephone Field,recover-20220825,002,1795
166.3125,166.31889999999999,28906,40511,Eptesicus serotinus,0.006,0.026,-1,Echolocation,/mnt/ubna_data_01_mir/recover-20220825/UBNA_002/20220823_033000.WAV,Telephone Field,recover-20220825,002,1795
166.3315,166.3735,68437,83287,Rhinolophus ferrumequinum,0.026,0.026,-1,Echolocation,/mnt/ubna_data_01_mir/recover-20220825/UBNA_002/20220823_033000.WAV,Telephone Field,recover-20220825,002,1795
166.3315,166.3404,52968,57052,Pipistrellus pygmaeus,0.074,0.087,-1,Echolocation,/mnt/ubna_data_01_mir/recover-20220825/UBNA_002/20220823_033000.WAV,Telephone Field,recover-20220825,002,1795
166.4205,166.4586,68437,82006,Rhinolophus ferrumequinum,0.022,0.022,-1,Echolocation,/mnt/ubna_data_01_mir/recover-20220825/UBNA_002/20220823_033000.WAV,Telephone Field,recover-20220825,002,1795
166.4375,166.4453,28046,39052,Eptesicus serotinus,0.007,0.022,-1,Echolocation,/mnt/ubna_data_01_mir/recover-20220825/UBNA_002/20220823_033000.WAV,Telephone Field,recover-20220825,002,1795
166.4625,166.4692,24609,33429,Plecotus austriacus,0.01,0.025,-1,Echolocation,/mnt/ubna_data_01_mir/recover-20220825/UBNA_002/20220823_033000.WAV,Telephone Field,recover-20220825,002,1795
166.48250000000002,166.4921,28906,38752,Eptesicus serotinus,0.013,0.028,-1,Echolocation,/mnt/ubna_data_01_mir/recover-20220825/UBNA_002/20220823_033000.WAV,Telephone Field,recover-20220825,002,1795
166.5925,166.601,48671,56761,Pipistrellus pipistrellus,0.02,0.022,-1,Echolocation,/mnt/ubna_data_01_mir/recover-20220825/UBNA_002/20220823_033000.WAV,Telephone Field,recover-20220825,002,1795
166.6205,166.6283,28906,40297,Eptesicus serotinus,0.008,0.024,-1,Echolocation,/mnt/ubna_data_01_mir/recover-20220825/UBNA_002/20220823_033000.WAV,Telephone Field,recover-20220825,002,1795
166.6585,166.6975,68437,81914,Rhinolophus ferrumequinum,0.023,0.023,-1,Echolocation,/mnt/ubna_data_01_mir/recover-20220825/UBNA_002/20220823_033000.WAV,Telephone Field,recover-20220825,002,1795
166.6975,166.7383,68437,82511,Rhinolophus ferrumequinum,0.024,0.024,-1,Echolocation,/mnt/ubna_data_01_mir/recover-20220825/UBNA_002/20220823_033000.WAV,Telephone Field,recover-20220825,002,1795
166.7245,166.7654,68437,82603,Rhinolophus ferrumequinum,0.025,0.025,-1,Echolocation,/mnt/ubna_data_01_mir/recover-20220825/UBNA_002/20220823_033000.WAV,Telephone Field,recover-20220825,002,1795
166.7535,166.7965,68437,82858,Rhinolophus ferrumequinum,0.032,0.032,-1,Echolocation,/mnt/ubna_data_01_mir/recover-20220825/UBNA_002/20220823_033000.WAV,Telephone Field,recover-20220825,002,1795
166.7875,166.8323,68437,83270,Rhinolophus ferrumequinum,0.058,0.058,-1,Echolocation,/mnt/ubna_data_01_mir/recover-20220825/UBNA_002/20220823_033000.WAV,Telephone Field,recover-20220825,002,1795
166.8125,166.8558,68437,83217,Rhinolophus ferrumequinum,0.03,0.031,-1,Echolocation,/mnt/ubna_data_01_mir/recover-20220825/UBNA_002/20220823_033000.WAV,Telephone Field,recover-20220825,002,1795
166.8365,166.87290000000002,68437,82212,Rhinolophus ferrumequinum,0.022,0.022,-1,Echolocation,/mnt/ubna_data_01_mir/recover-20220825/UBNA_002/20220823_033000.WAV,Telephone Field,recover-20220825,002,1795
166.8555,166.8932,68437,81453,Rhinolophus ferrumequinum,0.022,0.022,-1,Echolocation,/mnt/ubna_data_01_mir/recover-20220825/UBNA_002/20220823_033000.WAV,Telephone Field,recover-20220825,002,1795
166.8615,166.87,28046,40001,Eptesicus serotinus,0.008,0.022,-1,Echolocation,/mnt/ubna_data_01_mir/recover-20220825/UBNA_002/20220823_033000.WAV,Telephone Field,recover-20220825,002,1795
166.8755,166.9162,68437,82160,Rhinolophus ferrumequinum,0.025,0.025,-1,Echolocation,/mnt/ubna_data_01_mir/recover-20220825/UBNA_002/20220823_033000.WAV,Telephone Field,recover-20220825,002,1795
166.8765,166.8843,49531,53374,Pipistrellus pipistrellus,0.032,0.035,-1,Echolocation,/mnt/ubna_data_01_mir/recover-20220825/UBNA_002/20220823_033000.WAV,Telephone Field,recover-20220825,002,1795
166.8895,166.8997,28906,38300,Eptesicus serotinus,0.012,0.026,-1,Echolocation,/mnt/ubna_data_01_mir/recover-20220825/UBNA_002/20220823_033000.WAV,Telephone Field,recover-20220825,002,1795
166.9325,166.972,68437,82142,Rhinolophus ferrumequinum,0.023,0.023,-1,Echolocation,/mnt/ubna_data_01_mir/recover-20220825/UBNA_002/20220823_033000.WAV,Telephone Field,recover-20220825,002,1795
166.9655,166.9765,29765,36183,Eptesicus serotinus,0.009,0.024,-1,Echolocation,/mnt/ubna_data_01_mir/recover-20220825/UBNA_002/20220823_033000.WAV,Telephone Field,recover-20220825,002,1795
166.9915,167.0329,68437,82275,Rhinolophus ferrumequinum,0.023,0.023,-1,Echolocation,/mnt/ubna_data_01_mir/recover-20220825/UBNA_002/20220823_033000.WAV,Telephone Field,recover-20220825,002,1795
167.0285,167.0383,28046,37547,Eptesicus serotinus,0.011,0.026,-1,Echolocation,/mnt/ubna_data_01_mir/recover-20220825/UBNA_002/20220823_033000.WAV,Telephone Field,recover-20220825,002,1795
167.0515,167.0905,68437,82751,Rhinolophus ferrumequinum,0.029,0.029,-1,Echolocation,/mnt/ubna_data_01_mir/recover-20220825/UBNA_002/20220823_033000.WAV,Telephone Field,recover-20220825,002,1795
167.0705,167.1064,68437,81632,Rhinolophus ferrumequinum,0.021,0.021,-1,Echolocation,/mnt/ubna_data_01_mir/recover-20220825/UBNA_002/20220823_033000.WAV,Telephone Field,recover-20220825,002,1795
167.0815,167.0889,28906,39057,Eptesicus serotinus,0.009,0.027,-1,Echolocation,/mnt/ubna_data_01_mir/recover-20220825/UBNA_002/20220823_033000.WAV,Telephone Field,recover-20220825,002,1795
167.09550000000002,167.1036,46953,54444,Pipistrellus pipistrellus,0.022,0.024,-1,Echolocation,/mnt/ubna_data_01_mir/recover-20220825/UBNA_002/20220823_033000.WAV,Telephone Field,recover-20220825,002,1795
167.1165,167.1267,27187,34086,Eptesicus serotinus,0.048,0.092,-1,Echolocation,/mnt/ubna_data_01_mir/recover-20220825/UBNA_002/20220823_033000.WAV,Telephone Field,recover-20220825,002,1795
167.1315,167.1698,68437,82102,Rhinolophus ferrumequinum,0.024,0.024,-1,Echolocation,/mnt/ubna_data_01_mir/recover-20220825/UBNA_002/20220823_033000.WAV,Telephone Field,recover-20220825,002,1795
167.1355,167.1428,46093,53327,Pipistrellus pipistrellus,0.026,0.027,-1,Echolocation,/mnt/ubna_data_01_mir/recover-20220825/UBNA_002/20220823_033000.WAV,Telephone Field,recover-20220825,002,1795
167.17849999999999,167.214,68437,81198,Rhinolophus ferrumequinum,0.023,0.023,-1,Echolocation,/mnt/ubna_data_01_mir/recover-20220825/UBNA_002/20220823_033000.WAV,Telephone Field,recover-20220825,002,1795
167.2005,167.2078,24609,33906,Plecotus austriacus,0.01,0.026,-1,Echolocation,/mnt/ubna_data_01_mir/recover-20220825/UBNA_002/20220823_033000.WAV,Telephone Field,recover-20220825,002,1795
167.2135,167.2543,68437,82384,Rhinolophus ferrumequinum,0.024,0.024,-1,Echolocation,/mnt/ubna_data_01_mir/recover-20220825/UBNA_002/20220823_033000.WAV,Telephone Field,recover-20220825,002,1795
167.2315,167.24020000000002,28046,36978,Eptesicus serotinus,0.009,0.023,-1,Echolocation,/mnt/ubna_data_01_mir/recover-20220825/UBNA_002/20220823_033000.WAV,Telephone Field,recover-20220825,002,1795
167.2605,167.2988,68437,81735,Rhinolophus ferrumequinum,0.022,0.022,-1,Echolocation,/mnt/ubna_data_01_mir/recover-20220825/UBNA_002/20220823_033000.WAV,Telephone Field,recover-20220825,002,1795
167.2995,167.3391,68437,81915,Rhinolophus ferrumequinum,0.022,0.022,-1,Echolocation,/mnt/ubna_data_01_mir/recover-20220825/UBNA_002/20220823_033000.WAV,Telephone Field,recover-20220825,002,1795
167.3065,167.3145,22890,30810,Plecotus austriacus,0.017,0.032,-1,Echolocation,/mnt/ubna_data_01_mir/recover-20220825/UBNA_002/20220823_033000.WAV,Telephone Field,recover-20220825,002,1795
167.3145,167.3488,68437,81959,Rhinolophus ferrumequinum,0.023,0.023,-1,Echolocation,/mnt/ubna_data_01_mir/recover-20220825/UBNA_002/20220823_033000.WAV,Telephone Field,recover-20220825,002,1795
167.3485,167.3592,22890,27283,Nyctalus leisleri,0.011,0.022,-1,Echolocation,/mnt/ubna_data_01_mir/recover-20220825/UBNA_002/20220823_033000.WAV,Telephone Field,recover-20220825,002,1795
167.3495,167.3908,68437,82295,Rhinolophus ferrumequinum,0.024,0.024,-1,Echolocation,/mnt/ubna_data_01_mir/recover-20220825/UBNA_002/20220823_033000.WAV,Telephone Field,recover-20220825,002,1795
167.3735,167.3824,28906,38169,Eptesicus serotinus,0.011,0.028,-1,Echolocation,/mnt/ubna_data_01_mir/recover-20220825/UBNA_002/20220823_033000.WAV,Telephone Field,recover-20220825,002,1795
167.3785,167.4189,68437,82935,Rhinolophus ferrumequinum,0.023,0.023,-1,Echolocation,/mnt/ubna_data_01_mir/recover-20220825/UBNA_002/20220823_033000.WAV,Telephone Field,recover-20220825,002,1795
167.4015,167.4103,28906,38648,Eptesicus serotinus,0.008,0.021,-1,Echolocation,/mnt/ubna_data_01_mir/recover-20220825/UBNA_002/20220823_033000.WAV,Telephone Field,recover-20220825,002,1795
167.4395,167.4476,27187,38041,Eptesicus serotinus,0.006,0.021,-1,Echolocation,/mnt/ubna_data_01_mir/recover-20220825/UBNA_002/20220823_033000.WAV,Telephone Field,recover-20220825,002,1795
167.4645,167.5039,68437,82001,Rhinolophus ferrumequinum,0.025,0.025,-1,Echolocation,/mnt/ubna_data_01_mir/recover-20220825/UBNA_002/20220823_033000.WAV,Telephone Field,recover-20220825,002,1795
167.4655,167.4724,28046,39367,Eptesicus serotinus,0.007,0.029,-1,Echolocation,/mnt/ubna_data_01_mir/recover-20220825/UBNA_002/20220823_033000.WAV,Telephone Field,recover-20220825,002,1795
167.5095,167.5474,68437,81838,Rhinolophus ferrumequinum,0.032,0.032,-1,Echolocation,/mnt/ubna_data_01_mir/recover-20220825/UBNA_002/20220823_033000.WAV,Telephone Field,recover-20220825,002,1795
167.5355,167.5435,28906,38887,Eptesicus serotinus,0.007,0.023,-1,Echolocation,/mnt/ubna_data_01_mir/recover-20220825/UBNA_002/20220823_033000.WAV,Telephone Field,recover-20220825,002,1795
167.5425,167.5782,68437,83132,Rhinolophus ferrumequinum,0.024,0.024,-1,Echolocation,/mnt/ubna_data_01_mir/recover-20220825/UBNA_002/20220823_033000.WAV,Telephone Field,recover-20220825,002,1795
167.5565,167.5969,68437,81834,Rhinolophus ferrumequinum,0.022,0.022,-1,Echolocation,/mnt/ubna_data_01_mir/recover-20220825/UBNA_002/20220823_033000.WAV,Telephone Field,recover-20220825,002,1795
167.5615,167.5718,28046,40126,Eptesicus serotinus,0.017,0.032,-1,Echolocation,/mnt/ubna_data_01_mir/recover-20220825/UBNA_002/20220823_033000.WAV,Telephone Field,recover-20220825,002,1795
167.5925,167.631,68437,82076,Rhinolophus ferrumequinum,0.025,0.026,-1,Echolocation,/mnt/ubna_data_01_mir/recover-20220825/UBNA_002/20220823_033000.WAV,Telephone Field,recover-20220825,002,1795
167.6325,167.6431,45234,48546,Pipistrellus pipistrellus,0.028,0.03,-1,Echolocation,/mnt/ubna_data_01_mir/recover-20220825/UBNA_002/20220823_033000.WAV,Telephone Field,recover-20220825,002,1795
167.6395,167.67680000000001,68437,81714,Rhinolophus ferrumequinum,0.022,0.022,-1,Echolocation,/mnt/ubna_data_01_mir/recover-20220825/UBNA_002/20220823_033000.WAV,Telephone Field,recover-20220825,002,1795
167.6415,167.6513,28906,37499,Eptesicus serotinus,0.041,0.064,-1,Echolocation,/mnt/ubna_data_01_mir/recover-20220825/UBNA_002/20220823_033000.WAV,Telephone Field,recover-20220825,002,1795
167.70850000000002,167.7471,68437,82757,Rhinolophus ferrumequinum,0.027,0.027,-1,Echolocation,/mnt/ubna_data_01_mir/recover-20220825/UBNA_002/20220823_033000.WAV,Telephone Field,recover-20220825,002,1795
167.7155,167.7558,68437,83031,Rhinolophus ferrumequinum,0.027,0.027,-1,Echolocation,/mnt/ubna_data_01_mir/recover-20220825/UBNA_002/20220823_033000.WAV,Telephone Field,recover-20220825,002,1795
167.7275,167.738,27187,35844,Eptesicus serotinus,0.012,0.023,-1,Echolocation,/mnt/ubna_data_01_mir/recover-20220825/UBNA_002/20220823_033000.WAV,Telephone Field,recover-20220825,002,1795
167.7415,167.752,25468,33058,Eptesicus serotinus,0.01,0.022,-1,Echolocation,/mnt/ubna_data_01_mir/recover-20220825/UBNA_002/20220823_033000.WAV,Telephone Field,recover-20220825,002,1795
167.76749999999998,167.80689999999998,68437,82383,Rhinolophus ferrumequinum,0.026,0.026,-1,Echolocation,/mnt/ubna_data_01_mir/recover-20220825/UBNA_002/20220823_033000.WAV,Telephone Field,recover-20220825,002,1795
167.7815,167.7905,27187,35863,Eptesicus serotinus,0.01,0.023,-1,Echolocation,/mnt/ubna_data_01_mir/recover-20220825/UBNA_002/20220823_033000.WAV,Telephone Field,recover-20220825,002,1795
167.8085,167.8477,68437,82246,Rhinolophus ferrumequinum,0.024,0.024,-1,Echolocation,/mnt/ubna_data_01_mir/recover-20220825/UBNA_002/20220823_033000.WAV,Telephone Field,recover-20220825,002,1795
167.8265,167.8327,35781,44403,Myotis daubentonii,0.009,0.023,-1,Echolocation,/mnt/ubna_data_01_mir/recover-20220825/UBNA_002/20220823_033000.WAV,Telephone Field,recover-20220825,002,1795
167.8275,167.8344,27187,40297,Eptesicus serotinus,0.007,0.024,-1,Echolocation,/mnt/ubna_data_01_mir/recover-20220825/UBNA_002/20220823_033000.WAV,Telephone Field,recover-20220825,002,1795
167.8675,167.9049,68437,81514,Rhinolophus ferrumequinum,0.022,0.022,-1,Echolocation,/mnt/ubna_data_01_mir/recover-20220825/UBNA_002/20220823_033000.WAV,Telephone Field,recover-20220825,002,1795
167.8825,167.8912,46953,51473,Pipistrellus pipistrellus,0.019,0.022,-1,Echolocation,/mnt/ubna_data_01_mir/recover-20220825/UBNA_002/20220823_033000.WAV,Telephone Field,recover-20220825,002,1795
167.8905,167.9033,56406,60894,Pipistrellus pygmaeus,0.03,0.031,-1,Echolocation,/mnt/ubna_data_01_mir/recover-20220825/UBNA_002/20220823_033000.WAV,Telephone Field,recover-20220825,002,1795
167.8915,167.8996,25468,34517,Eptesicus serotinus,0.007,0.022,-1,Echolocation,/mnt/ubna_data_01_mir/recover-20220825/UBNA_002/20220823_033000.WAV,Telephone Field,recover-20220825,002,1795
167.9175,167.9573,68437,82462,Rhinolophus ferrumequinum,0.029,0.029,-1,Echolocation,/mnt/ubna_data_01_mir/recover-20220825/UBNA_002/20220823_033000.WAV,Telephone Field,recover-20220825,002,1795
167.9845,167.9952,22890,28716,Nyctalus leisleri,0.01,0.022,-1,Echolocation,/mnt/ubna_data_01_mir/recover-20220825/UBNA_002/20220823_033000.WAV,Telephone Field,recover-20220825,002,1795
168.0015,168.0327,68437,79904,Rhinolophus ferrumequinum,0.027,0.027,-1,Echolocation,/mnt/ubna_data_01_mir/recover-20220825/UBNA_002/20220823_033000.WAV,Telephone Field,recover-20220825,002,1795
168.0015,168.00979999999998,26328,34849,Nyctalus leisleri,0.01,0.032,-1,Echolocation,/mnt/ubna_data_01_mir/recover-20220825/UBNA_002/20220823_033000.WAV,Telephone Field,recover-20220825,002,1795
168.0015,168.008,35781,50820,Myotis daubentonii,0.01,0.024,-1,Echolocation,/mnt/ubna_data_01_mir/recover-20220825/UBNA_002/20220823_033000.WAV,Telephone Field,recover-20220825,002,1795
168.0105,168.0212,22890,27716,Nyctalus leisleri,0.012,0.025,-1,Echolocation,/mnt/ubna_data_01_mir/recover-20220825/UBNA_002/20220823_033000.WAV,Telephone Field,recover-20220825,002,1795
168.0575,168.0649,27187,37808,Eptesicus serotinus,0.009,0.024,-1,Echolocation,/mnt/ubna_data_01_mir/recover-20220825/UBNA_002/20220823_033000.WAV,Telephone Field,recover-20220825,002,1795
168.0895,168.1299,68437,82895,Rhinolophus ferrumequinum,0.028,0.028,-1,Echolocation,/mnt/ubna_data_01_mir/recover-20220825/UBNA_002/20220823_033000.WAV,Telephone Field,recover-20220825,002,1795
168.1135,168.1496,68437,82250,Rhinolophus ferrumequinum,0.022,0.022,-1,Echolocation,/mnt/ubna_data_01_mir/recover-20220825/UBNA_002/20220823_033000.WAV,Telephone Field,recover-20220825,002,1795
168.1415,168.1515,27187,38481,Eptesicus serotinus,0.01,0.022,-1,Echolocation,/mnt/ubna_data_01_mir/recover-20220825/UBNA_002/20220823_033000.WAV,Telephone Field,recover-20220825,002,1795
168.1615,168.2025,68437,82772,Rhinolophus ferrumequinum,0.023,0.023,-1,Echolocation,/mnt/ubna_data_01_mir/recover-20220825/UBNA_002/20220823_033000.WAV,Telephone Field,recover-20220825,002,1795
168.1615,168.1692,58125,63259,Pipistrellus pygmaeus,0.024,0.024,-1,Echolocation,/mnt/ubna_data_01_mir/recover-20220825/UBNA_002/20220823_033000.WAV,Telephone Field,recover-20220825,002,1795
168.1655,168.1747,44375,54158,Pipistrellus pipistrellus,0.014,0.023,-1,Echolocation,/mnt/ubna_data_01_mir/recover-20220825/UBNA_002/20220823_033000.WAV,Telephone Field,recover-20220825,002,1795
168.1895,168.2287,68437,83090,Rhinolophus ferrumequinum,0.028,0.028,-1,Echolocation,/mnt/ubna_data_01_mir/recover-20220825/UBNA_002/20220823_033000.WAV,Telephone Field,recover-20220825,002,1795
168.2335,168.2449,22890,28249,Nyctalus leisleri,0.012,0.025,-1,Echolocation,/mnt/ubna_data_01_mir/recover-20220825/UBNA_002/20220823_033000.WAV,Telephone Field,recover-20220825,002,1795
168.2335,168.27530000000002,68437,82529,Rhinolophus ferrumequinum,0.031,0.032,-1,Echolocation,/mnt/ubna_data_01_mir/recover-20220825/UBNA_002/20220823_033000.WAV,Telephone Field,recover-20220825,002,1795
168.2535,168.2908,68437,82220,Rhinolophus ferrumequinum,0.028,0.028,-1,Echolocation,/mnt/ubna_data_01_mir/recover-20220825/UBNA_002/20220823_033000.WAV,Telephone Field,recover-20220825,002,1795
168.2695,168.3081,68437,83027,Rhinolophus ferrumequinum,0.023,0.023,-1,Echolocation,/mnt/ubna_data_01_mir/recover-20220825/UBNA_002/20220823_033000.WAV,Telephone Field,recover-20220825,002,1795
168.3125,168.3217,28046,38996,Eptesicus serotinus,0.009,0.022,-1,Echolocation,/mnt/ubna_data_01_mir/recover-20220825/UBNA_002/20220823_033000.WAV,Telephone Field,recover-20220825,002,1795
168.3145,168.3254,22031,27235,Nyctalus leisleri,0.01,0.023,-1,Echolocation,/mnt/ubna_data_01_mir/recover-20220825/UBNA_002/20220823_033000.WAV,Telephone Field,recover-20220825,002,1795
168.3375,168.3744,68437,82681,Rhinolophus ferrumequinum,0.022,0.022,-1,Echolocation,/mnt/ubna_data_01_mir/recover-20220825/UBNA_002/20220823_033000.WAV,Telephone Field,recover-20220825,002,1795
168.3605,168.3668,26328,39999,Eptesicus serotinus,0.005,0.025,-1,Echolocation,/mnt/ubna_data_01_mir/recover-20220825/UBNA_002/20220823_033000.WAV,Telephone Field,recover-20220825,002,1795
168.3915,168.4309,68437,82740,Rhinolophus ferrumequinum,0.028,0.028,-1,Echolocation,/mnt/ubna_data_01_mir/recover-20220825/UBNA_002/20220823_033000.WAV,Telephone Field,recover-20220825,002,1795
168.3985,168.40879999999999,22031,27383,Nyctalus leisleri,0.009,0.023,-1,Echolocation,/mnt/ubna_data_01_mir/recover-20220825/UBNA_002/20220823_033000.WAV,Telephone Field,recover-20220825,002,1795
168.4235,168.4612,68437,82349,Rhinolophus ferrumequinum,0.025,0.025,-1,Echolocation,/mnt/ubna_data_01_mir/recover-20220825/UBNA_002/20220823_033000.WAV,Telephone Field,recover-20220825,002,1795
168.4365,168.4476,22890,27699,Nyctalus leisleri,0.012,0.025,-1,Echolocation,/mnt/ubna_data_01_mir/recover-20220825/UBNA_002/20220823_033000.WAV,Telephone Field,recover-20220825,002,1795
168.4445,168.4566,22031,26483,Nyctalus leisleri,0.013,0.025,-1,Echolocation,/mnt/ubna_data_01_mir/recover-20220825/UBNA_002/20220823_033000.WAV,Telephone Field,recover-20220825,002,1795
168.4515,168.4886,68437,81640,Rhinolophus ferrumequinum,0.024,0.024,-1,Echolocation,/mnt/ubna_data_01_mir/recover-20220825/UBNA_002/20220823_033000.WAV,Telephone Field,recover-20220825,002,1795
168.4735,168.5152,68437,83029,Rhinolophus ferrumequinum,0.024,0.024,-1,Echolocation,/mnt/ubna_data_01_mir/recover-20220825/UBNA_002/20220823_033000.WAV,Telephone Field,recover-20220825,002,1795
168.4915,168.5023,22890,27778,Nyctalus leisleri,0.012,0.025,-1,Echolocation,/mnt/ubna_data_01_mir/recover-20220825/UBNA_002/20220823_033000.WAV,Telephone Field,recover-20220825,002,1795
168.5815,168.6222,68437,83393,Rhinolophus ferrumequinum,0.038,0.038,-1,Echolocation,/mnt/ubna_data_01_mir/recover-20220825/UBNA_002/20220823_033000.WAV,Telephone Field,recover-20220825,002,1795
168.6565,168.6937,68437,82049,Rhinolophus ferrumequinum,0.022,0.022,-1,Echolocation,/mnt/ubna_data_01_mir/recover-20220825/UBNA_002/20220823_033000.WAV,Telephone Field,recover-20220825,002,1795
168.6705,168.679,28906,38102,Eptesicus serotinus,0.01,0.024,-1,Echolocation,/mnt/ubna_data_01_mir/recover-20220825/UBNA_002/20220823_033000.WAV,Telephone Field,recover-20220825,002,1795
168.7045,168.74,68437,82288,Rhinolophus ferrumequinum,0.023,0.023,-1,Echolocation,/mnt/ubna_data_01_mir/recover-20220825/UBNA_002/20220823_033000.WAV,Telephone Field,recover-20220825,002,1795
168.7175,168.7313,22890,28091,Nyctalus leisleri,0.014,0.03,-1,Echolocation,/mnt/ubna_data_01_mir/recover-20220825/UBNA_002/20220823_033000.WAV,Telephone Field,recover-20220825,002,1795
168.7235,168.7609,68437,82495,Rhinolophus ferrumequinum,0.025,0.025,-1,Echolocation,/mnt/ubna_data_01_mir/recover-20220825/UBNA_002/20220823_033000.WAV,Telephone Field,recover-20220825,002,1795
168.7285,168.7394,27187,33668,Eptesicus serotinus,0.044,0.073,-1,Echolocation,/mnt/ubna_data_01_mir/recover-20220825/UBNA_002/20220823_033000.WAV,Telephone Field,recover-20220825,002,1795
168.7415,168.7774,68437,81604,Rhinolophus ferrumequinum,0.022,0.022,-1,Echolocation,/mnt/ubna_data_01_mir/recover-20220825/UBNA_002/20220823_033000.WAV,Telephone Field,recover-20220825,002,1795
168.7685,168.8097,68437,82854,Rhinolophus ferrumequinum,0.029,0.029,-1,Echolocation,/mnt/ubna_data_01_mir/recover-20220825/UBNA_002/20220823_033000.WAV,Telephone Field,recover-20220825,002,1795
168.7845,168.7918,28046,41792,Eptesicus serotinus,0.007,0.025,-1,Echolocation,/mnt/ubna_data_01_mir/recover-20220825/UBNA_002/20220823_033000.WAV,Telephone Field,recover-20220825,002,1795
168.8125,168.8208,28046,39653,Eptesicus serotinus,0.008,0.022,-1,Echolocation,/mnt/ubna_data_01_mir/recover-20220825/UBNA_002/20220823_033000.WAV,Telephone Field,recover-20220825,002,1795
168.8755,168.9127,68437,82101,Rhinolophus ferrumequinum,0.027,0.027,-1,Echolocation,/mnt/ubna_data_01_mir/recover-20220825/UBNA_002/20220823_033000.WAV,Telephone Field,recover-20220825,002,1795
168.8875,168.9261,68437,82865,Rhinolophus ferrumequinum,0.024,0.024,-1,Echolocation,/mnt/ubna_data_01_mir/recover-20220825/UBNA_002/20220823_033000.WAV,Telephone Field,recover-20220825,002,1795
168.8985,168.9058,28046,43088,Eptesicus serotinus,0.008,0.027,-1,Echolocation,/mnt/ubna_data_01_mir/recover-20220825/UBNA_002/20220823_033000.WAV,Telephone Field,recover-20220825,002,1795
168.9205,168.9322,22890,27389,Nyctalus leisleri,0.016,0.03,-1,Echolocation,/mnt/ubna_data_01_mir/recover-20220825/UBNA_002/20220823_033000.WAV,Telephone Field,recover-20220825,002,1795
168.9415,168.9774,68437,82164,Rhinolophus ferrumequinum,0.023,0.023,-1,Echolocation,/mnt/ubna_data_01_mir/recover-20220825/UBNA_002/20220823_033000.WAV,Telephone Field,recover-20220825,002,1795
168.9595,168.9999,68437,82248,Rhinolophus ferrumequinum,0.022,0.022,-1,Echolocation,/mnt/ubna_data_01_mir/recover-20220825/UBNA_002/20220823_033000.WAV,Telephone Field,recover-20220825,002,1795
169.0105,169.0216,25468,31804,Eptesicus serotinus,0.014,0.035,-1,Echolocation,/mnt/ubna_data_01_mir/recover-20220825/UBNA_002/20220823_033000.WAV,Telephone Field,recover-20220825,002,1795
169.0255,169.066,68437,82709,Rhinolophus ferrumequinum,0.032,0.032,-1,Echolocation,/mnt/ubna_data_01_mir/recover-20220825/UBNA_002/20220823_033000.WAV,Telephone Field,recover-20220825,002,1795
169.0425,169.0836,68437,82471,Rhinolophus ferrumequinum,0.024,0.024,-1,Echolocation,/mnt/ubna_data_01_mir/recover-20220825/UBNA_002/20220823_033000.WAV,Telephone Field,recover-20220825,002,1795
169.0475,169.08350000000002,68437,82089,Rhinolophus ferrumequinum,0.023,0.023,-1,Echolocation,/mnt/ubna_data_01_mir/recover-20220825/UBNA_002/20220823_033000.WAV,Telephone Field,recover-20220825,002,1795
169.0765,169.1182,68437,83537,Rhinolophus ferrumequinum,0.029,0.029,-1,Echolocation,/mnt/ubna_data_01_mir/recover-20220825/UBNA_002/20220823_033000.WAV,Telephone Field,recover-20220825,002,1795
169.1015,169.1132,21171,26082,Nyctalus leisleri,0.009,0.024,-1,Echolocation,/mnt/ubna_data_01_mir/recover-20220825/UBNA_002/20220823_033000.WAV,Telephone Field,recover-20220825,002,1795
169.15449999999998,169.164,28046,36146,Eptesicus serotinus,0.016,0.031,-1,Echolocation,/mnt/ubna_data_01_mir/recover-20220825/UBNA_002/20220823_033000.WAV,Telephone Field,recover-20220825,002,1795
169.1805,169.2152,68437,81706,Rhinolophus ferrumequinum,0.027,0.027,-1,Echolocation,/mnt/ubna_data_01_mir/recover-20220825/UBNA_002/20220823_033000.WAV,Telephone Field,recover-20220825,002,1795
169.1885,169.20080000000002,22031,26157,Nyctalus leisleri,0.015,0.027,-1,Echolocation,/mnt/ubna_data_01_mir/recover-20220825/UBNA_002/20220823_033000.WAV,Telephone Field,recover-20220825,002,1795
169.2135,169.2587,68437,83499,Rhinolophus ferrumequinum,0.057,0.057,-1,Echolocation,/mnt/ubna_data_01_mir/recover-20220825/UBNA_002/20220823_033000.WAV,Telephone Field,recover-20220825,002,1795
169.2245,169.2349,22031,26872,Nyctalus leisleri,0.01,0.022,-1,Echolocation,/mnt/ubna_data_01_mir/recover-20220825/UBNA_002/20220823_033000.WAV,Telephone Field,recover-20220825,002,1795
169.2515,169.258,28046,41246,Eptesicus serotinus,0.008,0.03,-1,Echolocation,/mnt/ubna_data_01_mir/recover-20220825/UBNA_002/20220823_033000.WAV,Telephone Field,recover-20220825,002,1795
169.2755,169.3179,68437,82891,Rhinolophus ferrumequinum,0.041,0.041,-1,Echolocation,/mnt/ubna_data_01_mir/recover-20220825/UBNA_002/20220823_033000.WAV,Telephone Field,recover-20220825,002,1795
169.2875,169.2968,28906,37310,Eptesicus serotinus,0.009,0.023,-1,Echolocation,/mnt/ubna_data_01_mir/recover-20220825/UBNA_002/20220823_033000.WAV,Telephone Field,recover-20220825,002,1795
169.2945,169.304,37500,42937,Barbastellus barbastellus,0.007,0.025,-1,Echolocation,/mnt/ubna_data_01_mir/recover-20220825/UBNA_002/20220823_033000.WAV,Telephone Field,recover-20220825,002,1795
169.2975,169.305,26328,41085,Eptesicus serotinus,0.007,0.023,-1,Echolocation,/mnt/ubna_data_01_mir/recover-20220825/UBNA_002/20220823_033000.WAV,Telephone Field,recover-20220825,002,1795
169.2975,169.3359,68437,82353,Rhinolophus ferrumequinum,0.024,0.024,-1,Echolocation,/mnt/ubna_data_01_mir/recover-20220825/UBNA_002/20220823_033000.WAV,Telephone Field,recover-20220825,002,1795
169.3115,169.3516,68437,82590,Rhinolophus ferrumequinum,0.029,0.029,-1,Echolocation,/mnt/ubna_data_01_mir/recover-20220825/UBNA_002/20220823_033000.WAV,Telephone Field,recover-20220825,002,1795
169.3665,169.3759,27187,41933,Eptesicus serotinus,0.01,0.024,-1,Echolocation,/mnt/ubna_data_01_mir/recover-20220825/UBNA_002/20220823_033000.WAV,Telephone Field,recover-20220825,002,1795
169.3725,169.383,28046,37403,Eptesicus serotinus,0.011,0.023,-1,Echolocation,/mnt/ubna_data_01_mir/recover-20220825/UBNA_002/20220823_033000.WAV,Telephone Field,recover-20220825,002,1795
169.3835,169.4213,68437,82067,Rhinolophus ferrumequinum,0.024,0.024,-1,Echolocation,/mnt/ubna_data_01_mir/recover-20220825/UBNA_002/20220823_033000.WAV,Telephone Field,recover-20220825,002,1795
169.4115,169.4193,23750,32419,Plecotus austriacus,0.008,0.022,-1,Echolocation,/mnt/ubna_data_01_mir/recover-20220825/UBNA_002/20220823_033000.WAV,Telephone Field,recover-20220825,002,1795
169.4215,169.4619,68437,82901,Rhinolophus ferrumequinum,0.024,0.024,-1,Echolocation,/mnt/ubna_data_01_mir/recover-20220825/UBNA_002/20220823_033000.WAV,Telephone Field,recover-20220825,002,1795
169.4325,169.4727,68437,82117,Rhinolophus ferrumequinum,0.023,0.023,-1,Echolocation,/mnt/ubna_data_01_mir/recover-20220825/UBNA_002/20220823_033000.WAV,Telephone Field,recover-20220825,002,1795
169.4325,169.4427,26328,34419,Eptesicus serotinus,0.012,0.024,-1,Echolocation,/mnt/ubna_data_01_mir/recover-20220825/UBNA_002/20220823_033000.WAV,Telephone Field,recover-20220825,002,1795
169.4735,169.5112,68437,81277,Rhinolophus ferrumequinum,0.026,0.026,-1,Echolocation,/mnt/ubna_data_01_mir/recover-20220825/UBNA_002/20220823_033000.WAV,Telephone Field,recover-20220825,002,1795
169.4995,169.5345,68437,82172,Rhinolophus ferrumequinum,0.029,0.029,-1,Echolocation,/mnt/ubna_data_01_mir/recover-20220825/UBNA_002/20220823_033000.WAV,Telephone Field,recover-20220825,002,1795
169.5135,169.5215,28046,41872,Eptesicus serotinus,0.01,0.027,-1,Echolocation,/mnt/ubna_data_01_mir/recover-20220825/UBNA_002/20220823_033000.WAV,Telephone Field,recover-20220825,002,1795
169.5615,169.5728,22031,26556,Nyctalus leisleri,0.012,0.025,-1,Echolocation,/mnt/ubna_data_01_mir/recover-20220825/UBNA_002/20220823_033000.WAV,Telephone Field,recover-20220825,002,1795
169.5965,169.6381,68437,82570,Rhinolophus ferrumequinum,0.051,0.051,-1,Echolocation,/mnt/ubna_data_01_mir/recover-20220825/UBNA_002/20220823_033000.WAV,Telephone Field,recover-20220825,002,1795
169.6175,169.6269,25468,33505,Eptesicus serotinus,0.015,0.045,-1,Echolocation,/mnt/ubna_data_01_mir/recover-20220825/UBNA_002/20220823_033000.WAV,Telephone Field,recover-20220825,002,1795
169.6475,169.65449999999998,27187,41098,Eptesicus serotinus,0.008,0.024,-1,Echolocation,/mnt/ubna_data_01_mir/recover-20220825/UBNA_002/20220823_033000.WAV,Telephone Field,recover-20220825,002,1795
169.6805,169.7187,68437,81987,Rhinolophus ferrumequinum,0.024,0.024,-1,Echolocation,/mnt/ubna_data_01_mir/recover-20220825/UBNA_002/20220823_033000.WAV,Telephone Field,recover-20220825,002,1795
169.6825,169.6908,26328,39618,Eptesicus serotinus,0.009,0.027,-1,Echolocation,/mnt/ubna_data_01_mir/recover-20220825/UBNA_002/20220823_033000.WAV,Telephone Field,recover-20220825,002,1795
169.7235,169.7317,45234,51376,Pipistrellus pipistrellus,0.025,0.029,-1,Echolocation,/mnt/ubna_data_01_mir/recover-20220825/UBNA_002/20220823_033000.WAV,Telephone Field,recover-20220825,002,1795
169.73250000000002,169.77100000000002,68437,82642,Rhinolophus ferrumequinum,0.026,0.026,-1,Echolocation,/mnt/ubna_data_01_mir/recover-20220825/UBNA_002/20220823_033000.WAV,Telephone Field,recover-20220825,002,1795
169.7645,169.7731,27187,40314,Eptesicus serotinus,0.008,0.023,-1,Echolocation,/mnt/ubna_data_01_mir/recover-20220825/UBNA_002/20220823_033000.WAV,Telephone Field,recover-20220825,002,1795
169.7765,169.8147,68437,82439,Rhinolophus ferrumequinum,0.042,0.042,-1,Echolocation,/mnt/ubna_data_01_mir/recover-20220825/UBNA_002/20220823_033000.WAV,Telephone Field,recover-20220825,002,1795
169.7925,169.8033,22031,27377,Nyctalus leisleri,0.011,0.027,-1,Echolocation,/mnt/ubna_data_01_mir/recover-20220825/UBNA_002/20220823_033000.WAV,Telephone Field,recover-20220825,002,1795
169.7995,169.8086,47812,54340,Pipistrellus pipistrellus,0.023,0.025,-1,Echolocation,/mnt/ubna_data_01_mir/recover-20220825/UBNA_002/20220823_033000.WAV,Telephone Field,recover-20220825,002,1795
169.8605,169.8959,68437,81220,Rhinolophus ferrumequinum,0.022,0.022,-1,Echolocation,/mnt/ubna_data_01_mir/recover-20220825/UBNA_002/20220823_033000.WAV,Telephone Field,recover-20220825,002,1795
169.8845,169.9226,68437,82158,Rhinolophus ferrumequinum,0.023,0.023,-1,Echolocation,/mnt/ubna_data_01_mir/recover-20220825/UBNA_002/20220823_033000.WAV,Telephone Field,recover-20220825,002,1795
169.9005,169.941,68437,82780,Rhinolophus ferrumequinum,0.027,0.027,-1,Echolocation,/mnt/ubna_data_01_mir/recover-20220825/UBNA_002/20220823_033000.WAV,Telephone Field,recover-20220825,002,1795
169.9065,169.912,28046,41232,Plecotus auritus,0.024,0.069,-1,Echolocation,/mnt/ubna_data_01_mir/recover-20220825/UBNA_002/20220823_033000.WAV,Telephone Field,recover-20220825,002,1795
169.9375,169.9753,68437,82861,Rhinolophus ferrumequinum,0.028,0.028,-1,Echolocation,/mnt/ubna_data_01_mir/recover-20220825/UBNA_002/20220823_033000.WAV,Telephone Field,recover-20220825,002,1795
169.9835,169.9903,27187,39615,Eptesicus serotinus,0.007,0.025,-1,Echolocation,/mnt/ubna_data_01_mir/recover-20220825/UBNA_002/20220823_033000.WAV,Telephone Field,recover-20220825,002,1795
170.0015,170.011,47812,51625,Pipistrellus pipistrellus,0.042,0.047,-1,Echolocation,/mnt/ubna_data_01_mir/recover-20220825/UBNA_002/20220823_033000.WAV,Telephone Field,recover-20220825,002,1795
170.0015,170.0121,22890,28215,Nyctalus leisleri,0.023,0.045,-1,Echolocation,/mnt/ubna_data_01_mir/recover-20220825/UBNA_002/20220823_033000.WAV,Telephone Field,recover-20220825,002,1795
170.0015,170.0343,69296,80793,Rhinolophus ferrumequinum,0.041,0.041,-1,Echolocation,/mnt/ubna_data_01_mir/recover-20220825/UBNA_002/20220823_033000.WAV,Telephone Field,recover-20220825,002,1795
170.0245,170.0655,68437,82894,Rhinolophus ferrumequinum,0.023,0.023,-1,Echolocation,/mnt/ubna_data_01_mir/recover-20220825/UBNA_002/20220823_033000.WAV,Telephone Field,recover-20220825,002,1795
170.0285,170.03640000000001,28906,39733,Eptesicus serotinus,0.007,0.023,-1,Echolocation,/mnt/ubna_data_01_mir/recover-20220825/UBNA_002/20220823_033000.WAV,Telephone Field,recover-20220825,002,1795
170.0315,170.0426,22031,26938,Nyctalus leisleri,0.012,0.025,-1,Echolocation,/mnt/ubna_data_01_mir/recover-20220825/UBNA_002/20220823_033000.WAV,Telephone Field,recover-20220825,002,1795
170.0575,170.0994,68437,82588,Rhinolophus ferrumequinum,0.026,0.026,-1,Echolocation,/mnt/ubna_data_01_mir/recover-20220825/UBNA_002/20220823_033000.WAV,Telephone Field,recover-20220825,002,1795
170.0805,170.1225,68437,83416,Rhinolophus ferrumequinum,0.029,0.029,-1,Echolocation,/mnt/ubna_data_01_mir/recover-20220825/UBNA_002/20220823_033000.WAV,Telephone Field,recover-20220825,002,1795
170.1155,170.1238,28046,39277,Eptesicus serotinus,0.008,0.022,-1,Echolocation,/mnt/ubna_data_01_mir/recover-20220825/UBNA_002/20220823_033000.WAV,Telephone Field,recover-20220825,002,1795
170.1485,170.1568,22890,30756,Plecotus austriacus,0.009,0.022,-1,Echolocation,/mnt/ubna_data_01_mir/recover-20220825/UBNA_002/20220823_033000.WAV,Telephone Field,recover-20220825,002,1795
170.16649999999998,170.2091,68437,82967,Rhinolophus ferrumequinum,0.023,0.023,-1,Echolocation,/mnt/ubna_data_01_mir/recover-20220825/UBNA_002/20220823_033000.WAV,Telephone Field,recover-20220825,002,1795
170.2235,170.2613,68437,81395,Rhinolophus ferrumequinum,0.023,0.023,-1,Echolocation,/mnt/ubna_data_01_mir/recover-20220825/UBNA_002/20220823_033000.WAV,Telephone Field,recover-20220825,002,1795
170.2405,170.2782,68437,81727,Rhinolophus ferrumequinum,0.022,0.022,-1,Echolocation,/mnt/ubna_data_01_mir/recover-20220825/UBNA_002/20220823_033000.WAV,Telephone Field,recover-20220825,002,1795
170.2515,170.2597,27187,36798,Eptesicus serotinus,0.013,0.035,-1,Echolocation,/mnt/ubna_data_01_mir/recover-20220825/UBNA_002/20220823_033000.WAV,Telephone Field,recover-20220825,002,1795
170.2845,170.2963,26328,33712,Eptesicus serotinus,0.012,0.024,-1,Echolocation,/mnt/ubna_data_01_mir/recover-20220825/UBNA_002/20220823_033000.WAV,Telephone Field,recover-20220825,002,1795
170.2875,170.3306,68437,83381,Rhinolophus ferrumequinum,0.025,0.025,-1,Echolocation,/mnt/ubna_data_01_mir/recover-20220825/UBNA_002/20220823_033000.WAV,Telephone Field,recover-20220825,002,1795
170.3065,170.3168,23750,30078,Nyctalus leisleri,0.009,0.023,-1,Echolocation,/mnt/ubna_data_01_mir/recover-20220825/UBNA_002/20220823_033000.WAV,Telephone Field,recover-20220825,002,1795
170.3505,170.358,27187,39360,Eptesicus serotinus,0.012,0.031,-1,Echolocation,/mnt/ubna_data_01_mir/recover-20220825/UBNA_002/20220823_033000.WAV,Telephone Field,recover-20220825,002,1795
170.3805,170.4182,68437,82326,Rhinolophus ferrumequinum,0.023,0.023,-1,Echolocation,/mnt/ubna_data_01_mir/recover-20220825/UBNA_002/20220823_033000.WAV,Telephone Field,recover-20220825,002,1795
170.3845,170.3916,27187,39468,Eptesicus serotinus,0.007,0.024,-1,Echolocation,/mnt/ubna_data_01_mir/recover-20220825/UBNA_002/20220823_033000.WAV,Telephone Field,recover-20220825,002,1795
170.4215,170.4297,26328,35995,Eptesicus serotinus,0.01,0.026,-1,Echolocation,/mnt/ubna_data_01_mir/recover-20220825/UBNA_002/20220823_033000.WAV,Telephone Field,recover-20220825,002,1795
170.4755,170.5179,68437,82701,Rhinolophus ferrumequinum,0.024,0.024,-1,Echolocation,/mnt/ubna_data_01_mir/recover-20220825/UBNA_002/20220823_033000.WAV,Telephone Field,recover-20220825,002,1795
170.4835,170.4927,29765,38929,Eptesicus serotinus,0.012,0.029,-1,Echolocation,/mnt/ubna_data_01_mir/recover-20220825/UBNA_002/20220823_033000.WAV,Telephone Field,recover-20220825,002,1795
170.5125,170.5512,68437,82369,Rhinolophus ferrumequinum,0.024,0.024,-1,Echolocation,/mnt/ubna_data_01_mir/recover-20220825/UBNA_002/20220823_033000.WAV,Telephone Field,recover-20220825,002,1795
170.5185,170.5302,23750,29092,Nyctalus leisleri,0.011,0.022,-1,Echolocation,/mnt/ubna_data_01_mir/recover-20220825/UBNA_002/20220823_033000.WAV,Telephone Field,recover-20220825,002,1795
170.52949999999998,170.5692,68437,82012,Rhinolophus ferrumequinum,0.024,0.024,-1,Echolocation,/mnt/ubna_data_01_mir/recover-20220825/UBNA_002/20220823_033000.WAV,Telephone Field,recover-20220825,002,1795
170.54149999999998,170.5495,28046,41195,Eptesicus serotinus,0.008,0.025,-1,Echolocation,/mnt/ubna_data_01_mir/recover-20220825/UBNA_002/20220823_033000.WAV,Telephone Field,recover-20220825,002,1795
170.5555,170.5626,28046,41091,Eptesicus serotinus,0.006,0.022,-1,Echolocation,/mnt/ubna_data_01_mir/recover-20220825/UBNA_002/20220823_033000.WAV,Telephone Field,recover-20220825,002,1795
170.5675,170.6041,68437,82537,Rhinolophus ferrumequinum,0.023,0.023,-1,Echolocation,/mnt/ubna_data_01_mir/recover-20220825/UBNA_002/20220823_033000.WAV,Telephone Field,recover-20220825,002,1795
170.5875,170.6199,68437,80559,Rhinolophus ferrumequinum,0.023,0.023,-1,Echolocation,/mnt/ubna_data_01_mir/recover-20220825/UBNA_002/20220823_033000.WAV,Telephone Field,recover-20220825,002,1795
170.5885,170.5985,23750,30432,Nyctalus leisleri,0.008,0.022,-1,Echolocation,/mnt/ubna_data_01_mir/recover-20220825/UBNA_002/20220823_033000.WAV,Telephone Field,recover-20220825,002,1795
170.59550000000002,170.606,23750,30425,Eptesicus serotinus,0.009,0.025,-1,Echolocation,/mnt/ubna_data_01_mir/recover-20220825/UBNA_002/20220823_033000.WAV,Telephone Field,recover-20220825,002,1795
170.6175,170.6586,68437,83357,Rhinolophus ferrumequinum,0.032,0.032,-1,Echolocation,/mnt/ubna_data_01_mir/recover-20220825/UBNA_002/20220823_033000.WAV,Telephone Field,recover-20220825,002,1795
170.6285,170.63909999999998,22890,27907,Nyctalus leisleri,0.01,0.022,-1,Echolocation,/mnt/ubna_data_01_mir/recover-20220825/UBNA_002/20220823_033000.WAV,Telephone Field,recover-20220825,002,1795
170.6395,170.681,68437,82631,Rhinolophus ferrumequinum,0.024,0.024,-1,Echolocation,/mnt/ubna_data_01_mir/recover-20220825/UBNA_002/20220823_033000.WAV,Telephone Field,recover-20220825,002,1795
170.6595,170.6963,68437,80920,Rhinolophus ferrumequinum,0.024,0.024,-1,Echolocation,/mnt/ubna_data_01_mir/recover-20220825/UBNA_002/20220823_033000.WAV,Telephone Field,recover-20220825,002,1795
170.6885,170.7308,68437,83206,Rhinolophus ferrumequinum,0.029,0.029,-1,Echolocation,/mnt/ubna_data_01_mir/recover-20220825/UBNA_002/20220823_033000.WAV,Telephone Field,recover-20220825,002,1795
170.7065,170.746,68437,82612,Rhinolophus ferrumequinum,0.023,0.023,-1,Echolocation,/mnt/ubna_data_01_mir/recover-20220825/UBNA_002/20220823_033000.WAV,Telephone Field,recover-20220825,002,1795
170.7335,170.7728,68437,82137,Rhinolophus ferrumequinum,0.022,0.022,-1,Echolocation,/mnt/ubna_data_01_mir/recover-20220825/UBNA_002/20220823_033000.WAV,Telephone Field,recover-20220825,002,1795
170.7445,170.7555,23750,30509,Nyctalus leisleri,0.016,0.037,-1,Echolocation,/mnt/ubna_data_01_mir/recover-20220825/UBNA_002/20220823_033000.WAV,Telephone Field,recover-20220825,002,1795
170.7575,170.7976,68437,82366,Rhinolophus ferrumequinum,0.023,0.023,-1,Echolocation,/mnt/ubna_data_01_mir/recover-20220825/UBNA_002/20220823_033000.WAV,Telephone Field,recover-20220825,002,1795
170.76749999999998,170.7767,29765,37641,Eptesicus serotinus,0.008,0.023,-1,Echolocation,/mnt/ubna_data_01_mir/recover-20220825/UBNA_002/20220823_033000.WAV,Telephone Field,recover-20220825,002,1795
170.7905,170.8009,22890,28985,Nyctalus leisleri,0.009,0.023,-1,Echolocation,/mnt/ubna_data_01_mir/recover-20220825/UBNA_002/20220823_033000.WAV,Telephone Field,recover-20220825,002,1795
170.8005,170.8086,28906,41256,Eptesicus serotinus,0.009,0.028,-1,Echolocation,/mnt/ubna_data_01_mir/recover-20220825/UBNA_002/20220823_033000.WAV,Telephone Field,recover-20220825,002,1795
170.8155,170.8486,68437,81427,Rhinolophus ferrumequinum,0.023,0.023,-1,Echolocation,/mnt/ubna_data_01_mir/recover-20220825/UBNA_002/20220823_033000.WAV,Telephone Field,recover-20220825,002,1795
170.8245,170.8338,23750,31648,Plecotus austriacus,0.007,0.025,-1,Echolocation,/mnt/ubna_data_01_mir/recover-20220825/UBNA_002/20220823_033000.WAV,Telephone Field,recover-20220825,002,1795
170.92849999999999,170.9402,22890,27836,Nyctalus leisleri,0.012,0.025,-1,Echolocation,/mnt/ubna_data_01_mir/recover-20220825/UBNA_002/20220823_033000.WAV,Telephone Field,recover-20220825,002,1795
170.9595,170.9731,55546,59643,Pipistrellus pygmaeus,0.033,0.038,-1,Echolocation,/mnt/ubna_data_01_mir/recover-20220825/UBNA_002/20220823_033000.WAV,Telephone Field,recover-20220825,002,1795
170.9605,170.9715,24609,30433,Nyctalus leisleri,0.014,0.032,-1,Echolocation,/mnt/ubna_data_01_mir/recover-20220825/UBNA_002/20220823_033000.WAV,Telephone Field,recover-20220825,002,1795
170.9875,170.9953,28046,41337,Eptesicus serotinus,0.007,0.022,-1,Echolocation,/mnt/ubna_data_01_mir/recover-20220825/UBNA_002/20220823_033000.WAV,Telephone Field,recover-20220825,002,1795
171.0045,171.0124,47812,55257,Pipistrellus pipistrellus,0.021,0.023,-1,Echolocation,/mnt/ubna_data_01_mir/recover-20220825/UBNA_002/20220823_033000.WAV,Telephone Field,recover-20220825,002,1795
171.0155,171.0539,68437,82194,Rhinolophus ferrumequinum,0.022,0.022,-1,Echolocation,/mnt/ubna_data_01_mir/recover-20220825/UBNA_002/20220823_033000.WAV,Telephone Field,recover-20220825,002,1795
171.0435,171.0515,29765,39152,Eptesicus serotinus,0.011,0.029,-1,Echolocation,/mnt/ubna_data_01_mir/recover-20220825/UBNA_002/20220823_033000.WAV,Telephone Field,recover-20220825,002,1795
171.0465,171.0533,49531,53826,Pipistrellus pipistrellus,0.022,0.024,-1,Echolocation,/mnt/ubna_data_01_mir/recover-20220825/UBNA_002/20220823_033000.WAV,Telephone Field,recover-20220825,002,1795
171.0485,171.0891,68437,83037,Rhinolophus ferrumequinum,0.026,0.026,-1,Echolocation,/mnt/ubna_data_01_mir/recover-20220825/UBNA_002/20220823_033000.WAV,Telephone Field,recover-20220825,002,1795
171.0915,171.0999,45234,54271,Pipistrellus pipistrellus,0.013,0.022,-1,Echolocation,/mnt/ubna_data_01_mir/recover-20220825/UBNA_002/20220823_033000.WAV,Telephone Field,recover-20220825,002,1795
171.0925,171.1275,68437,81016,Rhinolophus ferrumequinum,0.023,0.023,-1,Echolocation,/mnt/ubna_data_01_mir/recover-20220825/UBNA_002/20220823_033000.WAV,Telephone Field,recover-20220825,002,1795
171.1095,171.1493,68437,82621,Rhinolophus ferrumequinum,0.023,0.023,-1,Echolocation,/mnt/ubna_data_01_mir/recover-20220825/UBNA_002/20220823_033000.WAV,Telephone Field,recover-20220825,002,1795
171.1165,171.1258,27187,36718,Eptesicus serotinus,0.008,0.022,-1,Echolocation,/mnt/ubna_data_01_mir/recover-20220825/UBNA_002/20220823_033000.WAV,Telephone Field,recover-20220825,002,1795
171.1185,171.15879999999999,68437,82754,Rhinolophus ferrumequinum,0.023,0.023,-1,Echolocation,/mnt/ubna_data_01_mir/recover-20220825/UBNA_002/20220823_033000.WAV,Telephone Field,recover-20220825,002,1795
171.1465,171.1567,25468,32767,Eptesicus serotinus,0.01,0.027,-1,Echolocation,/mnt/ubna_data_01_mir/recover-20220825/UBNA_002/20220823_033000.WAV,Telephone Field,recover-20220825,002,1795
171.1635,171.1713,27187,37038,Eptesicus serotinus,0.008,0.022,-1,Echolocation,/mnt/ubna_data_01_mir/recover-20220825/UBNA_002/20220823_033000.WAV,Telephone Field,recover-20220825,002,1795
171.2015,171.2124,23750,29420,Nyctalus leisleri,0.013,0.029,-1,Echolocation,/mnt/ubna_data_01_mir/recover-20220825/UBNA_002/20220823_033000.WAV,Telephone Field,recover-20220825,002,1795
171.2035,171.2438,68437,82738,Rhinolophus ferrumequinum,0.025,0.025,-1,Echolocation,/mnt/ubna_data_01_mir/recover-20220825/UBNA_002/20220823_033000.WAV,Telephone Field,recover-20220825,002,1795
171.2345,171.2478,14296,20550,Nyctalus noctula,0.024,0.035,-1,Echolocation,/mnt/ubna_data_01_mir/recover-20220825/UBNA_002/20220823_033000.WAV,Telephone Field,recover-20220825,002,1795
171.2395,171.27870000000001,68437,83014,Rhinolophus ferrumequinum,0.023,0.023,-1,Echolocation,/mnt/ubna_data_01_mir/recover-20220825/UBNA_002/20220823_033000.WAV,Telephone Field,recover-20220825,002,1795
171.2505,171.2609,28046,34554,Eptesicus serotinus,0.019,0.036,-1,Echolocation,/mnt/ubna_data_01_mir/recover-20220825/UBNA_002/20220823_033000.WAV,Telephone Field,recover-20220825,002,1795
171.26749999999998,171.2741,28046,43831,Eptesicus serotinus,0.007,0.029,-1,Echolocation,/mnt/ubna_data_01_mir/recover-20220825/UBNA_002/20220823_033000.WAV,Telephone Field,recover-20220825,002,1795
171.2925,171.333,68437,82859,Rhinolophus ferrumequinum,0.022,0.022,-1,Echolocation,/mnt/ubna_data_01_mir/recover-20220825/UBNA_002/20220823_033000.WAV,Telephone Field,recover-20220825,002,1795
171.3155,171.3239,48671,55845,Pipistrellus pipistrellus,0.029,0.033,-1,Echolocation,/mnt/ubna_data_01_mir/recover-20220825/UBNA_002/20220823_033000.WAV,Telephone Field,recover-20220825,002,1795
171.3555,171.3924,68437,81897,Rhinolophus ferrumequinum,0.023,0.023,-1,Echolocation,/mnt/ubna_data_01_mir/recover-20220825/UBNA_002/20220823_033000.WAV,Telephone Field,recover-20220825,002,1795
171.3835,171.4219,68437,82096,Rhinolophus ferrumequinum,0.023,0.023,-1,Echolocation,/mnt/ubna_data_01_mir/recover-20220825/UBNA_002/20220823_033000.WAV,Telephone Field,recover-20220825,002,1795
171.3985,171.4089,44375,47729,Pipistrellus pipistrellus,0.035,0.038,-1,Echolocation,/mnt/ubna_data_01_mir/recover-20220825/UBNA_002/20220823_033000.WAV,Telephone Field,recover-20220825,002,1795
171.4195,171.4615,68437,82798,Rhinolophus ferrumequinum,0.024,0.024,-1,Echolocation,/mnt/ubna_data_01_mir/recover-20220825/UBNA_002/20220823_033000.WAV,Telephone Field,recover-20220825,002,1795
171.4475,171.4549,28906,38123,Eptesicus serotinus,0.006,0.023,-1,Echolocation,/mnt/ubna_data_01_mir/recover-20220825/UBNA_002/20220823_033000.WAV,Telephone Field,recover-20220825,002,1795
171.4525,171.4967,68437,83104,Rhinolophus ferrumequinum,0.04,0.04,-1,Echolocation,/mnt/ubna_data_01_mir/recover-20220825/UBNA_002/20220823_033000.WAV,Telephone Field,recover-20220825,002,1795
171.5055,171.51409999999998,28046,39199,Eptesicus serotinus,0.01,0.028,-1,Echolocation,/mnt/ubna_data_01_mir/recover-20220825/UBNA_002/20220823_033000.WAV,Telephone Field,recover-20220825,002,1795
171.5055,171.5137,45234,49797,Pipistrellus pipistrellus,0.028,0.029,-1,Echolocation,/mnt/ubna_data_01_mir/recover-20220825/UBNA_002/20220823_033000.WAV,Telephone Field,recover-20220825,002,1795
171.54149999999998,171.5817,68437,82640,Rhinolophus ferrumequinum,0.022,0.022,-1,Echolocation,/mnt/ubna_data_01_mir/recover-20220825/UBNA_002/20220823_033000.WAV,Telephone Field,recover-20220825,002,1795
171.54149999999998,171.551,48671,51836,Pipistrellus pipistrellus,0.036,0.04,-1,Echolocation,/mnt/ubna_data_01_mir/recover-20220825/UBNA_002/20220823_033000.WAV,Telephone Field,recover-20220825,002,1795
171.5505,171.5591,25468,35602,Eptesicus serotinus,0.007,0.022,-1,Echolocation,/mnt/ubna_data_01_mir/recover-20220825/UBNA_002/20220823_033000.WAV,Telephone Field,recover-20220825,002,1795
171.5685,171.6079,68437,81816,Rhinolophus ferrumequinum,0.022,0.022,-1,Echolocation,/mnt/ubna_data_01_mir/recover-20220825/UBNA_002/20220823_033000.WAV,Telephone Field,recover-20220825,002,1795
171.6475,171.66140000000001,28906,34315,Eptesicus serotinus,0.019,0.032,-1,Echolocation,/mnt/ubna_data_01_mir/recover-20220825/UBNA_002/20220823_033000.WAV,Telephone Field,recover-20220825,002,1795
171.6475,171.6871,68437,81932,Rhinolophus ferrumequinum,0.022,0.022,-1,Echolocation,/mnt/ubna_data_01_mir/recover-20220825/UBNA_002/20220823_033000.WAV,Telephone Field,recover-20220825,002,1795
171.6845,171.6946,27187,34772,Eptesicus serotinus,0.015,0.03,-1,Echolocation,/mnt/ubna_data_01_mir/recover-20220825/UBNA_002/20220823_033000.WAV,Telephone Field,recover-20220825,002,1795
171.6985,171.7077,28046,36951,Eptesicus serotinus,0.009,0.024,-1,Echolocation,/mnt/ubna_data_01_mir/recover-20220825/UBNA_002/20220823_033000.WAV,Telephone Field,recover-20220825,002,1795
171.7255,171.7671,68437,82841,Rhinolophus ferrumequinum,0.023,0.023,-1,Echolocation,/mnt/ubna_data_01_mir/recover-20220825/UBNA_002/20220823_033000.WAV,Telephone Field,recover-20220825,002,1795
171.7605,171.7991,68437,81589,Rhinolophus ferrumequinum,0.025,0.025,-1,Echolocation,/mnt/ubna_data_01_mir/recover-20220825/UBNA_002/20220823_033000.WAV,Telephone Field,recover-20220825,002,1795
171.7725,171.7855,40937,44489,Pipistrellus nathusii,0.021,0.03,-1,Echolocation,/mnt/ubna_data_01_mir/recover-20220825/UBNA_002/20220823_033000.WAV,Telephone Field,recover-20220825,002,1795
171.79149999999998,171.8324,68437,82783,Rhinolophus ferrumequinum,0.026,0.026,-1,Echolocation,/mnt/ubna_data_01_mir/recover-20220825/UBNA_002/20220823_033000.WAV,Telephone Field,recover-20220825,002,1795
171.8105,171.8211,23750,29101,Nyctalus leisleri,0.01,0.022,-1,Echolocation,/mnt/ubna_data_01_mir/recover-20220825/UBNA_002/20220823_033000.WAV,Telephone Field,recover-20220825,002,1795
171.8165,171.8587,68437,82716,Rhinolophus ferrumequinum,0.026,0.026,-1,Echolocation,/mnt/ubna_data_01_mir/recover-20220825/UBNA_002/20220823_033000.WAV,Telephone Field,recover-20220825,002,1795
171.8255,171.8377,23750,29322,Nyctalus leisleri,0.015,0.032,-1,Echolocation,/mnt/ubna_data_01_mir/recover-20220825/UBNA_002/20220823_033000.WAV,Telephone Field,recover-20220825,002,1795
171.8385,171.877,68437,82083,Rhinolophus ferrumequinum,0.022,0.022,-1,Echolocation,/mnt/ubna_data_01_mir/recover-20220825/UBNA_002/20220823_033000.WAV,Telephone Field,recover-20220825,002,1795
171.8415,171.8485,28046,38913,Eptesicus serotinus,0.006,0.024,-1,Echolocation,/mnt/ubna_data_01_mir/recover-20220825/UBNA_002/20220823_033000.WAV,Telephone Field,recover-20220825,002,1795
171.8485,171.889,68437,82344,Rhinolophus ferrumequinum,0.022,0.022,-1,Echolocation,/mnt/ubna_data_01_mir/recover-20220825/UBNA_002/20220823_033000.WAV,Telephone Field,recover-20220825,002,1795
171.8595,171.8983,68437,81872,Rhinolophus ferrumequinum,0.023,0.023,-1,Echolocation,/mnt/ubna_data_01_mir/recover-20220825/UBNA_002/20220823_033000.WAV,Telephone Field,recover-20220825,002,1795
171.8955,171.9307,68437,81476,Rhinolophus ferrumequinum,0.022,0.023,-1,Echolocation,/mnt/ubna_data_01_mir/recover-20220825/UBNA_002/20220823_033000.WAV,Telephone Field,recover-20220825,002,1795
171.9005,171.9363,68437,81320,Rhinolophus ferrumequinum,0.023,0.023,-1,Echolocation,/mnt/ubna_data_01_mir/recover-20220825/UBNA_002/20220823_033000.WAV,Telephone Field,recover-20220825,002,1795
171.9075,171.9222,22031,26067,Nyctalus leisleri,0.019,0.035,-1,Echolocation,/mnt/ubna_data_01_mir/recover-20220825/UBNA_002/20220823_033000.WAV,Telephone Field,recover-20220825,002,1795
171.9865,171.996,24609,33669,Eptesicus serotinus,0.009,0.024,-1,Echolocation,/mnt/ubna_data_01_mir/recover-20220825/UBNA_002/20220823_033000.WAV,Telephone Field,recover-20220825,002,1795
172.0015,172.0337,68437,79471,Rhinolophus ferrumequinum,0.024,0.024,-1,Echolocation,/mnt/ubna_data_01_mir/recover-20220825/UBNA_002/20220823_033000.WAV,Telephone Field,recover-20220825,002,1795
172.0015,172.0096,25468,34366,Eptesicus serotinus,0.006,0.027,-1,Echolocation,/mnt/ubna_data_01_mir/recover-20220825/UBNA_002/20220823_033000.WAV,Telephone Field,recover-20220825,002,1795
172.0015,172.01,30625,37648,Eptesicus serotinus,0.007,0.023,-1,Echolocation,/mnt/ubna_data_01_mir/recover-20220825/UBNA_002/20220823_033000.WAV,Telephone Field,recover-20220825,002,1795
172.0315,172.0709,68437,82536,Rhinolophus ferrumequinum,0.024,0.024,-1,Echolocation,/mnt/ubna_data_01_mir/recover-20220825/UBNA_002/20220823_033000.WAV,Telephone Field,recover-20220825,002,1795
172.0335,172.0421,28046,41183,Eptesicus serotinus,0.008,0.022,-1,Echolocation,/mnt/ubna_data_01_mir/recover-20220825/UBNA_002/20220823_033000.WAV,Telephone Field,recover-20220825,002,1795
172.0495,172.0913,68437,82759,Rhinolophus ferrumequinum,0.028,0.028,-1,Echolocation,/mnt/ubna_data_01_mir/recover-20220825/UBNA_002/20220823_033000.WAV,Telephone Field,recover-20220825,002,1795
172.0505,172.0623,22031,27106,Nyctalus leisleri,0.013,0.029,-1,Echolocation,/mnt/ubna_data_01_mir/recover-20220825/UBNA_002/20220823_033000.WAV,Telephone Field,recover-20220825,002,1795
172.1045,172.1419,68437,81503,Rhinolophus ferrumequinum,0.028,0.028,-1,Echolocation,/mnt/ubna_data_01_mir/recover-20220825/UBNA_002/20220823_033000.WAV,Telephone Field,recover-20220825,002,1795
172.1225,172.1318,26328,33884,Eptesicus serotinus,0.008,0.022,-1,Echolocation,/mnt/ubna_data_01_mir/recover-20220825/UBNA_002/20220823_033000.WAV,Telephone Field,recover-20220825,002,1795
172.1585,172.1957,68437,81541,Rhinolophus ferrumequinum,0.023,0.023,-1,Echolocation,/mnt/ubna_data_01_mir/recover-20220825/UBNA_002/20220823_033000.WAV,Telephone Field,recover-20220825,002,1795
172.1765,172.2173,68437,82776,Rhinolophus ferrumequinum,0.036,0.036,-1,Echolocation,/mnt/ubna_data_01_mir/recover-20220825/UBNA_002/20220823_033000.WAV,Telephone Field,recover-20220825,002,1795
172.1885,172.1971,28046,39178,Eptesicus serotinus,0.009,0.023,-1,Echolocation,/mnt/ubna_data_01_mir/recover-20220825/UBNA_002/20220823_033000.WAV,Telephone Field,recover-20220825,002,1795
172.1915,172.226,68437,81045,Rhinolophus ferrumequinum,0.021,0.021,-1,Echolocation,/mnt/ubna_data_01_mir/recover-20220825/UBNA_002/20220823_033000.WAV,Telephone Field,recover-20220825,002,1795
172.2235,172.2589,68437,81504,Rhinolophus ferrumequinum,0.022,0.022,-1,Echolocation,/mnt/ubna_data_01_mir/recover-20220825/UBNA_002/20220823_033000.WAV,Telephone Field,recover-20220825,002,1795
172.2435,172.2816,68437,82001,Rhinolophus ferrumequinum,0.023,0.023,-1,Echolocation,/mnt/ubna_data_01_mir/recover-20220825/UBNA_002/20220823_033000.WAV,Telephone Field,recover-20220825,002,1795
172.2575,172.2948,68437,81874,Rhinolophus ferrumequinum,0.022,0.022,-1,Echolocation,/mnt/ubna_data_01_mir/recover-20220825/UBNA_002/20220823_033000.WAV,Telephone Field,recover-20220825,002,1795
172.2925,172.3341,68437,82611,Rhinolophus ferrumequinum,0.026,0.026,-1,Echolocation,/mnt/ubna_data_01_mir/recover-20220825/UBNA_002/20220823_033000.WAV,Telephone Field,recover-20220825,002,1795
172.3105,172.3504,68437,82413,Rhinolophus ferrumequinum,0.024,0.024,-1,Echolocation,/mnt/ubna_data_01_mir/recover-20220825/UBNA_002/20220823_033000.WAV,Telephone Field,recover-20220825,002,1795
172.4145,172.4565,68437,83013,Rhinolophus ferrumequinum,0.027,0.027,-1,Echolocation,/mnt/ubna_data_01_mir/recover-20220825/UBNA_002/20220823_033000.WAV,Telephone Field,recover-20220825,002,1795
172.4665,172.4844,19453,21899,Nyctalus leisleri,0.015,0.026,-1,Echolocation,/mnt/ubna_data_01_mir/recover-20220825/UBNA_002/20220823_033000.WAV,Telephone Field,recover-20220825,002,1795
172.4975,172.5345,68437,81741,Rhinolophus ferrumequinum,0.022,0.022,-1,Echolocation,/mnt/ubna_data_01_mir/recover-20220825/UBNA_002/20220823_033000.WAV,Telephone Field,recover-20220825,002,1795
172.5035,172.5174,22031,25880,Nyctalus leisleri,0.018,0.03,-1,Echolocation,/mnt/ubna_data_01_mir/recover-20220825/UBNA_002/20220823_033000.WAV,Telephone Field,recover-20220825,002,1795
172.5265,172.5398,22890,26934,Nyctalus leisleri,0.012,0.021,-1,Echolocation,/mnt/ubna_data_01_mir/recover-20220825/UBNA_002/20220823_033000.WAV,Telephone Field,recover-20220825,002,1795
172.52949999999998,172.5675,68437,82177,Rhinolophus ferrumequinum,0.022,0.022,-1,Echolocation,/mnt/ubna_data_01_mir/recover-20220825/UBNA_002/20220823_033000.WAV,Telephone Field,recover-20220825,002,1795
172.5505,172.5868,68437,82332,Rhinolophus ferrumequinum,0.021,0.021,-1,Echolocation,/mnt/ubna_data_01_mir/recover-20220825/UBNA_002/20220823_033000.WAV,Telephone Field,recover-20220825,002,1795
172.5655,172.5728,28046,41113,Eptesicus serotinus,0.007,0.022,-1,Echolocation,/mnt/ubna_data_01_mir/recover-20220825/UBNA_002/20220823_033000.WAV,Telephone Field,recover-20220825,002,1795
172.5915,172.6301,68437,82162,Rhinolophus ferrumequinum,0.026,0.026,-1,Echolocation,/mnt/ubna_data_01_mir/recover-20220825/UBNA_002/20220823_033000.WAV,Telephone Field,recover-20220825,002,1795
172.6125,172.6531,68437,82333,Rhinolophus ferrumequinum,0.031,0.031,-1,Echolocation,/mnt/ubna_data_01_mir/recover-20220825/UBNA_002/20220823_033000.WAV,Telephone Field,recover-20220825,002,1795
172.6385,172.6783,68437,82236,Rhinolophus ferrumequinum,0.027,0.028,-1,Echolocation,/mnt/ubna_data_01_mir/recover-20220825/UBNA_002/20220823_033000.WAV,Telephone Field,recover-20220825,002,1795
172.6655,172.7045,68437,82268,Rhinolophus ferrumequinum,0.022,0.022,-1,Echolocation,/mnt/ubna_data_01_mir/recover-20220825/UBNA_002/20220823_033000.WAV,Telephone Field,recover-20220825,002,1795
172.6855,172.7029,22031,25348,Nyctalus leisleri,0.022,0.036,-1,Echolocation,/mnt/ubna_data_01_mir/recover-20220825/UBNA_002/20220823_033000.WAV,Telephone Field,recover-20220825,002,1795
172.70850000000002,172.7486,68437,82623,Rhinolophus ferrumequinum,0.025,0.025,-1,Echolocation,/mnt/ubna_data_01_mir/recover-20220825/UBNA_002/20220823_033000.WAV,Telephone Field,recover-20220825,002,1795
172.72050000000002,172.73,23750,31138,Nyctalus leisleri,0.006,0.022,-1,Echolocation,/mnt/ubna_data_01_mir/recover-20220825/UBNA_002/20220823_033000.WAV,Telephone Field,recover-20220825,002,1795
172.7425,172.7877,68437,83684,Rhinolophus ferrumequinum,0.036,0.036,-1,Echolocation,/mnt/ubna_data_01_mir/recover-20220825/UBNA_002/20220823_033000.WAV,Telephone Field,recover-20220825,002,1795
172.7755,172.7875,22890,27442,Nyctalus leisleri,0.012,0.021,-1,Echolocation,/mnt/ubna_data_01_mir/recover-20220825/UBNA_002/20220823_033000.WAV,Telephone Field,recover-20220825,002,1795
172.7855,172.8219,68437,81082,Rhinolophus ferrumequinum,0.024,0.024,-1,Echolocation,/mnt/ubna_data_01_mir/recover-20220825/UBNA_002/20220823_033000.WAV,Telephone Field,recover-20220825,002,1795
172.7995,172.8373,68437,82430,Rhinolophus ferrumequinum,0.024,0.024,-1,Echolocation,/mnt/ubna_data_01_mir/recover-20220825/UBNA_002/20220823_033000.WAV,Telephone Field,recover-20220825,002,1795
172.82150000000001,172.8627,68437,82871,Rhinolophus ferrumequinum,0.024,0.024,-1,Echolocation,/mnt/ubna_data_01_mir/recover-20220825/UBNA_002/20220823_033000.WAV,Telephone Field,recover-20220825,002,1795
172.8225,172.8279,40937,55067,Myotis mystacinus,0.008,0.023,-1,Echolocation,/mnt/ubna_data_01_mir/recover-20220825/UBNA_002/20220823_033000.WAV,Telephone Field,recover-20220825,002,1795
172.8505,172.8863,68437,81376,Rhinolophus ferrumequinum,0.022,0.022,-1,Echolocation,/mnt/ubna_data_01_mir/recover-20220825/UBNA_002/20220823_033000.WAV,Telephone Field,recover-20220825,002,1795
172.9125,172.9518,68437,82274,Rhinolophus ferrumequinum,0.023,0.023,-1,Echolocation,/mnt/ubna_data_01_mir/recover-20220825/UBNA_002/20220823_033000.WAV,Telephone Field,recover-20220825,002,1795
172.9175,172.9381,21171,24481,Nyctalus leisleri,0.015,0.027,-1,Echolocation,/mnt/ubna_data_01_mir/recover-20220825/UBNA_002/20220823_033000.WAV,Telephone Field,recover-20220825,002,1795
172.95850000000002,173.0001,68437,82508,Rhinolophus ferrumequinum,0.032,0.032,-1,Echolocation,/mnt/ubna_data_01_mir/recover-20220825/UBNA_002/20220823_033000.WAV,Telephone Field,recover-20220825,002,1795
173.0125,173.0536,68437,82589,Rhinolophus ferrumequinum,0.029,0.029,-1,Echolocation,/mnt/ubna_data_01_mir/recover-20220825/UBNA_002/20220823_033000.WAV,Telephone Field,recover-20220825,002,1795
173.0215,173.0329,23750,29436,Nyctalus leisleri,0.013,0.029,-1,Echolocation,/mnt/ubna_data_01_mir/recover-20220825/UBNA_002/20220823_033000.WAV,Telephone Field,recover-20220825,002,1795
173.0645,173.1029,68437,82245,Rhinolophus ferrumequinum,0.024,0.024,-1,Echolocation,/mnt/ubna_data_01_mir/recover-20220825/UBNA_002/20220823_033000.WAV,Telephone Field,recover-20220825,002,1795
173.1185,173.1255,28046,39827,Eptesicus serotinus,0.007,0.024,-1,Echolocation,/mnt/ubna_data_01_mir/recover-20220825/UBNA_002/20220823_033000.WAV,Telephone Field,recover-20220825,002,1795
173.1495,173.1905,68437,82401,Rhinolophus ferrumequinum,0.027,0.027,-1,Echolocation,/mnt/ubna_data_01_mir/recover-20220825/UBNA_002/20220823_033000.WAV,Telephone Field,recover-20220825,002,1795
173.2175,173.2288,26328,33539,Eptesicus serotinus,0.013,0.026,-1,Echolocation,/mnt/ubna_data_01_mir/recover-20220825/UBNA_002/20220823_033000.WAV,Telephone Field,recover-20220825,002,1795
173.2345,173.2446,28906,36192,Eptesicus serotinus,0.009,0.021,-1,Echolocation,/mnt/ubna_data_01_mir/recover-20220825/UBNA_002/20220823_033000.WAV,Telephone Field,recover-20220825,002,1795
173.2445,173.2555,28906,36300,Eptesicus serotinus,0.011,0.026,-1,Echolocation,/mnt/ubna_data_01_mir/recover-20220825/UBNA_002/20220823_033000.WAV,Telephone Field,recover-20220825,002,1795
173.2525,173.2912,68437,83061,Rhinolophus ferrumequinum,0.024,0.024,-1,Echolocation,/mnt/ubna_data_01_mir/recover-20220825/UBNA_002/20220823_033000.WAV,Telephone Field,recover-20220825,002,1795
173.2595,173.2668,46093,49424,Pipistrellus pipistrellus,0.025,0.027,-1,Echolocation,/mnt/ubna_data_01_mir/recover-20220825/UBNA_002/20220823_033000.WAV,Telephone Field,recover-20220825,002,1795
173.2835,173.3192,68437,81953,Rhinolophus ferrumequinum,0.042,0.042,-1,Echolocation,/mnt/ubna_data_01_mir/recover-20220825/UBNA_002/20220823_033000.WAV,Telephone Field,recover-20220825,002,1795
173.3105,173.3483,68437,81923,Rhinolophus ferrumequinum,0.032,0.032,-1,Echolocation,/mnt/ubna_data_01_mir/recover-20220825/UBNA_002/20220823_033000.WAV,Telephone Field,recover-20220825,002,1795
173.4485,173.4616,23750,29518,Nyctalus leisleri,0.016,0.035,-1,Echolocation,/mnt/ubna_data_01_mir/recover-20220825/UBNA_002/20220823_033000.WAV,Telephone Field,recover-20220825,002,1795
173.4525,173.4922,68437,82290,Rhinolophus ferrumequinum,0.029,0.029,-1,Echolocation,/mnt/ubna_data_01_mir/recover-20220825/UBNA_002/20220823_033000.WAV,Telephone Field,recover-20220825,002,1795
173.4575,173.4669,28046,37511,Eptesicus serotinus,0.009,0.022,-1,Echolocation,/mnt/ubna_data_01_mir/recover-20220825/UBNA_002/20220823_033000.WAV,Telephone Field,recover-20220825,002,1795
173.4635,173.4735,28906,37049,Eptesicus serotinus,0.009,0.022,-1,Echolocation,/mnt/ubna_data_01_mir/recover-20220825/UBNA_002/20220823_033000.WAV,Telephone Field,recover-20220825,002,1795
173.5575,173.5987,68437,82488,Rhinolophus ferrumequinum,0.021,0.021,-1,Echolocation,/mnt/ubna_data_01_mir/recover-20220825/UBNA_002/20220823_033000.WAV,Telephone Field,recover-20220825,002,1795
173.5625,173.5751,15156,20671,Nyctalus noctula,0.021,0.033,-1,Echolocation,/mnt/ubna_data_01_mir/recover-20220825/UBNA_002/20220823_033000.WAV,Telephone Field,recover-20220825,002,1795
173.5735,173.6097,68437,81625,Rhinolophus ferrumequinum,0.022,0.022,-1,Echolocation,/mnt/ubna_data_01_mir/recover-20220825/UBNA_002/20220823_033000.WAV,Telephone Field,recover-20220825,002,1795
173.6205,173.6607,68437,82013,Rhinolophus ferrumequinum,0.021,0.021,-1,Echolocation,/mnt/ubna_data_01_mir/recover-20220825/UBNA_002/20220823_033000.WAV,Telephone Field,recover-20220825,002,1795
173.6675,173.6783,23750,30000,Nyctalus leisleri,0.01,0.024,-1,Echolocation,/mnt/ubna_data_01_mir/recover-20220825/UBNA_002/20220823_033000.WAV,Telephone Field,recover-20220825,002,1795
173.6715,173.7141,68437,82887,Rhinolophus ferrumequinum,0.041,0.041,-1,Echolocation,/mnt/ubna_data_01_mir/recover-20220825/UBNA_002/20220823_033000.WAV,Telephone Field,recover-20220825,002,1795
173.6835,173.6926,28906,37706,Eptesicus serotinus,0.01,0.026,-1,Echolocation,/mnt/ubna_data_01_mir/recover-20220825/UBNA_002/20220823_033000.WAV,Telephone Field,recover-20220825,002,1795
173.6955,173.7378,68437,82835,Rhinolophus ferrumequinum,0.023,0.023,-1,Echolocation,/mnt/ubna_data_01_mir/recover-20220825/UBNA_002/20220823_033000.WAV,Telephone Field,recover-20220825,002,1795
173.7035,173.7179,25468,30376,Eptesicus serotinus,0.013,0.028,-1,Echolocation,/mnt/ubna_data_01_mir/recover-20220825/UBNA_002/20220823_033000.WAV,Telephone Field,recover-20220825,002,1795
173.70850000000002,173.7489,68437,82822,Rhinolophus ferrumequinum,0.025,0.025,-1,Echolocation,/mnt/ubna_data_01_mir/recover-20220825/UBNA_002/20220823_033000.WAV,Telephone Field,recover-20220825,002,1795
173.7155,173.7528,68437,82477,Rhinolophus ferrumequinum,0.026,0.026,-1,Echolocation,/mnt/ubna_data_01_mir/recover-20220825/UBNA_002/20220823_033000.WAV,Telephone Field,recover-20220825,002,1795
173.7365,173.779,68437,83018,Rhinolophus ferrumequinum,0.023,0.023,-1,Echolocation,/mnt/ubna_data_01_mir/recover-20220825/UBNA_002/20220823_033000.WAV,Telephone Field,recover-20220825,002,1795
173.7645,173.8001,68437,81531,Rhinolophus ferrumequinum,0.022,0.022,-1,Echolocation,/mnt/ubna_data_01_mir/recover-20220825/UBNA_002/20220823_033000.WAV,Telephone Field,recover-20220825,002,1795
173.7765,173.78300000000002,28046,42383,Eptesicus serotinus,0.005,0.022,-1,Echolocation,/mnt/ubna_data_01_mir/recover-20220825/UBNA_002/20220823_033000.WAV,Telephone Field,recover-20220825,002,1795
173.7765,173.8154,68437,82567,Rhinolophus ferrumequinum,0.023,0.023,-1,Echolocation,/mnt/ubna_data_01_mir/recover-20220825/UBNA_002/20220823_033000.WAV,Telephone Field,recover-20220825,002,1795
173.7815,173.8184,68437,82639,Rhinolophus ferrumequinum,0.022,0.022,-1,Echolocation,/mnt/ubna_data_01_mir/recover-20220825/UBNA_002/20220823_033000.WAV,Telephone Field,recover-20220825,002,1795
173.7845,173.7928,26328,33942,Eptesicus serotinus,0.008,0.021,-1,Echolocation,/mnt/ubna_data_01_mir/recover-20220825/UBNA_002/20220823_033000.WAV,Telephone Field,recover-20220825,002,1795
173.8045,173.8458,68437,82715,Rhinolophus ferrumequinum,0.025,0.025,-1,Echolocation,/mnt/ubna_data_01_mir/recover-20220825/UBNA_002/20220823_033000.WAV,Telephone Field,recover-20220825,002,1795
173.8295,173.8675,68437,82095,Rhinolophus ferrumequinum,0.023,0.023,-1,Echolocation,/mnt/ubna_data_01_mir/recover-20220825/UBNA_002/20220823_033000.WAV,Telephone Field,recover-20220825,002,1795
173.8395,173.8748,68437,81796,Rhinolophus ferrumequinum,0.022,0.022,-1,Echolocation,/mnt/ubna_data_01_mir/recover-20220825/UBNA_002/20220823_033000.WAV,Telephone Field,recover-20220825,002,1795
173.8675,173.9006,68437,80709,Rhinolophus ferrumequinum,0.021,0.021,-1,Echolocation,/mnt/ubna_data_01_mir/recover-20220825/UBNA_002/20220823_033000.WAV,Telephone Field,recover-20220825,002,1795
173.8795,173.914,68437,81191,Rhinolophus ferrumequinum,0.031,0.031,-1,Echolocation,/mnt/ubna_data_01_mir/recover-20220825/UBNA_002/20220823_033000.WAV,Telephone Field,recover-20220825,002,1795
173.8865,173.8953,22890,29801,Plecotus austriacus,0.009,0.023,-1,Echolocation,/mnt/ubna_data_01_mir/recover-20220825/UBNA_002/20220823_033000.WAV,Telephone Field,recover-20220825,002,1795
173.8955,173.9334,68437,82517,Rhinolophus ferrumequinum,0.024,0.024,-1,Echolocation,/mnt/ubna_data_01_mir/recover-20220825/UBNA_002/20220823_033000.WAV,Telephone Field,recover-20220825,002,1795
173.9385,173.9509,32343,38275,Eptesicus serotinus,0.011,0.028,-1,Echolocation,/mnt/ubna_data_01_mir/recover-20220825/UBNA_002/20220823_033000.WAV,Telephone Field,recover-20220825,002,1795
173.9525,173.9633,23750,29277,Nyctalus leisleri,0.014,0.029,-1,Echolocation,/mnt/ubna_data_01_mir/recover-20220825/UBNA_002/20220823_033000.WAV,Telephone Field,recover-20220825,002,1795
174.0015,174.0092,22890,30139,Nyctalus leisleri,0.007,0.026,-1,Echolocation,/mnt/ubna_data_01_mir/recover-20220825/UBNA_002/20220823_033000.WAV,Telephone Field,recover-20220825,002,1795
174.0015,174.0316,69296,80784,Rhinolophus ferrumequinum,0.025,0.026,-1,Echolocation,/mnt/ubna_data_01_mir/recover-20220825/UBNA_002/20220823_033000.WAV,Telephone Field,recover-20220825,002,1795
174.0025,174.01330000000002,53828,59664,Pipistrellus pygmaeus,0.023,0.024,-1,Echolocation,/mnt/ubna_data_01_mir/recover-20220825/UBNA_002/20220823_033000.WAV,Telephone Field,recover-20220825,002,1795
174.0375,174.0443,47812,51275,Pipistrellus pipistrellus,0.027,0.029,-1,Echolocation,/mnt/ubna_data_01_mir/recover-20220825/UBNA_002/20220823_033000.WAV,Telephone Field,recover-20220825,002,1795
174.0375,174.0544,22890,26373,Nyctalus leisleri,0.018,0.029,-1,Echolocation,/mnt/ubna_data_01_mir/recover-20220825/UBNA_002/20220823_033000.WAV,Telephone Field,recover-20220825,002,1795
174.0605,174.0713,27187,34253,Eptesicus serotinus,0.011,0.023,-1,Echolocation,/mnt/ubna_data_01_mir/recover-20220825/UBNA_002/20220823_033000.WAV,Telephone Field,recover-20220825,002,1795
174.0625,174.1047,68437,82601,Rhinolophus ferrumequinum,0.023,0.023,-1,Echolocation,/mnt/ubna_data_01_mir/recover-20220825/UBNA_002/20220823_033000.WAV,Telephone Field,recover-20220825,002,1795
174.0905,174.1295,68437,82063,Rhinolophus ferrumequinum,0.021,0.021,-1,Echolocation,/mnt/ubna_data_01_mir/recover-20220825/UBNA_002/20220823_033000.WAV,Telephone Field,recover-20220825,002,1795
174.0985,174.1376,68437,82565,Rhinolophus ferrumequinum,0.021,0.021,-1,Echolocation,/mnt/ubna_data_01_mir/recover-20220825/UBNA_002/20220823_033000.WAV,Telephone Field,recover-20220825,002,1795
174.1065,174.1151,25468,34187,Eptesicus serotinus,0.007,0.022,-1,Echolocation,/mnt/ubna_data_01_mir/recover-20220825/UBNA_002/20220823_033000.WAV,Telephone Field,recover-20220825,002,1795
174.1135,174.1217,28046,39058,Eptesicus serotinus,0.008,0.024,-1,Echolocation,/mnt/ubna_data_01_mir/recover-20220825/UBNA_002/20220823_033000.WAV,Telephone Field,recover-20220825,002,1795
174.1305,174.17000000000002,68437,82060,Rhinolophus ferrumequinum,0.021,0.021,-1,Echolocation,/mnt/ubna_data_01_mir/recover-20220825/UBNA_002/20220823_033000.WAV,Telephone Field,recover-20220825,002,1795
174.1635,174.1687,14296,32838,Plecotus auritus,0.017,0.021,-1,Echolocation,/mnt/ubna_data_01_mir/recover-20220825/UBNA_002/20220823_033000.WAV,Telephone Field,recover-20220825,002,1795
174.1725,174.2091,68437,81995,Rhinolophus ferrumequinum,0.021,0.021,-1,Echolocation,/mnt/ubna_data_01_mir/recover-20220825/UBNA_002/20220823_033000.WAV,Telephone Field,recover-20220825,002,1795
174.17849999999999,174.2177,68437,82351,Rhinolophus ferrumequinum,0.023,0.024,-1,Echolocation,/mnt/ubna_data_01_mir/recover-20220825/UBNA_002/20220823_033000.WAV,Telephone Field,recover-20220825,002,1795
174.1925,174.2004,27187,39984,Eptesicus serotinus,0.007,0.021,-1,Echolocation,/mnt/ubna_data_01_mir/recover-20220825/UBNA_002/20220823_033000.WAV,Telephone Field,recover-20220825,002,1795
174.2175,174.2254,27187,38511,Eptesicus serotinus,0.007,0.022,-1,Echolocation,/mnt/ubna_data_01_mir/recover-20220825/UBNA_002/20220823_033000.WAV,Telephone Field,recover-20220825,002,1795
174.2225,174.2646,68437,83430,Rhinolophus ferrumequinum,0.038,0.038,-1,Echolocation,/mnt/ubna_data_01_mir/recover-20220825/UBNA_002/20220823_033000.WAV,Telephone Field,recover-20220825,002,1795
174.2515,174.2919,68437,83250,Rhinolophus ferrumequinum,0.028,0.028,-1,Echolocation,/mnt/ubna_data_01_mir/recover-20220825/UBNA_002/20220823_033000.WAV,Telephone Field,recover-20220825,002,1795
174.2805,174.2937,21171,25674,Nyctalus leisleri,0.014,0.028,-1,Echolocation,/mnt/ubna_data_01_mir/recover-20220825/UBNA_002/20220823_033000.WAV,Telephone Field,recover-20220825,002,1795
174.2805,174.3172,68437,81712,Rhinolophus ferrumequinum,0.021,0.021,-1,Echolocation,/mnt/ubna_data_01_mir/recover-20220825/UBNA_002/20220823_033000.WAV,Telephone Field,recover-20220825,002,1795
174.2895,174.3068,20312,23529,Nyctalus leisleri,0.012,0.022,-1,Echolocation,/mnt/ubna_data_01_mir/recover-20220825/UBNA_002/20220823_033000.WAV,Telephone Field,recover-20220825,002,1795
174.3275,174.371,68437,82980,Rhinolophus ferrumequinum,0.026,0.026,-1,Echolocation,/mnt/ubna_data_01_mir/recover-20220825/UBNA_002/20220823_033000.WAV,Telephone Field,recover-20220825,002,1795
174.3405,174.3503,22031,27640,Nyctalus leisleri,0.009,0.023,-1,Echolocation,/mnt/ubna_data_01_mir/recover-20220825/UBNA_002/20220823_033000.WAV,Telephone Field,recover-20220825,002,1795
174.3715,174.4081,68437,81473,Rhinolophus ferrumequinum,0.024,0.024,-1,Echolocation,/mnt/ubna_data_01_mir/recover-20220825/UBNA_002/20220823_033000.WAV,Telephone Field,recover-20220825,002,1795
174.4075,174.4487,68437,82653,Rhinolophus ferrumequinum,0.025,0.025,-1,Echolocation,/mnt/ubna_data_01_mir/recover-20220825/UBNA_002/20220823_033000.WAV,Telephone Field,recover-20220825,002,1795
174.4205,174.4414,18593,21522,Nyctalus leisleri,0.017,0.035,-1,Echolocation,/mnt/ubna_data_01_mir/recover-20220825/UBNA_002/20220823_033000.WAV,Telephone Field,recover-20220825,002,1795
174.4215,174.4582,68437,81583,Rhinolophus ferrumequinum,0.021,0.021,-1,Echolocation,/mnt/ubna_data_01_mir/recover-20220825/UBNA_002/20220823_033000.WAV,Telephone Field,recover-20220825,002,1795
174.5185,174.5572,68437,81753,Rhinolophus ferrumequinum,0.021,0.021,-1,Echolocation,/mnt/ubna_data_01_mir/recover-20220825/UBNA_002/20220823_033000.WAV,Telephone Field,recover-20220825,002,1795
174.5315,174.5388,27187,38655,Eptesicus serotinus,0.006,0.021,-1,Echolocation,/mnt/ubna_data_01_mir/recover-20220825/UBNA_002/20220823_033000.WAV,Telephone Field,recover-20220825,002,1795
174.5495,174.5907,68437,82697,Rhinolophus ferrumequinum,0.023,0.023,-1,Echolocation,/mnt/ubna_data_01_mir/recover-20220825/UBNA_002/20220823_033000.WAV,Telephone Field,recover-20220825,002,1795
174.55349999999999,174.5645,23750,28939,Nyctalus leisleri,0.011,0.027,-1,Echolocation,/mnt/ubna_data_01_mir/recover-20220825/UBNA_002/20220823_033000.WAV,Telephone Field,recover-20220825,002,1795
174.5815,174.6213,68437,82537,Rhinolophus ferrumequinum,0.021,0.021,-1,Echolocation,/mnt/ubna_data_01_mir/recover-20220825/UBNA_002/20220823_033000.WAV,Telephone Field,recover-20220825,002,1795
174.6055,174.6133,27187,39258,Eptesicus serotinus,0.007,0.021,-1,Echolocation,/mnt/ubna_data_01_mir/recover-20220825/UBNA_002/20220823_033000.WAV,Telephone Field,recover-20220825,002,1795
174.60750000000002,174.6456,68437,81823,Rhinolophus ferrumequinum,0.023,0.023,-1,Echolocation,/mnt/ubna_data_01_mir/recover-20220825/UBNA_002/20220823_033000.WAV,Telephone Field,recover-20220825,002,1795
174.6195,174.6589,68437,82757,Rhinolophus ferrumequinum,0.026,0.026,-1,Echolocation,/mnt/ubna_data_01_mir/recover-20220825/UBNA_002/20220823_033000.WAV,Telephone Field,recover-20220825,002,1795
174.6585,174.6664,22890,31535,Plecotus austriacus,0.023,0.042,-1,Echolocation,/mnt/ubna_data_01_mir/recover-20220825/UBNA_002/20220823_033000.WAV,Telephone Field,recover-20220825,002,1795
174.6745,174.6823,28046,38441,Eptesicus serotinus,0.007,0.021,-1,Echolocation,/mnt/ubna_data_01_mir/recover-20220825/UBNA_002/20220823_033000.WAV,Telephone Field,recover-20220825,002,1795
174.7375,174.7796,68437,82849,Rhinolophus ferrumequinum,0.022,0.022,-1,Echolocation,/mnt/ubna_data_01_mir/recover-20220825/UBNA_002/20220823_033000.WAV,Telephone Field,recover-20220825,002,1795
174.7865,174.8276,68437,82357,Rhinolophus ferrumequinum,0.034,0.034,-1,Echolocation,/mnt/ubna_data_01_mir/recover-20220825/UBNA_002/20220823_033000.WAV,Telephone Field,recover-20220825,002,1795
174.8155,174.8544,68437,82509,Rhinolophus ferrumequinum,0.027,0.027,-1,Echolocation,/mnt/ubna_data_01_mir/recover-20220825/UBNA_002/20220823_033000.WAV,Telephone Field,recover-20220825,002,1795
174.8495,174.8916,68437,82177,Rhinolophus ferrumequinum,0.023,0.023,-1,Echolocation,/mnt/ubna_data_01_mir/recover-20220825/UBNA_002/20220823_033000.WAV,Telephone Field,recover-20220825,002,1795
174.9005,174.9117,22890,28093,Nyctalus leisleri,0.012,0.024,-1,Echolocation,/mnt/ubna_data_01_mir/recover-20220825/UBNA_002/20220823_033000.WAV,Telephone Field,recover-20220825,002,1795
174.9255,174.93189999999998,28046,40121,Myotis daubentonii,0.005,0.023,-1,Echolocation,/mnt/ubna_data_01_mir/recover-20220825/UBNA_002/20220823_033000.WAV,Telephone Field,recover-20220825,002,1795
174.9435,174.9826,68437,82540,Rhinolophus ferrumequinum,0.023,0.024,-1,Echolocation,/mnt/ubna_data_01_mir/recover-20220825/UBNA_002/20220823_033000.WAV,Telephone Field,recover-20220825,002,1795
174.9505,174.9572,23750,33710,Plecotus austriacus,0.016,0.031,-1,Echolocation,/mnt/ubna_data_01_mir/recover-20220825/UBNA_002/20220823_033000.WAV,Telephone Field,recover-20220825,002,1795
174.9505,174.9876,68437,82193,Rhinolophus ferrumequinum,0.022,0.022,-1,Echolocation,/mnt/ubna_data_01_mir/recover-20220825/UBNA_002/20220823_033000.WAV,Telephone Field,recover-20220825,002,1795
174.9605,174.9956,68437,81934,Rhinolophus ferrumequinum,0.022,0.022,-1,Echolocation,/mnt/ubna_data_01_mir/recover-20220825/UBNA_002/20220823_033000.WAV,Telephone Field,recover-20220825,002,1795
174.9835,175.0219,68437,81309,Rhinolophus ferrumequinum,0.022,0.022,-1,Echolocation,/mnt/ubna_data_01_mir/recover-20220825/UBNA_002/20220823_033000.WAV,Telephone Field,recover-20220825,002,1795
174.9915,175.0298,68437,81134,Rhinolophus ferrumequinum,0.022,0.022,-1,Echolocation,/mnt/ubna_data_01_mir/recover-20220825/UBNA_002/20220823_033000.WAV,Telephone Field,recover-20220825,002,1795
174.9995,175.0379,68437,82373,Rhinolophus ferrumequinum,0.022,0.022,-1,Echolocation,/mnt/ubna_data_01_mir/recover-20220825/UBNA_002/20220823_033000.WAV,Telephone Field,recover-20220825,002,1795
175.0065,175.0148,22890,29838,Plecotus austriacus,0.012,0.027,-1,Echolocation,/mnt/ubna_data_01_mir/recover-20220825/UBNA_002/20220823_033000.WAV,Telephone Field,recover-20220825,002,1795
175.0925,175.1309,68437,82069,Rhinolophus ferrumequinum,0.023,0.023,-1,Echolocation,/mnt/ubna_data_01_mir/recover-20220825/UBNA_002/20220823_033000.WAV,Telephone Field,recover-20220825,002,1795
175.1475,175.1564,28046,38643,Eptesicus serotinus,0.009,0.022,-1,Echolocation,/mnt/ubna_data_01_mir/recover-20220825/UBNA_002/20220823_033000.WAV,Telephone Field,recover-20220825,002,1795
175.1585,175.19729999999998,68437,82192,Rhinolophus ferrumequinum,0.025,0.025,-1,Echolocation,/mnt/ubna_data_01_mir/recover-20220825/UBNA_002/20220823_033000.WAV,Telephone Field,recover-20220825,002,1795
175.1895,175.2269,68437,81781,Rhinolophus ferrumequinum,0.028,0.028,-1,Echolocation,/mnt/ubna_data_01_mir/recover-20220825/UBNA_002/20220823_033000.WAV,Telephone Field,recover-20220825,002,1795
175.2645,175.2747,45234,52635,Pipistrellus pipistrellus,0.025,0.034,-1,Echolocation,/mnt/ubna_data_01_mir/recover-20220825/UBNA_002/20220823_033000.WAV,Telephone Field,recover-20220825,002,1795
175.29149999999998,175.3345,68437,82967,Rhinolophus ferrumequinum,0.03,0.03,-1,Echolocation,/mnt/ubna_data_01_mir/recover-20220825/UBNA_002/20220823_033000.WAV,Telephone Field,recover-20220825,002,1795
175.3095,175.3175,28046,37710,Eptesicus serotinus,0.007,0.022,-1,Echolocation,/mnt/ubna_data_01_mir/recover-20220825/UBNA_002/20220823_033000.WAV,Telephone Field,recover-20220825,002,1795
175.3135,175.3536,68437,82576,Rhinolophus ferrumequinum,0.022,0.022,-1,Echolocation,/mnt/ubna_data_01_mir/recover-20220825/UBNA_002/20220823_033000.WAV,Telephone Field,recover-20220825,002,1795
175.3315,175.3724,68437,82801,Rhinolophus ferrumequinum,0.024,0.024,-1,Echolocation,/mnt/ubna_data_01_mir/recover-20220825/UBNA_002/20220823_033000.WAV,Telephone Field,recover-20220825,002,1795
175.3345,175.3425,26328,41864,Eptesicus serotinus,0.008,0.024,-1,Echolocation,/mnt/ubna_data_01_mir/recover-20220825/UBNA_002/20220823_033000.WAV,Telephone Field,recover-20220825,002,1795
175.3355,175.3438,35781,48110,Myotis brandtii,0.007,0.028,-1,Echolocation,/mnt/ubna_data_01_mir/recover-20220825/UBNA_002/20220823_033000.WAV,Telephone Field,recover-20220825,002,1795
175.3765,175.416,68437,82074,Rhinolophus ferrumequinum,0.021,0.021,-1,Echolocation,/mnt/ubna_data_01_mir/recover-20220825/UBNA_002/20220823_033000.WAV,Telephone Field,recover-20220825,002,1795
175.3955,175.4324,68437,81539,Rhinolophus ferrumequinum,0.021,0.021,-1,Echolocation,/mnt/ubna_data_01_mir/recover-20220825/UBNA_002/20220823_033000.WAV,Telephone Field,recover-20220825,002,1795
175.4105,175.4454,68437,81854,Rhinolophus ferrumequinum,0.021,0.021,-1,Echolocation,/mnt/ubna_data_01_mir/recover-20220825/UBNA_002/20220823_033000.WAV,Telephone Field,recover-20220825,002,1795
175.4265,175.4685,68437,82325,Rhinolophus ferrumequinum,0.023,0.023,-1,Echolocation,/mnt/ubna_data_01_mir/recover-20220825/UBNA_002/20220823_033000.WAV,Telephone Field,recover-20220825,002,1795
175.4545,175.4934,68437,82528,Rhinolophus ferrumequinum,0.027,0.027,-1,Echolocation,/mnt/ubna_data_01_mir/recover-20220825/UBNA_002/20220823_033000.WAV,Telephone Field,recover-20220825,002,1795
175.4625,175.4981,68437,81119,Rhinolophus ferrumequinum,0.021,0.021,-1,Echolocation,/mnt/ubna_data_01_mir/recover-20220825/UBNA_002/20220823_033000.WAV,Telephone Field,recover-20220825,002,1795
175.4725,175.5084,68437,81112,Rhinolophus ferrumequinum,0.024,0.024,-1,Echolocation,/mnt/ubna_data_01_mir/recover-20220825/UBNA_002/20220823_033000.WAV,Telephone Field,recover-20220825,002,1795
175.4845,175.5226,68437,82257,Rhinolophus ferrumequinum,0.024,0.024,-1,Echolocation,/mnt/ubna_data_01_mir/recover-20220825/UBNA_002/20220823_033000.WAV,Telephone Field,recover-20220825,002,1795
175.5115,175.5473,68437,81400,Rhinolophus ferrumequinum,0.054,0.054,-1,Echolocation,/mnt/ubna_data_01_mir/recover-20220825/UBNA_002/20220823_033000.WAV,Telephone Field,recover-20220825,002,1795
175.5275,175.5417,22031,25596,Nyctalus leisleri,0.014,0.024,-1,Echolocation,/mnt/ubna_data_01_mir/recover-20220825/UBNA_002/20220823_033000.WAV,Telephone Field,recover-20220825,002,1795
175.5585,175.5979,68437,82061,Rhinolophus ferrumequinum,0.023,0.023,-1,Echolocation,/mnt/ubna_data_01_mir/recover-20220825/UBNA_002/20220823_033000.WAV,Telephone Field,recover-20220825,002,1795
175.6715,175.68,28046,36450,Eptesicus serotinus,0.008,0.021,-1,Echolocation,/mnt/ubna_data_01_mir/recover-20220825/UBNA_002/20220823_033000.WAV,Telephone Field,recover-20220825,002,1795
175.6735,175.7109,68437,82265,Rhinolophus ferrumequinum,0.022,0.022,-1,Echolocation,/mnt/ubna_data_01_mir/recover-20220825/UBNA_002/20220823_033000.WAV,Telephone Field,recover-20220825,002,1795
175.67849999999999,175.7194,68437,82238,Rhinolophus ferrumequinum,0.022,0.022,-1,Echolocation,/mnt/ubna_data_01_mir/recover-20220825/UBNA_002/20220823_033000.WAV,Telephone Field,recover-20220825,002,1795
175.6845,175.695,27187,34280,Eptesicus serotinus,0.016,0.031,-1,Echolocation,/mnt/ubna_data_01_mir/recover-20220825/UBNA_002/20220823_033000.WAV,Telephone Field,recover-20220825,002,1795
175.6905,175.7002,45234,49927,Pipistrellus pipistrellus,0.021,0.023,-1,Echolocation,/mnt/ubna_data_01_mir/recover-20220825/UBNA_002/20220823_033000.WAV,Telephone Field,recover-20220825,002,1795
175.7235,175.7326,28046,41353,Eptesicus serotinus,0.008,0.022,-1,Echolocation,/mnt/ubna_data_01_mir/recover-20220825/UBNA_002/20220823_033000.WAV,Telephone Field,recover-20220825,002,1795
175.7425,175.7798,68437,81509,Rhinolophus ferrumequinum,0.023,0.024,-1,Echolocation,/mnt/ubna_data_01_mir/recover-20220825/UBNA_002/20220823_033000.WAV,Telephone Field,recover-20220825,002,1795
175.7485,175.7875,68437,81717,Rhinolophus ferrumequinum,0.023,0.023,-1,Echolocation,/mnt/ubna_data_01_mir/recover-20220825/UBNA_002/20220823_033000.WAV,Telephone Field,recover-20220825,002,1795
175.7555,175.7659,22890,28438,Nyctalus leisleri,0.01,0.022,-1,Echolocation,/mnt/ubna_data_01_mir/recover-20220825/UBNA_002/20220823_033000.WAV,Telephone Field,recover-20220825,002,1795
175.7585,175.7943,68437,82148,Rhinolophus ferrumequinum,0.022,0.022,-1,Echolocation,/mnt/ubna_data_01_mir/recover-20220825/UBNA_002/20220823_033000.WAV,Telephone Field,recover-20220825,002,1795
175.7665,175.804,68437,81925,Rhinolophus ferrumequinum,0.022,0.022,-1,Echolocation,/mnt/ubna_data_01_mir/recover-20220825/UBNA_002/20220823_033000.WAV,Telephone Field,recover-20220825,002,1795
175.8475,175.85750000000002,28046,35859,Eptesicus serotinus,0.009,0.022,-1,Echolocation,/mnt/ubna_data_01_mir/recover-20220825/UBNA_002/20220823_033000.WAV,Telephone Field,recover-20220825,002,1795
175.8485,175.8645,21171,24775,Nyctalus leisleri,0.017,0.027,-1,Echolocation,/mnt/ubna_data_01_mir/recover-20220825/UBNA_002/20220823_033000.WAV,Telephone Field,recover-20220825,002,1795
175.8685,175.9096,68437,82608,Rhinolophus ferrumequinum,0.023,0.023,-1,Echolocation,/mnt/ubna_data_01_mir/recover-20220825/UBNA_002/20220823_033000.WAV,Telephone Field,recover-20220825,002,1795
175.8715,175.8786,27187,41631,Eptesicus serotinus,0.006,0.026,-1,Echolocation,/mnt/ubna_data_01_mir/recover-20220825/UBNA_002/20220823_033000.WAV,Telephone Field,recover-20220825,002,1795
175.9155,175.9564,68437,82647,Rhinolophus ferrumequinum,0.021,0.021,-1,Echolocation,/mnt/ubna_data_01_mir/recover-20220825/UBNA_002/20220823_033000.WAV,Telephone Field,recover-20220825,002,1795
175.9685,175.9768,28046,41262,Eptesicus serotinus,0.012,0.031,-1,Echolocation,/mnt/ubna_data_01_mir/recover-20220825/UBNA_002/20220823_033000.WAV,Telephone Field,recover-20220825,002,1795
176.0015,176.0329,68437,79744,Rhinolophus ferrumequinum,0.023,0.024,-1,Echolocation,/mnt/ubna_data_01_mir/recover-20220825/UBNA_002/20220823_033000.WAV,Telephone Field,recover-20220825,002,1795
176.0015,176.0099,23750,31144,Nyctalus leisleri,0.009,0.025,-1,Echolocation,/mnt/ubna_data_01_mir/recover-20220825/UBNA_002/20220823_033000.WAV,Telephone Field,recover-20220825,002,1795
176.0145,176.0554,68437,82930,Rhinolophus ferrumequinum,0.023,0.023,-1,Echolocation,/mnt/ubna_data_01_mir/recover-20220825/UBNA_002/20220823_033000.WAV,Telephone Field,recover-20220825,002,1795
176.0375,176.0787,68437,82949,Rhinolophus ferrumequinum,0.023,0.023,-1,Echolocation,/mnt/ubna_data_01_mir/recover-20220825/UBNA_002/20220823_033000.WAV,Telephone Field,recover-20220825,002,1795
176.0585,176.069,22890,27607,Nyctalus leisleri,0.011,0.022,-1,Echolocation,/mnt/ubna_data_01_mir/recover-20220825/UBNA_002/20220823_033000.WAV,Telephone Field,recover-20220825,002,1795
176.0645,176.0735,23750,30326,Nyctalus leisleri,0.007,0.022,-1,Echolocation,/mnt/ubna_data_01_mir/recover-20220825/UBNA_002/20220823_033000.WAV,Telephone Field,recover-20220825,002,1795
176.07150000000001,176.0796,26328,35945,Eptesicus serotinus,0.009,0.022,-1,Echolocation,/mnt/ubna_data_01_mir/recover-20220825/UBNA_002/20220823_033000.WAV,Telephone Field,recover-20220825,002,1795
176.1065,176.1441,68437,81712,Rhinolophus ferrumequinum,0.029,0.029,-1,Echolocation,/mnt/ubna_data_01_mir/recover-20220825/UBNA_002/20220823_033000.WAV,Telephone Field,recover-20220825,002,1795
176.1355,176.1764,68437,82661,Rhinolophus ferrumequinum,0.024,0.024,-1,Echolocation,/mnt/ubna_data_01_mir/recover-20220825/UBNA_002/20220823_033000.WAV,Telephone Field,recover-20220825,002,1795
176.1485,176.18619999999999,68437,81878,Rhinolophus ferrumequinum,0.021,0.021,-1,Echolocation,/mnt/ubna_data_01_mir/recover-20220825/UBNA_002/20220823_033000.WAV,Telephone Field,recover-20220825,002,1795
176.1755,176.1859,24609,30200,Nyctalus leisleri,0.011,0.027,-1,Echolocation,/mnt/ubna_data_01_mir/recover-20220825/UBNA_002/20220823_033000.WAV,Telephone Field,recover-20220825,002,1795
176.1955,176.2045,23750,31661,Plecotus austriacus,0.006,0.022,-1,Echolocation,/mnt/ubna_data_01_mir/recover-20220825/UBNA_002/20220823_033000.WAV,Telephone Field,recover-20220825,002,1795
176.2145,176.2252,26328,32842,Eptesicus serotinus,0.012,0.031,-1,Echolocation,/mnt/ubna_data_01_mir/recover-20220825/UBNA_002/20220823_033000.WAV,Telephone Field,recover-20220825,002,1795
176.2385,176.2784,68437,82717,Rhinolophus ferrumequinum,0.026,0.026,-1,Echolocation,/mnt/ubna_data_01_mir/recover-20220825/UBNA_002/20220823_033000.WAV,Telephone Field,recover-20220825,002,1795
176.2715,176.2833,40078,45029,Pipistrellus nathusii,0.014,0.024,-1,Echolocation,/mnt/ubna_data_01_mir/recover-20220825/UBNA_002/20220823_033000.WAV,Telephone Field,recover-20220825,002,1795
176.2785,176.3165,68437,82371,Rhinolophus ferrumequinum,0.023,0.023,-1,Echolocation,/mnt/ubna_data_01_mir/recover-20220825/UBNA_002/20220823_033000.WAV,Telephone Field,recover-20220825,002,1795
176.2995,176.3398,68437,82719,Rhinolophus ferrumequinum,0.023,0.023,-1,Echolocation,/mnt/ubna_data_01_mir/recover-20220825/UBNA_002/20220823_033000.WAV,Telephone Field,recover-20220825,002,1795
176.3365,176.3788,68437,83221,Rhinolophus ferrumequinum,0.028,0.028,-1,Echolocation,/mnt/ubna_data_01_mir/recover-20220825/UBNA_002/20220823_033000.WAV,Telephone Field,recover-20220825,002,1795
176.3915,176.3995,22890,30915,Plecotus austriacus,0.012,0.027,-1,Echolocation,/mnt/ubna_data_01_mir/recover-20220825/UBNA_002/20220823_033000.WAV,Telephone Field,recover-20220825,002,1795
176.4025,176.4426,68437,82885,Rhinolophus ferrumequinum,0.024,0.024,-1,Echolocation,/mnt/ubna_data_01_mir/recover-20220825/UBNA_002/20220823_033000.WAV,Telephone Field,recover-20220825,002,1795
176.4065,176.4205,14296,19199,Nyctalus noctula,0.016,0.025,-1,Echolocation,/mnt/ubna_data_01_mir/recover-20220825/UBNA_002/20220823_033000.WAV,Telephone Field,recover-20220825,002,1795
176.41649999999998,176.4545,68437,82448,Rhinolophus ferrumequinum,0.022,0.022,-1,Echolocation,/mnt/ubna_data_01_mir/recover-20220825/UBNA_002/20220823_033000.WAV,Telephone Field,recover-20220825,002,1795
176.4335,176.4729,68437,81655,Rhinolophus ferrumequinum,0.021,0.022,-1,Echolocation,/mnt/ubna_data_01_mir/recover-20220825/UBNA_002/20220823_033000.WAV,Telephone Field,recover-20220825,002,1795
176.4555,176.495,68437,82670,Rhinolophus ferrumequinum,0.023,0.023,-1,Echolocation,/mnt/ubna_data_01_mir/recover-20220825/UBNA_002/20220823_033000.WAV,Telephone Field,recover-20220825,002,1795
176.4635,176.5028,68437,82634,Rhinolophus ferrumequinum,0.025,0.025,-1,Echolocation,/mnt/ubna_data_01_mir/recover-20220825/UBNA_002/20220823_033000.WAV,Telephone Field,recover-20220825,002,1795
176.5655,176.5772,29765,35794,Eptesicus serotinus,0.015,0.03,-1,Echolocation,/mnt/ubna_data_01_mir/recover-20220825/UBNA_002/20220823_033000.WAV,Telephone Field,recover-20220825,002,1795
176.5815,176.6228,68437,83134,Rhinolophus ferrumequinum,0.027,0.027,-1,Echolocation,/mnt/ubna_data_01_mir/recover-20220825/UBNA_002/20220823_033000.WAV,Telephone Field,recover-20220825,002,1795
176.6415,176.6856,68437,83578,Rhinolophus ferrumequinum,0.034,0.034,-1,Echolocation,/mnt/ubna_data_01_mir/recover-20220825/UBNA_002/20220823_033000.WAV,Telephone Field,recover-20220825,002,1795
176.6605,176.6988,68437,82732,Rhinolophus ferrumequinum,0.021,0.021,-1,Echolocation,/mnt/ubna_data_01_mir/recover-20220825/UBNA_002/20220823_033000.WAV,Telephone Field,recover-20220825,002,1795
176.6675,176.6744,28046,37451,Eptesicus serotinus,0.007,0.026,-1,Echolocation,/mnt/ubna_data_01_mir/recover-20220825/UBNA_002/20220823_033000.WAV,Telephone Field,recover-20220825,002,1795
176.7405,176.7816,68437,82424,Rhinolophus ferrumequinum,0.021,0.021,-1,Echolocation,/mnt/ubna_data_01_mir/recover-20220825/UBNA_002/20220823_033000.WAV,Telephone Field,recover-20220825,002,1795
176.7515,176.75900000000001,23750,31478,Plecotus austriacus,0.008,0.021,-1,Echolocation,/mnt/ubna_data_01_mir/recover-20220825/UBNA_002/20220823_033000.WAV,Telephone Field,recover-20220825,002,1795
176.7665,176.80689999999998,68437,83026,Rhinolophus ferrumequinum,0.023,0.023,-1,Echolocation,/mnt/ubna_data_01_mir/recover-20220825/UBNA_002/20220823_033000.WAV,Telephone Field,recover-20220825,002,1795
176.7695,176.7803,23750,29209,Nyctalus leisleri,0.012,0.025,-1,Echolocation,/mnt/ubna_data_01_mir/recover-20220825/UBNA_002/20220823_033000.WAV,Telephone Field,recover-20220825,002,1795
176.7965,176.8329,68437,81913,Rhinolophus ferrumequinum,0.023,0.023,-1,Echolocation,/mnt/ubna_data_01_mir/recover-20220825/UBNA_002/20220823_033000.WAV,Telephone Field,recover-20220825,002,1795
176.8015,176.812,26328,33821,Eptesicus serotinus,0.013,0.025,-1,Echolocation,/mnt/ubna_data_01_mir/recover-20220825/UBNA_002/20220823_033000.WAV,Telephone Field,recover-20220825,002,1795
176.8135,176.8491,68437,82125,Rhinolophus ferrumequinum,0.024,0.024,-1,Echolocation,/mnt/ubna_data_01_mir/recover-20220825/UBNA_002/20220823_033000.WAV,Telephone Field,recover-20220825,002,1795
176.8235,176.8631,68437,82349,Rhinolophus ferrumequinum,0.022,0.022,-1,Echolocation,/mnt/ubna_data_01_mir/recover-20220825/UBNA_002/20220823_033000.WAV,Telephone Field,recover-20220825,002,1795
176.8285,176.8352,23750,33049,Plecotus austriacus,0.012,0.026,-1,Echolocation,/mnt/ubna_data_01_mir/recover-20220825/UBNA_002/20220823_033000.WAV,Telephone Field,recover-20220825,002,1795
176.8685,176.8789,22031,26729,Nyctalus leisleri,0.012,0.025,-1,Echolocation,/mnt/ubna_data_01_mir/recover-20220825/UBNA_002/20220823_033000.WAV,Telephone Field,recover-20220825,002,1795
176.8985,176.9057,28046,39619,Eptesicus serotinus,0.007,0.022,-1,Echolocation,/mnt/ubna_data_01_mir/recover-20220825/UBNA_002/20220823_033000.WAV,Telephone Field,recover-20220825,002,1795
176.9005,176.9399,68437,82609,Rhinolophus ferrumequinum,0.023,0.023,-1,Echolocation,/mnt/ubna_data_01_mir/recover-20220825/UBNA_002/20220823_033000.WAV,Telephone Field,recover-20220825,002,1795
176.9815,177.0222,68437,82383,Rhinolophus ferrumequinum,0.024,0.024,-1,Echolocation,/mnt/ubna_data_01_mir/recover-20220825/UBNA_002/20220823_033000.WAV,Telephone Field,recover-20220825,002,1795
176.9985,177.0075,27187,36941,Eptesicus serotinus,0.011,0.024,-1,Echolocation,/mnt/ubna_data_01_mir/recover-20220825/UBNA_002/20220823_033000.WAV,Telephone Field,recover-20220825,002,1795
176.9995,177.0353,68437,81288,Rhinolophus ferrumequinum,0.021,0.021,-1,Echolocation,/mnt/ubna_data_01_mir/recover-20220825/UBNA_002/20220823_033000.WAV,Telephone Field,recover-20220825,002,1795
177.0505,177.0903,68437,82182,Rhinolophus ferrumequinum,0.023,0.023,-1,Echolocation,/mnt/ubna_data_01_mir/recover-20220825/UBNA_002/20220823_033000.WAV,Telephone Field,recover-20220825,002,1795
177.0985,177.1393,68437,82202,Rhinolophus ferrumequinum,0.022,0.022,-1,Echolocation,/mnt/ubna_data_01_mir/recover-20220825/UBNA_002/20220823_033000.WAV,Telephone Field,recover-20220825,002,1795
177.1715,177.2102,68437,82168,Rhinolophus ferrumequinum,0.022,0.022,-1,Echolocation,/mnt/ubna_data_01_mir/recover-20220825/UBNA_002/20220823_033000.WAV,Telephone Field,recover-20220825,002,1795
177.1925,177.2038,28906,36095,Eptesicus serotinus,0.012,0.024,-1,Echolocation,/mnt/ubna_data_01_mir/recover-20220825/UBNA_002/20220823_033000.WAV,Telephone Field,recover-20220825,002,1795
177.2005,177.2096,28046,37352,Eptesicus serotinus,0.009,0.025,-1,Echolocation,/mnt/ubna_data_01_mir/recover-20220825/UBNA_002/20220823_033000.WAV,Telephone Field,recover-20220825,002,1795
177.2275,177.26839999999999,68437,83243,Rhinolophus ferrumequinum,0.024,0.024,-1,Echolocation,/mnt/ubna_data_01_mir/recover-20220825/UBNA_002/20220823_033000.WAV,Telephone Field,recover-20220825,002,1795
177.2405,177.2495,22890,29558,Plecotus austriacus,0.009,0.022,-1,Echolocation,/mnt/ubna_data_01_mir/recover-20220825/UBNA_002/20220823_033000.WAV,Telephone Field,recover-20220825,002,1795
177.2525,177.2912,68437,82349,Rhinolophus ferrumequinum,0.023,0.023,-1,Echolocation,/mnt/ubna_data_01_mir/recover-20220825/UBNA_002/20220823_033000.WAV,Telephone Field,recover-20220825,002,1795
177.2535,177.2624,49531,56370,Pipistrellus pipistrellus,0.019,0.023,-1,Echolocation,/mnt/ubna_data_01_mir/recover-20220825/UBNA_002/20220823_033000.WAV,Telephone Field,recover-20220825,002,1795
177.2605,177.3005,68437,83219,Rhinolophus ferrumequinum,0.023,0.023,-1,Echolocation,/mnt/ubna_data_01_mir/recover-20220825/UBNA_002/20220823_033000.WAV,Telephone Field,recover-20220825,002,1795
177.2745,177.2825,28906,39916,Eptesicus serotinus,0.007,0.025,-1,Echolocation,/mnt/ubna_data_01_mir/recover-20220825/UBNA_002/20220823_033000.WAV,Telephone Field,recover-20220825,002,1795
177.2835,177.2916,23750,31363,Plecotus austriacus,0.008,0.021,-1,Echolocation,/mnt/ubna_data_01_mir/recover-20220825/UBNA_002/20220823_033000.WAV,Telephone Field,recover-20220825,002,1795
177.3005,177.3084,26328,37392,Eptesicus serotinus,0.009,0.025,-1,Echolocation,/mnt/ubna_data_01_mir/recover-20220825/UBNA_002/20220823_033000.WAV,Telephone Field,recover-20220825,002,1795
177.3095,177.3175,28046,37756,Eptesicus serotinus,0.008,0.022,-1,Echolocation,/mnt/ubna_data_01_mir/recover-20220825/UBNA_002/20220823_033000.WAV,Telephone Field,recover-20220825,002,1795
177.3235,177.3602,68437,81410,Rhinolophus ferrumequinum,0.022,0.022,-1,Echolocation,/mnt/ubna_data_01_mir/recover-20220825/UBNA_002/20220823_033000.WAV,Telephone Field,recover-20220825,002,1795
177.3355,177.345,27187,36264,Eptesicus serotinus,0.014,0.028,-1,Echolocation,/mnt/ubna_data_01_mir/recover-20220825/UBNA_002/20220823_033000.WAV,Telephone Field,recover-20220825,002,1795
177.3775,177.4178,68437,82811,Rhinolophus ferrumequinum,0.024,0.024,-1,Echolocation,/mnt/ubna_data_01_mir/recover-20220825/UBNA_002/20220823_033000.WAV,Telephone Field,recover-20220825,002,1795
177.4855,177.4948,22890,29125,Nyctalus leisleri,0.008,0.023,-1,Echolocation,/mnt/ubna_data_01_mir/recover-20220825/UBNA_002/20220823_033000.WAV,Telephone Field,recover-20220825,002,1795
177.4955,177.5294,68437,81093,Rhinolophus ferrumequinum,0.022,0.022,-1,Echolocation,/mnt/ubna_data_01_mir/recover-20220825/UBNA_002/20220823_033000.WAV,Telephone Field,recover-20220825,002,1795
177.5065,177.5453,68437,82051,Rhinolophus ferrumequinum,0.022,0.023,-1,Echolocation,/mnt/ubna_data_01_mir/recover-20220825/UBNA_002/20220823_033000.WAV,Telephone Field,recover-20220825,002,1795
177.5095,177.5227,29765,35175,Eptesicus serotinus,0.024,0.042,-1,Echolocation,/mnt/ubna_data_01_mir/recover-20220825/UBNA_002/20220823_033000.WAV,Telephone Field,recover-20220825,002,1795
177.5255,177.5679,68437,83168,Rhinolophus ferrumequinum,0.045,0.045,-1,Echolocation,/mnt/ubna_data_01_mir/recover-20220825/UBNA_002/20220823_033000.WAV,Telephone Field,recover-20220825,002,1795
177.58350000000002,177.62290000000002,68437,82346,Rhinolophus ferrumequinum,0.023,0.023,-1,Echolocation,/mnt/ubna_data_01_mir/recover-20220825/UBNA_002/20220823_033000.WAV,Telephone Field,recover-20220825,002,1795
177.5905,177.6291,68437,81905,Rhinolophus ferrumequinum,0.022,0.022,-1,Echolocation,/mnt/ubna_data_01_mir/recover-20220825/UBNA_002/20220823_033000.WAV,Telephone Field,recover-20220825,002,1795
177.5915,177.6013,28906,37037,Eptesicus serotinus,0.009,0.022,-1,Echolocation,/mnt/ubna_data_01_mir/recover-20220825/UBNA_002/20220823_033000.WAV,Telephone Field,recover-20220825,002,1795
177.60750000000002,177.61520000000002,28046,39892,Eptesicus serotinus,0.008,0.026,-1,Echolocation,/mnt/ubna_data_01_mir/recover-20220825/UBNA_002/20220823_033000.WAV,Telephone Field,recover-20220825,002,1795
177.6205,177.6262,26328,37476,Plecotus auritus,0.012,0.035,-1,Echolocation,/mnt/ubna_data_01_mir/recover-20220825/UBNA_002/20220823_033000.WAV,Telephone Field,recover-20220825,002,1795
177.6335,177.6717,68437,82603,Rhinolophus ferrumequinum,0.021,0.021,-1,Echolocation,/mnt/ubna_data_01_mir/recover-20220825/UBNA_002/20220823_033000.WAV,Telephone Field,recover-20220825,002,1795
177.6475,177.6582,23750,29435,Nyctalus leisleri,0.011,0.024,-1,Echolocation,/mnt/ubna_data_01_mir/recover-20220825/UBNA_002/20220823_033000.WAV,Telephone Field,recover-20220825,002,1795
177.6695,177.7067,68437,81803,Rhinolophus ferrumequinum,0.022,0.022,-1,Echolocation,/mnt/ubna_data_01_mir/recover-20220825/UBNA_002/20220823_033000.WAV,Telephone Field,recover-20220825,002,1795
177.6835,177.6941,23750,29331,Nyctalus leisleri,0.009,0.021,-1,Echolocation,/mnt/ubna_data_01_mir/recover-20220825/UBNA_002/20220823_033000.WAV,Telephone Field,recover-20220825,002,1795
177.6895,177.7292,68437,82345,Rhinolophus ferrumequinum,0.024,0.024,-1,Echolocation,/mnt/ubna_data_01_mir/recover-20220825/UBNA_002/20220823_033000.WAV,Telephone Field,recover-20220825,002,1795
177.7065,177.7469,68437,82484,Rhinolophus ferrumequinum,0.023,0.023,-1,Echolocation,/mnt/ubna_data_01_mir/recover-20220825/UBNA_002/20220823_033000.WAV,Telephone Field,recover-20220825,002,1795
177.7155,177.7251,24609,31688,Eptesicus serotinus,0.008,0.021,-1,Echolocation,/mnt/ubna_data_01_mir/recover-20220825/UBNA_002/20220823_033000.WAV,Telephone Field,recover-20220825,002,1795
177.7275,177.7378,29765,37699,Eptesicus serotinus,0.009,0.021,-1,Echolocation,/mnt/ubna_data_01_mir/recover-20220825/UBNA_002/20220823_033000.WAV,Telephone Field,recover-20220825,002,1795
177.7375,177.7817,68437,83510,Rhinolophus ferrumequinum,0.039,0.039,-1,Echolocation,/mnt/ubna_data_01_mir/recover-20220825/UBNA_002/20220823_033000.WAV,Telephone Field,recover-20220825,002,1795
177.7945,177.8354,68437,82312,Rhinolophus ferrumequinum,0.024,0.024,-1,Echolocation,/mnt/ubna_data_01_mir/recover-20220825/UBNA_002/20220823_033000.WAV,Telephone Field,recover-20220825,002,1795
177.8095,177.8206,32343,38047,Eptesicus serotinus,0.01,0.027,-1,Echolocation,/mnt/ubna_data_01_mir/recover-20220825/UBNA_002/20220823_033000.WAV,Telephone Field,recover-20220825,002,1795
177.8115,177.8199,26328,34410,Eptesicus serotinus,0.011,0.027,-1,Echolocation,/mnt/ubna_data_01_mir/recover-20220825/UBNA_002/20220823_033000.WAV,Telephone Field,recover-20220825,002,1795
177.8845,177.8922,28046,39312,Eptesicus serotinus,0.008,0.025,-1,Echolocation,/mnt/ubna_data_01_mir/recover-20220825/UBNA_002/20220823_033000.WAV,Telephone Field,recover-20220825,002,1795
177.9215,177.9613,68437,82914,Rhinolophus ferrumequinum,0.024,0.024,-1,Echolocation,/mnt/ubna_data_01_mir/recover-20220825/UBNA_002/20220823_033000.WAV,Telephone Field,recover-20220825,002,1795
177.9225,177.9304,56406,60684,Pipistrellus pygmaeus,0.022,0.023,-1,Echolocation,/mnt/ubna_data_01_mir/recover-20220825/UBNA_002/20220823_033000.WAV,Telephone Field,recover-20220825,002,1795
177.9355,177.9423,27187,37813,Eptesicus serotinus,0.009,0.025,-1,Echolocation,/mnt/ubna_data_01_mir/recover-20220825/UBNA_002/20220823_033000.WAV,Telephone Field,recover-20220825,002,1795
177.9475,177.9884,68437,82702,Rhinolophus ferrumequinum,0.022,0.022,-1,Echolocation,/mnt/ubna_data_01_mir/recover-20220825/UBNA_002/20220823_033000.WAV,Telephone Field,recover-20220825,002,1795
177.9545,177.9627,28046,38994,Eptesicus serotinus,0.01,0.024,-1,Echolocation,/mnt/ubna_data_01_mir/recover-20220825/UBNA_002/20220823_033000.WAV,Telephone Field,recover-20220825,002,1795
178.0015,178.0095,23750,30930,Nyctalus leisleri,0.011,0.031,-1,Echolocation,/mnt/ubna_data_01_mir/recover-20220825/UBNA_002/20220823_033000.WAV,Telephone Field,recover-20220825,002,1795
178.0015,178.0371,68437,80291,Rhinolophus ferrumequinum,0.058,0.058,-1,Echolocation,/mnt/ubna_data_01_mir/recover-20220825/UBNA_002/20220823_033000.WAV,Telephone Field,recover-20220825,002,1795
178.0075,178.0542,68437,83505,Rhinolophus ferrumequinum,0.037,0.037,-1,Echolocation,/mnt/ubna_data_01_mir/recover-20220825/UBNA_002/20220823_033000.WAV,Telephone Field,recover-20220825,002,1795
178.0125,178.0199,26328,36557,Eptesicus serotinus,0.005,0.021,-1,Echolocation,/mnt/ubna_data_01_mir/recover-20220825/UBNA_002/20220823_033000.WAV,Telephone Field,recover-20220825,002,1795
178.0275,178.0703,68437,83187,Rhinolophus ferrumequinum,0.029,0.029,-1,Echolocation,/mnt/ubna_data_01_mir/recover-20220825/UBNA_002/20220823_033000.WAV,Telephone Field,recover-20220825,002,1795
178.0565,178.0977,68437,82127,Rhinolophus ferrumequinum,0.034,0.035,-1,Echolocation,/mnt/ubna_data_01_mir/recover-20220825/UBNA_002/20220823_033000.WAV,Telephone Field,recover-20220825,002,1795
178.0725,178.0876,22031,26725,Nyctalus leisleri,0.027,0.052,-1,Echolocation,/mnt/ubna_data_01_mir/recover-20220825/UBNA_002/20220823_033000.WAV,Telephone Field,recover-20220825,002,1795
178.0775,178.1141,68437,82694,Rhinolophus ferrumequinum,0.026,0.026,-1,Echolocation,/mnt/ubna_data_01_mir/recover-20220825/UBNA_002/20220823_033000.WAV,Telephone Field,recover-20220825,002,1795
178.1005,178.1399,68437,82632,Rhinolophus ferrumequinum,0.023,0.023,-1,Echolocation,/mnt/ubna_data_01_mir/recover-20220825/UBNA_002/20220823_033000.WAV,Telephone Field,recover-20220825,002,1795
178.1685,178.1775,22890,30095,Plecotus austriacus,0.009,0.024,-1,Echolocation,/mnt/ubna_data_01_mir/recover-20220825/UBNA_002/20220823_033000.WAV,Telephone Field,recover-20220825,002,1795
178.1775,178.2208,68437,83019,Rhinolophus ferrumequinum,0.091,0.091,-1,Echolocation,/mnt/ubna_data_01_mir/recover-20220825/UBNA_002/20220823_033000.WAV,Telephone Field,recover-20220825,002,1795
178.1845,178.1917,50390,57094,Pipistrellus pipistrellus,0.02,0.023,-1,Echolocation,/mnt/ubna_data_01_mir/recover-20220825/UBNA_002/20220823_033000.WAV,Telephone Field,recover-20220825,002,1795
178.2055,178.2465,68437,82763,Rhinolophus ferrumequinum,0.024,0.024,-1,Echolocation,/mnt/ubna_data_01_mir/recover-20220825/UBNA_002/20220823_033000.WAV,Telephone Field,recover-20220825,002,1795
178.2095,178.2181,24609,32427,Nyctalus leisleri,0.006,0.022,-1,Echolocation,/mnt/ubna_data_01_mir/recover-20220825/UBNA_002/20220823_033000.WAV,Telephone Field,recover-20220825,002,1795
178.2515,178.2579,27187,42702,Eptesicus serotinus,0.006,0.023,-1,Echolocation,/mnt/ubna_data_01_mir/recover-20220825/UBNA_002/20220823_033000.WAV,Telephone Field,recover-20220825,002,1795
178.2645,178.2746,22890,27759,Nyctalus leisleri,0.011,0.023,-1,Echolocation,/mnt/ubna_data_01_mir/recover-20220825/UBNA_002/20220823_033000.WAV,Telephone Field,recover-20220825,002,1795
178.2715,178.3111,68437,82860,Rhinolophus ferrumequinum,0.024,0.024,-1,Echolocation,/mnt/ubna_data_01_mir/recover-20220825/UBNA_002/20220823_033000.WAV,Telephone Field,recover-20220825,002,1795
178.27949999999998,178.31810000000002,68437,82668,Rhinolophus ferrumequinum,0.025,0.025,-1,Echolocation,/mnt/ubna_data_01_mir/recover-20220825/UBNA_002/20220823_033000.WAV,Telephone Field,recover-20220825,002,1795
178.2965,178.3321,68437,81477,Rhinolophus ferrumequinum,0.021,0.021,-1,Echolocation,/mnt/ubna_data_01_mir/recover-20220825/UBNA_002/20220823_033000.WAV,Telephone Field,recover-20220825,002,1795
178.3305,178.3685,68437,82106,Rhinolophus ferrumequinum,0.023,0.023,-1,Echolocation,/mnt/ubna_data_01_mir/recover-20220825/UBNA_002/20220823_033000.WAV,Telephone Field,recover-20220825,002,1795
178.3415,178.3792,68437,82120,Rhinolophus ferrumequinum,0.026,0.026,-1,Echolocation,/mnt/ubna_data_01_mir/recover-20220825/UBNA_002/20220823_033000.WAV,Telephone Field,recover-20220825,002,1795
178.3475,178.3549,28046,38574,Eptesicus serotinus,0.007,0.026,-1,Echolocation,/mnt/ubna_data_01_mir/recover-20220825/UBNA_002/20220823_033000.WAV,Telephone Field,recover-20220825,002,1795
178.3635,178.4029,68437,81898,Rhinolophus ferrumequinum,0.03,0.03,-1,Echolocation,/mnt/ubna_data_01_mir/recover-20220825/UBNA_002/20220823_033000.WAV,Telephone Field,recover-20220825,002,1795
178.3655,178.387,18593,21403,Nyctalus noctula,0.021,0.038,-1,Echolocation,/mnt/ubna_data_01_mir/recover-20220825/UBNA_002/20220823_033000.WAV,Telephone Field,recover-20220825,002,1795
178.4355,178.4778,68437,82892,Rhinolophus ferrumequinum,0.026,0.026,-1,Echolocation,/mnt/ubna_data_01_mir/recover-20220825/UBNA_002/20220823_033000.WAV,Telephone Field,recover-20220825,002,1795
178.4415,178.4472,38359,58341,Myotis mystacinus,0.008,0.025,-1,Echolocation,/mnt/ubna_data_01_mir/recover-20220825/UBNA_002/20220823_033000.WAV,Telephone Field,recover-20220825,002,1795
178.4415,178.4502,22031,29582,Plecotus austriacus,0.012,0.027,-1,Echolocation,/mnt/ubna_data_01_mir/recover-20220825/UBNA_002/20220823_033000.WAV,Telephone Field,recover-20220825,002,1795
178.4535,178.463,19453,25773,Plecotus austriacus,0.021,0.052,-1,Echolocation,/mnt/ubna_data_01_mir/recover-20220825/UBNA_002/20220823_033000.WAV,Telephone Field,recover-20220825,002,1795
178.4815,178.5194,68437,81353,Rhinolophus ferrumequinum,0.021,0.022,-1,Echolocation,/mnt/ubna_data_01_mir/recover-20220825/UBNA_002/20220823_033000.WAV,Telephone Field,recover-20220825,002,1795
178.4945,178.5347,68437,82189,Rhinolophus ferrumequinum,0.022,0.022,-1,Echolocation,/mnt/ubna_data_01_mir/recover-20220825/UBNA_002/20220823_033000.WAV,Telephone Field,recover-20220825,002,1795
178.4955,178.5036,28046,38792,Eptesicus serotinus,0.009,0.025,-1,Echolocation,/mnt/ubna_data_01_mir/recover-20220825/UBNA_002/20220823_033000.WAV,Telephone Field,recover-20220825,002,1795
178.5385,178.5775,68437,82151,Rhinolophus ferrumequinum,0.021,0.021,-1,Echolocation,/mnt/ubna_data_01_mir/recover-20220825/UBNA_002/20220823_033000.WAV,Telephone Field,recover-20220825,002,1795
178.5545,178.5938,68437,83318,Rhinolophus ferrumequinum,0.024,0.024,-1,Echolocation,/mnt/ubna_data_01_mir/recover-20220825/UBNA_002/20220823_033000.WAV,Telephone Field,recover-20220825,002,1795
178.5805,178.6182,68437,82150,Rhinolophus ferrumequinum,0.021,0.021,-1,Echolocation,/mnt/ubna_data_01_mir/recover-20220825/UBNA_002/20220823_033000.WAV,Telephone Field,recover-20220825,002,1795
178.6085,178.6176,23750,30933,Nyctalus leisleri,0.008,0.026,-1,Echolocation,/mnt/ubna_data_01_mir/recover-20220825/UBNA_002/20220823_033000.WAV,Telephone Field,recover-20220825,002,1795
178.6275,178.6661,68437,83325,Rhinolophus ferrumequinum,0.023,0.023,-1,Echolocation,/mnt/ubna_data_01_mir/recover-20220825/UBNA_002/20220823_033000.WAV,Telephone Field,recover-20220825,002,1795
178.6325,178.6694,68437,82109,Rhinolophus ferrumequinum,0.021,0.022,-1,Echolocation,/mnt/ubna_data_01_mir/recover-20220825/UBNA_002/20220823_033000.WAV,Telephone Field,recover-20220825,002,1795
178.6365,178.6463,28046,35727,Eptesicus serotinus,0.009,0.023,-1,Echolocation,/mnt/ubna_data_01_mir/recover-20220825/UBNA_002/20220823_033000.WAV,Telephone Field,recover-20220825,002,1795
178.6575,178.6949,68437,82371,Rhinolophus ferrumequinum,0.025,0.025,-1,Echolocation,/mnt/ubna_data_01_mir/recover-20220825/UBNA_002/20220823_033000.WAV,Telephone Field,recover-20220825,002,1795
178.6585,178.6677,27187,37853,Eptesicus serotinus,0.012,0.026,-1,Echolocation,/mnt/ubna_data_01_mir/recover-20220825/UBNA_002/20220823_033000.WAV,Telephone Field,recover-20220825,002,1795
178.6805,178.7198,68437,82695,Rhinolophus ferrumequinum,0.023,0.023,-1,Echolocation,/mnt/ubna_data_01_mir/recover-20220825/UBNA_002/20220823_033000.WAV,Telephone Field,recover-20220825,002,1795
178.7135,178.7241,46093,49729,Pipistrellus pipistrellus,0.027,0.03,-1,Echolocation,/mnt/ubna_data_01_mir/recover-20220825/UBNA_002/20220823_033000.WAV,Telephone Field,recover-20220825,002,1795
178.7175,178.758,68437,82200,Rhinolophus ferrumequinum,0.023,0.023,-1,Echolocation,/mnt/ubna_data_01_mir/recover-20220825/UBNA_002/20220823_033000.WAV,Telephone Field,recover-20220825,002,1795
178.73250000000002,178.7709,68437,82413,Rhinolophus ferrumequinum,0.024,0.024,-1,Echolocation,/mnt/ubna_data_01_mir/recover-20220825/UBNA_002/20220823_033000.WAV,Telephone Field,recover-20220825,002,1795
178.7435,178.7531,22890,28382,Nyctalus leisleri,0.008,0.021,-1,Echolocation,/mnt/ubna_data_01_mir/recover-20220825/UBNA_002/20220823_033000.WAV,Telephone Field,recover-20220825,002,1795
178.7595,178.798,68437,82086,Rhinolophus ferrumequinum,0.022,0.022,-1,Echolocation,/mnt/ubna_data_01_mir/recover-20220825/UBNA_002/20220823_033000.WAV,Telephone Field,recover-20220825,002,1795
178.7635,178.7723,23750,31840,Plecotus austriacus,0.009,0.031,-1,Echolocation,/mnt/ubna_data_01_mir/recover-20220825/UBNA_002/20220823_033000.WAV,Telephone Field,recover-20220825,002,1795
178.7895,178.8276,68437,81675,Rhinolophus ferrumequinum,0.023,0.023,-1,Echolocation,/mnt/ubna_data_01_mir/recover-20220825/UBNA_002/20220823_033000.WAV,Telephone Field,recover-20220825,002,1795
178.7935,178.8031,23750,30857,Nyctalus leisleri,0.007,0.022,-1,Echolocation,/mnt/ubna_data_01_mir/recover-20220825/UBNA_002/20220823_033000.WAV,Telephone Field,recover-20220825,002,1795
178.7975,178.8036,48671,54638,Pipistrellus pipistrellus,0.02,0.021,-1,Echolocation,/mnt/ubna_data_01_mir/recover-20220825/UBNA_002/20220823_033000.WAV,Telephone Field,recover-20220825,002,1795
178.8115,178.8524,68437,82088,Rhinolophus ferrumequinum,0.023,0.023,-1,Echolocation,/mnt/ubna_data_01_mir/recover-20220825/UBNA_002/20220823_033000.WAV,Telephone Field,recover-20220825,002,1795
178.8185,178.855,68437,81950,Rhinolophus ferrumequinum,0.023,0.023,-1,Echolocation,/mnt/ubna_data_01_mir/recover-20220825/UBNA_002/20220823_033000.WAV,Telephone Field,recover-20220825,002,1795
178.8195,178.82659999999998,28906,41544,Eptesicus serotinus,0.01,0.032,-1,Echolocation,/mnt/ubna_data_01_mir/recover-20220825/UBNA_002/20220823_033000.WAV,Telephone Field,recover-20220825,002,1795
178.84550000000002,178.8553,23750,30729,Nyctalus leisleri,0.007,0.023,-1,Echolocation,/mnt/ubna_data_01_mir/recover-20220825/UBNA_002/20220823_033000.WAV,Telephone Field,recover-20220825,002,1795
178.9125,178.94819999999999,68437,81961,Rhinolophus ferrumequinum,0.024,0.024,-1,Echolocation,/mnt/ubna_data_01_mir/recover-20220825/UBNA_002/20220823_033000.WAV,Telephone Field,recover-20220825,002,1795
178.9185,178.9266,28906,37219,Eptesicus serotinus,0.044,0.079,-1,Echolocation,/mnt/ubna_data_01_mir/recover-20220825/UBNA_002/20220823_033000.WAV,Telephone Field,recover-20220825,002,1795
178.92849999999999,178.9617,68437,80939,Rhinolophus ferrumequinum,0.023,0.023,-1,Echolocation,/mnt/ubna_data_01_mir/recover-20220825/UBNA_002/20220823_033000.WAV,Telephone Field,recover-20220825,002,1795
178.9425,178.9817,68437,82546,Rhinolophus ferrumequinum,0.021,0.021,-1,Echolocation,/mnt/ubna_data_01_mir/recover-20220825/UBNA_002/20220823_033000.WAV,Telephone Field,recover-20220825,002,1795
178.9735,178.9839,28906,36085,Eptesicus serotinus,0.01,0.024,-1,Echolocation,/mnt/ubna_data_01_mir/recover-20220825/UBNA_002/20220823_033000.WAV,Telephone Field,recover-20220825,002,1795
178.9775,179.0197,68437,82591,Rhinolophus ferrumequinum,0.026,0.026,-1,Echolocation,/mnt/ubna_data_01_mir/recover-20220825/UBNA_002/20220823_033000.WAV,Telephone Field,recover-20220825,002,1795
178.9815,178.9899,28046,39666,Eptesicus serotinus,0.007,0.022,-1,Echolocation,/mnt/ubna_data_01_mir/recover-20220825/UBNA_002/20220823_033000.WAV,Telephone Field,recover-20220825,002,1795
179.01749999999998,179.0544,68437,81706,Rhinolophus ferrumequinum,0.022,0.022,-1,Echolocation,/mnt/ubna_data_01_mir/recover-20220825/UBNA_002/20220823_033000.WAV,Telephone Field,recover-20220825,002,1795
179.0285,179.066,68437,82329,Rhinolophus ferrumequinum,0.023,0.023,-1,Echolocation,/mnt/ubna_data_01_mir/recover-20220825/UBNA_002/20220823_033000.WAV,Telephone Field,recover-20220825,002,1795
179.0635,179.1014,68437,81820,Rhinolophus ferrumequinum,0.022,0.022,-1,Echolocation,/mnt/ubna_data_01_mir/recover-20220825/UBNA_002/20220823_033000.WAV,Telephone Field,recover-20220825,002,1795
179.0775,179.0865,22890,30384,Plecotus austriacus,0.015,0.037,-1,Echolocation,/mnt/ubna_data_01_mir/recover-20220825/UBNA_002/20220823_033000.WAV,Telephone Field,recover-20220825,002,1795
179.0895,179.1278,68437,82357,Rhinolophus ferrumequinum,0.026,0.026,-1,Echolocation,/mnt/ubna_data_01_mir/recover-20220825/UBNA_002/20220823_033000.WAV,Telephone Field,recover-20220825,002,1795
179.0945,179.1312,68437,82445,Rhinolophus ferrumequinum,0.025,0.025,-1,Echolocation,/mnt/ubna_data_01_mir/recover-20220825/UBNA_002/20220823_033000.WAV,Telephone Field,recover-20220825,002,1795
179.1145,179.1251,23750,30052,Nyctalus leisleri,0.011,0.028,-1,Echolocation,/mnt/ubna_data_01_mir/recover-20220825/UBNA_002/20220823_033000.WAV,Telephone Field,recover-20220825,002,1795
179.1275,179.1669,68437,82403,Rhinolophus ferrumequinum,0.027,0.027,-1,Echolocation,/mnt/ubna_data_01_mir/recover-20220825/UBNA_002/20220823_033000.WAV,Telephone Field,recover-20220825,002,1795
179.1335,179.1712,68437,81858,Rhinolophus ferrumequinum,0.025,0.025,-1,Echolocation,/mnt/ubna_data_01_mir/recover-20220825/UBNA_002/20220823_033000.WAV,Telephone Field,recover-20220825,002,1795
179.1885,179.2289,68437,83160,Rhinolophus ferrumequinum,0.027,0.027,-1,Echolocation,/mnt/ubna_data_01_mir/recover-20220825/UBNA_002/20220823_033000.WAV,Telephone Field,recover-20220825,002,1795
179.2015,179.20850000000002,24609,33683,Plecotus austriacus,0.007,0.022,-1,Echolocation,/mnt/ubna_data_01_mir/recover-20220825/UBNA_002/20220823_033000.WAV,Telephone Field,recover-20220825,002,1795
179.2355,179.2433,27187,37945,Eptesicus serotinus,0.007,0.023,-1,Echolocation,/mnt/ubna_data_01_mir/recover-20220825/UBNA_002/20220823_033000.WAV,Telephone Field,recover-20220825,002,1795
179.2375,179.2788,68437,83042,Rhinolophus ferrumequinum,0.033,0.033,-1,Echolocation,/mnt/ubna_data_01_mir/recover-20220825/UBNA_002/20220823_033000.WAV,Telephone Field,recover-20220825,002,1795
179.2625,179.2701,26328,34768,Eptesicus serotinus,0.046,0.103,-1,Echolocation,/mnt/ubna_data_01_mir/recover-20220825/UBNA_002/20220823_033000.WAV,Telephone Field,recover-20220825,002,1795
179.2635,179.3015,68437,81509,Rhinolophus ferrumequinum,0.027,0.027,-1,Echolocation,/mnt/ubna_data_01_mir/recover-20220825/UBNA_002/20220823_033000.WAV,Telephone Field,recover-20220825,002,1795
179.2765,179.2889,24609,29452,Nyctalus leisleri,0.017,0.033,-1,Echolocation,/mnt/ubna_data_01_mir/recover-20220825/UBNA_002/20220823_033000.WAV,Telephone Field,recover-20220825,002,1795
179.27949999999998,179.3145,68437,81399,Rhinolophus ferrumequinum,0.022,0.022,-1,Echolocation,/mnt/ubna_data_01_mir/recover-20220825/UBNA_002/20220823_033000.WAV,Telephone Field,recover-20220825,002,1795
179.3065,179.3433,68437,81739,Rhinolophus ferrumequinum,0.023,0.023,-1,Echolocation,/mnt/ubna_data_01_mir/recover-20220825/UBNA_002/20220823_033000.WAV,Telephone Field,recover-20220825,002,1795
179.3145,179.3528,68437,81356,Rhinolophus ferrumequinum,0.025,0.025,-1,Echolocation,/mnt/ubna_data_01_mir/recover-20220825/UBNA_002/20220823_033000.WAV,Telephone Field,recover-20220825,002,1795
179.3185,179.3283,22031,27137,Nyctalus leisleri,0.008,0.022,-1,Echolocation,/mnt/ubna_data_01_mir/recover-20220825/UBNA_002/20220823_033000.WAV,Telephone Field,recover-20220825,002,1795
179.3355,179.3767,68437,82949,Rhinolophus ferrumequinum,0.033,0.033,-1,Echolocation,/mnt/ubna_data_01_mir/recover-20220825/UBNA_002/20220823_033000.WAV,Telephone Field,recover-20220825,002,1795
179.3495,179.3624,54687,58909,Pipistrellus pygmaeus,0.024,0.026,-1,Echolocation,/mnt/ubna_data_01_mir/recover-20220825/UBNA_002/20220823_033000.WAV,Telephone Field,recover-20220825,002,1795
179.3525,179.3608,26328,38089,Eptesicus serotinus,0.008,0.024,-1,Echolocation,/mnt/ubna_data_01_mir/recover-20220825/UBNA_002/20220823_033000.WAV,Telephone Field,recover-20220825,002,1795
179.3745,179.41219999999998,68437,82189,Rhinolophus ferrumequinum,0.023,0.023,-1,Echolocation,/mnt/ubna_data_01_mir/recover-20220825/UBNA_002/20220823_033000.WAV,Telephone Field,recover-20220825,002,1795
179.3975,179.4072,22031,28467,Plecotus austriacus,0.009,0.026,-1,Echolocation,/mnt/ubna_data_01_mir/recover-20220825/UBNA_002/20220823_033000.WAV,Telephone Field,recover-20220825,002,1795
179.4095,179.45,68437,82208,Rhinolophus ferrumequinum,0.024,0.024,-1,Echolocation,/mnt/ubna_data_01_mir/recover-20220825/UBNA_002/20220823_033000.WAV,Telephone Field,recover-20220825,002,1795
179.4135,179.4218,23750,31766,Plecotus austriacus,0.008,0.024,-1,Echolocation,/mnt/ubna_data_01_mir/recover-20220825/UBNA_002/20220823_033000.WAV,Telephone Field,recover-20220825,002,1795
179.4265,179.4672,68437,82824,Rhinolophus ferrumequinum,0.028,0.028,-1,Echolocation,/mnt/ubna_data_01_mir/recover-20220825/UBNA_002/20220823_033000.WAV,Telephone Field,recover-20220825,002,1795
179.4345,179.4445,28906,38696,Eptesicus serotinus,0.013,0.029,-1,Echolocation,/mnt/ubna_data_01_mir/recover-20220825/UBNA_002/20220823_033000.WAV,Telephone Field,recover-20220825,002,1795
179.4685,179.5065,68437,82089,Rhinolophus ferrumequinum,0.022,0.022,-1,Echolocation,/mnt/ubna_data_01_mir/recover-20220825/UBNA_002/20220823_033000.WAV,Telephone Field,recover-20220825,002,1795
179.4735,179.482,28046,39239,Eptesicus serotinus,0.007,0.022,-1,Echolocation,/mnt/ubna_data_01_mir/recover-20220825/UBNA_002/20220823_033000.WAV,Telephone Field,recover-20220825,002,1795
179.4965,179.5353,68437,82179,Rhinolophus ferrumequinum,0.022,0.022,-1,Echolocation,/mnt/ubna_data_01_mir/recover-20220825/UBNA_002/20220823_033000.WAV,Telephone Field,recover-20220825,002,1795
179.5185,179.5593,68437,82256,Rhinolophus ferrumequinum,0.024,0.024,-1,Echolocation,/mnt/ubna_data_01_mir/recover-20220825/UBNA_002/20220823_033000.WAV,Telephone Field,recover-20220825,002,1795
179.5615,179.57150000000001,28906,38492,Eptesicus serotinus,0.008,0.022,-1,Echolocation,/mnt/ubna_data_01_mir/recover-20220825/UBNA_002/20220823_033000.WAV,Telephone Field,recover-20220825,002,1795
179.57150000000001,179.6092,68437,82272,Rhinolophus ferrumequinum,0.029,0.029,-1,Echolocation,/mnt/ubna_data_01_mir/recover-20220825/UBNA_002/20220823_033000.WAV,Telephone Field,recover-20220825,002,1795
179.5855,179.5935,47812,51687,Pipistrellus pipistrellus,0.024,0.025,-1,Echolocation,/mnt/ubna_data_01_mir/recover-20220825/UBNA_002/20220823_033000.WAV,Telephone Field,recover-20220825,002,1795
179.6055,179.6446,68437,82495,Rhinolophus ferrumequinum,0.027,0.027,-1,Echolocation,/mnt/ubna_data_01_mir/recover-20220825/UBNA_002/20220823_033000.WAV,Telephone Field,recover-20220825,002,1795
179.6085,179.624,28906,34857,Eptesicus serotinus,0.068,0.097,-1,Echolocation,/mnt/ubna_data_01_mir/recover-20220825/UBNA_002/20220823_033000.WAV,Telephone Field,recover-20220825,002,1795
179.6385,179.6779,68437,82357,Rhinolophus ferrumequinum,0.023,0.023,-1,Echolocation,/mnt/ubna_data_01_mir/recover-20220825/UBNA_002/20220823_033000.WAV,Telephone Field,recover-20220825,002,1795
179.6405,179.6574,19453,23213,Nyctalus leisleri,0.01,0.022,-1,Echolocation,/mnt/ubna_data_01_mir/recover-20220825/UBNA_002/20220823_033000.WAV,Telephone Field,recover-20220825,002,1795
179.6575,179.66570000000002,28046,42191,Eptesicus serotinus,0.008,0.022,-1,Echolocation,/mnt/ubna_data_01_mir/recover-20220825/UBNA_002/20220823_033000.WAV,Telephone Field,recover-20220825,002,1795
179.6735,179.6847,44375,48932,Pipistrellus pipistrellus,0.021,0.024,-1,Echolocation,/mnt/ubna_data_01_mir/recover-20220825/UBNA_002/20220823_033000.WAV,Telephone Field,recover-20220825,002,1795
179.7155,179.7227,48671,52952,Pipistrellus pipistrellus,0.038,0.04,-1,Echolocation,/mnt/ubna_data_01_mir/recover-20220825/UBNA_002/20220823_033000.WAV,Telephone Field,recover-20220825,002,1795
179.7405,179.7816,68437,83007,Rhinolophus ferrumequinum,0.045,0.045,-1,Echolocation,/mnt/ubna_data_01_mir/recover-20220825/UBNA_002/20220823_033000.WAV,Telephone Field,recover-20220825,002,1795
179.7555,179.7639,30625,40288,Eptesicus serotinus,0.008,0.029,-1,Echolocation,/mnt/ubna_data_01_mir/recover-20220825/UBNA_002/20220823_033000.WAV,Telephone Field,recover-20220825,002,1795
179.7745,179.8141,68437,82271,Rhinolophus ferrumequinum,0.021,0.021,-1,Echolocation,/mnt/ubna_data_01_mir/recover-20220825/UBNA_002/20220823_033000.WAV,Telephone Field,recover-20220825,002,1795
179.7775,179.7899,22890,27699,Nyctalus leisleri,0.015,0.027,-1,Echolocation,/mnt/ubna_data_01_mir/recover-20220825/UBNA_002/20220823_033000.WAV,Telephone Field,recover-20220825,002,1795
179.7805,179.8204,68437,82766,Rhinolophus ferrumequinum,0.021,0.021,-1,Echolocation,/mnt/ubna_data_01_mir/recover-20220825/UBNA_002/20220823_033000.WAV,Telephone Field,recover-20220825,002,1795
179.7945,179.8281,68437,81113,Rhinolophus ferrumequinum,0.021,0.022,-1,Echolocation,/mnt/ubna_data_01_mir/recover-20220825/UBNA_002/20220823_033000.WAV,Telephone Field,recover-20220825,002,1795
179.7955,179.8041,28046,36299,Eptesicus serotinus,0.007,0.024,-1,Echolocation,/mnt/ubna_data_01_mir/recover-20220825/UBNA_002/20220823_033000.WAV,Telephone Field,recover-20220825,002,1795
179.80349999999999,179.8429,68437,82357,Rhinolophus ferrumequinum,0.025,0.025,-1,Echolocation,/mnt/ubna_data_01_mir/recover-20220825/UBNA_002/20220823_033000.WAV,Telephone Field,recover-20220825,002,1795
179.8255,179.8647,68437,82487,Rhinolophus ferrumequinum,0.028,0.028,-1,Echolocation,/mnt/ubna_data_01_mir/recover-20220825/UBNA_002/20220823_033000.WAV,Telephone Field,recover-20220825,002,1795
179.8355,179.8733,68437,82029,Rhinolophus ferrumequinum,0.023,0.023,-1,Echolocation,/mnt/ubna_data_01_mir/recover-20220825/UBNA_002/20220823_033000.WAV,Telephone Field,recover-20220825,002,1795
179.8705,179.9082,68437,82107,Rhinolophus ferrumequinum,0.023,0.023,-1,Echolocation,/mnt/ubna_data_01_mir/recover-20220825/UBNA_002/20220823_033000.WAV,Telephone Field,recover-20220825,002,1795
179.8765,179.8879,22031,26046,Nyctalus leisleri,0.019,0.031,-1,Echolocation,/mnt/ubna_data_01_mir/recover-20220825/UBNA_002/20220823_033000.WAV,Telephone Field,recover-20220825,002,1795
179.8995,179.9401,68437,82202,Rhinolophus ferrumequinum,0.028,0.028,-1,Echolocation,/mnt/ubna_data_01_mir/recover-20220825/UBNA_002/20220823_033000.WAV,Telephone Field,recover-20220825,002,1795
179.9505,179.9909,68437,82634,Rhinolophus ferrumequinum,0.027,0.027,-1,Echolocation,/mnt/ubna_data_01_mir/recover-20220825/UBNA_002/20220823_033000.WAV,Telephone Field,recover-20220825,002,1795
179.9815,179.9913,27187,36782,Eptesicus serotinus,0.008,0.022,-1,Echolocation,/mnt/ubna_data_01_mir/recover-20220825/UBNA_002/20220823_033000.WAV,Telephone Field,recover-20220825,002,1795
179.9865,179.9968,28046,37200,Eptesicus serotinus,0.009,0.022,-1,Echolocation,/mnt/ubna_data_01_mir/recover-20220825/UBNA_002/20220823_033000.WAV,Telephone Field,recover-20220825,002,1795
180.0015,180.0103,22031,27665,Nyctalus leisleri,0.011,0.029,-1,Echolocation,/mnt/ubna_data_01_mir/recover-20220825/UBNA_002/20220823_033000.WAV,Telephone Field,recover-20220825,002,1795
180.0015,180.0332,68437,80341,Rhinolophus ferrumequinum,0.025,0.025,-1,Echolocation,/mnt/ubna_data_01_mir/recover-20220825/UBNA_002/20220823_033000.WAV,Telephone Field,recover-20220825,002,1795
180.0185,180.0536,68437,81605,Rhinolophus ferrumequinum,0.021,0.021,-1,Echolocation,/mnt/ubna_data_01_mir/recover-20220825/UBNA_002/20220823_033000.WAV,Telephone Field,recover-20220825,002,1795
180.0605,180.0677,27187,41843,Eptesicus serotinus,0.007,0.023,-1,Echolocation,/mnt/ubna_data_01_mir/recover-20220825/UBNA_002/20220823_033000.WAV,Telephone Field,recover-20220825,002,1795
180.0815,180.1207,68437,82225,Rhinolophus ferrumequinum,0.03,0.03,-1,Echolocation,/mnt/ubna_data_01_mir/recover-20220825/UBNA_002/20220823_033000.WAV,Telephone Field,recover-20220825,002,1795
180.1065,180.1178,44375,48832,Pipistrellus pipistrellus,0.02,0.025,-1,Echolocation,/mnt/ubna_data_01_mir/recover-20220825/UBNA_002/20220823_033000.WAV,Telephone Field,recover-20220825,002,1795
180.1265,180.1668,68437,82651,Rhinolophus ferrumequinum,0.022,0.022,-1,Echolocation,/mnt/ubna_data_01_mir/recover-20220825/UBNA_002/20220823_033000.WAV,Telephone Field,recover-20220825,002,1795
180.1665,180.1735,24609,34010,Plecotus austriacus,0.012,0.031,-1,Echolocation,/mnt/ubna_data_01_mir/recover-20220825/UBNA_002/20220823_033000.WAV,Telephone Field,recover-20220825,002,1795
180.1835,180.1944,43515,46619,Pipistrellus pipistrellus,0.022,0.026,-1,Echolocation,/mnt/ubna_data_01_mir/recover-20220825/UBNA_002/20220823_033000.WAV,Telephone Field,recover-20220825,002,1795
180.1985,180.2081,22031,27772,Nyctalus leisleri,0.008,0.022,-1,Echolocation,/mnt/ubna_data_01_mir/recover-20220825/UBNA_002/20220823_033000.WAV,Telephone Field,recover-20220825,002,1795
180.2055,180.2445,68437,81702,Rhinolophus ferrumequinum,0.023,0.023,-1,Echolocation,/mnt/ubna_data_01_mir/recover-20220825/UBNA_002/20220823_033000.WAV,Telephone Field,recover-20220825,002,1795
180.2225,180.2285,31484,43339,Myotis daubentonii,0.009,0.022,-1,Echolocation,/mnt/ubna_data_01_mir/recover-20220825/UBNA_002/20220823_033000.WAV,Telephone Field,recover-20220825,002,1795
180.2345,180.2731,68437,82421,Rhinolophus ferrumequinum,0.022,0.022,-1,Echolocation,/mnt/ubna_data_01_mir/recover-20220825/UBNA_002/20220823_033000.WAV,Telephone Field,recover-20220825,002,1795
180.2395,180.2582,22031,24861,Nyctalus leisleri,0.014,0.023,-1,Echolocation,/mnt/ubna_data_01_mir/recover-20220825/UBNA_002/20220823_033000.WAV,Telephone Field,recover-20220825,002,1795
180.2685,180.3076,68437,82045,Rhinolophus ferrumequinum,0.021,0.021,-1,Echolocation,/mnt/ubna_data_01_mir/recover-20220825/UBNA_002/20220823_033000.WAV,Telephone Field,recover-20220825,002,1795
180.2725,180.2803,28046,38656,Eptesicus serotinus,0.006,0.021,-1,Echolocation,/mnt/ubna_data_01_mir/recover-20220825/UBNA_002/20220823_033000.WAV,Telephone Field,recover-20220825,002,1795
180.2795,180.3167,68437,82616,Rhinolophus ferrumequinum,0.022,0.022,-1,Echolocation,/mnt/ubna_data_01_mir/recover-20220825/UBNA_002/20220823_033000.WAV,Telephone Field,recover-20220825,002,1795
180.2875,180.2955,27187,37207,Eptesicus serotinus,0.007,0.021,-1,Echolocation,/mnt/ubna_data_01_mir/recover-20220825/UBNA_002/20220823_033000.WAV,Telephone Field,recover-20220825,002,1795
180.3595,180.3704,22890,27819,Nyctalus leisleri,0.012,0.025,-1,Echolocation,/mnt/ubna_data_01_mir/recover-20220825/UBNA_002/20220823_033000.WAV,Telephone Field,recover-20220825,002,1795
180.3845,180.4218,68437,81635,Rhinolophus ferrumequinum,0.021,0.022,-1,Echolocation,/mnt/ubna_data_01_mir/recover-20220825/UBNA_002/20220823_033000.WAV,Telephone Field,recover-20220825,002,1795
180.4275,180.4348,33203,44161,Myotis daubentonii,0.01,0.031,-1,Echolocation,/mnt/ubna_data_01_mir/recover-20220825/UBNA_002/20220823_033000.WAV,Telephone Field,recover-20220825,002,1795
180.4275,180.4347,27187,41544,Eptesicus serotinus,0.007,0.025,-1,Echolocation,/mnt/ubna_data_01_mir/recover-20220825/UBNA_002/20220823_033000.WAV,Telephone Field,recover-20220825,002,1795
180.4415,180.4824,68437,82634,Rhinolophus ferrumequinum,0.03,0.03,-1,Echolocation,/mnt/ubna_data_01_mir/recover-20220825/UBNA_002/20220823_033000.WAV,Telephone Field,recover-20220825,002,1795
180.4815,180.5236,68437,83310,Rhinolophus ferrumequinum,0.025,0.025,-1,Echolocation,/mnt/ubna_data_01_mir/recover-20220825/UBNA_002/20220823_033000.WAV,Telephone Field,recover-20220825,002,1795
180.4985,180.5334,68437,81456,Rhinolophus ferrumequinum,0.047,0.047,-1,Echolocation,/mnt/ubna_data_01_mir/recover-20220825/UBNA_002/20220823_033000.WAV,Telephone Field,recover-20220825,002,1795
180.5185,180.5263,28046,38097,Eptesicus serotinus,0.007,0.021,-1,Echolocation,/mnt/ubna_data_01_mir/recover-20220825/UBNA_002/20220823_033000.WAV,Telephone Field,recover-20220825,002,1795
180.5365,180.547,23750,31379,Nyctalus leisleri,0.01,0.027,-1,Echolocation,/mnt/ubna_data_01_mir/recover-20220825/UBNA_002/20220823_033000.WAV,Telephone Field,recover-20220825,002,1795
180.5375,180.5757,68437,82296,Rhinolophus ferrumequinum,0.024,0.024,-1,Echolocation,/mnt/ubna_data_01_mir/recover-20220825/UBNA_002/20220823_033000.WAV,Telephone Field,recover-20220825,002,1795
180.5605,180.5707,50390,56160,Pipistrellus pipistrellus,0.031,0.036,-1,Echolocation,/mnt/ubna_data_01_mir/recover-20220825/UBNA_002/20220823_033000.WAV,Telephone Field,recover-20220825,002,1795
180.5745,180.5829,30625,39743,Myotis daubentonii,0.007,0.022,-1,Echolocation,/mnt/ubna_data_01_mir/recover-20220825/UBNA_002/20220823_033000.WAV,Telephone Field,recover-20220825,002,1795
180.6015,180.6424,68437,82724,Rhinolophus ferrumequinum,0.036,0.036,-1,Echolocation,/mnt/ubna_data_01_mir/recover-20220825/UBNA_002/20220823_033000.WAV,Telephone Field,recover-20220825,002,1795
180.6555,180.6649,22890,29681,Nyctalus leisleri,0.007,0.021,-1,Echolocation,/mnt/ubna_data_01_mir/recover-20220825/UBNA_002/20220823_033000.WAV,Telephone Field,recover-20220825,002,1795
180.6765,180.7117,68437,81739,Rhinolophus ferrumequinum,0.023,0.023,-1,Echolocation,/mnt/ubna_data_01_mir/recover-20220825/UBNA_002/20220823_033000.WAV,Telephone Field,recover-20220825,002,1795
180.6865,180.7231,68437,81248,Rhinolophus ferrumequinum,0.022,0.022,-1,Echolocation,/mnt/ubna_data_01_mir/recover-20220825/UBNA_002/20220823_033000.WAV,Telephone Field,recover-20220825,002,1795
180.7465,180.7847,68437,81999,Rhinolophus ferrumequinum,0.023,0.023,-1,Echolocation,/mnt/ubna_data_01_mir/recover-20220825/UBNA_002/20220823_033000.WAV,Telephone Field,recover-20220825,002,1795
180.7545,180.7908,68437,81591,Rhinolophus ferrumequinum,0.023,0.023,-1,Echolocation,/mnt/ubna_data_01_mir/recover-20220825/UBNA_002/20220823_033000.WAV,Telephone Field,recover-20220825,002,1795
180.7565,180.7675,23750,28743,Nyctalus leisleri,0.016,0.032,-1,Echolocation,/mnt/ubna_data_01_mir/recover-20220825/UBNA_002/20220823_033000.WAV,Telephone Field,recover-20220825,002,1795
180.7635,180.7986,68437,81964,Rhinolophus ferrumequinum,0.03,0.031,-1,Echolocation,/mnt/ubna_data_01_mir/recover-20220825/UBNA_002/20220823_033000.WAV,Telephone Field,recover-20220825,002,1795
180.7765,180.8157,68437,82255,Rhinolophus ferrumequinum,0.022,0.022,-1,Echolocation,/mnt/ubna_data_01_mir/recover-20220825/UBNA_002/20220823_033000.WAV,Telephone Field,recover-20220825,002,1795
180.8525,180.8937,68437,82868,Rhinolophus ferrumequinum,0.036,0.036,-1,Echolocation,/mnt/ubna_data_01_mir/recover-20220825/UBNA_002/20220823_033000.WAV,Telephone Field,recover-20220825,002,1795
180.8825,180.8896,28046,41217,Eptesicus serotinus,0.007,0.024,-1,Echolocation,/mnt/ubna_data_01_mir/recover-20220825/UBNA_002/20220823_033000.WAV,Telephone Field,recover-20220825,002,1795
180.8995,180.9403,68437,82147,Rhinolophus ferrumequinum,0.026,0.026,-1,Echolocation,/mnt/ubna_data_01_mir/recover-20220825/UBNA_002/20220823_033000.WAV,Telephone Field,recover-20220825,002,1795
180.9045,180.9104,28046,39956,Eptesicus serotinus,0.006,0.024,-1,Echolocation,/mnt/ubna_data_01_mir/recover-20220825/UBNA_002/20220823_033000.WAV,Telephone Field,recover-20220825,002,1795
180.9165,180.9542,68437,81760,Rhinolophus ferrumequinum,0.022,0.022,-1,Echolocation,/mnt/ubna_data_01_mir/recover-20220825/UBNA_002/20220823_033000.WAV,Telephone Field,recover-20220825,002,1795
180.9385,180.9769,68437,82470,Rhinolophus ferrumequinum,0.023,0.023,-1,Echolocation,/mnt/ubna_data_01_mir/recover-20220825/UBNA_002/20220823_033000.WAV,Telephone Field,recover-20220825,002,1795
180.9545,180.9927,68437,82357,Rhinolophus ferrumequinum,0.028,0.028,-1,Echolocation,/mnt/ubna_data_01_mir/recover-20220825/UBNA_002/20220823_033000.WAV,Telephone Field,recover-20220825,002,1795
180.9985,181.0399,68437,83149,Rhinolophus ferrumequinum,0.037,0.037,-1,Echolocation,/mnt/ubna_data_01_mir/recover-20220825/UBNA_002/20220823_033000.WAV,Telephone Field,recover-20220825,002,1795
181.0895,181.128,68437,82010,Rhinolophus ferrumequinum,0.021,0.021,-1,Echolocation,/mnt/ubna_data_01_mir/recover-20220825/UBNA_002/20220823_033000.WAV,Telephone Field,recover-20220825,002,1795
181.1275,181.1681,68437,82510,Rhinolophus ferrumequinum,0.024,0.024,-1,Echolocation,/mnt/ubna_data_01_mir/recover-20220825/UBNA_002/20220823_033000.WAV,Telephone Field,recover-20220825,002,1795
181.1345,181.1444,23750,30763,Nyctalus leisleri,0.009,0.026,-1,Echolocation,/mnt/ubna_data_01_mir/recover-20220825/UBNA_002/20220823_033000.WAV,Telephone Field,recover-20220825,002,1795
181.1585,181.1648,28046,42553,Eptesicus serotinus,0.008,0.032,-1,Echolocation,/mnt/ubna_data_01_mir/recover-20220825/UBNA_002/20220823_033000.WAV,Telephone Field,recover-20220825,002,1795
181.1835,181.2217,68437,82186,Rhinolophus ferrumequinum,0.024,0.024,-1,Echolocation,/mnt/ubna_data_01_mir/recover-20220825/UBNA_002/20220823_033000.WAV,Telephone Field,recover-20220825,002,1795
181.2025,181.2391,68437,81733,Rhinolophus ferrumequinum,0.025,0.025,-1,Echolocation,/mnt/ubna_data_01_mir/recover-20220825/UBNA_002/20220823_033000.WAV,Telephone Field,recover-20220825,002,1795
181.2035,181.2107,28046,39813,Eptesicus serotinus,0.006,0.022,-1,Echolocation,/mnt/ubna_data_01_mir/recover-20220825/UBNA_002/20220823_033000.WAV,Telephone Field,recover-20220825,002,1795
181.2355,181.2782,68437,82918,Rhinolophus ferrumequinum,0.047,0.047,-1,Echolocation,/mnt/ubna_data_01_mir/recover-20220825/UBNA_002/20220823_033000.WAV,Telephone Field,recover-20220825,002,1795
181.2395,181.2476,28046,39701,Eptesicus serotinus,0.008,0.023,-1,Echolocation,/mnt/ubna_data_01_mir/recover-20220825/UBNA_002/20220823_033000.WAV,Telephone Field,recover-20220825,002,1795
181.2455,181.2608,34921,39255,Pipistrellus nathusii,0.039,0.082,-1,Echolocation,/mnt/ubna_data_01_mir/recover-20220825/UBNA_002/20220823_033000.WAV,Telephone Field,recover-20220825,002,1795
181.2535,181.2636,55546,60016,Pipistrellus pygmaeus,0.022,0.024,-1,Echolocation,/mnt/ubna_data_01_mir/recover-20220825/UBNA_002/20220823_033000.WAV,Telephone Field,recover-20220825,002,1795
181.2835,181.3037,18593,21597,Nyctalus noctula,0.027,0.044,-1,Echolocation,/mnt/ubna_data_01_mir/recover-20220825/UBNA_002/20220823_033000.WAV,Telephone Field,recover-20220825,002,1795
181.2905,181.3282,68437,82046,Rhinolophus ferrumequinum,0.022,0.022,-1,Echolocation,/mnt/ubna_data_01_mir/recover-20220825/UBNA_002/20220823_033000.WAV,Telephone Field,recover-20220825,002,1795
181.3075,181.3453,68437,82395,Rhinolophus ferrumequinum,0.025,0.025,-1,Echolocation,/mnt/ubna_data_01_mir/recover-20220825/UBNA_002/20220823_033000.WAV,Telephone Field,recover-20220825,002,1795
181.3365,181.345,28906,38311,Eptesicus serotinus,0.007,0.021,-1,Echolocation,/mnt/ubna_data_01_mir/recover-20220825/UBNA_002/20220823_033000.WAV,Telephone Field,recover-20220825,002,1795
181.3365,181.373,68437,81413,Rhinolophus ferrumequinum,0.028,0.028,-1,Echolocation,/mnt/ubna_data_01_mir/recover-20220825/UBNA_002/20220823_033000.WAV,Telephone Field,recover-20220825,002,1795
181.3495,181.3883,68437,81918,Rhinolophus ferrumequinum,0.023,0.023,-1,Echolocation,/mnt/ubna_data_01_mir/recover-20220825/UBNA_002/20220823_033000.WAV,Telephone Field,recover-20220825,002,1795
181.3635,181.372,22890,30136,Plecotus austriacus,0.009,0.023,-1,Echolocation,/mnt/ubna_data_01_mir/recover-20220825/UBNA_002/20220823_033000.WAV,Telephone Field,recover-20220825,002,1795
181.3765,181.4143,68437,81701,Rhinolophus ferrumequinum,0.022,0.023,-1,Echolocation,/mnt/ubna_data_01_mir/recover-20220825/UBNA_002/20220823_033000.WAV,Telephone Field,recover-20220825,002,1795
181.3825,181.3907,28046,39946,Eptesicus serotinus,0.008,0.022,-1,Echolocation,/mnt/ubna_data_01_mir/recover-20220825/UBNA_002/20220823_033000.WAV,Telephone Field,recover-20220825,002,1795
181.4045,181.4447,68437,83066,Rhinolophus ferrumequinum,0.024,0.024,-1,Echolocation,/mnt/ubna_data_01_mir/recover-20220825/UBNA_002/20220823_033000.WAV,Telephone Field,recover-20220825,002,1795
181.4185,181.4563,68437,81644,Rhinolophus ferrumequinum,0.022,0.022,-1,Echolocation,/mnt/ubna_data_01_mir/recover-20220825/UBNA_002/20220823_033000.WAV,Telephone Field,recover-20220825,002,1795
181.4255,181.4321,31484,46023,Myotis daubentonii,0.025,0.068,-1,Echolocation,/mnt/ubna_data_01_mir/recover-20220825/UBNA_002/20220823_033000.WAV,Telephone Field,recover-20220825,002,1795
181.4755,181.5162,68437,82650,Rhinolophus ferrumequinum,0.027,0.027,-1,Echolocation,/mnt/ubna_data_01_mir/recover-20220825/UBNA_002/20220823_033000.WAV,Telephone Field,recover-20220825,002,1795
181.4875,181.5238,68437,81448,Rhinolophus ferrumequinum,0.027,0.027,-1,Echolocation,/mnt/ubna_data_01_mir/recover-20220825/UBNA_002/20220823_033000.WAV,Telephone Field,recover-20220825,002,1795
181.5125,181.5506,68437,81776,Rhinolophus ferrumequinum,0.021,0.021,-1,Echolocation,/mnt/ubna_data_01_mir/recover-20220825/UBNA_002/20220823_033000.WAV,Telephone Field,recover-20220825,002,1795
181.5135,181.5223,28046,38687,Eptesicus serotinus,0.009,0.022,-1,Echolocation,/mnt/ubna_data_01_mir/recover-20220825/UBNA_002/20220823_033000.WAV,Telephone Field,recover-20220825,002,1795
181.5615,181.5716,28906,36083,Eptesicus serotinus,0.011,0.026,-1,Echolocation,/mnt/ubna_data_01_mir/recover-20220825/UBNA_002/20220823_033000.WAV,Telephone Field,recover-20220825,002,1795
181.5695,181.6082,68437,82645,Rhinolophus ferrumequinum,0.021,0.021,-1,Echolocation,/mnt/ubna_data_01_mir/recover-20220825/UBNA_002/20220823_033000.WAV,Telephone Field,recover-20220825,002,1795
181.6345,181.6714,68437,81715,Rhinolophus ferrumequinum,0.022,0.022,-1,Echolocation,/mnt/ubna_data_01_mir/recover-20220825/UBNA_002/20220823_033000.WAV,Telephone Field,recover-20220825,002,1795
181.6405,181.6517,22890,28336,Nyctalus leisleri,0.013,0.027,-1,Echolocation,/mnt/ubna_data_01_mir/recover-20220825/UBNA_002/20220823_033000.WAV,Telephone Field,recover-20220825,002,1795
181.6435,181.6809,68437,81668,Rhinolophus ferrumequinum,0.022,0.022,-1,Echolocation,/mnt/ubna_data_01_mir/recover-20220825/UBNA_002/20220823_033000.WAV,Telephone Field,recover-20220825,002,1795
181.6655,181.7051,68437,82611,Rhinolophus ferrumequinum,0.027,0.027,-1,Echolocation,/mnt/ubna_data_01_mir/recover-20220825/UBNA_002/20220823_033000.WAV,Telephone Field,recover-20220825,002,1795
181.6725,181.681,28906,40089,Eptesicus serotinus,0.007,0.022,-1,Echolocation,/mnt/ubna_data_01_mir/recover-20220825/UBNA_002/20220823_033000.WAV,Telephone Field,recover-20220825,002,1795
181.6995,181.7101,22890,29032,Nyctalus leisleri,0.01,0.024,-1,Echolocation,/mnt/ubna_data_01_mir/recover-20220825/UBNA_002/20220823_033000.WAV,Telephone Field,recover-20220825,002,1795
181.7355,181.7491,23750,29822,Nyctalus leisleri,0.017,0.037,-1,Echolocation,/mnt/ubna_data_01_mir/recover-20220825/UBNA_002/20220823_033000.WAV,Telephone Field,recover-20220825,002,1795
181.7605,181.7984,68437,81458,Rhinolophus ferrumequinum,0.021,0.021,-1,Echolocation,/mnt/ubna_data_01_mir/recover-20220825/UBNA_002/20220823_033000.WAV,Telephone Field,recover-20220825,002,1795
181.8215,181.8551,68437,80254,Rhinolophus ferrumequinum,0.026,0.026,-1,Echolocation,/mnt/ubna_data_01_mir/recover-20220825/UBNA_002/20220823_033000.WAV,Telephone Field,recover-20220825,002,1795
181.8325,181.8683,68437,82012,Rhinolophus ferrumequinum,0.023,0.023,-1,Echolocation,/mnt/ubna_data_01_mir/recover-20220825/UBNA_002/20220823_033000.WAV,Telephone Field,recover-20220825,002,1795
181.8505,181.8894,68437,81946,Rhinolophus ferrumequinum,0.023,0.023,-1,Echolocation,/mnt/ubna_data_01_mir/recover-20220825/UBNA_002/20220823_033000.WAV,Telephone Field,recover-20220825,002,1795
181.8595,181.8992,68437,82680,Rhinolophus ferrumequinum,0.026,0.026,-1,Echolocation,/mnt/ubna_data_01_mir/recover-20220825/UBNA_002/20220823_033000.WAV,Telephone Field,recover-20220825,002,1795
181.8785,181.8871,26328,34628,Eptesicus serotinus,0.009,0.029,-1,Echolocation,/mnt/ubna_data_01_mir/recover-20220825/UBNA_002/20220823_033000.WAV,Telephone Field,recover-20220825,002,1795
181.8855,181.8962,22890,27837,Nyctalus leisleri,0.011,0.021,-1,Echolocation,/mnt/ubna_data_01_mir/recover-20220825/UBNA_002/20220823_033000.WAV,Telephone Field,recover-20220825,002,1795
181.9175,181.95,68437,80560,Rhinolophus ferrumequinum,0.022,0.022,-1,Echolocation,/mnt/ubna_data_01_mir/recover-20220825/UBNA_002/20220823_033000.WAV,Telephone Field,recover-20220825,002,1795
181.9235,181.96,68437,81752,Rhinolophus ferrumequinum,0.021,0.021,-1,Echolocation,/mnt/ubna_data_01_mir/recover-20220825/UBNA_002/20220823_033000.WAV,Telephone Field,recover-20220825,002,1795
181.9865,181.9951,28046,39034,Eptesicus serotinus,0.008,0.023,-1,Echolocation,/mnt/ubna_data_01_mir/recover-20220825/UBNA_002/20220823_033000.WAV,Telephone Field,recover-20220825,002,1795
182.0015,182.0329,68437,79972,Rhinolophus ferrumequinum,0.027,0.027,-1,Echolocation,/mnt/ubna_data_01_mir/recover-20220825/UBNA_002/20220823_033000.WAV,Telephone Field,recover-20220825,002,1795
182.0015,182.0123,23750,30232,Nyctalus leisleri,0.016,0.039,-1,Echolocation,/mnt/ubna_data_01_mir/recover-20220825/UBNA_002/20220823_033000.WAV,Telephone Field,recover-20220825,002,1795
182.0095,182.0542,68437,82188,Rhinolophus ferrumequinum,0.028,0.028,-1,Echolocation,/mnt/ubna_data_01_mir/recover-20220825/UBNA_002/20220823_033000.WAV,Telephone Field,recover-20220825,002,1795
182.0135,182.0224,22890,29970,Plecotus austriacus,0.011,0.029,-1,Echolocation,/mnt/ubna_data_01_mir/recover-20220825/UBNA_002/20220823_033000.WAV,Telephone Field,recover-20220825,002,1795
182.0435,182.0848,68437,82806,Rhinolophus ferrumequinum,0.028,0.028,-1,Echolocation,/mnt/ubna_data_01_mir/recover-20220825/UBNA_002/20220823_033000.WAV,Telephone Field,recover-20220825,002,1795
182.0525,182.0625,30625,38724,Eptesicus serotinus,0.01,0.025,-1,Echolocation,/mnt/ubna_data_01_mir/recover-20220825/UBNA_002/20220823_033000.WAV,Telephone Field,recover-20220825,002,1795
182.0635,182.1049,68437,82789,Rhinolophus ferrumequinum,0.029,0.029,-1,Echolocation,/mnt/ubna_data_01_mir/recover-20220825/UBNA_002/20220823_033000.WAV,Telephone Field,recover-20220825,002,1795
182.0675,182.0746,28046,39372,Eptesicus serotinus,0.006,0.022,-1,Echolocation,/mnt/ubna_data_01_mir/recover-20220825/UBNA_002/20220823_033000.WAV,Telephone Field,recover-20220825,002,1795
182.0775,182.1203,68437,83000,Rhinolophus ferrumequinum,0.022,0.022,-1,Echolocation,/mnt/ubna_data_01_mir/recover-20220825/UBNA_002/20220823_033000.WAV,Telephone Field,recover-20220825,002,1795
182.1125,182.1481,68437,81053,Rhinolophus ferrumequinum,0.02,0.02,-1,Echolocation,/mnt/ubna_data_01_mir/recover-20220825/UBNA_002/20220823_033000.WAV,Telephone Field,recover-20220825,002,1795
182.1145,182.1282,25468,31165,Nyctalus leisleri,0.011,0.029,-1,Echolocation,/mnt/ubna_data_01_mir/recover-20220825/UBNA_002/20220823_033000.WAV,Telephone Field,recover-20220825,002,1795
182.1465,182.1852,68437,81798,Rhinolophus ferrumequinum,0.021,0.021,-1,Echolocation,/mnt/ubna_data_01_mir/recover-20220825/UBNA_002/20220823_033000.WAV,Telephone Field,recover-20220825,002,1795
182.1885,182.2254,68437,81140,Rhinolophus ferrumequinum,0.023,0.023,-1,Echolocation,/mnt/ubna_data_01_mir/recover-20220825/UBNA_002/20220823_033000.WAV,Telephone Field,recover-20220825,002,1795
182.2035,182.2371,68437,80663,Rhinolophus ferrumequinum,0.022,0.022,-1,Echolocation,/mnt/ubna_data_01_mir/recover-20220825/UBNA_002/20220823_033000.WAV,Telephone Field,recover-20220825,002,1795
182.2105,182.247,68437,81812,Rhinolophus ferrumequinum,0.022,0.022,-1,Echolocation,/mnt/ubna_data_01_mir/recover-20220825/UBNA_002/20220823_033000.WAV,Telephone Field,recover-20220825,002,1795
182.2245,182.2349,23750,30192,Nyctalus leisleri,0.01,0.028,-1,Echolocation,/mnt/ubna_data_01_mir/recover-20220825/UBNA_002/20220823_033000.WAV,Telephone Field,recover-20220825,002,1795
182.2415,182.2777,68437,81374,Rhinolophus ferrumequinum,0.02,0.02,-1,Echolocation,/mnt/ubna_data_01_mir/recover-20220825/UBNA_002/20220823_033000.WAV,Telephone Field,recover-20220825,002,1795
182.2445,182.2527,24609,33237,Eptesicus serotinus,0.007,0.026,-1,Echolocation,/mnt/ubna_data_01_mir/recover-20220825/UBNA_002/20220823_033000.WAV,Telephone Field,recover-20220825,002,1795
182.2625,182.301,68437,81673,Rhinolophus ferrumequinum,0.021,0.021,-1,Echolocation,/mnt/ubna_data_01_mir/recover-20220825/UBNA_002/20220823_033000.WAV,Telephone Field,recover-20220825,002,1795
182.2855,182.297,23750,29190,Nyctalus leisleri,0.014,0.03,-1,Echolocation,/mnt/ubna_data_01_mir/recover-20220825/UBNA_002/20220823_033000.WAV,Telephone Field,recover-20220825,002,1795
182.2855,182.3242,68437,81866,Rhinolophus ferrumequinum,0.023,0.023,-1,Echolocation,/mnt/ubna_data_01_mir/recover-20220825/UBNA_002/20220823_033000.WAV,Telephone Field,recover-20220825,002,1795
182.3075,182.3171,28046,36296,Eptesicus serotinus,0.009,0.02,-1,Echolocation,/mnt/ubna_data_01_mir/recover-20220825/UBNA_002/20220823_033000.WAV,Telephone Field,recover-20220825,002,1795
182.3115,182.3473,68437,80820,Rhinolophus ferrumequinum,0.02,0.021,-1,Echolocation,/mnt/ubna_data_01_mir/recover-20220825/UBNA_002/20220823_033000.WAV,Telephone Field,recover-20220825,002,1795
182.3265,182.3417,24609,29469,Nyctalus leisleri,0.02,0.048,-1,Echolocation,/mnt/ubna_data_01_mir/recover-20220825/UBNA_002/20220823_033000.WAV,Telephone Field,recover-20220825,002,1795
182.3305,182.3701,68437,82069,Rhinolophus ferrumequinum,0.024,0.024,-1,Echolocation,/mnt/ubna_data_01_mir/recover-20220825/UBNA_002/20220823_033000.WAV,Telephone Field,recover-20220825,002,1795
182.3475,182.3557,28046,39787,Eptesicus serotinus,0.007,0.02,-1,Echolocation,/mnt/ubna_data_01_mir/recover-20220825/UBNA_002/20220823_033000.WAV,Telephone Field,recover-20220825,002,1795
182.3565,182.3645,28046,38967,Eptesicus serotinus,0.007,0.021,-1,Echolocation,/mnt/ubna_data_01_mir/recover-20220825/UBNA_002/20220823_033000.WAV,Telephone Field,recover-20220825,002,1795
182.3675,182.4076,68437,82133,Rhinolophus ferrumequinum,0.023,0.023,-1,Echolocation,/mnt/ubna_data_01_mir/recover-20220825/UBNA_002/20220823_033000.WAV,Telephone Field,recover-20220825,002,1795
182.3885,182.402,22890,27883,Nyctalus leisleri,0.011,0.023,-1,Echolocation,/mnt/ubna_data_01_mir/recover-20220825/UBNA_002/20220823_033000.WAV,Telephone Field,recover-20220825,002,1795
182.4205,182.4585,68437,81783,Rhinolophus ferrumequinum,0.02,0.02,-1,Echolocation,/mnt/ubna_data_01_mir/recover-20220825/UBNA_002/20220823_033000.WAV,Telephone Field,recover-20220825,002,1795
182.4235,182.4311,26328,36878,Eptesicus serotinus,0.014,0.04,-1,Echolocation,/mnt/ubna_data_01_mir/recover-20220825/UBNA_002/20220823_033000.WAV,Telephone Field,recover-20220825,002,1795
182.4475,182.4915,68437,83351,Rhinolophus ferrumequinum,0.033,0.033,-1,Echolocation,/mnt/ubna_data_01_mir/recover-20220825/UBNA_002/20220823_033000.WAV,Telephone Field,recover-20220825,002,1795
182.4845,182.4923,28046,39716,Eptesicus serotinus,0.007,0.02,-1,Echolocation,/mnt/ubna_data_01_mir/recover-20220825/UBNA_002/20220823_033000.WAV,Telephone Field,recover-20220825,002,1795
182.4855,182.5235,68437,81749,Rhinolophus ferrumequinum,0.022,0.022,-1,Echolocation,/mnt/ubna_data_01_mir/recover-20220825/UBNA_002/20220823_033000.WAV,Telephone Field,recover-20220825,002,1795
182.5035,182.5418,68437,81961,Rhinolophus ferrumequinum,0.023,0.023,-1,Echolocation,/mnt/ubna_data_01_mir/recover-20220825/UBNA_002/20220823_033000.WAV,Telephone Field,recover-20220825,002,1795
182.5265,182.537,28906,35832,Eptesicus serotinus,0.018,0.034,-1,Echolocation,/mnt/ubna_data_01_mir/recover-20220825/UBNA_002/20220823_033000.WAV,Telephone Field,recover-20220825,002,1795
182.5735,182.6127,68437,81712,Rhinolophus ferrumequinum,0.024,0.024,-1,Echolocation,/mnt/ubna_data_01_mir/recover-20220825/UBNA_002/20220823_033000.WAV,Telephone Field,recover-20220825,002,1795
182.6105,182.6509,68437,82474,Rhinolophus ferrumequinum,0.02,0.02,-1,Echolocation,/mnt/ubna_data_01_mir/recover-20220825/UBNA_002/20220823_033000.WAV,Telephone Field,recover-20220825,002,1795
182.6325,182.6752,68437,83017,Rhinolophus ferrumequinum,0.033,0.033,-1,Echolocation,/mnt/ubna_data_01_mir/recover-20220825/UBNA_002/20220823_033000.WAV,Telephone Field,recover-20220825,002,1795
182.6375,182.6471,28906,35968,Eptesicus serotinus,0.007,0.02,-1,Echolocation,/mnt/ubna_data_01_mir/recover-20220825/UBNA_002/20220823_033000.WAV,Telephone Field,recover-20220825,002,1795
182.6555,182.6649,26328,33949,Eptesicus serotinus,0.009,0.02,-1,Echolocation,/mnt/ubna_data_01_mir/recover-20220825/UBNA_002/20220823_033000.WAV,Telephone Field,recover-20220825,002,1795
182.6635,182.703,68437,82710,Rhinolophus ferrumequinum,0.034,0.034,-1,Echolocation,/mnt/ubna_data_01_mir/recover-20220825/UBNA_002/20220823_033000.WAV,Telephone Field,recover-20220825,002,1795
182.6875,182.7276,68437,82017,Rhinolophus ferrumequinum,0.023,0.023,-1,Echolocation,/mnt/ubna_data_01_mir/recover-20220825/UBNA_002/20220823_033000.WAV,Telephone Field,recover-20220825,002,1795
182.6925,182.7033,28906,36187,Eptesicus serotinus,0.039,0.06,-1,Echolocation,/mnt/ubna_data_01_mir/recover-20220825/UBNA_002/20220823_033000.WAV,Telephone Field,recover-20220825,002,1795
182.7015,182.7396,68437,81513,Rhinolophus ferrumequinum,0.021,0.021,-1,Echolocation,/mnt/ubna_data_01_mir/recover-20220825/UBNA_002/20220823_033000.WAV,Telephone Field,recover-20220825,002,1795
182.7145,182.7504,68437,81585,Rhinolophus ferrumequinum,0.023,0.023,-1,Echolocation,/mnt/ubna_data_01_mir/recover-20220825/UBNA_002/20220823_033000.WAV,Telephone Field,recover-20220825,002,1795
182.7285,182.7678,68437,81799,Rhinolophus ferrumequinum,0.021,0.021,-1,Echolocation,/mnt/ubna_data_01_mir/recover-20220825/UBNA_002/20220823_033000.WAV,Telephone Field,recover-20220825,002,1795
182.7545,182.7886,68437,81127,Rhinolophus ferrumequinum,0.02,0.02,-1,Echolocation,/mnt/ubna_data_01_mir/recover-20220825/UBNA_002/20220823_033000.WAV,Telephone Field,recover-20220825,002,1795
182.7625,182.8008,68437,82312,Rhinolophus ferrumequinum,0.021,0.021,-1,Echolocation,/mnt/ubna_data_01_mir/recover-20220825/UBNA_002/20220823_033000.WAV,Telephone Field,recover-20220825,002,1795
182.7675,182.8067,68437,82095,Rhinolophus ferrumequinum,0.021,0.021,-1,Echolocation,/mnt/ubna_data_01_mir/recover-20220825/UBNA_002/20220823_033000.WAV,Telephone Field,recover-20220825,002,1795
182.7975,182.8055,26328,39231,Eptesicus serotinus,0.006,0.02,-1,Echolocation,/mnt/ubna_data_01_mir/recover-20220825/UBNA_002/20220823_033000.WAV,Telephone Field,recover-20220825,002,1795
182.8265,182.8667,68437,82260,Rhinolophus ferrumequinum,0.026,0.026,-1,Echolocation,/mnt/ubna_data_01_mir/recover-20220825/UBNA_002/20220823_033000.WAV,Telephone Field,recover-20220825,002,1795
182.8475,182.889,68437,82722,Rhinolophus ferrumequinum,0.024,0.024,-1,Echolocation,/mnt/ubna_data_01_mir/recover-20220825/UBNA_002/20220823_033000.WAV,Telephone Field,recover-20220825,002,1795
182.8635,182.9016,68437,81394,Rhinolophus ferrumequinum,0.02,0.021,-1,Echolocation,/mnt/ubna_data_01_mir/recover-20220825/UBNA_002/20220823_033000.WAV,Telephone Field,recover-20220825,002,1795
182.8675,182.8758,28046,39316,Eptesicus serotinus,0.007,0.02,-1,Echolocation,/mnt/ubna_data_01_mir/recover-20220825/UBNA_002/20220823_033000.WAV,Telephone Field,recover-20220825,002,1795
182.8875,182.9303,68437,82950,Rhinolophus ferrumequinum,0.022,0.022,-1,Echolocation,/mnt/ubna_data_01_mir/recover-20220825/UBNA_002/20220823_033000.WAV,Telephone Field,recover-20220825,002,1795
182.8885,182.8965,45234,52687,Pipistrellus pipistrellus,0.015,0.021,-1,Echolocation,/mnt/ubna_data_01_mir/recover-20220825/UBNA_002/20220823_033000.WAV,Telephone Field,recover-20220825,002,1795
182.8995,182.9406,68437,82859,Rhinolophus ferrumequinum,0.023,0.023,-1,Echolocation,/mnt/ubna_data_01_mir/recover-20220825/UBNA_002/20220823_033000.WAV,Telephone Field,recover-20220825,002,1795
182.9265,182.9684,68437,82979,Rhinolophus ferrumequinum,0.034,0.034,-1,Echolocation,/mnt/ubna_data_01_mir/recover-20220825/UBNA_002/20220823_033000.WAV,Telephone Field,recover-20220825,002,1795
182.9475,182.9859,68437,82103,Rhinolophus ferrumequinum,0.021,0.021,-1,Echolocation,/mnt/ubna_data_01_mir/recover-20220825/UBNA_002/20220823_033000.WAV,Telephone Field,recover-20220825,002,1795
182.9795,183.0193,68437,82062,Rhinolophus ferrumequinum,0.02,0.02,-1,Echolocation,/mnt/ubna_data_01_mir/recover-20220825/UBNA_002/20220823_033000.WAV,Telephone Field,recover-20220825,002,1795
183.0165,183.0276,27187,33907,Eptesicus serotinus,0.028,0.048,-1,Echolocation,/mnt/ubna_data_01_mir/recover-20220825/UBNA_002/20220823_033000.WAV,Telephone Field,recover-20220825,002,1795
183.0385,183.0484,23750,28897,Nyctalus leisleri,0.01,0.021,-1,Echolocation,/mnt/ubna_data_01_mir/recover-20220825/UBNA_002/20220823_033000.WAV,Telephone Field,recover-20220825,002,1795
183.0655,183.1031,68437,82076,Rhinolophus ferrumequinum,0.02,0.02,-1,Echolocation,/mnt/ubna_data_01_mir/recover-20220825/UBNA_002/20220823_033000.WAV,Telephone Field,recover-20220825,002,1795
183.0675,183.0748,28906,40464,Eptesicus serotinus,0.007,0.026,-1,Echolocation,/mnt/ubna_data_01_mir/recover-20220825/UBNA_002/20220823_033000.WAV,Telephone Field,recover-20220825,002,1795
183.0805,183.1178,68437,81582,Rhinolophus ferrumequinum,0.021,0.021,-1,Echolocation,/mnt/ubna_data_01_mir/recover-20220825/UBNA_002/20220823_033000.WAV,Telephone Field,recover-20220825,002,1795
183.1165,183.1608,68437,83153,Rhinolophus ferrumequinum,0.031,0.031,-1,Echolocation,/mnt/ubna_data_01_mir/recover-20220825/UBNA_002/20220823_033000.WAV,Telephone Field,recover-20220825,002,1795
183.1175,183.1278,23750,29310,Nyctalus leisleri,0.009,0.022,-1,Echolocation,/mnt/ubna_data_01_mir/recover-20220825/UBNA_002/20220823_033000.WAV,Telephone Field,recover-20220825,002,1795
183.1335,183.171,68437,81503,Rhinolophus ferrumequinum,0.02,0.02,-1,Echolocation,/mnt/ubna_data_01_mir/recover-20220825/UBNA_002/20220823_033000.WAV,Telephone Field,recover-20220825,002,1795
183.1355,183.1459,22890,28466,Nyctalus leisleri,0.009,0.021,-1,Echolocation,/mnt/ubna_data_01_mir/recover-20220825/UBNA_002/20220823_033000.WAV,Telephone Field,recover-20220825,002,1795
183.1585,183.1978,68437,82291,Rhinolophus ferrumequinum,0.022,0.022,-1,Echolocation,/mnt/ubna_data_01_mir/recover-20220825/UBNA_002/20220823_033000.WAV,Telephone Field,recover-20220825,002,1795
183.1805,183.2186,68437,82522,Rhinolophus ferrumequinum,0.033,0.034,-1,Echolocation,/mnt/ubna_data_01_mir/recover-20220825/UBNA_002/20220823_033000.WAV,Telephone Field,recover-20220825,002,1795
183.1825,183.1908,26328,34048,Eptesicus serotinus,0.008,0.021,-1,Echolocation,/mnt/ubna_data_01_mir/recover-20220825/UBNA_002/20220823_033000.WAV,Telephone Field,recover-20220825,002,1795
183.2425,183.281,68437,81633,Rhinolophus ferrumequinum,0.023,0.023,-1,Echolocation,/mnt/ubna_data_01_mir/recover-20220825/UBNA_002/20220823_033000.WAV,Telephone Field,recover-20220825,002,1795
183.2755,183.3132,68437,82309,Rhinolophus ferrumequinum,0.022,0.022,-1,Echolocation,/mnt/ubna_data_01_mir/recover-20220825/UBNA_002/20220823_033000.WAV,Telephone Field,recover-20220825,002,1795
183.2925,183.3354,68437,82989,Rhinolophus ferrumequinum,0.026,0.026,-1,Echolocation,/mnt/ubna_data_01_mir/recover-20220825/UBNA_002/20220823_033000.WAV,Telephone Field,recover-20220825,002,1795
183.3195,183.3266,28906,38584,Eptesicus serotinus,0.007,0.022,-1,Echolocation,/mnt/ubna_data_01_mir/recover-20220825/UBNA_002/20220823_033000.WAV,Telephone Field,recover-20220825,002,1795
183.3245,183.364,68437,82305,Rhinolophus ferrumequinum,0.024,0.024,-1,Echolocation,/mnt/ubna_data_01_mir/recover-20220825/UBNA_002/20220823_033000.WAV,Telephone Field,recover-20220825,002,1795
183.3845,183.4245,68437,82471,Rhinolophus ferrumequinum,0.022,0.022,-1,Echolocation,/mnt/ubna_data_01_mir/recover-20220825/UBNA_002/20220823_033000.WAV,Telephone Field,recover-20220825,002,1795
183.3875,183.3959,28906,39678,Eptesicus serotinus,0.008,0.024,-1,Echolocation,/mnt/ubna_data_01_mir/recover-20220825/UBNA_002/20220823_033000.WAV,Telephone Field,recover-20220825,002,1795
183.4135,183.4514,68437,82000,Rhinolophus ferrumequinum,0.021,0.021,-1,Echolocation,/mnt/ubna_data_01_mir/recover-20220825/UBNA_002/20220823_033000.WAV,Telephone Field,recover-20220825,002,1795
183.4345,183.4704,68437,81121,Rhinolophus ferrumequinum,0.02,0.02,-1,Echolocation,/mnt/ubna_data_01_mir/recover-20220825/UBNA_002/20220823_033000.WAV,Telephone Field,recover-20220825,002,1795
183.4535,183.4919,68437,82520,Rhinolophus ferrumequinum,0.024,0.025,-1,Echolocation,/mnt/ubna_data_01_mir/recover-20220825/UBNA_002/20220823_033000.WAV,Telephone Field,recover-20220825,002,1795
183.4605,183.5002,68437,82271,Rhinolophus ferrumequinum,0.024,0.024,-1,Echolocation,/mnt/ubna_data_01_mir/recover-20220825/UBNA_002/20220823_033000.WAV,Telephone Field,recover-20220825,002,1795
183.4685,183.4762,27187,40558,Eptesicus serotinus,0.007,0.02,-1,Echolocation,/mnt/ubna_data_01_mir/recover-20220825/UBNA_002/20220823_033000.WAV,Telephone Field,recover-20220825,002,1795
183.4885,183.529,68437,82964,Rhinolophus ferrumequinum,0.029,0.029,-1,Echolocation,/mnt/ubna_data_01_mir/recover-20220825/UBNA_002/20220823_033000.WAV,Telephone Field,recover-20220825,002,1795
183.5075,183.5469,68437,82126,Rhinolophus ferrumequinum,0.023,0.023,-1,Echolocation,/mnt/ubna_data_01_mir/recover-20220825/UBNA_002/20220823_033000.WAV,Telephone Field,recover-20220825,002,1795
183.5155,183.5319,20312,24388,Nyctalus leisleri,0.015,0.032,-1,Echolocation,/mnt/ubna_data_01_mir/recover-20220825/UBNA_002/20220823_033000.WAV,Telephone Field,recover-20220825,002,1795
183.5285,183.5696,68437,82687,Rhinolophus ferrumequinum,0.032,0.033,-1,Echolocation,/mnt/ubna_data_01_mir/recover-20220825/UBNA_002/20220823_033000.WAV,Telephone Field,recover-20220825,002,1795
183.5495,183.5638,25468,29683,Nyctalus leisleri,0.029,0.069,-1,Echolocation,/mnt/ubna_data_01_mir/recover-20220825/UBNA_002/20220823_033000.WAV,Telephone Field,recover-20220825,002,1795
183.5595,183.599,68437,82673,Rhinolophus ferrumequinum,0.023,0.023,-1,Echolocation,/mnt/ubna_data_01_mir/recover-20220825/UBNA_002/20220823_033000.WAV,Telephone Field,recover-20220825,002,1795
183.5805,183.6188,68437,81353,Rhinolophus ferrumequinum,0.022,0.022,-1,Echolocation,/mnt/ubna_data_01_mir/recover-20220825/UBNA_002/20220823_033000.WAV,Telephone Field,recover-20220825,002,1795
183.6035,183.6119,25468,33350,Eptesicus serotinus,0.007,0.022,-1,Echolocation,/mnt/ubna_data_01_mir/recover-20220825/UBNA_002/20220823_033000.WAV,Telephone Field,recover-20220825,002,1795
183.6035,183.6402,68437,81600,Rhinolophus ferrumequinum,0.021,0.021,-1,Echolocation,/mnt/ubna_data_01_mir/recover-20220825/UBNA_002/20220823_033000.WAV,Telephone Field,recover-20220825,002,1795
183.6635,183.7016,68437,82145,Rhinolophus ferrumequinum,0.021,0.021,-1,Echolocation,/mnt/ubna_data_01_mir/recover-20220825/UBNA_002/20220823_033000.WAV,Telephone Field,recover-20220825,002,1795
183.6695,183.7114,68437,82382,Rhinolophus ferrumequinum,0.022,0.022,-1,Echolocation,/mnt/ubna_data_01_mir/recover-20220825/UBNA_002/20220823_033000.WAV,Telephone Field,recover-20220825,002,1795
183.6975,183.7347,68437,81546,Rhinolophus ferrumequinum,0.021,0.021,-1,Echolocation,/mnt/ubna_data_01_mir/recover-20220825/UBNA_002/20220823_033000.WAV,Telephone Field,recover-20220825,002,1795
183.7185,183.7562,68437,81843,Rhinolophus ferrumequinum,0.02,0.02,-1,Echolocation,/mnt/ubna_data_01_mir/recover-20220825/UBNA_002/20220823_033000.WAV,Telephone Field,recover-20220825,002,1795
183.7335,183.7747,68437,82823,Rhinolophus ferrumequinum,0.028,0.028,-1,Echolocation,/mnt/ubna_data_01_mir/recover-20220825/UBNA_002/20220823_033000.WAV,Telephone Field,recover-20220825,002,1795
183.7685,183.8112,68437,82812,Rhinolophus ferrumequinum,0.026,0.026,-1,Echolocation,/mnt/ubna_data_01_mir/recover-20220825/UBNA_002/20220823_033000.WAV,Telephone Field,recover-20220825,002,1795
183.7715,183.7814,24609,31585,Nyctalus leisleri,0.008,0.023,-1,Echolocation,/mnt/ubna_data_01_mir/recover-20220825/UBNA_002/20220823_033000.WAV,Telephone Field,recover-20220825,002,1795
183.7955,183.8329,68437,82311,Rhinolophus ferrumequinum,0.025,0.025,-1,Echolocation,/mnt/ubna_data_01_mir/recover-20220825/UBNA_002/20220823_033000.WAV,Telephone Field,recover-20220825,002,1795
183.8245,183.8614,68437,81670,Rhinolophus ferrumequinum,0.02,0.02,-1,Echolocation,/mnt/ubna_data_01_mir/recover-20220825/UBNA_002/20220823_033000.WAV,Telephone Field,recover-20220825,002,1795
183.8385,183.8799,68437,82549,Rhinolophus ferrumequinum,0.025,0.025,-1,Echolocation,/mnt/ubna_data_01_mir/recover-20220825/UBNA_002/20220823_033000.WAV,Telephone Field,recover-20220825,002,1795
183.8655,183.903,68437,81929,Rhinolophus ferrumequinum,0.024,0.024,-1,Echolocation,/mnt/ubna_data_01_mir/recover-20220825/UBNA_002/20220823_033000.WAV,Telephone Field,recover-20220825,002,1795
183.8665,183.8758,28906,37258,Eptesicus serotinus,0.008,0.02,-1,Echolocation,/mnt/ubna_data_01_mir/recover-20220825/UBNA_002/20220823_033000.WAV,Telephone Field,recover-20220825,002,1795
183.8845,183.9264,68437,82821,Rhinolophus ferrumequinum,0.022,0.022,-1,Echolocation,/mnt/ubna_data_01_mir/recover-20220825/UBNA_002/20220823_033000.WAV,Telephone Field,recover-20220825,002,1795
183.8855,183.8962,28046,35877,Eptesicus serotinus,0.011,0.024,-1,Echolocation,/mnt/ubna_data_01_mir/recover-20220825/UBNA_002/20220823_033000.WAV,Telephone Field,recover-20220825,002,1795
183.8945,183.9051,24609,30633,Nyctalus leisleri,0.009,0.023,-1,Echolocation,/mnt/ubna_data_01_mir/recover-20220825/UBNA_002/20220823_033000.WAV,Telephone Field,recover-20220825,002,1795
183.9045,183.922,20312,23581,Nyctalus leisleri,0.011,0.022,-1,Echolocation,/mnt/ubna_data_01_mir/recover-20220825/UBNA_002/20220823_033000.WAV,Telephone Field,recover-20220825,002,1795
183.9095,183.9453,68437,80916,Rhinolophus ferrumequinum,0.02,0.02,-1,Echolocation,/mnt/ubna_data_01_mir/recover-20220825/UBNA_002/20220823_033000.WAV,Telephone Field,recover-20220825,002,1795
183.9155,183.9265,22890,27067,Nyctalus leisleri,0.013,0.023,-1,Echolocation,/mnt/ubna_data_01_mir/recover-20220825/UBNA_002/20220823_033000.WAV,Telephone Field,recover-20220825,002,1795
183.9175,183.9324,56406,61800,Pipistrellus pygmaeus,0.02,0.021,-1,Echolocation,/mnt/ubna_data_01_mir/recover-20220825/UBNA_002/20220823_033000.WAV,Telephone Field,recover-20220825,002,1795
183.9525,183.9942,68437,82537,Rhinolophus ferrumequinum,0.03,0.03,-1,Echolocation,/mnt/ubna_data_01_mir/recover-20220825/UBNA_002/20220823_033000.WAV,Telephone Field,recover-20220825,002,1795
183.9645,183.9734,28046,35758,Eptesicus serotinus,0.009,0.022,-1,Echolocation,/mnt/ubna_data_01_mir/recover-20220825/UBNA_002/20220823_033000.WAV,Telephone Field,recover-20220825,002,1795
184.0015,184.011,47812,52391,Pipistrellus pipistrellus,0.022,0.029,-1,Echolocation,/mnt/ubna_data_01_mir/recover-20220825/UBNA_002/20220823_033000.WAV,Telephone Field,recover-20220825,002,1795
184.0015,184.0087,25468,36548,Nyctalus leisleri,0.007,0.03,-1,Echolocation,/mnt/ubna_data_01_mir/recover-20220825/UBNA_002/20220823_033000.WAV,Telephone Field,recover-20220825,002,1795
184.0015,184.0332,68437,80683,Rhinolophus ferrumequinum,0.037,0.037,-1,Echolocation,/mnt/ubna_data_01_mir/recover-20220825/UBNA_002/20220823_033000.WAV,Telephone Field,recover-20220825,002,1795
184.0245,184.035,28906,37660,Eptesicus serotinus,0.01,0.024,-1,Echolocation,/mnt/ubna_data_01_mir/recover-20220825/UBNA_002/20220823_033000.WAV,Telephone Field,recover-20220825,002,1795
184.0495,184.0584,28046,36537,Eptesicus serotinus,0.011,0.026,-1,Echolocation,/mnt/ubna_data_01_mir/recover-20220825/UBNA_002/20220823_033000.WAV,Telephone Field,recover-20220825,002,1795
184.0695,184.1069,68437,81838,Rhinolophus ferrumequinum,0.026,0.026,-1,Echolocation,/mnt/ubna_data_01_mir/recover-20220825/UBNA_002/20220823_033000.WAV,Telephone Field,recover-20220825,002,1795
184.0995,184.1341,68437,81444,Rhinolophus ferrumequinum,0.023,0.023,-1,Echolocation,/mnt/ubna_data_01_mir/recover-20220825/UBNA_002/20220823_033000.WAV,Telephone Field,recover-20220825,002,1795
184.1145,184.1553,68437,82318,Rhinolophus ferrumequinum,0.028,0.028,-1,Echolocation,/mnt/ubna_data_01_mir/recover-20220825/UBNA_002/20220823_033000.WAV,Telephone Field,recover-20220825,002,1795
184.1375,184.1463,22890,30487,Plecotus austriacus,0.022,0.05,-1,Echolocation,/mnt/ubna_data_01_mir/recover-20220825/UBNA_002/20220823_033000.WAV,Telephone Field,recover-20220825,002,1795
184.1855,184.1962,23750,28880,Nyctalus leisleri,0.01,0.022,-1,Echolocation,/mnt/ubna_data_01_mir/recover-20220825/UBNA_002/20220823_033000.WAV,Telephone Field,recover-20220825,002,1795
184.2085,184.2471,68437,81482,Rhinolophus ferrumequinum,0.021,0.021,-1,Echolocation,/mnt/ubna_data_01_mir/recover-20220825/UBNA_002/20220823_033000.WAV,Telephone Field,recover-20220825,002,1795
184.2445,184.2788,68437,81457,Rhinolophus ferrumequinum,0.021,0.021,-1,Echolocation,/mnt/ubna_data_01_mir/recover-20220825/UBNA_002/20220823_033000.WAV,Telephone Field,recover-20220825,002,1795
184.2705,184.3109,68437,82185,Rhinolophus ferrumequinum,0.022,0.022,-1,Echolocation,/mnt/ubna_data_01_mir/recover-20220825/UBNA_002/20220823_033000.WAV,Telephone Field,recover-20220825,002,1795
184.2735,184.2819,44375,54440,Pipistrellus pipistrellus,0.013,0.022,-1,Echolocation,/mnt/ubna_data_01_mir/recover-20220825/UBNA_002/20220823_033000.WAV,Telephone Field,recover-20220825,002,1795
184.3005,184.33859999999999,68437,81984,Rhinolophus ferrumequinum,0.022,0.022,-1,Echolocation,/mnt/ubna_data_01_mir/recover-20220825/UBNA_002/20220823_033000.WAV,Telephone Field,recover-20220825,002,1795
184.3115,184.3178,27187,47853,Eptesicus serotinus,0.006,0.024,-1,Echolocation,/mnt/ubna_data_01_mir/recover-20220825/UBNA_002/20220823_033000.WAV,Telephone Field,recover-20220825,002,1795
184.3355,184.3725,68437,81729,Rhinolophus ferrumequinum,0.023,0.023,-1,Echolocation,/mnt/ubna_data_01_mir/recover-20220825/UBNA_002/20220823_033000.WAV,Telephone Field,recover-20220825,002,1795
184.3415,184.3773,68437,81453,Rhinolophus ferrumequinum,0.022,0.022,-1,Echolocation,/mnt/ubna_data_01_mir/recover-20220825/UBNA_002/20220823_033000.WAV,Telephone Field,recover-20220825,002,1795
184.3435,184.3494,25468,36009,Plecotus austriacus,0.012,0.029,-1,Echolocation,/mnt/ubna_data_01_mir/recover-20220825/UBNA_002/20220823_033000.WAV,Telephone Field,recover-20220825,002,1795
184.3825,184.3909,26328,35301,Eptesicus serotinus,0.008,0.026,-1,Echolocation,/mnt/ubna_data_01_mir/recover-20220825/UBNA_002/20220823_033000.WAV,Telephone Field,recover-20220825,002,1795
184.4015,184.4392,68437,82165,Rhinolophus ferrumequinum,0.023,0.023,-1,Echolocation,/mnt/ubna_data_01_mir/recover-20220825/UBNA_002/20220823_033000.WAV,Telephone Field,recover-20220825,002,1795
184.4165,184.4269,23750,28866,Nyctalus leisleri,0.011,0.024,-1,Echolocation,/mnt/ubna_data_01_mir/recover-20220825/UBNA_002/20220823_033000.WAV,Telephone Field,recover-20220825,002,1795
184.4835,184.5219,68437,81968,Rhinolophus ferrumequinum,0.023,0.023,-1,Echolocation,/mnt/ubna_data_01_mir/recover-20220825/UBNA_002/20220823_033000.WAV,Telephone Field,recover-20220825,002,1795
184.5075,184.5264,65859,74092,Pipistrellus pygmaeus,0.029,0.031,-1,Echolocation,/mnt/ubna_data_01_mir/recover-20220825/UBNA_002/20220823_033000.WAV,Telephone Field,recover-20220825,002,1795
184.5515,184.5868,68437,80890,Rhinolophus ferrumequinum,0.03,0.03,-1,Echolocation,/mnt/ubna_data_01_mir/recover-20220825/UBNA_002/20220823_033000.WAV,Telephone Field,recover-20220825,002,1795
184.5875,184.6314,68437,82655,Rhinolophus ferrumequinum,0.039,0.039,-1,Echolocation,/mnt/ubna_data_01_mir/recover-20220825/UBNA_002/20220823_033000.WAV,Telephone Field,recover-20220825,002,1795
184.5905,184.5971,29765,47501,Myotis daubentonii,0.015,0.036,-1,Echolocation,/mnt/ubna_data_01_mir/recover-20220825/UBNA_002/20220823_033000.WAV,Telephone Field,recover-20220825,002,1795
184.6055,184.6172,36640,40859,Pipistrellus nathusii,0.012,0.022,-1,Echolocation,/mnt/ubna_data_01_mir/recover-20220825/UBNA_002/20220823_033000.WAV,Telephone Field,recover-20220825,002,1795
184.6515,184.6627,28046,35844,Eptesicus serotinus,0.027,0.045,-1,Echolocation,/mnt/ubna_data_01_mir/recover-20220825/UBNA_002/20220823_033000.WAV,Telephone Field,recover-20220825,002,1795
184.6715,184.7107,68437,82126,Rhinolophus ferrumequinum,0.023,0.023,-1,Echolocation,/mnt/ubna_data_01_mir/recover-20220825/UBNA_002/20220823_033000.WAV,Telephone Field,recover-20220825,002,1795
184.6835,184.6937,23750,30646,Nyctalus leisleri,0.011,0.028,-1,Echolocation,/mnt/ubna_data_01_mir/recover-20220825/UBNA_002/20220823_033000.WAV,Telephone Field,recover-20220825,002,1795
184.6995,184.7384,68437,82564,Rhinolophus ferrumequinum,0.023,0.023,-1,Echolocation,/mnt/ubna_data_01_mir/recover-20220825/UBNA_002/20220823_033000.WAV,Telephone Field,recover-20220825,002,1795
184.7285,184.7396,27187,33927,Eptesicus serotinus,0.013,0.025,-1,Echolocation,/mnt/ubna_data_01_mir/recover-20220825/UBNA_002/20220823_033000.WAV,Telephone Field,recover-20220825,002,1795
184.7725,184.8156,68437,83529,Rhinolophus ferrumequinum,0.03,0.03,-1,Echolocation,/mnt/ubna_data_01_mir/recover-20220825/UBNA_002/20220823_033000.WAV,Telephone Field,recover-20220825,002,1795
184.7775,184.7862,27187,37364,Eptesicus serotinus,0.008,0.022,-1,Echolocation,/mnt/ubna_data_01_mir/recover-20220825/UBNA_002/20220823_033000.WAV,Telephone Field,recover-20220825,002,1795
184.8225,184.8614,68437,82460,Rhinolophus ferrumequinum,0.025,0.025,-1,Echolocation,/mnt/ubna_data_01_mir/recover-20220825/UBNA_002/20220823_033000.WAV,Telephone Field,recover-20220825,002,1795
184.8255,184.8368,22890,27582,Nyctalus leisleri,0.012,0.023,-1,Echolocation,/mnt/ubna_data_01_mir/recover-20220825/UBNA_002/20220823_033000.WAV,Telephone Field,recover-20220825,002,1795
184.8465,184.8535,27187,41254,Eptesicus serotinus,0.007,0.026,-1,Echolocation,/mnt/ubna_data_01_mir/recover-20220825/UBNA_002/20220823_033000.WAV,Telephone Field,recover-20220825,002,1795
184.8585,184.8682,24609,30820,Nyctalus leisleri,0.008,0.022,-1,Echolocation,/mnt/ubna_data_01_mir/recover-20220825/UBNA_002/20220823_033000.WAV,Telephone Field,recover-20220825,002,1795
184.8715,184.908,68437,81919,Rhinolophus ferrumequinum,0.023,0.023,-1,Echolocation,/mnt/ubna_data_01_mir/recover-20220825/UBNA_002/20220823_033000.WAV,Telephone Field,recover-20220825,002,1795
184.9015,184.9404,68437,83077,Rhinolophus ferrumequinum,0.029,0.029,-1,Echolocation,/mnt/ubna_data_01_mir/recover-20220825/UBNA_002/20220823_033000.WAV,Telephone Field,recover-20220825,002,1795
184.9125,184.9221,14296,23201,Plecotus auritus,0.01,0.021,-1,Echolocation,/mnt/ubna_data_01_mir/recover-20220825/UBNA_002/20220823_033000.WAV,Telephone Field,recover-20220825,002,1795
184.9475,184.9884,68437,83502,Rhinolophus ferrumequinum,0.03,0.03,-1,Echolocation,/mnt/ubna_data_01_mir/recover-20220825/UBNA_002/20220823_033000.WAV,Telephone Field,recover-20220825,002,1795
184.9535,184.9625,27187,37005,Eptesicus serotinus,0.014,0.032,-1,Echolocation,/mnt/ubna_data_01_mir/recover-20220825/UBNA_002/20220823_033000.WAV,Telephone Field,recover-20220825,002,1795
184.9815,185.0228,68437,82241,Rhinolophus ferrumequinum,0.026,0.026,-1,Echolocation,/mnt/ubna_data_01_mir/recover-20220825/UBNA_002/20220823_033000.WAV,Telephone Field,recover-20220825,002,1795
184.9825,184.9926,22031,27390,Nyctalus leisleri,0.01,0.024,-1,Echolocation,/mnt/ubna_data_01_mir/recover-20220825/UBNA_002/20220823_033000.WAV,Telephone Field,recover-20220825,002,1795
185.0085,185.0446,68437,82372,Rhinolophus ferrumequinum,0.021,0.021,-1,Echolocation,/mnt/ubna_data_01_mir/recover-20220825/UBNA_002/20220823_033000.WAV,Telephone Field,recover-20220825,002,1795
185.0295,185.0628,68437,80989,Rhinolophus ferrumequinum,0.022,0.022,-1,Echolocation,/mnt/ubna_data_01_mir/recover-20220825/UBNA_002/20220823_033000.WAV,Telephone Field,recover-20220825,002,1795
185.0725,185.081,26328,35124,Eptesicus serotinus,0.01,0.028,-1,Echolocation,/mnt/ubna_data_01_mir/recover-20220825/UBNA_002/20220823_033000.WAV,Telephone Field,recover-20220825,002,1795
185.0895,185.1305,68437,83089,Rhinolophus ferrumequinum,0.022,0.022,-1,Echolocation,/mnt/ubna_data_01_mir/recover-20220825/UBNA_002/20220823_033000.WAV,Telephone Field,recover-20220825,002,1795
185.1145,185.1536,68437,82801,Rhinolophus ferrumequinum,0.027,0.027,-1,Echolocation,/mnt/ubna_data_01_mir/recover-20220825/UBNA_002/20220823_033000.WAV,Telephone Field,recover-20220825,002,1795
185.1175,185.1273,28046,38626,Eptesicus serotinus,0.02,0.037,-1,Echolocation,/mnt/ubna_data_01_mir/recover-20220825/UBNA_002/20220823_033000.WAV,Telephone Field,recover-20220825,002,1795
185.1695,185.208,68437,82383,Rhinolophus ferrumequinum,0.022,0.022,-1,Echolocation,/mnt/ubna_data_01_mir/recover-20220825/UBNA_002/20220823_033000.WAV,Telephone Field,recover-20220825,002,1795
185.2135,185.2234,28046,35699,Eptesicus serotinus,0.011,0.024,-1,Echolocation,/mnt/ubna_data_01_mir/recover-20220825/UBNA_002/20220823_033000.WAV,Telephone Field,recover-20220825,002,1795
185.2165,185.253,68437,81411,Rhinolophus ferrumequinum,0.025,0.026,-1,Echolocation,/mnt/ubna_data_01_mir/recover-20220825/UBNA_002/20220823_033000.WAV,Telephone Field,recover-20220825,002,1795
185.2775,185.3203,68437,83031,Rhinolophus ferrumequinum,0.029,0.029,-1,Echolocation,/mnt/ubna_data_01_mir/recover-20220825/UBNA_002/20220823_033000.WAV,Telephone Field,recover-20220825,002,1795
185.2815,185.2905,22890,29980,Plecotus austriacus,0.018,0.049,-1,Echolocation,/mnt/ubna_data_01_mir/recover-20220825/UBNA_002/20220823_033000.WAV,Telephone Field,recover-20220825,002,1795
185.2895,185.3266,68437,82378,Rhinolophus ferrumequinum,0.022,0.022,-1,Echolocation,/mnt/ubna_data_01_mir/recover-20220825/UBNA_002/20220823_033000.WAV,Telephone Field,recover-20220825,002,1795
185.3085,185.3485,68437,82814,Rhinolophus ferrumequinum,0.029,0.029,-1,Echolocation,/mnt/ubna_data_01_mir/recover-20220825/UBNA_002/20220823_033000.WAV,Telephone Field,recover-20220825,002,1795
185.3165,185.3595,68437,83615,Rhinolophus ferrumequinum,0.029,0.029,-1,Echolocation,/mnt/ubna_data_01_mir/recover-20220825/UBNA_002/20220823_033000.WAV,Telephone Field,recover-20220825,002,1795
185.32150000000001,185.3305,28906,42923,Eptesicus serotinus,0.011,0.027,-1,Echolocation,/mnt/ubna_data_01_mir/recover-20220825/UBNA_002/20220823_033000.WAV,Telephone Field,recover-20220825,002,1795
185.3875,185.4249,68437,81263,Rhinolophus ferrumequinum,0.022,0.022,-1,Echolocation,/mnt/ubna_data_01_mir/recover-20220825/UBNA_002/20220823_033000.WAV,Telephone Field,recover-20220825,002,1795
185.3925,185.4021,27187,36231,Eptesicus serotinus,0.009,0.022,-1,Echolocation,/mnt/ubna_data_01_mir/recover-20220825/UBNA_002/20220823_033000.WAV,Telephone Field,recover-20220825,002,1795
185.3935,185.4308,68437,82515,Rhinolophus ferrumequinum,0.022,0.022,-1,Echolocation,/mnt/ubna_data_01_mir/recover-20220825/UBNA_002/20220823_033000.WAV,Telephone Field,recover-20220825,002,1795
185.4205,185.4586,68437,82068,Rhinolophus ferrumequinum,0.026,0.026,-1,Echolocation,/mnt/ubna_data_01_mir/recover-20220825/UBNA_002/20220823_033000.WAV,Telephone Field,recover-20220825,002,1795
185.4435,185.4794,68437,81508,Rhinolophus ferrumequinum,0.021,0.022,-1,Echolocation,/mnt/ubna_data_01_mir/recover-20220825/UBNA_002/20220823_033000.WAV,Telephone Field,recover-20220825,002,1795
185.4595,185.469,28906,36709,Eptesicus serotinus,0.008,0.023,-1,Echolocation,/mnt/ubna_data_01_mir/recover-20220825/UBNA_002/20220823_033000.WAV,Telephone Field,recover-20220825,002,1795
185.5175,185.5513,68437,79996,Rhinolophus ferrumequinum,0.028,0.028,-1,Echolocation,/mnt/ubna_data_01_mir/recover-20220825/UBNA_002/20220823_033000.WAV,Telephone Field,recover-20220825,002,1795
185.5595,185.5677,26328,38071,Eptesicus serotinus,0.007,0.022,-1,Echolocation,/mnt/ubna_data_01_mir/recover-20220825/UBNA_002/20220823_033000.WAV,Telephone Field,recover-20220825,002,1795
185.5735,185.6127,68437,81880,Rhinolophus ferrumequinum,0.023,0.023,-1,Echolocation,/mnt/ubna_data_01_mir/recover-20220825/UBNA_002/20220823_033000.WAV,Telephone Field,recover-20220825,002,1795
185.5795,185.6185,68437,82029,Rhinolophus ferrumequinum,0.021,0.021,-1,Echolocation,/mnt/ubna_data_01_mir/recover-20220825/UBNA_002/20220823_033000.WAV,Telephone Field,recover-20220825,002,1795
185.5965,185.6364,68437,82241,Rhinolophus ferrumequinum,0.022,0.022,-1,Echolocation,/mnt/ubna_data_01_mir/recover-20220825/UBNA_002/20220823_033000.WAV,Telephone Field,recover-20220825,002,1795
185.6305,185.6699,68437,82610,Rhinolophus ferrumequinum,0.022,0.022,-1,Echolocation,/mnt/ubna_data_01_mir/recover-20220825/UBNA_002/20220823_033000.WAV,Telephone Field,recover-20220825,002,1795
185.6375,185.6772,68437,82214,Rhinolophus ferrumequinum,0.023,0.023,-1,Echolocation,/mnt/ubna_data_01_mir/recover-20220825/UBNA_002/20220823_033000.WAV,Telephone Field,recover-20220825,002,1795
185.6855,185.7258,68437,83004,Rhinolophus ferrumequinum,0.024,0.024,-1,Echolocation,/mnt/ubna_data_01_mir/recover-20220825/UBNA_002/20220823_033000.WAV,Telephone Field,recover-20220825,002,1795
185.6915,185.7101,19453,22474,Nyctalus leisleri,0.015,0.03,-1,Echolocation,/mnt/ubna_data_01_mir/recover-20220825/UBNA_002/20220823_033000.WAV,Telephone Field,recover-20220825,002,1795
185.6995,185.7079,28046,37831,Eptesicus serotinus,0.008,0.023,-1,Echolocation,/mnt/ubna_data_01_mir/recover-20220825/UBNA_002/20220823_033000.WAV,Telephone Field,recover-20220825,002,1795
185.7975,185.8346,68437,82095,Rhinolophus ferrumequinum,0.023,0.023,-1,Echolocation,/mnt/ubna_data_01_mir/recover-20220825/UBNA_002/20220823_033000.WAV,Telephone Field,recover-20220825,002,1795
185.8355,185.8443,52968,57829,Pipistrellus pygmaeus,0.02,0.025,-1,Echolocation,/mnt/ubna_data_01_mir/recover-20220825/UBNA_002/20220823_033000.WAV,Telephone Field,recover-20220825,002,1795
185.8395,185.8467,27187,37766,Eptesicus serotinus,0.009,0.027,-1,Echolocation,/mnt/ubna_data_01_mir/recover-20220825/UBNA_002/20220823_033000.WAV,Telephone Field,recover-20220825,002,1795
185.8815,185.9182,68437,81750,Rhinolophus ferrumequinum,0.025,0.025,-1,Echolocation,/mnt/ubna_data_01_mir/recover-20220825/UBNA_002/20220823_033000.WAV,Telephone Field,recover-20220825,002,1795
185.8945,185.9349,68437,81690,Rhinolophus ferrumequinum,0.023,0.023,-1,Echolocation,/mnt/ubna_data_01_mir/recover-20220825/UBNA_002/20220823_033000.WAV,Telephone Field,recover-20220825,002,1795
185.9025,185.9103,27187,38446,Eptesicus serotinus,0.007,0.022,-1,Echolocation,/mnt/ubna_data_01_mir/recover-20220825/UBNA_002/20220823_033000.WAV,Telephone Field,recover-20220825,002,1795
185.9395,185.9791,68437,82641,Rhinolophus ferrumequinum,0.022,0.022,-1,Echolocation,/mnt/ubna_data_01_mir/recover-20220825/UBNA_002/20220823_033000.WAV,Telephone Field,recover-20220825,002,1795
185.9565,185.9946,68437,81937,Rhinolophus ferrumequinum,0.023,0.023,-1,Echolocation,/mnt/ubna_data_01_mir/recover-20220825/UBNA_002/20220823_033000.WAV,Telephone Field,recover-20220825,002,1795
185.9865,185.9941,27187,40764,Eptesicus serotinus,0.008,0.026,-1,Echolocation,/mnt/ubna_data_01_mir/recover-20220825/UBNA_002/20220823_033000.WAV,Telephone Field,recover-20220825,002,1795
186.0015,186.014,22890,29026,Nyctalus leisleri,0.013,0.031,-1,Echolocation,/mnt/ubna_data_01_mir/recover-20220825/UBNA_002/20220823_033000.WAV,Telephone Field,recover-20220825,002,1795
186.0015,186.0313,69296,82713,Rhinolophus ferrumequinum,0.037,0.037,-1,Echolocation,/mnt/ubna_data_01_mir/recover-20220825/UBNA_002/20220823_033000.WAV,Telephone Field,recover-20220825,002,1795
186.0105,186.0203,24609,32652,Nyctalus leisleri,0.015,0.045,-1,Echolocation,/mnt/ubna_data_01_mir/recover-20220825/UBNA_002/20220823_033000.WAV,Telephone Field,recover-20220825,002,1795
186.0125,186.0546,68437,83283,Rhinolophus ferrumequinum,0.023,0.023,-1,Echolocation,/mnt/ubna_data_01_mir/recover-20220825/UBNA_002/20220823_033000.WAV,Telephone Field,recover-20220825,002,1795
186.0255,186.0643,68437,82108,Rhinolophus ferrumequinum,0.022,0.022,-1,Echolocation,/mnt/ubna_data_01_mir/recover-20220825/UBNA_002/20220823_033000.WAV,Telephone Field,recover-20220825,002,1795
186.0455,186.0814,68437,80709,Rhinolophus ferrumequinum,0.034,0.034,-1,Echolocation,/mnt/ubna_data_01_mir/recover-20220825/UBNA_002/20220823_033000.WAV,Telephone Field,recover-20220825,002,1795
186.0685,186.0767,28046,39426,Eptesicus serotinus,0.008,0.024,-1,Echolocation,/mnt/ubna_data_01_mir/recover-20220825/UBNA_002/20220823_033000.WAV,Telephone Field,recover-20220825,002,1795
186.0705,186.1115,68437,82593,Rhinolophus ferrumequinum,0.027,0.027,-1,Echolocation,/mnt/ubna_data_01_mir/recover-20220825/UBNA_002/20220823_033000.WAV,Telephone Field,recover-20220825,002,1795
186.0795,186.1184,68437,82488,Rhinolophus ferrumequinum,0.031,0.031,-1,Echolocation,/mnt/ubna_data_01_mir/recover-20220825/UBNA_002/20220823_033000.WAV,Telephone Field,recover-20220825,002,1795
186.0925,186.1346,68437,83055,Rhinolophus ferrumequinum,0.03,0.03,-1,Echolocation,/mnt/ubna_data_01_mir/recover-20220825/UBNA_002/20220823_033000.WAV,Telephone Field,recover-20220825,002,1795
186.1225,186.1318,28046,37238,Eptesicus serotinus,0.009,0.022,-1,Echolocation,/mnt/ubna_data_01_mir/recover-20220825/UBNA_002/20220823_033000.WAV,Telephone Field,recover-20220825,002,1795
186.1265,186.1682,68437,82723,Rhinolophus ferrumequinum,0.034,0.034,-1,Echolocation,/mnt/ubna_data_01_mir/recover-20220825/UBNA_002/20220823_033000.WAV,Telephone Field,recover-20220825,002,1795
186.1465,186.1892,68437,83279,Rhinolophus ferrumequinum,0.038,0.038,-1,Echolocation,/mnt/ubna_data_01_mir/recover-20220825/UBNA_002/20220823_033000.WAV,Telephone Field,recover-20220825,002,1795
186.1675,186.178,23750,29936,Nyctalus leisleri,0.009,0.022,-1,Echolocation,/mnt/ubna_data_01_mir/recover-20220825/UBNA_002/20220823_033000.WAV,Telephone Field,recover-20220825,002,1795
186.1745,186.1851,22890,27909,Nyctalus leisleri,0.011,0.022,-1,Echolocation,/mnt/ubna_data_01_mir/recover-20220825/UBNA_002/20220823_033000.WAV,Telephone Field,recover-20220825,002,1795
186.2125,186.222,24609,31943,Eptesicus serotinus,0.007,0.021,-1,Echolocation,/mnt/ubna_data_01_mir/recover-20220825/UBNA_002/20220823_033000.WAV,Telephone Field,recover-20220825,002,1795
186.2295,186.2704,68437,82548,Rhinolophus ferrumequinum,0.021,0.021,-1,Echolocation,/mnt/ubna_data_01_mir/recover-20220825/UBNA_002/20220823_033000.WAV,Telephone Field,recover-20220825,002,1795
186.2415,186.2508,28046,36456,Eptesicus serotinus,0.015,0.031,-1,Echolocation,/mnt/ubna_data_01_mir/recover-20220825/UBNA_002/20220823_033000.WAV,Telephone Field,recover-20220825,002,1795
186.2805,186.2895,50390,55047,Pipistrellus pipistrellus,0.022,0.025,-1,Echolocation,/mnt/ubna_data_01_mir/recover-20220825/UBNA_002/20220823_033000.WAV,Telephone Field,recover-20220825,002,1795
186.2835,186.3244,68437,82213,Rhinolophus ferrumequinum,0.026,0.026,-1,Echolocation,/mnt/ubna_data_01_mir/recover-20220825/UBNA_002/20220823_033000.WAV,Telephone Field,recover-20220825,002,1795
186.2835,186.2934,26328,34544,Eptesicus serotinus,0.019,0.039,-1,Echolocation,/mnt/ubna_data_01_mir/recover-20220825/UBNA_002/20220823_033000.WAV,Telephone Field,recover-20220825,002,1795
186.3675,186.3767,28046,40472,Eptesicus serotinus,0.008,0.022,-1,Echolocation,/mnt/ubna_data_01_mir/recover-20220825/UBNA_002/20220823_033000.WAV,Telephone Field,recover-20220825,002,1795
186.4025,186.4416,68437,82290,Rhinolophus ferrumequinum,0.022,0.022,-1,Echolocation,/mnt/ubna_data_01_mir/recover-20220825/UBNA_002/20220823_033000.WAV,Telephone Field,recover-20220825,002,1795
186.4095,186.447,68437,81856,Rhinolophus ferrumequinum,0.022,0.022,-1,Echolocation,/mnt/ubna_data_01_mir/recover-20220825/UBNA_002/20220823_033000.WAV,Telephone Field,recover-20220825,002,1795
186.4105,186.4168,47812,53195,Pipistrellus pipistrellus,0.039,0.041,-1,Echolocation,/mnt/ubna_data_01_mir/recover-20220825/UBNA_002/20220823_033000.WAV,Telephone Field,recover-20220825,002,1795
186.42849999999999,186.4674,68437,82265,Rhinolophus ferrumequinum,0.022,0.022,-1,Echolocation,/mnt/ubna_data_01_mir/recover-20220825/UBNA_002/20220823_033000.WAV,Telephone Field,recover-20220825,002,1795
186.4335,186.4452,23750,28429,Nyctalus leisleri,0.016,0.033,-1,Echolocation,/mnt/ubna_data_01_mir/recover-20220825/UBNA_002/20220823_033000.WAV,Telephone Field,recover-20220825,002,1795
186.4445,186.4521,27187,36395,Eptesicus serotinus,0.008,0.025,-1,Echolocation,/mnt/ubna_data_01_mir/recover-20220825/UBNA_002/20220823_033000.WAV,Telephone Field,recover-20220825,002,1795
186.4525,186.4603,27187,36522,Eptesicus serotinus,0.007,0.022,-1,Echolocation,/mnt/ubna_data_01_mir/recover-20220825/UBNA_002/20220823_033000.WAV,Telephone Field,recover-20220825,002,1795
186.4535,186.4933,68437,82990,Rhinolophus ferrumequinum,0.023,0.023,-1,Echolocation,/mnt/ubna_data_01_mir/recover-20220825/UBNA_002/20220823_033000.WAV,Telephone Field,recover-20220825,002,1795
186.4665,186.4779,23750,28943,Nyctalus leisleri,0.01,0.024,-1,Echolocation,/mnt/ubna_data_01_mir/recover-20220825/UBNA_002/20220823_033000.WAV,Telephone Field,recover-20220825,002,1795
186.4695,186.5093,68437,82586,Rhinolophus ferrumequinum,0.029,0.029,-1,Echolocation,/mnt/ubna_data_01_mir/recover-20220825/UBNA_002/20220823_033000.WAV,Telephone Field,recover-20220825,002,1795
186.4895,186.5288,68437,82339,Rhinolophus ferrumequinum,0.024,0.024,-1,Echolocation,/mnt/ubna_data_01_mir/recover-20220825/UBNA_002/20220823_033000.WAV,Telephone Field,recover-20220825,002,1795
186.4985,186.5395,68437,82819,Rhinolophus ferrumequinum,0.022,0.022,-1,Echolocation,/mnt/ubna_data_01_mir/recover-20220825/UBNA_002/20220823_033000.WAV,Telephone Field,recover-20220825,002,1795
186.5065,186.5165,28046,36707,Eptesicus serotinus,0.01,0.023,-1,Echolocation,/mnt/ubna_data_01_mir/recover-20220825/UBNA_002/20220823_033000.WAV,Telephone Field,recover-20220825,002,1795
186.5585,186.5987,68437,82690,Rhinolophus ferrumequinum,0.024,0.024,-1,Echolocation,/mnt/ubna_data_01_mir/recover-20220825/UBNA_002/20220823_033000.WAV,Telephone Field,recover-20220825,002,1795
186.5995,186.6091,28906,43109,Eptesicus serotinus,0.013,0.028,-1,Echolocation,/mnt/ubna_data_01_mir/recover-20220825/UBNA_002/20220823_033000.WAV,Telephone Field,recover-20220825,002,1795
186.6215,186.6596,68437,82068,Rhinolophus ferrumequinum,0.021,0.021,-1,Echolocation,/mnt/ubna_data_01_mir/recover-20220825/UBNA_002/20220823_033000.WAV,Telephone Field,recover-20220825,002,1795
186.6495,186.6581,28046,37855,Eptesicus serotinus,0.009,0.023,-1,Echolocation,/mnt/ubna_data_01_mir/recover-20220825/UBNA_002/20220823_033000.WAV,Telephone Field,recover-20220825,002,1795
186.6935,186.7002,48671,52550,Pipistrellus pipistrellus,0.022,0.023,-1,Echolocation,/mnt/ubna_data_01_mir/recover-20220825/UBNA_002/20220823_033000.WAV,Telephone Field,recover-20220825,002,1795
186.7155,186.7211,37500,56067,Myotis brandtii,0.006,0.021,-1,Echolocation,/mnt/ubna_data_01_mir/recover-20220825/UBNA_002/20220823_033000.WAV,Telephone Field,recover-20220825,002,1795
186.7195,186.7268,27187,40653,Eptesicus serotinus,0.006,0.021,-1,Echolocation,/mnt/ubna_data_01_mir/recover-20220825/UBNA_002/20220823_033000.WAV,Telephone Field,recover-20220825,002,1795
186.7435,186.7808,68437,81927,Rhinolophus ferrumequinum,0.022,0.022,-1,Echolocation,/mnt/ubna_data_01_mir/recover-20220825/UBNA_002/20220823_033000.WAV,Telephone Field,recover-20220825,002,1795
186.7615,186.8042,68437,82318,Rhinolophus ferrumequinum,0.027,0.027,-1,Echolocation,/mnt/ubna_data_01_mir/recover-20220825/UBNA_002/20220823_033000.WAV,Telephone Field,recover-20220825,002,1795
186.8135,186.8262,25468,31150,Nyctalus leisleri,0.019,0.043,-1,Echolocation,/mnt/ubna_data_01_mir/recover-20220825/UBNA_002/20220823_033000.WAV,Telephone Field,recover-20220825,002,1795
186.8335,186.8726,68437,82294,Rhinolophus ferrumequinum,0.022,0.022,-1,Echolocation,/mnt/ubna_data_01_mir/recover-20220825/UBNA_002/20220823_033000.WAV,Telephone Field,recover-20220825,002,1795
186.8555,186.8928,68437,81629,Rhinolophus ferrumequinum,0.021,0.021,-1,Echolocation,/mnt/ubna_data_01_mir/recover-20220825/UBNA_002/20220823_033000.WAV,Telephone Field,recover-20220825,002,1795
186.8795,186.8885,28046,42020,Eptesicus serotinus,0.011,0.025,-1,Echolocation,/mnt/ubna_data_01_mir/recover-20220825/UBNA_002/20220823_033000.WAV,Telephone Field,recover-20220825,002,1795
186.9125,186.9211,28906,42939,Eptesicus serotinus,0.008,0.023,-1,Echolocation,/mnt/ubna_data_01_mir/recover-20220825/UBNA_002/20220823_033000.WAV,Telephone Field,recover-20220825,002,1795
186.9375,186.9766,68437,81575,Rhinolophus ferrumequinum,0.025,0.025,-1,Echolocation,/mnt/ubna_data_01_mir/recover-20220825/UBNA_002/20220823_033000.WAV,Telephone Field,recover-20220825,002,1795
186.9385,186.9462,47812,55172,Pipistrellus pipistrellus,0.023,0.026,-1,Echolocation,/mnt/ubna_data_01_mir/recover-20220825/UBNA_002/20220823_033000.WAV,Telephone Field,recover-20220825,002,1795
186.9955,187.0385,68437,82604,Rhinolophus ferrumequinum,0.029,0.029,-1,Echolocation,/mnt/ubna_data_01_mir/recover-20220825/UBNA_002/20220823_033000.WAV,Telephone Field,recover-20220825,002,1795
187.0315,187.0687,68437,81705,Rhinolophus ferrumequinum,0.021,0.021,-1,Echolocation,/mnt/ubna_data_01_mir/recover-20220825/UBNA_002/20220823_033000.WAV,Telephone Field,recover-20220825,002,1795
187.0705,187.1107,68437,82514,Rhinolophus ferrumequinum,0.025,0.025,-1,Echolocation,/mnt/ubna_data_01_mir/recover-20220825/UBNA_002/20220823_033000.WAV,Telephone Field,recover-20220825,002,1795
187.07150000000001,187.0784,26328,36639,Eptesicus serotinus,0.009,0.032,-1,Echolocation,/mnt/ubna_data_01_mir/recover-20220825/UBNA_002/20220823_033000.WAV,Telephone Field,recover-20220825,002,1795
187.0865,187.1232,68437,82105,Rhinolophus ferrumequinum,0.021,0.021,-1,Echolocation,/mnt/ubna_data_01_mir/recover-20220825/UBNA_002/20220823_033000.WAV,Telephone Field,recover-20220825,002,1795
187.1095,187.1483,68437,82459,Rhinolophus ferrumequinum,0.028,0.028,-1,Echolocation,/mnt/ubna_data_01_mir/recover-20220825/UBNA_002/20220823_033000.WAV,Telephone Field,recover-20220825,002,1795
187.1225,187.1299,48671,55247,Pipistrellus pipistrellus,0.023,0.026,-1,Echolocation,/mnt/ubna_data_01_mir/recover-20220825/UBNA_002/20220823_033000.WAV,Telephone Field,recover-20220825,002,1795
187.1385,187.1782,68437,82222,Rhinolophus ferrumequinum,0.023,0.023,-1,Echolocation,/mnt/ubna_data_01_mir/recover-20220825/UBNA_002/20220823_033000.WAV,Telephone Field,recover-20220825,002,1795
187.1445,187.1865,68437,83033,Rhinolophus ferrumequinum,0.023,0.023,-1,Echolocation,/mnt/ubna_data_01_mir/recover-20220825/UBNA_002/20220823_033000.WAV,Telephone Field,recover-20220825,002,1795
187.1775,187.2209,68437,83349,Rhinolophus ferrumequinum,0.039,0.039,-1,Echolocation,/mnt/ubna_data_01_mir/recover-20220825/UBNA_002/20220823_033000.WAV,Telephone Field,recover-20220825,002,1795
187.2275,187.236,26328,35378,Eptesicus serotinus,0.01,0.027,-1,Echolocation,/mnt/ubna_data_01_mir/recover-20220825/UBNA_002/20220823_033000.WAV,Telephone Field,recover-20220825,002,1795
187.2445,187.2848,68437,82361,Rhinolophus ferrumequinum,0.03,0.03,-1,Echolocation,/mnt/ubna_data_01_mir/recover-20220825/UBNA_002/20220823_033000.WAV,Telephone Field,recover-20220825,002,1795
187.2495,187.2604,25468,33287,Eptesicus serotinus,0.01,0.028,-1,Echolocation,/mnt/ubna_data_01_mir/recover-20220825/UBNA_002/20220823_033000.WAV,Telephone Field,recover-20220825,002,1795
187.2515,187.294,68437,82680,Rhinolophus ferrumequinum,0.029,0.03,-1,Echolocation,/mnt/ubna_data_01_mir/recover-20220825/UBNA_002/20220823_033000.WAV,Telephone Field,recover-20220825,002,1795
187.2845,187.3229,68437,82163,Rhinolophus ferrumequinum,0.023,0.023,-1,Echolocation,/mnt/ubna_data_01_mir/recover-20220825/UBNA_002/20220823_033000.WAV,Telephone Field,recover-20220825,002,1795
187.2855,187.2933,28046,41387,Eptesicus serotinus,0.008,0.024,-1,Echolocation,/mnt/ubna_data_01_mir/recover-20220825/UBNA_002/20220823_033000.WAV,Telephone Field,recover-20220825,002,1795
187.3025,187.3105,28046,36996,Eptesicus serotinus,0.007,0.021,-1,Echolocation,/mnt/ubna_data_01_mir/recover-20220825/UBNA_002/20220823_033000.WAV,Telephone Field,recover-20220825,002,1795
187.3045,187.3395,68437,81946,Rhinolophus ferrumequinum,0.021,0.021,-1,Echolocation,/mnt/ubna_data_01_mir/recover-20220825/UBNA_002/20220823_033000.WAV,Telephone Field,recover-20220825,002,1795
187.3175,187.3556,68437,81983,Rhinolophus ferrumequinum,0.022,0.022,-1,Echolocation,/mnt/ubna_data_01_mir/recover-20220825/UBNA_002/20220823_033000.WAV,Telephone Field,recover-20220825,002,1795
187.3325,187.3704,68437,82173,Rhinolophus ferrumequinum,0.021,0.021,-1,Echolocation,/mnt/ubna_data_01_mir/recover-20220825/UBNA_002/20220823_033000.WAV,Telephone Field,recover-20220825,002,1795
187.3445,187.3817,68437,81214,Rhinolophus ferrumequinum,0.022,0.022,-1,Echolocation,/mnt/ubna_data_01_mir/recover-20220825/UBNA_002/20220823_033000.WAV,Telephone Field,recover-20220825,002,1795
187.3605,187.3694,23750,31808,Plecotus austriacus,0.009,0.028,-1,Echolocation,/mnt/ubna_data_01_mir/recover-20220825/UBNA_002/20220823_033000.WAV,Telephone Field,recover-20220825,002,1795
187.3705,187.4102,68437,82527,Rhinolophus ferrumequinum,0.028,0.028,-1,Echolocation,/mnt/ubna_data_01_mir/recover-20220825/UBNA_002/20220823_033000.WAV,Telephone Field,recover-20220825,002,1795
187.3755,187.3847,28046,37868,Eptesicus serotinus,0.009,0.022,-1,Echolocation,/mnt/ubna_data_01_mir/recover-20220825/UBNA_002/20220823_033000.WAV,Telephone Field,recover-20220825,002,1795
187.4055,187.4453,68437,82653,Rhinolophus ferrumequinum,0.025,0.025,-1,Echolocation,/mnt/ubna_data_01_mir/recover-20220825/UBNA_002/20220823_033000.WAV,Telephone Field,recover-20220825,002,1795
187.4245,187.4633,68437,82145,Rhinolophus ferrumequinum,0.023,0.023,-1,Echolocation,/mnt/ubna_data_01_mir/recover-20220825/UBNA_002/20220823_033000.WAV,Telephone Field,recover-20220825,002,1795
187.4655,187.504,68437,82299,Rhinolophus ferrumequinum,0.023,0.023,-1,Echolocation,/mnt/ubna_data_01_mir/recover-20220825/UBNA_002/20220823_033000.WAV,Telephone Field,recover-20220825,002,1795
187.5125,187.5477,68437,81588,Rhinolophus ferrumequinum,0.021,0.021,-1,Echolocation,/mnt/ubna_data_01_mir/recover-20220825/UBNA_002/20220823_033000.WAV,Telephone Field,recover-20220825,002,1795
187.5275,187.5352,24609,34464,Plecotus austriacus,0.01,0.031,-1,Echolocation,/mnt/ubna_data_01_mir/recover-20220825/UBNA_002/20220823_033000.WAV,Telephone Field,recover-20220825,002,1795
187.5545,187.5931,68437,82411,Rhinolophus ferrumequinum,0.022,0.022,-1,Echolocation,/mnt/ubna_data_01_mir/recover-20220825/UBNA_002/20220823_033000.WAV,Telephone Field,recover-20220825,002,1795
187.5625,187.5701,22890,30885,Plecotus austriacus,0.01,0.022,-1,Echolocation,/mnt/ubna_data_01_mir/recover-20220825/UBNA_002/20220823_033000.WAV,Telephone Field,recover-20220825,002,1795
187.6075,187.6152,23750,32434,Plecotus austriacus,0.008,0.021,-1,Echolocation,/mnt/ubna_data_01_mir/recover-20220825/UBNA_002/20220823_033000.WAV,Telephone Field,recover-20220825,002,1795
187.6405,187.6495,27187,39491,Eptesicus serotinus,0.009,0.022,-1,Echolocation,/mnt/ubna_data_01_mir/recover-20220825/UBNA_002/20220823_033000.WAV,Telephone Field,recover-20220825,002,1795
187.6525,187.6631,28046,35877,Eptesicus serotinus,0.015,0.03,-1,Echolocation,/mnt/ubna_data_01_mir/recover-20220825/UBNA_002/20220823_033000.WAV,Telephone Field,recover-20220825,002,1795
187.69650000000001,187.7065,22890,29017,Nyctalus leisleri,0.008,0.021,-1,Echolocation,/mnt/ubna_data_01_mir/recover-20220825/UBNA_002/20220823_033000.WAV,Telephone Field,recover-20220825,002,1795
187.7175,187.7246,28046,39228,Eptesicus serotinus,0.007,0.023,-1,Echolocation,/mnt/ubna_data_01_mir/recover-20220825/UBNA_002/20220823_033000.WAV,Telephone Field,recover-20220825,002,1795
187.7185,187.7556,68437,82182,Rhinolophus ferrumequinum,0.026,0.027,-1,Echolocation,/mnt/ubna_data_01_mir/recover-20220825/UBNA_002/20220823_033000.WAV,Telephone Field,recover-20220825,002,1795
187.7565,187.7968,68437,82695,Rhinolophus ferrumequinum,0.026,0.026,-1,Echolocation,/mnt/ubna_data_01_mir/recover-20220825/UBNA_002/20220823_033000.WAV,Telephone Field,recover-20220825,002,1795
187.7605,187.7693,25468,33334,Eptesicus serotinus,0.011,0.029,-1,Echolocation,/mnt/ubna_data_01_mir/recover-20220825/UBNA_002/20220823_033000.WAV,Telephone Field,recover-20220825,002,1795
187.7795,187.8123,68437,79443,Rhinolophus ferrumequinum,0.022,0.023,-1,Echolocation,/mnt/ubna_data_01_mir/recover-20220825/UBNA_002/20220823_033000.WAV,Telephone Field,recover-20220825,002,1795
187.7835,187.7934,43515,50809,Pipistrellus pipistrellus,0.02,0.026,-1,Echolocation,/mnt/ubna_data_01_mir/recover-20220825/UBNA_002/20220823_033000.WAV,Telephone Field,recover-20220825,002,1795
187.7865,187.8235,68437,81220,Rhinolophus ferrumequinum,0.021,0.021,-1,Echolocation,/mnt/ubna_data_01_mir/recover-20220825/UBNA_002/20220823_033000.WAV,Telephone Field,recover-20220825,002,1795
187.7935,187.7994,49531,55798,Pipistrellus pipistrellus,0.019,0.021,-1,Echolocation,/mnt/ubna_data_01_mir/recover-20220825/UBNA_002/20220823_033000.WAV,Telephone Field,recover-20220825,002,1795
187.80349999999999,187.8438,68437,81937,Rhinolophus ferrumequinum,0.021,0.021,-1,Echolocation,/mnt/ubna_data_01_mir/recover-20220825/UBNA_002/20220823_033000.WAV,Telephone Field,recover-20220825,002,1795
187.8465,187.8861,68437,81617,Rhinolophus ferrumequinum,0.022,0.022,-1,Echolocation,/mnt/ubna_data_01_mir/recover-20220825/UBNA_002/20220823_033000.WAV,Telephone Field,recover-20220825,002,1795
187.8805,187.9195,68437,82125,Rhinolophus ferrumequinum,0.022,0.022,-1,Echolocation,/mnt/ubna_data_01_mir/recover-20220825/UBNA_002/20220823_033000.WAV,Telephone Field,recover-20220825,002,1795
187.8835,187.8954,25468,31525,Eptesicus serotinus,0.018,0.042,-1,Echolocation,/mnt/ubna_data_01_mir/recover-20220825/UBNA_002/20220823_033000.WAV,Telephone Field,recover-20220825,002,1795
187.8915,187.9297,68437,82641,Rhinolophus ferrumequinum,0.022,0.023,-1,Echolocation,/mnt/ubna_data_01_mir/recover-20220825/UBNA_002/20220823_033000.WAV,Telephone Field,recover-20220825,002,1795
187.9005,187.9146,22890,28366,Nyctalus leisleri,0.016,0.032,-1,Echolocation,/mnt/ubna_data_01_mir/recover-20220825/UBNA_002/20220823_033000.WAV,Telephone Field,recover-20220825,002,1795
187.9215,187.9295,27187,39534,Eptesicus serotinus,0.008,0.022,-1,Echolocation,/mnt/ubna_data_01_mir/recover-20220825/UBNA_002/20220823_033000.WAV,Telephone Field,recover-20220825,002,1795
187.9305,187.9403,28046,36523,Eptesicus serotinus,0.011,0.024,-1,Echolocation,/mnt/ubna_data_01_mir/recover-20220825/UBNA_002/20220823_033000.WAV,Telephone Field,recover-20220825,002,1795
187.9365,187.9758,68437,82055,Rhinolophus ferrumequinum,0.024,0.024,-1,Echolocation,/mnt/ubna_data_01_mir/recover-20220825/UBNA_002/20220823_033000.WAV,Telephone Field,recover-20220825,002,1795
187.9495,187.9577,28046,39448,Eptesicus serotinus,0.007,0.021,-1,Echolocation,/mnt/ubna_data_01_mir/recover-20220825/UBNA_002/20220823_033000.WAV,Telephone Field,recover-20220825,002,1795
187.9525,187.9648,15156,20672,Nyctalus noctula,0.039,0.057,-1,Echolocation,/mnt/ubna_data_01_mir/recover-20220825/UBNA_002/20220823_033000.WAV,Telephone Field,recover-20220825,002,1795
187.9835,187.9924,27187,37069,Eptesicus serotinus,0.009,0.023,-1,Echolocation,/mnt/ubna_data_01_mir/recover-20220825/UBNA_002/20220823_033000.WAV,Telephone Field,recover-20220825,002,1795
188.0015,188.0355,68437,80017,Rhinolophus ferrumequinum,0.049,0.05,-1,Echolocation,/mnt/ubna_data_01_mir/recover-20220825/UBNA_002/20220823_033000.WAV,Telephone Field,recover-20220825,002,1795
188.0015,188.0078,48671,53824,Pipistrellus pipistrellus,0.017,0.024,-1,Echolocation,/mnt/ubna_data_01_mir/recover-20220825/UBNA_002/20220823_033000.WAV,Telephone Field,recover-20220825,002,1795
188.0015,188.0103,22890,29184,Nyctalus leisleri,0.013,0.033,-1,Echolocation,/mnt/ubna_data_01_mir/recover-20220825/UBNA_002/20220823_033000.WAV,Telephone Field,recover-20220825,002,1795
188.0085,188.0523,68437,82241,Rhinolophus ferrumequinum,0.022,0.022,-1,Echolocation,/mnt/ubna_data_01_mir/recover-20220825/UBNA_002/20220823_033000.WAV,Telephone Field,recover-20220825,002,1795
188.0995,188.142,68437,82965,Rhinolophus ferrumequinum,0.025,0.025,-1,Echolocation,/mnt/ubna_data_01_mir/recover-20220825/UBNA_002/20220823_033000.WAV,Telephone Field,recover-20220825,002,1795
188.1065,188.1449,68437,82575,Rhinolophus ferrumequinum,0.025,0.025,-1,Echolocation,/mnt/ubna_data_01_mir/recover-20220825/UBNA_002/20220823_033000.WAV,Telephone Field,recover-20220825,002,1795
188.1195,188.1264,28046,39024,Eptesicus serotinus,0.007,0.023,-1,Echolocation,/mnt/ubna_data_01_mir/recover-20220825/UBNA_002/20220823_033000.WAV,Telephone Field,recover-20220825,002,1795
188.1765,188.2145,68437,81628,Rhinolophus ferrumequinum,0.026,0.026,-1,Echolocation,/mnt/ubna_data_01_mir/recover-20220825/UBNA_002/20220823_033000.WAV,Telephone Field,recover-20220825,002,1795
188.1775,188.1878,22890,29136,Nyctalus leisleri,0.009,0.023,-1,Echolocation,/mnt/ubna_data_01_mir/recover-20220825/UBNA_002/20220823_033000.WAV,Telephone Field,recover-20220825,002,1795
188.1875,188.1951,23750,32173,Plecotus austriacus,0.01,0.024,-1,Echolocation,/mnt/ubna_data_01_mir/recover-20220825/UBNA_002/20220823_033000.WAV,Telephone Field,recover-20220825,002,1795
188.2005,188.2386,68437,81957,Rhinolophus ferrumequinum,0.023,0.023,-1,Echolocation,/mnt/ubna_data_01_mir/recover-20220825/UBNA_002/20220823_033000.WAV,Telephone Field,recover-20220825,002,1795
188.20850000000002,188.249,68437,82071,Rhinolophus ferrumequinum,0.023,0.023,-1,Echolocation,/mnt/ubna_data_01_mir/recover-20220825/UBNA_002/20220823_033000.WAV,Telephone Field,recover-20220825,002,1795
188.2435,188.25639999999999,23750,28122,Nyctalus leisleri,0.012,0.023,-1,Echolocation,/mnt/ubna_data_01_mir/recover-20220825/UBNA_002/20220823_033000.WAV,Telephone Field,recover-20220825,002,1795
188.2465,188.2829,68437,81631,Rhinolophus ferrumequinum,0.032,0.032,-1,Echolocation,/mnt/ubna_data_01_mir/recover-20220825/UBNA_002/20220823_033000.WAV,Telephone Field,recover-20220825,002,1795
188.2615,188.2948,68437,80408,Rhinolophus ferrumequinum,0.021,0.022,-1,Echolocation,/mnt/ubna_data_01_mir/recover-20220825/UBNA_002/20220823_033000.WAV,Telephone Field,recover-20220825,002,1795
188.2685,188.3037,68437,81514,Rhinolophus ferrumequinum,0.022,0.022,-1,Echolocation,/mnt/ubna_data_01_mir/recover-20220825/UBNA_002/20220823_033000.WAV,Telephone Field,recover-20220825,002,1795
188.2925,188.3019,28046,38590,Eptesicus serotinus,0.009,0.023,-1,Echolocation,/mnt/ubna_data_01_mir/recover-20220825/UBNA_002/20220823_033000.WAV,Telephone Field,recover-20220825,002,1795
188.2955,188.3356,68437,82428,Rhinolophus ferrumequinum,0.023,0.023,-1,Echolocation,/mnt/ubna_data_01_mir/recover-20220825/UBNA_002/20220823_033000.WAV,Telephone Field,recover-20220825,002,1795
188.3175,188.3254,27187,41421,Eptesicus serotinus,0.007,0.022,-1,Echolocation,/mnt/ubna_data_01_mir/recover-20220825/UBNA_002/20220823_033000.WAV,Telephone Field,recover-20220825,002,1795
188.3185,188.3273,34921,43179,Myotis daubentonii,0.011,0.036,-1,Echolocation,/mnt/ubna_data_01_mir/recover-20220825/UBNA_002/20220823_033000.WAV,Telephone Field,recover-20220825,002,1795
188.3425,188.381,68437,82081,Rhinolophus ferrumequinum,0.023,0.023,-1,Echolocation,/mnt/ubna_data_01_mir/recover-20220825/UBNA_002/20220823_033000.WAV,Telephone Field,recover-20220825,002,1795
188.3485,188.3877,68437,81934,Rhinolophus ferrumequinum,0.022,0.022,-1,Echolocation,/mnt/ubna_data_01_mir/recover-20220825/UBNA_002/20220823_033000.WAV,Telephone Field,recover-20220825,002,1795
188.4705,188.4807,21171,28274,Plecotus austriacus,0.022,0.062,-1,Echolocation,/mnt/ubna_data_01_mir/recover-20220825/UBNA_002/20220823_033000.WAV,Telephone Field,recover-20220825,002,1795
188.4735,188.4847,37500,42106,Pipistrellus nathusii,0.005,0.021,-1,Echolocation,/mnt/ubna_data_01_mir/recover-20220825/UBNA_002/20220823_033000.WAV,Telephone Field,recover-20220825,002,1795
188.5385,188.5461,23750,32019,Plecotus austriacus,0.013,0.03,-1,Echolocation,/mnt/ubna_data_01_mir/recover-20220825/UBNA_002/20220823_033000.WAV,Telephone Field,recover-20220825,002,1795
188.5615,188.5993,68437,82261,Rhinolophus ferrumequinum,0.023,0.023,-1,Echolocation,/mnt/ubna_data_01_mir/recover-20220825/UBNA_002/20220823_033000.WAV,Telephone Field,recover-20220825,002,1795
188.6075,188.6479,68437,82289,Rhinolophus ferrumequinum,0.022,0.022,-1,Echolocation,/mnt/ubna_data_01_mir/recover-20220825/UBNA_002/20220823_033000.WAV,Telephone Field,recover-20220825,002,1795
188.6235,188.6424,18593,22116,Nyctalus noctula,0.021,0.037,-1,Echolocation,/mnt/ubna_data_01_mir/recover-20220825/UBNA_002/20220823_033000.WAV,Telephone Field,recover-20220825,002,1795
188.6295,188.6648,68437,81724,Rhinolophus ferrumequinum,0.023,0.023,-1,Echolocation,/mnt/ubna_data_01_mir/recover-20220825/UBNA_002/20220823_033000.WAV,Telephone Field,recover-20220825,002,1795
188.6765,188.7139,68437,81406,Rhinolophus ferrumequinum,0.023,0.023,-1,Echolocation,/mnt/ubna_data_01_mir/recover-20220825/UBNA_002/20220823_033000.WAV,Telephone Field,recover-20220825,002,1795
188.6995,188.7394,68437,82422,Rhinolophus ferrumequinum,0.023,0.023,-1,Echolocation,/mnt/ubna_data_01_mir/recover-20220825/UBNA_002/20220823_033000.WAV,Telephone Field,recover-20220825,002,1795
188.7005,188.7081,47812,53068,Pipistrellus pipistrellus,0.029,0.031,-1,Echolocation,/mnt/ubna_data_01_mir/recover-20220825/UBNA_002/20220823_033000.WAV,Telephone Field,recover-20220825,002,1795
188.7065,188.7143,27187,41157,Eptesicus serotinus,0.007,0.021,-1,Echolocation,/mnt/ubna_data_01_mir/recover-20220825/UBNA_002/20220823_033000.WAV,Telephone Field,recover-20220825,002,1795
188.7195,188.758,68437,82211,Rhinolophus ferrumequinum,0.023,0.023,-1,Echolocation,/mnt/ubna_data_01_mir/recover-20220825/UBNA_002/20220823_033000.WAV,Telephone Field,recover-20220825,002,1795
188.7375,188.7467,28046,36849,Eptesicus serotinus,0.009,0.023,-1,Echolocation,/mnt/ubna_data_01_mir/recover-20220825/UBNA_002/20220823_033000.WAV,Telephone Field,recover-20220825,002,1795
188.7395,188.7493,22890,28803,Nyctalus leisleri,0.01,0.025,-1,Echolocation,/mnt/ubna_data_01_mir/recover-20220825/UBNA_002/20220823_033000.WAV,Telephone Field,recover-20220825,002,1795
188.7425,188.783,68437,82302,Rhinolophus ferrumequinum,0.022,0.022,-1,Echolocation,/mnt/ubna_data_01_mir/recover-20220825/UBNA_002/20220823_033000.WAV,Telephone Field,recover-20220825,002,1795
188.7595,188.7986,68437,82543,Rhinolophus ferrumequinum,0.024,0.024,-1,Echolocation,/mnt/ubna_data_01_mir/recover-20220825/UBNA_002/20220823_033000.WAV,Telephone Field,recover-20220825,002,1795
188.7835,188.8252,68437,82968,Rhinolophus ferrumequinum,0.027,0.027,-1,Echolocation,/mnt/ubna_data_01_mir/recover-20220825/UBNA_002/20220823_033000.WAV,Telephone Field,recover-20220825,002,1795
188.8235,188.863,69296,83300,Rhinolophus ferrumequinum,0.023,0.023,-1,Echolocation,/mnt/ubna_data_01_mir/recover-20220825/UBNA_002/20220823_033000.WAV,Telephone Field,recover-20220825,002,1795
188.8455,188.8825,68437,81253,Rhinolophus ferrumequinum,0.034,0.034,-1,Echolocation,/mnt/ubna_data_01_mir/recover-20220825/UBNA_002/20220823_033000.WAV,Telephone Field,recover-20220825,002,1795
188.9255,188.9642,68437,81786,Rhinolophus ferrumequinum,0.022,0.022,-1,Echolocation,/mnt/ubna_data_01_mir/recover-20220825/UBNA_002/20220823_033000.WAV,Telephone Field,recover-20220825,002,1795
188.9265,188.9347,27187,40542,Eptesicus serotinus,0.008,0.022,-1,Echolocation,/mnt/ubna_data_01_mir/recover-20220825/UBNA_002/20220823_033000.WAV,Telephone Field,recover-20220825,002,1795
188.9375,188.9472,28046,36233,Eptesicus serotinus,0.008,0.022,-1,Echolocation,/mnt/ubna_data_01_mir/recover-20220825/UBNA_002/20220823_033000.WAV,Telephone Field,recover-20220825,002,1795
188.9725,188.9806,49531,53719,Pipistrellus pipistrellus,0.021,0.023,-1,Echolocation,/mnt/ubna_data_01_mir/recover-20220825/UBNA_002/20220823_033000.WAV,Telephone Field,recover-20220825,002,1795
188.9795,189.0219,68437,82651,Rhinolophus ferrumequinum,0.031,0.031,-1,Echolocation,/mnt/ubna_data_01_mir/recover-20220825/UBNA_002/20220823_033000.WAV,Telephone Field,recover-20220825,002,1795
188.9995,189.0411,68437,82312,Rhinolophus ferrumequinum,0.022,0.022,-1,Echolocation,/mnt/ubna_data_01_mir/recover-20220825/UBNA_002/20220823_033000.WAV,Telephone Field,recover-20220825,002,1795
189.0755,189.0834,28046,38276,Eptesicus serotinus,0.007,0.022,-1,Echolocation,/mnt/ubna_data_01_mir/recover-20220825/UBNA_002/20220823_033000.WAV,Telephone Field,recover-20220825,002,1795
189.2025,189.2423,68437,82502,Rhinolophus ferrumequinum,0.032,0.032,-1,Echolocation,/mnt/ubna_data_01_mir/recover-20220825/UBNA_002/20220823_033000.WAV,Telephone Field,recover-20220825,002,1795
189.2295,189.2694,68437,82575,Rhinolophus ferrumequinum,0.026,0.026,-1,Echolocation,/mnt/ubna_data_01_mir/recover-20220825/UBNA_002/20220823_033000.WAV,Telephone Field,recover-20220825,002,1795
189.2295,189.237,27187,41672,Eptesicus serotinus,0.008,0.025,-1,Echolocation,/mnt/ubna_data_01_mir/recover-20220825/UBNA_002/20220823_033000.WAV,Telephone Field,recover-20220825,002,1795
189.2455,189.2823,68437,81217,Rhinolophus ferrumequinum,0.033,0.033,-1,Echolocation,/mnt/ubna_data_01_mir/recover-20220825/UBNA_002/20220823_033000.WAV,Telephone Field,recover-20220825,002,1795
189.2885,189.3282,68437,82194,Rhinolophus ferrumequinum,0.023,0.023,-1,Echolocation,/mnt/ubna_data_01_mir/recover-20220825/UBNA_002/20220823_033000.WAV,Telephone Field,recover-20220825,002,1795
189.3105,189.3511,68437,82861,Rhinolophus ferrumequinum,0.025,0.025,-1,Echolocation,/mnt/ubna_data_01_mir/recover-20220825/UBNA_002/20220823_033000.WAV,Telephone Field,recover-20220825,002,1795
189.3125,189.3216,28046,38184,Eptesicus serotinus,0.008,0.021,-1,Echolocation,/mnt/ubna_data_01_mir/recover-20220825/UBNA_002/20220823_033000.WAV,Telephone Field,recover-20220825,002,1795
189.3425,189.3828,68437,82676,Rhinolophus ferrumequinum,0.027,0.027,-1,Echolocation,/mnt/ubna_data_01_mir/recover-20220825/UBNA_002/20220823_033000.WAV,Telephone Field,recover-20220825,002,1795
189.3465,189.3554,28046,36684,Eptesicus serotinus,0.009,0.024,-1,Echolocation,/mnt/ubna_data_01_mir/recover-20220825/UBNA_002/20220823_033000.WAV,Telephone Field,recover-20220825,002,1795
189.4195,189.4281,43515,47898,Pipistrellus pipistrellus,0.019,0.022,-1,Echolocation,/mnt/ubna_data_01_mir/recover-20220825/UBNA_002/20220823_033000.WAV,Telephone Field,recover-20220825,002,1795
189.4215,189.4301,27187,38588,Eptesicus serotinus,0.008,0.022,-1,Echolocation,/mnt/ubna_data_01_mir/recover-20220825/UBNA_002/20220823_033000.WAV,Telephone Field,recover-20220825,002,1795
189.4365,189.44650000000001,25468,32025,Nyctalus leisleri,0.012,0.03,-1,Echolocation,/mnt/ubna_data_01_mir/recover-20220825/UBNA_002/20220823_033000.WAV,Telephone Field,recover-20220825,002,1795
189.4435,189.4543,27187,34468,Eptesicus serotinus,0.009,0.022,-1,Echolocation,/mnt/ubna_data_01_mir/recover-20220825/UBNA_002/20220823_033000.WAV,Telephone Field,recover-20220825,002,1795
189.4545,189.494,68437,82665,Rhinolophus ferrumequinum,0.023,0.023,-1,Echolocation,/mnt/ubna_data_01_mir/recover-20220825/UBNA_002/20220823_033000.WAV,Telephone Field,recover-20220825,002,1795
189.4795,189.4869,28906,38699,Eptesicus serotinus,0.009,0.028,-1,Echolocation,/mnt/ubna_data_01_mir/recover-20220825/UBNA_002/20220823_033000.WAV,Telephone Field,recover-20220825,002,1795
189.4805,189.4892,23750,31863,Plecotus austriacus,0.01,0.027,-1,Echolocation,/mnt/ubna_data_01_mir/recover-20220825/UBNA_002/20220823_033000.WAV,Telephone Field,recover-20220825,002,1795
189.4995,189.508,28046,37382,Eptesicus serotinus,0.008,0.024,-1,Echolocation,/mnt/ubna_data_01_mir/recover-20220825/UBNA_002/20220823_033000.WAV,Telephone Field,recover-20220825,002,1795
189.5265,189.562,68437,81438,Rhinolophus ferrumequinum,0.023,0.023,-1,Echolocation,/mnt/ubna_data_01_mir/recover-20220825/UBNA_002/20220823_033000.WAV,Telephone Field,recover-20220825,002,1795
189.5615,189.5716,28046,36674,Eptesicus serotinus,0.012,0.027,-1,Echolocation,/mnt/ubna_data_01_mir/recover-20220825/UBNA_002/20220823_033000.WAV,Telephone Field,recover-20220825,002,1795
189.5935,189.6012,27187,37431,Eptesicus serotinus,0.007,0.025,-1,Echolocation,/mnt/ubna_data_01_mir/recover-20220825/UBNA_002/20220823_033000.WAV,Telephone Field,recover-20220825,002,1795
189.6005,189.6075,28046,40044,Eptesicus serotinus,0.008,0.027,-1,Echolocation,/mnt/ubna_data_01_mir/recover-20220825/UBNA_002/20220823_033000.WAV,Telephone Field,recover-20220825,002,1795
189.6075,189.6479,68437,82877,Rhinolophus ferrumequinum,0.028,0.028,-1,Echolocation,/mnt/ubna_data_01_mir/recover-20220825/UBNA_002/20220823_033000.WAV,Telephone Field,recover-20220825,002,1795
189.6185,189.627,28046,36976,Eptesicus serotinus,0.01,0.026,-1,Echolocation,/mnt/ubna_data_01_mir/recover-20220825/UBNA_002/20220823_033000.WAV,Telephone Field,recover-20220825,002,1795
189.6315,189.6676,68437,81591,Rhinolophus ferrumequinum,0.023,0.023,-1,Echolocation,/mnt/ubna_data_01_mir/recover-20220825/UBNA_002/20220823_033000.WAV,Telephone Field,recover-20220825,002,1795
189.6605,189.7041,68437,83173,Rhinolophus ferrumequinum,0.025,0.025,-1,Echolocation,/mnt/ubna_data_01_mir/recover-20220825/UBNA_002/20220823_033000.WAV,Telephone Field,recover-20220825,002,1795
189.7115,189.7494,68437,81568,Rhinolophus ferrumequinum,0.022,0.022,-1,Echolocation,/mnt/ubna_data_01_mir/recover-20220825/UBNA_002/20220823_033000.WAV,Telephone Field,recover-20220825,002,1795
189.7525,189.7894,68437,82057,Rhinolophus ferrumequinum,0.021,0.021,-1,Echolocation,/mnt/ubna_data_01_mir/recover-20220825/UBNA_002/20220823_033000.WAV,Telephone Field,recover-20220825,002,1795
189.7845,189.8228,68437,82027,Rhinolophus ferrumequinum,0.022,0.022,-1,Echolocation,/mnt/ubna_data_01_mir/recover-20220825/UBNA_002/20220823_033000.WAV,Telephone Field,recover-20220825,002,1795
189.8015,189.8094,30625,39157,Myotis daubentonii,0.008,0.026,-1,Echolocation,/mnt/ubna_data_01_mir/recover-20220825/UBNA_002/20220823_033000.WAV,Telephone Field,recover-20220825,002,1795
189.8065,189.8433,68437,81850,Rhinolophus ferrumequinum,0.021,0.021,-1,Echolocation,/mnt/ubna_data_01_mir/recover-20220825/UBNA_002/20220823_033000.WAV,Telephone Field,recover-20220825,002,1795
189.8205,189.8314,22890,27180,Nyctalus leisleri,0.014,0.025,-1,Echolocation,/mnt/ubna_data_01_mir/recover-20220825/UBNA_002/20220823_033000.WAV,Telephone Field,recover-20220825,002,1795
189.8415,189.8781,68437,81844,Rhinolophus ferrumequinum,0.024,0.024,-1,Echolocation,/mnt/ubna_data_01_mir/recover-20220825/UBNA_002/20220823_033000.WAV,Telephone Field,recover-20220825,002,1795
189.8635,189.872,27187,37532,Eptesicus serotinus,0.008,0.024,-1,Echolocation,/mnt/ubna_data_01_mir/recover-20220825/UBNA_002/20220823_033000.WAV,Telephone Field,recover-20220825,002,1795
189.8785,189.919,68437,82345,Rhinolophus ferrumequinum,0.025,0.025,-1,Echolocation,/mnt/ubna_data_01_mir/recover-20220825/UBNA_002/20220823_033000.WAV,Telephone Field,recover-20220825,002,1795
189.9095,189.9169,28046,38029,Eptesicus serotinus,0.007,0.023,-1,Echolocation,/mnt/ubna_data_01_mir/recover-20220825/UBNA_002/20220823_033000.WAV,Telephone Field,recover-20220825,002,1795
189.9365,189.9771,68437,82041,Rhinolophus ferrumequinum,0.022,0.022,-1,Echolocation,/mnt/ubna_data_01_mir/recover-20220825/UBNA_002/20220823_033000.WAV,Telephone Field,recover-20220825,002,1795
189.9395,189.9468,30625,48189,Myotis daubentonii,0.01,0.022,-1,Echolocation,/mnt/ubna_data_01_mir/recover-20220825/UBNA_002/20220823_033000.WAV,Telephone Field,recover-20220825,002,1795
190.0015,190.0359,68437,80204,Rhinolophus ferrumequinum,0.064,0.064,-1,Echolocation,/mnt/ubna_data_01_mir/recover-20220825/UBNA_002/20220823_033000.WAV,Telephone Field,recover-20220825,002,1795
190.0015,190.01069999999999,49531,54084,Pipistrellus pipistrellus,0.016,0.021,-1,Echolocation,/mnt/ubna_data_01_mir/recover-20220825/UBNA_002/20220823_033000.WAV,Telephone Field,recover-20220825,002,1795
190.0015,190.0097,23750,33066,Nyctalus leisleri,0.006,0.023,-1,Echolocation,/mnt/ubna_data_01_mir/recover-20220825/UBNA_002/20220823_033000.WAV,Telephone Field,recover-20220825,002,1795
190.0075,190.05180000000001,68437,82220,Rhinolophus ferrumequinum,0.034,0.034,-1,Echolocation,/mnt/ubna_data_01_mir/recover-20220825/UBNA_002/20220823_033000.WAV,Telephone Field,recover-20220825,002,1795
190.0155,190.0538,68437,82419,Rhinolophus ferrumequinum,0.021,0.022,-1,Echolocation,/mnt/ubna_data_01_mir/recover-20220825/UBNA_002/20220823_033000.WAV,Telephone Field,recover-20220825,002,1795
190.0405,190.0511,30625,39874,Eptesicus serotinus,0.008,0.021,-1,Echolocation,/mnt/ubna_data_01_mir/recover-20220825/UBNA_002/20220823_033000.WAV,Telephone Field,recover-20220825,002,1795
190.0455,190.0845,68437,82608,Rhinolophus ferrumequinum,0.023,0.023,-1,Echolocation,/mnt/ubna_data_01_mir/recover-20220825/UBNA_002/20220823_033000.WAV,Telephone Field,recover-20220825,002,1795
190.0665,190.1069,68437,82555,Rhinolophus ferrumequinum,0.022,0.022,-1,Echolocation,/mnt/ubna_data_01_mir/recover-20220825/UBNA_002/20220823_033000.WAV,Telephone Field,recover-20220825,002,1795
190.1035,190.1426,68437,82314,Rhinolophus ferrumequinum,0.021,0.021,-1,Echolocation,/mnt/ubna_data_01_mir/recover-20220825/UBNA_002/20220823_033000.WAV,Telephone Field,recover-20220825,002,1795
190.1155,190.1587,68437,82955,Rhinolophus ferrumequinum,0.021,0.021,-1,Echolocation,/mnt/ubna_data_01_mir/recover-20220825/UBNA_002/20220823_033000.WAV,Telephone Field,recover-20220825,002,1795
190.1535,190.1624,27187,40063,Eptesicus serotinus,0.01,0.023,-1,Echolocation,/mnt/ubna_data_01_mir/recover-20220825/UBNA_002/20220823_033000.WAV,Telephone Field,recover-20220825,002,1795
190.1555,190.2005,68437,82716,Rhinolophus ferrumequinum,0.028,0.028,-1,Echolocation,/mnt/ubna_data_01_mir/recover-20220825/UBNA_002/20220823_033000.WAV,Telephone Field,recover-20220825,002,1795
190.1685,190.2095,68437,82580,Rhinolophus ferrumequinum,0.021,0.021,-1,Echolocation,/mnt/ubna_data_01_mir/recover-20220825/UBNA_002/20220823_033000.WAV,Telephone Field,recover-20220825,002,1795
190.1975,190.2354,68437,81296,Rhinolophus ferrumequinum,0.021,0.021,-1,Echolocation,/mnt/ubna_data_01_mir/recover-20220825/UBNA_002/20220823_033000.WAV,Telephone Field,recover-20220825,002,1795
190.2015,190.2089,28046,41187,Eptesicus serotinus,0.007,0.021,-1,Echolocation,/mnt/ubna_data_01_mir/recover-20220825/UBNA_002/20220823_033000.WAV,Telephone Field,recover-20220825,002,1795
190.2365,190.2773,68437,82584,Rhinolophus ferrumequinum,0.024,0.024,-1,Echolocation,/mnt/ubna_data_01_mir/recover-20220825/UBNA_002/20220823_033000.WAV,Telephone Field,recover-20220825,002,1795
190.2625,190.2722,24609,31382,Eptesicus serotinus,0.008,0.023,-1,Echolocation,/mnt/ubna_data_01_mir/recover-20220825/UBNA_002/20220823_033000.WAV,Telephone Field,recover-20220825,002,1795
190.3195,190.3578,68437,81785,Rhinolophus ferrumequinum,0.022,0.022,-1,Echolocation,/mnt/ubna_data_01_mir/recover-20220825/UBNA_002/20220823_033000.WAV,Telephone Field,recover-20220825,002,1795
190.4485,190.4577,23750,30190,Nyctalus leisleri,0.007,0.022,-1,Echolocation,/mnt/ubna_data_01_mir/recover-20220825/UBNA_002/20220823_033000.WAV,Telephone Field,recover-20220825,002,1795
190.4515,190.4593,28046,37861,Eptesicus serotinus,0.007,0.022,-1,Echolocation,/mnt/ubna_data_01_mir/recover-20220825/UBNA_002/20220823_033000.WAV,Telephone Field,recover-20220825,002,1795
190.4875,190.4946,28046,39942,Eptesicus serotinus,0.006,0.022,-1,Echolocation,/mnt/ubna_data_01_mir/recover-20220825/UBNA_002/20220823_033000.WAV,Telephone Field,recover-20220825,002,1795
190.5065,190.5224,22031,26255,Nyctalus leisleri,0.029,0.058,-1,Echolocation,/mnt/ubna_data_01_mir/recover-20220825/UBNA_002/20220823_033000.WAV,Telephone Field,recover-20220825,002,1795
190.5115,190.55,68437,82492,Rhinolophus ferrumequinum,0.021,0.021,-1,Echolocation,/mnt/ubna_data_01_mir/recover-20220825/UBNA_002/20220823_033000.WAV,Telephone Field,recover-20220825,002,1795
190.5215,190.5635,68437,82761,Rhinolophus ferrumequinum,0.023,0.023,-1,Echolocation,/mnt/ubna_data_01_mir/recover-20220825/UBNA_002/20220823_033000.WAV,Telephone Field,recover-20220825,002,1795
190.5615,190.5697,28046,38923,Eptesicus serotinus,0.01,0.029,-1,Echolocation,/mnt/ubna_data_01_mir/recover-20220825/UBNA_002/20220823_033000.WAV,Telephone Field,recover-20220825,002,1795
190.6345,190.6713,68437,81519,Rhinolophus ferrumequinum,0.023,0.023,-1,Echolocation,/mnt/ubna_data_01_mir/recover-20220825/UBNA_002/20220823_033000.WAV,Telephone Field,recover-20220825,002,1795
190.6505,190.6715,19453,22534,Nyctalus leisleri,0.012,0.023,-1,Echolocation,/mnt/ubna_data_01_mir/recover-20220825/UBNA_002/20220823_033000.WAV,Telephone Field,recover-20220825,002,1795
190.6995,190.7381,68437,81733,Rhinolophus ferrumequinum,0.022,0.022,-1,Echolocation,/mnt/ubna_data_01_mir/recover-20220825/UBNA_002/20220823_033000.WAV,Telephone Field,recover-20220825,002,1795
190.7225,190.7352,22890,27869,Nyctalus leisleri,0.01,0.022,-1,Echolocation,/mnt/ubna_data_01_mir/recover-20220825/UBNA_002/20220823_033000.WAV,Telephone Field,recover-20220825,002,1795
190.7285,190.7672,68437,82478,Rhinolophus ferrumequinum,0.023,0.023,-1,Echolocation,/mnt/ubna_data_01_mir/recover-20220825/UBNA_002/20220823_033000.WAV,Telephone Field,recover-20220825,002,1795
190.7285,190.739,22890,28333,Nyctalus leisleri,0.011,0.023,-1,Echolocation,/mnt/ubna_data_01_mir/recover-20220825/UBNA_002/20220823_033000.WAV,Telephone Field,recover-20220825,002,1795
190.7405,190.7495,28046,38140,Eptesicus serotinus,0.009,0.023,-1,Echolocation,/mnt/ubna_data_01_mir/recover-20220825/UBNA_002/20220823_033000.WAV,Telephone Field,recover-20220825,002,1795
190.7575,190.7974,68437,82099,Rhinolophus ferrumequinum,0.021,0.021,-1,Echolocation,/mnt/ubna_data_01_mir/recover-20220825/UBNA_002/20220823_033000.WAV,Telephone Field,recover-20220825,002,1795
190.8085,190.8192,28046,36071,Eptesicus serotinus,0.013,0.032,-1,Echolocation,/mnt/ubna_data_01_mir/recover-20220825/UBNA_002/20220823_033000.WAV,Telephone Field,recover-20220825,002,1795
190.8155,190.8293,27187,32104,Eptesicus serotinus,0.015,0.034,-1,Echolocation,/mnt/ubna_data_01_mir/recover-20220825/UBNA_002/20220823_033000.WAV,Telephone Field,recover-20220825,002,1795
190.8375,190.8474,26328,33657,Eptesicus serotinus,0.016,0.041,-1,Echolocation,/mnt/ubna_data_01_mir/recover-20220825/UBNA_002/20220823_033000.WAV,Telephone Field,recover-20220825,002,1795
190.8535,190.8939,68437,82532,Rhinolophus ferrumequinum,0.021,0.021,-1,Echolocation,/mnt/ubna_data_01_mir/recover-20220825/UBNA_002/20220823_033000.WAV,Telephone Field,recover-20220825,002,1795
190.9065,190.9161,24609,32289,Nyctalus leisleri,0.008,0.024,-1,Echolocation,/mnt/ubna_data_01_mir/recover-20220825/UBNA_002/20220823_033000.WAV,Telephone Field,recover-20220825,002,1795
190.9075,190.9461,68437,81559,Rhinolophus ferrumequinum,0.022,0.022,-1,Echolocation,/mnt/ubna_data_01_mir/recover-20220825/UBNA_002/20220823_033000.WAV,Telephone Field,recover-20220825,002,1795
190.9305,190.96620000000001,68437,81268,Rhinolophus ferrumequinum,0.023,0.023,-1,Echolocation,/mnt/ubna_data_01_mir/recover-20220825/UBNA_002/20220823_033000.WAV,Telephone Field,recover-20220825,002,1795
190.9445,190.9563,23750,28950,Nyctalus leisleri,0.011,0.024,-1,Echolocation,/mnt/ubna_data_01_mir/recover-20220825/UBNA_002/20220823_033000.WAV,Telephone Field,recover-20220825,002,1795
190.9525,190.9608,28906,39828,Eptesicus serotinus,0.008,0.024,-1,Echolocation,/mnt/ubna_data_01_mir/recover-20220825/UBNA_002/20220823_033000.WAV,Telephone Field,recover-20220825,002,1795
191.0245,191.063,68437,82360,Rhinolophus ferrumequinum,0.021,0.021,-1,Echolocation,/mnt/ubna_data_01_mir/recover-20220825/UBNA_002/20220823_033000.WAV,Telephone Field,recover-20220825,002,1795
191.0285,191.041,22031,26171,Nyctalus leisleri,0.014,0.024,-1,Echolocation,/mnt/ubna_data_01_mir/recover-20220825/UBNA_002/20220823_033000.WAV,Telephone Field,recover-20220825,002,1795
191.0525,191.0621,24609,31433,Eptesicus serotinus,0.008,0.023,-1,Echolocation,/mnt/ubna_data_01_mir/recover-20220825/UBNA_002/20220823_033000.WAV,Telephone Field,recover-20220825,002,1795
191.0775,191.0854,45234,51331,Pipistrellus pipistrellus,0.019,0.023,-1,Echolocation,/mnt/ubna_data_01_mir/recover-20220825/UBNA_002/20220823_033000.WAV,Telephone Field,recover-20220825,002,1795
191.0815,191.1233,68437,82847,Rhinolophus ferrumequinum,0.026,0.026,-1,Echolocation,/mnt/ubna_data_01_mir/recover-20220825/UBNA_002/20220823_033000.WAV,Telephone Field,recover-20220825,002,1795
191.0935,191.1355,68437,82759,Rhinolophus ferrumequinum,0.023,0.023,-1,Echolocation,/mnt/ubna_data_01_mir/recover-20220825/UBNA_002/20220823_033000.WAV,Telephone Field,recover-20220825,002,1795
191.1095,191.1176,22890,30267,Plecotus austriacus,0.01,0.027,-1,Echolocation,/mnt/ubna_data_01_mir/recover-20220825/UBNA_002/20220823_033000.WAV,Telephone Field,recover-20220825,002,1795
191.1205,191.1295,48671,54458,Pipistrellus pipistrellus,0.016,0.021,-1,Echolocation,/mnt/ubna_data_01_mir/recover-20220825/UBNA_002/20220823_033000.WAV,Telephone Field,recover-20220825,002,1795
191.1575,191.1748,19453,22459,Nyctalus leisleri,0.015,0.027,-1,Echolocation,/mnt/ubna_data_01_mir/recover-20220825/UBNA_002/20220823_033000.WAV,Telephone Field,recover-20220825,002,1795
191.16649999999998,191.1742,49531,53204,Pipistrellus pipistrellus,0.02,0.022,-1,Echolocation,/mnt/ubna_data_01_mir/recover-20220825/UBNA_002/20220823_033000.WAV,Telephone Field,recover-20220825,002,1795
191.1795,191.1891,28906,37147,Eptesicus serotinus,0.008,0.021,-1,Echolocation,/mnt/ubna_data_01_mir/recover-20220825/UBNA_002/20220823_033000.WAV,Telephone Field,recover-20220825,002,1795
191.2545,191.2888,68437,80976,Rhinolophus ferrumequinum,0.021,0.021,-1,Echolocation,/mnt/ubna_data_01_mir/recover-20220825/UBNA_002/20220823_033000.WAV,Telephone Field,recover-20220825,002,1795
191.2855,191.3265,68437,82900,Rhinolophus ferrumequinum,0.022,0.022,-1,Echolocation,/mnt/ubna_data_01_mir/recover-20220825/UBNA_002/20220823_033000.WAV,Telephone Field,recover-20220825,002,1795
191.2965,191.3391,68437,83337,Rhinolophus ferrumequinum,0.023,0.023,-1,Echolocation,/mnt/ubna_data_01_mir/recover-20220825/UBNA_002/20220823_033000.WAV,Telephone Field,recover-20220825,002,1795
191.3205,191.3599,68437,81708,Rhinolophus ferrumequinum,0.022,0.022,-1,Echolocation,/mnt/ubna_data_01_mir/recover-20220825/UBNA_002/20220823_033000.WAV,Telephone Field,recover-20220825,002,1795
191.3675,191.4049,68437,82081,Rhinolophus ferrumequinum,0.022,0.022,-1,Echolocation,/mnt/ubna_data_01_mir/recover-20220825/UBNA_002/20220823_033000.WAV,Telephone Field,recover-20220825,002,1795
191.3835,191.3904,28046,45913,Myotis daubentonii,0.008,0.027,-1,Echolocation,/mnt/ubna_data_01_mir/recover-20220825/UBNA_002/20220823_033000.WAV,Telephone Field,recover-20220825,002,1795
191.3845,191.4262,68437,82469,Rhinolophus ferrumequinum,0.022,0.022,-1,Echolocation,/mnt/ubna_data_01_mir/recover-20220825/UBNA_002/20220823_033000.WAV,Telephone Field,recover-20220825,002,1795
191.4325,191.4738,68437,82364,Rhinolophus ferrumequinum,0.023,0.023,-1,Echolocation,/mnt/ubna_data_01_mir/recover-20220825/UBNA_002/20220823_033000.WAV,Telephone Field,recover-20220825,002,1795
191.4475,191.4541,28046,40584,Eptesicus serotinus,0.01,0.031,-1,Echolocation,/mnt/ubna_data_01_mir/recover-20220825/UBNA_002/20220823_033000.WAV,Telephone Field,recover-20220825,002,1795
191.4775,191.5162,68437,82214,Rhinolophus ferrumequinum,0.032,0.032,-1,Echolocation,/mnt/ubna_data_01_mir/recover-20220825/UBNA_002/20220823_033000.WAV,Telephone Field,recover-20220825,002,1795
191.4775,191.4882,22890,28257,Nyctalus leisleri,0.01,0.021,-1,Echolocation,/mnt/ubna_data_01_mir/recover-20220825/UBNA_002/20220823_033000.WAV,Telephone Field,recover-20220825,002,1795
191.4805,191.48930000000001,46093,54333,Pipistrellus pipistrellus,0.025,0.028,-1,Echolocation,/mnt/ubna_data_01_mir/recover-20220825/UBNA_002/20220823_033000.WAV,Telephone Field,recover-20220825,002,1795
191.5115,191.518,28046,39385,Eptesicus serotinus,0.008,0.025,-1,Echolocation,/mnt/ubna_data_01_mir/recover-20220825/UBNA_002/20220823_033000.WAV,Telephone Field,recover-20220825,002,1795
191.5245,191.5659,68437,82695,Rhinolophus ferrumequinum,0.024,0.024,-1,Echolocation,/mnt/ubna_data_01_mir/recover-20220825/UBNA_002/20220823_033000.WAV,Telephone Field,recover-20220825,002,1795
191.5755,191.5862,23750,29194,Nyctalus leisleri,0.009,0.022,-1,Echolocation,/mnt/ubna_data_01_mir/recover-20220825/UBNA_002/20220823_033000.WAV,Telephone Field,recover-20220825,002,1795
191.5985,191.6365,68437,82200,Rhinolophus ferrumequinum,0.022,0.022,-1,Echolocation,/mnt/ubna_data_01_mir/recover-20220825/UBNA_002/20220823_033000.WAV,Telephone Field,recover-20220825,002,1795
191.6195,191.6615,68437,82501,Rhinolophus ferrumequinum,0.022,0.022,-1,Echolocation,/mnt/ubna_data_01_mir/recover-20220825/UBNA_002/20220823_033000.WAV,Telephone Field,recover-20220825,002,1795
191.6615,191.6997,68437,81651,Rhinolophus ferrumequinum,0.021,0.021,-1,Echolocation,/mnt/ubna_data_01_mir/recover-20220825/UBNA_002/20220823_033000.WAV,Telephone Field,recover-20220825,002,1795
191.7475,191.7554,26328,34953,Eptesicus serotinus,0.008,0.021,-1,Echolocation,/mnt/ubna_data_01_mir/recover-20220825/UBNA_002/20220823_033000.WAV,Telephone Field,recover-20220825,002,1795
191.7625,191.7991,68437,82180,Rhinolophus ferrumequinum,0.021,0.021,-1,Echolocation,/mnt/ubna_data_01_mir/recover-20220825/UBNA_002/20220823_033000.WAV,Telephone Field,recover-20220825,002,1795
191.7865,191.7979,23750,29891,Nyctalus leisleri,0.008,0.021,-1,Echolocation,/mnt/ubna_data_01_mir/recover-20220825/UBNA_002/20220823_033000.WAV,Telephone Field,recover-20220825,002,1795
191.7905,191.8272,68437,82596,Rhinolophus ferrumequinum,0.021,0.021,-1,Echolocation,/mnt/ubna_data_01_mir/recover-20220825/UBNA_002/20220823_033000.WAV,Telephone Field,recover-20220825,002,1795
191.8065,191.8473,68437,82461,Rhinolophus ferrumequinum,0.021,0.021,-1,Echolocation,/mnt/ubna_data_01_mir/recover-20220825/UBNA_002/20220823_033000.WAV,Telephone Field,recover-20220825,002,1795
191.8315,191.8773,68437,83375,Rhinolophus ferrumequinum,0.045,0.045,-1,Echolocation,/mnt/ubna_data_01_mir/recover-20220825/UBNA_002/20220823_033000.WAV,Telephone Field,recover-20220825,002,1795
191.8575,191.8652,26328,39821,Eptesicus serotinus,0.007,0.024,-1,Echolocation,/mnt/ubna_data_01_mir/recover-20220825/UBNA_002/20220823_033000.WAV,Telephone Field,recover-20220825,002,1795
192.0015,192.0099,21171,26856,Nyctalus leisleri,0.01,0.027,-1,Echolocation,/mnt/ubna_data_01_mir/recover-20220825/UBNA_002/20220823_033000.WAV,Telephone Field,recover-20220825,002,1795
192.0015,192.0311,68437,79340,Rhinolophus ferrumequinum,0.038,0.039,-1,Echolocation,/mnt/ubna_data_01_mir/recover-20220825/UBNA_002/20220823_033000.WAV,Telephone Field,recover-20220825,002,1795
192.0215,192.0295,28046,41132,Eptesicus serotinus,0.008,0.025,-1,Echolocation,/mnt/ubna_data_01_mir/recover-20220825/UBNA_002/20220823_033000.WAV,Telephone Field,recover-20220825,002,1795
192.0455,192.0893,68437,83620,Rhinolophus ferrumequinum,0.057,0.057,-1,Echolocation,/mnt/ubna_data_01_mir/recover-20220825/UBNA_002/20220823_033000.WAV,Telephone Field,recover-20220825,002,1795
192.0675,192.0814,25468,29784,Nyctalus leisleri,0.05,0.115,-1,Echolocation,/mnt/ubna_data_01_mir/recover-20220825/UBNA_002/20220823_033000.WAV,Telephone Field,recover-20220825,002,1795
192.0705,192.1117,68437,82372,Rhinolophus ferrumequinum,0.048,0.048,-1,Echolocation,/mnt/ubna_data_01_mir/recover-20220825/UBNA_002/20220823_033000.WAV,Telephone Field,recover-20220825,002,1795
192.1425,192.151,23750,32543,Plecotus austriacus,0.007,0.022,-1,Echolocation,/mnt/ubna_data_01_mir/recover-20220825/UBNA_002/20220823_033000.WAV,Telephone Field,recover-20220825,002,1795
192.1435,192.1849,68437,82405,Rhinolophus ferrumequinum,0.024,0.024,-1,Echolocation,/mnt/ubna_data_01_mir/recover-20220825/UBNA_002/20220823_033000.WAV,Telephone Field,recover-20220825,002,1795
192.1695,192.1764,24609,34382,Plecotus austriacus,0.011,0.029,-1,Echolocation,/mnt/ubna_data_01_mir/recover-20220825/UBNA_002/20220823_033000.WAV,Telephone Field,recover-20220825,002,1795
192.1995,192.2362,68437,81937,Rhinolophus ferrumequinum,0.025,0.025,-1,Echolocation,/mnt/ubna_data_01_mir/recover-20220825/UBNA_002/20220823_033000.WAV,Telephone Field,recover-20220825,002,1795
192.2025,192.2142,22031,26688,Nyctalus leisleri,0.014,0.026,-1,Echolocation,/mnt/ubna_data_01_mir/recover-20220825/UBNA_002/20220823_033000.WAV,Telephone Field,recover-20220825,002,1795
192.2185,192.2567,68437,82640,Rhinolophus ferrumequinum,0.022,0.022,-1,Echolocation,/mnt/ubna_data_01_mir/recover-20220825/UBNA_002/20220823_033000.WAV,Telephone Field,recover-20220825,002,1795
192.2355,192.2509,32343,36491,Pipistrellus nathusii,0.016,0.044,-1,Echolocation,/mnt/ubna_data_01_mir/recover-20220825/UBNA_002/20220823_033000.WAV,Telephone Field,recover-20220825,002,1795
192.2385,192.2794,68437,82594,Rhinolophus ferrumequinum,0.022,0.022,-1,Echolocation,/mnt/ubna_data_01_mir/recover-20220825/UBNA_002/20220823_033000.WAV,Telephone Field,recover-20220825,002,1795
192.2625,192.2987,68437,82035,Rhinolophus ferrumequinum,0.025,0.025,-1,Echolocation,/mnt/ubna_data_01_mir/recover-20220825/UBNA_002/20220823_033000.WAV,Telephone Field,recover-20220825,002,1795
192.2875,192.2961,28046,37878,Eptesicus serotinus,0.008,0.024,-1,Echolocation,/mnt/ubna_data_01_mir/recover-20220825/UBNA_002/20220823_033000.WAV,Telephone Field,recover-20220825,002,1795
192.3005,192.3399,68437,82522,Rhinolophus ferrumequinum,0.025,0.025,-1,Echolocation,/mnt/ubna_data_01_mir/recover-20220825/UBNA_002/20220823_033000.WAV,Telephone Field,recover-20220825,002,1795
192.3555,192.3929,68437,82128,Rhinolophus ferrumequinum,0.027,0.027,-1,Echolocation,/mnt/ubna_data_01_mir/recover-20220825/UBNA_002/20220823_033000.WAV,Telephone Field,recover-20220825,002,1795
192.3615,192.3989,68437,81984,Rhinolophus ferrumequinum,0.027,0.027,-1,Echolocation,/mnt/ubna_data_01_mir/recover-20220825/UBNA_002/20220823_033000.WAV,Telephone Field,recover-20220825,002,1795
192.3625,192.371,25468,33313,Eptesicus serotinus,0.009,0.023,-1,Echolocation,/mnt/ubna_data_01_mir/recover-20220825/UBNA_002/20220823_033000.WAV,Telephone Field,recover-20220825,002,1795
192.4085,192.4479,68437,82154,Rhinolophus ferrumequinum,0.022,0.022,-1,Echolocation,/mnt/ubna_data_01_mir/recover-20220825/UBNA_002/20220823_033000.WAV,Telephone Field,recover-20220825,002,1795
192.4125,192.4231,28906,37073,Eptesicus serotinus,0.011,0.025,-1,Echolocation,/mnt/ubna_data_01_mir/recover-20220825/UBNA_002/20220823_033000.WAV,Telephone Field,recover-20220825,002,1795
192.4245,192.437,22890,27724,Nyctalus leisleri,0.012,0.022,-1,Echolocation,/mnt/ubna_data_01_mir/recover-20220825/UBNA_002/20220823_033000.WAV,Telephone Field,recover-20220825,002,1795
192.4565,192.4652,22031,28743,Plecotus austriacus,0.01,0.024,-1,Echolocation,/mnt/ubna_data_01_mir/recover-20220825/UBNA_002/20220823_033000.WAV,Telephone Field,recover-20220825,002,1795
192.45850000000002,192.46620000000001,28906,38068,Eptesicus serotinus,0.007,0.023,-1,Echolocation,/mnt/ubna_data_01_mir/recover-20220825/UBNA_002/20220823_033000.WAV,Telephone Field,recover-20220825,002,1795
192.5245,192.5354,28906,37507,Eptesicus serotinus,0.02,0.034,-1,Echolocation,/mnt/ubna_data_01_mir/recover-20220825/UBNA_002/20220823_033000.WAV,Telephone Field,recover-20220825,002,1795
192.5585,192.5964,68437,81770,Rhinolophus ferrumequinum,0.022,0.022,-1,Echolocation,/mnt/ubna_data_01_mir/recover-20220825/UBNA_002/20220823_033000.WAV,Telephone Field,recover-20220825,002,1795
192.6195,192.6307,28906,35842,Eptesicus serotinus,0.011,0.023,-1,Echolocation,/mnt/ubna_data_01_mir/recover-20220825/UBNA_002/20220823_033000.WAV,Telephone Field,recover-20220825,002,1795
192.6195,192.6582,68437,82532,Rhinolophus ferrumequinum,0.022,0.022,-1,Echolocation,/mnt/ubna_data_01_mir/recover-20220825/UBNA_002/20220823_033000.WAV,Telephone Field,recover-20220825,002,1795
192.6595,192.6714,22890,27458,Nyctalus leisleri,0.018,0.031,-1,Echolocation,/mnt/ubna_data_01_mir/recover-20220825/UBNA_002/20220823_033000.WAV,Telephone Field,recover-20220825,002,1795
192.6705,192.6774,28046,39499,Eptesicus serotinus,0.007,0.022,-1,Echolocation,/mnt/ubna_data_01_mir/recover-20220825/UBNA_002/20220823_033000.WAV,Telephone Field,recover-20220825,002,1795
192.6845,192.7235,68437,82558,Rhinolophus ferrumequinum,0.024,0.024,-1,Echolocation,/mnt/ubna_data_01_mir/recover-20220825/UBNA_002/20220823_033000.WAV,Telephone Field,recover-20220825,002,1795
192.6945,192.7291,68437,81610,Rhinolophus ferrumequinum,0.022,0.022,-1,Echolocation,/mnt/ubna_data_01_mir/recover-20220825/UBNA_002/20220823_033000.WAV,Telephone Field,recover-20220825,002,1795
192.7115,192.7479,68437,82403,Rhinolophus ferrumequinum,0.022,0.022,-1,Echolocation,/mnt/ubna_data_01_mir/recover-20220825/UBNA_002/20220823_033000.WAV,Telephone Field,recover-20220825,002,1795
192.7525,192.7917,68437,82161,Rhinolophus ferrumequinum,0.024,0.024,-1,Echolocation,/mnt/ubna_data_01_mir/recover-20220825/UBNA_002/20220823_033000.WAV,Telephone Field,recover-20220825,002,1795
192.8015,192.8126,23750,29514,Nyctalus leisleri,0.01,0.023,-1,Echolocation,/mnt/ubna_data_01_mir/recover-20220825/UBNA_002/20220823_033000.WAV,Telephone Field,recover-20220825,002,1795
192.9315,192.9684,68437,81933,Rhinolophus ferrumequinum,0.022,0.022,-1,Echolocation,/mnt/ubna_data_01_mir/recover-20220825/UBNA_002/20220823_033000.WAV,Telephone Field,recover-20220825,002,1795
192.9435,192.951,28046,41094,Eptesicus serotinus,0.007,0.023,-1,Echolocation,/mnt/ubna_data_01_mir/recover-20220825/UBNA_002/20220823_033000.WAV,Telephone Field,recover-20220825,002,1795
192.9575,192.9645,23750,32073,Plecotus austriacus,0.009,0.022,-1,Echolocation,/mnt/ubna_data_01_mir/recover-20220825/UBNA_002/20220823_033000.WAV,Telephone Field,recover-20220825,002,1795
192.9635,193.0018,68437,82739,Rhinolophus ferrumequinum,0.025,0.025,-1,Echolocation,/mnt/ubna_data_01_mir/recover-20220825/UBNA_002/20220823_033000.WAV,Telephone Field,recover-20220825,002,1795
193.0115,193.0495,68437,82227,Rhinolophus ferrumequinum,0.022,0.022,-1,Echolocation,/mnt/ubna_data_01_mir/recover-20220825/UBNA_002/20220823_033000.WAV,Telephone Field,recover-20220825,002,1795
193.0185,193.0267,28046,39326,Eptesicus serotinus,0.01,0.027,-1,Echolocation,/mnt/ubna_data_01_mir/recover-20220825/UBNA_002/20220823_033000.WAV,Telephone Field,recover-20220825,002,1795
193.0395,193.0769,68437,82239,Rhinolophus ferrumequinum,0.024,0.024,-1,Echolocation,/mnt/ubna_data_01_mir/recover-20220825/UBNA_002/20220823_033000.WAV,Telephone Field,recover-20220825,002,1795
193.0505,193.0908,68437,82424,Rhinolophus ferrumequinum,0.023,0.023,-1,Echolocation,/mnt/ubna_data_01_mir/recover-20220825/UBNA_002/20220823_033000.WAV,Telephone Field,recover-20220825,002,1795
193.0695,193.0815,22890,26799,Nyctalus leisleri,0.018,0.029,-1,Echolocation,/mnt/ubna_data_01_mir/recover-20220825/UBNA_002/20220823_033000.WAV,Telephone Field,recover-20220825,002,1795
193.0825,193.0904,27187,40730,Eptesicus serotinus,0.008,0.023,-1,Echolocation,/mnt/ubna_data_01_mir/recover-20220825/UBNA_002/20220823_033000.WAV,Telephone Field,recover-20220825,002,1795
193.0955,193.1349,68437,82846,Rhinolophus ferrumequinum,0.025,0.025,-1,Echolocation,/mnt/ubna_data_01_mir/recover-20220825/UBNA_002/20220823_033000.WAV,Telephone Field,recover-20220825,002,1795
193.1025,193.1097,24609,34634,Plecotus austriacus,0.008,0.023,-1,Echolocation,/mnt/ubna_data_01_mir/recover-20220825/UBNA_002/20220823_033000.WAV,Telephone Field,recover-20220825,002,1795
193.1425,193.1522,24609,32467,Eptesicus serotinus,0.011,0.027,-1,Echolocation,/mnt/ubna_data_01_mir/recover-20220825/UBNA_002/20220823_033000.WAV,Telephone Field,recover-20220825,002,1795
193.1755,193.2078,68437,80774,Rhinolophus ferrumequinum,0.025,0.025,-1,Echolocation,/mnt/ubna_data_01_mir/recover-20220825/UBNA_002/20220823_033000.WAV,Telephone Field,recover-20220825,002,1795
193.2235,193.265,68437,83584,Rhinolophus ferrumequinum,0.032,0.032,-1,Echolocation,/mnt/ubna_data_01_mir/recover-20220825/UBNA_002/20220823_033000.WAV,Telephone Field,recover-20220825,002,1795
193.2335,193.2772,68437,83294,Rhinolophus ferrumequinum,0.032,0.032,-1,Echolocation,/mnt/ubna_data_01_mir/recover-20220825/UBNA_002/20220823_033000.WAV,Telephone Field,recover-20220825,002,1795
193.3065,193.3178,22890,27926,Nyctalus leisleri,0.012,0.024,-1,Echolocation,/mnt/ubna_data_01_mir/recover-20220825/UBNA_002/20220823_033000.WAV,Telephone Field,recover-20220825,002,1795
193.3085,193.3453,68437,81554,Rhinolophus ferrumequinum,0.022,0.022,-1,Echolocation,/mnt/ubna_data_01_mir/recover-20220825/UBNA_002/20220823_033000.WAV,Telephone Field,recover-20220825,002,1795
193.3545,193.3913,68437,81768,Rhinolophus ferrumequinum,0.03,0.03,-1,Echolocation,/mnt/ubna_data_01_mir/recover-20220825/UBNA_002/20220823_033000.WAV,Telephone Field,recover-20220825,002,1795
193.3815,193.4172,68437,81691,Rhinolophus ferrumequinum,0.023,0.023,-1,Echolocation,/mnt/ubna_data_01_mir/recover-20220825/UBNA_002/20220823_033000.WAV,Telephone Field,recover-20220825,002,1795
193.45850000000002,193.4975,68437,82873,Rhinolophus ferrumequinum,0.022,0.022,-1,Echolocation,/mnt/ubna_data_01_mir/recover-20220825/UBNA_002/20220823_033000.WAV,Telephone Field,recover-20220825,002,1795
193.4795,193.517,68437,82179,Rhinolophus ferrumequinum,0.022,0.022,-1,Echolocation,/mnt/ubna_data_01_mir/recover-20220825/UBNA_002/20220823_033000.WAV,Telephone Field,recover-20220825,002,1795
193.5005,193.5424,68437,82863,Rhinolophus ferrumequinum,0.029,0.029,-1,Echolocation,/mnt/ubna_data_01_mir/recover-20220825/UBNA_002/20220823_033000.WAV,Telephone Field,recover-20220825,002,1795
193.5375,193.579,68437,82455,Rhinolophus ferrumequinum,0.022,0.022,-1,Echolocation,/mnt/ubna_data_01_mir/recover-20220825/UBNA_002/20220823_033000.WAV,Telephone Field,recover-20220825,002,1795
193.5435,193.5505,28906,39819,Eptesicus serotinus,0.008,0.027,-1,Echolocation,/mnt/ubna_data_01_mir/recover-20220825/UBNA_002/20220823_033000.WAV,Telephone Field,recover-20220825,002,1795
193.55349999999999,193.5921,68437,81874,Rhinolophus ferrumequinum,0.025,0.025,-1,Echolocation,/mnt/ubna_data_01_mir/recover-20220825/UBNA_002/20220823_033000.WAV,Telephone Field,recover-20220825,002,1795
193.6065,193.6166,23750,30416,Nyctalus leisleri,0.008,0.022,-1,Echolocation,/mnt/ubna_data_01_mir/recover-20220825/UBNA_002/20220823_033000.WAV,Telephone Field,recover-20220825,002,1795
193.6415,193.6825,68437,82392,Rhinolophus ferrumequinum,0.023,0.024,-1,Echolocation,/mnt/ubna_data_01_mir/recover-20220825/UBNA_002/20220823_033000.WAV,Telephone Field,recover-20220825,002,1795
193.6505,193.6595,26328,34530,Eptesicus serotinus,0.008,0.022,-1,Echolocation,/mnt/ubna_data_01_mir/recover-20220825/UBNA_002/20220823_033000.WAV,Telephone Field,recover-20220825,002,1795
193.6635,193.7028,68437,81918,Rhinolophus ferrumequinum,0.023,0.023,-1,Echolocation,/mnt/ubna_data_01_mir/recover-20220825/UBNA_002/20220823_033000.WAV,Telephone Field,recover-20220825,002,1795
193.6725,193.6815,28046,40258,Eptesicus serotinus,0.01,0.027,-1,Echolocation,/mnt/ubna_data_01_mir/recover-20220825/UBNA_002/20220823_033000.WAV,Telephone Field,recover-20220825,002,1795
193.6825,193.6933,28906,36338,Eptesicus serotinus,0.01,0.022,-1,Echolocation,/mnt/ubna_data_01_mir/recover-20220825/UBNA_002/20220823_033000.WAV,Telephone Field,recover-20220825,002,1795
193.7115,193.7477,68437,81980,Rhinolophus ferrumequinum,0.023,0.023,-1,Echolocation,/mnt/ubna_data_01_mir/recover-20220825/UBNA_002/20220823_033000.WAV,Telephone Field,recover-20220825,002,1795
193.7435,193.7519,28046,41965,Eptesicus serotinus,0.008,0.022,-1,Echolocation,/mnt/ubna_data_01_mir/recover-20220825/UBNA_002/20220823_033000.WAV,Telephone Field,recover-20220825,002,1795
193.7715,193.8125,68437,82520,Rhinolophus ferrumequinum,0.027,0.027,-1,Echolocation,/mnt/ubna_data_01_mir/recover-20220825/UBNA_002/20220823_033000.WAV,Telephone Field,recover-20220825,002,1795
193.8045,193.8152,28906,36569,Eptesicus serotinus,0.012,0.024,-1,Echolocation,/mnt/ubna_data_01_mir/recover-20220825/UBNA_002/20220823_033000.WAV,Telephone Field,recover-20220825,002,1795
193.8165,193.8526,68437,81838,Rhinolophus ferrumequinum,0.026,0.027,-1,Echolocation,/mnt/ubna_data_01_mir/recover-20220825/UBNA_002/20220823_033000.WAV,Telephone Field,recover-20220825,002,1795
193.8375,193.8773,68437,82568,Rhinolophus ferrumequinum,0.024,0.024,-1,Echolocation,/mnt/ubna_data_01_mir/recover-20220825/UBNA_002/20220823_033000.WAV,Telephone Field,recover-20220825,002,1795
193.8375,193.8479,23750,29272,Nyctalus leisleri,0.01,0.023,-1,Echolocation,/mnt/ubna_data_01_mir/recover-20220825/UBNA_002/20220823_033000.WAV,Telephone Field,recover-20220825,002,1795
193.8625,193.8734,22031,26872,Nyctalus leisleri,0.011,0.022,-1,Echolocation,/mnt/ubna_data_01_mir/recover-20220825/UBNA_002/20220823_033000.WAV,Telephone Field,recover-20220825,002,1795
193.8635,193.8707,27187,39451,Eptesicus serotinus,0.006,0.022,-1,Echolocation,/mnt/ubna_data_01_mir/recover-20220825/UBNA_002/20220823_033000.WAV,Telephone Field,recover-20220825,002,1795
193.8905,193.9312,68437,83457,Rhinolophus ferrumequinum,0.046,0.046,-1,Echolocation,/mnt/ubna_data_01_mir/recover-20220825/UBNA_002/20220823_033000.WAV,Telephone Field,recover-20220825,002,1795
193.9705,193.9871,22890,27155,Nyctalus leisleri,0.02,0.035,-1,Echolocation,/mnt/ubna_data_01_mir/recover-20220825/UBNA_002/20220823_033000.WAV,Telephone Field,recover-20220825,002,1795
194.0015,194.0326,68437,80182,Rhinolophus ferrumequinum,0.029,0.03,-1,Echolocation,/mnt/ubna_data_01_mir/recover-20220825/UBNA_002/20220823_033000.WAV,Telephone Field,recover-20220825,002,1795
194.0015,194.0111,23750,30886,Nyctalus leisleri,0.011,0.03,-1,Echolocation,/mnt/ubna_data_01_mir/recover-20220825/UBNA_002/20220823_033000.WAV,Telephone Field,recover-20220825,002,1795
194.0095,194.051,68437,82522,Rhinolophus ferrumequinum,0.024,0.024,-1,Echolocation,/mnt/ubna_data_01_mir/recover-20220825/UBNA_002/20220823_033000.WAV,Telephone Field,recover-20220825,002,1795
194.0315,194.042,26328,33846,Eptesicus serotinus,0.012,0.024,-1,Echolocation,/mnt/ubna_data_01_mir/recover-20220825/UBNA_002/20220823_033000.WAV,Telephone Field,recover-20220825,002,1795
194.0525,194.0937,68437,82294,Rhinolophus ferrumequinum,0.023,0.023,-1,Echolocation,/mnt/ubna_data_01_mir/recover-20220825/UBNA_002/20220823_033000.WAV,Telephone Field,recover-20220825,002,1795
194.0755,194.1086,68437,81210,Rhinolophus ferrumequinum,0.022,0.022,-1,Echolocation,/mnt/ubna_data_01_mir/recover-20220825/UBNA_002/20220823_033000.WAV,Telephone Field,recover-20220825,002,1795
194.1095,194.1473,68437,81965,Rhinolophus ferrumequinum,0.024,0.024,-1,Echolocation,/mnt/ubna_data_01_mir/recover-20220825/UBNA_002/20220823_033000.WAV,Telephone Field,recover-20220825,002,1795
194.1285,194.166,68437,81800,Rhinolophus ferrumequinum,0.021,0.021,-1,Echolocation,/mnt/ubna_data_01_mir/recover-20220825/UBNA_002/20220823_033000.WAV,Telephone Field,recover-20220825,002,1795
194.1295,194.1408,28046,34597,Eptesicus serotinus,0.019,0.034,-1,Echolocation,/mnt/ubna_data_01_mir/recover-20220825/UBNA_002/20220823_033000.WAV,Telephone Field,recover-20220825,002,1795
194.1525,194.19650000000001,68437,83104,Rhinolophus ferrumequinum,0.038,0.038,-1,Echolocation,/mnt/ubna_data_01_mir/recover-20220825/UBNA_002/20220823_033000.WAV,Telephone Field,recover-20220825,002,1795
194.1835,194.2241,68437,82523,Rhinolophus ferrumequinum,0.024,0.024,-1,Echolocation,/mnt/ubna_data_01_mir/recover-20220825/UBNA_002/20220823_033000.WAV,Telephone Field,recover-20220825,002,1795
194.1905,194.2308,68437,82283,Rhinolophus ferrumequinum,0.022,0.022,-1,Echolocation,/mnt/ubna_data_01_mir/recover-20220825/UBNA_002/20220823_033000.WAV,Telephone Field,recover-20220825,002,1795
194.2195,194.2579,68437,82214,Rhinolophus ferrumequinum,0.022,0.022,-1,Echolocation,/mnt/ubna_data_01_mir/recover-20220825/UBNA_002/20220823_033000.WAV,Telephone Field,recover-20220825,002,1795
194.2255,194.2643,68437,82148,Rhinolophus ferrumequinum,0.022,0.022,-1,Echolocation,/mnt/ubna_data_01_mir/recover-20220825/UBNA_002/20220823_033000.WAV,Telephone Field,recover-20220825,002,1795
194.2315,194.2384,26328,38864,Eptesicus serotinus,0.006,0.024,-1,Echolocation,/mnt/ubna_data_01_mir/recover-20220825/UBNA_002/20220823_033000.WAV,Telephone Field,recover-20220825,002,1795
194.2425,194.282,68437,82145,Rhinolophus ferrumequinum,0.021,0.021,-1,Echolocation,/mnt/ubna_data_01_mir/recover-20220825/UBNA_002/20220823_033000.WAV,Telephone Field,recover-20220825,002,1795
194.2885,194.3237,68437,81507,Rhinolophus ferrumequinum,0.021,0.021,-1,Echolocation,/mnt/ubna_data_01_mir/recover-20220825/UBNA_002/20220823_033000.WAV,Telephone Field,recover-20220825,002,1795
194.3005,194.3375,68437,81209,Rhinolophus ferrumequinum,0.022,0.022,-1,Echolocation,/mnt/ubna_data_01_mir/recover-20220825/UBNA_002/20220823_033000.WAV,Telephone Field,recover-20220825,002,1795
194.3595,194.3966,68437,81831,Rhinolophus ferrumequinum,0.021,0.021,-1,Echolocation,/mnt/ubna_data_01_mir/recover-20220825/UBNA_002/20220823_033000.WAV,Telephone Field,recover-20220825,002,1795
194.3675,194.3779,26328,33533,Eptesicus serotinus,0.011,0.024,-1,Echolocation,/mnt/ubna_data_01_mir/recover-20220825/UBNA_002/20220823_033000.WAV,Telephone Field,recover-20220825,002,1795
194.3815,194.3909,28046,43278,Eptesicus serotinus,0.009,0.023,-1,Echolocation,/mnt/ubna_data_01_mir/recover-20220825/UBNA_002/20220823_033000.WAV,Telephone Field,recover-20220825,002,1795
194.3855,194.4243,68437,82373,Rhinolophus ferrumequinum,0.023,0.023,-1,Echolocation,/mnt/ubna_data_01_mir/recover-20220825/UBNA_002/20220823_033000.WAV,Telephone Field,recover-20220825,002,1795
194.3915,194.3996,28906,38499,Eptesicus serotinus,0.007,0.023,-1,Echolocation,/mnt/ubna_data_01_mir/recover-20220825/UBNA_002/20220823_033000.WAV,Telephone Field,recover-20220825,002,1795
194.4075,194.4472,68437,82473,Rhinolophus ferrumequinum,0.024,0.024,-1,Echolocation,/mnt/ubna_data_01_mir/recover-20220825/UBNA_002/20220823_033000.WAV,Telephone Field,recover-20220825,002,1795
194.4075,194.4167,26328,34186,Eptesicus serotinus,0.011,0.027,-1,Echolocation,/mnt/ubna_data_01_mir/recover-20220825/UBNA_002/20220823_033000.WAV,Telephone Field,recover-20220825,002,1795
194.4315,194.4386,28906,42018,Eptesicus serotinus,0.007,0.023,-1,Echolocation,/mnt/ubna_data_01_mir/recover-20220825/UBNA_002/20220823_033000.WAV,Telephone Field,recover-20220825,002,1795
194.4405,194.4776,68437,81610,Rhinolophus ferrumequinum,0.022,0.022,-1,Echolocation,/mnt/ubna_data_01_mir/recover-20220825/UBNA_002/20220823_033000.WAV,Telephone Field,recover-20220825,002,1795
194.4965,194.5098,23750,28340,Nyctalus leisleri,0.011,0.023,-1,Echolocation,/mnt/ubna_data_01_mir/recover-20220825/UBNA_002/20220823_033000.WAV,Telephone Field,recover-20220825,002,1795
194.5145,194.5523,68437,82437,Rhinolophus ferrumequinum,0.023,0.023,-1,Echolocation,/mnt/ubna_data_01_mir/recover-20220825/UBNA_002/20220823_033000.WAV,Telephone Field,recover-20220825,002,1795
194.5235,194.5593,68437,81161,Rhinolophus ferrumequinum,0.022,0.022,-1,Echolocation,/mnt/ubna_data_01_mir/recover-20220825/UBNA_002/20220823_033000.WAV,Telephone Field,recover-20220825,002,1795
194.5255,194.5341,23750,30910,Plecotus austriacus,0.008,0.023,-1,Echolocation,/mnt/ubna_data_01_mir/recover-20220825/UBNA_002/20220823_033000.WAV,Telephone Field,recover-20220825,002,1795
194.5615,194.5685,28046,46935,Eptesicus serotinus,0.007,0.024,-1,Echolocation,/mnt/ubna_data_01_mir/recover-20220825/UBNA_002/20220823_033000.WAV,Telephone Field,recover-20220825,002,1795
194.5985,194.6368,68437,81589,Rhinolophus ferrumequinum,0.022,0.022,-1,Echolocation,/mnt/ubna_data_01_mir/recover-20220825/UBNA_002/20220823_033000.WAV,Telephone Field,recover-20220825,002,1795
194.6025,194.6111,28046,40793,Eptesicus serotinus,0.008,0.022,-1,Echolocation,/mnt/ubna_data_01_mir/recover-20220825/UBNA_002/20220823_033000.WAV,Telephone Field,recover-20220825,002,1795
194.6055,194.6163,22890,28560,Nyctalus leisleri,0.011,0.023,-1,Echolocation,/mnt/ubna_data_01_mir/recover-20220825/UBNA_002/20220823_033000.WAV,Telephone Field,recover-20220825,002,1795
194.6095,194.6488,68437,82391,Rhinolophus ferrumequinum,0.022,0.022,-1,Echolocation,/mnt/ubna_data_01_mir/recover-20220825/UBNA_002/20220823_033000.WAV,Telephone Field,recover-20220825,002,1795
194.6435,194.6833,68437,82726,Rhinolophus ferrumequinum,0.025,0.025,-1,Echolocation,/mnt/ubna_data_01_mir/recover-20220825/UBNA_002/20220823_033000.WAV,Telephone Field,recover-20220825,002,1795
194.6475,194.6568,23750,30921,Nyctalus leisleri,0.007,0.021,-1,Echolocation,/mnt/ubna_data_01_mir/recover-20220825/UBNA_002/20220823_033000.WAV,Telephone Field,recover-20220825,002,1795
194.6615,194.7053,68437,83346,Rhinolophus ferrumequinum,0.033,0.033,-1,Echolocation,/mnt/ubna_data_01_mir/recover-20220825/UBNA_002/20220823_033000.WAV,Telephone Field,recover-20220825,002,1795
194.67849999999999,194.6897,42656,46382,Pipistrellus pipistrellus,0.017,0.022,-1,Echolocation,/mnt/ubna_data_01_mir/recover-20220825/UBNA_002/20220823_033000.WAV,Telephone Field,recover-20220825,002,1795
194.7015,194.7398,68437,81500,Rhinolophus ferrumequinum,0.025,0.025,-1,Echolocation,/mnt/ubna_data_01_mir/recover-20220825/UBNA_002/20220823_033000.WAV,Telephone Field,recover-20220825,002,1795
194.7245,194.733,14296,22928,Plecotus auritus,0.012,0.024,-1,Echolocation,/mnt/ubna_data_01_mir/recover-20220825/UBNA_002/20220823_033000.WAV,Telephone Field,recover-20220825,002,1795
194.7605,194.7983,68437,81898,Rhinolophus ferrumequinum,0.021,0.021,-1,Echolocation,/mnt/ubna_data_01_mir/recover-20220825/UBNA_002/20220823_033000.WAV,Telephone Field,recover-20220825,002,1795
194.7675,194.7742,27187,38918,Eptesicus serotinus,0.01,0.032,-1,Echolocation,/mnt/ubna_data_01_mir/recover-20220825/UBNA_002/20220823_033000.WAV,Telephone Field,recover-20220825,002,1795
194.7875,194.8276,68437,82964,Rhinolophus ferrumequinum,0.027,0.027,-1,Echolocation,/mnt/ubna_data_01_mir/recover-20220825/UBNA_002/20220823_033000.WAV,Telephone Field,recover-20220825,002,1795
194.8325,194.8388,51250,58006,Pipistrellus pipistrellus,0.019,0.022,-1,Echolocation,/mnt/ubna_data_01_mir/recover-20220825/UBNA_002/20220823_033000.WAV,Telephone Field,recover-20220825,002,1795
194.8325,194.8702,68437,81464,Rhinolophus ferrumequinum,0.023,0.023,-1,Echolocation,/mnt/ubna_data_01_mir/recover-20220825/UBNA_002/20220823_033000.WAV,Telephone Field,recover-20220825,002,1795
194.8515,194.858,26328,36576,Plecotus auritus,0.008,0.028,-1,Echolocation,/mnt/ubna_data_01_mir/recover-20220825/UBNA_002/20220823_033000.WAV,Telephone Field,recover-20220825,002,1795
194.8865,194.9243,68437,81888,Rhinolophus ferrumequinum,0.022,0.022,-1,Echolocation,/mnt/ubna_data_01_mir/recover-20220825/UBNA_002/20220823_033000.WAV,Telephone Field,recover-20220825,002,1795
194.8895,194.8985,46093,52914,Pipistrellus pipistrellus,0.033,0.036,-1,Echolocation,/mnt/ubna_data_01_mir/recover-20220825/UBNA_002/20220823_033000.WAV,Telephone Field,recover-20220825,002,1795
194.9265,194.96620000000001,68437,82829,Rhinolophus ferrumequinum,0.027,0.027,-1,Echolocation,/mnt/ubna_data_01_mir/recover-20220825/UBNA_002/20220823_033000.WAV,Telephone Field,recover-20220825,002,1795
194.9445,194.9568,27187,33350,Eptesicus serotinus,0.015,0.026,-1,Echolocation,/mnt/ubna_data_01_mir/recover-20220825/UBNA_002/20220823_033000.WAV,Telephone Field,recover-20220825,002,1795
194.9495,194.9909,68437,82749,Rhinolophus ferrumequinum,0.038,0.038,-1,Echolocation,/mnt/ubna_data_01_mir/recover-20220825/UBNA_002/20220823_033000.WAV,Telephone Field,recover-20220825,002,1795
194.9555,194.9649,28906,36720,Eptesicus serotinus,0.009,0.022,-1,Echolocation,/mnt/ubna_data_01_mir/recover-20220825/UBNA_002/20220823_033000.WAV,Telephone Field,recover-20220825,002,1795
194.9855,195.0276,68437,82315,Rhinolophus ferrumequinum,0.024,0.024,-1,Echolocation,/mnt/ubna_data_01_mir/recover-20220825/UBNA_002/20220823_033000.WAV,Telephone Field,recover-20220825,002,1795
195.0045,195.0131,28046,40769,Eptesicus serotinus,0.009,0.021,-1,Echolocation,/mnt/ubna_data_01_mir/recover-20220825/UBNA_002/20220823_033000.WAV,Telephone Field,recover-20220825,002,1795
195.0145,195.0497,68437,81575,Rhinolophus ferrumequinum,0.021,0.021,-1,Echolocation,/mnt/ubna_data_01_mir/recover-20220825/UBNA_002/20220823_033000.WAV,Telephone Field,recover-20220825,002,1795
195.0265,195.0653,68437,81228,Rhinolophus ferrumequinum,0.021,0.021,-1,Echolocation,/mnt/ubna_data_01_mir/recover-20220825/UBNA_002/20220823_033000.WAV,Telephone Field,recover-20220825,002,1795
195.0585,195.0949,68437,81282,Rhinolophus ferrumequinum,0.021,0.021,-1,Echolocation,/mnt/ubna_data_01_mir/recover-20220825/UBNA_002/20220823_033000.WAV,Telephone Field,recover-20220825,002,1795
195.0645,195.0978,68437,81405,Rhinolophus ferrumequinum,0.021,0.022,-1,Echolocation,/mnt/ubna_data_01_mir/recover-20220825/UBNA_002/20220823_033000.WAV,Telephone Field,recover-20220825,002,1795
195.0935,195.101,28046,41509,Eptesicus serotinus,0.007,0.024,-1,Echolocation,/mnt/ubna_data_01_mir/recover-20220825/UBNA_002/20220823_033000.WAV,Telephone Field,recover-20220825,002,1795
195.1355,195.1725,68437,81403,Rhinolophus ferrumequinum,0.022,0.022,-1,Echolocation,/mnt/ubna_data_01_mir/recover-20220825/UBNA_002/20220823_033000.WAV,Telephone Field,recover-20220825,002,1795
195.1385,195.1467,28046,36660,Eptesicus serotinus,0.01,0.024,-1,Echolocation,/mnt/ubna_data_01_mir/recover-20220825/UBNA_002/20220823_033000.WAV,Telephone Field,recover-20220825,002,1795
195.1415,195.1802,68437,81744,Rhinolophus ferrumequinum,0.022,0.022,-1,Echolocation,/mnt/ubna_data_01_mir/recover-20220825/UBNA_002/20220823_033000.WAV,Telephone Field,recover-20220825,002,1795
195.1745,195.216,68437,82278,Rhinolophus ferrumequinum,0.03,0.03,-1,Echolocation,/mnt/ubna_data_01_mir/recover-20220825/UBNA_002/20220823_033000.WAV,Telephone Field,recover-20220825,002,1795
195.1795,195.2196,68437,82267,Rhinolophus ferrumequinum,0.03,0.031,-1,Echolocation,/mnt/ubna_data_01_mir/recover-20220825/UBNA_002/20220823_033000.WAV,Telephone Field,recover-20220825,002,1795
195.2225,195.2337,24609,30142,Nyctalus leisleri,0.009,0.022,-1,Echolocation,/mnt/ubna_data_01_mir/recover-20220825/UBNA_002/20220823_033000.WAV,Telephone Field,recover-20220825,002,1795
195.2235,195.2611,68437,81701,Rhinolophus ferrumequinum,0.021,0.021,-1,Echolocation,/mnt/ubna_data_01_mir/recover-20220825/UBNA_002/20220823_033000.WAV,Telephone Field,recover-20220825,002,1795
195.2825,195.3246,68437,82438,Rhinolophus ferrumequinum,0.024,0.024,-1,Echolocation,/mnt/ubna_data_01_mir/recover-20220825/UBNA_002/20220823_033000.WAV,Telephone Field,recover-20220825,002,1795
195.3195,195.3621,68437,82834,Rhinolophus ferrumequinum,0.027,0.027,-1,Echolocation,/mnt/ubna_data_01_mir/recover-20220825/UBNA_002/20220823_033000.WAV,Telephone Field,recover-20220825,002,1795
195.3255,195.3679,68437,83530,Rhinolophus ferrumequinum,0.028,0.028,-1,Echolocation,/mnt/ubna_data_01_mir/recover-20220825/UBNA_002/20220823_033000.WAV,Telephone Field,recover-20220825,002,1795
195.3305,195.3398,28906,37456,Eptesicus serotinus,0.011,0.026,-1,Echolocation,/mnt/ubna_data_01_mir/recover-20220825/UBNA_002/20220823_033000.WAV,Telephone Field,recover-20220825,002,1795
195.3565,195.3672,22890,28351,Nyctalus leisleri,0.009,0.021,-1,Echolocation,/mnt/ubna_data_01_mir/recover-20220825/UBNA_002/20220823_033000.WAV,Telephone Field,recover-20220825,002,1795
195.3715,195.3825,27187,34601,Eptesicus serotinus,0.016,0.032,-1,Echolocation,/mnt/ubna_data_01_mir/recover-20220825/UBNA_002/20220823_033000.WAV,Telephone Field,recover-20220825,002,1795
195.3805,195.3916,28046,34074,Eptesicus serotinus,0.011,0.023,-1,Echolocation,/mnt/ubna_data_01_mir/recover-20220825/UBNA_002/20220823_033000.WAV,Telephone Field,recover-20220825,002,1795
195.4295,195.4386,28906,38543,Eptesicus serotinus,0.008,0.021,-1,Echolocation,/mnt/ubna_data_01_mir/recover-20220825/UBNA_002/20220823_033000.WAV,Telephone Field,recover-20220825,002,1795
195.44650000000001,195.4567,24609,31876,Eptesicus serotinus,0.01,0.027,-1,Echolocation,/mnt/ubna_data_01_mir/recover-20220825/UBNA_002/20220823_033000.WAV,Telephone Field,recover-20220825,002,1795
195.4825,195.5211,68437,82407,Rhinolophus ferrumequinum,0.023,0.023,-1,Echolocation,/mnt/ubna_data_01_mir/recover-20220825/UBNA_002/20220823_033000.WAV,Telephone Field,recover-20220825,002,1795
195.4955,195.5375,68437,82499,Rhinolophus ferrumequinum,0.026,0.026,-1,Echolocation,/mnt/ubna_data_01_mir/recover-20220825/UBNA_002/20220823_033000.WAV,Telephone Field,recover-20220825,002,1795
195.5065,195.5148,28046,40232,Eptesicus serotinus,0.008,0.022,-1,Echolocation,/mnt/ubna_data_01_mir/recover-20220825/UBNA_002/20220823_033000.WAV,Telephone Field,recover-20220825,002,1795
195.5125,195.55,68437,82041,Rhinolophus ferrumequinum,0.021,0.021,-1,Echolocation,/mnt/ubna_data_01_mir/recover-20220825/UBNA_002/20220823_033000.WAV,Telephone Field,recover-20220825,002,1795
195.5395,195.5467,28046,40433,Eptesicus serotinus,0.007,0.023,-1,Echolocation,/mnt/ubna_data_01_mir/recover-20220825/UBNA_002/20220823_033000.WAV,Telephone Field,recover-20220825,002,1795
195.5705,195.6116,68437,82376,Rhinolophus ferrumequinum,0.044,0.044,-1,Echolocation,/mnt/ubna_data_01_mir/recover-20220825/UBNA_002/20220823_033000.WAV,Telephone Field,recover-20220825,002,1795
195.5725,195.5803,28906,38054,Eptesicus serotinus,0.006,0.021,-1,Echolocation,/mnt/ubna_data_01_mir/recover-20220825/UBNA_002/20220823_033000.WAV,Telephone Field,recover-20220825,002,1795
195.5765,195.5827,49531,53878,Pipistrellus pipistrellus,0.025,0.027,-1,Echolocation,/mnt/ubna_data_01_mir/recover-20220825/UBNA_002/20220823_033000.WAV,Telephone Field,recover-20220825,002,1795
195.58350000000002,195.5941,24609,31371,Eptesicus serotinus,0.01,0.027,-1,Echolocation,/mnt/ubna_data_01_mir/recover-20220825/UBNA_002/20220823_033000.WAV,Telephone Field,recover-20220825,002,1795
195.5955,195.6318,68437,82092,Rhinolophus ferrumequinum,0.022,0.022,-1,Echolocation,/mnt/ubna_data_01_mir/recover-20220825/UBNA_002/20220823_033000.WAV,Telephone Field,recover-20220825,002,1795
195.6705,195.706,68437,81174,Rhinolophus ferrumequinum,0.023,0.024,-1,Echolocation,/mnt/ubna_data_01_mir/recover-20220825/UBNA_002/20220823_033000.WAV,Telephone Field,recover-20220825,002,1795
195.6765,195.7123,68437,81787,Rhinolophus ferrumequinum,0.025,0.025,-1,Echolocation,/mnt/ubna_data_01_mir/recover-20220825/UBNA_002/20220823_033000.WAV,Telephone Field,recover-20220825,002,1795
195.6885,195.7319,68437,83249,Rhinolophus ferrumequinum,0.035,0.035,-1,Echolocation,/mnt/ubna_data_01_mir/recover-20220825/UBNA_002/20220823_033000.WAV,Telephone Field,recover-20220825,002,1795
195.7165,195.7237,23750,32542,Plecotus austriacus,0.008,0.021,-1,Echolocation,/mnt/ubna_data_01_mir/recover-20220825/UBNA_002/20220823_033000.WAV,Telephone Field,recover-20220825,002,1795
195.7315,195.7465,26328,31745,Eptesicus serotinus,0.016,0.034,-1,Echolocation,/mnt/ubna_data_01_mir/recover-20220825/UBNA_002/20220823_033000.WAV,Telephone Field,recover-20220825,002,1795
195.7425,195.7843,68437,82837,Rhinolophus ferrumequinum,0.032,0.032,-1,Echolocation,/mnt/ubna_data_01_mir/recover-20220825/UBNA_002/20220823_033000.WAV,Telephone Field,recover-20220825,002,1795
195.7505,195.76069999999999,44375,49648,Pipistrellus pipistrellus,0.031,0.043,-1,Echolocation,/mnt/ubna_data_01_mir/recover-20220825/UBNA_002/20220823_033000.WAV,Telephone Field,recover-20220825,002,1795
195.7535,195.7621,28046,40135,Eptesicus serotinus,0.009,0.024,-1,Echolocation,/mnt/ubna_data_01_mir/recover-20220825/UBNA_002/20220823_033000.WAV,Telephone Field,recover-20220825,002,1795
195.7855,195.79410000000001,28046,36389,Eptesicus serotinus,0.014,0.03,-1,Echolocation,/mnt/ubna_data_01_mir/recover-20220825/UBNA_002/20220823_033000.WAV,Telephone Field,recover-20220825,002,1795
195.82150000000001,195.83,28046,40570,Eptesicus serotinus,0.008,0.022,-1,Echolocation,/mnt/ubna_data_01_mir/recover-20220825/UBNA_002/20220823_033000.WAV,Telephone Field,recover-20220825,002,1795
195.82150000000001,195.8593,68437,81655,Rhinolophus ferrumequinum,0.026,0.026,-1,Echolocation,/mnt/ubna_data_01_mir/recover-20220825/UBNA_002/20220823_033000.WAV,Telephone Field,recover-20220825,002,1795
195.8525,195.8598,27187,40981,Eptesicus serotinus,0.006,0.021,-1,Echolocation,/mnt/ubna_data_01_mir/recover-20220825/UBNA_002/20220823_033000.WAV,Telephone Field,recover-20220825,002,1795
195.8635,195.8982,68437,81303,Rhinolophus ferrumequinum,0.021,0.021,-1,Echolocation,/mnt/ubna_data_01_mir/recover-20220825/UBNA_002/20220823_033000.WAV,Telephone Field,recover-20220825,002,1795
195.8855,195.8942,28046,38834,Eptesicus serotinus,0.01,0.025,-1,Echolocation,/mnt/ubna_data_01_mir/recover-20220825/UBNA_002/20220823_033000.WAV,Telephone Field,recover-20220825,002,1795
195.8875,195.9302,68437,82860,Rhinolophus ferrumequinum,0.031,0.031,-1,Echolocation,/mnt/ubna_data_01_mir/recover-20220825/UBNA_002/20220823_033000.WAV,Telephone Field,recover-20220825,002,1795
195.9065,195.9203,22031,25971,Nyctalus leisleri,0.015,0.029,-1,Echolocation,/mnt/ubna_data_01_mir/recover-20220825/UBNA_002/20220823_033000.WAV,Telephone Field,recover-20220825,002,1795
195.9265,195.9631,68437,82018,Rhinolophus ferrumequinum,0.024,0.024,-1,Echolocation,/mnt/ubna_data_01_mir/recover-20220825/UBNA_002/20220823_033000.WAV,Telephone Field,recover-20220825,002,1795
195.9395,195.9496,23750,29731,Nyctalus leisleri,0.008,0.022,-1,Echolocation,/mnt/ubna_data_01_mir/recover-20220825/UBNA_002/20220823_033000.WAV,Telephone Field,recover-20220825,002,1795
195.9395,195.9798,68437,83010,Rhinolophus ferrumequinum,0.024,0.024,-1,Echolocation,/mnt/ubna_data_01_mir/recover-20220825/UBNA_002/20220823_033000.WAV,Telephone Field,recover-20220825,002,1795
195.9825,195.9916,22890,29454,Plecotus austriacus,0.007,0.021,-1,Echolocation,/mnt/ubna_data_01_mir/recover-20220825/UBNA_002/20220823_033000.WAV,Telephone Field,recover-20220825,002,1795
196.0015,196.0157,17734,22906,Nyctalus noctula,0.017,0.037,-1,Echolocation,/mnt/ubna_data_01_mir/recover-20220825/UBNA_002/20220823_033000.WAV,Telephone Field,recover-20220825,002,1795
196.0015,196.0091,48671,55396,Pipistrellus pipistrellus,0.018,0.024,-1,Echolocation,/mnt/ubna_data_01_mir/recover-20220825/UBNA_002/20220823_033000.WAV,Telephone Field,recover-20220825,002,1795
196.0015,196.0102,26328,34973,Nyctalus leisleri,0.009,0.03,-1,Echolocation,/mnt/ubna_data_01_mir/recover-20220825/UBNA_002/20220823_033000.WAV,Telephone Field,recover-20220825,002,1795
196.0015,196.0343,69296,81978,Rhinolophus ferrumequinum,0.03,0.03,-1,Echolocation,/mnt/ubna_data_01_mir/recover-20220825/UBNA_002/20220823_033000.WAV,Telephone Field,recover-20220825,002,1795
196.0085,196.051,68437,81791,Rhinolophus ferrumequinum,0.024,0.024,-1,Echolocation,/mnt/ubna_data_01_mir/recover-20220825/UBNA_002/20220823_033000.WAV,Telephone Field,recover-20220825,002,1795
196.0235,196.0317,28046,37543,Eptesicus serotinus,0.008,0.023,-1,Echolocation,/mnt/ubna_data_01_mir/recover-20220825/UBNA_002/20220823_033000.WAV,Telephone Field,recover-20220825,002,1795
196.0565,196.0964,68437,82351,Rhinolophus ferrumequinum,0.021,0.021,-1,Echolocation,/mnt/ubna_data_01_mir/recover-20220825/UBNA_002/20220823_033000.WAV,Telephone Field,recover-20220825,002,1795
196.0615,196.0708,28046,37251,Eptesicus serotinus,0.008,0.022,-1,Echolocation,/mnt/ubna_data_01_mir/recover-20220825/UBNA_002/20220823_033000.WAV,Telephone Field,recover-20220825,002,1795
196.0735,196.1112,68437,81520,Rhinolophus ferrumequinum,0.02,0.02,-1,Echolocation,/mnt/ubna_data_01_mir/recover-20220825/UBNA_002/20220823_033000.WAV,Telephone Field,recover-20220825,002,1795
196.0895,196.0985,27187,37226,Eptesicus serotinus,0.008,0.02,-1,Echolocation,/mnt/ubna_data_01_mir/recover-20220825/UBNA_002/20220823_033000.WAV,Telephone Field,recover-20220825,002,1795
196.1205,196.1305,28046,36029,Eptesicus serotinus,0.008,0.02,-1,Echolocation,/mnt/ubna_data_01_mir/recover-20220825/UBNA_002/20220823_033000.WAV,Telephone Field,recover-20220825,002,1795
196.1265,196.1351,28046,38005,Eptesicus serotinus,0.006,0.02,-1,Echolocation,/mnt/ubna_data_01_mir/recover-20220825/UBNA_002/20220823_033000.WAV,Telephone Field,recover-20220825,002,1795
196.1865,196.2055,22890,26377,Nyctalus leisleri,0.016,0.025,-1,Echolocation,/mnt/ubna_data_01_mir/recover-20220825/UBNA_002/20220823_033000.WAV,Telephone Field,recover-20220825,002,1795
196.2025,196.2108,28906,38772,Eptesicus serotinus,0.007,0.02,-1,Echolocation,/mnt/ubna_data_01_mir/recover-20220825/UBNA_002/20220823_033000.WAV,Telephone Field,recover-20220825,002,1795
196.2035,196.2374,68437,81111,Rhinolophus ferrumequinum,0.02,0.02,-1,Echolocation,/mnt/ubna_data_01_mir/recover-20220825/UBNA_002/20220823_033000.WAV,Telephone Field,recover-20220825,002,1795
196.2305,196.26409999999998,68437,80590,Rhinolophus ferrumequinum,0.02,0.02,-1,Echolocation,/mnt/ubna_data_01_mir/recover-20220825/UBNA_002/20220823_033000.WAV,Telephone Field,recover-20220825,002,1795
196.2685,196.3094,68437,82237,Rhinolophus ferrumequinum,0.03,0.03,-1,Echolocation,/mnt/ubna_data_01_mir/recover-20220825/UBNA_002/20220823_033000.WAV,Telephone Field,recover-20220825,002,1795
196.2905,196.3291,68437,82117,Rhinolophus ferrumequinum,0.021,0.021,-1,Echolocation,/mnt/ubna_data_01_mir/recover-20220825/UBNA_002/20220823_033000.WAV,Telephone Field,recover-20220825,002,1795
196.2945,196.3062,24609,30826,Nyctalus leisleri,0.009,0.024,-1,Echolocation,/mnt/ubna_data_01_mir/recover-20220825/UBNA_002/20220823_033000.WAV,Telephone Field,recover-20220825,002,1795
196.3185,196.35660000000001,68437,81977,Rhinolophus ferrumequinum,0.023,0.023,-1,Echolocation,/mnt/ubna_data_01_mir/recover-20220825/UBNA_002/20220823_033000.WAV,Telephone Field,recover-20220825,002,1795
196.3205,196.3291,44375,54633,Pipistrellus pipistrellus,0.022,0.031,-1,Echolocation,/mnt/ubna_data_01_mir/recover-20220825/UBNA_002/20220823_033000.WAV,Telephone Field,recover-20220825,002,1795
196.3245,196.3351,28046,35201,Eptesicus serotinus,0.011,0.026,-1,Echolocation,/mnt/ubna_data_01_mir/recover-20220825/UBNA_002/20220823_033000.WAV,Telephone Field,recover-20220825,002,1795
196.3475,196.3542,47812,50902,Pipistrellus pipistrellus,0.022,0.022,-1,Echolocation,/mnt/ubna_data_01_mir/recover-20220825/UBNA_002/20220823_033000.WAV,Telephone Field,recover-20220825,002,1795
196.3505,196.3893,68437,82210,Rhinolophus ferrumequinum,0.027,0.027,-1,Echolocation,/mnt/ubna_data_01_mir/recover-20220825/UBNA_002/20220823_033000.WAV,Telephone Field,recover-20220825,002,1795
196.3765,196.4167,68437,82526,Rhinolophus ferrumequinum,0.025,0.025,-1,Echolocation,/mnt/ubna_data_01_mir/recover-20220825/UBNA_002/20220823_033000.WAV,Telephone Field,recover-20220825,002,1795
196.3835,196.4252,68437,83345,Rhinolophus ferrumequinum,0.027,0.028,-1,Echolocation,/mnt/ubna_data_01_mir/recover-20220825/UBNA_002/20220823_033000.WAV,Telephone Field,recover-20220825,002,1795
196.3935,196.4283,68437,81502,Rhinolophus ferrumequinum,0.019,0.02,-1,Echolocation,/mnt/ubna_data_01_mir/recover-20220825/UBNA_002/20220823_033000.WAV,Telephone Field,recover-20220825,002,1795
196.4105,196.4506,68437,82203,Rhinolophus ferrumequinum,0.022,0.022,-1,Echolocation,/mnt/ubna_data_01_mir/recover-20220825/UBNA_002/20220823_033000.WAV,Telephone Field,recover-20220825,002,1795
196.4155,196.4572,68437,82630,Rhinolophus ferrumequinum,0.023,0.023,-1,Echolocation,/mnt/ubna_data_01_mir/recover-20220825/UBNA_002/20220823_033000.WAV,Telephone Field,recover-20220825,002,1795
196.4245,196.4453,18593,21570,Nyctalus noctula,0.009,0.02,-1,Echolocation,/mnt/ubna_data_01_mir/recover-20220825/UBNA_002/20220823_033000.WAV,Telephone Field,recover-20220825,002,1795
196.4535,196.495,68437,82540,Rhinolophus ferrumequinum,0.021,0.021,-1,Echolocation,/mnt/ubna_data_01_mir/recover-20220825/UBNA_002/20220823_033000.WAV,Telephone Field,recover-20220825,002,1795
196.4595,196.4671,28046,41456,Eptesicus serotinus,0.008,0.024,-1,Echolocation,/mnt/ubna_data_01_mir/recover-20220825/UBNA_002/20220823_033000.WAV,Telephone Field,recover-20220825,002,1795
196.4765,196.5112,68437,81166,Rhinolophus ferrumequinum,0.02,0.021,-1,Echolocation,/mnt/ubna_data_01_mir/recover-20220825/UBNA_002/20220823_033000.WAV,Telephone Field,recover-20220825,002,1795
196.5005,196.5099,28046,35743,Eptesicus serotinus,0.008,0.021,-1,Echolocation,/mnt/ubna_data_01_mir/recover-20220825/UBNA_002/20220823_033000.WAV,Telephone Field,recover-20220825,002,1795
196.5075,196.5161,28906,38669,Eptesicus serotinus,0.006,0.02,-1,Echolocation,/mnt/ubna_data_01_mir/recover-20220825/UBNA_002/20220823_033000.WAV,Telephone Field,recover-20220825,002,1795
196.5105,196.5447,68437,80045,Rhinolophus ferrumequinum,0.024,0.025,-1,Echolocation,/mnt/ubna_data_01_mir/recover-20220825/UBNA_002/20220823_033000.WAV,Telephone Field,recover-20220825,002,1795
196.5205,196.5289,28046,41134,Eptesicus serotinus,0.007,0.02,-1,Echolocation,/mnt/ubna_data_01_mir/recover-20220825/UBNA_002/20220823_033000.WAV,Telephone Field,recover-20220825,002,1795
196.5385,196.5495,23750,29342,Nyctalus leisleri,0.009,0.022,-1,Echolocation,/mnt/ubna_data_01_mir/recover-20220825/UBNA_002/20220823_033000.WAV,Telephone Field,recover-20220825,002,1795
196.5425,196.582,68437,82459,Rhinolophus ferrumequinum,0.021,0.021,-1,Echolocation,/mnt/ubna_data_01_mir/recover-20220825/UBNA_002/20220823_033000.WAV,Telephone Field,recover-20220825,002,1795
196.5675,196.5764,28906,37187,Eptesicus serotinus,0.008,0.023,-1,Echolocation,/mnt/ubna_data_01_mir/recover-20220825/UBNA_002/20220823_033000.WAV,Telephone Field,recover-20220825,002,1795
196.6135,196.6478,68437,81122,Rhinolophus ferrumequinum,0.02,0.02,-1,Echolocation,/mnt/ubna_data_01_mir/recover-20220825/UBNA_002/20220823_033000.WAV,Telephone Field,recover-20220825,002,1795
196.6355,196.6731,68437,82275,Rhinolophus ferrumequinum,0.021,0.021,-1,Echolocation,/mnt/ubna_data_01_mir/recover-20220825/UBNA_002/20220823_033000.WAV,Telephone Field,recover-20220825,002,1795
196.6385,196.6483,24609,32759,Eptesicus serotinus,0.007,0.024,-1,Echolocation,/mnt/ubna_data_01_mir/recover-20220825/UBNA_002/20220823_033000.WAV,Telephone Field,recover-20220825,002,1795
196.6515,196.659,28046,37383,Eptesicus serotinus,0.008,0.022,-1,Echolocation,/mnt/ubna_data_01_mir/recover-20220825/UBNA_002/20220823_033000.WAV,Telephone Field,recover-20220825,002,1795
196.6655,196.70499999999998,68437,82217,Rhinolophus ferrumequinum,0.02,0.02,-1,Echolocation,/mnt/ubna_data_01_mir/recover-20220825/UBNA_002/20220823_033000.WAV,Telephone Field,recover-20220825,002,1795
196.7075,196.7466,68437,82731,Rhinolophus ferrumequinum,0.024,0.024,-1,Echolocation,/mnt/ubna_data_01_mir/recover-20220825/UBNA_002/20220823_033000.WAV,Telephone Field,recover-20220825,002,1795
196.7285,196.7689,68437,83016,Rhinolophus ferrumequinum,0.026,0.026,-1,Echolocation,/mnt/ubna_data_01_mir/recover-20220825/UBNA_002/20220823_033000.WAV,Telephone Field,recover-20220825,002,1795
196.7305,196.7416,28906,35635,Eptesicus serotinus,0.009,0.02,-1,Echolocation,/mnt/ubna_data_01_mir/recover-20220825/UBNA_002/20220823_033000.WAV,Telephone Field,recover-20220825,002,1795
196.7425,196.7516,28046,36674,Eptesicus serotinus,0.007,0.02,-1,Echolocation,/mnt/ubna_data_01_mir/recover-20220825/UBNA_002/20220823_033000.WAV,Telephone Field,recover-20220825,002,1795
196.7725,196.8101,68437,81444,Rhinolophus ferrumequinum,0.021,0.021,-1,Echolocation,/mnt/ubna_data_01_mir/recover-20220825/UBNA_002/20220823_033000.WAV,Telephone Field,recover-20220825,002,1795
196.7845,196.8245,68437,81799,Rhinolophus ferrumequinum,0.021,0.021,-1,Echolocation,/mnt/ubna_data_01_mir/recover-20220825/UBNA_002/20220823_033000.WAV,Telephone Field,recover-20220825,002,1795
196.8255,196.8351,23750,30635,Nyctalus leisleri,0.007,0.022,-1,Echolocation,/mnt/ubna_data_01_mir/recover-20220825/UBNA_002/20220823_033000.WAV,Telephone Field,recover-20220825,002,1795
196.8545,196.8931,68437,82090,Rhinolophus ferrumequinum,0.02,0.02,-1,Echolocation,/mnt/ubna_data_01_mir/recover-20220825/UBNA_002/20220823_033000.WAV,Telephone Field,recover-20220825,002,1795
196.8605,196.8751,15156,20751,Nyctalus noctula,0.026,0.036,-1,Echolocation,/mnt/ubna_data_01_mir/recover-20220825/UBNA_002/20220823_033000.WAV,Telephone Field,recover-20220825,002,1795
196.8625,196.8697,28046,39802,Eptesicus serotinus,0.007,0.024,-1,Echolocation,/mnt/ubna_data_01_mir/recover-20220825/UBNA_002/20220823_033000.WAV,Telephone Field,recover-20220825,002,1795
196.8775,196.9146,68437,82128,Rhinolophus ferrumequinum,0.023,0.023,-1,Echolocation,/mnt/ubna_data_01_mir/recover-20220825/UBNA_002/20220823_033000.WAV,Telephone Field,recover-20220825,002,1795
196.8835,196.8924,28046,38864,Eptesicus serotinus,0.009,0.026,-1,Echolocation,/mnt/ubna_data_01_mir/recover-20220825/UBNA_002/20220823_033000.WAV,Telephone Field,recover-20220825,002,1795
196.9105,196.9184,28046,38963,Eptesicus serotinus,0.007,0.021,-1,Echolocation,/mnt/ubna_data_01_mir/recover-20220825/UBNA_002/20220823_033000.WAV,Telephone Field,recover-20220825,002,1795
196.9125,196.9228,22031,27615,Nyctalus leisleri,0.01,0.025,-1,Echolocation,/mnt/ubna_data_01_mir/recover-20220825/UBNA_002/20220823_033000.WAV,Telephone Field,recover-20220825,002,1795
196.9195,196.9561,68437,81533,Rhinolophus ferrumequinum,0.023,0.023,-1,Echolocation,/mnt/ubna_data_01_mir/recover-20220825/UBNA_002/20220823_033000.WAV,Telephone Field,recover-20220825,002,1795
196.9385,196.9758,68437,81763,Rhinolophus ferrumequinum,0.021,0.021,-1,Echolocation,/mnt/ubna_data_01_mir/recover-20220825/UBNA_002/20220823_033000.WAV,Telephone Field,recover-20220825,002,1795
196.9845,197.0207,68437,80915,Rhinolophus ferrumequinum,0.024,0.024,-1,Echolocation,/mnt/ubna_data_01_mir/recover-20220825/UBNA_002/20220823_033000.WAV,Telephone Field,recover-20220825,002,1795
197.0185,197.0283,28046,39254,Eptesicus serotinus,0.008,0.02,-1,Echolocation,/mnt/ubna_data_01_mir/recover-20220825/UBNA_002/20220823_033000.WAV,Telephone Field,recover-20220825,002,1795
197.0195,197.05610000000001,68437,81993,Rhinolophus ferrumequinum,0.02,0.02,-1,Echolocation,/mnt/ubna_data_01_mir/recover-20220825/UBNA_002/20220823_033000.WAV,Telephone Field,recover-20220825,002,1795
197.0475,197.0556,28906,38006,Eptesicus serotinus,0.006,0.022,-1,Echolocation,/mnt/ubna_data_01_mir/recover-20220825/UBNA_002/20220823_033000.WAV,Telephone Field,recover-20220825,002,1795
197.0485,197.0881,68437,82144,Rhinolophus ferrumequinum,0.02,0.02,-1,Echolocation,/mnt/ubna_data_01_mir/recover-20220825/UBNA_002/20220823_033000.WAV,Telephone Field,recover-20220825,002,1795
197.0575,197.0979,68437,82125,Rhinolophus ferrumequinum,0.02,0.02,-1,Echolocation,/mnt/ubna_data_01_mir/recover-20220825/UBNA_002/20220823_033000.WAV,Telephone Field,recover-20220825,002,1795
197.0935,197.1045,28906,36587,Eptesicus serotinus,0.012,0.025,-1,Echolocation,/mnt/ubna_data_01_mir/recover-20220825/UBNA_002/20220823_033000.WAV,Telephone Field,recover-20220825,002,1795
197.1435,197.1533,28046,37313,Eptesicus serotinus,0.009,0.022,-1,Echolocation,/mnt/ubna_data_01_mir/recover-20220825/UBNA_002/20220823_033000.WAV,Telephone Field,recover-20220825,002,1795
197.1535,197.1918,68437,82695,Rhinolophus ferrumequinum,0.022,0.022,-1,Echolocation,/mnt/ubna_data_01_mir/recover-20220825/UBNA_002/20220823_033000.WAV,Telephone Field,recover-20220825,002,1795
197.1745,197.1815,28046,38516,Eptesicus serotinus,0.006,0.022,-1,Echolocation,/mnt/ubna_data_01_mir/recover-20220825/UBNA_002/20220823_033000.WAV,Telephone Field,recover-20220825,002,1795
197.1835,197.2258,68437,83115,Rhinolophus ferrumequinum,0.024,0.024,-1,Echolocation,/mnt/ubna_data_01_mir/recover-20220825/UBNA_002/20220823_033000.WAV,Telephone Field,recover-20220825,002,1795
197.2155,197.2533,68437,82106,Rhinolophus ferrumequinum,0.022,0.022,-1,Echolocation,/mnt/ubna_data_01_mir/recover-20220825/UBNA_002/20220823_033000.WAV,Telephone Field,recover-20220825,002,1795
197.2225,197.2599,68437,82208,Rhinolophus ferrumequinum,0.022,0.022,-1,Echolocation,/mnt/ubna_data_01_mir/recover-20220825/UBNA_002/20220823_033000.WAV,Telephone Field,recover-20220825,002,1795
197.2495,197.2931,68437,83353,Rhinolophus ferrumequinum,0.027,0.027,-1,Echolocation,/mnt/ubna_data_01_mir/recover-20220825/UBNA_002/20220823_033000.WAV,Telephone Field,recover-20220825,002,1795
197.2655,197.2766,23750,28652,Nyctalus leisleri,0.013,0.025,-1,Echolocation,/mnt/ubna_data_01_mir/recover-20220825/UBNA_002/20220823_033000.WAV,Telephone Field,recover-20220825,002,1795
197.2755,197.2884,37500,43032,Pipistrellus nathusii,0.01,0.02,-1,Echolocation,/mnt/ubna_data_01_mir/recover-20220825/UBNA_002/20220823_033000.WAV,Telephone Field,recover-20220825,002,1795
197.2765,197.3125,68437,81215,Rhinolophus ferrumequinum,0.023,0.023,-1,Echolocation,/mnt/ubna_data_01_mir/recover-20220825/UBNA_002/20220823_033000.WAV,Telephone Field,recover-20220825,002,1795
197.2885,197.3263,68437,82258,Rhinolophus ferrumequinum,0.022,0.022,-1,Echolocation,/mnt/ubna_data_01_mir/recover-20220825/UBNA_002/20220823_033000.WAV,Telephone Field,recover-20220825,002,1795
197.3055,197.3159,28906,36089,Eptesicus serotinus,0.009,0.023,-1,Echolocation,/mnt/ubna_data_01_mir/recover-20220825/UBNA_002/20220823_033000.WAV,Telephone Field,recover-20220825,002,1795
197.3205,197.3591,68437,81859,Rhinolophus ferrumequinum,0.02,0.02,-1,Echolocation,/mnt/ubna_data_01_mir/recover-20220825/UBNA_002/20220823_033000.WAV,Telephone Field,recover-20220825,002,1795
197.3375,197.3761,68437,82560,Rhinolophus ferrumequinum,0.021,0.021,-1,Echolocation,/mnt/ubna_data_01_mir/recover-20220825/UBNA_002/20220823_033000.WAV,Telephone Field,recover-20220825,002,1795
197.3395,197.3473,24609,33104,Plecotus austriacus,0.006,0.02,-1,Echolocation,/mnt/ubna_data_01_mir/recover-20220825/UBNA_002/20220823_033000.WAV,Telephone Field,recover-20220825,002,1795
197.3475,197.3606,14296,19715,Nyctalus noctula,0.012,0.02,-1,Echolocation,/mnt/ubna_data_01_mir/recover-20220825/UBNA_002/20220823_033000.WAV,Telephone Field,recover-20220825,002,1795
197.3565,197.3638,27187,39407,Eptesicus serotinus,0.006,0.02,-1,Echolocation,/mnt/ubna_data_01_mir/recover-20220825/UBNA_002/20220823_033000.WAV,Telephone Field,recover-20220825,002,1795
197.3795,197.42000000000002,68437,82287,Rhinolophus ferrumequinum,0.02,0.02,-1,Echolocation,/mnt/ubna_data_01_mir/recover-20220825/UBNA_002/20220823_033000.WAV,Telephone Field,recover-20220825,002,1795
197.3845,197.3944,22031,27717,Nyctalus leisleri,0.008,0.021,-1,Echolocation,/mnt/ubna_data_01_mir/recover-20220825/UBNA_002/20220823_033000.WAV,Telephone Field,recover-20220825,002,1795
197.4475,197.4854,68437,82117,Rhinolophus ferrumequinum,0.022,0.022,-1,Echolocation,/mnt/ubna_data_01_mir/recover-20220825/UBNA_002/20220823_033000.WAV,Telephone Field,recover-20220825,002,1795
197.4545,197.4647,22890,27652,Nyctalus leisleri,0.011,0.021,-1,Echolocation,/mnt/ubna_data_01_mir/recover-20220825/UBNA_002/20220823_033000.WAV,Telephone Field,recover-20220825,002,1795
197.4625,197.5028,68437,82584,Rhinolophus ferrumequinum,0.024,0.024,-1,Echolocation,/mnt/ubna_data_01_mir/recover-20220825/UBNA_002/20220823_033000.WAV,Telephone Field,recover-20220825,002,1795
197.4845,197.5246,68437,82360,Rhinolophus ferrumequinum,0.036,0.036,-1,Echolocation,/mnt/ubna_data_01_mir/recover-20220825/UBNA_002/20220823_033000.WAV,Telephone Field,recover-20220825,002,1795
197.5015,197.5091,33203,43867,Myotis daubentonii,0.009,0.021,-1,Echolocation,/mnt/ubna_data_01_mir/recover-20220825/UBNA_002/20220823_033000.WAV,Telephone Field,recover-20220825,002,1795
197.5215,197.5303,28046,37415,Eptesicus serotinus,0.01,0.023,-1,Echolocation,/mnt/ubna_data_01_mir/recover-20220825/UBNA_002/20220823_033000.WAV,Telephone Field,recover-20220825,002,1795
197.5345,197.5753,68437,82809,Rhinolophus ferrumequinum,0.021,0.021,-1,Echolocation,/mnt/ubna_data_01_mir/recover-20220825/UBNA_002/20220823_033000.WAV,Telephone Field,recover-20220825,002,1795
197.5875,197.6238,68437,82382,Rhinolophus ferrumequinum,0.022,0.022,-1,Echolocation,/mnt/ubna_data_01_mir/recover-20220825/UBNA_002/20220823_033000.WAV,Telephone Field,recover-20220825,002,1795
197.6015,197.6358,68437,81107,Rhinolophus ferrumequinum,0.023,0.023,-1,Echolocation,/mnt/ubna_data_01_mir/recover-20220825/UBNA_002/20220823_033000.WAV,Telephone Field,recover-20220825,002,1795
197.6135,197.623,25468,32842,Nyctalus leisleri,0.006,0.021,-1,Echolocation,/mnt/ubna_data_01_mir/recover-20220825/UBNA_002/20220823_033000.WAV,Telephone Field,recover-20220825,002,1795
197.6515,197.6906,68437,82486,Rhinolophus ferrumequinum,0.022,0.022,-1,Echolocation,/mnt/ubna_data_01_mir/recover-20220825/UBNA_002/20220823_033000.WAV,Telephone Field,recover-20220825,002,1795
197.6825,197.7228,68437,82721,Rhinolophus ferrumequinum,0.031,0.031,-1,Echolocation,/mnt/ubna_data_01_mir/recover-20220825/UBNA_002/20220823_033000.WAV,Telephone Field,recover-20220825,002,1795
197.7195,197.7281,23750,31478,Plecotus austriacus,0.007,0.023,-1,Echolocation,/mnt/ubna_data_01_mir/recover-20220825/UBNA_002/20220823_033000.WAV,Telephone Field,recover-20220825,002,1795
197.7215,197.7549,68437,80242,Rhinolophus ferrumequinum,0.019,0.02,-1,Echolocation,/mnt/ubna_data_01_mir/recover-20220825/UBNA_002/20220823_033000.WAV,Telephone Field,recover-20220825,002,1795
197.7265,197.7335,23750,32220,Plecotus austriacus,0.01,0.022,-1,Echolocation,/mnt/ubna_data_01_mir/recover-20220825/UBNA_002/20220823_033000.WAV,Telephone Field,recover-20220825,002,1795
197.7275,197.7339,28046,38051,Eptesicus serotinus,0.005,0.022,-1,Echolocation,/mnt/ubna_data_01_mir/recover-20220825/UBNA_002/20220823_033000.WAV,Telephone Field,recover-20220825,002,1795
197.7315,197.7674,68437,81544,Rhinolophus ferrumequinum,0.02,0.021,-1,Echolocation,/mnt/ubna_data_01_mir/recover-20220825/UBNA_002/20220823_033000.WAV,Telephone Field,recover-20220825,002,1795
197.7535,197.7913,68437,82202,Rhinolophus ferrumequinum,0.02,0.02,-1,Echolocation,/mnt/ubna_data_01_mir/recover-20220825/UBNA_002/20220823_033000.WAV,Telephone Field,recover-20220825,002,1795
197.8245,197.86169999999998,68437,81324,Rhinolophus ferrumequinum,0.021,0.021,-1,Echolocation,/mnt/ubna_data_01_mir/recover-20220825/UBNA_002/20220823_033000.WAV,Telephone Field,recover-20220825,002,1795
197.8365,197.845,47812,51428,Pipistrellus pipistrellus,0.031,0.033,-1,Echolocation,/mnt/ubna_data_01_mir/recover-20220825/UBNA_002/20220823_033000.WAV,Telephone Field,recover-20220825,002,1795
197.8645,197.90449999999998,68437,82281,Rhinolophus ferrumequinum,0.025,0.025,-1,Echolocation,/mnt/ubna_data_01_mir/recover-20220825/UBNA_002/20220823_033000.WAV,Telephone Field,recover-20220825,002,1795
197.8755,197.91140000000001,68437,81125,Rhinolophus ferrumequinum,0.019,0.02,-1,Echolocation,/mnt/ubna_data_01_mir/recover-20220825/UBNA_002/20220823_033000.WAV,Telephone Field,recover-20220825,002,1795
197.8815,197.895,33203,37220,Pipistrellus nathusii,0.01,0.032,-1,Echolocation,/mnt/ubna_data_01_mir/recover-20220825/UBNA_002/20220823_033000.WAV,Telephone Field,recover-20220825,002,1795
197.8955,197.9024,26328,42462,Eptesicus serotinus,0.005,0.02,-1,Echolocation,/mnt/ubna_data_01_mir/recover-20220825/UBNA_002/20220823_033000.WAV,Telephone Field,recover-20220825,002,1795
197.9115,197.9194,28046,39244,Eptesicus serotinus,0.006,0.02,-1,Echolocation,/mnt/ubna_data_01_mir/recover-20220825/UBNA_002/20220823_033000.WAV,Telephone Field,recover-20220825,002,1795
197.9595,197.9985,68437,81944,Rhinolophus ferrumequinum,0.022,0.022,-1,Echolocation,/mnt/ubna_data_01_mir/recover-20220825/UBNA_002/20220823_033000.WAV,Telephone Field,recover-20220825,002,1795
198.0015,198.0151,26328,31741,Nyctalus leisleri,0.023,0.047,-1,Echolocation,/mnt/ubna_data_01_mir/recover-20220825/UBNA_002/20220823_033000.WAV,Telephone Field,recover-20220825,002,1795
198.0015,198.03379999999999,69296,81480,Rhinolophus ferrumequinum,0.027,0.027,-1,Echolocation,/mnt/ubna_data_01_mir/recover-20220825/UBNA_002/20220823_033000.WAV,Telephone Field,recover-20220825,002,1795
198.0015,198.0111,47812,55638,Pipistrellus pipistrellus,0.027,0.034,-1,Echolocation,/mnt/ubna_data_01_mir/recover-20220825/UBNA_002/20220823_033000.WAV,Telephone Field,recover-20220825,002,1795
198.0195,198.0272,22890,31696,Plecotus austriacus,0.021,0.049,-1,Echolocation,/mnt/ubna_data_01_mir/recover-20220825/UBNA_002/20220823_033000.WAV,Telephone Field,recover-20220825,002,1795
198.0495,198.0583,28906,37875,Eptesicus serotinus,0.007,0.021,-1,Echolocation,/mnt/ubna_data_01_mir/recover-20220825/UBNA_002/20220823_033000.WAV,Telephone Field,recover-20220825,002,1795
198.0525,198.0942,68437,82069,Rhinolophus ferrumequinum,0.023,0.023,-1,Echolocation,/mnt/ubna_data_01_mir/recover-20220825/UBNA_002/20220823_033000.WAV,Telephone Field,recover-20220825,002,1795
198.0705,198.0786,27187,38726,Eptesicus serotinus,0.007,0.022,-1,Echolocation,/mnt/ubna_data_01_mir/recover-20220825/UBNA_002/20220823_033000.WAV,Telephone Field,recover-20220825,002,1795
198.0795,198.1197,68437,82286,Rhinolophus ferrumequinum,0.023,0.023,-1,Echolocation,/mnt/ubna_data_01_mir/recover-20220825/UBNA_002/20220823_033000.WAV,Telephone Field,recover-20220825,002,1795
198.1345,198.1717,68437,82130,Rhinolophus ferrumequinum,0.021,0.021,-1,Echolocation,/mnt/ubna_data_01_mir/recover-20220825/UBNA_002/20220823_033000.WAV,Telephone Field,recover-20220825,002,1795
198.1585,198.1941,68437,81495,Rhinolophus ferrumequinum,0.023,0.023,-1,Echolocation,/mnt/ubna_data_01_mir/recover-20220825/UBNA_002/20220823_033000.WAV,Telephone Field,recover-20220825,002,1795
198.1605,198.1681,28046,40926,Eptesicus serotinus,0.008,0.022,-1,Echolocation,/mnt/ubna_data_01_mir/recover-20220825/UBNA_002/20220823_033000.WAV,Telephone Field,recover-20220825,002,1795
198.1755,198.2172,68437,82176,Rhinolophus ferrumequinum,0.023,0.023,-1,Echolocation,/mnt/ubna_data_01_mir/recover-20220825/UBNA_002/20220823_033000.WAV,Telephone Field,recover-20220825,002,1795
198.1955,198.2308,68437,81052,Rhinolophus ferrumequinum,0.021,0.021,-1,Echolocation,/mnt/ubna_data_01_mir/recover-20220825/UBNA_002/20220823_033000.WAV,Telephone Field,recover-20220825,002,1795
198.2355,198.2764,68437,82796,Rhinolophus ferrumequinum,0.037,0.037,-1,Echolocation,/mnt/ubna_data_01_mir/recover-20220825/UBNA_002/20220823_033000.WAV,Telephone Field,recover-20220825,002,1795
198.2725,198.3072,68437,81344,Rhinolophus ferrumequinum,0.021,0.021,-1,Echolocation,/mnt/ubna_data_01_mir/recover-20220825/UBNA_002/20220823_033000.WAV,Telephone Field,recover-20220825,002,1795
198.2985,198.3096,22890,28585,Nyctalus leisleri,0.01,0.026,-1,Echolocation,/mnt/ubna_data_01_mir/recover-20220825/UBNA_002/20220823_033000.WAV,Telephone Field,recover-20220825,002,1795
198.30349999999999,198.3118,28046,39676,Eptesicus serotinus,0.008,0.022,-1,Echolocation,/mnt/ubna_data_01_mir/recover-20220825/UBNA_002/20220823_033000.WAV,Telephone Field,recover-20220825,002,1795
198.3125,198.3518,68437,82570,Rhinolophus ferrumequinum,0.022,0.022,-1,Echolocation,/mnt/ubna_data_01_mir/recover-20220825/UBNA_002/20220823_033000.WAV,Telephone Field,recover-20220825,002,1795
198.3175,198.3568,68437,81967,Rhinolophus ferrumequinum,0.021,0.021,-1,Echolocation,/mnt/ubna_data_01_mir/recover-20220825/UBNA_002/20220823_033000.WAV,Telephone Field,recover-20220825,002,1795
198.3295,198.3666,68437,82331,Rhinolophus ferrumequinum,0.025,0.025,-1,Echolocation,/mnt/ubna_data_01_mir/recover-20220825/UBNA_002/20220823_033000.WAV,Telephone Field,recover-20220825,002,1795
198.3355,198.3482,24609,30304,Nyctalus leisleri,0.012,0.031,-1,Echolocation,/mnt/ubna_data_01_mir/recover-20220825/UBNA_002/20220823_033000.WAV,Telephone Field,recover-20220825,002,1795
198.3395,198.3781,68437,82251,Rhinolophus ferrumequinum,0.024,0.024,-1,Echolocation,/mnt/ubna_data_01_mir/recover-20220825/UBNA_002/20220823_033000.WAV,Telephone Field,recover-20220825,002,1795
198.3445,198.385,68437,82653,Rhinolophus ferrumequinum,0.024,0.024,-1,Echolocation,/mnt/ubna_data_01_mir/recover-20220825/UBNA_002/20220823_033000.WAV,Telephone Field,recover-20220825,002,1795
198.3545,198.3935,68437,82161,Rhinolophus ferrumequinum,0.031,0.031,-1,Echolocation,/mnt/ubna_data_01_mir/recover-20220825/UBNA_002/20220823_033000.WAV,Telephone Field,recover-20220825,002,1795
198.3645,198.4025,68437,82192,Rhinolophus ferrumequinum,0.023,0.023,-1,Echolocation,/mnt/ubna_data_01_mir/recover-20220825/UBNA_002/20220823_033000.WAV,Telephone Field,recover-20220825,002,1795
198.4155,198.4554,68437,81700,Rhinolophus ferrumequinum,0.022,0.022,-1,Echolocation,/mnt/ubna_data_01_mir/recover-20220825/UBNA_002/20220823_033000.WAV,Telephone Field,recover-20220825,002,1795
198.4625,198.4726,23750,30118,Nyctalus leisleri,0.01,0.025,-1,Echolocation,/mnt/ubna_data_01_mir/recover-20220825/UBNA_002/20220823_033000.WAV,Telephone Field,recover-20220825,002,1795
198.4775,198.5156,68437,82200,Rhinolophus ferrumequinum,0.028,0.028,-1,Echolocation,/mnt/ubna_data_01_mir/recover-20220825/UBNA_002/20220823_033000.WAV,Telephone Field,recover-20220825,002,1795
198.4795,198.4881,28046,38031,Eptesicus serotinus,0.008,0.021,-1,Echolocation,/mnt/ubna_data_01_mir/recover-20220825/UBNA_002/20220823_033000.WAV,Telephone Field,recover-20220825,002,1795
198.5395,198.5485,27187,38292,Eptesicus serotinus,0.008,0.021,-1,Echolocation,/mnt/ubna_data_01_mir/recover-20220825/UBNA_002/20220823_033000.WAV,Telephone Field,recover-20220825,002,1795
198.5655,198.6033,68437,81723,Rhinolophus ferrumequinum,0.026,0.026,-1,Echolocation,/mnt/ubna_data_01_mir/recover-20220825/UBNA_002/20220823_033000.WAV,Telephone Field,recover-20220825,002,1795
198.57150000000001,198.5793,26328,35975,Eptesicus serotinus,0.009,0.025,-1,Echolocation,/mnt/ubna_data_01_mir/recover-20220825/UBNA_002/20220823_033000.WAV,Telephone Field,recover-20220825,002,1795
198.7015,198.7369,68437,81443,Rhinolophus ferrumequinum,0.021,0.021,-1,Echolocation,/mnt/ubna_data_01_mir/recover-20220825/UBNA_002/20220823_033000.WAV,Telephone Field,recover-20220825,002,1795
198.7155,198.7557,68437,81834,Rhinolophus ferrumequinum,0.023,0.023,-1,Echolocation,/mnt/ubna_data_01_mir/recover-20220825/UBNA_002/20220823_033000.WAV,Telephone Field,recover-20220825,002,1795
198.7405,198.7777,68437,82633,Rhinolophus ferrumequinum,0.026,0.026,-1,Echolocation,/mnt/ubna_data_01_mir/recover-20220825/UBNA_002/20220823_033000.WAV,Telephone Field,recover-20220825,002,1795
198.7555,198.7919,68437,81790,Rhinolophus ferrumequinum,0.023,0.024,-1,Echolocation,/mnt/ubna_data_01_mir/recover-20220825/UBNA_002/20220823_033000.WAV,Telephone Field,recover-20220825,002,1795
198.7885,198.7998,22890,28241,Nyctalus leisleri,0.01,0.021,-1,Echolocation,/mnt/ubna_data_01_mir/recover-20220825/UBNA_002/20220823_033000.WAV,Telephone Field,recover-20220825,002,1795
198.79149999999998,198.8024,38359,45143,Pipistrellus nathusii,0.018,0.028,-1,Echolocation,/mnt/ubna_data_01_mir/recover-20220825/UBNA_002/20220823_033000.WAV,Telephone Field,recover-20220825,002,1795
198.8305,198.86599999999999,68437,81539,Rhinolophus ferrumequinum,0.021,0.021,-1,Echolocation,/mnt/ubna_data_01_mir/recover-20220825/UBNA_002/20220823_033000.WAV,Telephone Field,recover-20220825,002,1795
198.8445,198.8816,68437,82029,Rhinolophus ferrumequinum,0.021,0.021,-1,Echolocation,/mnt/ubna_data_01_mir/recover-20220825/UBNA_002/20220823_033000.WAV,Telephone Field,recover-20220825,002,1795
198.8605,198.9016,68437,82404,Rhinolophus ferrumequinum,0.022,0.022,-1,Echolocation,/mnt/ubna_data_01_mir/recover-20220825/UBNA_002/20220823_033000.WAV,Telephone Field,recover-20220825,002,1795
198.8715,198.8789,28046,39642,Eptesicus serotinus,0.007,0.021,-1,Echolocation,/mnt/ubna_data_01_mir/recover-20220825/UBNA_002/20220823_033000.WAV,Telephone Field,recover-20220825,002,1795
198.8995,198.922,18593,21292,Nyctalus noctula,0.024,0.04,-1,Echolocation,/mnt/ubna_data_01_mir/recover-20220825/UBNA_002/20220823_033000.WAV,Telephone Field,recover-20220825,002,1795
198.9505,198.98930000000001,68437,81617,Rhinolophus ferrumequinum,0.021,0.021,-1,Echolocation,/mnt/ubna_data_01_mir/recover-20220825/UBNA_002/20220823_033000.WAV,Telephone Field,recover-20220825,002,1795
198.9555,198.9667,23750,30429,Nyctalus leisleri,0.014,0.032,-1,Echolocation,/mnt/ubna_data_01_mir/recover-20220825/UBNA_002/20220823_033000.WAV,Telephone Field,recover-20220825,002,1795
198.9635,199.0009,68437,82056,Rhinolophus ferrumequinum,0.021,0.021,-1,Echolocation,/mnt/ubna_data_01_mir/recover-20220825/UBNA_002/20220823_033000.WAV,Telephone Field,recover-20220825,002,1795
198.9945,199.00209999999998,28046,38608,Eptesicus serotinus,0.008,0.024,-1,Echolocation,/mnt/ubna_data_01_mir/recover-20220825/UBNA_002/20220823_033000.WAV,Telephone Field,recover-20220825,002,1795
199.0075,199.0439,68437,81571,Rhinolophus ferrumequinum,0.02,0.021,-1,Echolocation,/mnt/ubna_data_01_mir/recover-20220825/UBNA_002/20220823_033000.WAV,Telephone Field,recover-20220825,002,1795
199.0265,199.0659,68437,82133,Rhinolophus ferrumequinum,0.023,0.023,-1,Echolocation,/mnt/ubna_data_01_mir/recover-20220825/UBNA_002/20220823_033000.WAV,Telephone Field,recover-20220825,002,1795
199.0305,199.039,27187,38579,Eptesicus serotinus,0.008,0.022,-1,Echolocation,/mnt/ubna_data_01_mir/recover-20220825/UBNA_002/20220823_033000.WAV,Telephone Field,recover-20220825,002,1795
199.0475,199.0556,34062,41156,Myotis daubentonii,0.007,0.021,-1,Echolocation,/mnt/ubna_data_01_mir/recover-20220825/UBNA_002/20220823_033000.WAV,Telephone Field,recover-20220825,002,1795
199.0515,199.0588,28046,37205,Eptesicus serotinus,0.008,0.022,-1,Echolocation,/mnt/ubna_data_01_mir/recover-20220825/UBNA_002/20220823_033000.WAV,Telephone Field,recover-20220825,002,1795
199.0665,199.1055,68437,81732,Rhinolophus ferrumequinum,0.024,0.024,-1,Echolocation,/mnt/ubna_data_01_mir/recover-20220825/UBNA_002/20220823_033000.WAV,Telephone Field,recover-20220825,002,1795
199.1005,199.1393,68437,82062,Rhinolophus ferrumequinum,0.021,0.021,-1,Echolocation,/mnt/ubna_data_01_mir/recover-20220825/UBNA_002/20220823_033000.WAV,Telephone Field,recover-20220825,002,1795
199.1015,199.1084,40937,54631,Myotis mystacinus,0.007,0.021,-1,Echolocation,/mnt/ubna_data_01_mir/recover-20220825/UBNA_002/20220823_033000.WAV,Telephone Field,recover-20220825,002,1795
199.1035,199.112,27187,40258,Eptesicus serotinus,0.009,0.023,-1,Echolocation,/mnt/ubna_data_01_mir/recover-20220825/UBNA_002/20220823_033000.WAV,Telephone Field,recover-20220825,002,1795
199.1235,199.15800000000002,68437,81510,Rhinolophus ferrumequinum,0.021,0.021,-1,Echolocation,/mnt/ubna_data_01_mir/recover-20220825/UBNA_002/20220823_033000.WAV,Telephone Field,recover-20220825,002,1795
199.1365,199.1431,28046,39459,Eptesicus serotinus,0.005,0.021,-1,Echolocation,/mnt/ubna_data_01_mir/recover-20220825/UBNA_002/20220823_033000.WAV,Telephone Field,recover-20220825,002,1795
199.1725,199.1808,25468,34409,Eptesicus serotinus,0.007,0.021,-1,Echolocation,/mnt/ubna_data_01_mir/recover-20220825/UBNA_002/20220823_033000.WAV,Telephone Field,recover-20220825,002,1795
199.1905,199.2331,68437,83109,Rhinolophus ferrumequinum,0.038,0.038,-1,Echolocation,/mnt/ubna_data_01_mir/recover-20220825/UBNA_002/20220823_033000.WAV,Telephone Field,recover-20220825,002,1795
199.2335,199.272,68437,82575,Rhinolophus ferrumequinum,0.024,0.025,-1,Echolocation,/mnt/ubna_data_01_mir/recover-20220825/UBNA_002/20220823_033000.WAV,Telephone Field,recover-20220825,002,1795
199.2365,199.24360000000001,28046,38860,Eptesicus serotinus,0.006,0.022,-1,Echolocation,/mnt/ubna_data_01_mir/recover-20220825/UBNA_002/20220823_033000.WAV,Telephone Field,recover-20220825,002,1795
199.2445,199.2651,16875,22311,Nyctalus noctula,0.019,0.025,-1,Echolocation,/mnt/ubna_data_01_mir/recover-20220825/UBNA_002/20220823_033000.WAV,Telephone Field,recover-20220825,002,1795
199.2665,199.3088,68437,82787,Rhinolophus ferrumequinum,0.041,0.041,-1,Echolocation,/mnt/ubna_data_01_mir/recover-20220825/UBNA_002/20220823_033000.WAV,Telephone Field,recover-20220825,002,1795
199.2745,199.2856,28906,35084,Eptesicus serotinus,0.01,0.023,-1,Echolocation,/mnt/ubna_data_01_mir/recover-20220825/UBNA_002/20220823_033000.WAV,Telephone Field,recover-20220825,002,1795
199.2805,199.2897,28046,36638,Eptesicus serotinus,0.009,0.023,-1,Echolocation,/mnt/ubna_data_01_mir/recover-20220825/UBNA_002/20220823_033000.WAV,Telephone Field,recover-20220825,002,1795
199.3095,199.3178,40078,46670,Barbastellus barbastellus,0.012,0.024,-1,Echolocation,/mnt/ubna_data_01_mir/recover-20220825/UBNA_002/20220823_033000.WAV,Telephone Field,recover-20220825,002,1795
199.3185,199.3547,68437,81643,Rhinolophus ferrumequinum,0.021,0.021,-1,Echolocation,/mnt/ubna_data_01_mir/recover-20220825/UBNA_002/20220823_033000.WAV,Telephone Field,recover-20220825,002,1795
199.3365,199.3736,68437,81667,Rhinolophus ferrumequinum,0.021,0.021,-1,Echolocation,/mnt/ubna_data_01_mir/recover-20220825/UBNA_002/20220823_033000.WAV,Telephone Field,recover-20220825,002,1795
199.3445,199.35739999999998,22031,25825,Nyctalus leisleri,0.015,0.024,-1,Echolocation,/mnt/ubna_data_01_mir/recover-20220825/UBNA_002/20220823_033000.WAV,Telephone Field,recover-20220825,002,1795
199.4355,199.4722,68437,82102,Rhinolophus ferrumequinum,0.021,0.021,-1,Echolocation,/mnt/ubna_data_01_mir/recover-20220825/UBNA_002/20220823_033000.WAV,Telephone Field,recover-20220825,002,1795
199.47050000000002,199.5088,68437,82394,Rhinolophus ferrumequinum,0.029,0.03,-1,Echolocation,/mnt/ubna_data_01_mir/recover-20220825/UBNA_002/20220823_033000.WAV,Telephone Field,recover-20220825,002,1795
199.4755,199.4841,27187,40731,Eptesicus serotinus,0.014,0.034,-1,Echolocation,/mnt/ubna_data_01_mir/recover-20220825/UBNA_002/20220823_033000.WAV,Telephone Field,recover-20220825,002,1795
199.4945,199.5363,68437,82436,Rhinolophus ferrumequinum,0.024,0.024,-1,Echolocation,/mnt/ubna_data_01_mir/recover-20220825/UBNA_002/20220823_033000.WAV,Telephone Field,recover-20220825,002,1795
199.5035,199.5424,68437,82657,Rhinolophus ferrumequinum,0.021,0.021,-1,Echolocation,/mnt/ubna_data_01_mir/recover-20220825/UBNA_002/20220823_033000.WAV,Telephone Field,recover-20220825,002,1795
199.5125,199.5502,68437,82066,Rhinolophus ferrumequinum,0.021,0.021,-1,Echolocation,/mnt/ubna_data_01_mir/recover-20220825/UBNA_002/20220823_033000.WAV,Telephone Field,recover-20220825,002,1795
199.51749999999998,199.5245,23750,33211,Plecotus austriacus,0.012,0.026,-1,Echolocation,/mnt/ubna_data_01_mir/recover-20220825/UBNA_002/20220823_033000.WAV,Telephone Field,recover-20220825,002,1795
199.5445,199.5839,68437,82706,Rhinolophus ferrumequinum,0.022,0.022,-1,Echolocation,/mnt/ubna_data_01_mir/recover-20220825/UBNA_002/20220823_033000.WAV,Telephone Field,recover-20220825,002,1795
199.5505,199.5905,68437,82351,Rhinolophus ferrumequinum,0.022,0.022,-1,Echolocation,/mnt/ubna_data_01_mir/recover-20220825/UBNA_002/20220823_033000.WAV,Telephone Field,recover-20220825,002,1795
199.5815,199.61860000000001,68437,81507,Rhinolophus ferrumequinum,0.023,0.023,-1,Echolocation,/mnt/ubna_data_01_mir/recover-20220825/UBNA_002/20220823_033000.WAV,Telephone Field,recover-20220825,002,1795
199.5875,199.6208,68437,81866,Rhinolophus ferrumequinum,0.022,0.022,-1,Echolocation,/mnt/ubna_data_01_mir/recover-20220825/UBNA_002/20220823_033000.WAV,Telephone Field,recover-20220825,002,1795
199.60750000000002,199.6462,68437,82046,Rhinolophus ferrumequinum,0.02,0.02,-1,Echolocation,/mnt/ubna_data_01_mir/recover-20220825/UBNA_002/20220823_033000.WAV,Telephone Field,recover-20220825,002,1795
199.6095,199.6181,28046,37959,Eptesicus serotinus,0.008,0.022,-1,Echolocation,/mnt/ubna_data_01_mir/recover-20220825/UBNA_002/20220823_033000.WAV,Telephone Field,recover-20220825,002,1795
199.6265,199.6652,68437,82351,Rhinolophus ferrumequinum,0.023,0.023,-1,Echolocation,/mnt/ubna_data_01_mir/recover-20220825/UBNA_002/20220823_033000.WAV,Telephone Field,recover-20220825,002,1795
199.6765,199.7125,68437,81442,Rhinolophus ferrumequinum,0.025,0.025,-1,Echolocation,/mnt/ubna_data_01_mir/recover-20220825/UBNA_002/20220823_033000.WAV,Telephone Field,recover-20220825,002,1795
199.7015,199.7375,68437,81697,Rhinolophus ferrumequinum,0.022,0.022,-1,Echolocation,/mnt/ubna_data_01_mir/recover-20220825/UBNA_002/20220823_033000.WAV,Telephone Field,recover-20220825,002,1795
199.7115,199.7219,24609,31775,Nyctalus leisleri,0.008,0.022,-1,Echolocation,/mnt/ubna_data_01_mir/recover-20220825/UBNA_002/20220823_033000.WAV,Telephone Field,recover-20220825,002,1795
199.7295,199.7657,68437,81233,Rhinolophus ferrumequinum,0.022,0.022,-1,Echolocation,/mnt/ubna_data_01_mir/recover-20220825/UBNA_002/20220823_033000.WAV,Telephone Field,recover-20220825,002,1795
199.7375,199.7448,28046,39735,Eptesicus serotinus,0.007,0.022,-1,Echolocation,/mnt/ubna_data_01_mir/recover-20220825/UBNA_002/20220823_033000.WAV,Telephone Field,recover-20220825,002,1795
199.7475,199.7829,68437,81369,Rhinolophus ferrumequinum,0.023,0.023,-1,Echolocation,/mnt/ubna_data_01_mir/recover-20220825/UBNA_002/20220823_033000.WAV,Telephone Field,recover-20220825,002,1795
199.7555,199.7922,68437,81551,Rhinolophus ferrumequinum,0.021,0.021,-1,Echolocation,/mnt/ubna_data_01_mir/recover-20220825/UBNA_002/20220823_033000.WAV,Telephone Field,recover-20220825,002,1795
199.7935,199.8339,68437,81936,Rhinolophus ferrumequinum,0.022,0.022,-1,Echolocation,/mnt/ubna_data_01_mir/recover-20220825/UBNA_002/20220823_033000.WAV,Telephone Field,recover-20220825,002,1795
199.7995,199.8388,68437,82458,Rhinolophus ferrumequinum,0.021,0.021,-1,Echolocation,/mnt/ubna_data_01_mir/recover-20220825/UBNA_002/20220823_033000.WAV,Telephone Field,recover-20220825,002,1795
199.8195,199.86090000000002,68437,82893,Rhinolophus ferrumequinum,0.035,0.035,-1,Echolocation,/mnt/ubna_data_01_mir/recover-20220825/UBNA_002/20220823_033000.WAV,Telephone Field,recover-20220825,002,1795
199.8355,199.844,28906,37969,Eptesicus serotinus,0.009,0.024,-1,Echolocation,/mnt/ubna_data_01_mir/recover-20220825/UBNA_002/20220823_033000.WAV,Telephone Field,recover-20220825,002,1795
199.8605,199.8965,68437,81204,Rhinolophus ferrumequinum,0.031,0.031,-1,Echolocation,/mnt/ubna_data_01_mir/recover-20220825/UBNA_002/20220823_033000.WAV,Telephone Field,recover-20220825,002,1795
199.8795,199.919,68437,82881,Rhinolophus ferrumequinum,0.022,0.022,-1,Echolocation,/mnt/ubna_data_01_mir/recover-20220825/UBNA_002/20220823_033000.WAV,Telephone Field,recover-20220825,002,1795
199.8845,199.9229,68437,82247,Rhinolophus ferrumequinum,0.022,0.022,-1,Echolocation,/mnt/ubna_data_01_mir/recover-20220825/UBNA_002/20220823_033000.WAV,Telephone Field,recover-20220825,002,1795
199.9395,199.973,68437,80235,Rhinolophus ferrumequinum,0.024,0.024,-1,Echolocation,/mnt/ubna_data_01_mir/recover-20220825/UBNA_002/20220823_033000.WAV,Telephone Field,recover-20220825,002,1795
200.0015,200.012,26328,34689,Eptesicus serotinus,0.011,0.03,-1,Echolocation,/mnt/ubna_data_01_mir/recover-20220825/UBNA_002/20220823_033000.WAV,Telephone Field,recover-20220825,002,1795
200.0015,200.0356,68437,80092,Rhinolophus ferrumequinum,0.052,0.052,-1,Echolocation,/mnt/ubna_data_01_mir/recover-20220825/UBNA_002/20220823_033000.WAV,Telephone Field,recover-20220825,002,1795
200.0015,200.0129,34062,40571,Pipistrellus nathusii,0.006,0.021,-1,Echolocation,/mnt/ubna_data_01_mir/recover-20220825/UBNA_002/20220823_033000.WAV,Telephone Field,recover-20220825,002,1795
200.02949999999998,200.0369,28046,40175,Eptesicus serotinus,0.005,0.021,-1,Echolocation,/mnt/ubna_data_01_mir/recover-20220825/UBNA_002/20220823_033000.WAV,Telephone Field,recover-20220825,002,1795
200.0495,200.0872,68437,82086,Rhinolophus ferrumequinum,0.023,0.023,-1,Echolocation,/mnt/ubna_data_01_mir/recover-20220825/UBNA_002/20220823_033000.WAV,Telephone Field,recover-20220825,002,1795
200.0505,200.0625,22031,25902,Nyctalus leisleri,0.012,0.021,-1,Echolocation,/mnt/ubna_data_01_mir/recover-20220825/UBNA_002/20220823_033000.WAV,Telephone Field,recover-20220825,002,1795
200.0765,200.1157,68437,82649,Rhinolophus ferrumequinum,0.025,0.025,-1,Echolocation,/mnt/ubna_data_01_mir/recover-20220825/UBNA_002/20220823_033000.WAV,Telephone Field,recover-20220825,002,1795
200.08350000000002,200.1209,68437,81660,Rhinolophus ferrumequinum,0.021,0.021,-1,Echolocation,/mnt/ubna_data_01_mir/recover-20220825/UBNA_002/20220823_033000.WAV,Telephone Field,recover-20220825,002,1795
200.0995,200.1384,68437,82365,Rhinolophus ferrumequinum,0.022,0.022,-1,Echolocation,/mnt/ubna_data_01_mir/recover-20220825/UBNA_002/20220823_033000.WAV,Telephone Field,recover-20220825,002,1795
200.1035,200.1148,26328,34095,Eptesicus serotinus,0.017,0.036,-1,Echolocation,/mnt/ubna_data_01_mir/recover-20220825/UBNA_002/20220823_033000.WAV,Telephone Field,recover-20220825,002,1795
200.1305,200.172,68437,82677,Rhinolophus ferrumequinum,0.024,0.024,-1,Echolocation,/mnt/ubna_data_01_mir/recover-20220825/UBNA_002/20220823_033000.WAV,Telephone Field,recover-20220825,002,1795
200.1515,200.1608,24609,32693,Nyctalus leisleri,0.009,0.032,-1,Echolocation,/mnt/ubna_data_01_mir/recover-20220825/UBNA_002/20220823_033000.WAV,Telephone Field,recover-20220825,002,1795
200.1765,200.21699999999998,68437,82246,Rhinolophus ferrumequinum,0.027,0.027,-1,Echolocation,/mnt/ubna_data_01_mir/recover-20220825/UBNA_002/20220823_033000.WAV,Telephone Field,recover-20220825,002,1795
200.2345,200.2701,68437,80938,Rhinolophus ferrumequinum,0.021,0.021,-1,Echolocation,/mnt/ubna_data_01_mir/recover-20220825/UBNA_002/20220823_033000.WAV,Telephone Field,recover-20220825,002,1795
200.2635,200.2711,27187,36933,Eptesicus serotinus,0.017,0.04,-1,Echolocation,/mnt/ubna_data_01_mir/recover-20220825/UBNA_002/20220823_033000.WAV,Telephone Field,recover-20220825,002,1795
200.2695,200.31040000000002,68437,82821,Rhinolophus ferrumequinum,0.032,0.032,-1,Echolocation,/mnt/ubna_data_01_mir/recover-20220825/UBNA_002/20220823_033000.WAV,Telephone Field,recover-20220825,002,1795
200.3095,200.3174,56406,60965,Pipistrellus pygmaeus,0.028,0.029,-1,Echolocation,/mnt/ubna_data_01_mir/recover-20220825/UBNA_002/20220823_033000.WAV,Telephone Field,recover-20220825,002,1795
200.3265,200.3611,68437,81194,Rhinolophus ferrumequinum,0.022,0.022,-1,Echolocation,/mnt/ubna_data_01_mir/recover-20220825/UBNA_002/20220823_033000.WAV,Telephone Field,recover-20220825,002,1795
200.3375,200.3757,68437,82536,Rhinolophus ferrumequinum,0.023,0.023,-1,Echolocation,/mnt/ubna_data_01_mir/recover-20220825/UBNA_002/20220823_033000.WAV,Telephone Field,recover-20220825,002,1795
200.3385,200.3485,51250,58819,Pipistrellus pipistrellus,0.02,0.028,-1,Echolocation,/mnt/ubna_data_01_mir/recover-20220825/UBNA_002/20220823_033000.WAV,Telephone Field,recover-20220825,002,1795
200.3515,200.3907,68437,82367,Rhinolophus ferrumequinum,0.021,0.021,-1,Echolocation,/mnt/ubna_data_01_mir/recover-20220825/UBNA_002/20220823_033000.WAV,Telephone Field,recover-20220825,002,1795
200.3585,200.3986,68437,82541,Rhinolophus ferrumequinum,0.022,0.022,-1,Echolocation,/mnt/ubna_data_01_mir/recover-20220825/UBNA_002/20220823_033000.WAV,Telephone Field,recover-20220825,002,1795
200.3865,200.4255,68437,82176,Rhinolophus ferrumequinum,0.023,0.023,-1,Echolocation,/mnt/ubna_data_01_mir/recover-20220825/UBNA_002/20220823_033000.WAV,Telephone Field,recover-20220825,002,1795
200.4015,200.443,68437,82646,Rhinolophus ferrumequinum,0.022,0.022,-1,Echolocation,/mnt/ubna_data_01_mir/recover-20220825/UBNA_002/20220823_033000.WAV,Telephone Field,recover-20220825,002,1795
200.4275,200.4695,68437,82937,Rhinolophus ferrumequinum,0.024,0.024,-1,Echolocation,/mnt/ubna_data_01_mir/recover-20220825/UBNA_002/20220823_033000.WAV,Telephone Field,recover-20220825,002,1795
200.42849999999999,200.438,28046,38643,Eptesicus serotinus,0.01,0.024,-1,Echolocation,/mnt/ubna_data_01_mir/recover-20220825/UBNA_002/20220823_033000.WAV,Telephone Field,recover-20220825,002,1795
200.4525,200.485,68437,80308,Rhinolophus ferrumequinum,0.023,0.023,-1,Echolocation,/mnt/ubna_data_01_mir/recover-20220825/UBNA_002/20220823_033000.WAV,Telephone Field,recover-20220825,002,1795
200.4665,200.4763,27187,36347,Eptesicus serotinus,0.013,0.026,-1,Echolocation,/mnt/ubna_data_01_mir/recover-20220825/UBNA_002/20220823_033000.WAV,Telephone Field,recover-20220825,002,1795
200.4975,200.5089,22890,27593,Nyctalus leisleri,0.016,0.031,-1,Echolocation,/mnt/ubna_data_01_mir/recover-20220825/UBNA_002/20220823_033000.WAV,Telephone Field,recover-20220825,002,1795
200.5565,200.5664,23750,30715,Nyctalus leisleri,0.007,0.023,-1,Echolocation,/mnt/ubna_data_01_mir/recover-20220825/UBNA_002/20220823_033000.WAV,Telephone Field,recover-20220825,002,1795
200.5695,200.6039,68437,81453,Rhinolophus ferrumequinum,0.022,0.022,-1,Echolocation,/mnt/ubna_data_01_mir/recover-20220825/UBNA_002/20220823_033000.WAV,Telephone Field,recover-20220825,002,1795
200.5895,200.6262,68437,81844,Rhinolophus ferrumequinum,0.029,0.029,-1,Echolocation,/mnt/ubna_data_01_mir/recover-20220825/UBNA_002/20220823_033000.WAV,Telephone Field,recover-20220825,002,1795
200.5925,200.602,23750,31190,Nyctalus leisleri,0.007,0.023,-1,Echolocation,/mnt/ubna_data_01_mir/recover-20220825/UBNA_002/20220823_033000.WAV,Telephone Field,recover-20220825,002,1795
200.6215,200.6287,27187,39724,Eptesicus serotinus,0.006,0.022,-1,Echolocation,/mnt/ubna_data_01_mir/recover-20220825/UBNA_002/20220823_033000.WAV,Telephone Field,recover-20220825,002,1795
200.6335,200.6758,68437,83345,Rhinolophus ferrumequinum,0.023,0.023,-1,Echolocation,/mnt/ubna_data_01_mir/recover-20220825/UBNA_002/20220823_033000.WAV,Telephone Field,recover-20220825,002,1795
200.6445,200.6513,28906,40014,Eptesicus serotinus,0.007,0.025,-1,Echolocation,/mnt/ubna_data_01_mir/recover-20220825/UBNA_002/20220823_033000.WAV,Telephone Field,recover-20220825,002,1795
200.6555,200.6952,68437,82006,Rhinolophus ferrumequinum,0.021,0.021,-1,Echolocation,/mnt/ubna_data_01_mir/recover-20220825/UBNA_002/20220823_033000.WAV,Telephone Field,recover-20220825,002,1795
200.6615,200.671,22890,29849,Plecotus austriacus,0.008,0.026,-1,Echolocation,/mnt/ubna_data_01_mir/recover-20220825/UBNA_002/20220823_033000.WAV,Telephone Field,recover-20220825,002,1795
200.76749999999998,200.8064,68437,82504,Rhinolophus ferrumequinum,0.024,0.024,-1,Echolocation,/mnt/ubna_data_01_mir/recover-20220825/UBNA_002/20220823_033000.WAV,Telephone Field,recover-20220825,002,1795
200.7735,200.7817,28046,40096,Eptesicus serotinus,0.009,0.025,-1,Echolocation,/mnt/ubna_data_01_mir/recover-20220825/UBNA_002/20220823_033000.WAV,Telephone Field,recover-20220825,002,1795
200.7905,200.8007,27187,36096,Eptesicus serotinus,0.011,0.025,-1,Echolocation,/mnt/ubna_data_01_mir/recover-20220825/UBNA_002/20220823_033000.WAV,Telephone Field,recover-20220825,002,1795
200.8075,200.8449,68437,81927,Rhinolophus ferrumequinum,0.021,0.021,-1,Echolocation,/mnt/ubna_data_01_mir/recover-20220825/UBNA_002/20220823_033000.WAV,Telephone Field,recover-20220825,002,1795
200.8145,200.8216,28046,40271,Eptesicus serotinus,0.008,0.025,-1,Echolocation,/mnt/ubna_data_01_mir/recover-20220825/UBNA_002/20220823_033000.WAV,Telephone Field,recover-20220825,002,1795
200.8485,200.8864,68437,82227,Rhinolophus ferrumequinum,0.022,0.022,-1,Echolocation,/mnt/ubna_data_01_mir/recover-20220825/UBNA_002/20220823_033000.WAV,Telephone Field,recover-20220825,002,1795
200.8525,200.8618,28046,39123,Eptesicus serotinus,0.01,0.024,-1,Echolocation,/mnt/ubna_data_01_mir/recover-20220825/UBNA_002/20220823_033000.WAV,Telephone Field,recover-20220825,002,1795
200.9035,200.9391,68437,82018,Rhinolophus ferrumequinum,0.027,0.027,-1,Echolocation,/mnt/ubna_data_01_mir/recover-20220825/UBNA_002/20220823_033000.WAV,Telephone Field,recover-20220825,002,1795
200.91649999999998,200.9229,24609,34848,Plecotus austriacus,0.01,0.027,-1,Echolocation,/mnt/ubna_data_01_mir/recover-20220825/UBNA_002/20220823_033000.WAV,Telephone Field,recover-20220825,002,1795
200.9545,200.9937,68437,82073,Rhinolophus ferrumequinum,0.022,0.022,-1,Echolocation,/mnt/ubna_data_01_mir/recover-20220825/UBNA_002/20220823_033000.WAV,Telephone Field,recover-20220825,002,1795
200.9625,201.0027,68437,82763,Rhinolophus ferrumequinum,0.023,0.023,-1,Echolocation,/mnt/ubna_data_01_mir/recover-20220825/UBNA_002/20220823_033000.WAV,Telephone Field,recover-20220825,002,1795
200.9635,200.9709,23750,32556,Plecotus austriacus,0.009,0.022,-1,Echolocation,/mnt/ubna_data_01_mir/recover-20220825/UBNA_002/20220823_033000.WAV,Telephone Field,recover-20220825,002,1795
200.9775,201.0166,68437,82484,Rhinolophus ferrumequinum,0.026,0.026,-1,Echolocation,/mnt/ubna_data_01_mir/recover-20220825/UBNA_002/20220823_033000.WAV,Telephone Field,recover-20220825,002,1795
200.9845,201.023,68437,82452,Rhinolophus ferrumequinum,0.028,0.028,-1,Echolocation,/mnt/ubna_data_01_mir/recover-20220825/UBNA_002/20220823_033000.WAV,Telephone Field,recover-20220825,002,1795
201.0035,201.0412,68437,82043,Rhinolophus ferrumequinum,0.021,0.021,-1,Echolocation,/mnt/ubna_data_01_mir/recover-20220825/UBNA_002/20220823_033000.WAV,Telephone Field,recover-20220825,002,1795
201.0255,201.0331,23750,32365,Plecotus austriacus,0.009,0.022,-1,Echolocation,/mnt/ubna_data_01_mir/recover-20220825/UBNA_002/20220823_033000.WAV,Telephone Field,recover-20220825,002,1795
201.0435,201.053,28046,38488,Eptesicus serotinus,0.01,0.025,-1,Echolocation,/mnt/ubna_data_01_mir/recover-20220825/UBNA_002/20220823_033000.WAV,Telephone Field,recover-20220825,002,1795
201.0435,201.0846,68437,82580,Rhinolophus ferrumequinum,0.027,0.027,-1,Echolocation,/mnt/ubna_data_01_mir/recover-20220825/UBNA_002/20220823_033000.WAV,Telephone Field,recover-20220825,002,1795
201.0635,201.1022,68437,82270,Rhinolophus ferrumequinum,0.021,0.022,-1,Echolocation,/mnt/ubna_data_01_mir/recover-20220825/UBNA_002/20220823_033000.WAV,Telephone Field,recover-20220825,002,1795
201.0875,201.1003,31484,36791,Eptesicus serotinus,0.012,0.032,-1,Echolocation,/mnt/ubna_data_01_mir/recover-20220825/UBNA_002/20220823_033000.WAV,Telephone Field,recover-20220825,002,1795
201.0885,201.1259,68437,81628,Rhinolophus ferrumequinum,0.021,0.021,-1,Echolocation,/mnt/ubna_data_01_mir/recover-20220825/UBNA_002/20220823_033000.WAV,Telephone Field,recover-20220825,002,1795
201.1675,201.2068,68437,82399,Rhinolophus ferrumequinum,0.021,0.021,-1,Echolocation,/mnt/ubna_data_01_mir/recover-20220825/UBNA_002/20220823_033000.WAV,Telephone Field,recover-20220825,002,1795
201.1695,201.1781,23750,30785,Plecotus austriacus,0.006,0.021,-1,Echolocation,/mnt/ubna_data_01_mir/recover-20220825/UBNA_002/20220823_033000.WAV,Telephone Field,recover-20220825,002,1795
201.1725,201.2114,68437,82371,Rhinolophus ferrumequinum,0.021,0.021,-1,Echolocation,/mnt/ubna_data_01_mir/recover-20220825/UBNA_002/20220823_033000.WAV,Telephone Field,recover-20220825,002,1795
201.1975,201.2369,68437,82244,Rhinolophus ferrumequinum,0.022,0.022,-1,Echolocation,/mnt/ubna_data_01_mir/recover-20220825/UBNA_002/20220823_033000.WAV,Telephone Field,recover-20220825,002,1795
201.2095,201.2475,68437,81653,Rhinolophus ferrumequinum,0.022,0.022,-1,Echolocation,/mnt/ubna_data_01_mir/recover-20220825/UBNA_002/20220823_033000.WAV,Telephone Field,recover-20220825,002,1795
201.22050000000002,201.2578,68437,81900,Rhinolophus ferrumequinum,0.021,0.021,-1,Echolocation,/mnt/ubna_data_01_mir/recover-20220825/UBNA_002/20220823_033000.WAV,Telephone Field,recover-20220825,002,1795
201.2355,201.27179999999998,68437,81347,Rhinolophus ferrumequinum,0.021,0.021,-1,Echolocation,/mnt/ubna_data_01_mir/recover-20220825/UBNA_002/20220823_033000.WAV,Telephone Field,recover-20220825,002,1795
201.2585,201.2678,22890,30192,Plecotus austriacus,0.006,0.024,-1,Echolocation,/mnt/ubna_data_01_mir/recover-20220825/UBNA_002/20220823_033000.WAV,Telephone Field,recover-20220825,002,1795
201.2745,201.3128,68437,82229,Rhinolophus ferrumequinum,0.03,0.03,-1,Echolocation,/mnt/ubna_data_01_mir/recover-20220825/UBNA_002/20220823_033000.WAV,Telephone Field,recover-20220825,002,1795
201.3115,201.3184,27187,41852,Eptesicus serotinus,0.007,0.023,-1,Echolocation,/mnt/ubna_data_01_mir/recover-20220825/UBNA_002/20220823_033000.WAV,Telephone Field,recover-20220825,002,1795
201.3195,201.3405,17734,21991,Nyctalus noctula,0.019,0.028,-1,Echolocation,/mnt/ubna_data_01_mir/recover-20220825/UBNA_002/20220823_033000.WAV,Telephone Field,recover-20220825,002,1795
201.3235,201.3312,25468,35037,Eptesicus serotinus,0.006,0.024,-1,Echolocation,/mnt/ubna_data_01_mir/recover-20220825/UBNA_002/20220823_033000.WAV,Telephone Field,recover-20220825,002,1795
201.4205,201.4576,68437,81104,Rhinolophus ferrumequinum,0.028,0.028,-1,Echolocation,/mnt/ubna_data_01_mir/recover-20220825/UBNA_002/20220823_033000.WAV,Telephone Field,recover-20220825,002,1795
201.4215,201.431,28046,39316,Eptesicus serotinus,0.012,0.029,-1,Echolocation,/mnt/ubna_data_01_mir/recover-20220825/UBNA_002/20220823_033000.WAV,Telephone Field,recover-20220825,002,1795
201.4365,201.4736,68437,82144,Rhinolophus ferrumequinum,0.022,0.022,-1,Echolocation,/mnt/ubna_data_01_mir/recover-20220825/UBNA_002/20220823_033000.WAV,Telephone Field,recover-20220825,002,1795
201.4445,201.4834,68437,82500,Rhinolophus ferrumequinum,0.024,0.024,-1,Echolocation,/mnt/ubna_data_01_mir/recover-20220825/UBNA_002/20220823_033000.WAV,Telephone Field,recover-20220825,002,1795
201.4595,201.49439999999998,68437,81037,Rhinolophus ferrumequinum,0.021,0.021,-1,Echolocation,/mnt/ubna_data_01_mir/recover-20220825/UBNA_002/20220823_033000.WAV,Telephone Field,recover-20220825,002,1795
201.4785,201.5169,68437,82405,Rhinolophus ferrumequinum,0.021,0.021,-1,Echolocation,/mnt/ubna_data_01_mir/recover-20220825/UBNA_002/20220823_033000.WAV,Telephone Field,recover-20220825,002,1795
201.5135,201.5217,27187,37825,Eptesicus serotinus,0.008,0.024,-1,Echolocation,/mnt/ubna_data_01_mir/recover-20220825/UBNA_002/20220823_033000.WAV,Telephone Field,recover-20220825,002,1795
201.5225,201.561,68437,82967,Rhinolophus ferrumequinum,0.024,0.024,-1,Echolocation,/mnt/ubna_data_01_mir/recover-20220825/UBNA_002/20220823_033000.WAV,Telephone Field,recover-20220825,002,1795
201.5545,201.5898,68437,80870,Rhinolophus ferrumequinum,0.022,0.023,-1,Echolocation,/mnt/ubna_data_01_mir/recover-20220825/UBNA_002/20220823_033000.WAV,Telephone Field,recover-20220825,002,1795
201.5755,201.5869,23750,29732,Nyctalus leisleri,0.01,0.025,-1,Echolocation,/mnt/ubna_data_01_mir/recover-20220825/UBNA_002/20220823_033000.WAV,Telephone Field,recover-20220825,002,1795
201.6085,201.61599999999999,28046,41158,Eptesicus serotinus,0.006,0.021,-1,Echolocation,/mnt/ubna_data_01_mir/recover-20220825/UBNA_002/20220823_033000.WAV,Telephone Field,recover-20220825,002,1795
201.6275,201.66649999999998,68437,82684,Rhinolophus ferrumequinum,0.023,0.023,-1,Echolocation,/mnt/ubna_data_01_mir/recover-20220825/UBNA_002/20220823_033000.WAV,Telephone Field,recover-20220825,002,1795
201.6865,201.722,68437,81695,Rhinolophus ferrumequinum,0.023,0.023,-1,Echolocation,/mnt/ubna_data_01_mir/recover-20220825/UBNA_002/20220823_033000.WAV,Telephone Field,recover-20220825,002,1795
201.6905,201.6986,27187,38456,Eptesicus serotinus,0.007,0.022,-1,Echolocation,/mnt/ubna_data_01_mir/recover-20220825/UBNA_002/20220823_033000.WAV,Telephone Field,recover-20220825,002,1795
201.7055,201.7156,28046,36150,Eptesicus serotinus,0.008,0.021,-1,Echolocation,/mnt/ubna_data_01_mir/recover-20220825/UBNA_002/20220823_033000.WAV,Telephone Field,recover-20220825,002,1795
201.7235,201.7617,68437,82560,Rhinolophus ferrumequinum,0.024,0.024,-1,Echolocation,/mnt/ubna_data_01_mir/recover-20220825/UBNA_002/20220823_033000.WAV,Telephone Field,recover-20220825,002,1795
201.7395,201.7817,68437,83019,Rhinolophus ferrumequinum,0.024,0.024,-1,Echolocation,/mnt/ubna_data_01_mir/recover-20220825/UBNA_002/20220823_033000.WAV,Telephone Field,recover-20220825,002,1795
201.7565,201.7638,23750,32334,Plecotus austriacus,0.01,0.022,-1,Echolocation,/mnt/ubna_data_01_mir/recover-20220825/UBNA_002/20220823_033000.WAV,Telephone Field,recover-20220825,002,1795
201.7775,201.8153,68437,82113,Rhinolophus ferrumequinum,0.022,0.022,-1,Echolocation,/mnt/ubna_data_01_mir/recover-20220825/UBNA_002/20220823_033000.WAV,Telephone Field,recover-20220825,002,1795
201.8005,201.8071,28046,40177,Eptesicus serotinus,0.005,0.021,-1,Echolocation,/mnt/ubna_data_01_mir/recover-20220825/UBNA_002/20220823_033000.WAV,Telephone Field,recover-20220825,002,1795
201.8115,201.8499,68437,82424,Rhinolophus ferrumequinum,0.025,0.025,-1,Echolocation,/mnt/ubna_data_01_mir/recover-20220825/UBNA_002/20220823_033000.WAV,Telephone Field,recover-20220825,002,1795
201.8135,201.8206,55546,61842,Pipistrellus pygmaeus,0.021,0.022,-1,Echolocation,/mnt/ubna_data_01_mir/recover-20220825/UBNA_002/20220823_033000.WAV,Telephone Field,recover-20220825,002,1795
201.8235,201.8344,28906,36245,Eptesicus serotinus,0.016,0.03,-1,Echolocation,/mnt/ubna_data_01_mir/recover-20220825/UBNA_002/20220823_033000.WAV,Telephone Field,recover-20220825,002,1795
201.8435,201.8501,27187,40173,Eptesicus serotinus,0.005,0.021,-1,Echolocation,/mnt/ubna_data_01_mir/recover-20220825/UBNA_002/20220823_033000.WAV,Telephone Field,recover-20220825,002,1795
201.8645,201.8965,68437,80318,Rhinolophus ferrumequinum,0.023,0.023,-1,Echolocation,/mnt/ubna_data_01_mir/recover-20220825/UBNA_002/20220823_033000.WAV,Telephone Field,recover-20220825,002,1795
201.8725,201.881,26328,37000,Eptesicus serotinus,0.007,0.023,-1,Echolocation,/mnt/ubna_data_01_mir/recover-20220825/UBNA_002/20220823_033000.WAV,Telephone Field,recover-20220825,002,1795
201.8955,201.93880000000001,68437,83202,Rhinolophus ferrumequinum,0.044,0.044,-1,Echolocation,/mnt/ubna_data_01_mir/recover-20220825/UBNA_002/20220823_033000.WAV,Telephone Field,recover-20220825,002,1795
201.9075,201.9163,24609,32312,Nyctalus leisleri,0.008,0.024,-1,Echolocation,/mnt/ubna_data_01_mir/recover-20220825/UBNA_002/20220823_033000.WAV,Telephone Field,recover-20220825,002,1795
201.9455,201.961,22031,25879,Nyctalus leisleri,0.017,0.029,-1,Echolocation,/mnt/ubna_data_01_mir/recover-20220825/UBNA_002/20220823_033000.WAV,Telephone Field,recover-20220825,002,1795
201.9555,201.9945,68437,82578,Rhinolophus ferrumequinum,0.028,0.028,-1,Echolocation,/mnt/ubna_data_01_mir/recover-20220825/UBNA_002/20220823_033000.WAV,Telephone Field,recover-20220825,002,1795
201.9795,201.9885,28906,38775,Eptesicus serotinus,0.008,0.021,-1,Echolocation,/mnt/ubna_data_01_mir/recover-20220825/UBNA_002/20220823_033000.WAV,Telephone Field,recover-20220825,002,1795
202.0015,202.0331,69296,80212,Rhinolophus ferrumequinum,0.051,0.051,-1,Echolocation,/mnt/ubna_data_01_mir/recover-20220825/UBNA_002/20220823_033000.WAV,Telephone Field,recover-20220825,002,1795
202.0015,202.0127,24609,30953,Nyctalus leisleri,0.012,0.031,-1,Echolocation,/mnt/ubna_data_01_mir/recover-20220825/UBNA_002/20220823_033000.WAV,Telephone Field,recover-20220825,002,1795
202.0135,202.0231,24609,32086,Nyctalus leisleri,0.008,0.023,-1,Echolocation,/mnt/ubna_data_01_mir/recover-20220825/UBNA_002/20220823_033000.WAV,Telephone Field,recover-20220825,002,1795
202.0365,202.0751,68437,82040,Rhinolophus ferrumequinum,0.021,0.021,-1,Echolocation,/mnt/ubna_data_01_mir/recover-20220825/UBNA_002/20220823_033000.WAV,Telephone Field,recover-20220825,002,1795
202.0565,202.0699,34921,40076,Pipistrellus nathusii,0.01,0.028,-1,Echolocation,/mnt/ubna_data_01_mir/recover-20220825/UBNA_002/20220823_033000.WAV,Telephone Field,recover-20220825,002,1795
202.08350000000002,202.091,27187,37608,Eptesicus serotinus,0.01,0.026,-1,Echolocation,/mnt/ubna_data_01_mir/recover-20220825/UBNA_002/20220823_033000.WAV,Telephone Field,recover-20220825,002,1795
202.1995,202.2415,68437,83222,Rhinolophus ferrumequinum,0.046,0.046,-1,Echolocation,/mnt/ubna_data_01_mir/recover-20220825/UBNA_002/20220823_033000.WAV,Telephone Field,recover-20220825,002,1795
202.2375,202.2743,68437,81859,Rhinolophus ferrumequinum,0.025,0.025,-1,Echolocation,/mnt/ubna_data_01_mir/recover-20220825/UBNA_002/20220823_033000.WAV,Telephone Field,recover-20220825,002,1795
202.2535,202.2952,68437,82469,Rhinolophus ferrumequinum,0.024,0.024,-1,Echolocation,/mnt/ubna_data_01_mir/recover-20220825/UBNA_002/20220823_033000.WAV,Telephone Field,recover-20220825,002,1795
202.2965,202.3084,32343,37745,Eptesicus serotinus,0.012,0.039,-1,Echolocation,/mnt/ubna_data_01_mir/recover-20220825/UBNA_002/20220823_033000.WAV,Telephone Field,recover-20220825,002,1795
202.3105,202.3478,68437,82173,Rhinolophus ferrumequinum,0.022,0.022,-1,Echolocation,/mnt/ubna_data_01_mir/recover-20220825/UBNA_002/20220823_033000.WAV,Telephone Field,recover-20220825,002,1795
202.3175,202.359,68437,82814,Rhinolophus ferrumequinum,0.024,0.024,-1,Echolocation,/mnt/ubna_data_01_mir/recover-20220825/UBNA_002/20220823_033000.WAV,Telephone Field,recover-20220825,002,1795
202.3205,202.3317,48671,54292,Pipistrellus pipistrellus,0.026,0.032,-1,Echolocation,/mnt/ubna_data_01_mir/recover-20220825/UBNA_002/20220823_033000.WAV,Telephone Field,recover-20220825,002,1795
202.3765,202.3858,26328,34516,Eptesicus serotinus,0.009,0.022,-1,Echolocation,/mnt/ubna_data_01_mir/recover-20220825/UBNA_002/20220823_033000.WAV,Telephone Field,recover-20220825,002,1795
202.3875,202.3995,28906,36253,Eptesicus serotinus,0.014,0.025,-1,Echolocation,/mnt/ubna_data_01_mir/recover-20220825/UBNA_002/20220823_033000.WAV,Telephone Field,recover-20220825,002,1795
202.4055,202.415,54687,59155,Pipistrellus pygmaeus,0.021,0.022,-1,Echolocation,/mnt/ubna_data_01_mir/recover-20220825/UBNA_002/20220823_033000.WAV,Telephone Field,recover-20220825,002,1795
202.4305,202.4691,68437,82322,Rhinolophus ferrumequinum,0.038,0.038,-1,Echolocation,/mnt/ubna_data_01_mir/recover-20220825/UBNA_002/20220823_033000.WAV,Telephone Field,recover-20220825,002,1795
202.4395,202.4494,27187,35581,Eptesicus serotinus,0.012,0.024,-1,Echolocation,/mnt/ubna_data_01_mir/recover-20220825/UBNA_002/20220823_033000.WAV,Telephone Field,recover-20220825,002,1795
202.4425,202.4558,55546,59743,Pipistrellus pygmaeus,0.03,0.032,-1,Echolocation,/mnt/ubna_data_01_mir/recover-20220825/UBNA_002/20220823_033000.WAV,Telephone Field,recover-20220825,002,1795
202.4475,202.4899,68437,82478,Rhinolophus ferrumequinum,0.024,0.024,-1,Echolocation,/mnt/ubna_data_01_mir/recover-20220825/UBNA_002/20220823_033000.WAV,Telephone Field,recover-20220825,002,1795
202.4645,202.4748,23750,28990,Nyctalus leisleri,0.01,0.021,-1,Echolocation,/mnt/ubna_data_01_mir/recover-20220825/UBNA_002/20220823_033000.WAV,Telephone Field,recover-20220825,002,1795
202.4725,202.5143,68437,82493,Rhinolophus ferrumequinum,0.023,0.023,-1,Echolocation,/mnt/ubna_data_01_mir/recover-20220825/UBNA_002/20220823_033000.WAV,Telephone Field,recover-20220825,002,1795
202.4745,202.485,27187,35756,Eptesicus serotinus,0.013,0.025,-1,Echolocation,/mnt/ubna_data_01_mir/recover-20220825/UBNA_002/20220823_033000.WAV,Telephone Field,recover-20220825,002,1795
202.4925,202.5351,68437,82590,Rhinolophus ferrumequinum,0.022,0.022,-1,Echolocation,/mnt/ubna_data_01_mir/recover-20220825/UBNA_002/20220823_033000.WAV,Telephone Field,recover-20220825,002,1795
202.4935,202.5026,14296,22199,Plecotus auritus,0.009,0.025,-1,Echolocation,/mnt/ubna_data_01_mir/recover-20220825/UBNA_002/20220823_033000.WAV,Telephone Field,recover-20220825,002,1795
202.5245,202.5627,68437,81841,Rhinolophus ferrumequinum,0.029,0.029,-1,Echolocation,/mnt/ubna_data_01_mir/recover-20220825/UBNA_002/20220823_033000.WAV,Telephone Field,recover-20220825,002,1795
202.5355,202.5772,68437,82710,Rhinolophus ferrumequinum,0.029,0.029,-1,Echolocation,/mnt/ubna_data_01_mir/recover-20220825/UBNA_002/20220823_033000.WAV,Telephone Field,recover-20220825,002,1795
202.5445,202.5556,22031,25351,Nyctalus leisleri,0.013,0.021,-1,Echolocation,/mnt/ubna_data_01_mir/recover-20220825/UBNA_002/20220823_033000.WAV,Telephone Field,recover-20220825,002,1795
202.5605,202.59969999999998,68437,82373,Rhinolophus ferrumequinum,0.022,0.022,-1,Echolocation,/mnt/ubna_data_01_mir/recover-20220825/UBNA_002/20220823_033000.WAV,Telephone Field,recover-20220825,002,1795
202.5705,202.57920000000001,28046,38275,Eptesicus serotinus,0.008,0.023,-1,Echolocation,/mnt/ubna_data_01_mir/recover-20220825/UBNA_002/20220823_033000.WAV,Telephone Field,recover-20220825,002,1795
202.5765,202.5871,22890,28158,Nyctalus leisleri,0.01,0.022,-1,Echolocation,/mnt/ubna_data_01_mir/recover-20220825/UBNA_002/20220823_033000.WAV,Telephone Field,recover-20220825,002,1795
202.59550000000002,202.603,27187,37407,Eptesicus serotinus,0.006,0.021,-1,Echolocation,/mnt/ubna_data_01_mir/recover-20220825/UBNA_002/20220823_033000.WAV,Telephone Field,recover-20220825,002,1795
202.5965,202.6346,68437,81722,Rhinolophus ferrumequinum,0.022,0.022,-1,Echolocation,/mnt/ubna_data_01_mir/recover-20220825/UBNA_002/20220823_033000.WAV,Telephone Field,recover-20220825,002,1795
202.6235,202.6605,68437,81625,Rhinolophus ferrumequinum,0.021,0.021,-1,Echolocation,/mnt/ubna_data_01_mir/recover-20220825/UBNA_002/20220823_033000.WAV,Telephone Field,recover-20220825,002,1795
202.6435,202.68110000000001,68437,81918,Rhinolophus ferrumequinum,0.022,0.022,-1,Echolocation,/mnt/ubna_data_01_mir/recover-20220825/UBNA_002/20220823_033000.WAV,Telephone Field,recover-20220825,002,1795
202.6595,202.6994,68437,82394,Rhinolophus ferrumequinum,0.021,0.021,-1,Echolocation,/mnt/ubna_data_01_mir/recover-20220825/UBNA_002/20220823_033000.WAV,Telephone Field,recover-20220825,002,1795
202.7115,202.72,27187,35996,Eptesicus serotinus,0.009,0.022,-1,Echolocation,/mnt/ubna_data_01_mir/recover-20220825/UBNA_002/20220823_033000.WAV,Telephone Field,recover-20220825,002,1795
202.7135,202.7494,68437,81266,Rhinolophus ferrumequinum,0.021,0.022,-1,Echolocation,/mnt/ubna_data_01_mir/recover-20220825/UBNA_002/20220823_033000.WAV,Telephone Field,recover-20220825,002,1795
202.7635,202.8088,68437,83825,Rhinolophus ferrumequinum,0.076,0.076,-1,Echolocation,/mnt/ubna_data_01_mir/recover-20220825/UBNA_002/20220823_033000.WAV,Telephone Field,recover-20220825,002,1795
202.77949999999998,202.7866,27187,36536,Eptesicus serotinus,0.008,0.024,-1,Echolocation,/mnt/ubna_data_01_mir/recover-20220825/UBNA_002/20220823_033000.WAV,Telephone Field,recover-20220825,002,1795
202.7935,202.8308,68437,81637,Rhinolophus ferrumequinum,0.022,0.022,-1,Echolocation,/mnt/ubna_data_01_mir/recover-20220825/UBNA_002/20220823_033000.WAV,Telephone Field,recover-20220825,002,1795
202.8165,202.8262,28046,35904,Eptesicus serotinus,0.009,0.024,-1,Echolocation,/mnt/ubna_data_01_mir/recover-20220825/UBNA_002/20220823_033000.WAV,Telephone Field,recover-20220825,002,1795
202.8345,202.8726,68437,82444,Rhinolophus ferrumequinum,0.024,0.024,-1,Echolocation,/mnt/ubna_data_01_mir/recover-20220825/UBNA_002/20220823_033000.WAV,Telephone Field,recover-20220825,002,1795
202.8445,202.8511,28906,37663,Eptesicus serotinus,0.006,0.021,-1,Echolocation,/mnt/ubna_data_01_mir/recover-20220825/UBNA_002/20220823_033000.WAV,Telephone Field,recover-20220825,002,1795
202.8555,202.9,68437,83530,Rhinolophus ferrumequinum,0.042,0.042,-1,Echolocation,/mnt/ubna_data_01_mir/recover-20220825/UBNA_002/20220823_033000.WAV,Telephone Field,recover-20220825,002,1795
202.8555,202.8645,51250,57590,Pipistrellus pipistrellus,0.024,0.033,-1,Echolocation,/mnt/ubna_data_01_mir/recover-20220825/UBNA_002/20220823_033000.WAV,Telephone Field,recover-20220825,002,1795
202.8805,202.9207,68437,82372,Rhinolophus ferrumequinum,0.025,0.025,-1,Echolocation,/mnt/ubna_data_01_mir/recover-20220825/UBNA_002/20220823_033000.WAV,Telephone Field,recover-20220825,002,1795
202.8815,202.8897,28046,38715,Eptesicus serotinus,0.007,0.022,-1,Echolocation,/mnt/ubna_data_01_mir/recover-20220825/UBNA_002/20220823_033000.WAV,Telephone Field,recover-20220825,002,1795
202.9025,202.9115,27187,36161,Eptesicus serotinus,0.01,0.022,-1,Echolocation,/mnt/ubna_data_01_mir/recover-20220825/UBNA_002/20220823_033000.WAV,Telephone Field,recover-20220825,002,1795
202.9095,202.9462,68437,81817,Rhinolophus ferrumequinum,0.023,0.023,-1,Echolocation,/mnt/ubna_data_01_mir/recover-20220825/UBNA_002/20220823_033000.WAV,Telephone Field,recover-20220825,002,1795
202.9105,202.9215,28046,35426,Eptesicus serotinus,0.011,0.023,-1,Echolocation,/mnt/ubna_data_01_mir/recover-20220825/UBNA_002/20220823_033000.WAV,Telephone Field,recover-20220825,002,1795
202.9405,202.9772,68437,81606,Rhinolophus ferrumequinum,0.021,0.021,-1,Echolocation,/mnt/ubna_data_01_mir/recover-20220825/UBNA_002/20220823_033000.WAV,Telephone Field,recover-20220825,002,1795
202.9665,202.9792,24609,29933,Nyctalus leisleri,0.011,0.028,-1,Echolocation,/mnt/ubna_data_01_mir/recover-20220825/UBNA_002/20220823_033000.WAV,Telephone Field,recover-20220825,002,1795
202.9745,202.9839,27187,40930,Eptesicus serotinus,0.01,0.025,-1,Echolocation,/mnt/ubna_data_01_mir/recover-20220825/UBNA_002/20220823_033000.WAV,Telephone Field,recover-20220825,002,1795
202.9785,202.9858,34062,43235,Myotis daubentonii,0.015,0.037,-1,Echolocation,/mnt/ubna_data_01_mir/recover-20220825/UBNA_002/20220823_033000.WAV,Telephone Field,recover-20220825,002,1795
202.9795,203.0183,68437,82245,Rhinolophus ferrumequinum,0.023,0.023,-1,Echolocation,/mnt/ubna_data_01_mir/recover-20220825/UBNA_002/20220823_033000.WAV,Telephone Field,recover-20220825,002,1795
202.9935,203.0053,22890,28432,Nyctalus leisleri,0.012,0.026,-1,Echolocation,/mnt/ubna_data_01_mir/recover-20220825/UBNA_002/20220823_033000.WAV,Telephone Field,recover-20220825,002,1795
203.02949999999998,203.0671,68437,81732,Rhinolophus ferrumequinum,0.024,0.024,-1,Echolocation,/mnt/ubna_data_01_mir/recover-20220825/UBNA_002/20220823_033000.WAV,Telephone Field,recover-20220825,002,1795
203.0365,203.0437,27187,38756,Eptesicus serotinus,0.007,0.024,-1,Echolocation,/mnt/ubna_data_01_mir/recover-20220825/UBNA_002/20220823_033000.WAV,Telephone Field,recover-20220825,002,1795
203.0375,203.0475,22890,29310,Nyctalus leisleri,0.008,0.023,-1,Echolocation,/mnt/ubna_data_01_mir/recover-20220825/UBNA_002/20220823_033000.WAV,Telephone Field,recover-20220825,002,1795
203.0465,203.0821,68437,81682,Rhinolophus ferrumequinum,0.022,0.022,-1,Echolocation,/mnt/ubna_data_01_mir/recover-20220825/UBNA_002/20220823_033000.WAV,Telephone Field,recover-20220825,002,1795
203.0595,203.065,25468,40903,Myotis nattereri,0.008,0.029,-1,Echolocation,/mnt/ubna_data_01_mir/recover-20220825/UBNA_002/20220823_033000.WAV,Telephone Field,recover-20220825,002,1795
203.0705,203.1098,68437,82167,Rhinolophus ferrumequinum,0.021,0.021,-1,Echolocation,/mnt/ubna_data_01_mir/recover-20220825/UBNA_002/20220823_033000.WAV,Telephone Field,recover-20220825,002,1795
203.0925,203.1346,68437,83086,Rhinolophus ferrumequinum,0.035,0.035,-1,Echolocation,/mnt/ubna_data_01_mir/recover-20220825/UBNA_002/20220823_033000.WAV,Telephone Field,recover-20220825,002,1795
203.0965,203.1033,27187,38584,Eptesicus serotinus,0.007,0.024,-1,Echolocation,/mnt/ubna_data_01_mir/recover-20220825/UBNA_002/20220823_033000.WAV,Telephone Field,recover-20220825,002,1795
203.1165,203.1563,68437,81959,Rhinolophus ferrumequinum,0.022,0.022,-1,Echolocation,/mnt/ubna_data_01_mir/recover-20220825/UBNA_002/20220823_033000.WAV,Telephone Field,recover-20220825,002,1795
203.1245,203.13569999999999,23750,29915,Nyctalus leisleri,0.012,0.029,-1,Echolocation,/mnt/ubna_data_01_mir/recover-20220825/UBNA_002/20220823_033000.WAV,Telephone Field,recover-20220825,002,1795
203.1475,203.1894,68437,82919,Rhinolophus ferrumequinum,0.023,0.023,-1,Echolocation,/mnt/ubna_data_01_mir/recover-20220825/UBNA_002/20220823_033000.WAV,Telephone Field,recover-20220825,002,1795
203.1505,203.1597,27187,38733,Eptesicus serotinus,0.008,0.023,-1,Echolocation,/mnt/ubna_data_01_mir/recover-20220825/UBNA_002/20220823_033000.WAV,Telephone Field,recover-20220825,002,1795
203.1675,203.2054,68437,81774,Rhinolophus ferrumequinum,0.022,0.022,-1,Echolocation,/mnt/ubna_data_01_mir/recover-20220825/UBNA_002/20220823_033000.WAV,Telephone Field,recover-20220825,002,1795
203.1735,203.1826,28046,37680,Eptesicus serotinus,0.009,0.021,-1,Echolocation,/mnt/ubna_data_01_mir/recover-20220825/UBNA_002/20220823_033000.WAV,Telephone Field,recover-20220825,002,1795
203.1925,203.1988,27187,42090,Eptesicus serotinus,0.006,0.023,-1,Echolocation,/mnt/ubna_data_01_mir/recover-20220825/UBNA_002/20220823_033000.WAV,Telephone Field,recover-20220825,002,1795
203.2005,203.2397,68437,82073,Rhinolophus ferrumequinum,0.029,0.029,-1,Echolocation,/mnt/ubna_data_01_mir/recover-20220825/UBNA_002/20220823_033000.WAV,Telephone Field,recover-20220825,002,1795
203.2115,203.2189,28046,42341,Eptesicus serotinus,0.007,0.021,-1,Echolocation,/mnt/ubna_data_01_mir/recover-20220825/UBNA_002/20220823_033000.WAV,Telephone Field,recover-20220825,002,1795
203.2135,203.2484,68437,81785,Rhinolophus ferrumequinum,0.021,0.021,-1,Echolocation,/mnt/ubna_data_01_mir/recover-20220825/UBNA_002/20220823_033000.WAV,Telephone Field,recover-20220825,002,1795
203.2345,203.2717,68437,81699,Rhinolophus ferrumequinum,0.023,0.023,-1,Echolocation,/mnt/ubna_data_01_mir/recover-20220825/UBNA_002/20220823_033000.WAV,Telephone Field,recover-20220825,002,1795
203.2465,203.285,68437,82169,Rhinolophus ferrumequinum,0.024,0.024,-1,Echolocation,/mnt/ubna_data_01_mir/recover-20220825/UBNA_002/20220823_033000.WAV,Telephone Field,recover-20220825,002,1795
203.2665,203.3082,68437,82935,Rhinolophus ferrumequinum,0.025,0.025,-1,Echolocation,/mnt/ubna_data_01_mir/recover-20220825/UBNA_002/20220823_033000.WAV,Telephone Field,recover-20220825,002,1795
203.3075,203.3399,68437,80888,Rhinolophus ferrumequinum,0.021,0.021,-1,Echolocation,/mnt/ubna_data_01_mir/recover-20220825/UBNA_002/20220823_033000.WAV,Telephone Field,recover-20220825,002,1795
203.3305,203.3757,68437,83689,Rhinolophus ferrumequinum,0.053,0.053,-1,Echolocation,/mnt/ubna_data_01_mir/recover-20220825/UBNA_002/20220823_033000.WAV,Telephone Field,recover-20220825,002,1795
203.3555,203.3636,28046,38913,Eptesicus serotinus,0.007,0.022,-1,Echolocation,/mnt/ubna_data_01_mir/recover-20220825/UBNA_002/20220823_033000.WAV,Telephone Field,recover-20220825,002,1795
203.3855,203.4253,68437,82960,Rhinolophus ferrumequinum,0.049,0.049,-1,Echolocation,/mnt/ubna_data_01_mir/recover-20220825/UBNA_002/20220823_033000.WAV,Telephone Field,recover-20220825,002,1795
203.4015,203.4086,27187,39345,Eptesicus serotinus,0.006,0.024,-1,Echolocation,/mnt/ubna_data_01_mir/recover-20220825/UBNA_002/20220823_033000.WAV,Telephone Field,recover-20220825,002,1795
203.4025,203.4415,68437,82490,Rhinolophus ferrumequinum,0.022,0.022,-1,Echolocation,/mnt/ubna_data_01_mir/recover-20220825/UBNA_002/20220823_033000.WAV,Telephone Field,recover-20220825,002,1795
203.4125,203.4529,68437,82759,Rhinolophus ferrumequinum,0.026,0.026,-1,Echolocation,/mnt/ubna_data_01_mir/recover-20220825/UBNA_002/20220823_033000.WAV,Telephone Field,recover-20220825,002,1795
203.42849999999999,203.4632,68437,80769,Rhinolophus ferrumequinum,0.022,0.022,-1,Echolocation,/mnt/ubna_data_01_mir/recover-20220825/UBNA_002/20220823_033000.WAV,Telephone Field,recover-20220825,002,1795
203.4355,203.4715,68437,81506,Rhinolophus ferrumequinum,0.022,0.022,-1,Echolocation,/mnt/ubna_data_01_mir/recover-20220825/UBNA_002/20220823_033000.WAV,Telephone Field,recover-20220825,002,1795
203.4395,203.4466,27187,40477,Eptesicus serotinus,0.006,0.021,-1,Echolocation,/mnt/ubna_data_01_mir/recover-20220825/UBNA_002/20220823_033000.WAV,Telephone Field,recover-20220825,002,1795
203.4575,203.48930000000001,68437,80169,Rhinolophus ferrumequinum,0.025,0.026,-1,Echolocation,/mnt/ubna_data_01_mir/recover-20220825/UBNA_002/20220823_033000.WAV,Telephone Field,recover-20220825,002,1795
203.4695,203.5057,68437,81686,Rhinolophus ferrumequinum,0.021,0.021,-1,Echolocation,/mnt/ubna_data_01_mir/recover-20220825/UBNA_002/20220823_033000.WAV,Telephone Field,recover-20220825,002,1795
203.4745,203.4946,18593,22313,Nyctalus noctula,0.015,0.027,-1,Echolocation,/mnt/ubna_data_01_mir/recover-20220825/UBNA_002/20220823_033000.WAV,Telephone Field,recover-20220825,002,1795
203.4765,203.4835,28046,37277,Eptesicus serotinus,0.006,0.021,-1,Echolocation,/mnt/ubna_data_01_mir/recover-20220825/UBNA_002/20220823_033000.WAV,Telephone Field,recover-20220825,002,1795
203.51749999999998,203.5526,68437,81614,Rhinolophus ferrumequinum,0.025,0.025,-1,Echolocation,/mnt/ubna_data_01_mir/recover-20220825/UBNA_002/20220823_033000.WAV,Telephone Field,recover-20220825,002,1795
203.5705,203.6084,68437,81708,Rhinolophus ferrumequinum,0.024,0.024,-1,Echolocation,/mnt/ubna_data_01_mir/recover-20220825/UBNA_002/20220823_033000.WAV,Telephone Field,recover-20220825,002,1795
203.6005,203.6092,45234,51896,Pipistrellus pipistrellus,0.023,0.026,-1,Echolocation,/mnt/ubna_data_01_mir/recover-20220825/UBNA_002/20220823_033000.WAV,Telephone Field,recover-20220825,002,1795
203.6085,203.6182,27187,35353,Eptesicus serotinus,0.01,0.026,-1,Echolocation,/mnt/ubna_data_01_mir/recover-20220825/UBNA_002/20220823_033000.WAV,Telephone Field,recover-20220825,002,1795
203.6165,203.652,68437,81546,Rhinolophus ferrumequinum,0.023,0.024,-1,Echolocation,/mnt/ubna_data_01_mir/recover-20220825/UBNA_002/20220823_033000.WAV,Telephone Field,recover-20220825,002,1795
203.6365,203.6737,68437,81874,Rhinolophus ferrumequinum,0.022,0.022,-1,Echolocation,/mnt/ubna_data_01_mir/recover-20220825/UBNA_002/20220823_033000.WAV,Telephone Field,recover-20220825,002,1795
203.6805,203.6903,22890,28607,Nyctalus leisleri,0.009,0.023,-1,Echolocation,/mnt/ubna_data_01_mir/recover-20220825/UBNA_002/20220823_033000.WAV,Telephone Field,recover-20220825,002,1795
203.6915,203.7305,68437,81575,Rhinolophus ferrumequinum,0.022,0.022,-1,Echolocation,/mnt/ubna_data_01_mir/recover-20220825/UBNA_002/20220823_033000.WAV,Telephone Field,recover-20220825,002,1795
203.7315,203.7417,22031,26795,Nyctalus leisleri,0.01,0.022,-1,Echolocation,/mnt/ubna_data_01_mir/recover-20220825/UBNA_002/20220823_033000.WAV,Telephone Field,recover-20220825,002,1795
203.73250000000002,203.7697,68437,81310,Rhinolophus ferrumequinum,0.022,0.022,-1,Echolocation,/mnt/ubna_data_01_mir/recover-20220825/UBNA_002/20220823_033000.WAV,Telephone Field,recover-20220825,002,1795
203.7615,203.7782,21171,24287,Nyctalus leisleri,0.015,0.024,-1,Echolocation,/mnt/ubna_data_01_mir/recover-20220825/UBNA_002/20220823_033000.WAV,Telephone Field,recover-20220825,002,1795
203.8155,203.8485,68437,80590,Rhinolophus ferrumequinum,0.022,0.022,-1,Echolocation,/mnt/ubna_data_01_mir/recover-20220825/UBNA_002/20220823_033000.WAV,Telephone Field,recover-20220825,002,1795
203.8185,203.8255,24609,36609,Myotis nattereri,0.01,0.028,-1,Echolocation,/mnt/ubna_data_01_mir/recover-20220825/UBNA_002/20220823_033000.WAV,Telephone Field,recover-20220825,002,1795
203.8265,203.8436,20312,23272,Nyctalus leisleri,0.013,0.021,-1,Echolocation,/mnt/ubna_data_01_mir/recover-20220825/UBNA_002/20220823_033000.WAV,Telephone Field,recover-20220825,002,1795
203.8375,203.8469,22890,28953,Nyctalus leisleri,0.007,0.023,-1,Echolocation,/mnt/ubna_data_01_mir/recover-20220825/UBNA_002/20220823_033000.WAV,Telephone Field,recover-20220825,002,1795
203.8385,203.8762,68437,81474,Rhinolophus ferrumequinum,0.027,0.027,-1,Echolocation,/mnt/ubna_data_01_mir/recover-20220825/UBNA_002/20220823_033000.WAV,Telephone Field,recover-20220825,002,1795
203.8475,203.8859,68437,81855,Rhinolophus ferrumequinum,0.022,0.022,-1,Echolocation,/mnt/ubna_data_01_mir/recover-20220825/UBNA_002/20220823_033000.WAV,Telephone Field,recover-20220825,002,1795
203.85750000000002,203.8666,47812,51210,Pipistrellus pipistrellus,0.036,0.04,-1,Echolocation,/mnt/ubna_data_01_mir/recover-20220825/UBNA_002/20220823_033000.WAV,Telephone Field,recover-20220825,002,1795
203.8605,203.9014,68437,82327,Rhinolophus ferrumequinum,0.024,0.024,-1,Echolocation,/mnt/ubna_data_01_mir/recover-20220825/UBNA_002/20220823_033000.WAV,Telephone Field,recover-20220825,002,1795
203.8845,203.895,40937,47006,Pipistrellus nathusii,0.011,0.021,-1,Echolocation,/mnt/ubna_data_01_mir/recover-20220825/UBNA_002/20220823_033000.WAV,Telephone Field,recover-20220825,002,1795
203.9225,203.9615,68437,82547,Rhinolophus ferrumequinum,0.026,0.026,-1,Echolocation,/mnt/ubna_data_01_mir/recover-20220825/UBNA_002/20220823_033000.WAV,Telephone Field,recover-20220825,002,1795
203.9675,203.97899999999998,32343,38056,Eptesicus serotinus,0.027,0.068,-1,Echolocation,/mnt/ubna_data_01_mir/recover-20220825/UBNA_002/20220823_033000.WAV,Telephone Field,recover-20220825,002,1795
204.0015,204.01069999999999,23750,31010,Nyctalus leisleri,0.011,0.031,-1,Echolocation,/mnt/ubna_data_01_mir/recover-20220825/UBNA_002/20220823_033000.WAV,Telephone Field,recover-20220825,002,1795
204.0015,204.0327,68437,79742,Rhinolophus ferrumequinum,0.031,0.032,-1,Echolocation,/mnt/ubna_data_01_mir/recover-20220825/UBNA_002/20220823_033000.WAV,Telephone Field,recover-20220825,002,1795
204.0075,204.0174,28046,37108,Eptesicus serotinus,0.013,0.028,-1,Echolocation,/mnt/ubna_data_01_mir/recover-20220825/UBNA_002/20220823_033000.WAV,Telephone Field,recover-20220825,002,1795
204.0205,204.0282,28046,39788,Eptesicus serotinus,0.007,0.023,-1,Echolocation,/mnt/ubna_data_01_mir/recover-20220825/UBNA_002/20220823_033000.WAV,Telephone Field,recover-20220825,002,1795
204.0325,204.07229999999998,68437,82222,Rhinolophus ferrumequinum,0.025,0.025,-1,Echolocation,/mnt/ubna_data_01_mir/recover-20220825/UBNA_002/20220823_033000.WAV,Telephone Field,recover-20220825,002,1795
204.0325,204.0437,23750,30828,Nyctalus leisleri,0.009,0.024,-1,Echolocation,/mnt/ubna_data_01_mir/recover-20220825/UBNA_002/20220823_033000.WAV,Telephone Field,recover-20220825,002,1795
204.0565,204.0947,68437,81848,Rhinolophus ferrumequinum,0.022,0.022,-1,Echolocation,/mnt/ubna_data_01_mir/recover-20220825/UBNA_002/20220823_033000.WAV,Telephone Field,recover-20220825,002,1795
204.0945,204.1339,68437,82323,Rhinolophus ferrumequinum,0.023,0.023,-1,Echolocation,/mnt/ubna_data_01_mir/recover-20220825/UBNA_002/20220823_033000.WAV,Telephone Field,recover-20220825,002,1795
204.1445,204.155,24609,31199,Nyctalus leisleri,0.011,0.029,-1,Echolocation,/mnt/ubna_data_01_mir/recover-20220825/UBNA_002/20220823_033000.WAV,Telephone Field,recover-20220825,002,1795
204.1445,204.1865,68437,82817,Rhinolophus ferrumequinum,0.024,0.024,-1,Echolocation,/mnt/ubna_data_01_mir/recover-20220825/UBNA_002/20220823_033000.WAV,Telephone Field,recover-20220825,002,1795
204.2225,204.2634,68437,82674,Rhinolophus ferrumequinum,0.027,0.027,-1,Echolocation,/mnt/ubna_data_01_mir/recover-20220825/UBNA_002/20220823_033000.WAV,Telephone Field,recover-20220825,002,1795
204.2255,204.2351,26328,35243,Eptesicus serotinus,0.01,0.024,-1,Echolocation,/mnt/ubna_data_01_mir/recover-20220825/UBNA_002/20220823_033000.WAV,Telephone Field,recover-20220825,002,1795
204.2565,204.267,24609,30208,Nyctalus leisleri,0.009,0.022,-1,Echolocation,/mnt/ubna_data_01_mir/recover-20220825/UBNA_002/20220823_033000.WAV,Telephone Field,recover-20220825,002,1795
204.3315,204.3715,68437,82767,Rhinolophus ferrumequinum,0.028,0.028,-1,Echolocation,/mnt/ubna_data_01_mir/recover-20220825/UBNA_002/20220823_033000.WAV,Telephone Field,recover-20220825,002,1795
204.3635,204.3727,26328,35829,Eptesicus serotinus,0.011,0.023,-1,Echolocation,/mnt/ubna_data_01_mir/recover-20220825/UBNA_002/20220823_033000.WAV,Telephone Field,recover-20220825,002,1795
204.3645,204.4052,68437,82389,Rhinolophus ferrumequinum,0.023,0.023,-1,Echolocation,/mnt/ubna_data_01_mir/recover-20220825/UBNA_002/20220823_033000.WAV,Telephone Field,recover-20220825,002,1795
204.3695,204.377,26328,35095,Eptesicus serotinus,0.009,0.024,-1,Echolocation,/mnt/ubna_data_01_mir/recover-20220825/UBNA_002/20220823_033000.WAV,Telephone Field,recover-20220825,002,1795
204.3755,204.4148,68437,82457,Rhinolophus ferrumequinum,0.022,0.022,-1,Echolocation,/mnt/ubna_data_01_mir/recover-20220825/UBNA_002/20220823_033000.WAV,Telephone Field,recover-20220825,002,1795
204.4075,204.447,68437,82187,Rhinolophus ferrumequinum,0.022,0.022,-1,Echolocation,/mnt/ubna_data_01_mir/recover-20220825/UBNA_002/20220823_033000.WAV,Telephone Field,recover-20220825,002,1795
204.4115,204.422,22890,28132,Nyctalus leisleri,0.01,0.022,-1,Echolocation,/mnt/ubna_data_01_mir/recover-20220825/UBNA_002/20220823_033000.WAV,Telephone Field,recover-20220825,002,1795
204.4295,204.4374,27187,39355,Eptesicus serotinus,0.009,0.028,-1,Echolocation,/mnt/ubna_data_01_mir/recover-20220825/UBNA_002/20220823_033000.WAV,Telephone Field,recover-20220825,002,1795
204.4575,204.4916,67578,79229,Rhinolophus ferrumequinum,0.02,0.022,-1,Echolocation,/mnt/ubna_data_01_mir/recover-20220825/UBNA_002/20220823_033000.WAV,Telephone Field,recover-20220825,002,1795
204.4865,204.4976,23750,28865,Nyctalus leisleri,0.011,0.023,-1,Echolocation,/mnt/ubna_data_01_mir/recover-20220825/UBNA_002/20220823_033000.WAV,Telephone Field,recover-20220825,002,1795
204.4975,204.5402,68437,83502,Rhinolophus ferrumequinum,0.035,0.035,-1,Echolocation,/mnt/ubna_data_01_mir/recover-20220825/UBNA_002/20220823_033000.WAV,Telephone Field,recover-20220825,002,1795
204.5255,204.5642,68437,82312,Rhinolophus ferrumequinum,0.022,0.022,-1,Echolocation,/mnt/ubna_data_01_mir/recover-20220825/UBNA_002/20220823_033000.WAV,Telephone Field,recover-20220825,002,1795
204.5375,204.5445,28046,45142,Eptesicus serotinus,0.008,0.024,-1,Echolocation,/mnt/ubna_data_01_mir/recover-20220825/UBNA_002/20220823_033000.WAV,Telephone Field,recover-20220825,002,1795
204.55349999999999,204.5895,68437,82315,Rhinolophus ferrumequinum,0.022,0.022,-1,Echolocation,/mnt/ubna_data_01_mir/recover-20220825/UBNA_002/20220823_033000.WAV,Telephone Field,recover-20220825,002,1795
204.6175,204.6559,68437,82447,Rhinolophus ferrumequinum,0.022,0.022,-1,Echolocation,/mnt/ubna_data_01_mir/recover-20220825/UBNA_002/20220823_033000.WAV,Telephone Field,recover-20220825,002,1795
204.6445,204.6874,68437,83033,Rhinolophus ferrumequinum,0.024,0.024,-1,Echolocation,/mnt/ubna_data_01_mir/recover-20220825/UBNA_002/20220823_033000.WAV,Telephone Field,recover-20220825,002,1795
204.6915,204.7296,68437,81346,Rhinolophus ferrumequinum,0.024,0.024,-1,Echolocation,/mnt/ubna_data_01_mir/recover-20220825/UBNA_002/20220823_033000.WAV,Telephone Field,recover-20220825,002,1795
204.7695,204.8106,68437,82536,Rhinolophus ferrumequinum,0.027,0.027,-1,Echolocation,/mnt/ubna_data_01_mir/recover-20220825/UBNA_002/20220823_033000.WAV,Telephone Field,recover-20220825,002,1795
204.8065,204.8168,22031,26797,Nyctalus leisleri,0.011,0.024,-1,Echolocation,/mnt/ubna_data_01_mir/recover-20220825/UBNA_002/20220823_033000.WAV,Telephone Field,recover-20220825,002,1795
204.82150000000001,204.86169999999998,68437,82370,Rhinolophus ferrumequinum,0.023,0.023,-1,Echolocation,/mnt/ubna_data_01_mir/recover-20220825/UBNA_002/20220823_033000.WAV,Telephone Field,recover-20220825,002,1795
204.8505,204.8892,68437,81827,Rhinolophus ferrumequinum,0.022,0.022,-1,Echolocation,/mnt/ubna_data_01_mir/recover-20220825/UBNA_002/20220823_033000.WAV,Telephone Field,recover-20220825,002,1795
204.8605,204.8724,22890,27547,Nyctalus leisleri,0.014,0.026,-1,Echolocation,/mnt/ubna_data_01_mir/recover-20220825/UBNA_002/20220823_033000.WAV,Telephone Field,recover-20220825,002,1795
204.8635,204.9014,68437,81480,Rhinolophus ferrumequinum,0.031,0.031,-1,Echolocation,/mnt/ubna_data_01_mir/recover-20220825/UBNA_002/20220823_033000.WAV,Telephone Field,recover-20220825,002,1795
204.9035,204.9109,24609,34034,Plecotus austriacus,0.009,0.025,-1,Echolocation,/mnt/ubna_data_01_mir/recover-20220825/UBNA_002/20220823_033000.WAV,Telephone Field,recover-20220825,002,1795
204.9305,204.9384,28046,38502,Eptesicus serotinus,0.007,0.022,-1,Echolocation,/mnt/ubna_data_01_mir/recover-20220825/UBNA_002/20220823_033000.WAV,Telephone Field,recover-20220825,002,1795
204.9435,204.9829,68437,81777,Rhinolophus ferrumequinum,0.022,0.022,-1,Echolocation,/mnt/ubna_data_01_mir/recover-20220825/UBNA_002/20220823_033000.WAV,Telephone Field,recover-20220825,002,1795
204.94650000000001,204.9524,40937,57956,Myotis mystacinus,0.008,0.022,-1,Echolocation,/mnt/ubna_data_01_mir/recover-20220825/UBNA_002/20220823_033000.WAV,Telephone Field,recover-20220825,002,1795
204.9655,204.9759,26328,34973,Eptesicus serotinus,0.011,0.025,-1,Echolocation,/mnt/ubna_data_01_mir/recover-20220825/UBNA_002/20220823_033000.WAV,Telephone Field,recover-20220825,002,1795
204.9805,205.018,68437,80970,Rhinolophus ferrumequinum,0.028,0.028,-1,Echolocation,/mnt/ubna_data_01_mir/recover-20220825/UBNA_002/20220823_033000.WAV,Telephone Field,recover-20220825,002,1795
204.9875,205.0258,68437,81748,Rhinolophus ferrumequinum,0.024,0.024,-1,Echolocation,/mnt/ubna_data_01_mir/recover-20220825/UBNA_002/20220823_033000.WAV,Telephone Field,recover-20220825,002,1795
205.0085,205.0163,48671,52459,Pipistrellus pipistrellus,0.024,0.026,-1,Echolocation,/mnt/ubna_data_01_mir/recover-20220825/UBNA_002/20220823_033000.WAV,Telephone Field,recover-20220825,002,1795
205.0755,205.1156,68437,82907,Rhinolophus ferrumequinum,0.026,0.026,-1,Echolocation,/mnt/ubna_data_01_mir/recover-20220825/UBNA_002/20220823_033000.WAV,Telephone Field,recover-20220825,002,1795
205.0915,205.1018,23750,30288,Nyctalus leisleri,0.01,0.025,-1,Echolocation,/mnt/ubna_data_01_mir/recover-20220825/UBNA_002/20220823_033000.WAV,Telephone Field,recover-20220825,002,1795
205.1215,205.13139999999999,28906,39177,Eptesicus serotinus,0.01,0.024,-1,Echolocation,/mnt/ubna_data_01_mir/recover-20220825/UBNA_002/20220823_033000.WAV,Telephone Field,recover-20220825,002,1795
205.1345,205.1739,68437,82121,Rhinolophus ferrumequinum,0.024,0.024,-1,Echolocation,/mnt/ubna_data_01_mir/recover-20220825/UBNA_002/20220823_033000.WAV,Telephone Field,recover-20220825,002,1795
205.1375,205.1445,26328,40070,Eptesicus serotinus,0.007,0.025,-1,Echolocation,/mnt/ubna_data_01_mir/recover-20220825/UBNA_002/20220823_033000.WAV,Telephone Field,recover-20220825,002,1795
205.2725,205.2799,23750,32704,Plecotus austriacus,0.015,0.031,-1,Echolocation,/mnt/ubna_data_01_mir/recover-20220825/UBNA_002/20220823_033000.WAV,Telephone Field,recover-20220825,002,1795
205.3205,205.36169999999998,68437,82524,Rhinolophus ferrumequinum,0.027,0.027,-1,Echolocation,/mnt/ubna_data_01_mir/recover-20220825/UBNA_002/20220823_033000.WAV,Telephone Field,recover-20220825,002,1795
205.3385,205.3473,28046,36891,Eptesicus serotinus,0.009,0.023,-1,Echolocation,/mnt/ubna_data_01_mir/recover-20220825/UBNA_002/20220823_033000.WAV,Telephone Field,recover-20220825,002,1795
205.3585,205.3695,22890,27930,Nyctalus leisleri,0.013,0.026,-1,Echolocation,/mnt/ubna_data_01_mir/recover-20220825/UBNA_002/20220823_033000.WAV,Telephone Field,recover-20220825,002,1795
205.3775,205.3859,27187,38649,Eptesicus serotinus,0.009,0.023,-1,Echolocation,/mnt/ubna_data_01_mir/recover-20220825/UBNA_002/20220823_033000.WAV,Telephone Field,recover-20220825,002,1795
205.3935,205.4333,68437,82251,Rhinolophus ferrumequinum,0.024,0.024,-1,Echolocation,/mnt/ubna_data_01_mir/recover-20220825/UBNA_002/20220823_033000.WAV,Telephone Field,recover-20220825,002,1795
205.41649999999998,205.4541,68437,81518,Rhinolophus ferrumequinum,0.023,0.023,-1,Echolocation,/mnt/ubna_data_01_mir/recover-20220825/UBNA_002/20220823_033000.WAV,Telephone Field,recover-20220825,002,1795
205.41649999999998,205.4237,46093,54111,Pipistrellus pipistrellus,0.017,0.024,-1,Echolocation,/mnt/ubna_data_01_mir/recover-20220825/UBNA_002/20220823_033000.WAV,Telephone Field,recover-20220825,002,1795
205.4305,205.4422,22890,27572,Nyctalus leisleri,0.022,0.042,-1,Echolocation,/mnt/ubna_data_01_mir/recover-20220825/UBNA_002/20220823_033000.WAV,Telephone Field,recover-20220825,002,1795
205.4855,205.4925,26328,35749,Eptesicus serotinus,0.007,0.024,-1,Echolocation,/mnt/ubna_data_01_mir/recover-20220825/UBNA_002/20220823_033000.WAV,Telephone Field,recover-20220825,002,1795
205.4915,205.531,68437,82484,Rhinolophus ferrumequinum,0.023,0.023,-1,Echolocation,/mnt/ubna_data_01_mir/recover-20220825/UBNA_002/20220823_033000.WAV,Telephone Field,recover-20220825,002,1795
205.5145,205.5558,68437,82358,Rhinolophus ferrumequinum,0.022,0.022,-1,Echolocation,/mnt/ubna_data_01_mir/recover-20220825/UBNA_002/20220823_033000.WAV,Telephone Field,recover-20220825,002,1795
205.5595,205.5979,68437,81626,Rhinolophus ferrumequinum,0.024,0.024,-1,Echolocation,/mnt/ubna_data_01_mir/recover-20220825/UBNA_002/20220823_033000.WAV,Telephone Field,recover-20220825,002,1795
205.5995,205.6378,68437,82270,Rhinolophus ferrumequinum,0.022,0.022,-1,Echolocation,/mnt/ubna_data_01_mir/recover-20220825/UBNA_002/20220823_033000.WAV,Telephone Field,recover-20220825,002,1795
205.6165,205.6548,68437,82390,Rhinolophus ferrumequinum,0.023,0.023,-1,Echolocation,/mnt/ubna_data_01_mir/recover-20220825/UBNA_002/20220823_033000.WAV,Telephone Field,recover-20220825,002,1795
205.6535,205.695,68437,82869,Rhinolophus ferrumequinum,0.027,0.027,-1,Echolocation,/mnt/ubna_data_01_mir/recover-20220825/UBNA_002/20220823_033000.WAV,Telephone Field,recover-20220825,002,1795
205.7005,205.7184,19453,21915,Nyctalus leisleri,0.012,0.023,-1,Echolocation,/mnt/ubna_data_01_mir/recover-20220825/UBNA_002/20220823_033000.WAV,Telephone Field,recover-20220825,002,1795
205.7035,205.7105,47812,53672,Pipistrellus pipistrellus,0.022,0.023,-1,Echolocation,/mnt/ubna_data_01_mir/recover-20220825/UBNA_002/20220823_033000.WAV,Telephone Field,recover-20220825,002,1795
205.7125,205.7499,68437,82406,Rhinolophus ferrumequinum,0.022,0.022,-1,Echolocation,/mnt/ubna_data_01_mir/recover-20220825/UBNA_002/20220823_033000.WAV,Telephone Field,recover-20220825,002,1795
205.7475,205.7852,68437,81378,Rhinolophus ferrumequinum,0.023,0.023,-1,Echolocation,/mnt/ubna_data_01_mir/recover-20220825/UBNA_002/20220823_033000.WAV,Telephone Field,recover-20220825,002,1795
205.7525,205.7896,68437,81216,Rhinolophus ferrumequinum,0.022,0.023,-1,Echolocation,/mnt/ubna_data_01_mir/recover-20220825/UBNA_002/20220823_033000.WAV,Telephone Field,recover-20220825,002,1795
205.7755,205.8144,68437,81606,Rhinolophus ferrumequinum,0.022,0.022,-1,Echolocation,/mnt/ubna_data_01_mir/recover-20220825/UBNA_002/20220823_033000.WAV,Telephone Field,recover-20220825,002,1795
205.7785,205.7876,25468,33921,Eptesicus serotinus,0.009,0.028,-1,Echolocation,/mnt/ubna_data_01_mir/recover-20220825/UBNA_002/20220823_033000.WAV,Telephone Field,recover-20220825,002,1795
205.83350000000002,205.8744,68437,82673,Rhinolophus ferrumequinum,0.025,0.025,-1,Echolocation,/mnt/ubna_data_01_mir/recover-20220825/UBNA_002/20220823_033000.WAV,Telephone Field,recover-20220825,002,1795
205.85750000000002,205.90030000000002,68437,82791,Rhinolophus ferrumequinum,0.025,0.025,-1,Echolocation,/mnt/ubna_data_01_mir/recover-20220825/UBNA_002/20220823_033000.WAV,Telephone Field,recover-20220825,002,1795
205.8585,205.8743,15156,20167,Nyctalus noctula,0.016,0.024,-1,Echolocation,/mnt/ubna_data_01_mir/recover-20220825/UBNA_002/20220823_033000.WAV,Telephone Field,recover-20220825,002,1795
205.8745,205.8888,23750,28891,Nyctalus leisleri,0.016,0.033,-1,Echolocation,/mnt/ubna_data_01_mir/recover-20220825/UBNA_002/20220823_033000.WAV,Telephone Field,recover-20220825,002,1795
205.9455,205.95499999999998,22890,30676,Plecotus austriacus,0.008,0.024,-1,Echolocation,/mnt/ubna_data_01_mir/recover-20220825/UBNA_002/20220823_033000.WAV,Telephone Field,recover-20220825,002,1795
205.94650000000001,205.9548,28046,38425,Eptesicus serotinus,0.009,0.025,-1,Echolocation,/mnt/ubna_data_01_mir/recover-20220825/UBNA_002/20220823_033000.WAV,Telephone Field,recover-20220825,002,1795
205.9795,205.987,28046,38726,Eptesicus serotinus,0.013,0.032,-1,Echolocation,/mnt/ubna_data_01_mir/recover-20220825/UBNA_002/20220823_033000.WAV,Telephone Field,recover-20220825,002,1795
206.0015,206.0155,58125,63980,Pipistrellus pygmaeus,0.028,0.03,-1,Echolocation,/mnt/ubna_data_01_mir/recover-20220825/UBNA_002/20220823_033000.WAV,Telephone Field,recover-20220825,002,1795
206.0015,206.01,22031,28716,Nyctalus leisleri,0.007,0.023,-1,Echolocation,/mnt/ubna_data_01_mir/recover-20220825/UBNA_002/20220823_033000.WAV,Telephone Field,recover-20220825,002,1795
206.0015,206.00979999999998,29765,38018,Eptesicus serotinus,0.007,0.027,-1,Echolocation,/mnt/ubna_data_01_mir/recover-20220825/UBNA_002/20220823_033000.WAV,Telephone Field,recover-20220825,002,1795
206.0015,206.0097,46093,52176,Pipistrellus pipistrellus,0.022,0.028,-1,Echolocation,/mnt/ubna_data_01_mir/recover-20220825/UBNA_002/20220823_033000.WAV,Telephone Field,recover-20220825,002,1795
206.0015,206.0352,68437,80068,Rhinolophus ferrumequinum,0.04,0.04,-1,Echolocation,/mnt/ubna_data_01_mir/recover-20220825/UBNA_002/20220823_033000.WAV,Telephone Field,recover-20220825,002,1795
206.0095,206.05180000000001,68437,82361,Rhinolophus ferrumequinum,0.025,0.025,-1,Echolocation,/mnt/ubna_data_01_mir/recover-20220825/UBNA_002/20220823_033000.WAV,Telephone Field,recover-20220825,002,1795
206.0465,206.0851,68437,82214,Rhinolophus ferrumequinum,0.023,0.023,-1,Echolocation,/mnt/ubna_data_01_mir/recover-20220825/UBNA_002/20220823_033000.WAV,Telephone Field,recover-20220825,002,1795
206.0775,206.1167,68437,82859,Rhinolophus ferrumequinum,0.025,0.025,-1,Echolocation,/mnt/ubna_data_01_mir/recover-20220825/UBNA_002/20220823_033000.WAV,Telephone Field,recover-20220825,002,1795
206.0785,206.0851,28046,38249,Eptesicus serotinus,0.006,0.022,-1,Echolocation,/mnt/ubna_data_01_mir/recover-20220825/UBNA_002/20220823_033000.WAV,Telephone Field,recover-20220825,002,1795
206.1115,206.1188,27187,42340,Eptesicus serotinus,0.007,0.022,-1,Echolocation,/mnt/ubna_data_01_mir/recover-20220825/UBNA_002/20220823_033000.WAV,Telephone Field,recover-20220825,002,1795
206.1625,206.2058,68437,83181,Rhinolophus ferrumequinum,0.028,0.028,-1,Echolocation,/mnt/ubna_data_01_mir/recover-20220825/UBNA_002/20220823_033000.WAV,Telephone Field,recover-20220825,002,1795
206.1915,206.2285,68437,81912,Rhinolophus ferrumequinum,0.023,0.023,-1,Echolocation,/mnt/ubna_data_01_mir/recover-20220825/UBNA_002/20220823_033000.WAV,Telephone Field,recover-20220825,002,1795
206.2065,206.2147,25468,34116,Eptesicus serotinus,0.007,0.023,-1,Echolocation,/mnt/ubna_data_01_mir/recover-20220825/UBNA_002/20220823_033000.WAV,Telephone Field,recover-20220825,002,1795
206.2155,206.2526,68437,82222,Rhinolophus ferrumequinum,0.031,0.031,-1,Echolocation,/mnt/ubna_data_01_mir/recover-20220825/UBNA_002/20220823_033000.WAV,Telephone Field,recover-20220825,002,1795
206.2335,206.272,68437,82374,Rhinolophus ferrumequinum,0.025,0.025,-1,Echolocation,/mnt/ubna_data_01_mir/recover-20220825/UBNA_002/20220823_033000.WAV,Telephone Field,recover-20220825,002,1795
206.2395,206.2496,22890,29646,Nyctalus leisleri,0.009,0.028,-1,Echolocation,/mnt/ubna_data_01_mir/recover-20220825/UBNA_002/20220823_033000.WAV,Telephone Field,recover-20220825,002,1795
206.2605,206.2986,68437,82270,Rhinolophus ferrumequinum,0.022,0.022,-1,Echolocation,/mnt/ubna_data_01_mir/recover-20220825/UBNA_002/20220823_033000.WAV,Telephone Field,recover-20220825,002,1795
206.27949999999998,206.2848,37500,60185,Myotis brandtii,0.008,0.023,-1,Echolocation,/mnt/ubna_data_01_mir/recover-20220825/UBNA_002/20220823_033000.WAV,Telephone Field,recover-20220825,002,1795
206.3425,206.351,28046,39629,Eptesicus serotinus,0.008,0.023,-1,Echolocation,/mnt/ubna_data_01_mir/recover-20220825/UBNA_002/20220823_033000.WAV,Telephone Field,recover-20220825,002,1795
206.3715,206.4057,68437,80581,Rhinolophus ferrumequinum,0.024,0.024,-1,Echolocation,/mnt/ubna_data_01_mir/recover-20220825/UBNA_002/20220823_033000.WAV,Telephone Field,recover-20220825,002,1795
206.3795,206.3867,25468,35372,Plecotus austriacus,0.01,0.03,-1,Echolocation,/mnt/ubna_data_01_mir/recover-20220825/UBNA_002/20220823_033000.WAV,Telephone Field,recover-20220825,002,1795
206.3955,206.4395,68437,83077,Rhinolophus ferrumequinum,0.031,0.031,-1,Echolocation,/mnt/ubna_data_01_mir/recover-20220825/UBNA_002/20220823_033000.WAV,Telephone Field,recover-20220825,002,1795
206.4085,206.4153,27187,41870,Eptesicus serotinus,0.006,0.023,-1,Echolocation,/mnt/ubna_data_01_mir/recover-20220825/UBNA_002/20220823_033000.WAV,Telephone Field,recover-20220825,002,1795
206.4605,206.4693,28906,36376,Eptesicus serotinus,0.009,0.023,-1,Echolocation,/mnt/ubna_data_01_mir/recover-20220825/UBNA_002/20220823_033000.WAV,Telephone Field,recover-20220825,002,1795
206.4875,206.4984,23750,29741,Nyctalus leisleri,0.02,0.046,-1,Echolocation,/mnt/ubna_data_01_mir/recover-20220825/UBNA_002/20220823_033000.WAV,Telephone Field,recover-20220825,002,1795
206.5065,206.5168,28046,37729,Eptesicus serotinus,0.012,0.027,-1,Echolocation,/mnt/ubna_data_01_mir/recover-20220825/UBNA_002/20220823_033000.WAV,Telephone Field,recover-20220825,002,1795
206.5305,206.5696,68437,82333,Rhinolophus ferrumequinum,0.032,0.032,-1,Echolocation,/mnt/ubna_data_01_mir/recover-20220825/UBNA_002/20220823_033000.WAV,Telephone Field,recover-20220825,002,1795
206.5605,206.6043,68437,83674,Rhinolophus ferrumequinum,0.041,0.041,-1,Echolocation,/mnt/ubna_data_01_mir/recover-20220825/UBNA_002/20220823_033000.WAV,Telephone Field,recover-20220825,002,1795
206.6025,206.6409,68437,82575,Rhinolophus ferrumequinum,0.024,0.024,-1,Echolocation,/mnt/ubna_data_01_mir/recover-20220825/UBNA_002/20220823_033000.WAV,Telephone Field,recover-20220825,002,1795
206.6375,206.6454,27187,40006,Eptesicus serotinus,0.009,0.025,-1,Echolocation,/mnt/ubna_data_01_mir/recover-20220825/UBNA_002/20220823_033000.WAV,Telephone Field,recover-20220825,002,1795
206.6835,206.6956,22031,26413,Nyctalus leisleri,0.013,0.027,-1,Echolocation,/mnt/ubna_data_01_mir/recover-20220825/UBNA_002/20220823_033000.WAV,Telephone Field,recover-20220825,002,1795
206.6895,206.7053,20312,23523,Nyctalus leisleri,0.016,0.026,-1,Echolocation,/mnt/ubna_data_01_mir/recover-20220825/UBNA_002/20220823_033000.WAV,Telephone Field,recover-20220825,002,1795
206.7005,206.7462,68437,83605,Rhinolophus ferrumequinum,0.038,0.038,-1,Echolocation,/mnt/ubna_data_01_mir/recover-20220825/UBNA_002/20220823_033000.WAV,Telephone Field,recover-20220825,002,1795
206.7035,206.7121,28046,37143,Eptesicus serotinus,0.009,0.023,-1,Echolocation,/mnt/ubna_data_01_mir/recover-20220825/UBNA_002/20220823_033000.WAV,Telephone Field,recover-20220825,002,1795
206.7215,206.73239999999998,24609,31218,Eptesicus serotinus,0.009,0.024,-1,Echolocation,/mnt/ubna_data_01_mir/recover-20220825/UBNA_002/20220823_033000.WAV,Telephone Field,recover-20220825,002,1795
206.7385,206.7454,28046,40008,Myotis nattereri,0.005,0.024,-1,Echolocation,/mnt/ubna_data_01_mir/recover-20220825/UBNA_002/20220823_033000.WAV,Telephone Field,recover-20220825,002,1795
206.7565,206.7937,68437,81973,Rhinolophus ferrumequinum,0.023,0.023,-1,Echolocation,/mnt/ubna_data_01_mir/recover-20220825/UBNA_002/20220823_033000.WAV,Telephone Field,recover-20220825,002,1795
206.8005,206.809,23750,32602,Plecotus austriacus,0.007,0.023,-1,Echolocation,/mnt/ubna_data_01_mir/recover-20220825/UBNA_002/20220823_033000.WAV,Telephone Field,recover-20220825,002,1795
206.8535,206.8633,44375,50732,Pipistrellus pipistrellus,0.029,0.033,-1,Echolocation,/mnt/ubna_data_01_mir/recover-20220825/UBNA_002/20220823_033000.WAV,Telephone Field,recover-20220825,002,1795
206.8555,206.89679999999998,68437,83248,Rhinolophus ferrumequinum,0.028,0.028,-1,Echolocation,/mnt/ubna_data_01_mir/recover-20220825/UBNA_002/20220823_033000.WAV,Telephone Field,recover-20220825,002,1795
206.8895,206.9281,68437,82700,Rhinolophus ferrumequinum,0.023,0.023,-1,Echolocation,/mnt/ubna_data_01_mir/recover-20220825/UBNA_002/20220823_033000.WAV,Telephone Field,recover-20220825,002,1795
206.8895,206.8999,27187,35134,Eptesicus serotinus,0.01,0.023,-1,Echolocation,/mnt/ubna_data_01_mir/recover-20220825/UBNA_002/20220823_033000.WAV,Telephone Field,recover-20220825,002,1795
206.9145,206.9224,28906,41560,Eptesicus serotinus,0.008,0.025,-1,Echolocation,/mnt/ubna_data_01_mir/recover-20220825/UBNA_002/20220823_033000.WAV,Telephone Field,recover-20220825,002,1795
207.0005,207.011,28046,36468,Eptesicus serotinus,0.01,0.023,-1,Echolocation,/mnt/ubna_data_01_mir/recover-20220825/UBNA_002/20220823_033000.WAV,Telephone Field,recover-20220825,002,1795
207.0145,207.0294,23750,28988,Nyctalus leisleri,0.013,0.027,-1,Echolocation,/mnt/ubna_data_01_mir/recover-20220825/UBNA_002/20220823_033000.WAV,Telephone Field,recover-20220825,002,1795
207.0435,207.0795,68437,81045,Rhinolophus ferrumequinum,0.022,0.022,-1,Echolocation,/mnt/ubna_data_01_mir/recover-20220825/UBNA_002/20220823_033000.WAV,Telephone Field,recover-20220825,002,1795
207.0525,207.0911,68437,82614,Rhinolophus ferrumequinum,0.022,0.022,-1,Echolocation,/mnt/ubna_data_01_mir/recover-20220825/UBNA_002/20220823_033000.WAV,Telephone Field,recover-20220825,002,1795
207.1315,207.17079999999999,68437,82656,Rhinolophus ferrumequinum,0.024,0.024,-1,Echolocation,/mnt/ubna_data_01_mir/recover-20220825/UBNA_002/20220823_033000.WAV,Telephone Field,recover-20220825,002,1795
207.1815,207.2161,68437,81557,Rhinolophus ferrumequinum,0.024,0.024,-1,Echolocation,/mnt/ubna_data_01_mir/recover-20220825/UBNA_002/20220823_033000.WAV,Telephone Field,recover-20220825,002,1795
207.19650000000001,207.23930000000001,68437,82925,Rhinolophus ferrumequinum,0.03,0.03,-1,Echolocation,/mnt/ubna_data_01_mir/recover-20220825/UBNA_002/20220823_033000.WAV,Telephone Field,recover-20220825,002,1795
207.2175,207.252,68437,80630,Rhinolophus ferrumequinum,0.025,0.025,-1,Echolocation,/mnt/ubna_data_01_mir/recover-20220825/UBNA_002/20220823_033000.WAV,Telephone Field,recover-20220825,002,1795
207.2195,207.2269,28906,44717,Myotis daubentonii,0.008,0.027,-1,Echolocation,/mnt/ubna_data_01_mir/recover-20220825/UBNA_002/20220823_033000.WAV,Telephone Field,recover-20220825,002,1795
207.2615,207.3031,68437,83077,Rhinolophus ferrumequinum,0.028,0.028,-1,Echolocation,/mnt/ubna_data_01_mir/recover-20220825/UBNA_002/20220823_033000.WAV,Telephone Field,recover-20220825,002,1795
207.2995,207.3095,28906,39118,Eptesicus serotinus,0.011,0.026,-1,Echolocation,/mnt/ubna_data_01_mir/recover-20220825/UBNA_002/20220823_033000.WAV,Telephone Field,recover-20220825,002,1795
207.3125,207.351,68437,82426,Rhinolophus ferrumequinum,0.025,0.025,-1,Echolocation,/mnt/ubna_data_01_mir/recover-20220825/UBNA_002/20220823_033000.WAV,Telephone Field,recover-20220825,002,1795
207.3235,207.3666,68437,83176,Rhinolophus ferrumequinum,0.031,0.031,-1,Echolocation,/mnt/ubna_data_01_mir/recover-20220825/UBNA_002/20220823_033000.WAV,Telephone Field,recover-20220825,002,1795
207.3305,207.3394,44375,50303,Pipistrellus pipistrellus,0.022,0.026,-1,Echolocation,/mnt/ubna_data_01_mir/recover-20220825/UBNA_002/20220823_033000.WAV,Telephone Field,recover-20220825,002,1795
207.34550000000002,207.3521,27187,44322,Eptesicus serotinus,0.006,0.024,-1,Echolocation,/mnt/ubna_data_01_mir/recover-20220825/UBNA_002/20220823_033000.WAV,Telephone Field,recover-20220825,002,1795
207.3525,207.3863,68437,81643,Rhinolophus ferrumequinum,0.025,0.025,-1,Echolocation,/mnt/ubna_data_01_mir/recover-20220825/UBNA_002/20220823_033000.WAV,Telephone Field,recover-20220825,002,1795
207.3635,207.4009,68437,82228,Rhinolophus ferrumequinum,0.032,0.033,-1,Echolocation,/mnt/ubna_data_01_mir/recover-20220825/UBNA_002/20220823_033000.WAV,Telephone Field,recover-20220825,002,1795
207.3905,207.4275,68437,81538,Rhinolophus ferrumequinum,0.023,0.023,-1,Echolocation,/mnt/ubna_data_01_mir/recover-20220825/UBNA_002/20220823_033000.WAV,Telephone Field,recover-20220825,002,1795
207.3915,207.4004,25468,33493,Eptesicus serotinus,0.008,0.023,-1,Echolocation,/mnt/ubna_data_01_mir/recover-20220825/UBNA_002/20220823_033000.WAV,Telephone Field,recover-20220825,002,1795
207.4155,207.4554,68437,82425,Rhinolophus ferrumequinum,0.028,0.028,-1,Echolocation,/mnt/ubna_data_01_mir/recover-20220825/UBNA_002/20220823_033000.WAV,Telephone Field,recover-20220825,002,1795
207.4405,207.481,68437,83161,Rhinolophus ferrumequinum,0.025,0.025,-1,Echolocation,/mnt/ubna_data_01_mir/recover-20220825/UBNA_002/20220823_033000.WAV,Telephone Field,recover-20220825,002,1795
207.4435,207.4555,32343,37066,Pipistrellus nathusii,0.028,0.093,-1,Echolocation,/mnt/ubna_data_01_mir/recover-20220825/UBNA_002/20220823_033000.WAV,Telephone Field,recover-20220825,002,1795
207.4875,207.4957,28906,38727,Eptesicus serotinus,0.008,0.023,-1,Echolocation,/mnt/ubna_data_01_mir/recover-20220825/UBNA_002/20220823_033000.WAV,Telephone Field,recover-20220825,002,1795
207.5085,207.5472,68437,82014,Rhinolophus ferrumequinum,0.023,0.023,-1,Echolocation,/mnt/ubna_data_01_mir/recover-20220825/UBNA_002/20220823_033000.WAV,Telephone Field,recover-20220825,002,1795
207.5515,207.5918,68437,82846,Rhinolophus ferrumequinum,0.025,0.025,-1,Echolocation,/mnt/ubna_data_01_mir/recover-20220825/UBNA_002/20220823_033000.WAV,Telephone Field,recover-20220825,002,1795
207.5585,207.5958,68437,81815,Rhinolophus ferrumequinum,0.024,0.024,-1,Echolocation,/mnt/ubna_data_01_mir/recover-20220825/UBNA_002/20220823_033000.WAV,Telephone Field,recover-20220825,002,1795
207.5725,207.5834,22031,27483,Nyctalus leisleri,0.013,0.03,-1,Echolocation,/mnt/ubna_data_01_mir/recover-20220825/UBNA_002/20220823_033000.WAV,Telephone Field,recover-20220825,002,1795
207.5795,207.6165,68437,82148,Rhinolophus ferrumequinum,0.025,0.025,-1,Echolocation,/mnt/ubna_data_01_mir/recover-20220825/UBNA_002/20220823_033000.WAV,Telephone Field,recover-20220825,002,1795
207.6105,207.6176,27187,41609,Eptesicus serotinus,0.006,0.028,-1,Echolocation,/mnt/ubna_data_01_mir/recover-20220825/UBNA_002/20220823_033000.WAV,Telephone Field,recover-20220825,002,1795
207.6125,207.6478,68437,81761,Rhinolophus ferrumequinum,0.023,0.023,-1,Echolocation,/mnt/ubna_data_01_mir/recover-20220825/UBNA_002/20220823_033000.WAV,Telephone Field,recover-20220825,002,1795
207.6395,207.6757,68437,81422,Rhinolophus ferrumequinum,0.022,0.022,-1,Echolocation,/mnt/ubna_data_01_mir/recover-20220825/UBNA_002/20220823_033000.WAV,Telephone Field,recover-20220825,002,1795
207.6565,207.6932,68437,82064,Rhinolophus ferrumequinum,0.028,0.029,-1,Echolocation,/mnt/ubna_data_01_mir/recover-20220825/UBNA_002/20220823_033000.WAV,Telephone Field,recover-20220825,002,1795
207.6795,207.7207,68437,82239,Rhinolophus ferrumequinum,0.022,0.022,-1,Echolocation,/mnt/ubna_data_01_mir/recover-20220825/UBNA_002/20220823_033000.WAV,Telephone Field,recover-20220825,002,1795
207.6865,207.7252,68437,82401,Rhinolophus ferrumequinum,0.022,0.022,-1,Echolocation,/mnt/ubna_data_01_mir/recover-20220825/UBNA_002/20220823_033000.WAV,Telephone Field,recover-20220825,002,1795
207.7295,207.7382,22890,30576,Plecotus austriacus,0.012,0.028,-1,Echolocation,/mnt/ubna_data_01_mir/recover-20220825/UBNA_002/20220823_033000.WAV,Telephone Field,recover-20220825,002,1795
207.7385,207.7485,22031,27232,Nyctalus leisleri,0.011,0.026,-1,Echolocation,/mnt/ubna_data_01_mir/recover-20220825/UBNA_002/20220823_033000.WAV,Telephone Field,recover-20220825,002,1795
207.7425,207.7805,68437,81961,Rhinolophus ferrumequinum,0.029,0.029,-1,Echolocation,/mnt/ubna_data_01_mir/recover-20220825/UBNA_002/20220823_033000.WAV,Telephone Field,recover-20220825,002,1795
207.76749999999998,207.7774,22890,28780,Nyctalus leisleri,0.008,0.023,-1,Echolocation,/mnt/ubna_data_01_mir/recover-20220825/UBNA_002/20220823_033000.WAV,Telephone Field,recover-20220825,002,1795
207.7905,207.8289,68437,81872,Rhinolophus ferrumequinum,0.025,0.025,-1,Echolocation,/mnt/ubna_data_01_mir/recover-20220825/UBNA_002/20220823_033000.WAV,Telephone Field,recover-20220825,002,1795
207.7975,207.8063,26328,37525,Eptesicus serotinus,0.007,0.023,-1,Echolocation,/mnt/ubna_data_01_mir/recover-20220825/UBNA_002/20220823_033000.WAV,Telephone Field,recover-20220825,002,1795
207.8065,207.8172,23750,29014,Nyctalus leisleri,0.01,0.023,-1,Echolocation,/mnt/ubna_data_01_mir/recover-20220825/UBNA_002/20220823_033000.WAV,Telephone Field,recover-20220825,002,1795
207.8355,207.8768,68437,83134,Rhinolophus ferrumequinum,0.029,0.029,-1,Echolocation,/mnt/ubna_data_01_mir/recover-20220825/UBNA_002/20220823_033000.WAV,Telephone Field,recover-20220825,002,1795
207.8525,207.8604,23750,32333,Plecotus austriacus,0.009,0.022,-1,Echolocation,/mnt/ubna_data_01_mir/recover-20220825/UBNA_002/20220823_033000.WAV,Telephone Field,recover-20220825,002,1795
207.8595,207.898,68437,82626,Rhinolophus ferrumequinum,0.025,0.025,-1,Echolocation,/mnt/ubna_data_01_mir/recover-20220825/UBNA_002/20220823_033000.WAV,Telephone Field,recover-20220825,002,1795
207.8865,207.9256,68437,82216,Rhinolophus ferrumequinum,0.023,0.023,-1,Echolocation,/mnt/ubna_data_01_mir/recover-20220825/UBNA_002/20220823_033000.WAV,Telephone Field,recover-20220825,002,1795
207.9125,207.9502,68437,81874,Rhinolophus ferrumequinum,0.023,0.023,-1,Echolocation,/mnt/ubna_data_01_mir/recover-20220825/UBNA_002/20220823_033000.WAV,Telephone Field,recover-20220825,002,1795
207.9645,207.9731,44375,49905,Pipistrellus pipistrellus,0.024,0.027,-1,Echolocation,/mnt/ubna_data_01_mir/recover-20220825/UBNA_002/20220823_033000.WAV,Telephone Field,recover-20220825,002,1795
208.0015,208.0103,26328,35947,Eptesicus serotinus,0.007,0.026,-1,Echolocation,/mnt/ubna_data_01_mir/recover-20220825/UBNA_002/20220823_033000.WAV,Telephone Field,recover-20220825,002,1795
208.0015,208.016,19453,24163,Nyctalus leisleri,0.012,0.03,-1,Echolocation,/mnt/ubna_data_01_mir/recover-20220825/UBNA_002/20220823_033000.WAV,Telephone Field,recover-20220825,002,1795
208.0015,208.03,68437,79165,Rhinolophus ferrumequinum,0.029,0.029,-1,Echolocation,/mnt/ubna_data_01_mir/recover-20220825/UBNA_002/20220823_033000.WAV,Telephone Field,recover-20220825,002,1795
208.0015,208.0122,45234,51866,Pipistrellus pipistrellus,0.022,0.027,-1,Echolocation,/mnt/ubna_data_01_mir/recover-20220825/UBNA_002/20220823_033000.WAV,Telephone Field,recover-20220825,002,1795
208.0095,208.0182,27187,37180,Eptesicus serotinus,0.008,0.022,-1,Echolocation,/mnt/ubna_data_01_mir/recover-20220825/UBNA_002/20220823_033000.WAV,Telephone Field,recover-20220825,002,1795
208.0095,208.0178,46953,50725,Pipistrellus pipistrellus,0.021,0.023,-1,Echolocation,/mnt/ubna_data_01_mir/recover-20220825/UBNA_002/20220823_033000.WAV,Telephone Field,recover-20220825,002,1795
208.0335,208.0717,68437,81882,Rhinolophus ferrumequinum,0.024,0.024,-1,Echolocation,/mnt/ubna_data_01_mir/recover-20220825/UBNA_002/20220823_033000.WAV,Telephone Field,recover-20220825,002,1795
208.0795,208.1193,68437,82221,Rhinolophus ferrumequinum,0.022,0.022,-1,Echolocation,/mnt/ubna_data_01_mir/recover-20220825/UBNA_002/20220823_033000.WAV,Telephone Field,recover-20220825,002,1795
208.1035,208.1368,68437,81499,Rhinolophus ferrumequinum,0.024,0.024,-1,Echolocation,/mnt/ubna_data_01_mir/recover-20220825/UBNA_002/20220823_033000.WAV,Telephone Field,recover-20220825,002,1795
208.1045,208.1146,50390,55095,Pipistrellus pipistrellus,0.021,0.026,-1,Echolocation,/mnt/ubna_data_01_mir/recover-20220825/UBNA_002/20220823_033000.WAV,Telephone Field,recover-20220825,002,1795
208.1505,208.1889,68437,82046,Rhinolophus ferrumequinum,0.023,0.023,-1,Echolocation,/mnt/ubna_data_01_mir/recover-20220825/UBNA_002/20220823_033000.WAV,Telephone Field,recover-20220825,002,1795
208.1865,208.2261,68437,82017,Rhinolophus ferrumequinum,0.022,0.022,-1,Echolocation,/mnt/ubna_data_01_mir/recover-20220825/UBNA_002/20220823_033000.WAV,Telephone Field,recover-20220825,002,1795
208.2245,208.2319,28046,40779,Eptesicus serotinus,0.006,0.022,-1,Echolocation,/mnt/ubna_data_01_mir/recover-20220825/UBNA_002/20220823_033000.WAV,Telephone Field,recover-20220825,002,1795
208.2455,208.2852,68437,82008,Rhinolophus ferrumequinum,0.024,0.024,-1,Echolocation,/mnt/ubna_data_01_mir/recover-20220825/UBNA_002/20220823_033000.WAV,Telephone Field,recover-20220825,002,1795
208.2475,208.2577,22031,27183,Nyctalus leisleri,0.009,0.022,-1,Echolocation,/mnt/ubna_data_01_mir/recover-20220825/UBNA_002/20220823_033000.WAV,Telephone Field,recover-20220825,002,1795
208.2745,208.31459999999998,68437,82277,Rhinolophus ferrumequinum,0.022,0.022,-1,Echolocation,/mnt/ubna_data_01_mir/recover-20220825/UBNA_002/20220823_033000.WAV,Telephone Field,recover-20220825,002,1795
208.3095,208.3234,22031,25703,Nyctalus leisleri,0.013,0.022,-1,Echolocation,/mnt/ubna_data_01_mir/recover-20220825/UBNA_002/20220823_033000.WAV,Telephone Field,recover-20220825,002,1795
208.3495,208.3882,68437,81973,Rhinolophus ferrumequinum,0.028,0.028,-1,Echolocation,/mnt/ubna_data_01_mir/recover-20220825/UBNA_002/20220823_033000.WAV,Telephone Field,recover-20220825,002,1795
208.3595,208.3663,48671,52931,Pipistrellus pipistrellus,0.027,0.029,-1,Echolocation,/mnt/ubna_data_01_mir/recover-20220825/UBNA_002/20220823_033000.WAV,Telephone Field,recover-20220825,002,1795
208.3725,208.4085,68437,81289,Rhinolophus ferrumequinum,0.021,0.021,-1,Echolocation,/mnt/ubna_data_01_mir/recover-20220825/UBNA_002/20220823_033000.WAV,Telephone Field,recover-20220825,002,1795
208.3875,208.4263,68437,81818,Rhinolophus ferrumequinum,0.023,0.023,-1,Echolocation,/mnt/ubna_data_01_mir/recover-20220825/UBNA_002/20220823_033000.WAV,Telephone Field,recover-20220825,002,1795
208.4645,208.4746,28046,36353,Eptesicus serotinus,0.011,0.025,-1,Echolocation,/mnt/ubna_data_01_mir/recover-20220825/UBNA_002/20220823_033000.WAV,Telephone Field,recover-20220825,002,1795
208.4685,208.4773,60703,66058,Pipistrellus pygmaeus,0.038,0.039,-1,Echolocation,/mnt/ubna_data_01_mir/recover-20220825/UBNA_002/20220823_033000.WAV,Telephone Field,recover-20220825,002,1795
208.5155,208.5545,68437,82115,Rhinolophus ferrumequinum,0.022,0.022,-1,Echolocation,/mnt/ubna_data_01_mir/recover-20220825/UBNA_002/20220823_033000.WAV,Telephone Field,recover-20220825,002,1795
208.5235,208.5618,68437,81771,Rhinolophus ferrumequinum,0.022,0.022,-1,Echolocation,/mnt/ubna_data_01_mir/recover-20220825/UBNA_002/20220823_033000.WAV,Telephone Field,recover-20220825,002,1795
208.55349999999999,208.56,27187,40959,Eptesicus serotinus,0.006,0.023,-1,Echolocation,/mnt/ubna_data_01_mir/recover-20220825/UBNA_002/20220823_033000.WAV,Telephone Field,recover-20220825,002,1795
208.5595,208.5965,68437,82145,Rhinolophus ferrumequinum,0.021,0.021,-1,Echolocation,/mnt/ubna_data_01_mir/recover-20220825/UBNA_002/20220823_033000.WAV,Telephone Field,recover-20220825,002,1795
208.5705,208.6061,68437,82153,Rhinolophus ferrumequinum,0.022,0.022,-1,Echolocation,/mnt/ubna_data_01_mir/recover-20220825/UBNA_002/20220823_033000.WAV,Telephone Field,recover-20220825,002,1795
208.6035,208.6454,68437,82166,Rhinolophus ferrumequinum,0.023,0.023,-1,Echolocation,/mnt/ubna_data_01_mir/recover-20220825/UBNA_002/20220823_033000.WAV,Telephone Field,recover-20220825,002,1795
208.6265,208.6454,18593,22299,Nyctalus noctula,0.015,0.024,-1,Echolocation,/mnt/ubna_data_01_mir/recover-20220825/UBNA_002/20220823_033000.WAV,Telephone Field,recover-20220825,002,1795
208.6275,208.6672,68437,82125,Rhinolophus ferrumequinum,0.022,0.022,-1,Echolocation,/mnt/ubna_data_01_mir/recover-20220825/UBNA_002/20220823_033000.WAV,Telephone Field,recover-20220825,002,1795
208.6515,208.6615,28906,36763,Eptesicus serotinus,0.01,0.026,-1,Echolocation,/mnt/ubna_data_01_mir/recover-20220825/UBNA_002/20220823_033000.WAV,Telephone Field,recover-20220825,002,1795
208.6695,208.7116,68437,82351,Rhinolophus ferrumequinum,0.023,0.023,-1,Echolocation,/mnt/ubna_data_01_mir/recover-20220825/UBNA_002/20220823_033000.WAV,Telephone Field,recover-20220825,002,1795
208.7405,208.7478,28046,38060,Eptesicus serotinus,0.006,0.022,-1,Echolocation,/mnt/ubna_data_01_mir/recover-20220825/UBNA_002/20220823_033000.WAV,Telephone Field,recover-20220825,002,1795
208.7635,208.8085,68437,83169,Rhinolophus ferrumequinum,0.034,0.034,-1,Echolocation,/mnt/ubna_data_01_mir/recover-20220825/UBNA_002/20220823_033000.WAV,Telephone Field,recover-20220825,002,1795
208.80349999999999,208.8391,68437,81688,Rhinolophus ferrumequinum,0.021,0.021,-1,Echolocation,/mnt/ubna_data_01_mir/recover-20220825/UBNA_002/20220823_033000.WAV,Telephone Field,recover-20220825,002,1795
208.80349999999999,208.8141,23750,29465,Nyctalus leisleri,0.009,0.022,-1,Echolocation,/mnt/ubna_data_01_mir/recover-20220825/UBNA_002/20220823_033000.WAV,Telephone Field,recover-20220825,002,1795
208.8445,208.8547,25468,31859,Eptesicus serotinus,0.01,0.027,-1,Echolocation,/mnt/ubna_data_01_mir/recover-20220825/UBNA_002/20220823_033000.WAV,Telephone Field,recover-20220825,002,1795
208.8465,208.8855,68437,82430,Rhinolophus ferrumequinum,0.024,0.024,-1,Echolocation,/mnt/ubna_data_01_mir/recover-20220825/UBNA_002/20220823_033000.WAV,Telephone Field,recover-20220825,002,1795
208.8675,208.9085,68437,82338,Rhinolophus ferrumequinum,0.024,0.024,-1,Echolocation,/mnt/ubna_data_01_mir/recover-20220825/UBNA_002/20220823_033000.WAV,Telephone Field,recover-20220825,002,1795
208.8775,208.8846,50390,57515,Pipistrellus pipistrellus,0.018,0.022,-1,Echolocation,/mnt/ubna_data_01_mir/recover-20220825/UBNA_002/20220823_033000.WAV,Telephone Field,recover-20220825,002,1795
208.8975,208.9372,68437,82593,Rhinolophus ferrumequinum,0.023,0.023,-1,Echolocation,/mnt/ubna_data_01_mir/recover-20220825/UBNA_002/20220823_033000.WAV,Telephone Field,recover-20220825,002,1795
208.9155,208.9549,68437,82635,Rhinolophus ferrumequinum,0.022,0.022,-1,Echolocation,/mnt/ubna_data_01_mir/recover-20220825/UBNA_002/20220823_033000.WAV,Telephone Field,recover-20220825,002,1795
208.9175,208.9246,28046,36897,Eptesicus serotinus,0.006,0.021,-1,Echolocation,/mnt/ubna_data_01_mir/recover-20220825/UBNA_002/20220823_033000.WAV,Telephone Field,recover-20220825,002,1795
208.9355,208.9748,68437,82409,Rhinolophus ferrumequinum,0.025,0.025,-1,Echolocation,/mnt/ubna_data_01_mir/recover-20220825/UBNA_002/20220823_033000.WAV,Telephone Field,recover-20220825,002,1795
208.9535,208.9877,68437,80592,Rhinolophus ferrumequinum,0.024,0.024,-1,Echolocation,/mnt/ubna_data_01_mir/recover-20220825/UBNA_002/20220823_033000.WAV,Telephone Field,recover-20220825,002,1795
208.95850000000002,208.9663,27187,39245,Eptesicus serotinus,0.007,0.021,-1,Echolocation,/mnt/ubna_data_01_mir/recover-20220825/UBNA_002/20220823_033000.WAV,Telephone Field,recover-20220825,002,1795
208.9835,208.9911,27187,36276,Eptesicus serotinus,0.009,0.024,-1,Echolocation,/mnt/ubna_data_01_mir/recover-20220825/UBNA_002/20220823_033000.WAV,Telephone Field,recover-20220825,002,1795
209.0225,209.0297,28046,38554,Eptesicus serotinus,0.006,0.021,-1,Echolocation,/mnt/ubna_data_01_mir/recover-20220825/UBNA_002/20220823_033000.WAV,Telephone Field,recover-20220825,002,1795
209.0325,209.0411,24609,31693,Eptesicus serotinus,0.006,0.022,-1,Echolocation,/mnt/ubna_data_01_mir/recover-20220825/UBNA_002/20220823_033000.WAV,Telephone Field,recover-20220825,002,1795
209.0485,209.0879,68437,81983,Rhinolophus ferrumequinum,0.025,0.025,-1,Echolocation,/mnt/ubna_data_01_mir/recover-20220825/UBNA_002/20220823_033000.WAV,Telephone Field,recover-20220825,002,1795
209.07150000000001,209.0816,23750,30068,Nyctalus leisleri,0.009,0.023,-1,Echolocation,/mnt/ubna_data_01_mir/recover-20220825/UBNA_002/20220823_033000.WAV,Telephone Field,recover-20220825,002,1795
209.0935,209.1359,68437,82935,Rhinolophus ferrumequinum,0.026,0.026,-1,Echolocation,/mnt/ubna_data_01_mir/recover-20220825/UBNA_002/20220823_033000.WAV,Telephone Field,recover-20220825,002,1795
209.1355,209.173,68437,82174,Rhinolophus ferrumequinum,0.024,0.024,-1,Echolocation,/mnt/ubna_data_01_mir/recover-20220825/UBNA_002/20220823_033000.WAV,Telephone Field,recover-20220825,002,1795
209.1605,209.1998,68437,81783,Rhinolophus ferrumequinum,0.03,0.03,-1,Echolocation,/mnt/ubna_data_01_mir/recover-20220825/UBNA_002/20220823_033000.WAV,Telephone Field,recover-20220825,002,1795
209.1685,209.2077,68437,81898,Rhinolophus ferrumequinum,0.028,0.028,-1,Echolocation,/mnt/ubna_data_01_mir/recover-20220825/UBNA_002/20220823_033000.WAV,Telephone Field,recover-20220825,002,1795
209.1925,209.2002,25468,34146,Eptesicus serotinus,0.008,0.026,-1,Echolocation,/mnt/ubna_data_01_mir/recover-20220825/UBNA_002/20220823_033000.WAV,Telephone Field,recover-20220825,002,1795
209.2345,209.2438,25468,34190,Eptesicus serotinus,0.01,0.027,-1,Echolocation,/mnt/ubna_data_01_mir/recover-20220825/UBNA_002/20220823_033000.WAV,Telephone Field,recover-20220825,002,1795
209.2365,209.2458,29765,37925,Eptesicus serotinus,0.011,0.027,-1,Echolocation,/mnt/ubna_data_01_mir/recover-20220825/UBNA_002/20220823_033000.WAV,Telephone Field,recover-20220825,002,1795
209.3565,209.3945,68437,82439,Rhinolophus ferrumequinum,0.021,0.021,-1,Echolocation,/mnt/ubna_data_01_mir/recover-20220825/UBNA_002/20220823_033000.WAV,Telephone Field,recover-20220825,002,1795
209.3705,209.4113,68437,82714,Rhinolophus ferrumequinum,0.032,0.032,-1,Echolocation,/mnt/ubna_data_01_mir/recover-20220825/UBNA_002/20220823_033000.WAV,Telephone Field,recover-20220825,002,1795
209.3905,209.3981,28046,38095,Eptesicus serotinus,0.007,0.022,-1,Echolocation,/mnt/ubna_data_01_mir/recover-20220825/UBNA_002/20220823_033000.WAV,Telephone Field,recover-20220825,002,1795
209.4265,209.4625,68437,81599,Rhinolophus ferrumequinum,0.022,0.022,-1,Echolocation,/mnt/ubna_data_01_mir/recover-20220825/UBNA_002/20220823_033000.WAV,Telephone Field,recover-20220825,002,1795
209.4325,209.4726,68437,81807,Rhinolophus ferrumequinum,0.022,0.022,-1,Echolocation,/mnt/ubna_data_01_mir/recover-20220825/UBNA_002/20220823_033000.WAV,Telephone Field,recover-20220825,002,1795
209.4565,209.4696,44375,47600,Pipistrellus pipistrellus,0.032,0.035,-1,Echolocation,/mnt/ubna_data_01_mir/recover-20220825/UBNA_002/20220823_033000.WAV,Telephone Field,recover-20220825,002,1795
209.4615,209.50130000000001,68437,82218,Rhinolophus ferrumequinum,0.031,0.031,-1,Echolocation,/mnt/ubna_data_01_mir/recover-20220825/UBNA_002/20220823_033000.WAV,Telephone Field,recover-20220825,002,1795
209.4635,209.4723,27187,38357,Eptesicus serotinus,0.009,0.024,-1,Echolocation,/mnt/ubna_data_01_mir/recover-20220825/UBNA_002/20220823_033000.WAV,Telephone Field,recover-20220825,002,1795
209.4845,209.4923,28046,39264,Eptesicus serotinus,0.007,0.023,-1,Echolocation,/mnt/ubna_data_01_mir/recover-20220825/UBNA_002/20220823_033000.WAV,Telephone Field,recover-20220825,002,1795
209.4905,209.52870000000001,68437,82083,Rhinolophus ferrumequinum,0.025,0.025,-1,Echolocation,/mnt/ubna_data_01_mir/recover-20220825/UBNA_002/20220823_033000.WAV,Telephone Field,recover-20220825,002,1795
209.5115,209.5475,68437,81738,Rhinolophus ferrumequinum,0.022,0.022,-1,Echolocation,/mnt/ubna_data_01_mir/recover-20220825/UBNA_002/20220823_033000.WAV,Telephone Field,recover-20220825,002,1795
209.5245,209.5657,68437,82535,Rhinolophus ferrumequinum,0.022,0.022,-1,Echolocation,/mnt/ubna_data_01_mir/recover-20220825/UBNA_002/20220823_033000.WAV,Telephone Field,recover-20220825,002,1795
209.5285,209.5359,28046,39123,Eptesicus serotinus,0.008,0.028,-1,Echolocation,/mnt/ubna_data_01_mir/recover-20220825/UBNA_002/20220823_033000.WAV,Telephone Field,recover-20220825,002,1795
209.5635,209.5694,28046,38642,Plecotus auritus,0.008,0.034,-1,Echolocation,/mnt/ubna_data_01_mir/recover-20220825/UBNA_002/20220823_033000.WAV,Telephone Field,recover-20220825,002,1795
209.6315,209.6717,68437,82239,Rhinolophus ferrumequinum,0.023,0.023,-1,Echolocation,/mnt/ubna_data_01_mir/recover-20220825/UBNA_002/20220823_033000.WAV,Telephone Field,recover-20220825,002,1795
209.6435,209.6829,68437,82465,Rhinolophus ferrumequinum,0.022,0.022,-1,Echolocation,/mnt/ubna_data_01_mir/recover-20220825/UBNA_002/20220823_033000.WAV,Telephone Field,recover-20220825,002,1795
209.6515,209.6652,22890,26605,Nyctalus leisleri,0.019,0.033,-1,Echolocation,/mnt/ubna_data_01_mir/recover-20220825/UBNA_002/20220823_033000.WAV,Telephone Field,recover-20220825,002,1795
209.6765,209.6866,28046,35467,Eptesicus serotinus,0.01,0.024,-1,Echolocation,/mnt/ubna_data_01_mir/recover-20220825/UBNA_002/20220823_033000.WAV,Telephone Field,recover-20220825,002,1795
209.6805,209.7188,68437,82589,Rhinolophus ferrumequinum,0.032,0.032,-1,Echolocation,/mnt/ubna_data_01_mir/recover-20220825/UBNA_002/20220823_033000.WAV,Telephone Field,recover-20220825,002,1795
209.7105,209.74790000000002,68437,81957,Rhinolophus ferrumequinum,0.022,0.022,-1,Echolocation,/mnt/ubna_data_01_mir/recover-20220825/UBNA_002/20220823_033000.WAV,Telephone Field,recover-20220825,002,1795
209.7405,209.7791,68437,82303,Rhinolophus ferrumequinum,0.022,0.022,-1,Echolocation,/mnt/ubna_data_01_mir/recover-20220825/UBNA_002/20220823_033000.WAV,Telephone Field,recover-20220825,002,1795
209.7415,209.7519,22031,27040,Nyctalus leisleri,0.011,0.023,-1,Echolocation,/mnt/ubna_data_01_mir/recover-20220825/UBNA_002/20220823_033000.WAV,Telephone Field,recover-20220825,002,1795
209.7665,209.8056,68437,82261,Rhinolophus ferrumequinum,0.021,0.021,-1,Echolocation,/mnt/ubna_data_01_mir/recover-20220825/UBNA_002/20220823_033000.WAV,Telephone Field,recover-20220825,002,1795
209.7995,209.8366,68437,81946,Rhinolophus ferrumequinum,0.023,0.023,-1,Echolocation,/mnt/ubna_data_01_mir/recover-20220825/UBNA_002/20220823_033000.WAV,Telephone Field,recover-20220825,002,1795
209.8095,209.827,22031,25442,Nyctalus leisleri,0.013,0.022,-1,Echolocation,/mnt/ubna_data_01_mir/recover-20220825/UBNA_002/20220823_033000.WAV,Telephone Field,recover-20220825,002,1795
209.8195,209.8593,68437,82106,Rhinolophus ferrumequinum,0.024,0.024,-1,Echolocation,/mnt/ubna_data_01_mir/recover-20220825/UBNA_002/20220823_033000.WAV,Telephone Field,recover-20220825,002,1795
209.8225,209.8311,27187,37397,Eptesicus serotinus,0.009,0.025,-1,Echolocation,/mnt/ubna_data_01_mir/recover-20220825/UBNA_002/20220823_033000.WAV,Telephone Field,recover-20220825,002,1795
209.8445,209.852,27187,38023,Eptesicus serotinus,0.007,0.023,-1,Echolocation,/mnt/ubna_data_01_mir/recover-20220825/UBNA_002/20220823_033000.WAV,Telephone Field,recover-20220825,002,1795
209.8615,209.9033,68437,83067,Rhinolophus ferrumequinum,0.022,0.022,-1,Echolocation,/mnt/ubna_data_01_mir/recover-20220825/UBNA_002/20220823_033000.WAV,Telephone Field,recover-20220825,002,1795
209.8685,209.9069,68437,82059,Rhinolophus ferrumequinum,0.021,0.021,-1,Echolocation,/mnt/ubna_data_01_mir/recover-20220825/UBNA_002/20220823_033000.WAV,Telephone Field,recover-20220825,002,1795
209.8875,209.8954,44375,54728,Pipistrellus pipistrellus,0.015,0.024,-1,Echolocation,/mnt/ubna_data_01_mir/recover-20220825/UBNA_002/20220823_033000.WAV,Telephone Field,recover-20220825,002,1795
209.8885,209.8965,27187,39334,Eptesicus serotinus,0.008,0.021,-1,Echolocation,/mnt/ubna_data_01_mir/recover-20220825/UBNA_002/20220823_033000.WAV,Telephone Field,recover-20220825,002,1795
209.9265,209.9642,68437,81929,Rhinolophus ferrumequinum,0.025,0.025,-1,Echolocation,/mnt/ubna_data_01_mir/recover-20220825/UBNA_002/20220823_033000.WAV,Telephone Field,recover-20220825,002,1795
209.9325,209.9415,28046,36790,Eptesicus serotinus,0.008,0.021,-1,Echolocation,/mnt/ubna_data_01_mir/recover-20220825/UBNA_002/20220823_033000.WAV,Telephone Field,recover-20220825,002,1795
209.9385,209.9483,28906,34634,Eptesicus serotinus,0.008,0.021,-1,Echolocation,/mnt/ubna_data_01_mir/recover-20220825/UBNA_002/20220823_033000.WAV,Telephone Field,recover-20220825,002,1795
209.9525,209.9927,68437,82128,Rhinolophus ferrumequinum,0.021,0.021,-1,Echolocation,/mnt/ubna_data_01_mir/recover-20220825/UBNA_002/20220823_033000.WAV,Telephone Field,recover-20220825,002,1795
209.9795,209.9896,23750,29623,Nyctalus leisleri,0.009,0.021,-1,Echolocation,/mnt/ubna_data_01_mir/recover-20220825/UBNA_002/20220823_033000.WAV,Telephone Field,recover-20220825,002,1795
210.0015,210.0088,25468,36847,Plecotus austriacus,0.008,0.032,-1,Echolocation,/mnt/ubna_data_01_mir/recover-20220825/UBNA_002/20220823_033000.WAV,Telephone Field,recover-20220825,002,1795
210.0015,210.0137,46953,51431,Pipistrellus pipistrellus,0.029,0.037,-1,Echolocation,/mnt/ubna_data_01_mir/recover-20220825/UBNA_002/20220823_033000.WAV,Telephone Field,recover-20220825,002,1795
210.0015,210.0341,69296,81917,Rhinolophus ferrumequinum,0.035,0.035,-1,Echolocation,/mnt/ubna_data_01_mir/recover-20220825/UBNA_002/20220823_033000.WAV,Telephone Field,recover-20220825,002,1795
210.0265,210.0636,68437,81756,Rhinolophus ferrumequinum,0.021,0.021,-1,Echolocation,/mnt/ubna_data_01_mir/recover-20220825/UBNA_002/20220823_033000.WAV,Telephone Field,recover-20220825,002,1795
210.0495,210.0886,68437,82374,Rhinolophus ferrumequinum,0.022,0.022,-1,Echolocation,/mnt/ubna_data_01_mir/recover-20220825/UBNA_002/20220823_033000.WAV,Telephone Field,recover-20220825,002,1795
210.0555,210.07,17734,23225,Nyctalus noctula,0.014,0.025,-1,Echolocation,/mnt/ubna_data_01_mir/recover-20220825/UBNA_002/20220823_033000.WAV,Telephone Field,recover-20220825,002,1795
210.0925,210.1044,48671,56301,Pipistrellus pipistrellus,0.023,0.027,-1,Echolocation,/mnt/ubna_data_01_mir/recover-20220825/UBNA_002/20220823_033000.WAV,Telephone Field,recover-20220825,002,1795
210.0925,210.1312,68437,81989,Rhinolophus ferrumequinum,0.021,0.021,-1,Echolocation,/mnt/ubna_data_01_mir/recover-20220825/UBNA_002/20220823_033000.WAV,Telephone Field,recover-20220825,002,1795
210.1075,210.1487,68437,82961,Rhinolophus ferrumequinum,0.031,0.031,-1,Echolocation,/mnt/ubna_data_01_mir/recover-20220825/UBNA_002/20220823_033000.WAV,Telephone Field,recover-20220825,002,1795
210.1115,210.1196,28906,35906,Eptesicus serotinus,0.007,0.021,-1,Echolocation,/mnt/ubna_data_01_mir/recover-20220825/UBNA_002/20220823_033000.WAV,Telephone Field,recover-20220825,002,1795
210.1405,210.1819,68437,82145,Rhinolophus ferrumequinum,0.029,0.029,-1,Echolocation,/mnt/ubna_data_01_mir/recover-20220825/UBNA_002/20220823_033000.WAV,Telephone Field,recover-20220825,002,1795
210.1805,210.2166,68437,81273,Rhinolophus ferrumequinum,0.021,0.022,-1,Echolocation,/mnt/ubna_data_01_mir/recover-20220825/UBNA_002/20220823_033000.WAV,Telephone Field,recover-20220825,002,1795
210.2035,210.2131,28906,37186,Eptesicus serotinus,0.011,0.025,-1,Echolocation,/mnt/ubna_data_01_mir/recover-20220825/UBNA_002/20220823_033000.WAV,Telephone Field,recover-20220825,002,1795
210.2115,210.2458,68437,81450,Rhinolophus ferrumequinum,0.021,0.021,-1,Echolocation,/mnt/ubna_data_01_mir/recover-20220825/UBNA_002/20220823_033000.WAV,Telephone Field,recover-20220825,002,1795
210.2265,210.2665,68437,82184,Rhinolophus ferrumequinum,0.027,0.027,-1,Echolocation,/mnt/ubna_data_01_mir/recover-20220825/UBNA_002/20220823_033000.WAV,Telephone Field,recover-20220825,002,1795
210.2535,210.2918,68437,81688,Rhinolophus ferrumequinum,0.023,0.023,-1,Echolocation,/mnt/ubna_data_01_mir/recover-20220825/UBNA_002/20220823_033000.WAV,Telephone Field,recover-20220825,002,1795
210.2545,210.2644,27187,34578,Eptesicus serotinus,0.01,0.022,-1,Echolocation,/mnt/ubna_data_01_mir/recover-20220825/UBNA_002/20220823_033000.WAV,Telephone Field,recover-20220825,002,1795
210.2695,210.3058,68437,81195,Rhinolophus ferrumequinum,0.021,0.021,-1,Echolocation,/mnt/ubna_data_01_mir/recover-20220825/UBNA_002/20220823_033000.WAV,Telephone Field,recover-20220825,002,1795
210.2785,210.3179,68437,81673,Rhinolophus ferrumequinum,0.021,0.021,-1,Echolocation,/mnt/ubna_data_01_mir/recover-20220825/UBNA_002/20220823_033000.WAV,Telephone Field,recover-20220825,002,1795
210.3625,210.3998,68437,81586,Rhinolophus ferrumequinum,0.024,0.024,-1,Echolocation,/mnt/ubna_data_01_mir/recover-20220825/UBNA_002/20220823_033000.WAV,Telephone Field,recover-20220825,002,1795
210.3695,210.4059,68437,82804,Rhinolophus ferrumequinum,0.024,0.024,-1,Echolocation,/mnt/ubna_data_01_mir/recover-20220825/UBNA_002/20220823_033000.WAV,Telephone Field,recover-20220825,002,1795
210.3725,210.3812,23750,30693,Plecotus austriacus,0.008,0.023,-1,Echolocation,/mnt/ubna_data_01_mir/recover-20220825/UBNA_002/20220823_033000.WAV,Telephone Field,recover-20220825,002,1795
210.3995,210.4107,28906,36873,Eptesicus serotinus,0.014,0.029,-1,Echolocation,/mnt/ubna_data_01_mir/recover-20220825/UBNA_002/20220823_033000.WAV,Telephone Field,recover-20220825,002,1795
210.4235,210.466,68437,83008,Rhinolophus ferrumequinum,0.028,0.028,-1,Echolocation,/mnt/ubna_data_01_mir/recover-20220825/UBNA_002/20220823_033000.WAV,Telephone Field,recover-20220825,002,1795
210.4335,210.4739,68437,83117,Rhinolophus ferrumequinum,0.029,0.029,-1,Echolocation,/mnt/ubna_data_01_mir/recover-20220825/UBNA_002/20220823_033000.WAV,Telephone Field,recover-20220825,002,1795
210.4475,210.4554,25468,34303,Eptesicus serotinus,0.006,0.023,-1,Echolocation,/mnt/ubna_data_01_mir/recover-20220825/UBNA_002/20220823_033000.WAV,Telephone Field,recover-20220825,002,1795
210.5005,210.5391,68437,82423,Rhinolophus ferrumequinum,0.021,0.021,-1,Echolocation,/mnt/ubna_data_01_mir/recover-20220825/UBNA_002/20220823_033000.WAV,Telephone Field,recover-20220825,002,1795
210.5075,210.525,20312,23142,Nyctalus leisleri,0.014,0.022,-1,Echolocation,/mnt/ubna_data_01_mir/recover-20220825/UBNA_002/20220823_033000.WAV,Telephone Field,recover-20220825,002,1795
210.5215,210.5582,68437,82218,Rhinolophus ferrumequinum,0.026,0.026,-1,Echolocation,/mnt/ubna_data_01_mir/recover-20220825/UBNA_002/20220823_033000.WAV,Telephone Field,recover-20220825,002,1795
210.5285,210.5662,68437,81888,Rhinolophus ferrumequinum,0.022,0.022,-1,Echolocation,/mnt/ubna_data_01_mir/recover-20220825/UBNA_002/20220823_033000.WAV,Telephone Field,recover-20220825,002,1795
210.5345,210.5746,68437,82511,Rhinolophus ferrumequinum,0.022,0.022,-1,Echolocation,/mnt/ubna_data_01_mir/recover-20220825/UBNA_002/20220823_033000.WAV,Telephone Field,recover-20220825,002,1795
210.5405,210.5809,68437,82506,Rhinolophus ferrumequinum,0.021,0.021,-1,Echolocation,/mnt/ubna_data_01_mir/recover-20220825/UBNA_002/20220823_033000.WAV,Telephone Field,recover-20220825,002,1795
210.5685,210.5829,22890,26440,Nyctalus leisleri,0.016,0.027,-1,Echolocation,/mnt/ubna_data_01_mir/recover-20220825/UBNA_002/20220823_033000.WAV,Telephone Field,recover-20220825,002,1795
210.5845,210.6271,68437,83086,Rhinolophus ferrumequinum,0.05,0.05,-1,Echolocation,/mnt/ubna_data_01_mir/recover-20220825/UBNA_002/20220823_033000.WAV,Telephone Field,recover-20220825,002,1795
210.5955,210.6035,28046,41534,Eptesicus serotinus,0.007,0.022,-1,Echolocation,/mnt/ubna_data_01_mir/recover-20220825/UBNA_002/20220823_033000.WAV,Telephone Field,recover-20220825,002,1795
210.6105,210.6252,60703,67504,Pipistrellus pygmaeus,0.023,0.028,-1,Echolocation,/mnt/ubna_data_01_mir/recover-20220825/UBNA_002/20220823_033000.WAV,Telephone Field,recover-20220825,002,1795
210.7115,210.7486,68437,81260,Rhinolophus ferrumequinum,0.023,0.023,-1,Echolocation,/mnt/ubna_data_01_mir/recover-20220825/UBNA_002/20220823_033000.WAV,Telephone Field,recover-20220825,002,1795
210.7135,210.7276,50390,56511,Pipistrellus pipistrellus,0.028,0.036,-1,Echolocation,/mnt/ubna_data_01_mir/recover-20220825/UBNA_002/20220823_033000.WAV,Telephone Field,recover-20220825,002,1795
210.7385,210.7731,68437,81044,Rhinolophus ferrumequinum,0.023,0.023,-1,Echolocation,/mnt/ubna_data_01_mir/recover-20220825/UBNA_002/20220823_033000.WAV,Telephone Field,recover-20220825,002,1795
210.7475,210.7816,68437,81431,Rhinolophus ferrumequinum,0.022,0.022,-1,Echolocation,/mnt/ubna_data_01_mir/recover-20220825/UBNA_002/20220823_033000.WAV,Telephone Field,recover-20220825,002,1795
210.7555,210.7918,68437,81873,Rhinolophus ferrumequinum,0.025,0.025,-1,Echolocation,/mnt/ubna_data_01_mir/recover-20220825/UBNA_002/20220823_033000.WAV,Telephone Field,recover-20220825,002,1795
210.7645,210.8032,68437,81945,Rhinolophus ferrumequinum,0.02,0.021,-1,Echolocation,/mnt/ubna_data_01_mir/recover-20220825/UBNA_002/20220823_033000.WAV,Telephone Field,recover-20220825,002,1795
210.7785,210.7904,23750,30679,Nyctalus leisleri,0.009,0.024,-1,Echolocation,/mnt/ubna_data_01_mir/recover-20220825/UBNA_002/20220823_033000.WAV,Telephone Field,recover-20220825,002,1795
210.7905,210.8301,68437,82353,Rhinolophus ferrumequinum,0.025,0.025,-1,Echolocation,/mnt/ubna_data_01_mir/recover-20220825/UBNA_002/20220823_033000.WAV,Telephone Field,recover-20220825,002,1795
210.8175,210.8281,39218,43394,Pipistrellus nathusii,0.036,0.047,-1,Echolocation,/mnt/ubna_data_01_mir/recover-20220825/UBNA_002/20220823_033000.WAV,Telephone Field,recover-20220825,002,1795
210.8315,210.8713,68437,82493,Rhinolophus ferrumequinum,0.023,0.023,-1,Echolocation,/mnt/ubna_data_01_mir/recover-20220825/UBNA_002/20220823_033000.WAV,Telephone Field,recover-20220825,002,1795
210.8395,210.848,22890,31445,Plecotus austriacus,0.014,0.029,-1,Echolocation,/mnt/ubna_data_01_mir/recover-20220825/UBNA_002/20220823_033000.WAV,Telephone Field,recover-20220825,002,1795
210.8565,210.8929,68437,81282,Rhinolophus ferrumequinum,0.023,0.023,-1,Echolocation,/mnt/ubna_data_01_mir/recover-20220825/UBNA_002/20220823_033000.WAV,Telephone Field,recover-20220825,002,1795
210.9525,210.9911,68437,82838,Rhinolophus ferrumequinum,0.022,0.023,-1,Echolocation,/mnt/ubna_data_01_mir/recover-20220825/UBNA_002/20220823_033000.WAV,Telephone Field,recover-20220825,002,1795
210.9625,210.9714,28906,36639,Eptesicus serotinus,0.007,0.021,-1,Echolocation,/mnt/ubna_data_01_mir/recover-20220825/UBNA_002/20220823_033000.WAV,Telephone Field,recover-20220825,002,1795
210.9795,211.0166,68437,81930,Rhinolophus ferrumequinum,0.022,0.022,-1,Echolocation,/mnt/ubna_data_01_mir/recover-20220825/UBNA_002/20220823_033000.WAV,Telephone Field,recover-20220825,002,1795
210.9885,211.0291,68437,82584,Rhinolophus ferrumequinum,0.023,0.023,-1,Echolocation,/mnt/ubna_data_01_mir/recover-20220825/UBNA_002/20220823_033000.WAV,Telephone Field,recover-20220825,002,1795
210.9985,211.0389,68437,82817,Rhinolophus ferrumequinum,0.027,0.027,-1,Echolocation,/mnt/ubna_data_01_mir/recover-20220825/UBNA_002/20220823_033000.WAV,Telephone Field,recover-20220825,002,1795
211.0035,211.0103,23750,32550,Plecotus austriacus,0.009,0.022,-1,Echolocation,/mnt/ubna_data_01_mir/recover-20220825/UBNA_002/20220823_033000.WAV,Telephone Field,recover-20220825,002,1795
211.0255,211.0562,68437,80482,Rhinolophus ferrumequinum,0.021,0.021,-1,Echolocation,/mnt/ubna_data_01_mir/recover-20220825/UBNA_002/20220823_033000.WAV,Telephone Field,recover-20220825,002,1795
211.0395,211.0764,68437,81167,Rhinolophus ferrumequinum,0.024,0.024,-1,Echolocation,/mnt/ubna_data_01_mir/recover-20220825/UBNA_002/20220823_033000.WAV,Telephone Field,recover-20220825,002,1795
211.0625,211.074,28046,35137,Eptesicus serotinus,0.011,0.025,-1,Echolocation,/mnt/ubna_data_01_mir/recover-20220825/UBNA_002/20220823_033000.WAV,Telephone Field,recover-20220825,002,1795
211.0755,211.0857,22890,29172,Nyctalus leisleri,0.008,0.023,-1,Echolocation,/mnt/ubna_data_01_mir/recover-20220825/UBNA_002/20220823_033000.WAV,Telephone Field,recover-20220825,002,1795
211.1445,211.1854,68437,82695,Rhinolophus ferrumequinum,0.027,0.027,-1,Echolocation,/mnt/ubna_data_01_mir/recover-20220825/UBNA_002/20220823_033000.WAV,Telephone Field,recover-20220825,002,1795
211.1605,211.1705,22031,28182,Nyctalus leisleri,0.009,0.025,-1,Echolocation,/mnt/ubna_data_01_mir/recover-20220825/UBNA_002/20220823_033000.WAV,Telephone Field,recover-20220825,002,1795
211.1725,211.1813,28046,37750,Eptesicus serotinus,0.008,0.021,-1,Echolocation,/mnt/ubna_data_01_mir/recover-20220825/UBNA_002/20220823_033000.WAV,Telephone Field,recover-20220825,002,1795
211.1995,211.2389,68437,81998,Rhinolophus ferrumequinum,0.027,0.027,-1,Echolocation,/mnt/ubna_data_01_mir/recover-20220825/UBNA_002/20220823_033000.WAV,Telephone Field,recover-20220825,002,1795
211.2045,211.2153,34062,40182,Eptesicus serotinus,0.005,0.023,-1,Echolocation,/mnt/ubna_data_01_mir/recover-20220825/UBNA_002/20220823_033000.WAV,Telephone Field,recover-20220825,002,1795
211.2045,211.2138,28906,39959,Eptesicus serotinus,0.009,0.022,-1,Echolocation,/mnt/ubna_data_01_mir/recover-20220825/UBNA_002/20220823_033000.WAV,Telephone Field,recover-20220825,002,1795
211.2545,211.2965,68437,82646,Rhinolophus ferrumequinum,0.026,0.026,-1,Echolocation,/mnt/ubna_data_01_mir/recover-20220825/UBNA_002/20220823_033000.WAV,Telephone Field,recover-20220825,002,1795
211.2605,211.3038,68437,82987,Rhinolophus ferrumequinum,0.026,0.026,-1,Echolocation,/mnt/ubna_data_01_mir/recover-20220825/UBNA_002/20220823_033000.WAV,Telephone Field,recover-20220825,002,1795
211.3175,211.3592,68437,83013,Rhinolophus ferrumequinum,0.025,0.025,-1,Echolocation,/mnt/ubna_data_01_mir/recover-20220825/UBNA_002/20220823_033000.WAV,Telephone Field,recover-20220825,002,1795
211.3345,211.3721,68437,81516,Rhinolophus ferrumequinum,0.022,0.022,-1,Echolocation,/mnt/ubna_data_01_mir/recover-20220825/UBNA_002/20220823_033000.WAV,Telephone Field,recover-20220825,002,1795
211.3705,211.4117,68437,82722,Rhinolophus ferrumequinum,0.033,0.033,-1,Echolocation,/mnt/ubna_data_01_mir/recover-20220825/UBNA_002/20220823_033000.WAV,Telephone Field,recover-20220825,002,1795
211.4015,211.4134,22890,26701,Nyctalus leisleri,0.013,0.022,-1,Echolocation,/mnt/ubna_data_01_mir/recover-20220825/UBNA_002/20220823_033000.WAV,Telephone Field,recover-20220825,002,1795
211.4305,211.4392,28046,36694,Eptesicus serotinus,0.008,0.022,-1,Echolocation,/mnt/ubna_data_01_mir/recover-20220825/UBNA_002/20220823_033000.WAV,Telephone Field,recover-20220825,002,1795
211.4555,211.4943,68437,82001,Rhinolophus ferrumequinum,0.032,0.032,-1,Echolocation,/mnt/ubna_data_01_mir/recover-20220825/UBNA_002/20220823_033000.WAV,Telephone Field,recover-20220825,002,1795
211.4695,211.4805,23750,28380,Nyctalus leisleri,0.012,0.024,-1,Echolocation,/mnt/ubna_data_01_mir/recover-20220825/UBNA_002/20220823_033000.WAV,Telephone Field,recover-20220825,002,1795
211.4825,211.4894,27187,39844,Eptesicus serotinus,0.005,0.022,-1,Echolocation,/mnt/ubna_data_01_mir/recover-20220825/UBNA_002/20220823_033000.WAV,Telephone Field,recover-20220825,002,1795
211.4955,211.5324,68437,81797,Rhinolophus ferrumequinum,0.022,0.022,-1,Echolocation,/mnt/ubna_data_01_mir/recover-20220825/UBNA_002/20220823_033000.WAV,Telephone Field,recover-20220825,002,1795
211.5185,211.5604,68437,82972,Rhinolophus ferrumequinum,0.026,0.026,-1,Echolocation,/mnt/ubna_data_01_mir/recover-20220825/UBNA_002/20220823_033000.WAV,Telephone Field,recover-20220825,002,1795
211.5255,211.5382,28906,34994,Eptesicus serotinus,0.016,0.028,-1,Echolocation,/mnt/ubna_data_01_mir/recover-20220825/UBNA_002/20220823_033000.WAV,Telephone Field,recover-20220825,002,1795
211.5325,211.5746,68437,82884,Rhinolophus ferrumequinum,0.021,0.021,-1,Echolocation,/mnt/ubna_data_01_mir/recover-20220825/UBNA_002/20220823_033000.WAV,Telephone Field,recover-20220825,002,1795
211.5385,211.5794,68437,82728,Rhinolophus ferrumequinum,0.023,0.023,-1,Echolocation,/mnt/ubna_data_01_mir/recover-20220825/UBNA_002/20220823_033000.WAV,Telephone Field,recover-20220825,002,1795
211.5865,211.6258,68437,82808,Rhinolophus ferrumequinum,0.023,0.023,-1,Echolocation,/mnt/ubna_data_01_mir/recover-20220825/UBNA_002/20220823_033000.WAV,Telephone Field,recover-20220825,002,1795
211.5895,211.5972,28046,38671,Eptesicus serotinus,0.006,0.021,-1,Echolocation,/mnt/ubna_data_01_mir/recover-20220825/UBNA_002/20220823_033000.WAV,Telephone Field,recover-20220825,002,1795
211.6175,211.6267,28046,37268,Eptesicus serotinus,0.009,0.022,-1,Echolocation,/mnt/ubna_data_01_mir/recover-20220825/UBNA_002/20220823_033000.WAV,Telephone Field,recover-20220825,002,1795
211.6355,211.6725,68437,81298,Rhinolophus ferrumequinum,0.021,0.021,-1,Echolocation,/mnt/ubna_data_01_mir/recover-20220825/UBNA_002/20220823_033000.WAV,Telephone Field,recover-20220825,002,1795
211.6415,211.6795,68437,81619,Rhinolophus ferrumequinum,0.021,0.021,-1,Echolocation,/mnt/ubna_data_01_mir/recover-20220825/UBNA_002/20220823_033000.WAV,Telephone Field,recover-20220825,002,1795
211.6565,211.6667,23750,30084,Nyctalus leisleri,0.009,0.022,-1,Echolocation,/mnt/ubna_data_01_mir/recover-20220825/UBNA_002/20220823_033000.WAV,Telephone Field,recover-20220825,002,1795
211.7125,211.7517,68437,82249,Rhinolophus ferrumequinum,0.024,0.024,-1,Echolocation,/mnt/ubna_data_01_mir/recover-20220825/UBNA_002/20220823_033000.WAV,Telephone Field,recover-20220825,002,1795
211.7375,211.776,68437,82542,Rhinolophus ferrumequinum,0.025,0.025,-1,Echolocation,/mnt/ubna_data_01_mir/recover-20220825/UBNA_002/20220823_033000.WAV,Telephone Field,recover-20220825,002,1795
211.7395,211.7481,46093,50873,Pipistrellus pipistrellus,0.023,0.024,-1,Echolocation,/mnt/ubna_data_01_mir/recover-20220825/UBNA_002/20220823_033000.WAV,Telephone Field,recover-20220825,002,1795
211.7655,211.8063,68437,82845,Rhinolophus ferrumequinum,0.023,0.023,-1,Echolocation,/mnt/ubna_data_01_mir/recover-20220825/UBNA_002/20220823_033000.WAV,Telephone Field,recover-20220825,002,1795
211.7715,211.8093,68437,82572,Rhinolophus ferrumequinum,0.021,0.021,-1,Echolocation,/mnt/ubna_data_01_mir/recover-20220825/UBNA_002/20220823_033000.WAV,Telephone Field,recover-20220825,002,1795
211.8065,211.8169,22890,27968,Nyctalus leisleri,0.009,0.021,-1,Echolocation,/mnt/ubna_data_01_mir/recover-20220825/UBNA_002/20220823_033000.WAV,Telephone Field,recover-20220825,002,1795
211.8235,211.8573,68437,81456,Rhinolophus ferrumequinum,0.021,0.021,-1,Echolocation,/mnt/ubna_data_01_mir/recover-20220825/UBNA_002/20220823_033000.WAV,Telephone Field,recover-20220825,002,1795
211.8245,211.8349,22890,29110,Nyctalus leisleri,0.01,0.024,-1,Echolocation,/mnt/ubna_data_01_mir/recover-20220825/UBNA_002/20220823_033000.WAV,Telephone Field,recover-20220825,002,1795
211.8455,211.8808,68437,80860,Rhinolophus ferrumequinum,0.023,0.023,-1,Echolocation,/mnt/ubna_data_01_mir/recover-20220825/UBNA_002/20220823_033000.WAV,Telephone Field,recover-20220825,002,1795
211.8645,211.8759,26328,33253,Eptesicus serotinus,0.012,0.028,-1,Echolocation,/mnt/ubna_data_01_mir/recover-20220825/UBNA_002/20220823_033000.WAV,Telephone Field,recover-20220825,002,1795
211.8695,211.9082,68437,82299,Rhinolophus ferrumequinum,0.022,0.022,-1,Echolocation,/mnt/ubna_data_01_mir/recover-20220825/UBNA_002/20220823_033000.WAV,Telephone Field,recover-20220825,002,1795
211.8715,211.8821,28046,34957,Eptesicus serotinus,0.013,0.028,-1,Echolocation,/mnt/ubna_data_01_mir/recover-20220825/UBNA_002/20220823_033000.WAV,Telephone Field,recover-20220825,002,1795
211.8955,211.9374,68437,82987,Rhinolophus ferrumequinum,0.032,0.032,-1,Echolocation,/mnt/ubna_data_01_mir/recover-20220825/UBNA_002/20220823_033000.WAV,Telephone Field,recover-20220825,002,1795
211.9075,211.9151,28906,40114,Eptesicus serotinus,0.009,0.025,-1,Echolocation,/mnt/ubna_data_01_mir/recover-20220825/UBNA_002/20220823_033000.WAV,Telephone Field,recover-20220825,002,1795
211.9445,211.984,68437,82731,Rhinolophus ferrumequinum,0.024,0.024,-1,Echolocation,/mnt/ubna_data_01_mir/recover-20220825/UBNA_002/20220823_033000.WAV,Telephone Field,recover-20220825,002,1795
211.9855,211.9942,25468,36009,Eptesicus serotinus,0.008,0.021,-1,Echolocation,/mnt/ubna_data_01_mir/recover-20220825/UBNA_002/20220823_033000.WAV,Telephone Field,recover-20220825,002,1795
212.0015,212.0096,25468,35369,Nyctalus leisleri,0.008,0.029,-1,Echolocation,/mnt/ubna_data_01_mir/recover-20220825/UBNA_002/20220823_033000.WAV,Telephone Field,recover-20220825,002,1795
212.0025,212.0394,68437,81550,Rhinolophus ferrumequinum,0.022,0.024,-1,Echolocation,/mnt/ubna_data_01_mir/recover-20220825/UBNA_002/20220823_033000.WAV,Telephone Field,recover-20220825,002,1795
212.0035,212.01670000000001,56406,62489,Pipistrellus pygmaeus,0.024,0.025,-1,Echolocation,/mnt/ubna_data_01_mir/recover-20220825/UBNA_002/20220823_033000.WAV,Telephone Field,recover-20220825,002,1795
212.0115,212.0198,25468,34531,Eptesicus serotinus,0.01,0.025,-1,Echolocation,/mnt/ubna_data_01_mir/recover-20220825/UBNA_002/20220823_033000.WAV,Telephone Field,recover-20220825,002,1795
212.0455,212.0849,68437,82781,Rhinolophus ferrumequinum,0.024,0.024,-1,Echolocation,/mnt/ubna_data_01_mir/recover-20220825/UBNA_002/20220823_033000.WAV,Telephone Field,recover-20220825,002,1795
212.0715,212.0845,23750,28999,Nyctalus leisleri,0.021,0.043,-1,Echolocation,/mnt/ubna_data_01_mir/recover-20220825/UBNA_002/20220823_033000.WAV,Telephone Field,recover-20220825,002,1795
212.0975,212.1405,68437,83197,Rhinolophus ferrumequinum,0.027,0.027,-1,Echolocation,/mnt/ubna_data_01_mir/recover-20220825/UBNA_002/20220823_033000.WAV,Telephone Field,recover-20220825,002,1795
212.1195,212.1595,68437,81872,Rhinolophus ferrumequinum,0.025,0.025,-1,Echolocation,/mnt/ubna_data_01_mir/recover-20220825/UBNA_002/20220823_033000.WAV,Telephone Field,recover-20220825,002,1795
212.1195,212.125,39218,61349,Myotis brandtii,0.007,0.022,-1,Echolocation,/mnt/ubna_data_01_mir/recover-20220825/UBNA_002/20220823_033000.WAV,Telephone Field,recover-20220825,002,1795
212.1215,212.1295,28046,43944,Eptesicus serotinus,0.011,0.032,-1,Echolocation,/mnt/ubna_data_01_mir/recover-20220825/UBNA_002/20220823_033000.WAV,Telephone Field,recover-20220825,002,1795
212.1735,212.2122,68437,82190,Rhinolophus ferrumequinum,0.024,0.024,-1,Echolocation,/mnt/ubna_data_01_mir/recover-20220825/UBNA_002/20220823_033000.WAV,Telephone Field,recover-20220825,002,1795
212.1895,212.2287,68437,82770,Rhinolophus ferrumequinum,0.026,0.026,-1,Echolocation,/mnt/ubna_data_01_mir/recover-20220825/UBNA_002/20220823_033000.WAV,Telephone Field,recover-20220825,002,1795
212.2145,212.254,68437,82067,Rhinolophus ferrumequinum,0.024,0.024,-1,Echolocation,/mnt/ubna_data_01_mir/recover-20220825/UBNA_002/20220823_033000.WAV,Telephone Field,recover-20220825,002,1795
212.2375,212.2442,44375,49417,Pipistrellus pipistrellus,0.021,0.024,-1,Echolocation,/mnt/ubna_data_01_mir/recover-20220825/UBNA_002/20220823_033000.WAV,Telephone Field,recover-20220825,002,1795
212.2375,212.2765,68437,82827,Rhinolophus ferrumequinum,0.023,0.023,-1,Echolocation,/mnt/ubna_data_01_mir/recover-20220825/UBNA_002/20220823_033000.WAV,Telephone Field,recover-20220825,002,1795
212.2395,212.2482,33203,44096,Myotis daubentonii,0.007,0.023,-1,Echolocation,/mnt/ubna_data_01_mir/recover-20220825/UBNA_002/20220823_033000.WAV,Telephone Field,recover-20220825,002,1795
212.2435,212.2516,28046,38279,Eptesicus serotinus,0.008,0.022,-1,Echolocation,/mnt/ubna_data_01_mir/recover-20220825/UBNA_002/20220823_033000.WAV,Telephone Field,recover-20220825,002,1795
212.3385,212.3745,68437,81167,Rhinolophus ferrumequinum,0.022,0.022,-1,Echolocation,/mnt/ubna_data_01_mir/recover-20220825/UBNA_002/20220823_033000.WAV,Telephone Field,recover-20220825,002,1795
212.3415,212.351,28046,37237,Eptesicus serotinus,0.009,0.023,-1,Echolocation,/mnt/ubna_data_01_mir/recover-20220825/UBNA_002/20220823_033000.WAV,Telephone Field,recover-20220825,002,1795
212.3615,212.4029,68437,82724,Rhinolophus ferrumequinum,0.03,0.03,-1,Echolocation,/mnt/ubna_data_01_mir/recover-20220825/UBNA_002/20220823_033000.WAV,Telephone Field,recover-20220825,002,1795
212.3995,212.4413,68437,82496,Rhinolophus ferrumequinum,0.022,0.022,-1,Echolocation,/mnt/ubna_data_01_mir/recover-20220825/UBNA_002/20220823_033000.WAV,Telephone Field,recover-20220825,002,1795
212.4305,212.4744,68437,83829,Rhinolophus ferrumequinum,0.032,0.032,-1,Echolocation,/mnt/ubna_data_01_mir/recover-20220825/UBNA_002/20220823_033000.WAV,Telephone Field,recover-20220825,002,1795
212.4405,212.4498,22031,29116,Plecotus austriacus,0.017,0.04,-1,Echolocation,/mnt/ubna_data_01_mir/recover-20220825/UBNA_002/20220823_033000.WAV,Telephone Field,recover-20220825,002,1795
212.4535,212.4961,68437,83265,Rhinolophus ferrumequinum,0.06,0.06,-1,Echolocation,/mnt/ubna_data_01_mir/recover-20220825/UBNA_002/20220823_033000.WAV,Telephone Field,recover-20220825,002,1795
212.4675,212.4759,27187,39287,Eptesicus serotinus,0.008,0.022,-1,Echolocation,/mnt/ubna_data_01_mir/recover-20220825/UBNA_002/20220823_033000.WAV,Telephone Field,recover-20220825,002,1795
212.5195,212.5404,20312,23097,Nyctalus leisleri,0.021,0.041,-1,Echolocation,/mnt/ubna_data_01_mir/recover-20220825/UBNA_002/20220823_033000.WAV,Telephone Field,recover-20220825,002,1795
212.5685,212.5796,25468,32230,Eptesicus serotinus,0.011,0.024,-1,Echolocation,/mnt/ubna_data_01_mir/recover-20220825/UBNA_002/20220823_033000.WAV,Telephone Field,recover-20220825,002,1795
212.5775,212.5869,22890,29591,Plecotus austriacus,0.008,0.024,-1,Echolocation,/mnt/ubna_data_01_mir/recover-20220825/UBNA_002/20220823_033000.WAV,Telephone Field,recover-20220825,002,1795
212.6175,212.6578,68437,82907,Rhinolophus ferrumequinum,0.029,0.029,-1,Echolocation,/mnt/ubna_data_01_mir/recover-20220825/UBNA_002/20220823_033000.WAV,Telephone Field,recover-20220825,002,1795
212.6475,212.6587,28046,37528,Eptesicus serotinus,0.01,0.022,-1,Echolocation,/mnt/ubna_data_01_mir/recover-20220825/UBNA_002/20220823_033000.WAV,Telephone Field,recover-20220825,002,1795
212.6525,212.698,68437,83833,Rhinolophus ferrumequinum,0.045,0.045,-1,Echolocation,/mnt/ubna_data_01_mir/recover-20220825/UBNA_002/20220823_033000.WAV,Telephone Field,recover-20220825,002,1795
212.6665,212.6776,24609,30753,Nyctalus leisleri,0.011,0.027,-1,Echolocation,/mnt/ubna_data_01_mir/recover-20220825/UBNA_002/20220823_033000.WAV,Telephone Field,recover-20220825,002,1795
212.6905,212.7297,68437,82992,Rhinolophus ferrumequinum,0.025,0.025,-1,Echolocation,/mnt/ubna_data_01_mir/recover-20220825/UBNA_002/20220823_033000.WAV,Telephone Field,recover-20220825,002,1795
212.7285,212.7689,68437,82600,Rhinolophus ferrumequinum,0.026,0.026,-1,Echolocation,/mnt/ubna_data_01_mir/recover-20220825/UBNA_002/20220823_033000.WAV,Telephone Field,recover-20220825,002,1795
212.7305,212.7409,43515,49091,Pipistrellus pipistrellus,0.018,0.022,-1,Echolocation,/mnt/ubna_data_01_mir/recover-20220825/UBNA_002/20220823_033000.WAV,Telephone Field,recover-20220825,002,1795
212.7595,212.7997,68437,82574,Rhinolophus ferrumequinum,0.03,0.03,-1,Echolocation,/mnt/ubna_data_01_mir/recover-20220825/UBNA_002/20220823_033000.WAV,Telephone Field,recover-20220825,002,1795
212.7695,212.7891,19453,22183,Nyctalus leisleri,0.012,0.026,-1,Echolocation,/mnt/ubna_data_01_mir/recover-20220825/UBNA_002/20220823_033000.WAV,Telephone Field,recover-20220825,002,1795
212.7785,212.7862,25468,34618,Eptesicus serotinus,0.006,0.024,-1,Echolocation,/mnt/ubna_data_01_mir/recover-20220825/UBNA_002/20220823_033000.WAV,Telephone Field,recover-20220825,002,1795
212.8035,212.8168,34062,39695,Pipistrellus nathusii,0.009,0.03,-1,Echolocation,/mnt/ubna_data_01_mir/recover-20220825/UBNA_002/20220823_033000.WAV,Telephone Field,recover-20220825,002,1795
212.8585,212.8983,68437,83214,Rhinolophus ferrumequinum,0.025,0.025,-1,Echolocation,/mnt/ubna_data_01_mir/recover-20220825/UBNA_002/20220823_033000.WAV,Telephone Field,recover-20220825,002,1795
212.8635,212.8741,26328,33979,Eptesicus serotinus,0.012,0.025,-1,Echolocation,/mnt/ubna_data_01_mir/recover-20220825/UBNA_002/20220823_033000.WAV,Telephone Field,recover-20220825,002,1795
212.8965,212.9033,24609,37518,Plecotus austriacus,0.01,0.026,-1,Echolocation,/mnt/ubna_data_01_mir/recover-20220825/UBNA_002/20220823_033000.WAV,Telephone Field,recover-20220825,002,1795
212.9125,212.9229,23750,29009,Nyctalus leisleri,0.011,0.026,-1,Echolocation,/mnt/ubna_data_01_mir/recover-20220825/UBNA_002/20220823_033000.WAV,Telephone Field,recover-20220825,002,1795
212.9225,212.9604,68437,82304,Rhinolophus ferrumequinum,0.024,0.024,-1,Echolocation,/mnt/ubna_data_01_mir/recover-20220825/UBNA_002/20220823_033000.WAV,Telephone Field,recover-20220825,002,1795
212.9815,213.0218,68437,82971,Rhinolophus ferrumequinum,0.022,0.022,-1,Echolocation,/mnt/ubna_data_01_mir/recover-20220825/UBNA_002/20220823_033000.WAV,Telephone Field,recover-20220825,002,1795
212.9945,213.0046,23750,30854,Nyctalus leisleri,0.007,0.022,-1,Echolocation,/mnt/ubna_data_01_mir/recover-20220825/UBNA_002/20220823_033000.WAV,Telephone Field,recover-20220825,002,1795
213.0455,213.0572,28906,36742,Eptesicus serotinus,0.017,0.033,-1,Echolocation,/mnt/ubna_data_01_mir/recover-20220825/UBNA_002/20220823_033000.WAV,Telephone Field,recover-20220825,002,1795
213.0885,213.0994,23750,29865,Nyctalus leisleri,0.01,0.023,-1,Echolocation,/mnt/ubna_data_01_mir/recover-20220825/UBNA_002/20220823_033000.WAV,Telephone Field,recover-20220825,002,1795
213.0995,213.1367,68437,82242,Rhinolophus ferrumequinum,0.024,0.024,-1,Echolocation,/mnt/ubna_data_01_mir/recover-20220825/UBNA_002/20220823_033000.WAV,Telephone Field,recover-20220825,002,1795
213.1025,213.1159,23750,28130,Nyctalus leisleri,0.014,0.026,-1,Echolocation,/mnt/ubna_data_01_mir/recover-20220825/UBNA_002/20220823_033000.WAV,Telephone Field,recover-20220825,002,1795
213.1755,213.1867,28046,35851,Eptesicus serotinus,0.022,0.036,-1,Echolocation,/mnt/ubna_data_01_mir/recover-20220825/UBNA_002/20220823_033000.WAV,Telephone Field,recover-20220825,002,1795
213.1945,213.2297,68437,81797,Rhinolophus ferrumequinum,0.023,0.023,-1,Echolocation,/mnt/ubna_data_01_mir/recover-20220825/UBNA_002/20220823_033000.WAV,Telephone Field,recover-20220825,002,1795
213.2345,213.2485,23750,28355,Nyctalus leisleri,0.016,0.03,-1,Echolocation,/mnt/ubna_data_01_mir/recover-20220825/UBNA_002/20220823_033000.WAV,Telephone Field,recover-20220825,002,1795
213.2555,213.2916,68437,81875,Rhinolophus ferrumequinum,0.024,0.024,-1,Echolocation,/mnt/ubna_data_01_mir/recover-20220825/UBNA_002/20220823_033000.WAV,Telephone Field,recover-20220825,002,1795
213.2565,213.26670000000001,26328,34135,Eptesicus serotinus,0.015,0.03,-1,Echolocation,/mnt/ubna_data_01_mir/recover-20220825/UBNA_002/20220823_033000.WAV,Telephone Field,recover-20220825,002,1795
213.2905,213.2982,27187,37975,Eptesicus serotinus,0.009,0.022,-1,Echolocation,/mnt/ubna_data_01_mir/recover-20220825/UBNA_002/20220823_033000.WAV,Telephone Field,recover-20220825,002,1795
213.3795,213.3861,28046,42580,Eptesicus serotinus,0.007,0.023,-1,Echolocation,/mnt/ubna_data_01_mir/recover-20220825/UBNA_002/20220823_033000.WAV,Telephone Field,recover-20220825,002,1795
213.4135,213.4531,68437,82581,Rhinolophus ferrumequinum,0.023,0.023,-1,Echolocation,/mnt/ubna_data_01_mir/recover-20220825/UBNA_002/20220823_033000.WAV,Telephone Field,recover-20220825,002,1795
213.4555,213.4946,68437,82478,Rhinolophus ferrumequinum,0.022,0.022,-1,Echolocation,/mnt/ubna_data_01_mir/recover-20220825/UBNA_002/20220823_033000.WAV,Telephone Field,recover-20220825,002,1795
213.4585,213.4708,14296,19107,Nyctalus noctula,0.015,0.027,-1,Echolocation,/mnt/ubna_data_01_mir/recover-20220825/UBNA_002/20220823_033000.WAV,Telephone Field,recover-20220825,002,1795
213.4865,213.5273,68437,82476,Rhinolophus ferrumequinum,0.024,0.024,-1,Echolocation,/mnt/ubna_data_01_mir/recover-20220825/UBNA_002/20220823_033000.WAV,Telephone Field,recover-20220825,002,1795
213.5515,213.5609,23750,30437,Nyctalus leisleri,0.007,0.022,-1,Echolocation,/mnt/ubna_data_01_mir/recover-20220825/UBNA_002/20220823_033000.WAV,Telephone Field,recover-20220825,002,1795
213.5655,213.6045,68437,82380,Rhinolophus ferrumequinum,0.031,0.031,-1,Echolocation,/mnt/ubna_data_01_mir/recover-20220825/UBNA_002/20220823_033000.WAV,Telephone Field,recover-20220825,002,1795
213.5895,213.6005,24609,31780,Eptesicus serotinus,0.01,0.025,-1,Echolocation,/mnt/ubna_data_01_mir/recover-20220825/UBNA_002/20220823_033000.WAV,Telephone Field,recover-20220825,002,1795
213.5995,213.6096,22890,29516,Nyctalus leisleri,0.012,0.034,-1,Echolocation,/mnt/ubna_data_01_mir/recover-20220825/UBNA_002/20220823_033000.WAV,Telephone Field,recover-20220825,002,1795
213.6275,213.6659,68437,82666,Rhinolophus ferrumequinum,0.029,0.029,-1,Echolocation,/mnt/ubna_data_01_mir/recover-20220825/UBNA_002/20220823_033000.WAV,Telephone Field,recover-20220825,002,1795
213.7155,213.7246,34921,40949,Barbastellus barbastellus,0.007,0.022,-1,Echolocation,/mnt/ubna_data_01_mir/recover-20220825/UBNA_002/20220823_033000.WAV,Telephone Field,recover-20220825,002,1795
213.7425,213.7812,68437,82462,Rhinolophus ferrumequinum,0.025,0.025,-1,Echolocation,/mnt/ubna_data_01_mir/recover-20220825/UBNA_002/20220823_033000.WAV,Telephone Field,recover-20220825,002,1795
213.8555,213.8964,68437,83402,Rhinolophus ferrumequinum,0.038,0.038,-1,Echolocation,/mnt/ubna_data_01_mir/recover-20220825/UBNA_002/20220823_033000.WAV,Telephone Field,recover-20220825,002,1795
213.8575,213.8687,23750,29620,Nyctalus leisleri,0.012,0.029,-1,Echolocation,/mnt/ubna_data_01_mir/recover-20220825/UBNA_002/20220823_033000.WAV,Telephone Field,recover-20220825,002,1795
213.8745,213.8832,41796,51019,Pipistrellus nathusii,0.009,0.023,-1,Echolocation,/mnt/ubna_data_01_mir/recover-20220825/UBNA_002/20220823_033000.WAV,Telephone Field,recover-20220825,002,1795
213.9395,213.9808,68437,82844,Rhinolophus ferrumequinum,0.03,0.03,-1,Echolocation,/mnt/ubna_data_01_mir/recover-20220825/UBNA_002/20220823_033000.WAV,Telephone Field,recover-20220825,002,1795
213.9535,213.9655,22890,27727,Nyctalus leisleri,0.012,0.025,-1,Echolocation,/mnt/ubna_data_01_mir/recover-20220825/UBNA_002/20220823_033000.WAV,Telephone Field,recover-20220825,002,1795
213.9825,213.9923,27187,37150,Eptesicus serotinus,0.01,0.024,-1,Echolocation,/mnt/ubna_data_01_mir/recover-20220825/UBNA_002/20220823_033000.WAV,Telephone Field,recover-20220825,002,1795
214.0015,214.0345,68437,79810,Rhinolophus ferrumequinum,0.035,0.035,-1,Echolocation,/mnt/ubna_data_01_mir/recover-20220825/UBNA_002/20220823_033000.WAV,Telephone Field,recover-20220825,002,1795
214.0015,214.0098,45234,51439,Pipistrellus pipistrellus,0.013,0.021,-1,Echolocation,/mnt/ubna_data_01_mir/recover-20220825/UBNA_002/20220823_033000.WAV,Telephone Field,recover-20220825,002,1795
214.0015,214.0106,25468,34512,Nyctalus leisleri,0.008,0.027,-1,Echolocation,/mnt/ubna_data_01_mir/recover-20220825/UBNA_002/20220823_033000.WAV,Telephone Field,recover-20220825,002,1795
214.0575,214.0962,68437,81701,Rhinolophus ferrumequinum,0.02,0.02,-1,Echolocation,/mnt/ubna_data_01_mir/recover-20220825/UBNA_002/20220823_033000.WAV,Telephone Field,recover-20220825,002,1795
214.0635,214.0706,24609,33835,Plecotus austriacus,0.007,0.021,-1,Echolocation,/mnt/ubna_data_01_mir/recover-20220825/UBNA_002/20220823_033000.WAV,Telephone Field,recover-20220825,002,1795
214.0855,214.0947,28046,39812,Eptesicus serotinus,0.009,0.021,-1,Echolocation,/mnt/ubna_data_01_mir/recover-20220825/UBNA_002/20220823_033000.WAV,Telephone Field,recover-20220825,002,1795
214.1015,214.1091,28046,40220,Eptesicus serotinus,0.008,0.021,-1,Echolocation,/mnt/ubna_data_01_mir/recover-20220825/UBNA_002/20220823_033000.WAV,Telephone Field,recover-20220825,002,1795
214.1305,214.1387,28046,40097,Eptesicus serotinus,0.008,0.022,-1,Echolocation,/mnt/ubna_data_01_mir/recover-20220825/UBNA_002/20220823_033000.WAV,Telephone Field,recover-20220825,002,1795
214.1555,214.1926,68437,82419,Rhinolophus ferrumequinum,0.023,0.023,-1,Echolocation,/mnt/ubna_data_01_mir/recover-20220825/UBNA_002/20220823_033000.WAV,Telephone Field,recover-20220825,002,1795
214.1575,214.1672,26328,35200,Eptesicus serotinus,0.01,0.023,-1,Echolocation,/mnt/ubna_data_01_mir/recover-20220825/UBNA_002/20220823_033000.WAV,Telephone Field,recover-20220825,002,1795
214.1885,214.1954,28046,41958,Eptesicus serotinus,0.006,0.022,-1,Echolocation,/mnt/ubna_data_01_mir/recover-20220825/UBNA_002/20220823_033000.WAV,Telephone Field,recover-20220825,002,1795
214.1955,214.2371,68437,82628,Rhinolophus ferrumequinum,0.027,0.027,-1,Echolocation,/mnt/ubna_data_01_mir/recover-20220825/UBNA_002/20220823_033000.WAV,Telephone Field,recover-20220825,002,1795
214.2085,214.2184,22031,27839,Nyctalus leisleri,0.01,0.025,-1,Echolocation,/mnt/ubna_data_01_mir/recover-20220825/UBNA_002/20220823_033000.WAV,Telephone Field,recover-20220825,002,1795
214.2085,214.2156,26328,35428,Eptesicus serotinus,0.007,0.022,-1,Echolocation,/mnt/ubna_data_01_mir/recover-20220825/UBNA_002/20220823_033000.WAV,Telephone Field,recover-20220825,002,1795
214.2565,214.2661,28046,36544,Eptesicus serotinus,0.009,0.021,-1,Echolocation,/mnt/ubna_data_01_mir/recover-20220825/UBNA_002/20220823_033000.WAV,Telephone Field,recover-20220825,002,1795
214.2935,214.301,28046,38910,Eptesicus serotinus,0.007,0.022,-1,Echolocation,/mnt/ubna_data_01_mir/recover-20220825/UBNA_002/20220823_033000.WAV,Telephone Field,recover-20220825,002,1795
214.3225,214.3323,25468,33300,Eptesicus serotinus,0.009,0.021,-1,Echolocation,/mnt/ubna_data_01_mir/recover-20220825/UBNA_002/20220823_033000.WAV,Telephone Field,recover-20220825,002,1795
214.4145,214.4239,28906,36439,Eptesicus serotinus,0.008,0.021,-1,Echolocation,/mnt/ubna_data_01_mir/recover-20220825/UBNA_002/20220823_033000.WAV,Telephone Field,recover-20220825,002,1795
214.4175,214.4563,68437,81982,Rhinolophus ferrumequinum,0.021,0.021,-1,Echolocation,/mnt/ubna_data_01_mir/recover-20220825/UBNA_002/20220823_033000.WAV,Telephone Field,recover-20220825,002,1795
214.4245,214.4342,46093,49691,Pipistrellus pipistrellus,0.02,0.023,-1,Echolocation,/mnt/ubna_data_01_mir/recover-20220825/UBNA_002/20220823_033000.WAV,Telephone Field,recover-20220825,002,1795
214.4325,214.473,68437,82628,Rhinolophus ferrumequinum,0.028,0.028,-1,Echolocation,/mnt/ubna_data_01_mir/recover-20220825/UBNA_002/20220823_033000.WAV,Telephone Field,recover-20220825,002,1795
214.4365,214.4457,24609,32479,Eptesicus serotinus,0.007,0.02,-1,Echolocation,/mnt/ubna_data_01_mir/recover-20220825/UBNA_002/20220823_033000.WAV,Telephone Field,recover-20220825,002,1795
214.4935,214.5344,68437,82985,Rhinolophus ferrumequinum,0.025,0.025,-1,Echolocation,/mnt/ubna_data_01_mir/recover-20220825/UBNA_002/20220823_033000.WAV,Telephone Field,recover-20220825,002,1795
214.5565,214.5661,28906,37230,Eptesicus serotinus,0.012,0.026,-1,Echolocation,/mnt/ubna_data_01_mir/recover-20220825/UBNA_002/20220823_033000.WAV,Telephone Field,recover-20220825,002,1795
214.5915,214.6286,68437,82176,Rhinolophus ferrumequinum,0.025,0.025,-1,Echolocation,/mnt/ubna_data_01_mir/recover-20220825/UBNA_002/20220823_033000.WAV,Telephone Field,recover-20220825,002,1795
214.6215,214.6316,25468,33514,Eptesicus serotinus,0.01,0.021,-1,Echolocation,/mnt/ubna_data_01_mir/recover-20220825/UBNA_002/20220823_033000.WAV,Telephone Field,recover-20220825,002,1795
214.6285,214.6373,27187,37497,Eptesicus serotinus,0.009,0.021,-1,Echolocation,/mnt/ubna_data_01_mir/recover-20220825/UBNA_002/20220823_033000.WAV,Telephone Field,recover-20220825,002,1795
214.6885,214.7255,68437,82083,Rhinolophus ferrumequinum,0.021,0.021,-1,Echolocation,/mnt/ubna_data_01_mir/recover-20220825/UBNA_002/20220823_033000.WAV,Telephone Field,recover-20220825,002,1795
214.7655,214.7732,27187,38176,Eptesicus serotinus,0.009,0.022,-1,Echolocation,/mnt/ubna_data_01_mir/recover-20220825/UBNA_002/20220823_033000.WAV,Telephone Field,recover-20220825,002,1795
214.7845,214.7951,23750,30033,Nyctalus leisleri,0.008,0.022,-1,Echolocation,/mnt/ubna_data_01_mir/recover-20220825/UBNA_002/20220823_033000.WAV,Telephone Field,recover-20220825,002,1795
214.8425,214.851,25468,33688,Eptesicus serotinus,0.007,0.02,-1,Echolocation,/mnt/ubna_data_01_mir/recover-20220825/UBNA_002/20220823_033000.WAV,Telephone Field,recover-20220825,002,1795
214.8525,214.8879,68437,81566,Rhinolophus ferrumequinum,0.02,0.02,-1,Echolocation,/mnt/ubna_data_01_mir/recover-20220825/UBNA_002/20220823_033000.WAV,Telephone Field,recover-20220825,002,1795
214.8565,214.8633,48671,54064,Pipistrellus pipistrellus,0.023,0.024,-1,Echolocation,/mnt/ubna_data_01_mir/recover-20220825/UBNA_002/20220823_033000.WAV,Telephone Field,recover-20220825,002,1795
214.9265,214.9689,68437,82291,Rhinolophus ferrumequinum,0.023,0.023,-1,Echolocation,/mnt/ubna_data_01_mir/recover-20220825/UBNA_002/20220823_033000.WAV,Telephone Field,recover-20220825,002,1795
214.9365,214.9758,68437,82302,Rhinolophus ferrumequinum,0.024,0.024,-1,Echolocation,/mnt/ubna_data_01_mir/recover-20220825/UBNA_002/20220823_033000.WAV,Telephone Field,recover-20220825,002,1795
214.9495,214.9566,27187,37054,Eptesicus serotinus,0.007,0.021,-1,Echolocation,/mnt/ubna_data_01_mir/recover-20220825/UBNA_002/20220823_033000.WAV,Telephone Field,recover-20220825,002,1795
214.9625,214.9995,68437,81745,Rhinolophus ferrumequinum,0.021,0.021,-1,Echolocation,/mnt/ubna_data_01_mir/recover-20220825/UBNA_002/20220823_033000.WAV,Telephone Field,recover-20220825,002,1795
214.9955,215.0049,22890,29146,Nyctalus leisleri,0.008,0.025,-1,Echolocation,/mnt/ubna_data_01_mir/recover-20220825/UBNA_002/20220823_033000.WAV,Telephone Field,recover-20220825,002,1795
214.9965,215.0359,68437,82752,Rhinolophus ferrumequinum,0.022,0.022,-1,Echolocation,/mnt/ubna_data_01_mir/recover-20220825/UBNA_002/20220823_033000.WAV,Telephone Field,recover-20220825,002,1795
215.0135,215.0573,68437,83470,Rhinolophus ferrumequinum,0.03,0.03,-1,Echolocation,/mnt/ubna_data_01_mir/recover-20220825/UBNA_002/20220823_033000.WAV,Telephone Field,recover-20220825,002,1795
215.0645,215.1065,68437,82733,Rhinolophus ferrumequinum,0.021,0.021,-1,Echolocation,/mnt/ubna_data_01_mir/recover-20220825/UBNA_002/20220823_033000.WAV,Telephone Field,recover-20220825,002,1795
215.0825,215.1235,68437,82753,Rhinolophus ferrumequinum,0.023,0.023,-1,Echolocation,/mnt/ubna_data_01_mir/recover-20220825/UBNA_002/20220823_033000.WAV,Telephone Field,recover-20220825,002,1795
215.0875,215.0966,28046,36564,Eptesicus serotinus,0.013,0.027,-1,Echolocation,/mnt/ubna_data_01_mir/recover-20220825/UBNA_002/20220823_033000.WAV,Telephone Field,recover-20220825,002,1795
215.1015,215.1404,68437,82449,Rhinolophus ferrumequinum,0.021,0.021,-1,Echolocation,/mnt/ubna_data_01_mir/recover-20220825/UBNA_002/20220823_033000.WAV,Telephone Field,recover-20220825,002,1795
215.1075,215.1473,68437,82110,Rhinolophus ferrumequinum,0.021,0.021,-1,Echolocation,/mnt/ubna_data_01_mir/recover-20220825/UBNA_002/20220823_033000.WAV,Telephone Field,recover-20220825,002,1795
215.1675,215.1766,27187,38612,Eptesicus serotinus,0.008,0.021,-1,Echolocation,/mnt/ubna_data_01_mir/recover-20220825/UBNA_002/20220823_033000.WAV,Telephone Field,recover-20220825,002,1795
215.1825,215.193,23750,30304,Nyctalus leisleri,0.011,0.031,-1,Echolocation,/mnt/ubna_data_01_mir/recover-20220825/UBNA_002/20220823_033000.WAV,Telephone Field,recover-20220825,002,1795
215.2615,215.296,68437,80489,Rhinolophus ferrumequinum,0.021,0.021,-1,Echolocation,/mnt/ubna_data_01_mir/recover-20220825/UBNA_002/20220823_033000.WAV,Telephone Field,recover-20220825,002,1795
215.2625,215.2688,28906,38184,Eptesicus serotinus,0.009,0.029,-1,Echolocation,/mnt/ubna_data_01_mir/recover-20220825/UBNA_002/20220823_033000.WAV,Telephone Field,recover-20220825,002,1795
215.2855,215.2945,51250,55360,Pipistrellus pipistrellus,0.025,0.031,-1,Echolocation,/mnt/ubna_data_01_mir/recover-20220825/UBNA_002/20220823_033000.WAV,Telephone Field,recover-20220825,002,1795
215.3045,215.3128,28046,39170,Eptesicus serotinus,0.008,0.021,-1,Echolocation,/mnt/ubna_data_01_mir/recover-20220825/UBNA_002/20220823_033000.WAV,Telephone Field,recover-20220825,002,1795
215.3615,215.3755,28046,34713,Eptesicus serotinus,0.022,0.034,-1,Echolocation,/mnt/ubna_data_01_mir/recover-20220825/UBNA_002/20220823_033000.WAV,Telephone Field,recover-20220825,002,1795
215.3965,215.4382,68437,82999,Rhinolophus ferrumequinum,0.023,0.023,-1,Echolocation,/mnt/ubna_data_01_mir/recover-20220825/UBNA_002/20220823_033000.WAV,Telephone Field,recover-20220825,002,1795
215.4395,215.4781,68437,82326,Rhinolophus ferrumequinum,0.022,0.022,-1,Echolocation,/mnt/ubna_data_01_mir/recover-20220825/UBNA_002/20220823_033000.WAV,Telephone Field,recover-20220825,002,1795
215.4685,215.5095,68437,82273,Rhinolophus ferrumequinum,0.023,0.023,-1,Echolocation,/mnt/ubna_data_01_mir/recover-20220825/UBNA_002/20220823_033000.WAV,Telephone Field,recover-20220825,002,1795
215.4755,215.5156,68437,82531,Rhinolophus ferrumequinum,0.023,0.023,-1,Echolocation,/mnt/ubna_data_01_mir/recover-20220825/UBNA_002/20220823_033000.WAV,Telephone Field,recover-20220825,002,1795
215.4885,215.498,50390,55490,Pipistrellus pipistrellus,0.036,0.043,-1,Echolocation,/mnt/ubna_data_01_mir/recover-20220825/UBNA_002/20220823_033000.WAV,Telephone Field,recover-20220825,002,1795
215.4895,215.4985,25468,32719,Eptesicus serotinus,0.012,0.027,-1,Echolocation,/mnt/ubna_data_01_mir/recover-20220825/UBNA_002/20220823_033000.WAV,Telephone Field,recover-20220825,002,1795
215.5125,215.551,68437,82233,Rhinolophus ferrumequinum,0.022,0.022,-1,Echolocation,/mnt/ubna_data_01_mir/recover-20220825/UBNA_002/20220823_033000.WAV,Telephone Field,recover-20220825,002,1795
215.5175,215.5312,22890,26611,Nyctalus leisleri,0.017,0.028,-1,Echolocation,/mnt/ubna_data_01_mir/recover-20220825/UBNA_002/20220823_033000.WAV,Telephone Field,recover-20220825,002,1795
215.5325,215.5708,68437,82125,Rhinolophus ferrumequinum,0.024,0.024,-1,Echolocation,/mnt/ubna_data_01_mir/recover-20220825/UBNA_002/20220823_033000.WAV,Telephone Field,recover-20220825,002,1795
215.5995,215.6101,22890,28904,Nyctalus leisleri,0.012,0.031,-1,Echolocation,/mnt/ubna_data_01_mir/recover-20220825/UBNA_002/20220823_033000.WAV,Telephone Field,recover-20220825,002,1795
215.6275,215.6702,68437,83142,Rhinolophus ferrumequinum,0.022,0.022,-1,Echolocation,/mnt/ubna_data_01_mir/recover-20220825/UBNA_002/20220823_033000.WAV,Telephone Field,recover-20220825,002,1795
215.6345,215.6416,28046,39334,Eptesicus serotinus,0.007,0.024,-1,Echolocation,/mnt/ubna_data_01_mir/recover-20220825/UBNA_002/20220823_033000.WAV,Telephone Field,recover-20220825,002,1795
215.6495,215.689,68437,81800,Rhinolophus ferrumequinum,0.021,0.021,-1,Echolocation,/mnt/ubna_data_01_mir/recover-20220825/UBNA_002/20220823_033000.WAV,Telephone Field,recover-20220825,002,1795
215.7035,215.7116,28906,37136,Eptesicus serotinus,0.007,0.021,-1,Echolocation,/mnt/ubna_data_01_mir/recover-20220825/UBNA_002/20220823_033000.WAV,Telephone Field,recover-20220825,002,1795
215.7155,215.7525,68437,82038,Rhinolophus ferrumequinum,0.029,0.029,-1,Echolocation,/mnt/ubna_data_01_mir/recover-20220825/UBNA_002/20220823_033000.WAV,Telephone Field,recover-20220825,002,1795
215.7375,215.7772,68437,82043,Rhinolophus ferrumequinum,0.033,0.033,-1,Echolocation,/mnt/ubna_data_01_mir/recover-20220825/UBNA_002/20220823_033000.WAV,Telephone Field,recover-20220825,002,1795
215.7395,215.7467,27187,40014,Eptesicus serotinus,0.007,0.022,-1,Echolocation,/mnt/ubna_data_01_mir/recover-20220825/UBNA_002/20220823_033000.WAV,Telephone Field,recover-20220825,002,1795
215.7645,215.8022,68437,82010,Rhinolophus ferrumequinum,0.022,0.022,-1,Echolocation,/mnt/ubna_data_01_mir/recover-20220825/UBNA_002/20220823_033000.WAV,Telephone Field,recover-20220825,002,1795
215.7675,215.77609999999999,46093,54718,Pipistrellus pipistrellus,0.018,0.023,-1,Echolocation,/mnt/ubna_data_01_mir/recover-20220825/UBNA_002/20220823_033000.WAV,Telephone Field,recover-20220825,002,1795
215.9365,215.9714,68437,81459,Rhinolophus ferrumequinum,0.02,0.02,-1,Echolocation,/mnt/ubna_data_01_mir/recover-20220825/UBNA_002/20220823_033000.WAV,Telephone Field,recover-20220825,002,1795
215.9845,215.9937,27187,38468,Eptesicus serotinus,0.009,0.024,-1,Echolocation,/mnt/ubna_data_01_mir/recover-20220825/UBNA_002/20220823_033000.WAV,Telephone Field,recover-20220825,002,1795
216.0015,216.0102,38359,53917,Myotis brandtii,0.008,0.024,-1,Echolocation,/mnt/ubna_data_01_mir/recover-20220825/UBNA_002/20220823_033000.WAV,Telephone Field,recover-20220825,002,1795
216.0015,216.0126,22890,28581,Nyctalus leisleri,0.013,0.03,-1,Echolocation,/mnt/ubna_data_01_mir/recover-20220825/UBNA_002/20220823_033000.WAV,Telephone Field,recover-20220825,002,1795
216.0015,216.0086,47812,52923,Pipistrellus pipistrellus,0.018,0.024,-1,Echolocation,/mnt/ubna_data_01_mir/recover-20220825/UBNA_002/20220823_033000.WAV,Telephone Field,recover-20220825,002,1795
216.0825,216.1239,68437,82596,Rhinolophus ferrumequinum,0.026,0.026,-1,Echolocation,/mnt/ubna_data_01_mir/recover-20220825/UBNA_002/20220823_033000.WAV,Telephone Field,recover-20220825,002,1795
216.0985,216.1395,68437,82936,Rhinolophus ferrumequinum,0.023,0.023,-1,Echolocation,/mnt/ubna_data_01_mir/recover-20220825/UBNA_002/20220823_033000.WAV,Telephone Field,recover-20220825,002,1795
216.1025,216.1106,27187,38923,Eptesicus serotinus,0.007,0.021,-1,Echolocation,/mnt/ubna_data_01_mir/recover-20220825/UBNA_002/20220823_033000.WAV,Telephone Field,recover-20220825,002,1795
216.1355,216.1439,26328,35599,Eptesicus serotinus,0.008,0.023,-1,Echolocation,/mnt/ubna_data_01_mir/recover-20220825/UBNA_002/20220823_033000.WAV,Telephone Field,recover-20220825,002,1795
216.1655,216.2044,68437,82159,Rhinolophus ferrumequinum,0.023,0.023,-1,Echolocation,/mnt/ubna_data_01_mir/recover-20220825/UBNA_002/20220823_033000.WAV,Telephone Field,recover-20220825,002,1795
216.1725,216.1806,27187,39393,Eptesicus serotinus,0.009,0.026,-1,Echolocation,/mnt/ubna_data_01_mir/recover-20220825/UBNA_002/20220823_033000.WAV,Telephone Field,recover-20220825,002,1795
216.1985,216.2068,27187,45276,Eptesicus serotinus,0.008,0.022,-1,Echolocation,/mnt/ubna_data_01_mir/recover-20220825/UBNA_002/20220823_033000.WAV,Telephone Field,recover-20220825,002,1795
216.2175,216.2584,68437,82940,Rhinolophus ferrumequinum,0.027,0.027,-1,Echolocation,/mnt/ubna_data_01_mir/recover-20220825/UBNA_002/20220823_033000.WAV,Telephone Field,recover-20220825,002,1795
216.2325,216.2413,28046,36969,Eptesicus serotinus,0.009,0.026,-1,Echolocation,/mnt/ubna_data_01_mir/recover-20220825/UBNA_002/20220823_033000.WAV,Telephone Field,recover-20220825,002,1795
216.2555,216.2648,23750,30910,Nyctalus leisleri,0.008,0.024,-1,Echolocation,/mnt/ubna_data_01_mir/recover-20220825/UBNA_002/20220823_033000.WAV,Telephone Field,recover-20220825,002,1795
216.2555,216.2946,68437,83069,Rhinolophus ferrumequinum,0.022,0.022,-1,Echolocation,/mnt/ubna_data_01_mir/recover-20220825/UBNA_002/20220823_033000.WAV,Telephone Field,recover-20220825,002,1795
216.2925,216.3305,68437,82044,Rhinolophus ferrumequinum,0.022,0.022,-1,Echolocation,/mnt/ubna_data_01_mir/recover-20220825/UBNA_002/20220823_033000.WAV,Telephone Field,recover-20220825,002,1795
216.3225,216.3304,26328,37542,Eptesicus serotinus,0.008,0.022,-1,Echolocation,/mnt/ubna_data_01_mir/recover-20220825/UBNA_002/20220823_033000.WAV,Telephone Field,recover-20220825,002,1795
216.3405,216.3826,68437,82613,Rhinolophus ferrumequinum,0.028,0.028,-1,Echolocation,/mnt/ubna_data_01_mir/recover-20220825/UBNA_002/20220823_033000.WAV,Telephone Field,recover-20220825,002,1795
216.3915,216.4003,27187,41791,Eptesicus serotinus,0.009,0.022,-1,Echolocation,/mnt/ubna_data_01_mir/recover-20220825/UBNA_002/20220823_033000.WAV,Telephone Field,recover-20220825,002,1795
216.4005,216.4399,68437,82797,Rhinolophus ferrumequinum,0.022,0.022,-1,Echolocation,/mnt/ubna_data_01_mir/recover-20220825/UBNA_002/20220823_033000.WAV,Telephone Field,recover-20220825,002,1795
216.4325,216.468,68437,82001,Rhinolophus ferrumequinum,0.022,0.022,-1,Echolocation,/mnt/ubna_data_01_mir/recover-20220825/UBNA_002/20220823_033000.WAV,Telephone Field,recover-20220825,002,1795
216.4545,216.4909,68437,81027,Rhinolophus ferrumequinum,0.024,0.024,-1,Echolocation,/mnt/ubna_data_01_mir/recover-20220825/UBNA_002/20220823_033000.WAV,Telephone Field,recover-20220825,002,1795
216.4805,216.5166,68437,81068,Rhinolophus ferrumequinum,0.022,0.022,-1,Echolocation,/mnt/ubna_data_01_mir/recover-20220825/UBNA_002/20220823_033000.WAV,Telephone Field,recover-20220825,002,1795
216.5385,216.5793,68437,83181,Rhinolophus ferrumequinum,0.027,0.027,-1,Echolocation,/mnt/ubna_data_01_mir/recover-20220825/UBNA_002/20220823_033000.WAV,Telephone Field,recover-20220825,002,1795
216.5515,216.5624,24609,32046,Eptesicus serotinus,0.009,0.025,-1,Echolocation,/mnt/ubna_data_01_mir/recover-20220825/UBNA_002/20220823_033000.WAV,Telephone Field,recover-20220825,002,1795
216.5905,216.6279,68437,82510,Rhinolophus ferrumequinum,0.022,0.022,-1,Echolocation,/mnt/ubna_data_01_mir/recover-20220825/UBNA_002/20220823_033000.WAV,Telephone Field,recover-20220825,002,1795
216.6085,216.6163,27187,36257,Eptesicus serotinus,0.015,0.036,-1,Echolocation,/mnt/ubna_data_01_mir/recover-20220825/UBNA_002/20220823_033000.WAV,Telephone Field,recover-20220825,002,1795
216.6405,216.6786,68437,81665,Rhinolophus ferrumequinum,0.021,0.022,-1,Echolocation,/mnt/ubna_data_01_mir/recover-20220825/UBNA_002/20220823_033000.WAV,Telephone Field,recover-20220825,002,1795
216.6945,216.736,68437,83435,Rhinolophus ferrumequinum,0.032,0.032,-1,Echolocation,/mnt/ubna_data_01_mir/recover-20220825/UBNA_002/20220823_033000.WAV,Telephone Field,recover-20220825,002,1795
216.7025,216.7143,22890,28277,Nyctalus leisleri,0.012,0.024,-1,Echolocation,/mnt/ubna_data_01_mir/recover-20220825/UBNA_002/20220823_033000.WAV,Telephone Field,recover-20220825,002,1795
216.7125,216.7237,22890,28912,Nyctalus leisleri,0.012,0.026,-1,Echolocation,/mnt/ubna_data_01_mir/recover-20220825/UBNA_002/20220823_033000.WAV,Telephone Field,recover-20220825,002,1795
216.7145,216.7515,68437,82170,Rhinolophus ferrumequinum,0.022,0.022,-1,Echolocation,/mnt/ubna_data_01_mir/recover-20220825/UBNA_002/20220823_033000.WAV,Telephone Field,recover-20220825,002,1795
216.7445,216.7831,68437,82335,Rhinolophus ferrumequinum,0.023,0.023,-1,Echolocation,/mnt/ubna_data_01_mir/recover-20220825/UBNA_002/20220823_033000.WAV,Telephone Field,recover-20220825,002,1795
216.7595,216.7708,23750,29043,Nyctalus leisleri,0.012,0.025,-1,Echolocation,/mnt/ubna_data_01_mir/recover-20220825/UBNA_002/20220823_033000.WAV,Telephone Field,recover-20220825,002,1795
216.7755,216.7833,27187,38345,Eptesicus serotinus,0.007,0.022,-1,Echolocation,/mnt/ubna_data_01_mir/recover-20220825/UBNA_002/20220823_033000.WAV,Telephone Field,recover-20220825,002,1795
216.7855,216.8284,68437,82855,Rhinolophus ferrumequinum,0.031,0.031,-1,Echolocation,/mnt/ubna_data_01_mir/recover-20220825/UBNA_002/20220823_033000.WAV,Telephone Field,recover-20220825,002,1795
216.8325,216.8709,68437,82599,Rhinolophus ferrumequinum,0.026,0.026,-1,Echolocation,/mnt/ubna_data_01_mir/recover-20220825/UBNA_002/20220823_033000.WAV,Telephone Field,recover-20220825,002,1795
216.8375,216.8483,22890,29141,Nyctalus leisleri,0.013,0.029,-1,Echolocation,/mnt/ubna_data_01_mir/recover-20220825/UBNA_002/20220823_033000.WAV,Telephone Field,recover-20220825,002,1795
216.8805,216.8907,28046,36381,Eptesicus serotinus,0.01,0.023,-1,Echolocation,/mnt/ubna_data_01_mir/recover-20220825/UBNA_002/20220823_033000.WAV,Telephone Field,recover-20220825,002,1795
216.9055,216.946,68437,82355,Rhinolophus ferrumequinum,0.022,0.022,-1,Echolocation,/mnt/ubna_data_01_mir/recover-20220825/UBNA_002/20220823_033000.WAV,Telephone Field,recover-20220825,002,1795
216.9065,216.9199,23750,27887,Nyctalus leisleri,0.019,0.032,-1,Echolocation,/mnt/ubna_data_01_mir/recover-20220825/UBNA_002/20220823_033000.WAV,Telephone Field,recover-20220825,002,1795
216.9125,216.9244,41796,45461,Pipistrellus pipistrellus,0.021,0.032,-1,Echolocation,/mnt/ubna_data_01_mir/recover-20220825/UBNA_002/20220823_033000.WAV,Telephone Field,recover-20220825,002,1795
216.9145,216.9541,68437,82881,Rhinolophus ferrumequinum,0.022,0.022,-1,Echolocation,/mnt/ubna_data_01_mir/recover-20220825/UBNA_002/20220823_033000.WAV,Telephone Field,recover-20220825,002,1795
216.9545,216.9931,68437,82332,Rhinolophus ferrumequinum,0.022,0.022,-1,Echolocation,/mnt/ubna_data_01_mir/recover-20220825/UBNA_002/20220823_033000.WAV,Telephone Field,recover-20220825,002,1795
216.9645,217.0033,68437,82439,Rhinolophus ferrumequinum,0.023,0.023,-1,Echolocation,/mnt/ubna_data_01_mir/recover-20220825/UBNA_002/20220823_033000.WAV,Telephone Field,recover-20220825,002,1795
216.9705,216.9811,22890,29276,Nyctalus leisleri,0.011,0.03,-1,Echolocation,/mnt/ubna_data_01_mir/recover-20220825/UBNA_002/20220823_033000.WAV,Telephone Field,recover-20220825,002,1795
217.0365,217.0475,27187,34518,Eptesicus serotinus,0.01,0.023,-1,Echolocation,/mnt/ubna_data_01_mir/recover-20220825/UBNA_002/20220823_033000.WAV,Telephone Field,recover-20220825,002,1795
217.0365,217.0783,68437,82696,Rhinolophus ferrumequinum,0.027,0.027,-1,Echolocation,/mnt/ubna_data_01_mir/recover-20220825/UBNA_002/20220823_033000.WAV,Telephone Field,recover-20220825,002,1795
217.0585,217.0652,37500,47301,Myotis daubentonii,0.011,0.024,-1,Echolocation,/mnt/ubna_data_01_mir/recover-20220825/UBNA_002/20220823_033000.WAV,Telephone Field,recover-20220825,002,1795
217.0605,217.0661,27187,49298,Myotis daubentonii,0.007,0.027,-1,Echolocation,/mnt/ubna_data_01_mir/recover-20220825/UBNA_002/20220823_033000.WAV,Telephone Field,recover-20220825,002,1795
217.0795,217.1171,68437,82322,Rhinolophus ferrumequinum,0.022,0.022,-1,Echolocation,/mnt/ubna_data_01_mir/recover-20220825/UBNA_002/20220823_033000.WAV,Telephone Field,recover-20220825,002,1795
217.0805,217.0879,26328,39283,Eptesicus serotinus,0.006,0.022,-1,Echolocation,/mnt/ubna_data_01_mir/recover-20220825/UBNA_002/20220823_033000.WAV,Telephone Field,recover-20220825,002,1795
217.1085,217.1489,68437,82432,Rhinolophus ferrumequinum,0.023,0.023,-1,Echolocation,/mnt/ubna_data_01_mir/recover-20220825/UBNA_002/20220823_033000.WAV,Telephone Field,recover-20220825,002,1795
217.1135,217.1237,28046,36151,Eptesicus serotinus,0.01,0.023,-1,Echolocation,/mnt/ubna_data_01_mir/recover-20220825/UBNA_002/20220823_033000.WAV,Telephone Field,recover-20220825,002,1795
217.1335,217.1431,22890,28981,Nyctalus leisleri,0.009,0.024,-1,Echolocation,/mnt/ubna_data_01_mir/recover-20220825/UBNA_002/20220823_033000.WAV,Telephone Field,recover-20220825,002,1795
217.1605,217.1692,28046,42143,Eptesicus serotinus,0.017,0.038,-1,Echolocation,/mnt/ubna_data_01_mir/recover-20220825/UBNA_002/20220823_033000.WAV,Telephone Field,recover-20220825,002,1795
217.1835,217.1938,28906,37077,Eptesicus serotinus,0.01,0.024,-1,Echolocation,/mnt/ubna_data_01_mir/recover-20220825/UBNA_002/20220823_033000.WAV,Telephone Field,recover-20220825,002,1795
217.2285,217.2685,68437,82585,Rhinolophus ferrumequinum,0.022,0.022,-1,Echolocation,/mnt/ubna_data_01_mir/recover-20220825/UBNA_002/20220823_033000.WAV,Telephone Field,recover-20220825,002,1795
217.2585,217.2975,68437,82167,Rhinolophus ferrumequinum,0.023,0.023,-1,Echolocation,/mnt/ubna_data_01_mir/recover-20220825/UBNA_002/20220823_033000.WAV,Telephone Field,recover-20220825,002,1795
217.2605,217.2671,45234,52507,Pipistrellus pipistrellus,0.024,0.027,-1,Echolocation,/mnt/ubna_data_01_mir/recover-20220825/UBNA_002/20220823_033000.WAV,Telephone Field,recover-20220825,002,1795
217.2715,217.279,28046,41661,Eptesicus serotinus,0.007,0.023,-1,Echolocation,/mnt/ubna_data_01_mir/recover-20220825/UBNA_002/20220823_033000.WAV,Telephone Field,recover-20220825,002,1795
217.3255,217.369,68437,82915,Rhinolophus ferrumequinum,0.031,0.031,-1,Echolocation,/mnt/ubna_data_01_mir/recover-20220825/UBNA_002/20220823_033000.WAV,Telephone Field,recover-20220825,002,1795
217.3435,217.35,25468,37806,Plecotus austriacus,0.005,0.022,-1,Echolocation,/mnt/ubna_data_01_mir/recover-20220825/UBNA_002/20220823_033000.WAV,Telephone Field,recover-20220825,002,1795
217.3555,217.3943,68437,82530,Rhinolophus ferrumequinum,0.025,0.025,-1,Echolocation,/mnt/ubna_data_01_mir/recover-20220825/UBNA_002/20220823_033000.WAV,Telephone Field,recover-20220825,002,1795
217.3635,217.3984,68437,81217,Rhinolophus ferrumequinum,0.022,0.022,-1,Echolocation,/mnt/ubna_data_01_mir/recover-20220825/UBNA_002/20220823_033000.WAV,Telephone Field,recover-20220825,002,1795
217.3965,217.4344,68437,81872,Rhinolophus ferrumequinum,0.024,0.024,-1,Echolocation,/mnt/ubna_data_01_mir/recover-20220825/UBNA_002/20220823_033000.WAV,Telephone Field,recover-20220825,002,1795
217.4255,217.462,68437,81228,Rhinolophus ferrumequinum,0.023,0.023,-1,Echolocation,/mnt/ubna_data_01_mir/recover-20220825/UBNA_002/20220823_033000.WAV,Telephone Field,recover-20220825,002,1795
217.4875,217.5095,18593,21634,Nyctalus noctula,0.011,0.022,-1,Echolocation,/mnt/ubna_data_01_mir/recover-20220825/UBNA_002/20220823_033000.WAV,Telephone Field,recover-20220825,002,1795
217.4925,217.5319,68437,82436,Rhinolophus ferrumequinum,0.039,0.039,-1,Echolocation,/mnt/ubna_data_01_mir/recover-20220825/UBNA_002/20220823_033000.WAV,Telephone Field,recover-20220825,002,1795
217.5455,217.5859,68437,82711,Rhinolophus ferrumequinum,0.024,0.024,-1,Echolocation,/mnt/ubna_data_01_mir/recover-20220825/UBNA_002/20220823_033000.WAV,Telephone Field,recover-20220825,002,1795
217.5545,217.5618,28046,38748,Eptesicus serotinus,0.008,0.025,-1,Echolocation,/mnt/ubna_data_01_mir/recover-20220825/UBNA_002/20220823_033000.WAV,Telephone Field,recover-20220825,002,1795
217.5625,217.57,25468,34409,Eptesicus serotinus,0.006,0.022,-1,Echolocation,/mnt/ubna_data_01_mir/recover-20220825/UBNA_002/20220823_033000.WAV,Telephone Field,recover-20220825,002,1795
217.5765,217.6145,68437,81979,Rhinolophus ferrumequinum,0.022,0.022,-1,Echolocation,/mnt/ubna_data_01_mir/recover-20220825/UBNA_002/20220823_033000.WAV,Telephone Field,recover-20220825,002,1795
217.6035,217.641,68437,81935,Rhinolophus ferrumequinum,0.023,0.023,-1,Echolocation,/mnt/ubna_data_01_mir/recover-20220825/UBNA_002/20220823_033000.WAV,Telephone Field,recover-20220825,002,1795
217.6195,217.6274,29765,38929,Myotis daubentonii,0.009,0.028,-1,Echolocation,/mnt/ubna_data_01_mir/recover-20220825/UBNA_002/20220823_033000.WAV,Telephone Field,recover-20220825,002,1795
217.6335,217.6749,68437,82749,Rhinolophus ferrumequinum,0.03,0.03,-1,Echolocation,/mnt/ubna_data_01_mir/recover-20220825/UBNA_002/20220823_033000.WAV,Telephone Field,recover-20220825,002,1795
217.6435,217.6813,68437,82586,Rhinolophus ferrumequinum,0.026,0.026,-1,Echolocation,/mnt/ubna_data_01_mir/recover-20220825/UBNA_002/20220823_033000.WAV,Telephone Field,recover-20220825,002,1795
217.6525,217.6668,28906,34315,Eptesicus serotinus,0.032,0.054,-1,Echolocation,/mnt/ubna_data_01_mir/recover-20220825/UBNA_002/20220823_033000.WAV,Telephone Field,recover-20220825,002,1795
217.6555,217.6974,68437,83085,Rhinolophus ferrumequinum,0.027,0.027,-1,Echolocation,/mnt/ubna_data_01_mir/recover-20220825/UBNA_002/20220823_033000.WAV,Telephone Field,recover-20220825,002,1795
217.6695,217.7029,68437,81570,Rhinolophus ferrumequinum,0.022,0.022,-1,Echolocation,/mnt/ubna_data_01_mir/recover-20220825/UBNA_002/20220823_033000.WAV,Telephone Field,recover-20220825,002,1795
217.6715,217.6787,27187,36585,Eptesicus serotinus,0.007,0.024,-1,Echolocation,/mnt/ubna_data_01_mir/recover-20220825/UBNA_002/20220823_033000.WAV,Telephone Field,recover-20220825,002,1795
217.7595,217.7707,22890,28028,Nyctalus leisleri,0.011,0.023,-1,Echolocation,/mnt/ubna_data_01_mir/recover-20220825/UBNA_002/20220823_033000.WAV,Telephone Field,recover-20220825,002,1795
217.7605,217.7961,68437,81723,Rhinolophus ferrumequinum,0.022,0.022,-1,Echolocation,/mnt/ubna_data_01_mir/recover-20220825/UBNA_002/20220823_033000.WAV,Telephone Field,recover-20220825,002,1795
217.8075,217.8199,23750,29540,Nyctalus leisleri,0.013,0.03,-1,Echolocation,/mnt/ubna_data_01_mir/recover-20220825/UBNA_002/20220823_033000.WAV,Telephone Field,recover-20220825,002,1795
217.9155,217.9235,26328,39027,Eptesicus serotinus,0.008,0.025,-1,Echolocation,/mnt/ubna_data_01_mir/recover-20220825/UBNA_002/20220823_033000.WAV,Telephone Field,recover-20220825,002,1795
217.9435,217.9882,68437,83622,Rhinolophus ferrumequinum,0.036,0.036,-1,Echolocation,/mnt/ubna_data_01_mir/recover-20220825/UBNA_002/20220823_033000.WAV,Telephone Field,recover-20220825,002,1795
217.9485,217.9911,68437,82948,Rhinolophus ferrumequinum,0.035,0.035,-1,Echolocation,/mnt/ubna_data_01_mir/recover-20220825/UBNA_002/20220823_033000.WAV,Telephone Field,recover-20220825,002,1795
217.9605,217.9676,27187,40813,Eptesicus serotinus,0.006,0.022,-1,Echolocation,/mnt/ubna_data_01_mir/recover-20220825/UBNA_002/20220823_033000.WAV,Telephone Field,recover-20220825,002,1795
217.9885,217.9981,27187,38249,Eptesicus serotinus,0.01,0.025,-1,Echolocation,/mnt/ubna_data_01_mir/recover-20220825/UBNA_002/20220823_033000.WAV,Telephone Field,recover-20220825,002,1795
218.0015,218.0342,68437,80214,Rhinolophus ferrumequinum,0.032,0.032,-1,Echolocation,/mnt/ubna_data_01_mir/recover-20220825/UBNA_002/20220823_033000.WAV,Telephone Field,recover-20220825,002,1795
218.0015,218.0097,26328,35287,Nyctalus leisleri,0.007,0.026,-1,Echolocation,/mnt/ubna_data_01_mir/recover-20220825/UBNA_002/20220823_033000.WAV,Telephone Field,recover-20220825,002,1795
218.0015,218.0104,22031,27894,Nyctalus leisleri,0.009,0.024,-1,Echolocation,/mnt/ubna_data_01_mir/recover-20220825/UBNA_002/20220823_033000.WAV,Telephone Field,recover-20220825,002,1795
218.0015,218.0117,47812,53909,Pipistrellus pipistrellus,0.017,0.024,-1,Echolocation,/mnt/ubna_data_01_mir/recover-20220825/UBNA_002/20220823_033000.WAV,Telephone Field,recover-20220825,002,1795
218.0105,218.05180000000001,68437,82784,Rhinolophus ferrumequinum,0.021,0.021,-1,Echolocation,/mnt/ubna_data_01_mir/recover-20220825/UBNA_002/20220823_033000.WAV,Telephone Field,recover-20220825,002,1795
218.0335,218.0703,68437,81717,Rhinolophus ferrumequinum,0.025,0.025,-1,Echolocation,/mnt/ubna_data_01_mir/recover-20220825/UBNA_002/20220823_033000.WAV,Telephone Field,recover-20220825,002,1795
218.0555,218.0693,34062,37923,Pipistrellus nathusii,0.009,0.028,-1,Echolocation,/mnt/ubna_data_01_mir/recover-20220825/UBNA_002/20220823_033000.WAV,Telephone Field,recover-20220825,002,1795
218.0625,218.0702,28046,40233,Eptesicus serotinus,0.008,0.024,-1,Echolocation,/mnt/ubna_data_01_mir/recover-20220825/UBNA_002/20220823_033000.WAV,Telephone Field,recover-20220825,002,1795
218.0735,218.1135,68437,81776,Rhinolophus ferrumequinum,0.023,0.023,-1,Echolocation,/mnt/ubna_data_01_mir/recover-20220825/UBNA_002/20220823_033000.WAV,Telephone Field,recover-20220825,002,1795
218.0855,218.0981,23750,28848,Nyctalus leisleri,0.028,0.055,-1,Echolocation,/mnt/ubna_data_01_mir/recover-20220825/UBNA_002/20220823_033000.WAV,Telephone Field,recover-20220825,002,1795
218.1155,218.1229,28046,38667,Eptesicus serotinus,0.007,0.022,-1,Echolocation,/mnt/ubna_data_01_mir/recover-20220825/UBNA_002/20220823_033000.WAV,Telephone Field,recover-20220825,002,1795
218.1425,218.1803,68437,81618,Rhinolophus ferrumequinum,0.023,0.023,-1,Echolocation,/mnt/ubna_data_01_mir/recover-20220825/UBNA_002/20220823_033000.WAV,Telephone Field,recover-20220825,002,1795
218.1435,218.1548,40937,44866,Pipistrellus pipistrellus,0.016,0.038,-1,Echolocation,/mnt/ubna_data_01_mir/recover-20220825/UBNA_002/20220823_033000.WAV,Telephone Field,recover-20220825,002,1795
218.1655,218.1745,27187,38799,Eptesicus serotinus,0.01,0.023,-1,Echolocation,/mnt/ubna_data_01_mir/recover-20220825/UBNA_002/20220823_033000.WAV,Telephone Field,recover-20220825,002,1795
218.1655,218.2021,68437,82110,Rhinolophus ferrumequinum,0.024,0.024,-1,Echolocation,/mnt/ubna_data_01_mir/recover-20220825/UBNA_002/20220823_033000.WAV,Telephone Field,recover-20220825,002,1795
218.1735,218.1846,22890,28268,Nyctalus leisleri,0.01,0.023,-1,Echolocation,/mnt/ubna_data_01_mir/recover-20220825/UBNA_002/20220823_033000.WAV,Telephone Field,recover-20220825,002,1795
218.1805,218.2198,68437,82344,Rhinolophus ferrumequinum,0.022,0.022,-1,Echolocation,/mnt/ubna_data_01_mir/recover-20220825/UBNA_002/20220823_033000.WAV,Telephone Field,recover-20220825,002,1795
218.2345,218.2711,68437,82291,Rhinolophus ferrumequinum,0.026,0.026,-1,Echolocation,/mnt/ubna_data_01_mir/recover-20220825/UBNA_002/20220823_033000.WAV,Telephone Field,recover-20220825,002,1795
218.2575,218.2653,26328,35054,Eptesicus serotinus,0.01,0.028,-1,Echolocation,/mnt/ubna_data_01_mir/recover-20220825/UBNA_002/20220823_033000.WAV,Telephone Field,recover-20220825,002,1795
218.2705,218.3049,68437,80942,Rhinolophus ferrumequinum,0.022,0.022,-1,Echolocation,/mnt/ubna_data_01_mir/recover-20220825/UBNA_002/20220823_033000.WAV,Telephone Field,recover-20220825,002,1795
218.3475,218.3606,22031,25946,Nyctalus leisleri,0.017,0.029,-1,Echolocation,/mnt/ubna_data_01_mir/recover-20220825/UBNA_002/20220823_033000.WAV,Telephone Field,recover-20220825,002,1795
218.3505,218.3903,68437,81680,Rhinolophus ferrumequinum,0.029,0.029,-1,Echolocation,/mnt/ubna_data_01_mir/recover-20220825/UBNA_002/20220823_033000.WAV,Telephone Field,recover-20220825,002,1795
218.4015,218.4108,28046,42356,Eptesicus serotinus,0.013,0.027,-1,Echolocation,/mnt/ubna_data_01_mir/recover-20220825/UBNA_002/20220823_033000.WAV,Telephone Field,recover-20220825,002,1795
218.4185,218.4286,28906,35486,Eptesicus serotinus,0.015,0.031,-1,Echolocation,/mnt/ubna_data_01_mir/recover-20220825/UBNA_002/20220823_033000.WAV,Telephone Field,recover-20220825,002,1795
218.4535,218.4614,28046,38657,Eptesicus serotinus,0.011,0.027,-1,Echolocation,/mnt/ubna_data_01_mir/recover-20220825/UBNA_002/20220823_033000.WAV,Telephone Field,recover-20220825,002,1795
218.4675,218.4747,27187,39710,Eptesicus serotinus,0.007,0.024,-1,Echolocation,/mnt/ubna_data_01_mir/recover-20220825/UBNA_002/20220823_033000.WAV,Telephone Field,recover-20220825,002,1795
218.4755,218.5088,68437,80669,Rhinolophus ferrumequinum,0.021,0.021,-1,Echolocation,/mnt/ubna_data_01_mir/recover-20220825/UBNA_002/20220823_033000.WAV,Telephone Field,recover-20220825,002,1795
218.5125,218.5536,68437,82413,Rhinolophus ferrumequinum,0.022,0.022,-1,Echolocation,/mnt/ubna_data_01_mir/recover-20220825/UBNA_002/20220823_033000.WAV,Telephone Field,recover-20220825,002,1795
218.5265,218.5342,30625,39569,Eptesicus serotinus,0.067,0.112,-1,Echolocation,/mnt/ubna_data_01_mir/recover-20220825/UBNA_002/20220823_033000.WAV,Telephone Field,recover-20220825,002,1795
218.5575,218.5931,68437,82029,Rhinolophus ferrumequinum,0.025,0.025,-1,Echolocation,/mnt/ubna_data_01_mir/recover-20220825/UBNA_002/20220823_033000.WAV,Telephone Field,recover-20220825,002,1795
218.5885,218.6277,68437,82460,Rhinolophus ferrumequinum,0.023,0.023,-1,Echolocation,/mnt/ubna_data_01_mir/recover-20220825/UBNA_002/20220823_033000.WAV,Telephone Field,recover-20220825,002,1795
218.5985,218.6353,68437,81471,Rhinolophus ferrumequinum,0.022,0.022,-1,Echolocation,/mnt/ubna_data_01_mir/recover-20220825/UBNA_002/20220823_033000.WAV,Telephone Field,recover-20220825,002,1795
218.6045,218.6398,68437,81383,Rhinolophus ferrumequinum,0.022,0.022,-1,Echolocation,/mnt/ubna_data_01_mir/recover-20220825/UBNA_002/20220823_033000.WAV,Telephone Field,recover-20220825,002,1795
218.6525,218.6912,68437,82150,Rhinolophus ferrumequinum,0.022,0.022,-1,Echolocation,/mnt/ubna_data_01_mir/recover-20220825/UBNA_002/20220823_033000.WAV,Telephone Field,recover-20220825,002,1795
218.6815,218.6915,49531,57680,Pipistrellus pipistrellus,0.018,0.023,-1,Echolocation,/mnt/ubna_data_01_mir/recover-20220825/UBNA_002/20220823_033000.WAV,Telephone Field,recover-20220825,002,1795
218.6955,218.7303,68437,81276,Rhinolophus ferrumequinum,0.022,0.022,-1,Echolocation,/mnt/ubna_data_01_mir/recover-20220825/UBNA_002/20220823_033000.WAV,Telephone Field,recover-20220825,002,1795
218.7035,218.7129,28906,38594,Eptesicus serotinus,0.014,0.033,-1,Echolocation,/mnt/ubna_data_01_mir/recover-20220825/UBNA_002/20220823_033000.WAV,Telephone Field,recover-20220825,002,1795
218.7265,218.7347,44375,52037,Pipistrellus pipistrellus,0.019,0.022,-1,Echolocation,/mnt/ubna_data_01_mir/recover-20220825/UBNA_002/20220823_033000.WAV,Telephone Field,recover-20220825,002,1795
218.7475,218.7569,28906,38004,Eptesicus serotinus,0.013,0.027,-1,Echolocation,/mnt/ubna_data_01_mir/recover-20220825/UBNA_002/20220823_033000.WAV,Telephone Field,recover-20220825,002,1795
218.7615,218.7724,26328,33122,Eptesicus serotinus,0.012,0.024,-1,Echolocation,/mnt/ubna_data_01_mir/recover-20220825/UBNA_002/20220823_033000.WAV,Telephone Field,recover-20220825,002,1795
218.7995,218.8124,22031,26673,Nyctalus leisleri,0.017,0.033,-1,Echolocation,/mnt/ubna_data_01_mir/recover-20220825/UBNA_002/20220823_033000.WAV,Telephone Field,recover-20220825,002,1795
218.80349999999999,218.81119999999999,28906,41060,Eptesicus serotinus,0.007,0.022,-1,Echolocation,/mnt/ubna_data_01_mir/recover-20220825/UBNA_002/20220823_033000.WAV,Telephone Field,recover-20220825,002,1795
218.8195,218.8606,68437,82635,Rhinolophus ferrumequinum,0.023,0.023,-1,Echolocation,/mnt/ubna_data_01_mir/recover-20220825/UBNA_002/20220823_033000.WAV,Telephone Field,recover-20220825,002,1795
218.8255,218.8359,27187,37534,Eptesicus serotinus,0.012,0.024,-1,Echolocation,/mnt/ubna_data_01_mir/recover-20220825/UBNA_002/20220823_033000.WAV,Telephone Field,recover-20220825,002,1795
218.8315,218.8405,28046,37455,Eptesicus serotinus,0.011,0.024,-1,Echolocation,/mnt/ubna_data_01_mir/recover-20220825/UBNA_002/20220823_033000.WAV,Telephone Field,recover-20220825,002,1795
218.8725,218.8833,22890,28226,Nyctalus leisleri,0.011,0.026,-1,Echolocation,/mnt/ubna_data_01_mir/recover-20220825/UBNA_002/20220823_033000.WAV,Telephone Field,recover-20220825,002,1795
218.8865,218.8978,26328,32255,Eptesicus serotinus,0.018,0.04,-1,Echolocation,/mnt/ubna_data_01_mir/recover-20220825/UBNA_002/20220823_033000.WAV,Telephone Field,recover-20220825,002,1795
218.9055,218.944,68437,82409,Rhinolophus ferrumequinum,0.022,0.022,-1,Echolocation,/mnt/ubna_data_01_mir/recover-20220825/UBNA_002/20220823_033000.WAV,Telephone Field,recover-20220825,002,1795
218.9225,218.9592,68437,82482,Rhinolophus ferrumequinum,0.022,0.022,-1,Echolocation,/mnt/ubna_data_01_mir/recover-20220825/UBNA_002/20220823_033000.WAV,Telephone Field,recover-20220825,002,1795
218.9335,218.9413,44375,49986,Pipistrellus pipistrellus,0.023,0.025,-1,Echolocation,/mnt/ubna_data_01_mir/recover-20220825/UBNA_002/20220823_033000.WAV,Telephone Field,recover-20220825,002,1795
218.9505,218.98930000000001,68437,82390,Rhinolophus ferrumequinum,0.026,0.026,-1,Echolocation,/mnt/ubna_data_01_mir/recover-20220825/UBNA_002/20220823_033000.WAV,Telephone Field,recover-20220825,002,1795
218.9875,219.0237,68437,81126,Rhinolophus ferrumequinum,0.021,0.021,-1,Echolocation,/mnt/ubna_data_01_mir/recover-20220825/UBNA_002/20220823_033000.WAV,Telephone Field,recover-20220825,002,1795
219.0555,219.0627,26328,41501,Eptesicus serotinus,0.006,0.021,-1,Echolocation,/mnt/ubna_data_01_mir/recover-20220825/UBNA_002/20220823_033000.WAV,Telephone Field,recover-20220825,002,1795
219.07150000000001,219.1137,68437,82647,Rhinolophus ferrumequinum,0.037,0.037,-1,Echolocation,/mnt/ubna_data_01_mir/recover-20220825/UBNA_002/20220823_033000.WAV,Telephone Field,recover-20220825,002,1795
219.1065,219.1463,68437,82322,Rhinolophus ferrumequinum,0.024,0.024,-1,Echolocation,/mnt/ubna_data_01_mir/recover-20220825/UBNA_002/20220823_033000.WAV,Telephone Field,recover-20220825,002,1795
219.1065,219.1172,28046,37303,Eptesicus serotinus,0.012,0.024,-1,Echolocation,/mnt/ubna_data_01_mir/recover-20220825/UBNA_002/20220823_033000.WAV,Telephone Field,recover-20220825,002,1795
219.1365,219.1446,23750,31948,Plecotus austriacus,0.008,0.022,-1,Echolocation,/mnt/ubna_data_01_mir/recover-20220825/UBNA_002/20220823_033000.WAV,Telephone Field,recover-20220825,002,1795
219.1855,219.2255,68437,82643,Rhinolophus ferrumequinum,0.022,0.022,-1,Echolocation,/mnt/ubna_data_01_mir/recover-20220825/UBNA_002/20220823_033000.WAV,Telephone Field,recover-20220825,002,1795
219.1925,219.231,68437,82050,Rhinolophus ferrumequinum,0.022,0.022,-1,Echolocation,/mnt/ubna_data_01_mir/recover-20220825/UBNA_002/20220823_033000.WAV,Telephone Field,recover-20220825,002,1795
219.2125,219.2223,22890,28644,Nyctalus leisleri,0.01,0.026,-1,Echolocation,/mnt/ubna_data_01_mir/recover-20220825/UBNA_002/20220823_033000.WAV,Telephone Field,recover-20220825,002,1795
219.2135,219.2542,68437,82747,Rhinolophus ferrumequinum,0.028,0.028,-1,Echolocation,/mnt/ubna_data_01_mir/recover-20220825/UBNA_002/20220823_033000.WAV,Telephone Field,recover-20220825,002,1795
219.2365,219.2732,68437,82086,Rhinolophus ferrumequinum,0.037,0.037,-1,Echolocation,/mnt/ubna_data_01_mir/recover-20220825/UBNA_002/20220823_033000.WAV,Telephone Field,recover-20220825,002,1795
219.2525,219.262,24609,32345,Eptesicus serotinus,0.008,0.021,-1,Echolocation,/mnt/ubna_data_01_mir/recover-20220825/UBNA_002/20220823_033000.WAV,Telephone Field,recover-20220825,002,1795
219.2715,219.3137,68437,83185,Rhinolophus ferrumequinum,0.031,0.031,-1,Echolocation,/mnt/ubna_data_01_mir/recover-20220825/UBNA_002/20220823_033000.WAV,Telephone Field,recover-20220825,002,1795
219.2725,219.2816,49531,55401,Pipistrellus pipistrellus,0.02,0.024,-1,Echolocation,/mnt/ubna_data_01_mir/recover-20220825/UBNA_002/20220823_033000.WAV,Telephone Field,recover-20220825,002,1795
219.2745,219.2866,25468,32289,Eptesicus serotinus,0.015,0.03,-1,Echolocation,/mnt/ubna_data_01_mir/recover-20220825/UBNA_002/20220823_033000.WAV,Telephone Field,recover-20220825,002,1795
219.2895,219.3255,68437,81631,Rhinolophus ferrumequinum,0.021,0.021,-1,Echolocation,/mnt/ubna_data_01_mir/recover-20220825/UBNA_002/20220823_033000.WAV,Telephone Field,recover-20220825,002,1795
219.3055,219.3127,24609,33969,Plecotus austriacus,0.009,0.024,-1,Echolocation,/mnt/ubna_data_01_mir/recover-20220825/UBNA_002/20220823_033000.WAV,Telephone Field,recover-20220825,002,1795
219.3245,219.3324,50390,56400,Pipistrellus pipistrellus,0.027,0.031,-1,Echolocation,/mnt/ubna_data_01_mir/recover-20220825/UBNA_002/20220823_033000.WAV,Telephone Field,recover-20220825,002,1795
219.3625,219.3734,57265,62483,Pipistrellus pygmaeus,0.021,0.021,-1,Echolocation,/mnt/ubna_data_01_mir/recover-20220825/UBNA_002/20220823_033000.WAV,Telephone Field,recover-20220825,002,1795
219.3695,219.4077,68437,82205,Rhinolophus ferrumequinum,0.022,0.022,-1,Echolocation,/mnt/ubna_data_01_mir/recover-20220825/UBNA_002/20220823_033000.WAV,Telephone Field,recover-20220825,002,1795
219.3755,219.3826,26328,38944,Eptesicus serotinus,0.006,0.021,-1,Echolocation,/mnt/ubna_data_01_mir/recover-20220825/UBNA_002/20220823_033000.WAV,Telephone Field,recover-20220825,002,1795
219.3885,219.4292,68437,82428,Rhinolophus ferrumequinum,0.029,0.029,-1,Echolocation,/mnt/ubna_data_01_mir/recover-20220825/UBNA_002/20220823_033000.WAV,Telephone Field,recover-20220825,002,1795
219.3935,219.4025,44375,56612,Pipistrellus pipistrellus,0.013,0.021,-1,Echolocation,/mnt/ubna_data_01_mir/recover-20220825/UBNA_002/20220823_033000.WAV,Telephone Field,recover-20220825,002,1795
219.4625,219.5023,68437,82660,Rhinolophus ferrumequinum,0.027,0.027,-1,Echolocation,/mnt/ubna_data_01_mir/recover-20220825/UBNA_002/20220823_033000.WAV,Telephone Field,recover-20220825,002,1795
219.4765,219.5201,68437,83887,Rhinolophus ferrumequinum,0.029,0.029,-1,Echolocation,/mnt/ubna_data_01_mir/recover-20220825/UBNA_002/20220823_033000.WAV,Telephone Field,recover-20220825,002,1795
219.5075,219.5493,68437,82696,Rhinolophus ferrumequinum,0.026,0.026,-1,Echolocation,/mnt/ubna_data_01_mir/recover-20220825/UBNA_002/20220823_033000.WAV,Telephone Field,recover-20220825,002,1795
219.5145,219.5538,68437,82301,Rhinolophus ferrumequinum,0.029,0.029,-1,Echolocation,/mnt/ubna_data_01_mir/recover-20220825/UBNA_002/20220823_033000.WAV,Telephone Field,recover-20220825,002,1795
219.5335,219.5414,22890,30842,Plecotus austriacus,0.009,0.022,-1,Echolocation,/mnt/ubna_data_01_mir/recover-20220825/UBNA_002/20220823_033000.WAV,Telephone Field,recover-20220825,002,1795
219.5935,219.6321,68437,81700,Rhinolophus ferrumequinum,0.026,0.026,-1,Echolocation,/mnt/ubna_data_01_mir/recover-20220825/UBNA_002/20220823_033000.WAV,Telephone Field,recover-20220825,002,1795
219.6005,219.6413,68437,82688,Rhinolophus ferrumequinum,0.025,0.025,-1,Echolocation,/mnt/ubna_data_01_mir/recover-20220825/UBNA_002/20220823_033000.WAV,Telephone Field,recover-20220825,002,1795
219.6225,219.6325,27187,35825,Eptesicus serotinus,0.011,0.021,-1,Echolocation,/mnt/ubna_data_01_mir/recover-20220825/UBNA_002/20220823_033000.WAV,Telephone Field,recover-20220825,002,1795
219.6365,219.6428,28046,37783,Eptesicus serotinus,0.018,0.05,-1,Echolocation,/mnt/ubna_data_01_mir/recover-20220825/UBNA_002/20220823_033000.WAV,Telephone Field,recover-20220825,002,1795
219.6465,219.6843,68437,82058,Rhinolophus ferrumequinum,0.03,0.03,-1,Echolocation,/mnt/ubna_data_01_mir/recover-20220825/UBNA_002/20220823_033000.WAV,Telephone Field,recover-20220825,002,1795
219.6505,219.6593,44375,50968,Pipistrellus pipistrellus,0.019,0.023,-1,Echolocation,/mnt/ubna_data_01_mir/recover-20220825/UBNA_002/20220823_033000.WAV,Telephone Field,recover-20220825,002,1795
219.6585,219.699,68437,82754,Rhinolophus ferrumequinum,0.024,0.024,-1,Echolocation,/mnt/ubna_data_01_mir/recover-20220825/UBNA_002/20220823_033000.WAV,Telephone Field,recover-20220825,002,1795
219.67849999999999,219.6867,25468,34775,Eptesicus serotinus,0.008,0.023,-1,Echolocation,/mnt/ubna_data_01_mir/recover-20220825/UBNA_002/20220823_033000.WAV,Telephone Field,recover-20220825,002,1795
219.7005,219.7371,68437,81281,Rhinolophus ferrumequinum,0.023,0.023,-1,Echolocation,/mnt/ubna_data_01_mir/recover-20220825/UBNA_002/20220823_033000.WAV,Telephone Field,recover-20220825,002,1795
219.7165,219.7245,26328,35319,Eptesicus serotinus,0.008,0.023,-1,Echolocation,/mnt/ubna_data_01_mir/recover-20220825/UBNA_002/20220823_033000.WAV,Telephone Field,recover-20220825,002,1795
219.7325,219.77100000000002,68437,81263,Rhinolophus ferrumequinum,0.023,0.023,-1,Echolocation,/mnt/ubna_data_01_mir/recover-20220825/UBNA_002/20220823_033000.WAV,Telephone Field,recover-20220825,002,1795
219.7425,219.7643,18593,21412,Nyctalus noctula,0.017,0.031,-1,Echolocation,/mnt/ubna_data_01_mir/recover-20220825/UBNA_002/20220823_033000.WAV,Telephone Field,recover-20220825,002,1795
219.7785,219.7854,27187,38005,Eptesicus serotinus,0.009,0.026,-1,Echolocation,/mnt/ubna_data_01_mir/recover-20220825/UBNA_002/20220823_033000.WAV,Telephone Field,recover-20220825,002,1795
219.7955,219.8383,68437,83197,Rhinolophus ferrumequinum,0.033,0.033,-1,Echolocation,/mnt/ubna_data_01_mir/recover-20220825/UBNA_002/20220823_033000.WAV,Telephone Field,recover-20220825,002,1795
219.8065,219.8168,22031,27219,Nyctalus leisleri,0.009,0.022,-1,Echolocation,/mnt/ubna_data_01_mir/recover-20220825/UBNA_002/20220823_033000.WAV,Telephone Field,recover-20220825,002,1795
219.8145,219.84629999999999,68437,80216,Rhinolophus ferrumequinum,0.021,0.021,-1,Echolocation,/mnt/ubna_data_01_mir/recover-20220825/UBNA_002/20220823_033000.WAV,Telephone Field,recover-20220825,002,1795
219.8285,219.83859999999999,24609,31057,Eptesicus serotinus,0.009,0.025,-1,Echolocation,/mnt/ubna_data_01_mir/recover-20220825/UBNA_002/20220823_033000.WAV,Telephone Field,recover-20220825,002,1795
219.8655,219.8757,22890,29232,Nyctalus leisleri,0.009,0.025,-1,Echolocation,/mnt/ubna_data_01_mir/recover-20220825/UBNA_002/20220823_033000.WAV,Telephone Field,recover-20220825,002,1795
219.8785,219.8882,43515,48678,Pipistrellus pipistrellus,0.032,0.038,-1,Echolocation,/mnt/ubna_data_01_mir/recover-20220825/UBNA_002/20220823_033000.WAV,Telephone Field,recover-20220825,002,1795
219.9205,219.9309,28046,36369,Eptesicus serotinus,0.012,0.023,-1,Echolocation,/mnt/ubna_data_01_mir/recover-20220825/UBNA_002/20220823_033000.WAV,Telephone Field,recover-20220825,002,1795
219.9255,219.9354,28906,36515,Eptesicus serotinus,0.01,0.023,-1,Echolocation,/mnt/ubna_data_01_mir/recover-20220825/UBNA_002/20220823_033000.WAV,Telephone Field,recover-20220825,002,1795
219.9535,219.9938,68437,82122,Rhinolophus ferrumequinum,0.025,0.025,-1,Echolocation,/mnt/ubna_data_01_mir/recover-20220825/UBNA_002/20220823_033000.WAV,Telephone Field,recover-20220825,002,1795
220.0015,220.0334,68437,79719,Rhinolophus ferrumequinum,0.032,0.032,-1,Echolocation,/mnt/ubna_data_01_mir/recover-20220825/UBNA_002/20220823_033000.WAV,Telephone Field,recover-20220825,002,1795
220.0015,220.0092,25468,34282,Nyctalus leisleri,0.008,0.029,-1,Echolocation,/mnt/ubna_data_01_mir/recover-20220825/UBNA_002/20220823_033000.WAV,Telephone Field,recover-20220825,002,1795
220.0495,220.0601,23750,30075,Nyctalus leisleri,0.01,0.026,-1,Echolocation,/mnt/ubna_data_01_mir/recover-20220825/UBNA_002/20220823_033000.WAV,Telephone Field,recover-20220825,002,1795
220.0815,220.1208,68437,82672,Rhinolophus ferrumequinum,0.024,0.024,-1,Echolocation,/mnt/ubna_data_01_mir/recover-20220825/UBNA_002/20220823_033000.WAV,Telephone Field,recover-20220825,002,1795
220.1385,220.1781,68437,82332,Rhinolophus ferrumequinum,0.027,0.027,-1,Echolocation,/mnt/ubna_data_01_mir/recover-20220825/UBNA_002/20220823_033000.WAV,Telephone Field,recover-20220825,002,1795
220.2005,220.242,68437,82966,Rhinolophus ferrumequinum,0.028,0.028,-1,Echolocation,/mnt/ubna_data_01_mir/recover-20220825/UBNA_002/20220823_033000.WAV,Telephone Field,recover-20220825,002,1795
220.2115,220.2225,22890,27648,Nyctalus leisleri,0.013,0.024,-1,Echolocation,/mnt/ubna_data_01_mir/recover-20220825/UBNA_002/20220823_033000.WAV,Telephone Field,recover-20220825,002,1795
220.2185,220.2371,20312,23084,Nyctalus leisleri,0.013,0.023,-1,Echolocation,/mnt/ubna_data_01_mir/recover-20220825/UBNA_002/20220823_033000.WAV,Telephone Field,recover-20220825,002,1795
220.2215,220.2286,46093,49931,Pipistrellus pipistrellus,0.038,0.04,-1,Echolocation,/mnt/ubna_data_01_mir/recover-20220825/UBNA_002/20220823_033000.WAV,Telephone Field,recover-20220825,002,1795
220.2365,220.2755,68437,82636,Rhinolophus ferrumequinum,0.023,0.023,-1,Echolocation,/mnt/ubna_data_01_mir/recover-20220825/UBNA_002/20220823_033000.WAV,Telephone Field,recover-20220825,002,1795
220.2415,220.2552,45234,49816,Pipistrellus pipistrellus,0.033,0.037,-1,Echolocation,/mnt/ubna_data_01_mir/recover-20220825/UBNA_002/20220823_033000.WAV,Telephone Field,recover-20220825,002,1795
220.2875,220.3265,68437,81578,Rhinolophus ferrumequinum,0.027,0.027,-1,Echolocation,/mnt/ubna_data_01_mir/recover-20220825/UBNA_002/20220823_033000.WAV,Telephone Field,recover-20220825,002,1795
220.2935,220.3005,24609,33636,Plecotus austriacus,0.011,0.024,-1,Echolocation,/mnt/ubna_data_01_mir/recover-20220825/UBNA_002/20220823_033000.WAV,Telephone Field,recover-20220825,002,1795
220.3235,220.3641,68437,82187,Rhinolophus ferrumequinum,0.072,0.072,-1,Echolocation,/mnt/ubna_data_01_mir/recover-20220825/UBNA_002/20220823_033000.WAV,Telephone Field,recover-20220825,002,1795
220.3285,220.3382,23750,31001,Nyctalus leisleri,0.011,0.035,-1,Echolocation,/mnt/ubna_data_01_mir/recover-20220825/UBNA_002/20220823_033000.WAV,Telephone Field,recover-20220825,002,1795
220.3395,220.3501,22890,27429,Nyctalus leisleri,0.013,0.025,-1,Echolocation,/mnt/ubna_data_01_mir/recover-20220825/UBNA_002/20220823_033000.WAV,Telephone Field,recover-20220825,002,1795
220.3835,220.4249,68437,82538,Rhinolophus ferrumequinum,0.023,0.023,-1,Echolocation,/mnt/ubna_data_01_mir/recover-20220825/UBNA_002/20220823_033000.WAV,Telephone Field,recover-20220825,002,1795
220.4345,220.4456,24609,31713,Nyctalus leisleri,0.01,0.028,-1,Echolocation,/mnt/ubna_data_01_mir/recover-20220825/UBNA_002/20220823_033000.WAV,Telephone Field,recover-20220825,002,1795
220.4485,220.4861,68437,81749,Rhinolophus ferrumequinum,0.024,0.024,-1,Echolocation,/mnt/ubna_data_01_mir/recover-20220825/UBNA_002/20220823_033000.WAV,Telephone Field,recover-20220825,002,1795
220.4565,220.4946,68437,81956,Rhinolophus ferrumequinum,0.023,0.023,-1,Echolocation,/mnt/ubna_data_01_mir/recover-20220825/UBNA_002/20220823_033000.WAV,Telephone Field,recover-20220825,002,1795
220.4735,220.5115,68437,82498,Rhinolophus ferrumequinum,0.024,0.024,-1,Echolocation,/mnt/ubna_data_01_mir/recover-20220825/UBNA_002/20220823_033000.WAV,Telephone Field,recover-20220825,002,1795
220.4845,220.5227,68437,82439,Rhinolophus ferrumequinum,0.024,0.024,-1,Echolocation,/mnt/ubna_data_01_mir/recover-20220825/UBNA_002/20220823_033000.WAV,Telephone Field,recover-20220825,002,1795
220.4945,220.53379999999999,68437,83113,Rhinolophus ferrumequinum,0.029,0.029,-1,Echolocation,/mnt/ubna_data_01_mir/recover-20220825/UBNA_002/20220823_033000.WAV,Telephone Field,recover-20220825,002,1795
220.5225,220.5606,68437,82541,Rhinolophus ferrumequinum,0.029,0.029,-1,Echolocation,/mnt/ubna_data_01_mir/recover-20220825/UBNA_002/20220823_033000.WAV,Telephone Field,recover-20220825,002,1795
220.5425,220.5533,26328,32948,Nyctalus leisleri,0.016,0.04,-1,Echolocation,/mnt/ubna_data_01_mir/recover-20220825/UBNA_002/20220823_033000.WAV,Telephone Field,recover-20220825,002,1795
220.5695,220.5777,27187,35340,Eptesicus serotinus,0.019,0.046,-1,Echolocation,/mnt/ubna_data_01_mir/recover-20220825/UBNA_002/20220823_033000.WAV,Telephone Field,recover-20220825,002,1795
220.5785,220.6208,68437,83249,Rhinolophus ferrumequinum,0.028,0.028,-1,Echolocation,/mnt/ubna_data_01_mir/recover-20220825/UBNA_002/20220823_033000.WAV,Telephone Field,recover-20220825,002,1795
220.5825,220.5918,45234,49631,Pipistrellus pipistrellus,0.029,0.034,-1,Echolocation,/mnt/ubna_data_01_mir/recover-20220825/UBNA_002/20220823_033000.WAV,Telephone Field,recover-20220825,002,1795
220.5875,220.5976,28906,36397,Eptesicus serotinus,0.011,0.028,-1,Echolocation,/mnt/ubna_data_01_mir/recover-20220825/UBNA_002/20220823_033000.WAV,Telephone Field,recover-20220825,002,1795
220.7555,220.7606,38359,58889,Myotis mystacinus,0.008,0.024,-1,Echolocation,/mnt/ubna_data_01_mir/recover-20220825/UBNA_002/20220823_033000.WAV,Telephone Field,recover-20220825,002,1795
220.7695,220.8063,68437,81788,Rhinolophus ferrumequinum,0.023,0.023,-1,Echolocation,/mnt/ubna_data_01_mir/recover-20220825/UBNA_002/20220823_033000.WAV,Telephone Field,recover-20220825,002,1795
220.7855,220.8241,68437,81662,Rhinolophus ferrumequinum,0.024,0.024,-1,Echolocation,/mnt/ubna_data_01_mir/recover-20220825/UBNA_002/20220823_033000.WAV,Telephone Field,recover-20220825,002,1795
220.8055,220.843,68437,81904,Rhinolophus ferrumequinum,0.023,0.023,-1,Echolocation,/mnt/ubna_data_01_mir/recover-20220825/UBNA_002/20220823_033000.WAV,Telephone Field,recover-20220825,002,1795
220.8365,220.8751,68437,82466,Rhinolophus ferrumequinum,0.027,0.027,-1,Echolocation,/mnt/ubna_data_01_mir/recover-20220825/UBNA_002/20220823_033000.WAV,Telephone Field,recover-20220825,002,1795
220.8785,220.9176,68437,81808,Rhinolophus ferrumequinum,0.027,0.027,-1,Echolocation,/mnt/ubna_data_01_mir/recover-20220825/UBNA_002/20220823_033000.WAV,Telephone Field,recover-20220825,002,1795
220.9005,220.9376,68437,81780,Rhinolophus ferrumequinum,0.022,0.022,-1,Echolocation,/mnt/ubna_data_01_mir/recover-20220825/UBNA_002/20220823_033000.WAV,Telephone Field,recover-20220825,002,1795
220.9025,220.9115,28046,36358,Eptesicus serotinus,0.009,0.025,-1,Echolocation,/mnt/ubna_data_01_mir/recover-20220825/UBNA_002/20220823_033000.WAV,Telephone Field,recover-20220825,002,1795
220.91649999999998,220.9248,25468,34200,Eptesicus serotinus,0.008,0.025,-1,Echolocation,/mnt/ubna_data_01_mir/recover-20220825/UBNA_002/20220823_033000.WAV,Telephone Field,recover-20220825,002,1795
220.9295,220.9654,68437,81570,Rhinolophus ferrumequinum,0.033,0.033,-1,Echolocation,/mnt/ubna_data_01_mir/recover-20220825/UBNA_002/20220823_033000.WAV,Telephone Field,recover-20220825,002,1795
220.9565,220.965,28046,39706,Eptesicus serotinus,0.01,0.027,-1,Echolocation,/mnt/ubna_data_01_mir/recover-20220825/UBNA_002/20220823_033000.WAV,Telephone Field,recover-20220825,002,1795
220.9885,221.0252,68437,81920,Rhinolophus ferrumequinum,0.023,0.023,-1,Echolocation,/mnt/ubna_data_01_mir/recover-20220825/UBNA_002/20220823_033000.WAV,Telephone Field,recover-20220825,002,1795
221.0235,221.0315,44375,53318,Pipistrellus pipistrellus,0.015,0.025,-1,Echolocation,/mnt/ubna_data_01_mir/recover-20220825/UBNA_002/20220823_033000.WAV,Telephone Field,recover-20220825,002,1795
221.0395,221.0502,22890,28137,Nyctalus leisleri,0.011,0.023,-1,Echolocation,/mnt/ubna_data_01_mir/recover-20220825/UBNA_002/20220823_033000.WAV,Telephone Field,recover-20220825,002,1795
221.0725,221.1128,68437,83160,Rhinolophus ferrumequinum,0.046,0.046,-1,Echolocation,/mnt/ubna_data_01_mir/recover-20220825/UBNA_002/20220823_033000.WAV,Telephone Field,recover-20220825,002,1795
221.0985,221.1371,68437,82314,Rhinolophus ferrumequinum,0.023,0.023,-1,Echolocation,/mnt/ubna_data_01_mir/recover-20220825/UBNA_002/20220823_033000.WAV,Telephone Field,recover-20220825,002,1795
221.1325,221.1401,25468,37601,Eptesicus serotinus,0.006,0.022,-1,Echolocation,/mnt/ubna_data_01_mir/recover-20220825/UBNA_002/20220823_033000.WAV,Telephone Field,recover-20220825,002,1795
221.1605,221.1976,68437,82334,Rhinolophus ferrumequinum,0.028,0.028,-1,Echolocation,/mnt/ubna_data_01_mir/recover-20220825/UBNA_002/20220823_033000.WAV,Telephone Field,recover-20220825,002,1795
221.2025,221.2415,68437,82608,Rhinolophus ferrumequinum,0.029,0.029,-1,Echolocation,/mnt/ubna_data_01_mir/recover-20220825/UBNA_002/20220823_033000.WAV,Telephone Field,recover-20220825,002,1795
221.2075,221.2184,28906,37472,Eptesicus serotinus,0.014,0.029,-1,Echolocation,/mnt/ubna_data_01_mir/recover-20220825/UBNA_002/20220823_033000.WAV,Telephone Field,recover-20220825,002,1795
221.2095,221.2159,48671,54682,Pipistrellus pipistrellus,0.022,0.023,-1,Echolocation,/mnt/ubna_data_01_mir/recover-20220825/UBNA_002/20220823_033000.WAV,Telephone Field,recover-20220825,002,1795
221.2355,221.272,68437,81396,Rhinolophus ferrumequinum,0.024,0.024,-1,Echolocation,/mnt/ubna_data_01_mir/recover-20220825/UBNA_002/20220823_033000.WAV,Telephone Field,recover-20220825,002,1795
221.2405,221.2494,27187,36749,Eptesicus serotinus,0.008,0.023,-1,Echolocation,/mnt/ubna_data_01_mir/recover-20220825/UBNA_002/20220823_033000.WAV,Telephone Field,recover-20220825,002,1795
221.3495,221.3887,68437,82068,Rhinolophus ferrumequinum,0.023,0.023,-1,Echolocation,/mnt/ubna_data_01_mir/recover-20220825/UBNA_002/20220823_033000.WAV,Telephone Field,recover-20220825,002,1795
221.3555,221.3682,28046,33494,Eptesicus serotinus,0.014,0.031,-1,Echolocation,/mnt/ubna_data_01_mir/recover-20220825/UBNA_002/20220823_033000.WAV,Telephone Field,recover-20220825,002,1795
221.3585,221.3782,21171,24782,Nyctalus leisleri,0.019,0.034,-1,Echolocation,/mnt/ubna_data_01_mir/recover-20220825/UBNA_002/20220823_033000.WAV,Telephone Field,recover-20220825,002,1795
221.3685,221.4066,68437,82518,Rhinolophus ferrumequinum,0.023,0.023,-1,Echolocation,/mnt/ubna_data_01_mir/recover-20220825/UBNA_002/20220823_033000.WAV,Telephone Field,recover-20220825,002,1795
221.3795,221.4206,68437,82842,Rhinolophus ferrumequinum,0.027,0.027,-1,Echolocation,/mnt/ubna_data_01_mir/recover-20220825/UBNA_002/20220823_033000.WAV,Telephone Field,recover-20220825,002,1795
221.3965,221.4044,28046,37151,Eptesicus serotinus,0.007,0.023,-1,Echolocation,/mnt/ubna_data_01_mir/recover-20220825/UBNA_002/20220823_033000.WAV,Telephone Field,recover-20220825,002,1795
221.4035,221.4144,23750,29431,Nyctalus leisleri,0.013,0.028,-1,Echolocation,/mnt/ubna_data_01_mir/recover-20220825/UBNA_002/20220823_033000.WAV,Telephone Field,recover-20220825,002,1795
221.4245,221.4316,23750,32462,Plecotus austriacus,0.013,0.027,-1,Echolocation,/mnt/ubna_data_01_mir/recover-20220825/UBNA_002/20220823_033000.WAV,Telephone Field,recover-20220825,002,1795
221.4475,221.4849,68437,81970,Rhinolophus ferrumequinum,0.023,0.023,-1,Echolocation,/mnt/ubna_data_01_mir/recover-20220825/UBNA_002/20220823_033000.WAV,Telephone Field,recover-20220825,002,1795
221.4785,221.4857,27187,40162,Eptesicus serotinus,0.007,0.025,-1,Echolocation,/mnt/ubna_data_01_mir/recover-20220825/UBNA_002/20220823_033000.WAV,Telephone Field,recover-20220825,002,1795
221.5095,221.5489,68437,82823,Rhinolophus ferrumequinum,0.027,0.027,-1,Echolocation,/mnt/ubna_data_01_mir/recover-20220825/UBNA_002/20220823_033000.WAV,Telephone Field,recover-20220825,002,1795
221.5305,221.5663,68437,81605,Rhinolophus ferrumequinum,0.022,0.022,-1,Echolocation,/mnt/ubna_data_01_mir/recover-20220825/UBNA_002/20220823_033000.WAV,Telephone Field,recover-20220825,002,1795
221.5405,221.5463,48671,54687,Pipistrellus pipistrellus,0.022,0.023,-1,Echolocation,/mnt/ubna_data_01_mir/recover-20220825/UBNA_002/20220823_033000.WAV,Telephone Field,recover-20220825,002,1795
221.5755,221.5864,25468,32032,Nyctalus leisleri,0.009,0.023,-1,Echolocation,/mnt/ubna_data_01_mir/recover-20220825/UBNA_002/20220823_033000.WAV,Telephone Field,recover-20220825,002,1795
221.5865,221.6287,68437,83372,Rhinolophus ferrumequinum,0.033,0.033,-1,Echolocation,/mnt/ubna_data_01_mir/recover-20220825/UBNA_002/20220823_033000.WAV,Telephone Field,recover-20220825,002,1795
221.5955,221.6031,27187,38021,Eptesicus serotinus,0.007,0.023,-1,Echolocation,/mnt/ubna_data_01_mir/recover-20220825/UBNA_002/20220823_033000.WAV,Telephone Field,recover-20220825,002,1795
221.6455,221.6926,68437,83810,Rhinolophus ferrumequinum,0.065,0.065,-1,Echolocation,/mnt/ubna_data_01_mir/recover-20220825/UBNA_002/20220823_033000.WAV,Telephone Field,recover-20220825,002,1795
221.6725,221.7134,68437,83207,Rhinolophus ferrumequinum,0.026,0.026,-1,Echolocation,/mnt/ubna_data_01_mir/recover-20220825/UBNA_002/20220823_033000.WAV,Telephone Field,recover-20220825,002,1795
221.6825,221.7255,68437,83045,Rhinolophus ferrumequinum,0.034,0.034,-1,Echolocation,/mnt/ubna_data_01_mir/recover-20220825/UBNA_002/20220823_033000.WAV,Telephone Field,recover-20220825,002,1795
221.7605,221.8009,68437,82685,Rhinolophus ferrumequinum,0.024,0.024,-1,Echolocation,/mnt/ubna_data_01_mir/recover-20220825/UBNA_002/20220823_033000.WAV,Telephone Field,recover-20220825,002,1795
221.7655,221.8065,68437,82994,Rhinolophus ferrumequinum,0.024,0.024,-1,Echolocation,/mnt/ubna_data_01_mir/recover-20220825/UBNA_002/20220823_033000.WAV,Telephone Field,recover-20220825,002,1795
221.7895,221.7989,45234,53121,Pipistrellus pipistrellus,0.02,0.026,-1,Echolocation,/mnt/ubna_data_01_mir/recover-20220825/UBNA_002/20220823_033000.WAV,Telephone Field,recover-20220825,002,1795
221.8055,221.84120000000001,68437,81385,Rhinolophus ferrumequinum,0.025,0.025,-1,Echolocation,/mnt/ubna_data_01_mir/recover-20220825/UBNA_002/20220823_033000.WAV,Telephone Field,recover-20220825,002,1795
221.8295,221.8626,68437,81094,Rhinolophus ferrumequinum,0.028,0.028,-1,Echolocation,/mnt/ubna_data_01_mir/recover-20220825/UBNA_002/20220823_033000.WAV,Telephone Field,recover-20220825,002,1795
221.8695,221.9074,68437,81962,Rhinolophus ferrumequinum,0.028,0.028,-1,Echolocation,/mnt/ubna_data_01_mir/recover-20220825/UBNA_002/20220823_033000.WAV,Telephone Field,recover-20220825,002,1795
221.8945,221.9357,68437,82687,Rhinolophus ferrumequinum,0.023,0.023,-1,Echolocation,/mnt/ubna_data_01_mir/recover-20220825/UBNA_002/20220823_033000.WAV,Telephone Field,recover-20220825,002,1795
221.9225,221.929,27187,38658,Eptesicus serotinus,0.005,0.023,-1,Echolocation,/mnt/ubna_data_01_mir/recover-20220825/UBNA_002/20220823_033000.WAV,Telephone Field,recover-20220825,002,1795
221.9335,221.9429,28046,37989,Eptesicus serotinus,0.009,0.023,-1,Echolocation,/mnt/ubna_data_01_mir/recover-20220825/UBNA_002/20220823_033000.WAV,Telephone Field,recover-20220825,002,1795
221.9415,221.951,24609,31547,Eptesicus serotinus,0.008,0.023,-1,Echolocation,/mnt/ubna_data_01_mir/recover-20220825/UBNA_002/20220823_033000.WAV,Telephone Field,recover-20220825,002,1795
221.9495,221.9881,68437,82023,Rhinolophus ferrumequinum,0.024,0.024,-1,Echolocation,/mnt/ubna_data_01_mir/recover-20220825/UBNA_002/20220823_033000.WAV,Telephone Field,recover-20220825,002,1795
222.0015,222.0183,18593,22190,Nyctalus leisleri,0.035,0.073,-1,Echolocation,/mnt/ubna_data_01_mir/recover-20220825/UBNA_002/20220823_033000.WAV,Telephone Field,recover-20220825,002,1795
222.0015,222.01409999999998,58125,66039,Pipistrellus pygmaeus,0.022,0.023,-1,Echolocation,/mnt/ubna_data_01_mir/recover-20220825/UBNA_002/20220823_033000.WAV,Telephone Field,recover-20220825,002,1795
222.0015,222.0305,71015,86542,Rhinolophus ferrumequinum,0.025,0.025,-1,Echolocation,/mnt/ubna_data_01_mir/recover-20220825/UBNA_002/20220823_033000.WAV,Telephone Field,recover-20220825,002,1795
222.0165,222.0282,47812,51416,Pipistrellus pipistrellus,0.024,0.029,-1,Echolocation,/mnt/ubna_data_01_mir/recover-20220825/UBNA_002/20220823_033000.WAV,Telephone Field,recover-20220825,002,1795
222.0375,222.0438,26328,35305,Plecotus auritus,0.008,0.029,-1,Echolocation,/mnt/ubna_data_01_mir/recover-20220825/UBNA_002/20220823_033000.WAV,Telephone Field,recover-20220825,002,1795
222.0885,222.1284,68437,81939,Rhinolophus ferrumequinum,0.021,0.021,-1,Echolocation,/mnt/ubna_data_01_mir/recover-20220825/UBNA_002/20220823_033000.WAV,Telephone Field,recover-20220825,002,1795
222.0955,222.1023,25468,35221,Plecotus auritus,0.011,0.037,-1,Echolocation,/mnt/ubna_data_01_mir/recover-20220825/UBNA_002/20220823_033000.WAV,Telephone Field,recover-20220825,002,1795
222.1245,222.1655,68437,82683,Rhinolophus ferrumequinum,0.031,0.031,-1,Echolocation,/mnt/ubna_data_01_mir/recover-20220825/UBNA_002/20220823_033000.WAV,Telephone Field,recover-20220825,002,1795
222.1455,222.1863,68437,82157,Rhinolophus ferrumequinum,0.024,0.024,-1,Echolocation,/mnt/ubna_data_01_mir/recover-20220825/UBNA_002/20220823_033000.WAV,Telephone Field,recover-20220825,002,1795
222.1515,222.1589,23750,33984,Plecotus austriacus,0.021,0.044,-1,Echolocation,/mnt/ubna_data_01_mir/recover-20220825/UBNA_002/20220823_033000.WAV,Telephone Field,recover-20220825,002,1795
222.1725,222.2128,68437,82255,Rhinolophus ferrumequinum,0.027,0.027,-1,Echolocation,/mnt/ubna_data_01_mir/recover-20220825/UBNA_002/20220823_033000.WAV,Telephone Field,recover-20220825,002,1795
222.1865,222.2019,14296,19991,Nyctalus noctula,0.016,0.023,-1,Echolocation,/mnt/ubna_data_01_mir/recover-20220825/UBNA_002/20220823_033000.WAV,Telephone Field,recover-20220825,002,1795
222.2365,222.2765,68437,82261,Rhinolophus ferrumequinum,0.028,0.028,-1,Echolocation,/mnt/ubna_data_01_mir/recover-20220825/UBNA_002/20220823_033000.WAV,Telephone Field,recover-20220825,002,1795
222.2435,222.2796,68437,81884,Rhinolophus ferrumequinum,0.022,0.022,-1,Echolocation,/mnt/ubna_data_01_mir/recover-20220825/UBNA_002/20220823_033000.WAV,Telephone Field,recover-20220825,002,1795
222.2715,222.3057,68437,81645,Rhinolophus ferrumequinum,0.022,0.022,-1,Echolocation,/mnt/ubna_data_01_mir/recover-20220825/UBNA_002/20220823_033000.WAV,Telephone Field,recover-20220825,002,1795
222.2975,222.3361,68437,82224,Rhinolophus ferrumequinum,0.025,0.025,-1,Echolocation,/mnt/ubna_data_01_mir/recover-20220825/UBNA_002/20220823_033000.WAV,Telephone Field,recover-20220825,002,1795
222.3455,222.3565,22890,27918,Nyctalus leisleri,0.014,0.027,-1,Echolocation,/mnt/ubna_data_01_mir/recover-20220825/UBNA_002/20220823_033000.WAV,Telephone Field,recover-20220825,002,1795
222.3695,222.4074,68437,81254,Rhinolophus ferrumequinum,0.022,0.022,-1,Echolocation,/mnt/ubna_data_01_mir/recover-20220825/UBNA_002/20220823_033000.WAV,Telephone Field,recover-20220825,002,1795
222.3775,222.385,28046,38518,Eptesicus serotinus,0.007,0.023,-1,Echolocation,/mnt/ubna_data_01_mir/recover-20220825/UBNA_002/20220823_033000.WAV,Telephone Field,recover-20220825,002,1795
222.3875,222.4223,68437,79830,Rhinolophus ferrumequinum,0.023,0.024,-1,Echolocation,/mnt/ubna_data_01_mir/recover-20220825/UBNA_002/20220823_033000.WAV,Telephone Field,recover-20220825,002,1795
222.4275,222.4669,68437,82170,Rhinolophus ferrumequinum,0.025,0.025,-1,Echolocation,/mnt/ubna_data_01_mir/recover-20220825/UBNA_002/20220823_033000.WAV,Telephone Field,recover-20220825,002,1795
222.4395,222.4531,15156,21517,Nyctalus noctula,0.017,0.025,-1,Echolocation,/mnt/ubna_data_01_mir/recover-20220825/UBNA_002/20220823_033000.WAV,Telephone Field,recover-20220825,002,1795
222.4595,222.4953,68437,81430,Rhinolophus ferrumequinum,0.022,0.022,-1,Echolocation,/mnt/ubna_data_01_mir/recover-20220825/UBNA_002/20220823_033000.WAV,Telephone Field,recover-20220825,002,1795
222.4785,222.5188,68437,82620,Rhinolophus ferrumequinum,0.023,0.023,-1,Echolocation,/mnt/ubna_data_01_mir/recover-20220825/UBNA_002/20220823_033000.WAV,Telephone Field,recover-20220825,002,1795
222.5345,222.5751,68437,82891,Rhinolophus ferrumequinum,0.029,0.029,-1,Echolocation,/mnt/ubna_data_01_mir/recover-20220825/UBNA_002/20220823_033000.WAV,Telephone Field,recover-20220825,002,1795
222.5735,222.5806,24609,34072,Plecotus austriacus,0.009,0.026,-1,Echolocation,/mnt/ubna_data_01_mir/recover-20220825/UBNA_002/20220823_033000.WAV,Telephone Field,recover-20220825,002,1795
222.5825,222.62,68437,82235,Rhinolophus ferrumequinum,0.022,0.022,-1,Echolocation,/mnt/ubna_data_01_mir/recover-20220825/UBNA_002/20220823_033000.WAV,Telephone Field,recover-20220825,002,1795
222.6365,222.6778,68437,82408,Rhinolophus ferrumequinum,0.049,0.049,-1,Echolocation,/mnt/ubna_data_01_mir/recover-20220825/UBNA_002/20220823_033000.WAV,Telephone Field,recover-20220825,002,1795
222.6795,222.6987,20312,23435,Nyctalus leisleri,0.013,0.024,-1,Echolocation,/mnt/ubna_data_01_mir/recover-20220825/UBNA_002/20220823_033000.WAV,Telephone Field,recover-20220825,002,1795
222.6805,222.719,68437,82399,Rhinolophus ferrumequinum,0.041,0.041,-1,Echolocation,/mnt/ubna_data_01_mir/recover-20220825/UBNA_002/20220823_033000.WAV,Telephone Field,recover-20220825,002,1795
222.7025,222.7099,27187,37472,Eptesicus serotinus,0.008,0.023,-1,Echolocation,/mnt/ubna_data_01_mir/recover-20220825/UBNA_002/20220823_033000.WAV,Telephone Field,recover-20220825,002,1795
222.7115,222.7475,68437,81212,Rhinolophus ferrumequinum,0.024,0.024,-1,Echolocation,/mnt/ubna_data_01_mir/recover-20220825/UBNA_002/20220823_033000.WAV,Telephone Field,recover-20220825,002,1795
222.7205,222.7596,68437,82043,Rhinolophus ferrumequinum,0.024,0.024,-1,Echolocation,/mnt/ubna_data_01_mir/recover-20220825/UBNA_002/20220823_033000.WAV,Telephone Field,recover-20220825,002,1795
222.7305,222.7419,23750,29334,Nyctalus leisleri,0.011,0.026,-1,Echolocation,/mnt/ubna_data_01_mir/recover-20220825/UBNA_002/20220823_033000.WAV,Telephone Field,recover-20220825,002,1795
222.7395,222.746,25468,40496,Plecotus austriacus,0.007,0.027,-1,Echolocation,/mnt/ubna_data_01_mir/recover-20220825/UBNA_002/20220823_033000.WAV,Telephone Field,recover-20220825,002,1795
222.7485,222.7853,68437,82056,Rhinolophus ferrumequinum,0.022,0.022,-1,Echolocation,/mnt/ubna_data_01_mir/recover-20220825/UBNA_002/20220823_033000.WAV,Telephone Field,recover-20220825,002,1795
222.7575,222.7936,68437,81627,Rhinolophus ferrumequinum,0.022,0.022,-1,Echolocation,/mnt/ubna_data_01_mir/recover-20220825/UBNA_002/20220823_033000.WAV,Telephone Field,recover-20220825,002,1795
222.7795,222.8176,68437,82729,Rhinolophus ferrumequinum,0.024,0.024,-1,Echolocation,/mnt/ubna_data_01_mir/recover-20220825/UBNA_002/20220823_033000.WAV,Telephone Field,recover-20220825,002,1795
222.7995,222.8095,22890,29742,Nyctalus leisleri,0.009,0.025,-1,Echolocation,/mnt/ubna_data_01_mir/recover-20220825/UBNA_002/20220823_033000.WAV,Telephone Field,recover-20220825,002,1795
222.8465,222.8539,28046,39538,Eptesicus serotinus,0.007,0.022,-1,Echolocation,/mnt/ubna_data_01_mir/recover-20220825/UBNA_002/20220823_033000.WAV,Telephone Field,recover-20220825,002,1795
222.8745,222.914,68437,82450,Rhinolophus ferrumequinum,0.024,0.024,-1,Echolocation,/mnt/ubna_data_01_mir/recover-20220825/UBNA_002/20220823_033000.WAV,Telephone Field,recover-20220825,002,1795
222.8865,222.92680000000001,68437,81841,Rhinolophus ferrumequinum,0.023,0.023,-1,Echolocation,/mnt/ubna_data_01_mir/recover-20220825/UBNA_002/20220823_033000.WAV,Telephone Field,recover-20220825,002,1795
222.9065,222.946,68437,82419,Rhinolophus ferrumequinum,0.025,0.025,-1,Echolocation,/mnt/ubna_data_01_mir/recover-20220825/UBNA_002/20220823_033000.WAV,Telephone Field,recover-20220825,002,1795
222.9105,222.9167,28046,39060,Eptesicus serotinus,0.007,0.03,-1,Echolocation,/mnt/ubna_data_01_mir/recover-20220825/UBNA_002/20220823_033000.WAV,Telephone Field,recover-20220825,002,1795
222.9315,222.9709,68437,82493,Rhinolophus ferrumequinum,0.027,0.027,-1,Echolocation,/mnt/ubna_data_01_mir/recover-20220825/UBNA_002/20220823_033000.WAV,Telephone Field,recover-20220825,002,1795
222.9555,222.9653,28046,36575,Eptesicus serotinus,0.009,0.022,-1,Echolocation,/mnt/ubna_data_01_mir/recover-20220825/UBNA_002/20220823_033000.WAV,Telephone Field,recover-20220825,002,1795
222.9745,223.012,68437,82103,Rhinolophus ferrumequinum,0.024,0.024,-1,Echolocation,/mnt/ubna_data_01_mir/recover-20220825/UBNA_002/20220823_033000.WAV,Telephone Field,recover-20220825,002,1795
222.9945,223.0336,68437,82549,Rhinolophus ferrumequinum,0.022,0.022,-1,Echolocation,/mnt/ubna_data_01_mir/recover-20220825/UBNA_002/20220823_033000.WAV,Telephone Field,recover-20220825,002,1795
223.0035,223.0114,27187,38508,Eptesicus serotinus,0.008,0.026,-1,Echolocation,/mnt/ubna_data_01_mir/recover-20220825/UBNA_002/20220823_033000.WAV,Telephone Field,recover-20220825,002,1795
223.0175,223.0592,68437,82396,Rhinolophus ferrumequinum,0.021,0.021,-1,Echolocation,/mnt/ubna_data_01_mir/recover-20220825/UBNA_002/20220823_033000.WAV,Telephone Field,recover-20220825,002,1795
223.0275,223.065,68437,81963,Rhinolophus ferrumequinum,0.022,0.022,-1,Echolocation,/mnt/ubna_data_01_mir/recover-20220825/UBNA_002/20220823_033000.WAV,Telephone Field,recover-20220825,002,1795
223.0385,223.0773,68437,82275,Rhinolophus ferrumequinum,0.025,0.025,-1,Echolocation,/mnt/ubna_data_01_mir/recover-20220825/UBNA_002/20220823_033000.WAV,Telephone Field,recover-20220825,002,1795
223.0745,223.0876,22031,25731,Nyctalus leisleri,0.013,0.022,-1,Echolocation,/mnt/ubna_data_01_mir/recover-20220825/UBNA_002/20220823_033000.WAV,Telephone Field,recover-20220825,002,1795
223.1245,223.1319,28046,41133,Eptesicus serotinus,0.007,0.021,-1,Echolocation,/mnt/ubna_data_01_mir/recover-20220825/UBNA_002/20220823_033000.WAV,Telephone Field,recover-20220825,002,1795
223.1655,223.205,68437,82276,Rhinolophus ferrumequinum,0.028,0.028,-1,Echolocation,/mnt/ubna_data_01_mir/recover-20220825/UBNA_002/20220823_033000.WAV,Telephone Field,recover-20220825,002,1795
223.1725,223.1855,27187,33373,Eptesicus serotinus,0.013,0.027,-1,Echolocation,/mnt/ubna_data_01_mir/recover-20220825/UBNA_002/20220823_033000.WAV,Telephone Field,recover-20220825,002,1795
223.2105,223.25,68437,82128,Rhinolophus ferrumequinum,0.024,0.024,-1,Echolocation,/mnt/ubna_data_01_mir/recover-20220825/UBNA_002/20220823_033000.WAV,Telephone Field,recover-20220825,002,1795
223.2135,223.2248,22890,28373,Nyctalus leisleri,0.013,0.027,-1,Echolocation,/mnt/ubna_data_01_mir/recover-20220825/UBNA_002/20220823_033000.WAV,Telephone Field,recover-20220825,002,1795
223.2435,223.2824,68437,81982,Rhinolophus ferrumequinum,0.025,0.025,-1,Echolocation,/mnt/ubna_data_01_mir/recover-20220825/UBNA_002/20220823_033000.WAV,Telephone Field,recover-20220825,002,1795
223.2825,223.3206,68437,81725,Rhinolophus ferrumequinum,0.021,0.021,-1,Echolocation,/mnt/ubna_data_01_mir/recover-20220825/UBNA_002/20220823_033000.WAV,Telephone Field,recover-20220825,002,1795
223.3175,223.3254,26328,35043,Eptesicus serotinus,0.008,0.022,-1,Echolocation,/mnt/ubna_data_01_mir/recover-20220825/UBNA_002/20220823_033000.WAV,Telephone Field,recover-20220825,002,1795
223.3275,223.3673,68437,82098,Rhinolophus ferrumequinum,0.033,0.033,-1,Echolocation,/mnt/ubna_data_01_mir/recover-20220825/UBNA_002/20220823_033000.WAV,Telephone Field,recover-20220825,002,1795
223.3315,223.3431,22031,26347,Nyctalus leisleri,0.016,0.029,-1,Echolocation,/mnt/ubna_data_01_mir/recover-20220825/UBNA_002/20220823_033000.WAV,Telephone Field,recover-20220825,002,1795
223.3705,223.4098,68437,82277,Rhinolophus ferrumequinum,0.025,0.025,-1,Echolocation,/mnt/ubna_data_01_mir/recover-20220825/UBNA_002/20220823_033000.WAV,Telephone Field,recover-20220825,002,1795
223.4275,223.4688,68437,82473,Rhinolophus ferrumequinum,0.023,0.023,-1,Echolocation,/mnt/ubna_data_01_mir/recover-20220825/UBNA_002/20220823_033000.WAV,Telephone Field,recover-20220825,002,1795
223.4645,223.4832,19453,21935,Nyctalus noctula,0.016,0.033,-1,Echolocation,/mnt/ubna_data_01_mir/recover-20220825/UBNA_002/20220823_033000.WAV,Telephone Field,recover-20220825,002,1795
223.4855,223.4968,28046,34778,Eptesicus serotinus,0.016,0.031,-1,Echolocation,/mnt/ubna_data_01_mir/recover-20220825/UBNA_002/20220823_033000.WAV,Telephone Field,recover-20220825,002,1795
223.5125,223.5492,68437,81913,Rhinolophus ferrumequinum,0.026,0.027,-1,Echolocation,/mnt/ubna_data_01_mir/recover-20220825/UBNA_002/20220823_033000.WAV,Telephone Field,recover-20220825,002,1795
223.5185,223.5292,22890,28022,Nyctalus leisleri,0.013,0.025,-1,Echolocation,/mnt/ubna_data_01_mir/recover-20220825/UBNA_002/20220823_033000.WAV,Telephone Field,recover-20220825,002,1795
223.5465,223.582,68437,81167,Rhinolophus ferrumequinum,0.021,0.021,-1,Echolocation,/mnt/ubna_data_01_mir/recover-20220825/UBNA_002/20220823_033000.WAV,Telephone Field,recover-20220825,002,1795
223.5795,223.5865,23750,32067,Plecotus austriacus,0.01,0.023,-1,Echolocation,/mnt/ubna_data_01_mir/recover-20220825/UBNA_002/20220823_033000.WAV,Telephone Field,recover-20220825,002,1795
223.5885,223.6244,68437,82099,Rhinolophus ferrumequinum,0.021,0.021,-1,Echolocation,/mnt/ubna_data_01_mir/recover-20220825/UBNA_002/20220823_033000.WAV,Telephone Field,recover-20220825,002,1795
223.6055,223.6147,28046,38657,Eptesicus serotinus,0.009,0.024,-1,Echolocation,/mnt/ubna_data_01_mir/recover-20220825/UBNA_002/20220823_033000.WAV,Telephone Field,recover-20220825,002,1795
223.6115,223.6483,68437,81394,Rhinolophus ferrumequinum,0.029,0.029,-1,Echolocation,/mnt/ubna_data_01_mir/recover-20220825/UBNA_002/20220823_033000.WAV,Telephone Field,recover-20220825,002,1795
223.6255,223.6617,68437,81497,Rhinolophus ferrumequinum,0.021,0.021,-1,Echolocation,/mnt/ubna_data_01_mir/recover-20220825/UBNA_002/20220823_033000.WAV,Telephone Field,recover-20220825,002,1795
223.6415,223.6795,68437,82287,Rhinolophus ferrumequinum,0.022,0.022,-1,Echolocation,/mnt/ubna_data_01_mir/recover-20220825/UBNA_002/20220823_033000.WAV,Telephone Field,recover-20220825,002,1795
223.6525,223.6906,68437,81601,Rhinolophus ferrumequinum,0.023,0.023,-1,Echolocation,/mnt/ubna_data_01_mir/recover-20220825/UBNA_002/20220823_033000.WAV,Telephone Field,recover-20220825,002,1795
223.6555,223.6639,45234,50912,Pipistrellus pipistrellus,0.022,0.024,-1,Echolocation,/mnt/ubna_data_01_mir/recover-20220825/UBNA_002/20220823_033000.WAV,Telephone Field,recover-20220825,002,1795
223.6635,223.7006,68437,82286,Rhinolophus ferrumequinum,0.022,0.022,-1,Echolocation,/mnt/ubna_data_01_mir/recover-20220825/UBNA_002/20220823_033000.WAV,Telephone Field,recover-20220825,002,1795
223.6765,223.6845,28046,38822,Eptesicus serotinus,0.008,0.023,-1,Echolocation,/mnt/ubna_data_01_mir/recover-20220825/UBNA_002/20220823_033000.WAV,Telephone Field,recover-20220825,002,1795
223.6905,223.7268,68437,81324,Rhinolophus ferrumequinum,0.027,0.027,-1,Echolocation,/mnt/ubna_data_01_mir/recover-20220825/UBNA_002/20220823_033000.WAV,Telephone Field,recover-20220825,002,1795
223.7285,223.769,68437,82089,Rhinolophus ferrumequinum,0.024,0.024,-1,Echolocation,/mnt/ubna_data_01_mir/recover-20220825/UBNA_002/20220823_033000.WAV,Telephone Field,recover-20220825,002,1795
223.7315,223.738,28046,43420,Eptesicus serotinus,0.007,0.027,-1,Echolocation,/mnt/ubna_data_01_mir/recover-20220825/UBNA_002/20220823_033000.WAV,Telephone Field,recover-20220825,002,1795
223.7555,223.7957,68437,82064,Rhinolophus ferrumequinum,0.022,0.022,-1,Echolocation,/mnt/ubna_data_01_mir/recover-20220825/UBNA_002/20220823_033000.WAV,Telephone Field,recover-20220825,002,1795
223.7695,223.7766,22890,31221,Plecotus austriacus,0.012,0.025,-1,Echolocation,/mnt/ubna_data_01_mir/recover-20220825/UBNA_002/20220823_033000.WAV,Telephone Field,recover-20220825,002,1795
223.7795,223.8174,68437,81784,Rhinolophus ferrumequinum,0.021,0.021,-1,Echolocation,/mnt/ubna_data_01_mir/recover-20220825/UBNA_002/20220823_033000.WAV,Telephone Field,recover-20220825,002,1795
223.7965,223.8046,28046,39928,Eptesicus serotinus,0.007,0.022,-1,Echolocation,/mnt/ubna_data_01_mir/recover-20220825/UBNA_002/20220823_033000.WAV,Telephone Field,recover-20220825,002,1795
223.7985,223.844,68437,84002,Rhinolophus ferrumequinum,0.069,0.069,-1,Echolocation,/mnt/ubna_data_01_mir/recover-20220825/UBNA_002/20220823_033000.WAV,Telephone Field,recover-20220825,002,1795
223.8155,223.823,28046,39878,Eptesicus serotinus,0.007,0.021,-1,Echolocation,/mnt/ubna_data_01_mir/recover-20220825/UBNA_002/20220823_033000.WAV,Telephone Field,recover-20220825,002,1795
223.8175,223.85829999999999,68437,82508,Rhinolophus ferrumequinum,0.023,0.023,-1,Echolocation,/mnt/ubna_data_01_mir/recover-20220825/UBNA_002/20220823_033000.WAV,Telephone Field,recover-20220825,002,1795
223.8295,223.8387,34921,43199,Myotis daubentonii,0.007,0.022,-1,Echolocation,/mnt/ubna_data_01_mir/recover-20220825/UBNA_002/20220823_033000.WAV,Telephone Field,recover-20220825,002,1795
223.8395,223.8758,68437,81509,Rhinolophus ferrumequinum,0.022,0.022,-1,Echolocation,/mnt/ubna_data_01_mir/recover-20220825/UBNA_002/20220823_033000.WAV,Telephone Field,recover-20220825,002,1795
223.8445,223.8519,27187,39882,Eptesicus serotinus,0.007,0.022,-1,Echolocation,/mnt/ubna_data_01_mir/recover-20220825/UBNA_002/20220823_033000.WAV,Telephone Field,recover-20220825,002,1795
223.8765,223.9178,68437,82723,Rhinolophus ferrumequinum,0.027,0.027,-1,Echolocation,/mnt/ubna_data_01_mir/recover-20220825/UBNA_002/20220823_033000.WAV,Telephone Field,recover-20220825,002,1795
223.8775,223.893,22031,25724,Nyctalus leisleri,0.015,0.027,-1,Echolocation,/mnt/ubna_data_01_mir/recover-20220825/UBNA_002/20220823_033000.WAV,Telephone Field,recover-20220825,002,1795
223.9415,223.9553,25468,30883,Eptesicus serotinus,0.013,0.031,-1,Echolocation,/mnt/ubna_data_01_mir/recover-20220825/UBNA_002/20220823_033000.WAV,Telephone Field,recover-20220825,002,1795
223.9535,223.9603,27187,37884,Eptesicus serotinus,0.007,0.024,-1,Echolocation,/mnt/ubna_data_01_mir/recover-20220825/UBNA_002/20220823_033000.WAV,Telephone Field,recover-20220825,002,1795
223.9545,223.9948,68437,81543,Rhinolophus ferrumequinum,0.024,0.024,-1,Echolocation,/mnt/ubna_data_01_mir/recover-20220825/UBNA_002/20220823_033000.WAV,Telephone Field,recover-20220825,002,1795
224.0015,224.0092,26328,34936,Nyctalus leisleri,0.007,0.027,-1,Echolocation,/mnt/ubna_data_01_mir/recover-20220825/UBNA_002/20220823_033000.WAV,Telephone Field,recover-20220825,002,1795
224.0015,224.0358,68437,79813,Rhinolophus ferrumequinum,0.051,0.052,-1,Echolocation,/mnt/ubna_data_01_mir/recover-20220825/UBNA_002/20220823_033000.WAV,Telephone Field,recover-20220825,002,1795
224.0075,224.0517,68437,83056,Rhinolophus ferrumequinum,0.026,0.026,-1,Echolocation,/mnt/ubna_data_01_mir/recover-20220825/UBNA_002/20220823_033000.WAV,Telephone Field,recover-20220825,002,1795
224.0345,224.0438,28046,38793,Eptesicus serotinus,0.011,0.028,-1,Echolocation,/mnt/ubna_data_01_mir/recover-20220825/UBNA_002/20220823_033000.WAV,Telephone Field,recover-20220825,002,1795
224.0555,224.0934,68437,82382,Rhinolophus ferrumequinum,0.023,0.023,-1,Echolocation,/mnt/ubna_data_01_mir/recover-20220825/UBNA_002/20220823_033000.WAV,Telephone Field,recover-20220825,002,1795
224.0625,224.0722,28906,36007,Eptesicus serotinus,0.014,0.028,-1,Echolocation,/mnt/ubna_data_01_mir/recover-20220825/UBNA_002/20220823_033000.WAV,Telephone Field,recover-20220825,002,1795
224.0935,224.1336,68437,82404,Rhinolophus ferrumequinum,0.022,0.022,-1,Echolocation,/mnt/ubna_data_01_mir/recover-20220825/UBNA_002/20220823_033000.WAV,Telephone Field,recover-20220825,002,1795
224.1005,224.1078,24609,33442,Plecotus austriacus,0.008,0.022,-1,Echolocation,/mnt/ubna_data_01_mir/recover-20220825/UBNA_002/20220823_033000.WAV,Telephone Field,recover-20220825,002,1795
224.1725,224.2134,68437,81743,Rhinolophus ferrumequinum,0.025,0.026,-1,Echolocation,/mnt/ubna_data_01_mir/recover-20220825/UBNA_002/20220823_033000.WAV,Telephone Field,recover-20220825,002,1795
224.2145,224.2557,68437,82876,Rhinolophus ferrumequinum,0.023,0.023,-1,Echolocation,/mnt/ubna_data_01_mir/recover-20220825/UBNA_002/20220823_033000.WAV,Telephone Field,recover-20220825,002,1795
224.2415,224.2807,68437,83139,Rhinolophus ferrumequinum,0.026,0.026,-1,Echolocation,/mnt/ubna_data_01_mir/recover-20220825/UBNA_002/20220823_033000.WAV,Telephone Field,recover-20220825,002,1795
224.2675,224.2839,15156,19083,Nyctalus noctula,0.044,0.06,-1,Echolocation,/mnt/ubna_data_01_mir/recover-20220825/UBNA_002/20220823_033000.WAV,Telephone Field,recover-20220825,002,1795
224.3205,224.3303,24609,32696,Eptesicus serotinus,0.008,0.022,-1,Echolocation,/mnt/ubna_data_01_mir/recover-20220825/UBNA_002/20220823_033000.WAV,Telephone Field,recover-20220825,002,1795
224.3555,224.3627,28906,40603,Eptesicus serotinus,0.006,0.022,-1,Echolocation,/mnt/ubna_data_01_mir/recover-20220825/UBNA_002/20220823_033000.WAV,Telephone Field,recover-20220825,002,1795
224.3595,224.3666,24609,33148,Plecotus austriacus,0.009,0.022,-1,Echolocation,/mnt/ubna_data_01_mir/recover-20220825/UBNA_002/20220823_033000.WAV,Telephone Field,recover-20220825,002,1795
224.3775,224.3881,23750,29400,Nyctalus leisleri,0.01,0.024,-1,Echolocation,/mnt/ubna_data_01_mir/recover-20220825/UBNA_002/20220823_033000.WAV,Telephone Field,recover-20220825,002,1795
224.4055,224.4163,26328,33607,Eptesicus serotinus,0.068,0.114,-1,Echolocation,/mnt/ubna_data_01_mir/recover-20220825/UBNA_002/20220823_033000.WAV,Telephone Field,recover-20220825,002,1795
224.4365,224.4779,68437,82965,Rhinolophus ferrumequinum,0.027,0.027,-1,Echolocation,/mnt/ubna_data_01_mir/recover-20220825/UBNA_002/20220823_033000.WAV,Telephone Field,recover-20220825,002,1795
224.4495,224.4587,27187,36563,Eptesicus serotinus,0.01,0.024,-1,Echolocation,/mnt/ubna_data_01_mir/recover-20220825/UBNA_002/20220823_033000.WAV,Telephone Field,recover-20220825,002,1795
224.4655,224.5108,68437,83389,Rhinolophus ferrumequinum,0.052,0.052,-1,Echolocation,/mnt/ubna_data_01_mir/recover-20220825/UBNA_002/20220823_033000.WAV,Telephone Field,recover-20220825,002,1795
224.4965,224.5143,19453,23077,Nyctalus leisleri,0.01,0.021,-1,Echolocation,/mnt/ubna_data_01_mir/recover-20220825/UBNA_002/20220823_033000.WAV,Telephone Field,recover-20220825,002,1795
224.5105,224.5507,68437,82410,Rhinolophus ferrumequinum,0.028,0.028,-1,Echolocation,/mnt/ubna_data_01_mir/recover-20220825/UBNA_002/20220823_033000.WAV,Telephone Field,recover-20220825,002,1795
224.5625,224.574,54687,59914,Pipistrellus pygmaeus,0.016,0.028,-1,Echolocation,/mnt/ubna_data_01_mir/recover-20220825/UBNA_002/20220823_033000.WAV,Telephone Field,recover-20220825,002,1795
224.5945,224.6315,68437,82626,Rhinolophus ferrumequinum,0.028,0.028,-1,Echolocation,/mnt/ubna_data_01_mir/recover-20220825/UBNA_002/20220823_033000.WAV,Telephone Field,recover-20220825,002,1795
224.6285,224.6714,68437,82236,Rhinolophus ferrumequinum,0.028,0.028,-1,Echolocation,/mnt/ubna_data_01_mir/recover-20220825/UBNA_002/20220823_033000.WAV,Telephone Field,recover-20220825,002,1795
224.6395,224.6499,29765,37255,Eptesicus serotinus,0.011,0.025,-1,Echolocation,/mnt/ubna_data_01_mir/recover-20220825/UBNA_002/20220823_033000.WAV,Telephone Field,recover-20220825,002,1795
224.6495,224.6868,68437,81450,Rhinolophus ferrumequinum,0.023,0.023,-1,Echolocation,/mnt/ubna_data_01_mir/recover-20220825/UBNA_002/20220823_033000.WAV,Telephone Field,recover-20220825,002,1795
224.6585,224.6656,50390,57073,Pipistrellus pipistrellus,0.024,0.028,-1,Echolocation,/mnt/ubna_data_01_mir/recover-20220825/UBNA_002/20220823_033000.WAV,Telephone Field,recover-20220825,002,1795
224.6695,224.6782,27187,37810,Eptesicus serotinus,0.009,0.024,-1,Echolocation,/mnt/ubna_data_01_mir/recover-20220825/UBNA_002/20220823_033000.WAV,Telephone Field,recover-20220825,002,1795
224.7185,224.7595,68437,82621,Rhinolophus ferrumequinum,0.023,0.023,-1,Echolocation,/mnt/ubna_data_01_mir/recover-20220825/UBNA_002/20220823_033000.WAV,Telephone Field,recover-20220825,002,1795
224.7395,224.7511,22890,27847,Nyctalus leisleri,0.011,0.022,-1,Echolocation,/mnt/ubna_data_01_mir/recover-20220825/UBNA_002/20220823_033000.WAV,Telephone Field,recover-20220825,002,1795
224.7685,224.8086,68437,82425,Rhinolophus ferrumequinum,0.026,0.026,-1,Echolocation,/mnt/ubna_data_01_mir/recover-20220825/UBNA_002/20220823_033000.WAV,Telephone Field,recover-20220825,002,1795
224.7705,224.7796,28046,38145,Eptesicus serotinus,0.009,0.022,-1,Echolocation,/mnt/ubna_data_01_mir/recover-20220825/UBNA_002/20220823_033000.WAV,Telephone Field,recover-20220825,002,1795
224.7925,224.8017,28906,36958,Eptesicus serotinus,0.008,0.022,-1,Echolocation,/mnt/ubna_data_01_mir/recover-20220825/UBNA_002/20220823_033000.WAV,Telephone Field,recover-20220825,002,1795
224.8205,224.8592,68437,82404,Rhinolophus ferrumequinum,0.023,0.023,-1,Echolocation,/mnt/ubna_data_01_mir/recover-20220825/UBNA_002/20220823_033000.WAV,Telephone Field,recover-20220825,002,1795
224.8405,224.8794,68437,81553,Rhinolophus ferrumequinum,0.022,0.022,-1,Echolocation,/mnt/ubna_data_01_mir/recover-20220825/UBNA_002/20220823_033000.WAV,Telephone Field,recover-20220825,002,1795
224.8425,224.8508,38359,47056,Pipistrellus nathusii,0.009,0.024,-1,Echolocation,/mnt/ubna_data_01_mir/recover-20220825/UBNA_002/20220823_033000.WAV,Telephone Field,recover-20220825,002,1795
224.8425,224.8501,28046,42008,Eptesicus serotinus,0.008,0.026,-1,Echolocation,/mnt/ubna_data_01_mir/recover-20220825/UBNA_002/20220823_033000.WAV,Telephone Field,recover-20220825,002,1795
224.8625,224.903,68437,82859,Rhinolophus ferrumequinum,0.025,0.025,-1,Echolocation,/mnt/ubna_data_01_mir/recover-20220825/UBNA_002/20220823_033000.WAV,Telephone Field,recover-20220825,002,1795
224.9295,224.9688,68437,82971,Rhinolophus ferrumequinum,0.026,0.026,-1,Echolocation,/mnt/ubna_data_01_mir/recover-20220825/UBNA_002/20220823_033000.WAV,Telephone Field,recover-20220825,002,1795
224.94650000000001,224.9909,68437,83389,Rhinolophus ferrumequinum,0.026,0.026,-1,Echolocation,/mnt/ubna_data_01_mir/recover-20220825/UBNA_002/20220823_033000.WAV,Telephone Field,recover-20220825,002,1795
224.9815,225.02,68437,82303,Rhinolophus ferrumequinum,0.021,0.021,-1,Echolocation,/mnt/ubna_data_01_mir/recover-20220825/UBNA_002/20220823_033000.WAV,Telephone Field,recover-20220825,002,1795
224.9885,224.9967,26328,34743,Eptesicus serotinus,0.008,0.022,-1,Echolocation,/mnt/ubna_data_01_mir/recover-20220825/UBNA_002/20220823_033000.WAV,Telephone Field,recover-20220825,002,1795
225.0435,225.0548,23750,30343,Nyctalus leisleri,0.01,0.024,-1,Echolocation,/mnt/ubna_data_01_mir/recover-20220825/UBNA_002/20220823_033000.WAV,Telephone Field,recover-20220825,002,1795
225.0455,225.0844,68437,82244,Rhinolophus ferrumequinum,0.025,0.025,-1,Echolocation,/mnt/ubna_data_01_mir/recover-20220825/UBNA_002/20220823_033000.WAV,Telephone Field,recover-20220825,002,1795
225.0625,225.1015,68437,81212,Rhinolophus ferrumequinum,0.022,0.022,-1,Echolocation,/mnt/ubna_data_01_mir/recover-20220825/UBNA_002/20220823_033000.WAV,Telephone Field,recover-20220825,002,1795
225.0645,225.075,29765,37140,Eptesicus serotinus,0.011,0.024,-1,Echolocation,/mnt/ubna_data_01_mir/recover-20220825/UBNA_002/20220823_033000.WAV,Telephone Field,recover-20220825,002,1795
225.0675,225.1023,68437,81078,Rhinolophus ferrumequinum,0.024,0.024,-1,Echolocation,/mnt/ubna_data_01_mir/recover-20220825/UBNA_002/20220823_033000.WAV,Telephone Field,recover-20220825,002,1795
225.1215,225.1325,28046,36176,Eptesicus serotinus,0.012,0.024,-1,Echolocation,/mnt/ubna_data_01_mir/recover-20220825/UBNA_002/20220823_033000.WAV,Telephone Field,recover-20220825,002,1795
225.1275,225.1374,28046,37066,Eptesicus serotinus,0.011,0.025,-1,Echolocation,/mnt/ubna_data_01_mir/recover-20220825/UBNA_002/20220823_033000.WAV,Telephone Field,recover-20220825,002,1795
225.1375,225.1728,68437,81833,Rhinolophus ferrumequinum,0.021,0.021,-1,Echolocation,/mnt/ubna_data_01_mir/recover-20220825/UBNA_002/20220823_033000.WAV,Telephone Field,recover-20220825,002,1795
225.1465,225.1558,50390,56359,Pipistrellus pipistrellus,0.015,0.022,-1,Echolocation,/mnt/ubna_data_01_mir/recover-20220825/UBNA_002/20220823_033000.WAV,Telephone Field,recover-20220825,002,1795
225.1895,225.1991,26328,33590,Eptesicus serotinus,0.013,0.029,-1,Echolocation,/mnt/ubna_data_01_mir/recover-20220825/UBNA_002/20220823_033000.WAV,Telephone Field,recover-20220825,002,1795
225.1905,225.2318,68437,82048,Rhinolophus ferrumequinum,0.026,0.026,-1,Echolocation,/mnt/ubna_data_01_mir/recover-20220825/UBNA_002/20220823_033000.WAV,Telephone Field,recover-20220825,002,1795
225.2035,225.2138,22890,28204,Nyctalus leisleri,0.01,0.024,-1,Echolocation,/mnt/ubna_data_01_mir/recover-20220825/UBNA_002/20220823_033000.WAV,Telephone Field,recover-20220825,002,1795
225.2135,225.251,68437,81760,Rhinolophus ferrumequinum,0.023,0.024,-1,Echolocation,/mnt/ubna_data_01_mir/recover-20220825/UBNA_002/20220823_033000.WAV,Telephone Field,recover-20220825,002,1795
225.2855,225.3254,68437,82088,Rhinolophus ferrumequinum,0.022,0.022,-1,Echolocation,/mnt/ubna_data_01_mir/recover-20220825/UBNA_002/20220823_033000.WAV,Telephone Field,recover-20220825,002,1795
225.3305,225.3702,68437,82782,Rhinolophus ferrumequinum,0.022,0.022,-1,Echolocation,/mnt/ubna_data_01_mir/recover-20220825/UBNA_002/20220823_033000.WAV,Telephone Field,recover-20220825,002,1795
225.3385,225.3785,68437,82423,Rhinolophus ferrumequinum,0.021,0.021,-1,Echolocation,/mnt/ubna_data_01_mir/recover-20220825/UBNA_002/20220823_033000.WAV,Telephone Field,recover-20220825,002,1795
225.3835,225.4031,21171,24853,Nyctalus noctula,0.047,0.094,-1,Echolocation,/mnt/ubna_data_01_mir/recover-20220825/UBNA_002/20220823_033000.WAV,Telephone Field,recover-20220825,002,1795
225.3845,225.4244,68437,82756,Rhinolophus ferrumequinum,0.028,0.028,-1,Echolocation,/mnt/ubna_data_01_mir/recover-20220825/UBNA_002/20220823_033000.WAV,Telephone Field,recover-20220825,002,1795
225.4945,225.5022,28906,40251,Eptesicus serotinus,0.008,0.024,-1,Echolocation,/mnt/ubna_data_01_mir/recover-20220825/UBNA_002/20220823_033000.WAV,Telephone Field,recover-20220825,002,1795
225.4945,225.5345,68437,82272,Rhinolophus ferrumequinum,0.025,0.025,-1,Echolocation,/mnt/ubna_data_01_mir/recover-20220825/UBNA_002/20220823_033000.WAV,Telephone Field,recover-20220825,002,1795
225.58350000000002,225.5947,22890,27884,Nyctalus leisleri,0.012,0.024,-1,Echolocation,/mnt/ubna_data_01_mir/recover-20220825/UBNA_002/20220823_033000.WAV,Telephone Field,recover-20220825,002,1795
225.5915,225.5997,28906,38983,Eptesicus serotinus,0.007,0.021,-1,Echolocation,/mnt/ubna_data_01_mir/recover-20220825/UBNA_002/20220823_033000.WAV,Telephone Field,recover-20220825,002,1795
225.6045,225.6144,24609,31418,Eptesicus serotinus,0.011,0.03,-1,Echolocation,/mnt/ubna_data_01_mir/recover-20220825/UBNA_002/20220823_033000.WAV,Telephone Field,recover-20220825,002,1795
225.6185,225.6252,28046,43349,Eptesicus serotinus,0.012,0.035,-1,Echolocation,/mnt/ubna_data_01_mir/recover-20220825/UBNA_002/20220823_033000.WAV,Telephone Field,recover-20220825,002,1795
225.6505,225.6897,68437,81927,Rhinolophus ferrumequinum,0.022,0.023,-1,Echolocation,/mnt/ubna_data_01_mir/recover-20220825/UBNA_002/20220823_033000.WAV,Telephone Field,recover-20220825,002,1795
225.6745,225.6854,24609,30910,Eptesicus serotinus,0.008,0.024,-1,Echolocation,/mnt/ubna_data_01_mir/recover-20220825/UBNA_002/20220823_033000.WAV,Telephone Field,recover-20220825,002,1795
225.6955,225.7347,68437,82602,Rhinolophus ferrumequinum,0.029,0.029,-1,Echolocation,/mnt/ubna_data_01_mir/recover-20220825/UBNA_002/20220823_033000.WAV,Telephone Field,recover-20220825,002,1795
225.7025,225.7435,68437,82545,Rhinolophus ferrumequinum,0.027,0.027,-1,Echolocation,/mnt/ubna_data_01_mir/recover-20220825/UBNA_002/20220823_033000.WAV,Telephone Field,recover-20220825,002,1795
225.7285,225.7704,68437,83489,Rhinolophus ferrumequinum,0.044,0.044,-1,Echolocation,/mnt/ubna_data_01_mir/recover-20220825/UBNA_002/20220823_033000.WAV,Telephone Field,recover-20220825,002,1795
225.7585,225.7986,68437,81886,Rhinolophus ferrumequinum,0.023,0.023,-1,Echolocation,/mnt/ubna_data_01_mir/recover-20220825/UBNA_002/20220823_033000.WAV,Telephone Field,recover-20220825,002,1795
225.7665,225.8015,68437,81694,Rhinolophus ferrumequinum,0.022,0.023,-1,Echolocation,/mnt/ubna_data_01_mir/recover-20220825/UBNA_002/20220823_033000.WAV,Telephone Field,recover-20220825,002,1795
225.7755,225.8129,68437,81923,Rhinolophus ferrumequinum,0.022,0.022,-1,Echolocation,/mnt/ubna_data_01_mir/recover-20220825/UBNA_002/20220823_033000.WAV,Telephone Field,recover-20220825,002,1795
225.7945,225.8327,68437,82101,Rhinolophus ferrumequinum,0.022,0.022,-1,Echolocation,/mnt/ubna_data_01_mir/recover-20220825/UBNA_002/20220823_033000.WAV,Telephone Field,recover-20220825,002,1795
225.8025,225.813,25468,33027,Eptesicus serotinus,0.011,0.028,-1,Echolocation,/mnt/ubna_data_01_mir/recover-20220825/UBNA_002/20220823_033000.WAV,Telephone Field,recover-20220825,002,1795
225.8345,225.8731,68437,82471,Rhinolophus ferrumequinum,0.027,0.027,-1,Echolocation,/mnt/ubna_data_01_mir/recover-20220825/UBNA_002/20220823_033000.WAV,Telephone Field,recover-20220825,002,1795
225.8385,225.8494,22890,27857,Nyctalus leisleri,0.01,0.022,-1,Echolocation,/mnt/ubna_data_01_mir/recover-20220825/UBNA_002/20220823_033000.WAV,Telephone Field,recover-20220825,002,1795
225.8545,225.8954,68437,82374,Rhinolophus ferrumequinum,0.022,0.022,-1,Echolocation,/mnt/ubna_data_01_mir/recover-20220825/UBNA_002/20220823_033000.WAV,Telephone Field,recover-20220825,002,1795
225.8745,225.9126,68437,81673,Rhinolophus ferrumequinum,0.022,0.022,-1,Echolocation,/mnt/ubna_data_01_mir/recover-20220825/UBNA_002/20220823_033000.WAV,Telephone Field,recover-20220825,002,1795
225.8895,225.9328,68437,82953,Rhinolophus ferrumequinum,0.026,0.026,-1,Echolocation,/mnt/ubna_data_01_mir/recover-20220825/UBNA_002/20220823_033000.WAV,Telephone Field,recover-20220825,002,1795
226.0015,226.0313,68437,80047,Rhinolophus ferrumequinum,0.023,0.023,-1,Echolocation,/mnt/ubna_data_01_mir/recover-20220825/UBNA_002/20220823_033000.WAV,Telephone Field,recover-20220825,002,1795
226.0015,226.0101,47812,57205,Pipistrellus pipistrellus,0.013,0.027,-1,Echolocation,/mnt/ubna_data_01_mir/recover-20220825/UBNA_002/20220823_033000.WAV,Telephone Field,recover-20220825,002,1795
226.0015,226.0087,24609,35533,Plecotus austriacus,0.005,0.025,-1,Echolocation,/mnt/ubna_data_01_mir/recover-20220825/UBNA_002/20220823_033000.WAV,Telephone Field,recover-20220825,002,1795
226.0235,226.0645,68437,82450,Rhinolophus ferrumequinum,0.026,0.026,-1,Echolocation,/mnt/ubna_data_01_mir/recover-20220825/UBNA_002/20220823_033000.WAV,Telephone Field,recover-20220825,002,1795
226.0465,226.0554,28906,37852,Eptesicus serotinus,0.009,0.026,-1,Echolocation,/mnt/ubna_data_01_mir/recover-20220825/UBNA_002/20220823_033000.WAV,Telephone Field,recover-20220825,002,1795
226.07150000000001,226.0781,28046,38386,Eptesicus serotinus,0.005,0.022,-1,Echolocation,/mnt/ubna_data_01_mir/recover-20220825/UBNA_002/20220823_033000.WAV,Telephone Field,recover-20220825,002,1795
226.09550000000002,226.1344,68437,82115,Rhinolophus ferrumequinum,0.025,0.025,-1,Echolocation,/mnt/ubna_data_01_mir/recover-20220825/UBNA_002/20220823_033000.WAV,Telephone Field,recover-20220825,002,1795
226.1085,226.1447,68437,81470,Rhinolophus ferrumequinum,0.022,0.022,-1,Echolocation,/mnt/ubna_data_01_mir/recover-20220825/UBNA_002/20220823_033000.WAV,Telephone Field,recover-20220825,002,1795
226.1375,226.1688,68437,80629,Rhinolophus ferrumequinum,0.031,0.031,-1,Echolocation,/mnt/ubna_data_01_mir/recover-20220825/UBNA_002/20220823_033000.WAV,Telephone Field,recover-20220825,002,1795
226.1725,226.2105,68437,82310,Rhinolophus ferrumequinum,0.022,0.022,-1,Echolocation,/mnt/ubna_data_01_mir/recover-20220825/UBNA_002/20220823_033000.WAV,Telephone Field,recover-20220825,002,1795
226.2525,226.2624,25468,32506,Eptesicus serotinus,0.01,0.024,-1,Echolocation,/mnt/ubna_data_01_mir/recover-20220825/UBNA_002/20220823_033000.WAV,Telephone Field,recover-20220825,002,1795
226.2945,226.33350000000002,68437,82261,Rhinolophus ferrumequinum,0.023,0.023,-1,Echolocation,/mnt/ubna_data_01_mir/recover-20220825/UBNA_002/20220823_033000.WAV,Telephone Field,recover-20220825,002,1795
226.3305,226.3727,68437,82544,Rhinolophus ferrumequinum,0.023,0.023,-1,Echolocation,/mnt/ubna_data_01_mir/recover-20220825/UBNA_002/20220823_033000.WAV,Telephone Field,recover-20220825,002,1795
226.3625,226.401,68437,82184,Rhinolophus ferrumequinum,0.024,0.024,-1,Echolocation,/mnt/ubna_data_01_mir/recover-20220825/UBNA_002/20220823_033000.WAV,Telephone Field,recover-20220825,002,1795
226.3705,226.3816,31484,38702,Eptesicus serotinus,0.009,0.023,-1,Echolocation,/mnt/ubna_data_01_mir/recover-20220825/UBNA_002/20220823_033000.WAV,Telephone Field,recover-20220825,002,1795
226.3705,226.4087,68437,81923,Rhinolophus ferrumequinum,0.022,0.022,-1,Echolocation,/mnt/ubna_data_01_mir/recover-20220825/UBNA_002/20220823_033000.WAV,Telephone Field,recover-20220825,002,1795
226.3885,226.4264,68437,82280,Rhinolophus ferrumequinum,0.032,0.032,-1,Echolocation,/mnt/ubna_data_01_mir/recover-20220825/UBNA_002/20220823_033000.WAV,Telephone Field,recover-20220825,002,1795
226.4005,226.4359,68437,80634,Rhinolophus ferrumequinum,0.022,0.022,-1,Echolocation,/mnt/ubna_data_01_mir/recover-20220825/UBNA_002/20220823_033000.WAV,Telephone Field,recover-20220825,002,1795
226.4025,226.4109,28906,37762,Eptesicus serotinus,0.01,0.028,-1,Echolocation,/mnt/ubna_data_01_mir/recover-20220825/UBNA_002/20220823_033000.WAV,Telephone Field,recover-20220825,002,1795
226.4225,226.4665,68437,83335,Rhinolophus ferrumequinum,0.064,0.064,-1,Echolocation,/mnt/ubna_data_01_mir/recover-20220825/UBNA_002/20220823_033000.WAV,Telephone Field,recover-20220825,002,1795
226.4295,226.4375,28046,38061,Eptesicus serotinus,0.008,0.022,-1,Echolocation,/mnt/ubna_data_01_mir/recover-20220825/UBNA_002/20220823_033000.WAV,Telephone Field,recover-20220825,002,1795
226.4405,226.4784,68437,81757,Rhinolophus ferrumequinum,0.022,0.022,-1,Echolocation,/mnt/ubna_data_01_mir/recover-20220825/UBNA_002/20220823_033000.WAV,Telephone Field,recover-20220825,002,1795
226.4605,226.4971,68437,81394,Rhinolophus ferrumequinum,0.022,0.022,-1,Echolocation,/mnt/ubna_data_01_mir/recover-20220825/UBNA_002/20220823_033000.WAV,Telephone Field,recover-20220825,002,1795
226.4885,226.5284,68437,82182,Rhinolophus ferrumequinum,0.023,0.023,-1,Echolocation,/mnt/ubna_data_01_mir/recover-20220825/UBNA_002/20220823_033000.WAV,Telephone Field,recover-20220825,002,1795
226.4955,226.5345,68437,82207,Rhinolophus ferrumequinum,0.024,0.024,-1,Echolocation,/mnt/ubna_data_01_mir/recover-20220825/UBNA_002/20220823_033000.WAV,Telephone Field,recover-20220825,002,1795
226.5065,226.5134,24609,33502,Plecotus austriacus,0.008,0.022,-1,Echolocation,/mnt/ubna_data_01_mir/recover-20220825/UBNA_002/20220823_033000.WAV,Telephone Field,recover-20220825,002,1795
226.5265,226.5341,28046,39434,Eptesicus serotinus,0.01,0.027,-1,Echolocation,/mnt/ubna_data_01_mir/recover-20220825/UBNA_002/20220823_033000.WAV,Telephone Field,recover-20220825,002,1795
226.5515,226.59,68437,81366,Rhinolophus ferrumequinum,0.022,0.022,-1,Echolocation,/mnt/ubna_data_01_mir/recover-20220825/UBNA_002/20220823_033000.WAV,Telephone Field,recover-20220825,002,1795
226.6225,226.6316,23750,31590,Plecotus austriacus,0.007,0.023,-1,Echolocation,/mnt/ubna_data_01_mir/recover-20220825/UBNA_002/20220823_033000.WAV,Telephone Field,recover-20220825,002,1795
226.6465,226.6538,28046,39229,Eptesicus serotinus,0.007,0.024,-1,Echolocation,/mnt/ubna_data_01_mir/recover-20220825/UBNA_002/20220823_033000.WAV,Telephone Field,recover-20220825,002,1795
226.6845,226.72129999999999,68437,82001,Rhinolophus ferrumequinum,0.032,0.032,-1,Echolocation,/mnt/ubna_data_01_mir/recover-20220825/UBNA_002/20220823_033000.WAV,Telephone Field,recover-20220825,002,1795
226.7095,226.7477,68437,81711,Rhinolophus ferrumequinum,0.022,0.022,-1,Echolocation,/mnt/ubna_data_01_mir/recover-20220825/UBNA_002/20220823_033000.WAV,Telephone Field,recover-20220825,002,1795
226.7305,226.7723,68437,82414,Rhinolophus ferrumequinum,0.023,0.023,-1,Echolocation,/mnt/ubna_data_01_mir/recover-20220825/UBNA_002/20220823_033000.WAV,Telephone Field,recover-20220825,002,1795
226.7695,226.7766,46093,49866,Pipistrellus pipistrellus,0.024,0.025,-1,Echolocation,/mnt/ubna_data_01_mir/recover-20220825/UBNA_002/20220823_033000.WAV,Telephone Field,recover-20220825,002,1795
226.7745,226.8163,68437,82815,Rhinolophus ferrumequinum,0.032,0.032,-1,Echolocation,/mnt/ubna_data_01_mir/recover-20220825/UBNA_002/20220823_033000.WAV,Telephone Field,recover-20220825,002,1795
226.8045,226.8149,22890,28726,Nyctalus leisleri,0.009,0.022,-1,Echolocation,/mnt/ubna_data_01_mir/recover-20220825/UBNA_002/20220823_033000.WAV,Telephone Field,recover-20220825,002,1795
226.8085,226.8517,68437,82687,Rhinolophus ferrumequinum,0.039,0.039,-1,Echolocation,/mnt/ubna_data_01_mir/recover-20220825/UBNA_002/20220823_033000.WAV,Telephone Field,recover-20220825,002,1795
226.82150000000001,226.8608,68437,82160,Rhinolophus ferrumequinum,0.024,0.024,-1,Echolocation,/mnt/ubna_data_01_mir/recover-20220825/UBNA_002/20220823_033000.WAV,Telephone Field,recover-20220825,002,1795
226.8535,226.8924,68437,82467,Rhinolophus ferrumequinum,0.026,0.026,-1,Echolocation,/mnt/ubna_data_01_mir/recover-20220825/UBNA_002/20220823_033000.WAV,Telephone Field,recover-20220825,002,1795
226.85750000000002,226.8645,27187,41343,Eptesicus serotinus,0.006,0.023,-1,Echolocation,/mnt/ubna_data_01_mir/recover-20220825/UBNA_002/20220823_033000.WAV,Telephone Field,recover-20220825,002,1795
226.8635,226.8716,28046,37017,Eptesicus serotinus,0.007,0.022,-1,Echolocation,/mnt/ubna_data_01_mir/recover-20220825/UBNA_002/20220823_033000.WAV,Telephone Field,recover-20220825,002,1795
226.8775,226.9131,68437,81093,Rhinolophus ferrumequinum,0.022,0.022,-1,Echolocation,/mnt/ubna_data_01_mir/recover-20220825/UBNA_002/20220823_033000.WAV,Telephone Field,recover-20220825,002,1795
226.8995,226.9398,68437,82629,Rhinolophus ferrumequinum,0.034,0.034,-1,Echolocation,/mnt/ubna_data_01_mir/recover-20220825/UBNA_002/20220823_033000.WAV,Telephone Field,recover-20220825,002,1795
226.9115,226.9538,68437,83147,Rhinolophus ferrumequinum,0.029,0.029,-1,Echolocation,/mnt/ubna_data_01_mir/recover-20220825/UBNA_002/20220823_033000.WAV,Telephone Field,recover-20220825,002,1795
226.9215,226.9288,28046,39563,Eptesicus serotinus,0.006,0.022,-1,Echolocation,/mnt/ubna_data_01_mir/recover-20220825/UBNA_002/20220823_033000.WAV,Telephone Field,recover-20220825,002,1795
226.94650000000001,226.9862,68437,82814,Rhinolophus ferrumequinum,0.023,0.023,-1,Echolocation,/mnt/ubna_data_01_mir/recover-20220825/UBNA_002/20220823_033000.WAV,Telephone Field,recover-20220825,002,1795
226.9475,226.9561,28046,38067,Eptesicus serotinus,0.007,0.022,-1,Echolocation,/mnt/ubna_data_01_mir/recover-20220825/UBNA_002/20220823_033000.WAV,Telephone Field,recover-20220825,002,1795
226.9545,226.9924,68437,82130,Rhinolophus ferrumequinum,0.022,0.023,-1,Echolocation,/mnt/ubna_data_01_mir/recover-20220825/UBNA_002/20220823_033000.WAV,Telephone Field,recover-20220825,002,1795
226.9735,227.0129,68437,82127,Rhinolophus ferrumequinum,0.024,0.024,-1,Echolocation,/mnt/ubna_data_01_mir/recover-20220825/UBNA_002/20220823_033000.WAV,Telephone Field,recover-20220825,002,1795
226.9755,226.9829,27187,40354,Eptesicus serotinus,0.007,0.024,-1,Echolocation,/mnt/ubna_data_01_mir/recover-20220825/UBNA_002/20220823_033000.WAV,Telephone Field,recover-20220825,002,1795
227.0005,227.0438,68437,83264,Rhinolophus ferrumequinum,0.034,0.034,-1,Echolocation,/mnt/ubna_data_01_mir/recover-20220825/UBNA_002/20220823_033000.WAV,Telephone Field,recover-20220825,002,1795
227.0405,227.0468,46953,51119,Pipistrellus pipistrellus,0.029,0.03,-1,Echolocation,/mnt/ubna_data_01_mir/recover-20220825/UBNA_002/20220823_033000.WAV,Telephone Field,recover-20220825,002,1795
227.0445,227.0838,68437,82092,Rhinolophus ferrumequinum,0.022,0.022,-1,Echolocation,/mnt/ubna_data_01_mir/recover-20220825/UBNA_002/20220823_033000.WAV,Telephone Field,recover-20220825,002,1795
227.0505,227.05689999999998,28906,47147,Myotis daubentonii,0.007,0.025,-1,Echolocation,/mnt/ubna_data_01_mir/recover-20220825/UBNA_002/20220823_033000.WAV,Telephone Field,recover-20220825,002,1795
227.0505,227.0571,24609,38123,Plecotus austriacus,0.009,0.026,-1,Echolocation,/mnt/ubna_data_01_mir/recover-20220825/UBNA_002/20220823_033000.WAV,Telephone Field,recover-20220825,002,1795
227.0695,227.0795,28046,36060,Eptesicus serotinus,0.013,0.03,-1,Echolocation,/mnt/ubna_data_01_mir/recover-20220825/UBNA_002/20220823_033000.WAV,Telephone Field,recover-20220825,002,1795
227.07150000000001,227.1092,68437,81592,Rhinolophus ferrumequinum,0.026,0.026,-1,Echolocation,/mnt/ubna_data_01_mir/recover-20220825/UBNA_002/20220823_033000.WAV,Telephone Field,recover-20220825,002,1795
227.0895,227.1305,68437,82090,Rhinolophus ferrumequinum,0.023,0.023,-1,Echolocation,/mnt/ubna_data_01_mir/recover-20220825/UBNA_002/20220823_033000.WAV,Telephone Field,recover-20220825,002,1795
227.1025,227.1422,68437,82310,Rhinolophus ferrumequinum,0.024,0.024,-1,Echolocation,/mnt/ubna_data_01_mir/recover-20220825/UBNA_002/20220823_033000.WAV,Telephone Field,recover-20220825,002,1795
227.1265,227.1661,68437,81997,Rhinolophus ferrumequinum,0.022,0.022,-1,Echolocation,/mnt/ubna_data_01_mir/recover-20220825/UBNA_002/20220823_033000.WAV,Telephone Field,recover-20220825,002,1795
227.1495,227.188,68437,81258,Rhinolophus ferrumequinum,0.022,0.022,-1,Echolocation,/mnt/ubna_data_01_mir/recover-20220825/UBNA_002/20220823_033000.WAV,Telephone Field,recover-20220825,002,1795
227.1555,227.1969,68437,82490,Rhinolophus ferrumequinum,0.025,0.025,-1,Echolocation,/mnt/ubna_data_01_mir/recover-20220825/UBNA_002/20220823_033000.WAV,Telephone Field,recover-20220825,002,1795
227.1565,227.1644,23750,32009,Plecotus austriacus,0.008,0.022,-1,Echolocation,/mnt/ubna_data_01_mir/recover-20220825/UBNA_002/20220823_033000.WAV,Telephone Field,recover-20220825,002,1795
227.1935,227.2332,68437,82197,Rhinolophus ferrumequinum,0.033,0.033,-1,Echolocation,/mnt/ubna_data_01_mir/recover-20220825/UBNA_002/20220823_033000.WAV,Telephone Field,recover-20220825,002,1795
227.2125,227.2552,68437,83380,Rhinolophus ferrumequinum,0.028,0.028,-1,Echolocation,/mnt/ubna_data_01_mir/recover-20220825/UBNA_002/20220823_033000.WAV,Telephone Field,recover-20220825,002,1795
227.2665,227.2754,28046,37202,Eptesicus serotinus,0.01,0.026,-1,Echolocation,/mnt/ubna_data_01_mir/recover-20220825/UBNA_002/20220823_033000.WAV,Telephone Field,recover-20220825,002,1795
227.2765,227.287,44375,48698,Pipistrellus pipistrellus,0.026,0.029,-1,Echolocation,/mnt/ubna_data_01_mir/recover-20220825/UBNA_002/20220823_033000.WAV,Telephone Field,recover-20220825,002,1795
227.2945,227.3353,68437,82878,Rhinolophus ferrumequinum,0.025,0.025,-1,Echolocation,/mnt/ubna_data_01_mir/recover-20220825/UBNA_002/20220823_033000.WAV,Telephone Field,recover-20220825,002,1795
227.30349999999999,227.31119999999999,28046,37403,Eptesicus serotinus,0.007,0.023,-1,Echolocation,/mnt/ubna_data_01_mir/recover-20220825/UBNA_002/20220823_033000.WAV,Telephone Field,recover-20220825,002,1795
227.3225,227.33089999999999,28046,40352,Eptesicus serotinus,0.008,0.022,-1,Echolocation,/mnt/ubna_data_01_mir/recover-20220825/UBNA_002/20220823_033000.WAV,Telephone Field,recover-20220825,002,1795
227.3495,227.3956,68437,83793,Rhinolophus ferrumequinum,0.043,0.043,-1,Echolocation,/mnt/ubna_data_01_mir/recover-20220825/UBNA_002/20220823_033000.WAV,Telephone Field,recover-20220825,002,1795
227.3525,227.3623,25468,32990,Nyctalus leisleri,0.007,0.024,-1,Echolocation,/mnt/ubna_data_01_mir/recover-20220825/UBNA_002/20220823_033000.WAV,Telephone Field,recover-20220825,002,1795
227.3665,227.4032,68437,80993,Rhinolophus ferrumequinum,0.023,0.023,-1,Echolocation,/mnt/ubna_data_01_mir/recover-20220825/UBNA_002/20220823_033000.WAV,Telephone Field,recover-20220825,002,1795
227.3795,227.3882,45234,55170,Pipistrellus pipistrellus,0.014,0.025,-1,Echolocation,/mnt/ubna_data_01_mir/recover-20220825/UBNA_002/20220823_033000.WAV,Telephone Field,recover-20220825,002,1795
227.3855,227.393,27187,38803,Eptesicus serotinus,0.007,0.022,-1,Echolocation,/mnt/ubna_data_01_mir/recover-20220825/UBNA_002/20220823_033000.WAV,Telephone Field,recover-20220825,002,1795
227.3995,227.4382,68437,82387,Rhinolophus ferrumequinum,0.026,0.026,-1,Echolocation,/mnt/ubna_data_01_mir/recover-20220825/UBNA_002/20220823_033000.WAV,Telephone Field,recover-20220825,002,1795
227.4055,227.4445,68437,82174,Rhinolophus ferrumequinum,0.026,0.026,-1,Echolocation,/mnt/ubna_data_01_mir/recover-20220825/UBNA_002/20220823_033000.WAV,Telephone Field,recover-20220825,002,1795
227.4535,227.49,68437,82019,Rhinolophus ferrumequinum,0.025,0.025,-1,Echolocation,/mnt/ubna_data_01_mir/recover-20220825/UBNA_002/20220823_033000.WAV,Telephone Field,recover-20220825,002,1795
227.5205,227.5332,23750,28363,Nyctalus leisleri,0.025,0.049,-1,Echolocation,/mnt/ubna_data_01_mir/recover-20220825/UBNA_002/20220823_033000.WAV,Telephone Field,recover-20220825,002,1795
227.5205,227.5636,68437,83300,Rhinolophus ferrumequinum,0.034,0.034,-1,Echolocation,/mnt/ubna_data_01_mir/recover-20220825/UBNA_002/20220823_033000.WAV,Telephone Field,recover-20220825,002,1795
227.5705,227.6092,68437,82751,Rhinolophus ferrumequinum,0.025,0.026,-1,Echolocation,/mnt/ubna_data_01_mir/recover-20220825/UBNA_002/20220823_033000.WAV,Telephone Field,recover-20220825,002,1795
227.5875,227.63060000000002,68437,83335,Rhinolophus ferrumequinum,0.035,0.035,-1,Echolocation,/mnt/ubna_data_01_mir/recover-20220825/UBNA_002/20220823_033000.WAV,Telephone Field,recover-20220825,002,1795
227.5995,227.6402,68437,82253,Rhinolophus ferrumequinum,0.022,0.022,-1,Echolocation,/mnt/ubna_data_01_mir/recover-20220825/UBNA_002/20220823_033000.WAV,Telephone Field,recover-20220825,002,1795
227.6015,227.612,22031,27321,Nyctalus leisleri,0.01,0.024,-1,Echolocation,/mnt/ubna_data_01_mir/recover-20220825/UBNA_002/20220823_033000.WAV,Telephone Field,recover-20220825,002,1795
227.6105,227.65109999999999,68437,82514,Rhinolophus ferrumequinum,0.022,0.022,-1,Echolocation,/mnt/ubna_data_01_mir/recover-20220825/UBNA_002/20220823_033000.WAV,Telephone Field,recover-20220825,002,1795
227.6685,227.707,68437,81631,Rhinolophus ferrumequinum,0.023,0.023,-1,Echolocation,/mnt/ubna_data_01_mir/recover-20220825/UBNA_002/20220823_033000.WAV,Telephone Field,recover-20220825,002,1795
227.6865,227.7233,68437,81740,Rhinolophus ferrumequinum,0.023,0.023,-1,Echolocation,/mnt/ubna_data_01_mir/recover-20220825/UBNA_002/20220823_033000.WAV,Telephone Field,recover-20220825,002,1795
227.7185,227.7277,28906,37947,Eptesicus serotinus,0.01,0.025,-1,Echolocation,/mnt/ubna_data_01_mir/recover-20220825/UBNA_002/20220823_033000.WAV,Telephone Field,recover-20220825,002,1795
227.7405,227.7782,68437,82031,Rhinolophus ferrumequinum,0.026,0.026,-1,Echolocation,/mnt/ubna_data_01_mir/recover-20220825/UBNA_002/20220823_033000.WAV,Telephone Field,recover-20220825,002,1795
227.7505,227.7632,23750,29570,Nyctalus leisleri,0.016,0.037,-1,Echolocation,/mnt/ubna_data_01_mir/recover-20220825/UBNA_002/20220823_033000.WAV,Telephone Field,recover-20220825,002,1795
227.7825,227.8214,68437,82224,Rhinolophus ferrumequinum,0.029,0.029,-1,Echolocation,/mnt/ubna_data_01_mir/recover-20220825/UBNA_002/20220823_033000.WAV,Telephone Field,recover-20220825,002,1795
227.7895,227.7976,26328,37172,Eptesicus serotinus,0.007,0.023,-1,Echolocation,/mnt/ubna_data_01_mir/recover-20220825/UBNA_002/20220823_033000.WAV,Telephone Field,recover-20220825,002,1795
227.8115,227.822,22890,28518,Nyctalus leisleri,0.01,0.022,-1,Echolocation,/mnt/ubna_data_01_mir/recover-20220825/UBNA_002/20220823_033000.WAV,Telephone Field,recover-20220825,002,1795
227.8195,227.8591,68437,82425,Rhinolophus ferrumequinum,0.032,0.032,-1,Echolocation,/mnt/ubna_data_01_mir/recover-20220825/UBNA_002/20220823_033000.WAV,Telephone Field,recover-20220825,002,1795
227.8265,227.835,28046,39965,Eptesicus serotinus,0.008,0.022,-1,Echolocation,/mnt/ubna_data_01_mir/recover-20220825/UBNA_002/20220823_033000.WAV,Telephone Field,recover-20220825,002,1795
227.8505,227.8913,68437,81657,Rhinolophus ferrumequinum,0.024,0.024,-1,Echolocation,/mnt/ubna_data_01_mir/recover-20220825/UBNA_002/20220823_033000.WAV,Telephone Field,recover-20220825,002,1795
227.8515,227.8601,23750,31996,Plecotus austriacus,0.015,0.046,-1,Echolocation,/mnt/ubna_data_01_mir/recover-20220825/UBNA_002/20220823_033000.WAV,Telephone Field,recover-20220825,002,1795
227.8645,227.8766,22890,27387,Nyctalus leisleri,0.013,0.023,-1,Echolocation,/mnt/ubna_data_01_mir/recover-20220825/UBNA_002/20220823_033000.WAV,Telephone Field,recover-20220825,002,1795
227.8685,227.8758,28046,40119,Eptesicus serotinus,0.007,0.024,-1,Echolocation,/mnt/ubna_data_01_mir/recover-20220825/UBNA_002/20220823_033000.WAV,Telephone Field,recover-20220825,002,1795
227.8705,227.9056,68437,81596,Rhinolophus ferrumequinum,0.023,0.023,-1,Echolocation,/mnt/ubna_data_01_mir/recover-20220825/UBNA_002/20220823_033000.WAV,Telephone Field,recover-20220825,002,1795
227.8835,227.8918,45234,48624,Pipistrellus pipistrellus,0.038,0.039,-1,Echolocation,/mnt/ubna_data_01_mir/recover-20220825/UBNA_002/20220823_033000.WAV,Telephone Field,recover-20220825,002,1795
227.9425,227.9796,68437,81917,Rhinolophus ferrumequinum,0.026,0.026,-1,Echolocation,/mnt/ubna_data_01_mir/recover-20220825/UBNA_002/20220823_033000.WAV,Telephone Field,recover-20220825,002,1795
227.9485,227.9822,68437,80968,Rhinolophus ferrumequinum,0.024,0.024,-1,Echolocation,/mnt/ubna_data_01_mir/recover-20220825/UBNA_002/20220823_033000.WAV,Telephone Field,recover-20220825,002,1795
227.9795,227.9959,22031,25277,Nyctalus leisleri,0.052,0.079,-1,Echolocation,/mnt/ubna_data_01_mir/recover-20220825/UBNA_002/20220823_033000.WAV,Telephone Field,recover-20220825,002,1795
228.0015,228.0363,68437,80417,Rhinolophus ferrumequinum,0.048,0.048,-1,Echolocation,/mnt/ubna_data_01_mir/recover-20220825/UBNA_002/20220823_033000.WAV,Telephone Field,recover-20220825,002,1795
228.0015,228.0111,22031,28465,Nyctalus leisleri,0.012,0.027,-1,Echolocation,/mnt/ubna_data_01_mir/recover-20220825/UBNA_002/20220823_033000.WAV,Telephone Field,recover-20220825,002,1795
228.0015,228.0103,26328,38510,Nyctalus leisleri,0.007,0.027,-1,Echolocation,/mnt/ubna_data_01_mir/recover-20220825/UBNA_002/20220823_033000.WAV,Telephone Field,recover-20220825,002,1795
228.0015,228.0105,39218,45959,Pipistrellus nathusii,0.008,0.024,-1,Echolocation,/mnt/ubna_data_01_mir/recover-20220825/UBNA_002/20220823_033000.WAV,Telephone Field,recover-20220825,002,1795
228.01749999999998,228.0578,68437,81917,Rhinolophus ferrumequinum,0.025,0.025,-1,Echolocation,/mnt/ubna_data_01_mir/recover-20220825/UBNA_002/20220823_033000.WAV,Telephone Field,recover-20220825,002,1795
228.0345,228.0422,46953,51204,Pipistrellus pipistrellus,0.021,0.022,-1,Echolocation,/mnt/ubna_data_01_mir/recover-20220825/UBNA_002/20220823_033000.WAV,Telephone Field,recover-20220825,002,1795
228.0375,228.0459,28906,37852,Eptesicus serotinus,0.008,0.025,-1,Echolocation,/mnt/ubna_data_01_mir/recover-20220825/UBNA_002/20220823_033000.WAV,Telephone Field,recover-20220825,002,1795
228.0565,228.0924,68437,81346,Rhinolophus ferrumequinum,0.025,0.025,-1,Echolocation,/mnt/ubna_data_01_mir/recover-20220825/UBNA_002/20220823_033000.WAV,Telephone Field,recover-20220825,002,1795
228.0655,228.1013,68437,81266,Rhinolophus ferrumequinum,0.028,0.028,-1,Echolocation,/mnt/ubna_data_01_mir/recover-20220825/UBNA_002/20220823_033000.WAV,Telephone Field,recover-20220825,002,1795
228.0765,228.1146,68437,82286,Rhinolophus ferrumequinum,0.023,0.023,-1,Echolocation,/mnt/ubna_data_01_mir/recover-20220825/UBNA_002/20220823_033000.WAV,Telephone Field,recover-20220825,002,1795
228.1035,228.1112,26328,36220,Eptesicus serotinus,0.008,0.024,-1,Echolocation,/mnt/ubna_data_01_mir/recover-20220825/UBNA_002/20220823_033000.WAV,Telephone Field,recover-20220825,002,1795
228.1115,228.1222,22890,28117,Nyctalus leisleri,0.011,0.022,-1,Echolocation,/mnt/ubna_data_01_mir/recover-20220825/UBNA_002/20220823_033000.WAV,Telephone Field,recover-20220825,002,1795
228.1335,228.1709,68437,81498,Rhinolophus ferrumequinum,0.024,0.024,-1,Echolocation,/mnt/ubna_data_01_mir/recover-20220825/UBNA_002/20220823_033000.WAV,Telephone Field,recover-20220825,002,1795
228.1645,228.2022,68437,82002,Rhinolophus ferrumequinum,0.024,0.024,-1,Echolocation,/mnt/ubna_data_01_mir/recover-20220825/UBNA_002/20220823_033000.WAV,Telephone Field,recover-20220825,002,1795
228.1825,228.1927,27187,35417,Eptesicus serotinus,0.01,0.023,-1,Echolocation,/mnt/ubna_data_01_mir/recover-20220825/UBNA_002/20220823_033000.WAV,Telephone Field,recover-20220825,002,1795
228.1905,228.2319,68437,82707,Rhinolophus ferrumequinum,0.025,0.025,-1,Echolocation,/mnt/ubna_data_01_mir/recover-20220825/UBNA_002/20220823_033000.WAV,Telephone Field,recover-20220825,002,1795
228.2105,228.2214,22890,28500,Nyctalus leisleri,0.011,0.024,-1,Echolocation,/mnt/ubna_data_01_mir/recover-20220825/UBNA_002/20220823_033000.WAV,Telephone Field,recover-20220825,002,1795
228.2375,228.2498,30625,37393,Eptesicus serotinus,0.017,0.036,-1,Echolocation,/mnt/ubna_data_01_mir/recover-20220825/UBNA_002/20220823_033000.WAV,Telephone Field,recover-20220825,002,1795
228.2855,228.3207,68437,81311,Rhinolophus ferrumequinum,0.026,0.027,-1,Echolocation,/mnt/ubna_data_01_mir/recover-20220825/UBNA_002/20220823_033000.WAV,Telephone Field,recover-20220825,002,1795
228.2905,228.2972,28046,40116,Eptesicus serotinus,0.012,0.039,-1,Echolocation,/mnt/ubna_data_01_mir/recover-20220825/UBNA_002/20220823_033000.WAV,Telephone Field,recover-20220825,002,1795
228.3045,228.32,22031,25948,Nyctalus leisleri,0.019,0.031,-1,Echolocation,/mnt/ubna_data_01_mir/recover-20220825/UBNA_002/20220823_033000.WAV,Telephone Field,recover-20220825,002,1795
228.3115,228.3508,68437,82135,Rhinolophus ferrumequinum,0.023,0.023,-1,Echolocation,/mnt/ubna_data_01_mir/recover-20220825/UBNA_002/20220823_033000.WAV,Telephone Field,recover-20220825,002,1795
228.3185,228.3579,68437,81941,Rhinolophus ferrumequinum,0.023,0.023,-1,Echolocation,/mnt/ubna_data_01_mir/recover-20220825/UBNA_002/20220823_033000.WAV,Telephone Field,recover-20220825,002,1795
228.34550000000002,228.3557,26328,33317,Eptesicus serotinus,0.011,0.026,-1,Echolocation,/mnt/ubna_data_01_mir/recover-20220825/UBNA_002/20220823_033000.WAV,Telephone Field,recover-20220825,002,1795
228.3555,228.3936,68437,81745,Rhinolophus ferrumequinum,0.025,0.025,-1,Echolocation,/mnt/ubna_data_01_mir/recover-20220825/UBNA_002/20220823_033000.WAV,Telephone Field,recover-20220825,002,1795
228.3675,228.3744,27187,40607,Eptesicus serotinus,0.006,0.023,-1,Echolocation,/mnt/ubna_data_01_mir/recover-20220825/UBNA_002/20220823_033000.WAV,Telephone Field,recover-20220825,002,1795
228.3775,228.387,24609,32222,Nyctalus leisleri,0.007,0.024,-1,Echolocation,/mnt/ubna_data_01_mir/recover-20220825/UBNA_002/20220823_033000.WAV,Telephone Field,recover-20220825,002,1795
228.4065,228.4458,68437,82604,Rhinolophus ferrumequinum,0.023,0.023,-1,Echolocation,/mnt/ubna_data_01_mir/recover-20220825/UBNA_002/20220823_033000.WAV,Telephone Field,recover-20220825,002,1795
228.4265,228.4677,68437,82372,Rhinolophus ferrumequinum,0.026,0.026,-1,Echolocation,/mnt/ubna_data_01_mir/recover-20220825/UBNA_002/20220823_033000.WAV,Telephone Field,recover-20220825,002,1795
228.4395,228.4471,28046,40440,Eptesicus serotinus,0.008,0.025,-1,Echolocation,/mnt/ubna_data_01_mir/recover-20220825/UBNA_002/20220823_033000.WAV,Telephone Field,recover-20220825,002,1795
228.4545,228.5014,68437,83882,Rhinolophus ferrumequinum,0.038,0.038,-1,Echolocation,/mnt/ubna_data_01_mir/recover-20220825/UBNA_002/20220823_033000.WAV,Telephone Field,recover-20220825,002,1795
228.4635,228.5076,68437,83241,Rhinolophus ferrumequinum,0.034,0.034,-1,Echolocation,/mnt/ubna_data_01_mir/recover-20220825/UBNA_002/20220823_033000.WAV,Telephone Field,recover-20220825,002,1795
228.4685,228.4775,50390,54688,Pipistrellus pipistrellus,0.02,0.024,-1,Echolocation,/mnt/ubna_data_01_mir/recover-20220825/UBNA_002/20220823_033000.WAV,Telephone Field,recover-20220825,002,1795
228.4955,228.5054,24609,31305,Eptesicus serotinus,0.008,0.023,-1,Echolocation,/mnt/ubna_data_01_mir/recover-20220825/UBNA_002/20220823_033000.WAV,Telephone Field,recover-20220825,002,1795
228.5065,228.5183,23750,29507,Nyctalus leisleri,0.015,0.032,-1,Echolocation,/mnt/ubna_data_01_mir/recover-20220825/UBNA_002/20220823_033000.WAV,Telephone Field,recover-20220825,002,1795
228.5445,228.585,68437,82621,Rhinolophus ferrumequinum,0.023,0.023,-1,Echolocation,/mnt/ubna_data_01_mir/recover-20220825/UBNA_002/20220823_033000.WAV,Telephone Field,recover-20220825,002,1795
228.5755,228.61599999999999,68437,82338,Rhinolophus ferrumequinum,0.026,0.026,-1,Echolocation,/mnt/ubna_data_01_mir/recover-20220825/UBNA_002/20220823_033000.WAV,Telephone Field,recover-20220825,002,1795
228.5975,228.60750000000002,22031,28179,Plecotus austriacus,0.01,0.028,-1,Echolocation,/mnt/ubna_data_01_mir/recover-20220825/UBNA_002/20220823_033000.WAV,Telephone Field,recover-20220825,002,1795
228.6005,228.6105,44375,50105,Pipistrellus pipistrellus,0.019,0.023,-1,Echolocation,/mnt/ubna_data_01_mir/recover-20220825/UBNA_002/20220823_033000.WAV,Telephone Field,recover-20220825,002,1795
228.6375,228.645,28046,38267,Eptesicus serotinus,0.006,0.022,-1,Echolocation,/mnt/ubna_data_01_mir/recover-20220825/UBNA_002/20220823_033000.WAV,Telephone Field,recover-20220825,002,1795
228.6375,228.6773,68437,81458,Rhinolophus ferrumequinum,0.023,0.023,-1,Echolocation,/mnt/ubna_data_01_mir/recover-20220825/UBNA_002/20220823_033000.WAV,Telephone Field,recover-20220825,002,1795
228.6505,228.693,68437,82905,Rhinolophus ferrumequinum,0.023,0.023,-1,Echolocation,/mnt/ubna_data_01_mir/recover-20220825/UBNA_002/20220823_033000.WAV,Telephone Field,recover-20220825,002,1795
228.6705,228.6808,28046,36804,Eptesicus serotinus,0.018,0.034,-1,Echolocation,/mnt/ubna_data_01_mir/recover-20220825/UBNA_002/20220823_033000.WAV,Telephone Field,recover-20220825,002,1795
228.6885,228.7274,68437,82026,Rhinolophus ferrumequinum,0.024,0.024,-1,Echolocation,/mnt/ubna_data_01_mir/recover-20220825/UBNA_002/20220823_033000.WAV,Telephone Field,recover-20220825,002,1795
228.7015,228.7404,68437,82424,Rhinolophus ferrumequinum,0.022,0.023,-1,Echolocation,/mnt/ubna_data_01_mir/recover-20220825/UBNA_002/20220823_033000.WAV,Telephone Field,recover-20220825,002,1795
228.7065,228.7419,68437,82482,Rhinolophus ferrumequinum,0.023,0.023,-1,Echolocation,/mnt/ubna_data_01_mir/recover-20220825/UBNA_002/20220823_033000.WAV,Telephone Field,recover-20220825,002,1795
228.7165,228.7246,25468,34248,Eptesicus serotinus,0.008,0.027,-1,Echolocation,/mnt/ubna_data_01_mir/recover-20220825/UBNA_002/20220823_033000.WAV,Telephone Field,recover-20220825,002,1795
228.7345,228.7745,68437,82248,Rhinolophus ferrumequinum,0.024,0.024,-1,Echolocation,/mnt/ubna_data_01_mir/recover-20220825/UBNA_002/20220823_033000.WAV,Telephone Field,recover-20220825,002,1795
228.7385,228.7483,40937,48271,Pipistrellus nathusii,0.009,0.023,-1,Echolocation,/mnt/ubna_data_01_mir/recover-20220825/UBNA_002/20220823_033000.WAV,Telephone Field,recover-20220825,002,1795
228.7595,228.802,68437,82228,Rhinolophus ferrumequinum,0.032,0.032,-1,Echolocation,/mnt/ubna_data_01_mir/recover-20220825/UBNA_002/20220823_033000.WAV,Telephone Field,recover-20220825,002,1795
228.7715,228.7792,23750,32291,Plecotus austriacus,0.009,0.023,-1,Echolocation,/mnt/ubna_data_01_mir/recover-20220825/UBNA_002/20220823_033000.WAV,Telephone Field,recover-20220825,002,1795
228.8165,228.8279,23750,29600,Nyctalus leisleri,0.012,0.027,-1,Echolocation,/mnt/ubna_data_01_mir/recover-20220825/UBNA_002/20220823_033000.WAV,Telephone Field,recover-20220825,002,1795
228.8315,228.8707,68437,82281,Rhinolophus ferrumequinum,0.022,0.022,-1,Echolocation,/mnt/ubna_data_01_mir/recover-20220825/UBNA_002/20220823_033000.WAV,Telephone Field,recover-20220825,002,1795
228.8395,228.847,27187,39777,Eptesicus serotinus,0.006,0.023,-1,Echolocation,/mnt/ubna_data_01_mir/recover-20220825/UBNA_002/20220823_033000.WAV,Telephone Field,recover-20220825,002,1795
228.8805,228.8881,24609,33300,Plecotus austriacus,0.007,0.022,-1,Echolocation,/mnt/ubna_data_01_mir/recover-20220825/UBNA_002/20220823_033000.WAV,Telephone Field,recover-20220825,002,1795
228.89249999999998,228.8997,28046,37565,Eptesicus serotinus,0.007,0.023,-1,Echolocation,/mnt/ubna_data_01_mir/recover-20220825/UBNA_002/20220823_033000.WAV,Telephone Field,recover-20220825,002,1795
228.9025,228.9389,68437,81625,Rhinolophus ferrumequinum,0.022,0.022,-1,Echolocation,/mnt/ubna_data_01_mir/recover-20220825/UBNA_002/20220823_033000.WAV,Telephone Field,recover-20220825,002,1795
228.9555,228.9698,22890,27590,Nyctalus leisleri,0.014,0.027,-1,Echolocation,/mnt/ubna_data_01_mir/recover-20220825/UBNA_002/20220823_033000.WAV,Telephone Field,recover-20220825,002,1795
228.9655,229.00639999999999,68437,82665,Rhinolophus ferrumequinum,0.033,0.033,-1,Echolocation,/mnt/ubna_data_01_mir/recover-20220825/UBNA_002/20220823_033000.WAV,Telephone Field,recover-20220825,002,1795
228.9865,229.001,14296,19352,Nyctalus noctula,0.017,0.025,-1,Echolocation,/mnt/ubna_data_01_mir/recover-20220825/UBNA_002/20220823_033000.WAV,Telephone Field,recover-20220825,002,1795
229.0015,229.0412,68437,82635,Rhinolophus ferrumequinum,0.024,0.024,-1,Echolocation,/mnt/ubna_data_01_mir/recover-20220825/UBNA_002/20220823_033000.WAV,Telephone Field,recover-20220825,002,1795
229.0015,229.0101,28046,39987,Eptesicus serotinus,0.009,0.025,-1,Echolocation,/mnt/ubna_data_01_mir/recover-20220825/UBNA_002/20220823_033000.WAV,Telephone Field,recover-20220825,002,1795
229.0385,229.0777,68437,82158,Rhinolophus ferrumequinum,0.025,0.025,-1,Echolocation,/mnt/ubna_data_01_mir/recover-20220825/UBNA_002/20220823_033000.WAV,Telephone Field,recover-20220825,002,1795
229.0565,229.0992,68437,83255,Rhinolophus ferrumequinum,0.039,0.039,-1,Echolocation,/mnt/ubna_data_01_mir/recover-20220825/UBNA_002/20220823_033000.WAV,Telephone Field,recover-20220825,002,1795
229.1145,229.1572,68437,83384,Rhinolophus ferrumequinum,0.031,0.031,-1,Echolocation,/mnt/ubna_data_01_mir/recover-20220825/UBNA_002/20220823_033000.WAV,Telephone Field,recover-20220825,002,1795
229.17849999999999,229.1873,22890,30017,Plecotus austriacus,0.01,0.024,-1,Echolocation,/mnt/ubna_data_01_mir/recover-20220825/UBNA_002/20220823_033000.WAV,Telephone Field,recover-20220825,002,1795
229.2225,229.26330000000002,68437,82763,Rhinolophus ferrumequinum,0.026,0.026,-1,Echolocation,/mnt/ubna_data_01_mir/recover-20220825/UBNA_002/20220823_033000.WAV,Telephone Field,recover-20220825,002,1795
229.2735,229.3078,68437,79571,Rhinolophus ferrumequinum,0.034,0.034,-1,Echolocation,/mnt/ubna_data_01_mir/recover-20220825/UBNA_002/20220823_033000.WAV,Telephone Field,recover-20220825,002,1795
229.2985,229.3092,22031,26767,Nyctalus leisleri,0.011,0.023,-1,Echolocation,/mnt/ubna_data_01_mir/recover-20220825/UBNA_002/20220823_033000.WAV,Telephone Field,recover-20220825,002,1795
229.3065,229.3272,19453,21920,Nyctalus leisleri,0.015,0.028,-1,Echolocation,/mnt/ubna_data_01_mir/recover-20220825/UBNA_002/20220823_033000.WAV,Telephone Field,recover-20220825,002,1795
229.3065,229.3495,68437,82877,Rhinolophus ferrumequinum,0.038,0.038,-1,Echolocation,/mnt/ubna_data_01_mir/recover-20220825/UBNA_002/20220823_033000.WAV,Telephone Field,recover-20220825,002,1795
229.3305,229.3404,42656,47337,Pipistrellus pipistrellus,0.04,0.05,-1,Echolocation,/mnt/ubna_data_01_mir/recover-20220825/UBNA_002/20220823_033000.WAV,Telephone Field,recover-20220825,002,1795
229.3555,229.397,68437,82463,Rhinolophus ferrumequinum,0.029,0.029,-1,Echolocation,/mnt/ubna_data_01_mir/recover-20220825/UBNA_002/20220823_033000.WAV,Telephone Field,recover-20220825,002,1795
229.3715,229.4084,68437,81453,Rhinolophus ferrumequinum,0.023,0.023,-1,Echolocation,/mnt/ubna_data_01_mir/recover-20220825/UBNA_002/20220823_033000.WAV,Telephone Field,recover-20220825,002,1795
229.3985,229.41570000000002,21171,24113,Nyctalus leisleri,0.018,0.03,-1,Echolocation,/mnt/ubna_data_01_mir/recover-20220825/UBNA_002/20220823_033000.WAV,Telephone Field,recover-20220825,002,1795
229.3995,229.4367,68437,81701,Rhinolophus ferrumequinum,0.022,0.022,-1,Echolocation,/mnt/ubna_data_01_mir/recover-20220825/UBNA_002/20220823_033000.WAV,Telephone Field,recover-20220825,002,1795
229.42849999999999,229.4392,23750,29551,Nyctalus leisleri,0.01,0.025,-1,Echolocation,/mnt/ubna_data_01_mir/recover-20220825/UBNA_002/20220823_033000.WAV,Telephone Field,recover-20220825,002,1795
229.4345,229.4769,68437,82376,Rhinolophus ferrumequinum,0.025,0.025,-1,Echolocation,/mnt/ubna_data_01_mir/recover-20220825/UBNA_002/20220823_033000.WAV,Telephone Field,recover-20220825,002,1795
229.4355,229.444,28906,37034,Eptesicus serotinus,0.008,0.022,-1,Echolocation,/mnt/ubna_data_01_mir/recover-20220825/UBNA_002/20220823_033000.WAV,Telephone Field,recover-20220825,002,1795
229.4865,229.52870000000001,68437,82486,Rhinolophus ferrumequinum,0.04,0.04,-1,Echolocation,/mnt/ubna_data_01_mir/recover-20220825/UBNA_002/20220823_033000.WAV,Telephone Field,recover-20220825,002,1795
229.5115,229.523,22890,27747,Nyctalus leisleri,0.015,0.027,-1,Echolocation,/mnt/ubna_data_01_mir/recover-20220825/UBNA_002/20220823_033000.WAV,Telephone Field,recover-20220825,002,1795
229.5245,229.5329,28046,37357,Eptesicus serotinus,0.007,0.022,-1,Echolocation,/mnt/ubna_data_01_mir/recover-20220825/UBNA_002/20220823_033000.WAV,Telephone Field,recover-20220825,002,1795
229.5245,229.5348,22031,26507,Nyctalus leisleri,0.011,0.022,-1,Echolocation,/mnt/ubna_data_01_mir/recover-20220825/UBNA_002/20220823_033000.WAV,Telephone Field,recover-20220825,002,1795
229.5435,229.5545,28906,36036,Eptesicus serotinus,0.012,0.025,-1,Echolocation,/mnt/ubna_data_01_mir/recover-20220825/UBNA_002/20220823_033000.WAV,Telephone Field,recover-20220825,002,1795
229.5465,229.5875,68437,82580,Rhinolophus ferrumequinum,0.029,0.029,-1,Echolocation,/mnt/ubna_data_01_mir/recover-20220825/UBNA_002/20220823_033000.WAV,Telephone Field,recover-20220825,002,1795
229.5545,229.5629,27187,37729,Eptesicus serotinus,0.008,0.023,-1,Echolocation,/mnt/ubna_data_01_mir/recover-20220825/UBNA_002/20220823_033000.WAV,Telephone Field,recover-20220825,002,1795
229.5705,229.6059,68437,81709,Rhinolophus ferrumequinum,0.023,0.023,-1,Echolocation,/mnt/ubna_data_01_mir/recover-20220825/UBNA_002/20220823_033000.WAV,Telephone Field,recover-20220825,002,1795
229.58350000000002,229.5945,23750,29399,Nyctalus leisleri,0.016,0.034,-1,Echolocation,/mnt/ubna_data_01_mir/recover-20220825/UBNA_002/20220823_033000.WAV,Telephone Field,recover-20220825,002,1795
229.6235,229.6618,68437,81635,Rhinolophus ferrumequinum,0.023,0.023,-1,Echolocation,/mnt/ubna_data_01_mir/recover-20220825/UBNA_002/20220823_033000.WAV,Telephone Field,recover-20220825,002,1795
229.6305,229.6666,68437,82129,Rhinolophus ferrumequinum,0.024,0.024,-1,Echolocation,/mnt/ubna_data_01_mir/recover-20220825/UBNA_002/20220823_033000.WAV,Telephone Field,recover-20220825,002,1795
229.6395,229.6467,28046,37587,Eptesicus serotinus,0.006,0.023,-1,Echolocation,/mnt/ubna_data_01_mir/recover-20220825/UBNA_002/20220823_033000.WAV,Telephone Field,recover-20220825,002,1795
229.6655,229.7065,68437,82354,Rhinolophus ferrumequinum,0.027,0.027,-1,Echolocation,/mnt/ubna_data_01_mir/recover-20220825/UBNA_002/20220823_033000.WAV,Telephone Field,recover-20220825,002,1795
229.6945,229.7055,22031,26467,Nyctalus leisleri,0.011,0.023,-1,Echolocation,/mnt/ubna_data_01_mir/recover-20220825/UBNA_002/20220823_033000.WAV,Telephone Field,recover-20220825,002,1795
229.69650000000001,229.7386,68437,83029,Rhinolophus ferrumequinum,0.037,0.037,-1,Echolocation,/mnt/ubna_data_01_mir/recover-20220825/UBNA_002/20220823_033000.WAV,Telephone Field,recover-20220825,002,1795
229.7135,229.7208,28046,38568,Eptesicus serotinus,0.009,0.026,-1,Echolocation,/mnt/ubna_data_01_mir/recover-20220825/UBNA_002/20220823_033000.WAV,Telephone Field,recover-20220825,002,1795
229.73250000000002,229.7415,46953,51297,Pipistrellus pipistrellus,0.024,0.026,-1,Echolocation,/mnt/ubna_data_01_mir/recover-20220825/UBNA_002/20220823_033000.WAV,Telephone Field,recover-20220825,002,1795
229.7515,229.7601,28906,37164,Eptesicus serotinus,0.008,0.024,-1,Echolocation,/mnt/ubna_data_01_mir/recover-20220825/UBNA_002/20220823_033000.WAV,Telephone Field,recover-20220825,002,1795
229.7715,229.8132,68437,82605,Rhinolophus ferrumequinum,0.039,0.039,-1,Echolocation,/mnt/ubna_data_01_mir/recover-20220825/UBNA_002/20220823_033000.WAV,Telephone Field,recover-20220825,002,1795
229.8205,229.8604,68437,82058,Rhinolophus ferrumequinum,0.029,0.029,-1,Echolocation,/mnt/ubna_data_01_mir/recover-20220825/UBNA_002/20220823_033000.WAV,Telephone Field,recover-20220825,002,1795
229.8475,229.8874,68437,82346,Rhinolophus ferrumequinum,0.024,0.024,-1,Echolocation,/mnt/ubna_data_01_mir/recover-20220825/UBNA_002/20220823_033000.WAV,Telephone Field,recover-20220825,002,1795
229.8695,229.87630000000001,55546,60620,Pipistrellus pygmaeus,0.022,0.023,-1,Echolocation,/mnt/ubna_data_01_mir/recover-20220825/UBNA_002/20220823_033000.WAV,Telephone Field,recover-20220825,002,1795
229.8955,229.9343,68437,82187,Rhinolophus ferrumequinum,0.024,0.024,-1,Echolocation,/mnt/ubna_data_01_mir/recover-20220825/UBNA_002/20220823_033000.WAV,Telephone Field,recover-20220825,002,1795
229.9035,229.9438,68437,82101,Rhinolophus ferrumequinum,0.022,0.022,-1,Echolocation,/mnt/ubna_data_01_mir/recover-20220825/UBNA_002/20220823_033000.WAV,Telephone Field,recover-20220825,002,1795
229.9065,229.9149,27187,36852,Eptesicus serotinus,0.007,0.022,-1,Echolocation,/mnt/ubna_data_01_mir/recover-20220825/UBNA_002/20220823_033000.WAV,Telephone Field,recover-20220825,002,1795
229.9445,229.9772,68437,81103,Rhinolophus ferrumequinum,0.022,0.022,-1,Echolocation,/mnt/ubna_data_01_mir/recover-20220825/UBNA_002/20220823_033000.WAV,Telephone Field,recover-20220825,002,1795
229.9625,229.971,28906,37677,Eptesicus serotinus,0.009,0.024,-1,Echolocation,/mnt/ubna_data_01_mir/recover-20220825/UBNA_002/20220823_033000.WAV,Telephone Field,recover-20220825,002,1795
230.0015,230.0108,46953,53542,Pipistrellus pipistrellus,0.022,0.027,-1,Echolocation,/mnt/ubna_data_01_mir/recover-20220825/UBNA_002/20220823_033000.WAV,Telephone Field,recover-20220825,002,1795
230.0015,230.0089,23750,32796,Nyctalus leisleri,0.007,0.029,-1,Echolocation,/mnt/ubna_data_01_mir/recover-20220825/UBNA_002/20220823_033000.WAV,Telephone Field,recover-20220825,002,1795
230.0015,230.0332,68437,80176,Rhinolophus ferrumequinum,0.039,0.039,-1,Echolocation,/mnt/ubna_data_01_mir/recover-20220825/UBNA_002/20220823_033000.WAV,Telephone Field,recover-20220825,002,1795
230.0475,230.0577,24609,32967,Nyctalus leisleri,0.01,0.03,-1,Echolocation,/mnt/ubna_data_01_mir/recover-20220825/UBNA_002/20220823_033000.WAV,Telephone Field,recover-20220825,002,1795
230.1115,230.15,68437,82544,Rhinolophus ferrumequinum,0.024,0.024,-1,Echolocation,/mnt/ubna_data_01_mir/recover-20220825/UBNA_002/20220823_033000.WAV,Telephone Field,recover-20220825,002,1795
230.1165,230.155,68437,82679,Rhinolophus ferrumequinum,0.024,0.024,-1,Echolocation,/mnt/ubna_data_01_mir/recover-20220825/UBNA_002/20220823_033000.WAV,Telephone Field,recover-20220825,002,1795
230.1275,230.1686,68437,83187,Rhinolophus ferrumequinum,0.025,0.025,-1,Echolocation,/mnt/ubna_data_01_mir/recover-20220825/UBNA_002/20220823_033000.WAV,Telephone Field,recover-20220825,002,1795
230.1625,230.1726,25468,32394,Eptesicus serotinus,0.01,0.028,-1,Echolocation,/mnt/ubna_data_01_mir/recover-20220825/UBNA_002/20220823_033000.WAV,Telephone Field,recover-20220825,002,1795
230.1745,230.186,26328,32909,Eptesicus serotinus,0.012,0.024,-1,Echolocation,/mnt/ubna_data_01_mir/recover-20220825/UBNA_002/20220823_033000.WAV,Telephone Field,recover-20220825,002,1795
230.2065,230.2467,68437,82112,Rhinolophus ferrumequinum,0.023,0.023,-1,Echolocation,/mnt/ubna_data_01_mir/recover-20220825/UBNA_002/20220823_033000.WAV,Telephone Field,recover-20220825,002,1795
230.2105,230.2266,21171,24478,Nyctalus leisleri,0.015,0.024,-1,Echolocation,/mnt/ubna_data_01_mir/recover-20220825/UBNA_002/20220823_033000.WAV,Telephone Field,recover-20220825,002,1795
230.2735,230.3096,68437,82037,Rhinolophus ferrumequinum,0.023,0.024,-1,Echolocation,/mnt/ubna_data_01_mir/recover-20220825/UBNA_002/20220823_033000.WAV,Telephone Field,recover-20220825,002,1795
230.2945,230.3348,68437,82746,Rhinolophus ferrumequinum,0.032,0.032,-1,Echolocation,/mnt/ubna_data_01_mir/recover-20220825/UBNA_002/20220823_033000.WAV,Telephone Field,recover-20220825,002,1795
230.2995,230.3072,28906,38447,Eptesicus serotinus,0.007,0.022,-1,Echolocation,/mnt/ubna_data_01_mir/recover-20220825/UBNA_002/20220823_033000.WAV,Telephone Field,recover-20220825,002,1795
230.2995,230.3081,23750,31295,Plecotus austriacus,0.008,0.023,-1,Echolocation,/mnt/ubna_data_01_mir/recover-20220825/UBNA_002/20220823_033000.WAV,Telephone Field,recover-20220825,002,1795
230.3105,230.3458,68437,81731,Rhinolophus ferrumequinum,0.021,0.021,-1,Echolocation,/mnt/ubna_data_01_mir/recover-20220825/UBNA_002/20220823_033000.WAV,Telephone Field,recover-20220825,002,1795
230.3225,230.3334,28906,36337,Eptesicus serotinus,0.01,0.022,-1,Echolocation,/mnt/ubna_data_01_mir/recover-20220825/UBNA_002/20220823_033000.WAV,Telephone Field,recover-20220825,002,1795
230.3875,230.39600000000002,28906,40267,Eptesicus serotinus,0.008,0.022,-1,Echolocation,/mnt/ubna_data_01_mir/recover-20220825/UBNA_002/20220823_033000.WAV,Telephone Field,recover-20220825,002,1795
230.4395,230.4501,22031,26582,Nyctalus leisleri,0.011,0.023,-1,Echolocation,/mnt/ubna_data_01_mir/recover-20220825/UBNA_002/20220823_033000.WAV,Telephone Field,recover-20220825,002,1795
230.4665,230.4777,22890,28023,Nyctalus leisleri,0.012,0.023,-1,Echolocation,/mnt/ubna_data_01_mir/recover-20220825/UBNA_002/20220823_033000.WAV,Telephone Field,recover-20220825,002,1795
230.5075,230.5173,22031,27448,Nyctalus leisleri,0.009,0.022,-1,Echolocation,/mnt/ubna_data_01_mir/recover-20220825/UBNA_002/20220823_033000.WAV,Telephone Field,recover-20220825,002,1795
230.5395,230.5505,28046,36182,Eptesicus serotinus,0.012,0.026,-1,Echolocation,/mnt/ubna_data_01_mir/recover-20220825/UBNA_002/20220823_033000.WAV,Telephone Field,recover-20220825,002,1795
230.5555,230.5662,24609,31097,Nyctalus leisleri,0.018,0.049,-1,Echolocation,/mnt/ubna_data_01_mir/recover-20220825/UBNA_002/20220823_033000.WAV,Telephone Field,recover-20220825,002,1795
230.5575,230.5977,68437,82395,Rhinolophus ferrumequinum,0.031,0.031,-1,Echolocation,/mnt/ubna_data_01_mir/recover-20220825/UBNA_002/20220823_033000.WAV,Telephone Field,recover-20220825,002,1795
230.5785,230.6201,68437,82611,Rhinolophus ferrumequinum,0.021,0.022,-1,Echolocation,/mnt/ubna_data_01_mir/recover-20220825/UBNA_002/20220823_033000.WAV,Telephone Field,recover-20220825,002,1795
230.6095,230.6462,68437,81551,Rhinolophus ferrumequinum,0.021,0.021,-1,Echolocation,/mnt/ubna_data_01_mir/recover-20220825/UBNA_002/20220823_033000.WAV,Telephone Field,recover-20220825,002,1795
230.6205,230.6575,68437,81845,Rhinolophus ferrumequinum,0.022,0.022,-1,Echolocation,/mnt/ubna_data_01_mir/recover-20220825/UBNA_002/20220823_033000.WAV,Telephone Field,recover-20220825,002,1795
230.6475,230.6566,28046,38964,Eptesicus serotinus,0.008,0.021,-1,Echolocation,/mnt/ubna_data_01_mir/recover-20220825/UBNA_002/20220823_033000.WAV,Telephone Field,recover-20220825,002,1795
230.6685,230.7084,68437,82797,Rhinolophus ferrumequinum,0.023,0.023,-1,Echolocation,/mnt/ubna_data_01_mir/recover-20220825/UBNA_002/20220823_033000.WAV,Telephone Field,recover-20220825,002,1795
230.7555,230.7927,68437,81808,Rhinolophus ferrumequinum,0.022,0.022,-1,Echolocation,/mnt/ubna_data_01_mir/recover-20220825/UBNA_002/20220823_033000.WAV,Telephone Field,recover-20220825,002,1795
230.7905,230.8039,23750,29331,Nyctalus leisleri,0.015,0.028,-1,Echolocation,/mnt/ubna_data_01_mir/recover-20220825/UBNA_002/20220823_033000.WAV,Telephone Field,recover-20220825,002,1795
230.7975,230.8111,40937,44252,Pipistrellus pipistrellus,0.019,0.027,-1,Echolocation,/mnt/ubna_data_01_mir/recover-20220825/UBNA_002/20220823_033000.WAV,Telephone Field,recover-20220825,002,1795
230.8235,230.8326,24609,32674,Nyctalus leisleri,0.007,0.026,-1,Echolocation,/mnt/ubna_data_01_mir/recover-20220825/UBNA_002/20220823_033000.WAV,Telephone Field,recover-20220825,002,1795
230.8365,230.8769,68437,82810,Rhinolophus ferrumequinum,0.023,0.023,-1,Echolocation,/mnt/ubna_data_01_mir/recover-20220825/UBNA_002/20220823_033000.WAV,Telephone Field,recover-20220825,002,1795
230.8615,230.9019,68437,81933,Rhinolophus ferrumequinum,0.021,0.021,-1,Echolocation,/mnt/ubna_data_01_mir/recover-20220825/UBNA_002/20220823_033000.WAV,Telephone Field,recover-20220825,002,1795
230.8735,230.8828,27187,37530,Eptesicus serotinus,0.008,0.021,-1,Echolocation,/mnt/ubna_data_01_mir/recover-20220825/UBNA_002/20220823_033000.WAV,Telephone Field,recover-20220825,002,1795
230.8965,230.9054,44375,49750,Pipistrellus pipistrellus,0.02,0.024,-1,Echolocation,/mnt/ubna_data_01_mir/recover-20220825/UBNA_002/20220823_033000.WAV,Telephone Field,recover-20220825,002,1795
230.94650000000001,230.9543,25468,34072,Eptesicus serotinus,0.007,0.021,-1,Echolocation,/mnt/ubna_data_01_mir/recover-20220825/UBNA_002/20220823_033000.WAV,Telephone Field,recover-20220825,002,1795
230.9635,230.9997,68437,81601,Rhinolophus ferrumequinum,0.021,0.021,-1,Echolocation,/mnt/ubna_data_01_mir/recover-20220825/UBNA_002/20220823_033000.WAV,Telephone Field,recover-20220825,002,1795
231.0105,231.0207,28046,36356,Eptesicus serotinus,0.009,0.022,-1,Echolocation,/mnt/ubna_data_01_mir/recover-20220825/UBNA_002/20220823_033000.WAV,Telephone Field,recover-20220825,002,1795
231.0115,231.0509,68437,82323,Rhinolophus ferrumequinum,0.027,0.027,-1,Echolocation,/mnt/ubna_data_01_mir/recover-20220825/UBNA_002/20220823_033000.WAV,Telephone Field,recover-20220825,002,1795
231.0515,231.0896,68437,82088,Rhinolophus ferrumequinum,0.029,0.029,-1,Echolocation,/mnt/ubna_data_01_mir/recover-20220825/UBNA_002/20220823_033000.WAV,Telephone Field,recover-20220825,002,1795
231.0755,231.1124,68437,81641,Rhinolophus ferrumequinum,0.022,0.022,-1,Echolocation,/mnt/ubna_data_01_mir/recover-20220825/UBNA_002/20220823_033000.WAV,Telephone Field,recover-20220825,002,1795
231.0815,231.0918,25468,33213,Eptesicus serotinus,0.01,0.022,-1,Echolocation,/mnt/ubna_data_01_mir/recover-20220825/UBNA_002/20220823_033000.WAV,Telephone Field,recover-20220825,002,1795
231.1215,231.1329,48671,53149,Pipistrellus pipistrellus,0.017,0.021,-1,Echolocation,/mnt/ubna_data_01_mir/recover-20220825/UBNA_002/20220823_033000.WAV,Telephone Field,recover-20220825,002,1795
231.1335,231.1414,24609,33486,Plecotus austriacus,0.008,0.024,-1,Echolocation,/mnt/ubna_data_01_mir/recover-20220825/UBNA_002/20220823_033000.WAV,Telephone Field,recover-20220825,002,1795
231.1435,231.184,68437,82641,Rhinolophus ferrumequinum,0.024,0.024,-1,Echolocation,/mnt/ubna_data_01_mir/recover-20220825/UBNA_002/20220823_033000.WAV,Telephone Field,recover-20220825,002,1795
231.1775,231.1868,28046,38984,Eptesicus serotinus,0.008,0.021,-1,Echolocation,/mnt/ubna_data_01_mir/recover-20220825/UBNA_002/20220823_033000.WAV,Telephone Field,recover-20220825,002,1795
231.1935,231.2335,68437,82501,Rhinolophus ferrumequinum,0.022,0.022,-1,Echolocation,/mnt/ubna_data_01_mir/recover-20220825/UBNA_002/20220823_033000.WAV,Telephone Field,recover-20220825,002,1795
231.2245,231.2405,41796,44960,Pipistrellus pipistrellus,0.065,0.078,-1,Echolocation,/mnt/ubna_data_01_mir/recover-20220825/UBNA_002/20220823_033000.WAV,Telephone Field,recover-20220825,002,1795
231.2815,231.2912,22031,27543,Nyctalus leisleri,0.008,0.021,-1,Echolocation,/mnt/ubna_data_01_mir/recover-20220825/UBNA_002/20220823_033000.WAV,Telephone Field,recover-20220825,002,1795
231.2875,231.3275,68437,82159,Rhinolophus ferrumequinum,0.022,0.022,-1,Echolocation,/mnt/ubna_data_01_mir/recover-20220825/UBNA_002/20220823_033000.WAV,Telephone Field,recover-20220825,002,1795
231.2905,231.3006,22031,26965,Nyctalus leisleri,0.01,0.022,-1,Echolocation,/mnt/ubna_data_01_mir/recover-20220825/UBNA_002/20220823_033000.WAV,Telephone Field,recover-20220825,002,1795
231.3105,231.3469,68437,81630,Rhinolophus ferrumequinum,0.021,0.021,-1,Echolocation,/mnt/ubna_data_01_mir/recover-20220825/UBNA_002/20220823_033000.WAV,Telephone Field,recover-20220825,002,1795
231.3555,231.365,28046,36431,Eptesicus serotinus,0.01,0.022,-1,Echolocation,/mnt/ubna_data_01_mir/recover-20220825/UBNA_002/20220823_033000.WAV,Telephone Field,recover-20220825,002,1795
231.3605,231.3999,68437,82379,Rhinolophus ferrumequinum,0.025,0.025,-1,Echolocation,/mnt/ubna_data_01_mir/recover-20220825/UBNA_002/20220823_033000.WAV,Telephone Field,recover-20220825,002,1795
231.3685,231.4081,68437,82144,Rhinolophus ferrumequinum,0.024,0.024,-1,Echolocation,/mnt/ubna_data_01_mir/recover-20220825/UBNA_002/20220823_033000.WAV,Telephone Field,recover-20220825,002,1795
231.3785,231.3969,18593,21603,Nyctalus noctula,0.012,0.024,-1,Echolocation,/mnt/ubna_data_01_mir/recover-20220825/UBNA_002/20220823_033000.WAV,Telephone Field,recover-20220825,002,1795
231.3905,231.427,68437,81979,Rhinolophus ferrumequinum,0.021,0.021,-1,Echolocation,/mnt/ubna_data_01_mir/recover-20220825/UBNA_002/20220823_033000.WAV,Telephone Field,recover-20220825,002,1795
231.3995,231.4103,26328,33445,Eptesicus serotinus,0.012,0.028,-1,Echolocation,/mnt/ubna_data_01_mir/recover-20220825/UBNA_002/20220823_033000.WAV,Telephone Field,recover-20220825,002,1795
231.4345,231.4442,24609,31787,Nyctalus leisleri,0.007,0.022,-1,Echolocation,/mnt/ubna_data_01_mir/recover-20220825/UBNA_002/20220823_033000.WAV,Telephone Field,recover-20220825,002,1795
231.4615,231.50130000000001,68437,81673,Rhinolophus ferrumequinum,0.022,0.022,-1,Echolocation,/mnt/ubna_data_01_mir/recover-20220825/UBNA_002/20220823_033000.WAV,Telephone Field,recover-20220825,002,1795
231.4795,231.4877,28906,40321,Eptesicus serotinus,0.008,0.022,-1,Echolocation,/mnt/ubna_data_01_mir/recover-20220825/UBNA_002/20220823_033000.WAV,Telephone Field,recover-20220825,002,1795
231.4865,231.5255,68437,82507,Rhinolophus ferrumequinum,0.021,0.021,-1,Echolocation,/mnt/ubna_data_01_mir/recover-20220825/UBNA_002/20220823_033000.WAV,Telephone Field,recover-20220825,002,1795
231.5215,231.5593,68437,81989,Rhinolophus ferrumequinum,0.023,0.023,-1,Echolocation,/mnt/ubna_data_01_mir/recover-20220825/UBNA_002/20220823_033000.WAV,Telephone Field,recover-20220825,002,1795
231.54149999999998,231.5823,68437,82554,Rhinolophus ferrumequinum,0.022,0.022,-1,Echolocation,/mnt/ubna_data_01_mir/recover-20220825/UBNA_002/20220823_033000.WAV,Telephone Field,recover-20220825,002,1795
231.5635,231.6057,68437,82917,Rhinolophus ferrumequinum,0.027,0.027,-1,Echolocation,/mnt/ubna_data_01_mir/recover-20220825/UBNA_002/20220823_033000.WAV,Telephone Field,recover-20220825,002,1795
231.59550000000002,231.6406,68437,83599,Rhinolophus ferrumequinum,0.045,0.046,-1,Echolocation,/mnt/ubna_data_01_mir/recover-20220825/UBNA_002/20220823_033000.WAV,Telephone Field,recover-20220825,002,1795
231.6055,231.6135,25468,33980,Eptesicus serotinus,0.006,0.021,-1,Echolocation,/mnt/ubna_data_01_mir/recover-20220825/UBNA_002/20220823_033000.WAV,Telephone Field,recover-20220825,002,1795
231.6285,231.6676,68437,82593,Rhinolophus ferrumequinum,0.024,0.024,-1,Echolocation,/mnt/ubna_data_01_mir/recover-20220825/UBNA_002/20220823_033000.WAV,Telephone Field,recover-20220825,002,1795
231.6635,231.7056,68437,82701,Rhinolophus ferrumequinum,0.027,0.027,-1,Echolocation,/mnt/ubna_data_01_mir/recover-20220825/UBNA_002/20220823_033000.WAV,Telephone Field,recover-20220825,002,1795
231.6725,231.7129,68437,82459,Rhinolophus ferrumequinum,0.022,0.022,-1,Echolocation,/mnt/ubna_data_01_mir/recover-20220825/UBNA_002/20220823_033000.WAV,Telephone Field,recover-20220825,002,1795
231.7115,231.7529,68437,82387,Rhinolophus ferrumequinum,0.026,0.026,-1,Echolocation,/mnt/ubna_data_01_mir/recover-20220825/UBNA_002/20220823_033000.WAV,Telephone Field,recover-20220825,002,1795
231.7685,231.7765,28906,40940,Eptesicus serotinus,0.008,0.024,-1,Echolocation,/mnt/ubna_data_01_mir/recover-20220825/UBNA_002/20220823_033000.WAV,Telephone Field,recover-20220825,002,1795
231.79149999999998,231.8273,68437,81758,Rhinolophus ferrumequinum,0.024,0.024,-1,Echolocation,/mnt/ubna_data_01_mir/recover-20220825/UBNA_002/20220823_033000.WAV,Telephone Field,recover-20220825,002,1795
231.8325,231.8666,68437,81235,Rhinolophus ferrumequinum,0.023,0.024,-1,Echolocation,/mnt/ubna_data_01_mir/recover-20220825/UBNA_002/20220823_033000.WAV,Telephone Field,recover-20220825,002,1795
231.8785,231.8855,28906,39549,Eptesicus serotinus,0.006,0.024,-1,Echolocation,/mnt/ubna_data_01_mir/recover-20220825/UBNA_002/20220823_033000.WAV,Telephone Field,recover-20220825,002,1795
231.9345,231.9716,68437,82220,Rhinolophus ferrumequinum,0.023,0.023,-1,Echolocation,/mnt/ubna_data_01_mir/recover-20220825/UBNA_002/20220823_033000.WAV,Telephone Field,recover-20220825,002,1795
231.9795,231.9871,22890,31396,Plecotus austriacus,0.014,0.029,-1,Echolocation,/mnt/ubna_data_01_mir/recover-20220825/UBNA_002/20220823_033000.WAV,Telephone Field,recover-20220825,002,1795
232.0015,232.0096,26328,34706,Eptesicus serotinus,0.009,0.035,-1,Echolocation,/mnt/ubna_data_01_mir/recover-20220825/UBNA_002/20220823_033000.WAV,Telephone Field,recover-20220825,002,1795
232.0015,232.0343,69296,81432,Rhinolophus ferrumequinum,0.026,0.026,-1,Echolocation,/mnt/ubna_data_01_mir/recover-20220825/UBNA_002/20220823_033000.WAV,Telephone Field,recover-20220825,002,1795
232.0085,232.01670000000001,23750,30858,Nyctalus leisleri,0.007,0.023,-1,Echolocation,/mnt/ubna_data_01_mir/recover-20220825/UBNA_002/20220823_033000.WAV,Telephone Field,recover-20220825,002,1795
232.0155,232.057,68437,83620,Rhinolophus ferrumequinum,0.025,0.026,-1,Echolocation,/mnt/ubna_data_01_mir/recover-20220825/UBNA_002/20220823_033000.WAV,Telephone Field,recover-20220825,002,1795
232.0205,232.0305,40937,47229,Pipistrellus nathusii,0.014,0.032,-1,Echolocation,/mnt/ubna_data_01_mir/recover-20220825/UBNA_002/20220823_033000.WAV,Telephone Field,recover-20220825,002,1795
232.0375,232.07319999999999,68437,80670,Rhinolophus ferrumequinum,0.023,0.024,-1,Echolocation,/mnt/ubna_data_01_mir/recover-20220825/UBNA_002/20220823_033000.WAV,Telephone Field,recover-20220825,002,1795
232.0495,232.0567,27187,42416,Eptesicus serotinus,0.008,0.024,-1,Echolocation,/mnt/ubna_data_01_mir/recover-20220825/UBNA_002/20220823_033000.WAV,Telephone Field,recover-20220825,002,1795
232.0785,232.1144,68437,81168,Rhinolophus ferrumequinum,0.022,0.022,-1,Echolocation,/mnt/ubna_data_01_mir/recover-20220825/UBNA_002/20220823_033000.WAV,Telephone Field,recover-20220825,002,1795
232.0905,232.099,22031,28916,Plecotus austriacus,0.011,0.025,-1,Echolocation,/mnt/ubna_data_01_mir/recover-20220825/UBNA_002/20220823_033000.WAV,Telephone Field,recover-20220825,002,1795
232.1265,232.13400000000001,28046,39912,Eptesicus serotinus,0.007,0.022,-1,Echolocation,/mnt/ubna_data_01_mir/recover-20220825/UBNA_002/20220823_033000.WAV,Telephone Field,recover-20220825,002,1795
232.1435,232.1816,68437,82023,Rhinolophus ferrumequinum,0.021,0.021,-1,Echolocation,/mnt/ubna_data_01_mir/recover-20220825/UBNA_002/20220823_033000.WAV,Telephone Field,recover-20220825,002,1795
232.1635,232.2012,68437,82180,Rhinolophus ferrumequinum,0.022,0.023,-1,Echolocation,/mnt/ubna_data_01_mir/recover-20220825/UBNA_002/20220823_033000.WAV,Telephone Field,recover-20220825,002,1795
232.1775,232.2168,68437,82492,Rhinolophus ferrumequinum,0.023,0.023,-1,Echolocation,/mnt/ubna_data_01_mir/recover-20220825/UBNA_002/20220823_033000.WAV,Telephone Field,recover-20220825,002,1795
232.1915,232.228,68437,82219,Rhinolophus ferrumequinum,0.022,0.022,-1,Echolocation,/mnt/ubna_data_01_mir/recover-20220825/UBNA_002/20220823_033000.WAV,Telephone Field,recover-20220825,002,1795
232.2165,232.2604,68437,83086,Rhinolophus ferrumequinum,0.057,0.057,-1,Echolocation,/mnt/ubna_data_01_mir/recover-20220825/UBNA_002/20220823_033000.WAV,Telephone Field,recover-20220825,002,1795
232.2835,232.2929,27187,37739,Eptesicus serotinus,0.009,0.023,-1,Echolocation,/mnt/ubna_data_01_mir/recover-20220825/UBNA_002/20220823_033000.WAV,Telephone Field,recover-20220825,002,1795
232.3785,232.4176,68437,82248,Rhinolophus ferrumequinum,0.023,0.023,-1,Echolocation,/mnt/ubna_data_01_mir/recover-20220825/UBNA_002/20220823_033000.WAV,Telephone Field,recover-20220825,002,1795
232.3905,232.3992,28046,36786,Eptesicus serotinus,0.009,0.023,-1,Echolocation,/mnt/ubna_data_01_mir/recover-20220825/UBNA_002/20220823_033000.WAV,Telephone Field,recover-20220825,002,1795
232.4295,232.4668,68437,82038,Rhinolophus ferrumequinum,0.023,0.023,-1,Echolocation,/mnt/ubna_data_01_mir/recover-20220825/UBNA_002/20220823_033000.WAV,Telephone Field,recover-20220825,002,1795
232.4675,232.5083,68437,83393,Rhinolophus ferrumequinum,0.033,0.033,-1,Echolocation,/mnt/ubna_data_01_mir/recover-20220825/UBNA_002/20220823_033000.WAV,Telephone Field,recover-20220825,002,1795
232.4985,232.5385,68437,82513,Rhinolophus ferrumequinum,0.023,0.023,-1,Echolocation,/mnt/ubna_data_01_mir/recover-20220825/UBNA_002/20220823_033000.WAV,Telephone Field,recover-20220825,002,1795
232.5215,232.5398,18593,22060,Nyctalus noctula,0.011,0.022,-1,Echolocation,/mnt/ubna_data_01_mir/recover-20220825/UBNA_002/20220823_033000.WAV,Telephone Field,recover-20220825,002,1795
232.5245,232.561,68437,82269,Rhinolophus ferrumequinum,0.022,0.022,-1,Echolocation,/mnt/ubna_data_01_mir/recover-20220825/UBNA_002/20220823_033000.WAV,Telephone Field,recover-20220825,002,1795
232.5365,232.5446,23750,31793,Plecotus austriacus,0.008,0.024,-1,Echolocation,/mnt/ubna_data_01_mir/recover-20220825/UBNA_002/20220823_033000.WAV,Telephone Field,recover-20220825,002,1795
232.5375,232.5772,68437,82684,Rhinolophus ferrumequinum,0.024,0.025,-1,Echolocation,/mnt/ubna_data_01_mir/recover-20220825/UBNA_002/20220823_033000.WAV,Telephone Field,recover-20220825,002,1795
232.5705,232.5807,23750,30705,Nyctalus leisleri,0.008,0.022,-1,Echolocation,/mnt/ubna_data_01_mir/recover-20220825/UBNA_002/20220823_033000.WAV,Telephone Field,recover-20220825,002,1795
232.6105,232.6495,68437,82642,Rhinolophus ferrumequinum,0.026,0.026,-1,Echolocation,/mnt/ubna_data_01_mir/recover-20220825/UBNA_002/20220823_033000.WAV,Telephone Field,recover-20220825,002,1795
232.6375,232.6778,68437,82377,Rhinolophus ferrumequinum,0.029,0.029,-1,Echolocation,/mnt/ubna_data_01_mir/recover-20220825/UBNA_002/20220823_033000.WAV,Telephone Field,recover-20220825,002,1795
232.6385,232.6502,28046,34031,Eptesicus serotinus,0.014,0.031,-1,Echolocation,/mnt/ubna_data_01_mir/recover-20220825/UBNA_002/20220823_033000.WAV,Telephone Field,recover-20220825,002,1795
232.64249999999998,232.6484,48671,57617,Pipistrellus pipistrellus,0.027,0.03,-1,Echolocation,/mnt/ubna_data_01_mir/recover-20220825/UBNA_002/20220823_033000.WAV,Telephone Field,recover-20220825,002,1795
232.6865,232.73329999999999,68437,83064,Rhinolophus ferrumequinum,0.06,0.06,-1,Echolocation,/mnt/ubna_data_01_mir/recover-20220825/UBNA_002/20220823_033000.WAV,Telephone Field,recover-20220825,002,1795
232.7235,232.7613,68437,81672,Rhinolophus ferrumequinum,0.022,0.022,-1,Echolocation,/mnt/ubna_data_01_mir/recover-20220825/UBNA_002/20220823_033000.WAV,Telephone Field,recover-20220825,002,1795
232.7425,232.7498,28906,38114,Eptesicus serotinus,0.007,0.023,-1,Echolocation,/mnt/ubna_data_01_mir/recover-20220825/UBNA_002/20220823_033000.WAV,Telephone Field,recover-20220825,002,1795
232.7545,232.7977,68437,83128,Rhinolophus ferrumequinum,0.028,0.028,-1,Echolocation,/mnt/ubna_data_01_mir/recover-20220825/UBNA_002/20220823_033000.WAV,Telephone Field,recover-20220825,002,1795
232.7555,232.7652,24609,32218,Eptesicus serotinus,0.008,0.023,-1,Echolocation,/mnt/ubna_data_01_mir/recover-20220825/UBNA_002/20220823_033000.WAV,Telephone Field,recover-20220825,002,1795
232.8225,232.8614,68437,81925,Rhinolophus ferrumequinum,0.023,0.023,-1,Echolocation,/mnt/ubna_data_01_mir/recover-20220825/UBNA_002/20220823_033000.WAV,Telephone Field,recover-20220825,002,1795
232.8245,232.8339,34921,45495,Myotis daubentonii,0.007,0.024,-1,Echolocation,/mnt/ubna_data_01_mir/recover-20220825/UBNA_002/20220823_033000.WAV,Telephone Field,recover-20220825,002,1795
232.8475,232.8838,68437,80562,Rhinolophus ferrumequinum,0.026,0.026,-1,Echolocation,/mnt/ubna_data_01_mir/recover-20220825/UBNA_002/20220823_033000.WAV,Telephone Field,recover-20220825,002,1795
232.8965,232.9327,68437,81915,Rhinolophus ferrumequinum,0.021,0.021,-1,Echolocation,/mnt/ubna_data_01_mir/recover-20220825/UBNA_002/20220823_033000.WAV,Telephone Field,recover-20220825,002,1795
232.9065,232.91570000000002,28046,37424,Eptesicus serotinus,0.01,0.023,-1,Echolocation,/mnt/ubna_data_01_mir/recover-20220825/UBNA_002/20220823_033000.WAV,Telephone Field,recover-20220825,002,1795
232.9125,232.9457,68437,81079,Rhinolophus ferrumequinum,0.023,0.023,-1,Echolocation,/mnt/ubna_data_01_mir/recover-20220825/UBNA_002/20220823_033000.WAV,Telephone Field,recover-20220825,002,1795
232.92849999999999,232.9373,27187,35813,Eptesicus serotinus,0.011,0.026,-1,Echolocation,/mnt/ubna_data_01_mir/recover-20220825/UBNA_002/20220823_033000.WAV,Telephone Field,recover-20220825,002,1795
232.9725,233.012,68437,82466,Rhinolophus ferrumequinum,0.028,0.028,-1,Echolocation,/mnt/ubna_data_01_mir/recover-20220825/UBNA_002/20220823_033000.WAV,Telephone Field,recover-20220825,002,1795
232.9745,232.9843,28046,42557,Eptesicus serotinus,0.011,0.026,-1,Echolocation,/mnt/ubna_data_01_mir/recover-20220825/UBNA_002/20220823_033000.WAV,Telephone Field,recover-20220825,002,1795
232.9945,233.0344,68437,82677,Rhinolophus ferrumequinum,0.026,0.026,-1,Echolocation,/mnt/ubna_data_01_mir/recover-20220825/UBNA_002/20220823_033000.WAV,Telephone Field,recover-20220825,002,1795
232.9995,233.0079,26328,35999,Eptesicus serotinus,0.01,0.024,-1,Echolocation,/mnt/ubna_data_01_mir/recover-20220825/UBNA_002/20220823_033000.WAV,Telephone Field,recover-20220825,002,1795
233.0385,233.0475,58125,63350,Pipistrellus pygmaeus,0.029,0.029,-1,Echolocation,/mnt/ubna_data_01_mir/recover-20220825/UBNA_002/20220823_033000.WAV,Telephone Field,recover-20220825,002,1795
233.0785,233.0877,50390,54960,Pipistrellus pipistrellus,0.036,0.04,-1,Echolocation,/mnt/ubna_data_01_mir/recover-20220825/UBNA_002/20220823_033000.WAV,Telephone Field,recover-20220825,002,1795
233.1105,233.1211,22031,26606,Nyctalus leisleri,0.011,0.022,-1,Echolocation,/mnt/ubna_data_01_mir/recover-20220825/UBNA_002/20220823_033000.WAV,Telephone Field,recover-20220825,002,1795
233.1115,233.1498,68437,81604,Rhinolophus ferrumequinum,0.021,0.022,-1,Echolocation,/mnt/ubna_data_01_mir/recover-20220825/UBNA_002/20220823_033000.WAV,Telephone Field,recover-20220825,002,1795
233.1375,233.18,68437,82863,Rhinolophus ferrumequinum,0.022,0.022,-1,Echolocation,/mnt/ubna_data_01_mir/recover-20220825/UBNA_002/20220823_033000.WAV,Telephone Field,recover-20220825,002,1795
233.15449999999998,233.1981,68437,83207,Rhinolophus ferrumequinum,0.023,0.023,-1,Echolocation,/mnt/ubna_data_01_mir/recover-20220825/UBNA_002/20220823_033000.WAV,Telephone Field,recover-20220825,002,1795
233.1645,233.1738,31484,41753,Myotis daubentonii,0.005,0.022,-1,Echolocation,/mnt/ubna_data_01_mir/recover-20220825/UBNA_002/20220823_033000.WAV,Telephone Field,recover-20220825,002,1795
233.1775,233.2145,68437,81856,Rhinolophus ferrumequinum,0.023,0.023,-1,Echolocation,/mnt/ubna_data_01_mir/recover-20220825/UBNA_002/20220823_033000.WAV,Telephone Field,recover-20220825,002,1795
233.1805,233.187,28046,40805,Eptesicus serotinus,0.006,0.025,-1,Echolocation,/mnt/ubna_data_01_mir/recover-20220825/UBNA_002/20220823_033000.WAV,Telephone Field,recover-20220825,002,1795
233.2045,233.2483,68437,82774,Rhinolophus ferrumequinum,0.026,0.026,-1,Echolocation,/mnt/ubna_data_01_mir/recover-20220825/UBNA_002/20220823_033000.WAV,Telephone Field,recover-20220825,002,1795
233.2065,233.2141,26328,38490,Eptesicus serotinus,0.008,0.027,-1,Echolocation,/mnt/ubna_data_01_mir/recover-20220825/UBNA_002/20220823_033000.WAV,Telephone Field,recover-20220825,002,1795
233.2365,233.2467,22031,27420,Nyctalus leisleri,0.009,0.022,-1,Echolocation,/mnt/ubna_data_01_mir/recover-20220825/UBNA_002/20220823_033000.WAV,Telephone Field,recover-20220825,002,1795
233.2465,233.2868,68437,82479,Rhinolophus ferrumequinum,0.024,0.024,-1,Echolocation,/mnt/ubna_data_01_mir/recover-20220825/UBNA_002/20220823_033000.WAV,Telephone Field,recover-20220825,002,1795
233.2755,233.3135,68437,81922,Rhinolophus ferrumequinum,0.023,0.023,-1,Echolocation,/mnt/ubna_data_01_mir/recover-20220825/UBNA_002/20220823_033000.WAV,Telephone Field,recover-20220825,002,1795
233.3115,233.3517,68437,82679,Rhinolophus ferrumequinum,0.024,0.024,-1,Echolocation,/mnt/ubna_data_01_mir/recover-20220825/UBNA_002/20220823_033000.WAV,Telephone Field,recover-20220825,002,1795
233.3495,233.3885,68437,82965,Rhinolophus ferrumequinum,0.028,0.028,-1,Echolocation,/mnt/ubna_data_01_mir/recover-20220825/UBNA_002/20220823_033000.WAV,Telephone Field,recover-20220825,002,1795
233.3715,233.4108,68437,81663,Rhinolophus ferrumequinum,0.025,0.025,-1,Echolocation,/mnt/ubna_data_01_mir/recover-20220825/UBNA_002/20220823_033000.WAV,Telephone Field,recover-20220825,002,1795
233.3785,233.3859,28906,40327,Eptesicus serotinus,0.007,0.025,-1,Echolocation,/mnt/ubna_data_01_mir/recover-20220825/UBNA_002/20220823_033000.WAV,Telephone Field,recover-20220825,002,1795
233.3815,233.3916,22890,29385,Nyctalus leisleri,0.012,0.029,-1,Echolocation,/mnt/ubna_data_01_mir/recover-20220825/UBNA_002/20220823_033000.WAV,Telephone Field,recover-20220825,002,1795
233.3825,233.4189,68437,81583,Rhinolophus ferrumequinum,0.021,0.021,-1,Echolocation,/mnt/ubna_data_01_mir/recover-20220825/UBNA_002/20220823_033000.WAV,Telephone Field,recover-20220825,002,1795
233.3965,233.4342,68437,81640,Rhinolophus ferrumequinum,0.035,0.035,-1,Echolocation,/mnt/ubna_data_01_mir/recover-20220825/UBNA_002/20220823_033000.WAV,Telephone Field,recover-20220825,002,1795
233.4205,233.4645,68437,83394,Rhinolophus ferrumequinum,0.049,0.049,-1,Echolocation,/mnt/ubna_data_01_mir/recover-20220825/UBNA_002/20220823_033000.WAV,Telephone Field,recover-20220825,002,1795
233.4475,233.484,68437,82011,Rhinolophus ferrumequinum,0.03,0.03,-1,Echolocation,/mnt/ubna_data_01_mir/recover-20220825/UBNA_002/20220823_033000.WAV,Telephone Field,recover-20220825,002,1795
233.4555,233.4634,48671,53855,Pipistrellus pipistrellus,0.024,0.026,-1,Echolocation,/mnt/ubna_data_01_mir/recover-20220825/UBNA_002/20220823_033000.WAV,Telephone Field,recover-20220825,002,1795
233.4645,233.5049,68437,83270,Rhinolophus ferrumequinum,0.043,0.043,-1,Echolocation,/mnt/ubna_data_01_mir/recover-20220825/UBNA_002/20220823_033000.WAV,Telephone Field,recover-20220825,002,1795
233.4805,233.4896,25468,33602,Eptesicus serotinus,0.007,0.021,-1,Echolocation,/mnt/ubna_data_01_mir/recover-20220825/UBNA_002/20220823_033000.WAV,Telephone Field,recover-20220825,002,1795
233.5195,233.5298,22890,29238,Nyctalus leisleri,0.011,0.027,-1,Echolocation,/mnt/ubna_data_01_mir/recover-20220825/UBNA_002/20220823_033000.WAV,Telephone Field,recover-20220825,002,1795
233.5325,233.5419,28046,37999,Eptesicus serotinus,0.01,0.023,-1,Echolocation,/mnt/ubna_data_01_mir/recover-20220825/UBNA_002/20220823_033000.WAV,Telephone Field,recover-20220825,002,1795
233.5375,233.5775,68437,82443,Rhinolophus ferrumequinum,0.028,0.028,-1,Echolocation,/mnt/ubna_data_01_mir/recover-20220825/UBNA_002/20220823_033000.WAV,Telephone Field,recover-20220825,002,1795
233.5725,233.6138,68437,82293,Rhinolophus ferrumequinum,0.022,0.022,-1,Echolocation,/mnt/ubna_data_01_mir/recover-20220825/UBNA_002/20220823_033000.WAV,Telephone Field,recover-20220825,002,1795
233.5895,233.5986,27187,35287,Eptesicus serotinus,0.009,0.021,-1,Echolocation,/mnt/ubna_data_01_mir/recover-20220825/UBNA_002/20220823_033000.WAV,Telephone Field,recover-20220825,002,1795
233.6185,233.6617,68437,82775,Rhinolophus ferrumequinum,0.026,0.026,-1,Echolocation,/mnt/ubna_data_01_mir/recover-20220825/UBNA_002/20220823_033000.WAV,Telephone Field,recover-20220825,002,1795
233.6295,233.6403,25468,32775,Eptesicus serotinus,0.011,0.026,-1,Echolocation,/mnt/ubna_data_01_mir/recover-20220825/UBNA_002/20220823_033000.WAV,Telephone Field,recover-20220825,002,1795
233.6535,233.6924,68437,81815,Rhinolophus ferrumequinum,0.022,0.022,-1,Echolocation,/mnt/ubna_data_01_mir/recover-20220825/UBNA_002/20220823_033000.WAV,Telephone Field,recover-20220825,002,1795
233.7175,233.7277,22890,27851,Nyctalus leisleri,0.011,0.023,-1,Echolocation,/mnt/ubna_data_01_mir/recover-20220825/UBNA_002/20220823_033000.WAV,Telephone Field,recover-20220825,002,1795
233.7465,233.7595,25468,31524,Eptesicus serotinus,0.012,0.03,-1,Echolocation,/mnt/ubna_data_01_mir/recover-20220825/UBNA_002/20220823_033000.WAV,Telephone Field,recover-20220825,002,1795
233.7585,233.7971,68437,82238,Rhinolophus ferrumequinum,0.024,0.024,-1,Echolocation,/mnt/ubna_data_01_mir/recover-20220825/UBNA_002/20220823_033000.WAV,Telephone Field,recover-20220825,002,1795
233.7835,233.7902,27187,41396,Eptesicus serotinus,0.007,0.026,-1,Echolocation,/mnt/ubna_data_01_mir/recover-20220825/UBNA_002/20220823_033000.WAV,Telephone Field,recover-20220825,002,1795
233.7875,233.8295,68437,83189,Rhinolophus ferrumequinum,0.026,0.026,-1,Echolocation,/mnt/ubna_data_01_mir/recover-20220825/UBNA_002/20220823_033000.WAV,Telephone Field,recover-20220825,002,1795
233.7925,233.8329,68437,83068,Rhinolophus ferrumequinum,0.026,0.026,-1,Echolocation,/mnt/ubna_data_01_mir/recover-20220825/UBNA_002/20220823_033000.WAV,Telephone Field,recover-20220825,002,1795
233.7985,233.8093,14296,19324,Nyctalus noctula,0.015,0.03,-1,Echolocation,/mnt/ubna_data_01_mir/recover-20220825/UBNA_002/20220823_033000.WAV,Telephone Field,recover-20220825,002,1795
233.8055,233.8127,25468,38173,Eptesicus serotinus,0.005,0.023,-1,Echolocation,/mnt/ubna_data_01_mir/recover-20220825/UBNA_002/20220823_033000.WAV,Telephone Field,recover-20220825,002,1795
233.8245,233.8606,68437,82063,Rhinolophus ferrumequinum,0.024,0.024,-1,Echolocation,/mnt/ubna_data_01_mir/recover-20220825/UBNA_002/20220823_033000.WAV,Telephone Field,recover-20220825,002,1795
233.8325,233.8708,68437,82396,Rhinolophus ferrumequinum,0.025,0.025,-1,Echolocation,/mnt/ubna_data_01_mir/recover-20220825/UBNA_002/20220823_033000.WAV,Telephone Field,recover-20220825,002,1795
233.8615,233.8673,50390,57692,Pipistrellus pipistrellus,0.024,0.027,-1,Echolocation,/mnt/ubna_data_01_mir/recover-20220825/UBNA_002/20220823_033000.WAV,Telephone Field,recover-20220825,002,1795
233.8815,233.9178,68437,81814,Rhinolophus ferrumequinum,0.021,0.021,-1,Echolocation,/mnt/ubna_data_01_mir/recover-20220825/UBNA_002/20220823_033000.WAV,Telephone Field,recover-20220825,002,1795
233.9255,233.9318,49531,56492,Pipistrellus pipistrellus,0.02,0.022,-1,Echolocation,/mnt/ubna_data_01_mir/recover-20220825/UBNA_002/20220823_033000.WAV,Telephone Field,recover-20220825,002,1795
233.9545,233.9653,25468,32721,Eptesicus serotinus,0.011,0.024,-1,Echolocation,/mnt/ubna_data_01_mir/recover-20220825/UBNA_002/20220823_033000.WAV,Telephone Field,recover-20220825,002,1795
233.9895,233.9996,23750,31747,Eptesicus serotinus,0.007,0.023,-1,Echolocation,/mnt/ubna_data_01_mir/recover-20220825/UBNA_002/20220823_033000.WAV,Telephone Field,recover-20220825,002,1795
234.0015,234.0322,68437,79934,Rhinolophus ferrumequinum,0.029,0.03,-1,Echolocation,/mnt/ubna_data_01_mir/recover-20220825/UBNA_002/20220823_033000.WAV,Telephone Field,recover-20220825,002,1795
234.0015,234.0092,26328,35409,Nyctalus leisleri,0.009,0.034,-1,Echolocation,/mnt/ubna_data_01_mir/recover-20220825/UBNA_002/20220823_033000.WAV,Telephone Field,recover-20220825,002,1795
234.0385,234.0776,68437,82319,Rhinolophus ferrumequinum,0.023,0.023,-1,Echolocation,/mnt/ubna_data_01_mir/recover-20220825/UBNA_002/20220823_033000.WAV,Telephone Field,recover-20220825,002,1795
234.0595,234.0667,28046,40066,Eptesicus serotinus,0.008,0.027,-1,Echolocation,/mnt/ubna_data_01_mir/recover-20220825/UBNA_002/20220823_033000.WAV,Telephone Field,recover-20220825,002,1795
234.07150000000001,234.1057,68437,81407,Rhinolophus ferrumequinum,0.025,0.026,-1,Echolocation,/mnt/ubna_data_01_mir/recover-20220825/UBNA_002/20220823_033000.WAV,Telephone Field,recover-20220825,002,1795
234.1995,234.2066,23750,33033,Plecotus austriacus,0.013,0.029,-1,Echolocation,/mnt/ubna_data_01_mir/recover-20220825/UBNA_002/20220823_033000.WAV,Telephone Field,recover-20220825,002,1795
234.2385,234.2764,68437,82004,Rhinolophus ferrumequinum,0.025,0.025,-1,Echolocation,/mnt/ubna_data_01_mir/recover-20220825/UBNA_002/20220823_033000.WAV,Telephone Field,recover-20220825,002,1795
234.2725,234.3117,68437,81660,Rhinolophus ferrumequinum,0.022,0.022,-1,Echolocation,/mnt/ubna_data_01_mir/recover-20220825/UBNA_002/20220823_033000.WAV,Telephone Field,recover-20220825,002,1795
234.2845,234.2969,24609,30254,Nyctalus leisleri,0.013,0.032,-1,Echolocation,/mnt/ubna_data_01_mir/recover-20220825/UBNA_002/20220823_033000.WAV,Telephone Field,recover-20220825,002,1795
234.3165,234.355,68437,82257,Rhinolophus ferrumequinum,0.035,0.035,-1,Echolocation,/mnt/ubna_data_01_mir/recover-20220825/UBNA_002/20220823_033000.WAV,Telephone Field,recover-20220825,002,1795
234.3175,234.3276,44375,50612,Pipistrellus pipistrellus,0.019,0.023,-1,Echolocation,/mnt/ubna_data_01_mir/recover-20220825/UBNA_002/20220823_033000.WAV,Telephone Field,recover-20220825,002,1795
234.3435,234.3851,68437,82412,Rhinolophus ferrumequinum,0.026,0.026,-1,Echolocation,/mnt/ubna_data_01_mir/recover-20220825/UBNA_002/20220823_033000.WAV,Telephone Field,recover-20220825,002,1795
234.3445,234.3535,28046,40730,Eptesicus serotinus,0.009,0.023,-1,Echolocation,/mnt/ubna_data_01_mir/recover-20220825/UBNA_002/20220823_033000.WAV,Telephone Field,recover-20220825,002,1795
234.3885,234.42849999999999,68437,81807,Rhinolophus ferrumequinum,0.022,0.022,-1,Echolocation,/mnt/ubna_data_01_mir/recover-20220825/UBNA_002/20220823_033000.WAV,Telephone Field,recover-20220825,002,1795
234.3935,234.4343,68437,81893,Rhinolophus ferrumequinum,0.023,0.023,-1,Echolocation,/mnt/ubna_data_01_mir/recover-20220825/UBNA_002/20220823_033000.WAV,Telephone Field,recover-20220825,002,1795
234.4055,234.4418,68437,81826,Rhinolophus ferrumequinum,0.022,0.022,-1,Echolocation,/mnt/ubna_data_01_mir/recover-20220825/UBNA_002/20220823_033000.WAV,Telephone Field,recover-20220825,002,1795
234.4245,234.461,68437,81941,Rhinolophus ferrumequinum,0.022,0.022,-1,Echolocation,/mnt/ubna_data_01_mir/recover-20220825/UBNA_002/20220823_033000.WAV,Telephone Field,recover-20220825,002,1795
234.4315,234.4738,68437,82510,Rhinolophus ferrumequinum,0.023,0.023,-1,Echolocation,/mnt/ubna_data_01_mir/recover-20220825/UBNA_002/20220823_033000.WAV,Telephone Field,recover-20220825,002,1795
234.4345,234.4447,22890,28958,Nyctalus leisleri,0.009,0.023,-1,Echolocation,/mnt/ubna_data_01_mir/recover-20220825/UBNA_002/20220823_033000.WAV,Telephone Field,recover-20220825,002,1795
234.44650000000001,234.4575,26328,33561,Eptesicus serotinus,0.012,0.025,-1,Echolocation,/mnt/ubna_data_01_mir/recover-20220825/UBNA_002/20220823_033000.WAV,Telephone Field,recover-20220825,002,1795
234.5045,234.5414,68437,81998,Rhinolophus ferrumequinum,0.023,0.023,-1,Echolocation,/mnt/ubna_data_01_mir/recover-20220825/UBNA_002/20220823_033000.WAV,Telephone Field,recover-20220825,002,1795
234.5445,234.5521,28906,38087,Eptesicus serotinus,0.007,0.024,-1,Echolocation,/mnt/ubna_data_01_mir/recover-20220825/UBNA_002/20220823_033000.WAV,Telephone Field,recover-20220825,002,1795
234.5635,234.5999,68437,82580,Rhinolophus ferrumequinum,0.022,0.022,-1,Echolocation,/mnt/ubna_data_01_mir/recover-20220825/UBNA_002/20220823_033000.WAV,Telephone Field,recover-20220825,002,1795
234.6135,234.6508,68437,81970,Rhinolophus ferrumequinum,0.023,0.023,-1,Echolocation,/mnt/ubna_data_01_mir/recover-20220825/UBNA_002/20220823_033000.WAV,Telephone Field,recover-20220825,002,1795
234.6355,234.6718,68437,80909,Rhinolophus ferrumequinum,0.025,0.025,-1,Echolocation,/mnt/ubna_data_01_mir/recover-20220825/UBNA_002/20220823_033000.WAV,Telephone Field,recover-20220825,002,1795
234.6435,234.6797,68437,82023,Rhinolophus ferrumequinum,0.025,0.025,-1,Echolocation,/mnt/ubna_data_01_mir/recover-20220825/UBNA_002/20220823_033000.WAV,Telephone Field,recover-20220825,002,1795
234.6585,234.679,18593,22053,Nyctalus noctula,0.016,0.029,-1,Echolocation,/mnt/ubna_data_01_mir/recover-20220825/UBNA_002/20220823_033000.WAV,Telephone Field,recover-20220825,002,1795
234.6815,234.7229,68437,82773,Rhinolophus ferrumequinum,0.028,0.028,-1,Echolocation,/mnt/ubna_data_01_mir/recover-20220825/UBNA_002/20220823_033000.WAV,Telephone Field,recover-20220825,002,1795
234.7365,234.745,28046,37871,Eptesicus serotinus,0.009,0.023,-1,Echolocation,/mnt/ubna_data_01_mir/recover-20220825/UBNA_002/20220823_033000.WAV,Telephone Field,recover-20220825,002,1795
234.7695,234.8085,68437,82250,Rhinolophus ferrumequinum,0.022,0.022,-1,Echolocation,/mnt/ubna_data_01_mir/recover-20220825/UBNA_002/20220823_033000.WAV,Telephone Field,recover-20220825,002,1795
234.7905,234.8003,28046,35878,Eptesicus serotinus,0.01,0.022,-1,Echolocation,/mnt/ubna_data_01_mir/recover-20220825/UBNA_002/20220823_033000.WAV,Telephone Field,recover-20220825,002,1795
234.8395,234.847,28046,39294,Eptesicus serotinus,0.009,0.025,-1,Echolocation,/mnt/ubna_data_01_mir/recover-20220825/UBNA_002/20220823_033000.WAV,Telephone Field,recover-20220825,002,1795
234.8585,234.8692,22890,29475,Nyctalus leisleri,0.009,0.025,-1,Echolocation,/mnt/ubna_data_01_mir/recover-20220825/UBNA_002/20220823_033000.WAV,Telephone Field,recover-20220825,002,1795
234.8645,234.9033,68437,82385,Rhinolophus ferrumequinum,0.023,0.023,-1,Echolocation,/mnt/ubna_data_01_mir/recover-20220825/UBNA_002/20220823_033000.WAV,Telephone Field,recover-20220825,002,1795
234.8805,234.8922,22031,26518,Nyctalus leisleri,0.012,0.023,-1,Echolocation,/mnt/ubna_data_01_mir/recover-20220825/UBNA_002/20220823_033000.WAV,Telephone Field,recover-20220825,002,1795
234.8865,234.9066,19453,22294,Nyctalus leisleri,0.011,0.023,-1,Echolocation,/mnt/ubna_data_01_mir/recover-20220825/UBNA_002/20220823_033000.WAV,Telephone Field,recover-20220825,002,1795
234.9235,234.9336,22031,26705,Nyctalus leisleri,0.01,0.022,-1,Echolocation,/mnt/ubna_data_01_mir/recover-20220825/UBNA_002/20220823_033000.WAV,Telephone Field,recover-20220825,002,1795
234.9355,234.9463,22890,28214,Nyctalus leisleri,0.01,0.022,-1,Echolocation,/mnt/ubna_data_01_mir/recover-20220825/UBNA_002/20220823_033000.WAV,Telephone Field,recover-20220825,002,1795
234.9385,234.9752,68437,81177,Rhinolophus ferrumequinum,0.024,0.024,-1,Echolocation,/mnt/ubna_data_01_mir/recover-20220825/UBNA_002/20220823_033000.WAV,Telephone Field,recover-20220825,002,1795
234.9645,234.9752,23750,31035,Nyctalus leisleri,0.011,0.031,-1,Echolocation,/mnt/ubna_data_01_mir/recover-20220825/UBNA_002/20220823_033000.WAV,Telephone Field,recover-20220825,002,1795
235.0385,235.07659999999998,68437,81992,Rhinolophus ferrumequinum,0.023,0.023,-1,Echolocation,/mnt/ubna_data_01_mir/recover-20220825/UBNA_002/20220823_033000.WAV,Telephone Field,recover-20220825,002,1795
235.04149999999998,235.0516,28906,37005,Eptesicus serotinus,0.011,0.025,-1,Echolocation,/mnt/ubna_data_01_mir/recover-20220825/UBNA_002/20220823_033000.WAV,Telephone Field,recover-20220825,002,1795
235.0615,235.0692,24609,34278,Plecotus austriacus,0.01,0.029,-1,Echolocation,/mnt/ubna_data_01_mir/recover-20220825/UBNA_002/20220823_033000.WAV,Telephone Field,recover-20220825,002,1795
235.0775,235.0869,46953,57268,Pipistrellus pipistrellus,0.018,0.022,-1,Echolocation,/mnt/ubna_data_01_mir/recover-20220825/UBNA_002/20220823_033000.WAV,Telephone Field,recover-20220825,002,1795
235.0875,235.0953,47812,51458,Pipistrellus pipistrellus,0.041,0.043,-1,Echolocation,/mnt/ubna_data_01_mir/recover-20220825/UBNA_002/20220823_033000.WAV,Telephone Field,recover-20220825,002,1795
235.1285,235.1379,25468,33633,Eptesicus serotinus,0.009,0.023,-1,Echolocation,/mnt/ubna_data_01_mir/recover-20220825/UBNA_002/20220823_033000.WAV,Telephone Field,recover-20220825,002,1795
235.1505,235.1604,22031,27294,Nyctalus leisleri,0.009,0.022,-1,Echolocation,/mnt/ubna_data_01_mir/recover-20220825/UBNA_002/20220823_033000.WAV,Telephone Field,recover-20220825,002,1795
235.1675,235.1763,28906,37340,Eptesicus serotinus,0.009,0.024,-1,Echolocation,/mnt/ubna_data_01_mir/recover-20220825/UBNA_002/20220823_033000.WAV,Telephone Field,recover-20220825,002,1795
235.1815,235.2216,68437,82606,Rhinolophus ferrumequinum,0.022,0.022,-1,Echolocation,/mnt/ubna_data_01_mir/recover-20220825/UBNA_002/20220823_033000.WAV,Telephone Field,recover-20220825,002,1795
235.1985,235.2422,68437,83549,Rhinolophus ferrumequinum,0.04,0.04,-1,Echolocation,/mnt/ubna_data_01_mir/recover-20220825/UBNA_002/20220823_033000.WAV,Telephone Field,recover-20220825,002,1795
235.22050000000002,235.2323,14296,21967,Nyctalus noctula,0.016,0.026,-1,Echolocation,/mnt/ubna_data_01_mir/recover-20220825/UBNA_002/20220823_033000.WAV,Telephone Field,recover-20220825,002,1795
235.2235,235.2644,68437,82825,Rhinolophus ferrumequinum,0.026,0.026,-1,Echolocation,/mnt/ubna_data_01_mir/recover-20220825/UBNA_002/20220823_033000.WAV,Telephone Field,recover-20220825,002,1795
235.2445,235.28,68437,80943,Rhinolophus ferrumequinum,0.022,0.022,-1,Echolocation,/mnt/ubna_data_01_mir/recover-20220825/UBNA_002/20220823_033000.WAV,Telephone Field,recover-20220825,002,1795
235.2645,235.2724,27187,39577,Eptesicus serotinus,0.008,0.027,-1,Echolocation,/mnt/ubna_data_01_mir/recover-20220825/UBNA_002/20220823_033000.WAV,Telephone Field,recover-20220825,002,1795
235.2695,235.27949999999998,21171,26787,Nyctalus leisleri,0.008,0.025,-1,Echolocation,/mnt/ubna_data_01_mir/recover-20220825/UBNA_002/20220823_033000.WAV,Telephone Field,recover-20220825,002,1795
235.2865,235.3272,68437,82580,Rhinolophus ferrumequinum,0.029,0.029,-1,Echolocation,/mnt/ubna_data_01_mir/recover-20220825/UBNA_002/20220823_033000.WAV,Telephone Field,recover-20220825,002,1795
235.2935,235.3041,22031,26909,Nyctalus leisleri,0.014,0.03,-1,Echolocation,/mnt/ubna_data_01_mir/recover-20220825/UBNA_002/20220823_033000.WAV,Telephone Field,recover-20220825,002,1795
235.3145,235.3514,68437,81668,Rhinolophus ferrumequinum,0.025,0.025,-1,Echolocation,/mnt/ubna_data_01_mir/recover-20220825/UBNA_002/20220823_033000.WAV,Telephone Field,recover-20220825,002,1795
235.3145,235.3211,28906,46214,Myotis daubentonii,0.011,0.035,-1,Echolocation,/mnt/ubna_data_01_mir/recover-20220825/UBNA_002/20220823_033000.WAV,Telephone Field,recover-20220825,002,1795
235.3225,235.3558,68437,81546,Rhinolophus ferrumequinum,0.022,0.023,-1,Echolocation,/mnt/ubna_data_01_mir/recover-20220825/UBNA_002/20220823_033000.WAV,Telephone Field,recover-20220825,002,1795
235.3805,235.418,68437,82072,Rhinolophus ferrumequinum,0.023,0.023,-1,Echolocation,/mnt/ubna_data_01_mir/recover-20220825/UBNA_002/20220823_033000.WAV,Telephone Field,recover-20220825,002,1795
235.4365,235.4748,68437,81934,Rhinolophus ferrumequinum,0.026,0.026,-1,Echolocation,/mnt/ubna_data_01_mir/recover-20220825/UBNA_002/20220823_033000.WAV,Telephone Field,recover-20220825,002,1795
235.4435,235.4556,46093,49181,Pipistrellus pipistrellus,0.056,0.061,-1,Echolocation,/mnt/ubna_data_01_mir/recover-20220825/UBNA_002/20220823_033000.WAV,Telephone Field,recover-20220825,002,1795
235.4515,235.4603,28046,38690,Eptesicus serotinus,0.01,0.027,-1,Echolocation,/mnt/ubna_data_01_mir/recover-20220825/UBNA_002/20220823_033000.WAV,Telephone Field,recover-20220825,002,1795
235.5025,235.5436,68437,82797,Rhinolophus ferrumequinum,0.032,0.032,-1,Echolocation,/mnt/ubna_data_01_mir/recover-20220825/UBNA_002/20220823_033000.WAV,Telephone Field,recover-20220825,002,1795
235.5625,235.6039,68437,83224,Rhinolophus ferrumequinum,0.027,0.027,-1,Echolocation,/mnt/ubna_data_01_mir/recover-20220825/UBNA_002/20220823_033000.WAV,Telephone Field,recover-20220825,002,1795
235.5755,235.5839,22890,30127,Plecotus austriacus,0.009,0.023,-1,Echolocation,/mnt/ubna_data_01_mir/recover-20220825/UBNA_002/20220823_033000.WAV,Telephone Field,recover-20220825,002,1795
235.5895,235.6279,68437,81564,Rhinolophus ferrumequinum,0.025,0.025,-1,Echolocation,/mnt/ubna_data_01_mir/recover-20220825/UBNA_002/20220823_033000.WAV,Telephone Field,recover-20220825,002,1795
235.6415,235.648,28046,42584,Eptesicus serotinus,0.007,0.025,-1,Echolocation,/mnt/ubna_data_01_mir/recover-20220825/UBNA_002/20220823_033000.WAV,Telephone Field,recover-20220825,002,1795
235.6515,235.6924,68437,82459,Rhinolophus ferrumequinum,0.025,0.025,-1,Echolocation,/mnt/ubna_data_01_mir/recover-20220825/UBNA_002/20220823_033000.WAV,Telephone Field,recover-20220825,002,1795
235.7125,235.7208,22890,30683,Plecotus austriacus,0.009,0.024,-1,Echolocation,/mnt/ubna_data_01_mir/recover-20220825/UBNA_002/20220823_033000.WAV,Telephone Field,recover-20220825,002,1795
235.7415,235.7499,26328,34575,Eptesicus serotinus,0.011,0.025,-1,Echolocation,/mnt/ubna_data_01_mir/recover-20220825/UBNA_002/20220823_033000.WAV,Telephone Field,recover-20220825,002,1795
235.7565,235.7982,68437,82672,Rhinolophus ferrumequinum,0.028,0.028,-1,Echolocation,/mnt/ubna_data_01_mir/recover-20220825/UBNA_002/20220823_033000.WAV,Telephone Field,recover-20220825,002,1795
235.7655,235.8033,68437,82549,Rhinolophus ferrumequinum,0.027,0.027,-1,Echolocation,/mnt/ubna_data_01_mir/recover-20220825/UBNA_002/20220823_033000.WAV,Telephone Field,recover-20220825,002,1795
235.7845,235.7951,23750,30457,Nyctalus leisleri,0.009,0.024,-1,Echolocation,/mnt/ubna_data_01_mir/recover-20220825/UBNA_002/20220823_033000.WAV,Telephone Field,recover-20220825,002,1795
235.7905,235.7982,29765,39240,Eptesicus serotinus,0.008,0.024,-1,Echolocation,/mnt/ubna_data_01_mir/recover-20220825/UBNA_002/20220823_033000.WAV,Telephone Field,recover-20220825,002,1795
235.8055,235.8432,68437,81956,Rhinolophus ferrumequinum,0.028,0.028,-1,Echolocation,/mnt/ubna_data_01_mir/recover-20220825/UBNA_002/20220823_033000.WAV,Telephone Field,recover-20220825,002,1795
235.84550000000002,235.8841,68437,81985,Rhinolophus ferrumequinum,0.024,0.024,-1,Echolocation,/mnt/ubna_data_01_mir/recover-20220825/UBNA_002/20220823_033000.WAV,Telephone Field,recover-20220825,002,1795
235.8585,235.8992,68437,82855,Rhinolophus ferrumequinum,0.022,0.022,-1,Echolocation,/mnt/ubna_data_01_mir/recover-20220825/UBNA_002/20220823_033000.WAV,Telephone Field,recover-20220825,002,1795
235.8615,235.8684,28046,43783,Eptesicus serotinus,0.012,0.038,-1,Echolocation,/mnt/ubna_data_01_mir/recover-20220825/UBNA_002/20220823_033000.WAV,Telephone Field,recover-20220825,002,1795
235.8625,235.8685,32343,44365,Myotis daubentonii,0.013,0.037,-1,Echolocation,/mnt/ubna_data_01_mir/recover-20220825/UBNA_002/20220823_033000.WAV,Telephone Field,recover-20220825,002,1795
235.8795,235.9196,68437,82450,Rhinolophus ferrumequinum,0.031,0.031,-1,Echolocation,/mnt/ubna_data_01_mir/recover-20220825/UBNA_002/20220823_033000.WAV,Telephone Field,recover-20220825,002,1795
235.9125,235.9511,68437,82305,Rhinolophus ferrumequinum,0.022,0.022,-1,Echolocation,/mnt/ubna_data_01_mir/recover-20220825/UBNA_002/20220823_033000.WAV,Telephone Field,recover-20220825,002,1795
235.9155,235.926,24609,30957,Nyctalus leisleri,0.009,0.024,-1,Echolocation,/mnt/ubna_data_01_mir/recover-20220825/UBNA_002/20220823_033000.WAV,Telephone Field,recover-20220825,002,1795
235.9205,235.9592,68437,82020,Rhinolophus ferrumequinum,0.022,0.022,-1,Echolocation,/mnt/ubna_data_01_mir/recover-20220825/UBNA_002/20220823_033000.WAV,Telephone Field,recover-20220825,002,1795
235.9445,235.9505,26328,37599,Plecotus auritus,0.008,0.031,-1,Echolocation,/mnt/ubna_data_01_mir/recover-20220825/UBNA_002/20220823_033000.WAV,Telephone Field,recover-20220825,002,1795
235.9605,235.9719,28906,34953,Eptesicus serotinus,0.014,0.028,-1,Echolocation,/mnt/ubna_data_01_mir/recover-20220825/UBNA_002/20220823_033000.WAV,Telephone Field,recover-20220825,002,1795
236.0015,236.0324,68437,79534,Rhinolophus ferrumequinum,0.028,0.028,-1,Echolocation,/mnt/ubna_data_01_mir/recover-20220825/UBNA_002/20220823_033000.WAV,Telephone Field,recover-20220825,002,1795
236.0015,236.0103,35781,44572,Myotis daubentonii,0.005,0.023,-1,Echolocation,/mnt/ubna_data_01_mir/recover-20220825/UBNA_002/20220823_033000.WAV,Telephone Field,recover-20220825,002,1795
236.0015,236.0183,17734,23241,Nyctalus noctula,0.019,0.037,-1,Echolocation,/mnt/ubna_data_01_mir/recover-20220825/UBNA_002/20220823_033000.WAV,Telephone Field,recover-20220825,002,1795
236.0095,236.0521,68437,82917,Rhinolophus ferrumequinum,0.028,0.028,-1,Echolocation,/mnt/ubna_data_01_mir/recover-20220825/UBNA_002/20220823_033000.WAV,Telephone Field,recover-20220825,002,1795
236.0235,236.0366,14296,19973,Nyctalus noctula,0.017,0.031,-1,Echolocation,/mnt/ubna_data_01_mir/recover-20220825/UBNA_002/20220823_033000.WAV,Telephone Field,recover-20220825,002,1795
236.0595,236.1014,68437,82419,Rhinolophus ferrumequinum,0.026,0.026,-1,Echolocation,/mnt/ubna_data_01_mir/recover-20220825/UBNA_002/20220823_033000.WAV,Telephone Field,recover-20220825,002,1795
236.0775,236.0868,25468,33962,Eptesicus serotinus,0.009,0.024,-1,Echolocation,/mnt/ubna_data_01_mir/recover-20220825/UBNA_002/20220823_033000.WAV,Telephone Field,recover-20220825,002,1795
236.0825,236.0919,56406,62001,Pipistrellus pygmaeus,0.021,0.022,-1,Echolocation,/mnt/ubna_data_01_mir/recover-20220825/UBNA_002/20220823_033000.WAV,Telephone Field,recover-20220825,002,1795
236.0875,236.0969,27187,36539,Eptesicus serotinus,0.011,0.027,-1,Echolocation,/mnt/ubna_data_01_mir/recover-20220825/UBNA_002/20220823_033000.WAV,Telephone Field,recover-20220825,002,1795
236.1925,236.20159999999998,27187,36347,Eptesicus serotinus,0.008,0.022,-1,Echolocation,/mnt/ubna_data_01_mir/recover-20220825/UBNA_002/20220823_033000.WAV,Telephone Field,recover-20220825,002,1795
236.22050000000002,236.2594,68437,81677,Rhinolophus ferrumequinum,0.022,0.022,-1,Echolocation,/mnt/ubna_data_01_mir/recover-20220825/UBNA_002/20220823_033000.WAV,Telephone Field,recover-20220825,002,1795
236.2285,236.2645,68437,81701,Rhinolophus ferrumequinum,0.022,0.022,-1,Echolocation,/mnt/ubna_data_01_mir/recover-20220825/UBNA_002/20220823_033000.WAV,Telephone Field,recover-20220825,002,1795
236.2555,236.2905,68437,81105,Rhinolophus ferrumequinum,0.022,0.022,-1,Echolocation,/mnt/ubna_data_01_mir/recover-20220825/UBNA_002/20220823_033000.WAV,Telephone Field,recover-20220825,002,1795
236.2925,236.315,18593,21204,Nyctalus noctula,0.033,0.057,-1,Echolocation,/mnt/ubna_data_01_mir/recover-20220825/UBNA_002/20220823_033000.WAV,Telephone Field,recover-20220825,002,1795
236.3175,236.3528,68437,81244,Rhinolophus ferrumequinum,0.022,0.022,-1,Echolocation,/mnt/ubna_data_01_mir/recover-20220825/UBNA_002/20220823_033000.WAV,Telephone Field,recover-20220825,002,1795
236.3475,236.3868,68437,82581,Rhinolophus ferrumequinum,0.027,0.027,-1,Echolocation,/mnt/ubna_data_01_mir/recover-20220825/UBNA_002/20220823_033000.WAV,Telephone Field,recover-20220825,002,1795
236.3595,236.4012,68437,83029,Rhinolophus ferrumequinum,0.029,0.029,-1,Echolocation,/mnt/ubna_data_01_mir/recover-20220825/UBNA_002/20220823_033000.WAV,Telephone Field,recover-20220825,002,1795
236.3915,236.428,68437,81870,Rhinolophus ferrumequinum,0.024,0.024,-1,Echolocation,/mnt/ubna_data_01_mir/recover-20220825/UBNA_002/20220823_033000.WAV,Telephone Field,recover-20220825,002,1795
236.3935,236.40449999999998,22890,28426,Nyctalus leisleri,0.011,0.023,-1,Echolocation,/mnt/ubna_data_01_mir/recover-20220825/UBNA_002/20220823_033000.WAV,Telephone Field,recover-20220825,002,1795
236.4125,236.4235,26328,34036,Eptesicus serotinus,0.012,0.024,-1,Echolocation,/mnt/ubna_data_01_mir/recover-20220825/UBNA_002/20220823_033000.WAV,Telephone Field,recover-20220825,002,1795
236.4535,236.4969,68437,83270,Rhinolophus ferrumequinum,0.026,0.026,-1,Echolocation,/mnt/ubna_data_01_mir/recover-20220825/UBNA_002/20220823_033000.WAV,Telephone Field,recover-20220825,002,1795
236.4645,236.4724,25468,34018,Eptesicus serotinus,0.007,0.022,-1,Echolocation,/mnt/ubna_data_01_mir/recover-20220825/UBNA_002/20220823_033000.WAV,Telephone Field,recover-20220825,002,1795
236.47050000000002,236.4795,28906,36368,Eptesicus serotinus,0.008,0.022,-1,Echolocation,/mnt/ubna_data_01_mir/recover-20220825/UBNA_002/20220823_033000.WAV,Telephone Field,recover-20220825,002,1795
236.4845,236.4938,50390,54600,Pipistrellus pipistrellus,0.03,0.033,-1,Echolocation,/mnt/ubna_data_01_mir/recover-20220825/UBNA_002/20220823_033000.WAV,Telephone Field,recover-20220825,002,1795
236.4925,236.5026,28906,36494,Eptesicus serotinus,0.009,0.022,-1,Echolocation,/mnt/ubna_data_01_mir/recover-20220825/UBNA_002/20220823_033000.WAV,Telephone Field,recover-20220825,002,1795
236.5375,236.5789,68437,83124,Rhinolophus ferrumequinum,0.034,0.034,-1,Echolocation,/mnt/ubna_data_01_mir/recover-20220825/UBNA_002/20220823_033000.WAV,Telephone Field,recover-20220825,002,1795
236.57150000000001,236.5793,28046,37873,Eptesicus serotinus,0.008,0.026,-1,Echolocation,/mnt/ubna_data_01_mir/recover-20220825/UBNA_002/20220823_033000.WAV,Telephone Field,recover-20220825,002,1795
236.6035,236.6219,18593,22264,Nyctalus noctula,0.013,0.026,-1,Echolocation,/mnt/ubna_data_01_mir/recover-20220825/UBNA_002/20220823_033000.WAV,Telephone Field,recover-20220825,002,1795
236.60750000000002,236.6462,68437,82712,Rhinolophus ferrumequinum,0.022,0.022,-1,Echolocation,/mnt/ubna_data_01_mir/recover-20220825/UBNA_002/20220823_033000.WAV,Telephone Field,recover-20220825,002,1795
236.6225,236.6609,68437,81997,Rhinolophus ferrumequinum,0.029,0.029,-1,Echolocation,/mnt/ubna_data_01_mir/recover-20220825/UBNA_002/20220823_033000.WAV,Telephone Field,recover-20220825,002,1795
236.6495,236.6859,68437,82167,Rhinolophus ferrumequinum,0.025,0.025,-1,Echolocation,/mnt/ubna_data_01_mir/recover-20220825/UBNA_002/20220823_033000.WAV,Telephone Field,recover-20220825,002,1795
236.6585,236.6658,27187,36295,Eptesicus serotinus,0.009,0.026,-1,Echolocation,/mnt/ubna_data_01_mir/recover-20220825/UBNA_002/20220823_033000.WAV,Telephone Field,recover-20220825,002,1795
236.6755,236.6843,28046,42624,Eptesicus serotinus,0.008,0.022,-1,Echolocation,/mnt/ubna_data_01_mir/recover-20220825/UBNA_002/20220823_033000.WAV,Telephone Field,recover-20220825,002,1795
236.6935,236.7379,68437,82925,Rhinolophus ferrumequinum,0.042,0.042,-1,Echolocation,/mnt/ubna_data_01_mir/recover-20220825/UBNA_002/20220823_033000.WAV,Telephone Field,recover-20220825,002,1795
236.7435,236.7839,68437,82727,Rhinolophus ferrumequinum,0.025,0.025,-1,Echolocation,/mnt/ubna_data_01_mir/recover-20220825/UBNA_002/20220823_033000.WAV,Telephone Field,recover-20220825,002,1795
236.7565,236.7937,68437,82088,Rhinolophus ferrumequinum,0.024,0.024,-1,Echolocation,/mnt/ubna_data_01_mir/recover-20220825/UBNA_002/20220823_033000.WAV,Telephone Field,recover-20220825,002,1795
236.7605,236.7709,23750,30002,Nyctalus leisleri,0.009,0.023,-1,Echolocation,/mnt/ubna_data_01_mir/recover-20220825/UBNA_002/20220823_033000.WAV,Telephone Field,recover-20220825,002,1795
236.7855,236.8277,68437,83060,Rhinolophus ferrumequinum,0.032,0.032,-1,Echolocation,/mnt/ubna_data_01_mir/recover-20220825/UBNA_002/20220823_033000.WAV,Telephone Field,recover-20220825,002,1795
236.80349999999999,236.8411,68437,81774,Rhinolophus ferrumequinum,0.025,0.025,-1,Echolocation,/mnt/ubna_data_01_mir/recover-20220825/UBNA_002/20220823_033000.WAV,Telephone Field,recover-20220825,002,1795
236.8205,236.859,68437,81970,Rhinolophus ferrumequinum,0.022,0.022,-1,Echolocation,/mnt/ubna_data_01_mir/recover-20220825/UBNA_002/20220823_033000.WAV,Telephone Field,recover-20220825,002,1795
236.8315,236.8702,68437,81672,Rhinolophus ferrumequinum,0.022,0.022,-1,Echolocation,/mnt/ubna_data_01_mir/recover-20220825/UBNA_002/20220823_033000.WAV,Telephone Field,recover-20220825,002,1795
236.8375,236.8466,29765,37973,Eptesicus serotinus,0.008,0.023,-1,Echolocation,/mnt/ubna_data_01_mir/recover-20220825/UBNA_002/20220823_033000.WAV,Telephone Field,recover-20220825,002,1795
236.8585,236.8959,68437,82071,Rhinolophus ferrumequinum,0.026,0.026,-1,Echolocation,/mnt/ubna_data_01_mir/recover-20220825/UBNA_002/20220823_033000.WAV,Telephone Field,recover-20220825,002,1795
236.8645,236.8978,68437,80884,Rhinolophus ferrumequinum,0.025,0.025,-1,Echolocation,/mnt/ubna_data_01_mir/recover-20220825/UBNA_002/20220823_033000.WAV,Telephone Field,recover-20220825,002,1795
236.8795,236.9193,68437,81995,Rhinolophus ferrumequinum,0.034,0.034,-1,Echolocation,/mnt/ubna_data_01_mir/recover-20220825/UBNA_002/20220823_033000.WAV,Telephone Field,recover-20220825,002,1795
236.8905,236.8984,27187,36453,Eptesicus serotinus,0.009,0.026,-1,Echolocation,/mnt/ubna_data_01_mir/recover-20220825/UBNA_002/20220823_033000.WAV,Telephone Field,recover-20220825,002,1795
236.8955,236.9339,68437,82687,Rhinolophus ferrumequinum,0.024,0.024,-1,Echolocation,/mnt/ubna_data_01_mir/recover-20220825/UBNA_002/20220823_033000.WAV,Telephone Field,recover-20220825,002,1795
236.9375,236.9468,28906,36658,Eptesicus serotinus,0.009,0.023,-1,Echolocation,/mnt/ubna_data_01_mir/recover-20220825/UBNA_002/20220823_033000.WAV,Telephone Field,recover-20220825,002,1795
236.9545,236.9919,68437,81768,Rhinolophus ferrumequinum,0.022,0.022,-1,Echolocation,/mnt/ubna_data_01_mir/recover-20220825/UBNA_002/20220823_033000.WAV,Telephone Field,recover-20220825,002,1795
236.9665,237.0091,68437,82956,Rhinolophus ferrumequinum,0.026,0.026,-1,Echolocation,/mnt/ubna_data_01_mir/recover-20220825/UBNA_002/20220823_033000.WAV,Telephone Field,recover-20220825,002,1795
236.9745,236.9827,49531,57744,Pipistrellus pipistrellus,0.021,0.026,-1,Echolocation,/mnt/ubna_data_01_mir/recover-20220825/UBNA_002/20220823_033000.WAV,Telephone Field,recover-20220825,002,1795
237.0195,237.0286,26328,37827,Eptesicus serotinus,0.007,0.022,-1,Echolocation,/mnt/ubna_data_01_mir/recover-20220825/UBNA_002/20220823_033000.WAV,Telephone Field,recover-20220825,002,1795
237.07150000000001,237.1119,68437,82394,Rhinolophus ferrumequinum,0.023,0.023,-1,Echolocation,/mnt/ubna_data_01_mir/recover-20220825/UBNA_002/20220823_033000.WAV,Telephone Field,recover-20220825,002,1795
237.0725,237.0829,22890,27922,Nyctalus leisleri,0.011,0.023,-1,Echolocation,/mnt/ubna_data_01_mir/recover-20220825/UBNA_002/20220823_033000.WAV,Telephone Field,recover-20220825,002,1795
237.1015,237.1446,68437,82749,Rhinolophus ferrumequinum,0.032,0.032,-1,Echolocation,/mnt/ubna_data_01_mir/recover-20220825/UBNA_002/20220823_033000.WAV,Telephone Field,recover-20220825,002,1795
237.1525,237.1618,23750,30727,Nyctalus leisleri,0.007,0.022,-1,Echolocation,/mnt/ubna_data_01_mir/recover-20220825/UBNA_002/20220823_033000.WAV,Telephone Field,recover-20220825,002,1795
237.1635,237.2037,68437,82856,Rhinolophus ferrumequinum,0.025,0.025,-1,Echolocation,/mnt/ubna_data_01_mir/recover-20220825/UBNA_002/20220823_033000.WAV,Telephone Field,recover-20220825,002,1795
237.1765,237.2147,68437,81681,Rhinolophus ferrumequinum,0.023,0.023,-1,Echolocation,/mnt/ubna_data_01_mir/recover-20220825/UBNA_002/20220823_033000.WAV,Telephone Field,recover-20220825,002,1795
237.2095,237.2497,68437,82689,Rhinolophus ferrumequinum,0.024,0.024,-1,Echolocation,/mnt/ubna_data_01_mir/recover-20220825/UBNA_002/20220823_033000.WAV,Telephone Field,recover-20220825,002,1795
237.2275,237.2639,68437,81894,Rhinolophus ferrumequinum,0.021,0.022,-1,Echolocation,/mnt/ubna_data_01_mir/recover-20220825/UBNA_002/20220823_033000.WAV,Telephone Field,recover-20220825,002,1795
237.2575,237.266,25468,33975,Eptesicus serotinus,0.008,0.022,-1,Echolocation,/mnt/ubna_data_01_mir/recover-20220825/UBNA_002/20220823_033000.WAV,Telephone Field,recover-20220825,002,1795
237.30349999999999,237.3127,25468,33910,Eptesicus serotinus,0.008,0.024,-1,Echolocation,/mnt/ubna_data_01_mir/recover-20220825/UBNA_002/20220823_033000.WAV,Telephone Field,recover-20220825,002,1795
237.3295,237.3381,28046,37936,Eptesicus serotinus,0.009,0.026,-1,Echolocation,/mnt/ubna_data_01_mir/recover-20220825/UBNA_002/20220823_033000.WAV,Telephone Field,recover-20220825,002,1795
237.3565,237.3937,68437,81501,Rhinolophus ferrumequinum,0.023,0.023,-1,Echolocation,/mnt/ubna_data_01_mir/recover-20220825/UBNA_002/20220823_033000.WAV,Telephone Field,recover-20220825,002,1795
237.4055,237.44729999999998,68437,82314,Rhinolophus ferrumequinum,0.024,0.024,-1,Echolocation,/mnt/ubna_data_01_mir/recover-20220825/UBNA_002/20220823_033000.WAV,Telephone Field,recover-20220825,002,1795
237.4335,237.4438,22890,28161,Nyctalus leisleri,0.01,0.022,-1,Echolocation,/mnt/ubna_data_01_mir/recover-20220825/UBNA_002/20220823_033000.WAV,Telephone Field,recover-20220825,002,1795
237.4745,237.4815,28046,39910,Eptesicus serotinus,0.006,0.023,-1,Echolocation,/mnt/ubna_data_01_mir/recover-20220825/UBNA_002/20220823_033000.WAV,Telephone Field,recover-20220825,002,1795
237.5235,237.5633,68437,82015,Rhinolophus ferrumequinum,0.022,0.022,-1,Echolocation,/mnt/ubna_data_01_mir/recover-20220825/UBNA_002/20220823_033000.WAV,Telephone Field,recover-20220825,002,1795
237.54149999999998,237.5803,68437,82849,Rhinolophus ferrumequinum,0.025,0.025,-1,Echolocation,/mnt/ubna_data_01_mir/recover-20220825/UBNA_002/20220823_033000.WAV,Telephone Field,recover-20220825,002,1795
237.5655,237.6053,68437,82503,Rhinolophus ferrumequinum,0.023,0.023,-1,Echolocation,/mnt/ubna_data_01_mir/recover-20220825/UBNA_002/20220823_033000.WAV,Telephone Field,recover-20220825,002,1795
237.5915,237.6307,68437,82021,Rhinolophus ferrumequinum,0.023,0.023,-1,Echolocation,/mnt/ubna_data_01_mir/recover-20220825/UBNA_002/20220823_033000.WAV,Telephone Field,recover-20220825,002,1795
237.6265,237.6356,28046,39342,Eptesicus serotinus,0.008,0.023,-1,Echolocation,/mnt/ubna_data_01_mir/recover-20220825/UBNA_002/20220823_033000.WAV,Telephone Field,recover-20220825,002,1795
237.64249999999998,237.6846,68437,82412,Rhinolophus ferrumequinum,0.029,0.029,-1,Echolocation,/mnt/ubna_data_01_mir/recover-20220825/UBNA_002/20220823_033000.WAV,Telephone Field,recover-20220825,002,1795
237.6975,237.7354,68437,81552,Rhinolophus ferrumequinum,0.026,0.026,-1,Echolocation,/mnt/ubna_data_01_mir/recover-20220825/UBNA_002/20220823_033000.WAV,Telephone Field,recover-20220825,002,1795
237.7055,237.7154,22031,27049,Nyctalus leisleri,0.01,0.023,-1,Echolocation,/mnt/ubna_data_01_mir/recover-20220825/UBNA_002/20220823_033000.WAV,Telephone Field,recover-20220825,002,1795
237.7175,237.7568,68437,82397,Rhinolophus ferrumequinum,0.024,0.024,-1,Echolocation,/mnt/ubna_data_01_mir/recover-20220825/UBNA_002/20220823_033000.WAV,Telephone Field,recover-20220825,002,1795
237.7275,237.7382,22031,26797,Nyctalus leisleri,0.012,0.024,-1,Echolocation,/mnt/ubna_data_01_mir/recover-20220825/UBNA_002/20220823_033000.WAV,Telephone Field,recover-20220825,002,1795
237.7355,237.774,68437,81872,Rhinolophus ferrumequinum,0.022,0.023,-1,Echolocation,/mnt/ubna_data_01_mir/recover-20220825/UBNA_002/20220823_033000.WAV,Telephone Field,recover-20220825,002,1795
237.7535,237.7631,27187,36116,Eptesicus serotinus,0.009,0.022,-1,Echolocation,/mnt/ubna_data_01_mir/recover-20220825/UBNA_002/20220823_033000.WAV,Telephone Field,recover-20220825,002,1795
237.7615,237.7724,28906,34733,Eptesicus serotinus,0.011,0.024,-1,Echolocation,/mnt/ubna_data_01_mir/recover-20220825/UBNA_002/20220823_033000.WAV,Telephone Field,recover-20220825,002,1795
237.8015,237.8419,68437,82555,Rhinolophus ferrumequinum,0.022,0.022,-1,Echolocation,/mnt/ubna_data_01_mir/recover-20220825/UBNA_002/20220823_033000.WAV,Telephone Field,recover-20220825,002,1795
237.80349999999999,237.8123,45234,48961,Pipistrellus pipistrellus,0.022,0.024,-1,Echolocation,/mnt/ubna_data_01_mir/recover-20220825/UBNA_002/20220823_033000.WAV,Telephone Field,recover-20220825,002,1795
237.8125,237.8505,68437,82445,Rhinolophus ferrumequinum,0.023,0.023,-1,Echolocation,/mnt/ubna_data_01_mir/recover-20220825/UBNA_002/20220823_033000.WAV,Telephone Field,recover-20220825,002,1795
237.8435,237.8845,68437,82591,Rhinolophus ferrumequinum,0.044,0.044,-1,Echolocation,/mnt/ubna_data_01_mir/recover-20220825/UBNA_002/20220823_033000.WAV,Telephone Field,recover-20220825,002,1795
237.8735,237.9168,68437,82744,Rhinolophus ferrumequinum,0.051,0.051,-1,Echolocation,/mnt/ubna_data_01_mir/recover-20220825/UBNA_002/20220823_033000.WAV,Telephone Field,recover-20220825,002,1795
237.8795,237.8898,22890,28672,Nyctalus leisleri,0.011,0.026,-1,Echolocation,/mnt/ubna_data_01_mir/recover-20220825/UBNA_002/20220823_033000.WAV,Telephone Field,recover-20220825,002,1795
237.9015,237.9119,56406,61341,Pipistrellus pygmaeus,0.021,0.022,-1,Echolocation,/mnt/ubna_data_01_mir/recover-20220825/UBNA_002/20220823_033000.WAV,Telephone Field,recover-20220825,002,1795
237.9355,237.9743,68437,82808,Rhinolophus ferrumequinum,0.023,0.023,-1,Echolocation,/mnt/ubna_data_01_mir/recover-20220825/UBNA_002/20220823_033000.WAV,Telephone Field,recover-20220825,002,1795
237.9595,237.998,68437,81650,Rhinolophus ferrumequinum,0.022,0.023,-1,Echolocation,/mnt/ubna_data_01_mir/recover-20220825/UBNA_002/20220823_033000.WAV,Telephone Field,recover-20220825,002,1795
237.9595,237.9766,21171,25312,Nyctalus leisleri,0.023,0.047,-1,Echolocation,/mnt/ubna_data_01_mir/recover-20220825/UBNA_002/20220823_033000.WAV,Telephone Field,recover-20220825,002,1795
238.0015,238.0308,68437,79689,Rhinolophus ferrumequinum,0.024,0.024,-1,Echolocation,/mnt/ubna_data_01_mir/recover-20220825/UBNA_002/20220823_033000.WAV,Telephone Field,recover-20220825,002,1795
238.0015,238.01,46093,51666,Pipistrellus pipistrellus,0.018,0.026,-1,Echolocation,/mnt/ubna_data_01_mir/recover-20220825/UBNA_002/20220823_033000.WAV,Telephone Field,recover-20220825,002,1795
238.0015,238.0111,22890,28472,Nyctalus leisleri,0.014,0.03,-1,Echolocation,/mnt/ubna_data_01_mir/recover-20220825/UBNA_002/20220823_033000.WAV,Telephone Field,recover-20220825,002,1795
238.0095,238.0505,68437,81441,Rhinolophus ferrumequinum,0.022,0.022,-1,Echolocation,/mnt/ubna_data_01_mir/recover-20220825/UBNA_002/20220823_033000.WAV,Telephone Field,recover-20220825,002,1795
238.0155,238.0554,68437,82505,Rhinolophus ferrumequinum,0.026,0.026,-1,Echolocation,/mnt/ubna_data_01_mir/recover-20220825/UBNA_002/20220823_033000.WAV,Telephone Field,recover-20220825,002,1795
238.0555,238.0958,68437,82195,Rhinolophus ferrumequinum,0.022,0.022,-1,Echolocation,/mnt/ubna_data_01_mir/recover-20220825/UBNA_002/20220823_033000.WAV,Telephone Field,recover-20220825,002,1795
238.0565,238.0679,26328,34672,Eptesicus serotinus,0.014,0.029,-1,Echolocation,/mnt/ubna_data_01_mir/recover-20220825/UBNA_002/20220823_033000.WAV,Telephone Field,recover-20220825,002,1795
238.0905,238.1015,28046,34583,Eptesicus serotinus,0.015,0.029,-1,Echolocation,/mnt/ubna_data_01_mir/recover-20220825/UBNA_002/20220823_033000.WAV,Telephone Field,recover-20220825,002,1795
238.0945,238.13400000000001,68437,82912,Rhinolophus ferrumequinum,0.032,0.032,-1,Echolocation,/mnt/ubna_data_01_mir/recover-20220825/UBNA_002/20220823_033000.WAV,Telephone Field,recover-20220825,002,1795
238.0975,238.1078,46953,54139,Pipistrellus pipistrellus,0.018,0.021,-1,Echolocation,/mnt/ubna_data_01_mir/recover-20220825/UBNA_002/20220823_033000.WAV,Telephone Field,recover-20220825,002,1795
238.1165,238.1492,68437,80506,Rhinolophus ferrumequinum,0.021,0.021,-1,Echolocation,/mnt/ubna_data_01_mir/recover-20220825/UBNA_002/20220823_033000.WAV,Telephone Field,recover-20220825,002,1795
238.1305,238.139,28906,38876,Eptesicus serotinus,0.007,0.022,-1,Echolocation,/mnt/ubna_data_01_mir/recover-20220825/UBNA_002/20220823_033000.WAV,Telephone Field,recover-20220825,002,1795
238.1565,238.16649999999998,50390,54928,Pipistrellus pipistrellus,0.034,0.041,-1,Echolocation,/mnt/ubna_data_01_mir/recover-20220825/UBNA_002/20220823_033000.WAV,Telephone Field,recover-20220825,002,1795
238.1575,238.1946,68437,81258,Rhinolophus ferrumequinum,0.024,0.024,-1,Echolocation,/mnt/ubna_data_01_mir/recover-20220825/UBNA_002/20220823_033000.WAV,Telephone Field,recover-20220825,002,1795
238.1635,238.173,22031,27932,Nyctalus leisleri,0.008,0.022,-1,Echolocation,/mnt/ubna_data_01_mir/recover-20220825/UBNA_002/20220823_033000.WAV,Telephone Field,recover-20220825,002,1795
238.1635,238.1721,28906,38858,Eptesicus serotinus,0.01,0.025,-1,Echolocation,/mnt/ubna_data_01_mir/recover-20220825/UBNA_002/20220823_033000.WAV,Telephone Field,recover-20220825,002,1795
238.1695,238.1773,28046,36444,Eptesicus serotinus,0.009,0.025,-1,Echolocation,/mnt/ubna_data_01_mir/recover-20220825/UBNA_002/20220823_033000.WAV,Telephone Field,recover-20220825,002,1795
238.1995,238.236,68437,81532,Rhinolophus ferrumequinum,0.025,0.025,-1,Echolocation,/mnt/ubna_data_01_mir/recover-20220825/UBNA_002/20220823_033000.WAV,Telephone Field,recover-20220825,002,1795
238.2635,238.27179999999998,25468,34263,Eptesicus serotinus,0.007,0.021,-1,Echolocation,/mnt/ubna_data_01_mir/recover-20220825/UBNA_002/20220823_033000.WAV,Telephone Field,recover-20220825,002,1795
238.29149999999998,238.2994,28046,38502,Eptesicus serotinus,0.008,0.024,-1,Echolocation,/mnt/ubna_data_01_mir/recover-20220825/UBNA_002/20220823_033000.WAV,Telephone Field,recover-20220825,002,1795
238.2945,238.332,68437,81122,Rhinolophus ferrumequinum,0.024,0.024,-1,Echolocation,/mnt/ubna_data_01_mir/recover-20220825/UBNA_002/20220823_033000.WAV,Telephone Field,recover-20220825,002,1795
238.3395,238.3481,24609,33079,Nyctalus leisleri,0.006,0.023,-1,Echolocation,/mnt/ubna_data_01_mir/recover-20220825/UBNA_002/20220823_033000.WAV,Telephone Field,recover-20220825,002,1795
238.3615,238.4018,68437,83179,Rhinolophus ferrumequinum,0.026,0.026,-1,Echolocation,/mnt/ubna_data_01_mir/recover-20220825/UBNA_002/20220823_033000.WAV,Telephone Field,recover-20220825,002,1795
238.3965,238.4075,22890,28223,Nyctalus leisleri,0.013,0.028,-1,Echolocation,/mnt/ubna_data_01_mir/recover-20220825/UBNA_002/20220823_033000.WAV,Telephone Field,recover-20220825,002,1795
238.3975,238.435,68437,82463,Rhinolophus ferrumequinum,0.022,0.023,-1,Echolocation,/mnt/ubna_data_01_mir/recover-20220825/UBNA_002/20220823_033000.WAV,Telephone Field,recover-20220825,002,1795
238.4205,238.4313,23750,29393,Nyctalus leisleri,0.012,0.027,-1,Echolocation,/mnt/ubna_data_01_mir/recover-20220825/UBNA_002/20220823_033000.WAV,Telephone Field,recover-20220825,002,1795
238.4315,238.4709,68437,82883,Rhinolophus ferrumequinum,0.025,0.025,-1,Echolocation,/mnt/ubna_data_01_mir/recover-20220825/UBNA_002/20220823_033000.WAV,Telephone Field,recover-20220825,002,1795
238.4475,238.4869,68437,82912,Rhinolophus ferrumequinum,0.022,0.022,-1,Echolocation,/mnt/ubna_data_01_mir/recover-20220825/UBNA_002/20220823_033000.WAV,Telephone Field,recover-20220825,002,1795
238.4625,238.5049,68437,83066,Rhinolophus ferrumequinum,0.028,0.028,-1,Echolocation,/mnt/ubna_data_01_mir/recover-20220825/UBNA_002/20220823_033000.WAV,Telephone Field,recover-20220825,002,1795
238.5015,238.54149999999998,68437,82139,Rhinolophus ferrumequinum,0.024,0.024,-1,Echolocation,/mnt/ubna_data_01_mir/recover-20220825/UBNA_002/20220823_033000.WAV,Telephone Field,recover-20220825,002,1795
238.5285,238.5409,23750,29626,Nyctalus leisleri,0.01,0.024,-1,Echolocation,/mnt/ubna_data_01_mir/recover-20220825/UBNA_002/20220823_033000.WAV,Telephone Field,recover-20220825,002,1795
238.5555,238.5946,68437,82504,Rhinolophus ferrumequinum,0.025,0.025,-1,Echolocation,/mnt/ubna_data_01_mir/recover-20220825/UBNA_002/20220823_033000.WAV,Telephone Field,recover-20220825,002,1795
238.5675,238.6051,68437,82261,Rhinolophus ferrumequinum,0.023,0.023,-1,Echolocation,/mnt/ubna_data_01_mir/recover-20220825/UBNA_002/20220823_033000.WAV,Telephone Field,recover-20220825,002,1795
238.5965,238.6072,27187,35592,Eptesicus serotinus,0.023,0.037,-1,Echolocation,/mnt/ubna_data_01_mir/recover-20220825/UBNA_002/20220823_033000.WAV,Telephone Field,recover-20220825,002,1795
238.60750000000002,238.6423,68437,81898,Rhinolophus ferrumequinum,0.024,0.024,-1,Echolocation,/mnt/ubna_data_01_mir/recover-20220825/UBNA_002/20220823_033000.WAV,Telephone Field,recover-20220825,002,1795
238.6175,238.6569,68437,82583,Rhinolophus ferrumequinum,0.023,0.023,-1,Echolocation,/mnt/ubna_data_01_mir/recover-20220825/UBNA_002/20220823_033000.WAV,Telephone Field,recover-20220825,002,1795
238.6475,238.6543,28046,41228,Eptesicus serotinus,0.006,0.021,-1,Echolocation,/mnt/ubna_data_01_mir/recover-20220825/UBNA_002/20220823_033000.WAV,Telephone Field,recover-20220825,002,1795
238.7235,238.7311,28906,41069,Eptesicus serotinus,0.008,0.024,-1,Echolocation,/mnt/ubna_data_01_mir/recover-20220825/UBNA_002/20220823_033000.WAV,Telephone Field,recover-20220825,002,1795
238.7375,238.7763,68437,81011,Rhinolophus ferrumequinum,0.021,0.021,-1,Echolocation,/mnt/ubna_data_01_mir/recover-20220825/UBNA_002/20220823_033000.WAV,Telephone Field,recover-20220825,002,1795
238.7435,238.7813,68437,81449,Rhinolophus ferrumequinum,0.024,0.024,-1,Echolocation,/mnt/ubna_data_01_mir/recover-20220825/UBNA_002/20220823_033000.WAV,Telephone Field,recover-20220825,002,1795
238.7645,238.8031,68437,81870,Rhinolophus ferrumequinum,0.024,0.024,-1,Echolocation,/mnt/ubna_data_01_mir/recover-20220825/UBNA_002/20220823_033000.WAV,Telephone Field,recover-20220825,002,1795
238.7705,238.8095,68437,81999,Rhinolophus ferrumequinum,0.025,0.025,-1,Echolocation,/mnt/ubna_data_01_mir/recover-20220825/UBNA_002/20220823_033000.WAV,Telephone Field,recover-20220825,002,1795
238.7885,238.8317,68437,83689,Rhinolophus ferrumequinum,0.029,0.029,-1,Echolocation,/mnt/ubna_data_01_mir/recover-20220825/UBNA_002/20220823_033000.WAV,Telephone Field,recover-20220825,002,1795
238.7895,238.7997,23750,29810,Nyctalus leisleri,0.011,0.028,-1,Echolocation,/mnt/ubna_data_01_mir/recover-20220825/UBNA_002/20220823_033000.WAV,Telephone Field,recover-20220825,002,1795
238.8475,238.88400000000001,68437,82025,Rhinolophus ferrumequinum,0.021,0.021,-1,Echolocation,/mnt/ubna_data_01_mir/recover-20220825/UBNA_002/20220823_033000.WAV,Telephone Field,recover-20220825,002,1795
238.8515,238.8587,27187,40763,Eptesicus serotinus,0.006,0.022,-1,Echolocation,/mnt/ubna_data_01_mir/recover-20220825/UBNA_002/20220823_033000.WAV,Telephone Field,recover-20220825,002,1795
238.8715,238.9091,68437,82022,Rhinolophus ferrumequinum,0.028,0.028,-1,Echolocation,/mnt/ubna_data_01_mir/recover-20220825/UBNA_002/20220823_033000.WAV,Telephone Field,recover-20220825,002,1795
238.8975,238.9072,28906,40578,Eptesicus serotinus,0.009,0.021,-1,Echolocation,/mnt/ubna_data_01_mir/recover-20220825/UBNA_002/20220823_033000.WAV,Telephone Field,recover-20220825,002,1795
238.94650000000001,238.9866,68437,82044,Rhinolophus ferrumequinum,0.024,0.024,-1,Echolocation,/mnt/ubna_data_01_mir/recover-20220825/UBNA_002/20220823_033000.WAV,Telephone Field,recover-20220825,002,1795
238.9775,238.9865,48671,52828,Pipistrellus pipistrellus,0.024,0.026,-1,Echolocation,/mnt/ubna_data_01_mir/recover-20220825/UBNA_002/20220823_033000.WAV,Telephone Field,recover-20220825,002,1795
238.9925,239.0036,22890,28801,Nyctalus leisleri,0.014,0.031,-1,Echolocation,/mnt/ubna_data_01_mir/recover-20220825/UBNA_002/20220823_033000.WAV,Telephone Field,recover-20220825,002,1795
239.0095,239.0213,36640,43099,Pipistrellus nathusii,0.01,0.028,-1,Echolocation,/mnt/ubna_data_01_mir/recover-20220825/UBNA_002/20220823_033000.WAV,Telephone Field,recover-20220825,002,1795
239.0355,239.0424,23750,33065,Plecotus austriacus,0.016,0.035,-1,Echolocation,/mnt/ubna_data_01_mir/recover-20220825/UBNA_002/20220823_033000.WAV,Telephone Field,recover-20220825,002,1795
239.0815,239.1184,68437,82031,Rhinolophus ferrumequinum,0.022,0.022,-1,Echolocation,/mnt/ubna_data_01_mir/recover-20220825/UBNA_002/20220823_033000.WAV,Telephone Field,recover-20220825,002,1795
239.1165,239.1274,22031,26151,Nyctalus leisleri,0.014,0.026,-1,Echolocation,/mnt/ubna_data_01_mir/recover-20220825/UBNA_002/20220823_033000.WAV,Telephone Field,recover-20220825,002,1795
239.1795,239.2232,68437,83202,Rhinolophus ferrumequinum,0.031,0.031,-1,Echolocation,/mnt/ubna_data_01_mir/recover-20220825/UBNA_002/20220823_033000.WAV,Telephone Field,recover-20220825,002,1795
239.2155,239.2553,68437,82666,Rhinolophus ferrumequinum,0.023,0.023,-1,Echolocation,/mnt/ubna_data_01_mir/recover-20220825/UBNA_002/20220823_033000.WAV,Telephone Field,recover-20220825,002,1795
239.2215,239.2612,68437,82686,Rhinolophus ferrumequinum,0.022,0.022,-1,Echolocation,/mnt/ubna_data_01_mir/recover-20220825/UBNA_002/20220823_033000.WAV,Telephone Field,recover-20220825,002,1795
239.2415,239.2809,68437,82781,Rhinolophus ferrumequinum,0.025,0.025,-1,Echolocation,/mnt/ubna_data_01_mir/recover-20220825/UBNA_002/20220823_033000.WAV,Telephone Field,recover-20220825,002,1795
239.2855,239.3287,68437,83361,Rhinolophus ferrumequinum,0.032,0.032,-1,Echolocation,/mnt/ubna_data_01_mir/recover-20220825/UBNA_002/20220823_033000.WAV,Telephone Field,recover-20220825,002,1795
239.2905,239.2978,25468,35719,Plecotus austriacus,0.011,0.035,-1,Echolocation,/mnt/ubna_data_01_mir/recover-20220825/UBNA_002/20220823_033000.WAV,Telephone Field,recover-20220825,002,1795
239.3255,239.3333,28906,41772,Eptesicus serotinus,0.008,0.026,-1,Echolocation,/mnt/ubna_data_01_mir/recover-20220825/UBNA_002/20220823_033000.WAV,Telephone Field,recover-20220825,002,1795
239.3325,239.3487,34062,39026,Pipistrellus nathusii,0.025,0.068,-1,Echolocation,/mnt/ubna_data_01_mir/recover-20220825/UBNA_002/20220823_033000.WAV,Telephone Field,recover-20220825,002,1795
239.3435,239.38400000000001,68437,82488,Rhinolophus ferrumequinum,0.027,0.027,-1,Echolocation,/mnt/ubna_data_01_mir/recover-20220825/UBNA_002/20220823_033000.WAV,Telephone Field,recover-20220825,002,1795
239.3565,239.3659,28046,36956,Eptesicus serotinus,0.011,0.023,-1,Echolocation,/mnt/ubna_data_01_mir/recover-20220825/UBNA_002/20220823_033000.WAV,Telephone Field,recover-20220825,002,1795
239.3685,239.4075,68437,82422,Rhinolophus ferrumequinum,0.024,0.024,-1,Echolocation,/mnt/ubna_data_01_mir/recover-20220825/UBNA_002/20220823_033000.WAV,Telephone Field,recover-20220825,002,1795
239.3825,239.3936,28906,36062,Eptesicus serotinus,0.01,0.023,-1,Echolocation,/mnt/ubna_data_01_mir/recover-20220825/UBNA_002/20220823_033000.WAV,Telephone Field,recover-20220825,002,1795
239.4155,239.4573,68437,82590,Rhinolophus ferrumequinum,0.024,0.024,-1,Echolocation,/mnt/ubna_data_01_mir/recover-20220825/UBNA_002/20220823_033000.WAV,Telephone Field,recover-20220825,002,1795
239.41649999999998,239.4282,27187,34203,Eptesicus serotinus,0.015,0.031,-1,Echolocation,/mnt/ubna_data_01_mir/recover-20220825/UBNA_002/20220823_033000.WAV,Telephone Field,recover-20220825,002,1795
239.4235,239.461,68437,81799,Rhinolophus ferrumequinum,0.025,0.025,-1,Echolocation,/mnt/ubna_data_01_mir/recover-20220825/UBNA_002/20220823_033000.WAV,Telephone Field,recover-20220825,002,1795
239.4445,239.4553,28046,36042,Eptesicus serotinus,0.017,0.028,-1,Echolocation,/mnt/ubna_data_01_mir/recover-20220825/UBNA_002/20220823_033000.WAV,Telephone Field,recover-20220825,002,1795
239.4545,239.4643,28906,40595,Eptesicus serotinus,0.008,0.021,-1,Echolocation,/mnt/ubna_data_01_mir/recover-20220825/UBNA_002/20220823_033000.WAV,Telephone Field,recover-20220825,002,1795
239.4645,239.5046,68437,82849,Rhinolophus ferrumequinum,0.032,0.032,-1,Echolocation,/mnt/ubna_data_01_mir/recover-20220825/UBNA_002/20220823_033000.WAV,Telephone Field,recover-20220825,002,1795
239.4975,239.5398,68437,82931,Rhinolophus ferrumequinum,0.025,0.025,-1,Echolocation,/mnt/ubna_data_01_mir/recover-20220825/UBNA_002/20220823_033000.WAV,Telephone Field,recover-20220825,002,1795
239.5165,239.5607,68437,83635,Rhinolophus ferrumequinum,0.033,0.033,-1,Echolocation,/mnt/ubna_data_01_mir/recover-20220825/UBNA_002/20220823_033000.WAV,Telephone Field,recover-20220825,002,1795
239.5265,239.5676,68437,83272,Rhinolophus ferrumequinum,0.025,0.025,-1,Echolocation,/mnt/ubna_data_01_mir/recover-20220825/UBNA_002/20220823_033000.WAV,Telephone Field,recover-20220825,002,1795
239.5515,239.5911,68437,82002,Rhinolophus ferrumequinum,0.022,0.022,-1,Echolocation,/mnt/ubna_data_01_mir/recover-20220825/UBNA_002/20220823_033000.WAV,Telephone Field,recover-20220825,002,1795
239.5545,239.5652,14296,19795,Nyctalus noctula,0.011,0.024,-1,Echolocation,/mnt/ubna_data_01_mir/recover-20220825/UBNA_002/20220823_033000.WAV,Telephone Field,recover-20220825,002,1795
239.5595,239.6004,68437,82499,Rhinolophus ferrumequinum,0.021,0.021,-1,Echolocation,/mnt/ubna_data_01_mir/recover-20220825/UBNA_002/20220823_033000.WAV,Telephone Field,recover-20220825,002,1795
239.5805,239.5905,22890,29071,Nyctalus leisleri,0.008,0.022,-1,Echolocation,/mnt/ubna_data_01_mir/recover-20220825/UBNA_002/20220823_033000.WAV,Telephone Field,recover-20220825,002,1795
239.5865,239.6267,68437,83161,Rhinolophus ferrumequinum,0.029,0.029,-1,Echolocation,/mnt/ubna_data_01_mir/recover-20220825/UBNA_002/20220823_033000.WAV,Telephone Field,recover-20220825,002,1795
239.6205,239.66140000000001,68437,82310,Rhinolophus ferrumequinum,0.024,0.024,-1,Echolocation,/mnt/ubna_data_01_mir/recover-20220825/UBNA_002/20220823_033000.WAV,Telephone Field,recover-20220825,002,1795
239.64249999999998,239.6524,27187,36274,Eptesicus serotinus,0.012,0.025,-1,Echolocation,/mnt/ubna_data_01_mir/recover-20220825/UBNA_002/20220823_033000.WAV,Telephone Field,recover-20220825,002,1795
239.6495,239.6876,68437,81912,Rhinolophus ferrumequinum,0.026,0.027,-1,Echolocation,/mnt/ubna_data_01_mir/recover-20220825/UBNA_002/20220823_033000.WAV,Telephone Field,recover-20220825,002,1795
239.6595,239.6709,34921,40765,Eptesicus serotinus,0.005,0.024,-1,Echolocation,/mnt/ubna_data_01_mir/recover-20220825/UBNA_002/20220823_033000.WAV,Telephone Field,recover-20220825,002,1795
239.6955,239.7045,26328,34965,Eptesicus serotinus,0.012,0.026,-1,Echolocation,/mnt/ubna_data_01_mir/recover-20220825/UBNA_002/20220823_033000.WAV,Telephone Field,recover-20220825,002,1795
239.6985,239.7375,68437,82146,Rhinolophus ferrumequinum,0.022,0.022,-1,Echolocation,/mnt/ubna_data_01_mir/recover-20220825/UBNA_002/20220823_033000.WAV,Telephone Field,recover-20220825,002,1795
239.7095,239.7464,68437,81719,Rhinolophus ferrumequinum,0.021,0.021,-1,Echolocation,/mnt/ubna_data_01_mir/recover-20220825/UBNA_002/20220823_033000.WAV,Telephone Field,recover-20220825,002,1795
239.7495,239.7868,68437,81981,Rhinolophus ferrumequinum,0.022,0.022,-1,Echolocation,/mnt/ubna_data_01_mir/recover-20220825/UBNA_002/20220823_033000.WAV,Telephone Field,recover-20220825,002,1795
239.7515,239.7599,49531,53474,Pipistrellus pipistrellus,0.025,0.028,-1,Echolocation,/mnt/ubna_data_01_mir/recover-20220825/UBNA_002/20220823_033000.WAV,Telephone Field,recover-20220825,002,1795
239.7565,239.7693,22890,28318,Nyctalus leisleri,0.012,0.025,-1,Echolocation,/mnt/ubna_data_01_mir/recover-20220825/UBNA_002/20220823_033000.WAV,Telephone Field,recover-20220825,002,1795
239.7805,239.7894,28046,38341,Eptesicus serotinus,0.008,0.021,-1,Echolocation,/mnt/ubna_data_01_mir/recover-20220825/UBNA_002/20220823_033000.WAV,Telephone Field,recover-20220825,002,1795
239.7825,239.8229,68437,82647,Rhinolophus ferrumequinum,0.025,0.025,-1,Echolocation,/mnt/ubna_data_01_mir/recover-20220825/UBNA_002/20220823_033000.WAV,Telephone Field,recover-20220825,002,1795
239.8055,239.8148,28906,39384,Eptesicus serotinus,0.009,0.022,-1,Echolocation,/mnt/ubna_data_01_mir/recover-20220825/UBNA_002/20220823_033000.WAV,Telephone Field,recover-20220825,002,1795
239.8095,239.8206,33203,38825,Eptesicus serotinus,0.009,0.023,-1,Echolocation,/mnt/ubna_data_01_mir/recover-20220825/UBNA_002/20220823_033000.WAV,Telephone Field,recover-20220825,002,1795
239.8305,239.844,28906,33575,Eptesicus serotinus,0.016,0.031,-1,Echolocation,/mnt/ubna_data_01_mir/recover-20220825/UBNA_002/20220823_033000.WAV,Telephone Field,recover-20220825,002,1795
239.8325,239.8711,68437,82374,Rhinolophus ferrumequinum,0.022,0.022,-1,Echolocation,/mnt/ubna_data_01_mir/recover-20220825/UBNA_002/20220823_033000.WAV,Telephone Field,recover-20220825,002,1795
239.8525,239.8898,68437,81821,Rhinolophus ferrumequinum,0.022,0.022,-1,Echolocation,/mnt/ubna_data_01_mir/recover-20220825/UBNA_002/20220823_033000.WAV,Telephone Field,recover-20220825,002,1795
239.8585,239.897,68437,81772,Rhinolophus ferrumequinum,0.023,0.023,-1,Echolocation,/mnt/ubna_data_01_mir/recover-20220825/UBNA_002/20220823_033000.WAV,Telephone Field,recover-20220825,002,1795
239.8845,239.8955,23750,28942,Nyctalus leisleri,0.01,0.023,-1,Echolocation,/mnt/ubna_data_01_mir/recover-20220825/UBNA_002/20220823_033000.WAV,Telephone Field,recover-20220825,002,1795
239.91649999999998,239.9531,68437,82477,Rhinolophus ferrumequinum,0.025,0.025,-1,Echolocation,/mnt/ubna_data_01_mir/recover-20220825/UBNA_002/20220823_033000.WAV,Telephone Field,recover-20220825,002,1795
239.9385,239.9466,47812,52532,Pipistrellus pipistrellus,0.022,0.024,-1,Echolocation,/mnt/ubna_data_01_mir/recover-20220825/UBNA_002/20220823_033000.WAV,Telephone Field,recover-20220825,002,1795
240.0015,240.0094,26328,36209,Eptesicus serotinus,0.006,0.025,-1,Echolocation,/mnt/ubna_data_01_mir/recover-20220825/UBNA_002/20220823_033000.WAV,Telephone Field,recover-20220825,002,1795
240.0015,240.0113,46953,54042,Pipistrellus pipistrellus,0.023,0.031,-1,Echolocation,/mnt/ubna_data_01_mir/recover-20220825/UBNA_002/20220823_033000.WAV,Telephone Field,recover-20220825,002,1795
240.0015,240.0354,68437,80131,Rhinolophus ferrumequinum,0.056,0.057,-1,Echolocation,/mnt/ubna_data_01_mir/recover-20220825/UBNA_002/20220823_033000.WAV,Telephone Field,recover-20220825,002,1795
240.0285,240.0385,24609,31721,Nyctalus leisleri,0.007,0.022,-1,Echolocation,/mnt/ubna_data_01_mir/recover-20220825/UBNA_002/20220823_033000.WAV,Telephone Field,recover-20220825,002,1795
240.0545,240.0618,31484,43045,Myotis daubentonii,0.008,0.022,-1,Echolocation,/mnt/ubna_data_01_mir/recover-20220825/UBNA_002/20220823_033000.WAV,Telephone Field,recover-20220825,002,1795
240.0565,240.097,68437,82630,Rhinolophus ferrumequinum,0.03,0.03,-1,Echolocation,/mnt/ubna_data_01_mir/recover-20220825/UBNA_002/20220823_033000.WAV,Telephone Field,recover-20220825,002,1795
240.0845,240.0929,28906,39007,Eptesicus serotinus,0.007,0.021,-1,Echolocation,/mnt/ubna_data_01_mir/recover-20220825/UBNA_002/20220823_033000.WAV,Telephone Field,recover-20220825,002,1795
240.0985,240.1398,68437,82782,Rhinolophus ferrumequinum,0.022,0.022,-1,Echolocation,/mnt/ubna_data_01_mir/recover-20220825/UBNA_002/20220823_033000.WAV,Telephone Field,recover-20220825,002,1795
240.1955,240.2358,68437,82322,Rhinolophus ferrumequinum,0.023,0.023,-1,Echolocation,/mnt/ubna_data_01_mir/recover-20220825/UBNA_002/20220823_033000.WAV,Telephone Field,recover-20220825,002,1795
240.2265,240.2647,68437,82122,Rhinolophus ferrumequinum,0.021,0.021,-1,Echolocation,/mnt/ubna_data_01_mir/recover-20220825/UBNA_002/20220823_033000.WAV,Telephone Field,recover-20220825,002,1795
240.2265,240.2337,28046,40134,Eptesicus serotinus,0.008,0.025,-1,Echolocation,/mnt/ubna_data_01_mir/recover-20220825/UBNA_002/20220823_033000.WAV,Telephone Field,recover-20220825,002,1795
240.2545,240.2656,23750,28647,Nyctalus leisleri,0.011,0.022,-1,Echolocation,/mnt/ubna_data_01_mir/recover-20220825/UBNA_002/20220823_033000.WAV,Telephone Field,recover-20220825,002,1795
240.2755,240.2832,27187,37108,Eptesicus serotinus,0.009,0.026,-1,Echolocation,/mnt/ubna_data_01_mir/recover-20220825/UBNA_002/20220823_033000.WAV,Telephone Field,recover-20220825,002,1795
240.2995,240.3415,68437,82673,Rhinolophus ferrumequinum,0.023,0.023,-1,Echolocation,/mnt/ubna_data_01_mir/recover-20220825/UBNA_002/20220823_033000.WAV,Telephone Field,recover-20220825,002,1795
240.3175,240.3585,68437,82735,Rhinolophus ferrumequinum,0.021,0.021,-1,Echolocation,/mnt/ubna_data_01_mir/recover-20220825/UBNA_002/20220823_033000.WAV,Telephone Field,recover-20220825,002,1795
240.3505,240.3574,27187,40425,Eptesicus serotinus,0.005,0.021,-1,Echolocation,/mnt/ubna_data_01_mir/recover-20220825/UBNA_002/20220823_033000.WAV,Telephone Field,recover-20220825,002,1795
240.3655,240.4097,68437,83394,Rhinolophus ferrumequinum,0.039,0.039,-1,Echolocation,/mnt/ubna_data_01_mir/recover-20220825/UBNA_002/20220823_033000.WAV,Telephone Field,recover-20220825,002,1795
240.3725,240.3828,22031,27763,Nyctalus leisleri,0.009,0.025,-1,Echolocation,/mnt/ubna_data_01_mir/recover-20220825/UBNA_002/20220823_033000.WAV,Telephone Field,recover-20220825,002,1795
240.3985,240.4394,68437,82966,Rhinolophus ferrumequinum,0.028,0.028,-1,Echolocation,/mnt/ubna_data_01_mir/recover-20220825/UBNA_002/20220823_033000.WAV,Telephone Field,recover-20220825,002,1795
240.4245,240.4621,68437,81954,Rhinolophus ferrumequinum,0.021,0.021,-1,Echolocation,/mnt/ubna_data_01_mir/recover-20220825/UBNA_002/20220823_033000.WAV,Telephone Field,recover-20220825,002,1795
240.4535,240.4883,68437,81468,Rhinolophus ferrumequinum,0.024,0.024,-1,Echolocation,/mnt/ubna_data_01_mir/recover-20220825/UBNA_002/20220823_033000.WAV,Telephone Field,recover-20220825,002,1795
240.4575,240.4649,23750,32180,Plecotus austriacus,0.012,0.027,-1,Echolocation,/mnt/ubna_data_01_mir/recover-20220825/UBNA_002/20220823_033000.WAV,Telephone Field,recover-20220825,002,1795
240.4615,240.5006,68437,82210,Rhinolophus ferrumequinum,0.022,0.022,-1,Echolocation,/mnt/ubna_data_01_mir/recover-20220825/UBNA_002/20220823_033000.WAV,Telephone Field,recover-20220825,002,1795
240.4685,240.5091,68437,82674,Rhinolophus ferrumequinum,0.022,0.022,-1,Echolocation,/mnt/ubna_data_01_mir/recover-20220825/UBNA_002/20220823_033000.WAV,Telephone Field,recover-20220825,002,1795
240.4895,240.4976,28046,38130,Eptesicus serotinus,0.007,0.021,-1,Echolocation,/mnt/ubna_data_01_mir/recover-20220825/UBNA_002/20220823_033000.WAV,Telephone Field,recover-20220825,002,1795
240.5075,240.5447,68437,81962,Rhinolophus ferrumequinum,0.023,0.023,-1,Echolocation,/mnt/ubna_data_01_mir/recover-20220825/UBNA_002/20220823_033000.WAV,Telephone Field,recover-20220825,002,1795
240.5375,240.5781,68437,82733,Rhinolophus ferrumequinum,0.029,0.029,-1,Echolocation,/mnt/ubna_data_01_mir/recover-20220825/UBNA_002/20220823_033000.WAV,Telephone Field,recover-20220825,002,1795
240.5705,240.6074,68437,82196,Rhinolophus ferrumequinum,0.022,0.022,-1,Echolocation,/mnt/ubna_data_01_mir/recover-20220825/UBNA_002/20220823_033000.WAV,Telephone Field,recover-20220825,002,1795
240.5805,240.6126,68437,79474,Rhinolophus ferrumequinum,0.023,0.024,-1,Echolocation,/mnt/ubna_data_01_mir/recover-20220825/UBNA_002/20220823_033000.WAV,Telephone Field,recover-20220825,002,1795
240.5885,240.5985,51250,57060,Pipistrellus pipistrellus,0.021,0.028,-1,Echolocation,/mnt/ubna_data_01_mir/recover-20220825/UBNA_002/20220823_033000.WAV,Telephone Field,recover-20220825,002,1795
240.5955,240.6036,28046,40206,Eptesicus serotinus,0.008,0.023,-1,Echolocation,/mnt/ubna_data_01_mir/recover-20220825/UBNA_002/20220823_033000.WAV,Telephone Field,recover-20220825,002,1795
240.6095,240.6477,68437,81786,Rhinolophus ferrumequinum,0.022,0.022,-1,Echolocation,/mnt/ubna_data_01_mir/recover-20220825/UBNA_002/20220823_033000.WAV,Telephone Field,recover-20220825,002,1795
240.6125,240.623,23750,29632,Nyctalus leisleri,0.011,0.026,-1,Echolocation,/mnt/ubna_data_01_mir/recover-20220825/UBNA_002/20220823_033000.WAV,Telephone Field,recover-20220825,002,1795
240.6165,240.6542,68437,81771,Rhinolophus ferrumequinum,0.022,0.022,-1,Echolocation,/mnt/ubna_data_01_mir/recover-20220825/UBNA_002/20220823_033000.WAV,Telephone Field,recover-20220825,002,1795
240.6395,240.6805,68437,82500,Rhinolophus ferrumequinum,0.024,0.024,-1,Echolocation,/mnt/ubna_data_01_mir/recover-20220825/UBNA_002/20220823_033000.WAV,Telephone Field,recover-20220825,002,1795
240.7025,240.7435,68437,82423,Rhinolophus ferrumequinum,0.022,0.022,-1,Echolocation,/mnt/ubna_data_01_mir/recover-20220825/UBNA_002/20220823_033000.WAV,Telephone Field,recover-20220825,002,1795
240.7085,240.7498,68437,82388,Rhinolophus ferrumequinum,0.023,0.023,-1,Echolocation,/mnt/ubna_data_01_mir/recover-20220825/UBNA_002/20220823_033000.WAV,Telephone Field,recover-20220825,002,1795
240.7175,240.7271,22890,28924,Nyctalus leisleri,0.009,0.026,-1,Echolocation,/mnt/ubna_data_01_mir/recover-20220825/UBNA_002/20220823_033000.WAV,Telephone Field,recover-20220825,002,1795
240.7355,240.7738,68437,82947,Rhinolophus ferrumequinum,0.022,0.022,-1,Echolocation,/mnt/ubna_data_01_mir/recover-20220825/UBNA_002/20220823_033000.WAV,Telephone Field,recover-20220825,002,1795
240.7785,240.786,28046,38970,Eptesicus serotinus,0.008,0.023,-1,Echolocation,/mnt/ubna_data_01_mir/recover-20220825/UBNA_002/20220823_033000.WAV,Telephone Field,recover-20220825,002,1795
240.7795,240.8202,68437,82582,Rhinolophus ferrumequinum,0.024,0.024,-1,Echolocation,/mnt/ubna_data_01_mir/recover-20220825/UBNA_002/20220823_033000.WAV,Telephone Field,recover-20220825,002,1795
240.7855,240.8242,68437,82670,Rhinolophus ferrumequinum,0.022,0.022,-1,Echolocation,/mnt/ubna_data_01_mir/recover-20220825/UBNA_002/20220823_033000.WAV,Telephone Field,recover-20220825,002,1795
240.8265,240.8355,28046,37939,Eptesicus serotinus,0.009,0.025,-1,Echolocation,/mnt/ubna_data_01_mir/recover-20220825/UBNA_002/20220823_033000.WAV,Telephone Field,recover-20220825,002,1795
240.8515,240.8898,68437,82519,Rhinolophus ferrumequinum,0.021,0.021,-1,Echolocation,/mnt/ubna_data_01_mir/recover-20220825/UBNA_002/20220823_033000.WAV,Telephone Field,recover-20220825,002,1795
240.8635,240.8698,28046,39775,Eptesicus serotinus,0.007,0.027,-1,Echolocation,/mnt/ubna_data_01_mir/recover-20220825/UBNA_002/20220823_033000.WAV,Telephone Field,recover-20220825,002,1795
240.8835,240.8922,44375,47859,Pipistrellus pipistrellus,0.025,0.027,-1,Echolocation,/mnt/ubna_data_01_mir/recover-20220825/UBNA_002/20220823_033000.WAV,Telephone Field,recover-20220825,002,1795
240.8945,240.9323,68437,82113,Rhinolophus ferrumequinum,0.026,0.026,-1,Echolocation,/mnt/ubna_data_01_mir/recover-20220825/UBNA_002/20220823_033000.WAV,Telephone Field,recover-20220825,002,1795
240.9495,240.9836,68437,82034,Rhinolophus ferrumequinum,0.021,0.021,-1,Echolocation,/mnt/ubna_data_01_mir/recover-20220825/UBNA_002/20220823_033000.WAV,Telephone Field,recover-20220825,002,1795
240.9825,240.9944,22890,28464,Nyctalus leisleri,0.013,0.028,-1,Echolocation,/mnt/ubna_data_01_mir/recover-20220825/UBNA_002/20220823_033000.WAV,Telephone Field,recover-20220825,002,1795
241.0085,241.0162,22890,31129,Plecotus austriacus,0.016,0.032,-1,Echolocation,/mnt/ubna_data_01_mir/recover-20220825/UBNA_002/20220823_033000.WAV,Telephone Field,recover-20220825,002,1795
241.0115,241.051,68437,82179,Rhinolophus ferrumequinum,0.03,0.03,-1,Echolocation,/mnt/ubna_data_01_mir/recover-20220825/UBNA_002/20220823_033000.WAV,Telephone Field,recover-20220825,002,1795
241.0215,241.0588,68437,82538,Rhinolophus ferrumequinum,0.023,0.024,-1,Echolocation,/mnt/ubna_data_01_mir/recover-20220825/UBNA_002/20220823_033000.WAV,Telephone Field,recover-20220825,002,1795
241.0315,241.0674,68437,81681,Rhinolophus ferrumequinum,0.021,0.021,-1,Echolocation,/mnt/ubna_data_01_mir/recover-20220825/UBNA_002/20220823_033000.WAV,Telephone Field,recover-20220825,002,1795
241.0395,241.0792,68437,82606,Rhinolophus ferrumequinum,0.025,0.025,-1,Echolocation,/mnt/ubna_data_01_mir/recover-20220825/UBNA_002/20220823_033000.WAV,Telephone Field,recover-20220825,002,1795
241.0475,241.0564,23750,31959,Plecotus austriacus,0.01,0.027,-1,Echolocation,/mnt/ubna_data_01_mir/recover-20220825/UBNA_002/20220823_033000.WAV,Telephone Field,recover-20220825,002,1795
241.0495,241.0629,45234,49366,Pipistrellus pipistrellus,0.024,0.03,-1,Echolocation,/mnt/ubna_data_01_mir/recover-20220825/UBNA_002/20220823_033000.WAV,Telephone Field,recover-20220825,002,1795
241.0645,241.0998,68437,81422,Rhinolophus ferrumequinum,0.021,0.021,-1,Echolocation,/mnt/ubna_data_01_mir/recover-20220825/UBNA_002/20220823_033000.WAV,Telephone Field,recover-20220825,002,1795
241.0965,241.1031,27187,43280,Eptesicus serotinus,0.006,0.025,-1,Echolocation,/mnt/ubna_data_01_mir/recover-20220825/UBNA_002/20220823_033000.WAV,Telephone Field,recover-20220825,002,1795
241.1435,241.155,52968,57652,Pipistrellus pygmaeus,0.022,0.027,-1,Echolocation,/mnt/ubna_data_01_mir/recover-20220825/UBNA_002/20220823_033000.WAV,Telephone Field,recover-20220825,002,1795
241.1765,241.2161,68437,81985,Rhinolophus ferrumequinum,0.022,0.022,-1,Echolocation,/mnt/ubna_data_01_mir/recover-20220825/UBNA_002/20220823_033000.WAV,Telephone Field,recover-20220825,002,1795
241.2085,241.2507,68437,83131,Rhinolophus ferrumequinum,0.029,0.029,-1,Echolocation,/mnt/ubna_data_01_mir/recover-20220825/UBNA_002/20220823_033000.WAV,Telephone Field,recover-20220825,002,1795
241.2205,241.2565,68437,82191,Rhinolophus ferrumequinum,0.021,0.021,-1,Echolocation,/mnt/ubna_data_01_mir/recover-20220825/UBNA_002/20220823_033000.WAV,Telephone Field,recover-20220825,002,1795
241.2615,241.2686,27187,39390,Eptesicus serotinus,0.006,0.022,-1,Echolocation,/mnt/ubna_data_01_mir/recover-20220825/UBNA_002/20220823_033000.WAV,Telephone Field,recover-20220825,002,1795
241.2775,241.319,68437,82741,Rhinolophus ferrumequinum,0.022,0.022,-1,Echolocation,/mnt/ubna_data_01_mir/recover-20220825/UBNA_002/20220823_033000.WAV,Telephone Field,recover-20220825,002,1795
241.2845,241.2938,28906,39352,Eptesicus serotinus,0.009,0.021,-1,Echolocation,/mnt/ubna_data_01_mir/recover-20220825/UBNA_002/20220823_033000.WAV,Telephone Field,recover-20220825,002,1795
241.3305,241.3415,28046,36207,Eptesicus serotinus,0.012,0.027,-1,Echolocation,/mnt/ubna_data_01_mir/recover-20220825/UBNA_002/20220823_033000.WAV,Telephone Field,recover-20220825,002,1795
241.3455,241.3831,68437,80560,Rhinolophus ferrumequinum,0.023,0.023,-1,Echolocation,/mnt/ubna_data_01_mir/recover-20220825/UBNA_002/20220823_033000.WAV,Telephone Field,recover-20220825,002,1795
241.3475,241.3552,28046,37951,Eptesicus serotinus,0.008,0.026,-1,Echolocation,/mnt/ubna_data_01_mir/recover-20220825/UBNA_002/20220823_033000.WAV,Telephone Field,recover-20220825,002,1795
241.3655,241.4052,68437,83206,Rhinolophus ferrumequinum,0.021,0.021,-1,Echolocation,/mnt/ubna_data_01_mir/recover-20220825/UBNA_002/20220823_033000.WAV,Telephone Field,recover-20220825,002,1795
241.3665,241.3714,35781,45599,Barbastellus barbastellus,0.006,0.021,-1,Echolocation,/mnt/ubna_data_01_mir/recover-20220825/UBNA_002/20220823_033000.WAV,Telephone Field,recover-20220825,002,1795
241.3675,241.3737,28046,42738,Eptesicus serotinus,0.005,0.021,-1,Echolocation,/mnt/ubna_data_01_mir/recover-20220825/UBNA_002/20220823_033000.WAV,Telephone Field,recover-20220825,002,1795
241.3745,241.4137,68437,82432,Rhinolophus ferrumequinum,0.021,0.021,-1,Echolocation,/mnt/ubna_data_01_mir/recover-20220825/UBNA_002/20220823_033000.WAV,Telephone Field,recover-20220825,002,1795
241.4225,241.4314,28046,38740,Eptesicus serotinus,0.01,0.024,-1,Echolocation,/mnt/ubna_data_01_mir/recover-20220825/UBNA_002/20220823_033000.WAV,Telephone Field,recover-20220825,002,1795
241.4375,241.476,68437,82393,Rhinolophus ferrumequinum,0.023,0.023,-1,Echolocation,/mnt/ubna_data_01_mir/recover-20220825/UBNA_002/20220823_033000.WAV,Telephone Field,recover-20220825,002,1795
241.4585,241.4681,27187,34479,Eptesicus serotinus,0.014,0.029,-1,Echolocation,/mnt/ubna_data_01_mir/recover-20220825/UBNA_002/20220823_033000.WAV,Telephone Field,recover-20220825,002,1795
241.4725,241.5096,68437,81606,Rhinolophus ferrumequinum,0.021,0.021,-1,Echolocation,/mnt/ubna_data_01_mir/recover-20220825/UBNA_002/20220823_033000.WAV,Telephone Field,recover-20220825,002,1795
241.4915,241.5314,68437,82992,Rhinolophus ferrumequinum,0.036,0.036,-1,Echolocation,/mnt/ubna_data_01_mir/recover-20220825/UBNA_002/20220823_033000.WAV,Telephone Field,recover-20220825,002,1795
241.5215,241.5313,32343,43429,Myotis daubentonii,0.005,0.021,-1,Echolocation,/mnt/ubna_data_01_mir/recover-20220825/UBNA_002/20220823_033000.WAV,Telephone Field,recover-20220825,002,1795
241.5395,241.549,28906,36593,Eptesicus serotinus,0.009,0.022,-1,Echolocation,/mnt/ubna_data_01_mir/recover-20220825/UBNA_002/20220823_033000.WAV,Telephone Field,recover-20220825,002,1795
241.5505,241.592,68437,83306,Rhinolophus ferrumequinum,0.027,0.027,-1,Echolocation,/mnt/ubna_data_01_mir/recover-20220825/UBNA_002/20220823_033000.WAV,Telephone Field,recover-20220825,002,1795
241.5535,241.5612,27187,41796,Eptesicus serotinus,0.007,0.022,-1,Echolocation,/mnt/ubna_data_01_mir/recover-20220825/UBNA_002/20220823_033000.WAV,Telephone Field,recover-20220825,002,1795
241.5945,241.6327,68437,81627,Rhinolophus ferrumequinum,0.021,0.021,-1,Echolocation,/mnt/ubna_data_01_mir/recover-20220825/UBNA_002/20220823_033000.WAV,Telephone Field,recover-20220825,002,1795
241.6265,241.6639,68437,81593,Rhinolophus ferrumequinum,0.025,0.025,-1,Echolocation,/mnt/ubna_data_01_mir/recover-20220825/UBNA_002/20220823_033000.WAV,Telephone Field,recover-20220825,002,1795
241.6295,241.6364,28046,39579,Eptesicus serotinus,0.009,0.027,-1,Echolocation,/mnt/ubna_data_01_mir/recover-20220825/UBNA_002/20220823_033000.WAV,Telephone Field,recover-20220825,002,1795
241.6385,241.6771,68437,82724,Rhinolophus ferrumequinum,0.025,0.025,-1,Echolocation,/mnt/ubna_data_01_mir/recover-20220825/UBNA_002/20220823_033000.WAV,Telephone Field,recover-20220825,002,1795
241.6575,241.6674,23750,29687,Nyctalus leisleri,0.008,0.021,-1,Echolocation,/mnt/ubna_data_01_mir/recover-20220825/UBNA_002/20220823_033000.WAV,Telephone Field,recover-20220825,002,1795
241.6715,241.6781,25468,39420,Plecotus austriacus,0.006,0.023,-1,Echolocation,/mnt/ubna_data_01_mir/recover-20220825/UBNA_002/20220823_033000.WAV,Telephone Field,recover-20220825,002,1795
241.6725,241.6792,32343,44208,Myotis daubentonii,0.007,0.023,-1,Echolocation,/mnt/ubna_data_01_mir/recover-20220825/UBNA_002/20220823_033000.WAV,Telephone Field,recover-20220825,002,1795
241.6925,241.7023,23750,30339,Nyctalus leisleri,0.007,0.022,-1,Echolocation,/mnt/ubna_data_01_mir/recover-20220825/UBNA_002/20220823_033000.WAV,Telephone Field,recover-20220825,002,1795
241.7225,241.7643,68437,82304,Rhinolophus ferrumequinum,0.022,0.022,-1,Echolocation,/mnt/ubna_data_01_mir/recover-20220825/UBNA_002/20220823_033000.WAV,Telephone Field,recover-20220825,002,1795
241.7505,241.789,68437,81753,Rhinolophus ferrumequinum,0.023,0.023,-1,Echolocation,/mnt/ubna_data_01_mir/recover-20220825/UBNA_002/20220823_033000.WAV,Telephone Field,recover-20220825,002,1795
241.7525,241.7613,28046,36664,Eptesicus serotinus,0.009,0.022,-1,Echolocation,/mnt/ubna_data_01_mir/recover-20220825/UBNA_002/20220823_033000.WAV,Telephone Field,recover-20220825,002,1795
241.7795,241.7898,22031,26646,Nyctalus leisleri,0.01,0.021,-1,Echolocation,/mnt/ubna_data_01_mir/recover-20220825/UBNA_002/20220823_033000.WAV,Telephone Field,recover-20220825,002,1795
241.8265,241.866,68437,82513,Rhinolophus ferrumequinum,0.024,0.024,-1,Echolocation,/mnt/ubna_data_01_mir/recover-20220825/UBNA_002/20220823_033000.WAV,Telephone Field,recover-20220825,002,1795
241.8385,241.8768,68437,81868,Rhinolophus ferrumequinum,0.021,0.021,-1,Echolocation,/mnt/ubna_data_01_mir/recover-20220825/UBNA_002/20220823_033000.WAV,Telephone Field,recover-20220825,002,1795
241.8465,241.8536,28046,39412,Eptesicus serotinus,0.009,0.027,-1,Echolocation,/mnt/ubna_data_01_mir/recover-20220825/UBNA_002/20220823_033000.WAV,Telephone Field,recover-20220825,002,1795
241.8735,241.9122,68437,81599,Rhinolophus ferrumequinum,0.023,0.023,-1,Echolocation,/mnt/ubna_data_01_mir/recover-20220825/UBNA_002/20220823_033000.WAV,Telephone Field,recover-20220825,002,1795
241.8845,241.8917,25468,34922,Eptesicus serotinus,0.006,0.022,-1,Echolocation,/mnt/ubna_data_01_mir/recover-20220825/UBNA_002/20220823_033000.WAV,Telephone Field,recover-20220825,002,1795
241.8985,241.9073,46093,51424,Pipistrellus pipistrellus,0.02,0.022,-1,Echolocation,/mnt/ubna_data_01_mir/recover-20220825/UBNA_002/20220823_033000.WAV,Telephone Field,recover-20220825,002,1795
242.0015,242.0119,25468,34337,Eptesicus serotinus,0.01,0.029,-1,Echolocation,/mnt/ubna_data_01_mir/recover-20220825/UBNA_002/20220823_033000.WAV,Telephone Field,recover-20220825,002,1795
242.0025,242.0457,68437,82629,Rhinolophus ferrumequinum,0.025,0.025,-1,Echolocation,/mnt/ubna_data_01_mir/recover-20220825/UBNA_002/20220823_033000.WAV,Telephone Field,recover-20220825,002,1795
242.0085,242.0523,68437,82394,Rhinolophus ferrumequinum,0.027,0.027,-1,Echolocation,/mnt/ubna_data_01_mir/recover-20220825/UBNA_002/20220823_033000.WAV,Telephone Field,recover-20220825,002,1795
242.0625,242.1029,68437,82897,Rhinolophus ferrumequinum,0.028,0.028,-1,Echolocation,/mnt/ubna_data_01_mir/recover-20220825/UBNA_002/20220823_033000.WAV,Telephone Field,recover-20220825,002,1795
242.0745,242.1134,68437,81819,Rhinolophus ferrumequinum,0.023,0.023,-1,Echolocation,/mnt/ubna_data_01_mir/recover-20220825/UBNA_002/20220823_033000.WAV,Telephone Field,recover-20220825,002,1795
242.0815,242.0895,27187,36207,Eptesicus serotinus,0.009,0.021,-1,Echolocation,/mnt/ubna_data_01_mir/recover-20220825/UBNA_002/20220823_033000.WAV,Telephone Field,recover-20220825,002,1795
242.0955,242.1048,23750,30419,Nyctalus leisleri,0.007,0.021,-1,Echolocation,/mnt/ubna_data_01_mir/recover-20220825/UBNA_002/20220823_033000.WAV,Telephone Field,recover-20220825,002,1795
242.1025,242.1427,68437,82070,Rhinolophus ferrumequinum,0.021,0.021,-1,Echolocation,/mnt/ubna_data_01_mir/recover-20220825/UBNA_002/20220823_033000.WAV,Telephone Field,recover-20220825,002,1795
242.1175,242.1292,22031,26463,Nyctalus leisleri,0.012,0.023,-1,Echolocation,/mnt/ubna_data_01_mir/recover-20220825/UBNA_002/20220823_033000.WAV,Telephone Field,recover-20220825,002,1795
242.1395,242.1809,68437,82463,Rhinolophus ferrumequinum,0.027,0.027,-1,Echolocation,/mnt/ubna_data_01_mir/recover-20220825/UBNA_002/20220823_033000.WAV,Telephone Field,recover-20220825,002,1795
242.1795,242.189,46953,52229,Pipistrellus pipistrellus,0.02,0.022,-1,Echolocation,/mnt/ubna_data_01_mir/recover-20220825/UBNA_002/20220823_033000.WAV,Telephone Field,recover-20220825,002,1795
242.2005,242.2409,68437,82457,Rhinolophus ferrumequinum,0.022,0.022,-1,Echolocation,/mnt/ubna_data_01_mir/recover-20220825/UBNA_002/20220823_033000.WAV,Telephone Field,recover-20220825,002,1795
242.2035,242.2131,26328,33949,Eptesicus serotinus,0.011,0.029,-1,Echolocation,/mnt/ubna_data_01_mir/recover-20220825/UBNA_002/20220823_033000.WAV,Telephone Field,recover-20220825,002,1795
242.2365,242.2786,68437,82839,Rhinolophus ferrumequinum,0.022,0.022,-1,Echolocation,/mnt/ubna_data_01_mir/recover-20220825/UBNA_002/20220823_033000.WAV,Telephone Field,recover-20220825,002,1795
242.2415,242.2535,43515,48574,Pipistrellus pipistrellus,0.036,0.049,-1,Echolocation,/mnt/ubna_data_01_mir/recover-20220825/UBNA_002/20220823_033000.WAV,Telephone Field,recover-20220825,002,1795
242.2605,242.3021,68437,82918,Rhinolophus ferrumequinum,0.027,0.027,-1,Echolocation,/mnt/ubna_data_01_mir/recover-20220825/UBNA_002/20220823_033000.WAV,Telephone Field,recover-20220825,002,1795
242.3005,242.31,28046,37043,Eptesicus serotinus,0.008,0.021,-1,Echolocation,/mnt/ubna_data_01_mir/recover-20220825/UBNA_002/20220823_033000.WAV,Telephone Field,recover-20220825,002,1795
242.3285,242.3363,28906,39556,Eptesicus serotinus,0.007,0.023,-1,Echolocation,/mnt/ubna_data_01_mir/recover-20220825/UBNA_002/20220823_033000.WAV,Telephone Field,recover-20220825,002,1795
242.3845,242.3945,28046,36402,Eptesicus serotinus,0.009,0.021,-1,Echolocation,/mnt/ubna_data_01_mir/recover-20220825/UBNA_002/20220823_033000.WAV,Telephone Field,recover-20220825,002,1795
242.4215,242.4626,68437,82403,Rhinolophus ferrumequinum,0.026,0.026,-1,Echolocation,/mnt/ubna_data_01_mir/recover-20220825/UBNA_002/20220823_033000.WAV,Telephone Field,recover-20220825,002,1795
242.4315,242.438,51250,56941,Pipistrellus pipistrellus,0.018,0.021,-1,Echolocation,/mnt/ubna_data_01_mir/recover-20220825/UBNA_002/20220823_033000.WAV,Telephone Field,recover-20220825,002,1795
242.4355,242.4437,26328,35532,Eptesicus serotinus,0.007,0.021,-1,Echolocation,/mnt/ubna_data_01_mir/recover-20220825/UBNA_002/20220823_033000.WAV,Telephone Field,recover-20220825,002,1795
242.4565,242.4975,68437,82865,Rhinolophus ferrumequinum,0.022,0.022,-1,Echolocation,/mnt/ubna_data_01_mir/recover-20220825/UBNA_002/20220823_033000.WAV,Telephone Field,recover-20220825,002,1795
242.4885,242.5001,25468,31157,Nyctalus leisleri,0.017,0.04,-1,Echolocation,/mnt/ubna_data_01_mir/recover-20220825/UBNA_002/20220823_033000.WAV,Telephone Field,recover-20220825,002,1795
242.5015,242.5434,68437,82360,Rhinolophus ferrumequinum,0.025,0.025,-1,Echolocation,/mnt/ubna_data_01_mir/recover-20220825/UBNA_002/20220823_033000.WAV,Telephone Field,recover-20220825,002,1795
242.5285,242.5655,68437,81537,Rhinolophus ferrumequinum,0.021,0.021,-1,Echolocation,/mnt/ubna_data_01_mir/recover-20220825/UBNA_002/20220823_033000.WAV,Telephone Field,recover-20220825,002,1795
242.5465,242.5842,68437,82225,Rhinolophus ferrumequinum,0.023,0.023,-1,Echolocation,/mnt/ubna_data_01_mir/recover-20220825/UBNA_002/20220823_033000.WAV,Telephone Field,recover-20220825,002,1795
242.5585,242.5966,68437,81551,Rhinolophus ferrumequinum,0.02,0.021,-1,Echolocation,/mnt/ubna_data_01_mir/recover-20220825/UBNA_002/20220823_033000.WAV,Telephone Field,recover-20220825,002,1795
242.5635,242.5724,25468,33054,Nyctalus leisleri,0.008,0.025,-1,Echolocation,/mnt/ubna_data_01_mir/recover-20220825/UBNA_002/20220823_033000.WAV,Telephone Field,recover-20220825,002,1795
242.5865,242.63,68437,82889,Rhinolophus ferrumequinum,0.041,0.041,-1,Echolocation,/mnt/ubna_data_01_mir/recover-20220825/UBNA_002/20220823_033000.WAV,Telephone Field,recover-20220825,002,1795
242.6135,242.6515,68437,81910,Rhinolophus ferrumequinum,0.022,0.022,-1,Echolocation,/mnt/ubna_data_01_mir/recover-20220825/UBNA_002/20220823_033000.WAV,Telephone Field,recover-20220825,002,1795
242.6525,242.6627,28046,36347,Eptesicus serotinus,0.01,0.023,-1,Echolocation,/mnt/ubna_data_01_mir/recover-20220825/UBNA_002/20220823_033000.WAV,Telephone Field,recover-20220825,002,1795
242.6595,242.6963,68437,81095,Rhinolophus ferrumequinum,0.021,0.021,-1,Echolocation,/mnt/ubna_data_01_mir/recover-20220825/UBNA_002/20220823_033000.WAV,Telephone Field,recover-20220825,002,1795
242.6615,242.6701,28906,36775,Eptesicus serotinus,0.009,0.022,-1,Echolocation,/mnt/ubna_data_01_mir/recover-20220825/UBNA_002/20220823_033000.WAV,Telephone Field,recover-20220825,002,1795
242.6995,242.7372,68437,81492,Rhinolophus ferrumequinum,0.022,0.022,-1,Echolocation,/mnt/ubna_data_01_mir/recover-20220825/UBNA_002/20220823_033000.WAV,Telephone Field,recover-20220825,002,1795
242.7385,242.7751,68437,81924,Rhinolophus ferrumequinum,0.021,0.021,-1,Echolocation,/mnt/ubna_data_01_mir/recover-20220825/UBNA_002/20220823_033000.WAV,Telephone Field,recover-20220825,002,1795
242.7445,242.7854,68437,82547,Rhinolophus ferrumequinum,0.021,0.021,-1,Echolocation,/mnt/ubna_data_01_mir/recover-20220825/UBNA_002/20220823_033000.WAV,Telephone Field,recover-20220825,002,1795
242.7635,242.8023,68437,82170,Rhinolophus ferrumequinum,0.021,0.021,-1,Echolocation,/mnt/ubna_data_01_mir/recover-20220825/UBNA_002/20220823_033000.WAV,Telephone Field,recover-20220825,002,1795
242.7855,242.8286,68437,83156,Rhinolophus ferrumequinum,0.029,0.029,-1,Echolocation,/mnt/ubna_data_01_mir/recover-20220825/UBNA_002/20220823_033000.WAV,Telephone Field,recover-20220825,002,1795
242.8135,242.8243,23750,29834,Nyctalus leisleri,0.009,0.022,-1,Echolocation,/mnt/ubna_data_01_mir/recover-20220825/UBNA_002/20220823_033000.WAV,Telephone Field,recover-20220825,002,1795
242.8165,242.8562,68437,82104,Rhinolophus ferrumequinum,0.021,0.021,-1,Echolocation,/mnt/ubna_data_01_mir/recover-20220825/UBNA_002/20220823_033000.WAV,Telephone Field,recover-20220825,002,1795
242.8335,242.8749,68437,82834,Rhinolophus ferrumequinum,0.025,0.025,-1,Echolocation,/mnt/ubna_data_01_mir/recover-20220825/UBNA_002/20220823_033000.WAV,Telephone Field,recover-20220825,002,1795
242.8835,242.9018,21171,24489,Nyctalus leisleri,0.02,0.036,-1,Echolocation,/mnt/ubna_data_01_mir/recover-20220825/UBNA_002/20220823_033000.WAV,Telephone Field,recover-20220825,002,1795
242.8965,242.9093,22031,25882,Nyctalus leisleri,0.012,0.021,-1,Echolocation,/mnt/ubna_data_01_mir/recover-20220825/UBNA_002/20220823_033000.WAV,Telephone Field,recover-20220825,002,1795
242.9605,242.9698,28046,38759,Eptesicus serotinus,0.011,0.024,-1,Echolocation,/mnt/ubna_data_01_mir/recover-20220825/UBNA_002/20220823_033000.WAV,Telephone Field,recover-20220825,002,1795
242.9655,243.0059,68437,82603,Rhinolophus ferrumequinum,0.024,0.024,-1,Echolocation,/mnt/ubna_data_01_mir/recover-20220825/UBNA_002/20220823_033000.WAV,Telephone Field,recover-20220825,002,1795
242.9835,243.0227,68437,82247,Rhinolophus ferrumequinum,0.022,0.022,-1,Echolocation,/mnt/ubna_data_01_mir/recover-20220825/UBNA_002/20220823_033000.WAV,Telephone Field,recover-20220825,002,1795
243.0305,243.072,68437,82735,Rhinolophus ferrumequinum,0.028,0.028,-1,Echolocation,/mnt/ubna_data_01_mir/recover-20220825/UBNA_002/20220823_033000.WAV,Telephone Field,recover-20220825,002,1795
243.0705,243.1086,68437,82184,Rhinolophus ferrumequinum,0.022,0.022,-1,Echolocation,/mnt/ubna_data_01_mir/recover-20220825/UBNA_002/20220823_033000.WAV,Telephone Field,recover-20220825,002,1795
243.1175,243.1293,22031,26147,Nyctalus leisleri,0.012,0.021,-1,Echolocation,/mnt/ubna_data_01_mir/recover-20220825/UBNA_002/20220823_033000.WAV,Telephone Field,recover-20220825,002,1795
243.1315,243.1725,68437,82537,Rhinolophus ferrumequinum,0.024,0.024,-1,Echolocation,/mnt/ubna_data_01_mir/recover-20220825/UBNA_002/20220823_033000.WAV,Telephone Field,recover-20220825,002,1795
243.1445,243.1862,68437,82641,Rhinolophus ferrumequinum,0.029,0.029,-1,Echolocation,/mnt/ubna_data_01_mir/recover-20220825/UBNA_002/20220823_033000.WAV,Telephone Field,recover-20220825,002,1795
243.1605,243.168,43515,48139,Pipistrellus pipistrellus,0.027,0.028,-1,Echolocation,/mnt/ubna_data_01_mir/recover-20220825/UBNA_002/20220823_033000.WAV,Telephone Field,recover-20220825,002,1795
243.1685,243.2079,68437,82300,Rhinolophus ferrumequinum,0.022,0.022,-1,Echolocation,/mnt/ubna_data_01_mir/recover-20220825/UBNA_002/20220823_033000.WAV,Telephone Field,recover-20220825,002,1795
243.1885,243.2032,22031,25510,Nyctalus leisleri,0.015,0.023,-1,Echolocation,/mnt/ubna_data_01_mir/recover-20220825/UBNA_002/20220823_033000.WAV,Telephone Field,recover-20220825,002,1795
243.1895,243.2278,68437,81706,Rhinolophus ferrumequinum,0.022,0.022,-1,Echolocation,/mnt/ubna_data_01_mir/recover-20220825/UBNA_002/20220823_033000.WAV,Telephone Field,recover-20220825,002,1795
243.1985,243.2054,28046,39796,Eptesicus serotinus,0.008,0.027,-1,Echolocation,/mnt/ubna_data_01_mir/recover-20220825/UBNA_002/20220823_033000.WAV,Telephone Field,recover-20220825,002,1795
243.2205,243.2378,19453,23346,Nyctalus noctula,0.017,0.037,-1,Echolocation,/mnt/ubna_data_01_mir/recover-20220825/UBNA_002/20220823_033000.WAV,Telephone Field,recover-20220825,002,1795
243.2255,243.2679,68437,82737,Rhinolophus ferrumequinum,0.036,0.036,-1,Echolocation,/mnt/ubna_data_01_mir/recover-20220825/UBNA_002/20220823_033000.WAV,Telephone Field,recover-20220825,002,1795
243.2285,243.2389,22890,28299,Nyctalus leisleri,0.01,0.022,-1,Echolocation,/mnt/ubna_data_01_mir/recover-20220825/UBNA_002/20220823_033000.WAV,Telephone Field,recover-20220825,002,1795
243.2475,243.2579,22890,27855,Nyctalus leisleri,0.01,0.021,-1,Echolocation,/mnt/ubna_data_01_mir/recover-20220825/UBNA_002/20220823_033000.WAV,Telephone Field,recover-20220825,002,1795
243.2585,243.2666,28046,38658,Eptesicus serotinus,0.008,0.021,-1,Echolocation,/mnt/ubna_data_01_mir/recover-20220825/UBNA_002/20220823_033000.WAV,Telephone Field,recover-20220825,002,1795
243.3075,243.352,68437,83501,Rhinolophus ferrumequinum,0.034,0.034,-1,Echolocation,/mnt/ubna_data_01_mir/recover-20220825/UBNA_002/20220823_033000.WAV,Telephone Field,recover-20220825,002,1795
243.3185,243.3559,68437,82156,Rhinolophus ferrumequinum,0.021,0.021,-1,Echolocation,/mnt/ubna_data_01_mir/recover-20220825/UBNA_002/20220823_033000.WAV,Telephone Field,recover-20220825,002,1795
243.3225,243.328,27187,40482,Plecotus auritus,0.014,0.042,-1,Echolocation,/mnt/ubna_data_01_mir/recover-20220825/UBNA_002/20220823_033000.WAV,Telephone Field,recover-20220825,002,1795
243.3315,243.3725,68437,83147,Rhinolophus ferrumequinum,0.042,0.042,-1,Echolocation,/mnt/ubna_data_01_mir/recover-20220825/UBNA_002/20220823_033000.WAV,Telephone Field,recover-20220825,002,1795
243.3665,243.3754,28046,38963,Eptesicus serotinus,0.008,0.022,-1,Echolocation,/mnt/ubna_data_01_mir/recover-20220825/UBNA_002/20220823_033000.WAV,Telephone Field,recover-20220825,002,1795
243.3735,243.4092,68437,81311,Rhinolophus ferrumequinum,0.021,0.021,-1,Echolocation,/mnt/ubna_data_01_mir/recover-20220825/UBNA_002/20220823_033000.WAV,Telephone Field,recover-20220825,002,1795
243.3885,243.4037,57265,62648,Pipistrellus pygmaeus,0.02,0.021,-1,Echolocation,/mnt/ubna_data_01_mir/recover-20220825/UBNA_002/20220823_033000.WAV,Telephone Field,recover-20220825,002,1795
243.4025,243.4111,28046,40428,Eptesicus serotinus,0.011,0.027,-1,Echolocation,/mnt/ubna_data_01_mir/recover-20220825/UBNA_002/20220823_033000.WAV,Telephone Field,recover-20220825,002,1795
243.4275,243.4634,68437,81471,Rhinolophus ferrumequinum,0.023,0.023,-1,Echolocation,/mnt/ubna_data_01_mir/recover-20220825/UBNA_002/20220823_033000.WAV,Telephone Field,recover-20220825,002,1795
243.4305,243.4386,23750,32333,Plecotus austriacus,0.008,0.023,-1,Echolocation,/mnt/ubna_data_01_mir/recover-20220825/UBNA_002/20220823_033000.WAV,Telephone Field,recover-20220825,002,1795
243.4645,243.505,68437,82711,Rhinolophus ferrumequinum,0.023,0.023,-1,Echolocation,/mnt/ubna_data_01_mir/recover-20220825/UBNA_002/20220823_033000.WAV,Telephone Field,recover-20220825,002,1795
243.4715,243.5093,68437,81868,Rhinolophus ferrumequinum,0.023,0.023,-1,Echolocation,/mnt/ubna_data_01_mir/recover-20220825/UBNA_002/20220823_033000.WAV,Telephone Field,recover-20220825,002,1795
243.4805,243.5172,68437,81623,Rhinolophus ferrumequinum,0.021,0.021,-1,Echolocation,/mnt/ubna_data_01_mir/recover-20220825/UBNA_002/20220823_033000.WAV,Telephone Field,recover-20220825,002,1795
243.5165,243.5529,68437,81464,Rhinolophus ferrumequinum,0.021,0.021,-1,Echolocation,/mnt/ubna_data_01_mir/recover-20220825/UBNA_002/20220823_033000.WAV,Telephone Field,recover-20220825,002,1795
243.5275,243.5365,22031,28089,Plecotus austriacus,0.009,0.022,-1,Echolocation,/mnt/ubna_data_01_mir/recover-20220825/UBNA_002/20220823_033000.WAV,Telephone Field,recover-20220825,002,1795
243.5385,243.5771,68437,81748,Rhinolophus ferrumequinum,0.023,0.023,-1,Echolocation,/mnt/ubna_data_01_mir/recover-20220825/UBNA_002/20220823_033000.WAV,Telephone Field,recover-20220825,002,1795
243.5685,243.5793,22890,28000,Nyctalus leisleri,0.011,0.023,-1,Echolocation,/mnt/ubna_data_01_mir/recover-20220825/UBNA_002/20220823_033000.WAV,Telephone Field,recover-20220825,002,1795
243.5695,243.6087,68437,81900,Rhinolophus ferrumequinum,0.024,0.024,-1,Echolocation,/mnt/ubna_data_01_mir/recover-20220825/UBNA_002/20220823_033000.WAV,Telephone Field,recover-20220825,002,1795
243.5965,243.6058,28046,38088,Eptesicus serotinus,0.009,0.023,-1,Echolocation,/mnt/ubna_data_01_mir/recover-20220825/UBNA_002/20220823_033000.WAV,Telephone Field,recover-20220825,002,1795
243.6015,243.6404,68437,81424,Rhinolophus ferrumequinum,0.022,0.022,-1,Echolocation,/mnt/ubna_data_01_mir/recover-20220825/UBNA_002/20220823_033000.WAV,Telephone Field,recover-20220825,002,1795
243.6365,243.6461,28046,35673,Eptesicus serotinus,0.012,0.026,-1,Echolocation,/mnt/ubna_data_01_mir/recover-20220825/UBNA_002/20220823_033000.WAV,Telephone Field,recover-20220825,002,1795
243.6545,243.6916,68437,81858,Rhinolophus ferrumequinum,0.023,0.023,-1,Echolocation,/mnt/ubna_data_01_mir/recover-20220825/UBNA_002/20220823_033000.WAV,Telephone Field,recover-20220825,002,1795
243.6785,243.6889,22890,28242,Nyctalus leisleri,0.009,0.021,-1,Echolocation,/mnt/ubna_data_01_mir/recover-20220825/UBNA_002/20220823_033000.WAV,Telephone Field,recover-20220825,002,1795
243.7045,243.7469,68437,83362,Rhinolophus ferrumequinum,0.028,0.028,-1,Echolocation,/mnt/ubna_data_01_mir/recover-20220825/UBNA_002/20220823_033000.WAV,Telephone Field,recover-20220825,002,1795
243.7245,243.7689,68437,83196,Rhinolophus ferrumequinum,0.027,0.027,-1,Echolocation,/mnt/ubna_data_01_mir/recover-20220825/UBNA_002/20220823_033000.WAV,Telephone Field,recover-20220825,002,1795
243.7325,243.747,22031,26261,Nyctalus leisleri,0.016,0.031,-1,Echolocation,/mnt/ubna_data_01_mir/recover-20220825/UBNA_002/20220823_033000.WAV,Telephone Field,recover-20220825,002,1795
243.7355,243.777,68437,83107,Rhinolophus ferrumequinum,0.029,0.029,-1,Echolocation,/mnt/ubna_data_01_mir/recover-20220825/UBNA_002/20220823_033000.WAV,Telephone Field,recover-20220825,002,1795
243.7425,243.7501,28046,40244,Eptesicus serotinus,0.007,0.021,-1,Echolocation,/mnt/ubna_data_01_mir/recover-20220825/UBNA_002/20220823_033000.WAV,Telephone Field,recover-20220825,002,1795
243.7535,243.7955,68437,82510,Rhinolophus ferrumequinum,0.023,0.023,-1,Echolocation,/mnt/ubna_data_01_mir/recover-20220825/UBNA_002/20220823_033000.WAV,Telephone Field,recover-20220825,002,1795
243.8015,243.811,28046,37680,Eptesicus serotinus,0.009,0.023,-1,Echolocation,/mnt/ubna_data_01_mir/recover-20220825/UBNA_002/20220823_033000.WAV,Telephone Field,recover-20220825,002,1795
243.8215,243.8329,32343,37560,Eptesicus serotinus,0.01,0.028,-1,Echolocation,/mnt/ubna_data_01_mir/recover-20220825/UBNA_002/20220823_033000.WAV,Telephone Field,recover-20220825,002,1795
243.8355,243.846,22031,26411,Nyctalus leisleri,0.011,0.022,-1,Echolocation,/mnt/ubna_data_01_mir/recover-20220825/UBNA_002/20220823_033000.WAV,Telephone Field,recover-20220825,002,1795
243.8565,243.8985,68437,82625,Rhinolophus ferrumequinum,0.027,0.027,-1,Echolocation,/mnt/ubna_data_01_mir/recover-20220825/UBNA_002/20220823_033000.WAV,Telephone Field,recover-20220825,002,1795
243.8625,243.9039,68437,83272,Rhinolophus ferrumequinum,0.026,0.026,-1,Echolocation,/mnt/ubna_data_01_mir/recover-20220825/UBNA_002/20220823_033000.WAV,Telephone Field,recover-20220825,002,1795
243.8715,243.9147,68437,83422,Rhinolophus ferrumequinum,0.026,0.027,-1,Echolocation,/mnt/ubna_data_01_mir/recover-20220825/UBNA_002/20220823_033000.WAV,Telephone Field,recover-20220825,002,1795
243.9405,243.9503,22890,29251,Nyctalus leisleri,0.008,0.021,-1,Echolocation,/mnt/ubna_data_01_mir/recover-20220825/UBNA_002/20220823_033000.WAV,Telephone Field,recover-20220825,002,1795
244.0015,244.0104,22890,29020,Nyctalus leisleri,0.016,0.035,-1,Echolocation,/mnt/ubna_data_01_mir/recover-20220825/UBNA_002/20220823_033000.WAV,Telephone Field,recover-20220825,002,1795
244.0015,244.0085,47812,54522,Pipistrellus pipistrellus,0.03,0.037,-1,Echolocation,/mnt/ubna_data_01_mir/recover-20220825/UBNA_002/20220823_033000.WAV,Telephone Field,recover-20220825,002,1795
244.0015,244.0344,67578,78940,Rhinolophus ferrumequinum,0.024,0.025,-1,Echolocation,/mnt/ubna_data_01_mir/recover-20220825/UBNA_002/20220823_033000.WAV,Telephone Field,recover-20220825,002,1795
244.0075,244.0487,68437,82021,Rhinolophus ferrumequinum,0.023,0.023,-1,Echolocation,/mnt/ubna_data_01_mir/recover-20220825/UBNA_002/20220823_033000.WAV,Telephone Field,recover-20220825,002,1795
244.0745,244.1149,68437,82420,Rhinolophus ferrumequinum,0.022,0.022,-1,Echolocation,/mnt/ubna_data_01_mir/recover-20220825/UBNA_002/20220823_033000.WAV,Telephone Field,recover-20220825,002,1795
244.0855,244.1236,68437,81655,Rhinolophus ferrumequinum,0.022,0.022,-1,Echolocation,/mnt/ubna_data_01_mir/recover-20220825/UBNA_002/20220823_033000.WAV,Telephone Field,recover-20220825,002,1795
244.0905,244.1276,68437,81777,Rhinolophus ferrumequinum,0.021,0.021,-1,Echolocation,/mnt/ubna_data_01_mir/recover-20220825/UBNA_002/20220823_033000.WAV,Telephone Field,recover-20220825,002,1795
244.1385,244.1713,68437,80614,Rhinolophus ferrumequinum,0.022,0.022,-1,Echolocation,/mnt/ubna_data_01_mir/recover-20220825/UBNA_002/20220823_033000.WAV,Telephone Field,recover-20220825,002,1795
244.1435,244.1535,22031,26976,Nyctalus leisleri,0.011,0.024,-1,Echolocation,/mnt/ubna_data_01_mir/recover-20220825/UBNA_002/20220823_033000.WAV,Telephone Field,recover-20220825,002,1795
244.1465,244.1843,68437,81853,Rhinolophus ferrumequinum,0.021,0.021,-1,Echolocation,/mnt/ubna_data_01_mir/recover-20220825/UBNA_002/20220823_033000.WAV,Telephone Field,recover-20220825,002,1795
244.1625,244.2023,68437,82784,Rhinolophus ferrumequinum,0.023,0.023,-1,Echolocation,/mnt/ubna_data_01_mir/recover-20220825/UBNA_002/20220823_033000.WAV,Telephone Field,recover-20220825,002,1795
244.1975,244.2368,68437,82321,Rhinolophus ferrumequinum,0.025,0.025,-1,Echolocation,/mnt/ubna_data_01_mir/recover-20220825/UBNA_002/20220823_033000.WAV,Telephone Field,recover-20220825,002,1795
244.2175,244.2261,28046,38045,Eptesicus serotinus,0.007,0.022,-1,Echolocation,/mnt/ubna_data_01_mir/recover-20220825/UBNA_002/20220823_033000.WAV,Telephone Field,recover-20220825,002,1795
244.2175,244.2563,68437,82113,Rhinolophus ferrumequinum,0.023,0.023,-1,Echolocation,/mnt/ubna_data_01_mir/recover-20220825/UBNA_002/20220823_033000.WAV,Telephone Field,recover-20220825,002,1795
244.2345,244.273,68437,82061,Rhinolophus ferrumequinum,0.025,0.025,-1,Echolocation,/mnt/ubna_data_01_mir/recover-20220825/UBNA_002/20220823_033000.WAV,Telephone Field,recover-20220825,002,1795
244.2775,244.3165,68437,82499,Rhinolophus ferrumequinum,0.023,0.023,-1,Echolocation,/mnt/ubna_data_01_mir/recover-20220825/UBNA_002/20220823_033000.WAV,Telephone Field,recover-20220825,002,1795
244.3485,244.3897,68437,83196,Rhinolophus ferrumequinum,0.039,0.039,-1,Echolocation,/mnt/ubna_data_01_mir/recover-20220825/UBNA_002/20220823_033000.WAV,Telephone Field,recover-20220825,002,1795
244.3715,244.4103,68437,82175,Rhinolophus ferrumequinum,0.027,0.027,-1,Echolocation,/mnt/ubna_data_01_mir/recover-20220825/UBNA_002/20220823_033000.WAV,Telephone Field,recover-20220825,002,1795
244.3835,244.3926,28046,36493,Eptesicus serotinus,0.011,0.024,-1,Echolocation,/mnt/ubna_data_01_mir/recover-20220825/UBNA_002/20220823_033000.WAV,Telephone Field,recover-20220825,002,1795
244.3895,244.3992,15156,24646,Plecotus auritus,0.011,0.022,-1,Echolocation,/mnt/ubna_data_01_mir/recover-20220825/UBNA_002/20220823_033000.WAV,Telephone Field,recover-20220825,002,1795
244.3935,244.4043,22031,27759,Nyctalus leisleri,0.009,0.027,-1,Echolocation,/mnt/ubna_data_01_mir/recover-20220825/UBNA_002/20220823_033000.WAV,Telephone Field,recover-20220825,002,1795
244.4005,244.4383,68437,82584,Rhinolophus ferrumequinum,0.022,0.022,-1,Echolocation,/mnt/ubna_data_01_mir/recover-20220825/UBNA_002/20220823_033000.WAV,Telephone Field,recover-20220825,002,1795
244.4125,244.4514,68437,82271,Rhinolophus ferrumequinum,0.022,0.022,-1,Echolocation,/mnt/ubna_data_01_mir/recover-20220825/UBNA_002/20220823_033000.WAV,Telephone Field,recover-20220825,002,1795
244.4545,244.4967,68437,82765,Rhinolophus ferrumequinum,0.032,0.033,-1,Echolocation,/mnt/ubna_data_01_mir/recover-20220825/UBNA_002/20220823_033000.WAV,Telephone Field,recover-20220825,002,1795
244.5015,244.5409,68437,82372,Rhinolophus ferrumequinum,0.024,0.024,-1,Echolocation,/mnt/ubna_data_01_mir/recover-20220825/UBNA_002/20220823_033000.WAV,Telephone Field,recover-20220825,002,1795
244.5185,244.5278,27187,36102,Eptesicus serotinus,0.009,0.021,-1,Echolocation,/mnt/ubna_data_01_mir/recover-20220825/UBNA_002/20220823_033000.WAV,Telephone Field,recover-20220825,002,1795
244.5465,244.5842,68437,81931,Rhinolophus ferrumequinum,0.025,0.025,-1,Echolocation,/mnt/ubna_data_01_mir/recover-20220825/UBNA_002/20220823_033000.WAV,Telephone Field,recover-20220825,002,1795
244.6045,244.6156,22031,25953,Nyctalus leisleri,0.012,0.022,-1,Echolocation,/mnt/ubna_data_01_mir/recover-20220825/UBNA_002/20220823_033000.WAV,Telephone Field,recover-20220825,002,1795
244.6135,244.653,68437,82226,Rhinolophus ferrumequinum,0.022,0.022,-1,Echolocation,/mnt/ubna_data_01_mir/recover-20220825/UBNA_002/20220823_033000.WAV,Telephone Field,recover-20220825,002,1795
244.6335,244.6682,68437,81434,Rhinolophus ferrumequinum,0.022,0.022,-1,Echolocation,/mnt/ubna_data_01_mir/recover-20220825/UBNA_002/20220823_033000.WAV,Telephone Field,recover-20220825,002,1795
244.6725,244.7069,68437,81216,Rhinolophus ferrumequinum,0.021,0.021,-1,Echolocation,/mnt/ubna_data_01_mir/recover-20220825/UBNA_002/20220823_033000.WAV,Telephone Field,recover-20220825,002,1795
244.6805,244.7199,68437,82182,Rhinolophus ferrumequinum,0.024,0.024,-1,Echolocation,/mnt/ubna_data_01_mir/recover-20220825/UBNA_002/20220823_033000.WAV,Telephone Field,recover-20220825,002,1795
244.6885,244.7305,68437,82273,Rhinolophus ferrumequinum,0.025,0.025,-1,Echolocation,/mnt/ubna_data_01_mir/recover-20220825/UBNA_002/20220823_033000.WAV,Telephone Field,recover-20220825,002,1795
244.7285,244.7661,68437,81838,Rhinolophus ferrumequinum,0.022,0.022,-1,Echolocation,/mnt/ubna_data_01_mir/recover-20220825/UBNA_002/20220823_033000.WAV,Telephone Field,recover-20220825,002,1795
244.7465,244.7856,68437,82468,Rhinolophus ferrumequinum,0.024,0.024,-1,Echolocation,/mnt/ubna_data_01_mir/recover-20220825/UBNA_002/20220823_033000.WAV,Telephone Field,recover-20220825,002,1795
244.8105,244.8465,68437,81981,Rhinolophus ferrumequinum,0.022,0.022,-1,Echolocation,/mnt/ubna_data_01_mir/recover-20220825/UBNA_002/20220823_033000.WAV,Telephone Field,recover-20220825,002,1795
244.8545,244.8916,68437,82025,Rhinolophus ferrumequinum,0.039,0.039,-1,Echolocation,/mnt/ubna_data_01_mir/recover-20220825/UBNA_002/20220823_033000.WAV,Telephone Field,recover-20220825,002,1795
244.8905,244.931,68437,82454,Rhinolophus ferrumequinum,0.025,0.025,-1,Echolocation,/mnt/ubna_data_01_mir/recover-20220825/UBNA_002/20220823_033000.WAV,Telephone Field,recover-20220825,002,1795
244.9215,244.9621,68437,82702,Rhinolophus ferrumequinum,0.023,0.023,-1,Echolocation,/mnt/ubna_data_01_mir/recover-20220825/UBNA_002/20220823_033000.WAV,Telephone Field,recover-20220825,002,1795
244.9275,244.9671,68437,82517,Rhinolophus ferrumequinum,0.024,0.024,-1,Echolocation,/mnt/ubna_data_01_mir/recover-20220825/UBNA_002/20220823_033000.WAV,Telephone Field,recover-20220825,002,1795
244.9495,244.9944,68437,83364,Rhinolophus ferrumequinum,0.063,0.063,-1,Echolocation,/mnt/ubna_data_01_mir/recover-20220825/UBNA_002/20220823_033000.WAV,Telephone Field,recover-20220825,002,1795
244.9515,244.9604,26328,35326,Eptesicus serotinus,0.012,0.029,-1,Echolocation,/mnt/ubna_data_01_mir/recover-20220825/UBNA_002/20220823_033000.WAV,Telephone Field,recover-20220825,002,1795
244.9805,244.9914,14296,19283,Nyctalus noctula,0.016,0.028,-1,Echolocation,/mnt/ubna_data_01_mir/recover-20220825/UBNA_002/20220823_033000.WAV,Telephone Field,recover-20220825,002,1795
244.9945,245.0308,68437,81181,Rhinolophus ferrumequinum,0.021,0.021,-1,Echolocation,/mnt/ubna_data_01_mir/recover-20220825/UBNA_002/20220823_033000.WAV,Telephone Field,recover-20220825,002,1795
245.0545,245.0919,68437,81936,Rhinolophus ferrumequinum,0.023,0.023,-1,Echolocation,/mnt/ubna_data_01_mir/recover-20220825/UBNA_002/20220823_033000.WAV,Telephone Field,recover-20220825,002,1795
245.0835,245.0934,23750,31019,Nyctalus leisleri,0.007,0.024,-1,Echolocation,/mnt/ubna_data_01_mir/recover-20220825/UBNA_002/20220823_033000.WAV,Telephone Field,recover-20220825,002,1795
245.1205,245.1615,68437,83072,Rhinolophus ferrumequinum,0.022,0.022,-1,Echolocation,/mnt/ubna_data_01_mir/recover-20220825/UBNA_002/20220823_033000.WAV,Telephone Field,recover-20220825,002,1795
245.1255,245.1649,68437,82483,Rhinolophus ferrumequinum,0.022,0.022,-1,Echolocation,/mnt/ubna_data_01_mir/recover-20220825/UBNA_002/20220823_033000.WAV,Telephone Field,recover-20220825,002,1795
245.1505,245.1917,68437,82200,Rhinolophus ferrumequinum,0.024,0.024,-1,Echolocation,/mnt/ubna_data_01_mir/recover-20220825/UBNA_002/20220823_033000.WAV,Telephone Field,recover-20220825,002,1795
245.2185,245.2572,68437,82437,Rhinolophus ferrumequinum,0.026,0.026,-1,Echolocation,/mnt/ubna_data_01_mir/recover-20220825/UBNA_002/20220823_033000.WAV,Telephone Field,recover-20220825,002,1795
245.2775,245.3164,68437,82949,Rhinolophus ferrumequinum,0.024,0.024,-1,Echolocation,/mnt/ubna_data_01_mir/recover-20220825/UBNA_002/20220823_033000.WAV,Telephone Field,recover-20220825,002,1795
245.3155,245.3242,28046,41364,Eptesicus serotinus,0.008,0.022,-1,Echolocation,/mnt/ubna_data_01_mir/recover-20220825/UBNA_002/20220823_033000.WAV,Telephone Field,recover-20220825,002,1795
245.3255,245.3659,68437,82964,Rhinolophus ferrumequinum,0.026,0.026,-1,Echolocation,/mnt/ubna_data_01_mir/recover-20220825/UBNA_002/20220823_033000.WAV,Telephone Field,recover-20220825,002,1795
245.3655,245.4033,68437,82044,Rhinolophus ferrumequinum,0.024,0.024,-1,Echolocation,/mnt/ubna_data_01_mir/recover-20220825/UBNA_002/20220823_033000.WAV,Telephone Field,recover-20220825,002,1795
245.3965,245.4385,68437,82386,Rhinolophus ferrumequinum,0.022,0.022,-1,Echolocation,/mnt/ubna_data_01_mir/recover-20220825/UBNA_002/20220823_033000.WAV,Telephone Field,recover-20220825,002,1795
245.4145,245.4467,68437,80929,Rhinolophus ferrumequinum,0.022,0.022,-1,Echolocation,/mnt/ubna_data_01_mir/recover-20220825/UBNA_002/20220823_033000.WAV,Telephone Field,recover-20220825,002,1795
245.4275,245.4652,68437,82190,Rhinolophus ferrumequinum,0.036,0.036,-1,Echolocation,/mnt/ubna_data_01_mir/recover-20220825/UBNA_002/20220823_033000.WAV,Telephone Field,recover-20220825,002,1795
245.44650000000001,245.4852,68437,82207,Rhinolophus ferrumequinum,0.022,0.022,-1,Echolocation,/mnt/ubna_data_01_mir/recover-20220825/UBNA_002/20220823_033000.WAV,Telephone Field,recover-20220825,002,1795
245.4825,245.4961,23750,27952,Nyctalus leisleri,0.017,0.031,-1,Echolocation,/mnt/ubna_data_01_mir/recover-20220825/UBNA_002/20220823_033000.WAV,Telephone Field,recover-20220825,002,1795
245.4905,245.5304,68437,81857,Rhinolophus ferrumequinum,0.022,0.022,-1,Echolocation,/mnt/ubna_data_01_mir/recover-20220825/UBNA_002/20220823_033000.WAV,Telephone Field,recover-20220825,002,1795
245.5635,245.573,22890,29371,Nyctalus leisleri,0.009,0.024,-1,Echolocation,/mnt/ubna_data_01_mir/recover-20220825/UBNA_002/20220823_033000.WAV,Telephone Field,recover-20220825,002,1795
245.6085,245.6188,26328,35010,Eptesicus serotinus,0.012,0.028,-1,Echolocation,/mnt/ubna_data_01_mir/recover-20220825/UBNA_002/20220823_033000.WAV,Telephone Field,recover-20220825,002,1795
245.6275,245.6684,68437,82775,Rhinolophus ferrumequinum,0.026,0.026,-1,Echolocation,/mnt/ubna_data_01_mir/recover-20220825/UBNA_002/20220823_033000.WAV,Telephone Field,recover-20220825,002,1795
245.6275,245.6354,28046,38833,Eptesicus serotinus,0.007,0.023,-1,Echolocation,/mnt/ubna_data_01_mir/recover-20220825/UBNA_002/20220823_033000.WAV,Telephone Field,recover-20220825,002,1795
245.6475,245.6545,24609,33222,Plecotus austriacus,0.008,0.021,-1,Echolocation,/mnt/ubna_data_01_mir/recover-20220825/UBNA_002/20220823_033000.WAV,Telephone Field,recover-20220825,002,1795
245.6545,245.6911,68437,82144,Rhinolophus ferrumequinum,0.022,0.022,-1,Echolocation,/mnt/ubna_data_01_mir/recover-20220825/UBNA_002/20220823_033000.WAV,Telephone Field,recover-20220825,002,1795
245.6675,245.6781,28906,39662,Eptesicus serotinus,0.014,0.028,-1,Echolocation,/mnt/ubna_data_01_mir/recover-20220825/UBNA_002/20220823_033000.WAV,Telephone Field,recover-20220825,002,1795
245.6895,245.7275,68437,82246,Rhinolophus ferrumequinum,0.024,0.024,-1,Echolocation,/mnt/ubna_data_01_mir/recover-20220825/UBNA_002/20220823_033000.WAV,Telephone Field,recover-20220825,002,1795
245.7085,245.7201,23750,28928,Nyctalus leisleri,0.011,0.022,-1,Echolocation,/mnt/ubna_data_01_mir/recover-20220825/UBNA_002/20220823_033000.WAV,Telephone Field,recover-20220825,002,1795
245.7185,245.7605,68437,82289,Rhinolophus ferrumequinum,0.033,0.034,-1,Echolocation,/mnt/ubna_data_01_mir/recover-20220825/UBNA_002/20220823_033000.WAV,Telephone Field,recover-20220825,002,1795
245.7205,245.7318,23750,28980,Nyctalus leisleri,0.014,0.029,-1,Echolocation,/mnt/ubna_data_01_mir/recover-20220825/UBNA_002/20220823_033000.WAV,Telephone Field,recover-20220825,002,1795
245.7565,245.7653,27187,36067,Eptesicus serotinus,0.008,0.021,-1,Echolocation,/mnt/ubna_data_01_mir/recover-20220825/UBNA_002/20220823_033000.WAV,Telephone Field,recover-20220825,002,1795
245.7575,245.79410000000001,68437,81888,Rhinolophus ferrumequinum,0.021,0.021,-1,Echolocation,/mnt/ubna_data_01_mir/recover-20220825/UBNA_002/20220823_033000.WAV,Telephone Field,recover-20220825,002,1795
245.7625,245.7709,27187,36867,Eptesicus serotinus,0.007,0.021,-1,Echolocation,/mnt/ubna_data_01_mir/recover-20220825/UBNA_002/20220823_033000.WAV,Telephone Field,recover-20220825,002,1795
245.7805,245.8185,68437,81955,Rhinolophus ferrumequinum,0.021,0.021,-1,Echolocation,/mnt/ubna_data_01_mir/recover-20220825/UBNA_002/20220823_033000.WAV,Telephone Field,recover-20220825,002,1795
245.8135,245.8468,68437,81314,Rhinolophus ferrumequinum,0.023,0.023,-1,Echolocation,/mnt/ubna_data_01_mir/recover-20220825/UBNA_002/20220823_033000.WAV,Telephone Field,recover-20220825,002,1795
245.8265,245.8665,68437,82237,Rhinolophus ferrumequinum,0.034,0.034,-1,Echolocation,/mnt/ubna_data_01_mir/recover-20220825/UBNA_002/20220823_033000.WAV,Telephone Field,recover-20220825,002,1795
245.8905,245.9327,68437,83030,Rhinolophus ferrumequinum,0.028,0.028,-1,Echolocation,/mnt/ubna_data_01_mir/recover-20220825/UBNA_002/20220823_033000.WAV,Telephone Field,recover-20220825,002,1795
245.8945,245.9031,27187,40646,Eptesicus serotinus,0.008,0.023,-1,Echolocation,/mnt/ubna_data_01_mir/recover-20220825/UBNA_002/20220823_033000.WAV,Telephone Field,recover-20220825,002,1795
245.8965,245.9041,32343,41362,Myotis daubentonii,0.01,0.025,-1,Echolocation,/mnt/ubna_data_01_mir/recover-20220825/UBNA_002/20220823_033000.WAV,Telephone Field,recover-20220825,002,1795
245.9185,245.9322,22890,26625,Nyctalus leisleri,0.016,0.027,-1,Echolocation,/mnt/ubna_data_01_mir/recover-20220825/UBNA_002/20220823_033000.WAV,Telephone Field,recover-20220825,002,1795
245.9425,245.956,28906,34330,Eptesicus serotinus,0.035,0.056,-1,Echolocation,/mnt/ubna_data_01_mir/recover-20220825/UBNA_002/20220823_033000.WAV,Telephone Field,recover-20220825,002,1795
245.9475,245.9837,68437,81852,Rhinolophus ferrumequinum,0.022,0.022,-1,Echolocation,/mnt/ubna_data_01_mir/recover-20220825/UBNA_002/20220823_033000.WAV,Telephone Field,recover-20220825,002,1795
245.9775,245.9887,27187,35426,Eptesicus serotinus,0.013,0.028,-1,Echolocation,/mnt/ubna_data_01_mir/recover-20220825/UBNA_002/20220823_033000.WAV,Telephone Field,recover-20220825,002,1795
246.0015,246.0103,21171,27742,Nyctalus leisleri,0.007,0.024,-1,Echolocation,/mnt/ubna_data_01_mir/recover-20220825/UBNA_002/20220823_033000.WAV,Telephone Field,recover-20220825,002,1795
246.0015,246.0095,25468,35953,Nyctalus leisleri,0.005,0.023,-1,Echolocation,/mnt/ubna_data_01_mir/recover-20220825/UBNA_002/20220823_033000.WAV,Telephone Field,recover-20220825,002,1795
246.0015,246.0317,69296,80607,Rhinolophus ferrumequinum,0.021,0.021,-1,Echolocation,/mnt/ubna_data_01_mir/recover-20220825/UBNA_002/20220823_033000.WAV,Telephone Field,recover-20220825,002,1795
246.0405,246.0771,68437,82084,Rhinolophus ferrumequinum,0.022,0.022,-1,Echolocation,/mnt/ubna_data_01_mir/recover-20220825/UBNA_002/20220823_033000.WAV,Telephone Field,recover-20220825,002,1795
246.0635,246.0726,28046,35295,Eptesicus serotinus,0.058,0.094,-1,Echolocation,/mnt/ubna_data_01_mir/recover-20220825/UBNA_002/20220823_033000.WAV,Telephone Field,recover-20220825,002,1795
246.0785,246.1166,68437,81808,Rhinolophus ferrumequinum,0.021,0.021,-1,Echolocation,/mnt/ubna_data_01_mir/recover-20220825/UBNA_002/20220823_033000.WAV,Telephone Field,recover-20220825,002,1795
246.0925,246.1308,68437,81714,Rhinolophus ferrumequinum,0.021,0.021,-1,Echolocation,/mnt/ubna_data_01_mir/recover-20220825/UBNA_002/20220823_033000.WAV,Telephone Field,recover-20220825,002,1795
246.1025,246.1128,23750,29350,Nyctalus leisleri,0.009,0.022,-1,Echolocation,/mnt/ubna_data_01_mir/recover-20220825/UBNA_002/20220823_033000.WAV,Telephone Field,recover-20220825,002,1795
246.1535,246.1656,24609,30609,Nyctalus leisleri,0.012,0.031,-1,Echolocation,/mnt/ubna_data_01_mir/recover-20220825/UBNA_002/20220823_033000.WAV,Telephone Field,recover-20220825,002,1795
246.1885,246.2274,68437,82290,Rhinolophus ferrumequinum,0.026,0.026,-1,Echolocation,/mnt/ubna_data_01_mir/recover-20220825/UBNA_002/20220823_033000.WAV,Telephone Field,recover-20220825,002,1795
246.2085,246.2199,23750,29054,Nyctalus leisleri,0.013,0.028,-1,Echolocation,/mnt/ubna_data_01_mir/recover-20220825/UBNA_002/20220823_033000.WAV,Telephone Field,recover-20220825,002,1795
246.2165,246.2547,68437,81453,Rhinolophus ferrumequinum,0.023,0.023,-1,Echolocation,/mnt/ubna_data_01_mir/recover-20220825/UBNA_002/20220823_033000.WAV,Telephone Field,recover-20220825,002,1795
246.2325,246.2392,28046,40596,Eptesicus serotinus,0.006,0.024,-1,Echolocation,/mnt/ubna_data_01_mir/recover-20220825/UBNA_002/20220823_033000.WAV,Telephone Field,recover-20220825,002,1795
246.2475,246.2838,68437,81818,Rhinolophus ferrumequinum,0.023,0.023,-1,Echolocation,/mnt/ubna_data_01_mir/recover-20220825/UBNA_002/20220823_033000.WAV,Telephone Field,recover-20220825,002,1795
246.2715,246.3089,68437,81778,Rhinolophus ferrumequinum,0.023,0.023,-1,Echolocation,/mnt/ubna_data_01_mir/recover-20220825/UBNA_002/20220823_033000.WAV,Telephone Field,recover-20220825,002,1795
246.2845,246.3227,68437,81808,Rhinolophus ferrumequinum,0.021,0.021,-1,Echolocation,/mnt/ubna_data_01_mir/recover-20220825/UBNA_002/20220823_033000.WAV,Telephone Field,recover-20220825,002,1795
246.3125,246.3528,68437,83381,Rhinolophus ferrumequinum,0.026,0.026,-1,Echolocation,/mnt/ubna_data_01_mir/recover-20220825/UBNA_002/20220823_033000.WAV,Telephone Field,recover-20220825,002,1795
246.3225,246.331,28046,37562,Eptesicus serotinus,0.008,0.024,-1,Echolocation,/mnt/ubna_data_01_mir/recover-20220825/UBNA_002/20220823_033000.WAV,Telephone Field,recover-20220825,002,1795
246.3225,246.334,34921,40478,Pipistrellus nathusii,0.007,0.026,-1,Echolocation,/mnt/ubna_data_01_mir/recover-20220825/UBNA_002/20220823_033000.WAV,Telephone Field,recover-20220825,002,1795
246.3595,246.4015,68437,82425,Rhinolophus ferrumequinum,0.023,0.023,-1,Echolocation,/mnt/ubna_data_01_mir/recover-20220825/UBNA_002/20220823_033000.WAV,Telephone Field,recover-20220825,002,1795
246.3665,246.4056,68437,81823,Rhinolophus ferrumequinum,0.024,0.024,-1,Echolocation,/mnt/ubna_data_01_mir/recover-20220825/UBNA_002/20220823_033000.WAV,Telephone Field,recover-20220825,002,1795
246.3785,246.3961,21171,24812,Nyctalus leisleri,0.016,0.028,-1,Echolocation,/mnt/ubna_data_01_mir/recover-20220825/UBNA_002/20220823_033000.WAV,Telephone Field,recover-20220825,002,1795
246.4045,246.4141,22890,29953,Plecotus austriacus,0.007,0.022,-1,Echolocation,/mnt/ubna_data_01_mir/recover-20220825/UBNA_002/20220823_033000.WAV,Telephone Field,recover-20220825,002,1795
246.4325,246.4712,68437,82237,Rhinolophus ferrumequinum,0.021,0.021,-1,Echolocation,/mnt/ubna_data_01_mir/recover-20220825/UBNA_002/20220823_033000.WAV,Telephone Field,recover-20220825,002,1795
246.4555,246.4957,68437,82418,Rhinolophus ferrumequinum,0.021,0.021,-1,Echolocation,/mnt/ubna_data_01_mir/recover-20220825/UBNA_002/20220823_033000.WAV,Telephone Field,recover-20220825,002,1795
246.4745,246.482,25468,34961,Eptesicus serotinus,0.007,0.022,-1,Echolocation,/mnt/ubna_data_01_mir/recover-20220825/UBNA_002/20220823_033000.WAV,Telephone Field,recover-20220825,002,1795
246.4815,246.5203,68437,81291,Rhinolophus ferrumequinum,0.022,0.022,-1,Echolocation,/mnt/ubna_data_01_mir/recover-20220825/UBNA_002/20220823_033000.WAV,Telephone Field,recover-20220825,002,1795
246.4915,246.5303,68437,82165,Rhinolophus ferrumequinum,0.022,0.022,-1,Echolocation,/mnt/ubna_data_01_mir/recover-20220825/UBNA_002/20220823_033000.WAV,Telephone Field,recover-20220825,002,1795
246.4975,246.5339,68437,82240,Rhinolophus ferrumequinum,0.021,0.022,-1,Echolocation,/mnt/ubna_data_01_mir/recover-20220825/UBNA_002/20220823_033000.WAV,Telephone Field,recover-20220825,002,1795
246.5295,246.5691,68437,82550,Rhinolophus ferrumequinum,0.024,0.024,-1,Echolocation,/mnt/ubna_data_01_mir/recover-20220825/UBNA_002/20220823_033000.WAV,Telephone Field,recover-20220825,002,1795
246.5765,246.5832,23750,33188,Plecotus austriacus,0.011,0.024,-1,Echolocation,/mnt/ubna_data_01_mir/recover-20220825/UBNA_002/20220823_033000.WAV,Telephone Field,recover-20220825,002,1795
246.5785,246.6158,68437,82026,Rhinolophus ferrumequinum,0.021,0.021,-1,Echolocation,/mnt/ubna_data_01_mir/recover-20220825/UBNA_002/20220823_033000.WAV,Telephone Field,recover-20220825,002,1795
246.5925,246.6335,68437,82935,Rhinolophus ferrumequinum,0.021,0.021,-1,Echolocation,/mnt/ubna_data_01_mir/recover-20220825/UBNA_002/20220823_033000.WAV,Telephone Field,recover-20220825,002,1795
246.5975,246.607,28046,35936,Eptesicus serotinus,0.008,0.021,-1,Echolocation,/mnt/ubna_data_01_mir/recover-20220825/UBNA_002/20220823_033000.WAV,Telephone Field,recover-20220825,002,1795
246.6255,246.6334,28046,41078,Eptesicus serotinus,0.007,0.021,-1,Echolocation,/mnt/ubna_data_01_mir/recover-20220825/UBNA_002/20220823_033000.WAV,Telephone Field,recover-20220825,002,1795
246.6505,246.6595,22890,29908,Plecotus austriacus,0.01,0.026,-1,Echolocation,/mnt/ubna_data_01_mir/recover-20220825/UBNA_002/20220823_033000.WAV,Telephone Field,recover-20220825,002,1795
246.6645,246.6999,68437,81268,Rhinolophus ferrumequinum,0.023,0.023,-1,Echolocation,/mnt/ubna_data_01_mir/recover-20220825/UBNA_002/20220823_033000.WAV,Telephone Field,recover-20220825,002,1795
246.6735,246.7068,68437,81084,Rhinolophus ferrumequinum,0.023,0.024,-1,Echolocation,/mnt/ubna_data_01_mir/recover-20220825/UBNA_002/20220823_033000.WAV,Telephone Field,recover-20220825,002,1795
246.6915,246.7326,68437,82851,Rhinolophus ferrumequinum,0.025,0.025,-1,Echolocation,/mnt/ubna_data_01_mir/recover-20220825/UBNA_002/20220823_033000.WAV,Telephone Field,recover-20220825,002,1795
246.6995,246.7072,28046,40461,Eptesicus serotinus,0.007,0.022,-1,Echolocation,/mnt/ubna_data_01_mir/recover-20220825/UBNA_002/20220823_033000.WAV,Telephone Field,recover-20220825,002,1795
246.7175,246.7278,23750,29256,Nyctalus leisleri,0.009,0.021,-1,Echolocation,/mnt/ubna_data_01_mir/recover-20220825/UBNA_002/20220823_033000.WAV,Telephone Field,recover-20220825,002,1795
246.7235,246.7629,68437,82500,Rhinolophus ferrumequinum,0.021,0.021,-1,Echolocation,/mnt/ubna_data_01_mir/recover-20220825/UBNA_002/20220823_033000.WAV,Telephone Field,recover-20220825,002,1795
246.7555,246.7966,68437,82671,Rhinolophus ferrumequinum,0.024,0.024,-1,Echolocation,/mnt/ubna_data_01_mir/recover-20220825/UBNA_002/20220823_033000.WAV,Telephone Field,recover-20220825,002,1795
246.7665,246.7766,22890,28364,Nyctalus leisleri,0.009,0.021,-1,Echolocation,/mnt/ubna_data_01_mir/recover-20220825/UBNA_002/20220823_033000.WAV,Telephone Field,recover-20220825,002,1795
246.8185,246.8263,28046,39588,Eptesicus serotinus,0.007,0.021,-1,Echolocation,/mnt/ubna_data_01_mir/recover-20220825/UBNA_002/20220823_033000.WAV,Telephone Field,recover-20220825,002,1795
246.9245,246.9679,68437,83633,Rhinolophus ferrumequinum,0.034,0.034,-1,Echolocation,/mnt/ubna_data_01_mir/recover-20220825/UBNA_002/20220823_033000.WAV,Telephone Field,recover-20220825,002,1795
246.9445,246.952,27187,40102,Eptesicus serotinus,0.007,0.022,-1,Echolocation,/mnt/ubna_data_01_mir/recover-20220825/UBNA_002/20220823_033000.WAV,Telephone Field,recover-20220825,002,1795
246.9455,246.9868,68437,82867,Rhinolophus ferrumequinum,0.024,0.024,-1,Echolocation,/mnt/ubna_data_01_mir/recover-20220825/UBNA_002/20220823_033000.WAV,Telephone Field,recover-20220825,002,1795
246.9625,246.9991,68437,81182,Rhinolophus ferrumequinum,0.021,0.021,-1,Echolocation,/mnt/ubna_data_01_mir/recover-20220825/UBNA_002/20220823_033000.WAV,Telephone Field,recover-20220825,002,1795
246.9715,246.9792,28906,39889,Eptesicus serotinus,0.011,0.029,-1,Echolocation,/mnt/ubna_data_01_mir/recover-20220825/UBNA_002/20220823_033000.WAV,Telephone Field,recover-20220825,002,1795
247.0215,247.06,68437,81973,Rhinolophus ferrumequinum,0.022,0.022,-1,Echolocation,/mnt/ubna_data_01_mir/recover-20220825/UBNA_002/20220823_033000.WAV,Telephone Field,recover-20220825,002,1795
247.0275,247.0381,25468,31357,Nyctalus leisleri,0.012,0.03,-1,Echolocation,/mnt/ubna_data_01_mir/recover-20220825/UBNA_002/20220823_033000.WAV,Telephone Field,recover-20220825,002,1795
247.0555,247.0697,22890,27333,Nyctalus leisleri,0.017,0.033,-1,Echolocation,/mnt/ubna_data_01_mir/recover-20220825/UBNA_002/20220823_033000.WAV,Telephone Field,recover-20220825,002,1795
247.1335,247.1456,22031,26444,Nyctalus leisleri,0.011,0.021,-1,Echolocation,/mnt/ubna_data_01_mir/recover-20220825/UBNA_002/20220823_033000.WAV,Telephone Field,recover-20220825,002,1795
247.1385,247.1492,22031,27063,Nyctalus leisleri,0.01,0.021,-1,Echolocation,/mnt/ubna_data_01_mir/recover-20220825/UBNA_002/20220823_033000.WAV,Telephone Field,recover-20220825,002,1795
247.1505,247.1876,68437,82756,Rhinolophus ferrumequinum,0.027,0.027,-1,Echolocation,/mnt/ubna_data_01_mir/recover-20220825/UBNA_002/20220823_033000.WAV,Telephone Field,recover-20220825,002,1795
247.2155,247.255,68437,82093,Rhinolophus ferrumequinum,0.022,0.022,-1,Echolocation,/mnt/ubna_data_01_mir/recover-20220825/UBNA_002/20220823_033000.WAV,Telephone Field,recover-20220825,002,1795
247.2555,247.2881,68437,80029,Rhinolophus ferrumequinum,0.027,0.027,-1,Echolocation,/mnt/ubna_data_01_mir/recover-20220825/UBNA_002/20220823_033000.WAV,Telephone Field,recover-20220825,002,1795
247.3015,247.3408,68437,82504,Rhinolophus ferrumequinum,0.022,0.022,-1,Echolocation,/mnt/ubna_data_01_mir/recover-20220825/UBNA_002/20220823_033000.WAV,Telephone Field,recover-20220825,002,1795
247.32150000000001,247.3334,35781,40125,Pipistrellus nathusii,0.011,0.04,-1,Echolocation,/mnt/ubna_data_01_mir/recover-20220825/UBNA_002/20220823_033000.WAV,Telephone Field,recover-20220825,002,1795
247.4055,247.4144,28046,38341,Eptesicus serotinus,0.008,0.021,-1,Echolocation,/mnt/ubna_data_01_mir/recover-20220825/UBNA_002/20220823_033000.WAV,Telephone Field,recover-20220825,002,1795
247.4085,247.4462,68437,81746,Rhinolophus ferrumequinum,0.021,0.021,-1,Echolocation,/mnt/ubna_data_01_mir/recover-20220825/UBNA_002/20220823_033000.WAV,Telephone Field,recover-20220825,002,1795
247.4325,247.4724,68437,82573,Rhinolophus ferrumequinum,0.022,0.022,-1,Echolocation,/mnt/ubna_data_01_mir/recover-20220825/UBNA_002/20220823_033000.WAV,Telephone Field,recover-20220825,002,1795
247.4605,247.499,68437,82837,Rhinolophus ferrumequinum,0.026,0.026,-1,Echolocation,/mnt/ubna_data_01_mir/recover-20220825/UBNA_002/20220823_033000.WAV,Telephone Field,recover-20220825,002,1795
247.5075,247.5473,68437,82214,Rhinolophus ferrumequinum,0.025,0.025,-1,Echolocation,/mnt/ubna_data_01_mir/recover-20220825/UBNA_002/20220823_033000.WAV,Telephone Field,recover-20220825,002,1795
247.5315,247.5393,23750,31309,Plecotus austriacus,0.008,0.022,-1,Echolocation,/mnt/ubna_data_01_mir/recover-20220825/UBNA_002/20220823_033000.WAV,Telephone Field,recover-20220825,002,1795
247.5945,247.6056,22890,28968,Nyctalus leisleri,0.012,0.026,-1,Echolocation,/mnt/ubna_data_01_mir/recover-20220825/UBNA_002/20220823_033000.WAV,Telephone Field,recover-20220825,002,1795
247.6325,247.6424,28046,36694,Eptesicus serotinus,0.012,0.025,-1,Echolocation,/mnt/ubna_data_01_mir/recover-20220825/UBNA_002/20220823_033000.WAV,Telephone Field,recover-20220825,002,1795
247.7175,247.7582,68437,82257,Rhinolophus ferrumequinum,0.022,0.022,-1,Echolocation,/mnt/ubna_data_01_mir/recover-20220825/UBNA_002/20220823_033000.WAV,Telephone Field,recover-20220825,002,1795
247.7355,247.773,68437,82384,Rhinolophus ferrumequinum,0.023,0.023,-1,Echolocation,/mnt/ubna_data_01_mir/recover-20220825/UBNA_002/20220823_033000.WAV,Telephone Field,recover-20220825,002,1795
247.7505,247.7589,28906,41208,Eptesicus serotinus,0.009,0.026,-1,Echolocation,/mnt/ubna_data_01_mir/recover-20220825/UBNA_002/20220823_033000.WAV,Telephone Field,recover-20220825,002,1795
247.7675,247.7784,23750,29675,Nyctalus leisleri,0.011,0.026,-1,Echolocation,/mnt/ubna_data_01_mir/recover-20220825/UBNA_002/20220823_033000.WAV,Telephone Field,recover-20220825,002,1795
247.7835,247.823,68437,82841,Rhinolophus ferrumequinum,0.03,0.03,-1,Echolocation,/mnt/ubna_data_01_mir/recover-20220825/UBNA_002/20220823_033000.WAV,Telephone Field,recover-20220825,002,1795
247.8115,247.8517,68437,82916,Rhinolophus ferrumequinum,0.026,0.026,-1,Echolocation,/mnt/ubna_data_01_mir/recover-20220825/UBNA_002/20220823_033000.WAV,Telephone Field,recover-20220825,002,1795
247.8595,247.8683,22890,29739,Plecotus austriacus,0.009,0.022,-1,Echolocation,/mnt/ubna_data_01_mir/recover-20220825/UBNA_002/20220823_033000.WAV,Telephone Field,recover-20220825,002,1795
247.8605,247.9008,68437,82586,Rhinolophus ferrumequinum,0.022,0.022,-1,Echolocation,/mnt/ubna_data_01_mir/recover-20220825/UBNA_002/20220823_033000.WAV,Telephone Field,recover-20220825,002,1795
247.9525,247.9937,68437,83388,Rhinolophus ferrumequinum,0.028,0.028,-1,Echolocation,/mnt/ubna_data_01_mir/recover-20220825/UBNA_002/20220823_033000.WAV,Telephone Field,recover-20220825,002,1795
247.9825,247.9951,22031,26004,Nyctalus leisleri,0.016,0.029,-1,Echolocation,/mnt/ubna_data_01_mir/recover-20220825/UBNA_002/20220823_033000.WAV,Telephone Field,recover-20220825,002,1795
248.0015,248.0329,69296,81525,Rhinolophus ferrumequinum,0.027,0.027,-1,Echolocation,/mnt/ubna_data_01_mir/recover-20220825/UBNA_002/20220823_033000.WAV,Telephone Field,recover-20220825,002,1795
248.0015,248.0091,52109,59774,Pipistrellus pygmaeus,0.018,0.025,-1,Echolocation,/mnt/ubna_data_01_mir/recover-20220825/UBNA_002/20220823_033000.WAV,Telephone Field,recover-20220825,002,1795
248.0015,248.0099,22031,29119,Nyctalus leisleri,0.006,0.021,-1,Echolocation,/mnt/ubna_data_01_mir/recover-20220825/UBNA_002/20220823_033000.WAV,Telephone Field,recover-20220825,002,1795
248.0475,248.0885,68437,82311,Rhinolophus ferrumequinum,0.021,0.021,-1,Echolocation,/mnt/ubna_data_01_mir/recover-20220825/UBNA_002/20220823_033000.WAV,Telephone Field,recover-20220825,002,1795
248.0525,248.0927,68437,82646,Rhinolophus ferrumequinum,0.021,0.021,-1,Echolocation,/mnt/ubna_data_01_mir/recover-20220825/UBNA_002/20220823_033000.WAV,Telephone Field,recover-20220825,002,1795
248.0665,248.1023,68437,80466,Rhinolophus ferrumequinum,0.021,0.021,-1,Echolocation,/mnt/ubna_data_01_mir/recover-20220825/UBNA_002/20220823_033000.WAV,Telephone Field,recover-20220825,002,1795
248.0755,248.0833,28046,38714,Eptesicus serotinus,0.007,0.024,-1,Echolocation,/mnt/ubna_data_01_mir/recover-20220825/UBNA_002/20220823_033000.WAV,Telephone Field,recover-20220825,002,1795
248.0865,248.1266,68437,82221,Rhinolophus ferrumequinum,0.021,0.021,-1,Echolocation,/mnt/ubna_data_01_mir/recover-20220825/UBNA_002/20220823_033000.WAV,Telephone Field,recover-20220825,002,1795
248.0905,248.1009,27187,34271,Eptesicus serotinus,0.011,0.022,-1,Echolocation,/mnt/ubna_data_01_mir/recover-20220825/UBNA_002/20220823_033000.WAV,Telephone Field,recover-20220825,002,1795
248.1115,248.1545,68437,82891,Rhinolophus ferrumequinum,0.035,0.035,-1,Echolocation,/mnt/ubna_data_01_mir/recover-20220825/UBNA_002/20220823_033000.WAV,Telephone Field,recover-20220825,002,1795
248.1205,248.1376,15156,20696,Nyctalus noctula,0.031,0.04,-1,Echolocation,/mnt/ubna_data_01_mir/recover-20220825/UBNA_002/20220823_033000.WAV,Telephone Field,recover-20220825,002,1795
248.1425,248.1536,24609,30050,Nyctalus leisleri,0.011,0.026,-1,Echolocation,/mnt/ubna_data_01_mir/recover-20220825/UBNA_002/20220823_033000.WAV,Telephone Field,recover-20220825,002,1795
248.1495,248.189,68437,82084,Rhinolophus ferrumequinum,0.028,0.028,-1,Echolocation,/mnt/ubna_data_01_mir/recover-20220825/UBNA_002/20220823_033000.WAV,Telephone Field,recover-20220825,002,1795
248.1695,248.2096,68437,82610,Rhinolophus ferrumequinum,0.029,0.029,-1,Echolocation,/mnt/ubna_data_01_mir/recover-20220825/UBNA_002/20220823_033000.WAV,Telephone Field,recover-20220825,002,1795
248.1855,248.227,68437,82630,Rhinolophus ferrumequinum,0.021,0.021,-1,Echolocation,/mnt/ubna_data_01_mir/recover-20220825/UBNA_002/20220823_033000.WAV,Telephone Field,recover-20220825,002,1795
248.2025,248.2132,23750,29820,Nyctalus leisleri,0.01,0.025,-1,Echolocation,/mnt/ubna_data_01_mir/recover-20220825/UBNA_002/20220823_033000.WAV,Telephone Field,recover-20220825,002,1795
248.2185,248.262,68437,82903,Rhinolophus ferrumequinum,0.03,0.03,-1,Echolocation,/mnt/ubna_data_01_mir/recover-20220825/UBNA_002/20220823_033000.WAV,Telephone Field,recover-20220825,002,1795
248.2335,248.2414,28046,38676,Eptesicus serotinus,0.007,0.023,-1,Echolocation,/mnt/ubna_data_01_mir/recover-20220825/UBNA_002/20220823_033000.WAV,Telephone Field,recover-20220825,002,1795
248.2615,248.2993,68437,81387,Rhinolophus ferrumequinum,0.021,0.021,-1,Echolocation,/mnt/ubna_data_01_mir/recover-20220825/UBNA_002/20220823_033000.WAV,Telephone Field,recover-20220825,002,1795
248.2745,248.2832,28046,36869,Eptesicus serotinus,0.007,0.021,-1,Echolocation,/mnt/ubna_data_01_mir/recover-20220825/UBNA_002/20220823_033000.WAV,Telephone Field,recover-20220825,002,1795
248.2845,248.2968,14296,19580,Nyctalus noctula,0.012,0.021,-1,Echolocation,/mnt/ubna_data_01_mir/recover-20220825/UBNA_002/20220823_033000.WAV,Telephone Field,recover-20220825,002,1795
248.3085,248.3488,68437,81615,Rhinolophus ferrumequinum,0.024,0.024,-1,Echolocation,/mnt/ubna_data_01_mir/recover-20220825/UBNA_002/20220823_033000.WAV,Telephone Field,recover-20220825,002,1795
248.3155,248.32659999999998,28046,34415,Eptesicus serotinus,0.049,0.089,-1,Echolocation,/mnt/ubna_data_01_mir/recover-20220825/UBNA_002/20220823_033000.WAV,Telephone Field,recover-20220825,002,1795
248.3355,248.3425,27187,40058,Eptesicus serotinus,0.006,0.022,-1,Echolocation,/mnt/ubna_data_01_mir/recover-20220825/UBNA_002/20220823_033000.WAV,Telephone Field,recover-20220825,002,1795
248.3445,248.3828,68437,81718,Rhinolophus ferrumequinum,0.021,0.021,-1,Echolocation,/mnt/ubna_data_01_mir/recover-20220825/UBNA_002/20220823_033000.WAV,Telephone Field,recover-20220825,002,1795
248.3775,248.4156,68437,81610,Rhinolophus ferrumequinum,0.026,0.026,-1,Echolocation,/mnt/ubna_data_01_mir/recover-20220825/UBNA_002/20220823_033000.WAV,Telephone Field,recover-20220825,002,1795
248.4025,248.4099,26328,35448,Eptesicus serotinus,0.007,0.021,-1,Echolocation,/mnt/ubna_data_01_mir/recover-20220825/UBNA_002/20220823_033000.WAV,Telephone Field,recover-20220825,002,1795
248.4305,248.4412,28906,35129,Eptesicus serotinus,0.009,0.021,-1,Echolocation,/mnt/ubna_data_01_mir/recover-20220825/UBNA_002/20220823_033000.WAV,Telephone Field,recover-20220825,002,1795
248.4395,248.4786,68437,82319,Rhinolophus ferrumequinum,0.023,0.023,-1,Echolocation,/mnt/ubna_data_01_mir/recover-20220825/UBNA_002/20220823_033000.WAV,Telephone Field,recover-20220825,002,1795
248.4475,248.4788,67578,79459,Rhinolophus ferrumequinum,0.021,0.021,-1,Echolocation,/mnt/ubna_data_01_mir/recover-20220825/UBNA_002/20220823_033000.WAV,Telephone Field,recover-20220825,002,1795
248.4745,248.5121,68437,82001,Rhinolophus ferrumequinum,0.021,0.021,-1,Echolocation,/mnt/ubna_data_01_mir/recover-20220825/UBNA_002/20220823_033000.WAV,Telephone Field,recover-20220825,002,1795
248.4955,248.5343,68437,82160,Rhinolophus ferrumequinum,0.024,0.024,-1,Echolocation,/mnt/ubna_data_01_mir/recover-20220825/UBNA_002/20220823_033000.WAV,Telephone Field,recover-20220825,002,1795
248.5035,248.5434,68437,82162,Rhinolophus ferrumequinum,0.021,0.021,-1,Echolocation,/mnt/ubna_data_01_mir/recover-20220825/UBNA_002/20220823_033000.WAV,Telephone Field,recover-20220825,002,1795
248.5145,248.5211,28046,41524,Eptesicus serotinus,0.006,0.021,-1,Echolocation,/mnt/ubna_data_01_mir/recover-20220825/UBNA_002/20220823_033000.WAV,Telephone Field,recover-20220825,002,1795
248.5285,248.572,68437,83000,Rhinolophus ferrumequinum,0.032,0.032,-1,Echolocation,/mnt/ubna_data_01_mir/recover-20220825/UBNA_002/20220823_033000.WAV,Telephone Field,recover-20220825,002,1795
248.5495,248.5889,68437,82691,Rhinolophus ferrumequinum,0.023,0.023,-1,Echolocation,/mnt/ubna_data_01_mir/recover-20220825/UBNA_002/20220823_033000.WAV,Telephone Field,recover-20220825,002,1795
248.5895,248.6315,68437,82944,Rhinolophus ferrumequinum,0.034,0.034,-1,Echolocation,/mnt/ubna_data_01_mir/recover-20220825/UBNA_002/20220823_033000.WAV,Telephone Field,recover-20220825,002,1795
248.6405,248.678,68437,81823,Rhinolophus ferrumequinum,0.021,0.021,-1,Echolocation,/mnt/ubna_data_01_mir/recover-20220825/UBNA_002/20220823_033000.WAV,Telephone Field,recover-20220825,002,1795
248.6555,248.6967,68437,82838,Rhinolophus ferrumequinum,0.023,0.023,-1,Echolocation,/mnt/ubna_data_01_mir/recover-20220825/UBNA_002/20220823_033000.WAV,Telephone Field,recover-20220825,002,1795
248.66649999999998,248.6748,28046,37312,Eptesicus serotinus,0.011,0.027,-1,Echolocation,/mnt/ubna_data_01_mir/recover-20220825/UBNA_002/20220823_033000.WAV,Telephone Field,recover-20220825,002,1795
248.6955,248.7351,68437,82714,Rhinolophus ferrumequinum,0.022,0.022,-1,Echolocation,/mnt/ubna_data_01_mir/recover-20220825/UBNA_002/20220823_033000.WAV,Telephone Field,recover-20220825,002,1795
248.7155,248.7242,28906,37323,Eptesicus serotinus,0.008,0.023,-1,Echolocation,/mnt/ubna_data_01_mir/recover-20220825/UBNA_002/20220823_033000.WAV,Telephone Field,recover-20220825,002,1795
248.7165,248.7475,68437,79089,Rhinolophus ferrumequinum,0.03,0.03,-1,Echolocation,/mnt/ubna_data_01_mir/recover-20220825/UBNA_002/20220823_033000.WAV,Telephone Field,recover-20220825,002,1795
248.7305,248.7409,24609,31654,Nyctalus leisleri,0.01,0.029,-1,Echolocation,/mnt/ubna_data_01_mir/recover-20220825/UBNA_002/20220823_033000.WAV,Telephone Field,recover-20220825,002,1795
248.7565,248.798,68437,82529,Rhinolophus ferrumequinum,0.026,0.026,-1,Echolocation,/mnt/ubna_data_01_mir/recover-20220825/UBNA_002/20220823_033000.WAV,Telephone Field,recover-20220825,002,1795
248.7725,248.8122,68437,82558,Rhinolophus ferrumequinum,0.021,0.021,-1,Echolocation,/mnt/ubna_data_01_mir/recover-20220825/UBNA_002/20220823_033000.WAV,Telephone Field,recover-20220825,002,1795
248.7795,248.8173,68437,82223,Rhinolophus ferrumequinum,0.021,0.021,-1,Echolocation,/mnt/ubna_data_01_mir/recover-20220825/UBNA_002/20220823_033000.WAV,Telephone Field,recover-20220825,002,1795
248.7835,248.7956,23750,28750,Nyctalus leisleri,0.016,0.031,-1,Echolocation,/mnt/ubna_data_01_mir/recover-20220825/UBNA_002/20220823_033000.WAV,Telephone Field,recover-20220825,002,1795
248.8225,248.8645,68437,82720,Rhinolophus ferrumequinum,0.03,0.03,-1,Echolocation,/mnt/ubna_data_01_mir/recover-20220825/UBNA_002/20220823_033000.WAV,Telephone Field,recover-20220825,002,1795
248.8255,248.8323,24609,39103,Plecotus austriacus,0.009,0.025,-1,Echolocation,/mnt/ubna_data_01_mir/recover-20220825/UBNA_002/20220823_033000.WAV,Telephone Field,recover-20220825,002,1795
248.8505,248.8642,22890,27369,Nyctalus leisleri,0.015,0.028,-1,Echolocation,/mnt/ubna_data_01_mir/recover-20220825/UBNA_002/20220823_033000.WAV,Telephone Field,recover-20220825,002,1795
248.8735,248.9133,68437,82931,Rhinolophus ferrumequinum,0.023,0.023,-1,Echolocation,/mnt/ubna_data_01_mir/recover-20220825/UBNA_002/20220823_033000.WAV,Telephone Field,recover-20220825,002,1795
248.8835,248.8903,28906,39281,Myotis daubentonii,0.008,0.029,-1,Echolocation,/mnt/ubna_data_01_mir/recover-20220825/UBNA_002/20220823_033000.WAV,Telephone Field,recover-20220825,002,1795
248.9125,248.9513,68437,81944,Rhinolophus ferrumequinum,0.022,0.022,-1,Echolocation,/mnt/ubna_data_01_mir/recover-20220825/UBNA_002/20220823_033000.WAV,Telephone Field,recover-20220825,002,1795
248.94650000000001,248.9577,22890,28489,Nyctalus leisleri,0.013,0.029,-1,Echolocation,/mnt/ubna_data_01_mir/recover-20220825/UBNA_002/20220823_033000.WAV,Telephone Field,recover-20220825,002,1795
248.9625,248.99869999999999,68437,81796,Rhinolophus ferrumequinum,0.022,0.022,-1,Echolocation,/mnt/ubna_data_01_mir/recover-20220825/UBNA_002/20220823_033000.WAV,Telephone Field,recover-20220825,002,1795
248.9715,249.0076,68437,81938,Rhinolophus ferrumequinum,0.022,0.022,-1,Echolocation,/mnt/ubna_data_01_mir/recover-20220825/UBNA_002/20220823_033000.WAV,Telephone Field,recover-20220825,002,1795
248.9835,249.0228,68437,82061,Rhinolophus ferrumequinum,0.023,0.023,-1,Echolocation,/mnt/ubna_data_01_mir/recover-20220825/UBNA_002/20220823_033000.WAV,Telephone Field,recover-20220825,002,1795
249.0195,249.0324,23750,29064,Nyctalus leisleri,0.014,0.028,-1,Echolocation,/mnt/ubna_data_01_mir/recover-20220825/UBNA_002/20220823_033000.WAV,Telephone Field,recover-20220825,002,1795
249.0405,249.0779,68437,81148,Rhinolophus ferrumequinum,0.021,0.021,-1,Echolocation,/mnt/ubna_data_01_mir/recover-20220825/UBNA_002/20220823_033000.WAV,Telephone Field,recover-20220825,002,1795
249.0485,249.0858,68437,82197,Rhinolophus ferrumequinum,0.023,0.024,-1,Echolocation,/mnt/ubna_data_01_mir/recover-20220825/UBNA_002/20220823_033000.WAV,Telephone Field,recover-20220825,002,1795
249.0505,249.0594,23750,31275,Plecotus austriacus,0.007,0.021,-1,Echolocation,/mnt/ubna_data_01_mir/recover-20220825/UBNA_002/20220823_033000.WAV,Telephone Field,recover-20220825,002,1795
249.0555,249.0637,24609,32105,Plecotus austriacus,0.006,0.023,-1,Echolocation,/mnt/ubna_data_01_mir/recover-20220825/UBNA_002/20220823_033000.WAV,Telephone Field,recover-20220825,002,1795
249.0795,249.1208,68437,82483,Rhinolophus ferrumequinum,0.028,0.028,-1,Echolocation,/mnt/ubna_data_01_mir/recover-20220825/UBNA_002/20220823_033000.WAV,Telephone Field,recover-20220825,002,1795
249.1055,249.1432,68437,82153,Rhinolophus ferrumequinum,0.021,0.021,-1,Echolocation,/mnt/ubna_data_01_mir/recover-20220825/UBNA_002/20220823_033000.WAV,Telephone Field,recover-20220825,002,1795
249.1285,249.1664,68437,81453,Rhinolophus ferrumequinum,0.021,0.021,-1,Echolocation,/mnt/ubna_data_01_mir/recover-20220825/UBNA_002/20220823_033000.WAV,Telephone Field,recover-20220825,002,1795
249.1415,249.1515,28906,36446,Eptesicus serotinus,0.009,0.022,-1,Echolocation,/mnt/ubna_data_01_mir/recover-20220825/UBNA_002/20220823_033000.WAV,Telephone Field,recover-20220825,002,1795
249.1565,249.1684,23750,28273,Nyctalus leisleri,0.011,0.022,-1,Echolocation,/mnt/ubna_data_01_mir/recover-20220825/UBNA_002/20220823_033000.WAV,Telephone Field,recover-20220825,002,1795
249.1685,249.1769,28046,37670,Eptesicus serotinus,0.008,0.022,-1,Echolocation,/mnt/ubna_data_01_mir/recover-20220825/UBNA_002/20220823_033000.WAV,Telephone Field,recover-20220825,002,1795
249.1775,249.18880000000001,22890,28327,Nyctalus leisleri,0.011,0.025,-1,Echolocation,/mnt/ubna_data_01_mir/recover-20220825/UBNA_002/20220823_033000.WAV,Telephone Field,recover-20220825,002,1795
249.1955,249.2052,27187,36375,Eptesicus serotinus,0.009,0.021,-1,Echolocation,/mnt/ubna_data_01_mir/recover-20220825/UBNA_002/20220823_033000.WAV,Telephone Field,recover-20220825,002,1795
249.2045,249.2435,68437,81509,Rhinolophus ferrumequinum,0.023,0.023,-1,Echolocation,/mnt/ubna_data_01_mir/recover-20220825/UBNA_002/20220823_033000.WAV,Telephone Field,recover-20220825,002,1795
249.2065,249.2193,22890,27158,Nyctalus leisleri,0.015,0.026,-1,Echolocation,/mnt/ubna_data_01_mir/recover-20220825/UBNA_002/20220823_033000.WAV,Telephone Field,recover-20220825,002,1795
249.2375,249.2773,68437,82214,Rhinolophus ferrumequinum,0.022,0.022,-1,Echolocation,/mnt/ubna_data_01_mir/recover-20220825/UBNA_002/20220823_033000.WAV,Telephone Field,recover-20220825,002,1795
249.2385,249.252,23750,29542,Nyctalus leisleri,0.018,0.038,-1,Echolocation,/mnt/ubna_data_01_mir/recover-20220825/UBNA_002/20220823_033000.WAV,Telephone Field,recover-20220825,002,1795
249.2715,249.3143,68437,83006,Rhinolophus ferrumequinum,0.023,0.023,-1,Echolocation,/mnt/ubna_data_01_mir/recover-20220825/UBNA_002/20220823_033000.WAV,Telephone Field,recover-20220825,002,1795
249.2955,249.3092,35781,40413,Pipistrellus nathusii,0.018,0.033,-1,Echolocation,/mnt/ubna_data_01_mir/recover-20220825/UBNA_002/20220823_033000.WAV,Telephone Field,recover-20220825,002,1795
249.2975,249.338,68437,82180,Rhinolophus ferrumequinum,0.044,0.044,-1,Echolocation,/mnt/ubna_data_01_mir/recover-20220825/UBNA_002/20220823_033000.WAV,Telephone Field,recover-20220825,002,1795
249.3245,249.3671,68437,82737,Rhinolophus ferrumequinum,0.025,0.025,-1,Echolocation,/mnt/ubna_data_01_mir/recover-20220825/UBNA_002/20220823_033000.WAV,Telephone Field,recover-20220825,002,1795
249.33350000000002,249.3439,23750,30228,Nyctalus leisleri,0.008,0.022,-1,Echolocation,/mnt/ubna_data_01_mir/recover-20220825/UBNA_002/20220823_033000.WAV,Telephone Field,recover-20220825,002,1795
249.3835,249.4216,68437,81882,Rhinolophus ferrumequinum,0.022,0.022,-1,Echolocation,/mnt/ubna_data_01_mir/recover-20220825/UBNA_002/20220823_033000.WAV,Telephone Field,recover-20220825,002,1795
249.4095,249.4477,68437,81565,Rhinolophus ferrumequinum,0.021,0.021,-1,Echolocation,/mnt/ubna_data_01_mir/recover-20220825/UBNA_002/20220823_033000.WAV,Telephone Field,recover-20220825,002,1795
249.4115,249.4201,28046,38835,Eptesicus serotinus,0.012,0.03,-1,Echolocation,/mnt/ubna_data_01_mir/recover-20220825/UBNA_002/20220823_033000.WAV,Telephone Field,recover-20220825,002,1795
249.4505,249.4877,68437,80778,Rhinolophus ferrumequinum,0.022,0.022,-1,Echolocation,/mnt/ubna_data_01_mir/recover-20220825/UBNA_002/20220823_033000.WAV,Telephone Field,recover-20220825,002,1795
249.5345,249.571,68437,81294,Rhinolophus ferrumequinum,0.023,0.023,-1,Echolocation,/mnt/ubna_data_01_mir/recover-20220825/UBNA_002/20220823_033000.WAV,Telephone Field,recover-20220825,002,1795
249.5555,249.5965,68437,82436,Rhinolophus ferrumequinum,0.022,0.022,-1,Echolocation,/mnt/ubna_data_01_mir/recover-20220825/UBNA_002/20220823_033000.WAV,Telephone Field,recover-20220825,002,1795
249.5635,249.6031,68437,82370,Rhinolophus ferrumequinum,0.023,0.023,-1,Echolocation,/mnt/ubna_data_01_mir/recover-20220825/UBNA_002/20220823_033000.WAV,Telephone Field,recover-20220825,002,1795
249.5785,249.6158,68437,82119,Rhinolophus ferrumequinum,0.022,0.022,-1,Echolocation,/mnt/ubna_data_01_mir/recover-20220825/UBNA_002/20220823_033000.WAV,Telephone Field,recover-20220825,002,1795
249.5905,249.6287,68437,82590,Rhinolophus ferrumequinum,0.024,0.024,-1,Echolocation,/mnt/ubna_data_01_mir/recover-20220825/UBNA_002/20220823_033000.WAV,Telephone Field,recover-20220825,002,1795
249.6045,249.6134,41796,50470,Pipistrellus nathusii,0.007,0.023,-1,Echolocation,/mnt/ubna_data_01_mir/recover-20220825/UBNA_002/20220823_033000.WAV,Telephone Field,recover-20220825,002,1795
249.6335,249.6704,68437,81647,Rhinolophus ferrumequinum,0.021,0.021,-1,Echolocation,/mnt/ubna_data_01_mir/recover-20220825/UBNA_002/20220823_033000.WAV,Telephone Field,recover-20220825,002,1795
249.6435,249.6538,23750,29267,Nyctalus leisleri,0.01,0.023,-1,Echolocation,/mnt/ubna_data_01_mir/recover-20220825/UBNA_002/20220823_033000.WAV,Telephone Field,recover-20220825,002,1795
249.6585,249.6968,68437,81047,Rhinolophus ferrumequinum,0.023,0.023,-1,Echolocation,/mnt/ubna_data_01_mir/recover-20220825/UBNA_002/20220823_033000.WAV,Telephone Field,recover-20220825,002,1795
249.6635,249.7031,68437,81461,Rhinolophus ferrumequinum,0.022,0.022,-1,Echolocation,/mnt/ubna_data_01_mir/recover-20220825/UBNA_002/20220823_033000.WAV,Telephone Field,recover-20220825,002,1795
249.6655,249.6745,28906,38988,Eptesicus serotinus,0.01,0.027,-1,Echolocation,/mnt/ubna_data_01_mir/recover-20220825/UBNA_002/20220823_033000.WAV,Telephone Field,recover-20220825,002,1795
249.6705,249.6791,28906,37161,Eptesicus serotinus,0.01,0.027,-1,Echolocation,/mnt/ubna_data_01_mir/recover-20220825/UBNA_002/20220823_033000.WAV,Telephone Field,recover-20220825,002,1795
249.7755,249.7873,22890,26846,Nyctalus leisleri,0.023,0.037,-1,Echolocation,/mnt/ubna_data_01_mir/recover-20220825/UBNA_002/20220823_033000.WAV,Telephone Field,recover-20220825,002,1795
249.80349999999999,249.8121,28046,38500,Eptesicus serotinus,0.009,0.022,-1,Echolocation,/mnt/ubna_data_01_mir/recover-20220825/UBNA_002/20220823_033000.WAV,Telephone Field,recover-20220825,002,1795
249.8065,249.8145,48671,56115,Pipistrellus pipistrellus,0.025,0.026,-1,Echolocation,/mnt/ubna_data_01_mir/recover-20220825/UBNA_002/20220823_033000.WAV,Telephone Field,recover-20220825,002,1795
249.8075,249.8458,68437,82314,Rhinolophus ferrumequinum,0.023,0.023,-1,Echolocation,/mnt/ubna_data_01_mir/recover-20220825/UBNA_002/20220823_033000.WAV,Telephone Field,recover-20220825,002,1795
249.8205,249.8318,22031,26445,Nyctalus leisleri,0.011,0.021,-1,Echolocation,/mnt/ubna_data_01_mir/recover-20220825/UBNA_002/20220823_033000.WAV,Telephone Field,recover-20220825,002,1795
249.8425,249.853,22031,26125,Nyctalus leisleri,0.011,0.021,-1,Echolocation,/mnt/ubna_data_01_mir/recover-20220825/UBNA_002/20220823_033000.WAV,Telephone Field,recover-20220825,002,1795
249.8675,249.9055,68437,81648,Rhinolophus ferrumequinum,0.023,0.023,-1,Echolocation,/mnt/ubna_data_01_mir/recover-20220825/UBNA_002/20220823_033000.WAV,Telephone Field,recover-20220825,002,1795
249.8755,249.912,68437,81741,Rhinolophus ferrumequinum,0.023,0.023,-1,Echolocation,/mnt/ubna_data_01_mir/recover-20220825/UBNA_002/20220823_033000.WAV,Telephone Field,recover-20220825,002,1795
249.8965,249.9348,68437,82011,Rhinolophus ferrumequinum,0.024,0.024,-1,Echolocation,/mnt/ubna_data_01_mir/recover-20220825/UBNA_002/20220823_033000.WAV,Telephone Field,recover-20220825,002,1795
249.9085,249.9501,68437,83199,Rhinolophus ferrumequinum,0.035,0.035,-1,Echolocation,/mnt/ubna_data_01_mir/recover-20220825/UBNA_002/20220823_033000.WAV,Telephone Field,recover-20220825,002,1795
249.9475,249.9541,51250,58027,Pipistrellus pipistrellus,0.024,0.031,-1,Echolocation,/mnt/ubna_data_01_mir/recover-20220825/UBNA_002/20220823_033000.WAV,Telephone Field,recover-20220825,002,1795
249.9815,249.99099999999999,28046,39566,Eptesicus serotinus,0.01,0.023,-1,Echolocation,/mnt/ubna_data_01_mir/recover-20220825/UBNA_002/20220823_033000.WAV,Telephone Field,recover-20220825,002,1795
250.0015,250.0331,68437,80774,Rhinolophus ferrumequinum,0.028,0.028,-1,Echolocation,/mnt/ubna_data_01_mir/recover-20220825/UBNA_002/20220823_033000.WAV,Telephone Field,recover-20220825,002,1795
250.0015,250.0103,24609,33267,Nyctalus leisleri,0.007,0.025,-1,Echolocation,/mnt/ubna_data_01_mir/recover-20220825/UBNA_002/20220823_033000.WAV,Telephone Field,recover-20220825,002,1795
250.0065,250.0189,52968,55366,Pipistrellus pygmaeus,0.019,0.025,-1,Echolocation,/mnt/ubna_data_01_mir/recover-20220825/UBNA_002/20220823_033000.WAV,Telephone Field,recover-20220825,002,1795
250.0785,250.114,68437,80977,Rhinolophus ferrumequinum,0.021,0.021,-1,Echolocation,/mnt/ubna_data_01_mir/recover-20220825/UBNA_002/20220823_033000.WAV,Telephone Field,recover-20220825,002,1795
250.1095,250.1461,68437,81908,Rhinolophus ferrumequinum,0.027,0.027,-1,Echolocation,/mnt/ubna_data_01_mir/recover-20220825/UBNA_002/20220823_033000.WAV,Telephone Field,recover-20220825,002,1795
250.1325,250.14339999999999,23750,29840,Nyctalus leisleri,0.013,0.03,-1,Echolocation,/mnt/ubna_data_01_mir/recover-20220825/UBNA_002/20220823_033000.WAV,Telephone Field,recover-20220825,002,1795
250.1435,250.1821,68437,82470,Rhinolophus ferrumequinum,0.022,0.022,-1,Echolocation,/mnt/ubna_data_01_mir/recover-20220825/UBNA_002/20220823_033000.WAV,Telephone Field,recover-20220825,002,1795
250.1595,250.1951,68437,81640,Rhinolophus ferrumequinum,0.022,0.022,-1,Echolocation,/mnt/ubna_data_01_mir/recover-20220825/UBNA_002/20220823_033000.WAV,Telephone Field,recover-20220825,002,1795
250.2005,250.2095,28046,36991,Eptesicus serotinus,0.009,0.025,-1,Echolocation,/mnt/ubna_data_01_mir/recover-20220825/UBNA_002/20220823_033000.WAV,Telephone Field,recover-20220825,002,1795
250.2215,250.2288,44375,50009,Pipistrellus pipistrellus,0.018,0.022,-1,Echolocation,/mnt/ubna_data_01_mir/recover-20220825/UBNA_002/20220823_033000.WAV,Telephone Field,recover-20220825,002,1795
250.2305,250.2706,68437,82939,Rhinolophus ferrumequinum,0.024,0.024,-1,Echolocation,/mnt/ubna_data_01_mir/recover-20220825/UBNA_002/20220823_033000.WAV,Telephone Field,recover-20220825,002,1795
250.2315,250.2397,26328,34931,Eptesicus serotinus,0.008,0.025,-1,Echolocation,/mnt/ubna_data_01_mir/recover-20220825/UBNA_002/20220823_033000.WAV,Telephone Field,recover-20220825,002,1795
250.2435,250.285,68437,83033,Rhinolophus ferrumequinum,0.026,0.026,-1,Echolocation,/mnt/ubna_data_01_mir/recover-20220825/UBNA_002/20220823_033000.WAV,Telephone Field,recover-20220825,002,1795
250.2825,250.3257,68437,83033,Rhinolophus ferrumequinum,0.03,0.03,-1,Echolocation,/mnt/ubna_data_01_mir/recover-20220825/UBNA_002/20220823_033000.WAV,Telephone Field,recover-20220825,002,1795
250.3055,250.3471,68437,82623,Rhinolophus ferrumequinum,0.022,0.022,-1,Echolocation,/mnt/ubna_data_01_mir/recover-20220825/UBNA_002/20220823_033000.WAV,Telephone Field,recover-20220825,002,1795
250.3095,250.325,22031,26117,Nyctalus leisleri,0.019,0.033,-1,Echolocation,/mnt/ubna_data_01_mir/recover-20220825/UBNA_002/20220823_033000.WAV,Telephone Field,recover-20220825,002,1795
250.3155,250.3544,68437,82316,Rhinolophus ferrumequinum,0.023,0.023,-1,Echolocation,/mnt/ubna_data_01_mir/recover-20220825/UBNA_002/20220823_033000.WAV,Telephone Field,recover-20220825,002,1795
250.3325,250.3713,68437,81892,Rhinolophus ferrumequinum,0.023,0.023,-1,Echolocation,/mnt/ubna_data_01_mir/recover-20220825/UBNA_002/20220823_033000.WAV,Telephone Field,recover-20220825,002,1795
250.3945,250.4341,68437,82308,Rhinolophus ferrumequinum,0.025,0.025,-1,Echolocation,/mnt/ubna_data_01_mir/recover-20220825/UBNA_002/20220823_033000.WAV,Telephone Field,recover-20220825,002,1795
250.4005,250.4437,68437,82673,Rhinolophus ferrumequinum,0.027,0.027,-1,Echolocation,/mnt/ubna_data_01_mir/recover-20220825/UBNA_002/20220823_033000.WAV,Telephone Field,recover-20220825,002,1795
250.4235,250.4644,68437,82855,Rhinolophus ferrumequinum,0.022,0.022,-1,Echolocation,/mnt/ubna_data_01_mir/recover-20220825/UBNA_002/20220823_033000.WAV,Telephone Field,recover-20220825,002,1795
250.4455,250.4861,68437,83146,Rhinolophus ferrumequinum,0.027,0.027,-1,Echolocation,/mnt/ubna_data_01_mir/recover-20220825/UBNA_002/20220823_033000.WAV,Telephone Field,recover-20220825,002,1795
250.4675,250.4809,23750,28471,Nyctalus leisleri,0.025,0.045,-1,Echolocation,/mnt/ubna_data_01_mir/recover-20220825/UBNA_002/20220823_033000.WAV,Telephone Field,recover-20220825,002,1795
250.4895,250.4983,28046,40539,Eptesicus serotinus,0.008,0.023,-1,Echolocation,/mnt/ubna_data_01_mir/recover-20220825/UBNA_002/20220823_033000.WAV,Telephone Field,recover-20220825,002,1795
250.5095,250.5524,68437,83097,Rhinolophus ferrumequinum,0.026,0.026,-1,Echolocation,/mnt/ubna_data_01_mir/recover-20220825/UBNA_002/20220823_033000.WAV,Telephone Field,recover-20220825,002,1795
250.5275,250.5354,22890,30709,Plecotus austriacus,0.013,0.028,-1,Echolocation,/mnt/ubna_data_01_mir/recover-20220825/UBNA_002/20220823_033000.WAV,Telephone Field,recover-20220825,002,1795
250.5295,250.5664,68437,82029,Rhinolophus ferrumequinum,0.025,0.025,-1,Echolocation,/mnt/ubna_data_01_mir/recover-20220825/UBNA_002/20220823_033000.WAV,Telephone Field,recover-20220825,002,1795
250.5495,250.59,68437,82601,Rhinolophus ferrumequinum,0.024,0.024,-1,Echolocation,/mnt/ubna_data_01_mir/recover-20220825/UBNA_002/20220823_033000.WAV,Telephone Field,recover-20220825,002,1795
250.5525,250.5581,28046,40912,Plecotus auritus,0.007,0.032,-1,Echolocation,/mnt/ubna_data_01_mir/recover-20220825/UBNA_002/20220823_033000.WAV,Telephone Field,recover-20220825,002,1795
250.5585,250.5691,22031,26701,Nyctalus leisleri,0.014,0.028,-1,Echolocation,/mnt/ubna_data_01_mir/recover-20220825/UBNA_002/20220823_033000.WAV,Telephone Field,recover-20220825,002,1795
250.5815,250.6203,68437,82284,Rhinolophus ferrumequinum,0.023,0.023,-1,Echolocation,/mnt/ubna_data_01_mir/recover-20220825/UBNA_002/20220823_033000.WAV,Telephone Field,recover-20220825,002,1795
250.5925,250.6339,68437,81824,Rhinolophus ferrumequinum,0.022,0.022,-1,Echolocation,/mnt/ubna_data_01_mir/recover-20220825/UBNA_002/20220823_033000.WAV,Telephone Field,recover-20220825,002,1795
250.6125,250.6247,14296,19084,Nyctalus noctula,0.014,0.025,-1,Echolocation,/mnt/ubna_data_01_mir/recover-20220825/UBNA_002/20220823_033000.WAV,Telephone Field,recover-20220825,002,1795
250.6195,250.627,27187,39456,Eptesicus serotinus,0.013,0.036,-1,Echolocation,/mnt/ubna_data_01_mir/recover-20220825/UBNA_002/20220823_033000.WAV,Telephone Field,recover-20220825,002,1795
250.6395,250.6472,22890,30365,Plecotus austriacus,0.01,0.023,-1,Echolocation,/mnt/ubna_data_01_mir/recover-20220825/UBNA_002/20220823_033000.WAV,Telephone Field,recover-20220825,002,1795
250.6545,250.6633,27187,38235,Eptesicus serotinus,0.008,0.023,-1,Echolocation,/mnt/ubna_data_01_mir/recover-20220825/UBNA_002/20220823_033000.WAV,Telephone Field,recover-20220825,002,1795
250.6805,250.7207,68437,83159,Rhinolophus ferrumequinum,0.025,0.025,-1,Echolocation,/mnt/ubna_data_01_mir/recover-20220825/UBNA_002/20220823_033000.WAV,Telephone Field,recover-20220825,002,1795
250.7225,250.7331,54687,59156,Pipistrellus pygmaeus,0.021,0.022,-1,Echolocation,/mnt/ubna_data_01_mir/recover-20220825/UBNA_002/20220823_033000.WAV,Telephone Field,recover-20220825,002,1795
250.7895,250.8048,24609,30520,Nyctalus leisleri,0.015,0.036,-1,Echolocation,/mnt/ubna_data_01_mir/recover-20220825/UBNA_002/20220823_033000.WAV,Telephone Field,recover-20220825,002,1795
250.79149999999998,250.8318,68437,82249,Rhinolophus ferrumequinum,0.021,0.021,-1,Echolocation,/mnt/ubna_data_01_mir/recover-20220825/UBNA_002/20220823_033000.WAV,Telephone Field,recover-20220825,002,1795
250.8005,250.8064,33203,43016,Myotis daubentonii,0.01,0.023,-1,Echolocation,/mnt/ubna_data_01_mir/recover-20220825/UBNA_002/20220823_033000.WAV,Telephone Field,recover-20220825,002,1795
250.8155,250.8263,28906,35411,Eptesicus serotinus,0.012,0.027,-1,Echolocation,/mnt/ubna_data_01_mir/recover-20220825/UBNA_002/20220823_033000.WAV,Telephone Field,recover-20220825,002,1795
250.8175,250.85829999999999,68437,82435,Rhinolophus ferrumequinum,0.023,0.023,-1,Echolocation,/mnt/ubna_data_01_mir/recover-20220825/UBNA_002/20220823_033000.WAV,Telephone Field,recover-20220825,002,1795
250.8395,250.8808,68437,82419,Rhinolophus ferrumequinum,0.024,0.024,-1,Echolocation,/mnt/ubna_data_01_mir/recover-20220825/UBNA_002/20220823_033000.WAV,Telephone Field,recover-20220825,002,1795
250.8415,250.8508,28046,37666,Eptesicus serotinus,0.009,0.023,-1,Echolocation,/mnt/ubna_data_01_mir/recover-20220825/UBNA_002/20220823_033000.WAV,Telephone Field,recover-20220825,002,1795
250.8465,250.8863,68437,82427,Rhinolophus ferrumequinum,0.023,0.023,-1,Echolocation,/mnt/ubna_data_01_mir/recover-20220825/UBNA_002/20220823_033000.WAV,Telephone Field,recover-20220825,002,1795
250.8635,250.8722,28046,38080,Eptesicus serotinus,0.008,0.022,-1,Echolocation,/mnt/ubna_data_01_mir/recover-20220825/UBNA_002/20220823_033000.WAV,Telephone Field,recover-20220825,002,1795
250.9075,250.9445,68437,81211,Rhinolophus ferrumequinum,0.022,0.022,-1,Echolocation,/mnt/ubna_data_01_mir/recover-20220825/UBNA_002/20220823_033000.WAV,Telephone Field,recover-20220825,002,1795
250.9235,250.96359999999999,68437,82683,Rhinolophus ferrumequinum,0.026,0.026,-1,Echolocation,/mnt/ubna_data_01_mir/recover-20220825/UBNA_002/20220823_033000.WAV,Telephone Field,recover-20220825,002,1795
250.9605,250.9947,68437,81509,Rhinolophus ferrumequinum,0.023,0.023,-1,Echolocation,/mnt/ubna_data_01_mir/recover-20220825/UBNA_002/20220823_033000.WAV,Telephone Field,recover-20220825,002,1795
250.9925,251.03,68437,81706,Rhinolophus ferrumequinum,0.022,0.022,-1,Echolocation,/mnt/ubna_data_01_mir/recover-20220825/UBNA_002/20220823_033000.WAV,Telephone Field,recover-20220825,002,1795
251.0055,251.0448,68437,82022,Rhinolophus ferrumequinum,0.021,0.021,-1,Echolocation,/mnt/ubna_data_01_mir/recover-20220825/UBNA_002/20220823_033000.WAV,Telephone Field,recover-20220825,002,1795
251.0155,251.0242,27187,38952,Eptesicus serotinus,0.009,0.024,-1,Echolocation,/mnt/ubna_data_01_mir/recover-20220825/UBNA_002/20220823_033000.WAV,Telephone Field,recover-20220825,002,1795
251.0435,251.0527,53828,57994,Pipistrellus pygmaeus,0.02,0.022,-1,Echolocation,/mnt/ubna_data_01_mir/recover-20220825/UBNA_002/20220823_033000.WAV,Telephone Field,recover-20220825,002,1795
251.0585,251.095,68437,81813,Rhinolophus ferrumequinum,0.023,0.023,-1,Echolocation,/mnt/ubna_data_01_mir/recover-20220825/UBNA_002/20220823_033000.WAV,Telephone Field,recover-20220825,002,1795
251.0605,251.0672,23750,33776,Plecotus austriacus,0.014,0.03,-1,Echolocation,/mnt/ubna_data_01_mir/recover-20220825/UBNA_002/20220823_033000.WAV,Telephone Field,recover-20220825,002,1795
251.0665,251.1073,68437,82414,Rhinolophus ferrumequinum,0.024,0.024,-1,Echolocation,/mnt/ubna_data_01_mir/recover-20220825/UBNA_002/20220823_033000.WAV,Telephone Field,recover-20220825,002,1795
251.0695,251.0771,49531,54218,Pipistrellus pipistrellus,0.023,0.026,-1,Echolocation,/mnt/ubna_data_01_mir/recover-20220825/UBNA_002/20220823_033000.WAV,Telephone Field,recover-20220825,002,1795
251.1745,251.1825,28046,39403,Eptesicus serotinus,0.007,0.022,-1,Echolocation,/mnt/ubna_data_01_mir/recover-20220825/UBNA_002/20220823_033000.WAV,Telephone Field,recover-20220825,002,1795
251.1845,251.2226,68437,81682,Rhinolophus ferrumequinum,0.024,0.024,-1,Echolocation,/mnt/ubna_data_01_mir/recover-20220825/UBNA_002/20220823_033000.WAV,Telephone Field,recover-20220825,002,1795
251.2065,251.2466,68437,82144,Rhinolophus ferrumequinum,0.022,0.022,-1,Echolocation,/mnt/ubna_data_01_mir/recover-20220825/UBNA_002/20220823_033000.WAV,Telephone Field,recover-20220825,002,1795
251.2325,251.2721,68437,82255,Rhinolophus ferrumequinum,0.024,0.024,-1,Echolocation,/mnt/ubna_data_01_mir/recover-20220825/UBNA_002/20220823_033000.WAV,Telephone Field,recover-20220825,002,1795
251.2475,251.2555,27187,37370,Eptesicus serotinus,0.01,0.025,-1,Echolocation,/mnt/ubna_data_01_mir/recover-20220825/UBNA_002/20220823_033000.WAV,Telephone Field,recover-20220825,002,1795
251.2715,251.3122,68437,82253,Rhinolophus ferrumequinum,0.021,0.021,-1,Echolocation,/mnt/ubna_data_01_mir/recover-20220825/UBNA_002/20220823_033000.WAV,Telephone Field,recover-20220825,002,1795
251.3065,251.3429,68437,82049,Rhinolophus ferrumequinum,0.021,0.021,-1,Echolocation,/mnt/ubna_data_01_mir/recover-20220825/UBNA_002/20220823_033000.WAV,Telephone Field,recover-20220825,002,1795
251.3285,251.3382,27187,38183,Eptesicus serotinus,0.014,0.03,-1,Echolocation,/mnt/ubna_data_01_mir/recover-20220825/UBNA_002/20220823_033000.WAV,Telephone Field,recover-20220825,002,1795
251.3455,251.3527,24609,32875,Plecotus austriacus,0.007,0.022,-1,Echolocation,/mnt/ubna_data_01_mir/recover-20220825/UBNA_002/20220823_033000.WAV,Telephone Field,recover-20220825,002,1795
251.3685,251.407,68437,82348,Rhinolophus ferrumequinum,0.024,0.024,-1,Echolocation,/mnt/ubna_data_01_mir/recover-20220825/UBNA_002/20220823_033000.WAV,Telephone Field,recover-20220825,002,1795
251.4105,251.4304,20312,23229,Nyctalus leisleri,0.013,0.025,-1,Echolocation,/mnt/ubna_data_01_mir/recover-20220825/UBNA_002/20220823_033000.WAV,Telephone Field,recover-20220825,002,1795
251.4495,251.4921,68437,83310,Rhinolophus ferrumequinum,0.038,0.038,-1,Echolocation,/mnt/ubna_data_01_mir/recover-20220825/UBNA_002/20220823_033000.WAV,Telephone Field,recover-20220825,002,1795
251.5285,251.5369,23750,31671,Plecotus austriacus,0.007,0.022,-1,Echolocation,/mnt/ubna_data_01_mir/recover-20220825/UBNA_002/20220823_033000.WAV,Telephone Field,recover-20220825,002,1795
251.5385,251.5473,28046,36373,Eptesicus serotinus,0.008,0.022,-1,Echolocation,/mnt/ubna_data_01_mir/recover-20220825/UBNA_002/20220823_033000.WAV,Telephone Field,recover-20220825,002,1795
251.5635,251.5742,23750,31047,Nyctalus leisleri,0.01,0.029,-1,Echolocation,/mnt/ubna_data_01_mir/recover-20220825/UBNA_002/20220823_033000.WAV,Telephone Field,recover-20220825,002,1795
251.5645,251.57150000000001,37500,47951,Myotis daubentonii,0.011,0.024,-1,Echolocation,/mnt/ubna_data_01_mir/recover-20220825/UBNA_002/20220823_033000.WAV,Telephone Field,recover-20220825,002,1795
251.6035,251.6431,68437,82042,Rhinolophus ferrumequinum,0.023,0.023,-1,Echolocation,/mnt/ubna_data_01_mir/recover-20220825/UBNA_002/20220823_033000.WAV,Telephone Field,recover-20220825,002,1795
251.6205,251.657,68437,81551,Rhinolophus ferrumequinum,0.026,0.026,-1,Echolocation,/mnt/ubna_data_01_mir/recover-20220825/UBNA_002/20220823_033000.WAV,Telephone Field,recover-20220825,002,1795
251.6715,251.7122,68437,82299,Rhinolophus ferrumequinum,0.023,0.023,-1,Echolocation,/mnt/ubna_data_01_mir/recover-20220825/UBNA_002/20220823_033000.WAV,Telephone Field,recover-20220825,002,1795
251.6875,251.7258,68437,82037,Rhinolophus ferrumequinum,0.022,0.022,-1,Echolocation,/mnt/ubna_data_01_mir/recover-20220825/UBNA_002/20220823_033000.WAV,Telephone Field,recover-20220825,002,1795
251.7025,251.7146,27187,33748,Eptesicus serotinus,0.021,0.04,-1,Echolocation,/mnt/ubna_data_01_mir/recover-20220825/UBNA_002/20220823_033000.WAV,Telephone Field,recover-20220825,002,1795
251.7135,251.7518,68437,82297,Rhinolophus ferrumequinum,0.033,0.033,-1,Echolocation,/mnt/ubna_data_01_mir/recover-20220825/UBNA_002/20220823_033000.WAV,Telephone Field,recover-20220825,002,1795
251.7375,251.7438,24609,35133,Plecotus austriacus,0.01,0.028,-1,Echolocation,/mnt/ubna_data_01_mir/recover-20220825/UBNA_002/20220823_033000.WAV,Telephone Field,recover-20220825,002,1795
251.8075,251.8485,68437,82755,Rhinolophus ferrumequinum,0.024,0.024,-1,Echolocation,/mnt/ubna_data_01_mir/recover-20220825/UBNA_002/20220823_033000.WAV,Telephone Field,recover-20220825,002,1795
251.8655,251.9049,68437,82222,Rhinolophus ferrumequinum,0.023,0.023,-1,Echolocation,/mnt/ubna_data_01_mir/recover-20220825/UBNA_002/20220823_033000.WAV,Telephone Field,recover-20220825,002,1795
251.9195,251.9282,28046,36551,Eptesicus serotinus,0.008,0.022,-1,Echolocation,/mnt/ubna_data_01_mir/recover-20220825/UBNA_002/20220823_033000.WAV,Telephone Field,recover-20220825,002,1795
251.9795,251.9901,22890,28532,Nyctalus leisleri,0.011,0.026,-1,Echolocation,/mnt/ubna_data_01_mir/recover-20220825/UBNA_002/20220823_033000.WAV,Telephone Field,recover-20220825,002,1795
252.0015,252.0314,69296,80785,Rhinolophus ferrumequinum,0.039,0.04,-1,Echolocation,/mnt/ubna_data_01_mir/recover-20220825/UBNA_002/20220823_033000.WAV,Telephone Field,recover-20220825,002,1795
252.0015,252.0101,27187,36830,Eptesicus serotinus,0.008,0.028,-1,Echolocation,/mnt/ubna_data_01_mir/recover-20220825/UBNA_002/20220823_033000.WAV,Telephone Field,recover-20220825,002,1795
252.0165,252.0588,68437,82409,Rhinolophus ferrumequinum,0.023,0.023,-1,Echolocation,/mnt/ubna_data_01_mir/recover-20220825/UBNA_002/20220823_033000.WAV,Telephone Field,recover-20220825,002,1795
252.0175,252.027,28906,37817,Eptesicus serotinus,0.009,0.021,-1,Echolocation,/mnt/ubna_data_01_mir/recover-20220825/UBNA_002/20220823_033000.WAV,Telephone Field,recover-20220825,002,1795
252.0495,252.0885,68437,82215,Rhinolophus ferrumequinum,0.021,0.021,-1,Echolocation,/mnt/ubna_data_01_mir/recover-20220825/UBNA_002/20220823_033000.WAV,Telephone Field,recover-20220825,002,1795
252.05349999999999,252.0624,22890,29664,Plecotus austriacus,0.007,0.021,-1,Echolocation,/mnt/ubna_data_01_mir/recover-20220825/UBNA_002/20220823_033000.WAV,Telephone Field,recover-20220825,002,1795
252.0755,252.0861,28906,38646,Eptesicus serotinus,0.013,0.029,-1,Echolocation,/mnt/ubna_data_01_mir/recover-20220825/UBNA_002/20220823_033000.WAV,Telephone Field,recover-20220825,002,1795
252.0935,252.1285,68437,80976,Rhinolophus ferrumequinum,0.021,0.021,-1,Echolocation,/mnt/ubna_data_01_mir/recover-20220825/UBNA_002/20220823_033000.WAV,Telephone Field,recover-20220825,002,1795
252.0965,252.1058,25468,33123,Eptesicus serotinus,0.008,0.022,-1,Echolocation,/mnt/ubna_data_01_mir/recover-20220825/UBNA_002/20220823_033000.WAV,Telephone Field,recover-20220825,002,1795
252.1115,252.1496,68437,82408,Rhinolophus ferrumequinum,0.025,0.025,-1,Echolocation,/mnt/ubna_data_01_mir/recover-20220825/UBNA_002/20220823_033000.WAV,Telephone Field,recover-20220825,002,1795
252.1535,252.1705,20312,23500,Nyctalus leisleri,0.016,0.029,-1,Echolocation,/mnt/ubna_data_01_mir/recover-20220825/UBNA_002/20220823_033000.WAV,Telephone Field,recover-20220825,002,1795
252.1615,252.2044,68437,82388,Rhinolophus ferrumequinum,0.036,0.036,-1,Echolocation,/mnt/ubna_data_01_mir/recover-20220825/UBNA_002/20220823_033000.WAV,Telephone Field,recover-20220825,002,1795
252.2105,252.2482,68437,81670,Rhinolophus ferrumequinum,0.022,0.022,-1,Echolocation,/mnt/ubna_data_01_mir/recover-20220825/UBNA_002/20220823_033000.WAV,Telephone Field,recover-20220825,002,1795
252.2195,252.256,68437,81961,Rhinolophus ferrumequinum,0.021,0.021,-1,Echolocation,/mnt/ubna_data_01_mir/recover-20220825/UBNA_002/20220823_033000.WAV,Telephone Field,recover-20220825,002,1795
252.2205,252.2289,23750,31250,Plecotus austriacus,0.006,0.021,-1,Echolocation,/mnt/ubna_data_01_mir/recover-20220825/UBNA_002/20220823_033000.WAV,Telephone Field,recover-20220825,002,1795
252.2315,252.2674,68437,80811,Rhinolophus ferrumequinum,0.022,0.022,-1,Echolocation,/mnt/ubna_data_01_mir/recover-20220825/UBNA_002/20220823_033000.WAV,Telephone Field,recover-20220825,002,1795
252.2575,252.2682,22890,28442,Nyctalus leisleri,0.01,0.023,-1,Echolocation,/mnt/ubna_data_01_mir/recover-20220825/UBNA_002/20220823_033000.WAV,Telephone Field,recover-20220825,002,1795
252.2715,252.3076,68437,81700,Rhinolophus ferrumequinum,0.022,0.022,-1,Echolocation,/mnt/ubna_data_01_mir/recover-20220825/UBNA_002/20220823_033000.WAV,Telephone Field,recover-20220825,002,1795
252.2935,252.3348,68437,82651,Rhinolophus ferrumequinum,0.022,0.022,-1,Echolocation,/mnt/ubna_data_01_mir/recover-20220825/UBNA_002/20220823_033000.WAV,Telephone Field,recover-20220825,002,1795
252.3095,252.3478,68437,82088,Rhinolophus ferrumequinum,0.021,0.021,-1,Echolocation,/mnt/ubna_data_01_mir/recover-20220825/UBNA_002/20220823_033000.WAV,Telephone Field,recover-20220825,002,1795
252.3305,252.3699,68437,82316,Rhinolophus ferrumequinum,0.026,0.026,-1,Echolocation,/mnt/ubna_data_01_mir/recover-20220825/UBNA_002/20220823_033000.WAV,Telephone Field,recover-20220825,002,1795
252.3735,252.4134,68437,82930,Rhinolophus ferrumequinum,0.028,0.028,-1,Echolocation,/mnt/ubna_data_01_mir/recover-20220825/UBNA_002/20220823_033000.WAV,Telephone Field,recover-20220825,002,1795
252.3755,252.3823,27187,36928,Eptesicus serotinus,0.007,0.023,-1,Echolocation,/mnt/ubna_data_01_mir/recover-20220825/UBNA_002/20220823_033000.WAV,Telephone Field,recover-20220825,002,1795
252.3855,252.3997,37500,42680,Pipistrellus nathusii,0.019,0.038,-1,Echolocation,/mnt/ubna_data_01_mir/recover-20220825/UBNA_002/20220823_033000.WAV,Telephone Field,recover-20220825,002,1795
252.4225,252.4607,68437,81636,Rhinolophus ferrumequinum,0.021,0.022,-1,Echolocation,/mnt/ubna_data_01_mir/recover-20220825/UBNA_002/20220823_033000.WAV,Telephone Field,recover-20220825,002,1795
252.4505,252.4883,68437,82278,Rhinolophus ferrumequinum,0.026,0.026,-1,Echolocation,/mnt/ubna_data_01_mir/recover-20220825/UBNA_002/20220823_033000.WAV,Telephone Field,recover-20220825,002,1795
252.4575,252.4673,24609,31817,Nyctalus leisleri,0.008,0.025,-1,Echolocation,/mnt/ubna_data_01_mir/recover-20220825/UBNA_002/20220823_033000.WAV,Telephone Field,recover-20220825,002,1795
252.4795,252.4878,28906,40796,Eptesicus serotinus,0.008,0.021,-1,Echolocation,/mnt/ubna_data_01_mir/recover-20220825/UBNA_002/20220823_033000.WAV,Telephone Field,recover-20220825,002,1795
252.4915,252.53,68437,82255,Rhinolophus ferrumequinum,0.025,0.025,-1,Echolocation,/mnt/ubna_data_01_mir/recover-20220825/UBNA_002/20220823_033000.WAV,Telephone Field,recover-20220825,002,1795
252.4985,252.5084,28906,37732,Eptesicus serotinus,0.016,0.033,-1,Echolocation,/mnt/ubna_data_01_mir/recover-20220825/UBNA_002/20220823_033000.WAV,Telephone Field,recover-20220825,002,1795
252.5155,252.5541,68437,81988,Rhinolophus ferrumequinum,0.022,0.022,-1,Echolocation,/mnt/ubna_data_01_mir/recover-20220825/UBNA_002/20220823_033000.WAV,Telephone Field,recover-20220825,002,1795
252.54149999999998,252.5775,68437,81672,Rhinolophus ferrumequinum,0.024,0.024,-1,Echolocation,/mnt/ubna_data_01_mir/recover-20220825/UBNA_002/20220823_033000.WAV,Telephone Field,recover-20220825,002,1795
252.5815,252.6195,68437,81745,Rhinolophus ferrumequinum,0.024,0.024,-1,Echolocation,/mnt/ubna_data_01_mir/recover-20220825/UBNA_002/20220823_033000.WAV,Telephone Field,recover-20220825,002,1795
252.5915,252.5991,47812,52813,Pipistrellus pipistrellus,0.021,0.023,-1,Echolocation,/mnt/ubna_data_01_mir/recover-20220825/UBNA_002/20220823_033000.WAV,Telephone Field,recover-20220825,002,1795
252.6115,252.6534,68437,83008,Rhinolophus ferrumequinum,0.027,0.027,-1,Echolocation,/mnt/ubna_data_01_mir/recover-20220825/UBNA_002/20220823_033000.WAV,Telephone Field,recover-20220825,002,1795
252.6995,252.7371,68437,81962,Rhinolophus ferrumequinum,0.024,0.024,-1,Echolocation,/mnt/ubna_data_01_mir/recover-20220825/UBNA_002/20220823_033000.WAV,Telephone Field,recover-20220825,002,1795
252.7235,252.7626,68437,82300,Rhinolophus ferrumequinum,0.027,0.027,-1,Echolocation,/mnt/ubna_data_01_mir/recover-20220825/UBNA_002/20220823_033000.WAV,Telephone Field,recover-20220825,002,1795
252.7445,252.7518,28046,41168,Eptesicus serotinus,0.007,0.024,-1,Echolocation,/mnt/ubna_data_01_mir/recover-20220825/UBNA_002/20220823_033000.WAV,Telephone Field,recover-20220825,002,1795
252.7655,252.8041,68437,82541,Rhinolophus ferrumequinum,0.023,0.023,-1,Echolocation,/mnt/ubna_data_01_mir/recover-20220825/UBNA_002/20220823_033000.WAV,Telephone Field,recover-20220825,002,1795
252.7905,252.8304,68437,82193,Rhinolophus ferrumequinum,0.022,0.022,-1,Echolocation,/mnt/ubna_data_01_mir/recover-20220825/UBNA_002/20220823_033000.WAV,Telephone Field,recover-20220825,002,1795
252.7905,252.7991,26328,38997,Eptesicus serotinus,0.007,0.021,-1,Echolocation,/mnt/ubna_data_01_mir/recover-20220825/UBNA_002/20220823_033000.WAV,Telephone Field,recover-20220825,002,1795
252.8025,252.84,68437,81767,Rhinolophus ferrumequinum,0.021,0.021,-1,Echolocation,/mnt/ubna_data_01_mir/recover-20220825/UBNA_002/20220823_033000.WAV,Telephone Field,recover-20220825,002,1795
252.8065,252.8162,27187,33238,Eptesicus serotinus,0.035,0.081,-1,Echolocation,/mnt/ubna_data_01_mir/recover-20220825/UBNA_002/20220823_033000.WAV,Telephone Field,recover-20220825,002,1795
252.83350000000002,252.8728,68437,82000,Rhinolophus ferrumequinum,0.021,0.021,-1,Echolocation,/mnt/ubna_data_01_mir/recover-20220825/UBNA_002/20220823_033000.WAV,Telephone Field,recover-20220825,002,1795
252.83350000000002,252.8428,45234,48502,Pipistrellus pipistrellus,0.022,0.023,-1,Echolocation,/mnt/ubna_data_01_mir/recover-20220825/UBNA_002/20220823_033000.WAV,Telephone Field,recover-20220825,002,1795
252.8805,252.888,50390,56339,Pipistrellus pipistrellus,0.018,0.022,-1,Echolocation,/mnt/ubna_data_01_mir/recover-20220825/UBNA_002/20220823_033000.WAV,Telephone Field,recover-20220825,002,1795
252.8805,252.9172,68437,81226,Rhinolophus ferrumequinum,0.022,0.022,-1,Echolocation,/mnt/ubna_data_01_mir/recover-20220825/UBNA_002/20220823_033000.WAV,Telephone Field,recover-20220825,002,1795
252.9145,252.9538,68437,81976,Rhinolophus ferrumequinum,0.021,0.021,-1,Echolocation,/mnt/ubna_data_01_mir/recover-20220825/UBNA_002/20220823_033000.WAV,Telephone Field,recover-20220825,002,1795
252.9175,252.9249,27187,46736,Eptesicus serotinus,0.007,0.021,-1,Echolocation,/mnt/ubna_data_01_mir/recover-20220825/UBNA_002/20220823_033000.WAV,Telephone Field,recover-20220825,002,1795
252.9195,252.9601,68437,82250,Rhinolophus ferrumequinum,0.022,0.022,-1,Echolocation,/mnt/ubna_data_01_mir/recover-20220825/UBNA_002/20220823_033000.WAV,Telephone Field,recover-20220825,002,1795
252.9455,252.9538,27187,37640,Eptesicus serotinus,0.008,0.022,-1,Echolocation,/mnt/ubna_data_01_mir/recover-20220825/UBNA_002/20220823_033000.WAV,Telephone Field,recover-20220825,002,1795
252.9495,252.99099999999999,68437,82556,Rhinolophus ferrumequinum,0.024,0.024,-1,Echolocation,/mnt/ubna_data_01_mir/recover-20220825/UBNA_002/20220823_033000.WAV,Telephone Field,recover-20220825,002,1795
252.9655,252.9746,22890,29857,Plecotus austriacus,0.007,0.021,-1,Echolocation,/mnt/ubna_data_01_mir/recover-20220825/UBNA_002/20220823_033000.WAV,Telephone Field,recover-20220825,002,1795
252.9875,253.0206,68437,80529,Rhinolophus ferrumequinum,0.021,0.021,-1,Echolocation,/mnt/ubna_data_01_mir/recover-20220825/UBNA_002/20220823_033000.WAV,Telephone Field,recover-20220825,002,1795
253.0155,253.0237,35781,44798,Myotis daubentonii,0.007,0.024,-1,Echolocation,/mnt/ubna_data_01_mir/recover-20220825/UBNA_002/20220823_033000.WAV,Telephone Field,recover-20220825,002,1795
253.0175,253.05610000000001,68437,82040,Rhinolophus ferrumequinum,0.021,0.021,-1,Echolocation,/mnt/ubna_data_01_mir/recover-20220825/UBNA_002/20220823_033000.WAV,Telephone Field,recover-20220825,002,1795
253.05349999999999,253.0943,68437,82381,Rhinolophus ferrumequinum,0.025,0.025,-1,Echolocation,/mnt/ubna_data_01_mir/recover-20220825/UBNA_002/20220823_033000.WAV,Telephone Field,recover-20220825,002,1795
253.0755,253.0843,28046,35978,Eptesicus serotinus,0.008,0.021,-1,Echolocation,/mnt/ubna_data_01_mir/recover-20220825/UBNA_002/20220823_033000.WAV,Telephone Field,recover-20220825,002,1795
253.1405,253.1795,68437,81882,Rhinolophus ferrumequinum,0.021,0.022,-1,Echolocation,/mnt/ubna_data_01_mir/recover-20220825/UBNA_002/20220823_033000.WAV,Telephone Field,recover-20220825,002,1795
253.1475,253.1548,25468,34769,Eptesicus serotinus,0.005,0.021,-1,Echolocation,/mnt/ubna_data_01_mir/recover-20220825/UBNA_002/20220823_033000.WAV,Telephone Field,recover-20220825,002,1795
253.1825,253.2228,68437,82114,Rhinolophus ferrumequinum,0.023,0.023,-1,Echolocation,/mnt/ubna_data_01_mir/recover-20220825/UBNA_002/20220823_033000.WAV,Telephone Field,recover-20220825,002,1795
253.1825,253.1907,26328,37093,Eptesicus serotinus,0.007,0.021,-1,Echolocation,/mnt/ubna_data_01_mir/recover-20220825/UBNA_002/20220823_033000.WAV,Telephone Field,recover-20220825,002,1795
253.1875,253.2256,68437,81699,Rhinolophus ferrumequinum,0.023,0.023,-1,Echolocation,/mnt/ubna_data_01_mir/recover-20220825/UBNA_002/20220823_033000.WAV,Telephone Field,recover-20220825,002,1795
253.1955,253.2299,68437,81022,Rhinolophus ferrumequinum,0.021,0.021,-1,Echolocation,/mnt/ubna_data_01_mir/recover-20220825/UBNA_002/20220823_033000.WAV,Telephone Field,recover-20220825,002,1795
253.2205,253.2579,68437,80971,Rhinolophus ferrumequinum,0.021,0.022,-1,Echolocation,/mnt/ubna_data_01_mir/recover-20220825/UBNA_002/20220823_033000.WAV,Telephone Field,recover-20220825,002,1795
253.2455,253.2848,68437,82277,Rhinolophus ferrumequinum,0.022,0.022,-1,Echolocation,/mnt/ubna_data_01_mir/recover-20220825/UBNA_002/20220823_033000.WAV,Telephone Field,recover-20220825,002,1795
253.2685,253.2768,37500,44289,Myotis daubentonii,0.009,0.022,-1,Echolocation,/mnt/ubna_data_01_mir/recover-20220825/UBNA_002/20220823_033000.WAV,Telephone Field,recover-20220825,002,1795
253.2945,253.3022,28046,40117,Eptesicus serotinus,0.008,0.023,-1,Echolocation,/mnt/ubna_data_01_mir/recover-20220825/UBNA_002/20220823_033000.WAV,Telephone Field,recover-20220825,002,1795
253.3135,253.3501,68437,81675,Rhinolophus ferrumequinum,0.022,0.023,-1,Echolocation,/mnt/ubna_data_01_mir/recover-20220825/UBNA_002/20220823_033000.WAV,Telephone Field,recover-20220825,002,1795
253.3475,253.3873,68437,82360,Rhinolophus ferrumequinum,0.021,0.022,-1,Echolocation,/mnt/ubna_data_01_mir/recover-20220825/UBNA_002/20220823_033000.WAV,Telephone Field,recover-20220825,002,1795
253.3535,253.36860000000001,53828,58289,Pipistrellus pygmaeus,0.04,0.045,-1,Echolocation,/mnt/ubna_data_01_mir/recover-20220825/UBNA_002/20220823_033000.WAV,Telephone Field,recover-20220825,002,1795
253.3785,253.387,27187,36315,Eptesicus serotinus,0.012,0.027,-1,Echolocation,/mnt/ubna_data_01_mir/recover-20220825/UBNA_002/20220823_033000.WAV,Telephone Field,recover-20220825,002,1795
253.3835,253.3912,44375,53059,Pipistrellus pipistrellus,0.017,0.022,-1,Echolocation,/mnt/ubna_data_01_mir/recover-20220825/UBNA_002/20220823_033000.WAV,Telephone Field,recover-20220825,002,1795
253.3985,253.4087,22890,28746,Nyctalus leisleri,0.009,0.022,-1,Echolocation,/mnt/ubna_data_01_mir/recover-20220825/UBNA_002/20220823_033000.WAV,Telephone Field,recover-20220825,002,1795
253.4035,253.4423,68437,82360,Rhinolophus ferrumequinum,0.025,0.025,-1,Echolocation,/mnt/ubna_data_01_mir/recover-20220825/UBNA_002/20220823_033000.WAV,Telephone Field,recover-20220825,002,1795
253.4155,253.4545,68437,81840,Rhinolophus ferrumequinum,0.021,0.021,-1,Echolocation,/mnt/ubna_data_01_mir/recover-20220825/UBNA_002/20220823_033000.WAV,Telephone Field,recover-20220825,002,1795
253.4205,253.431,22031,26952,Nyctalus leisleri,0.011,0.022,-1,Echolocation,/mnt/ubna_data_01_mir/recover-20220825/UBNA_002/20220823_033000.WAV,Telephone Field,recover-20220825,002,1795
253.4325,253.4456,44375,48427,Pipistrellus pipistrellus,0.025,0.032,-1,Echolocation,/mnt/ubna_data_01_mir/recover-20220825/UBNA_002/20220823_033000.WAV,Telephone Field,recover-20220825,002,1795
253.4625,253.507,68437,83663,Rhinolophus ferrumequinum,0.034,0.034,-1,Echolocation,/mnt/ubna_data_01_mir/recover-20220825/UBNA_002/20220823_033000.WAV,Telephone Field,recover-20220825,002,1795
253.4795,253.4879,28046,38741,Eptesicus serotinus,0.008,0.022,-1,Echolocation,/mnt/ubna_data_01_mir/recover-20220825/UBNA_002/20220823_033000.WAV,Telephone Field,recover-20220825,002,1795
253.4825,253.5186,68437,81864,Rhinolophus ferrumequinum,0.021,0.021,-1,Echolocation,/mnt/ubna_data_01_mir/recover-20220825/UBNA_002/20220823_033000.WAV,Telephone Field,recover-20220825,002,1795
253.5005,253.5401,68437,82206,Rhinolophus ferrumequinum,0.023,0.023,-1,Echolocation,/mnt/ubna_data_01_mir/recover-20220825/UBNA_002/20220823_033000.WAV,Telephone Field,recover-20220825,002,1795
253.5645,253.5753,28906,36609,Eptesicus serotinus,0.012,0.026,-1,Echolocation,/mnt/ubna_data_01_mir/recover-20220825/UBNA_002/20220823_033000.WAV,Telephone Field,recover-20220825,002,1795
253.5705,253.6121,68437,83025,Rhinolophus ferrumequinum,0.026,0.026,-1,Echolocation,/mnt/ubna_data_01_mir/recover-20220825/UBNA_002/20220823_033000.WAV,Telephone Field,recover-20220825,002,1795
253.5995,253.6079,27187,41054,Eptesicus serotinus,0.009,0.024,-1,Echolocation,/mnt/ubna_data_01_mir/recover-20220825/UBNA_002/20220823_033000.WAV,Telephone Field,recover-20220825,002,1795
253.6155,253.6559,68437,81902,Rhinolophus ferrumequinum,0.021,0.021,-1,Echolocation,/mnt/ubna_data_01_mir/recover-20220825/UBNA_002/20220823_033000.WAV,Telephone Field,recover-20220825,002,1795
253.6275,253.6632,68437,81883,Rhinolophus ferrumequinum,0.021,0.021,-1,Echolocation,/mnt/ubna_data_01_mir/recover-20220825/UBNA_002/20220823_033000.WAV,Telephone Field,recover-20220825,002,1795
253.6445,253.6504,34062,44887,Myotis daubentonii,0.012,0.026,-1,Echolocation,/mnt/ubna_data_01_mir/recover-20220825/UBNA_002/20220823_033000.WAV,Telephone Field,recover-20220825,002,1795
253.7075,253.7433,68437,81490,Rhinolophus ferrumequinum,0.023,0.023,-1,Echolocation,/mnt/ubna_data_01_mir/recover-20220825/UBNA_002/20220823_033000.WAV,Telephone Field,recover-20220825,002,1795
253.7105,253.7207,28906,36612,Eptesicus serotinus,0.008,0.021,-1,Echolocation,/mnt/ubna_data_01_mir/recover-20220825/UBNA_002/20220823_033000.WAV,Telephone Field,recover-20220825,002,1795
253.7285,253.7372,25468,33451,Nyctalus leisleri,0.007,0.022,-1,Echolocation,/mnt/ubna_data_01_mir/recover-20220825/UBNA_002/20220823_033000.WAV,Telephone Field,recover-20220825,002,1795
253.7365,253.7768,68437,82830,Rhinolophus ferrumequinum,0.041,0.041,-1,Echolocation,/mnt/ubna_data_01_mir/recover-20220825/UBNA_002/20220823_033000.WAV,Telephone Field,recover-20220825,002,1795
253.7625,253.8044,68437,82724,Rhinolophus ferrumequinum,0.023,0.023,-1,Echolocation,/mnt/ubna_data_01_mir/recover-20220825/UBNA_002/20220823_033000.WAV,Telephone Field,recover-20220825,002,1795
253.7715,253.8123,68437,82685,Rhinolophus ferrumequinum,0.023,0.023,-1,Echolocation,/mnt/ubna_data_01_mir/recover-20220825/UBNA_002/20220823_033000.WAV,Telephone Field,recover-20220825,002,1795
253.7755,253.7846,28906,38980,Eptesicus serotinus,0.011,0.028,-1,Echolocation,/mnt/ubna_data_01_mir/recover-20220825/UBNA_002/20220823_033000.WAV,Telephone Field,recover-20220825,002,1795
253.7965,253.8039,28906,44459,Eptesicus serotinus,0.008,0.025,-1,Echolocation,/mnt/ubna_data_01_mir/recover-20220825/UBNA_002/20220823_033000.WAV,Telephone Field,recover-20220825,002,1795
253.8185,253.8579,68437,82120,Rhinolophus ferrumequinum,0.023,0.023,-1,Echolocation,/mnt/ubna_data_01_mir/recover-20220825/UBNA_002/20220823_033000.WAV,Telephone Field,recover-20220825,002,1795
253.8235,253.8311,28046,39173,Eptesicus serotinus,0.007,0.021,-1,Echolocation,/mnt/ubna_data_01_mir/recover-20220825/UBNA_002/20220823_033000.WAV,Telephone Field,recover-20220825,002,1795
253.8395,253.8471,28046,40013,Eptesicus serotinus,0.006,0.021,-1,Echolocation,/mnt/ubna_data_01_mir/recover-20220825/UBNA_002/20220823_033000.WAV,Telephone Field,recover-20220825,002,1795
253.8415,253.88,68437,82229,Rhinolophus ferrumequinum,0.023,0.023,-1,Echolocation,/mnt/ubna_data_01_mir/recover-20220825/UBNA_002/20220823_033000.WAV,Telephone Field,recover-20220825,002,1795
253.8655,253.9068,68437,81969,Rhinolophus ferrumequinum,0.021,0.021,-1,Echolocation,/mnt/ubna_data_01_mir/recover-20220825/UBNA_002/20220823_033000.WAV,Telephone Field,recover-20220825,002,1795
253.8725,253.9085,68437,81490,Rhinolophus ferrumequinum,0.022,0.022,-1,Echolocation,/mnt/ubna_data_01_mir/recover-20220825/UBNA_002/20220823_033000.WAV,Telephone Field,recover-20220825,002,1795
253.8845,253.9254,68437,82807,Rhinolophus ferrumequinum,0.037,0.037,-1,Echolocation,/mnt/ubna_data_01_mir/recover-20220825/UBNA_002/20220823_033000.WAV,Telephone Field,recover-20220825,002,1795
253.9115,253.9498,68437,82167,Rhinolophus ferrumequinum,0.022,0.022,-1,Echolocation,/mnt/ubna_data_01_mir/recover-20220825/UBNA_002/20220823_033000.WAV,Telephone Field,recover-20220825,002,1795
253.9335,253.9412,28906,37507,Eptesicus serotinus,0.033,0.063,-1,Echolocation,/mnt/ubna_data_01_mir/recover-20220825/UBNA_002/20220823_033000.WAV,Telephone Field,recover-20220825,002,1795
253.9395,253.9762,68437,82005,Rhinolophus ferrumequinum,0.023,0.023,-1,Echolocation,/mnt/ubna_data_01_mir/recover-20220825/UBNA_002/20220823_033000.WAV,Telephone Field,recover-20220825,002,1795
253.9515,253.9896,68437,82005,Rhinolophus ferrumequinum,0.023,0.023,-1,Echolocation,/mnt/ubna_data_01_mir/recover-20220825/UBNA_002/20220823_033000.WAV,Telephone Field,recover-20220825,002,1795
253.9735,253.9873,23750,28983,Nyctalus leisleri,0.066,0.151,-1,Echolocation,/mnt/ubna_data_01_mir/recover-20220825/UBNA_002/20220823_033000.WAV,Telephone Field,recover-20220825,002,1795
254.0015,254.0106,22890,29687,Nyctalus leisleri,0.009,0.027,-1,Echolocation,/mnt/ubna_data_01_mir/recover-20220825/UBNA_002/20220823_033000.WAV,Telephone Field,recover-20220825,002,1795
254.0015,254.0086,47812,54771,Pipistrellus pipistrellus,0.015,0.022,-1,Echolocation,/mnt/ubna_data_01_mir/recover-20220825/UBNA_002/20220823_033000.WAV,Telephone Field,recover-20220825,002,1795
254.0135,254.0247,26328,32715,Eptesicus serotinus,0.012,0.026,-1,Echolocation,/mnt/ubna_data_01_mir/recover-20220825/UBNA_002/20220823_033000.WAV,Telephone Field,recover-20220825,002,1795
254.0315,254.0731,68437,82818,Rhinolophus ferrumequinum,0.032,0.032,-1,Echolocation,/mnt/ubna_data_01_mir/recover-20220825/UBNA_002/20220823_033000.WAV,Telephone Field,recover-20220825,002,1795
254.0595,254.0975,68437,81522,Rhinolophus ferrumequinum,0.022,0.022,-1,Echolocation,/mnt/ubna_data_01_mir/recover-20220825/UBNA_002/20220823_033000.WAV,Telephone Field,recover-20220825,002,1795
254.0685,254.1024,68437,80945,Rhinolophus ferrumequinum,0.02,0.021,-1,Echolocation,/mnt/ubna_data_01_mir/recover-20220825/UBNA_002/20220823_033000.WAV,Telephone Field,recover-20220825,002,1795
254.0805,254.1203,68437,82197,Rhinolophus ferrumequinum,0.024,0.024,-1,Echolocation,/mnt/ubna_data_01_mir/recover-20220825/UBNA_002/20220823_033000.WAV,Telephone Field,recover-20220825,002,1795
254.0815,254.0941,22890,27170,Nyctalus leisleri,0.013,0.023,-1,Echolocation,/mnt/ubna_data_01_mir/recover-20220825/UBNA_002/20220823_033000.WAV,Telephone Field,recover-20220825,002,1795
254.0965,254.1038,28906,42337,Eptesicus serotinus,0.029,0.058,-1,Echolocation,/mnt/ubna_data_01_mir/recover-20220825/UBNA_002/20220823_033000.WAV,Telephone Field,recover-20220825,002,1795
254.1345,254.1589,18593,21201,Nyctalus noctula,0.021,0.035,-1,Echolocation,/mnt/ubna_data_01_mir/recover-20220825/UBNA_002/20220823_033000.WAV,Telephone Field,recover-20220825,002,1795
254.2125,254.252,68437,82204,Rhinolophus ferrumequinum,0.022,0.022,-1,Echolocation,/mnt/ubna_data_01_mir/recover-20220825/UBNA_002/20220823_033000.WAV,Telephone Field,recover-20220825,002,1795
254.2525,254.29410000000001,68437,82677,Rhinolophus ferrumequinum,0.029,0.029,-1,Echolocation,/mnt/ubna_data_01_mir/recover-20220825/UBNA_002/20220823_033000.WAV,Telephone Field,recover-20220825,002,1795
254.2815,254.2889,27187,37903,Eptesicus serotinus,0.006,0.021,-1,Echolocation,/mnt/ubna_data_01_mir/recover-20220825/UBNA_002/20220823_033000.WAV,Telephone Field,recover-20220825,002,1795
254.2995,254.3098,28046,36509,Eptesicus serotinus,0.011,0.024,-1,Echolocation,/mnt/ubna_data_01_mir/recover-20220825/UBNA_002/20220823_033000.WAV,Telephone Field,recover-20220825,002,1795
254.3065,254.3451,68437,81911,Rhinolophus ferrumequinum,0.021,0.021,-1,Echolocation,/mnt/ubna_data_01_mir/recover-20220825/UBNA_002/20220823_033000.WAV,Telephone Field,recover-20220825,002,1795
254.3115,254.3205,28906,38313,Eptesicus serotinus,0.007,0.021,-1,Echolocation,/mnt/ubna_data_01_mir/recover-20220825/UBNA_002/20220823_033000.WAV,Telephone Field,recover-20220825,002,1795
254.3375,254.3464,22890,29580,Plecotus austriacus,0.008,0.021,-1,Echolocation,/mnt/ubna_data_01_mir/recover-20220825/UBNA_002/20220823_033000.WAV,Telephone Field,recover-20220825,002,1795
254.3495,254.3885,68437,81495,Rhinolophus ferrumequinum,0.021,0.021,-1,Echolocation,/mnt/ubna_data_01_mir/recover-20220825/UBNA_002/20220823_033000.WAV,Telephone Field,recover-20220825,002,1795
254.3725,254.3822,28046,38510,Eptesicus serotinus,0.009,0.023,-1,Echolocation,/mnt/ubna_data_01_mir/recover-20220825/UBNA_002/20220823_033000.WAV,Telephone Field,recover-20220825,002,1795
254.3725,254.4134,68437,82195,Rhinolophus ferrumequinum,0.022,0.022,-1,Echolocation,/mnt/ubna_data_01_mir/recover-20220825/UBNA_002/20220823_033000.WAV,Telephone Field,recover-20220825,002,1795
254.3875,254.4296,68437,83259,Rhinolophus ferrumequinum,0.054,0.054,-1,Echolocation,/mnt/ubna_data_01_mir/recover-20220825/UBNA_002/20220823_033000.WAV,Telephone Field,recover-20220825,002,1795
254.4125,254.4213,22890,30273,Plecotus austriacus,0.008,0.023,-1,Echolocation,/mnt/ubna_data_01_mir/recover-20220825/UBNA_002/20220823_033000.WAV,Telephone Field,recover-20220825,002,1795
254.4235,254.463,68437,82178,Rhinolophus ferrumequinum,0.024,0.024,-1,Echolocation,/mnt/ubna_data_01_mir/recover-20220825/UBNA_002/20220823_033000.WAV,Telephone Field,recover-20220825,002,1795
254.4325,254.4431,22890,28641,Nyctalus leisleri,0.01,0.022,-1,Echolocation,/mnt/ubna_data_01_mir/recover-20220825/UBNA_002/20220823_033000.WAV,Telephone Field,recover-20220825,002,1795
254.4325,254.4715,68437,81529,Rhinolophus ferrumequinum,0.021,0.021,-1,Echolocation,/mnt/ubna_data_01_mir/recover-20220825/UBNA_002/20220823_033000.WAV,Telephone Field,recover-20220825,002,1795
254.45850000000002,254.5005,68437,82835,Rhinolophus ferrumequinum,0.029,0.029,-1,Echolocation,/mnt/ubna_data_01_mir/recover-20220825/UBNA_002/20220823_033000.WAV,Telephone Field,recover-20220825,002,1795
254.4795,254.4865,24609,33862,Plecotus austriacus,0.011,0.027,-1,Echolocation,/mnt/ubna_data_01_mir/recover-20220825/UBNA_002/20220823_033000.WAV,Telephone Field,recover-20220825,002,1795
254.4875,254.5254,68437,81904,Rhinolophus ferrumequinum,0.021,0.021,-1,Echolocation,/mnt/ubna_data_01_mir/recover-20220825/UBNA_002/20220823_033000.WAV,Telephone Field,recover-20220825,002,1795
254.5025,254.51,27187,37979,Eptesicus serotinus,0.006,0.021,-1,Echolocation,/mnt/ubna_data_01_mir/recover-20220825/UBNA_002/20220823_033000.WAV,Telephone Field,recover-20220825,002,1795
254.5155,254.5549,68437,82582,Rhinolophus ferrumequinum,0.023,0.023,-1,Echolocation,/mnt/ubna_data_01_mir/recover-20220825/UBNA_002/20220823_033000.WAV,Telephone Field,recover-20220825,002,1795
254.5365,254.5728,68437,81922,Rhinolophus ferrumequinum,0.022,0.022,-1,Echolocation,/mnt/ubna_data_01_mir/recover-20220825/UBNA_002/20220823_033000.WAV,Telephone Field,recover-20220825,002,1795
254.5545,254.5917,68437,81787,Rhinolophus ferrumequinum,0.023,0.023,-1,Echolocation,/mnt/ubna_data_01_mir/recover-20220825/UBNA_002/20220823_033000.WAV,Telephone Field,recover-20220825,002,1795
254.5815,254.6206,68437,81588,Rhinolophus ferrumequinum,0.022,0.022,-1,Echolocation,/mnt/ubna_data_01_mir/recover-20220825/UBNA_002/20220823_033000.WAV,Telephone Field,recover-20220825,002,1795
254.6375,254.6775,68437,82922,Rhinolophus ferrumequinum,0.026,0.026,-1,Echolocation,/mnt/ubna_data_01_mir/recover-20220825/UBNA_002/20220823_033000.WAV,Telephone Field,recover-20220825,002,1795
254.6475,254.6607,28906,33648,Nyctalus leisleri,0.016,0.037,-1,Echolocation,/mnt/ubna_data_01_mir/recover-20220825/UBNA_002/20220823_033000.WAV,Telephone Field,recover-20220825,002,1795
254.6485,254.6882,68437,82258,Rhinolophus ferrumequinum,0.025,0.025,-1,Echolocation,/mnt/ubna_data_01_mir/recover-20220825/UBNA_002/20220823_033000.WAV,Telephone Field,recover-20220825,002,1795
254.6745,254.6832,25468,33411,Eptesicus serotinus,0.007,0.023,-1,Echolocation,/mnt/ubna_data_01_mir/recover-20220825/UBNA_002/20220823_033000.WAV,Telephone Field,recover-20220825,002,1795
254.6755,254.7128,68437,82222,Rhinolophus ferrumequinum,0.026,0.027,-1,Echolocation,/mnt/ubna_data_01_mir/recover-20220825/UBNA_002/20220823_033000.WAV,Telephone Field,recover-20220825,002,1795
254.7215,254.7294,28046,38072,Eptesicus serotinus,0.007,0.022,-1,Echolocation,/mnt/ubna_data_01_mir/recover-20220825/UBNA_002/20220823_033000.WAV,Telephone Field,recover-20220825,002,1795
254.7575,254.7985,68437,82679,Rhinolophus ferrumequinum,0.03,0.03,-1,Echolocation,/mnt/ubna_data_01_mir/recover-20220825/UBNA_002/20220823_033000.WAV,Telephone Field,recover-20220825,002,1795
254.7685,254.7771,46953,50593,Pipistrellus pipistrellus,0.025,0.027,-1,Echolocation,/mnt/ubna_data_01_mir/recover-20220825/UBNA_002/20220823_033000.WAV,Telephone Field,recover-20220825,002,1795
254.7965,254.811,22890,26585,Nyctalus leisleri,0.016,0.025,-1,Echolocation,/mnt/ubna_data_01_mir/recover-20220825/UBNA_002/20220823_033000.WAV,Telephone Field,recover-20220825,002,1795
254.7965,254.8369,68437,82672,Rhinolophus ferrumequinum,0.024,0.024,-1,Echolocation,/mnt/ubna_data_01_mir/recover-20220825/UBNA_002/20220823_033000.WAV,Telephone Field,recover-20220825,002,1795
254.83350000000002,254.8416,26328,38126,Eptesicus serotinus,0.007,0.023,-1,Echolocation,/mnt/ubna_data_01_mir/recover-20220825/UBNA_002/20220823_033000.WAV,Telephone Field,recover-20220825,002,1795
254.8375,254.8773,68437,82635,Rhinolophus ferrumequinum,0.032,0.032,-1,Echolocation,/mnt/ubna_data_01_mir/recover-20220825/UBNA_002/20220823_033000.WAV,Telephone Field,recover-20220825,002,1795
254.8605,254.8964,68437,81795,Rhinolophus ferrumequinum,0.023,0.023,-1,Echolocation,/mnt/ubna_data_01_mir/recover-20220825/UBNA_002/20220823_033000.WAV,Telephone Field,recover-20220825,002,1795
254.9385,254.9759,68437,81850,Rhinolophus ferrumequinum,0.021,0.021,-1,Echolocation,/mnt/ubna_data_01_mir/recover-20220825/UBNA_002/20220823_033000.WAV,Telephone Field,recover-20220825,002,1795
254.9525,254.9888,68437,81771,Rhinolophus ferrumequinum,0.024,0.025,-1,Echolocation,/mnt/ubna_data_01_mir/recover-20220825/UBNA_002/20220823_033000.WAV,Telephone Field,recover-20220825,002,1795
254.9625,254.9989,68437,82026,Rhinolophus ferrumequinum,0.021,0.021,-1,Echolocation,/mnt/ubna_data_01_mir/recover-20220825/UBNA_002/20220823_033000.WAV,Telephone Field,recover-20220825,002,1795
254.9825,254.9904,28046,39527,Eptesicus serotinus,0.008,0.024,-1,Echolocation,/mnt/ubna_data_01_mir/recover-20220825/UBNA_002/20220823_033000.WAV,Telephone Field,recover-20220825,002,1795
255.0155,255.0539,68437,82735,Rhinolophus ferrumequinum,0.023,0.023,-1,Echolocation,/mnt/ubna_data_01_mir/recover-20220825/UBNA_002/20220823_033000.WAV,Telephone Field,recover-20220825,002,1795
255.0485,255.0881,68437,82318,Rhinolophus ferrumequinum,0.023,0.023,-1,Echolocation,/mnt/ubna_data_01_mir/recover-20220825/UBNA_002/20220823_033000.WAV,Telephone Field,recover-20220825,002,1795
255.0615,255.0983,68437,81667,Rhinolophus ferrumequinum,0.023,0.023,-1,Echolocation,/mnt/ubna_data_01_mir/recover-20220825/UBNA_002/20220823_033000.WAV,Telephone Field,recover-20220825,002,1795
255.0645,255.0737,28046,37935,Eptesicus serotinus,0.007,0.021,-1,Echolocation,/mnt/ubna_data_01_mir/recover-20220825/UBNA_002/20220823_033000.WAV,Telephone Field,recover-20220825,002,1795
255.0805,255.0988,15156,19564,Nyctalus noctula,0.018,0.025,-1,Echolocation,/mnt/ubna_data_01_mir/recover-20220825/UBNA_002/20220823_033000.WAV,Telephone Field,recover-20220825,002,1795
255.0885,255.1255,68437,81594,Rhinolophus ferrumequinum,0.022,0.022,-1,Echolocation,/mnt/ubna_data_01_mir/recover-20220825/UBNA_002/20220823_033000.WAV,Telephone Field,recover-20220825,002,1795
255.1215,255.1289,23750,32730,Plecotus austriacus,0.01,0.023,-1,Echolocation,/mnt/ubna_data_01_mir/recover-20220825/UBNA_002/20220823_033000.WAV,Telephone Field,recover-20220825,002,1795
255.1275,255.168,68437,82499,Rhinolophus ferrumequinum,0.022,0.022,-1,Echolocation,/mnt/ubna_data_01_mir/recover-20220825/UBNA_002/20220823_033000.WAV,Telephone Field,recover-20220825,002,1795
255.1725,255.2131,68437,82590,Rhinolophus ferrumequinum,0.026,0.026,-1,Echolocation,/mnt/ubna_data_01_mir/recover-20220825/UBNA_002/20220823_033000.WAV,Telephone Field,recover-20220825,002,1795
255.1885,255.2295,68437,82576,Rhinolophus ferrumequinum,0.025,0.025,-1,Echolocation,/mnt/ubna_data_01_mir/recover-20220825/UBNA_002/20220823_033000.WAV,Telephone Field,recover-20220825,002,1795
255.1985,255.239,68437,82458,Rhinolophus ferrumequinum,0.022,0.022,-1,Echolocation,/mnt/ubna_data_01_mir/recover-20220825/UBNA_002/20220823_033000.WAV,Telephone Field,recover-20220825,002,1795
255.2275,255.2653,68437,81479,Rhinolophus ferrumequinum,0.024,0.024,-1,Echolocation,/mnt/ubna_data_01_mir/recover-20220825/UBNA_002/20220823_033000.WAV,Telephone Field,recover-20220825,002,1795
255.2305,255.2397,28906,37902,Eptesicus serotinus,0.011,0.029,-1,Echolocation,/mnt/ubna_data_01_mir/recover-20220825/UBNA_002/20220823_033000.WAV,Telephone Field,recover-20220825,002,1795
255.2475,255.2865,68437,82345,Rhinolophus ferrumequinum,0.027,0.027,-1,Echolocation,/mnt/ubna_data_01_mir/recover-20220825/UBNA_002/20220823_033000.WAV,Telephone Field,recover-20220825,002,1795
255.2655,255.2753,23750,30178,Nyctalus leisleri,0.009,0.023,-1,Echolocation,/mnt/ubna_data_01_mir/recover-20220825/UBNA_002/20220823_033000.WAV,Telephone Field,recover-20220825,002,1795
255.3205,255.3624,68437,83344,Rhinolophus ferrumequinum,0.027,0.027,-1,Echolocation,/mnt/ubna_data_01_mir/recover-20220825/UBNA_002/20220823_033000.WAV,Telephone Field,recover-20220825,002,1795
255.3625,255.403,68437,81864,Rhinolophus ferrumequinum,0.024,0.024,-1,Echolocation,/mnt/ubna_data_01_mir/recover-20220825/UBNA_002/20220823_033000.WAV,Telephone Field,recover-20220825,002,1795
255.3705,255.4117,68437,82671,Rhinolophus ferrumequinum,0.024,0.024,-1,Echolocation,/mnt/ubna_data_01_mir/recover-20220825/UBNA_002/20220823_033000.WAV,Telephone Field,recover-20220825,002,1795
255.3825,255.4224,68437,82168,Rhinolophus ferrumequinum,0.022,0.022,-1,Echolocation,/mnt/ubna_data_01_mir/recover-20220825/UBNA_002/20220823_033000.WAV,Telephone Field,recover-20220825,002,1795
255.3885,255.3983,28046,36200,Eptesicus serotinus,0.008,0.021,-1,Echolocation,/mnt/ubna_data_01_mir/recover-20220825/UBNA_002/20220823_033000.WAV,Telephone Field,recover-20220825,002,1795
255.3965,255.404,23750,32046,Plecotus austriacus,0.011,0.024,-1,Echolocation,/mnt/ubna_data_01_mir/recover-20220825/UBNA_002/20220823_033000.WAV,Telephone Field,recover-20220825,002,1795
255.4125,255.4488,68437,81853,Rhinolophus ferrumequinum,0.022,0.022,-1,Echolocation,/mnt/ubna_data_01_mir/recover-20220825/UBNA_002/20220823_033000.WAV,Telephone Field,recover-20220825,002,1795
255.4415,255.4517,28906,36668,Eptesicus serotinus,0.01,0.024,-1,Echolocation,/mnt/ubna_data_01_mir/recover-20220825/UBNA_002/20220823_033000.WAV,Telephone Field,recover-20220825,002,1795
255.4645,255.5026,68437,81479,Rhinolophus ferrumequinum,0.023,0.023,-1,Echolocation,/mnt/ubna_data_01_mir/recover-20220825/UBNA_002/20220823_033000.WAV,Telephone Field,recover-20220825,002,1795
255.4975,255.5071,28046,36099,Eptesicus serotinus,0.009,0.023,-1,Echolocation,/mnt/ubna_data_01_mir/recover-20220825/UBNA_002/20220823_033000.WAV,Telephone Field,recover-20220825,002,1795
255.5175,255.5542,68437,81547,Rhinolophus ferrumequinum,0.022,0.022,-1,Echolocation,/mnt/ubna_data_01_mir/recover-20220825/UBNA_002/20220823_033000.WAV,Telephone Field,recover-20220825,002,1795
255.5375,255.5773,68437,82415,Rhinolophus ferrumequinum,0.031,0.031,-1,Echolocation,/mnt/ubna_data_01_mir/recover-20220825/UBNA_002/20220823_033000.WAV,Telephone Field,recover-20220825,002,1795
255.5635,255.6025,68437,82233,Rhinolophus ferrumequinum,0.027,0.027,-1,Echolocation,/mnt/ubna_data_01_mir/recover-20220825/UBNA_002/20220823_033000.WAV,Telephone Field,recover-20220825,002,1795
255.5765,255.5875,28046,34992,Eptesicus serotinus,0.013,0.026,-1,Echolocation,/mnt/ubna_data_01_mir/recover-20220825/UBNA_002/20220823_033000.WAV,Telephone Field,recover-20220825,002,1795
255.5785,255.617,68437,82208,Rhinolophus ferrumequinum,0.024,0.024,-1,Echolocation,/mnt/ubna_data_01_mir/recover-20220825/UBNA_002/20220823_033000.WAV,Telephone Field,recover-20220825,002,1795
255.5955,255.607,22031,26797,Nyctalus leisleri,0.01,0.021,-1,Echolocation,/mnt/ubna_data_01_mir/recover-20220825/UBNA_002/20220823_033000.WAV,Telephone Field,recover-20220825,002,1795
255.6205,255.66,68437,82591,Rhinolophus ferrumequinum,0.021,0.021,-1,Echolocation,/mnt/ubna_data_01_mir/recover-20220825/UBNA_002/20220823_033000.WAV,Telephone Field,recover-20220825,002,1795
255.6295,255.6678,68437,81998,Rhinolophus ferrumequinum,0.023,0.023,-1,Echolocation,/mnt/ubna_data_01_mir/recover-20220825/UBNA_002/20220823_033000.WAV,Telephone Field,recover-20220825,002,1795
255.6375,255.6449,27187,36330,Eptesicus serotinus,0.007,0.022,-1,Echolocation,/mnt/ubna_data_01_mir/recover-20220825/UBNA_002/20220823_033000.WAV,Telephone Field,recover-20220825,002,1795
255.6585,255.698,68437,82322,Rhinolophus ferrumequinum,0.021,0.021,-1,Echolocation,/mnt/ubna_data_01_mir/recover-20220825/UBNA_002/20220823_033000.WAV,Telephone Field,recover-20220825,002,1795
255.66649999999998,255.6784,22890,27712,Nyctalus leisleri,0.014,0.027,-1,Echolocation,/mnt/ubna_data_01_mir/recover-20220825/UBNA_002/20220823_033000.WAV,Telephone Field,recover-20220825,002,1795
255.67849999999999,255.7169,68437,81944,Rhinolophus ferrumequinum,0.021,0.021,-1,Echolocation,/mnt/ubna_data_01_mir/recover-20220825/UBNA_002/20220823_033000.WAV,Telephone Field,recover-20220825,002,1795
255.6805,255.6908,28906,34897,Eptesicus serotinus,0.008,0.021,-1,Echolocation,/mnt/ubna_data_01_mir/recover-20220825/UBNA_002/20220823_033000.WAV,Telephone Field,recover-20220825,002,1795
255.6955,255.7345,68437,82410,Rhinolophus ferrumequinum,0.026,0.026,-1,Echolocation,/mnt/ubna_data_01_mir/recover-20220825/UBNA_002/20220823_033000.WAV,Telephone Field,recover-20220825,002,1795
255.7155,255.7274,51250,55855,Pipistrellus pipistrellus,0.024,0.033,-1,Echolocation,/mnt/ubna_data_01_mir/recover-20220825/UBNA_002/20220823_033000.WAV,Telephone Field,recover-20220825,002,1795
255.7545,255.7614,25468,39533,Myotis nattereri,0.005,0.023,-1,Echolocation,/mnt/ubna_data_01_mir/recover-20220825/UBNA_002/20220823_033000.WAV,Telephone Field,recover-20220825,002,1795
255.7705,255.8113,68437,82347,Rhinolophus ferrumequinum,0.024,0.024,-1,Echolocation,/mnt/ubna_data_01_mir/recover-20220825/UBNA_002/20220823_033000.WAV,Telephone Field,recover-20220825,002,1795
255.7795,255.8177,68437,82973,Rhinolophus ferrumequinum,0.023,0.023,-1,Echolocation,/mnt/ubna_data_01_mir/recover-20220825/UBNA_002/20220823_033000.WAV,Telephone Field,recover-20220825,002,1795
255.8105,255.8497,68437,81987,Rhinolophus ferrumequinum,0.023,0.023,-1,Echolocation,/mnt/ubna_data_01_mir/recover-20220825/UBNA_002/20220823_033000.WAV,Telephone Field,recover-20220825,002,1795
255.8235,255.8635,68437,82384,Rhinolophus ferrumequinum,0.023,0.023,-1,Echolocation,/mnt/ubna_data_01_mir/recover-20220825/UBNA_002/20220823_033000.WAV,Telephone Field,recover-20220825,002,1795
255.8275,255.8356,28046,38138,Eptesicus serotinus,0.006,0.021,-1,Echolocation,/mnt/ubna_data_01_mir/recover-20220825/UBNA_002/20220823_033000.WAV,Telephone Field,recover-20220825,002,1795
255.8445,255.8613,20312,23095,Nyctalus leisleri,0.014,0.023,-1,Echolocation,/mnt/ubna_data_01_mir/recover-20220825/UBNA_002/20220823_033000.WAV,Telephone Field,recover-20220825,002,1795
255.8455,255.885,68437,82446,Rhinolophus ferrumequinum,0.023,0.023,-1,Echolocation,/mnt/ubna_data_01_mir/recover-20220825/UBNA_002/20220823_033000.WAV,Telephone Field,recover-20220825,002,1795
255.8605,255.8691,25468,35796,Eptesicus serotinus,0.006,0.021,-1,Echolocation,/mnt/ubna_data_01_mir/recover-20220825/UBNA_002/20220823_033000.WAV,Telephone Field,recover-20220825,002,1795
255.8635,255.8976,68437,81678,Rhinolophus ferrumequinum,0.035,0.036,-1,Echolocation,/mnt/ubna_data_01_mir/recover-20220825/UBNA_002/20220823_033000.WAV,Telephone Field,recover-20220825,002,1795
255.8735,255.9125,68437,82146,Rhinolophus ferrumequinum,0.024,0.024,-1,Echolocation,/mnt/ubna_data_01_mir/recover-20220825/UBNA_002/20220823_033000.WAV,Telephone Field,recover-20220825,002,1795
255.8845,255.9207,68437,82558,Rhinolophus ferrumequinum,0.022,0.022,-1,Echolocation,/mnt/ubna_data_01_mir/recover-20220825/UBNA_002/20220823_033000.WAV,Telephone Field,recover-20220825,002,1795
255.8975,255.93880000000001,68437,82968,Rhinolophus ferrumequinum,0.023,0.023,-1,Echolocation,/mnt/ubna_data_01_mir/recover-20220825/UBNA_002/20220823_033000.WAV,Telephone Field,recover-20220825,002,1795
255.9085,255.91649999999998,28046,37191,Eptesicus serotinus,0.007,0.021,-1,Echolocation,/mnt/ubna_data_01_mir/recover-20220825/UBNA_002/20220823_033000.WAV,Telephone Field,recover-20220825,002,1795
255.9445,255.986,68437,82252,Rhinolophus ferrumequinum,0.025,0.025,-1,Echolocation,/mnt/ubna_data_01_mir/recover-20220825/UBNA_002/20220823_033000.WAV,Telephone Field,recover-20220825,002,1795
255.94650000000001,255.953,28046,41649,Myotis daubentonii,0.007,0.027,-1,Echolocation,/mnt/ubna_data_01_mir/recover-20220825/UBNA_002/20220823_033000.WAV,Telephone Field,recover-20220825,002,1795
255.9635,255.9717,26328,35395,Eptesicus serotinus,0.008,0.021,-1,Echolocation,/mnt/ubna_data_01_mir/recover-20220825/UBNA_002/20220823_033000.WAV,Telephone Field,recover-20220825,002,1795
255.9635,255.9995,68437,81450,Rhinolophus ferrumequinum,0.022,0.022,-1,Echolocation,/mnt/ubna_data_01_mir/recover-20220825/UBNA_002/20220823_033000.WAV,Telephone Field,recover-20220825,002,1795
255.9875,255.998,23750,31280,Nyctalus leisleri,0.007,0.023,-1,Echolocation,/mnt/ubna_data_01_mir/recover-20220825/UBNA_002/20220823_033000.WAV,Telephone Field,recover-20220825,002,1795
256.0015,256.035,68437,79678,Rhinolophus ferrumequinum,0.047,0.047,-1,Echolocation,/mnt/ubna_data_01_mir/recover-20220825/UBNA_002/20220823_033000.WAV,Telephone Field,recover-20220825,002,1795
256.0015,256.0084,23750,34218,Plecotus austriacus,0.009,0.03,-1,Echolocation,/mnt/ubna_data_01_mir/recover-20220825/UBNA_002/20220823_033000.WAV,Telephone Field,recover-20220825,002,1795
256.0025,256.0173,58125,65632,Pipistrellus pygmaeus,0.022,0.023,-1,Echolocation,/mnt/ubna_data_01_mir/recover-20220825/UBNA_002/20220823_033000.WAV,Telephone Field,recover-20220825,002,1795
256.0095,256.052,68437,81984,Rhinolophus ferrumequinum,0.028,0.028,-1,Echolocation,/mnt/ubna_data_01_mir/recover-20220825/UBNA_002/20220823_033000.WAV,Telephone Field,recover-20220825,002,1795
256.0265,256.0642,68437,81257,Rhinolophus ferrumequinum,0.021,0.021,-1,Echolocation,/mnt/ubna_data_01_mir/recover-20220825/UBNA_002/20220823_033000.WAV,Telephone Field,recover-20220825,002,1795
256.0295,256.0395,28046,39192,Eptesicus serotinus,0.01,0.023,-1,Echolocation,/mnt/ubna_data_01_mir/recover-20220825/UBNA_002/20220823_033000.WAV,Telephone Field,recover-20220825,002,1795
256.0395,256.0774,68437,81668,Rhinolophus ferrumequinum,0.021,0.021,-1,Echolocation,/mnt/ubna_data_01_mir/recover-20220825/UBNA_002/20220823_033000.WAV,Telephone Field,recover-20220825,002,1795
256.0395,256.0494,28906,35440,Eptesicus serotinus,0.008,0.021,-1,Echolocation,/mnt/ubna_data_01_mir/recover-20220825/UBNA_002/20220823_033000.WAV,Telephone Field,recover-20220825,002,1795
256.0475,256.056,28046,39405,Eptesicus serotinus,0.008,0.021,-1,Echolocation,/mnt/ubna_data_01_mir/recover-20220825/UBNA_002/20220823_033000.WAV,Telephone Field,recover-20220825,002,1795
256.0495,256.0862,68437,82010,Rhinolophus ferrumequinum,0.022,0.022,-1,Echolocation,/mnt/ubna_data_01_mir/recover-20220825/UBNA_002/20220823_033000.WAV,Telephone Field,recover-20220825,002,1795
256.0565,256.067,23750,29913,Nyctalus leisleri,0.008,0.022,-1,Echolocation,/mnt/ubna_data_01_mir/recover-20220825/UBNA_002/20220823_033000.WAV,Telephone Field,recover-20220825,002,1795
256.0915,256.099,28906,39642,Eptesicus serotinus,0.007,0.023,-1,Echolocation,/mnt/ubna_data_01_mir/recover-20220825/UBNA_002/20220823_033000.WAV,Telephone Field,recover-20220825,002,1795
256.1475,256.1845,68437,82098,Rhinolophus ferrumequinum,0.021,0.021,-1,Echolocation,/mnt/ubna_data_01_mir/recover-20220825/UBNA_002/20220823_033000.WAV,Telephone Field,recover-20220825,002,1795
256.1785,256.187,28046,39272,Eptesicus serotinus,0.009,0.028,-1,Echolocation,/mnt/ubna_data_01_mir/recover-20220825/UBNA_002/20220823_033000.WAV,Telephone Field,recover-20220825,002,1795
256.2185,256.2255,28906,40126,Eptesicus serotinus,0.006,0.022,-1,Echolocation,/mnt/ubna_data_01_mir/recover-20220825/UBNA_002/20220823_033000.WAV,Telephone Field,recover-20220825,002,1795
256.2365,256.2446,48671,53433,Pipistrellus pipistrellus,0.044,0.049,-1,Echolocation,/mnt/ubna_data_01_mir/recover-20220825/UBNA_002/20220823_033000.WAV,Telephone Field,recover-20220825,002,1795
256.2435,256.2805,68437,82063,Rhinolophus ferrumequinum,0.022,0.022,-1,Echolocation,/mnt/ubna_data_01_mir/recover-20220825/UBNA_002/20220823_033000.WAV,Telephone Field,recover-20220825,002,1795
256.2515,256.2886,68437,81382,Rhinolophus ferrumequinum,0.021,0.021,-1,Echolocation,/mnt/ubna_data_01_mir/recover-20220825/UBNA_002/20220823_033000.WAV,Telephone Field,recover-20220825,002,1795
256.2585,256.2647,28046,41335,Eptesicus serotinus,0.007,0.03,-1,Echolocation,/mnt/ubna_data_01_mir/recover-20220825/UBNA_002/20220823_033000.WAV,Telephone Field,recover-20220825,002,1795
256.2895,256.3292,68437,82213,Rhinolophus ferrumequinum,0.022,0.022,-1,Echolocation,/mnt/ubna_data_01_mir/recover-20220825/UBNA_002/20220823_033000.WAV,Telephone Field,recover-20220825,002,1795
256.2915,256.2983,28046,39165,Eptesicus serotinus,0.008,0.029,-1,Echolocation,/mnt/ubna_data_01_mir/recover-20220825/UBNA_002/20220823_033000.WAV,Telephone Field,recover-20220825,002,1795
256.3095,256.3217,28906,35807,Eptesicus serotinus,0.014,0.027,-1,Echolocation,/mnt/ubna_data_01_mir/recover-20220825/UBNA_002/20220823_033000.WAV,Telephone Field,recover-20220825,002,1795
256.3135,256.346,68437,79876,Rhinolophus ferrumequinum,0.026,0.026,-1,Echolocation,/mnt/ubna_data_01_mir/recover-20220825/UBNA_002/20220823_033000.WAV,Telephone Field,recover-20220825,002,1795
256.3155,256.3268,28906,36773,Eptesicus serotinus,0.013,0.026,-1,Echolocation,/mnt/ubna_data_01_mir/recover-20220825/UBNA_002/20220823_033000.WAV,Telephone Field,recover-20220825,002,1795
256.3495,256.3582,28906,40231,Eptesicus serotinus,0.009,0.022,-1,Echolocation,/mnt/ubna_data_01_mir/recover-20220825/UBNA_002/20220823_033000.WAV,Telephone Field,recover-20220825,002,1795
256.3735,256.418,68437,82967,Rhinolophus ferrumequinum,0.039,0.039,-1,Echolocation,/mnt/ubna_data_01_mir/recover-20220825/UBNA_002/20220823_033000.WAV,Telephone Field,recover-20220825,002,1795
256.3785,256.3881,44375,50624,Pipistrellus pipistrellus,0.028,0.032,-1,Echolocation,/mnt/ubna_data_01_mir/recover-20220825/UBNA_002/20220823_033000.WAV,Telephone Field,recover-20220825,002,1795
256.3835,256.3943,24609,30721,Nyctalus leisleri,0.009,0.025,-1,Echolocation,/mnt/ubna_data_01_mir/recover-20220825/UBNA_002/20220823_033000.WAV,Telephone Field,recover-20220825,002,1795
256.4215,256.4598,68437,82225,Rhinolophus ferrumequinum,0.021,0.021,-1,Echolocation,/mnt/ubna_data_01_mir/recover-20220825/UBNA_002/20220823_033000.WAV,Telephone Field,recover-20220825,002,1795
256.4275,256.4369,25468,33498,Eptesicus serotinus,0.012,0.028,-1,Echolocation,/mnt/ubna_data_01_mir/recover-20220825/UBNA_002/20220823_033000.WAV,Telephone Field,recover-20220825,002,1795
256.4655,256.5046,68437,82293,Rhinolophus ferrumequinum,0.022,0.022,-1,Echolocation,/mnt/ubna_data_01_mir/recover-20220825/UBNA_002/20220823_033000.WAV,Telephone Field,recover-20220825,002,1795
256.4705,256.4789,27187,36795,Eptesicus serotinus,0.008,0.023,-1,Echolocation,/mnt/ubna_data_01_mir/recover-20220825/UBNA_002/20220823_033000.WAV,Telephone Field,recover-20220825,002,1795
256.4895,256.5023,28906,35209,Eptesicus serotinus,0.014,0.026,-1,Echolocation,/mnt/ubna_data_01_mir/recover-20220825/UBNA_002/20220823_033000.WAV,Telephone Field,recover-20220825,002,1795
256.5015,256.511,28906,36978,Eptesicus serotinus,0.009,0.023,-1,Echolocation,/mnt/ubna_data_01_mir/recover-20220825/UBNA_002/20220823_033000.WAV,Telephone Field,recover-20220825,002,1795
256.5015,256.51030000000003,23750,31131,Plecotus austriacus,0.008,0.023,-1,Echolocation,/mnt/ubna_data_01_mir/recover-20220825/UBNA_002/20220823_033000.WAV,Telephone Field,recover-20220825,002,1795
256.5065,256.5158,29765,37501,Eptesicus serotinus,0.009,0.023,-1,Echolocation,/mnt/ubna_data_01_mir/recover-20220825/UBNA_002/20220823_033000.WAV,Telephone Field,recover-20220825,002,1795
256.5155,256.5517,68437,81597,Rhinolophus ferrumequinum,0.022,0.022,-1,Echolocation,/mnt/ubna_data_01_mir/recover-20220825/UBNA_002/20220823_033000.WAV,Telephone Field,recover-20220825,002,1795
256.5555,256.5935,68437,81671,Rhinolophus ferrumequinum,0.022,0.022,-1,Echolocation,/mnt/ubna_data_01_mir/recover-20220825/UBNA_002/20220823_033000.WAV,Telephone Field,recover-20220825,002,1795
256.5605,256.6011,68437,82623,Rhinolophus ferrumequinum,0.022,0.022,-1,Echolocation,/mnt/ubna_data_01_mir/recover-20220825/UBNA_002/20220823_033000.WAV,Telephone Field,recover-20220825,002,1795
256.5695,256.6133,68437,82656,Rhinolophus ferrumequinum,0.026,0.026,-1,Echolocation,/mnt/ubna_data_01_mir/recover-20220825/UBNA_002/20220823_033000.WAV,Telephone Field,recover-20220825,002,1795
256.60450000000003,256.64300000000003,68437,81804,Rhinolophus ferrumequinum,0.022,0.022,-1,Echolocation,/mnt/ubna_data_01_mir/recover-20220825/UBNA_002/20220823_033000.WAV,Telephone Field,recover-20220825,002,1795
256.6315,256.6427,23750,29977,Nyctalus leisleri,0.009,0.023,-1,Echolocation,/mnt/ubna_data_01_mir/recover-20220825/UBNA_002/20220823_033000.WAV,Telephone Field,recover-20220825,002,1795
256.6625,256.66949999999997,27187,38480,Eptesicus serotinus,0.009,0.027,-1,Echolocation,/mnt/ubna_data_01_mir/recover-20220825/UBNA_002/20220823_033000.WAV,Telephone Field,recover-20220825,002,1795
256.6675,256.7088,68437,82658,Rhinolophus ferrumequinum,0.023,0.023,-1,Echolocation,/mnt/ubna_data_01_mir/recover-20220825/UBNA_002/20220823_033000.WAV,Telephone Field,recover-20220825,002,1795
256.6885,256.6955,47812,53316,Pipistrellus pipistrellus,0.052,0.054,-1,Echolocation,/mnt/ubna_data_01_mir/recover-20220825/UBNA_002/20220823_033000.WAV,Telephone Field,recover-20220825,002,1795
256.6905,256.6998,28046,37030,Eptesicus serotinus,0.01,0.024,-1,Echolocation,/mnt/ubna_data_01_mir/recover-20220825/UBNA_002/20220823_033000.WAV,Telephone Field,recover-20220825,002,1795
256.6975,256.7437,68437,83227,Rhinolophus ferrumequinum,0.033,0.033,-1,Echolocation,/mnt/ubna_data_01_mir/recover-20220825/UBNA_002/20220823_033000.WAV,Telephone Field,recover-20220825,002,1795
256.7025,256.7102,28046,38774,Eptesicus serotinus,0.01,0.027,-1,Echolocation,/mnt/ubna_data_01_mir/recover-20220825/UBNA_002/20220823_033000.WAV,Telephone Field,recover-20220825,002,1795
256.7405,256.7483,28046,38255,Eptesicus serotinus,0.008,0.023,-1,Echolocation,/mnt/ubna_data_01_mir/recover-20220825/UBNA_002/20220823_033000.WAV,Telephone Field,recover-20220825,002,1795
256.7475,256.7549,24609,32532,Plecotus austriacus,0.006,0.021,-1,Echolocation,/mnt/ubna_data_01_mir/recover-20220825/UBNA_002/20220823_033000.WAV,Telephone Field,recover-20220825,002,1795
256.7715,256.8129,68437,82718,Rhinolophus ferrumequinum,0.035,0.035,-1,Echolocation,/mnt/ubna_data_01_mir/recover-20220825/UBNA_002/20220823_033000.WAV,Telephone Field,recover-20220825,002,1795
256.7885,256.8312,68437,83177,Rhinolophus ferrumequinum,0.026,0.026,-1,Echolocation,/mnt/ubna_data_01_mir/recover-20220825/UBNA_002/20220823_033000.WAV,Telephone Field,recover-20220825,002,1795
256.8755,256.91610000000003,68437,82400,Rhinolophus ferrumequinum,0.031,0.031,-1,Echolocation,/mnt/ubna_data_01_mir/recover-20220825/UBNA_002/20220823_033000.WAV,Telephone Field,recover-20220825,002,1795
256.8805,256.8905,24609,31753,Nyctalus leisleri,0.012,0.032,-1,Echolocation,/mnt/ubna_data_01_mir/recover-20220825/UBNA_002/20220823_033000.WAV,Telephone Field,recover-20220825,002,1795
256.9025,256.9429,68437,82644,Rhinolophus ferrumequinum,0.025,0.025,-1,Echolocation,/mnt/ubna_data_01_mir/recover-20220825/UBNA_002/20220823_033000.WAV,Telephone Field,recover-20220825,002,1795
256.9445,256.9869,68437,83149,Rhinolophus ferrumequinum,0.031,0.031,-1,Echolocation,/mnt/ubna_data_01_mir/recover-20220825/UBNA_002/20220823_033000.WAV,Telephone Field,recover-20220825,002,1795
256.9515,256.9623,26328,34544,Eptesicus serotinus,0.01,0.023,-1,Echolocation,/mnt/ubna_data_01_mir/recover-20220825/UBNA_002/20220823_033000.WAV,Telephone Field,recover-20220825,002,1795
256.9715,257.0114,68437,81704,Rhinolophus ferrumequinum,0.026,0.027,-1,Echolocation,/mnt/ubna_data_01_mir/recover-20220825/UBNA_002/20220823_033000.WAV,Telephone Field,recover-20220825,002,1795
256.9965,257.0338,68437,81815,Rhinolophus ferrumequinum,0.022,0.022,-1,Echolocation,/mnt/ubna_data_01_mir/recover-20220825/UBNA_002/20220823_033000.WAV,Telephone Field,recover-20220825,002,1795
257.0025,257.0395,68437,82105,Rhinolophus ferrumequinum,0.021,0.021,-1,Echolocation,/mnt/ubna_data_01_mir/recover-20220825/UBNA_002/20220823_033000.WAV,Telephone Field,recover-20220825,002,1795
257.0105,257.0202,24609,31179,Nyctalus leisleri,0.01,0.027,-1,Echolocation,/mnt/ubna_data_01_mir/recover-20220825/UBNA_002/20220823_033000.WAV,Telephone Field,recover-20220825,002,1795
257.0405,257.0761,68437,81540,Rhinolophus ferrumequinum,0.022,0.022,-1,Echolocation,/mnt/ubna_data_01_mir/recover-20220825/UBNA_002/20220823_033000.WAV,Telephone Field,recover-20220825,002,1795
257.0525,257.0957,68437,83690,Rhinolophus ferrumequinum,0.038,0.038,-1,Echolocation,/mnt/ubna_data_01_mir/recover-20220825/UBNA_002/20220823_033000.WAV,Telephone Field,recover-20220825,002,1795
257.0975,257.1048,27187,38416,Eptesicus serotinus,0.006,0.021,-1,Echolocation,/mnt/ubna_data_01_mir/recover-20220825/UBNA_002/20220823_033000.WAV,Telephone Field,recover-20220825,002,1795
257.1185,257.1656,68437,83521,Rhinolophus ferrumequinum,0.073,0.073,-1,Echolocation,/mnt/ubna_data_01_mir/recover-20220825/UBNA_002/20220823_033000.WAV,Telephone Field,recover-20220825,002,1795
257.1575,257.1939,68437,81206,Rhinolophus ferrumequinum,0.021,0.022,-1,Echolocation,/mnt/ubna_data_01_mir/recover-20220825/UBNA_002/20220823_033000.WAV,Telephone Field,recover-20220825,002,1795
257.2035,257.244,68437,82637,Rhinolophus ferrumequinum,0.022,0.022,-1,Echolocation,/mnt/ubna_data_01_mir/recover-20220825/UBNA_002/20220823_033000.WAV,Telephone Field,recover-20220825,002,1795
257.2375,257.2733,68437,81272,Rhinolophus ferrumequinum,0.022,0.022,-1,Echolocation,/mnt/ubna_data_01_mir/recover-20220825/UBNA_002/20220823_033000.WAV,Telephone Field,recover-20220825,002,1795
257.2445,257.2807,68437,82580,Rhinolophus ferrumequinum,0.023,0.023,-1,Echolocation,/mnt/ubna_data_01_mir/recover-20220825/UBNA_002/20220823_033000.WAV,Telephone Field,recover-20220825,002,1795
257.2505,257.258,28046,39521,Eptesicus serotinus,0.007,0.021,-1,Echolocation,/mnt/ubna_data_01_mir/recover-20220825/UBNA_002/20220823_033000.WAV,Telephone Field,recover-20220825,002,1795
257.2555,257.2666,22890,28173,Nyctalus leisleri,0.011,0.022,-1,Echolocation,/mnt/ubna_data_01_mir/recover-20220825/UBNA_002/20220823_033000.WAV,Telephone Field,recover-20220825,002,1795
257.2595,257.294,68437,81125,Rhinolophus ferrumequinum,0.025,0.025,-1,Echolocation,/mnt/ubna_data_01_mir/recover-20220825/UBNA_002/20220823_033000.WAV,Telephone Field,recover-20220825,002,1795
257.2815,257.3193,68437,81499,Rhinolophus ferrumequinum,0.023,0.023,-1,Echolocation,/mnt/ubna_data_01_mir/recover-20220825/UBNA_002/20220823_033000.WAV,Telephone Field,recover-20220825,002,1795
257.3005,257.3097,23750,31852,Plecotus austriacus,0.008,0.027,-1,Echolocation,/mnt/ubna_data_01_mir/recover-20220825/UBNA_002/20220823_033000.WAV,Telephone Field,recover-20220825,002,1795
257.3175,257.3506,68437,80519,Rhinolophus ferrumequinum,0.023,0.023,-1,Echolocation,/mnt/ubna_data_01_mir/recover-20220825/UBNA_002/20220823_033000.WAV,Telephone Field,recover-20220825,002,1795
257.3495,257.3903,68437,81964,Rhinolophus ferrumequinum,0.024,0.024,-1,Echolocation,/mnt/ubna_data_01_mir/recover-20220825/UBNA_002/20220823_033000.WAV,Telephone Field,recover-20220825,002,1795
257.4085,257.4174,46953,50423,Pipistrellus pipistrellus,0.033,0.035,-1,Echolocation,/mnt/ubna_data_01_mir/recover-20220825/UBNA_002/20220823_033000.WAV,Telephone Field,recover-20220825,002,1795
257.4385,257.4467,26328,35386,Eptesicus serotinus,0.01,0.028,-1,Echolocation,/mnt/ubna_data_01_mir/recover-20220825/UBNA_002/20220823_033000.WAV,Telephone Field,recover-20220825,002,1795
257.4715,257.5087,68437,82298,Rhinolophus ferrumequinum,0.021,0.022,-1,Echolocation,/mnt/ubna_data_01_mir/recover-20220825/UBNA_002/20220823_033000.WAV,Telephone Field,recover-20220825,002,1795
257.4745,257.4834,50390,55395,Pipistrellus pipistrellus,0.018,0.021,-1,Echolocation,/mnt/ubna_data_01_mir/recover-20220825/UBNA_002/20220823_033000.WAV,Telephone Field,recover-20220825,002,1795
257.4755,257.4836,27187,36130,Eptesicus serotinus,0.011,0.027,-1,Echolocation,/mnt/ubna_data_01_mir/recover-20220825/UBNA_002/20220823_033000.WAV,Telephone Field,recover-20220825,002,1795
257.5425,257.5815,68437,82438,Rhinolophus ferrumequinum,0.022,0.022,-1,Echolocation,/mnt/ubna_data_01_mir/recover-20220825/UBNA_002/20220823_033000.WAV,Telephone Field,recover-20220825,002,1795
257.5605,257.569,28046,39769,Eptesicus serotinus,0.007,0.021,-1,Echolocation,/mnt/ubna_data_01_mir/recover-20220825/UBNA_002/20220823_033000.WAV,Telephone Field,recover-20220825,002,1795
257.60450000000003,257.6411,68437,81501,Rhinolophus ferrumequinum,0.021,0.021,-1,Echolocation,/mnt/ubna_data_01_mir/recover-20220825/UBNA_002/20220823_033000.WAV,Telephone Field,recover-20220825,002,1795
257.6145,257.6565,68437,82872,Rhinolophus ferrumequinum,0.029,0.029,-1,Echolocation,/mnt/ubna_data_01_mir/recover-20220825/UBNA_002/20220823_033000.WAV,Telephone Field,recover-20220825,002,1795
257.6325,257.6731,68437,82187,Rhinolophus ferrumequinum,0.025,0.025,-1,Echolocation,/mnt/ubna_data_01_mir/recover-20220825/UBNA_002/20220823_033000.WAV,Telephone Field,recover-20220825,002,1795
257.6535,257.6916,68437,81928,Rhinolophus ferrumequinum,0.022,0.022,-1,Echolocation,/mnt/ubna_data_01_mir/recover-20220825/UBNA_002/20220823_033000.WAV,Telephone Field,recover-20220825,002,1795
257.6575,257.6633,47812,54365,Pipistrellus pipistrellus,0.03,0.031,-1,Echolocation,/mnt/ubna_data_01_mir/recover-20220825/UBNA_002/20220823_033000.WAV,Telephone Field,recover-20220825,002,1795
257.6665,257.6786,24609,30240,Nyctalus leisleri,0.014,0.035,-1,Echolocation,/mnt/ubna_data_01_mir/recover-20220825/UBNA_002/20220823_033000.WAV,Telephone Field,recover-20220825,002,1795
257.6785,257.6872,26328,34995,Eptesicus serotinus,0.011,0.026,-1,Echolocation,/mnt/ubna_data_01_mir/recover-20220825/UBNA_002/20220823_033000.WAV,Telephone Field,recover-20220825,002,1795
257.6895,257.7333,68437,83119,Rhinolophus ferrumequinum,0.029,0.029,-1,Echolocation,/mnt/ubna_data_01_mir/recover-20220825/UBNA_002/20220823_033000.WAV,Telephone Field,recover-20220825,002,1795
257.6905,257.7015,27187,35426,Eptesicus serotinus,0.013,0.027,-1,Echolocation,/mnt/ubna_data_01_mir/recover-20220825/UBNA_002/20220823_033000.WAV,Telephone Field,recover-20220825,002,1795
257.7145,257.7538,68437,82419,Rhinolophus ferrumequinum,0.024,0.024,-1,Echolocation,/mnt/ubna_data_01_mir/recover-20220825/UBNA_002/20220823_033000.WAV,Telephone Field,recover-20220825,002,1795
257.7425,257.7827,68437,82461,Rhinolophus ferrumequinum,0.026,0.026,-1,Echolocation,/mnt/ubna_data_01_mir/recover-20220825/UBNA_002/20220823_033000.WAV,Telephone Field,recover-20220825,002,1795
257.7675,257.7751,28046,39895,Eptesicus serotinus,0.008,0.023,-1,Echolocation,/mnt/ubna_data_01_mir/recover-20220825/UBNA_002/20220823_033000.WAV,Telephone Field,recover-20220825,002,1795
257.7905,257.8307,68437,83306,Rhinolophus ferrumequinum,0.03,0.03,-1,Echolocation,/mnt/ubna_data_01_mir/recover-20220825/UBNA_002/20220823_033000.WAV,Telephone Field,recover-20220825,002,1795
257.7995,257.8071,28046,42240,Eptesicus serotinus,0.007,0.022,-1,Echolocation,/mnt/ubna_data_01_mir/recover-20220825/UBNA_002/20220823_033000.WAV,Telephone Field,recover-20220825,002,1795
257.8175,257.8548,68437,81530,Rhinolophus ferrumequinum,0.024,0.024,-1,Echolocation,/mnt/ubna_data_01_mir/recover-20220825/UBNA_002/20220823_033000.WAV,Telephone Field,recover-20220825,002,1795
257.83050000000003,257.8679,68437,82102,Rhinolophus ferrumequinum,0.022,0.022,-1,Echolocation,/mnt/ubna_data_01_mir/recover-20220825/UBNA_002/20220823_033000.WAV,Telephone Field,recover-20220825,002,1795
257.8435,257.8516,27187,35877,Eptesicus serotinus,0.01,0.025,-1,Echolocation,/mnt/ubna_data_01_mir/recover-20220825/UBNA_002/20220823_033000.WAV,Telephone Field,recover-20220825,002,1795
257.8685,257.909,68437,82641,Rhinolophus ferrumequinum,0.025,0.025,-1,Echolocation,/mnt/ubna_data_01_mir/recover-20220825/UBNA_002/20220823_033000.WAV,Telephone Field,recover-20220825,002,1795
257.9535,257.9922,68437,81557,Rhinolophus ferrumequinum,0.022,0.022,-1,Echolocation,/mnt/ubna_data_01_mir/recover-20220825/UBNA_002/20220823_033000.WAV,Telephone Field,recover-20220825,002,1795
257.97950000000003,257.9883,22890,30427,Plecotus austriacus,0.008,0.025,-1,Echolocation,/mnt/ubna_data_01_mir/recover-20220825/UBNA_002/20220823_033000.WAV,Telephone Field,recover-20220825,002,1795
258.0015,258.0117,26328,31904,Nyctalus leisleri,0.023,0.048,-1,Echolocation,/mnt/ubna_data_01_mir/recover-20220825/UBNA_002/20220823_033000.WAV,Telephone Field,recover-20220825,002,1795
258.0015,258.0337,68437,79704,Rhinolophus ferrumequinum,0.028,0.029,-1,Echolocation,/mnt/ubna_data_01_mir/recover-20220825/UBNA_002/20220823_033000.WAV,Telephone Field,recover-20220825,002,1795
258.0305,258.0398,15156,21805,Nyctalus noctula,0.011,0.026,-1,Echolocation,/mnt/ubna_data_01_mir/recover-20220825/UBNA_002/20220823_033000.WAV,Telephone Field,recover-20220825,002,1795
258.04449999999997,258.0847,68437,82210,Rhinolophus ferrumequinum,0.034,0.034,-1,Echolocation,/mnt/ubna_data_01_mir/recover-20220825/UBNA_002/20220823_033000.WAV,Telephone Field,recover-20220825,002,1795
258.0565,258.0967,68437,83100,Rhinolophus ferrumequinum,0.024,0.024,-1,Echolocation,/mnt/ubna_data_01_mir/recover-20220825/UBNA_002/20220823_033000.WAV,Telephone Field,recover-20220825,002,1795
258.1105,258.151,68437,82817,Rhinolophus ferrumequinum,0.021,0.021,-1,Echolocation,/mnt/ubna_data_01_mir/recover-20220825/UBNA_002/20220823_033000.WAV,Telephone Field,recover-20220825,002,1795
258.1605,258.199,68437,82221,Rhinolophus ferrumequinum,0.023,0.023,-1,Echolocation,/mnt/ubna_data_01_mir/recover-20220825/UBNA_002/20220823_033000.WAV,Telephone Field,recover-20220825,002,1795
258.1685,258.1765,28906,39074,Myotis daubentonii,0.007,0.023,-1,Echolocation,/mnt/ubna_data_01_mir/recover-20220825/UBNA_002/20220823_033000.WAV,Telephone Field,recover-20220825,002,1795
258.16949999999997,258.2076,68437,81833,Rhinolophus ferrumequinum,0.021,0.021,-1,Echolocation,/mnt/ubna_data_01_mir/recover-20220825/UBNA_002/20220823_033000.WAV,Telephone Field,recover-20220825,002,1795
258.2045,258.2441,68437,82032,Rhinolophus ferrumequinum,0.024,0.024,-1,Echolocation,/mnt/ubna_data_01_mir/recover-20220825/UBNA_002/20220823_033000.WAV,Telephone Field,recover-20220825,002,1795
258.2045,258.2127,27187,39666,Eptesicus serotinus,0.008,0.022,-1,Echolocation,/mnt/ubna_data_01_mir/recover-20220825/UBNA_002/20220823_033000.WAV,Telephone Field,recover-20220825,002,1795
258.20550000000003,258.2133,46953,52117,Pipistrellus pipistrellus,0.02,0.021,-1,Echolocation,/mnt/ubna_data_01_mir/recover-20220825/UBNA_002/20220823_033000.WAV,Telephone Field,recover-20220825,002,1795
258.2235,258.2339,26328,33451,Eptesicus serotinus,0.01,0.022,-1,Echolocation,/mnt/ubna_data_01_mir/recover-20220825/UBNA_002/20220823_033000.WAV,Telephone Field,recover-20220825,002,1795
258.2845,258.3235,68437,82206,Rhinolophus ferrumequinum,0.022,0.022,-1,Echolocation,/mnt/ubna_data_01_mir/recover-20220825/UBNA_002/20220823_033000.WAV,Telephone Field,recover-20220825,002,1795
258.2975,258.3087,23750,28615,Nyctalus leisleri,0.018,0.032,-1,Echolocation,/mnt/ubna_data_01_mir/recover-20220825/UBNA_002/20220823_033000.WAV,Telephone Field,recover-20220825,002,1795
258.3155,258.3249,23750,30096,Nyctalus leisleri,0.009,0.022,-1,Echolocation,/mnt/ubna_data_01_mir/recover-20220825/UBNA_002/20220823_033000.WAV,Telephone Field,recover-20220825,002,1795
258.3425,258.354,23750,27992,Nyctalus leisleri,0.014,0.026,-1,Echolocation,/mnt/ubna_data_01_mir/recover-20220825/UBNA_002/20220823_033000.WAV,Telephone Field,recover-20220825,002,1795
258.3685,258.3823,30625,36874,Eptesicus serotinus,0.015,0.028,-1,Echolocation,/mnt/ubna_data_01_mir/recover-20220825/UBNA_002/20220823_033000.WAV,Telephone Field,recover-20220825,002,1795
258.3705,258.4098,68437,82594,Rhinolophus ferrumequinum,0.022,0.022,-1,Echolocation,/mnt/ubna_data_01_mir/recover-20220825/UBNA_002/20220823_033000.WAV,Telephone Field,recover-20220825,002,1795
258.3845,258.422,68437,82146,Rhinolophus ferrumequinum,0.022,0.022,-1,Echolocation,/mnt/ubna_data_01_mir/recover-20220825/UBNA_002/20220823_033000.WAV,Telephone Field,recover-20220825,002,1795
258.3905,258.4279,68437,81529,Rhinolophus ferrumequinum,0.022,0.023,-1,Echolocation,/mnt/ubna_data_01_mir/recover-20220825/UBNA_002/20220823_033000.WAV,Telephone Field,recover-20220825,002,1795
258.4365,258.48199999999997,68437,83012,Rhinolophus ferrumequinum,0.045,0.045,-1,Echolocation,/mnt/ubna_data_01_mir/recover-20220825/UBNA_002/20220823_033000.WAV,Telephone Field,recover-20220825,002,1795
258.4475,258.4546,28046,43984,Eptesicus serotinus,0.006,0.022,-1,Echolocation,/mnt/ubna_data_01_mir/recover-20220825/UBNA_002/20220823_033000.WAV,Telephone Field,recover-20220825,002,1795
258.4985,258.5375,68437,81963,Rhinolophus ferrumequinum,0.022,0.022,-1,Echolocation,/mnt/ubna_data_01_mir/recover-20220825/UBNA_002/20220823_033000.WAV,Telephone Field,recover-20220825,002,1795
258.5065,258.5471,68437,82801,Rhinolophus ferrumequinum,0.023,0.023,-1,Echolocation,/mnt/ubna_data_01_mir/recover-20220825/UBNA_002/20220823_033000.WAV,Telephone Field,recover-20220825,002,1795
258.5495,258.5886,68437,82009,Rhinolophus ferrumequinum,0.022,0.022,-1,Echolocation,/mnt/ubna_data_01_mir/recover-20220825/UBNA_002/20220823_033000.WAV,Telephone Field,recover-20220825,002,1795
258.5535,258.5699,16015,20684,Nyctalus noctula,0.015,0.022,-1,Echolocation,/mnt/ubna_data_01_mir/recover-20220825/UBNA_002/20220823_033000.WAV,Telephone Field,recover-20220825,002,1795
258.6005,258.6098,23750,31622,Plecotus austriacus,0.009,0.029,-1,Echolocation,/mnt/ubna_data_01_mir/recover-20220825/UBNA_002/20220823_033000.WAV,Telephone Field,recover-20220825,002,1795
258.6275,258.6659,68437,81824,Rhinolophus ferrumequinum,0.025,0.025,-1,Echolocation,/mnt/ubna_data_01_mir/recover-20220825/UBNA_002/20220823_033000.WAV,Telephone Field,recover-20220825,002,1795
258.6645,258.7037,68437,82439,Rhinolophus ferrumequinum,0.024,0.024,-1,Echolocation,/mnt/ubna_data_01_mir/recover-20220825/UBNA_002/20220823_033000.WAV,Telephone Field,recover-20220825,002,1795
258.6915,258.7301,68437,82478,Rhinolophus ferrumequinum,0.022,0.022,-1,Echolocation,/mnt/ubna_data_01_mir/recover-20220825/UBNA_002/20220823_033000.WAV,Telephone Field,recover-20220825,002,1795
258.7955,258.8336,68437,81798,Rhinolophus ferrumequinum,0.022,0.022,-1,Echolocation,/mnt/ubna_data_01_mir/recover-20220825/UBNA_002/20220823_033000.WAV,Telephone Field,recover-20220825,002,1795
258.8025,258.8406,68437,81949,Rhinolophus ferrumequinum,0.023,0.023,-1,Echolocation,/mnt/ubna_data_01_mir/recover-20220825/UBNA_002/20220823_033000.WAV,Telephone Field,recover-20220825,002,1795
258.8075,258.8167,28046,36186,Eptesicus serotinus,0.008,0.021,-1,Echolocation,/mnt/ubna_data_01_mir/recover-20220825/UBNA_002/20220823_033000.WAV,Telephone Field,recover-20220825,002,1795
258.8245,258.8694,68437,83600,Rhinolophus ferrumequinum,0.035,0.035,-1,Echolocation,/mnt/ubna_data_01_mir/recover-20220825/UBNA_002/20220823_033000.WAV,Telephone Field,recover-20220825,002,1795
258.8685,258.9099,68437,82616,Rhinolophus ferrumequinum,0.022,0.022,-1,Echolocation,/mnt/ubna_data_01_mir/recover-20220825/UBNA_002/20220823_033000.WAV,Telephone Field,recover-20220825,002,1795
258.8885,258.9259,68437,81823,Rhinolophus ferrumequinum,0.026,0.026,-1,Echolocation,/mnt/ubna_data_01_mir/recover-20220825/UBNA_002/20220823_033000.WAV,Telephone Field,recover-20220825,002,1795
258.8885,258.8985,28046,38715,Eptesicus serotinus,0.015,0.029,-1,Echolocation,/mnt/ubna_data_01_mir/recover-20220825/UBNA_002/20220823_033000.WAV,Telephone Field,recover-20220825,002,1795
258.9125,258.9531,68437,83264,Rhinolophus ferrumequinum,0.022,0.022,-1,Echolocation,/mnt/ubna_data_01_mir/recover-20220825/UBNA_002/20220823_033000.WAV,Telephone Field,recover-20220825,002,1795
258.9225,258.9644,68437,83578,Rhinolophus ferrumequinum,0.026,0.026,-1,Echolocation,/mnt/ubna_data_01_mir/recover-20220825/UBNA_002/20220823_033000.WAV,Telephone Field,recover-20220825,002,1795
258.9305,258.9391,26328,35213,Eptesicus serotinus,0.009,0.022,-1,Echolocation,/mnt/ubna_data_01_mir/recover-20220825/UBNA_002/20220823_033000.WAV,Telephone Field,recover-20220825,002,1795
258.9475,258.9556,27187,38746,Eptesicus serotinus,0.007,0.022,-1,Echolocation,/mnt/ubna_data_01_mir/recover-20220825/UBNA_002/20220823_033000.WAV,Telephone Field,recover-20220825,002,1795
258.9785,258.9879,28046,40496,Eptesicus serotinus,0.009,0.023,-1,Echolocation,/mnt/ubna_data_01_mir/recover-20220825/UBNA_002/20220823_033000.WAV,Telephone Field,recover-20220825,002,1795
259.0665,259.1067,68437,82703,Rhinolophus ferrumequinum,0.029,0.029,-1,Echolocation,/mnt/ubna_data_01_mir/recover-20220825/UBNA_002/20220823_033000.WAV,Telephone Field,recover-20220825,002,1795
259.0775,259.0847,28046,39707,Eptesicus serotinus,0.007,0.022,-1,Echolocation,/mnt/ubna_data_01_mir/recover-20220825/UBNA_002/20220823_033000.WAV,Telephone Field,recover-20220825,002,1795
259.0785,259.0852,34921,42070,Myotis daubentonii,0.009,0.022,-1,Echolocation,/mnt/ubna_data_01_mir/recover-20220825/UBNA_002/20220823_033000.WAV,Telephone Field,recover-20220825,002,1795
259.1255,259.1582,68437,79856,Rhinolophus ferrumequinum,0.021,0.022,-1,Echolocation,/mnt/ubna_data_01_mir/recover-20220825/UBNA_002/20220823_033000.WAV,Telephone Field,recover-20220825,002,1795
259.1375,259.1442,28046,40277,Eptesicus serotinus,0.007,0.028,-1,Echolocation,/mnt/ubna_data_01_mir/recover-20220825/UBNA_002/20220823_033000.WAV,Telephone Field,recover-20220825,002,1795
259.1775,259.1872,27187,35624,Eptesicus serotinus,0.01,0.022,-1,Echolocation,/mnt/ubna_data_01_mir/recover-20220825/UBNA_002/20220823_033000.WAV,Telephone Field,recover-20220825,002,1795
259.1955,259.2348,68437,81721,Rhinolophus ferrumequinum,0.022,0.022,-1,Echolocation,/mnt/ubna_data_01_mir/recover-20220825/UBNA_002/20220823_033000.WAV,Telephone Field,recover-20220825,002,1795
259.2155,259.2548,68437,82575,Rhinolophus ferrumequinum,0.024,0.024,-1,Echolocation,/mnt/ubna_data_01_mir/recover-20220825/UBNA_002/20220823_033000.WAV,Telephone Field,recover-20220825,002,1795
259.2675,259.3053,68437,82088,Rhinolophus ferrumequinum,0.028,0.028,-1,Echolocation,/mnt/ubna_data_01_mir/recover-20220825/UBNA_002/20220823_033000.WAV,Telephone Field,recover-20220825,002,1795
259.2845,259.296,22890,27930,Nyctalus leisleri,0.013,0.027,-1,Echolocation,/mnt/ubna_data_01_mir/recover-20220825/UBNA_002/20220823_033000.WAV,Telephone Field,recover-20220825,002,1795
259.3085,259.3192,23750,29274,Nyctalus leisleri,0.011,0.025,-1,Echolocation,/mnt/ubna_data_01_mir/recover-20220825/UBNA_002/20220823_033000.WAV,Telephone Field,recover-20220825,002,1795
259.3505,259.3619,28046,35499,Eptesicus serotinus,0.015,0.028,-1,Echolocation,/mnt/ubna_data_01_mir/recover-20220825/UBNA_002/20220823_033000.WAV,Telephone Field,recover-20220825,002,1795
259.3755,259.4127,68437,81995,Rhinolophus ferrumequinum,0.022,0.022,-1,Echolocation,/mnt/ubna_data_01_mir/recover-20220825/UBNA_002/20220823_033000.WAV,Telephone Field,recover-20220825,002,1795
259.3765,259.3892,22031,26287,Nyctalus leisleri,0.013,0.022,-1,Echolocation,/mnt/ubna_data_01_mir/recover-20220825/UBNA_002/20220823_033000.WAV,Telephone Field,recover-20220825,002,1795
259.4135,259.4493,68437,81537,Rhinolophus ferrumequinum,0.025,0.025,-1,Echolocation,/mnt/ubna_data_01_mir/recover-20220825/UBNA_002/20220823_033000.WAV,Telephone Field,recover-20220825,002,1795
259.4165,259.4224,27187,43062,Plecotus auritus,0.005,0.024,-1,Echolocation,/mnt/ubna_data_01_mir/recover-20220825/UBNA_002/20220823_033000.WAV,Telephone Field,recover-20220825,002,1795
259.4425,259.487,68437,83268,Rhinolophus ferrumequinum,0.045,0.045,-1,Echolocation,/mnt/ubna_data_01_mir/recover-20220825/UBNA_002/20220823_033000.WAV,Telephone Field,recover-20220825,002,1795
259.4595,259.4981,68437,82580,Rhinolophus ferrumequinum,0.022,0.022,-1,Echolocation,/mnt/ubna_data_01_mir/recover-20220825/UBNA_002/20220823_033000.WAV,Telephone Field,recover-20220825,002,1795
259.4625,259.4733,24609,30944,Nyctalus leisleri,0.008,0.023,-1,Echolocation,/mnt/ubna_data_01_mir/recover-20220825/UBNA_002/20220823_033000.WAV,Telephone Field,recover-20220825,002,1795
259.4845,259.4922,28046,39480,Eptesicus serotinus,0.008,0.025,-1,Echolocation,/mnt/ubna_data_01_mir/recover-20220825/UBNA_002/20220823_033000.WAV,Telephone Field,recover-20220825,002,1795
259.5695,259.6109,68437,82555,Rhinolophus ferrumequinum,0.026,0.026,-1,Echolocation,/mnt/ubna_data_01_mir/recover-20220825/UBNA_002/20220823_033000.WAV,Telephone Field,recover-20220825,002,1795
259.58050000000003,259.5898,28046,38143,Eptesicus serotinus,0.01,0.027,-1,Echolocation,/mnt/ubna_data_01_mir/recover-20220825/UBNA_002/20220823_033000.WAV,Telephone Field,recover-20220825,002,1795
259.6185,259.6278,22890,29817,Nyctalus leisleri,0.008,0.025,-1,Echolocation,/mnt/ubna_data_01_mir/recover-20220825/UBNA_002/20220823_033000.WAV,Telephone Field,recover-20220825,002,1795
259.6395,259.6475,28046,36618,Eptesicus serotinus,0.008,0.025,-1,Echolocation,/mnt/ubna_data_01_mir/recover-20220825/UBNA_002/20220823_033000.WAV,Telephone Field,recover-20220825,002,1795
259.6555,259.6917,68437,81309,Rhinolophus ferrumequinum,0.024,0.024,-1,Echolocation,/mnt/ubna_data_01_mir/recover-20220825/UBNA_002/20220823_033000.WAV,Telephone Field,recover-20220825,002,1795
259.6655,259.7027,68437,81304,Rhinolophus ferrumequinum,0.022,0.023,-1,Echolocation,/mnt/ubna_data_01_mir/recover-20220825/UBNA_002/20220823_033000.WAV,Telephone Field,recover-20220825,002,1795
259.6755,259.7162,68437,82926,Rhinolophus ferrumequinum,0.024,0.024,-1,Echolocation,/mnt/ubna_data_01_mir/recover-20220825/UBNA_002/20220823_033000.WAV,Telephone Field,recover-20220825,002,1795
259.7215,259.76279999999997,68437,82690,Rhinolophus ferrumequinum,0.022,0.022,-1,Echolocation,/mnt/ubna_data_01_mir/recover-20220825/UBNA_002/20220823_033000.WAV,Telephone Field,recover-20220825,002,1795
259.7425,259.7527,14296,19633,Nyctalus noctula,0.01,0.022,-1,Echolocation,/mnt/ubna_data_01_mir/recover-20220825/UBNA_002/20220823_033000.WAV,Telephone Field,recover-20220825,002,1795
259.7745,259.7811,26328,40113,Eptesicus serotinus,0.006,0.023,-1,Echolocation,/mnt/ubna_data_01_mir/recover-20220825/UBNA_002/20220823_033000.WAV,Telephone Field,recover-20220825,002,1795
259.7745,259.7816,32343,46200,Myotis daubentonii,0.009,0.022,-1,Echolocation,/mnt/ubna_data_01_mir/recover-20220825/UBNA_002/20220823_033000.WAV,Telephone Field,recover-20220825,002,1795
259.7925,259.8098,20312,23873,Nyctalus leisleri,0.012,0.021,-1,Echolocation,/mnt/ubna_data_01_mir/recover-20220825/UBNA_002/20220823_033000.WAV,Telephone Field,recover-20220825,002,1795
259.8135,259.8235,28906,35840,Eptesicus serotinus,0.012,0.025,-1,Echolocation,/mnt/ubna_data_01_mir/recover-20220825/UBNA_002/20220823_033000.WAV,Telephone Field,recover-20220825,002,1795
259.8205,259.861,68437,82705,Rhinolophus ferrumequinum,0.022,0.022,-1,Echolocation,/mnt/ubna_data_01_mir/recover-20220825/UBNA_002/20220823_033000.WAV,Telephone Field,recover-20220825,002,1795
259.8865,259.9285,68437,82821,Rhinolophus ferrumequinum,0.031,0.031,-1,Echolocation,/mnt/ubna_data_01_mir/recover-20220825/UBNA_002/20220823_033000.WAV,Telephone Field,recover-20220825,002,1795
259.9025,259.9099,28906,41906,Eptesicus serotinus,0.008,0.027,-1,Echolocation,/mnt/ubna_data_01_mir/recover-20220825/UBNA_002/20220823_033000.WAV,Telephone Field,recover-20220825,002,1795
259.9535,259.9938,68437,82239,Rhinolophus ferrumequinum,0.024,0.024,-1,Echolocation,/mnt/ubna_data_01_mir/recover-20220825/UBNA_002/20220823_033000.WAV,Telephone Field,recover-20220825,002,1795
259.9765,259.9857,28046,36999,Eptesicus serotinus,0.009,0.025,-1,Echolocation,/mnt/ubna_data_01_mir/recover-20220825/UBNA_002/20220823_033000.WAV,Telephone Field,recover-20220825,002,1795
260.0015,260.0353,68437,80587,Rhinolophus ferrumequinum,0.06,0.061,-1,Echolocation,/mnt/ubna_data_01_mir/recover-20220825/UBNA_002/20220823_033000.WAV,Telephone Field,recover-20220825,002,1795
260.0015,260.0137,47812,53415,Pipistrellus pipistrellus,0.018,0.028,-1,Echolocation,/mnt/ubna_data_01_mir/recover-20220825/UBNA_002/20220823_033000.WAV,Telephone Field,recover-20220825,002,1795
260.0015,260.009,26328,40488,Eptesicus serotinus,0.005,0.023,-1,Echolocation,/mnt/ubna_data_01_mir/recover-20220825/UBNA_002/20220823_033000.WAV,Telephone Field,recover-20220825,002,1795
260.0015,260.0155,19453,24320,Nyctalus noctula,0.011,0.027,-1,Echolocation,/mnt/ubna_data_01_mir/recover-20220825/UBNA_002/20220823_033000.WAV,Telephone Field,recover-20220825,002,1795
260.0075,260.0496,68437,82042,Rhinolophus ferrumequinum,0.025,0.025,-1,Echolocation,/mnt/ubna_data_01_mir/recover-20220825/UBNA_002/20220823_033000.WAV,Telephone Field,recover-20220825,002,1795
260.0605,260.0707,22890,29778,Nyctalus leisleri,0.009,0.026,-1,Echolocation,/mnt/ubna_data_01_mir/recover-20220825/UBNA_002/20220823_033000.WAV,Telephone Field,recover-20220825,002,1795
260.0835,260.1228,68437,82416,Rhinolophus ferrumequinum,0.023,0.023,-1,Echolocation,/mnt/ubna_data_01_mir/recover-20220825/UBNA_002/20220823_033000.WAV,Telephone Field,recover-20220825,002,1795
260.0995,260.11469999999997,22890,27144,Nyctalus leisleri,0.022,0.039,-1,Echolocation,/mnt/ubna_data_01_mir/recover-20220825/UBNA_002/20220823_033000.WAV,Telephone Field,recover-20220825,002,1795
260.1725,260.2131,68437,83203,Rhinolophus ferrumequinum,0.028,0.028,-1,Echolocation,/mnt/ubna_data_01_mir/recover-20220825/UBNA_002/20220823_033000.WAV,Telephone Field,recover-20220825,002,1795
260.1935,260.2039,28906,35968,Eptesicus serotinus,0.011,0.025,-1,Echolocation,/mnt/ubna_data_01_mir/recover-20220825/UBNA_002/20220823_033000.WAV,Telephone Field,recover-20220825,002,1795
260.2565,260.2657,46093,51060,Pipistrellus pipistrellus,0.021,0.024,-1,Echolocation,/mnt/ubna_data_01_mir/recover-20220825/UBNA_002/20220823_033000.WAV,Telephone Field,recover-20220825,002,1795
260.27049999999997,260.3083,68437,82030,Rhinolophus ferrumequinum,0.022,0.022,-1,Echolocation,/mnt/ubna_data_01_mir/recover-20220825/UBNA_002/20220823_033000.WAV,Telephone Field,recover-20220825,002,1795
260.3055,260.3438,68437,81911,Rhinolophus ferrumequinum,0.021,0.021,-1,Echolocation,/mnt/ubna_data_01_mir/recover-20220825/UBNA_002/20220823_033000.WAV,Telephone Field,recover-20220825,002,1795
260.3505,260.3882,68437,82127,Rhinolophus ferrumequinum,0.022,0.022,-1,Echolocation,/mnt/ubna_data_01_mir/recover-20220825/UBNA_002/20220823_033000.WAV,Telephone Field,recover-20220825,002,1795
260.3825,260.4229,68437,82695,Rhinolophus ferrumequinum,0.022,0.022,-1,Echolocation,/mnt/ubna_data_01_mir/recover-20220825/UBNA_002/20220823_033000.WAV,Telephone Field,recover-20220825,002,1795
260.4025,260.4122,28906,35639,Eptesicus serotinus,0.011,0.023,-1,Echolocation,/mnt/ubna_data_01_mir/recover-20220825/UBNA_002/20220823_033000.WAV,Telephone Field,recover-20220825,002,1795
260.4035,260.4385,68437,82023,Rhinolophus ferrumequinum,0.023,0.023,-1,Echolocation,/mnt/ubna_data_01_mir/recover-20220825/UBNA_002/20220823_033000.WAV,Telephone Field,recover-20220825,002,1795
260.4295,260.4659,68437,81993,Rhinolophus ferrumequinum,0.023,0.023,-1,Echolocation,/mnt/ubna_data_01_mir/recover-20220825/UBNA_002/20220823_033000.WAV,Telephone Field,recover-20220825,002,1795
260.4415,260.4521,23750,30349,Nyctalus leisleri,0.009,0.025,-1,Echolocation,/mnt/ubna_data_01_mir/recover-20220825/UBNA_002/20220823_033000.WAV,Telephone Field,recover-20220825,002,1795
260.4595,260.4947,68437,81644,Rhinolophus ferrumequinum,0.022,0.022,-1,Echolocation,/mnt/ubna_data_01_mir/recover-20220825/UBNA_002/20220823_033000.WAV,Telephone Field,recover-20220825,002,1795
260.4655,260.5025,68437,82253,Rhinolophus ferrumequinum,0.022,0.022,-1,Echolocation,/mnt/ubna_data_01_mir/recover-20220825/UBNA_002/20220823_033000.WAV,Telephone Field,recover-20220825,002,1795
260.4935,260.5006,28906,38457,Eptesicus serotinus,0.008,0.022,-1,Echolocation,/mnt/ubna_data_01_mir/recover-20220825/UBNA_002/20220823_033000.WAV,Telephone Field,recover-20220825,002,1795
260.5415,260.5842,68437,82781,Rhinolophus ferrumequinum,0.033,0.033,-1,Echolocation,/mnt/ubna_data_01_mir/recover-20220825/UBNA_002/20220823_033000.WAV,Telephone Field,recover-20220825,002,1795
260.5495,260.5871,68437,81762,Rhinolophus ferrumequinum,0.023,0.023,-1,Echolocation,/mnt/ubna_data_01_mir/recover-20220825/UBNA_002/20220823_033000.WAV,Telephone Field,recover-20220825,002,1795
260.5585,260.5703,26328,33377,Eptesicus serotinus,0.011,0.022,-1,Echolocation,/mnt/ubna_data_01_mir/recover-20220825/UBNA_002/20220823_033000.WAV,Telephone Field,recover-20220825,002,1795
260.5675,260.5773,24609,32072,Nyctalus leisleri,0.007,0.022,-1,Echolocation,/mnt/ubna_data_01_mir/recover-20220825/UBNA_002/20220823_033000.WAV,Telephone Field,recover-20220825,002,1795
260.5725,260.6089,68437,81519,Rhinolophus ferrumequinum,0.023,0.023,-1,Echolocation,/mnt/ubna_data_01_mir/recover-20220825/UBNA_002/20220823_033000.WAV,Telephone Field,recover-20220825,002,1795
260.6035,260.61220000000003,25468,33225,Eptesicus serotinus,0.008,0.024,-1,Echolocation,/mnt/ubna_data_01_mir/recover-20220825/UBNA_002/20220823_033000.WAV,Telephone Field,recover-20220825,002,1795
260.6365,260.6453,23750,32207,Plecotus austriacus,0.007,0.023,-1,Echolocation,/mnt/ubna_data_01_mir/recover-20220825/UBNA_002/20220823_033000.WAV,Telephone Field,recover-20220825,002,1795
260.6465,260.6869,68437,82326,Rhinolophus ferrumequinum,0.023,0.023,-1,Echolocation,/mnt/ubna_data_01_mir/recover-20220825/UBNA_002/20220823_033000.WAV,Telephone Field,recover-20220825,002,1795
260.6725,260.6825,28046,38051,Eptesicus serotinus,0.013,0.026,-1,Echolocation,/mnt/ubna_data_01_mir/recover-20220825/UBNA_002/20220823_033000.WAV,Telephone Field,recover-20220825,002,1795
260.6925,260.7032,23750,30183,Nyctalus leisleri,0.009,0.023,-1,Echolocation,/mnt/ubna_data_01_mir/recover-20220825/UBNA_002/20220823_033000.WAV,Telephone Field,recover-20220825,002,1795
260.7185,260.7265,46953,50269,Pipistrellus pipistrellus,0.02,0.021,-1,Echolocation,/mnt/ubna_data_01_mir/recover-20220825/UBNA_002/20220823_033000.WAV,Telephone Field,recover-20220825,002,1795
260.8155,260.8534,68437,82141,Rhinolophus ferrumequinum,0.023,0.023,-1,Echolocation,/mnt/ubna_data_01_mir/recover-20220825/UBNA_002/20220823_033000.WAV,Telephone Field,recover-20220825,002,1795
260.8335,260.8525,19453,22570,Nyctalus leisleri,0.013,0.029,-1,Echolocation,/mnt/ubna_data_01_mir/recover-20220825/UBNA_002/20220823_033000.WAV,Telephone Field,recover-20220825,002,1795
260.8475,260.8846,68437,82129,Rhinolophus ferrumequinum,0.024,0.024,-1,Echolocation,/mnt/ubna_data_01_mir/recover-20220825/UBNA_002/20220823_033000.WAV,Telephone Field,recover-20220825,002,1795
260.8835,260.8953,22890,27777,Nyctalus leisleri,0.016,0.039,-1,Echolocation,/mnt/ubna_data_01_mir/recover-20220825/UBNA_002/20220823_033000.WAV,Telephone Field,recover-20220825,002,1795
260.91949999999997,260.95799999999997,68437,81928,Rhinolophus ferrumequinum,0.021,0.021,-1,Echolocation,/mnt/ubna_data_01_mir/recover-20220825/UBNA_002/20220823_033000.WAV,Telephone Field,recover-20220825,002,1795
260.9235,260.9326,22031,27864,Plecotus austriacus,0.007,0.021,-1,Echolocation,/mnt/ubna_data_01_mir/recover-20220825/UBNA_002/20220823_033000.WAV,Telephone Field,recover-20220825,002,1795
260.9325,260.9511,16015,20454,Nyctalus noctula,0.016,0.022,-1,Echolocation,/mnt/ubna_data_01_mir/recover-20220825/UBNA_002/20220823_033000.WAV,Telephone Field,recover-20220825,002,1795
260.9455,260.9828,68437,81253,Rhinolophus ferrumequinum,0.022,0.022,-1,Echolocation,/mnt/ubna_data_01_mir/recover-20220825/UBNA_002/20220823_033000.WAV,Telephone Field,recover-20220825,002,1795
260.9675,261.0047,68437,81962,Rhinolophus ferrumequinum,0.022,0.022,-1,Echolocation,/mnt/ubna_data_01_mir/recover-20220825/UBNA_002/20220823_033000.WAV,Telephone Field,recover-20220825,002,1795
261.0155,261.0272,22890,27765,Nyctalus leisleri,0.013,0.027,-1,Echolocation,/mnt/ubna_data_01_mir/recover-20220825/UBNA_002/20220823_033000.WAV,Telephone Field,recover-20220825,002,1795
261.0465,261.0566,28046,38328,Eptesicus serotinus,0.01,0.022,-1,Echolocation,/mnt/ubna_data_01_mir/recover-20220825/UBNA_002/20220823_033000.WAV,Telephone Field,recover-20220825,002,1795
261.0775,261.1149,68437,81865,Rhinolophus ferrumequinum,0.022,0.022,-1,Echolocation,/mnt/ubna_data_01_mir/recover-20220825/UBNA_002/20220823_033000.WAV,Telephone Field,recover-20220825,002,1795
261.0825,261.0915,24609,32655,Eptesicus serotinus,0.008,0.023,-1,Echolocation,/mnt/ubna_data_01_mir/recover-20220825/UBNA_002/20220823_033000.WAV,Telephone Field,recover-20220825,002,1795
261.0905,261.0989,27187,39003,Eptesicus serotinus,0.008,0.021,-1,Echolocation,/mnt/ubna_data_01_mir/recover-20220825/UBNA_002/20220823_033000.WAV,Telephone Field,recover-20220825,002,1795
261.1205,261.1594,68437,81864,Rhinolophus ferrumequinum,0.023,0.023,-1,Echolocation,/mnt/ubna_data_01_mir/recover-20220825/UBNA_002/20220823_033000.WAV,Telephone Field,recover-20220825,002,1795
261.1235,261.1323,26328,34755,Eptesicus serotinus,0.008,0.022,-1,Echolocation,/mnt/ubna_data_01_mir/recover-20220825/UBNA_002/20220823_033000.WAV,Telephone Field,recover-20220825,002,1795
261.1525,261.1884,68437,80671,Rhinolophus ferrumequinum,0.023,0.024,-1,Echolocation,/mnt/ubna_data_01_mir/recover-20220825/UBNA_002/20220823_033000.WAV,Telephone Field,recover-20220825,002,1795
261.1555,261.1659,28046,36284,Eptesicus serotinus,0.023,0.039,-1,Echolocation,/mnt/ubna_data_01_mir/recover-20220825/UBNA_002/20220823_033000.WAV,Telephone Field,recover-20220825,002,1795
261.1755,261.2147,68437,82460,Rhinolophus ferrumequinum,0.025,0.025,-1,Echolocation,/mnt/ubna_data_01_mir/recover-20220825/UBNA_002/20220823_033000.WAV,Telephone Field,recover-20220825,002,1795
261.1885,261.2297,68437,82550,Rhinolophus ferrumequinum,0.026,0.026,-1,Echolocation,/mnt/ubna_data_01_mir/recover-20220825/UBNA_002/20220823_033000.WAV,Telephone Field,recover-20220825,002,1795
261.2285,261.2478,17734,20905,Nyctalus noctula,0.011,0.022,-1,Echolocation,/mnt/ubna_data_01_mir/recover-20220825/UBNA_002/20220823_033000.WAV,Telephone Field,recover-20220825,002,1795
261.2305,261.2693,68437,81906,Rhinolophus ferrumequinum,0.023,0.023,-1,Echolocation,/mnt/ubna_data_01_mir/recover-20220825/UBNA_002/20220823_033000.WAV,Telephone Field,recover-20220825,002,1795
261.2355,261.2432,28906,39856,Eptesicus serotinus,0.007,0.023,-1,Echolocation,/mnt/ubna_data_01_mir/recover-20220825/UBNA_002/20220823_033000.WAV,Telephone Field,recover-20220825,002,1795
261.2625,261.3046,68437,83189,Rhinolophus ferrumequinum,0.037,0.037,-1,Echolocation,/mnt/ubna_data_01_mir/recover-20220825/UBNA_002/20220823_033000.WAV,Telephone Field,recover-20220825,002,1795
261.27049999999997,261.2813,23750,29556,Nyctalus leisleri,0.014,0.033,-1,Echolocation,/mnt/ubna_data_01_mir/recover-20220825/UBNA_002/20220823_033000.WAV,Telephone Field,recover-20220825,002,1795
261.2795,261.3188,68437,82489,Rhinolophus ferrumequinum,0.021,0.021,-1,Echolocation,/mnt/ubna_data_01_mir/recover-20220825/UBNA_002/20220823_033000.WAV,Telephone Field,recover-20220825,002,1795
261.2995,261.3113,24609,30637,Nyctalus leisleri,0.012,0.032,-1,Echolocation,/mnt/ubna_data_01_mir/recover-20220825/UBNA_002/20220823_033000.WAV,Telephone Field,recover-20220825,002,1795
261.3075,261.3173,28046,36235,Eptesicus serotinus,0.01,0.025,-1,Echolocation,/mnt/ubna_data_01_mir/recover-20220825/UBNA_002/20220823_033000.WAV,Telephone Field,recover-20220825,002,1795
261.3185,261.3288,28906,37305,Eptesicus serotinus,0.01,0.022,-1,Echolocation,/mnt/ubna_data_01_mir/recover-20220825/UBNA_002/20220823_033000.WAV,Telephone Field,recover-20220825,002,1795
261.3425,261.3835,68437,82633,Rhinolophus ferrumequinum,0.029,0.029,-1,Echolocation,/mnt/ubna_data_01_mir/recover-20220825/UBNA_002/20220823_033000.WAV,Telephone Field,recover-20220825,002,1795
261.39549999999997,261.4038,28906,37810,Eptesicus serotinus,0.019,0.038,-1,Echolocation,/mnt/ubna_data_01_mir/recover-20220825/UBNA_002/20220823_033000.WAV,Telephone Field,recover-20220825,002,1795
261.4145,261.4557,68437,83115,Rhinolophus ferrumequinum,0.029,0.029,-1,Echolocation,/mnt/ubna_data_01_mir/recover-20220825/UBNA_002/20220823_033000.WAV,Telephone Field,recover-20220825,002,1795
261.4365,261.4729,68437,81537,Rhinolophus ferrumequinum,0.021,0.021,-1,Echolocation,/mnt/ubna_data_01_mir/recover-20220825/UBNA_002/20220823_033000.WAV,Telephone Field,recover-20220825,002,1795
261.4595,261.49739999999997,68437,81695,Rhinolophus ferrumequinum,0.021,0.021,-1,Echolocation,/mnt/ubna_data_01_mir/recover-20220825/UBNA_002/20220823_033000.WAV,Telephone Field,recover-20220825,002,1795
261.4735,261.4861,32343,36270,Eptesicus serotinus,0.01,0.031,-1,Echolocation,/mnt/ubna_data_01_mir/recover-20220825/UBNA_002/20220823_033000.WAV,Telephone Field,recover-20220825,002,1795
261.4965,261.5063,24609,30871,Nyctalus leisleri,0.014,0.042,-1,Echolocation,/mnt/ubna_data_01_mir/recover-20220825/UBNA_002/20220823_033000.WAV,Telephone Field,recover-20220825,002,1795
261.5435,261.5833,68437,82798,Rhinolophus ferrumequinum,0.024,0.024,-1,Echolocation,/mnt/ubna_data_01_mir/recover-20220825/UBNA_002/20220823_033000.WAV,Telephone Field,recover-20220825,002,1795
261.5525,261.592,68437,82528,Rhinolophus ferrumequinum,0.021,0.021,-1,Echolocation,/mnt/ubna_data_01_mir/recover-20220825/UBNA_002/20220823_033000.WAV,Telephone Field,recover-20220825,002,1795
261.5555,261.5663,23750,29873,Nyctalus leisleri,0.009,0.022,-1,Echolocation,/mnt/ubna_data_01_mir/recover-20220825/UBNA_002/20220823_033000.WAV,Telephone Field,recover-20220825,002,1795
261.5905,261.6278,68437,82027,Rhinolophus ferrumequinum,0.021,0.021,-1,Echolocation,/mnt/ubna_data_01_mir/recover-20220825/UBNA_002/20220823_033000.WAV,Telephone Field,recover-20220825,002,1795
261.5945,261.6008,28906,38909,Eptesicus serotinus,0.009,0.033,-1,Echolocation,/mnt/ubna_data_01_mir/recover-20220825/UBNA_002/20220823_033000.WAV,Telephone Field,recover-20220825,002,1795
261.5965,261.6346,68437,82289,Rhinolophus ferrumequinum,0.021,0.021,-1,Echolocation,/mnt/ubna_data_01_mir/recover-20220825/UBNA_002/20220823_033000.WAV,Telephone Field,recover-20220825,002,1795
261.6385,261.653,23750,28677,Nyctalus leisleri,0.017,0.033,-1,Echolocation,/mnt/ubna_data_01_mir/recover-20220825/UBNA_002/20220823_033000.WAV,Telephone Field,recover-20220825,002,1795
261.6945,261.7063,22890,27159,Nyctalus leisleri,0.014,0.026,-1,Echolocation,/mnt/ubna_data_01_mir/recover-20220825/UBNA_002/20220823_033000.WAV,Telephone Field,recover-20220825,002,1795
261.7085,261.7246,21171,24433,Nyctalus leisleri,0.015,0.023,-1,Echolocation,/mnt/ubna_data_01_mir/recover-20220825/UBNA_002/20220823_033000.WAV,Telephone Field,recover-20220825,002,1795
261.7125,261.7225,41796,47883,Pipistrellus nathusii,0.008,0.023,-1,Echolocation,/mnt/ubna_data_01_mir/recover-20220825/UBNA_002/20220823_033000.WAV,Telephone Field,recover-20220825,002,1795
261.8065,261.8158,29765,36074,Eptesicus serotinus,0.012,0.027,-1,Echolocation,/mnt/ubna_data_01_mir/recover-20220825/UBNA_002/20220823_033000.WAV,Telephone Field,recover-20220825,002,1795
261.8365,261.8745,68437,81977,Rhinolophus ferrumequinum,0.021,0.021,-1,Echolocation,/mnt/ubna_data_01_mir/recover-20220825/UBNA_002/20220823_033000.WAV,Telephone Field,recover-20220825,002,1795
261.8435,261.8531,21171,26385,Plecotus austriacus,0.009,0.023,-1,Echolocation,/mnt/ubna_data_01_mir/recover-20220825/UBNA_002/20220823_033000.WAV,Telephone Field,recover-20220825,002,1795
261.8565,261.8953,68437,82001,Rhinolophus ferrumequinum,0.021,0.021,-1,Echolocation,/mnt/ubna_data_01_mir/recover-20220825/UBNA_002/20220823_033000.WAV,Telephone Field,recover-20220825,002,1795
261.8575,261.8676,24609,31584,Nyctalus leisleri,0.008,0.022,-1,Echolocation,/mnt/ubna_data_01_mir/recover-20220825/UBNA_002/20220823_033000.WAV,Telephone Field,recover-20220825,002,1795
261.8765,261.8845,26328,34796,Eptesicus serotinus,0.009,0.022,-1,Echolocation,/mnt/ubna_data_01_mir/recover-20220825/UBNA_002/20220823_033000.WAV,Telephone Field,recover-20220825,002,1795
261.8845,261.9233,68437,82184,Rhinolophus ferrumequinum,0.023,0.023,-1,Echolocation,/mnt/ubna_data_01_mir/recover-20220825/UBNA_002/20220823_033000.WAV,Telephone Field,recover-20220825,002,1795
261.9005,261.9069,27187,38177,Eptesicus serotinus,0.01,0.039,-1,Echolocation,/mnt/ubna_data_01_mir/recover-20220825/UBNA_002/20220823_033000.WAV,Telephone Field,recover-20220825,002,1795
261.9095,261.9464,68437,81454,Rhinolophus ferrumequinum,0.023,0.024,-1,Echolocation,/mnt/ubna_data_01_mir/recover-20220825/UBNA_002/20220823_033000.WAV,Telephone Field,recover-20220825,002,1795
261.9225,261.9312,28046,40475,Eptesicus serotinus,0.009,0.021,-1,Echolocation,/mnt/ubna_data_01_mir/recover-20220825/UBNA_002/20220823_033000.WAV,Telephone Field,recover-20220825,002,1795
261.9315,261.9708,68437,82729,Rhinolophus ferrumequinum,0.024,0.024,-1,Echolocation,/mnt/ubna_data_01_mir/recover-20220825/UBNA_002/20220823_033000.WAV,Telephone Field,recover-20220825,002,1795
261.9335,261.9408,28046,35915,Eptesicus serotinus,0.018,0.046,-1,Echolocation,/mnt/ubna_data_01_mir/recover-20220825/UBNA_002/20220823_033000.WAV,Telephone Field,recover-20220825,002,1795
261.9545,261.9655,44375,50063,Pipistrellus pipistrellus,0.018,0.021,-1,Echolocation,/mnt/ubna_data_01_mir/recover-20220825/UBNA_002/20220823_033000.WAV,Telephone Field,recover-20220825,002,1795
262.0015,262.0098,24609,34792,Nyctalus leisleri,0.007,0.025,-1,Echolocation,/mnt/ubna_data_01_mir/recover-20220825/UBNA_002/20220823_033000.WAV,Telephone Field,recover-20220825,002,1795
262.0015,262.0312,68437,79448,Rhinolophus ferrumequinum,0.031,0.031,-1,Echolocation,/mnt/ubna_data_01_mir/recover-20220825/UBNA_002/20220823_033000.WAV,Telephone Field,recover-20220825,002,1795
262.0015,262.0116,47812,55505,Pipistrellus pipistrellus,0.026,0.034,-1,Echolocation,/mnt/ubna_data_01_mir/recover-20220825/UBNA_002/20220823_033000.WAV,Telephone Field,recover-20220825,002,1795
262.0015,262.0118,12578,21456,Nyctalus leisleri,0.019,0.026,-1,Echolocation,/mnt/ubna_data_01_mir/recover-20220825/UBNA_002/20220823_033000.WAV,Telephone Field,recover-20220825,002,1795
262.0015,262.0156,54687,61290,Pipistrellus pygmaeus,0.02,0.025,-1,Echolocation,/mnt/ubna_data_01_mir/recover-20220825/UBNA_002/20220823_033000.WAV,Telephone Field,recover-20220825,002,1795
262.04449999999997,262.0529,28046,39224,Eptesicus serotinus,0.008,0.024,-1,Echolocation,/mnt/ubna_data_01_mir/recover-20220825/UBNA_002/20220823_033000.WAV,Telephone Field,recover-20220825,002,1795
262.0675,262.1065,68437,81801,Rhinolophus ferrumequinum,0.025,0.025,-1,Echolocation,/mnt/ubna_data_01_mir/recover-20220825/UBNA_002/20220823_033000.WAV,Telephone Field,recover-20220825,002,1795
262.0735,262.0818,46093,52191,Pipistrellus pipistrellus,0.052,0.054,-1,Echolocation,/mnt/ubna_data_01_mir/recover-20220825/UBNA_002/20220823_033000.WAV,Telephone Field,recover-20220825,002,1795
262.0755,262.1179,68437,83039,Rhinolophus ferrumequinum,0.026,0.026,-1,Echolocation,/mnt/ubna_data_01_mir/recover-20220825/UBNA_002/20220823_033000.WAV,Telephone Field,recover-20220825,002,1795
262.1125,262.1517,68437,82464,Rhinolophus ferrumequinum,0.026,0.026,-1,Echolocation,/mnt/ubna_data_01_mir/recover-20220825/UBNA_002/20220823_033000.WAV,Telephone Field,recover-20220825,002,1795
262.1235,262.1619,68437,81947,Rhinolophus ferrumequinum,0.022,0.022,-1,Echolocation,/mnt/ubna_data_01_mir/recover-20220825/UBNA_002/20220823_033000.WAV,Telephone Field,recover-20220825,002,1795
262.1305,262.1372,27187,39888,Eptesicus serotinus,0.007,0.029,-1,Echolocation,/mnt/ubna_data_01_mir/recover-20220825/UBNA_002/20220823_033000.WAV,Telephone Field,recover-20220825,002,1795
262.1755,262.2151,68437,82363,Rhinolophus ferrumequinum,0.022,0.022,-1,Echolocation,/mnt/ubna_data_01_mir/recover-20220825/UBNA_002/20220823_033000.WAV,Telephone Field,recover-20220825,002,1795
262.1945,262.2337,68437,82391,Rhinolophus ferrumequinum,0.022,0.022,-1,Echolocation,/mnt/ubna_data_01_mir/recover-20220825/UBNA_002/20220823_033000.WAV,Telephone Field,recover-20220825,002,1795
262.2305,262.2376,28906,37565,Eptesicus serotinus,0.032,0.064,-1,Echolocation,/mnt/ubna_data_01_mir/recover-20220825/UBNA_002/20220823_033000.WAV,Telephone Field,recover-20220825,002,1795
262.2405,262.2515,28906,36020,Eptesicus serotinus,0.02,0.034,-1,Echolocation,/mnt/ubna_data_01_mir/recover-20220825/UBNA_002/20220823_033000.WAV,Telephone Field,recover-20220825,002,1795
262.2555,262.2933,68437,82119,Rhinolophus ferrumequinum,0.025,0.025,-1,Echolocation,/mnt/ubna_data_01_mir/recover-20220825/UBNA_002/20220823_033000.WAV,Telephone Field,recover-20220825,002,1795
262.2555,262.265,54687,59388,Pipistrellus pygmaeus,0.029,0.03,-1,Echolocation,/mnt/ubna_data_01_mir/recover-20220825/UBNA_002/20220823_033000.WAV,Telephone Field,recover-20220825,002,1795
262.2795,262.2855,24609,35486,Plecotus austriacus,0.018,0.036,-1,Echolocation,/mnt/ubna_data_01_mir/recover-20220825/UBNA_002/20220823_033000.WAV,Telephone Field,recover-20220825,002,1795
262.2995,262.3081,28046,37446,Eptesicus serotinus,0.008,0.022,-1,Echolocation,/mnt/ubna_data_01_mir/recover-20220825/UBNA_002/20220823_033000.WAV,Telephone Field,recover-20220825,002,1795
262.3245,262.3614,68437,81208,Rhinolophus ferrumequinum,0.026,0.026,-1,Echolocation,/mnt/ubna_data_01_mir/recover-20220825/UBNA_002/20220823_033000.WAV,Telephone Field,recover-20220825,002,1795
262.33050000000003,262.3376,26328,35862,Plecotus austriacus,0.007,0.026,-1,Echolocation,/mnt/ubna_data_01_mir/recover-20220825/UBNA_002/20220823_033000.WAV,Telephone Field,recover-20220825,002,1795
262.3355,262.3731,68437,82379,Rhinolophus ferrumequinum,0.023,0.023,-1,Echolocation,/mnt/ubna_data_01_mir/recover-20220825/UBNA_002/20220823_033000.WAV,Telephone Field,recover-20220825,002,1795
262.4345,262.4429,28046,39606,Eptesicus serotinus,0.008,0.022,-1,Echolocation,/mnt/ubna_data_01_mir/recover-20220825/UBNA_002/20220823_033000.WAV,Telephone Field,recover-20220825,002,1795
262.4475,262.4875,68437,82672,Rhinolophus ferrumequinum,0.025,0.025,-1,Echolocation,/mnt/ubna_data_01_mir/recover-20220825/UBNA_002/20220823_033000.WAV,Telephone Field,recover-20220825,002,1795
262.4645,262.5028,68437,82396,Rhinolophus ferrumequinum,0.024,0.024,-1,Echolocation,/mnt/ubna_data_01_mir/recover-20220825/UBNA_002/20220823_033000.WAV,Telephone Field,recover-20220825,002,1795
262.4735,262.4822,28046,38413,Eptesicus serotinus,0.008,0.022,-1,Echolocation,/mnt/ubna_data_01_mir/recover-20220825/UBNA_002/20220823_033000.WAV,Telephone Field,recover-20220825,002,1795
262.5075,262.5448,68437,81719,Rhinolophus ferrumequinum,0.022,0.022,-1,Echolocation,/mnt/ubna_data_01_mir/recover-20220825/UBNA_002/20220823_033000.WAV,Telephone Field,recover-20220825,002,1795
262.5155,262.5558,68437,82603,Rhinolophus ferrumequinum,0.022,0.022,-1,Echolocation,/mnt/ubna_data_01_mir/recover-20220825/UBNA_002/20220823_033000.WAV,Telephone Field,recover-20220825,002,1795
262.5255,262.5654,68437,82786,Rhinolophus ferrumequinum,0.028,0.028,-1,Echolocation,/mnt/ubna_data_01_mir/recover-20220825/UBNA_002/20220823_033000.WAV,Telephone Field,recover-20220825,002,1795
262.5365,262.5764,68437,81929,Rhinolophus ferrumequinum,0.024,0.024,-1,Echolocation,/mnt/ubna_data_01_mir/recover-20220825/UBNA_002/20220823_033000.WAV,Telephone Field,recover-20220825,002,1795
262.5455,262.5859,68437,82458,Rhinolophus ferrumequinum,0.022,0.022,-1,Echolocation,/mnt/ubna_data_01_mir/recover-20220825/UBNA_002/20220823_033000.WAV,Telephone Field,recover-20220825,002,1795
262.5725,262.6134,68437,82363,Rhinolophus ferrumequinum,0.027,0.027,-1,Echolocation,/mnt/ubna_data_01_mir/recover-20220825/UBNA_002/20220823_033000.WAV,Telephone Field,recover-20220825,002,1795
262.5905,262.5988,28906,38841,Eptesicus serotinus,0.009,0.025,-1,Echolocation,/mnt/ubna_data_01_mir/recover-20220825/UBNA_002/20220823_033000.WAV,Telephone Field,recover-20220825,002,1795
262.6035,262.6437,68437,82762,Rhinolophus ferrumequinum,0.029,0.029,-1,Echolocation,/mnt/ubna_data_01_mir/recover-20220825/UBNA_002/20220823_033000.WAV,Telephone Field,recover-20220825,002,1795
262.6295,262.6685,68437,82435,Rhinolophus ferrumequinum,0.024,0.024,-1,Echolocation,/mnt/ubna_data_01_mir/recover-20220825/UBNA_002/20220823_033000.WAV,Telephone Field,recover-20220825,002,1795
262.6485,262.6855,68437,81458,Rhinolophus ferrumequinum,0.022,0.022,-1,Echolocation,/mnt/ubna_data_01_mir/recover-20220825/UBNA_002/20220823_033000.WAV,Telephone Field,recover-20220825,002,1795
262.6535,262.6639,28906,37548,Eptesicus serotinus,0.011,0.025,-1,Echolocation,/mnt/ubna_data_01_mir/recover-20220825/UBNA_002/20220823_033000.WAV,Telephone Field,recover-20220825,002,1795
262.7005,262.7377,68437,80909,Rhinolophus ferrumequinum,0.031,0.031,-1,Echolocation,/mnt/ubna_data_01_mir/recover-20220825/UBNA_002/20220823_033000.WAV,Telephone Field,recover-20220825,002,1795
262.7115,262.7515,68437,82357,Rhinolophus ferrumequinum,0.022,0.022,-1,Echolocation,/mnt/ubna_data_01_mir/recover-20220825/UBNA_002/20220823_033000.WAV,Telephone Field,recover-20220825,002,1795
262.7415,262.7818,68437,82712,Rhinolophus ferrumequinum,0.023,0.023,-1,Echolocation,/mnt/ubna_data_01_mir/recover-20220825/UBNA_002/20220823_033000.WAV,Telephone Field,recover-20220825,002,1795
262.7895,262.8109,19453,22182,Nyctalus leisleri,0.013,0.024,-1,Echolocation,/mnt/ubna_data_01_mir/recover-20220825/UBNA_002/20220823_033000.WAV,Telephone Field,recover-20220825,002,1795
262.8115,262.8227,27187,34448,Eptesicus serotinus,0.012,0.023,-1,Echolocation,/mnt/ubna_data_01_mir/recover-20220825/UBNA_002/20220823_033000.WAV,Telephone Field,recover-20220825,002,1795
262.8175,262.8591,68437,82655,Rhinolophus ferrumequinum,0.023,0.023,-1,Echolocation,/mnt/ubna_data_01_mir/recover-20220825/UBNA_002/20220823_033000.WAV,Telephone Field,recover-20220825,002,1795
262.8205,262.8318,25468,31919,Eptesicus serotinus,0.01,0.023,-1,Echolocation,/mnt/ubna_data_01_mir/recover-20220825/UBNA_002/20220823_033000.WAV,Telephone Field,recover-20220825,002,1795
262.8445,262.8847,68437,82483,Rhinolophus ferrumequinum,0.022,0.022,-1,Echolocation,/mnt/ubna_data_01_mir/recover-20220825/UBNA_002/20220823_033000.WAV,Telephone Field,recover-20220825,002,1795
262.8835,262.89,27187,41242,Eptesicus serotinus,0.007,0.026,-1,Echolocation,/mnt/ubna_data_01_mir/recover-20220825/UBNA_002/20220823_033000.WAV,Telephone Field,recover-20220825,002,1795
262.8945,262.9348,68437,81776,Rhinolophus ferrumequinum,0.025,0.025,-1,Echolocation,/mnt/ubna_data_01_mir/recover-20220825/UBNA_002/20220823_033000.WAV,Telephone Field,recover-20220825,002,1795
262.9115,262.9244,22031,26805,Nyctalus leisleri,0.012,0.022,-1,Echolocation,/mnt/ubna_data_01_mir/recover-20220825/UBNA_002/20220823_033000.WAV,Telephone Field,recover-20220825,002,1795
262.9635,262.9716,29765,39814,Eptesicus serotinus,0.007,0.024,-1,Echolocation,/mnt/ubna_data_01_mir/recover-20220825/UBNA_002/20220823_033000.WAV,Telephone Field,recover-20220825,002,1795
262.9725,263.0117,68437,82320,Rhinolophus ferrumequinum,0.022,0.022,-1,Echolocation,/mnt/ubna_data_01_mir/recover-20220825/UBNA_002/20220823_033000.WAV,Telephone Field,recover-20220825,002,1795
262.9965,263.0355,68437,81816,Rhinolophus ferrumequinum,0.022,0.022,-1,Echolocation,/mnt/ubna_data_01_mir/recover-20220825/UBNA_002/20220823_033000.WAV,Telephone Field,recover-20220825,002,1795
263.0015,263.0117,22031,27025,Nyctalus leisleri,0.011,0.025,-1,Echolocation,/mnt/ubna_data_01_mir/recover-20220825/UBNA_002/20220823_033000.WAV,Telephone Field,recover-20220825,002,1795
263.0435,263.0804,68437,82062,Rhinolophus ferrumequinum,0.022,0.022,-1,Echolocation,/mnt/ubna_data_01_mir/recover-20220825/UBNA_002/20220823_033000.WAV,Telephone Field,recover-20220825,002,1795
263.0635,263.0724,27187,36306,Eptesicus serotinus,0.008,0.023,-1,Echolocation,/mnt/ubna_data_01_mir/recover-20220825/UBNA_002/20220823_033000.WAV,Telephone Field,recover-20220825,002,1795
263.0745,263.113,68437,82224,Rhinolophus ferrumequinum,0.034,0.034,-1,Echolocation,/mnt/ubna_data_01_mir/recover-20220825/UBNA_002/20220823_033000.WAV,Telephone Field,recover-20220825,002,1795
263.08050000000003,263.0883,51250,57587,Pipistrellus pipistrellus,0.031,0.035,-1,Echolocation,/mnt/ubna_data_01_mir/recover-20220825/UBNA_002/20220823_033000.WAV,Telephone Field,recover-20220825,002,1795
263.1215,263.1331,22890,28039,Nyctalus leisleri,0.019,0.036,-1,Echolocation,/mnt/ubna_data_01_mir/recover-20220825/UBNA_002/20220823_033000.WAV,Telephone Field,recover-20220825,002,1795
263.1415,263.1547,27187,33395,Eptesicus serotinus,0.025,0.042,-1,Echolocation,/mnt/ubna_data_01_mir/recover-20220825/UBNA_002/20220823_033000.WAV,Telephone Field,recover-20220825,002,1795
263.1445,263.1851,68437,82792,Rhinolophus ferrumequinum,0.026,0.026,-1,Echolocation,/mnt/ubna_data_01_mir/recover-20220825/UBNA_002/20220823_033000.WAV,Telephone Field,recover-20220825,002,1795
263.1465,263.158,45234,48778,Pipistrellus pipistrellus,0.053,0.055,-1,Echolocation,/mnt/ubna_data_01_mir/recover-20220825/UBNA_002/20220823_033000.WAV,Telephone Field,recover-20220825,002,1795
263.1945,263.2318,68437,82396,Rhinolophus ferrumequinum,0.022,0.022,-1,Echolocation,/mnt/ubna_data_01_mir/recover-20220825/UBNA_002/20220823_033000.WAV,Telephone Field,recover-20220825,002,1795
263.2175,263.2584,68437,82534,Rhinolophus ferrumequinum,0.033,0.033,-1,Echolocation,/mnt/ubna_data_01_mir/recover-20220825/UBNA_002/20220823_033000.WAV,Telephone Field,recover-20220825,002,1795
263.2275,263.2367,23750,31053,Nyctalus leisleri,0.007,0.022,-1,Echolocation,/mnt/ubna_data_01_mir/recover-20220825/UBNA_002/20220823_033000.WAV,Telephone Field,recover-20220825,002,1795
263.22950000000003,263.27049999999997,68437,82213,Rhinolophus ferrumequinum,0.025,0.025,-1,Echolocation,/mnt/ubna_data_01_mir/recover-20220825/UBNA_002/20220823_033000.WAV,Telephone Field,recover-20220825,002,1795
263.2555,263.2657,33203,39276,Eptesicus serotinus,0.006,0.023,-1,Echolocation,/mnt/ubna_data_01_mir/recover-20220825/UBNA_002/20220823_033000.WAV,Telephone Field,recover-20220825,002,1795
263.2775,263.31759999999997,68437,82660,Rhinolophus ferrumequinum,0.023,0.023,-1,Echolocation,/mnt/ubna_data_01_mir/recover-20220825/UBNA_002/20220823_033000.WAV,Telephone Field,recover-20220825,002,1795
263.3265,263.3644,68437,82039,Rhinolophus ferrumequinum,0.025,0.025,-1,Echolocation,/mnt/ubna_data_01_mir/recover-20220825/UBNA_002/20220823_033000.WAV,Telephone Field,recover-20220825,002,1795
263.3525,263.3898,68437,81933,Rhinolophus ferrumequinum,0.022,0.022,-1,Echolocation,/mnt/ubna_data_01_mir/recover-20220825/UBNA_002/20220823_033000.WAV,Telephone Field,recover-20220825,002,1795
263.3965,263.4088,22031,25980,Nyctalus leisleri,0.016,0.031,-1,Echolocation,/mnt/ubna_data_01_mir/recover-20220825/UBNA_002/20220823_033000.WAV,Telephone Field,recover-20220825,002,1795
263.4615,263.5014,68437,83033,Rhinolophus ferrumequinum,0.031,0.031,-1,Echolocation,/mnt/ubna_data_01_mir/recover-20220825/UBNA_002/20220823_033000.WAV,Telephone Field,recover-20220825,002,1795
263.4845,263.5239,68437,82313,Rhinolophus ferrumequinum,0.023,0.023,-1,Echolocation,/mnt/ubna_data_01_mir/recover-20220825/UBNA_002/20220823_033000.WAV,Telephone Field,recover-20220825,002,1795
263.4955,263.5356,68437,82761,Rhinolophus ferrumequinum,0.026,0.026,-1,Echolocation,/mnt/ubna_data_01_mir/recover-20220825/UBNA_002/20220823_033000.WAV,Telephone Field,recover-20220825,002,1795
263.4955,263.5074,22031,27720,Nyctalus leisleri,0.014,0.032,-1,Echolocation,/mnt/ubna_data_01_mir/recover-20220825/UBNA_002/20220823_033000.WAV,Telephone Field,recover-20220825,002,1795
263.5285,263.5355,25468,35101,Plecotus austriacus,0.006,0.022,-1,Echolocation,/mnt/ubna_data_01_mir/recover-20220825/UBNA_002/20220823_033000.WAV,Telephone Field,recover-20220825,002,1795
263.5625,263.6059,68437,82859,Rhinolophus ferrumequinum,0.032,0.032,-1,Echolocation,/mnt/ubna_data_01_mir/recover-20220825/UBNA_002/20220823_033000.WAV,Telephone Field,recover-20220825,002,1795
263.5635,263.5717,28046,40370,Eptesicus serotinus,0.007,0.022,-1,Echolocation,/mnt/ubna_data_01_mir/recover-20220825/UBNA_002/20220823_033000.WAV,Telephone Field,recover-20220825,002,1795
263.5965,263.6395,68437,83093,Rhinolophus ferrumequinum,0.03,0.03,-1,Echolocation,/mnt/ubna_data_01_mir/recover-20220825/UBNA_002/20220823_033000.WAV,Telephone Field,recover-20220825,002,1795
263.5975,263.6087,28906,36739,Eptesicus serotinus,0.014,0.027,-1,Echolocation,/mnt/ubna_data_01_mir/recover-20220825/UBNA_002/20220823_033000.WAV,Telephone Field,recover-20220825,002,1795
263.6115,263.6465,68437,81646,Rhinolophus ferrumequinum,0.023,0.023,-1,Echolocation,/mnt/ubna_data_01_mir/recover-20220825/UBNA_002/20220823_033000.WAV,Telephone Field,recover-20220825,002,1795
263.6165,263.6274,23750,29078,Nyctalus leisleri,0.012,0.027,-1,Echolocation,/mnt/ubna_data_01_mir/recover-20220825/UBNA_002/20220823_033000.WAV,Telephone Field,recover-20220825,002,1795
263.6655,263.7082,68437,83206,Rhinolophus ferrumequinum,0.024,0.024,-1,Echolocation,/mnt/ubna_data_01_mir/recover-20220825/UBNA_002/20220823_033000.WAV,Telephone Field,recover-20220825,002,1795
263.6815,263.7242,68437,83318,Rhinolophus ferrumequinum,0.049,0.049,-1,Echolocation,/mnt/ubna_data_01_mir/recover-20220825/UBNA_002/20220823_033000.WAV,Telephone Field,recover-20220825,002,1795
263.6945,263.7057,22890,28060,Nyctalus leisleri,0.011,0.023,-1,Echolocation,/mnt/ubna_data_01_mir/recover-20220825/UBNA_002/20220823_033000.WAV,Telephone Field,recover-20220825,002,1795
263.7065,263.71659999999997,28906,35468,Eptesicus serotinus,0.013,0.027,-1,Echolocation,/mnt/ubna_data_01_mir/recover-20220825/UBNA_002/20220823_033000.WAV,Telephone Field,recover-20220825,002,1795
263.7195,263.7586,68437,82630,Rhinolophus ferrumequinum,0.024,0.024,-1,Echolocation,/mnt/ubna_data_01_mir/recover-20220825/UBNA_002/20220823_033000.WAV,Telephone Field,recover-20220825,002,1795
263.7235,263.7317,26328,35049,Eptesicus serotinus,0.01,0.025,-1,Echolocation,/mnt/ubna_data_01_mir/recover-20220825/UBNA_002/20220823_033000.WAV,Telephone Field,recover-20220825,002,1795
263.7405,263.7513,22031,27492,Nyctalus leisleri,0.01,0.025,-1,Echolocation,/mnt/ubna_data_01_mir/recover-20220825/UBNA_002/20220823_033000.WAV,Telephone Field,recover-20220825,002,1795
263.7665,263.7733,24609,34474,Plecotus austriacus,0.011,0.027,-1,Echolocation,/mnt/ubna_data_01_mir/recover-20220825/UBNA_002/20220823_033000.WAV,Telephone Field,recover-20220825,002,1795
263.8235,263.8583,68437,80531,Rhinolophus ferrumequinum,0.025,0.025,-1,Echolocation,/mnt/ubna_data_01_mir/recover-20220825/UBNA_002/20220823_033000.WAV,Telephone Field,recover-20220825,002,1795
263.8425,263.88,68437,81783,Rhinolophus ferrumequinum,0.025,0.025,-1,Echolocation,/mnt/ubna_data_01_mir/recover-20220825/UBNA_002/20220823_033000.WAV,Telephone Field,recover-20220825,002,1795
263.8455,263.8609,21171,24748,Nyctalus leisleri,0.014,0.024,-1,Echolocation,/mnt/ubna_data_01_mir/recover-20220825/UBNA_002/20220823_033000.WAV,Telephone Field,recover-20220825,002,1795
263.8875,263.8981,35781,40373,Barbastellus barbastellus,0.011,0.034,-1,Echolocation,/mnt/ubna_data_01_mir/recover-20220825/UBNA_002/20220823_033000.WAV,Telephone Field,recover-20220825,002,1795
263.9005,263.908,23750,32306,Plecotus austriacus,0.012,0.031,-1,Echolocation,/mnt/ubna_data_01_mir/recover-20220825/UBNA_002/20220823_033000.WAV,Telephone Field,recover-20220825,002,1795
263.9265,263.9637,68437,82295,Rhinolophus ferrumequinum,0.022,0.022,-1,Echolocation,/mnt/ubna_data_01_mir/recover-20220825/UBNA_002/20220823_033000.WAV,Telephone Field,recover-20220825,002,1795
263.9395,263.94780000000003,22890,30839,Plecotus austriacus,0.009,0.022,-1,Echolocation,/mnt/ubna_data_01_mir/recover-20220825/UBNA_002/20220823_033000.WAV,Telephone Field,recover-20220825,002,1795
263.9505,263.9892,68437,82108,Rhinolophus ferrumequinum,0.023,0.023,-1,Echolocation,/mnt/ubna_data_01_mir/recover-20220825/UBNA_002/20220823_033000.WAV,Telephone Field,recover-20220825,002,1795
264.0015,264.0108,30625,39915,Eptesicus serotinus,0.008,0.028,-1,Echolocation,/mnt/ubna_data_01_mir/recover-20220825/UBNA_002/20220823_033000.WAV,Telephone Field,recover-20220825,002,1795
264.0015,264.0155,18593,24059,Nyctalus noctula,0.015,0.03,-1,Echolocation,/mnt/ubna_data_01_mir/recover-20220825/UBNA_002/20220823_033000.WAV,Telephone Field,recover-20220825,002,1795
264.0015,264.0134,48671,54573,Pipistrellus pipistrellus,0.02,0.025,-1,Echolocation,/mnt/ubna_data_01_mir/recover-20220825/UBNA_002/20220823_033000.WAV,Telephone Field,recover-20220825,002,1795
264.0015,264.0302,69296,80668,Rhinolophus ferrumequinum,0.024,0.024,-1,Echolocation,/mnt/ubna_data_01_mir/recover-20220825/UBNA_002/20220823_033000.WAV,Telephone Field,recover-20220825,002,1795
264.0395,264.075,68437,81376,Rhinolophus ferrumequinum,0.023,0.023,-1,Echolocation,/mnt/ubna_data_01_mir/recover-20220825/UBNA_002/20220823_033000.WAV,Telephone Field,recover-20220825,002,1795
264.0425,264.0509,27187,38484,Eptesicus serotinus,0.008,0.022,-1,Echolocation,/mnt/ubna_data_01_mir/recover-20220825/UBNA_002/20220823_033000.WAV,Telephone Field,recover-20220825,002,1795
264.0615,264.0718,22890,29183,Nyctalus leisleri,0.01,0.027,-1,Echolocation,/mnt/ubna_data_01_mir/recover-20220825/UBNA_002/20220823_033000.WAV,Telephone Field,recover-20220825,002,1795
264.0685,264.1084,68437,83204,Rhinolophus ferrumequinum,0.032,0.032,-1,Echolocation,/mnt/ubna_data_01_mir/recover-20220825/UBNA_002/20220823_033000.WAV,Telephone Field,recover-20220825,002,1795
264.0985,264.1086,28906,36140,Eptesicus serotinus,0.012,0.028,-1,Echolocation,/mnt/ubna_data_01_mir/recover-20220825/UBNA_002/20220823_033000.WAV,Telephone Field,recover-20220825,002,1795
264.1115,264.1544,68437,83474,Rhinolophus ferrumequinum,0.029,0.029,-1,Echolocation,/mnt/ubna_data_01_mir/recover-20220825/UBNA_002/20220823_033000.WAV,Telephone Field,recover-20220825,002,1795
264.1205,264.1302,28046,36515,Eptesicus serotinus,0.012,0.026,-1,Echolocation,/mnt/ubna_data_01_mir/recover-20220825/UBNA_002/20220823_033000.WAV,Telephone Field,recover-20220825,002,1795
264.1255,264.1643,68437,82730,Rhinolophus ferrumequinum,0.022,0.022,-1,Echolocation,/mnt/ubna_data_01_mir/recover-20220825/UBNA_002/20220823_033000.WAV,Telephone Field,recover-20220825,002,1795
264.1385,264.18,68437,82885,Rhinolophus ferrumequinum,0.022,0.022,-1,Echolocation,/mnt/ubna_data_01_mir/recover-20220825/UBNA_002/20220823_033000.WAV,Telephone Field,recover-20220825,002,1795
264.1655,264.2009,68437,81516,Rhinolophus ferrumequinum,0.022,0.022,-1,Echolocation,/mnt/ubna_data_01_mir/recover-20220825/UBNA_002/20220823_033000.WAV,Telephone Field,recover-20220825,002,1795
264.1855,264.1943,28906,38171,Eptesicus serotinus,0.01,0.029,-1,Echolocation,/mnt/ubna_data_01_mir/recover-20220825/UBNA_002/20220823_033000.WAV,Telephone Field,recover-20220825,002,1795
264.2395,264.278,68437,82441,Rhinolophus ferrumequinum,0.021,0.022,-1,Echolocation,/mnt/ubna_data_01_mir/recover-20220825/UBNA_002/20220823_033000.WAV,Telephone Field,recover-20220825,002,1795
264.2405,264.251,22890,29145,Nyctalus leisleri,0.009,0.025,-1,Echolocation,/mnt/ubna_data_01_mir/recover-20220825/UBNA_002/20220823_033000.WAV,Telephone Field,recover-20220825,002,1795
264.2485,264.2884,68437,82619,Rhinolophus ferrumequinum,0.023,0.023,-1,Echolocation,/mnt/ubna_data_01_mir/recover-20220825/UBNA_002/20220823_033000.WAV,Telephone Field,recover-20220825,002,1795
264.2525,264.266,22890,27989,Nyctalus leisleri,0.016,0.03,-1,Echolocation,/mnt/ubna_data_01_mir/recover-20220825/UBNA_002/20220823_033000.WAV,Telephone Field,recover-20220825,002,1795
264.3015,264.3366,68437,81398,Rhinolophus ferrumequinum,0.022,0.022,-1,Echolocation,/mnt/ubna_data_01_mir/recover-20220825/UBNA_002/20220823_033000.WAV,Telephone Field,recover-20220825,002,1795
264.3295,264.3384,26328,35052,Eptesicus serotinus,0.01,0.025,-1,Echolocation,/mnt/ubna_data_01_mir/recover-20220825/UBNA_002/20220823_033000.WAV,Telephone Field,recover-20220825,002,1795
264.3405,264.351,22890,28465,Nyctalus leisleri,0.012,0.026,-1,Echolocation,/mnt/ubna_data_01_mir/recover-20220825/UBNA_002/20220823_033000.WAV,Telephone Field,recover-20220825,002,1795
264.3555,264.3958,68437,82803,Rhinolophus ferrumequinum,0.024,0.024,-1,Echolocation,/mnt/ubna_data_01_mir/recover-20220825/UBNA_002/20220823_033000.WAV,Telephone Field,recover-20220825,002,1795
264.3705,264.4067,68437,81665,Rhinolophus ferrumequinum,0.024,0.024,-1,Echolocation,/mnt/ubna_data_01_mir/recover-20220825/UBNA_002/20220823_033000.WAV,Telephone Field,recover-20220825,002,1795
264.3875,264.4255,68437,82167,Rhinolophus ferrumequinum,0.024,0.024,-1,Echolocation,/mnt/ubna_data_01_mir/recover-20220825/UBNA_002/20220823_033000.WAV,Telephone Field,recover-20220825,002,1795
264.4005,264.4074,28046,45718,Eptesicus serotinus,0.007,0.024,-1,Echolocation,/mnt/ubna_data_01_mir/recover-20220825/UBNA_002/20220823_033000.WAV,Telephone Field,recover-20220825,002,1795
264.4285,264.463,68437,81350,Rhinolophus ferrumequinum,0.024,0.024,-1,Echolocation,/mnt/ubna_data_01_mir/recover-20220825/UBNA_002/20220823_033000.WAV,Telephone Field,recover-20220825,002,1795
264.4465,264.4851,68437,82221,Rhinolophus ferrumequinum,0.022,0.022,-1,Echolocation,/mnt/ubna_data_01_mir/recover-20220825/UBNA_002/20220823_033000.WAV,Telephone Field,recover-20220825,002,1795
264.4585,264.4656,28046,39810,Eptesicus serotinus,0.007,0.024,-1,Echolocation,/mnt/ubna_data_01_mir/recover-20220825/UBNA_002/20220823_033000.WAV,Telephone Field,recover-20220825,002,1795
264.4585,264.4683,22031,28089,Plecotus austriacus,0.009,0.026,-1,Echolocation,/mnt/ubna_data_01_mir/recover-20220825/UBNA_002/20220823_033000.WAV,Telephone Field,recover-20220825,002,1795
264.4775,264.5146,68437,81927,Rhinolophus ferrumequinum,0.024,0.024,-1,Echolocation,/mnt/ubna_data_01_mir/recover-20220825/UBNA_002/20220823_033000.WAV,Telephone Field,recover-20220825,002,1795
264.5055,264.5217,20312,23848,Nyctalus leisleri,0.014,0.024,-1,Echolocation,/mnt/ubna_data_01_mir/recover-20220825/UBNA_002/20220823_033000.WAV,Telephone Field,recover-20220825,002,1795
264.52049999999997,264.5312,23750,30057,Nyctalus leisleri,0.009,0.024,-1,Echolocation,/mnt/ubna_data_01_mir/recover-20220825/UBNA_002/20220823_033000.WAV,Telephone Field,recover-20220825,002,1795
264.5245,264.5594,68437,81846,Rhinolophus ferrumequinum,0.025,0.025,-1,Echolocation,/mnt/ubna_data_01_mir/recover-20220825/UBNA_002/20220823_033000.WAV,Telephone Field,recover-20220825,002,1795
264.5495,264.5921,68437,83715,Rhinolophus ferrumequinum,0.041,0.041,-1,Echolocation,/mnt/ubna_data_01_mir/recover-20220825/UBNA_002/20220823_033000.WAV,Telephone Field,recover-20220825,002,1795
264.5845,264.6231,68437,82163,Rhinolophus ferrumequinum,0.025,0.026,-1,Echolocation,/mnt/ubna_data_01_mir/recover-20220825/UBNA_002/20220823_033000.WAV,Telephone Field,recover-20220825,002,1795
264.64549999999997,264.6566,24609,31143,Nyctalus leisleri,0.011,0.03,-1,Echolocation,/mnt/ubna_data_01_mir/recover-20220825/UBNA_002/20220823_033000.WAV,Telephone Field,recover-20220825,002,1795
264.6475,264.6836,68437,81835,Rhinolophus ferrumequinum,0.023,0.023,-1,Echolocation,/mnt/ubna_data_01_mir/recover-20220825/UBNA_002/20220823_033000.WAV,Telephone Field,recover-20220825,002,1795
264.6625,264.6731,23750,30491,Nyctalus leisleri,0.011,0.029,-1,Echolocation,/mnt/ubna_data_01_mir/recover-20220825/UBNA_002/20220823_033000.WAV,Telephone Field,recover-20220825,002,1795
264.6875,264.7252,68437,81827,Rhinolophus ferrumequinum,0.024,0.024,-1,Echolocation,/mnt/ubna_data_01_mir/recover-20220825/UBNA_002/20220823_033000.WAV,Telephone Field,recover-20220825,002,1795
264.7125,264.7524,68437,82470,Rhinolophus ferrumequinum,0.028,0.028,-1,Echolocation,/mnt/ubna_data_01_mir/recover-20220825/UBNA_002/20220823_033000.WAV,Telephone Field,recover-20220825,002,1795
264.7135,264.7221,27187,40333,Eptesicus serotinus,0.008,0.022,-1,Echolocation,/mnt/ubna_data_01_mir/recover-20220825/UBNA_002/20220823_033000.WAV,Telephone Field,recover-20220825,002,1795
264.7185,264.7289,34062,43497,Myotis daubentonii,0.004,0.022,-1,Echolocation,/mnt/ubna_data_01_mir/recover-20220825/UBNA_002/20220823_033000.WAV,Telephone Field,recover-20220825,002,1795
264.7215,264.7576,68437,81966,Rhinolophus ferrumequinum,0.023,0.023,-1,Echolocation,/mnt/ubna_data_01_mir/recover-20220825/UBNA_002/20220823_033000.WAV,Telephone Field,recover-20220825,002,1795
264.7235,264.7315,28046,37480,Eptesicus serotinus,0.007,0.022,-1,Echolocation,/mnt/ubna_data_01_mir/recover-20220825/UBNA_002/20220823_033000.WAV,Telephone Field,recover-20220825,002,1795
264.7455,264.7569,22031,26708,Nyctalus leisleri,0.012,0.022,-1,Echolocation,/mnt/ubna_data_01_mir/recover-20220825/UBNA_002/20220823_033000.WAV,Telephone Field,recover-20220825,002,1795
264.7505,264.7566,28046,44000,Eptesicus serotinus,0.006,0.028,-1,Echolocation,/mnt/ubna_data_01_mir/recover-20220825/UBNA_002/20220823_033000.WAV,Telephone Field,recover-20220825,002,1795
264.7575,264.7952,68437,82147,Rhinolophus ferrumequinum,0.023,0.023,-1,Echolocation,/mnt/ubna_data_01_mir/recover-20220825/UBNA_002/20220823_033000.WAV,Telephone Field,recover-20220825,002,1795
264.7865,264.8263,68437,81959,Rhinolophus ferrumequinum,0.029,0.029,-1,Echolocation,/mnt/ubna_data_01_mir/recover-20220825/UBNA_002/20220823_033000.WAV,Telephone Field,recover-20220825,002,1795
264.8015,264.839,68437,82266,Rhinolophus ferrumequinum,0.023,0.023,-1,Echolocation,/mnt/ubna_data_01_mir/recover-20220825/UBNA_002/20220823_033000.WAV,Telephone Field,recover-20220825,002,1795
264.8125,264.8518,68437,82368,Rhinolophus ferrumequinum,0.023,0.023,-1,Echolocation,/mnt/ubna_data_01_mir/recover-20220825/UBNA_002/20220823_033000.WAV,Telephone Field,recover-20220825,002,1795
264.8255,264.8335,28046,37135,Eptesicus serotinus,0.012,0.026,-1,Echolocation,/mnt/ubna_data_01_mir/recover-20220825/UBNA_002/20220823_033000.WAV,Telephone Field,recover-20220825,002,1795
264.8585,264.8996,68437,83004,Rhinolophus ferrumequinum,0.031,0.031,-1,Echolocation,/mnt/ubna_data_01_mir/recover-20220825/UBNA_002/20220823_033000.WAV,Telephone Field,recover-20220825,002,1795
264.8745,264.9137,68437,82535,Rhinolophus ferrumequinum,0.022,0.022,-1,Echolocation,/mnt/ubna_data_01_mir/recover-20220825/UBNA_002/20220823_033000.WAV,Telephone Field,recover-20220825,002,1795
264.9015,264.9431,68437,83149,Rhinolophus ferrumequinum,0.039,0.039,-1,Echolocation,/mnt/ubna_data_01_mir/recover-20220825/UBNA_002/20220823_033000.WAV,Telephone Field,recover-20220825,002,1795
264.9045,264.9145,23750,31228,Nyctalus leisleri,0.007,0.024,-1,Echolocation,/mnt/ubna_data_01_mir/recover-20220825/UBNA_002/20220823_033000.WAV,Telephone Field,recover-20220825,002,1795
264.9125,264.922,23750,30693,Nyctalus leisleri,0.008,0.025,-1,Echolocation,/mnt/ubna_data_01_mir/recover-20220825/UBNA_002/20220823_033000.WAV,Telephone Field,recover-20220825,002,1795
264.9255,264.9661,68437,83104,Rhinolophus ferrumequinum,0.023,0.023,-1,Echolocation,/mnt/ubna_data_01_mir/recover-20220825/UBNA_002/20220823_033000.WAV,Telephone Field,recover-20220825,002,1795
264.9455,264.9848,68437,82765,Rhinolophus ferrumequinum,0.025,0.025,-1,Echolocation,/mnt/ubna_data_01_mir/recover-20220825/UBNA_002/20220823_033000.WAV,Telephone Field,recover-20220825,002,1795
264.9465,264.9546,34062,42218,Myotis daubentonii,0.008,0.022,-1,Echolocation,/mnt/ubna_data_01_mir/recover-20220825/UBNA_002/20220823_033000.WAV,Telephone Field,recover-20220825,002,1795
264.9465,264.9564,25468,32616,Nyctalus leisleri,0.012,0.034,-1,Echolocation,/mnt/ubna_data_01_mir/recover-20220825/UBNA_002/20220823_033000.WAV,Telephone Field,recover-20220825,002,1795
264.9595,264.9757,29765,34483,Eptesicus serotinus,0.022,0.038,-1,Echolocation,/mnt/ubna_data_01_mir/recover-20220825/UBNA_002/20220823_033000.WAV,Telephone Field,recover-20220825,002,1795
264.9715,264.9818,28046,35712,Eptesicus serotinus,0.012,0.026,-1,Echolocation,/mnt/ubna_data_01_mir/recover-20220825/UBNA_002/20220823_033000.WAV,Telephone Field,recover-20220825,002,1795
265.0285,265.0519,19453,22495,Nyctalus noctula,0.013,0.025,-1,Echolocation,/mnt/ubna_data_01_mir/recover-20220825/UBNA_002/20220823_033000.WAV,Telephone Field,recover-20220825,002,1795
265.0355,265.0778,68437,82651,Rhinolophus ferrumequinum,0.028,0.028,-1,Echolocation,/mnt/ubna_data_01_mir/recover-20220825/UBNA_002/20220823_033000.WAV,Telephone Field,recover-20220825,002,1795
265.0375,265.0577,21171,24304,Nyctalus leisleri,0.019,0.029,-1,Echolocation,/mnt/ubna_data_01_mir/recover-20220825/UBNA_002/20220823_033000.WAV,Telephone Field,recover-20220825,002,1795
265.0535,265.0972,68437,83601,Rhinolophus ferrumequinum,0.03,0.03,-1,Echolocation,/mnt/ubna_data_01_mir/recover-20220825/UBNA_002/20220823_033000.WAV,Telephone Field,recover-20220825,002,1795
265.08050000000003,265.089,23750,32212,Plecotus austriacus,0.008,0.023,-1,Echolocation,/mnt/ubna_data_01_mir/recover-20220825/UBNA_002/20220823_033000.WAV,Telephone Field,recover-20220825,002,1795
265.1225,265.1334,23750,30531,Nyctalus leisleri,0.01,0.029,-1,Echolocation,/mnt/ubna_data_01_mir/recover-20220825/UBNA_002/20220823_033000.WAV,Telephone Field,recover-20220825,002,1795
265.1315,265.1402,28046,38704,Eptesicus serotinus,0.01,0.024,-1,Echolocation,/mnt/ubna_data_01_mir/recover-20220825/UBNA_002/20220823_033000.WAV,Telephone Field,recover-20220825,002,1795
265.1585,265.1972,68437,82458,Rhinolophus ferrumequinum,0.025,0.025,-1,Echolocation,/mnt/ubna_data_01_mir/recover-20220825/UBNA_002/20220823_033000.WAV,Telephone Field,recover-20220825,002,1795
265.1795,265.1874,28046,38203,Eptesicus serotinus,0.012,0.029,-1,Echolocation,/mnt/ubna_data_01_mir/recover-20220825/UBNA_002/20220823_033000.WAV,Telephone Field,recover-20220825,002,1795
265.1805,265.2199,68437,82885,Rhinolophus ferrumequinum,0.03,0.03,-1,Echolocation,/mnt/ubna_data_01_mir/recover-20220825/UBNA_002/20220823_033000.WAV,Telephone Field,recover-20220825,002,1795
265.1925,265.2365,68437,83347,Rhinolophus ferrumequinum,0.051,0.051,-1,Echolocation,/mnt/ubna_data_01_mir/recover-20220825/UBNA_002/20220823_033000.WAV,Telephone Field,recover-20220825,002,1795
265.2175,265.2553,68437,82032,Rhinolophus ferrumequinum,0.022,0.022,-1,Echolocation,/mnt/ubna_data_01_mir/recover-20220825/UBNA_002/20220823_033000.WAV,Telephone Field,recover-20220825,002,1795
265.2395,265.2478,29765,40982,Eptesicus serotinus,0.007,0.022,-1,Echolocation,/mnt/ubna_data_01_mir/recover-20220825/UBNA_002/20220823_033000.WAV,Telephone Field,recover-20220825,002,1795
265.2615,265.3003,68437,83574,Rhinolophus ferrumequinum,0.027,0.027,-1,Echolocation,/mnt/ubna_data_01_mir/recover-20220825/UBNA_002/20220823_033000.WAV,Telephone Field,recover-20220825,002,1795
265.3255,265.36469999999997,68437,82829,Rhinolophus ferrumequinum,0.031,0.031,-1,Echolocation,/mnt/ubna_data_01_mir/recover-20220825/UBNA_002/20220823_033000.WAV,Telephone Field,recover-20220825,002,1795
265.3255,265.3375,23750,30201,Nyctalus leisleri,0.01,0.026,-1,Echolocation,/mnt/ubna_data_01_mir/recover-20220825/UBNA_002/20220823_033000.WAV,Telephone Field,recover-20220825,002,1795
265.3335,265.3686,68437,82289,Rhinolophus ferrumequinum,0.025,0.025,-1,Echolocation,/mnt/ubna_data_01_mir/recover-20220825/UBNA_002/20220823_033000.WAV,Telephone Field,recover-20220825,002,1795
265.3445,265.3516,28906,37363,Eptesicus serotinus,0.007,0.022,-1,Echolocation,/mnt/ubna_data_01_mir/recover-20220825/UBNA_002/20220823_033000.WAV,Telephone Field,recover-20220825,002,1795
265.3795,265.4172,68437,82139,Rhinolophus ferrumequinum,0.023,0.023,-1,Echolocation,/mnt/ubna_data_01_mir/recover-20220825/UBNA_002/20220823_033000.WAV,Telephone Field,recover-20220825,002,1795
265.3925,265.4003,26328,37346,Eptesicus serotinus,0.006,0.022,-1,Echolocation,/mnt/ubna_data_01_mir/recover-20220825/UBNA_002/20220823_033000.WAV,Telephone Field,recover-20220825,002,1795
265.4275,265.4672,68437,82489,Rhinolophus ferrumequinum,0.023,0.023,-1,Echolocation,/mnt/ubna_data_01_mir/recover-20220825/UBNA_002/20220823_033000.WAV,Telephone Field,recover-20220825,002,1795
265.4475,265.4606,15156,20227,Nyctalus noctula,0.015,0.024,-1,Echolocation,/mnt/ubna_data_01_mir/recover-20220825/UBNA_002/20220823_033000.WAV,Telephone Field,recover-20220825,002,1795
265.4565,265.4903,68437,80851,Rhinolophus ferrumequinum,0.023,0.023,-1,Echolocation,/mnt/ubna_data_01_mir/recover-20220825/UBNA_002/20220823_033000.WAV,Telephone Field,recover-20220825,002,1795
265.4865,265.5274,68437,82917,Rhinolophus ferrumequinum,0.032,0.032,-1,Echolocation,/mnt/ubna_data_01_mir/recover-20220825/UBNA_002/20220823_033000.WAV,Telephone Field,recover-20220825,002,1795
265.5215,265.5287,28046,39585,Eptesicus serotinus,0.007,0.024,-1,Echolocation,/mnt/ubna_data_01_mir/recover-20220825/UBNA_002/20220823_033000.WAV,Telephone Field,recover-20220825,002,1795
265.5545,265.5926,68437,81686,Rhinolophus ferrumequinum,0.022,0.022,-1,Echolocation,/mnt/ubna_data_01_mir/recover-20220825/UBNA_002/20220823_033000.WAV,Telephone Field,recover-20220825,002,1795
265.5655,265.60699999999997,68437,82499,Rhinolophus ferrumequinum,0.032,0.032,-1,Echolocation,/mnt/ubna_data_01_mir/recover-20220825/UBNA_002/20220823_033000.WAV,Telephone Field,recover-20220825,002,1795
265.6085,265.6465,68437,81844,Rhinolophus ferrumequinum,0.022,0.022,-1,Echolocation,/mnt/ubna_data_01_mir/recover-20220825/UBNA_002/20220823_033000.WAV,Telephone Field,recover-20220825,002,1795
265.6305,265.6689,68437,82333,Rhinolophus ferrumequinum,0.022,0.022,-1,Echolocation,/mnt/ubna_data_01_mir/recover-20220825/UBNA_002/20220823_033000.WAV,Telephone Field,recover-20220825,002,1795
265.6515,265.6921,68437,82404,Rhinolophus ferrumequinum,0.023,0.023,-1,Echolocation,/mnt/ubna_data_01_mir/recover-20220825/UBNA_002/20220823_033000.WAV,Telephone Field,recover-20220825,002,1795
265.6825,265.7212,68437,81850,Rhinolophus ferrumequinum,0.023,0.023,-1,Echolocation,/mnt/ubna_data_01_mir/recover-20220825/UBNA_002/20220823_033000.WAV,Telephone Field,recover-20220825,002,1795
265.6905,265.7309,68437,81953,Rhinolophus ferrumequinum,0.023,0.023,-1,Echolocation,/mnt/ubna_data_01_mir/recover-20220825/UBNA_002/20220823_033000.WAV,Telephone Field,recover-20220825,002,1795
265.7215,265.7609,68437,83311,Rhinolophus ferrumequinum,0.03,0.03,-1,Echolocation,/mnt/ubna_data_01_mir/recover-20220825/UBNA_002/20220823_033000.WAV,Telephone Field,recover-20220825,002,1795
265.7235,265.7318,28046,42082,Eptesicus serotinus,0.01,0.025,-1,Echolocation,/mnt/ubna_data_01_mir/recover-20220825/UBNA_002/20220823_033000.WAV,Telephone Field,recover-20220825,002,1795
265.7405,265.7756,68437,82022,Rhinolophus ferrumequinum,0.03,0.03,-1,Echolocation,/mnt/ubna_data_01_mir/recover-20220825/UBNA_002/20220823_033000.WAV,Telephone Field,recover-20220825,002,1795
265.8025,265.812,49531,55155,Pipistrellus pipistrellus,0.028,0.034,-1,Echolocation,/mnt/ubna_data_01_mir/recover-20220825/UBNA_002/20220823_033000.WAV,Telephone Field,recover-20220825,002,1795
265.8115,265.8173,28046,45036,Plecotus auritus,0.009,0.039,-1,Echolocation,/mnt/ubna_data_01_mir/recover-20220825/UBNA_002/20220823_033000.WAV,Telephone Field,recover-20220825,002,1795
265.8335,265.8425,28906,40696,Eptesicus serotinus,0.013,0.03,-1,Echolocation,/mnt/ubna_data_01_mir/recover-20220825/UBNA_002/20220823_033000.WAV,Telephone Field,recover-20220825,002,1795
265.8615,265.8997,68437,81919,Rhinolophus ferrumequinum,0.023,0.023,-1,Echolocation,/mnt/ubna_data_01_mir/recover-20220825/UBNA_002/20220823_033000.WAV,Telephone Field,recover-20220825,002,1795
265.8735,265.9104,68437,81227,Rhinolophus ferrumequinum,0.024,0.024,-1,Echolocation,/mnt/ubna_data_01_mir/recover-20220825/UBNA_002/20220823_033000.WAV,Telephone Field,recover-20220825,002,1795
265.9055,265.9418,68437,81091,Rhinolophus ferrumequinum,0.023,0.023,-1,Echolocation,/mnt/ubna_data_01_mir/recover-20220825/UBNA_002/20220823_033000.WAV,Telephone Field,recover-20220825,002,1795
265.9145,265.9523,68437,82256,Rhinolophus ferrumequinum,0.025,0.025,-1,Echolocation,/mnt/ubna_data_01_mir/recover-20220825/UBNA_002/20220823_033000.WAV,Telephone Field,recover-20220825,002,1795
265.9445,265.9818,68437,81756,Rhinolophus ferrumequinum,0.022,0.022,-1,Echolocation,/mnt/ubna_data_01_mir/recover-20220825/UBNA_002/20220823_033000.WAV,Telephone Field,recover-20220825,002,1795
266.0015,266.0331,68437,79729,Rhinolophus ferrumequinum,0.021,0.021,-1,Echolocation,/mnt/ubna_data_01_mir/recover-20220825/UBNA_002/20220823_033000.WAV,Telephone Field,recover-20220825,002,1795
266.0015,266.0094,22890,29966,Nyctalus leisleri,0.006,0.023,-1,Echolocation,/mnt/ubna_data_01_mir/recover-20220825/UBNA_002/20220823_033000.WAV,Telephone Field,recover-20220825,002,1795
266.0015,266.0078,47812,54025,Pipistrellus pipistrellus,0.026,0.034,-1,Echolocation,/mnt/ubna_data_01_mir/recover-20220825/UBNA_002/20220823_033000.WAV,Telephone Field,recover-20220825,002,1795
266.0105,266.0523,68437,82221,Rhinolophus ferrumequinum,0.022,0.022,-1,Echolocation,/mnt/ubna_data_01_mir/recover-20220825/UBNA_002/20220823_033000.WAV,Telephone Field,recover-20220825,002,1795
266.0415,266.0515,22031,27424,Nyctalus leisleri,0.01,0.025,-1,Echolocation,/mnt/ubna_data_01_mir/recover-20220825/UBNA_002/20220823_033000.WAV,Telephone Field,recover-20220825,002,1795
266.0705,266.0787,27187,35388,Eptesicus serotinus,0.013,0.03,-1,Echolocation,/mnt/ubna_data_01_mir/recover-20220825/UBNA_002/20220823_033000.WAV,Telephone Field,recover-20220825,002,1795
266.0955,266.1357,68437,82278,Rhinolophus ferrumequinum,0.022,0.022,-1,Echolocation,/mnt/ubna_data_01_mir/recover-20220825/UBNA_002/20220823_033000.WAV,Telephone Field,recover-20220825,002,1795
266.1415,266.1564,55546,60945,Pipistrellus pygmaeus,0.021,0.022,-1,Echolocation,/mnt/ubna_data_01_mir/recover-20220825/UBNA_002/20220823_033000.WAV,Telephone Field,recover-20220825,002,1795
266.1575,266.1961,68437,82027,Rhinolophus ferrumequinum,0.025,0.025,-1,Echolocation,/mnt/ubna_data_01_mir/recover-20220825/UBNA_002/20220823_033000.WAV,Telephone Field,recover-20220825,002,1795
266.1685,266.2048,68437,81411,Rhinolophus ferrumequinum,0.023,0.023,-1,Echolocation,/mnt/ubna_data_01_mir/recover-20220825/UBNA_002/20220823_033000.WAV,Telephone Field,recover-20220825,002,1795
266.1765,266.2135,68437,81506,Rhinolophus ferrumequinum,0.021,0.021,-1,Echolocation,/mnt/ubna_data_01_mir/recover-20220825/UBNA_002/20220823_033000.WAV,Telephone Field,recover-20220825,002,1795
266.2085,266.21659999999997,28046,38982,Eptesicus serotinus,0.008,0.022,-1,Echolocation,/mnt/ubna_data_01_mir/recover-20220825/UBNA_002/20220823_033000.WAV,Telephone Field,recover-20220825,002,1795
266.2405,266.2493,28906,39534,Eptesicus serotinus,0.009,0.024,-1,Echolocation,/mnt/ubna_data_01_mir/recover-20220825/UBNA_002/20220823_033000.WAV,Telephone Field,recover-20220825,002,1795
266.2875,266.324,68437,82054,Rhinolophus ferrumequinum,0.022,0.022,-1,Echolocation,/mnt/ubna_data_01_mir/recover-20220825/UBNA_002/20220823_033000.WAV,Telephone Field,recover-20220825,002,1795
266.2905,266.3007,22890,28480,Nyctalus leisleri,0.009,0.023,-1,Echolocation,/mnt/ubna_data_01_mir/recover-20220825/UBNA_002/20220823_033000.WAV,Telephone Field,recover-20220825,002,1795
266.3015,266.3119,22890,27977,Nyctalus leisleri,0.009,0.022,-1,Echolocation,/mnt/ubna_data_01_mir/recover-20220825/UBNA_002/20220823_033000.WAV,Telephone Field,recover-20220825,002,1795
266.3045,266.3429,68437,82236,Rhinolophus ferrumequinum,0.024,0.024,-1,Echolocation,/mnt/ubna_data_01_mir/recover-20220825/UBNA_002/20220823_033000.WAV,Telephone Field,recover-20220825,002,1795
266.33050000000003,266.3672,68437,81298,Rhinolophus ferrumequinum,0.021,0.021,-1,Echolocation,/mnt/ubna_data_01_mir/recover-20220825/UBNA_002/20220823_033000.WAV,Telephone Field,recover-20220825,002,1795
266.3445,266.3539,22890,29472,Plecotus austriacus,0.007,0.021,-1,Echolocation,/mnt/ubna_data_01_mir/recover-20220825/UBNA_002/20220823_033000.WAV,Telephone Field,recover-20220825,002,1795
266.39549999999997,266.4039,28046,38616,Eptesicus serotinus,0.008,0.023,-1,Echolocation,/mnt/ubna_data_01_mir/recover-20220825/UBNA_002/20220823_033000.WAV,Telephone Field,recover-20220825,002,1795
266.39549999999997,266.4367,68437,82604,Rhinolophus ferrumequinum,0.023,0.023,-1,Echolocation,/mnt/ubna_data_01_mir/recover-20220825/UBNA_002/20220823_033000.WAV,Telephone Field,recover-20220825,002,1795
266.4335,266.4674,68437,80953,Rhinolophus ferrumequinum,0.021,0.021,-1,Echolocation,/mnt/ubna_data_01_mir/recover-20220825/UBNA_002/20220823_033000.WAV,Telephone Field,recover-20220825,002,1795
266.4485,266.4884,68437,82452,Rhinolophus ferrumequinum,0.026,0.026,-1,Echolocation,/mnt/ubna_data_01_mir/recover-20220825/UBNA_002/20220823_033000.WAV,Telephone Field,recover-20220825,002,1795
266.4585,266.4689,28046,35674,Eptesicus serotinus,0.015,0.029,-1,Echolocation,/mnt/ubna_data_01_mir/recover-20220825/UBNA_002/20220823_033000.WAV,Telephone Field,recover-20220825,002,1795
266.4875,266.5285,68437,83149,Rhinolophus ferrumequinum,0.024,0.024,-1,Echolocation,/mnt/ubna_data_01_mir/recover-20220825/UBNA_002/20220823_033000.WAV,Telephone Field,recover-20220825,002,1795
266.5095,266.5168,51250,57656,Pipistrellus pipistrellus,0.035,0.049,-1,Echolocation,/mnt/ubna_data_01_mir/recover-20220825/UBNA_002/20220823_033000.WAV,Telephone Field,recover-20220825,002,1795
266.5135,266.5234,24609,30943,Nyctalus leisleri,0.007,0.022,-1,Echolocation,/mnt/ubna_data_01_mir/recover-20220825/UBNA_002/20220823_033000.WAV,Telephone Field,recover-20220825,002,1795
266.5335,266.5437,23750,30661,Nyctalus leisleri,0.008,0.021,-1,Echolocation,/mnt/ubna_data_01_mir/recover-20220825/UBNA_002/20220823_033000.WAV,Telephone Field,recover-20220825,002,1795
266.5375,266.5765,68437,82229,Rhinolophus ferrumequinum,0.026,0.026,-1,Echolocation,/mnt/ubna_data_01_mir/recover-20220825/UBNA_002/20220823_033000.WAV,Telephone Field,recover-20220825,002,1795
266.5425,266.5502,28046,39283,Eptesicus serotinus,0.007,0.021,-1,Echolocation,/mnt/ubna_data_01_mir/recover-20220825/UBNA_002/20220823_033000.WAV,Telephone Field,recover-20220825,002,1795
266.5685,266.5771,27187,39215,Eptesicus serotinus,0.009,0.022,-1,Echolocation,/mnt/ubna_data_01_mir/recover-20220825/UBNA_002/20220823_033000.WAV,Telephone Field,recover-20220825,002,1795
266.5695,266.6086,68437,81512,Rhinolophus ferrumequinum,0.023,0.023,-1,Echolocation,/mnt/ubna_data_01_mir/recover-20220825/UBNA_002/20220823_033000.WAV,Telephone Field,recover-20220825,002,1795
266.5885,266.5988,22031,27765,Nyctalus leisleri,0.011,0.027,-1,Echolocation,/mnt/ubna_data_01_mir/recover-20220825/UBNA_002/20220823_033000.WAV,Telephone Field,recover-20220825,002,1795
266.6205,266.6306,25468,33292,Eptesicus serotinus,0.01,0.024,-1,Echolocation,/mnt/ubna_data_01_mir/recover-20220825/UBNA_002/20220823_033000.WAV,Telephone Field,recover-20220825,002,1795
266.6375,266.6779,68437,82152,Rhinolophus ferrumequinum,0.026,0.027,-1,Echolocation,/mnt/ubna_data_01_mir/recover-20220825/UBNA_002/20220823_033000.WAV,Telephone Field,recover-20220825,002,1795
266.6485,266.6596,22890,27742,Nyctalus leisleri,0.011,0.021,-1,Echolocation,/mnt/ubna_data_01_mir/recover-20220825/UBNA_002/20220823_033000.WAV,Telephone Field,recover-20220825,002,1795
266.6535,266.6703,46953,49590,Pipistrellus pipistrellus,0.093,0.102,-1,Echolocation,/mnt/ubna_data_01_mir/recover-20220825/UBNA_002/20220823_033000.WAV,Telephone Field,recover-20220825,002,1795
266.6565,266.6674,23750,28909,Nyctalus leisleri,0.014,0.027,-1,Echolocation,/mnt/ubna_data_01_mir/recover-20220825/UBNA_002/20220823_033000.WAV,Telephone Field,recover-20220825,002,1795
266.6615,266.7007,68437,81885,Rhinolophus ferrumequinum,0.022,0.022,-1,Echolocation,/mnt/ubna_data_01_mir/recover-20220825/UBNA_002/20220823_033000.WAV,Telephone Field,recover-20220825,002,1795
266.6615,266.6679,37500,46861,Myotis daubentonii,0.008,0.022,-1,Echolocation,/mnt/ubna_data_01_mir/recover-20220825/UBNA_002/20220823_033000.WAV,Telephone Field,recover-20220825,002,1795
266.7425,266.7776,68437,80512,Rhinolophus ferrumequinum,0.022,0.022,-1,Echolocation,/mnt/ubna_data_01_mir/recover-20220825/UBNA_002/20220823_033000.WAV,Telephone Field,recover-20220825,002,1795
266.7465,266.7548,27187,39746,Eptesicus serotinus,0.008,0.021,-1,Echolocation,/mnt/ubna_data_01_mir/recover-20220825/UBNA_002/20220823_033000.WAV,Telephone Field,recover-20220825,002,1795
266.7865,266.8246,68437,81898,Rhinolophus ferrumequinum,0.021,0.021,-1,Echolocation,/mnt/ubna_data_01_mir/recover-20220825/UBNA_002/20220823_033000.WAV,Telephone Field,recover-20220825,002,1795
266.8515,266.8592,26328,40608,Eptesicus serotinus,0.008,0.026,-1,Echolocation,/mnt/ubna_data_01_mir/recover-20220825/UBNA_002/20220823_033000.WAV,Telephone Field,recover-20220825,002,1795
266.8515,266.8589,34921,41327,Barbastellus barbastellus,0.034,0.052,-1,Echolocation,/mnt/ubna_data_01_mir/recover-20220825/UBNA_002/20220823_033000.WAV,Telephone Field,recover-20220825,002,1795
266.8575,266.8963,68437,82149,Rhinolophus ferrumequinum,0.022,0.022,-1,Echolocation,/mnt/ubna_data_01_mir/recover-20220825/UBNA_002/20220823_033000.WAV,Telephone Field,recover-20220825,002,1795
266.8705,266.8781,28906,38237,Eptesicus serotinus,0.007,0.024,-1,Echolocation,/mnt/ubna_data_01_mir/recover-20220825/UBNA_002/20220823_033000.WAV,Telephone Field,recover-20220825,002,1795
266.9085,266.9466,68437,81049,Rhinolophus ferrumequinum,0.025,0.025,-1,Echolocation,/mnt/ubna_data_01_mir/recover-20220825/UBNA_002/20220823_033000.WAV,Telephone Field,recover-20220825,002,1795
266.9095,266.9168,27187,44056,Eptesicus serotinus,0.007,0.024,-1,Echolocation,/mnt/ubna_data_01_mir/recover-20220825/UBNA_002/20220823_033000.WAV,Telephone Field,recover-20220825,002,1795
266.9155,266.9548,68437,82350,Rhinolophus ferrumequinum,0.024,0.024,-1,Echolocation,/mnt/ubna_data_01_mir/recover-20220825/UBNA_002/20220823_033000.WAV,Telephone Field,recover-20220825,002,1795
266.9395,266.9491,23750,31165,Nyctalus leisleri,0.006,0.022,-1,Echolocation,/mnt/ubna_data_01_mir/recover-20220825/UBNA_002/20220823_033000.WAV,Telephone Field,recover-20220825,002,1795
266.9565,266.9985,68437,82880,Rhinolophus ferrumequinum,0.033,0.033,-1,Echolocation,/mnt/ubna_data_01_mir/recover-20220825/UBNA_002/20220823_033000.WAV,Telephone Field,recover-20220825,002,1795
266.9585,266.9684,46093,50288,Pipistrellus pipistrellus,0.024,0.027,-1,Echolocation,/mnt/ubna_data_01_mir/recover-20220825/UBNA_002/20220823_033000.WAV,Telephone Field,recover-20220825,002,1795
266.9685,266.9812,27187,33875,Eptesicus serotinus,0.015,0.027,-1,Echolocation,/mnt/ubna_data_01_mir/recover-20220825/UBNA_002/20220823_033000.WAV,Telephone Field,recover-20220825,002,1795
266.9825,266.9905,27187,37738,Eptesicus serotinus,0.009,0.025,-1,Echolocation,/mnt/ubna_data_01_mir/recover-20220825/UBNA_002/20220823_033000.WAV,Telephone Field,recover-20220825,002,1795
266.9895,267.0279,68437,81844,Rhinolophus ferrumequinum,0.029,0.029,-1,Echolocation,/mnt/ubna_data_01_mir/recover-20220825/UBNA_002/20220823_033000.WAV,Telephone Field,recover-20220825,002,1795
267.0145,267.0512,68437,82257,Rhinolophus ferrumequinum,0.022,0.022,-1,Echolocation,/mnt/ubna_data_01_mir/recover-20220825/UBNA_002/20220823_033000.WAV,Telephone Field,recover-20220825,002,1795
267.0215,267.0329,29765,37374,Eptesicus serotinus,0.014,0.029,-1,Echolocation,/mnt/ubna_data_01_mir/recover-20220825/UBNA_002/20220823_033000.WAV,Telephone Field,recover-20220825,002,1795
267.0265,267.0695,68437,82523,Rhinolophus ferrumequinum,0.024,0.024,-1,Echolocation,/mnt/ubna_data_01_mir/recover-20220825/UBNA_002/20220823_033000.WAV,Telephone Field,recover-20220825,002,1795
267.1155,267.1236,27187,36704,Eptesicus serotinus,0.01,0.026,-1,Echolocation,/mnt/ubna_data_01_mir/recover-20220825/UBNA_002/20220823_033000.WAV,Telephone Field,recover-20220825,002,1795
267.1395,267.1809,68437,82612,Rhinolophus ferrumequinum,0.023,0.023,-1,Echolocation,/mnt/ubna_data_01_mir/recover-20220825/UBNA_002/20220823_033000.WAV,Telephone Field,recover-20220825,002,1795
267.1705,267.2102,68437,82027,Rhinolophus ferrumequinum,0.025,0.025,-1,Echolocation,/mnt/ubna_data_01_mir/recover-20220825/UBNA_002/20220823_033000.WAV,Telephone Field,recover-20220825,002,1795
267.1825,267.224,68437,82881,Rhinolophus ferrumequinum,0.027,0.027,-1,Echolocation,/mnt/ubna_data_01_mir/recover-20220825/UBNA_002/20220823_033000.WAV,Telephone Field,recover-20220825,002,1795
267.2215,267.2598,68437,81932,Rhinolophus ferrumequinum,0.022,0.022,-1,Echolocation,/mnt/ubna_data_01_mir/recover-20220825/UBNA_002/20220823_033000.WAV,Telephone Field,recover-20220825,002,1795
267.2405,267.2802,68437,82761,Rhinolophus ferrumequinum,0.021,0.021,-1,Echolocation,/mnt/ubna_data_01_mir/recover-20220825/UBNA_002/20220823_033000.WAV,Telephone Field,recover-20220825,002,1795
267.2515,267.2893,68437,82270,Rhinolophus ferrumequinum,0.022,0.022,-1,Echolocation,/mnt/ubna_data_01_mir/recover-20220825/UBNA_002/20220823_033000.WAV,Telephone Field,recover-20220825,002,1795
267.27049999999997,267.278,23750,32401,Plecotus austriacus,0.01,0.023,-1,Echolocation,/mnt/ubna_data_01_mir/recover-20220825/UBNA_002/20220823_033000.WAV,Telephone Field,recover-20220825,002,1795
267.2905,267.2994,37500,46494,Pipistrellus nathusii,0.008,0.025,-1,Echolocation,/mnt/ubna_data_01_mir/recover-20220825/UBNA_002/20220823_033000.WAV,Telephone Field,recover-20220825,002,1795
267.3535,267.3962,68437,82685,Rhinolophus ferrumequinum,0.028,0.028,-1,Echolocation,/mnt/ubna_data_01_mir/recover-20220825/UBNA_002/20220823_033000.WAV,Telephone Field,recover-20220825,002,1795
267.3605,267.3673,50390,55772,Pipistrellus pipistrellus,0.024,0.027,-1,Echolocation,/mnt/ubna_data_01_mir/recover-20220825/UBNA_002/20220823_033000.WAV,Telephone Field,recover-20220825,002,1795
267.3935,267.4042,26328,34063,Eptesicus serotinus,0.012,0.024,-1,Echolocation,/mnt/ubna_data_01_mir/recover-20220825/UBNA_002/20220823_033000.WAV,Telephone Field,recover-20220825,002,1795
267.39549999999997,267.432,68437,81159,Rhinolophus ferrumequinum,0.041,0.041,-1,Echolocation,/mnt/ubna_data_01_mir/recover-20220825/UBNA_002/20220823_033000.WAV,Telephone Field,recover-20220825,002,1795
267.4375,267.4772,68437,82571,Rhinolophus ferrumequinum,0.026,0.026,-1,Echolocation,/mnt/ubna_data_01_mir/recover-20220825/UBNA_002/20220823_033000.WAV,Telephone Field,recover-20220825,002,1795
267.4575,267.4654,28046,40436,Eptesicus serotinus,0.009,0.025,-1,Echolocation,/mnt/ubna_data_01_mir/recover-20220825/UBNA_002/20220823_033000.WAV,Telephone Field,recover-20220825,002,1795
267.4805,267.4906,23750,29320,Nyctalus leisleri,0.01,0.022,-1,Echolocation,/mnt/ubna_data_01_mir/recover-20220825/UBNA_002/20220823_033000.WAV,Telephone Field,recover-20220825,002,1795
267.5235,267.5608,68437,82092,Rhinolophus ferrumequinum,0.036,0.036,-1,Echolocation,/mnt/ubna_data_01_mir/recover-20220825/UBNA_002/20220823_033000.WAV,Telephone Field,recover-20220825,002,1795
267.5825,267.6162,68437,80975,Rhinolophus ferrumequinum,0.022,0.022,-1,Echolocation,/mnt/ubna_data_01_mir/recover-20220825/UBNA_002/20220823_033000.WAV,Telephone Field,recover-20220825,002,1795
267.6065,267.6143,26328,39028,Eptesicus serotinus,0.008,0.028,-1,Echolocation,/mnt/ubna_data_01_mir/recover-20220825/UBNA_002/20220823_033000.WAV,Telephone Field,recover-20220825,002,1795
267.6095,267.6487,68437,81889,Rhinolophus ferrumequinum,0.023,0.023,-1,Echolocation,/mnt/ubna_data_01_mir/recover-20220825/UBNA_002/20220823_033000.WAV,Telephone Field,recover-20220825,002,1795
267.6125,267.625,36640,40630,Pipistrellus nathusii,0.02,0.038,-1,Echolocation,/mnt/ubna_data_01_mir/recover-20220825/UBNA_002/20220823_033000.WAV,Telephone Field,recover-20220825,002,1795
267.6195,267.6307,25468,31353,Eptesicus serotinus,0.012,0.029,-1,Echolocation,/mnt/ubna_data_01_mir/recover-20220825/UBNA_002/20220823_033000.WAV,Telephone Field,recover-20220825,002,1795
267.6205,267.6573,68437,81860,Rhinolophus ferrumequinum,0.022,0.022,-1,Echolocation,/mnt/ubna_data_01_mir/recover-20220825/UBNA_002/20220823_033000.WAV,Telephone Field,recover-20220825,002,1795
267.6335,267.6721,68437,82344,Rhinolophus ferrumequinum,0.022,0.022,-1,Echolocation,/mnt/ubna_data_01_mir/recover-20220825/UBNA_002/20220823_033000.WAV,Telephone Field,recover-20220825,002,1795
267.6615,267.7011,68437,82186,Rhinolophus ferrumequinum,0.022,0.022,-1,Echolocation,/mnt/ubna_data_01_mir/recover-20220825/UBNA_002/20220823_033000.WAV,Telephone Field,recover-20220825,002,1795
267.6905,267.7027,22890,27410,Nyctalus leisleri,0.012,0.023,-1,Echolocation,/mnt/ubna_data_01_mir/recover-20220825/UBNA_002/20220823_033000.WAV,Telephone Field,recover-20220825,002,1795
267.7195,267.7269,28046,38790,Eptesicus serotinus,0.006,0.022,-1,Echolocation,/mnt/ubna_data_01_mir/recover-20220825/UBNA_002/20220823_033000.WAV,Telephone Field,recover-20220825,002,1795
267.7245,267.7344,23750,30126,Nyctalus leisleri,0.009,0.023,-1,Echolocation,/mnt/ubna_data_01_mir/recover-20220825/UBNA_002/20220823_033000.WAV,Telephone Field,recover-20220825,002,1795
267.7575,267.7645,28906,37811,Eptesicus serotinus,0.011,0.031,-1,Echolocation,/mnt/ubna_data_01_mir/recover-20220825/UBNA_002/20220823_033000.WAV,Telephone Field,recover-20220825,002,1795
267.7785,267.7865,28046,38904,Eptesicus serotinus,0.007,0.021,-1,Echolocation,/mnt/ubna_data_01_mir/recover-20220825/UBNA_002/20220823_033000.WAV,Telephone Field,recover-20220825,002,1795
267.8825,267.9223,68437,82280,Rhinolophus ferrumequinum,0.021,0.022,-1,Echolocation,/mnt/ubna_data_01_mir/recover-20220825/UBNA_002/20220823_033000.WAV,Telephone Field,recover-20220825,002,1795
267.8925,267.9337,68437,82410,Rhinolophus ferrumequinum,0.022,0.022,-1,Echolocation,/mnt/ubna_data_01_mir/recover-20220825/UBNA_002/20220823_033000.WAV,Telephone Field,recover-20220825,002,1795
267.9055,267.9462,68437,82731,Rhinolophus ferrumequinum,0.021,0.021,-1,Echolocation,/mnt/ubna_data_01_mir/recover-20220825/UBNA_002/20220823_033000.WAV,Telephone Field,recover-20220825,002,1795
267.9105,267.92,28046,39019,Eptesicus serotinus,0.009,0.022,-1,Echolocation,/mnt/ubna_data_01_mir/recover-20220825/UBNA_002/20220823_033000.WAV,Telephone Field,recover-20220825,002,1795
267.9475,267.9568,23750,31432,Nyctalus leisleri,0.008,0.026,-1,Echolocation,/mnt/ubna_data_01_mir/recover-20220825/UBNA_002/20220823_033000.WAV,Telephone Field,recover-20220825,002,1795
267.95550000000003,267.9978,68437,83146,Rhinolophus ferrumequinum,0.029,0.029,-1,Echolocation,/mnt/ubna_data_01_mir/recover-20220825/UBNA_002/20220823_033000.WAV,Telephone Field,recover-20220825,002,1795
267.9855,267.9964,22890,28999,Nyctalus leisleri,0.009,0.022,-1,Echolocation,/mnt/ubna_data_01_mir/recover-20220825/UBNA_002/20220823_033000.WAV,Telephone Field,recover-20220825,002,1795
268.0015,268.0363,68437,80074,Rhinolophus ferrumequinum,0.031,0.031,-1,Echolocation,/mnt/ubna_data_01_mir/recover-20220825/UBNA_002/20220823_033000.WAV,Telephone Field,recover-20220825,002,1795
268.0015,268.0163,22890,28089,Nyctalus leisleri,0.018,0.035,-1,Echolocation,/mnt/ubna_data_01_mir/recover-20220825/UBNA_002/20220823_033000.WAV,Telephone Field,recover-20220825,002,1795
268.0015,268.01030000000003,46953,54633,Pipistrellus pipistrellus,0.017,0.026,-1,Echolocation,/mnt/ubna_data_01_mir/recover-20220825/UBNA_002/20220823_033000.WAV,Telephone Field,recover-20220825,002,1795
268.0075,268.0516,68437,82770,Rhinolophus ferrumequinum,0.029,0.029,-1,Echolocation,/mnt/ubna_data_01_mir/recover-20220825/UBNA_002/20220823_033000.WAV,Telephone Field,recover-20220825,002,1795
268.0115,268.0234,23750,29392,Nyctalus leisleri,0.01,0.023,-1,Echolocation,/mnt/ubna_data_01_mir/recover-20220825/UBNA_002/20220823_033000.WAV,Telephone Field,recover-20220825,002,1795
268.0345,268.074,68437,81475,Rhinolophus ferrumequinum,0.027,0.027,-1,Echolocation,/mnt/ubna_data_01_mir/recover-20220825/UBNA_002/20220823_033000.WAV,Telephone Field,recover-20220825,002,1795
268.0545,268.0634,28046,39166,Eptesicus serotinus,0.01,0.023,-1,Echolocation,/mnt/ubna_data_01_mir/recover-20220825/UBNA_002/20220823_033000.WAV,Telephone Field,recover-20220825,002,1795
268.1035,268.1403,68437,81854,Rhinolophus ferrumequinum,0.029,0.029,-1,Echolocation,/mnt/ubna_data_01_mir/recover-20220825/UBNA_002/20220823_033000.WAV,Telephone Field,recover-20220825,002,1795
268.1525,268.1915,68437,81623,Rhinolophus ferrumequinum,0.025,0.025,-1,Echolocation,/mnt/ubna_data_01_mir/recover-20220825/UBNA_002/20220823_033000.WAV,Telephone Field,recover-20220825,002,1795
268.1625,268.207,68437,83734,Rhinolophus ferrumequinum,0.035,0.035,-1,Echolocation,/mnt/ubna_data_01_mir/recover-20220825/UBNA_002/20220823_033000.WAV,Telephone Field,recover-20220825,002,1795
268.1835,268.1929,22031,28047,Plecotus austriacus,0.007,0.021,-1,Echolocation,/mnt/ubna_data_01_mir/recover-20220825/UBNA_002/20220823_033000.WAV,Telephone Field,recover-20220825,002,1795
268.20550000000003,268.2438,68437,81731,Rhinolophus ferrumequinum,0.022,0.022,-1,Echolocation,/mnt/ubna_data_01_mir/recover-20220825/UBNA_002/20220823_033000.WAV,Telephone Field,recover-20220825,002,1795
268.2975,268.3123,37500,41164,Pipistrellus nathusii,0.019,0.028,-1,Echolocation,/mnt/ubna_data_01_mir/recover-20220825/UBNA_002/20220823_033000.WAV,Telephone Field,recover-20220825,002,1795
268.3075,268.34590000000003,68437,81621,Rhinolophus ferrumequinum,0.027,0.027,-1,Echolocation,/mnt/ubna_data_01_mir/recover-20220825/UBNA_002/20220823_033000.WAV,Telephone Field,recover-20220825,002,1795
268.3345,268.3753,68437,82027,Rhinolophus ferrumequinum,0.023,0.023,-1,Echolocation,/mnt/ubna_data_01_mir/recover-20220825/UBNA_002/20220823_033000.WAV,Telephone Field,recover-20220825,002,1795
268.3555,268.3952,68437,82508,Rhinolophus ferrumequinum,0.025,0.025,-1,Echolocation,/mnt/ubna_data_01_mir/recover-20220825/UBNA_002/20220823_033000.WAV,Telephone Field,recover-20220825,002,1795
268.3575,268.3673,49531,56656,Pipistrellus pipistrellus,0.018,0.022,-1,Echolocation,/mnt/ubna_data_01_mir/recover-20220825/UBNA_002/20220823_033000.WAV,Telephone Field,recover-20220825,002,1795
268.3645,268.3717,25468,35971,Plecotus austriacus,0.006,0.024,-1,Echolocation,/mnt/ubna_data_01_mir/recover-20220825/UBNA_002/20220823_033000.WAV,Telephone Field,recover-20220825,002,1795
268.3725,268.41179999999997,68437,82762,Rhinolophus ferrumequinum,0.022,0.022,-1,Echolocation,/mnt/ubna_data_01_mir/recover-20220825/UBNA_002/20220823_033000.WAV,Telephone Field,recover-20220825,002,1795
268.3945,268.4044,55546,63657,Pipistrellus pygmaeus,0.024,0.026,-1,Echolocation,/mnt/ubna_data_01_mir/recover-20220825/UBNA_002/20220823_033000.WAV,Telephone Field,recover-20220825,002,1795
268.4265,268.4339,27187,37052,Eptesicus serotinus,0.009,0.025,-1,Echolocation,/mnt/ubna_data_01_mir/recover-20220825/UBNA_002/20220823_033000.WAV,Telephone Field,recover-20220825,002,1795
268.4315,268.471,68437,82448,Rhinolophus ferrumequinum,0.029,0.029,-1,Echolocation,/mnt/ubna_data_01_mir/recover-20220825/UBNA_002/20220823_033000.WAV,Telephone Field,recover-20220825,002,1795
268.4485,268.4855,68437,82096,Rhinolophus ferrumequinum,0.022,0.022,-1,Echolocation,/mnt/ubna_data_01_mir/recover-20220825/UBNA_002/20220823_033000.WAV,Telephone Field,recover-20220825,002,1795
268.4535,268.4917,68437,82202,Rhinolophus ferrumequinum,0.022,0.022,-1,Echolocation,/mnt/ubna_data_01_mir/recover-20220825/UBNA_002/20220823_033000.WAV,Telephone Field,recover-20220825,002,1795
268.4545,268.4617,23750,33112,Plecotus austriacus,0.018,0.046,-1,Echolocation,/mnt/ubna_data_01_mir/recover-20220825/UBNA_002/20220823_033000.WAV,Telephone Field,recover-20220825,002,1795
268.5015,268.5418,68437,82828,Rhinolophus ferrumequinum,0.032,0.032,-1,Echolocation,/mnt/ubna_data_01_mir/recover-20220825/UBNA_002/20220823_033000.WAV,Telephone Field,recover-20220825,002,1795
268.5335,268.5681,68437,81200,Rhinolophus ferrumequinum,0.023,0.023,-1,Echolocation,/mnt/ubna_data_01_mir/recover-20220825/UBNA_002/20220823_033000.WAV,Telephone Field,recover-20220825,002,1795
268.5495,268.5863,68437,81413,Rhinolophus ferrumequinum,0.023,0.023,-1,Echolocation,/mnt/ubna_data_01_mir/recover-20220825/UBNA_002/20220823_033000.WAV,Telephone Field,recover-20220825,002,1795
268.5705,268.6091,68437,82639,Rhinolophus ferrumequinum,0.025,0.025,-1,Echolocation,/mnt/ubna_data_01_mir/recover-20220825/UBNA_002/20220823_033000.WAV,Telephone Field,recover-20220825,002,1795
268.5825,268.5904,51250,55904,Pipistrellus pipistrellus,0.036,0.05,-1,Echolocation,/mnt/ubna_data_01_mir/recover-20220825/UBNA_002/20220823_033000.WAV,Telephone Field,recover-20220825,002,1795
268.6085,268.6475,68437,82113,Rhinolophus ferrumequinum,0.022,0.022,-1,Echolocation,/mnt/ubna_data_01_mir/recover-20220825/UBNA_002/20220823_033000.WAV,Telephone Field,recover-20220825,002,1795
268.6485,268.6599,22031,26430,Nyctalus leisleri,0.013,0.024,-1,Echolocation,/mnt/ubna_data_01_mir/recover-20220825/UBNA_002/20220823_033000.WAV,Telephone Field,recover-20220825,002,1795
268.6615,268.6717,28046,36601,Eptesicus serotinus,0.01,0.021,-1,Echolocation,/mnt/ubna_data_01_mir/recover-20220825/UBNA_002/20220823_033000.WAV,Telephone Field,recover-20220825,002,1795
268.6755,268.7062,68437,79911,Rhinolophus ferrumequinum,0.022,0.023,-1,Echolocation,/mnt/ubna_data_01_mir/recover-20220825/UBNA_002/20220823_033000.WAV,Telephone Field,recover-20220825,002,1795
268.7085,268.7456,68437,81190,Rhinolophus ferrumequinum,0.022,0.023,-1,Echolocation,/mnt/ubna_data_01_mir/recover-20220825/UBNA_002/20220823_033000.WAV,Telephone Field,recover-20220825,002,1795
268.7335,268.76800000000003,68437,81426,Rhinolophus ferrumequinum,0.023,0.023,-1,Echolocation,/mnt/ubna_data_01_mir/recover-20220825/UBNA_002/20220823_033000.WAV,Telephone Field,recover-20220825,002,1795
268.7585,268.7918,68437,80343,Rhinolophus ferrumequinum,0.024,0.024,-1,Echolocation,/mnt/ubna_data_01_mir/recover-20220825/UBNA_002/20220823_033000.WAV,Telephone Field,recover-20220825,002,1795
268.7765,268.7839,28046,39029,Eptesicus serotinus,0.006,0.022,-1,Echolocation,/mnt/ubna_data_01_mir/recover-20220825/UBNA_002/20220823_033000.WAV,Telephone Field,recover-20220825,002,1795
268.79449999999997,268.8302,68437,81500,Rhinolophus ferrumequinum,0.034,0.034,-1,Echolocation,/mnt/ubna_data_01_mir/recover-20220825/UBNA_002/20220823_033000.WAV,Telephone Field,recover-20220825,002,1795
268.8575,268.8978,68437,81997,Rhinolophus ferrumequinum,0.023,0.023,-1,Echolocation,/mnt/ubna_data_01_mir/recover-20220825/UBNA_002/20220823_033000.WAV,Telephone Field,recover-20220825,002,1795
268.8635,268.8719,28046,40577,Eptesicus serotinus,0.008,0.022,-1,Echolocation,/mnt/ubna_data_01_mir/recover-20220825/UBNA_002/20220823_033000.WAV,Telephone Field,recover-20220825,002,1795
268.8755,268.9159,68437,82237,Rhinolophus ferrumequinum,0.022,0.022,-1,Echolocation,/mnt/ubna_data_01_mir/recover-20220825/UBNA_002/20220823_033000.WAV,Telephone Field,recover-20220825,002,1795
268.8825,268.9233,68437,82902,Rhinolophus ferrumequinum,0.024,0.024,-1,Echolocation,/mnt/ubna_data_01_mir/recover-20220825/UBNA_002/20220823_033000.WAV,Telephone Field,recover-20220825,002,1795
268.8925,268.931,68437,81948,Rhinolophus ferrumequinum,0.021,0.021,-1,Echolocation,/mnt/ubna_data_01_mir/recover-20220825/UBNA_002/20220823_033000.WAV,Telephone Field,recover-20220825,002,1795
268.8935,268.9015,23750,32177,Plecotus austriacus,0.009,0.027,-1,Echolocation,/mnt/ubna_data_01_mir/recover-20220825/UBNA_002/20220823_033000.WAV,Telephone Field,recover-20220825,002,1795
268.8995,268.9079,26328,34750,Eptesicus serotinus,0.009,0.022,-1,Echolocation,/mnt/ubna_data_01_mir/recover-20220825/UBNA_002/20220823_033000.WAV,Telephone Field,recover-20220825,002,1795
268.8995,268.9391,68437,82129,Rhinolophus ferrumequinum,0.021,0.021,-1,Echolocation,/mnt/ubna_data_01_mir/recover-20220825/UBNA_002/20220823_033000.WAV,Telephone Field,recover-20220825,002,1795
268.9665,268.9789,22890,26937,Nyctalus leisleri,0.013,0.023,-1,Echolocation,/mnt/ubna_data_01_mir/recover-20220825/UBNA_002/20220823_033000.WAV,Telephone Field,recover-20220825,002,1795
268.97950000000003,269.0189,68437,82405,Rhinolophus ferrumequinum,0.024,0.024,-1,Echolocation,/mnt/ubna_data_01_mir/recover-20220825/UBNA_002/20220823_033000.WAV,Telephone Field,recover-20220825,002,1795
268.9835,268.9921,28046,38569,Eptesicus serotinus,0.009,0.024,-1,Echolocation,/mnt/ubna_data_01_mir/recover-20220825/UBNA_002/20220823_033000.WAV,Telephone Field,recover-20220825,002,1795
269.0325,269.0721,68437,82432,Rhinolophus ferrumequinum,0.026,0.026,-1,Echolocation,/mnt/ubna_data_01_mir/recover-20220825/UBNA_002/20220823_033000.WAV,Telephone Field,recover-20220825,002,1795
269.0785,269.1189,68437,82264,Rhinolophus ferrumequinum,0.026,0.026,-1,Echolocation,/mnt/ubna_data_01_mir/recover-20220825/UBNA_002/20220823_033000.WAV,Telephone Field,recover-20220825,002,1795
269.1025,269.1098,28046,37692,Eptesicus serotinus,0.008,0.026,-1,Echolocation,/mnt/ubna_data_01_mir/recover-20220825/UBNA_002/20220823_033000.WAV,Telephone Field,recover-20220825,002,1795
269.1235,269.1628,68437,82487,Rhinolophus ferrumequinum,0.024,0.024,-1,Echolocation,/mnt/ubna_data_01_mir/recover-20220825/UBNA_002/20220823_033000.WAV,Telephone Field,recover-20220825,002,1795
269.1355,269.1792,68437,82979,Rhinolophus ferrumequinum,0.027,0.027,-1,Echolocation,/mnt/ubna_data_01_mir/recover-20220825/UBNA_002/20220823_033000.WAV,Telephone Field,recover-20220825,002,1795
269.1585,269.1968,68437,82558,Rhinolophus ferrumequinum,0.022,0.022,-1,Echolocation,/mnt/ubna_data_01_mir/recover-20220825/UBNA_002/20220823_033000.WAV,Telephone Field,recover-20220825,002,1795
269.1815,269.1918,28906,37897,Eptesicus serotinus,0.013,0.029,-1,Echolocation,/mnt/ubna_data_01_mir/recover-20220825/UBNA_002/20220823_033000.WAV,Telephone Field,recover-20220825,002,1795
269.1855,269.2254,68437,82233,Rhinolophus ferrumequinum,0.031,0.031,-1,Echolocation,/mnt/ubna_data_01_mir/recover-20220825/UBNA_002/20220823_033000.WAV,Telephone Field,recover-20220825,002,1795
269.2325,269.2664,68437,80903,Rhinolophus ferrumequinum,0.022,0.022,-1,Echolocation,/mnt/ubna_data_01_mir/recover-20220825/UBNA_002/20220823_033000.WAV,Telephone Field,recover-20220825,002,1795
269.2455,269.2797,68437,80745,Rhinolophus ferrumequinum,0.022,0.022,-1,Echolocation,/mnt/ubna_data_01_mir/recover-20220825/UBNA_002/20220823_033000.WAV,Telephone Field,recover-20220825,002,1795
269.2475,269.259,26328,33813,Eptesicus serotinus,0.013,0.027,-1,Echolocation,/mnt/ubna_data_01_mir/recover-20220825/UBNA_002/20220823_033000.WAV,Telephone Field,recover-20220825,002,1795
269.2675,269.30740000000003,68437,82704,Rhinolophus ferrumequinum,0.021,0.021,-1,Echolocation,/mnt/ubna_data_01_mir/recover-20220825/UBNA_002/20220823_033000.WAV,Telephone Field,recover-20220825,002,1795
269.2845,269.3231,68437,81580,Rhinolophus ferrumequinum,0.023,0.023,-1,Echolocation,/mnt/ubna_data_01_mir/recover-20220825/UBNA_002/20220823_033000.WAV,Telephone Field,recover-20220825,002,1795
269.2875,269.2949,26328,35655,Eptesicus serotinus,0.009,0.024,-1,Echolocation,/mnt/ubna_data_01_mir/recover-20220825/UBNA_002/20220823_033000.WAV,Telephone Field,recover-20220825,002,1795
269.2985,269.3062,27187,36197,Eptesicus serotinus,0.012,0.029,-1,Echolocation,/mnt/ubna_data_01_mir/recover-20220825/UBNA_002/20220823_033000.WAV,Telephone Field,recover-20220825,002,1795
269.3125,269.34929999999997,68437,81652,Rhinolophus ferrumequinum,0.022,0.022,-1,Echolocation,/mnt/ubna_data_01_mir/recover-20220825/UBNA_002/20220823_033000.WAV,Telephone Field,recover-20220825,002,1795
269.3535,269.3883,68437,81561,Rhinolophus ferrumequinum,0.022,0.022,-1,Echolocation,/mnt/ubna_data_01_mir/recover-20220825/UBNA_002/20220823_033000.WAV,Telephone Field,recover-20220825,002,1795
269.3735,269.4131,68437,81985,Rhinolophus ferrumequinum,0.022,0.022,-1,Echolocation,/mnt/ubna_data_01_mir/recover-20220825/UBNA_002/20220823_033000.WAV,Telephone Field,recover-20220825,002,1795
269.3875,269.4271,68437,81943,Rhinolophus ferrumequinum,0.022,0.023,-1,Echolocation,/mnt/ubna_data_01_mir/recover-20220825/UBNA_002/20220823_033000.WAV,Telephone Field,recover-20220825,002,1795
269.4375,269.4465,25468,33870,Eptesicus serotinus,0.01,0.025,-1,Echolocation,/mnt/ubna_data_01_mir/recover-20220825/UBNA_002/20220823_033000.WAV,Telephone Field,recover-20220825,002,1795
269.4465,269.4816,68437,81913,Rhinolophus ferrumequinum,0.022,0.022,-1,Echolocation,/mnt/ubna_data_01_mir/recover-20220825/UBNA_002/20220823_033000.WAV,Telephone Field,recover-20220825,002,1795
269.45550000000003,269.4963,68437,82280,Rhinolophus ferrumequinum,0.024,0.024,-1,Echolocation,/mnt/ubna_data_01_mir/recover-20220825/UBNA_002/20220823_033000.WAV,Telephone Field,recover-20220825,002,1795
269.4595,269.4678,28906,40836,Eptesicus serotinus,0.008,0.022,-1,Echolocation,/mnt/ubna_data_01_mir/recover-20220825/UBNA_002/20220823_033000.WAV,Telephone Field,recover-20220825,002,1795
269.4995,269.5358,68437,81503,Rhinolophus ferrumequinum,0.022,0.022,-1,Echolocation,/mnt/ubna_data_01_mir/recover-20220825/UBNA_002/20220823_033000.WAV,Telephone Field,recover-20220825,002,1795
269.5815,269.5903,27187,38165,Eptesicus serotinus,0.01,0.025,-1,Echolocation,/mnt/ubna_data_01_mir/recover-20220825/UBNA_002/20220823_033000.WAV,Telephone Field,recover-20220825,002,1795
269.6395,269.6769,68437,82104,Rhinolophus ferrumequinum,0.028,0.028,-1,Echolocation,/mnt/ubna_data_01_mir/recover-20220825/UBNA_002/20220823_033000.WAV,Telephone Field,recover-20220825,002,1795
269.6465,269.6526,48671,56909,Pipistrellus pipistrellus,0.017,0.022,-1,Echolocation,/mnt/ubna_data_01_mir/recover-20220825/UBNA_002/20220823_033000.WAV,Telephone Field,recover-20220825,002,1795
269.6955,269.7369,68437,82688,Rhinolophus ferrumequinum,0.041,0.041,-1,Echolocation,/mnt/ubna_data_01_mir/recover-20220825/UBNA_002/20220823_033000.WAV,Telephone Field,recover-20220825,002,1795
269.7215,269.7591,68437,81506,Rhinolophus ferrumequinum,0.022,0.022,-1,Echolocation,/mnt/ubna_data_01_mir/recover-20220825/UBNA_002/20220823_033000.WAV,Telephone Field,recover-20220825,002,1795
269.7765,269.8171,68437,82615,Rhinolophus ferrumequinum,0.026,0.026,-1,Echolocation,/mnt/ubna_data_01_mir/recover-20220825/UBNA_002/20220823_033000.WAV,Telephone Field,recover-20220825,002,1795
269.7875,269.8251,68437,81903,Rhinolophus ferrumequinum,0.024,0.024,-1,Echolocation,/mnt/ubna_data_01_mir/recover-20220825/UBNA_002/20220823_033000.WAV,Telephone Field,recover-20220825,002,1795
269.8255,269.8658,68437,82395,Rhinolophus ferrumequinum,0.024,0.024,-1,Echolocation,/mnt/ubna_data_01_mir/recover-20220825/UBNA_002/20220823_033000.WAV,Telephone Field,recover-20220825,002,1795
269.8255,269.8345,26328,38431,Eptesicus serotinus,0.01,0.023,-1,Echolocation,/mnt/ubna_data_01_mir/recover-20220825/UBNA_002/20220823_033000.WAV,Telephone Field,recover-20220825,002,1795
269.8475,269.887,68437,82067,Rhinolophus ferrumequinum,0.023,0.023,-1,Echolocation,/mnt/ubna_data_01_mir/recover-20220825/UBNA_002/20220823_033000.WAV,Telephone Field,recover-20220825,002,1795
269.9425,269.98199999999997,68437,83010,Rhinolophus ferrumequinum,0.028,0.028,-1,Echolocation,/mnt/ubna_data_01_mir/recover-20220825/UBNA_002/20220823_033000.WAV,Telephone Field,recover-20220825,002,1795
270.0015,270.0107,48671,54524,Pipistrellus pipistrellus,0.018,0.023,-1,Echolocation,/mnt/ubna_data_01_mir/recover-20220825/UBNA_002/20220823_033000.WAV,Telephone Field,recover-20220825,002,1795
270.0015,270.0338,68437,79540,Rhinolophus ferrumequinum,0.031,0.031,-1,Echolocation,/mnt/ubna_data_01_mir/recover-20220825/UBNA_002/20220823_033000.WAV,Telephone Field,recover-20220825,002,1795
270.0015,270.0112,28046,38456,Eptesicus serotinus,0.014,0.035,-1,Echolocation,/mnt/ubna_data_01_mir/recover-20220825/UBNA_002/20220823_033000.WAV,Telephone Field,recover-20220825,002,1795
270.0075,270.047,68437,81644,Rhinolophus ferrumequinum,0.021,0.021,-1,Echolocation,/mnt/ubna_data_01_mir/recover-20220825/UBNA_002/20220823_033000.WAV,Telephone Field,recover-20220825,002,1795
270.0495,270.0882,68437,82327,Rhinolophus ferrumequinum,0.021,0.021,-1,Echolocation,/mnt/ubna_data_01_mir/recover-20220825/UBNA_002/20220823_033000.WAV,Telephone Field,recover-20220825,002,1795
270.0595,270.0999,68437,82403,Rhinolophus ferrumequinum,0.023,0.023,-1,Echolocation,/mnt/ubna_data_01_mir/recover-20220825/UBNA_002/20220823_033000.WAV,Telephone Field,recover-20220825,002,1795
270.0665,270.1056,68437,81887,Rhinolophus ferrumequinum,0.023,0.023,-1,Echolocation,/mnt/ubna_data_01_mir/recover-20220825/UBNA_002/20220823_033000.WAV,Telephone Field,recover-20220825,002,1795
270.0805,270.1196,68437,81767,Rhinolophus ferrumequinum,0.022,0.022,-1,Echolocation,/mnt/ubna_data_01_mir/recover-20220825/UBNA_002/20220823_033000.WAV,Telephone Field,recover-20220825,002,1795
270.0875,270.1264,68437,82307,Rhinolophus ferrumequinum,0.021,0.021,-1,Echolocation,/mnt/ubna_data_01_mir/recover-20220825/UBNA_002/20220823_033000.WAV,Telephone Field,recover-20220825,002,1795
270.1005,270.1344,68437,81107,Rhinolophus ferrumequinum,0.022,0.023,-1,Echolocation,/mnt/ubna_data_01_mir/recover-20220825/UBNA_002/20220823_033000.WAV,Telephone Field,recover-20220825,002,1795
270.1125,270.1191,25468,35354,Plecotus austriacus,0.014,0.043,-1,Echolocation,/mnt/ubna_data_01_mir/recover-20220825/UBNA_002/20220823_033000.WAV,Telephone Field,recover-20220825,002,1795
270.1235,270.1621,68437,82541,Rhinolophus ferrumequinum,0.022,0.022,-1,Echolocation,/mnt/ubna_data_01_mir/recover-20220825/UBNA_002/20220823_033000.WAV,Telephone Field,recover-20220825,002,1795
270.1365,270.1453,27187,37710,Eptesicus serotinus,0.008,0.024,-1,Echolocation,/mnt/ubna_data_01_mir/recover-20220825/UBNA_002/20220823_033000.WAV,Telephone Field,recover-20220825,002,1795
270.1435,270.1536,24609,31640,Nyctalus leisleri,0.008,0.023,-1,Echolocation,/mnt/ubna_data_01_mir/recover-20220825/UBNA_002/20220823_033000.WAV,Telephone Field,recover-20220825,002,1795
270.1595,270.1986,68437,81949,Rhinolophus ferrumequinum,0.025,0.025,-1,Echolocation,/mnt/ubna_data_01_mir/recover-20220825/UBNA_002/20220823_033000.WAV,Telephone Field,recover-20220825,002,1795
270.1665,270.2039,68437,82413,Rhinolophus ferrumequinum,0.023,0.023,-1,Echolocation,/mnt/ubna_data_01_mir/recover-20220825/UBNA_002/20220823_033000.WAV,Telephone Field,recover-20220825,002,1795
270.2265,270.2677,68437,82877,Rhinolophus ferrumequinum,0.035,0.035,-1,Echolocation,/mnt/ubna_data_01_mir/recover-20220825/UBNA_002/20220823_033000.WAV,Telephone Field,recover-20220825,002,1795
270.2425,270.281,68437,82408,Rhinolophus ferrumequinum,0.027,0.027,-1,Echolocation,/mnt/ubna_data_01_mir/recover-20220825/UBNA_002/20220823_033000.WAV,Telephone Field,recover-20220825,002,1795
270.2515,270.2598,24609,32593,Plecotus austriacus,0.006,0.023,-1,Echolocation,/mnt/ubna_data_01_mir/recover-20220825/UBNA_002/20220823_033000.WAV,Telephone Field,recover-20220825,002,1795
270.2715,270.3129,68437,82060,Rhinolophus ferrumequinum,0.024,0.024,-1,Echolocation,/mnt/ubna_data_01_mir/recover-20220825/UBNA_002/20220823_033000.WAV,Telephone Field,recover-20220825,002,1795
270.2745,270.2832,27187,37932,Eptesicus serotinus,0.007,0.021,-1,Echolocation,/mnt/ubna_data_01_mir/recover-20220825/UBNA_002/20220823_033000.WAV,Telephone Field,recover-20220825,002,1795
270.2835,270.2931,28046,36352,Eptesicus serotinus,0.01,0.023,-1,Echolocation,/mnt/ubna_data_01_mir/recover-20220825/UBNA_002/20220823_033000.WAV,Telephone Field,recover-20220825,002,1795
270.3025,270.3098,46953,51927,Pipistrellus pipistrellus,0.021,0.022,-1,Echolocation,/mnt/ubna_data_01_mir/recover-20220825/UBNA_002/20220823_033000.WAV,Telephone Field,recover-20220825,002,1795
270.3235,270.3343,22890,28414,Nyctalus leisleri,0.012,0.025,-1,Echolocation,/mnt/ubna_data_01_mir/recover-20220825/UBNA_002/20220823_033000.WAV,Telephone Field,recover-20220825,002,1795
270.3645,270.4016,68437,81152,Rhinolophus ferrumequinum,0.024,0.024,-1,Echolocation,/mnt/ubna_data_01_mir/recover-20220825/UBNA_002/20220823_033000.WAV,Telephone Field,recover-20220825,002,1795
270.3805,270.4164,68437,81825,Rhinolophus ferrumequinum,0.021,0.021,-1,Echolocation,/mnt/ubna_data_01_mir/recover-20220825/UBNA_002/20220823_033000.WAV,Telephone Field,recover-20220825,002,1795
270.4195,270.4517,68437,80966,Rhinolophus ferrumequinum,0.026,0.026,-1,Echolocation,/mnt/ubna_data_01_mir/recover-20220825/UBNA_002/20220823_033000.WAV,Telephone Field,recover-20220825,002,1795
270.4695,270.5066,68437,82054,Rhinolophus ferrumequinum,0.021,0.021,-1,Echolocation,/mnt/ubna_data_01_mir/recover-20220825/UBNA_002/20220823_033000.WAV,Telephone Field,recover-20220825,002,1795
270.4855,270.5265,68437,83068,Rhinolophus ferrumequinum,0.024,0.024,-1,Echolocation,/mnt/ubna_data_01_mir/recover-20220825/UBNA_002/20220823_033000.WAV,Telephone Field,recover-20220825,002,1795
270.5065,270.5138,27187,38443,Eptesicus serotinus,0.006,0.024,-1,Echolocation,/mnt/ubna_data_01_mir/recover-20220825/UBNA_002/20220823_033000.WAV,Telephone Field,recover-20220825,002,1795
270.5275,270.5677,68437,82341,Rhinolophus ferrumequinum,0.022,0.022,-1,Echolocation,/mnt/ubna_data_01_mir/recover-20220825/UBNA_002/20220823_033000.WAV,Telephone Field,recover-20220825,002,1795
270.5475,270.5576,22890,28229,Nyctalus leisleri,0.01,0.023,-1,Echolocation,/mnt/ubna_data_01_mir/recover-20220825/UBNA_002/20220823_033000.WAV,Telephone Field,recover-20220825,002,1795
270.5495,270.5868,68437,82005,Rhinolophus ferrumequinum,0.024,0.024,-1,Echolocation,/mnt/ubna_data_01_mir/recover-20220825/UBNA_002/20220823_033000.WAV,Telephone Field,recover-20220825,002,1795
270.5635,270.6031,68437,82700,Rhinolophus ferrumequinum,0.027,0.027,-1,Echolocation,/mnt/ubna_data_01_mir/recover-20220825/UBNA_002/20220823_033000.WAV,Telephone Field,recover-20220825,002,1795
270.5815,270.6169,68437,81307,Rhinolophus ferrumequinum,0.023,0.023,-1,Echolocation,/mnt/ubna_data_01_mir/recover-20220825/UBNA_002/20220823_033000.WAV,Telephone Field,recover-20220825,002,1795
270.6205,270.6334,23750,29283,Nyctalus leisleri,0.018,0.041,-1,Echolocation,/mnt/ubna_data_01_mir/recover-20220825/UBNA_002/20220823_033000.WAV,Telephone Field,recover-20220825,002,1795
270.6415,270.6844,68437,83212,Rhinolophus ferrumequinum,0.043,0.043,-1,Echolocation,/mnt/ubna_data_01_mir/recover-20220825/UBNA_002/20220823_033000.WAV,Telephone Field,recover-20220825,002,1795
270.6435,270.6576,16015,21197,Nyctalus noctula,0.028,0.04,-1,Echolocation,/mnt/ubna_data_01_mir/recover-20220825/UBNA_002/20220823_033000.WAV,Telephone Field,recover-20220825,002,1795
270.6775,270.7167,68437,82147,Rhinolophus ferrumequinum,0.03,0.03,-1,Echolocation,/mnt/ubna_data_01_mir/recover-20220825/UBNA_002/20220823_033000.WAV,Telephone Field,recover-20220825,002,1795
270.7665,270.8063,68437,82178,Rhinolophus ferrumequinum,0.024,0.024,-1,Echolocation,/mnt/ubna_data_01_mir/recover-20220825/UBNA_002/20220823_033000.WAV,Telephone Field,recover-20220825,002,1795
270.7755,270.8121,68437,81860,Rhinolophus ferrumequinum,0.023,0.023,-1,Echolocation,/mnt/ubna_data_01_mir/recover-20220825/UBNA_002/20220823_033000.WAV,Telephone Field,recover-20220825,002,1795
270.7905,270.8009,22890,29923,Nyctalus leisleri,0.009,0.028,-1,Echolocation,/mnt/ubna_data_01_mir/recover-20220825/UBNA_002/20220823_033000.WAV,Telephone Field,recover-20220825,002,1795
270.8415,270.879,68437,82076,Rhinolophus ferrumequinum,0.022,0.022,-1,Echolocation,/mnt/ubna_data_01_mir/recover-20220825/UBNA_002/20220823_033000.WAV,Telephone Field,recover-20220825,002,1795
270.8565,270.8665,23750,30157,Nyctalus leisleri,0.011,0.027,-1,Echolocation,/mnt/ubna_data_01_mir/recover-20220825/UBNA_002/20220823_033000.WAV,Telephone Field,recover-20220825,002,1795
270.8875,270.9242,68437,82079,Rhinolophus ferrumequinum,0.021,0.021,-1,Echolocation,/mnt/ubna_data_01_mir/recover-20220825/UBNA_002/20220823_033000.WAV,Telephone Field,recover-20220825,002,1795
270.9045,270.915,23750,29436,Nyctalus leisleri,0.009,0.022,-1,Echolocation,/mnt/ubna_data_01_mir/recover-20220825/UBNA_002/20220823_033000.WAV,Telephone Field,recover-20220825,002,1795
270.9435,270.9537,22890,28844,Nyctalus leisleri,0.009,0.023,-1,Echolocation,/mnt/ubna_data_01_mir/recover-20220825/UBNA_002/20220823_033000.WAV,Telephone Field,recover-20220825,002,1795
270.9515,270.9621,22890,27590,Nyctalus leisleri,0.011,0.022,-1,Echolocation,/mnt/ubna_data_01_mir/recover-20220825/UBNA_002/20220823_033000.WAV,Telephone Field,recover-20220825,002,1795
270.9785,270.9983,18593,22212,Nyctalus noctula,0.014,0.027,-1,Echolocation,/mnt/ubna_data_01_mir/recover-20220825/UBNA_002/20220823_033000.WAV,Telephone Field,recover-20220825,002,1795
270.9915,271.0276,68437,82106,Rhinolophus ferrumequinum,0.023,0.023,-1,Echolocation,/mnt/ubna_data_01_mir/recover-20220825/UBNA_002/20220823_033000.WAV,Telephone Field,recover-20220825,002,1795
271.0075,271.0414,68437,80651,Rhinolophus ferrumequinum,0.021,0.021,-1,Echolocation,/mnt/ubna_data_01_mir/recover-20220825/UBNA_002/20220823_033000.WAV,Telephone Field,recover-20220825,002,1795
271.0195,271.0585,68437,82049,Rhinolophus ferrumequinum,0.024,0.024,-1,Echolocation,/mnt/ubna_data_01_mir/recover-20220825/UBNA_002/20220823_033000.WAV,Telephone Field,recover-20220825,002,1795
271.0255,271.0365,22890,28116,Nyctalus leisleri,0.01,0.022,-1,Echolocation,/mnt/ubna_data_01_mir/recover-20220825/UBNA_002/20220823_033000.WAV,Telephone Field,recover-20220825,002,1795
271.0425,271.0796,68437,80759,Rhinolophus ferrumequinum,0.031,0.031,-1,Echolocation,/mnt/ubna_data_01_mir/recover-20220825/UBNA_002/20220823_033000.WAV,Telephone Field,recover-20220825,002,1795
271.0665,271.0775,28906,35216,Eptesicus serotinus,0.009,0.022,-1,Echolocation,/mnt/ubna_data_01_mir/recover-20220825/UBNA_002/20220823_033000.WAV,Telephone Field,recover-20220825,002,1795
271.0805,271.0917,22890,27999,Nyctalus leisleri,0.011,0.024,-1,Echolocation,/mnt/ubna_data_01_mir/recover-20220825/UBNA_002/20220823_033000.WAV,Telephone Field,recover-20220825,002,1795
271.1395,271.1776,68437,82172,Rhinolophus ferrumequinum,0.025,0.025,-1,Echolocation,/mnt/ubna_data_01_mir/recover-20220825/UBNA_002/20220823_033000.WAV,Telephone Field,recover-20220825,002,1795
271.1535,271.1638,22890,27972,Nyctalus leisleri,0.01,0.023,-1,Echolocation,/mnt/ubna_data_01_mir/recover-20220825/UBNA_002/20220823_033000.WAV,Telephone Field,recover-20220825,002,1795
271.1845,271.2199,68437,81651,Rhinolophus ferrumequinum,0.022,0.022,-1,Echolocation,/mnt/ubna_data_01_mir/recover-20220825/UBNA_002/20220823_033000.WAV,Telephone Field,recover-20220825,002,1795
271.2115,271.2502,68437,81904,Rhinolophus ferrumequinum,0.028,0.028,-1,Echolocation,/mnt/ubna_data_01_mir/recover-20220825/UBNA_002/20220823_033000.WAV,Telephone Field,recover-20220825,002,1795
271.2455,271.2821,68437,82103,Rhinolophus ferrumequinum,0.021,0.021,-1,Echolocation,/mnt/ubna_data_01_mir/recover-20220825/UBNA_002/20220823_033000.WAV,Telephone Field,recover-20220825,002,1795
271.2455,271.2557,28906,36336,Eptesicus serotinus,0.008,0.021,-1,Echolocation,/mnt/ubna_data_01_mir/recover-20220825/UBNA_002/20220823_033000.WAV,Telephone Field,recover-20220825,002,1795
271.2715,271.2829,28906,34797,Eptesicus serotinus,0.012,0.026,-1,Echolocation,/mnt/ubna_data_01_mir/recover-20220825/UBNA_002/20220823_033000.WAV,Telephone Field,recover-20220825,002,1795
271.2895,271.2994,23750,30602,Eptesicus serotinus,0.008,0.023,-1,Echolocation,/mnt/ubna_data_01_mir/recover-20220825/UBNA_002/20220823_033000.WAV,Telephone Field,recover-20220825,002,1795
271.2985,271.3392,68437,83037,Rhinolophus ferrumequinum,0.026,0.026,-1,Echolocation,/mnt/ubna_data_01_mir/recover-20220825/UBNA_002/20220823_033000.WAV,Telephone Field,recover-20220825,002,1795
271.3305,271.3376,23750,33214,Plecotus austriacus,0.012,0.025,-1,Echolocation,/mnt/ubna_data_01_mir/recover-20220825/UBNA_002/20220823_033000.WAV,Telephone Field,recover-20220825,002,1795
271.3365,271.3682,68437,80706,Rhinolophus ferrumequinum,0.021,0.021,-1,Echolocation,/mnt/ubna_data_01_mir/recover-20220825/UBNA_002/20220823_033000.WAV,Telephone Field,recover-20220825,002,1795
271.3495,271.3873,68437,82071,Rhinolophus ferrumequinum,0.022,0.022,-1,Echolocation,/mnt/ubna_data_01_mir/recover-20220825/UBNA_002/20220823_033000.WAV,Telephone Field,recover-20220825,002,1795
271.3595,271.3994,68437,82312,Rhinolophus ferrumequinum,0.023,0.023,-1,Echolocation,/mnt/ubna_data_01_mir/recover-20220825/UBNA_002/20220823_033000.WAV,Telephone Field,recover-20220825,002,1795
271.3775,271.4119,68437,80587,Rhinolophus ferrumequinum,0.021,0.022,-1,Echolocation,/mnt/ubna_data_01_mir/recover-20220825/UBNA_002/20220823_033000.WAV,Telephone Field,recover-20220825,002,1795
271.3955,271.4346,68437,82543,Rhinolophus ferrumequinum,0.026,0.026,-1,Echolocation,/mnt/ubna_data_01_mir/recover-20220825/UBNA_002/20220823_033000.WAV,Telephone Field,recover-20220825,002,1795
271.3975,271.4076,22890,28881,Nyctalus leisleri,0.009,0.023,-1,Echolocation,/mnt/ubna_data_01_mir/recover-20220825/UBNA_002/20220823_033000.WAV,Telephone Field,recover-20220825,002,1795
271.4205,271.4562,68437,81493,Rhinolophus ferrumequinum,0.022,0.022,-1,Echolocation,/mnt/ubna_data_01_mir/recover-20220825/UBNA_002/20220823_033000.WAV,Telephone Field,recover-20220825,002,1795
271.4555,271.4965,68437,83347,Rhinolophus ferrumequinum,0.043,0.043,-1,Echolocation,/mnt/ubna_data_01_mir/recover-20220825/UBNA_002/20220823_033000.WAV,Telephone Field,recover-20220825,002,1795
271.4955,271.5357,68437,82279,Rhinolophus ferrumequinum,0.021,0.021,-1,Echolocation,/mnt/ubna_data_01_mir/recover-20220825/UBNA_002/20220823_033000.WAV,Telephone Field,recover-20220825,002,1795
271.5025,271.5397,68437,81993,Rhinolophus ferrumequinum,0.022,0.022,-1,Echolocation,/mnt/ubna_data_01_mir/recover-20220825/UBNA_002/20220823_033000.WAV,Telephone Field,recover-20220825,002,1795
271.5335,271.544,23750,30453,Nyctalus leisleri,0.008,0.022,-1,Echolocation,/mnt/ubna_data_01_mir/recover-20220825/UBNA_002/20220823_033000.WAV,Telephone Field,recover-20220825,002,1795
271.5515,271.5897,68437,82159,Rhinolophus ferrumequinum,0.026,0.026,-1,Echolocation,/mnt/ubna_data_01_mir/recover-20220825/UBNA_002/20220823_033000.WAV,Telephone Field,recover-20220825,002,1795
271.5755,271.6137,68437,82070,Rhinolophus ferrumequinum,0.029,0.029,-1,Echolocation,/mnt/ubna_data_01_mir/recover-20220825/UBNA_002/20220823_033000.WAV,Telephone Field,recover-20220825,002,1795
271.5925,271.6321,68437,82454,Rhinolophus ferrumequinum,0.025,0.025,-1,Echolocation,/mnt/ubna_data_01_mir/recover-20220825/UBNA_002/20220823_033000.WAV,Telephone Field,recover-20220825,002,1795
271.5985,271.6084,22890,28962,Nyctalus leisleri,0.009,0.022,-1,Echolocation,/mnt/ubna_data_01_mir/recover-20220825/UBNA_002/20220823_033000.WAV,Telephone Field,recover-20220825,002,1795
271.6075,271.6201,22031,26609,Nyctalus leisleri,0.013,0.023,-1,Echolocation,/mnt/ubna_data_01_mir/recover-20220825/UBNA_002/20220823_033000.WAV,Telephone Field,recover-20220825,002,1795
271.6215,271.6629,68437,81888,Rhinolophus ferrumequinum,0.038,0.038,-1,Echolocation,/mnt/ubna_data_01_mir/recover-20220825/UBNA_002/20220823_033000.WAV,Telephone Field,recover-20220825,002,1795
271.6765,271.7196,68437,83342,Rhinolophus ferrumequinum,0.041,0.041,-1,Echolocation,/mnt/ubna_data_01_mir/recover-20220825/UBNA_002/20220823_033000.WAV,Telephone Field,recover-20220825,002,1795
271.7105,271.7468,68437,81223,Rhinolophus ferrumequinum,0.021,0.021,-1,Echolocation,/mnt/ubna_data_01_mir/recover-20220825/UBNA_002/20220823_033000.WAV,Telephone Field,recover-20220825,002,1795
271.7645,271.7753,22890,27450,Nyctalus leisleri,0.013,0.023,-1,Echolocation,/mnt/ubna_data_01_mir/recover-20220825/UBNA_002/20220823_033000.WAV,Telephone Field,recover-20220825,002,1795
271.7695,271.8097,68437,82284,Rhinolophus ferrumequinum,0.022,0.022,-1,Echolocation,/mnt/ubna_data_01_mir/recover-20220825/UBNA_002/20220823_033000.WAV,Telephone Field,recover-20220825,002,1795
271.8005,271.8366,68437,82174,Rhinolophus ferrumequinum,0.023,0.023,-1,Echolocation,/mnt/ubna_data_01_mir/recover-20220825/UBNA_002/20220823_033000.WAV,Telephone Field,recover-20220825,002,1795
271.8155,271.8237,28906,38410,Eptesicus serotinus,0.007,0.022,-1,Echolocation,/mnt/ubna_data_01_mir/recover-20220825/UBNA_002/20220823_033000.WAV,Telephone Field,recover-20220825,002,1795
271.8165,271.8257,44375,49370,Pipistrellus pipistrellus,0.03,0.034,-1,Echolocation,/mnt/ubna_data_01_mir/recover-20220825/UBNA_002/20220823_033000.WAV,Telephone Field,recover-20220825,002,1795
271.8345,271.8735,68437,81907,Rhinolophus ferrumequinum,0.023,0.023,-1,Echolocation,/mnt/ubna_data_01_mir/recover-20220825/UBNA_002/20220823_033000.WAV,Telephone Field,recover-20220825,002,1795
271.8435,271.8833,68437,82366,Rhinolophus ferrumequinum,0.021,0.021,-1,Echolocation,/mnt/ubna_data_01_mir/recover-20220825/UBNA_002/20220823_033000.WAV,Telephone Field,recover-20220825,002,1795
271.8565,271.8659,27187,38147,Eptesicus serotinus,0.008,0.021,-1,Echolocation,/mnt/ubna_data_01_mir/recover-20220825/UBNA_002/20220823_033000.WAV,Telephone Field,recover-20220825,002,1795
271.8785,271.9197,68437,82712,Rhinolophus ferrumequinum,0.027,0.027,-1,Echolocation,/mnt/ubna_data_01_mir/recover-20220825/UBNA_002/20220823_033000.WAV,Telephone Field,recover-20220825,002,1795
271.8845,271.8913,28906,37900,Eptesicus serotinus,0.006,0.024,-1,Echolocation,/mnt/ubna_data_01_mir/recover-20220825/UBNA_002/20220823_033000.WAV,Telephone Field,recover-20220825,002,1795
271.8855,271.8924,23750,32303,Plecotus austriacus,0.012,0.023,-1,Echolocation,/mnt/ubna_data_01_mir/recover-20220825/UBNA_002/20220823_033000.WAV,Telephone Field,recover-20220825,002,1795
271.9075,271.9472,68437,82320,Rhinolophus ferrumequinum,0.022,0.022,-1,Echolocation,/mnt/ubna_data_01_mir/recover-20220825/UBNA_002/20220823_033000.WAV,Telephone Field,recover-20220825,002,1795
271.9485,271.9873,68437,81665,Rhinolophus ferrumequinum,0.023,0.023,-1,Echolocation,/mnt/ubna_data_01_mir/recover-20220825/UBNA_002/20220823_033000.WAV,Telephone Field,recover-20220825,002,1795
271.9535,271.9905,68437,81892,Rhinolophus ferrumequinum,0.023,0.023,-1,Echolocation,/mnt/ubna_data_01_mir/recover-20220825/UBNA_002/20220823_033000.WAV,Telephone Field,recover-20220825,002,1795
272.0015,272.016,56406,63028,Pipistrellus pygmaeus,0.018,0.023,-1,Echolocation,/mnt/ubna_data_01_mir/recover-20220825/UBNA_002/20220823_033000.WAV,Telephone Field,recover-20220825,002,1795
272.0015,272.0107,27187,34934,Eptesicus serotinus,0.017,0.038,-1,Echolocation,/mnt/ubna_data_01_mir/recover-20220825/UBNA_002/20220823_033000.WAV,Telephone Field,recover-20220825,002,1795
272.0015,272.0363,68437,80399,Rhinolophus ferrumequinum,0.038,0.039,-1,Echolocation,/mnt/ubna_data_01_mir/recover-20220825/UBNA_002/20220823_033000.WAV,Telephone Field,recover-20220825,002,1795
272.0075,272.017,28046,36029,Eptesicus serotinus,0.017,0.034,-1,Echolocation,/mnt/ubna_data_01_mir/recover-20220825/UBNA_002/20220823_033000.WAV,Telephone Field,recover-20220825,002,1795
272.0555,272.065,24609,31338,Nyctalus leisleri,0.008,0.025,-1,Echolocation,/mnt/ubna_data_01_mir/recover-20220825/UBNA_002/20220823_033000.WAV,Telephone Field,recover-20220825,002,1795
272.0615,272.101,68437,82514,Rhinolophus ferrumequinum,0.025,0.025,-1,Echolocation,/mnt/ubna_data_01_mir/recover-20220825/UBNA_002/20220823_033000.WAV,Telephone Field,recover-20220825,002,1795
272.0865,272.1258,68437,82389,Rhinolophus ferrumequinum,0.027,0.027,-1,Echolocation,/mnt/ubna_data_01_mir/recover-20220825/UBNA_002/20220823_033000.WAV,Telephone Field,recover-20220825,002,1795
272.0905,272.0987,28046,37388,Eptesicus serotinus,0.007,0.022,-1,Echolocation,/mnt/ubna_data_01_mir/recover-20220825/UBNA_002/20220823_033000.WAV,Telephone Field,recover-20220825,002,1795
272.0995,272.137,68437,81884,Rhinolophus ferrumequinum,0.023,0.023,-1,Echolocation,/mnt/ubna_data_01_mir/recover-20220825/UBNA_002/20220823_033000.WAV,Telephone Field,recover-20220825,002,1795
272.1225,272.1627,68437,82506,Rhinolophus ferrumequinum,0.038,0.038,-1,Echolocation,/mnt/ubna_data_01_mir/recover-20220825/UBNA_002/20220823_033000.WAV,Telephone Field,recover-20220825,002,1795
272.1565,272.195,68437,82491,Rhinolophus ferrumequinum,0.024,0.024,-1,Echolocation,/mnt/ubna_data_01_mir/recover-20220825/UBNA_002/20220823_033000.WAV,Telephone Field,recover-20220825,002,1795
272.1725,272.2145,68437,82824,Rhinolophus ferrumequinum,0.025,0.025,-1,Echolocation,/mnt/ubna_data_01_mir/recover-20220825/UBNA_002/20220823_033000.WAV,Telephone Field,recover-20220825,002,1795
272.1875,272.2262,68437,82387,Rhinolophus ferrumequinum,0.021,0.021,-1,Echolocation,/mnt/ubna_data_01_mir/recover-20220825/UBNA_002/20220823_033000.WAV,Telephone Field,recover-20220825,002,1795
272.1995,272.2368,68437,81785,Rhinolophus ferrumequinum,0.021,0.021,-1,Echolocation,/mnt/ubna_data_01_mir/recover-20220825/UBNA_002/20220823_033000.WAV,Telephone Field,recover-20220825,002,1795
272.2285,272.2385,28046,35717,Eptesicus serotinus,0.012,0.025,-1,Echolocation,/mnt/ubna_data_01_mir/recover-20220825/UBNA_002/20220823_033000.WAV,Telephone Field,recover-20220825,002,1795
272.2595,272.2658,45234,51345,Pipistrellus pipistrellus,0.03,0.032,-1,Echolocation,/mnt/ubna_data_01_mir/recover-20220825/UBNA_002/20220823_033000.WAV,Telephone Field,recover-20220825,002,1795
272.2715,272.3107,68437,82468,Rhinolophus ferrumequinum,0.026,0.026,-1,Echolocation,/mnt/ubna_data_01_mir/recover-20220825/UBNA_002/20220823_033000.WAV,Telephone Field,recover-20220825,002,1795
272.3115,272.3226,24609,31413,Nyctalus leisleri,0.01,0.028,-1,Echolocation,/mnt/ubna_data_01_mir/recover-20220825/UBNA_002/20220823_033000.WAV,Telephone Field,recover-20220825,002,1795
272.3215,272.33389999999997,22890,27400,Nyctalus leisleri,0.015,0.029,-1,Echolocation,/mnt/ubna_data_01_mir/recover-20220825/UBNA_002/20220823_033000.WAV,Telephone Field,recover-20220825,002,1795
272.3335,272.3727,68437,82961,Rhinolophus ferrumequinum,0.023,0.023,-1,Echolocation,/mnt/ubna_data_01_mir/recover-20220825/UBNA_002/20220823_033000.WAV,Telephone Field,recover-20220825,002,1795
272.3505,272.3894,68437,81411,Rhinolophus ferrumequinum,0.03,0.03,-1,Echolocation,/mnt/ubna_data_01_mir/recover-20220825/UBNA_002/20220823_033000.WAV,Telephone Field,recover-20220825,002,1795
272.3595,272.3667,25468,34504,Plecotus austriacus,0.005,0.022,-1,Echolocation,/mnt/ubna_data_01_mir/recover-20220825/UBNA_002/20220823_033000.WAV,Telephone Field,recover-20220825,002,1795
272.3935,272.4321,68437,82004,Rhinolophus ferrumequinum,0.024,0.024,-1,Echolocation,/mnt/ubna_data_01_mir/recover-20220825/UBNA_002/20220823_033000.WAV,Telephone Field,recover-20220825,002,1795
272.4115,272.4476,68437,82030,Rhinolophus ferrumequinum,0.023,0.023,-1,Echolocation,/mnt/ubna_data_01_mir/recover-20220825/UBNA_002/20220823_033000.WAV,Telephone Field,recover-20220825,002,1795
272.4505,272.4591,27187,38197,Eptesicus serotinus,0.008,0.022,-1,Echolocation,/mnt/ubna_data_01_mir/recover-20220825/UBNA_002/20220823_033000.WAV,Telephone Field,recover-20220825,002,1795
272.4615,272.4984,68437,82052,Rhinolophus ferrumequinum,0.024,0.024,-1,Echolocation,/mnt/ubna_data_01_mir/recover-20220825/UBNA_002/20220823_033000.WAV,Telephone Field,recover-20220825,002,1795
272.4755,272.5143,68437,82082,Rhinolophus ferrumequinum,0.021,0.021,-1,Echolocation,/mnt/ubna_data_01_mir/recover-20220825/UBNA_002/20220823_033000.WAV,Telephone Field,recover-20220825,002,1795
272.4815,272.4929,33203,38899,Eptesicus serotinus,0.006,0.025,-1,Echolocation,/mnt/ubna_data_01_mir/recover-20220825/UBNA_002/20220823_033000.WAV,Telephone Field,recover-20220825,002,1795
272.4835,272.5212,68437,82394,Rhinolophus ferrumequinum,0.021,0.021,-1,Echolocation,/mnt/ubna_data_01_mir/recover-20220825/UBNA_002/20220823_033000.WAV,Telephone Field,recover-20220825,002,1795
272.4855,272.4936,27187,37361,Eptesicus serotinus,0.007,0.022,-1,Echolocation,/mnt/ubna_data_01_mir/recover-20220825/UBNA_002/20220823_033000.WAV,Telephone Field,recover-20220825,002,1795
272.5085,272.5164,27187,38626,Eptesicus serotinus,0.008,0.023,-1,Echolocation,/mnt/ubna_data_01_mir/recover-20220825/UBNA_002/20220823_033000.WAV,Telephone Field,recover-20220825,002,1795
272.5115,272.5494,68437,81781,Rhinolophus ferrumequinum,0.024,0.024,-1,Echolocation,/mnt/ubna_data_01_mir/recover-20220825/UBNA_002/20220823_033000.WAV,Telephone Field,recover-20220825,002,1795
272.5115,272.522,22031,27793,Nyctalus leisleri,0.01,0.025,-1,Echolocation,/mnt/ubna_data_01_mir/recover-20220825/UBNA_002/20220823_033000.WAV,Telephone Field,recover-20220825,002,1795
272.5325,272.5737,68437,81987,Rhinolophus ferrumequinum,0.023,0.023,-1,Echolocation,/mnt/ubna_data_01_mir/recover-20220825/UBNA_002/20220823_033000.WAV,Telephone Field,recover-20220825,002,1795
272.5965,272.6066,23750,29652,Nyctalus leisleri,0.009,0.022,-1,Echolocation,/mnt/ubna_data_01_mir/recover-20220825/UBNA_002/20220823_033000.WAV,Telephone Field,recover-20220825,002,1795
272.6055,272.645,68437,82002,Rhinolophus ferrumequinum,0.024,0.024,-1,Echolocation,/mnt/ubna_data_01_mir/recover-20220825/UBNA_002/20220823_033000.WAV,Telephone Field,recover-20220825,002,1795
272.6115,272.6269,21171,24612,Nyctalus leisleri,0.013,0.021,-1,Echolocation,/mnt/ubna_data_01_mir/recover-20220825/UBNA_002/20220823_033000.WAV,Telephone Field,recover-20220825,002,1795
272.6305,272.6711,68437,82395,Rhinolophus ferrumequinum,0.024,0.024,-1,Echolocation,/mnt/ubna_data_01_mir/recover-20220825/UBNA_002/20220823_033000.WAV,Telephone Field,recover-20220825,002,1795
272.6645,272.7009,68437,81398,Rhinolophus ferrumequinum,0.022,0.022,-1,Echolocation,/mnt/ubna_data_01_mir/recover-20220825/UBNA_002/20220823_033000.WAV,Telephone Field,recover-20220825,002,1795
272.6855,272.698,22890,27762,Nyctalus leisleri,0.012,0.024,-1,Echolocation,/mnt/ubna_data_01_mir/recover-20220825/UBNA_002/20220823_033000.WAV,Telephone Field,recover-20220825,002,1795
272.6875,272.7268,68437,82413,Rhinolophus ferrumequinum,0.026,0.026,-1,Echolocation,/mnt/ubna_data_01_mir/recover-20220825/UBNA_002/20220823_033000.WAV,Telephone Field,recover-20220825,002,1795
272.7125,272.75,68437,82533,Rhinolophus ferrumequinum,0.022,0.022,-1,Echolocation,/mnt/ubna_data_01_mir/recover-20220825/UBNA_002/20220823_033000.WAV,Telephone Field,recover-20220825,002,1795
272.7155,272.7222,27187,40923,Eptesicus serotinus,0.006,0.024,-1,Echolocation,/mnt/ubna_data_01_mir/recover-20220825/UBNA_002/20220823_033000.WAV,Telephone Field,recover-20220825,002,1795
272.7225,272.7577,68437,81621,Rhinolophus ferrumequinum,0.022,0.022,-1,Echolocation,/mnt/ubna_data_01_mir/recover-20220825/UBNA_002/20220823_033000.WAV,Telephone Field,recover-20220825,002,1795
272.7405,272.7801,68437,82637,Rhinolophus ferrumequinum,0.029,0.029,-1,Echolocation,/mnt/ubna_data_01_mir/recover-20220825/UBNA_002/20220823_033000.WAV,Telephone Field,recover-20220825,002,1795
272.7855,272.8273,68437,83101,Rhinolophus ferrumequinum,0.025,0.025,-1,Echolocation,/mnt/ubna_data_01_mir/recover-20220825/UBNA_002/20220823_033000.WAV,Telephone Field,recover-20220825,002,1795
272.7865,272.7946,27187,38729,Eptesicus serotinus,0.007,0.021,-1,Echolocation,/mnt/ubna_data_01_mir/recover-20220825/UBNA_002/20220823_033000.WAV,Telephone Field,recover-20220825,002,1795
272.7995,272.8393,68437,82680,Rhinolophus ferrumequinum,0.027,0.027,-1,Echolocation,/mnt/ubna_data_01_mir/recover-20220825/UBNA_002/20220823_033000.WAV,Telephone Field,recover-20220825,002,1795
272.8325,272.8696,68437,81749,Rhinolophus ferrumequinum,0.024,0.024,-1,Echolocation,/mnt/ubna_data_01_mir/recover-20220825/UBNA_002/20220823_033000.WAV,Telephone Field,recover-20220825,002,1795
272.8645,272.8733,23750,30959,Nyctalus leisleri,0.007,0.023,-1,Echolocation,/mnt/ubna_data_01_mir/recover-20220825/UBNA_002/20220823_033000.WAV,Telephone Field,recover-20220825,002,1795
272.8985,272.9351,68437,82304,Rhinolophus ferrumequinum,0.021,0.021,-1,Echolocation,/mnt/ubna_data_01_mir/recover-20220825/UBNA_002/20220823_033000.WAV,Telephone Field,recover-20220825,002,1795
272.9195,272.927,27187,37527,Eptesicus serotinus,0.007,0.022,-1,Echolocation,/mnt/ubna_data_01_mir/recover-20220825/UBNA_002/20220823_033000.WAV,Telephone Field,recover-20220825,002,1795
272.9425,272.9533,23750,29739,Nyctalus leisleri,0.01,0.025,-1,Echolocation,/mnt/ubna_data_01_mir/recover-20220825/UBNA_002/20220823_033000.WAV,Telephone Field,recover-20220825,002,1795
272.9555,272.9955,68437,83094,Rhinolophus ferrumequinum,0.029,0.029,-1,Echolocation,/mnt/ubna_data_01_mir/recover-20220825/UBNA_002/20220823_033000.WAV,Telephone Field,recover-20220825,002,1795
273.0455,273.08389999999997,68437,82628,Rhinolophus ferrumequinum,0.022,0.023,-1,Echolocation,/mnt/ubna_data_01_mir/recover-20220825/UBNA_002/20220823_033000.WAV,Telephone Field,recover-20220825,002,1795
273.0885,273.1278,68437,81403,Rhinolophus ferrumequinum,0.023,0.023,-1,Echolocation,/mnt/ubna_data_01_mir/recover-20220825/UBNA_002/20220823_033000.WAV,Telephone Field,recover-20220825,002,1795
273.0975,273.1346,68437,81568,Rhinolophus ferrumequinum,0.026,0.026,-1,Echolocation,/mnt/ubna_data_01_mir/recover-20220825/UBNA_002/20220823_033000.WAV,Telephone Field,recover-20220825,002,1795
273.1445,273.1529,27187,38152,Eptesicus serotinus,0.008,0.022,-1,Echolocation,/mnt/ubna_data_01_mir/recover-20220825/UBNA_002/20220823_033000.WAV,Telephone Field,recover-20220825,002,1795
273.1465,273.1911,68437,83344,Rhinolophus ferrumequinum,0.048,0.048,-1,Echolocation,/mnt/ubna_data_01_mir/recover-20220825/UBNA_002/20220823_033000.WAV,Telephone Field,recover-20220825,002,1795
273.2015,273.2383,68437,81821,Rhinolophus ferrumequinum,0.021,0.021,-1,Echolocation,/mnt/ubna_data_01_mir/recover-20220825/UBNA_002/20220823_033000.WAV,Telephone Field,recover-20220825,002,1795
273.2035,273.214,22890,28000,Nyctalus leisleri,0.011,0.023,-1,Echolocation,/mnt/ubna_data_01_mir/recover-20220825/UBNA_002/20220823_033000.WAV,Telephone Field,recover-20220825,002,1795
273.2355,273.2706,68437,80867,Rhinolophus ferrumequinum,0.021,0.021,-1,Echolocation,/mnt/ubna_data_01_mir/recover-20220825/UBNA_002/20220823_033000.WAV,Telephone Field,recover-20220825,002,1795
273.2835,273.2912,28046,37531,Eptesicus serotinus,0.007,0.021,-1,Echolocation,/mnt/ubna_data_01_mir/recover-20220825/UBNA_002/20220823_033000.WAV,Telephone Field,recover-20220825,002,1795
273.3205,273.3617,68437,82552,Rhinolophus ferrumequinum,0.023,0.023,-1,Echolocation,/mnt/ubna_data_01_mir/recover-20220825/UBNA_002/20220823_033000.WAV,Telephone Field,recover-20220825,002,1795
273.3615,273.4021,68437,82699,Rhinolophus ferrumequinum,0.032,0.032,-1,Echolocation,/mnt/ubna_data_01_mir/recover-20220825/UBNA_002/20220823_033000.WAV,Telephone Field,recover-20220825,002,1795
273.3875,273.4248,68437,82343,Rhinolophus ferrumequinum,0.023,0.023,-1,Echolocation,/mnt/ubna_data_01_mir/recover-20220825/UBNA_002/20220823_033000.WAV,Telephone Field,recover-20220825,002,1795
273.4185,273.4547,68437,81660,Rhinolophus ferrumequinum,0.022,0.022,-1,Echolocation,/mnt/ubna_data_01_mir/recover-20220825/UBNA_002/20220823_033000.WAV,Telephone Field,recover-20220825,002,1795
273.4905,273.4988,27187,39981,Eptesicus serotinus,0.009,0.022,-1,Echolocation,/mnt/ubna_data_01_mir/recover-20220825/UBNA_002/20220823_033000.WAV,Telephone Field,recover-20220825,002,1795
273.4955,273.5338,68437,81983,Rhinolophus ferrumequinum,0.021,0.021,-1,Echolocation,/mnt/ubna_data_01_mir/recover-20220825/UBNA_002/20220823_033000.WAV,Telephone Field,recover-20220825,002,1795
273.5095,273.5179,28046,36889,Eptesicus serotinus,0.009,0.023,-1,Echolocation,/mnt/ubna_data_01_mir/recover-20220825/UBNA_002/20220823_033000.WAV,Telephone Field,recover-20220825,002,1795
273.5735,273.6122,68437,82554,Rhinolophus ferrumequinum,0.024,0.024,-1,Echolocation,/mnt/ubna_data_01_mir/recover-20220825/UBNA_002/20220823_033000.WAV,Telephone Field,recover-20220825,002,1795
273.6055,273.6432,68437,81831,Rhinolophus ferrumequinum,0.023,0.023,-1,Echolocation,/mnt/ubna_data_01_mir/recover-20220825/UBNA_002/20220823_033000.WAV,Telephone Field,recover-20220825,002,1795
273.6325,273.6391,24609,34307,Plecotus austriacus,0.009,0.025,-1,Echolocation,/mnt/ubna_data_01_mir/recover-20220825/UBNA_002/20220823_033000.WAV,Telephone Field,recover-20220825,002,1795
273.6445,273.6844,68437,81246,Rhinolophus ferrumequinum,0.022,0.022,-1,Echolocation,/mnt/ubna_data_01_mir/recover-20220825/UBNA_002/20220823_033000.WAV,Telephone Field,recover-20220825,002,1795
273.6535,273.6912,68437,82311,Rhinolophus ferrumequinum,0.021,0.021,-1,Echolocation,/mnt/ubna_data_01_mir/recover-20220825/UBNA_002/20220823_033000.WAV,Telephone Field,recover-20220825,002,1795
273.7015,273.7411,68437,82131,Rhinolophus ferrumequinum,0.023,0.023,-1,Echolocation,/mnt/ubna_data_01_mir/recover-20220825/UBNA_002/20220823_033000.WAV,Telephone Field,recover-20220825,002,1795
273.7095,273.7465,68437,82408,Rhinolophus ferrumequinum,0.022,0.022,-1,Echolocation,/mnt/ubna_data_01_mir/recover-20220825/UBNA_002/20220823_033000.WAV,Telephone Field,recover-20220825,002,1795
273.7105,273.7195,22890,29446,Plecotus austriacus,0.012,0.028,-1,Echolocation,/mnt/ubna_data_01_mir/recover-20220825/UBNA_002/20220823_033000.WAV,Telephone Field,recover-20220825,002,1795
273.7455,273.7844,68437,82666,Rhinolophus ferrumequinum,0.023,0.023,-1,Echolocation,/mnt/ubna_data_01_mir/recover-20220825/UBNA_002/20220823_033000.WAV,Telephone Field,recover-20220825,002,1795
273.7475,273.7544,30625,47132,Myotis daubentonii,0.013,0.024,-1,Echolocation,/mnt/ubna_data_01_mir/recover-20220825/UBNA_002/20220823_033000.WAV,Telephone Field,recover-20220825,002,1795
273.8115,273.8503,68437,82229,Rhinolophus ferrumequinum,0.023,0.023,-1,Echolocation,/mnt/ubna_data_01_mir/recover-20220825/UBNA_002/20220823_033000.WAV,Telephone Field,recover-20220825,002,1795
273.8265,273.864,68437,82332,Rhinolophus ferrumequinum,0.024,0.024,-1,Echolocation,/mnt/ubna_data_01_mir/recover-20220825/UBNA_002/20220823_033000.WAV,Telephone Field,recover-20220825,002,1795
273.8905,273.9306,68437,81944,Rhinolophus ferrumequinum,0.024,0.024,-1,Echolocation,/mnt/ubna_data_01_mir/recover-20220825/UBNA_002/20220823_033000.WAV,Telephone Field,recover-20220825,002,1795
273.8955,273.9078,27187,33330,Eptesicus serotinus,0.056,0.086,-1,Echolocation,/mnt/ubna_data_01_mir/recover-20220825/UBNA_002/20220823_033000.WAV,Telephone Field,recover-20220825,002,1795
273.9275,273.965,68437,82275,Rhinolophus ferrumequinum,0.024,0.024,-1,Echolocation,/mnt/ubna_data_01_mir/recover-20220825/UBNA_002/20220823_033000.WAV,Telephone Field,recover-20220825,002,1795
273.9365,273.9746,68437,82051,Rhinolophus ferrumequinum,0.021,0.021,-1,Echolocation,/mnt/ubna_data_01_mir/recover-20220825/UBNA_002/20220823_033000.WAV,Telephone Field,recover-20220825,002,1795
274.0015,274.012,21171,26665,Nyctalus leisleri,0.011,0.028,-1,Echolocation,/mnt/ubna_data_01_mir/recover-20220825/UBNA_002/20220823_033000.WAV,Telephone Field,recover-20220825,002,1795
274.0015,274.0332,68437,80576,Rhinolophus ferrumequinum,0.028,0.028,-1,Echolocation,/mnt/ubna_data_01_mir/recover-20220825/UBNA_002/20220823_033000.WAV,Telephone Field,recover-20220825,002,1795
274.0015,274.0101,26328,33929,Eptesicus serotinus,0.006,0.023,-1,Echolocation,/mnt/ubna_data_01_mir/recover-20220825/UBNA_002/20220823_033000.WAV,Telephone Field,recover-20220825,002,1795
274.0255,274.034,28046,39174,Eptesicus serotinus,0.008,0.024,-1,Echolocation,/mnt/ubna_data_01_mir/recover-20220825/UBNA_002/20220823_033000.WAV,Telephone Field,recover-20220825,002,1795
274.0685,274.1093,68437,82686,Rhinolophus ferrumequinum,0.023,0.023,-1,Echolocation,/mnt/ubna_data_01_mir/recover-20220825/UBNA_002/20220823_033000.WAV,Telephone Field,recover-20220825,002,1795
274.0745,274.115,68437,82695,Rhinolophus ferrumequinum,0.024,0.024,-1,Echolocation,/mnt/ubna_data_01_mir/recover-20220825/UBNA_002/20220823_033000.WAV,Telephone Field,recover-20220825,002,1795
274.0865,274.128,68437,83360,Rhinolophus ferrumequinum,0.026,0.026,-1,Echolocation,/mnt/ubna_data_01_mir/recover-20220825/UBNA_002/20220823_033000.WAV,Telephone Field,recover-20220825,002,1795
274.0925,274.1335,68437,83334,Rhinolophus ferrumequinum,0.026,0.026,-1,Echolocation,/mnt/ubna_data_01_mir/recover-20220825/UBNA_002/20220823_033000.WAV,Telephone Field,recover-20220825,002,1795
274.1015,274.1102,28046,38691,Eptesicus serotinus,0.008,0.021,-1,Echolocation,/mnt/ubna_data_01_mir/recover-20220825/UBNA_002/20220823_033000.WAV,Telephone Field,recover-20220825,002,1795
274.1675,274.1754,28046,38359,Eptesicus serotinus,0.007,0.022,-1,Echolocation,/mnt/ubna_data_01_mir/recover-20220825/UBNA_002/20220823_033000.WAV,Telephone Field,recover-20220825,002,1795
274.1725,274.2097,68437,82148,Rhinolophus ferrumequinum,0.026,0.026,-1,Echolocation,/mnt/ubna_data_01_mir/recover-20220825/UBNA_002/20220823_033000.WAV,Telephone Field,recover-20220825,002,1795
274.1865,274.2219,68437,81893,Rhinolophus ferrumequinum,0.022,0.022,-1,Echolocation,/mnt/ubna_data_01_mir/recover-20220825/UBNA_002/20220823_033000.WAV,Telephone Field,recover-20220825,002,1795
274.2035,274.2106,28046,44832,Eptesicus serotinus,0.007,0.022,-1,Echolocation,/mnt/ubna_data_01_mir/recover-20220825/UBNA_002/20220823_033000.WAV,Telephone Field,recover-20220825,002,1795
274.2105,274.2179,28046,36767,Eptesicus serotinus,0.006,0.021,-1,Echolocation,/mnt/ubna_data_01_mir/recover-20220825/UBNA_002/20220823_033000.WAV,Telephone Field,recover-20220825,002,1795
274.2225,274.2574,68437,81298,Rhinolophus ferrumequinum,0.023,0.023,-1,Echolocation,/mnt/ubna_data_01_mir/recover-20220825/UBNA_002/20220823_033000.WAV,Telephone Field,recover-20220825,002,1795
274.2235,274.2344,26328,33524,Eptesicus serotinus,0.011,0.025,-1,Echolocation,/mnt/ubna_data_01_mir/recover-20220825/UBNA_002/20220823_033000.WAV,Telephone Field,recover-20220825,002,1795
274.2245,274.2315,44375,52837,Pipistrellus pipistrellus,0.017,0.022,-1,Echolocation,/mnt/ubna_data_01_mir/recover-20220825/UBNA_002/20220823_033000.WAV,Telephone Field,recover-20220825,002,1795
274.2525,274.2948,68437,83154,Rhinolophus ferrumequinum,0.023,0.023,-1,Echolocation,/mnt/ubna_data_01_mir/recover-20220825/UBNA_002/20220823_033000.WAV,Telephone Field,recover-20220825,002,1795
274.2535,274.2643,44375,50316,Pipistrellus pipistrellus,0.019,0.024,-1,Echolocation,/mnt/ubna_data_01_mir/recover-20220825/UBNA_002/20220823_033000.WAV,Telephone Field,recover-20220825,002,1795
274.3075,274.3457,68437,82066,Rhinolophus ferrumequinum,0.025,0.025,-1,Echolocation,/mnt/ubna_data_01_mir/recover-20220825/UBNA_002/20220823_033000.WAV,Telephone Field,recover-20220825,002,1795
274.3155,274.3486,68437,81692,Rhinolophus ferrumequinum,0.021,0.021,-1,Echolocation,/mnt/ubna_data_01_mir/recover-20220825/UBNA_002/20220823_033000.WAV,Telephone Field,recover-20220825,002,1795
274.3355,274.3456,27187,35703,Eptesicus serotinus,0.009,0.022,-1,Echolocation,/mnt/ubna_data_01_mir/recover-20220825/UBNA_002/20220823_033000.WAV,Telephone Field,recover-20220825,002,1795
274.3375,274.3744,68437,81621,Rhinolophus ferrumequinum,0.023,0.023,-1,Echolocation,/mnt/ubna_data_01_mir/recover-20220825/UBNA_002/20220823_033000.WAV,Telephone Field,recover-20220825,002,1795
274.3605,274.4018,68437,82796,Rhinolophus ferrumequinum,0.032,0.032,-1,Echolocation,/mnt/ubna_data_01_mir/recover-20220825/UBNA_002/20220823_033000.WAV,Telephone Field,recover-20220825,002,1795
274.4215,274.4614,68437,83063,Rhinolophus ferrumequinum,0.028,0.028,-1,Echolocation,/mnt/ubna_data_01_mir/recover-20220825/UBNA_002/20220823_033000.WAV,Telephone Field,recover-20220825,002,1795
274.4635,274.5019,68437,82585,Rhinolophus ferrumequinum,0.026,0.026,-1,Echolocation,/mnt/ubna_data_01_mir/recover-20220825/UBNA_002/20220823_033000.WAV,Telephone Field,recover-20220825,002,1795
274.4675,274.4758,26328,35028,Eptesicus serotinus,0.008,0.024,-1,Echolocation,/mnt/ubna_data_01_mir/recover-20220825/UBNA_002/20220823_033000.WAV,Telephone Field,recover-20220825,002,1795
274.4715,274.5108,68437,82582,Rhinolophus ferrumequinum,0.023,0.023,-1,Echolocation,/mnt/ubna_data_01_mir/recover-20220825/UBNA_002/20220823_033000.WAV,Telephone Field,recover-20220825,002,1795
274.4765,274.4873,23750,29667,Nyctalus leisleri,0.01,0.023,-1,Echolocation,/mnt/ubna_data_01_mir/recover-20220825/UBNA_002/20220823_033000.WAV,Telephone Field,recover-20220825,002,1795
274.5145,274.5559,68437,83276,Rhinolophus ferrumequinum,0.028,0.028,-1,Echolocation,/mnt/ubna_data_01_mir/recover-20220825/UBNA_002/20220823_033000.WAV,Telephone Field,recover-20220825,002,1795
274.5475,274.5555,23750,33036,Plecotus austriacus,0.018,0.038,-1,Echolocation,/mnt/ubna_data_01_mir/recover-20220825/UBNA_002/20220823_033000.WAV,Telephone Field,recover-20220825,002,1795
274.5575,274.577,20312,23597,Nyctalus leisleri,0.023,0.041,-1,Echolocation,/mnt/ubna_data_01_mir/recover-20220825/UBNA_002/20220823_033000.WAV,Telephone Field,recover-20220825,002,1795
274.6235,274.6593,68437,82177,Rhinolophus ferrumequinum,0.025,0.025,-1,Echolocation,/mnt/ubna_data_01_mir/recover-20220825/UBNA_002/20220823_033000.WAV,Telephone Field,recover-20220825,002,1795
274.6305,274.6408,22890,27833,Nyctalus leisleri,0.01,0.022,-1,Echolocation,/mnt/ubna_data_01_mir/recover-20220825/UBNA_002/20220823_033000.WAV,Telephone Field,recover-20220825,002,1795
274.6375,274.6795,68437,82868,Rhinolophus ferrumequinum,0.03,0.03,-1,Echolocation,/mnt/ubna_data_01_mir/recover-20220825/UBNA_002/20220823_033000.WAV,Telephone Field,recover-20220825,002,1795
274.6635,274.7011,68437,81542,Rhinolophus ferrumequinum,0.023,0.023,-1,Echolocation,/mnt/ubna_data_01_mir/recover-20220825/UBNA_002/20220823_033000.WAV,Telephone Field,recover-20220825,002,1795
274.7105,274.7463,68437,82146,Rhinolophus ferrumequinum,0.022,0.022,-1,Echolocation,/mnt/ubna_data_01_mir/recover-20220825/UBNA_002/20220823_033000.WAV,Telephone Field,recover-20220825,002,1795
274.7855,274.824,68437,82321,Rhinolophus ferrumequinum,0.035,0.035,-1,Echolocation,/mnt/ubna_data_01_mir/recover-20220825/UBNA_002/20220823_033000.WAV,Telephone Field,recover-20220825,002,1795
274.8085,274.8471,68437,82262,Rhinolophus ferrumequinum,0.021,0.021,-1,Echolocation,/mnt/ubna_data_01_mir/recover-20220825/UBNA_002/20220823_033000.WAV,Telephone Field,recover-20220825,002,1795
274.8155,274.8551,68437,82367,Rhinolophus ferrumequinum,0.022,0.022,-1,Echolocation,/mnt/ubna_data_01_mir/recover-20220825/UBNA_002/20220823_033000.WAV,Telephone Field,recover-20220825,002,1795
274.8285,274.8382,22890,29268,Nyctalus leisleri,0.009,0.023,-1,Echolocation,/mnt/ubna_data_01_mir/recover-20220825/UBNA_002/20220823_033000.WAV,Telephone Field,recover-20220825,002,1795
274.8295,274.8371,28046,38179,Eptesicus serotinus,0.007,0.022,-1,Echolocation,/mnt/ubna_data_01_mir/recover-20220825/UBNA_002/20220823_033000.WAV,Telephone Field,recover-20220825,002,1795
274.8375,274.8763,68437,82542,Rhinolophus ferrumequinum,0.022,0.022,-1,Echolocation,/mnt/ubna_data_01_mir/recover-20220825/UBNA_002/20220823_033000.WAV,Telephone Field,recover-20220825,002,1795
274.8645,274.9036,68437,82191,Rhinolophus ferrumequinum,0.021,0.022,-1,Echolocation,/mnt/ubna_data_01_mir/recover-20220825/UBNA_002/20220823_033000.WAV,Telephone Field,recover-20220825,002,1795
274.8675,274.8753,26328,39974,Eptesicus serotinus,0.007,0.022,-1,Echolocation,/mnt/ubna_data_01_mir/recover-20220825/UBNA_002/20220823_033000.WAV,Telephone Field,recover-20220825,002,1795
274.8905,274.9018,22890,28524,Nyctalus leisleri,0.015,0.032,-1,Echolocation,/mnt/ubna_data_01_mir/recover-20220825/UBNA_002/20220823_033000.WAV,Telephone Field,recover-20220825,002,1795
274.8905,274.9317,68437,83216,Rhinolophus ferrumequinum,0.028,0.028,-1,Echolocation,/mnt/ubna_data_01_mir/recover-20220825/UBNA_002/20220823_033000.WAV,Telephone Field,recover-20220825,002,1795
274.9055,274.9456,68437,82244,Rhinolophus ferrumequinum,0.027,0.027,-1,Echolocation,/mnt/ubna_data_01_mir/recover-20220825/UBNA_002/20220823_033000.WAV,Telephone Field,recover-20220825,002,1795
274.9215,274.9614,68437,82864,Rhinolophus ferrumequinum,0.024,0.024,-1,Echolocation,/mnt/ubna_data_01_mir/recover-20220825/UBNA_002/20220823_033000.WAV,Telephone Field,recover-20220825,002,1795
275.0505,275.0646,22031,26046,Nyctalus leisleri,0.015,0.028,-1,Echolocation,/mnt/ubna_data_01_mir/recover-20220825/UBNA_002/20220823_033000.WAV,Telephone Field,recover-20220825,002,1795
275.0625,275.1011,68437,82732,Rhinolophus ferrumequinum,0.022,0.022,-1,Echolocation,/mnt/ubna_data_01_mir/recover-20220825/UBNA_002/20220823_033000.WAV,Telephone Field,recover-20220825,002,1795
275.0855,275.1231,68437,80851,Rhinolophus ferrumequinum,0.022,0.022,-1,Echolocation,/mnt/ubna_data_01_mir/recover-20220825/UBNA_002/20220823_033000.WAV,Telephone Field,recover-20220825,002,1795
275.1145,275.1239,24609,32467,Eptesicus serotinus,0.007,0.023,-1,Echolocation,/mnt/ubna_data_01_mir/recover-20220825/UBNA_002/20220823_033000.WAV,Telephone Field,recover-20220825,002,1795
275.1475,275.1562,24609,32868,Plecotus austriacus,0.01,0.039,-1,Echolocation,/mnt/ubna_data_01_mir/recover-20220825/UBNA_002/20220823_033000.WAV,Telephone Field,recover-20220825,002,1795
275.1625,275.1728,27187,35715,Eptesicus serotinus,0.01,0.024,-1,Echolocation,/mnt/ubna_data_01_mir/recover-20220825/UBNA_002/20220823_033000.WAV,Telephone Field,recover-20220825,002,1795
275.1625,275.2025,68437,82088,Rhinolophus ferrumequinum,0.023,0.023,-1,Echolocation,/mnt/ubna_data_01_mir/recover-20220825/UBNA_002/20220823_033000.WAV,Telephone Field,recover-20220825,002,1795
275.1815,275.1922,22031,26764,Nyctalus leisleri,0.011,0.024,-1,Echolocation,/mnt/ubna_data_01_mir/recover-20220825/UBNA_002/20220823_033000.WAV,Telephone Field,recover-20220825,002,1795
275.2805,275.3173,68437,81540,Rhinolophus ferrumequinum,0.022,0.022,-1,Echolocation,/mnt/ubna_data_01_mir/recover-20220825/UBNA_002/20220823_033000.WAV,Telephone Field,recover-20220825,002,1795
275.2815,275.2878,28046,38888,Eptesicus serotinus,0.007,0.026,-1,Echolocation,/mnt/ubna_data_01_mir/recover-20220825/UBNA_002/20220823_033000.WAV,Telephone Field,recover-20220825,002,1795
275.2985,275.3359,68437,81383,Rhinolophus ferrumequinum,0.021,0.022,-1,Echolocation,/mnt/ubna_data_01_mir/recover-20220825/UBNA_002/20220823_033000.WAV,Telephone Field,recover-20220825,002,1795
275.3265,275.3662,68437,82490,Rhinolophus ferrumequinum,0.022,0.022,-1,Echolocation,/mnt/ubna_data_01_mir/recover-20220825/UBNA_002/20220823_033000.WAV,Telephone Field,recover-20220825,002,1795
275.3675,275.406,68437,82020,Rhinolophus ferrumequinum,0.022,0.022,-1,Echolocation,/mnt/ubna_data_01_mir/recover-20220825/UBNA_002/20220823_033000.WAV,Telephone Field,recover-20220825,002,1795
275.3825,275.3899,28046,41401,Eptesicus serotinus,0.008,0.028,-1,Echolocation,/mnt/ubna_data_01_mir/recover-20220825/UBNA_002/20220823_033000.WAV,Telephone Field,recover-20220825,002,1795
275.4185,275.4259,26328,37884,Eptesicus serotinus,0.006,0.023,-1,Echolocation,/mnt/ubna_data_01_mir/recover-20220825/UBNA_002/20220823_033000.WAV,Telephone Field,recover-20220825,002,1795
275.4395,275.4457,28046,39716,Eptesicus serotinus,0.006,0.026,-1,Echolocation,/mnt/ubna_data_01_mir/recover-20220825/UBNA_002/20220823_033000.WAV,Telephone Field,recover-20220825,002,1795
275.4475,275.4872,68437,81896,Rhinolophus ferrumequinum,0.022,0.022,-1,Echolocation,/mnt/ubna_data_01_mir/recover-20220825/UBNA_002/20220823_033000.WAV,Telephone Field,recover-20220825,002,1795
275.4685,275.5052,68437,81666,Rhinolophus ferrumequinum,0.021,0.022,-1,Echolocation,/mnt/ubna_data_01_mir/recover-20220825/UBNA_002/20220823_033000.WAV,Telephone Field,recover-20220825,002,1795
275.5355,275.5788,68437,83297,Rhinolophus ferrumequinum,0.033,0.033,-1,Echolocation,/mnt/ubna_data_01_mir/recover-20220825/UBNA_002/20220823_033000.WAV,Telephone Field,recover-20220825,002,1795
275.5385,275.5506,27187,33427,Eptesicus serotinus,0.014,0.028,-1,Echolocation,/mnt/ubna_data_01_mir/recover-20220825/UBNA_002/20220823_033000.WAV,Telephone Field,recover-20220825,002,1795
275.5655,275.6065,68437,83107,Rhinolophus ferrumequinum,0.028,0.028,-1,Echolocation,/mnt/ubna_data_01_mir/recover-20220825/UBNA_002/20220823_033000.WAV,Telephone Field,recover-20220825,002,1795
275.5905,275.6316,68437,82429,Rhinolophus ferrumequinum,0.029,0.029,-1,Echolocation,/mnt/ubna_data_01_mir/recover-20220825/UBNA_002/20220823_033000.WAV,Telephone Field,recover-20220825,002,1795
275.6385,275.6477,22890,29411,Plecotus austriacus,0.008,0.023,-1,Echolocation,/mnt/ubna_data_01_mir/recover-20220825/UBNA_002/20220823_033000.WAV,Telephone Field,recover-20220825,002,1795
275.6525,275.6677,34921,38869,Pipistrellus nathusii,0.019,0.032,-1,Echolocation,/mnt/ubna_data_01_mir/recover-20220825/UBNA_002/20220823_033000.WAV,Telephone Field,recover-20220825,002,1795
275.6565,275.6958,68437,82410,Rhinolophus ferrumequinum,0.021,0.021,-1,Echolocation,/mnt/ubna_data_01_mir/recover-20220825/UBNA_002/20220823_033000.WAV,Telephone Field,recover-20220825,002,1795
275.6775,275.6838,28046,40737,Eptesicus serotinus,0.006,0.026,-1,Echolocation,/mnt/ubna_data_01_mir/recover-20220825/UBNA_002/20220823_033000.WAV,Telephone Field,recover-20220825,002,1795
275.7245,275.7317,23750,32979,Plecotus austriacus,0.009,0.022,-1,Echolocation,/mnt/ubna_data_01_mir/recover-20220825/UBNA_002/20220823_033000.WAV,Telephone Field,recover-20220825,002,1795
275.7505,275.7884,68437,82251,Rhinolophus ferrumequinum,0.023,0.023,-1,Echolocation,/mnt/ubna_data_01_mir/recover-20220825/UBNA_002/20220823_033000.WAV,Telephone Field,recover-20220825,002,1795
275.7675,275.8084,68437,82809,Rhinolophus ferrumequinum,0.023,0.023,-1,Echolocation,/mnt/ubna_data_01_mir/recover-20220825/UBNA_002/20220823_033000.WAV,Telephone Field,recover-20220825,002,1795
275.8305,275.8708,68437,82344,Rhinolophus ferrumequinum,0.022,0.022,-1,Echolocation,/mnt/ubna_data_01_mir/recover-20220825/UBNA_002/20220823_033000.WAV,Telephone Field,recover-20220825,002,1795
275.8495,275.8598,22890,29104,Nyctalus leisleri,0.009,0.023,-1,Echolocation,/mnt/ubna_data_01_mir/recover-20220825/UBNA_002/20220823_033000.WAV,Telephone Field,recover-20220825,002,1795
275.8865,275.8939,33203,42137,Myotis daubentonii,0.01,0.028,-1,Echolocation,/mnt/ubna_data_01_mir/recover-20220825/UBNA_002/20220823_033000.WAV,Telephone Field,recover-20220825,002,1795
275.9855,275.9963,22890,28993,Nyctalus leisleri,0.009,0.024,-1,Echolocation,/mnt/ubna_data_01_mir/recover-20220825/UBNA_002/20220823_033000.WAV,Telephone Field,recover-20220825,002,1795
276.0015,276.0112,26328,35570,Nyctalus leisleri,0.012,0.036,-1,Echolocation,/mnt/ubna_data_01_mir/recover-20220825/UBNA_002/20220823_033000.WAV,Telephone Field,recover-20220825,002,1795
276.0015,276.0325,68437,80090,Rhinolophus ferrumequinum,0.024,0.024,-1,Echolocation,/mnt/ubna_data_01_mir/recover-20220825/UBNA_002/20220823_033000.WAV,Telephone Field,recover-20220825,002,1795
276.0015,276.0142,18593,22940,Nyctalus leisleri,0.011,0.024,-1,Echolocation,/mnt/ubna_data_01_mir/recover-20220825/UBNA_002/20220823_033000.WAV,Telephone Field,recover-20220825,002,1795
276.0015,276.0081,47812,55786,Pipistrellus pipistrellus,0.019,0.025,-1,Echolocation,/mnt/ubna_data_01_mir/recover-20220825/UBNA_002/20220823_033000.WAV,Telephone Field,recover-20220825,002,1795
276.0015,276.0109,12578,20307,Nyctalus leisleri,0.017,0.023,-1,Echolocation,/mnt/ubna_data_01_mir/recover-20220825/UBNA_002/20220823_033000.WAV,Telephone Field,recover-20220825,002,1795
276.0155,276.0253,28906,36775,Eptesicus serotinus,0.011,0.026,-1,Echolocation,/mnt/ubna_data_01_mir/recover-20220825/UBNA_002/20220823_033000.WAV,Telephone Field,recover-20220825,002,1795
276.0455,276.083,68437,81131,Rhinolophus ferrumequinum,0.022,0.022,-1,Echolocation,/mnt/ubna_data_01_mir/recover-20220825/UBNA_002/20220823_033000.WAV,Telephone Field,recover-20220825,002,1795
276.0905,276.0988,28046,39484,Eptesicus serotinus,0.007,0.021,-1,Echolocation,/mnt/ubna_data_01_mir/recover-20220825/UBNA_002/20220823_033000.WAV,Telephone Field,recover-20220825,002,1795
276.1005,276.1434,68437,82434,Rhinolophus ferrumequinum,0.04,0.04,-1,Echolocation,/mnt/ubna_data_01_mir/recover-20220825/UBNA_002/20220823_033000.WAV,Telephone Field,recover-20220825,002,1795
276.1015,276.1118,28046,36120,Eptesicus serotinus,0.011,0.025,-1,Echolocation,/mnt/ubna_data_01_mir/recover-20220825/UBNA_002/20220823_033000.WAV,Telephone Field,recover-20220825,002,1795
276.1255,276.168,68437,82972,Rhinolophus ferrumequinum,0.029,0.029,-1,Echolocation,/mnt/ubna_data_01_mir/recover-20220825/UBNA_002/20220823_033000.WAV,Telephone Field,recover-20220825,002,1795
276.1855,276.1939,28046,37780,Eptesicus serotinus,0.008,0.021,-1,Echolocation,/mnt/ubna_data_01_mir/recover-20220825/UBNA_002/20220823_033000.WAV,Telephone Field,recover-20220825,002,1795
276.2055,276.2115,29765,47791,Myotis daubentonii,0.011,0.026,-1,Echolocation,/mnt/ubna_data_01_mir/recover-20220825/UBNA_002/20220823_033000.WAV,Telephone Field,recover-20220825,002,1795
276.2065,276.2124,25468,41343,Myotis nattereri,0.006,0.025,-1,Echolocation,/mnt/ubna_data_01_mir/recover-20220825/UBNA_002/20220823_033000.WAV,Telephone Field,recover-20220825,002,1795
276.2125,276.2497,68437,81771,Rhinolophus ferrumequinum,0.021,0.021,-1,Echolocation,/mnt/ubna_data_01_mir/recover-20220825/UBNA_002/20220823_033000.WAV,Telephone Field,recover-20220825,002,1795
276.2215,276.2584,68437,81804,Rhinolophus ferrumequinum,0.021,0.021,-1,Echolocation,/mnt/ubna_data_01_mir/recover-20220825/UBNA_002/20220823_033000.WAV,Telephone Field,recover-20220825,002,1795
276.2255,276.2336,25468,33747,Eptesicus serotinus,0.007,0.021,-1,Echolocation,/mnt/ubna_data_01_mir/recover-20220825/UBNA_002/20220823_033000.WAV,Telephone Field,recover-20220825,002,1795
276.2385,276.2763,68437,81879,Rhinolophus ferrumequinum,0.022,0.022,-1,Echolocation,/mnt/ubna_data_01_mir/recover-20220825/UBNA_002/20220823_033000.WAV,Telephone Field,recover-20220825,002,1795
276.2465,276.2567,27187,34937,Eptesicus serotinus,0.011,0.024,-1,Echolocation,/mnt/ubna_data_01_mir/recover-20220825/UBNA_002/20220823_033000.WAV,Telephone Field,recover-20220825,002,1795
276.2605,276.2725,23750,29436,Nyctalus leisleri,0.01,0.026,-1,Echolocation,/mnt/ubna_data_01_mir/recover-20220825/UBNA_002/20220823_033000.WAV,Telephone Field,recover-20220825,002,1795
276.2635,276.3017,68437,82143,Rhinolophus ferrumequinum,0.024,0.024,-1,Echolocation,/mnt/ubna_data_01_mir/recover-20220825/UBNA_002/20220823_033000.WAV,Telephone Field,recover-20220825,002,1795
276.2915,276.2983,27187,38233,Eptesicus serotinus,0.006,0.023,-1,Echolocation,/mnt/ubna_data_01_mir/recover-20220825/UBNA_002/20220823_033000.WAV,Telephone Field,recover-20220825,002,1795
276.3195,276.3567,68437,82000,Rhinolophus ferrumequinum,0.021,0.021,-1,Echolocation,/mnt/ubna_data_01_mir/recover-20220825/UBNA_002/20220823_033000.WAV,Telephone Field,recover-20220825,002,1795
276.3325,276.3412,28046,37361,Eptesicus serotinus,0.008,0.021,-1,Echolocation,/mnt/ubna_data_01_mir/recover-20220825/UBNA_002/20220823_033000.WAV,Telephone Field,recover-20220825,002,1795
276.3875,276.3994,22890,27271,Nyctalus leisleri,0.018,0.031,-1,Echolocation,/mnt/ubna_data_01_mir/recover-20220825/UBNA_002/20220823_033000.WAV,Telephone Field,recover-20220825,002,1795
276.4085,276.4255,23750,27317,Nyctalus leisleri,0.019,0.033,-1,Echolocation,/mnt/ubna_data_01_mir/recover-20220825/UBNA_002/20220823_033000.WAV,Telephone Field,recover-20220825,002,1795
276.4225,276.43,46093,50139,Pipistrellus pipistrellus,0.032,0.034,-1,Echolocation,/mnt/ubna_data_01_mir/recover-20220825/UBNA_002/20220823_033000.WAV,Telephone Field,recover-20220825,002,1795
276.4505,276.4891,68437,81928,Rhinolophus ferrumequinum,0.021,0.021,-1,Echolocation,/mnt/ubna_data_01_mir/recover-20220825/UBNA_002/20220823_033000.WAV,Telephone Field,recover-20220825,002,1795
276.4595,276.4986,68437,82204,Rhinolophus ferrumequinum,0.022,0.022,-1,Echolocation,/mnt/ubna_data_01_mir/recover-20220825/UBNA_002/20220823_033000.WAV,Telephone Field,recover-20220825,002,1795
276.4955,276.5115,22890,26894,Nyctalus leisleri,0.017,0.031,-1,Echolocation,/mnt/ubna_data_01_mir/recover-20220825/UBNA_002/20220823_033000.WAV,Telephone Field,recover-20220825,002,1795
276.5085,276.5151,27187,37441,Eptesicus serotinus,0.009,0.031,-1,Echolocation,/mnt/ubna_data_01_mir/recover-20220825/UBNA_002/20220823_033000.WAV,Telephone Field,recover-20220825,002,1795
276.5315,276.5682,68437,81646,Rhinolophus ferrumequinum,0.021,0.021,-1,Echolocation,/mnt/ubna_data_01_mir/recover-20220825/UBNA_002/20220823_033000.WAV,Telephone Field,recover-20220825,002,1795
276.5335,276.5417,27187,39617,Eptesicus serotinus,0.007,0.021,-1,Echolocation,/mnt/ubna_data_01_mir/recover-20220825/UBNA_002/20220823_033000.WAV,Telephone Field,recover-20220825,002,1795
276.5755,276.6168,68437,82749,Rhinolophus ferrumequinum,0.024,0.024,-1,Echolocation,/mnt/ubna_data_01_mir/recover-20220825/UBNA_002/20220823_033000.WAV,Telephone Field,recover-20220825,002,1795
276.5765,276.5855,28046,39370,Eptesicus serotinus,0.009,0.026,-1,Echolocation,/mnt/ubna_data_01_mir/recover-20220825/UBNA_002/20220823_033000.WAV,Telephone Field,recover-20220825,002,1795
276.5975,276.6352,68437,82110,Rhinolophus ferrumequinum,0.021,0.021,-1,Echolocation,/mnt/ubna_data_01_mir/recover-20220825/UBNA_002/20220823_033000.WAV,Telephone Field,recover-20220825,002,1795
276.6675,276.6748,28046,40056,Eptesicus serotinus,0.008,0.026,-1,Echolocation,/mnt/ubna_data_01_mir/recover-20220825/UBNA_002/20220823_033000.WAV,Telephone Field,recover-20220825,002,1795
276.6675,276.6814,18593,24019,Nyctalus noctula,0.011,0.024,-1,Echolocation,/mnt/ubna_data_01_mir/recover-20220825/UBNA_002/20220823_033000.WAV,Telephone Field,recover-20220825,002,1795
276.7085,276.7189,24609,31870,Eptesicus serotinus,0.009,0.024,-1,Echolocation,/mnt/ubna_data_01_mir/recover-20220825/UBNA_002/20220823_033000.WAV,Telephone Field,recover-20220825,002,1795
276.7085,276.7513,68437,83078,Rhinolophus ferrumequinum,0.035,0.035,-1,Echolocation,/mnt/ubna_data_01_mir/recover-20220825/UBNA_002/20220823_033000.WAV,Telephone Field,recover-20220825,002,1795
276.7725,276.8079,68437,80613,Rhinolophus ferrumequinum,0.023,0.023,-1,Echolocation,/mnt/ubna_data_01_mir/recover-20220825/UBNA_002/20220823_033000.WAV,Telephone Field,recover-20220825,002,1795
276.8215,276.8612,68437,82818,Rhinolophus ferrumequinum,0.032,0.032,-1,Echolocation,/mnt/ubna_data_01_mir/recover-20220825/UBNA_002/20220823_033000.WAV,Telephone Field,recover-20220825,002,1795
276.8365,276.8755,68437,81567,Rhinolophus ferrumequinum,0.023,0.023,-1,Echolocation,/mnt/ubna_data_01_mir/recover-20220825/UBNA_002/20220823_033000.WAV,Telephone Field,recover-20220825,002,1795
276.9245,276.9377,44375,46905,Pipistrellus pipistrellus,0.027,0.032,-1,Echolocation,/mnt/ubna_data_01_mir/recover-20220825/UBNA_002/20220823_033000.WAV,Telephone Field,recover-20220825,002,1795
276.9255,276.9334,28046,39381,Eptesicus serotinus,0.007,0.021,-1,Echolocation,/mnt/ubna_data_01_mir/recover-20220825/UBNA_002/20220823_033000.WAV,Telephone Field,recover-20220825,002,1795
276.9375,276.9757,68437,81720,Rhinolophus ferrumequinum,0.021,0.021,-1,Echolocation,/mnt/ubna_data_01_mir/recover-20220825/UBNA_002/20220823_033000.WAV,Telephone Field,recover-20220825,002,1795
276.9905,276.9971,46953,51851,Pipistrellus pipistrellus,0.022,0.024,-1,Echolocation,/mnt/ubna_data_01_mir/recover-20220825/UBNA_002/20220823_033000.WAV,Telephone Field,recover-20220825,002,1795
276.9915,277.0001,27187,38574,Eptesicus serotinus,0.007,0.02,-1,Echolocation,/mnt/ubna_data_01_mir/recover-20220825/UBNA_002/20220823_033000.WAV,Telephone Field,recover-20220825,002,1795
276.9915,276.9974,40937,55410,Myotis brandtii,0.007,0.025,-1,Echolocation,/mnt/ubna_data_01_mir/recover-20220825/UBNA_002/20220823_033000.WAV,Telephone Field,recover-20220825,002,1795
277.0615,277.0995,68437,81520,Rhinolophus ferrumequinum,0.021,0.021,-1,Echolocation,/mnt/ubna_data_01_mir/recover-20220825/UBNA_002/20220823_033000.WAV,Telephone Field,recover-20220825,002,1795
277.0745,277.1134,68437,82169,Rhinolophus ferrumequinum,0.024,0.024,-1,Echolocation,/mnt/ubna_data_01_mir/recover-20220825/UBNA_002/20220823_033000.WAV,Telephone Field,recover-20220825,002,1795
277.1075,277.1199,22890,27807,Nyctalus leisleri,0.011,0.023,-1,Echolocation,/mnt/ubna_data_01_mir/recover-20220825/UBNA_002/20220823_033000.WAV,Telephone Field,recover-20220825,002,1795
277.1225,277.1616,68437,82147,Rhinolophus ferrumequinum,0.021,0.021,-1,Echolocation,/mnt/ubna_data_01_mir/recover-20220825/UBNA_002/20220823_033000.WAV,Telephone Field,recover-20220825,002,1795
277.1225,277.1333,42656,46147,Pipistrellus pipistrellus,0.013,0.022,-1,Echolocation,/mnt/ubna_data_01_mir/recover-20220825/UBNA_002/20220823_033000.WAV,Telephone Field,recover-20220825,002,1795
277.1415,277.1786,68437,82070,Rhinolophus ferrumequinum,0.021,0.022,-1,Echolocation,/mnt/ubna_data_01_mir/recover-20220825/UBNA_002/20220823_033000.WAV,Telephone Field,recover-20220825,002,1795
277.1475,277.1851,68437,82292,Rhinolophus ferrumequinum,0.021,0.021,-1,Echolocation,/mnt/ubna_data_01_mir/recover-20220825/UBNA_002/20220823_033000.WAV,Telephone Field,recover-20220825,002,1795
277.1815,277.1947,14296,19186,Nyctalus noctula,0.013,0.022,-1,Echolocation,/mnt/ubna_data_01_mir/recover-20220825/UBNA_002/20220823_033000.WAV,Telephone Field,recover-20220825,002,1795
277.2285,277.2671,68437,82063,Rhinolophus ferrumequinum,0.021,0.021,-1,Echolocation,/mnt/ubna_data_01_mir/recover-20220825/UBNA_002/20220823_033000.WAV,Telephone Field,recover-20220825,002,1795
277.2325,277.2424,22890,29298,Nyctalus leisleri,0.008,0.022,-1,Echolocation,/mnt/ubna_data_01_mir/recover-20220825/UBNA_002/20220823_033000.WAV,Telephone Field,recover-20220825,002,1795
277.2435,277.262,20312,23717,Nyctalus leisleri,0.017,0.036,-1,Echolocation,/mnt/ubna_data_01_mir/recover-20220825/UBNA_002/20220823_033000.WAV,Telephone Field,recover-20220825,002,1795
277.2605,277.2699,23750,30878,Nyctalus leisleri,0.006,0.022,-1,Echolocation,/mnt/ubna_data_01_mir/recover-20220825/UBNA_002/20220823_033000.WAV,Telephone Field,recover-20220825,002,1795
277.2735,277.2852,22890,28218,Nyctalus leisleri,0.013,0.028,-1,Echolocation,/mnt/ubna_data_01_mir/recover-20220825/UBNA_002/20220823_033000.WAV,Telephone Field,recover-20220825,002,1795
277.2945,277.3027,46093,53263,Pipistrellus pipistrellus,0.019,0.023,-1,Echolocation,/mnt/ubna_data_01_mir/recover-20220825/UBNA_002/20220823_033000.WAV,Telephone Field,recover-20220825,002,1795
277.3025,277.3111,26328,38302,Eptesicus serotinus,0.007,0.02,-1,Echolocation,/mnt/ubna_data_01_mir/recover-20220825/UBNA_002/20220823_033000.WAV,Telephone Field,recover-20220825,002,1795
277.3175,277.3545,68437,81302,Rhinolophus ferrumequinum,0.022,0.022,-1,Echolocation,/mnt/ubna_data_01_mir/recover-20220825/UBNA_002/20220823_033000.WAV,Telephone Field,recover-20220825,002,1795
277.3525,277.3939,68437,82737,Rhinolophus ferrumequinum,0.028,0.028,-1,Echolocation,/mnt/ubna_data_01_mir/recover-20220825/UBNA_002/20220823_033000.WAV,Telephone Field,recover-20220825,002,1795
277.3655,277.4051,68437,82351,Rhinolophus ferrumequinum,0.021,0.021,-1,Echolocation,/mnt/ubna_data_01_mir/recover-20220825/UBNA_002/20220823_033000.WAV,Telephone Field,recover-20220825,002,1795
277.3715,277.3806,24609,31669,Eptesicus serotinus,0.007,0.023,-1,Echolocation,/mnt/ubna_data_01_mir/recover-20220825/UBNA_002/20220823_033000.WAV,Telephone Field,recover-20220825,002,1795
277.3885,277.4293,68437,82755,Rhinolophus ferrumequinum,0.028,0.028,-1,Echolocation,/mnt/ubna_data_01_mir/recover-20220825/UBNA_002/20220823_033000.WAV,Telephone Field,recover-20220825,002,1795
277.4055,277.446,68437,82322,Rhinolophus ferrumequinum,0.022,0.022,-1,Echolocation,/mnt/ubna_data_01_mir/recover-20220825/UBNA_002/20220823_033000.WAV,Telephone Field,recover-20220825,002,1795
277.4305,277.468,68437,81992,Rhinolophus ferrumequinum,0.024,0.024,-1,Echolocation,/mnt/ubna_data_01_mir/recover-20220825/UBNA_002/20220823_033000.WAV,Telephone Field,recover-20220825,002,1795
277.4375,277.4472,22890,28388,Nyctalus leisleri,0.009,0.02,-1,Echolocation,/mnt/ubna_data_01_mir/recover-20220825/UBNA_002/20220823_033000.WAV,Telephone Field,recover-20220825,002,1795
277.4465,277.4837,68437,81983,Rhinolophus ferrumequinum,0.023,0.024,-1,Echolocation,/mnt/ubna_data_01_mir/recover-20220825/UBNA_002/20220823_033000.WAV,Telephone Field,recover-20220825,002,1795
277.4755,277.4889,44375,47291,Pipistrellus pipistrellus,0.038,0.043,-1,Echolocation,/mnt/ubna_data_01_mir/recover-20220825/UBNA_002/20220823_033000.WAV,Telephone Field,recover-20220825,002,1795
277.4895,277.4972,28046,40352,Eptesicus serotinus,0.008,0.024,-1,Echolocation,/mnt/ubna_data_01_mir/recover-20220825/UBNA_002/20220823_033000.WAV,Telephone Field,recover-20220825,002,1795
277.4975,277.537,68437,82526,Rhinolophus ferrumequinum,0.024,0.024,-1,Echolocation,/mnt/ubna_data_01_mir/recover-20220825/UBNA_002/20220823_033000.WAV,Telephone Field,recover-20220825,002,1795
277.5225,277.5608,68437,81767,Rhinolophus ferrumequinum,0.022,0.022,-1,Echolocation,/mnt/ubna_data_01_mir/recover-20220825/UBNA_002/20220823_033000.WAV,Telephone Field,recover-20220825,002,1795
277.5595,277.5981,68437,82047,Rhinolophus ferrumequinum,0.022,0.022,-1,Echolocation,/mnt/ubna_data_01_mir/recover-20220825/UBNA_002/20220823_033000.WAV,Telephone Field,recover-20220825,002,1795
277.5615,277.5825,19453,22804,Nyctalus noctula,0.017,0.034,-1,Echolocation,/mnt/ubna_data_01_mir/recover-20220825/UBNA_002/20220823_033000.WAV,Telephone Field,recover-20220825,002,1795
277.5755,277.6125,68437,82235,Rhinolophus ferrumequinum,0.023,0.023,-1,Echolocation,/mnt/ubna_data_01_mir/recover-20220825/UBNA_002/20220823_033000.WAV,Telephone Field,recover-20220825,002,1795
277.5865,277.5988,30625,36907,Eptesicus serotinus,0.017,0.032,-1,Echolocation,/mnt/ubna_data_01_mir/recover-20220825/UBNA_002/20220823_033000.WAV,Telephone Field,recover-20220825,002,1795
277.6225,277.6335,22890,27876,Nyctalus leisleri,0.011,0.023,-1,Echolocation,/mnt/ubna_data_01_mir/recover-20220825/UBNA_002/20220823_033000.WAV,Telephone Field,recover-20220825,002,1795
277.6275,277.6398,37500,42888,Pipistrellus nathusii,0.014,0.025,-1,Echolocation,/mnt/ubna_data_01_mir/recover-20220825/UBNA_002/20220823_033000.WAV,Telephone Field,recover-20220825,002,1795
277.6785,277.6866,28046,37554,Eptesicus serotinus,0.007,0.022,-1,Echolocation,/mnt/ubna_data_01_mir/recover-20220825/UBNA_002/20220823_033000.WAV,Telephone Field,recover-20220825,002,1795
277.6875,277.7262,68437,82069,Rhinolophus ferrumequinum,0.021,0.021,-1,Echolocation,/mnt/ubna_data_01_mir/recover-20220825/UBNA_002/20220823_033000.WAV,Telephone Field,recover-20220825,002,1795
277.6955,277.7105,22890,27734,Nyctalus leisleri,0.016,0.032,-1,Echolocation,/mnt/ubna_data_01_mir/recover-20220825/UBNA_002/20220823_033000.WAV,Telephone Field,recover-20220825,002,1795
277.7155,277.7562,68437,82345,Rhinolophus ferrumequinum,0.034,0.034,-1,Echolocation,/mnt/ubna_data_01_mir/recover-20220825/UBNA_002/20220823_033000.WAV,Telephone Field,recover-20220825,002,1795
277.7565,277.7936,68437,81418,Rhinolophus ferrumequinum,0.021,0.021,-1,Echolocation,/mnt/ubna_data_01_mir/recover-20220825/UBNA_002/20220823_033000.WAV,Telephone Field,recover-20220825,002,1795
277.7595,277.7692,23750,30251,Nyctalus leisleri,0.008,0.022,-1,Echolocation,/mnt/ubna_data_01_mir/recover-20220825/UBNA_002/20220823_033000.WAV,Telephone Field,recover-20220825,002,1795
277.8065,277.8149,27187,38039,Eptesicus serotinus,0.007,0.021,-1,Echolocation,/mnt/ubna_data_01_mir/recover-20220825/UBNA_002/20220823_033000.WAV,Telephone Field,recover-20220825,002,1795
277.8075,277.8437,68437,81689,Rhinolophus ferrumequinum,0.021,0.021,-1,Echolocation,/mnt/ubna_data_01_mir/recover-20220825/UBNA_002/20220823_033000.WAV,Telephone Field,recover-20220825,002,1795
277.8225,277.8335,56406,61330,Pipistrellus pygmaeus,0.024,0.025,-1,Echolocation,/mnt/ubna_data_01_mir/recover-20220825/UBNA_002/20220823_033000.WAV,Telephone Field,recover-20220825,002,1795
277.8465,277.856,28046,37931,Eptesicus serotinus,0.008,0.022,-1,Echolocation,/mnt/ubna_data_01_mir/recover-20220825/UBNA_002/20220823_033000.WAV,Telephone Field,recover-20220825,002,1795
277.8485,277.8868,68437,82295,Rhinolophus ferrumequinum,0.025,0.025,-1,Echolocation,/mnt/ubna_data_01_mir/recover-20220825/UBNA_002/20220823_033000.WAV,Telephone Field,recover-20220825,002,1795
277.8595,277.8997,68437,82154,Rhinolophus ferrumequinum,0.021,0.021,-1,Echolocation,/mnt/ubna_data_01_mir/recover-20220825/UBNA_002/20220823_033000.WAV,Telephone Field,recover-20220825,002,1795
277.8645,277.9035,68437,82533,Rhinolophus ferrumequinum,0.021,0.021,-1,Echolocation,/mnt/ubna_data_01_mir/recover-20220825/UBNA_002/20220823_033000.WAV,Telephone Field,recover-20220825,002,1795
277.8935,277.903,24609,31984,Eptesicus serotinus,0.009,0.024,-1,Echolocation,/mnt/ubna_data_01_mir/recover-20220825/UBNA_002/20220823_033000.WAV,Telephone Field,recover-20220825,002,1795
277.9075,277.9159,27187,38064,Eptesicus serotinus,0.009,0.021,-1,Echolocation,/mnt/ubna_data_01_mir/recover-20220825/UBNA_002/20220823_033000.WAV,Telephone Field,recover-20220825,002,1795
277.9415,277.9812,68437,82421,Rhinolophus ferrumequinum,0.021,0.021,-1,Echolocation,/mnt/ubna_data_01_mir/recover-20220825/UBNA_002/20220823_033000.WAV,Telephone Field,recover-20220825,002,1795
277.9435,277.9508,23750,32511,Plecotus austriacus,0.009,0.022,-1,Echolocation,/mnt/ubna_data_01_mir/recover-20220825/UBNA_002/20220823_033000.WAV,Telephone Field,recover-20220825,002,1795
277.9745,277.9821,25468,34534,Eptesicus serotinus,0.006,0.021,-1,Echolocation,/mnt/ubna_data_01_mir/recover-20220825/UBNA_002/20220823_033000.WAV,Telephone Field,recover-20220825,002,1795
277.9835,277.9923,28046,38541,Eptesicus serotinus,0.008,0.022,-1,Echolocation,/mnt/ubna_data_01_mir/recover-20220825/UBNA_002/20220823_033000.WAV,Telephone Field,recover-20220825,002,1795
278.0015,278.037,68437,80273,Rhinolophus ferrumequinum,0.055,0.056,-1,Echolocation,/mnt/ubna_data_01_mir/recover-20220825/UBNA_002/20220823_033000.WAV,Telephone Field,recover-20220825,002,1795
278.0015,278.0118,23750,30152,Nyctalus leisleri,0.019,0.041,-1,Echolocation,/mnt/ubna_data_01_mir/recover-20220825/UBNA_002/20220823_033000.WAV,Telephone Field,recover-20220825,002,1795
278.0015,278.0088,36640,44652,Myotis daubentonii,0.008,0.023,-1,Echolocation,/mnt/ubna_data_01_mir/recover-20220825/UBNA_002/20220823_033000.WAV,Telephone Field,recover-20220825,002,1795
278.0065,278.0138,32343,45021,Myotis daubentonii,0.01,0.02,-1,Echolocation,/mnt/ubna_data_01_mir/recover-20220825/UBNA_002/20220823_033000.WAV,Telephone Field,recover-20220825,002,1795
278.0095,278.0551,68437,82850,Rhinolophus ferrumequinum,0.04,0.04,-1,Echolocation,/mnt/ubna_data_01_mir/recover-20220825/UBNA_002/20220823_033000.WAV,Telephone Field,recover-20220825,002,1795
278.0115,278.0185,28046,39010,Eptesicus serotinus,0.006,0.022,-1,Echolocation,/mnt/ubna_data_01_mir/recover-20220825/UBNA_002/20220823_033000.WAV,Telephone Field,recover-20220825,002,1795
278.0735,278.1125,68437,81874,Rhinolophus ferrumequinum,0.021,0.021,-1,Echolocation,/mnt/ubna_data_01_mir/recover-20220825/UBNA_002/20220823_033000.WAV,Telephone Field,recover-20220825,002,1795
278.0765,278.0846,27187,38186,Eptesicus serotinus,0.007,0.02,-1,Echolocation,/mnt/ubna_data_01_mir/recover-20220825/UBNA_002/20220823_033000.WAV,Telephone Field,recover-20220825,002,1795
278.0915,278.0991,27187,39723,Eptesicus serotinus,0.006,0.02,-1,Echolocation,/mnt/ubna_data_01_mir/recover-20220825/UBNA_002/20220823_033000.WAV,Telephone Field,recover-20220825,002,1795
278.1195,278.1295,22890,29739,Plecotus austriacus,0.009,0.028,-1,Echolocation,/mnt/ubna_data_01_mir/recover-20220825/UBNA_002/20220823_033000.WAV,Telephone Field,recover-20220825,002,1795
278.1205,278.1592,68437,81396,Rhinolophus ferrumequinum,0.023,0.023,-1,Echolocation,/mnt/ubna_data_01_mir/recover-20220825/UBNA_002/20220823_033000.WAV,Telephone Field,recover-20220825,002,1795
278.1305,278.1377,28046,40368,Eptesicus serotinus,0.006,0.023,-1,Echolocation,/mnt/ubna_data_01_mir/recover-20220825/UBNA_002/20220823_033000.WAV,Telephone Field,recover-20220825,002,1795
278.1415,278.1804,68437,82454,Rhinolophus ferrumequinum,0.022,0.022,-1,Echolocation,/mnt/ubna_data_01_mir/recover-20220825/UBNA_002/20220823_033000.WAV,Telephone Field,recover-20220825,002,1795
278.1575,278.1949,68437,82204,Rhinolophus ferrumequinum,0.021,0.021,-1,Echolocation,/mnt/ubna_data_01_mir/recover-20220825/UBNA_002/20220823_033000.WAV,Telephone Field,recover-20220825,002,1795
278.1615,278.1691,27187,35964,Eptesicus serotinus,0.009,0.024,-1,Echolocation,/mnt/ubna_data_01_mir/recover-20220825/UBNA_002/20220823_033000.WAV,Telephone Field,recover-20220825,002,1795
278.1995,278.2407,68437,83094,Rhinolophus ferrumequinum,0.03,0.03,-1,Echolocation,/mnt/ubna_data_01_mir/recover-20220825/UBNA_002/20220823_033000.WAV,Telephone Field,recover-20220825,002,1795
278.2115,278.2203,22890,29567,Plecotus austriacus,0.008,0.022,-1,Echolocation,/mnt/ubna_data_01_mir/recover-20220825/UBNA_002/20220823_033000.WAV,Telephone Field,recover-20220825,002,1795
278.2425,278.28,68437,81442,Rhinolophus ferrumequinum,0.021,0.021,-1,Echolocation,/mnt/ubna_data_01_mir/recover-20220825/UBNA_002/20220823_033000.WAV,Telephone Field,recover-20220825,002,1795
278.2675,278.2768,25468,33369,Eptesicus serotinus,0.007,0.021,-1,Echolocation,/mnt/ubna_data_01_mir/recover-20220825/UBNA_002/20220823_033000.WAV,Telephone Field,recover-20220825,002,1795
278.2795,278.2925,23750,28653,Nyctalus leisleri,0.011,0.023,-1,Echolocation,/mnt/ubna_data_01_mir/recover-20220825/UBNA_002/20220823_033000.WAV,Telephone Field,recover-20220825,002,1795
278.2885,278.2978,28906,36888,Eptesicus serotinus,0.013,0.03,-1,Echolocation,/mnt/ubna_data_01_mir/recover-20220825/UBNA_002/20220823_033000.WAV,Telephone Field,recover-20220825,002,1795
278.3015,278.3106,42656,46982,Pipistrellus pipistrellus,0.026,0.031,-1,Echolocation,/mnt/ubna_data_01_mir/recover-20220825/UBNA_002/20220823_033000.WAV,Telephone Field,recover-20220825,002,1795
278.3375,278.375,68437,81939,Rhinolophus ferrumequinum,0.02,0.02,-1,Echolocation,/mnt/ubna_data_01_mir/recover-20220825/UBNA_002/20220823_033000.WAV,Telephone Field,recover-20220825,002,1795
278.3635,278.4004,68437,81805,Rhinolophus ferrumequinum,0.022,0.022,-1,Echolocation,/mnt/ubna_data_01_mir/recover-20220825/UBNA_002/20220823_033000.WAV,Telephone Field,recover-20220825,002,1795
278.3755,278.3832,28046,39901,Eptesicus serotinus,0.006,0.02,-1,Echolocation,/mnt/ubna_data_01_mir/recover-20220825/UBNA_002/20220823_033000.WAV,Telephone Field,recover-20220825,002,1795
278.3895,278.43,68437,82499,Rhinolophus ferrumequinum,0.022,0.022,-1,Echolocation,/mnt/ubna_data_01_mir/recover-20220825/UBNA_002/20220823_033000.WAV,Telephone Field,recover-20220825,002,1795
278.4165,278.4559,68437,81520,Rhinolophus ferrumequinum,0.02,0.02,-1,Echolocation,/mnt/ubna_data_01_mir/recover-20220825/UBNA_002/20220823_033000.WAV,Telephone Field,recover-20220825,002,1795
278.41949999999997,278.4283,27187,40284,Eptesicus serotinus,0.008,0.023,-1,Echolocation,/mnt/ubna_data_01_mir/recover-20220825/UBNA_002/20220823_033000.WAV,Telephone Field,recover-20220825,002,1795
278.4415,278.454,24609,30103,Nyctalus leisleri,0.01,0.023,-1,Echolocation,/mnt/ubna_data_01_mir/recover-20220825/UBNA_002/20220823_033000.WAV,Telephone Field,recover-20220825,002,1795
278.5025,278.5434,68437,82687,Rhinolophus ferrumequinum,0.025,0.025,-1,Echolocation,/mnt/ubna_data_01_mir/recover-20220825/UBNA_002/20220823_033000.WAV,Telephone Field,recover-20220825,002,1795
278.5265,278.5329,29765,42446,Myotis daubentonii,0.014,0.038,-1,Echolocation,/mnt/ubna_data_01_mir/recover-20220825/UBNA_002/20220823_033000.WAV,Telephone Field,recover-20220825,002,1795
278.5475,278.5855,68437,81810,Rhinolophus ferrumequinum,0.02,0.02,-1,Echolocation,/mnt/ubna_data_01_mir/recover-20220825/UBNA_002/20220823_033000.WAV,Telephone Field,recover-20220825,002,1795
278.5535,278.5632,26328,34076,Eptesicus serotinus,0.01,0.022,-1,Echolocation,/mnt/ubna_data_01_mir/recover-20220825/UBNA_002/20220823_033000.WAV,Telephone Field,recover-20220825,002,1795
278.6095,278.6501,68437,82016,Rhinolophus ferrumequinum,0.023,0.023,-1,Echolocation,/mnt/ubna_data_01_mir/recover-20220825/UBNA_002/20220823_033000.WAV,Telephone Field,recover-20220825,002,1795
278.6165,278.6258,26328,35478,Eptesicus serotinus,0.009,0.021,-1,Echolocation,/mnt/ubna_data_01_mir/recover-20220825/UBNA_002/20220823_033000.WAV,Telephone Field,recover-20220825,002,1795
278.6395,278.6472,26328,34764,Eptesicus serotinus,0.007,0.02,-1,Echolocation,/mnt/ubna_data_01_mir/recover-20220825/UBNA_002/20220823_033000.WAV,Telephone Field,recover-20220825,002,1795
278.6555,278.695,68437,82360,Rhinolophus ferrumequinum,0.02,0.02,-1,Echolocation,/mnt/ubna_data_01_mir/recover-20220825/UBNA_002/20220823_033000.WAV,Telephone Field,recover-20220825,002,1795
278.6665,278.7061,68437,81809,Rhinolophus ferrumequinum,0.021,0.021,-1,Echolocation,/mnt/ubna_data_01_mir/recover-20220825/UBNA_002/20220823_033000.WAV,Telephone Field,recover-20220825,002,1795
278.6735,278.6815,28046,39514,Eptesicus serotinus,0.007,0.02,-1,Echolocation,/mnt/ubna_data_01_mir/recover-20220825/UBNA_002/20220823_033000.WAV,Telephone Field,recover-20220825,002,1795
278.7085,278.7484,68437,81771,Rhinolophus ferrumequinum,0.027,0.027,-1,Echolocation,/mnt/ubna_data_01_mir/recover-20220825/UBNA_002/20220823_033000.WAV,Telephone Field,recover-20220825,002,1795
278.7135,278.7195,27187,39535,Myotis nattereri,0.005,0.026,-1,Echolocation,/mnt/ubna_data_01_mir/recover-20220825/UBNA_002/20220823_033000.WAV,Telephone Field,recover-20220825,002,1795
278.7325,278.7692,68437,81569,Rhinolophus ferrumequinum,0.02,0.02,-1,Echolocation,/mnt/ubna_data_01_mir/recover-20220825/UBNA_002/20220823_033000.WAV,Telephone Field,recover-20220825,002,1795
278.7725,278.8125,68437,82632,Rhinolophus ferrumequinum,0.023,0.023,-1,Echolocation,/mnt/ubna_data_01_mir/recover-20220825/UBNA_002/20220823_033000.WAV,Telephone Field,recover-20220825,002,1795
278.7905,278.8298,68437,81601,Rhinolophus ferrumequinum,0.023,0.023,-1,Echolocation,/mnt/ubna_data_01_mir/recover-20220825/UBNA_002/20220823_033000.WAV,Telephone Field,recover-20220825,002,1795
278.8085,278.8184,28906,36465,Eptesicus serotinus,0.008,0.02,-1,Echolocation,/mnt/ubna_data_01_mir/recover-20220825/UBNA_002/20220823_033000.WAV,Telephone Field,recover-20220825,002,1795
278.8395,278.8768,68437,81577,Rhinolophus ferrumequinum,0.024,0.024,-1,Echolocation,/mnt/ubna_data_01_mir/recover-20220825/UBNA_002/20220823_033000.WAV,Telephone Field,recover-20220825,002,1795
278.8655,278.9049,68437,82228,Rhinolophus ferrumequinum,0.021,0.021,-1,Echolocation,/mnt/ubna_data_01_mir/recover-20220825/UBNA_002/20220823_033000.WAV,Telephone Field,recover-20220825,002,1795
278.8665,278.8734,28046,39797,Eptesicus serotinus,0.007,0.028,-1,Echolocation,/mnt/ubna_data_01_mir/recover-20220825/UBNA_002/20220823_033000.WAV,Telephone Field,recover-20220825,002,1795
278.8895,278.9273,68437,81314,Rhinolophus ferrumequinum,0.02,0.02,-1,Echolocation,/mnt/ubna_data_01_mir/recover-20220825/UBNA_002/20220823_033000.WAV,Telephone Field,recover-20220825,002,1795
278.8975,278.9358,68437,81707,Rhinolophus ferrumequinum,0.021,0.021,-1,Echolocation,/mnt/ubna_data_01_mir/recover-20220825/UBNA_002/20220823_033000.WAV,Telephone Field,recover-20220825,002,1795
278.9015,278.9125,22890,27865,Nyctalus leisleri,0.011,0.022,-1,Echolocation,/mnt/ubna_data_01_mir/recover-20220825/UBNA_002/20220823_033000.WAV,Telephone Field,recover-20220825,002,1795
278.9285,278.938,22890,29138,Nyctalus leisleri,0.007,0.02,-1,Echolocation,/mnt/ubna_data_01_mir/recover-20220825/UBNA_002/20220823_033000.WAV,Telephone Field,recover-20220825,002,1795
278.9415,278.9781,68437,81569,Rhinolophus ferrumequinum,0.026,0.026,-1,Echolocation,/mnt/ubna_data_01_mir/recover-20220825/UBNA_002/20220823_033000.WAV,Telephone Field,recover-20220825,002,1795
278.9545,278.995,68437,82599,Rhinolophus ferrumequinum,0.023,0.023,-1,Echolocation,/mnt/ubna_data_01_mir/recover-20220825/UBNA_002/20220823_033000.WAV,Telephone Field,recover-20220825,002,1795
278.9635,278.971,23750,32178,Plecotus austriacus,0.009,0.023,-1,Echolocation,/mnt/ubna_data_01_mir/recover-20220825/UBNA_002/20220823_033000.WAV,Telephone Field,recover-20220825,002,1795
278.9805,279.0204,68437,82742,Rhinolophus ferrumequinum,0.026,0.026,-1,Echolocation,/mnt/ubna_data_01_mir/recover-20220825/UBNA_002/20220823_033000.WAV,Telephone Field,recover-20220825,002,1795
279.0335,279.0749,68437,82677,Rhinolophus ferrumequinum,0.027,0.027,-1,Echolocation,/mnt/ubna_data_01_mir/recover-20220825/UBNA_002/20220823_033000.WAV,Telephone Field,recover-20220825,002,1795
279.0475,279.087,68437,81782,Rhinolophus ferrumequinum,0.022,0.022,-1,Echolocation,/mnt/ubna_data_01_mir/recover-20220825/UBNA_002/20220823_033000.WAV,Telephone Field,recover-20220825,002,1795
279.0555,279.0634,32343,42126,Myotis daubentonii,0.008,0.021,-1,Echolocation,/mnt/ubna_data_01_mir/recover-20220825/UBNA_002/20220823_033000.WAV,Telephone Field,recover-20220825,002,1795
279.0755,279.0849,28906,37523,Eptesicus serotinus,0.011,0.028,-1,Echolocation,/mnt/ubna_data_01_mir/recover-20220825/UBNA_002/20220823_033000.WAV,Telephone Field,recover-20220825,002,1795
279.1175,279.1571,68437,82632,Rhinolophus ferrumequinum,0.023,0.023,-1,Echolocation,/mnt/ubna_data_01_mir/recover-20220825/UBNA_002/20220823_033000.WAV,Telephone Field,recover-20220825,002,1795
279.1395,279.1482,28046,38728,Eptesicus serotinus,0.01,0.026,-1,Echolocation,/mnt/ubna_data_01_mir/recover-20220825/UBNA_002/20220823_033000.WAV,Telephone Field,recover-20220825,002,1795
279.1715,279.2054,68437,81402,Rhinolophus ferrumequinum,0.021,0.021,-1,Echolocation,/mnt/ubna_data_01_mir/recover-20220825/UBNA_002/20220823_033000.WAV,Telephone Field,recover-20220825,002,1795
279.1845,279.2204,68437,80776,Rhinolophus ferrumequinum,0.021,0.021,-1,Echolocation,/mnt/ubna_data_01_mir/recover-20220825/UBNA_002/20220823_033000.WAV,Telephone Field,recover-20220825,002,1795
279.1995,279.2065,28046,41267,Eptesicus serotinus,0.005,0.021,-1,Echolocation,/mnt/ubna_data_01_mir/recover-20220825/UBNA_002/20220823_033000.WAV,Telephone Field,recover-20220825,002,1795
279.2095,279.2301,17734,20673,Nyctalus noctula,0.015,0.031,-1,Echolocation,/mnt/ubna_data_01_mir/recover-20220825/UBNA_002/20220823_033000.WAV,Telephone Field,recover-20220825,002,1795
279.2225,279.2589,68437,81523,Rhinolophus ferrumequinum,0.021,0.021,-1,Echolocation,/mnt/ubna_data_01_mir/recover-20220825/UBNA_002/20220823_033000.WAV,Telephone Field,recover-20220825,002,1795
279.2385,279.2725,68437,80920,Rhinolophus ferrumequinum,0.021,0.021,-1,Echolocation,/mnt/ubna_data_01_mir/recover-20220825/UBNA_002/20220823_033000.WAV,Telephone Field,recover-20220825,002,1795
279.2415,279.2562,21171,24779,Nyctalus leisleri,0.019,0.033,-1,Echolocation,/mnt/ubna_data_01_mir/recover-20220825/UBNA_002/20220823_033000.WAV,Telephone Field,recover-20220825,002,1795
279.2545,279.2985,68437,82759,Rhinolophus ferrumequinum,0.033,0.033,-1,Echolocation,/mnt/ubna_data_01_mir/recover-20220825/UBNA_002/20220823_033000.WAV,Telephone Field,recover-20220825,002,1795
279.2775,279.3167,68437,82731,Rhinolophus ferrumequinum,0.024,0.024,-1,Echolocation,/mnt/ubna_data_01_mir/recover-20220825/UBNA_002/20220823_033000.WAV,Telephone Field,recover-20220825,002,1795
279.3375,279.3717,68437,81110,Rhinolophus ferrumequinum,0.021,0.021,-1,Echolocation,/mnt/ubna_data_01_mir/recover-20220825/UBNA_002/20220823_033000.WAV,Telephone Field,recover-20220825,002,1795
279.3465,279.3848,68437,82170,Rhinolophus ferrumequinum,0.021,0.021,-1,Echolocation,/mnt/ubna_data_01_mir/recover-20220825/UBNA_002/20220823_033000.WAV,Telephone Field,recover-20220825,002,1795
279.3795,279.3889,23750,30276,Nyctalus leisleri,0.008,0.022,-1,Echolocation,/mnt/ubna_data_01_mir/recover-20220825/UBNA_002/20220823_033000.WAV,Telephone Field,recover-20220825,002,1795
279.3805,279.4202,68437,81738,Rhinolophus ferrumequinum,0.022,0.022,-1,Echolocation,/mnt/ubna_data_01_mir/recover-20220825/UBNA_002/20220823_033000.WAV,Telephone Field,recover-20220825,002,1795
279.4215,279.4394,64140,69670,Pipistrellus pygmaeus,0.019,0.027,-1,Echolocation,/mnt/ubna_data_01_mir/recover-20220825/UBNA_002/20220823_033000.WAV,Telephone Field,recover-20220825,002,1795
279.4275,279.4615,68437,80738,Rhinolophus ferrumequinum,0.021,0.022,-1,Echolocation,/mnt/ubna_data_01_mir/recover-20220825/UBNA_002/20220823_033000.WAV,Telephone Field,recover-20220825,002,1795
279.4305,279.4419,22890,27419,Nyctalus leisleri,0.011,0.02,-1,Echolocation,/mnt/ubna_data_01_mir/recover-20220825/UBNA_002/20220823_033000.WAV,Telephone Field,recover-20220825,002,1795
279.4335,279.4697,68437,81337,Rhinolophus ferrumequinum,0.021,0.021,-1,Echolocation,/mnt/ubna_data_01_mir/recover-20220825/UBNA_002/20220823_033000.WAV,Telephone Field,recover-20220825,002,1795
279.4725,279.5087,68437,81489,Rhinolophus ferrumequinum,0.023,0.023,-1,Echolocation,/mnt/ubna_data_01_mir/recover-20220825/UBNA_002/20220823_033000.WAV,Telephone Field,recover-20220825,002,1795
279.5025,279.5424,68437,82772,Rhinolophus ferrumequinum,0.027,0.027,-1,Echolocation,/mnt/ubna_data_01_mir/recover-20220825/UBNA_002/20220823_033000.WAV,Telephone Field,recover-20220825,002,1795
279.5655,279.6069,68437,82558,Rhinolophus ferrumequinum,0.021,0.021,-1,Echolocation,/mnt/ubna_data_01_mir/recover-20220825/UBNA_002/20220823_033000.WAV,Telephone Field,recover-20220825,002,1795
279.5895,279.6296,68437,82856,Rhinolophus ferrumequinum,0.031,0.031,-1,Echolocation,/mnt/ubna_data_01_mir/recover-20220825/UBNA_002/20220823_033000.WAV,Telephone Field,recover-20220825,002,1795
279.6415,279.6816,68437,82642,Rhinolophus ferrumequinum,0.023,0.023,-1,Echolocation,/mnt/ubna_data_01_mir/recover-20220825/UBNA_002/20220823_033000.WAV,Telephone Field,recover-20220825,002,1795
279.6605,279.6708,23750,29500,Nyctalus leisleri,0.009,0.02,-1,Echolocation,/mnt/ubna_data_01_mir/recover-20220825/UBNA_002/20220823_033000.WAV,Telephone Field,recover-20220825,002,1795
279.6705,279.7083,68437,81920,Rhinolophus ferrumequinum,0.022,0.022,-1,Echolocation,/mnt/ubna_data_01_mir/recover-20220825/UBNA_002/20220823_033000.WAV,Telephone Field,recover-20220825,002,1795
279.6815,279.6897,28046,37446,Eptesicus serotinus,0.007,0.022,-1,Echolocation,/mnt/ubna_data_01_mir/recover-20220825/UBNA_002/20220823_033000.WAV,Telephone Field,recover-20220825,002,1795
279.6965,279.735,68437,82065,Rhinolophus ferrumequinum,0.021,0.021,-1,Echolocation,/mnt/ubna_data_01_mir/recover-20220825/UBNA_002/20220823_033000.WAV,Telephone Field,recover-20220825,002,1795
279.7085,279.7469,68437,82114,Rhinolophus ferrumequinum,0.02,0.02,-1,Echolocation,/mnt/ubna_data_01_mir/recover-20220825/UBNA_002/20220823_033000.WAV,Telephone Field,recover-20220825,002,1795
279.7125,279.7207,28046,38930,Eptesicus serotinus,0.007,0.02,-1,Echolocation,/mnt/ubna_data_01_mir/recover-20220825/UBNA_002/20220823_033000.WAV,Telephone Field,recover-20220825,002,1795
279.7265,279.7709,68437,83745,Rhinolophus ferrumequinum,0.032,0.032,-1,Echolocation,/mnt/ubna_data_01_mir/recover-20220825/UBNA_002/20220823_033000.WAV,Telephone Field,recover-20220825,002,1795
279.7615,279.8009,68437,82070,Rhinolophus ferrumequinum,0.02,0.02,-1,Echolocation,/mnt/ubna_data_01_mir/recover-20220825/UBNA_002/20220823_033000.WAV,Telephone Field,recover-20220825,002,1795
279.7885,279.804,24609,29896,Nyctalus leisleri,0.024,0.053,-1,Echolocation,/mnt/ubna_data_01_mir/recover-20220825/UBNA_002/20220823_033000.WAV,Telephone Field,recover-20220825,002,1795
279.7925,279.8321,68437,82001,Rhinolophus ferrumequinum,0.023,0.023,-1,Echolocation,/mnt/ubna_data_01_mir/recover-20220825/UBNA_002/20220823_033000.WAV,Telephone Field,recover-20220825,002,1795
279.7955,279.8074,44375,48020,Pipistrellus pipistrellus,0.02,0.024,-1,Echolocation,/mnt/ubna_data_01_mir/recover-20220825/UBNA_002/20220823_033000.WAV,Telephone Field,recover-20220825,002,1795
279.8135,279.8216,39218,50139,Pipistrellus nathusii,0.005,0.023,-1,Echolocation,/mnt/ubna_data_01_mir/recover-20220825/UBNA_002/20220823_033000.WAV,Telephone Field,recover-20220825,002,1795
279.8325,279.8753,68437,82897,Rhinolophus ferrumequinum,0.031,0.031,-1,Echolocation,/mnt/ubna_data_01_mir/recover-20220825/UBNA_002/20220823_033000.WAV,Telephone Field,recover-20220825,002,1795
279.8525,279.8602,27187,37282,Eptesicus serotinus,0.006,0.02,-1,Echolocation,/mnt/ubna_data_01_mir/recover-20220825/UBNA_002/20220823_033000.WAV,Telephone Field,recover-20220825,002,1795
279.8835,279.9231,68437,81571,Rhinolophus ferrumequinum,0.02,0.02,-1,Echolocation,/mnt/ubna_data_01_mir/recover-20220825/UBNA_002/20220823_033000.WAV,Telephone Field,recover-20220825,002,1795
279.9015,279.91179999999997,28046,36244,Eptesicus serotinus,0.011,0.026,-1,Echolocation,/mnt/ubna_data_01_mir/recover-20220825/UBNA_002/20220823_033000.WAV,Telephone Field,recover-20220825,002,1795
279.9445,279.9895,68437,83065,Rhinolophus ferrumequinum,0.039,0.039,-1,Echolocation,/mnt/ubna_data_01_mir/recover-20220825/UBNA_002/20220823_033000.WAV,Telephone Field,recover-20220825,002,1795
279.9575,279.9982,68437,82347,Rhinolophus ferrumequinum,0.022,0.022,-1,Echolocation,/mnt/ubna_data_01_mir/recover-20220825/UBNA_002/20220823_033000.WAV,Telephone Field,recover-20220825,002,1795
279.9835,279.9912,28046,40902,Eptesicus serotinus,0.009,0.027,-1,Echolocation,/mnt/ubna_data_01_mir/recover-20220825/UBNA_002/20220823_033000.WAV,Telephone Field,recover-20220825,002,1795
280.0015,280.033,68437,79149,Rhinolophus ferrumequinum,0.073,0.073,-1,Echolocation,/mnt/ubna_data_01_mir/recover-20220825/UBNA_002/20220823_033000.WAV,Telephone Field,recover-20220825,002,1795
280.0015,280.015,17734,23182,Nyctalus noctula,0.008,0.021,-1,Echolocation,/mnt/ubna_data_01_mir/recover-20220825/UBNA_002/20220823_033000.WAV,Telephone Field,recover-20220825,002,1795
280.0015,280.0144,49531,55144,Pipistrellus pipistrellus,0.018,0.028,-1,Echolocation,/mnt/ubna_data_01_mir/recover-20220825/UBNA_002/20220823_033000.WAV,Telephone Field,recover-20220825,002,1795
280.0335,280.0402,27187,40657,Eptesicus serotinus,0.009,0.034,-1,Echolocation,/mnt/ubna_data_01_mir/recover-20220825/UBNA_002/20220823_033000.WAV,Telephone Field,recover-20220825,002,1795
280.0455,280.083,68437,81700,Rhinolophus ferrumequinum,0.022,0.022,-1,Echolocation,/mnt/ubna_data_01_mir/recover-20220825/UBNA_002/20220823_033000.WAV,Telephone Field,recover-20220825,002,1795
280.0605,280.0713,25468,32593,Eptesicus serotinus,0.009,0.022,-1,Echolocation,/mnt/ubna_data_01_mir/recover-20220825/UBNA_002/20220823_033000.WAV,Telephone Field,recover-20220825,002,1795
280.1015,280.1097,46093,49855,Pipistrellus pipistrellus,0.021,0.023,-1,Echolocation,/mnt/ubna_data_01_mir/recover-20220825/UBNA_002/20220823_033000.WAV,Telephone Field,recover-20220825,002,1795
280.1195,280.1303,22890,29340,Nyctalus leisleri,0.009,0.025,-1,Echolocation,/mnt/ubna_data_01_mir/recover-20220825/UBNA_002/20220823_033000.WAV,Telephone Field,recover-20220825,002,1795
280.1215,280.1597,68437,82053,Rhinolophus ferrumequinum,0.022,0.022,-1,Echolocation,/mnt/ubna_data_01_mir/recover-20220825/UBNA_002/20220823_033000.WAV,Telephone Field,recover-20220825,002,1795
280.1295,280.1689,68437,81295,Rhinolophus ferrumequinum,0.023,0.023,-1,Echolocation,/mnt/ubna_data_01_mir/recover-20220825/UBNA_002/20220823_033000.WAV,Telephone Field,recover-20220825,002,1795
280.1565,280.2,68437,83499,Rhinolophus ferrumequinum,0.044,0.044,-1,Echolocation,/mnt/ubna_data_01_mir/recover-20220825/UBNA_002/20220823_033000.WAV,Telephone Field,recover-20220825,002,1795
280.1655,280.1766,23750,29357,Nyctalus leisleri,0.01,0.024,-1,Echolocation,/mnt/ubna_data_01_mir/recover-20220825/UBNA_002/20220823_033000.WAV,Telephone Field,recover-20220825,002,1795
280.1825,280.1879,38359,52898,Myotis daubentonii,0.009,0.026,-1,Echolocation,/mnt/ubna_data_01_mir/recover-20220825/UBNA_002/20220823_033000.WAV,Telephone Field,recover-20220825,002,1795
280.1835,280.1896,31484,57188,Myotis daubentonii,0.013,0.024,-1,Echolocation,/mnt/ubna_data_01_mir/recover-20220825/UBNA_002/20220823_033000.WAV,Telephone Field,recover-20220825,002,1795
280.2125,280.2549,68437,83437,Rhinolophus ferrumequinum,0.039,0.039,-1,Echolocation,/mnt/ubna_data_01_mir/recover-20220825/UBNA_002/20220823_033000.WAV,Telephone Field,recover-20220825,002,1795
280.2155,280.2217,50390,55742,Pipistrellus pipistrellus,0.019,0.022,-1,Echolocation,/mnt/ubna_data_01_mir/recover-20220825/UBNA_002/20220823_033000.WAV,Telephone Field,recover-20220825,002,1795
280.2495,280.2896,68437,82573,Rhinolophus ferrumequinum,0.022,0.022,-1,Echolocation,/mnt/ubna_data_01_mir/recover-20220825/UBNA_002/20220823_033000.WAV,Telephone Field,recover-20220825,002,1795
280.2885,280.3261,68437,82251,Rhinolophus ferrumequinum,0.025,0.025,-1,Echolocation,/mnt/ubna_data_01_mir/recover-20220825/UBNA_002/20220823_033000.WAV,Telephone Field,recover-20220825,002,1795
280.2955,280.3038,25468,36014,Nyctalus leisleri,0.01,0.039,-1,Echolocation,/mnt/ubna_data_01_mir/recover-20220825/UBNA_002/20220823_033000.WAV,Telephone Field,recover-20220825,002,1795
280.2955,280.3009,33203,45430,Myotis daubentonii,0.018,0.038,-1,Echolocation,/mnt/ubna_data_01_mir/recover-20220825/UBNA_002/20220823_033000.WAV,Telephone Field,recover-20220825,002,1795
280.3035,280.3438,68437,83057,Rhinolophus ferrumequinum,0.032,0.032,-1,Echolocation,/mnt/ubna_data_01_mir/recover-20220825/UBNA_002/20220823_033000.WAV,Telephone Field,recover-20220825,002,1795
280.3275,280.3692,68437,82782,Rhinolophus ferrumequinum,0.024,0.024,-1,Echolocation,/mnt/ubna_data_01_mir/recover-20220825/UBNA_002/20220823_033000.WAV,Telephone Field,recover-20220825,002,1795
280.3385,280.3804,68437,83090,Rhinolophus ferrumequinum,0.028,0.028,-1,Echolocation,/mnt/ubna_data_01_mir/recover-20220825/UBNA_002/20220823_033000.WAV,Telephone Field,recover-20220825,002,1795
280.3445,280.3814,68437,82428,Rhinolophus ferrumequinum,0.021,0.021,-1,Echolocation,/mnt/ubna_data_01_mir/recover-20220825/UBNA_002/20220823_033000.WAV,Telephone Field,recover-20220825,002,1795
280.3655,280.3759,22890,28467,Nyctalus leisleri,0.009,0.023,-1,Echolocation,/mnt/ubna_data_01_mir/recover-20220825/UBNA_002/20220823_033000.WAV,Telephone Field,recover-20220825,002,1795
280.3715,280.4096,68437,82011,Rhinolophus ferrumequinum,0.022,0.022,-1,Echolocation,/mnt/ubna_data_01_mir/recover-20220825/UBNA_002/20220823_033000.WAV,Telephone Field,recover-20220825,002,1795
280.3995,280.4381,68437,82097,Rhinolophus ferrumequinum,0.025,0.025,-1,Echolocation,/mnt/ubna_data_01_mir/recover-20220825/UBNA_002/20220823_033000.WAV,Telephone Field,recover-20220825,002,1795
280.3995,280.4066,28046,37124,Eptesicus serotinus,0.006,0.021,-1,Echolocation,/mnt/ubna_data_01_mir/recover-20220825/UBNA_002/20220823_033000.WAV,Telephone Field,recover-20220825,002,1795
280.4375,280.4451,26328,37502,Eptesicus serotinus,0.007,0.024,-1,Echolocation,/mnt/ubna_data_01_mir/recover-20220825/UBNA_002/20220823_033000.WAV,Telephone Field,recover-20220825,002,1795
280.4485,280.4871,68437,82711,Rhinolophus ferrumequinum,0.024,0.024,-1,Echolocation,/mnt/ubna_data_01_mir/recover-20220825/UBNA_002/20220823_033000.WAV,Telephone Field,recover-20220825,002,1795
280.4525,280.4606,28046,39596,Eptesicus serotinus,0.008,0.023,-1,Echolocation,/mnt/ubna_data_01_mir/recover-20220825/UBNA_002/20220823_033000.WAV,Telephone Field,recover-20220825,002,1795
280.4915,280.53,68437,81792,Rhinolophus ferrumequinum,0.021,0.021,-1,Echolocation,/mnt/ubna_data_01_mir/recover-20220825/UBNA_002/20220823_033000.WAV,Telephone Field,recover-20220825,002,1795
280.5285,280.5687,68437,82220,Rhinolophus ferrumequinum,0.025,0.025,-1,Echolocation,/mnt/ubna_data_01_mir/recover-20220825/UBNA_002/20220823_033000.WAV,Telephone Field,recover-20220825,002,1795
280.5675,280.6051,68437,81800,Rhinolophus ferrumequinum,0.023,0.023,-1,Echolocation,/mnt/ubna_data_01_mir/recover-20220825/UBNA_002/20220823_033000.WAV,Telephone Field,recover-20220825,002,1795
280.5795,280.5921,23750,29178,Nyctalus leisleri,0.019,0.037,-1,Echolocation,/mnt/ubna_data_01_mir/recover-20220825/UBNA_002/20220823_033000.WAV,Telephone Field,recover-20220825,002,1795
280.6055,280.6426,68437,81665,Rhinolophus ferrumequinum,0.023,0.023,-1,Echolocation,/mnt/ubna_data_01_mir/recover-20220825/UBNA_002/20220823_033000.WAV,Telephone Field,recover-20220825,002,1795
280.6105,280.6184,28046,40284,Eptesicus serotinus,0.008,0.023,-1,Echolocation,/mnt/ubna_data_01_mir/recover-20220825/UBNA_002/20220823_033000.WAV,Telephone Field,recover-20220825,002,1795
280.6305,280.6682,68437,81942,Rhinolophus ferrumequinum,0.031,0.031,-1,Echolocation,/mnt/ubna_data_01_mir/recover-20220825/UBNA_002/20220823_033000.WAV,Telephone Field,recover-20220825,002,1795
280.6625,280.7008,68437,81855,Rhinolophus ferrumequinum,0.021,0.021,-1,Echolocation,/mnt/ubna_data_01_mir/recover-20220825/UBNA_002/20220823_033000.WAV,Telephone Field,recover-20220825,002,1795
280.6715,280.6824,22031,27389,Nyctalus leisleri,0.012,0.026,-1,Echolocation,/mnt/ubna_data_01_mir/recover-20220825/UBNA_002/20220823_033000.WAV,Telephone Field,recover-20220825,002,1795
280.6785,280.718,68437,82480,Rhinolophus ferrumequinum,0.029,0.029,-1,Echolocation,/mnt/ubna_data_01_mir/recover-20220825/UBNA_002/20220823_033000.WAV,Telephone Field,recover-20220825,002,1795
280.7135,280.725,28046,35163,Eptesicus serotinus,0.01,0.022,-1,Echolocation,/mnt/ubna_data_01_mir/recover-20220825/UBNA_002/20220823_033000.WAV,Telephone Field,recover-20220825,002,1795
280.7325,280.7695,68437,81769,Rhinolophus ferrumequinum,0.022,0.022,-1,Echolocation,/mnt/ubna_data_01_mir/recover-20220825/UBNA_002/20220823_033000.WAV,Telephone Field,recover-20220825,002,1795
280.7635,280.7724,28046,41548,Eptesicus serotinus,0.009,0.023,-1,Echolocation,/mnt/ubna_data_01_mir/recover-20220825/UBNA_002/20220823_033000.WAV,Telephone Field,recover-20220825,002,1795
280.8005,280.8402,68437,81771,Rhinolophus ferrumequinum,0.024,0.024,-1,Echolocation,/mnt/ubna_data_01_mir/recover-20220825/UBNA_002/20220823_033000.WAV,Telephone Field,recover-20220825,002,1795
280.8365,280.875,68437,82544,Rhinolophus ferrumequinum,0.027,0.027,-1,Echolocation,/mnt/ubna_data_01_mir/recover-20220825/UBNA_002/20220823_033000.WAV,Telephone Field,recover-20220825,002,1795
280.8505,280.8576,27187,36864,Eptesicus serotinus,0.006,0.024,-1,Echolocation,/mnt/ubna_data_01_mir/recover-20220825/UBNA_002/20220823_033000.WAV,Telephone Field,recover-20220825,002,1795
280.8715,280.8812,28046,36250,Eptesicus serotinus,0.01,0.022,-1,Echolocation,/mnt/ubna_data_01_mir/recover-20220825/UBNA_002/20220823_033000.WAV,Telephone Field,recover-20220825,002,1795
280.8995,280.9393,68437,82513,Rhinolophus ferrumequinum,0.022,0.022,-1,Echolocation,/mnt/ubna_data_01_mir/recover-20220825/UBNA_002/20220823_033000.WAV,Telephone Field,recover-20220825,002,1795
280.9645,281.0034,68437,82408,Rhinolophus ferrumequinum,0.022,0.022,-1,Echolocation,/mnt/ubna_data_01_mir/recover-20220825/UBNA_002/20220823_033000.WAV,Telephone Field,recover-20220825,002,1795
280.9985,281.0387,68437,81903,Rhinolophus ferrumequinum,0.038,0.038,-1,Echolocation,/mnt/ubna_data_01_mir/recover-20220825/UBNA_002/20220823_033000.WAV,Telephone Field,recover-20220825,002,1795
281.0465,281.054,28046,38714,Eptesicus serotinus,0.011,0.028,-1,Echolocation,/mnt/ubna_data_01_mir/recover-20220825/UBNA_002/20220823_033000.WAV,Telephone Field,recover-20220825,002,1795
281.0665,281.1,68437,80040,Rhinolophus ferrumequinum,0.021,0.021,-1,Echolocation,/mnt/ubna_data_01_mir/recover-20220825/UBNA_002/20220823_033000.WAV,Telephone Field,recover-20220825,002,1795
281.0765,281.1135,68437,81784,Rhinolophus ferrumequinum,0.024,0.024,-1,Echolocation,/mnt/ubna_data_01_mir/recover-20220825/UBNA_002/20220823_033000.WAV,Telephone Field,recover-20220825,002,1795
281.0825,281.1229,68437,82104,Rhinolophus ferrumequinum,0.024,0.024,-1,Echolocation,/mnt/ubna_data_01_mir/recover-20220825/UBNA_002/20220823_033000.WAV,Telephone Field,recover-20220825,002,1795
281.0995,281.1103,22890,27912,Nyctalus leisleri,0.011,0.022,-1,Echolocation,/mnt/ubna_data_01_mir/recover-20220825/UBNA_002/20220823_033000.WAV,Telephone Field,recover-20220825,002,1795
281.1165,281.1284,27187,34059,Eptesicus serotinus,0.012,0.026,-1,Echolocation,/mnt/ubna_data_01_mir/recover-20220825/UBNA_002/20220823_033000.WAV,Telephone Field,recover-20220825,002,1795
281.1545,281.1934,68437,81026,Rhinolophus ferrumequinum,0.021,0.021,-1,Echolocation,/mnt/ubna_data_01_mir/recover-20220825/UBNA_002/20220823_033000.WAV,Telephone Field,recover-20220825,002,1795
281.1765,281.1874,23750,28566,Nyctalus leisleri,0.011,0.024,-1,Echolocation,/mnt/ubna_data_01_mir/recover-20220825/UBNA_002/20220823_033000.WAV,Telephone Field,recover-20220825,002,1795
281.1795,281.2165,68437,82117,Rhinolophus ferrumequinum,0.026,0.026,-1,Echolocation,/mnt/ubna_data_01_mir/recover-20220825/UBNA_002/20220823_033000.WAV,Telephone Field,recover-20220825,002,1795
281.2015,281.2096,27187,35606,Eptesicus serotinus,0.048,0.086,-1,Echolocation,/mnt/ubna_data_01_mir/recover-20220825/UBNA_002/20220823_033000.WAV,Telephone Field,recover-20220825,002,1795
281.2445,281.2814,68437,81686,Rhinolophus ferrumequinum,0.022,0.022,-1,Echolocation,/mnt/ubna_data_01_mir/recover-20220825/UBNA_002/20220823_033000.WAV,Telephone Field,recover-20220825,002,1795
281.2535,281.2632,28906,37355,Eptesicus serotinus,0.011,0.024,-1,Echolocation,/mnt/ubna_data_01_mir/recover-20220825/UBNA_002/20220823_033000.WAV,Telephone Field,recover-20220825,002,1795
281.2695,281.2771,28046,39344,Eptesicus serotinus,0.008,0.024,-1,Echolocation,/mnt/ubna_data_01_mir/recover-20220825/UBNA_002/20220823_033000.WAV,Telephone Field,recover-20220825,002,1795
281.2815,281.2972,21171,24851,Nyctalus leisleri,0.017,0.033,-1,Echolocation,/mnt/ubna_data_01_mir/recover-20220825/UBNA_002/20220823_033000.WAV,Telephone Field,recover-20220825,002,1795
281.29449999999997,281.308,52109,57836,Pipistrellus pygmaeus,0.014,0.024,-1,Echolocation,/mnt/ubna_data_01_mir/recover-20220825/UBNA_002/20220823_033000.WAV,Telephone Field,recover-20220825,002,1795
281.2995,281.3387,68437,81852,Rhinolophus ferrumequinum,0.022,0.022,-1,Echolocation,/mnt/ubna_data_01_mir/recover-20220825/UBNA_002/20220823_033000.WAV,Telephone Field,recover-20220825,002,1795
281.3115,281.349,68437,81716,Rhinolophus ferrumequinum,0.023,0.023,-1,Echolocation,/mnt/ubna_data_01_mir/recover-20220825/UBNA_002/20220823_033000.WAV,Telephone Field,recover-20220825,002,1795
281.3145,281.3237,26328,36389,Eptesicus serotinus,0.008,0.025,-1,Echolocation,/mnt/ubna_data_01_mir/recover-20220825/UBNA_002/20220823_033000.WAV,Telephone Field,recover-20220825,002,1795
281.3375,281.3801,68437,83291,Rhinolophus ferrumequinum,0.045,0.045,-1,Echolocation,/mnt/ubna_data_01_mir/recover-20220825/UBNA_002/20220823_033000.WAV,Telephone Field,recover-20220825,002,1795
281.3555,281.3934,68437,81173,Rhinolophus ferrumequinum,0.023,0.023,-1,Echolocation,/mnt/ubna_data_01_mir/recover-20220825/UBNA_002/20220823_033000.WAV,Telephone Field,recover-20220825,002,1795
281.3695,281.3776,23750,32792,Plecotus austriacus,0.007,0.022,-1,Echolocation,/mnt/ubna_data_01_mir/recover-20220825/UBNA_002/20220823_033000.WAV,Telephone Field,recover-20220825,002,1795
281.3835,281.3901,24609,34758,Plecotus austriacus,0.009,0.027,-1,Echolocation,/mnt/ubna_data_01_mir/recover-20220825/UBNA_002/20220823_033000.WAV,Telephone Field,recover-20220825,002,1795
281.4175,281.4243,27187,40454,Eptesicus serotinus,0.006,0.021,-1,Echolocation,/mnt/ubna_data_01_mir/recover-20220825/UBNA_002/20220823_033000.WAV,Telephone Field,recover-20220825,002,1795
281.4455,281.4559,26328,34335,Eptesicus serotinus,0.011,0.026,-1,Echolocation,/mnt/ubna_data_01_mir/recover-20220825/UBNA_002/20220823_033000.WAV,Telephone Field,recover-20220825,002,1795
281.4485,281.4883,68437,82309,Rhinolophus ferrumequinum,0.021,0.021,-1,Echolocation,/mnt/ubna_data_01_mir/recover-20220825/UBNA_002/20220823_033000.WAV,Telephone Field,recover-20220825,002,1795
281.4795,281.5172,68437,81139,Rhinolophus ferrumequinum,0.022,0.022,-1,Echolocation,/mnt/ubna_data_01_mir/recover-20220825/UBNA_002/20220823_033000.WAV,Telephone Field,recover-20220825,002,1795
281.4865,281.4944,38359,45315,Myotis daubentonii,0.011,0.026,-1,Echolocation,/mnt/ubna_data_01_mir/recover-20220825/UBNA_002/20220823_033000.WAV,Telephone Field,recover-20220825,002,1795
281.5125,281.5258,43515,46849,Pipistrellus pipistrellus,0.026,0.033,-1,Echolocation,/mnt/ubna_data_01_mir/recover-20220825/UBNA_002/20220823_033000.WAV,Telephone Field,recover-20220825,002,1795
281.5435,281.5508,28046,39991,Eptesicus serotinus,0.008,0.028,-1,Echolocation,/mnt/ubna_data_01_mir/recover-20220825/UBNA_002/20220823_033000.WAV,Telephone Field,recover-20220825,002,1795
281.5705,281.5809,22031,27556,Nyctalus leisleri,0.01,0.024,-1,Echolocation,/mnt/ubna_data_01_mir/recover-20220825/UBNA_002/20220823_033000.WAV,Telephone Field,recover-20220825,002,1795
281.5725,281.5811,27187,36765,Eptesicus serotinus,0.007,0.022,-1,Echolocation,/mnt/ubna_data_01_mir/recover-20220825/UBNA_002/20220823_033000.WAV,Telephone Field,recover-20220825,002,1795
281.5815,281.5987,19453,23023,Nyctalus noctula,0.011,0.024,-1,Echolocation,/mnt/ubna_data_01_mir/recover-20220825/UBNA_002/20220823_033000.WAV,Telephone Field,recover-20220825,002,1795
281.6075,281.6163,28046,39272,Eptesicus serotinus,0.008,0.022,-1,Echolocation,/mnt/ubna_data_01_mir/recover-20220825/UBNA_002/20220823_033000.WAV,Telephone Field,recover-20220825,002,1795
281.6565,281.6641,31484,43705,Myotis daubentonii,0.012,0.025,-1,Echolocation,/mnt/ubna_data_01_mir/recover-20220825/UBNA_002/20220823_033000.WAV,Telephone Field,recover-20220825,002,1795
281.6575,281.6639,26328,38325,Eptesicus serotinus,0.005,0.024,-1,Echolocation,/mnt/ubna_data_01_mir/recover-20220825/UBNA_002/20220823_033000.WAV,Telephone Field,recover-20220825,002,1795
281.6675,281.7056,68437,82191,Rhinolophus ferrumequinum,0.026,0.026,-1,Echolocation,/mnt/ubna_data_01_mir/recover-20220825/UBNA_002/20220823_033000.WAV,Telephone Field,recover-20220825,002,1795
281.6705,281.681,22890,28437,Nyctalus leisleri,0.01,0.024,-1,Echolocation,/mnt/ubna_data_01_mir/recover-20220825/UBNA_002/20220823_033000.WAV,Telephone Field,recover-20220825,002,1795
281.6785,281.6888,22890,28194,Nyctalus leisleri,0.011,0.023,-1,Echolocation,/mnt/ubna_data_01_mir/recover-20220825/UBNA_002/20220823_033000.WAV,Telephone Field,recover-20220825,002,1795
281.6795,281.7189,68437,82384,Rhinolophus ferrumequinum,0.025,0.025,-1,Echolocation,/mnt/ubna_data_01_mir/recover-20220825/UBNA_002/20220823_033000.WAV,Telephone Field,recover-20220825,002,1795
281.7125,281.7522,68437,82694,Rhinolophus ferrumequinum,0.039,0.039,-1,Echolocation,/mnt/ubna_data_01_mir/recover-20220825/UBNA_002/20220823_033000.WAV,Telephone Field,recover-20220825,002,1795
281.7515,281.7937,68437,82755,Rhinolophus ferrumequinum,0.026,0.026,-1,Echolocation,/mnt/ubna_data_01_mir/recover-20220825/UBNA_002/20220823_033000.WAV,Telephone Field,recover-20220825,002,1795
281.7635,281.7719,26328,37527,Eptesicus serotinus,0.009,0.024,-1,Echolocation,/mnt/ubna_data_01_mir/recover-20220825/UBNA_002/20220823_033000.WAV,Telephone Field,recover-20220825,002,1795
281.8505,281.8913,68437,82814,Rhinolophus ferrumequinum,0.027,0.027,-1,Echolocation,/mnt/ubna_data_01_mir/recover-20220825/UBNA_002/20220823_033000.WAV,Telephone Field,recover-20220825,002,1795
281.8815,281.92,68437,82778,Rhinolophus ferrumequinum,0.027,0.027,-1,Echolocation,/mnt/ubna_data_01_mir/recover-20220825/UBNA_002/20220823_033000.WAV,Telephone Field,recover-20220825,002,1795
281.8875,281.9006,28046,35342,Eptesicus serotinus,0.034,0.05,-1,Echolocation,/mnt/ubna_data_01_mir/recover-20220825/UBNA_002/20220823_033000.WAV,Telephone Field,recover-20220825,002,1795
281.9155,281.9256,24609,31989,Eptesicus serotinus,0.01,0.029,-1,Echolocation,/mnt/ubna_data_01_mir/recover-20220825/UBNA_002/20220823_033000.WAV,Telephone Field,recover-20220825,002,1795
281.9405,281.94780000000003,28046,39032,Eptesicus serotinus,0.007,0.025,-1,Echolocation,/mnt/ubna_data_01_mir/recover-20220825/UBNA_002/20220823_033000.WAV,Telephone Field,recover-20220825,002,1795
281.9735,281.9798,34921,44379,Myotis daubentonii,0.011,0.026,-1,Echolocation,/mnt/ubna_data_01_mir/recover-20220825/UBNA_002/20220823_033000.WAV,Telephone Field,recover-20220825,002,1795
281.9745,281.9821,28046,40337,Eptesicus serotinus,0.008,0.025,-1,Echolocation,/mnt/ubna_data_01_mir/recover-20220825/UBNA_002/20220823_033000.WAV,Telephone Field,recover-20220825,002,1795
281.9875,281.9961,28046,39951,Eptesicus serotinus,0.009,0.024,-1,Echolocation,/mnt/ubna_data_01_mir/recover-20220825/UBNA_002/20220823_033000.WAV,Telephone Field,recover-20220825,002,1795
282.0015,282.013,47812,53773,Pipistrellus pipistrellus,0.019,0.027,-1,Echolocation,/mnt/ubna_data_01_mir/recover-20220825/UBNA_002/20220823_033000.WAV,Telephone Field,recover-20220825,002,1795
282.0015,282.031,68437,79581,Rhinolophus ferrumequinum,0.043,0.043,-1,Echolocation,/mnt/ubna_data_01_mir/recover-20220825/UBNA_002/20220823_033000.WAV,Telephone Field,recover-20220825,002,1795
282.0015,282.0109,25468,33055,Nyctalus leisleri,0.011,0.033,-1,Echolocation,/mnt/ubna_data_01_mir/recover-20220825/UBNA_002/20220823_033000.WAV,Telephone Field,recover-20220825,002,1795
282.0015,282.0136,21171,26413,Nyctalus leisleri,0.013,0.03,-1,Echolocation,/mnt/ubna_data_01_mir/recover-20220825/UBNA_002/20220823_033000.WAV,Telephone Field,recover-20220825,002,1795
282.0175,282.0255,47812,55163,Pipistrellus pipistrellus,0.021,0.024,-1,Echolocation,/mnt/ubna_data_01_mir/recover-20220825/UBNA_002/20220823_033000.WAV,Telephone Field,recover-20220825,002,1795
282.0685,282.0764,27187,39334,Eptesicus serotinus,0.007,0.023,-1,Echolocation,/mnt/ubna_data_01_mir/recover-20220825/UBNA_002/20220823_033000.WAV,Telephone Field,recover-20220825,002,1795
282.0735,282.0808,50390,55180,Pipistrellus pipistrellus,0.02,0.024,-1,Echolocation,/mnt/ubna_data_01_mir/recover-20220825/UBNA_002/20220823_033000.WAV,Telephone Field,recover-20220825,002,1795
282.1085,282.1192,22890,28445,Nyctalus leisleri,0.013,0.029,-1,Echolocation,/mnt/ubna_data_01_mir/recover-20220825/UBNA_002/20220823_033000.WAV,Telephone Field,recover-20220825,002,1795
282.1425,282.154,16015,21391,Nyctalus noctula,0.016,0.037,-1,Echolocation,/mnt/ubna_data_01_mir/recover-20220825/UBNA_002/20220823_033000.WAV,Telephone Field,recover-20220825,002,1795
282.1645,282.2027,68437,82266,Rhinolophus ferrumequinum,0.023,0.023,-1,Echolocation,/mnt/ubna_data_01_mir/recover-20220825/UBNA_002/20220823_033000.WAV,Telephone Field,recover-20220825,002,1795
282.1965,282.2035,27187,37607,Eptesicus serotinus,0.008,0.03,-1,Echolocation,/mnt/ubna_data_01_mir/recover-20220825/UBNA_002/20220823_033000.WAV,Telephone Field,recover-20220825,002,1795
282.2085,282.2236,22031,26408,Nyctalus leisleri,0.015,0.028,-1,Echolocation,/mnt/ubna_data_01_mir/recover-20220825/UBNA_002/20220823_033000.WAV,Telephone Field,recover-20220825,002,1795
282.2485,282.2831,68437,81765,Rhinolophus ferrumequinum,0.023,0.023,-1,Echolocation,/mnt/ubna_data_01_mir/recover-20220825/UBNA_002/20220823_033000.WAV,Telephone Field,recover-20220825,002,1795
282.2715,282.2781,28046,40231,Eptesicus serotinus,0.007,0.028,-1,Echolocation,/mnt/ubna_data_01_mir/recover-20220825/UBNA_002/20220823_033000.WAV,Telephone Field,recover-20220825,002,1795
282.2925,282.305,22031,26004,Nyctalus leisleri,0.013,0.023,-1,Echolocation,/mnt/ubna_data_01_mir/recover-20220825/UBNA_002/20220823_033000.WAV,Telephone Field,recover-20220825,002,1795
282.3065,282.34159999999997,68437,81928,Rhinolophus ferrumequinum,0.023,0.023,-1,Echolocation,/mnt/ubna_data_01_mir/recover-20220825/UBNA_002/20220823_033000.WAV,Telephone Field,recover-20220825,002,1795
282.3255,282.3354,28046,36192,Eptesicus serotinus,0.01,0.024,-1,Echolocation,/mnt/ubna_data_01_mir/recover-20220825/UBNA_002/20220823_033000.WAV,Telephone Field,recover-20220825,002,1795
282.3275,282.3663,68437,82014,Rhinolophus ferrumequinum,0.023,0.023,-1,Echolocation,/mnt/ubna_data_01_mir/recover-20220825/UBNA_002/20220823_033000.WAV,Telephone Field,recover-20220825,002,1795
282.3475,282.384,68437,81859,Rhinolophus ferrumequinum,0.023,0.023,-1,Echolocation,/mnt/ubna_data_01_mir/recover-20220825/UBNA_002/20220823_033000.WAV,Telephone Field,recover-20220825,002,1795
282.3475,282.3575,25468,33108,Eptesicus serotinus,0.024,0.047,-1,Echolocation,/mnt/ubna_data_01_mir/recover-20220825/UBNA_002/20220823_033000.WAV,Telephone Field,recover-20220825,002,1795
282.3845,282.3931,58125,65943,Pipistrellus pygmaeus,0.028,0.029,-1,Echolocation,/mnt/ubna_data_01_mir/recover-20220825/UBNA_002/20220823_033000.WAV,Telephone Field,recover-20220825,002,1795
282.3865,282.3926,29765,46751,Myotis daubentonii,0.015,0.027,-1,Echolocation,/mnt/ubna_data_01_mir/recover-20220825/UBNA_002/20220823_033000.WAV,Telephone Field,recover-20220825,002,1795
282.3995,282.4065,27187,38349,Eptesicus serotinus,0.007,0.023,-1,Echolocation,/mnt/ubna_data_01_mir/recover-20220825/UBNA_002/20220823_033000.WAV,Telephone Field,recover-20220825,002,1795
282.4005,282.4405,68437,82568,Rhinolophus ferrumequinum,0.028,0.028,-1,Echolocation,/mnt/ubna_data_01_mir/recover-20220825/UBNA_002/20220823_033000.WAV,Telephone Field,recover-20220825,002,1795
282.4065,282.4152,56406,66544,Pipistrellus pygmaeus,0.023,0.024,-1,Echolocation,/mnt/ubna_data_01_mir/recover-20220825/UBNA_002/20220823_033000.WAV,Telephone Field,recover-20220825,002,1795
282.4185,282.4566,68437,82611,Rhinolophus ferrumequinum,0.025,0.025,-1,Echolocation,/mnt/ubna_data_01_mir/recover-20220825/UBNA_002/20220823_033000.WAV,Telephone Field,recover-20220825,002,1795
282.4205,282.431,22890,28514,Nyctalus leisleri,0.011,0.026,-1,Echolocation,/mnt/ubna_data_01_mir/recover-20220825/UBNA_002/20220823_033000.WAV,Telephone Field,recover-20220825,002,1795
282.4285,282.4651,68437,81357,Rhinolophus ferrumequinum,0.023,0.023,-1,Echolocation,/mnt/ubna_data_01_mir/recover-20220825/UBNA_002/20220823_033000.WAV,Telephone Field,recover-20220825,002,1795
282.4345,282.4673,68437,80812,Rhinolophus ferrumequinum,0.024,0.024,-1,Echolocation,/mnt/ubna_data_01_mir/recover-20220825/UBNA_002/20220823_033000.WAV,Telephone Field,recover-20220825,002,1795
282.4455,282.4539,50390,56242,Pipistrellus pipistrellus,0.024,0.03,-1,Echolocation,/mnt/ubna_data_01_mir/recover-20220825/UBNA_002/20220823_033000.WAV,Telephone Field,recover-20220825,002,1795
282.4475,282.4869,68437,82199,Rhinolophus ferrumequinum,0.035,0.035,-1,Echolocation,/mnt/ubna_data_01_mir/recover-20220825/UBNA_002/20220823_033000.WAV,Telephone Field,recover-20220825,002,1795
282.4535,282.4624,40078,45134,Pipistrellus nathusii,0.112,0.143,-1,Echolocation,/mnt/ubna_data_01_mir/recover-20220825/UBNA_002/20220823_033000.WAV,Telephone Field,recover-20220825,002,1795
282.4765,282.4819,29765,39569,Myotis daubentonii,0.024,0.054,-1,Echolocation,/mnt/ubna_data_01_mir/recover-20220825/UBNA_002/20220823_033000.WAV,Telephone Field,recover-20220825,002,1795
282.5345,282.5707,68437,82099,Rhinolophus ferrumequinum,0.022,0.022,-1,Echolocation,/mnt/ubna_data_01_mir/recover-20220825/UBNA_002/20220823_033000.WAV,Telephone Field,recover-20220825,002,1795
282.5365,282.54449999999997,28046,37313,Eptesicus serotinus,0.008,0.025,-1,Echolocation,/mnt/ubna_data_01_mir/recover-20220825/UBNA_002/20220823_033000.WAV,Telephone Field,recover-20220825,002,1795
282.5595,282.5983,68437,82214,Rhinolophus ferrumequinum,0.023,0.023,-1,Echolocation,/mnt/ubna_data_01_mir/recover-20220825/UBNA_002/20220823_033000.WAV,Telephone Field,recover-20220825,002,1795
282.5925,282.6002,27187,41749,Eptesicus serotinus,0.007,0.023,-1,Echolocation,/mnt/ubna_data_01_mir/recover-20220825/UBNA_002/20220823_033000.WAV,Telephone Field,recover-20220825,002,1795
282.6345,282.67719999999997,68437,83005,Rhinolophus ferrumequinum,0.067,0.067,-1,Echolocation,/mnt/ubna_data_01_mir/recover-20220825/UBNA_002/20220823_033000.WAV,Telephone Field,recover-20220825,002,1795
282.6615,282.6712,39218,44276,Pipistrellus nathusii,0.022,0.036,-1,Echolocation,/mnt/ubna_data_01_mir/recover-20220825/UBNA_002/20220823_033000.WAV,Telephone Field,recover-20220825,002,1795
282.6645,282.6714,30625,44755,Myotis daubentonii,0.014,0.026,-1,Echolocation,/mnt/ubna_data_01_mir/recover-20220825/UBNA_002/20220823_033000.WAV,Telephone Field,recover-20220825,002,1795
282.6805,282.7168,68437,80893,Rhinolophus ferrumequinum,0.027,0.027,-1,Echolocation,/mnt/ubna_data_01_mir/recover-20220825/UBNA_002/20220823_033000.WAV,Telephone Field,recover-20220825,002,1795
282.7105,282.7508,68437,82693,Rhinolophus ferrumequinum,0.024,0.024,-1,Echolocation,/mnt/ubna_data_01_mir/recover-20220825/UBNA_002/20220823_033000.WAV,Telephone Field,recover-20220825,002,1795
282.7335,282.7473,22890,26998,Nyctalus leisleri,0.026,0.045,-1,Echolocation,/mnt/ubna_data_01_mir/recover-20220825/UBNA_002/20220823_033000.WAV,Telephone Field,recover-20220825,002,1795
282.7645,282.7721,27187,37674,Eptesicus serotinus,0.008,0.023,-1,Echolocation,/mnt/ubna_data_01_mir/recover-20220825/UBNA_002/20220823_033000.WAV,Telephone Field,recover-20220825,002,1795
282.7875,282.8243,68437,81840,Rhinolophus ferrumequinum,0.023,0.023,-1,Echolocation,/mnt/ubna_data_01_mir/recover-20220825/UBNA_002/20220823_033000.WAV,Telephone Field,recover-20220825,002,1795
282.8155,282.8489,68437,81084,Rhinolophus ferrumequinum,0.026,0.026,-1,Echolocation,/mnt/ubna_data_01_mir/recover-20220825/UBNA_002/20220823_033000.WAV,Telephone Field,recover-20220825,002,1795
282.8675,282.8741,36640,46654,Pipistrellus nathusii,0.115,0.295,-1,Echolocation,/mnt/ubna_data_01_mir/recover-20220825/UBNA_002/20220823_033000.WAV,Telephone Field,recover-20220825,002,1795
282.8745,282.9128,68437,82466,Rhinolophus ferrumequinum,0.03,0.03,-1,Echolocation,/mnt/ubna_data_01_mir/recover-20220825/UBNA_002/20220823_033000.WAV,Telephone Field,recover-20220825,002,1795
282.9145,282.9233,27187,37415,Eptesicus serotinus,0.01,0.026,-1,Echolocation,/mnt/ubna_data_01_mir/recover-20220825/UBNA_002/20220823_033000.WAV,Telephone Field,recover-20220825,002,1795
282.9505,282.9606,28046,35503,Eptesicus serotinus,0.012,0.024,-1,Echolocation,/mnt/ubna_data_01_mir/recover-20220825/UBNA_002/20220823_033000.WAV,Telephone Field,recover-20220825,002,1795
282.9675,282.9754,36640,47563,Pipistrellus nathusii,0.051,0.155,-1,Echolocation,/mnt/ubna_data_01_mir/recover-20220825/UBNA_002/20220823_033000.WAV,Telephone Field,recover-20220825,002,1795
282.9905,282.9983,26328,37401,Eptesicus serotinus,0.008,0.025,-1,Echolocation,/mnt/ubna_data_01_mir/recover-20220825/UBNA_002/20220823_033000.WAV,Telephone Field,recover-20220825,002,1795
283.0395,283.0485,28046,37218,Eptesicus serotinus,0.015,0.035,-1,Echolocation,/mnt/ubna_data_01_mir/recover-20220825/UBNA_002/20220823_033000.WAV,Telephone Field,recover-20220825,002,1795
283.0505,283.0608,25468,32599,Eptesicus serotinus,0.009,0.026,-1,Echolocation,/mnt/ubna_data_01_mir/recover-20220825/UBNA_002/20220823_033000.WAV,Telephone Field,recover-20220825,002,1795
283.0905,283.127,68437,81743,Rhinolophus ferrumequinum,0.032,0.032,-1,Echolocation,/mnt/ubna_data_01_mir/recover-20220825/UBNA_002/20220823_033000.WAV,Telephone Field,recover-20220825,002,1795
283.0915,283.09929999999997,27187,37128,Eptesicus serotinus,0.008,0.025,-1,Echolocation,/mnt/ubna_data_01_mir/recover-20220825/UBNA_002/20220823_033000.WAV,Telephone Field,recover-20220825,002,1795
283.1095,283.1158,39218,50074,Pipistrellus nathusii,0.385,0.48,-1,Echolocation,/mnt/ubna_data_01_mir/recover-20220825/UBNA_002/20220823_033000.WAV,Telephone Field,recover-20220825,002,1795
283.1115,283.1173,28046,48653,Myotis daubentonii,0.03,0.048,-1,Echolocation,/mnt/ubna_data_01_mir/recover-20220825/UBNA_002/20220823_033000.WAV,Telephone Field,recover-20220825,002,1795
283.1505,283.1913,68437,83271,Rhinolophus ferrumequinum,0.027,0.027,-1,Echolocation,/mnt/ubna_data_01_mir/recover-20220825/UBNA_002/20220823_033000.WAV,Telephone Field,recover-20220825,002,1795
283.1885,283.2278,68437,82499,Rhinolophus ferrumequinum,0.024,0.024,-1,Echolocation,/mnt/ubna_data_01_mir/recover-20220825/UBNA_002/20220823_033000.WAV,Telephone Field,recover-20220825,002,1795
283.2135,283.2504,68437,82561,Rhinolophus ferrumequinum,0.027,0.027,-1,Echolocation,/mnt/ubna_data_01_mir/recover-20220825/UBNA_002/20220823_033000.WAV,Telephone Field,recover-20220825,002,1795
283.2215,283.2576,68437,81319,Rhinolophus ferrumequinum,0.026,0.026,-1,Echolocation,/mnt/ubna_data_01_mir/recover-20220825/UBNA_002/20220823_033000.WAV,Telephone Field,recover-20220825,002,1795
283.2235,283.2314,38359,45555,Pipistrellus nathusii,0.193,0.334,-1,Echolocation,/mnt/ubna_data_01_mir/recover-20220825/UBNA_002/20220823_033000.WAV,Telephone Field,recover-20220825,002,1795
283.2545,283.2949,68437,82583,Rhinolophus ferrumequinum,0.025,0.025,-1,Echolocation,/mnt/ubna_data_01_mir/recover-20220825/UBNA_002/20220823_033000.WAV,Telephone Field,recover-20220825,002,1795
283.2995,283.3391,68437,82769,Rhinolophus ferrumequinum,0.031,0.031,-1,Echolocation,/mnt/ubna_data_01_mir/recover-20220825/UBNA_002/20220823_033000.WAV,Telephone Field,recover-20220825,002,1795
283.3095,283.3471,68437,82035,Rhinolophus ferrumequinum,0.025,0.025,-1,Echolocation,/mnt/ubna_data_01_mir/recover-20220825/UBNA_002/20220823_033000.WAV,Telephone Field,recover-20220825,002,1795
283.33050000000003,283.3386,37500,50109,Pipistrellus nathusii,0.383,0.546,-1,Echolocation,/mnt/ubna_data_01_mir/recover-20220825/UBNA_002/20220823_033000.WAV,Telephone Field,recover-20220825,002,1795
283.3405,283.3466,26328,34557,Myotis daubentonii,0.005,0.024,-1,Echolocation,/mnt/ubna_data_01_mir/recover-20220825/UBNA_002/20220823_033000.WAV,Telephone Field,recover-20220825,002,1795
283.3545,283.3628,52109,57115,Pipistrellus pygmaeus,0.03,0.033,-1,Echolocation,/mnt/ubna_data_01_mir/recover-20220825/UBNA_002/20220823_033000.WAV,Telephone Field,recover-20220825,002,1795
283.3905,283.3989,14296,21753,Plecotus auritus,0.013,0.025,-1,Echolocation,/mnt/ubna_data_01_mir/recover-20220825/UBNA_002/20220823_033000.WAV,Telephone Field,recover-20220825,002,1795
283.3955,283.4029,28046,37262,Eptesicus serotinus,0.009,0.029,-1,Echolocation,/mnt/ubna_data_01_mir/recover-20220825/UBNA_002/20220823_033000.WAV,Telephone Field,recover-20220825,002,1795
283.4075,283.4141,36640,48398,Pipistrellus nathusii,0.329,0.574,-1,Echolocation,/mnt/ubna_data_01_mir/recover-20220825/UBNA_002/20220823_033000.WAV,Telephone Field,recover-20220825,002,1795
283.4905,283.498,37500,49515,Pipistrellus nathusii,0.31,0.501,-1,Echolocation,/mnt/ubna_data_01_mir/recover-20220825/UBNA_002/20220823_033000.WAV,Telephone Field,recover-20220825,002,1795
283.4935,283.502,51250,60385,Pipistrellus pipistrellus,0.011,0.023,-1,Echolocation,/mnt/ubna_data_01_mir/recover-20220825/UBNA_002/20220823_033000.WAV,Telephone Field,recover-20220825,002,1795
283.5235,283.562,68437,81974,Rhinolophus ferrumequinum,0.029,0.029,-1,Echolocation,/mnt/ubna_data_01_mir/recover-20220825/UBNA_002/20220823_033000.WAV,Telephone Field,recover-20220825,002,1795
283.5815,283.5879,36640,49354,Pipistrellus nathusii,0.2,0.411,-1,Echolocation,/mnt/ubna_data_01_mir/recover-20220825/UBNA_002/20220823_033000.WAV,Telephone Field,recover-20220825,002,1795
283.6185,283.6628,68437,83485,Rhinolophus ferrumequinum,0.049,0.049,-1,Echolocation,/mnt/ubna_data_01_mir/recover-20220825/UBNA_002/20220823_033000.WAV,Telephone Field,recover-20220825,002,1795
283.6205,283.631,27187,35410,Eptesicus serotinus,0.011,0.024,-1,Echolocation,/mnt/ubna_data_01_mir/recover-20220825/UBNA_002/20220823_033000.WAV,Telephone Field,recover-20220825,002,1795
283.6275,283.637,28046,35989,Eptesicus serotinus,0.009,0.024,-1,Echolocation,/mnt/ubna_data_01_mir/recover-20220825/UBNA_002/20220823_033000.WAV,Telephone Field,recover-20220825,002,1795
283.6615,283.6988,68437,81232,Rhinolophus ferrumequinum,0.026,0.026,-1,Echolocation,/mnt/ubna_data_01_mir/recover-20220825/UBNA_002/20220823_033000.WAV,Telephone Field,recover-20220825,002,1795
283.6745,283.71320000000003,68437,81952,Rhinolophus ferrumequinum,0.023,0.023,-1,Echolocation,/mnt/ubna_data_01_mir/recover-20220825/UBNA_002/20220823_033000.WAV,Telephone Field,recover-20220825,002,1795
283.6805,283.6874,40078,48754,Pipistrellus nathusii,0.377,0.555,-1,Echolocation,/mnt/ubna_data_01_mir/recover-20220825/UBNA_002/20220823_033000.WAV,Telephone Field,recover-20220825,002,1795
283.6925,283.7004,24609,32602,Plecotus austriacus,0.007,0.028,-1,Echolocation,/mnt/ubna_data_01_mir/recover-20220825/UBNA_002/20220823_033000.WAV,Telephone Field,recover-20220825,002,1795
283.7785,283.7847,39218,49493,Pipistrellus nathusii,0.328,0.462,-1,Echolocation,/mnt/ubna_data_01_mir/recover-20220825/UBNA_002/20220823_033000.WAV,Telephone Field,recover-20220825,002,1795
283.7865,283.7925,30625,40802,Myotis daubentonii,0.014,0.023,-1,Echolocation,/mnt/ubna_data_01_mir/recover-20220825/UBNA_002/20220823_033000.WAV,Telephone Field,recover-20220825,002,1795
283.7985,283.8091,24609,30468,Nyctalus leisleri,0.009,0.022,-1,Echolocation,/mnt/ubna_data_01_mir/recover-20220825/UBNA_002/20220823_033000.WAV,Telephone Field,recover-20220825,002,1795
283.8085,283.8192,28046,36077,Eptesicus serotinus,0.012,0.027,-1,Echolocation,/mnt/ubna_data_01_mir/recover-20220825/UBNA_002/20220823_033000.WAV,Telephone Field,recover-20220825,002,1795
283.8585,283.8677,54687,59205,Pipistrellus pygmaeus,0.062,0.064,-1,Echolocation,/mnt/ubna_data_01_mir/recover-20220825/UBNA_002/20220823_033000.WAV,Telephone Field,recover-20220825,002,1795
283.8775,283.8877,22890,28719,Nyctalus leisleri,0.01,0.023,-1,Echolocation,/mnt/ubna_data_01_mir/recover-20220825/UBNA_002/20220823_033000.WAV,Telephone Field,recover-20220825,002,1795
283.8785,283.8872,27187,36604,Eptesicus serotinus,0.009,0.024,-1,Echolocation,/mnt/ubna_data_01_mir/recover-20220825/UBNA_002/20220823_033000.WAV,Telephone Field,recover-20220825,002,1795
283.8855,283.8948,48671,54302,Pipistrellus pipistrellus,0.017,0.023,-1,Echolocation,/mnt/ubna_data_01_mir/recover-20220825/UBNA_002/20220823_033000.WAV,Telephone Field,recover-20220825,002,1795
283.9155,283.9223,40937,51510,Pipistrellus nathusii,0.037,0.086,-1,Echolocation,/mnt/ubna_data_01_mir/recover-20220825/UBNA_002/20220823_033000.WAV,Telephone Field,recover-20220825,002,1795
283.9185,283.9539,68437,82282,Rhinolophus ferrumequinum,0.023,0.023,-1,Echolocation,/mnt/ubna_data_01_mir/recover-20220825/UBNA_002/20220823_033000.WAV,Telephone Field,recover-20220825,002,1795
284.0015,284.0274,69296,81019,Rhinolophus ferrumequinum,0.027,0.027,-1,Echolocation,/mnt/ubna_data_01_mir/recover-20220825/UBNA_002/20220823_033000.WAV,Telephone Field,recover-20220825,002,1795
284.0015,284.0121,35781,45652,Pipistrellus nathusii,0.009,0.025,-1,Echolocation,/mnt/ubna_data_01_mir/recover-20220825/UBNA_002/20220823_033000.WAV,Telephone Field,recover-20220825,002,1795
284.0015,284.0115,46953,54659,Pipistrellus pipistrellus,0.023,0.034,-1,Echolocation,/mnt/ubna_data_01_mir/recover-20220825/UBNA_002/20220823_033000.WAV,Telephone Field,recover-20220825,002,1795
284.0015,284.011,25468,32603,Nyctalus leisleri,0.016,0.039,-1,Echolocation,/mnt/ubna_data_01_mir/recover-20220825/UBNA_002/20220823_033000.WAV,Telephone Field,recover-20220825,002,1795
284.0035,284.0151,53828,58808,Pipistrellus pygmaeus,0.023,0.025,-1,Echolocation,/mnt/ubna_data_01_mir/recover-20220825/UBNA_002/20220823_033000.WAV,Telephone Field,recover-20220825,002,1795
284.0135,284.0203,36640,45458,Pipistrellus nathusii,0.218,0.409,-1,Echolocation,/mnt/ubna_data_01_mir/recover-20220825/UBNA_002/20220823_033000.WAV,Telephone Field,recover-20220825,002,1795
284.0245,284.0347,22031,26809,Nyctalus leisleri,0.01,0.022,-1,Echolocation,/mnt/ubna_data_01_mir/recover-20220825/UBNA_002/20220823_033000.WAV,Telephone Field,recover-20220825,002,1795
284.0465,284.0567,22890,27983,Nyctalus leisleri,0.01,0.022,-1,Echolocation,/mnt/ubna_data_01_mir/recover-20220825/UBNA_002/20220823_033000.WAV,Telephone Field,recover-20220825,002,1795
284.0485,284.0834,68437,80920,Rhinolophus ferrumequinum,0.022,0.022,-1,Echolocation,/mnt/ubna_data_01_mir/recover-20220825/UBNA_002/20220823_033000.WAV,Telephone Field,recover-20220825,002,1795
284.0555,284.0643,27187,35789,Eptesicus serotinus,0.008,0.023,-1,Echolocation,/mnt/ubna_data_01_mir/recover-20220825/UBNA_002/20220823_033000.WAV,Telephone Field,recover-20220825,002,1795
284.0825,284.1197,68437,81844,Rhinolophus ferrumequinum,0.023,0.023,-1,Echolocation,/mnt/ubna_data_01_mir/recover-20220825/UBNA_002/20220823_033000.WAV,Telephone Field,recover-20220825,002,1795
284.0945,284.1347,68437,81865,Rhinolophus ferrumequinum,0.021,0.021,-1,Echolocation,/mnt/ubna_data_01_mir/recover-20220825/UBNA_002/20220823_033000.WAV,Telephone Field,recover-20220825,002,1795
284.1045,284.1424,68437,82017,Rhinolophus ferrumequinum,0.027,0.027,-1,Echolocation,/mnt/ubna_data_01_mir/recover-20220825/UBNA_002/20220823_033000.WAV,Telephone Field,recover-20220825,002,1795
284.1145,284.15,68437,81415,Rhinolophus ferrumequinum,0.022,0.023,-1,Echolocation,/mnt/ubna_data_01_mir/recover-20220825/UBNA_002/20220823_033000.WAV,Telephone Field,recover-20220825,002,1795
284.1235,284.1623,68437,82279,Rhinolophus ferrumequinum,0.021,0.021,-1,Echolocation,/mnt/ubna_data_01_mir/recover-20220825/UBNA_002/20220823_033000.WAV,Telephone Field,recover-20220825,002,1795
284.1265,284.1345,26328,35634,Eptesicus serotinus,0.009,0.025,-1,Echolocation,/mnt/ubna_data_01_mir/recover-20220825/UBNA_002/20220823_033000.WAV,Telephone Field,recover-20220825,002,1795
284.1765,284.1862,28046,35734,Eptesicus serotinus,0.009,0.022,-1,Echolocation,/mnt/ubna_data_01_mir/recover-20220825/UBNA_002/20220823_033000.WAV,Telephone Field,recover-20220825,002,1795
284.1855,284.2259,68437,82786,Rhinolophus ferrumequinum,0.022,0.022,-1,Echolocation,/mnt/ubna_data_01_mir/recover-20220825/UBNA_002/20220823_033000.WAV,Telephone Field,recover-20220825,002,1795
284.2145,284.2517,68437,81579,Rhinolophus ferrumequinum,0.024,0.024,-1,Echolocation,/mnt/ubna_data_01_mir/recover-20220825/UBNA_002/20220823_033000.WAV,Telephone Field,recover-20220825,002,1795
284.2155,284.2224,34921,48938,Pipistrellus nathusii,0.165,0.476,-1,Echolocation,/mnt/ubna_data_01_mir/recover-20220825/UBNA_002/20220823_033000.WAV,Telephone Field,recover-20220825,002,1795
284.2165,284.2254,48671,54060,Pipistrellus pipistrellus,0.018,0.024,-1,Echolocation,/mnt/ubna_data_01_mir/recover-20220825/UBNA_002/20220823_033000.WAV,Telephone Field,recover-20220825,002,1795
284.2255,284.2346,51250,56755,Pipistrellus pipistrellus,0.015,0.023,-1,Echolocation,/mnt/ubna_data_01_mir/recover-20220825/UBNA_002/20220823_033000.WAV,Telephone Field,recover-20220825,002,1795
284.2455,284.2836,68437,82218,Rhinolophus ferrumequinum,0.031,0.031,-1,Echolocation,/mnt/ubna_data_01_mir/recover-20220825/UBNA_002/20220823_033000.WAV,Telephone Field,recover-20220825,002,1795
284.2715,284.2784,27187,41232,Eptesicus serotinus,0.008,0.025,-1,Echolocation,/mnt/ubna_data_01_mir/recover-20220825/UBNA_002/20220823_033000.WAV,Telephone Field,recover-20220825,002,1795
284.2805,284.3231,68437,82225,Rhinolophus ferrumequinum,0.032,0.032,-1,Echolocation,/mnt/ubna_data_01_mir/recover-20220825/UBNA_002/20220823_033000.WAV,Telephone Field,recover-20220825,002,1795
284.2845,284.2943,24609,31743,Eptesicus serotinus,0.008,0.022,-1,Echolocation,/mnt/ubna_data_01_mir/recover-20220825/UBNA_002/20220823_033000.WAV,Telephone Field,recover-20220825,002,1795
284.3115,284.3513,68437,82000,Rhinolophus ferrumequinum,0.023,0.023,-1,Echolocation,/mnt/ubna_data_01_mir/recover-20220825/UBNA_002/20220823_033000.WAV,Telephone Field,recover-20220825,002,1795
284.3405,284.3482,28046,39802,Eptesicus serotinus,0.008,0.026,-1,Echolocation,/mnt/ubna_data_01_mir/recover-20220825/UBNA_002/20220823_033000.WAV,Telephone Field,recover-20220825,002,1795
284.3565,284.3939,68437,81625,Rhinolophus ferrumequinum,0.023,0.023,-1,Echolocation,/mnt/ubna_data_01_mir/recover-20220825/UBNA_002/20220823_033000.WAV,Telephone Field,recover-20220825,002,1795
284.3735,284.414,68437,83036,Rhinolophus ferrumequinum,0.037,0.037,-1,Echolocation,/mnt/ubna_data_01_mir/recover-20220825/UBNA_002/20220823_033000.WAV,Telephone Field,recover-20220825,002,1795
284.4035,284.4117,28046,38442,Eptesicus serotinus,0.007,0.022,-1,Echolocation,/mnt/ubna_data_01_mir/recover-20220825/UBNA_002/20220823_033000.WAV,Telephone Field,recover-20220825,002,1795
284.4515,284.4913,68437,82698,Rhinolophus ferrumequinum,0.024,0.024,-1,Echolocation,/mnt/ubna_data_01_mir/recover-20220825/UBNA_002/20220823_033000.WAV,Telephone Field,recover-20220825,002,1795
284.45550000000003,284.4638,37500,45135,Barbastellus barbastellus,0.022,0.077,-1,Echolocation,/mnt/ubna_data_01_mir/recover-20220825/UBNA_002/20220823_033000.WAV,Telephone Field,recover-20220825,002,1795
284.4835,284.5209,68437,81858,Rhinolophus ferrumequinum,0.022,0.022,-1,Echolocation,/mnt/ubna_data_01_mir/recover-20220825/UBNA_002/20220823_033000.WAV,Telephone Field,recover-20220825,002,1795
284.4945,284.5042,24609,31273,Nyctalus leisleri,0.008,0.024,-1,Echolocation,/mnt/ubna_data_01_mir/recover-20220825/UBNA_002/20220823_033000.WAV,Telephone Field,recover-20220825,002,1795
284.5235,284.5627,68437,82322,Rhinolophus ferrumequinum,0.023,0.023,-1,Echolocation,/mnt/ubna_data_01_mir/recover-20220825/UBNA_002/20220823_033000.WAV,Telephone Field,recover-20220825,002,1795
284.5555,284.5627,26328,42201,Eptesicus serotinus,0.008,0.025,-1,Echolocation,/mnt/ubna_data_01_mir/recover-20220825/UBNA_002/20220823_033000.WAV,Telephone Field,recover-20220825,002,1795
284.5595,284.5682,36640,48838,Myotis daubentonii,0.018,0.062,-1,Echolocation,/mnt/ubna_data_01_mir/recover-20220825/UBNA_002/20220823_033000.WAV,Telephone Field,recover-20220825,002,1795
284.5675,284.6066,68437,82508,Rhinolophus ferrumequinum,0.031,0.031,-1,Echolocation,/mnt/ubna_data_01_mir/recover-20220825/UBNA_002/20220823_033000.WAV,Telephone Field,recover-20220825,002,1795
284.6205,284.6566,68437,81213,Rhinolophus ferrumequinum,0.022,0.022,-1,Echolocation,/mnt/ubna_data_01_mir/recover-20220825/UBNA_002/20220823_033000.WAV,Telephone Field,recover-20220825,002,1795
284.6535,284.6667,22890,27304,Nyctalus leisleri,0.016,0.03,-1,Echolocation,/mnt/ubna_data_01_mir/recover-20220825/UBNA_002/20220823_033000.WAV,Telephone Field,recover-20220825,002,1795
284.6555,284.6997,68437,83132,Rhinolophus ferrumequinum,0.038,0.038,-1,Echolocation,/mnt/ubna_data_01_mir/recover-20220825/UBNA_002/20220823_033000.WAV,Telephone Field,recover-20220825,002,1795
284.6605,284.6778,20312,23231,Nyctalus leisleri,0.024,0.039,-1,Echolocation,/mnt/ubna_data_01_mir/recover-20220825/UBNA_002/20220823_033000.WAV,Telephone Field,recover-20220825,002,1795
284.6765,284.7169,68437,82274,Rhinolophus ferrumequinum,0.021,0.021,-1,Echolocation,/mnt/ubna_data_01_mir/recover-20220825/UBNA_002/20220823_033000.WAV,Telephone Field,recover-20220825,002,1795
284.6975,284.735,68437,82166,Rhinolophus ferrumequinum,0.03,0.03,-1,Echolocation,/mnt/ubna_data_01_mir/recover-20220825/UBNA_002/20220823_033000.WAV,Telephone Field,recover-20220825,002,1795
284.7005,284.7077,27187,37654,Eptesicus serotinus,0.006,0.022,-1,Echolocation,/mnt/ubna_data_01_mir/recover-20220825/UBNA_002/20220823_033000.WAV,Telephone Field,recover-20220825,002,1795
284.7065,284.7263,19453,22732,Nyctalus leisleri,0.012,0.027,-1,Echolocation,/mnt/ubna_data_01_mir/recover-20220825/UBNA_002/20220823_033000.WAV,Telephone Field,recover-20220825,002,1795
284.7095,284.7454,68437,80868,Rhinolophus ferrumequinum,0.028,0.028,-1,Echolocation,/mnt/ubna_data_01_mir/recover-20220825/UBNA_002/20220823_033000.WAV,Telephone Field,recover-20220825,002,1795
284.7145,284.7228,28046,36425,Eptesicus serotinus,0.008,0.022,-1,Echolocation,/mnt/ubna_data_01_mir/recover-20220825/UBNA_002/20220823_033000.WAV,Telephone Field,recover-20220825,002,1795
284.7355,284.7426,36640,48592,Myotis daubentonii,0.12,0.323,-1,Echolocation,/mnt/ubna_data_01_mir/recover-20220825/UBNA_002/20220823_033000.WAV,Telephone Field,recover-20220825,002,1795
284.7375,284.7786,68437,82124,Rhinolophus ferrumequinum,0.057,0.057,-1,Echolocation,/mnt/ubna_data_01_mir/recover-20220825/UBNA_002/20220823_033000.WAV,Telephone Field,recover-20220825,002,1795
284.7625,284.7728,22890,28693,Nyctalus leisleri,0.01,0.025,-1,Echolocation,/mnt/ubna_data_01_mir/recover-20220825/UBNA_002/20220823_033000.WAV,Telephone Field,recover-20220825,002,1795
284.7865,284.7962,25468,33402,Eptesicus serotinus,0.01,0.024,-1,Echolocation,/mnt/ubna_data_01_mir/recover-20220825/UBNA_002/20220823_033000.WAV,Telephone Field,recover-20220825,002,1795
284.8025,284.8128,28046,36312,Eptesicus serotinus,0.009,0.021,-1,Echolocation,/mnt/ubna_data_01_mir/recover-20220825/UBNA_002/20220823_033000.WAV,Telephone Field,recover-20220825,002,1795
284.8215,284.8594,68437,82082,Rhinolophus ferrumequinum,0.022,0.022,-1,Echolocation,/mnt/ubna_data_01_mir/recover-20220825/UBNA_002/20220823_033000.WAV,Telephone Field,recover-20220825,002,1795
284.8325,284.8393,36640,47992,Pipistrellus nathusii,0.275,0.527,-1,Echolocation,/mnt/ubna_data_01_mir/recover-20220825/UBNA_002/20220823_033000.WAV,Telephone Field,recover-20220825,002,1795
284.8405,284.8482,26328,33811,Eptesicus serotinus,0.007,0.026,-1,Echolocation,/mnt/ubna_data_01_mir/recover-20220825/UBNA_002/20220823_033000.WAV,Telephone Field,recover-20220825,002,1795
284.8625,284.8991,68437,81967,Rhinolophus ferrumequinum,0.022,0.022,-1,Echolocation,/mnt/ubna_data_01_mir/recover-20220825/UBNA_002/20220823_033000.WAV,Telephone Field,recover-20220825,002,1795
284.8855,284.8952,28046,41127,Eptesicus serotinus,0.008,0.022,-1,Echolocation,/mnt/ubna_data_01_mir/recover-20220825/UBNA_002/20220823_033000.WAV,Telephone Field,recover-20220825,002,1795
284.9205,284.9578,68437,81970,Rhinolophus ferrumequinum,0.022,0.022,-1,Echolocation,/mnt/ubna_data_01_mir/recover-20220825/UBNA_002/20220823_033000.WAV,Telephone Field,recover-20220825,002,1795
284.9265,284.9371,24609,31408,Eptesicus serotinus,0.007,0.021,-1,Echolocation,/mnt/ubna_data_01_mir/recover-20220825/UBNA_002/20220823_033000.WAV,Telephone Field,recover-20220825,002,1795
284.9325,284.9418,27187,36996,Eptesicus serotinus,0.009,0.023,-1,Echolocation,/mnt/ubna_data_01_mir/recover-20220825/UBNA_002/20220823_033000.WAV,Telephone Field,recover-20220825,002,1795
284.9585,284.9946,68437,81545,Rhinolophus ferrumequinum,0.021,0.021,-1,Echolocation,/mnt/ubna_data_01_mir/recover-20220825/UBNA_002/20220823_033000.WAV,Telephone Field,recover-20220825,002,1795
285.0275,285.0356,37500,46251,Pipistrellus nathusii,0.065,0.171,-1,Echolocation,/mnt/ubna_data_01_mir/recover-20220825/UBNA_002/20220823_033000.WAV,Telephone Field,recover-20220825,002,1795
285.0315,285.0721,68437,82748,Rhinolophus ferrumequinum,0.027,0.027,-1,Echolocation,/mnt/ubna_data_01_mir/recover-20220825/UBNA_002/20220823_033000.WAV,Telephone Field,recover-20220825,002,1795
285.0545,285.0628,28046,37679,Eptesicus serotinus,0.007,0.021,-1,Echolocation,/mnt/ubna_data_01_mir/recover-20220825/UBNA_002/20220823_033000.WAV,Telephone Field,recover-20220825,002,1795
285.0555,285.0927,68437,82390,Rhinolophus ferrumequinum,0.022,0.022,-1,Echolocation,/mnt/ubna_data_01_mir/recover-20220825/UBNA_002/20220823_033000.WAV,Telephone Field,recover-20220825,002,1795
285.0905,285.0999,27187,35770,Eptesicus serotinus,0.009,0.023,-1,Echolocation,/mnt/ubna_data_01_mir/recover-20220825/UBNA_002/20220823_033000.WAV,Telephone Field,recover-20220825,002,1795
285.1035,285.1151,28046,36512,Eptesicus serotinus,0.017,0.03,-1,Echolocation,/mnt/ubna_data_01_mir/recover-20220825/UBNA_002/20220823_033000.WAV,Telephone Field,recover-20220825,002,1795
285.1235,285.1335,47812,53650,Pipistrellus pipistrellus,0.028,0.031,-1,Echolocation,/mnt/ubna_data_01_mir/recover-20220825/UBNA_002/20220823_033000.WAV,Telephone Field,recover-20220825,002,1795
285.1385,285.1756,68437,82125,Rhinolophus ferrumequinum,0.023,0.023,-1,Echolocation,/mnt/ubna_data_01_mir/recover-20220825/UBNA_002/20220823_033000.WAV,Telephone Field,recover-20220825,002,1795
285.1475,285.1858,68437,82820,Rhinolophus ferrumequinum,0.023,0.023,-1,Echolocation,/mnt/ubna_data_01_mir/recover-20220825/UBNA_002/20220823_033000.WAV,Telephone Field,recover-20220825,002,1795
285.1605,285.1664,36640,48178,Myotis daubentonii,0.128,0.398,-1,Echolocation,/mnt/ubna_data_01_mir/recover-20220825/UBNA_002/20220823_033000.WAV,Telephone Field,recover-20220825,002,1795
285.1925,285.2043,23750,29608,Nyctalus leisleri,0.009,0.023,-1,Echolocation,/mnt/ubna_data_01_mir/recover-20220825/UBNA_002/20220823_033000.WAV,Telephone Field,recover-20220825,002,1795
285.1975,285.2346,68437,81493,Rhinolophus ferrumequinum,0.021,0.021,-1,Echolocation,/mnt/ubna_data_01_mir/recover-20220825/UBNA_002/20220823_033000.WAV,Telephone Field,recover-20220825,002,1795
285.2195,285.2584,68437,82229,Rhinolophus ferrumequinum,0.025,0.025,-1,Echolocation,/mnt/ubna_data_01_mir/recover-20220825/UBNA_002/20220823_033000.WAV,Telephone Field,recover-20220825,002,1795
285.2695,285.2771,27187,40163,Eptesicus serotinus,0.008,0.025,-1,Echolocation,/mnt/ubna_data_01_mir/recover-20220825/UBNA_002/20220823_033000.WAV,Telephone Field,recover-20220825,002,1795
285.2695,285.3073,68437,82017,Rhinolophus ferrumequinum,0.021,0.021,-1,Echolocation,/mnt/ubna_data_01_mir/recover-20220825/UBNA_002/20220823_033000.WAV,Telephone Field,recover-20220825,002,1795
285.3075,285.3169,28046,35855,Eptesicus serotinus,0.008,0.021,-1,Echolocation,/mnt/ubna_data_01_mir/recover-20220825/UBNA_002/20220823_033000.WAV,Telephone Field,recover-20220825,002,1795
285.3225,285.359,68437,81592,Rhinolophus ferrumequinum,0.023,0.023,-1,Echolocation,/mnt/ubna_data_01_mir/recover-20220825/UBNA_002/20220823_033000.WAV,Telephone Field,recover-20220825,002,1795
285.3285,285.3478,21171,24562,Nyctalus leisleri,0.02,0.033,-1,Echolocation,/mnt/ubna_data_01_mir/recover-20220825/UBNA_002/20220823_033000.WAV,Telephone Field,recover-20220825,002,1795
285.3405,285.3786,68437,81870,Rhinolophus ferrumequinum,0.022,0.022,-1,Echolocation,/mnt/ubna_data_01_mir/recover-20220825/UBNA_002/20220823_033000.WAV,Telephone Field,recover-20220825,002,1795
285.3565,285.3641,27187,36585,Eptesicus serotinus,0.008,0.025,-1,Echolocation,/mnt/ubna_data_01_mir/recover-20220825/UBNA_002/20220823_033000.WAV,Telephone Field,recover-20220825,002,1795
285.3645,285.4043,68437,82650,Rhinolophus ferrumequinum,0.023,0.023,-1,Echolocation,/mnt/ubna_data_01_mir/recover-20220825/UBNA_002/20220823_033000.WAV,Telephone Field,recover-20220825,002,1795
285.3825,285.3941,23750,29301,Nyctalus leisleri,0.015,0.038,-1,Echolocation,/mnt/ubna_data_01_mir/recover-20220825/UBNA_002/20220823_033000.WAV,Telephone Field,recover-20220825,002,1795
285.4125,285.4248,24609,30890,Eptesicus serotinus,0.017,0.041,-1,Echolocation,/mnt/ubna_data_01_mir/recover-20220825/UBNA_002/20220823_033000.WAV,Telephone Field,recover-20220825,002,1795
285.41949999999997,285.4615,68437,82810,Rhinolophus ferrumequinum,0.024,0.024,-1,Echolocation,/mnt/ubna_data_01_mir/recover-20220825/UBNA_002/20220823_033000.WAV,Telephone Field,recover-20220825,002,1795
285.4315,285.4413,28046,36684,Eptesicus serotinus,0.009,0.023,-1,Echolocation,/mnt/ubna_data_01_mir/recover-20220825/UBNA_002/20220823_033000.WAV,Telephone Field,recover-20220825,002,1795
285.45550000000003,285.4958,68437,82765,Rhinolophus ferrumequinum,0.022,0.022,-1,Echolocation,/mnt/ubna_data_01_mir/recover-20220825/UBNA_002/20220823_033000.WAV,Telephone Field,recover-20220825,002,1795
285.4565,285.4668,23750,30349,Nyctalus leisleri,0.007,0.021,-1,Echolocation,/mnt/ubna_data_01_mir/recover-20220825/UBNA_002/20220823_033000.WAV,Telephone Field,recover-20220825,002,1795
285.4915,285.4999,22031,29811,Plecotus austriacus,0.016,0.033,-1,Echolocation,/mnt/ubna_data_01_mir/recover-20220825/UBNA_002/20220823_033000.WAV,Telephone Field,recover-20220825,002,1795
285.5125,285.5481,68437,81985,Rhinolophus ferrumequinum,0.027,0.027,-1,Echolocation,/mnt/ubna_data_01_mir/recover-20220825/UBNA_002/20220823_033000.WAV,Telephone Field,recover-20220825,002,1795
285.5125,285.5216,28046,36188,Eptesicus serotinus,0.008,0.022,-1,Echolocation,/mnt/ubna_data_01_mir/recover-20220825/UBNA_002/20220823_033000.WAV,Telephone Field,recover-20220825,002,1795
285.5125,285.5229,22031,26918,Nyctalus leisleri,0.01,0.022,-1,Echolocation,/mnt/ubna_data_01_mir/recover-20220825/UBNA_002/20220823_033000.WAV,Telephone Field,recover-20220825,002,1795
285.5375,285.5744,68437,81138,Rhinolophus ferrumequinum,0.026,0.027,-1,Echolocation,/mnt/ubna_data_01_mir/recover-20220825/UBNA_002/20220823_033000.WAV,Telephone Field,recover-20220825,002,1795
285.5395,285.5476,25468,33535,Eptesicus serotinus,0.007,0.021,-1,Echolocation,/mnt/ubna_data_01_mir/recover-20220825/UBNA_002/20220823_033000.WAV,Telephone Field,recover-20220825,002,1795
285.5465,285.5859,68437,82646,Rhinolophus ferrumequinum,0.022,0.022,-1,Echolocation,/mnt/ubna_data_01_mir/recover-20220825/UBNA_002/20220823_033000.WAV,Telephone Field,recover-20220825,002,1795
285.5705,285.609,68437,81738,Rhinolophus ferrumequinum,0.021,0.021,-1,Echolocation,/mnt/ubna_data_01_mir/recover-20220825/UBNA_002/20220823_033000.WAV,Telephone Field,recover-20220825,002,1795
285.5715,285.5816,24609,31667,Eptesicus serotinus,0.009,0.025,-1,Echolocation,/mnt/ubna_data_01_mir/recover-20220825/UBNA_002/20220823_033000.WAV,Telephone Field,recover-20220825,002,1795
285.5885,285.5974,28046,38410,Eptesicus serotinus,0.009,0.024,-1,Echolocation,/mnt/ubna_data_01_mir/recover-20220825/UBNA_002/20220823_033000.WAV,Telephone Field,recover-20220825,002,1795
285.5915,285.6351,68437,83042,Rhinolophus ferrumequinum,0.051,0.051,-1,Echolocation,/mnt/ubna_data_01_mir/recover-20220825/UBNA_002/20220823_033000.WAV,Telephone Field,recover-20220825,002,1795
285.66949999999997,285.6799,22890,27271,Nyctalus leisleri,0.012,0.022,-1,Echolocation,/mnt/ubna_data_01_mir/recover-20220825/UBNA_002/20220823_033000.WAV,Telephone Field,recover-20220825,002,1795
285.7595,285.7947,68437,80905,Rhinolophus ferrumequinum,0.021,0.021,-1,Echolocation,/mnt/ubna_data_01_mir/recover-20220825/UBNA_002/20220823_033000.WAV,Telephone Field,recover-20220825,002,1795
285.8315,285.8398,28046,37943,Eptesicus serotinus,0.009,0.028,-1,Echolocation,/mnt/ubna_data_01_mir/recover-20220825/UBNA_002/20220823_033000.WAV,Telephone Field,recover-20220825,002,1795
285.8545,285.8977,68437,83373,Rhinolophus ferrumequinum,0.031,0.031,-1,Echolocation,/mnt/ubna_data_01_mir/recover-20220825/UBNA_002/20220823_033000.WAV,Telephone Field,recover-20220825,002,1795
285.8815,285.8906,27187,37278,Eptesicus serotinus,0.008,0.022,-1,Echolocation,/mnt/ubna_data_01_mir/recover-20220825/UBNA_002/20220823_033000.WAV,Telephone Field,recover-20220825,002,1795
285.8975,285.9378,68437,82689,Rhinolophus ferrumequinum,0.022,0.022,-1,Echolocation,/mnt/ubna_data_01_mir/recover-20220825/UBNA_002/20220823_033000.WAV,Telephone Field,recover-20220825,002,1795
285.9045,285.9451,68437,82616,Rhinolophus ferrumequinum,0.021,0.021,-1,Echolocation,/mnt/ubna_data_01_mir/recover-20220825/UBNA_002/20220823_033000.WAV,Telephone Field,recover-20220825,002,1795
285.9155,285.9545,68437,82529,Rhinolophus ferrumequinum,0.022,0.022,-1,Echolocation,/mnt/ubna_data_01_mir/recover-20220825/UBNA_002/20220823_033000.WAV,Telephone Field,recover-20220825,002,1795
285.9405,285.97860000000003,68437,81919,Rhinolophus ferrumequinum,0.028,0.028,-1,Echolocation,/mnt/ubna_data_01_mir/recover-20220825/UBNA_002/20220823_033000.WAV,Telephone Field,recover-20220825,002,1795
285.9815,285.9906,28046,39146,Eptesicus serotinus,0.008,0.022,-1,Echolocation,/mnt/ubna_data_01_mir/recover-20220825/UBNA_002/20220823_033000.WAV,Telephone Field,recover-20220825,002,1795
285.9865,285.9982,35781,41331,Pipistrellus nathusii,0.024,0.035,-1,Echolocation,/mnt/ubna_data_01_mir/recover-20220825/UBNA_002/20220823_033000.WAV,Telephone Field,recover-20220825,002,1795
286.0015,286.0326,69296,81342,Rhinolophus ferrumequinum,0.03,0.03,-1,Echolocation,/mnt/ubna_data_01_mir/recover-20220825/UBNA_002/20220823_033000.WAV,Telephone Field,recover-20220825,002,1795
286.0015,286.0102,22031,29627,Nyctalus leisleri,0.009,0.029,-1,Echolocation,/mnt/ubna_data_01_mir/recover-20220825/UBNA_002/20220823_033000.WAV,Telephone Field,recover-20220825,002,1795
286.0085,286.0498,68437,81861,Rhinolophus ferrumequinum,0.022,0.022,-1,Echolocation,/mnt/ubna_data_01_mir/recover-20220825/UBNA_002/20220823_033000.WAV,Telephone Field,recover-20220825,002,1795
286.0295,286.0387,28046,36538,Eptesicus serotinus,0.009,0.023,-1,Echolocation,/mnt/ubna_data_01_mir/recover-20220825/UBNA_002/20220823_033000.WAV,Telephone Field,recover-20220825,002,1795
286.0365,286.0459,28906,37484,Eptesicus serotinus,0.009,0.023,-1,Echolocation,/mnt/ubna_data_01_mir/recover-20220825/UBNA_002/20220823_033000.WAV,Telephone Field,recover-20220825,002,1795
286.0565,286.0632,28046,39349,Eptesicus serotinus,0.006,0.024,-1,Echolocation,/mnt/ubna_data_01_mir/recover-20220825/UBNA_002/20220823_033000.WAV,Telephone Field,recover-20220825,002,1795
286.08050000000003,286.1209,68437,82417,Rhinolophus ferrumequinum,0.032,0.032,-1,Echolocation,/mnt/ubna_data_01_mir/recover-20220825/UBNA_002/20220823_033000.WAV,Telephone Field,recover-20220825,002,1795
286.0885,286.0992,23750,29146,Nyctalus leisleri,0.011,0.024,-1,Echolocation,/mnt/ubna_data_01_mir/recover-20220825/UBNA_002/20220823_033000.WAV,Telephone Field,recover-20220825,002,1795
286.1345,286.174,68437,82741,Rhinolophus ferrumequinum,0.022,0.022,-1,Echolocation,/mnt/ubna_data_01_mir/recover-20220825/UBNA_002/20220823_033000.WAV,Telephone Field,recover-20220825,002,1795
286.1515,286.1922,68437,82850,Rhinolophus ferrumequinum,0.023,0.023,-1,Echolocation,/mnt/ubna_data_01_mir/recover-20220825/UBNA_002/20220823_033000.WAV,Telephone Field,recover-20220825,002,1795
286.1675,286.2081,68437,82851,Rhinolophus ferrumequinum,0.022,0.022,-1,Echolocation,/mnt/ubna_data_01_mir/recover-20220825/UBNA_002/20220823_033000.WAV,Telephone Field,recover-20220825,002,1795
286.1885,286.2257,68437,81445,Rhinolophus ferrumequinum,0.022,0.022,-1,Echolocation,/mnt/ubna_data_01_mir/recover-20220825/UBNA_002/20220823_033000.WAV,Telephone Field,recover-20220825,002,1795
286.2145,286.2523,68437,82515,Rhinolophus ferrumequinum,0.023,0.023,-1,Echolocation,/mnt/ubna_data_01_mir/recover-20220825/UBNA_002/20220823_033000.WAV,Telephone Field,recover-20220825,002,1795
286.2695,286.2764,46093,54435,Pipistrellus pipistrellus,0.019,0.024,-1,Echolocation,/mnt/ubna_data_01_mir/recover-20220825/UBNA_002/20220823_033000.WAV,Telephone Field,recover-20220825,002,1795
286.2855,286.3241,68437,82593,Rhinolophus ferrumequinum,0.033,0.033,-1,Echolocation,/mnt/ubna_data_01_mir/recover-20220825/UBNA_002/20220823_033000.WAV,Telephone Field,recover-20220825,002,1795
286.2985,286.3073,55546,61690,Pipistrellus pygmaeus,0.021,0.024,-1,Echolocation,/mnt/ubna_data_01_mir/recover-20220825/UBNA_002/20220823_033000.WAV,Telephone Field,recover-20220825,002,1795
286.3015,286.3113,24609,31947,Nyctalus leisleri,0.007,0.022,-1,Echolocation,/mnt/ubna_data_01_mir/recover-20220825/UBNA_002/20220823_033000.WAV,Telephone Field,recover-20220825,002,1795
286.3215,286.3608,68437,82375,Rhinolophus ferrumequinum,0.022,0.023,-1,Echolocation,/mnt/ubna_data_01_mir/recover-20220825/UBNA_002/20220823_033000.WAV,Telephone Field,recover-20220825,002,1795
286.3465,286.3851,68437,81355,Rhinolophus ferrumequinum,0.026,0.026,-1,Echolocation,/mnt/ubna_data_01_mir/recover-20220825/UBNA_002/20220823_033000.WAV,Telephone Field,recover-20220825,002,1795
286.3475,286.3565,27187,37014,Eptesicus serotinus,0.008,0.022,-1,Echolocation,/mnt/ubna_data_01_mir/recover-20220825/UBNA_002/20220823_033000.WAV,Telephone Field,recover-20220825,002,1795
286.3665,286.3818,28906,34369,Eptesicus serotinus,0.02,0.034,-1,Echolocation,/mnt/ubna_data_01_mir/recover-20220825/UBNA_002/20220823_033000.WAV,Telephone Field,recover-20220825,002,1795
286.4125,286.451,68437,81745,Rhinolophus ferrumequinum,0.021,0.021,-1,Echolocation,/mnt/ubna_data_01_mir/recover-20220825/UBNA_002/20220823_033000.WAV,Telephone Field,recover-20220825,002,1795
286.4475,286.4873,68437,82374,Rhinolophus ferrumequinum,0.026,0.026,-1,Echolocation,/mnt/ubna_data_01_mir/recover-20220825/UBNA_002/20220823_033000.WAV,Telephone Field,recover-20220825,002,1795
286.4745,286.4821,23750,33203,Plecotus austriacus,0.018,0.035,-1,Echolocation,/mnt/ubna_data_01_mir/recover-20220825/UBNA_002/20220823_033000.WAV,Telephone Field,recover-20220825,002,1795
286.4995,286.5068,28046,38284,Eptesicus serotinus,0.006,0.023,-1,Echolocation,/mnt/ubna_data_01_mir/recover-20220825/UBNA_002/20220823_033000.WAV,Telephone Field,recover-20220825,002,1795
286.5005,286.5335,68437,80082,Rhinolophus ferrumequinum,0.032,0.032,-1,Echolocation,/mnt/ubna_data_01_mir/recover-20220825/UBNA_002/20220823_033000.WAV,Telephone Field,recover-20220825,002,1795
286.5305,286.5395,28906,36689,Eptesicus serotinus,0.007,0.022,-1,Echolocation,/mnt/ubna_data_01_mir/recover-20220825/UBNA_002/20220823_033000.WAV,Telephone Field,recover-20220825,002,1795
286.5945,286.6331,68437,82076,Rhinolophus ferrumequinum,0.024,0.024,-1,Echolocation,/mnt/ubna_data_01_mir/recover-20220825/UBNA_002/20220823_033000.WAV,Telephone Field,recover-20220825,002,1795
286.60450000000003,286.6124,47812,52949,Pipistrellus pipistrellus,0.032,0.034,-1,Echolocation,/mnt/ubna_data_01_mir/recover-20220825/UBNA_002/20220823_033000.WAV,Telephone Field,recover-20220825,002,1795
286.6145,286.6514,68437,82322,Rhinolophus ferrumequinum,0.027,0.027,-1,Echolocation,/mnt/ubna_data_01_mir/recover-20220825/UBNA_002/20220823_033000.WAV,Telephone Field,recover-20220825,002,1795
286.6575,286.6996,68437,82959,Rhinolophus ferrumequinum,0.032,0.032,-1,Echolocation,/mnt/ubna_data_01_mir/recover-20220825/UBNA_002/20220823_033000.WAV,Telephone Field,recover-20220825,002,1795
286.6655,286.6728,27187,40657,Eptesicus serotinus,0.006,0.022,-1,Echolocation,/mnt/ubna_data_01_mir/recover-20220825/UBNA_002/20220823_033000.WAV,Telephone Field,recover-20220825,002,1795
286.6705,286.6814,22031,26589,Nyctalus leisleri,0.011,0.022,-1,Echolocation,/mnt/ubna_data_01_mir/recover-20220825/UBNA_002/20220823_033000.WAV,Telephone Field,recover-20220825,002,1795
286.7225,286.7617,68437,82568,Rhinolophus ferrumequinum,0.024,0.024,-1,Echolocation,/mnt/ubna_data_01_mir/recover-20220825/UBNA_002/20220823_033000.WAV,Telephone Field,recover-20220825,002,1795
286.7465,286.7878,68437,82151,Rhinolophus ferrumequinum,0.022,0.022,-1,Echolocation,/mnt/ubna_data_01_mir/recover-20220825/UBNA_002/20220823_033000.WAV,Telephone Field,recover-20220825,002,1795
286.7555,286.7954,68437,82511,Rhinolophus ferrumequinum,0.022,0.022,-1,Echolocation,/mnt/ubna_data_01_mir/recover-20220825/UBNA_002/20220823_033000.WAV,Telephone Field,recover-20220825,002,1795
286.7885,286.8264,68437,82596,Rhinolophus ferrumequinum,0.024,0.024,-1,Echolocation,/mnt/ubna_data_01_mir/recover-20220825/UBNA_002/20220823_033000.WAV,Telephone Field,recover-20220825,002,1795
286.8315,286.8726,68437,82650,Rhinolophus ferrumequinum,0.024,0.024,-1,Echolocation,/mnt/ubna_data_01_mir/recover-20220825/UBNA_002/20220823_033000.WAV,Telephone Field,recover-20220825,002,1795
286.8795,286.9194,68437,82638,Rhinolophus ferrumequinum,0.024,0.024,-1,Echolocation,/mnt/ubna_data_01_mir/recover-20220825/UBNA_002/20220823_033000.WAV,Telephone Field,recover-20220825,002,1795
286.8925,286.9332,68437,82380,Rhinolophus ferrumequinum,0.024,0.024,-1,Echolocation,/mnt/ubna_data_01_mir/recover-20220825/UBNA_002/20220823_033000.WAV,Telephone Field,recover-20220825,002,1795
286.9145,286.9527,68437,82003,Rhinolophus ferrumequinum,0.025,0.025,-1,Echolocation,/mnt/ubna_data_01_mir/recover-20220825/UBNA_002/20220823_033000.WAV,Telephone Field,recover-20220825,002,1795
286.9305,286.9737,68437,82827,Rhinolophus ferrumequinum,0.03,0.03,-1,Echolocation,/mnt/ubna_data_01_mir/recover-20220825/UBNA_002/20220823_033000.WAV,Telephone Field,recover-20220825,002,1795
286.9395,286.9469,28906,40332,Eptesicus serotinus,0.006,0.021,-1,Echolocation,/mnt/ubna_data_01_mir/recover-20220825/UBNA_002/20220823_033000.WAV,Telephone Field,recover-20220825,002,1795
286.9965,287.03340000000003,68437,82479,Rhinolophus ferrumequinum,0.03,0.03,-1,Echolocation,/mnt/ubna_data_01_mir/recover-20220825/UBNA_002/20220823_033000.WAV,Telephone Field,recover-20220825,002,1795
287.0165,287.0548,68437,81672,Rhinolophus ferrumequinum,0.022,0.022,-1,Echolocation,/mnt/ubna_data_01_mir/recover-20220825/UBNA_002/20220823_033000.WAV,Telephone Field,recover-20220825,002,1795
287.0435,287.0807,68437,81443,Rhinolophus ferrumequinum,0.022,0.022,-1,Echolocation,/mnt/ubna_data_01_mir/recover-20220825/UBNA_002/20220823_033000.WAV,Telephone Field,recover-20220825,002,1795
287.0705,287.1067,68437,81467,Rhinolophus ferrumequinum,0.022,0.022,-1,Echolocation,/mnt/ubna_data_01_mir/recover-20220825/UBNA_002/20220823_033000.WAV,Telephone Field,recover-20220825,002,1795
287.0795,287.0868,50390,57814,Pipistrellus pipistrellus,0.019,0.022,-1,Echolocation,/mnt/ubna_data_01_mir/recover-20220825/UBNA_002/20220823_033000.WAV,Telephone Field,recover-20220825,002,1795
287.0815,287.11990000000003,68437,81295,Rhinolophus ferrumequinum,0.022,0.022,-1,Echolocation,/mnt/ubna_data_01_mir/recover-20220825/UBNA_002/20220823_033000.WAV,Telephone Field,recover-20220825,002,1795
287.0815,287.0915,27187,38219,Eptesicus serotinus,0.012,0.027,-1,Echolocation,/mnt/ubna_data_01_mir/recover-20220825/UBNA_002/20220823_033000.WAV,Telephone Field,recover-20220825,002,1795
287.0955,287.1326,68437,81922,Rhinolophus ferrumequinum,0.027,0.027,-1,Echolocation,/mnt/ubna_data_01_mir/recover-20220825/UBNA_002/20220823_033000.WAV,Telephone Field,recover-20220825,002,1795
287.1215,287.1305,28046,38893,Eptesicus serotinus,0.008,0.022,-1,Echolocation,/mnt/ubna_data_01_mir/recover-20220825/UBNA_002/20220823_033000.WAV,Telephone Field,recover-20220825,002,1795
287.1385,287.1783,68437,82850,Rhinolophus ferrumequinum,0.023,0.023,-1,Echolocation,/mnt/ubna_data_01_mir/recover-20220825/UBNA_002/20220823_033000.WAV,Telephone Field,recover-20220825,002,1795
287.1485,287.1899,68437,82063,Rhinolophus ferrumequinum,0.026,0.026,-1,Echolocation,/mnt/ubna_data_01_mir/recover-20220825/UBNA_002/20220823_033000.WAV,Telephone Field,recover-20220825,002,1795
287.1555,287.1753,18593,21924,Nyctalus noctula,0.016,0.025,-1,Echolocation,/mnt/ubna_data_01_mir/recover-20220825/UBNA_002/20220823_033000.WAV,Telephone Field,recover-20220825,002,1795
287.1785,287.2175,68437,81696,Rhinolophus ferrumequinum,0.021,0.022,-1,Echolocation,/mnt/ubna_data_01_mir/recover-20220825/UBNA_002/20220823_033000.WAV,Telephone Field,recover-20220825,002,1795
287.1795,287.1915,23750,29155,Nyctalus leisleri,0.023,0.044,-1,Echolocation,/mnt/ubna_data_01_mir/recover-20220825/UBNA_002/20220823_033000.WAV,Telephone Field,recover-20220825,002,1795
287.2305,287.2401,44375,49172,Pipistrellus pipistrellus,0.028,0.03,-1,Echolocation,/mnt/ubna_data_01_mir/recover-20220825/UBNA_002/20220823_033000.WAV,Telephone Field,recover-20220825,002,1795
287.2485,287.2865,68437,82930,Rhinolophus ferrumequinum,0.023,0.023,-1,Echolocation,/mnt/ubna_data_01_mir/recover-20220825/UBNA_002/20220823_033000.WAV,Telephone Field,recover-20220825,002,1795
287.2585,287.2671,28906,36993,Eptesicus serotinus,0.008,0.025,-1,Echolocation,/mnt/ubna_data_01_mir/recover-20220825/UBNA_002/20220823_033000.WAV,Telephone Field,recover-20220825,002,1795
287.2765,287.317,68437,82782,Rhinolophus ferrumequinum,0.023,0.023,-1,Echolocation,/mnt/ubna_data_01_mir/recover-20220825/UBNA_002/20220823_033000.WAV,Telephone Field,recover-20220825,002,1795
287.2965,287.3347,68437,81485,Rhinolophus ferrumequinum,0.022,0.022,-1,Echolocation,/mnt/ubna_data_01_mir/recover-20220825/UBNA_002/20220823_033000.WAV,Telephone Field,recover-20220825,002,1795
287.3325,287.3432,27187,35005,Eptesicus serotinus,0.011,0.023,-1,Echolocation,/mnt/ubna_data_01_mir/recover-20220825/UBNA_002/20220823_033000.WAV,Telephone Field,recover-20220825,002,1795
287.3535,287.3941,68437,83034,Rhinolophus ferrumequinum,0.029,0.029,-1,Echolocation,/mnt/ubna_data_01_mir/recover-20220825/UBNA_002/20220823_033000.WAV,Telephone Field,recover-20220825,002,1795
287.3735,287.4144,68437,82364,Rhinolophus ferrumequinum,0.023,0.023,-1,Echolocation,/mnt/ubna_data_01_mir/recover-20220825/UBNA_002/20220823_033000.WAV,Telephone Field,recover-20220825,002,1795
287.3785,287.4193,68437,83512,Rhinolophus ferrumequinum,0.023,0.023,-1,Echolocation,/mnt/ubna_data_01_mir/recover-20220825/UBNA_002/20220823_033000.WAV,Telephone Field,recover-20220825,002,1795
287.3885,287.3999,22031,26488,Nyctalus leisleri,0.011,0.022,-1,Echolocation,/mnt/ubna_data_01_mir/recover-20220825/UBNA_002/20220823_033000.WAV,Telephone Field,recover-20220825,002,1795
287.4135,287.425,26328,32421,Eptesicus serotinus,0.01,0.026,-1,Echolocation,/mnt/ubna_data_01_mir/recover-20220825/UBNA_002/20220823_033000.WAV,Telephone Field,recover-20220825,002,1795
287.4525,287.4614,28046,38855,Eptesicus serotinus,0.009,0.022,-1,Echolocation,/mnt/ubna_data_01_mir/recover-20220825/UBNA_002/20220823_033000.WAV,Telephone Field,recover-20220825,002,1795
287.4535,287.4971,68437,82933,Rhinolophus ferrumequinum,0.028,0.028,-1,Echolocation,/mnt/ubna_data_01_mir/recover-20220825/UBNA_002/20220823_033000.WAV,Telephone Field,recover-20220825,002,1795
287.4815,287.51030000000003,68437,79535,Rhinolophus ferrumequinum,0.026,0.027,-1,Echolocation,/mnt/ubna_data_01_mir/recover-20220825/UBNA_002/20220823_033000.WAV,Telephone Field,recover-20220825,002,1795
287.4875,287.5184,68437,80116,Rhinolophus ferrumequinum,0.022,0.022,-1,Echolocation,/mnt/ubna_data_01_mir/recover-20220825/UBNA_002/20220823_033000.WAV,Telephone Field,recover-20220825,002,1795
287.4915,287.5003,44375,52104,Pipistrellus pipistrellus,0.021,0.024,-1,Echolocation,/mnt/ubna_data_01_mir/recover-20220825/UBNA_002/20220823_033000.WAV,Telephone Field,recover-20220825,002,1795
287.5325,287.5422,44375,47562,Pipistrellus pipistrellus,0.041,0.044,-1,Echolocation,/mnt/ubna_data_01_mir/recover-20220825/UBNA_002/20220823_033000.WAV,Telephone Field,recover-20220825,002,1795
287.5555,287.566,44375,48406,Pipistrellus pipistrellus,0.029,0.032,-1,Echolocation,/mnt/ubna_data_01_mir/recover-20220825/UBNA_002/20220823_033000.WAV,Telephone Field,recover-20220825,002,1795
287.5755,287.5845,28906,37668,Eptesicus serotinus,0.015,0.031,-1,Echolocation,/mnt/ubna_data_01_mir/recover-20220825/UBNA_002/20220823_033000.WAV,Telephone Field,recover-20220825,002,1795
287.6075,287.6461,68437,81852,Rhinolophus ferrumequinum,0.022,0.022,-1,Echolocation,/mnt/ubna_data_01_mir/recover-20220825/UBNA_002/20220823_033000.WAV,Telephone Field,recover-20220825,002,1795
287.6315,287.6678,68437,81552,Rhinolophus ferrumequinum,0.021,0.022,-1,Echolocation,/mnt/ubna_data_01_mir/recover-20220825/UBNA_002/20220823_033000.WAV,Telephone Field,recover-20220825,002,1795
287.6785,287.7165,68437,81623,Rhinolophus ferrumequinum,0.022,0.022,-1,Echolocation,/mnt/ubna_data_01_mir/recover-20220825/UBNA_002/20220823_033000.WAV,Telephone Field,recover-20220825,002,1795
287.6855,287.723,68437,81372,Rhinolophus ferrumequinum,0.021,0.021,-1,Echolocation,/mnt/ubna_data_01_mir/recover-20220825/UBNA_002/20220823_033000.WAV,Telephone Field,recover-20220825,002,1795
287.7195,287.7624,68437,83445,Rhinolophus ferrumequinum,0.029,0.029,-1,Echolocation,/mnt/ubna_data_01_mir/recover-20220825/UBNA_002/20220823_033000.WAV,Telephone Field,recover-20220825,002,1795
287.7675,287.8092,68437,82771,Rhinolophus ferrumequinum,0.025,0.025,-1,Echolocation,/mnt/ubna_data_01_mir/recover-20220825/UBNA_002/20220823_033000.WAV,Telephone Field,recover-20220825,002,1795
287.7685,287.7793,22890,29194,Nyctalus leisleri,0.013,0.031,-1,Echolocation,/mnt/ubna_data_01_mir/recover-20220825/UBNA_002/20220823_033000.WAV,Telephone Field,recover-20220825,002,1795
287.7805,287.7895,28906,36997,Eptesicus serotinus,0.008,0.025,-1,Echolocation,/mnt/ubna_data_01_mir/recover-20220825/UBNA_002/20220823_033000.WAV,Telephone Field,recover-20220825,002,1795
287.8175,287.8571,68437,82837,Rhinolophus ferrumequinum,0.032,0.032,-1,Echolocation,/mnt/ubna_data_01_mir/recover-20220825/UBNA_002/20220823_033000.WAV,Telephone Field,recover-20220825,002,1795
287.8295,287.8437,22890,27026,Nyctalus leisleri,0.016,0.029,-1,Echolocation,/mnt/ubna_data_01_mir/recover-20220825/UBNA_002/20220823_033000.WAV,Telephone Field,recover-20220825,002,1795
287.9145,287.9496,68437,81205,Rhinolophus ferrumequinum,0.027,0.027,-1,Echolocation,/mnt/ubna_data_01_mir/recover-20220825/UBNA_002/20220823_033000.WAV,Telephone Field,recover-20220825,002,1795
287.9145,287.9226,28046,39980,Eptesicus serotinus,0.007,0.023,-1,Echolocation,/mnt/ubna_data_01_mir/recover-20220825/UBNA_002/20220823_033000.WAV,Telephone Field,recover-20220825,002,1795
287.9425,287.9834,68437,83197,Rhinolophus ferrumequinum,0.024,0.024,-1,Echolocation,/mnt/ubna_data_01_mir/recover-20220825/UBNA_002/20220823_033000.WAV,Telephone Field,recover-20220825,002,1795
287.9495,287.9896,68437,82471,Rhinolophus ferrumequinum,0.023,0.023,-1,Echolocation,/mnt/ubna_data_01_mir/recover-20220825/UBNA_002/20220823_033000.WAV,Telephone Field,recover-20220825,002,1795
287.9655,287.9739,46953,50900,Pipistrellus pipistrellus,0.02,0.022,-1,Echolocation,/mnt/ubna_data_01_mir/recover-20220825/UBNA_002/20220823_033000.WAV,Telephone Field,recover-20220825,002,1795
287.9705,287.9809,28906,36590,Eptesicus serotinus,0.011,0.027,-1,Echolocation,/mnt/ubna_data_01_mir/recover-20220825/UBNA_002/20220823_033000.WAV,Telephone Field,recover-20220825,002,1795
288.0015,288.0123,46953,52594,Pipistrellus pipistrellus,0.019,0.026,-1,Echolocation,/mnt/ubna_data_01_mir/recover-20220825/UBNA_002/20220823_033000.WAV,Telephone Field,recover-20220825,002,1795
288.0015,288.0338,68437,80235,Rhinolophus ferrumequinum,0.052,0.052,-1,Echolocation,/mnt/ubna_data_01_mir/recover-20220825/UBNA_002/20220823_033000.WAV,Telephone Field,recover-20220825,002,1795
288.0015,288.0115,26328,33020,Nyctalus leisleri,0.017,0.042,-1,Echolocation,/mnt/ubna_data_01_mir/recover-20220825/UBNA_002/20220823_033000.WAV,Telephone Field,recover-20220825,002,1795
288.0115,288.0548,68437,82820,Rhinolophus ferrumequinum,0.023,0.023,-1,Echolocation,/mnt/ubna_data_01_mir/recover-20220825/UBNA_002/20220823_033000.WAV,Telephone Field,recover-20220825,002,1795
288.0265,288.0642,68437,82632,Rhinolophus ferrumequinum,0.022,0.022,-1,Echolocation,/mnt/ubna_data_01_mir/recover-20220825/UBNA_002/20220823_033000.WAV,Telephone Field,recover-20220825,002,1795
288.0485,288.0584,57265,62093,Pipistrellus pygmaeus,0.028,0.029,-1,Echolocation,/mnt/ubna_data_01_mir/recover-20220825/UBNA_002/20220823_033000.WAV,Telephone Field,recover-20220825,002,1795
288.0515,288.0616,23750,28946,Nyctalus leisleri,0.01,0.022,-1,Echolocation,/mnt/ubna_data_01_mir/recover-20220825/UBNA_002/20220823_033000.WAV,Telephone Field,recover-20220825,002,1795
288.0645,288.0762,28906,35364,Eptesicus serotinus,0.016,0.03,-1,Echolocation,/mnt/ubna_data_01_mir/recover-20220825/UBNA_002/20220823_033000.WAV,Telephone Field,recover-20220825,002,1795
288.0795,288.0903,22890,27514,Nyctalus leisleri,0.013,0.024,-1,Echolocation,/mnt/ubna_data_01_mir/recover-20220825/UBNA_002/20220823_033000.WAV,Telephone Field,recover-20220825,002,1795
288.0825,288.1228,68437,82835,Rhinolophus ferrumequinum,0.029,0.029,-1,Echolocation,/mnt/ubna_data_01_mir/recover-20220825/UBNA_002/20220823_033000.WAV,Telephone Field,recover-20220825,002,1795
288.0905,288.1016,22031,26100,Nyctalus leisleri,0.013,0.023,-1,Echolocation,/mnt/ubna_data_01_mir/recover-20220825/UBNA_002/20220823_033000.WAV,Telephone Field,recover-20220825,002,1795
288.0985,288.1363,68437,81763,Rhinolophus ferrumequinum,0.022,0.022,-1,Echolocation,/mnt/ubna_data_01_mir/recover-20220825/UBNA_002/20220823_033000.WAV,Telephone Field,recover-20220825,002,1795
288.1185,288.1266,26328,37260,Eptesicus serotinus,0.008,0.025,-1,Echolocation,/mnt/ubna_data_01_mir/recover-20220825/UBNA_002/20220823_033000.WAV,Telephone Field,recover-20220825,002,1795
288.1235,288.1619,68437,81406,Rhinolophus ferrumequinum,0.025,0.025,-1,Echolocation,/mnt/ubna_data_01_mir/recover-20220825/UBNA_002/20220823_033000.WAV,Telephone Field,recover-20220825,002,1795
288.1275,288.1385,28046,35219,Eptesicus serotinus,0.014,0.027,-1,Echolocation,/mnt/ubna_data_01_mir/recover-20220825/UBNA_002/20220823_033000.WAV,Telephone Field,recover-20220825,002,1795
288.1415,288.1492,55546,60535,Pipistrellus pygmaeus,0.022,0.022,-1,Echolocation,/mnt/ubna_data_01_mir/recover-20220825/UBNA_002/20220823_033000.WAV,Telephone Field,recover-20220825,002,1795
288.1425,288.1811,68437,82039,Rhinolophus ferrumequinum,0.024,0.024,-1,Echolocation,/mnt/ubna_data_01_mir/recover-20220825/UBNA_002/20220823_033000.WAV,Telephone Field,recover-20220825,002,1795
288.1445,288.1521,28046,40122,Eptesicus serotinus,0.007,0.024,-1,Echolocation,/mnt/ubna_data_01_mir/recover-20220825/UBNA_002/20220823_033000.WAV,Telephone Field,recover-20220825,002,1795
288.1725,288.2153,68437,82791,Rhinolophus ferrumequinum,0.03,0.03,-1,Echolocation,/mnt/ubna_data_01_mir/recover-20220825/UBNA_002/20220823_033000.WAV,Telephone Field,recover-20220825,002,1795
288.1875,288.2261,68437,82324,Rhinolophus ferrumequinum,0.022,0.022,-1,Echolocation,/mnt/ubna_data_01_mir/recover-20220825/UBNA_002/20220823_033000.WAV,Telephone Field,recover-20220825,002,1795
288.1925,288.2025,26328,33850,Eptesicus serotinus,0.01,0.022,-1,Echolocation,/mnt/ubna_data_01_mir/recover-20220825/UBNA_002/20220823_033000.WAV,Telephone Field,recover-20220825,002,1795
288.22950000000003,288.2692,68437,82509,Rhinolophus ferrumequinum,0.033,0.033,-1,Echolocation,/mnt/ubna_data_01_mir/recover-20220825/UBNA_002/20220823_033000.WAV,Telephone Field,recover-20220825,002,1795
288.2525,288.2894,68437,81374,Rhinolophus ferrumequinum,0.022,0.023,-1,Echolocation,/mnt/ubna_data_01_mir/recover-20220825/UBNA_002/20220823_033000.WAV,Telephone Field,recover-20220825,002,1795
288.2975,288.3378,68437,82574,Rhinolophus ferrumequinum,0.03,0.03,-1,Echolocation,/mnt/ubna_data_01_mir/recover-20220825/UBNA_002/20220823_033000.WAV,Telephone Field,recover-20220825,002,1795
288.2975,288.3065,48671,53196,Pipistrellus pipistrellus,0.034,0.038,-1,Echolocation,/mnt/ubna_data_01_mir/recover-20220825/UBNA_002/20220823_033000.WAV,Telephone Field,recover-20220825,002,1795
288.3335,288.3755,68437,82754,Rhinolophus ferrumequinum,0.035,0.035,-1,Echolocation,/mnt/ubna_data_01_mir/recover-20220825/UBNA_002/20220823_033000.WAV,Telephone Field,recover-20220825,002,1795
288.3515,288.3877,68437,81053,Rhinolophus ferrumequinum,0.023,0.024,-1,Echolocation,/mnt/ubna_data_01_mir/recover-20220825/UBNA_002/20220823_033000.WAV,Telephone Field,recover-20220825,002,1795
288.3595,288.3767,21171,24853,Nyctalus leisleri,0.018,0.033,-1,Echolocation,/mnt/ubna_data_01_mir/recover-20220825/UBNA_002/20220823_033000.WAV,Telephone Field,recover-20220825,002,1795
288.3745,288.4082,68437,81198,Rhinolophus ferrumequinum,0.026,0.026,-1,Echolocation,/mnt/ubna_data_01_mir/recover-20220825/UBNA_002/20220823_033000.WAV,Telephone Field,recover-20220825,002,1795
288.3885,288.4258,68437,81715,Rhinolophus ferrumequinum,0.025,0.025,-1,Echolocation,/mnt/ubna_data_01_mir/recover-20220825/UBNA_002/20220823_033000.WAV,Telephone Field,recover-20220825,002,1795
288.4035,288.4442,68437,83110,Rhinolophus ferrumequinum,0.036,0.036,-1,Echolocation,/mnt/ubna_data_01_mir/recover-20220825/UBNA_002/20220823_033000.WAV,Telephone Field,recover-20220825,002,1795
288.4295,288.4384,28906,39586,Eptesicus serotinus,0.015,0.034,-1,Echolocation,/mnt/ubna_data_01_mir/recover-20220825/UBNA_002/20220823_033000.WAV,Telephone Field,recover-20220825,002,1795
288.4355,288.4647,68437,80168,Rhinolophus ferrumequinum,0.024,0.024,-1,Echolocation,/mnt/ubna_data_01_mir/recover-20220825/UBNA_002/20220823_033000.WAV,Telephone Field,recover-20220825,002,1795
288.4455,288.47950000000003,68437,81476,Rhinolophus ferrumequinum,0.023,0.023,-1,Echolocation,/mnt/ubna_data_01_mir/recover-20220825/UBNA_002/20220823_033000.WAV,Telephone Field,recover-20220825,002,1795
288.4505,288.4595,28046,37515,Eptesicus serotinus,0.009,0.022,-1,Echolocation,/mnt/ubna_data_01_mir/recover-20220825/UBNA_002/20220823_033000.WAV,Telephone Field,recover-20220825,002,1795
288.4665,288.5053,68437,82122,Rhinolophus ferrumequinum,0.024,0.024,-1,Echolocation,/mnt/ubna_data_01_mir/recover-20220825/UBNA_002/20220823_033000.WAV,Telephone Field,recover-20220825,002,1795
288.4855,288.5224,68437,81818,Rhinolophus ferrumequinum,0.022,0.022,-1,Echolocation,/mnt/ubna_data_01_mir/recover-20220825/UBNA_002/20220823_033000.WAV,Telephone Field,recover-20220825,002,1795
288.5115,288.5188,34921,49216,Myotis daubentonii,0.006,0.022,-1,Echolocation,/mnt/ubna_data_01_mir/recover-20220825/UBNA_002/20220823_033000.WAV,Telephone Field,recover-20220825,002,1795
288.5145,288.5512,68437,81380,Rhinolophus ferrumequinum,0.031,0.031,-1,Echolocation,/mnt/ubna_data_01_mir/recover-20220825/UBNA_002/20220823_033000.WAV,Telephone Field,recover-20220825,002,1795
288.5325,288.5476,23750,28564,Nyctalus leisleri,0.012,0.025,-1,Echolocation,/mnt/ubna_data_01_mir/recover-20220825/UBNA_002/20220823_033000.WAV,Telephone Field,recover-20220825,002,1795
288.5465,288.5857,68437,81862,Rhinolophus ferrumequinum,0.029,0.029,-1,Echolocation,/mnt/ubna_data_01_mir/recover-20220825/UBNA_002/20220823_033000.WAV,Telephone Field,recover-20220825,002,1795
288.5495,288.5603,44375,50163,Pipistrellus pipistrellus,0.022,0.028,-1,Echolocation,/mnt/ubna_data_01_mir/recover-20220825/UBNA_002/20220823_033000.WAV,Telephone Field,recover-20220825,002,1795
288.5635,288.5978,68437,81470,Rhinolophus ferrumequinum,0.022,0.023,-1,Echolocation,/mnt/ubna_data_01_mir/recover-20220825/UBNA_002/20220823_033000.WAV,Telephone Field,recover-20220825,002,1795
288.5795,288.6138,68437,81677,Rhinolophus ferrumequinum,0.026,0.026,-1,Echolocation,/mnt/ubna_data_01_mir/recover-20220825/UBNA_002/20220823_033000.WAV,Telephone Field,recover-20220825,002,1795
288.6015,288.60699999999997,27187,47550,Plecotus auritus,0.007,0.035,-1,Echolocation,/mnt/ubna_data_01_mir/recover-20220825/UBNA_002/20220823_033000.WAV,Telephone Field,recover-20220825,002,1795
288.6025,288.6076,32343,46467,Myotis daubentonii,0.016,0.035,-1,Echolocation,/mnt/ubna_data_01_mir/recover-20220825/UBNA_002/20220823_033000.WAV,Telephone Field,recover-20220825,002,1795
288.6245,288.6658,68437,82633,Rhinolophus ferrumequinum,0.024,0.024,-1,Echolocation,/mnt/ubna_data_01_mir/recover-20220825/UBNA_002/20220823_033000.WAV,Telephone Field,recover-20220825,002,1795
288.6315,288.6394,27187,39511,Eptesicus serotinus,0.007,0.022,-1,Echolocation,/mnt/ubna_data_01_mir/recover-20220825/UBNA_002/20220823_033000.WAV,Telephone Field,recover-20220825,002,1795
288.6475,288.6848,68437,82823,Rhinolophus ferrumequinum,0.036,0.036,-1,Echolocation,/mnt/ubna_data_01_mir/recover-20220825/UBNA_002/20220823_033000.WAV,Telephone Field,recover-20220825,002,1795
288.6705,288.6773,26328,38882,Eptesicus serotinus,0.005,0.022,-1,Echolocation,/mnt/ubna_data_01_mir/recover-20220825/UBNA_002/20220823_033000.WAV,Telephone Field,recover-20220825,002,1795
288.6715,288.7125,68437,82628,Rhinolophus ferrumequinum,0.025,0.025,-1,Echolocation,/mnt/ubna_data_01_mir/recover-20220825/UBNA_002/20220823_033000.WAV,Telephone Field,recover-20220825,002,1795
288.6885,288.6985,28046,38976,Eptesicus serotinus,0.013,0.029,-1,Echolocation,/mnt/ubna_data_01_mir/recover-20220825/UBNA_002/20220823_033000.WAV,Telephone Field,recover-20220825,002,1795
288.7145,288.7572,68437,82649,Rhinolophus ferrumequinum,0.038,0.038,-1,Echolocation,/mnt/ubna_data_01_mir/recover-20220825/UBNA_002/20220823_033000.WAV,Telephone Field,recover-20220825,002,1795
288.7155,288.7284,22031,26613,Nyctalus leisleri,0.015,0.029,-1,Echolocation,/mnt/ubna_data_01_mir/recover-20220825/UBNA_002/20220823_033000.WAV,Telephone Field,recover-20220825,002,1795
288.7595,288.772,22031,26426,Nyctalus leisleri,0.02,0.038,-1,Echolocation,/mnt/ubna_data_01_mir/recover-20220825/UBNA_002/20220823_033000.WAV,Telephone Field,recover-20220825,002,1795
288.7785,288.8196,68437,82881,Rhinolophus ferrumequinum,0.025,0.025,-1,Echolocation,/mnt/ubna_data_01_mir/recover-20220825/UBNA_002/20220823_033000.WAV,Telephone Field,recover-20220825,002,1795
288.8115,288.8203,28046,39310,Eptesicus serotinus,0.009,0.023,-1,Echolocation,/mnt/ubna_data_01_mir/recover-20220825/UBNA_002/20220823_033000.WAV,Telephone Field,recover-20220825,002,1795
288.8235,288.8657,68437,82293,Rhinolophus ferrumequinum,0.026,0.026,-1,Echolocation,/mnt/ubna_data_01_mir/recover-20220825/UBNA_002/20220823_033000.WAV,Telephone Field,recover-20220825,002,1795
288.83050000000003,288.8387,27187,36619,Eptesicus serotinus,0.01,0.023,-1,Echolocation,/mnt/ubna_data_01_mir/recover-20220825/UBNA_002/20220823_033000.WAV,Telephone Field,recover-20220825,002,1795
288.8815,288.9203,68437,81519,Rhinolophus ferrumequinum,0.029,0.029,-1,Echolocation,/mnt/ubna_data_01_mir/recover-20220825/UBNA_002/20220823_033000.WAV,Telephone Field,recover-20220825,002,1795
288.9025,288.9417,68437,82555,Rhinolophus ferrumequinum,0.024,0.024,-1,Echolocation,/mnt/ubna_data_01_mir/recover-20220825/UBNA_002/20220823_033000.WAV,Telephone Field,recover-20220825,002,1795
288.9365,288.9776,68437,82226,Rhinolophus ferrumequinum,0.022,0.022,-1,Echolocation,/mnt/ubna_data_01_mir/recover-20220825/UBNA_002/20220823_033000.WAV,Telephone Field,recover-20220825,002,1795
288.9405,288.9499,25468,33354,Nyctalus leisleri,0.008,0.026,-1,Echolocation,/mnt/ubna_data_01_mir/recover-20220825/UBNA_002/20220823_033000.WAV,Telephone Field,recover-20220825,002,1795
288.9845,289.0223,68437,81835,Rhinolophus ferrumequinum,0.023,0.023,-1,Echolocation,/mnt/ubna_data_01_mir/recover-20220825/UBNA_002/20220823_033000.WAV,Telephone Field,recover-20220825,002,1795
288.9955,289.0043,24609,32351,Nyctalus leisleri,0.006,0.022,-1,Echolocation,/mnt/ubna_data_01_mir/recover-20220825/UBNA_002/20220823_033000.WAV,Telephone Field,recover-20220825,002,1795
289.0225,289.05989999999997,68437,82014,Rhinolophus ferrumequinum,0.028,0.028,-1,Echolocation,/mnt/ubna_data_01_mir/recover-20220825/UBNA_002/20220823_033000.WAV,Telephone Field,recover-20220825,002,1795
289.0355,289.0756,68437,82386,Rhinolophus ferrumequinum,0.022,0.022,-1,Echolocation,/mnt/ubna_data_01_mir/recover-20220825/UBNA_002/20220823_033000.WAV,Telephone Field,recover-20220825,002,1795
289.0515,289.0949,68437,82995,Rhinolophus ferrumequinum,0.059,0.059,-1,Echolocation,/mnt/ubna_data_01_mir/recover-20220825/UBNA_002/20220823_033000.WAV,Telephone Field,recover-20220825,002,1795
289.0755,289.1127,68437,82262,Rhinolophus ferrumequinum,0.024,0.024,-1,Echolocation,/mnt/ubna_data_01_mir/recover-20220825/UBNA_002/20220823_033000.WAV,Telephone Field,recover-20220825,002,1795
289.0785,289.0879,22031,28767,Plecotus austriacus,0.01,0.026,-1,Echolocation,/mnt/ubna_data_01_mir/recover-20220825/UBNA_002/20220823_033000.WAV,Telephone Field,recover-20220825,002,1795
289.0835,289.1232,68437,82796,Rhinolophus ferrumequinum,0.023,0.023,-1,Echolocation,/mnt/ubna_data_01_mir/recover-20220825/UBNA_002/20220823_033000.WAV,Telephone Field,recover-20220825,002,1795
289.0855,289.0932,26328,36715,Eptesicus serotinus,0.01,0.025,-1,Echolocation,/mnt/ubna_data_01_mir/recover-20220825/UBNA_002/20220823_033000.WAV,Telephone Field,recover-20220825,002,1795
289.1275,289.1651,68437,82140,Rhinolophus ferrumequinum,0.024,0.024,-1,Echolocation,/mnt/ubna_data_01_mir/recover-20220825/UBNA_002/20220823_033000.WAV,Telephone Field,recover-20220825,002,1795
289.1325,289.1428,28906,37215,Eptesicus serotinus,0.012,0.024,-1,Echolocation,/mnt/ubna_data_01_mir/recover-20220825/UBNA_002/20220823_033000.WAV,Telephone Field,recover-20220825,002,1795
289.1475,289.1827,68437,81808,Rhinolophus ferrumequinum,0.022,0.022,-1,Echolocation,/mnt/ubna_data_01_mir/recover-20220825/UBNA_002/20220823_033000.WAV,Telephone Field,recover-20220825,002,1795
289.1555,289.1656,22031,27763,Nyctalus leisleri,0.008,0.022,-1,Echolocation,/mnt/ubna_data_01_mir/recover-20220825/UBNA_002/20220823_033000.WAV,Telephone Field,recover-20220825,002,1795
289.1655,289.2061,68437,82691,Rhinolophus ferrumequinum,0.024,0.024,-1,Echolocation,/mnt/ubna_data_01_mir/recover-20220825/UBNA_002/20220823_033000.WAV,Telephone Field,recover-20220825,002,1795
289.1735,289.2133,68437,82704,Rhinolophus ferrumequinum,0.024,0.024,-1,Echolocation,/mnt/ubna_data_01_mir/recover-20220825/UBNA_002/20220823_033000.WAV,Telephone Field,recover-20220825,002,1795
289.1825,289.1908,50390,54567,Pipistrellus pipistrellus,0.019,0.023,-1,Echolocation,/mnt/ubna_data_01_mir/recover-20220825/UBNA_002/20220823_033000.WAV,Telephone Field,recover-20220825,002,1795
289.1895,289.2298,68437,82671,Rhinolophus ferrumequinum,0.025,0.025,-1,Echolocation,/mnt/ubna_data_01_mir/recover-20220825/UBNA_002/20220823_033000.WAV,Telephone Field,recover-20220825,002,1795
289.2215,289.2627,68437,82593,Rhinolophus ferrumequinum,0.034,0.034,-1,Echolocation,/mnt/ubna_data_01_mir/recover-20220825/UBNA_002/20220823_033000.WAV,Telephone Field,recover-20220825,002,1795
289.2225,289.2327,44375,51138,Pipistrellus pipistrellus,0.017,0.024,-1,Echolocation,/mnt/ubna_data_01_mir/recover-20220825/UBNA_002/20220823_033000.WAV,Telephone Field,recover-20220825,002,1795
289.2465,289.2572,28046,38191,Eptesicus serotinus,0.017,0.031,-1,Echolocation,/mnt/ubna_data_01_mir/recover-20220825/UBNA_002/20220823_033000.WAV,Telephone Field,recover-20220825,002,1795
289.2525,289.2631,27187,34550,Eptesicus serotinus,0.019,0.035,-1,Echolocation,/mnt/ubna_data_01_mir/recover-20220825/UBNA_002/20220823_033000.WAV,Telephone Field,recover-20220825,002,1795
289.3085,289.3178,55546,60017,Pipistrellus pygmaeus,0.021,0.022,-1,Echolocation,/mnt/ubna_data_01_mir/recover-20220825/UBNA_002/20220823_033000.WAV,Telephone Field,recover-20220825,002,1795
289.33050000000003,289.3392,28906,38295,Eptesicus serotinus,0.008,0.022,-1,Echolocation,/mnt/ubna_data_01_mir/recover-20220825/UBNA_002/20220823_033000.WAV,Telephone Field,recover-20220825,002,1795
289.3565,289.3974,68437,82754,Rhinolophus ferrumequinum,0.027,0.027,-1,Echolocation,/mnt/ubna_data_01_mir/recover-20220825/UBNA_002/20220823_033000.WAV,Telephone Field,recover-20220825,002,1795
289.3905,289.4302,68437,82733,Rhinolophus ferrumequinum,0.032,0.032,-1,Echolocation,/mnt/ubna_data_01_mir/recover-20220825/UBNA_002/20220823_033000.WAV,Telephone Field,recover-20220825,002,1795
289.4005,289.44010000000003,68437,82120,Rhinolophus ferrumequinum,0.022,0.022,-1,Echolocation,/mnt/ubna_data_01_mir/recover-20220825/UBNA_002/20220823_033000.WAV,Telephone Field,recover-20220825,002,1795
289.4205,289.4605,68437,82790,Rhinolophus ferrumequinum,0.028,0.028,-1,Echolocation,/mnt/ubna_data_01_mir/recover-20220825/UBNA_002/20220823_033000.WAV,Telephone Field,recover-20220825,002,1795
289.4225,289.4336,22890,27682,Nyctalus leisleri,0.012,0.023,-1,Echolocation,/mnt/ubna_data_01_mir/recover-20220825/UBNA_002/20220823_033000.WAV,Telephone Field,recover-20220825,002,1795
289.4835,289.5236,68437,82392,Rhinolophus ferrumequinum,0.026,0.026,-1,Echolocation,/mnt/ubna_data_01_mir/recover-20220825/UBNA_002/20220823_033000.WAV,Telephone Field,recover-20220825,002,1795
289.5085,289.5461,68437,81643,Rhinolophus ferrumequinum,0.024,0.024,-1,Echolocation,/mnt/ubna_data_01_mir/recover-20220825/UBNA_002/20220823_033000.WAV,Telephone Field,recover-20220825,002,1795
289.5125,289.5223,22031,28180,Nyctalus leisleri,0.008,0.022,-1,Echolocation,/mnt/ubna_data_01_mir/recover-20220825/UBNA_002/20220823_033000.WAV,Telephone Field,recover-20220825,002,1795
289.5315,289.5681,68437,81680,Rhinolophus ferrumequinum,0.025,0.025,-1,Echolocation,/mnt/ubna_data_01_mir/recover-20220825/UBNA_002/20220823_033000.WAV,Telephone Field,recover-20220825,002,1795
289.5395,289.5482,25468,33590,Eptesicus serotinus,0.009,0.022,-1,Echolocation,/mnt/ubna_data_01_mir/recover-20220825/UBNA_002/20220823_033000.WAV,Telephone Field,recover-20220825,002,1795
289.5415,289.5775,68437,81874,Rhinolophus ferrumequinum,0.023,0.023,-1,Echolocation,/mnt/ubna_data_01_mir/recover-20220825/UBNA_002/20220823_033000.WAV,Telephone Field,recover-20220825,002,1795
289.5475,289.58389999999997,68437,81776,Rhinolophus ferrumequinum,0.022,0.022,-1,Echolocation,/mnt/ubna_data_01_mir/recover-20220825/UBNA_002/20220823_033000.WAV,Telephone Field,recover-20220825,002,1795
289.5585,289.5947,68437,81777,Rhinolophus ferrumequinum,0.022,0.022,-1,Echolocation,/mnt/ubna_data_01_mir/recover-20220825/UBNA_002/20220823_033000.WAV,Telephone Field,recover-20220825,002,1795
289.5915,289.6397,68437,83842,Rhinolophus ferrumequinum,0.08,0.08,-1,Echolocation,/mnt/ubna_data_01_mir/recover-20220825/UBNA_002/20220823_033000.WAV,Telephone Field,recover-20220825,002,1795
289.6265,289.6645,68437,82303,Rhinolophus ferrumequinum,0.026,0.026,-1,Echolocation,/mnt/ubna_data_01_mir/recover-20220825/UBNA_002/20220823_033000.WAV,Telephone Field,recover-20220825,002,1795
289.6515,289.6673,22031,26874,Nyctalus leisleri,0.014,0.031,-1,Echolocation,/mnt/ubna_data_01_mir/recover-20220825/UBNA_002/20220823_033000.WAV,Telephone Field,recover-20220825,002,1795
289.6625,289.7038,68437,82811,Rhinolophus ferrumequinum,0.033,0.033,-1,Echolocation,/mnt/ubna_data_01_mir/recover-20220825/UBNA_002/20220823_033000.WAV,Telephone Field,recover-20220825,002,1795
289.6945,289.7361,68437,82755,Rhinolophus ferrumequinum,0.041,0.041,-1,Echolocation,/mnt/ubna_data_01_mir/recover-20220825/UBNA_002/20220823_033000.WAV,Telephone Field,recover-20220825,002,1795
289.7005,289.7145,22031,27164,Nyctalus noctula,0.026,0.066,-1,Echolocation,/mnt/ubna_data_01_mir/recover-20220825/UBNA_002/20220823_033000.WAV,Telephone Field,recover-20220825,002,1795
289.7095,289.7519,68437,82651,Rhinolophus ferrumequinum,0.028,0.028,-1,Echolocation,/mnt/ubna_data_01_mir/recover-20220825/UBNA_002/20220823_033000.WAV,Telephone Field,recover-20220825,002,1795
289.7415,289.7498,28046,39365,Eptesicus serotinus,0.008,0.022,-1,Echolocation,/mnt/ubna_data_01_mir/recover-20220825/UBNA_002/20220823_033000.WAV,Telephone Field,recover-20220825,002,1795
289.7455,289.7828,68437,81968,Rhinolophus ferrumequinum,0.022,0.022,-1,Echolocation,/mnt/ubna_data_01_mir/recover-20220825/UBNA_002/20220823_033000.WAV,Telephone Field,recover-20220825,002,1795
289.7575,289.7968,68437,82429,Rhinolophus ferrumequinum,0.025,0.025,-1,Echolocation,/mnt/ubna_data_01_mir/recover-20220825/UBNA_002/20220823_033000.WAV,Telephone Field,recover-20220825,002,1795
289.8125,289.8199,23750,32998,Plecotus austriacus,0.009,0.023,-1,Echolocation,/mnt/ubna_data_01_mir/recover-20220825/UBNA_002/20220823_033000.WAV,Telephone Field,recover-20220825,002,1795
289.8135,289.8208,28046,39419,Eptesicus serotinus,0.007,0.024,-1,Echolocation,/mnt/ubna_data_01_mir/recover-20220825/UBNA_002/20220823_033000.WAV,Telephone Field,recover-20220825,002,1795
289.8195,289.8608,68437,82794,Rhinolophus ferrumequinum,0.033,0.033,-1,Echolocation,/mnt/ubna_data_01_mir/recover-20220825/UBNA_002/20220823_033000.WAV,Telephone Field,recover-20220825,002,1795
289.8355,289.8739,68437,81951,Rhinolophus ferrumequinum,0.023,0.023,-1,Echolocation,/mnt/ubna_data_01_mir/recover-20220825/UBNA_002/20220823_033000.WAV,Telephone Field,recover-20220825,002,1795
289.8915,289.9017,31484,39345,Eptesicus serotinus,0.009,0.033,-1,Echolocation,/mnt/ubna_data_01_mir/recover-20220825/UBNA_002/20220823_033000.WAV,Telephone Field,recover-20220825,002,1795
289.9345,289.9415,28046,38935,Eptesicus serotinus,0.008,0.023,-1,Echolocation,/mnt/ubna_data_01_mir/recover-20220825/UBNA_002/20220823_033000.WAV,Telephone Field,recover-20220825,002,1795
289.9435,289.9869,68437,82932,Rhinolophus ferrumequinum,0.06,0.06,-1,Echolocation,/mnt/ubna_data_01_mir/recover-20220825/UBNA_002/20220823_033000.WAV,Telephone Field,recover-20220825,002,1795
289.9855,289.9961,22031,27174,Nyctalus leisleri,0.011,0.023,-1,Echolocation,/mnt/ubna_data_01_mir/recover-20220825/UBNA_002/20220823_033000.WAV,Telephone Field,recover-20220825,002,1795
290.0015,290.011,24609,31459,Nyctalus leisleri,0.014,0.031,-1,Echolocation,/mnt/ubna_data_01_mir/recover-20220825/UBNA_002/20220823_033000.WAV,Telephone Field,recover-20220825,002,1795
290.0015,290.0337,68437,80032,Rhinolophus ferrumequinum,0.028,0.029,-1,Echolocation,/mnt/ubna_data_01_mir/recover-20220825/UBNA_002/20220823_033000.WAV,Telephone Field,recover-20220825,002,1795
290.0135,290.024,23750,29536,Nyctalus leisleri,0.014,0.036,-1,Echolocation,/mnt/ubna_data_01_mir/recover-20220825/UBNA_002/20220823_033000.WAV,Telephone Field,recover-20220825,002,1795
290.0385,290.0767,68437,81899,Rhinolophus ferrumequinum,0.024,0.024,-1,Echolocation,/mnt/ubna_data_01_mir/recover-20220825/UBNA_002/20220823_033000.WAV,Telephone Field,recover-20220825,002,1795
290.0415,290.0513,22890,28960,Nyctalus leisleri,0.009,0.022,-1,Echolocation,/mnt/ubna_data_01_mir/recover-20220825/UBNA_002/20220823_033000.WAV,Telephone Field,recover-20220825,002,1795
290.0495,290.0637,21171,24244,Nyctalus leisleri,0.015,0.023,-1,Echolocation,/mnt/ubna_data_01_mir/recover-20220825/UBNA_002/20220823_033000.WAV,Telephone Field,recover-20220825,002,1795
290.0875,290.12760000000003,68437,82408,Rhinolophus ferrumequinum,0.022,0.022,-1,Echolocation,/mnt/ubna_data_01_mir/recover-20220825/UBNA_002/20220823_033000.WAV,Telephone Field,recover-20220825,002,1795
290.0955,290.1335,68437,81656,Rhinolophus ferrumequinum,0.021,0.021,-1,Echolocation,/mnt/ubna_data_01_mir/recover-20220825/UBNA_002/20220823_033000.WAV,Telephone Field,recover-20220825,002,1795
290.1085,290.115,33203,41865,Myotis daubentonii,0.012,0.032,-1,Echolocation,/mnt/ubna_data_01_mir/recover-20220825/UBNA_002/20220823_033000.WAV,Telephone Field,recover-20220825,002,1795
290.1465,290.1551,28046,38164,Eptesicus serotinus,0.01,0.025,-1,Echolocation,/mnt/ubna_data_01_mir/recover-20220825/UBNA_002/20220823_033000.WAV,Telephone Field,recover-20220825,002,1795
290.1765,290.219,68437,83276,Rhinolophus ferrumequinum,0.044,0.044,-1,Echolocation,/mnt/ubna_data_01_mir/recover-20220825/UBNA_002/20220823_033000.WAV,Telephone Field,recover-20220825,002,1795
290.1995,290.2388,68437,82258,Rhinolophus ferrumequinum,0.02,0.021,-1,Echolocation,/mnt/ubna_data_01_mir/recover-20220825/UBNA_002/20220823_033000.WAV,Telephone Field,recover-20220825,002,1795
290.2595,290.2951,68437,81745,Rhinolophus ferrumequinum,0.022,0.022,-1,Echolocation,/mnt/ubna_data_01_mir/recover-20220825/UBNA_002/20220823_033000.WAV,Telephone Field,recover-20220825,002,1795
290.2785,290.317,68437,82511,Rhinolophus ferrumequinum,0.021,0.021,-1,Echolocation,/mnt/ubna_data_01_mir/recover-20220825/UBNA_002/20220823_033000.WAV,Telephone Field,recover-20220825,002,1795
290.2805,290.2897,26328,36966,Eptesicus serotinus,0.01,0.022,-1,Echolocation,/mnt/ubna_data_01_mir/recover-20220825/UBNA_002/20220823_033000.WAV,Telephone Field,recover-20220825,002,1795
290.2995,290.3415,68437,82640,Rhinolophus ferrumequinum,0.027,0.027,-1,Echolocation,/mnt/ubna_data_01_mir/recover-20220825/UBNA_002/20220823_033000.WAV,Telephone Field,recover-20220825,002,1795
290.3425,290.3526,24609,32008,Eptesicus serotinus,0.014,0.034,-1,Echolocation,/mnt/ubna_data_01_mir/recover-20220825/UBNA_002/20220823_033000.WAV,Telephone Field,recover-20220825,002,1795
290.3625,290.4018,68437,82802,Rhinolophus ferrumequinum,0.025,0.025,-1,Echolocation,/mnt/ubna_data_01_mir/recover-20220825/UBNA_002/20220823_033000.WAV,Telephone Field,recover-20220825,002,1795
290.3785,290.3899,53828,58000,Pipistrellus pygmaeus,0.019,0.021,-1,Echolocation,/mnt/ubna_data_01_mir/recover-20220825/UBNA_002/20220823_033000.WAV,Telephone Field,recover-20220825,002,1795
290.3905,290.4309,68437,82838,Rhinolophus ferrumequinum,0.025,0.025,-1,Echolocation,/mnt/ubna_data_01_mir/recover-20220825/UBNA_002/20220823_033000.WAV,Telephone Field,recover-20220825,002,1795
290.4135,290.4502,68437,81793,Rhinolophus ferrumequinum,0.021,0.021,-1,Echolocation,/mnt/ubna_data_01_mir/recover-20220825/UBNA_002/20220823_033000.WAV,Telephone Field,recover-20220825,002,1795
290.4225,290.431,28046,41744,Eptesicus serotinus,0.01,0.023,-1,Echolocation,/mnt/ubna_data_01_mir/recover-20220825/UBNA_002/20220823_033000.WAV,Telephone Field,recover-20220825,002,1795
290.4355,290.4729,68437,81537,Rhinolophus ferrumequinum,0.021,0.021,-1,Echolocation,/mnt/ubna_data_01_mir/recover-20220825/UBNA_002/20220823_033000.WAV,Telephone Field,recover-20220825,002,1795
290.4535,290.4671,21171,24764,Nyctalus leisleri,0.014,0.026,-1,Echolocation,/mnt/ubna_data_01_mir/recover-20220825/UBNA_002/20220823_033000.WAV,Telephone Field,recover-20220825,002,1795
290.4735,290.5097,68437,82476,Rhinolophus ferrumequinum,0.021,0.021,-1,Echolocation,/mnt/ubna_data_01_mir/recover-20220825/UBNA_002/20220823_033000.WAV,Telephone Field,recover-20220825,002,1795
290.4995,290.5387,68437,82153,Rhinolophus ferrumequinum,0.022,0.022,-1,Echolocation,/mnt/ubna_data_01_mir/recover-20220825/UBNA_002/20220823_033000.WAV,Telephone Field,recover-20220825,002,1795
290.5225,290.5617,68437,82398,Rhinolophus ferrumequinum,0.023,0.023,-1,Echolocation,/mnt/ubna_data_01_mir/recover-20220825/UBNA_002/20220823_033000.WAV,Telephone Field,recover-20220825,002,1795
290.5435,290.5806,68437,82174,Rhinolophus ferrumequinum,0.02,0.02,-1,Echolocation,/mnt/ubna_data_01_mir/recover-20220825/UBNA_002/20220823_033000.WAV,Telephone Field,recover-20220825,002,1795
290.5675,290.6047,68437,82475,Rhinolophus ferrumequinum,0.024,0.024,-1,Echolocation,/mnt/ubna_data_01_mir/recover-20220825/UBNA_002/20220823_033000.WAV,Telephone Field,recover-20220825,002,1795
290.5795,290.5884,28046,35813,Eptesicus serotinus,0.012,0.025,-1,Echolocation,/mnt/ubna_data_01_mir/recover-20220825/UBNA_002/20220823_033000.WAV,Telephone Field,recover-20220825,002,1795
290.5795,290.6187,68437,81877,Rhinolophus ferrumequinum,0.021,0.021,-1,Echolocation,/mnt/ubna_data_01_mir/recover-20220825/UBNA_002/20220823_033000.WAV,Telephone Field,recover-20220825,002,1795
290.5855,290.6232,68437,82136,Rhinolophus ferrumequinum,0.021,0.021,-1,Echolocation,/mnt/ubna_data_01_mir/recover-20220825/UBNA_002/20220823_033000.WAV,Telephone Field,recover-20220825,002,1795
290.6215,290.6274,28046,42051,Eptesicus serotinus,0.007,0.029,-1,Echolocation,/mnt/ubna_data_01_mir/recover-20220825/UBNA_002/20220823_033000.WAV,Telephone Field,recover-20220825,002,1795
290.6435,290.6813,68437,82404,Rhinolophus ferrumequinum,0.036,0.036,-1,Echolocation,/mnt/ubna_data_01_mir/recover-20220825/UBNA_002/20220823_033000.WAV,Telephone Field,recover-20220825,002,1795
290.6545,290.6943,68437,82307,Rhinolophus ferrumequinum,0.021,0.021,-1,Echolocation,/mnt/ubna_data_01_mir/recover-20220825/UBNA_002/20220823_033000.WAV,Telephone Field,recover-20220825,002,1795
290.6575,290.6669,27187,36696,Eptesicus serotinus,0.009,0.021,-1,Echolocation,/mnt/ubna_data_01_mir/recover-20220825/UBNA_002/20220823_033000.WAV,Telephone Field,recover-20220825,002,1795
290.6795,290.7144,68437,81755,Rhinolophus ferrumequinum,0.023,0.023,-1,Echolocation,/mnt/ubna_data_01_mir/recover-20220825/UBNA_002/20220823_033000.WAV,Telephone Field,recover-20220825,002,1795
290.7465,290.7549,25468,33815,Eptesicus serotinus,0.008,0.021,-1,Echolocation,/mnt/ubna_data_01_mir/recover-20220825/UBNA_002/20220823_033000.WAV,Telephone Field,recover-20220825,002,1795
290.7545,290.7616,46953,51137,Pipistrellus pipistrellus,0.056,0.058,-1,Echolocation,/mnt/ubna_data_01_mir/recover-20220825/UBNA_002/20220823_033000.WAV,Telephone Field,recover-20220825,002,1795
290.7845,290.8239,68437,82263,Rhinolophus ferrumequinum,0.023,0.023,-1,Echolocation,/mnt/ubna_data_01_mir/recover-20220825/UBNA_002/20220823_033000.WAV,Telephone Field,recover-20220825,002,1795
290.8005,290.8092,28046,38053,Eptesicus serotinus,0.008,0.021,-1,Echolocation,/mnt/ubna_data_01_mir/recover-20220825/UBNA_002/20220823_033000.WAV,Telephone Field,recover-20220825,002,1795
290.8065,290.8172,22031,26705,Nyctalus leisleri,0.01,0.02,-1,Echolocation,/mnt/ubna_data_01_mir/recover-20220825/UBNA_002/20220823_033000.WAV,Telephone Field,recover-20220825,002,1795
290.85450000000003,290.8976,68437,83010,Rhinolophus ferrumequinum,0.03,0.03,-1,Echolocation,/mnt/ubna_data_01_mir/recover-20220825/UBNA_002/20220823_033000.WAV,Telephone Field,recover-20220825,002,1795
290.8695,290.8781,39218,48155,Pipistrellus nathusii,0.009,0.021,-1,Echolocation,/mnt/ubna_data_01_mir/recover-20220825/UBNA_002/20220823_033000.WAV,Telephone Field,recover-20220825,002,1795
290.9045,290.9461,68437,82827,Rhinolophus ferrumequinum,0.024,0.024,-1,Echolocation,/mnt/ubna_data_01_mir/recover-20220825/UBNA_002/20220823_033000.WAV,Telephone Field,recover-20220825,002,1795
290.9725,290.9823,27187,41299,Eptesicus serotinus,0.01,0.022,-1,Echolocation,/mnt/ubna_data_01_mir/recover-20220825/UBNA_002/20220823_033000.WAV,Telephone Field,recover-20220825,002,1795
290.9815,290.98969999999997,27187,39569,Eptesicus serotinus,0.008,0.023,-1,Echolocation,/mnt/ubna_data_01_mir/recover-20220825/UBNA_002/20220823_033000.WAV,Telephone Field,recover-20220825,002,1795
290.9835,291.0193,68437,81804,Rhinolophus ferrumequinum,0.022,0.022,-1,Echolocation,/mnt/ubna_data_01_mir/recover-20220825/UBNA_002/20220823_033000.WAV,Telephone Field,recover-20220825,002,1795
290.9895,291.0273,68437,81949,Rhinolophus ferrumequinum,0.023,0.023,-1,Echolocation,/mnt/ubna_data_01_mir/recover-20220825/UBNA_002/20220823_033000.WAV,Telephone Field,recover-20220825,002,1795
291.0145,291.0263,22031,26382,Nyctalus leisleri,0.011,0.021,-1,Echolocation,/mnt/ubna_data_01_mir/recover-20220825/UBNA_002/20220823_033000.WAV,Telephone Field,recover-20220825,002,1795
291.0275,291.0374,24609,31436,Eptesicus serotinus,0.013,0.034,-1,Echolocation,/mnt/ubna_data_01_mir/recover-20220825/UBNA_002/20220823_033000.WAV,Telephone Field,recover-20220825,002,1795
291.0595,291.0667,23750,33613,Plecotus austriacus,0.011,0.026,-1,Echolocation,/mnt/ubna_data_01_mir/recover-20220825/UBNA_002/20220823_033000.WAV,Telephone Field,recover-20220825,002,1795
291.0655,291.1019,68437,82190,Rhinolophus ferrumequinum,0.021,0.021,-1,Echolocation,/mnt/ubna_data_01_mir/recover-20220825/UBNA_002/20220823_033000.WAV,Telephone Field,recover-20220825,002,1795
291.0825,291.1243,68437,82560,Rhinolophus ferrumequinum,0.025,0.025,-1,Echolocation,/mnt/ubna_data_01_mir/recover-20220825/UBNA_002/20220823_033000.WAV,Telephone Field,recover-20220825,002,1795
291.1055,291.1432,68437,81617,Rhinolophus ferrumequinum,0.021,0.021,-1,Echolocation,/mnt/ubna_data_01_mir/recover-20220825/UBNA_002/20220823_033000.WAV,Telephone Field,recover-20220825,002,1795
291.1275,291.1682,68437,82748,Rhinolophus ferrumequinum,0.026,0.026,-1,Echolocation,/mnt/ubna_data_01_mir/recover-20220825/UBNA_002/20220823_033000.WAV,Telephone Field,recover-20220825,002,1795
291.1745,291.21569999999997,68437,82394,Rhinolophus ferrumequinum,0.029,0.029,-1,Echolocation,/mnt/ubna_data_01_mir/recover-20220825/UBNA_002/20220823_033000.WAV,Telephone Field,recover-20220825,002,1795
291.1785,291.186,28046,46509,Eptesicus serotinus,0.008,0.025,-1,Echolocation,/mnt/ubna_data_01_mir/recover-20220825/UBNA_002/20220823_033000.WAV,Telephone Field,recover-20220825,002,1795
291.2125,291.2481,68437,80982,Rhinolophus ferrumequinum,0.024,0.024,-1,Echolocation,/mnt/ubna_data_01_mir/recover-20220825/UBNA_002/20220823_033000.WAV,Telephone Field,recover-20220825,002,1795
291.2575,291.2698,22890,27625,Nyctalus leisleri,0.013,0.024,-1,Echolocation,/mnt/ubna_data_01_mir/recover-20220825/UBNA_002/20220823_033000.WAV,Telephone Field,recover-20220825,002,1795
291.2595,291.3003,68437,82159,Rhinolophus ferrumequinum,0.022,0.022,-1,Echolocation,/mnt/ubna_data_01_mir/recover-20220825/UBNA_002/20220823_033000.WAV,Telephone Field,recover-20220825,002,1795
291.2755,291.3131,68437,82119,Rhinolophus ferrumequinum,0.02,0.02,-1,Echolocation,/mnt/ubna_data_01_mir/recover-20220825/UBNA_002/20220823_033000.WAV,Telephone Field,recover-20220825,002,1795
291.4035,291.441,68437,81400,Rhinolophus ferrumequinum,0.022,0.022,-1,Echolocation,/mnt/ubna_data_01_mir/recover-20220825/UBNA_002/20220823_033000.WAV,Telephone Field,recover-20220825,002,1795
291.4035,291.4125,28046,41174,Eptesicus serotinus,0.008,0.021,-1,Echolocation,/mnt/ubna_data_01_mir/recover-20220825/UBNA_002/20220823_033000.WAV,Telephone Field,recover-20220825,002,1795
291.4505,291.4892,68437,82454,Rhinolophus ferrumequinum,0.033,0.033,-1,Echolocation,/mnt/ubna_data_01_mir/recover-20220825/UBNA_002/20220823_033000.WAV,Telephone Field,recover-20220825,002,1795
291.4675,291.4749,28046,37772,Eptesicus serotinus,0.01,0.026,-1,Echolocation,/mnt/ubna_data_01_mir/recover-20220825/UBNA_002/20220823_033000.WAV,Telephone Field,recover-20220825,002,1795
291.4825,291.4903,46953,51148,Pipistrellus pipistrellus,0.02,0.022,-1,Echolocation,/mnt/ubna_data_01_mir/recover-20220825/UBNA_002/20220823_033000.WAV,Telephone Field,recover-20220825,002,1795
291.4825,291.48969999999997,27187,41876,Eptesicus serotinus,0.007,0.021,-1,Echolocation,/mnt/ubna_data_01_mir/recover-20220825/UBNA_002/20220823_033000.WAV,Telephone Field,recover-20220825,002,1795
291.5005,291.5065,29765,41610,Myotis daubentonii,0.012,0.037,-1,Echolocation,/mnt/ubna_data_01_mir/recover-20220825/UBNA_002/20220823_033000.WAV,Telephone Field,recover-20220825,002,1795
291.5155,291.5534,68437,81908,Rhinolophus ferrumequinum,0.021,0.021,-1,Echolocation,/mnt/ubna_data_01_mir/recover-20220825/UBNA_002/20220823_033000.WAV,Telephone Field,recover-20220825,002,1795
291.5515,291.5591,27187,39843,Eptesicus serotinus,0.007,0.021,-1,Echolocation,/mnt/ubna_data_01_mir/recover-20220825/UBNA_002/20220823_033000.WAV,Telephone Field,recover-20220825,002,1795
291.5645,291.5745,22890,28532,Nyctalus leisleri,0.009,0.023,-1,Echolocation,/mnt/ubna_data_01_mir/recover-20220825/UBNA_002/20220823_033000.WAV,Telephone Field,recover-20220825,002,1795
291.5885,291.5969,46093,51144,Pipistrellus pipistrellus,0.021,0.023,-1,Echolocation,/mnt/ubna_data_01_mir/recover-20220825/UBNA_002/20220823_033000.WAV,Telephone Field,recover-20220825,002,1795
291.6265,291.6656,68437,82454,Rhinolophus ferrumequinum,0.023,0.023,-1,Echolocation,/mnt/ubna_data_01_mir/recover-20220825/UBNA_002/20220823_033000.WAV,Telephone Field,recover-20220825,002,1795
291.7065,291.7412,68437,81646,Rhinolophus ferrumequinum,0.021,0.021,-1,Echolocation,/mnt/ubna_data_01_mir/recover-20220825/UBNA_002/20220823_033000.WAV,Telephone Field,recover-20220825,002,1795
291.7505,291.7867,68437,82266,Rhinolophus ferrumequinum,0.021,0.021,-1,Echolocation,/mnt/ubna_data_01_mir/recover-20220825/UBNA_002/20220823_033000.WAV,Telephone Field,recover-20220825,002,1795
291.7535,291.7634,23750,30423,Nyctalus leisleri,0.008,0.024,-1,Echolocation,/mnt/ubna_data_01_mir/recover-20220825/UBNA_002/20220823_033000.WAV,Telephone Field,recover-20220825,002,1795
291.7715,291.8046,68437,80968,Rhinolophus ferrumequinum,0.022,0.022,-1,Echolocation,/mnt/ubna_data_01_mir/recover-20220825/UBNA_002/20220823_033000.WAV,Telephone Field,recover-20220825,002,1795
291.7905,291.832,68437,82956,Rhinolophus ferrumequinum,0.029,0.029,-1,Echolocation,/mnt/ubna_data_01_mir/recover-20220825/UBNA_002/20220823_033000.WAV,Telephone Field,recover-20220825,002,1795
291.7955,291.8132,20312,25131,Nyctalus noctula,0.025,0.045,-1,Echolocation,/mnt/ubna_data_01_mir/recover-20220825/UBNA_002/20220823_033000.WAV,Telephone Field,recover-20220825,002,1795
291.8315,291.8715,68437,82915,Rhinolophus ferrumequinum,0.029,0.029,-1,Echolocation,/mnt/ubna_data_01_mir/recover-20220825/UBNA_002/20220823_033000.WAV,Telephone Field,recover-20220825,002,1795
291.8675,291.9059,68437,82575,Rhinolophus ferrumequinum,0.022,0.022,-1,Echolocation,/mnt/ubna_data_01_mir/recover-20220825/UBNA_002/20220823_033000.WAV,Telephone Field,recover-20220825,002,1795
291.8715,291.8793,27187,39382,Eptesicus serotinus,0.007,0.021,-1,Echolocation,/mnt/ubna_data_01_mir/recover-20220825/UBNA_002/20220823_033000.WAV,Telephone Field,recover-20220825,002,1795
291.9085,291.9496,68437,82422,Rhinolophus ferrumequinum,0.024,0.024,-1,Echolocation,/mnt/ubna_data_01_mir/recover-20220825/UBNA_002/20220823_033000.WAV,Telephone Field,recover-20220825,002,1795
291.9205,291.9278,26328,41637,Eptesicus serotinus,0.007,0.02,-1,Echolocation,/mnt/ubna_data_01_mir/recover-20220825/UBNA_002/20220823_033000.WAV,Telephone Field,recover-20220825,002,1795
291.9325,291.971,68437,81931,Rhinolophus ferrumequinum,0.023,0.023,-1,Echolocation,/mnt/ubna_data_01_mir/recover-20220825/UBNA_002/20220823_033000.WAV,Telephone Field,recover-20220825,002,1795
291.9775,291.9858,49531,53693,Pipistrellus pipistrellus,0.022,0.025,-1,Echolocation,/mnt/ubna_data_01_mir/recover-20220825/UBNA_002/20220823_033000.WAV,Telephone Field,recover-20220825,002,1795
292.0015,292.0168,19453,23420,Nyctalus leisleri,0.015,0.03,-1,Echolocation,/mnt/ubna_data_01_mir/recover-20220825/UBNA_002/20220823_033000.WAV,Telephone Field,recover-20220825,002,1795
292.0015,292.0354,68437,80185,Rhinolophus ferrumequinum,0.024,0.024,-1,Echolocation,/mnt/ubna_data_01_mir/recover-20220825/UBNA_002/20220823_033000.WAV,Telephone Field,recover-20220825,002,1795
292.0015,292.0102,47812,54288,Pipistrellus pipistrellus,0.017,0.022,-1,Echolocation,/mnt/ubna_data_01_mir/recover-20220825/UBNA_002/20220823_033000.WAV,Telephone Field,recover-20220825,002,1795
292.0015,292.0106,26328,34306,Nyctalus leisleri,0.011,0.03,-1,Echolocation,/mnt/ubna_data_01_mir/recover-20220825/UBNA_002/20220823_033000.WAV,Telephone Field,recover-20220825,002,1795
292.0185,292.0307,22031,25886,Nyctalus leisleri,0.013,0.022,-1,Echolocation,/mnt/ubna_data_01_mir/recover-20220825/UBNA_002/20220823_033000.WAV,Telephone Field,recover-20220825,002,1795
292.0845,292.1222,68437,82227,Rhinolophus ferrumequinum,0.022,0.022,-1,Echolocation,/mnt/ubna_data_01_mir/recover-20220825/UBNA_002/20220823_033000.WAV,Telephone Field,recover-20220825,002,1795
292.1025,292.1418,68437,82699,Rhinolophus ferrumequinum,0.024,0.024,-1,Echolocation,/mnt/ubna_data_01_mir/recover-20220825/UBNA_002/20220823_033000.WAV,Telephone Field,recover-20220825,002,1795
292.1655,292.2016,68437,81653,Rhinolophus ferrumequinum,0.024,0.025,-1,Echolocation,/mnt/ubna_data_01_mir/recover-20220825/UBNA_002/20220823_033000.WAV,Telephone Field,recover-20220825,002,1795
292.1905,292.1976,27187,39722,Eptesicus serotinus,0.007,0.024,-1,Echolocation,/mnt/ubna_data_01_mir/recover-20220825/UBNA_002/20220823_033000.WAV,Telephone Field,recover-20220825,002,1795
292.1975,292.2359,68437,82123,Rhinolophus ferrumequinum,0.023,0.023,-1,Echolocation,/mnt/ubna_data_01_mir/recover-20220825/UBNA_002/20220823_033000.WAV,Telephone Field,recover-20220825,002,1795
292.2345,292.2452,23750,30216,Nyctalus leisleri,0.009,0.023,-1,Echolocation,/mnt/ubna_data_01_mir/recover-20220825/UBNA_002/20220823_033000.WAV,Telephone Field,recover-20220825,002,1795
292.2345,292.2765,68437,82051,Rhinolophus ferrumequinum,0.023,0.023,-1,Echolocation,/mnt/ubna_data_01_mir/recover-20220825/UBNA_002/20220823_033000.WAV,Telephone Field,recover-20220825,002,1795
292.2585,292.2973,68437,82046,Rhinolophus ferrumequinum,0.022,0.022,-1,Echolocation,/mnt/ubna_data_01_mir/recover-20220825/UBNA_002/20220823_033000.WAV,Telephone Field,recover-20220825,002,1795
292.2825,292.322,68437,82615,Rhinolophus ferrumequinum,0.022,0.022,-1,Echolocation,/mnt/ubna_data_01_mir/recover-20220825/UBNA_002/20220823_033000.WAV,Telephone Field,recover-20220825,002,1795
292.2855,292.297,23750,29533,Nyctalus leisleri,0.01,0.023,-1,Echolocation,/mnt/ubna_data_01_mir/recover-20220825/UBNA_002/20220823_033000.WAV,Telephone Field,recover-20220825,002,1795
292.3145,292.3557,68437,82068,Rhinolophus ferrumequinum,0.022,0.022,-1,Echolocation,/mnt/ubna_data_01_mir/recover-20220825/UBNA_002/20220823_033000.WAV,Telephone Field,recover-20220825,002,1795
292.3215,292.3621,68437,83024,Rhinolophus ferrumequinum,0.022,0.022,-1,Echolocation,/mnt/ubna_data_01_mir/recover-20220825/UBNA_002/20220823_033000.WAV,Telephone Field,recover-20220825,002,1795
292.3835,292.427,68437,83453,Rhinolophus ferrumequinum,0.036,0.036,-1,Echolocation,/mnt/ubna_data_01_mir/recover-20220825/UBNA_002/20220823_033000.WAV,Telephone Field,recover-20220825,002,1795
292.4135,292.4538,68437,82749,Rhinolophus ferrumequinum,0.025,0.025,-1,Echolocation,/mnt/ubna_data_01_mir/recover-20220825/UBNA_002/20220823_033000.WAV,Telephone Field,recover-20220825,002,1795
292.4395,292.4787,68437,81816,Rhinolophus ferrumequinum,0.023,0.023,-1,Echolocation,/mnt/ubna_data_01_mir/recover-20220825/UBNA_002/20220823_033000.WAV,Telephone Field,recover-20220825,002,1795
292.4635,292.5065,68437,82520,Rhinolophus ferrumequinum,0.023,0.023,-1,Echolocation,/mnt/ubna_data_01_mir/recover-20220825/UBNA_002/20220823_033000.WAV,Telephone Field,recover-20220825,002,1795
292.4715,292.5122,68437,83197,Rhinolophus ferrumequinum,0.024,0.024,-1,Echolocation,/mnt/ubna_data_01_mir/recover-20220825/UBNA_002/20220823_033000.WAV,Telephone Field,recover-20220825,002,1795
292.4725,292.4825,24609,30765,Nyctalus leisleri,0.009,0.023,-1,Echolocation,/mnt/ubna_data_01_mir/recover-20220825/UBNA_002/20220823_033000.WAV,Telephone Field,recover-20220825,002,1795
292.4825,292.4887,24609,34347,Plecotus austriacus,0.014,0.03,-1,Echolocation,/mnt/ubna_data_01_mir/recover-20220825/UBNA_002/20220823_033000.WAV,Telephone Field,recover-20220825,002,1795
292.5225,292.5634,68437,83056,Rhinolophus ferrumequinum,0.024,0.024,-1,Echolocation,/mnt/ubna_data_01_mir/recover-20220825/UBNA_002/20220823_033000.WAV,Telephone Field,recover-20220825,002,1795
292.5555,292.593,68437,82961,Rhinolophus ferrumequinum,0.027,0.027,-1,Echolocation,/mnt/ubna_data_01_mir/recover-20220825/UBNA_002/20220823_033000.WAV,Telephone Field,recover-20220825,002,1795
292.60450000000003,292.6157,27187,33270,Eptesicus serotinus,0.013,0.027,-1,Echolocation,/mnt/ubna_data_01_mir/recover-20220825/UBNA_002/20220823_033000.WAV,Telephone Field,recover-20220825,002,1795
292.6245,292.6318,50390,55838,Pipistrellus pipistrellus,0.024,0.026,-1,Echolocation,/mnt/ubna_data_01_mir/recover-20220825/UBNA_002/20220823_033000.WAV,Telephone Field,recover-20220825,002,1795
292.6255,292.6625,68437,82401,Rhinolophus ferrumequinum,0.023,0.023,-1,Echolocation,/mnt/ubna_data_01_mir/recover-20220825/UBNA_002/20220823_033000.WAV,Telephone Field,recover-20220825,002,1795
292.6315,292.6426,28906,35771,Eptesicus serotinus,0.01,0.022,-1,Echolocation,/mnt/ubna_data_01_mir/recover-20220825/UBNA_002/20220823_033000.WAV,Telephone Field,recover-20220825,002,1795
292.6625,292.6743,22890,28776,Nyctalus leisleri,0.012,0.028,-1,Echolocation,/mnt/ubna_data_01_mir/recover-20220825/UBNA_002/20220823_033000.WAV,Telephone Field,recover-20220825,002,1795
292.6665,292.6741,28906,41651,Eptesicus serotinus,0.007,0.022,-1,Echolocation,/mnt/ubna_data_01_mir/recover-20220825/UBNA_002/20220823_033000.WAV,Telephone Field,recover-20220825,002,1795
292.6715,292.7085,68437,81354,Rhinolophus ferrumequinum,0.021,0.022,-1,Echolocation,/mnt/ubna_data_01_mir/recover-20220825/UBNA_002/20220823_033000.WAV,Telephone Field,recover-20220825,002,1795
292.7185,292.7545,68437,81397,Rhinolophus ferrumequinum,0.022,0.022,-1,Echolocation,/mnt/ubna_data_01_mir/recover-20220825/UBNA_002/20220823_033000.WAV,Telephone Field,recover-20220825,002,1795
292.7305,292.7383,28046,42187,Eptesicus serotinus,0.007,0.021,-1,Echolocation,/mnt/ubna_data_01_mir/recover-20220825/UBNA_002/20220823_033000.WAV,Telephone Field,recover-20220825,002,1795
292.77049999999997,292.80989999999997,68437,82016,Rhinolophus ferrumequinum,0.022,0.022,-1,Echolocation,/mnt/ubna_data_01_mir/recover-20220825/UBNA_002/20220823_033000.WAV,Telephone Field,recover-20220825,002,1795
292.8065,292.8146,24609,33241,Plecotus austriacus,0.008,0.025,-1,Echolocation,/mnt/ubna_data_01_mir/recover-20220825/UBNA_002/20220823_033000.WAV,Telephone Field,recover-20220825,002,1795
292.8125,292.8518,68437,82706,Rhinolophus ferrumequinum,0.027,0.027,-1,Echolocation,/mnt/ubna_data_01_mir/recover-20220825/UBNA_002/20220823_033000.WAV,Telephone Field,recover-20220825,002,1795
292.8215,292.8615,68437,82667,Rhinolophus ferrumequinum,0.024,0.024,-1,Echolocation,/mnt/ubna_data_01_mir/recover-20220825/UBNA_002/20220823_033000.WAV,Telephone Field,recover-20220825,002,1795
292.8325,292.8381,28906,43930,Eptesicus serotinus,0.009,0.043,-1,Echolocation,/mnt/ubna_data_01_mir/recover-20220825/UBNA_002/20220823_033000.WAV,Telephone Field,recover-20220825,002,1795
292.8495,292.891,68437,82623,Rhinolophus ferrumequinum,0.023,0.023,-1,Echolocation,/mnt/ubna_data_01_mir/recover-20220825/UBNA_002/20220823_033000.WAV,Telephone Field,recover-20220825,002,1795
292.8815,292.9194,68437,82148,Rhinolophus ferrumequinum,0.024,0.024,-1,Echolocation,/mnt/ubna_data_01_mir/recover-20220825/UBNA_002/20220823_033000.WAV,Telephone Field,recover-20220825,002,1795
292.9005,292.9366,68437,81482,Rhinolophus ferrumequinum,0.026,0.026,-1,Echolocation,/mnt/ubna_data_01_mir/recover-20220825/UBNA_002/20220823_033000.WAV,Telephone Field,recover-20220825,002,1795
292.9265,292.9671,68437,82770,Rhinolophus ferrumequinum,0.024,0.024,-1,Echolocation,/mnt/ubna_data_01_mir/recover-20220825/UBNA_002/20220823_033000.WAV,Telephone Field,recover-20220825,002,1795
292.9295,292.9404,24609,29857,Nyctalus leisleri,0.012,0.025,-1,Echolocation,/mnt/ubna_data_01_mir/recover-20220825/UBNA_002/20220823_033000.WAV,Telephone Field,recover-20220825,002,1795
292.9415,292.9519,47812,51402,Pipistrellus pipistrellus,0.026,0.028,-1,Echolocation,/mnt/ubna_data_01_mir/recover-20220825/UBNA_002/20220823_033000.WAV,Telephone Field,recover-20220825,002,1795
292.9675,292.9775,28046,36591,Eptesicus serotinus,0.018,0.035,-1,Echolocation,/mnt/ubna_data_01_mir/recover-20220825/UBNA_002/20220823_033000.WAV,Telephone Field,recover-20220825,002,1795
292.9695,293.0076,68437,81718,Rhinolophus ferrumequinum,0.022,0.022,-1,Echolocation,/mnt/ubna_data_01_mir/recover-20220825/UBNA_002/20220823_033000.WAV,Telephone Field,recover-20220825,002,1795
292.9855,293.0195,68437,80490,Rhinolophus ferrumequinum,0.022,0.022,-1,Echolocation,/mnt/ubna_data_01_mir/recover-20220825/UBNA_002/20220823_033000.WAV,Telephone Field,recover-20220825,002,1795
292.9915,292.9991,23750,32585,Plecotus austriacus,0.009,0.023,-1,Echolocation,/mnt/ubna_data_01_mir/recover-20220825/UBNA_002/20220823_033000.WAV,Telephone Field,recover-20220825,002,1795
293.0075,293.0452,68437,82020,Rhinolophus ferrumequinum,0.023,0.023,-1,Echolocation,/mnt/ubna_data_01_mir/recover-20220825/UBNA_002/20220823_033000.WAV,Telephone Field,recover-20220825,002,1795
293.0585,293.09929999999997,68437,82682,Rhinolophus ferrumequinum,0.027,0.027,-1,Echolocation,/mnt/ubna_data_01_mir/recover-20220825/UBNA_002/20220823_033000.WAV,Telephone Field,recover-20220825,002,1795
293.0625,293.0733,30625,39508,Eptesicus serotinus,0.01,0.023,-1,Echolocation,/mnt/ubna_data_01_mir/recover-20220825/UBNA_002/20220823_033000.WAV,Telephone Field,recover-20220825,002,1795
293.0715,293.0787,28046,40908,Eptesicus serotinus,0.008,0.027,-1,Echolocation,/mnt/ubna_data_01_mir/recover-20220825/UBNA_002/20220823_033000.WAV,Telephone Field,recover-20220825,002,1795
293.1125,293.1192,27187,40539,Eptesicus serotinus,0.006,0.022,-1,Echolocation,/mnt/ubna_data_01_mir/recover-20220825/UBNA_002/20220823_033000.WAV,Telephone Field,recover-20220825,002,1795
293.1275,293.1679,68437,82499,Rhinolophus ferrumequinum,0.028,0.028,-1,Echolocation,/mnt/ubna_data_01_mir/recover-20220825/UBNA_002/20220823_033000.WAV,Telephone Field,recover-20220825,002,1795
293.14549999999997,293.1852,68437,82605,Rhinolophus ferrumequinum,0.022,0.022,-1,Echolocation,/mnt/ubna_data_01_mir/recover-20220825/UBNA_002/20220823_033000.WAV,Telephone Field,recover-20220825,002,1795
293.1545,293.16700000000003,22890,27223,Nyctalus leisleri,0.017,0.029,-1,Echolocation,/mnt/ubna_data_01_mir/recover-20220825/UBNA_002/20220823_033000.WAV,Telephone Field,recover-20220825,002,1795
293.2225,293.255,68437,80631,Rhinolophus ferrumequinum,0.023,0.023,-1,Echolocation,/mnt/ubna_data_01_mir/recover-20220825/UBNA_002/20220823_033000.WAV,Telephone Field,recover-20220825,002,1795
293.2235,293.2328,22031,27808,Nyctalus leisleri,0.008,0.023,-1,Echolocation,/mnt/ubna_data_01_mir/recover-20220825/UBNA_002/20220823_033000.WAV,Telephone Field,recover-20220825,002,1795
293.2325,293.2405,28906,39882,Eptesicus serotinus,0.009,0.025,-1,Echolocation,/mnt/ubna_data_01_mir/recover-20220825/UBNA_002/20220823_033000.WAV,Telephone Field,recover-20220825,002,1795
293.2555,293.2961,68437,82695,Rhinolophus ferrumequinum,0.023,0.023,-1,Echolocation,/mnt/ubna_data_01_mir/recover-20220825/UBNA_002/20220823_033000.WAV,Telephone Field,recover-20220825,002,1795
293.27049999999997,293.3091,68437,81706,Rhinolophus ferrumequinum,0.022,0.022,-1,Echolocation,/mnt/ubna_data_01_mir/recover-20220825/UBNA_002/20220823_033000.WAV,Telephone Field,recover-20220825,002,1795
293.2755,293.2824,27187,40154,Eptesicus serotinus,0.007,0.024,-1,Echolocation,/mnt/ubna_data_01_mir/recover-20220825/UBNA_002/20220823_033000.WAV,Telephone Field,recover-20220825,002,1795
293.2765,293.2872,46093,49936,Pipistrellus pipistrellus,0.028,0.03,-1,Echolocation,/mnt/ubna_data_01_mir/recover-20220825/UBNA_002/20220823_033000.WAV,Telephone Field,recover-20220825,002,1795
293.2785,293.3189,68437,82219,Rhinolophus ferrumequinum,0.024,0.025,-1,Echolocation,/mnt/ubna_data_01_mir/recover-20220825/UBNA_002/20220823_033000.WAV,Telephone Field,recover-20220825,002,1795
293.33050000000003,293.34069999999997,22031,27601,Nyctalus leisleri,0.01,0.025,-1,Echolocation,/mnt/ubna_data_01_mir/recover-20220825/UBNA_002/20220823_033000.WAV,Telephone Field,recover-20220825,002,1795
293.3325,293.3691,68437,81721,Rhinolophus ferrumequinum,0.022,0.022,-1,Echolocation,/mnt/ubna_data_01_mir/recover-20220825/UBNA_002/20220823_033000.WAV,Telephone Field,recover-20220825,002,1795
293.3625,293.4011,68437,82033,Rhinolophus ferrumequinum,0.024,0.024,-1,Echolocation,/mnt/ubna_data_01_mir/recover-20220825/UBNA_002/20220823_033000.WAV,Telephone Field,recover-20220825,002,1795
293.3675,293.3735,28046,44096,Eptesicus serotinus,0.005,0.025,-1,Echolocation,/mnt/ubna_data_01_mir/recover-20220825/UBNA_002/20220823_033000.WAV,Telephone Field,recover-20220825,002,1795
293.3875,293.3972,28906,36036,Eptesicus serotinus,0.009,0.022,-1,Echolocation,/mnt/ubna_data_01_mir/recover-20220825/UBNA_002/20220823_033000.WAV,Telephone Field,recover-20220825,002,1795
293.3915,293.43240000000003,68437,82672,Rhinolophus ferrumequinum,0.022,0.022,-1,Echolocation,/mnt/ubna_data_01_mir/recover-20220825/UBNA_002/20220823_033000.WAV,Telephone Field,recover-20220825,002,1795
293.4135,293.4553,68437,82897,Rhinolophus ferrumequinum,0.028,0.028,-1,Echolocation,/mnt/ubna_data_01_mir/recover-20220825/UBNA_002/20220823_033000.WAV,Telephone Field,recover-20220825,002,1795
293.4475,293.4546,27187,40129,Eptesicus serotinus,0.007,0.028,-1,Echolocation,/mnt/ubna_data_01_mir/recover-20220825/UBNA_002/20220823_033000.WAV,Telephone Field,recover-20220825,002,1795
293.4815,293.5192,68437,81672,Rhinolophus ferrumequinum,0.022,0.022,-1,Echolocation,/mnt/ubna_data_01_mir/recover-20220825/UBNA_002/20220823_033000.WAV,Telephone Field,recover-20220825,002,1795
293.4865,293.4954,47812,57331,Pipistrellus pipistrellus,0.019,0.023,-1,Echolocation,/mnt/ubna_data_01_mir/recover-20220825/UBNA_002/20220823_033000.WAV,Telephone Field,recover-20220825,002,1795
293.5005,293.5362,68437,81585,Rhinolophus ferrumequinum,0.022,0.022,-1,Echolocation,/mnt/ubna_data_01_mir/recover-20220825/UBNA_002/20220823_033000.WAV,Telephone Field,recover-20220825,002,1795
293.5225,293.5306,26328,35604,Eptesicus serotinus,0.008,0.021,-1,Echolocation,/mnt/ubna_data_01_mir/recover-20220825/UBNA_002/20220823_033000.WAV,Telephone Field,recover-20220825,002,1795
293.5465,293.5851,68437,81756,Rhinolophus ferrumequinum,0.029,0.029,-1,Echolocation,/mnt/ubna_data_01_mir/recover-20220825/UBNA_002/20220823_033000.WAV,Telephone Field,recover-20220825,002,1795
293.6195,293.6603,68437,82731,Rhinolophus ferrumequinum,0.026,0.026,-1,Echolocation,/mnt/ubna_data_01_mir/recover-20220825/UBNA_002/20220823_033000.WAV,Telephone Field,recover-20220825,002,1795
293.6295,293.6671,68437,81848,Rhinolophus ferrumequinum,0.022,0.022,-1,Echolocation,/mnt/ubna_data_01_mir/recover-20220825/UBNA_002/20220823_033000.WAV,Telephone Field,recover-20220825,002,1795
293.6395,293.6758,68437,81739,Rhinolophus ferrumequinum,0.021,0.021,-1,Echolocation,/mnt/ubna_data_01_mir/recover-20220825/UBNA_002/20220823_033000.WAV,Telephone Field,recover-20220825,002,1795
293.6615,293.6686,46953,56038,Pipistrellus pipistrellus,0.021,0.025,-1,Echolocation,/mnt/ubna_data_01_mir/recover-20220825/UBNA_002/20220823_033000.WAV,Telephone Field,recover-20220825,002,1795
293.6635,293.6721,23750,32119,Plecotus austriacus,0.01,0.028,-1,Echolocation,/mnt/ubna_data_01_mir/recover-20220825/UBNA_002/20220823_033000.WAV,Telephone Field,recover-20220825,002,1795
293.7025,293.7385,68437,81663,Rhinolophus ferrumequinum,0.021,0.021,-1,Echolocation,/mnt/ubna_data_01_mir/recover-20220825/UBNA_002/20220823_033000.WAV,Telephone Field,recover-20220825,002,1795
293.7265,293.734,27187,39559,Eptesicus serotinus,0.008,0.027,-1,Echolocation,/mnt/ubna_data_01_mir/recover-20220825/UBNA_002/20220823_033000.WAV,Telephone Field,recover-20220825,002,1795
293.7445,293.7511,25468,36427,Plecotus austriacus,0.013,0.033,-1,Echolocation,/mnt/ubna_data_01_mir/recover-20220825/UBNA_002/20220823_033000.WAV,Telephone Field,recover-20220825,002,1795
293.7635,293.8057,68437,82700,Rhinolophus ferrumequinum,0.022,0.022,-1,Echolocation,/mnt/ubna_data_01_mir/recover-20220825/UBNA_002/20220823_033000.WAV,Telephone Field,recover-20220825,002,1795
293.77049999999997,293.8106,68437,82639,Rhinolophus ferrumequinum,0.024,0.024,-1,Echolocation,/mnt/ubna_data_01_mir/recover-20220825/UBNA_002/20220823_033000.WAV,Telephone Field,recover-20220825,002,1795
293.7985,293.8068,14296,23585,Plecotus auritus,0.018,0.027,-1,Echolocation,/mnt/ubna_data_01_mir/recover-20220825/UBNA_002/20220823_033000.WAV,Telephone Field,recover-20220825,002,1795
293.8135,293.8544,68437,82889,Rhinolophus ferrumequinum,0.03,0.03,-1,Echolocation,/mnt/ubna_data_01_mir/recover-20220825/UBNA_002/20220823_033000.WAV,Telephone Field,recover-20220825,002,1795
293.8325,293.8466,22890,27634,Nyctalus leisleri,0.014,0.028,-1,Echolocation,/mnt/ubna_data_01_mir/recover-20220825/UBNA_002/20220823_033000.WAV,Telephone Field,recover-20220825,002,1795
293.8335,293.8752,68437,82828,Rhinolophus ferrumequinum,0.032,0.032,-1,Echolocation,/mnt/ubna_data_01_mir/recover-20220825/UBNA_002/20220823_033000.WAV,Telephone Field,recover-20220825,002,1795
293.8405,293.8516,22890,27641,Nyctalus leisleri,0.013,0.025,-1,Echolocation,/mnt/ubna_data_01_mir/recover-20220825/UBNA_002/20220823_033000.WAV,Telephone Field,recover-20220825,002,1795
293.9325,293.9396,28046,38883,Eptesicus serotinus,0.006,0.023,-1,Echolocation,/mnt/ubna_data_01_mir/recover-20220825/UBNA_002/20220823_033000.WAV,Telephone Field,recover-20220825,002,1795
293.9375,293.9789,68437,82426,Rhinolophus ferrumequinum,0.027,0.027,-1,Echolocation,/mnt/ubna_data_01_mir/recover-20220825/UBNA_002/20220823_033000.WAV,Telephone Field,recover-20220825,002,1795
293.9735,293.9828,28906,37526,Eptesicus serotinus,0.008,0.021,-1,Echolocation,/mnt/ubna_data_01_mir/recover-20220825/UBNA_002/20220823_033000.WAV,Telephone Field,recover-20220825,002,1795
293.9825,293.9919,28906,36616,Eptesicus serotinus,0.009,0.025,-1,Echolocation,/mnt/ubna_data_01_mir/recover-20220825/UBNA_002/20220823_033000.WAV,Telephone Field,recover-20220825,002,1795
294.0015,294.0098,40078,45520,Pipistrellus nathusii,0.029,0.052,-1,Echolocation,/mnt/ubna_data_01_mir/recover-20220825/UBNA_002/20220823_033000.WAV,Telephone Field,recover-20220825,002,1795
294.0015,294.01030000000003,23750,32349,Nyctalus leisleri,0.011,0.031,-1,Echolocation,/mnt/ubna_data_01_mir/recover-20220825/UBNA_002/20220823_033000.WAV,Telephone Field,recover-20220825,002,1795
294.0015,294.0065,47812,52512,Pipistrellus pipistrellus,0.035,0.044,-1,Echolocation,/mnt/ubna_data_01_mir/recover-20220825/UBNA_002/20220823_033000.WAV,Telephone Field,recover-20220825,002,1795
294.0015,294.033,69296,81877,Rhinolophus ferrumequinum,0.026,0.026,-1,Echolocation,/mnt/ubna_data_01_mir/recover-20220825/UBNA_002/20220823_033000.WAV,Telephone Field,recover-20220825,002,1795
294.0185,294.0564,68437,82629,Rhinolophus ferrumequinum,0.022,0.022,-1,Echolocation,/mnt/ubna_data_01_mir/recover-20220825/UBNA_002/20220823_033000.WAV,Telephone Field,recover-20220825,002,1795
294.0375,294.0714,68437,80694,Rhinolophus ferrumequinum,0.024,0.024,-1,Echolocation,/mnt/ubna_data_01_mir/recover-20220825/UBNA_002/20220823_033000.WAV,Telephone Field,recover-20220825,002,1795
294.0575,294.0984,68437,82327,Rhinolophus ferrumequinum,0.023,0.023,-1,Echolocation,/mnt/ubna_data_01_mir/recover-20220825/UBNA_002/20220823_033000.WAV,Telephone Field,recover-20220825,002,1795
294.0955,294.1344,68437,81831,Rhinolophus ferrumequinum,0.021,0.021,-1,Echolocation,/mnt/ubna_data_01_mir/recover-20220825/UBNA_002/20220823_033000.WAV,Telephone Field,recover-20220825,002,1795
294.1015,294.1402,68437,82225,Rhinolophus ferrumequinum,0.021,0.021,-1,Echolocation,/mnt/ubna_data_01_mir/recover-20220825/UBNA_002/20220823_033000.WAV,Telephone Field,recover-20220825,002,1795
294.1035,294.1127,25468,35352,Eptesicus serotinus,0.007,0.023,-1,Echolocation,/mnt/ubna_data_01_mir/recover-20220825/UBNA_002/20220823_033000.WAV,Telephone Field,recover-20220825,002,1795
294.1215,294.1586,68437,81526,Rhinolophus ferrumequinum,0.022,0.022,-1,Echolocation,/mnt/ubna_data_01_mir/recover-20220825/UBNA_002/20220823_033000.WAV,Telephone Field,recover-20220825,002,1795
294.1505,294.1907,68437,83101,Rhinolophus ferrumequinum,0.025,0.025,-1,Echolocation,/mnt/ubna_data_01_mir/recover-20220825/UBNA_002/20220823_033000.WAV,Telephone Field,recover-20220825,002,1795
294.1805,294.2193,68437,82274,Rhinolophus ferrumequinum,0.034,0.034,-1,Echolocation,/mnt/ubna_data_01_mir/recover-20220825/UBNA_002/20220823_033000.WAV,Telephone Field,recover-20220825,002,1795
294.2085,294.2164,24609,32947,Plecotus austriacus,0.008,0.024,-1,Echolocation,/mnt/ubna_data_01_mir/recover-20220825/UBNA_002/20220823_033000.WAV,Telephone Field,recover-20220825,002,1795
294.2135,294.2529,68437,82067,Rhinolophus ferrumequinum,0.021,0.021,-1,Echolocation,/mnt/ubna_data_01_mir/recover-20220825/UBNA_002/20220823_033000.WAV,Telephone Field,recover-20220825,002,1795
294.2595,294.2719,23750,30222,Nyctalus leisleri,0.011,0.029,-1,Echolocation,/mnt/ubna_data_01_mir/recover-20220825/UBNA_002/20220823_033000.WAV,Telephone Field,recover-20220825,002,1795
294.2865,294.3269,68437,82432,Rhinolophus ferrumequinum,0.027,0.027,-1,Echolocation,/mnt/ubna_data_01_mir/recover-20220825/UBNA_002/20220823_033000.WAV,Telephone Field,recover-20220825,002,1795
294.2925,294.2989,27187,40768,Eptesicus serotinus,0.007,0.029,-1,Echolocation,/mnt/ubna_data_01_mir/recover-20220825/UBNA_002/20220823_033000.WAV,Telephone Field,recover-20220825,002,1795
294.3185,294.3585,68437,82210,Rhinolophus ferrumequinum,0.021,0.021,-1,Echolocation,/mnt/ubna_data_01_mir/recover-20220825/UBNA_002/20220823_033000.WAV,Telephone Field,recover-20220825,002,1795
294.3265,294.3365,24609,31849,Nyctalus leisleri,0.007,0.022,-1,Echolocation,/mnt/ubna_data_01_mir/recover-20220825/UBNA_002/20220823_033000.WAV,Telephone Field,recover-20220825,002,1795
294.3425,294.3825,68437,83114,Rhinolophus ferrumequinum,0.023,0.023,-1,Echolocation,/mnt/ubna_data_01_mir/recover-20220825/UBNA_002/20220823_033000.WAV,Telephone Field,recover-20220825,002,1795
294.3435,294.3515,27187,40135,Eptesicus serotinus,0.008,0.022,-1,Echolocation,/mnt/ubna_data_01_mir/recover-20220825/UBNA_002/20220823_033000.WAV,Telephone Field,recover-20220825,002,1795
294.3715,294.4119,68437,82489,Rhinolophus ferrumequinum,0.025,0.025,-1,Echolocation,/mnt/ubna_data_01_mir/recover-20220825/UBNA_002/20220823_033000.WAV,Telephone Field,recover-20220825,002,1795
294.4125,294.4202,28046,39591,Eptesicus serotinus,0.007,0.023,-1,Echolocation,/mnt/ubna_data_01_mir/recover-20220825/UBNA_002/20220823_033000.WAV,Telephone Field,recover-20220825,002,1795
294.4495,294.4907,68437,83351,Rhinolophus ferrumequinum,0.023,0.023,-1,Echolocation,/mnt/ubna_data_01_mir/recover-20220825/UBNA_002/20220823_033000.WAV,Telephone Field,recover-20220825,002,1795
294.4575,294.4976,68437,82581,Rhinolophus ferrumequinum,0.023,0.023,-1,Echolocation,/mnt/ubna_data_01_mir/recover-20220825/UBNA_002/20220823_033000.WAV,Telephone Field,recover-20220825,002,1795
294.4805,294.519,68437,82227,Rhinolophus ferrumequinum,0.021,0.021,-1,Echolocation,/mnt/ubna_data_01_mir/recover-20220825/UBNA_002/20220823_033000.WAV,Telephone Field,recover-20220825,002,1795
294.5065,294.5136,28046,40617,Eptesicus serotinus,0.007,0.027,-1,Echolocation,/mnt/ubna_data_01_mir/recover-20220825/UBNA_002/20220823_033000.WAV,Telephone Field,recover-20220825,002,1795
294.5135,294.5203,35781,44661,Myotis daubentonii,0.008,0.022,-1,Echolocation,/mnt/ubna_data_01_mir/recover-20220825/UBNA_002/20220823_033000.WAV,Telephone Field,recover-20220825,002,1795
294.5235,294.5661,68437,82518,Rhinolophus ferrumequinum,0.048,0.048,-1,Echolocation,/mnt/ubna_data_01_mir/recover-20220825/UBNA_002/20220823_033000.WAV,Telephone Field,recover-20220825,002,1795
294.5485,294.5591,31484,38360,Eptesicus serotinus,0.008,0.024,-1,Echolocation,/mnt/ubna_data_01_mir/recover-20220825/UBNA_002/20220823_033000.WAV,Telephone Field,recover-20220825,002,1795
294.5695,294.5801,23750,29770,Nyctalus leisleri,0.011,0.026,-1,Echolocation,/mnt/ubna_data_01_mir/recover-20220825/UBNA_002/20220823_033000.WAV,Telephone Field,recover-20220825,002,1795
294.5915,294.631,68437,82524,Rhinolophus ferrumequinum,0.026,0.026,-1,Echolocation,/mnt/ubna_data_01_mir/recover-20220825/UBNA_002/20220823_033000.WAV,Telephone Field,recover-20220825,002,1795
294.5975,294.6373,68437,81985,Rhinolophus ferrumequinum,0.026,0.026,-1,Echolocation,/mnt/ubna_data_01_mir/recover-20220825/UBNA_002/20220823_033000.WAV,Telephone Field,recover-20220825,002,1795
294.6005,294.6086,27187,37659,Eptesicus serotinus,0.007,0.021,-1,Echolocation,/mnt/ubna_data_01_mir/recover-20220825/UBNA_002/20220823_033000.WAV,Telephone Field,recover-20220825,002,1795
294.6155,294.625,28046,37527,Eptesicus serotinus,0.012,0.028,-1,Echolocation,/mnt/ubna_data_01_mir/recover-20220825/UBNA_002/20220823_033000.WAV,Telephone Field,recover-20220825,002,1795
294.6575,294.6662,22890,30395,Plecotus austriacus,0.01,0.024,-1,Echolocation,/mnt/ubna_data_01_mir/recover-20220825/UBNA_002/20220823_033000.WAV,Telephone Field,recover-20220825,002,1795
294.6665,294.6755,51250,56281,Pipistrellus pipistrellus,0.019,0.028,-1,Echolocation,/mnt/ubna_data_01_mir/recover-20220825/UBNA_002/20220823_033000.WAV,Telephone Field,recover-20220825,002,1795
294.6885,294.7314,68437,82954,Rhinolophus ferrumequinum,0.031,0.031,-1,Echolocation,/mnt/ubna_data_01_mir/recover-20220825/UBNA_002/20220823_033000.WAV,Telephone Field,recover-20220825,002,1795
294.7285,294.7719,68437,83218,Rhinolophus ferrumequinum,0.03,0.03,-1,Echolocation,/mnt/ubna_data_01_mir/recover-20220825/UBNA_002/20220823_033000.WAV,Telephone Field,recover-20220825,002,1795
294.7715,294.811,68437,82113,Rhinolophus ferrumequinum,0.021,0.021,-1,Echolocation,/mnt/ubna_data_01_mir/recover-20220825/UBNA_002/20220823_033000.WAV,Telephone Field,recover-20220825,002,1795
294.7795,294.8157,68437,82015,Rhinolophus ferrumequinum,0.021,0.021,-1,Echolocation,/mnt/ubna_data_01_mir/recover-20220825/UBNA_002/20220823_033000.WAV,Telephone Field,recover-20220825,002,1795
294.8125,294.8505,68437,81848,Rhinolophus ferrumequinum,0.022,0.022,-1,Echolocation,/mnt/ubna_data_01_mir/recover-20220825/UBNA_002/20220823_033000.WAV,Telephone Field,recover-20220825,002,1795
294.8265,294.834,27187,38649,Eptesicus serotinus,0.009,0.023,-1,Echolocation,/mnt/ubna_data_01_mir/recover-20220825/UBNA_002/20220823_033000.WAV,Telephone Field,recover-20220825,002,1795
294.8775,294.9159,68437,81856,Rhinolophus ferrumequinum,0.024,0.024,-1,Echolocation,/mnt/ubna_data_01_mir/recover-20220825/UBNA_002/20220823_033000.WAV,Telephone Field,recover-20220825,002,1795
294.8845,294.9233,68437,82279,Rhinolophus ferrumequinum,0.025,0.025,-1,Echolocation,/mnt/ubna_data_01_mir/recover-20220825/UBNA_002/20220823_033000.WAV,Telephone Field,recover-20220825,002,1795
294.9235,294.9594,68437,81021,Rhinolophus ferrumequinum,0.023,0.023,-1,Echolocation,/mnt/ubna_data_01_mir/recover-20220825/UBNA_002/20220823_033000.WAV,Telephone Field,recover-20220825,002,1795
294.9395,294.9469,27187,38904,Eptesicus serotinus,0.007,0.021,-1,Echolocation,/mnt/ubna_data_01_mir/recover-20220825/UBNA_002/20220823_033000.WAV,Telephone Field,recover-20220825,002,1795
294.9585,294.9951,68437,82047,Rhinolophus ferrumequinum,0.021,0.021,-1,Echolocation,/mnt/ubna_data_01_mir/recover-20220825/UBNA_002/20220823_033000.WAV,Telephone Field,recover-20220825,002,1795
294.9735,295.0129,68437,82208,Rhinolophus ferrumequinum,0.021,0.021,-1,Echolocation,/mnt/ubna_data_01_mir/recover-20220825/UBNA_002/20220823_033000.WAV,Telephone Field,recover-20220825,002,1795
295.0125,295.0232,22890,28234,Nyctalus leisleri,0.01,0.023,-1,Echolocation,/mnt/ubna_data_01_mir/recover-20220825/UBNA_002/20220823_033000.WAV,Telephone Field,recover-20220825,002,1795
295.0135,295.0503,68437,81949,Rhinolophus ferrumequinum,0.022,0.022,-1,Echolocation,/mnt/ubna_data_01_mir/recover-20220825/UBNA_002/20220823_033000.WAV,Telephone Field,recover-20220825,002,1795
295.0475,295.0542,27187,37571,Eptesicus serotinus,0.007,0.024,-1,Echolocation,/mnt/ubna_data_01_mir/recover-20220825/UBNA_002/20220823_033000.WAV,Telephone Field,recover-20220825,002,1795
295.08050000000003,295.1191,68437,81791,Rhinolophus ferrumequinum,0.024,0.024,-1,Echolocation,/mnt/ubna_data_01_mir/recover-20220825/UBNA_002/20220823_033000.WAV,Telephone Field,recover-20220825,002,1795
295.10450000000003,295.1412,68437,82477,Rhinolophus ferrumequinum,0.022,0.022,-1,Echolocation,/mnt/ubna_data_01_mir/recover-20220825/UBNA_002/20220823_033000.WAV,Telephone Field,recover-20220825,002,1795
295.1165,295.1238,28046,39127,Eptesicus serotinus,0.006,0.021,-1,Echolocation,/mnt/ubna_data_01_mir/recover-20220825/UBNA_002/20220823_033000.WAV,Telephone Field,recover-20220825,002,1795
295.1325,295.14300000000003,40937,44706,Pipistrellus nathusii,0.012,0.024,-1,Echolocation,/mnt/ubna_data_01_mir/recover-20220825/UBNA_002/20220823_033000.WAV,Telephone Field,recover-20220825,002,1795
295.1445,295.1549,28046,35866,Eptesicus serotinus,0.009,0.021,-1,Echolocation,/mnt/ubna_data_01_mir/recover-20220825/UBNA_002/20220823_033000.WAV,Telephone Field,recover-20220825,002,1795
295.14549999999997,295.1868,68437,82511,Rhinolophus ferrumequinum,0.022,0.022,-1,Echolocation,/mnt/ubna_data_01_mir/recover-20220825/UBNA_002/20220823_033000.WAV,Telephone Field,recover-20220825,002,1795
295.1595,295.1683,25468,34391,Eptesicus serotinus,0.009,0.027,-1,Echolocation,/mnt/ubna_data_01_mir/recover-20220825/UBNA_002/20220823_033000.WAV,Telephone Field,recover-20220825,002,1795
295.2355,295.2712,68437,81817,Rhinolophus ferrumequinum,0.022,0.022,-1,Echolocation,/mnt/ubna_data_01_mir/recover-20220825/UBNA_002/20220823_033000.WAV,Telephone Field,recover-20220825,002,1795
295.2385,295.2457,27187,38882,Eptesicus serotinus,0.007,0.021,-1,Echolocation,/mnt/ubna_data_01_mir/recover-20220825/UBNA_002/20220823_033000.WAV,Telephone Field,recover-20220825,002,1795
295.2595,295.2996,68437,82532,Rhinolophus ferrumequinum,0.029,0.029,-1,Echolocation,/mnt/ubna_data_01_mir/recover-20220825/UBNA_002/20220823_033000.WAV,Telephone Field,recover-20220825,002,1795
295.2745,295.3158,68437,82906,Rhinolophus ferrumequinum,0.024,0.024,-1,Echolocation,/mnt/ubna_data_01_mir/recover-20220825/UBNA_002/20220823_033000.WAV,Telephone Field,recover-20220825,002,1795
295.2875,295.3267,68437,82044,Rhinolophus ferrumequinum,0.021,0.021,-1,Echolocation,/mnt/ubna_data_01_mir/recover-20220825/UBNA_002/20220823_033000.WAV,Telephone Field,recover-20220825,002,1795
295.3325,295.3709,68437,82084,Rhinolophus ferrumequinum,0.023,0.023,-1,Echolocation,/mnt/ubna_data_01_mir/recover-20220825/UBNA_002/20220823_033000.WAV,Telephone Field,recover-20220825,002,1795
295.3475,295.3652,14296,18691,Nyctalus noctula,0.016,0.024,-1,Echolocation,/mnt/ubna_data_01_mir/recover-20220825/UBNA_002/20220823_033000.WAV,Telephone Field,recover-20220825,002,1795
295.3835,295.4264,68437,82882,Rhinolophus ferrumequinum,0.037,0.037,-1,Echolocation,/mnt/ubna_data_01_mir/recover-20220825/UBNA_002/20220823_033000.WAV,Telephone Field,recover-20220825,002,1795
295.3865,295.3977,23750,28863,Nyctalus leisleri,0.015,0.031,-1,Echolocation,/mnt/ubna_data_01_mir/recover-20220825/UBNA_002/20220823_033000.WAV,Telephone Field,recover-20220825,002,1795
295.3875,295.3961,41796,51469,Pipistrellus nathusii,0.006,0.021,-1,Echolocation,/mnt/ubna_data_01_mir/recover-20220825/UBNA_002/20220823_033000.WAV,Telephone Field,recover-20220825,002,1795
295.3995,295.4206,18593,21522,Nyctalus noctula,0.023,0.04,-1,Echolocation,/mnt/ubna_data_01_mir/recover-20220825/UBNA_002/20220823_033000.WAV,Telephone Field,recover-20220825,002,1795
295.4055,295.4457,68437,83001,Rhinolophus ferrumequinum,0.021,0.021,-1,Echolocation,/mnt/ubna_data_01_mir/recover-20220825/UBNA_002/20220823_033000.WAV,Telephone Field,recover-20220825,002,1795
295.4225,295.4293,31484,48031,Myotis daubentonii,0.01,0.023,-1,Echolocation,/mnt/ubna_data_01_mir/recover-20220825/UBNA_002/20220823_033000.WAV,Telephone Field,recover-20220825,002,1795
295.4245,295.4321,27187,39723,Eptesicus serotinus,0.007,0.023,-1,Echolocation,/mnt/ubna_data_01_mir/recover-20220825/UBNA_002/20220823_033000.WAV,Telephone Field,recover-20220825,002,1795
295.4305,295.4716,68437,82317,Rhinolophus ferrumequinum,0.023,0.023,-1,Echolocation,/mnt/ubna_data_01_mir/recover-20220825/UBNA_002/20220823_033000.WAV,Telephone Field,recover-20220825,002,1795
295.4315,295.4407,22890,29275,Plecotus austriacus,0.008,0.022,-1,Echolocation,/mnt/ubna_data_01_mir/recover-20220825/UBNA_002/20220823_033000.WAV,Telephone Field,recover-20220825,002,1795
295.4385,295.4758,68437,81876,Rhinolophus ferrumequinum,0.021,0.021,-1,Echolocation,/mnt/ubna_data_01_mir/recover-20220825/UBNA_002/20220823_033000.WAV,Telephone Field,recover-20220825,002,1795
295.4535,295.4616,24609,33919,Plecotus austriacus,0.007,0.026,-1,Echolocation,/mnt/ubna_data_01_mir/recover-20220825/UBNA_002/20220823_033000.WAV,Telephone Field,recover-20220825,002,1795
295.4585,295.4957,68437,82167,Rhinolophus ferrumequinum,0.021,0.021,-1,Echolocation,/mnt/ubna_data_01_mir/recover-20220825/UBNA_002/20220823_033000.WAV,Telephone Field,recover-20220825,002,1795
295.5135,295.5545,68437,82470,Rhinolophus ferrumequinum,0.034,0.034,-1,Echolocation,/mnt/ubna_data_01_mir/recover-20220825/UBNA_002/20220823_033000.WAV,Telephone Field,recover-20220825,002,1795
295.5315,295.5421,22890,28908,Nyctalus leisleri,0.009,0.023,-1,Echolocation,/mnt/ubna_data_01_mir/recover-20220825/UBNA_002/20220823_033000.WAV,Telephone Field,recover-20220825,002,1795
295.5385,295.5825,68437,83776,Rhinolophus ferrumequinum,0.033,0.033,-1,Echolocation,/mnt/ubna_data_01_mir/recover-20220825/UBNA_002/20220823_033000.WAV,Telephone Field,recover-20220825,002,1795
295.5685,295.5785,28906,37824,Eptesicus serotinus,0.01,0.023,-1,Echolocation,/mnt/ubna_data_01_mir/recover-20220825/UBNA_002/20220823_033000.WAV,Telephone Field,recover-20220825,002,1795
295.5705,295.6093,68437,82343,Rhinolophus ferrumequinum,0.021,0.021,-1,Echolocation,/mnt/ubna_data_01_mir/recover-20220825/UBNA_002/20220823_033000.WAV,Telephone Field,recover-20220825,002,1795
295.5915,295.6003,25468,34436,Eptesicus serotinus,0.01,0.024,-1,Echolocation,/mnt/ubna_data_01_mir/recover-20220825/UBNA_002/20220823_033000.WAV,Telephone Field,recover-20220825,002,1795
295.6775,295.7175,68437,82935,Rhinolophus ferrumequinum,0.024,0.024,-1,Echolocation,/mnt/ubna_data_01_mir/recover-20220825/UBNA_002/20220823_033000.WAV,Telephone Field,recover-20220825,002,1795
295.7145,295.7217,28046,38046,Eptesicus serotinus,0.009,0.029,-1,Echolocation,/mnt/ubna_data_01_mir/recover-20220825/UBNA_002/20220823_033000.WAV,Telephone Field,recover-20220825,002,1795
295.7585,295.7996,68437,82600,Rhinolophus ferrumequinum,0.032,0.032,-1,Echolocation,/mnt/ubna_data_01_mir/recover-20220825/UBNA_002/20220823_033000.WAV,Telephone Field,recover-20220825,002,1795
295.7785,295.7876,28046,37322,Eptesicus serotinus,0.011,0.027,-1,Echolocation,/mnt/ubna_data_01_mir/recover-20220825/UBNA_002/20220823_033000.WAV,Telephone Field,recover-20220825,002,1795
295.8065,295.8437,68437,81933,Rhinolophus ferrumequinum,0.024,0.024,-1,Echolocation,/mnt/ubna_data_01_mir/recover-20220825/UBNA_002/20220823_033000.WAV,Telephone Field,recover-20220825,002,1795
295.8085,295.8183,22890,29628,Nyctalus leisleri,0.009,0.031,-1,Echolocation,/mnt/ubna_data_01_mir/recover-20220825/UBNA_002/20220823_033000.WAV,Telephone Field,recover-20220825,002,1795
295.8295,295.8394,26328,33545,Eptesicus serotinus,0.016,0.037,-1,Echolocation,/mnt/ubna_data_01_mir/recover-20220825/UBNA_002/20220823_033000.WAV,Telephone Field,recover-20220825,002,1795
295.8995,295.9389,68437,82696,Rhinolophus ferrumequinum,0.023,0.023,-1,Echolocation,/mnt/ubna_data_01_mir/recover-20220825/UBNA_002/20220823_033000.WAV,Telephone Field,recover-20220825,002,1795
295.9295,295.9653,68437,81527,Rhinolophus ferrumequinum,0.022,0.022,-1,Echolocation,/mnt/ubna_data_01_mir/recover-20220825/UBNA_002/20220823_033000.WAV,Telephone Field,recover-20220825,002,1795
295.9455,295.9859,68437,82878,Rhinolophus ferrumequinum,0.023,0.023,-1,Echolocation,/mnt/ubna_data_01_mir/recover-20220825/UBNA_002/20220823_033000.WAV,Telephone Field,recover-20220825,002,1795
295.9775,295.9881,25468,32001,Nyctalus leisleri,0.012,0.032,-1,Echolocation,/mnt/ubna_data_01_mir/recover-20220825/UBNA_002/20220823_033000.WAV,Telephone Field,recover-20220825,002,1795
296.0015,296.0332,69296,81165,Rhinolophus ferrumequinum,0.026,0.026,-1,Echolocation,/mnt/ubna_data_01_mir/recover-20220825/UBNA_002/20220823_033000.WAV,Telephone Field,recover-20220825,002,1795
296.0015,296.0112,23750,29953,Nyctalus leisleri,0.013,0.031,-1,Echolocation,/mnt/ubna_data_01_mir/recover-20220825/UBNA_002/20220823_033000.WAV,Telephone Field,recover-20220825,002,1795
296.0015,296.0089,48671,54917,Pipistrellus pipistrellus,0.017,0.022,-1,Echolocation,/mnt/ubna_data_01_mir/recover-20220825/UBNA_002/20220823_033000.WAV,Telephone Field,recover-20220825,002,1795
296.0095,296.0518,68437,81681,Rhinolophus ferrumequinum,0.026,0.026,-1,Echolocation,/mnt/ubna_data_01_mir/recover-20220825/UBNA_002/20220823_033000.WAV,Telephone Field,recover-20220825,002,1795
296.0115,296.021,41796,50151,Pipistrellus nathusii,0.011,0.031,-1,Echolocation,/mnt/ubna_data_01_mir/recover-20220825/UBNA_002/20220823_033000.WAV,Telephone Field,recover-20220825,002,1795
296.0115,296.0192,28046,39851,Eptesicus serotinus,0.007,0.022,-1,Echolocation,/mnt/ubna_data_01_mir/recover-20220825/UBNA_002/20220823_033000.WAV,Telephone Field,recover-20220825,002,1795
296.0415,296.0797,68437,81385,Rhinolophus ferrumequinum,0.023,0.023,-1,Echolocation,/mnt/ubna_data_01_mir/recover-20220825/UBNA_002/20220823_033000.WAV,Telephone Field,recover-20220825,002,1795
296.0595,296.0682,27187,38258,Eptesicus serotinus,0.008,0.022,-1,Echolocation,/mnt/ubna_data_01_mir/recover-20220825/UBNA_002/20220823_033000.WAV,Telephone Field,recover-20220825,002,1795
296.0615,296.1005,68437,82385,Rhinolophus ferrumequinum,0.026,0.026,-1,Echolocation,/mnt/ubna_data_01_mir/recover-20220825/UBNA_002/20220823_033000.WAV,Telephone Field,recover-20220825,002,1795
296.0725,296.1127,68437,82230,Rhinolophus ferrumequinum,0.024,0.024,-1,Echolocation,/mnt/ubna_data_01_mir/recover-20220825/UBNA_002/20220823_033000.WAV,Telephone Field,recover-20220825,002,1795
296.0845,296.0914,51250,58327,Pipistrellus pipistrellus,0.02,0.024,-1,Echolocation,/mnt/ubna_data_01_mir/recover-20220825/UBNA_002/20220823_033000.WAV,Telephone Field,recover-20220825,002,1795
296.0855,296.0922,24609,34104,Plecotus austriacus,0.011,0.027,-1,Echolocation,/mnt/ubna_data_01_mir/recover-20220825/UBNA_002/20220823_033000.WAV,Telephone Field,recover-20220825,002,1795
296.0975,296.1062,25468,32856,Eptesicus serotinus,0.007,0.022,-1,Echolocation,/mnt/ubna_data_01_mir/recover-20220825/UBNA_002/20220823_033000.WAV,Telephone Field,recover-20220825,002,1795
296.0995,296.1374,68437,82286,Rhinolophus ferrumequinum,0.022,0.022,-1,Echolocation,/mnt/ubna_data_01_mir/recover-20220825/UBNA_002/20220823_033000.WAV,Telephone Field,recover-20220825,002,1795
296.1245,296.1324,28046,38474,Eptesicus serotinus,0.007,0.023,-1,Echolocation,/mnt/ubna_data_01_mir/recover-20220825/UBNA_002/20220823_033000.WAV,Telephone Field,recover-20220825,002,1795
296.1245,296.1318,22890,31216,Plecotus austriacus,0.011,0.023,-1,Echolocation,/mnt/ubna_data_01_mir/recover-20220825/UBNA_002/20220823_033000.WAV,Telephone Field,recover-20220825,002,1795
296.1305,296.1704,68437,82271,Rhinolophus ferrumequinum,0.023,0.023,-1,Echolocation,/mnt/ubna_data_01_mir/recover-20220825/UBNA_002/20220823_033000.WAV,Telephone Field,recover-20220825,002,1795
296.1465,296.1651,19453,23108,Nyctalus noctula,0.013,0.026,-1,Echolocation,/mnt/ubna_data_01_mir/recover-20220825/UBNA_002/20220823_033000.WAV,Telephone Field,recover-20220825,002,1795
296.1665,296.2045,68437,81968,Rhinolophus ferrumequinum,0.022,0.022,-1,Echolocation,/mnt/ubna_data_01_mir/recover-20220825/UBNA_002/20220823_033000.WAV,Telephone Field,recover-20220825,002,1795
296.1785,296.215,68437,82066,Rhinolophus ferrumequinum,0.022,0.022,-1,Echolocation,/mnt/ubna_data_01_mir/recover-20220825/UBNA_002/20220823_033000.WAV,Telephone Field,recover-20220825,002,1795
296.1795,296.1875,23750,32444,Plecotus austriacus,0.01,0.024,-1,Echolocation,/mnt/ubna_data_01_mir/recover-20220825/UBNA_002/20220823_033000.WAV,Telephone Field,recover-20220825,002,1795
296.1925,296.22860000000003,68437,81120,Rhinolophus ferrumequinum,0.022,0.022,-1,Echolocation,/mnt/ubna_data_01_mir/recover-20220825/UBNA_002/20220823_033000.WAV,Telephone Field,recover-20220825,002,1795
296.2145,296.2515,68437,81934,Rhinolophus ferrumequinum,0.027,0.027,-1,Echolocation,/mnt/ubna_data_01_mir/recover-20220825/UBNA_002/20220823_033000.WAV,Telephone Field,recover-20220825,002,1795
296.2305,296.2661,68437,81436,Rhinolophus ferrumequinum,0.023,0.023,-1,Echolocation,/mnt/ubna_data_01_mir/recover-20220825/UBNA_002/20220823_033000.WAV,Telephone Field,recover-20220825,002,1795
296.2515,296.258,28906,38599,Eptesicus serotinus,0.007,0.028,-1,Echolocation,/mnt/ubna_data_01_mir/recover-20220825/UBNA_002/20220823_033000.WAV,Telephone Field,recover-20220825,002,1795
296.2515,296.2851,68437,81262,Rhinolophus ferrumequinum,0.026,0.026,-1,Echolocation,/mnt/ubna_data_01_mir/recover-20220825/UBNA_002/20220823_033000.WAV,Telephone Field,recover-20220825,002,1795
296.2905,296.3316,68437,82949,Rhinolophus ferrumequinum,0.027,0.027,-1,Echolocation,/mnt/ubna_data_01_mir/recover-20220825/UBNA_002/20220823_033000.WAV,Telephone Field,recover-20220825,002,1795
296.3205,296.362,68437,82990,Rhinolophus ferrumequinum,0.023,0.023,-1,Echolocation,/mnt/ubna_data_01_mir/recover-20220825/UBNA_002/20220823_033000.WAV,Telephone Field,recover-20220825,002,1795
296.3345,296.3722,68437,81974,Rhinolophus ferrumequinum,0.022,0.022,-1,Echolocation,/mnt/ubna_data_01_mir/recover-20220825/UBNA_002/20220823_033000.WAV,Telephone Field,recover-20220825,002,1795
296.3915,296.4015,28046,36035,Eptesicus serotinus,0.01,0.025,-1,Echolocation,/mnt/ubna_data_01_mir/recover-20220825/UBNA_002/20220823_033000.WAV,Telephone Field,recover-20220825,002,1795
296.3975,296.4091,25468,31341,Eptesicus serotinus,0.01,0.026,-1,Echolocation,/mnt/ubna_data_01_mir/recover-20220825/UBNA_002/20220823_033000.WAV,Telephone Field,recover-20220825,002,1795
296.4115,296.4206,28046,37333,Eptesicus serotinus,0.009,0.022,-1,Echolocation,/mnt/ubna_data_01_mir/recover-20220825/UBNA_002/20220823_033000.WAV,Telephone Field,recover-20220825,002,1795
296.4145,296.4536,68437,82410,Rhinolophus ferrumequinum,0.021,0.021,-1,Echolocation,/mnt/ubna_data_01_mir/recover-20220825/UBNA_002/20220823_033000.WAV,Telephone Field,recover-20220825,002,1795
296.4275,296.46659999999997,68437,82283,Rhinolophus ferrumequinum,0.023,0.023,-1,Echolocation,/mnt/ubna_data_01_mir/recover-20220825/UBNA_002/20220823_033000.WAV,Telephone Field,recover-20220825,002,1795
296.4345,296.4745,68437,82332,Rhinolophus ferrumequinum,0.022,0.022,-1,Echolocation,/mnt/ubna_data_01_mir/recover-20220825/UBNA_002/20220823_033000.WAV,Telephone Field,recover-20220825,002,1795
296.45550000000003,296.4935,68437,81991,Rhinolophus ferrumequinum,0.023,0.023,-1,Echolocation,/mnt/ubna_data_01_mir/recover-20220825/UBNA_002/20220823_033000.WAV,Telephone Field,recover-20220825,002,1795
296.4685,296.5082,68437,82622,Rhinolophus ferrumequinum,0.024,0.024,-1,Echolocation,/mnt/ubna_data_01_mir/recover-20220825/UBNA_002/20220823_033000.WAV,Telephone Field,recover-20220825,002,1795
296.4865,296.4947,46953,51300,Pipistrellus pipistrellus,0.023,0.025,-1,Echolocation,/mnt/ubna_data_01_mir/recover-20220825/UBNA_002/20220823_033000.WAV,Telephone Field,recover-20220825,002,1795
296.5055,296.5187,22890,28012,Nyctalus leisleri,0.02,0.04,-1,Echolocation,/mnt/ubna_data_01_mir/recover-20220825/UBNA_002/20220823_033000.WAV,Telephone Field,recover-20220825,002,1795
296.5065,296.5498,68437,83118,Rhinolophus ferrumequinum,0.044,0.044,-1,Echolocation,/mnt/ubna_data_01_mir/recover-20220825/UBNA_002/20220823_033000.WAV,Telephone Field,recover-20220825,002,1795
296.5485,296.5879,68437,82521,Rhinolophus ferrumequinum,0.032,0.032,-1,Echolocation,/mnt/ubna_data_01_mir/recover-20220825/UBNA_002/20220823_033000.WAV,Telephone Field,recover-20220825,002,1795
296.5545,296.5653,28046,34849,Eptesicus serotinus,0.023,0.044,-1,Echolocation,/mnt/ubna_data_01_mir/recover-20220825/UBNA_002/20220823_033000.WAV,Telephone Field,recover-20220825,002,1795
296.5795,296.6173,68437,81864,Rhinolophus ferrumequinum,0.024,0.024,-1,Echolocation,/mnt/ubna_data_01_mir/recover-20220825/UBNA_002/20220823_033000.WAV,Telephone Field,recover-20220825,002,1795
296.5875,296.6275,68437,82623,Rhinolophus ferrumequinum,0.027,0.027,-1,Echolocation,/mnt/ubna_data_01_mir/recover-20220825/UBNA_002/20220823_033000.WAV,Telephone Field,recover-20220825,002,1795
296.6355,296.6756,68437,82576,Rhinolophus ferrumequinum,0.025,0.025,-1,Echolocation,/mnt/ubna_data_01_mir/recover-20220825/UBNA_002/20220823_033000.WAV,Telephone Field,recover-20220825,002,1795
296.6665,296.6721,51250,58828,Pipistrellus pipistrellus,0.04,0.044,-1,Echolocation,/mnt/ubna_data_01_mir/recover-20220825/UBNA_002/20220823_033000.WAV,Telephone Field,recover-20220825,002,1795
296.6995,296.7385,68437,82216,Rhinolophus ferrumequinum,0.022,0.022,-1,Echolocation,/mnt/ubna_data_01_mir/recover-20220825/UBNA_002/20220823_033000.WAV,Telephone Field,recover-20220825,002,1795
296.70550000000003,296.7457,68437,82793,Rhinolophus ferrumequinum,0.022,0.022,-1,Echolocation,/mnt/ubna_data_01_mir/recover-20220825/UBNA_002/20220823_033000.WAV,Telephone Field,recover-20220825,002,1795
296.8005,296.8408,68437,82967,Rhinolophus ferrumequinum,0.035,0.035,-1,Echolocation,/mnt/ubna_data_01_mir/recover-20220825/UBNA_002/20220823_033000.WAV,Telephone Field,recover-20220825,002,1795
296.8105,296.8179,28046,39838,Eptesicus serotinus,0.008,0.024,-1,Echolocation,/mnt/ubna_data_01_mir/recover-20220825/UBNA_002/20220823_033000.WAV,Telephone Field,recover-20220825,002,1795
296.8225,296.8633,68437,82774,Rhinolophus ferrumequinum,0.022,0.022,-1,Echolocation,/mnt/ubna_data_01_mir/recover-20220825/UBNA_002/20220823_033000.WAV,Telephone Field,recover-20220825,002,1795
296.8255,296.8347,28046,38563,Eptesicus serotinus,0.011,0.026,-1,Echolocation,/mnt/ubna_data_01_mir/recover-20220825/UBNA_002/20220823_033000.WAV,Telephone Field,recover-20220825,002,1795
296.8565,296.896,68437,82211,Rhinolophus ferrumequinum,0.023,0.023,-1,Echolocation,/mnt/ubna_data_01_mir/recover-20220825/UBNA_002/20220823_033000.WAV,Telephone Field,recover-20220825,002,1795
296.8635,296.9037,68437,82260,Rhinolophus ferrumequinum,0.022,0.022,-1,Echolocation,/mnt/ubna_data_01_mir/recover-20220825/UBNA_002/20220823_033000.WAV,Telephone Field,recover-20220825,002,1795
296.8635,296.872,28046,37186,Eptesicus serotinus,0.007,0.022,-1,Echolocation,/mnt/ubna_data_01_mir/recover-20220825/UBNA_002/20220823_033000.WAV,Telephone Field,recover-20220825,002,1795
296.8935,296.9353,68437,82453,Rhinolophus ferrumequinum,0.022,0.022,-1,Echolocation,/mnt/ubna_data_01_mir/recover-20220825/UBNA_002/20220823_033000.WAV,Telephone Field,recover-20220825,002,1795
296.9045,296.9111,24609,38095,Plecotus austriacus,0.008,0.025,-1,Echolocation,/mnt/ubna_data_01_mir/recover-20220825/UBNA_002/20220823_033000.WAV,Telephone Field,recover-20220825,002,1795
296.9165,296.9561,68437,82547,Rhinolophus ferrumequinum,0.023,0.023,-1,Echolocation,/mnt/ubna_data_01_mir/recover-20220825/UBNA_002/20220823_033000.WAV,Telephone Field,recover-20220825,002,1795
296.9595,297.0005,68437,82773,Rhinolophus ferrumequinum,0.039,0.039,-1,Echolocation,/mnt/ubna_data_01_mir/recover-20220825/UBNA_002/20220823_033000.WAV,Telephone Field,recover-20220825,002,1795
296.9985,297.0054,28046,37850,Eptesicus serotinus,0.007,0.027,-1,Echolocation,/mnt/ubna_data_01_mir/recover-20220825/UBNA_002/20220823_033000.WAV,Telephone Field,recover-20220825,002,1795
297.0105,297.0482,68437,81414,Rhinolophus ferrumequinum,0.025,0.025,-1,Echolocation,/mnt/ubna_data_01_mir/recover-20220825/UBNA_002/20220823_033000.WAV,Telephone Field,recover-20220825,002,1795
297.0345,297.0754,68437,82344,Rhinolophus ferrumequinum,0.035,0.035,-1,Echolocation,/mnt/ubna_data_01_mir/recover-20220825/UBNA_002/20220823_033000.WAV,Telephone Field,recover-20220825,002,1795
297.0365,297.0467,26328,33291,Eptesicus serotinus,0.013,0.027,-1,Echolocation,/mnt/ubna_data_01_mir/recover-20220825/UBNA_002/20220823_033000.WAV,Telephone Field,recover-20220825,002,1795
297.1005,297.1384,68437,81696,Rhinolophus ferrumequinum,0.026,0.026,-1,Echolocation,/mnt/ubna_data_01_mir/recover-20220825/UBNA_002/20220823_033000.WAV,Telephone Field,recover-20220825,002,1795
297.1115,297.1491,68437,81886,Rhinolophus ferrumequinum,0.023,0.023,-1,Echolocation,/mnt/ubna_data_01_mir/recover-20220825/UBNA_002/20220823_033000.WAV,Telephone Field,recover-20220825,002,1795
297.1195,297.1303,23750,28728,Nyctalus leisleri,0.013,0.027,-1,Echolocation,/mnt/ubna_data_01_mir/recover-20220825/UBNA_002/20220823_033000.WAV,Telephone Field,recover-20220825,002,1795
297.1275,297.1655,68437,81967,Rhinolophus ferrumequinum,0.024,0.024,-1,Echolocation,/mnt/ubna_data_01_mir/recover-20220825/UBNA_002/20220823_033000.WAV,Telephone Field,recover-20220825,002,1795
297.1615,297.2017,68437,82761,Rhinolophus ferrumequinum,0.037,0.037,-1,Echolocation,/mnt/ubna_data_01_mir/recover-20220825/UBNA_002/20220823_033000.WAV,Telephone Field,recover-20220825,002,1795
297.2105,297.2173,47812,52934,Pipistrellus pipistrellus,0.039,0.04,-1,Echolocation,/mnt/ubna_data_01_mir/recover-20220825/UBNA_002/20220823_033000.WAV,Telephone Field,recover-20220825,002,1795
297.2355,297.2418,27187,40981,Eptesicus serotinus,0.005,0.023,-1,Echolocation,/mnt/ubna_data_01_mir/recover-20220825/UBNA_002/20220823_033000.WAV,Telephone Field,recover-20220825,002,1795
297.2455,297.2835,68437,81862,Rhinolophus ferrumequinum,0.025,0.025,-1,Echolocation,/mnt/ubna_data_01_mir/recover-20220825/UBNA_002/20220823_033000.WAV,Telephone Field,recover-20220825,002,1795
297.2555,297.2619,28046,40141,Eptesicus serotinus,0.005,0.022,-1,Echolocation,/mnt/ubna_data_01_mir/recover-20220825/UBNA_002/20220823_033000.WAV,Telephone Field,recover-20220825,002,1795
297.2665,297.3114,68437,84147,Rhinolophus ferrumequinum,0.077,0.077,-1,Echolocation,/mnt/ubna_data_01_mir/recover-20220825/UBNA_002/20220823_033000.WAV,Telephone Field,recover-20220825,002,1795
297.3175,297.3574,68437,82346,Rhinolophus ferrumequinum,0.023,0.023,-1,Echolocation,/mnt/ubna_data_01_mir/recover-20220825/UBNA_002/20220823_033000.WAV,Telephone Field,recover-20220825,002,1795
297.3395,297.3455,27187,42353,Eptesicus serotinus,0.006,0.027,-1,Echolocation,/mnt/ubna_data_01_mir/recover-20220825/UBNA_002/20220823_033000.WAV,Telephone Field,recover-20220825,002,1795
297.3635,297.4033,68437,82538,Rhinolophus ferrumequinum,0.022,0.022,-1,Echolocation,/mnt/ubna_data_01_mir/recover-20220825/UBNA_002/20220823_033000.WAV,Telephone Field,recover-20220825,002,1795
297.3705,297.3843,50390,56779,Pipistrellus pipistrellus,0.037,0.044,-1,Echolocation,/mnt/ubna_data_01_mir/recover-20220825/UBNA_002/20220823_033000.WAV,Telephone Field,recover-20220825,002,1795
297.3915,297.4012,24609,33027,Eptesicus serotinus,0.013,0.034,-1,Echolocation,/mnt/ubna_data_01_mir/recover-20220825/UBNA_002/20220823_033000.WAV,Telephone Field,recover-20220825,002,1795
297.4265,297.4652,68437,81802,Rhinolophus ferrumequinum,0.025,0.025,-1,Echolocation,/mnt/ubna_data_01_mir/recover-20220825/UBNA_002/20220823_033000.WAV,Telephone Field,recover-20220825,002,1795
297.4905,297.5317,68437,82816,Rhinolophus ferrumequinum,0.03,0.03,-1,Echolocation,/mnt/ubna_data_01_mir/recover-20220825/UBNA_002/20220823_033000.WAV,Telephone Field,recover-20220825,002,1795
297.5005,297.5076,24609,33020,Plecotus austriacus,0.009,0.024,-1,Echolocation,/mnt/ubna_data_01_mir/recover-20220825/UBNA_002/20220823_033000.WAV,Telephone Field,recover-20220825,002,1795
297.5365,297.579,68437,83002,Rhinolophus ferrumequinum,0.051,0.051,-1,Echolocation,/mnt/ubna_data_01_mir/recover-20220825/UBNA_002/20220823_033000.WAV,Telephone Field,recover-20220825,002,1795
297.5695,297.5771,28046,41693,Eptesicus serotinus,0.007,0.022,-1,Echolocation,/mnt/ubna_data_01_mir/recover-20220825/UBNA_002/20220823_033000.WAV,Telephone Field,recover-20220825,002,1795
297.5735,297.5802,46953,50944,Pipistrellus pipistrellus,0.036,0.037,-1,Echolocation,/mnt/ubna_data_01_mir/recover-20220825/UBNA_002/20220823_033000.WAV,Telephone Field,recover-20220825,002,1795
297.6015,297.61220000000003,28906,35905,Eptesicus serotinus,0.015,0.031,-1,Echolocation,/mnt/ubna_data_01_mir/recover-20220825/UBNA_002/20220823_033000.WAV,Telephone Field,recover-20220825,002,1795
297.6265,297.6686,68437,83313,Rhinolophus ferrumequinum,0.037,0.037,-1,Echolocation,/mnt/ubna_data_01_mir/recover-20220825/UBNA_002/20220823_033000.WAV,Telephone Field,recover-20220825,002,1795
297.6385,297.6778,68437,83361,Rhinolophus ferrumequinum,0.026,0.026,-1,Echolocation,/mnt/ubna_data_01_mir/recover-20220825/UBNA_002/20220823_033000.WAV,Telephone Field,recover-20220825,002,1795
297.6665,297.7073,68437,82468,Rhinolophus ferrumequinum,0.026,0.027,-1,Echolocation,/mnt/ubna_data_01_mir/recover-20220825/UBNA_002/20220823_033000.WAV,Telephone Field,recover-20220825,002,1795
297.6955,297.7342,68437,82254,Rhinolophus ferrumequinum,0.045,0.045,-1,Echolocation,/mnt/ubna_data_01_mir/recover-20220825/UBNA_002/20220823_033000.WAV,Telephone Field,recover-20220825,002,1795
297.7375,297.7806,68437,83046,Rhinolophus ferrumequinum,0.027,0.027,-1,Echolocation,/mnt/ubna_data_01_mir/recover-20220825/UBNA_002/20220823_033000.WAV,Telephone Field,recover-20220825,002,1795
297.7465,297.7564,22031,27279,Nyctalus leisleri,0.009,0.022,-1,Echolocation,/mnt/ubna_data_01_mir/recover-20220825/UBNA_002/20220823_033000.WAV,Telephone Field,recover-20220825,002,1795
297.7475,297.7554,28906,39925,Eptesicus serotinus,0.007,0.022,-1,Echolocation,/mnt/ubna_data_01_mir/recover-20220825/UBNA_002/20220823_033000.WAV,Telephone Field,recover-20220825,002,1795
297.7555,297.795,68437,82777,Rhinolophus ferrumequinum,0.023,0.023,-1,Echolocation,/mnt/ubna_data_01_mir/recover-20220825/UBNA_002/20220823_033000.WAV,Telephone Field,recover-20220825,002,1795
297.7905,297.7958,51250,60863,Pipistrellus pipistrellus,0.042,0.051,-1,Echolocation,/mnt/ubna_data_01_mir/recover-20220825/UBNA_002/20220823_033000.WAV,Telephone Field,recover-20220825,002,1795
297.8285,297.8632,68437,80776,Rhinolophus ferrumequinum,0.023,0.023,-1,Echolocation,/mnt/ubna_data_01_mir/recover-20220825/UBNA_002/20220823_033000.WAV,Telephone Field,recover-20220825,002,1795
297.8595,297.8665,27187,39062,Eptesicus serotinus,0.006,0.022,-1,Echolocation,/mnt/ubna_data_01_mir/recover-20220825/UBNA_002/20220823_033000.WAV,Telephone Field,recover-20220825,002,1795
297.8775,297.9138,68437,81580,Rhinolophus ferrumequinum,0.024,0.024,-1,Echolocation,/mnt/ubna_data_01_mir/recover-20220825/UBNA_002/20220823_033000.WAV,Telephone Field,recover-20220825,002,1795
297.8865,297.922,68437,81156,Rhinolophus ferrumequinum,0.022,0.022,-1,Echolocation,/mnt/ubna_data_01_mir/recover-20220825/UBNA_002/20220823_033000.WAV,Telephone Field,recover-20220825,002,1795
297.8965,297.90319999999997,28906,37755,Myotis daubentonii,0.005,0.022,-1,Echolocation,/mnt/ubna_data_01_mir/recover-20220825/UBNA_002/20220823_033000.WAV,Telephone Field,recover-20220825,002,1795
297.9165,297.959,68437,82821,Rhinolophus ferrumequinum,0.03,0.03,-1,Echolocation,/mnt/ubna_data_01_mir/recover-20220825/UBNA_002/20220823_033000.WAV,Telephone Field,recover-20220825,002,1795
297.9375,297.9473,23750,30204,Nyctalus leisleri,0.009,0.024,-1,Echolocation,/mnt/ubna_data_01_mir/recover-20220825/UBNA_002/20220823_033000.WAV,Telephone Field,recover-20220825,002,1795
297.9395,297.9735,68437,80534,Rhinolophus ferrumequinum,0.022,0.022,-1,Echolocation,/mnt/ubna_data_01_mir/recover-20220825/UBNA_002/20220823_033000.WAV,Telephone Field,recover-20220825,002,1795
297.9715,297.9784,24609,36948,Plecotus austriacus,0.008,0.023,-1,Echolocation,/mnt/ubna_data_01_mir/recover-20220825/UBNA_002/20220823_033000.WAV,Telephone Field,recover-20220825,002,1795
297.9825,297.9915,28046,36870,Eptesicus serotinus,0.008,0.023,-1,Echolocation,/mnt/ubna_data_01_mir/recover-20220825/UBNA_002/20220823_033000.WAV,Telephone Field,recover-20220825,002,1795
298.0015,298.0136,53828,58824,Pipistrellus pygmaeus,0.049,0.053,-1,Echolocation,/mnt/ubna_data_01_mir/recover-20220825/UBNA_002/20220823_033000.WAV,Telephone Field,recover-20220825,002,1795
298.0015,298.0349,68437,80495,Rhinolophus ferrumequinum,0.03,0.03,-1,Echolocation,/mnt/ubna_data_01_mir/recover-20220825/UBNA_002/20220823_033000.WAV,Telephone Field,recover-20220825,002,1795
298.0015,298.0125,32343,38535,Pipistrellus nathusii,0.007,0.028,-1,Echolocation,/mnt/ubna_data_01_mir/recover-20220825/UBNA_002/20220823_033000.WAV,Telephone Field,recover-20220825,002,1795
298.0015,298.0091,24609,33179,Nyctalus leisleri,0.006,0.024,-1,Echolocation,/mnt/ubna_data_01_mir/recover-20220825/UBNA_002/20220823_033000.WAV,Telephone Field,recover-20220825,002,1795
298.0085,298.0516,68437,82097,Rhinolophus ferrumequinum,0.022,0.022,-1,Echolocation,/mnt/ubna_data_01_mir/recover-20220825/UBNA_002/20220823_033000.WAV,Telephone Field,recover-20220825,002,1795
298.0265,298.066,68437,83170,Rhinolophus ferrumequinum,0.023,0.023,-1,Echolocation,/mnt/ubna_data_01_mir/recover-20220825/UBNA_002/20220823_033000.WAV,Telephone Field,recover-20220825,002,1795
298.0675,298.1073,68437,82542,Rhinolophus ferrumequinum,0.026,0.026,-1,Echolocation,/mnt/ubna_data_01_mir/recover-20220825/UBNA_002/20220823_033000.WAV,Telephone Field,recover-20220825,002,1795
298.08050000000003,298.1193,68437,82295,Rhinolophus ferrumequinum,0.023,0.023,-1,Echolocation,/mnt/ubna_data_01_mir/recover-20220825/UBNA_002/20220823_033000.WAV,Telephone Field,recover-20220825,002,1795
298.0865,298.097,14296,19055,Nyctalus noctula,0.013,0.03,-1,Echolocation,/mnt/ubna_data_01_mir/recover-20220825/UBNA_002/20220823_033000.WAV,Telephone Field,recover-20220825,002,1795
298.0995,298.1102,48671,52923,Pipistrellus pipistrellus,0.022,0.027,-1,Echolocation,/mnt/ubna_data_01_mir/recover-20220825/UBNA_002/20220823_033000.WAV,Telephone Field,recover-20220825,002,1795
298.1075,298.1255,21171,24120,Nyctalus leisleri,0.026,0.044,-1,Echolocation,/mnt/ubna_data_01_mir/recover-20220825/UBNA_002/20220823_033000.WAV,Telephone Field,recover-20220825,002,1795
298.1235,298.1609,68437,82198,Rhinolophus ferrumequinum,0.032,0.032,-1,Echolocation,/mnt/ubna_data_01_mir/recover-20220825/UBNA_002/20220823_033000.WAV,Telephone Field,recover-20220825,002,1795
298.1505,298.1906,68437,82240,Rhinolophus ferrumequinum,0.022,0.022,-1,Echolocation,/mnt/ubna_data_01_mir/recover-20220825/UBNA_002/20220823_033000.WAV,Telephone Field,recover-20220825,002,1795
298.1565,298.1634,28046,39429,Eptesicus serotinus,0.006,0.022,-1,Echolocation,/mnt/ubna_data_01_mir/recover-20220825/UBNA_002/20220823_033000.WAV,Telephone Field,recover-20220825,002,1795
298.1635,298.1745,14296,19712,Nyctalus noctula,0.013,0.029,-1,Echolocation,/mnt/ubna_data_01_mir/recover-20220825/UBNA_002/20220823_033000.WAV,Telephone Field,recover-20220825,002,1795
298.20550000000003,298.2431,68437,82747,Rhinolophus ferrumequinum,0.026,0.026,-1,Echolocation,/mnt/ubna_data_01_mir/recover-20220825/UBNA_002/20220823_033000.WAV,Telephone Field,recover-20220825,002,1795
298.2155,298.2246,28046,36788,Eptesicus serotinus,0.011,0.027,-1,Echolocation,/mnt/ubna_data_01_mir/recover-20220825/UBNA_002/20220823_033000.WAV,Telephone Field,recover-20220825,002,1795
298.2595,298.2693,36640,42235,Barbastellus barbastellus,0.011,0.029,-1,Echolocation,/mnt/ubna_data_01_mir/recover-20220825/UBNA_002/20220823_033000.WAV,Telephone Field,recover-20220825,002,1795
298.2835,298.321,68437,82383,Rhinolophus ferrumequinum,0.023,0.023,-1,Echolocation,/mnt/ubna_data_01_mir/recover-20220825/UBNA_002/20220823_033000.WAV,Telephone Field,recover-20220825,002,1795
298.3065,298.3386,68437,81168,Rhinolophus ferrumequinum,0.03,0.03,-1,Echolocation,/mnt/ubna_data_01_mir/recover-20220825/UBNA_002/20220823_033000.WAV,Telephone Field,recover-20220825,002,1795
298.3275,298.3383,23750,29303,Nyctalus leisleri,0.01,0.022,-1,Echolocation,/mnt/ubna_data_01_mir/recover-20220825/UBNA_002/20220823_033000.WAV,Telephone Field,recover-20220825,002,1795
298.3435,298.3815,68437,82234,Rhinolophus ferrumequinum,0.024,0.024,-1,Echolocation,/mnt/ubna_data_01_mir/recover-20220825/UBNA_002/20220823_033000.WAV,Telephone Field,recover-20220825,002,1795
298.3465,298.3581,24609,30957,Nyctalus leisleri,0.01,0.025,-1,Echolocation,/mnt/ubna_data_01_mir/recover-20220825/UBNA_002/20220823_033000.WAV,Telephone Field,recover-20220825,002,1795
298.3605,298.3959,68437,81355,Rhinolophus ferrumequinum,0.022,0.022,-1,Echolocation,/mnt/ubna_data_01_mir/recover-20220825/UBNA_002/20220823_033000.WAV,Telephone Field,recover-20220825,002,1795
298.3935,298.4027,26328,34960,Eptesicus serotinus,0.012,0.029,-1,Echolocation,/mnt/ubna_data_01_mir/recover-20220825/UBNA_002/20220823_033000.WAV,Telephone Field,recover-20220825,002,1795
298.4125,298.4512,68437,82457,Rhinolophus ferrumequinum,0.024,0.024,-1,Echolocation,/mnt/ubna_data_01_mir/recover-20220825/UBNA_002/20220823_033000.WAV,Telephone Field,recover-20220825,002,1795
298.4245,298.4334,39218,44908,Pipistrellus nathusii,0.006,0.024,-1,Echolocation,/mnt/ubna_data_01_mir/recover-20220825/UBNA_002/20220823_033000.WAV,Telephone Field,recover-20220825,002,1795
298.4285,298.4353,32343,43498,Myotis daubentonii,0.01,0.023,-1,Echolocation,/mnt/ubna_data_01_mir/recover-20220825/UBNA_002/20220823_033000.WAV,Telephone Field,recover-20220825,002,1795
298.5185,298.5615,68437,82794,Rhinolophus ferrumequinum,0.034,0.034,-1,Echolocation,/mnt/ubna_data_01_mir/recover-20220825/UBNA_002/20220823_033000.WAV,Telephone Field,recover-20220825,002,1795
298.5505,298.5581,28046,38019,Eptesicus serotinus,0.007,0.023,-1,Echolocation,/mnt/ubna_data_01_mir/recover-20220825/UBNA_002/20220823_033000.WAV,Telephone Field,recover-20220825,002,1795
298.5875,298.6286,68437,82655,Rhinolophus ferrumequinum,0.035,0.035,-1,Echolocation,/mnt/ubna_data_01_mir/recover-20220825/UBNA_002/20220823_033000.WAV,Telephone Field,recover-20220825,002,1795
298.6195,298.6303,27187,33437,Eptesicus serotinus,0.011,0.026,-1,Echolocation,/mnt/ubna_data_01_mir/recover-20220825/UBNA_002/20220823_033000.WAV,Telephone Field,recover-20220825,002,1795
298.6445,298.6544,28906,36731,Eptesicus serotinus,0.01,0.024,-1,Echolocation,/mnt/ubna_data_01_mir/recover-20220825/UBNA_002/20220823_033000.WAV,Telephone Field,recover-20220825,002,1795
298.7075,298.7476,68437,82594,Rhinolophus ferrumequinum,0.045,0.045,-1,Echolocation,/mnt/ubna_data_01_mir/recover-20220825/UBNA_002/20220823_033000.WAV,Telephone Field,recover-20220825,002,1795
298.7275,298.7398,32343,36565,Pipistrellus nathusii,0.01,0.036,-1,Echolocation,/mnt/ubna_data_01_mir/recover-20220825/UBNA_002/20220823_033000.WAV,Telephone Field,recover-20220825,002,1795
298.7495,298.7909,68437,82717,Rhinolophus ferrumequinum,0.029,0.029,-1,Echolocation,/mnt/ubna_data_01_mir/recover-20220825/UBNA_002/20220823_033000.WAV,Telephone Field,recover-20220825,002,1795
298.7715,298.811,68437,81992,Rhinolophus ferrumequinum,0.023,0.023,-1,Echolocation,/mnt/ubna_data_01_mir/recover-20220825/UBNA_002/20220823_033000.WAV,Telephone Field,recover-20220825,002,1795
298.8165,298.8556,68437,82575,Rhinolophus ferrumequinum,0.028,0.028,-1,Echolocation,/mnt/ubna_data_01_mir/recover-20220825/UBNA_002/20220823_033000.WAV,Telephone Field,recover-20220825,002,1795
298.8475,298.8896,68437,82940,Rhinolophus ferrumequinum,0.028,0.028,-1,Echolocation,/mnt/ubna_data_01_mir/recover-20220825/UBNA_002/20220823_033000.WAV,Telephone Field,recover-20220825,002,1795
298.8475,298.85699999999997,42656,47083,Pipistrellus pipistrellus,0.017,0.024,-1,Echolocation,/mnt/ubna_data_01_mir/recover-20220825/UBNA_002/20220823_033000.WAV,Telephone Field,recover-20220825,002,1795
298.8775,298.914,68437,81375,Rhinolophus ferrumequinum,0.022,0.022,-1,Echolocation,/mnt/ubna_data_01_mir/recover-20220825/UBNA_002/20220823_033000.WAV,Telephone Field,recover-20220825,002,1795
298.8905,298.9234,68437,80508,Rhinolophus ferrumequinum,0.024,0.025,-1,Echolocation,/mnt/ubna_data_01_mir/recover-20220825/UBNA_002/20220823_033000.WAV,Telephone Field,recover-20220825,002,1795
298.8965,298.9052,27187,37509,Eptesicus serotinus,0.008,0.022,-1,Echolocation,/mnt/ubna_data_01_mir/recover-20220825/UBNA_002/20220823_033000.WAV,Telephone Field,recover-20220825,002,1795
298.9275,298.963,68437,81481,Rhinolophus ferrumequinum,0.027,0.027,-1,Echolocation,/mnt/ubna_data_01_mir/recover-20220825/UBNA_002/20220823_033000.WAV,Telephone Field,recover-20220825,002,1795
298.9345,298.9422,28046,39853,Eptesicus serotinus,0.007,0.023,-1,Echolocation,/mnt/ubna_data_01_mir/recover-20220825/UBNA_002/20220823_033000.WAV,Telephone Field,recover-20220825,002,1795
298.9495,298.9904,68437,83236,Rhinolophus ferrumequinum,0.04,0.04,-1,Echolocation,/mnt/ubna_data_01_mir/recover-20220825/UBNA_002/20220823_033000.WAV,Telephone Field,recover-20220825,002,1795
298.9815,299.0183,68437,82575,Rhinolophus ferrumequinum,0.025,0.025,-1,Echolocation,/mnt/ubna_data_01_mir/recover-20220825/UBNA_002/20220823_033000.WAV,Telephone Field,recover-20220825,002,1795
298.9895,299.02819999999997,68437,82556,Rhinolophus ferrumequinum,0.026,0.026,-1,Echolocation,/mnt/ubna_data_01_mir/recover-20220825/UBNA_002/20220823_033000.WAV,Telephone Field,recover-20220825,002,1795
299.0475,299.0548,23750,34015,Plecotus austriacus,0.012,0.027,-1,Echolocation,/mnt/ubna_data_01_mir/recover-20220825/UBNA_002/20220823_033000.WAV,Telephone Field,recover-20220825,002,1795
299.0555,299.0933,68437,83084,Rhinolophus ferrumequinum,0.025,0.025,-1,Echolocation,/mnt/ubna_data_01_mir/recover-20220825/UBNA_002/20220823_033000.WAV,Telephone Field,recover-20220825,002,1795
299.0765,299.1112,68437,81422,Rhinolophus ferrumequinum,0.026,0.026,-1,Echolocation,/mnt/ubna_data_01_mir/recover-20220825/UBNA_002/20220823_033000.WAV,Telephone Field,recover-20220825,002,1795
299.0865,299.1225,68437,81701,Rhinolophus ferrumequinum,0.023,0.023,-1,Echolocation,/mnt/ubna_data_01_mir/recover-20220825/UBNA_002/20220823_033000.WAV,Telephone Field,recover-20220825,002,1795
299.1055,299.1202,22890,27019,Nyctalus leisleri,0.014,0.025,-1,Echolocation,/mnt/ubna_data_01_mir/recover-20220825/UBNA_002/20220823_033000.WAV,Telephone Field,recover-20220825,002,1795
299.1325,299.1697,68437,81642,Rhinolophus ferrumequinum,0.022,0.022,-1,Echolocation,/mnt/ubna_data_01_mir/recover-20220825/UBNA_002/20220823_033000.WAV,Telephone Field,recover-20220825,002,1795
299.1425,299.1529,23750,30445,Nyctalus leisleri,0.014,0.042,-1,Echolocation,/mnt/ubna_data_01_mir/recover-20220825/UBNA_002/20220823_033000.WAV,Telephone Field,recover-20220825,002,1795
299.1605,299.197,68437,81514,Rhinolophus ferrumequinum,0.021,0.022,-1,Echolocation,/mnt/ubna_data_01_mir/recover-20220825/UBNA_002/20220823_033000.WAV,Telephone Field,recover-20220825,002,1795
299.1635,299.1749,22890,27229,Nyctalus leisleri,0.012,0.022,-1,Echolocation,/mnt/ubna_data_01_mir/recover-20220825/UBNA_002/20220823_033000.WAV,Telephone Field,recover-20220825,002,1795
299.1835,299.2244,68437,83141,Rhinolophus ferrumequinum,0.03,0.03,-1,Echolocation,/mnt/ubna_data_01_mir/recover-20220825/UBNA_002/20220823_033000.WAV,Telephone Field,recover-20220825,002,1795
299.1855,299.1941,25468,33886,Eptesicus serotinus,0.007,0.022,-1,Echolocation,/mnt/ubna_data_01_mir/recover-20220825/UBNA_002/20220823_033000.WAV,Telephone Field,recover-20220825,002,1795
299.2175,299.2373,19453,22649,Nyctalus noctula,0.012,0.024,-1,Echolocation,/mnt/ubna_data_01_mir/recover-20220825/UBNA_002/20220823_033000.WAV,Telephone Field,recover-20220825,002,1795
299.2275,299.236,28046,37982,Eptesicus serotinus,0.008,0.022,-1,Echolocation,/mnt/ubna_data_01_mir/recover-20220825/UBNA_002/20220823_033000.WAV,Telephone Field,recover-20220825,002,1795
299.2485,299.2896,68437,82162,Rhinolophus ferrumequinum,0.024,0.025,-1,Echolocation,/mnt/ubna_data_01_mir/recover-20220825/UBNA_002/20220823_033000.WAV,Telephone Field,recover-20220825,002,1795
299.2565,299.2967,68437,82473,Rhinolophus ferrumequinum,0.025,0.025,-1,Echolocation,/mnt/ubna_data_01_mir/recover-20220825/UBNA_002/20220823_033000.WAV,Telephone Field,recover-20220825,002,1795
299.2655,299.2769,23750,30174,Nyctalus leisleri,0.011,0.027,-1,Echolocation,/mnt/ubna_data_01_mir/recover-20220825/UBNA_002/20220823_033000.WAV,Telephone Field,recover-20220825,002,1795
299.2775,299.313,68437,81682,Rhinolophus ferrumequinum,0.023,0.023,-1,Echolocation,/mnt/ubna_data_01_mir/recover-20220825/UBNA_002/20220823_033000.WAV,Telephone Field,recover-20220825,002,1795
299.3225,299.33050000000003,28046,38481,Eptesicus serotinus,0.009,0.026,-1,Echolocation,/mnt/ubna_data_01_mir/recover-20220825/UBNA_002/20220823_033000.WAV,Telephone Field,recover-20220825,002,1795
299.3445,299.3839,68437,82191,Rhinolophus ferrumequinum,0.029,0.029,-1,Echolocation,/mnt/ubna_data_01_mir/recover-20220825/UBNA_002/20220823_033000.WAV,Telephone Field,recover-20220825,002,1795
299.3665,299.4004,68437,80903,Rhinolophus ferrumequinum,0.022,0.022,-1,Echolocation,/mnt/ubna_data_01_mir/recover-20220825/UBNA_002/20220823_033000.WAV,Telephone Field,recover-20220825,002,1795
299.3845,299.4211,68437,81378,Rhinolophus ferrumequinum,0.024,0.024,-1,Echolocation,/mnt/ubna_data_01_mir/recover-20220825/UBNA_002/20220823_033000.WAV,Telephone Field,recover-20220825,002,1795
299.4045,299.4142,27187,33383,Eptesicus serotinus,0.021,0.044,-1,Echolocation,/mnt/ubna_data_01_mir/recover-20220825/UBNA_002/20220823_033000.WAV,Telephone Field,recover-20220825,002,1795
299.4075,299.4475,68437,82452,Rhinolophus ferrumequinum,0.023,0.023,-1,Echolocation,/mnt/ubna_data_01_mir/recover-20220825/UBNA_002/20220823_033000.WAV,Telephone Field,recover-20220825,002,1795
299.4365,299.4763,68437,82486,Rhinolophus ferrumequinum,0.029,0.029,-1,Echolocation,/mnt/ubna_data_01_mir/recover-20220825/UBNA_002/20220823_033000.WAV,Telephone Field,recover-20220825,002,1795
299.4885,299.5314,68437,82396,Rhinolophus ferrumequinum,0.023,0.023,-1,Echolocation,/mnt/ubna_data_01_mir/recover-20220825/UBNA_002/20220823_033000.WAV,Telephone Field,recover-20220825,002,1795
299.5245,299.5652,68437,82880,Rhinolophus ferrumequinum,0.023,0.023,-1,Echolocation,/mnt/ubna_data_01_mir/recover-20220825/UBNA_002/20220823_033000.WAV,Telephone Field,recover-20220825,002,1795
299.5405,299.5782,68437,81873,Rhinolophus ferrumequinum,0.022,0.022,-1,Echolocation,/mnt/ubna_data_01_mir/recover-20220825/UBNA_002/20220823_033000.WAV,Telephone Field,recover-20220825,002,1795
299.5655,299.5739,26328,34716,Eptesicus serotinus,0.007,0.023,-1,Echolocation,/mnt/ubna_data_01_mir/recover-20220825/UBNA_002/20220823_033000.WAV,Telephone Field,recover-20220825,002,1795
299.5825,299.62,68437,82280,Rhinolophus ferrumequinum,0.024,0.024,-1,Echolocation,/mnt/ubna_data_01_mir/recover-20220825/UBNA_002/20220823_033000.WAV,Telephone Field,recover-20220825,002,1795
299.5945,299.6043,27187,35289,Eptesicus serotinus,0.009,0.022,-1,Echolocation,/mnt/ubna_data_01_mir/recover-20220825/UBNA_002/20220823_033000.WAV,Telephone Field,recover-20220825,002,1795
299.6275,299.6383,21171,26574,Nyctalus leisleri,0.012,0.033,-1,Echolocation,/mnt/ubna_data_01_mir/recover-20220825/UBNA_002/20220823_033000.WAV,Telephone Field,recover-20220825,002,1795
299.6375,299.6754,68437,82358,Rhinolophus ferrumequinum,0.022,0.022,-1,Echolocation,/mnt/ubna_data_01_mir/recover-20220825/UBNA_002/20220823_033000.WAV,Telephone Field,recover-20220825,002,1795
299.6725,299.7124,68437,82777,Rhinolophus ferrumequinum,0.025,0.025,-1,Echolocation,/mnt/ubna_data_01_mir/recover-20220825/UBNA_002/20220823_033000.WAV,Telephone Field,recover-20220825,002,1795
299.7035,299.7442,68437,82789,Rhinolophus ferrumequinum,0.032,0.032,-1,Echolocation,/mnt/ubna_data_01_mir/recover-20220825/UBNA_002/20220823_033000.WAV,Telephone Field,recover-20220825,002,1795
299.7095,299.7199,27187,35165,Eptesicus serotinus,0.01,0.024,-1,Echolocation,/mnt/ubna_data_01_mir/recover-20220825/UBNA_002/20220823_033000.WAV,Telephone Field,recover-20220825,002,1795
299.7325,299.7702,68437,82442,Rhinolophus ferrumequinum,0.022,0.022,-1,Echolocation,/mnt/ubna_data_01_mir/recover-20220825/UBNA_002/20220823_033000.WAV,Telephone Field,recover-20220825,002,1795
299.7665,299.8092,68437,82773,Rhinolophus ferrumequinum,0.029,0.029,-1,Echolocation,/mnt/ubna_data_01_mir/recover-20220825/UBNA_002/20220823_033000.WAV,Telephone Field,recover-20220825,002,1795
299.8105,299.852,68437,83241,Rhinolophus ferrumequinum,0.031,0.031,-1,Echolocation,/mnt/ubna_data_01_mir/recover-20220825/UBNA_002/20220823_033000.WAV,Telephone Field,recover-20220825,002,1795
299.8325,299.8689,68437,81906,Rhinolophus ferrumequinum,0.024,0.024,-1,Echolocation,/mnt/ubna_data_01_mir/recover-20220825/UBNA_002/20220823_033000.WAV,Telephone Field,recover-20220825,002,1795
299.8415,299.8511,42656,50761,Pipistrellus pipistrellus,0.015,0.024,-1,Echolocation,/mnt/ubna_data_01_mir/recover-20220825/UBNA_002/20220823_033000.WAV,Telephone Field,recover-20220825,002,1795
299.8425,299.8528,28046,35394,Eptesicus serotinus,0.012,0.03,-1,Echolocation,/mnt/ubna_data_01_mir/recover-20220825/UBNA_002/20220823_033000.WAV,Telephone Field,recover-20220825,002,1795
299.8745,299.9213,68437,84270,Rhinolophus ferrumequinum,0.079,0.079,-1,Echolocation,/mnt/ubna_data_01_mir/recover-20220825/UBNA_002/20220823_033000.WAV,Telephone Field,recover-20220825,002,1795
299.8755,299.8834,27187,36333,Eptesicus serotinus,0.01,0.023,-1,Echolocation,/mnt/ubna_data_01_mir/recover-20220825/UBNA_002/20220823_033000.WAV,Telephone Field,recover-20220825,002,1795
299.8945,299.9014,28046,37464,Eptesicus serotinus,0.008,0.026,-1,Echolocation,/mnt/ubna_data_01_mir/recover-20220825/UBNA_002/20220823_033000.WAV,Telephone Field,recover-20220825,002,1795
299.9245,299.96320000000003,68437,81679,Rhinolophus ferrumequinum,0.023,0.023,-1,Echolocation,/mnt/ubna_data_01_mir/recover-20220825/UBNA_002/20220823_033000.WAV,Telephone Field,recover-20220825,002,1795
299.9375,299.9794,68437,83222,Rhinolophus ferrumequinum,0.05,0.05,-1,Echolocation,/mnt/ubna_data_01_mir/recover-20220825/UBNA_002/20220823_033000.WAV,Telephone Field,recover-20220825,002,1795
299.9385,299.9464,27187,42726,Eptesicus serotinus,0.008,0.023,-1,Echolocation,/mnt/ubna_data_01_mir/recover-20220825/UBNA_002/20220823_033000.WAV,Telephone Field,recover-20220825,002,1795
300.0015,300.0081,47812,53594,Pipistrellus pipistrellus,0.018,0.022,-1,Echolocation,/mnt/ubna_data_01_mir/recover-20220825/UBNA_002/20220823_033000.WAV,Telephone Field,recover-20220825,002,1795
300.0015,300.011,23750,30291,Nyctalus leisleri,0.011,0.028,-1,Echolocation,/mnt/ubna_data_01_mir/recover-20220825/UBNA_002/20220823_033000.WAV,Telephone Field,recover-20220825,002,1795
300.0015,300.034,68437,79609,Rhinolophus ferrumequinum,0.03,0.03,-1,Echolocation,/mnt/ubna_data_01_mir/recover-20220825/UBNA_002/20220823_033000.WAV,Telephone Field,recover-20220825,002,1795
300.0095,300.0527,68437,82986,Rhinolophus ferrumequinum,0.023,0.023,-1,Echolocation,/mnt/ubna_data_01_mir/recover-20220825/UBNA_002/20220823_033000.WAV,Telephone Field,recover-20220825,002,1795
300.0625,300.1017,68437,81776,Rhinolophus ferrumequinum,0.023,0.023,-1,Echolocation,/mnt/ubna_data_01_mir/recover-20220825/UBNA_002/20220823_033000.WAV,Telephone Field,recover-20220825,002,1795
300.0785,300.1162,68437,81578,Rhinolophus ferrumequinum,0.027,0.027,-1,Echolocation,/mnt/ubna_data_01_mir/recover-20220825/UBNA_002/20220823_033000.WAV,Telephone Field,recover-20220825,002,1795
300.0845,300.0948,22890,29689,Nyctalus leisleri,0.012,0.034,-1,Echolocation,/mnt/ubna_data_01_mir/recover-20220825/UBNA_002/20220823_033000.WAV,Telephone Field,recover-20220825,002,1795
300.1005,300.1103,45234,49495,Pipistrellus pipistrellus,0.03,0.032,-1,Echolocation,/mnt/ubna_data_01_mir/recover-20220825/UBNA_002/20220823_033000.WAV,Telephone Field,recover-20220825,002,1795
300.1125,300.1517,68437,81724,Rhinolophus ferrumequinum,0.021,0.021,-1,Echolocation,/mnt/ubna_data_01_mir/recover-20220825/UBNA_002/20220823_033000.WAV,Telephone Field,recover-20220825,002,1795
300.1375,300.1471,24609,32206,Nyctalus leisleri,0.007,0.021,-1,Echolocation,/mnt/ubna_data_01_mir/recover-20220825/UBNA_002/20220823_033000.WAV,Telephone Field,recover-20220825,002,1795
300.1625,300.1715,28046,35920,Eptesicus serotinus,0.012,0.026,-1,Echolocation,/mnt/ubna_data_01_mir/recover-20220825/UBNA_002/20220823_033000.WAV,Telephone Field,recover-20220825,002,1795
300.1725,300.2125,68437,82347,Rhinolophus ferrumequinum,0.021,0.021,-1,Echolocation,/mnt/ubna_data_01_mir/recover-20220825/UBNA_002/20220823_033000.WAV,Telephone Field,recover-20220825,002,1795
300.1795,300.2203,68437,82579,Rhinolophus ferrumequinum,0.021,0.021,-1,Echolocation,/mnt/ubna_data_01_mir/recover-20220825/UBNA_002/20220823_033000.WAV,Telephone Field,recover-20220825,002,1795
300.2155,300.2522,68437,82504,Rhinolophus ferrumequinum,0.024,0.024,-1,Echolocation,/mnt/ubna_data_01_mir/recover-20220825/UBNA_002/20220823_033000.WAV,Telephone Field,recover-20220825,002,1795
300.2475,300.2864,68437,82224,Rhinolophus ferrumequinum,0.021,0.021,-1,Echolocation,/mnt/ubna_data_01_mir/recover-20220825/UBNA_002/20220823_033000.WAV,Telephone Field,recover-20220825,002,1795
300.2515,300.2642,28906,34129,Eptesicus serotinus,0.017,0.034,-1,Echolocation,/mnt/ubna_data_01_mir/recover-20220825/UBNA_002/20220823_033000.WAV,Telephone Field,recover-20220825,002,1795
300.2665,300.3046,68437,82396,Rhinolophus ferrumequinum,0.021,0.021,-1,Echolocation,/mnt/ubna_data_01_mir/recover-20220825/UBNA_002/20220823_033000.WAV,Telephone Field,recover-20220825,002,1795
300.3125,300.3537,68437,82351,Rhinolophus ferrumequinum,0.028,0.028,-1,Echolocation,/mnt/ubna_data_01_mir/recover-20220825/UBNA_002/20220823_033000.WAV,Telephone Field,recover-20220825,002,1795
300.3305,300.3403,22890,29365,Nyctalus leisleri,0.008,0.023,-1,Echolocation,/mnt/ubna_data_01_mir/recover-20220825/UBNA_002/20220823_033000.WAV,Telephone Field,recover-20220825,002,1795
300.3335,300.3722,68437,82216,Rhinolophus ferrumequinum,0.021,0.022,-1,Echolocation,/mnt/ubna_data_01_mir/recover-20220825/UBNA_002/20220823_033000.WAV,Telephone Field,recover-20220825,002,1795
300.4305,300.4419,22890,27528,Nyctalus leisleri,0.014,0.026,-1,Echolocation,/mnt/ubna_data_01_mir/recover-20220825/UBNA_002/20220823_033000.WAV,Telephone Field,recover-20220825,002,1795
300.4515,300.4895,68437,82056,Rhinolophus ferrumequinum,0.024,0.024,-1,Echolocation,/mnt/ubna_data_01_mir/recover-20220825/UBNA_002/20220823_033000.WAV,Telephone Field,recover-20220825,002,1795
300.4875,300.4967,28906,39295,Eptesicus serotinus,0.011,0.027,-1,Echolocation,/mnt/ubna_data_01_mir/recover-20220825/UBNA_002/20220823_033000.WAV,Telephone Field,recover-20220825,002,1795
300.4885,300.496,23750,32750,Plecotus austriacus,0.008,0.022,-1,Echolocation,/mnt/ubna_data_01_mir/recover-20220825/UBNA_002/20220823_033000.WAV,Telephone Field,recover-20220825,002,1795
300.4965,300.5331,68437,81792,Rhinolophus ferrumequinum,0.022,0.022,-1,Echolocation,/mnt/ubna_data_01_mir/recover-20220825/UBNA_002/20220823_033000.WAV,Telephone Field,recover-20220825,002,1795
300.5165,300.5261,44375,50116,Pipistrellus pipistrellus,0.023,0.027,-1,Echolocation,/mnt/ubna_data_01_mir/recover-20220825/UBNA_002/20220823_033000.WAV,Telephone Field,recover-20220825,002,1795
300.5455,300.5586,36640,40798,Pipistrellus nathusii,0.011,0.022,-1,Echolocation,/mnt/ubna_data_01_mir/recover-20220825/UBNA_002/20220823_033000.WAV,Telephone Field,recover-20220825,002,1795
300.5705,300.5784,28046,36232,Eptesicus serotinus,0.009,0.023,-1,Echolocation,/mnt/ubna_data_01_mir/recover-20220825/UBNA_002/20220823_033000.WAV,Telephone Field,recover-20220825,002,1795
300.5785,300.5957,20312,23263,Nyctalus leisleri,0.02,0.035,-1,Echolocation,/mnt/ubna_data_01_mir/recover-20220825/UBNA_002/20220823_033000.WAV,Telephone Field,recover-20220825,002,1795
300.6915,300.7329,68437,82824,Rhinolophus ferrumequinum,0.022,0.022,-1,Echolocation,/mnt/ubna_data_01_mir/recover-20220825/UBNA_002/20220823_033000.WAV,Telephone Field,recover-20220825,002,1795
300.7075,300.744,68437,81461,Rhinolophus ferrumequinum,0.021,0.021,-1,Echolocation,/mnt/ubna_data_01_mir/recover-20220825/UBNA_002/20220823_033000.WAV,Telephone Field,recover-20220825,002,1795
300.7685,300.8087,68437,82062,Rhinolophus ferrumequinum,0.03,0.03,-1,Echolocation,/mnt/ubna_data_01_mir/recover-20220825/UBNA_002/20220823_033000.WAV,Telephone Field,recover-20220825,002,1795
300.7815,300.7891,26328,37268,Eptesicus serotinus,0.008,0.025,-1,Echolocation,/mnt/ubna_data_01_mir/recover-20220825/UBNA_002/20220823_033000.WAV,Telephone Field,recover-20220825,002,1795
300.7935,300.831,68437,81125,Rhinolophus ferrumequinum,0.021,0.021,-1,Echolocation,/mnt/ubna_data_01_mir/recover-20220825/UBNA_002/20220823_033000.WAV,Telephone Field,recover-20220825,002,1795
300.7935,300.8033,28046,36795,Eptesicus serotinus,0.01,0.024,-1,Echolocation,/mnt/ubna_data_01_mir/recover-20220825/UBNA_002/20220823_033000.WAV,Telephone Field,recover-20220825,002,1795
300.8085,300.8488,68437,82249,Rhinolophus ferrumequinum,0.022,0.022,-1,Echolocation,/mnt/ubna_data_01_mir/recover-20220825/UBNA_002/20220823_033000.WAV,Telephone Field,recover-20220825,002,1795
300.8195,300.8291,24609,31404,Nyctalus leisleri,0.007,0.022,-1,Echolocation,/mnt/ubna_data_01_mir/recover-20220825/UBNA_002/20220823_033000.WAV,Telephone Field,recover-20220825,002,1795
300.8945,300.936,68437,82506,Rhinolophus ferrumequinum,0.025,0.025,-1,Echolocation,/mnt/ubna_data_01_mir/recover-20220825/UBNA_002/20220823_033000.WAV,Telephone Field,recover-20220825,002,1795
300.9035,300.9432,68437,82585,Rhinolophus ferrumequinum,0.021,0.021,-1,Echolocation,/mnt/ubna_data_01_mir/recover-20220825/UBNA_002/20220823_033000.WAV,Telephone Field,recover-20220825,002,1795
300.9115,300.9497,68437,82259,Rhinolophus ferrumequinum,0.022,0.022,-1,Echolocation,/mnt/ubna_data_01_mir/recover-20220825/UBNA_002/20220823_033000.WAV,Telephone Field,recover-20220825,002,1795
300.9275,300.9397,25468,31041,Nyctalus leisleri,0.013,0.031,-1,Echolocation,/mnt/ubna_data_01_mir/recover-20220825/UBNA_002/20220823_033000.WAV,Telephone Field,recover-20220825,002,1795
300.9295,300.97,68437,82656,Rhinolophus ferrumequinum,0.024,0.024,-1,Echolocation,/mnt/ubna_data_01_mir/recover-20220825/UBNA_002/20220823_033000.WAV,Telephone Field,recover-20220825,002,1795
300.9505,300.9882,68437,81495,Rhinolophus ferrumequinum,0.021,0.021,-1,Echolocation,/mnt/ubna_data_01_mir/recover-20220825/UBNA_002/20220823_033000.WAV,Telephone Field,recover-20220825,002,1795
301.0385,301.0453,26328,36527,Eptesicus serotinus,0.008,0.031,-1,Echolocation,/mnt/ubna_data_01_mir/recover-20220825/UBNA_002/20220823_033000.WAV,Telephone Field,recover-20220825,002,1795
301.0665,301.0749,28046,38690,Eptesicus serotinus,0.008,0.022,-1,Echolocation,/mnt/ubna_data_01_mir/recover-20220825/UBNA_002/20220823_033000.WAV,Telephone Field,recover-20220825,002,1795
301.0685,301.1156,68437,83230,Rhinolophus ferrumequinum,0.044,0.044,-1,Echolocation,/mnt/ubna_data_01_mir/recover-20220825/UBNA_002/20220823_033000.WAV,Telephone Field,recover-20220825,002,1795
301.1275,301.1679,68437,82594,Rhinolophus ferrumequinum,0.027,0.027,-1,Echolocation,/mnt/ubna_data_01_mir/recover-20220825/UBNA_002/20220823_033000.WAV,Telephone Field,recover-20220825,002,1795
301.1495,301.1901,68437,82787,Rhinolophus ferrumequinum,0.022,0.023,-1,Echolocation,/mnt/ubna_data_01_mir/recover-20220825/UBNA_002/20220823_033000.WAV,Telephone Field,recover-20220825,002,1795
301.1565,301.1979,68437,82987,Rhinolophus ferrumequinum,0.027,0.027,-1,Echolocation,/mnt/ubna_data_01_mir/recover-20220825/UBNA_002/20220823_033000.WAV,Telephone Field,recover-20220825,002,1795
301.3135,301.3515,68437,81405,Rhinolophus ferrumequinum,0.021,0.021,-1,Echolocation,/mnt/ubna_data_01_mir/recover-20220825/UBNA_002/20220823_033000.WAV,Telephone Field,recover-20220825,002,1795
301.3265,301.367,68437,82306,Rhinolophus ferrumequinum,0.021,0.021,-1,Echolocation,/mnt/ubna_data_01_mir/recover-20220825/UBNA_002/20220823_033000.WAV,Telephone Field,recover-20220825,002,1795
301.3455,301.3818,68437,81623,Rhinolophus ferrumequinum,0.022,0.022,-1,Echolocation,/mnt/ubna_data_01_mir/recover-20220825/UBNA_002/20220823_033000.WAV,Telephone Field,recover-20220825,002,1795
301.3815,301.3912,25468,32700,Eptesicus serotinus,0.009,0.025,-1,Echolocation,/mnt/ubna_data_01_mir/recover-20220825/UBNA_002/20220823_033000.WAV,Telephone Field,recover-20220825,002,1795
301.3875,301.397,25468,32600,Eptesicus serotinus,0.009,0.025,-1,Echolocation,/mnt/ubna_data_01_mir/recover-20220825/UBNA_002/20220823_033000.WAV,Telephone Field,recover-20220825,002,1795
301.4055,301.4455,68437,82515,Rhinolophus ferrumequinum,0.029,0.029,-1,Echolocation,/mnt/ubna_data_01_mir/recover-20220825/UBNA_002/20220823_033000.WAV,Telephone Field,recover-20220825,002,1795
301.4285,301.4373,28046,36456,Eptesicus serotinus,0.008,0.022,-1,Echolocation,/mnt/ubna_data_01_mir/recover-20220825/UBNA_002/20220823_033000.WAV,Telephone Field,recover-20220825,002,1795
301.4655,301.4767,23750,30736,Nyctalus leisleri,0.01,0.025,-1,Echolocation,/mnt/ubna_data_01_mir/recover-20220825/UBNA_002/20220823_033000.WAV,Telephone Field,recover-20220825,002,1795
301.4695,301.5062,68437,79840,Rhinolophus ferrumequinum,0.039,0.039,-1,Echolocation,/mnt/ubna_data_01_mir/recover-20220825/UBNA_002/20220823_033000.WAV,Telephone Field,recover-20220825,002,1795
301.4725,301.4812,22890,30419,Plecotus austriacus,0.012,0.026,-1,Echolocation,/mnt/ubna_data_01_mir/recover-20220825/UBNA_002/20220823_033000.WAV,Telephone Field,recover-20220825,002,1795
301.5095,301.5165,47812,54718,Pipistrellus pipistrellus,0.021,0.024,-1,Echolocation,/mnt/ubna_data_01_mir/recover-20220825/UBNA_002/20220823_033000.WAV,Telephone Field,recover-20220825,002,1795
301.5105,301.5512,68437,82509,Rhinolophus ferrumequinum,0.021,0.021,-1,Echolocation,/mnt/ubna_data_01_mir/recover-20220825/UBNA_002/20220823_033000.WAV,Telephone Field,recover-20220825,002,1795
301.5445,301.5532,36640,45434,Myotis daubentonii,0.006,0.023,-1,Echolocation,/mnt/ubna_data_01_mir/recover-20220825/UBNA_002/20220823_033000.WAV,Telephone Field,recover-20220825,002,1795
301.5635,301.5756,22031,26282,Nyctalus leisleri,0.012,0.021,-1,Echolocation,/mnt/ubna_data_01_mir/recover-20220825/UBNA_002/20220823_033000.WAV,Telephone Field,recover-20220825,002,1795
301.5695,301.5821,22890,27148,Nyctalus leisleri,0.012,0.021,-1,Echolocation,/mnt/ubna_data_01_mir/recover-20220825/UBNA_002/20220823_033000.WAV,Telephone Field,recover-20220825,002,1795
301.6075,301.646,68437,81881,Rhinolophus ferrumequinum,0.022,0.022,-1,Echolocation,/mnt/ubna_data_01_mir/recover-20220825/UBNA_002/20220823_033000.WAV,Telephone Field,recover-20220825,002,1795
301.6265,301.6369,26328,34905,Eptesicus serotinus,0.01,0.021,-1,Echolocation,/mnt/ubna_data_01_mir/recover-20220825/UBNA_002/20220823_033000.WAV,Telephone Field,recover-20220825,002,1795
301.6545,301.6985,68437,82853,Rhinolophus ferrumequinum,0.022,0.022,-1,Echolocation,/mnt/ubna_data_01_mir/recover-20220825/UBNA_002/20220823_033000.WAV,Telephone Field,recover-20220825,002,1795
301.6895,301.7007,23750,29549,Nyctalus leisleri,0.012,0.026,-1,Echolocation,/mnt/ubna_data_01_mir/recover-20220825/UBNA_002/20220823_033000.WAV,Telephone Field,recover-20220825,002,1795
301.6995,301.7408,68437,83326,Rhinolophus ferrumequinum,0.034,0.034,-1,Echolocation,/mnt/ubna_data_01_mir/recover-20220825/UBNA_002/20220823_033000.WAV,Telephone Field,recover-20220825,002,1795
301.7275,301.7678,68437,82153,Rhinolophus ferrumequinum,0.027,0.027,-1,Echolocation,/mnt/ubna_data_01_mir/recover-20220825/UBNA_002/20220823_033000.WAV,Telephone Field,recover-20220825,002,1795
301.7515,301.7861,68437,81219,Rhinolophus ferrumequinum,0.023,0.023,-1,Echolocation,/mnt/ubna_data_01_mir/recover-20220825/UBNA_002/20220823_033000.WAV,Telephone Field,recover-20220825,002,1795
301.7635,301.8007,68437,81511,Rhinolophus ferrumequinum,0.021,0.021,-1,Echolocation,/mnt/ubna_data_01_mir/recover-20220825/UBNA_002/20220823_033000.WAV,Telephone Field,recover-20220825,002,1795
301.7865,301.8253,68437,81677,Rhinolophus ferrumequinum,0.023,0.023,-1,Echolocation,/mnt/ubna_data_01_mir/recover-20220825/UBNA_002/20220823_033000.WAV,Telephone Field,recover-20220825,002,1795
301.8455,301.8537,28906,37457,Eptesicus serotinus,0.007,0.022,-1,Echolocation,/mnt/ubna_data_01_mir/recover-20220825/UBNA_002/20220823_033000.WAV,Telephone Field,recover-20220825,002,1795
301.9155,301.9557,68437,82581,Rhinolophus ferrumequinum,0.022,0.022,-1,Echolocation,/mnt/ubna_data_01_mir/recover-20220825/UBNA_002/20220823_033000.WAV,Telephone Field,recover-20220825,002,1795
301.9215,301.9277,49531,54294,Pipistrellus pipistrellus,0.022,0.024,-1,Echolocation,/mnt/ubna_data_01_mir/recover-20220825/UBNA_002/20220823_033000.WAV,Telephone Field,recover-20220825,002,1795
302.0015,302.0077,47812,53630,Pipistrellus pipistrellus,0.02,0.024,-1,Echolocation,/mnt/ubna_data_01_mir/recover-20220825/UBNA_002/20220823_033000.WAV,Telephone Field,recover-20220825,002,1795
302.0015,302.0331,69296,81106,Rhinolophus ferrumequinum,0.025,0.026,-1,Echolocation,/mnt/ubna_data_01_mir/recover-20220825/UBNA_002/20220823_033000.WAV,Telephone Field,recover-20220825,002,1795
302.0015,302.0099,26328,35753,Eptesicus serotinus,0.007,0.023,-1,Echolocation,/mnt/ubna_data_01_mir/recover-20220825/UBNA_002/20220823_033000.WAV,Telephone Field,recover-20220825,002,1795
302.0455,302.0838,68437,81493,Rhinolophus ferrumequinum,0.022,0.022,-1,Echolocation,/mnt/ubna_data_01_mir/recover-20220825/UBNA_002/20220823_033000.WAV,Telephone Field,recover-20220825,002,1795
302.0555,302.0617,28046,39725,Eptesicus serotinus,0.007,0.025,-1,Echolocation,/mnt/ubna_data_01_mir/recover-20220825/UBNA_002/20220823_033000.WAV,Telephone Field,recover-20220825,002,1795
302.0935,302.1013,25468,34256,Eptesicus serotinus,0.006,0.022,-1,Echolocation,/mnt/ubna_data_01_mir/recover-20220825/UBNA_002/20220823_033000.WAV,Telephone Field,recover-20220825,002,1795
302.1135,302.1526,68437,81423,Rhinolophus ferrumequinum,0.021,0.021,-1,Echolocation,/mnt/ubna_data_01_mir/recover-20220825/UBNA_002/20220823_033000.WAV,Telephone Field,recover-20220825,002,1795
302.1145,302.1251,22890,28479,Nyctalus leisleri,0.009,0.021,-1,Echolocation,/mnt/ubna_data_01_mir/recover-20220825/UBNA_002/20220823_033000.WAV,Telephone Field,recover-20220825,002,1795
302.1175,302.1266,28046,38234,Eptesicus serotinus,0.008,0.021,-1,Echolocation,/mnt/ubna_data_01_mir/recover-20220825/UBNA_002/20220823_033000.WAV,Telephone Field,recover-20220825,002,1795
302.1225,302.1326,22890,28951,Nyctalus leisleri,0.008,0.02,-1,Echolocation,/mnt/ubna_data_01_mir/recover-20220825/UBNA_002/20220823_033000.WAV,Telephone Field,recover-20220825,002,1795
302.1245,302.1314,28046,41158,Eptesicus serotinus,0.006,0.022,-1,Echolocation,/mnt/ubna_data_01_mir/recover-20220825/UBNA_002/20220823_033000.WAV,Telephone Field,recover-20220825,002,1795
302.1505,302.1913,68437,82219,Rhinolophus ferrumequinum,0.022,0.023,-1,Echolocation,/mnt/ubna_data_01_mir/recover-20220825/UBNA_002/20220823_033000.WAV,Telephone Field,recover-20220825,002,1795
302.1905,302.2377,68437,83936,Rhinolophus ferrumequinum,0.047,0.047,-1,Echolocation,/mnt/ubna_data_01_mir/recover-20220825/UBNA_002/20220823_033000.WAV,Telephone Field,recover-20220825,002,1795
302.2045,302.2152,24609,30357,Nyctalus leisleri,0.008,0.022,-1,Echolocation,/mnt/ubna_data_01_mir/recover-20220825/UBNA_002/20220823_033000.WAV,Telephone Field,recover-20220825,002,1795
302.2515,302.2925,68437,82689,Rhinolophus ferrumequinum,0.026,0.026,-1,Echolocation,/mnt/ubna_data_01_mir/recover-20220825/UBNA_002/20220823_033000.WAV,Telephone Field,recover-20220825,002,1795
302.2865,302.294,26328,36454,Eptesicus serotinus,0.007,0.021,-1,Echolocation,/mnt/ubna_data_01_mir/recover-20220825/UBNA_002/20220823_033000.WAV,Telephone Field,recover-20220825,002,1795
302.2985,302.3069,28046,38210,Eptesicus serotinus,0.007,0.02,-1,Echolocation,/mnt/ubna_data_01_mir/recover-20220825/UBNA_002/20220823_033000.WAV,Telephone Field,recover-20220825,002,1795
302.3165,302.3525,68437,82166,Rhinolophus ferrumequinum,0.02,0.02,-1,Echolocation,/mnt/ubna_data_01_mir/recover-20220825/UBNA_002/20220823_033000.WAV,Telephone Field,recover-20220825,002,1795
302.3225,302.3616,68437,82424,Rhinolophus ferrumequinum,0.02,0.02,-1,Echolocation,/mnt/ubna_data_01_mir/recover-20220825/UBNA_002/20220823_033000.WAV,Telephone Field,recover-20220825,002,1795
302.3255,302.3374,44375,48070,Pipistrellus pipistrellus,0.032,0.037,-1,Echolocation,/mnt/ubna_data_01_mir/recover-20220825/UBNA_002/20220823_033000.WAV,Telephone Field,recover-20220825,002,1795
302.3475,302.3883,68437,82148,Rhinolophus ferrumequinum,0.022,0.022,-1,Echolocation,/mnt/ubna_data_01_mir/recover-20220825/UBNA_002/20220823_033000.WAV,Telephone Field,recover-20220825,002,1795
302.3695,302.3795,22890,28379,Nyctalus leisleri,0.01,0.023,-1,Echolocation,/mnt/ubna_data_01_mir/recover-20220825/UBNA_002/20220823_033000.WAV,Telephone Field,recover-20220825,002,1795
302.3845,302.4259,68437,82538,Rhinolophus ferrumequinum,0.025,0.025,-1,Echolocation,/mnt/ubna_data_01_mir/recover-20220825/UBNA_002/20220823_033000.WAV,Telephone Field,recover-20220825,002,1795
302.4015,302.4127,43515,47597,Pipistrellus pipistrellus,0.02,0.025,-1,Echolocation,/mnt/ubna_data_01_mir/recover-20220825/UBNA_002/20220823_033000.WAV,Telephone Field,recover-20220825,002,1795
302.4255,302.4655,68437,82713,Rhinolophus ferrumequinum,0.022,0.022,-1,Echolocation,/mnt/ubna_data_01_mir/recover-20220825/UBNA_002/20220823_033000.WAV,Telephone Field,recover-20220825,002,1795
302.4365,302.4727,68437,82185,Rhinolophus ferrumequinum,0.022,0.022,-1,Echolocation,/mnt/ubna_data_01_mir/recover-20220825/UBNA_002/20220823_033000.WAV,Telephone Field,recover-20220825,002,1795
302.4595,302.496,68437,82144,Rhinolophus ferrumequinum,0.023,0.023,-1,Echolocation,/mnt/ubna_data_01_mir/recover-20220825/UBNA_002/20220823_033000.WAV,Telephone Field,recover-20220825,002,1795
302.4895,302.5265,68437,81747,Rhinolophus ferrumequinum,0.021,0.021,-1,Echolocation,/mnt/ubna_data_01_mir/recover-20220825/UBNA_002/20220823_033000.WAV,Telephone Field,recover-20220825,002,1795
302.4995,302.54,68437,82671,Rhinolophus ferrumequinum,0.024,0.024,-1,Echolocation,/mnt/ubna_data_01_mir/recover-20220825/UBNA_002/20220823_033000.WAV,Telephone Field,recover-20220825,002,1795
302.5655,302.6054,68437,81811,Rhinolophus ferrumequinum,0.022,0.022,-1,Echolocation,/mnt/ubna_data_01_mir/recover-20220825/UBNA_002/20220823_033000.WAV,Telephone Field,recover-20220825,002,1795
302.6035,302.6104,23750,33285,Plecotus austriacus,0.016,0.032,-1,Echolocation,/mnt/ubna_data_01_mir/recover-20220825/UBNA_002/20220823_033000.WAV,Telephone Field,recover-20220825,002,1795
302.6295,302.6691,68437,82168,Rhinolophus ferrumequinum,0.022,0.022,-1,Echolocation,/mnt/ubna_data_01_mir/recover-20220825/UBNA_002/20220823_033000.WAV,Telephone Field,recover-20220825,002,1795
302.6695,302.7088,68437,82059,Rhinolophus ferrumequinum,0.03,0.03,-1,Echolocation,/mnt/ubna_data_01_mir/recover-20220825/UBNA_002/20220823_033000.WAV,Telephone Field,recover-20220825,002,1795
302.7205,302.761,68437,82449,Rhinolophus ferrumequinum,0.023,0.023,-1,Echolocation,/mnt/ubna_data_01_mir/recover-20220825/UBNA_002/20220823_033000.WAV,Telephone Field,recover-20220825,002,1795
302.7235,302.7331,23750,29238,Nyctalus leisleri,0.008,0.02,-1,Echolocation,/mnt/ubna_data_01_mir/recover-20220825/UBNA_002/20220823_033000.WAV,Telephone Field,recover-20220825,002,1795
302.7485,302.7873,68437,81626,Rhinolophus ferrumequinum,0.027,0.027,-1,Echolocation,/mnt/ubna_data_01_mir/recover-20220825/UBNA_002/20220823_033000.WAV,Telephone Field,recover-20220825,002,1795
302.7505,302.7602,28906,39290,Eptesicus serotinus,0.01,0.024,-1,Echolocation,/mnt/ubna_data_01_mir/recover-20220825/UBNA_002/20220823_033000.WAV,Telephone Field,recover-20220825,002,1795
302.7595,302.7693,24609,31098,Nyctalus leisleri,0.008,0.022,-1,Echolocation,/mnt/ubna_data_01_mir/recover-20220825/UBNA_002/20220823_033000.WAV,Telephone Field,recover-20220825,002,1795
302.7835,302.8239,68437,82935,Rhinolophus ferrumequinum,0.024,0.024,-1,Echolocation,/mnt/ubna_data_01_mir/recover-20220825/UBNA_002/20220823_033000.WAV,Telephone Field,recover-20220825,002,1795
302.8085,302.8192,23750,29588,Nyctalus leisleri,0.009,0.022,-1,Echolocation,/mnt/ubna_data_01_mir/recover-20220825/UBNA_002/20220823_033000.WAV,Telephone Field,recover-20220825,002,1795
302.8445,302.8573,37500,41719,Pipistrellus nathusii,0.048,0.074,-1,Echolocation,/mnt/ubna_data_01_mir/recover-20220825/UBNA_002/20220823_033000.WAV,Telephone Field,recover-20220825,002,1795
302.8685,302.8789,22031,27136,Nyctalus leisleri,0.009,0.021,-1,Echolocation,/mnt/ubna_data_01_mir/recover-20220825/UBNA_002/20220823_033000.WAV,Telephone Field,recover-20220825,002,1795
302.8905,302.898,23750,32104,Plecotus austriacus,0.01,0.028,-1,Echolocation,/mnt/ubna_data_01_mir/recover-20220825/UBNA_002/20220823_033000.WAV,Telephone Field,recover-20220825,002,1795
302.9215,302.9293,24609,32716,Plecotus austriacus,0.006,0.021,-1,Echolocation,/mnt/ubna_data_01_mir/recover-20220825/UBNA_002/20220823_033000.WAV,Telephone Field,recover-20220825,002,1795
302.9305,302.9731,68437,82935,Rhinolophus ferrumequinum,0.024,0.024,-1,Echolocation,/mnt/ubna_data_01_mir/recover-20220825/UBNA_002/20220823_033000.WAV,Telephone Field,recover-20220825,002,1795
302.9365,302.944,28906,37513,Eptesicus serotinus,0.006,0.02,-1,Echolocation,/mnt/ubna_data_01_mir/recover-20220825/UBNA_002/20220823_033000.WAV,Telephone Field,recover-20220825,002,1795
302.9975,303.0402,68437,82742,Rhinolophus ferrumequinum,0.027,0.027,-1,Echolocation,/mnt/ubna_data_01_mir/recover-20220825/UBNA_002/20220823_033000.WAV,Telephone Field,recover-20220825,002,1795
303.0425,303.0775,68437,81646,Rhinolophus ferrumequinum,0.02,0.02,-1,Echolocation,/mnt/ubna_data_01_mir/recover-20220825/UBNA_002/20220823_033000.WAV,Telephone Field,recover-20220825,002,1795
303.0695,303.0803,28046,35578,Eptesicus serotinus,0.017,0.032,-1,Echolocation,/mnt/ubna_data_01_mir/recover-20220825/UBNA_002/20220823_033000.WAV,Telephone Field,recover-20220825,002,1795
303.1135,303.1252,22031,26333,Nyctalus leisleri,0.011,0.021,-1,Echolocation,/mnt/ubna_data_01_mir/recover-20220825/UBNA_002/20220823_033000.WAV,Telephone Field,recover-20220825,002,1795
303.1355,303.1741,68437,82511,Rhinolophus ferrumequinum,0.022,0.022,-1,Echolocation,/mnt/ubna_data_01_mir/recover-20220825/UBNA_002/20220823_033000.WAV,Telephone Field,recover-20220825,002,1795
303.1405,303.18,68437,82548,Rhinolophus ferrumequinum,0.022,0.022,-1,Echolocation,/mnt/ubna_data_01_mir/recover-20220825/UBNA_002/20220823_033000.WAV,Telephone Field,recover-20220825,002,1795
303.1705,303.211,68437,82915,Rhinolophus ferrumequinum,0.024,0.024,-1,Echolocation,/mnt/ubna_data_01_mir/recover-20220825/UBNA_002/20220823_033000.WAV,Telephone Field,recover-20220825,002,1795
303.1835,303.2219,68437,82483,Rhinolophus ferrumequinum,0.026,0.026,-1,Echolocation,/mnt/ubna_data_01_mir/recover-20220825/UBNA_002/20220823_033000.WAV,Telephone Field,recover-20220825,002,1795
303.2375,303.2778,68437,81637,Rhinolophus ferrumequinum,0.021,0.021,-1,Echolocation,/mnt/ubna_data_01_mir/recover-20220825/UBNA_002/20220823_033000.WAV,Telephone Field,recover-20220825,002,1795
303.2665,303.302,68437,81285,Rhinolophus ferrumequinum,0.021,0.021,-1,Echolocation,/mnt/ubna_data_01_mir/recover-20220825/UBNA_002/20220823_033000.WAV,Telephone Field,recover-20220825,002,1795
303.2865,303.3222,68437,81543,Rhinolophus ferrumequinum,0.03,0.03,-1,Echolocation,/mnt/ubna_data_01_mir/recover-20220825/UBNA_002/20220823_033000.WAV,Telephone Field,recover-20220825,002,1795
303.2975,303.3084,42656,48453,Pipistrellus pipistrellus,0.016,0.032,-1,Echolocation,/mnt/ubna_data_01_mir/recover-20220825/UBNA_002/20220823_033000.WAV,Telephone Field,recover-20220825,002,1795
303.3125,303.3522,68437,82162,Rhinolophus ferrumequinum,0.021,0.021,-1,Echolocation,/mnt/ubna_data_01_mir/recover-20220825/UBNA_002/20220823_033000.WAV,Telephone Field,recover-20220825,002,1795
303.3335,303.373,68437,81965,Rhinolophus ferrumequinum,0.023,0.023,-1,Echolocation,/mnt/ubna_data_01_mir/recover-20220825/UBNA_002/20220823_033000.WAV,Telephone Field,recover-20220825,002,1795
303.3565,303.3682,23750,29107,Nyctalus leisleri,0.011,0.023,-1,Echolocation,/mnt/ubna_data_01_mir/recover-20220825/UBNA_002/20220823_033000.WAV,Telephone Field,recover-20220825,002,1795
303.3995,303.4387,68437,82525,Rhinolophus ferrumequinum,0.039,0.039,-1,Echolocation,/mnt/ubna_data_01_mir/recover-20220825/UBNA_002/20220823_033000.WAV,Telephone Field,recover-20220825,002,1795
303.4145,303.4534,68437,81970,Rhinolophus ferrumequinum,0.021,0.021,-1,Echolocation,/mnt/ubna_data_01_mir/recover-20220825/UBNA_002/20220823_033000.WAV,Telephone Field,recover-20220825,002,1795
303.5025,303.5424,68437,82366,Rhinolophus ferrumequinum,0.039,0.039,-1,Echolocation,/mnt/ubna_data_01_mir/recover-20220825/UBNA_002/20220823_033000.WAV,Telephone Field,recover-20220825,002,1795
303.5075,303.5164,47812,51905,Pipistrellus pipistrellus,0.02,0.021,-1,Echolocation,/mnt/ubna_data_01_mir/recover-20220825/UBNA_002/20220823_033000.WAV,Telephone Field,recover-20220825,002,1795
303.5225,303.5325,28906,36391,Eptesicus serotinus,0.009,0.02,-1,Echolocation,/mnt/ubna_data_01_mir/recover-20220825/UBNA_002/20220823_033000.WAV,Telephone Field,recover-20220825,002,1795
303.5485,303.5886,68437,82976,Rhinolophus ferrumequinum,0.025,0.025,-1,Echolocation,/mnt/ubna_data_01_mir/recover-20220825/UBNA_002/20220823_033000.WAV,Telephone Field,recover-20220825,002,1795
303.5755,303.6135,68437,81939,Rhinolophus ferrumequinum,0.02,0.02,-1,Echolocation,/mnt/ubna_data_01_mir/recover-20220825/UBNA_002/20220823_033000.WAV,Telephone Field,recover-20220825,002,1795
303.5805,303.5887,27187,35563,Eptesicus serotinus,0.016,0.037,-1,Echolocation,/mnt/ubna_data_01_mir/recover-20220825/UBNA_002/20220823_033000.WAV,Telephone Field,recover-20220825,002,1795
303.6045,303.6398,68437,82029,Rhinolophus ferrumequinum,0.021,0.021,-1,Echolocation,/mnt/ubna_data_01_mir/recover-20220825/UBNA_002/20220823_033000.WAV,Telephone Field,recover-20220825,002,1795
303.6235,303.6649,68437,82768,Rhinolophus ferrumequinum,0.024,0.024,-1,Echolocation,/mnt/ubna_data_01_mir/recover-20220825/UBNA_002/20220823_033000.WAV,Telephone Field,recover-20220825,002,1795
303.6345,303.6418,28046,41180,Eptesicus serotinus,0.008,0.025,-1,Echolocation,/mnt/ubna_data_01_mir/recover-20220825/UBNA_002/20220823_033000.WAV,Telephone Field,recover-20220825,002,1795
303.6365,303.6777,68437,83131,Rhinolophus ferrumequinum,0.023,0.023,-1,Echolocation,/mnt/ubna_data_01_mir/recover-20220825/UBNA_002/20220823_033000.WAV,Telephone Field,recover-20220825,002,1795
303.6555,303.6944,68437,81679,Rhinolophus ferrumequinum,0.022,0.022,-1,Echolocation,/mnt/ubna_data_01_mir/recover-20220825/UBNA_002/20220823_033000.WAV,Telephone Field,recover-20220825,002,1795
303.6655,303.7042,68437,82000,Rhinolophus ferrumequinum,0.02,0.021,-1,Echolocation,/mnt/ubna_data_01_mir/recover-20220825/UBNA_002/20220823_033000.WAV,Telephone Field,recover-20220825,002,1795
303.6765,303.685,27187,40037,Eptesicus serotinus,0.009,0.021,-1,Echolocation,/mnt/ubna_data_01_mir/recover-20220825/UBNA_002/20220823_033000.WAV,Telephone Field,recover-20220825,002,1795
303.6905,303.7283,68437,82324,Rhinolophus ferrumequinum,0.022,0.022,-1,Echolocation,/mnt/ubna_data_01_mir/recover-20220825/UBNA_002/20220823_033000.WAV,Telephone Field,recover-20220825,002,1795
303.7015,303.7141,23750,28541,Nyctalus leisleri,0.012,0.025,-1,Echolocation,/mnt/ubna_data_01_mir/recover-20220825/UBNA_002/20220823_033000.WAV,Telephone Field,recover-20220825,002,1795
303.7105,303.7186,28046,39102,Eptesicus serotinus,0.007,0.021,-1,Echolocation,/mnt/ubna_data_01_mir/recover-20220825/UBNA_002/20220823_033000.WAV,Telephone Field,recover-20220825,002,1795
303.7135,303.7509,68437,81084,Rhinolophus ferrumequinum,0.02,0.02,-1,Echolocation,/mnt/ubna_data_01_mir/recover-20220825/UBNA_002/20220823_033000.WAV,Telephone Field,recover-20220825,002,1795
303.7815,303.8233,68437,83597,Rhinolophus ferrumequinum,0.03,0.03,-1,Echolocation,/mnt/ubna_data_01_mir/recover-20220825/UBNA_002/20220823_033000.WAV,Telephone Field,recover-20220825,002,1795
303.8295,303.869,68437,82124,Rhinolophus ferrumequinum,0.02,0.02,-1,Echolocation,/mnt/ubna_data_01_mir/recover-20220825/UBNA_002/20220823_033000.WAV,Telephone Field,recover-20220825,002,1795
303.8515,303.8897,68437,82177,Rhinolophus ferrumequinum,0.023,0.023,-1,Echolocation,/mnt/ubna_data_01_mir/recover-20220825/UBNA_002/20220823_033000.WAV,Telephone Field,recover-20220825,002,1795
303.8575,303.8657,23750,30895,Plecotus austriacus,0.007,0.02,-1,Echolocation,/mnt/ubna_data_01_mir/recover-20220825/UBNA_002/20220823_033000.WAV,Telephone Field,recover-20220825,002,1795
303.8875,303.9282,68437,82436,Rhinolophus ferrumequinum,0.022,0.022,-1,Echolocation,/mnt/ubna_data_01_mir/recover-20220825/UBNA_002/20220823_033000.WAV,Telephone Field,recover-20220825,002,1795
303.8965,303.9367,68437,82202,Rhinolophus ferrumequinum,0.02,0.02,-1,Echolocation,/mnt/ubna_data_01_mir/recover-20220825/UBNA_002/20220823_033000.WAV,Telephone Field,recover-20220825,002,1795
303.9835,303.9906,23750,34779,Plecotus austriacus,0.015,0.033,-1,Echolocation,/mnt/ubna_data_01_mir/recover-20220825/UBNA_002/20220823_033000.WAV,Telephone Field,recover-20220825,002,1795
304.0015,304.0128,47812,53517,Pipistrellus pipistrellus,0.041,0.046,-1,Echolocation,/mnt/ubna_data_01_mir/recover-20220825/UBNA_002/20220823_033000.WAV,Telephone Field,recover-20220825,002,1795
304.0015,304.0103,26328,34387,Nyctalus leisleri,0.008,0.027,-1,Echolocation,/mnt/ubna_data_01_mir/recover-20220825/UBNA_002/20220823_033000.WAV,Telephone Field,recover-20220825,002,1795
304.0015,304.0358,68437,80223,Rhinolophus ferrumequinum,0.033,0.033,-1,Echolocation,/mnt/ubna_data_01_mir/recover-20220825/UBNA_002/20220823_033000.WAV,Telephone Field,recover-20220825,002,1795
304.0095,304.0539,68437,82829,Rhinolophus ferrumequinum,0.034,0.034,-1,Echolocation,/mnt/ubna_data_01_mir/recover-20220825/UBNA_002/20220823_033000.WAV,Telephone Field,recover-20220825,002,1795
304.0475,304.0597,28906,36415,Eptesicus serotinus,0.014,0.027,-1,Echolocation,/mnt/ubna_data_01_mir/recover-20220825/UBNA_002/20220823_033000.WAV,Telephone Field,recover-20220825,002,1795
304.0535,304.0707,20312,23151,Nyctalus leisleri,0.014,0.022,-1,Echolocation,/mnt/ubna_data_01_mir/recover-20220825/UBNA_002/20220823_033000.WAV,Telephone Field,recover-20220825,002,1795
304.0595,304.0709,22890,26494,Nyctalus leisleri,0.013,0.021,-1,Echolocation,/mnt/ubna_data_01_mir/recover-20220825/UBNA_002/20220823_033000.WAV,Telephone Field,recover-20220825,002,1795
304.0695,304.1133,68437,83336,Rhinolophus ferrumequinum,0.033,0.033,-1,Echolocation,/mnt/ubna_data_01_mir/recover-20220825/UBNA_002/20220823_033000.WAV,Telephone Field,recover-20220825,002,1795
304.0895,304.1015,23750,28752,Nyctalus leisleri,0.01,0.022,-1,Echolocation,/mnt/ubna_data_01_mir/recover-20220825/UBNA_002/20220823_033000.WAV,Telephone Field,recover-20220825,002,1795
304.1015,304.1428,68437,82710,Rhinolophus ferrumequinum,0.024,0.024,-1,Echolocation,/mnt/ubna_data_01_mir/recover-20220825/UBNA_002/20220823_033000.WAV,Telephone Field,recover-20220825,002,1795
304.1105,304.1514,68437,82592,Rhinolophus ferrumequinum,0.029,0.029,-1,Echolocation,/mnt/ubna_data_01_mir/recover-20220825/UBNA_002/20220823_033000.WAV,Telephone Field,recover-20220825,002,1795
304.1675,304.1771,28906,37160,Eptesicus serotinus,0.008,0.023,-1,Echolocation,/mnt/ubna_data_01_mir/recover-20220825/UBNA_002/20220823_033000.WAV,Telephone Field,recover-20220825,002,1795
304.1915,304.2309,68437,82613,Rhinolophus ferrumequinum,0.025,0.025,-1,Echolocation,/mnt/ubna_data_01_mir/recover-20220825/UBNA_002/20220823_033000.WAV,Telephone Field,recover-20220825,002,1795
304.1975,304.2059,25468,34302,Eptesicus serotinus,0.01,0.026,-1,Echolocation,/mnt/ubna_data_01_mir/recover-20220825/UBNA_002/20220823_033000.WAV,Telephone Field,recover-20220825,002,1795
304.2085,304.2483,68437,81814,Rhinolophus ferrumequinum,0.022,0.022,-1,Echolocation,/mnt/ubna_data_01_mir/recover-20220825/UBNA_002/20220823_033000.WAV,Telephone Field,recover-20220825,002,1795
304.2195,304.22860000000003,22890,29932,Plecotus austriacus,0.009,0.024,-1,Echolocation,/mnt/ubna_data_01_mir/recover-20220825/UBNA_002/20220823_033000.WAV,Telephone Field,recover-20220825,002,1795
304.2395,304.2785,68437,82144,Rhinolophus ferrumequinum,0.024,0.024,-1,Echolocation,/mnt/ubna_data_01_mir/recover-20220825/UBNA_002/20220823_033000.WAV,Telephone Field,recover-20220825,002,1795
304.2525,304.2658,22890,27848,Nyctalus leisleri,0.014,0.027,-1,Echolocation,/mnt/ubna_data_01_mir/recover-20220825/UBNA_002/20220823_033000.WAV,Telephone Field,recover-20220825,002,1795
304.2775,304.3176,68437,82642,Rhinolophus ferrumequinum,0.022,0.022,-1,Echolocation,/mnt/ubna_data_01_mir/recover-20220825/UBNA_002/20220823_033000.WAV,Telephone Field,recover-20220825,002,1795
304.2795,304.2913,29765,36311,Eptesicus serotinus,0.03,0.047,-1,Echolocation,/mnt/ubna_data_01_mir/recover-20220825/UBNA_002/20220823_033000.WAV,Telephone Field,recover-20220825,002,1795
304.2955,304.3026,27187,39371,Eptesicus serotinus,0.007,0.023,-1,Echolocation,/mnt/ubna_data_01_mir/recover-20220825/UBNA_002/20220823_033000.WAV,Telephone Field,recover-20220825,002,1795
304.3325,304.34159999999997,25468,34561,Eptesicus serotinus,0.009,0.021,-1,Echolocation,/mnt/ubna_data_01_mir/recover-20220825/UBNA_002/20220823_033000.WAV,Telephone Field,recover-20220825,002,1795
304.3505,304.3931,68437,83462,Rhinolophus ferrumequinum,0.034,0.034,-1,Echolocation,/mnt/ubna_data_01_mir/recover-20220825/UBNA_002/20220823_033000.WAV,Telephone Field,recover-20220825,002,1795
304.3975,304.4389,68437,82916,Rhinolophus ferrumequinum,0.034,0.034,-1,Echolocation,/mnt/ubna_data_01_mir/recover-20220825/UBNA_002/20220823_033000.WAV,Telephone Field,recover-20220825,002,1795
304.4345,304.4745,68437,82134,Rhinolophus ferrumequinum,0.023,0.023,-1,Echolocation,/mnt/ubna_data_01_mir/recover-20220825/UBNA_002/20220823_033000.WAV,Telephone Field,recover-20220825,002,1795
304.4545,304.4953,68437,82603,Rhinolophus ferrumequinum,0.027,0.027,-1,Echolocation,/mnt/ubna_data_01_mir/recover-20220825/UBNA_002/20220823_033000.WAV,Telephone Field,recover-20220825,002,1795
304.4705,304.4798,28906,37168,Eptesicus serotinus,0.008,0.021,-1,Echolocation,/mnt/ubna_data_01_mir/recover-20220825/UBNA_002/20220823_033000.WAV,Telephone Field,recover-20220825,002,1795
304.5075,304.5508,68437,83391,Rhinolophus ferrumequinum,0.033,0.033,-1,Echolocation,/mnt/ubna_data_01_mir/recover-20220825/UBNA_002/20220823_033000.WAV,Telephone Field,recover-20220825,002,1795
304.5165,304.5275,23750,29697,Nyctalus leisleri,0.01,0.023,-1,Echolocation,/mnt/ubna_data_01_mir/recover-20220825/UBNA_002/20220823_033000.WAV,Telephone Field,recover-20220825,002,1795
304.5685,304.5766,26328,36511,Eptesicus serotinus,0.01,0.025,-1,Echolocation,/mnt/ubna_data_01_mir/recover-20220825/UBNA_002/20220823_033000.WAV,Telephone Field,recover-20220825,002,1795
304.5785,304.6155,68437,81876,Rhinolophus ferrumequinum,0.024,0.024,-1,Echolocation,/mnt/ubna_data_01_mir/recover-20220825/UBNA_002/20220823_033000.WAV,Telephone Field,recover-20220825,002,1795
304.5975,304.6386,68437,83075,Rhinolophus ferrumequinum,0.032,0.032,-1,Echolocation,/mnt/ubna_data_01_mir/recover-20220825/UBNA_002/20220823_033000.WAV,Telephone Field,recover-20220825,002,1795
304.6005,304.6066,32343,46687,Myotis daubentonii,0.014,0.03,-1,Echolocation,/mnt/ubna_data_01_mir/recover-20220825/UBNA_002/20220823_033000.WAV,Telephone Field,recover-20220825,002,1795
304.6455,304.656,22890,28479,Nyctalus leisleri,0.009,0.022,-1,Echolocation,/mnt/ubna_data_01_mir/recover-20220825/UBNA_002/20220823_033000.WAV,Telephone Field,recover-20220825,002,1795
304.6625,304.7042,68437,82459,Rhinolophus ferrumequinum,0.023,0.023,-1,Echolocation,/mnt/ubna_data_01_mir/recover-20220825/UBNA_002/20220823_033000.WAV,Telephone Field,recover-20220825,002,1795
304.6815,304.724,68437,83010,Rhinolophus ferrumequinum,0.031,0.031,-1,Echolocation,/mnt/ubna_data_01_mir/recover-20220825/UBNA_002/20220823_033000.WAV,Telephone Field,recover-20220825,002,1795
304.6995,304.7392,68437,82850,Rhinolophus ferrumequinum,0.024,0.024,-1,Echolocation,/mnt/ubna_data_01_mir/recover-20220825/UBNA_002/20220823_033000.WAV,Telephone Field,recover-20220825,002,1795
304.7155,304.7275,24609,30376,Nyctalus leisleri,0.014,0.034,-1,Echolocation,/mnt/ubna_data_01_mir/recover-20220825/UBNA_002/20220823_033000.WAV,Telephone Field,recover-20220825,002,1795
304.7215,304.7588,68437,81737,Rhinolophus ferrumequinum,0.022,0.022,-1,Echolocation,/mnt/ubna_data_01_mir/recover-20220825/UBNA_002/20220823_033000.WAV,Telephone Field,recover-20220825,002,1795
304.7335,304.7727,68437,81959,Rhinolophus ferrumequinum,0.022,0.022,-1,Echolocation,/mnt/ubna_data_01_mir/recover-20220825/UBNA_002/20220823_033000.WAV,Telephone Field,recover-20220825,002,1795
304.7585,304.8007,68437,82926,Rhinolophus ferrumequinum,0.03,0.03,-1,Echolocation,/mnt/ubna_data_01_mir/recover-20220825/UBNA_002/20220823_033000.WAV,Telephone Field,recover-20220825,002,1795
304.8065,304.815,28046,38164,Eptesicus serotinus,0.008,0.021,-1,Echolocation,/mnt/ubna_data_01_mir/recover-20220825/UBNA_002/20220823_033000.WAV,Telephone Field,recover-20220825,002,1795
304.8265,304.8644,68437,81955,Rhinolophus ferrumequinum,0.021,0.021,-1,Echolocation,/mnt/ubna_data_01_mir/recover-20220825/UBNA_002/20220823_033000.WAV,Telephone Field,recover-20220825,002,1795
304.8405,304.8482,28906,39722,Eptesicus serotinus,0.008,0.023,-1,Echolocation,/mnt/ubna_data_01_mir/recover-20220825/UBNA_002/20220823_033000.WAV,Telephone Field,recover-20220825,002,1795
304.8455,304.8843,68437,81819,Rhinolophus ferrumequinum,0.026,0.026,-1,Echolocation,/mnt/ubna_data_01_mir/recover-20220825/UBNA_002/20220823_033000.WAV,Telephone Field,recover-20220825,002,1795
304.8535,304.892,68437,81576,Rhinolophus ferrumequinum,0.023,0.023,-1,Echolocation,/mnt/ubna_data_01_mir/recover-20220825/UBNA_002/20220823_033000.WAV,Telephone Field,recover-20220825,002,1795
304.8655,304.8731,57265,62173,Pipistrellus pygmaeus,0.022,0.022,-1,Echolocation,/mnt/ubna_data_01_mir/recover-20220825/UBNA_002/20220823_033000.WAV,Telephone Field,recover-20220825,002,1795
304.8765,304.8863,27187,36094,Eptesicus serotinus,0.011,0.024,-1,Echolocation,/mnt/ubna_data_01_mir/recover-20220825/UBNA_002/20220823_033000.WAV,Telephone Field,recover-20220825,002,1795
304.9115,304.9536,68437,82851,Rhinolophus ferrumequinum,0.026,0.026,-1,Echolocation,/mnt/ubna_data_01_mir/recover-20220825/UBNA_002/20220823_033000.WAV,Telephone Field,recover-20220825,002,1795
304.9225,304.9637,68437,83061,Rhinolophus ferrumequinum,0.031,0.032,-1,Echolocation,/mnt/ubna_data_01_mir/recover-20220825/UBNA_002/20220823_033000.WAV,Telephone Field,recover-20220825,002,1795
304.9485,304.988,68437,82230,Rhinolophus ferrumequinum,0.024,0.024,-1,Echolocation,/mnt/ubna_data_01_mir/recover-20220825/UBNA_002/20220823_033000.WAV,Telephone Field,recover-20220825,002,1795
304.9535,304.9927,68437,82686,Rhinolophus ferrumequinum,0.025,0.025,-1,Echolocation,/mnt/ubna_data_01_mir/recover-20220825/UBNA_002/20220823_033000.WAV,Telephone Field,recover-20220825,002,1795
304.9715,305.0117,68437,82798,Rhinolophus ferrumequinum,0.028,0.028,-1,Echolocation,/mnt/ubna_data_01_mir/recover-20220825/UBNA_002/20220823_033000.WAV,Telephone Field,recover-20220825,002,1795
304.9965,305.0391,68437,82864,Rhinolophus ferrumequinum,0.031,0.031,-1,Echolocation,/mnt/ubna_data_01_mir/recover-20220825/UBNA_002/20220823_033000.WAV,Telephone Field,recover-20220825,002,1795
305.0225,305.0588,68437,81796,Rhinolophus ferrumequinum,0.021,0.021,-1,Echolocation,/mnt/ubna_data_01_mir/recover-20220825/UBNA_002/20220823_033000.WAV,Telephone Field,recover-20220825,002,1795
305.0835,305.0935,28906,35993,Eptesicus serotinus,0.009,0.024,-1,Echolocation,/mnt/ubna_data_01_mir/recover-20220825/UBNA_002/20220823_033000.WAV,Telephone Field,recover-20220825,002,1795
305.1015,305.111,27187,36249,Eptesicus serotinus,0.03,0.052,-1,Echolocation,/mnt/ubna_data_01_mir/recover-20220825/UBNA_002/20220823_033000.WAV,Telephone Field,recover-20220825,002,1795
305.1105,305.124,22031,26229,Nyctalus leisleri,0.013,0.025,-1,Echolocation,/mnt/ubna_data_01_mir/recover-20220825/UBNA_002/20220823_033000.WAV,Telephone Field,recover-20220825,002,1795
305.1345,305.1786,68437,83430,Rhinolophus ferrumequinum,0.042,0.042,-1,Echolocation,/mnt/ubna_data_01_mir/recover-20220825/UBNA_002/20220823_033000.WAV,Telephone Field,recover-20220825,002,1795
305.1575,305.1968,68437,82330,Rhinolophus ferrumequinum,0.021,0.021,-1,Echolocation,/mnt/ubna_data_01_mir/recover-20220825/UBNA_002/20220823_033000.WAV,Telephone Field,recover-20220825,002,1795
305.1785,305.1907,22031,25909,Nyctalus leisleri,0.015,0.025,-1,Echolocation,/mnt/ubna_data_01_mir/recover-20220825/UBNA_002/20220823_033000.WAV,Telephone Field,recover-20220825,002,1795
305.2115,305.2503,68437,82325,Rhinolophus ferrumequinum,0.026,0.026,-1,Echolocation,/mnt/ubna_data_01_mir/recover-20220825/UBNA_002/20220823_033000.WAV,Telephone Field,recover-20220825,002,1795
305.2315,305.2405,28906,38192,Eptesicus serotinus,0.008,0.021,-1,Echolocation,/mnt/ubna_data_01_mir/recover-20220825/UBNA_002/20220823_033000.WAV,Telephone Field,recover-20220825,002,1795
305.2335,305.2722,68437,82444,Rhinolophus ferrumequinum,0.031,0.031,-1,Echolocation,/mnt/ubna_data_01_mir/recover-20220825/UBNA_002/20220823_033000.WAV,Telephone Field,recover-20220825,002,1795
305.2495,305.2879,68437,81517,Rhinolophus ferrumequinum,0.023,0.023,-1,Echolocation,/mnt/ubna_data_01_mir/recover-20220825/UBNA_002/20220823_033000.WAV,Telephone Field,recover-20220825,002,1795
305.2715,305.3125,68437,82955,Rhinolophus ferrumequinum,0.031,0.031,-1,Echolocation,/mnt/ubna_data_01_mir/recover-20220825/UBNA_002/20220823_033000.WAV,Telephone Field,recover-20220825,002,1795
305.3215,305.3323,23750,30408,Nyctalus leisleri,0.01,0.026,-1,Echolocation,/mnt/ubna_data_01_mir/recover-20220825/UBNA_002/20220823_033000.WAV,Telephone Field,recover-20220825,002,1795
305.3255,305.3636,68437,81851,Rhinolophus ferrumequinum,0.023,0.024,-1,Echolocation,/mnt/ubna_data_01_mir/recover-20220825/UBNA_002/20220823_033000.WAV,Telephone Field,recover-20220825,002,1795
305.3725,305.3786,13437,29967,Plecotus auritus,0.03,0.033,-1,Echolocation,/mnt/ubna_data_01_mir/recover-20220825/UBNA_002/20220823_033000.WAV,Telephone Field,recover-20220825,002,1795
305.3765,305.39,21171,24473,Nyctalus leisleri,0.018,0.03,-1,Echolocation,/mnt/ubna_data_01_mir/recover-20220825/UBNA_002/20220823_033000.WAV,Telephone Field,recover-20220825,002,1795
305.4065,305.4149,28046,39304,Eptesicus serotinus,0.01,0.026,-1,Echolocation,/mnt/ubna_data_01_mir/recover-20220825/UBNA_002/20220823_033000.WAV,Telephone Field,recover-20220825,002,1795
305.4255,305.4362,22890,27681,Nyctalus leisleri,0.011,0.022,-1,Echolocation,/mnt/ubna_data_01_mir/recover-20220825/UBNA_002/20220823_033000.WAV,Telephone Field,recover-20220825,002,1795
305.4315,305.4704,68437,82006,Rhinolophus ferrumequinum,0.024,0.024,-1,Echolocation,/mnt/ubna_data_01_mir/recover-20220825/UBNA_002/20220823_033000.WAV,Telephone Field,recover-20220825,002,1795
305.4575,305.4954,68437,81852,Rhinolophus ferrumequinum,0.022,0.022,-1,Echolocation,/mnt/ubna_data_01_mir/recover-20220825/UBNA_002/20220823_033000.WAV,Telephone Field,recover-20220825,002,1795
305.4655,305.5034,68437,81945,Rhinolophus ferrumequinum,0.024,0.024,-1,Echolocation,/mnt/ubna_data_01_mir/recover-20220825/UBNA_002/20220823_033000.WAV,Telephone Field,recover-20220825,002,1795
305.5535,305.592,68437,82098,Rhinolophus ferrumequinum,0.023,0.023,-1,Echolocation,/mnt/ubna_data_01_mir/recover-20220825/UBNA_002/20220823_033000.WAV,Telephone Field,recover-20220825,002,1795
305.5625,305.5734,25468,32710,Eptesicus serotinus,0.014,0.03,-1,Echolocation,/mnt/ubna_data_01_mir/recover-20220825/UBNA_002/20220823_033000.WAV,Telephone Field,recover-20220825,002,1795
305.5895,305.6276,68437,82153,Rhinolophus ferrumequinum,0.024,0.024,-1,Echolocation,/mnt/ubna_data_01_mir/recover-20220825/UBNA_002/20220823_033000.WAV,Telephone Field,recover-20220825,002,1795
305.6095,305.6434,68437,80853,Rhinolophus ferrumequinum,0.022,0.022,-1,Echolocation,/mnt/ubna_data_01_mir/recover-20220825/UBNA_002/20220823_033000.WAV,Telephone Field,recover-20220825,002,1795
305.6145,305.6522,68437,81878,Rhinolophus ferrumequinum,0.023,0.023,-1,Echolocation,/mnt/ubna_data_01_mir/recover-20220825/UBNA_002/20220823_033000.WAV,Telephone Field,recover-20220825,002,1795
305.6435,305.6512,28906,39855,Eptesicus serotinus,0.009,0.029,-1,Echolocation,/mnt/ubna_data_01_mir/recover-20220825/UBNA_002/20220823_033000.WAV,Telephone Field,recover-20220825,002,1795
305.6625,305.6712,28046,38520,Eptesicus serotinus,0.012,0.026,-1,Echolocation,/mnt/ubna_data_01_mir/recover-20220825/UBNA_002/20220823_033000.WAV,Telephone Field,recover-20220825,002,1795
305.7235,305.7627,68437,82218,Rhinolophus ferrumequinum,0.023,0.023,-1,Echolocation,/mnt/ubna_data_01_mir/recover-20220825/UBNA_002/20220823_033000.WAV,Telephone Field,recover-20220825,002,1795
305.7445,305.7812,68437,81758,Rhinolophus ferrumequinum,0.021,0.021,-1,Echolocation,/mnt/ubna_data_01_mir/recover-20220825/UBNA_002/20220823_033000.WAV,Telephone Field,recover-20220825,002,1795
305.7515,305.7889,68437,82094,Rhinolophus ferrumequinum,0.023,0.023,-1,Echolocation,/mnt/ubna_data_01_mir/recover-20220825/UBNA_002/20220823_033000.WAV,Telephone Field,recover-20220825,002,1795
305.7615,305.8011,68437,82199,Rhinolophus ferrumequinum,0.028,0.028,-1,Echolocation,/mnt/ubna_data_01_mir/recover-20220825/UBNA_002/20220823_033000.WAV,Telephone Field,recover-20220825,002,1795
305.7745,305.8111,68437,82627,Rhinolophus ferrumequinum,0.022,0.022,-1,Echolocation,/mnt/ubna_data_01_mir/recover-20220825/UBNA_002/20220823_033000.WAV,Telephone Field,recover-20220825,002,1795
305.7925,305.8027,54687,59202,Pipistrellus pygmaeus,0.022,0.024,-1,Echolocation,/mnt/ubna_data_01_mir/recover-20220825/UBNA_002/20220823_033000.WAV,Telephone Field,recover-20220825,002,1795
305.7945,305.8315,68437,82303,Rhinolophus ferrumequinum,0.023,0.023,-1,Echolocation,/mnt/ubna_data_01_mir/recover-20220825/UBNA_002/20220823_033000.WAV,Telephone Field,recover-20220825,002,1795
305.8165,305.8575,68437,82689,Rhinolophus ferrumequinum,0.026,0.026,-1,Echolocation,/mnt/ubna_data_01_mir/recover-20220825/UBNA_002/20220823_033000.WAV,Telephone Field,recover-20220825,002,1795
305.8335,305.8444,24609,31599,Eptesicus serotinus,0.01,0.024,-1,Echolocation,/mnt/ubna_data_01_mir/recover-20220825/UBNA_002/20220823_033000.WAV,Telephone Field,recover-20220825,002,1795
305.8365,305.8746,68437,82374,Rhinolophus ferrumequinum,0.023,0.023,-1,Echolocation,/mnt/ubna_data_01_mir/recover-20220825/UBNA_002/20220823_033000.WAV,Telephone Field,recover-20220825,002,1795
305.8615,305.8699,28046,40653,Eptesicus serotinus,0.009,0.027,-1,Echolocation,/mnt/ubna_data_01_mir/recover-20220825/UBNA_002/20220823_033000.WAV,Telephone Field,recover-20220825,002,1795
305.9095,305.9509,68437,83300,Rhinolophus ferrumequinum,0.044,0.044,-1,Echolocation,/mnt/ubna_data_01_mir/recover-20220825/UBNA_002/20220823_033000.WAV,Telephone Field,recover-20220825,002,1795
305.9825,305.9926,22890,29336,Nyctalus leisleri,0.008,0.021,-1,Echolocation,/mnt/ubna_data_01_mir/recover-20220825/UBNA_002/20220823_033000.WAV,Telephone Field,recover-20220825,002,1795
306.0015,306.01,46953,54116,Pipistrellus pipistrellus,0.014,0.024,-1,Echolocation,/mnt/ubna_data_01_mir/recover-20220825/UBNA_002/20220823_033000.WAV,Telephone Field,recover-20220825,002,1795
306.0015,306.0092,25468,37990,Eptesicus serotinus,0.005,0.026,-1,Echolocation,/mnt/ubna_data_01_mir/recover-20220825/UBNA_002/20220823_033000.WAV,Telephone Field,recover-20220825,002,1795
306.0015,306.0349,68437,79623,Rhinolophus ferrumequinum,0.058,0.058,-1,Echolocation,/mnt/ubna_data_01_mir/recover-20220825/UBNA_002/20220823_033000.WAV,Telephone Field,recover-20220825,002,1795
306.0335,306.0717,68437,81848,Rhinolophus ferrumequinum,0.026,0.026,-1,Echolocation,/mnt/ubna_data_01_mir/recover-20220825/UBNA_002/20220823_033000.WAV,Telephone Field,recover-20220825,002,1795
306.0615,306.0747,24609,30538,Nyctalus leisleri,0.015,0.04,-1,Echolocation,/mnt/ubna_data_01_mir/recover-20220825/UBNA_002/20220823_033000.WAV,Telephone Field,recover-20220825,002,1795
306.1055,306.1221,19453,22936,Nyctalus leisleri,0.012,0.024,-1,Echolocation,/mnt/ubna_data_01_mir/recover-20220825/UBNA_002/20220823_033000.WAV,Telephone Field,recover-20220825,002,1795
306.1545,306.1656,22890,28193,Nyctalus leisleri,0.013,0.029,-1,Echolocation,/mnt/ubna_data_01_mir/recover-20220825/UBNA_002/20220823_033000.WAV,Telephone Field,recover-20220825,002,1795
306.1835,306.1914,27187,39250,Eptesicus serotinus,0.008,0.024,-1,Echolocation,/mnt/ubna_data_01_mir/recover-20220825/UBNA_002/20220823_033000.WAV,Telephone Field,recover-20220825,002,1795
306.1885,306.2309,68437,83516,Rhinolophus ferrumequinum,0.046,0.046,-1,Echolocation,/mnt/ubna_data_01_mir/recover-20220825/UBNA_002/20220823_033000.WAV,Telephone Field,recover-20220825,002,1795
306.3155,306.3228,27187,40492,Eptesicus serotinus,0.01,0.031,-1,Echolocation,/mnt/ubna_data_01_mir/recover-20220825/UBNA_002/20220823_033000.WAV,Telephone Field,recover-20220825,002,1795
306.3655,306.3725,32343,43655,Myotis daubentonii,0.016,0.032,-1,Echolocation,/mnt/ubna_data_01_mir/recover-20220825/UBNA_002/20220823_033000.WAV,Telephone Field,recover-20220825,002,1795
306.3705,306.3818,27187,34483,Eptesicus serotinus,0.015,0.033,-1,Echolocation,/mnt/ubna_data_01_mir/recover-20220825/UBNA_002/20220823_033000.WAV,Telephone Field,recover-20220825,002,1795
306.3765,306.417,68437,82891,Rhinolophus ferrumequinum,0.025,0.025,-1,Echolocation,/mnt/ubna_data_01_mir/recover-20220825/UBNA_002/20220823_033000.WAV,Telephone Field,recover-20220825,002,1795
306.4275,306.4371,47812,51616,Pipistrellus pipistrellus,0.022,0.028,-1,Echolocation,/mnt/ubna_data_01_mir/recover-20220825/UBNA_002/20220823_033000.WAV,Telephone Field,recover-20220825,002,1795
306.4495,306.491,68437,82467,Rhinolophus ferrumequinum,0.024,0.024,-1,Echolocation,/mnt/ubna_data_01_mir/recover-20220825/UBNA_002/20220823_033000.WAV,Telephone Field,recover-20220825,002,1795
306.5175,306.5567,68437,83170,Rhinolophus ferrumequinum,0.027,0.027,-1,Echolocation,/mnt/ubna_data_01_mir/recover-20220825/UBNA_002/20220823_033000.WAV,Telephone Field,recover-20220825,002,1795
306.5595,306.57,28046,35963,Eptesicus serotinus,0.015,0.028,-1,Echolocation,/mnt/ubna_data_01_mir/recover-20220825/UBNA_002/20220823_033000.WAV,Telephone Field,recover-20220825,002,1795
306.5815,306.5884,27187,39269,Eptesicus serotinus,0.007,0.024,-1,Echolocation,/mnt/ubna_data_01_mir/recover-20220825/UBNA_002/20220823_033000.WAV,Telephone Field,recover-20220825,002,1795
306.5925,306.6068,14296,18430,Nyctalus noctula,0.018,0.031,-1,Echolocation,/mnt/ubna_data_01_mir/recover-20220825/UBNA_002/20220823_033000.WAV,Telephone Field,recover-20220825,002,1795
306.6075,306.6146,23750,32866,Plecotus austriacus,0.011,0.026,-1,Echolocation,/mnt/ubna_data_01_mir/recover-20220825/UBNA_002/20220823_033000.WAV,Telephone Field,recover-20220825,002,1795
306.6315,306.6399,27187,36620,Eptesicus serotinus,0.009,0.025,-1,Echolocation,/mnt/ubna_data_01_mir/recover-20220825/UBNA_002/20220823_033000.WAV,Telephone Field,recover-20220825,002,1795
306.8385,306.847,25468,33861,Eptesicus serotinus,0.007,0.024,-1,Echolocation,/mnt/ubna_data_01_mir/recover-20220825/UBNA_002/20220823_033000.WAV,Telephone Field,recover-20220825,002,1795
306.8515,306.8651,23750,28366,Nyctalus leisleri,0.013,0.025,-1,Echolocation,/mnt/ubna_data_01_mir/recover-20220825/UBNA_002/20220823_033000.WAV,Telephone Field,recover-20220825,002,1795
306.8805,306.9235,68437,82903,Rhinolophus ferrumequinum,0.031,0.031,-1,Echolocation,/mnt/ubna_data_01_mir/recover-20220825/UBNA_002/20220823_033000.WAV,Telephone Field,recover-20220825,002,1795
306.8875,306.8954,28046,38646,Eptesicus serotinus,0.009,0.026,-1,Echolocation,/mnt/ubna_data_01_mir/recover-20220825/UBNA_002/20220823_033000.WAV,Telephone Field,recover-20220825,002,1795
306.9085,306.9508,68437,83197,Rhinolophus ferrumequinum,0.031,0.031,-1,Echolocation,/mnt/ubna_data_01_mir/recover-20220825/UBNA_002/20220823_033000.WAV,Telephone Field,recover-20220825,002,1795
306.9545,306.9637,44375,49630,Pipistrellus pipistrellus,0.012,0.025,-1,Echolocation,/mnt/ubna_data_01_mir/recover-20220825/UBNA_002/20220823_033000.WAV,Telephone Field,recover-20220825,002,1795
306.9585,306.9645,36640,48625,Myotis daubentonii,0.021,0.036,-1,Echolocation,/mnt/ubna_data_01_mir/recover-20220825/UBNA_002/20220823_033000.WAV,Telephone Field,recover-20220825,002,1795
306.9745,307.0121,68437,81859,Rhinolophus ferrumequinum,0.024,0.024,-1,Echolocation,/mnt/ubna_data_01_mir/recover-20220825/UBNA_002/20220823_033000.WAV,Telephone Field,recover-20220825,002,1795
306.9855,306.9928,50390,54663,Pipistrellus pipistrellus,0.02,0.023,-1,Echolocation,/mnt/ubna_data_01_mir/recover-20220825/UBNA_002/20220823_033000.WAV,Telephone Field,recover-20220825,002,1795
306.9865,307.0047,21171,24558,Nyctalus leisleri,0.014,0.026,-1,Echolocation,/mnt/ubna_data_01_mir/recover-20220825/UBNA_002/20220823_033000.WAV,Telephone Field,recover-20220825,002,1795
306.9995,307.0397,68437,82703,Rhinolophus ferrumequinum,0.025,0.025,-1,Echolocation,/mnt/ubna_data_01_mir/recover-20220825/UBNA_002/20220823_033000.WAV,Telephone Field,recover-20220825,002,1795
307.0175,307.0571,68437,83120,Rhinolophus ferrumequinum,0.026,0.026,-1,Echolocation,/mnt/ubna_data_01_mir/recover-20220825/UBNA_002/20220823_033000.WAV,Telephone Field,recover-20220825,002,1795
307.0455,307.0854,68437,82910,Rhinolophus ferrumequinum,0.024,0.024,-1,Echolocation,/mnt/ubna_data_01_mir/recover-20220825/UBNA_002/20220823_033000.WAV,Telephone Field,recover-20220825,002,1795
307.0795,307.1176,68437,81464,Rhinolophus ferrumequinum,0.023,0.024,-1,Echolocation,/mnt/ubna_data_01_mir/recover-20220825/UBNA_002/20220823_033000.WAV,Telephone Field,recover-20220825,002,1795
307.0925,307.1009,26328,34776,Eptesicus serotinus,0.008,0.024,-1,Echolocation,/mnt/ubna_data_01_mir/recover-20220825/UBNA_002/20220823_033000.WAV,Telephone Field,recover-20220825,002,1795
307.1065,307.1501,68437,82966,Rhinolophus ferrumequinum,0.027,0.027,-1,Echolocation,/mnt/ubna_data_01_mir/recover-20220825/UBNA_002/20220823_033000.WAV,Telephone Field,recover-20220825,002,1795
307.1185,307.1283,24609,31806,Eptesicus serotinus,0.009,0.024,-1,Echolocation,/mnt/ubna_data_01_mir/recover-20220825/UBNA_002/20220823_033000.WAV,Telephone Field,recover-20220825,002,1795
307.1315,307.1437,24609,30593,Eptesicus serotinus,0.011,0.029,-1,Echolocation,/mnt/ubna_data_01_mir/recover-20220825/UBNA_002/20220823_033000.WAV,Telephone Field,recover-20220825,002,1795
307.1415,307.1515,28046,35278,Eptesicus serotinus,0.009,0.024,-1,Echolocation,/mnt/ubna_data_01_mir/recover-20220825/UBNA_002/20220823_033000.WAV,Telephone Field,recover-20220825,002,1795
307.1735,307.1786,38359,50060,Myotis daubentonii,0.021,0.038,-1,Echolocation,/mnt/ubna_data_01_mir/recover-20220825/UBNA_002/20220823_033000.WAV,Telephone Field,recover-20220825,002,1795
307.1745,307.18,31484,50066,Myotis daubentonii,0.03,0.046,-1,Echolocation,/mnt/ubna_data_01_mir/recover-20220825/UBNA_002/20220823_033000.WAV,Telephone Field,recover-20220825,002,1795
307.1885,307.1975,27187,36299,Eptesicus serotinus,0.009,0.024,-1,Echolocation,/mnt/ubna_data_01_mir/recover-20220825/UBNA_002/20220823_033000.WAV,Telephone Field,recover-20220825,002,1795
307.2275,307.2365,27187,35416,Eptesicus serotinus,0.008,0.024,-1,Echolocation,/mnt/ubna_data_01_mir/recover-20220825/UBNA_002/20220823_033000.WAV,Telephone Field,recover-20220825,002,1795
307.2595,307.2701,24609,31037,Nyctalus leisleri,0.012,0.032,-1,Echolocation,/mnt/ubna_data_01_mir/recover-20220825/UBNA_002/20220823_033000.WAV,Telephone Field,recover-20220825,002,1795
307.2665,307.2737,39218,47315,Pipistrellus nathusii,0.066,0.125,-1,Echolocation,/mnt/ubna_data_01_mir/recover-20220825/UBNA_002/20220823_033000.WAV,Telephone Field,recover-20220825,002,1795
307.2885,307.2951,27187,37659,Eptesicus serotinus,0.008,0.033,-1,Echolocation,/mnt/ubna_data_01_mir/recover-20220825/UBNA_002/20220823_033000.WAV,Telephone Field,recover-20220825,002,1795
307.3145,307.3313,21171,24900,Nyctalus leisleri,0.014,0.026,-1,Echolocation,/mnt/ubna_data_01_mir/recover-20220825/UBNA_002/20220823_033000.WAV,Telephone Field,recover-20220825,002,1795
307.3285,307.3356,27187,37160,Eptesicus serotinus,0.008,0.024,-1,Echolocation,/mnt/ubna_data_01_mir/recover-20220825/UBNA_002/20220823_033000.WAV,Telephone Field,recover-20220825,002,1795
307.3585,307.3635,38359,53607,Myotis daubentonii,0.03,0.066,-1,Echolocation,/mnt/ubna_data_01_mir/recover-20220825/UBNA_002/20220823_033000.WAV,Telephone Field,recover-20220825,002,1795
307.3595,307.3652,25468,47574,Myotis daubentonii,0.009,0.038,-1,Echolocation,/mnt/ubna_data_01_mir/recover-20220825/UBNA_002/20220823_033000.WAV,Telephone Field,recover-20220825,002,1795
307.4185,307.4247,32343,51460,Myotis daubentonii,0.015,0.029,-1,Echolocation,/mnt/ubna_data_01_mir/recover-20220825/UBNA_002/20220823_033000.WAV,Telephone Field,recover-20220825,002,1795
307.4505,307.456,30625,61582,Myotis brandtii,0.034,0.066,-1,Echolocation,/mnt/ubna_data_01_mir/recover-20220825/UBNA_002/20220823_033000.WAV,Telephone Field,recover-20220825,002,1795
307.4515,307.4565,40078,49630,Pipistrellus nathusii,0.115,0.332,-1,Echolocation,/mnt/ubna_data_01_mir/recover-20220825/UBNA_002/20220823_033000.WAV,Telephone Field,recover-20220825,002,1795
307.5035,307.5448,68437,82275,Rhinolophus ferrumequinum,0.026,0.026,-1,Echolocation,/mnt/ubna_data_01_mir/recover-20220825/UBNA_002/20220823_033000.WAV,Telephone Field,recover-20220825,002,1795
307.5185,307.5271,27187,37105,Eptesicus serotinus,0.009,0.024,-1,Echolocation,/mnt/ubna_data_01_mir/recover-20220825/UBNA_002/20220823_033000.WAV,Telephone Field,recover-20220825,002,1795
307.5415,307.5474,40078,49529,Myotis daubentonii,0.02,0.054,-1,Echolocation,/mnt/ubna_data_01_mir/recover-20220825/UBNA_002/20220823_033000.WAV,Telephone Field,recover-20220825,002,1795
307.5895,307.5986,27187,35893,Eptesicus serotinus,0.009,0.024,-1,Echolocation,/mnt/ubna_data_01_mir/recover-20220825/UBNA_002/20220823_033000.WAV,Telephone Field,recover-20220825,002,1795
307.6075,307.644,68437,81873,Rhinolophus ferrumequinum,0.024,0.024,-1,Echolocation,/mnt/ubna_data_01_mir/recover-20220825/UBNA_002/20220823_033000.WAV,Telephone Field,recover-20220825,002,1795
307.6085,307.618,37500,44982,Pipistrellus nathusii,0.013,0.025,-1,Echolocation,/mnt/ubna_data_01_mir/recover-20220825/UBNA_002/20220823_033000.WAV,Telephone Field,recover-20220825,002,1795
307.6685,307.6737,40937,51994,Myotis daubentonii,0.103,0.245,-1,Echolocation,/mnt/ubna_data_01_mir/recover-20220825/UBNA_002/20220823_033000.WAV,Telephone Field,recover-20220825,002,1795
307.6695,307.675,30625,63537,Myotis daubentonii,0.022,0.049,-1,Echolocation,/mnt/ubna_data_01_mir/recover-20220825/UBNA_002/20220823_033000.WAV,Telephone Field,recover-20220825,002,1795
307.7135,307.7562,68437,83464,Rhinolophus ferrumequinum,0.024,0.024,-1,Echolocation,/mnt/ubna_data_01_mir/recover-20220825/UBNA_002/20220823_033000.WAV,Telephone Field,recover-20220825,002,1795
307.7335,307.7407,38359,52207,Myotis brandtii,0.008,0.026,-1,Echolocation,/mnt/ubna_data_01_mir/recover-20220825/UBNA_002/20220823_033000.WAV,Telephone Field,recover-20220825,002,1795
307.7535,307.7611,40937,47570,Pipistrellus nathusii,0.116,0.199,-1,Echolocation,/mnt/ubna_data_01_mir/recover-20220825/UBNA_002/20220823_033000.WAV,Telephone Field,recover-20220825,002,1795
307.7555,307.7959,68437,82500,Rhinolophus ferrumequinum,0.028,0.028,-1,Echolocation,/mnt/ubna_data_01_mir/recover-20220825/UBNA_002/20220823_033000.WAV,Telephone Field,recover-20220825,002,1795
307.7955,307.8335,68437,81756,Rhinolophus ferrumequinum,0.024,0.024,-1,Echolocation,/mnt/ubna_data_01_mir/recover-20220825/UBNA_002/20220823_033000.WAV,Telephone Field,recover-20220825,002,1795
307.8095,307.8495,68437,82419,Rhinolophus ferrumequinum,0.025,0.025,-1,Echolocation,/mnt/ubna_data_01_mir/recover-20220825/UBNA_002/20220823_033000.WAV,Telephone Field,recover-20220825,002,1795
307.8125,307.8212,28046,36578,Eptesicus serotinus,0.012,0.032,-1,Echolocation,/mnt/ubna_data_01_mir/recover-20220825/UBNA_002/20220823_033000.WAV,Telephone Field,recover-20220825,002,1795
307.8415,307.8467,40937,51482,Myotis daubentonii,0.168,0.448,-1,Echolocation,/mnt/ubna_data_01_mir/recover-20220825/UBNA_002/20220823_033000.WAV,Telephone Field,recover-20220825,002,1795
307.9025,307.9134,25468,33161,Eptesicus serotinus,0.018,0.049,-1,Echolocation,/mnt/ubna_data_01_mir/recover-20220825/UBNA_002/20220823_033000.WAV,Telephone Field,recover-20220825,002,1795
307.9135,307.9212,27187,36285,Eptesicus serotinus,0.007,0.024,-1,Echolocation,/mnt/ubna_data_01_mir/recover-20220825/UBNA_002/20220823_033000.WAV,Telephone Field,recover-20220825,002,1795
307.9325,307.9374,38359,48838,Myotis daubentonii,0.107,0.368,-1,Echolocation,/mnt/ubna_data_01_mir/recover-20220825/UBNA_002/20220823_033000.WAV,Telephone Field,recover-20220825,002,1795
307.9375,307.9794,68437,82861,Rhinolophus ferrumequinum,0.024,0.024,-1,Echolocation,/mnt/ubna_data_01_mir/recover-20220825/UBNA_002/20220823_033000.WAV,Telephone Field,recover-20220825,002,1795
308.0015,308.0106,23750,31030,Nyctalus leisleri,0.024,0.062,-1,Echolocation,/mnt/ubna_data_01_mir/recover-20220825/UBNA_002/20220823_033000.WAV,Telephone Field,recover-20220825,002,1795
308.0015,308.0345,68437,79540,Rhinolophus ferrumequinum,0.043,0.043,-1,Echolocation,/mnt/ubna_data_01_mir/recover-20220825/UBNA_002/20220823_033000.WAV,Telephone Field,recover-20220825,002,1795
308.0235,308.0289,38359,54404,Pipistrellus nathusii,0.194,0.516,-1,Echolocation,/mnt/ubna_data_01_mir/recover-20220825/UBNA_002/20220823_033000.WAV,Telephone Field,recover-20220825,002,1795
308.0245,308.0306,27187,56475,Myotis daubentonii,0.036,0.064,-1,Echolocation,/mnt/ubna_data_01_mir/recover-20220825/UBNA_002/20220823_033000.WAV,Telephone Field,recover-20220825,002,1795
308.0325,308.0385,30625,40004,Myotis daubentonii,0.013,0.023,-1,Echolocation,/mnt/ubna_data_01_mir/recover-20220825/UBNA_002/20220823_033000.WAV,Telephone Field,recover-20220825,002,1795
308.0425,308.0803,68437,81717,Rhinolophus ferrumequinum,0.022,0.022,-1,Echolocation,/mnt/ubna_data_01_mir/recover-20220825/UBNA_002/20220823_033000.WAV,Telephone Field,recover-20220825,002,1795
308.0455,308.0565,14296,21865,Nyctalus noctula,0.014,0.025,-1,Echolocation,/mnt/ubna_data_01_mir/recover-20220825/UBNA_002/20220823_033000.WAV,Telephone Field,recover-20220825,002,1795
308.0545,308.0903,68437,81094,Rhinolophus ferrumequinum,0.022,0.022,-1,Echolocation,/mnt/ubna_data_01_mir/recover-20220825/UBNA_002/20220823_033000.WAV,Telephone Field,recover-20220825,002,1795
308.1155,308.1225,39218,50994,Pipistrellus nathusii,0.3,0.445,-1,Echolocation,/mnt/ubna_data_01_mir/recover-20220825/UBNA_002/20220823_033000.WAV,Telephone Field,recover-20220825,002,1795
308.1225,308.1587,68437,82125,Rhinolophus ferrumequinum,0.024,0.024,-1,Echolocation,/mnt/ubna_data_01_mir/recover-20220825/UBNA_002/20220823_033000.WAV,Telephone Field,recover-20220825,002,1795
308.1285,308.1667,68437,82243,Rhinolophus ferrumequinum,0.022,0.022,-1,Echolocation,/mnt/ubna_data_01_mir/recover-20220825/UBNA_002/20220823_033000.WAV,Telephone Field,recover-20220825,002,1795
308.1645,308.1701,32343,44304,Myotis daubentonii,0.015,0.029,-1,Echolocation,/mnt/ubna_data_01_mir/recover-20220825/UBNA_002/20220823_033000.WAV,Telephone Field,recover-20220825,002,1795
308.1805,308.1977,21171,24130,Nyctalus leisleri,0.018,0.032,-1,Echolocation,/mnt/ubna_data_01_mir/recover-20220825/UBNA_002/20220823_033000.WAV,Telephone Field,recover-20220825,002,1795
308.2035,308.2104,38359,46590,Pipistrellus nathusii,0.405,0.542,-1,Echolocation,/mnt/ubna_data_01_mir/recover-20220825/UBNA_002/20220823_033000.WAV,Telephone Field,recover-20220825,002,1795
308.2245,308.2626,68437,82512,Rhinolophus ferrumequinum,0.025,0.025,-1,Echolocation,/mnt/ubna_data_01_mir/recover-20220825/UBNA_002/20220823_033000.WAV,Telephone Field,recover-20220825,002,1795
308.2525,308.2708,18593,21965,Nyctalus noctula,0.012,0.022,-1,Echolocation,/mnt/ubna_data_01_mir/recover-20220825/UBNA_002/20220823_033000.WAV,Telephone Field,recover-20220825,002,1795
308.2645,308.2722,26328,37751,Eptesicus serotinus,0.008,0.026,-1,Echolocation,/mnt/ubna_data_01_mir/recover-20220825/UBNA_002/20220823_033000.WAV,Telephone Field,recover-20220825,002,1795
308.2745,308.3187,68437,83031,Rhinolophus ferrumequinum,0.054,0.054,-1,Echolocation,/mnt/ubna_data_01_mir/recover-20220825/UBNA_002/20220823_033000.WAV,Telephone Field,recover-20220825,002,1795
308.3285,308.3346,39218,51855,Pipistrellus nathusii,0.319,0.517,-1,Echolocation,/mnt/ubna_data_01_mir/recover-20220825/UBNA_002/20220823_033000.WAV,Telephone Field,recover-20220825,002,1795
308.3475,308.3861,68437,82714,Rhinolophus ferrumequinum,0.032,0.032,-1,Echolocation,/mnt/ubna_data_01_mir/recover-20220825/UBNA_002/20220823_033000.WAV,Telephone Field,recover-20220825,002,1795
308.3815,308.4171,68437,81545,Rhinolophus ferrumequinum,0.023,0.023,-1,Echolocation,/mnt/ubna_data_01_mir/recover-20220825/UBNA_002/20220823_033000.WAV,Telephone Field,recover-20220825,002,1795
308.3905,308.3997,49531,54091,Pipistrellus pipistrellus,0.013,0.022,-1,Echolocation,/mnt/ubna_data_01_mir/recover-20220825/UBNA_002/20220823_033000.WAV,Telephone Field,recover-20220825,002,1795
308.3925,308.3996,37500,53387,Pipistrellus nathusii,0.168,0.468,-1,Echolocation,/mnt/ubna_data_01_mir/recover-20220825/UBNA_002/20220823_033000.WAV,Telephone Field,recover-20220825,002,1795
308.4035,308.4135,28046,35127,Eptesicus serotinus,0.013,0.031,-1,Echolocation,/mnt/ubna_data_01_mir/recover-20220825/UBNA_002/20220823_033000.WAV,Telephone Field,recover-20220825,002,1795
308.4305,308.4677,68437,82083,Rhinolophus ferrumequinum,0.025,0.025,-1,Echolocation,/mnt/ubna_data_01_mir/recover-20220825/UBNA_002/20220823_033000.WAV,Telephone Field,recover-20220825,002,1795
308.4315,308.4504,20312,23244,Nyctalus leisleri,0.014,0.025,-1,Echolocation,/mnt/ubna_data_01_mir/recover-20220825/UBNA_002/20220823_033000.WAV,Telephone Field,recover-20220825,002,1795
308.4735,308.509,68437,81111,Rhinolophus ferrumequinum,0.021,0.021,-1,Echolocation,/mnt/ubna_data_01_mir/recover-20220825/UBNA_002/20220823_033000.WAV,Telephone Field,recover-20220825,002,1795
308.4775,308.4846,38359,51296,Pipistrellus nathusii,0.226,0.493,-1,Echolocation,/mnt/ubna_data_01_mir/recover-20220825/UBNA_002/20220823_033000.WAV,Telephone Field,recover-20220825,002,1795
308.5225,308.5302,28046,39399,Eptesicus serotinus,0.007,0.023,-1,Echolocation,/mnt/ubna_data_01_mir/recover-20220825/UBNA_002/20220823_033000.WAV,Telephone Field,recover-20220825,002,1795
308.5505,308.5948,68437,83534,Rhinolophus ferrumequinum,0.04,0.04,-1,Echolocation,/mnt/ubna_data_01_mir/recover-20220825/UBNA_002/20220823_033000.WAV,Telephone Field,recover-20220825,002,1795
308.5585,308.5691,15156,21414,Nyctalus noctula,0.018,0.031,-1,Echolocation,/mnt/ubna_data_01_mir/recover-20220825/UBNA_002/20220823_033000.WAV,Telephone Field,recover-20220825,002,1795
308.5625,308.5691,37500,46589,Pipistrellus nathusii,0.237,0.496,-1,Echolocation,/mnt/ubna_data_01_mir/recover-20220825/UBNA_002/20220823_033000.WAV,Telephone Field,recover-20220825,002,1795
308.5915,308.6317,68437,82320,Rhinolophus ferrumequinum,0.032,0.032,-1,Echolocation,/mnt/ubna_data_01_mir/recover-20220825/UBNA_002/20220823_033000.WAV,Telephone Field,recover-20220825,002,1795
308.6125,308.6218,40078,44537,Pipistrellus nathusii,0.016,0.027,-1,Echolocation,/mnt/ubna_data_01_mir/recover-20220825/UBNA_002/20220823_033000.WAV,Telephone Field,recover-20220825,002,1795
308.6715,308.7098,68437,81413,Rhinolophus ferrumequinum,0.022,0.022,-1,Echolocation,/mnt/ubna_data_01_mir/recover-20220825/UBNA_002/20220823_033000.WAV,Telephone Field,recover-20220825,002,1795
308.6735,308.6858,37500,42441,Pipistrellus nathusii,0.016,0.025,-1,Echolocation,/mnt/ubna_data_01_mir/recover-20220825/UBNA_002/20220823_033000.WAV,Telephone Field,recover-20220825,002,1795
308.7165,308.7554,68437,82192,Rhinolophus ferrumequinum,0.022,0.022,-1,Echolocation,/mnt/ubna_data_01_mir/recover-20220825/UBNA_002/20220823_033000.WAV,Telephone Field,recover-20220825,002,1795
308.7205,308.7407,20312,23388,Nyctalus leisleri,0.015,0.028,-1,Echolocation,/mnt/ubna_data_01_mir/recover-20220825/UBNA_002/20220823_033000.WAV,Telephone Field,recover-20220825,002,1795
308.7735,308.7835,28906,37224,Eptesicus serotinus,0.01,0.025,-1,Echolocation,/mnt/ubna_data_01_mir/recover-20220825/UBNA_002/20220823_033000.WAV,Telephone Field,recover-20220825,002,1795
308.7805,308.8149,68437,82037,Rhinolophus ferrumequinum,0.024,0.024,-1,Echolocation,/mnt/ubna_data_01_mir/recover-20220825/UBNA_002/20220823_033000.WAV,Telephone Field,recover-20220825,002,1795
308.7925,308.8312,68437,81581,Rhinolophus ferrumequinum,0.023,0.023,-1,Echolocation,/mnt/ubna_data_01_mir/recover-20220825/UBNA_002/20220823_033000.WAV,Telephone Field,recover-20220825,002,1795
308.8085,308.8156,27187,38405,Eptesicus serotinus,0.006,0.024,-1,Echolocation,/mnt/ubna_data_01_mir/recover-20220825/UBNA_002/20220823_033000.WAV,Telephone Field,recover-20220825,002,1795
308.8265,308.8335,33203,45370,Myotis daubentonii,0.008,0.022,-1,Echolocation,/mnt/ubna_data_01_mir/recover-20220825/UBNA_002/20220823_033000.WAV,Telephone Field,recover-20220825,002,1795
308.8415,308.8777,68437,82602,Rhinolophus ferrumequinum,0.024,0.024,-1,Echolocation,/mnt/ubna_data_01_mir/recover-20220825/UBNA_002/20220823_033000.WAV,Telephone Field,recover-20220825,002,1795
308.8485,308.8856,68437,82178,Rhinolophus ferrumequinum,0.022,0.022,-1,Echolocation,/mnt/ubna_data_01_mir/recover-20220825/UBNA_002/20220823_033000.WAV,Telephone Field,recover-20220825,002,1795
308.8555,308.8629,29765,47441,Myotis daubentonii,0.01,0.022,-1,Echolocation,/mnt/ubna_data_01_mir/recover-20220825/UBNA_002/20220823_033000.WAV,Telephone Field,recover-20220825,002,1795
308.8665,308.8769,22031,27220,Nyctalus leisleri,0.009,0.022,-1,Echolocation,/mnt/ubna_data_01_mir/recover-20220825/UBNA_002/20220823_033000.WAV,Telephone Field,recover-20220825,002,1795
308.8825,308.894,22890,27720,Nyctalus leisleri,0.011,0.023,-1,Echolocation,/mnt/ubna_data_01_mir/recover-20220825/UBNA_002/20220823_033000.WAV,Telephone Field,recover-20220825,002,1795
308.8835,308.92,68437,82040,Rhinolophus ferrumequinum,0.023,0.023,-1,Echolocation,/mnt/ubna_data_01_mir/recover-20220825/UBNA_002/20220823_033000.WAV,Telephone Field,recover-20220825,002,1795
308.8905,308.9001,28046,36433,Eptesicus serotinus,0.011,0.024,-1,Echolocation,/mnt/ubna_data_01_mir/recover-20220825/UBNA_002/20220823_033000.WAV,Telephone Field,recover-20220825,002,1795
308.9105,308.9505,68437,82670,Rhinolophus ferrumequinum,0.035,0.035,-1,Echolocation,/mnt/ubna_data_01_mir/recover-20220825/UBNA_002/20220823_033000.WAV,Telephone Field,recover-20220825,002,1795
308.9225,308.9617,68437,81851,Rhinolophus ferrumequinum,0.023,0.024,-1,Echolocation,/mnt/ubna_data_01_mir/recover-20220825/UBNA_002/20220823_033000.WAV,Telephone Field,recover-20220825,002,1795
308.9435,308.9844,68437,82665,Rhinolophus ferrumequinum,0.028,0.028,-1,Echolocation,/mnt/ubna_data_01_mir/recover-20220825/UBNA_002/20220823_033000.WAV,Telephone Field,recover-20220825,002,1795
308.9445,308.9553,23750,29968,Nyctalus leisleri,0.009,0.026,-1,Echolocation,/mnt/ubna_data_01_mir/recover-20220825/UBNA_002/20220823_033000.WAV,Telephone Field,recover-20220825,002,1795
308.9525,308.959,28046,38444,Myotis daubentonii,0.008,0.032,-1,Echolocation,/mnt/ubna_data_01_mir/recover-20220825/UBNA_002/20220823_033000.WAV,Telephone Field,recover-20220825,002,1795
308.9655,308.9735,43515,54116,Pipistrellus pipistrellus,0.011,0.022,-1,Echolocation,/mnt/ubna_data_01_mir/recover-20220825/UBNA_002/20220823_033000.WAV,Telephone Field,recover-20220825,002,1795
308.9795,309.0179,68437,82163,Rhinolophus ferrumequinum,0.025,0.025,-1,Echolocation,/mnt/ubna_data_01_mir/recover-20220825/UBNA_002/20220823_033000.WAV,Telephone Field,recover-20220825,002,1795
309.0025,309.0381,68437,81048,Rhinolophus ferrumequinum,0.025,0.026,-1,Echolocation,/mnt/ubna_data_01_mir/recover-20220825/UBNA_002/20220823_033000.WAV,Telephone Field,recover-20220825,002,1795
309.0105,309.0477,68437,81705,Rhinolophus ferrumequinum,0.025,0.025,-1,Echolocation,/mnt/ubna_data_01_mir/recover-20220825/UBNA_002/20220823_033000.WAV,Telephone Field,recover-20220825,002,1795
309.0295,309.0676,68437,82814,Rhinolophus ferrumequinum,0.034,0.034,-1,Echolocation,/mnt/ubna_data_01_mir/recover-20220825/UBNA_002/20220823_033000.WAV,Telephone Field,recover-20220825,002,1795
309.0395,309.0511,56406,63023,Pipistrellus pygmaeus,0.022,0.022,-1,Echolocation,/mnt/ubna_data_01_mir/recover-20220825/UBNA_002/20220823_033000.WAV,Telephone Field,recover-20220825,002,1795
309.0435,309.0521,24609,33458,Eptesicus serotinus,0.007,0.022,-1,Echolocation,/mnt/ubna_data_01_mir/recover-20220825/UBNA_002/20220823_033000.WAV,Telephone Field,recover-20220825,002,1795
309.0475,309.0866,68437,82831,Rhinolophus ferrumequinum,0.029,0.029,-1,Echolocation,/mnt/ubna_data_01_mir/recover-20220825/UBNA_002/20220823_033000.WAV,Telephone Field,recover-20220825,002,1795
309.0665,309.0729,47812,53025,Pipistrellus pipistrellus,0.021,0.023,-1,Echolocation,/mnt/ubna_data_01_mir/recover-20220825/UBNA_002/20220823_033000.WAV,Telephone Field,recover-20220825,002,1795
309.0715,309.0812,26328,33838,Eptesicus serotinus,0.01,0.023,-1,Echolocation,/mnt/ubna_data_01_mir/recover-20220825/UBNA_002/20220823_033000.WAV,Telephone Field,recover-20220825,002,1795
309.0785,309.1215,68437,83464,Rhinolophus ferrumequinum,0.04,0.04,-1,Echolocation,/mnt/ubna_data_01_mir/recover-20220825/UBNA_002/20220823_033000.WAV,Telephone Field,recover-20220825,002,1795
309.0945,309.1019,28046,38438,Eptesicus serotinus,0.006,0.022,-1,Echolocation,/mnt/ubna_data_01_mir/recover-20220825/UBNA_002/20220823_033000.WAV,Telephone Field,recover-20220825,002,1795
309.1005,309.1402,68437,82578,Rhinolophus ferrumequinum,0.027,0.027,-1,Echolocation,/mnt/ubna_data_01_mir/recover-20220825/UBNA_002/20220823_033000.WAV,Telephone Field,recover-20220825,002,1795
309.1575,309.1953,68437,82409,Rhinolophus ferrumequinum,0.023,0.023,-1,Echolocation,/mnt/ubna_data_01_mir/recover-20220825/UBNA_002/20220823_033000.WAV,Telephone Field,recover-20220825,002,1795
309.1665,309.2064,68437,82966,Rhinolophus ferrumequinum,0.022,0.022,-1,Echolocation,/mnt/ubna_data_01_mir/recover-20220825/UBNA_002/20220823_033000.WAV,Telephone Field,recover-20220825,002,1795
309.1685,309.17719999999997,28046,38114,Eptesicus serotinus,0.008,0.026,-1,Echolocation,/mnt/ubna_data_01_mir/recover-20220825/UBNA_002/20220823_033000.WAV,Telephone Field,recover-20220825,002,1795
309.1885,309.1954,27187,38163,Eptesicus serotinus,0.006,0.023,-1,Echolocation,/mnt/ubna_data_01_mir/recover-20220825/UBNA_002/20220823_033000.WAV,Telephone Field,recover-20220825,002,1795
309.1935,309.2009,27187,37688,Eptesicus serotinus,0.006,0.023,-1,Echolocation,/mnt/ubna_data_01_mir/recover-20220825/UBNA_002/20220823_033000.WAV,Telephone Field,recover-20220825,002,1795
309.2005,309.241,68437,82284,Rhinolophus ferrumequinum,0.025,0.025,-1,Echolocation,/mnt/ubna_data_01_mir/recover-20220825/UBNA_002/20220823_033000.WAV,Telephone Field,recover-20220825,002,1795
309.2145,309.2235,25468,33156,Eptesicus serotinus,0.007,0.021,-1,Echolocation,/mnt/ubna_data_01_mir/recover-20220825/UBNA_002/20220823_033000.WAV,Telephone Field,recover-20220825,002,1795
309.2515,309.2833,67578,78578,Rhinolophus ferrumequinum,0.02,0.022,-1,Echolocation,/mnt/ubna_data_01_mir/recover-20220825/UBNA_002/20220823_033000.WAV,Telephone Field,recover-20220825,002,1795
309.2705,309.2813,28906,37619,Eptesicus serotinus,0.012,0.028,-1,Echolocation,/mnt/ubna_data_01_mir/recover-20220825/UBNA_002/20220823_033000.WAV,Telephone Field,recover-20220825,002,1795
309.2735,309.3128,68437,82181,Rhinolophus ferrumequinum,0.025,0.025,-1,Echolocation,/mnt/ubna_data_01_mir/recover-20220825/UBNA_002/20220823_033000.WAV,Telephone Field,recover-20220825,002,1795
309.2835,309.2924,28046,36673,Eptesicus serotinus,0.008,0.023,-1,Echolocation,/mnt/ubna_data_01_mir/recover-20220825/UBNA_002/20220823_033000.WAV,Telephone Field,recover-20220825,002,1795
309.3125,309.352,68437,82478,Rhinolophus ferrumequinum,0.024,0.024,-1,Echolocation,/mnt/ubna_data_01_mir/recover-20220825/UBNA_002/20220823_033000.WAV,Telephone Field,recover-20220825,002,1795
309.3395,309.3472,28046,37948,Eptesicus serotinus,0.008,0.024,-1,Echolocation,/mnt/ubna_data_01_mir/recover-20220825/UBNA_002/20220823_033000.WAV,Telephone Field,recover-20220825,002,1795
309.3615,309.3963,68437,81241,Rhinolophus ferrumequinum,0.023,0.023,-1,Echolocation,/mnt/ubna_data_01_mir/recover-20220825/UBNA_002/20220823_033000.WAV,Telephone Field,recover-20220825,002,1795
309.3645,309.3727,27187,37813,Eptesicus serotinus,0.007,0.022,-1,Echolocation,/mnt/ubna_data_01_mir/recover-20220825/UBNA_002/20220823_033000.WAV,Telephone Field,recover-20220825,002,1795
309.3745,309.4135,68437,82144,Rhinolophus ferrumequinum,0.025,0.025,-1,Echolocation,/mnt/ubna_data_01_mir/recover-20220825/UBNA_002/20220823_033000.WAV,Telephone Field,recover-20220825,002,1795
309.3995,309.4368,68437,81357,Rhinolophus ferrumequinum,0.022,0.022,-1,Echolocation,/mnt/ubna_data_01_mir/recover-20220825/UBNA_002/20220823_033000.WAV,Telephone Field,recover-20220825,002,1795
309.4225,309.4576,68437,81250,Rhinolophus ferrumequinum,0.024,0.024,-1,Echolocation,/mnt/ubna_data_01_mir/recover-20220825/UBNA_002/20220823_033000.WAV,Telephone Field,recover-20220825,002,1795
309.4345,309.4421,27187,42126,Eptesicus serotinus,0.008,0.026,-1,Echolocation,/mnt/ubna_data_01_mir/recover-20220825/UBNA_002/20220823_033000.WAV,Telephone Field,recover-20220825,002,1795
309.4545,309.4931,68437,82237,Rhinolophus ferrumequinum,0.022,0.022,-1,Echolocation,/mnt/ubna_data_01_mir/recover-20220825/UBNA_002/20220823_033000.WAV,Telephone Field,recover-20220825,002,1795
309.4715,309.48,28046,38324,Eptesicus serotinus,0.009,0.024,-1,Echolocation,/mnt/ubna_data_01_mir/recover-20220825/UBNA_002/20220823_033000.WAV,Telephone Field,recover-20220825,002,1795
309.5065,309.5468,68437,82301,Rhinolophus ferrumequinum,0.024,0.024,-1,Echolocation,/mnt/ubna_data_01_mir/recover-20220825/UBNA_002/20220823_033000.WAV,Telephone Field,recover-20220825,002,1795
309.5325,309.5744,68437,82906,Rhinolophus ferrumequinum,0.027,0.027,-1,Echolocation,/mnt/ubna_data_01_mir/recover-20220825/UBNA_002/20220823_033000.WAV,Telephone Field,recover-20220825,002,1795
309.5455,309.5863,68437,83309,Rhinolophus ferrumequinum,0.034,0.034,-1,Echolocation,/mnt/ubna_data_01_mir/recover-20220825/UBNA_002/20220823_033000.WAV,Telephone Field,recover-20220825,002,1795
309.5745,309.6137,68437,82763,Rhinolophus ferrumequinum,0.031,0.031,-1,Echolocation,/mnt/ubna_data_01_mir/recover-20220825/UBNA_002/20220823_033000.WAV,Telephone Field,recover-20220825,002,1795
309.6105,309.6173,27187,38401,Eptesicus serotinus,0.005,0.022,-1,Echolocation,/mnt/ubna_data_01_mir/recover-20220825/UBNA_002/20220823_033000.WAV,Telephone Field,recover-20220825,002,1795
309.6505,309.6597,28046,37299,Eptesicus serotinus,0.008,0.023,-1,Echolocation,/mnt/ubna_data_01_mir/recover-20220825/UBNA_002/20220823_033000.WAV,Telephone Field,recover-20220825,002,1795
309.6705,309.7081,68437,82158,Rhinolophus ferrumequinum,0.022,0.022,-1,Echolocation,/mnt/ubna_data_01_mir/recover-20220825/UBNA_002/20220823_033000.WAV,Telephone Field,recover-20220825,002,1795
309.6945,309.7334,68437,82283,Rhinolophus ferrumequinum,0.026,0.026,-1,Echolocation,/mnt/ubna_data_01_mir/recover-20220825/UBNA_002/20220823_033000.WAV,Telephone Field,recover-20220825,002,1795
309.6945,309.7155,16875,20767,Nyctalus noctula,0.016,0.022,-1,Echolocation,/mnt/ubna_data_01_mir/recover-20220825/UBNA_002/20220823_033000.WAV,Telephone Field,recover-20220825,002,1795
309.7215,309.7311,22890,30383,Plecotus austriacus,0.01,0.027,-1,Echolocation,/mnt/ubna_data_01_mir/recover-20220825/UBNA_002/20220823_033000.WAV,Telephone Field,recover-20220825,002,1795
309.7775,309.8171,68437,82655,Rhinolophus ferrumequinum,0.04,0.04,-1,Echolocation,/mnt/ubna_data_01_mir/recover-20220825/UBNA_002/20220823_033000.WAV,Telephone Field,recover-20220825,002,1795
309.8145,309.8249,22031,27118,Nyctalus leisleri,0.01,0.021,-1,Echolocation,/mnt/ubna_data_01_mir/recover-20220825/UBNA_002/20220823_033000.WAV,Telephone Field,recover-20220825,002,1795
309.8155,309.85360000000003,68437,81912,Rhinolophus ferrumequinum,0.027,0.027,-1,Echolocation,/mnt/ubna_data_01_mir/recover-20220825/UBNA_002/20220823_033000.WAV,Telephone Field,recover-20220825,002,1795
309.9025,309.9426,68437,82529,Rhinolophus ferrumequinum,0.024,0.024,-1,Echolocation,/mnt/ubna_data_01_mir/recover-20220825/UBNA_002/20220823_033000.WAV,Telephone Field,recover-20220825,002,1795
309.9375,309.9765,68437,82233,Rhinolophus ferrumequinum,0.024,0.024,-1,Echolocation,/mnt/ubna_data_01_mir/recover-20220825/UBNA_002/20220823_033000.WAV,Telephone Field,recover-20220825,002,1795
309.9805,309.9878,44375,54922,Pipistrellus pipistrellus,0.012,0.022,-1,Echolocation,/mnt/ubna_data_01_mir/recover-20220825/UBNA_002/20220823_033000.WAV,Telephone Field,recover-20220825,002,1795
310.0015,310.0329,68437,79094,Rhinolophus ferrumequinum,0.026,0.026,-1,Echolocation,/mnt/ubna_data_01_mir/recover-20220825/UBNA_002/20220823_033000.WAV,Telephone Field,recover-20220825,002,1795
310.0015,310.01030000000003,25468,32819,Nyctalus leisleri,0.01,0.03,-1,Echolocation,/mnt/ubna_data_01_mir/recover-20220825/UBNA_002/20220823_033000.WAV,Telephone Field,recover-20220825,002,1795
310.0075,310.0469,68437,81632,Rhinolophus ferrumequinum,0.027,0.027,-1,Echolocation,/mnt/ubna_data_01_mir/recover-20220825/UBNA_002/20220823_033000.WAV,Telephone Field,recover-20220825,002,1795
310.0235,310.031,28046,41498,Eptesicus serotinus,0.006,0.022,-1,Echolocation,/mnt/ubna_data_01_mir/recover-20220825/UBNA_002/20220823_033000.WAV,Telephone Field,recover-20220825,002,1795
310.0415,310.0822,68437,81925,Rhinolophus ferrumequinum,0.021,0.021,-1,Echolocation,/mnt/ubna_data_01_mir/recover-20220825/UBNA_002/20220823_033000.WAV,Telephone Field,recover-20220825,002,1795
310.0585,310.0685,23750,29804,Nyctalus leisleri,0.009,0.022,-1,Echolocation,/mnt/ubna_data_01_mir/recover-20220825/UBNA_002/20220823_033000.WAV,Telephone Field,recover-20220825,002,1795
310.0735,310.1102,68437,81972,Rhinolophus ferrumequinum,0.023,0.023,-1,Echolocation,/mnt/ubna_data_01_mir/recover-20220825/UBNA_002/20220823_033000.WAV,Telephone Field,recover-20220825,002,1795
310.0825,310.1195,68437,81849,Rhinolophus ferrumequinum,0.024,0.024,-1,Echolocation,/mnt/ubna_data_01_mir/recover-20220825/UBNA_002/20220823_033000.WAV,Telephone Field,recover-20220825,002,1795
310.1025,310.144,68437,82811,Rhinolophus ferrumequinum,0.026,0.026,-1,Echolocation,/mnt/ubna_data_01_mir/recover-20220825/UBNA_002/20220823_033000.WAV,Telephone Field,recover-20220825,002,1795
310.1105,310.12,46953,49548,Pipistrellus pipistrellus,0.034,0.036,-1,Echolocation,/mnt/ubna_data_01_mir/recover-20220825/UBNA_002/20220823_033000.WAV,Telephone Field,recover-20220825,002,1795
310.1265,310.13530000000003,23750,32160,Plecotus austriacus,0.009,0.025,-1,Echolocation,/mnt/ubna_data_01_mir/recover-20220825/UBNA_002/20220823_033000.WAV,Telephone Field,recover-20220825,002,1795
310.1375,310.1768,68437,82227,Rhinolophus ferrumequinum,0.022,0.022,-1,Echolocation,/mnt/ubna_data_01_mir/recover-20220825/UBNA_002/20220823_033000.WAV,Telephone Field,recover-20220825,002,1795
310.1525,310.1921,68437,82273,Rhinolophus ferrumequinum,0.021,0.021,-1,Echolocation,/mnt/ubna_data_01_mir/recover-20220825/UBNA_002/20220823_033000.WAV,Telephone Field,recover-20220825,002,1795
310.1605,310.1759,22031,26980,Nyctalus leisleri,0.018,0.036,-1,Echolocation,/mnt/ubna_data_01_mir/recover-20220825/UBNA_002/20220823_033000.WAV,Telephone Field,recover-20220825,002,1795
310.1815,310.2204,68437,82857,Rhinolophus ferrumequinum,0.022,0.023,-1,Echolocation,/mnt/ubna_data_01_mir/recover-20220825/UBNA_002/20220823_033000.WAV,Telephone Field,recover-20220825,002,1795
310.2025,310.2392,68437,81259,Rhinolophus ferrumequinum,0.021,0.021,-1,Echolocation,/mnt/ubna_data_01_mir/recover-20220825/UBNA_002/20220823_033000.WAV,Telephone Field,recover-20220825,002,1795
310.2275,310.236,22890,31060,Plecotus austriacus,0.013,0.028,-1,Echolocation,/mnt/ubna_data_01_mir/recover-20220825/UBNA_002/20220823_033000.WAV,Telephone Field,recover-20220825,002,1795
310.2595,310.2974,68437,81877,Rhinolophus ferrumequinum,0.02,0.02,-1,Echolocation,/mnt/ubna_data_01_mir/recover-20220825/UBNA_002/20220823_033000.WAV,Telephone Field,recover-20220825,002,1795
310.2715,310.2793,28906,39445,Eptesicus serotinus,0.006,0.022,-1,Echolocation,/mnt/ubna_data_01_mir/recover-20220825/UBNA_002/20220823_033000.WAV,Telephone Field,recover-20220825,002,1795
310.2715,310.2789,23750,32296,Plecotus austriacus,0.009,0.022,-1,Echolocation,/mnt/ubna_data_01_mir/recover-20220825/UBNA_002/20220823_033000.WAV,Telephone Field,recover-20220825,002,1795
310.2845,310.2962,22890,27255,Nyctalus leisleri,0.013,0.025,-1,Echolocation,/mnt/ubna_data_01_mir/recover-20220825/UBNA_002/20220823_033000.WAV,Telephone Field,recover-20220825,002,1795
310.2875,310.3259,68437,82390,Rhinolophus ferrumequinum,0.024,0.024,-1,Echolocation,/mnt/ubna_data_01_mir/recover-20220825/UBNA_002/20220823_033000.WAV,Telephone Field,recover-20220825,002,1795
310.3005,310.33820000000003,68437,81451,Rhinolophus ferrumequinum,0.02,0.02,-1,Echolocation,/mnt/ubna_data_01_mir/recover-20220825/UBNA_002/20220823_033000.WAV,Telephone Field,recover-20220825,002,1795
310.3035,310.3132,29765,37868,Eptesicus serotinus,0.009,0.025,-1,Echolocation,/mnt/ubna_data_01_mir/recover-20220825/UBNA_002/20220823_033000.WAV,Telephone Field,recover-20220825,002,1795
310.3195,310.3559,68437,81818,Rhinolophus ferrumequinum,0.021,0.021,-1,Echolocation,/mnt/ubna_data_01_mir/recover-20220825/UBNA_002/20220823_033000.WAV,Telephone Field,recover-20220825,002,1795
310.3275,310.365,68437,81405,Rhinolophus ferrumequinum,0.021,0.021,-1,Echolocation,/mnt/ubna_data_01_mir/recover-20220825/UBNA_002/20220823_033000.WAV,Telephone Field,recover-20220825,002,1795
310.3385,310.3716,68437,80686,Rhinolophus ferrumequinum,0.02,0.021,-1,Echolocation,/mnt/ubna_data_01_mir/recover-20220825/UBNA_002/20220823_033000.WAV,Telephone Field,recover-20220825,002,1795
310.3685,310.4068,68437,82073,Rhinolophus ferrumequinum,0.024,0.024,-1,Echolocation,/mnt/ubna_data_01_mir/recover-20220825/UBNA_002/20220823_033000.WAV,Telephone Field,recover-20220825,002,1795
310.3755,310.3836,47812,52432,Pipistrellus pipistrellus,0.022,0.024,-1,Echolocation,/mnt/ubna_data_01_mir/recover-20220825/UBNA_002/20220823_033000.WAV,Telephone Field,recover-20220825,002,1795
310.4335,310.4459,22031,25971,Nyctalus leisleri,0.02,0.032,-1,Echolocation,/mnt/ubna_data_01_mir/recover-20220825/UBNA_002/20220823_033000.WAV,Telephone Field,recover-20220825,002,1795
310.4645,310.5015,68437,82405,Rhinolophus ferrumequinum,0.02,0.02,-1,Echolocation,/mnt/ubna_data_01_mir/recover-20220825/UBNA_002/20220823_033000.WAV,Telephone Field,recover-20220825,002,1795
310.4765,310.5156,68437,81790,Rhinolophus ferrumequinum,0.022,0.022,-1,Echolocation,/mnt/ubna_data_01_mir/recover-20220825/UBNA_002/20220823_033000.WAV,Telephone Field,recover-20220825,002,1795
310.4875,310.5288,68437,82926,Rhinolophus ferrumequinum,0.024,0.024,-1,Echolocation,/mnt/ubna_data_01_mir/recover-20220825/UBNA_002/20220823_033000.WAV,Telephone Field,recover-20220825,002,1795
310.5125,310.5243,23750,29046,Nyctalus leisleri,0.013,0.027,-1,Echolocation,/mnt/ubna_data_01_mir/recover-20220825/UBNA_002/20220823_033000.WAV,Telephone Field,recover-20220825,002,1795
310.5395,310.5791,68437,82090,Rhinolophus ferrumequinum,0.025,0.025,-1,Echolocation,/mnt/ubna_data_01_mir/recover-20220825/UBNA_002/20220823_033000.WAV,Telephone Field,recover-20220825,002,1795
310.5585,310.597,68437,82252,Rhinolophus ferrumequinum,0.021,0.021,-1,Echolocation,/mnt/ubna_data_01_mir/recover-20220825/UBNA_002/20220823_033000.WAV,Telephone Field,recover-20220825,002,1795
310.5645,310.5702,35781,43066,Myotis daubentonii,0.007,0.021,-1,Echolocation,/mnt/ubna_data_01_mir/recover-20220825/UBNA_002/20220823_033000.WAV,Telephone Field,recover-20220825,002,1795
310.5645,310.5726,28906,40584,Eptesicus serotinus,0.011,0.035,-1,Echolocation,/mnt/ubna_data_01_mir/recover-20220825/UBNA_002/20220823_033000.WAV,Telephone Field,recover-20220825,002,1795
310.6015,310.6362,68437,80783,Rhinolophus ferrumequinum,0.023,0.023,-1,Echolocation,/mnt/ubna_data_01_mir/recover-20220825/UBNA_002/20220823_033000.WAV,Telephone Field,recover-20220825,002,1795
310.6325,310.6753,68437,83129,Rhinolophus ferrumequinum,0.049,0.049,-1,Echolocation,/mnt/ubna_data_01_mir/recover-20220825/UBNA_002/20220823_033000.WAV,Telephone Field,recover-20220825,002,1795
310.6725,310.71320000000003,68437,82229,Rhinolophus ferrumequinum,0.023,0.023,-1,Echolocation,/mnt/ubna_data_01_mir/recover-20220825/UBNA_002/20220823_033000.WAV,Telephone Field,recover-20220825,002,1795
310.6725,310.6806,28906,39805,Eptesicus serotinus,0.007,0.022,-1,Echolocation,/mnt/ubna_data_01_mir/recover-20220825/UBNA_002/20220823_033000.WAV,Telephone Field,recover-20220825,002,1795
310.6745,310.6816,24609,33869,Plecotus austriacus,0.008,0.023,-1,Echolocation,/mnt/ubna_data_01_mir/recover-20220825/UBNA_002/20220823_033000.WAV,Telephone Field,recover-20220825,002,1795
310.6865,310.7224,68437,81400,Rhinolophus ferrumequinum,0.021,0.021,-1,Echolocation,/mnt/ubna_data_01_mir/recover-20220825/UBNA_002/20220823_033000.WAV,Telephone Field,recover-20220825,002,1795
310.7045,310.7154,22031,25466,Nyctalus leisleri,0.014,0.023,-1,Echolocation,/mnt/ubna_data_01_mir/recover-20220825/UBNA_002/20220823_033000.WAV,Telephone Field,recover-20220825,002,1795
310.7185,310.7582,68437,82273,Rhinolophus ferrumequinum,0.024,0.024,-1,Echolocation,/mnt/ubna_data_01_mir/recover-20220825/UBNA_002/20220823_033000.WAV,Telephone Field,recover-20220825,002,1795
310.7775,310.788,24609,31194,Nyctalus leisleri,0.008,0.021,-1,Echolocation,/mnt/ubna_data_01_mir/recover-20220825/UBNA_002/20220823_033000.WAV,Telephone Field,recover-20220825,002,1795
310.7795,310.8153,68437,81123,Rhinolophus ferrumequinum,0.023,0.023,-1,Echolocation,/mnt/ubna_data_01_mir/recover-20220825/UBNA_002/20220823_033000.WAV,Telephone Field,recover-20220825,002,1795
310.7845,310.7971,23750,27782,Nyctalus leisleri,0.013,0.024,-1,Echolocation,/mnt/ubna_data_01_mir/recover-20220825/UBNA_002/20220823_033000.WAV,Telephone Field,recover-20220825,002,1795
310.7865,310.8241,68437,82392,Rhinolophus ferrumequinum,0.023,0.023,-1,Echolocation,/mnt/ubna_data_01_mir/recover-20220825/UBNA_002/20220823_033000.WAV,Telephone Field,recover-20220825,002,1795
310.8245,310.862,68437,82244,Rhinolophus ferrumequinum,0.021,0.021,-1,Echolocation,/mnt/ubna_data_01_mir/recover-20220825/UBNA_002/20220823_033000.WAV,Telephone Field,recover-20220825,002,1795
310.8335,310.8723,68437,81617,Rhinolophus ferrumequinum,0.023,0.023,-1,Echolocation,/mnt/ubna_data_01_mir/recover-20220825/UBNA_002/20220823_033000.WAV,Telephone Field,recover-20220825,002,1795
310.8425,310.8528,22890,28168,Nyctalus leisleri,0.01,0.022,-1,Echolocation,/mnt/ubna_data_01_mir/recover-20220825/UBNA_002/20220823_033000.WAV,Telephone Field,recover-20220825,002,1795
310.8485,310.886,68437,81625,Rhinolophus ferrumequinum,0.021,0.021,-1,Echolocation,/mnt/ubna_data_01_mir/recover-20220825/UBNA_002/20220823_033000.WAV,Telephone Field,recover-20220825,002,1795
310.8825,310.9185,68437,81696,Rhinolophus ferrumequinum,0.021,0.021,-1,Echolocation,/mnt/ubna_data_01_mir/recover-20220825/UBNA_002/20220823_033000.WAV,Telephone Field,recover-20220825,002,1795
310.9075,310.9456,68437,81414,Rhinolophus ferrumequinum,0.022,0.022,-1,Echolocation,/mnt/ubna_data_01_mir/recover-20220825/UBNA_002/20220823_033000.WAV,Telephone Field,recover-20220825,002,1795
310.9205,310.9605,68437,82075,Rhinolophus ferrumequinum,0.021,0.021,-1,Echolocation,/mnt/ubna_data_01_mir/recover-20220825/UBNA_002/20220823_033000.WAV,Telephone Field,recover-20220825,002,1795
310.9655,311.0068,68437,82787,Rhinolophus ferrumequinum,0.024,0.024,-1,Echolocation,/mnt/ubna_data_01_mir/recover-20220825/UBNA_002/20220823_033000.WAV,Telephone Field,recover-20220825,002,1795
310.9925,311.0328,68437,82153,Rhinolophus ferrumequinum,0.024,0.024,-1,Echolocation,/mnt/ubna_data_01_mir/recover-20220825/UBNA_002/20220823_033000.WAV,Telephone Field,recover-20220825,002,1795
311.0195,311.0286,25468,33915,Eptesicus serotinus,0.008,0.022,-1,Echolocation,/mnt/ubna_data_01_mir/recover-20220825/UBNA_002/20220823_033000.WAV,Telephone Field,recover-20220825,002,1795
311.0235,311.0587,68437,81610,Rhinolophus ferrumequinum,0.023,0.023,-1,Echolocation,/mnt/ubna_data_01_mir/recover-20220825/UBNA_002/20220823_033000.WAV,Telephone Field,recover-20220825,002,1795
311.0485,311.08389999999997,68437,82028,Rhinolophus ferrumequinum,0.022,0.022,-1,Echolocation,/mnt/ubna_data_01_mir/recover-20220825/UBNA_002/20220823_033000.WAV,Telephone Field,recover-20220825,002,1795
311.0635,311.0735,28906,36768,Eptesicus serotinus,0.01,0.025,-1,Echolocation,/mnt/ubna_data_01_mir/recover-20220825/UBNA_002/20220823_033000.WAV,Telephone Field,recover-20220825,002,1795
311.0715,311.1088,68437,81350,Rhinolophus ferrumequinum,0.021,0.021,-1,Echolocation,/mnt/ubna_data_01_mir/recover-20220825/UBNA_002/20220823_033000.WAV,Telephone Field,recover-20220825,002,1795
311.0755,311.0946,22031,25227,Nyctalus leisleri,0.022,0.036,-1,Echolocation,/mnt/ubna_data_01_mir/recover-20220825/UBNA_002/20220823_033000.WAV,Telephone Field,recover-20220825,002,1795
311.0895,311.1245,68437,81268,Rhinolophus ferrumequinum,0.025,0.025,-1,Echolocation,/mnt/ubna_data_01_mir/recover-20220825/UBNA_002/20220823_033000.WAV,Telephone Field,recover-20220825,002,1795
311.0975,311.1359,68437,82243,Rhinolophus ferrumequinum,0.025,0.025,-1,Echolocation,/mnt/ubna_data_01_mir/recover-20220825/UBNA_002/20220823_033000.WAV,Telephone Field,recover-20220825,002,1795
311.1485,311.1881,68437,82663,Rhinolophus ferrumequinum,0.025,0.025,-1,Echolocation,/mnt/ubna_data_01_mir/recover-20220825/UBNA_002/20220823_033000.WAV,Telephone Field,recover-20220825,002,1795
311.1775,311.2177,68437,82044,Rhinolophus ferrumequinum,0.026,0.026,-1,Echolocation,/mnt/ubna_data_01_mir/recover-20220825/UBNA_002/20220823_033000.WAV,Telephone Field,recover-20220825,002,1795
311.2015,311.2399,68437,82081,Rhinolophus ferrumequinum,0.023,0.023,-1,Echolocation,/mnt/ubna_data_01_mir/recover-20220825/UBNA_002/20220823_033000.WAV,Telephone Field,recover-20220825,002,1795
311.2145,311.2312,21171,24637,Nyctalus leisleri,0.017,0.029,-1,Echolocation,/mnt/ubna_data_01_mir/recover-20220825/UBNA_002/20220823_033000.WAV,Telephone Field,recover-20220825,002,1795
311.2155,311.2537,68437,82092,Rhinolophus ferrumequinum,0.022,0.022,-1,Echolocation,/mnt/ubna_data_01_mir/recover-20220825/UBNA_002/20220823_033000.WAV,Telephone Field,recover-20220825,002,1795
311.2415,311.2831,68437,82759,Rhinolophus ferrumequinum,0.026,0.026,-1,Echolocation,/mnt/ubna_data_01_mir/recover-20220825/UBNA_002/20220823_033000.WAV,Telephone Field,recover-20220825,002,1795
311.2635,311.3035,68437,82868,Rhinolophus ferrumequinum,0.028,0.028,-1,Echolocation,/mnt/ubna_data_01_mir/recover-20220825/UBNA_002/20220823_033000.WAV,Telephone Field,recover-20220825,002,1795
311.2875,311.296,28906,38977,Eptesicus serotinus,0.008,0.023,-1,Echolocation,/mnt/ubna_data_01_mir/recover-20220825/UBNA_002/20220823_033000.WAV,Telephone Field,recover-20220825,002,1795
311.3095,311.3528,68437,83124,Rhinolophus ferrumequinum,0.032,0.032,-1,Echolocation,/mnt/ubna_data_01_mir/recover-20220825/UBNA_002/20220823_033000.WAV,Telephone Field,recover-20220825,002,1795
311.3285,311.3684,68437,82823,Rhinolophus ferrumequinum,0.024,0.024,-1,Echolocation,/mnt/ubna_data_01_mir/recover-20220825/UBNA_002/20220823_033000.WAV,Telephone Field,recover-20220825,002,1795
311.3635,311.3993,68437,80704,Rhinolophus ferrumequinum,0.023,0.023,-1,Echolocation,/mnt/ubna_data_01_mir/recover-20220825/UBNA_002/20220823_033000.WAV,Telephone Field,recover-20220825,002,1795
311.4175,311.4588,68437,82640,Rhinolophus ferrumequinum,0.023,0.023,-1,Echolocation,/mnt/ubna_data_01_mir/recover-20220825/UBNA_002/20220823_033000.WAV,Telephone Field,recover-20220825,002,1795
311.4605,311.5016,68437,82419,Rhinolophus ferrumequinum,0.023,0.023,-1,Echolocation,/mnt/ubna_data_01_mir/recover-20220825/UBNA_002/20220823_033000.WAV,Telephone Field,recover-20220825,002,1795
311.4685,311.4765,28906,38891,Eptesicus serotinus,0.008,0.024,-1,Echolocation,/mnt/ubna_data_01_mir/recover-20220825/UBNA_002/20220823_033000.WAV,Telephone Field,recover-20220825,002,1795
311.4805,311.516,68437,81233,Rhinolophus ferrumequinum,0.021,0.021,-1,Echolocation,/mnt/ubna_data_01_mir/recover-20220825/UBNA_002/20220823_033000.WAV,Telephone Field,recover-20220825,002,1795
311.5015,311.5424,68437,82270,Rhinolophus ferrumequinum,0.022,0.022,-1,Echolocation,/mnt/ubna_data_01_mir/recover-20220825/UBNA_002/20220823_033000.WAV,Telephone Field,recover-20220825,002,1795
311.5315,311.5393,28906,39082,Eptesicus serotinus,0.006,0.022,-1,Echolocation,/mnt/ubna_data_01_mir/recover-20220825/UBNA_002/20220823_033000.WAV,Telephone Field,recover-20220825,002,1795
311.5395,311.5737,68437,80885,Rhinolophus ferrumequinum,0.022,0.022,-1,Echolocation,/mnt/ubna_data_01_mir/recover-20220825/UBNA_002/20220823_033000.WAV,Telephone Field,recover-20220825,002,1795
311.5585,311.567,29765,38187,Eptesicus serotinus,0.008,0.024,-1,Echolocation,/mnt/ubna_data_01_mir/recover-20220825/UBNA_002/20220823_033000.WAV,Telephone Field,recover-20220825,002,1795
311.5685,311.6054,68437,81329,Rhinolophus ferrumequinum,0.025,0.025,-1,Echolocation,/mnt/ubna_data_01_mir/recover-20220825/UBNA_002/20220823_033000.WAV,Telephone Field,recover-20220825,002,1795
311.6065,311.6446,68437,81877,Rhinolophus ferrumequinum,0.023,0.024,-1,Echolocation,/mnt/ubna_data_01_mir/recover-20220825/UBNA_002/20220823_033000.WAV,Telephone Field,recover-20220825,002,1795
311.6465,311.6855,68437,82235,Rhinolophus ferrumequinum,0.022,0.022,-1,Echolocation,/mnt/ubna_data_01_mir/recover-20220825/UBNA_002/20220823_033000.WAV,Telephone Field,recover-20220825,002,1795
311.6595,311.6672,28906,39956,Eptesicus serotinus,0.007,0.025,-1,Echolocation,/mnt/ubna_data_01_mir/recover-20220825/UBNA_002/20220823_033000.WAV,Telephone Field,recover-20220825,002,1795
311.6655,311.7065,68437,82136,Rhinolophus ferrumequinum,0.022,0.022,-1,Echolocation,/mnt/ubna_data_01_mir/recover-20220825/UBNA_002/20220823_033000.WAV,Telephone Field,recover-20220825,002,1795
311.7185,311.7593,68437,82322,Rhinolophus ferrumequinum,0.027,0.028,-1,Echolocation,/mnt/ubna_data_01_mir/recover-20220825/UBNA_002/20220823_033000.WAV,Telephone Field,recover-20220825,002,1795
311.7285,311.7389,23750,30855,Nyctalus leisleri,0.009,0.025,-1,Echolocation,/mnt/ubna_data_01_mir/recover-20220825/UBNA_002/20220823_033000.WAV,Telephone Field,recover-20220825,002,1795
311.7665,311.8033,68437,81588,Rhinolophus ferrumequinum,0.021,0.021,-1,Echolocation,/mnt/ubna_data_01_mir/recover-20220825/UBNA_002/20220823_033000.WAV,Telephone Field,recover-20220825,002,1795
311.7855,311.821,68437,81329,Rhinolophus ferrumequinum,0.02,0.02,-1,Echolocation,/mnt/ubna_data_01_mir/recover-20220825/UBNA_002/20220823_033000.WAV,Telephone Field,recover-20220825,002,1795
311.8045,311.8433,68437,81861,Rhinolophus ferrumequinum,0.022,0.022,-1,Echolocation,/mnt/ubna_data_01_mir/recover-20220825/UBNA_002/20220823_033000.WAV,Telephone Field,recover-20220825,002,1795
311.8095,311.8472,68437,81707,Rhinolophus ferrumequinum,0.022,0.022,-1,Echolocation,/mnt/ubna_data_01_mir/recover-20220825/UBNA_002/20220823_033000.WAV,Telephone Field,recover-20220825,002,1795
311.8295,311.8628,68437,80199,Rhinolophus ferrumequinum,0.02,0.02,-1,Echolocation,/mnt/ubna_data_01_mir/recover-20220825/UBNA_002/20220823_033000.WAV,Telephone Field,recover-20220825,002,1795
311.8435,311.855,22890,27839,Nyctalus leisleri,0.016,0.031,-1,Echolocation,/mnt/ubna_data_01_mir/recover-20220825/UBNA_002/20220823_033000.WAV,Telephone Field,recover-20220825,002,1795
311.8655,311.9017,68437,81329,Rhinolophus ferrumequinum,0.024,0.024,-1,Echolocation,/mnt/ubna_data_01_mir/recover-20220825/UBNA_002/20220823_033000.WAV,Telephone Field,recover-20220825,002,1795
311.8865,311.9255,68437,82406,Rhinolophus ferrumequinum,0.025,0.025,-1,Echolocation,/mnt/ubna_data_01_mir/recover-20220825/UBNA_002/20220823_033000.WAV,Telephone Field,recover-20220825,002,1795
311.9335,311.97090000000003,68437,81982,Rhinolophus ferrumequinum,0.02,0.02,-1,Echolocation,/mnt/ubna_data_01_mir/recover-20220825/UBNA_002/20220823_033000.WAV,Telephone Field,recover-20220825,002,1795
311.9495,311.9601,22890,26941,Nyctalus leisleri,0.012,0.022,-1,Echolocation,/mnt/ubna_data_01_mir/recover-20220825/UBNA_002/20220823_033000.WAV,Telephone Field,recover-20220825,002,1795
311.9635,311.97090000000003,28046,43660,Eptesicus serotinus,0.006,0.02,-1,Echolocation,/mnt/ubna_data_01_mir/recover-20220825/UBNA_002/20220823_033000.WAV,Telephone Field,recover-20220825,002,1795
312.0015,312.034,68437,79687,Rhinolophus ferrumequinum,0.054,0.055,-1,Echolocation,/mnt/ubna_data_01_mir/recover-20220825/UBNA_002/20220823_033000.WAV,Telephone Field,recover-20220825,002,1795
312.0015,312.0107,22031,28410,Nyctalus leisleri,0.009,0.025,-1,Echolocation,/mnt/ubna_data_01_mir/recover-20220825/UBNA_002/20220823_033000.WAV,Telephone Field,recover-20220825,002,1795
312.0015,312.0096,45234,51530,Pipistrellus pipistrellus,0.018,0.023,-1,Echolocation,/mnt/ubna_data_01_mir/recover-20220825/UBNA_002/20220823_033000.WAV,Telephone Field,recover-20220825,002,1795
312.0665,312.0753,28046,38662,Eptesicus serotinus,0.008,0.021,-1,Echolocation,/mnt/ubna_data_01_mir/recover-20220825/UBNA_002/20220823_033000.WAV,Telephone Field,recover-20220825,002,1795
312.0685,312.0782,36640,42074,Barbastellus barbastellus,0.006,0.022,-1,Echolocation,/mnt/ubna_data_01_mir/recover-20220825/UBNA_002/20220823_033000.WAV,Telephone Field,recover-20220825,002,1795
312.0875,312.1294,68437,82787,Rhinolophus ferrumequinum,0.021,0.021,-1,Echolocation,/mnt/ubna_data_01_mir/recover-20220825/UBNA_002/20220823_033000.WAV,Telephone Field,recover-20220825,002,1795
312.1155,312.1238,28046,38559,Eptesicus serotinus,0.009,0.029,-1,Echolocation,/mnt/ubna_data_01_mir/recover-20220825/UBNA_002/20220823_033000.WAV,Telephone Field,recover-20220825,002,1795
312.1215,312.1599,68437,82313,Rhinolophus ferrumequinum,0.022,0.022,-1,Echolocation,/mnt/ubna_data_01_mir/recover-20220825/UBNA_002/20220823_033000.WAV,Telephone Field,recover-20220825,002,1795
312.1245,312.1404,22031,25542,Nyctalus leisleri,0.013,0.021,-1,Echolocation,/mnt/ubna_data_01_mir/recover-20220825/UBNA_002/20220823_033000.WAV,Telephone Field,recover-20220825,002,1795
312.1275,312.1659,68437,81976,Rhinolophus ferrumequinum,0.022,0.022,-1,Echolocation,/mnt/ubna_data_01_mir/recover-20220825/UBNA_002/20220823_033000.WAV,Telephone Field,recover-20220825,002,1795
312.1325,312.1452,22890,27152,Nyctalus leisleri,0.013,0.022,-1,Echolocation,/mnt/ubna_data_01_mir/recover-20220825/UBNA_002/20220823_033000.WAV,Telephone Field,recover-20220825,002,1795
312.1465,312.1887,68437,82739,Rhinolophus ferrumequinum,0.038,0.038,-1,Echolocation,/mnt/ubna_data_01_mir/recover-20220825/UBNA_002/20220823_033000.WAV,Telephone Field,recover-20220825,002,1795
312.1635,312.2029,68437,82645,Rhinolophus ferrumequinum,0.023,0.023,-1,Echolocation,/mnt/ubna_data_01_mir/recover-20220825/UBNA_002/20220823_033000.WAV,Telephone Field,recover-20220825,002,1795
312.1635,312.1713,27187,37590,Eptesicus serotinus,0.007,0.022,-1,Echolocation,/mnt/ubna_data_01_mir/recover-20220825/UBNA_002/20220823_033000.WAV,Telephone Field,recover-20220825,002,1795
312.1885,312.1969,28906,38382,Eptesicus serotinus,0.009,0.025,-1,Echolocation,/mnt/ubna_data_01_mir/recover-20220825/UBNA_002/20220823_033000.WAV,Telephone Field,recover-20220825,002,1795
312.2165,312.2257,28046,40230,Eptesicus serotinus,0.01,0.025,-1,Echolocation,/mnt/ubna_data_01_mir/recover-20220825/UBNA_002/20220823_033000.WAV,Telephone Field,recover-20220825,002,1795
312.2405,312.2776,68437,82125,Rhinolophus ferrumequinum,0.021,0.021,-1,Echolocation,/mnt/ubna_data_01_mir/recover-20220825/UBNA_002/20220823_033000.WAV,Telephone Field,recover-20220825,002,1795
312.2575,312.288,67578,78561,Rhinolophus ferrumequinum,0.025,0.026,-1,Echolocation,/mnt/ubna_data_01_mir/recover-20220825/UBNA_002/20220823_033000.WAV,Telephone Field,recover-20220825,002,1795
312.2795,312.2895,22890,28122,Nyctalus leisleri,0.009,0.021,-1,Echolocation,/mnt/ubna_data_01_mir/recover-20220825/UBNA_002/20220823_033000.WAV,Telephone Field,recover-20220825,002,1795
312.2835,312.3249,68437,82958,Rhinolophus ferrumequinum,0.037,0.037,-1,Echolocation,/mnt/ubna_data_01_mir/recover-20220825/UBNA_002/20220823_033000.WAV,Telephone Field,recover-20220825,002,1795
312.2925,312.2998,23750,32651,Plecotus austriacus,0.01,0.023,-1,Echolocation,/mnt/ubna_data_01_mir/recover-20220825/UBNA_002/20220823_033000.WAV,Telephone Field,recover-20220825,002,1795
312.3435,312.351,49531,53926,Pipistrellus pipistrellus,0.035,0.039,-1,Echolocation,/mnt/ubna_data_01_mir/recover-20220825/UBNA_002/20220823_033000.WAV,Telephone Field,recover-20220825,002,1795
312.3545,312.3916,68437,81932,Rhinolophus ferrumequinum,0.021,0.021,-1,Echolocation,/mnt/ubna_data_01_mir/recover-20220825/UBNA_002/20220823_033000.WAV,Telephone Field,recover-20220825,002,1795
312.3995,312.4365,68437,82244,Rhinolophus ferrumequinum,0.021,0.021,-1,Echolocation,/mnt/ubna_data_01_mir/recover-20220825/UBNA_002/20220823_033000.WAV,Telephone Field,recover-20220825,002,1795
312.4125,312.4254,37500,42162,Pipistrellus nathusii,0.013,0.029,-1,Echolocation,/mnt/ubna_data_01_mir/recover-20220825/UBNA_002/20220823_033000.WAV,Telephone Field,recover-20220825,002,1795
312.4235,312.4303,24609,34489,Plecotus austriacus,0.014,0.033,-1,Echolocation,/mnt/ubna_data_01_mir/recover-20220825/UBNA_002/20220823_033000.WAV,Telephone Field,recover-20220825,002,1795
312.4285,312.4683,68437,82318,Rhinolophus ferrumequinum,0.025,0.025,-1,Echolocation,/mnt/ubna_data_01_mir/recover-20220825/UBNA_002/20220823_033000.WAV,Telephone Field,recover-20220825,002,1795
312.4445,312.4515,28906,39380,Eptesicus serotinus,0.006,0.021,-1,Echolocation,/mnt/ubna_data_01_mir/recover-20220825/UBNA_002/20220823_033000.WAV,Telephone Field,recover-20220825,002,1795
312.4575,312.4936,68437,81976,Rhinolophus ferrumequinum,0.023,0.023,-1,Echolocation,/mnt/ubna_data_01_mir/recover-20220825/UBNA_002/20220823_033000.WAV,Telephone Field,recover-20220825,002,1795
312.4865,312.495,28906,40454,Eptesicus serotinus,0.008,0.024,-1,Echolocation,/mnt/ubna_data_01_mir/recover-20220825/UBNA_002/20220823_033000.WAV,Telephone Field,recover-20220825,002,1795
312.5015,312.5146,26328,31530,Eptesicus serotinus,0.019,0.045,-1,Echolocation,/mnt/ubna_data_01_mir/recover-20220825/UBNA_002/20220823_033000.WAV,Telephone Field,recover-20220825,002,1795
312.5185,312.5566,68437,81819,Rhinolophus ferrumequinum,0.022,0.022,-1,Echolocation,/mnt/ubna_data_01_mir/recover-20220825/UBNA_002/20220823_033000.WAV,Telephone Field,recover-20220825,002,1795
312.5425,312.5849,68437,83103,Rhinolophus ferrumequinum,0.033,0.033,-1,Echolocation,/mnt/ubna_data_01_mir/recover-20220825/UBNA_002/20220823_033000.WAV,Telephone Field,recover-20220825,002,1795
312.5505,312.5625,22031,27105,Nyctalus leisleri,0.011,0.025,-1,Echolocation,/mnt/ubna_data_01_mir/recover-20220825/UBNA_002/20220823_033000.WAV,Telephone Field,recover-20220825,002,1795
312.5855,312.5963,26328,32754,Eptesicus serotinus,0.013,0.03,-1,Echolocation,/mnt/ubna_data_01_mir/recover-20220825/UBNA_002/20220823_033000.WAV,Telephone Field,recover-20220825,002,1795
312.6105,312.6487,68437,81774,Rhinolophus ferrumequinum,0.026,0.026,-1,Echolocation,/mnt/ubna_data_01_mir/recover-20220825/UBNA_002/20220823_033000.WAV,Telephone Field,recover-20220825,002,1795
312.6315,312.66949999999997,68437,82567,Rhinolophus ferrumequinum,0.022,0.022,-1,Echolocation,/mnt/ubna_data_01_mir/recover-20220825/UBNA_002/20220823_033000.WAV,Telephone Field,recover-20220825,002,1795
312.6395,312.6499,24609,31586,Nyctalus leisleri,0.008,0.023,-1,Echolocation,/mnt/ubna_data_01_mir/recover-20220825/UBNA_002/20220823_033000.WAV,Telephone Field,recover-20220825,002,1795
312.6445,312.6826,68437,82317,Rhinolophus ferrumequinum,0.022,0.022,-1,Echolocation,/mnt/ubna_data_01_mir/recover-20220825/UBNA_002/20220823_033000.WAV,Telephone Field,recover-20220825,002,1795
312.6585,312.6653,24609,34047,Plecotus austriacus,0.009,0.024,-1,Echolocation,/mnt/ubna_data_01_mir/recover-20220825/UBNA_002/20220823_033000.WAV,Telephone Field,recover-20220825,002,1795
312.66949999999997,312.7085,68437,81899,Rhinolophus ferrumequinum,0.021,0.021,-1,Echolocation,/mnt/ubna_data_01_mir/recover-20220825/UBNA_002/20220823_033000.WAV,Telephone Field,recover-20220825,002,1795
312.6805,312.7219,68437,82126,Rhinolophus ferrumequinum,0.024,0.024,-1,Echolocation,/mnt/ubna_data_01_mir/recover-20220825/UBNA_002/20220823_033000.WAV,Telephone Field,recover-20220825,002,1795
312.6835,312.6923,22031,28756,Plecotus austriacus,0.011,0.025,-1,Echolocation,/mnt/ubna_data_01_mir/recover-20220825/UBNA_002/20220823_033000.WAV,Telephone Field,recover-20220825,002,1795
312.7305,312.7375,27187,42521,Eptesicus serotinus,0.007,0.024,-1,Echolocation,/mnt/ubna_data_01_mir/recover-20220825/UBNA_002/20220823_033000.WAV,Telephone Field,recover-20220825,002,1795
312.7485,312.7903,68437,82697,Rhinolophus ferrumequinum,0.024,0.024,-1,Echolocation,/mnt/ubna_data_01_mir/recover-20220825/UBNA_002/20220823_033000.WAV,Telephone Field,recover-20220825,002,1795
312.7955,312.8074,22031,25974,Nyctalus leisleri,0.013,0.022,-1,Echolocation,/mnt/ubna_data_01_mir/recover-20220825/UBNA_002/20220823_033000.WAV,Telephone Field,recover-20220825,002,1795
312.8365,312.8762,68437,81734,Rhinolophus ferrumequinum,0.025,0.025,-1,Echolocation,/mnt/ubna_data_01_mir/recover-20220825/UBNA_002/20220823_033000.WAV,Telephone Field,recover-20220825,002,1795
312.9015,312.9428,68437,82639,Rhinolophus ferrumequinum,0.025,0.025,-1,Echolocation,/mnt/ubna_data_01_mir/recover-20220825/UBNA_002/20220823_033000.WAV,Telephone Field,recover-20220825,002,1795
312.9185,312.9275,36640,42410,Barbastellus barbastellus,0.011,0.028,-1,Echolocation,/mnt/ubna_data_01_mir/recover-20220825/UBNA_002/20220823_033000.WAV,Telephone Field,recover-20220825,002,1795
312.9455,312.9543,26328,36716,Eptesicus serotinus,0.007,0.022,-1,Echolocation,/mnt/ubna_data_01_mir/recover-20220825/UBNA_002/20220823_033000.WAV,Telephone Field,recover-20220825,002,1795
312.9665,312.9788,22890,27308,Nyctalus leisleri,0.011,0.021,-1,Echolocation,/mnt/ubna_data_01_mir/recover-20220825/UBNA_002/20220823_033000.WAV,Telephone Field,recover-20220825,002,1795
312.9665,313.0046,68437,82476,Rhinolophus ferrumequinum,0.021,0.021,-1,Echolocation,/mnt/ubna_data_01_mir/recover-20220825/UBNA_002/20220823_033000.WAV,Telephone Field,recover-20220825,002,1795
312.9925,313.0005,26328,36381,Eptesicus serotinus,0.007,0.022,-1,Echolocation,/mnt/ubna_data_01_mir/recover-20220825/UBNA_002/20220823_033000.WAV,Telephone Field,recover-20220825,002,1795
313.0205,313.061,68437,82093,Rhinolophus ferrumequinum,0.023,0.023,-1,Echolocation,/mnt/ubna_data_01_mir/recover-20220825/UBNA_002/20220823_033000.WAV,Telephone Field,recover-20220825,002,1795
313.0255,313.0657,68437,82384,Rhinolophus ferrumequinum,0.024,0.024,-1,Echolocation,/mnt/ubna_data_01_mir/recover-20220825/UBNA_002/20220823_033000.WAV,Telephone Field,recover-20220825,002,1795
313.0305,313.039,25468,34484,Eptesicus serotinus,0.006,0.022,-1,Echolocation,/mnt/ubna_data_01_mir/recover-20220825/UBNA_002/20220823_033000.WAV,Telephone Field,recover-20220825,002,1795
313.0375,313.0761,68437,82138,Rhinolophus ferrumequinum,0.023,0.023,-1,Echolocation,/mnt/ubna_data_01_mir/recover-20220825/UBNA_002/20220823_033000.WAV,Telephone Field,recover-20220825,002,1795
313.0415,313.05219999999997,28906,35360,Eptesicus serotinus,0.013,0.026,-1,Echolocation,/mnt/ubna_data_01_mir/recover-20220825/UBNA_002/20220823_033000.WAV,Telephone Field,recover-20220825,002,1795
313.0765,313.115,68437,82298,Rhinolophus ferrumequinum,0.022,0.022,-1,Echolocation,/mnt/ubna_data_01_mir/recover-20220825/UBNA_002/20220823_033000.WAV,Telephone Field,recover-20220825,002,1795
313.1065,313.1182,22890,27319,Nyctalus leisleri,0.015,0.028,-1,Echolocation,/mnt/ubna_data_01_mir/recover-20220825/UBNA_002/20220823_033000.WAV,Telephone Field,recover-20220825,002,1795
313.1075,313.1498,68437,82944,Rhinolophus ferrumequinum,0.036,0.036,-1,Echolocation,/mnt/ubna_data_01_mir/recover-20220825/UBNA_002/20220823_033000.WAV,Telephone Field,recover-20220825,002,1795
313.1335,313.174,68437,81627,Rhinolophus ferrumequinum,0.023,0.023,-1,Echolocation,/mnt/ubna_data_01_mir/recover-20220825/UBNA_002/20220823_033000.WAV,Telephone Field,recover-20220825,002,1795
313.1355,313.1453,28906,38778,Eptesicus serotinus,0.009,0.022,-1,Echolocation,/mnt/ubna_data_01_mir/recover-20220825/UBNA_002/20220823_033000.WAV,Telephone Field,recover-20220825,002,1795
313.1485,313.1869,68437,82218,Rhinolophus ferrumequinum,0.031,0.031,-1,Echolocation,/mnt/ubna_data_01_mir/recover-20220825/UBNA_002/20220823_033000.WAV,Telephone Field,recover-20220825,002,1795
313.1985,313.2088,22890,29328,Nyctalus leisleri,0.008,0.023,-1,Echolocation,/mnt/ubna_data_01_mir/recover-20220825/UBNA_002/20220823_033000.WAV,Telephone Field,recover-20220825,002,1795
313.2395,313.2492,22031,28755,Plecotus austriacus,0.011,0.027,-1,Echolocation,/mnt/ubna_data_01_mir/recover-20220825/UBNA_002/20220823_033000.WAV,Telephone Field,recover-20220825,002,1795
313.3455,313.3567,23750,29423,Nyctalus leisleri,0.012,0.026,-1,Echolocation,/mnt/ubna_data_01_mir/recover-20220825/UBNA_002/20220823_033000.WAV,Telephone Field,recover-20220825,002,1795
313.3505,313.3903,68437,82042,Rhinolophus ferrumequinum,0.021,0.021,-1,Echolocation,/mnt/ubna_data_01_mir/recover-20220825/UBNA_002/20220823_033000.WAV,Telephone Field,recover-20220825,002,1795
313.3875,313.3945,29765,41591,Myotis daubentonii,0.01,0.029,-1,Echolocation,/mnt/ubna_data_01_mir/recover-20220825/UBNA_002/20220823_033000.WAV,Telephone Field,recover-20220825,002,1795
313.4025,313.4147,22890,27453,Nyctalus leisleri,0.015,0.029,-1,Echolocation,/mnt/ubna_data_01_mir/recover-20220825/UBNA_002/20220823_033000.WAV,Telephone Field,recover-20220825,002,1795
313.41949999999997,313.461,68437,83209,Rhinolophus ferrumequinum,0.024,0.024,-1,Echolocation,/mnt/ubna_data_01_mir/recover-20220825/UBNA_002/20220823_033000.WAV,Telephone Field,recover-20220825,002,1795
313.4445,313.4506,28046,44802,Eptesicus serotinus,0.008,0.034,-1,Echolocation,/mnt/ubna_data_01_mir/recover-20220825/UBNA_002/20220823_033000.WAV,Telephone Field,recover-20220825,002,1795
313.4455,313.4833,68437,82418,Rhinolophus ferrumequinum,0.024,0.024,-1,Echolocation,/mnt/ubna_data_01_mir/recover-20220825/UBNA_002/20220823_033000.WAV,Telephone Field,recover-20220825,002,1795
313.4885,313.5302,68437,82983,Rhinolophus ferrumequinum,0.036,0.036,-1,Echolocation,/mnt/ubna_data_01_mir/recover-20220825/UBNA_002/20220823_033000.WAV,Telephone Field,recover-20220825,002,1795
313.5085,313.5462,68437,82297,Rhinolophus ferrumequinum,0.022,0.023,-1,Echolocation,/mnt/ubna_data_01_mir/recover-20220825/UBNA_002/20220823_033000.WAV,Telephone Field,recover-20220825,002,1795
313.5295,313.5685,68437,82168,Rhinolophus ferrumequinum,0.023,0.023,-1,Echolocation,/mnt/ubna_data_01_mir/recover-20220825/UBNA_002/20220823_033000.WAV,Telephone Field,recover-20220825,002,1795
313.5425,313.5492,46093,55392,Pipistrellus pipistrellus,0.014,0.021,-1,Echolocation,/mnt/ubna_data_01_mir/recover-20220825/UBNA_002/20220823_033000.WAV,Telephone Field,recover-20220825,002,1795
313.5525,313.5601,26328,35198,Eptesicus serotinus,0.008,0.023,-1,Echolocation,/mnt/ubna_data_01_mir/recover-20220825/UBNA_002/20220823_033000.WAV,Telephone Field,recover-20220825,002,1795
313.6125,313.6543,68437,82697,Rhinolophus ferrumequinum,0.03,0.03,-1,Echolocation,/mnt/ubna_data_01_mir/recover-20220825/UBNA_002/20220823_033000.WAV,Telephone Field,recover-20220825,002,1795
313.6145,313.6257,27187,33520,Eptesicus serotinus,0.011,0.024,-1,Echolocation,/mnt/ubna_data_01_mir/recover-20220825/UBNA_002/20220823_033000.WAV,Telephone Field,recover-20220825,002,1795
313.6215,313.6318,28046,35061,Eptesicus serotinus,0.009,0.025,-1,Echolocation,/mnt/ubna_data_01_mir/recover-20220825/UBNA_002/20220823_033000.WAV,Telephone Field,recover-20220825,002,1795
313.6245,313.6306,40078,56710,Myotis mystacinus,0.006,0.021,-1,Echolocation,/mnt/ubna_data_01_mir/recover-20220825/UBNA_002/20220823_033000.WAV,Telephone Field,recover-20220825,002,1795
313.6475,313.667,16015,20418,Nyctalus noctula,0.036,0.047,-1,Echolocation,/mnt/ubna_data_01_mir/recover-20220825/UBNA_002/20220823_033000.WAV,Telephone Field,recover-20220825,002,1795
313.6495,313.6869,68437,82146,Rhinolophus ferrumequinum,0.022,0.022,-1,Echolocation,/mnt/ubna_data_01_mir/recover-20220825/UBNA_002/20220823_033000.WAV,Telephone Field,recover-20220825,002,1795
313.6605,313.67,28046,38685,Eptesicus serotinus,0.01,0.023,-1,Echolocation,/mnt/ubna_data_01_mir/recover-20220825/UBNA_002/20220823_033000.WAV,Telephone Field,recover-20220825,002,1795
313.6775,313.7147,68437,81387,Rhinolophus ferrumequinum,0.022,0.023,-1,Echolocation,/mnt/ubna_data_01_mir/recover-20220825/UBNA_002/20220823_033000.WAV,Telephone Field,recover-20220825,002,1795
313.6985,313.73969999999997,68437,82644,Rhinolophus ferrumequinum,0.027,0.027,-1,Echolocation,/mnt/ubna_data_01_mir/recover-20220825/UBNA_002/20220823_033000.WAV,Telephone Field,recover-20220825,002,1795
313.7755,313.7823,28046,40233,Eptesicus serotinus,0.007,0.025,-1,Echolocation,/mnt/ubna_data_01_mir/recover-20220825/UBNA_002/20220823_033000.WAV,Telephone Field,recover-20220825,002,1795
313.7895,313.7974,27187,39255,Eptesicus serotinus,0.007,0.022,-1,Echolocation,/mnt/ubna_data_01_mir/recover-20220825/UBNA_002/20220823_033000.WAV,Telephone Field,recover-20220825,002,1795
313.8535,313.8921,68437,81897,Rhinolophus ferrumequinum,0.031,0.031,-1,Echolocation,/mnt/ubna_data_01_mir/recover-20220825/UBNA_002/20220823_033000.WAV,Telephone Field,recover-20220825,002,1795
313.8685,313.9034,68437,81269,Rhinolophus ferrumequinum,0.023,0.023,-1,Echolocation,/mnt/ubna_data_01_mir/recover-20220825/UBNA_002/20220823_033000.WAV,Telephone Field,recover-20220825,002,1795
313.9015,313.9417,68437,83139,Rhinolophus ferrumequinum,0.026,0.026,-1,Echolocation,/mnt/ubna_data_01_mir/recover-20220825/UBNA_002/20220823_033000.WAV,Telephone Field,recover-20220825,002,1795
313.9115,313.9304,22890,26293,Nyctalus leisleri,0.021,0.034,-1,Echolocation,/mnt/ubna_data_01_mir/recover-20220825/UBNA_002/20220823_033000.WAV,Telephone Field,recover-20220825,002,1795
313.9385,313.9791,68437,82491,Rhinolophus ferrumequinum,0.032,0.032,-1,Echolocation,/mnt/ubna_data_01_mir/recover-20220825/UBNA_002/20220823_033000.WAV,Telephone Field,recover-20220825,002,1795
313.9855,313.9955,26328,35370,Eptesicus serotinus,0.009,0.022,-1,Echolocation,/mnt/ubna_data_01_mir/recover-20220825/UBNA_002/20220823_033000.WAV,Telephone Field,recover-20220825,002,1795
314.0015,314.0341,68437,79697,Rhinolophus ferrumequinum,0.035,0.036,-1,Echolocation,/mnt/ubna_data_01_mir/recover-20220825/UBNA_002/20220823_033000.WAV,Telephone Field,recover-20220825,002,1795
314.0015,314.01800000000003,55546,62464,Pipistrellus pygmaeus,0.018,0.022,-1,Echolocation,/mnt/ubna_data_01_mir/recover-20220825/UBNA_002/20220823_033000.WAV,Telephone Field,recover-20220825,002,1795
314.0045,314.0148,27187,36978,Eptesicus serotinus,0.023,0.037,-1,Echolocation,/mnt/ubna_data_01_mir/recover-20220825/UBNA_002/20220823_033000.WAV,Telephone Field,recover-20220825,002,1795
314.0115,314.0543,68437,82532,Rhinolophus ferrumequinum,0.022,0.022,-1,Echolocation,/mnt/ubna_data_01_mir/recover-20220825/UBNA_002/20220823_033000.WAV,Telephone Field,recover-20220825,002,1795
314.04449999999997,314.082,68437,81866,Rhinolophus ferrumequinum,0.023,0.023,-1,Echolocation,/mnt/ubna_data_01_mir/recover-20220825/UBNA_002/20220823_033000.WAV,Telephone Field,recover-20220825,002,1795
314.0535,314.0655,34921,40624,Pipistrellus nathusii,0.023,0.065,-1,Echolocation,/mnt/ubna_data_01_mir/recover-20220825/UBNA_002/20220823_033000.WAV,Telephone Field,recover-20220825,002,1795
314.0785,314.0881,28046,36778,Eptesicus serotinus,0.01,0.024,-1,Echolocation,/mnt/ubna_data_01_mir/recover-20220825/UBNA_002/20220823_033000.WAV,Telephone Field,recover-20220825,002,1795
314.0915,314.1273,68437,81090,Rhinolophus ferrumequinum,0.025,0.025,-1,Echolocation,/mnt/ubna_data_01_mir/recover-20220825/UBNA_002/20220823_033000.WAV,Telephone Field,recover-20220825,002,1795
314.1065,314.147,68437,82437,Rhinolophus ferrumequinum,0.025,0.025,-1,Echolocation,/mnt/ubna_data_01_mir/recover-20220825/UBNA_002/20220823_033000.WAV,Telephone Field,recover-20220825,002,1795
314.1635,314.1737,23750,30391,Nyctalus leisleri,0.01,0.027,-1,Echolocation,/mnt/ubna_data_01_mir/recover-20220825/UBNA_002/20220823_033000.WAV,Telephone Field,recover-20220825,002,1795
314.1835,314.2205,68437,81811,Rhinolophus ferrumequinum,0.024,0.024,-1,Echolocation,/mnt/ubna_data_01_mir/recover-20220825/UBNA_002/20220823_033000.WAV,Telephone Field,recover-20220825,002,1795
314.1915,314.2,32343,41380,Myotis daubentonii,0.009,0.027,-1,Echolocation,/mnt/ubna_data_01_mir/recover-20220825/UBNA_002/20220823_033000.WAV,Telephone Field,recover-20220825,002,1795
314.2625,314.2716,21171,27509,Plecotus austriacus,0.012,0.028,-1,Echolocation,/mnt/ubna_data_01_mir/recover-20220825/UBNA_002/20220823_033000.WAV,Telephone Field,recover-20220825,002,1795
314.2825,314.3217,68437,82725,Rhinolophus ferrumequinum,0.029,0.029,-1,Echolocation,/mnt/ubna_data_01_mir/recover-20220825/UBNA_002/20220823_033000.WAV,Telephone Field,recover-20220825,002,1795
314.2925,314.3329,68437,82869,Rhinolophus ferrumequinum,0.028,0.028,-1,Echolocation,/mnt/ubna_data_01_mir/recover-20220825/UBNA_002/20220823_033000.WAV,Telephone Field,recover-20220825,002,1795
314.3335,314.372,68437,81966,Rhinolophus ferrumequinum,0.031,0.031,-1,Echolocation,/mnt/ubna_data_01_mir/recover-20220825/UBNA_002/20220823_033000.WAV,Telephone Field,recover-20220825,002,1795
314.3675,314.382,25468,30749,Nyctalus leisleri,0.029,0.065,-1,Echolocation,/mnt/ubna_data_01_mir/recover-20220825/UBNA_002/20220823_033000.WAV,Telephone Field,recover-20220825,002,1795
314.3855,314.4253,68437,82740,Rhinolophus ferrumequinum,0.024,0.024,-1,Echolocation,/mnt/ubna_data_01_mir/recover-20220825/UBNA_002/20220823_033000.WAV,Telephone Field,recover-20220825,002,1795
314.4285,314.4702,68437,82297,Rhinolophus ferrumequinum,0.028,0.028,-1,Echolocation,/mnt/ubna_data_01_mir/recover-20220825/UBNA_002/20220823_033000.WAV,Telephone Field,recover-20220825,002,1795
314.4905,314.4981,47812,53999,Pipistrellus pipistrellus,0.024,0.026,-1,Echolocation,/mnt/ubna_data_01_mir/recover-20220825/UBNA_002/20220823_033000.WAV,Telephone Field,recover-20220825,002,1795
314.5195,314.5599,68437,82679,Rhinolophus ferrumequinum,0.031,0.031,-1,Echolocation,/mnt/ubna_data_01_mir/recover-20220825/UBNA_002/20220823_033000.WAV,Telephone Field,recover-20220825,002,1795
314.5515,314.5923,68437,82500,Rhinolophus ferrumequinum,0.022,0.022,-1,Echolocation,/mnt/ubna_data_01_mir/recover-20220825/UBNA_002/20220823_033000.WAV,Telephone Field,recover-20220825,002,1795
314.5775,314.5852,23750,32319,Plecotus austriacus,0.009,0.023,-1,Echolocation,/mnt/ubna_data_01_mir/recover-20220825/UBNA_002/20220823_033000.WAV,Telephone Field,recover-20220825,002,1795
314.6045,314.6184,23750,27796,Nyctalus leisleri,0.017,0.031,-1,Echolocation,/mnt/ubna_data_01_mir/recover-20220825/UBNA_002/20220823_033000.WAV,Telephone Field,recover-20220825,002,1795
314.6595,314.6679,47812,53977,Pipistrellus pipistrellus,0.023,0.024,-1,Echolocation,/mnt/ubna_data_01_mir/recover-20220825/UBNA_002/20220823_033000.WAV,Telephone Field,recover-20220825,002,1795
314.6935,314.7313,68437,82079,Rhinolophus ferrumequinum,0.023,0.023,-1,Echolocation,/mnt/ubna_data_01_mir/recover-20220825/UBNA_002/20220823_033000.WAV,Telephone Field,recover-20220825,002,1795
314.7145,314.7527,68437,81814,Rhinolophus ferrumequinum,0.022,0.022,-1,Echolocation,/mnt/ubna_data_01_mir/recover-20220825/UBNA_002/20220823_033000.WAV,Telephone Field,recover-20220825,002,1795
314.7205,314.7279,28046,43322,Eptesicus serotinus,0.007,0.022,-1,Echolocation,/mnt/ubna_data_01_mir/recover-20220825/UBNA_002/20220823_033000.WAV,Telephone Field,recover-20220825,002,1795
314.7395,314.747,25468,35464,Eptesicus serotinus,0.007,0.023,-1,Echolocation,/mnt/ubna_data_01_mir/recover-20220825/UBNA_002/20220823_033000.WAV,Telephone Field,recover-20220825,002,1795
314.8075,314.8149,26328,36292,Eptesicus serotinus,0.008,0.022,-1,Echolocation,/mnt/ubna_data_01_mir/recover-20220825/UBNA_002/20220823_033000.WAV,Telephone Field,recover-20220825,002,1795
314.8085,314.8506,68437,82890,Rhinolophus ferrumequinum,0.038,0.038,-1,Echolocation,/mnt/ubna_data_01_mir/recover-20220825/UBNA_002/20220823_033000.WAV,Telephone Field,recover-20220825,002,1795
314.8515,314.861,28046,36792,Eptesicus serotinus,0.011,0.025,-1,Echolocation,/mnt/ubna_data_01_mir/recover-20220825/UBNA_002/20220823_033000.WAV,Telephone Field,recover-20220825,002,1795
314.8745,314.9051,67578,77140,Rhinolophus ferrumequinum,0.02,0.023,-1,Echolocation,/mnt/ubna_data_01_mir/recover-20220825/UBNA_002/20220823_033000.WAV,Telephone Field,recover-20220825,002,1795
314.8805,314.9148,68437,80484,Rhinolophus ferrumequinum,0.023,0.024,-1,Echolocation,/mnt/ubna_data_01_mir/recover-20220825/UBNA_002/20220823_033000.WAV,Telephone Field,recover-20220825,002,1795
314.9305,314.9741,68437,83579,Rhinolophus ferrumequinum,0.029,0.029,-1,Echolocation,/mnt/ubna_data_01_mir/recover-20220825/UBNA_002/20220823_033000.WAV,Telephone Field,recover-20220825,002,1795
314.9395,314.9824,68437,83552,Rhinolophus ferrumequinum,0.026,0.026,-1,Echolocation,/mnt/ubna_data_01_mir/recover-20220825/UBNA_002/20220823_033000.WAV,Telephone Field,recover-20220825,002,1795
314.9635,314.9701,13437,27655,Plecotus auritus,0.026,0.03,-1,Echolocation,/mnt/ubna_data_01_mir/recover-20220825/UBNA_002/20220823_033000.WAV,Telephone Field,recover-20220825,002,1795
314.9675,315.0098,68437,83683,Rhinolophus ferrumequinum,0.026,0.026,-1,Echolocation,/mnt/ubna_data_01_mir/recover-20220825/UBNA_002/20220823_033000.WAV,Telephone Field,recover-20220825,002,1795
314.9695,314.98,22890,29184,Nyctalus leisleri,0.01,0.023,-1,Echolocation,/mnt/ubna_data_01_mir/recover-20220825/UBNA_002/20220823_033000.WAV,Telephone Field,recover-20220825,002,1795
314.9735,315.0132,68437,82883,Rhinolophus ferrumequinum,0.023,0.023,-1,Echolocation,/mnt/ubna_data_01_mir/recover-20220825/UBNA_002/20220823_033000.WAV,Telephone Field,recover-20220825,002,1795
314.9795,314.986,26328,38806,Plecotus austriacus,0.008,0.034,-1,Echolocation,/mnt/ubna_data_01_mir/recover-20220825/UBNA_002/20220823_033000.WAV,Telephone Field,recover-20220825,002,1795
314.9795,314.9861,34062,43707,Myotis daubentonii,0.008,0.023,-1,Echolocation,/mnt/ubna_data_01_mir/recover-20220825/UBNA_002/20220823_033000.WAV,Telephone Field,recover-20220825,002,1795
315.0455,315.0545,24609,33593,Eptesicus serotinus,0.007,0.023,-1,Echolocation,/mnt/ubna_data_01_mir/recover-20220825/UBNA_002/20220823_033000.WAV,Telephone Field,recover-20220825,002,1795
315.0835,315.0918,28046,40295,Eptesicus serotinus,0.008,0.023,-1,Echolocation,/mnt/ubna_data_01_mir/recover-20220825/UBNA_002/20220823_033000.WAV,Telephone Field,recover-20220825,002,1795
315.0835,315.1166,68437,81441,Rhinolophus ferrumequinum,0.022,0.022,-1,Echolocation,/mnt/ubna_data_01_mir/recover-20220825/UBNA_002/20220823_033000.WAV,Telephone Field,recover-20220825,002,1795
315.1025,315.1404,68437,81894,Rhinolophus ferrumequinum,0.024,0.024,-1,Echolocation,/mnt/ubna_data_01_mir/recover-20220825/UBNA_002/20220823_033000.WAV,Telephone Field,recover-20220825,002,1795
315.1215,315.16179999999997,68437,82149,Rhinolophus ferrumequinum,0.023,0.023,-1,Echolocation,/mnt/ubna_data_01_mir/recover-20220825/UBNA_002/20220823_033000.WAV,Telephone Field,recover-20220825,002,1795
315.1285,315.1392,24609,31275,Nyctalus leisleri,0.01,0.028,-1,Echolocation,/mnt/ubna_data_01_mir/recover-20220825/UBNA_002/20220823_033000.WAV,Telephone Field,recover-20220825,002,1795
315.1725,315.2114,68437,82390,Rhinolophus ferrumequinum,0.04,0.04,-1,Echolocation,/mnt/ubna_data_01_mir/recover-20220825/UBNA_002/20220823_033000.WAV,Telephone Field,recover-20220825,002,1795
315.1905,315.1998,25468,34237,Eptesicus serotinus,0.009,0.026,-1,Echolocation,/mnt/ubna_data_01_mir/recover-20220825/UBNA_002/20220823_033000.WAV,Telephone Field,recover-20220825,002,1795
315.2115,315.2476,68437,81884,Rhinolophus ferrumequinum,0.022,0.022,-1,Echolocation,/mnt/ubna_data_01_mir/recover-20220825/UBNA_002/20220823_033000.WAV,Telephone Field,recover-20220825,002,1795
315.2305,315.2673,68437,81884,Rhinolophus ferrumequinum,0.023,0.024,-1,Echolocation,/mnt/ubna_data_01_mir/recover-20220825/UBNA_002/20220823_033000.WAV,Telephone Field,recover-20220825,002,1795
315.2555,315.2969,68437,82212,Rhinolophus ferrumequinum,0.031,0.032,-1,Echolocation,/mnt/ubna_data_01_mir/recover-20220825/UBNA_002/20220823_033000.WAV,Telephone Field,recover-20220825,002,1795
315.3235,315.3632,68437,82465,Rhinolophus ferrumequinum,0.03,0.03,-1,Echolocation,/mnt/ubna_data_01_mir/recover-20220825/UBNA_002/20220823_033000.WAV,Telephone Field,recover-20220825,002,1795
315.3385,315.3803,68437,82766,Rhinolophus ferrumequinum,0.026,0.026,-1,Echolocation,/mnt/ubna_data_01_mir/recover-20220825/UBNA_002/20220823_033000.WAV,Telephone Field,recover-20220825,002,1795
315.3865,315.4269,68437,81866,Rhinolophus ferrumequinum,0.023,0.023,-1,Echolocation,/mnt/ubna_data_01_mir/recover-20220825/UBNA_002/20220823_033000.WAV,Telephone Field,recover-20220825,002,1795
315.4475,315.4869,68437,82563,Rhinolophus ferrumequinum,0.025,0.025,-1,Echolocation,/mnt/ubna_data_01_mir/recover-20220825/UBNA_002/20220823_033000.WAV,Telephone Field,recover-20220825,002,1795
315.4545,315.4621,27187,40530,Eptesicus serotinus,0.007,0.023,-1,Echolocation,/mnt/ubna_data_01_mir/recover-20220825/UBNA_002/20220823_033000.WAV,Telephone Field,recover-20220825,002,1795
315.4845,315.5212,68437,82218,Rhinolophus ferrumequinum,0.022,0.022,-1,Echolocation,/mnt/ubna_data_01_mir/recover-20220825/UBNA_002/20220823_033000.WAV,Telephone Field,recover-20220825,002,1795
315.4935,315.5041,22031,26872,Nyctalus leisleri,0.01,0.023,-1,Echolocation,/mnt/ubna_data_01_mir/recover-20220825/UBNA_002/20220823_033000.WAV,Telephone Field,recover-20220825,002,1795
315.5035,315.51030000000003,34921,45581,Myotis daubentonii,0.009,0.024,-1,Echolocation,/mnt/ubna_data_01_mir/recover-20220825/UBNA_002/20220823_033000.WAV,Telephone Field,recover-20220825,002,1795
315.5035,315.511,28046,45136,Eptesicus serotinus,0.008,0.022,-1,Echolocation,/mnt/ubna_data_01_mir/recover-20220825/UBNA_002/20220823_033000.WAV,Telephone Field,recover-20220825,002,1795
315.5185,315.558,68437,82873,Rhinolophus ferrumequinum,0.025,0.025,-1,Echolocation,/mnt/ubna_data_01_mir/recover-20220825/UBNA_002/20220823_033000.WAV,Telephone Field,recover-20220825,002,1795
315.5235,315.5315,28906,39551,Eptesicus serotinus,0.008,0.023,-1,Echolocation,/mnt/ubna_data_01_mir/recover-20220825/UBNA_002/20220823_033000.WAV,Telephone Field,recover-20220825,002,1795
315.5555,315.5984,68437,82887,Rhinolophus ferrumequinum,0.029,0.029,-1,Echolocation,/mnt/ubna_data_01_mir/recover-20220825/UBNA_002/20220823_033000.WAV,Telephone Field,recover-20220825,002,1795
315.5615,315.6035,68437,82717,Rhinolophus ferrumequinum,0.028,0.028,-1,Echolocation,/mnt/ubna_data_01_mir/recover-20220825/UBNA_002/20220823_033000.WAV,Telephone Field,recover-20220825,002,1795
315.5935,315.6357,68437,83272,Rhinolophus ferrumequinum,0.041,0.041,-1,Echolocation,/mnt/ubna_data_01_mir/recover-20220825/UBNA_002/20220823_033000.WAV,Telephone Field,recover-20220825,002,1795
315.6055,315.6156,22890,27846,Nyctalus leisleri,0.011,0.022,-1,Echolocation,/mnt/ubna_data_01_mir/recover-20220825/UBNA_002/20220823_033000.WAV,Telephone Field,recover-20220825,002,1795
315.6075,315.6444,68437,81448,Rhinolophus ferrumequinum,0.023,0.023,-1,Echolocation,/mnt/ubna_data_01_mir/recover-20220825/UBNA_002/20220823_033000.WAV,Telephone Field,recover-20220825,002,1795
315.6585,315.6955,68437,81298,Rhinolophus ferrumequinum,0.024,0.024,-1,Echolocation,/mnt/ubna_data_01_mir/recover-20220825/UBNA_002/20220823_033000.WAV,Telephone Field,recover-20220825,002,1795
315.6715,315.7099,68437,81831,Rhinolophus ferrumequinum,0.024,0.024,-1,Echolocation,/mnt/ubna_data_01_mir/recover-20220825/UBNA_002/20220823_033000.WAV,Telephone Field,recover-20220825,002,1795
315.6805,315.6908,22031,27149,Nyctalus leisleri,0.011,0.024,-1,Echolocation,/mnt/ubna_data_01_mir/recover-20220825/UBNA_002/20220823_033000.WAV,Telephone Field,recover-20220825,002,1795
315.7075,315.7282,20312,23254,Nyctalus noctula,0.128,0.222,-1,Echolocation,/mnt/ubna_data_01_mir/recover-20220825/UBNA_002/20220823_033000.WAV,Telephone Field,recover-20220825,002,1795
315.7075,315.7441,68437,81899,Rhinolophus ferrumequinum,0.025,0.025,-1,Echolocation,/mnt/ubna_data_01_mir/recover-20220825/UBNA_002/20220823_033000.WAV,Telephone Field,recover-20220825,002,1795
315.7325,315.774,68437,83106,Rhinolophus ferrumequinum,0.023,0.023,-1,Echolocation,/mnt/ubna_data_01_mir/recover-20220825/UBNA_002/20220823_033000.WAV,Telephone Field,recover-20220825,002,1795
315.7345,315.7438,28906,37695,Eptesicus serotinus,0.009,0.023,-1,Echolocation,/mnt/ubna_data_01_mir/recover-20220825/UBNA_002/20220823_033000.WAV,Telephone Field,recover-20220825,002,1795
315.7905,315.8313,68437,82141,Rhinolophus ferrumequinum,0.028,0.028,-1,Echolocation,/mnt/ubna_data_01_mir/recover-20220825/UBNA_002/20220823_033000.WAV,Telephone Field,recover-20220825,002,1795
315.8285,315.8669,68437,82043,Rhinolophus ferrumequinum,0.023,0.023,-1,Echolocation,/mnt/ubna_data_01_mir/recover-20220825/UBNA_002/20220823_033000.WAV,Telephone Field,recover-20220825,002,1795
315.8395,315.848,31484,40278,Myotis daubentonii,0.007,0.022,-1,Echolocation,/mnt/ubna_data_01_mir/recover-20220825/UBNA_002/20220823_033000.WAV,Telephone Field,recover-20220825,002,1795
315.8485,315.8888,68437,82159,Rhinolophus ferrumequinum,0.024,0.024,-1,Echolocation,/mnt/ubna_data_01_mir/recover-20220825/UBNA_002/20220823_033000.WAV,Telephone Field,recover-20220825,002,1795
315.8575,315.8663,25468,33819,Eptesicus serotinus,0.008,0.023,-1,Echolocation,/mnt/ubna_data_01_mir/recover-20220825/UBNA_002/20220823_033000.WAV,Telephone Field,recover-20220825,002,1795
315.8785,315.8906,30625,38163,Eptesicus serotinus,0.016,0.031,-1,Echolocation,/mnt/ubna_data_01_mir/recover-20220825/UBNA_002/20220823_033000.WAV,Telephone Field,recover-20220825,002,1795
315.8795,315.9205,68437,82625,Rhinolophus ferrumequinum,0.024,0.024,-1,Echolocation,/mnt/ubna_data_01_mir/recover-20220825/UBNA_002/20220823_033000.WAV,Telephone Field,recover-20220825,002,1795
315.8905,315.9288,68437,81965,Rhinolophus ferrumequinum,0.023,0.023,-1,Echolocation,/mnt/ubna_data_01_mir/recover-20220825/UBNA_002/20220823_033000.WAV,Telephone Field,recover-20220825,002,1795
315.9045,315.9429,68437,82011,Rhinolophus ferrumequinum,0.022,0.022,-1,Echolocation,/mnt/ubna_data_01_mir/recover-20220825/UBNA_002/20220823_033000.WAV,Telephone Field,recover-20220825,002,1795
315.9145,315.955,68437,82448,Rhinolophus ferrumequinum,0.024,0.024,-1,Echolocation,/mnt/ubna_data_01_mir/recover-20220825/UBNA_002/20220823_033000.WAV,Telephone Field,recover-20220825,002,1795
315.9405,315.9813,68437,82242,Rhinolophus ferrumequinum,0.026,0.026,-1,Echolocation,/mnt/ubna_data_01_mir/recover-20220825/UBNA_002/20220823_033000.WAV,Telephone Field,recover-20220825,002,1795
315.9725,315.9795,23750,32613,Plecotus austriacus,0.009,0.022,-1,Echolocation,/mnt/ubna_data_01_mir/recover-20220825/UBNA_002/20220823_033000.WAV,Telephone Field,recover-20220825,002,1795
316.0015,316.0351,68437,79770,Rhinolophus ferrumequinum,0.056,0.056,-1,Echolocation,/mnt/ubna_data_01_mir/recover-20220825/UBNA_002/20220823_033000.WAV,Telephone Field,recover-20220825,002,1795
316.0015,316.0101,25468,35315,Nyctalus leisleri,0.006,0.023,-1,Echolocation,/mnt/ubna_data_01_mir/recover-20220825/UBNA_002/20220823_033000.WAV,Telephone Field,recover-20220825,002,1795
316.0075,316.0472,68437,81815,Rhinolophus ferrumequinum,0.024,0.024,-1,Echolocation,/mnt/ubna_data_01_mir/recover-20220825/UBNA_002/20220823_033000.WAV,Telephone Field,recover-20220825,002,1795
316.0195,316.0271,28046,38894,Eptesicus serotinus,0.011,0.027,-1,Echolocation,/mnt/ubna_data_01_mir/recover-20220825/UBNA_002/20220823_033000.WAV,Telephone Field,recover-20220825,002,1795
316.0335,316.07280000000003,68437,82253,Rhinolophus ferrumequinum,0.022,0.022,-1,Echolocation,/mnt/ubna_data_01_mir/recover-20220825/UBNA_002/20220823_033000.WAV,Telephone Field,recover-20220825,002,1795
316.0515,316.0587,27187,37600,Eptesicus serotinus,0.008,0.023,-1,Echolocation,/mnt/ubna_data_01_mir/recover-20220825/UBNA_002/20220823_033000.WAV,Telephone Field,recover-20220825,002,1795
316.0725,316.1137,68437,82781,Rhinolophus ferrumequinum,0.027,0.027,-1,Echolocation,/mnt/ubna_data_01_mir/recover-20220825/UBNA_002/20220823_033000.WAV,Telephone Field,recover-20220825,002,1795
316.0765,316.0855,25468,34898,Eptesicus serotinus,0.012,0.026,-1,Echolocation,/mnt/ubna_data_01_mir/recover-20220825/UBNA_002/20220823_033000.WAV,Telephone Field,recover-20220825,002,1795
316.10450000000003,316.1414,68437,81787,Rhinolophus ferrumequinum,0.023,0.023,-1,Echolocation,/mnt/ubna_data_01_mir/recover-20220825/UBNA_002/20220823_033000.WAV,Telephone Field,recover-20220825,002,1795
316.1555,316.1668,14296,19825,Nyctalus noctula,0.011,0.022,-1,Echolocation,/mnt/ubna_data_01_mir/recover-20220825/UBNA_002/20220823_033000.WAV,Telephone Field,recover-20220825,002,1795
316.1625,316.1698,28046,39806,Eptesicus serotinus,0.007,0.024,-1,Echolocation,/mnt/ubna_data_01_mir/recover-20220825/UBNA_002/20220823_033000.WAV,Telephone Field,recover-20220825,002,1795
316.1815,316.2238,68437,83282,Rhinolophus ferrumequinum,0.022,0.022,-1,Echolocation,/mnt/ubna_data_01_mir/recover-20220825/UBNA_002/20220823_033000.WAV,Telephone Field,recover-20220825,002,1795
316.2275,316.2379,38359,43231,Pipistrellus nathusii,0.018,0.027,-1,Echolocation,/mnt/ubna_data_01_mir/recover-20220825/UBNA_002/20220823_033000.WAV,Telephone Field,recover-20220825,002,1795
316.22950000000003,316.239,28046,37672,Eptesicus serotinus,0.01,0.023,-1,Echolocation,/mnt/ubna_data_01_mir/recover-20220825/UBNA_002/20220823_033000.WAV,Telephone Field,recover-20220825,002,1795
316.2455,316.28430000000003,68437,82040,Rhinolophus ferrumequinum,0.021,0.021,-1,Echolocation,/mnt/ubna_data_01_mir/recover-20220825/UBNA_002/20220823_033000.WAV,Telephone Field,recover-20220825,002,1795
316.2975,316.3393,68437,82717,Rhinolophus ferrumequinum,0.033,0.033,-1,Echolocation,/mnt/ubna_data_01_mir/recover-20220825/UBNA_002/20220823_033000.WAV,Telephone Field,recover-20220825,002,1795
316.3405,316.3782,68437,82146,Rhinolophus ferrumequinum,0.021,0.021,-1,Echolocation,/mnt/ubna_data_01_mir/recover-20220825/UBNA_002/20220823_033000.WAV,Telephone Field,recover-20220825,002,1795
316.3605,316.3672,27187,40389,Eptesicus serotinus,0.005,0.022,-1,Echolocation,/mnt/ubna_data_01_mir/recover-20220825/UBNA_002/20220823_033000.WAV,Telephone Field,recover-20220825,002,1795
316.3775,316.389,22031,26222,Nyctalus leisleri,0.013,0.022,-1,Echolocation,/mnt/ubna_data_01_mir/recover-20220825/UBNA_002/20220823_033000.WAV,Telephone Field,recover-20220825,002,1795
316.4165,316.4559,68437,82425,Rhinolophus ferrumequinum,0.022,0.022,-1,Echolocation,/mnt/ubna_data_01_mir/recover-20220825/UBNA_002/20220823_033000.WAV,Telephone Field,recover-20220825,002,1795
316.4775,316.5155,68437,82255,Rhinolophus ferrumequinum,0.023,0.023,-1,Echolocation,/mnt/ubna_data_01_mir/recover-20220825/UBNA_002/20220823_033000.WAV,Telephone Field,recover-20220825,002,1795
316.5325,316.553,17734,21202,Nyctalus noctula,0.028,0.044,-1,Echolocation,/mnt/ubna_data_01_mir/recover-20220825/UBNA_002/20220823_033000.WAV,Telephone Field,recover-20220825,002,1795
316.5605,316.6009,68437,82795,Rhinolophus ferrumequinum,0.022,0.022,-1,Echolocation,/mnt/ubna_data_01_mir/recover-20220825/UBNA_002/20220823_033000.WAV,Telephone Field,recover-20220825,002,1795
316.5925,316.6277,68437,81614,Rhinolophus ferrumequinum,0.022,0.022,-1,Echolocation,/mnt/ubna_data_01_mir/recover-20220825/UBNA_002/20220823_033000.WAV,Telephone Field,recover-20220825,002,1795
316.6105,316.6175,25468,34596,Plecotus austriacus,0.005,0.022,-1,Echolocation,/mnt/ubna_data_01_mir/recover-20220825/UBNA_002/20220823_033000.WAV,Telephone Field,recover-20220825,002,1795
316.6145,316.6243,15156,21264,Nyctalus noctula,0.019,0.037,-1,Echolocation,/mnt/ubna_data_01_mir/recover-20220825/UBNA_002/20220823_033000.WAV,Telephone Field,recover-20220825,002,1795
316.6375,316.6473,27187,36139,Eptesicus serotinus,0.012,0.026,-1,Echolocation,/mnt/ubna_data_01_mir/recover-20220825/UBNA_002/20220823_033000.WAV,Telephone Field,recover-20220825,002,1795
316.6835,316.6954,24609,30859,Nyctalus leisleri,0.012,0.03,-1,Echolocation,/mnt/ubna_data_01_mir/recover-20220825/UBNA_002/20220823_033000.WAV,Telephone Field,recover-20220825,002,1795
316.7415,316.7802,68437,81279,Rhinolophus ferrumequinum,0.027,0.027,-1,Echolocation,/mnt/ubna_data_01_mir/recover-20220825/UBNA_002/20220823_033000.WAV,Telephone Field,recover-20220825,002,1795
316.7495,316.7908,68437,83021,Rhinolophus ferrumequinum,0.036,0.036,-1,Echolocation,/mnt/ubna_data_01_mir/recover-20220825/UBNA_002/20220823_033000.WAV,Telephone Field,recover-20220825,002,1795
316.7965,316.8355,68437,82134,Rhinolophus ferrumequinum,0.026,0.026,-1,Echolocation,/mnt/ubna_data_01_mir/recover-20220825/UBNA_002/20220823_033000.WAV,Telephone Field,recover-20220825,002,1795
316.8025,316.8415,68437,82503,Rhinolophus ferrumequinum,0.024,0.024,-1,Echolocation,/mnt/ubna_data_01_mir/recover-20220825/UBNA_002/20220823_033000.WAV,Telephone Field,recover-20220825,002,1795
316.8145,316.8221,28046,39602,Eptesicus serotinus,0.007,0.022,-1,Echolocation,/mnt/ubna_data_01_mir/recover-20220825/UBNA_002/20220823_033000.WAV,Telephone Field,recover-20220825,002,1795
316.8555,316.865,27187,35236,Eptesicus serotinus,0.013,0.026,-1,Echolocation,/mnt/ubna_data_01_mir/recover-20220825/UBNA_002/20220823_033000.WAV,Telephone Field,recover-20220825,002,1795
316.9255,316.9337,27187,39939,Eptesicus serotinus,0.008,0.022,-1,Echolocation,/mnt/ubna_data_01_mir/recover-20220825/UBNA_002/20220823_033000.WAV,Telephone Field,recover-20220825,002,1795
316.9465,316.9851,68437,81554,Rhinolophus ferrumequinum,0.021,0.021,-1,Echolocation,/mnt/ubna_data_01_mir/recover-20220825/UBNA_002/20220823_033000.WAV,Telephone Field,recover-20220825,002,1795
316.9995,317.0377,68437,82065,Rhinolophus ferrumequinum,0.021,0.021,-1,Echolocation,/mnt/ubna_data_01_mir/recover-20220825/UBNA_002/20220823_033000.WAV,Telephone Field,recover-20220825,002,1795
317.0145,317.0239,28046,37575,Eptesicus serotinus,0.009,0.021,-1,Echolocation,/mnt/ubna_data_01_mir/recover-20220825/UBNA_002/20220823_033000.WAV,Telephone Field,recover-20220825,002,1795
317.0455,317.0541,25468,34242,Eptesicus serotinus,0.008,0.024,-1,Echolocation,/mnt/ubna_data_01_mir/recover-20220825/UBNA_002/20220823_033000.WAV,Telephone Field,recover-20220825,002,1795
317.0815,317.1217,68437,82402,Rhinolophus ferrumequinum,0.022,0.022,-1,Echolocation,/mnt/ubna_data_01_mir/recover-20220825/UBNA_002/20220823_033000.WAV,Telephone Field,recover-20220825,002,1795
317.1395,317.1804,68437,82638,Rhinolophus ferrumequinum,0.027,0.027,-1,Echolocation,/mnt/ubna_data_01_mir/recover-20220825/UBNA_002/20220823_033000.WAV,Telephone Field,recover-20220825,002,1795
317.1655,317.1743,29765,40877,Eptesicus serotinus,0.008,0.024,-1,Echolocation,/mnt/ubna_data_01_mir/recover-20220825/UBNA_002/20220823_033000.WAV,Telephone Field,recover-20220825,002,1795
317.1685,317.2068,68437,81822,Rhinolophus ferrumequinum,0.022,0.022,-1,Echolocation,/mnt/ubna_data_01_mir/recover-20220825/UBNA_002/20220823_033000.WAV,Telephone Field,recover-20220825,002,1795
317.1755,317.2144,68437,82263,Rhinolophus ferrumequinum,0.024,0.024,-1,Echolocation,/mnt/ubna_data_01_mir/recover-20220825/UBNA_002/20220823_033000.WAV,Telephone Field,recover-20220825,002,1795
317.2025,317.2129,22890,29137,Nyctalus leisleri,0.01,0.03,-1,Echolocation,/mnt/ubna_data_01_mir/recover-20220825/UBNA_002/20220823_033000.WAV,Telephone Field,recover-20220825,002,1795
317.2385,317.2766,68437,81993,Rhinolophus ferrumequinum,0.022,0.022,-1,Echolocation,/mnt/ubna_data_01_mir/recover-20220825/UBNA_002/20220823_033000.WAV,Telephone Field,recover-20220825,002,1795
317.3105,317.3496,68437,82711,Rhinolophus ferrumequinum,0.024,0.024,-1,Echolocation,/mnt/ubna_data_01_mir/recover-20220825/UBNA_002/20220823_033000.WAV,Telephone Field,recover-20220825,002,1795
317.3215,317.3593,68437,81714,Rhinolophus ferrumequinum,0.022,0.022,-1,Echolocation,/mnt/ubna_data_01_mir/recover-20220825/UBNA_002/20220823_033000.WAV,Telephone Field,recover-20220825,002,1795
317.3335,317.34069999999997,27187,39566,Eptesicus serotinus,0.006,0.021,-1,Echolocation,/mnt/ubna_data_01_mir/recover-20220825/UBNA_002/20220823_033000.WAV,Telephone Field,recover-20220825,002,1795
317.3435,317.3816,68437,82070,Rhinolophus ferrumequinum,0.023,0.023,-1,Echolocation,/mnt/ubna_data_01_mir/recover-20220825/UBNA_002/20220823_033000.WAV,Telephone Field,recover-20220825,002,1795
317.3515,317.3919,68437,82635,Rhinolophus ferrumequinum,0.022,0.022,-1,Echolocation,/mnt/ubna_data_01_mir/recover-20220825/UBNA_002/20220823_033000.WAV,Telephone Field,recover-20220825,002,1795
317.3725,317.3902,21171,24472,Nyctalus leisleri,0.014,0.023,-1,Echolocation,/mnt/ubna_data_01_mir/recover-20220825/UBNA_002/20220823_033000.WAV,Telephone Field,recover-20220825,002,1795
317.4175,317.4269,44375,51053,Pipistrellus pipistrellus,0.028,0.039,-1,Echolocation,/mnt/ubna_data_01_mir/recover-20220825/UBNA_002/20220823_033000.WAV,Telephone Field,recover-20220825,002,1795
317.4235,317.46320000000003,68437,82078,Rhinolophus ferrumequinum,0.021,0.021,-1,Echolocation,/mnt/ubna_data_01_mir/recover-20220825/UBNA_002/20220823_033000.WAV,Telephone Field,recover-20220825,002,1795
317.4395,317.4475,28046,39984,Eptesicus serotinus,0.008,0.023,-1,Echolocation,/mnt/ubna_data_01_mir/recover-20220825/UBNA_002/20220823_033000.WAV,Telephone Field,recover-20220825,002,1795
317.4455,317.4542,28046,36856,Eptesicus serotinus,0.008,0.021,-1,Echolocation,/mnt/ubna_data_01_mir/recover-20220825/UBNA_002/20220823_033000.WAV,Telephone Field,recover-20220825,002,1795
317.4505,317.4601,28906,36518,Eptesicus serotinus,0.008,0.022,-1,Echolocation,/mnt/ubna_data_01_mir/recover-20220825/UBNA_002/20220823_033000.WAV,Telephone Field,recover-20220825,002,1795
317.4735,317.5065,67578,79350,Rhinolophus ferrumequinum,0.022,0.023,-1,Echolocation,/mnt/ubna_data_01_mir/recover-20220825/UBNA_002/20220823_033000.WAV,Telephone Field,recover-20220825,002,1795
317.4975,317.5355,68437,82031,Rhinolophus ferrumequinum,0.023,0.023,-1,Echolocation,/mnt/ubna_data_01_mir/recover-20220825/UBNA_002/20220823_033000.WAV,Telephone Field,recover-20220825,002,1795
317.5175,317.5573,68437,82814,Rhinolophus ferrumequinum,0.021,0.021,-1,Echolocation,/mnt/ubna_data_01_mir/recover-20220825/UBNA_002/20220823_033000.WAV,Telephone Field,recover-20220825,002,1795
317.58050000000003,317.5883,46093,54701,Pipistrellus pipistrellus,0.019,0.029,-1,Echolocation,/mnt/ubna_data_01_mir/recover-20220825/UBNA_002/20220823_033000.WAV,Telephone Field,recover-20220825,002,1795
317.6015,317.6411,68437,82323,Rhinolophus ferrumequinum,0.023,0.023,-1,Echolocation,/mnt/ubna_data_01_mir/recover-20220825/UBNA_002/20220823_033000.WAV,Telephone Field,recover-20220825,002,1795
317.6145,317.6256,23750,29924,Nyctalus leisleri,0.008,0.021,-1,Echolocation,/mnt/ubna_data_01_mir/recover-20220825/UBNA_002/20220823_033000.WAV,Telephone Field,recover-20220825,002,1795
317.6265,317.637,24609,31723,Eptesicus serotinus,0.008,0.023,-1,Echolocation,/mnt/ubna_data_01_mir/recover-20220825/UBNA_002/20220823_033000.WAV,Telephone Field,recover-20220825,002,1795
317.6355,317.6438,28046,39596,Eptesicus serotinus,0.007,0.021,-1,Echolocation,/mnt/ubna_data_01_mir/recover-20220825/UBNA_002/20220823_033000.WAV,Telephone Field,recover-20220825,002,1795
317.6725,317.7154,68437,83230,Rhinolophus ferrumequinum,0.027,0.027,-1,Echolocation,/mnt/ubna_data_01_mir/recover-20220825/UBNA_002/20220823_033000.WAV,Telephone Field,recover-20220825,002,1795
317.6905,317.7285,68437,81558,Rhinolophus ferrumequinum,0.023,0.023,-1,Echolocation,/mnt/ubna_data_01_mir/recover-20220825/UBNA_002/20220823_033000.WAV,Telephone Field,recover-20220825,002,1795
317.6905,317.6979,44375,49751,Pipistrellus pipistrellus,0.017,0.022,-1,Echolocation,/mnt/ubna_data_01_mir/recover-20220825/UBNA_002/20220823_033000.WAV,Telephone Field,recover-20220825,002,1795
317.7245,317.76279999999997,68437,82309,Rhinolophus ferrumequinum,0.022,0.022,-1,Echolocation,/mnt/ubna_data_01_mir/recover-20220825/UBNA_002/20220823_033000.WAV,Telephone Field,recover-20220825,002,1795
317.7415,317.7506,27187,37330,Eptesicus serotinus,0.007,0.021,-1,Echolocation,/mnt/ubna_data_01_mir/recover-20220825/UBNA_002/20220823_033000.WAV,Telephone Field,recover-20220825,002,1795
317.7545,317.7909,68437,82199,Rhinolophus ferrumequinum,0.022,0.022,-1,Echolocation,/mnt/ubna_data_01_mir/recover-20220825/UBNA_002/20220823_033000.WAV,Telephone Field,recover-20220825,002,1795
317.7625,317.7718,28046,37454,Eptesicus serotinus,0.008,0.021,-1,Echolocation,/mnt/ubna_data_01_mir/recover-20220825/UBNA_002/20220823_033000.WAV,Telephone Field,recover-20220825,002,1795
317.7775,317.8182,68437,82550,Rhinolophus ferrumequinum,0.024,0.024,-1,Echolocation,/mnt/ubna_data_01_mir/recover-20220825/UBNA_002/20220823_033000.WAV,Telephone Field,recover-20220825,002,1795
317.7955,317.8069,23750,29180,Nyctalus leisleri,0.009,0.021,-1,Echolocation,/mnt/ubna_data_01_mir/recover-20220825/UBNA_002/20220823_033000.WAV,Telephone Field,recover-20220825,002,1795
317.7965,317.8374,68437,82688,Rhinolophus ferrumequinum,0.026,0.026,-1,Echolocation,/mnt/ubna_data_01_mir/recover-20220825/UBNA_002/20220823_033000.WAV,Telephone Field,recover-20220825,002,1795
317.8435,317.8814,68437,82127,Rhinolophus ferrumequinum,0.023,0.023,-1,Echolocation,/mnt/ubna_data_01_mir/recover-20220825/UBNA_002/20220823_033000.WAV,Telephone Field,recover-20220825,002,1795
317.8655,317.8766,23750,29582,Nyctalus leisleri,0.01,0.024,-1,Echolocation,/mnt/ubna_data_01_mir/recover-20220825/UBNA_002/20220823_033000.WAV,Telephone Field,recover-20220825,002,1795
317.8735,317.8819,27187,37148,Eptesicus serotinus,0.008,0.022,-1,Echolocation,/mnt/ubna_data_01_mir/recover-20220825/UBNA_002/20220823_033000.WAV,Telephone Field,recover-20220825,002,1795
317.8845,317.9235,68437,82213,Rhinolophus ferrumequinum,0.026,0.026,-1,Echolocation,/mnt/ubna_data_01_mir/recover-20220825/UBNA_002/20220823_033000.WAV,Telephone Field,recover-20220825,002,1795
317.8885,317.8961,28046,38860,Eptesicus serotinus,0.007,0.024,-1,Echolocation,/mnt/ubna_data_01_mir/recover-20220825/UBNA_002/20220823_033000.WAV,Telephone Field,recover-20220825,002,1795
317.9005,317.914,23750,28279,Nyctalus leisleri,0.011,0.021,-1,Echolocation,/mnt/ubna_data_01_mir/recover-20220825/UBNA_002/20220823_033000.WAV,Telephone Field,recover-20220825,002,1795
317.9415,317.9487,28046,40523,Eptesicus serotinus,0.008,0.025,-1,Echolocation,/mnt/ubna_data_01_mir/recover-20220825/UBNA_002/20220823_033000.WAV,Telephone Field,recover-20220825,002,1795
317.9845,317.9921,26328,38688,Eptesicus serotinus,0.007,0.024,-1,Echolocation,/mnt/ubna_data_01_mir/recover-20220825/UBNA_002/20220823_033000.WAV,Telephone Field,recover-20220825,002,1795
318.0015,318.0085,22031,28552,Plecotus austriacus,0.01,0.027,-1,Echolocation,/mnt/ubna_data_01_mir/recover-20220825/UBNA_002/20220823_033000.WAV,Telephone Field,recover-20220825,002,1795
318.0015,318.0356,68437,80404,Rhinolophus ferrumequinum,0.03,0.031,-1,Echolocation,/mnt/ubna_data_01_mir/recover-20220825/UBNA_002/20220823_033000.WAV,Telephone Field,recover-20220825,002,1795
318.0245,318.0643,68437,82542,Rhinolophus ferrumequinum,0.024,0.024,-1,Echolocation,/mnt/ubna_data_01_mir/recover-20220825/UBNA_002/20220823_033000.WAV,Telephone Field,recover-20220825,002,1795
318.0245,318.0363,46093,49334,Pipistrellus pipistrellus,0.027,0.031,-1,Echolocation,/mnt/ubna_data_01_mir/recover-20220825/UBNA_002/20220823_033000.WAV,Telephone Field,recover-20220825,002,1795
318.0675,318.1078,68437,82284,Rhinolophus ferrumequinum,0.022,0.022,-1,Echolocation,/mnt/ubna_data_01_mir/recover-20220825/UBNA_002/20220823_033000.WAV,Telephone Field,recover-20220825,002,1795
318.0755,318.1177,68437,83025,Rhinolophus ferrumequinum,0.027,0.027,-1,Echolocation,/mnt/ubna_data_01_mir/recover-20220825/UBNA_002/20220823_033000.WAV,Telephone Field,recover-20220825,002,1795
318.0775,318.0941,22031,25229,Nyctalus leisleri,0.024,0.037,-1,Echolocation,/mnt/ubna_data_01_mir/recover-20220825/UBNA_002/20220823_033000.WAV,Telephone Field,recover-20220825,002,1795
318.0965,318.1359,68437,82857,Rhinolophus ferrumequinum,0.021,0.021,-1,Echolocation,/mnt/ubna_data_01_mir/recover-20220825/UBNA_002/20220823_033000.WAV,Telephone Field,recover-20220825,002,1795
318.1055,318.1482,68437,82099,Rhinolophus ferrumequinum,0.022,0.022,-1,Echolocation,/mnt/ubna_data_01_mir/recover-20220825/UBNA_002/20220823_033000.WAV,Telephone Field,recover-20220825,002,1795
318.1525,318.1924,68437,82172,Rhinolophus ferrumequinum,0.022,0.022,-1,Echolocation,/mnt/ubna_data_01_mir/recover-20220825/UBNA_002/20220823_033000.WAV,Telephone Field,recover-20220825,002,1795
318.1595,318.1986,68437,82341,Rhinolophus ferrumequinum,0.023,0.023,-1,Echolocation,/mnt/ubna_data_01_mir/recover-20220825/UBNA_002/20220823_033000.WAV,Telephone Field,recover-20220825,002,1795
318.1775,318.1855,28046,40740,Eptesicus serotinus,0.007,0.021,-1,Echolocation,/mnt/ubna_data_01_mir/recover-20220825/UBNA_002/20220823_033000.WAV,Telephone Field,recover-20220825,002,1795
318.1995,318.2077,28906,41597,Eptesicus serotinus,0.01,0.027,-1,Echolocation,/mnt/ubna_data_01_mir/recover-20220825/UBNA_002/20220823_033000.WAV,Telephone Field,recover-20220825,002,1795
318.2085,318.2504,68437,82729,Rhinolophus ferrumequinum,0.024,0.024,-1,Echolocation,/mnt/ubna_data_01_mir/recover-20220825/UBNA_002/20220823_033000.WAV,Telephone Field,recover-20220825,002,1795
318.2585,318.2668,23750,31253,Plecotus austriacus,0.008,0.022,-1,Echolocation,/mnt/ubna_data_01_mir/recover-20220825/UBNA_002/20220823_033000.WAV,Telephone Field,recover-20220825,002,1795
318.3645,318.4042,68437,82641,Rhinolophus ferrumequinum,0.027,0.027,-1,Echolocation,/mnt/ubna_data_01_mir/recover-20220825/UBNA_002/20220823_033000.WAV,Telephone Field,recover-20220825,002,1795
318.3785,318.3865,23750,31767,Plecotus austriacus,0.009,0.024,-1,Echolocation,/mnt/ubna_data_01_mir/recover-20220825/UBNA_002/20220823_033000.WAV,Telephone Field,recover-20220825,002,1795
318.3905,318.4287,68437,82027,Rhinolophus ferrumequinum,0.022,0.022,-1,Echolocation,/mnt/ubna_data_01_mir/recover-20220825/UBNA_002/20220823_033000.WAV,Telephone Field,recover-20220825,002,1795
318.4335,318.4699,68437,81880,Rhinolophus ferrumequinum,0.021,0.021,-1,Echolocation,/mnt/ubna_data_01_mir/recover-20220825/UBNA_002/20220823_033000.WAV,Telephone Field,recover-20220825,002,1795
318.4685,318.508,68437,83316,Rhinolophus ferrumequinum,0.033,0.033,-1,Echolocation,/mnt/ubna_data_01_mir/recover-20220825/UBNA_002/20220823_033000.WAV,Telephone Field,recover-20220825,002,1795
318.5275,318.5648,68437,82077,Rhinolophus ferrumequinum,0.022,0.022,-1,Echolocation,/mnt/ubna_data_01_mir/recover-20220825/UBNA_002/20220823_033000.WAV,Telephone Field,recover-20220825,002,1795
318.5785,318.6145,68437,80940,Rhinolophus ferrumequinum,0.022,0.023,-1,Echolocation,/mnt/ubna_data_01_mir/recover-20220825/UBNA_002/20220823_033000.WAV,Telephone Field,recover-20220825,002,1795
318.5795,318.5885,28046,40482,Eptesicus serotinus,0.011,0.028,-1,Echolocation,/mnt/ubna_data_01_mir/recover-20220825/UBNA_002/20220823_033000.WAV,Telephone Field,recover-20220825,002,1795
318.5995,318.6419,68437,82736,Rhinolophus ferrumequinum,0.025,0.025,-1,Echolocation,/mnt/ubna_data_01_mir/recover-20220825/UBNA_002/20220823_033000.WAV,Telephone Field,recover-20220825,002,1795
318.6055,318.6125,28046,39964,Eptesicus serotinus,0.006,0.026,-1,Echolocation,/mnt/ubna_data_01_mir/recover-20220825/UBNA_002/20220823_033000.WAV,Telephone Field,recover-20220825,002,1795
318.6435,318.6846,68437,82255,Rhinolophus ferrumequinum,0.022,0.022,-1,Echolocation,/mnt/ubna_data_01_mir/recover-20220825/UBNA_002/20220823_033000.WAV,Telephone Field,recover-20220825,002,1795
318.6475,318.6606,27187,33509,Eptesicus serotinus,0.022,0.039,-1,Echolocation,/mnt/ubna_data_01_mir/recover-20220825/UBNA_002/20220823_033000.WAV,Telephone Field,recover-20220825,002,1795
318.6785,318.719,68437,82616,Rhinolophus ferrumequinum,0.025,0.025,-1,Echolocation,/mnt/ubna_data_01_mir/recover-20220825/UBNA_002/20220823_033000.WAV,Telephone Field,recover-20220825,002,1795
318.7235,318.7334,28046,36131,Eptesicus serotinus,0.008,0.022,-1,Echolocation,/mnt/ubna_data_01_mir/recover-20220825/UBNA_002/20220823_033000.WAV,Telephone Field,recover-20220825,002,1795
318.7455,318.7883,68437,83082,Rhinolophus ferrumequinum,0.027,0.027,-1,Echolocation,/mnt/ubna_data_01_mir/recover-20220825/UBNA_002/20220823_033000.WAV,Telephone Field,recover-20220825,002,1795
318.7575,318.7976,68437,82642,Rhinolophus ferrumequinum,0.022,0.022,-1,Echolocation,/mnt/ubna_data_01_mir/recover-20220825/UBNA_002/20220823_033000.WAV,Telephone Field,recover-20220825,002,1795
318.7875,318.7954,28046,40149,Eptesicus serotinus,0.008,0.022,-1,Echolocation,/mnt/ubna_data_01_mir/recover-20220825/UBNA_002/20220823_033000.WAV,Telephone Field,recover-20220825,002,1795
318.8235,318.8637,68437,82098,Rhinolophus ferrumequinum,0.026,0.026,-1,Echolocation,/mnt/ubna_data_01_mir/recover-20220825/UBNA_002/20220823_033000.WAV,Telephone Field,recover-20220825,002,1795
318.8465,318.8845,68437,81851,Rhinolophus ferrumequinum,0.022,0.022,-1,Echolocation,/mnt/ubna_data_01_mir/recover-20220825/UBNA_002/20220823_033000.WAV,Telephone Field,recover-20220825,002,1795
318.8495,318.861,14296,19369,Nyctalus noctula,0.015,0.027,-1,Echolocation,/mnt/ubna_data_01_mir/recover-20220825/UBNA_002/20220823_033000.WAV,Telephone Field,recover-20220825,002,1795
318.8765,318.8886,23750,28608,Nyctalus leisleri,0.014,0.028,-1,Echolocation,/mnt/ubna_data_01_mir/recover-20220825/UBNA_002/20220823_033000.WAV,Telephone Field,recover-20220825,002,1795
318.89549999999997,318.903,28906,38869,Eptesicus serotinus,0.007,0.021,-1,Echolocation,/mnt/ubna_data_01_mir/recover-20220825/UBNA_002/20220823_033000.WAV,Telephone Field,recover-20220825,002,1795
318.9005,318.9431,68437,82790,Rhinolophus ferrumequinum,0.028,0.028,-1,Echolocation,/mnt/ubna_data_01_mir/recover-20220825/UBNA_002/20220823_033000.WAV,Telephone Field,recover-20220825,002,1795
318.9405,318.9758,68437,81940,Rhinolophus ferrumequinum,0.023,0.024,-1,Echolocation,/mnt/ubna_data_01_mir/recover-20220825/UBNA_002/20220823_033000.WAV,Telephone Field,recover-20220825,002,1795
318.9605,319.0015,68437,82825,Rhinolophus ferrumequinum,0.027,0.027,-1,Echolocation,/mnt/ubna_data_01_mir/recover-20220825/UBNA_002/20220823_033000.WAV,Telephone Field,recover-20220825,002,1795
318.9735,319.0133,68437,82456,Rhinolophus ferrumequinum,0.021,0.021,-1,Echolocation,/mnt/ubna_data_01_mir/recover-20220825/UBNA_002/20220823_033000.WAV,Telephone Field,recover-20220825,002,1795
319.0075,319.0149,28906,39818,Eptesicus serotinus,0.006,0.022,-1,Echolocation,/mnt/ubna_data_01_mir/recover-20220825/UBNA_002/20220823_033000.WAV,Telephone Field,recover-20220825,002,1795
319.0185,319.0576,68437,82130,Rhinolophus ferrumequinum,0.022,0.022,-1,Echolocation,/mnt/ubna_data_01_mir/recover-20220825/UBNA_002/20220823_033000.WAV,Telephone Field,recover-20220825,002,1795
319.0385,319.0768,68437,81942,Rhinolophus ferrumequinum,0.03,0.03,-1,Echolocation,/mnt/ubna_data_01_mir/recover-20220825/UBNA_002/20220823_033000.WAV,Telephone Field,recover-20220825,002,1795
319.0785,319.0884,22890,28854,Nyctalus leisleri,0.009,0.023,-1,Echolocation,/mnt/ubna_data_01_mir/recover-20220825/UBNA_002/20220823_033000.WAV,Telephone Field,recover-20220825,002,1795
319.0795,319.119,68437,81851,Rhinolophus ferrumequinum,0.021,0.021,-1,Echolocation,/mnt/ubna_data_01_mir/recover-20220825/UBNA_002/20220823_033000.WAV,Telephone Field,recover-20220825,002,1795
319.0885,319.1269,68437,81774,Rhinolophus ferrumequinum,0.023,0.023,-1,Echolocation,/mnt/ubna_data_01_mir/recover-20220825/UBNA_002/20220823_033000.WAV,Telephone Field,recover-20220825,002,1795
319.1005,319.1404,68437,81799,Rhinolophus ferrumequinum,0.022,0.022,-1,Echolocation,/mnt/ubna_data_01_mir/recover-20220825/UBNA_002/20220823_033000.WAV,Telephone Field,recover-20220825,002,1795
319.1165,319.155,68437,82060,Rhinolophus ferrumequinum,0.022,0.022,-1,Echolocation,/mnt/ubna_data_01_mir/recover-20220825/UBNA_002/20220823_033000.WAV,Telephone Field,recover-20220825,002,1795
319.1405,319.1807,68437,82778,Rhinolophus ferrumequinum,0.028,0.028,-1,Echolocation,/mnt/ubna_data_01_mir/recover-20220825/UBNA_002/20220823_033000.WAV,Telephone Field,recover-20220825,002,1795
319.1565,319.1948,68437,81921,Rhinolophus ferrumequinum,0.022,0.022,-1,Echolocation,/mnt/ubna_data_01_mir/recover-20220825/UBNA_002/20220823_033000.WAV,Telephone Field,recover-20220825,002,1795
319.1975,319.2079,25468,32896,Eptesicus serotinus,0.011,0.025,-1,Echolocation,/mnt/ubna_data_01_mir/recover-20220825/UBNA_002/20220823_033000.WAV,Telephone Field,recover-20220825,002,1795
319.2095,319.2447,68437,81103,Rhinolophus ferrumequinum,0.022,0.022,-1,Echolocation,/mnt/ubna_data_01_mir/recover-20220825/UBNA_002/20220823_033000.WAV,Telephone Field,recover-20220825,002,1795
319.2435,319.2799,68437,81484,Rhinolophus ferrumequinum,0.022,0.022,-1,Echolocation,/mnt/ubna_data_01_mir/recover-20220825/UBNA_002/20220823_033000.WAV,Telephone Field,recover-20220825,002,1795
319.2735,319.3186,68437,83750,Rhinolophus ferrumequinum,0.049,0.049,-1,Echolocation,/mnt/ubna_data_01_mir/recover-20220825/UBNA_002/20220823_033000.WAV,Telephone Field,recover-20220825,002,1795
319.2935,319.3324,68437,82091,Rhinolophus ferrumequinum,0.022,0.022,-1,Echolocation,/mnt/ubna_data_01_mir/recover-20220825/UBNA_002/20220823_033000.WAV,Telephone Field,recover-20220825,002,1795
319.3225,319.3607,68437,81970,Rhinolophus ferrumequinum,0.025,0.025,-1,Echolocation,/mnt/ubna_data_01_mir/recover-20220825/UBNA_002/20220823_033000.WAV,Telephone Field,recover-20220825,002,1795
319.3285,319.3687,68437,82267,Rhinolophus ferrumequinum,0.025,0.025,-1,Echolocation,/mnt/ubna_data_01_mir/recover-20220825/UBNA_002/20220823_033000.WAV,Telephone Field,recover-20220825,002,1795
319.3485,319.38779999999997,68437,82278,Rhinolophus ferrumequinum,0.021,0.021,-1,Echolocation,/mnt/ubna_data_01_mir/recover-20220825/UBNA_002/20220823_033000.WAV,Telephone Field,recover-20220825,002,1795
319.3745,319.4156,68437,82635,Rhinolophus ferrumequinum,0.023,0.023,-1,Echolocation,/mnt/ubna_data_01_mir/recover-20220825/UBNA_002/20220823_033000.WAV,Telephone Field,recover-20220825,002,1795
319.3845,319.39549999999997,26328,33586,Eptesicus serotinus,0.012,0.024,-1,Echolocation,/mnt/ubna_data_01_mir/recover-20220825/UBNA_002/20220823_033000.WAV,Telephone Field,recover-20220825,002,1795
319.4375,319.4762,68437,82063,Rhinolophus ferrumequinum,0.022,0.022,-1,Echolocation,/mnt/ubna_data_01_mir/recover-20220825/UBNA_002/20220823_033000.WAV,Telephone Field,recover-20220825,002,1795
319.4445,319.4831,68437,82451,Rhinolophus ferrumequinum,0.023,0.023,-1,Echolocation,/mnt/ubna_data_01_mir/recover-20220825/UBNA_002/20220823_033000.WAV,Telephone Field,recover-20220825,002,1795
319.4725,319.51,68437,81323,Rhinolophus ferrumequinum,0.022,0.022,-1,Echolocation,/mnt/ubna_data_01_mir/recover-20220825/UBNA_002/20220823_033000.WAV,Telephone Field,recover-20220825,002,1795
319.4905,319.4985,23750,31151,Plecotus austriacus,0.009,0.024,-1,Echolocation,/mnt/ubna_data_01_mir/recover-20220825/UBNA_002/20220823_033000.WAV,Telephone Field,recover-20220825,002,1795
319.4925,319.534,68437,83301,Rhinolophus ferrumequinum,0.029,0.029,-1,Echolocation,/mnt/ubna_data_01_mir/recover-20220825/UBNA_002/20220823_033000.WAV,Telephone Field,recover-20220825,002,1795
319.5165,319.5488,68437,80511,Rhinolophus ferrumequinum,0.021,0.021,-1,Echolocation,/mnt/ubna_data_01_mir/recover-20220825/UBNA_002/20220823_033000.WAV,Telephone Field,recover-20220825,002,1795
319.5395,319.5499,28906,35859,Eptesicus serotinus,0.026,0.047,-1,Echolocation,/mnt/ubna_data_01_mir/recover-20220825/UBNA_002/20220823_033000.WAV,Telephone Field,recover-20220825,002,1795
319.5885,319.6242,68437,81611,Rhinolophus ferrumequinum,0.022,0.022,-1,Echolocation,/mnt/ubna_data_01_mir/recover-20220825/UBNA_002/20220823_033000.WAV,Telephone Field,recover-20220825,002,1795
319.6155,319.6222,28046,40299,Eptesicus serotinus,0.007,0.027,-1,Echolocation,/mnt/ubna_data_01_mir/recover-20220825/UBNA_002/20220823_033000.WAV,Telephone Field,recover-20220825,002,1795
319.6295,319.6687,68437,81693,Rhinolophus ferrumequinum,0.022,0.022,-1,Echolocation,/mnt/ubna_data_01_mir/recover-20220825/UBNA_002/20220823_033000.WAV,Telephone Field,recover-20220825,002,1795
319.6475,319.6586,23750,28375,Nyctalus leisleri,0.012,0.024,-1,Echolocation,/mnt/ubna_data_01_mir/recover-20220825/UBNA_002/20220823_033000.WAV,Telephone Field,recover-20220825,002,1795
319.6725,319.7107,68437,81931,Rhinolophus ferrumequinum,0.031,0.031,-1,Echolocation,/mnt/ubna_data_01_mir/recover-20220825/UBNA_002/20220823_033000.WAV,Telephone Field,recover-20220825,002,1795
319.7125,319.7226,28906,36326,Eptesicus serotinus,0.01,0.024,-1,Echolocation,/mnt/ubna_data_01_mir/recover-20220825/UBNA_002/20220823_033000.WAV,Telephone Field,recover-20220825,002,1795
319.7495,319.7584,26328,34693,Eptesicus serotinus,0.009,0.021,-1,Echolocation,/mnt/ubna_data_01_mir/recover-20220825/UBNA_002/20220823_033000.WAV,Telephone Field,recover-20220825,002,1795
319.7865,319.7974,23750,29230,Nyctalus leisleri,0.011,0.024,-1,Echolocation,/mnt/ubna_data_01_mir/recover-20220825/UBNA_002/20220823_033000.WAV,Telephone Field,recover-20220825,002,1795
319.8555,319.8968,68437,82676,Rhinolophus ferrumequinum,0.027,0.027,-1,Echolocation,/mnt/ubna_data_01_mir/recover-20220825/UBNA_002/20220823_033000.WAV,Telephone Field,recover-20220825,002,1795
319.8725,319.8824,30625,38581,Eptesicus serotinus,0.01,0.026,-1,Echolocation,/mnt/ubna_data_01_mir/recover-20220825/UBNA_002/20220823_033000.WAV,Telephone Field,recover-20220825,002,1795
319.8825,319.9227,68437,82663,Rhinolophus ferrumequinum,0.031,0.031,-1,Echolocation,/mnt/ubna_data_01_mir/recover-20220825/UBNA_002/20220823_033000.WAV,Telephone Field,recover-20220825,002,1795
319.9215,319.9612,68437,82121,Rhinolophus ferrumequinum,0.021,0.021,-1,Echolocation,/mnt/ubna_data_01_mir/recover-20220825/UBNA_002/20220823_033000.WAV,Telephone Field,recover-20220825,002,1795
319.9385,319.9784,68437,81721,Rhinolophus ferrumequinum,0.022,0.022,-1,Echolocation,/mnt/ubna_data_01_mir/recover-20220825/UBNA_002/20220823_033000.WAV,Telephone Field,recover-20220825,002,1795
320.0015,320.0164,16875,21759,Nyctalus leisleri,0.01,0.025,-1,Echolocation,/mnt/ubna_data_01_mir/recover-20220825/UBNA_002/20220823_033000.WAV,Telephone Field,recover-20220825,002,1795
320.0015,320.0322,68437,80447,Rhinolophus ferrumequinum,0.035,0.035,-1,Echolocation,/mnt/ubna_data_01_mir/recover-20220825/UBNA_002/20220823_033000.WAV,Telephone Field,recover-20220825,002,1795
320.0165,320.0569,68437,83228,Rhinolophus ferrumequinum,0.022,0.022,-1,Echolocation,/mnt/ubna_data_01_mir/recover-20220825/UBNA_002/20220823_033000.WAV,Telephone Field,recover-20220825,002,1795
320.0245,320.0639,68437,82115,Rhinolophus ferrumequinum,0.023,0.024,-1,Echolocation,/mnt/ubna_data_01_mir/recover-20220825/UBNA_002/20220823_033000.WAV,Telephone Field,recover-20220825,002,1795
320.04449999999997,320.0873,68437,83267,Rhinolophus ferrumequinum,0.027,0.027,-1,Echolocation,/mnt/ubna_data_01_mir/recover-20220825/UBNA_002/20220823_033000.WAV,Telephone Field,recover-20220825,002,1795
320.0505,320.059,28046,40912,Eptesicus serotinus,0.008,0.022,-1,Echolocation,/mnt/ubna_data_01_mir/recover-20220825/UBNA_002/20220823_033000.WAV,Telephone Field,recover-20220825,002,1795
320.0555,320.0955,68437,83098,Rhinolophus ferrumequinum,0.024,0.024,-1,Echolocation,/mnt/ubna_data_01_mir/recover-20220825/UBNA_002/20220823_033000.WAV,Telephone Field,recover-20220825,002,1795
320.0905,320.0991,46953,51926,Pipistrellus pipistrellus,0.021,0.022,-1,Echolocation,/mnt/ubna_data_01_mir/recover-20220825/UBNA_002/20220823_033000.WAV,Telephone Field,recover-20220825,002,1795
320.1155,320.1238,28906,37883,Eptesicus serotinus,0.012,0.028,-1,Echolocation,/mnt/ubna_data_01_mir/recover-20220825/UBNA_002/20220823_033000.WAV,Telephone Field,recover-20220825,002,1795
320.1665,320.2017,68437,81356,Rhinolophus ferrumequinum,0.024,0.024,-1,Echolocation,/mnt/ubna_data_01_mir/recover-20220825/UBNA_002/20220823_033000.WAV,Telephone Field,recover-20220825,002,1795
320.1755,320.2116,68437,81254,Rhinolophus ferrumequinum,0.025,0.025,-1,Echolocation,/mnt/ubna_data_01_mir/recover-20220825/UBNA_002/20220823_033000.WAV,Telephone Field,recover-20220825,002,1795
320.1855,320.2212,68437,81480,Rhinolophus ferrumequinum,0.022,0.022,-1,Echolocation,/mnt/ubna_data_01_mir/recover-20220825/UBNA_002/20220823_033000.WAV,Telephone Field,recover-20220825,002,1795
320.2185,320.2576,68437,82866,Rhinolophus ferrumequinum,0.025,0.025,-1,Echolocation,/mnt/ubna_data_01_mir/recover-20220825/UBNA_002/20220823_033000.WAV,Telephone Field,recover-20220825,002,1795
320.2265,320.2364,25468,32714,Nyctalus leisleri,0.013,0.038,-1,Echolocation,/mnt/ubna_data_01_mir/recover-20220825/UBNA_002/20220823_033000.WAV,Telephone Field,recover-20220825,002,1795
320.2565,320.2654,25468,34035,Eptesicus serotinus,0.008,0.022,-1,Echolocation,/mnt/ubna_data_01_mir/recover-20220825/UBNA_002/20220823_033000.WAV,Telephone Field,recover-20220825,002,1795
320.2765,320.2865,26328,33897,Eptesicus serotinus,0.012,0.025,-1,Echolocation,/mnt/ubna_data_01_mir/recover-20220825/UBNA_002/20220823_033000.WAV,Telephone Field,recover-20220825,002,1795
320.3135,320.3534,68437,82008,Rhinolophus ferrumequinum,0.023,0.023,-1,Echolocation,/mnt/ubna_data_01_mir/recover-20220825/UBNA_002/20220823_033000.WAV,Telephone Field,recover-20220825,002,1795
320.3195,320.3584,68437,82316,Rhinolophus ferrumequinum,0.022,0.022,-1,Echolocation,/mnt/ubna_data_01_mir/recover-20220825/UBNA_002/20220823_033000.WAV,Telephone Field,recover-20220825,002,1795
320.3585,320.3672,50390,54704,Pipistrellus pipistrellus,0.029,0.033,-1,Echolocation,/mnt/ubna_data_01_mir/recover-20220825/UBNA_002/20220823_033000.WAV,Telephone Field,recover-20220825,002,1795
320.3875,320.3995,28906,35976,Eptesicus serotinus,0.03,0.046,-1,Echolocation,/mnt/ubna_data_01_mir/recover-20220825/UBNA_002/20220823_033000.WAV,Telephone Field,recover-20220825,002,1795
320.3915,320.4302,68437,82191,Rhinolophus ferrumequinum,0.022,0.022,-1,Echolocation,/mnt/ubna_data_01_mir/recover-20220825/UBNA_002/20220823_033000.WAV,Telephone Field,recover-20220825,002,1795
320.4225,320.43240000000003,30625,38941,Eptesicus serotinus,0.01,0.027,-1,Echolocation,/mnt/ubna_data_01_mir/recover-20220825/UBNA_002/20220823_033000.WAV,Telephone Field,recover-20220825,002,1795
320.4415,320.4793,68437,81404,Rhinolophus ferrumequinum,0.027,0.027,-1,Echolocation,/mnt/ubna_data_01_mir/recover-20220825/UBNA_002/20220823_033000.WAV,Telephone Field,recover-20220825,002,1795
320.4625,320.4745,22890,27680,Nyctalus leisleri,0.015,0.029,-1,Echolocation,/mnt/ubna_data_01_mir/recover-20220825/UBNA_002/20220823_033000.WAV,Telephone Field,recover-20220825,002,1795
320.4895,320.4995,23750,29580,Nyctalus leisleri,0.009,0.022,-1,Echolocation,/mnt/ubna_data_01_mir/recover-20220825/UBNA_002/20220823_033000.WAV,Telephone Field,recover-20220825,002,1795
320.4925,320.5029,37500,44470,Pipistrellus nathusii,0.01,0.024,-1,Echolocation,/mnt/ubna_data_01_mir/recover-20220825/UBNA_002/20220823_033000.WAV,Telephone Field,recover-20220825,002,1795
320.4995,320.5357,68437,81756,Rhinolophus ferrumequinum,0.022,0.022,-1,Echolocation,/mnt/ubna_data_01_mir/recover-20220825/UBNA_002/20220823_033000.WAV,Telephone Field,recover-20220825,002,1795
320.5055,320.5421,68437,82231,Rhinolophus ferrumequinum,0.022,0.022,-1,Echolocation,/mnt/ubna_data_01_mir/recover-20220825/UBNA_002/20220823_033000.WAV,Telephone Field,recover-20220825,002,1795
320.5225,320.5613,68437,81916,Rhinolophus ferrumequinum,0.022,0.022,-1,Echolocation,/mnt/ubna_data_01_mir/recover-20220825/UBNA_002/20220823_033000.WAV,Telephone Field,recover-20220825,002,1795
320.5435,320.5802,68437,81759,Rhinolophus ferrumequinum,0.037,0.037,-1,Echolocation,/mnt/ubna_data_01_mir/recover-20220825/UBNA_002/20220823_033000.WAV,Telephone Field,recover-20220825,002,1795
320.5525,320.5592,28046,42807,Eptesicus serotinus,0.007,0.026,-1,Echolocation,/mnt/ubna_data_01_mir/recover-20220825/UBNA_002/20220823_033000.WAV,Telephone Field,recover-20220825,002,1795
320.6115,320.6335,17734,21168,Nyctalus noctula,0.018,0.028,-1,Echolocation,/mnt/ubna_data_01_mir/recover-20220825/UBNA_002/20220823_033000.WAV,Telephone Field,recover-20220825,002,1795
320.6865,320.7255,68437,82050,Rhinolophus ferrumequinum,0.023,0.023,-1,Echolocation,/mnt/ubna_data_01_mir/recover-20220825/UBNA_002/20220823_033000.WAV,Telephone Field,recover-20220825,002,1795
320.6945,320.7052,22890,28655,Nyctalus leisleri,0.008,0.022,-1,Echolocation,/mnt/ubna_data_01_mir/recover-20220825/UBNA_002/20220823_033000.WAV,Telephone Field,recover-20220825,002,1795
320.7025,320.7138,23750,29071,Nyctalus leisleri,0.013,0.029,-1,Echolocation,/mnt/ubna_data_01_mir/recover-20220825/UBNA_002/20220823_033000.WAV,Telephone Field,recover-20220825,002,1795
320.7115,320.722,28906,38644,Eptesicus serotinus,0.023,0.037,-1,Echolocation,/mnt/ubna_data_01_mir/recover-20220825/UBNA_002/20220823_033000.WAV,Telephone Field,recover-20220825,002,1795
320.7655,320.7752,23750,31005,Nyctalus leisleri,0.009,0.028,-1,Echolocation,/mnt/ubna_data_01_mir/recover-20220825/UBNA_002/20220823_033000.WAV,Telephone Field,recover-20220825,002,1795
320.8025,320.81,28046,40321,Eptesicus serotinus,0.007,0.024,-1,Echolocation,/mnt/ubna_data_01_mir/recover-20220825/UBNA_002/20220823_033000.WAV,Telephone Field,recover-20220825,002,1795
320.8225,320.8321,26328,33960,Eptesicus serotinus,0.012,0.028,-1,Echolocation,/mnt/ubna_data_01_mir/recover-20220825/UBNA_002/20220823_033000.WAV,Telephone Field,recover-20220825,002,1795
320.8265,320.8732,68437,83319,Rhinolophus ferrumequinum,0.037,0.037,-1,Echolocation,/mnt/ubna_data_01_mir/recover-20220825/UBNA_002/20220823_033000.WAV,Telephone Field,recover-20220825,002,1795
320.8515,320.8896,68437,82501,Rhinolophus ferrumequinum,0.023,0.023,-1,Echolocation,/mnt/ubna_data_01_mir/recover-20220825/UBNA_002/20220823_033000.WAV,Telephone Field,recover-20220825,002,1795
320.8835,320.9232,68437,82074,Rhinolophus ferrumequinum,0.022,0.022,-1,Echolocation,/mnt/ubna_data_01_mir/recover-20220825/UBNA_002/20220823_033000.WAV,Telephone Field,recover-20220825,002,1795
320.8875,320.8996,14296,18407,Nyctalus noctula,0.024,0.039,-1,Echolocation,/mnt/ubna_data_01_mir/recover-20220825/UBNA_002/20220823_033000.WAV,Telephone Field,recover-20220825,002,1795
320.9335,320.9476,54687,61664,Pipistrellus pygmaeus,0.027,0.028,-1,Echolocation,/mnt/ubna_data_01_mir/recover-20220825/UBNA_002/20220823_033000.WAV,Telephone Field,recover-20220825,002,1795
320.9485,320.9855,68437,82063,Rhinolophus ferrumequinum,0.024,0.024,-1,Echolocation,/mnt/ubna_data_01_mir/recover-20220825/UBNA_002/20220823_033000.WAV,Telephone Field,recover-20220825,002,1795
320.95550000000003,320.9955,68437,82940,Rhinolophus ferrumequinum,0.023,0.023,-1,Echolocation,/mnt/ubna_data_01_mir/recover-20220825/UBNA_002/20220823_033000.WAV,Telephone Field,recover-20220825,002,1795
320.9775,320.9857,24609,33414,Plecotus austriacus,0.009,0.028,-1,Echolocation,/mnt/ubna_data_01_mir/recover-20220825/UBNA_002/20220823_033000.WAV,Telephone Field,recover-20220825,002,1795
321.0015,321.0436,68437,82372,Rhinolophus ferrumequinum,0.025,0.025,-1,Echolocation,/mnt/ubna_data_01_mir/recover-20220825/UBNA_002/20220823_033000.WAV,Telephone Field,recover-20220825,002,1795
321.0065,321.02,25468,30739,Nyctalus leisleri,0.016,0.038,-1,Echolocation,/mnt/ubna_data_01_mir/recover-20220825/UBNA_002/20220823_033000.WAV,Telephone Field,recover-20220825,002,1795
321.0475,321.0855,68437,82706,Rhinolophus ferrumequinum,0.022,0.022,-1,Echolocation,/mnt/ubna_data_01_mir/recover-20220825/UBNA_002/20220823_033000.WAV,Telephone Field,recover-20220825,002,1795
321.0505,321.0575,28046,41772,Eptesicus serotinus,0.006,0.022,-1,Echolocation,/mnt/ubna_data_01_mir/recover-20220825/UBNA_002/20220823_033000.WAV,Telephone Field,recover-20220825,002,1795
321.0525,321.0688,19453,24093,Nyctalus noctula,0.03,0.056,-1,Echolocation,/mnt/ubna_data_01_mir/recover-20220825/UBNA_002/20220823_033000.WAV,Telephone Field,recover-20220825,002,1795
321.0535,321.0899,68437,82000,Rhinolophus ferrumequinum,0.022,0.022,-1,Echolocation,/mnt/ubna_data_01_mir/recover-20220825/UBNA_002/20220823_033000.WAV,Telephone Field,recover-20220825,002,1795
321.10450000000003,321.1254,16875,20696,Nyctalus noctula,0.025,0.034,-1,Echolocation,/mnt/ubna_data_01_mir/recover-20220825/UBNA_002/20220823_033000.WAV,Telephone Field,recover-20220825,002,1795
321.1075,321.1448,68437,81975,Rhinolophus ferrumequinum,0.022,0.022,-1,Echolocation,/mnt/ubna_data_01_mir/recover-20220825/UBNA_002/20220823_033000.WAV,Telephone Field,recover-20220825,002,1795
321.1395,321.1733,68437,79904,Rhinolophus ferrumequinum,0.033,0.033,-1,Echolocation,/mnt/ubna_data_01_mir/recover-20220825/UBNA_002/20220823_033000.WAV,Telephone Field,recover-20220825,002,1795
321.1485,321.1851,68437,80598,Rhinolophus ferrumequinum,0.035,0.035,-1,Echolocation,/mnt/ubna_data_01_mir/recover-20220825/UBNA_002/20220823_033000.WAV,Telephone Field,recover-20220825,002,1795
321.2165,321.2554,68437,82254,Rhinolophus ferrumequinum,0.022,0.022,-1,Echolocation,/mnt/ubna_data_01_mir/recover-20220825/UBNA_002/20220823_033000.WAV,Telephone Field,recover-20220825,002,1795
321.2225,321.2613,68437,82241,Rhinolophus ferrumequinum,0.022,0.022,-1,Echolocation,/mnt/ubna_data_01_mir/recover-20220825/UBNA_002/20220823_033000.WAV,Telephone Field,recover-20220825,002,1795
321.2765,321.29,24609,29875,Nyctalus leisleri,0.021,0.045,-1,Echolocation,/mnt/ubna_data_01_mir/recover-20220825/UBNA_002/20220823_033000.WAV,Telephone Field,recover-20220825,002,1795
321.2995,321.3077,28906,39462,Eptesicus serotinus,0.009,0.023,-1,Echolocation,/mnt/ubna_data_01_mir/recover-20220825/UBNA_002/20220823_033000.WAV,Telephone Field,recover-20220825,002,1795
321.3265,321.3446,20312,23841,Nyctalus leisleri,0.019,0.042,-1,Echolocation,/mnt/ubna_data_01_mir/recover-20220825/UBNA_002/20220823_033000.WAV,Telephone Field,recover-20220825,002,1795
321.3565,321.364,27187,36982,Eptesicus serotinus,0.018,0.041,-1,Echolocation,/mnt/ubna_data_01_mir/recover-20220825/UBNA_002/20220823_033000.WAV,Telephone Field,recover-20220825,002,1795
321.3605,321.3687,49531,56258,Pipistrellus pipistrellus,0.023,0.025,-1,Echolocation,/mnt/ubna_data_01_mir/recover-20220825/UBNA_002/20220823_033000.WAV,Telephone Field,recover-20220825,002,1795
321.3635,321.4011,68437,82047,Rhinolophus ferrumequinum,0.023,0.023,-1,Echolocation,/mnt/ubna_data_01_mir/recover-20220825/UBNA_002/20220823_033000.WAV,Telephone Field,recover-20220825,002,1795
321.4115,321.4482,68437,82292,Rhinolophus ferrumequinum,0.023,0.024,-1,Echolocation,/mnt/ubna_data_01_mir/recover-20220825/UBNA_002/20220823_033000.WAV,Telephone Field,recover-20220825,002,1795
321.4175,321.455,68437,81735,Rhinolophus ferrumequinum,0.022,0.022,-1,Echolocation,/mnt/ubna_data_01_mir/recover-20220825/UBNA_002/20220823_033000.WAV,Telephone Field,recover-20220825,002,1795
321.4335,321.4432,22031,27893,Plecotus austriacus,0.009,0.024,-1,Echolocation,/mnt/ubna_data_01_mir/recover-20220825/UBNA_002/20220823_033000.WAV,Telephone Field,recover-20220825,002,1795
321.4455,321.4869,68437,83183,Rhinolophus ferrumequinum,0.025,0.025,-1,Echolocation,/mnt/ubna_data_01_mir/recover-20220825/UBNA_002/20220823_033000.WAV,Telephone Field,recover-20220825,002,1795
321.4465,321.4543,50390,55331,Pipistrellus pipistrellus,0.023,0.027,-1,Echolocation,/mnt/ubna_data_01_mir/recover-20220825/UBNA_002/20220823_033000.WAV,Telephone Field,recover-20220825,002,1795
321.4815,321.4885,24609,35912,Plecotus austriacus,0.009,0.023,-1,Echolocation,/mnt/ubna_data_01_mir/recover-20220825/UBNA_002/20220823_033000.WAV,Telephone Field,recover-20220825,002,1795
321.4995,321.5185,20312,23247,Nyctalus leisleri,0.014,0.024,-1,Echolocation,/mnt/ubna_data_01_mir/recover-20220825/UBNA_002/20220823_033000.WAV,Telephone Field,recover-20220825,002,1795
321.5755,321.5836,23750,31477,Plecotus austriacus,0.01,0.026,-1,Echolocation,/mnt/ubna_data_01_mir/recover-20220825/UBNA_002/20220823_033000.WAV,Telephone Field,recover-20220825,002,1795
321.6395,321.6797,68437,82434,Rhinolophus ferrumequinum,0.022,0.022,-1,Echolocation,/mnt/ubna_data_01_mir/recover-20220825/UBNA_002/20220823_033000.WAV,Telephone Field,recover-20220825,002,1795
321.6485,321.6838,68437,82221,Rhinolophus ferrumequinum,0.027,0.027,-1,Echolocation,/mnt/ubna_data_01_mir/recover-20220825/UBNA_002/20220823_033000.WAV,Telephone Field,recover-20220825,002,1795
321.6665,321.6735,28906,44080,Eptesicus serotinus,0.008,0.026,-1,Echolocation,/mnt/ubna_data_01_mir/recover-20220825/UBNA_002/20220823_033000.WAV,Telephone Field,recover-20220825,002,1795
321.6705,321.7083,68437,82167,Rhinolophus ferrumequinum,0.023,0.023,-1,Echolocation,/mnt/ubna_data_01_mir/recover-20220825/UBNA_002/20220823_033000.WAV,Telephone Field,recover-20220825,002,1795
321.6765,321.7145,68437,81751,Rhinolophus ferrumequinum,0.023,0.023,-1,Echolocation,/mnt/ubna_data_01_mir/recover-20220825/UBNA_002/20220823_033000.WAV,Telephone Field,recover-20220825,002,1795
321.7145,321.7232,28046,37221,Eptesicus serotinus,0.009,0.026,-1,Echolocation,/mnt/ubna_data_01_mir/recover-20220825/UBNA_002/20220823_033000.WAV,Telephone Field,recover-20220825,002,1795
321.7605,321.8023,68437,82507,Rhinolophus ferrumequinum,0.025,0.025,-1,Echolocation,/mnt/ubna_data_01_mir/recover-20220825/UBNA_002/20220823_033000.WAV,Telephone Field,recover-20220825,002,1795
321.7865,321.8248,68437,82553,Rhinolophus ferrumequinum,0.023,0.023,-1,Echolocation,/mnt/ubna_data_01_mir/recover-20220825/UBNA_002/20220823_033000.WAV,Telephone Field,recover-20220825,002,1795
321.8315,321.8685,68437,82353,Rhinolophus ferrumequinum,0.023,0.023,-1,Echolocation,/mnt/ubna_data_01_mir/recover-20220825/UBNA_002/20220823_033000.WAV,Telephone Field,recover-20220825,002,1795
321.8485,321.8871,68437,82329,Rhinolophus ferrumequinum,0.023,0.023,-1,Echolocation,/mnt/ubna_data_01_mir/recover-20220825/UBNA_002/20220823_033000.WAV,Telephone Field,recover-20220825,002,1795
321.8755,321.8867,23750,29749,Nyctalus leisleri,0.012,0.025,-1,Echolocation,/mnt/ubna_data_01_mir/recover-20220825/UBNA_002/20220823_033000.WAV,Telephone Field,recover-20220825,002,1795
321.9525,321.9909,68437,81540,Rhinolophus ferrumequinum,0.022,0.022,-1,Echolocation,/mnt/ubna_data_01_mir/recover-20220825/UBNA_002/20220823_033000.WAV,Telephone Field,recover-20220825,002,1795
321.95550000000003,321.9628,26328,40251,Eptesicus serotinus,0.007,0.023,-1,Echolocation,/mnt/ubna_data_01_mir/recover-20220825/UBNA_002/20220823_033000.WAV,Telephone Field,recover-20220825,002,1795
321.9815,321.9926,22031,26360,Nyctalus leisleri,0.012,0.022,-1,Echolocation,/mnt/ubna_data_01_mir/recover-20220825/UBNA_002/20220823_033000.WAV,Telephone Field,recover-20220825,002,1795
321.9815,321.9917,44375,48552,Pipistrellus pipistrellus,0.024,0.026,-1,Echolocation,/mnt/ubna_data_01_mir/recover-20220825/UBNA_002/20220823_033000.WAV,Telephone Field,recover-20220825,002,1795
322.0015,322.0113,24609,32490,Nyctalus leisleri,0.01,0.026,-1,Echolocation,/mnt/ubna_data_01_mir/recover-20220825/UBNA_002/20220823_033000.WAV,Telephone Field,recover-20220825,002,1795
322.0015,322.0362,69296,81741,Rhinolophus ferrumequinum,0.031,0.031,-1,Echolocation,/mnt/ubna_data_01_mir/recover-20220825/UBNA_002/20220823_033000.WAV,Telephone Field,recover-20220825,002,1795
322.0095,322.0502,68437,81739,Rhinolophus ferrumequinum,0.021,0.021,-1,Echolocation,/mnt/ubna_data_01_mir/recover-20220825/UBNA_002/20220823_033000.WAV,Telephone Field,recover-20220825,002,1795
322.0135,322.0212,24609,33160,Eptesicus serotinus,0.006,0.021,-1,Echolocation,/mnt/ubna_data_01_mir/recover-20220825/UBNA_002/20220823_033000.WAV,Telephone Field,recover-20220825,002,1795
322.0685,322.1071,68437,81492,Rhinolophus ferrumequinum,0.02,0.021,-1,Echolocation,/mnt/ubna_data_01_mir/recover-20220825/UBNA_002/20220823_033000.WAV,Telephone Field,recover-20220825,002,1795
322.0905,322.1321,68437,82394,Rhinolophus ferrumequinum,0.021,0.021,-1,Echolocation,/mnt/ubna_data_01_mir/recover-20220825/UBNA_002/20220823_033000.WAV,Telephone Field,recover-20220825,002,1795
322.0975,322.1389,68437,82395,Rhinolophus ferrumequinum,0.023,0.023,-1,Echolocation,/mnt/ubna_data_01_mir/recover-20220825/UBNA_002/20220823_033000.WAV,Telephone Field,recover-20220825,002,1795
322.1115,322.127,21171,24977,Nyctalus leisleri,0.012,0.025,-1,Echolocation,/mnt/ubna_data_01_mir/recover-20220825/UBNA_002/20220823_033000.WAV,Telephone Field,recover-20220825,002,1795
322.1355,322.1473,23750,29639,Nyctalus leisleri,0.011,0.024,-1,Echolocation,/mnt/ubna_data_01_mir/recover-20220825/UBNA_002/20220823_033000.WAV,Telephone Field,recover-20220825,002,1795
322.1545,322.1989,68437,83012,Rhinolophus ferrumequinum,0.029,0.029,-1,Echolocation,/mnt/ubna_data_01_mir/recover-20220825/UBNA_002/20220823_033000.WAV,Telephone Field,recover-20220825,002,1795
322.1655,322.1759,23750,30429,Nyctalus leisleri,0.008,0.021,-1,Echolocation,/mnt/ubna_data_01_mir/recover-20220825/UBNA_002/20220823_033000.WAV,Telephone Field,recover-20220825,002,1795
322.1665,322.1751,28906,39695,Eptesicus serotinus,0.008,0.022,-1,Echolocation,/mnt/ubna_data_01_mir/recover-20220825/UBNA_002/20220823_033000.WAV,Telephone Field,recover-20220825,002,1795
322.1835,322.2241,68437,82203,Rhinolophus ferrumequinum,0.025,0.025,-1,Echolocation,/mnt/ubna_data_01_mir/recover-20220825/UBNA_002/20220823_033000.WAV,Telephone Field,recover-20220825,002,1795
322.2075,322.214,28046,42144,Eptesicus serotinus,0.006,0.024,-1,Echolocation,/mnt/ubna_data_01_mir/recover-20220825/UBNA_002/20220823_033000.WAV,Telephone Field,recover-20220825,002,1795
322.2265,322.2345,22890,30626,Plecotus austriacus,0.014,0.029,-1,Echolocation,/mnt/ubna_data_01_mir/recover-20220825/UBNA_002/20220823_033000.WAV,Telephone Field,recover-20220825,002,1795
322.2395,322.281,68437,82940,Rhinolophus ferrumequinum,0.027,0.027,-1,Echolocation,/mnt/ubna_data_01_mir/recover-20220825/UBNA_002/20220823_033000.WAV,Telephone Field,recover-20220825,002,1795
322.2485,322.257,25468,33053,Eptesicus serotinus,0.007,0.021,-1,Echolocation,/mnt/ubna_data_01_mir/recover-20220825/UBNA_002/20220823_033000.WAV,Telephone Field,recover-20220825,002,1795
322.2635,322.3024,68437,82584,Rhinolophus ferrumequinum,0.021,0.021,-1,Echolocation,/mnt/ubna_data_01_mir/recover-20220825/UBNA_002/20220823_033000.WAV,Telephone Field,recover-20220825,002,1795
322.2955,322.3023,28906,45991,Eptesicus serotinus,0.009,0.031,-1,Echolocation,/mnt/ubna_data_01_mir/recover-20220825/UBNA_002/20220823_033000.WAV,Telephone Field,recover-20220825,002,1795
322.3135,322.3542,68437,82035,Rhinolophus ferrumequinum,0.023,0.023,-1,Echolocation,/mnt/ubna_data_01_mir/recover-20220825/UBNA_002/20220823_033000.WAV,Telephone Field,recover-20220825,002,1795
322.3755,322.4152,68437,82433,Rhinolophus ferrumequinum,0.021,0.021,-1,Echolocation,/mnt/ubna_data_01_mir/recover-20220825/UBNA_002/20220823_033000.WAV,Telephone Field,recover-20220825,002,1795
322.4145,322.4546,68437,82959,Rhinolophus ferrumequinum,0.021,0.021,-1,Echolocation,/mnt/ubna_data_01_mir/recover-20220825/UBNA_002/20220823_033000.WAV,Telephone Field,recover-20220825,002,1795
322.4395,322.4776,68437,81735,Rhinolophus ferrumequinum,0.02,0.02,-1,Echolocation,/mnt/ubna_data_01_mir/recover-20220825/UBNA_002/20220823_033000.WAV,Telephone Field,recover-20220825,002,1795
322.4525,322.4923,68437,81553,Rhinolophus ferrumequinum,0.022,0.022,-1,Echolocation,/mnt/ubna_data_01_mir/recover-20220825/UBNA_002/20220823_033000.WAV,Telephone Field,recover-20220825,002,1795
322.4905,322.5308,68437,82497,Rhinolophus ferrumequinum,0.024,0.024,-1,Echolocation,/mnt/ubna_data_01_mir/recover-20220825/UBNA_002/20220823_033000.WAV,Telephone Field,recover-20220825,002,1795
322.5355,322.5487,32343,37523,Eptesicus serotinus,0.012,0.032,-1,Echolocation,/mnt/ubna_data_01_mir/recover-20220825/UBNA_002/20220823_033000.WAV,Telephone Field,recover-20220825,002,1795
322.5575,322.5966,68437,82135,Rhinolophus ferrumequinum,0.023,0.023,-1,Echolocation,/mnt/ubna_data_01_mir/recover-20220825/UBNA_002/20220823_033000.WAV,Telephone Field,recover-20220825,002,1795
322.5715,322.5823,28906,36381,Eptesicus serotinus,0.011,0.026,-1,Echolocation,/mnt/ubna_data_01_mir/recover-20220825/UBNA_002/20220823_033000.WAV,Telephone Field,recover-20220825,002,1795
322.5985,322.6401,68437,82805,Rhinolophus ferrumequinum,0.023,0.023,-1,Echolocation,/mnt/ubna_data_01_mir/recover-20220825/UBNA_002/20220823_033000.WAV,Telephone Field,recover-20220825,002,1795
322.6405,322.6793,68437,81529,Rhinolophus ferrumequinum,0.022,0.022,-1,Echolocation,/mnt/ubna_data_01_mir/recover-20220825/UBNA_002/20220823_033000.WAV,Telephone Field,recover-20220825,002,1795
322.6685,322.6789,23750,30478,Nyctalus leisleri,0.009,0.024,-1,Echolocation,/mnt/ubna_data_01_mir/recover-20220825/UBNA_002/20220823_033000.WAV,Telephone Field,recover-20220825,002,1795
322.6775,322.7179,68437,82571,Rhinolophus ferrumequinum,0.024,0.024,-1,Echolocation,/mnt/ubna_data_01_mir/recover-20220825/UBNA_002/20220823_033000.WAV,Telephone Field,recover-20220825,002,1795
322.6895,322.7303,68437,82291,Rhinolophus ferrumequinum,0.022,0.022,-1,Echolocation,/mnt/ubna_data_01_mir/recover-20220825/UBNA_002/20220823_033000.WAV,Telephone Field,recover-20220825,002,1795
322.6915,322.6992,28046,39917,Eptesicus serotinus,0.007,0.021,-1,Echolocation,/mnt/ubna_data_01_mir/recover-20220825/UBNA_002/20220823_033000.WAV,Telephone Field,recover-20220825,002,1795
322.7075,322.7479,68437,82795,Rhinolophus ferrumequinum,0.022,0.022,-1,Echolocation,/mnt/ubna_data_01_mir/recover-20220825/UBNA_002/20220823_033000.WAV,Telephone Field,recover-20220825,002,1795
322.7175,322.7585,68437,82647,Rhinolophus ferrumequinum,0.022,0.022,-1,Echolocation,/mnt/ubna_data_01_mir/recover-20220825/UBNA_002/20220823_033000.WAV,Telephone Field,recover-20220825,002,1795
322.7675,322.8073,68437,82530,Rhinolophus ferrumequinum,0.023,0.023,-1,Echolocation,/mnt/ubna_data_01_mir/recover-20220825/UBNA_002/20220823_033000.WAV,Telephone Field,recover-20220825,002,1795
322.7685,322.7789,28906,36698,Eptesicus serotinus,0.011,0.023,-1,Echolocation,/mnt/ubna_data_01_mir/recover-20220825/UBNA_002/20220823_033000.WAV,Telephone Field,recover-20220825,002,1795
322.8035,322.8146,22890,28162,Nyctalus leisleri,0.012,0.025,-1,Echolocation,/mnt/ubna_data_01_mir/recover-20220825/UBNA_002/20220823_033000.WAV,Telephone Field,recover-20220825,002,1795
322.8125,322.8196,46093,50881,Pipistrellus pipistrellus,0.021,0.022,-1,Echolocation,/mnt/ubna_data_01_mir/recover-20220825/UBNA_002/20220823_033000.WAV,Telephone Field,recover-20220825,002,1795
322.8385,322.8784,68437,81986,Rhinolophus ferrumequinum,0.021,0.022,-1,Echolocation,/mnt/ubna_data_01_mir/recover-20220825/UBNA_002/20220823_033000.WAV,Telephone Field,recover-20220825,002,1795
322.8465,322.8571,24609,30560,Nyctalus leisleri,0.012,0.032,-1,Echolocation,/mnt/ubna_data_01_mir/recover-20220825/UBNA_002/20220823_033000.WAV,Telephone Field,recover-20220825,002,1795
322.8755,322.8849,23750,30850,Nyctalus leisleri,0.007,0.021,-1,Echolocation,/mnt/ubna_data_01_mir/recover-20220825/UBNA_002/20220823_033000.WAV,Telephone Field,recover-20220825,002,1795
322.8775,322.9193,68437,82636,Rhinolophus ferrumequinum,0.028,0.028,-1,Echolocation,/mnt/ubna_data_01_mir/recover-20220825/UBNA_002/20220823_033000.WAV,Telephone Field,recover-20220825,002,1795
322.89549999999997,322.9076,28906,34551,Eptesicus serotinus,0.016,0.031,-1,Echolocation,/mnt/ubna_data_01_mir/recover-20220825/UBNA_002/20220823_033000.WAV,Telephone Field,recover-20220825,002,1795
322.9015,322.9421,68437,82390,Rhinolophus ferrumequinum,0.024,0.024,-1,Echolocation,/mnt/ubna_data_01_mir/recover-20220825/UBNA_002/20220823_033000.WAV,Telephone Field,recover-20220825,002,1795
322.9215,322.9621,68437,82598,Rhinolophus ferrumequinum,0.021,0.021,-1,Echolocation,/mnt/ubna_data_01_mir/recover-20220825/UBNA_002/20220823_033000.WAV,Telephone Field,recover-20220825,002,1795
322.9275,322.9681,68437,82467,Rhinolophus ferrumequinum,0.022,0.022,-1,Echolocation,/mnt/ubna_data_01_mir/recover-20220825/UBNA_002/20220823_033000.WAV,Telephone Field,recover-20220825,002,1795
322.9485,322.991,68437,82932,Rhinolophus ferrumequinum,0.028,0.028,-1,Echolocation,/mnt/ubna_data_01_mir/recover-20220825/UBNA_002/20220823_033000.WAV,Telephone Field,recover-20220825,002,1795
322.9725,322.9839,23750,28226,Nyctalus leisleri,0.016,0.03,-1,Echolocation,/mnt/ubna_data_01_mir/recover-20220825/UBNA_002/20220823_033000.WAV,Telephone Field,recover-20220825,002,1795
322.9865,323.0269,68437,82722,Rhinolophus ferrumequinum,0.021,0.021,-1,Echolocation,/mnt/ubna_data_01_mir/recover-20220825/UBNA_002/20220823_033000.WAV,Telephone Field,recover-20220825,002,1795
323.0245,323.0634,68437,82160,Rhinolophus ferrumequinum,0.023,0.023,-1,Echolocation,/mnt/ubna_data_01_mir/recover-20220825/UBNA_002/20220823_033000.WAV,Telephone Field,recover-20220825,002,1795
323.0475,323.0867,68437,82748,Rhinolophus ferrumequinum,0.023,0.023,-1,Echolocation,/mnt/ubna_data_01_mir/recover-20220825/UBNA_002/20220823_033000.WAV,Telephone Field,recover-20220825,002,1795
323.0785,323.1201,68437,82642,Rhinolophus ferrumequinum,0.031,0.031,-1,Echolocation,/mnt/ubna_data_01_mir/recover-20220825/UBNA_002/20220823_033000.WAV,Telephone Field,recover-20220825,002,1795
323.1075,323.1149,30625,40111,Myotis daubentonii,0.009,0.024,-1,Echolocation,/mnt/ubna_data_01_mir/recover-20220825/UBNA_002/20220823_033000.WAV,Telephone Field,recover-20220825,002,1795
323.1255,323.1672,68437,83244,Rhinolophus ferrumequinum,0.031,0.031,-1,Echolocation,/mnt/ubna_data_01_mir/recover-20220825/UBNA_002/20220823_033000.WAV,Telephone Field,recover-20220825,002,1795
323.1715,323.2084,68437,82042,Rhinolophus ferrumequinum,0.023,0.023,-1,Echolocation,/mnt/ubna_data_01_mir/recover-20220825/UBNA_002/20220823_033000.WAV,Telephone Field,recover-20220825,002,1795
323.1835,323.1924,28046,37006,Eptesicus serotinus,0.016,0.033,-1,Echolocation,/mnt/ubna_data_01_mir/recover-20220825/UBNA_002/20220823_033000.WAV,Telephone Field,recover-20220825,002,1795
323.2205,323.2594,68437,82027,Rhinolophus ferrumequinum,0.044,0.044,-1,Echolocation,/mnt/ubna_data_01_mir/recover-20220825/UBNA_002/20220823_033000.WAV,Telephone Field,recover-20220825,002,1795
323.2335,323.2751,68437,82821,Rhinolophus ferrumequinum,0.023,0.023,-1,Echolocation,/mnt/ubna_data_01_mir/recover-20220825/UBNA_002/20220823_033000.WAV,Telephone Field,recover-20220825,002,1795
323.2565,323.2966,68437,82402,Rhinolophus ferrumequinum,0.021,0.021,-1,Echolocation,/mnt/ubna_data_01_mir/recover-20220825/UBNA_002/20220823_033000.WAV,Telephone Field,recover-20220825,002,1795
323.2745,323.3133,68437,82401,Rhinolophus ferrumequinum,0.021,0.021,-1,Echolocation,/mnt/ubna_data_01_mir/recover-20220825/UBNA_002/20220823_033000.WAV,Telephone Field,recover-20220825,002,1795
323.2915,323.3326,68437,82479,Rhinolophus ferrumequinum,0.022,0.022,-1,Echolocation,/mnt/ubna_data_01_mir/recover-20220825/UBNA_002/20220823_033000.WAV,Telephone Field,recover-20220825,002,1795
323.2995,323.3058,28046,40328,Eptesicus serotinus,0.006,0.023,-1,Echolocation,/mnt/ubna_data_01_mir/recover-20220825/UBNA_002/20220823_033000.WAV,Telephone Field,recover-20220825,002,1795
323.3675,323.3788,28906,34906,Eptesicus serotinus,0.01,0.022,-1,Echolocation,/mnt/ubna_data_01_mir/recover-20220825/UBNA_002/20220823_033000.WAV,Telephone Field,recover-20220825,002,1795
323.4135,323.4513,68437,82051,Rhinolophus ferrumequinum,0.021,0.021,-1,Echolocation,/mnt/ubna_data_01_mir/recover-20220825/UBNA_002/20220823_033000.WAV,Telephone Field,recover-20220825,002,1795
323.4215,323.461,68437,82213,Rhinolophus ferrumequinum,0.021,0.021,-1,Echolocation,/mnt/ubna_data_01_mir/recover-20220825/UBNA_002/20220823_033000.WAV,Telephone Field,recover-20220825,002,1795
323.4545,323.4627,25468,33939,Eptesicus serotinus,0.006,0.024,-1,Echolocation,/mnt/ubna_data_01_mir/recover-20220825/UBNA_002/20220823_033000.WAV,Telephone Field,recover-20220825,002,1795
323.4665,323.4863,20312,23295,Nyctalus leisleri,0.013,0.023,-1,Echolocation,/mnt/ubna_data_01_mir/recover-20220825/UBNA_002/20220823_033000.WAV,Telephone Field,recover-20220825,002,1795
323.4765,323.5154,68437,82315,Rhinolophus ferrumequinum,0.023,0.023,-1,Echolocation,/mnt/ubna_data_01_mir/recover-20220825/UBNA_002/20220823_033000.WAV,Telephone Field,recover-20220825,002,1795
323.47950000000003,323.4908,43515,46977,Pipistrellus pipistrellus,0.025,0.028,-1,Echolocation,/mnt/ubna_data_01_mir/recover-20220825/UBNA_002/20220823_033000.WAV,Telephone Field,recover-20220825,002,1795
323.4815,323.4895,30625,39877,Myotis daubentonii,0.007,0.022,-1,Echolocation,/mnt/ubna_data_01_mir/recover-20220825/UBNA_002/20220823_033000.WAV,Telephone Field,recover-20220825,002,1795
323.5015,323.541,68437,81618,Rhinolophus ferrumequinum,0.023,0.023,-1,Echolocation,/mnt/ubna_data_01_mir/recover-20220825/UBNA_002/20220823_033000.WAV,Telephone Field,recover-20220825,002,1795
323.5385,323.5469,23750,31231,Plecotus austriacus,0.007,0.021,-1,Echolocation,/mnt/ubna_data_01_mir/recover-20220825/UBNA_002/20220823_033000.WAV,Telephone Field,recover-20220825,002,1795
323.5755,323.6165,68437,82391,Rhinolophus ferrumequinum,0.027,0.027,-1,Echolocation,/mnt/ubna_data_01_mir/recover-20220825/UBNA_002/20220823_033000.WAV,Telephone Field,recover-20220825,002,1795
323.5795,323.5883,22890,30159,Plecotus austriacus,0.01,0.027,-1,Echolocation,/mnt/ubna_data_01_mir/recover-20220825/UBNA_002/20220823_033000.WAV,Telephone Field,recover-20220825,002,1795
323.6135,323.6217,28046,38453,Eptesicus serotinus,0.006,0.02,-1,Echolocation,/mnt/ubna_data_01_mir/recover-20220825/UBNA_002/20220823_033000.WAV,Telephone Field,recover-20220825,002,1795
323.6225,323.6326,42656,46898,Pipistrellus pipistrellus,0.019,0.023,-1,Echolocation,/mnt/ubna_data_01_mir/recover-20220825/UBNA_002/20220823_033000.WAV,Telephone Field,recover-20220825,002,1795
323.6435,323.6502,23750,33318,Plecotus austriacus,0.02,0.039,-1,Echolocation,/mnt/ubna_data_01_mir/recover-20220825/UBNA_002/20220823_033000.WAV,Telephone Field,recover-20220825,002,1795
323.6565,323.6945,68437,82222,Rhinolophus ferrumequinum,0.02,0.02,-1,Echolocation,/mnt/ubna_data_01_mir/recover-20220825/UBNA_002/20220823_033000.WAV,Telephone Field,recover-20220825,002,1795
323.6795,323.7201,68437,82513,Rhinolophus ferrumequinum,0.026,0.026,-1,Echolocation,/mnt/ubna_data_01_mir/recover-20220825/UBNA_002/20220823_033000.WAV,Telephone Field,recover-20220825,002,1795
323.6865,323.6976,23750,30152,Nyctalus leisleri,0.013,0.031,-1,Echolocation,/mnt/ubna_data_01_mir/recover-20220825/UBNA_002/20220823_033000.WAV,Telephone Field,recover-20220825,002,1795
323.7035,323.7378,68437,80510,Rhinolophus ferrumequinum,0.021,0.021,-1,Echolocation,/mnt/ubna_data_01_mir/recover-20220825/UBNA_002/20220823_033000.WAV,Telephone Field,recover-20220825,002,1795
323.7045,323.7169,48671,52659,Pipistrellus pipistrellus,0.04,0.044,-1,Echolocation,/mnt/ubna_data_01_mir/recover-20220825/UBNA_002/20220823_033000.WAV,Telephone Field,recover-20220825,002,1795
323.7255,323.7368,22031,26160,Nyctalus leisleri,0.016,0.027,-1,Echolocation,/mnt/ubna_data_01_mir/recover-20220825/UBNA_002/20220823_033000.WAV,Telephone Field,recover-20220825,002,1795
323.72950000000003,323.7718,68437,82792,Rhinolophus ferrumequinum,0.025,0.025,-1,Echolocation,/mnt/ubna_data_01_mir/recover-20220825/UBNA_002/20220823_033000.WAV,Telephone Field,recover-20220825,002,1795
323.7505,323.7901,68437,82152,Rhinolophus ferrumequinum,0.024,0.024,-1,Echolocation,/mnt/ubna_data_01_mir/recover-20220825/UBNA_002/20220823_033000.WAV,Telephone Field,recover-20220825,002,1795
323.7875,323.7976,50390,54294,Pipistrellus pipistrellus,0.032,0.038,-1,Echolocation,/mnt/ubna_data_01_mir/recover-20220825/UBNA_002/20220823_033000.WAV,Telephone Field,recover-20220825,002,1795
323.8135,323.8532,68437,82408,Rhinolophus ferrumequinum,0.026,0.027,-1,Echolocation,/mnt/ubna_data_01_mir/recover-20220825/UBNA_002/20220823_033000.WAV,Telephone Field,recover-20220825,002,1795
323.8205,323.8302,47812,53205,Pipistrellus pipistrellus,0.025,0.027,-1,Echolocation,/mnt/ubna_data_01_mir/recover-20220825/UBNA_002/20220823_033000.WAV,Telephone Field,recover-20220825,002,1795
323.8425,323.8792,68437,81569,Rhinolophus ferrumequinum,0.022,0.022,-1,Echolocation,/mnt/ubna_data_01_mir/recover-20220825/UBNA_002/20220823_033000.WAV,Telephone Field,recover-20220825,002,1795
323.8835,323.8928,25468,34009,Eptesicus serotinus,0.01,0.025,-1,Echolocation,/mnt/ubna_data_01_mir/recover-20220825/UBNA_002/20220823_033000.WAV,Telephone Field,recover-20220825,002,1795
323.8835,323.9214,68437,81486,Rhinolophus ferrumequinum,0.02,0.02,-1,Echolocation,/mnt/ubna_data_01_mir/recover-20220825/UBNA_002/20220823_033000.WAV,Telephone Field,recover-20220825,002,1795
323.9215,323.9613,68437,82004,Rhinolophus ferrumequinum,0.021,0.021,-1,Echolocation,/mnt/ubna_data_01_mir/recover-20220825/UBNA_002/20220823_033000.WAV,Telephone Field,recover-20220825,002,1795
323.9465,323.9833,68437,81275,Rhinolophus ferrumequinum,0.021,0.021,-1,Echolocation,/mnt/ubna_data_01_mir/recover-20220825/UBNA_002/20220823_033000.WAV,Telephone Field,recover-20220825,002,1795
323.9535,323.9917,68437,81721,Rhinolophus ferrumequinum,0.02,0.02,-1,Echolocation,/mnt/ubna_data_01_mir/recover-20220825/UBNA_002/20220823_033000.WAV,Telephone Field,recover-20220825,002,1795
323.9735,323.9821,28046,40507,Eptesicus serotinus,0.009,0.023,-1,Echolocation,/mnt/ubna_data_01_mir/recover-20220825/UBNA_002/20220823_033000.WAV,Telephone Field,recover-20220825,002,1795
323.9735,323.98,46093,50425,Pipistrellus pipistrellus,0.042,0.044,-1,Echolocation,/mnt/ubna_data_01_mir/recover-20220825/UBNA_002/20220823_033000.WAV,Telephone Field,recover-20220825,002,1795
323.9805,323.9992,18593,22629,Nyctalus noctula,0.017,0.026,-1,Echolocation,/mnt/ubna_data_01_mir/recover-20220825/UBNA_002/20220823_033000.WAV,Telephone Field,recover-20220825,002,1795
323.9825,323.9895,34062,46347,Myotis daubentonii,0.009,0.026,-1,Echolocation,/mnt/ubna_data_01_mir/recover-20220825/UBNA_002/20220823_033000.WAV,Telephone Field,recover-20220825,002,1795
323.9835,323.9912,28046,41831,Eptesicus serotinus,0.009,0.027,-1,Echolocation,/mnt/ubna_data_01_mir/recover-20220825/UBNA_002/20220823_033000.WAV,Telephone Field,recover-20220825,002,1795
324.0015,324.0284,68437,80316,Rhinolophus ferrumequinum,0.039,0.04,-1,Echolocation,/mnt/ubna_data_01_mir/recover-20220825/UBNA_002/20220823_033000.WAV,Telephone Field,recover-20220825,002,1795
324.0015,324.0089,23750,35165,Myotis nattereri,0.005,0.024,-1,Echolocation,/mnt/ubna_data_01_mir/recover-20220825/UBNA_002/20220823_033000.WAV,Telephone Field,recover-20220825,002,1795
324.0015,324.0101,47812,54990,Pipistrellus pipistrellus,0.015,0.025,-1,Echolocation,/mnt/ubna_data_01_mir/recover-20220825/UBNA_002/20220823_033000.WAV,Telephone Field,recover-20220825,002,1795
324.0015,324.0104,39218,45755,Pipistrellus nathusii,0.015,0.03,-1,Echolocation,/mnt/ubna_data_01_mir/recover-20220825/UBNA_002/20220823_033000.WAV,Telephone Field,recover-20220825,002,1795
324.0255,324.0355,14296,19384,Nyctalus noctula,0.008,0.023,-1,Echolocation,/mnt/ubna_data_01_mir/recover-20220825/UBNA_002/20220823_033000.WAV,Telephone Field,recover-20220825,002,1795
324.0515,324.0593,26328,37585,Eptesicus serotinus,0.009,0.024,-1,Echolocation,/mnt/ubna_data_01_mir/recover-20220825/UBNA_002/20220823_033000.WAV,Telephone Field,recover-20220825,002,1795
324.0755,324.0831,26328,35407,Eptesicus serotinus,0.009,0.026,-1,Echolocation,/mnt/ubna_data_01_mir/recover-20220825/UBNA_002/20220823_033000.WAV,Telephone Field,recover-20220825,002,1795
324.0825,324.0909,26328,34653,Eptesicus serotinus,0.009,0.024,-1,Echolocation,/mnt/ubna_data_01_mir/recover-20220825/UBNA_002/20220823_033000.WAV,Telephone Field,recover-20220825,002,1795
324.1375,324.1462,34062,42836,Barbastellus barbastellus,0.009,0.031,-1,Echolocation,/mnt/ubna_data_01_mir/recover-20220825/UBNA_002/20220823_033000.WAV,Telephone Field,recover-20220825,002,1795
324.1385,324.1466,26328,37913,Eptesicus serotinus,0.008,0.023,-1,Echolocation,/mnt/ubna_data_01_mir/recover-20220825/UBNA_002/20220823_033000.WAV,Telephone Field,recover-20220825,002,1795
324.16949999999997,324.1783,27187,38621,Eptesicus serotinus,0.008,0.023,-1,Echolocation,/mnt/ubna_data_01_mir/recover-20220825/UBNA_002/20220823_033000.WAV,Telephone Field,recover-20220825,002,1795
324.1705,324.178,55546,60135,Pipistrellus pygmaeus,0.032,0.033,-1,Echolocation,/mnt/ubna_data_01_mir/recover-20220825/UBNA_002/20220823_033000.WAV,Telephone Field,recover-20220825,002,1795
324.1965,324.20550000000003,27187,38562,Eptesicus serotinus,0.01,0.025,-1,Echolocation,/mnt/ubna_data_01_mir/recover-20220825/UBNA_002/20220823_033000.WAV,Telephone Field,recover-20220825,002,1795
324.2215,324.26279999999997,68437,83205,Rhinolophus ferrumequinum,0.025,0.025,-1,Echolocation,/mnt/ubna_data_01_mir/recover-20220825/UBNA_002/20220823_033000.WAV,Telephone Field,recover-20220825,002,1795
324.2455,324.2527,54687,60575,Pipistrellus pygmaeus,0.022,0.023,-1,Echolocation,/mnt/ubna_data_01_mir/recover-20220825/UBNA_002/20220823_033000.WAV,Telephone Field,recover-20220825,002,1795
324.2625,324.2742,28046,33631,Eptesicus serotinus,0.037,0.066,-1,Echolocation,/mnt/ubna_data_01_mir/recover-20220825/UBNA_002/20220823_033000.WAV,Telephone Field,recover-20220825,002,1795
324.2805,324.2869,32343,52221,Myotis daubentonii,0.012,0.023,-1,Echolocation,/mnt/ubna_data_01_mir/recover-20220825/UBNA_002/20220823_033000.WAV,Telephone Field,recover-20220825,002,1795
324.2955,324.3346,68437,82543,Rhinolophus ferrumequinum,0.03,0.03,-1,Echolocation,/mnt/ubna_data_01_mir/recover-20220825/UBNA_002/20220823_033000.WAV,Telephone Field,recover-20220825,002,1795
324.3215,324.3304,42656,51676,Pipistrellus nathusii,0.01,0.027,-1,Echolocation,/mnt/ubna_data_01_mir/recover-20220825/UBNA_002/20220823_033000.WAV,Telephone Field,recover-20220825,002,1795
324.3235,324.3626,68437,82929,Rhinolophus ferrumequinum,0.024,0.024,-1,Echolocation,/mnt/ubna_data_01_mir/recover-20220825/UBNA_002/20220823_033000.WAV,Telephone Field,recover-20220825,002,1795
324.3235,324.3311,26328,39211,Eptesicus serotinus,0.007,0.023,-1,Echolocation,/mnt/ubna_data_01_mir/recover-20220825/UBNA_002/20220823_033000.WAV,Telephone Field,recover-20220825,002,1795
324.3655,324.3731,27187,38415,Eptesicus serotinus,0.007,0.023,-1,Echolocation,/mnt/ubna_data_01_mir/recover-20220825/UBNA_002/20220823_033000.WAV,Telephone Field,recover-20220825,002,1795
324.4065,324.4144,44375,50052,Pipistrellus pipistrellus,0.015,0.024,-1,Echolocation,/mnt/ubna_data_01_mir/recover-20220825/UBNA_002/20220823_033000.WAV,Telephone Field,recover-20220825,002,1795
324.4075,324.413,37500,50745,Myotis daubentonii,0.014,0.028,-1,Echolocation,/mnt/ubna_data_01_mir/recover-20220825/UBNA_002/20220823_033000.WAV,Telephone Field,recover-20220825,002,1795
324.4335,324.444,23750,29067,Nyctalus leisleri,0.011,0.026,-1,Echolocation,/mnt/ubna_data_01_mir/recover-20220825/UBNA_002/20220823_033000.WAV,Telephone Field,recover-20220825,002,1795
324.4425,324.4525,24609,30568,Nyctalus leisleri,0.009,0.024,-1,Echolocation,/mnt/ubna_data_01_mir/recover-20220825/UBNA_002/20220823_033000.WAV,Telephone Field,recover-20220825,002,1795
324.4735,324.4861,24609,29476,Nyctalus leisleri,0.015,0.031,-1,Echolocation,/mnt/ubna_data_01_mir/recover-20220825/UBNA_002/20220823_033000.WAV,Telephone Field,recover-20220825,002,1795
324.4895,324.5327,68437,82770,Rhinolophus ferrumequinum,0.026,0.026,-1,Echolocation,/mnt/ubna_data_01_mir/recover-20220825/UBNA_002/20220823_033000.WAV,Telephone Field,recover-20220825,002,1795
324.5525,324.5628,23750,30101,Nyctalus leisleri,0.008,0.024,-1,Echolocation,/mnt/ubna_data_01_mir/recover-20220825/UBNA_002/20220823_033000.WAV,Telephone Field,recover-20220825,002,1795
324.5885,324.5956,26328,39051,Eptesicus serotinus,0.008,0.024,-1,Echolocation,/mnt/ubna_data_01_mir/recover-20220825/UBNA_002/20220823_033000.WAV,Telephone Field,recover-20220825,002,1795
324.6225,324.6339,28046,34743,Eptesicus serotinus,0.015,0.029,-1,Echolocation,/mnt/ubna_data_01_mir/recover-20220825/UBNA_002/20220823_033000.WAV,Telephone Field,recover-20220825,002,1795
324.6985,324.704,40078,56105,Myotis brandtii,0.011,0.029,-1,Echolocation,/mnt/ubna_data_01_mir/recover-20220825/UBNA_002/20220823_033000.WAV,Telephone Field,recover-20220825,002,1795
324.6985,324.7044,30625,58543,Myotis daubentonii,0.021,0.033,-1,Echolocation,/mnt/ubna_data_01_mir/recover-20220825/UBNA_002/20220823_033000.WAV,Telephone Field,recover-20220825,002,1795
324.7125,324.7523,68437,82230,Rhinolophus ferrumequinum,0.025,0.025,-1,Echolocation,/mnt/ubna_data_01_mir/recover-20220825/UBNA_002/20220823_033000.WAV,Telephone Field,recover-20220825,002,1795
324.7225,324.7309,43515,53261,Pipistrellus nathusii,0.028,0.061,-1,Echolocation,/mnt/ubna_data_01_mir/recover-20220825/UBNA_002/20220823_033000.WAV,Telephone Field,recover-20220825,002,1795
324.7265,324.7319,34921,56744,Myotis brandtii,0.011,0.025,-1,Echolocation,/mnt/ubna_data_01_mir/recover-20220825/UBNA_002/20220823_033000.WAV,Telephone Field,recover-20220825,002,1795
324.7315,324.7394,27187,37328,Eptesicus serotinus,0.009,0.027,-1,Echolocation,/mnt/ubna_data_01_mir/recover-20220825/UBNA_002/20220823_033000.WAV,Telephone Field,recover-20220825,002,1795
324.7475,324.7537,30625,44136,Myotis daubentonii,0.017,0.039,-1,Echolocation,/mnt/ubna_data_01_mir/recover-20220825/UBNA_002/20220823_033000.WAV,Telephone Field,recover-20220825,002,1795
324.7885,324.7941,38359,50178,Myotis daubentonii,0.02,0.042,-1,Echolocation,/mnt/ubna_data_01_mir/recover-20220825/UBNA_002/20220823_033000.WAV,Telephone Field,recover-20220825,002,1795
324.8065,324.8124,35781,48254,Myotis daubentonii,0.012,0.023,-1,Echolocation,/mnt/ubna_data_01_mir/recover-20220825/UBNA_002/20220823_033000.WAV,Telephone Field,recover-20220825,002,1795
324.8065,324.813,30625,46562,Myotis daubentonii,0.012,0.023,-1,Echolocation,/mnt/ubna_data_01_mir/recover-20220825/UBNA_002/20220823_033000.WAV,Telephone Field,recover-20220825,002,1795
324.8065,324.8133,26328,42010,Eptesicus serotinus,0.007,0.024,-1,Echolocation,/mnt/ubna_data_01_mir/recover-20220825/UBNA_002/20220823_033000.WAV,Telephone Field,recover-20220825,002,1795
324.8385,324.8497,27187,34467,Eptesicus serotinus,0.04,0.063,-1,Echolocation,/mnt/ubna_data_01_mir/recover-20220825/UBNA_002/20220823_033000.WAV,Telephone Field,recover-20220825,002,1795
324.8645,324.8718,30625,41469,Myotis daubentonii,0.012,0.027,-1,Echolocation,/mnt/ubna_data_01_mir/recover-20220825/UBNA_002/20220823_033000.WAV,Telephone Field,recover-20220825,002,1795
324.8815,324.8882,46953,58961,Pipistrellus pipistrellus,0.011,0.025,-1,Echolocation,/mnt/ubna_data_01_mir/recover-20220825/UBNA_002/20220823_033000.WAV,Telephone Field,recover-20220825,002,1795
324.9005,324.9444,68437,82751,Rhinolophus ferrumequinum,0.025,0.025,-1,Echolocation,/mnt/ubna_data_01_mir/recover-20220825/UBNA_002/20220823_033000.WAV,Telephone Field,recover-20220825,002,1795
324.9065,324.9123,38359,53183,Myotis daubentonii,0.019,0.042,-1,Echolocation,/mnt/ubna_data_01_mir/recover-20220825/UBNA_002/20220823_033000.WAV,Telephone Field,recover-20220825,002,1795
324.9065,324.9122,28906,57696,Myotis daubentonii,0.019,0.032,-1,Echolocation,/mnt/ubna_data_01_mir/recover-20220825/UBNA_002/20220823_033000.WAV,Telephone Field,recover-20220825,002,1795
324.9385,324.9452,49531,53810,Pipistrellus pipistrellus,0.027,0.03,-1,Echolocation,/mnt/ubna_data_01_mir/recover-20220825/UBNA_002/20220823_033000.WAV,Telephone Field,recover-20220825,002,1795
324.9485,324.9921,68437,83104,Rhinolophus ferrumequinum,0.025,0.025,-1,Echolocation,/mnt/ubna_data_01_mir/recover-20220825/UBNA_002/20220823_033000.WAV,Telephone Field,recover-20220825,002,1795
324.9625,324.9729,28046,34891,Eptesicus serotinus,0.015,0.03,-1,Echolocation,/mnt/ubna_data_01_mir/recover-20220825/UBNA_002/20220823_033000.WAV,Telephone Field,recover-20220825,002,1795
324.9855,324.9938,40937,48073,Pipistrellus nathusii,0.145,0.228,-1,Echolocation,/mnt/ubna_data_01_mir/recover-20220825/UBNA_002/20220823_033000.WAV,Telephone Field,recover-20220825,002,1795
325.0515,325.0667,15156,21960,Nyctalus noctula,0.019,0.027,-1,Echolocation,/mnt/ubna_data_01_mir/recover-20220825/UBNA_002/20220823_033000.WAV,Telephone Field,recover-20220825,002,1795
325.0545,325.0634,24609,32399,Eptesicus serotinus,0.009,0.024,-1,Echolocation,/mnt/ubna_data_01_mir/recover-20220825/UBNA_002/20220823_033000.WAV,Telephone Field,recover-20220825,002,1795
325.0605,325.0989,68437,81755,Rhinolophus ferrumequinum,0.024,0.024,-1,Echolocation,/mnt/ubna_data_01_mir/recover-20220825/UBNA_002/20220823_033000.WAV,Telephone Field,recover-20220825,002,1795
325.0975,325.1073,27187,35714,Eptesicus serotinus,0.01,0.026,-1,Echolocation,/mnt/ubna_data_01_mir/recover-20220825/UBNA_002/20220823_033000.WAV,Telephone Field,recover-20220825,002,1795
325.1605,325.1658,41796,52323,Pipistrellus nathusii,0.254,0.417,-1,Echolocation,/mnt/ubna_data_01_mir/recover-20220825/UBNA_002/20220823_033000.WAV,Telephone Field,recover-20220825,002,1795
325.2465,325.2536,40078,48183,Pipistrellus nathusii,0.173,0.282,-1,Echolocation,/mnt/ubna_data_01_mir/recover-20220825/UBNA_002/20220823_033000.WAV,Telephone Field,recover-20220825,002,1795
325.2495,325.2548,30625,59990,Myotis brandtii,0.027,0.053,-1,Echolocation,/mnt/ubna_data_01_mir/recover-20220825/UBNA_002/20220823_033000.WAV,Telephone Field,recover-20220825,002,1795
325.2835,325.2887,30625,49634,Myotis daubentonii,0.048,0.073,-1,Echolocation,/mnt/ubna_data_01_mir/recover-20220825/UBNA_002/20220823_033000.WAV,Telephone Field,recover-20220825,002,1795
325.3055,325.3126,54687,59341,Pipistrellus pygmaeus,0.027,0.028,-1,Echolocation,/mnt/ubna_data_01_mir/recover-20220825/UBNA_002/20220823_033000.WAV,Telephone Field,recover-20220825,002,1795
325.3175,325.3525,68437,80679,Rhinolophus ferrumequinum,0.024,0.025,-1,Echolocation,/mnt/ubna_data_01_mir/recover-20220825/UBNA_002/20220823_033000.WAV,Telephone Field,recover-20220825,002,1795
325.3435,325.3492,40078,51815,Pipistrellus nathusii,0.101,0.266,-1,Echolocation,/mnt/ubna_data_01_mir/recover-20220825/UBNA_002/20220823_033000.WAV,Telephone Field,recover-20220825,002,1795
325.3565,325.3662,28046,34563,Eptesicus serotinus,0.009,0.023,-1,Echolocation,/mnt/ubna_data_01_mir/recover-20220825/UBNA_002/20220823_033000.WAV,Telephone Field,recover-20220825,002,1795
325.3645,325.374,28046,36836,Eptesicus serotinus,0.01,0.024,-1,Echolocation,/mnt/ubna_data_01_mir/recover-20220825/UBNA_002/20220823_033000.WAV,Telephone Field,recover-20220825,002,1795
325.3715,325.3845,22031,27172,Nyctalus leisleri,0.012,0.027,-1,Echolocation,/mnt/ubna_data_01_mir/recover-20220825/UBNA_002/20220823_033000.WAV,Telephone Field,recover-20220825,002,1795
325.3825,325.399,21171,24382,Nyctalus leisleri,0.013,0.023,-1,Echolocation,/mnt/ubna_data_01_mir/recover-20220825/UBNA_002/20220823_033000.WAV,Telephone Field,recover-20220825,002,1795
325.3945,325.4049,38359,43866,Pipistrellus nathusii,0.024,0.033,-1,Echolocation,/mnt/ubna_data_01_mir/recover-20220825/UBNA_002/20220823_033000.WAV,Telephone Field,recover-20220825,002,1795
325.4305,325.4364,32343,58044,Myotis brandtii,0.017,0.028,-1,Echolocation,/mnt/ubna_data_01_mir/recover-20220825/UBNA_002/20220823_033000.WAV,Telephone Field,recover-20220825,002,1795
325.4315,325.4394,41796,51571,Pipistrellus nathusii,0.267,0.325,-1,Echolocation,/mnt/ubna_data_01_mir/recover-20220825/UBNA_002/20220823_033000.WAV,Telephone Field,recover-20220825,002,1795
325.4575,325.469,23750,29528,Nyctalus leisleri,0.01,0.025,-1,Echolocation,/mnt/ubna_data_01_mir/recover-20220825/UBNA_002/20220823_033000.WAV,Telephone Field,recover-20220825,002,1795
325.4685,325.4744,31484,45731,Myotis daubentonii,0.012,0.023,-1,Echolocation,/mnt/ubna_data_01_mir/recover-20220825/UBNA_002/20220823_033000.WAV,Telephone Field,recover-20220825,002,1795
325.4955,325.5064,23750,29577,Nyctalus leisleri,0.012,0.027,-1,Echolocation,/mnt/ubna_data_01_mir/recover-20220825/UBNA_002/20220823_033000.WAV,Telephone Field,recover-20220825,002,1795
325.5245,325.5314,41796,48895,Pipistrellus nathusii,0.223,0.421,-1,Echolocation,/mnt/ubna_data_01_mir/recover-20220825/UBNA_002/20220823_033000.WAV,Telephone Field,recover-20220825,002,1795
325.5345,325.5418,25468,33446,Eptesicus serotinus,0.007,0.023,-1,Echolocation,/mnt/ubna_data_01_mir/recover-20220825/UBNA_002/20220823_033000.WAV,Telephone Field,recover-20220825,002,1795
325.5525,325.5619,27187,35915,Eptesicus serotinus,0.011,0.026,-1,Echolocation,/mnt/ubna_data_01_mir/recover-20220825/UBNA_002/20220823_033000.WAV,Telephone Field,recover-20220825,002,1795
325.5915,325.60450000000003,22031,25962,Nyctalus leisleri,0.015,0.028,-1,Echolocation,/mnt/ubna_data_01_mir/recover-20220825/UBNA_002/20220823_033000.WAV,Telephone Field,recover-20220825,002,1795
325.6235,325.6322,27187,35774,Eptesicus serotinus,0.008,0.024,-1,Echolocation,/mnt/ubna_data_01_mir/recover-20220825/UBNA_002/20220823_033000.WAV,Telephone Field,recover-20220825,002,1795
325.6325,325.64639999999997,27187,32122,Eptesicus serotinus,0.02,0.038,-1,Echolocation,/mnt/ubna_data_01_mir/recover-20220825/UBNA_002/20220823_033000.WAV,Telephone Field,recover-20220825,002,1795
325.64549999999997,325.651,40078,52294,Pipistrellus nathusii,0.097,0.306,-1,Echolocation,/mnt/ubna_data_01_mir/recover-20220825/UBNA_002/20220823_033000.WAV,Telephone Field,recover-20220825,002,1795
325.66949999999997,325.6773,49531,54924,Pipistrellus pipistrellus,0.019,0.023,-1,Echolocation,/mnt/ubna_data_01_mir/recover-20220825/UBNA_002/20220823_033000.WAV,Telephone Field,recover-20220825,002,1795
325.6705,325.7066,68437,82136,Rhinolophus ferrumequinum,0.024,0.024,-1,Echolocation,/mnt/ubna_data_01_mir/recover-20220825/UBNA_002/20220823_033000.WAV,Telephone Field,recover-20220825,002,1795
325.6725,325.68,53828,58127,Pipistrellus pygmaeus,0.024,0.025,-1,Echolocation,/mnt/ubna_data_01_mir/recover-20220825/UBNA_002/20220823_033000.WAV,Telephone Field,recover-20220825,002,1795
325.7205,325.7605,68437,82361,Rhinolophus ferrumequinum,0.026,0.026,-1,Echolocation,/mnt/ubna_data_01_mir/recover-20220825/UBNA_002/20220823_033000.WAV,Telephone Field,recover-20220825,002,1795
325.7345,325.7409,40078,51369,Pipistrellus nathusii,0.19,0.429,-1,Echolocation,/mnt/ubna_data_01_mir/recover-20220825/UBNA_002/20220823_033000.WAV,Telephone Field,recover-20220825,002,1795
325.7955,325.8045,28046,36176,Eptesicus serotinus,0.008,0.023,-1,Echolocation,/mnt/ubna_data_01_mir/recover-20220825/UBNA_002/20220823_033000.WAV,Telephone Field,recover-20220825,002,1795
325.8265,325.83299999999997,38359,49584,Pipistrellus nathusii,0.299,0.536,-1,Echolocation,/mnt/ubna_data_01_mir/recover-20220825/UBNA_002/20220823_033000.WAV,Telephone Field,recover-20220825,002,1795
325.9045,325.9114,40078,48351,Pipistrellus nathusii,0.159,0.396,-1,Echolocation,/mnt/ubna_data_01_mir/recover-20220825/UBNA_002/20220823_033000.WAV,Telephone Field,recover-20220825,002,1795
325.9095,325.9498,68437,82234,Rhinolophus ferrumequinum,0.023,0.023,-1,Echolocation,/mnt/ubna_data_01_mir/recover-20220825/UBNA_002/20220823_033000.WAV,Telephone Field,recover-20220825,002,1795
325.9295,325.9367,48671,55223,Pipistrellus pipistrellus,0.03,0.033,-1,Echolocation,/mnt/ubna_data_01_mir/recover-20220825/UBNA_002/20220823_033000.WAV,Telephone Field,recover-20220825,002,1795
325.9435,325.9532,27187,35826,Eptesicus serotinus,0.01,0.024,-1,Echolocation,/mnt/ubna_data_01_mir/recover-20220825/UBNA_002/20220823_033000.WAV,Telephone Field,recover-20220825,002,1795
325.9635,325.9732,28046,35607,Eptesicus serotinus,0.011,0.024,-1,Echolocation,/mnt/ubna_data_01_mir/recover-20220825/UBNA_002/20220823_033000.WAV,Telephone Field,recover-20220825,002,1795
325.9775,325.9833,39218,51858,Pipistrellus nathusii,0.153,0.36,-1,Echolocation,/mnt/ubna_data_01_mir/recover-20220825/UBNA_002/20220823_033000.WAV,Telephone Field,recover-20220825,002,1795
325.9875,325.9933,31484,47451,Myotis daubentonii,0.019,0.03,-1,Echolocation,/mnt/ubna_data_01_mir/recover-20220825/UBNA_002/20220823_033000.WAV,Telephone Field,recover-20220825,002,1795
326.0015,326.0112,34062,40800,Pipistrellus nathusii,0.007,0.024,-1,Echolocation,/mnt/ubna_data_01_mir/recover-20220825/UBNA_002/20220823_033000.WAV,Telephone Field,recover-20220825,002,1795
326.0015,326.0092,25468,34970,Eptesicus serotinus,0.007,0.029,-1,Echolocation,/mnt/ubna_data_01_mir/recover-20220825/UBNA_002/20220823_033000.WAV,Telephone Field,recover-20220825,002,1795
326.0015,326.0083,48671,55316,Pipistrellus pipistrellus,0.015,0.024,-1,Echolocation,/mnt/ubna_data_01_mir/recover-20220825/UBNA_002/20220823_033000.WAV,Telephone Field,recover-20220825,002,1795
326.0015,326.0287,68437,80554,Rhinolophus ferrumequinum,0.025,0.026,-1,Echolocation,/mnt/ubna_data_01_mir/recover-20220825/UBNA_002/20220823_033000.WAV,Telephone Field,recover-20220825,002,1795
326.0335,326.0437,23750,29262,Nyctalus leisleri,0.01,0.024,-1,Echolocation,/mnt/ubna_data_01_mir/recover-20220825/UBNA_002/20220823_033000.WAV,Telephone Field,recover-20220825,002,1795
326.0425,326.0515,27187,35563,Eptesicus serotinus,0.009,0.025,-1,Echolocation,/mnt/ubna_data_01_mir/recover-20220825/UBNA_002/20220823_033000.WAV,Telephone Field,recover-20220825,002,1795
326.0625,326.0696,38359,48962,Pipistrellus nathusii,0.283,0.448,-1,Echolocation,/mnt/ubna_data_01_mir/recover-20220825/UBNA_002/20220823_033000.WAV,Telephone Field,recover-20220825,002,1795
326.1125,326.1489,68437,81435,Rhinolophus ferrumequinum,0.036,0.036,-1,Echolocation,/mnt/ubna_data_01_mir/recover-20220825/UBNA_002/20220823_033000.WAV,Telephone Field,recover-20220825,002,1795
326.1485,326.1551,38359,49960,Pipistrellus nathusii,0.369,0.533,-1,Echolocation,/mnt/ubna_data_01_mir/recover-20220825/UBNA_002/20220823_033000.WAV,Telephone Field,recover-20220825,002,1795
326.1575,326.1649,27187,34501,Eptesicus serotinus,0.007,0.027,-1,Echolocation,/mnt/ubna_data_01_mir/recover-20220825/UBNA_002/20220823_033000.WAV,Telephone Field,recover-20220825,002,1795
326.1925,326.2037,25468,32676,Eptesicus serotinus,0.011,0.027,-1,Echolocation,/mnt/ubna_data_01_mir/recover-20220825/UBNA_002/20220823_033000.WAV,Telephone Field,recover-20220825,002,1795
326.2005,326.2119,28046,34508,Eptesicus serotinus,0.015,0.029,-1,Echolocation,/mnt/ubna_data_01_mir/recover-20220825/UBNA_002/20220823_033000.WAV,Telephone Field,recover-20220825,002,1795
326.2145,326.2229,28046,37420,Eptesicus serotinus,0.008,0.025,-1,Echolocation,/mnt/ubna_data_01_mir/recover-20220825/UBNA_002/20220823_033000.WAV,Telephone Field,recover-20220825,002,1795
326.2335,326.2398,39218,47958,Pipistrellus nathusii,0.441,0.507,-1,Echolocation,/mnt/ubna_data_01_mir/recover-20220825/UBNA_002/20220823_033000.WAV,Telephone Field,recover-20220825,002,1795
326.2795,326.2891,46093,50123,Pipistrellus pipistrellus,0.02,0.025,-1,Echolocation,/mnt/ubna_data_01_mir/recover-20220825/UBNA_002/20220823_033000.WAV,Telephone Field,recover-20220825,002,1795
326.3225,326.3311,26328,37706,Eptesicus serotinus,0.01,0.027,-1,Echolocation,/mnt/ubna_data_01_mir/recover-20220825/UBNA_002/20220823_033000.WAV,Telephone Field,recover-20220825,002,1795
326.3525,326.3587,40937,49775,Pipistrellus nathusii,0.247,0.389,-1,Echolocation,/mnt/ubna_data_01_mir/recover-20220825/UBNA_002/20220823_033000.WAV,Telephone Field,recover-20220825,002,1795
326.3575,326.3957,68437,82025,Rhinolophus ferrumequinum,0.028,0.028,-1,Echolocation,/mnt/ubna_data_01_mir/recover-20220825/UBNA_002/20220823_033000.WAV,Telephone Field,recover-20220825,002,1795
326.3705,326.3804,25468,33678,Eptesicus serotinus,0.013,0.028,-1,Echolocation,/mnt/ubna_data_01_mir/recover-20220825/UBNA_002/20220823_033000.WAV,Telephone Field,recover-20220825,002,1795
326.4515,326.4916,68437,82427,Rhinolophus ferrumequinum,0.025,0.025,-1,Echolocation,/mnt/ubna_data_01_mir/recover-20220825/UBNA_002/20220823_033000.WAV,Telephone Field,recover-20220825,002,1795
326.4705,326.4841,24609,31349,Eptesicus serotinus,0.01,0.026,-1,Echolocation,/mnt/ubna_data_01_mir/recover-20220825/UBNA_002/20220823_033000.WAV,Telephone Field,recover-20220825,002,1795
326.4785,326.4902,23750,29973,Nyctalus leisleri,0.01,0.026,-1,Echolocation,/mnt/ubna_data_01_mir/recover-20220825/UBNA_002/20220823_033000.WAV,Telephone Field,recover-20220825,002,1795
326.4785,326.519,68437,81747,Rhinolophus ferrumequinum,0.027,0.027,-1,Echolocation,/mnt/ubna_data_01_mir/recover-20220825/UBNA_002/20220823_033000.WAV,Telephone Field,recover-20220825,002,1795
326.5065,326.5163,22890,28985,Nyctalus leisleri,0.008,0.024,-1,Echolocation,/mnt/ubna_data_01_mir/recover-20220825/UBNA_002/20220823_033000.WAV,Telephone Field,recover-20220825,002,1795
326.5385,326.5449,38359,49426,Pipistrellus nathusii,0.275,0.509,-1,Echolocation,/mnt/ubna_data_01_mir/recover-20220825/UBNA_002/20220823_033000.WAV,Telephone Field,recover-20220825,002,1795
326.5455,326.5531,12578,25977,Barbastellus barbastellus,0.024,0.026,-1,Echolocation,/mnt/ubna_data_01_mir/recover-20220825/UBNA_002/20220823_033000.WAV,Telephone Field,recover-20220825,002,1795
326.5765,326.5842,54687,59241,Pipistrellus pygmaeus,0.023,0.024,-1,Echolocation,/mnt/ubna_data_01_mir/recover-20220825/UBNA_002/20220823_033000.WAV,Telephone Field,recover-20220825,002,1795
326.5985,326.6361,68437,81815,Rhinolophus ferrumequinum,0.027,0.027,-1,Echolocation,/mnt/ubna_data_01_mir/recover-20220825/UBNA_002/20220823_033000.WAV,Telephone Field,recover-20220825,002,1795
326.6065,326.6148,27187,38308,Eptesicus serotinus,0.008,0.023,-1,Echolocation,/mnt/ubna_data_01_mir/recover-20220825/UBNA_002/20220823_033000.WAV,Telephone Field,recover-20220825,002,1795
326.6225,326.6599,68437,82282,Rhinolophus ferrumequinum,0.024,0.024,-1,Echolocation,/mnt/ubna_data_01_mir/recover-20220825/UBNA_002/20220823_033000.WAV,Telephone Field,recover-20220825,002,1795
326.6465,326.6835,68437,81467,Rhinolophus ferrumequinum,0.024,0.024,-1,Echolocation,/mnt/ubna_data_01_mir/recover-20220825/UBNA_002/20220823_033000.WAV,Telephone Field,recover-20220825,002,1795
326.6495,326.6579,27187,39045,Eptesicus serotinus,0.012,0.028,-1,Echolocation,/mnt/ubna_data_01_mir/recover-20220825/UBNA_002/20220823_033000.WAV,Telephone Field,recover-20220825,002,1795
326.6595,326.7008,68437,83002,Rhinolophus ferrumequinum,0.029,0.029,-1,Echolocation,/mnt/ubna_data_01_mir/recover-20220825/UBNA_002/20220823_033000.WAV,Telephone Field,recover-20220825,002,1795
326.6675,326.7058,68437,82878,Rhinolophus ferrumequinum,0.024,0.024,-1,Echolocation,/mnt/ubna_data_01_mir/recover-20220825/UBNA_002/20220823_033000.WAV,Telephone Field,recover-20220825,002,1795
326.6985,326.7057,55546,59971,Pipistrellus pygmaeus,0.025,0.026,-1,Echolocation,/mnt/ubna_data_01_mir/recover-20220825/UBNA_002/20220823_033000.WAV,Telephone Field,recover-20220825,002,1795
326.7035,326.7122,27187,35391,Eptesicus serotinus,0.011,0.026,-1,Echolocation,/mnt/ubna_data_01_mir/recover-20220825/UBNA_002/20220823_033000.WAV,Telephone Field,recover-20220825,002,1795
326.7275,326.7354,27187,38338,Eptesicus serotinus,0.008,0.024,-1,Echolocation,/mnt/ubna_data_01_mir/recover-20220825/UBNA_002/20220823_033000.WAV,Telephone Field,recover-20220825,002,1795
326.8005,326.821,16875,20830,Nyctalus noctula,0.018,0.027,-1,Echolocation,/mnt/ubna_data_01_mir/recover-20220825/UBNA_002/20220823_033000.WAV,Telephone Field,recover-20220825,002,1795
326.8105,326.8179,38359,48099,Pipistrellus nathusii,0.222,0.444,-1,Echolocation,/mnt/ubna_data_01_mir/recover-20220825/UBNA_002/20220823_033000.WAV,Telephone Field,recover-20220825,002,1795
326.8265,326.8663,68437,82409,Rhinolophus ferrumequinum,0.027,0.027,-1,Echolocation,/mnt/ubna_data_01_mir/recover-20220825/UBNA_002/20220823_033000.WAV,Telephone Field,recover-20220825,002,1795
326.9005,326.9056,36640,46412,Barbastellus barbastellus,0.207,0.35,-1,Echolocation,/mnt/ubna_data_01_mir/recover-20220825/UBNA_002/20220823_033000.WAV,Telephone Field,recover-20220825,002,1795
326.9085,326.951,68437,83227,Rhinolophus ferrumequinum,0.044,0.044,-1,Echolocation,/mnt/ubna_data_01_mir/recover-20220825/UBNA_002/20220823_033000.WAV,Telephone Field,recover-20220825,002,1795
326.9365,326.9458,27187,37949,Eptesicus serotinus,0.013,0.029,-1,Echolocation,/mnt/ubna_data_01_mir/recover-20220825/UBNA_002/20220823_033000.WAV,Telephone Field,recover-20220825,002,1795
326.9655,327.001,68437,81319,Rhinolophus ferrumequinum,0.028,0.028,-1,Echolocation,/mnt/ubna_data_01_mir/recover-20220825/UBNA_002/20220823_033000.WAV,Telephone Field,recover-20220825,002,1795
326.9825,326.995,22890,27674,Nyctalus leisleri,0.013,0.025,-1,Echolocation,/mnt/ubna_data_01_mir/recover-20220825/UBNA_002/20220823_033000.WAV,Telephone Field,recover-20220825,002,1795
326.9995,327.0063,26328,39666,Eptesicus serotinus,0.007,0.025,-1,Echolocation,/mnt/ubna_data_01_mir/recover-20220825/UBNA_002/20220823_033000.WAV,Telephone Field,recover-20220825,002,1795
327.0505,327.0586,25468,35734,Eptesicus serotinus,0.008,0.025,-1,Echolocation,/mnt/ubna_data_01_mir/recover-20220825/UBNA_002/20220823_033000.WAV,Telephone Field,recover-20220825,002,1795
327.0535,327.0605,30625,42673,Myotis daubentonii,0.013,0.025,-1,Echolocation,/mnt/ubna_data_01_mir/recover-20220825/UBNA_002/20220823_033000.WAV,Telephone Field,recover-20220825,002,1795
327.0675,327.0742,57265,65857,Pipistrellus pygmaeus,0.032,0.032,-1,Echolocation,/mnt/ubna_data_01_mir/recover-20220825/UBNA_002/20220823_033000.WAV,Telephone Field,recover-20220825,002,1795
327.0785,327.1173,68437,82512,Rhinolophus ferrumequinum,0.025,0.025,-1,Echolocation,/mnt/ubna_data_01_mir/recover-20220825/UBNA_002/20220823_033000.WAV,Telephone Field,recover-20220825,002,1795
327.1275,327.1671,68437,82095,Rhinolophus ferrumequinum,0.04,0.04,-1,Echolocation,/mnt/ubna_data_01_mir/recover-20220825/UBNA_002/20220823_033000.WAV,Telephone Field,recover-20220825,002,1795
327.1655,327.1739,28046,37091,Eptesicus serotinus,0.008,0.024,-1,Echolocation,/mnt/ubna_data_01_mir/recover-20220825/UBNA_002/20220823_033000.WAV,Telephone Field,recover-20220825,002,1795
327.1765,327.2161,68437,82233,Rhinolophus ferrumequinum,0.024,0.024,-1,Echolocation,/mnt/ubna_data_01_mir/recover-20220825/UBNA_002/20220823_033000.WAV,Telephone Field,recover-20220825,002,1795
327.1815,327.188,40078,46889,Pipistrellus nathusii,0.292,0.437,-1,Echolocation,/mnt/ubna_data_01_mir/recover-20220825/UBNA_002/20220823_033000.WAV,Telephone Field,recover-20220825,002,1795
327.1835,327.1893,28046,43331,Myotis daubentonii,0.014,0.032,-1,Echolocation,/mnt/ubna_data_01_mir/recover-20220825/UBNA_002/20220823_033000.WAV,Telephone Field,recover-20220825,002,1795
327.20550000000003,327.2454,68437,82856,Rhinolophus ferrumequinum,0.025,0.025,-1,Echolocation,/mnt/ubna_data_01_mir/recover-20220825/UBNA_002/20220823_033000.WAV,Telephone Field,recover-20220825,002,1795
327.2405,327.2483,50390,57726,Pipistrellus pipistrellus,0.031,0.036,-1,Echolocation,/mnt/ubna_data_01_mir/recover-20220825/UBNA_002/20220823_033000.WAV,Telephone Field,recover-20220825,002,1795
327.2535,327.2625,15156,22099,Nyctalus noctula,0.011,0.026,-1,Echolocation,/mnt/ubna_data_01_mir/recover-20220825/UBNA_002/20220823_033000.WAV,Telephone Field,recover-20220825,002,1795
327.2675,327.2748,38359,46861,Pipistrellus nathusii,0.235,0.419,-1,Echolocation,/mnt/ubna_data_01_mir/recover-20220825/UBNA_002/20220823_033000.WAV,Telephone Field,recover-20220825,002,1795
327.2965,327.3337,68437,81448,Rhinolophus ferrumequinum,0.03,0.03,-1,Echolocation,/mnt/ubna_data_01_mir/recover-20220825/UBNA_002/20220823_033000.WAV,Telephone Field,recover-20220825,002,1795
327.3225,327.3637,68437,82875,Rhinolophus ferrumequinum,0.04,0.04,-1,Echolocation,/mnt/ubna_data_01_mir/recover-20220825/UBNA_002/20220823_033000.WAV,Telephone Field,recover-20220825,002,1795
327.3325,327.3505,21171,24419,Nyctalus leisleri,0.019,0.032,-1,Echolocation,/mnt/ubna_data_01_mir/recover-20220825/UBNA_002/20220823_033000.WAV,Telephone Field,recover-20220825,002,1795
327.3355,327.3751,68437,82594,Rhinolophus ferrumequinum,0.025,0.025,-1,Echolocation,/mnt/ubna_data_01_mir/recover-20220825/UBNA_002/20220823_033000.WAV,Telephone Field,recover-20220825,002,1795
327.3605,327.4002,68437,82383,Rhinolophus ferrumequinum,0.025,0.025,-1,Echolocation,/mnt/ubna_data_01_mir/recover-20220825/UBNA_002/20220823_033000.WAV,Telephone Field,recover-20220825,002,1795
327.3665,327.3752,41796,45960,Pipistrellus nathusii,0.024,0.041,-1,Echolocation,/mnt/ubna_data_01_mir/recover-20220825/UBNA_002/20220823_033000.WAV,Telephone Field,recover-20220825,002,1795
327.3695,327.3758,34062,44349,Myotis daubentonii,0.021,0.052,-1,Echolocation,/mnt/ubna_data_01_mir/recover-20220825/UBNA_002/20220823_033000.WAV,Telephone Field,recover-20220825,002,1795
327.3925,327.399,27187,38488,Eptesicus serotinus,0.007,0.029,-1,Echolocation,/mnt/ubna_data_01_mir/recover-20220825/UBNA_002/20220823_033000.WAV,Telephone Field,recover-20220825,002,1795
327.4395,327.4469,27187,37785,Eptesicus serotinus,0.009,0.025,-1,Echolocation,/mnt/ubna_data_01_mir/recover-20220825/UBNA_002/20220823_033000.WAV,Telephone Field,recover-20220825,002,1795
327.4685,327.4783,42656,47109,Pipistrellus nathusii,0.152,0.173,-1,Echolocation,/mnt/ubna_data_01_mir/recover-20220825/UBNA_002/20220823_033000.WAV,Telephone Field,recover-20220825,002,1795
327.4935,327.53430000000003,68437,83376,Rhinolophus ferrumequinum,0.026,0.026,-1,Echolocation,/mnt/ubna_data_01_mir/recover-20220825/UBNA_002/20220823_033000.WAV,Telephone Field,recover-20220825,002,1795
327.5065,327.5475,68437,83015,Rhinolophus ferrumequinum,0.029,0.029,-1,Echolocation,/mnt/ubna_data_01_mir/recover-20220825/UBNA_002/20220823_033000.WAV,Telephone Field,recover-20220825,002,1795
327.5385,327.5463,27187,37756,Eptesicus serotinus,0.013,0.03,-1,Echolocation,/mnt/ubna_data_01_mir/recover-20220825/UBNA_002/20220823_033000.WAV,Telephone Field,recover-20220825,002,1795
327.5585,327.5677,28046,36640,Eptesicus serotinus,0.011,0.024,-1,Echolocation,/mnt/ubna_data_01_mir/recover-20220825/UBNA_002/20220823_033000.WAV,Telephone Field,recover-20220825,002,1795
327.5735,327.5799,32343,45204,Myotis daubentonii,0.02,0.044,-1,Echolocation,/mnt/ubna_data_01_mir/recover-20220825/UBNA_002/20220823_033000.WAV,Telephone Field,recover-20220825,002,1795
327.6285,327.6358,47812,53565,Pipistrellus pipistrellus,0.033,0.037,-1,Echolocation,/mnt/ubna_data_01_mir/recover-20220825/UBNA_002/20220823_033000.WAV,Telephone Field,recover-20220825,002,1795
327.6295,327.6387,27187,37253,Eptesicus serotinus,0.01,0.026,-1,Echolocation,/mnt/ubna_data_01_mir/recover-20220825/UBNA_002/20220823_033000.WAV,Telephone Field,recover-20220825,002,1795
327.6445,327.6515,26328,38761,Eptesicus serotinus,0.007,0.027,-1,Echolocation,/mnt/ubna_data_01_mir/recover-20220825/UBNA_002/20220823_033000.WAV,Telephone Field,recover-20220825,002,1795
327.6485,327.6872,68437,81859,Rhinolophus ferrumequinum,0.024,0.024,-1,Echolocation,/mnt/ubna_data_01_mir/recover-20220825/UBNA_002/20220823_033000.WAV,Telephone Field,recover-20220825,002,1795
327.6665,327.6737,26328,41253,Eptesicus serotinus,0.008,0.026,-1,Echolocation,/mnt/ubna_data_01_mir/recover-20220825/UBNA_002/20220823_033000.WAV,Telephone Field,recover-20220825,002,1795
327.6675,327.6754,34062,42358,Barbastellus barbastellus,0.023,0.049,-1,Echolocation,/mnt/ubna_data_01_mir/recover-20220825/UBNA_002/20220823_033000.WAV,Telephone Field,recover-20220825,002,1795
327.6855,327.7293,68437,82967,Rhinolophus ferrumequinum,0.041,0.041,-1,Echolocation,/mnt/ubna_data_01_mir/recover-20220825/UBNA_002/20220823_033000.WAV,Telephone Field,recover-20220825,002,1795
327.6935,327.7041,24609,30508,Nyctalus leisleri,0.013,0.031,-1,Echolocation,/mnt/ubna_data_01_mir/recover-20220825/UBNA_002/20220823_033000.WAV,Telephone Field,recover-20220825,002,1795
327.7185,327.7284,28046,38150,Eptesicus serotinus,0.012,0.025,-1,Echolocation,/mnt/ubna_data_01_mir/recover-20220825/UBNA_002/20220823_033000.WAV,Telephone Field,recover-20220825,002,1795
327.7455,327.75509999999997,40937,51787,Pipistrellus nathusii,0.027,0.041,-1,Echolocation,/mnt/ubna_data_01_mir/recover-20220825/UBNA_002/20220823_033000.WAV,Telephone Field,recover-20220825,002,1795
327.7755,327.7874,22890,27123,Nyctalus leisleri,0.014,0.026,-1,Echolocation,/mnt/ubna_data_01_mir/recover-20220825/UBNA_002/20220823_033000.WAV,Telephone Field,recover-20220825,002,1795
327.7875,327.795,27187,37641,Eptesicus serotinus,0.007,0.024,-1,Echolocation,/mnt/ubna_data_01_mir/recover-20220825/UBNA_002/20220823_033000.WAV,Telephone Field,recover-20220825,002,1795
327.8115,327.8504,68437,82091,Rhinolophus ferrumequinum,0.03,0.03,-1,Echolocation,/mnt/ubna_data_01_mir/recover-20220825/UBNA_002/20220823_033000.WAV,Telephone Field,recover-20220825,002,1795
327.83050000000003,327.8702,68437,82722,Rhinolophus ferrumequinum,0.027,0.027,-1,Echolocation,/mnt/ubna_data_01_mir/recover-20220825/UBNA_002/20220823_033000.WAV,Telephone Field,recover-20220825,002,1795
327.8475,327.8592,33203,38795,Barbastellus barbastellus,0.007,0.026,-1,Echolocation,/mnt/ubna_data_01_mir/recover-20220825/UBNA_002/20220823_033000.WAV,Telephone Field,recover-20220825,002,1795
327.8565,327.8643,38359,44763,Barbastellus barbastellus,0.094,0.17,-1,Echolocation,/mnt/ubna_data_01_mir/recover-20220825/UBNA_002/20220823_033000.WAV,Telephone Field,recover-20220825,002,1795
327.8575,327.8646,25468,37302,Eptesicus serotinus,0.007,0.026,-1,Echolocation,/mnt/ubna_data_01_mir/recover-20220825/UBNA_002/20220823_033000.WAV,Telephone Field,recover-20220825,002,1795
327.8665,327.8749,24609,32610,Eptesicus serotinus,0.009,0.028,-1,Echolocation,/mnt/ubna_data_01_mir/recover-20220825/UBNA_002/20220823_033000.WAV,Telephone Field,recover-20220825,002,1795
327.8925,327.9318,68437,82181,Rhinolophus ferrumequinum,0.027,0.027,-1,Echolocation,/mnt/ubna_data_01_mir/recover-20220825/UBNA_002/20220823_033000.WAV,Telephone Field,recover-20220825,002,1795
327.8965,327.9079,28046,34788,Eptesicus serotinus,0.027,0.046,-1,Echolocation,/mnt/ubna_data_01_mir/recover-20220825/UBNA_002/20220823_033000.WAV,Telephone Field,recover-20220825,002,1795
327.9185,327.9258,26328,39979,Eptesicus serotinus,0.01,0.029,-1,Echolocation,/mnt/ubna_data_01_mir/recover-20220825/UBNA_002/20220823_033000.WAV,Telephone Field,recover-20220825,002,1795
327.91949999999997,327.927,34062,41832,Barbastellus barbastellus,0.015,0.029,-1,Echolocation,/mnt/ubna_data_01_mir/recover-20220825/UBNA_002/20220823_033000.WAV,Telephone Field,recover-20220825,002,1795
327.9585,327.96569999999997,27187,42070,Eptesicus serotinus,0.009,0.028,-1,Echolocation,/mnt/ubna_data_01_mir/recover-20220825/UBNA_002/20220823_033000.WAV,Telephone Field,recover-20220825,002,1795
327.9825,327.9913,45234,56997,Pipistrellus pipistrellus,0.013,0.027,-1,Echolocation,/mnt/ubna_data_01_mir/recover-20220825/UBNA_002/20220823_033000.WAV,Telephone Field,recover-20220825,002,1795
328.0015,328.0391,68437,80061,Rhinolophus ferrumequinum,0.049,0.049,-1,Echolocation,/mnt/ubna_data_01_mir/recover-20220825/UBNA_002/20220823_033000.WAV,Telephone Field,recover-20220825,002,1795
328.0015,328.0085,25468,38562,Myotis nattereri,0.006,0.027,-1,Echolocation,/mnt/ubna_data_01_mir/recover-20220825/UBNA_002/20220823_033000.WAV,Telephone Field,recover-20220825,002,1795
328.0015,328.0141,49531,56052,Pipistrellus pipistrellus,0.026,0.035,-1,Echolocation,/mnt/ubna_data_01_mir/recover-20220825/UBNA_002/20220823_033000.WAV,Telephone Field,recover-20220825,002,1795
328.0055,328.016,35781,41245,Pipistrellus nathusii,0.015,0.045,-1,Echolocation,/mnt/ubna_data_01_mir/recover-20220825/UBNA_002/20220823_033000.WAV,Telephone Field,recover-20220825,002,1795
328.0075,328.051,68437,82466,Rhinolophus ferrumequinum,0.043,0.043,-1,Echolocation,/mnt/ubna_data_01_mir/recover-20220825/UBNA_002/20220823_033000.WAV,Telephone Field,recover-20220825,002,1795
328.0105,328.0185,26328,36522,Eptesicus serotinus,0.007,0.022,-1,Echolocation,/mnt/ubna_data_01_mir/recover-20220825/UBNA_002/20220823_033000.WAV,Telephone Field,recover-20220825,002,1795
328.0485,328.0569,23750,33177,Plecotus austriacus,0.008,0.023,-1,Echolocation,/mnt/ubna_data_01_mir/recover-20220825/UBNA_002/20220823_033000.WAV,Telephone Field,recover-20220825,002,1795
328.08050000000003,328.115,68437,80964,Rhinolophus ferrumequinum,0.022,0.022,-1,Echolocation,/mnt/ubna_data_01_mir/recover-20220825/UBNA_002/20220823_033000.WAV,Telephone Field,recover-20220825,002,1795
328.0965,328.1356,68437,82103,Rhinolophus ferrumequinum,0.025,0.025,-1,Echolocation,/mnt/ubna_data_01_mir/recover-20220825/UBNA_002/20220823_033000.WAV,Telephone Field,recover-20220825,002,1795
328.0975,328.1131,22031,25601,Nyctalus leisleri,0.015,0.023,-1,Echolocation,/mnt/ubna_data_01_mir/recover-20220825/UBNA_002/20220823_033000.WAV,Telephone Field,recover-20220825,002,1795
328.1225,328.132,27187,40469,Eptesicus serotinus,0.011,0.026,-1,Echolocation,/mnt/ubna_data_01_mir/recover-20220825/UBNA_002/20220823_033000.WAV,Telephone Field,recover-20220825,002,1795
328.1545,328.1651,22031,28263,Nyctalus leisleri,0.011,0.027,-1,Echolocation,/mnt/ubna_data_01_mir/recover-20220825/UBNA_002/20220823_033000.WAV,Telephone Field,recover-20220825,002,1795
328.1965,328.2035,28046,40001,Eptesicus serotinus,0.006,0.023,-1,Echolocation,/mnt/ubna_data_01_mir/recover-20220825/UBNA_002/20220823_033000.WAV,Telephone Field,recover-20220825,002,1795
328.1985,328.2395,68437,82698,Rhinolophus ferrumequinum,0.036,0.036,-1,Echolocation,/mnt/ubna_data_01_mir/recover-20220825/UBNA_002/20220823_033000.WAV,Telephone Field,recover-20220825,002,1795
328.2255,328.2363,22890,27893,Nyctalus leisleri,0.012,0.024,-1,Echolocation,/mnt/ubna_data_01_mir/recover-20220825/UBNA_002/20220823_033000.WAV,Telephone Field,recover-20220825,002,1795
328.2365,328.2779,68437,83071,Rhinolophus ferrumequinum,0.032,0.032,-1,Echolocation,/mnt/ubna_data_01_mir/recover-20220825/UBNA_002/20220823_033000.WAV,Telephone Field,recover-20220825,002,1795
328.2615,328.2787,19453,22585,Nyctalus leisleri,0.013,0.023,-1,Echolocation,/mnt/ubna_data_01_mir/recover-20220825/UBNA_002/20220823_033000.WAV,Telephone Field,recover-20220825,002,1795
328.2805,328.321,68437,82473,Rhinolophus ferrumequinum,0.024,0.024,-1,Echolocation,/mnt/ubna_data_01_mir/recover-20220825/UBNA_002/20220823_033000.WAV,Telephone Field,recover-20220825,002,1795
328.2865,328.3266,68437,82319,Rhinolophus ferrumequinum,0.024,0.024,-1,Echolocation,/mnt/ubna_data_01_mir/recover-20220825/UBNA_002/20220823_033000.WAV,Telephone Field,recover-20220825,002,1795
328.3005,328.3085,23750,32128,Plecotus austriacus,0.009,0.023,-1,Echolocation,/mnt/ubna_data_01_mir/recover-20220825/UBNA_002/20220823_033000.WAV,Telephone Field,recover-20220825,002,1795
328.3255,328.3639,68437,82167,Rhinolophus ferrumequinum,0.031,0.031,-1,Echolocation,/mnt/ubna_data_01_mir/recover-20220825/UBNA_002/20220823_033000.WAV,Telephone Field,recover-20220825,002,1795
328.3775,328.3922,23750,27617,Nyctalus leisleri,0.018,0.03,-1,Echolocation,/mnt/ubna_data_01_mir/recover-20220825/UBNA_002/20220823_033000.WAV,Telephone Field,recover-20220825,002,1795
328.4075,328.449,68437,82485,Rhinolophus ferrumequinum,0.035,0.035,-1,Echolocation,/mnt/ubna_data_01_mir/recover-20220825/UBNA_002/20220823_033000.WAV,Telephone Field,recover-20220825,002,1795
328.4275,328.4637,68437,81800,Rhinolophus ferrumequinum,0.023,0.023,-1,Echolocation,/mnt/ubna_data_01_mir/recover-20220825/UBNA_002/20220823_033000.WAV,Telephone Field,recover-20220825,002,1795
328.4435,328.453,28906,37685,Eptesicus serotinus,0.01,0.026,-1,Echolocation,/mnt/ubna_data_01_mir/recover-20220825/UBNA_002/20220823_033000.WAV,Telephone Field,recover-20220825,002,1795
328.4665,328.4753,47812,57244,Pipistrellus pipistrellus,0.026,0.031,-1,Echolocation,/mnt/ubna_data_01_mir/recover-20220825/UBNA_002/20220823_033000.WAV,Telephone Field,recover-20220825,002,1795
328.4805,328.5169,68437,81812,Rhinolophus ferrumequinum,0.023,0.023,-1,Echolocation,/mnt/ubna_data_01_mir/recover-20220825/UBNA_002/20220823_033000.WAV,Telephone Field,recover-20220825,002,1795
328.5005,328.5074,28906,38931,Eptesicus serotinus,0.008,0.025,-1,Echolocation,/mnt/ubna_data_01_mir/recover-20220825/UBNA_002/20220823_033000.WAV,Telephone Field,recover-20220825,002,1795
328.5265,328.5642,68437,81729,Rhinolophus ferrumequinum,0.026,0.026,-1,Echolocation,/mnt/ubna_data_01_mir/recover-20220825/UBNA_002/20220823_033000.WAV,Telephone Field,recover-20220825,002,1795
328.5485,328.5861,68437,82131,Rhinolophus ferrumequinum,0.025,0.025,-1,Echolocation,/mnt/ubna_data_01_mir/recover-20220825/UBNA_002/20220823_033000.WAV,Telephone Field,recover-20220825,002,1795
328.5675,328.5775,22890,28973,Nyctalus leisleri,0.009,0.023,-1,Echolocation,/mnt/ubna_data_01_mir/recover-20220825/UBNA_002/20220823_033000.WAV,Telephone Field,recover-20220825,002,1795
328.5755,328.6134,68437,82287,Rhinolophus ferrumequinum,0.024,0.024,-1,Echolocation,/mnt/ubna_data_01_mir/recover-20220825/UBNA_002/20220823_033000.WAV,Telephone Field,recover-20220825,002,1795
328.6175,328.6237,25468,41077,Plecotus austriacus,0.007,0.029,-1,Echolocation,/mnt/ubna_data_01_mir/recover-20220825/UBNA_002/20220823_033000.WAV,Telephone Field,recover-20220825,002,1795
328.6615,328.6694,27187,37745,Eptesicus serotinus,0.007,0.022,-1,Echolocation,/mnt/ubna_data_01_mir/recover-20220825/UBNA_002/20220823_033000.WAV,Telephone Field,recover-20220825,002,1795
328.6915,328.6988,27187,39116,Eptesicus serotinus,0.006,0.023,-1,Echolocation,/mnt/ubna_data_01_mir/recover-20220825/UBNA_002/20220823_033000.WAV,Telephone Field,recover-20220825,002,1795
328.7045,328.7431,68437,82433,Rhinolophus ferrumequinum,0.022,0.023,-1,Echolocation,/mnt/ubna_data_01_mir/recover-20220825/UBNA_002/20220823_033000.WAV,Telephone Field,recover-20220825,002,1795
328.7165,328.7543,68437,82128,Rhinolophus ferrumequinum,0.023,0.023,-1,Echolocation,/mnt/ubna_data_01_mir/recover-20220825/UBNA_002/20220823_033000.WAV,Telephone Field,recover-20220825,002,1795
328.7175,328.7269,25468,32491,Eptesicus serotinus,0.019,0.049,-1,Echolocation,/mnt/ubna_data_01_mir/recover-20220825/UBNA_002/20220823_033000.WAV,Telephone Field,recover-20220825,002,1795
328.7585,328.7698,27187,34406,Eptesicus serotinus,0.011,0.023,-1,Echolocation,/mnt/ubna_data_01_mir/recover-20220825/UBNA_002/20220823_033000.WAV,Telephone Field,recover-20220825,002,1795
328.7645,328.7966,68437,80574,Rhinolophus ferrumequinum,0.026,0.026,-1,Echolocation,/mnt/ubna_data_01_mir/recover-20220825/UBNA_002/20220823_033000.WAV,Telephone Field,recover-20220825,002,1795
328.7785,328.7891,28046,35933,Eptesicus serotinus,0.02,0.04,-1,Echolocation,/mnt/ubna_data_01_mir/recover-20220825/UBNA_002/20220823_033000.WAV,Telephone Field,recover-20220825,002,1795
328.7835,328.8195,68437,82106,Rhinolophus ferrumequinum,0.023,0.023,-1,Echolocation,/mnt/ubna_data_01_mir/recover-20220825/UBNA_002/20220823_033000.WAV,Telephone Field,recover-20220825,002,1795
328.7895,328.797,45234,50142,Pipistrellus pipistrellus,0.025,0.026,-1,Echolocation,/mnt/ubna_data_01_mir/recover-20220825/UBNA_002/20220823_033000.WAV,Telephone Field,recover-20220825,002,1795
328.8075,328.8164,28046,38674,Eptesicus serotinus,0.009,0.024,-1,Echolocation,/mnt/ubna_data_01_mir/recover-20220825/UBNA_002/20220823_033000.WAV,Telephone Field,recover-20220825,002,1795
328.8285,328.8387,26328,34141,Eptesicus serotinus,0.01,0.026,-1,Echolocation,/mnt/ubna_data_01_mir/recover-20220825/UBNA_002/20220823_033000.WAV,Telephone Field,recover-20220825,002,1795
328.8445,328.8543,28046,35337,Eptesicus serotinus,0.012,0.026,-1,Echolocation,/mnt/ubna_data_01_mir/recover-20220825/UBNA_002/20220823_033000.WAV,Telephone Field,recover-20220825,002,1795
328.9245,328.9319,28046,40423,Eptesicus serotinus,0.007,0.023,-1,Echolocation,/mnt/ubna_data_01_mir/recover-20220825/UBNA_002/20220823_033000.WAV,Telephone Field,recover-20220825,002,1795
328.9285,328.96569999999997,68437,81460,Rhinolophus ferrumequinum,0.024,0.024,-1,Echolocation,/mnt/ubna_data_01_mir/recover-20220825/UBNA_002/20220823_033000.WAV,Telephone Field,recover-20220825,002,1795
328.9355,328.974,68437,81999,Rhinolophus ferrumequinum,0.023,0.023,-1,Echolocation,/mnt/ubna_data_01_mir/recover-20220825/UBNA_002/20220823_033000.WAV,Telephone Field,recover-20220825,002,1795
328.9915,329.0038,22890,27980,Nyctalus leisleri,0.013,0.026,-1,Echolocation,/mnt/ubna_data_01_mir/recover-20220825/UBNA_002/20220823_033000.WAV,Telephone Field,recover-20220825,002,1795
328.9955,329.0313,68437,81740,Rhinolophus ferrumequinum,0.025,0.025,-1,Echolocation,/mnt/ubna_data_01_mir/recover-20220825/UBNA_002/20220823_033000.WAV,Telephone Field,recover-20220825,002,1795
329.0505,329.0596,28046,38711,Eptesicus serotinus,0.01,0.026,-1,Echolocation,/mnt/ubna_data_01_mir/recover-20220825/UBNA_002/20220823_033000.WAV,Telephone Field,recover-20220825,002,1795
329.0605,329.069,51250,55531,Pipistrellus pipistrellus,0.031,0.036,-1,Echolocation,/mnt/ubna_data_01_mir/recover-20220825/UBNA_002/20220823_033000.WAV,Telephone Field,recover-20220825,002,1795
329.1145,329.15319999999997,68437,82058,Rhinolophus ferrumequinum,0.022,0.022,-1,Echolocation,/mnt/ubna_data_01_mir/recover-20220825/UBNA_002/20220823_033000.WAV,Telephone Field,recover-20220825,002,1795
329.1345,329.1723,68437,81789,Rhinolophus ferrumequinum,0.025,0.025,-1,Echolocation,/mnt/ubna_data_01_mir/recover-20220825/UBNA_002/20220823_033000.WAV,Telephone Field,recover-20220825,002,1795
329.1525,329.1641,23750,28388,Nyctalus leisleri,0.027,0.049,-1,Echolocation,/mnt/ubna_data_01_mir/recover-20220825/UBNA_002/20220823_033000.WAV,Telephone Field,recover-20220825,002,1795
329.1785,329.1863,27187,38537,Eptesicus serotinus,0.007,0.023,-1,Echolocation,/mnt/ubna_data_01_mir/recover-20220825/UBNA_002/20220823_033000.WAV,Telephone Field,recover-20220825,002,1795
329.2065,329.2477,68437,82452,Rhinolophus ferrumequinum,0.024,0.024,-1,Echolocation,/mnt/ubna_data_01_mir/recover-20220825/UBNA_002/20220823_033000.WAV,Telephone Field,recover-20220825,002,1795
329.2235,329.2303,28906,38478,Eptesicus serotinus,0.006,0.024,-1,Echolocation,/mnt/ubna_data_01_mir/recover-20220825/UBNA_002/20220823_033000.WAV,Telephone Field,recover-20220825,002,1795
329.2325,329.2711,68437,82782,Rhinolophus ferrumequinum,0.022,0.022,-1,Echolocation,/mnt/ubna_data_01_mir/recover-20220825/UBNA_002/20220823_033000.WAV,Telephone Field,recover-20220825,002,1795
329.2405,329.251,28906,36839,Eptesicus serotinus,0.01,0.024,-1,Echolocation,/mnt/ubna_data_01_mir/recover-20220825/UBNA_002/20220823_033000.WAV,Telephone Field,recover-20220825,002,1795
329.2435,329.2554,22031,26249,Nyctalus leisleri,0.013,0.023,-1,Echolocation,/mnt/ubna_data_01_mir/recover-20220825/UBNA_002/20220823_033000.WAV,Telephone Field,recover-20220825,002,1795
329.2515,329.2624,22890,27169,Nyctalus leisleri,0.013,0.023,-1,Echolocation,/mnt/ubna_data_01_mir/recover-20220825/UBNA_002/20220823_033000.WAV,Telephone Field,recover-20220825,002,1795
329.2615,329.3007,68437,82177,Rhinolophus ferrumequinum,0.024,0.024,-1,Echolocation,/mnt/ubna_data_01_mir/recover-20220825/UBNA_002/20220823_033000.WAV,Telephone Field,recover-20220825,002,1795
329.2665,329.2734,26328,39647,Eptesicus serotinus,0.006,0.024,-1,Echolocation,/mnt/ubna_data_01_mir/recover-20220825/UBNA_002/20220823_033000.WAV,Telephone Field,recover-20220825,002,1795
329.2675,329.3073,68437,82631,Rhinolophus ferrumequinum,0.023,0.023,-1,Echolocation,/mnt/ubna_data_01_mir/recover-20220825/UBNA_002/20220823_033000.WAV,Telephone Field,recover-20220825,002,1795
329.2795,329.2879,28906,37399,Eptesicus serotinus,0.008,0.022,-1,Echolocation,/mnt/ubna_data_01_mir/recover-20220825/UBNA_002/20220823_033000.WAV,Telephone Field,recover-20220825,002,1795
329.2875,329.3282,68437,82166,Rhinolophus ferrumequinum,0.023,0.023,-1,Echolocation,/mnt/ubna_data_01_mir/recover-20220825/UBNA_002/20220823_033000.WAV,Telephone Field,recover-20220825,002,1795
329.2925,329.2996,48671,55351,Pipistrellus pipistrellus,0.024,0.025,-1,Echolocation,/mnt/ubna_data_01_mir/recover-20220825/UBNA_002/20220823_033000.WAV,Telephone Field,recover-20220825,002,1795
329.2975,329.3348,68437,82314,Rhinolophus ferrumequinum,0.022,0.022,-1,Echolocation,/mnt/ubna_data_01_mir/recover-20220825/UBNA_002/20220823_033000.WAV,Telephone Field,recover-20220825,002,1795
329.3045,329.3418,68437,82064,Rhinolophus ferrumequinum,0.023,0.023,-1,Echolocation,/mnt/ubna_data_01_mir/recover-20220825/UBNA_002/20220823_033000.WAV,Telephone Field,recover-20220825,002,1795
329.3525,329.3642,22031,27336,Nyctalus leisleri,0.012,0.026,-1,Echolocation,/mnt/ubna_data_01_mir/recover-20220825/UBNA_002/20220823_033000.WAV,Telephone Field,recover-20220825,002,1795
329.3665,329.406,68437,82710,Rhinolophus ferrumequinum,0.026,0.026,-1,Echolocation,/mnt/ubna_data_01_mir/recover-20220825/UBNA_002/20220823_033000.WAV,Telephone Field,recover-20220825,002,1795
329.3725,329.3808,28906,37930,Eptesicus serotinus,0.023,0.045,-1,Echolocation,/mnt/ubna_data_01_mir/recover-20220825/UBNA_002/20220823_033000.WAV,Telephone Field,recover-20220825,002,1795
329.3745,329.4108,68437,82191,Rhinolophus ferrumequinum,0.022,0.023,-1,Echolocation,/mnt/ubna_data_01_mir/recover-20220825/UBNA_002/20220823_033000.WAV,Telephone Field,recover-20220825,002,1795
329.3985,329.4399,68437,82781,Rhinolophus ferrumequinum,0.033,0.033,-1,Echolocation,/mnt/ubna_data_01_mir/recover-20220825/UBNA_002/20220823_033000.WAV,Telephone Field,recover-20220825,002,1795
329.4145,329.4562,68437,82534,Rhinolophus ferrumequinum,0.023,0.023,-1,Echolocation,/mnt/ubna_data_01_mir/recover-20220825/UBNA_002/20220823_033000.WAV,Telephone Field,recover-20220825,002,1795
329.4495,329.4558,25468,40171,Myotis nattereri,0.006,0.023,-1,Echolocation,/mnt/ubna_data_01_mir/recover-20220825/UBNA_002/20220823_033000.WAV,Telephone Field,recover-20220825,002,1795
329.45550000000003,329.4906,68437,81675,Rhinolophus ferrumequinum,0.024,0.024,-1,Echolocation,/mnt/ubna_data_01_mir/recover-20220825/UBNA_002/20220823_033000.WAV,Telephone Field,recover-20220825,002,1795
329.4725,329.4804,26328,35426,Eptesicus serotinus,0.007,0.023,-1,Echolocation,/mnt/ubna_data_01_mir/recover-20220825/UBNA_002/20220823_033000.WAV,Telephone Field,recover-20220825,002,1795
329.5135,329.5244,23750,29049,Nyctalus leisleri,0.014,0.028,-1,Echolocation,/mnt/ubna_data_01_mir/recover-20220825/UBNA_002/20220823_033000.WAV,Telephone Field,recover-20220825,002,1795
329.5195,329.5602,68437,83037,Rhinolophus ferrumequinum,0.029,0.029,-1,Echolocation,/mnt/ubna_data_01_mir/recover-20220825/UBNA_002/20220823_033000.WAV,Telephone Field,recover-20220825,002,1795
329.5505,329.5898,68437,82749,Rhinolophus ferrumequinum,0.026,0.026,-1,Echolocation,/mnt/ubna_data_01_mir/recover-20220825/UBNA_002/20220823_033000.WAV,Telephone Field,recover-20220825,002,1795
329.5545,329.5613,27187,38458,Eptesicus serotinus,0.009,0.028,-1,Echolocation,/mnt/ubna_data_01_mir/recover-20220825/UBNA_002/20220823_033000.WAV,Telephone Field,recover-20220825,002,1795
329.5565,329.5938,68437,82686,Rhinolophus ferrumequinum,0.025,0.025,-1,Echolocation,/mnt/ubna_data_01_mir/recover-20220825/UBNA_002/20220823_033000.WAV,Telephone Field,recover-20220825,002,1795
329.5655,329.6029,68437,81725,Rhinolophus ferrumequinum,0.022,0.023,-1,Echolocation,/mnt/ubna_data_01_mir/recover-20220825/UBNA_002/20220823_033000.WAV,Telephone Field,recover-20220825,002,1795
329.5895,329.6265,68437,81166,Rhinolophus ferrumequinum,0.023,0.023,-1,Echolocation,/mnt/ubna_data_01_mir/recover-20220825/UBNA_002/20220823_033000.WAV,Telephone Field,recover-20220825,002,1795
329.6255,329.663,68437,82053,Rhinolophus ferrumequinum,0.022,0.022,-1,Echolocation,/mnt/ubna_data_01_mir/recover-20220825/UBNA_002/20220823_033000.WAV,Telephone Field,recover-20220825,002,1795
329.6295,329.6393,28906,39141,Eptesicus serotinus,0.01,0.025,-1,Echolocation,/mnt/ubna_data_01_mir/recover-20220825/UBNA_002/20220823_033000.WAV,Telephone Field,recover-20220825,002,1795
329.6305,329.6392,36640,44054,Myotis daubentonii,0.009,0.025,-1,Echolocation,/mnt/ubna_data_01_mir/recover-20220825/UBNA_002/20220823_033000.WAV,Telephone Field,recover-20220825,002,1795
329.6555,329.6959,68437,81980,Rhinolophus ferrumequinum,0.025,0.026,-1,Echolocation,/mnt/ubna_data_01_mir/recover-20220825/UBNA_002/20220823_033000.WAV,Telephone Field,recover-20220825,002,1795
329.6565,329.6643,23750,33036,Plecotus austriacus,0.01,0.025,-1,Echolocation,/mnt/ubna_data_01_mir/recover-20220825/UBNA_002/20220823_033000.WAV,Telephone Field,recover-20220825,002,1795
329.6785,329.7188,68437,82294,Rhinolophus ferrumequinum,0.023,0.023,-1,Echolocation,/mnt/ubna_data_01_mir/recover-20220825/UBNA_002/20220823_033000.WAV,Telephone Field,recover-20220825,002,1795
329.6805,329.6983,22031,25349,Nyctalus leisleri,0.024,0.041,-1,Echolocation,/mnt/ubna_data_01_mir/recover-20220825/UBNA_002/20220823_033000.WAV,Telephone Field,recover-20220825,002,1795
329.6965,329.7048,28906,40265,Eptesicus serotinus,0.008,0.026,-1,Echolocation,/mnt/ubna_data_01_mir/recover-20220825/UBNA_002/20220823_033000.WAV,Telephone Field,recover-20220825,002,1795
329.6965,329.7399,68437,82972,Rhinolophus ferrumequinum,0.032,0.032,-1,Echolocation,/mnt/ubna_data_01_mir/recover-20220825/UBNA_002/20220823_033000.WAV,Telephone Field,recover-20220825,002,1795
329.7385,329.7483,44375,51058,Pipistrellus pipistrellus,0.035,0.04,-1,Echolocation,/mnt/ubna_data_01_mir/recover-20220825/UBNA_002/20220823_033000.WAV,Telephone Field,recover-20220825,002,1795
329.7635,329.8049,68437,82206,Rhinolophus ferrumequinum,0.031,0.031,-1,Echolocation,/mnt/ubna_data_01_mir/recover-20220825/UBNA_002/20220823_033000.WAV,Telephone Field,recover-20220825,002,1795
329.7815,329.8174,68437,81466,Rhinolophus ferrumequinum,0.025,0.025,-1,Echolocation,/mnt/ubna_data_01_mir/recover-20220825/UBNA_002/20220823_033000.WAV,Telephone Field,recover-20220825,002,1795
329.8565,329.8648,28046,35843,Eptesicus serotinus,0.017,0.035,-1,Echolocation,/mnt/ubna_data_01_mir/recover-20220825/UBNA_002/20220823_033000.WAV,Telephone Field,recover-20220825,002,1795
329.8715,329.9119,68437,82970,Rhinolophus ferrumequinum,0.024,0.024,-1,Echolocation,/mnt/ubna_data_01_mir/recover-20220825/UBNA_002/20220823_033000.WAV,Telephone Field,recover-20220825,002,1795
329.8855,329.9255,68437,82730,Rhinolophus ferrumequinum,0.024,0.024,-1,Echolocation,/mnt/ubna_data_01_mir/recover-20220825/UBNA_002/20220823_033000.WAV,Telephone Field,recover-20220825,002,1795
329.8905,329.929,68437,82396,Rhinolophus ferrumequinum,0.025,0.025,-1,Echolocation,/mnt/ubna_data_01_mir/recover-20220825/UBNA_002/20220823_033000.WAV,Telephone Field,recover-20220825,002,1795
329.9165,329.9609,68437,83296,Rhinolophus ferrumequinum,0.079,0.079,-1,Echolocation,/mnt/ubna_data_01_mir/recover-20220825/UBNA_002/20220823_033000.WAV,Telephone Field,recover-20220825,002,1795
329.9255,329.9639,68437,81212,Rhinolophus ferrumequinum,0.023,0.023,-1,Echolocation,/mnt/ubna_data_01_mir/recover-20220825/UBNA_002/20220823_033000.WAV,Telephone Field,recover-20220825,002,1795
329.9735,329.9828,50390,56405,Pipistrellus pipistrellus,0.034,0.039,-1,Echolocation,/mnt/ubna_data_01_mir/recover-20220825/UBNA_002/20220823_033000.WAV,Telephone Field,recover-20220825,002,1795
329.9875,329.9963,28906,37971,Eptesicus serotinus,0.01,0.027,-1,Echolocation,/mnt/ubna_data_01_mir/recover-20220825/UBNA_002/20220823_033000.WAV,Telephone Field,recover-20220825,002,1795
330.0015,330.0154,58125,64020,Pipistrellus pygmaeus,0.023,0.024,-1,Echolocation,/mnt/ubna_data_01_mir/recover-20220825/UBNA_002/20220823_033000.WAV,Telephone Field,recover-20220825,002,1795
330.0015,330.0348,68437,79949,Rhinolophus ferrumequinum,0.035,0.035,-1,Echolocation,/mnt/ubna_data_01_mir/recover-20220825/UBNA_002/20220823_033000.WAV,Telephone Field,recover-20220825,002,1795
330.0015,330.009,25468,38074,Myotis nattereri,0.005,0.022,-1,Echolocation,/mnt/ubna_data_01_mir/recover-20220825/UBNA_002/20220823_033000.WAV,Telephone Field,recover-20220825,002,1795
330.0155,330.0249,24609,31862,Eptesicus serotinus,0.007,0.021,-1,Echolocation,/mnt/ubna_data_01_mir/recover-20220825/UBNA_002/20220823_033000.WAV,Telephone Field,recover-20220825,002,1795
330.0435,330.0845,68437,83027,Rhinolophus ferrumequinum,0.026,0.026,-1,Echolocation,/mnt/ubna_data_01_mir/recover-20220825/UBNA_002/20220823_033000.WAV,Telephone Field,recover-20220825,002,1795
330.0495,330.0928,68437,83030,Rhinolophus ferrumequinum,0.027,0.027,-1,Echolocation,/mnt/ubna_data_01_mir/recover-20220825/UBNA_002/20220823_033000.WAV,Telephone Field,recover-20220825,002,1795
330.0585,330.0952,68437,81549,Rhinolophus ferrumequinum,0.021,0.021,-1,Echolocation,/mnt/ubna_data_01_mir/recover-20220825/UBNA_002/20220823_033000.WAV,Telephone Field,recover-20220825,002,1795
330.0945,330.104,22031,28404,Plecotus austriacus,0.008,0.021,-1,Echolocation,/mnt/ubna_data_01_mir/recover-20220825/UBNA_002/20220823_033000.WAV,Telephone Field,recover-20220825,002,1795
330.1195,330.1263,27187,40390,Eptesicus serotinus,0.006,0.023,-1,Echolocation,/mnt/ubna_data_01_mir/recover-20220825/UBNA_002/20220823_033000.WAV,Telephone Field,recover-20220825,002,1795
330.1465,330.1818,68437,81213,Rhinolophus ferrumequinum,0.021,0.021,-1,Echolocation,/mnt/ubna_data_01_mir/recover-20220825/UBNA_002/20220823_033000.WAV,Telephone Field,recover-20220825,002,1795
330.1685,330.2092,68437,82905,Rhinolophus ferrumequinum,0.023,0.023,-1,Echolocation,/mnt/ubna_data_01_mir/recover-20220825/UBNA_002/20220823_033000.WAV,Telephone Field,recover-20220825,002,1795
330.1725,330.1916,19453,22879,Nyctalus leisleri,0.017,0.035,-1,Echolocation,/mnt/ubna_data_01_mir/recover-20220825/UBNA_002/20220823_033000.WAV,Telephone Field,recover-20220825,002,1795
330.1815,330.2201,68437,82453,Rhinolophus ferrumequinum,0.025,0.025,-1,Echolocation,/mnt/ubna_data_01_mir/recover-20220825/UBNA_002/20220823_033000.WAV,Telephone Field,recover-20220825,002,1795
330.2005,330.2095,28046,37944,Eptesicus serotinus,0.01,0.024,-1,Echolocation,/mnt/ubna_data_01_mir/recover-20220825/UBNA_002/20220823_033000.WAV,Telephone Field,recover-20220825,002,1795
330.2165,330.2578,68437,82969,Rhinolophus ferrumequinum,0.029,0.029,-1,Echolocation,/mnt/ubna_data_01_mir/recover-20220825/UBNA_002/20220823_033000.WAV,Telephone Field,recover-20220825,002,1795
330.2555,330.291,68437,81779,Rhinolophus ferrumequinum,0.021,0.021,-1,Echolocation,/mnt/ubna_data_01_mir/recover-20220825/UBNA_002/20220823_033000.WAV,Telephone Field,recover-20220825,002,1795
330.2635,330.3041,68437,82649,Rhinolophus ferrumequinum,0.021,0.021,-1,Echolocation,/mnt/ubna_data_01_mir/recover-20220825/UBNA_002/20220823_033000.WAV,Telephone Field,recover-20220825,002,1795
330.3435,330.3844,68437,81958,Rhinolophus ferrumequinum,0.025,0.025,-1,Echolocation,/mnt/ubna_data_01_mir/recover-20220825/UBNA_002/20220823_033000.WAV,Telephone Field,recover-20220825,002,1795
330.3555,330.3942,68437,82229,Rhinolophus ferrumequinum,0.024,0.024,-1,Echolocation,/mnt/ubna_data_01_mir/recover-20220825/UBNA_002/20220823_033000.WAV,Telephone Field,recover-20220825,002,1795
330.4155,330.452,68437,81354,Rhinolophus ferrumequinum,0.021,0.022,-1,Echolocation,/mnt/ubna_data_01_mir/recover-20220825/UBNA_002/20220823_033000.WAV,Telephone Field,recover-20220825,002,1795
330.4165,330.4274,28906,37034,Eptesicus serotinus,0.011,0.026,-1,Echolocation,/mnt/ubna_data_01_mir/recover-20220825/UBNA_002/20220823_033000.WAV,Telephone Field,recover-20220825,002,1795
330.4185,330.4284,24609,32285,Eptesicus serotinus,0.009,0.026,-1,Echolocation,/mnt/ubna_data_01_mir/recover-20220825/UBNA_002/20220823_033000.WAV,Telephone Field,recover-20220825,002,1795
330.4475,330.4633,18593,23409,Nyctalus noctula,0.017,0.03,-1,Echolocation,/mnt/ubna_data_01_mir/recover-20220825/UBNA_002/20220823_033000.WAV,Telephone Field,recover-20220825,002,1795
330.4835,330.4941,25468,32927,Eptesicus serotinus,0.014,0.037,-1,Echolocation,/mnt/ubna_data_01_mir/recover-20220825/UBNA_002/20220823_033000.WAV,Telephone Field,recover-20220825,002,1795
330.5035,330.5441,68437,82634,Rhinolophus ferrumequinum,0.022,0.022,-1,Echolocation,/mnt/ubna_data_01_mir/recover-20220825/UBNA_002/20220823_033000.WAV,Telephone Field,recover-20220825,002,1795
330.5295,330.541,22890,28428,Nyctalus leisleri,0.011,0.026,-1,Echolocation,/mnt/ubna_data_01_mir/recover-20220825/UBNA_002/20220823_033000.WAV,Telephone Field,recover-20220825,002,1795
330.5815,330.5959,43515,47517,Pipistrellus pipistrellus,0.04,0.048,-1,Echolocation,/mnt/ubna_data_01_mir/recover-20220825/UBNA_002/20220823_033000.WAV,Telephone Field,recover-20220825,002,1795
330.6005,330.6338,68437,81233,Rhinolophus ferrumequinum,0.022,0.022,-1,Echolocation,/mnt/ubna_data_01_mir/recover-20220825/UBNA_002/20220823_033000.WAV,Telephone Field,recover-20220825,002,1795
330.6395,330.6775,68437,82639,Rhinolophus ferrumequinum,0.022,0.022,-1,Echolocation,/mnt/ubna_data_01_mir/recover-20220825/UBNA_002/20220823_033000.WAV,Telephone Field,recover-20220825,002,1795
330.6455,330.6834,68437,82405,Rhinolophus ferrumequinum,0.022,0.022,-1,Echolocation,/mnt/ubna_data_01_mir/recover-20220825/UBNA_002/20220823_033000.WAV,Telephone Field,recover-20220825,002,1795
330.6635,330.6707,28046,40456,Eptesicus serotinus,0.006,0.023,-1,Echolocation,/mnt/ubna_data_01_mir/recover-20220825/UBNA_002/20220823_033000.WAV,Telephone Field,recover-20220825,002,1795
330.6715,330.711,68437,82269,Rhinolophus ferrumequinum,0.021,0.021,-1,Echolocation,/mnt/ubna_data_01_mir/recover-20220825/UBNA_002/20220823_033000.WAV,Telephone Field,recover-20220825,002,1795
330.6935,330.7316,68437,81501,Rhinolophus ferrumequinum,0.024,0.024,-1,Echolocation,/mnt/ubna_data_01_mir/recover-20220825/UBNA_002/20220823_033000.WAV,Telephone Field,recover-20220825,002,1795
330.7175,330.7578,68437,82566,Rhinolophus ferrumequinum,0.023,0.023,-1,Echolocation,/mnt/ubna_data_01_mir/recover-20220825/UBNA_002/20220823_033000.WAV,Telephone Field,recover-20220825,002,1795
330.7565,330.7967,68437,82442,Rhinolophus ferrumequinum,0.024,0.024,-1,Echolocation,/mnt/ubna_data_01_mir/recover-20220825/UBNA_002/20220823_033000.WAV,Telephone Field,recover-20220825,002,1795
330.7565,330.7663,24609,31189,Nyctalus leisleri,0.008,0.022,-1,Echolocation,/mnt/ubna_data_01_mir/recover-20220825/UBNA_002/20220823_033000.WAV,Telephone Field,recover-20220825,002,1795
330.7765,330.8146,68437,82293,Rhinolophus ferrumequinum,0.023,0.024,-1,Echolocation,/mnt/ubna_data_01_mir/recover-20220825/UBNA_002/20220823_033000.WAV,Telephone Field,recover-20220825,002,1795
330.7835,330.8233,68437,82787,Rhinolophus ferrumequinum,0.022,0.022,-1,Echolocation,/mnt/ubna_data_01_mir/recover-20220825/UBNA_002/20220823_033000.WAV,Telephone Field,recover-20220825,002,1795
330.8345,330.842,23750,32613,Plecotus austriacus,0.01,0.025,-1,Echolocation,/mnt/ubna_data_01_mir/recover-20220825/UBNA_002/20220823_033000.WAV,Telephone Field,recover-20220825,002,1795
330.8445,330.8814,68437,81741,Rhinolophus ferrumequinum,0.022,0.022,-1,Echolocation,/mnt/ubna_data_01_mir/recover-20220825/UBNA_002/20220823_033000.WAV,Telephone Field,recover-20220825,002,1795
330.8945,330.9348,68437,82878,Rhinolophus ferrumequinum,0.021,0.021,-1,Echolocation,/mnt/ubna_data_01_mir/recover-20220825/UBNA_002/20220823_033000.WAV,Telephone Field,recover-20220825,002,1795
330.9015,330.9417,68437,82169,Rhinolophus ferrumequinum,0.023,0.023,-1,Echolocation,/mnt/ubna_data_01_mir/recover-20220825/UBNA_002/20220823_033000.WAV,Telephone Field,recover-20220825,002,1795
330.9035,330.9142,24609,31253,Nyctalus leisleri,0.009,0.024,-1,Echolocation,/mnt/ubna_data_01_mir/recover-20220825/UBNA_002/20220823_033000.WAV,Telephone Field,recover-20220825,002,1795
330.9225,330.9318,27187,36499,Eptesicus serotinus,0.01,0.024,-1,Echolocation,/mnt/ubna_data_01_mir/recover-20220825/UBNA_002/20220823_033000.WAV,Telephone Field,recover-20220825,002,1795
330.9415,330.9822,68437,82690,Rhinolophus ferrumequinum,0.023,0.023,-1,Echolocation,/mnt/ubna_data_01_mir/recover-20220825/UBNA_002/20220823_033000.WAV,Telephone Field,recover-20220825,002,1795
330.9685,331.0106,68437,82906,Rhinolophus ferrumequinum,0.023,0.023,-1,Echolocation,/mnt/ubna_data_01_mir/recover-20220825/UBNA_002/20220823_033000.WAV,Telephone Field,recover-20220825,002,1795
330.9995,331.009,22890,29771,Nyctalus leisleri,0.007,0.023,-1,Echolocation,/mnt/ubna_data_01_mir/recover-20220825/UBNA_002/20220823_033000.WAV,Telephone Field,recover-20220825,002,1795
331.0395,331.0776,68437,81660,Rhinolophus ferrumequinum,0.022,0.022,-1,Echolocation,/mnt/ubna_data_01_mir/recover-20220825/UBNA_002/20220823_033000.WAV,Telephone Field,recover-20220825,002,1795
331.0575,331.0949,68437,82439,Rhinolophus ferrumequinum,0.032,0.032,-1,Echolocation,/mnt/ubna_data_01_mir/recover-20220825/UBNA_002/20220823_033000.WAV,Telephone Field,recover-20220825,002,1795
331.0725,331.0838,25468,32083,Eptesicus serotinus,0.01,0.026,-1,Echolocation,/mnt/ubna_data_01_mir/recover-20220825/UBNA_002/20220823_033000.WAV,Telephone Field,recover-20220825,002,1795
331.0735,331.1133,68437,82095,Rhinolophus ferrumequinum,0.022,0.022,-1,Echolocation,/mnt/ubna_data_01_mir/recover-20220825/UBNA_002/20220823_033000.WAV,Telephone Field,recover-20220825,002,1795
331.0985,331.1077,24609,31931,Eptesicus serotinus,0.007,0.022,-1,Echolocation,/mnt/ubna_data_01_mir/recover-20220825/UBNA_002/20220823_033000.WAV,Telephone Field,recover-20220825,002,1795
331.1255,331.1639,68437,81978,Rhinolophus ferrumequinum,0.023,0.023,-1,Echolocation,/mnt/ubna_data_01_mir/recover-20220825/UBNA_002/20220823_033000.WAV,Telephone Field,recover-20220825,002,1795
331.1725,331.2073,68437,80855,Rhinolophus ferrumequinum,0.028,0.028,-1,Echolocation,/mnt/ubna_data_01_mir/recover-20220825/UBNA_002/20220823_033000.WAV,Telephone Field,recover-20220825,002,1795
331.1755,331.1829,28046,40434,Eptesicus serotinus,0.006,0.022,-1,Echolocation,/mnt/ubna_data_01_mir/recover-20220825/UBNA_002/20220823_033000.WAV,Telephone Field,recover-20220825,002,1795
331.1825,331.2209,68437,82386,Rhinolophus ferrumequinum,0.022,0.022,-1,Echolocation,/mnt/ubna_data_01_mir/recover-20220825/UBNA_002/20220823_033000.WAV,Telephone Field,recover-20220825,002,1795
331.2435,331.2535,28906,36618,Eptesicus serotinus,0.009,0.022,-1,Echolocation,/mnt/ubna_data_01_mir/recover-20220825/UBNA_002/20220823_033000.WAV,Telephone Field,recover-20220825,002,1795
331.2585,331.2672,28046,38493,Eptesicus serotinus,0.009,0.025,-1,Echolocation,/mnt/ubna_data_01_mir/recover-20220825/UBNA_002/20220823_033000.WAV,Telephone Field,recover-20220825,002,1795
331.2715,331.3073,68437,82090,Rhinolophus ferrumequinum,0.022,0.022,-1,Echolocation,/mnt/ubna_data_01_mir/recover-20220825/UBNA_002/20220823_033000.WAV,Telephone Field,recover-20220825,002,1795
331.2945,331.306,24609,31072,Eptesicus serotinus,0.02,0.052,-1,Echolocation,/mnt/ubna_data_01_mir/recover-20220825/UBNA_002/20220823_033000.WAV,Telephone Field,recover-20220825,002,1795
331.3655,331.4031,68437,81069,Rhinolophus ferrumequinum,0.022,0.022,-1,Echolocation,/mnt/ubna_data_01_mir/recover-20220825/UBNA_002/20220823_033000.WAV,Telephone Field,recover-20220825,002,1795
331.4385,331.477,68437,82188,Rhinolophus ferrumequinum,0.021,0.021,-1,Echolocation,/mnt/ubna_data_01_mir/recover-20220825/UBNA_002/20220823_033000.WAV,Telephone Field,recover-20220825,002,1795
331.4655,331.4768,30625,37069,Eptesicus serotinus,0.034,0.061,-1,Echolocation,/mnt/ubna_data_01_mir/recover-20220825/UBNA_002/20220823_033000.WAV,Telephone Field,recover-20220825,002,1795
331.4665,331.5047,68437,81742,Rhinolophus ferrumequinum,0.022,0.022,-1,Echolocation,/mnt/ubna_data_01_mir/recover-20220825/UBNA_002/20220823_033000.WAV,Telephone Field,recover-20220825,002,1795
331.4945,331.5047,26328,34132,Eptesicus serotinus,0.012,0.027,-1,Echolocation,/mnt/ubna_data_01_mir/recover-20220825/UBNA_002/20220823_033000.WAV,Telephone Field,recover-20220825,002,1795
331.5185,331.5601,68437,82353,Rhinolophus ferrumequinum,0.024,0.024,-1,Echolocation,/mnt/ubna_data_01_mir/recover-20220825/UBNA_002/20220823_033000.WAV,Telephone Field,recover-20220825,002,1795
331.5215,331.5291,27187,40856,Eptesicus serotinus,0.008,0.025,-1,Echolocation,/mnt/ubna_data_01_mir/recover-20220825/UBNA_002/20220823_033000.WAV,Telephone Field,recover-20220825,002,1795
331.5455,331.5857,68437,83022,Rhinolophus ferrumequinum,0.023,0.023,-1,Echolocation,/mnt/ubna_data_01_mir/recover-20220825/UBNA_002/20220823_033000.WAV,Telephone Field,recover-20220825,002,1795
331.5605,331.5679,27187,37025,Eptesicus serotinus,0.007,0.024,-1,Echolocation,/mnt/ubna_data_01_mir/recover-20220825/UBNA_002/20220823_033000.WAV,Telephone Field,recover-20220825,002,1795
331.5645,331.6038,68437,82284,Rhinolophus ferrumequinum,0.021,0.021,-1,Echolocation,/mnt/ubna_data_01_mir/recover-20220825/UBNA_002/20220823_033000.WAV,Telephone Field,recover-20220825,002,1795
331.5735,331.6107,68437,81990,Rhinolophus ferrumequinum,0.023,0.023,-1,Echolocation,/mnt/ubna_data_01_mir/recover-20220825/UBNA_002/20220823_033000.WAV,Telephone Field,recover-20220825,002,1795
331.6355,331.6728,68437,81728,Rhinolophus ferrumequinum,0.057,0.057,-1,Echolocation,/mnt/ubna_data_01_mir/recover-20220825/UBNA_002/20220823_033000.WAV,Telephone Field,recover-20220825,002,1795
331.6685,331.7067,68437,82136,Rhinolophus ferrumequinum,0.022,0.022,-1,Echolocation,/mnt/ubna_data_01_mir/recover-20220825/UBNA_002/20220823_033000.WAV,Telephone Field,recover-20220825,002,1795
331.6845,331.7223,68437,82289,Rhinolophus ferrumequinum,0.022,0.022,-1,Echolocation,/mnt/ubna_data_01_mir/recover-20220825/UBNA_002/20220823_033000.WAV,Telephone Field,recover-20220825,002,1795
331.7045,331.7444,68437,82674,Rhinolophus ferrumequinum,0.03,0.03,-1,Echolocation,/mnt/ubna_data_01_mir/recover-20220825/UBNA_002/20220823_033000.WAV,Telephone Field,recover-20220825,002,1795
331.7075,331.7177,27187,36737,Eptesicus serotinus,0.011,0.026,-1,Echolocation,/mnt/ubna_data_01_mir/recover-20220825/UBNA_002/20220823_033000.WAV,Telephone Field,recover-20220825,002,1795
331.7155,331.7251,28046,37774,Eptesicus serotinus,0.008,0.023,-1,Echolocation,/mnt/ubna_data_01_mir/recover-20220825/UBNA_002/20220823_033000.WAV,Telephone Field,recover-20220825,002,1795
331.7245,331.7661,68437,82681,Rhinolophus ferrumequinum,0.023,0.023,-1,Echolocation,/mnt/ubna_data_01_mir/recover-20220825/UBNA_002/20220823_033000.WAV,Telephone Field,recover-20220825,002,1795
331.7715,331.8108,68437,82170,Rhinolophus ferrumequinum,0.022,0.022,-1,Echolocation,/mnt/ubna_data_01_mir/recover-20220825/UBNA_002/20220823_033000.WAV,Telephone Field,recover-20220825,002,1795
331.7875,331.8259,68437,82256,Rhinolophus ferrumequinum,0.023,0.023,-1,Echolocation,/mnt/ubna_data_01_mir/recover-20220825/UBNA_002/20220823_033000.WAV,Telephone Field,recover-20220825,002,1795
331.7945,331.8035,26328,34524,Eptesicus serotinus,0.008,0.026,-1,Echolocation,/mnt/ubna_data_01_mir/recover-20220825/UBNA_002/20220823_033000.WAV,Telephone Field,recover-20220825,002,1795
331.8505,331.8952,68437,84040,Rhinolophus ferrumequinum,0.047,0.047,-1,Echolocation,/mnt/ubna_data_01_mir/recover-20220825/UBNA_002/20220823_033000.WAV,Telephone Field,recover-20220825,002,1795
331.8745,331.8833,28046,37147,Eptesicus serotinus,0.009,0.025,-1,Echolocation,/mnt/ubna_data_01_mir/recover-20220825/UBNA_002/20220823_033000.WAV,Telephone Field,recover-20220825,002,1795
331.8995,331.9408,68437,82282,Rhinolophus ferrumequinum,0.025,0.025,-1,Echolocation,/mnt/ubna_data_01_mir/recover-20220825/UBNA_002/20220823_033000.WAV,Telephone Field,recover-20220825,002,1795
331.9395,331.9794,68437,82281,Rhinolophus ferrumequinum,0.021,0.021,-1,Echolocation,/mnt/ubna_data_01_mir/recover-20220825/UBNA_002/20220823_033000.WAV,Telephone Field,recover-20220825,002,1795
331.9505,331.9914,68437,82498,Rhinolophus ferrumequinum,0.022,0.022,-1,Echolocation,/mnt/ubna_data_01_mir/recover-20220825/UBNA_002/20220823_033000.WAV,Telephone Field,recover-20220825,002,1795
332.0015,332.0382,68437,80564,Rhinolophus ferrumequinum,0.035,0.035,-1,Echolocation,/mnt/ubna_data_01_mir/recover-20220825/UBNA_002/20220823_033000.WAV,Telephone Field,recover-20220825,002,1795
332.0015,332.0123,57265,62561,Pipistrellus pygmaeus,0.034,0.035,-1,Echolocation,/mnt/ubna_data_01_mir/recover-20220825/UBNA_002/20220823_033000.WAV,Telephone Field,recover-20220825,002,1795
332.0015,332.0123,25468,32139,Nyctalus leisleri,0.017,0.041,-1,Echolocation,/mnt/ubna_data_01_mir/recover-20220825/UBNA_002/20220823_033000.WAV,Telephone Field,recover-20220825,002,1795
332.0085,332.0537,68437,82893,Rhinolophus ferrumequinum,0.03,0.03,-1,Echolocation,/mnt/ubna_data_01_mir/recover-20220825/UBNA_002/20220823_033000.WAV,Telephone Field,recover-20220825,002,1795
332.0135,332.0193,37500,59248,Myotis brandtii,0.01,0.025,-1,Echolocation,/mnt/ubna_data_01_mir/recover-20220825/UBNA_002/20220823_033000.WAV,Telephone Field,recover-20220825,002,1795
332.0315,332.0722,68437,82729,Rhinolophus ferrumequinum,0.023,0.023,-1,Echolocation,/mnt/ubna_data_01_mir/recover-20220825/UBNA_002/20220823_033000.WAV,Telephone Field,recover-20220825,002,1795
332.0485,332.0863,68437,81536,Rhinolophus ferrumequinum,0.022,0.023,-1,Echolocation,/mnt/ubna_data_01_mir/recover-20220825/UBNA_002/20220823_033000.WAV,Telephone Field,recover-20220825,002,1795
332.0495,332.0552,38359,57959,Myotis brandtii,0.011,0.025,-1,Echolocation,/mnt/ubna_data_01_mir/recover-20220825/UBNA_002/20220823_033000.WAV,Telephone Field,recover-20220825,002,1795
332.0815,332.0912,25468,32878,Eptesicus serotinus,0.013,0.03,-1,Echolocation,/mnt/ubna_data_01_mir/recover-20220825/UBNA_002/20220823_033000.WAV,Telephone Field,recover-20220825,002,1795
332.1225,332.1631,68437,82644,Rhinolophus ferrumequinum,0.025,0.025,-1,Echolocation,/mnt/ubna_data_01_mir/recover-20220825/UBNA_002/20220823_033000.WAV,Telephone Field,recover-20220825,002,1795
332.1255,332.1328,27187,39201,Eptesicus serotinus,0.007,0.026,-1,Echolocation,/mnt/ubna_data_01_mir/recover-20220825/UBNA_002/20220823_033000.WAV,Telephone Field,recover-20220825,002,1795
332.1355,332.1481,22890,27637,Nyctalus leisleri,0.018,0.033,-1,Echolocation,/mnt/ubna_data_01_mir/recover-20220825/UBNA_002/20220823_033000.WAV,Telephone Field,recover-20220825,002,1795
332.1365,332.1773,68437,81886,Rhinolophus ferrumequinum,0.027,0.027,-1,Echolocation,/mnt/ubna_data_01_mir/recover-20220825/UBNA_002/20220823_033000.WAV,Telephone Field,recover-20220825,002,1795
332.1685,332.1782,25468,34262,Eptesicus serotinus,0.009,0.026,-1,Echolocation,/mnt/ubna_data_01_mir/recover-20220825/UBNA_002/20220823_033000.WAV,Telephone Field,recover-20220825,002,1795
332.2185,332.2309,22890,27490,Nyctalus leisleri,0.015,0.027,-1,Echolocation,/mnt/ubna_data_01_mir/recover-20220825/UBNA_002/20220823_033000.WAV,Telephone Field,recover-20220825,002,1795
332.2205,332.2579,68437,81920,Rhinolophus ferrumequinum,0.023,0.023,-1,Echolocation,/mnt/ubna_data_01_mir/recover-20220825/UBNA_002/20220823_033000.WAV,Telephone Field,recover-20220825,002,1795
332.2425,332.279,68437,81450,Rhinolophus ferrumequinum,0.023,0.023,-1,Echolocation,/mnt/ubna_data_01_mir/recover-20220825/UBNA_002/20220823_033000.WAV,Telephone Field,recover-20220825,002,1795
332.2515,332.2588,27187,37542,Eptesicus serotinus,0.007,0.024,-1,Echolocation,/mnt/ubna_data_01_mir/recover-20220825/UBNA_002/20220823_033000.WAV,Telephone Field,recover-20220825,002,1795
332.2805,332.3188,68437,82276,Rhinolophus ferrumequinum,0.023,0.023,-1,Echolocation,/mnt/ubna_data_01_mir/recover-20220825/UBNA_002/20220823_033000.WAV,Telephone Field,recover-20220825,002,1795
332.2985,332.3061,27187,38220,Eptesicus serotinus,0.008,0.023,-1,Echolocation,/mnt/ubna_data_01_mir/recover-20220825/UBNA_002/20220823_033000.WAV,Telephone Field,recover-20220825,002,1795
332.3175,332.3568,68437,81996,Rhinolophus ferrumequinum,0.023,0.023,-1,Echolocation,/mnt/ubna_data_01_mir/recover-20220825/UBNA_002/20220823_033000.WAV,Telephone Field,recover-20220825,002,1795
332.3655,332.4051,68437,82485,Rhinolophus ferrumequinum,0.023,0.023,-1,Echolocation,/mnt/ubna_data_01_mir/recover-20220825/UBNA_002/20220823_033000.WAV,Telephone Field,recover-20220825,002,1795
332.3785,332.3882,57265,63114,Pipistrellus pygmaeus,0.024,0.025,-1,Echolocation,/mnt/ubna_data_01_mir/recover-20220825/UBNA_002/20220823_033000.WAV,Telephone Field,recover-20220825,002,1795
332.4065,332.4249,20312,24060,Nyctalus noctula,0.019,0.039,-1,Echolocation,/mnt/ubna_data_01_mir/recover-20220825/UBNA_002/20220823_033000.WAV,Telephone Field,recover-20220825,002,1795
332.4295,332.468,68437,82158,Rhinolophus ferrumequinum,0.023,0.023,-1,Echolocation,/mnt/ubna_data_01_mir/recover-20220825/UBNA_002/20220823_033000.WAV,Telephone Field,recover-20220825,002,1795
332.4315,332.4375,28046,38052,Eptesicus serotinus,0.01,0.039,-1,Echolocation,/mnt/ubna_data_01_mir/recover-20220825/UBNA_002/20220823_033000.WAV,Telephone Field,recover-20220825,002,1795
332.4395,332.4496,37500,42705,Pipistrellus nathusii,0.02,0.041,-1,Echolocation,/mnt/ubna_data_01_mir/recover-20220825/UBNA_002/20220823_033000.WAV,Telephone Field,recover-20220825,002,1795
332.4795,332.5194,68437,82212,Rhinolophus ferrumequinum,0.031,0.031,-1,Echolocation,/mnt/ubna_data_01_mir/recover-20220825/UBNA_002/20220823_033000.WAV,Telephone Field,recover-20220825,002,1795
332.4865,332.4976,42656,47636,Pipistrellus nathusii,0.045,0.072,-1,Echolocation,/mnt/ubna_data_01_mir/recover-20220825/UBNA_002/20220823_033000.WAV,Telephone Field,recover-20220825,002,1795
332.5115,332.5192,27187,39921,Eptesicus serotinus,0.008,0.023,-1,Echolocation,/mnt/ubna_data_01_mir/recover-20220825/UBNA_002/20220823_033000.WAV,Telephone Field,recover-20220825,002,1795
332.5255,332.5624,68437,82289,Rhinolophus ferrumequinum,0.023,0.024,-1,Echolocation,/mnt/ubna_data_01_mir/recover-20220825/UBNA_002/20220823_033000.WAV,Telephone Field,recover-20220825,002,1795
332.5395,332.5472,27187,38748,Eptesicus serotinus,0.008,0.025,-1,Echolocation,/mnt/ubna_data_01_mir/recover-20220825/UBNA_002/20220823_033000.WAV,Telephone Field,recover-20220825,002,1795
332.5585,332.5682,26328,35260,Eptesicus serotinus,0.011,0.029,-1,Echolocation,/mnt/ubna_data_01_mir/recover-20220825/UBNA_002/20220823_033000.WAV,Telephone Field,recover-20220825,002,1795
332.5775,332.6193,68437,82746,Rhinolophus ferrumequinum,0.03,0.03,-1,Echolocation,/mnt/ubna_data_01_mir/recover-20220825/UBNA_002/20220823_033000.WAV,Telephone Field,recover-20220825,002,1795
332.6025,332.644,68437,83461,Rhinolophus ferrumequinum,0.033,0.033,-1,Echolocation,/mnt/ubna_data_01_mir/recover-20220825/UBNA_002/20220823_033000.WAV,Telephone Field,recover-20220825,002,1795
332.6315,332.6732,68437,82508,Rhinolophus ferrumequinum,0.023,0.023,-1,Echolocation,/mnt/ubna_data_01_mir/recover-20220825/UBNA_002/20220823_033000.WAV,Telephone Field,recover-20220825,002,1795
332.6375,332.6775,68437,82358,Rhinolophus ferrumequinum,0.022,0.022,-1,Echolocation,/mnt/ubna_data_01_mir/recover-20220825/UBNA_002/20220823_033000.WAV,Telephone Field,recover-20220825,002,1795
332.6625,332.7034,68437,82793,Rhinolophus ferrumequinum,0.028,0.028,-1,Echolocation,/mnt/ubna_data_01_mir/recover-20220825/UBNA_002/20220823_033000.WAV,Telephone Field,recover-20220825,002,1795
332.6905,332.6978,28046,37529,Eptesicus serotinus,0.009,0.028,-1,Echolocation,/mnt/ubna_data_01_mir/recover-20220825/UBNA_002/20220823_033000.WAV,Telephone Field,recover-20220825,002,1795
332.6985,332.7379,68437,82519,Rhinolophus ferrumequinum,0.024,0.024,-1,Echolocation,/mnt/ubna_data_01_mir/recover-20220825/UBNA_002/20220823_033000.WAV,Telephone Field,recover-20220825,002,1795
332.7355,332.7465,23750,29783,Nyctalus leisleri,0.009,0.023,-1,Echolocation,/mnt/ubna_data_01_mir/recover-20220825/UBNA_002/20220823_033000.WAV,Telephone Field,recover-20220825,002,1795
332.7405,332.7776,68437,80743,Rhinolophus ferrumequinum,0.027,0.027,-1,Echolocation,/mnt/ubna_data_01_mir/recover-20220825/UBNA_002/20220823_033000.WAV,Telephone Field,recover-20220825,002,1795
332.7485,332.7842,68437,80634,Rhinolophus ferrumequinum,0.027,0.028,-1,Echolocation,/mnt/ubna_data_01_mir/recover-20220825/UBNA_002/20220823_033000.WAV,Telephone Field,recover-20220825,002,1795
332.7645,332.8023,68437,82374,Rhinolophus ferrumequinum,0.024,0.024,-1,Echolocation,/mnt/ubna_data_01_mir/recover-20220825/UBNA_002/20220823_033000.WAV,Telephone Field,recover-20220825,002,1795
332.7665,332.774,27187,38150,Eptesicus serotinus,0.008,0.025,-1,Echolocation,/mnt/ubna_data_01_mir/recover-20220825/UBNA_002/20220823_033000.WAV,Telephone Field,recover-20220825,002,1795
332.7975,332.8176,19453,21890,Nyctalus leisleri,0.015,0.028,-1,Echolocation,/mnt/ubna_data_01_mir/recover-20220825/UBNA_002/20220823_033000.WAV,Telephone Field,recover-20220825,002,1795
332.8085,332.816,27187,36163,Eptesicus serotinus,0.008,0.025,-1,Echolocation,/mnt/ubna_data_01_mir/recover-20220825/UBNA_002/20220823_033000.WAV,Telephone Field,recover-20220825,002,1795
332.8525,332.8912,68437,82385,Rhinolophus ferrumequinum,0.022,0.023,-1,Echolocation,/mnt/ubna_data_01_mir/recover-20220825/UBNA_002/20220823_033000.WAV,Telephone Field,recover-20220825,002,1795
332.8625,332.87,27187,37775,Eptesicus serotinus,0.007,0.023,-1,Echolocation,/mnt/ubna_data_01_mir/recover-20220825/UBNA_002/20220823_033000.WAV,Telephone Field,recover-20220825,002,1795
332.8905,332.9301,68437,82322,Rhinolophus ferrumequinum,0.023,0.023,-1,Echolocation,/mnt/ubna_data_01_mir/recover-20220825/UBNA_002/20220823_033000.WAV,Telephone Field,recover-20220825,002,1795
332.9205,332.958,68437,81889,Rhinolophus ferrumequinum,0.031,0.031,-1,Echolocation,/mnt/ubna_data_01_mir/recover-20220825/UBNA_002/20220823_033000.WAV,Telephone Field,recover-20220825,002,1795
332.9205,332.9288,22890,31281,Plecotus austriacus,0.016,0.041,-1,Echolocation,/mnt/ubna_data_01_mir/recover-20220825/UBNA_002/20220823_033000.WAV,Telephone Field,recover-20220825,002,1795
332.9385,332.9495,28046,35213,Eptesicus serotinus,0.013,0.026,-1,Echolocation,/mnt/ubna_data_01_mir/recover-20220825/UBNA_002/20220823_033000.WAV,Telephone Field,recover-20220825,002,1795
332.9435,332.9519,27187,36218,Eptesicus serotinus,0.009,0.026,-1,Echolocation,/mnt/ubna_data_01_mir/recover-20220825/UBNA_002/20220823_033000.WAV,Telephone Field,recover-20220825,002,1795
332.9455,332.9828,68437,82456,Rhinolophus ferrumequinum,0.024,0.025,-1,Echolocation,/mnt/ubna_data_01_mir/recover-20220825/UBNA_002/20220823_033000.WAV,Telephone Field,recover-20220825,002,1795
332.9835,333.0246,68437,83131,Rhinolophus ferrumequinum,0.026,0.026,-1,Echolocation,/mnt/ubna_data_01_mir/recover-20220825/UBNA_002/20220823_033000.WAV,Telephone Field,recover-20220825,002,1795
333.0075,333.0482,68437,82496,Rhinolophus ferrumequinum,0.024,0.024,-1,Echolocation,/mnt/ubna_data_01_mir/recover-20220825/UBNA_002/20220823_033000.WAV,Telephone Field,recover-20220825,002,1795
333.0205,333.0313,50390,54541,Pipistrellus pipistrellus,0.025,0.032,-1,Echolocation,/mnt/ubna_data_01_mir/recover-20220825/UBNA_002/20220823_033000.WAV,Telephone Field,recover-20220825,002,1795
333.0265,333.0357,27187,36091,Eptesicus serotinus,0.01,0.027,-1,Echolocation,/mnt/ubna_data_01_mir/recover-20220825/UBNA_002/20220823_033000.WAV,Telephone Field,recover-20220825,002,1795
333.0445,333.0846,68437,82683,Rhinolophus ferrumequinum,0.025,0.025,-1,Echolocation,/mnt/ubna_data_01_mir/recover-20220825/UBNA_002/20220823_033000.WAV,Telephone Field,recover-20220825,002,1795
333.0795,333.0868,27187,41248,Eptesicus serotinus,0.007,0.023,-1,Echolocation,/mnt/ubna_data_01_mir/recover-20220825/UBNA_002/20220823_033000.WAV,Telephone Field,recover-20220825,002,1795
333.0985,333.1414,68437,82841,Rhinolophus ferrumequinum,0.031,0.031,-1,Echolocation,/mnt/ubna_data_01_mir/recover-20220825/UBNA_002/20220823_033000.WAV,Telephone Field,recover-20220825,002,1795
333.1165,333.1265,28046,35912,Eptesicus serotinus,0.01,0.025,-1,Echolocation,/mnt/ubna_data_01_mir/recover-20220825/UBNA_002/20220823_033000.WAV,Telephone Field,recover-20220825,002,1795
333.1175,333.1577,68437,82567,Rhinolophus ferrumequinum,0.029,0.029,-1,Echolocation,/mnt/ubna_data_01_mir/recover-20220825/UBNA_002/20220823_033000.WAV,Telephone Field,recover-20220825,002,1795
333.1275,333.1338,57265,64036,Pipistrellus pygmaeus,0.023,0.023,-1,Echolocation,/mnt/ubna_data_01_mir/recover-20220825/UBNA_002/20220823_033000.WAV,Telephone Field,recover-20220825,002,1795
333.1305,333.1387,27187,36897,Eptesicus serotinus,0.008,0.023,-1,Echolocation,/mnt/ubna_data_01_mir/recover-20220825/UBNA_002/20220823_033000.WAV,Telephone Field,recover-20220825,002,1795
333.1915,333.2005,39218,44107,Barbastellus barbastellus,0.023,0.055,-1,Echolocation,/mnt/ubna_data_01_mir/recover-20220825/UBNA_002/20220823_033000.WAV,Telephone Field,recover-20220825,002,1795
333.2105,333.2195,28046,36482,Eptesicus serotinus,0.008,0.023,-1,Echolocation,/mnt/ubna_data_01_mir/recover-20220825/UBNA_002/20220823_033000.WAV,Telephone Field,recover-20220825,002,1795
333.2335,333.2431,46953,51135,Pipistrellus pipistrellus,0.023,0.028,-1,Echolocation,/mnt/ubna_data_01_mir/recover-20220825/UBNA_002/20220823_033000.WAV,Telephone Field,recover-20220825,002,1795
333.2365,333.2442,27187,40070,Eptesicus serotinus,0.01,0.03,-1,Echolocation,/mnt/ubna_data_01_mir/recover-20220825/UBNA_002/20220823_033000.WAV,Telephone Field,recover-20220825,002,1795
333.2525,333.269,22031,26319,Nyctalus leisleri,0.011,0.023,-1,Echolocation,/mnt/ubna_data_01_mir/recover-20220825/UBNA_002/20220823_033000.WAV,Telephone Field,recover-20220825,002,1795
333.2545,333.2962,68437,82954,Rhinolophus ferrumequinum,0.031,0.031,-1,Echolocation,/mnt/ubna_data_01_mir/recover-20220825/UBNA_002/20220823_033000.WAV,Telephone Field,recover-20220825,002,1795
333.2815,333.3183,68437,81567,Rhinolophus ferrumequinum,0.023,0.023,-1,Echolocation,/mnt/ubna_data_01_mir/recover-20220825/UBNA_002/20220823_033000.WAV,Telephone Field,recover-20220825,002,1795
333.2855,333.2962,27187,34596,Eptesicus serotinus,0.02,0.036,-1,Echolocation,/mnt/ubna_data_01_mir/recover-20220825/UBNA_002/20220823_033000.WAV,Telephone Field,recover-20220825,002,1795
333.2925,333.3283,68437,81660,Rhinolophus ferrumequinum,0.022,0.022,-1,Echolocation,/mnt/ubna_data_01_mir/recover-20220825/UBNA_002/20220823_033000.WAV,Telephone Field,recover-20220825,002,1795
333.2945,333.3007,49531,55886,Pipistrellus pipistrellus,0.028,0.03,-1,Echolocation,/mnt/ubna_data_01_mir/recover-20220825/UBNA_002/20220823_033000.WAV,Telephone Field,recover-20220825,002,1795
333.3125,333.3224,27187,35004,Eptesicus serotinus,0.009,0.023,-1,Echolocation,/mnt/ubna_data_01_mir/recover-20220825/UBNA_002/20220823_033000.WAV,Telephone Field,recover-20220825,002,1795
333.3395,333.3765,68437,81855,Rhinolophus ferrumequinum,0.025,0.025,-1,Echolocation,/mnt/ubna_data_01_mir/recover-20220825/UBNA_002/20220823_033000.WAV,Telephone Field,recover-20220825,002,1795
333.3475,333.3611,28046,33557,Eptesicus serotinus,0.028,0.046,-1,Echolocation,/mnt/ubna_data_01_mir/recover-20220825/UBNA_002/20220823_033000.WAV,Telephone Field,recover-20220825,002,1795
333.3775,333.3839,40078,46821,Pipistrellus nathusii,0.209,0.414,-1,Echolocation,/mnt/ubna_data_01_mir/recover-20220825/UBNA_002/20220823_033000.WAV,Telephone Field,recover-20220825,002,1795
333.3965,333.4088,22890,27117,Nyctalus leisleri,0.013,0.024,-1,Echolocation,/mnt/ubna_data_01_mir/recover-20220825/UBNA_002/20220823_033000.WAV,Telephone Field,recover-20220825,002,1795
333.4005,333.443,68437,82901,Rhinolophus ferrumequinum,0.028,0.028,-1,Echolocation,/mnt/ubna_data_01_mir/recover-20220825/UBNA_002/20220823_033000.WAV,Telephone Field,recover-20220825,002,1795
333.4165,333.455,68437,82565,Rhinolophus ferrumequinum,0.026,0.026,-1,Echolocation,/mnt/ubna_data_01_mir/recover-20220825/UBNA_002/20220823_033000.WAV,Telephone Field,recover-20220825,002,1795
333.4315,333.4399,31484,39275,Barbastellus barbastellus,0.021,0.05,-1,Echolocation,/mnt/ubna_data_01_mir/recover-20220825/UBNA_002/20220823_033000.WAV,Telephone Field,recover-20220825,002,1795
333.4725,333.5136,68437,82552,Rhinolophus ferrumequinum,0.026,0.026,-1,Echolocation,/mnt/ubna_data_01_mir/recover-20220825/UBNA_002/20220823_033000.WAV,Telephone Field,recover-20220825,002,1795
333.4745,333.4799,39218,49077,Barbastellus barbastellus,0.096,0.243,-1,Echolocation,/mnt/ubna_data_01_mir/recover-20220825/UBNA_002/20220823_033000.WAV,Telephone Field,recover-20220825,002,1795
333.4825,333.5231,68437,82354,Rhinolophus ferrumequinum,0.029,0.029,-1,Echolocation,/mnt/ubna_data_01_mir/recover-20220825/UBNA_002/20220823_033000.WAV,Telephone Field,recover-20220825,002,1795
333.5485,333.5904,68437,82467,Rhinolophus ferrumequinum,0.026,0.026,-1,Echolocation,/mnt/ubna_data_01_mir/recover-20220825/UBNA_002/20220823_033000.WAV,Telephone Field,recover-20220825,002,1795
333.5555,333.5629,28046,36791,Eptesicus serotinus,0.007,0.023,-1,Echolocation,/mnt/ubna_data_01_mir/recover-20220825/UBNA_002/20220823_033000.WAV,Telephone Field,recover-20220825,002,1795
333.5655,333.5721,38359,46067,Barbastellus barbastellus,0.133,0.358,-1,Echolocation,/mnt/ubna_data_01_mir/recover-20220825/UBNA_002/20220823_033000.WAV,Telephone Field,recover-20220825,002,1795
333.6135,333.6512,68437,82088,Rhinolophus ferrumequinum,0.022,0.022,-1,Echolocation,/mnt/ubna_data_01_mir/recover-20220825/UBNA_002/20220823_033000.WAV,Telephone Field,recover-20220825,002,1795
333.6555,333.6624,38359,47425,Barbastellus barbastellus,0.12,0.342,-1,Echolocation,/mnt/ubna_data_01_mir/recover-20220825/UBNA_002/20220823_033000.WAV,Telephone Field,recover-20220825,002,1795
333.6935,333.7008,27187,36336,Eptesicus serotinus,0.008,0.023,-1,Echolocation,/mnt/ubna_data_01_mir/recover-20220825/UBNA_002/20220823_033000.WAV,Telephone Field,recover-20220825,002,1795
333.7065,333.7453,68437,82205,Rhinolophus ferrumequinum,0.022,0.022,-1,Echolocation,/mnt/ubna_data_01_mir/recover-20220825/UBNA_002/20220823_033000.WAV,Telephone Field,recover-20220825,002,1795
333.7215,333.731,27187,35115,Eptesicus serotinus,0.009,0.023,-1,Echolocation,/mnt/ubna_data_01_mir/recover-20220825/UBNA_002/20220823_033000.WAV,Telephone Field,recover-20220825,002,1795
333.7235,333.762,68437,81810,Rhinolophus ferrumequinum,0.024,0.024,-1,Echolocation,/mnt/ubna_data_01_mir/recover-20220825/UBNA_002/20220823_033000.WAV,Telephone Field,recover-20220825,002,1795
333.7385,333.7795,68437,82700,Rhinolophus ferrumequinum,0.034,0.034,-1,Echolocation,/mnt/ubna_data_01_mir/recover-20220825/UBNA_002/20220823_033000.WAV,Telephone Field,recover-20220825,002,1795
333.7445,333.7509,40078,49758,Pipistrellus nathusii,0.225,0.438,-1,Echolocation,/mnt/ubna_data_01_mir/recover-20220825/UBNA_002/20220823_033000.WAV,Telephone Field,recover-20220825,002,1795
333.7575,333.7957,68437,81927,Rhinolophus ferrumequinum,0.022,0.022,-1,Echolocation,/mnt/ubna_data_01_mir/recover-20220825/UBNA_002/20220823_033000.WAV,Telephone Field,recover-20220825,002,1795
333.7755,333.8145,68437,82652,Rhinolophus ferrumequinum,0.024,0.024,-1,Echolocation,/mnt/ubna_data_01_mir/recover-20220825/UBNA_002/20220823_033000.WAV,Telephone Field,recover-20220825,002,1795
333.8145,333.8251,23750,29277,Nyctalus leisleri,0.009,0.022,-1,Echolocation,/mnt/ubna_data_01_mir/recover-20220825/UBNA_002/20220823_033000.WAV,Telephone Field,recover-20220825,002,1795
333.8365,333.8433,38359,45726,Barbastellus barbastellus,0.091,0.292,-1,Echolocation,/mnt/ubna_data_01_mir/recover-20220825/UBNA_002/20220823_033000.WAV,Telephone Field,recover-20220825,002,1795
333.8405,333.8794,68437,81604,Rhinolophus ferrumequinum,0.022,0.022,-1,Echolocation,/mnt/ubna_data_01_mir/recover-20220825/UBNA_002/20220823_033000.WAV,Telephone Field,recover-20220825,002,1795
333.8705,333.9101,68437,82803,Rhinolophus ferrumequinum,0.026,0.026,-1,Echolocation,/mnt/ubna_data_01_mir/recover-20220825/UBNA_002/20220823_033000.WAV,Telephone Field,recover-20220825,002,1795
333.8705,333.8791,28046,37291,Eptesicus serotinus,0.008,0.023,-1,Echolocation,/mnt/ubna_data_01_mir/recover-20220825/UBNA_002/20220823_033000.WAV,Telephone Field,recover-20220825,002,1795
333.8805,333.9187,68437,81521,Rhinolophus ferrumequinum,0.023,0.023,-1,Echolocation,/mnt/ubna_data_01_mir/recover-20220825/UBNA_002/20220823_033000.WAV,Telephone Field,recover-20220825,002,1795
333.9115,333.9209,28906,35138,Eptesicus serotinus,0.018,0.039,-1,Echolocation,/mnt/ubna_data_01_mir/recover-20220825/UBNA_002/20220823_033000.WAV,Telephone Field,recover-20220825,002,1795
333.9195,333.9294,51250,56673,Pipistrellus pipistrellus,0.016,0.027,-1,Echolocation,/mnt/ubna_data_01_mir/recover-20220825/UBNA_002/20220823_033000.WAV,Telephone Field,recover-20220825,002,1795
333.9255,333.9307,39218,52545,Pipistrellus nathusii,0.26,0.435,-1,Echolocation,/mnt/ubna_data_01_mir/recover-20220825/UBNA_002/20220823_033000.WAV,Telephone Field,recover-20220825,002,1795
334.0015,334.0091,25468,34744,Nyctalus leisleri,0.006,0.026,-1,Echolocation,/mnt/ubna_data_01_mir/recover-20220825/UBNA_002/20220823_033000.WAV,Telephone Field,recover-20220825,002,1795
334.0015,334.0121,31484,37792,Pipistrellus nathusii,0.007,0.027,-1,Echolocation,/mnt/ubna_data_01_mir/recover-20220825/UBNA_002/20220823_033000.WAV,Telephone Field,recover-20220825,002,1795
334.0015,334.0326,68437,80651,Rhinolophus ferrumequinum,0.062,0.063,-1,Echolocation,/mnt/ubna_data_01_mir/recover-20220825/UBNA_002/20220823_033000.WAV,Telephone Field,recover-20220825,002,1795
334.0015,334.0092,46093,54817,Pipistrellus pipistrellus,0.013,0.023,-1,Echolocation,/mnt/ubna_data_01_mir/recover-20220825/UBNA_002/20220823_033000.WAV,Telephone Field,recover-20220825,002,1795
334.0105,334.0501,68437,82568,Rhinolophus ferrumequinum,0.026,0.026,-1,Echolocation,/mnt/ubna_data_01_mir/recover-20220825/UBNA_002/20220823_033000.WAV,Telephone Field,recover-20220825,002,1795
334.0195,334.0255,37500,49922,Pipistrellus nathusii,0.173,0.46,-1,Echolocation,/mnt/ubna_data_01_mir/recover-20220825/UBNA_002/20220823_033000.WAV,Telephone Field,recover-20220825,002,1795
334.0295,334.0351,26328,37749,Myotis daubentonii,0.007,0.027,-1,Echolocation,/mnt/ubna_data_01_mir/recover-20220825/UBNA_002/20220823_033000.WAV,Telephone Field,recover-20220825,002,1795
334.0315,334.0679,68437,81270,Rhinolophus ferrumequinum,0.022,0.022,-1,Echolocation,/mnt/ubna_data_01_mir/recover-20220825/UBNA_002/20220823_033000.WAV,Telephone Field,recover-20220825,002,1795
334.0765,334.084,27187,41320,Eptesicus serotinus,0.007,0.024,-1,Echolocation,/mnt/ubna_data_01_mir/recover-20220825/UBNA_002/20220823_033000.WAV,Telephone Field,recover-20220825,002,1795
334.0795,334.0889,37500,44348,Pipistrellus nathusii,0.012,0.027,-1,Echolocation,/mnt/ubna_data_01_mir/recover-20220825/UBNA_002/20220823_033000.WAV,Telephone Field,recover-20220825,002,1795
334.0895,334.0966,57265,62351,Pipistrellus pygmaeus,0.023,0.023,-1,Echolocation,/mnt/ubna_data_01_mir/recover-20220825/UBNA_002/20220823_033000.WAV,Telephone Field,recover-20220825,002,1795
334.1065,334.1119,37500,53426,Myotis daubentonii,0.173,0.456,-1,Echolocation,/mnt/ubna_data_01_mir/recover-20220825/UBNA_002/20220823_033000.WAV,Telephone Field,recover-20220825,002,1795
334.1145,334.1209,26328,35357,Eptesicus serotinus,0.006,0.025,-1,Echolocation,/mnt/ubna_data_01_mir/recover-20220825/UBNA_002/20220823_033000.WAV,Telephone Field,recover-20220825,002,1795
334.1205,334.1583,68437,81208,Rhinolophus ferrumequinum,0.025,0.026,-1,Echolocation,/mnt/ubna_data_01_mir/recover-20220825/UBNA_002/20220823_033000.WAV,Telephone Field,recover-20220825,002,1795
334.1225,334.1322,27187,34502,Eptesicus serotinus,0.01,0.027,-1,Echolocation,/mnt/ubna_data_01_mir/recover-20220825/UBNA_002/20220823_033000.WAV,Telephone Field,recover-20220825,002,1795
334.1555,334.19,68437,81029,Rhinolophus ferrumequinum,0.022,0.022,-1,Echolocation,/mnt/ubna_data_01_mir/recover-20220825/UBNA_002/20220823_033000.WAV,Telephone Field,recover-20220825,002,1795
334.1755,334.1827,28046,37154,Eptesicus serotinus,0.007,0.025,-1,Echolocation,/mnt/ubna_data_01_mir/recover-20220825/UBNA_002/20220823_033000.WAV,Telephone Field,recover-20220825,002,1795
334.1935,334.1985,34921,55166,Myotis brandtii,0.218,0.418,-1,Echolocation,/mnt/ubna_data_01_mir/recover-20220825/UBNA_002/20220823_033000.WAV,Telephone Field,recover-20220825,002,1795
334.2015,334.2077,29765,40485,Myotis daubentonii,0.013,0.023,-1,Echolocation,/mnt/ubna_data_01_mir/recover-20220825/UBNA_002/20220823_033000.WAV,Telephone Field,recover-20220825,002,1795
334.2055,334.242,68437,82002,Rhinolophus ferrumequinum,0.023,0.023,-1,Echolocation,/mnt/ubna_data_01_mir/recover-20220825/UBNA_002/20220823_033000.WAV,Telephone Field,recover-20220825,002,1795
334.2405,334.2777,68437,82105,Rhinolophus ferrumequinum,0.023,0.023,-1,Echolocation,/mnt/ubna_data_01_mir/recover-20220825/UBNA_002/20220823_033000.WAV,Telephone Field,recover-20220825,002,1795
334.2615,334.2987,68437,82526,Rhinolophus ferrumequinum,0.028,0.028,-1,Echolocation,/mnt/ubna_data_01_mir/recover-20220825/UBNA_002/20220823_033000.WAV,Telephone Field,recover-20220825,002,1795
334.2615,334.2719,40937,46616,Pipistrellus nathusii,0.025,0.036,-1,Echolocation,/mnt/ubna_data_01_mir/recover-20220825/UBNA_002/20220823_033000.WAV,Telephone Field,recover-20220825,002,1795
334.2695,334.2773,27187,36541,Eptesicus serotinus,0.007,0.022,-1,Echolocation,/mnt/ubna_data_01_mir/recover-20220825/UBNA_002/20220823_033000.WAV,Telephone Field,recover-20220825,002,1795
334.2995,334.3389,68437,82703,Rhinolophus ferrumequinum,0.027,0.027,-1,Echolocation,/mnt/ubna_data_01_mir/recover-20220825/UBNA_002/20220823_033000.WAV,Telephone Field,recover-20220825,002,1795
334.3415,334.3492,27187,37435,Eptesicus serotinus,0.007,0.021,-1,Echolocation,/mnt/ubna_data_01_mir/recover-20220825/UBNA_002/20220823_033000.WAV,Telephone Field,recover-20220825,002,1795
334.3425,334.378,68437,81516,Rhinolophus ferrumequinum,0.022,0.022,-1,Echolocation,/mnt/ubna_data_01_mir/recover-20220825/UBNA_002/20220823_033000.WAV,Telephone Field,recover-20220825,002,1795
334.3705,334.404,68437,81043,Rhinolophus ferrumequinum,0.022,0.022,-1,Echolocation,/mnt/ubna_data_01_mir/recover-20220825/UBNA_002/20220823_033000.WAV,Telephone Field,recover-20220825,002,1795
334.4005,334.4082,26328,36573,Eptesicus serotinus,0.007,0.022,-1,Echolocation,/mnt/ubna_data_01_mir/recover-20220825/UBNA_002/20220823_033000.WAV,Telephone Field,recover-20220825,002,1795
334.4315,334.4398,27187,39376,Eptesicus serotinus,0.009,0.024,-1,Echolocation,/mnt/ubna_data_01_mir/recover-20220825/UBNA_002/20220823_033000.WAV,Telephone Field,recover-20220825,002,1795
334.4705,334.5075,68437,81923,Rhinolophus ferrumequinum,0.021,0.021,-1,Echolocation,/mnt/ubna_data_01_mir/recover-20220825/UBNA_002/20220823_033000.WAV,Telephone Field,recover-20220825,002,1795
334.4735,334.4812,27187,38485,Eptesicus serotinus,0.008,0.024,-1,Echolocation,/mnt/ubna_data_01_mir/recover-20220825/UBNA_002/20220823_033000.WAV,Telephone Field,recover-20220825,002,1795
334.4975,334.538,68437,82899,Rhinolophus ferrumequinum,0.031,0.031,-1,Echolocation,/mnt/ubna_data_01_mir/recover-20220825/UBNA_002/20220823_033000.WAV,Telephone Field,recover-20220825,002,1795
334.5505,334.5591,41796,49459,Pipistrellus nathusii,0.01,0.025,-1,Echolocation,/mnt/ubna_data_01_mir/recover-20220825/UBNA_002/20220823_033000.WAV,Telephone Field,recover-20220825,002,1795
334.5745,334.6157,68437,82250,Rhinolophus ferrumequinum,0.023,0.023,-1,Echolocation,/mnt/ubna_data_01_mir/recover-20220825/UBNA_002/20220823_033000.WAV,Telephone Field,recover-20220825,002,1795
334.5895,334.6275,68437,82398,Rhinolophus ferrumequinum,0.029,0.029,-1,Echolocation,/mnt/ubna_data_01_mir/recover-20220825/UBNA_002/20220823_033000.WAV,Telephone Field,recover-20220825,002,1795
334.6365,334.6748,68437,81354,Rhinolophus ferrumequinum,0.023,0.023,-1,Echolocation,/mnt/ubna_data_01_mir/recover-20220825/UBNA_002/20220823_033000.WAV,Telephone Field,recover-20220825,002,1795
334.6555,334.6653,27187,34705,Eptesicus serotinus,0.011,0.024,-1,Echolocation,/mnt/ubna_data_01_mir/recover-20220825/UBNA_002/20220823_033000.WAV,Telephone Field,recover-20220825,002,1795
334.6625,334.6717,28046,38919,Eptesicus serotinus,0.01,0.025,-1,Echolocation,/mnt/ubna_data_01_mir/recover-20220825/UBNA_002/20220823_033000.WAV,Telephone Field,recover-20220825,002,1795
334.6635,334.6734,33203,41860,Myotis daubentonii,0.006,0.025,-1,Echolocation,/mnt/ubna_data_01_mir/recover-20220825/UBNA_002/20220823_033000.WAV,Telephone Field,recover-20220825,002,1795
334.6675,334.7063,68437,81892,Rhinolophus ferrumequinum,0.026,0.026,-1,Echolocation,/mnt/ubna_data_01_mir/recover-20220825/UBNA_002/20220823_033000.WAV,Telephone Field,recover-20220825,002,1795
334.6865,334.7221,68437,81179,Rhinolophus ferrumequinum,0.023,0.023,-1,Echolocation,/mnt/ubna_data_01_mir/recover-20220825/UBNA_002/20220823_033000.WAV,Telephone Field,recover-20220825,002,1795
334.6945,334.734,68437,82327,Rhinolophus ferrumequinum,0.022,0.022,-1,Echolocation,/mnt/ubna_data_01_mir/recover-20220825/UBNA_002/20220823_033000.WAV,Telephone Field,recover-20220825,002,1795
334.6965,334.7062,23750,29881,Nyctalus leisleri,0.008,0.023,-1,Echolocation,/mnt/ubna_data_01_mir/recover-20220825/UBNA_002/20220823_033000.WAV,Telephone Field,recover-20220825,002,1795
334.6975,334.7133,17734,22899,Nyctalus noctula,0.015,0.022,-1,Echolocation,/mnt/ubna_data_01_mir/recover-20220825/UBNA_002/20220823_033000.WAV,Telephone Field,recover-20220825,002,1795
334.7095,334.7406,68437,80552,Rhinolophus ferrumequinum,0.026,0.026,-1,Echolocation,/mnt/ubna_data_01_mir/recover-20220825/UBNA_002/20220823_033000.WAV,Telephone Field,recover-20220825,002,1795
334.7195,334.7549,68437,80645,Rhinolophus ferrumequinum,0.022,0.022,-1,Echolocation,/mnt/ubna_data_01_mir/recover-20220825/UBNA_002/20220823_033000.WAV,Telephone Field,recover-20220825,002,1795
334.7265,334.7328,27187,41815,Eptesicus serotinus,0.009,0.036,-1,Echolocation,/mnt/ubna_data_01_mir/recover-20220825/UBNA_002/20220823_033000.WAV,Telephone Field,recover-20220825,002,1795
334.7265,334.764,68437,81533,Rhinolophus ferrumequinum,0.022,0.022,-1,Echolocation,/mnt/ubna_data_01_mir/recover-20220825/UBNA_002/20220823_033000.WAV,Telephone Field,recover-20220825,002,1795
334.7785,334.8183,68437,82086,Rhinolophus ferrumequinum,0.025,0.025,-1,Echolocation,/mnt/ubna_data_01_mir/recover-20220825/UBNA_002/20220823_033000.WAV,Telephone Field,recover-20220825,002,1795
334.7795,334.7885,27187,38440,Eptesicus serotinus,0.011,0.028,-1,Echolocation,/mnt/ubna_data_01_mir/recover-20220825/UBNA_002/20220823_033000.WAV,Telephone Field,recover-20220825,002,1795
334.7885,334.7988,24609,30209,Nyctalus leisleri,0.01,0.024,-1,Echolocation,/mnt/ubna_data_01_mir/recover-20220825/UBNA_002/20220823_033000.WAV,Telephone Field,recover-20220825,002,1795
334.8135,334.856,68437,82609,Rhinolophus ferrumequinum,0.026,0.026,-1,Echolocation,/mnt/ubna_data_01_mir/recover-20220825/UBNA_002/20220823_033000.WAV,Telephone Field,recover-20220825,002,1795
334.8165,334.8256,27187,40047,Eptesicus serotinus,0.012,0.03,-1,Echolocation,/mnt/ubna_data_01_mir/recover-20220825/UBNA_002/20220823_033000.WAV,Telephone Field,recover-20220825,002,1795
334.8395,334.8809,68437,82511,Rhinolophus ferrumequinum,0.032,0.032,-1,Echolocation,/mnt/ubna_data_01_mir/recover-20220825/UBNA_002/20220823_033000.WAV,Telephone Field,recover-20220825,002,1795
334.8655,334.8732,45234,55578,Pipistrellus pipistrellus,0.012,0.024,-1,Echolocation,/mnt/ubna_data_01_mir/recover-20220825/UBNA_002/20220823_033000.WAV,Telephone Field,recover-20220825,002,1795
334.8665,334.8744,27187,40006,Eptesicus serotinus,0.008,0.023,-1,Echolocation,/mnt/ubna_data_01_mir/recover-20220825/UBNA_002/20220823_033000.WAV,Telephone Field,recover-20220825,002,1795
334.8785,334.9175,68437,81765,Rhinolophus ferrumequinum,0.03,0.03,-1,Echolocation,/mnt/ubna_data_01_mir/recover-20220825/UBNA_002/20220823_033000.WAV,Telephone Field,recover-20220825,002,1795
334.8815,334.8933,23750,29586,Nyctalus leisleri,0.013,0.032,-1,Echolocation,/mnt/ubna_data_01_mir/recover-20220825/UBNA_002/20220823_033000.WAV,Telephone Field,recover-20220825,002,1795
334.9355,334.9748,68437,82664,Rhinolophus ferrumequinum,0.023,0.023,-1,Echolocation,/mnt/ubna_data_01_mir/recover-20220825/UBNA_002/20220823_033000.WAV,Telephone Field,recover-20220825,002,1795
335.0145,335.0499,68437,81023,Rhinolophus ferrumequinum,0.023,0.023,-1,Echolocation,/mnt/ubna_data_01_mir/recover-20220825/UBNA_002/20220823_033000.WAV,Telephone Field,recover-20220825,002,1795
335.0365,335.046,27187,34997,Eptesicus serotinus,0.009,0.023,-1,Echolocation,/mnt/ubna_data_01_mir/recover-20220825/UBNA_002/20220823_033000.WAV,Telephone Field,recover-20220825,002,1795
335.0725,335.0801,26328,38596,Eptesicus serotinus,0.007,0.021,-1,Echolocation,/mnt/ubna_data_01_mir/recover-20220825/UBNA_002/20220823_033000.WAV,Telephone Field,recover-20220825,002,1795
335.0795,335.0887,27187,37153,Eptesicus serotinus,0.009,0.022,-1,Echolocation,/mnt/ubna_data_01_mir/recover-20220825/UBNA_002/20220823_033000.WAV,Telephone Field,recover-20220825,002,1795
335.0915,335.1307,68437,82347,Rhinolophus ferrumequinum,0.024,0.024,-1,Echolocation,/mnt/ubna_data_01_mir/recover-20220825/UBNA_002/20220823_033000.WAV,Telephone Field,recover-20220825,002,1795
335.1185,335.1235,35781,49526,Myotis daubentonii,0.118,0.385,-1,Echolocation,/mnt/ubna_data_01_mir/recover-20220825/UBNA_002/20220823_033000.WAV,Telephone Field,recover-20220825,002,1795
335.1425,335.1522,47812,51551,Pipistrellus pipistrellus,0.063,0.069,-1,Echolocation,/mnt/ubna_data_01_mir/recover-20220825/UBNA_002/20220823_033000.WAV,Telephone Field,recover-20220825,002,1795
335.1475,335.1855,68437,82366,Rhinolophus ferrumequinum,0.023,0.023,-1,Echolocation,/mnt/ubna_data_01_mir/recover-20220825/UBNA_002/20220823_033000.WAV,Telephone Field,recover-20220825,002,1795
335.1855,335.2244,68437,82168,Rhinolophus ferrumequinum,0.022,0.022,-1,Echolocation,/mnt/ubna_data_01_mir/recover-20220825/UBNA_002/20220823_033000.WAV,Telephone Field,recover-20220825,002,1795
335.2105,335.2496,68437,81598,Rhinolophus ferrumequinum,0.026,0.026,-1,Echolocation,/mnt/ubna_data_01_mir/recover-20220825/UBNA_002/20220823_033000.WAV,Telephone Field,recover-20220825,002,1795
335.2165,335.2237,31484,42834,Barbastellus barbastellus,0.008,0.026,-1,Echolocation,/mnt/ubna_data_01_mir/recover-20220825/UBNA_002/20220823_033000.WAV,Telephone Field,recover-20220825,002,1795
335.2265,335.2681,68437,82194,Rhinolophus ferrumequinum,0.023,0.023,-1,Echolocation,/mnt/ubna_data_01_mir/recover-20220825/UBNA_002/20220823_033000.WAV,Telephone Field,recover-20220825,002,1795
335.2465,335.2571,23750,29553,Nyctalus leisleri,0.009,0.022,-1,Echolocation,/mnt/ubna_data_01_mir/recover-20220825/UBNA_002/20220823_033000.WAV,Telephone Field,recover-20220825,002,1795
335.2575,335.2932,68437,81012,Rhinolophus ferrumequinum,0.022,0.022,-1,Echolocation,/mnt/ubna_data_01_mir/recover-20220825/UBNA_002/20220823_033000.WAV,Telephone Field,recover-20220825,002,1795
335.2665,335.3052,68437,81728,Rhinolophus ferrumequinum,0.022,0.022,-1,Echolocation,/mnt/ubna_data_01_mir/recover-20220825/UBNA_002/20220823_033000.WAV,Telephone Field,recover-20220825,002,1795
335.3005,335.3099,27187,34694,Eptesicus serotinus,0.008,0.022,-1,Echolocation,/mnt/ubna_data_01_mir/recover-20220825/UBNA_002/20220823_033000.WAV,Telephone Field,recover-20220825,002,1795
335.3105,335.3173,38359,47744,Myotis daubentonii,0.085,0.267,-1,Echolocation,/mnt/ubna_data_01_mir/recover-20220825/UBNA_002/20220823_033000.WAV,Telephone Field,recover-20220825,002,1795
335.3205,335.3544,68437,81591,Rhinolophus ferrumequinum,0.024,0.024,-1,Echolocation,/mnt/ubna_data_01_mir/recover-20220825/UBNA_002/20220823_033000.WAV,Telephone Field,recover-20220825,002,1795
335.3305,335.3674,68437,82191,Rhinolophus ferrumequinum,0.021,0.021,-1,Echolocation,/mnt/ubna_data_01_mir/recover-20220825/UBNA_002/20220823_033000.WAV,Telephone Field,recover-20220825,002,1795
335.3525,335.3594,27187,38636,Eptesicus serotinus,0.008,0.033,-1,Echolocation,/mnt/ubna_data_01_mir/recover-20220825/UBNA_002/20220823_033000.WAV,Telephone Field,recover-20220825,002,1795
335.3675,335.4052,68437,81975,Rhinolophus ferrumequinum,0.024,0.024,-1,Echolocation,/mnt/ubna_data_01_mir/recover-20220825/UBNA_002/20220823_033000.WAV,Telephone Field,recover-20220825,002,1795
335.3925,335.4,36640,44547,Barbastellus barbastellus,0.103,0.329,-1,Echolocation,/mnt/ubna_data_01_mir/recover-20220825/UBNA_002/20220823_033000.WAV,Telephone Field,recover-20220825,002,1795
335.4045,335.4167,23750,28419,Nyctalus leisleri,0.037,0.07,-1,Echolocation,/mnt/ubna_data_01_mir/recover-20220825/UBNA_002/20220823_033000.WAV,Telephone Field,recover-20220825,002,1795
335.4365,335.4777,68437,82488,Rhinolophus ferrumequinum,0.036,0.036,-1,Echolocation,/mnt/ubna_data_01_mir/recover-20220825/UBNA_002/20220823_033000.WAV,Telephone Field,recover-20220825,002,1795
335.4685,335.5049,68437,81491,Rhinolophus ferrumequinum,0.022,0.022,-1,Echolocation,/mnt/ubna_data_01_mir/recover-20220825/UBNA_002/20220823_033000.WAV,Telephone Field,recover-20220825,002,1795
335.4705,335.4801,27187,35720,Eptesicus serotinus,0.008,0.022,-1,Echolocation,/mnt/ubna_data_01_mir/recover-20220825/UBNA_002/20220823_033000.WAV,Telephone Field,recover-20220825,002,1795
335.4865,335.4955,48671,54569,Pipistrellus pipistrellus,0.024,0.026,-1,Echolocation,/mnt/ubna_data_01_mir/recover-20220825/UBNA_002/20220823_033000.WAV,Telephone Field,recover-20220825,002,1795
335.5115,335.5518,68437,83435,Rhinolophus ferrumequinum,0.033,0.033,-1,Echolocation,/mnt/ubna_data_01_mir/recover-20220825/UBNA_002/20220823_033000.WAV,Telephone Field,recover-20220825,002,1795
335.5315,335.5374,30625,46607,Myotis daubentonii,0.014,0.028,-1,Echolocation,/mnt/ubna_data_01_mir/recover-20220825/UBNA_002/20220823_033000.WAV,Telephone Field,recover-20220825,002,1795
335.5325,335.5394,26328,37969,Eptesicus serotinus,0.008,0.028,-1,Echolocation,/mnt/ubna_data_01_mir/recover-20220825/UBNA_002/20220823_033000.WAV,Telephone Field,recover-20220825,002,1795
335.5545,335.5616,27187,37840,Eptesicus serotinus,0.007,0.022,-1,Echolocation,/mnt/ubna_data_01_mir/recover-20220825/UBNA_002/20220823_033000.WAV,Telephone Field,recover-20220825,002,1795
335.5605,335.5989,68437,82255,Rhinolophus ferrumequinum,0.027,0.027,-1,Echolocation,/mnt/ubna_data_01_mir/recover-20220825/UBNA_002/20220823_033000.WAV,Telephone Field,recover-20220825,002,1795
335.5625,335.5691,30625,44386,Myotis daubentonii,0.011,0.021,-1,Echolocation,/mnt/ubna_data_01_mir/recover-20220825/UBNA_002/20220823_033000.WAV,Telephone Field,recover-20220825,002,1795
335.5905,335.59590000000003,34921,51295,Myotis daubentonii,0.146,0.453,-1,Echolocation,/mnt/ubna_data_01_mir/recover-20220825/UBNA_002/20220823_033000.WAV,Telephone Field,recover-20220825,002,1795
335.6115,335.652,68437,82898,Rhinolophus ferrumequinum,0.023,0.023,-1,Echolocation,/mnt/ubna_data_01_mir/recover-20220825/UBNA_002/20220823_033000.WAV,Telephone Field,recover-20220825,002,1795
335.6135,335.6237,24609,31694,Nyctalus leisleri,0.008,0.024,-1,Echolocation,/mnt/ubna_data_01_mir/recover-20220825/UBNA_002/20220823_033000.WAV,Telephone Field,recover-20220825,002,1795
335.6235,335.6314,27187,38564,Eptesicus serotinus,0.007,0.021,-1,Echolocation,/mnt/ubna_data_01_mir/recover-20220825/UBNA_002/20220823_033000.WAV,Telephone Field,recover-20220825,002,1795
335.6365,335.672,68437,81571,Rhinolophus ferrumequinum,0.022,0.022,-1,Echolocation,/mnt/ubna_data_01_mir/recover-20220825/UBNA_002/20220823_033000.WAV,Telephone Field,recover-20220825,002,1795
335.6775,335.6861,28046,39988,Eptesicus serotinus,0.008,0.022,-1,Echolocation,/mnt/ubna_data_01_mir/recover-20220825/UBNA_002/20220823_033000.WAV,Telephone Field,recover-20220825,002,1795
335.7065,335.7148,27187,38270,Eptesicus serotinus,0.009,0.025,-1,Echolocation,/mnt/ubna_data_01_mir/recover-20220825/UBNA_002/20220823_033000.WAV,Telephone Field,recover-20220825,002,1795
335.7225,335.7602,68437,81850,Rhinolophus ferrumequinum,0.022,0.022,-1,Echolocation,/mnt/ubna_data_01_mir/recover-20220825/UBNA_002/20220823_033000.WAV,Telephone Field,recover-20220825,002,1795
335.7295,335.739,25468,33274,Eptesicus serotinus,0.008,0.023,-1,Echolocation,/mnt/ubna_data_01_mir/recover-20220825/UBNA_002/20220823_033000.WAV,Telephone Field,recover-20220825,002,1795
335.7605,335.7976,68437,81291,Rhinolophus ferrumequinum,0.023,0.023,-1,Echolocation,/mnt/ubna_data_01_mir/recover-20220825/UBNA_002/20220823_033000.WAV,Telephone Field,recover-20220825,002,1795
335.7875,335.793,35781,49906,Barbastellus barbastellus,0.065,0.215,-1,Echolocation,/mnt/ubna_data_01_mir/recover-20220825/UBNA_002/20220823_033000.WAV,Telephone Field,recover-20220825,002,1795
335.7975,335.8095,15156,21284,Nyctalus noctula,0.014,0.025,-1,Echolocation,/mnt/ubna_data_01_mir/recover-20220825/UBNA_002/20220823_033000.WAV,Telephone Field,recover-20220825,002,1795
335.7995,335.8095,28046,34676,Eptesicus serotinus,0.008,0.022,-1,Echolocation,/mnt/ubna_data_01_mir/recover-20220825/UBNA_002/20220823_033000.WAV,Telephone Field,recover-20220825,002,1795
335.8335,335.8427,43515,47128,Pipistrellus pipistrellus,0.029,0.034,-1,Echolocation,/mnt/ubna_data_01_mir/recover-20220825/UBNA_002/20220823_033000.WAV,Telephone Field,recover-20220825,002,1795
335.8415,335.8789,68437,82594,Rhinolophus ferrumequinum,0.024,0.024,-1,Echolocation,/mnt/ubna_data_01_mir/recover-20220825/UBNA_002/20220823_033000.WAV,Telephone Field,recover-20220825,002,1795
335.8785,335.8851,48671,54470,Pipistrellus pipistrellus,0.019,0.022,-1,Echolocation,/mnt/ubna_data_01_mir/recover-20220825/UBNA_002/20220823_033000.WAV,Telephone Field,recover-20220825,002,1795
335.8885,335.929,68437,82806,Rhinolophus ferrumequinum,0.022,0.022,-1,Echolocation,/mnt/ubna_data_01_mir/recover-20220825/UBNA_002/20220823_033000.WAV,Telephone Field,recover-20220825,002,1795
335.8915,335.9009,28046,39853,Eptesicus serotinus,0.009,0.023,-1,Echolocation,/mnt/ubna_data_01_mir/recover-20220825/UBNA_002/20220823_033000.WAV,Telephone Field,recover-20220825,002,1795
335.9245,335.9313,27187,37171,Eptesicus serotinus,0.006,0.023,-1,Echolocation,/mnt/ubna_data_01_mir/recover-20220825/UBNA_002/20220823_033000.WAV,Telephone Field,recover-20220825,002,1795
335.9425,335.9489,36640,49371,Myotis brandtii,0.008,0.022,-1,Echolocation,/mnt/ubna_data_01_mir/recover-20220825/UBNA_002/20220823_033000.WAV,Telephone Field,recover-20220825,002,1795
335.9435,335.9502,26328,43166,Eptesicus serotinus,0.006,0.022,-1,Echolocation,/mnt/ubna_data_01_mir/recover-20220825/UBNA_002/20220823_033000.WAV,Telephone Field,recover-20220825,002,1795
336.0015,336.0103,25468,34781,Eptesicus serotinus,0.009,0.034,-1,Echolocation,/mnt/ubna_data_01_mir/recover-20220825/UBNA_002/20220823_033000.WAV,Telephone Field,recover-20220825,002,1795
336.0095,336.0187,23750,30530,Nyctalus leisleri,0.007,0.021,-1,Echolocation,/mnt/ubna_data_01_mir/recover-20220825/UBNA_002/20220823_033000.WAV,Telephone Field,recover-20220825,002,1795
336.0235,336.0315,32343,44085,Myotis daubentonii,0.008,0.021,-1,Echolocation,/mnt/ubna_data_01_mir/recover-20220825/UBNA_002/20220823_033000.WAV,Telephone Field,recover-20220825,002,1795
336.0295,336.0714,68437,83316,Rhinolophus ferrumequinum,0.031,0.031,-1,Echolocation,/mnt/ubna_data_01_mir/recover-20220825/UBNA_002/20220823_033000.WAV,Telephone Field,recover-20220825,002,1795
336.0855,336.1294,68437,83664,Rhinolophus ferrumequinum,0.037,0.037,-1,Echolocation,/mnt/ubna_data_01_mir/recover-20220825/UBNA_002/20220823_033000.WAV,Telephone Field,recover-20220825,002,1795
336.0865,336.0973,28906,36276,Eptesicus serotinus,0.011,0.025,-1,Echolocation,/mnt/ubna_data_01_mir/recover-20220825/UBNA_002/20220823_033000.WAV,Telephone Field,recover-20220825,002,1795
336.0915,336.1026,44375,49297,Pipistrellus pipistrellus,0.026,0.031,-1,Echolocation,/mnt/ubna_data_01_mir/recover-20220825/UBNA_002/20220823_033000.WAV,Telephone Field,recover-20220825,002,1795
336.0965,336.1384,68437,82482,Rhinolophus ferrumequinum,0.034,0.034,-1,Echolocation,/mnt/ubna_data_01_mir/recover-20220825/UBNA_002/20220823_033000.WAV,Telephone Field,recover-20220825,002,1795
336.1205,336.132,23750,29455,Nyctalus leisleri,0.009,0.021,-1,Echolocation,/mnt/ubna_data_01_mir/recover-20220825/UBNA_002/20220823_033000.WAV,Telephone Field,recover-20220825,002,1795
336.1585,336.199,68437,82566,Rhinolophus ferrumequinum,0.03,0.03,-1,Echolocation,/mnt/ubna_data_01_mir/recover-20220825/UBNA_002/20220823_033000.WAV,Telephone Field,recover-20220825,002,1795
336.1595,336.1671,28046,40753,Eptesicus serotinus,0.009,0.025,-1,Echolocation,/mnt/ubna_data_01_mir/recover-20220825/UBNA_002/20220823_033000.WAV,Telephone Field,recover-20220825,002,1795
336.1965,336.2051,26328,37909,Eptesicus serotinus,0.007,0.022,-1,Echolocation,/mnt/ubna_data_01_mir/recover-20220825/UBNA_002/20220823_033000.WAV,Telephone Field,recover-20220825,002,1795
336.2885,336.2959,28046,40589,Eptesicus serotinus,0.008,0.025,-1,Echolocation,/mnt/ubna_data_01_mir/recover-20220825/UBNA_002/20220823_033000.WAV,Telephone Field,recover-20220825,002,1795
336.2915,336.2996,23750,32134,Plecotus austriacus,0.008,0.024,-1,Echolocation,/mnt/ubna_data_01_mir/recover-20220825/UBNA_002/20220823_033000.WAV,Telephone Field,recover-20220825,002,1795
336.3325,336.3386,27187,38095,Eptesicus serotinus,0.007,0.032,-1,Echolocation,/mnt/ubna_data_01_mir/recover-20220825/UBNA_002/20220823_033000.WAV,Telephone Field,recover-20220825,002,1795
336.3665,336.3775,22890,27316,Nyctalus leisleri,0.012,0.023,-1,Echolocation,/mnt/ubna_data_01_mir/recover-20220825/UBNA_002/20220823_033000.WAV,Telephone Field,recover-20220825,002,1795
336.4045,336.4433,68437,82710,Rhinolophus ferrumequinum,0.036,0.036,-1,Echolocation,/mnt/ubna_data_01_mir/recover-20220825/UBNA_002/20220823_033000.WAV,Telephone Field,recover-20220825,002,1795
336.4525,336.4888,68437,82091,Rhinolophus ferrumequinum,0.021,0.021,-1,Echolocation,/mnt/ubna_data_01_mir/recover-20220825/UBNA_002/20220823_033000.WAV,Telephone Field,recover-20220825,002,1795
336.4565,336.4661,28906,37028,Eptesicus serotinus,0.009,0.023,-1,Echolocation,/mnt/ubna_data_01_mir/recover-20220825/UBNA_002/20220823_033000.WAV,Telephone Field,recover-20220825,002,1795
336.4625,336.4995,68437,81143,Rhinolophus ferrumequinum,0.021,0.021,-1,Echolocation,/mnt/ubna_data_01_mir/recover-20220825/UBNA_002/20220823_033000.WAV,Telephone Field,recover-20220825,002,1795
336.4805,336.4874,48671,52989,Pipistrellus pipistrellus,0.025,0.026,-1,Echolocation,/mnt/ubna_data_01_mir/recover-20220825/UBNA_002/20220823_033000.WAV,Telephone Field,recover-20220825,002,1795
336.4825,336.4889,26328,41622,Eptesicus serotinus,0.006,0.024,-1,Echolocation,/mnt/ubna_data_01_mir/recover-20220825/UBNA_002/20220823_033000.WAV,Telephone Field,recover-20220825,002,1795
336.4845,336.5037,18593,22530,Nyctalus noctula,0.026,0.04,-1,Echolocation,/mnt/ubna_data_01_mir/recover-20220825/UBNA_002/20220823_033000.WAV,Telephone Field,recover-20220825,002,1795
336.5025,336.5121,22031,28513,Plecotus austriacus,0.009,0.025,-1,Echolocation,/mnt/ubna_data_01_mir/recover-20220825/UBNA_002/20220823_033000.WAV,Telephone Field,recover-20220825,002,1795
336.5055,336.5414,68437,81531,Rhinolophus ferrumequinum,0.021,0.021,-1,Echolocation,/mnt/ubna_data_01_mir/recover-20220825/UBNA_002/20220823_033000.WAV,Telephone Field,recover-20220825,002,1795
336.5485,336.559,28906,37343,Eptesicus serotinus,0.01,0.022,-1,Echolocation,/mnt/ubna_data_01_mir/recover-20220825/UBNA_002/20220823_033000.WAV,Telephone Field,recover-20220825,002,1795
336.5655,336.607,68437,82941,Rhinolophus ferrumequinum,0.059,0.059,-1,Echolocation,/mnt/ubna_data_01_mir/recover-20220825/UBNA_002/20220823_033000.WAV,Telephone Field,recover-20220825,002,1795
336.6025,336.6099,42656,46809,Pipistrellus pipistrellus,0.022,0.026,-1,Echolocation,/mnt/ubna_data_01_mir/recover-20220825/UBNA_002/20220823_033000.WAV,Telephone Field,recover-20220825,002,1795
336.6335,336.647,30625,37267,Eptesicus serotinus,0.035,0.056,-1,Echolocation,/mnt/ubna_data_01_mir/recover-20220825/UBNA_002/20220823_033000.WAV,Telephone Field,recover-20220825,002,1795
336.6555,336.6908,68437,81521,Rhinolophus ferrumequinum,0.021,0.021,-1,Echolocation,/mnt/ubna_data_01_mir/recover-20220825/UBNA_002/20220823_033000.WAV,Telephone Field,recover-20220825,002,1795
336.6635,336.6996,68437,81854,Rhinolophus ferrumequinum,0.022,0.022,-1,Echolocation,/mnt/ubna_data_01_mir/recover-20220825/UBNA_002/20220823_033000.WAV,Telephone Field,recover-20220825,002,1795
336.6665,336.6771,22031,27269,Nyctalus leisleri,0.01,0.022,-1,Echolocation,/mnt/ubna_data_01_mir/recover-20220825/UBNA_002/20220823_033000.WAV,Telephone Field,recover-20220825,002,1795
336.6895,336.6962,23750,33011,Plecotus austriacus,0.012,0.026,-1,Echolocation,/mnt/ubna_data_01_mir/recover-20220825/UBNA_002/20220823_033000.WAV,Telephone Field,recover-20220825,002,1795
336.6915,336.728,68437,81067,Rhinolophus ferrumequinum,0.023,0.023,-1,Echolocation,/mnt/ubna_data_01_mir/recover-20220825/UBNA_002/20220823_033000.WAV,Telephone Field,recover-20220825,002,1795
336.7485,336.7584,44375,49700,Pipistrellus pipistrellus,0.021,0.023,-1,Echolocation,/mnt/ubna_data_01_mir/recover-20220825/UBNA_002/20220823_033000.WAV,Telephone Field,recover-20220825,002,1795
336.7555,336.7641,26328,37175,Eptesicus serotinus,0.007,0.021,-1,Echolocation,/mnt/ubna_data_01_mir/recover-20220825/UBNA_002/20220823_033000.WAV,Telephone Field,recover-20220825,002,1795
336.8005,336.811,22031,27420,Nyctalus leisleri,0.01,0.024,-1,Echolocation,/mnt/ubna_data_01_mir/recover-20220825/UBNA_002/20220823_033000.WAV,Telephone Field,recover-20220825,002,1795
336.8015,336.8344,68437,80672,Rhinolophus ferrumequinum,0.023,0.023,-1,Echolocation,/mnt/ubna_data_01_mir/recover-20220825/UBNA_002/20220823_033000.WAV,Telephone Field,recover-20220825,002,1795
336.8275,336.8654,68437,82146,Rhinolophus ferrumequinum,0.021,0.021,-1,Echolocation,/mnt/ubna_data_01_mir/recover-20220825/UBNA_002/20220823_033000.WAV,Telephone Field,recover-20220825,002,1795
336.8645,336.9015,68437,81366,Rhinolophus ferrumequinum,0.021,0.021,-1,Echolocation,/mnt/ubna_data_01_mir/recover-20220825/UBNA_002/20220823_033000.WAV,Telephone Field,recover-20220825,002,1795
336.9065,336.9168,23750,30603,Nyctalus leisleri,0.008,0.022,-1,Echolocation,/mnt/ubna_data_01_mir/recover-20220825/UBNA_002/20220823_033000.WAV,Telephone Field,recover-20220825,002,1795
336.9735,336.9842,47812,51450,Pipistrellus pipistrellus,0.025,0.028,-1,Echolocation,/mnt/ubna_data_01_mir/recover-20220825/UBNA_002/20220823_033000.WAV,Telephone Field,recover-20220825,002,1795
337.0005,337.0077,26328,40510,Eptesicus serotinus,0.008,0.027,-1,Echolocation,/mnt/ubna_data_01_mir/recover-20220825/UBNA_002/20220823_033000.WAV,Telephone Field,recover-20220825,002,1795
337.0215,337.0311,27187,37002,Eptesicus serotinus,0.009,0.021,-1,Echolocation,/mnt/ubna_data_01_mir/recover-20220825/UBNA_002/20220823_033000.WAV,Telephone Field,recover-20220825,002,1795
337.0465,337.057,24609,31937,Eptesicus serotinus,0.01,0.027,-1,Echolocation,/mnt/ubna_data_01_mir/recover-20220825/UBNA_002/20220823_033000.WAV,Telephone Field,recover-20220825,002,1795
337.0525,337.0909,68437,82200,Rhinolophus ferrumequinum,0.022,0.022,-1,Echolocation,/mnt/ubna_data_01_mir/recover-20220825/UBNA_002/20220823_033000.WAV,Telephone Field,recover-20220825,002,1795
337.0565,337.064,23750,32645,Plecotus austriacus,0.009,0.023,-1,Echolocation,/mnt/ubna_data_01_mir/recover-20220825/UBNA_002/20220823_033000.WAV,Telephone Field,recover-20220825,002,1795
337.0675,337.1047,68437,82087,Rhinolophus ferrumequinum,0.024,0.024,-1,Echolocation,/mnt/ubna_data_01_mir/recover-20220825/UBNA_002/20220823_033000.WAV,Telephone Field,recover-20220825,002,1795
337.0905,337.101,22890,28648,Nyctalus leisleri,0.01,0.023,-1,Echolocation,/mnt/ubna_data_01_mir/recover-20220825/UBNA_002/20220823_033000.WAV,Telephone Field,recover-20220825,002,1795
337.1275,337.16610000000003,68437,81963,Rhinolophus ferrumequinum,0.032,0.032,-1,Echolocation,/mnt/ubna_data_01_mir/recover-20220825/UBNA_002/20220823_033000.WAV,Telephone Field,recover-20220825,002,1795
337.1545,337.1643,28046,37491,Eptesicus serotinus,0.011,0.025,-1,Echolocation,/mnt/ubna_data_01_mir/recover-20220825/UBNA_002/20220823_033000.WAV,Telephone Field,recover-20220825,002,1795
337.1785,337.1886,22890,28895,Nyctalus leisleri,0.01,0.025,-1,Echolocation,/mnt/ubna_data_01_mir/recover-20220825/UBNA_002/20220823_033000.WAV,Telephone Field,recover-20220825,002,1795
337.2215,337.2614,68437,82338,Rhinolophus ferrumequinum,0.021,0.021,-1,Echolocation,/mnt/ubna_data_01_mir/recover-20220825/UBNA_002/20220823_033000.WAV,Telephone Field,recover-20220825,002,1795
337.2765,337.2857,26328,34819,Eptesicus serotinus,0.009,0.023,-1,Echolocation,/mnt/ubna_data_01_mir/recover-20220825/UBNA_002/20220823_033000.WAV,Telephone Field,recover-20220825,002,1795
337.2875,337.3241,68437,82039,Rhinolophus ferrumequinum,0.022,0.022,-1,Echolocation,/mnt/ubna_data_01_mir/recover-20220825/UBNA_002/20220823_033000.WAV,Telephone Field,recover-20220825,002,1795
337.2945,337.3049,47812,52831,Pipistrellus pipistrellus,0.022,0.026,-1,Echolocation,/mnt/ubna_data_01_mir/recover-20220825/UBNA_002/20220823_033000.WAV,Telephone Field,recover-20220825,002,1795
337.3005,337.3098,23750,31486,Nyctalus leisleri,0.007,0.022,-1,Echolocation,/mnt/ubna_data_01_mir/recover-20220825/UBNA_002/20220823_033000.WAV,Telephone Field,recover-20220825,002,1795
337.3645,337.40840000000003,68437,83004,Rhinolophus ferrumequinum,0.053,0.053,-1,Echolocation,/mnt/ubna_data_01_mir/recover-20220825/UBNA_002/20220823_033000.WAV,Telephone Field,recover-20220825,002,1795
337.3925,337.4344,68437,82852,Rhinolophus ferrumequinum,0.029,0.029,-1,Echolocation,/mnt/ubna_data_01_mir/recover-20220825/UBNA_002/20220823_033000.WAV,Telephone Field,recover-20220825,002,1795
337.4195,337.4278,27187,39030,Eptesicus serotinus,0.009,0.029,-1,Echolocation,/mnt/ubna_data_01_mir/recover-20220825/UBNA_002/20220823_033000.WAV,Telephone Field,recover-20220825,002,1795
337.4455,337.4551,22031,28457,Plecotus austriacus,0.007,0.023,-1,Echolocation,/mnt/ubna_data_01_mir/recover-20220825/UBNA_002/20220823_033000.WAV,Telephone Field,recover-20220825,002,1795
337.4775,337.5176,68437,82091,Rhinolophus ferrumequinum,0.021,0.021,-1,Echolocation,/mnt/ubna_data_01_mir/recover-20220825/UBNA_002/20220823_033000.WAV,Telephone Field,recover-20220825,002,1795
337.5085,337.5473,68437,81602,Rhinolophus ferrumequinum,0.024,0.024,-1,Echolocation,/mnt/ubna_data_01_mir/recover-20220825/UBNA_002/20220823_033000.WAV,Telephone Field,recover-20220825,002,1795
337.5145,337.525,25468,33543,Eptesicus serotinus,0.009,0.025,-1,Echolocation,/mnt/ubna_data_01_mir/recover-20220825/UBNA_002/20220823_033000.WAV,Telephone Field,recover-20220825,002,1795
337.5485,337.5666,18593,22359,Nyctalus noctula,0.016,0.026,-1,Echolocation,/mnt/ubna_data_01_mir/recover-20220825/UBNA_002/20220823_033000.WAV,Telephone Field,recover-20220825,002,1795
337.6025,337.6432,68437,82188,Rhinolophus ferrumequinum,0.021,0.021,-1,Echolocation,/mnt/ubna_data_01_mir/recover-20220825/UBNA_002/20220823_033000.WAV,Telephone Field,recover-20220825,002,1795
337.6265,337.6349,28046,40798,Eptesicus serotinus,0.009,0.025,-1,Echolocation,/mnt/ubna_data_01_mir/recover-20220825/UBNA_002/20220823_033000.WAV,Telephone Field,recover-20220825,002,1795
337.6405,337.6795,68437,81597,Rhinolophus ferrumequinum,0.022,0.022,-1,Echolocation,/mnt/ubna_data_01_mir/recover-20220825/UBNA_002/20220823_033000.WAV,Telephone Field,recover-20220825,002,1795
337.6465,337.6857,68437,82199,Rhinolophus ferrumequinum,0.023,0.023,-1,Echolocation,/mnt/ubna_data_01_mir/recover-20220825/UBNA_002/20220823_033000.WAV,Telephone Field,recover-20220825,002,1795
337.6485,337.6585,23750,30482,Nyctalus leisleri,0.008,0.023,-1,Echolocation,/mnt/ubna_data_01_mir/recover-20220825/UBNA_002/20220823_033000.WAV,Telephone Field,recover-20220825,002,1795
337.6635,337.7021,68437,82288,Rhinolophus ferrumequinum,0.021,0.021,-1,Echolocation,/mnt/ubna_data_01_mir/recover-20220825/UBNA_002/20220823_033000.WAV,Telephone Field,recover-20220825,002,1795
337.6735,337.6801,28046,42307,Eptesicus serotinus,0.007,0.029,-1,Echolocation,/mnt/ubna_data_01_mir/recover-20220825/UBNA_002/20220823_033000.WAV,Telephone Field,recover-20220825,002,1795
337.7035,337.7433,68437,82325,Rhinolophus ferrumequinum,0.021,0.021,-1,Echolocation,/mnt/ubna_data_01_mir/recover-20220825/UBNA_002/20220823_033000.WAV,Telephone Field,recover-20220825,002,1795
337.7125,337.7206,27187,36780,Eptesicus serotinus,0.007,0.021,-1,Echolocation,/mnt/ubna_data_01_mir/recover-20220825/UBNA_002/20220823_033000.WAV,Telephone Field,recover-20220825,002,1795
337.7465,337.7841,68437,82135,Rhinolophus ferrumequinum,0.021,0.021,-1,Echolocation,/mnt/ubna_data_01_mir/recover-20220825/UBNA_002/20220823_033000.WAV,Telephone Field,recover-20220825,002,1795
337.7485,337.7589,28906,37950,Eptesicus serotinus,0.01,0.023,-1,Echolocation,/mnt/ubna_data_01_mir/recover-20220825/UBNA_002/20220823_033000.WAV,Telephone Field,recover-20220825,002,1795
337.7765,337.789,53828,57531,Pipistrellus pygmaeus,0.042,0.048,-1,Echolocation,/mnt/ubna_data_01_mir/recover-20220825/UBNA_002/20220823_033000.WAV,Telephone Field,recover-20220825,002,1795
337.8215,337.8594,68437,81620,Rhinolophus ferrumequinum,0.022,0.022,-1,Echolocation,/mnt/ubna_data_01_mir/recover-20220825/UBNA_002/20220823_033000.WAV,Telephone Field,recover-20220825,002,1795
337.8515,337.885,68437,81214,Rhinolophus ferrumequinum,0.021,0.021,-1,Echolocation,/mnt/ubna_data_01_mir/recover-20220825/UBNA_002/20220823_033000.WAV,Telephone Field,recover-20220825,002,1795
337.8825,337.8926,24609,31435,Eptesicus serotinus,0.009,0.024,-1,Echolocation,/mnt/ubna_data_01_mir/recover-20220825/UBNA_002/20220823_033000.WAV,Telephone Field,recover-20220825,002,1795
337.8885,337.899,28906,35484,Eptesicus serotinus,0.009,0.021,-1,Echolocation,/mnt/ubna_data_01_mir/recover-20220825/UBNA_002/20220823_033000.WAV,Telephone Field,recover-20220825,002,1795
337.9345,337.9409,28046,41402,Eptesicus serotinus,0.005,0.023,-1,Echolocation,/mnt/ubna_data_01_mir/recover-20220825/UBNA_002/20220823_033000.WAV,Telephone Field,recover-20220825,002,1795
337.9355,337.9458,22031,26846,Nyctalus leisleri,0.01,0.023,-1,Echolocation,/mnt/ubna_data_01_mir/recover-20220825/UBNA_002/20220823_033000.WAV,Telephone Field,recover-20220825,002,1795
337.9455,337.9843,68437,82025,Rhinolophus ferrumequinum,0.022,0.022,-1,Echolocation,/mnt/ubna_data_01_mir/recover-20220825/UBNA_002/20220823_033000.WAV,Telephone Field,recover-20220825,002,1795
337.9505,337.9618,22031,26035,Nyctalus leisleri,0.013,0.022,-1,Echolocation,/mnt/ubna_data_01_mir/recover-20220825/UBNA_002/20220823_033000.WAV,Telephone Field,recover-20220825,002,1795
337.9695,337.9778,27187,36797,Eptesicus serotinus,0.007,0.021,-1,Echolocation,/mnt/ubna_data_01_mir/recover-20220825/UBNA_002/20220823_033000.WAV,Telephone Field,recover-20220825,002,1795
337.9885,337.9966,26328,35863,Eptesicus serotinus,0.01,0.028,-1,Echolocation,/mnt/ubna_data_01_mir/recover-20220825/UBNA_002/20220823_033000.WAV,Telephone Field,recover-20220825,002,1795
338.0015,338.0124,46953,51895,Pipistrellus pipistrellus,0.023,0.031,-1,Echolocation,/mnt/ubna_data_01_mir/recover-20220825/UBNA_002/20220823_033000.WAV,Telephone Field,recover-20220825,002,1795
338.0015,338.0114,21171,26356,Nyctalus leisleri,0.011,0.024,-1,Echolocation,/mnt/ubna_data_01_mir/recover-20220825/UBNA_002/20220823_033000.WAV,Telephone Field,recover-20220825,002,1795
338.0015,338.0352,68437,79795,Rhinolophus ferrumequinum,0.033,0.033,-1,Echolocation,/mnt/ubna_data_01_mir/recover-20220825/UBNA_002/20220823_033000.WAV,Telephone Field,recover-20220825,002,1795
338.0095,338.0534,68437,82747,Rhinolophus ferrumequinum,0.022,0.022,-1,Echolocation,/mnt/ubna_data_01_mir/recover-20220825/UBNA_002/20220823_033000.WAV,Telephone Field,recover-20220825,002,1795
338.0095,338.0201,44375,47823,Pipistrellus pipistrellus,0.027,0.033,-1,Echolocation,/mnt/ubna_data_01_mir/recover-20220825/UBNA_002/20220823_033000.WAV,Telephone Field,recover-20220825,002,1795
338.0305,338.0686,68437,81331,Rhinolophus ferrumequinum,0.024,0.024,-1,Echolocation,/mnt/ubna_data_01_mir/recover-20220825/UBNA_002/20220823_033000.WAV,Telephone Field,recover-20220825,002,1795
338.0475,338.0866,68437,82057,Rhinolophus ferrumequinum,0.024,0.024,-1,Echolocation,/mnt/ubna_data_01_mir/recover-20220825/UBNA_002/20220823_033000.WAV,Telephone Field,recover-20220825,002,1795
338.0605,338.1014,68437,82739,Rhinolophus ferrumequinum,0.028,0.028,-1,Echolocation,/mnt/ubna_data_01_mir/recover-20220825/UBNA_002/20220823_033000.WAV,Telephone Field,recover-20220825,002,1795
338.0695,338.1115,68437,82837,Rhinolophus ferrumequinum,0.024,0.024,-1,Echolocation,/mnt/ubna_data_01_mir/recover-20220825/UBNA_002/20220823_033000.WAV,Telephone Field,recover-20220825,002,1795
338.1165,338.1259,25468,32727,Eptesicus serotinus,0.008,0.024,-1,Echolocation,/mnt/ubna_data_01_mir/recover-20220825/UBNA_002/20220823_033000.WAV,Telephone Field,recover-20220825,002,1795
338.1205,338.1607,68437,81822,Rhinolophus ferrumequinum,0.023,0.023,-1,Echolocation,/mnt/ubna_data_01_mir/recover-20220825/UBNA_002/20220823_033000.WAV,Telephone Field,recover-20220825,002,1795
338.1815,338.2205,68437,82457,Rhinolophus ferrumequinum,0.025,0.025,-1,Echolocation,/mnt/ubna_data_01_mir/recover-20220825/UBNA_002/20220823_033000.WAV,Telephone Field,recover-20220825,002,1795
338.1965,338.2366,68437,82772,Rhinolophus ferrumequinum,0.025,0.025,-1,Echolocation,/mnt/ubna_data_01_mir/recover-20220825/UBNA_002/20220823_033000.WAV,Telephone Field,recover-20220825,002,1795
338.2215,338.2588,68437,81841,Rhinolophus ferrumequinum,0.038,0.038,-1,Echolocation,/mnt/ubna_data_01_mir/recover-20220825/UBNA_002/20220823_033000.WAV,Telephone Field,recover-20220825,002,1795
338.2555,338.2974,68437,82936,Rhinolophus ferrumequinum,0.035,0.035,-1,Echolocation,/mnt/ubna_data_01_mir/recover-20220825/UBNA_002/20220823_033000.WAV,Telephone Field,recover-20220825,002,1795
338.2585,338.2666,26328,36606,Eptesicus serotinus,0.011,0.028,-1,Echolocation,/mnt/ubna_data_01_mir/recover-20220825/UBNA_002/20220823_033000.WAV,Telephone Field,recover-20220825,002,1795
338.2885,338.3289,68437,82275,Rhinolophus ferrumequinum,0.028,0.028,-1,Echolocation,/mnt/ubna_data_01_mir/recover-20220825/UBNA_002/20220823_033000.WAV,Telephone Field,recover-20220825,002,1795
338.3195,338.3613,68437,83017,Rhinolophus ferrumequinum,0.033,0.033,-1,Echolocation,/mnt/ubna_data_01_mir/recover-20220825/UBNA_002/20220823_033000.WAV,Telephone Field,recover-20220825,002,1795
338.3215,338.3343,42656,46022,Pipistrellus pipistrellus,0.035,0.049,-1,Echolocation,/mnt/ubna_data_01_mir/recover-20220825/UBNA_002/20220823_033000.WAV,Telephone Field,recover-20220825,002,1795
338.3415,338.3791,68437,82328,Rhinolophus ferrumequinum,0.022,0.022,-1,Echolocation,/mnt/ubna_data_01_mir/recover-20220825/UBNA_002/20220823_033000.WAV,Telephone Field,recover-20220825,002,1795
338.3545,338.3677,45234,49366,Pipistrellus pipistrellus,0.038,0.044,-1,Echolocation,/mnt/ubna_data_01_mir/recover-20220825/UBNA_002/20220823_033000.WAV,Telephone Field,recover-20220825,002,1795
338.3715,338.4096,68437,82179,Rhinolophus ferrumequinum,0.022,0.022,-1,Echolocation,/mnt/ubna_data_01_mir/recover-20220825/UBNA_002/20220823_033000.WAV,Telephone Field,recover-20220825,002,1795
338.4055,338.4172,26328,32073,Eptesicus serotinus,0.014,0.029,-1,Echolocation,/mnt/ubna_data_01_mir/recover-20220825/UBNA_002/20220823_033000.WAV,Telephone Field,recover-20220825,002,1795
338.4085,338.4437,68437,81796,Rhinolophus ferrumequinum,0.023,0.023,-1,Echolocation,/mnt/ubna_data_01_mir/recover-20220825/UBNA_002/20220823_033000.WAV,Telephone Field,recover-20220825,002,1795
338.4345,338.4749,68437,82225,Rhinolophus ferrumequinum,0.026,0.026,-1,Echolocation,/mnt/ubna_data_01_mir/recover-20220825/UBNA_002/20220823_033000.WAV,Telephone Field,recover-20220825,002,1795
338.4575,338.4699,54687,58571,Pipistrellus pygmaeus,0.037,0.039,-1,Echolocation,/mnt/ubna_data_01_mir/recover-20220825/UBNA_002/20220823_033000.WAV,Telephone Field,recover-20220825,002,1795
338.4585,338.4974,68437,82431,Rhinolophus ferrumequinum,0.022,0.022,-1,Echolocation,/mnt/ubna_data_01_mir/recover-20220825/UBNA_002/20220823_033000.WAV,Telephone Field,recover-20220825,002,1795
338.4795,338.4872,30625,42972,Myotis daubentonii,0.008,0.024,-1,Echolocation,/mnt/ubna_data_01_mir/recover-20220825/UBNA_002/20220823_033000.WAV,Telephone Field,recover-20220825,002,1795
338.4955,338.5052,22890,28585,Nyctalus leisleri,0.009,0.023,-1,Echolocation,/mnt/ubna_data_01_mir/recover-20220825/UBNA_002/20220823_033000.WAV,Telephone Field,recover-20220825,002,1795
338.5035,338.5464,68437,82837,Rhinolophus ferrumequinum,0.057,0.057,-1,Echolocation,/mnt/ubna_data_01_mir/recover-20220825/UBNA_002/20220823_033000.WAV,Telephone Field,recover-20220825,002,1795
338.5235,338.5628,68437,82735,Rhinolophus ferrumequinum,0.023,0.023,-1,Echolocation,/mnt/ubna_data_01_mir/recover-20220825/UBNA_002/20220823_033000.WAV,Telephone Field,recover-20220825,002,1795
338.5335,338.5729,68437,82564,Rhinolophus ferrumequinum,0.023,0.023,-1,Echolocation,/mnt/ubna_data_01_mir/recover-20220825/UBNA_002/20220823_033000.WAV,Telephone Field,recover-20220825,002,1795
338.5405,338.5831,68437,83645,Rhinolophus ferrumequinum,0.025,0.025,-1,Echolocation,/mnt/ubna_data_01_mir/recover-20220825/UBNA_002/20220823_033000.WAV,Telephone Field,recover-20220825,002,1795
338.5485,338.5698,20312,23005,Nyctalus leisleri,0.101,0.203,-1,Echolocation,/mnt/ubna_data_01_mir/recover-20220825/UBNA_002/20220823_033000.WAV,Telephone Field,recover-20220825,002,1795
338.58050000000003,338.6191,68437,82153,Rhinolophus ferrumequinum,0.027,0.027,-1,Echolocation,/mnt/ubna_data_01_mir/recover-20220825/UBNA_002/20220823_033000.WAV,Telephone Field,recover-20220825,002,1795
338.5905,338.6308,68437,82364,Rhinolophus ferrumequinum,0.021,0.022,-1,Echolocation,/mnt/ubna_data_01_mir/recover-20220825/UBNA_002/20220823_033000.WAV,Telephone Field,recover-20220825,002,1795
338.6185,338.6262,28046,40242,Eptesicus serotinus,0.007,0.022,-1,Echolocation,/mnt/ubna_data_01_mir/recover-20220825/UBNA_002/20220823_033000.WAV,Telephone Field,recover-20220825,002,1795
338.6575,338.6985,68437,82550,Rhinolophus ferrumequinum,0.022,0.022,-1,Echolocation,/mnt/ubna_data_01_mir/recover-20220825/UBNA_002/20220823_033000.WAV,Telephone Field,recover-20220825,002,1795
338.6585,338.671,35781,40918,Pipistrellus nathusii,0.033,0.061,-1,Echolocation,/mnt/ubna_data_01_mir/recover-20220825/UBNA_002/20220823_033000.WAV,Telephone Field,recover-20220825,002,1795
338.6615,338.6696,28046,38001,Eptesicus serotinus,0.008,0.024,-1,Echolocation,/mnt/ubna_data_01_mir/recover-20220825/UBNA_002/20220823_033000.WAV,Telephone Field,recover-20220825,002,1795
338.6905,338.7307,68437,82678,Rhinolophus ferrumequinum,0.032,0.032,-1,Echolocation,/mnt/ubna_data_01_mir/recover-20220825/UBNA_002/20220823_033000.WAV,Telephone Field,recover-20220825,002,1795
338.6955,338.7022,28906,39086,Eptesicus serotinus,0.007,0.027,-1,Echolocation,/mnt/ubna_data_01_mir/recover-20220825/UBNA_002/20220823_033000.WAV,Telephone Field,recover-20220825,002,1795
338.7145,338.7557,68437,82125,Rhinolophus ferrumequinum,0.023,0.023,-1,Echolocation,/mnt/ubna_data_01_mir/recover-20220825/UBNA_002/20220823_033000.WAV,Telephone Field,recover-20220825,002,1795
338.7345,338.772,68437,82062,Rhinolophus ferrumequinum,0.025,0.025,-1,Echolocation,/mnt/ubna_data_01_mir/recover-20220825/UBNA_002/20220823_033000.WAV,Telephone Field,recover-20220825,002,1795
338.7435,338.7543,22890,28308,Nyctalus leisleri,0.013,0.027,-1,Echolocation,/mnt/ubna_data_01_mir/recover-20220825/UBNA_002/20220823_033000.WAV,Telephone Field,recover-20220825,002,1795
338.7695,338.7793,27187,36225,Eptesicus serotinus,0.01,0.022,-1,Echolocation,/mnt/ubna_data_01_mir/recover-20220825/UBNA_002/20220823_033000.WAV,Telephone Field,recover-20220825,002,1795
338.79449999999997,338.8013,48671,55285,Pipistrellus pipistrellus,0.019,0.022,-1,Echolocation,/mnt/ubna_data_01_mir/recover-20220825/UBNA_002/20220823_033000.WAV,Telephone Field,recover-20220825,002,1795
338.8055,338.846,68437,82000,Rhinolophus ferrumequinum,0.022,0.022,-1,Echolocation,/mnt/ubna_data_01_mir/recover-20220825/UBNA_002/20220823_033000.WAV,Telephone Field,recover-20220825,002,1795
338.8105,338.8186,27187,39875,Eptesicus serotinus,0.01,0.027,-1,Echolocation,/mnt/ubna_data_01_mir/recover-20220825/UBNA_002/20220823_033000.WAV,Telephone Field,recover-20220825,002,1795
338.83050000000003,338.8715,68437,83367,Rhinolophus ferrumequinum,0.031,0.031,-1,Echolocation,/mnt/ubna_data_01_mir/recover-20220825/UBNA_002/20220823_033000.WAV,Telephone Field,recover-20220825,002,1795
338.8565,338.8955,68437,82369,Rhinolophus ferrumequinum,0.021,0.021,-1,Echolocation,/mnt/ubna_data_01_mir/recover-20220825/UBNA_002/20220823_033000.WAV,Telephone Field,recover-20220825,002,1795
338.8785,338.919,68437,82330,Rhinolophus ferrumequinum,0.024,0.024,-1,Echolocation,/mnt/ubna_data_01_mir/recover-20220825/UBNA_002/20220823_033000.WAV,Telephone Field,recover-20220825,002,1795
338.8835,338.9225,68437,82150,Rhinolophus ferrumequinum,0.022,0.022,-1,Echolocation,/mnt/ubna_data_01_mir/recover-20220825/UBNA_002/20220823_033000.WAV,Telephone Field,recover-20220825,002,1795
338.9005,338.91179999999997,23750,28173,Nyctalus leisleri,0.015,0.028,-1,Echolocation,/mnt/ubna_data_01_mir/recover-20220825/UBNA_002/20220823_033000.WAV,Telephone Field,recover-20220825,002,1795
338.9015,338.9414,68437,82969,Rhinolophus ferrumequinum,0.024,0.024,-1,Echolocation,/mnt/ubna_data_01_mir/recover-20220825/UBNA_002/20220823_033000.WAV,Telephone Field,recover-20220825,002,1795
338.9295,338.9667,68437,81470,Rhinolophus ferrumequinum,0.022,0.022,-1,Echolocation,/mnt/ubna_data_01_mir/recover-20220825/UBNA_002/20220823_033000.WAV,Telephone Field,recover-20220825,002,1795
338.9375,338.9761,68437,82128,Rhinolophus ferrumequinum,0.022,0.022,-1,Echolocation,/mnt/ubna_data_01_mir/recover-20220825/UBNA_002/20220823_033000.WAV,Telephone Field,recover-20220825,002,1795
338.9425,338.9527,22031,27603,Nyctalus leisleri,0.01,0.025,-1,Echolocation,/mnt/ubna_data_01_mir/recover-20220825/UBNA_002/20220823_033000.WAV,Telephone Field,recover-20220825,002,1795
338.9855,338.9931,28046,38875,Eptesicus serotinus,0.007,0.021,-1,Echolocation,/mnt/ubna_data_01_mir/recover-20220825/UBNA_002/20220823_033000.WAV,Telephone Field,recover-20220825,002,1795
339.0105,339.049,68437,81837,Rhinolophus ferrumequinum,0.022,0.022,-1,Echolocation,/mnt/ubna_data_01_mir/recover-20220825/UBNA_002/20220823_033000.WAV,Telephone Field,recover-20220825,002,1795
339.0965,339.1336,68437,81350,Rhinolophus ferrumequinum,0.023,0.023,-1,Echolocation,/mnt/ubna_data_01_mir/recover-20220825/UBNA_002/20220823_033000.WAV,Telephone Field,recover-20220825,002,1795
339.1005,339.1065,28046,44190,Myotis nattereri,0.006,0.024,-1,Echolocation,/mnt/ubna_data_01_mir/recover-20220825/UBNA_002/20220823_033000.WAV,Telephone Field,recover-20220825,002,1795
339.1165,339.157,68437,82919,Rhinolophus ferrumequinum,0.028,0.028,-1,Echolocation,/mnt/ubna_data_01_mir/recover-20220825/UBNA_002/20220823_033000.WAV,Telephone Field,recover-20220825,002,1795
339.1295,339.1697,68437,82647,Rhinolophus ferrumequinum,0.029,0.029,-1,Echolocation,/mnt/ubna_data_01_mir/recover-20220825/UBNA_002/20220823_033000.WAV,Telephone Field,recover-20220825,002,1795
339.1575,339.1972,68437,82556,Rhinolophus ferrumequinum,0.024,0.024,-1,Echolocation,/mnt/ubna_data_01_mir/recover-20220825/UBNA_002/20220823_033000.WAV,Telephone Field,recover-20220825,002,1795
339.1705,339.2103,68437,82034,Rhinolophus ferrumequinum,0.023,0.023,-1,Echolocation,/mnt/ubna_data_01_mir/recover-20220825/UBNA_002/20220823_033000.WAV,Telephone Field,recover-20220825,002,1795
339.1705,339.1804,22031,27898,Plecotus austriacus,0.009,0.025,-1,Echolocation,/mnt/ubna_data_01_mir/recover-20220825/UBNA_002/20220823_033000.WAV,Telephone Field,recover-20220825,002,1795
339.1915,339.2296,68437,81722,Rhinolophus ferrumequinum,0.023,0.023,-1,Echolocation,/mnt/ubna_data_01_mir/recover-20220825/UBNA_002/20220823_033000.WAV,Telephone Field,recover-20220825,002,1795
339.2135,339.2479,68437,80592,Rhinolophus ferrumequinum,0.024,0.024,-1,Echolocation,/mnt/ubna_data_01_mir/recover-20220825/UBNA_002/20220823_033000.WAV,Telephone Field,recover-20220825,002,1795
339.2235,339.2306,28046,39176,Eptesicus serotinus,0.006,0.024,-1,Echolocation,/mnt/ubna_data_01_mir/recover-20220825/UBNA_002/20220823_033000.WAV,Telephone Field,recover-20220825,002,1795
339.2765,339.3132,68437,82082,Rhinolophus ferrumequinum,0.024,0.024,-1,Echolocation,/mnt/ubna_data_01_mir/recover-20220825/UBNA_002/20220823_033000.WAV,Telephone Field,recover-20220825,002,1795
339.2885,339.2961,28046,38504,Eptesicus serotinus,0.006,0.023,-1,Echolocation,/mnt/ubna_data_01_mir/recover-20220825/UBNA_002/20220823_033000.WAV,Telephone Field,recover-20220825,002,1795
339.3025,339.3428,68437,82772,Rhinolophus ferrumequinum,0.023,0.023,-1,Echolocation,/mnt/ubna_data_01_mir/recover-20220825/UBNA_002/20220823_033000.WAV,Telephone Field,recover-20220825,002,1795
339.3235,339.3668,68437,83031,Rhinolophus ferrumequinum,0.032,0.032,-1,Echolocation,/mnt/ubna_data_01_mir/recover-20220825/UBNA_002/20220823_033000.WAV,Telephone Field,recover-20220825,002,1795
339.3365,339.3448,22890,30547,Plecotus austriacus,0.009,0.023,-1,Echolocation,/mnt/ubna_data_01_mir/recover-20220825/UBNA_002/20220823_033000.WAV,Telephone Field,recover-20220825,002,1795
339.3565,339.3959,68437,82061,Rhinolophus ferrumequinum,0.022,0.022,-1,Echolocation,/mnt/ubna_data_01_mir/recover-20220825/UBNA_002/20220823_033000.WAV,Telephone Field,recover-20220825,002,1795
339.3715,339.3809,55546,60290,Pipistrellus pygmaeus,0.022,0.023,-1,Echolocation,/mnt/ubna_data_01_mir/recover-20220825/UBNA_002/20220823_033000.WAV,Telephone Field,recover-20220825,002,1795
339.4205,339.46,68437,82134,Rhinolophus ferrumequinum,0.034,0.034,-1,Echolocation,/mnt/ubna_data_01_mir/recover-20220825/UBNA_002/20220823_033000.WAV,Telephone Field,recover-20220825,002,1795
339.4295,339.4367,28046,39126,Eptesicus serotinus,0.007,0.027,-1,Echolocation,/mnt/ubna_data_01_mir/recover-20220825/UBNA_002/20220823_033000.WAV,Telephone Field,recover-20220825,002,1795
339.4495,339.4863,68437,81600,Rhinolophus ferrumequinum,0.026,0.026,-1,Echolocation,/mnt/ubna_data_01_mir/recover-20220825/UBNA_002/20220823_033000.WAV,Telephone Field,recover-20220825,002,1795
339.45550000000003,339.4659,22890,27878,Nyctalus leisleri,0.01,0.022,-1,Echolocation,/mnt/ubna_data_01_mir/recover-20220825/UBNA_002/20220823_033000.WAV,Telephone Field,recover-20220825,002,1795
339.4785,339.5194,68437,83000,Rhinolophus ferrumequinum,0.027,0.027,-1,Echolocation,/mnt/ubna_data_01_mir/recover-20220825/UBNA_002/20220823_033000.WAV,Telephone Field,recover-20220825,002,1795
339.4875,339.5262,68437,81980,Rhinolophus ferrumequinum,0.022,0.022,-1,Echolocation,/mnt/ubna_data_01_mir/recover-20220825/UBNA_002/20220823_033000.WAV,Telephone Field,recover-20220825,002,1795
339.5225,339.5586,68437,81177,Rhinolophus ferrumequinum,0.022,0.022,-1,Echolocation,/mnt/ubna_data_01_mir/recover-20220825/UBNA_002/20220823_033000.WAV,Telephone Field,recover-20220825,002,1795
339.5295,339.5653,68437,82290,Rhinolophus ferrumequinum,0.022,0.022,-1,Echolocation,/mnt/ubna_data_01_mir/recover-20220825/UBNA_002/20220823_033000.WAV,Telephone Field,recover-20220825,002,1795
339.5435,339.5847,68437,82699,Rhinolophus ferrumequinum,0.023,0.023,-1,Echolocation,/mnt/ubna_data_01_mir/recover-20220825/UBNA_002/20220823_033000.WAV,Telephone Field,recover-20220825,002,1795
339.5845,339.6238,68437,81932,Rhinolophus ferrumequinum,0.023,0.023,-1,Echolocation,/mnt/ubna_data_01_mir/recover-20220825/UBNA_002/20220823_033000.WAV,Telephone Field,recover-20220825,002,1795
339.5895,339.628,68437,82158,Rhinolophus ferrumequinum,0.023,0.023,-1,Echolocation,/mnt/ubna_data_01_mir/recover-20220825/UBNA_002/20220823_033000.WAV,Telephone Field,recover-20220825,002,1795
339.6115,339.6482,68437,81797,Rhinolophus ferrumequinum,0.028,0.028,-1,Echolocation,/mnt/ubna_data_01_mir/recover-20220825/UBNA_002/20220823_033000.WAV,Telephone Field,recover-20220825,002,1795
339.6205,339.65840000000003,68437,81619,Rhinolophus ferrumequinum,0.026,0.026,-1,Echolocation,/mnt/ubna_data_01_mir/recover-20220825/UBNA_002/20220823_033000.WAV,Telephone Field,recover-20220825,002,1795
339.6635,339.709,68437,83556,Rhinolophus ferrumequinum,0.042,0.042,-1,Echolocation,/mnt/ubna_data_01_mir/recover-20220825/UBNA_002/20220823_033000.WAV,Telephone Field,recover-20220825,002,1795
339.6765,339.7139,68437,81717,Rhinolophus ferrumequinum,0.022,0.022,-1,Echolocation,/mnt/ubna_data_01_mir/recover-20220825/UBNA_002/20220823_033000.WAV,Telephone Field,recover-20220825,002,1795
339.6785,339.6903,22031,26296,Nyctalus leisleri,0.011,0.022,-1,Echolocation,/mnt/ubna_data_01_mir/recover-20220825/UBNA_002/20220823_033000.WAV,Telephone Field,recover-20220825,002,1795
339.6875,339.6952,27187,39967,Eptesicus serotinus,0.007,0.025,-1,Echolocation,/mnt/ubna_data_01_mir/recover-20220825/UBNA_002/20220823_033000.WAV,Telephone Field,recover-20220825,002,1795
339.6995,339.7362,68437,81716,Rhinolophus ferrumequinum,0.023,0.023,-1,Echolocation,/mnt/ubna_data_01_mir/recover-20220825/UBNA_002/20220823_033000.WAV,Telephone Field,recover-20220825,002,1795
339.7285,339.7721,68437,83184,Rhinolophus ferrumequinum,0.043,0.043,-1,Echolocation,/mnt/ubna_data_01_mir/recover-20220825/UBNA_002/20220823_033000.WAV,Telephone Field,recover-20220825,002,1795
339.7435,339.7796,68437,81709,Rhinolophus ferrumequinum,0.022,0.022,-1,Echolocation,/mnt/ubna_data_01_mir/recover-20220825/UBNA_002/20220823_033000.WAV,Telephone Field,recover-20220825,002,1795
339.7665,339.7741,45234,50188,Pipistrellus pipistrellus,0.021,0.022,-1,Echolocation,/mnt/ubna_data_01_mir/recover-20220825/UBNA_002/20220823_033000.WAV,Telephone Field,recover-20220825,002,1795
339.7665,339.8065,68437,82679,Rhinolophus ferrumequinum,0.025,0.025,-1,Echolocation,/mnt/ubna_data_01_mir/recover-20220825/UBNA_002/20220823_033000.WAV,Telephone Field,recover-20220825,002,1795
339.7795,339.7903,54687,59266,Pipistrellus pygmaeus,0.019,0.022,-1,Echolocation,/mnt/ubna_data_01_mir/recover-20220825/UBNA_002/20220823_033000.WAV,Telephone Field,recover-20220825,002,1795
339.7865,339.8245,68437,81313,Rhinolophus ferrumequinum,0.023,0.023,-1,Echolocation,/mnt/ubna_data_01_mir/recover-20220825/UBNA_002/20220823_033000.WAV,Telephone Field,recover-20220825,002,1795
339.7865,339.7935,28046,39766,Eptesicus serotinus,0.006,0.022,-1,Echolocation,/mnt/ubna_data_01_mir/recover-20220825/UBNA_002/20220823_033000.WAV,Telephone Field,recover-20220825,002,1795
339.8105,339.8208,24609,31671,Eptesicus serotinus,0.01,0.025,-1,Echolocation,/mnt/ubna_data_01_mir/recover-20220825/UBNA_002/20220823_033000.WAV,Telephone Field,recover-20220825,002,1795
339.8205,339.8591,68437,81728,Rhinolophus ferrumequinum,0.022,0.022,-1,Echolocation,/mnt/ubna_data_01_mir/recover-20220825/UBNA_002/20220823_033000.WAV,Telephone Field,recover-20220825,002,1795
339.8335,339.8699,68437,81216,Rhinolophus ferrumequinum,0.023,0.023,-1,Echolocation,/mnt/ubna_data_01_mir/recover-20220825/UBNA_002/20220823_033000.WAV,Telephone Field,recover-20220825,002,1795
339.8425,339.8557,22890,27096,Nyctalus leisleri,0.015,0.026,-1,Echolocation,/mnt/ubna_data_01_mir/recover-20220825/UBNA_002/20220823_033000.WAV,Telephone Field,recover-20220825,002,1795
339.8595,339.8991,68437,82523,Rhinolophus ferrumequinum,0.028,0.028,-1,Echolocation,/mnt/ubna_data_01_mir/recover-20220825/UBNA_002/20220823_033000.WAV,Telephone Field,recover-20220825,002,1795
339.8665,339.9047,68437,81914,Rhinolophus ferrumequinum,0.025,0.025,-1,Echolocation,/mnt/ubna_data_01_mir/recover-20220825/UBNA_002/20220823_033000.WAV,Telephone Field,recover-20220825,002,1795
339.8745,339.8836,28906,37116,Eptesicus serotinus,0.009,0.022,-1,Echolocation,/mnt/ubna_data_01_mir/recover-20220825/UBNA_002/20220823_033000.WAV,Telephone Field,recover-20220825,002,1795
339.8875,339.8955,28046,39568,Eptesicus serotinus,0.007,0.022,-1,Echolocation,/mnt/ubna_data_01_mir/recover-20220825/UBNA_002/20220823_033000.WAV,Telephone Field,recover-20220825,002,1795
339.8875,339.9299,68437,82619,Rhinolophus ferrumequinum,0.029,0.029,-1,Echolocation,/mnt/ubna_data_01_mir/recover-20220825/UBNA_002/20220823_033000.WAV,Telephone Field,recover-20220825,002,1795
339.8995,339.9098,28906,35639,Eptesicus serotinus,0.009,0.023,-1,Echolocation,/mnt/ubna_data_01_mir/recover-20220825/UBNA_002/20220823_033000.WAV,Telephone Field,recover-20220825,002,1795
339.9255,339.9667,68437,82692,Rhinolophus ferrumequinum,0.023,0.023,-1,Echolocation,/mnt/ubna_data_01_mir/recover-20220825/UBNA_002/20220823_033000.WAV,Telephone Field,recover-20220825,002,1795
339.9845,339.9925,28046,38241,Eptesicus serotinus,0.006,0.022,-1,Echolocation,/mnt/ubna_data_01_mir/recover-20220825/UBNA_002/20220823_033000.WAV,Telephone Field,recover-20220825,002,1795
340.0015,340.0315,68437,79270,Rhinolophus ferrumequinum,0.05,0.05,-1,Echolocation,/mnt/ubna_data_01_mir/recover-20220825/UBNA_002/20220823_033000.WAV,Telephone Field,recover-20220825,002,1795
340.0015,340.0088,24609,34280,Nyctalus leisleri,0.007,0.027,-1,Echolocation,/mnt/ubna_data_01_mir/recover-20220825/UBNA_002/20220823_033000.WAV,Telephone Field,recover-20220825,002,1795
340.0515,340.0592,28046,38631,Eptesicus serotinus,0.007,0.023,-1,Echolocation,/mnt/ubna_data_01_mir/recover-20220825/UBNA_002/20220823_033000.WAV,Telephone Field,recover-20220825,002,1795
340.0785,340.1183,68437,82260,Rhinolophus ferrumequinum,0.028,0.028,-1,Echolocation,/mnt/ubna_data_01_mir/recover-20220825/UBNA_002/20220823_033000.WAV,Telephone Field,recover-20220825,002,1795
340.0815,340.0894,23750,32448,Plecotus austriacus,0.01,0.026,-1,Echolocation,/mnt/ubna_data_01_mir/recover-20220825/UBNA_002/20220823_033000.WAV,Telephone Field,recover-20220825,002,1795
340.1125,340.1553,68437,82559,Rhinolophus ferrumequinum,0.025,0.025,-1,Echolocation,/mnt/ubna_data_01_mir/recover-20220825/UBNA_002/20220823_033000.WAV,Telephone Field,recover-20220825,002,1795
340.1135,340.1231,27187,39955,Eptesicus serotinus,0.011,0.027,-1,Echolocation,/mnt/ubna_data_01_mir/recover-20220825/UBNA_002/20220823_033000.WAV,Telephone Field,recover-20220825,002,1795
340.1235,340.1635,68437,82573,Rhinolophus ferrumequinum,0.021,0.021,-1,Echolocation,/mnt/ubna_data_01_mir/recover-20220825/UBNA_002/20220823_033000.WAV,Telephone Field,recover-20220825,002,1795
340.1255,340.134,28046,37731,Eptesicus serotinus,0.008,0.022,-1,Echolocation,/mnt/ubna_data_01_mir/recover-20220825/UBNA_002/20220823_033000.WAV,Telephone Field,recover-20220825,002,1795
340.1405,340.15070000000003,22890,27749,Nyctalus leisleri,0.01,0.021,-1,Echolocation,/mnt/ubna_data_01_mir/recover-20220825/UBNA_002/20220823_033000.WAV,Telephone Field,recover-20220825,002,1795
340.1485,340.187,68437,82239,Rhinolophus ferrumequinum,0.022,0.022,-1,Echolocation,/mnt/ubna_data_01_mir/recover-20220825/UBNA_002/20220823_033000.WAV,Telephone Field,recover-20220825,002,1795
340.1515,340.1587,28906,38881,Eptesicus serotinus,0.007,0.023,-1,Echolocation,/mnt/ubna_data_01_mir/recover-20220825/UBNA_002/20220823_033000.WAV,Telephone Field,recover-20220825,002,1795
340.1525,340.1626,22890,28938,Nyctalus leisleri,0.012,0.027,-1,Echolocation,/mnt/ubna_data_01_mir/recover-20220825/UBNA_002/20220823_033000.WAV,Telephone Field,recover-20220825,002,1795
340.1715,340.1807,28046,37187,Eptesicus serotinus,0.008,0.023,-1,Echolocation,/mnt/ubna_data_01_mir/recover-20220825/UBNA_002/20220823_033000.WAV,Telephone Field,recover-20220825,002,1795
340.1905,340.1991,38359,45723,Barbastellus barbastellus,0.009,0.024,-1,Echolocation,/mnt/ubna_data_01_mir/recover-20220825/UBNA_002/20220823_033000.WAV,Telephone Field,recover-20220825,002,1795
340.1905,340.197,28046,42201,Eptesicus serotinus,0.006,0.021,-1,Echolocation,/mnt/ubna_data_01_mir/recover-20220825/UBNA_002/20220823_033000.WAV,Telephone Field,recover-20220825,002,1795
340.2035,340.2425,68437,81759,Rhinolophus ferrumequinum,0.029,0.029,-1,Echolocation,/mnt/ubna_data_01_mir/recover-20220825/UBNA_002/20220823_033000.WAV,Telephone Field,recover-20220825,002,1795
340.2285,340.2672,68437,82079,Rhinolophus ferrumequinum,0.021,0.022,-1,Echolocation,/mnt/ubna_data_01_mir/recover-20220825/UBNA_002/20220823_033000.WAV,Telephone Field,recover-20220825,002,1795
340.2315,340.2387,28046,40920,Eptesicus serotinus,0.007,0.023,-1,Echolocation,/mnt/ubna_data_01_mir/recover-20220825/UBNA_002/20220823_033000.WAV,Telephone Field,recover-20220825,002,1795
340.2345,340.249,40937,45112,Pipistrellus nathusii,0.025,0.043,-1,Echolocation,/mnt/ubna_data_01_mir/recover-20220825/UBNA_002/20220823_033000.WAV,Telephone Field,recover-20220825,002,1795
340.2455,340.254,28906,37793,Eptesicus serotinus,0.026,0.046,-1,Echolocation,/mnt/ubna_data_01_mir/recover-20220825/UBNA_002/20220823_033000.WAV,Telephone Field,recover-20220825,002,1795
340.2685,340.3109,68437,83115,Rhinolophus ferrumequinum,0.047,0.047,-1,Echolocation,/mnt/ubna_data_01_mir/recover-20220825/UBNA_002/20220823_033000.WAV,Telephone Field,recover-20220825,002,1795
340.3065,340.3464,68437,82854,Rhinolophus ferrumequinum,0.034,0.034,-1,Echolocation,/mnt/ubna_data_01_mir/recover-20220825/UBNA_002/20220823_033000.WAV,Telephone Field,recover-20220825,002,1795
340.3325,340.3435,24609,30655,Nyctalus leisleri,0.011,0.028,-1,Echolocation,/mnt/ubna_data_01_mir/recover-20220825/UBNA_002/20220823_033000.WAV,Telephone Field,recover-20220825,002,1795
340.3435,340.3562,52109,55956,Pipistrellus pygmaeus,0.022,0.028,-1,Echolocation,/mnt/ubna_data_01_mir/recover-20220825/UBNA_002/20220823_033000.WAV,Telephone Field,recover-20220825,002,1795
340.3715,340.4109,68437,81987,Rhinolophus ferrumequinum,0.026,0.026,-1,Echolocation,/mnt/ubna_data_01_mir/recover-20220825/UBNA_002/20220823_033000.WAV,Telephone Field,recover-20220825,002,1795
340.3755,340.3818,27187,38508,Eptesicus serotinus,0.006,0.024,-1,Echolocation,/mnt/ubna_data_01_mir/recover-20220825/UBNA_002/20220823_033000.WAV,Telephone Field,recover-20220825,002,1795
340.4145,340.427,23750,29623,Nyctalus leisleri,0.012,0.028,-1,Echolocation,/mnt/ubna_data_01_mir/recover-20220825/UBNA_002/20220823_033000.WAV,Telephone Field,recover-20220825,002,1795
340.4365,340.4741,68437,82108,Rhinolophus ferrumequinum,0.021,0.021,-1,Echolocation,/mnt/ubna_data_01_mir/recover-20220825/UBNA_002/20220823_033000.WAV,Telephone Field,recover-20220825,002,1795
340.5165,340.53,15156,20718,Nyctalus noctula,0.014,0.022,-1,Echolocation,/mnt/ubna_data_01_mir/recover-20220825/UBNA_002/20220823_033000.WAV,Telephone Field,recover-20220825,002,1795
340.5215,340.5643,68437,83107,Rhinolophus ferrumequinum,0.035,0.035,-1,Echolocation,/mnt/ubna_data_01_mir/recover-20220825/UBNA_002/20220823_033000.WAV,Telephone Field,recover-20220825,002,1795
340.5595,340.5953,68437,80383,Rhinolophus ferrumequinum,0.021,0.022,-1,Echolocation,/mnt/ubna_data_01_mir/recover-20220825/UBNA_002/20220823_033000.WAV,Telephone Field,recover-20220825,002,1795
340.5605,340.5716,27187,33861,Eptesicus serotinus,0.013,0.025,-1,Echolocation,/mnt/ubna_data_01_mir/recover-20220825/UBNA_002/20220823_033000.WAV,Telephone Field,recover-20220825,002,1795
340.5675,340.6031,68437,81080,Rhinolophus ferrumequinum,0.024,0.024,-1,Echolocation,/mnt/ubna_data_01_mir/recover-20220825/UBNA_002/20220823_033000.WAV,Telephone Field,recover-20220825,002,1795
340.5745,340.5829,27187,39505,Eptesicus serotinus,0.008,0.021,-1,Echolocation,/mnt/ubna_data_01_mir/recover-20220825/UBNA_002/20220823_033000.WAV,Telephone Field,recover-20220825,002,1795
340.5895,340.5995,28906,36292,Eptesicus serotinus,0.01,0.022,-1,Echolocation,/mnt/ubna_data_01_mir/recover-20220825/UBNA_002/20220823_033000.WAV,Telephone Field,recover-20220825,002,1795
340.5965,340.6314,68437,80802,Rhinolophus ferrumequinum,0.022,0.022,-1,Echolocation,/mnt/ubna_data_01_mir/recover-20220825/UBNA_002/20220823_033000.WAV,Telephone Field,recover-20220825,002,1795
340.6305,340.6703,68437,82779,Rhinolophus ferrumequinum,0.025,0.025,-1,Echolocation,/mnt/ubna_data_01_mir/recover-20220825/UBNA_002/20220823_033000.WAV,Telephone Field,recover-20220825,002,1795
340.6445,340.6817,68437,81917,Rhinolophus ferrumequinum,0.021,0.021,-1,Echolocation,/mnt/ubna_data_01_mir/recover-20220825/UBNA_002/20220823_033000.WAV,Telephone Field,recover-20220825,002,1795
340.6525,340.6609,28906,36812,Eptesicus serotinus,0.008,0.023,-1,Echolocation,/mnt/ubna_data_01_mir/recover-20220825/UBNA_002/20220823_033000.WAV,Telephone Field,recover-20220825,002,1795
340.6645,340.6707,49531,55471,Pipistrellus pipistrellus,0.02,0.022,-1,Echolocation,/mnt/ubna_data_01_mir/recover-20220825/UBNA_002/20220823_033000.WAV,Telephone Field,recover-20220825,002,1795
340.6655,340.7042,68437,82200,Rhinolophus ferrumequinum,0.022,0.023,-1,Echolocation,/mnt/ubna_data_01_mir/recover-20220825/UBNA_002/20220823_033000.WAV,Telephone Field,recover-20220825,002,1795
340.6995,340.7086,27187,38762,Eptesicus serotinus,0.009,0.024,-1,Echolocation,/mnt/ubna_data_01_mir/recover-20220825/UBNA_002/20220823_033000.WAV,Telephone Field,recover-20220825,002,1795
340.7205,340.7295,22890,29620,Plecotus austriacus,0.008,0.023,-1,Echolocation,/mnt/ubna_data_01_mir/recover-20220825/UBNA_002/20220823_033000.WAV,Telephone Field,recover-20220825,002,1795
340.7265,340.7641,68437,82898,Rhinolophus ferrumequinum,0.026,0.026,-1,Echolocation,/mnt/ubna_data_01_mir/recover-20220825/UBNA_002/20220823_033000.WAV,Telephone Field,recover-20220825,002,1795
340.7355,340.7766,68437,82316,Rhinolophus ferrumequinum,0.021,0.021,-1,Echolocation,/mnt/ubna_data_01_mir/recover-20220825/UBNA_002/20220823_033000.WAV,Telephone Field,recover-20220825,002,1795
340.8165,340.8253,51250,57619,Pipistrellus pipistrellus,0.031,0.04,-1,Echolocation,/mnt/ubna_data_01_mir/recover-20220825/UBNA_002/20220823_033000.WAV,Telephone Field,recover-20220825,002,1795
340.8175,340.8263,28046,40392,Eptesicus serotinus,0.008,0.021,-1,Echolocation,/mnt/ubna_data_01_mir/recover-20220825/UBNA_002/20220823_033000.WAV,Telephone Field,recover-20220825,002,1795
340.8775,340.9185,68437,82994,Rhinolophus ferrumequinum,0.024,0.024,-1,Echolocation,/mnt/ubna_data_01_mir/recover-20220825/UBNA_002/20220823_033000.WAV,Telephone Field,recover-20220825,002,1795
340.8915,340.9317,68437,82318,Rhinolophus ferrumequinum,0.029,0.029,-1,Echolocation,/mnt/ubna_data_01_mir/recover-20220825/UBNA_002/20220823_033000.WAV,Telephone Field,recover-20220825,002,1795
340.9095,340.9468,68437,81091,Rhinolophus ferrumequinum,0.021,0.021,-1,Echolocation,/mnt/ubna_data_01_mir/recover-20220825/UBNA_002/20220823_033000.WAV,Telephone Field,recover-20220825,002,1795
340.9515,340.98969999999997,68437,82227,Rhinolophus ferrumequinum,0.023,0.023,-1,Echolocation,/mnt/ubna_data_01_mir/recover-20220825/UBNA_002/20220823_033000.WAV,Telephone Field,recover-20220825,002,1795
340.9735,340.9848,52109,57636,Pipistrellus pipistrellus,0.014,0.025,-1,Echolocation,/mnt/ubna_data_01_mir/recover-20220825/UBNA_002/20220823_033000.WAV,Telephone Field,recover-20220825,002,1795
340.9805,340.9952,23750,29131,Nyctalus leisleri,0.015,0.031,-1,Echolocation,/mnt/ubna_data_01_mir/recover-20220825/UBNA_002/20220823_033000.WAV,Telephone Field,recover-20220825,002,1795
340.9865,341.0228,68437,81453,Rhinolophus ferrumequinum,0.022,0.022,-1,Echolocation,/mnt/ubna_data_01_mir/recover-20220825/UBNA_002/20220823_033000.WAV,Telephone Field,recover-20220825,002,1795
341.0065,341.0458,68437,82312,Rhinolophus ferrumequinum,0.022,0.022,-1,Echolocation,/mnt/ubna_data_01_mir/recover-20220825/UBNA_002/20220823_033000.WAV,Telephone Field,recover-20220825,002,1795
341.0245,341.0436,20312,23621,Nyctalus leisleri,0.012,0.023,-1,Echolocation,/mnt/ubna_data_01_mir/recover-20220825/UBNA_002/20220823_033000.WAV,Telephone Field,recover-20220825,002,1795
341.0425,341.0835,68437,82340,Rhinolophus ferrumequinum,0.024,0.024,-1,Echolocation,/mnt/ubna_data_01_mir/recover-20220825/UBNA_002/20220823_033000.WAV,Telephone Field,recover-20220825,002,1795
341.0565,341.089,68437,80040,Rhinolophus ferrumequinum,0.021,0.021,-1,Echolocation,/mnt/ubna_data_01_mir/recover-20220825/UBNA_002/20220823_033000.WAV,Telephone Field,recover-20220825,002,1795
341.0745,341.1099,68437,81601,Rhinolophus ferrumequinum,0.023,0.023,-1,Echolocation,/mnt/ubna_data_01_mir/recover-20220825/UBNA_002/20220823_033000.WAV,Telephone Field,recover-20220825,002,1795
341.0865,341.1241,68437,82535,Rhinolophus ferrumequinum,0.026,0.026,-1,Echolocation,/mnt/ubna_data_01_mir/recover-20220825/UBNA_002/20220823_033000.WAV,Telephone Field,recover-20220825,002,1795
341.1595,341.2005,68437,82755,Rhinolophus ferrumequinum,0.037,0.037,-1,Echolocation,/mnt/ubna_data_01_mir/recover-20220825/UBNA_002/20220823_033000.WAV,Telephone Field,recover-20220825,002,1795
341.1765,341.1861,26328,34105,Eptesicus serotinus,0.01,0.022,-1,Echolocation,/mnt/ubna_data_01_mir/recover-20220825/UBNA_002/20220823_033000.WAV,Telephone Field,recover-20220825,002,1795
341.2155,341.2525,68437,81425,Rhinolophus ferrumequinum,0.021,0.021,-1,Echolocation,/mnt/ubna_data_01_mir/recover-20220825/UBNA_002/20220823_033000.WAV,Telephone Field,recover-20220825,002,1795
341.2365,341.2454,23750,30857,Nyctalus leisleri,0.007,0.024,-1,Echolocation,/mnt/ubna_data_01_mir/recover-20220825/UBNA_002/20220823_033000.WAV,Telephone Field,recover-20220825,002,1795
341.2605,341.2796,19453,23119,Nyctalus noctula,0.014,0.028,-1,Echolocation,/mnt/ubna_data_01_mir/recover-20220825/UBNA_002/20220823_033000.WAV,Telephone Field,recover-20220825,002,1795
341.2645,341.2724,27187,35654,Eptesicus serotinus,0.007,0.022,-1,Echolocation,/mnt/ubna_data_01_mir/recover-20220825/UBNA_002/20220823_033000.WAV,Telephone Field,recover-20220825,002,1795
341.2775,341.3202,68437,82725,Rhinolophus ferrumequinum,0.029,0.029,-1,Echolocation,/mnt/ubna_data_01_mir/recover-20220825/UBNA_002/20220823_033000.WAV,Telephone Field,recover-20220825,002,1795
341.2815,341.2902,43515,53898,Pipistrellus pipistrellus,0.012,0.022,-1,Echolocation,/mnt/ubna_data_01_mir/recover-20220825/UBNA_002/20220823_033000.WAV,Telephone Field,recover-20220825,002,1795
341.2875,341.2939,28046,40742,Eptesicus serotinus,0.006,0.026,-1,Echolocation,/mnt/ubna_data_01_mir/recover-20220825/UBNA_002/20220823_033000.WAV,Telephone Field,recover-20220825,002,1795
341.2915,341.3287,68437,81578,Rhinolophus ferrumequinum,0.022,0.022,-1,Echolocation,/mnt/ubna_data_01_mir/recover-20220825/UBNA_002/20220823_033000.WAV,Telephone Field,recover-20220825,002,1795
341.2965,341.3072,28046,35235,Eptesicus serotinus,0.011,0.024,-1,Echolocation,/mnt/ubna_data_01_mir/recover-20220825/UBNA_002/20220823_033000.WAV,Telephone Field,recover-20220825,002,1795
341.3215,341.363,68437,83272,Rhinolophus ferrumequinum,0.043,0.043,-1,Echolocation,/mnt/ubna_data_01_mir/recover-20220825/UBNA_002/20220823_033000.WAV,Telephone Field,recover-20220825,002,1795
341.3485,341.3915,68437,83313,Rhinolophus ferrumequinum,0.03,0.03,-1,Echolocation,/mnt/ubna_data_01_mir/recover-20220825/UBNA_002/20220823_033000.WAV,Telephone Field,recover-20220825,002,1795
341.3815,341.4173,68437,82014,Rhinolophus ferrumequinum,0.022,0.022,-1,Echolocation,/mnt/ubna_data_01_mir/recover-20220825/UBNA_002/20220823_033000.WAV,Telephone Field,recover-20220825,002,1795
341.3915,341.4294,68437,81962,Rhinolophus ferrumequinum,0.021,0.021,-1,Echolocation,/mnt/ubna_data_01_mir/recover-20220825/UBNA_002/20220823_033000.WAV,Telephone Field,recover-20220825,002,1795
341.4095,341.4265,21171,24335,Nyctalus leisleri,0.016,0.026,-1,Echolocation,/mnt/ubna_data_01_mir/recover-20220825/UBNA_002/20220823_033000.WAV,Telephone Field,recover-20220825,002,1795
341.4125,341.4534,68437,82642,Rhinolophus ferrumequinum,0.023,0.023,-1,Echolocation,/mnt/ubna_data_01_mir/recover-20220825/UBNA_002/20220823_033000.WAV,Telephone Field,recover-20220825,002,1795
341.4465,341.4857,68437,82628,Rhinolophus ferrumequinum,0.023,0.023,-1,Echolocation,/mnt/ubna_data_01_mir/recover-20220825/UBNA_002/20220823_033000.WAV,Telephone Field,recover-20220825,002,1795
341.4575,341.4986,68437,82415,Rhinolophus ferrumequinum,0.026,0.026,-1,Echolocation,/mnt/ubna_data_01_mir/recover-20220825/UBNA_002/20220823_033000.WAV,Telephone Field,recover-20220825,002,1795
341.5215,341.56,68437,82054,Rhinolophus ferrumequinum,0.021,0.021,-1,Echolocation,/mnt/ubna_data_01_mir/recover-20220825/UBNA_002/20220823_033000.WAV,Telephone Field,recover-20220825,002,1795
341.5375,341.5495,23750,28890,Nyctalus leisleri,0.011,0.022,-1,Echolocation,/mnt/ubna_data_01_mir/recover-20220825/UBNA_002/20220823_033000.WAV,Telephone Field,recover-20220825,002,1795
341.5555,341.5942,68437,82581,Rhinolophus ferrumequinum,0.022,0.022,-1,Echolocation,/mnt/ubna_data_01_mir/recover-20220825/UBNA_002/20220823_033000.WAV,Telephone Field,recover-20220825,002,1795
341.5685,341.6083,68437,82375,Rhinolophus ferrumequinum,0.029,0.029,-1,Echolocation,/mnt/ubna_data_01_mir/recover-20220825/UBNA_002/20220823_033000.WAV,Telephone Field,recover-20220825,002,1795
341.6345,341.6424,28906,41341,Eptesicus serotinus,0.007,0.022,-1,Echolocation,/mnt/ubna_data_01_mir/recover-20220825/UBNA_002/20220823_033000.WAV,Telephone Field,recover-20220825,002,1795
341.6705,341.7102,68437,81884,Rhinolophus ferrumequinum,0.024,0.024,-1,Echolocation,/mnt/ubna_data_01_mir/recover-20220825/UBNA_002/20220823_033000.WAV,Telephone Field,recover-20220825,002,1795
341.6945,341.7359,68437,82862,Rhinolophus ferrumequinum,0.024,0.024,-1,Echolocation,/mnt/ubna_data_01_mir/recover-20220825/UBNA_002/20220823_033000.WAV,Telephone Field,recover-20220825,002,1795
341.7025,341.741,68437,82080,Rhinolophus ferrumequinum,0.022,0.022,-1,Echolocation,/mnt/ubna_data_01_mir/recover-20220825/UBNA_002/20220823_033000.WAV,Telephone Field,recover-20220825,002,1795
341.7335,341.7715,68437,81283,Rhinolophus ferrumequinum,0.023,0.023,-1,Echolocation,/mnt/ubna_data_01_mir/recover-20220825/UBNA_002/20220823_033000.WAV,Telephone Field,recover-20220825,002,1795
341.7405,341.7504,25468,33500,Eptesicus serotinus,0.009,0.022,-1,Echolocation,/mnt/ubna_data_01_mir/recover-20220825/UBNA_002/20220823_033000.WAV,Telephone Field,recover-20220825,002,1795
341.7615,341.7993,68437,81849,Rhinolophus ferrumequinum,0.021,0.021,-1,Echolocation,/mnt/ubna_data_01_mir/recover-20220825/UBNA_002/20220823_033000.WAV,Telephone Field,recover-20220825,002,1795
341.8045,341.8127,28046,38461,Eptesicus serotinus,0.008,0.022,-1,Echolocation,/mnt/ubna_data_01_mir/recover-20220825/UBNA_002/20220823_033000.WAV,Telephone Field,recover-20220825,002,1795
341.8125,341.8523,68437,82782,Rhinolophus ferrumequinum,0.029,0.029,-1,Echolocation,/mnt/ubna_data_01_mir/recover-20220825/UBNA_002/20220823_033000.WAV,Telephone Field,recover-20220825,002,1795
341.8135,341.8233,28046,36237,Eptesicus serotinus,0.009,0.022,-1,Echolocation,/mnt/ubna_data_01_mir/recover-20220825/UBNA_002/20220823_033000.WAV,Telephone Field,recover-20220825,002,1795
341.8535,341.8927,68437,82286,Rhinolophus ferrumequinum,0.023,0.023,-1,Echolocation,/mnt/ubna_data_01_mir/recover-20220825/UBNA_002/20220823_033000.WAV,Telephone Field,recover-20220825,002,1795
341.8785,341.8886,55546,62775,Pipistrellus pygmaeus,0.02,0.021,-1,Echolocation,/mnt/ubna_data_01_mir/recover-20220825/UBNA_002/20220823_033000.WAV,Telephone Field,recover-20220825,002,1795
341.8815,341.919,68437,81481,Rhinolophus ferrumequinum,0.024,0.024,-1,Echolocation,/mnt/ubna_data_01_mir/recover-20220825/UBNA_002/20220823_033000.WAV,Telephone Field,recover-20220825,002,1795
341.8855,341.8939,22890,29938,Plecotus austriacus,0.009,0.023,-1,Echolocation,/mnt/ubna_data_01_mir/recover-20220825/UBNA_002/20220823_033000.WAV,Telephone Field,recover-20220825,002,1795
341.9015,341.9405,68437,82285,Rhinolophus ferrumequinum,0.023,0.023,-1,Echolocation,/mnt/ubna_data_01_mir/recover-20220825/UBNA_002/20220823_033000.WAV,Telephone Field,recover-20220825,002,1795
341.9155,341.9537,68437,81538,Rhinolophus ferrumequinum,0.022,0.022,-1,Echolocation,/mnt/ubna_data_01_mir/recover-20220825/UBNA_002/20220823_033000.WAV,Telephone Field,recover-20220825,002,1795
341.9215,341.9354,15156,20734,Nyctalus noctula,0.015,0.023,-1,Echolocation,/mnt/ubna_data_01_mir/recover-20220825/UBNA_002/20220823_033000.WAV,Telephone Field,recover-20220825,002,1795
341.9495,341.9904,68437,82539,Rhinolophus ferrumequinum,0.021,0.021,-1,Echolocation,/mnt/ubna_data_01_mir/recover-20220825/UBNA_002/20220823_033000.WAV,Telephone Field,recover-20220825,002,1795
342.0015,342.011,46953,53756,Pipistrellus pipistrellus,0.017,0.023,-1,Echolocation,/mnt/ubna_data_01_mir/recover-20220825/UBNA_002/20220823_033000.WAV,Telephone Field,recover-20220825,002,1795
342.0015,342.0415,68437,80333,Rhinolophus ferrumequinum,0.061,0.062,-1,Echolocation,/mnt/ubna_data_01_mir/recover-20220825/UBNA_002/20220823_033000.WAV,Telephone Field,recover-20220825,002,1795
342.0015,342.0145,14296,19413,Nyctalus noctula,0.007,0.023,-1,Echolocation,/mnt/ubna_data_01_mir/recover-20220825/UBNA_002/20220823_033000.WAV,Telephone Field,recover-20220825,002,1795
342.0015,342.0145,31484,37253,Eptesicus serotinus,0.007,0.023,-1,Echolocation,/mnt/ubna_data_01_mir/recover-20220825/UBNA_002/20220823_033000.WAV,Telephone Field,recover-20220825,002,1795
342.0015,342.0106,23750,30554,Nyctalus leisleri,0.012,0.03,-1,Echolocation,/mnt/ubna_data_01_mir/recover-20220825/UBNA_002/20220823_033000.WAV,Telephone Field,recover-20220825,002,1795
342.0015,342.0164,58125,64873,Pipistrellus pygmaeus,0.02,0.022,-1,Echolocation,/mnt/ubna_data_01_mir/recover-20220825/UBNA_002/20220823_033000.WAV,Telephone Field,recover-20220825,002,1795
342.0075,342.0531,68437,83102,Rhinolophus ferrumequinum,0.036,0.036,-1,Echolocation,/mnt/ubna_data_01_mir/recover-20220825/UBNA_002/20220823_033000.WAV,Telephone Field,recover-20220825,002,1795
342.0775,342.0864,28906,39784,Eptesicus serotinus,0.008,0.022,-1,Echolocation,/mnt/ubna_data_01_mir/recover-20220825/UBNA_002/20220823_033000.WAV,Telephone Field,recover-20220825,002,1795
342.1075,342.1494,68437,82897,Rhinolophus ferrumequinum,0.027,0.027,-1,Echolocation,/mnt/ubna_data_01_mir/recover-20220825/UBNA_002/20220823_033000.WAV,Telephone Field,recover-20220825,002,1795
342.1505,342.194,68437,83141,Rhinolophus ferrumequinum,0.026,0.026,-1,Echolocation,/mnt/ubna_data_01_mir/recover-20220825/UBNA_002/20220823_033000.WAV,Telephone Field,recover-20220825,002,1795
342.1775,342.219,68437,82355,Rhinolophus ferrumequinum,0.021,0.021,-1,Echolocation,/mnt/ubna_data_01_mir/recover-20220825/UBNA_002/20220823_033000.WAV,Telephone Field,recover-20220825,002,1795
342.2405,342.2476,27187,38999,Eptesicus serotinus,0.006,0.023,-1,Echolocation,/mnt/ubna_data_01_mir/recover-20220825/UBNA_002/20220823_033000.WAV,Telephone Field,recover-20220825,002,1795
342.2545,342.2925,68437,81360,Rhinolophus ferrumequinum,0.023,0.023,-1,Echolocation,/mnt/ubna_data_01_mir/recover-20220825/UBNA_002/20220823_033000.WAV,Telephone Field,recover-20220825,002,1795
342.2625,342.3018,68437,82517,Rhinolophus ferrumequinum,0.026,0.026,-1,Echolocation,/mnt/ubna_data_01_mir/recover-20220825/UBNA_002/20220823_033000.WAV,Telephone Field,recover-20220825,002,1795
342.2865,342.3223,68437,80812,Rhinolophus ferrumequinum,0.021,0.021,-1,Echolocation,/mnt/ubna_data_01_mir/recover-20220825/UBNA_002/20220823_033000.WAV,Telephone Field,recover-20220825,002,1795
342.3135,342.3556,68437,82853,Rhinolophus ferrumequinum,0.033,0.033,-1,Echolocation,/mnt/ubna_data_01_mir/recover-20220825/UBNA_002/20220823_033000.WAV,Telephone Field,recover-20220825,002,1795
342.3295,342.3379,28046,41417,Eptesicus serotinus,0.011,0.027,-1,Echolocation,/mnt/ubna_data_01_mir/recover-20220825/UBNA_002/20220823_033000.WAV,Telephone Field,recover-20220825,002,1795
342.3805,342.3889,28046,37302,Eptesicus serotinus,0.008,0.023,-1,Echolocation,/mnt/ubna_data_01_mir/recover-20220825/UBNA_002/20220823_033000.WAV,Telephone Field,recover-20220825,002,1795
342.3895,342.4282,68437,81735,Rhinolophus ferrumequinum,0.021,0.021,-1,Echolocation,/mnt/ubna_data_01_mir/recover-20220825/UBNA_002/20220823_033000.WAV,Telephone Field,recover-20220825,002,1795
342.4205,342.4289,23750,31409,Plecotus austriacus,0.007,0.023,-1,Echolocation,/mnt/ubna_data_01_mir/recover-20220825/UBNA_002/20220823_033000.WAV,Telephone Field,recover-20220825,002,1795
342.4365,342.4787,68437,82808,Rhinolophus ferrumequinum,0.031,0.031,-1,Echolocation,/mnt/ubna_data_01_mir/recover-20220825/UBNA_002/20220823_033000.WAV,Telephone Field,recover-20220825,002,1795
342.4655,342.4752,28046,37214,Eptesicus serotinus,0.008,0.022,-1,Echolocation,/mnt/ubna_data_01_mir/recover-20220825/UBNA_002/20220823_033000.WAV,Telephone Field,recover-20220825,002,1795
342.4925,342.52909999999997,68437,81812,Rhinolophus ferrumequinum,0.021,0.021,-1,Echolocation,/mnt/ubna_data_01_mir/recover-20220825/UBNA_002/20220823_033000.WAV,Telephone Field,recover-20220825,002,1795
342.5155,342.5238,28046,38105,Eptesicus serotinus,0.008,0.021,-1,Echolocation,/mnt/ubna_data_01_mir/recover-20220825/UBNA_002/20220823_033000.WAV,Telephone Field,recover-20220825,002,1795
342.5185,342.5314,14296,19887,Nyctalus noctula,0.049,0.07,-1,Echolocation,/mnt/ubna_data_01_mir/recover-20220825/UBNA_002/20220823_033000.WAV,Telephone Field,recover-20220825,002,1795
342.5355,342.5714,68437,81367,Rhinolophus ferrumequinum,0.024,0.024,-1,Echolocation,/mnt/ubna_data_01_mir/recover-20220825/UBNA_002/20220823_033000.WAV,Telephone Field,recover-20220825,002,1795
342.5545,342.5915,68437,81352,Rhinolophus ferrumequinum,0.023,0.023,-1,Echolocation,/mnt/ubna_data_01_mir/recover-20220825/UBNA_002/20220823_033000.WAV,Telephone Field,recover-20220825,002,1795
342.5695,342.6094,68437,82650,Rhinolophus ferrumequinum,0.035,0.035,-1,Echolocation,/mnt/ubna_data_01_mir/recover-20220825/UBNA_002/20220823_033000.WAV,Telephone Field,recover-20220825,002,1795
342.5795,342.5876,28046,37146,Eptesicus serotinus,0.007,0.021,-1,Echolocation,/mnt/ubna_data_01_mir/recover-20220825/UBNA_002/20220823_033000.WAV,Telephone Field,recover-20220825,002,1795
342.6595,342.6975,68437,81992,Rhinolophus ferrumequinum,0.023,0.023,-1,Echolocation,/mnt/ubna_data_01_mir/recover-20220825/UBNA_002/20220823_033000.WAV,Telephone Field,recover-20220825,002,1795
342.66949999999997,342.6822,36640,41070,Pipistrellus nathusii,0.043,0.063,-1,Echolocation,/mnt/ubna_data_01_mir/recover-20220825/UBNA_002/20220823_033000.WAV,Telephone Field,recover-20220825,002,1795
342.7065,342.7453,68437,82321,Rhinolophus ferrumequinum,0.024,0.024,-1,Echolocation,/mnt/ubna_data_01_mir/recover-20220825/UBNA_002/20220823_033000.WAV,Telephone Field,recover-20220825,002,1795
342.7175,342.7258,28046,39513,Eptesicus serotinus,0.008,0.021,-1,Echolocation,/mnt/ubna_data_01_mir/recover-20220825/UBNA_002/20220823_033000.WAV,Telephone Field,recover-20220825,002,1795
342.7225,342.7314,57265,62510,Pipistrellus pygmaeus,0.021,0.021,-1,Echolocation,/mnt/ubna_data_01_mir/recover-20220825/UBNA_002/20220823_033000.WAV,Telephone Field,recover-20220825,002,1795
342.7355,342.7737,68437,81923,Rhinolophus ferrumequinum,0.022,0.022,-1,Echolocation,/mnt/ubna_data_01_mir/recover-20220825/UBNA_002/20220823_033000.WAV,Telephone Field,recover-20220825,002,1795
342.7715,342.8096,68437,82193,Rhinolophus ferrumequinum,0.023,0.023,-1,Echolocation,/mnt/ubna_data_01_mir/recover-20220825/UBNA_002/20220823_033000.WAV,Telephone Field,recover-20220825,002,1795
342.8005,342.83820000000003,68437,82203,Rhinolophus ferrumequinum,0.025,0.025,-1,Echolocation,/mnt/ubna_data_01_mir/recover-20220825/UBNA_002/20220823_033000.WAV,Telephone Field,recover-20220825,002,1795
342.8215,342.8592,68437,81770,Rhinolophus ferrumequinum,0.022,0.022,-1,Echolocation,/mnt/ubna_data_01_mir/recover-20220825/UBNA_002/20220823_033000.WAV,Telephone Field,recover-20220825,002,1795
342.8945,342.9321,68437,81558,Rhinolophus ferrumequinum,0.022,0.022,-1,Echolocation,/mnt/ubna_data_01_mir/recover-20220825/UBNA_002/20220823_033000.WAV,Telephone Field,recover-20220825,002,1795
342.9065,342.9432,68437,81659,Rhinolophus ferrumequinum,0.021,0.021,-1,Echolocation,/mnt/ubna_data_01_mir/recover-20220825/UBNA_002/20220823_033000.WAV,Telephone Field,recover-20220825,002,1795
342.9115,342.9451,68437,81321,Rhinolophus ferrumequinum,0.021,0.021,-1,Echolocation,/mnt/ubna_data_01_mir/recover-20220825/UBNA_002/20220823_033000.WAV,Telephone Field,recover-20220825,002,1795
342.9295,342.9696,68437,82990,Rhinolophus ferrumequinum,0.028,0.028,-1,Echolocation,/mnt/ubna_data_01_mir/recover-20220825/UBNA_002/20220823_033000.WAV,Telephone Field,recover-20220825,002,1795
342.9595,342.9702,22890,28107,Nyctalus leisleri,0.01,0.022,-1,Echolocation,/mnt/ubna_data_01_mir/recover-20220825/UBNA_002/20220823_033000.WAV,Telephone Field,recover-20220825,002,1795
342.9665,342.987,17734,21454,Nyctalus noctula,0.013,0.022,-1,Echolocation,/mnt/ubna_data_01_mir/recover-20220825/UBNA_002/20220823_033000.WAV,Telephone Field,recover-20220825,002,1795
342.9735,343.0102,68437,81905,Rhinolophus ferrumequinum,0.026,0.026,-1,Echolocation,/mnt/ubna_data_01_mir/recover-20220825/UBNA_002/20220823_033000.WAV,Telephone Field,recover-20220825,002,1795
343.0235,343.0316,28046,36994,Eptesicus serotinus,0.01,0.025,-1,Echolocation,/mnt/ubna_data_01_mir/recover-20220825/UBNA_002/20220823_033000.WAV,Telephone Field,recover-20220825,002,1795
343.0325,343.0459,22890,27786,Nyctalus leisleri,0.014,0.027,-1,Echolocation,/mnt/ubna_data_01_mir/recover-20220825/UBNA_002/20220823_033000.WAV,Telephone Field,recover-20220825,002,1795
343.0395,343.0769,68437,81841,Rhinolophus ferrumequinum,0.023,0.023,-1,Echolocation,/mnt/ubna_data_01_mir/recover-20220825/UBNA_002/20220823_033000.WAV,Telephone Field,recover-20220825,002,1795
343.0585,343.0683,25468,34339,Eptesicus serotinus,0.013,0.027,-1,Echolocation,/mnt/ubna_data_01_mir/recover-20220825/UBNA_002/20220823_033000.WAV,Telephone Field,recover-20220825,002,1795
343.0945,343.1049,22031,26936,Nyctalus leisleri,0.011,0.023,-1,Echolocation,/mnt/ubna_data_01_mir/recover-20220825/UBNA_002/20220823_033000.WAV,Telephone Field,recover-20220825,002,1795
343.0955,343.1025,27187,37998,Eptesicus serotinus,0.006,0.021,-1,Echolocation,/mnt/ubna_data_01_mir/recover-20220825/UBNA_002/20220823_033000.WAV,Telephone Field,recover-20220825,002,1795
343.0965,343.1052,47812,51492,Pipistrellus pipistrellus,0.086,0.09,-1,Echolocation,/mnt/ubna_data_01_mir/recover-20220825/UBNA_002/20220823_033000.WAV,Telephone Field,recover-20220825,002,1795
343.1245,343.1653,68437,82188,Rhinolophus ferrumequinum,0.03,0.03,-1,Echolocation,/mnt/ubna_data_01_mir/recover-20220825/UBNA_002/20220823_033000.WAV,Telephone Field,recover-20220825,002,1795
343.1455,343.1523,27187,38932,Eptesicus serotinus,0.009,0.027,-1,Echolocation,/mnt/ubna_data_01_mir/recover-20220825/UBNA_002/20220823_033000.WAV,Telephone Field,recover-20220825,002,1795
343.1805,343.2198,68437,82384,Rhinolophus ferrumequinum,0.024,0.024,-1,Echolocation,/mnt/ubna_data_01_mir/recover-20220825/UBNA_002/20220823_033000.WAV,Telephone Field,recover-20220825,002,1795
343.1995,343.2103,22890,27059,Nyctalus leisleri,0.012,0.022,-1,Echolocation,/mnt/ubna_data_01_mir/recover-20220825/UBNA_002/20220823_033000.WAV,Telephone Field,recover-20220825,002,1795
343.2115,343.2191,28046,37657,Eptesicus serotinus,0.007,0.023,-1,Echolocation,/mnt/ubna_data_01_mir/recover-20220825/UBNA_002/20220823_033000.WAV,Telephone Field,recover-20220825,002,1795
343.2135,343.2214,46953,53355,Pipistrellus pipistrellus,0.02,0.021,-1,Echolocation,/mnt/ubna_data_01_mir/recover-20220825/UBNA_002/20220823_033000.WAV,Telephone Field,recover-20220825,002,1795
343.2295,343.2677,68437,82207,Rhinolophus ferrumequinum,0.023,0.023,-1,Echolocation,/mnt/ubna_data_01_mir/recover-20220825/UBNA_002/20220823_033000.WAV,Telephone Field,recover-20220825,002,1795
343.2415,343.2822,68437,82905,Rhinolophus ferrumequinum,0.023,0.023,-1,Echolocation,/mnt/ubna_data_01_mir/recover-20220825/UBNA_002/20220823_033000.WAV,Telephone Field,recover-20220825,002,1795
343.2415,343.2553,52109,56855,Pipistrellus pygmaeus,0.015,0.024,-1,Echolocation,/mnt/ubna_data_01_mir/recover-20220825/UBNA_002/20220823_033000.WAV,Telephone Field,recover-20220825,002,1795
343.2665,343.2759,28046,36596,Eptesicus serotinus,0.009,0.022,-1,Echolocation,/mnt/ubna_data_01_mir/recover-20220825/UBNA_002/20220823_033000.WAV,Telephone Field,recover-20220825,002,1795
343.2815,343.289,28046,42698,Eptesicus serotinus,0.007,0.021,-1,Echolocation,/mnt/ubna_data_01_mir/recover-20220825/UBNA_002/20220823_033000.WAV,Telephone Field,recover-20220825,002,1795
343.3275,343.3651,68437,82372,Rhinolophus ferrumequinum,0.023,0.023,-1,Echolocation,/mnt/ubna_data_01_mir/recover-20220825/UBNA_002/20220823_033000.WAV,Telephone Field,recover-20220825,002,1795
343.3465,343.3832,68437,82184,Rhinolophus ferrumequinum,0.021,0.021,-1,Echolocation,/mnt/ubna_data_01_mir/recover-20220825/UBNA_002/20220823_033000.WAV,Telephone Field,recover-20220825,002,1795
343.3585,343.3687,22031,27217,Nyctalus leisleri,0.009,0.022,-1,Echolocation,/mnt/ubna_data_01_mir/recover-20220825/UBNA_002/20220823_033000.WAV,Telephone Field,recover-20220825,002,1795
343.3615,343.3975,68437,80957,Rhinolophus ferrumequinum,0.025,0.025,-1,Echolocation,/mnt/ubna_data_01_mir/recover-20220825/UBNA_002/20220823_033000.WAV,Telephone Field,recover-20220825,002,1795
343.3665,343.3761,25468,33883,Eptesicus serotinus,0.01,0.024,-1,Echolocation,/mnt/ubna_data_01_mir/recover-20220825/UBNA_002/20220823_033000.WAV,Telephone Field,recover-20220825,002,1795
343.3735,343.4104,68437,82401,Rhinolophus ferrumequinum,0.022,0.022,-1,Echolocation,/mnt/ubna_data_01_mir/recover-20220825/UBNA_002/20220823_033000.WAV,Telephone Field,recover-20220825,002,1795
343.3765,343.3877,23750,29239,Nyctalus leisleri,0.009,0.022,-1,Echolocation,/mnt/ubna_data_01_mir/recover-20220825/UBNA_002/20220823_033000.WAV,Telephone Field,recover-20220825,002,1795
343.3805,343.3908,52109,57130,Pipistrellus pygmaeus,0.03,0.037,-1,Echolocation,/mnt/ubna_data_01_mir/recover-20220825/UBNA_002/20220823_033000.WAV,Telephone Field,recover-20220825,002,1795
343.4105,343.4523,68437,82423,Rhinolophus ferrumequinum,0.025,0.025,-1,Echolocation,/mnt/ubna_data_01_mir/recover-20220825/UBNA_002/20220823_033000.WAV,Telephone Field,recover-20220825,002,1795
343.4615,343.5019,68437,81959,Rhinolophus ferrumequinum,0.021,0.021,-1,Echolocation,/mnt/ubna_data_01_mir/recover-20220825/UBNA_002/20220823_033000.WAV,Telephone Field,recover-20220825,002,1795
343.4805,343.489,27187,38735,Eptesicus serotinus,0.008,0.022,-1,Echolocation,/mnt/ubna_data_01_mir/recover-20220825/UBNA_002/20220823_033000.WAV,Telephone Field,recover-20220825,002,1795
343.4865,343.5271,68437,81992,Rhinolophus ferrumequinum,0.021,0.021,-1,Echolocation,/mnt/ubna_data_01_mir/recover-20220825/UBNA_002/20220823_033000.WAV,Telephone Field,recover-20220825,002,1795
343.5015,343.5123,23750,29729,Eptesicus serotinus,0.008,0.022,-1,Echolocation,/mnt/ubna_data_01_mir/recover-20220825/UBNA_002/20220823_033000.WAV,Telephone Field,recover-20220825,002,1795
343.5105,343.52139999999997,24609,30722,Eptesicus serotinus,0.009,0.023,-1,Echolocation,/mnt/ubna_data_01_mir/recover-20220825/UBNA_002/20220823_033000.WAV,Telephone Field,recover-20220825,002,1795
343.5535,343.5873,68437,80504,Rhinolophus ferrumequinum,0.024,0.024,-1,Echolocation,/mnt/ubna_data_01_mir/recover-20220825/UBNA_002/20220823_033000.WAV,Telephone Field,recover-20220825,002,1795
343.6045,343.6424,68437,81871,Rhinolophus ferrumequinum,0.021,0.021,-1,Echolocation,/mnt/ubna_data_01_mir/recover-20220825/UBNA_002/20220823_033000.WAV,Telephone Field,recover-20220825,002,1795
343.6335,343.6734,68437,81984,Rhinolophus ferrumequinum,0.021,0.021,-1,Echolocation,/mnt/ubna_data_01_mir/recover-20220825/UBNA_002/20220823_033000.WAV,Telephone Field,recover-20220825,002,1795
343.6415,343.68,68437,81883,Rhinolophus ferrumequinum,0.021,0.021,-1,Echolocation,/mnt/ubna_data_01_mir/recover-20220825/UBNA_002/20220823_033000.WAV,Telephone Field,recover-20220825,002,1795
343.6495,343.688,68437,81801,Rhinolophus ferrumequinum,0.022,0.022,-1,Echolocation,/mnt/ubna_data_01_mir/recover-20220825/UBNA_002/20220823_033000.WAV,Telephone Field,recover-20220825,002,1795
343.6665,343.6784,22890,28017,Nyctalus leisleri,0.013,0.025,-1,Echolocation,/mnt/ubna_data_01_mir/recover-20220825/UBNA_002/20220823_033000.WAV,Telephone Field,recover-20220825,002,1795
343.6855,343.7244,68437,82412,Rhinolophus ferrumequinum,0.022,0.022,-1,Echolocation,/mnt/ubna_data_01_mir/recover-20220825/UBNA_002/20220823_033000.WAV,Telephone Field,recover-20220825,002,1795
343.6995,343.7068,27187,36782,Eptesicus serotinus,0.009,0.027,-1,Echolocation,/mnt/ubna_data_01_mir/recover-20220825/UBNA_002/20220823_033000.WAV,Telephone Field,recover-20220825,002,1795
343.7065,343.741,68437,81191,Rhinolophus ferrumequinum,0.023,0.023,-1,Echolocation,/mnt/ubna_data_01_mir/recover-20220825/UBNA_002/20220823_033000.WAV,Telephone Field,recover-20220825,002,1795
343.7615,343.7777,21171,24528,Nyctalus leisleri,0.013,0.021,-1,Echolocation,/mnt/ubna_data_01_mir/recover-20220825/UBNA_002/20220823_033000.WAV,Telephone Field,recover-20220825,002,1795
343.7725,343.8118,68437,82880,Rhinolophus ferrumequinum,0.031,0.031,-1,Echolocation,/mnt/ubna_data_01_mir/recover-20220825/UBNA_002/20220823_033000.WAV,Telephone Field,recover-20220825,002,1795
343.8795,343.8874,28906,38410,Eptesicus serotinus,0.01,0.028,-1,Echolocation,/mnt/ubna_data_01_mir/recover-20220825/UBNA_002/20220823_033000.WAV,Telephone Field,recover-20220825,002,1795
343.8805,343.8869,24609,34439,Plecotus austriacus,0.012,0.027,-1,Echolocation,/mnt/ubna_data_01_mir/recover-20220825/UBNA_002/20220823_033000.WAV,Telephone Field,recover-20220825,002,1795
343.9595,343.9987,68437,82191,Rhinolophus ferrumequinum,0.022,0.022,-1,Echolocation,/mnt/ubna_data_01_mir/recover-20220825/UBNA_002/20220823_033000.WAV,Telephone Field,recover-20220825,002,1795
343.9835,343.9939,28046,36415,Eptesicus serotinus,0.009,0.022,-1,Echolocation,/mnt/ubna_data_01_mir/recover-20220825/UBNA_002/20220823_033000.WAV,Telephone Field,recover-20220825,002,1795
344.0015,344.0089,24609,35905,Plecotus austriacus,0.007,0.033,-1,Echolocation,/mnt/ubna_data_01_mir/recover-20220825/UBNA_002/20220823_033000.WAV,Telephone Field,recover-20220825,002,1795
344.0015,344.0072,47812,58675,Pipistrellus pipistrellus,0.006,0.024,-1,Echolocation,/mnt/ubna_data_01_mir/recover-20220825/UBNA_002/20220823_033000.WAV,Telephone Field,recover-20220825,002,1795
344.0015,344.0288,69296,80974,Rhinolophus ferrumequinum,0.033,0.033,-1,Echolocation,/mnt/ubna_data_01_mir/recover-20220825/UBNA_002/20220823_033000.WAV,Telephone Field,recover-20220825,002,1795
344.0035,344.011,56406,61872,Pipistrellus pygmaeus,0.039,0.042,-1,Echolocation,/mnt/ubna_data_01_mir/recover-20220825/UBNA_002/20220823_033000.WAV,Telephone Field,recover-20220825,002,1795
344.0215,344.0261,37500,50646,Myotis daubentonii,0.218,0.441,-1,Echolocation,/mnt/ubna_data_01_mir/recover-20220825/UBNA_002/20220823_033000.WAV,Telephone Field,recover-20220825,002,1795
344.0485,344.0549,30625,41070,Myotis daubentonii,0.029,0.068,-1,Echolocation,/mnt/ubna_data_01_mir/recover-20220825/UBNA_002/20220823_033000.WAV,Telephone Field,recover-20220825,002,1795
344.0635,344.0704,37500,44937,Myotis daubentonii,0.014,0.031,-1,Echolocation,/mnt/ubna_data_01_mir/recover-20220825/UBNA_002/20220823_033000.WAV,Telephone Field,recover-20220825,002,1795
344.0665,344.0725,30625,48561,Myotis daubentonii,0.025,0.033,-1,Echolocation,/mnt/ubna_data_01_mir/recover-20220825/UBNA_002/20220823_033000.WAV,Telephone Field,recover-20220825,002,1795
344.0745,344.0829,24609,32977,Eptesicus serotinus,0.006,0.024,-1,Echolocation,/mnt/ubna_data_01_mir/recover-20220825/UBNA_002/20220823_033000.WAV,Telephone Field,recover-20220825,002,1795
344.1115,344.1166,37500,49604,Myotis daubentonii,0.189,0.295,-1,Echolocation,/mnt/ubna_data_01_mir/recover-20220825/UBNA_002/20220823_033000.WAV,Telephone Field,recover-20220825,002,1795
344.1115,344.1161,30625,55550,Myotis daubentonii,0.141,0.195,-1,Echolocation,/mnt/ubna_data_01_mir/recover-20220825/UBNA_002/20220823_033000.WAV,Telephone Field,recover-20220825,002,1795
344.1225,344.131,28046,35916,Eptesicus serotinus,0.01,0.035,-1,Echolocation,/mnt/ubna_data_01_mir/recover-20220825/UBNA_002/20220823_033000.WAV,Telephone Field,recover-20220825,002,1795
344.1605,344.1986,68437,81571,Rhinolophus ferrumequinum,0.024,0.024,-1,Echolocation,/mnt/ubna_data_01_mir/recover-20220825/UBNA_002/20220823_033000.WAV,Telephone Field,recover-20220825,002,1795
344.1755,344.2159,68437,82330,Rhinolophus ferrumequinum,0.026,0.026,-1,Echolocation,/mnt/ubna_data_01_mir/recover-20220825/UBNA_002/20220823_033000.WAV,Telephone Field,recover-20220825,002,1795
344.1795,344.1857,31484,46229,Myotis daubentonii,0.02,0.028,-1,Echolocation,/mnt/ubna_data_01_mir/recover-20220825/UBNA_002/20220823_033000.WAV,Telephone Field,recover-20220825,002,1795
344.1875,344.1938,36640,52315,Myotis daubentonii,0.01,0.024,-1,Echolocation,/mnt/ubna_data_01_mir/recover-20220825/UBNA_002/20220823_033000.WAV,Telephone Field,recover-20220825,002,1795
344.20550000000003,344.2109,38359,48731,Myotis daubentonii,0.148,0.262,-1,Echolocation,/mnt/ubna_data_01_mir/recover-20220825/UBNA_002/20220823_033000.WAV,Telephone Field,recover-20220825,002,1795
344.2205,344.2597,68437,82355,Rhinolophus ferrumequinum,0.03,0.03,-1,Echolocation,/mnt/ubna_data_01_mir/recover-20220825/UBNA_002/20220823_033000.WAV,Telephone Field,recover-20220825,002,1795
344.2755,344.2825,28906,40808,Myotis daubentonii,0.012,0.03,-1,Echolocation,/mnt/ubna_data_01_mir/recover-20220825/UBNA_002/20220823_033000.WAV,Telephone Field,recover-20220825,002,1795
344.3035,344.3414,68437,82216,Rhinolophus ferrumequinum,0.035,0.036,-1,Echolocation,/mnt/ubna_data_01_mir/recover-20220825/UBNA_002/20220823_033000.WAV,Telephone Field,recover-20220825,002,1795
344.3045,344.3104,35781,50572,Myotis daubentonii,0.013,0.027,-1,Echolocation,/mnt/ubna_data_01_mir/recover-20220825/UBNA_002/20220823_033000.WAV,Telephone Field,recover-20220825,002,1795
344.3365,344.3421,39218,48238,Pipistrellus nathusii,0.093,0.238,-1,Echolocation,/mnt/ubna_data_01_mir/recover-20220825/UBNA_002/20220823_033000.WAV,Telephone Field,recover-20220825,002,1795
344.3655,344.373,26328,35641,Eptesicus serotinus,0.007,0.028,-1,Echolocation,/mnt/ubna_data_01_mir/recover-20220825/UBNA_002/20220823_033000.WAV,Telephone Field,recover-20220825,002,1795
344.3865,344.3944,26328,34625,Eptesicus serotinus,0.01,0.028,-1,Echolocation,/mnt/ubna_data_01_mir/recover-20220825/UBNA_002/20220823_033000.WAV,Telephone Field,recover-20220825,002,1795
344.4105,344.4211,28046,36328,Eptesicus serotinus,0.017,0.035,-1,Echolocation,/mnt/ubna_data_01_mir/recover-20220825/UBNA_002/20220823_033000.WAV,Telephone Field,recover-20220825,002,1795
344.4345,344.4744,68437,82738,Rhinolophus ferrumequinum,0.031,0.031,-1,Echolocation,/mnt/ubna_data_01_mir/recover-20220825/UBNA_002/20220823_033000.WAV,Telephone Field,recover-20220825,002,1795
344.4345,344.4415,28046,44752,Myotis daubentonii,0.017,0.028,-1,Echolocation,/mnt/ubna_data_01_mir/recover-20220825/UBNA_002/20220823_033000.WAV,Telephone Field,recover-20220825,002,1795
344.4365,344.4432,35781,52159,Myotis daubentonii,0.015,0.027,-1,Echolocation,/mnt/ubna_data_01_mir/recover-20220825/UBNA_002/20220823_033000.WAV,Telephone Field,recover-20220825,002,1795
344.4545,344.4931,68437,81978,Rhinolophus ferrumequinum,0.024,0.024,-1,Echolocation,/mnt/ubna_data_01_mir/recover-20220825/UBNA_002/20220823_033000.WAV,Telephone Field,recover-20220825,002,1795
344.4805,344.4871,55546,60829,Pipistrellus pygmaeus,0.027,0.028,-1,Echolocation,/mnt/ubna_data_01_mir/recover-20220825/UBNA_002/20220823_033000.WAV,Telephone Field,recover-20220825,002,1795
344.4905,344.5015,22890,28301,Nyctalus leisleri,0.012,0.027,-1,Echolocation,/mnt/ubna_data_01_mir/recover-20220825/UBNA_002/20220823_033000.WAV,Telephone Field,recover-20220825,002,1795
344.4945,344.5004,30625,52184,Myotis daubentonii,0.018,0.026,-1,Echolocation,/mnt/ubna_data_01_mir/recover-20220825/UBNA_002/20220823_033000.WAV,Telephone Field,recover-20220825,002,1795
344.5035,344.5152,23750,28172,Nyctalus leisleri,0.015,0.028,-1,Echolocation,/mnt/ubna_data_01_mir/recover-20220825/UBNA_002/20220823_033000.WAV,Telephone Field,recover-20220825,002,1795
344.5235,344.5288,39218,51357,Myotis daubentonii,0.144,0.339,-1,Echolocation,/mnt/ubna_data_01_mir/recover-20220825/UBNA_002/20220823_033000.WAV,Telephone Field,recover-20220825,002,1795
344.5565,344.5957,68437,82391,Rhinolophus ferrumequinum,0.03,0.03,-1,Echolocation,/mnt/ubna_data_01_mir/recover-20220825/UBNA_002/20220823_033000.WAV,Telephone Field,recover-20220825,002,1795
344.5585,344.5654,31484,42340,Myotis daubentonii,0.019,0.041,-1,Echolocation,/mnt/ubna_data_01_mir/recover-20220825/UBNA_002/20220823_033000.WAV,Telephone Field,recover-20220825,002,1795
344.5995,344.6409,68437,83083,Rhinolophus ferrumequinum,0.028,0.028,-1,Echolocation,/mnt/ubna_data_01_mir/recover-20220825/UBNA_002/20220823_033000.WAV,Telephone Field,recover-20220825,002,1795
344.6805,344.687,30625,43163,Myotis daubentonii,0.021,0.037,-1,Echolocation,/mnt/ubna_data_01_mir/recover-20220825/UBNA_002/20220823_033000.WAV,Telephone Field,recover-20220825,002,1795
344.6825,344.6895,25468,36891,Eptesicus serotinus,0.01,0.038,-1,Echolocation,/mnt/ubna_data_01_mir/recover-20220825/UBNA_002/20220823_033000.WAV,Telephone Field,recover-20220825,002,1795
344.7135,344.7198,39218,50280,Myotis daubentonii,0.069,0.224,-1,Echolocation,/mnt/ubna_data_01_mir/recover-20220825/UBNA_002/20220823_033000.WAV,Telephone Field,recover-20220825,002,1795
344.7145,344.7201,28046,51703,Myotis daubentonii,0.05,0.068,-1,Echolocation,/mnt/ubna_data_01_mir/recover-20220825/UBNA_002/20220823_033000.WAV,Telephone Field,recover-20220825,002,1795
344.7395,344.7525,14296,18634,Nyctalus noctula,0.023,0.044,-1,Echolocation,/mnt/ubna_data_01_mir/recover-20220825/UBNA_002/20220823_033000.WAV,Telephone Field,recover-20220825,002,1795
344.7565,344.7629,27187,36632,Eptesicus serotinus,0.006,0.026,-1,Echolocation,/mnt/ubna_data_01_mir/recover-20220825/UBNA_002/20220823_033000.WAV,Telephone Field,recover-20220825,002,1795
344.7735,344.8149,68437,82616,Rhinolophus ferrumequinum,0.025,0.025,-1,Echolocation,/mnt/ubna_data_01_mir/recover-20220825/UBNA_002/20220823_033000.WAV,Telephone Field,recover-20220825,002,1795
344.8065,344.8121,38359,48488,Pipistrellus nathusii,0.139,0.401,-1,Echolocation,/mnt/ubna_data_01_mir/recover-20220825/UBNA_002/20220823_033000.WAV,Telephone Field,recover-20220825,002,1795
344.8115,344.818,56406,65745,Pipistrellus pygmaeus,0.027,0.027,-1,Echolocation,/mnt/ubna_data_01_mir/recover-20220825/UBNA_002/20220823_033000.WAV,Telephone Field,recover-20220825,002,1795
344.8445,344.8513,26328,36066,Eptesicus serotinus,0.007,0.029,-1,Echolocation,/mnt/ubna_data_01_mir/recover-20220825/UBNA_002/20220823_033000.WAV,Telephone Field,recover-20220825,002,1795
344.8525,344.859,29765,48611,Myotis daubentonii,0.022,0.033,-1,Echolocation,/mnt/ubna_data_01_mir/recover-20220825/UBNA_002/20220823_033000.WAV,Telephone Field,recover-20220825,002,1795
344.8875,344.8951,25468,36144,Eptesicus serotinus,0.007,0.027,-1,Echolocation,/mnt/ubna_data_01_mir/recover-20220825/UBNA_002/20220823_033000.WAV,Telephone Field,recover-20220825,002,1795
344.8875,344.8945,32343,44614,Myotis daubentonii,0.015,0.028,-1,Echolocation,/mnt/ubna_data_01_mir/recover-20220825/UBNA_002/20220823_033000.WAV,Telephone Field,recover-20220825,002,1795
344.8935,344.90070000000003,27187,36805,Myotis daubentonii,0.01,0.029,-1,Echolocation,/mnt/ubna_data_01_mir/recover-20220825/UBNA_002/20220823_033000.WAV,Telephone Field,recover-20220825,002,1795
344.9515,344.9568,37500,51173,Myotis daubentonii,0.121,0.24,-1,Echolocation,/mnt/ubna_data_01_mir/recover-20220825/UBNA_002/20220823_033000.WAV,Telephone Field,recover-20220825,002,1795
344.9835,345.0183,68437,81241,Rhinolophus ferrumequinum,0.025,0.025,-1,Echolocation,/mnt/ubna_data_01_mir/recover-20220825/UBNA_002/20220823_033000.WAV,Telephone Field,recover-20220825,002,1795
344.9915,344.997,38359,54553,Myotis brandtii,0.013,0.031,-1,Echolocation,/mnt/ubna_data_01_mir/recover-20220825/UBNA_002/20220823_033000.WAV,Telephone Field,recover-20220825,002,1795
344.9915,344.9981,45234,50563,Pipistrellus pipistrellus,0.024,0.029,-1,Echolocation,/mnt/ubna_data_01_mir/recover-20220825/UBNA_002/20220823_033000.WAV,Telephone Field,recover-20220825,002,1795
344.9935,344.9995,29765,51010,Myotis daubentonii,0.02,0.03,-1,Echolocation,/mnt/ubna_data_01_mir/recover-20220825/UBNA_002/20220823_033000.WAV,Telephone Field,recover-20220825,002,1795
345.0275,345.0378,28046,35881,Eptesicus serotinus,0.03,0.053,-1,Echolocation,/mnt/ubna_data_01_mir/recover-20220825/UBNA_002/20220823_033000.WAV,Telephone Field,recover-20220825,002,1795
345.0515,345.0563,37500,50508,Myotis daubentonii,0.087,0.132,-1,Echolocation,/mnt/ubna_data_01_mir/recover-20220825/UBNA_002/20220823_033000.WAV,Telephone Field,recover-20220825,002,1795
345.0625,345.0704,27187,35539,Eptesicus serotinus,0.007,0.025,-1,Echolocation,/mnt/ubna_data_01_mir/recover-20220825/UBNA_002/20220823_033000.WAV,Telephone Field,recover-20220825,002,1795
345.0755,345.1108,68437,81204,Rhinolophus ferrumequinum,0.03,0.03,-1,Echolocation,/mnt/ubna_data_01_mir/recover-20220825/UBNA_002/20220823_033000.WAV,Telephone Field,recover-20220825,002,1795
345.0775,345.084,48671,54188,Pipistrellus pipistrellus,0.024,0.025,-1,Echolocation,/mnt/ubna_data_01_mir/recover-20220825/UBNA_002/20220823_033000.WAV,Telephone Field,recover-20220825,002,1795
345.0835,345.0905,25468,38137,Eptesicus serotinus,0.007,0.026,-1,Echolocation,/mnt/ubna_data_01_mir/recover-20220825/UBNA_002/20220823_033000.WAV,Telephone Field,recover-20220825,002,1795
345.0935,345.0991,36640,48878,Myotis daubentonii,0.034,0.048,-1,Echolocation,/mnt/ubna_data_01_mir/recover-20220825/UBNA_002/20220823_033000.WAV,Telephone Field,recover-20220825,002,1795
345.1475,345.1526,36640,52774,Myotis daubentonii,0.24,0.49,-1,Echolocation,/mnt/ubna_data_01_mir/recover-20220825/UBNA_002/20220823_033000.WAV,Telephone Field,recover-20220825,002,1795
345.1475,345.1533,47812,52270,Pipistrellus pipistrellus,0.016,0.027,-1,Echolocation,/mnt/ubna_data_01_mir/recover-20220825/UBNA_002/20220823_033000.WAV,Telephone Field,recover-20220825,002,1795
345.2235,345.231,27187,37308,Eptesicus serotinus,0.009,0.029,-1,Echolocation,/mnt/ubna_data_01_mir/recover-20220825/UBNA_002/20220823_033000.WAV,Telephone Field,recover-20220825,002,1795
345.2305,345.2369,31484,45593,Myotis daubentonii,0.015,0.026,-1,Echolocation,/mnt/ubna_data_01_mir/recover-20220825/UBNA_002/20220823_033000.WAV,Telephone Field,recover-20220825,002,1795
345.2355,345.2435,26328,35432,Eptesicus serotinus,0.007,0.026,-1,Echolocation,/mnt/ubna_data_01_mir/recover-20220825/UBNA_002/20220823_033000.WAV,Telephone Field,recover-20220825,002,1795
345.2405,345.2478,26328,35018,Eptesicus serotinus,0.007,0.027,-1,Echolocation,/mnt/ubna_data_01_mir/recover-20220825/UBNA_002/20220823_033000.WAV,Telephone Field,recover-20220825,002,1795
345.2505,345.2563,39218,52088,Myotis daubentonii,0.208,0.512,-1,Echolocation,/mnt/ubna_data_01_mir/recover-20220825/UBNA_002/20220823_033000.WAV,Telephone Field,recover-20220825,002,1795
345.2735,345.2839,23750,30252,Nyctalus leisleri,0.011,0.029,-1,Echolocation,/mnt/ubna_data_01_mir/recover-20220825/UBNA_002/20220823_033000.WAV,Telephone Field,recover-20220825,002,1795
345.3135,345.326,22890,26770,Nyctalus leisleri,0.015,0.026,-1,Echolocation,/mnt/ubna_data_01_mir/recover-20220825/UBNA_002/20220823_033000.WAV,Telephone Field,recover-20220825,002,1795
345.3145,345.3212,33203,45901,Myotis daubentonii,0.013,0.028,-1,Echolocation,/mnt/ubna_data_01_mir/recover-20220825/UBNA_002/20220823_033000.WAV,Telephone Field,recover-20220825,002,1795
345.33050000000003,345.3358,39218,50389,Myotis daubentonii,0.172,0.337,-1,Echolocation,/mnt/ubna_data_01_mir/recover-20220825/UBNA_002/20220823_033000.WAV,Telephone Field,recover-20220825,002,1795
345.3565,345.362,34062,49151,Myotis daubentonii,0.024,0.037,-1,Echolocation,/mnt/ubna_data_01_mir/recover-20220825/UBNA_002/20220823_033000.WAV,Telephone Field,recover-20220825,002,1795
345.3565,345.3627,23750,37061,Myotis nattereri,0.009,0.03,-1,Echolocation,/mnt/ubna_data_01_mir/recover-20220825/UBNA_002/20220823_033000.WAV,Telephone Field,recover-20220825,002,1795
345.3775,345.3894,22890,27955,Nyctalus leisleri,0.012,0.025,-1,Echolocation,/mnt/ubna_data_01_mir/recover-20220825/UBNA_002/20220823_033000.WAV,Telephone Field,recover-20220825,002,1795
345.3855,345.3917,26328,37813,Eptesicus serotinus,0.005,0.024,-1,Echolocation,/mnt/ubna_data_01_mir/recover-20220825/UBNA_002/20220823_033000.WAV,Telephone Field,recover-20220825,002,1795
345.3985,345.4081,22890,29432,Nyctalus leisleri,0.009,0.026,-1,Echolocation,/mnt/ubna_data_01_mir/recover-20220825/UBNA_002/20220823_033000.WAV,Telephone Field,recover-20220825,002,1795
345.4225,345.4279,29765,45381,Myotis daubentonii,0.032,0.05,-1,Echolocation,/mnt/ubna_data_01_mir/recover-20220825/UBNA_002/20220823_033000.WAV,Telephone Field,recover-20220825,002,1795
345.4305,345.4368,39218,51316,Myotis brandtii,0.061,0.187,-1,Echolocation,/mnt/ubna_data_01_mir/recover-20220825/UBNA_002/20220823_033000.WAV,Telephone Field,recover-20220825,002,1795
345.4935,345.5013,46953,55923,Pipistrellus pipistrellus,0.014,0.027,-1,Echolocation,/mnt/ubna_data_01_mir/recover-20220825/UBNA_002/20220823_033000.WAV,Telephone Field,recover-20220825,002,1795
345.5105,345.5467,68437,82069,Rhinolophus ferrumequinum,0.025,0.025,-1,Echolocation,/mnt/ubna_data_01_mir/recover-20220825/UBNA_002/20220823_033000.WAV,Telephone Field,recover-20220825,002,1795
345.5295,345.5343,36640,51098,Myotis daubentonii,0.198,0.459,-1,Echolocation,/mnt/ubna_data_01_mir/recover-20220825/UBNA_002/20220823_033000.WAV,Telephone Field,recover-20220825,002,1795
345.5385,345.5454,25468,33890,Eptesicus serotinus,0.005,0.025,-1,Echolocation,/mnt/ubna_data_01_mir/recover-20220825/UBNA_002/20220823_033000.WAV,Telephone Field,recover-20220825,002,1795
345.5635,345.5698,26328,37726,Eptesicus serotinus,0.009,0.037,-1,Echolocation,/mnt/ubna_data_01_mir/recover-20220825/UBNA_002/20220823_033000.WAV,Telephone Field,recover-20220825,002,1795
345.5825,345.5891,26328,35827,Eptesicus serotinus,0.008,0.032,-1,Echolocation,/mnt/ubna_data_01_mir/recover-20220825/UBNA_002/20220823_033000.WAV,Telephone Field,recover-20220825,002,1795
345.5845,345.5926,54687,59272,Pipistrellus pygmaeus,0.044,0.046,-1,Echolocation,/mnt/ubna_data_01_mir/recover-20220825/UBNA_002/20220823_033000.WAV,Telephone Field,recover-20220825,002,1795
345.5945,345.601,29765,55353,Myotis daubentonii,0.017,0.025,-1,Echolocation,/mnt/ubna_data_01_mir/recover-20220825/UBNA_002/20220823_033000.WAV,Telephone Field,recover-20220825,002,1795
345.6255,345.6305,28906,57685,Myotis daubentonii,0.079,0.099,-1,Echolocation,/mnt/ubna_data_01_mir/recover-20220825/UBNA_002/20220823_033000.WAV,Telephone Field,recover-20220825,002,1795
345.6255,345.6303,39218,52149,Myotis daubentonii,0.238,0.386,-1,Echolocation,/mnt/ubna_data_01_mir/recover-20220825/UBNA_002/20220823_033000.WAV,Telephone Field,recover-20220825,002,1795
345.6385,345.6499,28046,34728,Eptesicus serotinus,0.012,0.029,-1,Echolocation,/mnt/ubna_data_01_mir/recover-20220825/UBNA_002/20220823_033000.WAV,Telephone Field,recover-20220825,002,1795
345.6795,345.6895,27187,35892,Eptesicus serotinus,0.012,0.032,-1,Echolocation,/mnt/ubna_data_01_mir/recover-20220825/UBNA_002/20220823_033000.WAV,Telephone Field,recover-20220825,002,1795
345.7115,345.7511,68437,82487,Rhinolophus ferrumequinum,0.029,0.029,-1,Echolocation,/mnt/ubna_data_01_mir/recover-20220825/UBNA_002/20220823_033000.WAV,Telephone Field,recover-20220825,002,1795
345.7145,345.7253,27187,34515,Eptesicus serotinus,0.011,0.029,-1,Echolocation,/mnt/ubna_data_01_mir/recover-20220825/UBNA_002/20220823_033000.WAV,Telephone Field,recover-20220825,002,1795
345.7465,345.752,34921,52497,Myotis daubentonii,0.014,0.031,-1,Echolocation,/mnt/ubna_data_01_mir/recover-20220825/UBNA_002/20220823_033000.WAV,Telephone Field,recover-20220825,002,1795
345.7495,345.7566,25468,34873,Eptesicus serotinus,0.006,0.025,-1,Echolocation,/mnt/ubna_data_01_mir/recover-20220825/UBNA_002/20220823_033000.WAV,Telephone Field,recover-20220825,002,1795
345.7615,345.7987,68437,82431,Rhinolophus ferrumequinum,0.028,0.028,-1,Echolocation,/mnt/ubna_data_01_mir/recover-20220825/UBNA_002/20220823_033000.WAV,Telephone Field,recover-20220825,002,1795
345.7815,345.7897,40078,48793,Pipistrellus nathusii,0.026,0.051,-1,Echolocation,/mnt/ubna_data_01_mir/recover-20220825/UBNA_002/20220823_033000.WAV,Telephone Field,recover-20220825,002,1795
345.7845,345.7922,25468,35831,Eptesicus serotinus,0.007,0.024,-1,Echolocation,/mnt/ubna_data_01_mir/recover-20220825/UBNA_002/20220823_033000.WAV,Telephone Field,recover-20220825,002,1795
345.8265,345.8344,26328,36520,Eptesicus serotinus,0.01,0.032,-1,Echolocation,/mnt/ubna_data_01_mir/recover-20220825/UBNA_002/20220823_033000.WAV,Telephone Field,recover-20220825,002,1795
345.8565,345.8683,23750,29137,Nyctalus leisleri,0.014,0.027,-1,Echolocation,/mnt/ubna_data_01_mir/recover-20220825/UBNA_002/20220823_033000.WAV,Telephone Field,recover-20220825,002,1795
345.8825,345.8906,53828,58955,Pipistrellus pygmaeus,0.024,0.025,-1,Echolocation,/mnt/ubna_data_01_mir/recover-20220825/UBNA_002/20220823_033000.WAV,Telephone Field,recover-20220825,002,1795
345.8825,345.8886,28906,54851,Myotis daubentonii,0.021,0.032,-1,Echolocation,/mnt/ubna_data_01_mir/recover-20220825/UBNA_002/20220823_033000.WAV,Telephone Field,recover-20220825,002,1795
345.8835,345.8898,41796,54590,Myotis brandtii,0.023,0.064,-1,Echolocation,/mnt/ubna_data_01_mir/recover-20220825/UBNA_002/20220823_033000.WAV,Telephone Field,recover-20220825,002,1795
345.9085,345.9154,27187,37126,Eptesicus serotinus,0.006,0.025,-1,Echolocation,/mnt/ubna_data_01_mir/recover-20220825/UBNA_002/20220823_033000.WAV,Telephone Field,recover-20220825,002,1795
345.9425,345.9477,33203,53280,Myotis daubentonii,0.026,0.041,-1,Echolocation,/mnt/ubna_data_01_mir/recover-20220825/UBNA_002/20220823_033000.WAV,Telephone Field,recover-20220825,002,1795
345.9545,345.9604,33203,47077,Myotis daubentonii,0.016,0.025,-1,Echolocation,/mnt/ubna_data_01_mir/recover-20220825/UBNA_002/20220823_033000.WAV,Telephone Field,recover-20220825,002,1795
345.9765,345.9821,37500,52750,Myotis daubentonii,0.016,0.032,-1,Echolocation,/mnt/ubna_data_01_mir/recover-20220825/UBNA_002/20220823_033000.WAV,Telephone Field,recover-20220825,002,1795
345.9785,345.9843,29765,48378,Myotis daubentonii,0.021,0.03,-1,Echolocation,/mnt/ubna_data_01_mir/recover-20220825/UBNA_002/20220823_033000.WAV,Telephone Field,recover-20220825,002,1795
346.0015,346.0093,23750,32554,Nyctalus leisleri,0.009,0.033,-1,Echolocation,/mnt/ubna_data_01_mir/recover-20220825/UBNA_002/20220823_033000.WAV,Telephone Field,recover-20220825,002,1795
346.0015,346.0085,47812,53080,Pipistrellus pipistrellus,0.017,0.024,-1,Echolocation,/mnt/ubna_data_01_mir/recover-20220825/UBNA_002/20220823_033000.WAV,Telephone Field,recover-20220825,002,1795
346.0115,346.0202,27187,36564,Eptesicus serotinus,0.009,0.023,-1,Echolocation,/mnt/ubna_data_01_mir/recover-20220825/UBNA_002/20220823_033000.WAV,Telephone Field,recover-20220825,002,1795
346.1225,346.1305,49531,53604,Pipistrellus pipistrellus,0.027,0.031,-1,Echolocation,/mnt/ubna_data_01_mir/recover-20220825/UBNA_002/20220823_033000.WAV,Telephone Field,recover-20220825,002,1795
346.1325,346.171,68437,81977,Rhinolophus ferrumequinum,0.023,0.023,-1,Echolocation,/mnt/ubna_data_01_mir/recover-20220825/UBNA_002/20220823_033000.WAV,Telephone Field,recover-20220825,002,1795
346.1725,346.1829,40937,44953,Pipistrellus nathusii,0.025,0.044,-1,Echolocation,/mnt/ubna_data_01_mir/recover-20220825/UBNA_002/20220823_033000.WAV,Telephone Field,recover-20220825,002,1795
346.1885,346.1995,22031,26628,Nyctalus leisleri,0.013,0.027,-1,Echolocation,/mnt/ubna_data_01_mir/recover-20220825/UBNA_002/20220823_033000.WAV,Telephone Field,recover-20220825,002,1795
346.2555,346.2663,23750,29705,Nyctalus leisleri,0.012,0.03,-1,Echolocation,/mnt/ubna_data_01_mir/recover-20220825/UBNA_002/20220823_033000.WAV,Telephone Field,recover-20220825,002,1795
346.2715,346.27819999999997,31484,48046,Myotis daubentonii,0.014,0.024,-1,Echolocation,/mnt/ubna_data_01_mir/recover-20220825/UBNA_002/20220823_033000.WAV,Telephone Field,recover-20220825,002,1795
346.2775,346.2855,28046,38425,Eptesicus serotinus,0.007,0.023,-1,Echolocation,/mnt/ubna_data_01_mir/recover-20220825/UBNA_002/20220823_033000.WAV,Telephone Field,recover-20220825,002,1795
346.3185,346.3257,27187,39324,Eptesicus serotinus,0.008,0.027,-1,Echolocation,/mnt/ubna_data_01_mir/recover-20220825/UBNA_002/20220823_033000.WAV,Telephone Field,recover-20220825,002,1795
346.3345,346.3432,27187,37640,Eptesicus serotinus,0.01,0.025,-1,Echolocation,/mnt/ubna_data_01_mir/recover-20220825/UBNA_002/20220823_033000.WAV,Telephone Field,recover-20220825,002,1795
346.3635,346.4014,68437,82326,Rhinolophus ferrumequinum,0.023,0.023,-1,Echolocation,/mnt/ubna_data_01_mir/recover-20220825/UBNA_002/20220823_033000.WAV,Telephone Field,recover-20220825,002,1795
346.3665,346.3728,40937,49503,Myotis daubentonii,0.144,0.396,-1,Echolocation,/mnt/ubna_data_01_mir/recover-20220825/UBNA_002/20220823_033000.WAV,Telephone Field,recover-20220825,002,1795
346.4575,346.4637,39218,46464,Barbastellus barbastellus,0.167,0.402,-1,Echolocation,/mnt/ubna_data_01_mir/recover-20220825/UBNA_002/20220823_033000.WAV,Telephone Field,recover-20220825,002,1795
346.4605,346.468,24609,35825,Eptesicus serotinus,0.009,0.036,-1,Echolocation,/mnt/ubna_data_01_mir/recover-20220825/UBNA_002/20220823_033000.WAV,Telephone Field,recover-20220825,002,1795
346.4715,346.5093,68437,81960,Rhinolophus ferrumequinum,0.023,0.023,-1,Echolocation,/mnt/ubna_data_01_mir/recover-20220825/UBNA_002/20220823_033000.WAV,Telephone Field,recover-20220825,002,1795
346.4775,346.4884,22890,28872,Nyctalus leisleri,0.009,0.023,-1,Echolocation,/mnt/ubna_data_01_mir/recover-20220825/UBNA_002/20220823_033000.WAV,Telephone Field,recover-20220825,002,1795
346.5465,346.5832,68437,81217,Rhinolophus ferrumequinum,0.023,0.023,-1,Echolocation,/mnt/ubna_data_01_mir/recover-20220825/UBNA_002/20220823_033000.WAV,Telephone Field,recover-20220825,002,1795
346.5495,346.5571,40078,47005,Pipistrellus nathusii,0.13,0.367,-1,Echolocation,/mnt/ubna_data_01_mir/recover-20220825/UBNA_002/20220823_033000.WAV,Telephone Field,recover-20220825,002,1795
346.5525,346.588,68437,81549,Rhinolophus ferrumequinum,0.023,0.023,-1,Echolocation,/mnt/ubna_data_01_mir/recover-20220825/UBNA_002/20220823_033000.WAV,Telephone Field,recover-20220825,002,1795
346.5615,346.5693,26328,35710,Eptesicus serotinus,0.008,0.023,-1,Echolocation,/mnt/ubna_data_01_mir/recover-20220825/UBNA_002/20220823_033000.WAV,Telephone Field,recover-20220825,002,1795
346.5965,346.6024,32343,47712,Myotis daubentonii,0.013,0.023,-1,Echolocation,/mnt/ubna_data_01_mir/recover-20220825/UBNA_002/20220823_033000.WAV,Telephone Field,recover-20220825,002,1795
346.6435,346.649,38359,50033,Myotis daubentonii,0.038,0.093,-1,Echolocation,/mnt/ubna_data_01_mir/recover-20220825/UBNA_002/20220823_033000.WAV,Telephone Field,recover-20220825,002,1795
346.6765,346.6836,28046,37163,Eptesicus serotinus,0.007,0.024,-1,Echolocation,/mnt/ubna_data_01_mir/recover-20220825/UBNA_002/20220823_033000.WAV,Telephone Field,recover-20220825,002,1795
346.7445,346.755,24609,31476,Eptesicus serotinus,0.01,0.029,-1,Echolocation,/mnt/ubna_data_01_mir/recover-20220825/UBNA_002/20220823_033000.WAV,Telephone Field,recover-20220825,002,1795
346.7505,346.7615,24609,31070,Eptesicus serotinus,0.01,0.03,-1,Echolocation,/mnt/ubna_data_01_mir/recover-20220825/UBNA_002/20220823_033000.WAV,Telephone Field,recover-20220825,002,1795
346.7535,346.7638,39218,44742,Pipistrellus nathusii,0.013,0.026,-1,Echolocation,/mnt/ubna_data_01_mir/recover-20220825/UBNA_002/20220823_033000.WAV,Telephone Field,recover-20220825,002,1795
346.7685,346.8056,68437,81340,Rhinolophus ferrumequinum,0.023,0.023,-1,Echolocation,/mnt/ubna_data_01_mir/recover-20220825/UBNA_002/20220823_033000.WAV,Telephone Field,recover-20220825,002,1795
346.7755,346.8146,68437,81863,Rhinolophus ferrumequinum,0.024,0.024,-1,Echolocation,/mnt/ubna_data_01_mir/recover-20220825/UBNA_002/20220823_033000.WAV,Telephone Field,recover-20220825,002,1795
346.7825,346.7875,36640,48036,Barbastellus barbastellus,0.256,0.502,-1,Echolocation,/mnt/ubna_data_01_mir/recover-20220825/UBNA_002/20220823_033000.WAV,Telephone Field,recover-20220825,002,1795
346.8015,346.8386,68437,82206,Rhinolophus ferrumequinum,0.026,0.026,-1,Echolocation,/mnt/ubna_data_01_mir/recover-20220825/UBNA_002/20220823_033000.WAV,Telephone Field,recover-20220825,002,1795
346.8095,346.8478,68437,82300,Rhinolophus ferrumequinum,0.025,0.025,-1,Echolocation,/mnt/ubna_data_01_mir/recover-20220825/UBNA_002/20220823_033000.WAV,Telephone Field,recover-20220825,002,1795
346.8235,346.8661,68437,82846,Rhinolophus ferrumequinum,0.023,0.023,-1,Echolocation,/mnt/ubna_data_01_mir/recover-20220825/UBNA_002/20220823_033000.WAV,Telephone Field,recover-20220825,002,1795
346.8375,346.8484,36640,41721,Pipistrellus nathusii,0.014,0.034,-1,Echolocation,/mnt/ubna_data_01_mir/recover-20220825/UBNA_002/20220823_033000.WAV,Telephone Field,recover-20220825,002,1795
346.8885,346.9297,68437,83125,Rhinolophus ferrumequinum,0.024,0.024,-1,Echolocation,/mnt/ubna_data_01_mir/recover-20220825/UBNA_002/20220823_033000.WAV,Telephone Field,recover-20220825,002,1795
346.8945,346.8988,36640,46060,Barbastellus barbastellus,0.319,0.399,-1,Echolocation,/mnt/ubna_data_01_mir/recover-20220825/UBNA_002/20220823_033000.WAV,Telephone Field,recover-20220825,002,1795
346.9965,347.0342,68437,81363,Rhinolophus ferrumequinum,0.023,0.023,-1,Echolocation,/mnt/ubna_data_01_mir/recover-20220825/UBNA_002/20220823_033000.WAV,Telephone Field,recover-20220825,002,1795
346.9985,347.0034,36640,46086,Barbastellus barbastellus,0.189,0.435,-1,Echolocation,/mnt/ubna_data_01_mir/recover-20220825/UBNA_002/20220823_033000.WAV,Telephone Field,recover-20220825,002,1795
347.0025,347.0148,46953,49805,Pipistrellus pipistrellus,0.019,0.028,-1,Echolocation,/mnt/ubna_data_01_mir/recover-20220825/UBNA_002/20220823_033000.WAV,Telephone Field,recover-20220825,002,1795
347.0475,347.0841,68437,82204,Rhinolophus ferrumequinum,0.023,0.023,-1,Echolocation,/mnt/ubna_data_01_mir/recover-20220825/UBNA_002/20220823_033000.WAV,Telephone Field,recover-20220825,002,1795
347.0595,347.0674,27187,37145,Eptesicus serotinus,0.007,0.023,-1,Echolocation,/mnt/ubna_data_01_mir/recover-20220825/UBNA_002/20220823_033000.WAV,Telephone Field,recover-20220825,002,1795
347.0815,347.0919,22031,27718,Nyctalus leisleri,0.009,0.023,-1,Echolocation,/mnt/ubna_data_01_mir/recover-20220825/UBNA_002/20220823_033000.WAV,Telephone Field,recover-20220825,002,1795
347.0975,347.1075,39218,44554,Pipistrellus nathusii,0.023,0.043,-1,Echolocation,/mnt/ubna_data_01_mir/recover-20220825/UBNA_002/20220823_033000.WAV,Telephone Field,recover-20220825,002,1795
347.1025,347.1097,29765,44173,Myotis daubentonii,0.011,0.026,-1,Echolocation,/mnt/ubna_data_01_mir/recover-20220825/UBNA_002/20220823_033000.WAV,Telephone Field,recover-20220825,002,1795
347.1975,347.2045,36640,45708,Barbastellus barbastellus,0.14,0.335,-1,Echolocation,/mnt/ubna_data_01_mir/recover-20220825/UBNA_002/20220823_033000.WAV,Telephone Field,recover-20220825,002,1795
347.3155,347.3531,68437,82032,Rhinolophus ferrumequinum,0.023,0.023,-1,Echolocation,/mnt/ubna_data_01_mir/recover-20220825/UBNA_002/20220823_033000.WAV,Telephone Field,recover-20220825,002,1795
347.3185,347.3295,23750,29548,Nyctalus leisleri,0.01,0.024,-1,Echolocation,/mnt/ubna_data_01_mir/recover-20220825/UBNA_002/20220823_033000.WAV,Telephone Field,recover-20220825,002,1795
347.4035,347.4107,29765,42149,Myotis daubentonii,0.011,0.025,-1,Echolocation,/mnt/ubna_data_01_mir/recover-20220825/UBNA_002/20220823_033000.WAV,Telephone Field,recover-20220825,002,1795
347.4395,347.4473,38359,46675,Myotis daubentonii,0.007,0.025,-1,Echolocation,/mnt/ubna_data_01_mir/recover-20220825/UBNA_002/20220823_033000.WAV,Telephone Field,recover-20220825,002,1795
347.4875,347.4946,34921,43019,Myotis daubentonii,0.01,0.025,-1,Echolocation,/mnt/ubna_data_01_mir/recover-20220825/UBNA_002/20220823_033000.WAV,Telephone Field,recover-20220825,002,1795
347.5065,347.5134,27187,41983,Eptesicus serotinus,0.008,0.027,-1,Echolocation,/mnt/ubna_data_01_mir/recover-20220825/UBNA_002/20220823_033000.WAV,Telephone Field,recover-20220825,002,1795
347.6035,347.6109,28046,37564,Eptesicus serotinus,0.007,0.023,-1,Echolocation,/mnt/ubna_data_01_mir/recover-20220825/UBNA_002/20220823_033000.WAV,Telephone Field,recover-20220825,002,1795
347.60450000000003,347.6124,23750,31832,Plecotus austriacus,0.008,0.023,-1,Echolocation,/mnt/ubna_data_01_mir/recover-20220825/UBNA_002/20220823_033000.WAV,Telephone Field,recover-20220825,002,1795
347.6645,347.6752,28046,35749,Eptesicus serotinus,0.011,0.024,-1,Echolocation,/mnt/ubna_data_01_mir/recover-20220825/UBNA_002/20220823_033000.WAV,Telephone Field,recover-20220825,002,1795
347.7085,347.7156,25468,35198,Plecotus austriacus,0.011,0.038,-1,Echolocation,/mnt/ubna_data_01_mir/recover-20220825/UBNA_002/20220823_033000.WAV,Telephone Field,recover-20220825,002,1795
347.7195,347.7617,68437,82723,Rhinolophus ferrumequinum,0.027,0.027,-1,Echolocation,/mnt/ubna_data_01_mir/recover-20220825/UBNA_002/20220823_033000.WAV,Telephone Field,recover-20220825,002,1795
347.7575,347.8015,68437,83507,Rhinolophus ferrumequinum,0.029,0.029,-1,Echolocation,/mnt/ubna_data_01_mir/recover-20220825/UBNA_002/20220823_033000.WAV,Telephone Field,recover-20220825,002,1795
347.7575,347.7655,27187,39161,Eptesicus serotinus,0.008,0.024,-1,Echolocation,/mnt/ubna_data_01_mir/recover-20220825/UBNA_002/20220823_033000.WAV,Telephone Field,recover-20220825,002,1795
347.7775,347.7842,26328,44457,Eptesicus serotinus,0.008,0.026,-1,Echolocation,/mnt/ubna_data_01_mir/recover-20220825/UBNA_002/20220823_033000.WAV,Telephone Field,recover-20220825,002,1795
347.7825,347.7889,34062,42437,Barbastellus barbastellus,0.022,0.042,-1,Echolocation,/mnt/ubna_data_01_mir/recover-20220825/UBNA_002/20220823_033000.WAV,Telephone Field,recover-20220825,002,1795
347.7835,347.7908,25468,36912,Eptesicus serotinus,0.007,0.024,-1,Echolocation,/mnt/ubna_data_01_mir/recover-20220825/UBNA_002/20220823_033000.WAV,Telephone Field,recover-20220825,002,1795
347.8285,347.8362,30625,41302,Myotis daubentonii,0.01,0.026,-1,Echolocation,/mnt/ubna_data_01_mir/recover-20220825/UBNA_002/20220823_033000.WAV,Telephone Field,recover-20220825,002,1795
347.8525,347.8922,68437,82512,Rhinolophus ferrumequinum,0.025,0.025,-1,Echolocation,/mnt/ubna_data_01_mir/recover-20220825/UBNA_002/20220823_033000.WAV,Telephone Field,recover-20220825,002,1795
347.9005,347.9099,38359,44114,Pipistrellus nathusii,0.015,0.029,-1,Echolocation,/mnt/ubna_data_01_mir/recover-20220825/UBNA_002/20220823_033000.WAV,Telephone Field,recover-20220825,002,1795
347.9175,347.9265,28046,36379,Eptesicus serotinus,0.008,0.024,-1,Echolocation,/mnt/ubna_data_01_mir/recover-20220825/UBNA_002/20220823_033000.WAV,Telephone Field,recover-20220825,002,1795
347.9355,347.9452,49531,53828,Pipistrellus pipistrellus,0.019,0.024,-1,Echolocation,/mnt/ubna_data_01_mir/recover-20220825/UBNA_002/20220823_033000.WAV,Telephone Field,recover-20220825,002,1795
347.9885,347.9977,27187,37828,Eptesicus serotinus,0.01,0.024,-1,Echolocation,/mnt/ubna_data_01_mir/recover-20220825/UBNA_002/20220823_033000.WAV,Telephone Field,recover-20220825,002,1795
348.0015,348.0162,19453,24347,Nyctalus noctula,0.013,0.027,-1,Echolocation,/mnt/ubna_data_01_mir/recover-20220825/UBNA_002/20220823_033000.WAV,Telephone Field,recover-20220825,002,1795
348.0015,348.0104,40078,45533,Pipistrellus nathusii,0.009,0.02,-1,Echolocation,/mnt/ubna_data_01_mir/recover-20220825/UBNA_002/20220823_033000.WAV,Telephone Field,recover-20220825,002,1795
348.0015,348.0309,69296,80928,Rhinolophus ferrumequinum,0.027,0.027,-1,Echolocation,/mnt/ubna_data_01_mir/recover-20220825/UBNA_002/20220823_033000.WAV,Telephone Field,recover-20220825,002,1795
348.0015,348.0112,27187,34601,Eptesicus serotinus,0.013,0.036,-1,Echolocation,/mnt/ubna_data_01_mir/recover-20220825/UBNA_002/20220823_033000.WAV,Telephone Field,recover-20220825,002,1795
348.0315,348.0706,68437,82053,Rhinolophus ferrumequinum,0.032,0.032,-1,Echolocation,/mnt/ubna_data_01_mir/recover-20220825/UBNA_002/20220823_033000.WAV,Telephone Field,recover-20220825,002,1795
348.0455,348.0847,68437,82019,Rhinolophus ferrumequinum,0.024,0.024,-1,Echolocation,/mnt/ubna_data_01_mir/recover-20220825/UBNA_002/20220823_033000.WAV,Telephone Field,recover-20220825,002,1795
348.0715,348.0793,28906,40055,Eptesicus serotinus,0.012,0.027,-1,Echolocation,/mnt/ubna_data_01_mir/recover-20220825/UBNA_002/20220823_033000.WAV,Telephone Field,recover-20220825,002,1795
348.0835,348.1217,68437,82182,Rhinolophus ferrumequinum,0.021,0.021,-1,Echolocation,/mnt/ubna_data_01_mir/recover-20220825/UBNA_002/20220823_033000.WAV,Telephone Field,recover-20220825,002,1795
348.0905,348.1286,68437,82100,Rhinolophus ferrumequinum,0.024,0.024,-1,Echolocation,/mnt/ubna_data_01_mir/recover-20220825/UBNA_002/20220823_033000.WAV,Telephone Field,recover-20220825,002,1795
348.0925,348.1021,23750,30570,Nyctalus leisleri,0.006,0.021,-1,Echolocation,/mnt/ubna_data_01_mir/recover-20220825/UBNA_002/20220823_033000.WAV,Telephone Field,recover-20220825,002,1795
348.1005,348.1088,28906,40020,Eptesicus serotinus,0.008,0.022,-1,Echolocation,/mnt/ubna_data_01_mir/recover-20220825/UBNA_002/20220823_033000.WAV,Telephone Field,recover-20220825,002,1795
348.1165,348.1553,68437,82270,Rhinolophus ferrumequinum,0.021,0.021,-1,Echolocation,/mnt/ubna_data_01_mir/recover-20220825/UBNA_002/20220823_033000.WAV,Telephone Field,recover-20220825,002,1795
348.1345,348.1721,68437,81811,Rhinolophus ferrumequinum,0.021,0.022,-1,Echolocation,/mnt/ubna_data_01_mir/recover-20220825/UBNA_002/20220823_033000.WAV,Telephone Field,recover-20220825,002,1795
348.1415,348.1509,28046,39553,Eptesicus serotinus,0.01,0.024,-1,Echolocation,/mnt/ubna_data_01_mir/recover-20220825/UBNA_002/20220823_033000.WAV,Telephone Field,recover-20220825,002,1795
348.1575,348.1945,68437,81916,Rhinolophus ferrumequinum,0.023,0.023,-1,Echolocation,/mnt/ubna_data_01_mir/recover-20220825/UBNA_002/20220823_033000.WAV,Telephone Field,recover-20220825,002,1795
348.1775,348.1867,24609,31515,Nyctalus leisleri,0.007,0.022,-1,Echolocation,/mnt/ubna_data_01_mir/recover-20220825/UBNA_002/20220823_033000.WAV,Telephone Field,recover-20220825,002,1795
348.1955,348.2324,68437,81655,Rhinolophus ferrumequinum,0.025,0.025,-1,Echolocation,/mnt/ubna_data_01_mir/recover-20220825/UBNA_002/20220823_033000.WAV,Telephone Field,recover-20220825,002,1795
348.1995,348.2117,23750,29115,Nyctalus leisleri,0.012,0.027,-1,Echolocation,/mnt/ubna_data_01_mir/recover-20220825/UBNA_002/20220823_033000.WAV,Telephone Field,recover-20220825,002,1795
348.2185,348.2278,27187,35846,Eptesicus serotinus,0.011,0.023,-1,Echolocation,/mnt/ubna_data_01_mir/recover-20220825/UBNA_002/20220823_033000.WAV,Telephone Field,recover-20220825,002,1795
348.2305,348.2716,68437,82807,Rhinolophus ferrumequinum,0.025,0.025,-1,Echolocation,/mnt/ubna_data_01_mir/recover-20220825/UBNA_002/20220823_033000.WAV,Telephone Field,recover-20220825,002,1795
348.2315,348.2415,15156,22299,Nyctalus noctula,0.017,0.033,-1,Echolocation,/mnt/ubna_data_01_mir/recover-20220825/UBNA_002/20220823_033000.WAV,Telephone Field,recover-20220825,002,1795
348.2465,348.2578,26328,32735,Eptesicus serotinus,0.012,0.025,-1,Echolocation,/mnt/ubna_data_01_mir/recover-20220825/UBNA_002/20220823_033000.WAV,Telephone Field,recover-20220825,002,1795
348.2675,348.3057,68437,81647,Rhinolophus ferrumequinum,0.022,0.022,-1,Echolocation,/mnt/ubna_data_01_mir/recover-20220825/UBNA_002/20220823_033000.WAV,Telephone Field,recover-20220825,002,1795
348.2725,348.2848,47812,52597,Pipistrellus pipistrellus,0.023,0.027,-1,Echolocation,/mnt/ubna_data_01_mir/recover-20220825/UBNA_002/20220823_033000.WAV,Telephone Field,recover-20220825,002,1795
348.2735,348.312,68437,81904,Rhinolophus ferrumequinum,0.02,0.02,-1,Echolocation,/mnt/ubna_data_01_mir/recover-20220825/UBNA_002/20220823_033000.WAV,Telephone Field,recover-20220825,002,1795
348.2925,348.3017,24609,32770,Eptesicus serotinus,0.007,0.024,-1,Echolocation,/mnt/ubna_data_01_mir/recover-20220825/UBNA_002/20220823_033000.WAV,Telephone Field,recover-20220825,002,1795
348.29449999999997,348.332,68437,81948,Rhinolophus ferrumequinum,0.021,0.021,-1,Echolocation,/mnt/ubna_data_01_mir/recover-20220825/UBNA_002/20220823_033000.WAV,Telephone Field,recover-20220825,002,1795
348.3315,348.3693,68437,81768,Rhinolophus ferrumequinum,0.022,0.022,-1,Echolocation,/mnt/ubna_data_01_mir/recover-20220825/UBNA_002/20220823_033000.WAV,Telephone Field,recover-20220825,002,1795
348.3715,348.3812,22890,29450,Nyctalus leisleri,0.006,0.022,-1,Echolocation,/mnt/ubna_data_01_mir/recover-20220825/UBNA_002/20220823_033000.WAV,Telephone Field,recover-20220825,002,1795
348.3895,348.4302,68437,82777,Rhinolophus ferrumequinum,0.023,0.023,-1,Echolocation,/mnt/ubna_data_01_mir/recover-20220825/UBNA_002/20220823_033000.WAV,Telephone Field,recover-20220825,002,1795
348.4345,348.4441,28046,37652,Eptesicus serotinus,0.015,0.033,-1,Echolocation,/mnt/ubna_data_01_mir/recover-20220825/UBNA_002/20220823_033000.WAV,Telephone Field,recover-20220825,002,1795
348.45550000000003,348.4943,68437,82336,Rhinolophus ferrumequinum,0.025,0.025,-1,Echolocation,/mnt/ubna_data_01_mir/recover-20220825/UBNA_002/20220823_033000.WAV,Telephone Field,recover-20220825,002,1795
348.47950000000003,348.4882,28046,38738,Eptesicus serotinus,0.013,0.028,-1,Echolocation,/mnt/ubna_data_01_mir/recover-20220825/UBNA_002/20220823_033000.WAV,Telephone Field,recover-20220825,002,1795
348.4885,348.4953,52109,58033,Pipistrellus pipistrellus,0.02,0.024,-1,Echolocation,/mnt/ubna_data_01_mir/recover-20220825/UBNA_002/20220823_033000.WAV,Telephone Field,recover-20220825,002,1795
348.4905,348.5286,68437,82175,Rhinolophus ferrumequinum,0.024,0.024,-1,Echolocation,/mnt/ubna_data_01_mir/recover-20220825/UBNA_002/20220823_033000.WAV,Telephone Field,recover-20220825,002,1795
348.5125,348.5496,68437,81769,Rhinolophus ferrumequinum,0.022,0.023,-1,Echolocation,/mnt/ubna_data_01_mir/recover-20220825/UBNA_002/20220823_033000.WAV,Telephone Field,recover-20220825,002,1795
348.5225,348.5655,68437,82782,Rhinolophus ferrumequinum,0.026,0.026,-1,Echolocation,/mnt/ubna_data_01_mir/recover-20220825/UBNA_002/20220823_033000.WAV,Telephone Field,recover-20220825,002,1795
348.5305,348.5418,28906,36544,Eptesicus serotinus,0.022,0.036,-1,Echolocation,/mnt/ubna_data_01_mir/recover-20220825/UBNA_002/20220823_033000.WAV,Telephone Field,recover-20220825,002,1795
348.5545,348.5977,68437,83052,Rhinolophus ferrumequinum,0.033,0.033,-1,Echolocation,/mnt/ubna_data_01_mir/recover-20220825/UBNA_002/20220823_033000.WAV,Telephone Field,recover-20220825,002,1795
348.5585,348.5675,23750,31128,Nyctalus leisleri,0.006,0.02,-1,Echolocation,/mnt/ubna_data_01_mir/recover-20220825/UBNA_002/20220823_033000.WAV,Telephone Field,recover-20220825,002,1795
348.5935,348.6044,40937,50035,Pipistrellus nathusii,0.006,0.021,-1,Echolocation,/mnt/ubna_data_01_mir/recover-20220825/UBNA_002/20220823_033000.WAV,Telephone Field,recover-20220825,002,1795
348.6145,348.6519,68437,81602,Rhinolophus ferrumequinum,0.021,0.021,-1,Echolocation,/mnt/ubna_data_01_mir/recover-20220825/UBNA_002/20220823_033000.WAV,Telephone Field,recover-20220825,002,1795
348.6255,348.6656,68437,82000,Rhinolophus ferrumequinum,0.024,0.024,-1,Echolocation,/mnt/ubna_data_01_mir/recover-20220825/UBNA_002/20220823_033000.WAV,Telephone Field,recover-20220825,002,1795
348.6495,348.6863,68437,82017,Rhinolophus ferrumequinum,0.022,0.022,-1,Echolocation,/mnt/ubna_data_01_mir/recover-20220825/UBNA_002/20220823_033000.WAV,Telephone Field,recover-20220825,002,1795
348.6595,348.6983,68437,81695,Rhinolophus ferrumequinum,0.021,0.021,-1,Echolocation,/mnt/ubna_data_01_mir/recover-20220825/UBNA_002/20220823_033000.WAV,Telephone Field,recover-20220825,002,1795
348.6725,348.7037,68437,80489,Rhinolophus ferrumequinum,0.021,0.021,-1,Echolocation,/mnt/ubna_data_01_mir/recover-20220825/UBNA_002/20220823_033000.WAV,Telephone Field,recover-20220825,002,1795
348.6795,348.6892,22031,27657,Nyctalus leisleri,0.008,0.023,-1,Echolocation,/mnt/ubna_data_01_mir/recover-20220825/UBNA_002/20220823_033000.WAV,Telephone Field,recover-20220825,002,1795
348.70550000000003,348.7443,68437,82122,Rhinolophus ferrumequinum,0.021,0.021,-1,Echolocation,/mnt/ubna_data_01_mir/recover-20220825/UBNA_002/20220823_033000.WAV,Telephone Field,recover-20220825,002,1795
348.7135,348.7223,23750,32001,Plecotus austriacus,0.007,0.023,-1,Echolocation,/mnt/ubna_data_01_mir/recover-20220825/UBNA_002/20220823_033000.WAV,Telephone Field,recover-20220825,002,1795
348.7305,348.7678,68437,82194,Rhinolophus ferrumequinum,0.02,0.02,-1,Echolocation,/mnt/ubna_data_01_mir/recover-20220825/UBNA_002/20220823_033000.WAV,Telephone Field,recover-20220825,002,1795
348.7605,348.7968,68437,82158,Rhinolophus ferrumequinum,0.022,0.022,-1,Echolocation,/mnt/ubna_data_01_mir/recover-20220825/UBNA_002/20220823_033000.WAV,Telephone Field,recover-20220825,002,1795
348.7745,348.7847,27187,35104,Eptesicus serotinus,0.012,0.026,-1,Echolocation,/mnt/ubna_data_01_mir/recover-20220825/UBNA_002/20220823_033000.WAV,Telephone Field,recover-20220825,002,1795
348.8365,348.8722,68437,81013,Rhinolophus ferrumequinum,0.021,0.021,-1,Echolocation,/mnt/ubna_data_01_mir/recover-20220825/UBNA_002/20220823_033000.WAV,Telephone Field,recover-20220825,002,1795
348.8405,348.8499,28046,40892,Eptesicus serotinus,0.008,0.021,-1,Echolocation,/mnt/ubna_data_01_mir/recover-20220825/UBNA_002/20220823_033000.WAV,Telephone Field,recover-20220825,002,1795
348.8585,348.8978,68437,82252,Rhinolophus ferrumequinum,0.021,0.021,-1,Echolocation,/mnt/ubna_data_01_mir/recover-20220825/UBNA_002/20220823_033000.WAV,Telephone Field,recover-20220825,002,1795
348.8635,348.8708,31484,43292,Myotis daubentonii,0.006,0.021,-1,Echolocation,/mnt/ubna_data_01_mir/recover-20220825/UBNA_002/20220823_033000.WAV,Telephone Field,recover-20220825,002,1795
348.8865,348.9245,68437,80827,Rhinolophus ferrumequinum,0.025,0.026,-1,Echolocation,/mnt/ubna_data_01_mir/recover-20220825/UBNA_002/20220823_033000.WAV,Telephone Field,recover-20220825,002,1795
348.9115,348.9203,28046,37313,Eptesicus serotinus,0.011,0.027,-1,Echolocation,/mnt/ubna_data_01_mir/recover-20220825/UBNA_002/20220823_033000.WAV,Telephone Field,recover-20220825,002,1795
348.9465,348.9864,68437,82591,Rhinolophus ferrumequinum,0.022,0.022,-1,Echolocation,/mnt/ubna_data_01_mir/recover-20220825/UBNA_002/20220823_033000.WAV,Telephone Field,recover-20220825,002,1795
348.95550000000003,348.9919,68437,82344,Rhinolophus ferrumequinum,0.023,0.023,-1,Echolocation,/mnt/ubna_data_01_mir/recover-20220825/UBNA_002/20220823_033000.WAV,Telephone Field,recover-20220825,002,1795
349.0155,349.0234,26328,36977,Eptesicus serotinus,0.011,0.03,-1,Echolocation,/mnt/ubna_data_01_mir/recover-20220825/UBNA_002/20220823_033000.WAV,Telephone Field,recover-20220825,002,1795
349.0705,349.1142,68437,83451,Rhinolophus ferrumequinum,0.035,0.035,-1,Echolocation,/mnt/ubna_data_01_mir/recover-20220825/UBNA_002/20220823_033000.WAV,Telephone Field,recover-20220825,002,1795
349.1405,349.1517,25468,31843,Eptesicus serotinus,0.011,0.024,-1,Echolocation,/mnt/ubna_data_01_mir/recover-20220825/UBNA_002/20220823_033000.WAV,Telephone Field,recover-20220825,002,1795
349.1425,349.1812,68437,81901,Rhinolophus ferrumequinum,0.021,0.021,-1,Echolocation,/mnt/ubna_data_01_mir/recover-20220825/UBNA_002/20220823_033000.WAV,Telephone Field,recover-20220825,002,1795
349.1615,349.1726,23750,29604,Nyctalus leisleri,0.011,0.028,-1,Echolocation,/mnt/ubna_data_01_mir/recover-20220825/UBNA_002/20220823_033000.WAV,Telephone Field,recover-20220825,002,1795
349.1685,349.179,47812,52441,Pipistrellus pipistrellus,0.032,0.035,-1,Echolocation,/mnt/ubna_data_01_mir/recover-20220825/UBNA_002/20220823_033000.WAV,Telephone Field,recover-20220825,002,1795
349.1855,349.2229,68437,81538,Rhinolophus ferrumequinum,0.022,0.022,-1,Echolocation,/mnt/ubna_data_01_mir/recover-20220825/UBNA_002/20220823_033000.WAV,Telephone Field,recover-20220825,002,1795
349.2025,349.2146,14296,21050,Nyctalus noctula,0.014,0.023,-1,Echolocation,/mnt/ubna_data_01_mir/recover-20220825/UBNA_002/20220823_033000.WAV,Telephone Field,recover-20220825,002,1795
349.2065,349.2139,28046,40595,Eptesicus serotinus,0.007,0.022,-1,Echolocation,/mnt/ubna_data_01_mir/recover-20220825/UBNA_002/20220823_033000.WAV,Telephone Field,recover-20220825,002,1795
349.2305,349.2382,28046,40967,Eptesicus serotinus,0.009,0.024,-1,Echolocation,/mnt/ubna_data_01_mir/recover-20220825/UBNA_002/20220823_033000.WAV,Telephone Field,recover-20220825,002,1795
349.2415,349.2768,68437,81157,Rhinolophus ferrumequinum,0.024,0.024,-1,Echolocation,/mnt/ubna_data_01_mir/recover-20220825/UBNA_002/20220823_033000.WAV,Telephone Field,recover-20220825,002,1795
349.2505,349.288,68437,81706,Rhinolophus ferrumequinum,0.022,0.022,-1,Echolocation,/mnt/ubna_data_01_mir/recover-20220825/UBNA_002/20220823_033000.WAV,Telephone Field,recover-20220825,002,1795
349.2615,349.3016,68437,82980,Rhinolophus ferrumequinum,0.03,0.03,-1,Echolocation,/mnt/ubna_data_01_mir/recover-20220825/UBNA_002/20220823_033000.WAV,Telephone Field,recover-20220825,002,1795
349.3175,349.3277,22890,28376,Nyctalus leisleri,0.009,0.02,-1,Echolocation,/mnt/ubna_data_01_mir/recover-20220825/UBNA_002/20220823_033000.WAV,Telephone Field,recover-20220825,002,1795
349.3265,349.3633,68437,81253,Rhinolophus ferrumequinum,0.02,0.02,-1,Echolocation,/mnt/ubna_data_01_mir/recover-20220825/UBNA_002/20220823_033000.WAV,Telephone Field,recover-20220825,002,1795
349.3345,349.343,28906,39745,Eptesicus serotinus,0.009,0.024,-1,Echolocation,/mnt/ubna_data_01_mir/recover-20220825/UBNA_002/20220823_033000.WAV,Telephone Field,recover-20220825,002,1795
349.3555,349.3661,22031,27171,Nyctalus leisleri,0.009,0.02,-1,Echolocation,/mnt/ubna_data_01_mir/recover-20220825/UBNA_002/20220823_033000.WAV,Telephone Field,recover-20220825,002,1795
349.3685,349.4066,68437,81980,Rhinolophus ferrumequinum,0.021,0.021,-1,Echolocation,/mnt/ubna_data_01_mir/recover-20220825/UBNA_002/20220823_033000.WAV,Telephone Field,recover-20220825,002,1795
349.3965,349.4369,68437,82431,Rhinolophus ferrumequinum,0.024,0.024,-1,Echolocation,/mnt/ubna_data_01_mir/recover-20220825/UBNA_002/20220823_033000.WAV,Telephone Field,recover-20220825,002,1795
349.4015,349.4101,27187,40227,Eptesicus serotinus,0.008,0.022,-1,Echolocation,/mnt/ubna_data_01_mir/recover-20220825/UBNA_002/20220823_033000.WAV,Telephone Field,recover-20220825,002,1795
349.4355,349.4435,26328,36198,Eptesicus serotinus,0.01,0.026,-1,Echolocation,/mnt/ubna_data_01_mir/recover-20220825/UBNA_002/20220823_033000.WAV,Telephone Field,recover-20220825,002,1795
349.4435,349.4814,68437,81873,Rhinolophus ferrumequinum,0.027,0.027,-1,Echolocation,/mnt/ubna_data_01_mir/recover-20220825/UBNA_002/20220823_033000.WAV,Telephone Field,recover-20220825,002,1795
349.4465,349.4561,28046,36208,Eptesicus serotinus,0.011,0.022,-1,Echolocation,/mnt/ubna_data_01_mir/recover-20220825/UBNA_002/20220823_033000.WAV,Telephone Field,recover-20220825,002,1795
349.5075,349.5139,46093,51576,Pipistrellus pipistrellus,0.025,0.026,-1,Echolocation,/mnt/ubna_data_01_mir/recover-20220825/UBNA_002/20220823_033000.WAV,Telephone Field,recover-20220825,002,1795
349.5085,349.5169,28046,40424,Eptesicus serotinus,0.008,0.022,-1,Echolocation,/mnt/ubna_data_01_mir/recover-20220825/UBNA_002/20220823_033000.WAV,Telephone Field,recover-20220825,002,1795
349.5345,349.573,68437,82234,Rhinolophus ferrumequinum,0.027,0.027,-1,Echolocation,/mnt/ubna_data_01_mir/recover-20220825/UBNA_002/20220823_033000.WAV,Telephone Field,recover-20220825,002,1795
349.5695,349.6126,68437,82849,Rhinolophus ferrumequinum,0.027,0.027,-1,Echolocation,/mnt/ubna_data_01_mir/recover-20220825/UBNA_002/20220823_033000.WAV,Telephone Field,recover-20220825,002,1795
349.5725,349.584,25468,32223,Eptesicus serotinus,0.013,0.028,-1,Echolocation,/mnt/ubna_data_01_mir/recover-20220825/UBNA_002/20220823_033000.WAV,Telephone Field,recover-20220825,002,1795
349.6035,349.6418,68437,81950,Rhinolophus ferrumequinum,0.025,0.025,-1,Echolocation,/mnt/ubna_data_01_mir/recover-20220825/UBNA_002/20220823_033000.WAV,Telephone Field,recover-20220825,002,1795
349.6235,349.665,68437,82990,Rhinolophus ferrumequinum,0.023,0.023,-1,Echolocation,/mnt/ubna_data_01_mir/recover-20220825/UBNA_002/20220823_033000.WAV,Telephone Field,recover-20220825,002,1795
349.6465,349.6583,28906,35323,Eptesicus serotinus,0.019,0.035,-1,Echolocation,/mnt/ubna_data_01_mir/recover-20220825/UBNA_002/20220823_033000.WAV,Telephone Field,recover-20220825,002,1795
349.66949999999997,349.6794,24609,32019,Eptesicus serotinus,0.008,0.023,-1,Echolocation,/mnt/ubna_data_01_mir/recover-20220825/UBNA_002/20220823_033000.WAV,Telephone Field,recover-20220825,002,1795
349.7005,349.74490000000003,68437,83359,Rhinolophus ferrumequinum,0.047,0.047,-1,Echolocation,/mnt/ubna_data_01_mir/recover-20220825/UBNA_002/20220823_033000.WAV,Telephone Field,recover-20220825,002,1795
349.70550000000003,349.7147,28906,39176,Eptesicus serotinus,0.007,0.02,-1,Echolocation,/mnt/ubna_data_01_mir/recover-20220825/UBNA_002/20220823_033000.WAV,Telephone Field,recover-20220825,002,1795
349.7265,349.7647,68437,82159,Rhinolophus ferrumequinum,0.021,0.021,-1,Echolocation,/mnt/ubna_data_01_mir/recover-20220825/UBNA_002/20220823_033000.WAV,Telephone Field,recover-20220825,002,1795
349.7615,349.7993,68437,82061,Rhinolophus ferrumequinum,0.02,0.02,-1,Echolocation,/mnt/ubna_data_01_mir/recover-20220825/UBNA_002/20220823_033000.WAV,Telephone Field,recover-20220825,002,1795
349.7645,349.774,28046,37807,Eptesicus serotinus,0.01,0.022,-1,Echolocation,/mnt/ubna_data_01_mir/recover-20220825/UBNA_002/20220823_033000.WAV,Telephone Field,recover-20220825,002,1795
349.7665,349.7745,47812,54421,Pipistrellus pipistrellus,0.019,0.021,-1,Echolocation,/mnt/ubna_data_01_mir/recover-20220825/UBNA_002/20220823_033000.WAV,Telephone Field,recover-20220825,002,1795
349.7755,349.8138,68437,81774,Rhinolophus ferrumequinum,0.021,0.021,-1,Echolocation,/mnt/ubna_data_01_mir/recover-20220825/UBNA_002/20220823_033000.WAV,Telephone Field,recover-20220825,002,1795
349.7815,349.8216,68437,82305,Rhinolophus ferrumequinum,0.021,0.021,-1,Echolocation,/mnt/ubna_data_01_mir/recover-20220825/UBNA_002/20220823_033000.WAV,Telephone Field,recover-20220825,002,1795
349.8025,349.84590000000003,68437,83360,Rhinolophus ferrumequinum,0.043,0.043,-1,Echolocation,/mnt/ubna_data_01_mir/recover-20220825/UBNA_002/20220823_033000.WAV,Telephone Field,recover-20220825,002,1795
349.8065,349.8145,28906,39270,Eptesicus serotinus,0.008,0.022,-1,Echolocation,/mnt/ubna_data_01_mir/recover-20220825/UBNA_002/20220823_033000.WAV,Telephone Field,recover-20220825,002,1795
349.8095,349.8177,23750,31727,Plecotus austriacus,0.007,0.021,-1,Echolocation,/mnt/ubna_data_01_mir/recover-20220825/UBNA_002/20220823_033000.WAV,Telephone Field,recover-20220825,002,1795
349.83050000000003,349.8685,68437,82259,Rhinolophus ferrumequinum,0.025,0.025,-1,Echolocation,/mnt/ubna_data_01_mir/recover-20220825/UBNA_002/20220823_033000.WAV,Telephone Field,recover-20220825,002,1795
349.8475,349.8826,68437,80750,Rhinolophus ferrumequinum,0.02,0.02,-1,Echolocation,/mnt/ubna_data_01_mir/recover-20220825/UBNA_002/20220823_033000.WAV,Telephone Field,recover-20220825,002,1795
349.8695,349.9091,68437,82328,Rhinolophus ferrumequinum,0.023,0.023,-1,Echolocation,/mnt/ubna_data_01_mir/recover-20220825/UBNA_002/20220823_033000.WAV,Telephone Field,recover-20220825,002,1795
349.9045,349.9148,22890,27839,Nyctalus leisleri,0.011,0.023,-1,Echolocation,/mnt/ubna_data_01_mir/recover-20220825/UBNA_002/20220823_033000.WAV,Telephone Field,recover-20220825,002,1795
349.9095,349.9487,68437,82016,Rhinolophus ferrumequinum,0.02,0.02,-1,Echolocation,/mnt/ubna_data_01_mir/recover-20220825/UBNA_002/20220823_033000.WAV,Telephone Field,recover-20220825,002,1795
349.9475,349.9837,68437,81679,Rhinolophus ferrumequinum,0.021,0.021,-1,Echolocation,/mnt/ubna_data_01_mir/recover-20220825/UBNA_002/20220823_033000.WAV,Telephone Field,recover-20220825,002,1795
350.0015,350.0342,68437,79723,Rhinolophus ferrumequinum,0.023,0.023,-1,Echolocation,/mnt/ubna_data_01_mir/recover-20220825/UBNA_002/20220823_033000.WAV,Telephone Field,recover-20220825,002,1795
350.0015,350.0089,23750,31497,Nyctalus leisleri,0.007,0.027,-1,Echolocation,/mnt/ubna_data_01_mir/recover-20220825/UBNA_002/20220823_033000.WAV,Telephone Field,recover-20220825,002,1795
350.0085,350.052,68437,82816,Rhinolophus ferrumequinum,0.022,0.022,-1,Echolocation,/mnt/ubna_data_01_mir/recover-20220825/UBNA_002/20220823_033000.WAV,Telephone Field,recover-20220825,002,1795
350.0355,350.0455,24609,30806,Nyctalus leisleri,0.008,0.022,-1,Echolocation,/mnt/ubna_data_01_mir/recover-20220825/UBNA_002/20220823_033000.WAV,Telephone Field,recover-20220825,002,1795
350.0515,350.0582,26328,39043,Eptesicus serotinus,0.006,0.024,-1,Echolocation,/mnt/ubna_data_01_mir/recover-20220825/UBNA_002/20220823_033000.WAV,Telephone Field,recover-20220825,002,1795
350.1115,350.1498,68437,83088,Rhinolophus ferrumequinum,0.025,0.025,-1,Echolocation,/mnt/ubna_data_01_mir/recover-20220825/UBNA_002/20220823_033000.WAV,Telephone Field,recover-20220825,002,1795
350.1465,350.1553,38359,47943,Myotis daubentonii,0.008,0.028,-1,Echolocation,/mnt/ubna_data_01_mir/recover-20220825/UBNA_002/20220823_033000.WAV,Telephone Field,recover-20220825,002,1795
350.1675,350.1769,28046,38714,Eptesicus serotinus,0.009,0.023,-1,Echolocation,/mnt/ubna_data_01_mir/recover-20220825/UBNA_002/20220823_033000.WAV,Telephone Field,recover-20220825,002,1795
350.1725,350.212,68437,82040,Rhinolophus ferrumequinum,0.023,0.023,-1,Echolocation,/mnt/ubna_data_01_mir/recover-20220825/UBNA_002/20220823_033000.WAV,Telephone Field,recover-20220825,002,1795
350.1925,350.2337,68437,82929,Rhinolophus ferrumequinum,0.028,0.028,-1,Echolocation,/mnt/ubna_data_01_mir/recover-20220825/UBNA_002/20220823_033000.WAV,Telephone Field,recover-20220825,002,1795
350.1945,350.2052,24609,31428,Eptesicus serotinus,0.009,0.022,-1,Echolocation,/mnt/ubna_data_01_mir/recover-20220825/UBNA_002/20220823_033000.WAV,Telephone Field,recover-20220825,002,1795
350.2105,350.2477,68437,81511,Rhinolophus ferrumequinum,0.023,0.023,-1,Echolocation,/mnt/ubna_data_01_mir/recover-20220825/UBNA_002/20220823_033000.WAV,Telephone Field,recover-20220825,002,1795
350.2605,350.2982,68437,81930,Rhinolophus ferrumequinum,0.023,0.023,-1,Echolocation,/mnt/ubna_data_01_mir/recover-20220825/UBNA_002/20220823_033000.WAV,Telephone Field,recover-20220825,002,1795
350.27049999999997,350.3108,68437,82829,Rhinolophus ferrumequinum,0.029,0.029,-1,Echolocation,/mnt/ubna_data_01_mir/recover-20220825/UBNA_002/20220823_033000.WAV,Telephone Field,recover-20220825,002,1795
350.2775,350.2851,23750,32750,Plecotus austriacus,0.01,0.026,-1,Echolocation,/mnt/ubna_data_01_mir/recover-20220825/UBNA_002/20220823_033000.WAV,Telephone Field,recover-20220825,002,1795
350.2845,350.3209,68437,81614,Rhinolophus ferrumequinum,0.024,0.024,-1,Echolocation,/mnt/ubna_data_01_mir/recover-20220825/UBNA_002/20220823_033000.WAV,Telephone Field,recover-20220825,002,1795
350.2915,350.3277,68437,81903,Rhinolophus ferrumequinum,0.023,0.023,-1,Echolocation,/mnt/ubna_data_01_mir/recover-20220825/UBNA_002/20220823_033000.WAV,Telephone Field,recover-20220825,002,1795
350.3085,350.3197,57265,61659,Pipistrellus pygmaeus,0.022,0.023,-1,Echolocation,/mnt/ubna_data_01_mir/recover-20220825/UBNA_002/20220823_033000.WAV,Telephone Field,recover-20220825,002,1795
350.3345,350.3739,68437,82458,Rhinolophus ferrumequinum,0.029,0.029,-1,Echolocation,/mnt/ubna_data_01_mir/recover-20220825/UBNA_002/20220823_033000.WAV,Telephone Field,recover-20220825,002,1795
350.3675,350.4045,68437,81848,Rhinolophus ferrumequinum,0.023,0.023,-1,Echolocation,/mnt/ubna_data_01_mir/recover-20220825/UBNA_002/20220823_033000.WAV,Telephone Field,recover-20220825,002,1795
350.3695,350.3764,28906,41960,Eptesicus serotinus,0.011,0.032,-1,Echolocation,/mnt/ubna_data_01_mir/recover-20220825/UBNA_002/20220823_033000.WAV,Telephone Field,recover-20220825,002,1795
350.39549999999997,350.4079,22031,26848,Nyctalus leisleri,0.018,0.034,-1,Echolocation,/mnt/ubna_data_01_mir/recover-20220825/UBNA_002/20220823_033000.WAV,Telephone Field,recover-20220825,002,1795
350.4045,350.4452,68437,82264,Rhinolophus ferrumequinum,0.021,0.022,-1,Echolocation,/mnt/ubna_data_01_mir/recover-20220825/UBNA_002/20220823_033000.WAV,Telephone Field,recover-20220825,002,1795
350.4105,350.4206,26328,34330,Eptesicus serotinus,0.01,0.024,-1,Echolocation,/mnt/ubna_data_01_mir/recover-20220825/UBNA_002/20220823_033000.WAV,Telephone Field,recover-20220825,002,1795
350.4235,350.4345,24609,31588,Nyctalus leisleri,0.009,0.026,-1,Echolocation,/mnt/ubna_data_01_mir/recover-20220825/UBNA_002/20220823_033000.WAV,Telephone Field,recover-20220825,002,1795
350.4475,350.4871,68437,82455,Rhinolophus ferrumequinum,0.026,0.026,-1,Echolocation,/mnt/ubna_data_01_mir/recover-20220825/UBNA_002/20220823_033000.WAV,Telephone Field,recover-20220825,002,1795
350.45550000000003,350.4626,29765,41474,Eptesicus serotinus,0.009,0.029,-1,Echolocation,/mnt/ubna_data_01_mir/recover-20220825/UBNA_002/20220823_033000.WAV,Telephone Field,recover-20220825,002,1795
350.5145,350.5551,68437,82496,Rhinolophus ferrumequinum,0.022,0.022,-1,Echolocation,/mnt/ubna_data_01_mir/recover-20220825/UBNA_002/20220823_033000.WAV,Telephone Field,recover-20220825,002,1795
350.5275,350.5372,25468,32991,Eptesicus serotinus,0.011,0.029,-1,Echolocation,/mnt/ubna_data_01_mir/recover-20220825/UBNA_002/20220823_033000.WAV,Telephone Field,recover-20220825,002,1795
350.5355,350.5724,68437,82032,Rhinolophus ferrumequinum,0.04,0.04,-1,Echolocation,/mnt/ubna_data_01_mir/recover-20220825/UBNA_002/20220823_033000.WAV,Telephone Field,recover-20220825,002,1795
350.5775,350.6196,68437,82966,Rhinolophus ferrumequinum,0.034,0.034,-1,Echolocation,/mnt/ubna_data_01_mir/recover-20220825/UBNA_002/20220823_033000.WAV,Telephone Field,recover-20220825,002,1795
350.6095,350.6189,28046,39374,Eptesicus serotinus,0.01,0.026,-1,Echolocation,/mnt/ubna_data_01_mir/recover-20220825/UBNA_002/20220823_033000.WAV,Telephone Field,recover-20220825,002,1795
350.6195,350.6318,30625,36758,Eptesicus serotinus,0.012,0.026,-1,Echolocation,/mnt/ubna_data_01_mir/recover-20220825/UBNA_002/20220823_033000.WAV,Telephone Field,recover-20220825,002,1795
350.6365,350.6762,68437,82837,Rhinolophus ferrumequinum,0.026,0.026,-1,Echolocation,/mnt/ubna_data_01_mir/recover-20220825/UBNA_002/20220823_033000.WAV,Telephone Field,recover-20220825,002,1795
350.6995,350.7087,28046,37932,Eptesicus serotinus,0.01,0.025,-1,Echolocation,/mnt/ubna_data_01_mir/recover-20220825/UBNA_002/20220823_033000.WAV,Telephone Field,recover-20220825,002,1795
350.7095,350.72180000000003,26328,31824,Eptesicus serotinus,0.012,0.026,-1,Echolocation,/mnt/ubna_data_01_mir/recover-20220825/UBNA_002/20220823_033000.WAV,Telephone Field,recover-20220825,002,1795
350.7245,350.7597,68437,81332,Rhinolophus ferrumequinum,0.021,0.022,-1,Echolocation,/mnt/ubna_data_01_mir/recover-20220825/UBNA_002/20220823_033000.WAV,Telephone Field,recover-20220825,002,1795
350.7445,350.7509,23750,33724,Plecotus austriacus,0.015,0.031,-1,Echolocation,/mnt/ubna_data_01_mir/recover-20220825/UBNA_002/20220823_033000.WAV,Telephone Field,recover-20220825,002,1795
350.7515,350.7928,68437,82926,Rhinolophus ferrumequinum,0.031,0.031,-1,Echolocation,/mnt/ubna_data_01_mir/recover-20220825/UBNA_002/20220823_033000.WAV,Telephone Field,recover-20220825,002,1795
350.7935,350.8015,28046,39069,Eptesicus serotinus,0.008,0.023,-1,Echolocation,/mnt/ubna_data_01_mir/recover-20220825/UBNA_002/20220823_033000.WAV,Telephone Field,recover-20220825,002,1795
350.8115,350.8492,68437,81725,Rhinolophus ferrumequinum,0.021,0.021,-1,Echolocation,/mnt/ubna_data_01_mir/recover-20220825/UBNA_002/20220823_033000.WAV,Telephone Field,recover-20220825,002,1795
350.8275,350.8351,23750,33210,Plecotus austriacus,0.011,0.026,-1,Echolocation,/mnt/ubna_data_01_mir/recover-20220825/UBNA_002/20220823_033000.WAV,Telephone Field,recover-20220825,002,1795
350.8405,350.8761,68437,81424,Rhinolophus ferrumequinum,0.022,0.022,-1,Echolocation,/mnt/ubna_data_01_mir/recover-20220825/UBNA_002/20220823_033000.WAV,Telephone Field,recover-20220825,002,1795
350.8515,350.8914,68437,82216,Rhinolophus ferrumequinum,0.024,0.024,-1,Echolocation,/mnt/ubna_data_01_mir/recover-20220825/UBNA_002/20220823_033000.WAV,Telephone Field,recover-20220825,002,1795
350.8775,350.9137,68437,81167,Rhinolophus ferrumequinum,0.033,0.033,-1,Echolocation,/mnt/ubna_data_01_mir/recover-20220825/UBNA_002/20220823_033000.WAV,Telephone Field,recover-20220825,002,1795
350.8865,350.9222,68437,81837,Rhinolophus ferrumequinum,0.025,0.025,-1,Echolocation,/mnt/ubna_data_01_mir/recover-20220825/UBNA_002/20220823_033000.WAV,Telephone Field,recover-20220825,002,1795
350.9055,350.94780000000003,68437,83043,Rhinolophus ferrumequinum,0.026,0.026,-1,Echolocation,/mnt/ubna_data_01_mir/recover-20220825/UBNA_002/20220823_033000.WAV,Telephone Field,recover-20220825,002,1795
351.0105,351.0501,68437,82690,Rhinolophus ferrumequinum,0.023,0.023,-1,Echolocation,/mnt/ubna_data_01_mir/recover-20220825/UBNA_002/20220823_033000.WAV,Telephone Field,recover-20220825,002,1795
351.0165,351.0562,68437,82475,Rhinolophus ferrumequinum,0.022,0.022,-1,Echolocation,/mnt/ubna_data_01_mir/recover-20220825/UBNA_002/20220823_033000.WAV,Telephone Field,recover-20220825,002,1795
351.0255,351.0362,37500,42478,Barbastellus barbastellus,0.014,0.053,-1,Echolocation,/mnt/ubna_data_01_mir/recover-20220825/UBNA_002/20220823_033000.WAV,Telephone Field,recover-20220825,002,1795
351.0795,351.1135,68437,81224,Rhinolophus ferrumequinum,0.022,0.022,-1,Echolocation,/mnt/ubna_data_01_mir/recover-20220825/UBNA_002/20220823_033000.WAV,Telephone Field,recover-20220825,002,1795
351.0885,351.1269,68437,82394,Rhinolophus ferrumequinum,0.024,0.024,-1,Echolocation,/mnt/ubna_data_01_mir/recover-20220825/UBNA_002/20220823_033000.WAV,Telephone Field,recover-20220825,002,1795
351.1305,351.1374,23750,34333,Plecotus austriacus,0.009,0.022,-1,Echolocation,/mnt/ubna_data_01_mir/recover-20220825/UBNA_002/20220823_033000.WAV,Telephone Field,recover-20220825,002,1795
351.1435,351.1801,68437,82026,Rhinolophus ferrumequinum,0.026,0.026,-1,Echolocation,/mnt/ubna_data_01_mir/recover-20220825/UBNA_002/20220823_033000.WAV,Telephone Field,recover-20220825,002,1795
351.1525,351.1912,68437,81814,Rhinolophus ferrumequinum,0.021,0.022,-1,Echolocation,/mnt/ubna_data_01_mir/recover-20220825/UBNA_002/20220823_033000.WAV,Telephone Field,recover-20220825,002,1795
351.1605,351.1712,23750,30932,Nyctalus leisleri,0.013,0.037,-1,Echolocation,/mnt/ubna_data_01_mir/recover-20220825/UBNA_002/20220823_033000.WAV,Telephone Field,recover-20220825,002,1795
351.1915,351.2308,68437,82492,Rhinolophus ferrumequinum,0.024,0.024,-1,Echolocation,/mnt/ubna_data_01_mir/recover-20220825/UBNA_002/20220823_033000.WAV,Telephone Field,recover-20220825,002,1795
351.2005,351.2083,25468,33962,Plecotus austriacus,0.006,0.023,-1,Echolocation,/mnt/ubna_data_01_mir/recover-20220825/UBNA_002/20220823_033000.WAV,Telephone Field,recover-20220825,002,1795
351.2145,351.2532,68437,81727,Rhinolophus ferrumequinum,0.023,0.023,-1,Echolocation,/mnt/ubna_data_01_mir/recover-20220825/UBNA_002/20220823_033000.WAV,Telephone Field,recover-20220825,002,1795
351.2445,351.2552,25468,32936,Nyctalus leisleri,0.013,0.037,-1,Echolocation,/mnt/ubna_data_01_mir/recover-20220825/UBNA_002/20220823_033000.WAV,Telephone Field,recover-20220825,002,1795
351.2675,351.3064,68437,81775,Rhinolophus ferrumequinum,0.022,0.022,-1,Echolocation,/mnt/ubna_data_01_mir/recover-20220825/UBNA_002/20220823_033000.WAV,Telephone Field,recover-20220825,002,1795
351.2885,351.3212,68437,80779,Rhinolophus ferrumequinum,0.021,0.021,-1,Echolocation,/mnt/ubna_data_01_mir/recover-20220825/UBNA_002/20220823_033000.WAV,Telephone Field,recover-20220825,002,1795
351.3015,351.3424,68437,82755,Rhinolophus ferrumequinum,0.023,0.023,-1,Echolocation,/mnt/ubna_data_01_mir/recover-20220825/UBNA_002/20220823_033000.WAV,Telephone Field,recover-20220825,002,1795
351.3065,351.3164,23750,31397,Nyctalus leisleri,0.012,0.038,-1,Echolocation,/mnt/ubna_data_01_mir/recover-20220825/UBNA_002/20220823_033000.WAV,Telephone Field,recover-20220825,002,1795
351.3285,351.3392,22890,27296,Nyctalus leisleri,0.015,0.028,-1,Echolocation,/mnt/ubna_data_01_mir/recover-20220825/UBNA_002/20220823_033000.WAV,Telephone Field,recover-20220825,002,1795
351.35450000000003,351.3971,68437,82962,Rhinolophus ferrumequinum,0.022,0.022,-1,Echolocation,/mnt/ubna_data_01_mir/recover-20220825/UBNA_002/20220823_033000.WAV,Telephone Field,recover-20220825,002,1795
351.4065,351.4412,68437,81169,Rhinolophus ferrumequinum,0.024,0.024,-1,Echolocation,/mnt/ubna_data_01_mir/recover-20220825/UBNA_002/20220823_033000.WAV,Telephone Field,recover-20220825,002,1795
351.4065,351.4179,23750,29859,Nyctalus leisleri,0.009,0.023,-1,Echolocation,/mnt/ubna_data_01_mir/recover-20220825/UBNA_002/20220823_033000.WAV,Telephone Field,recover-20220825,002,1795
351.4475,351.4803,68437,80481,Rhinolophus ferrumequinum,0.022,0.022,-1,Echolocation,/mnt/ubna_data_01_mir/recover-20220825/UBNA_002/20220823_033000.WAV,Telephone Field,recover-20220825,002,1795
351.4535,351.4648,33203,40045,Eptesicus serotinus,0.006,0.021,-1,Echolocation,/mnt/ubna_data_01_mir/recover-20220825/UBNA_002/20220823_033000.WAV,Telephone Field,recover-20220825,002,1795
351.47950000000003,351.4882,28046,40550,Eptesicus serotinus,0.008,0.021,-1,Echolocation,/mnt/ubna_data_01_mir/recover-20220825/UBNA_002/20220823_033000.WAV,Telephone Field,recover-20220825,002,1795
351.5305,351.5703,68437,82122,Rhinolophus ferrumequinum,0.024,0.024,-1,Echolocation,/mnt/ubna_data_01_mir/recover-20220825/UBNA_002/20220823_033000.WAV,Telephone Field,recover-20220825,002,1795
351.5525,351.56,23750,32654,Plecotus austriacus,0.013,0.029,-1,Echolocation,/mnt/ubna_data_01_mir/recover-20220825/UBNA_002/20220823_033000.WAV,Telephone Field,recover-20220825,002,1795
351.5525,351.5876,68437,81246,Rhinolophus ferrumequinum,0.023,0.023,-1,Echolocation,/mnt/ubna_data_01_mir/recover-20220825/UBNA_002/20220823_033000.WAV,Telephone Field,recover-20220825,002,1795
351.5725,351.6072,68437,80869,Rhinolophus ferrumequinum,0.025,0.025,-1,Echolocation,/mnt/ubna_data_01_mir/recover-20220825/UBNA_002/20220823_033000.WAV,Telephone Field,recover-20220825,002,1795
351.5825,351.5894,27187,37995,Eptesicus serotinus,0.007,0.027,-1,Echolocation,/mnt/ubna_data_01_mir/recover-20220825/UBNA_002/20220823_033000.WAV,Telephone Field,recover-20220825,002,1795
351.5885,351.6261,68437,81989,Rhinolophus ferrumequinum,0.023,0.024,-1,Echolocation,/mnt/ubna_data_01_mir/recover-20220825/UBNA_002/20220823_033000.WAV,Telephone Field,recover-20220825,002,1795
351.6325,351.6408,26328,34742,Eptesicus serotinus,0.009,0.024,-1,Echolocation,/mnt/ubna_data_01_mir/recover-20220825/UBNA_002/20220823_033000.WAV,Telephone Field,recover-20220825,002,1795
351.6405,351.6797,68437,81318,Rhinolophus ferrumequinum,0.023,0.023,-1,Echolocation,/mnt/ubna_data_01_mir/recover-20220825/UBNA_002/20220823_033000.WAV,Telephone Field,recover-20220825,002,1795
351.6475,351.6833,68437,81760,Rhinolophus ferrumequinum,0.022,0.022,-1,Echolocation,/mnt/ubna_data_01_mir/recover-20220825/UBNA_002/20220823_033000.WAV,Telephone Field,recover-20220825,002,1795
351.6875,351.6979,21171,26687,Plecotus austriacus,0.01,0.029,-1,Echolocation,/mnt/ubna_data_01_mir/recover-20220825/UBNA_002/20220823_033000.WAV,Telephone Field,recover-20220825,002,1795
351.6915,351.7314,68437,82745,Rhinolophus ferrumequinum,0.026,0.026,-1,Echolocation,/mnt/ubna_data_01_mir/recover-20220825/UBNA_002/20220823_033000.WAV,Telephone Field,recover-20220825,002,1795
351.7305,351.7715,68437,82573,Rhinolophus ferrumequinum,0.033,0.033,-1,Echolocation,/mnt/ubna_data_01_mir/recover-20220825/UBNA_002/20220823_033000.WAV,Telephone Field,recover-20220825,002,1795
351.7695,351.8059,68437,82015,Rhinolophus ferrumequinum,0.021,0.021,-1,Echolocation,/mnt/ubna_data_01_mir/recover-20220825/UBNA_002/20220823_033000.WAV,Telephone Field,recover-20220825,002,1795
351.7875,351.8298,68437,82991,Rhinolophus ferrumequinum,0.034,0.034,-1,Echolocation,/mnt/ubna_data_01_mir/recover-20220825/UBNA_002/20220823_033000.WAV,Telephone Field,recover-20220825,002,1795
351.8215,351.8375,19453,23560,Nyctalus noctula,0.017,0.031,-1,Echolocation,/mnt/ubna_data_01_mir/recover-20220825/UBNA_002/20220823_033000.WAV,Telephone Field,recover-20220825,002,1795
351.8535,351.8882,68437,81040,Rhinolophus ferrumequinum,0.025,0.025,-1,Echolocation,/mnt/ubna_data_01_mir/recover-20220825/UBNA_002/20220823_033000.WAV,Telephone Field,recover-20220825,002,1795
351.85450000000003,351.8629,28046,39256,Eptesicus serotinus,0.008,0.022,-1,Echolocation,/mnt/ubna_data_01_mir/recover-20220825/UBNA_002/20220823_033000.WAV,Telephone Field,recover-20220825,002,1795
351.8745,351.9129,68437,82282,Rhinolophus ferrumequinum,0.026,0.026,-1,Echolocation,/mnt/ubna_data_01_mir/recover-20220825/UBNA_002/20220823_033000.WAV,Telephone Field,recover-20220825,002,1795
351.8835,351.9237,68437,81960,Rhinolophus ferrumequinum,0.024,0.024,-1,Echolocation,/mnt/ubna_data_01_mir/recover-20220825/UBNA_002/20220823_033000.WAV,Telephone Field,recover-20220825,002,1795
351.9125,351.9197,27187,40907,Eptesicus serotinus,0.006,0.021,-1,Echolocation,/mnt/ubna_data_01_mir/recover-20220825/UBNA_002/20220823_033000.WAV,Telephone Field,recover-20220825,002,1795
351.9545,351.9945,68437,81822,Rhinolophus ferrumequinum,0.027,0.027,-1,Echolocation,/mnt/ubna_data_01_mir/recover-20220825/UBNA_002/20220823_033000.WAV,Telephone Field,recover-20220825,002,1795
351.9575,351.9645,28046,40844,Eptesicus serotinus,0.007,0.023,-1,Echolocation,/mnt/ubna_data_01_mir/recover-20220825/UBNA_002/20220823_033000.WAV,Telephone Field,recover-20220825,002,1795
351.9725,351.9819,27187,37042,Eptesicus serotinus,0.009,0.022,-1,Echolocation,/mnt/ubna_data_01_mir/recover-20220825/UBNA_002/20220823_033000.WAV,Telephone Field,recover-20220825,002,1795
351.97950000000003,351.9899,23750,29716,Nyctalus leisleri,0.01,0.023,-1,Echolocation,/mnt/ubna_data_01_mir/recover-20220825/UBNA_002/20220823_033000.WAV,Telephone Field,recover-20220825,002,1795
352.0015,352.0093,23750,31580,Nyctalus leisleri,0.011,0.035,-1,Echolocation,/mnt/ubna_data_01_mir/recover-20220825/UBNA_002/20220823_033000.WAV,Telephone Field,recover-20220825,002,1795
352.0015,352.0095,46953,53554,Pipistrellus pipistrellus,0.016,0.023,-1,Echolocation,/mnt/ubna_data_01_mir/recover-20220825/UBNA_002/20220823_033000.WAV,Telephone Field,recover-20220825,002,1795
352.0015,352.0339,68437,80265,Rhinolophus ferrumequinum,0.047,0.047,-1,Echolocation,/mnt/ubna_data_01_mir/recover-20220825/UBNA_002/20220823_033000.WAV,Telephone Field,recover-20220825,002,1795
352.0085,352.0499,68437,82445,Rhinolophus ferrumequinum,0.023,0.023,-1,Echolocation,/mnt/ubna_data_01_mir/recover-20220825/UBNA_002/20220823_033000.WAV,Telephone Field,recover-20220825,002,1795
352.0145,352.0523,68437,82529,Rhinolophus ferrumequinum,0.024,0.024,-1,Echolocation,/mnt/ubna_data_01_mir/recover-20220825/UBNA_002/20220823_033000.WAV,Telephone Field,recover-20220825,002,1795
352.0275,352.0385,37500,41555,Pipistrellus nathusii,0.021,0.034,-1,Echolocation,/mnt/ubna_data_01_mir/recover-20220825/UBNA_002/20220823_033000.WAV,Telephone Field,recover-20220825,002,1795
352.0535,352.0928,68437,82214,Rhinolophus ferrumequinum,0.025,0.025,-1,Echolocation,/mnt/ubna_data_01_mir/recover-20220825/UBNA_002/20220823_033000.WAV,Telephone Field,recover-20220825,002,1795
352.0655,352.1041,68437,82470,Rhinolophus ferrumequinum,0.033,0.033,-1,Echolocation,/mnt/ubna_data_01_mir/recover-20220825/UBNA_002/20220823_033000.WAV,Telephone Field,recover-20220825,002,1795
352.0825,352.0908,27187,38439,Eptesicus serotinus,0.009,0.023,-1,Echolocation,/mnt/ubna_data_01_mir/recover-20220825/UBNA_002/20220823_033000.WAV,Telephone Field,recover-20220825,002,1795
352.0885,352.1232,68437,82225,Rhinolophus ferrumequinum,0.024,0.025,-1,Echolocation,/mnt/ubna_data_01_mir/recover-20220825/UBNA_002/20220823_033000.WAV,Telephone Field,recover-20220825,002,1795
352.1055,352.14549999999997,68437,82814,Rhinolophus ferrumequinum,0.027,0.027,-1,Echolocation,/mnt/ubna_data_01_mir/recover-20220825/UBNA_002/20220823_033000.WAV,Telephone Field,recover-20220825,002,1795
352.1125,352.1208,28046,38251,Eptesicus serotinus,0.008,0.025,-1,Echolocation,/mnt/ubna_data_01_mir/recover-20220825/UBNA_002/20220823_033000.WAV,Telephone Field,recover-20220825,002,1795
352.1415,352.1514,27187,36652,Eptesicus serotinus,0.01,0.025,-1,Echolocation,/mnt/ubna_data_01_mir/recover-20220825/UBNA_002/20220823_033000.WAV,Telephone Field,recover-20220825,002,1795
352.1585,352.1962,68437,82108,Rhinolophus ferrumequinum,0.03,0.03,-1,Echolocation,/mnt/ubna_data_01_mir/recover-20220825/UBNA_002/20220823_033000.WAV,Telephone Field,recover-20220825,002,1795
352.1665,352.2053,68437,82424,Rhinolophus ferrumequinum,0.022,0.022,-1,Echolocation,/mnt/ubna_data_01_mir/recover-20220825/UBNA_002/20220823_033000.WAV,Telephone Field,recover-20220825,002,1795
352.2145,352.2231,27187,37561,Eptesicus serotinus,0.009,0.024,-1,Echolocation,/mnt/ubna_data_01_mir/recover-20220825/UBNA_002/20220823_033000.WAV,Telephone Field,recover-20220825,002,1795
352.2155,352.2501,68437,81623,Rhinolophus ferrumequinum,0.022,0.022,-1,Echolocation,/mnt/ubna_data_01_mir/recover-20220825/UBNA_002/20220823_033000.WAV,Telephone Field,recover-20220825,002,1795
352.2235,352.2308,28046,37191,Eptesicus serotinus,0.007,0.026,-1,Echolocation,/mnt/ubna_data_01_mir/recover-20220825/UBNA_002/20220823_033000.WAV,Telephone Field,recover-20220825,002,1795
352.2265,352.2636,68437,82043,Rhinolophus ferrumequinum,0.025,0.026,-1,Echolocation,/mnt/ubna_data_01_mir/recover-20220825/UBNA_002/20220823_033000.WAV,Telephone Field,recover-20220825,002,1795
352.2355,352.2703,68437,81306,Rhinolophus ferrumequinum,0.03,0.03,-1,Echolocation,/mnt/ubna_data_01_mir/recover-20220825/UBNA_002/20220823_033000.WAV,Telephone Field,recover-20220825,002,1795
352.2915,352.2993,27187,39026,Eptesicus serotinus,0.007,0.026,-1,Echolocation,/mnt/ubna_data_01_mir/recover-20220825/UBNA_002/20220823_033000.WAV,Telephone Field,recover-20220825,002,1795
352.2915,352.3004,43515,48556,Pipistrellus pipistrellus,0.021,0.032,-1,Echolocation,/mnt/ubna_data_01_mir/recover-20220825/UBNA_002/20220823_033000.WAV,Telephone Field,recover-20220825,002,1795
352.3205,352.3279,23750,33048,Plecotus austriacus,0.012,0.028,-1,Echolocation,/mnt/ubna_data_01_mir/recover-20220825/UBNA_002/20220823_033000.WAV,Telephone Field,recover-20220825,002,1795
352.3275,352.3579,68437,79994,Rhinolophus ferrumequinum,0.032,0.032,-1,Echolocation,/mnt/ubna_data_01_mir/recover-20220825/UBNA_002/20220823_033000.WAV,Telephone Field,recover-20220825,002,1795
352.35450000000003,352.3928,68437,82284,Rhinolophus ferrumequinum,0.027,0.027,-1,Echolocation,/mnt/ubna_data_01_mir/recover-20220825/UBNA_002/20220823_033000.WAV,Telephone Field,recover-20220825,002,1795
352.3655,352.3733,28046,36349,Eptesicus serotinus,0.008,0.022,-1,Echolocation,/mnt/ubna_data_01_mir/recover-20220825/UBNA_002/20220823_033000.WAV,Telephone Field,recover-20220825,002,1795
352.3805,352.4162,68437,81586,Rhinolophus ferrumequinum,0.022,0.022,-1,Echolocation,/mnt/ubna_data_01_mir/recover-20220825/UBNA_002/20220823_033000.WAV,Telephone Field,recover-20220825,002,1795
352.4225,352.4626,68437,82400,Rhinolophus ferrumequinum,0.024,0.024,-1,Echolocation,/mnt/ubna_data_01_mir/recover-20220825/UBNA_002/20220823_033000.WAV,Telephone Field,recover-20220825,002,1795
352.4285,352.4339,37500,48863,Myotis daubentonii,0.014,0.044,-1,Echolocation,/mnt/ubna_data_01_mir/recover-20220825/UBNA_002/20220823_033000.WAV,Telephone Field,recover-20220825,002,1795
352.4575,352.465,27187,38831,Eptesicus serotinus,0.007,0.022,-1,Echolocation,/mnt/ubna_data_01_mir/recover-20220825/UBNA_002/20220823_033000.WAV,Telephone Field,recover-20220825,002,1795
352.4575,352.4966,68437,82501,Rhinolophus ferrumequinum,0.025,0.025,-1,Echolocation,/mnt/ubna_data_01_mir/recover-20220825/UBNA_002/20220823_033000.WAV,Telephone Field,recover-20220825,002,1795
352.4815,352.5246,68437,82905,Rhinolophus ferrumequinum,0.029,0.029,-1,Echolocation,/mnt/ubna_data_01_mir/recover-20220825/UBNA_002/20220823_033000.WAV,Telephone Field,recover-20220825,002,1795
352.4925,352.5021,25468,32637,Eptesicus serotinus,0.009,0.024,-1,Echolocation,/mnt/ubna_data_01_mir/recover-20220825/UBNA_002/20220823_033000.WAV,Telephone Field,recover-20220825,002,1795
352.5025,352.5401,68437,82831,Rhinolophus ferrumequinum,0.029,0.029,-1,Echolocation,/mnt/ubna_data_01_mir/recover-20220825/UBNA_002/20220823_033000.WAV,Telephone Field,recover-20220825,002,1795
352.52049999999997,352.5269,38359,45296,Barbastellus barbastellus,0.127,0.277,-1,Echolocation,/mnt/ubna_data_01_mir/recover-20220825/UBNA_002/20220823_033000.WAV,Telephone Field,recover-20220825,002,1795
352.5365,352.5735,68437,81850,Rhinolophus ferrumequinum,0.023,0.023,-1,Echolocation,/mnt/ubna_data_01_mir/recover-20220825/UBNA_002/20220823_033000.WAV,Telephone Field,recover-20220825,002,1795
352.5775,352.5855,27187,37727,Eptesicus serotinus,0.008,0.023,-1,Echolocation,/mnt/ubna_data_01_mir/recover-20220825/UBNA_002/20220823_033000.WAV,Telephone Field,recover-20220825,002,1795
352.6105,352.648,68437,82421,Rhinolophus ferrumequinum,0.024,0.024,-1,Echolocation,/mnt/ubna_data_01_mir/recover-20220825/UBNA_002/20220823_033000.WAV,Telephone Field,recover-20220825,002,1795
352.6155,352.6217,25468,40617,Myotis nattereri,0.005,0.023,-1,Echolocation,/mnt/ubna_data_01_mir/recover-20220825/UBNA_002/20220823_033000.WAV,Telephone Field,recover-20220825,002,1795
352.6315,352.6698,68437,82308,Rhinolophus ferrumequinum,0.022,0.022,-1,Echolocation,/mnt/ubna_data_01_mir/recover-20220825/UBNA_002/20220823_033000.WAV,Telephone Field,recover-20220825,002,1795
352.6475,352.6589,44375,47358,Pipistrellus pipistrellus,0.029,0.036,-1,Echolocation,/mnt/ubna_data_01_mir/recover-20220825/UBNA_002/20220823_033000.WAV,Telephone Field,recover-20220825,002,1795
352.6515,352.687,68437,82588,Rhinolophus ferrumequinum,0.027,0.027,-1,Echolocation,/mnt/ubna_data_01_mir/recover-20220825/UBNA_002/20220823_033000.WAV,Telephone Field,recover-20220825,002,1795
352.6775,352.6873,38359,42970,Pipistrellus nathusii,0.019,0.029,-1,Echolocation,/mnt/ubna_data_01_mir/recover-20220825/UBNA_002/20220823_033000.WAV,Telephone Field,recover-20220825,002,1795
352.7125,352.72,47812,51970,Pipistrellus pipistrellus,0.022,0.025,-1,Echolocation,/mnt/ubna_data_01_mir/recover-20220825/UBNA_002/20220823_033000.WAV,Telephone Field,recover-20220825,002,1795
352.7385,352.777,68437,82245,Rhinolophus ferrumequinum,0.027,0.027,-1,Echolocation,/mnt/ubna_data_01_mir/recover-20220825/UBNA_002/20220823_033000.WAV,Telephone Field,recover-20220825,002,1795
352.7655,352.8049,68437,82074,Rhinolophus ferrumequinum,0.023,0.023,-1,Echolocation,/mnt/ubna_data_01_mir/recover-20220825/UBNA_002/20220823_033000.WAV,Telephone Field,recover-20220825,002,1795
352.7835,352.8203,68437,81898,Rhinolophus ferrumequinum,0.026,0.026,-1,Echolocation,/mnt/ubna_data_01_mir/recover-20220825/UBNA_002/20220823_033000.WAV,Telephone Field,recover-20220825,002,1795
352.7905,352.7989,44375,52863,Pipistrellus pipistrellus,0.011,0.024,-1,Echolocation,/mnt/ubna_data_01_mir/recover-20220825/UBNA_002/20220823_033000.WAV,Telephone Field,recover-20220825,002,1795
352.7985,352.8058,27187,39629,Eptesicus serotinus,0.008,0.023,-1,Echolocation,/mnt/ubna_data_01_mir/recover-20220825/UBNA_002/20220823_033000.WAV,Telephone Field,recover-20220825,002,1795
352.8325,352.8417,27187,37322,Eptesicus serotinus,0.01,0.027,-1,Echolocation,/mnt/ubna_data_01_mir/recover-20220825/UBNA_002/20220823_033000.WAV,Telephone Field,recover-20220825,002,1795
352.8335,352.8713,68437,82242,Rhinolophus ferrumequinum,0.023,0.023,-1,Echolocation,/mnt/ubna_data_01_mir/recover-20220825/UBNA_002/20220823_033000.WAV,Telephone Field,recover-20220825,002,1795
352.8375,352.8472,28046,35737,Eptesicus serotinus,0.01,0.027,-1,Echolocation,/mnt/ubna_data_01_mir/recover-20220825/UBNA_002/20220823_033000.WAV,Telephone Field,recover-20220825,002,1795
352.8555,352.8895,68437,81691,Rhinolophus ferrumequinum,0.024,0.024,-1,Echolocation,/mnt/ubna_data_01_mir/recover-20220825/UBNA_002/20220823_033000.WAV,Telephone Field,recover-20220825,002,1795
352.8905,352.8977,26328,39109,Eptesicus serotinus,0.006,0.023,-1,Echolocation,/mnt/ubna_data_01_mir/recover-20220825/UBNA_002/20220823_033000.WAV,Telephone Field,recover-20220825,002,1795
352.8925,352.9305,68437,82053,Rhinolophus ferrumequinum,0.033,0.033,-1,Echolocation,/mnt/ubna_data_01_mir/recover-20220825/UBNA_002/20220823_033000.WAV,Telephone Field,recover-20220825,002,1795
352.8985,352.9067,28046,37281,Eptesicus serotinus,0.008,0.024,-1,Echolocation,/mnt/ubna_data_01_mir/recover-20220825/UBNA_002/20220823_033000.WAV,Telephone Field,recover-20220825,002,1795
352.9165,352.9277,22890,28149,Nyctalus leisleri,0.017,0.041,-1,Echolocation,/mnt/ubna_data_01_mir/recover-20220825/UBNA_002/20220823_033000.WAV,Telephone Field,recover-20220825,002,1795
352.9365,352.947,27187,34268,Eptesicus serotinus,0.013,0.027,-1,Echolocation,/mnt/ubna_data_01_mir/recover-20220825/UBNA_002/20220823_033000.WAV,Telephone Field,recover-20220825,002,1795
352.9605,352.9713,23750,29547,Nyctalus leisleri,0.049,0.12,-1,Echolocation,/mnt/ubna_data_01_mir/recover-20220825/UBNA_002/20220823_033000.WAV,Telephone Field,recover-20220825,002,1795
352.9775,352.9848,28046,40151,Eptesicus serotinus,0.008,0.026,-1,Echolocation,/mnt/ubna_data_01_mir/recover-20220825/UBNA_002/20220823_033000.WAV,Telephone Field,recover-20220825,002,1795
352.9785,352.9869,58984,67614,Pipistrellus pygmaeus,0.022,0.023,-1,Echolocation,/mnt/ubna_data_01_mir/recover-20220825/UBNA_002/20220823_033000.WAV,Telephone Field,recover-20220825,002,1795
353.0085,353.0172,27187,35994,Eptesicus serotinus,0.008,0.024,-1,Echolocation,/mnt/ubna_data_01_mir/recover-20220825/UBNA_002/20220823_033000.WAV,Telephone Field,recover-20220825,002,1795
353.0315,353.0756,68437,83887,Rhinolophus ferrumequinum,0.058,0.058,-1,Echolocation,/mnt/ubna_data_01_mir/recover-20220825/UBNA_002/20220823_033000.WAV,Telephone Field,recover-20220825,002,1795
353.0655,353.07529999999997,40937,44618,Pipistrellus nathusii,0.013,0.027,-1,Echolocation,/mnt/ubna_data_01_mir/recover-20220825/UBNA_002/20220823_033000.WAV,Telephone Field,recover-20220825,002,1795
353.0875,353.1236,68437,82084,Rhinolophus ferrumequinum,0.024,0.024,-1,Echolocation,/mnt/ubna_data_01_mir/recover-20220825/UBNA_002/20220823_033000.WAV,Telephone Field,recover-20220825,002,1795
353.1125,353.1495,68437,81522,Rhinolophus ferrumequinum,0.028,0.028,-1,Echolocation,/mnt/ubna_data_01_mir/recover-20220825/UBNA_002/20220823_033000.WAV,Telephone Field,recover-20220825,002,1795
353.1185,353.1281,42656,51677,Pipistrellus pipistrellus,0.014,0.041,-1,Echolocation,/mnt/ubna_data_01_mir/recover-20220825/UBNA_002/20220823_033000.WAV,Telephone Field,recover-20220825,002,1795
353.1575,353.1959,68437,82385,Rhinolophus ferrumequinum,0.034,0.034,-1,Echolocation,/mnt/ubna_data_01_mir/recover-20220825/UBNA_002/20220823_033000.WAV,Telephone Field,recover-20220825,002,1795
353.1625,353.1683,37500,50137,Barbastellus barbastellus,0.094,0.27,-1,Echolocation,/mnt/ubna_data_01_mir/recover-20220825/UBNA_002/20220823_033000.WAV,Telephone Field,recover-20220825,002,1795
353.1785,353.1928,22890,28997,Nyctalus leisleri,0.032,0.084,-1,Echolocation,/mnt/ubna_data_01_mir/recover-20220825/UBNA_002/20220823_033000.WAV,Telephone Field,recover-20220825,002,1795
353.1855,353.2224,68437,81655,Rhinolophus ferrumequinum,0.022,0.022,-1,Echolocation,/mnt/ubna_data_01_mir/recover-20220825/UBNA_002/20220823_033000.WAV,Telephone Field,recover-20220825,002,1795
353.1965,353.2338,68437,81892,Rhinolophus ferrumequinum,0.022,0.023,-1,Echolocation,/mnt/ubna_data_01_mir/recover-20220825/UBNA_002/20220823_033000.WAV,Telephone Field,recover-20220825,002,1795
353.22950000000003,353.2391,37500,43721,Pipistrellus nathusii,0.011,0.025,-1,Echolocation,/mnt/ubna_data_01_mir/recover-20220825/UBNA_002/20220823_033000.WAV,Telephone Field,recover-20220825,002,1795
353.2315,353.2387,27187,38689,Eptesicus serotinus,0.008,0.026,-1,Echolocation,/mnt/ubna_data_01_mir/recover-20220825/UBNA_002/20220823_033000.WAV,Telephone Field,recover-20220825,002,1795
353.2695,353.2774,26328,41739,Eptesicus serotinus,0.008,0.023,-1,Echolocation,/mnt/ubna_data_01_mir/recover-20220825/UBNA_002/20220823_033000.WAV,Telephone Field,recover-20220825,002,1795
353.2965,353.3353,68437,81865,Rhinolophus ferrumequinum,0.025,0.025,-1,Echolocation,/mnt/ubna_data_01_mir/recover-20220825/UBNA_002/20220823_033000.WAV,Telephone Field,recover-20220825,002,1795
353.2965,353.3052,45234,55523,Pipistrellus pipistrellus,0.016,0.03,-1,Echolocation,/mnt/ubna_data_01_mir/recover-20220825/UBNA_002/20220823_033000.WAV,Telephone Field,recover-20220825,002,1795
353.3355,353.376,68437,82626,Rhinolophus ferrumequinum,0.026,0.026,-1,Echolocation,/mnt/ubna_data_01_mir/recover-20220825/UBNA_002/20220823_033000.WAV,Telephone Field,recover-20220825,002,1795
353.3475,353.3572,42656,49879,Pipistrellus nathusii,0.026,0.043,-1,Echolocation,/mnt/ubna_data_01_mir/recover-20220825/UBNA_002/20220823_033000.WAV,Telephone Field,recover-20220825,002,1795
353.3515,353.3573,37500,51898,Myotis brandtii,0.013,0.034,-1,Echolocation,/mnt/ubna_data_01_mir/recover-20220825/UBNA_002/20220823_033000.WAV,Telephone Field,recover-20220825,002,1795
353.3515,353.3577,25468,38781,Plecotus auritus,0.008,0.031,-1,Echolocation,/mnt/ubna_data_01_mir/recover-20220825/UBNA_002/20220823_033000.WAV,Telephone Field,recover-20220825,002,1795
353.3595,353.3967,68437,81987,Rhinolophus ferrumequinum,0.024,0.024,-1,Echolocation,/mnt/ubna_data_01_mir/recover-20220825/UBNA_002/20220823_033000.WAV,Telephone Field,recover-20220825,002,1795
353.3835,353.3935,22890,30225,Nyctalus leisleri,0.011,0.043,-1,Echolocation,/mnt/ubna_data_01_mir/recover-20220825/UBNA_002/20220823_033000.WAV,Telephone Field,recover-20220825,002,1795
353.4405,353.4501,38359,43902,Pipistrellus nathusii,0.017,0.036,-1,Echolocation,/mnt/ubna_data_01_mir/recover-20220825/UBNA_002/20220823_033000.WAV,Telephone Field,recover-20220825,002,1795
353.4465,353.4544,27187,39761,Eptesicus serotinus,0.008,0.024,-1,Echolocation,/mnt/ubna_data_01_mir/recover-20220825/UBNA_002/20220823_033000.WAV,Telephone Field,recover-20220825,002,1795
353.4875,353.4956,28046,38511,Eptesicus serotinus,0.008,0.022,-1,Echolocation,/mnt/ubna_data_01_mir/recover-20220825/UBNA_002/20220823_033000.WAV,Telephone Field,recover-20220825,002,1795
353.5045,353.5384,68437,81370,Rhinolophus ferrumequinum,0.023,0.024,-1,Echolocation,/mnt/ubna_data_01_mir/recover-20220825/UBNA_002/20220823_033000.WAV,Telephone Field,recover-20220825,002,1795
353.5255,353.5316,56406,62478,Pipistrellus pygmaeus,0.023,0.023,-1,Echolocation,/mnt/ubna_data_01_mir/recover-20220825/UBNA_002/20220823_033000.WAV,Telephone Field,recover-20220825,002,1795
353.5395,353.5459,40078,50853,Pipistrellus nathusii,0.13,0.219,-1,Echolocation,/mnt/ubna_data_01_mir/recover-20220825/UBNA_002/20220823_033000.WAV,Telephone Field,recover-20220825,002,1795
353.54449999999997,353.5797,68437,81657,Rhinolophus ferrumequinum,0.023,0.023,-1,Echolocation,/mnt/ubna_data_01_mir/recover-20220825/UBNA_002/20220823_033000.WAV,Telephone Field,recover-20220825,002,1795
353.5675,353.5777,28046,36055,Eptesicus serotinus,0.017,0.031,-1,Echolocation,/mnt/ubna_data_01_mir/recover-20220825/UBNA_002/20220823_033000.WAV,Telephone Field,recover-20220825,002,1795
353.5855,353.6054,16875,20409,Nyctalus noctula,0.061,0.08,-1,Echolocation,/mnt/ubna_data_01_mir/recover-20220825/UBNA_002/20220823_033000.WAV,Telephone Field,recover-20220825,002,1795
353.6025,353.6403,68437,82658,Rhinolophus ferrumequinum,0.038,0.039,-1,Echolocation,/mnt/ubna_data_01_mir/recover-20220825/UBNA_002/20220823_033000.WAV,Telephone Field,recover-20220825,002,1795
353.6335,353.6422,40937,48034,Pipistrellus nathusii,0.305,0.351,-1,Echolocation,/mnt/ubna_data_01_mir/recover-20220825/UBNA_002/20220823_033000.WAV,Telephone Field,recover-20220825,002,1795
353.6345,353.67,68437,81772,Rhinolophus ferrumequinum,0.022,0.022,-1,Echolocation,/mnt/ubna_data_01_mir/recover-20220825/UBNA_002/20220823_033000.WAV,Telephone Field,recover-20220825,002,1795
353.6345,353.6423,25468,39433,Eptesicus serotinus,0.009,0.028,-1,Echolocation,/mnt/ubna_data_01_mir/recover-20220825/UBNA_002/20220823_033000.WAV,Telephone Field,recover-20220825,002,1795
353.6625,353.6985,68437,82570,Rhinolophus ferrumequinum,0.025,0.025,-1,Echolocation,/mnt/ubna_data_01_mir/recover-20220825/UBNA_002/20220823_033000.WAV,Telephone Field,recover-20220825,002,1795
353.6775,353.6848,25468,34855,Eptesicus serotinus,0.008,0.029,-1,Echolocation,/mnt/ubna_data_01_mir/recover-20220825/UBNA_002/20220823_033000.WAV,Telephone Field,recover-20220825,002,1795
353.6955,353.7044,47812,53768,Pipistrellus pipistrellus,0.02,0.023,-1,Echolocation,/mnt/ubna_data_01_mir/recover-20220825/UBNA_002/20220823_033000.WAV,Telephone Field,recover-20220825,002,1795
353.7125,353.7494,68437,81787,Rhinolophus ferrumequinum,0.023,0.023,-1,Echolocation,/mnt/ubna_data_01_mir/recover-20220825/UBNA_002/20220823_033000.WAV,Telephone Field,recover-20220825,002,1795
353.7125,353.7291,15156,20537,Nyctalus noctula,0.023,0.031,-1,Echolocation,/mnt/ubna_data_01_mir/recover-20220825/UBNA_002/20220823_033000.WAV,Telephone Field,recover-20220825,002,1795
353.72950000000003,353.7367,39218,53345,Pipistrellus nathusii,0.308,0.498,-1,Echolocation,/mnt/ubna_data_01_mir/recover-20220825/UBNA_002/20220823_033000.WAV,Telephone Field,recover-20220825,002,1795
353.7415,353.7778,68437,81580,Rhinolophus ferrumequinum,0.027,0.027,-1,Echolocation,/mnt/ubna_data_01_mir/recover-20220825/UBNA_002/20220823_033000.WAV,Telephone Field,recover-20220825,002,1795
353.7635,353.7733,22890,28141,Nyctalus leisleri,0.009,0.022,-1,Echolocation,/mnt/ubna_data_01_mir/recover-20220825/UBNA_002/20220823_033000.WAV,Telephone Field,recover-20220825,002,1795
353.7795,353.8187,68437,82190,Rhinolophus ferrumequinum,0.037,0.037,-1,Echolocation,/mnt/ubna_data_01_mir/recover-20220825/UBNA_002/20220823_033000.WAV,Telephone Field,recover-20220825,002,1795
353.7875,353.82529999999997,68437,82260,Rhinolophus ferrumequinum,0.025,0.025,-1,Echolocation,/mnt/ubna_data_01_mir/recover-20220825/UBNA_002/20220823_033000.WAV,Telephone Field,recover-20220825,002,1795
353.8225,353.8287,37500,47876,Pipistrellus nathusii,0.229,0.398,-1,Echolocation,/mnt/ubna_data_01_mir/recover-20220825/UBNA_002/20220823_033000.WAV,Telephone Field,recover-20220825,002,1795
353.8465,353.8553,26328,35392,Eptesicus serotinus,0.011,0.027,-1,Echolocation,/mnt/ubna_data_01_mir/recover-20220825/UBNA_002/20220823_033000.WAV,Telephone Field,recover-20220825,002,1795
353.85450000000003,353.8915,68437,82137,Rhinolophus ferrumequinum,0.024,0.024,-1,Echolocation,/mnt/ubna_data_01_mir/recover-20220825/UBNA_002/20220823_033000.WAV,Telephone Field,recover-20220825,002,1795
353.8755,353.8857,28046,35430,Eptesicus serotinus,0.015,0.027,-1,Echolocation,/mnt/ubna_data_01_mir/recover-20220825/UBNA_002/20220823_033000.WAV,Telephone Field,recover-20220825,002,1795
353.8885,353.8974,25468,34297,Eptesicus serotinus,0.01,0.031,-1,Echolocation,/mnt/ubna_data_01_mir/recover-20220825/UBNA_002/20220823_033000.WAV,Telephone Field,recover-20220825,002,1795
353.8935,353.9302,68437,81863,Rhinolophus ferrumequinum,0.022,0.022,-1,Echolocation,/mnt/ubna_data_01_mir/recover-20220825/UBNA_002/20220823_033000.WAV,Telephone Field,recover-20220825,002,1795
353.89549999999997,353.9064,23750,29532,Nyctalus leisleri,0.011,0.025,-1,Echolocation,/mnt/ubna_data_01_mir/recover-20220825/UBNA_002/20220823_033000.WAV,Telephone Field,recover-20220825,002,1795
353.9205,353.9284,27187,35209,Eptesicus serotinus,0.009,0.024,-1,Echolocation,/mnt/ubna_data_01_mir/recover-20220825/UBNA_002/20220823_033000.WAV,Telephone Field,recover-20220825,002,1795
353.9345,353.9409,40078,50503,Pipistrellus nathusii,0.519,0.576,-1,Echolocation,/mnt/ubna_data_01_mir/recover-20220825/UBNA_002/20220823_033000.WAV,Telephone Field,recover-20220825,002,1795
353.9775,353.9873,23750,31080,Nyctalus leisleri,0.01,0.033,-1,Echolocation,/mnt/ubna_data_01_mir/recover-20220825/UBNA_002/20220823_033000.WAV,Telephone Field,recover-20220825,002,1795
354.0015,354.0125,19453,25295,Nyctalus noctula,0.01,0.03,-1,Echolocation,/mnt/ubna_data_01_mir/recover-20220825/UBNA_002/20220823_033000.WAV,Telephone Field,recover-20220825,002,1795
354.0015,354.02909999999997,68437,81310,Rhinolophus ferrumequinum,0.053,0.054,-1,Echolocation,/mnt/ubna_data_01_mir/recover-20220825/UBNA_002/20220823_033000.WAV,Telephone Field,recover-20220825,002,1795
354.0015,354.0069,40937,50012,Pipistrellus nathusii,0.489,0.503,-1,Echolocation,/mnt/ubna_data_01_mir/recover-20220825/UBNA_002/20220823_033000.WAV,Telephone Field,recover-20220825,002,1795
354.0255,354.0498,66718,76013,Pipistrellus pygmaeus,0.02,0.024,-1,Echolocation,/mnt/ubna_data_01_mir/recover-20220825/UBNA_002/20220823_033000.WAV,Telephone Field,recover-20220825,002,1795
354.0905,354.0986,39218,51742,Pipistrellus nathusii,0.461,0.602,-1,Echolocation,/mnt/ubna_data_01_mir/recover-20220825/UBNA_002/20220823_033000.WAV,Telephone Field,recover-20220825,002,1795
354.1265,354.1358,28046,36487,Eptesicus serotinus,0.009,0.023,-1,Echolocation,/mnt/ubna_data_01_mir/recover-20220825/UBNA_002/20220823_033000.WAV,Telephone Field,recover-20220825,002,1795
354.1625,354.20029999999997,68437,82537,Rhinolophus ferrumequinum,0.039,0.039,-1,Echolocation,/mnt/ubna_data_01_mir/recover-20220825/UBNA_002/20220823_033000.WAV,Telephone Field,recover-20220825,002,1795
354.1855,354.1925,39218,49489,Pipistrellus nathusii,0.45,0.541,-1,Echolocation,/mnt/ubna_data_01_mir/recover-20220825/UBNA_002/20220823_033000.WAV,Telephone Field,recover-20220825,002,1795
354.2405,354.2484,27187,37637,Eptesicus serotinus,0.008,0.022,-1,Echolocation,/mnt/ubna_data_01_mir/recover-20220825/UBNA_002/20220823_033000.WAV,Telephone Field,recover-20220825,002,1795
354.2565,354.2925,68437,82136,Rhinolophus ferrumequinum,0.022,0.022,-1,Echolocation,/mnt/ubna_data_01_mir/recover-20220825/UBNA_002/20220823_033000.WAV,Telephone Field,recover-20220825,002,1795
354.2745,354.2808,37500,50847,Pipistrellus nathusii,0.354,0.563,-1,Echolocation,/mnt/ubna_data_01_mir/recover-20220825/UBNA_002/20220823_033000.WAV,Telephone Field,recover-20220825,002,1795
354.2845,354.2916,29765,39185,Myotis daubentonii,0.013,0.029,-1,Echolocation,/mnt/ubna_data_01_mir/recover-20220825/UBNA_002/20220823_033000.WAV,Telephone Field,recover-20220825,002,1795
354.3425,354.3795,68437,81573,Rhinolophus ferrumequinum,0.022,0.022,-1,Echolocation,/mnt/ubna_data_01_mir/recover-20220825/UBNA_002/20220823_033000.WAV,Telephone Field,recover-20220825,002,1795
354.3525,354.3905,68437,82233,Rhinolophus ferrumequinum,0.028,0.028,-1,Echolocation,/mnt/ubna_data_01_mir/recover-20220825/UBNA_002/20220823_033000.WAV,Telephone Field,recover-20220825,002,1795
354.3665,354.3719,38359,50369,Pipistrellus nathusii,0.23,0.387,-1,Echolocation,/mnt/ubna_data_01_mir/recover-20220825/UBNA_002/20220823_033000.WAV,Telephone Field,recover-20220825,002,1795
354.3755,354.3837,28046,35161,Eptesicus serotinus,0.007,0.025,-1,Echolocation,/mnt/ubna_data_01_mir/recover-20220825/UBNA_002/20220823_033000.WAV,Telephone Field,recover-20220825,002,1795
354.3785,354.4147,68437,81780,Rhinolophus ferrumequinum,0.022,0.022,-1,Echolocation,/mnt/ubna_data_01_mir/recover-20220825/UBNA_002/20220823_033000.WAV,Telephone Field,recover-20220825,002,1795
354.3845,354.4208,68437,82281,Rhinolophus ferrumequinum,0.022,0.022,-1,Echolocation,/mnt/ubna_data_01_mir/recover-20220825/UBNA_002/20220823_033000.WAV,Telephone Field,recover-20220825,002,1795
354.4405,354.45889999999997,21171,24696,Nyctalus leisleri,0.019,0.034,-1,Echolocation,/mnt/ubna_data_01_mir/recover-20220825/UBNA_002/20220823_033000.WAV,Telephone Field,recover-20220825,002,1795
354.4405,354.4479,45234,50384,Pipistrellus pipistrellus,0.018,0.022,-1,Echolocation,/mnt/ubna_data_01_mir/recover-20220825/UBNA_002/20220823_033000.WAV,Telephone Field,recover-20220825,002,1795
354.4605,354.4681,40937,44908,Pipistrellus nathusii,0.02,0.03,-1,Echolocation,/mnt/ubna_data_01_mir/recover-20220825/UBNA_002/20220823_033000.WAV,Telephone Field,recover-20220825,002,1795
354.4705,354.5075,68437,82021,Rhinolophus ferrumequinum,0.022,0.022,-1,Echolocation,/mnt/ubna_data_01_mir/recover-20220825/UBNA_002/20220823_033000.WAV,Telephone Field,recover-20220825,002,1795
354.4815,354.52,68437,81923,Rhinolophus ferrumequinum,0.024,0.024,-1,Echolocation,/mnt/ubna_data_01_mir/recover-20220825/UBNA_002/20220823_033000.WAV,Telephone Field,recover-20220825,002,1795
354.4865,354.4954,28046,36923,Eptesicus serotinus,0.012,0.029,-1,Echolocation,/mnt/ubna_data_01_mir/recover-20220825/UBNA_002/20220823_033000.WAV,Telephone Field,recover-20220825,002,1795
354.5235,354.5566,68437,80676,Rhinolophus ferrumequinum,0.022,0.023,-1,Echolocation,/mnt/ubna_data_01_mir/recover-20220825/UBNA_002/20220823_033000.WAV,Telephone Field,recover-20220825,002,1795
354.5395,354.5474,28046,37805,Eptesicus serotinus,0.009,0.023,-1,Echolocation,/mnt/ubna_data_01_mir/recover-20220825/UBNA_002/20220823_033000.WAV,Telephone Field,recover-20220825,002,1795
354.5415,354.5756,68437,81213,Rhinolophus ferrumequinum,0.022,0.022,-1,Echolocation,/mnt/ubna_data_01_mir/recover-20220825/UBNA_002/20220823_033000.WAV,Telephone Field,recover-20220825,002,1795
354.5505,354.5871,68437,82017,Rhinolophus ferrumequinum,0.022,0.022,-1,Echolocation,/mnt/ubna_data_01_mir/recover-20220825/UBNA_002/20220823_033000.WAV,Telephone Field,recover-20220825,002,1795
354.5845,354.6135,68437,79693,Rhinolophus ferrumequinum,0.023,0.023,-1,Echolocation,/mnt/ubna_data_01_mir/recover-20220825/UBNA_002/20220823_033000.WAV,Telephone Field,recover-20220825,002,1795
354.6285,354.639,28906,35350,Eptesicus serotinus,0.015,0.029,-1,Echolocation,/mnt/ubna_data_01_mir/recover-20220825/UBNA_002/20220823_033000.WAV,Telephone Field,recover-20220825,002,1795
354.6315,354.6689,68437,82177,Rhinolophus ferrumequinum,0.03,0.03,-1,Echolocation,/mnt/ubna_data_01_mir/recover-20220825/UBNA_002/20220823_033000.WAV,Telephone Field,recover-20220825,002,1795
354.6425,354.6795,68437,81903,Rhinolophus ferrumequinum,0.022,0.022,-1,Echolocation,/mnt/ubna_data_01_mir/recover-20220825/UBNA_002/20220823_033000.WAV,Telephone Field,recover-20220825,002,1795
354.6615,354.6998,68437,82055,Rhinolophus ferrumequinum,0.022,0.022,-1,Echolocation,/mnt/ubna_data_01_mir/recover-20220825/UBNA_002/20220823_033000.WAV,Telephone Field,recover-20220825,002,1795
354.7245,354.7347,28046,35076,Eptesicus serotinus,0.014,0.027,-1,Echolocation,/mnt/ubna_data_01_mir/recover-20220825/UBNA_002/20220823_033000.WAV,Telephone Field,recover-20220825,002,1795
354.7565,354.7656,40937,46685,Pipistrellus nathusii,0.015,0.025,-1,Echolocation,/mnt/ubna_data_01_mir/recover-20220825/UBNA_002/20220823_033000.WAV,Telephone Field,recover-20220825,002,1795
354.8005,354.8378,68437,82537,Rhinolophus ferrumequinum,0.022,0.022,-1,Echolocation,/mnt/ubna_data_01_mir/recover-20220825/UBNA_002/20220823_033000.WAV,Telephone Field,recover-20220825,002,1795
354.8235,354.8294,27187,37604,Plecotus auritus,0.007,0.028,-1,Echolocation,/mnt/ubna_data_01_mir/recover-20220825/UBNA_002/20220823_033000.WAV,Telephone Field,recover-20220825,002,1795
354.8325,354.8396,40078,52004,Pipistrellus nathusii,0.463,0.582,-1,Echolocation,/mnt/ubna_data_01_mir/recover-20220825/UBNA_002/20220823_033000.WAV,Telephone Field,recover-20220825,002,1795
354.8425,354.852,22890,28169,Nyctalus leisleri,0.008,0.022,-1,Echolocation,/mnt/ubna_data_01_mir/recover-20220825/UBNA_002/20220823_033000.WAV,Telephone Field,recover-20220825,002,1795
354.89549999999997,354.90409999999997,27187,36271,Eptesicus serotinus,0.008,0.022,-1,Echolocation,/mnt/ubna_data_01_mir/recover-20220825/UBNA_002/20220823_033000.WAV,Telephone Field,recover-20220825,002,1795
354.9295,354.9358,38359,49514,Pipistrellus nathusii,0.544,0.605,-1,Echolocation,/mnt/ubna_data_01_mir/recover-20220825/UBNA_002/20220823_033000.WAV,Telephone Field,recover-20220825,002,1795
354.9405,354.9489,28046,35979,Eptesicus serotinus,0.008,0.026,-1,Echolocation,/mnt/ubna_data_01_mir/recover-20220825/UBNA_002/20220823_033000.WAV,Telephone Field,recover-20220825,002,1795
354.9545,354.98969999999997,68437,82262,Rhinolophus ferrumequinum,0.025,0.025,-1,Echolocation,/mnt/ubna_data_01_mir/recover-20220825/UBNA_002/20220823_033000.WAV,Telephone Field,recover-20220825,002,1795
354.9665,355.005,68437,81953,Rhinolophus ferrumequinum,0.023,0.023,-1,Echolocation,/mnt/ubna_data_01_mir/recover-20220825/UBNA_002/20220823_033000.WAV,Telephone Field,recover-20220825,002,1795
354.9705,354.9785,27187,39415,Eptesicus serotinus,0.009,0.025,-1,Echolocation,/mnt/ubna_data_01_mir/recover-20220825/UBNA_002/20220823_033000.WAV,Telephone Field,recover-20220825,002,1795
355.0235,355.0304,39218,50518,Pipistrellus nathusii,0.506,0.561,-1,Echolocation,/mnt/ubna_data_01_mir/recover-20220825/UBNA_002/20220823_033000.WAV,Telephone Field,recover-20220825,002,1795
355.0365,355.0746,68437,82312,Rhinolophus ferrumequinum,0.022,0.022,-1,Echolocation,/mnt/ubna_data_01_mir/recover-20220825/UBNA_002/20220823_033000.WAV,Telephone Field,recover-20220825,002,1795
355.0575,355.0665,40937,44605,Pipistrellus nathusii,0.024,0.034,-1,Echolocation,/mnt/ubna_data_01_mir/recover-20220825/UBNA_002/20220823_033000.WAV,Telephone Field,recover-20220825,002,1795
355.0645,355.0743,28046,35579,Eptesicus serotinus,0.01,0.023,-1,Echolocation,/mnt/ubna_data_01_mir/recover-20220825/UBNA_002/20220823_033000.WAV,Telephone Field,recover-20220825,002,1795
355.0685,355.0814,15156,20875,Nyctalus noctula,0.014,0.023,-1,Echolocation,/mnt/ubna_data_01_mir/recover-20220825/UBNA_002/20220823_033000.WAV,Telephone Field,recover-20220825,002,1795
355.1145,355.1211,38359,54048,Pipistrellus nathusii,0.297,0.49,-1,Echolocation,/mnt/ubna_data_01_mir/recover-20220825/UBNA_002/20220823_033000.WAV,Telephone Field,recover-20220825,002,1795
355.1245,355.1322,27187,36076,Eptesicus serotinus,0.007,0.023,-1,Echolocation,/mnt/ubna_data_01_mir/recover-20220825/UBNA_002/20220823_033000.WAV,Telephone Field,recover-20220825,002,1795
355.2075,355.2138,38359,54317,Pipistrellus nathusii,0.288,0.457,-1,Echolocation,/mnt/ubna_data_01_mir/recover-20220825/UBNA_002/20220823_033000.WAV,Telephone Field,recover-20220825,002,1795
355.2245,355.2589,68437,81928,Rhinolophus ferrumequinum,0.022,0.022,-1,Echolocation,/mnt/ubna_data_01_mir/recover-20220825/UBNA_002/20220823_033000.WAV,Telephone Field,recover-20220825,002,1795
355.2415,355.249,27187,38426,Eptesicus serotinus,0.009,0.027,-1,Echolocation,/mnt/ubna_data_01_mir/recover-20220825/UBNA_002/20220823_033000.WAV,Telephone Field,recover-20220825,002,1795
355.2505,355.261,28046,36321,Eptesicus serotinus,0.013,0.026,-1,Echolocation,/mnt/ubna_data_01_mir/recover-20220825/UBNA_002/20220823_033000.WAV,Telephone Field,recover-20220825,002,1795
355.2725,355.2797,28046,39096,Eptesicus serotinus,0.006,0.022,-1,Echolocation,/mnt/ubna_data_01_mir/recover-20220825/UBNA_002/20220823_033000.WAV,Telephone Field,recover-20220825,002,1795
355.2875,355.324,68437,82582,Rhinolophus ferrumequinum,0.023,0.023,-1,Echolocation,/mnt/ubna_data_01_mir/recover-20220825/UBNA_002/20220823_033000.WAV,Telephone Field,recover-20220825,002,1795
355.2915,355.2993,28046,34433,Eptesicus serotinus,0.009,0.024,-1,Echolocation,/mnt/ubna_data_01_mir/recover-20220825/UBNA_002/20220823_033000.WAV,Telephone Field,recover-20220825,002,1795
355.2955,355.3332,68437,82098,Rhinolophus ferrumequinum,0.022,0.022,-1,Echolocation,/mnt/ubna_data_01_mir/recover-20220825/UBNA_002/20220823_033000.WAV,Telephone Field,recover-20220825,002,1795
355.3055,355.3124,39218,54831,Pipistrellus nathusii,0.303,0.49,-1,Echolocation,/mnt/ubna_data_01_mir/recover-20220825/UBNA_002/20220823_033000.WAV,Telephone Field,recover-20220825,002,1795
355.3065,355.32,16015,21076,Nyctalus noctula,0.014,0.028,-1,Echolocation,/mnt/ubna_data_01_mir/recover-20220825/UBNA_002/20220823_033000.WAV,Telephone Field,recover-20220825,002,1795
355.3155,355.3233,27187,35895,Eptesicus serotinus,0.007,0.022,-1,Echolocation,/mnt/ubna_data_01_mir/recover-20220825/UBNA_002/20220823_033000.WAV,Telephone Field,recover-20220825,002,1795
355.3685,355.3778,43515,47598,Pipistrellus pipistrellus,0.02,0.027,-1,Echolocation,/mnt/ubna_data_01_mir/recover-20220825/UBNA_002/20220823_033000.WAV,Telephone Field,recover-20220825,002,1795
355.39549999999997,355.4023,39218,55793,Pipistrellus nathusii,0.439,0.599,-1,Echolocation,/mnt/ubna_data_01_mir/recover-20220825/UBNA_002/20220823_033000.WAV,Telephone Field,recover-20220825,002,1795
355.4045,355.4111,31484,38901,Myotis daubentonii,0.012,0.023,-1,Echolocation,/mnt/ubna_data_01_mir/recover-20220825/UBNA_002/20220823_033000.WAV,Telephone Field,recover-20220825,002,1795
355.4505,355.4612,37500,41763,Pipistrellus nathusii,0.016,0.026,-1,Echolocation,/mnt/ubna_data_01_mir/recover-20220825/UBNA_002/20220823_033000.WAV,Telephone Field,recover-20220825,002,1795
355.4675,355.4742,39218,55894,Pipistrellus nathusii,0.304,0.465,-1,Echolocation,/mnt/ubna_data_01_mir/recover-20220825/UBNA_002/20220823_033000.WAV,Telephone Field,recover-20220825,002,1795
355.4775,355.4853,27187,34540,Eptesicus serotinus,0.009,0.029,-1,Echolocation,/mnt/ubna_data_01_mir/recover-20220825/UBNA_002/20220823_033000.WAV,Telephone Field,recover-20220825,002,1795
355.4915,355.503,24609,30021,Nyctalus leisleri,0.009,0.023,-1,Echolocation,/mnt/ubna_data_01_mir/recover-20220825/UBNA_002/20220823_033000.WAV,Telephone Field,recover-20220825,002,1795
355.5305,355.5362,28906,67956,Myotis brandtii,0.027,0.067,-1,Echolocation,/mnt/ubna_data_01_mir/recover-20220825/UBNA_002/20220823_033000.WAV,Telephone Field,recover-20220825,002,1795
355.5305,355.5367,39218,56958,Pipistrellus nathusii,0.269,0.472,-1,Echolocation,/mnt/ubna_data_01_mir/recover-20220825/UBNA_002/20220823_033000.WAV,Telephone Field,recover-20220825,002,1795
355.5915,355.6004,28046,35960,Eptesicus serotinus,0.012,0.026,-1,Echolocation,/mnt/ubna_data_01_mir/recover-20220825/UBNA_002/20220823_033000.WAV,Telephone Field,recover-20220825,002,1795
355.60450000000003,355.6118,39218,54430,Pipistrellus nathusii,0.289,0.418,-1,Echolocation,/mnt/ubna_data_01_mir/recover-20220825/UBNA_002/20220823_033000.WAV,Telephone Field,recover-20220825,002,1795
355.6055,355.6114,48671,52471,Pipistrellus pipistrellus,0.018,0.029,-1,Echolocation,/mnt/ubna_data_01_mir/recover-20220825/UBNA_002/20220823_033000.WAV,Telephone Field,recover-20220825,002,1795
355.6185,355.6516,68437,80445,Rhinolophus ferrumequinum,0.028,0.028,-1,Echolocation,/mnt/ubna_data_01_mir/recover-20220825/UBNA_002/20220823_033000.WAV,Telephone Field,recover-20220825,002,1795
355.6265,355.6394,23750,27740,Nyctalus leisleri,0.017,0.031,-1,Echolocation,/mnt/ubna_data_01_mir/recover-20220825/UBNA_002/20220823_033000.WAV,Telephone Field,recover-20220825,002,1795
355.6435,355.6539,27187,33912,Eptesicus serotinus,0.01,0.022,-1,Echolocation,/mnt/ubna_data_01_mir/recover-20220825/UBNA_002/20220823_033000.WAV,Telephone Field,recover-20220825,002,1795
355.6505,355.6602,28046,35069,Eptesicus serotinus,0.009,0.022,-1,Echolocation,/mnt/ubna_data_01_mir/recover-20220825/UBNA_002/20220823_033000.WAV,Telephone Field,recover-20220825,002,1795
355.6785,355.6858,51250,55524,Pipistrellus pygmaeus,0.035,0.039,-1,Echolocation,/mnt/ubna_data_01_mir/recover-20220825/UBNA_002/20220823_033000.WAV,Telephone Field,recover-20220825,002,1795
355.6865,355.6934,38359,57542,Pipistrellus nathusii,0.418,0.567,-1,Echolocation,/mnt/ubna_data_01_mir/recover-20220825/UBNA_002/20220823_033000.WAV,Telephone Field,recover-20220825,002,1795
355.6955,355.7011,31484,40722,Myotis daubentonii,0.013,0.023,-1,Echolocation,/mnt/ubna_data_01_mir/recover-20220825/UBNA_002/20220823_033000.WAV,Telephone Field,recover-20220825,002,1795
355.7615,355.7968,68437,81739,Rhinolophus ferrumequinum,0.022,0.022,-1,Echolocation,/mnt/ubna_data_01_mir/recover-20220825/UBNA_002/20220823_033000.WAV,Telephone Field,recover-20220825,002,1795
355.7645,355.7707,38359,57616,Myotis brandtii,0.01,0.029,-1,Echolocation,/mnt/ubna_data_01_mir/recover-20220825/UBNA_002/20220823_033000.WAV,Telephone Field,recover-20220825,002,1795
355.7655,355.7742,27187,35430,Eptesicus serotinus,0.01,0.028,-1,Echolocation,/mnt/ubna_data_01_mir/recover-20220825/UBNA_002/20220823_033000.WAV,Telephone Field,recover-20220825,002,1795
355.7785,355.7854,49531,54168,Pipistrellus pipistrellus,0.011,0.022,-1,Echolocation,/mnt/ubna_data_01_mir/recover-20220825/UBNA_002/20220823_033000.WAV,Telephone Field,recover-20220825,002,1795
355.7795,355.7865,39218,56898,Pipistrellus nathusii,0.39,0.567,-1,Echolocation,/mnt/ubna_data_01_mir/recover-20220825/UBNA_002/20220823_033000.WAV,Telephone Field,recover-20220825,002,1795
355.7885,355.7953,26328,35608,Eptesicus serotinus,0.005,0.022,-1,Echolocation,/mnt/ubna_data_01_mir/recover-20220825/UBNA_002/20220823_033000.WAV,Telephone Field,recover-20220825,002,1795
355.8035,355.8137,28906,37372,Eptesicus serotinus,0.014,0.029,-1,Echolocation,/mnt/ubna_data_01_mir/recover-20220825/UBNA_002/20220823_033000.WAV,Telephone Field,recover-20220825,002,1795
355.8405,355.8777,68437,82578,Rhinolophus ferrumequinum,0.023,0.024,-1,Echolocation,/mnt/ubna_data_01_mir/recover-20220825/UBNA_002/20220823_033000.WAV,Telephone Field,recover-20220825,002,1795
355.8485,355.8629,22890,27059,Nyctalus leisleri,0.019,0.034,-1,Echolocation,/mnt/ubna_data_01_mir/recover-20220825/UBNA_002/20220823_033000.WAV,Telephone Field,recover-20220825,002,1795
355.8755,355.8838,27187,34153,Eptesicus serotinus,0.012,0.028,-1,Echolocation,/mnt/ubna_data_01_mir/recover-20220825/UBNA_002/20220823_033000.WAV,Telephone Field,recover-20220825,002,1795
355.8865,355.894,39218,55816,Pipistrellus nathusii,0.389,0.533,-1,Echolocation,/mnt/ubna_data_01_mir/recover-20220825/UBNA_002/20220823_033000.WAV,Telephone Field,recover-20220825,002,1795
355.8975,355.9072,27187,34089,Eptesicus serotinus,0.011,0.031,-1,Echolocation,/mnt/ubna_data_01_mir/recover-20220825/UBNA_002/20220823_033000.WAV,Telephone Field,recover-20220825,002,1795
355.9035,355.9392,68437,82332,Rhinolophus ferrumequinum,0.025,0.025,-1,Echolocation,/mnt/ubna_data_01_mir/recover-20220825/UBNA_002/20220823_033000.WAV,Telephone Field,recover-20220825,002,1795
355.9355,355.9435,28046,38148,Eptesicus serotinus,0.009,0.023,-1,Echolocation,/mnt/ubna_data_01_mir/recover-20220825/UBNA_002/20220823_033000.WAV,Telephone Field,recover-20220825,002,1795
355.9705,355.9819,47812,51121,Pipistrellus pipistrellus,0.026,0.036,-1,Echolocation,/mnt/ubna_data_01_mir/recover-20220825/UBNA_002/20220823_033000.WAV,Telephone Field,recover-20220825,002,1795
355.97950000000003,355.9881,36640,51965,Pipistrellus nathusii,0.472,0.598,-1,Echolocation,/mnt/ubna_data_01_mir/recover-20220825/UBNA_002/20220823_033000.WAV,Telephone Field,recover-20220825,002,1795
356.0015,356.0096,24609,36809,Nyctalus leisleri,0.005,0.022,-1,Echolocation,/mnt/ubna_data_01_mir/recover-20220825/UBNA_002/20220823_033000.WAV,Telephone Field,recover-20220825,002,1795
356.0015,356.0114,48671,57167,Pipistrellus pipistrellus,0.019,0.028,-1,Echolocation,/mnt/ubna_data_01_mir/recover-20220825/UBNA_002/20220823_033000.WAV,Telephone Field,recover-20220825,002,1795
356.0015,356.0108,38359,44912,Pipistrellus nathusii,0.014,0.029,-1,Echolocation,/mnt/ubna_data_01_mir/recover-20220825/UBNA_002/20220823_033000.WAV,Telephone Field,recover-20220825,002,1795
356.0015,356.0302,69296,81308,Rhinolophus ferrumequinum,0.028,0.028,-1,Echolocation,/mnt/ubna_data_01_mir/recover-20220825/UBNA_002/20220823_033000.WAV,Telephone Field,recover-20220825,002,1795
356.0155,356.0258,28906,36378,Eptesicus serotinus,0.009,0.022,-1,Echolocation,/mnt/ubna_data_01_mir/recover-20220825/UBNA_002/20220823_033000.WAV,Telephone Field,recover-20220825,002,1795
356.0165,356.0235,54687,62333,Pipistrellus pygmaeus,0.027,0.027,-1,Echolocation,/mnt/ubna_data_01_mir/recover-20220825/UBNA_002/20220823_033000.WAV,Telephone Field,recover-20220825,002,1795
356.0345,356.0438,45234,52150,Pipistrellus pipistrellus,0.014,0.021,-1,Echolocation,/mnt/ubna_data_01_mir/recover-20220825/UBNA_002/20220823_033000.WAV,Telephone Field,recover-20220825,002,1795
356.0365,356.0438,27187,45726,Eptesicus serotinus,0.01,0.026,-1,Echolocation,/mnt/ubna_data_01_mir/recover-20220825/UBNA_002/20220823_033000.WAV,Telephone Field,recover-20220825,002,1795
356.0615,356.0987,68437,82514,Rhinolophus ferrumequinum,0.024,0.024,-1,Echolocation,/mnt/ubna_data_01_mir/recover-20220825/UBNA_002/20220823_033000.WAV,Telephone Field,recover-20220825,002,1795
356.0725,356.08,35781,58174,Pipistrellus nathusii,0.288,0.456,-1,Echolocation,/mnt/ubna_data_01_mir/recover-20220825/UBNA_002/20220823_033000.WAV,Telephone Field,recover-20220825,002,1795
356.0825,356.0897,28906,41401,Myotis daubentonii,0.012,0.03,-1,Echolocation,/mnt/ubna_data_01_mir/recover-20220825/UBNA_002/20220823_033000.WAV,Telephone Field,recover-20220825,002,1795
356.0885,356.1229,68437,81789,Rhinolophus ferrumequinum,0.022,0.023,-1,Echolocation,/mnt/ubna_data_01_mir/recover-20220825/UBNA_002/20220823_033000.WAV,Telephone Field,recover-20220825,002,1795
356.1375,356.1756,68437,81731,Rhinolophus ferrumequinum,0.023,0.023,-1,Echolocation,/mnt/ubna_data_01_mir/recover-20220825/UBNA_002/20220823_033000.WAV,Telephone Field,recover-20220825,002,1795
356.1395,356.1488,27187,38986,Eptesicus serotinus,0.011,0.025,-1,Echolocation,/mnt/ubna_data_01_mir/recover-20220825/UBNA_002/20220823_033000.WAV,Telephone Field,recover-20220825,002,1795
356.1445,356.15319999999997,48671,55516,Pipistrellus pipistrellus,0.012,0.023,-1,Echolocation,/mnt/ubna_data_01_mir/recover-20220825/UBNA_002/20220823_033000.WAV,Telephone Field,recover-20220825,002,1795
356.1445,356.151,31484,55515,Myotis brandtii,0.01,0.021,-1,Echolocation,/mnt/ubna_data_01_mir/recover-20220825/UBNA_002/20220823_033000.WAV,Telephone Field,recover-20220825,002,1795
356.1495,356.1582,38359,48863,Pipistrellus nathusii,0.019,0.034,-1,Echolocation,/mnt/ubna_data_01_mir/recover-20220825/UBNA_002/20220823_033000.WAV,Telephone Field,recover-20220825,002,1795
356.16949999999997,356.1775,36640,58666,Pipistrellus nathusii,0.459,0.562,-1,Echolocation,/mnt/ubna_data_01_mir/recover-20220825/UBNA_002/20220823_033000.WAV,Telephone Field,recover-20220825,002,1795
356.1785,356.1856,26328,38452,Eptesicus serotinus,0.007,0.022,-1,Echolocation,/mnt/ubna_data_01_mir/recover-20220825/UBNA_002/20220823_033000.WAV,Telephone Field,recover-20220825,002,1795
356.1805,356.2098,68437,81425,Rhinolophus ferrumequinum,0.021,0.022,-1,Echolocation,/mnt/ubna_data_01_mir/recover-20220825/UBNA_002/20220823_033000.WAV,Telephone Field,recover-20220825,002,1795
356.2015,356.2099,49531,56708,Pipistrellus pipistrellus,0.018,0.023,-1,Echolocation,/mnt/ubna_data_01_mir/recover-20220825/UBNA_002/20220823_033000.WAV,Telephone Field,recover-20220825,002,1795
356.2205,356.2274,49531,56225,Pipistrellus pipistrellus,0.017,0.021,-1,Echolocation,/mnt/ubna_data_01_mir/recover-20220825/UBNA_002/20220823_033000.WAV,Telephone Field,recover-20220825,002,1795
356.2215,356.2574,68437,82038,Rhinolophus ferrumequinum,0.022,0.022,-1,Echolocation,/mnt/ubna_data_01_mir/recover-20220825/UBNA_002/20220823_033000.WAV,Telephone Field,recover-20220825,002,1795
356.2615,356.2696,36640,58730,Pipistrellus nathusii,0.455,0.592,-1,Echolocation,/mnt/ubna_data_01_mir/recover-20220825/UBNA_002/20220823_033000.WAV,Telephone Field,recover-20220825,002,1795
356.2715,356.2772,34062,50055,Myotis brandtii,0.009,0.022,-1,Echolocation,/mnt/ubna_data_01_mir/recover-20220825/UBNA_002/20220823_033000.WAV,Telephone Field,recover-20220825,002,1795
356.2745,356.3083,68437,81167,Rhinolophus ferrumequinum,0.022,0.022,-1,Echolocation,/mnt/ubna_data_01_mir/recover-20220825/UBNA_002/20220823_033000.WAV,Telephone Field,recover-20220825,002,1795
356.3295,356.3385,42656,54884,Pipistrellus nathusii,0.043,0.07,-1,Echolocation,/mnt/ubna_data_01_mir/recover-20220825/UBNA_002/20220823_033000.WAV,Telephone Field,recover-20220825,002,1795
356.33050000000003,356.3371,31484,61894,Myotis brandtii,0.014,0.026,-1,Echolocation,/mnt/ubna_data_01_mir/recover-20220825/UBNA_002/20220823_033000.WAV,Telephone Field,recover-20220825,002,1795
356.3475,356.356,28046,34830,Eptesicus serotinus,0.008,0.022,-1,Echolocation,/mnt/ubna_data_01_mir/recover-20220825/UBNA_002/20220823_033000.WAV,Telephone Field,recover-20220825,002,1795
356.3475,356.3793,68437,81298,Rhinolophus ferrumequinum,0.021,0.021,-1,Echolocation,/mnt/ubna_data_01_mir/recover-20220825/UBNA_002/20220823_033000.WAV,Telephone Field,recover-20220825,002,1795
356.3575,356.368,55546,61058,Pipistrellus pygmaeus,0.024,0.025,-1,Echolocation,/mnt/ubna_data_01_mir/recover-20220825/UBNA_002/20220823_033000.WAV,Telephone Field,recover-20220825,002,1795
356.3625,356.371,38359,62693,Pipistrellus nathusii,0.657,0.743,-1,Echolocation,/mnt/ubna_data_01_mir/recover-20220825/UBNA_002/20220823_033000.WAV,Telephone Field,recover-20220825,002,1795
356.3695,356.3764,26328,39623,Eptesicus serotinus,0.006,0.023,-1,Echolocation,/mnt/ubna_data_01_mir/recover-20220825/UBNA_002/20220823_033000.WAV,Telephone Field,recover-20220825,002,1795
356.3715,356.3784,37500,48568,Myotis brandtii,0.012,0.028,-1,Echolocation,/mnt/ubna_data_01_mir/recover-20220825/UBNA_002/20220823_033000.WAV,Telephone Field,recover-20220825,002,1795
356.3745,356.4079,68437,81519,Rhinolophus ferrumequinum,0.022,0.022,-1,Echolocation,/mnt/ubna_data_01_mir/recover-20220825/UBNA_002/20220823_033000.WAV,Telephone Field,recover-20220825,002,1795
356.4395,356.4465,28906,39499,Myotis daubentonii,0.008,0.022,-1,Echolocation,/mnt/ubna_data_01_mir/recover-20220825/UBNA_002/20220823_033000.WAV,Telephone Field,recover-20220825,002,1795
356.4535,356.4605,45234,57294,Pipistrellus pipistrellus,0.012,0.036,-1,Echolocation,/mnt/ubna_data_01_mir/recover-20220825/UBNA_002/20220823_033000.WAV,Telephone Field,recover-20220825,002,1795
356.45550000000003,356.4609,28046,68071,Myotis brandtii,0.018,0.056,-1,Echolocation,/mnt/ubna_data_01_mir/recover-20220825/UBNA_002/20220823_033000.WAV,Telephone Field,recover-20220825,002,1795
356.45550000000003,356.4637,36640,60533,Pipistrellus nathusii,0.584,0.642,-1,Echolocation,/mnt/ubna_data_01_mir/recover-20220825/UBNA_002/20220823_033000.WAV,Telephone Field,recover-20220825,002,1795
356.4775,356.4915,57265,62868,Pipistrellus pygmaeus,0.03,0.03,-1,Echolocation,/mnt/ubna_data_01_mir/recover-20220825/UBNA_002/20220823_033000.WAV,Telephone Field,recover-20220825,002,1795
356.5335,356.54110000000003,58125,64577,Pipistrellus pygmaeus,0.033,0.033,-1,Echolocation,/mnt/ubna_data_01_mir/recover-20220825/UBNA_002/20220823_033000.WAV,Telephone Field,recover-20220825,002,1795
356.5475,356.5588,52968,58155,Pipistrellus pygmaeus,0.022,0.027,-1,Echolocation,/mnt/ubna_data_01_mir/recover-20220825/UBNA_002/20220823_033000.WAV,Telephone Field,recover-20220825,002,1795
356.5535,356.5613,50390,56648,Pipistrellus pipistrellus,0.015,0.027,-1,Echolocation,/mnt/ubna_data_01_mir/recover-20220825/UBNA_002/20220823_033000.WAV,Telephone Field,recover-20220825,002,1795
356.5535,356.5604,37500,61949,Pipistrellus nathusii,0.54,0.666,-1,Echolocation,/mnt/ubna_data_01_mir/recover-20220825/UBNA_002/20220823_033000.WAV,Telephone Field,recover-20220825,002,1795
356.5665,356.5978,68437,81240,Rhinolophus ferrumequinum,0.023,0.023,-1,Echolocation,/mnt/ubna_data_01_mir/recover-20220825/UBNA_002/20220823_033000.WAV,Telephone Field,recover-20220825,002,1795
356.5765,356.6149,68437,82060,Rhinolophus ferrumequinum,0.021,0.021,-1,Echolocation,/mnt/ubna_data_01_mir/recover-20220825/UBNA_002/20220823_033000.WAV,Telephone Field,recover-20220825,002,1795
356.6475,356.6564,53828,59700,Pipistrellus pygmaeus,0.054,0.061,-1,Echolocation,/mnt/ubna_data_01_mir/recover-20220825/UBNA_002/20220823_033000.WAV,Telephone Field,recover-20220825,002,1795
356.6495,356.6555,28046,67864,Myotis bechsteinii,0.022,0.055,-1,Echolocation,/mnt/ubna_data_01_mir/recover-20220825/UBNA_002/20220823_033000.WAV,Telephone Field,recover-20220825,002,1795
356.6505,356.658,37500,63007,Pipistrellus nathusii,0.644,0.696,-1,Echolocation,/mnt/ubna_data_01_mir/recover-20220825/UBNA_002/20220823_033000.WAV,Telephone Field,recover-20220825,002,1795
356.6515,356.6586,47812,57867,Pipistrellus pipistrellus,0.013,0.032,-1,Echolocation,/mnt/ubna_data_01_mir/recover-20220825/UBNA_002/20220823_033000.WAV,Telephone Field,recover-20220825,002,1795
356.6675,356.7028,68437,81602,Rhinolophus ferrumequinum,0.022,0.022,-1,Echolocation,/mnt/ubna_data_01_mir/recover-20220825/UBNA_002/20220823_033000.WAV,Telephone Field,recover-20220825,002,1795
356.7205,356.7297,45234,51726,Pipistrellus pipistrellus,0.015,0.024,-1,Echolocation,/mnt/ubna_data_01_mir/recover-20220825/UBNA_002/20220823_033000.WAV,Telephone Field,recover-20220825,002,1795
356.7485,356.7567,37500,66330,Pipistrellus nathusii,0.634,0.687,-1,Echolocation,/mnt/ubna_data_01_mir/recover-20220825/UBNA_002/20220823_033000.WAV,Telephone Field,recover-20220825,002,1795
356.7485,356.7545,49531,57143,Pipistrellus pipistrellus,0.016,0.029,-1,Echolocation,/mnt/ubna_data_01_mir/recover-20220825/UBNA_002/20220823_033000.WAV,Telephone Field,recover-20220825,002,1795
356.7575,356.7636,28906,43171,Myotis daubentonii,0.013,0.025,-1,Echolocation,/mnt/ubna_data_01_mir/recover-20220825/UBNA_002/20220823_033000.WAV,Telephone Field,recover-20220825,002,1795
356.7585,356.7638,34921,56021,Myotis brandtii,0.017,0.028,-1,Echolocation,/mnt/ubna_data_01_mir/recover-20220825/UBNA_002/20220823_033000.WAV,Telephone Field,recover-20220825,002,1795
356.7625,356.79200000000003,68437,80897,Rhinolophus ferrumequinum,0.021,0.021,-1,Echolocation,/mnt/ubna_data_01_mir/recover-20220825/UBNA_002/20220823_033000.WAV,Telephone Field,recover-20220825,002,1795
356.7885,356.7963,28046,42063,Eptesicus serotinus,0.008,0.023,-1,Echolocation,/mnt/ubna_data_01_mir/recover-20220825/UBNA_002/20220823_033000.WAV,Telephone Field,recover-20220825,002,1795
356.8455,356.8531,35781,66518,Pipistrellus nathusii,0.459,0.545,-1,Echolocation,/mnt/ubna_data_01_mir/recover-20220825/UBNA_002/20220823_033000.WAV,Telephone Field,recover-20220825,002,1795
356.8555,356.8624,26328,35217,Eptesicus serotinus,0.006,0.024,-1,Echolocation,/mnt/ubna_data_01_mir/recover-20220825/UBNA_002/20220823_033000.WAV,Telephone Field,recover-20220825,002,1795
356.8585,356.8879,68437,80772,Rhinolophus ferrumequinum,0.021,0.021,-1,Echolocation,/mnt/ubna_data_01_mir/recover-20220825/UBNA_002/20220823_033000.WAV,Telephone Field,recover-20220825,002,1795
356.9025,356.9098,48671,56032,Pipistrellus pipistrellus,0.017,0.022,-1,Echolocation,/mnt/ubna_data_01_mir/recover-20220825/UBNA_002/20220823_033000.WAV,Telephone Field,recover-20220825,002,1795
356.9095,356.9154,34062,61663,Myotis brandtii,0.012,0.021,-1,Echolocation,/mnt/ubna_data_01_mir/recover-20220825/UBNA_002/20220823_033000.WAV,Telephone Field,recover-20220825,002,1795
356.9095,356.9196,27187,41725,Eptesicus serotinus,0.011,0.024,-1,Echolocation,/mnt/ubna_data_01_mir/recover-20220825/UBNA_002/20220823_033000.WAV,Telephone Field,recover-20220825,002,1795
356.9125,356.9197,55546,60385,Pipistrellus pygmaeus,0.047,0.047,-1,Echolocation,/mnt/ubna_data_01_mir/recover-20220825/UBNA_002/20220823_033000.WAV,Telephone Field,recover-20220825,002,1795
356.9425,356.9475,48671,61930,Myotis mystacinus,0.01,0.041,-1,Echolocation,/mnt/ubna_data_01_mir/recover-20220825/UBNA_002/20220823_033000.WAV,Telephone Field,recover-20220825,002,1795
356.9465,356.9537,35781,67202,Pipistrellus nathusii,0.404,0.51,-1,Echolocation,/mnt/ubna_data_01_mir/recover-20220825/UBNA_002/20220823_033000.WAV,Telephone Field,recover-20220825,002,1795
356.9565,356.9616,28906,43877,Myotis daubentonii,0.009,0.022,-1,Echolocation,/mnt/ubna_data_01_mir/recover-20220825/UBNA_002/20220823_033000.WAV,Telephone Field,recover-20220825,002,1795
356.9585,356.9892,68437,81082,Rhinolophus ferrumequinum,0.028,0.028,-1,Echolocation,/mnt/ubna_data_01_mir/recover-20220825/UBNA_002/20220823_033000.WAV,Telephone Field,recover-20220825,002,1795
356.9895,356.9988,58125,64317,Pipistrellus pygmaeus,0.027,0.027,-1,Echolocation,/mnt/ubna_data_01_mir/recover-20220825/UBNA_002/20220823_033000.WAV,Telephone Field,recover-20220825,002,1795
357.0195,357.0268,47812,54237,Pipistrellus pipistrellus,0.018,0.022,-1,Echolocation,/mnt/ubna_data_01_mir/recover-20220825/UBNA_002/20220823_033000.WAV,Telephone Field,recover-20220825,002,1795
357.0285,357.0638,68437,80920,Rhinolophus ferrumequinum,0.025,0.025,-1,Echolocation,/mnt/ubna_data_01_mir/recover-20220825/UBNA_002/20220823_033000.WAV,Telephone Field,recover-20220825,002,1795
357.0465,357.0532,49531,60630,Pipistrellus pipistrellus,0.026,0.054,-1,Echolocation,/mnt/ubna_data_01_mir/recover-20220825/UBNA_002/20220823_033000.WAV,Telephone Field,recover-20220825,002,1795
357.0475,357.0554,35781,63737,Pipistrellus nathusii,0.378,0.458,-1,Echolocation,/mnt/ubna_data_01_mir/recover-20220825/UBNA_002/20220823_033000.WAV,Telephone Field,recover-20220825,002,1795
357.0555,357.0611,36640,51606,Myotis brandtii,0.016,0.032,-1,Echolocation,/mnt/ubna_data_01_mir/recover-20220825/UBNA_002/20220823_033000.WAV,Telephone Field,recover-20220825,002,1795
357.0565,357.0615,29765,41981,Myotis daubentonii,0.012,0.026,-1,Echolocation,/mnt/ubna_data_01_mir/recover-20220825/UBNA_002/20220823_033000.WAV,Telephone Field,recover-20220825,002,1795
357.0605,357.0912,68437,80749,Rhinolophus ferrumequinum,0.021,0.022,-1,Echolocation,/mnt/ubna_data_01_mir/recover-20220825/UBNA_002/20220823_033000.WAV,Telephone Field,recover-20220825,002,1795
357.0785,357.1167,68437,81469,Rhinolophus ferrumequinum,0.022,0.022,-1,Echolocation,/mnt/ubna_data_01_mir/recover-20220825/UBNA_002/20220823_033000.WAV,Telephone Field,recover-20220825,002,1795
357.0795,357.1004,19453,22150,Nyctalus leisleri,0.013,0.028,-1,Echolocation,/mnt/ubna_data_01_mir/recover-20220825/UBNA_002/20220823_033000.WAV,Telephone Field,recover-20220825,002,1795
357.1515,357.1576,28906,76711,Myotis brandtii,0.036,0.082,-1,Echolocation,/mnt/ubna_data_01_mir/recover-20220825/UBNA_002/20220823_033000.WAV,Telephone Field,recover-20220825,002,1795
357.1515,357.1592,37500,69703,Pipistrellus nathusii,0.428,0.57,-1,Echolocation,/mnt/ubna_data_01_mir/recover-20220825/UBNA_002/20220823_033000.WAV,Telephone Field,recover-20220825,002,1795
357.1535,357.16,48671,57040,Pipistrellus pipistrellus,0.016,0.037,-1,Echolocation,/mnt/ubna_data_01_mir/recover-20220825/UBNA_002/20220823_033000.WAV,Telephone Field,recover-20220825,002,1795
357.1655,357.1934,68437,80354,Rhinolophus ferrumequinum,0.025,0.026,-1,Echolocation,/mnt/ubna_data_01_mir/recover-20220825/UBNA_002/20220823_033000.WAV,Telephone Field,recover-20220825,002,1795
357.2015,357.21,59843,66521,Pipistrellus pygmaeus,0.033,0.034,-1,Echolocation,/mnt/ubna_data_01_mir/recover-20220825/UBNA_002/20220823_033000.WAV,Telephone Field,recover-20220825,002,1795
357.2545,357.2626,35781,68890,Pipistrellus nathusii,0.444,0.546,-1,Echolocation,/mnt/ubna_data_01_mir/recover-20220825/UBNA_002/20220823_033000.WAV,Telephone Field,recover-20220825,002,1795
357.2555,357.2615,49531,63385,Pipistrellus pipistrellus,0.032,0.065,-1,Echolocation,/mnt/ubna_data_01_mir/recover-20220825/UBNA_002/20220823_033000.WAV,Telephone Field,recover-20220825,002,1795
357.2635,357.2698,36640,51087,Pipistrellus nathusii,0.023,0.045,-1,Echolocation,/mnt/ubna_data_01_mir/recover-20220825/UBNA_002/20220823_033000.WAV,Telephone Field,recover-20220825,002,1795
357.2655,357.271,29765,45526,Myotis daubentonii,0.015,0.03,-1,Echolocation,/mnt/ubna_data_01_mir/recover-20220825/UBNA_002/20220823_033000.WAV,Telephone Field,recover-20220825,002,1795
357.3035,357.3138,28046,36130,Eptesicus serotinus,0.008,0.021,-1,Echolocation,/mnt/ubna_data_01_mir/recover-20220825/UBNA_002/20220823_033000.WAV,Telephone Field,recover-20220825,002,1795
357.3275,357.3344,50390,61973,Pipistrellus pipistrellus,0.01,0.031,-1,Echolocation,/mnt/ubna_data_01_mir/recover-20220825/UBNA_002/20220823_033000.WAV,Telephone Field,recover-20220825,002,1795
357.3285,357.3364,38359,70043,Pipistrellus nathusii,0.284,0.391,-1,Echolocation,/mnt/ubna_data_01_mir/recover-20220825/UBNA_002/20220823_033000.WAV,Telephone Field,recover-20220825,002,1795
357.3365,357.3428,38359,52320,Pipistrellus nathusii,0.013,0.029,-1,Echolocation,/mnt/ubna_data_01_mir/recover-20220825/UBNA_002/20220823_033000.WAV,Telephone Field,recover-20220825,002,1795
357.3385,357.3444,29765,45355,Myotis daubentonii,0.016,0.031,-1,Echolocation,/mnt/ubna_data_01_mir/recover-20220825/UBNA_002/20220823_033000.WAV,Telephone Field,recover-20220825,002,1795
357.3425,357.3743,68437,81183,Rhinolophus ferrumequinum,0.021,0.021,-1,Echolocation,/mnt/ubna_data_01_mir/recover-20220825/UBNA_002/20220823_033000.WAV,Telephone Field,recover-20220825,002,1795
357.3645,357.3745,28046,35706,Eptesicus serotinus,0.01,0.023,-1,Echolocation,/mnt/ubna_data_01_mir/recover-20220825/UBNA_002/20220823_033000.WAV,Telephone Field,recover-20220825,002,1795
357.4025,357.40840000000003,28046,35741,Eptesicus serotinus,0.006,0.025,-1,Echolocation,/mnt/ubna_data_01_mir/recover-20220825/UBNA_002/20220823_033000.WAV,Telephone Field,recover-20220825,002,1795
357.4165,357.4459,68437,81439,Rhinolophus ferrumequinum,0.022,0.022,-1,Echolocation,/mnt/ubna_data_01_mir/recover-20220825/UBNA_002/20220823_033000.WAV,Telephone Field,recover-20220825,002,1795
357.4175,357.4245,38359,70000,Pipistrellus nathusii,0.394,0.448,-1,Echolocation,/mnt/ubna_data_01_mir/recover-20220825/UBNA_002/20220823_033000.WAV,Telephone Field,recover-20220825,002,1795
357.4185,357.4258,51250,60911,Pipistrellus pipistrellus,0.029,0.053,-1,Echolocation,/mnt/ubna_data_01_mir/recover-20220825/UBNA_002/20220823_033000.WAV,Telephone Field,recover-20220825,002,1795
357.4945,357.528,68437,81494,Rhinolophus ferrumequinum,0.021,0.021,-1,Echolocation,/mnt/ubna_data_01_mir/recover-20220825/UBNA_002/20220823_033000.WAV,Telephone Field,recover-20220825,002,1795
357.5075,357.5154,34062,70177,Pipistrellus nathusii,0.166,0.279,-1,Echolocation,/mnt/ubna_data_01_mir/recover-20220825/UBNA_002/20220823_033000.WAV,Telephone Field,recover-20220825,002,1795
357.5095,357.5147,51250,58151,Pipistrellus pipistrellus,0.022,0.042,-1,Echolocation,/mnt/ubna_data_01_mir/recover-20220825/UBNA_002/20220823_033000.WAV,Telephone Field,recover-20220825,002,1795
357.5165,357.5231,37500,51580,Pipistrellus nathusii,0.028,0.046,-1,Echolocation,/mnt/ubna_data_01_mir/recover-20220825/UBNA_002/20220823_033000.WAV,Telephone Field,recover-20220825,002,1795
357.5595,357.566,48671,56894,Pipistrellus pipistrellus,0.018,0.021,-1,Echolocation,/mnt/ubna_data_01_mir/recover-20220825/UBNA_002/20220823_033000.WAV,Telephone Field,recover-20220825,002,1795
357.5945,357.6035,48671,53585,Pipistrellus pipistrellus,0.025,0.036,-1,Echolocation,/mnt/ubna_data_01_mir/recover-20220825/UBNA_002/20220823_033000.WAV,Telephone Field,recover-20220825,002,1795
357.6035,357.6121,52109,60232,Pipistrellus pipistrellus,0.019,0.037,-1,Echolocation,/mnt/ubna_data_01_mir/recover-20220825/UBNA_002/20220823_033000.WAV,Telephone Field,recover-20220825,002,1795
357.6035,357.6116,34921,71854,Pipistrellus nathusii,0.326,0.439,-1,Echolocation,/mnt/ubna_data_01_mir/recover-20220825/UBNA_002/20220823_033000.WAV,Telephone Field,recover-20220825,002,1795
357.6115,357.6183,38359,52509,Pipistrellus nathusii,0.029,0.044,-1,Echolocation,/mnt/ubna_data_01_mir/recover-20220825/UBNA_002/20220823_033000.WAV,Telephone Field,recover-20220825,002,1795
357.6195,357.6523,68437,81188,Rhinolophus ferrumequinum,0.021,0.021,-1,Echolocation,/mnt/ubna_data_01_mir/recover-20220825/UBNA_002/20220823_033000.WAV,Telephone Field,recover-20220825,002,1795
357.6445,357.681,68437,81779,Rhinolophus ferrumequinum,0.021,0.021,-1,Echolocation,/mnt/ubna_data_01_mir/recover-20220825/UBNA_002/20220823_033000.WAV,Telephone Field,recover-20220825,002,1795
357.6945,357.7017,39218,67579,Pipistrellus nathusii,0.125,0.187,-1,Echolocation,/mnt/ubna_data_01_mir/recover-20220825/UBNA_002/20220823_033000.WAV,Telephone Field,recover-20220825,002,1795
357.6945,357.7022,30625,76790,Myotis brandtii,0.288,0.374,-1,Echolocation,/mnt/ubna_data_01_mir/recover-20220825/UBNA_002/20220823_033000.WAV,Telephone Field,recover-20220825,002,1795
357.6965,357.7042,48671,58271,Pipistrellus pipistrellus,0.015,0.03,-1,Echolocation,/mnt/ubna_data_01_mir/recover-20220825/UBNA_002/20220823_033000.WAV,Telephone Field,recover-20220825,002,1795
357.7025,357.7077,46953,60528,Pipistrellus pipistrellus,0.016,0.033,-1,Echolocation,/mnt/ubna_data_01_mir/recover-20220825/UBNA_002/20220823_033000.WAV,Telephone Field,recover-20220825,002,1795
357.7035,357.71,39218,55330,Pipistrellus nathusii,0.028,0.047,-1,Echolocation,/mnt/ubna_data_01_mir/recover-20220825/UBNA_002/20220823_033000.WAV,Telephone Field,recover-20220825,002,1795
357.7065,357.7359,68437,80944,Rhinolophus ferrumequinum,0.025,0.025,-1,Echolocation,/mnt/ubna_data_01_mir/recover-20220825/UBNA_002/20220823_033000.WAV,Telephone Field,recover-20220825,002,1795
357.7915,357.7995,34921,76318,Myotis brandtii,0.259,0.358,-1,Echolocation,/mnt/ubna_data_01_mir/recover-20220825/UBNA_002/20220823_033000.WAV,Telephone Field,recover-20220825,002,1795
357.8035,357.8306,68437,80244,Rhinolophus ferrumequinum,0.021,0.021,-1,Echolocation,/mnt/ubna_data_01_mir/recover-20220825/UBNA_002/20220823_033000.WAV,Telephone Field,recover-20220825,002,1795
357.8035,357.8115,26328,37770,Eptesicus serotinus,0.007,0.022,-1,Echolocation,/mnt/ubna_data_01_mir/recover-20220825/UBNA_002/20220823_033000.WAV,Telephone Field,recover-20220825,002,1795
357.8395,357.8751,68437,81620,Rhinolophus ferrumequinum,0.022,0.022,-1,Echolocation,/mnt/ubna_data_01_mir/recover-20220825/UBNA_002/20220823_033000.WAV,Telephone Field,recover-20220825,002,1795
357.8435,357.8546,26328,33819,Eptesicus serotinus,0.01,0.023,-1,Echolocation,/mnt/ubna_data_01_mir/recover-20220825/UBNA_002/20220823_033000.WAV,Telephone Field,recover-20220825,002,1795
357.8775,357.8951,53828,61265,Pipistrellus pygmaeus,0.043,0.052,-1,Echolocation,/mnt/ubna_data_01_mir/recover-20220825/UBNA_002/20220823_033000.WAV,Telephone Field,recover-20220825,002,1795
357.8825,357.9132,68437,82051,Rhinolophus ferrumequinum,0.037,0.037,-1,Echolocation,/mnt/ubna_data_01_mir/recover-20220825/UBNA_002/20220823_033000.WAV,Telephone Field,recover-20220825,002,1795
357.8825,357.8892,25468,87027,Myotis bechsteinii,0.121,0.17,-1,Echolocation,/mnt/ubna_data_01_mir/recover-20220825/UBNA_002/20220823_033000.WAV,Telephone Field,recover-20220825,002,1795
357.8825,357.89,34062,75004,Myotis brandtii,0.192,0.423,-1,Echolocation,/mnt/ubna_data_01_mir/recover-20220825/UBNA_002/20220823_033000.WAV,Telephone Field,recover-20220825,002,1795
357.8895,357.8965,39218,52295,Pipistrellus nathusii,0.023,0.036,-1,Echolocation,/mnt/ubna_data_01_mir/recover-20220825/UBNA_002/20220823_033000.WAV,Telephone Field,recover-20220825,002,1795
357.8925,357.9221,68437,80400,Rhinolophus ferrumequinum,0.032,0.033,-1,Echolocation,/mnt/ubna_data_01_mir/recover-20220825/UBNA_002/20220823_033000.WAV,Telephone Field,recover-20220825,002,1795
357.8925,357.8989,28906,42736,Myotis daubentonii,0.013,0.026,-1,Echolocation,/mnt/ubna_data_01_mir/recover-20220825/UBNA_002/20220823_033000.WAV,Telephone Field,recover-20220825,002,1795
357.9125,357.9244,28046,35838,Eptesicus serotinus,0.015,0.03,-1,Echolocation,/mnt/ubna_data_01_mir/recover-20220825/UBNA_002/20220823_033000.WAV,Telephone Field,recover-20220825,002,1795
357.9385,357.9484,28046,36224,Eptesicus serotinus,0.009,0.022,-1,Echolocation,/mnt/ubna_data_01_mir/recover-20220825/UBNA_002/20220823_033000.WAV,Telephone Field,recover-20220825,002,1795
357.9505,357.9892,68437,82757,Rhinolophus ferrumequinum,0.024,0.024,-1,Echolocation,/mnt/ubna_data_01_mir/recover-20220825/UBNA_002/20220823_033000.WAV,Telephone Field,recover-20220825,002,1795
357.9615,357.9699,48671,52752,Pipistrellus pipistrellus,0.032,0.059,-1,Echolocation,/mnt/ubna_data_01_mir/recover-20220825/UBNA_002/20220823_033000.WAV,Telephone Field,recover-20220825,002,1795
357.9645,357.9724,35781,73664,Myotis brandtii,0.289,0.406,-1,Echolocation,/mnt/ubna_data_01_mir/recover-20220825/UBNA_002/20220823_033000.WAV,Telephone Field,recover-20220825,002,1795
357.9645,357.9713,25468,93649,Myotis bechsteinii,0.119,0.18,-1,Echolocation,/mnt/ubna_data_01_mir/recover-20220825/UBNA_002/20220823_033000.WAV,Telephone Field,recover-20220825,002,1795
357.9725,357.9792,40078,53114,Pipistrellus nathusii,0.031,0.043,-1,Echolocation,/mnt/ubna_data_01_mir/recover-20220825/UBNA_002/20220823_033000.WAV,Telephone Field,recover-20220825,002,1795
357.9745,357.9798,31484,49578,Myotis brandtii,0.01,0.022,-1,Echolocation,/mnt/ubna_data_01_mir/recover-20220825/UBNA_002/20220823_033000.WAV,Telephone Field,recover-20220825,002,1795
357.9875,357.9972,24609,33820,Eptesicus serotinus,0.008,0.022,-1,Echolocation,/mnt/ubna_data_01_mir/recover-20220825/UBNA_002/20220823_033000.WAV,Telephone Field,recover-20220825,002,1795
358.0015,358.0162,21171,27166,Nyctalus noctula,0.009,0.025,-1,Echolocation,/mnt/ubna_data_01_mir/recover-20220825/UBNA_002/20220823_033000.WAV,Telephone Field,recover-20220825,002,1795
358.0015,358.0105,47812,56367,Pipistrellus pipistrellus,0.014,0.025,-1,Echolocation,/mnt/ubna_data_01_mir/recover-20220825/UBNA_002/20220823_033000.WAV,Telephone Field,recover-20220825,002,1795
358.0015,358.0107,38359,47465,Pipistrellus nathusii,0.01,0.028,-1,Echolocation,/mnt/ubna_data_01_mir/recover-20220825/UBNA_002/20220823_033000.WAV,Telephone Field,recover-20220825,002,1795
358.0015,358.0296,68437,82167,Rhinolophus ferrumequinum,0.036,0.036,-1,Echolocation,/mnt/ubna_data_01_mir/recover-20220825/UBNA_002/20220823_033000.WAV,Telephone Field,recover-20220825,002,1795
358.0015,358.02049999999997,60703,69351,Pipistrellus pygmaeus,0.026,0.028,-1,Echolocation,/mnt/ubna_data_01_mir/recover-20220825/UBNA_002/20220823_033000.WAV,Telephone Field,recover-20220825,002,1795
358.0125,358.02,22890,30865,Plecotus austriacus,0.01,0.025,-1,Echolocation,/mnt/ubna_data_01_mir/recover-20220825/UBNA_002/20220823_033000.WAV,Telephone Field,recover-20220825,002,1795
358.0415,358.0496,48671,57444,Pipistrellus pipistrellus,0.017,0.039,-1,Echolocation,/mnt/ubna_data_01_mir/recover-20220825/UBNA_002/20220823_033000.WAV,Telephone Field,recover-20220825,002,1795
358.04449999999997,358.0516,32343,81439,Myotis brandtii,0.547,0.59,-1,Echolocation,/mnt/ubna_data_01_mir/recover-20220825/UBNA_002/20220823_033000.WAV,Telephone Field,recover-20220825,002,1795
358.0455,358.0515,40937,58513,Pipistrellus nathusii,0.183,0.19,-1,Echolocation,/mnt/ubna_data_01_mir/recover-20220825/UBNA_002/20220823_033000.WAV,Telephone Field,recover-20220825,002,1795
358.0525,358.0608,39218,49695,Pipistrellus nathusii,0.026,0.038,-1,Echolocation,/mnt/ubna_data_01_mir/recover-20220825/UBNA_002/20220823_033000.WAV,Telephone Field,recover-20220825,002,1795
358.0575,358.0938,68437,81293,Rhinolophus ferrumequinum,0.023,0.023,-1,Echolocation,/mnt/ubna_data_01_mir/recover-20220825/UBNA_002/20220823_033000.WAV,Telephone Field,recover-20220825,002,1795
358.0835,358.1225,68437,82912,Rhinolophus ferrumequinum,0.035,0.035,-1,Echolocation,/mnt/ubna_data_01_mir/recover-20220825/UBNA_002/20220823_033000.WAV,Telephone Field,recover-20220825,002,1795
358.1165,358.1242,50390,57555,Pipistrellus pipistrellus,0.029,0.051,-1,Echolocation,/mnt/ubna_data_01_mir/recover-20220825/UBNA_002/20220823_033000.WAV,Telephone Field,recover-20220825,002,1795
358.1255,358.1313,34921,74899,Myotis brandtii,0.467,0.55,-1,Echolocation,/mnt/ubna_data_01_mir/recover-20220825/UBNA_002/20220823_033000.WAV,Telephone Field,recover-20220825,002,1795
358.1275,358.1367,48671,53676,Pipistrellus pipistrellus,0.034,0.066,-1,Echolocation,/mnt/ubna_data_01_mir/recover-20220825/UBNA_002/20220823_033000.WAV,Telephone Field,recover-20220825,002,1795
358.1745,358.214,68437,82836,Rhinolophus ferrumequinum,0.023,0.023,-1,Echolocation,/mnt/ubna_data_01_mir/recover-20220825/UBNA_002/20220823_033000.WAV,Telephone Field,recover-20220825,002,1795
358.1745,358.184,40937,49558,Pipistrellus nathusii,0.014,0.024,-1,Echolocation,/mnt/ubna_data_01_mir/recover-20220825/UBNA_002/20220823_033000.WAV,Telephone Field,recover-20220825,002,1795
358.1955,358.204,29765,37772,Eptesicus serotinus,0.01,0.031,-1,Echolocation,/mnt/ubna_data_01_mir/recover-20220825/UBNA_002/20220823_033000.WAV,Telephone Field,recover-20220825,002,1795
358.2315,358.2389,28046,39161,Eptesicus serotinus,0.007,0.023,-1,Echolocation,/mnt/ubna_data_01_mir/recover-20220825/UBNA_002/20220823_033000.WAV,Telephone Field,recover-20220825,002,1795
358.2605,358.2666,37500,62590,Myotis brandtii,0.016,0.022,-1,Echolocation,/mnt/ubna_data_01_mir/recover-20220825/UBNA_002/20220823_033000.WAV,Telephone Field,recover-20220825,002,1795
358.2715,358.3078,68437,81795,Rhinolophus ferrumequinum,0.024,0.024,-1,Echolocation,/mnt/ubna_data_01_mir/recover-20220825/UBNA_002/20220823_033000.WAV,Telephone Field,recover-20220825,002,1795
358.2985,358.3054,37500,67622,Myotis brandtii,0.23,0.327,-1,Echolocation,/mnt/ubna_data_01_mir/recover-20220825/UBNA_002/20220823_033000.WAV,Telephone Field,recover-20220825,002,1795
358.3255,358.3611,68437,81839,Rhinolophus ferrumequinum,0.022,0.022,-1,Echolocation,/mnt/ubna_data_01_mir/recover-20220825/UBNA_002/20220823_033000.WAV,Telephone Field,recover-20220825,002,1795
358.3415,358.3489,50390,61057,Pipistrellus pipistrellus,0.009,0.024,-1,Echolocation,/mnt/ubna_data_01_mir/recover-20220825/UBNA_002/20220823_033000.WAV,Telephone Field,recover-20220825,002,1795
358.3445,358.3498,38359,68065,Myotis brandtii,0.222,0.297,-1,Echolocation,/mnt/ubna_data_01_mir/recover-20220825/UBNA_002/20220823_033000.WAV,Telephone Field,recover-20220825,002,1795
358.4005,358.4396,68437,82151,Rhinolophus ferrumequinum,0.022,0.023,-1,Echolocation,/mnt/ubna_data_01_mir/recover-20220825/UBNA_002/20220823_033000.WAV,Telephone Field,recover-20220825,002,1795
358.4065,358.4142,50390,57534,Pipistrellus pipistrellus,0.02,0.026,-1,Echolocation,/mnt/ubna_data_01_mir/recover-20220825/UBNA_002/20220823_033000.WAV,Telephone Field,recover-20220825,002,1795
358.4305,358.4361,40078,66645,Myotis brandtii,0.215,0.362,-1,Echolocation,/mnt/ubna_data_01_mir/recover-20220825/UBNA_002/20220823_033000.WAV,Telephone Field,recover-20220825,002,1795
358.4765,358.4863,22890,29346,Nyctalus leisleri,0.007,0.023,-1,Echolocation,/mnt/ubna_data_01_mir/recover-20220825/UBNA_002/20220823_033000.WAV,Telephone Field,recover-20220825,002,1795
358.5115,358.5456,68437,80911,Rhinolophus ferrumequinum,0.022,0.022,-1,Echolocation,/mnt/ubna_data_01_mir/recover-20220825/UBNA_002/20220823_033000.WAV,Telephone Field,recover-20220825,002,1795
358.5165,358.5508,68437,80501,Rhinolophus ferrumequinum,0.022,0.022,-1,Echolocation,/mnt/ubna_data_01_mir/recover-20220825/UBNA_002/20220823_033000.WAV,Telephone Field,recover-20220825,002,1795
358.5235,358.5304,54687,61826,Pipistrellus pygmaeus,0.022,0.023,-1,Echolocation,/mnt/ubna_data_01_mir/recover-20220825/UBNA_002/20220823_033000.WAV,Telephone Field,recover-20220825,002,1795
358.5395,358.5457,41796,57335,Pipistrellus nathusii,0.226,0.434,-1,Echolocation,/mnt/ubna_data_01_mir/recover-20220825/UBNA_002/20220823_033000.WAV,Telephone Field,recover-20220825,002,1795
358.5745,358.5832,28046,36534,Eptesicus serotinus,0.011,0.025,-1,Echolocation,/mnt/ubna_data_01_mir/recover-20220825/UBNA_002/20220823_033000.WAV,Telephone Field,recover-20220825,002,1795
358.5895,358.5966,27187,36067,Eptesicus serotinus,0.006,0.022,-1,Echolocation,/mnt/ubna_data_01_mir/recover-20220825/UBNA_002/20220823_033000.WAV,Telephone Field,recover-20220825,002,1795
358.6055,358.6119,32343,77073,Myotis brandtii,0.482,0.529,-1,Echolocation,/mnt/ubna_data_01_mir/recover-20220825/UBNA_002/20220823_033000.WAV,Telephone Field,recover-20220825,002,1795
358.6075,358.6164,48671,52997,Pipistrellus pipistrellus,0.075,0.141,-1,Echolocation,/mnt/ubna_data_01_mir/recover-20220825/UBNA_002/20220823_033000.WAV,Telephone Field,recover-20220825,002,1795
358.6365,358.6472,14296,17756,Nyctalus noctula,0.033,0.067,-1,Echolocation,/mnt/ubna_data_01_mir/recover-20220825/UBNA_002/20220823_033000.WAV,Telephone Field,recover-20220825,002,1795
358.6565,358.6605,50390,61711,Pipistrellus pipistrellus,0.011,0.03,-1,Echolocation,/mnt/ubna_data_01_mir/recover-20220825/UBNA_002/20220823_033000.WAV,Telephone Field,recover-20220825,002,1795
358.6635,358.6713,57265,66041,Pipistrellus pygmaeus,0.025,0.025,-1,Echolocation,/mnt/ubna_data_01_mir/recover-20220825/UBNA_002/20220823_033000.WAV,Telephone Field,recover-20220825,002,1795
358.6635,358.6683,39218,58077,Myotis brandtii,0.204,0.381,-1,Echolocation,/mnt/ubna_data_01_mir/recover-20220825/UBNA_002/20220823_033000.WAV,Telephone Field,recover-20220825,002,1795
358.6945,358.7014,58125,64545,Pipistrellus pygmaeus,0.027,0.027,-1,Echolocation,/mnt/ubna_data_01_mir/recover-20220825/UBNA_002/20220823_033000.WAV,Telephone Field,recover-20220825,002,1795
358.7115,358.7473,68437,81593,Rhinolophus ferrumequinum,0.023,0.023,-1,Echolocation,/mnt/ubna_data_01_mir/recover-20220825/UBNA_002/20220823_033000.WAV,Telephone Field,recover-20220825,002,1795
358.7215,358.7323,50390,55220,Pipistrellus pipistrellus,0.025,0.043,-1,Echolocation,/mnt/ubna_data_01_mir/recover-20220825/UBNA_002/20220823_033000.WAV,Telephone Field,recover-20220825,002,1795
358.7265,358.7323,35781,62686,Myotis brandtii,0.315,0.428,-1,Echolocation,/mnt/ubna_data_01_mir/recover-20220825/UBNA_002/20220823_033000.WAV,Telephone Field,recover-20220825,002,1795
358.7355,358.7417,32343,46725,Myotis daubentonii,0.01,0.022,-1,Echolocation,/mnt/ubna_data_01_mir/recover-20220825/UBNA_002/20220823_033000.WAV,Telephone Field,recover-20220825,002,1795
358.7465,358.7547,23750,31654,Plecotus austriacus,0.006,0.022,-1,Echolocation,/mnt/ubna_data_01_mir/recover-20220825/UBNA_002/20220823_033000.WAV,Telephone Field,recover-20220825,002,1795
358.7645,358.7779,15156,21100,Nyctalus noctula,0.019,0.028,-1,Echolocation,/mnt/ubna_data_01_mir/recover-20220825/UBNA_002/20220823_033000.WAV,Telephone Field,recover-20220825,002,1795
358.7745,358.8157,68437,82579,Rhinolophus ferrumequinum,0.022,0.022,-1,Echolocation,/mnt/ubna_data_01_mir/recover-20220825/UBNA_002/20220823_033000.WAV,Telephone Field,recover-20220825,002,1795
358.7795,358.788,27187,36150,Eptesicus serotinus,0.008,0.024,-1,Echolocation,/mnt/ubna_data_01_mir/recover-20220825/UBNA_002/20220823_033000.WAV,Telephone Field,recover-20220825,002,1795
358.7855,358.7913,36640,62773,Myotis brandtii,0.016,0.024,-1,Echolocation,/mnt/ubna_data_01_mir/recover-20220825/UBNA_002/20220823_033000.WAV,Telephone Field,recover-20220825,002,1795
358.8045,358.8146,41796,52052,Pipistrellus nathusii,0.095,0.139,-1,Echolocation,/mnt/ubna_data_01_mir/recover-20220825/UBNA_002/20220823_033000.WAV,Telephone Field,recover-20220825,002,1795
358.8055,358.8108,29765,72457,Myotis brandtii,0.027,0.041,-1,Echolocation,/mnt/ubna_data_01_mir/recover-20220825/UBNA_002/20220823_033000.WAV,Telephone Field,recover-20220825,002,1795
358.8225,358.8352,15156,21972,Nyctalus noctula,0.014,0.022,-1,Echolocation,/mnt/ubna_data_01_mir/recover-20220825/UBNA_002/20220823_033000.WAV,Telephone Field,recover-20220825,002,1795
358.8355,358.8429,27187,38588,Eptesicus serotinus,0.007,0.024,-1,Echolocation,/mnt/ubna_data_01_mir/recover-20220825/UBNA_002/20220823_033000.WAV,Telephone Field,recover-20220825,002,1795
358.8595,358.90070000000003,68437,82583,Rhinolophus ferrumequinum,0.033,0.033,-1,Echolocation,/mnt/ubna_data_01_mir/recover-20220825/UBNA_002/20220823_033000.WAV,Telephone Field,recover-20220825,002,1795
358.8675,358.8777,41796,53543,Pipistrellus nathusii,0.271,0.35,-1,Echolocation,/mnt/ubna_data_01_mir/recover-20220825/UBNA_002/20220823_033000.WAV,Telephone Field,recover-20220825,002,1795
358.9085,358.9167,28046,39871,Eptesicus serotinus,0.008,0.024,-1,Echolocation,/mnt/ubna_data_01_mir/recover-20220825/UBNA_002/20220823_033000.WAV,Telephone Field,recover-20220825,002,1795
358.9535,358.9647,42656,48366,Pipistrellus nathusii,0.096,0.137,-1,Echolocation,/mnt/ubna_data_01_mir/recover-20220825/UBNA_002/20220823_033000.WAV,Telephone Field,recover-20220825,002,1795
358.9565,358.9622,31484,71074,Myotis brandtii,0.028,0.039,-1,Echolocation,/mnt/ubna_data_01_mir/recover-20220825/UBNA_002/20220823_033000.WAV,Telephone Field,recover-20220825,002,1795
358.9685,358.9771,23750,30978,Eptesicus serotinus,0.005,0.022,-1,Echolocation,/mnt/ubna_data_01_mir/recover-20220825/UBNA_002/20220823_033000.WAV,Telephone Field,recover-20220825,002,1795
358.9695,358.975,48671,54059,Pipistrellus pipistrellus,0.026,0.029,-1,Echolocation,/mnt/ubna_data_01_mir/recover-20220825/UBNA_002/20220823_033000.WAV,Telephone Field,recover-20220825,002,1795
358.97950000000003,359.0172,68437,82782,Rhinolophus ferrumequinum,0.025,0.025,-1,Echolocation,/mnt/ubna_data_01_mir/recover-20220825/UBNA_002/20220823_033000.WAV,Telephone Field,recover-20220825,002,1795
359.0025,359.0114,41796,56090,Pipistrellus nathusii,0.026,0.059,-1,Echolocation,/mnt/ubna_data_01_mir/recover-20220825/UBNA_002/20220823_033000.WAV,Telephone Field,recover-20220825,002,1795
359.02049999999997,359.028,28046,37446,Eptesicus serotinus,0.007,0.023,-1,Echolocation,/mnt/ubna_data_01_mir/recover-20220825/UBNA_002/20220823_033000.WAV,Telephone Field,recover-20220825,002,1795
359.0575,359.0693,41796,46569,Pipistrellus nathusii,0.177,0.22,-1,Echolocation,/mnt/ubna_data_01_mir/recover-20220825/UBNA_002/20220823_033000.WAV,Telephone Field,recover-20220825,002,1795
359.1245,359.1332,28046,36264,Eptesicus serotinus,0.01,0.025,-1,Echolocation,/mnt/ubna_data_01_mir/recover-20220825/UBNA_002/20220823_033000.WAV,Telephone Field,recover-20220825,002,1795
359.1405,359.151,24609,31699,Eptesicus serotinus,0.009,0.027,-1,Echolocation,/mnt/ubna_data_01_mir/recover-20220825/UBNA_002/20220823_033000.WAV,Telephone Field,recover-20220825,002,1795
359.1435,359.1496,34921,57959,Myotis brandtii,0.011,0.022,-1,Echolocation,/mnt/ubna_data_01_mir/recover-20220825/UBNA_002/20220823_033000.WAV,Telephone Field,recover-20220825,002,1795
359.1535,359.1606,27187,39203,Eptesicus serotinus,0.007,0.023,-1,Echolocation,/mnt/ubna_data_01_mir/recover-20220825/UBNA_002/20220823_033000.WAV,Telephone Field,recover-20220825,002,1795
359.1705,359.2095,68437,82168,Rhinolophus ferrumequinum,0.026,0.026,-1,Echolocation,/mnt/ubna_data_01_mir/recover-20220825/UBNA_002/20220823_033000.WAV,Telephone Field,recover-20220825,002,1795
359.1795,359.1894,28046,36080,Eptesicus serotinus,0.009,0.023,-1,Echolocation,/mnt/ubna_data_01_mir/recover-20220825/UBNA_002/20220823_033000.WAV,Telephone Field,recover-20220825,002,1795
359.1875,359.1984,44375,49907,Pipistrellus pipistrellus,0.017,0.028,-1,Echolocation,/mnt/ubna_data_01_mir/recover-20220825/UBNA_002/20220823_033000.WAV,Telephone Field,recover-20220825,002,1795
359.1955,359.2042,27187,35760,Eptesicus serotinus,0.008,0.022,-1,Echolocation,/mnt/ubna_data_01_mir/recover-20220825/UBNA_002/20220823_033000.WAV,Telephone Field,recover-20220825,002,1795
359.2035,359.2414,68437,81835,Rhinolophus ferrumequinum,0.022,0.022,-1,Echolocation,/mnt/ubna_data_01_mir/recover-20220825/UBNA_002/20220823_033000.WAV,Telephone Field,recover-20220825,002,1795
359.2105,359.2485,68437,82105,Rhinolophus ferrumequinum,0.022,0.022,-1,Echolocation,/mnt/ubna_data_01_mir/recover-20220825/UBNA_002/20220823_033000.WAV,Telephone Field,recover-20220825,002,1795
359.2255,359.2348,40937,51528,Pipistrellus nathusii,0.357,0.425,-1,Echolocation,/mnt/ubna_data_01_mir/recover-20220825/UBNA_002/20220823_033000.WAV,Telephone Field,recover-20220825,002,1795
359.2575,359.2656,27187,41304,Eptesicus serotinus,0.015,0.039,-1,Echolocation,/mnt/ubna_data_01_mir/recover-20220825/UBNA_002/20220823_033000.WAV,Telephone Field,recover-20220825,002,1795
359.3015,359.342,68437,82504,Rhinolophus ferrumequinum,0.026,0.026,-1,Echolocation,/mnt/ubna_data_01_mir/recover-20220825/UBNA_002/20220823_033000.WAV,Telephone Field,recover-20220825,002,1795
359.3175,359.3262,43515,49144,Pipistrellus pipistrellus,0.011,0.023,-1,Echolocation,/mnt/ubna_data_01_mir/recover-20220825/UBNA_002/20220823_033000.WAV,Telephone Field,recover-20220825,002,1795
359.3225,359.3306,44375,53096,Pipistrellus pipistrellus,0.009,0.023,-1,Echolocation,/mnt/ubna_data_01_mir/recover-20220825/UBNA_002/20220823_033000.WAV,Telephone Field,recover-20220825,002,1795
359.3225,359.3281,35781,53969,Myotis brandtii,0.012,0.028,-1,Echolocation,/mnt/ubna_data_01_mir/recover-20220825/UBNA_002/20220823_033000.WAV,Telephone Field,recover-20220825,002,1795
359.3315,359.3682,68437,82124,Rhinolophus ferrumequinum,0.022,0.022,-1,Echolocation,/mnt/ubna_data_01_mir/recover-20220825/UBNA_002/20220823_033000.WAV,Telephone Field,recover-20220825,002,1795
359.3575,359.3662,27187,35411,Eptesicus serotinus,0.007,0.022,-1,Echolocation,/mnt/ubna_data_01_mir/recover-20220825/UBNA_002/20220823_033000.WAV,Telephone Field,recover-20220825,002,1795
359.3605,359.3675,57265,67806,Pipistrellus pygmaeus,0.028,0.029,-1,Echolocation,/mnt/ubna_data_01_mir/recover-20220825/UBNA_002/20220823_033000.WAV,Telephone Field,recover-20220825,002,1795
359.4255,359.4313,35781,52678,Myotis brandtii,0.011,0.026,-1,Echolocation,/mnt/ubna_data_01_mir/recover-20220825/UBNA_002/20220823_033000.WAV,Telephone Field,recover-20220825,002,1795
359.4425,359.4819,68437,82439,Rhinolophus ferrumequinum,0.03,0.03,-1,Echolocation,/mnt/ubna_data_01_mir/recover-20220825/UBNA_002/20220823_033000.WAV,Telephone Field,recover-20220825,002,1795
359.4585,359.4958,68437,82045,Rhinolophus ferrumequinum,0.022,0.022,-1,Echolocation,/mnt/ubna_data_01_mir/recover-20220825/UBNA_002/20220823_033000.WAV,Telephone Field,recover-20220825,002,1795
359.4765,359.4842,35781,49582,Myotis brandtii,0.011,0.025,-1,Echolocation,/mnt/ubna_data_01_mir/recover-20220825/UBNA_002/20220823_033000.WAV,Telephone Field,recover-20220825,002,1795
359.4805,359.5162,68437,81860,Rhinolophus ferrumequinum,0.024,0.024,-1,Echolocation,/mnt/ubna_data_01_mir/recover-20220825/UBNA_002/20220823_033000.WAV,Telephone Field,recover-20220825,002,1795
359.4905,359.5297,68437,82118,Rhinolophus ferrumequinum,0.023,0.023,-1,Echolocation,/mnt/ubna_data_01_mir/recover-20220825/UBNA_002/20220823_033000.WAV,Telephone Field,recover-20220825,002,1795
359.5075,359.5164,40078,49689,Pipistrellus nathusii,0.017,0.035,-1,Echolocation,/mnt/ubna_data_01_mir/recover-20220825/UBNA_002/20220823_033000.WAV,Telephone Field,recover-20220825,002,1795
359.5125,359.5516,68437,82151,Rhinolophus ferrumequinum,0.024,0.024,-1,Echolocation,/mnt/ubna_data_01_mir/recover-20220825/UBNA_002/20220823_033000.WAV,Telephone Field,recover-20220825,002,1795
359.5125,359.5181,25468,41352,Plecotus auritus,0.008,0.028,-1,Echolocation,/mnt/ubna_data_01_mir/recover-20220825/UBNA_002/20220823_033000.WAV,Telephone Field,recover-20220825,002,1795
359.5225,359.53,28906,44413,Myotis daubentonii,0.009,0.024,-1,Echolocation,/mnt/ubna_data_01_mir/recover-20220825/UBNA_002/20220823_033000.WAV,Telephone Field,recover-20220825,002,1795
359.5425,359.557,16015,22234,Nyctalus noctula,0.038,0.051,-1,Echolocation,/mnt/ubna_data_01_mir/recover-20220825/UBNA_002/20220823_033000.WAV,Telephone Field,recover-20220825,002,1795
359.5695,359.5793,40078,46393,Pipistrellus nathusii,0.068,0.091,-1,Echolocation,/mnt/ubna_data_01_mir/recover-20220825/UBNA_002/20220823_033000.WAV,Telephone Field,recover-20220825,002,1795
359.6205,359.6285,44375,56797,Pipistrellus pipistrellus,0.011,0.025,-1,Echolocation,/mnt/ubna_data_01_mir/recover-20220825/UBNA_002/20220823_033000.WAV,Telephone Field,recover-20220825,002,1795
359.6315,359.6384,37500,48842,Myotis brandtii,0.009,0.024,-1,Echolocation,/mnt/ubna_data_01_mir/recover-20220825/UBNA_002/20220823_033000.WAV,Telephone Field,recover-20220825,002,1795
359.6375,359.6448,27187,36788,Eptesicus serotinus,0.009,0.027,-1,Echolocation,/mnt/ubna_data_01_mir/recover-20220825/UBNA_002/20220823_033000.WAV,Telephone Field,recover-20220825,002,1795
359.6415,359.6509,55546,62958,Pipistrellus pygmaeus,0.022,0.022,-1,Echolocation,/mnt/ubna_data_01_mir/recover-20220825/UBNA_002/20220823_033000.WAV,Telephone Field,recover-20220825,002,1795
359.6735,359.7096,68437,80876,Rhinolophus ferrumequinum,0.025,0.025,-1,Echolocation,/mnt/ubna_data_01_mir/recover-20220825/UBNA_002/20220823_033000.WAV,Telephone Field,recover-20220825,002,1795
359.7235,359.7649,68437,82902,Rhinolophus ferrumequinum,0.028,0.028,-1,Echolocation,/mnt/ubna_data_01_mir/recover-20220825/UBNA_002/20220823_033000.WAV,Telephone Field,recover-20220825,002,1795
359.7315,359.7419,40937,50874,Pipistrellus nathusii,0.201,0.268,-1,Echolocation,/mnt/ubna_data_01_mir/recover-20220825/UBNA_002/20220823_033000.WAV,Telephone Field,recover-20220825,002,1795
359.8085,359.8212,40937,48903,Pipistrellus nathusii,0.281,0.312,-1,Echolocation,/mnt/ubna_data_01_mir/recover-20220825/UBNA_002/20220823_033000.WAV,Telephone Field,recover-20220825,002,1795
359.8095,359.8155,29765,63553,Myotis brandtii,0.015,0.029,-1,Echolocation,/mnt/ubna_data_01_mir/recover-20220825/UBNA_002/20220823_033000.WAV,Telephone Field,recover-20220825,002,1795
359.8765,359.8868,42656,50663,Pipistrellus nathusii,0.024,0.045,-1,Echolocation,/mnt/ubna_data_01_mir/recover-20220825/UBNA_002/20220823_033000.WAV,Telephone Field,recover-20220825,002,1795
359.8965,359.9024,29765,46707,Myotis daubentonii,0.016,0.037,-1,Echolocation,/mnt/ubna_data_01_mir/recover-20220825/UBNA_002/20220823_033000.WAV,Telephone Field,recover-20220825,002,1795
359.9045,359.9124,28046,37587,Eptesicus serotinus,0.007,0.022,-1,Echolocation,/mnt/ubna_data_01_mir/recover-20220825/UBNA_002/20220823_033000.WAV,Telephone Field,recover-20220825,002,1795
359.9235,359.9607,68437,81275,Rhinolophus ferrumequinum,0.024,0.024,-1,Echolocation,/mnt/ubna_data_01_mir/recover-20220825/UBNA_002/20220823_033000.WAV,Telephone Field,recover-20220825,002,1795
359.9395,359.9539,15156,19688,Nyctalus noctula,0.032,0.046,-1,Echolocation,/mnt/ubna_data_01_mir/recover-20220825/UBNA_002/20220823_033000.WAV,Telephone Field,recover-20220825,002,1795
359.9545,359.993,68437,82445,Rhinolophus ferrumequinum,0.025,0.025,-1,Echolocation,/mnt/ubna_data_01_mir/recover-20220825/UBNA_002/20220823_033000.WAV,Telephone Field,recover-20220825,002,1795
359.9565,359.9668,33203,39680,Pipistrellus nathusii,0.015,0.031,-1,Echolocation,/mnt/ubna_data_01_mir/recover-20220825/UBNA_002/20220823_033000.WAV,Telephone Field,recover-20220825,002,1795
360.0015,360.0109,24609,35105,Nyctalus leisleri,0.009,0.033,-1,Echolocation,/mnt/ubna_data_01_mir/recover-20220825/UBNA_002/20220823_033000.WAV,Telephone Field,recover-20220825,002,1795
360.0015,360.0097,38359,45257,Pipistrellus nathusii,0.009,0.026,-1,Echolocation,/mnt/ubna_data_01_mir/recover-20220825/UBNA_002/20220823_033000.WAV,Telephone Field,recover-20220825,002,1795
360.0015,360.0327,68437,80218,Rhinolophus ferrumequinum,0.034,0.034,-1,Echolocation,/mnt/ubna_data_01_mir/recover-20220825/UBNA_002/20220823_033000.WAV,Telephone Field,recover-20220825,002,1795
360.0075,360.0135,37500,49759,Myotis brandtii,0.009,0.022,-1,Echolocation,/mnt/ubna_data_01_mir/recover-20220825/UBNA_002/20220823_033000.WAV,Telephone Field,recover-20220825,002,1795
360.0435,360.0492,40937,50862,Pipistrellus nathusii,0.223,0.392,-1,Echolocation,/mnt/ubna_data_01_mir/recover-20220825/UBNA_002/20220823_033000.WAV,Telephone Field,recover-20220825,002,1795
360.0745,360.117,68437,82767,Rhinolophus ferrumequinum,0.033,0.033,-1,Echolocation,/mnt/ubna_data_01_mir/recover-20220825/UBNA_002/20220823_033000.WAV,Telephone Field,recover-20220825,002,1795
360.0755,360.0841,27187,36336,Eptesicus serotinus,0.01,0.023,-1,Echolocation,/mnt/ubna_data_01_mir/recover-20220825/UBNA_002/20220823_033000.WAV,Telephone Field,recover-20220825,002,1795
360.0885,360.0952,26328,38520,Eptesicus serotinus,0.006,0.022,-1,Echolocation,/mnt/ubna_data_01_mir/recover-20220825/UBNA_002/20220823_033000.WAV,Telephone Field,recover-20220825,002,1795
360.0975,360.139,68437,82855,Rhinolophus ferrumequinum,0.024,0.024,-1,Echolocation,/mnt/ubna_data_01_mir/recover-20220825/UBNA_002/20220823_033000.WAV,Telephone Field,recover-20220825,002,1795
360.1025,360.1112,23750,31512,Eptesicus serotinus,0.007,0.024,-1,Echolocation,/mnt/ubna_data_01_mir/recover-20220825/UBNA_002/20220823_033000.WAV,Telephone Field,recover-20220825,002,1795
360.1285,360.1625,68437,81238,Rhinolophus ferrumequinum,0.026,0.026,-1,Echolocation,/mnt/ubna_data_01_mir/recover-20220825/UBNA_002/20220823_033000.WAV,Telephone Field,recover-20220825,002,1795
360.1595,360.1678,55546,63556,Pipistrellus pygmaeus,0.048,0.052,-1,Echolocation,/mnt/ubna_data_01_mir/recover-20220825/UBNA_002/20220823_033000.WAV,Telephone Field,recover-20220825,002,1795
360.1645,360.2043,68437,82748,Rhinolophus ferrumequinum,0.023,0.023,-1,Echolocation,/mnt/ubna_data_01_mir/recover-20220825/UBNA_002/20220823_033000.WAV,Telephone Field,recover-20220825,002,1795
360.1795,360.1907,27187,33636,Eptesicus serotinus,0.012,0.026,-1,Echolocation,/mnt/ubna_data_01_mir/recover-20220825/UBNA_002/20220823_033000.WAV,Telephone Field,recover-20220825,002,1795
360.2075,360.2485,68437,82367,Rhinolophus ferrumequinum,0.023,0.023,-1,Echolocation,/mnt/ubna_data_01_mir/recover-20220825/UBNA_002/20220823_033000.WAV,Telephone Field,recover-20220825,002,1795
360.2205,360.2639,68437,83158,Rhinolophus ferrumequinum,0.029,0.029,-1,Echolocation,/mnt/ubna_data_01_mir/recover-20220825/UBNA_002/20220823_033000.WAV,Telephone Field,recover-20220825,002,1795
360.2215,360.2263,38359,47595,Barbastellus barbastellus,0.202,0.333,-1,Echolocation,/mnt/ubna_data_01_mir/recover-20220825/UBNA_002/20220823_033000.WAV,Telephone Field,recover-20220825,002,1795
360.2975,360.335,68437,81822,Rhinolophus ferrumequinum,0.028,0.028,-1,Echolocation,/mnt/ubna_data_01_mir/recover-20220825/UBNA_002/20220823_033000.WAV,Telephone Field,recover-20220825,002,1795
360.3065,360.316,39218,50310,Pipistrellus nathusii,0.03,0.051,-1,Echolocation,/mnt/ubna_data_01_mir/recover-20220825/UBNA_002/20220823_033000.WAV,Telephone Field,recover-20220825,002,1795
360.3075,360.314,25468,42461,Eptesicus serotinus,0.008,0.034,-1,Echolocation,/mnt/ubna_data_01_mir/recover-20220825/UBNA_002/20220823_033000.WAV,Telephone Field,recover-20220825,002,1795
360.3295,360.3387,39218,48312,Pipistrellus nathusii,0.011,0.024,-1,Echolocation,/mnt/ubna_data_01_mir/recover-20220825/UBNA_002/20220823_033000.WAV,Telephone Field,recover-20220825,002,1795
360.3325,360.3391,27187,39281,Eptesicus serotinus,0.009,0.026,-1,Echolocation,/mnt/ubna_data_01_mir/recover-20220825/UBNA_002/20220823_033000.WAV,Telephone Field,recover-20220825,002,1795
360.3875,360.3979,22890,28498,Nyctalus leisleri,0.012,0.029,-1,Echolocation,/mnt/ubna_data_01_mir/recover-20220825/UBNA_002/20220823_033000.WAV,Telephone Field,recover-20220825,002,1795
360.3975,360.4027,39218,49497,Pipistrellus nathusii,0.213,0.422,-1,Echolocation,/mnt/ubna_data_01_mir/recover-20220825/UBNA_002/20220823_033000.WAV,Telephone Field,recover-20220825,002,1795
360.4175,360.4273,25468,33126,Eptesicus serotinus,0.012,0.027,-1,Echolocation,/mnt/ubna_data_01_mir/recover-20220825/UBNA_002/20220823_033000.WAV,Telephone Field,recover-20220825,002,1795
360.4245,360.4321,38359,46502,Pipistrellus nathusii,0.018,0.031,-1,Echolocation,/mnt/ubna_data_01_mir/recover-20220825/UBNA_002/20220823_033000.WAV,Telephone Field,recover-20220825,002,1795
360.4335,360.4457,22031,27846,Nyctalus leisleri,0.013,0.042,-1,Echolocation,/mnt/ubna_data_01_mir/recover-20220825/UBNA_002/20220823_033000.WAV,Telephone Field,recover-20220825,002,1795
360.4515,360.489,68437,82176,Rhinolophus ferrumequinum,0.041,0.041,-1,Echolocation,/mnt/ubna_data_01_mir/recover-20220825/UBNA_002/20220823_033000.WAV,Telephone Field,recover-20220825,002,1795
360.4655,360.4727,29765,39175,Barbastellus barbastellus,0.014,0.03,-1,Echolocation,/mnt/ubna_data_01_mir/recover-20220825/UBNA_002/20220823_033000.WAV,Telephone Field,recover-20220825,002,1795
360.4895,360.5288,68437,81727,Rhinolophus ferrumequinum,0.023,0.023,-1,Echolocation,/mnt/ubna_data_01_mir/recover-20220825/UBNA_002/20220823_033000.WAV,Telephone Field,recover-20220825,002,1795
360.5205,360.5603,68437,81577,Rhinolophus ferrumequinum,0.026,0.026,-1,Echolocation,/mnt/ubna_data_01_mir/recover-20220825/UBNA_002/20220823_033000.WAV,Telephone Field,recover-20220825,002,1795
360.5435,360.5519,27187,36942,Eptesicus serotinus,0.011,0.025,-1,Echolocation,/mnt/ubna_data_01_mir/recover-20220825/UBNA_002/20220823_033000.WAV,Telephone Field,recover-20220825,002,1795
360.5515,360.5586,27187,40315,Eptesicus serotinus,0.009,0.025,-1,Echolocation,/mnt/ubna_data_01_mir/recover-20220825/UBNA_002/20220823_033000.WAV,Telephone Field,recover-20220825,002,1795
360.5515,360.5571,37500,57852,Myotis brandtii,0.011,0.024,-1,Echolocation,/mnt/ubna_data_01_mir/recover-20220825/UBNA_002/20220823_033000.WAV,Telephone Field,recover-20220825,002,1795
360.5745,360.579,36640,48215,Barbastellus barbastellus,0.209,0.447,-1,Echolocation,/mnt/ubna_data_01_mir/recover-20220825/UBNA_002/20220823_033000.WAV,Telephone Field,recover-20220825,002,1795
360.5795,360.613,68437,80920,Rhinolophus ferrumequinum,0.022,0.022,-1,Echolocation,/mnt/ubna_data_01_mir/recover-20220825/UBNA_002/20220823_033000.WAV,Telephone Field,recover-20220825,002,1795
360.5825,360.5899,26328,33420,Eptesicus serotinus,0.006,0.022,-1,Echolocation,/mnt/ubna_data_01_mir/recover-20220825/UBNA_002/20220823_033000.WAV,Telephone Field,recover-20220825,002,1795
360.6125,360.6197,31484,44026,Barbastellus barbastellus,0.017,0.036,-1,Echolocation,/mnt/ubna_data_01_mir/recover-20220825/UBNA_002/20220823_033000.WAV,Telephone Field,recover-20220825,002,1795
360.6165,360.6231,40078,53451,Myotis brandtii,0.011,0.03,-1,Echolocation,/mnt/ubna_data_01_mir/recover-20220825/UBNA_002/20220823_033000.WAV,Telephone Field,recover-20220825,002,1795
360.6195,360.6604,68437,82752,Rhinolophus ferrumequinum,0.035,0.035,-1,Echolocation,/mnt/ubna_data_01_mir/recover-20220825/UBNA_002/20220823_033000.WAV,Telephone Field,recover-20220825,002,1795
360.6345,360.6445,23750,30147,Nyctalus leisleri,0.008,0.023,-1,Echolocation,/mnt/ubna_data_01_mir/recover-20220825/UBNA_002/20220823_033000.WAV,Telephone Field,recover-20220825,002,1795
360.6395,360.6512,22890,27607,Nyctalus leisleri,0.011,0.023,-1,Echolocation,/mnt/ubna_data_01_mir/recover-20220825/UBNA_002/20220823_033000.WAV,Telephone Field,recover-20220825,002,1795
360.6685,360.7049,68437,81920,Rhinolophus ferrumequinum,0.025,0.025,-1,Echolocation,/mnt/ubna_data_01_mir/recover-20220825/UBNA_002/20220823_033000.WAV,Telephone Field,recover-20220825,002,1795
360.6695,360.6752,38359,46962,Barbastellus barbastellus,0.222,0.326,-1,Echolocation,/mnt/ubna_data_01_mir/recover-20220825/UBNA_002/20220823_033000.WAV,Telephone Field,recover-20220825,002,1795
360.7005,360.709,36640,43297,Barbastellus barbastellus,0.013,0.027,-1,Echolocation,/mnt/ubna_data_01_mir/recover-20220825/UBNA_002/20220823_033000.WAV,Telephone Field,recover-20220825,002,1795
360.7505,360.7895,68437,82185,Rhinolophus ferrumequinum,0.023,0.023,-1,Echolocation,/mnt/ubna_data_01_mir/recover-20220825/UBNA_002/20220823_033000.WAV,Telephone Field,recover-20220825,002,1795
360.7565,360.7618,36640,46039,Barbastellus barbastellus,0.202,0.441,-1,Echolocation,/mnt/ubna_data_01_mir/recover-20220825/UBNA_002/20220823_033000.WAV,Telephone Field,recover-20220825,002,1795
360.8125,360.8249,22890,27640,Nyctalus leisleri,0.017,0.032,-1,Echolocation,/mnt/ubna_data_01_mir/recover-20220825/UBNA_002/20220823_033000.WAV,Telephone Field,recover-20220825,002,1795
360.8265,360.8339,38359,49736,Pipistrellus nathusii,0.01,0.029,-1,Echolocation,/mnt/ubna_data_01_mir/recover-20220825/UBNA_002/20220823_033000.WAV,Telephone Field,recover-20220825,002,1795
360.8665,360.9108,68437,83469,Rhinolophus ferrumequinum,0.041,0.041,-1,Echolocation,/mnt/ubna_data_01_mir/recover-20220825/UBNA_002/20220823_033000.WAV,Telephone Field,recover-20220825,002,1795
360.8735,360.883,28046,36285,Eptesicus serotinus,0.011,0.025,-1,Echolocation,/mnt/ubna_data_01_mir/recover-20220825/UBNA_002/20220823_033000.WAV,Telephone Field,recover-20220825,002,1795
360.9055,360.9462,68437,82773,Rhinolophus ferrumequinum,0.024,0.024,-1,Echolocation,/mnt/ubna_data_01_mir/recover-20220825/UBNA_002/20220823_033000.WAV,Telephone Field,recover-20220825,002,1795
360.9355,360.9415,39218,48290,Pipistrellus nathusii,0.212,0.449,-1,Echolocation,/mnt/ubna_data_01_mir/recover-20220825/UBNA_002/20220823_033000.WAV,Telephone Field,recover-20220825,002,1795
360.9925,361.0323,68437,83253,Rhinolophus ferrumequinum,0.026,0.026,-1,Echolocation,/mnt/ubna_data_01_mir/recover-20220825/UBNA_002/20220823_033000.WAV,Telephone Field,recover-20220825,002,1795
360.9925,361.0057,22890,27320,Nyctalus leisleri,0.012,0.025,-1,Echolocation,/mnt/ubna_data_01_mir/recover-20220825/UBNA_002/20220823_033000.WAV,Telephone Field,recover-20220825,002,1795
361.0055,361.0197,16875,21882,Nyctalus noctula,0.014,0.023,-1,Echolocation,/mnt/ubna_data_01_mir/recover-20220825/UBNA_002/20220823_033000.WAV,Telephone Field,recover-20220825,002,1795
361.0295,361.0369,40078,49293,Pipistrellus nathusii,0.16,0.262,-1,Echolocation,/mnt/ubna_data_01_mir/recover-20220825/UBNA_002/20220823_033000.WAV,Telephone Field,recover-20220825,002,1795
361.0445,361.0836,68437,82149,Rhinolophus ferrumequinum,0.024,0.024,-1,Echolocation,/mnt/ubna_data_01_mir/recover-20220825/UBNA_002/20220823_033000.WAV,Telephone Field,recover-20220825,002,1795
361.0595,361.0708,22890,29390,Nyctalus leisleri,0.021,0.062,-1,Echolocation,/mnt/ubna_data_01_mir/recover-20220825/UBNA_002/20220823_033000.WAV,Telephone Field,recover-20220825,002,1795
361.1335,361.1437,34062,39302,Pipistrellus nathusii,0.009,0.023,-1,Echolocation,/mnt/ubna_data_01_mir/recover-20220825/UBNA_002/20220823_033000.WAV,Telephone Field,recover-20220825,002,1795
361.1585,361.1989,68437,82467,Rhinolophus ferrumequinum,0.033,0.033,-1,Echolocation,/mnt/ubna_data_01_mir/recover-20220825/UBNA_002/20220823_033000.WAV,Telephone Field,recover-20220825,002,1795
361.1665,361.1752,44375,55150,Pipistrellus pipistrellus,0.013,0.023,-1,Echolocation,/mnt/ubna_data_01_mir/recover-20220825/UBNA_002/20220823_033000.WAV,Telephone Field,recover-20220825,002,1795
361.1895,361.2279,68437,82592,Rhinolophus ferrumequinum,0.026,0.026,-1,Echolocation,/mnt/ubna_data_01_mir/recover-20220825/UBNA_002/20220823_033000.WAV,Telephone Field,recover-20220825,002,1795
361.2115,361.2183,26328,38538,Eptesicus serotinus,0.006,0.023,-1,Echolocation,/mnt/ubna_data_01_mir/recover-20220825/UBNA_002/20220823_033000.WAV,Telephone Field,recover-20220825,002,1795
361.2115,361.2178,39218,47901,Barbastellus barbastellus,0.03,0.05,-1,Echolocation,/mnt/ubna_data_01_mir/recover-20220825/UBNA_002/20220823_033000.WAV,Telephone Field,recover-20220825,002,1795
361.2445,361.2533,28906,38497,Eptesicus serotinus,0.01,0.024,-1,Echolocation,/mnt/ubna_data_01_mir/recover-20220825/UBNA_002/20220823_033000.WAV,Telephone Field,recover-20220825,002,1795
361.2835,361.2897,35781,46687,Myotis brandtii,0.008,0.023,-1,Echolocation,/mnt/ubna_data_01_mir/recover-20220825/UBNA_002/20220823_033000.WAV,Telephone Field,recover-20220825,002,1795
361.2845,361.2917,26328,39696,Eptesicus serotinus,0.007,0.022,-1,Echolocation,/mnt/ubna_data_01_mir/recover-20220825/UBNA_002/20220823_033000.WAV,Telephone Field,recover-20220825,002,1795
361.3035,361.3433,68437,82751,Rhinolophus ferrumequinum,0.025,0.025,-1,Echolocation,/mnt/ubna_data_01_mir/recover-20220825/UBNA_002/20220823_033000.WAV,Telephone Field,recover-20220825,002,1795
361.3065,361.3129,35781,52489,Myotis brandtii,0.013,0.028,-1,Echolocation,/mnt/ubna_data_01_mir/recover-20220825/UBNA_002/20220823_033000.WAV,Telephone Field,recover-20220825,002,1795
361.3095,361.3159,26328,39529,Eptesicus serotinus,0.005,0.022,-1,Echolocation,/mnt/ubna_data_01_mir/recover-20220825/UBNA_002/20220823_033000.WAV,Telephone Field,recover-20220825,002,1795
361.3415,361.382,68437,82871,Rhinolophus ferrumequinum,0.051,0.051,-1,Echolocation,/mnt/ubna_data_01_mir/recover-20220825/UBNA_002/20220823_033000.WAV,Telephone Field,recover-20220825,002,1795
361.3435,361.3531,25468,33114,Eptesicus serotinus,0.014,0.031,-1,Echolocation,/mnt/ubna_data_01_mir/recover-20220825/UBNA_002/20220823_033000.WAV,Telephone Field,recover-20220825,002,1795
361.4065,361.4172,40078,44732,Pipistrellus nathusii,0.024,0.034,-1,Echolocation,/mnt/ubna_data_01_mir/recover-20220825/UBNA_002/20220823_033000.WAV,Telephone Field,recover-20220825,002,1795
361.4075,361.4229,15156,19374,Nyctalus noctula,0.016,0.027,-1,Echolocation,/mnt/ubna_data_01_mir/recover-20220825/UBNA_002/20220823_033000.WAV,Telephone Field,recover-20220825,002,1795
361.4275,361.4382,30625,37329,Barbastellus barbastellus,0.008,0.029,-1,Echolocation,/mnt/ubna_data_01_mir/recover-20220825/UBNA_002/20220823_033000.WAV,Telephone Field,recover-20220825,002,1795
361.4335,361.4449,58125,65197,Pipistrellus pygmaeus,0.027,0.027,-1,Echolocation,/mnt/ubna_data_01_mir/recover-20220825/UBNA_002/20220823_033000.WAV,Telephone Field,recover-20220825,002,1795
361.4355,361.4406,41796,59668,Myotis brandtii,0.012,0.027,-1,Echolocation,/mnt/ubna_data_01_mir/recover-20220825/UBNA_002/20220823_033000.WAV,Telephone Field,recover-20220825,002,1795
361.4445,361.4807,68437,80553,Rhinolophus ferrumequinum,0.024,0.024,-1,Echolocation,/mnt/ubna_data_01_mir/recover-20220825/UBNA_002/20220823_033000.WAV,Telephone Field,recover-20220825,002,1795
361.4785,361.515,68437,81484,Rhinolophus ferrumequinum,0.022,0.022,-1,Echolocation,/mnt/ubna_data_01_mir/recover-20220825/UBNA_002/20220823_033000.WAV,Telephone Field,recover-20220825,002,1795
361.4835,361.4921,27187,38134,Eptesicus serotinus,0.009,0.023,-1,Echolocation,/mnt/ubna_data_01_mir/recover-20220825/UBNA_002/20220823_033000.WAV,Telephone Field,recover-20220825,002,1795
361.5055,361.5139,25468,34718,Eptesicus serotinus,0.01,0.024,-1,Echolocation,/mnt/ubna_data_01_mir/recover-20220825/UBNA_002/20220823_033000.WAV,Telephone Field,recover-20220825,002,1795
361.5205,361.5584,68437,81985,Rhinolophus ferrumequinum,0.022,0.022,-1,Echolocation,/mnt/ubna_data_01_mir/recover-20220825/UBNA_002/20220823_033000.WAV,Telephone Field,recover-20220825,002,1795
361.5415,361.5787,68437,82157,Rhinolophus ferrumequinum,0.024,0.024,-1,Echolocation,/mnt/ubna_data_01_mir/recover-20220825/UBNA_002/20220823_033000.WAV,Telephone Field,recover-20220825,002,1795
361.5535,361.5608,40937,52011,Pipistrellus nathusii,0.008,0.027,-1,Echolocation,/mnt/ubna_data_01_mir/recover-20220825/UBNA_002/20220823_033000.WAV,Telephone Field,recover-20220825,002,1795
361.5855,361.5928,27187,37848,Eptesicus serotinus,0.007,0.023,-1,Echolocation,/mnt/ubna_data_01_mir/recover-20220825/UBNA_002/20220823_033000.WAV,Telephone Field,recover-20220825,002,1795
361.6325,361.6399,55546,60391,Pipistrellus pygmaeus,0.029,0.03,-1,Echolocation,/mnt/ubna_data_01_mir/recover-20220825/UBNA_002/20220823_033000.WAV,Telephone Field,recover-20220825,002,1795
361.6675,361.6762,54687,61041,Pipistrellus pygmaeus,0.024,0.025,-1,Echolocation,/mnt/ubna_data_01_mir/recover-20220825/UBNA_002/20220823_033000.WAV,Telephone Field,recover-20220825,002,1795
361.6805,361.6913,40937,44503,Pipistrellus nathusii,0.017,0.026,-1,Echolocation,/mnt/ubna_data_01_mir/recover-20220825/UBNA_002/20220823_033000.WAV,Telephone Field,recover-20220825,002,1795
361.6825,361.6908,34921,41532,Barbastellus barbastellus,0.011,0.027,-1,Echolocation,/mnt/ubna_data_01_mir/recover-20220825/UBNA_002/20220823_033000.WAV,Telephone Field,recover-20220825,002,1795
361.7205,361.7638,68437,83278,Rhinolophus ferrumequinum,0.033,0.033,-1,Echolocation,/mnt/ubna_data_01_mir/recover-20220825/UBNA_002/20220823_033000.WAV,Telephone Field,recover-20220825,002,1795
361.8115,361.8529,68437,82546,Rhinolophus ferrumequinum,0.024,0.024,-1,Echolocation,/mnt/ubna_data_01_mir/recover-20220825/UBNA_002/20220823_033000.WAV,Telephone Field,recover-20220825,002,1795
361.8195,361.8278,27187,37507,Eptesicus serotinus,0.008,0.022,-1,Echolocation,/mnt/ubna_data_01_mir/recover-20220825/UBNA_002/20220823_033000.WAV,Telephone Field,recover-20220825,002,1795
361.8475,361.8556,25468,33753,Eptesicus serotinus,0.007,0.023,-1,Echolocation,/mnt/ubna_data_01_mir/recover-20220825/UBNA_002/20220823_033000.WAV,Telephone Field,recover-20220825,002,1795
361.8675,361.9081,68437,82584,Rhinolophus ferrumequinum,0.027,0.027,-1,Echolocation,/mnt/ubna_data_01_mir/recover-20220825/UBNA_002/20220823_033000.WAV,Telephone Field,recover-20220825,002,1795
361.8845,361.8918,27187,39501,Eptesicus serotinus,0.007,0.022,-1,Echolocation,/mnt/ubna_data_01_mir/recover-20220825/UBNA_002/20220823_033000.WAV,Telephone Field,recover-20220825,002,1795
361.9005,361.9093,27187,37615,Eptesicus serotinus,0.009,0.022,-1,Echolocation,/mnt/ubna_data_01_mir/recover-20220825/UBNA_002/20220823_033000.WAV,Telephone Field,recover-20220825,002,1795
361.9115,361.9481,68437,81557,Rhinolophus ferrumequinum,0.022,0.022,-1,Echolocation,/mnt/ubna_data_01_mir/recover-20220825/UBNA_002/20220823_033000.WAV,Telephone Field,recover-20220825,002,1795
361.9445,361.9827,68437,81514,Rhinolophus ferrumequinum,0.022,0.022,-1,Echolocation,/mnt/ubna_data_01_mir/recover-20220825/UBNA_002/20220823_033000.WAV,Telephone Field,recover-20220825,002,1795
362.0015,362.0309,68437,80310,Rhinolophus ferrumequinum,0.027,0.027,-1,Echolocation,/mnt/ubna_data_01_mir/recover-20220825/UBNA_002/20220823_033000.WAV,Telephone Field,recover-20220825,002,1795
362.0015,362.0085,46953,50735,Pipistrellus pipistrellus,0.02,0.024,-1,Echolocation,/mnt/ubna_data_01_mir/recover-20220825/UBNA_002/20220823_033000.WAV,Telephone Field,recover-20220825,002,1795
362.0015,362.0124,22031,26888,Nyctalus leisleri,0.016,0.038,-1,Echolocation,/mnt/ubna_data_01_mir/recover-20220825/UBNA_002/20220823_033000.WAV,Telephone Field,recover-20220825,002,1795
362.0175,362.0588,68437,82178,Rhinolophus ferrumequinum,0.023,0.023,-1,Echolocation,/mnt/ubna_data_01_mir/recover-20220825/UBNA_002/20220823_033000.WAV,Telephone Field,recover-20220825,002,1795
362.0395,362.0766,68437,81865,Rhinolophus ferrumequinum,0.021,0.021,-1,Echolocation,/mnt/ubna_data_01_mir/recover-20220825/UBNA_002/20220823_033000.WAV,Telephone Field,recover-20220825,002,1795
362.0735,362.0816,28906,36070,Eptesicus serotinus,0.009,0.023,-1,Echolocation,/mnt/ubna_data_01_mir/recover-20220825/UBNA_002/20220823_033000.WAV,Telephone Field,recover-20220825,002,1795
362.0885,362.0963,27187,37747,Eptesicus serotinus,0.008,0.021,-1,Echolocation,/mnt/ubna_data_01_mir/recover-20220825/UBNA_002/20220823_033000.WAV,Telephone Field,recover-20220825,002,1795
362.0995,362.1366,68437,81299,Rhinolophus ferrumequinum,0.021,0.021,-1,Echolocation,/mnt/ubna_data_01_mir/recover-20220825/UBNA_002/20220823_033000.WAV,Telephone Field,recover-20220825,002,1795
362.1225,362.1307,28046,39242,Eptesicus serotinus,0.008,0.024,-1,Echolocation,/mnt/ubna_data_01_mir/recover-20220825/UBNA_002/20220823_033000.WAV,Telephone Field,recover-20220825,002,1795
362.1635,362.2011,68437,81762,Rhinolophus ferrumequinum,0.021,0.021,-1,Echolocation,/mnt/ubna_data_01_mir/recover-20220825/UBNA_002/20220823_033000.WAV,Telephone Field,recover-20220825,002,1795
362.1765,362.2172,68437,83123,Rhinolophus ferrumequinum,0.025,0.025,-1,Echolocation,/mnt/ubna_data_01_mir/recover-20220825/UBNA_002/20220823_033000.WAV,Telephone Field,recover-20220825,002,1795
362.1795,362.1926,25468,31920,Eptesicus serotinus,0.013,0.03,-1,Echolocation,/mnt/ubna_data_01_mir/recover-20220825/UBNA_002/20220823_033000.WAV,Telephone Field,recover-20220825,002,1795
362.2755,362.286,14296,20684,Nyctalus noctula,0.011,0.022,-1,Echolocation,/mnt/ubna_data_01_mir/recover-20220825/UBNA_002/20220823_033000.WAV,Telephone Field,recover-20220825,002,1795
362.2915,362.3278,68437,82088,Rhinolophus ferrumequinum,0.024,0.024,-1,Echolocation,/mnt/ubna_data_01_mir/recover-20220825/UBNA_002/20220823_033000.WAV,Telephone Field,recover-20220825,002,1795
362.2995,362.3388,68437,82387,Rhinolophus ferrumequinum,0.025,0.025,-1,Echolocation,/mnt/ubna_data_01_mir/recover-20220825/UBNA_002/20220823_033000.WAV,Telephone Field,recover-20220825,002,1795
362.3275,362.364,68437,81963,Rhinolophus ferrumequinum,0.021,0.021,-1,Echolocation,/mnt/ubna_data_01_mir/recover-20220825/UBNA_002/20220823_033000.WAV,Telephone Field,recover-20220825,002,1795
362.4135,362.4226,44375,49671,Pipistrellus pipistrellus,0.026,0.029,-1,Echolocation,/mnt/ubna_data_01_mir/recover-20220825/UBNA_002/20220823_033000.WAV,Telephone Field,recover-20220825,002,1795
362.4145,362.4555,68437,82769,Rhinolophus ferrumequinum,0.027,0.027,-1,Echolocation,/mnt/ubna_data_01_mir/recover-20220825/UBNA_002/20220823_033000.WAV,Telephone Field,recover-20220825,002,1795
362.4575,362.4689,22890,27132,Nyctalus leisleri,0.022,0.04,-1,Echolocation,/mnt/ubna_data_01_mir/recover-20220825/UBNA_002/20220823_033000.WAV,Telephone Field,recover-20220825,002,1795
362.5305,362.5763,68437,84071,Rhinolophus ferrumequinum,0.042,0.042,-1,Echolocation,/mnt/ubna_data_01_mir/recover-20220825/UBNA_002/20220823_033000.WAV,Telephone Field,recover-20220825,002,1795
362.5755,362.5847,22031,29116,Plecotus austriacus,0.015,0.035,-1,Echolocation,/mnt/ubna_data_01_mir/recover-20220825/UBNA_002/20220823_033000.WAV,Telephone Field,recover-20220825,002,1795
362.5795,362.6212,68437,83030,Rhinolophus ferrumequinum,0.025,0.025,-1,Echolocation,/mnt/ubna_data_01_mir/recover-20220825/UBNA_002/20220823_033000.WAV,Telephone Field,recover-20220825,002,1795
362.6115,362.6521,68437,81943,Rhinolophus ferrumequinum,0.022,0.022,-1,Echolocation,/mnt/ubna_data_01_mir/recover-20220825/UBNA_002/20220823_033000.WAV,Telephone Field,recover-20220825,002,1795
362.6425,362.65,27187,39529,Eptesicus serotinus,0.006,0.021,-1,Echolocation,/mnt/ubna_data_01_mir/recover-20220825/UBNA_002/20220823_033000.WAV,Telephone Field,recover-20220825,002,1795
362.6985,362.7339,68437,81130,Rhinolophus ferrumequinum,0.025,0.025,-1,Echolocation,/mnt/ubna_data_01_mir/recover-20220825/UBNA_002/20220823_033000.WAV,Telephone Field,recover-20220825,002,1795
362.6995,362.7055,27187,39111,Plecotus austriacus,0.004,0.021,-1,Echolocation,/mnt/ubna_data_01_mir/recover-20220825/UBNA_002/20220823_033000.WAV,Telephone Field,recover-20220825,002,1795
362.7005,362.7157,16875,21718,Nyctalus noctula,0.031,0.044,-1,Echolocation,/mnt/ubna_data_01_mir/recover-20220825/UBNA_002/20220823_033000.WAV,Telephone Field,recover-20220825,002,1795
362.7415,362.7828,68437,82938,Rhinolophus ferrumequinum,0.029,0.029,-1,Echolocation,/mnt/ubna_data_01_mir/recover-20220825/UBNA_002/20220823_033000.WAV,Telephone Field,recover-20220825,002,1795
362.7685,362.8059,68437,81359,Rhinolophus ferrumequinum,0.022,0.022,-1,Echolocation,/mnt/ubna_data_01_mir/recover-20220825/UBNA_002/20220823_033000.WAV,Telephone Field,recover-20220825,002,1795
362.8265,362.8366,28046,36126,Eptesicus serotinus,0.01,0.023,-1,Echolocation,/mnt/ubna_data_01_mir/recover-20220825/UBNA_002/20220823_033000.WAV,Telephone Field,recover-20220825,002,1795
362.8305,362.8725,68437,82589,Rhinolophus ferrumequinum,0.025,0.025,-1,Echolocation,/mnt/ubna_data_01_mir/recover-20220825/UBNA_002/20220823_033000.WAV,Telephone Field,recover-20220825,002,1795
362.8515,362.8628,41796,45474,Pipistrellus pipistrellus,0.014,0.025,-1,Echolocation,/mnt/ubna_data_01_mir/recover-20220825/UBNA_002/20220823_033000.WAV,Telephone Field,recover-20220825,002,1795
362.8525,362.8631,22031,27104,Nyctalus leisleri,0.009,0.022,-1,Echolocation,/mnt/ubna_data_01_mir/recover-20220825/UBNA_002/20220823_033000.WAV,Telephone Field,recover-20220825,002,1795
362.8765,362.91610000000003,68437,82873,Rhinolophus ferrumequinum,0.024,0.024,-1,Echolocation,/mnt/ubna_data_01_mir/recover-20220825/UBNA_002/20220823_033000.WAV,Telephone Field,recover-20220825,002,1795
362.9105,362.9497,68437,82254,Rhinolophus ferrumequinum,0.021,0.021,-1,Echolocation,/mnt/ubna_data_01_mir/recover-20220825/UBNA_002/20220823_033000.WAV,Telephone Field,recover-20220825,002,1795
362.9625,362.9693,28046,41264,Eptesicus serotinus,0.009,0.027,-1,Echolocation,/mnt/ubna_data_01_mir/recover-20220825/UBNA_002/20220823_033000.WAV,Telephone Field,recover-20220825,002,1795
362.9695,362.9769,25468,34195,Plecotus auritus,0.007,0.025,-1,Echolocation,/mnt/ubna_data_01_mir/recover-20220825/UBNA_002/20220823_033000.WAV,Telephone Field,recover-20220825,002,1795
363.0505,363.059,25468,34007,Eptesicus serotinus,0.008,0.021,-1,Echolocation,/mnt/ubna_data_01_mir/recover-20220825/UBNA_002/20220823_033000.WAV,Telephone Field,recover-20220825,002,1795
363.0595,363.0983,68437,81745,Rhinolophus ferrumequinum,0.024,0.024,-1,Echolocation,/mnt/ubna_data_01_mir/recover-20220825/UBNA_002/20220823_033000.WAV,Telephone Field,recover-20220825,002,1795
363.0755,363.1112,68437,81780,Rhinolophus ferrumequinum,0.021,0.021,-1,Echolocation,/mnt/ubna_data_01_mir/recover-20220825/UBNA_002/20220823_033000.WAV,Telephone Field,recover-20220825,002,1795
363.1405,363.1813,68437,82919,Rhinolophus ferrumequinum,0.023,0.023,-1,Echolocation,/mnt/ubna_data_01_mir/recover-20220825/UBNA_002/20220823_033000.WAV,Telephone Field,recover-20220825,002,1795
363.1525,363.1594,27187,38126,Eptesicus serotinus,0.013,0.036,-1,Echolocation,/mnt/ubna_data_01_mir/recover-20220825/UBNA_002/20220823_033000.WAV,Telephone Field,recover-20220825,002,1795
363.1535,363.193,68437,81248,Rhinolophus ferrumequinum,0.027,0.027,-1,Echolocation,/mnt/ubna_data_01_mir/recover-20220825/UBNA_002/20220823_033000.WAV,Telephone Field,recover-20220825,002,1795
363.1735,363.2187,68437,83631,Rhinolophus ferrumequinum,0.039,0.039,-1,Echolocation,/mnt/ubna_data_01_mir/recover-20220825/UBNA_002/20220823_033000.WAV,Telephone Field,recover-20220825,002,1795
363.2095,363.2466,68437,81890,Rhinolophus ferrumequinum,0.023,0.023,-1,Echolocation,/mnt/ubna_data_01_mir/recover-20220825/UBNA_002/20220823_033000.WAV,Telephone Field,recover-20220825,002,1795
363.2555,363.2971,68437,83104,Rhinolophus ferrumequinum,0.024,0.024,-1,Echolocation,/mnt/ubna_data_01_mir/recover-20220825/UBNA_002/20220823_033000.WAV,Telephone Field,recover-20220825,002,1795
363.2565,363.2645,23750,31705,Plecotus austriacus,0.008,0.023,-1,Echolocation,/mnt/ubna_data_01_mir/recover-20220825/UBNA_002/20220823_033000.WAV,Telephone Field,recover-20220825,002,1795
363.2835,363.3222,68437,81678,Rhinolophus ferrumequinum,0.03,0.03,-1,Echolocation,/mnt/ubna_data_01_mir/recover-20220825/UBNA_002/20220823_033000.WAV,Telephone Field,recover-20220825,002,1795
363.3225,363.3624,68437,82624,Rhinolophus ferrumequinum,0.022,0.022,-1,Echolocation,/mnt/ubna_data_01_mir/recover-20220825/UBNA_002/20220823_033000.WAV,Telephone Field,recover-20220825,002,1795
363.3485,363.3881,68437,82515,Rhinolophus ferrumequinum,0.022,0.022,-1,Echolocation,/mnt/ubna_data_01_mir/recover-20220825/UBNA_002/20220823_033000.WAV,Telephone Field,recover-20220825,002,1795
363.3615,363.3993,68437,82148,Rhinolophus ferrumequinum,0.022,0.022,-1,Echolocation,/mnt/ubna_data_01_mir/recover-20220825/UBNA_002/20220823_033000.WAV,Telephone Field,recover-20220825,002,1795
363.3765,363.3927,21171,24961,Nyctalus leisleri,0.012,0.022,-1,Echolocation,/mnt/ubna_data_01_mir/recover-20220825/UBNA_002/20220823_033000.WAV,Telephone Field,recover-20220825,002,1795
363.4025,363.413,46093,49854,Pipistrellus pipistrellus,0.022,0.026,-1,Echolocation,/mnt/ubna_data_01_mir/recover-20220825/UBNA_002/20220823_033000.WAV,Telephone Field,recover-20220825,002,1795
363.4075,363.4478,68437,82309,Rhinolophus ferrumequinum,0.024,0.024,-1,Echolocation,/mnt/ubna_data_01_mir/recover-20220825/UBNA_002/20220823_033000.WAV,Telephone Field,recover-20220825,002,1795
363.4705,363.4825,28906,34577,Eptesicus serotinus,0.017,0.033,-1,Echolocation,/mnt/ubna_data_01_mir/recover-20220825/UBNA_002/20220823_033000.WAV,Telephone Field,recover-20220825,002,1795
363.4875,363.5283,68437,83074,Rhinolophus ferrumequinum,0.046,0.046,-1,Echolocation,/mnt/ubna_data_01_mir/recover-20220825/UBNA_002/20220823_033000.WAV,Telephone Field,recover-20220825,002,1795
363.5245,363.5627,68437,81134,Rhinolophus ferrumequinum,0.024,0.024,-1,Echolocation,/mnt/ubna_data_01_mir/recover-20220825/UBNA_002/20220823_033000.WAV,Telephone Field,recover-20220825,002,1795
363.5605,363.6035,68437,82643,Rhinolophus ferrumequinum,0.023,0.023,-1,Echolocation,/mnt/ubna_data_01_mir/recover-20220825/UBNA_002/20220823_033000.WAV,Telephone Field,recover-20220825,002,1795
363.5615,363.5781,20312,23019,Nyctalus leisleri,0.015,0.025,-1,Echolocation,/mnt/ubna_data_01_mir/recover-20220825/UBNA_002/20220823_033000.WAV,Telephone Field,recover-20220825,002,1795
363.5815,363.5894,26328,34409,Eptesicus serotinus,0.007,0.022,-1,Echolocation,/mnt/ubna_data_01_mir/recover-20220825/UBNA_002/20220823_033000.WAV,Telephone Field,recover-20220825,002,1795
363.6115,363.6522,68437,82626,Rhinolophus ferrumequinum,0.024,0.024,-1,Echolocation,/mnt/ubna_data_01_mir/recover-20220825/UBNA_002/20220823_033000.WAV,Telephone Field,recover-20220825,002,1795
363.6145,363.624,28906,37829,Eptesicus serotinus,0.009,0.023,-1,Echolocation,/mnt/ubna_data_01_mir/recover-20220825/UBNA_002/20220823_033000.WAV,Telephone Field,recover-20220825,002,1795
363.6165,363.6275,34062,38960,Eptesicus serotinus,0.007,0.025,-1,Echolocation,/mnt/ubna_data_01_mir/recover-20220825/UBNA_002/20220823_033000.WAV,Telephone Field,recover-20220825,002,1795
363.6345,363.6726,68437,81853,Rhinolophus ferrumequinum,0.021,0.021,-1,Echolocation,/mnt/ubna_data_01_mir/recover-20220825/UBNA_002/20220823_033000.WAV,Telephone Field,recover-20220825,002,1795
363.6575,363.6956,68437,82373,Rhinolophus ferrumequinum,0.021,0.021,-1,Echolocation,/mnt/ubna_data_01_mir/recover-20220825/UBNA_002/20220823_033000.WAV,Telephone Field,recover-20220825,002,1795
363.7005,363.7376,68437,81901,Rhinolophus ferrumequinum,0.024,0.024,-1,Echolocation,/mnt/ubna_data_01_mir/recover-20220825/UBNA_002/20220823_033000.WAV,Telephone Field,recover-20220825,002,1795
363.7385,363.7733,68437,81163,Rhinolophus ferrumequinum,0.022,0.022,-1,Echolocation,/mnt/ubna_data_01_mir/recover-20220825/UBNA_002/20220823_033000.WAV,Telephone Field,recover-20220825,002,1795
363.7565,363.7969,68437,82548,Rhinolophus ferrumequinum,0.021,0.021,-1,Echolocation,/mnt/ubna_data_01_mir/recover-20220825/UBNA_002/20220823_033000.WAV,Telephone Field,recover-20220825,002,1795
363.7625,363.8027,68437,82351,Rhinolophus ferrumequinum,0.021,0.022,-1,Echolocation,/mnt/ubna_data_01_mir/recover-20220825/UBNA_002/20220823_033000.WAV,Telephone Field,recover-20220825,002,1795
363.8005,363.8432,68437,83377,Rhinolophus ferrumequinum,0.037,0.037,-1,Echolocation,/mnt/ubna_data_01_mir/recover-20220825/UBNA_002/20220823_033000.WAV,Telephone Field,recover-20220825,002,1795
363.8275,363.8703,68437,82891,Rhinolophus ferrumequinum,0.041,0.041,-1,Echolocation,/mnt/ubna_data_01_mir/recover-20220825/UBNA_002/20220823_033000.WAV,Telephone Field,recover-20220825,002,1795
363.8495,363.8878,68437,82003,Rhinolophus ferrumequinum,0.021,0.021,-1,Echolocation,/mnt/ubna_data_01_mir/recover-20220825/UBNA_002/20220823_033000.WAV,Telephone Field,recover-20220825,002,1795
363.9155,363.9263,24609,30190,Nyctalus leisleri,0.013,0.031,-1,Echolocation,/mnt/ubna_data_01_mir/recover-20220825/UBNA_002/20220823_033000.WAV,Telephone Field,recover-20220825,002,1795
363.9765,363.9847,28046,39429,Eptesicus serotinus,0.008,0.022,-1,Echolocation,/mnt/ubna_data_01_mir/recover-20220825/UBNA_002/20220823_033000.WAV,Telephone Field,recover-20220825,002,1795
363.9825,363.9925,14296,23128,Nyctalus noctula,0.012,0.024,-1,Echolocation,/mnt/ubna_data_01_mir/recover-20220825/UBNA_002/20220823_033000.WAV,Telephone Field,recover-20220825,002,1795
364.0015,364.0323,69296,81103,Rhinolophus ferrumequinum,0.031,0.031,-1,Echolocation,/mnt/ubna_data_01_mir/recover-20220825/UBNA_002/20220823_033000.WAV,Telephone Field,recover-20220825,002,1795
364.0015,364.0103,23750,30689,Nyctalus leisleri,0.011,0.031,-1,Echolocation,/mnt/ubna_data_01_mir/recover-20220825/UBNA_002/20220823_033000.WAV,Telephone Field,recover-20220825,002,1795
364.0535,364.0907,68437,81686,Rhinolophus ferrumequinum,0.023,0.023,-1,Echolocation,/mnt/ubna_data_01_mir/recover-20220825/UBNA_002/20220823_033000.WAV,Telephone Field,recover-20220825,002,1795
364.1065,364.147,68437,82785,Rhinolophus ferrumequinum,0.025,0.025,-1,Echolocation,/mnt/ubna_data_01_mir/recover-20220825/UBNA_002/20220823_033000.WAV,Telephone Field,recover-20220825,002,1795
364.1175,364.1585,68437,82923,Rhinolophus ferrumequinum,0.025,0.025,-1,Echolocation,/mnt/ubna_data_01_mir/recover-20220825/UBNA_002/20220823_033000.WAV,Telephone Field,recover-20220825,002,1795
364.1185,364.1255,49531,54520,Pipistrellus pipistrellus,0.023,0.024,-1,Echolocation,/mnt/ubna_data_01_mir/recover-20220825/UBNA_002/20220823_033000.WAV,Telephone Field,recover-20220825,002,1795
364.1245,364.1353,22890,29255,Nyctalus leisleri,0.01,0.025,-1,Echolocation,/mnt/ubna_data_01_mir/recover-20220825/UBNA_002/20220823_033000.WAV,Telephone Field,recover-20220825,002,1795
364.1455,364.1537,27187,38815,Eptesicus serotinus,0.007,0.024,-1,Echolocation,/mnt/ubna_data_01_mir/recover-20220825/UBNA_002/20220823_033000.WAV,Telephone Field,recover-20220825,002,1795
364.1585,364.1693,24609,31710,Nyctalus leisleri,0.01,0.029,-1,Echolocation,/mnt/ubna_data_01_mir/recover-20220825/UBNA_002/20220823_033000.WAV,Telephone Field,recover-20220825,002,1795
364.1745,364.1812,35781,55866,Myotis brandtii,0.008,0.024,-1,Echolocation,/mnt/ubna_data_01_mir/recover-20220825/UBNA_002/20220823_033000.WAV,Telephone Field,recover-20220825,002,1795
364.1805,364.2218,68437,83104,Rhinolophus ferrumequinum,0.026,0.026,-1,Echolocation,/mnt/ubna_data_01_mir/recover-20220825/UBNA_002/20220823_033000.WAV,Telephone Field,recover-20220825,002,1795
364.2095,364.2199,27187,34639,Eptesicus serotinus,0.011,0.026,-1,Echolocation,/mnt/ubna_data_01_mir/recover-20220825/UBNA_002/20220823_033000.WAV,Telephone Field,recover-20220825,002,1795
364.2215,364.2297,27187,37633,Eptesicus serotinus,0.009,0.031,-1,Echolocation,/mnt/ubna_data_01_mir/recover-20220825/UBNA_002/20220823_033000.WAV,Telephone Field,recover-20220825,002,1795
364.2455,364.257,51250,56751,Pipistrellus pipistrellus,0.029,0.043,-1,Echolocation,/mnt/ubna_data_01_mir/recover-20220825/UBNA_002/20220823_033000.WAV,Telephone Field,recover-20220825,002,1795
364.2645,364.3056,68437,82711,Rhinolophus ferrumequinum,0.028,0.028,-1,Echolocation,/mnt/ubna_data_01_mir/recover-20220825/UBNA_002/20220823_033000.WAV,Telephone Field,recover-20220825,002,1795
364.2675,364.2756,27187,38255,Eptesicus serotinus,0.007,0.024,-1,Echolocation,/mnt/ubna_data_01_mir/recover-20220825/UBNA_002/20220823_033000.WAV,Telephone Field,recover-20220825,002,1795
364.2725,364.2829,22890,28593,Nyctalus leisleri,0.011,0.025,-1,Echolocation,/mnt/ubna_data_01_mir/recover-20220825/UBNA_002/20220823_033000.WAV,Telephone Field,recover-20220825,002,1795
364.3035,364.3141,50390,54635,Pipistrellus pipistrellus,0.021,0.031,-1,Echolocation,/mnt/ubna_data_01_mir/recover-20220825/UBNA_002/20220823_033000.WAV,Telephone Field,recover-20220825,002,1795
364.3365,364.3772,68437,82330,Rhinolophus ferrumequinum,0.025,0.025,-1,Echolocation,/mnt/ubna_data_01_mir/recover-20220825/UBNA_002/20220823_033000.WAV,Telephone Field,recover-20220825,002,1795
364.3555,364.3641,28046,37056,Eptesicus serotinus,0.01,0.029,-1,Echolocation,/mnt/ubna_data_01_mir/recover-20220825/UBNA_002/20220823_033000.WAV,Telephone Field,recover-20220825,002,1795
364.3565,364.3978,68437,83032,Rhinolophus ferrumequinum,0.025,0.025,-1,Echolocation,/mnt/ubna_data_01_mir/recover-20220825/UBNA_002/20220823_033000.WAV,Telephone Field,recover-20220825,002,1795
364.4035,364.4099,34062,60067,Myotis brandtii,0.01,0.024,-1,Echolocation,/mnt/ubna_data_01_mir/recover-20220825/UBNA_002/20220823_033000.WAV,Telephone Field,recover-20220825,002,1795
364.4125,364.4213,28046,36960,Eptesicus serotinus,0.009,0.023,-1,Echolocation,/mnt/ubna_data_01_mir/recover-20220825/UBNA_002/20220823_033000.WAV,Telephone Field,recover-20220825,002,1795
364.4485,364.4894,68437,82930,Rhinolophus ferrumequinum,0.028,0.028,-1,Echolocation,/mnt/ubna_data_01_mir/recover-20220825/UBNA_002/20220823_033000.WAV,Telephone Field,recover-20220825,002,1795
364.4605,364.4711,24609,31448,Nyctalus leisleri,0.011,0.03,-1,Echolocation,/mnt/ubna_data_01_mir/recover-20220825/UBNA_002/20220823_033000.WAV,Telephone Field,recover-20220825,002,1795
364.4615,364.501,68437,82827,Rhinolophus ferrumequinum,0.024,0.024,-1,Echolocation,/mnt/ubna_data_01_mir/recover-20220825/UBNA_002/20220823_033000.WAV,Telephone Field,recover-20220825,002,1795
364.4675,364.4802,24609,29581,Nyctalus leisleri,0.018,0.037,-1,Echolocation,/mnt/ubna_data_01_mir/recover-20220825/UBNA_002/20220823_033000.WAV,Telephone Field,recover-20220825,002,1795
364.4885,364.4982,15156,22104,Nyctalus noctula,0.022,0.039,-1,Echolocation,/mnt/ubna_data_01_mir/recover-20220825/UBNA_002/20220823_033000.WAV,Telephone Field,recover-20220825,002,1795
364.5095,364.5497,68437,82822,Rhinolophus ferrumequinum,0.026,0.026,-1,Echolocation,/mnt/ubna_data_01_mir/recover-20220825/UBNA_002/20220823_033000.WAV,Telephone Field,recover-20220825,002,1795
364.5205,364.5603,68437,82008,Rhinolophus ferrumequinum,0.023,0.023,-1,Echolocation,/mnt/ubna_data_01_mir/recover-20220825/UBNA_002/20220823_033000.WAV,Telephone Field,recover-20220825,002,1795
364.5275,364.568,68437,82473,Rhinolophus ferrumequinum,0.026,0.026,-1,Echolocation,/mnt/ubna_data_01_mir/recover-20220825/UBNA_002/20220823_033000.WAV,Telephone Field,recover-20220825,002,1795
364.5485,364.5897,68437,82504,Rhinolophus ferrumequinum,0.025,0.025,-1,Echolocation,/mnt/ubna_data_01_mir/recover-20220825/UBNA_002/20220823_033000.WAV,Telephone Field,recover-20220825,002,1795
364.5635,364.5726,26328,35378,Eptesicus serotinus,0.009,0.023,-1,Echolocation,/mnt/ubna_data_01_mir/recover-20220825/UBNA_002/20220823_033000.WAV,Telephone Field,recover-20220825,002,1795
364.5975,364.6386,68437,82471,Rhinolophus ferrumequinum,0.024,0.024,-1,Echolocation,/mnt/ubna_data_01_mir/recover-20220825/UBNA_002/20220823_033000.WAV,Telephone Field,recover-20220825,002,1795
364.5985,364.6073,28046,38670,Eptesicus serotinus,0.007,0.024,-1,Echolocation,/mnt/ubna_data_01_mir/recover-20220825/UBNA_002/20220823_033000.WAV,Telephone Field,recover-20220825,002,1795
364.6455,364.6557,39218,46667,Pipistrellus nathusii,0.016,0.026,-1,Echolocation,/mnt/ubna_data_01_mir/recover-20220825/UBNA_002/20220823_033000.WAV,Telephone Field,recover-20220825,002,1795
364.6965,364.7054,27187,38031,Eptesicus serotinus,0.008,0.023,-1,Echolocation,/mnt/ubna_data_01_mir/recover-20220825/UBNA_002/20220823_033000.WAV,Telephone Field,recover-20220825,002,1795
364.7395,364.7806,68437,82912,Rhinolophus ferrumequinum,0.028,0.028,-1,Echolocation,/mnt/ubna_data_01_mir/recover-20220825/UBNA_002/20220823_033000.WAV,Telephone Field,recover-20220825,002,1795
364.7675,364.807,68437,82414,Rhinolophus ferrumequinum,0.024,0.024,-1,Echolocation,/mnt/ubna_data_01_mir/recover-20220825/UBNA_002/20220823_033000.WAV,Telephone Field,recover-20220825,002,1795
364.7785,364.7897,44375,49659,Pipistrellus pipistrellus,0.019,0.027,-1,Echolocation,/mnt/ubna_data_01_mir/recover-20220825/UBNA_002/20220823_033000.WAV,Telephone Field,recover-20220825,002,1795
364.7855,364.821,68437,81236,Rhinolophus ferrumequinum,0.026,0.026,-1,Echolocation,/mnt/ubna_data_01_mir/recover-20220825/UBNA_002/20220823_033000.WAV,Telephone Field,recover-20220825,002,1795
364.7925,364.7989,27187,40380,Eptesicus serotinus,0.005,0.023,-1,Echolocation,/mnt/ubna_data_01_mir/recover-20220825/UBNA_002/20220823_033000.WAV,Telephone Field,recover-20220825,002,1795
364.8085,364.8506,68437,82715,Rhinolophus ferrumequinum,0.028,0.028,-1,Echolocation,/mnt/ubna_data_01_mir/recover-20220825/UBNA_002/20220823_033000.WAV,Telephone Field,recover-20220825,002,1795
364.8105,364.8209,28046,34988,Eptesicus serotinus,0.042,0.071,-1,Echolocation,/mnt/ubna_data_01_mir/recover-20220825/UBNA_002/20220823_033000.WAV,Telephone Field,recover-20220825,002,1795
364.8425,364.8552,27187,32537,Nyctalus leisleri,0.016,0.04,-1,Echolocation,/mnt/ubna_data_01_mir/recover-20220825/UBNA_002/20220823_033000.WAV,Telephone Field,recover-20220825,002,1795
364.8505,364.8903,68437,82545,Rhinolophus ferrumequinum,0.025,0.025,-1,Echolocation,/mnt/ubna_data_01_mir/recover-20220825/UBNA_002/20220823_033000.WAV,Telephone Field,recover-20220825,002,1795
364.8705,364.8787,28046,40753,Eptesicus serotinus,0.008,0.024,-1,Echolocation,/mnt/ubna_data_01_mir/recover-20220825/UBNA_002/20220823_033000.WAV,Telephone Field,recover-20220825,002,1795
364.8715,364.8788,47812,54986,Pipistrellus pipistrellus,0.022,0.024,-1,Echolocation,/mnt/ubna_data_01_mir/recover-20220825/UBNA_002/20220823_033000.WAV,Telephone Field,recover-20220825,002,1795
364.8735,364.9139,68437,82495,Rhinolophus ferrumequinum,0.024,0.024,-1,Echolocation,/mnt/ubna_data_01_mir/recover-20220825/UBNA_002/20220823_033000.WAV,Telephone Field,recover-20220825,002,1795
364.9095,364.9176,38359,45176,Pipistrellus nathusii,0.009,0.027,-1,Echolocation,/mnt/ubna_data_01_mir/recover-20220825/UBNA_002/20220823_033000.WAV,Telephone Field,recover-20220825,002,1795
364.9345,364.972,68437,82137,Rhinolophus ferrumequinum,0.024,0.024,-1,Echolocation,/mnt/ubna_data_01_mir/recover-20220825/UBNA_002/20220823_033000.WAV,Telephone Field,recover-20220825,002,1795
364.9455,364.9829,68437,81994,Rhinolophus ferrumequinum,0.023,0.023,-1,Echolocation,/mnt/ubna_data_01_mir/recover-20220825/UBNA_002/20220823_033000.WAV,Telephone Field,recover-20220825,002,1795
364.9675,364.9765,27187,35883,Eptesicus serotinus,0.014,0.029,-1,Echolocation,/mnt/ubna_data_01_mir/recover-20220825/UBNA_002/20220823_033000.WAV,Telephone Field,recover-20220825,002,1795
365.0255,365.0599,68437,80379,Rhinolophus ferrumequinum,0.023,0.023,-1,Echolocation,/mnt/ubna_data_01_mir/recover-20220825/UBNA_002/20220823_033000.WAV,Telephone Field,recover-20220825,002,1795
365.0315,365.039,27187,36335,Eptesicus serotinus,0.006,0.023,-1,Echolocation,/mnt/ubna_data_01_mir/recover-20220825/UBNA_002/20220823_033000.WAV,Telephone Field,recover-20220825,002,1795
365.0575,365.0996,68437,83156,Rhinolophus ferrumequinum,0.024,0.024,-1,Echolocation,/mnt/ubna_data_01_mir/recover-20220825/UBNA_002/20220823_033000.WAV,Telephone Field,recover-20220825,002,1795
365.0845,365.0906,25468,39135,Plecotus austriacus,0.007,0.029,-1,Echolocation,/mnt/ubna_data_01_mir/recover-20220825/UBNA_002/20220823_033000.WAV,Telephone Field,recover-20220825,002,1795
365.1115,365.1216,28046,35490,Eptesicus serotinus,0.01,0.025,-1,Echolocation,/mnt/ubna_data_01_mir/recover-20220825/UBNA_002/20220823_033000.WAV,Telephone Field,recover-20220825,002,1795
365.1125,365.1465,68437,82024,Rhinolophus ferrumequinum,0.036,0.036,-1,Echolocation,/mnt/ubna_data_01_mir/recover-20220825/UBNA_002/20220823_033000.WAV,Telephone Field,recover-20220825,002,1795
365.1245,365.1294,38359,56707,Myotis mystacinus,0.009,0.032,-1,Echolocation,/mnt/ubna_data_01_mir/recover-20220825/UBNA_002/20220823_033000.WAV,Telephone Field,recover-20220825,002,1795
365.1435,365.1858,68437,82766,Rhinolophus ferrumequinum,0.034,0.034,-1,Echolocation,/mnt/ubna_data_01_mir/recover-20220825/UBNA_002/20220823_033000.WAV,Telephone Field,recover-20220825,002,1795
365.1455,365.1562,42656,47965,Pipistrellus nathusii,0.035,0.068,-1,Echolocation,/mnt/ubna_data_01_mir/recover-20220825/UBNA_002/20220823_033000.WAV,Telephone Field,recover-20220825,002,1795
365.1635,365.1744,22890,26912,Nyctalus leisleri,0.012,0.024,-1,Echolocation,/mnt/ubna_data_01_mir/recover-20220825/UBNA_002/20220823_033000.WAV,Telephone Field,recover-20220825,002,1795
365.1755,365.1824,34921,55542,Myotis daubentonii,0.011,0.026,-1,Echolocation,/mnt/ubna_data_01_mir/recover-20220825/UBNA_002/20220823_033000.WAV,Telephone Field,recover-20220825,002,1795
365.1775,365.1914,21171,24820,Nyctalus leisleri,0.014,0.023,-1,Echolocation,/mnt/ubna_data_01_mir/recover-20220825/UBNA_002/20220823_033000.WAV,Telephone Field,recover-20220825,002,1795
365.2055,365.2444,68437,82400,Rhinolophus ferrumequinum,0.025,0.025,-1,Echolocation,/mnt/ubna_data_01_mir/recover-20220825/UBNA_002/20220823_033000.WAV,Telephone Field,recover-20220825,002,1795
365.2135,365.2181,40937,52304,Myotis daubentonii,0.249,0.424,-1,Echolocation,/mnt/ubna_data_01_mir/recover-20220825/UBNA_002/20220823_033000.WAV,Telephone Field,recover-20220825,002,1795
365.2135,365.2181,31484,69764,Myotis brandtii,0.047,0.104,-1,Echolocation,/mnt/ubna_data_01_mir/recover-20220825/UBNA_002/20220823_033000.WAV,Telephone Field,recover-20220825,002,1795
365.2475,365.2534,36640,60935,Myotis brandtii,0.01,0.025,-1,Echolocation,/mnt/ubna_data_01_mir/recover-20220825/UBNA_002/20220823_033000.WAV,Telephone Field,recover-20220825,002,1795
365.2545,365.2625,26328,35968,Eptesicus serotinus,0.006,0.023,-1,Echolocation,/mnt/ubna_data_01_mir/recover-20220825/UBNA_002/20220823_033000.WAV,Telephone Field,recover-20220825,002,1795
365.2865,365.2943,27187,37034,Eptesicus serotinus,0.008,0.024,-1,Echolocation,/mnt/ubna_data_01_mir/recover-20220825/UBNA_002/20220823_033000.WAV,Telephone Field,recover-20220825,002,1795
365.2935,365.302,43515,53945,Pipistrellus pipistrellus,0.011,0.024,-1,Echolocation,/mnt/ubna_data_01_mir/recover-20220825/UBNA_002/20220823_033000.WAV,Telephone Field,recover-20220825,002,1795
365.3135,365.3235,55546,60420,Pipistrellus pygmaeus,0.024,0.025,-1,Echolocation,/mnt/ubna_data_01_mir/recover-20220825/UBNA_002/20220823_033000.WAV,Telephone Field,recover-20220825,002,1795
365.3145,365.3192,40937,56115,Myotis daubentonii,0.148,0.391,-1,Echolocation,/mnt/ubna_data_01_mir/recover-20220825/UBNA_002/20220823_033000.WAV,Telephone Field,recover-20220825,002,1795
365.3465,365.3551,25468,34487,Eptesicus serotinus,0.008,0.025,-1,Echolocation,/mnt/ubna_data_01_mir/recover-20220825/UBNA_002/20220823_033000.WAV,Telephone Field,recover-20220825,002,1795
365.3625,365.397,68437,81285,Rhinolophus ferrumequinum,0.025,0.025,-1,Echolocation,/mnt/ubna_data_01_mir/recover-20220825/UBNA_002/20220823_033000.WAV,Telephone Field,recover-20220825,002,1795
365.4045,365.4172,15156,20936,Nyctalus noctula,0.03,0.044,-1,Echolocation,/mnt/ubna_data_01_mir/recover-20220825/UBNA_002/20220823_033000.WAV,Telephone Field,recover-20220825,002,1795
365.4165,365.425,47812,52958,Pipistrellus pipistrellus,0.016,0.028,-1,Echolocation,/mnt/ubna_data_01_mir/recover-20220825/UBNA_002/20220823_033000.WAV,Telephone Field,recover-20220825,002,1795
365.4185,365.4235,28906,86407,Myotis brandtii,0.066,0.129,-1,Echolocation,/mnt/ubna_data_01_mir/recover-20220825/UBNA_002/20220823_033000.WAV,Telephone Field,recover-20220825,002,1795
365.4185,365.424,38359,59728,Myotis daubentonii,0.182,0.413,-1,Echolocation,/mnt/ubna_data_01_mir/recover-20220825/UBNA_002/20220823_033000.WAV,Telephone Field,recover-20220825,002,1795
365.4285,365.4367,28046,35306,Eptesicus serotinus,0.007,0.024,-1,Echolocation,/mnt/ubna_data_01_mir/recover-20220825/UBNA_002/20220823_033000.WAV,Telephone Field,recover-20220825,002,1795
365.4555,365.4664,28906,36389,Eptesicus serotinus,0.012,0.026,-1,Echolocation,/mnt/ubna_data_01_mir/recover-20220825/UBNA_002/20220823_033000.WAV,Telephone Field,recover-20220825,002,1795
365.4665,365.4737,28046,37586,Eptesicus serotinus,0.01,0.031,-1,Echolocation,/mnt/ubna_data_01_mir/recover-20220825/UBNA_002/20220823_033000.WAV,Telephone Field,recover-20220825,002,1795
365.4875,365.4967,25468,36786,Eptesicus serotinus,0.008,0.023,-1,Echolocation,/mnt/ubna_data_01_mir/recover-20220825/UBNA_002/20220823_033000.WAV,Telephone Field,recover-20220825,002,1795
365.4935,365.5056,58125,63906,Pipistrellus pygmaeus,0.024,0.025,-1,Echolocation,/mnt/ubna_data_01_mir/recover-20220825/UBNA_002/20220823_033000.WAV,Telephone Field,recover-20220825,002,1795
365.4965,365.5055,27187,39061,Eptesicus serotinus,0.01,0.025,-1,Echolocation,/mnt/ubna_data_01_mir/recover-20220825/UBNA_002/20220823_033000.WAV,Telephone Field,recover-20220825,002,1795
365.5275,365.5327,38359,59781,Myotis brandtii,0.105,0.336,-1,Echolocation,/mnt/ubna_data_01_mir/recover-20220825/UBNA_002/20220823_033000.WAV,Telephone Field,recover-20220825,002,1795
365.5285,365.5353,48671,53215,Pipistrellus pipistrellus,0.019,0.033,-1,Echolocation,/mnt/ubna_data_01_mir/recover-20220825/UBNA_002/20220823_033000.WAV,Telephone Field,recover-20220825,002,1795
365.5405,365.5559,21171,24826,Nyctalus leisleri,0.013,0.024,-1,Echolocation,/mnt/ubna_data_01_mir/recover-20220825/UBNA_002/20220823_033000.WAV,Telephone Field,recover-20220825,002,1795
365.5445,365.5805,68437,80387,Rhinolophus ferrumequinum,0.022,0.023,-1,Echolocation,/mnt/ubna_data_01_mir/recover-20220825/UBNA_002/20220823_033000.WAV,Telephone Field,recover-20220825,002,1795
365.5785,365.6189,68437,82774,Rhinolophus ferrumequinum,0.025,0.025,-1,Echolocation,/mnt/ubna_data_01_mir/recover-20220825/UBNA_002/20220823_033000.WAV,Telephone Field,recover-20220825,002,1795
365.5855,365.5979,25468,30849,Nyctalus leisleri,0.017,0.037,-1,Echolocation,/mnt/ubna_data_01_mir/recover-20220825/UBNA_002/20220823_033000.WAV,Telephone Field,recover-20220825,002,1795
365.5895,365.595,36640,65456,Myotis brandtii,0.012,0.026,-1,Echolocation,/mnt/ubna_data_01_mir/recover-20220825/UBNA_002/20220823_033000.WAV,Telephone Field,recover-20220825,002,1795
365.5905,365.5955,43515,58543,Myotis mystacinus,0.01,0.026,-1,Echolocation,/mnt/ubna_data_01_mir/recover-20220825/UBNA_002/20220823_033000.WAV,Telephone Field,recover-20220825,002,1795
365.5945,365.6314,68437,82229,Rhinolophus ferrumequinum,0.023,0.023,-1,Echolocation,/mnt/ubna_data_01_mir/recover-20220825/UBNA_002/20220823_033000.WAV,Telephone Field,recover-20220825,002,1795
365.6245,365.6333,49531,54046,Pipistrellus pipistrellus,0.038,0.076,-1,Echolocation,/mnt/ubna_data_01_mir/recover-20220825/UBNA_002/20220823_033000.WAV,Telephone Field,recover-20220825,002,1795
365.6255,365.6307,37500,58308,Myotis brandtii,0.112,0.347,-1,Echolocation,/mnt/ubna_data_01_mir/recover-20220825/UBNA_002/20220823_033000.WAV,Telephone Field,recover-20220825,002,1795
365.6255,365.6621,68437,82242,Rhinolophus ferrumequinum,0.025,0.025,-1,Echolocation,/mnt/ubna_data_01_mir/recover-20220825/UBNA_002/20220823_033000.WAV,Telephone Field,recover-20220825,002,1795
365.6785,365.6924,28906,35228,Eptesicus serotinus,0.032,0.051,-1,Echolocation,/mnt/ubna_data_01_mir/recover-20220825/UBNA_002/20220823_033000.WAV,Telephone Field,recover-20220825,002,1795
365.7105,365.7193,28046,35338,Eptesicus serotinus,0.008,0.023,-1,Echolocation,/mnt/ubna_data_01_mir/recover-20220825/UBNA_002/20220823_033000.WAV,Telephone Field,recover-20220825,002,1795
365.7115,365.7478,68437,81308,Rhinolophus ferrumequinum,0.024,0.024,-1,Echolocation,/mnt/ubna_data_01_mir/recover-20220825/UBNA_002/20220823_033000.WAV,Telephone Field,recover-20220825,002,1795
365.7205,365.7252,37500,54783,Myotis brandtii,0.152,0.366,-1,Echolocation,/mnt/ubna_data_01_mir/recover-20220825/UBNA_002/20220823_033000.WAV,Telephone Field,recover-20220825,002,1795
365.7605,365.7948,68437,80951,Rhinolophus ferrumequinum,0.024,0.024,-1,Echolocation,/mnt/ubna_data_01_mir/recover-20220825/UBNA_002/20220823_033000.WAV,Telephone Field,recover-20220825,002,1795
365.8025,365.8134,50390,57235,Pipistrellus pipistrellus,0.025,0.033,-1,Echolocation,/mnt/ubna_data_01_mir/recover-20220825/UBNA_002/20220823_033000.WAV,Telephone Field,recover-20220825,002,1795
365.8125,365.8176,28906,82811,Myotis brandtii,0.08,0.163,-1,Echolocation,/mnt/ubna_data_01_mir/recover-20220825/UBNA_002/20220823_033000.WAV,Telephone Field,recover-20220825,002,1795
365.8135,365.8183,35781,60791,Myotis brandtii,0.121,0.304,-1,Echolocation,/mnt/ubna_data_01_mir/recover-20220825/UBNA_002/20220823_033000.WAV,Telephone Field,recover-20220825,002,1795
365.8225,365.8313,27187,34281,Eptesicus serotinus,0.007,0.024,-1,Echolocation,/mnt/ubna_data_01_mir/recover-20220825/UBNA_002/20220823_033000.WAV,Telephone Field,recover-20220825,002,1795
365.8275,365.8381,23750,29370,Nyctalus leisleri,0.01,0.023,-1,Echolocation,/mnt/ubna_data_01_mir/recover-20220825/UBNA_002/20220823_033000.WAV,Telephone Field,recover-20220825,002,1795
365.8635,365.9019,68437,82751,Rhinolophus ferrumequinum,0.023,0.023,-1,Echolocation,/mnt/ubna_data_01_mir/recover-20220825/UBNA_002/20220823_033000.WAV,Telephone Field,recover-20220825,002,1795
365.8755,365.883,27187,36691,Eptesicus serotinus,0.006,0.023,-1,Echolocation,/mnt/ubna_data_01_mir/recover-20220825/UBNA_002/20220823_033000.WAV,Telephone Field,recover-20220825,002,1795
365.9055,365.9112,40078,58532,Myotis daubentonii,0.195,0.47,-1,Echolocation,/mnt/ubna_data_01_mir/recover-20220825/UBNA_002/20220823_033000.WAV,Telephone Field,recover-20220825,002,1795
365.9425,365.9512,26328,39426,Eptesicus serotinus,0.009,0.024,-1,Echolocation,/mnt/ubna_data_01_mir/recover-20220825/UBNA_002/20220823_033000.WAV,Telephone Field,recover-20220825,002,1795
365.9435,365.9803,68437,81935,Rhinolophus ferrumequinum,0.035,0.035,-1,Echolocation,/mnt/ubna_data_01_mir/recover-20220825/UBNA_002/20220823_033000.WAV,Telephone Field,recover-20220825,002,1795
365.9765,365.9833,50390,56569,Pipistrellus pipistrellus,0.022,0.025,-1,Echolocation,/mnt/ubna_data_01_mir/recover-20220825/UBNA_002/20220823_033000.WAV,Telephone Field,recover-20220825,002,1795
365.9825,365.9907,44375,54734,Pipistrellus pipistrellus,0.014,0.023,-1,Echolocation,/mnt/ubna_data_01_mir/recover-20220825/UBNA_002/20220823_033000.WAV,Telephone Field,recover-20220825,002,1795
366.0015,366.0306,69296,81949,Rhinolophus ferrumequinum,0.022,0.022,-1,Echolocation,/mnt/ubna_data_01_mir/recover-20220825/UBNA_002/20220823_033000.WAV,Telephone Field,recover-20220825,002,1795
366.0015,366.0104,24609,33742,Eptesicus serotinus,0.006,0.024,-1,Echolocation,/mnt/ubna_data_01_mir/recover-20220825/UBNA_002/20220823_033000.WAV,Telephone Field,recover-20220825,002,1795
366.0015,366.0073,50390,66632,Myotis mystacinus,0.012,0.029,-1,Echolocation,/mnt/ubna_data_01_mir/recover-20220825/UBNA_002/20220823_033000.WAV,Telephone Field,recover-20220825,002,1795
366.0095,366.0184,40937,54271,Pipistrellus nathusii,0.15,0.317,-1,Echolocation,/mnt/ubna_data_01_mir/recover-20220825/UBNA_002/20220823_033000.WAV,Telephone Field,recover-20220825,002,1795
366.0235,366.0308,27187,40820,Eptesicus serotinus,0.008,0.022,-1,Echolocation,/mnt/ubna_data_01_mir/recover-20220825/UBNA_002/20220823_033000.WAV,Telephone Field,recover-20220825,002,1795
366.0505,366.0595,48671,58080,Pipistrellus pipistrellus,0.02,0.024,-1,Echolocation,/mnt/ubna_data_01_mir/recover-20220825/UBNA_002/20220823_033000.WAV,Telephone Field,recover-20220825,002,1795
366.0905,366.0995,28046,37899,Eptesicus serotinus,0.009,0.023,-1,Echolocation,/mnt/ubna_data_01_mir/recover-20220825/UBNA_002/20220823_033000.WAV,Telephone Field,recover-20220825,002,1795
366.0985,366.1361,68437,81620,Rhinolophus ferrumequinum,0.022,0.022,-1,Echolocation,/mnt/ubna_data_01_mir/recover-20220825/UBNA_002/20220823_033000.WAV,Telephone Field,recover-20220825,002,1795
366.1085,366.1174,40078,53800,Pipistrellus nathusii,0.333,0.427,-1,Echolocation,/mnt/ubna_data_01_mir/recover-20220825/UBNA_002/20220823_033000.WAV,Telephone Field,recover-20220825,002,1795
366.1195,366.1322,22890,26033,Nyctalus leisleri,0.02,0.032,-1,Echolocation,/mnt/ubna_data_01_mir/recover-20220825/UBNA_002/20220823_033000.WAV,Telephone Field,recover-20220825,002,1795
366.1365,366.1789,68437,82721,Rhinolophus ferrumequinum,0.022,0.022,-1,Echolocation,/mnt/ubna_data_01_mir/recover-20220825/UBNA_002/20220823_033000.WAV,Telephone Field,recover-20220825,002,1795
366.1845,366.191,34921,45852,Myotis daubentonii,0.011,0.031,-1,Echolocation,/mnt/ubna_data_01_mir/recover-20220825/UBNA_002/20220823_033000.WAV,Telephone Field,recover-20220825,002,1795
366.2105,366.217,40937,62773,Myotis brandtii,0.219,0.37,-1,Echolocation,/mnt/ubna_data_01_mir/recover-20220825/UBNA_002/20220823_033000.WAV,Telephone Field,recover-20220825,002,1795
366.2475,366.2881,68437,82930,Rhinolophus ferrumequinum,0.022,0.022,-1,Echolocation,/mnt/ubna_data_01_mir/recover-20220825/UBNA_002/20220823_033000.WAV,Telephone Field,recover-20220825,002,1795
366.2615,366.2697,51250,57339,Pipistrellus pipistrellus,0.015,0.021,-1,Echolocation,/mnt/ubna_data_01_mir/recover-20220825/UBNA_002/20220823_033000.WAV,Telephone Field,recover-20220825,002,1795
366.3005,366.3056,31484,80454,Myotis brandtii,0.056,0.067,-1,Echolocation,/mnt/ubna_data_01_mir/recover-20220825/UBNA_002/20220823_033000.WAV,Telephone Field,recover-20220825,002,1795
366.3005,366.3083,40937,60397,Pipistrellus nathusii,0.261,0.451,-1,Echolocation,/mnt/ubna_data_01_mir/recover-20220825/UBNA_002/20220823_033000.WAV,Telephone Field,recover-20220825,002,1795
366.3535,366.3603,28046,40889,Eptesicus serotinus,0.006,0.026,-1,Echolocation,/mnt/ubna_data_01_mir/recover-20220825/UBNA_002/20220823_033000.WAV,Telephone Field,recover-20220825,002,1795
366.3615,366.404,68437,83092,Rhinolophus ferrumequinum,0.024,0.024,-1,Echolocation,/mnt/ubna_data_01_mir/recover-20220825/UBNA_002/20220823_033000.WAV,Telephone Field,recover-20220825,002,1795
366.3945,366.4048,41796,59485,Pipistrellus nathusii,0.256,0.366,-1,Echolocation,/mnt/ubna_data_01_mir/recover-20220825/UBNA_002/20220823_033000.WAV,Telephone Field,recover-20220825,002,1795
366.4125,366.4502,68437,82054,Rhinolophus ferrumequinum,0.023,0.023,-1,Echolocation,/mnt/ubna_data_01_mir/recover-20220825/UBNA_002/20220823_033000.WAV,Telephone Field,recover-20220825,002,1795
366.4505,366.4877,68437,82156,Rhinolophus ferrumequinum,0.021,0.021,-1,Echolocation,/mnt/ubna_data_01_mir/recover-20220825/UBNA_002/20220823_033000.WAV,Telephone Field,recover-20220825,002,1795
366.4825,366.4893,40078,63015,Myotis brandtii,0.229,0.382,-1,Echolocation,/mnt/ubna_data_01_mir/recover-20220825/UBNA_002/20220823_033000.WAV,Telephone Field,recover-20220825,002,1795
366.5045,366.5145,27187,35661,Eptesicus serotinus,0.013,0.027,-1,Echolocation,/mnt/ubna_data_01_mir/recover-20220825/UBNA_002/20220823_033000.WAV,Telephone Field,recover-20220825,002,1795
366.5735,366.5802,28046,35806,Eptesicus serotinus,0.006,0.023,-1,Echolocation,/mnt/ubna_data_01_mir/recover-20220825/UBNA_002/20220823_033000.WAV,Telephone Field,recover-20220825,002,1795
366.5745,366.6126,68437,81854,Rhinolophus ferrumequinum,0.022,0.022,-1,Echolocation,/mnt/ubna_data_01_mir/recover-20220825/UBNA_002/20220823_033000.WAV,Telephone Field,recover-20220825,002,1795
366.5825,366.592,48671,59402,Pipistrellus pipistrellus,0.01,0.024,-1,Echolocation,/mnt/ubna_data_01_mir/recover-20220825/UBNA_002/20220823_033000.WAV,Telephone Field,recover-20220825,002,1795
366.5865,366.5935,37500,82640,Myotis brandtii,0.462,0.513,-1,Echolocation,/mnt/ubna_data_01_mir/recover-20220825/UBNA_002/20220823_033000.WAV,Telephone Field,recover-20220825,002,1795
366.5875,366.596,55546,62560,Pipistrellus pygmaeus,0.05,0.053,-1,Echolocation,/mnt/ubna_data_01_mir/recover-20220825/UBNA_002/20220823_033000.WAV,Telephone Field,recover-20220825,002,1795
366.6415,366.6832,68437,82983,Rhinolophus ferrumequinum,0.022,0.022,-1,Echolocation,/mnt/ubna_data_01_mir/recover-20220825/UBNA_002/20220823_033000.WAV,Telephone Field,recover-20220825,002,1795
366.6915,366.7024,49531,59957,Pipistrellus pipistrellus,0.012,0.022,-1,Echolocation,/mnt/ubna_data_01_mir/recover-20220825/UBNA_002/20220823_033000.WAV,Telephone Field,recover-20220825,002,1795
366.6945,366.7022,34062,82753,Myotis brandtii,0.477,0.533,-1,Echolocation,/mnt/ubna_data_01_mir/recover-20220825/UBNA_002/20220823_033000.WAV,Telephone Field,recover-20220825,002,1795
366.7035,366.709,35781,58516,Myotis brandtii,0.016,0.024,-1,Echolocation,/mnt/ubna_data_01_mir/recover-20220825/UBNA_002/20220823_033000.WAV,Telephone Field,recover-20220825,002,1795
366.7205,366.7607,68437,82847,Rhinolophus ferrumequinum,0.022,0.022,-1,Echolocation,/mnt/ubna_data_01_mir/recover-20220825/UBNA_002/20220823_033000.WAV,Telephone Field,recover-20220825,002,1795
366.7295,366.7384,49531,53686,Pipistrellus pipistrellus,0.023,0.026,-1,Echolocation,/mnt/ubna_data_01_mir/recover-20220825/UBNA_002/20220823_033000.WAV,Telephone Field,recover-20220825,002,1795
366.7905,366.8012,48671,60259,Pipistrellus pygmaeus,0.024,0.064,-1,Echolocation,/mnt/ubna_data_01_mir/recover-20220825/UBNA_002/20220823_033000.WAV,Telephone Field,recover-20220825,002,1795
366.7925,366.7993,35781,78475,Myotis brandtii,0.364,0.419,-1,Echolocation,/mnt/ubna_data_01_mir/recover-20220825/UBNA_002/20220823_033000.WAV,Telephone Field,recover-20220825,002,1795
366.8065,366.8426,68437,81282,Rhinolophus ferrumequinum,0.021,0.021,-1,Echolocation,/mnt/ubna_data_01_mir/recover-20220825/UBNA_002/20220823_033000.WAV,Telephone Field,recover-20220825,002,1795
366.8425,366.8815,68437,82410,Rhinolophus ferrumequinum,0.022,0.022,-1,Echolocation,/mnt/ubna_data_01_mir/recover-20220825/UBNA_002/20220823_033000.WAV,Telephone Field,recover-20220825,002,1795
366.9205,366.9272,40937,71081,Myotis brandtii,0.319,0.478,-1,Echolocation,/mnt/ubna_data_01_mir/recover-20220825/UBNA_002/20220823_033000.WAV,Telephone Field,recover-20220825,002,1795
366.9295,366.9357,33203,46397,Myotis daubentonii,0.008,0.021,-1,Echolocation,/mnt/ubna_data_01_mir/recover-20220825/UBNA_002/20220823_033000.WAV,Telephone Field,recover-20220825,002,1795
366.9335,366.9437,28046,34827,Eptesicus serotinus,0.011,0.027,-1,Echolocation,/mnt/ubna_data_01_mir/recover-20220825/UBNA_002/20220823_033000.WAV,Telephone Field,recover-20220825,002,1795
366.9655,367.0063,68437,82200,Rhinolophus ferrumequinum,0.024,0.024,-1,Echolocation,/mnt/ubna_data_01_mir/recover-20220825/UBNA_002/20220823_033000.WAV,Telephone Field,recover-20220825,002,1795
367.0035,367.009,32343,41119,Myotis daubentonii,0.009,0.026,-1,Echolocation,/mnt/ubna_data_01_mir/recover-20220825/UBNA_002/20220823_033000.WAV,Telephone Field,recover-20220825,002,1795
367.0175,367.0288,56406,65407,Pipistrellus pygmaeus,0.028,0.029,-1,Echolocation,/mnt/ubna_data_01_mir/recover-20220825/UBNA_002/20220823_033000.WAV,Telephone Field,recover-20220825,002,1795
367.0185,367.0248,39218,78063,Myotis brandtii,0.349,0.42,-1,Echolocation,/mnt/ubna_data_01_mir/recover-20220825/UBNA_002/20220823_033000.WAV,Telephone Field,recover-20220825,002,1795
367.0265,367.0319,32343,52988,Myotis brandtii,0.012,0.022,-1,Echolocation,/mnt/ubna_data_01_mir/recover-20220825/UBNA_002/20220823_033000.WAV,Telephone Field,recover-20220825,002,1795
367.1125,367.1221,48671,59040,Pipistrellus pipistrellus,0.017,0.044,-1,Echolocation,/mnt/ubna_data_01_mir/recover-20220825/UBNA_002/20220823_033000.WAV,Telephone Field,recover-20220825,002,1795
367.1175,367.1247,34921,82997,Myotis brandtii,0.502,0.55,-1,Echolocation,/mnt/ubna_data_01_mir/recover-20220825/UBNA_002/20220823_033000.WAV,Telephone Field,recover-20220825,002,1795
367.1185,367.1257,53828,59620,Pipistrellus pygmaeus,0.029,0.035,-1,Echolocation,/mnt/ubna_data_01_mir/recover-20220825/UBNA_002/20220823_033000.WAV,Telephone Field,recover-20220825,002,1795
367.1195,367.1298,43515,56924,Pipistrellus nathusii,0.059,0.062,-1,Echolocation,/mnt/ubna_data_01_mir/recover-20220825/UBNA_002/20220823_033000.WAV,Telephone Field,recover-20220825,002,1795
367.2185,367.2261,35781,84036,Myotis brandtii,0.481,0.538,-1,Echolocation,/mnt/ubna_data_01_mir/recover-20220825/UBNA_002/20220823_033000.WAV,Telephone Field,recover-20220825,002,1795
367.2205,367.2268,49531,55598,Pipistrellus pipistrellus,0.024,0.044,-1,Echolocation,/mnt/ubna_data_01_mir/recover-20220825/UBNA_002/20220823_033000.WAV,Telephone Field,recover-20220825,002,1795
367.2415,367.2827,68437,82373,Rhinolophus ferrumequinum,0.025,0.025,-1,Echolocation,/mnt/ubna_data_01_mir/recover-20220825/UBNA_002/20220823_033000.WAV,Telephone Field,recover-20220825,002,1795
367.2625,367.2751,23750,28001,Nyctalus leisleri,0.021,0.039,-1,Echolocation,/mnt/ubna_data_01_mir/recover-20220825/UBNA_002/20220823_033000.WAV,Telephone Field,recover-20220825,002,1795
367.3095,367.3166,52109,57822,Pipistrellus pipistrellus,0.021,0.054,-1,Echolocation,/mnt/ubna_data_01_mir/recover-20220825/UBNA_002/20220823_033000.WAV,Telephone Field,recover-20220825,002,1795
367.3145,367.3269,50390,57955,Pipistrellus pipistrellus,0.025,0.044,-1,Echolocation,/mnt/ubna_data_01_mir/recover-20220825/UBNA_002/20220823_033000.WAV,Telephone Field,recover-20220825,002,1795
367.3165,367.3239,34921,77666,Myotis brandtii,0.41,0.535,-1,Echolocation,/mnt/ubna_data_01_mir/recover-20220825/UBNA_002/20220823_033000.WAV,Telephone Field,recover-20220825,002,1795
367.3255,367.3306,35781,63269,Myotis brandtii,0.02,0.03,-1,Echolocation,/mnt/ubna_data_01_mir/recover-20220825/UBNA_002/20220823_033000.WAV,Telephone Field,recover-20220825,002,1795
367.3265,367.3328,29765,50755,Myotis daubentonii,0.013,0.028,-1,Echolocation,/mnt/ubna_data_01_mir/recover-20220825/UBNA_002/20220823_033000.WAV,Telephone Field,recover-20220825,002,1795
367.3325,367.3693,68437,81491,Rhinolophus ferrumequinum,0.021,0.021,-1,Echolocation,/mnt/ubna_data_01_mir/recover-20220825/UBNA_002/20220823_033000.WAV,Telephone Field,recover-20220825,002,1795
367.3685,367.3786,26328,33868,Eptesicus serotinus,0.016,0.032,-1,Echolocation,/mnt/ubna_data_01_mir/recover-20220825/UBNA_002/20220823_033000.WAV,Telephone Field,recover-20220825,002,1795
367.3895,367.3985,28046,36858,Eptesicus serotinus,0.008,0.024,-1,Echolocation,/mnt/ubna_data_01_mir/recover-20220825/UBNA_002/20220823_033000.WAV,Telephone Field,recover-20220825,002,1795
367.4005,367.4071,38359,54141,Myotis brandtii,0.01,0.026,-1,Echolocation,/mnt/ubna_data_01_mir/recover-20220825/UBNA_002/20220823_033000.WAV,Telephone Field,recover-20220825,002,1795
367.4025,367.4104,48671,56036,Pipistrellus pipistrellus,0.021,0.026,-1,Echolocation,/mnt/ubna_data_01_mir/recover-20220825/UBNA_002/20220823_033000.WAV,Telephone Field,recover-20220825,002,1795
367.4305,367.438,34062,80576,Myotis brandtii,0.424,0.477,-1,Echolocation,/mnt/ubna_data_01_mir/recover-20220825/UBNA_002/20220823_033000.WAV,Telephone Field,recover-20220825,002,1795
367.4305,367.4377,52968,62701,Pipistrellus pygmaeus,0.034,0.042,-1,Echolocation,/mnt/ubna_data_01_mir/recover-20220825/UBNA_002/20220823_033000.WAV,Telephone Field,recover-20220825,002,1795
367.4575,367.4955,68437,81258,Rhinolophus ferrumequinum,0.021,0.021,-1,Echolocation,/mnt/ubna_data_01_mir/recover-20220825/UBNA_002/20220823_033000.WAV,Telephone Field,recover-20220825,002,1795
367.4895,367.4982,45234,55731,Pipistrellus pipistrellus,0.015,0.031,-1,Echolocation,/mnt/ubna_data_01_mir/recover-20220825/UBNA_002/20220823_033000.WAV,Telephone Field,recover-20220825,002,1795
367.4895,367.5315,68437,82522,Rhinolophus ferrumequinum,0.029,0.029,-1,Echolocation,/mnt/ubna_data_01_mir/recover-20220825/UBNA_002/20220823_033000.WAV,Telephone Field,recover-20220825,002,1795
367.4905,367.4966,38359,62821,Myotis brandtii,0.014,0.025,-1,Echolocation,/mnt/ubna_data_01_mir/recover-20220825/UBNA_002/20220823_033000.WAV,Telephone Field,recover-20220825,002,1795
367.5135,367.52139999999997,28046,34616,Eptesicus serotinus,0.011,0.03,-1,Echolocation,/mnt/ubna_data_01_mir/recover-20220825/UBNA_002/20220823_033000.WAV,Telephone Field,recover-20220825,002,1795
367.5225,367.5324,50390,58384,Pipistrellus pipistrellus,0.021,0.04,-1,Echolocation,/mnt/ubna_data_01_mir/recover-20220825/UBNA_002/20220823_033000.WAV,Telephone Field,recover-20220825,002,1795
367.5285,367.5355,33203,69423,Myotis brandtii,0.246,0.433,-1,Echolocation,/mnt/ubna_data_01_mir/recover-20220825/UBNA_002/20220823_033000.WAV,Telephone Field,recover-20220825,002,1795
367.5385,367.5441,28906,44270,Myotis daubentonii,0.015,0.029,-1,Echolocation,/mnt/ubna_data_01_mir/recover-20220825/UBNA_002/20220823_033000.WAV,Telephone Field,recover-20220825,002,1795
367.5595,367.5728,24609,30694,Eptesicus serotinus,0.012,0.031,-1,Echolocation,/mnt/ubna_data_01_mir/recover-20220825/UBNA_002/20220823_033000.WAV,Telephone Field,recover-20220825,002,1795
367.5695,367.6102,68437,82848,Rhinolophus ferrumequinum,0.023,0.023,-1,Echolocation,/mnt/ubna_data_01_mir/recover-20220825/UBNA_002/20220823_033000.WAV,Telephone Field,recover-20220825,002,1795
367.6215,367.6284,50390,60597,Pipistrellus pipistrellus,0.032,0.066,-1,Echolocation,/mnt/ubna_data_01_mir/recover-20220825/UBNA_002/20220823_033000.WAV,Telephone Field,recover-20220825,002,1795
367.6305,367.6384,46953,52234,Pipistrellus pipistrellus,0.03,0.051,-1,Echolocation,/mnt/ubna_data_01_mir/recover-20220825/UBNA_002/20220823_033000.WAV,Telephone Field,recover-20220825,002,1795
367.6305,367.6368,25468,84756,Myotis bechsteinii,0.086,0.132,-1,Echolocation,/mnt/ubna_data_01_mir/recover-20220825/UBNA_002/20220823_033000.WAV,Telephone Field,recover-20220825,002,1795
367.6305,367.6376,34921,70733,Myotis brandtii,0.361,0.526,-1,Echolocation,/mnt/ubna_data_01_mir/recover-20220825/UBNA_002/20220823_033000.WAV,Telephone Field,recover-20220825,002,1795
367.6405,367.64639999999997,32343,51023,Myotis brandtii,0.011,0.025,-1,Echolocation,/mnt/ubna_data_01_mir/recover-20220825/UBNA_002/20220823_033000.WAV,Telephone Field,recover-20220825,002,1795
367.6795,367.7134,68437,80971,Rhinolophus ferrumequinum,0.022,0.022,-1,Echolocation,/mnt/ubna_data_01_mir/recover-20220825/UBNA_002/20220823_033000.WAV,Telephone Field,recover-20220825,002,1795
367.7195,367.7317,51250,57566,Pipistrellus pipistrellus,0.011,0.022,-1,Echolocation,/mnt/ubna_data_01_mir/recover-20220825/UBNA_002/20220823_033000.WAV,Telephone Field,recover-20220825,002,1795
367.7205,367.7263,45234,71131,Myotis mystacinus,0.016,0.043,-1,Echolocation,/mnt/ubna_data_01_mir/recover-20220825/UBNA_002/20220823_033000.WAV,Telephone Field,recover-20220825,002,1795
367.7265,367.7337,34062,73238,Myotis brandtii,0.264,0.442,-1,Echolocation,/mnt/ubna_data_01_mir/recover-20220825/UBNA_002/20220823_033000.WAV,Telephone Field,recover-20220825,002,1795
367.7365,367.7415,33203,59959,Myotis brandtii,0.012,0.024,-1,Echolocation,/mnt/ubna_data_01_mir/recover-20220825/UBNA_002/20220823_033000.WAV,Telephone Field,recover-20220825,002,1795
367.7365,367.742,28906,45088,Myotis daubentonii,0.013,0.024,-1,Echolocation,/mnt/ubna_data_01_mir/recover-20220825/UBNA_002/20220823_033000.WAV,Telephone Field,recover-20220825,002,1795
367.7755,367.786,25468,33349,Eptesicus serotinus,0.016,0.032,-1,Echolocation,/mnt/ubna_data_01_mir/recover-20220825/UBNA_002/20220823_033000.WAV,Telephone Field,recover-20220825,002,1795
367.7755,367.7874,55546,62012,Pipistrellus pygmaeus,0.019,0.023,-1,Echolocation,/mnt/ubna_data_01_mir/recover-20220825/UBNA_002/20220823_033000.WAV,Telephone Field,recover-20220825,002,1795
367.7965,367.8388,68437,83174,Rhinolophus ferrumequinum,0.023,0.023,-1,Echolocation,/mnt/ubna_data_01_mir/recover-20220825/UBNA_002/20220823_033000.WAV,Telephone Field,recover-20220825,002,1795
367.8595,367.8661,27187,39279,Eptesicus serotinus,0.005,0.021,-1,Echolocation,/mnt/ubna_data_01_mir/recover-20220825/UBNA_002/20220823_033000.WAV,Telephone Field,recover-20220825,002,1795
367.8765,367.8822,46093,68190,Myotis mystacinus,0.025,0.046,-1,Echolocation,/mnt/ubna_data_01_mir/recover-20220825/UBNA_002/20220823_033000.WAV,Telephone Field,recover-20220825,002,1795
367.8825,367.8886,36640,58828,Myotis brandtii,0.189,0.461,-1,Echolocation,/mnt/ubna_data_01_mir/recover-20220825/UBNA_002/20220823_033000.WAV,Telephone Field,recover-20220825,002,1795
367.8825,367.8881,25468,82481,Myotis bechsteinii,0.095,0.162,-1,Echolocation,/mnt/ubna_data_01_mir/recover-20220825/UBNA_002/20220823_033000.WAV,Telephone Field,recover-20220825,002,1795
367.8925,367.898,31484,60449,Myotis brandtii,0.015,0.028,-1,Echolocation,/mnt/ubna_data_01_mir/recover-20220825/UBNA_002/20220823_033000.WAV,Telephone Field,recover-20220825,002,1795
367.9255,367.9683,68437,83248,Rhinolophus ferrumequinum,0.022,0.022,-1,Echolocation,/mnt/ubna_data_01_mir/recover-20220825/UBNA_002/20220823_033000.WAV,Telephone Field,recover-20220825,002,1795
367.9275,367.9358,51250,60346,Pipistrellus pipistrellus,0.018,0.024,-1,Echolocation,/mnt/ubna_data_01_mir/recover-20220825/UBNA_002/20220823_033000.WAV,Telephone Field,recover-20220825,002,1795
367.9365,367.9727,68437,81485,Rhinolophus ferrumequinum,0.023,0.023,-1,Echolocation,/mnt/ubna_data_01_mir/recover-20220825/UBNA_002/20220823_033000.WAV,Telephone Field,recover-20220825,002,1795
367.9635,367.9706,36640,49212,Myotis brandtii,0.009,0.024,-1,Echolocation,/mnt/ubna_data_01_mir/recover-20220825/UBNA_002/20220823_033000.WAV,Telephone Field,recover-20220825,002,1795
367.9915,367.9989,35781,65715,Myotis brandtii,0.159,0.339,-1,Echolocation,/mnt/ubna_data_01_mir/recover-20220825/UBNA_002/20220823_033000.WAV,Telephone Field,recover-20220825,002,1795
368.0015,368.0096,25468,40553,Eptesicus serotinus,0.009,0.04,-1,Echolocation,/mnt/ubna_data_01_mir/recover-20220825/UBNA_002/20220823_033000.WAV,Telephone Field,recover-20220825,002,1795
368.0015,368.007,33203,52522,Myotis daubentonii,0.016,0.04,-1,Echolocation,/mnt/ubna_data_01_mir/recover-20220825/UBNA_002/20220823_033000.WAV,Telephone Field,recover-20220825,002,1795
368.0015,368.0274,69296,82088,Rhinolophus ferrumequinum,0.023,0.023,-1,Echolocation,/mnt/ubna_data_01_mir/recover-20220825/UBNA_002/20220823_033000.WAV,Telephone Field,recover-20220825,002,1795
368.0015,368.0161,16875,23021,Nyctalus noctula,0.011,0.022,-1,Echolocation,/mnt/ubna_data_01_mir/recover-20220825/UBNA_002/20220823_033000.WAV,Telephone Field,recover-20220825,002,1795
368.0155,368.0527,68437,82082,Rhinolophus ferrumequinum,0.026,0.026,-1,Echolocation,/mnt/ubna_data_01_mir/recover-20220825/UBNA_002/20220823_033000.WAV,Telephone Field,recover-20220825,002,1795
368.0565,368.0665,31484,42235,Barbastellus barbastellus,0.007,0.028,-1,Echolocation,/mnt/ubna_data_01_mir/recover-20220825/UBNA_002/20220823_033000.WAV,Telephone Field,recover-20220825,002,1795
368.0775,368.1166,68437,82212,Rhinolophus ferrumequinum,0.022,0.022,-1,Echolocation,/mnt/ubna_data_01_mir/recover-20220825/UBNA_002/20220823_033000.WAV,Telephone Field,recover-20220825,002,1795
368.0905,368.0956,47812,64511,Myotis mystacinus,0.023,0.05,-1,Echolocation,/mnt/ubna_data_01_mir/recover-20220825/UBNA_002/20220823_033000.WAV,Telephone Field,recover-20220825,002,1795
368.0975,368.104,36640,63148,Pipistrellus nathusii,0.266,0.573,-1,Echolocation,/mnt/ubna_data_01_mir/recover-20220825/UBNA_002/20220823_033000.WAV,Telephone Field,recover-20220825,002,1795
368.0985,368.1328,68437,82123,Rhinolophus ferrumequinum,0.021,0.021,-1,Echolocation,/mnt/ubna_data_01_mir/recover-20220825/UBNA_002/20220823_033000.WAV,Telephone Field,recover-20220825,002,1795
368.1075,368.1381,68437,81463,Rhinolophus ferrumequinum,0.025,0.025,-1,Echolocation,/mnt/ubna_data_01_mir/recover-20220825/UBNA_002/20220823_033000.WAV,Telephone Field,recover-20220825,002,1795
368.1505,368.1849,68437,81221,Rhinolophus ferrumequinum,0.022,0.022,-1,Echolocation,/mnt/ubna_data_01_mir/recover-20220825/UBNA_002/20220823_033000.WAV,Telephone Field,recover-20220825,002,1795
368.1565,368.1669,23750,29673,Nyctalus leisleri,0.009,0.023,-1,Echolocation,/mnt/ubna_data_01_mir/recover-20220825/UBNA_002/20220823_033000.WAV,Telephone Field,recover-20220825,002,1795
368.1925,368.1973,46093,64818,Myotis mystacinus,0.02,0.047,-1,Echolocation,/mnt/ubna_data_01_mir/recover-20220825/UBNA_002/20220823_033000.WAV,Telephone Field,recover-20220825,002,1795
368.1995,368.2094,48671,57544,Pipistrellus pipistrellus,0.025,0.037,-1,Echolocation,/mnt/ubna_data_01_mir/recover-20220825/UBNA_002/20220823_033000.WAV,Telephone Field,recover-20220825,002,1795
368.1995,368.2062,31484,67112,Myotis brandtii,0.172,0.418,-1,Echolocation,/mnt/ubna_data_01_mir/recover-20220825/UBNA_002/20220823_033000.WAV,Telephone Field,recover-20220825,002,1795
368.2085,368.2138,27187,37929,Myotis daubentonii,0.006,0.022,-1,Echolocation,/mnt/ubna_data_01_mir/recover-20220825/UBNA_002/20220823_033000.WAV,Telephone Field,recover-20220825,002,1795
368.2105,368.2396,68437,80595,Rhinolophus ferrumequinum,0.023,0.023,-1,Echolocation,/mnt/ubna_data_01_mir/recover-20220825/UBNA_002/20220823_033000.WAV,Telephone Field,recover-20220825,002,1795
368.2385,368.2478,27187,36022,Eptesicus serotinus,0.008,0.021,-1,Echolocation,/mnt/ubna_data_01_mir/recover-20220825/UBNA_002/20220823_033000.WAV,Telephone Field,recover-20220825,002,1795
368.2425,368.27909999999997,68437,81599,Rhinolophus ferrumequinum,0.022,0.022,-1,Echolocation,/mnt/ubna_data_01_mir/recover-20220825/UBNA_002/20220823_033000.WAV,Telephone Field,recover-20220825,002,1795
368.2715,368.3112,68437,82497,Rhinolophus ferrumequinum,0.023,0.024,-1,Echolocation,/mnt/ubna_data_01_mir/recover-20220825/UBNA_002/20220823_033000.WAV,Telephone Field,recover-20220825,002,1795
368.3015,368.3126,48671,56082,Pipistrellus pipistrellus,0.025,0.046,-1,Echolocation,/mnt/ubna_data_01_mir/recover-20220825/UBNA_002/20220823_033000.WAV,Telephone Field,recover-20220825,002,1795
368.3055,368.3122,35781,63846,Pipistrellus nathusii,0.207,0.465,-1,Echolocation,/mnt/ubna_data_01_mir/recover-20220825/UBNA_002/20220823_033000.WAV,Telephone Field,recover-20220825,002,1795
368.3065,368.3123,26328,73092,Myotis bechsteinii,0.136,0.181,-1,Echolocation,/mnt/ubna_data_01_mir/recover-20220825/UBNA_002/20220823_033000.WAV,Telephone Field,recover-20220825,002,1795
368.3155,368.3208,28046,42021,Myotis daubentonii,0.012,0.029,-1,Echolocation,/mnt/ubna_data_01_mir/recover-20220825/UBNA_002/20220823_033000.WAV,Telephone Field,recover-20220825,002,1795
368.3355,368.3763,68437,83035,Rhinolophus ferrumequinum,0.022,0.023,-1,Echolocation,/mnt/ubna_data_01_mir/recover-20220825/UBNA_002/20220823_033000.WAV,Telephone Field,recover-20220825,002,1795
368.3435,368.3835,68437,83088,Rhinolophus ferrumequinum,0.025,0.025,-1,Echolocation,/mnt/ubna_data_01_mir/recover-20220825/UBNA_002/20220823_033000.WAV,Telephone Field,recover-20220825,002,1795
368.3505,368.356,25468,37404,Plecotus auritus,0.1,0.151,-1,Echolocation,/mnt/ubna_data_01_mir/recover-20220825/UBNA_002/20220823_033000.WAV,Telephone Field,recover-20220825,002,1795
368.4015,368.4078,51250,57391,Pipistrellus pipistrellus,0.026,0.043,-1,Echolocation,/mnt/ubna_data_01_mir/recover-20220825/UBNA_002/20220823_033000.WAV,Telephone Field,recover-20220825,002,1795
368.4075,368.414,26328,71456,Myotis bechsteinii,0.109,0.159,-1,Echolocation,/mnt/ubna_data_01_mir/recover-20220825/UBNA_002/20220823_033000.WAV,Telephone Field,recover-20220825,002,1795
368.4075,368.4146,34921,61136,Pipistrellus nathusii,0.198,0.446,-1,Echolocation,/mnt/ubna_data_01_mir/recover-20220825/UBNA_002/20220823_033000.WAV,Telephone Field,recover-20220825,002,1795
368.4185,368.4236,29765,44280,Myotis daubentonii,0.009,0.026,-1,Echolocation,/mnt/ubna_data_01_mir/recover-20220825/UBNA_002/20220823_033000.WAV,Telephone Field,recover-20220825,002,1795
368.4225,368.453,68437,80903,Rhinolophus ferrumequinum,0.041,0.041,-1,Echolocation,/mnt/ubna_data_01_mir/recover-20220825/UBNA_002/20220823_033000.WAV,Telephone Field,recover-20220825,002,1795
368.4515,368.4603,27187,38033,Eptesicus serotinus,0.009,0.026,-1,Echolocation,/mnt/ubna_data_01_mir/recover-20220825/UBNA_002/20220823_033000.WAV,Telephone Field,recover-20220825,002,1795
368.4535,368.4622,15156,23165,Plecotus auritus,0.011,0.024,-1,Echolocation,/mnt/ubna_data_01_mir/recover-20220825/UBNA_002/20220823_033000.WAV,Telephone Field,recover-20220825,002,1795
368.4635,368.4988,68437,81469,Rhinolophus ferrumequinum,0.022,0.023,-1,Echolocation,/mnt/ubna_data_01_mir/recover-20220825/UBNA_002/20220823_033000.WAV,Telephone Field,recover-20220825,002,1795
368.4665,368.4768,53828,60572,Pipistrellus pygmaeus,0.043,0.046,-1,Echolocation,/mnt/ubna_data_01_mir/recover-20220825/UBNA_002/20220823_033000.WAV,Telephone Field,recover-20220825,002,1795
368.5035,368.5127,27187,34975,Eptesicus serotinus,0.01,0.023,-1,Echolocation,/mnt/ubna_data_01_mir/recover-20220825/UBNA_002/20220823_033000.WAV,Telephone Field,recover-20220825,002,1795
368.5045,368.5148,38359,45848,Pipistrellus nathusii,0.014,0.022,-1,Echolocation,/mnt/ubna_data_01_mir/recover-20220825/UBNA_002/20220823_033000.WAV,Telephone Field,recover-20220825,002,1795
368.5595,368.5687,28046,35766,Eptesicus serotinus,0.011,0.027,-1,Echolocation,/mnt/ubna_data_01_mir/recover-20220825/UBNA_002/20220823_033000.WAV,Telephone Field,recover-20220825,002,1795
368.5745,368.5842,52109,56856,Pipistrellus pygmaeus,0.027,0.046,-1,Echolocation,/mnt/ubna_data_01_mir/recover-20220825/UBNA_002/20220823_033000.WAV,Telephone Field,recover-20220825,002,1795
368.5785,368.5844,37500,64159,Pipistrellus nathusii,0.093,0.202,-1,Echolocation,/mnt/ubna_data_01_mir/recover-20220825/UBNA_002/20220823_033000.WAV,Telephone Field,recover-20220825,002,1795
368.5785,368.5851,31484,70785,Myotis brandtii,0.218,0.381,-1,Echolocation,/mnt/ubna_data_01_mir/recover-20220825/UBNA_002/20220823_033000.WAV,Telephone Field,recover-20220825,002,1795
368.5865,368.593,37500,50173,Myotis brandtii,0.014,0.032,-1,Echolocation,/mnt/ubna_data_01_mir/recover-20220825/UBNA_002/20220823_033000.WAV,Telephone Field,recover-20220825,002,1795
368.5905,368.621,68437,80842,Rhinolophus ferrumequinum,0.024,0.024,-1,Echolocation,/mnt/ubna_data_01_mir/recover-20220825/UBNA_002/20220823_033000.WAV,Telephone Field,recover-20220825,002,1795
368.6435,368.6491,35781,59708,Myotis brandtii,0.011,0.021,-1,Echolocation,/mnt/ubna_data_01_mir/recover-20220825/UBNA_002/20220823_033000.WAV,Telephone Field,recover-20220825,002,1795
368.6775,368.6826,46093,61841,Myotis mystacinus,0.016,0.042,-1,Echolocation,/mnt/ubna_data_01_mir/recover-20220825/UBNA_002/20220823_033000.WAV,Telephone Field,recover-20220825,002,1795
368.6815,368.6886,25468,67007,Myotis bechsteinii,0.098,0.137,-1,Echolocation,/mnt/ubna_data_01_mir/recover-20220825/UBNA_002/20220823_033000.WAV,Telephone Field,recover-20220825,002,1795
368.6825,368.6891,33203,57455,Pipistrellus nathusii,0.137,0.379,-1,Echolocation,/mnt/ubna_data_01_mir/recover-20220825/UBNA_002/20220823_033000.WAV,Telephone Field,recover-20220825,002,1795
368.6925,368.6994,26328,36571,Eptesicus serotinus,0.005,0.024,-1,Echolocation,/mnt/ubna_data_01_mir/recover-20220825/UBNA_002/20220823_033000.WAV,Telephone Field,recover-20220825,002,1795
368.7375,368.77570000000003,68437,82205,Rhinolophus ferrumequinum,0.024,0.024,-1,Echolocation,/mnt/ubna_data_01_mir/recover-20220825/UBNA_002/20220823_033000.WAV,Telephone Field,recover-20220825,002,1795
368.7545,368.7624,27187,35593,Eptesicus serotinus,0.01,0.024,-1,Echolocation,/mnt/ubna_data_01_mir/recover-20220825/UBNA_002/20220823_033000.WAV,Telephone Field,recover-20220825,002,1795
368.7735,368.7799,35781,51316,Myotis brandtii,0.011,0.027,-1,Echolocation,/mnt/ubna_data_01_mir/recover-20220825/UBNA_002/20220823_033000.WAV,Telephone Field,recover-20220825,002,1795
368.7895,368.7962,47812,57749,Pipistrellus pipistrellus,0.027,0.058,-1,Echolocation,/mnt/ubna_data_01_mir/recover-20220825/UBNA_002/20220823_033000.WAV,Telephone Field,recover-20220825,002,1795
368.7915,368.7983,24609,71387,Myotis bechsteinii,0.113,0.146,-1,Echolocation,/mnt/ubna_data_01_mir/recover-20220825/UBNA_002/20220823_033000.WAV,Telephone Field,recover-20220825,002,1795
368.7925,368.799,32343,61129,Pipistrellus nathusii,0.138,0.411,-1,Echolocation,/mnt/ubna_data_01_mir/recover-20220825/UBNA_002/20220823_033000.WAV,Telephone Field,recover-20220825,002,1795
368.7935,368.8301,68437,82126,Rhinolophus ferrumequinum,0.023,0.023,-1,Echolocation,/mnt/ubna_data_01_mir/recover-20220825/UBNA_002/20220823_033000.WAV,Telephone Field,recover-20220825,002,1795
368.8025,368.808,28906,41569,Myotis daubentonii,0.013,0.031,-1,Echolocation,/mnt/ubna_data_01_mir/recover-20220825/UBNA_002/20220823_033000.WAV,Telephone Field,recover-20220825,002,1795
368.8065,368.8401,68437,80109,Rhinolophus ferrumequinum,0.024,0.025,-1,Echolocation,/mnt/ubna_data_01_mir/recover-20220825/UBNA_002/20220823_033000.WAV,Telephone Field,recover-20220825,002,1795
368.8225,368.8429,20312,23862,Nyctalus noctula,0.03,0.066,-1,Echolocation,/mnt/ubna_data_01_mir/recover-20220825/UBNA_002/20220823_033000.WAV,Telephone Field,recover-20220825,002,1795
368.8355,368.8439,30625,38439,Myotis daubentonii,0.007,0.024,-1,Echolocation,/mnt/ubna_data_01_mir/recover-20220825/UBNA_002/20220823_033000.WAV,Telephone Field,recover-20220825,002,1795
368.8405,368.8522,22890,26483,Nyctalus leisleri,0.013,0.022,-1,Echolocation,/mnt/ubna_data_01_mir/recover-20220825/UBNA_002/20220823_033000.WAV,Telephone Field,recover-20220825,002,1795
368.8745,368.9126,68437,82296,Rhinolophus ferrumequinum,0.022,0.022,-1,Echolocation,/mnt/ubna_data_01_mir/recover-20220825/UBNA_002/20220823_033000.WAV,Telephone Field,recover-20220825,002,1795
368.8855,368.8914,36640,52662,Myotis brandtii,0.01,0.025,-1,Echolocation,/mnt/ubna_data_01_mir/recover-20220825/UBNA_002/20220823_033000.WAV,Telephone Field,recover-20220825,002,1795
368.8945,368.9332,68437,81918,Rhinolophus ferrumequinum,0.024,0.024,-1,Echolocation,/mnt/ubna_data_01_mir/recover-20220825/UBNA_002/20220823_033000.WAV,Telephone Field,recover-20220825,002,1795
368.9005,368.909,49531,53365,Pipistrellus pipistrellus,0.024,0.04,-1,Echolocation,/mnt/ubna_data_01_mir/recover-20220825/UBNA_002/20220823_033000.WAV,Telephone Field,recover-20220825,002,1795
368.9015,368.9069,26328,71610,Myotis bechsteinii,0.095,0.15,-1,Echolocation,/mnt/ubna_data_01_mir/recover-20220825/UBNA_002/20220823_033000.WAV,Telephone Field,recover-20220825,002,1795
368.9025,368.9083,35781,55791,Myotis brandtii,0.192,0.58,-1,Echolocation,/mnt/ubna_data_01_mir/recover-20220825/UBNA_002/20220823_033000.WAV,Telephone Field,recover-20220825,002,1795
368.9125,368.9186,28906,41522,Myotis daubentonii,0.01,0.028,-1,Echolocation,/mnt/ubna_data_01_mir/recover-20220825/UBNA_002/20220823_033000.WAV,Telephone Field,recover-20220825,002,1795
368.9345,368.9425,27187,37120,Eptesicus serotinus,0.012,0.028,-1,Echolocation,/mnt/ubna_data_01_mir/recover-20220825/UBNA_002/20220823_033000.WAV,Telephone Field,recover-20220825,002,1795
368.9455,368.9526,57265,63155,Pipistrellus pygmaeus,0.028,0.029,-1,Echolocation,/mnt/ubna_data_01_mir/recover-20220825/UBNA_002/20220823_033000.WAV,Telephone Field,recover-20220825,002,1795
368.9625,368.9688,31484,45452,Myotis daubentonii,0.012,0.028,-1,Echolocation,/mnt/ubna_data_01_mir/recover-20220825/UBNA_002/20220823_033000.WAV,Telephone Field,recover-20220825,002,1795
369.0015,369.0416,68437,82351,Rhinolophus ferrumequinum,0.022,0.022,-1,Echolocation,/mnt/ubna_data_01_mir/recover-20220825/UBNA_002/20220823_033000.WAV,Telephone Field,recover-20220825,002,1795
369.0115,369.0183,32343,43664,Myotis daubentonii,0.008,0.025,-1,Echolocation,/mnt/ubna_data_01_mir/recover-20220825/UBNA_002/20220823_033000.WAV,Telephone Field,recover-20220825,002,1795
369.0205,369.0281,49531,56060,Pipistrellus pipistrellus,0.024,0.041,-1,Echolocation,/mnt/ubna_data_01_mir/recover-20220825/UBNA_002/20220823_033000.WAV,Telephone Field,recover-20220825,002,1795
369.0245,369.0324,54687,59881,Pipistrellus pygmaeus,0.028,0.029,-1,Echolocation,/mnt/ubna_data_01_mir/recover-20220825/UBNA_002/20220823_033000.WAV,Telephone Field,recover-20220825,002,1795
369.0255,369.0317,35781,57364,Pipistrellus nathusii,0.352,0.468,-1,Echolocation,/mnt/ubna_data_01_mir/recover-20220825/UBNA_002/20220823_033000.WAV,Telephone Field,recover-20220825,002,1795
369.0255,369.0314,49531,55645,Pipistrellus pipistrellus,0.027,0.044,-1,Echolocation,/mnt/ubna_data_01_mir/recover-20220825/UBNA_002/20220823_033000.WAV,Telephone Field,recover-20220825,002,1795
369.0415,369.0798,68437,82588,Rhinolophus ferrumequinum,0.042,0.042,-1,Echolocation,/mnt/ubna_data_01_mir/recover-20220825/UBNA_002/20220823_033000.WAV,Telephone Field,recover-20220825,002,1795
369.0875,369.1244,68437,81510,Rhinolophus ferrumequinum,0.022,0.022,-1,Echolocation,/mnt/ubna_data_01_mir/recover-20220825/UBNA_002/20220823_033000.WAV,Telephone Field,recover-20220825,002,1795
369.0995,369.1051,38359,50713,Myotis daubentonii,0.01,0.025,-1,Echolocation,/mnt/ubna_data_01_mir/recover-20220825/UBNA_002/20220823_033000.WAV,Telephone Field,recover-20220825,002,1795
369.1115,369.1502,68437,82696,Rhinolophus ferrumequinum,0.024,0.024,-1,Echolocation,/mnt/ubna_data_01_mir/recover-20220825/UBNA_002/20220823_033000.WAV,Telephone Field,recover-20220825,002,1795
369.1315,369.1378,26328,59624,Myotis bechsteinii,0.03,0.058,-1,Echolocation,/mnt/ubna_data_01_mir/recover-20220825/UBNA_002/20220823_033000.WAV,Telephone Field,recover-20220825,002,1795
369.1325,369.1379,35781,50334,Pipistrellus nathusii,0.213,0.488,-1,Echolocation,/mnt/ubna_data_01_mir/recover-20220825/UBNA_002/20220823_033000.WAV,Telephone Field,recover-20220825,002,1795
369.1325,369.139,46093,50421,Pipistrellus pipistrellus,0.019,0.027,-1,Echolocation,/mnt/ubna_data_01_mir/recover-20220825/UBNA_002/20220823_033000.WAV,Telephone Field,recover-20220825,002,1795
369.1905,369.1981,26328,42341,Eptesicus serotinus,0.008,0.022,-1,Echolocation,/mnt/ubna_data_01_mir/recover-20220825/UBNA_002/20220823_033000.WAV,Telephone Field,recover-20220825,002,1795
369.20550000000003,369.2471,68437,83093,Rhinolophus ferrumequinum,0.032,0.032,-1,Echolocation,/mnt/ubna_data_01_mir/recover-20220825/UBNA_002/20220823_033000.WAV,Telephone Field,recover-20220825,002,1795
369.2345,369.2571,70156,81456,Rhinolophus ferrumequinum,0.037,0.037,-1,Echolocation,/mnt/ubna_data_01_mir/recover-20220825/UBNA_002/20220823_033000.WAV,Telephone Field,recover-20220825,002,1795
369.2355,369.2413,34921,54212,Pipistrellus nathusii,0.292,0.516,-1,Echolocation,/mnt/ubna_data_01_mir/recover-20220825/UBNA_002/20220823_033000.WAV,Telephone Field,recover-20220825,002,1795
369.2365,369.2433,48671,52963,Pipistrellus pipistrellus,0.03,0.044,-1,Echolocation,/mnt/ubna_data_01_mir/recover-20220825/UBNA_002/20220823_033000.WAV,Telephone Field,recover-20220825,002,1795
369.2445,369.2507,30625,43357,Myotis daubentonii,0.011,0.023,-1,Echolocation,/mnt/ubna_data_01_mir/recover-20220825/UBNA_002/20220823_033000.WAV,Telephone Field,recover-20220825,002,1795
369.2765,369.317,68437,82592,Rhinolophus ferrumequinum,0.029,0.029,-1,Echolocation,/mnt/ubna_data_01_mir/recover-20220825/UBNA_002/20220823_033000.WAV,Telephone Field,recover-20220825,002,1795
369.3325,369.373,68437,83046,Rhinolophus ferrumequinum,0.036,0.036,-1,Echolocation,/mnt/ubna_data_01_mir/recover-20220825/UBNA_002/20220823_033000.WAV,Telephone Field,recover-20220825,002,1795
369.3445,369.3517,36640,44006,Pipistrellus nathusii,0.295,0.58,-1,Echolocation,/mnt/ubna_data_01_mir/recover-20220825/UBNA_002/20220823_033000.WAV,Telephone Field,recover-20220825,002,1795
369.4205,369.459,68437,82530,Rhinolophus ferrumequinum,0.021,0.021,-1,Echolocation,/mnt/ubna_data_01_mir/recover-20220825/UBNA_002/20220823_033000.WAV,Telephone Field,recover-20220825,002,1795
369.4435,369.4505,35781,53391,Pipistrellus nathusii,0.212,0.491,-1,Echolocation,/mnt/ubna_data_01_mir/recover-20220825/UBNA_002/20220823_033000.WAV,Telephone Field,recover-20220825,002,1795
369.4455,369.4716,69296,81172,Rhinolophus ferrumequinum,0.032,0.032,-1,Echolocation,/mnt/ubna_data_01_mir/recover-20220825/UBNA_002/20220823_033000.WAV,Telephone Field,recover-20220825,002,1795
369.4535,369.4598,30625,48068,Myotis daubentonii,0.012,0.024,-1,Echolocation,/mnt/ubna_data_01_mir/recover-20220825/UBNA_002/20220823_033000.WAV,Telephone Field,recover-20220825,002,1795
369.4575,369.4881,68437,82047,Rhinolophus ferrumequinum,0.021,0.021,-1,Echolocation,/mnt/ubna_data_01_mir/recover-20220825/UBNA_002/20220823_033000.WAV,Telephone Field,recover-20220825,002,1795
369.5055,369.5122,27187,38712,Eptesicus serotinus,0.007,0.025,-1,Echolocation,/mnt/ubna_data_01_mir/recover-20220825/UBNA_002/20220823_033000.WAV,Telephone Field,recover-20220825,002,1795
369.5125,369.5189,37500,54856,Myotis brandtii,0.009,0.021,-1,Echolocation,/mnt/ubna_data_01_mir/recover-20220825/UBNA_002/20220823_033000.WAV,Telephone Field,recover-20220825,002,1795
369.5175,369.526,25468,36725,Eptesicus serotinus,0.008,0.022,-1,Echolocation,/mnt/ubna_data_01_mir/recover-20220825/UBNA_002/20220823_033000.WAV,Telephone Field,recover-20220825,002,1795
369.5325,369.5712,68437,82084,Rhinolophus ferrumequinum,0.022,0.022,-1,Echolocation,/mnt/ubna_data_01_mir/recover-20220825/UBNA_002/20220823_033000.WAV,Telephone Field,recover-20220825,002,1795
369.54449999999997,369.5815,68437,81945,Rhinolophus ferrumequinum,0.024,0.024,-1,Echolocation,/mnt/ubna_data_01_mir/recover-20220825/UBNA_002/20220823_033000.WAV,Telephone Field,recover-20220825,002,1795
369.5455,369.5507,37500,54151,Myotis brandtii,0.152,0.508,-1,Echolocation,/mnt/ubna_data_01_mir/recover-20220825/UBNA_002/20220823_033000.WAV,Telephone Field,recover-20220825,002,1795
369.5515,369.5849,68437,81369,Rhinolophus ferrumequinum,0.022,0.022,-1,Echolocation,/mnt/ubna_data_01_mir/recover-20220825/UBNA_002/20220823_033000.WAV,Telephone Field,recover-20220825,002,1795
369.5535,369.5597,31484,45439,Myotis daubentonii,0.011,0.021,-1,Echolocation,/mnt/ubna_data_01_mir/recover-20220825/UBNA_002/20220823_033000.WAV,Telephone Field,recover-20220825,002,1795
369.5535,369.5597,26328,41834,Eptesicus serotinus,0.006,0.024,-1,Echolocation,/mnt/ubna_data_01_mir/recover-20220825/UBNA_002/20220823_033000.WAV,Telephone Field,recover-20220825,002,1795
369.5705,369.5775,26328,39475,Eptesicus serotinus,0.006,0.022,-1,Echolocation,/mnt/ubna_data_01_mir/recover-20220825/UBNA_002/20220823_033000.WAV,Telephone Field,recover-20220825,002,1795
369.5995,369.6078,28046,38249,Eptesicus serotinus,0.008,0.022,-1,Echolocation,/mnt/ubna_data_01_mir/recover-20220825/UBNA_002/20220823_033000.WAV,Telephone Field,recover-20220825,002,1795
369.6165,369.628,52109,56807,Pipistrellus pygmaeus,0.022,0.036,-1,Echolocation,/mnt/ubna_data_01_mir/recover-20220825/UBNA_002/20220823_033000.WAV,Telephone Field,recover-20220825,002,1795
369.6185,369.6544,68437,81847,Rhinolophus ferrumequinum,0.023,0.023,-1,Echolocation,/mnt/ubna_data_01_mir/recover-20220825/UBNA_002/20220823_033000.WAV,Telephone Field,recover-20220825,002,1795
369.6365,369.6424,28046,40371,Eptesicus serotinus,0.009,0.039,-1,Echolocation,/mnt/ubna_data_01_mir/recover-20220825/UBNA_002/20220823_033000.WAV,Telephone Field,recover-20220825,002,1795
369.6455,369.688,68437,83177,Rhinolophus ferrumequinum,0.024,0.024,-1,Echolocation,/mnt/ubna_data_01_mir/recover-20220825/UBNA_002/20220823_033000.WAV,Telephone Field,recover-20220825,002,1795
369.6665,369.6783,46953,51179,Pipistrellus pipistrellus,0.044,0.057,-1,Echolocation,/mnt/ubna_data_01_mir/recover-20220825/UBNA_002/20220823_033000.WAV,Telephone Field,recover-20220825,002,1795
369.6675,369.679,22890,28199,Nyctalus leisleri,0.011,0.025,-1,Echolocation,/mnt/ubna_data_01_mir/recover-20220825/UBNA_002/20220823_033000.WAV,Telephone Field,recover-20220825,002,1795
369.66949999999997,369.676,38359,57878,Myotis brandtii,0.01,0.022,-1,Echolocation,/mnt/ubna_data_01_mir/recover-20220825/UBNA_002/20220823_033000.WAV,Telephone Field,recover-20220825,002,1795
369.7025,369.7093,36640,49120,Pipistrellus nathusii,0.338,0.53,-1,Echolocation,/mnt/ubna_data_01_mir/recover-20220825/UBNA_002/20220823_033000.WAV,Telephone Field,recover-20220825,002,1795
369.7145,369.7504,68437,81843,Rhinolophus ferrumequinum,0.025,0.025,-1,Echolocation,/mnt/ubna_data_01_mir/recover-20220825/UBNA_002/20220823_033000.WAV,Telephone Field,recover-20220825,002,1795
369.7315,369.7427,25468,32124,Eptesicus serotinus,0.01,0.022,-1,Echolocation,/mnt/ubna_data_01_mir/recover-20220825/UBNA_002/20220823_033000.WAV,Telephone Field,recover-20220825,002,1795
369.7435,369.7547,28046,34266,Eptesicus serotinus,0.014,0.029,-1,Echolocation,/mnt/ubna_data_01_mir/recover-20220825/UBNA_002/20220823_033000.WAV,Telephone Field,recover-20220825,002,1795
369.7685,369.8068,68437,82135,Rhinolophus ferrumequinum,0.022,0.022,-1,Echolocation,/mnt/ubna_data_01_mir/recover-20220825/UBNA_002/20220823_033000.WAV,Telephone Field,recover-20220825,002,1795
369.7735,369.7795,34921,57584,Myotis brandtii,0.014,0.029,-1,Echolocation,/mnt/ubna_data_01_mir/recover-20220825/UBNA_002/20220823_033000.WAV,Telephone Field,recover-20220825,002,1795
369.8075,369.8146,38359,49766,Pipistrellus nathusii,0.189,0.447,-1,Echolocation,/mnt/ubna_data_01_mir/recover-20220825/UBNA_002/20220823_033000.WAV,Telephone Field,recover-20220825,002,1795
369.8175,369.8245,26328,37832,Eptesicus serotinus,0.005,0.024,-1,Echolocation,/mnt/ubna_data_01_mir/recover-20220825/UBNA_002/20220823_033000.WAV,Telephone Field,recover-20220825,002,1795
369.8185,369.825,30625,48051,Myotis daubentonii,0.013,0.025,-1,Echolocation,/mnt/ubna_data_01_mir/recover-20220825/UBNA_002/20220823_033000.WAV,Telephone Field,recover-20220825,002,1795
369.8215,369.8564,68437,81752,Rhinolophus ferrumequinum,0.022,0.022,-1,Echolocation,/mnt/ubna_data_01_mir/recover-20220825/UBNA_002/20220823_033000.WAV,Telephone Field,recover-20220825,002,1795
369.8255,369.835,49531,55365,Pipistrellus pipistrellus,0.015,0.022,-1,Echolocation,/mnt/ubna_data_01_mir/recover-20220825/UBNA_002/20220823_033000.WAV,Telephone Field,recover-20220825,002,1795
369.8585,369.896,68437,81784,Rhinolophus ferrumequinum,0.022,0.022,-1,Echolocation,/mnt/ubna_data_01_mir/recover-20220825/UBNA_002/20220823_033000.WAV,Telephone Field,recover-20220825,002,1795
369.8675,369.9063,68437,82578,Rhinolophus ferrumequinum,0.022,0.022,-1,Echolocation,/mnt/ubna_data_01_mir/recover-20220825/UBNA_002/20220823_033000.WAV,Telephone Field,recover-20220825,002,1795
369.9105,369.918,48671,52546,Pipistrellus pipistrellus,0.018,0.03,-1,Echolocation,/mnt/ubna_data_01_mir/recover-20220825/UBNA_002/20220823_033000.WAV,Telephone Field,recover-20220825,002,1795
369.9145,369.9209,35781,53487,Pipistrellus nathusii,0.26,0.528,-1,Echolocation,/mnt/ubna_data_01_mir/recover-20220825/UBNA_002/20220823_033000.WAV,Telephone Field,recover-20220825,002,1795
369.9155,369.9255,46953,51573,Pipistrellus pipistrellus,0.022,0.033,-1,Echolocation,/mnt/ubna_data_01_mir/recover-20220825/UBNA_002/20220823_033000.WAV,Telephone Field,recover-20220825,002,1795
369.9795,369.9847,36640,60541,Myotis brandtii,0.012,0.026,-1,Echolocation,/mnt/ubna_data_01_mir/recover-20220825/UBNA_002/20220823_033000.WAV,Telephone Field,recover-20220825,002,1795
370.0015,370.0326,68437,80139,Rhinolophus ferrumequinum,0.031,0.032,-1,Echolocation,/mnt/ubna_data_01_mir/recover-20220825/UBNA_002/20220823_033000.WAV,Telephone Field,recover-20220825,002,1795
370.0015,370.0076,46953,62637,Pipistrellus pipistrellus,0.007,0.027,-1,Echolocation,/mnt/ubna_data_01_mir/recover-20220825/UBNA_002/20220823_033000.WAV,Telephone Field,recover-20220825,002,1795
370.0015,370.0108,25468,31099,Nyctalus leisleri,0.02,0.044,-1,Echolocation,/mnt/ubna_data_01_mir/recover-20220825/UBNA_002/20220823_033000.WAV,Telephone Field,recover-20220825,002,1795
370.0115,370.0564,68437,83044,Rhinolophus ferrumequinum,0.025,0.025,-1,Echolocation,/mnt/ubna_data_01_mir/recover-20220825/UBNA_002/20220823_033000.WAV,Telephone Field,recover-20220825,002,1795
370.0145,370.0236,50390,56438,Pipistrellus pygmaeus,0.017,0.027,-1,Echolocation,/mnt/ubna_data_01_mir/recover-20220825/UBNA_002/20220823_033000.WAV,Telephone Field,recover-20220825,002,1795
370.0205,370.0271,37500,54060,Pipistrellus nathusii,0.323,0.561,-1,Echolocation,/mnt/ubna_data_01_mir/recover-20220825/UBNA_002/20220823_033000.WAV,Telephone Field,recover-20220825,002,1795
370.0295,370.0372,26328,34989,Nyctalus leisleri,0.006,0.023,-1,Echolocation,/mnt/ubna_data_01_mir/recover-20220825/UBNA_002/20220823_033000.WAV,Telephone Field,recover-20220825,002,1795
370.0305,370.0367,31484,42156,Myotis daubentonii,0.012,0.023,-1,Echolocation,/mnt/ubna_data_01_mir/recover-20220825/UBNA_002/20220823_033000.WAV,Telephone Field,recover-20220825,002,1795
370.0765,370.113,68437,81949,Rhinolophus ferrumequinum,0.023,0.023,-1,Echolocation,/mnt/ubna_data_01_mir/recover-20220825/UBNA_002/20220823_033000.WAV,Telephone Field,recover-20220825,002,1795
370.08050000000003,370.0965,22031,25890,Nyctalus leisleri,0.022,0.043,-1,Echolocation,/mnt/ubna_data_01_mir/recover-20220825/UBNA_002/20220823_033000.WAV,Telephone Field,recover-20220825,002,1795
370.1165,370.1233,42656,52093,Pipistrellus nathusii,0.052,0.122,-1,Echolocation,/mnt/ubna_data_01_mir/recover-20220825/UBNA_002/20220823_033000.WAV,Telephone Field,recover-20220825,002,1795
370.1175,370.1226,28046,61354,Myotis bechsteinii,0.028,0.088,-1,Echolocation,/mnt/ubna_data_01_mir/recover-20220825/UBNA_002/20220823_033000.WAV,Telephone Field,recover-20220825,002,1795
370.1185,370.1235,35781,53828,Pipistrellus nathusii,0.306,0.564,-1,Echolocation,/mnt/ubna_data_01_mir/recover-20220825/UBNA_002/20220823_033000.WAV,Telephone Field,recover-20220825,002,1795
370.1465,370.15840000000003,23750,29577,Nyctalus leisleri,0.017,0.035,-1,Echolocation,/mnt/ubna_data_01_mir/recover-20220825/UBNA_002/20220823_033000.WAV,Telephone Field,recover-20220825,002,1795
370.1815,370.1876,36640,52285,Myotis brandtii,0.009,0.023,-1,Echolocation,/mnt/ubna_data_01_mir/recover-20220825/UBNA_002/20220823_033000.WAV,Telephone Field,recover-20220825,002,1795
370.1835,370.1901,27187,41595,Eptesicus serotinus,0.007,0.025,-1,Echolocation,/mnt/ubna_data_01_mir/recover-20220825/UBNA_002/20220823_033000.WAV,Telephone Field,recover-20220825,002,1795
370.2135,370.2193,37500,48187,Pipistrellus nathusii,0.261,0.423,-1,Echolocation,/mnt/ubna_data_01_mir/recover-20220825/UBNA_002/20220823_033000.WAV,Telephone Field,recover-20220825,002,1795
370.2135,370.2207,23750,40178,Eptesicus serotinus,0.007,0.031,-1,Echolocation,/mnt/ubna_data_01_mir/recover-20220825/UBNA_002/20220823_033000.WAV,Telephone Field,recover-20220825,002,1795
370.2225,370.2342,21171,25647,Nyctalus leisleri,0.012,0.029,-1,Echolocation,/mnt/ubna_data_01_mir/recover-20220825/UBNA_002/20220823_033000.WAV,Telephone Field,recover-20220825,002,1795
370.2685,370.286,21171,24158,Nyctalus leisleri,0.016,0.027,-1,Echolocation,/mnt/ubna_data_01_mir/recover-20220825/UBNA_002/20220823_033000.WAV,Telephone Field,recover-20220825,002,1795
370.2785,370.3171,68437,82270,Rhinolophus ferrumequinum,0.022,0.022,-1,Echolocation,/mnt/ubna_data_01_mir/recover-20220825/UBNA_002/20220823_033000.WAV,Telephone Field,recover-20220825,002,1795
370.2825,370.2912,27187,36022,Eptesicus serotinus,0.01,0.027,-1,Echolocation,/mnt/ubna_data_01_mir/recover-20220825/UBNA_002/20220823_033000.WAV,Telephone Field,recover-20220825,002,1795
370.3135,370.3207,36640,49054,Pipistrellus nathusii,0.215,0.486,-1,Echolocation,/mnt/ubna_data_01_mir/recover-20220825/UBNA_002/20220823_033000.WAV,Telephone Field,recover-20220825,002,1795
370.3335,370.3435,24609,31746,Eptesicus serotinus,0.013,0.035,-1,Echolocation,/mnt/ubna_data_01_mir/recover-20220825/UBNA_002/20220823_033000.WAV,Telephone Field,recover-20220825,002,1795
370.3565,370.3699,31484,36378,Pipistrellus nathusii,0.013,0.042,-1,Echolocation,/mnt/ubna_data_01_mir/recover-20220825/UBNA_002/20220823_033000.WAV,Telephone Field,recover-20220825,002,1795
370.3585,370.3663,54687,61254,Pipistrellus pygmaeus,0.023,0.024,-1,Echolocation,/mnt/ubna_data_01_mir/recover-20220825/UBNA_002/20220823_033000.WAV,Telephone Field,recover-20220825,002,1795
370.4105,370.4173,38359,49769,Pipistrellus nathusii,0.309,0.525,-1,Echolocation,/mnt/ubna_data_01_mir/recover-20220825/UBNA_002/20220823_033000.WAV,Telephone Field,recover-20220825,002,1795
370.4505,370.4591,27187,41466,Eptesicus serotinus,0.009,0.023,-1,Echolocation,/mnt/ubna_data_01_mir/recover-20220825/UBNA_002/20220823_033000.WAV,Telephone Field,recover-20220825,002,1795
370.4665,370.473,50390,55678,Pipistrellus pipistrellus,0.02,0.023,-1,Echolocation,/mnt/ubna_data_01_mir/recover-20220825/UBNA_002/20220823_033000.WAV,Telephone Field,recover-20220825,002,1795
370.4685,370.5055,68437,81484,Rhinolophus ferrumequinum,0.022,0.022,-1,Echolocation,/mnt/ubna_data_01_mir/recover-20220825/UBNA_002/20220823_033000.WAV,Telephone Field,recover-20220825,002,1795
370.4755,370.5164,68437,83078,Rhinolophus ferrumequinum,0.025,0.025,-1,Echolocation,/mnt/ubna_data_01_mir/recover-20220825/UBNA_002/20220823_033000.WAV,Telephone Field,recover-20220825,002,1795
370.5045,370.5106,30625,43000,Barbastellus barbastellus,0.016,0.041,-1,Echolocation,/mnt/ubna_data_01_mir/recover-20220825/UBNA_002/20220823_033000.WAV,Telephone Field,recover-20220825,002,1795
370.5045,370.515,41796,45855,Pipistrellus nathusii,0.163,0.177,-1,Echolocation,/mnt/ubna_data_01_mir/recover-20220825/UBNA_002/20220823_033000.WAV,Telephone Field,recover-20220825,002,1795
370.5265,370.5358,38359,44760,Pipistrellus nathusii,0.018,0.027,-1,Echolocation,/mnt/ubna_data_01_mir/recover-20220825/UBNA_002/20220823_033000.WAV,Telephone Field,recover-20220825,002,1795
370.5305,370.5708,68437,82730,Rhinolophus ferrumequinum,0.033,0.033,-1,Echolocation,/mnt/ubna_data_01_mir/recover-20220825/UBNA_002/20220823_033000.WAV,Telephone Field,recover-20220825,002,1795
370.5685,370.5746,38359,54771,Pipistrellus nathusii,0.259,0.554,-1,Echolocation,/mnt/ubna_data_01_mir/recover-20220825/UBNA_002/20220823_033000.WAV,Telephone Field,recover-20220825,002,1795
370.5775,370.5833,32343,43470,Myotis daubentonii,0.014,0.025,-1,Echolocation,/mnt/ubna_data_01_mir/recover-20220825/UBNA_002/20220823_033000.WAV,Telephone Field,recover-20220825,002,1795
370.5815,370.5907,27187,34207,Eptesicus serotinus,0.006,0.023,-1,Echolocation,/mnt/ubna_data_01_mir/recover-20220825/UBNA_002/20220823_033000.WAV,Telephone Field,recover-20220825,002,1795
370.5815,370.6174,68437,81573,Rhinolophus ferrumequinum,0.026,0.026,-1,Echolocation,/mnt/ubna_data_01_mir/recover-20220825/UBNA_002/20220823_033000.WAV,Telephone Field,recover-20220825,002,1795
370.6235,370.6325,51250,55378,Pipistrellus pygmaeus,0.02,0.023,-1,Echolocation,/mnt/ubna_data_01_mir/recover-20220825/UBNA_002/20220823_033000.WAV,Telephone Field,recover-20220825,002,1795
370.6675,370.6737,38359,55248,Pipistrellus nathusii,0.34,0.514,-1,Echolocation,/mnt/ubna_data_01_mir/recover-20220825/UBNA_002/20220823_033000.WAV,Telephone Field,recover-20220825,002,1795
370.6765,370.6841,26328,35440,Eptesicus serotinus,0.007,0.024,-1,Echolocation,/mnt/ubna_data_01_mir/recover-20220825/UBNA_002/20220823_033000.WAV,Telephone Field,recover-20220825,002,1795
370.7215,370.7558,68437,81635,Rhinolophus ferrumequinum,0.023,0.023,-1,Echolocation,/mnt/ubna_data_01_mir/recover-20220825/UBNA_002/20220823_033000.WAV,Telephone Field,recover-20220825,002,1795
370.7285,370.7373,40937,45632,Pipistrellus nathusii,0.049,0.06,-1,Echolocation,/mnt/ubna_data_01_mir/recover-20220825/UBNA_002/20220823_033000.WAV,Telephone Field,recover-20220825,002,1795
370.7515,370.7583,27187,38457,Eptesicus serotinus,0.006,0.023,-1,Echolocation,/mnt/ubna_data_01_mir/recover-20220825/UBNA_002/20220823_033000.WAV,Telephone Field,recover-20220825,002,1795
370.7715,370.7781,37500,53763,Pipistrellus nathusii,0.559,0.676,-1,Echolocation,/mnt/ubna_data_01_mir/recover-20220825/UBNA_002/20220823_033000.WAV,Telephone Field,recover-20220825,002,1795
370.7865,370.7971,22890,26985,Nyctalus leisleri,0.012,0.023,-1,Echolocation,/mnt/ubna_data_01_mir/recover-20220825/UBNA_002/20220823_033000.WAV,Telephone Field,recover-20220825,002,1795
370.8015,370.8091,28046,36700,Eptesicus serotinus,0.007,0.025,-1,Echolocation,/mnt/ubna_data_01_mir/recover-20220825/UBNA_002/20220823_033000.WAV,Telephone Field,recover-20220825,002,1795
370.8285,370.8388,40937,45739,Pipistrellus nathusii,0.024,0.034,-1,Echolocation,/mnt/ubna_data_01_mir/recover-20220825/UBNA_002/20220823_033000.WAV,Telephone Field,recover-20220825,002,1795
370.83050000000003,370.8378,27187,35605,Eptesicus serotinus,0.007,0.023,-1,Echolocation,/mnt/ubna_data_01_mir/recover-20220825/UBNA_002/20220823_033000.WAV,Telephone Field,recover-20220825,002,1795
370.8595,370.8693,25468,30428,Nyctalus leisleri,0.011,0.028,-1,Echolocation,/mnt/ubna_data_01_mir/recover-20220825/UBNA_002/20220823_033000.WAV,Telephone Field,recover-20220825,002,1795
370.8745,370.8797,37500,54213,Pipistrellus nathusii,0.362,0.523,-1,Echolocation,/mnt/ubna_data_01_mir/recover-20220825/UBNA_002/20220823_033000.WAV,Telephone Field,recover-20220825,002,1795
370.8855,370.8933,27187,36438,Eptesicus serotinus,0.006,0.024,-1,Echolocation,/mnt/ubna_data_01_mir/recover-20220825/UBNA_002/20220823_033000.WAV,Telephone Field,recover-20220825,002,1795
370.8865,370.922,68437,81552,Rhinolophus ferrumequinum,0.024,0.024,-1,Echolocation,/mnt/ubna_data_01_mir/recover-20220825/UBNA_002/20220823_033000.WAV,Telephone Field,recover-20220825,002,1795
370.9375,370.9737,68437,81802,Rhinolophus ferrumequinum,0.023,0.023,-1,Echolocation,/mnt/ubna_data_01_mir/recover-20220825/UBNA_002/20220823_033000.WAV,Telephone Field,recover-20220825,002,1795
370.9535,370.9671,22890,27077,Nyctalus leisleri,0.015,0.027,-1,Echolocation,/mnt/ubna_data_01_mir/recover-20220825/UBNA_002/20220823_033000.WAV,Telephone Field,recover-20220825,002,1795
370.9775,370.984,39218,50926,Pipistrellus nathusii,0.385,0.549,-1,Echolocation,/mnt/ubna_data_01_mir/recover-20220825/UBNA_002/20220823_033000.WAV,Telephone Field,recover-20220825,002,1795
370.9855,370.9906,32343,44279,Myotis daubentonii,0.013,0.024,-1,Echolocation,/mnt/ubna_data_01_mir/recover-20220825/UBNA_002/20220823_033000.WAV,Telephone Field,recover-20220825,002,1795
371.0165,371.0264,36640,42718,Pipistrellus nathusii,0.015,0.025,-1,Echolocation,/mnt/ubna_data_01_mir/recover-20220825/UBNA_002/20220823_033000.WAV,Telephone Field,recover-20220825,002,1795
371.0175,371.0254,27187,41307,Eptesicus serotinus,0.008,0.025,-1,Echolocation,/mnt/ubna_data_01_mir/recover-20220825/UBNA_002/20220823_033000.WAV,Telephone Field,recover-20220825,002,1795
371.0515,371.0588,27187,36540,Eptesicus serotinus,0.008,0.025,-1,Echolocation,/mnt/ubna_data_01_mir/recover-20220825/UBNA_002/20220823_033000.WAV,Telephone Field,recover-20220825,002,1795
371.0795,371.0857,39218,54706,Pipistrellus nathusii,0.46,0.61,-1,Echolocation,/mnt/ubna_data_01_mir/recover-20220825/UBNA_002/20220823_033000.WAV,Telephone Field,recover-20220825,002,1795
371.0885,371.0944,32343,41808,Myotis daubentonii,0.011,0.024,-1,Echolocation,/mnt/ubna_data_01_mir/recover-20220825/UBNA_002/20220823_033000.WAV,Telephone Field,recover-20220825,002,1795
371.1495,371.1573,43515,52010,Pipistrellus pipistrellus,0.01,0.024,-1,Echolocation,/mnt/ubna_data_01_mir/recover-20220825/UBNA_002/20220823_033000.WAV,Telephone Field,recover-20220825,002,1795
371.1615,371.1701,27187,36989,Eptesicus serotinus,0.01,0.026,-1,Echolocation,/mnt/ubna_data_01_mir/recover-20220825/UBNA_002/20220823_033000.WAV,Telephone Field,recover-20220825,002,1795
371.1735,371.2098,68437,81655,Rhinolophus ferrumequinum,0.023,0.023,-1,Echolocation,/mnt/ubna_data_01_mir/recover-20220825/UBNA_002/20220823_033000.WAV,Telephone Field,recover-20220825,002,1795
371.1825,371.189,40078,54347,Pipistrellus nathusii,0.46,0.588,-1,Echolocation,/mnt/ubna_data_01_mir/recover-20220825/UBNA_002/20220823_033000.WAV,Telephone Field,recover-20220825,002,1795
371.2135,371.2202,27187,40764,Eptesicus serotinus,0.008,0.029,-1,Echolocation,/mnt/ubna_data_01_mir/recover-20220825/UBNA_002/20220823_033000.WAV,Telephone Field,recover-20220825,002,1795
371.2215,371.2289,27187,38185,Eptesicus serotinus,0.008,0.026,-1,Echolocation,/mnt/ubna_data_01_mir/recover-20220825/UBNA_002/20220823_033000.WAV,Telephone Field,recover-20220825,002,1795
371.2795,371.2854,36640,54140,Pipistrellus nathusii,0.281,0.516,-1,Echolocation,/mnt/ubna_data_01_mir/recover-20220825/UBNA_002/20220823_033000.WAV,Telephone Field,recover-20220825,002,1795
371.2895,371.2975,26328,33485,Eptesicus serotinus,0.006,0.026,-1,Echolocation,/mnt/ubna_data_01_mir/recover-20220825/UBNA_002/20220823_033000.WAV,Telephone Field,recover-20220825,002,1795
371.3375,371.3445,41796,53744,Pipistrellus nathusii,0.008,0.023,-1,Echolocation,/mnt/ubna_data_01_mir/recover-20220825/UBNA_002/20220823_033000.WAV,Telephone Field,recover-20220825,002,1795
371.3435,371.3804,68437,81385,Rhinolophus ferrumequinum,0.023,0.023,-1,Echolocation,/mnt/ubna_data_01_mir/recover-20220825/UBNA_002/20220823_033000.WAV,Telephone Field,recover-20220825,002,1795
371.3725,371.3806,27187,42345,Eptesicus serotinus,0.008,0.022,-1,Echolocation,/mnt/ubna_data_01_mir/recover-20220825/UBNA_002/20220823_033000.WAV,Telephone Field,recover-20220825,002,1795
371.3875,371.3966,28046,37441,Eptesicus serotinus,0.009,0.022,-1,Echolocation,/mnt/ubna_data_01_mir/recover-20220825/UBNA_002/20220823_033000.WAV,Telephone Field,recover-20220825,002,1795
371.4095,371.4202,24609,29828,Nyctalus leisleri,0.011,0.025,-1,Echolocation,/mnt/ubna_data_01_mir/recover-20220825/UBNA_002/20220823_033000.WAV,Telephone Field,recover-20220825,002,1795
371.4205,371.4265,41796,53579,Pipistrellus nathusii,0.269,0.337,-1,Echolocation,/mnt/ubna_data_01_mir/recover-20220825/UBNA_002/20220823_033000.WAV,Telephone Field,recover-20220825,002,1795
371.4325,371.4417,27187,34969,Eptesicus serotinus,0.008,0.023,-1,Echolocation,/mnt/ubna_data_01_mir/recover-20220825/UBNA_002/20220823_033000.WAV,Telephone Field,recover-20220825,002,1795
371.4565,371.4633,28046,37566,Eptesicus serotinus,0.006,0.024,-1,Echolocation,/mnt/ubna_data_01_mir/recover-20220825/UBNA_002/20220823_033000.WAV,Telephone Field,recover-20220825,002,1795
371.4725,371.4813,40937,47318,Pipistrellus nathusii,0.015,0.029,-1,Echolocation,/mnt/ubna_data_01_mir/recover-20220825/UBNA_002/20220823_033000.WAV,Telephone Field,recover-20220825,002,1795
371.4955,371.5018,32343,44497,Myotis daubentonii,0.009,0.026,-1,Echolocation,/mnt/ubna_data_01_mir/recover-20220825/UBNA_002/20220823_033000.WAV,Telephone Field,recover-20220825,002,1795
371.4965,371.5053,40078,50674,Pipistrellus nathusii,0.015,0.029,-1,Echolocation,/mnt/ubna_data_01_mir/recover-20220825/UBNA_002/20220823_033000.WAV,Telephone Field,recover-20220825,002,1795
371.4965,371.5035,27187,37350,Eptesicus serotinus,0.007,0.023,-1,Echolocation,/mnt/ubna_data_01_mir/recover-20220825/UBNA_002/20220823_033000.WAV,Telephone Field,recover-20220825,002,1795
371.5135,371.5198,37500,53783,Pipistrellus nathusii,0.31,0.494,-1,Echolocation,/mnt/ubna_data_01_mir/recover-20220825/UBNA_002/20220823_033000.WAV,Telephone Field,recover-20220825,002,1795
371.5245,371.5325,27187,34704,Eptesicus serotinus,0.007,0.024,-1,Echolocation,/mnt/ubna_data_01_mir/recover-20220825/UBNA_002/20220823_033000.WAV,Telephone Field,recover-20220825,002,1795
371.5345,371.5675,68437,81021,Rhinolophus ferrumequinum,0.022,0.022,-1,Echolocation,/mnt/ubna_data_01_mir/recover-20220825/UBNA_002/20220823_033000.WAV,Telephone Field,recover-20220825,002,1795
371.5565,371.5668,28046,36778,Eptesicus serotinus,0.012,0.027,-1,Echolocation,/mnt/ubna_data_01_mir/recover-20220825/UBNA_002/20220823_033000.WAV,Telephone Field,recover-20220825,002,1795
371.5655,371.5718,57265,63598,Pipistrellus pygmaeus,0.023,0.024,-1,Echolocation,/mnt/ubna_data_01_mir/recover-20220825/UBNA_002/20220823_033000.WAV,Telephone Field,recover-20220825,002,1795
371.5655,371.6025,68437,81684,Rhinolophus ferrumequinum,0.023,0.023,-1,Echolocation,/mnt/ubna_data_01_mir/recover-20220825/UBNA_002/20220823_033000.WAV,Telephone Field,recover-20220825,002,1795
371.5785,371.5847,31484,48240,Myotis daubentonii,0.01,0.024,-1,Echolocation,/mnt/ubna_data_01_mir/recover-20220825/UBNA_002/20220823_033000.WAV,Telephone Field,recover-20220825,002,1795
371.6105,371.6162,38359,51405,Pipistrellus nathusii,0.134,0.364,-1,Echolocation,/mnt/ubna_data_01_mir/recover-20220825/UBNA_002/20220823_033000.WAV,Telephone Field,recover-20220825,002,1795
371.6585,371.6664,27187,40437,Eptesicus serotinus,0.009,0.025,-1,Echolocation,/mnt/ubna_data_01_mir/recover-20220825/UBNA_002/20220823_033000.WAV,Telephone Field,recover-20220825,002,1795
371.6735,371.6842,28906,34836,Eptesicus serotinus,0.024,0.048,-1,Echolocation,/mnt/ubna_data_01_mir/recover-20220825/UBNA_002/20220823_033000.WAV,Telephone Field,recover-20220825,002,1795
371.6835,371.6921,27187,35494,Eptesicus serotinus,0.008,0.023,-1,Echolocation,/mnt/ubna_data_01_mir/recover-20220825/UBNA_002/20220823_033000.WAV,Telephone Field,recover-20220825,002,1795
371.7085,371.7143,38359,51434,Pipistrellus nathusii,0.421,0.542,-1,Echolocation,/mnt/ubna_data_01_mir/recover-20220825/UBNA_002/20220823_033000.WAV,Telephone Field,recover-20220825,002,1795
371.7175,371.7238,32343,40568,Myotis daubentonii,0.012,0.026,-1,Echolocation,/mnt/ubna_data_01_mir/recover-20220825/UBNA_002/20220823_033000.WAV,Telephone Field,recover-20220825,002,1795
371.79449999999997,371.8033,27187,35408,Eptesicus serotinus,0.009,0.023,-1,Echolocation,/mnt/ubna_data_01_mir/recover-20220825/UBNA_002/20220823_033000.WAV,Telephone Field,recover-20220825,002,1795
371.8095,371.8152,40937,48756,Pipistrellus nathusii,0.311,0.397,-1,Echolocation,/mnt/ubna_data_01_mir/recover-20220825/UBNA_002/20220823_033000.WAV,Telephone Field,recover-20220825,002,1795
371.8505,371.88530000000003,68437,80981,Rhinolophus ferrumequinum,0.022,0.022,-1,Echolocation,/mnt/ubna_data_01_mir/recover-20220825/UBNA_002/20220823_033000.WAV,Telephone Field,recover-20220825,002,1795
371.8515,371.8615,39218,46893,Pipistrellus nathusii,0.023,0.037,-1,Echolocation,/mnt/ubna_data_01_mir/recover-20220825/UBNA_002/20220823_033000.WAV,Telephone Field,recover-20220825,002,1795
371.8515,371.8598,30625,41871,Myotis daubentonii,0.008,0.023,-1,Echolocation,/mnt/ubna_data_01_mir/recover-20220825/UBNA_002/20220823_033000.WAV,Telephone Field,recover-20220825,002,1795
371.8705,371.8809,24609,30805,Nyctalus leisleri,0.009,0.024,-1,Echolocation,/mnt/ubna_data_01_mir/recover-20220825/UBNA_002/20220823_033000.WAV,Telephone Field,recover-20220825,002,1795
371.8775,371.8856,44375,50508,Pipistrellus pipistrellus,0.02,0.03,-1,Echolocation,/mnt/ubna_data_01_mir/recover-20220825/UBNA_002/20220823_033000.WAV,Telephone Field,recover-20220825,002,1795
371.8905,371.9006,34062,39552,Pipistrellus nathusii,0.014,0.034,-1,Echolocation,/mnt/ubna_data_01_mir/recover-20220825/UBNA_002/20220823_033000.WAV,Telephone Field,recover-20220825,002,1795
371.8915,371.8986,26328,37428,Eptesicus serotinus,0.007,0.027,-1,Echolocation,/mnt/ubna_data_01_mir/recover-20220825/UBNA_002/20220823_033000.WAV,Telephone Field,recover-20220825,002,1795
371.9265,371.9414,22890,25958,Nyctalus leisleri,0.016,0.025,-1,Echolocation,/mnt/ubna_data_01_mir/recover-20220825/UBNA_002/20220823_033000.WAV,Telephone Field,recover-20220825,002,1795
371.9425,371.948,38359,52117,Pipistrellus nathusii,0.364,0.477,-1,Echolocation,/mnt/ubna_data_01_mir/recover-20220825/UBNA_002/20220823_033000.WAV,Telephone Field,recover-20220825,002,1795
371.9875,371.9971,26328,36984,Eptesicus serotinus,0.014,0.031,-1,Echolocation,/mnt/ubna_data_01_mir/recover-20220825/UBNA_002/20220823_033000.WAV,Telephone Field,recover-20220825,002,1795
372.0015,372.0292,69296,79553,Rhinolophus ferrumequinum,0.044,0.045,-1,Echolocation,/mnt/ubna_data_01_mir/recover-20220825/UBNA_002/20220823_033000.WAV,Telephone Field,recover-20220825,002,1795
372.0025,372.0101,37500,47443,Pipistrellus nathusii,0.463,0.566,-1,Echolocation,/mnt/ubna_data_01_mir/recover-20220825/UBNA_002/20220823_033000.WAV,Telephone Field,recover-20220825,002,1795
372.0275,372.0691,68437,83049,Rhinolophus ferrumequinum,0.031,0.031,-1,Echolocation,/mnt/ubna_data_01_mir/recover-20220825/UBNA_002/20220823_033000.WAV,Telephone Field,recover-20220825,002,1795
372.0345,372.043,28046,36217,Eptesicus serotinus,0.011,0.025,-1,Echolocation,/mnt/ubna_data_01_mir/recover-20220825/UBNA_002/20220823_033000.WAV,Telephone Field,recover-20220825,002,1795
372.0665,372.0735,38359,45982,Pipistrellus nathusii,0.357,0.552,-1,Echolocation,/mnt/ubna_data_01_mir/recover-20220825/UBNA_002/20220823_033000.WAV,Telephone Field,recover-20220825,002,1795
372.1365,372.1467,12578,22101,Barbastellus barbastellus,0.03,0.036,-1,Echolocation,/mnt/ubna_data_01_mir/recover-20220825/UBNA_002/20220823_033000.WAV,Telephone Field,recover-20220825,002,1795
372.1375,372.1443,37500,49151,Pipistrellus nathusii,0.221,0.472,-1,Echolocation,/mnt/ubna_data_01_mir/recover-20220825/UBNA_002/20220823_033000.WAV,Telephone Field,recover-20220825,002,1795
372.1575,372.1687,23750,29156,Nyctalus leisleri,0.013,0.028,-1,Echolocation,/mnt/ubna_data_01_mir/recover-20220825/UBNA_002/20220823_033000.WAV,Telephone Field,recover-20220825,002,1795
372.1635,372.1745,23750,28687,Nyctalus leisleri,0.012,0.027,-1,Echolocation,/mnt/ubna_data_01_mir/recover-20220825/UBNA_002/20220823_033000.WAV,Telephone Field,recover-20220825,002,1795
372.2215,372.227,36640,48692,Pipistrellus nathusii,0.15,0.387,-1,Echolocation,/mnt/ubna_data_01_mir/recover-20220825/UBNA_002/20220823_033000.WAV,Telephone Field,recover-20220825,002,1795
372.2705,372.2893,15156,19999,Nyctalus noctula,0.024,0.033,-1,Echolocation,/mnt/ubna_data_01_mir/recover-20220825/UBNA_002/20220823_033000.WAV,Telephone Field,recover-20220825,002,1795
372.3005,372.3077,40078,47475,Pipistrellus nathusii,0.2,0.373,-1,Echolocation,/mnt/ubna_data_01_mir/recover-20220825/UBNA_002/20220823_033000.WAV,Telephone Field,recover-20220825,002,1795
372.3205,372.3312,15156,21664,Nyctalus noctula,0.015,0.029,-1,Echolocation,/mnt/ubna_data_01_mir/recover-20220825/UBNA_002/20220823_033000.WAV,Telephone Field,recover-20220825,002,1795
372.3535,372.3592,35781,53111,Myotis brandtii,0.014,0.038,-1,Echolocation,/mnt/ubna_data_01_mir/recover-20220825/UBNA_002/20220823_033000.WAV,Telephone Field,recover-20220825,002,1795
372.4055,372.4145,26328,35030,Eptesicus serotinus,0.009,0.024,-1,Echolocation,/mnt/ubna_data_01_mir/recover-20220825/UBNA_002/20220823_033000.WAV,Telephone Field,recover-20220825,002,1795
372.4235,372.4317,40937,47017,Pipistrellus nathusii,0.013,0.027,-1,Echolocation,/mnt/ubna_data_01_mir/recover-20220825/UBNA_002/20220823_033000.WAV,Telephone Field,recover-20220825,002,1795
372.4915,372.4994,27187,37288,Eptesicus serotinus,0.008,0.024,-1,Echolocation,/mnt/ubna_data_01_mir/recover-20220825/UBNA_002/20220823_033000.WAV,Telephone Field,recover-20220825,002,1795
372.4975,372.5065,41796,47205,Pipistrellus nathusii,0.023,0.034,-1,Echolocation,/mnt/ubna_data_01_mir/recover-20220825/UBNA_002/20220823_033000.WAV,Telephone Field,recover-20220825,002,1795
372.5225,372.5286,39218,49619,Pipistrellus nathusii,0.17,0.274,-1,Echolocation,/mnt/ubna_data_01_mir/recover-20220825/UBNA_002/20220823_033000.WAV,Telephone Field,recover-20220825,002,1795
372.5585,372.5687,47812,51377,Pipistrellus pipistrellus,0.023,0.034,-1,Echolocation,/mnt/ubna_data_01_mir/recover-20220825/UBNA_002/20220823_033000.WAV,Telephone Field,recover-20220825,002,1795
372.5645,372.5715,27187,36817,Eptesicus serotinus,0.008,0.024,-1,Echolocation,/mnt/ubna_data_01_mir/recover-20220825/UBNA_002/20220823_033000.WAV,Telephone Field,recover-20220825,002,1795
372.5825,372.6179,68437,80918,Rhinolophus ferrumequinum,0.028,0.028,-1,Echolocation,/mnt/ubna_data_01_mir/recover-20220825/UBNA_002/20220823_033000.WAV,Telephone Field,recover-20220825,002,1795
372.5845,372.5928,27187,36799,Eptesicus serotinus,0.013,0.03,-1,Echolocation,/mnt/ubna_data_01_mir/recover-20220825/UBNA_002/20220823_033000.WAV,Telephone Field,recover-20220825,002,1795
372.6045,372.6164,22890,27592,Nyctalus leisleri,0.012,0.023,-1,Echolocation,/mnt/ubna_data_01_mir/recover-20220825/UBNA_002/20220823_033000.WAV,Telephone Field,recover-20220825,002,1795
372.6165,372.6235,37500,46085,Pipistrellus nathusii,0.168,0.278,-1,Echolocation,/mnt/ubna_data_01_mir/recover-20220825/UBNA_002/20220823_033000.WAV,Telephone Field,recover-20220825,002,1795
372.6525,372.6612,26328,38654,Eptesicus serotinus,0.009,0.025,-1,Echolocation,/mnt/ubna_data_01_mir/recover-20220825/UBNA_002/20220823_033000.WAV,Telephone Field,recover-20220825,002,1795
372.6545,372.6619,36640,46615,Barbastellus barbastellus,0.012,0.032,-1,Echolocation,/mnt/ubna_data_01_mir/recover-20220825/UBNA_002/20220823_033000.WAV,Telephone Field,recover-20220825,002,1795
372.6555,372.6617,31484,46546,Myotis daubentonii,0.01,0.027,-1,Echolocation,/mnt/ubna_data_01_mir/recover-20220825/UBNA_002/20220823_033000.WAV,Telephone Field,recover-20220825,002,1795
372.6755,372.6839,26328,34928,Eptesicus serotinus,0.009,0.024,-1,Echolocation,/mnt/ubna_data_01_mir/recover-20220825/UBNA_002/20220823_033000.WAV,Telephone Field,recover-20220825,002,1795
372.7135,372.7206,39218,48260,Pipistrellus nathusii,0.46,0.568,-1,Echolocation,/mnt/ubna_data_01_mir/recover-20220825/UBNA_002/20220823_033000.WAV,Telephone Field,recover-20220825,002,1795
372.7385,372.7482,22031,27442,Nyctalus leisleri,0.009,0.023,-1,Echolocation,/mnt/ubna_data_01_mir/recover-20220825/UBNA_002/20220823_033000.WAV,Telephone Field,recover-20220825,002,1795
372.7505,372.7884,68437,81914,Rhinolophus ferrumequinum,0.028,0.028,-1,Echolocation,/mnt/ubna_data_01_mir/recover-20220825/UBNA_002/20220823_033000.WAV,Telephone Field,recover-20220825,002,1795
372.7645,372.7725,38359,47325,Pipistrellus nathusii,0.017,0.037,-1,Echolocation,/mnt/ubna_data_01_mir/recover-20220825/UBNA_002/20220823_033000.WAV,Telephone Field,recover-20220825,002,1795
372.7645,372.772,25468,36301,Eptesicus serotinus,0.006,0.024,-1,Echolocation,/mnt/ubna_data_01_mir/recover-20220825/UBNA_002/20220823_033000.WAV,Telephone Field,recover-20220825,002,1795
372.7985,372.8125,21171,24700,Nyctalus leisleri,0.014,0.025,-1,Echolocation,/mnt/ubna_data_01_mir/recover-20220825/UBNA_002/20220823_033000.WAV,Telephone Field,recover-20220825,002,1795
372.8075,372.8159,39218,45473,Pipistrellus nathusii,0.304,0.361,-1,Echolocation,/mnt/ubna_data_01_mir/recover-20220825/UBNA_002/20220823_033000.WAV,Telephone Field,recover-20220825,002,1795
372.8085,372.8146,24609,37643,Eptesicus serotinus,0.004,0.023,-1,Echolocation,/mnt/ubna_data_01_mir/recover-20220825/UBNA_002/20220823_033000.WAV,Telephone Field,recover-20220825,002,1795
372.8265,372.8373,28046,33015,Eptesicus serotinus,0.023,0.047,-1,Echolocation,/mnt/ubna_data_01_mir/recover-20220825/UBNA_002/20220823_033000.WAV,Telephone Field,recover-20220825,002,1795
372.8735,372.9141,68437,82846,Rhinolophus ferrumequinum,0.032,0.032,-1,Echolocation,/mnt/ubna_data_01_mir/recover-20220825/UBNA_002/20220823_033000.WAV,Telephone Field,recover-20220825,002,1795
372.8785,372.8858,31484,45031,Myotis daubentonii,0.009,0.028,-1,Echolocation,/mnt/ubna_data_01_mir/recover-20220825/UBNA_002/20220823_033000.WAV,Telephone Field,recover-20220825,002,1795
372.8995,372.9398,68437,82397,Rhinolophus ferrumequinum,0.024,0.024,-1,Echolocation,/mnt/ubna_data_01_mir/recover-20220825/UBNA_002/20220823_033000.WAV,Telephone Field,recover-20220825,002,1795
372.9005,372.9074,32343,45077,Barbastellus barbastellus,0.008,0.026,-1,Echolocation,/mnt/ubna_data_01_mir/recover-20220825/UBNA_002/20220823_033000.WAV,Telephone Field,recover-20220825,002,1795
372.9355,372.9438,28046,38697,Eptesicus serotinus,0.01,0.029,-1,Echolocation,/mnt/ubna_data_01_mir/recover-20220825/UBNA_002/20220823_033000.WAV,Telephone Field,recover-20220825,002,1795
372.9525,372.9959,68437,82757,Rhinolophus ferrumequinum,0.025,0.025,-1,Echolocation,/mnt/ubna_data_01_mir/recover-20220825/UBNA_002/20220823_033000.WAV,Telephone Field,recover-20220825,002,1795
372.9575,372.9992,68437,82755,Rhinolophus ferrumequinum,0.025,0.025,-1,Echolocation,/mnt/ubna_data_01_mir/recover-20220825/UBNA_002/20220823_033000.WAV,Telephone Field,recover-20220825,002,1795
372.9735,372.9814,27187,37800,Eptesicus serotinus,0.01,0.027,-1,Echolocation,/mnt/ubna_data_01_mir/recover-20220825/UBNA_002/20220823_033000.WAV,Telephone Field,recover-20220825,002,1795
373.0025,373.0084,34062,50402,Myotis brandtii,0.019,0.055,-1,Echolocation,/mnt/ubna_data_01_mir/recover-20220825/UBNA_002/20220823_033000.WAV,Telephone Field,recover-20220825,002,1795
373.0125,373.0224,28046,35146,Eptesicus serotinus,0.013,0.028,-1,Echolocation,/mnt/ubna_data_01_mir/recover-20220825/UBNA_002/20220823_033000.WAV,Telephone Field,recover-20220825,002,1795
373.0125,373.0519,68437,82728,Rhinolophus ferrumequinum,0.027,0.027,-1,Echolocation,/mnt/ubna_data_01_mir/recover-20220825/UBNA_002/20220823_033000.WAV,Telephone Field,recover-20220825,002,1795
373.0285,373.0387,22890,29033,Nyctalus leisleri,0.01,0.027,-1,Echolocation,/mnt/ubna_data_01_mir/recover-20220825/UBNA_002/20220823_033000.WAV,Telephone Field,recover-20220825,002,1795
373.0505,373.0609,22890,28055,Nyctalus leisleri,0.01,0.024,-1,Echolocation,/mnt/ubna_data_01_mir/recover-20220825/UBNA_002/20220823_033000.WAV,Telephone Field,recover-20220825,002,1795
373.0595,373.0977,68437,82691,Rhinolophus ferrumequinum,0.025,0.025,-1,Echolocation,/mnt/ubna_data_01_mir/recover-20220825/UBNA_002/20220823_033000.WAV,Telephone Field,recover-20220825,002,1795
373.1395,373.1454,39218,51415,Pipistrellus nathusii,0.207,0.378,-1,Echolocation,/mnt/ubna_data_01_mir/recover-20220825/UBNA_002/20220823_033000.WAV,Telephone Field,recover-20220825,002,1795
373.1405,373.1567,16875,20592,Nyctalus noctula,0.015,0.029,-1,Echolocation,/mnt/ubna_data_01_mir/recover-20220825/UBNA_002/20220823_033000.WAV,Telephone Field,recover-20220825,002,1795
373.1765,373.2185,68437,83075,Rhinolophus ferrumequinum,0.046,0.046,-1,Echolocation,/mnt/ubna_data_01_mir/recover-20220825/UBNA_002/20220823_033000.WAV,Telephone Field,recover-20220825,002,1795
373.1805,373.188,27187,36154,Eptesicus serotinus,0.007,0.023,-1,Echolocation,/mnt/ubna_data_01_mir/recover-20220825/UBNA_002/20220823_033000.WAV,Telephone Field,recover-20220825,002,1795
373.2395,373.2498,40937,45073,Pipistrellus nathusii,0.034,0.045,-1,Echolocation,/mnt/ubna_data_01_mir/recover-20220825/UBNA_002/20220823_033000.WAV,Telephone Field,recover-20220825,002,1795
373.2405,373.2824,68437,82874,Rhinolophus ferrumequinum,0.043,0.043,-1,Echolocation,/mnt/ubna_data_01_mir/recover-20220825/UBNA_002/20220823_033000.WAV,Telephone Field,recover-20220825,002,1795
373.2685,373.2741,34062,55296,Myotis brandtii,0.012,0.024,-1,Echolocation,/mnt/ubna_data_01_mir/recover-20220825/UBNA_002/20220823_033000.WAV,Telephone Field,recover-20220825,002,1795
373.2955,373.3074,23750,28622,Nyctalus leisleri,0.017,0.035,-1,Echolocation,/mnt/ubna_data_01_mir/recover-20220825/UBNA_002/20220823_033000.WAV,Telephone Field,recover-20220825,002,1795
373.3325,373.3395,26328,35703,Eptesicus serotinus,0.009,0.034,-1,Echolocation,/mnt/ubna_data_01_mir/recover-20220825/UBNA_002/20220823_033000.WAV,Telephone Field,recover-20220825,002,1795
373.3585,373.3671,39218,44840,Pipistrellus nathusii,0.008,0.024,-1,Echolocation,/mnt/ubna_data_01_mir/recover-20220825/UBNA_002/20220823_033000.WAV,Telephone Field,recover-20220825,002,1795
373.3605,373.3689,27187,39412,Eptesicus serotinus,0.009,0.025,-1,Echolocation,/mnt/ubna_data_01_mir/recover-20220825/UBNA_002/20220823_033000.WAV,Telephone Field,recover-20220825,002,1795
373.3845,373.3987,25468,29961,Nyctalus leisleri,0.02,0.041,-1,Echolocation,/mnt/ubna_data_01_mir/recover-20220825/UBNA_002/20220823_033000.WAV,Telephone Field,recover-20220825,002,1795
373.4535,373.4949,68437,82507,Rhinolophus ferrumequinum,0.031,0.031,-1,Echolocation,/mnt/ubna_data_01_mir/recover-20220825/UBNA_002/20220823_033000.WAV,Telephone Field,recover-20220825,002,1795
373.4615,373.4682,36640,47021,Pipistrellus nathusii,0.274,0.552,-1,Echolocation,/mnt/ubna_data_01_mir/recover-20220825/UBNA_002/20220823_033000.WAV,Telephone Field,recover-20220825,002,1795
373.5405,373.5511,26328,31692,Eptesicus serotinus,0.042,0.085,-1,Echolocation,/mnt/ubna_data_01_mir/recover-20220825/UBNA_002/20220823_033000.WAV,Telephone Field,recover-20220825,002,1795
373.5565,373.5637,38359,45899,Pipistrellus nathusii,0.291,0.525,-1,Echolocation,/mnt/ubna_data_01_mir/recover-20220825/UBNA_002/20220823_033000.WAV,Telephone Field,recover-20220825,002,1795
373.5645,373.5745,50390,57832,Pipistrellus pipistrellus,0.017,0.029,-1,Echolocation,/mnt/ubna_data_01_mir/recover-20220825/UBNA_002/20220823_033000.WAV,Telephone Field,recover-20220825,002,1795
373.6285,373.6699,68437,83046,Rhinolophus ferrumequinum,0.04,0.04,-1,Echolocation,/mnt/ubna_data_01_mir/recover-20220825/UBNA_002/20220823_033000.WAV,Telephone Field,recover-20220825,002,1795
373.6455,373.6537,27187,38452,Eptesicus serotinus,0.009,0.025,-1,Echolocation,/mnt/ubna_data_01_mir/recover-20220825/UBNA_002/20220823_033000.WAV,Telephone Field,recover-20220825,002,1795
373.6675,373.6752,28046,36465,Eptesicus serotinus,0.008,0.024,-1,Echolocation,/mnt/ubna_data_01_mir/recover-20220825/UBNA_002/20220823_033000.WAV,Telephone Field,recover-20220825,002,1795
373.6815,373.6874,39218,49678,Pipistrellus nathusii,0.412,0.512,-1,Echolocation,/mnt/ubna_data_01_mir/recover-20220825/UBNA_002/20220823_033000.WAV,Telephone Field,recover-20220825,002,1795
373.7205,373.7615,68437,82734,Rhinolophus ferrumequinum,0.029,0.029,-1,Echolocation,/mnt/ubna_data_01_mir/recover-20220825/UBNA_002/20220823_033000.WAV,Telephone Field,recover-20220825,002,1795
373.7225,373.7289,34062,50238,Myotis brandtii,0.01,0.024,-1,Echolocation,/mnt/ubna_data_01_mir/recover-20220825/UBNA_002/20220823_033000.WAV,Telephone Field,recover-20220825,002,1795
373.7615,373.7688,36640,47910,Pipistrellus nathusii,0.376,0.554,-1,Echolocation,/mnt/ubna_data_01_mir/recover-20220825/UBNA_002/20220823_033000.WAV,Telephone Field,recover-20220825,002,1795
373.8015,373.8109,45234,48526,Pipistrellus pipistrellus,0.026,0.037,-1,Echolocation,/mnt/ubna_data_01_mir/recover-20220825/UBNA_002/20220823_033000.WAV,Telephone Field,recover-20220825,002,1795
373.8045,373.8112,35781,50815,Myotis brandtii,0.011,0.026,-1,Echolocation,/mnt/ubna_data_01_mir/recover-20220825/UBNA_002/20220823_033000.WAV,Telephone Field,recover-20220825,002,1795
373.8195,373.827,27187,37262,Eptesicus serotinus,0.008,0.025,-1,Echolocation,/mnt/ubna_data_01_mir/recover-20220825/UBNA_002/20220823_033000.WAV,Telephone Field,recover-20220825,002,1795
373.8585,373.865,40078,51282,Pipistrellus nathusii,0.103,0.16,-1,Echolocation,/mnt/ubna_data_01_mir/recover-20220825/UBNA_002/20220823_033000.WAV,Telephone Field,recover-20220825,002,1795
373.8675,373.9058,68437,81836,Rhinolophus ferrumequinum,0.024,0.024,-1,Echolocation,/mnt/ubna_data_01_mir/recover-20220825/UBNA_002/20220823_033000.WAV,Telephone Field,recover-20220825,002,1795
373.9135,373.9248,25468,32867,Eptesicus serotinus,0.012,0.031,-1,Echolocation,/mnt/ubna_data_01_mir/recover-20220825/UBNA_002/20220823_033000.WAV,Telephone Field,recover-20220825,002,1795
373.9205,373.9292,25468,33329,Nyctalus leisleri,0.009,0.03,-1,Echolocation,/mnt/ubna_data_01_mir/recover-20220825/UBNA_002/20220823_033000.WAV,Telephone Field,recover-20220825,002,1795
373.9435,373.9841,68437,82584,Rhinolophus ferrumequinum,0.025,0.025,-1,Echolocation,/mnt/ubna_data_01_mir/recover-20220825/UBNA_002/20220823_033000.WAV,Telephone Field,recover-20220825,002,1795
373.9575,373.9649,27187,35631,Eptesicus serotinus,0.007,0.024,-1,Echolocation,/mnt/ubna_data_01_mir/recover-20220825/UBNA_002/20220823_033000.WAV,Telephone Field,recover-20220825,002,1795
373.9735,373.9818,27187,36668,Eptesicus serotinus,0.008,0.024,-1,Echolocation,/mnt/ubna_data_01_mir/recover-20220825/UBNA_002/20220823_033000.WAV,Telephone Field,recover-20220825,002,1795
374.0015,374.0107,24609,32277,Nyctalus leisleri,0.012,0.035,-1,Echolocation,/mnt/ubna_data_01_mir/recover-20220825/UBNA_002/20220823_033000.WAV,Telephone Field,recover-20220825,002,1795
374.0015,374.0322,68437,79685,Rhinolophus ferrumequinum,0.037,0.037,-1,Echolocation,/mnt/ubna_data_01_mir/recover-20220825/UBNA_002/20220823_033000.WAV,Telephone Field,recover-20220825,002,1795
374.0015,374.01,32343,41632,Myotis daubentonii,0.01,0.031,-1,Echolocation,/mnt/ubna_data_01_mir/recover-20220825/UBNA_002/20220823_033000.WAV,Telephone Field,recover-20220825,002,1795
374.0015,374.0097,40937,51478,Myotis brandtii,0.01,0.029,-1,Echolocation,/mnt/ubna_data_01_mir/recover-20220825/UBNA_002/20220823_033000.WAV,Telephone Field,recover-20220825,002,1795
374.0015,374.0161,16875,22818,Nyctalus noctula,0.014,0.027,-1,Echolocation,/mnt/ubna_data_01_mir/recover-20220825/UBNA_002/20220823_033000.WAV,Telephone Field,recover-20220825,002,1795
374.0015,374.0086,48671,56498,Pipistrellus pipistrellus,0.014,0.027,-1,Echolocation,/mnt/ubna_data_01_mir/recover-20220825/UBNA_002/20220823_033000.WAV,Telephone Field,recover-20220825,002,1795
374.0065,374.0157,26328,33890,Myotis daubentonii,0.007,0.025,-1,Echolocation,/mnt/ubna_data_01_mir/recover-20220825/UBNA_002/20220823_033000.WAV,Telephone Field,recover-20220825,002,1795
374.0095,374.0488,68437,82632,Rhinolophus ferrumequinum,0.027,0.027,-1,Echolocation,/mnt/ubna_data_01_mir/recover-20220825/UBNA_002/20220823_033000.WAV,Telephone Field,recover-20220825,002,1795
374.0245,374.0365,22890,27157,Nyctalus leisleri,0.015,0.027,-1,Echolocation,/mnt/ubna_data_01_mir/recover-20220825/UBNA_002/20220823_033000.WAV,Telephone Field,recover-20220825,002,1795
374.0455,374.0543,41796,47108,Pipistrellus nathusii,0.022,0.037,-1,Echolocation,/mnt/ubna_data_01_mir/recover-20220825/UBNA_002/20220823_033000.WAV,Telephone Field,recover-20220825,002,1795
374.0475,374.0551,25468,36697,Eptesicus serotinus,0.007,0.025,-1,Echolocation,/mnt/ubna_data_01_mir/recover-20220825/UBNA_002/20220823_033000.WAV,Telephone Field,recover-20220825,002,1795
374.0515,374.0598,40937,47277,Pipistrellus nathusii,0.019,0.035,-1,Echolocation,/mnt/ubna_data_01_mir/recover-20220825/UBNA_002/20220823_033000.WAV,Telephone Field,recover-20220825,002,1795
374.1035,374.1087,46093,57101,Myotis mystacinus,0.009,0.03,-1,Echolocation,/mnt/ubna_data_01_mir/recover-20220825/UBNA_002/20220823_033000.WAV,Telephone Field,recover-20220825,002,1795
374.1325,374.1401,55546,61354,Pipistrellus pygmaeus,0.03,0.031,-1,Echolocation,/mnt/ubna_data_01_mir/recover-20220825/UBNA_002/20220823_033000.WAV,Telephone Field,recover-20220825,002,1795
374.1365,374.1436,25468,38405,Eptesicus serotinus,0.006,0.025,-1,Echolocation,/mnt/ubna_data_01_mir/recover-20220825/UBNA_002/20220823_033000.WAV,Telephone Field,recover-20220825,002,1795
374.1385,374.14639999999997,38359,47201,Pipistrellus nathusii,0.038,0.081,-1,Echolocation,/mnt/ubna_data_01_mir/recover-20220825/UBNA_002/20220823_033000.WAV,Telephone Field,recover-20220825,002,1795
374.1915,374.2033,32343,37882,Pipistrellus nathusii,0.009,0.027,-1,Echolocation,/mnt/ubna_data_01_mir/recover-20220825/UBNA_002/20220823_033000.WAV,Telephone Field,recover-20220825,002,1795
374.1955,374.2079,55546,62187,Pipistrellus pygmaeus,0.029,0.03,-1,Echolocation,/mnt/ubna_data_01_mir/recover-20220825/UBNA_002/20220823_033000.WAV,Telephone Field,recover-20220825,002,1795
374.2335,374.2385,38359,48867,Pipistrellus nathusii,0.44,0.499,-1,Echolocation,/mnt/ubna_data_01_mir/recover-20220825/UBNA_002/20220823_033000.WAV,Telephone Field,recover-20220825,002,1795
374.2405,374.2461,28046,36351,Myotis daubentonii,0.014,0.026,-1,Echolocation,/mnt/ubna_data_01_mir/recover-20220825/UBNA_002/20220823_033000.WAV,Telephone Field,recover-20220825,002,1795
374.2565,374.296,68437,82508,Rhinolophus ferrumequinum,0.03,0.03,-1,Echolocation,/mnt/ubna_data_01_mir/recover-20220825/UBNA_002/20220823_033000.WAV,Telephone Field,recover-20220825,002,1795
374.2695,374.2769,26328,37075,Eptesicus serotinus,0.007,0.026,-1,Echolocation,/mnt/ubna_data_01_mir/recover-20220825/UBNA_002/20220823_033000.WAV,Telephone Field,recover-20220825,002,1795
374.2915,374.2993,40078,46858,Pipistrellus nathusii,0.059,0.079,-1,Echolocation,/mnt/ubna_data_01_mir/recover-20220825/UBNA_002/20220823_033000.WAV,Telephone Field,recover-20220825,002,1795
374.3325,374.3698,68437,82372,Rhinolophus ferrumequinum,0.024,0.024,-1,Echolocation,/mnt/ubna_data_01_mir/recover-20220825/UBNA_002/20220823_033000.WAV,Telephone Field,recover-20220825,002,1795
374.3545,374.3601,39218,51805,Pipistrellus nathusii,0.185,0.317,-1,Echolocation,/mnt/ubna_data_01_mir/recover-20220825/UBNA_002/20220823_033000.WAV,Telephone Field,recover-20220825,002,1795
374.3825,374.4215,68437,82640,Rhinolophus ferrumequinum,0.024,0.024,-1,Echolocation,/mnt/ubna_data_01_mir/recover-20220825/UBNA_002/20220823_033000.WAV,Telephone Field,recover-20220825,002,1795
374.3835,374.3916,47812,51385,Pipistrellus pipistrellus,0.026,0.03,-1,Echolocation,/mnt/ubna_data_01_mir/recover-20220825/UBNA_002/20220823_033000.WAV,Telephone Field,recover-20220825,002,1795
374.4085,374.4162,26328,37360,Eptesicus serotinus,0.008,0.024,-1,Echolocation,/mnt/ubna_data_01_mir/recover-20220825/UBNA_002/20220823_033000.WAV,Telephone Field,recover-20220825,002,1795
374.4135,374.4502,68437,81836,Rhinolophus ferrumequinum,0.025,0.025,-1,Echolocation,/mnt/ubna_data_01_mir/recover-20220825/UBNA_002/20220823_033000.WAV,Telephone Field,recover-20220825,002,1795
374.4355,374.4412,37500,50648,Myotis brandtii,0.035,0.083,-1,Echolocation,/mnt/ubna_data_01_mir/recover-20220825/UBNA_002/20220823_033000.WAV,Telephone Field,recover-20220825,002,1795
374.4485,374.4881,68437,82534,Rhinolophus ferrumequinum,0.024,0.024,-1,Echolocation,/mnt/ubna_data_01_mir/recover-20220825/UBNA_002/20220823_033000.WAV,Telephone Field,recover-20220825,002,1795
374.4495,374.4579,26328,34526,Eptesicus serotinus,0.007,0.026,-1,Echolocation,/mnt/ubna_data_01_mir/recover-20220825/UBNA_002/20220823_033000.WAV,Telephone Field,recover-20220825,002,1795
374.4735,374.4809,26328,36453,Eptesicus serotinus,0.007,0.026,-1,Echolocation,/mnt/ubna_data_01_mir/recover-20220825/UBNA_002/20220823_033000.WAV,Telephone Field,recover-20220825,002,1795
374.4755,374.4849,50390,54950,Pipistrellus pipistrellus,0.026,0.036,-1,Echolocation,/mnt/ubna_data_01_mir/recover-20220825/UBNA_002/20220823_033000.WAV,Telephone Field,recover-20220825,002,1795
374.4875,374.5245,68437,82019,Rhinolophus ferrumequinum,0.023,0.024,-1,Echolocation,/mnt/ubna_data_01_mir/recover-20220825/UBNA_002/20220823_033000.WAV,Telephone Field,recover-20220825,002,1795
374.4925,374.5039,28046,35616,Eptesicus serotinus,0.014,0.029,-1,Echolocation,/mnt/ubna_data_01_mir/recover-20220825/UBNA_002/20220823_033000.WAV,Telephone Field,recover-20220825,002,1795
374.5035,374.5107,29765,42659,Myotis daubentonii,0.012,0.028,-1,Echolocation,/mnt/ubna_data_01_mir/recover-20220825/UBNA_002/20220823_033000.WAV,Telephone Field,recover-20220825,002,1795
374.5275,374.5326,38359,50043,Pipistrellus nathusii,0.207,0.449,-1,Echolocation,/mnt/ubna_data_01_mir/recover-20220825/UBNA_002/20220823_033000.WAV,Telephone Field,recover-20220825,002,1795
374.5515,374.5614,22031,27364,Nyctalus leisleri,0.01,0.024,-1,Echolocation,/mnt/ubna_data_01_mir/recover-20220825/UBNA_002/20220823_033000.WAV,Telephone Field,recover-20220825,002,1795
374.5695,374.6074,68437,81844,Rhinolophus ferrumequinum,0.027,0.027,-1,Echolocation,/mnt/ubna_data_01_mir/recover-20220825/UBNA_002/20220823_033000.WAV,Telephone Field,recover-20220825,002,1795
374.6215,374.6266,39218,49447,Pipistrellus nathusii,0.23,0.349,-1,Echolocation,/mnt/ubna_data_01_mir/recover-20220825/UBNA_002/20220823_033000.WAV,Telephone Field,recover-20220825,002,1795
374.6705,374.6783,27187,36529,Eptesicus serotinus,0.012,0.034,-1,Echolocation,/mnt/ubna_data_01_mir/recover-20220825/UBNA_002/20220823_033000.WAV,Telephone Field,recover-20220825,002,1795
374.6975,374.706,41796,45860,Pipistrellus nathusii,0.029,0.04,-1,Echolocation,/mnt/ubna_data_01_mir/recover-20220825/UBNA_002/20220823_033000.WAV,Telephone Field,recover-20220825,002,1795
374.7135,374.721,41796,50286,Pipistrellus nathusii,0.205,0.341,-1,Echolocation,/mnt/ubna_data_01_mir/recover-20220825/UBNA_002/20220823_033000.WAV,Telephone Field,recover-20220825,002,1795
374.7345,374.776,68437,83091,Rhinolophus ferrumequinum,0.031,0.031,-1,Echolocation,/mnt/ubna_data_01_mir/recover-20220825/UBNA_002/20220823_033000.WAV,Telephone Field,recover-20220825,002,1795
374.7785,374.7855,31484,43604,Myotis daubentonii,0.009,0.027,-1,Echolocation,/mnt/ubna_data_01_mir/recover-20220825/UBNA_002/20220823_033000.WAV,Telephone Field,recover-20220825,002,1795
374.7785,374.7872,46953,51129,Pipistrellus pipistrellus,0.024,0.03,-1,Echolocation,/mnt/ubna_data_01_mir/recover-20220825/UBNA_002/20220823_033000.WAV,Telephone Field,recover-20220825,002,1795
374.7795,374.787,26328,35729,Eptesicus serotinus,0.007,0.027,-1,Echolocation,/mnt/ubna_data_01_mir/recover-20220825/UBNA_002/20220823_033000.WAV,Telephone Field,recover-20220825,002,1795
374.8085,374.8137,41796,52135,Pipistrellus nathusii,0.255,0.332,-1,Echolocation,/mnt/ubna_data_01_mir/recover-20220825/UBNA_002/20220823_033000.WAV,Telephone Field,recover-20220825,002,1795
374.8345,374.8717,68437,82535,Rhinolophus ferrumequinum,0.026,0.026,-1,Echolocation,/mnt/ubna_data_01_mir/recover-20220825/UBNA_002/20220823_033000.WAV,Telephone Field,recover-20220825,002,1795
374.8475,374.8535,35781,50201,Myotis brandtii,0.01,0.024,-1,Echolocation,/mnt/ubna_data_01_mir/recover-20220825/UBNA_002/20220823_033000.WAV,Telephone Field,recover-20220825,002,1795
374.8905,374.9265,68437,81869,Rhinolophus ferrumequinum,0.024,0.024,-1,Echolocation,/mnt/ubna_data_01_mir/recover-20220825/UBNA_002/20220823_033000.WAV,Telephone Field,recover-20220825,002,1795
374.8985,374.9043,40937,48549,Pipistrellus nathusii,0.298,0.419,-1,Echolocation,/mnt/ubna_data_01_mir/recover-20220825/UBNA_002/20220823_033000.WAV,Telephone Field,recover-20220825,002,1795
374.8995,374.9045,27187,48824,Myotis daubentonii,0.033,0.054,-1,Echolocation,/mnt/ubna_data_01_mir/recover-20220825/UBNA_002/20220823_033000.WAV,Telephone Field,recover-20220825,002,1795
374.9145,374.9546,68437,82911,Rhinolophus ferrumequinum,0.034,0.034,-1,Echolocation,/mnt/ubna_data_01_mir/recover-20220825/UBNA_002/20220823_033000.WAV,Telephone Field,recover-20220825,002,1795
374.9305,374.9399,37500,43424,Pipistrellus nathusii,0.024,0.041,-1,Echolocation,/mnt/ubna_data_01_mir/recover-20220825/UBNA_002/20220823_033000.WAV,Telephone Field,recover-20220825,002,1795
374.9675,375.0073,68437,83013,Rhinolophus ferrumequinum,0.025,0.025,-1,Echolocation,/mnt/ubna_data_01_mir/recover-20220825/UBNA_002/20220823_033000.WAV,Telephone Field,recover-20220825,002,1795
374.9775,374.9864,41796,49424,Pipistrellus nathusii,0.157,0.216,-1,Echolocation,/mnt/ubna_data_01_mir/recover-20220825/UBNA_002/20220823_033000.WAV,Telephone Field,recover-20220825,002,1795
374.9995,375.0072,26328,35889,Eptesicus serotinus,0.008,0.027,-1,Echolocation,/mnt/ubna_data_01_mir/recover-20220825/UBNA_002/20220823_033000.WAV,Telephone Field,recover-20220825,002,1795
375.0015,375.0416,68437,83174,Rhinolophus ferrumequinum,0.053,0.053,-1,Echolocation,/mnt/ubna_data_01_mir/recover-20220825/UBNA_002/20220823_033000.WAV,Telephone Field,recover-20220825,002,1795
375.0305,375.0669,68437,81610,Rhinolophus ferrumequinum,0.03,0.03,-1,Echolocation,/mnt/ubna_data_01_mir/recover-20220825/UBNA_002/20220823_033000.WAV,Telephone Field,recover-20220825,002,1795
375.0345,375.0404,34062,43772,Barbastellus barbastellus,0.067,0.163,-1,Echolocation,/mnt/ubna_data_01_mir/recover-20220825/UBNA_002/20220823_033000.WAV,Telephone Field,recover-20220825,002,1795
375.0665,375.1064,68437,82690,Rhinolophus ferrumequinum,0.024,0.024,-1,Echolocation,/mnt/ubna_data_01_mir/recover-20220825/UBNA_002/20220823_033000.WAV,Telephone Field,recover-20220825,002,1795
375.0705,375.0803,41796,47196,Pipistrellus nathusii,0.144,0.171,-1,Echolocation,/mnt/ubna_data_01_mir/recover-20220825/UBNA_002/20220823_033000.WAV,Telephone Field,recover-20220825,002,1795
375.0715,375.0804,25468,33261,Eptesicus serotinus,0.008,0.027,-1,Echolocation,/mnt/ubna_data_01_mir/recover-20220825/UBNA_002/20220823_033000.WAV,Telephone Field,recover-20220825,002,1795
375.0845,375.0921,26328,41527,Eptesicus serotinus,0.007,0.024,-1,Echolocation,/mnt/ubna_data_01_mir/recover-20220825/UBNA_002/20220823_033000.WAV,Telephone Field,recover-20220825,002,1795
375.1155,375.15409999999997,68437,82258,Rhinolophus ferrumequinum,0.027,0.027,-1,Echolocation,/mnt/ubna_data_01_mir/recover-20220825/UBNA_002/20220823_033000.WAV,Telephone Field,recover-20220825,002,1795
375.1535,375.1615,41796,47178,Pipistrellus nathusii,0.015,0.033,-1,Echolocation,/mnt/ubna_data_01_mir/recover-20220825/UBNA_002/20220823_033000.WAV,Telephone Field,recover-20220825,002,1795
375.1545,375.1649,23750,29720,Nyctalus leisleri,0.01,0.025,-1,Echolocation,/mnt/ubna_data_01_mir/recover-20220825/UBNA_002/20220823_033000.WAV,Telephone Field,recover-20220825,002,1795
375.1725,375.1844,23750,28503,Nyctalus leisleri,0.014,0.028,-1,Echolocation,/mnt/ubna_data_01_mir/recover-20220825/UBNA_002/20220823_033000.WAV,Telephone Field,recover-20220825,002,1795
375.1755,375.2127,68437,82402,Rhinolophus ferrumequinum,0.024,0.024,-1,Echolocation,/mnt/ubna_data_01_mir/recover-20220825/UBNA_002/20220823_033000.WAV,Telephone Field,recover-20220825,002,1795
375.2045,375.2421,68437,81126,Rhinolophus ferrumequinum,0.027,0.027,-1,Echolocation,/mnt/ubna_data_01_mir/recover-20220825/UBNA_002/20220823_033000.WAV,Telephone Field,recover-20220825,002,1795
375.2185,375.2252,26328,38120,Eptesicus serotinus,0.006,0.024,-1,Echolocation,/mnt/ubna_data_01_mir/recover-20220825/UBNA_002/20220823_033000.WAV,Telephone Field,recover-20220825,002,1795
375.2405,375.2476,25468,37182,Eptesicus serotinus,0.006,0.027,-1,Echolocation,/mnt/ubna_data_01_mir/recover-20220825/UBNA_002/20220823_033000.WAV,Telephone Field,recover-20220825,002,1795
375.2415,375.2471,30625,48719,Myotis daubentonii,0.013,0.024,-1,Echolocation,/mnt/ubna_data_01_mir/recover-20220825/UBNA_002/20220823_033000.WAV,Telephone Field,recover-20220825,002,1795
375.2805,375.2881,26328,36674,Eptesicus serotinus,0.007,0.024,-1,Echolocation,/mnt/ubna_data_01_mir/recover-20220825/UBNA_002/20220823_033000.WAV,Telephone Field,recover-20220825,002,1795
375.3455,375.3557,27187,35554,Eptesicus serotinus,0.011,0.027,-1,Echolocation,/mnt/ubna_data_01_mir/recover-20220825/UBNA_002/20220823_033000.WAV,Telephone Field,recover-20220825,002,1795
375.3655,375.4087,68437,83298,Rhinolophus ferrumequinum,0.032,0.032,-1,Echolocation,/mnt/ubna_data_01_mir/recover-20220825/UBNA_002/20220823_033000.WAV,Telephone Field,recover-20220825,002,1795
375.3715,375.3783,40937,50638,Pipistrellus nathusii,0.082,0.177,-1,Echolocation,/mnt/ubna_data_01_mir/recover-20220825/UBNA_002/20220823_033000.WAV,Telephone Field,recover-20220825,002,1795
375.3915,375.3987,26328,35795,Eptesicus serotinus,0.008,0.026,-1,Echolocation,/mnt/ubna_data_01_mir/recover-20220825/UBNA_002/20220823_033000.WAV,Telephone Field,recover-20220825,002,1795
375.4335,375.4387,33203,46902,Myotis daubentonii,0.033,0.054,-1,Echolocation,/mnt/ubna_data_01_mir/recover-20220825/UBNA_002/20220823_033000.WAV,Telephone Field,recover-20220825,002,1795
375.4545,375.4605,39218,50377,Pipistrellus nathusii,0.208,0.318,-1,Echolocation,/mnt/ubna_data_01_mir/recover-20220825/UBNA_002/20220823_033000.WAV,Telephone Field,recover-20220825,002,1795
375.45550000000003,375.4608,32343,55644,Myotis brandtii,0.144,0.293,-1,Echolocation,/mnt/ubna_data_01_mir/recover-20220825/UBNA_002/20220823_033000.WAV,Telephone Field,recover-20220825,002,1795
375.4645,375.4737,26328,32937,Eptesicus serotinus,0.009,0.032,-1,Echolocation,/mnt/ubna_data_01_mir/recover-20220825/UBNA_002/20220823_033000.WAV,Telephone Field,recover-20220825,002,1795
375.5015,375.5102,26328,35273,Eptesicus serotinus,0.008,0.026,-1,Echolocation,/mnt/ubna_data_01_mir/recover-20220825/UBNA_002/20220823_033000.WAV,Telephone Field,recover-20220825,002,1795
375.5295,375.5405,34062,38684,Pipistrellus nathusii,0.013,0.028,-1,Echolocation,/mnt/ubna_data_01_mir/recover-20220825/UBNA_002/20220823_033000.WAV,Telephone Field,recover-20220825,002,1795
375.5325,375.5408,27187,34273,Eptesicus serotinus,0.007,0.024,-1,Echolocation,/mnt/ubna_data_01_mir/recover-20220825/UBNA_002/20220823_033000.WAV,Telephone Field,recover-20220825,002,1795
375.5355,375.5731,68437,82808,Rhinolophus ferrumequinum,0.025,0.025,-1,Echolocation,/mnt/ubna_data_01_mir/recover-20220825/UBNA_002/20220823_033000.WAV,Telephone Field,recover-20220825,002,1795
375.5475,375.5526,37500,49131,Myotis daubentonii,0.152,0.405,-1,Echolocation,/mnt/ubna_data_01_mir/recover-20220825/UBNA_002/20220823_033000.WAV,Telephone Field,recover-20220825,002,1795
375.5815,375.6231,68437,82873,Rhinolophus ferrumequinum,0.027,0.027,-1,Echolocation,/mnt/ubna_data_01_mir/recover-20220825/UBNA_002/20220823_033000.WAV,Telephone Field,recover-20220825,002,1795
375.5945,375.6044,37500,43207,Pipistrellus nathusii,0.023,0.037,-1,Echolocation,/mnt/ubna_data_01_mir/recover-20220825/UBNA_002/20220823_033000.WAV,Telephone Field,recover-20220825,002,1795
375.5965,375.6347,68437,83109,Rhinolophus ferrumequinum,0.023,0.023,-1,Echolocation,/mnt/ubna_data_01_mir/recover-20220825/UBNA_002/20220823_033000.WAV,Telephone Field,recover-20220825,002,1795
375.6085,375.6161,39218,49256,Pipistrellus nathusii,0.011,0.025,-1,Echolocation,/mnt/ubna_data_01_mir/recover-20220825/UBNA_002/20220823_033000.WAV,Telephone Field,recover-20220825,002,1795
375.6155,375.6268,24609,30207,Eptesicus serotinus,0.03,0.073,-1,Echolocation,/mnt/ubna_data_01_mir/recover-20220825/UBNA_002/20220823_033000.WAV,Telephone Field,recover-20220825,002,1795
375.6375,375.6773,68437,82351,Rhinolophus ferrumequinum,0.029,0.029,-1,Echolocation,/mnt/ubna_data_01_mir/recover-20220825/UBNA_002/20220823_033000.WAV,Telephone Field,recover-20220825,002,1795
375.6375,375.6434,37500,50239,Pipistrellus nathusii,0.187,0.474,-1,Echolocation,/mnt/ubna_data_01_mir/recover-20220825/UBNA_002/20220823_033000.WAV,Telephone Field,recover-20220825,002,1795
375.6475,375.6568,27187,34309,Eptesicus serotinus,0.009,0.027,-1,Echolocation,/mnt/ubna_data_01_mir/recover-20220825/UBNA_002/20220823_033000.WAV,Telephone Field,recover-20220825,002,1795
375.6665,375.674,26328,38266,Eptesicus serotinus,0.009,0.027,-1,Echolocation,/mnt/ubna_data_01_mir/recover-20220825/UBNA_002/20220823_033000.WAV,Telephone Field,recover-20220825,002,1795
375.6945,375.7015,25468,34867,Eptesicus serotinus,0.007,0.026,-1,Echolocation,/mnt/ubna_data_01_mir/recover-20220825/UBNA_002/20220823_033000.WAV,Telephone Field,recover-20220825,002,1795
375.7045,375.7145,23750,29995,Nyctalus leisleri,0.009,0.025,-1,Echolocation,/mnt/ubna_data_01_mir/recover-20220825/UBNA_002/20220823_033000.WAV,Telephone Field,recover-20220825,002,1795
375.7255,375.7357,27187,35700,Eptesicus serotinus,0.022,0.041,-1,Echolocation,/mnt/ubna_data_01_mir/recover-20220825/UBNA_002/20220823_033000.WAV,Telephone Field,recover-20220825,002,1795
375.7375,375.7436,38359,47365,Pipistrellus nathusii,0.208,0.333,-1,Echolocation,/mnt/ubna_data_01_mir/recover-20220825/UBNA_002/20220823_033000.WAV,Telephone Field,recover-20220825,002,1795
375.7585,375.8008,68437,83418,Rhinolophus ferrumequinum,0.046,0.046,-1,Echolocation,/mnt/ubna_data_01_mir/recover-20220825/UBNA_002/20220823_033000.WAV,Telephone Field,recover-20220825,002,1795
375.8035,375.8429,68437,83044,Rhinolophus ferrumequinum,0.026,0.026,-1,Echolocation,/mnt/ubna_data_01_mir/recover-20220825/UBNA_002/20220823_033000.WAV,Telephone Field,recover-20220825,002,1795
375.8105,375.821,23750,29986,Nyctalus leisleri,0.009,0.024,-1,Echolocation,/mnt/ubna_data_01_mir/recover-20220825/UBNA_002/20220823_033000.WAV,Telephone Field,recover-20220825,002,1795
375.8295,375.836,37500,47418,Pipistrellus nathusii,0.239,0.468,-1,Echolocation,/mnt/ubna_data_01_mir/recover-20220825/UBNA_002/20220823_033000.WAV,Telephone Field,recover-20220825,002,1795
375.8485,375.855,54687,59976,Pipistrellus pygmaeus,0.024,0.025,-1,Echolocation,/mnt/ubna_data_01_mir/recover-20220825/UBNA_002/20220823_033000.WAV,Telephone Field,recover-20220825,002,1795
375.91949999999997,375.9262,13437,26653,Barbastellus barbastellus,0.041,0.046,-1,Echolocation,/mnt/ubna_data_01_mir/recover-20220825/UBNA_002/20220823_033000.WAV,Telephone Field,recover-20220825,002,1795
375.91949999999997,375.9251,38359,49097,Pipistrellus nathusii,0.387,0.548,-1,Echolocation,/mnt/ubna_data_01_mir/recover-20220825/UBNA_002/20220823_033000.WAV,Telephone Field,recover-20220825,002,1795
375.9475,375.9552,49531,55714,Pipistrellus pipistrellus,0.019,0.026,-1,Echolocation,/mnt/ubna_data_01_mir/recover-20220825/UBNA_002/20220823_033000.WAV,Telephone Field,recover-20220825,002,1795
375.9495,375.9617,27187,32940,Eptesicus serotinus,0.018,0.034,-1,Echolocation,/mnt/ubna_data_01_mir/recover-20220825/UBNA_002/20220823_033000.WAV,Telephone Field,recover-20220825,002,1795
375.9595,375.9945,68437,82182,Rhinolophus ferrumequinum,0.036,0.036,-1,Echolocation,/mnt/ubna_data_01_mir/recover-20220825/UBNA_002/20220823_033000.WAV,Telephone Field,recover-20220825,002,1795
375.9615,375.9701,26328,36180,Eptesicus serotinus,0.009,0.026,-1,Echolocation,/mnt/ubna_data_01_mir/recover-20220825/UBNA_002/20220823_033000.WAV,Telephone Field,recover-20220825,002,1795
376.0015,376.0105,23750,31406,Nyctalus leisleri,0.008,0.024,-1,Echolocation,/mnt/ubna_data_01_mir/recover-20220825/UBNA_002/20220823_033000.WAV,Telephone Field,recover-20220825,002,1795
376.0015,376.0339,68437,79432,Rhinolophus ferrumequinum,0.031,0.031,-1,Echolocation,/mnt/ubna_data_01_mir/recover-20220825/UBNA_002/20220823_033000.WAV,Telephone Field,recover-20220825,002,1795
376.0015,376.0104,47812,55007,Pipistrellus pipistrellus,0.02,0.025,-1,Echolocation,/mnt/ubna_data_01_mir/recover-20220825/UBNA_002/20220823_033000.WAV,Telephone Field,recover-20220825,002,1795
376.0105,376.0529,68437,82356,Rhinolophus ferrumequinum,0.021,0.021,-1,Echolocation,/mnt/ubna_data_01_mir/recover-20220825/UBNA_002/20220823_033000.WAV,Telephone Field,recover-20220825,002,1795
376.0365,376.0436,23750,32737,Plecotus austriacus,0.011,0.024,-1,Echolocation,/mnt/ubna_data_01_mir/recover-20220825/UBNA_002/20220823_033000.WAV,Telephone Field,recover-20220825,002,1795
376.0365,376.0738,68437,81461,Rhinolophus ferrumequinum,0.02,0.02,-1,Echolocation,/mnt/ubna_data_01_mir/recover-20220825/UBNA_002/20220823_033000.WAV,Telephone Field,recover-20220825,002,1795
376.0615,376.1012,68437,82165,Rhinolophus ferrumequinum,0.022,0.022,-1,Echolocation,/mnt/ubna_data_01_mir/recover-20220825/UBNA_002/20220823_033000.WAV,Telephone Field,recover-20220825,002,1795
376.0825,376.0942,22031,25796,Nyctalus leisleri,0.013,0.023,-1,Echolocation,/mnt/ubna_data_01_mir/recover-20220825/UBNA_002/20220823_033000.WAV,Telephone Field,recover-20220825,002,1795
376.0945,376.1014,28046,39970,Eptesicus serotinus,0.006,0.021,-1,Echolocation,/mnt/ubna_data_01_mir/recover-20220825/UBNA_002/20220823_033000.WAV,Telephone Field,recover-20220825,002,1795
376.1415,376.1856,68437,83584,Rhinolophus ferrumequinum,0.028,0.028,-1,Echolocation,/mnt/ubna_data_01_mir/recover-20220825/UBNA_002/20220823_033000.WAV,Telephone Field,recover-20220825,002,1795
376.1535,376.1952,68437,82826,Rhinolophus ferrumequinum,0.027,0.027,-1,Echolocation,/mnt/ubna_data_01_mir/recover-20220825/UBNA_002/20220823_033000.WAV,Telephone Field,recover-20220825,002,1795
376.2045,376.2454,68437,82680,Rhinolophus ferrumequinum,0.033,0.033,-1,Echolocation,/mnt/ubna_data_01_mir/recover-20220825/UBNA_002/20220823_033000.WAV,Telephone Field,recover-20220825,002,1795
376.2045,376.2153,22890,28431,Nyctalus leisleri,0.01,0.024,-1,Echolocation,/mnt/ubna_data_01_mir/recover-20220825/UBNA_002/20220823_033000.WAV,Telephone Field,recover-20220825,002,1795
376.2345,376.2726,68437,82252,Rhinolophus ferrumequinum,0.022,0.022,-1,Echolocation,/mnt/ubna_data_01_mir/recover-20220825/UBNA_002/20220823_033000.WAV,Telephone Field,recover-20220825,002,1795
376.2475,376.281,68437,81263,Rhinolophus ferrumequinum,0.02,0.02,-1,Echolocation,/mnt/ubna_data_01_mir/recover-20220825/UBNA_002/20220823_033000.WAV,Telephone Field,recover-20220825,002,1795
376.2625,376.3018,68437,81707,Rhinolophus ferrumequinum,0.02,0.02,-1,Echolocation,/mnt/ubna_data_01_mir/recover-20220825/UBNA_002/20220823_033000.WAV,Telephone Field,recover-20220825,002,1795
376.2775,376.3237,68437,83754,Rhinolophus ferrumequinum,0.035,0.035,-1,Echolocation,/mnt/ubna_data_01_mir/recover-20220825/UBNA_002/20220823_033000.WAV,Telephone Field,recover-20220825,002,1795
376.2975,376.3054,28046,39178,Eptesicus serotinus,0.007,0.021,-1,Echolocation,/mnt/ubna_data_01_mir/recover-20220825/UBNA_002/20220823_033000.WAV,Telephone Field,recover-20220825,002,1795
376.3155,376.327,23750,27528,Nyctalus leisleri,0.012,0.022,-1,Echolocation,/mnt/ubna_data_01_mir/recover-20220825/UBNA_002/20220823_033000.WAV,Telephone Field,recover-20220825,002,1795
376.3155,376.3539,68437,81399,Rhinolophus ferrumequinum,0.025,0.025,-1,Echolocation,/mnt/ubna_data_01_mir/recover-20220825/UBNA_002/20220823_033000.WAV,Telephone Field,recover-20220825,002,1795
376.3385,376.3732,68437,80639,Rhinolophus ferrumequinum,0.021,0.021,-1,Echolocation,/mnt/ubna_data_01_mir/recover-20220825/UBNA_002/20220823_033000.WAV,Telephone Field,recover-20220825,002,1795
376.4085,376.4496,68437,82264,Rhinolophus ferrumequinum,0.022,0.022,-1,Echolocation,/mnt/ubna_data_01_mir/recover-20220825/UBNA_002/20220823_033000.WAV,Telephone Field,recover-20220825,002,1795
376.4095,376.4201,27187,34720,Eptesicus serotinus,0.012,0.024,-1,Echolocation,/mnt/ubna_data_01_mir/recover-20220825/UBNA_002/20220823_033000.WAV,Telephone Field,recover-20220825,002,1795
376.4145,376.4558,68437,82799,Rhinolophus ferrumequinum,0.022,0.022,-1,Echolocation,/mnt/ubna_data_01_mir/recover-20220825/UBNA_002/20220823_033000.WAV,Telephone Field,recover-20220825,002,1795
376.4275,376.4646,68437,82518,Rhinolophus ferrumequinum,0.021,0.021,-1,Echolocation,/mnt/ubna_data_01_mir/recover-20220825/UBNA_002/20220823_033000.WAV,Telephone Field,recover-20220825,002,1795
376.4425,376.4517,28906,38043,Eptesicus serotinus,0.012,0.03,-1,Echolocation,/mnt/ubna_data_01_mir/recover-20220825/UBNA_002/20220823_033000.WAV,Telephone Field,recover-20220825,002,1795
376.4565,376.495,68437,82328,Rhinolophus ferrumequinum,0.021,0.021,-1,Echolocation,/mnt/ubna_data_01_mir/recover-20220825/UBNA_002/20220823_033000.WAV,Telephone Field,recover-20220825,002,1795
376.4845,376.5238,68437,82285,Rhinolophus ferrumequinum,0.02,0.02,-1,Echolocation,/mnt/ubna_data_01_mir/recover-20220825/UBNA_002/20220823_033000.WAV,Telephone Field,recover-20220825,002,1795
376.4925,376.50509999999997,23750,29169,Nyctalus leisleri,0.012,0.026,-1,Echolocation,/mnt/ubna_data_01_mir/recover-20220825/UBNA_002/20220823_033000.WAV,Telephone Field,recover-20220825,002,1795
376.4955,376.5331,68437,81576,Rhinolophus ferrumequinum,0.02,0.02,-1,Echolocation,/mnt/ubna_data_01_mir/recover-20220825/UBNA_002/20220823_033000.WAV,Telephone Field,recover-20220825,002,1795
376.5315,376.5748,68437,83277,Rhinolophus ferrumequinum,0.038,0.038,-1,Echolocation,/mnt/ubna_data_01_mir/recover-20220825/UBNA_002/20220823_033000.WAV,Telephone Field,recover-20220825,002,1795
376.5405,376.5478,22890,32329,Plecotus austriacus,0.034,0.063,-1,Echolocation,/mnt/ubna_data_01_mir/recover-20220825/UBNA_002/20220823_033000.WAV,Telephone Field,recover-20220825,002,1795
376.5735,376.6188,68437,83355,Rhinolophus ferrumequinum,0.046,0.046,-1,Echolocation,/mnt/ubna_data_01_mir/recover-20220825/UBNA_002/20220823_033000.WAV,Telephone Field,recover-20220825,002,1795
376.5995,376.6371,68437,81593,Rhinolophus ferrumequinum,0.021,0.021,-1,Echolocation,/mnt/ubna_data_01_mir/recover-20220825/UBNA_002/20220823_033000.WAV,Telephone Field,recover-20220825,002,1795
376.5995,376.6058,28046,42361,Eptesicus serotinus,0.007,0.028,-1,Echolocation,/mnt/ubna_data_01_mir/recover-20220825/UBNA_002/20220823_033000.WAV,Telephone Field,recover-20220825,002,1795
376.6095,376.6511,68437,82514,Rhinolophus ferrumequinum,0.022,0.022,-1,Echolocation,/mnt/ubna_data_01_mir/recover-20220825/UBNA_002/20220823_033000.WAV,Telephone Field,recover-20220825,002,1795
376.6145,376.62239999999997,28046,41696,Eptesicus serotinus,0.007,0.02,-1,Echolocation,/mnt/ubna_data_01_mir/recover-20220825/UBNA_002/20220823_033000.WAV,Telephone Field,recover-20220825,002,1795
376.6305,376.6689,68437,81591,Rhinolophus ferrumequinum,0.021,0.022,-1,Echolocation,/mnt/ubna_data_01_mir/recover-20220825/UBNA_002/20220823_033000.WAV,Telephone Field,recover-20220825,002,1795
376.6475,376.6876,68437,82473,Rhinolophus ferrumequinum,0.021,0.021,-1,Echolocation,/mnt/ubna_data_01_mir/recover-20220825/UBNA_002/20220823_033000.WAV,Telephone Field,recover-20220825,002,1795
376.6735,376.683,47812,56047,Pipistrellus pipistrellus,0.022,0.025,-1,Echolocation,/mnt/ubna_data_01_mir/recover-20220825/UBNA_002/20220823_033000.WAV,Telephone Field,recover-20220825,002,1795
376.6755,376.7165,68437,82478,Rhinolophus ferrumequinum,0.032,0.032,-1,Echolocation,/mnt/ubna_data_01_mir/recover-20220825/UBNA_002/20220823_033000.WAV,Telephone Field,recover-20220825,002,1795
376.7275,376.7669,68437,82214,Rhinolophus ferrumequinum,0.021,0.021,-1,Echolocation,/mnt/ubna_data_01_mir/recover-20220825/UBNA_002/20220823_033000.WAV,Telephone Field,recover-20220825,002,1795
376.7395,376.7518,24609,30211,Nyctalus leisleri,0.011,0.024,-1,Echolocation,/mnt/ubna_data_01_mir/recover-20220825/UBNA_002/20220823_033000.WAV,Telephone Field,recover-20220825,002,1795
376.7635,376.805,68437,83051,Rhinolophus ferrumequinum,0.029,0.029,-1,Echolocation,/mnt/ubna_data_01_mir/recover-20220825/UBNA_002/20220823_033000.WAV,Telephone Field,recover-20220825,002,1795
376.7985,376.8073,22031,28536,Plecotus austriacus,0.011,0.025,-1,Echolocation,/mnt/ubna_data_01_mir/recover-20220825/UBNA_002/20220823_033000.WAV,Telephone Field,recover-20220825,002,1795
376.8045,376.8419,68437,81545,Rhinolophus ferrumequinum,0.024,0.024,-1,Echolocation,/mnt/ubna_data_01_mir/recover-20220825/UBNA_002/20220823_033000.WAV,Telephone Field,recover-20220825,002,1795
376.8145,376.8541,68437,82818,Rhinolophus ferrumequinum,0.025,0.025,-1,Echolocation,/mnt/ubna_data_01_mir/recover-20220825/UBNA_002/20220823_033000.WAV,Telephone Field,recover-20220825,002,1795
376.8205,376.8295,28906,38022,Eptesicus serotinus,0.007,0.021,-1,Echolocation,/mnt/ubna_data_01_mir/recover-20220825/UBNA_002/20220823_033000.WAV,Telephone Field,recover-20220825,002,1795
376.8365,376.8739,68437,81487,Rhinolophus ferrumequinum,0.023,0.023,-1,Echolocation,/mnt/ubna_data_01_mir/recover-20220825/UBNA_002/20220823_033000.WAV,Telephone Field,recover-20220825,002,1795
376.8435,376.8839,68437,82031,Rhinolophus ferrumequinum,0.022,0.022,-1,Echolocation,/mnt/ubna_data_01_mir/recover-20220825/UBNA_002/20220823_033000.WAV,Telephone Field,recover-20220825,002,1795
376.8805,376.888,28906,41439,Eptesicus serotinus,0.008,0.024,-1,Echolocation,/mnt/ubna_data_01_mir/recover-20220825/UBNA_002/20220823_033000.WAV,Telephone Field,recover-20220825,002,1795
376.8975,376.9374,68437,82637,Rhinolophus ferrumequinum,0.024,0.024,-1,Echolocation,/mnt/ubna_data_01_mir/recover-20220825/UBNA_002/20220823_033000.WAV,Telephone Field,recover-20220825,002,1795
376.9055,376.9141,28906,38136,Eptesicus serotinus,0.008,0.021,-1,Echolocation,/mnt/ubna_data_01_mir/recover-20220825/UBNA_002/20220823_033000.WAV,Telephone Field,recover-20220825,002,1795
376.9075,376.9263,16015,22106,Nyctalus noctula,0.018,0.023,-1,Echolocation,/mnt/ubna_data_01_mir/recover-20220825/UBNA_002/20220823_033000.WAV,Telephone Field,recover-20220825,002,1795
376.9145,376.9531,68437,82658,Rhinolophus ferrumequinum,0.021,0.021,-1,Echolocation,/mnt/ubna_data_01_mir/recover-20220825/UBNA_002/20220823_033000.WAV,Telephone Field,recover-20220825,002,1795
376.9585,376.9676,28906,37066,Eptesicus serotinus,0.008,0.02,-1,Echolocation,/mnt/ubna_data_01_mir/recover-20220825/UBNA_002/20220823_033000.WAV,Telephone Field,recover-20220825,002,1795
376.9645,376.9739,28046,36217,Eptesicus serotinus,0.008,0.02,-1,Echolocation,/mnt/ubna_data_01_mir/recover-20220825/UBNA_002/20220823_033000.WAV,Telephone Field,recover-20220825,002,1795
376.9675,377.0081,68437,82502,Rhinolophus ferrumequinum,0.026,0.026,-1,Echolocation,/mnt/ubna_data_01_mir/recover-20220825/UBNA_002/20220823_033000.WAV,Telephone Field,recover-20220825,002,1795
376.9825,377.0203,68437,82473,Rhinolophus ferrumequinum,0.022,0.022,-1,Echolocation,/mnt/ubna_data_01_mir/recover-20220825/UBNA_002/20220823_033000.WAV,Telephone Field,recover-20220825,002,1795
377.0155,377.0264,23750,29806,Nyctalus leisleri,0.009,0.021,-1,Echolocation,/mnt/ubna_data_01_mir/recover-20220825/UBNA_002/20220823_033000.WAV,Telephone Field,recover-20220825,002,1795
377.0195,377.0298,28906,36702,Eptesicus serotinus,0.01,0.022,-1,Echolocation,/mnt/ubna_data_01_mir/recover-20220825/UBNA_002/20220823_033000.WAV,Telephone Field,recover-20220825,002,1795
377.0215,377.0321,22031,27156,Nyctalus leisleri,0.009,0.02,-1,Echolocation,/mnt/ubna_data_01_mir/recover-20220825/UBNA_002/20220823_033000.WAV,Telephone Field,recover-20220825,002,1795
377.0615,377.1016,68437,82757,Rhinolophus ferrumequinum,0.022,0.022,-1,Echolocation,/mnt/ubna_data_01_mir/recover-20220825/UBNA_002/20220823_033000.WAV,Telephone Field,recover-20220825,002,1795
377.0895,377.128,68437,82275,Rhinolophus ferrumequinum,0.025,0.025,-1,Echolocation,/mnt/ubna_data_01_mir/recover-20220825/UBNA_002/20220823_033000.WAV,Telephone Field,recover-20220825,002,1795
377.0935,377.1019,28906,41195,Eptesicus serotinus,0.008,0.022,-1,Echolocation,/mnt/ubna_data_01_mir/recover-20220825/UBNA_002/20220823_033000.WAV,Telephone Field,recover-20220825,002,1795
377.1075,377.1469,68437,82207,Rhinolophus ferrumequinum,0.023,0.023,-1,Echolocation,/mnt/ubna_data_01_mir/recover-20220825/UBNA_002/20220823_033000.WAV,Telephone Field,recover-20220825,002,1795
377.1295,377.1692,68437,82187,Rhinolophus ferrumequinum,0.02,0.02,-1,Echolocation,/mnt/ubna_data_01_mir/recover-20220825/UBNA_002/20220823_033000.WAV,Telephone Field,recover-20220825,002,1795
377.1545,377.1976,68437,83584,Rhinolophus ferrumequinum,0.035,0.035,-1,Echolocation,/mnt/ubna_data_01_mir/recover-20220825/UBNA_002/20220823_033000.WAV,Telephone Field,recover-20220825,002,1795
377.1565,377.1639,28046,39340,Eptesicus serotinus,0.008,0.022,-1,Echolocation,/mnt/ubna_data_01_mir/recover-20220825/UBNA_002/20220823_033000.WAV,Telephone Field,recover-20220825,002,1795
377.1835,377.222,68437,81829,Rhinolophus ferrumequinum,0.024,0.024,-1,Echolocation,/mnt/ubna_data_01_mir/recover-20220825/UBNA_002/20220823_033000.WAV,Telephone Field,recover-20220825,002,1795
377.1915,377.2292,68437,81623,Rhinolophus ferrumequinum,0.02,0.02,-1,Echolocation,/mnt/ubna_data_01_mir/recover-20220825/UBNA_002/20220823_033000.WAV,Telephone Field,recover-20220825,002,1795
377.2175,377.2565,68437,82604,Rhinolophus ferrumequinum,0.026,0.026,-1,Echolocation,/mnt/ubna_data_01_mir/recover-20220825/UBNA_002/20220823_033000.WAV,Telephone Field,recover-20220825,002,1795
377.2335,377.2422,28046,40096,Eptesicus serotinus,0.008,0.021,-1,Echolocation,/mnt/ubna_data_01_mir/recover-20220825/UBNA_002/20220823_033000.WAV,Telephone Field,recover-20220825,002,1795
377.2425,377.2512,28906,37125,Eptesicus serotinus,0.009,0.023,-1,Echolocation,/mnt/ubna_data_01_mir/recover-20220825/UBNA_002/20220823_033000.WAV,Telephone Field,recover-20220825,002,1795
377.2525,377.2942,68437,82942,Rhinolophus ferrumequinum,0.025,0.025,-1,Echolocation,/mnt/ubna_data_01_mir/recover-20220825/UBNA_002/20220823_033000.WAV,Telephone Field,recover-20220825,002,1795
377.3015,377.3133,24609,30123,Nyctalus leisleri,0.013,0.027,-1,Echolocation,/mnt/ubna_data_01_mir/recover-20220825/UBNA_002/20220823_033000.WAV,Telephone Field,recover-20220825,002,1795
377.3105,377.3485,68437,80997,Rhinolophus ferrumequinum,0.02,0.02,-1,Echolocation,/mnt/ubna_data_01_mir/recover-20220825/UBNA_002/20220823_033000.WAV,Telephone Field,recover-20220825,002,1795
377.3345,377.3737,68437,81814,Rhinolophus ferrumequinum,0.024,0.024,-1,Echolocation,/mnt/ubna_data_01_mir/recover-20220825/UBNA_002/20220823_033000.WAV,Telephone Field,recover-20220825,002,1795
377.3525,377.3922,68437,82479,Rhinolophus ferrumequinum,0.025,0.025,-1,Echolocation,/mnt/ubna_data_01_mir/recover-20220825/UBNA_002/20220823_033000.WAV,Telephone Field,recover-20220825,002,1795
377.3755,377.4151,68437,82543,Rhinolophus ferrumequinum,0.021,0.021,-1,Echolocation,/mnt/ubna_data_01_mir/recover-20220825/UBNA_002/20220823_033000.WAV,Telephone Field,recover-20220825,002,1795
377.3895,377.3994,22890,28653,Nyctalus leisleri,0.008,0.021,-1,Echolocation,/mnt/ubna_data_01_mir/recover-20220825/UBNA_002/20220823_033000.WAV,Telephone Field,recover-20220825,002,1795
377.3975,377.4393,68437,82789,Rhinolophus ferrumequinum,0.028,0.028,-1,Echolocation,/mnt/ubna_data_01_mir/recover-20220825/UBNA_002/20220823_033000.WAV,Telephone Field,recover-20220825,002,1795
377.4205,377.4582,68437,82062,Rhinolophus ferrumequinum,0.022,0.022,-1,Echolocation,/mnt/ubna_data_01_mir/recover-20220825/UBNA_002/20220823_033000.WAV,Telephone Field,recover-20220825,002,1795
377.4445,377.4877,68437,83333,Rhinolophus ferrumequinum,0.031,0.031,-1,Echolocation,/mnt/ubna_data_01_mir/recover-20220825/UBNA_002/20220823_033000.WAV,Telephone Field,recover-20220825,002,1795
377.4665,377.4765,28906,36714,Eptesicus serotinus,0.01,0.023,-1,Echolocation,/mnt/ubna_data_01_mir/recover-20220825/UBNA_002/20220823_033000.WAV,Telephone Field,recover-20220825,002,1795
377.5175,377.5586,68437,82572,Rhinolophus ferrumequinum,0.025,0.025,-1,Echolocation,/mnt/ubna_data_01_mir/recover-20220825/UBNA_002/20220823_033000.WAV,Telephone Field,recover-20220825,002,1795
377.5245,377.5623,68437,82384,Rhinolophus ferrumequinum,0.022,0.022,-1,Echolocation,/mnt/ubna_data_01_mir/recover-20220825/UBNA_002/20220823_033000.WAV,Telephone Field,recover-20220825,002,1795
377.5315,377.568,68437,81785,Rhinolophus ferrumequinum,0.02,0.021,-1,Echolocation,/mnt/ubna_data_01_mir/recover-20220825/UBNA_002/20220823_033000.WAV,Telephone Field,recover-20220825,002,1795
377.5595,377.5973,68437,81586,Rhinolophus ferrumequinum,0.024,0.024,-1,Echolocation,/mnt/ubna_data_01_mir/recover-20220825/UBNA_002/20220823_033000.WAV,Telephone Field,recover-20220825,002,1795
377.5665,377.6056,68437,82526,Rhinolophus ferrumequinum,0.023,0.023,-1,Echolocation,/mnt/ubna_data_01_mir/recover-20220825/UBNA_002/20220823_033000.WAV,Telephone Field,recover-20220825,002,1795
377.5675,377.5752,49531,54211,Pipistrellus pipistrellus,0.019,0.021,-1,Echolocation,/mnt/ubna_data_01_mir/recover-20220825/UBNA_002/20220823_033000.WAV,Telephone Field,recover-20220825,002,1795
377.5925,377.635,68437,82533,Rhinolophus ferrumequinum,0.025,0.025,-1,Echolocation,/mnt/ubna_data_01_mir/recover-20220825/UBNA_002/20220823_033000.WAV,Telephone Field,recover-20220825,002,1795
377.6185,377.6553,68437,81981,Rhinolophus ferrumequinum,0.022,0.022,-1,Echolocation,/mnt/ubna_data_01_mir/recover-20220825/UBNA_002/20220823_033000.WAV,Telephone Field,recover-20220825,002,1795
377.6355,377.6745,68437,82079,Rhinolophus ferrumequinum,0.021,0.021,-1,Echolocation,/mnt/ubna_data_01_mir/recover-20220825/UBNA_002/20220823_033000.WAV,Telephone Field,recover-20220825,002,1795
377.6715,377.7106,68437,81906,Rhinolophus ferrumequinum,0.021,0.021,-1,Echolocation,/mnt/ubna_data_01_mir/recover-20220825/UBNA_002/20220823_033000.WAV,Telephone Field,recover-20220825,002,1795
377.6795,377.719,68437,82133,Rhinolophus ferrumequinum,0.022,0.022,-1,Echolocation,/mnt/ubna_data_01_mir/recover-20220825/UBNA_002/20220823_033000.WAV,Telephone Field,recover-20220825,002,1795
377.6885,377.7263,68437,82117,Rhinolophus ferrumequinum,0.021,0.021,-1,Echolocation,/mnt/ubna_data_01_mir/recover-20220825/UBNA_002/20220823_033000.WAV,Telephone Field,recover-20220825,002,1795
377.7125,377.724,28906,36503,Eptesicus serotinus,0.014,0.03,-1,Echolocation,/mnt/ubna_data_01_mir/recover-20220825/UBNA_002/20220823_033000.WAV,Telephone Field,recover-20220825,002,1795
377.7265,377.7636,68437,81074,Rhinolophus ferrumequinum,0.021,0.021,-1,Echolocation,/mnt/ubna_data_01_mir/recover-20220825/UBNA_002/20220823_033000.WAV,Telephone Field,recover-20220825,002,1795
377.7475,377.7823,68437,81525,Rhinolophus ferrumequinum,0.021,0.021,-1,Echolocation,/mnt/ubna_data_01_mir/recover-20220825/UBNA_002/20220823_033000.WAV,Telephone Field,recover-20220825,002,1795
377.7485,377.7612,21171,27288,Nyctalus noctula,0.021,0.059,-1,Echolocation,/mnt/ubna_data_01_mir/recover-20220825/UBNA_002/20220823_033000.WAV,Telephone Field,recover-20220825,002,1795
377.7895,377.8249,68437,81448,Rhinolophus ferrumequinum,0.022,0.022,-1,Echolocation,/mnt/ubna_data_01_mir/recover-20220825/UBNA_002/20220823_033000.WAV,Telephone Field,recover-20220825,002,1795
377.79449999999997,377.8278,68437,80964,Rhinolophus ferrumequinum,0.021,0.021,-1,Echolocation,/mnt/ubna_data_01_mir/recover-20220825/UBNA_002/20220823_033000.WAV,Telephone Field,recover-20220825,002,1795
377.8035,377.843,68437,82433,Rhinolophus ferrumequinum,0.022,0.022,-1,Echolocation,/mnt/ubna_data_01_mir/recover-20220825/UBNA_002/20220823_033000.WAV,Telephone Field,recover-20220825,002,1795
377.8635,377.9062,68437,82793,Rhinolophus ferrumequinum,0.029,0.029,-1,Echolocation,/mnt/ubna_data_01_mir/recover-20220825/UBNA_002/20220823_033000.WAV,Telephone Field,recover-20220825,002,1795
377.8905,377.9244,68437,81457,Rhinolophus ferrumequinum,0.024,0.024,-1,Echolocation,/mnt/ubna_data_01_mir/recover-20220825/UBNA_002/20220823_033000.WAV,Telephone Field,recover-20220825,002,1795
377.9005,377.9114,23750,29512,Nyctalus leisleri,0.01,0.023,-1,Echolocation,/mnt/ubna_data_01_mir/recover-20220825/UBNA_002/20220823_033000.WAV,Telephone Field,recover-20220825,002,1795
377.9535,377.9716,21171,24000,Nyctalus leisleri,0.026,0.041,-1,Echolocation,/mnt/ubna_data_01_mir/recover-20220825/UBNA_002/20220823_033000.WAV,Telephone Field,recover-20220825,002,1795
377.9855,377.9941,28906,38600,Eptesicus serotinus,0.011,0.028,-1,Echolocation,/mnt/ubna_data_01_mir/recover-20220825/UBNA_002/20220823_033000.WAV,Telephone Field,recover-20220825,002,1795
378.0015,378.0358,69296,81119,Rhinolophus ferrumequinum,0.037,0.037,-1,Echolocation,/mnt/ubna_data_01_mir/recover-20220825/UBNA_002/20220823_033000.WAV,Telephone Field,recover-20220825,002,1795
378.0015,378.0146,20312,24775,Nyctalus leisleri,0.014,0.029,-1,Echolocation,/mnt/ubna_data_01_mir/recover-20220825/UBNA_002/20220823_033000.WAV,Telephone Field,recover-20220825,002,1795
378.0075,378.052,68437,81716,Rhinolophus ferrumequinum,0.025,0.025,-1,Echolocation,/mnt/ubna_data_01_mir/recover-20220825/UBNA_002/20220823_033000.WAV,Telephone Field,recover-20220825,002,1795
378.0585,378.0674,47812,54443,Pipistrellus pipistrellus,0.025,0.028,-1,Echolocation,/mnt/ubna_data_01_mir/recover-20220825/UBNA_002/20220823_033000.WAV,Telephone Field,recover-20220825,002,1795
378.0825,378.0908,27187,43239,Eptesicus serotinus,0.008,0.022,-1,Echolocation,/mnt/ubna_data_01_mir/recover-20220825/UBNA_002/20220823_033000.WAV,Telephone Field,recover-20220825,002,1795
378.0845,378.1271,68437,82676,Rhinolophus ferrumequinum,0.029,0.029,-1,Echolocation,/mnt/ubna_data_01_mir/recover-20220825/UBNA_002/20220823_033000.WAV,Telephone Field,recover-20220825,002,1795
378.1035,378.1144,23750,29679,Nyctalus leisleri,0.012,0.027,-1,Echolocation,/mnt/ubna_data_01_mir/recover-20220825/UBNA_002/20220823_033000.WAV,Telephone Field,recover-20220825,002,1795
378.1065,378.14639999999997,68437,82505,Rhinolophus ferrumequinum,0.023,0.023,-1,Echolocation,/mnt/ubna_data_01_mir/recover-20220825/UBNA_002/20220823_033000.WAV,Telephone Field,recover-20220825,002,1795
378.1165,378.1599,68437,83205,Rhinolophus ferrumequinum,0.025,0.025,-1,Echolocation,/mnt/ubna_data_01_mir/recover-20220825/UBNA_002/20220823_033000.WAV,Telephone Field,recover-20220825,002,1795
378.1325,378.1733,68437,83138,Rhinolophus ferrumequinum,0.024,0.024,-1,Echolocation,/mnt/ubna_data_01_mir/recover-20220825/UBNA_002/20220823_033000.WAV,Telephone Field,recover-20220825,002,1795
378.1475,378.1567,28046,38422,Eptesicus serotinus,0.008,0.022,-1,Echolocation,/mnt/ubna_data_01_mir/recover-20220825/UBNA_002/20220823_033000.WAV,Telephone Field,recover-20220825,002,1795
378.1495,378.1882,68437,82310,Rhinolophus ferrumequinum,0.021,0.021,-1,Echolocation,/mnt/ubna_data_01_mir/recover-20220825/UBNA_002/20220823_033000.WAV,Telephone Field,recover-20220825,002,1795
378.1595,378.1674,27187,36686,Eptesicus serotinus,0.006,0.021,-1,Echolocation,/mnt/ubna_data_01_mir/recover-20220825/UBNA_002/20220823_033000.WAV,Telephone Field,recover-20220825,002,1795
378.1745,378.2124,68437,82209,Rhinolophus ferrumequinum,0.029,0.029,-1,Echolocation,/mnt/ubna_data_01_mir/recover-20220825/UBNA_002/20220823_033000.WAV,Telephone Field,recover-20220825,002,1795
378.2005,378.2075,28046,38936,Eptesicus serotinus,0.008,0.023,-1,Echolocation,/mnt/ubna_data_01_mir/recover-20220825/UBNA_002/20220823_033000.WAV,Telephone Field,recover-20220825,002,1795
378.2075,378.2172,22890,28790,Nyctalus leisleri,0.008,0.021,-1,Echolocation,/mnt/ubna_data_01_mir/recover-20220825/UBNA_002/20220823_033000.WAV,Telephone Field,recover-20220825,002,1795
378.2405,378.2788,68437,82297,Rhinolophus ferrumequinum,0.023,0.023,-1,Echolocation,/mnt/ubna_data_01_mir/recover-20220825/UBNA_002/20220823_033000.WAV,Telephone Field,recover-20220825,002,1795
378.2495,378.28340000000003,68437,80739,Rhinolophus ferrumequinum,0.021,0.022,-1,Echolocation,/mnt/ubna_data_01_mir/recover-20220825/UBNA_002/20220823_033000.WAV,Telephone Field,recover-20220825,002,1795
378.3255,378.332,28046,41008,Eptesicus serotinus,0.007,0.025,-1,Echolocation,/mnt/ubna_data_01_mir/recover-20220825/UBNA_002/20220823_033000.WAV,Telephone Field,recover-20220825,002,1795
378.3355,378.3742,68437,82627,Rhinolophus ferrumequinum,0.024,0.024,-1,Echolocation,/mnt/ubna_data_01_mir/recover-20220825/UBNA_002/20220823_033000.WAV,Telephone Field,recover-20220825,002,1795
378.3505,378.3594,28046,37120,Eptesicus serotinus,0.009,0.022,-1,Echolocation,/mnt/ubna_data_01_mir/recover-20220825/UBNA_002/20220823_033000.WAV,Telephone Field,recover-20220825,002,1795
378.3985,378.44010000000003,68437,82921,Rhinolophus ferrumequinum,0.023,0.023,-1,Echolocation,/mnt/ubna_data_01_mir/recover-20220825/UBNA_002/20220823_033000.WAV,Telephone Field,recover-20220825,002,1795
378.4005,378.4112,22890,27996,Nyctalus leisleri,0.01,0.021,-1,Echolocation,/mnt/ubna_data_01_mir/recover-20220825/UBNA_002/20220823_033000.WAV,Telephone Field,recover-20220825,002,1795
378.4085,378.4164,56406,61647,Pipistrellus pygmaeus,0.024,0.025,-1,Echolocation,/mnt/ubna_data_01_mir/recover-20220825/UBNA_002/20220823_033000.WAV,Telephone Field,recover-20220825,002,1795
378.4265,378.468,68437,82503,Rhinolophus ferrumequinum,0.027,0.027,-1,Echolocation,/mnt/ubna_data_01_mir/recover-20220825/UBNA_002/20220823_033000.WAV,Telephone Field,recover-20220825,002,1795
378.4275,378.4365,26328,34445,Eptesicus serotinus,0.009,0.024,-1,Echolocation,/mnt/ubna_data_01_mir/recover-20220825/UBNA_002/20220823_033000.WAV,Telephone Field,recover-20220825,002,1795
378.4595,378.47090000000003,23750,28695,Nyctalus leisleri,0.013,0.024,-1,Echolocation,/mnt/ubna_data_01_mir/recover-20220825/UBNA_002/20220823_033000.WAV,Telephone Field,recover-20220825,002,1795
378.4615,378.4996,68437,81650,Rhinolophus ferrumequinum,0.023,0.023,-1,Echolocation,/mnt/ubna_data_01_mir/recover-20220825/UBNA_002/20220823_033000.WAV,Telephone Field,recover-20220825,002,1795
378.5135,378.5562,68437,83241,Rhinolophus ferrumequinum,0.036,0.036,-1,Echolocation,/mnt/ubna_data_01_mir/recover-20220825/UBNA_002/20220823_033000.WAV,Telephone Field,recover-20220825,002,1795
378.5295,378.5727,68437,82680,Rhinolophus ferrumequinum,0.026,0.026,-1,Echolocation,/mnt/ubna_data_01_mir/recover-20220825/UBNA_002/20220823_033000.WAV,Telephone Field,recover-20220825,002,1795
378.5645,378.6001,68437,81027,Rhinolophus ferrumequinum,0.023,0.023,-1,Echolocation,/mnt/ubna_data_01_mir/recover-20220825/UBNA_002/20220823_033000.WAV,Telephone Field,recover-20220825,002,1795
378.5655,378.5743,28046,41040,Eptesicus serotinus,0.008,0.022,-1,Echolocation,/mnt/ubna_data_01_mir/recover-20220825/UBNA_002/20220823_033000.WAV,Telephone Field,recover-20220825,002,1795
378.6225,378.6313,46093,52478,Pipistrellus pipistrellus,0.02,0.023,-1,Echolocation,/mnt/ubna_data_01_mir/recover-20220825/UBNA_002/20220823_033000.WAV,Telephone Field,recover-20220825,002,1795
378.6355,378.6426,27187,40114,Eptesicus serotinus,0.006,0.024,-1,Echolocation,/mnt/ubna_data_01_mir/recover-20220825/UBNA_002/20220823_033000.WAV,Telephone Field,recover-20220825,002,1795
378.6465,378.6887,68437,83553,Rhinolophus ferrumequinum,0.027,0.027,-1,Echolocation,/mnt/ubna_data_01_mir/recover-20220825/UBNA_002/20220823_033000.WAV,Telephone Field,recover-20220825,002,1795
378.6715,378.7082,68437,81743,Rhinolophus ferrumequinum,0.022,0.022,-1,Echolocation,/mnt/ubna_data_01_mir/recover-20220825/UBNA_002/20220823_033000.WAV,Telephone Field,recover-20220825,002,1795
378.6825,378.7214,68437,81856,Rhinolophus ferrumequinum,0.022,0.022,-1,Echolocation,/mnt/ubna_data_01_mir/recover-20220825/UBNA_002/20220823_033000.WAV,Telephone Field,recover-20220825,002,1795
378.6875,378.7247,68437,81442,Rhinolophus ferrumequinum,0.022,0.022,-1,Echolocation,/mnt/ubna_data_01_mir/recover-20220825/UBNA_002/20220823_033000.WAV,Telephone Field,recover-20220825,002,1795
378.7135,378.7238,25468,34135,Eptesicus serotinus,0.008,0.022,-1,Echolocation,/mnt/ubna_data_01_mir/recover-20220825/UBNA_002/20220823_033000.WAV,Telephone Field,recover-20220825,002,1795
378.7365,378.7741,68437,82077,Rhinolophus ferrumequinum,0.022,0.022,-1,Echolocation,/mnt/ubna_data_01_mir/recover-20220825/UBNA_002/20220823_033000.WAV,Telephone Field,recover-20220825,002,1795
378.7455,378.7536,27187,39825,Eptesicus serotinus,0.008,0.023,-1,Echolocation,/mnt/ubna_data_01_mir/recover-20220825/UBNA_002/20220823_033000.WAV,Telephone Field,recover-20220825,002,1795
378.7465,378.7852,68437,81625,Rhinolophus ferrumequinum,0.022,0.022,-1,Echolocation,/mnt/ubna_data_01_mir/recover-20220825/UBNA_002/20220823_033000.WAV,Telephone Field,recover-20220825,002,1795
378.7675,378.7745,28046,40383,Eptesicus serotinus,0.006,0.022,-1,Echolocation,/mnt/ubna_data_01_mir/recover-20220825/UBNA_002/20220823_033000.WAV,Telephone Field,recover-20220825,002,1795
378.7825,378.7909,44375,50001,Pipistrellus pipistrellus,0.03,0.032,-1,Echolocation,/mnt/ubna_data_01_mir/recover-20220825/UBNA_002/20220823_033000.WAV,Telephone Field,recover-20220825,002,1795
378.79449999999997,378.8345,68437,82098,Rhinolophus ferrumequinum,0.023,0.023,-1,Echolocation,/mnt/ubna_data_01_mir/recover-20220825/UBNA_002/20220823_033000.WAV,Telephone Field,recover-20220825,002,1795
378.8155,378.8548,68437,82048,Rhinolophus ferrumequinum,0.021,0.021,-1,Echolocation,/mnt/ubna_data_01_mir/recover-20220825/UBNA_002/20220823_033000.WAV,Telephone Field,recover-20220825,002,1795
378.8715,378.8837,22031,25651,Nyctalus leisleri,0.016,0.025,-1,Echolocation,/mnt/ubna_data_01_mir/recover-20220825/UBNA_002/20220823_033000.WAV,Telephone Field,recover-20220825,002,1795
378.8835,378.9257,68437,82555,Rhinolophus ferrumequinum,0.027,0.027,-1,Echolocation,/mnt/ubna_data_01_mir/recover-20220825/UBNA_002/20220823_033000.WAV,Telephone Field,recover-20220825,002,1795
378.8945,378.9056,22890,28105,Nyctalus leisleri,0.01,0.021,-1,Echolocation,/mnt/ubna_data_01_mir/recover-20220825/UBNA_002/20220823_033000.WAV,Telephone Field,recover-20220825,002,1795
378.9025,378.90930000000003,25468,39529,Myotis nattereri,0.005,0.023,-1,Echolocation,/mnt/ubna_data_01_mir/recover-20220825/UBNA_002/20220823_033000.WAV,Telephone Field,recover-20220825,002,1795
378.9205,378.9585,68437,81460,Rhinolophus ferrumequinum,0.032,0.033,-1,Echolocation,/mnt/ubna_data_01_mir/recover-20220825/UBNA_002/20220823_033000.WAV,Telephone Field,recover-20220825,002,1795
378.9395,378.978,68437,82477,Rhinolophus ferrumequinum,0.022,0.022,-1,Echolocation,/mnt/ubna_data_01_mir/recover-20220825/UBNA_002/20220823_033000.WAV,Telephone Field,recover-20220825,002,1795
378.9995,379.0409,68437,82309,Rhinolophus ferrumequinum,0.023,0.023,-1,Echolocation,/mnt/ubna_data_01_mir/recover-20220825/UBNA_002/20220823_033000.WAV,Telephone Field,recover-20220825,002,1795
379.0225,379.0605,68437,82805,Rhinolophus ferrumequinum,0.031,0.031,-1,Echolocation,/mnt/ubna_data_01_mir/recover-20220825/UBNA_002/20220823_033000.WAV,Telephone Field,recover-20220825,002,1795
379.0535,379.0932,68437,82509,Rhinolophus ferrumequinum,0.024,0.024,-1,Echolocation,/mnt/ubna_data_01_mir/recover-20220825/UBNA_002/20220823_033000.WAV,Telephone Field,recover-20220825,002,1795
379.1105,379.1486,68437,82082,Rhinolophus ferrumequinum,0.037,0.037,-1,Echolocation,/mnt/ubna_data_01_mir/recover-20220825/UBNA_002/20220823_033000.WAV,Telephone Field,recover-20220825,002,1795
379.1205,379.13009999999997,28906,37154,Eptesicus serotinus,0.009,0.021,-1,Echolocation,/mnt/ubna_data_01_mir/recover-20220825/UBNA_002/20220823_033000.WAV,Telephone Field,recover-20220825,002,1795
379.1225,379.159,68437,81572,Rhinolophus ferrumequinum,0.022,0.022,-1,Echolocation,/mnt/ubna_data_01_mir/recover-20220825/UBNA_002/20220823_033000.WAV,Telephone Field,recover-20220825,002,1795
379.2035,379.247,68437,83385,Rhinolophus ferrumequinum,0.066,0.066,-1,Echolocation,/mnt/ubna_data_01_mir/recover-20220825/UBNA_002/20220823_033000.WAV,Telephone Field,recover-20220825,002,1795
379.2255,379.2632,68437,81760,Rhinolophus ferrumequinum,0.027,0.027,-1,Echolocation,/mnt/ubna_data_01_mir/recover-20220825/UBNA_002/20220823_033000.WAV,Telephone Field,recover-20220825,002,1795
379.2495,379.2596,23750,30150,Nyctalus leisleri,0.008,0.021,-1,Echolocation,/mnt/ubna_data_01_mir/recover-20220825/UBNA_002/20220823_033000.WAV,Telephone Field,recover-20220825,002,1795
379.3275,379.3378,41796,50432,Pipistrellus nathusii,0.011,0.025,-1,Echolocation,/mnt/ubna_data_01_mir/recover-20220825/UBNA_002/20220823_033000.WAV,Telephone Field,recover-20220825,002,1795
379.3355,379.3425,23750,36019,Plecotus austriacus,0.01,0.024,-1,Echolocation,/mnt/ubna_data_01_mir/recover-20220825/UBNA_002/20220823_033000.WAV,Telephone Field,recover-20220825,002,1795
379.3365,379.3438,28046,41283,Eptesicus serotinus,0.007,0.024,-1,Echolocation,/mnt/ubna_data_01_mir/recover-20220825/UBNA_002/20220823_033000.WAV,Telephone Field,recover-20220825,002,1795
379.3495,379.3863,68437,81692,Rhinolophus ferrumequinum,0.021,0.021,-1,Echolocation,/mnt/ubna_data_01_mir/recover-20220825/UBNA_002/20220823_033000.WAV,Telephone Field,recover-20220825,002,1795
379.3625,379.4019,68437,82298,Rhinolophus ferrumequinum,0.021,0.021,-1,Echolocation,/mnt/ubna_data_01_mir/recover-20220825/UBNA_002/20220823_033000.WAV,Telephone Field,recover-20220825,002,1795
379.3715,379.4127,68437,82475,Rhinolophus ferrumequinum,0.022,0.022,-1,Echolocation,/mnt/ubna_data_01_mir/recover-20220825/UBNA_002/20220823_033000.WAV,Telephone Field,recover-20220825,002,1795
379.3795,379.4192,68437,83161,Rhinolophus ferrumequinum,0.024,0.024,-1,Echolocation,/mnt/ubna_data_01_mir/recover-20220825/UBNA_002/20220823_033000.WAV,Telephone Field,recover-20220825,002,1795
379.39549999999997,379.4058,22890,28651,Nyctalus leisleri,0.009,0.022,-1,Echolocation,/mnt/ubna_data_01_mir/recover-20220825/UBNA_002/20220823_033000.WAV,Telephone Field,recover-20220825,002,1795
379.4105,379.452,68437,82776,Rhinolophus ferrumequinum,0.039,0.039,-1,Echolocation,/mnt/ubna_data_01_mir/recover-20220825/UBNA_002/20220823_033000.WAV,Telephone Field,recover-20220825,002,1795
379.4435,379.4833,68437,82767,Rhinolophus ferrumequinum,0.022,0.022,-1,Echolocation,/mnt/ubna_data_01_mir/recover-20220825/UBNA_002/20220823_033000.WAV,Telephone Field,recover-20220825,002,1795
379.4705,379.4807,28906,36546,Eptesicus serotinus,0.009,0.024,-1,Echolocation,/mnt/ubna_data_01_mir/recover-20220825/UBNA_002/20220823_033000.WAV,Telephone Field,recover-20220825,002,1795
379.5345,379.5756,68437,82911,Rhinolophus ferrumequinum,0.029,0.03,-1,Echolocation,/mnt/ubna_data_01_mir/recover-20220825/UBNA_002/20220823_033000.WAV,Telephone Field,recover-20220825,002,1795
379.5595,379.5989,68437,81710,Rhinolophus ferrumequinum,0.021,0.021,-1,Echolocation,/mnt/ubna_data_01_mir/recover-20220825/UBNA_002/20220823_033000.WAV,Telephone Field,recover-20220825,002,1795
379.5795,379.6185,68437,82680,Rhinolophus ferrumequinum,0.024,0.024,-1,Echolocation,/mnt/ubna_data_01_mir/recover-20220825/UBNA_002/20220823_033000.WAV,Telephone Field,recover-20220825,002,1795
379.5945,379.6042,28906,37682,Eptesicus serotinus,0.008,0.021,-1,Echolocation,/mnt/ubna_data_01_mir/recover-20220825/UBNA_002/20220823_033000.WAV,Telephone Field,recover-20220825,002,1795
379.6185,379.6556,68437,81563,Rhinolophus ferrumequinum,0.026,0.026,-1,Echolocation,/mnt/ubna_data_01_mir/recover-20220825/UBNA_002/20220823_033000.WAV,Telephone Field,recover-20220825,002,1795
379.6445,379.6547,22031,27054,Nyctalus leisleri,0.011,0.023,-1,Echolocation,/mnt/ubna_data_01_mir/recover-20220825/UBNA_002/20220823_033000.WAV,Telephone Field,recover-20220825,002,1795
379.64549999999997,379.6826,68437,81791,Rhinolophus ferrumequinum,0.021,0.021,-1,Echolocation,/mnt/ubna_data_01_mir/recover-20220825/UBNA_002/20220823_033000.WAV,Telephone Field,recover-20220825,002,1795
379.6955,379.7057,26328,32683,Eptesicus serotinus,0.015,0.036,-1,Echolocation,/mnt/ubna_data_01_mir/recover-20220825/UBNA_002/20220823_033000.WAV,Telephone Field,recover-20220825,002,1795
379.7425,379.7829,68437,82751,Rhinolophus ferrumequinum,0.022,0.022,-1,Echolocation,/mnt/ubna_data_01_mir/recover-20220825/UBNA_002/20220823_033000.WAV,Telephone Field,recover-20220825,002,1795
379.7505,379.7614,22031,26744,Nyctalus leisleri,0.014,0.028,-1,Echolocation,/mnt/ubna_data_01_mir/recover-20220825/UBNA_002/20220823_033000.WAV,Telephone Field,recover-20220825,002,1795
379.7875,379.7947,25468,34791,Plecotus austriacus,0.005,0.022,-1,Echolocation,/mnt/ubna_data_01_mir/recover-20220825/UBNA_002/20220823_033000.WAV,Telephone Field,recover-20220825,002,1795
379.8635,379.8996,68437,81822,Rhinolophus ferrumequinum,0.022,0.022,-1,Echolocation,/mnt/ubna_data_01_mir/recover-20220825/UBNA_002/20220823_033000.WAV,Telephone Field,recover-20220825,002,1795
379.9095,379.9442,68437,81303,Rhinolophus ferrumequinum,0.022,0.022,-1,Echolocation,/mnt/ubna_data_01_mir/recover-20220825/UBNA_002/20220823_033000.WAV,Telephone Field,recover-20220825,002,1795
379.9385,379.9794,68437,82647,Rhinolophus ferrumequinum,0.022,0.022,-1,Echolocation,/mnt/ubna_data_01_mir/recover-20220825/UBNA_002/20220823_033000.WAV,Telephone Field,recover-20220825,002,1795
379.9465,379.9546,54687,60583,Pipistrellus pygmaeus,0.02,0.022,-1,Echolocation,/mnt/ubna_data_01_mir/recover-20220825/UBNA_002/20220823_033000.WAV,Telephone Field,recover-20220825,002,1795
380.0015,380.0319,68437,80218,Rhinolophus ferrumequinum,0.032,0.033,-1,Echolocation,/mnt/ubna_data_01_mir/recover-20220825/UBNA_002/20220823_033000.WAV,Telephone Field,recover-20220825,002,1795
380.0165,380.0269,22031,26742,Nyctalus leisleri,0.012,0.025,-1,Echolocation,/mnt/ubna_data_01_mir/recover-20220825/UBNA_002/20220823_033000.WAV,Telephone Field,recover-20220825,002,1795
380.0475,380.0893,68437,82848,Rhinolophus ferrumequinum,0.025,0.025,-1,Echolocation,/mnt/ubna_data_01_mir/recover-20220825/UBNA_002/20220823_033000.WAV,Telephone Field,recover-20220825,002,1795
380.1445,380.1515,30625,46014,Myotis daubentonii,0.017,0.029,-1,Echolocation,/mnt/ubna_data_01_mir/recover-20220825/UBNA_002/20220823_033000.WAV,Telephone Field,recover-20220825,002,1795
380.1525,380.1624,23750,30028,Nyctalus leisleri,0.01,0.025,-1,Echolocation,/mnt/ubna_data_01_mir/recover-20220825/UBNA_002/20220823_033000.WAV,Telephone Field,recover-20220825,002,1795
380.1725,380.1813,27187,36134,Eptesicus serotinus,0.008,0.023,-1,Echolocation,/mnt/ubna_data_01_mir/recover-20220825/UBNA_002/20220823_033000.WAV,Telephone Field,recover-20220825,002,1795
380.1775,380.2179,68437,82988,Rhinolophus ferrumequinum,0.03,0.03,-1,Echolocation,/mnt/ubna_data_01_mir/recover-20220825/UBNA_002/20220823_033000.WAV,Telephone Field,recover-20220825,002,1795
380.2615,380.2999,68437,82508,Rhinolophus ferrumequinum,0.024,0.024,-1,Echolocation,/mnt/ubna_data_01_mir/recover-20220825/UBNA_002/20220823_033000.WAV,Telephone Field,recover-20220825,002,1795
380.2665,380.2746,26328,37953,Eptesicus serotinus,0.01,0.028,-1,Echolocation,/mnt/ubna_data_01_mir/recover-20220825/UBNA_002/20220823_033000.WAV,Telephone Field,recover-20220825,002,1795
380.2845,380.2925,27187,37143,Eptesicus serotinus,0.009,0.023,-1,Echolocation,/mnt/ubna_data_01_mir/recover-20220825/UBNA_002/20220823_033000.WAV,Telephone Field,recover-20220825,002,1795
380.3265,380.3684,68437,83956,Rhinolophus ferrumequinum,0.046,0.046,-1,Echolocation,/mnt/ubna_data_01_mir/recover-20220825/UBNA_002/20220823_033000.WAV,Telephone Field,recover-20220825,002,1795
380.3475,380.3561,27187,37282,Eptesicus serotinus,0.009,0.024,-1,Echolocation,/mnt/ubna_data_01_mir/recover-20220825/UBNA_002/20220823_033000.WAV,Telephone Field,recover-20220825,002,1795
380.4135,380.4215,27187,37631,Eptesicus serotinus,0.008,0.024,-1,Echolocation,/mnt/ubna_data_01_mir/recover-20220825/UBNA_002/20220823_033000.WAV,Telephone Field,recover-20220825,002,1795
380.4785,380.4849,29765,44968,Myotis daubentonii,0.014,0.025,-1,Echolocation,/mnt/ubna_data_01_mir/recover-20220825/UBNA_002/20220823_033000.WAV,Telephone Field,recover-20220825,002,1795
380.4995,380.5094,24609,31783,Eptesicus serotinus,0.01,0.029,-1,Echolocation,/mnt/ubna_data_01_mir/recover-20220825/UBNA_002/20220823_033000.WAV,Telephone Field,recover-20220825,002,1795
380.5545,380.5633,25468,33976,Eptesicus serotinus,0.011,0.03,-1,Echolocation,/mnt/ubna_data_01_mir/recover-20220825/UBNA_002/20220823_033000.WAV,Telephone Field,recover-20220825,002,1795
380.5865,380.5941,23750,32294,Plecotus austriacus,0.014,0.033,-1,Echolocation,/mnt/ubna_data_01_mir/recover-20220825/UBNA_002/20220823_033000.WAV,Telephone Field,recover-20220825,002,1795
380.5895,380.6294,68437,82701,Rhinolophus ferrumequinum,0.025,0.025,-1,Echolocation,/mnt/ubna_data_01_mir/recover-20220825/UBNA_002/20220823_033000.WAV,Telephone Field,recover-20220825,002,1795
380.6225,380.6315,27187,36941,Eptesicus serotinus,0.01,0.026,-1,Echolocation,/mnt/ubna_data_01_mir/recover-20220825/UBNA_002/20220823_033000.WAV,Telephone Field,recover-20220825,002,1795
380.6305,380.6682,68437,82904,Rhinolophus ferrumequinum,0.025,0.025,-1,Echolocation,/mnt/ubna_data_01_mir/recover-20220825/UBNA_002/20220823_033000.WAV,Telephone Field,recover-20220825,002,1795
380.6405,380.682,68437,82669,Rhinolophus ferrumequinum,0.04,0.04,-1,Echolocation,/mnt/ubna_data_01_mir/recover-20220825/UBNA_002/20220823_033000.WAV,Telephone Field,recover-20220825,002,1795
380.6475,380.6548,27187,37404,Eptesicus serotinus,0.007,0.025,-1,Echolocation,/mnt/ubna_data_01_mir/recover-20220825/UBNA_002/20220823_033000.WAV,Telephone Field,recover-20220825,002,1795
380.7105,380.7205,22890,28815,Nyctalus leisleri,0.009,0.023,-1,Echolocation,/mnt/ubna_data_01_mir/recover-20220825/UBNA_002/20220823_033000.WAV,Telephone Field,recover-20220825,002,1795
380.7435,380.7506,27187,37098,Eptesicus serotinus,0.008,0.027,-1,Echolocation,/mnt/ubna_data_01_mir/recover-20220825/UBNA_002/20220823_033000.WAV,Telephone Field,recover-20220825,002,1795
380.7495,380.7576,43515,51768,Pipistrellus pipistrellus,0.013,0.025,-1,Echolocation,/mnt/ubna_data_01_mir/recover-20220825/UBNA_002/20220823_033000.WAV,Telephone Field,recover-20220825,002,1795
380.7505,380.7569,38359,51769,Myotis brandtii,0.008,0.023,-1,Echolocation,/mnt/ubna_data_01_mir/recover-20220825/UBNA_002/20220823_033000.WAV,Telephone Field,recover-20220825,002,1795
380.8005,380.8096,27187,37498,Eptesicus serotinus,0.009,0.023,-1,Echolocation,/mnt/ubna_data_01_mir/recover-20220825/UBNA_002/20220823_033000.WAV,Telephone Field,recover-20220825,002,1795
380.8355,380.8732,68437,82241,Rhinolophus ferrumequinum,0.028,0.028,-1,Echolocation,/mnt/ubna_data_01_mir/recover-20220825/UBNA_002/20220823_033000.WAV,Telephone Field,recover-20220825,002,1795
380.8435,380.851,26328,35419,Eptesicus serotinus,0.011,0.031,-1,Echolocation,/mnt/ubna_data_01_mir/recover-20220825/UBNA_002/20220823_033000.WAV,Telephone Field,recover-20220825,002,1795
380.8645,380.8748,24609,31080,Nyctalus leisleri,0.01,0.026,-1,Echolocation,/mnt/ubna_data_01_mir/recover-20220825/UBNA_002/20220823_033000.WAV,Telephone Field,recover-20220825,002,1795
380.8665,380.903,68437,81396,Rhinolophus ferrumequinum,0.023,0.023,-1,Echolocation,/mnt/ubna_data_01_mir/recover-20220825/UBNA_002/20220823_033000.WAV,Telephone Field,recover-20220825,002,1795
380.8715,380.9078,68437,82179,Rhinolophus ferrumequinum,0.023,0.023,-1,Echolocation,/mnt/ubna_data_01_mir/recover-20220825/UBNA_002/20220823_033000.WAV,Telephone Field,recover-20220825,002,1795
380.8865,380.8921,36640,46338,Myotis daubentonii,0.026,0.042,-1,Echolocation,/mnt/ubna_data_01_mir/recover-20220825/UBNA_002/20220823_033000.WAV,Telephone Field,recover-20220825,002,1795
380.9105,380.9171,32343,45345,Myotis daubentonii,0.013,0.024,-1,Echolocation,/mnt/ubna_data_01_mir/recover-20220825/UBNA_002/20220823_033000.WAV,Telephone Field,recover-20220825,002,1795
380.9105,380.9175,27187,39521,Eptesicus serotinus,0.007,0.023,-1,Echolocation,/mnt/ubna_data_01_mir/recover-20220825/UBNA_002/20220823_033000.WAV,Telephone Field,recover-20220825,002,1795
380.9375,380.9767,68437,82425,Rhinolophus ferrumequinum,0.023,0.023,-1,Echolocation,/mnt/ubna_data_01_mir/recover-20220825/UBNA_002/20220823_033000.WAV,Telephone Field,recover-20220825,002,1795
380.9945,381.0022,28046,38812,Eptesicus serotinus,0.009,0.028,-1,Echolocation,/mnt/ubna_data_01_mir/recover-20220825/UBNA_002/20220823_033000.WAV,Telephone Field,recover-20220825,002,1795
381.0325,381.0407,25468,34170,Eptesicus serotinus,0.008,0.028,-1,Echolocation,/mnt/ubna_data_01_mir/recover-20220825/UBNA_002/20220823_033000.WAV,Telephone Field,recover-20220825,002,1795
381.0595,381.0687,24609,31751,Nyctalus leisleri,0.008,0.024,-1,Echolocation,/mnt/ubna_data_01_mir/recover-20220825/UBNA_002/20220823_033000.WAV,Telephone Field,recover-20220825,002,1795
381.1135,381.1183,37500,52376,Myotis daubentonii,0.034,0.062,-1,Echolocation,/mnt/ubna_data_01_mir/recover-20220825/UBNA_002/20220823_033000.WAV,Telephone Field,recover-20220825,002,1795
381.1465,381.1851,68437,82532,Rhinolophus ferrumequinum,0.024,0.024,-1,Echolocation,/mnt/ubna_data_01_mir/recover-20220825/UBNA_002/20220823_033000.WAV,Telephone Field,recover-20220825,002,1795
381.1745,381.181,34062,45003,Myotis daubentonii,0.012,0.024,-1,Echolocation,/mnt/ubna_data_01_mir/recover-20220825/UBNA_002/20220823_033000.WAV,Telephone Field,recover-20220825,002,1795
381.1755,381.1823,27187,38094,Eptesicus serotinus,0.006,0.024,-1,Echolocation,/mnt/ubna_data_01_mir/recover-20220825/UBNA_002/20220823_033000.WAV,Telephone Field,recover-20220825,002,1795
381.1755,381.2172,68437,83072,Rhinolophus ferrumequinum,0.051,0.051,-1,Echolocation,/mnt/ubna_data_01_mir/recover-20220825/UBNA_002/20220823_033000.WAV,Telephone Field,recover-20220825,002,1795
381.22950000000003,381.2368,28046,37900,Eptesicus serotinus,0.007,0.026,-1,Echolocation,/mnt/ubna_data_01_mir/recover-20220825/UBNA_002/20220823_033000.WAV,Telephone Field,recover-20220825,002,1795
381.2645,381.27139999999997,26328,36130,Eptesicus serotinus,0.006,0.023,-1,Echolocation,/mnt/ubna_data_01_mir/recover-20220825/UBNA_002/20220823_033000.WAV,Telephone Field,recover-20220825,002,1795
381.3125,381.3183,28906,64079,Myotis daubentonii,0.038,0.079,-1,Echolocation,/mnt/ubna_data_01_mir/recover-20220825/UBNA_002/20220823_033000.WAV,Telephone Field,recover-20220825,002,1795
381.3125,381.3177,39218,51384,Myotis daubentonii,0.142,0.339,-1,Echolocation,/mnt/ubna_data_01_mir/recover-20220825/UBNA_002/20220823_033000.WAV,Telephone Field,recover-20220825,002,1795
381.3215,381.3306,27187,34288,Eptesicus serotinus,0.009,0.026,-1,Echolocation,/mnt/ubna_data_01_mir/recover-20220825/UBNA_002/20220823_033000.WAV,Telephone Field,recover-20220825,002,1795
381.3435,381.3537,22890,29011,Nyctalus leisleri,0.011,0.026,-1,Echolocation,/mnt/ubna_data_01_mir/recover-20220825/UBNA_002/20220823_033000.WAV,Telephone Field,recover-20220825,002,1795
381.3675,381.406,68437,82543,Rhinolophus ferrumequinum,0.023,0.023,-1,Echolocation,/mnt/ubna_data_01_mir/recover-20220825/UBNA_002/20220823_033000.WAV,Telephone Field,recover-20220825,002,1795
381.3705,381.3795,27187,37473,Eptesicus serotinus,0.011,0.032,-1,Echolocation,/mnt/ubna_data_01_mir/recover-20220825/UBNA_002/20220823_033000.WAV,Telephone Field,recover-20220825,002,1795
381.4035,381.4464,68437,82810,Rhinolophus ferrumequinum,0.024,0.025,-1,Echolocation,/mnt/ubna_data_01_mir/recover-20220825/UBNA_002/20220823_033000.WAV,Telephone Field,recover-20220825,002,1795
381.4065,381.4212,28046,32622,Eptesicus serotinus,0.033,0.071,-1,Echolocation,/mnt/ubna_data_01_mir/recover-20220825/UBNA_002/20220823_033000.WAV,Telephone Field,recover-20220825,002,1795
381.4445,381.4491,39218,50381,Myotis daubentonii,0.133,0.217,-1,Echolocation,/mnt/ubna_data_01_mir/recover-20220825/UBNA_002/20220823_033000.WAV,Telephone Field,recover-20220825,002,1795
381.4715,381.47950000000003,27187,38076,Eptesicus serotinus,0.008,0.024,-1,Echolocation,/mnt/ubna_data_01_mir/recover-20220825/UBNA_002/20220823_033000.WAV,Telephone Field,recover-20220825,002,1795
381.4945,381.5015,27187,37688,Myotis daubentonii,0.007,0.028,-1,Echolocation,/mnt/ubna_data_01_mir/recover-20220825/UBNA_002/20220823_033000.WAV,Telephone Field,recover-20220825,002,1795
381.5225,381.5617,68437,82187,Rhinolophus ferrumequinum,0.023,0.023,-1,Echolocation,/mnt/ubna_data_01_mir/recover-20220825/UBNA_002/20220823_033000.WAV,Telephone Field,recover-20220825,002,1795
381.5345,381.5718,68437,82339,Rhinolophus ferrumequinum,0.026,0.026,-1,Echolocation,/mnt/ubna_data_01_mir/recover-20220825/UBNA_002/20220823_033000.WAV,Telephone Field,recover-20220825,002,1795
381.5585,381.5648,38359,48426,Myotis daubentonii,0.017,0.026,-1,Echolocation,/mnt/ubna_data_01_mir/recover-20220825/UBNA_002/20220823_033000.WAV,Telephone Field,recover-20220825,002,1795
381.5595,381.566,29765,47804,Myotis daubentonii,0.015,0.026,-1,Echolocation,/mnt/ubna_data_01_mir/recover-20220825/UBNA_002/20220823_033000.WAV,Telephone Field,recover-20220825,002,1795
381.5895,381.6272,68437,81921,Rhinolophus ferrumequinum,0.024,0.024,-1,Echolocation,/mnt/ubna_data_01_mir/recover-20220825/UBNA_002/20220823_033000.WAV,Telephone Field,recover-20220825,002,1795
381.5955,381.6016,31484,47778,Myotis daubentonii,0.016,0.027,-1,Echolocation,/mnt/ubna_data_01_mir/recover-20220825/UBNA_002/20220823_033000.WAV,Telephone Field,recover-20220825,002,1795
381.6255,381.6633,68437,81620,Rhinolophus ferrumequinum,0.023,0.023,-1,Echolocation,/mnt/ubna_data_01_mir/recover-20220825/UBNA_002/20220823_033000.WAV,Telephone Field,recover-20220825,002,1795
381.6575,381.6629,39218,50654,Myotis daubentonii,0.126,0.375,-1,Echolocation,/mnt/ubna_data_01_mir/recover-20220825/UBNA_002/20220823_033000.WAV,Telephone Field,recover-20220825,002,1795
381.6765,381.7167,68437,82661,Rhinolophus ferrumequinum,0.024,0.024,-1,Echolocation,/mnt/ubna_data_01_mir/recover-20220825/UBNA_002/20220823_033000.WAV,Telephone Field,recover-20220825,002,1795
381.7215,381.733,23750,30128,Nyctalus leisleri,0.011,0.025,-1,Echolocation,/mnt/ubna_data_01_mir/recover-20220825/UBNA_002/20220823_033000.WAV,Telephone Field,recover-20220825,002,1795
381.7215,381.7632,68437,82344,Rhinolophus ferrumequinum,0.023,0.023,-1,Echolocation,/mnt/ubna_data_01_mir/recover-20220825/UBNA_002/20220823_033000.WAV,Telephone Field,recover-20220825,002,1795
381.7235,381.7331,50390,56604,Pipistrellus pipistrellus,0.061,0.072,-1,Echolocation,/mnt/ubna_data_01_mir/recover-20220825/UBNA_002/20220823_033000.WAV,Telephone Field,recover-20220825,002,1795
381.7455,381.7513,40937,49514,Pipistrellus nathusii,0.13,0.352,-1,Echolocation,/mnt/ubna_data_01_mir/recover-20220825/UBNA_002/20220823_033000.WAV,Telephone Field,recover-20220825,002,1795
381.7685,381.7763,26328,34959,Eptesicus serotinus,0.012,0.031,-1,Echolocation,/mnt/ubna_data_01_mir/recover-20220825/UBNA_002/20220823_033000.WAV,Telephone Field,recover-20220825,002,1795
381.7865,381.8264,68437,82828,Rhinolophus ferrumequinum,0.033,0.033,-1,Echolocation,/mnt/ubna_data_01_mir/recover-20220825/UBNA_002/20220823_033000.WAV,Telephone Field,recover-20220825,002,1795
381.8185,381.8597,68437,83198,Rhinolophus ferrumequinum,0.034,0.034,-1,Echolocation,/mnt/ubna_data_01_mir/recover-20220825/UBNA_002/20220823_033000.WAV,Telephone Field,recover-20220825,002,1795
381.8255,381.843,19453,22692,Nyctalus leisleri,0.013,0.026,-1,Echolocation,/mnt/ubna_data_01_mir/recover-20220825/UBNA_002/20220823_033000.WAV,Telephone Field,recover-20220825,002,1795
381.8415,381.8479,40078,48668,Myotis daubentonii,0.12,0.373,-1,Echolocation,/mnt/ubna_data_01_mir/recover-20220825/UBNA_002/20220823_033000.WAV,Telephone Field,recover-20220825,002,1795
381.8585,381.8696,22890,27429,Nyctalus leisleri,0.011,0.023,-1,Echolocation,/mnt/ubna_data_01_mir/recover-20220825/UBNA_002/20220823_033000.WAV,Telephone Field,recover-20220825,002,1795
381.8945,381.9363,68437,82862,Rhinolophus ferrumequinum,0.031,0.031,-1,Echolocation,/mnt/ubna_data_01_mir/recover-20220825/UBNA_002/20220823_033000.WAV,Telephone Field,recover-20220825,002,1795
381.9095,381.95029999999997,68437,82683,Rhinolophus ferrumequinum,0.026,0.026,-1,Echolocation,/mnt/ubna_data_01_mir/recover-20220825/UBNA_002/20220823_033000.WAV,Telephone Field,recover-20220825,002,1795
381.9475,381.9536,40078,48777,Pipistrellus nathusii,0.238,0.432,-1,Echolocation,/mnt/ubna_data_01_mir/recover-20220825/UBNA_002/20220823_033000.WAV,Telephone Field,recover-20220825,002,1795
382.0015,382.031,69296,81012,Rhinolophus ferrumequinum,0.039,0.04,-1,Echolocation,/mnt/ubna_data_01_mir/recover-20220825/UBNA_002/20220823_033000.WAV,Telephone Field,recover-20220825,002,1795
382.0015,382.0133,55546,62907,Pipistrellus pygmaeus,0.021,0.024,-1,Echolocation,/mnt/ubna_data_01_mir/recover-20220825/UBNA_002/20220823_033000.WAV,Telephone Field,recover-20220825,002,1795
382.0015,382.0102,23750,31336,Nyctalus leisleri,0.01,0.031,-1,Echolocation,/mnt/ubna_data_01_mir/recover-20220825/UBNA_002/20220823_033000.WAV,Telephone Field,recover-20220825,002,1795
382.0085,382.0503,68437,81363,Rhinolophus ferrumequinum,0.025,0.025,-1,Echolocation,/mnt/ubna_data_01_mir/recover-20220825/UBNA_002/20220823_033000.WAV,Telephone Field,recover-20220825,002,1795
382.0285,382.044,20312,23881,Nyctalus leisleri,0.014,0.024,-1,Echolocation,/mnt/ubna_data_01_mir/recover-20220825/UBNA_002/20220823_033000.WAV,Telephone Field,recover-20220825,002,1795
382.0325,382.0402,26328,37848,Eptesicus serotinus,0.008,0.024,-1,Echolocation,/mnt/ubna_data_01_mir/recover-20220825/UBNA_002/20220823_033000.WAV,Telephone Field,recover-20220825,002,1795
382.0355,382.0405,49531,58055,Pipistrellus pipistrellus,0.026,0.033,-1,Echolocation,/mnt/ubna_data_01_mir/recover-20220825/UBNA_002/20220823_033000.WAV,Telephone Field,recover-20220825,002,1795
382.0385,382.0459,35781,46564,Pipistrellus nathusii,0.008,0.027,-1,Echolocation,/mnt/ubna_data_01_mir/recover-20220825/UBNA_002/20220823_033000.WAV,Telephone Field,recover-20220825,002,1795
382.0555,382.0606,40078,54908,Pipistrellus nathusii,0.2,0.502,-1,Echolocation,/mnt/ubna_data_01_mir/recover-20220825/UBNA_002/20220823_033000.WAV,Telephone Field,recover-20220825,002,1795
382.0565,382.0621,28906,64901,Myotis daubentonii,0.032,0.078,-1,Echolocation,/mnt/ubna_data_01_mir/recover-20220825/UBNA_002/20220823_033000.WAV,Telephone Field,recover-20220825,002,1795
382.0905,382.1297,68437,82508,Rhinolophus ferrumequinum,0.024,0.024,-1,Echolocation,/mnt/ubna_data_01_mir/recover-20220825/UBNA_002/20220823_033000.WAV,Telephone Field,recover-20220825,002,1795
382.0905,382.0989,49531,54896,Pipistrellus pipistrellus,0.023,0.027,-1,Echolocation,/mnt/ubna_data_01_mir/recover-20220825/UBNA_002/20220823_033000.WAV,Telephone Field,recover-20220825,002,1795
382.1725,382.1773,38359,51220,Myotis daubentonii,0.199,0.371,-1,Echolocation,/mnt/ubna_data_01_mir/recover-20220825/UBNA_002/20220823_033000.WAV,Telephone Field,recover-20220825,002,1795
382.2105,382.2224,22890,28081,Nyctalus leisleri,0.011,0.023,-1,Echolocation,/mnt/ubna_data_01_mir/recover-20220825/UBNA_002/20220823_033000.WAV,Telephone Field,recover-20220825,002,1795
382.2345,382.2741,68437,82449,Rhinolophus ferrumequinum,0.026,0.026,-1,Echolocation,/mnt/ubna_data_01_mir/recover-20220825/UBNA_002/20220823_033000.WAV,Telephone Field,recover-20220825,002,1795
382.2495,382.2537,38359,50205,Myotis daubentonii,0.182,0.399,-1,Echolocation,/mnt/ubna_data_01_mir/recover-20220825/UBNA_002/20220823_033000.WAV,Telephone Field,recover-20220825,002,1795
382.2675,382.3083,68437,82814,Rhinolophus ferrumequinum,0.029,0.029,-1,Echolocation,/mnt/ubna_data_01_mir/recover-20220825/UBNA_002/20220823_033000.WAV,Telephone Field,recover-20220825,002,1795
382.2915,382.298,49531,55013,Pipistrellus pipistrellus,0.021,0.023,-1,Echolocation,/mnt/ubna_data_01_mir/recover-20220825/UBNA_002/20220823_033000.WAV,Telephone Field,recover-20220825,002,1795
382.3215,382.3286,40078,48391,Pipistrellus nathusii,0.119,0.342,-1,Echolocation,/mnt/ubna_data_01_mir/recover-20220825/UBNA_002/20220823_033000.WAV,Telephone Field,recover-20220825,002,1795
382.3225,382.3281,29765,63453,Myotis daubentonii,0.024,0.056,-1,Echolocation,/mnt/ubna_data_01_mir/recover-20220825/UBNA_002/20220823_033000.WAV,Telephone Field,recover-20220825,002,1795
382.3505,382.391,68437,82303,Rhinolophus ferrumequinum,0.024,0.024,-1,Echolocation,/mnt/ubna_data_01_mir/recover-20220825/UBNA_002/20220823_033000.WAV,Telephone Field,recover-20220825,002,1795
382.3525,382.3594,27187,38470,Eptesicus serotinus,0.007,0.026,-1,Echolocation,/mnt/ubna_data_01_mir/recover-20220825/UBNA_002/20220823_033000.WAV,Telephone Field,recover-20220825,002,1795
382.3795,382.3893,50390,55533,Pipistrellus pipistrellus,0.03,0.038,-1,Echolocation,/mnt/ubna_data_01_mir/recover-20220825/UBNA_002/20220823_033000.WAV,Telephone Field,recover-20220825,002,1795
382.4045,382.4114,26328,37483,Eptesicus serotinus,0.007,0.026,-1,Echolocation,/mnt/ubna_data_01_mir/recover-20220825/UBNA_002/20220823_033000.WAV,Telephone Field,recover-20220825,002,1795
382.4355,382.4422,40937,50653,Pipistrellus nathusii,0.172,0.334,-1,Echolocation,/mnt/ubna_data_01_mir/recover-20220825/UBNA_002/20220823_033000.WAV,Telephone Field,recover-20220825,002,1795
382.4565,382.493,68437,82112,Rhinolophus ferrumequinum,0.026,0.026,-1,Echolocation,/mnt/ubna_data_01_mir/recover-20220825/UBNA_002/20220823_033000.WAV,Telephone Field,recover-20220825,002,1795
382.4605,382.4719,30625,36723,Eptesicus serotinus,0.007,0.025,-1,Echolocation,/mnt/ubna_data_01_mir/recover-20220825/UBNA_002/20220823_033000.WAV,Telephone Field,recover-20220825,002,1795
382.5375,382.5463,26328,36058,Eptesicus serotinus,0.008,0.024,-1,Echolocation,/mnt/ubna_data_01_mir/recover-20220825/UBNA_002/20220823_033000.WAV,Telephone Field,recover-20220825,002,1795
382.5595,382.565,38359,52356,Myotis daubentonii,0.012,0.032,-1,Echolocation,/mnt/ubna_data_01_mir/recover-20220825/UBNA_002/20220823_033000.WAV,Telephone Field,recover-20220825,002,1795
382.5795,382.5934,26328,30243,Nyctalus leisleri,0.069,0.125,-1,Echolocation,/mnt/ubna_data_01_mir/recover-20220825/UBNA_002/20220823_033000.WAV,Telephone Field,recover-20220825,002,1795
382.6195,382.6298,22890,28998,Nyctalus leisleri,0.009,0.025,-1,Echolocation,/mnt/ubna_data_01_mir/recover-20220825/UBNA_002/20220823_033000.WAV,Telephone Field,recover-20220825,002,1795
382.6255,382.6333,27187,37889,Eptesicus serotinus,0.008,0.026,-1,Echolocation,/mnt/ubna_data_01_mir/recover-20220825/UBNA_002/20220823_033000.WAV,Telephone Field,recover-20220825,002,1795
382.6465,382.6832,68437,82507,Rhinolophus ferrumequinum,0.026,0.026,-1,Echolocation,/mnt/ubna_data_01_mir/recover-20220825/UBNA_002/20220823_033000.WAV,Telephone Field,recover-20220825,002,1795
382.6545,382.6611,40937,54306,Myotis daubentonii,0.016,0.046,-1,Echolocation,/mnt/ubna_data_01_mir/recover-20220825/UBNA_002/20220823_033000.WAV,Telephone Field,recover-20220825,002,1795
382.6555,382.6614,33203,56412,Myotis brandtii,0.014,0.031,-1,Echolocation,/mnt/ubna_data_01_mir/recover-20220825/UBNA_002/20220823_033000.WAV,Telephone Field,recover-20220825,002,1795
382.6715,382.6817,27187,36022,Eptesicus serotinus,0.013,0.028,-1,Echolocation,/mnt/ubna_data_01_mir/recover-20220825/UBNA_002/20220823_033000.WAV,Telephone Field,recover-20220825,002,1795
382.6855,382.7213,68437,81159,Rhinolophus ferrumequinum,0.024,0.024,-1,Echolocation,/mnt/ubna_data_01_mir/recover-20220825/UBNA_002/20220823_033000.WAV,Telephone Field,recover-20220825,002,1795
382.7385,382.7446,32343,47427,Myotis daubentonii,0.019,0.029,-1,Echolocation,/mnt/ubna_data_01_mir/recover-20220825/UBNA_002/20220823_033000.WAV,Telephone Field,recover-20220825,002,1795
382.7405,382.7482,24609,35377,Eptesicus serotinus,0.013,0.042,-1,Echolocation,/mnt/ubna_data_01_mir/recover-20220825/UBNA_002/20220823_033000.WAV,Telephone Field,recover-20220825,002,1795
382.7555,382.765,27187,35199,Eptesicus serotinus,0.01,0.025,-1,Echolocation,/mnt/ubna_data_01_mir/recover-20220825/UBNA_002/20220823_033000.WAV,Telephone Field,recover-20220825,002,1795
382.7655,382.8064,68437,82653,Rhinolophus ferrumequinum,0.033,0.033,-1,Echolocation,/mnt/ubna_data_01_mir/recover-20220825/UBNA_002/20220823_033000.WAV,Telephone Field,recover-20220825,002,1795
382.7975,382.8064,23750,31754,Plecotus austriacus,0.007,0.024,-1,Echolocation,/mnt/ubna_data_01_mir/recover-20220825/UBNA_002/20220823_033000.WAV,Telephone Field,recover-20220825,002,1795
382.8325,382.8737,68437,82583,Rhinolophus ferrumequinum,0.028,0.028,-1,Echolocation,/mnt/ubna_data_01_mir/recover-20220825/UBNA_002/20220823_033000.WAV,Telephone Field,recover-20220825,002,1795
382.85450000000003,382.8628,55546,60366,Pipistrellus pygmaeus,0.023,0.024,-1,Echolocation,/mnt/ubna_data_01_mir/recover-20220825/UBNA_002/20220823_033000.WAV,Telephone Field,recover-20220825,002,1795
382.8805,382.8899,25468,35071,Eptesicus serotinus,0.01,0.024,-1,Echolocation,/mnt/ubna_data_01_mir/recover-20220825/UBNA_002/20220823_033000.WAV,Telephone Field,recover-20220825,002,1795
382.9025,382.9097,26328,39682,Eptesicus serotinus,0.01,0.034,-1,Echolocation,/mnt/ubna_data_01_mir/recover-20220825/UBNA_002/20220823_033000.WAV,Telephone Field,recover-20220825,002,1795
382.9435,382.9494,40078,57380,Myotis brandtii,0.011,0.032,-1,Echolocation,/mnt/ubna_data_01_mir/recover-20220825/UBNA_002/20220823_033000.WAV,Telephone Field,recover-20220825,002,1795
382.9675,383.0077,68437,83001,Rhinolophus ferrumequinum,0.024,0.024,-1,Echolocation,/mnt/ubna_data_01_mir/recover-20220825/UBNA_002/20220823_033000.WAV,Telephone Field,recover-20220825,002,1795
382.9695,382.9763,42656,54159,Myotis mystacinus,0.007,0.03,-1,Echolocation,/mnt/ubna_data_01_mir/recover-20220825/UBNA_002/20220823_033000.WAV,Telephone Field,recover-20220825,002,1795
382.9725,382.9832,29765,37462,Eptesicus serotinus,0.01,0.028,-1,Echolocation,/mnt/ubna_data_01_mir/recover-20220825/UBNA_002/20220823_033000.WAV,Telephone Field,recover-20220825,002,1795
382.9875,383.03,68437,83038,Rhinolophus ferrumequinum,0.037,0.037,-1,Echolocation,/mnt/ubna_data_01_mir/recover-20220825/UBNA_002/20220823_033000.WAV,Telephone Field,recover-20220825,002,1795
382.9875,382.9951,26328,37998,Eptesicus serotinus,0.007,0.023,-1,Echolocation,/mnt/ubna_data_01_mir/recover-20220825/UBNA_002/20220823_033000.WAV,Telephone Field,recover-20220825,002,1795
383.0145,383.0256,28046,36827,Eptesicus serotinus,0.025,0.041,-1,Echolocation,/mnt/ubna_data_01_mir/recover-20220825/UBNA_002/20220823_033000.WAV,Telephone Field,recover-20220825,002,1795
383.0465,383.0526,37500,49610,Myotis brandtii,0.01,0.027,-1,Echolocation,/mnt/ubna_data_01_mir/recover-20220825/UBNA_002/20220823_033000.WAV,Telephone Field,recover-20220825,002,1795
383.0465,383.0526,29765,47941,Myotis daubentonii,0.013,0.024,-1,Echolocation,/mnt/ubna_data_01_mir/recover-20220825/UBNA_002/20220823_033000.WAV,Telephone Field,recover-20220825,002,1795
383.0695,383.1115,68437,82805,Rhinolophus ferrumequinum,0.031,0.031,-1,Echolocation,/mnt/ubna_data_01_mir/recover-20220825/UBNA_002/20220823_033000.WAV,Telephone Field,recover-20220825,002,1795
383.0765,383.0844,27187,39752,Eptesicus serotinus,0.008,0.024,-1,Echolocation,/mnt/ubna_data_01_mir/recover-20220825/UBNA_002/20220823_033000.WAV,Telephone Field,recover-20220825,002,1795
383.10450000000003,383.1101,36640,49271,Myotis daubentonii,0.027,0.065,-1,Echolocation,/mnt/ubna_data_01_mir/recover-20220825/UBNA_002/20220823_033000.WAV,Telephone Field,recover-20220825,002,1795
383.1235,383.1625,68437,82140,Rhinolophus ferrumequinum,0.027,0.027,-1,Echolocation,/mnt/ubna_data_01_mir/recover-20220825/UBNA_002/20220823_033000.WAV,Telephone Field,recover-20220825,002,1795
383.1335,383.1468,34062,38433,Pipistrellus nathusii,0.036,0.058,-1,Echolocation,/mnt/ubna_data_01_mir/recover-20220825/UBNA_002/20220823_033000.WAV,Telephone Field,recover-20220825,002,1795
383.1985,383.2036,37500,52545,Myotis daubentonii,0.041,0.074,-1,Echolocation,/mnt/ubna_data_01_mir/recover-20220825/UBNA_002/20220823_033000.WAV,Telephone Field,recover-20220825,002,1795
383.2365,383.2722,68437,81766,Rhinolophus ferrumequinum,0.028,0.028,-1,Echolocation,/mnt/ubna_data_01_mir/recover-20220825/UBNA_002/20220823_033000.WAV,Telephone Field,recover-20220825,002,1795
383.2375,383.24490000000003,27187,38323,Eptesicus serotinus,0.01,0.029,-1,Echolocation,/mnt/ubna_data_01_mir/recover-20220825/UBNA_002/20220823_033000.WAV,Telephone Field,recover-20220825,002,1795
383.2505,383.2613,44375,50280,Pipistrellus pipistrellus,0.019,0.024,-1,Echolocation,/mnt/ubna_data_01_mir/recover-20220825/UBNA_002/20220823_033000.WAV,Telephone Field,recover-20220825,002,1795
383.2625,383.26800000000003,45234,58379,Pipistrellus pipistrellus,0.008,0.023,-1,Echolocation,/mnt/ubna_data_01_mir/recover-20220825/UBNA_002/20220823_033000.WAV,Telephone Field,recover-20220825,002,1795
383.2905,383.2961,34921,49057,Myotis daubentonii,0.104,0.284,-1,Echolocation,/mnt/ubna_data_01_mir/recover-20220825/UBNA_002/20220823_033000.WAV,Telephone Field,recover-20220825,002,1795
383.3065,383.3439,68437,80264,Rhinolophus ferrumequinum,0.027,0.027,-1,Echolocation,/mnt/ubna_data_01_mir/recover-20220825/UBNA_002/20220823_033000.WAV,Telephone Field,recover-20220825,002,1795
383.3485,383.3557,44375,51128,Pipistrellus pipistrellus,0.017,0.026,-1,Echolocation,/mnt/ubna_data_01_mir/recover-20220825/UBNA_002/20220823_033000.WAV,Telephone Field,recover-20220825,002,1795
383.3625,383.37,28046,38380,Eptesicus serotinus,0.008,0.027,-1,Echolocation,/mnt/ubna_data_01_mir/recover-20220825/UBNA_002/20220823_033000.WAV,Telephone Field,recover-20220825,002,1795
383.3805,383.386,38359,48403,Myotis daubentonii,0.139,0.362,-1,Echolocation,/mnt/ubna_data_01_mir/recover-20220825/UBNA_002/20220823_033000.WAV,Telephone Field,recover-20220825,002,1795
383.4225,383.43240000000003,25468,32825,Eptesicus serotinus,0.011,0.025,-1,Echolocation,/mnt/ubna_data_01_mir/recover-20220825/UBNA_002/20220823_033000.WAV,Telephone Field,recover-20220825,002,1795
383.4475,383.456,27187,39044,Eptesicus serotinus,0.009,0.023,-1,Echolocation,/mnt/ubna_data_01_mir/recover-20220825/UBNA_002/20220823_033000.WAV,Telephone Field,recover-20220825,002,1795
383.4535,383.4624,44375,47616,Pipistrellus pipistrellus,0.02,0.025,-1,Echolocation,/mnt/ubna_data_01_mir/recover-20220825/UBNA_002/20220823_033000.WAV,Telephone Field,recover-20220825,002,1795
383.4815,383.4867,36640,48492,Myotis daubentonii,0.171,0.463,-1,Echolocation,/mnt/ubna_data_01_mir/recover-20220825/UBNA_002/20220823_033000.WAV,Telephone Field,recover-20220825,002,1795
383.58050000000003,383.5888,37500,45239,Pipistrellus nathusii,0.008,0.028,-1,Echolocation,/mnt/ubna_data_01_mir/recover-20220825/UBNA_002/20220823_033000.WAV,Telephone Field,recover-20220825,002,1795
383.5825,383.5889,29765,45883,Myotis daubentonii,0.015,0.027,-1,Echolocation,/mnt/ubna_data_01_mir/recover-20220825/UBNA_002/20220823_033000.WAV,Telephone Field,recover-20220825,002,1795
383.6005,383.6094,28906,36642,Eptesicus serotinus,0.009,0.024,-1,Echolocation,/mnt/ubna_data_01_mir/recover-20220825/UBNA_002/20220823_033000.WAV,Telephone Field,recover-20220825,002,1795
383.6135,383.6555,68437,82605,Rhinolophus ferrumequinum,0.024,0.024,-1,Echolocation,/mnt/ubna_data_01_mir/recover-20220825/UBNA_002/20220823_033000.WAV,Telephone Field,recover-20220825,002,1795
383.6145,383.6216,40937,53857,Myotis brandtii,0.007,0.024,-1,Echolocation,/mnt/ubna_data_01_mir/recover-20220825/UBNA_002/20220823_033000.WAV,Telephone Field,recover-20220825,002,1795
383.6165,383.6225,36640,52673,Myotis daubentonii,0.009,0.023,-1,Echolocation,/mnt/ubna_data_01_mir/recover-20220825/UBNA_002/20220823_033000.WAV,Telephone Field,recover-20220825,002,1795
383.6945,383.7028,27187,37876,Eptesicus serotinus,0.008,0.024,-1,Echolocation,/mnt/ubna_data_01_mir/recover-20220825/UBNA_002/20220823_033000.WAV,Telephone Field,recover-20220825,002,1795
383.6995,383.7083,43515,52035,Pipistrellus nathusii,0.006,0.027,-1,Echolocation,/mnt/ubna_data_01_mir/recover-20220825/UBNA_002/20220823_033000.WAV,Telephone Field,recover-20220825,002,1795
383.7005,383.7083,34062,46825,Myotis brandtii,0.01,0.029,-1,Echolocation,/mnt/ubna_data_01_mir/recover-20220825/UBNA_002/20220823_033000.WAV,Telephone Field,recover-20220825,002,1795
383.7005,383.7085,26328,39074,Eptesicus serotinus,0.008,0.023,-1,Echolocation,/mnt/ubna_data_01_mir/recover-20220825/UBNA_002/20220823_033000.WAV,Telephone Field,recover-20220825,002,1795
383.7495,383.7577,27187,37392,Eptesicus serotinus,0.01,0.025,-1,Echolocation,/mnt/ubna_data_01_mir/recover-20220825/UBNA_002/20220823_033000.WAV,Telephone Field,recover-20220825,002,1795
383.7585,383.7967,68437,82090,Rhinolophus ferrumequinum,0.025,0.025,-1,Echolocation,/mnt/ubna_data_01_mir/recover-20220825/UBNA_002/20220823_033000.WAV,Telephone Field,recover-20220825,002,1795
383.8265,383.8323,39218,52221,Pipistrellus nathusii,0.222,0.488,-1,Echolocation,/mnt/ubna_data_01_mir/recover-20220825/UBNA_002/20220823_033000.WAV,Telephone Field,recover-20220825,002,1795
383.8535,383.8605,28046,37250,Eptesicus serotinus,0.007,0.024,-1,Echolocation,/mnt/ubna_data_01_mir/recover-20220825/UBNA_002/20220823_033000.WAV,Telephone Field,recover-20220825,002,1795
383.8725,383.9174,68437,83354,Rhinolophus ferrumequinum,0.029,0.029,-1,Echolocation,/mnt/ubna_data_01_mir/recover-20220825/UBNA_002/20220823_033000.WAV,Telephone Field,recover-20220825,002,1795
383.9405,383.9481,27187,38743,Eptesicus serotinus,0.008,0.025,-1,Echolocation,/mnt/ubna_data_01_mir/recover-20220825/UBNA_002/20220823_033000.WAV,Telephone Field,recover-20220825,002,1795
383.9865,383.9952,27187,37610,Eptesicus serotinus,0.01,0.026,-1,Echolocation,/mnt/ubna_data_01_mir/recover-20220825/UBNA_002/20220823_033000.WAV,Telephone Field,recover-20220825,002,1795
384.0015,384.0105,23750,31256,Nyctalus leisleri,0.008,0.026,-1,Echolocation,/mnt/ubna_data_01_mir/recover-20220825/UBNA_002/20220823_033000.WAV,Telephone Field,recover-20220825,002,1795
384.0015,384.0307,68437,80001,Rhinolophus ferrumequinum,0.032,0.033,-1,Echolocation,/mnt/ubna_data_01_mir/recover-20220825/UBNA_002/20220823_033000.WAV,Telephone Field,recover-20220825,002,1795
384.0015,384.0077,46093,50964,Pipistrellus pipistrellus,0.014,0.024,-1,Echolocation,/mnt/ubna_data_01_mir/recover-20220825/UBNA_002/20220823_033000.WAV,Telephone Field,recover-20220825,002,1795
384.0025,384.0107,41796,50101,Pipistrellus nathusii,0.008,0.025,-1,Echolocation,/mnt/ubna_data_01_mir/recover-20220825/UBNA_002/20220823_033000.WAV,Telephone Field,recover-20220825,002,1795
384.0075,384.0151,27187,36738,Eptesicus serotinus,0.007,0.023,-1,Echolocation,/mnt/ubna_data_01_mir/recover-20220825/UBNA_002/20220823_033000.WAV,Telephone Field,recover-20220825,002,1795
384.0325,384.0392,25468,42705,Eptesicus serotinus,0.007,0.029,-1,Echolocation,/mnt/ubna_data_01_mir/recover-20220825/UBNA_002/20220823_033000.WAV,Telephone Field,recover-20220825,002,1795
384.0325,384.0385,38359,45725,Barbastellus barbastellus,0.085,0.116,-1,Echolocation,/mnt/ubna_data_01_mir/recover-20220825/UBNA_002/20220823_033000.WAV,Telephone Field,recover-20220825,002,1795
384.0415,384.0514,27187,34863,Eptesicus serotinus,0.012,0.026,-1,Echolocation,/mnt/ubna_data_01_mir/recover-20220825/UBNA_002/20220823_033000.WAV,Telephone Field,recover-20220825,002,1795
384.0615,384.0956,68437,80829,Rhinolophus ferrumequinum,0.023,0.023,-1,Echolocation,/mnt/ubna_data_01_mir/recover-20220825/UBNA_002/20220823_033000.WAV,Telephone Field,recover-20220825,002,1795
384.0745,384.1077,68437,81262,Rhinolophus ferrumequinum,0.024,0.024,-1,Echolocation,/mnt/ubna_data_01_mir/recover-20220825/UBNA_002/20220823_033000.WAV,Telephone Field,recover-20220825,002,1795
384.0885,384.0941,39218,53332,Myotis brandtii,0.009,0.025,-1,Echolocation,/mnt/ubna_data_01_mir/recover-20220825/UBNA_002/20220823_033000.WAV,Telephone Field,recover-20220825,002,1795
384.0905,384.0971,27187,41588,Myotis daubentonii,0.008,0.026,-1,Echolocation,/mnt/ubna_data_01_mir/recover-20220825/UBNA_002/20220823_033000.WAV,Telephone Field,recover-20220825,002,1795
384.1275,384.1654,68437,82650,Rhinolophus ferrumequinum,0.026,0.026,-1,Echolocation,/mnt/ubna_data_01_mir/recover-20220825/UBNA_002/20220823_033000.WAV,Telephone Field,recover-20220825,002,1795
384.1335,384.1394,40078,51342,Pipistrellus nathusii,0.29,0.455,-1,Echolocation,/mnt/ubna_data_01_mir/recover-20220825/UBNA_002/20220823_033000.WAV,Telephone Field,recover-20220825,002,1795
384.1675,384.2041,68437,81758,Rhinolophus ferrumequinum,0.023,0.023,-1,Echolocation,/mnt/ubna_data_01_mir/recover-20220825/UBNA_002/20220823_033000.WAV,Telephone Field,recover-20220825,002,1795
384.2315,384.2376,39218,49154,Pipistrellus nathusii,0.357,0.471,-1,Echolocation,/mnt/ubna_data_01_mir/recover-20220825/UBNA_002/20220823_033000.WAV,Telephone Field,recover-20220825,002,1795
384.2605,384.2734,23750,28830,Nyctalus leisleri,0.012,0.027,-1,Echolocation,/mnt/ubna_data_01_mir/recover-20220825/UBNA_002/20220823_033000.WAV,Telephone Field,recover-20220825,002,1795
384.2905,384.2988,27187,39359,Eptesicus serotinus,0.007,0.023,-1,Echolocation,/mnt/ubna_data_01_mir/recover-20220825/UBNA_002/20220823_033000.WAV,Telephone Field,recover-20220825,002,1795
384.2915,384.2994,41796,47451,Pipistrellus nathusii,0.009,0.025,-1,Echolocation,/mnt/ubna_data_01_mir/recover-20220825/UBNA_002/20220823_033000.WAV,Telephone Field,recover-20220825,002,1795
384.2995,384.3087,27187,35218,Eptesicus serotinus,0.008,0.023,-1,Echolocation,/mnt/ubna_data_01_mir/recover-20220825/UBNA_002/20220823_033000.WAV,Telephone Field,recover-20220825,002,1795
384.3275,384.367,68437,82030,Rhinolophus ferrumequinum,0.034,0.034,-1,Echolocation,/mnt/ubna_data_01_mir/recover-20220825/UBNA_002/20220823_033000.WAV,Telephone Field,recover-20220825,002,1795
384.3365,384.3431,36640,49849,Pipistrellus nathusii,0.124,0.351,-1,Echolocation,/mnt/ubna_data_01_mir/recover-20220825/UBNA_002/20220823_033000.WAV,Telephone Field,recover-20220825,002,1795
384.3725,384.3851,32343,36796,Pipistrellus nathusii,0.041,0.103,-1,Echolocation,/mnt/ubna_data_01_mir/recover-20220825/UBNA_002/20220823_033000.WAV,Telephone Field,recover-20220825,002,1795
384.3895,384.3982,27187,36243,Eptesicus serotinus,0.009,0.025,-1,Echolocation,/mnt/ubna_data_01_mir/recover-20220825/UBNA_002/20220823_033000.WAV,Telephone Field,recover-20220825,002,1795
384.4075,384.4131,40937,56819,Myotis brandtii,0.012,0.029,-1,Echolocation,/mnt/ubna_data_01_mir/recover-20220825/UBNA_002/20220823_033000.WAV,Telephone Field,recover-20220825,002,1795
384.4335,384.439,37500,48199,Barbastellus barbastellus,0.093,0.258,-1,Echolocation,/mnt/ubna_data_01_mir/recover-20220825/UBNA_002/20220823_033000.WAV,Telephone Field,recover-20220825,002,1795
384.4435,384.4811,68437,82291,Rhinolophus ferrumequinum,0.028,0.028,-1,Echolocation,/mnt/ubna_data_01_mir/recover-20220825/UBNA_002/20220823_033000.WAV,Telephone Field,recover-20220825,002,1795
384.4475,384.4565,26328,35170,Eptesicus serotinus,0.01,0.028,-1,Echolocation,/mnt/ubna_data_01_mir/recover-20220825/UBNA_002/20220823_033000.WAV,Telephone Field,recover-20220825,002,1795
384.4525,384.464,28906,35411,Eptesicus serotinus,0.013,0.029,-1,Echolocation,/mnt/ubna_data_01_mir/recover-20220825/UBNA_002/20220823_033000.WAV,Telephone Field,recover-20220825,002,1795
384.4665,384.4732,30625,49138,Myotis daubentonii,0.014,0.025,-1,Echolocation,/mnt/ubna_data_01_mir/recover-20220825/UBNA_002/20220823_033000.WAV,Telephone Field,recover-20220825,002,1795
384.4775,384.4942,18593,22948,Nyctalus noctula,0.014,0.027,-1,Echolocation,/mnt/ubna_data_01_mir/recover-20220825/UBNA_002/20220823_033000.WAV,Telephone Field,recover-20220825,002,1795
384.5395,384.5503,28046,36758,Eptesicus serotinus,0.016,0.034,-1,Echolocation,/mnt/ubna_data_01_mir/recover-20220825/UBNA_002/20220823_033000.WAV,Telephone Field,recover-20220825,002,1795
384.5485,384.5571,37500,44828,Pipistrellus nathusii,0.014,0.027,-1,Echolocation,/mnt/ubna_data_01_mir/recover-20220825/UBNA_002/20220823_033000.WAV,Telephone Field,recover-20220825,002,1795
384.5705,384.5768,37500,48278,Barbastellus barbastellus,0.054,0.177,-1,Echolocation,/mnt/ubna_data_01_mir/recover-20220825/UBNA_002/20220823_033000.WAV,Telephone Field,recover-20220825,002,1795
384.6015,384.6087,57265,63798,Pipistrellus pygmaeus,0.024,0.024,-1,Echolocation,/mnt/ubna_data_01_mir/recover-20220825/UBNA_002/20220823_033000.WAV,Telephone Field,recover-20220825,002,1795
384.60450000000003,384.6124,27187,36898,Eptesicus serotinus,0.007,0.023,-1,Echolocation,/mnt/ubna_data_01_mir/recover-20220825/UBNA_002/20220823_033000.WAV,Telephone Field,recover-20220825,002,1795
384.6185,384.6244,30625,47519,Myotis daubentonii,0.014,0.025,-1,Echolocation,/mnt/ubna_data_01_mir/recover-20220825/UBNA_002/20220823_033000.WAV,Telephone Field,recover-20220825,002,1795
384.6305,384.6679,68437,81721,Rhinolophus ferrumequinum,0.024,0.024,-1,Echolocation,/mnt/ubna_data_01_mir/recover-20220825/UBNA_002/20220823_033000.WAV,Telephone Field,recover-20220825,002,1795
384.6405,384.6514,22031,26082,Nyctalus leisleri,0.013,0.024,-1,Echolocation,/mnt/ubna_data_01_mir/recover-20220825/UBNA_002/20220823_033000.WAV,Telephone Field,recover-20220825,002,1795
384.6545,384.6931,68437,82679,Rhinolophus ferrumequinum,0.029,0.029,-1,Echolocation,/mnt/ubna_data_01_mir/recover-20220825/UBNA_002/20220823_033000.WAV,Telephone Field,recover-20220825,002,1795
384.6565,384.6623,37500,51464,Myotis daubentonii,0.017,0.027,-1,Echolocation,/mnt/ubna_data_01_mir/recover-20220825/UBNA_002/20220823_033000.WAV,Telephone Field,recover-20220825,002,1795
384.66949999999997,384.675,37500,51597,Myotis daubentonii,0.07,0.139,-1,Echolocation,/mnt/ubna_data_01_mir/recover-20220825/UBNA_002/20220823_033000.WAV,Telephone Field,recover-20220825,002,1795
384.6815,384.6929,23750,29690,Nyctalus leisleri,0.013,0.032,-1,Echolocation,/mnt/ubna_data_01_mir/recover-20220825/UBNA_002/20220823_033000.WAV,Telephone Field,recover-20220825,002,1795
384.6925,384.7329,68437,82249,Rhinolophus ferrumequinum,0.033,0.033,-1,Echolocation,/mnt/ubna_data_01_mir/recover-20220825/UBNA_002/20220823_033000.WAV,Telephone Field,recover-20220825,002,1795
384.7215,384.7316,23750,31097,Nyctalus leisleri,0.007,0.023,-1,Echolocation,/mnt/ubna_data_01_mir/recover-20220825/UBNA_002/20220823_033000.WAV,Telephone Field,recover-20220825,002,1795
384.8165,384.8524,68437,81599,Rhinolophus ferrumequinum,0.023,0.023,-1,Echolocation,/mnt/ubna_data_01_mir/recover-20220825/UBNA_002/20220823_033000.WAV,Telephone Field,recover-20220825,002,1795
384.8905,384.9282,68437,81982,Rhinolophus ferrumequinum,0.026,0.026,-1,Echolocation,/mnt/ubna_data_01_mir/recover-20220825/UBNA_002/20220823_033000.WAV,Telephone Field,recover-20220825,002,1795
384.8935,384.8992,36640,48790,Myotis daubentonii,0.009,0.025,-1,Echolocation,/mnt/ubna_data_01_mir/recover-20220825/UBNA_002/20220823_033000.WAV,Telephone Field,recover-20220825,002,1795
384.8945,384.9012,28046,44144,Myotis daubentonii,0.014,0.032,-1,Echolocation,/mnt/ubna_data_01_mir/recover-20220825/UBNA_002/20220823_033000.WAV,Telephone Field,recover-20220825,002,1795
384.9365,384.9454,26328,37449,Eptesicus serotinus,0.008,0.024,-1,Echolocation,/mnt/ubna_data_01_mir/recover-20220825/UBNA_002/20220823_033000.WAV,Telephone Field,recover-20220825,002,1795
384.9705,384.9799,25468,33178,Eptesicus serotinus,0.011,0.026,-1,Echolocation,/mnt/ubna_data_01_mir/recover-20220825/UBNA_002/20220823_033000.WAV,Telephone Field,recover-20220825,002,1795
385.0025,385.0412,68437,82299,Rhinolophus ferrumequinum,0.024,0.024,-1,Echolocation,/mnt/ubna_data_01_mir/recover-20220825/UBNA_002/20220823_033000.WAV,Telephone Field,recover-20220825,002,1795
385.0025,385.0109,27187,38751,Eptesicus serotinus,0.007,0.024,-1,Echolocation,/mnt/ubna_data_01_mir/recover-20220825/UBNA_002/20220823_033000.WAV,Telephone Field,recover-20220825,002,1795
385.0325,385.0377,37500,48558,Pipistrellus nathusii,0.189,0.406,-1,Echolocation,/mnt/ubna_data_01_mir/recover-20220825/UBNA_002/20220823_033000.WAV,Telephone Field,recover-20220825,002,1795
385.0355,385.0429,50390,54927,Pipistrellus pipistrellus,0.014,0.023,-1,Echolocation,/mnt/ubna_data_01_mir/recover-20220825/UBNA_002/20220823_033000.WAV,Telephone Field,recover-20220825,002,1795
385.0415,385.0481,29765,40193,Myotis daubentonii,0.013,0.024,-1,Echolocation,/mnt/ubna_data_01_mir/recover-20220825/UBNA_002/20220823_033000.WAV,Telephone Field,recover-20220825,002,1795
385.0645,385.074,31484,38819,Barbastellus barbastellus,0.01,0.031,-1,Echolocation,/mnt/ubna_data_01_mir/recover-20220825/UBNA_002/20220823_033000.WAV,Telephone Field,recover-20220825,002,1795
385.0655,385.0745,26328,35742,Eptesicus serotinus,0.01,0.028,-1,Echolocation,/mnt/ubna_data_01_mir/recover-20220825/UBNA_002/20220823_033000.WAV,Telephone Field,recover-20220825,002,1795
385.0695,385.08820000000003,18593,22695,Nyctalus noctula,0.016,0.026,-1,Echolocation,/mnt/ubna_data_01_mir/recover-20220825/UBNA_002/20220823_033000.WAV,Telephone Field,recover-20220825,002,1795
385.0835,385.0892,31484,63280,Myotis brandtii,0.017,0.034,-1,Echolocation,/mnt/ubna_data_01_mir/recover-20220825/UBNA_002/20220823_033000.WAV,Telephone Field,recover-20220825,002,1795
385.0835,385.0897,40078,56179,Myotis brandtii,0.01,0.028,-1,Echolocation,/mnt/ubna_data_01_mir/recover-20220825/UBNA_002/20220823_033000.WAV,Telephone Field,recover-20220825,002,1795
385.1235,385.1653,68437,83167,Rhinolophus ferrumequinum,0.028,0.028,-1,Echolocation,/mnt/ubna_data_01_mir/recover-20220825/UBNA_002/20220823_033000.WAV,Telephone Field,recover-20220825,002,1795
385.1335,385.1704,68437,82510,Rhinolophus ferrumequinum,0.025,0.025,-1,Echolocation,/mnt/ubna_data_01_mir/recover-20220825/UBNA_002/20220823_033000.WAV,Telephone Field,recover-20220825,002,1795
385.1465,385.1545,27187,39312,Eptesicus serotinus,0.008,0.024,-1,Echolocation,/mnt/ubna_data_01_mir/recover-20220825/UBNA_002/20220823_033000.WAV,Telephone Field,recover-20220825,002,1795
385.1685,385.1766,27187,37461,Eptesicus serotinus,0.008,0.023,-1,Echolocation,/mnt/ubna_data_01_mir/recover-20220825/UBNA_002/20220823_033000.WAV,Telephone Field,recover-20220825,002,1795
385.2085,385.2158,27187,38000,Eptesicus serotinus,0.01,0.036,-1,Echolocation,/mnt/ubna_data_01_mir/recover-20220825/UBNA_002/20220823_033000.WAV,Telephone Field,recover-20220825,002,1795
385.2245,385.2637,68437,82193,Rhinolophus ferrumequinum,0.027,0.027,-1,Echolocation,/mnt/ubna_data_01_mir/recover-20220825/UBNA_002/20220823_033000.WAV,Telephone Field,recover-20220825,002,1795
385.2315,385.2396,25468,34069,Eptesicus serotinus,0.006,0.024,-1,Echolocation,/mnt/ubna_data_01_mir/recover-20220825/UBNA_002/20220823_033000.WAV,Telephone Field,recover-20220825,002,1795
385.2985,385.3051,37500,52053,Myotis brandtii,0.01,0.027,-1,Echolocation,/mnt/ubna_data_01_mir/recover-20220825/UBNA_002/20220823_033000.WAV,Telephone Field,recover-20220825,002,1795
385.3015,385.3093,26328,42782,Eptesicus serotinus,0.009,0.025,-1,Echolocation,/mnt/ubna_data_01_mir/recover-20220825/UBNA_002/20220823_033000.WAV,Telephone Field,recover-20220825,002,1795
385.3025,385.3087,31484,47111,Myotis daubentonii,0.015,0.028,-1,Echolocation,/mnt/ubna_data_01_mir/recover-20220825/UBNA_002/20220823_033000.WAV,Telephone Field,recover-20220825,002,1795
385.3325,385.3405,39218,45585,Pipistrellus nathusii,0.144,0.223,-1,Echolocation,/mnt/ubna_data_01_mir/recover-20220825/UBNA_002/20220823_033000.WAV,Telephone Field,recover-20220825,002,1795
385.3335,385.3393,30625,44941,Myotis daubentonii,0.022,0.055,-1,Echolocation,/mnt/ubna_data_01_mir/recover-20220825/UBNA_002/20220823_033000.WAV,Telephone Field,recover-20220825,002,1795
385.3635,385.4009,68437,82024,Rhinolophus ferrumequinum,0.023,0.023,-1,Echolocation,/mnt/ubna_data_01_mir/recover-20220825/UBNA_002/20220823_033000.WAV,Telephone Field,recover-20220825,002,1795
385.3715,385.409,68437,82094,Rhinolophus ferrumequinum,0.024,0.024,-1,Echolocation,/mnt/ubna_data_01_mir/recover-20220825/UBNA_002/20220823_033000.WAV,Telephone Field,recover-20220825,002,1795
385.3825,385.4184,68437,80636,Rhinolophus ferrumequinum,0.023,0.023,-1,Echolocation,/mnt/ubna_data_01_mir/recover-20220825/UBNA_002/20220823_033000.WAV,Telephone Field,recover-20220825,002,1795
385.41949999999997,385.4267,34921,43302,Barbastellus barbastellus,0.015,0.035,-1,Echolocation,/mnt/ubna_data_01_mir/recover-20220825/UBNA_002/20220823_033000.WAV,Telephone Field,recover-20220825,002,1795
385.4475,385.4567,27187,38894,Eptesicus serotinus,0.01,0.024,-1,Echolocation,/mnt/ubna_data_01_mir/recover-20220825/UBNA_002/20220823_033000.WAV,Telephone Field,recover-20220825,002,1795
385.45550000000003,385.4912,68437,81587,Rhinolophus ferrumequinum,0.028,0.028,-1,Echolocation,/mnt/ubna_data_01_mir/recover-20220825/UBNA_002/20220823_033000.WAV,Telephone Field,recover-20220825,002,1795
385.4965,385.502,37500,50156,Pipistrellus nathusii,0.262,0.481,-1,Echolocation,/mnt/ubna_data_01_mir/recover-20220825/UBNA_002/20220823_033000.WAV,Telephone Field,recover-20220825,002,1795
385.4995,385.506,22031,38297,Myotis nattereri,0.01,0.025,-1,Echolocation,/mnt/ubna_data_01_mir/recover-20220825/UBNA_002/20220823_033000.WAV,Telephone Field,recover-20220825,002,1795
385.4995,385.5348,68437,81857,Rhinolophus ferrumequinum,0.029,0.029,-1,Echolocation,/mnt/ubna_data_01_mir/recover-20220825/UBNA_002/20220823_033000.WAV,Telephone Field,recover-20220825,002,1795
385.5055,385.5121,30625,41002,Myotis daubentonii,0.014,0.025,-1,Echolocation,/mnt/ubna_data_01_mir/recover-20220825/UBNA_002/20220823_033000.WAV,Telephone Field,recover-20220825,002,1795
385.5075,385.5469,68437,81995,Rhinolophus ferrumequinum,0.028,0.028,-1,Echolocation,/mnt/ubna_data_01_mir/recover-20220825/UBNA_002/20220823_033000.WAV,Telephone Field,recover-20220825,002,1795
385.5325,385.5405,27187,37551,Eptesicus serotinus,0.008,0.024,-1,Echolocation,/mnt/ubna_data_01_mir/recover-20220825/UBNA_002/20220823_033000.WAV,Telephone Field,recover-20220825,002,1795
385.5495,385.5563,27187,36855,Eptesicus serotinus,0.008,0.029,-1,Echolocation,/mnt/ubna_data_01_mir/recover-20220825/UBNA_002/20220823_033000.WAV,Telephone Field,recover-20220825,002,1795
385.5695,385.582,23750,29353,Nyctalus leisleri,0.012,0.029,-1,Echolocation,/mnt/ubna_data_01_mir/recover-20220825/UBNA_002/20220823_033000.WAV,Telephone Field,recover-20220825,002,1795
385.5995,385.6359,68437,81960,Rhinolophus ferrumequinum,0.033,0.033,-1,Echolocation,/mnt/ubna_data_01_mir/recover-20220825/UBNA_002/20220823_033000.WAV,Telephone Field,recover-20220825,002,1795
385.6005,385.6094,47812,50985,Pipistrellus pipistrellus,0.019,0.028,-1,Echolocation,/mnt/ubna_data_01_mir/recover-20220825/UBNA_002/20220823_033000.WAV,Telephone Field,recover-20220825,002,1795
385.6025,385.6084,35781,49326,Pipistrellus nathusii,0.259,0.517,-1,Echolocation,/mnt/ubna_data_01_mir/recover-20220825/UBNA_002/20220823_033000.WAV,Telephone Field,recover-20220825,002,1795
385.6195,385.6569,68437,82758,Rhinolophus ferrumequinum,0.035,0.035,-1,Echolocation,/mnt/ubna_data_01_mir/recover-20220825/UBNA_002/20220823_033000.WAV,Telephone Field,recover-20220825,002,1795
385.6395,385.64639999999997,50390,56981,Pipistrellus pipistrellus,0.02,0.024,-1,Echolocation,/mnt/ubna_data_01_mir/recover-20220825/UBNA_002/20220823_033000.WAV,Telephone Field,recover-20220825,002,1795
385.6435,385.6503,30625,45383,Myotis daubentonii,0.011,0.024,-1,Echolocation,/mnt/ubna_data_01_mir/recover-20220825/UBNA_002/20220823_033000.WAV,Telephone Field,recover-20220825,002,1795
385.6675,385.673,36640,50614,Myotis daubentonii,0.011,0.025,-1,Echolocation,/mnt/ubna_data_01_mir/recover-20220825/UBNA_002/20220823_033000.WAV,Telephone Field,recover-20220825,002,1795
385.6715,385.6787,26328,39693,Eptesicus serotinus,0.008,0.026,-1,Echolocation,/mnt/ubna_data_01_mir/recover-20220825/UBNA_002/20220823_033000.WAV,Telephone Field,recover-20220825,002,1795
385.7015,385.7064,38359,53861,Pipistrellus nathusii,0.303,0.586,-1,Echolocation,/mnt/ubna_data_01_mir/recover-20220825/UBNA_002/20220823_033000.WAV,Telephone Field,recover-20220825,002,1795
385.7575,385.7679,22890,29025,Nyctalus leisleri,0.011,0.032,-1,Echolocation,/mnt/ubna_data_01_mir/recover-20220825/UBNA_002/20220823_033000.WAV,Telephone Field,recover-20220825,002,1795
385.8105,385.8167,37500,53730,Pipistrellus nathusii,0.244,0.554,-1,Echolocation,/mnt/ubna_data_01_mir/recover-20220825/UBNA_002/20220823_033000.WAV,Telephone Field,recover-20220825,002,1795
385.8125,385.8495,68437,82078,Rhinolophus ferrumequinum,0.025,0.025,-1,Echolocation,/mnt/ubna_data_01_mir/recover-20220825/UBNA_002/20220823_033000.WAV,Telephone Field,recover-20220825,002,1795
385.8195,385.8258,30625,39767,Myotis daubentonii,0.013,0.023,-1,Echolocation,/mnt/ubna_data_01_mir/recover-20220825/UBNA_002/20220823_033000.WAV,Telephone Field,recover-20220825,002,1795
385.8535,385.8621,26328,34489,Eptesicus serotinus,0.01,0.026,-1,Echolocation,/mnt/ubna_data_01_mir/recover-20220825/UBNA_002/20220823_033000.WAV,Telephone Field,recover-20220825,002,1795
385.9065,385.914,50390,53743,Pipistrellus pipistrellus,0.014,0.025,-1,Echolocation,/mnt/ubna_data_01_mir/recover-20220825/UBNA_002/20220823_033000.WAV,Telephone Field,recover-20220825,002,1795
385.9065,385.9113,26328,71781,Myotis bechsteinii,0.059,0.131,-1,Echolocation,/mnt/ubna_data_01_mir/recover-20220825/UBNA_002/20220823_033000.WAV,Telephone Field,recover-20220825,002,1795
385.9065,385.912,36640,55641,Pipistrellus nathusii,0.225,0.55,-1,Echolocation,/mnt/ubna_data_01_mir/recover-20220825/UBNA_002/20220823_033000.WAV,Telephone Field,recover-20220825,002,1795
385.91949999999997,385.9303,22031,26143,Nyctalus leisleri,0.012,0.023,-1,Echolocation,/mnt/ubna_data_01_mir/recover-20220825/UBNA_002/20220823_033000.WAV,Telephone Field,recover-20220825,002,1795
385.9485,385.9553,50390,58219,Pipistrellus pipistrellus,0.021,0.026,-1,Echolocation,/mnt/ubna_data_01_mir/recover-20220825/UBNA_002/20220823_033000.WAV,Telephone Field,recover-20220825,002,1795
385.9865,385.9984,50390,54743,Pipistrellus pygmaeus,0.023,0.037,-1,Echolocation,/mnt/ubna_data_01_mir/recover-20220825/UBNA_002/20220823_033000.WAV,Telephone Field,recover-20220825,002,1795
385.9945,385.9997,36640,52462,Pipistrellus nathusii,0.303,0.502,-1,Echolocation,/mnt/ubna_data_01_mir/recover-20220825/UBNA_002/20220823_033000.WAV,Telephone Field,recover-20220825,002,1795
386.0015,386.0327,69296,82977,Rhinolophus ferrumequinum,0.036,0.036,-1,Echolocation,/mnt/ubna_data_01_mir/recover-20220825/UBNA_002/20220823_033000.WAV,Telephone Field,recover-20220825,002,1795
386.0015,386.0136,47812,54392,Pipistrellus pipistrellus,0.022,0.034,-1,Echolocation,/mnt/ubna_data_01_mir/recover-20220825/UBNA_002/20220823_033000.WAV,Telephone Field,recover-20220825,002,1795
386.0015,386.0062,36640,46833,Myotis brandtii,0.009,0.03,-1,Echolocation,/mnt/ubna_data_01_mir/recover-20220825/UBNA_002/20220823_033000.WAV,Telephone Field,recover-20220825,002,1795
386.0015,386.0091,27187,42931,Eptesicus serotinus,0.008,0.033,-1,Echolocation,/mnt/ubna_data_01_mir/recover-20220825/UBNA_002/20220823_033000.WAV,Telephone Field,recover-20220825,002,1795
386.0095,386.0487,68437,82751,Rhinolophus ferrumequinum,0.024,0.024,-1,Echolocation,/mnt/ubna_data_01_mir/recover-20220825/UBNA_002/20220823_033000.WAV,Telephone Field,recover-20220825,002,1795
386.0605,386.0999,68437,82794,Rhinolophus ferrumequinum,0.026,0.026,-1,Echolocation,/mnt/ubna_data_01_mir/recover-20220825/UBNA_002/20220823_033000.WAV,Telephone Field,recover-20220825,002,1795
386.0895,386.0945,29765,74905,Myotis bechsteinii,0.041,0.086,-1,Echolocation,/mnt/ubna_data_01_mir/recover-20220825/UBNA_002/20220823_033000.WAV,Telephone Field,recover-20220825,002,1795
386.0905,386.0963,38359,57004,Pipistrellus nathusii,0.494,0.569,-1,Echolocation,/mnt/ubna_data_01_mir/recover-20220825/UBNA_002/20220823_033000.WAV,Telephone Field,recover-20220825,002,1795
386.0975,386.1042,27187,38282,Eptesicus serotinus,0.006,0.024,-1,Echolocation,/mnt/ubna_data_01_mir/recover-20220825/UBNA_002/20220823_033000.WAV,Telephone Field,recover-20220825,002,1795
386.1415,386.1802,68437,82666,Rhinolophus ferrumequinum,0.023,0.023,-1,Echolocation,/mnt/ubna_data_01_mir/recover-20220825/UBNA_002/20220823_033000.WAV,Telephone Field,recover-20220825,002,1795
386.1425,386.1495,49531,55463,Pipistrellus pipistrellus,0.034,0.038,-1,Echolocation,/mnt/ubna_data_01_mir/recover-20220825/UBNA_002/20220823_033000.WAV,Telephone Field,recover-20220825,002,1795
386.1905,386.1975,48671,52385,Pipistrellus pipistrellus,0.032,0.05,-1,Echolocation,/mnt/ubna_data_01_mir/recover-20220825/UBNA_002/20220823_033000.WAV,Telephone Field,recover-20220825,002,1795
386.1905,386.1968,37500,55363,Pipistrellus nathusii,0.518,0.609,-1,Echolocation,/mnt/ubna_data_01_mir/recover-20220825/UBNA_002/20220823_033000.WAV,Telephone Field,recover-20220825,002,1795
386.1985,386.2066,27187,35807,Eptesicus serotinus,0.006,0.023,-1,Echolocation,/mnt/ubna_data_01_mir/recover-20220825/UBNA_002/20220823_033000.WAV,Telephone Field,recover-20220825,002,1795
386.2045,386.2386,68437,81552,Rhinolophus ferrumequinum,0.025,0.025,-1,Echolocation,/mnt/ubna_data_01_mir/recover-20220825/UBNA_002/20220823_033000.WAV,Telephone Field,recover-20220825,002,1795
386.2165,386.2527,68437,81605,Rhinolophus ferrumequinum,0.021,0.021,-1,Echolocation,/mnt/ubna_data_01_mir/recover-20220825/UBNA_002/20220823_033000.WAV,Telephone Field,recover-20220825,002,1795
386.2335,386.2421,40937,47011,Pipistrellus nathusii,0.019,0.031,-1,Echolocation,/mnt/ubna_data_01_mir/recover-20220825/UBNA_002/20220823_033000.WAV,Telephone Field,recover-20220825,002,1795
386.2385,386.248,27187,34994,Eptesicus serotinus,0.008,0.022,-1,Echolocation,/mnt/ubna_data_01_mir/recover-20220825/UBNA_002/20220823_033000.WAV,Telephone Field,recover-20220825,002,1795
386.2895,386.326,68437,81610,Rhinolophus ferrumequinum,0.022,0.022,-1,Echolocation,/mnt/ubna_data_01_mir/recover-20220825/UBNA_002/20220823_033000.WAV,Telephone Field,recover-20220825,002,1795
386.3065,386.3128,37500,57681,Pipistrellus nathusii,0.398,0.497,-1,Echolocation,/mnt/ubna_data_01_mir/recover-20220825/UBNA_002/20220823_033000.WAV,Telephone Field,recover-20220825,002,1795
386.3145,386.3205,26328,39154,Myotis nattereri,0.004,0.022,-1,Echolocation,/mnt/ubna_data_01_mir/recover-20220825/UBNA_002/20220823_033000.WAV,Telephone Field,recover-20220825,002,1795
386.3165,386.3487,68437,81511,Rhinolophus ferrumequinum,0.02,0.021,-1,Echolocation,/mnt/ubna_data_01_mir/recover-20220825/UBNA_002/20220823_033000.WAV,Telephone Field,recover-20220825,002,1795
386.3335,386.3451,26328,31725,Eptesicus serotinus,0.011,0.027,-1,Echolocation,/mnt/ubna_data_01_mir/recover-20220825/UBNA_002/20220823_033000.WAV,Telephone Field,recover-20220825,002,1795
386.3815,386.4176,68437,81986,Rhinolophus ferrumequinum,0.021,0.021,-1,Echolocation,/mnt/ubna_data_01_mir/recover-20220825/UBNA_002/20220823_033000.WAV,Telephone Field,recover-20220825,002,1795
386.3845,386.3913,28046,37124,Eptesicus serotinus,0.006,0.023,-1,Echolocation,/mnt/ubna_data_01_mir/recover-20220825/UBNA_002/20220823_033000.WAV,Telephone Field,recover-20220825,002,1795
386.4005,386.4078,36640,55748,Pipistrellus nathusii,0.376,0.54,-1,Echolocation,/mnt/ubna_data_01_mir/recover-20220825/UBNA_002/20220823_033000.WAV,Telephone Field,recover-20220825,002,1795
386.4095,386.4175,27187,36021,Eptesicus serotinus,0.007,0.028,-1,Echolocation,/mnt/ubna_data_01_mir/recover-20220825/UBNA_002/20220823_033000.WAV,Telephone Field,recover-20220825,002,1795
386.4215,386.4559,68437,80935,Rhinolophus ferrumequinum,0.021,0.021,-1,Echolocation,/mnt/ubna_data_01_mir/recover-20220825/UBNA_002/20220823_033000.WAV,Telephone Field,recover-20220825,002,1795
386.4725,386.483,43515,51586,Pipistrellus pipistrellus,0.012,0.023,-1,Echolocation,/mnt/ubna_data_01_mir/recover-20220825/UBNA_002/20220823_033000.WAV,Telephone Field,recover-20220825,002,1795
386.4985,386.5046,38359,58423,Pipistrellus nathusii,0.587,0.646,-1,Echolocation,/mnt/ubna_data_01_mir/recover-20220825/UBNA_002/20220823_033000.WAV,Telephone Field,recover-20220825,002,1795
386.5065,386.5142,27187,35939,Eptesicus serotinus,0.006,0.025,-1,Echolocation,/mnt/ubna_data_01_mir/recover-20220825/UBNA_002/20220823_033000.WAV,Telephone Field,recover-20220825,002,1795
386.5565,386.5946,68437,82331,Rhinolophus ferrumequinum,0.022,0.022,-1,Echolocation,/mnt/ubna_data_01_mir/recover-20220825/UBNA_002/20220823_033000.WAV,Telephone Field,recover-20220825,002,1795
386.5875,386.6008,22031,26041,Nyctalus leisleri,0.011,0.021,-1,Echolocation,/mnt/ubna_data_01_mir/recover-20220825/UBNA_002/20220823_033000.WAV,Telephone Field,recover-20220825,002,1795
386.6325,386.6686,68437,81616,Rhinolophus ferrumequinum,0.021,0.022,-1,Echolocation,/mnt/ubna_data_01_mir/recover-20220825/UBNA_002/20220823_033000.WAV,Telephone Field,recover-20220825,002,1795
386.6395,386.6451,29765,70856,Myotis brandtii,0.022,0.053,-1,Echolocation,/mnt/ubna_data_01_mir/recover-20220825/UBNA_002/20220823_033000.WAV,Telephone Field,recover-20220825,002,1795
386.6405,386.648,40078,56238,Pipistrellus nathusii,0.714,0.722,-1,Echolocation,/mnt/ubna_data_01_mir/recover-20220825/UBNA_002/20220823_033000.WAV,Telephone Field,recover-20220825,002,1795
386.6485,386.6555,38359,48564,Pipistrellus nathusii,0.01,0.025,-1,Echolocation,/mnt/ubna_data_01_mir/recover-20220825/UBNA_002/20220823_033000.WAV,Telephone Field,recover-20220825,002,1795
386.6485,386.6564,27187,41568,Eptesicus serotinus,0.006,0.021,-1,Echolocation,/mnt/ubna_data_01_mir/recover-20220825/UBNA_002/20220823_033000.WAV,Telephone Field,recover-20220825,002,1795
386.6515,386.6827,68437,80613,Rhinolophus ferrumequinum,0.023,0.024,-1,Echolocation,/mnt/ubna_data_01_mir/recover-20220825/UBNA_002/20220823_033000.WAV,Telephone Field,recover-20220825,002,1795
386.6755,386.6883,22890,26405,Nyctalus leisleri,0.025,0.041,-1,Echolocation,/mnt/ubna_data_01_mir/recover-20220825/UBNA_002/20220823_033000.WAV,Telephone Field,recover-20220825,002,1795
386.6915,386.7009,28906,37228,Eptesicus serotinus,0.012,0.032,-1,Echolocation,/mnt/ubna_data_01_mir/recover-20220825/UBNA_002/20220823_033000.WAV,Telephone Field,recover-20220825,002,1795
386.6995,386.738,68437,82477,Rhinolophus ferrumequinum,0.022,0.022,-1,Echolocation,/mnt/ubna_data_01_mir/recover-20220825/UBNA_002/20220823_033000.WAV,Telephone Field,recover-20220825,002,1795
386.7065,386.7151,42656,50881,Pipistrellus pipistrellus,0.01,0.021,-1,Echolocation,/mnt/ubna_data_01_mir/recover-20220825/UBNA_002/20220823_033000.WAV,Telephone Field,recover-20220825,002,1795
386.7175,386.72429999999997,47812,53745,Pipistrellus pipistrellus,0.02,0.021,-1,Echolocation,/mnt/ubna_data_01_mir/recover-20220825/UBNA_002/20220823_033000.WAV,Telephone Field,recover-20220825,002,1795
386.7475,386.7554,47812,53320,Pipistrellus pipistrellus,0.04,0.049,-1,Echolocation,/mnt/ubna_data_01_mir/recover-20220825/UBNA_002/20220823_033000.WAV,Telephone Field,recover-20220825,002,1795
386.7585,386.7939,68437,82089,Rhinolophus ferrumequinum,0.023,0.023,-1,Echolocation,/mnt/ubna_data_01_mir/recover-20220825/UBNA_002/20220823_033000.WAV,Telephone Field,recover-20220825,002,1795
386.7665,386.8024,68437,81843,Rhinolophus ferrumequinum,0.023,0.023,-1,Echolocation,/mnt/ubna_data_01_mir/recover-20220825/UBNA_002/20220823_033000.WAV,Telephone Field,recover-20220825,002,1795
386.7665,386.7741,48671,53164,Pipistrellus pipistrellus,0.013,0.022,-1,Echolocation,/mnt/ubna_data_01_mir/recover-20220825/UBNA_002/20220823_033000.WAV,Telephone Field,recover-20220825,002,1795
386.7695,386.7774,39218,54952,Pipistrellus nathusii,0.659,0.695,-1,Echolocation,/mnt/ubna_data_01_mir/recover-20220825/UBNA_002/20220823_033000.WAV,Telephone Field,recover-20220825,002,1795
386.8175,386.8559,68437,82212,Rhinolophus ferrumequinum,0.022,0.022,-1,Echolocation,/mnt/ubna_data_01_mir/recover-20220825/UBNA_002/20220823_033000.WAV,Telephone Field,recover-20220825,002,1795
386.8525,386.8854,68437,81217,Rhinolophus ferrumequinum,0.021,0.021,-1,Echolocation,/mnt/ubna_data_01_mir/recover-20220825/UBNA_002/20220823_033000.WAV,Telephone Field,recover-20220825,002,1795
386.8575,386.8908,68437,81414,Rhinolophus ferrumequinum,0.021,0.021,-1,Echolocation,/mnt/ubna_data_01_mir/recover-20220825/UBNA_002/20220823_033000.WAV,Telephone Field,recover-20220825,002,1795
386.8675,386.8728,29765,68851,Myotis bechsteinii,0.027,0.059,-1,Echolocation,/mnt/ubna_data_01_mir/recover-20220825/UBNA_002/20220823_033000.WAV,Telephone Field,recover-20220825,002,1795
386.8685,386.8762,49531,54410,Pipistrellus pipistrellus,0.019,0.032,-1,Echolocation,/mnt/ubna_data_01_mir/recover-20220825/UBNA_002/20220823_033000.WAV,Telephone Field,recover-20220825,002,1795
386.8695,386.8771,37500,59521,Pipistrellus nathusii,0.724,0.746,-1,Echolocation,/mnt/ubna_data_01_mir/recover-20220825/UBNA_002/20220823_033000.WAV,Telephone Field,recover-20220825,002,1795
386.8715,386.8867,18593,24759,Nyctalus noctula,0.016,0.027,-1,Echolocation,/mnt/ubna_data_01_mir/recover-20220825/UBNA_002/20220823_033000.WAV,Telephone Field,recover-20220825,002,1795
386.8765,386.8833,26328,37651,Eptesicus serotinus,0.004,0.023,-1,Echolocation,/mnt/ubna_data_01_mir/recover-20220825/UBNA_002/20220823_033000.WAV,Telephone Field,recover-20220825,002,1795
386.8785,386.8844,37500,51142,Myotis brandtii,0.012,0.024,-1,Echolocation,/mnt/ubna_data_01_mir/recover-20220825/UBNA_002/20220823_033000.WAV,Telephone Field,recover-20220825,002,1795
386.8845,386.9205,68437,81729,Rhinolophus ferrumequinum,0.023,0.023,-1,Echolocation,/mnt/ubna_data_01_mir/recover-20220825/UBNA_002/20220823_033000.WAV,Telephone Field,recover-20220825,002,1795
386.8925,386.9003,28906,37318,Eptesicus serotinus,0.007,0.024,-1,Echolocation,/mnt/ubna_data_01_mir/recover-20220825/UBNA_002/20220823_033000.WAV,Telephone Field,recover-20220825,002,1795
386.9345,386.969,68437,81103,Rhinolophus ferrumequinum,0.021,0.021,-1,Echolocation,/mnt/ubna_data_01_mir/recover-20220825/UBNA_002/20220823_033000.WAV,Telephone Field,recover-20220825,002,1795
386.9595,386.9662,28046,37782,Eptesicus serotinus,0.005,0.021,-1,Echolocation,/mnt/ubna_data_01_mir/recover-20220825/UBNA_002/20220823_033000.WAV,Telephone Field,recover-20220825,002,1795
386.9605,386.9704,55546,60073,Pipistrellus pygmaeus,0.039,0.04,-1,Echolocation,/mnt/ubna_data_01_mir/recover-20220825/UBNA_002/20220823_033000.WAV,Telephone Field,recover-20220825,002,1795
386.9715,386.978,36640,59190,Pipistrellus nathusii,0.624,0.675,-1,Echolocation,/mnt/ubna_data_01_mir/recover-20220825/UBNA_002/20220823_033000.WAV,Telephone Field,recover-20220825,002,1795
386.97950000000003,386.9862,26328,38371,Eptesicus serotinus,0.004,0.022,-1,Echolocation,/mnt/ubna_data_01_mir/recover-20220825/UBNA_002/20220823_033000.WAV,Telephone Field,recover-20220825,002,1795
387.0025,387.0383,68437,81740,Rhinolophus ferrumequinum,0.021,0.021,-1,Echolocation,/mnt/ubna_data_01_mir/recover-20220825/UBNA_002/20220823_033000.WAV,Telephone Field,recover-20220825,002,1795
387.0125,387.019,57265,65636,Pipistrellus pygmaeus,0.026,0.027,-1,Echolocation,/mnt/ubna_data_01_mir/recover-20220825/UBNA_002/20220823_033000.WAV,Telephone Field,recover-20220825,002,1795
387.04449999999997,387.0547,27187,34281,Eptesicus serotinus,0.009,0.022,-1,Echolocation,/mnt/ubna_data_01_mir/recover-20220825/UBNA_002/20220823_033000.WAV,Telephone Field,recover-20220825,002,1795
387.0715,387.0794,48671,55950,Pipistrellus pipistrellus,0.014,0.027,-1,Echolocation,/mnt/ubna_data_01_mir/recover-20220825/UBNA_002/20220823_033000.WAV,Telephone Field,recover-20220825,002,1795
387.0715,387.0786,36640,60155,Pipistrellus nathusii,0.627,0.669,-1,Echolocation,/mnt/ubna_data_01_mir/recover-20220825/UBNA_002/20220823_033000.WAV,Telephone Field,recover-20220825,002,1795
387.0725,387.1059,68437,82987,Rhinolophus ferrumequinum,0.034,0.034,-1,Echolocation,/mnt/ubna_data_01_mir/recover-20220825/UBNA_002/20220823_033000.WAV,Telephone Field,recover-20220825,002,1795
387.0795,387.0873,26328,34431,Eptesicus serotinus,0.006,0.023,-1,Echolocation,/mnt/ubna_data_01_mir/recover-20220825/UBNA_002/20220823_033000.WAV,Telephone Field,recover-20220825,002,1795
387.0795,387.1092,68437,81145,Rhinolophus ferrumequinum,0.03,0.03,-1,Echolocation,/mnt/ubna_data_01_mir/recover-20220825/UBNA_002/20220823_033000.WAV,Telephone Field,recover-20220825,002,1795
387.08050000000003,387.0859,34921,48047,Myotis brandtii,0.01,0.024,-1,Echolocation,/mnt/ubna_data_01_mir/recover-20220825/UBNA_002/20220823_033000.WAV,Telephone Field,recover-20220825,002,1795
387.0845,387.0957,23750,27993,Nyctalus leisleri,0.013,0.024,-1,Echolocation,/mnt/ubna_data_01_mir/recover-20220825/UBNA_002/20220823_033000.WAV,Telephone Field,recover-20220825,002,1795
387.16949999999997,387.1779,51250,56334,Pipistrellus pygmaeus,0.03,0.039,-1,Echolocation,/mnt/ubna_data_01_mir/recover-20220825/UBNA_002/20220823_033000.WAV,Telephone Field,recover-20220825,002,1795
387.1735,387.1812,36640,56380,Pipistrellus nathusii,0.586,0.622,-1,Echolocation,/mnt/ubna_data_01_mir/recover-20220825/UBNA_002/20220823_033000.WAV,Telephone Field,recover-20220825,002,1795
387.1825,387.188,31484,45194,Myotis daubentonii,0.01,0.021,-1,Echolocation,/mnt/ubna_data_01_mir/recover-20220825/UBNA_002/20220823_033000.WAV,Telephone Field,recover-20220825,002,1795
387.2675,387.2777,22890,27644,Nyctalus leisleri,0.01,0.022,-1,Echolocation,/mnt/ubna_data_01_mir/recover-20220825/UBNA_002/20220823_033000.WAV,Telephone Field,recover-20220825,002,1795
387.2745,387.282,51250,56218,Pipistrellus pipistrellus,0.018,0.035,-1,Echolocation,/mnt/ubna_data_01_mir/recover-20220825/UBNA_002/20220823_033000.WAV,Telephone Field,recover-20220825,002,1795
387.2765,387.2826,28046,67145,Myotis bechsteinii,0.023,0.054,-1,Echolocation,/mnt/ubna_data_01_mir/recover-20220825/UBNA_002/20220823_033000.WAV,Telephone Field,recover-20220825,002,1795
387.2775,387.2846,36640,62322,Pipistrellus nathusii,0.639,0.674,-1,Echolocation,/mnt/ubna_data_01_mir/recover-20220825/UBNA_002/20220823_033000.WAV,Telephone Field,recover-20220825,002,1795
387.2865,387.29200000000003,33203,49852,Myotis brandtii,0.011,0.028,-1,Echolocation,/mnt/ubna_data_01_mir/recover-20220825/UBNA_002/20220823_033000.WAV,Telephone Field,recover-20220825,002,1795
387.2875,387.3186,68437,81158,Rhinolophus ferrumequinum,0.026,0.026,-1,Echolocation,/mnt/ubna_data_01_mir/recover-20220825/UBNA_002/20220823_033000.WAV,Telephone Field,recover-20220825,002,1795
387.29449999999997,387.3295,68437,81520,Rhinolophus ferrumequinum,0.023,0.023,-1,Echolocation,/mnt/ubna_data_01_mir/recover-20220825/UBNA_002/20220823_033000.WAV,Telephone Field,recover-20220825,002,1795
387.3205,387.3609,68437,82869,Rhinolophus ferrumequinum,0.021,0.021,-1,Echolocation,/mnt/ubna_data_01_mir/recover-20220825/UBNA_002/20220823_033000.WAV,Telephone Field,recover-20220825,002,1795
387.3235,387.331,54687,59739,Pipistrellus pygmaeus,0.022,0.022,-1,Echolocation,/mnt/ubna_data_01_mir/recover-20220825/UBNA_002/20220823_033000.WAV,Telephone Field,recover-20220825,002,1795
387.3355,387.3758,68437,82904,Rhinolophus ferrumequinum,0.032,0.032,-1,Echolocation,/mnt/ubna_data_01_mir/recover-20220825/UBNA_002/20220823_033000.WAV,Telephone Field,recover-20220825,002,1795
387.3355,387.3441,26328,35603,Eptesicus serotinus,0.007,0.022,-1,Echolocation,/mnt/ubna_data_01_mir/recover-20220825/UBNA_002/20220823_033000.WAV,Telephone Field,recover-20220825,002,1795
387.3475,387.3588,23750,29396,Nyctalus leisleri,0.009,0.021,-1,Echolocation,/mnt/ubna_data_01_mir/recover-20220825/UBNA_002/20220823_033000.WAV,Telephone Field,recover-20220825,002,1795
387.3485,387.3583,49531,55348,Pipistrellus pipistrellus,0.024,0.031,-1,Echolocation,/mnt/ubna_data_01_mir/recover-20220825/UBNA_002/20220823_033000.WAV,Telephone Field,recover-20220825,002,1795
387.3745,387.3817,46093,57828,Pipistrellus pipistrellus,0.012,0.032,-1,Echolocation,/mnt/ubna_data_01_mir/recover-20220825/UBNA_002/20220823_033000.WAV,Telephone Field,recover-20220825,002,1795
387.3755,387.3821,30625,67851,Myotis brandtii,0.02,0.052,-1,Echolocation,/mnt/ubna_data_01_mir/recover-20220825/UBNA_002/20220823_033000.WAV,Telephone Field,recover-20220825,002,1795
387.3765,387.3836,37500,63893,Pipistrellus nathusii,0.696,0.719,-1,Echolocation,/mnt/ubna_data_01_mir/recover-20220825/UBNA_002/20220823_033000.WAV,Telephone Field,recover-20220825,002,1795
387.3855,387.3905,31484,45407,Myotis daubentonii,0.008,0.026,-1,Echolocation,/mnt/ubna_data_01_mir/recover-20220825/UBNA_002/20220823_033000.WAV,Telephone Field,recover-20220825,002,1795
387.3855,387.3919,37500,48108,Myotis brandtii,0.011,0.027,-1,Echolocation,/mnt/ubna_data_01_mir/recover-20220825/UBNA_002/20220823_033000.WAV,Telephone Field,recover-20220825,002,1795
387.3885,387.4203,68437,80912,Rhinolophus ferrumequinum,0.022,0.022,-1,Echolocation,/mnt/ubna_data_01_mir/recover-20220825/UBNA_002/20220823_033000.WAV,Telephone Field,recover-20220825,002,1795
387.4355,387.4437,56406,63171,Pipistrellus pygmaeus,0.023,0.024,-1,Echolocation,/mnt/ubna_data_01_mir/recover-20220825/UBNA_002/20220823_033000.WAV,Telephone Field,recover-20220825,002,1795
387.4475,387.4671,18593,22193,Nyctalus noctula,0.017,0.03,-1,Echolocation,/mnt/ubna_data_01_mir/recover-20220825/UBNA_002/20220823_033000.WAV,Telephone Field,recover-20220825,002,1795
387.4645,387.4703,40078,62385,Myotis mystacinus,0.007,0.021,-1,Echolocation,/mnt/ubna_data_01_mir/recover-20220825/UBNA_002/20220823_033000.WAV,Telephone Field,recover-20220825,002,1795
387.4685,387.476,48671,54872,Pipistrellus pipistrellus,0.014,0.026,-1,Echolocation,/mnt/ubna_data_01_mir/recover-20220825/UBNA_002/20220823_033000.WAV,Telephone Field,recover-20220825,002,1795
387.4725,387.4791,28906,66504,Myotis bechsteinii,0.029,0.059,-1,Echolocation,/mnt/ubna_data_01_mir/recover-20220825/UBNA_002/20220823_033000.WAV,Telephone Field,recover-20220825,002,1795
387.4745,387.4828,36640,56749,Pipistrellus nathusii,0.691,0.733,-1,Echolocation,/mnt/ubna_data_01_mir/recover-20220825/UBNA_002/20220823_033000.WAV,Telephone Field,recover-20220825,002,1795
387.4755,387.4811,49531,55438,Pipistrellus pipistrellus,0.017,0.032,-1,Echolocation,/mnt/ubna_data_01_mir/recover-20220825/UBNA_002/20220823_033000.WAV,Telephone Field,recover-20220825,002,1795
387.4815,387.4875,26328,40201,Eptesicus serotinus,0.005,0.027,-1,Echolocation,/mnt/ubna_data_01_mir/recover-20220825/UBNA_002/20220823_033000.WAV,Telephone Field,recover-20220825,002,1795
387.4865,387.5181,68437,81103,Rhinolophus ferrumequinum,0.022,0.022,-1,Echolocation,/mnt/ubna_data_01_mir/recover-20220825/UBNA_002/20220823_033000.WAV,Telephone Field,recover-20220825,002,1795
387.5185,387.5551,68437,81997,Rhinolophus ferrumequinum,0.022,0.022,-1,Echolocation,/mnt/ubna_data_01_mir/recover-20220825/UBNA_002/20220823_033000.WAV,Telephone Field,recover-20220825,002,1795
387.58050000000003,387.5864,27187,66829,Myotis bechsteinii,0.019,0.057,-1,Echolocation,/mnt/ubna_data_01_mir/recover-20220825/UBNA_002/20220823_033000.WAV,Telephone Field,recover-20220825,002,1795
387.58050000000003,387.5879,36640,64190,Pipistrellus nathusii,0.625,0.673,-1,Echolocation,/mnt/ubna_data_01_mir/recover-20220825/UBNA_002/20220823_033000.WAV,Telephone Field,recover-20220825,002,1795
387.5815,387.5888,51250,59028,Pipistrellus pipistrellus,0.017,0.03,-1,Echolocation,/mnt/ubna_data_01_mir/recover-20220825/UBNA_002/20220823_033000.WAV,Telephone Field,recover-20220825,002,1795
387.5895,387.596,26328,39018,Myotis nattereri,0.004,0.023,-1,Echolocation,/mnt/ubna_data_01_mir/recover-20220825/UBNA_002/20220823_033000.WAV,Telephone Field,recover-20220825,002,1795
387.5905,387.5965,34921,47507,Myotis brandtii,0.009,0.026,-1,Echolocation,/mnt/ubna_data_01_mir/recover-20220825/UBNA_002/20220823_033000.WAV,Telephone Field,recover-20220825,002,1795
387.6095,387.6208,22031,26599,Nyctalus leisleri,0.011,0.021,-1,Echolocation,/mnt/ubna_data_01_mir/recover-20220825/UBNA_002/20220823_033000.WAV,Telephone Field,recover-20220825,002,1795
387.6475,387.6827,68437,82469,Rhinolophus ferrumequinum,0.023,0.023,-1,Echolocation,/mnt/ubna_data_01_mir/recover-20220825/UBNA_002/20220823_033000.WAV,Telephone Field,recover-20220825,002,1795
387.6565,387.6651,42656,52212,Pipistrellus nathusii,0.006,0.022,-1,Echolocation,/mnt/ubna_data_01_mir/recover-20220825/UBNA_002/20220823_033000.WAV,Telephone Field,recover-20220825,002,1795
387.6585,387.6641,33203,61653,Myotis brandtii,0.008,0.024,-1,Echolocation,/mnt/ubna_data_01_mir/recover-20220825/UBNA_002/20220823_033000.WAV,Telephone Field,recover-20220825,002,1795
387.6735,387.6842,40078,43583,Pipistrellus nathusii,0.062,0.073,-1,Echolocation,/mnt/ubna_data_01_mir/recover-20220825/UBNA_002/20220823_033000.WAV,Telephone Field,recover-20220825,002,1795
387.6755,387.6841,28046,42837,Eptesicus serotinus,0.008,0.022,-1,Echolocation,/mnt/ubna_data_01_mir/recover-20220825/UBNA_002/20220823_033000.WAV,Telephone Field,recover-20220825,002,1795
387.6975,387.7383,68437,83151,Rhinolophus ferrumequinum,0.024,0.024,-1,Echolocation,/mnt/ubna_data_01_mir/recover-20220825/UBNA_002/20220823_033000.WAV,Telephone Field,recover-20220825,002,1795
387.7315,387.742,48671,55474,Pipistrellus pipistrellus,0.028,0.038,-1,Echolocation,/mnt/ubna_data_01_mir/recover-20220825/UBNA_002/20220823_033000.WAV,Telephone Field,recover-20220825,002,1795
387.7395,387.7485,48671,55271,Pipistrellus pipistrellus,0.017,0.03,-1,Echolocation,/mnt/ubna_data_01_mir/recover-20220825/UBNA_002/20220823_033000.WAV,Telephone Field,recover-20220825,002,1795
387.7405,387.7487,38359,62600,Pipistrellus nathusii,0.533,0.589,-1,Echolocation,/mnt/ubna_data_01_mir/recover-20220825/UBNA_002/20220823_033000.WAV,Telephone Field,recover-20220825,002,1795
387.7415,387.7473,29765,59229,Barbastellus barbastellus,0.081,0.161,-1,Echolocation,/mnt/ubna_data_01_mir/recover-20220825/UBNA_002/20220823_033000.WAV,Telephone Field,recover-20220825,002,1795
387.7495,387.7565,36640,47365,Pipistrellus nathusii,0.014,0.033,-1,Echolocation,/mnt/ubna_data_01_mir/recover-20220825/UBNA_002/20220823_033000.WAV,Telephone Field,recover-20220825,002,1795
387.8455,387.853,37500,65557,Pipistrellus nathusii,0.479,0.524,-1,Echolocation,/mnt/ubna_data_01_mir/recover-20220825/UBNA_002/20220823_033000.WAV,Telephone Field,recover-20220825,002,1795
387.8455,387.8548,51250,57688,Pipistrellus pipistrellus,0.022,0.035,-1,Echolocation,/mnt/ubna_data_01_mir/recover-20220825/UBNA_002/20220823_033000.WAV,Telephone Field,recover-20220825,002,1795
387.85450000000003,387.8609,36640,48994,Myotis brandtii,0.014,0.032,-1,Echolocation,/mnt/ubna_data_01_mir/recover-20220825/UBNA_002/20220823_033000.WAV,Telephone Field,recover-20220825,002,1795
387.8565,387.8633,26328,36661,Eptesicus serotinus,0.005,0.023,-1,Echolocation,/mnt/ubna_data_01_mir/recover-20220825/UBNA_002/20220823_033000.WAV,Telephone Field,recover-20220825,002,1795
387.8565,387.8857,68437,80666,Rhinolophus ferrumequinum,0.025,0.025,-1,Echolocation,/mnt/ubna_data_01_mir/recover-20220825/UBNA_002/20220823_033000.WAV,Telephone Field,recover-20220825,002,1795
387.8805,387.8919,26328,33255,Eptesicus serotinus,0.024,0.048,-1,Echolocation,/mnt/ubna_data_01_mir/recover-20220825/UBNA_002/20220823_033000.WAV,Telephone Field,recover-20220825,002,1795
387.9435,387.9486,26328,73949,Myotis bechsteinii,0.069,0.128,-1,Echolocation,/mnt/ubna_data_01_mir/recover-20220825/UBNA_002/20220823_033000.WAV,Telephone Field,recover-20220825,002,1795
387.9445,387.9526,36640,63392,Pipistrellus nathusii,0.51,0.559,-1,Echolocation,/mnt/ubna_data_01_mir/recover-20220825/UBNA_002/20220823_033000.WAV,Telephone Field,recover-20220825,002,1795
387.9525,387.9586,36640,47055,Pipistrellus nathusii,0.016,0.034,-1,Echolocation,/mnt/ubna_data_01_mir/recover-20220825/UBNA_002/20220823_033000.WAV,Telephone Field,recover-20220825,002,1795
387.9815,387.9895,28046,39565,Eptesicus serotinus,0.006,0.021,-1,Echolocation,/mnt/ubna_data_01_mir/recover-20220825/UBNA_002/20220823_033000.WAV,Telephone Field,recover-20220825,002,1795
387.9895,387.9977,49531,57541,Pipistrellus pipistrellus,0.014,0.022,-1,Echolocation,/mnt/ubna_data_01_mir/recover-20220825/UBNA_002/20220823_033000.WAV,Telephone Field,recover-20220825,002,1795
387.9905,388.0,27187,39409,Eptesicus serotinus,0.009,0.021,-1,Echolocation,/mnt/ubna_data_01_mir/recover-20220825/UBNA_002/20220823_033000.WAV,Telephone Field,recover-20220825,002,1795
388.0015,388.0152,21171,26135,Nyctalus leisleri,0.024,0.049,-1,Echolocation,/mnt/ubna_data_01_mir/recover-20220825/UBNA_002/20220823_033000.WAV,Telephone Field,recover-20220825,002,1795
388.0015,388.0077,46953,52634,Pipistrellus pipistrellus,0.016,0.022,-1,Echolocation,/mnt/ubna_data_01_mir/recover-20220825/UBNA_002/20220823_033000.WAV,Telephone Field,recover-20220825,002,1795
388.0015,388.0322,68437,80027,Rhinolophus ferrumequinum,0.022,0.022,-1,Echolocation,/mnt/ubna_data_01_mir/recover-20220825/UBNA_002/20220823_033000.WAV,Telephone Field,recover-20220825,002,1795
388.0055,388.0164,40937,48153,Pipistrellus nathusii,0.006,0.022,-1,Echolocation,/mnt/ubna_data_01_mir/recover-20220825/UBNA_002/20220823_033000.WAV,Telephone Field,recover-20220825,002,1795
388.0115,388.0304,20312,24113,Nyctalus leisleri,0.01,0.021,-1,Echolocation,/mnt/ubna_data_01_mir/recover-20220825/UBNA_002/20220823_033000.WAV,Telephone Field,recover-20220825,002,1795
388.0135,388.0203,40078,51899,Myotis daubentonii,0.007,0.023,-1,Echolocation,/mnt/ubna_data_01_mir/recover-20220825/UBNA_002/20220823_033000.WAV,Telephone Field,recover-20220825,002,1795
388.0225,388.0324,22890,27529,Nyctalus leisleri,0.01,0.022,-1,Echolocation,/mnt/ubna_data_01_mir/recover-20220825/UBNA_002/20220823_033000.WAV,Telephone Field,recover-20220825,002,1795
388.0355,388.043,28046,34316,Eptesicus serotinus,0.007,0.021,-1,Echolocation,/mnt/ubna_data_01_mir/recover-20220825/UBNA_002/20220823_033000.WAV,Telephone Field,recover-20220825,002,1795
388.0465,388.0562,51250,59473,Pipistrellus pipistrellus,0.012,0.024,-1,Echolocation,/mnt/ubna_data_01_mir/recover-20220825/UBNA_002/20220823_033000.WAV,Telephone Field,recover-20220825,002,1795
388.0485,388.0827,68437,81353,Rhinolophus ferrumequinum,0.022,0.022,-1,Echolocation,/mnt/ubna_data_01_mir/recover-20220825/UBNA_002/20220823_033000.WAV,Telephone Field,recover-20220825,002,1795
388.0495,388.0566,32343,77290,Myotis brandtii,0.227,0.324,-1,Echolocation,/mnt/ubna_data_01_mir/recover-20220825/UBNA_002/20220823_033000.WAV,Telephone Field,recover-20220825,002,1795
388.0585,388.0634,29765,42259,Myotis daubentonii,0.013,0.029,-1,Echolocation,/mnt/ubna_data_01_mir/recover-20220825/UBNA_002/20220823_033000.WAV,Telephone Field,recover-20220825,002,1795
388.10450000000003,388.1103,36640,69856,Myotis brandtii,0.017,0.025,-1,Echolocation,/mnt/ubna_data_01_mir/recover-20220825/UBNA_002/20220823_033000.WAV,Telephone Field,recover-20220825,002,1795
388.1055,388.1111,47812,62749,Myotis mystacinus,0.01,0.032,-1,Echolocation,/mnt/ubna_data_01_mir/recover-20220825/UBNA_002/20220823_033000.WAV,Telephone Field,recover-20220825,002,1795
388.1525,388.1579,38359,61550,Pipistrellus nathusii,0.263,0.329,-1,Echolocation,/mnt/ubna_data_01_mir/recover-20220825/UBNA_002/20220823_033000.WAV,Telephone Field,recover-20220825,002,1795
388.1525,388.159,31484,76099,Myotis brandtii,0.26,0.33,-1,Echolocation,/mnt/ubna_data_01_mir/recover-20220825/UBNA_002/20220823_033000.WAV,Telephone Field,recover-20220825,002,1795
388.1535,388.1919,68437,82670,Rhinolophus ferrumequinum,0.024,0.024,-1,Echolocation,/mnt/ubna_data_01_mir/recover-20220825/UBNA_002/20220823_033000.WAV,Telephone Field,recover-20220825,002,1795
388.1535,388.1605,49531,62911,Pipistrellus pipistrellus,0.012,0.029,-1,Echolocation,/mnt/ubna_data_01_mir/recover-20220825/UBNA_002/20220823_033000.WAV,Telephone Field,recover-20220825,002,1795
388.1605,388.168,37500,49838,Pipistrellus nathusii,0.012,0.026,-1,Echolocation,/mnt/ubna_data_01_mir/recover-20220825/UBNA_002/20220823_033000.WAV,Telephone Field,recover-20220825,002,1795
388.1625,388.1681,29765,44175,Myotis daubentonii,0.012,0.025,-1,Echolocation,/mnt/ubna_data_01_mir/recover-20220825/UBNA_002/20220823_033000.WAV,Telephone Field,recover-20220825,002,1795
388.1645,388.199,68437,81303,Rhinolophus ferrumequinum,0.021,0.021,-1,Echolocation,/mnt/ubna_data_01_mir/recover-20220825/UBNA_002/20220823_033000.WAV,Telephone Field,recover-20220825,002,1795
388.1975,388.2353,68437,82041,Rhinolophus ferrumequinum,0.023,0.023,-1,Echolocation,/mnt/ubna_data_01_mir/recover-20220825/UBNA_002/20220823_033000.WAV,Telephone Field,recover-20220825,002,1795
388.2465,388.2555,49531,57252,Pipistrellus nathusii,0.011,0.041,-1,Echolocation,/mnt/ubna_data_01_mir/recover-20220825/UBNA_002/20220823_033000.WAV,Telephone Field,recover-20220825,002,1795
388.2525,388.2855,68437,82568,Rhinolophus ferrumequinum,0.022,0.022,-1,Echolocation,/mnt/ubna_data_01_mir/recover-20220825/UBNA_002/20220823_033000.WAV,Telephone Field,recover-20220825,002,1795
388.2535,388.2622,52968,64041,Pipistrellus pipistrellus,0.017,0.029,-1,Echolocation,/mnt/ubna_data_01_mir/recover-20220825/UBNA_002/20220823_033000.WAV,Telephone Field,recover-20220825,002,1795
388.2535,388.2606,34062,77956,Myotis brandtii,0.33,0.413,-1,Echolocation,/mnt/ubna_data_01_mir/recover-20220825/UBNA_002/20220823_033000.WAV,Telephone Field,recover-20220825,002,1795
388.2635,388.2948,68437,81453,Rhinolophus ferrumequinum,0.023,0.023,-1,Echolocation,/mnt/ubna_data_01_mir/recover-20220825/UBNA_002/20220823_033000.WAV,Telephone Field,recover-20220825,002,1795
388.2635,388.269,32343,52279,Myotis brandtii,0.01,0.023,-1,Echolocation,/mnt/ubna_data_01_mir/recover-20220825/UBNA_002/20220823_033000.WAV,Telephone Field,recover-20220825,002,1795
388.3325,388.368,68437,81503,Rhinolophus ferrumequinum,0.021,0.021,-1,Echolocation,/mnt/ubna_data_01_mir/recover-20220825/UBNA_002/20220823_033000.WAV,Telephone Field,recover-20220825,002,1795
388.3515,388.3586,33203,70273,Myotis brandtii,0.211,0.39,-1,Echolocation,/mnt/ubna_data_01_mir/recover-20220825/UBNA_002/20220823_033000.WAV,Telephone Field,recover-20220825,002,1795
388.3525,388.3573,48671,64341,Pipistrellus pipistrellus,0.01,0.027,-1,Echolocation,/mnt/ubna_data_01_mir/recover-20220825/UBNA_002/20220823_033000.WAV,Telephone Field,recover-20220825,002,1795
388.3525,388.3744,76171,94062,Rhinolophus hipposideros,0.037,0.037,-1,Echolocation,/mnt/ubna_data_01_mir/recover-20220825/UBNA_002/20220823_033000.WAV,Telephone Field,recover-20220825,002,1795
388.3615,388.3665,33203,54281,Myotis brandtii,0.016,0.03,-1,Echolocation,/mnt/ubna_data_01_mir/recover-20220825/UBNA_002/20220823_033000.WAV,Telephone Field,recover-20220825,002,1795
388.3995,388.4085,27187,36367,Eptesicus serotinus,0.01,0.025,-1,Echolocation,/mnt/ubna_data_01_mir/recover-20220825/UBNA_002/20220823_033000.WAV,Telephone Field,recover-20220825,002,1795
388.4205,388.4591,68437,82012,Rhinolophus ferrumequinum,0.022,0.022,-1,Echolocation,/mnt/ubna_data_01_mir/recover-20220825/UBNA_002/20220823_033000.WAV,Telephone Field,recover-20220825,002,1795
388.4455,388.4515,46093,64989,Myotis mystacinus,0.03,0.087,-1,Echolocation,/mnt/ubna_data_01_mir/recover-20220825/UBNA_002/20220823_033000.WAV,Telephone Field,recover-20220825,002,1795
388.4535,388.4607,34921,74889,Myotis brandtii,0.337,0.488,-1,Echolocation,/mnt/ubna_data_01_mir/recover-20220825/UBNA_002/20220823_033000.WAV,Telephone Field,recover-20220825,002,1795
388.4535,388.4613,53828,62263,Pipistrellus pipistrellus,0.013,0.027,-1,Echolocation,/mnt/ubna_data_01_mir/recover-20220825/UBNA_002/20220823_033000.WAV,Telephone Field,recover-20220825,002,1795
388.4535,388.4601,26328,94704,Myotis brandtii,0.057,0.124,-1,Echolocation,/mnt/ubna_data_01_mir/recover-20220825/UBNA_002/20220823_033000.WAV,Telephone Field,recover-20220825,002,1795
388.45550000000003,388.46320000000003,47812,57590,Pipistrellus pipistrellus,0.023,0.04,-1,Echolocation,/mnt/ubna_data_01_mir/recover-20220825/UBNA_002/20220823_033000.WAV,Telephone Field,recover-20220825,002,1795
388.4615,388.4685,40937,54716,Pipistrellus nathusii,0.038,0.051,-1,Echolocation,/mnt/ubna_data_01_mir/recover-20220825/UBNA_002/20220823_033000.WAV,Telephone Field,recover-20220825,002,1795
388.4645,388.4698,32343,54143,Myotis brandtii,0.013,0.026,-1,Echolocation,/mnt/ubna_data_01_mir/recover-20220825/UBNA_002/20220823_033000.WAV,Telephone Field,recover-20220825,002,1795
388.5235,388.5308,57265,62915,Pipistrellus pygmaeus,0.023,0.024,-1,Echolocation,/mnt/ubna_data_01_mir/recover-20220825/UBNA_002/20220823_033000.WAV,Telephone Field,recover-20220825,002,1795
388.5325,388.5691,68437,81499,Rhinolophus ferrumequinum,0.022,0.022,-1,Echolocation,/mnt/ubna_data_01_mir/recover-20220825/UBNA_002/20220823_033000.WAV,Telephone Field,recover-20220825,002,1795
388.5815,388.6216,68437,82174,Rhinolophus ferrumequinum,0.023,0.023,-1,Echolocation,/mnt/ubna_data_01_mir/recover-20220825/UBNA_002/20220823_033000.WAV,Telephone Field,recover-20220825,002,1795
388.5875,388.5943,28046,35028,Eptesicus serotinus,0.008,0.024,-1,Echolocation,/mnt/ubna_data_01_mir/recover-20220825/UBNA_002/20220823_033000.WAV,Telephone Field,recover-20220825,002,1795
388.6015,388.6101,48671,55871,Pipistrellus pipistrellus,0.037,0.061,-1,Echolocation,/mnt/ubna_data_01_mir/recover-20220825/UBNA_002/20220823_033000.WAV,Telephone Field,recover-20220825,002,1795
388.6015,388.6082,29765,87170,Myotis brandtii,0.471,0.576,-1,Echolocation,/mnt/ubna_data_01_mir/recover-20220825/UBNA_002/20220823_033000.WAV,Telephone Field,recover-20220825,002,1795
388.6025,388.6081,40937,57293,Pipistrellus nathusii,0.139,0.147,-1,Echolocation,/mnt/ubna_data_01_mir/recover-20220825/UBNA_002/20220823_033000.WAV,Telephone Field,recover-20220825,002,1795
388.6685,388.6752,57265,63453,Pipistrellus pygmaeus,0.023,0.023,-1,Echolocation,/mnt/ubna_data_01_mir/recover-20220825/UBNA_002/20220823_033000.WAV,Telephone Field,recover-20220825,002,1795
388.6905,388.7032,47812,54523,Pipistrellus pipistrellus,0.026,0.041,-1,Echolocation,/mnt/ubna_data_01_mir/recover-20220825/UBNA_002/20220823_033000.WAV,Telephone Field,recover-20220825,002,1795
388.6905,388.6979,31484,80224,Myotis brandtii,0.417,0.514,-1,Echolocation,/mnt/ubna_data_01_mir/recover-20220825/UBNA_002/20220823_033000.WAV,Telephone Field,recover-20220825,002,1795
388.6995,388.705,28046,42347,Myotis daubentonii,0.01,0.025,-1,Echolocation,/mnt/ubna_data_01_mir/recover-20220825/UBNA_002/20220823_033000.WAV,Telephone Field,recover-20220825,002,1795
388.6995,388.7053,32343,51378,Myotis brandtii,0.012,0.024,-1,Echolocation,/mnt/ubna_data_01_mir/recover-20220825/UBNA_002/20220823_033000.WAV,Telephone Field,recover-20220825,002,1795
388.7225,388.7621,68437,82662,Rhinolophus ferrumequinum,0.021,0.021,-1,Echolocation,/mnt/ubna_data_01_mir/recover-20220825/UBNA_002/20220823_033000.WAV,Telephone Field,recover-20220825,002,1795
388.7535,388.7896,68437,81271,Rhinolophus ferrumequinum,0.021,0.021,-1,Echolocation,/mnt/ubna_data_01_mir/recover-20220825/UBNA_002/20220823_033000.WAV,Telephone Field,recover-20220825,002,1795
388.7655,388.7722,50390,56449,Pipistrellus pipistrellus,0.017,0.021,-1,Echolocation,/mnt/ubna_data_01_mir/recover-20220825/UBNA_002/20220823_033000.WAV,Telephone Field,recover-20220825,002,1795
388.7675,388.7751,28046,34937,Eptesicus serotinus,0.006,0.022,-1,Echolocation,/mnt/ubna_data_01_mir/recover-20220825/UBNA_002/20220823_033000.WAV,Telephone Field,recover-20220825,002,1795
388.7795,388.7892,54687,60617,Pipistrellus pygmaeus,0.021,0.022,-1,Echolocation,/mnt/ubna_data_01_mir/recover-20220825/UBNA_002/20220823_033000.WAV,Telephone Field,recover-20220825,002,1795
388.7805,388.7869,34062,79817,Myotis brandtii,0.401,0.48,-1,Echolocation,/mnt/ubna_data_01_mir/recover-20220825/UBNA_002/20220823_033000.WAV,Telephone Field,recover-20220825,002,1795
388.7825,388.7885,47812,52351,Pipistrellus pipistrellus,0.017,0.03,-1,Echolocation,/mnt/ubna_data_01_mir/recover-20220825/UBNA_002/20220823_033000.WAV,Telephone Field,recover-20220825,002,1795
388.8495,388.8858,68437,82063,Rhinolophus ferrumequinum,0.021,0.021,-1,Echolocation,/mnt/ubna_data_01_mir/recover-20220825/UBNA_002/20220823_033000.WAV,Telephone Field,recover-20220825,002,1795
388.8775,388.8844,34921,81701,Myotis brandtii,0.484,0.554,-1,Echolocation,/mnt/ubna_data_01_mir/recover-20220825/UBNA_002/20220823_033000.WAV,Telephone Field,recover-20220825,002,1795
388.8775,388.8842,44375,60451,Pipistrellus nathusii,0.092,0.1,-1,Echolocation,/mnt/ubna_data_01_mir/recover-20220825/UBNA_002/20220823_033000.WAV,Telephone Field,recover-20220825,002,1795
388.8775,388.8874,54687,60139,Pipistrellus pygmaeus,0.025,0.027,-1,Echolocation,/mnt/ubna_data_01_mir/recover-20220825/UBNA_002/20220823_033000.WAV,Telephone Field,recover-20220825,002,1795
388.9125,388.9518,68437,82402,Rhinolophus ferrumequinum,0.022,0.022,-1,Echolocation,/mnt/ubna_data_01_mir/recover-20220825/UBNA_002/20220823_033000.WAV,Telephone Field,recover-20220825,002,1795
388.95550000000003,388.9613,31484,39681,Myotis daubentonii,0.009,0.024,-1,Echolocation,/mnt/ubna_data_01_mir/recover-20220825/UBNA_002/20220823_033000.WAV,Telephone Field,recover-20220825,002,1795
388.95550000000003,388.9915,68437,81640,Rhinolophus ferrumequinum,0.021,0.021,-1,Echolocation,/mnt/ubna_data_01_mir/recover-20220825/UBNA_002/20220823_033000.WAV,Telephone Field,recover-20220825,002,1795
388.95550000000003,388.9623,27187,34988,Eptesicus serotinus,0.007,0.025,-1,Echolocation,/mnt/ubna_data_01_mir/recover-20220825/UBNA_002/20220823_033000.WAV,Telephone Field,recover-20220825,002,1795
388.9685,388.9753,34921,79392,Myotis brandtii,0.444,0.497,-1,Echolocation,/mnt/ubna_data_01_mir/recover-20220825/UBNA_002/20220823_033000.WAV,Telephone Field,recover-20220825,002,1795
388.9825,389.0187,68437,81544,Rhinolophus ferrumequinum,0.021,0.021,-1,Echolocation,/mnt/ubna_data_01_mir/recover-20220825/UBNA_002/20220823_033000.WAV,Telephone Field,recover-20220825,002,1795
389.0345,389.0764,68437,83030,Rhinolophus ferrumequinum,0.023,0.023,-1,Echolocation,/mnt/ubna_data_01_mir/recover-20220825/UBNA_002/20220823_033000.WAV,Telephone Field,recover-20220825,002,1795
389.0555,389.0608,46953,59759,Myotis mystacinus,0.007,0.026,-1,Echolocation,/mnt/ubna_data_01_mir/recover-20220825/UBNA_002/20220823_033000.WAV,Telephone Field,recover-20220825,002,1795
389.0625,389.0695,35781,74368,Myotis brandtii,0.385,0.495,-1,Echolocation,/mnt/ubna_data_01_mir/recover-20220825/UBNA_002/20220823_033000.WAV,Telephone Field,recover-20220825,002,1795
389.0635,389.0703,48671,58533,Pipistrellus pipistrellus,0.014,0.024,-1,Echolocation,/mnt/ubna_data_01_mir/recover-20220825/UBNA_002/20220823_033000.WAV,Telephone Field,recover-20220825,002,1795
389.0725,389.0783,34062,50155,Myotis daubentonii,0.011,0.024,-1,Echolocation,/mnt/ubna_data_01_mir/recover-20220825/UBNA_002/20220823_033000.WAV,Telephone Field,recover-20220825,002,1795
389.1005,389.1399,68437,82016,Rhinolophus ferrumequinum,0.022,0.022,-1,Echolocation,/mnt/ubna_data_01_mir/recover-20220825/UBNA_002/20220823_033000.WAV,Telephone Field,recover-20220825,002,1795
389.1075,389.1144,28906,36981,Eptesicus serotinus,0.006,0.025,-1,Echolocation,/mnt/ubna_data_01_mir/recover-20220825/UBNA_002/20220823_033000.WAV,Telephone Field,recover-20220825,002,1795
389.1265,389.1386,57265,65082,Pipistrellus pygmaeus,0.024,0.024,-1,Echolocation,/mnt/ubna_data_01_mir/recover-20220825/UBNA_002/20220823_033000.WAV,Telephone Field,recover-20220825,002,1795
389.1415,389.1828,68437,82336,Rhinolophus ferrumequinum,0.026,0.026,-1,Echolocation,/mnt/ubna_data_01_mir/recover-20220825/UBNA_002/20220823_033000.WAV,Telephone Field,recover-20220825,002,1795
389.1775,389.1845,43515,56793,Pipistrellus nathusii,0.009,0.036,-1,Echolocation,/mnt/ubna_data_01_mir/recover-20220825/UBNA_002/20220823_033000.WAV,Telephone Field,recover-20220825,002,1795
389.2125,389.2173,34062,67813,Myotis brandtii,0.118,0.179,-1,Echolocation,/mnt/ubna_data_01_mir/recover-20220825/UBNA_002/20220823_033000.WAV,Telephone Field,recover-20220825,002,1795
389.2495,389.2539,35781,53435,Myotis brandtii,0.152,0.347,-1,Echolocation,/mnt/ubna_data_01_mir/recover-20220825/UBNA_002/20220823_033000.WAV,Telephone Field,recover-20220825,002,1795
389.2575,389.2645,26328,36219,Eptesicus serotinus,0.005,0.021,-1,Echolocation,/mnt/ubna_data_01_mir/recover-20220825/UBNA_002/20220823_033000.WAV,Telephone Field,recover-20220825,002,1795
389.27049999999997,389.2778,27187,35730,Eptesicus serotinus,0.007,0.023,-1,Echolocation,/mnt/ubna_data_01_mir/recover-20220825/UBNA_002/20220823_033000.WAV,Telephone Field,recover-20220825,002,1795
389.2855,389.2941,47812,55394,Pipistrellus pipistrellus,0.023,0.027,-1,Echolocation,/mnt/ubna_data_01_mir/recover-20220825/UBNA_002/20220823_033000.WAV,Telephone Field,recover-20220825,002,1795
389.2915,389.297,24609,40872,Plecotus auritus,0.012,0.035,-1,Echolocation,/mnt/ubna_data_01_mir/recover-20220825/UBNA_002/20220823_033000.WAV,Telephone Field,recover-20220825,002,1795
389.3085,389.3472,68437,81780,Rhinolophus ferrumequinum,0.021,0.022,-1,Echolocation,/mnt/ubna_data_01_mir/recover-20220825/UBNA_002/20220823_033000.WAV,Telephone Field,recover-20220825,002,1795
389.3145,389.3539,68437,82347,Rhinolophus ferrumequinum,0.023,0.023,-1,Echolocation,/mnt/ubna_data_01_mir/recover-20220825/UBNA_002/20220823_033000.WAV,Telephone Field,recover-20220825,002,1795
389.3365,389.3415,37500,59042,Myotis brandtii,0.19,0.348,-1,Echolocation,/mnt/ubna_data_01_mir/recover-20220825/UBNA_002/20220823_033000.WAV,Telephone Field,recover-20220825,002,1795
389.3455,389.352,29765,43835,Myotis daubentonii,0.011,0.023,-1,Echolocation,/mnt/ubna_data_01_mir/recover-20220825/UBNA_002/20220823_033000.WAV,Telephone Field,recover-20220825,002,1795
389.4045,389.4407,68437,81721,Rhinolophus ferrumequinum,0.021,0.021,-1,Echolocation,/mnt/ubna_data_01_mir/recover-20220825/UBNA_002/20220823_033000.WAV,Telephone Field,recover-20220825,002,1795
389.4455,389.4541,26328,35900,Eptesicus serotinus,0.007,0.022,-1,Echolocation,/mnt/ubna_data_01_mir/recover-20220825/UBNA_002/20220823_033000.WAV,Telephone Field,recover-20220825,002,1795
389.4485,389.4598,43515,50483,Pipistrellus nathusii,0.048,0.071,-1,Echolocation,/mnt/ubna_data_01_mir/recover-20220825/UBNA_002/20220823_033000.WAV,Telephone Field,recover-20220825,002,1795
389.4665,389.5056,68437,82231,Rhinolophus ferrumequinum,0.022,0.022,-1,Echolocation,/mnt/ubna_data_01_mir/recover-20220825/UBNA_002/20220823_033000.WAV,Telephone Field,recover-20220825,002,1795
389.4715,389.478,27187,43374,Eptesicus serotinus,0.006,0.022,-1,Echolocation,/mnt/ubna_data_01_mir/recover-20220825/UBNA_002/20220823_033000.WAV,Telephone Field,recover-20220825,002,1795
389.5115,389.5207,41796,48719,Pipistrellus nathusii,0.008,0.025,-1,Echolocation,/mnt/ubna_data_01_mir/recover-20220825/UBNA_002/20220823_033000.WAV,Telephone Field,recover-20220825,002,1795
389.5835,389.6229,68437,82351,Rhinolophus ferrumequinum,0.024,0.024,-1,Echolocation,/mnt/ubna_data_01_mir/recover-20220825/UBNA_002/20220823_033000.WAV,Telephone Field,recover-20220825,002,1795
389.5925,389.5994,39218,57776,Myotis daubentonii,0.008,0.028,-1,Echolocation,/mnt/ubna_data_01_mir/recover-20220825/UBNA_002/20220823_033000.WAV,Telephone Field,recover-20220825,002,1795
389.5995,389.6373,68437,81238,Rhinolophus ferrumequinum,0.021,0.021,-1,Echolocation,/mnt/ubna_data_01_mir/recover-20220825/UBNA_002/20220823_033000.WAV,Telephone Field,recover-20220825,002,1795
389.6025,389.6111,40937,46135,Pipistrellus nathusii,0.127,0.154,-1,Echolocation,/mnt/ubna_data_01_mir/recover-20220825/UBNA_002/20220823_033000.WAV,Telephone Field,recover-20220825,002,1795
389.6275,389.6352,26328,35211,Eptesicus serotinus,0.007,0.023,-1,Echolocation,/mnt/ubna_data_01_mir/recover-20220825/UBNA_002/20220823_033000.WAV,Telephone Field,recover-20220825,002,1795
389.6415,389.6523,23750,29239,Nyctalus leisleri,0.009,0.022,-1,Echolocation,/mnt/ubna_data_01_mir/recover-20220825/UBNA_002/20220823_033000.WAV,Telephone Field,recover-20220825,002,1795
389.6905,389.6996,47812,51853,Pipistrellus pipistrellus,0.023,0.025,-1,Echolocation,/mnt/ubna_data_01_mir/recover-20220825/UBNA_002/20220823_033000.WAV,Telephone Field,recover-20220825,002,1795
389.7005,389.7124,41796,50462,Pipistrellus nathusii,0.028,0.043,-1,Echolocation,/mnt/ubna_data_01_mir/recover-20220825/UBNA_002/20220823_033000.WAV,Telephone Field,recover-20220825,002,1795
389.7015,389.7075,29765,70870,Myotis brandtii,0.018,0.033,-1,Echolocation,/mnt/ubna_data_01_mir/recover-20220825/UBNA_002/20220823_033000.WAV,Telephone Field,recover-20220825,002,1795
389.7465,389.7872,68437,82277,Rhinolophus ferrumequinum,0.021,0.021,-1,Echolocation,/mnt/ubna_data_01_mir/recover-20220825/UBNA_002/20220823_033000.WAV,Telephone Field,recover-20220825,002,1795
389.7665,389.7766,44375,50243,Pipistrellus pipistrellus,0.017,0.029,-1,Echolocation,/mnt/ubna_data_01_mir/recover-20220825/UBNA_002/20220823_033000.WAV,Telephone Field,recover-20220825,002,1795
389.7835,389.7901,49531,56375,Pipistrellus pipistrellus,0.02,0.022,-1,Echolocation,/mnt/ubna_data_01_mir/recover-20220825/UBNA_002/20220823_033000.WAV,Telephone Field,recover-20220825,002,1795
389.7995,389.8047,36640,61830,Myotis brandtii,0.129,0.193,-1,Echolocation,/mnt/ubna_data_01_mir/recover-20220825/UBNA_002/20220823_033000.WAV,Telephone Field,recover-20220825,002,1795
389.8215,389.8322,24609,30335,Nyctalus leisleri,0.008,0.021,-1,Echolocation,/mnt/ubna_data_01_mir/recover-20220825/UBNA_002/20220823_033000.WAV,Telephone Field,recover-20220825,002,1795
389.8475,389.85699999999997,28046,35252,Eptesicus serotinus,0.012,0.025,-1,Echolocation,/mnt/ubna_data_01_mir/recover-20220825/UBNA_002/20220823_033000.WAV,Telephone Field,recover-20220825,002,1795
389.8485,389.8911,68437,82875,Rhinolophus ferrumequinum,0.029,0.029,-1,Echolocation,/mnt/ubna_data_01_mir/recover-20220825/UBNA_002/20220823_033000.WAV,Telephone Field,recover-20220825,002,1795
389.9105,389.95,68437,82024,Rhinolophus ferrumequinum,0.024,0.024,-1,Echolocation,/mnt/ubna_data_01_mir/recover-20220825/UBNA_002/20220823_033000.WAV,Telephone Field,recover-20220825,002,1795
389.9165,389.9267,44375,48329,Pipistrellus pipistrellus,0.03,0.039,-1,Echolocation,/mnt/ubna_data_01_mir/recover-20220825/UBNA_002/20220823_033000.WAV,Telephone Field,recover-20220825,002,1795
389.9355,389.9412,27187,41775,Myotis nattereri,0.005,0.024,-1,Echolocation,/mnt/ubna_data_01_mir/recover-20220825/UBNA_002/20220823_033000.WAV,Telephone Field,recover-20220825,002,1795
389.9535,389.9623,45234,55117,Pipistrellus pipistrellus,0.024,0.03,-1,Echolocation,/mnt/ubna_data_01_mir/recover-20220825/UBNA_002/20220823_033000.WAV,Telephone Field,recover-20220825,002,1795
389.9705,389.9827,40937,51565,Pipistrellus nathusii,0.106,0.145,-1,Echolocation,/mnt/ubna_data_01_mir/recover-20220825/UBNA_002/20220823_033000.WAV,Telephone Field,recover-20220825,002,1795
389.9715,389.9768,29765,74765,Myotis brandtii,0.025,0.04,-1,Echolocation,/mnt/ubna_data_01_mir/recover-20220825/UBNA_002/20220823_033000.WAV,Telephone Field,recover-20220825,002,1795
390.0015,390.0094,24609,35275,Eptesicus serotinus,0.011,0.044,-1,Echolocation,/mnt/ubna_data_01_mir/recover-20220825/UBNA_002/20220823_033000.WAV,Telephone Field,recover-20220825,002,1795
390.0015,390.0325,68437,79111,Rhinolophus ferrumequinum,0.032,0.033,-1,Echolocation,/mnt/ubna_data_01_mir/recover-20220825/UBNA_002/20220823_033000.WAV,Telephone Field,recover-20220825,002,1795
390.0015,390.0092,40078,46839,Pipistrellus nathusii,0.019,0.038,-1,Echolocation,/mnt/ubna_data_01_mir/recover-20220825/UBNA_002/20220823_033000.WAV,Telephone Field,recover-20220825,002,1795
390.0015,390.008,32343,45329,Barbastellus barbastellus,0.011,0.038,-1,Echolocation,/mnt/ubna_data_01_mir/recover-20220825/UBNA_002/20220823_033000.WAV,Telephone Field,recover-20220825,002,1795
390.0305,390.0393,27187,37909,Eptesicus serotinus,0.009,0.023,-1,Echolocation,/mnt/ubna_data_01_mir/recover-20220825/UBNA_002/20220823_033000.WAV,Telephone Field,recover-20220825,002,1795
390.0745,390.0813,40937,50024,Pipistrellus nathusii,0.073,0.191,-1,Echolocation,/mnt/ubna_data_01_mir/recover-20220825/UBNA_002/20220823_033000.WAV,Telephone Field,recover-20220825,002,1795
390.1085,390.1189,25468,33589,Eptesicus serotinus,0.019,0.046,-1,Echolocation,/mnt/ubna_data_01_mir/recover-20220825/UBNA_002/20220823_033000.WAV,Telephone Field,recover-20220825,002,1795
390.1715,390.177,34921,54816,Myotis brandtii,0.012,0.025,-1,Echolocation,/mnt/ubna_data_01_mir/recover-20220825/UBNA_002/20220823_033000.WAV,Telephone Field,recover-20220825,002,1795
390.1755,390.1893,22890,29053,Nyctalus leisleri,0.018,0.045,-1,Echolocation,/mnt/ubna_data_01_mir/recover-20220825/UBNA_002/20220823_033000.WAV,Telephone Field,recover-20220825,002,1795
390.2285,390.2378,35781,43038,Pipistrellus nathusii,0.008,0.021,-1,Echolocation,/mnt/ubna_data_01_mir/recover-20220825/UBNA_002/20220823_033000.WAV,Telephone Field,recover-20220825,002,1795
390.2435,390.2773,68437,81432,Rhinolophus ferrumequinum,0.022,0.022,-1,Echolocation,/mnt/ubna_data_01_mir/recover-20220825/UBNA_002/20220823_033000.WAV,Telephone Field,recover-20220825,002,1795
390.2485,390.284,68437,82197,Rhinolophus ferrumequinum,0.022,0.022,-1,Echolocation,/mnt/ubna_data_01_mir/recover-20220825/UBNA_002/20220823_033000.WAV,Telephone Field,recover-20220825,002,1795
390.2655,390.2762,25468,32218,Eptesicus serotinus,0.011,0.03,-1,Echolocation,/mnt/ubna_data_01_mir/recover-20220825/UBNA_002/20220823_033000.WAV,Telephone Field,recover-20220825,002,1795
390.2905,390.2971,36640,51889,Myotis brandtii,0.011,0.024,-1,Echolocation,/mnt/ubna_data_01_mir/recover-20220825/UBNA_002/20220823_033000.WAV,Telephone Field,recover-20220825,002,1795
390.2935,390.2999,28906,44793,Myotis daubentonii,0.017,0.039,-1,Echolocation,/mnt/ubna_data_01_mir/recover-20220825/UBNA_002/20220823_033000.WAV,Telephone Field,recover-20220825,002,1795
390.3085,390.3167,27187,37791,Eptesicus serotinus,0.008,0.021,-1,Echolocation,/mnt/ubna_data_01_mir/recover-20220825/UBNA_002/20220823_033000.WAV,Telephone Field,recover-20220825,002,1795
390.3225,390.3294,27187,36153,Eptesicus serotinus,0.007,0.025,-1,Echolocation,/mnt/ubna_data_01_mir/recover-20220825/UBNA_002/20220823_033000.WAV,Telephone Field,recover-20220825,002,1795
390.3235,390.3322,38359,46128,Pipistrellus nathusii,0.011,0.026,-1,Echolocation,/mnt/ubna_data_01_mir/recover-20220825/UBNA_002/20220823_033000.WAV,Telephone Field,recover-20220825,002,1795
390.3385,390.3439,38359,53065,Myotis brandtii,0.069,0.146,-1,Echolocation,/mnt/ubna_data_01_mir/recover-20220825/UBNA_002/20220823_033000.WAV,Telephone Field,recover-20220825,002,1795
390.3585,390.3666,27187,37478,Eptesicus serotinus,0.008,0.024,-1,Echolocation,/mnt/ubna_data_01_mir/recover-20220825/UBNA_002/20220823_033000.WAV,Telephone Field,recover-20220825,002,1795
390.3635,390.4037,68437,82314,Rhinolophus ferrumequinum,0.023,0.023,-1,Echolocation,/mnt/ubna_data_01_mir/recover-20220825/UBNA_002/20220823_033000.WAV,Telephone Field,recover-20220825,002,1795
390.4345,390.4417,26328,38774,Eptesicus serotinus,0.008,0.027,-1,Echolocation,/mnt/ubna_data_01_mir/recover-20220825/UBNA_002/20220823_033000.WAV,Telephone Field,recover-20220825,002,1795
390.4375,390.4435,36640,52954,Myotis brandtii,0.009,0.021,-1,Echolocation,/mnt/ubna_data_01_mir/recover-20220825/UBNA_002/20220823_033000.WAV,Telephone Field,recover-20220825,002,1795
390.4425,390.4836,68437,82584,Rhinolophus ferrumequinum,0.029,0.029,-1,Echolocation,/mnt/ubna_data_01_mir/recover-20220825/UBNA_002/20220823_033000.WAV,Telephone Field,recover-20220825,002,1795
390.4445,390.4516,26328,39033,Eptesicus serotinus,0.007,0.023,-1,Echolocation,/mnt/ubna_data_01_mir/recover-20220825/UBNA_002/20220823_033000.WAV,Telephone Field,recover-20220825,002,1795
390.4525,390.4603,27187,37464,Eptesicus serotinus,0.009,0.026,-1,Echolocation,/mnt/ubna_data_01_mir/recover-20220825/UBNA_002/20220823_033000.WAV,Telephone Field,recover-20220825,002,1795
390.4915,390.4971,34062,61344,Myotis brandtii,0.016,0.027,-1,Echolocation,/mnt/ubna_data_01_mir/recover-20220825/UBNA_002/20220823_033000.WAV,Telephone Field,recover-20220825,002,1795
390.5205,390.5269,28046,38257,Eptesicus serotinus,0.005,0.021,-1,Echolocation,/mnt/ubna_data_01_mir/recover-20220825/UBNA_002/20220823_033000.WAV,Telephone Field,recover-20220825,002,1795
390.5375,390.5425,25468,66800,Myotis bechsteinii,0.097,0.177,-1,Echolocation,/mnt/ubna_data_01_mir/recover-20220825/UBNA_002/20220823_033000.WAV,Telephone Field,recover-20220825,002,1795
390.5375,390.5427,38359,53387,Myotis brandtii,0.169,0.47,-1,Echolocation,/mnt/ubna_data_01_mir/recover-20220825/UBNA_002/20220823_033000.WAV,Telephone Field,recover-20220825,002,1795
390.5465,390.5525,31484,44625,Myotis daubentonii,0.011,0.024,-1,Echolocation,/mnt/ubna_data_01_mir/recover-20220825/UBNA_002/20220823_033000.WAV,Telephone Field,recover-20220825,002,1795
390.6015,390.638,68437,81596,Rhinolophus ferrumequinum,0.021,0.021,-1,Echolocation,/mnt/ubna_data_01_mir/recover-20220825/UBNA_002/20220823_033000.WAV,Telephone Field,recover-20220825,002,1795
390.6025,390.6111,26328,39324,Eptesicus serotinus,0.009,0.023,-1,Echolocation,/mnt/ubna_data_01_mir/recover-20220825/UBNA_002/20220823_033000.WAV,Telephone Field,recover-20220825,002,1795
390.6165,390.6571,68437,82209,Rhinolophus ferrumequinum,0.023,0.023,-1,Echolocation,/mnt/ubna_data_01_mir/recover-20220825/UBNA_002/20220823_033000.WAV,Telephone Field,recover-20220825,002,1795
390.6325,390.6374,39218,48910,Barbastellus barbastellus,0.172,0.335,-1,Echolocation,/mnt/ubna_data_01_mir/recover-20220825/UBNA_002/20220823_033000.WAV,Telephone Field,recover-20220825,002,1795
390.6595,390.6668,26328,38515,Eptesicus serotinus,0.006,0.021,-1,Echolocation,/mnt/ubna_data_01_mir/recover-20220825/UBNA_002/20220823_033000.WAV,Telephone Field,recover-20220825,002,1795
390.6835,390.6891,34062,53622,Myotis brandtii,0.01,0.021,-1,Echolocation,/mnt/ubna_data_01_mir/recover-20220825/UBNA_002/20220823_033000.WAV,Telephone Field,recover-20220825,002,1795
390.7285,390.7338,37500,54114,Pipistrellus nathusii,0.17,0.483,-1,Echolocation,/mnt/ubna_data_01_mir/recover-20220825/UBNA_002/20220823_033000.WAV,Telephone Field,recover-20220825,002,1795
390.7375,390.7444,31484,40309,Myotis daubentonii,0.01,0.021,-1,Echolocation,/mnt/ubna_data_01_mir/recover-20220825/UBNA_002/20220823_033000.WAV,Telephone Field,recover-20220825,002,1795
390.7395,390.7488,27187,34192,Eptesicus serotinus,0.007,0.023,-1,Echolocation,/mnt/ubna_data_01_mir/recover-20220825/UBNA_002/20220823_033000.WAV,Telephone Field,recover-20220825,002,1795
390.7665,390.788,18593,22095,Nyctalus noctula,0.021,0.041,-1,Echolocation,/mnt/ubna_data_01_mir/recover-20220825/UBNA_002/20220823_033000.WAV,Telephone Field,recover-20220825,002,1795
390.7755,390.8128,68437,82327,Rhinolophus ferrumequinum,0.022,0.022,-1,Echolocation,/mnt/ubna_data_01_mir/recover-20220825/UBNA_002/20220823_033000.WAV,Telephone Field,recover-20220825,002,1795
390.8165,390.8225,37500,49920,Pipistrellus nathusii,0.112,0.342,-1,Echolocation,/mnt/ubna_data_01_mir/recover-20220825/UBNA_002/20220823_033000.WAV,Telephone Field,recover-20220825,002,1795
390.8405,390.8835,68437,82763,Rhinolophus ferrumequinum,0.025,0.025,-1,Echolocation,/mnt/ubna_data_01_mir/recover-20220825/UBNA_002/20220823_033000.WAV,Telephone Field,recover-20220825,002,1795
390.8545,390.8943,68437,82975,Rhinolophus ferrumequinum,0.023,0.023,-1,Echolocation,/mnt/ubna_data_01_mir/recover-20220825/UBNA_002/20220823_033000.WAV,Telephone Field,recover-20220825,002,1795
390.8575,390.8681,25468,32902,Eptesicus serotinus,0.009,0.022,-1,Echolocation,/mnt/ubna_data_01_mir/recover-20220825/UBNA_002/20220823_033000.WAV,Telephone Field,recover-20220825,002,1795
390.8705,390.8814,56406,63250,Pipistrellus pygmaeus,0.021,0.023,-1,Echolocation,/mnt/ubna_data_01_mir/recover-20220825/UBNA_002/20220823_033000.WAV,Telephone Field,recover-20220825,002,1795
390.8715,390.9111,68437,82034,Rhinolophus ferrumequinum,0.023,0.023,-1,Echolocation,/mnt/ubna_data_01_mir/recover-20220825/UBNA_002/20220823_033000.WAV,Telephone Field,recover-20220825,002,1795
390.8885,390.9266,68437,82025,Rhinolophus ferrumequinum,0.022,0.022,-1,Echolocation,/mnt/ubna_data_01_mir/recover-20220825/UBNA_002/20220823_033000.WAV,Telephone Field,recover-20220825,002,1795
390.9315,390.9404,23750,31918,Plecotus austriacus,0.008,0.031,-1,Echolocation,/mnt/ubna_data_01_mir/recover-20220825/UBNA_002/20220823_033000.WAV,Telephone Field,recover-20220825,002,1795
390.9405,390.9485,44375,52657,Pipistrellus pipistrellus,0.022,0.028,-1,Echolocation,/mnt/ubna_data_01_mir/recover-20220825/UBNA_002/20220823_033000.WAV,Telephone Field,recover-20220825,002,1795
390.9465,390.9539,27187,34632,Eptesicus serotinus,0.008,0.022,-1,Echolocation,/mnt/ubna_data_01_mir/recover-20220825/UBNA_002/20220823_033000.WAV,Telephone Field,recover-20220825,002,1795
390.9485,390.9864,68437,82245,Rhinolophus ferrumequinum,0.022,0.022,-1,Echolocation,/mnt/ubna_data_01_mir/recover-20220825/UBNA_002/20220823_033000.WAV,Telephone Field,recover-20220825,002,1795
390.9595,390.965,37500,51590,Pipistrellus nathusii,0.222,0.451,-1,Echolocation,/mnt/ubna_data_01_mir/recover-20220825/UBNA_002/20220823_033000.WAV,Telephone Field,recover-20220825,002,1795
390.9595,390.9644,26328,68382,Myotis bechsteinii,0.046,0.098,-1,Echolocation,/mnt/ubna_data_01_mir/recover-20220825/UBNA_002/20220823_033000.WAV,Telephone Field,recover-20220825,002,1795
390.9685,390.9745,28906,40111,Myotis daubentonii,0.011,0.024,-1,Echolocation,/mnt/ubna_data_01_mir/recover-20220825/UBNA_002/20220823_033000.WAV,Telephone Field,recover-20220825,002,1795
390.9815,391.0205,68437,81884,Rhinolophus ferrumequinum,0.025,0.025,-1,Echolocation,/mnt/ubna_data_01_mir/recover-20220825/UBNA_002/20220823_033000.WAV,Telephone Field,recover-20220825,002,1795
390.9965,391.033,68437,82214,Rhinolophus ferrumequinum,0.021,0.021,-1,Echolocation,/mnt/ubna_data_01_mir/recover-20220825/UBNA_002/20220823_033000.WAV,Telephone Field,recover-20220825,002,1795
391.0225,391.0585,68437,82372,Rhinolophus ferrumequinum,0.025,0.025,-1,Echolocation,/mnt/ubna_data_01_mir/recover-20220825/UBNA_002/20220823_033000.WAV,Telephone Field,recover-20220825,002,1795
391.0285,391.0342,36640,51492,Pipistrellus nathusii,0.138,0.38,-1,Echolocation,/mnt/ubna_data_01_mir/recover-20220825/UBNA_002/20220823_033000.WAV,Telephone Field,recover-20220825,002,1795
391.0285,391.0336,27187,68017,Myotis brandtii,0.052,0.123,-1,Echolocation,/mnt/ubna_data_01_mir/recover-20220825/UBNA_002/20220823_033000.WAV,Telephone Field,recover-20220825,002,1795
391.0385,391.0478,27187,34835,Eptesicus serotinus,0.01,0.029,-1,Echolocation,/mnt/ubna_data_01_mir/recover-20220825/UBNA_002/20220823_033000.WAV,Telephone Field,recover-20220825,002,1795
391.0635,391.0695,28906,45493,Myotis daubentonii,0.018,0.043,-1,Echolocation,/mnt/ubna_data_01_mir/recover-20220825/UBNA_002/20220823_033000.WAV,Telephone Field,recover-20220825,002,1795
391.0885,391.1233,68437,80746,Rhinolophus ferrumequinum,0.021,0.021,-1,Echolocation,/mnt/ubna_data_01_mir/recover-20220825/UBNA_002/20220823_033000.WAV,Telephone Field,recover-20220825,002,1795
391.0985,391.1059,31484,39128,Barbastellus barbastellus,0.021,0.035,-1,Echolocation,/mnt/ubna_data_01_mir/recover-20220825/UBNA_002/20220823_033000.WAV,Telephone Field,recover-20220825,002,1795
391.1115,391.1514,68437,82704,Rhinolophus ferrumequinum,0.024,0.024,-1,Echolocation,/mnt/ubna_data_01_mir/recover-20220825/UBNA_002/20220823_033000.WAV,Telephone Field,recover-20220825,002,1795
391.1535,391.161,26328,36920,Eptesicus serotinus,0.006,0.021,-1,Echolocation,/mnt/ubna_data_01_mir/recover-20220825/UBNA_002/20220823_033000.WAV,Telephone Field,recover-20220825,002,1795
391.1595,391.1684,27187,37497,Eptesicus serotinus,0.008,0.023,-1,Echolocation,/mnt/ubna_data_01_mir/recover-20220825/UBNA_002/20220823_033000.WAV,Telephone Field,recover-20220825,002,1795
391.1735,391.1816,26328,36238,Eptesicus serotinus,0.009,0.027,-1,Echolocation,/mnt/ubna_data_01_mir/recover-20220825/UBNA_002/20220823_033000.WAV,Telephone Field,recover-20220825,002,1795
391.2025,391.2085,36640,51369,Pipistrellus nathusii,0.185,0.509,-1,Echolocation,/mnt/ubna_data_01_mir/recover-20220825/UBNA_002/20220823_033000.WAV,Telephone Field,recover-20220825,002,1795
391.2115,391.2172,29765,41149,Myotis daubentonii,0.01,0.022,-1,Echolocation,/mnt/ubna_data_01_mir/recover-20220825/UBNA_002/20220823_033000.WAV,Telephone Field,recover-20220825,002,1795
391.2205,391.2584,68437,82242,Rhinolophus ferrumequinum,0.021,0.021,-1,Echolocation,/mnt/ubna_data_01_mir/recover-20220825/UBNA_002/20220823_033000.WAV,Telephone Field,recover-20220825,002,1795
391.2505,391.2569,50390,58369,Pipistrellus pipistrellus,0.03,0.033,-1,Echolocation,/mnt/ubna_data_01_mir/recover-20220825/UBNA_002/20220823_033000.WAV,Telephone Field,recover-20220825,002,1795
391.2515,391.2897,68437,82213,Rhinolophus ferrumequinum,0.026,0.026,-1,Echolocation,/mnt/ubna_data_01_mir/recover-20220825/UBNA_002/20220823_033000.WAV,Telephone Field,recover-20220825,002,1795
391.2605,391.2656,34062,62353,Myotis brandtii,0.031,0.049,-1,Echolocation,/mnt/ubna_data_01_mir/recover-20220825/UBNA_002/20220823_033000.WAV,Telephone Field,recover-20220825,002,1795
391.2765,391.3088,68437,81712,Rhinolophus ferrumequinum,0.023,0.023,-1,Echolocation,/mnt/ubna_data_01_mir/recover-20220825/UBNA_002/20220823_033000.WAV,Telephone Field,recover-20220825,002,1795
391.2865,391.2919,35781,48469,Pipistrellus nathusii,0.247,0.497,-1,Echolocation,/mnt/ubna_data_01_mir/recover-20220825/UBNA_002/20220823_033000.WAV,Telephone Field,recover-20220825,002,1795
391.2955,391.3033,25468,32533,Nyctalus leisleri,0.005,0.022,-1,Echolocation,/mnt/ubna_data_01_mir/recover-20220825/UBNA_002/20220823_033000.WAV,Telephone Field,recover-20220825,002,1795
391.3065,391.3446,68437,82739,Rhinolophus ferrumequinum,0.026,0.026,-1,Echolocation,/mnt/ubna_data_01_mir/recover-20220825/UBNA_002/20220823_033000.WAV,Telephone Field,recover-20220825,002,1795
391.3195,391.327,26328,36499,Eptesicus serotinus,0.006,0.021,-1,Echolocation,/mnt/ubna_data_01_mir/recover-20220825/UBNA_002/20220823_033000.WAV,Telephone Field,recover-20220825,002,1795
391.3315,391.3704,68437,81989,Rhinolophus ferrumequinum,0.022,0.022,-1,Echolocation,/mnt/ubna_data_01_mir/recover-20220825/UBNA_002/20220823_033000.WAV,Telephone Field,recover-20220825,002,1795
391.3595,391.3676,27187,37276,Eptesicus serotinus,0.008,0.023,-1,Echolocation,/mnt/ubna_data_01_mir/recover-20220825/UBNA_002/20220823_033000.WAV,Telephone Field,recover-20220825,002,1795
391.3735,391.4103,68437,82187,Rhinolophus ferrumequinum,0.022,0.022,-1,Echolocation,/mnt/ubna_data_01_mir/recover-20220825/UBNA_002/20220823_033000.WAV,Telephone Field,recover-20220825,002,1795
391.3785,391.3832,39218,54479,Myotis brandtii,0.136,0.388,-1,Echolocation,/mnt/ubna_data_01_mir/recover-20220825/UBNA_002/20220823_033000.WAV,Telephone Field,recover-20220825,002,1795
391.3985,391.4368,68437,81378,Rhinolophus ferrumequinum,0.022,0.022,-1,Echolocation,/mnt/ubna_data_01_mir/recover-20220825/UBNA_002/20220823_033000.WAV,Telephone Field,recover-20220825,002,1795
391.4035,391.4121,51250,58993,Pipistrellus pipistrellus,0.022,0.03,-1,Echolocation,/mnt/ubna_data_01_mir/recover-20220825/UBNA_002/20220823_033000.WAV,Telephone Field,recover-20220825,002,1795
391.4325,391.4419,25468,32416,Nyctalus leisleri,0.008,0.023,-1,Echolocation,/mnt/ubna_data_01_mir/recover-20220825/UBNA_002/20220823_033000.WAV,Telephone Field,recover-20220825,002,1795
391.4565,391.4636,27187,36344,Eptesicus serotinus,0.006,0.023,-1,Echolocation,/mnt/ubna_data_01_mir/recover-20220825/UBNA_002/20220823_033000.WAV,Telephone Field,recover-20220825,002,1795
391.4725,391.4781,36640,47425,Pipistrellus nathusii,0.189,0.474,-1,Echolocation,/mnt/ubna_data_01_mir/recover-20220825/UBNA_002/20220823_033000.WAV,Telephone Field,recover-20220825,002,1795
391.4745,391.507,68437,81178,Rhinolophus ferrumequinum,0.022,0.022,-1,Echolocation,/mnt/ubna_data_01_mir/recover-20220825/UBNA_002/20220823_033000.WAV,Telephone Field,recover-20220825,002,1795
391.5055,391.5132,27187,38320,Eptesicus serotinus,0.007,0.022,-1,Echolocation,/mnt/ubna_data_01_mir/recover-20220825/UBNA_002/20220823_033000.WAV,Telephone Field,recover-20220825,002,1795
391.5115,391.5191,27187,37286,Eptesicus serotinus,0.006,0.021,-1,Echolocation,/mnt/ubna_data_01_mir/recover-20220825/UBNA_002/20220823_033000.WAV,Telephone Field,recover-20220825,002,1795
391.5225,391.5574,68437,81365,Rhinolophus ferrumequinum,0.023,0.023,-1,Echolocation,/mnt/ubna_data_01_mir/recover-20220825/UBNA_002/20220823_033000.WAV,Telephone Field,recover-20220825,002,1795
391.5545,391.5658,50390,54693,Pipistrellus pipistrellus,0.018,0.024,-1,Echolocation,/mnt/ubna_data_01_mir/recover-20220825/UBNA_002/20220823_033000.WAV,Telephone Field,recover-20220825,002,1795
391.5615,391.5667,37500,47511,Pipistrellus nathusii,0.185,0.425,-1,Echolocation,/mnt/ubna_data_01_mir/recover-20220825/UBNA_002/20220823_033000.WAV,Telephone Field,recover-20220825,002,1795
391.5645,391.602,68437,82519,Rhinolophus ferrumequinum,0.028,0.028,-1,Echolocation,/mnt/ubna_data_01_mir/recover-20220825/UBNA_002/20220823_033000.WAV,Telephone Field,recover-20220825,002,1795
391.5725,391.6088,68437,82290,Rhinolophus ferrumequinum,0.024,0.024,-1,Echolocation,/mnt/ubna_data_01_mir/recover-20220825/UBNA_002/20220823_033000.WAV,Telephone Field,recover-20220825,002,1795
391.5735,391.5809,26328,37857,Eptesicus serotinus,0.007,0.026,-1,Echolocation,/mnt/ubna_data_01_mir/recover-20220825/UBNA_002/20220823_033000.WAV,Telephone Field,recover-20220825,002,1795
391.5975,391.6056,26328,37397,Eptesicus serotinus,0.009,0.027,-1,Echolocation,/mnt/ubna_data_01_mir/recover-20220825/UBNA_002/20220823_033000.WAV,Telephone Field,recover-20220825,002,1795
391.6225,391.6298,27187,39682,Eptesicus serotinus,0.007,0.023,-1,Echolocation,/mnt/ubna_data_01_mir/recover-20220825/UBNA_002/20220823_033000.WAV,Telephone Field,recover-20220825,002,1795
391.6545,391.6609,36640,45972,Pipistrellus nathusii,0.316,0.544,-1,Echolocation,/mnt/ubna_data_01_mir/recover-20220825/UBNA_002/20220823_033000.WAV,Telephone Field,recover-20220825,002,1795
391.6585,391.696,68437,82632,Rhinolophus ferrumequinum,0.026,0.026,-1,Echolocation,/mnt/ubna_data_01_mir/recover-20220825/UBNA_002/20220823_033000.WAV,Telephone Field,recover-20220825,002,1795
391.6635,391.67,27187,37261,Eptesicus serotinus,0.005,0.023,-1,Echolocation,/mnt/ubna_data_01_mir/recover-20220825/UBNA_002/20220823_033000.WAV,Telephone Field,recover-20220825,002,1795
391.6825,391.6925,31484,37748,Barbastellus barbastellus,0.009,0.029,-1,Echolocation,/mnt/ubna_data_01_mir/recover-20220825/UBNA_002/20220823_033000.WAV,Telephone Field,recover-20220825,002,1795
391.6905,391.7258,68437,81683,Rhinolophus ferrumequinum,0.021,0.022,-1,Echolocation,/mnt/ubna_data_01_mir/recover-20220825/UBNA_002/20220823_033000.WAV,Telephone Field,recover-20220825,002,1795
391.7075,391.7143,31484,43021,Barbastellus barbastellus,0.007,0.023,-1,Echolocation,/mnt/ubna_data_01_mir/recover-20220825/UBNA_002/20220823_033000.WAV,Telephone Field,recover-20220825,002,1795
391.7405,391.7524,22890,27016,Nyctalus leisleri,0.014,0.025,-1,Echolocation,/mnt/ubna_data_01_mir/recover-20220825/UBNA_002/20220823_033000.WAV,Telephone Field,recover-20220825,002,1795
391.7535,391.7608,27187,37204,Eptesicus serotinus,0.008,0.026,-1,Echolocation,/mnt/ubna_data_01_mir/recover-20220825/UBNA_002/20220823_033000.WAV,Telephone Field,recover-20220825,002,1795
391.7755,391.7816,27187,37903,Eptesicus serotinus,0.006,0.026,-1,Echolocation,/mnt/ubna_data_01_mir/recover-20220825/UBNA_002/20220823_033000.WAV,Telephone Field,recover-20220825,002,1795
391.7915,391.7983,27187,38526,Eptesicus serotinus,0.006,0.023,-1,Echolocation,/mnt/ubna_data_01_mir/recover-20220825/UBNA_002/20220823_033000.WAV,Telephone Field,recover-20220825,002,1795
391.8135,391.823,26328,34961,Eptesicus serotinus,0.01,0.025,-1,Echolocation,/mnt/ubna_data_01_mir/recover-20220825/UBNA_002/20220823_033000.WAV,Telephone Field,recover-20220825,002,1795
391.8225,391.833,24609,32115,Eptesicus serotinus,0.011,0.029,-1,Echolocation,/mnt/ubna_data_01_mir/recover-20220825/UBNA_002/20220823_033000.WAV,Telephone Field,recover-20220825,002,1795
391.8335,391.8751,68437,83152,Rhinolophus ferrumequinum,0.031,0.031,-1,Echolocation,/mnt/ubna_data_01_mir/recover-20220825/UBNA_002/20220823_033000.WAV,Telephone Field,recover-20220825,002,1795
391.8465,391.8546,44375,55836,Pipistrellus pipistrellus,0.011,0.025,-1,Echolocation,/mnt/ubna_data_01_mir/recover-20220825/UBNA_002/20220823_033000.WAV,Telephone Field,recover-20220825,002,1795
391.8495,391.8573,27187,39566,Eptesicus serotinus,0.007,0.022,-1,Echolocation,/mnt/ubna_data_01_mir/recover-20220825/UBNA_002/20220823_033000.WAV,Telephone Field,recover-20220825,002,1795
391.8655,391.9048,68437,82099,Rhinolophus ferrumequinum,0.026,0.026,-1,Echolocation,/mnt/ubna_data_01_mir/recover-20220825/UBNA_002/20220823_033000.WAV,Telephone Field,recover-20220825,002,1795
391.8685,391.8763,45234,56229,Pipistrellus pipistrellus,0.012,0.025,-1,Echolocation,/mnt/ubna_data_01_mir/recover-20220825/UBNA_002/20220823_033000.WAV,Telephone Field,recover-20220825,002,1795
391.8775,391.8851,27187,37350,Eptesicus serotinus,0.007,0.023,-1,Echolocation,/mnt/ubna_data_01_mir/recover-20220825/UBNA_002/20220823_033000.WAV,Telephone Field,recover-20220825,002,1795
391.8835,391.92,68437,81586,Rhinolophus ferrumequinum,0.021,0.021,-1,Echolocation,/mnt/ubna_data_01_mir/recover-20220825/UBNA_002/20220823_033000.WAV,Telephone Field,recover-20220825,002,1795
391.9085,391.9446,68437,81108,Rhinolophus ferrumequinum,0.022,0.022,-1,Echolocation,/mnt/ubna_data_01_mir/recover-20220825/UBNA_002/20220823_033000.WAV,Telephone Field,recover-20220825,002,1795
391.9115,391.9189,27187,38006,Eptesicus serotinus,0.007,0.024,-1,Echolocation,/mnt/ubna_data_01_mir/recover-20220825/UBNA_002/20220823_033000.WAV,Telephone Field,recover-20220825,002,1795
391.9195,391.9273,27187,38471,Eptesicus serotinus,0.007,0.022,-1,Echolocation,/mnt/ubna_data_01_mir/recover-20220825/UBNA_002/20220823_033000.WAV,Telephone Field,recover-20220825,002,1795
391.9325,391.9395,38359,62185,Myotis brandtii,0.013,0.023,-1,Echolocation,/mnt/ubna_data_01_mir/recover-20220825/UBNA_002/20220823_033000.WAV,Telephone Field,recover-20220825,002,1795
391.9335,391.941,31484,57493,Myotis brandtii,0.009,0.022,-1,Echolocation,/mnt/ubna_data_01_mir/recover-20220825/UBNA_002/20220823_033000.WAV,Telephone Field,recover-20220825,002,1795
391.9425,391.951,27187,35866,Eptesicus serotinus,0.008,0.022,-1,Echolocation,/mnt/ubna_data_01_mir/recover-20220825/UBNA_002/20220823_033000.WAV,Telephone Field,recover-20220825,002,1795
391.9525,391.9601,26328,39480,Eptesicus serotinus,0.007,0.023,-1,Echolocation,/mnt/ubna_data_01_mir/recover-20220825/UBNA_002/20220823_033000.WAV,Telephone Field,recover-20220825,002,1795
391.9535,391.9604,41796,52783,Pipistrellus nathusii,0.006,0.023,-1,Echolocation,/mnt/ubna_data_01_mir/recover-20220825/UBNA_002/20220823_033000.WAV,Telephone Field,recover-20220825,002,1795
392.0015,392.0111,22890,29476,Nyctalus leisleri,0.013,0.035,-1,Echolocation,/mnt/ubna_data_01_mir/recover-20220825/UBNA_002/20220823_033000.WAV,Telephone Field,recover-20220825,002,1795
392.0015,392.033,69296,81414,Rhinolophus ferrumequinum,0.022,0.022,-1,Echolocation,/mnt/ubna_data_01_mir/recover-20220825/UBNA_002/20220823_033000.WAV,Telephone Field,recover-20220825,002,1795
392.0015,392.0082,46093,51353,Pipistrellus pipistrellus,0.032,0.038,-1,Echolocation,/mnt/ubna_data_01_mir/recover-20220825/UBNA_002/20220823_033000.WAV,Telephone Field,recover-20220825,002,1795
392.0275,392.0384,26328,31464,Eptesicus serotinus,0.011,0.029,-1,Echolocation,/mnt/ubna_data_01_mir/recover-20220825/UBNA_002/20220823_033000.WAV,Telephone Field,recover-20220825,002,1795
392.0385,392.0787,68437,82546,Rhinolophus ferrumequinum,0.023,0.023,-1,Echolocation,/mnt/ubna_data_01_mir/recover-20220825/UBNA_002/20220823_033000.WAV,Telephone Field,recover-20220825,002,1795
392.0525,392.0909,68437,82109,Rhinolophus ferrumequinum,0.022,0.022,-1,Echolocation,/mnt/ubna_data_01_mir/recover-20220825/UBNA_002/20220823_033000.WAV,Telephone Field,recover-20220825,002,1795
392.1095,392.1477,68437,82264,Rhinolophus ferrumequinum,0.022,0.022,-1,Echolocation,/mnt/ubna_data_01_mir/recover-20220825/UBNA_002/20220823_033000.WAV,Telephone Field,recover-20220825,002,1795
392.1425,392.1801,68437,81901,Rhinolophus ferrumequinum,0.022,0.022,-1,Echolocation,/mnt/ubna_data_01_mir/recover-20220825/UBNA_002/20220823_033000.WAV,Telephone Field,recover-20220825,002,1795
392.1645,392.185,21171,24613,Nyctalus leisleri,0.012,0.022,-1,Echolocation,/mnt/ubna_data_01_mir/recover-20220825/UBNA_002/20220823_033000.WAV,Telephone Field,recover-20220825,002,1795
392.1705,392.1786,47812,53363,Pipistrellus pipistrellus,0.028,0.03,-1,Echolocation,/mnt/ubna_data_01_mir/recover-20220825/UBNA_002/20220823_033000.WAV,Telephone Field,recover-20220825,002,1795
392.1755,392.1865,24609,32075,Nyctalus leisleri,0.01,0.03,-1,Echolocation,/mnt/ubna_data_01_mir/recover-20220825/UBNA_002/20220823_033000.WAV,Telephone Field,recover-20220825,002,1795
392.1995,392.2071,28046,39265,Eptesicus serotinus,0.008,0.023,-1,Echolocation,/mnt/ubna_data_01_mir/recover-20220825/UBNA_002/20220823_033000.WAV,Telephone Field,recover-20220825,002,1795
392.2315,392.2411,28046,37462,Eptesicus serotinus,0.01,0.025,-1,Echolocation,/mnt/ubna_data_01_mir/recover-20220825/UBNA_002/20220823_033000.WAV,Telephone Field,recover-20220825,002,1795
392.2555,392.2946,68437,82328,Rhinolophus ferrumequinum,0.024,0.024,-1,Echolocation,/mnt/ubna_data_01_mir/recover-20220825/UBNA_002/20220823_033000.WAV,Telephone Field,recover-20220825,002,1795
392.3495,392.3562,28046,38937,Eptesicus serotinus,0.008,0.026,-1,Echolocation,/mnt/ubna_data_01_mir/recover-20220825/UBNA_002/20220823_033000.WAV,Telephone Field,recover-20220825,002,1795
392.3665,392.4031,68437,81413,Rhinolophus ferrumequinum,0.022,0.022,-1,Echolocation,/mnt/ubna_data_01_mir/recover-20220825/UBNA_002/20220823_033000.WAV,Telephone Field,recover-20220825,002,1795
392.4025,392.4453,68437,83212,Rhinolophus ferrumequinum,0.029,0.029,-1,Echolocation,/mnt/ubna_data_01_mir/recover-20220825/UBNA_002/20220823_033000.WAV,Telephone Field,recover-20220825,002,1795
392.4125,392.4536,68437,82511,Rhinolophus ferrumequinum,0.028,0.028,-1,Echolocation,/mnt/ubna_data_01_mir/recover-20220825/UBNA_002/20220823_033000.WAV,Telephone Field,recover-20220825,002,1795
392.4315,392.4417,22031,26970,Nyctalus leisleri,0.01,0.023,-1,Echolocation,/mnt/ubna_data_01_mir/recover-20220825/UBNA_002/20220823_033000.WAV,Telephone Field,recover-20220825,002,1795
392.4555,392.4633,27187,41088,Eptesicus serotinus,0.012,0.037,-1,Echolocation,/mnt/ubna_data_01_mir/recover-20220825/UBNA_002/20220823_033000.WAV,Telephone Field,recover-20220825,002,1795
392.4565,392.4965,68437,82553,Rhinolophus ferrumequinum,0.025,0.025,-1,Echolocation,/mnt/ubna_data_01_mir/recover-20220825/UBNA_002/20220823_033000.WAV,Telephone Field,recover-20220825,002,1795
392.5075,392.5141,28046,37982,Eptesicus serotinus,0.006,0.024,-1,Echolocation,/mnt/ubna_data_01_mir/recover-20220825/UBNA_002/20220823_033000.WAV,Telephone Field,recover-20220825,002,1795
392.5125,392.549,68437,81686,Rhinolophus ferrumequinum,0.024,0.025,-1,Echolocation,/mnt/ubna_data_01_mir/recover-20220825/UBNA_002/20220823_033000.WAV,Telephone Field,recover-20220825,002,1795
392.5335,392.5414,28046,38309,Eptesicus serotinus,0.009,0.028,-1,Echolocation,/mnt/ubna_data_01_mir/recover-20220825/UBNA_002/20220823_033000.WAV,Telephone Field,recover-20220825,002,1795
392.5715,392.5779,24609,35018,Plecotus austriacus,0.017,0.036,-1,Echolocation,/mnt/ubna_data_01_mir/recover-20220825/UBNA_002/20220823_033000.WAV,Telephone Field,recover-20220825,002,1795
392.5745,392.6113,68437,80787,Rhinolophus ferrumequinum,0.022,0.022,-1,Echolocation,/mnt/ubna_data_01_mir/recover-20220825/UBNA_002/20220823_033000.WAV,Telephone Field,recover-20220825,002,1795
392.5975,392.6082,22031,27637,Nyctalus leisleri,0.01,0.023,-1,Echolocation,/mnt/ubna_data_01_mir/recover-20220825/UBNA_002/20220823_033000.WAV,Telephone Field,recover-20220825,002,1795
392.5995,392.6075,28046,39165,Eptesicus serotinus,0.007,0.023,-1,Echolocation,/mnt/ubna_data_01_mir/recover-20220825/UBNA_002/20220823_033000.WAV,Telephone Field,recover-20220825,002,1795
392.6425,392.6501,28046,38016,Eptesicus serotinus,0.007,0.023,-1,Echolocation,/mnt/ubna_data_01_mir/recover-20220825/UBNA_002/20220823_033000.WAV,Telephone Field,recover-20220825,002,1795
392.6445,392.6544,22031,27100,Nyctalus leisleri,0.01,0.023,-1,Echolocation,/mnt/ubna_data_01_mir/recover-20220825/UBNA_002/20220823_033000.WAV,Telephone Field,recover-20220825,002,1795
392.6595,392.697,68437,82240,Rhinolophus ferrumequinum,0.029,0.029,-1,Echolocation,/mnt/ubna_data_01_mir/recover-20220825/UBNA_002/20220823_033000.WAV,Telephone Field,recover-20220825,002,1795
392.6825,392.7205,68437,82362,Rhinolophus ferrumequinum,0.022,0.022,-1,Echolocation,/mnt/ubna_data_01_mir/recover-20220825/UBNA_002/20220823_033000.WAV,Telephone Field,recover-20220825,002,1795
392.7035,392.7421,68437,81285,Rhinolophus ferrumequinum,0.028,0.028,-1,Echolocation,/mnt/ubna_data_01_mir/recover-20220825/UBNA_002/20220823_033000.WAV,Telephone Field,recover-20220825,002,1795
392.7105,392.7493,68437,81514,Rhinolophus ferrumequinum,0.027,0.027,-1,Echolocation,/mnt/ubna_data_01_mir/recover-20220825/UBNA_002/20220823_033000.WAV,Telephone Field,recover-20220825,002,1795
392.7205,392.762,68437,82537,Rhinolophus ferrumequinum,0.039,0.039,-1,Echolocation,/mnt/ubna_data_01_mir/recover-20220825/UBNA_002/20220823_033000.WAV,Telephone Field,recover-20220825,002,1795
392.7435,392.7844,68437,82764,Rhinolophus ferrumequinum,0.03,0.03,-1,Echolocation,/mnt/ubna_data_01_mir/recover-20220825/UBNA_002/20220823_033000.WAV,Telephone Field,recover-20220825,002,1795
392.7675,392.8062,68437,82366,Rhinolophus ferrumequinum,0.023,0.023,-1,Echolocation,/mnt/ubna_data_01_mir/recover-20220825/UBNA_002/20220823_033000.WAV,Telephone Field,recover-20220825,002,1795
392.7705,392.7793,23750,31408,Plecotus austriacus,0.013,0.037,-1,Echolocation,/mnt/ubna_data_01_mir/recover-20220825/UBNA_002/20220823_033000.WAV,Telephone Field,recover-20220825,002,1795
392.7965,392.8355,68437,82413,Rhinolophus ferrumequinum,0.035,0.035,-1,Echolocation,/mnt/ubna_data_01_mir/recover-20220825/UBNA_002/20220823_033000.WAV,Telephone Field,recover-20220825,002,1795
392.8035,392.8177,21171,24310,Nyctalus leisleri,0.014,0.023,-1,Echolocation,/mnt/ubna_data_01_mir/recover-20220825/UBNA_002/20220823_033000.WAV,Telephone Field,recover-20220825,002,1795
392.8455,392.883,68437,81648,Rhinolophus ferrumequinum,0.022,0.022,-1,Echolocation,/mnt/ubna_data_01_mir/recover-20220825/UBNA_002/20220823_033000.WAV,Telephone Field,recover-20220825,002,1795
392.8615,392.8738,29765,35585,Eptesicus serotinus,0.036,0.057,-1,Echolocation,/mnt/ubna_data_01_mir/recover-20220825/UBNA_002/20220823_033000.WAV,Telephone Field,recover-20220825,002,1795
392.8985,392.9386,68437,82709,Rhinolophus ferrumequinum,0.024,0.024,-1,Echolocation,/mnt/ubna_data_01_mir/recover-20220825/UBNA_002/20220823_033000.WAV,Telephone Field,recover-20220825,002,1795
392.9015,392.9093,28046,41505,Eptesicus serotinus,0.008,0.029,-1,Echolocation,/mnt/ubna_data_01_mir/recover-20220825/UBNA_002/20220823_033000.WAV,Telephone Field,recover-20220825,002,1795
392.9535,392.993,68437,82051,Rhinolophus ferrumequinum,0.023,0.023,-1,Echolocation,/mnt/ubna_data_01_mir/recover-20220825/UBNA_002/20220823_033000.WAV,Telephone Field,recover-20220825,002,1795
392.9635,393.004,68437,82244,Rhinolophus ferrumequinum,0.023,0.023,-1,Echolocation,/mnt/ubna_data_01_mir/recover-20220825/UBNA_002/20220823_033000.WAV,Telephone Field,recover-20220825,002,1795
392.9925,393.0005,28046,40467,Eptesicus serotinus,0.007,0.022,-1,Echolocation,/mnt/ubna_data_01_mir/recover-20220825/UBNA_002/20220823_033000.WAV,Telephone Field,recover-20220825,002,1795
393.0495,393.0611,37500,41936,Pipistrellus nathusii,0.018,0.033,-1,Echolocation,/mnt/ubna_data_01_mir/recover-20220825/UBNA_002/20220823_033000.WAV,Telephone Field,recover-20220825,002,1795
393.0565,393.0932,68437,82495,Rhinolophus ferrumequinum,0.024,0.024,-1,Echolocation,/mnt/ubna_data_01_mir/recover-20220825/UBNA_002/20220823_033000.WAV,Telephone Field,recover-20220825,002,1795
393.0705,393.081,23750,30003,Nyctalus leisleri,0.008,0.022,-1,Echolocation,/mnt/ubna_data_01_mir/recover-20220825/UBNA_002/20220823_033000.WAV,Telephone Field,recover-20220825,002,1795
393.0885,393.128,68437,82232,Rhinolophus ferrumequinum,0.024,0.024,-1,Echolocation,/mnt/ubna_data_01_mir/recover-20220825/UBNA_002/20220823_033000.WAV,Telephone Field,recover-20220825,002,1795
393.0905,393.0988,28046,38451,Eptesicus serotinus,0.008,0.022,-1,Echolocation,/mnt/ubna_data_01_mir/recover-20220825/UBNA_002/20220823_033000.WAV,Telephone Field,recover-20220825,002,1795
393.1015,393.1407,68437,82424,Rhinolophus ferrumequinum,0.03,0.03,-1,Echolocation,/mnt/ubna_data_01_mir/recover-20220825/UBNA_002/20220823_033000.WAV,Telephone Field,recover-20220825,002,1795
393.2135,393.2552,68437,82062,Rhinolophus ferrumequinum,0.025,0.025,-1,Echolocation,/mnt/ubna_data_01_mir/recover-20220825/UBNA_002/20220823_033000.WAV,Telephone Field,recover-20220825,002,1795
393.2595,393.3014,68437,82568,Rhinolophus ferrumequinum,0.038,0.038,-1,Echolocation,/mnt/ubna_data_01_mir/recover-20220825/UBNA_002/20220823_033000.WAV,Telephone Field,recover-20220825,002,1795
393.3165,393.3217,40078,58813,Myotis mystacinus,0.009,0.025,-1,Echolocation,/mnt/ubna_data_01_mir/recover-20220825/UBNA_002/20220823_033000.WAV,Telephone Field,recover-20220825,002,1795
393.3285,393.3382,22890,29712,Plecotus austriacus,0.009,0.026,-1,Echolocation,/mnt/ubna_data_01_mir/recover-20220825/UBNA_002/20220823_033000.WAV,Telephone Field,recover-20220825,002,1795
393.3395,393.3507,28046,35647,Eptesicus serotinus,0.013,0.025,-1,Echolocation,/mnt/ubna_data_01_mir/recover-20220825/UBNA_002/20220823_033000.WAV,Telephone Field,recover-20220825,002,1795
393.3415,393.3804,68437,82029,Rhinolophus ferrumequinum,0.022,0.022,-1,Echolocation,/mnt/ubna_data_01_mir/recover-20220825/UBNA_002/20220823_033000.WAV,Telephone Field,recover-20220825,002,1795
393.3575,393.3973,68437,82374,Rhinolophus ferrumequinum,0.022,0.022,-1,Echolocation,/mnt/ubna_data_01_mir/recover-20220825/UBNA_002/20220823_033000.WAV,Telephone Field,recover-20220825,002,1795
393.3765,393.4159,68437,82845,Rhinolophus ferrumequinum,0.024,0.024,-1,Echolocation,/mnt/ubna_data_01_mir/recover-20220825/UBNA_002/20220823_033000.WAV,Telephone Field,recover-20220825,002,1795
393.3975,393.4115,22031,26713,Nyctalus leisleri,0.019,0.036,-1,Echolocation,/mnt/ubna_data_01_mir/recover-20220825/UBNA_002/20220823_033000.WAV,Telephone Field,recover-20220825,002,1795
393.3995,393.4389,68437,82050,Rhinolophus ferrumequinum,0.024,0.024,-1,Echolocation,/mnt/ubna_data_01_mir/recover-20220825/UBNA_002/20220823_033000.WAV,Telephone Field,recover-20220825,002,1795
393.4085,393.418,40078,47581,Pipistrellus nathusii,0.011,0.023,-1,Echolocation,/mnt/ubna_data_01_mir/recover-20220825/UBNA_002/20220823_033000.WAV,Telephone Field,recover-20220825,002,1795
393.4765,393.5129,68437,81764,Rhinolophus ferrumequinum,0.032,0.032,-1,Echolocation,/mnt/ubna_data_01_mir/recover-20220825/UBNA_002/20220823_033000.WAV,Telephone Field,recover-20220825,002,1795
393.5245,393.5612,68437,81541,Rhinolophus ferrumequinum,0.025,0.025,-1,Echolocation,/mnt/ubna_data_01_mir/recover-20220825/UBNA_002/20220823_033000.WAV,Telephone Field,recover-20220825,002,1795
393.5355,393.5433,28046,38573,Eptesicus serotinus,0.008,0.025,-1,Echolocation,/mnt/ubna_data_01_mir/recover-20220825/UBNA_002/20220823_033000.WAV,Telephone Field,recover-20220825,002,1795
393.5535,393.5911,68437,82038,Rhinolophus ferrumequinum,0.022,0.022,-1,Echolocation,/mnt/ubna_data_01_mir/recover-20220825/UBNA_002/20220823_033000.WAV,Telephone Field,recover-20220825,002,1795
393.5635,393.5725,24609,32734,Nyctalus leisleri,0.008,0.026,-1,Echolocation,/mnt/ubna_data_01_mir/recover-20220825/UBNA_002/20220823_033000.WAV,Telephone Field,recover-20220825,002,1795
393.6095,393.6193,25468,32960,Eptesicus serotinus,0.009,0.023,-1,Echolocation,/mnt/ubna_data_01_mir/recover-20220825/UBNA_002/20220823_033000.WAV,Telephone Field,recover-20220825,002,1795
393.6115,393.6478,68437,80851,Rhinolophus ferrumequinum,0.022,0.022,-1,Echolocation,/mnt/ubna_data_01_mir/recover-20220825/UBNA_002/20220823_033000.WAV,Telephone Field,recover-20220825,002,1795
393.6235,393.6318,28046,41177,Eptesicus serotinus,0.007,0.022,-1,Echolocation,/mnt/ubna_data_01_mir/recover-20220825/UBNA_002/20220823_033000.WAV,Telephone Field,recover-20220825,002,1795
393.6445,393.6846,68437,82772,Rhinolophus ferrumequinum,0.024,0.024,-1,Echolocation,/mnt/ubna_data_01_mir/recover-20220825/UBNA_002/20220823_033000.WAV,Telephone Field,recover-20220825,002,1795
393.6545,393.6625,26328,35222,Eptesicus serotinus,0.008,0.022,-1,Echolocation,/mnt/ubna_data_01_mir/recover-20220825/UBNA_002/20220823_033000.WAV,Telephone Field,recover-20220825,002,1795
393.6945,393.7113,22031,26030,Nyctalus leisleri,0.027,0.048,-1,Echolocation,/mnt/ubna_data_01_mir/recover-20220825/UBNA_002/20220823_033000.WAV,Telephone Field,recover-20220825,002,1795
393.7315,393.7701,68437,82279,Rhinolophus ferrumequinum,0.023,0.023,-1,Echolocation,/mnt/ubna_data_01_mir/recover-20220825/UBNA_002/20220823_033000.WAV,Telephone Field,recover-20220825,002,1795
393.7525,393.7889,68437,81899,Rhinolophus ferrumequinum,0.023,0.023,-1,Echolocation,/mnt/ubna_data_01_mir/recover-20220825/UBNA_002/20220823_033000.WAV,Telephone Field,recover-20220825,002,1795
393.7635,393.8027,68437,82248,Rhinolophus ferrumequinum,0.027,0.027,-1,Echolocation,/mnt/ubna_data_01_mir/recover-20220825/UBNA_002/20220823_033000.WAV,Telephone Field,recover-20220825,002,1795
393.7855,393.7916,48671,53795,Pipistrellus pipistrellus,0.023,0.024,-1,Echolocation,/mnt/ubna_data_01_mir/recover-20220825/UBNA_002/20220823_033000.WAV,Telephone Field,recover-20220825,002,1795
393.7895,393.827,68437,81744,Rhinolophus ferrumequinum,0.022,0.022,-1,Echolocation,/mnt/ubna_data_01_mir/recover-20220825/UBNA_002/20220823_033000.WAV,Telephone Field,recover-20220825,002,1795
393.8025,393.8113,28046,39440,Eptesicus serotinus,0.008,0.022,-1,Echolocation,/mnt/ubna_data_01_mir/recover-20220825/UBNA_002/20220823_033000.WAV,Telephone Field,recover-20220825,002,1795
393.8025,393.8418,68437,81808,Rhinolophus ferrumequinum,0.03,0.03,-1,Echolocation,/mnt/ubna_data_01_mir/recover-20220825/UBNA_002/20220823_033000.WAV,Telephone Field,recover-20220825,002,1795
393.8185,393.8299,40078,44677,Pipistrellus nathusii,0.016,0.03,-1,Echolocation,/mnt/ubna_data_01_mir/recover-20220825/UBNA_002/20220823_033000.WAV,Telephone Field,recover-20220825,002,1795
393.8405,393.8814,68437,82864,Rhinolophus ferrumequinum,0.031,0.032,-1,Echolocation,/mnt/ubna_data_01_mir/recover-20220825/UBNA_002/20220823_033000.WAV,Telephone Field,recover-20220825,002,1795
393.8585,393.8963,68437,81416,Rhinolophus ferrumequinum,0.022,0.022,-1,Echolocation,/mnt/ubna_data_01_mir/recover-20220825/UBNA_002/20220823_033000.WAV,Telephone Field,recover-20220825,002,1795
393.9005,393.9134,22031,25805,Nyctalus leisleri,0.015,0.026,-1,Echolocation,/mnt/ubna_data_01_mir/recover-20220825/UBNA_002/20220823_033000.WAV,Telephone Field,recover-20220825,002,1795
393.9355,393.9555,16875,21573,Nyctalus noctula,0.016,0.022,-1,Echolocation,/mnt/ubna_data_01_mir/recover-20220825/UBNA_002/20220823_033000.WAV,Telephone Field,recover-20220825,002,1795
394.0015,394.0323,68437,79783,Rhinolophus ferrumequinum,0.048,0.048,-1,Echolocation,/mnt/ubna_data_01_mir/recover-20220825/UBNA_002/20220823_033000.WAV,Telephone Field,recover-20220825,002,1795
394.0015,394.0093,22890,29233,Nyctalus leisleri,0.012,0.031,-1,Echolocation,/mnt/ubna_data_01_mir/recover-20220825/UBNA_002/20220823_033000.WAV,Telephone Field,recover-20220825,002,1795
394.0015,394.0083,46093,53675,Pipistrellus pipistrellus,0.018,0.023,-1,Echolocation,/mnt/ubna_data_01_mir/recover-20220825/UBNA_002/20220823_033000.WAV,Telephone Field,recover-20220825,002,1795
394.0065,394.0452,68437,81019,Rhinolophus ferrumequinum,0.025,0.025,-1,Echolocation,/mnt/ubna_data_01_mir/recover-20220825/UBNA_002/20220823_033000.WAV,Telephone Field,recover-20220825,002,1795
394.0395,394.08,68437,82426,Rhinolophus ferrumequinum,0.022,0.022,-1,Echolocation,/mnt/ubna_data_01_mir/recover-20220825/UBNA_002/20220823_033000.WAV,Telephone Field,recover-20220825,002,1795
394.1165,394.1253,25468,34102,Eptesicus serotinus,0.007,0.022,-1,Echolocation,/mnt/ubna_data_01_mir/recover-20220825/UBNA_002/20220823_033000.WAV,Telephone Field,recover-20220825,002,1795
394.1415,394.181,68437,82093,Rhinolophus ferrumequinum,0.021,0.021,-1,Echolocation,/mnt/ubna_data_01_mir/recover-20220825/UBNA_002/20220823_033000.WAV,Telephone Field,recover-20220825,002,1795
394.1705,394.2067,68437,80890,Rhinolophus ferrumequinum,0.022,0.022,-1,Echolocation,/mnt/ubna_data_01_mir/recover-20220825/UBNA_002/20220823_033000.WAV,Telephone Field,recover-20220825,002,1795
394.1905,394.2292,68437,81456,Rhinolophus ferrumequinum,0.026,0.026,-1,Echolocation,/mnt/ubna_data_01_mir/recover-20220825/UBNA_002/20220823_033000.WAV,Telephone Field,recover-20220825,002,1795
394.2585,394.3012,68437,82978,Rhinolophus ferrumequinum,0.03,0.03,-1,Echolocation,/mnt/ubna_data_01_mir/recover-20220825/UBNA_002/20220823_033000.WAV,Telephone Field,recover-20220825,002,1795
394.2775,394.3129,68437,81600,Rhinolophus ferrumequinum,0.024,0.024,-1,Echolocation,/mnt/ubna_data_01_mir/recover-20220825/UBNA_002/20220823_033000.WAV,Telephone Field,recover-20220825,002,1795
394.3005,394.3396,68437,82464,Rhinolophus ferrumequinum,0.024,0.024,-1,Echolocation,/mnt/ubna_data_01_mir/recover-20220825/UBNA_002/20220823_033000.WAV,Telephone Field,recover-20220825,002,1795
394.3395,394.3775,68437,82227,Rhinolophus ferrumequinum,0.022,0.022,-1,Echolocation,/mnt/ubna_data_01_mir/recover-20220825/UBNA_002/20220823_033000.WAV,Telephone Field,recover-20220825,002,1795
394.4325,394.4697,68437,82369,Rhinolophus ferrumequinum,0.029,0.029,-1,Echolocation,/mnt/ubna_data_01_mir/recover-20220825/UBNA_002/20220823_033000.WAV,Telephone Field,recover-20220825,002,1795
394.4385,394.4476,45234,50252,Pipistrellus pipistrellus,0.02,0.022,-1,Echolocation,/mnt/ubna_data_01_mir/recover-20220825/UBNA_002/20220823_033000.WAV,Telephone Field,recover-20220825,002,1795
394.4655,394.4723,28046,39204,Eptesicus serotinus,0.006,0.023,-1,Echolocation,/mnt/ubna_data_01_mir/recover-20220825/UBNA_002/20220823_033000.WAV,Telephone Field,recover-20220825,002,1795
394.4805,394.4887,22031,29556,Plecotus austriacus,0.008,0.025,-1,Echolocation,/mnt/ubna_data_01_mir/recover-20220825/UBNA_002/20220823_033000.WAV,Telephone Field,recover-20220825,002,1795
394.4895,394.5274,68437,82341,Rhinolophus ferrumequinum,0.024,0.024,-1,Echolocation,/mnt/ubna_data_01_mir/recover-20220825/UBNA_002/20220823_033000.WAV,Telephone Field,recover-20220825,002,1795
394.4955,394.5349,68437,81831,Rhinolophus ferrumequinum,0.024,0.024,-1,Echolocation,/mnt/ubna_data_01_mir/recover-20220825/UBNA_002/20220823_033000.WAV,Telephone Field,recover-20220825,002,1795
394.5155,394.5248,25468,33737,Eptesicus serotinus,0.008,0.022,-1,Echolocation,/mnt/ubna_data_01_mir/recover-20220825/UBNA_002/20220823_033000.WAV,Telephone Field,recover-20220825,002,1795
394.5525,394.5923,68437,82676,Rhinolophus ferrumequinum,0.023,0.023,-1,Echolocation,/mnt/ubna_data_01_mir/recover-20220825/UBNA_002/20220823_033000.WAV,Telephone Field,recover-20220825,002,1795
394.5765,394.6203,68437,83818,Rhinolophus ferrumequinum,0.034,0.034,-1,Echolocation,/mnt/ubna_data_01_mir/recover-20220825/UBNA_002/20220823_033000.WAV,Telephone Field,recover-20220825,002,1795
394.6365,394.6449,23750,31468,Plecotus austriacus,0.01,0.024,-1,Echolocation,/mnt/ubna_data_01_mir/recover-20220825/UBNA_002/20220823_033000.WAV,Telephone Field,recover-20220825,002,1795
394.6415,394.6808,68437,81878,Rhinolophus ferrumequinum,0.022,0.022,-1,Echolocation,/mnt/ubna_data_01_mir/recover-20220825/UBNA_002/20220823_033000.WAV,Telephone Field,recover-20220825,002,1795
394.6695,394.70889999999997,68437,82013,Rhinolophus ferrumequinum,0.037,0.037,-1,Echolocation,/mnt/ubna_data_01_mir/recover-20220825/UBNA_002/20220823_033000.WAV,Telephone Field,recover-20220825,002,1795
394.7025,394.7094,24609,34839,Plecotus austriacus,0.009,0.026,-1,Echolocation,/mnt/ubna_data_01_mir/recover-20220825/UBNA_002/20220823_033000.WAV,Telephone Field,recover-20220825,002,1795
394.7195,394.7277,28046,39601,Eptesicus serotinus,0.009,0.023,-1,Echolocation,/mnt/ubna_data_01_mir/recover-20220825/UBNA_002/20220823_033000.WAV,Telephone Field,recover-20220825,002,1795
394.7435,394.77909999999997,68437,82085,Rhinolophus ferrumequinum,0.022,0.022,-1,Echolocation,/mnt/ubna_data_01_mir/recover-20220825/UBNA_002/20220823_033000.WAV,Telephone Field,recover-20220825,002,1795
394.7625,394.8032,68437,82744,Rhinolophus ferrumequinum,0.031,0.031,-1,Echolocation,/mnt/ubna_data_01_mir/recover-20220825/UBNA_002/20220823_033000.WAV,Telephone Field,recover-20220825,002,1795
394.7815,394.8236,68437,82787,Rhinolophus ferrumequinum,0.032,0.032,-1,Echolocation,/mnt/ubna_data_01_mir/recover-20220825/UBNA_002/20220823_033000.WAV,Telephone Field,recover-20220825,002,1795
394.8125,394.8512,68437,82300,Rhinolophus ferrumequinum,0.026,0.026,-1,Echolocation,/mnt/ubna_data_01_mir/recover-20220825/UBNA_002/20220823_033000.WAV,Telephone Field,recover-20220825,002,1795
394.8145,394.8252,45234,50817,Pipistrellus pipistrellus,0.017,0.027,-1,Echolocation,/mnt/ubna_data_01_mir/recover-20220825/UBNA_002/20220823_033000.WAV,Telephone Field,recover-20220825,002,1795
394.8165,394.8235,28046,44349,Eptesicus serotinus,0.006,0.024,-1,Echolocation,/mnt/ubna_data_01_mir/recover-20220825/UBNA_002/20220823_033000.WAV,Telephone Field,recover-20220825,002,1795
394.8405,394.8728,68437,80555,Rhinolophus ferrumequinum,0.022,0.022,-1,Echolocation,/mnt/ubna_data_01_mir/recover-20220825/UBNA_002/20220823_033000.WAV,Telephone Field,recover-20220825,002,1795
394.8625,394.9056,68437,82998,Rhinolophus ferrumequinum,0.037,0.037,-1,Echolocation,/mnt/ubna_data_01_mir/recover-20220825/UBNA_002/20220823_033000.WAV,Telephone Field,recover-20220825,002,1795
394.8875,394.897,28906,37124,Eptesicus serotinus,0.01,0.023,-1,Echolocation,/mnt/ubna_data_01_mir/recover-20220825/UBNA_002/20220823_033000.WAV,Telephone Field,recover-20220825,002,1795
394.9535,394.9646,22890,28063,Nyctalus leisleri,0.014,0.03,-1,Echolocation,/mnt/ubna_data_01_mir/recover-20220825/UBNA_002/20220823_033000.WAV,Telephone Field,recover-20220825,002,1795
394.9535,394.9618,45234,49239,Pipistrellus pipistrellus,0.021,0.022,-1,Echolocation,/mnt/ubna_data_01_mir/recover-20220825/UBNA_002/20220823_033000.WAV,Telephone Field,recover-20220825,002,1795
394.9835,395.0232,68437,82666,Rhinolophus ferrumequinum,0.024,0.024,-1,Echolocation,/mnt/ubna_data_01_mir/recover-20220825/UBNA_002/20220823_033000.WAV,Telephone Field,recover-20220825,002,1795
394.9905,395.0314,68437,83005,Rhinolophus ferrumequinum,0.025,0.025,-1,Echolocation,/mnt/ubna_data_01_mir/recover-20220825/UBNA_002/20220823_033000.WAV,Telephone Field,recover-20220825,002,1795
395.0185,395.0279,26328,34642,Eptesicus serotinus,0.011,0.025,-1,Echolocation,/mnt/ubna_data_01_mir/recover-20220825/UBNA_002/20220823_033000.WAV,Telephone Field,recover-20220825,002,1795
395.0535,395.063,28046,40993,Eptesicus serotinus,0.01,0.025,-1,Echolocation,/mnt/ubna_data_01_mir/recover-20220825/UBNA_002/20220823_033000.WAV,Telephone Field,recover-20220825,002,1795
395.0545,395.0958,68437,83402,Rhinolophus ferrumequinum,0.028,0.028,-1,Echolocation,/mnt/ubna_data_01_mir/recover-20220825/UBNA_002/20220823_033000.WAV,Telephone Field,recover-20220825,002,1795
395.0555,395.064,33203,41681,Myotis daubentonii,0.007,0.025,-1,Echolocation,/mnt/ubna_data_01_mir/recover-20220825/UBNA_002/20220823_033000.WAV,Telephone Field,recover-20220825,002,1795
395.0835,395.1234,68437,82658,Rhinolophus ferrumequinum,0.033,0.034,-1,Echolocation,/mnt/ubna_data_01_mir/recover-20220825/UBNA_002/20220823_033000.WAV,Telephone Field,recover-20220825,002,1795
395.1255,395.1689,68437,83613,Rhinolophus ferrumequinum,0.043,0.043,-1,Echolocation,/mnt/ubna_data_01_mir/recover-20220825/UBNA_002/20220823_033000.WAV,Telephone Field,recover-20220825,002,1795
395.1255,395.1347,28046,36215,Eptesicus serotinus,0.009,0.022,-1,Echolocation,/mnt/ubna_data_01_mir/recover-20220825/UBNA_002/20220823_033000.WAV,Telephone Field,recover-20220825,002,1795
395.1415,395.1516,23750,29657,Nyctalus leisleri,0.01,0.024,-1,Echolocation,/mnt/ubna_data_01_mir/recover-20220825/UBNA_002/20220823_033000.WAV,Telephone Field,recover-20220825,002,1795
395.1755,395.2138,68437,81855,Rhinolophus ferrumequinum,0.024,0.024,-1,Echolocation,/mnt/ubna_data_01_mir/recover-20220825/UBNA_002/20220823_033000.WAV,Telephone Field,recover-20220825,002,1795
395.2245,395.2318,28906,39305,Eptesicus serotinus,0.007,0.024,-1,Echolocation,/mnt/ubna_data_01_mir/recover-20220825/UBNA_002/20220823_033000.WAV,Telephone Field,recover-20220825,002,1795
395.2425,395.2841,68437,83102,Rhinolophus ferrumequinum,0.032,0.032,-1,Echolocation,/mnt/ubna_data_01_mir/recover-20220825/UBNA_002/20220823_033000.WAV,Telephone Field,recover-20220825,002,1795
395.2745,395.313,68437,82115,Rhinolophus ferrumequinum,0.023,0.023,-1,Echolocation,/mnt/ubna_data_01_mir/recover-20220825/UBNA_002/20220823_033000.WAV,Telephone Field,recover-20220825,002,1795
395.2995,395.3105,28906,35985,Eptesicus serotinus,0.014,0.027,-1,Echolocation,/mnt/ubna_data_01_mir/recover-20220825/UBNA_002/20220823_033000.WAV,Telephone Field,recover-20220825,002,1795
395.3075,395.3461,68437,81913,Rhinolophus ferrumequinum,0.021,0.021,-1,Echolocation,/mnt/ubna_data_01_mir/recover-20220825/UBNA_002/20220823_033000.WAV,Telephone Field,recover-20220825,002,1795
395.3385,395.3758,68437,81704,Rhinolophus ferrumequinum,0.025,0.025,-1,Echolocation,/mnt/ubna_data_01_mir/recover-20220825/UBNA_002/20220823_033000.WAV,Telephone Field,recover-20220825,002,1795
395.3475,395.3872,68437,82148,Rhinolophus ferrumequinum,0.025,0.025,-1,Echolocation,/mnt/ubna_data_01_mir/recover-20220825/UBNA_002/20220823_033000.WAV,Telephone Field,recover-20220825,002,1795
395.4345,395.4755,68437,82480,Rhinolophus ferrumequinum,0.022,0.022,-1,Echolocation,/mnt/ubna_data_01_mir/recover-20220825/UBNA_002/20220823_033000.WAV,Telephone Field,recover-20220825,002,1795
395.4765,395.5186,68437,83251,Rhinolophus ferrumequinum,0.032,0.032,-1,Echolocation,/mnt/ubna_data_01_mir/recover-20220825/UBNA_002/20220823_033000.WAV,Telephone Field,recover-20220825,002,1795
395.5035,395.5421,68437,82233,Rhinolophus ferrumequinum,0.027,0.027,-1,Echolocation,/mnt/ubna_data_01_mir/recover-20220825/UBNA_002/20220823_033000.WAV,Telephone Field,recover-20220825,002,1795
395.5045,395.5171,40937,43985,Pipistrellus nathusii,0.028,0.046,-1,Echolocation,/mnt/ubna_data_01_mir/recover-20220825/UBNA_002/20220823_033000.WAV,Telephone Field,recover-20220825,002,1795
395.5405,395.5605,19453,22411,Nyctalus noctula,0.018,0.036,-1,Echolocation,/mnt/ubna_data_01_mir/recover-20220825/UBNA_002/20220823_033000.WAV,Telephone Field,recover-20220825,002,1795
395.5425,395.5804,68437,81435,Rhinolophus ferrumequinum,0.026,0.026,-1,Echolocation,/mnt/ubna_data_01_mir/recover-20220825/UBNA_002/20220823_033000.WAV,Telephone Field,recover-20220825,002,1795
395.5915,395.6317,68437,82499,Rhinolophus ferrumequinum,0.023,0.023,-1,Echolocation,/mnt/ubna_data_01_mir/recover-20220825/UBNA_002/20220823_033000.WAV,Telephone Field,recover-20220825,002,1795
395.6075,395.6234,20312,23647,Nyctalus leisleri,0.015,0.028,-1,Echolocation,/mnt/ubna_data_01_mir/recover-20220825/UBNA_002/20220823_033000.WAV,Telephone Field,recover-20220825,002,1795
395.6275,395.6667,68437,82339,Rhinolophus ferrumequinum,0.022,0.022,-1,Echolocation,/mnt/ubna_data_01_mir/recover-20220825/UBNA_002/20220823_033000.WAV,Telephone Field,recover-20220825,002,1795
395.6595,395.6999,68437,82940,Rhinolophus ferrumequinum,0.026,0.026,-1,Echolocation,/mnt/ubna_data_01_mir/recover-20220825/UBNA_002/20220823_033000.WAV,Telephone Field,recover-20220825,002,1795
395.6695,395.7084,68437,82520,Rhinolophus ferrumequinum,0.022,0.022,-1,Echolocation,/mnt/ubna_data_01_mir/recover-20220825/UBNA_002/20220823_033000.WAV,Telephone Field,recover-20220825,002,1795
395.6845,395.7188,68437,81040,Rhinolophus ferrumequinum,0.024,0.024,-1,Echolocation,/mnt/ubna_data_01_mir/recover-20220825/UBNA_002/20220823_033000.WAV,Telephone Field,recover-20220825,002,1795
395.6855,395.6976,15156,22478,Nyctalus noctula,0.018,0.027,-1,Echolocation,/mnt/ubna_data_01_mir/recover-20220825/UBNA_002/20220823_033000.WAV,Telephone Field,recover-20220825,002,1795
395.7165,395.7566,68437,81869,Rhinolophus ferrumequinum,0.022,0.022,-1,Echolocation,/mnt/ubna_data_01_mir/recover-20220825/UBNA_002/20220823_033000.WAV,Telephone Field,recover-20220825,002,1795
395.7525,395.7905,68437,82330,Rhinolophus ferrumequinum,0.022,0.022,-1,Echolocation,/mnt/ubna_data_01_mir/recover-20220825/UBNA_002/20220823_033000.WAV,Telephone Field,recover-20220825,002,1795
395.7655,395.7732,28046,42883,Eptesicus serotinus,0.007,0.022,-1,Echolocation,/mnt/ubna_data_01_mir/recover-20220825/UBNA_002/20220823_033000.WAV,Telephone Field,recover-20220825,002,1795
395.7915,395.8318,68437,82344,Rhinolophus ferrumequinum,0.027,0.027,-1,Echolocation,/mnt/ubna_data_01_mir/recover-20220825/UBNA_002/20220823_033000.WAV,Telephone Field,recover-20220825,002,1795
395.8035,395.8406,68437,82583,Rhinolophus ferrumequinum,0.026,0.026,-1,Echolocation,/mnt/ubna_data_01_mir/recover-20220825/UBNA_002/20220823_033000.WAV,Telephone Field,recover-20220825,002,1795
395.8825,395.8922,24609,31876,Eptesicus serotinus,0.008,0.024,-1,Echolocation,/mnt/ubna_data_01_mir/recover-20220825/UBNA_002/20220823_033000.WAV,Telephone Field,recover-20220825,002,1795
395.8865,395.9259,68437,82262,Rhinolophus ferrumequinum,0.023,0.023,-1,Echolocation,/mnt/ubna_data_01_mir/recover-20220825/UBNA_002/20220823_033000.WAV,Telephone Field,recover-20220825,002,1795
395.9265,395.9345,48671,53639,Pipistrellus pipistrellus,0.022,0.023,-1,Echolocation,/mnt/ubna_data_01_mir/recover-20220825/UBNA_002/20220823_033000.WAV,Telephone Field,recover-20220825,002,1795
395.9355,395.9425,23750,32448,Plecotus austriacus,0.01,0.023,-1,Echolocation,/mnt/ubna_data_01_mir/recover-20220825/UBNA_002/20220823_033000.WAV,Telephone Field,recover-20220825,002,1795
395.9445,395.9826,68437,82308,Rhinolophus ferrumequinum,0.023,0.023,-1,Echolocation,/mnt/ubna_data_01_mir/recover-20220825/UBNA_002/20220823_033000.WAV,Telephone Field,recover-20220825,002,1795
395.9765,395.9858,24609,33490,Plecotus austriacus,0.007,0.027,-1,Echolocation,/mnt/ubna_data_01_mir/recover-20220825/UBNA_002/20220823_033000.WAV,Telephone Field,recover-20220825,002,1795
395.9785,395.9864,49531,54782,Pipistrellus pipistrellus,0.02,0.023,-1,Echolocation,/mnt/ubna_data_01_mir/recover-20220825/UBNA_002/20220823_033000.WAV,Telephone Field,recover-20220825,002,1795
395.9835,395.9946,24609,32041,Nyctalus leisleri,0.008,0.024,-1,Echolocation,/mnt/ubna_data_01_mir/recover-20220825/UBNA_002/20220823_033000.WAV,Telephone Field,recover-20220825,002,1795
396.0015,396.0085,40937,53819,Myotis brandtii,0.006,0.024,-1,Echolocation,/mnt/ubna_data_01_mir/recover-20220825/UBNA_002/20220823_033000.WAV,Telephone Field,recover-20220825,002,1795
396.0015,396.0114,23750,29181,Nyctalus leisleri,0.026,0.054,-1,Echolocation,/mnt/ubna_data_01_mir/recover-20220825/UBNA_002/20220823_033000.WAV,Telephone Field,recover-20220825,002,1795
396.0015,396.0074,48671,57150,Pipistrellus pipistrellus,0.015,0.023,-1,Echolocation,/mnt/ubna_data_01_mir/recover-20220825/UBNA_002/20220823_033000.WAV,Telephone Field,recover-20220825,002,1795
396.0015,396.03340000000003,68437,80060,Rhinolophus ferrumequinum,0.024,0.024,-1,Echolocation,/mnt/ubna_data_01_mir/recover-20220825/UBNA_002/20220823_033000.WAV,Telephone Field,recover-20220825,002,1795
396.0715,396.109,68437,81020,Rhinolophus ferrumequinum,0.022,0.022,-1,Echolocation,/mnt/ubna_data_01_mir/recover-20220825/UBNA_002/20220823_033000.WAV,Telephone Field,recover-20220825,002,1795
396.0735,396.08389999999997,27187,35331,Eptesicus serotinus,0.01,0.023,-1,Echolocation,/mnt/ubna_data_01_mir/recover-20220825/UBNA_002/20220823_033000.WAV,Telephone Field,recover-20220825,002,1795
396.1325,396.1462,23750,28076,Nyctalus leisleri,0.029,0.049,-1,Echolocation,/mnt/ubna_data_01_mir/recover-20220825/UBNA_002/20220823_033000.WAV,Telephone Field,recover-20220825,002,1795
396.1695,396.1775,27187,38613,Eptesicus serotinus,0.007,0.022,-1,Echolocation,/mnt/ubna_data_01_mir/recover-20220825/UBNA_002/20220823_033000.WAV,Telephone Field,recover-20220825,002,1795
396.1795,396.2188,68437,81825,Rhinolophus ferrumequinum,0.024,0.024,-1,Echolocation,/mnt/ubna_data_01_mir/recover-20220825/UBNA_002/20220823_033000.WAV,Telephone Field,recover-20220825,002,1795
396.1975,396.2358,68437,82063,Rhinolophus ferrumequinum,0.022,0.022,-1,Echolocation,/mnt/ubna_data_01_mir/recover-20220825/UBNA_002/20220823_033000.WAV,Telephone Field,recover-20220825,002,1795
396.2255,396.2619,68437,81161,Rhinolophus ferrumequinum,0.022,0.022,-1,Echolocation,/mnt/ubna_data_01_mir/recover-20220825/UBNA_002/20220823_033000.WAV,Telephone Field,recover-20220825,002,1795
396.2405,396.281,68437,82746,Rhinolophus ferrumequinum,0.04,0.04,-1,Echolocation,/mnt/ubna_data_01_mir/recover-20220825/UBNA_002/20220823_033000.WAV,Telephone Field,recover-20220825,002,1795
396.2525,396.2928,68437,82124,Rhinolophus ferrumequinum,0.024,0.024,-1,Echolocation,/mnt/ubna_data_01_mir/recover-20220825/UBNA_002/20220823_033000.WAV,Telephone Field,recover-20220825,002,1795
396.2555,396.2619,29765,49208,Myotis daubentonii,0.012,0.023,-1,Echolocation,/mnt/ubna_data_01_mir/recover-20220825/UBNA_002/20220823_033000.WAV,Telephone Field,recover-20220825,002,1795
396.3025,396.3101,27187,36165,Eptesicus serotinus,0.007,0.023,-1,Echolocation,/mnt/ubna_data_01_mir/recover-20220825/UBNA_002/20220823_033000.WAV,Telephone Field,recover-20220825,002,1795
396.3415,396.3846,68437,82918,Rhinolophus ferrumequinum,0.023,0.023,-1,Echolocation,/mnt/ubna_data_01_mir/recover-20220825/UBNA_002/20220823_033000.WAV,Telephone Field,recover-20220825,002,1795
396.4615,396.4716,28046,37748,Eptesicus serotinus,0.011,0.023,-1,Echolocation,/mnt/ubna_data_01_mir/recover-20220825/UBNA_002/20220823_033000.WAV,Telephone Field,recover-20220825,002,1795
396.4855,396.496,23750,30025,Nyctalus leisleri,0.011,0.026,-1,Echolocation,/mnt/ubna_data_01_mir/recover-20220825/UBNA_002/20220823_033000.WAV,Telephone Field,recover-20220825,002,1795
396.4915,396.5027,24609,30195,Nyctalus leisleri,0.011,0.025,-1,Echolocation,/mnt/ubna_data_01_mir/recover-20220825/UBNA_002/20220823_033000.WAV,Telephone Field,recover-20220825,002,1795
396.5175,396.5515,68437,81162,Rhinolophus ferrumequinum,0.023,0.023,-1,Echolocation,/mnt/ubna_data_01_mir/recover-20220825/UBNA_002/20220823_033000.WAV,Telephone Field,recover-20220825,002,1795
396.5675,396.6099,68437,82871,Rhinolophus ferrumequinum,0.026,0.026,-1,Echolocation,/mnt/ubna_data_01_mir/recover-20220825/UBNA_002/20220823_033000.WAV,Telephone Field,recover-20220825,002,1795
396.6045,396.6458,68437,82437,Rhinolophus ferrumequinum,0.023,0.023,-1,Echolocation,/mnt/ubna_data_01_mir/recover-20220825/UBNA_002/20220823_033000.WAV,Telephone Field,recover-20220825,002,1795
396.6115,396.6505,68437,82329,Rhinolophus ferrumequinum,0.023,0.023,-1,Echolocation,/mnt/ubna_data_01_mir/recover-20220825/UBNA_002/20220823_033000.WAV,Telephone Field,recover-20220825,002,1795
396.6225,396.631,28046,38967,Eptesicus serotinus,0.007,0.022,-1,Echolocation,/mnt/ubna_data_01_mir/recover-20220825/UBNA_002/20220823_033000.WAV,Telephone Field,recover-20220825,002,1795
396.6345,396.6741,68437,82085,Rhinolophus ferrumequinum,0.022,0.022,-1,Echolocation,/mnt/ubna_data_01_mir/recover-20220825/UBNA_002/20220823_033000.WAV,Telephone Field,recover-20220825,002,1795
396.6365,396.6441,27187,36505,Eptesicus serotinus,0.006,0.022,-1,Echolocation,/mnt/ubna_data_01_mir/recover-20220825/UBNA_002/20220823_033000.WAV,Telephone Field,recover-20220825,002,1795
396.6635,396.6683,36640,48201,Myotis daubentonii,0.016,0.033,-1,Echolocation,/mnt/ubna_data_01_mir/recover-20220825/UBNA_002/20220823_033000.WAV,Telephone Field,recover-20220825,002,1795
396.6655,396.6703,32343,47286,Myotis daubentonii,0.021,0.034,-1,Echolocation,/mnt/ubna_data_01_mir/recover-20220825/UBNA_002/20220823_033000.WAV,Telephone Field,recover-20220825,002,1795
396.6755,396.6874,24609,29708,Nyctalus leisleri,0.015,0.032,-1,Echolocation,/mnt/ubna_data_01_mir/recover-20220825/UBNA_002/20220823_033000.WAV,Telephone Field,recover-20220825,002,1795
396.7095,396.7453,68437,81812,Rhinolophus ferrumequinum,0.022,0.022,-1,Echolocation,/mnt/ubna_data_01_mir/recover-20220825/UBNA_002/20220823_033000.WAV,Telephone Field,recover-20220825,002,1795
396.7245,396.7315,28046,37478,Eptesicus serotinus,0.006,0.023,-1,Echolocation,/mnt/ubna_data_01_mir/recover-20220825/UBNA_002/20220823_033000.WAV,Telephone Field,recover-20220825,002,1795
396.7315,396.7722,68437,82808,Rhinolophus ferrumequinum,0.025,0.025,-1,Echolocation,/mnt/ubna_data_01_mir/recover-20220825/UBNA_002/20220823_033000.WAV,Telephone Field,recover-20220825,002,1795
396.8035,396.8168,23750,27715,Nyctalus leisleri,0.046,0.089,-1,Echolocation,/mnt/ubna_data_01_mir/recover-20220825/UBNA_002/20220823_033000.WAV,Telephone Field,recover-20220825,002,1795
396.8165,396.8476,68437,80328,Rhinolophus ferrumequinum,0.024,0.024,-1,Echolocation,/mnt/ubna_data_01_mir/recover-20220825/UBNA_002/20220823_033000.WAV,Telephone Field,recover-20220825,002,1795
396.8325,396.8387,51250,58806,Pipistrellus pipistrellus,0.017,0.025,-1,Echolocation,/mnt/ubna_data_01_mir/recover-20220825/UBNA_002/20220823_033000.WAV,Telephone Field,recover-20220825,002,1795
396.8455,396.8824,68437,81517,Rhinolophus ferrumequinum,0.025,0.025,-1,Echolocation,/mnt/ubna_data_01_mir/recover-20220825/UBNA_002/20220823_033000.WAV,Telephone Field,recover-20220825,002,1795
396.8565,396.8961,68437,82108,Rhinolophus ferrumequinum,0.029,0.029,-1,Echolocation,/mnt/ubna_data_01_mir/recover-20220825/UBNA_002/20220823_033000.WAV,Telephone Field,recover-20220825,002,1795
396.8625,396.8712,27187,38049,Eptesicus serotinus,0.008,0.023,-1,Echolocation,/mnt/ubna_data_01_mir/recover-20220825/UBNA_002/20220823_033000.WAV,Telephone Field,recover-20220825,002,1795
396.8675,396.9083,68437,82223,Rhinolophus ferrumequinum,0.026,0.026,-1,Echolocation,/mnt/ubna_data_01_mir/recover-20220825/UBNA_002/20220823_033000.WAV,Telephone Field,recover-20220825,002,1795
396.8945,396.9347,68437,82435,Rhinolophus ferrumequinum,0.023,0.023,-1,Echolocation,/mnt/ubna_data_01_mir/recover-20220825/UBNA_002/20220823_033000.WAV,Telephone Field,recover-20220825,002,1795
396.9135,396.9218,46953,55241,Pipistrellus pipistrellus,0.028,0.034,-1,Echolocation,/mnt/ubna_data_01_mir/recover-20220825/UBNA_002/20220823_033000.WAV,Telephone Field,recover-20220825,002,1795
396.9515,396.9583,26328,37615,Eptesicus serotinus,0.005,0.022,-1,Echolocation,/mnt/ubna_data_01_mir/recover-20220825/UBNA_002/20220823_033000.WAV,Telephone Field,recover-20220825,002,1795
396.9535,396.9907,68437,80966,Rhinolophus ferrumequinum,0.024,0.024,-1,Echolocation,/mnt/ubna_data_01_mir/recover-20220825/UBNA_002/20220823_033000.WAV,Telephone Field,recover-20220825,002,1795
396.9965,397.0318,68437,81400,Rhinolophus ferrumequinum,0.022,0.022,-1,Echolocation,/mnt/ubna_data_01_mir/recover-20220825/UBNA_002/20220823_033000.WAV,Telephone Field,recover-20220825,002,1795
397.0005,397.0108,22890,29045,Nyctalus leisleri,0.011,0.028,-1,Echolocation,/mnt/ubna_data_01_mir/recover-20220825/UBNA_002/20220823_033000.WAV,Telephone Field,recover-20220825,002,1795
397.0055,397.044,68437,81938,Rhinolophus ferrumequinum,0.028,0.028,-1,Echolocation,/mnt/ubna_data_01_mir/recover-20220825/UBNA_002/20220823_033000.WAV,Telephone Field,recover-20220825,002,1795
397.0465,397.0514,37500,48587,Myotis daubentonii,0.072,0.117,-1,Echolocation,/mnt/ubna_data_01_mir/recover-20220825/UBNA_002/20220823_033000.WAV,Telephone Field,recover-20220825,002,1795
397.0495,397.0898,68437,82671,Rhinolophus ferrumequinum,0.028,0.028,-1,Echolocation,/mnt/ubna_data_01_mir/recover-20220825/UBNA_002/20220823_033000.WAV,Telephone Field,recover-20220825,002,1795
397.0845,397.0921,27187,40279,Eptesicus serotinus,0.006,0.022,-1,Echolocation,/mnt/ubna_data_01_mir/recover-20220825/UBNA_002/20220823_033000.WAV,Telephone Field,recover-20220825,002,1795
397.1055,397.1431,68437,81344,Rhinolophus ferrumequinum,0.023,0.023,-1,Echolocation,/mnt/ubna_data_01_mir/recover-20220825/UBNA_002/20220823_033000.WAV,Telephone Field,recover-20220825,002,1795
397.1295,397.1407,24609,30810,Nyctalus leisleri,0.014,0.034,-1,Echolocation,/mnt/ubna_data_01_mir/recover-20220825/UBNA_002/20220823_033000.WAV,Telephone Field,recover-20220825,002,1795
397.1445,397.1821,68437,81471,Rhinolophus ferrumequinum,0.025,0.025,-1,Echolocation,/mnt/ubna_data_01_mir/recover-20220825/UBNA_002/20220823_033000.WAV,Telephone Field,recover-20220825,002,1795
397.1785,397.1874,28046,36665,Eptesicus serotinus,0.007,0.022,-1,Echolocation,/mnt/ubna_data_01_mir/recover-20220825/UBNA_002/20220823_033000.WAV,Telephone Field,recover-20220825,002,1795
397.2065,397.2118,34062,49253,Myotis daubentonii,0.032,0.048,-1,Echolocation,/mnt/ubna_data_01_mir/recover-20220825/UBNA_002/20220823_033000.WAV,Telephone Field,recover-20220825,002,1795
397.2075,397.2423,68437,81858,Rhinolophus ferrumequinum,0.022,0.022,-1,Echolocation,/mnt/ubna_data_01_mir/recover-20220825/UBNA_002/20220823_033000.WAV,Telephone Field,recover-20220825,002,1795
397.2305,397.2683,68437,81312,Rhinolophus ferrumequinum,0.022,0.022,-1,Echolocation,/mnt/ubna_data_01_mir/recover-20220825/UBNA_002/20220823_033000.WAV,Telephone Field,recover-20220825,002,1795
397.2335,397.2404,27187,38833,Eptesicus serotinus,0.007,0.027,-1,Echolocation,/mnt/ubna_data_01_mir/recover-20220825/UBNA_002/20220823_033000.WAV,Telephone Field,recover-20220825,002,1795
397.2535,397.262,28046,39235,Eptesicus serotinus,0.008,0.024,-1,Echolocation,/mnt/ubna_data_01_mir/recover-20220825/UBNA_002/20220823_033000.WAV,Telephone Field,recover-20220825,002,1795
397.2565,397.2645,48671,54822,Pipistrellus pipistrellus,0.022,0.024,-1,Echolocation,/mnt/ubna_data_01_mir/recover-20220825/UBNA_002/20220823_033000.WAV,Telephone Field,recover-20220825,002,1795
397.2705,397.2783,27187,36317,Eptesicus serotinus,0.008,0.023,-1,Echolocation,/mnt/ubna_data_01_mir/recover-20220825/UBNA_002/20220823_033000.WAV,Telephone Field,recover-20220825,002,1795
397.2905,397.2961,37500,49800,Myotis daubentonii,0.076,0.169,-1,Echolocation,/mnt/ubna_data_01_mir/recover-20220825/UBNA_002/20220823_033000.WAV,Telephone Field,recover-20220825,002,1795
397.3125,397.3236,22031,27435,Nyctalus leisleri,0.012,0.028,-1,Echolocation,/mnt/ubna_data_01_mir/recover-20220825/UBNA_002/20220823_033000.WAV,Telephone Field,recover-20220825,002,1795
397.3375,397.3444,28046,39333,Eptesicus serotinus,0.006,0.024,-1,Echolocation,/mnt/ubna_data_01_mir/recover-20220825/UBNA_002/20220823_033000.WAV,Telephone Field,recover-20220825,002,1795
397.3375,397.3477,22031,26891,Nyctalus leisleri,0.01,0.023,-1,Echolocation,/mnt/ubna_data_01_mir/recover-20220825/UBNA_002/20220823_033000.WAV,Telephone Field,recover-20220825,002,1795
397.3865,397.3927,34062,44424,Myotis daubentonii,0.013,0.027,-1,Echolocation,/mnt/ubna_data_01_mir/recover-20220825/UBNA_002/20220823_033000.WAV,Telephone Field,recover-20220825,002,1795
397.3895,397.3965,23750,33304,Plecotus austriacus,0.017,0.044,-1,Echolocation,/mnt/ubna_data_01_mir/recover-20220825/UBNA_002/20220823_033000.WAV,Telephone Field,recover-20220825,002,1795
397.3985,397.437,68437,81938,Rhinolophus ferrumequinum,0.023,0.023,-1,Echolocation,/mnt/ubna_data_01_mir/recover-20220825/UBNA_002/20220823_033000.WAV,Telephone Field,recover-20220825,002,1795
397.4455,397.4883,68437,83056,Rhinolophus ferrumequinum,0.022,0.022,-1,Echolocation,/mnt/ubna_data_01_mir/recover-20220825/UBNA_002/20220823_033000.WAV,Telephone Field,recover-20220825,002,1795
397.4715,397.5093,68437,81723,Rhinolophus ferrumequinum,0.022,0.022,-1,Echolocation,/mnt/ubna_data_01_mir/recover-20220825/UBNA_002/20220823_033000.WAV,Telephone Field,recover-20220825,002,1795
397.4835,397.4913,28046,39787,Eptesicus serotinus,0.007,0.025,-1,Echolocation,/mnt/ubna_data_01_mir/recover-20220825/UBNA_002/20220823_033000.WAV,Telephone Field,recover-20220825,002,1795
397.4935,397.5323,68437,82315,Rhinolophus ferrumequinum,0.03,0.03,-1,Echolocation,/mnt/ubna_data_01_mir/recover-20220825/UBNA_002/20220823_033000.WAV,Telephone Field,recover-20220825,002,1795
397.5075,397.5181,28906,36633,Eptesicus serotinus,0.013,0.031,-1,Echolocation,/mnt/ubna_data_01_mir/recover-20220825/UBNA_002/20220823_033000.WAV,Telephone Field,recover-20220825,002,1795
397.5545,397.5909,68437,81544,Rhinolophus ferrumequinum,0.022,0.022,-1,Echolocation,/mnt/ubna_data_01_mir/recover-20220825/UBNA_002/20220823_033000.WAV,Telephone Field,recover-20220825,002,1795
397.5615,397.5694,38359,46250,Pipistrellus nathusii,0.222,0.442,-1,Echolocation,/mnt/ubna_data_01_mir/recover-20220825/UBNA_002/20220823_033000.WAV,Telephone Field,recover-20220825,002,1795
397.5755,397.5846,32343,38981,Myotis daubentonii,0.006,0.025,-1,Echolocation,/mnt/ubna_data_01_mir/recover-20220825/UBNA_002/20220823_033000.WAV,Telephone Field,recover-20220825,002,1795
397.6525,397.6577,36640,47630,Myotis daubentonii,0.106,0.26,-1,Echolocation,/mnt/ubna_data_01_mir/recover-20220825/UBNA_002/20220823_033000.WAV,Telephone Field,recover-20220825,002,1795
397.7045,397.711,27187,38596,Eptesicus serotinus,0.006,0.023,-1,Echolocation,/mnt/ubna_data_01_mir/recover-20220825/UBNA_002/20220823_033000.WAV,Telephone Field,recover-20220825,002,1795
397.7345,397.7422,27187,36080,Eptesicus serotinus,0.008,0.023,-1,Echolocation,/mnt/ubna_data_01_mir/recover-20220825/UBNA_002/20220823_033000.WAV,Telephone Field,recover-20220825,002,1795
397.7465,397.7532,37500,48649,Myotis daubentonii,0.162,0.391,-1,Echolocation,/mnt/ubna_data_01_mir/recover-20220825/UBNA_002/20220823_033000.WAV,Telephone Field,recover-20220825,002,1795
397.8025,397.813,47812,52459,Pipistrellus pipistrellus,0.034,0.037,-1,Echolocation,/mnt/ubna_data_01_mir/recover-20220825/UBNA_002/20220823_033000.WAV,Telephone Field,recover-20220825,002,1795
397.8185,397.857,68437,81658,Rhinolophus ferrumequinum,0.025,0.025,-1,Echolocation,/mnt/ubna_data_01_mir/recover-20220825/UBNA_002/20220823_033000.WAV,Telephone Field,recover-20220825,002,1795
397.8365,397.8422,37500,49945,Myotis daubentonii,0.064,0.13,-1,Echolocation,/mnt/ubna_data_01_mir/recover-20220825/UBNA_002/20220823_033000.WAV,Telephone Field,recover-20220825,002,1795
397.8745,397.9136,68437,81889,Rhinolophus ferrumequinum,0.023,0.023,-1,Echolocation,/mnt/ubna_data_01_mir/recover-20220825/UBNA_002/20220823_033000.WAV,Telephone Field,recover-20220825,002,1795
397.9015,397.942,68437,82943,Rhinolophus ferrumequinum,0.023,0.023,-1,Echolocation,/mnt/ubna_data_01_mir/recover-20220825/UBNA_002/20220823_033000.WAV,Telephone Field,recover-20220825,002,1795
397.9295,397.9369,38359,52105,Pipistrellus nathusii,0.275,0.5,-1,Echolocation,/mnt/ubna_data_01_mir/recover-20220825/UBNA_002/20220823_033000.WAV,Telephone Field,recover-20220825,002,1795
397.9395,397.9762,68437,81620,Rhinolophus ferrumequinum,0.021,0.021,-1,Echolocation,/mnt/ubna_data_01_mir/recover-20220825/UBNA_002/20220823_033000.WAV,Telephone Field,recover-20220825,002,1795
397.9625,397.973,22890,28519,Nyctalus leisleri,0.012,0.027,-1,Echolocation,/mnt/ubna_data_01_mir/recover-20220825/UBNA_002/20220823_033000.WAV,Telephone Field,recover-20220825,002,1795
398.0015,398.0098,25468,34118,Nyctalus leisleri,0.006,0.025,-1,Echolocation,/mnt/ubna_data_01_mir/recover-20220825/UBNA_002/20220823_033000.WAV,Telephone Field,recover-20220825,002,1795
398.0015,398.0307,69296,81156,Rhinolophus ferrumequinum,0.025,0.025,-1,Echolocation,/mnt/ubna_data_01_mir/recover-20220825/UBNA_002/20220823_033000.WAV,Telephone Field,recover-20220825,002,1795
398.0015,398.0101,49531,57571,Pipistrellus pipistrellus,0.015,0.027,-1,Echolocation,/mnt/ubna_data_01_mir/recover-20220825/UBNA_002/20220823_033000.WAV,Telephone Field,recover-20220825,002,1795
398.0215,398.0275,37500,48243,Pipistrellus nathusii,0.2,0.445,-1,Echolocation,/mnt/ubna_data_01_mir/recover-20220825/UBNA_002/20220823_033000.WAV,Telephone Field,recover-20220825,002,1795
398.0355,398.0763,68437,83087,Rhinolophus ferrumequinum,0.023,0.023,-1,Echolocation,/mnt/ubna_data_01_mir/recover-20220825/UBNA_002/20220823_033000.WAV,Telephone Field,recover-20220825,002,1795
398.0405,398.0482,27187,36938,Eptesicus serotinus,0.007,0.023,-1,Echolocation,/mnt/ubna_data_01_mir/recover-20220825/UBNA_002/20220823_033000.WAV,Telephone Field,recover-20220825,002,1795
398.0845,398.0906,31484,44255,Myotis daubentonii,0.011,0.024,-1,Echolocation,/mnt/ubna_data_01_mir/recover-20220825/UBNA_002/20220823_033000.WAV,Telephone Field,recover-20220825,002,1795
398.0895,398.105,22890,26652,Nyctalus leisleri,0.02,0.038,-1,Echolocation,/mnt/ubna_data_01_mir/recover-20220825/UBNA_002/20220823_033000.WAV,Telephone Field,recover-20220825,002,1795
398.1105,398.1456,68437,81034,Rhinolophus ferrumequinum,0.03,0.03,-1,Echolocation,/mnt/ubna_data_01_mir/recover-20220825/UBNA_002/20220823_033000.WAV,Telephone Field,recover-20220825,002,1795
398.1185,398.1244,39218,50243,Pipistrellus nathusii,0.344,0.518,-1,Echolocation,/mnt/ubna_data_01_mir/recover-20220825/UBNA_002/20220823_033000.WAV,Telephone Field,recover-20220825,002,1795
398.1585,398.1665,27187,35651,Eptesicus serotinus,0.007,0.023,-1,Echolocation,/mnt/ubna_data_01_mir/recover-20220825/UBNA_002/20220823_033000.WAV,Telephone Field,recover-20220825,002,1795
398.2095,398.216,39218,49897,Pipistrellus nathusii,0.249,0.447,-1,Echolocation,/mnt/ubna_data_01_mir/recover-20220825/UBNA_002/20220823_033000.WAV,Telephone Field,recover-20220825,002,1795
398.2155,398.2504,68437,81367,Rhinolophus ferrumequinum,0.028,0.028,-1,Echolocation,/mnt/ubna_data_01_mir/recover-20220825/UBNA_002/20220823_033000.WAV,Telephone Field,recover-20220825,002,1795
398.2475,398.2541,27187,38517,Eptesicus serotinus,0.008,0.029,-1,Echolocation,/mnt/ubna_data_01_mir/recover-20220825/UBNA_002/20220823_033000.WAV,Telephone Field,recover-20220825,002,1795
398.2475,398.2816,68437,81571,Rhinolophus ferrumequinum,0.031,0.031,-1,Echolocation,/mnt/ubna_data_01_mir/recover-20220825/UBNA_002/20220823_033000.WAV,Telephone Field,recover-20220825,002,1795
398.2875,398.2947,26328,38307,Eptesicus serotinus,0.008,0.029,-1,Echolocation,/mnt/ubna_data_01_mir/recover-20220825/UBNA_002/20220823_033000.WAV,Telephone Field,recover-20220825,002,1795
398.3075,398.3139,39218,49126,Pipistrellus nathusii,0.23,0.403,-1,Echolocation,/mnt/ubna_data_01_mir/recover-20220825/UBNA_002/20220823_033000.WAV,Telephone Field,recover-20220825,002,1795
398.3205,398.33,27187,34518,Eptesicus serotinus,0.008,0.025,-1,Echolocation,/mnt/ubna_data_01_mir/recover-20220825/UBNA_002/20220823_033000.WAV,Telephone Field,recover-20220825,002,1795
398.4035,398.4105,40937,51588,Pipistrellus nathusii,0.339,0.466,-1,Echolocation,/mnt/ubna_data_01_mir/recover-20220825/UBNA_002/20220823_033000.WAV,Telephone Field,recover-20220825,002,1795
398.4155,398.4233,25468,33704,Eptesicus serotinus,0.008,0.025,-1,Echolocation,/mnt/ubna_data_01_mir/recover-20220825/UBNA_002/20220823_033000.WAV,Telephone Field,recover-20220825,002,1795
398.4605,398.4694,27187,35944,Eptesicus serotinus,0.009,0.026,-1,Echolocation,/mnt/ubna_data_01_mir/recover-20220825/UBNA_002/20220823_033000.WAV,Telephone Field,recover-20220825,002,1795
398.4845,398.4921,26328,36265,Eptesicus serotinus,0.008,0.025,-1,Echolocation,/mnt/ubna_data_01_mir/recover-20220825/UBNA_002/20220823_033000.WAV,Telephone Field,recover-20220825,002,1795
398.4905,398.4994,27187,36888,Eptesicus serotinus,0.009,0.023,-1,Echolocation,/mnt/ubna_data_01_mir/recover-20220825/UBNA_002/20220823_033000.WAV,Telephone Field,recover-20220825,002,1795
398.5025,398.5116,27187,34811,Eptesicus serotinus,0.009,0.023,-1,Echolocation,/mnt/ubna_data_01_mir/recover-20220825/UBNA_002/20220823_033000.WAV,Telephone Field,recover-20220825,002,1795
398.5135,398.5191,39218,51005,Pipistrellus nathusii,0.296,0.508,-1,Echolocation,/mnt/ubna_data_01_mir/recover-20220825/UBNA_002/20220823_033000.WAV,Telephone Field,recover-20220825,002,1795
398.5405,398.5477,26328,37970,Eptesicus serotinus,0.007,0.024,-1,Echolocation,/mnt/ubna_data_01_mir/recover-20220825/UBNA_002/20220823_033000.WAV,Telephone Field,recover-20220825,002,1795
398.5475,398.5551,55546,60119,Pipistrellus pygmaeus,0.024,0.026,-1,Echolocation,/mnt/ubna_data_01_mir/recover-20220825/UBNA_002/20220823_033000.WAV,Telephone Field,recover-20220825,002,1795
398.5575,398.5669,27187,34479,Eptesicus serotinus,0.009,0.023,-1,Echolocation,/mnt/ubna_data_01_mir/recover-20220825/UBNA_002/20220823_033000.WAV,Telephone Field,recover-20220825,002,1795
398.5655,398.573,26328,38233,Myotis daubentonii,0.006,0.023,-1,Echolocation,/mnt/ubna_data_01_mir/recover-20220825/UBNA_002/20220823_033000.WAV,Telephone Field,recover-20220825,002,1795
398.5675,398.574,30625,42486,Myotis daubentonii,0.013,0.023,-1,Echolocation,/mnt/ubna_data_01_mir/recover-20220825/UBNA_002/20220823_033000.WAV,Telephone Field,recover-20220825,002,1795
398.5945,398.6039,53828,58534,Pipistrellus pygmaeus,0.068,0.07,-1,Echolocation,/mnt/ubna_data_01_mir/recover-20220825/UBNA_002/20220823_033000.WAV,Telephone Field,recover-20220825,002,1795
398.5955,398.6016,38359,49325,Pipistrellus nathusii,0.198,0.442,-1,Echolocation,/mnt/ubna_data_01_mir/recover-20220825/UBNA_002/20220823_033000.WAV,Telephone Field,recover-20220825,002,1795
398.6045,398.6114,25468,33615,Eptesicus serotinus,0.006,0.024,-1,Echolocation,/mnt/ubna_data_01_mir/recover-20220825/UBNA_002/20220823_033000.WAV,Telephone Field,recover-20220825,002,1795
398.6355,398.647,23750,29816,Nyctalus leisleri,0.012,0.029,-1,Echolocation,/mnt/ubna_data_01_mir/recover-20220825/UBNA_002/20220823_033000.WAV,Telephone Field,recover-20220825,002,1795
398.6355,398.6452,48671,53020,Pipistrellus pipistrellus,0.019,0.027,-1,Echolocation,/mnt/ubna_data_01_mir/recover-20220825/UBNA_002/20220823_033000.WAV,Telephone Field,recover-20220825,002,1795
398.6815,398.6883,29765,40984,Myotis daubentonii,0.016,0.031,-1,Echolocation,/mnt/ubna_data_01_mir/recover-20220825/UBNA_002/20220823_033000.WAV,Telephone Field,recover-20220825,002,1795
398.6995,398.7373,68437,81865,Rhinolophus ferrumequinum,0.023,0.023,-1,Echolocation,/mnt/ubna_data_01_mir/recover-20220825/UBNA_002/20220823_033000.WAV,Telephone Field,recover-20220825,002,1795
398.7175,398.7233,38359,49041,Pipistrellus nathusii,0.164,0.401,-1,Echolocation,/mnt/ubna_data_01_mir/recover-20220825/UBNA_002/20220823_033000.WAV,Telephone Field,recover-20220825,002,1795
398.7325,398.739,58125,64167,Pipistrellus pygmaeus,0.025,0.025,-1,Echolocation,/mnt/ubna_data_01_mir/recover-20220825/UBNA_002/20220823_033000.WAV,Telephone Field,recover-20220825,002,1795
398.7525,398.7617,27187,35591,Eptesicus serotinus,0.008,0.023,-1,Echolocation,/mnt/ubna_data_01_mir/recover-20220825/UBNA_002/20220823_033000.WAV,Telephone Field,recover-20220825,002,1795
398.7725,398.8135,68437,82834,Rhinolophus ferrumequinum,0.029,0.029,-1,Echolocation,/mnt/ubna_data_01_mir/recover-20220825/UBNA_002/20220823_033000.WAV,Telephone Field,recover-20220825,002,1795
398.7785,398.8221,68437,83565,Rhinolophus ferrumequinum,0.028,0.028,-1,Echolocation,/mnt/ubna_data_01_mir/recover-20220825/UBNA_002/20220823_033000.WAV,Telephone Field,recover-20220825,002,1795
398.7935,398.8009,39218,48993,Myotis daubentonii,0.009,0.028,-1,Echolocation,/mnt/ubna_data_01_mir/recover-20220825/UBNA_002/20220823_033000.WAV,Telephone Field,recover-20220825,002,1795
398.7965,398.803,32343,48843,Myotis daubentonii,0.018,0.028,-1,Echolocation,/mnt/ubna_data_01_mir/recover-20220825/UBNA_002/20220823_033000.WAV,Telephone Field,recover-20220825,002,1795
398.8075,398.8466,68437,82151,Rhinolophus ferrumequinum,0.023,0.023,-1,Echolocation,/mnt/ubna_data_01_mir/recover-20220825/UBNA_002/20220823_033000.WAV,Telephone Field,recover-20220825,002,1795
398.8285,398.8363,44375,52111,Pipistrellus pipistrellus,0.012,0.029,-1,Echolocation,/mnt/ubna_data_01_mir/recover-20220825/UBNA_002/20220823_033000.WAV,Telephone Field,recover-20220825,002,1795
398.8315,398.8403,33203,41026,Pipistrellus nathusii,0.008,0.025,-1,Echolocation,/mnt/ubna_data_01_mir/recover-20220825/UBNA_002/20220823_033000.WAV,Telephone Field,recover-20220825,002,1795
398.8475,398.8567,27187,37336,Eptesicus serotinus,0.01,0.024,-1,Echolocation,/mnt/ubna_data_01_mir/recover-20220825/UBNA_002/20220823_033000.WAV,Telephone Field,recover-20220825,002,1795
398.8745,398.8815,41796,52631,Pipistrellus nathusii,0.01,0.026,-1,Echolocation,/mnt/ubna_data_01_mir/recover-20220825/UBNA_002/20220823_033000.WAV,Telephone Field,recover-20220825,002,1795
398.8835,398.8941,23750,29042,Nyctalus leisleri,0.012,0.026,-1,Echolocation,/mnt/ubna_data_01_mir/recover-20220825/UBNA_002/20220823_033000.WAV,Telephone Field,recover-20220825,002,1795
398.8925,398.9339,68437,82330,Rhinolophus ferrumequinum,0.024,0.024,-1,Echolocation,/mnt/ubna_data_01_mir/recover-20220825/UBNA_002/20220823_033000.WAV,Telephone Field,recover-20220825,002,1795
398.9045,398.916,34921,40432,Pipistrellus nathusii,0.019,0.041,-1,Echolocation,/mnt/ubna_data_01_mir/recover-20220825/UBNA_002/20220823_033000.WAV,Telephone Field,recover-20220825,002,1795
398.9105,398.9197,40937,45814,Pipistrellus nathusii,0.019,0.034,-1,Echolocation,/mnt/ubna_data_01_mir/recover-20220825/UBNA_002/20220823_033000.WAV,Telephone Field,recover-20220825,002,1795
398.9285,398.9355,48671,56678,Pipistrellus pipistrellus,0.025,0.032,-1,Echolocation,/mnt/ubna_data_01_mir/recover-20220825/UBNA_002/20220823_033000.WAV,Telephone Field,recover-20220825,002,1795
398.9395,398.9499,26328,34184,Eptesicus serotinus,0.01,0.024,-1,Echolocation,/mnt/ubna_data_01_mir/recover-20220825/UBNA_002/20220823_033000.WAV,Telephone Field,recover-20220825,002,1795
398.9915,399.0279,68437,80974,Rhinolophus ferrumequinum,0.023,0.023,-1,Echolocation,/mnt/ubna_data_01_mir/recover-20220825/UBNA_002/20220823_033000.WAV,Telephone Field,recover-20220825,002,1795
398.9945,399.0024,25468,36176,Eptesicus serotinus,0.007,0.024,-1,Echolocation,/mnt/ubna_data_01_mir/recover-20220825/UBNA_002/20220823_033000.WAV,Telephone Field,recover-20220825,002,1795
398.9945,399.0009,36640,46155,Myotis daubentonii,0.012,0.026,-1,Echolocation,/mnt/ubna_data_01_mir/recover-20220825/UBNA_002/20220823_033000.WAV,Telephone Field,recover-20220825,002,1795
399.0055,399.0462,68437,82984,Rhinolophus ferrumequinum,0.023,0.023,-1,Echolocation,/mnt/ubna_data_01_mir/recover-20220825/UBNA_002/20220823_033000.WAV,Telephone Field,recover-20220825,002,1795
399.0625,399.0689,34062,48245,Myotis daubentonii,0.014,0.032,-1,Echolocation,/mnt/ubna_data_01_mir/recover-20220825/UBNA_002/20220823_033000.WAV,Telephone Field,recover-20220825,002,1795
399.0645,399.0726,25468,34908,Eptesicus serotinus,0.01,0.033,-1,Echolocation,/mnt/ubna_data_01_mir/recover-20220825/UBNA_002/20220823_033000.WAV,Telephone Field,recover-20220825,002,1795
399.0675,399.0855,19453,24556,Nyctalus noctula,0.027,0.049,-1,Echolocation,/mnt/ubna_data_01_mir/recover-20220825/UBNA_002/20220823_033000.WAV,Telephone Field,recover-20220825,002,1795
399.0875,399.1242,68437,82360,Rhinolophus ferrumequinum,0.023,0.023,-1,Echolocation,/mnt/ubna_data_01_mir/recover-20220825/UBNA_002/20220823_033000.WAV,Telephone Field,recover-20220825,002,1795
399.1005,399.1068,30625,40714,Myotis daubentonii,0.02,0.05,-1,Echolocation,/mnt/ubna_data_01_mir/recover-20220825/UBNA_002/20220823_033000.WAV,Telephone Field,recover-20220825,002,1795
399.1165,399.1256,27187,37866,Eptesicus serotinus,0.01,0.026,-1,Echolocation,/mnt/ubna_data_01_mir/recover-20220825/UBNA_002/20220823_033000.WAV,Telephone Field,recover-20220825,002,1795
399.1415,399.1788,68437,82241,Rhinolophus ferrumequinum,0.023,0.023,-1,Echolocation,/mnt/ubna_data_01_mir/recover-20220825/UBNA_002/20220823_033000.WAV,Telephone Field,recover-20220825,002,1795
399.1935,399.2012,26328,35941,Eptesicus serotinus,0.007,0.024,-1,Echolocation,/mnt/ubna_data_01_mir/recover-20220825/UBNA_002/20220823_033000.WAV,Telephone Field,recover-20220825,002,1795
399.1955,399.2356,68437,82530,Rhinolophus ferrumequinum,0.028,0.028,-1,Echolocation,/mnt/ubna_data_01_mir/recover-20220825/UBNA_002/20220823_033000.WAV,Telephone Field,recover-20220825,002,1795
399.20550000000003,399.2128,42656,54888,Myotis brandtii,0.009,0.024,-1,Echolocation,/mnt/ubna_data_01_mir/recover-20220825/UBNA_002/20220823_033000.WAV,Telephone Field,recover-20220825,002,1795
399.2095,399.2155,30625,44904,Myotis daubentonii,0.015,0.03,-1,Echolocation,/mnt/ubna_data_01_mir/recover-20220825/UBNA_002/20220823_033000.WAV,Telephone Field,recover-20220825,002,1795
399.2365,399.2433,26328,36770,Eptesicus serotinus,0.008,0.03,-1,Echolocation,/mnt/ubna_data_01_mir/recover-20220825/UBNA_002/20220823_033000.WAV,Telephone Field,recover-20220825,002,1795
399.2415,399.282,68437,82685,Rhinolophus ferrumequinum,0.026,0.026,-1,Echolocation,/mnt/ubna_data_01_mir/recover-20220825/UBNA_002/20220823_033000.WAV,Telephone Field,recover-20220825,002,1795
399.2635,399.2703,30625,43820,Myotis daubentonii,0.014,0.031,-1,Echolocation,/mnt/ubna_data_01_mir/recover-20220825/UBNA_002/20220823_033000.WAV,Telephone Field,recover-20220825,002,1795
399.2735,399.3126,68437,82591,Rhinolophus ferrumequinum,0.028,0.028,-1,Echolocation,/mnt/ubna_data_01_mir/recover-20220825/UBNA_002/20220823_033000.WAV,Telephone Field,recover-20220825,002,1795
399.2905,399.2984,43515,48408,Pipistrellus nathusii,0.241,0.272,-1,Echolocation,/mnt/ubna_data_01_mir/recover-20220825/UBNA_002/20220823_033000.WAV,Telephone Field,recover-20220825,002,1795
399.3175,399.3552,68437,82392,Rhinolophus ferrumequinum,0.024,0.024,-1,Echolocation,/mnt/ubna_data_01_mir/recover-20220825/UBNA_002/20220823_033000.WAV,Telephone Field,recover-20220825,002,1795
399.3185,399.3259,29765,44413,Myotis daubentonii,0.013,0.024,-1,Echolocation,/mnt/ubna_data_01_mir/recover-20220825/UBNA_002/20220823_033000.WAV,Telephone Field,recover-20220825,002,1795
399.3575,399.3695,15156,21156,Nyctalus noctula,0.021,0.036,-1,Echolocation,/mnt/ubna_data_01_mir/recover-20220825/UBNA_002/20220823_033000.WAV,Telephone Field,recover-20220825,002,1795
399.3655,399.3719,40937,52602,Pipistrellus nathusii,0.188,0.333,-1,Echolocation,/mnt/ubna_data_01_mir/recover-20220825/UBNA_002/20220823_033000.WAV,Telephone Field,recover-20220825,002,1795
399.3825,399.3905,26328,34891,Eptesicus serotinus,0.015,0.037,-1,Echolocation,/mnt/ubna_data_01_mir/recover-20220825/UBNA_002/20220823_033000.WAV,Telephone Field,recover-20220825,002,1795
399.4055,399.4129,26328,36742,Eptesicus serotinus,0.007,0.027,-1,Echolocation,/mnt/ubna_data_01_mir/recover-20220825/UBNA_002/20220823_033000.WAV,Telephone Field,recover-20220825,002,1795
399.4075,399.4143,46093,56918,Pipistrellus pipistrellus,0.02,0.037,-1,Echolocation,/mnt/ubna_data_01_mir/recover-20220825/UBNA_002/20220823_033000.WAV,Telephone Field,recover-20220825,002,1795
399.4285,399.4356,31484,42748,Myotis daubentonii,0.011,0.023,-1,Echolocation,/mnt/ubna_data_01_mir/recover-20220825/UBNA_002/20220823_033000.WAV,Telephone Field,recover-20220825,002,1795
399.4465,399.4536,41796,52057,Pipistrellus nathusii,0.17,0.305,-1,Echolocation,/mnt/ubna_data_01_mir/recover-20220825/UBNA_002/20220823_033000.WAV,Telephone Field,recover-20220825,002,1795
399.5365,399.5435,38359,46081,Myotis daubentonii,0.012,0.033,-1,Echolocation,/mnt/ubna_data_01_mir/recover-20220825/UBNA_002/20220823_033000.WAV,Telephone Field,recover-20220825,002,1795
399.5745,399.582,26328,39021,Eptesicus serotinus,0.008,0.025,-1,Echolocation,/mnt/ubna_data_01_mir/recover-20220825/UBNA_002/20220823_033000.WAV,Telephone Field,recover-20220825,002,1795
399.5965,399.6017,39218,52817,Myotis brandtii,0.075,0.197,-1,Echolocation,/mnt/ubna_data_01_mir/recover-20220825/UBNA_002/20220823_033000.WAV,Telephone Field,recover-20220825,002,1795
399.6125,399.6199,26328,39023,Eptesicus serotinus,0.007,0.023,-1,Echolocation,/mnt/ubna_data_01_mir/recover-20220825/UBNA_002/20220823_033000.WAV,Telephone Field,recover-20220825,002,1795
399.6145,399.6209,30625,49898,Myotis daubentonii,0.014,0.023,-1,Echolocation,/mnt/ubna_data_01_mir/recover-20220825/UBNA_002/20220823_033000.WAV,Telephone Field,recover-20220825,002,1795
399.6455,399.6514,35781,57137,Myotis brandtii,0.01,0.023,-1,Echolocation,/mnt/ubna_data_01_mir/recover-20220825/UBNA_002/20220823_033000.WAV,Telephone Field,recover-20220825,002,1795
399.6595,399.6652,40937,49605,Pipistrellus nathusii,0.411,0.48,-1,Echolocation,/mnt/ubna_data_01_mir/recover-20220825/UBNA_002/20220823_033000.WAV,Telephone Field,recover-20220825,002,1795
399.6785,399.6973,20312,22938,Nyctalus leisleri,0.014,0.023,-1,Echolocation,/mnt/ubna_data_01_mir/recover-20220825/UBNA_002/20220823_033000.WAV,Telephone Field,recover-20220825,002,1795
399.6985,399.7057,28906,45385,Myotis daubentonii,0.013,0.023,-1,Echolocation,/mnt/ubna_data_01_mir/recover-20220825/UBNA_002/20220823_033000.WAV,Telephone Field,recover-20220825,002,1795
399.7145,399.7508,68437,80753,Rhinolophus ferrumequinum,0.025,0.025,-1,Echolocation,/mnt/ubna_data_01_mir/recover-20220825/UBNA_002/20220823_033000.WAV,Telephone Field,recover-20220825,002,1795
399.7305,399.7381,51250,57447,Pipistrellus pipistrellus,0.02,0.026,-1,Echolocation,/mnt/ubna_data_01_mir/recover-20220825/UBNA_002/20220823_033000.WAV,Telephone Field,recover-20220825,002,1795
399.7365,399.7432,47812,52333,Pipistrellus pipistrellus,0.017,0.027,-1,Echolocation,/mnt/ubna_data_01_mir/recover-20220825/UBNA_002/20220823_033000.WAV,Telephone Field,recover-20220825,002,1795
399.7405,399.7465,34062,54878,Pipistrellus nathusii,0.199,0.493,-1,Echolocation,/mnt/ubna_data_01_mir/recover-20220825/UBNA_002/20220823_033000.WAV,Telephone Field,recover-20220825,002,1795
399.7825,399.822,68437,82664,Rhinolophus ferrumequinum,0.024,0.024,-1,Echolocation,/mnt/ubna_data_01_mir/recover-20220825/UBNA_002/20220823_033000.WAV,Telephone Field,recover-20220825,002,1795
399.7825,399.792,27187,38260,Eptesicus serotinus,0.01,0.023,-1,Echolocation,/mnt/ubna_data_01_mir/recover-20220825/UBNA_002/20220823_033000.WAV,Telephone Field,recover-20220825,002,1795
399.7995,399.808,27187,37172,Eptesicus serotinus,0.013,0.033,-1,Echolocation,/mnt/ubna_data_01_mir/recover-20220825/UBNA_002/20220823_033000.WAV,Telephone Field,recover-20220825,002,1795
399.8245,399.8306,36640,47838,Pipistrellus nathusii,0.211,0.53,-1,Echolocation,/mnt/ubna_data_01_mir/recover-20220825/UBNA_002/20220823_033000.WAV,Telephone Field,recover-20220825,002,1795
399.8275,399.8361,50390,55502,Pipistrellus pipistrellus,0.014,0.026,-1,Echolocation,/mnt/ubna_data_01_mir/recover-20220825/UBNA_002/20220823_033000.WAV,Telephone Field,recover-20220825,002,1795
399.8575,399.8673,24609,32451,Eptesicus serotinus,0.009,0.026,-1,Echolocation,/mnt/ubna_data_01_mir/recover-20220825/UBNA_002/20220823_033000.WAV,Telephone Field,recover-20220825,002,1795
399.8585,399.8983,68437,82158,Rhinolophus ferrumequinum,0.023,0.023,-1,Echolocation,/mnt/ubna_data_01_mir/recover-20220825/UBNA_002/20220823_033000.WAV,Telephone Field,recover-20220825,002,1795
399.9085,399.9146,37500,49743,Pipistrellus nathusii,0.226,0.508,-1,Echolocation,/mnt/ubna_data_01_mir/recover-20220825/UBNA_002/20220823_033000.WAV,Telephone Field,recover-20220825,002,1795
400.0015,400.0328,68437,79547,Rhinolophus ferrumequinum,0.061,0.062,-1,Echolocation,/mnt/ubna_data_01_mir/recover-20220825/UBNA_002/20220823_033000.WAV,Telephone Field,recover-20220825,002,1795
400.0015,400.0079,38359,47360,Myotis daubentonii,0.008,0.026,-1,Echolocation,/mnt/ubna_data_01_mir/recover-20220825/UBNA_002/20220823_033000.WAV,Telephone Field,recover-20220825,002,1795
400.0015,400.0097,24609,32916,Nyctalus leisleri,0.015,0.05,-1,Echolocation,/mnt/ubna_data_01_mir/recover-20220825/UBNA_002/20220823_033000.WAV,Telephone Field,recover-20220825,002,1795
400.0015,400.0105,47812,54018,Pipistrellus pipistrellus,0.016,0.024,-1,Echolocation,/mnt/ubna_data_01_mir/recover-20220825/UBNA_002/20220823_033000.WAV,Telephone Field,recover-20220825,002,1795
400.0335,400.072,68437,82343,Rhinolophus ferrumequinum,0.021,0.022,-1,Echolocation,/mnt/ubna_data_01_mir/recover-20220825/UBNA_002/20220823_033000.WAV,Telephone Field,recover-20220825,002,1795
400.0575,400.0977,68437,82233,Rhinolophus ferrumequinum,0.026,0.026,-1,Echolocation,/mnt/ubna_data_01_mir/recover-20220825/UBNA_002/20220823_033000.WAV,Telephone Field,recover-20220825,002,1795
400.0695,400.0807,22031,26366,Nyctalus leisleri,0.011,0.022,-1,Echolocation,/mnt/ubna_data_01_mir/recover-20220825/UBNA_002/20220823_033000.WAV,Telephone Field,recover-20220825,002,1795
400.0855,400.0908,38359,47566,Pipistrellus nathusii,0.15,0.376,-1,Echolocation,/mnt/ubna_data_01_mir/recover-20220825/UBNA_002/20220823_033000.WAV,Telephone Field,recover-20220825,002,1795
400.0945,400.101,27187,35346,Eptesicus serotinus,0.005,0.022,-1,Echolocation,/mnt/ubna_data_01_mir/recover-20220825/UBNA_002/20220823_033000.WAV,Telephone Field,recover-20220825,002,1795
400.1175,400.1564,68437,82162,Rhinolophus ferrumequinum,0.028,0.028,-1,Echolocation,/mnt/ubna_data_01_mir/recover-20220825/UBNA_002/20220823_033000.WAV,Telephone Field,recover-20220825,002,1795
400.1535,400.1631,27187,36206,Eptesicus serotinus,0.008,0.021,-1,Echolocation,/mnt/ubna_data_01_mir/recover-20220825/UBNA_002/20220823_033000.WAV,Telephone Field,recover-20220825,002,1795
400.1635,400.2033,68437,82628,Rhinolophus ferrumequinum,0.024,0.024,-1,Echolocation,/mnt/ubna_data_01_mir/recover-20220825/UBNA_002/20220823_033000.WAV,Telephone Field,recover-20220825,002,1795
400.1705,400.1756,35781,49578,Barbastellus barbastellus,0.125,0.377,-1,Echolocation,/mnt/ubna_data_01_mir/recover-20220825/UBNA_002/20220823_033000.WAV,Telephone Field,recover-20220825,002,1795
400.2035,400.2414,68437,81277,Rhinolophus ferrumequinum,0.023,0.023,-1,Echolocation,/mnt/ubna_data_01_mir/recover-20220825/UBNA_002/20220823_033000.WAV,Telephone Field,recover-20220825,002,1795
400.2155,400.2536,68437,82000,Rhinolophus ferrumequinum,0.025,0.025,-1,Echolocation,/mnt/ubna_data_01_mir/recover-20220825/UBNA_002/20220823_033000.WAV,Telephone Field,recover-20220825,002,1795
400.2665,400.3038,68437,82351,Rhinolophus ferrumequinum,0.022,0.022,-1,Echolocation,/mnt/ubna_data_01_mir/recover-20220825/UBNA_002/20220823_033000.WAV,Telephone Field,recover-20220825,002,1795
400.2705,400.2799,28046,36828,Eptesicus serotinus,0.011,0.025,-1,Echolocation,/mnt/ubna_data_01_mir/recover-20220825/UBNA_002/20220823_033000.WAV,Telephone Field,recover-20220825,002,1795
400.2935,400.3304,68437,81657,Rhinolophus ferrumequinum,0.023,0.023,-1,Echolocation,/mnt/ubna_data_01_mir/recover-20220825/UBNA_002/20220823_033000.WAV,Telephone Field,recover-20220825,002,1795
400.3215,400.3594,68437,82662,Rhinolophus ferrumequinum,0.024,0.024,-1,Echolocation,/mnt/ubna_data_01_mir/recover-20220825/UBNA_002/20220823_033000.WAV,Telephone Field,recover-20220825,002,1795
400.3275,400.3392,22031,26817,Nyctalus leisleri,0.011,0.022,-1,Echolocation,/mnt/ubna_data_01_mir/recover-20220825/UBNA_002/20220823_033000.WAV,Telephone Field,recover-20220825,002,1795
400.3465,400.3845,68437,82316,Rhinolophus ferrumequinum,0.028,0.028,-1,Echolocation,/mnt/ubna_data_01_mir/recover-20220825/UBNA_002/20220823_033000.WAV,Telephone Field,recover-20220825,002,1795
400.3565,400.3618,34921,46447,Myotis daubentonii,0.015,0.037,-1,Echolocation,/mnt/ubna_data_01_mir/recover-20220825/UBNA_002/20220823_033000.WAV,Telephone Field,recover-20220825,002,1795
400.3565,400.3642,27187,41697,Eptesicus serotinus,0.01,0.034,-1,Echolocation,/mnt/ubna_data_01_mir/recover-20220825/UBNA_002/20220823_033000.WAV,Telephone Field,recover-20220825,002,1795
400.3755,400.4123,68437,81750,Rhinolophus ferrumequinum,0.024,0.024,-1,Echolocation,/mnt/ubna_data_01_mir/recover-20220825/UBNA_002/20220823_033000.WAV,Telephone Field,recover-20220825,002,1795
400.3985,400.4357,68437,82140,Rhinolophus ferrumequinum,0.03,0.03,-1,Echolocation,/mnt/ubna_data_01_mir/recover-20220825/UBNA_002/20220823_033000.WAV,Telephone Field,recover-20220825,002,1795
400.3995,400.4066,27187,38475,Eptesicus serotinus,0.007,0.023,-1,Echolocation,/mnt/ubna_data_01_mir/recover-20220825/UBNA_002/20220823_033000.WAV,Telephone Field,recover-20220825,002,1795
400.4005,400.407,47812,58260,Pipistrellus pipistrellus,0.018,0.021,-1,Echolocation,/mnt/ubna_data_01_mir/recover-20220825/UBNA_002/20220823_033000.WAV,Telephone Field,recover-20220825,002,1795
400.4335,400.4466,22890,26778,Nyctalus leisleri,0.015,0.025,-1,Echolocation,/mnt/ubna_data_01_mir/recover-20220825/UBNA_002/20220823_033000.WAV,Telephone Field,recover-20220825,002,1795
400.4775,400.5178,68437,82799,Rhinolophus ferrumequinum,0.032,0.032,-1,Echolocation,/mnt/ubna_data_01_mir/recover-20220825/UBNA_002/20220823_033000.WAV,Telephone Field,recover-20220825,002,1795
400.4865,400.5243,68437,81770,Rhinolophus ferrumequinum,0.024,0.024,-1,Echolocation,/mnt/ubna_data_01_mir/recover-20220825/UBNA_002/20220823_033000.WAV,Telephone Field,recover-20220825,002,1795
400.5155,400.5303,27187,31645,Eptesicus serotinus,0.026,0.059,-1,Echolocation,/mnt/ubna_data_01_mir/recover-20220825/UBNA_002/20220823_033000.WAV,Telephone Field,recover-20220825,002,1795
400.5525,400.5618,25468,33762,Eptesicus serotinus,0.01,0.025,-1,Echolocation,/mnt/ubna_data_01_mir/recover-20220825/UBNA_002/20220823_033000.WAV,Telephone Field,recover-20220825,002,1795
400.6045,400.6442,68437,82411,Rhinolophus ferrumequinum,0.021,0.021,-1,Echolocation,/mnt/ubna_data_01_mir/recover-20220825/UBNA_002/20220823_033000.WAV,Telephone Field,recover-20220825,002,1795
400.6055,400.614,26328,35516,Eptesicus serotinus,0.01,0.025,-1,Echolocation,/mnt/ubna_data_01_mir/recover-20220825/UBNA_002/20220823_033000.WAV,Telephone Field,recover-20220825,002,1795
400.6115,400.6473,68437,81362,Rhinolophus ferrumequinum,0.022,0.022,-1,Echolocation,/mnt/ubna_data_01_mir/recover-20220825/UBNA_002/20220823_033000.WAV,Telephone Field,recover-20220825,002,1795
400.6445,400.6845,68437,82684,Rhinolophus ferrumequinum,0.022,0.022,-1,Echolocation,/mnt/ubna_data_01_mir/recover-20220825/UBNA_002/20220823_033000.WAV,Telephone Field,recover-20220825,002,1795
400.6835,400.7233,68437,82318,Rhinolophus ferrumequinum,0.023,0.023,-1,Echolocation,/mnt/ubna_data_01_mir/recover-20220825/UBNA_002/20220823_033000.WAV,Telephone Field,recover-20220825,002,1795
400.6875,400.6957,48671,53055,Pipistrellus pipistrellus,0.023,0.025,-1,Echolocation,/mnt/ubna_data_01_mir/recover-20220825/UBNA_002/20220823_033000.WAV,Telephone Field,recover-20220825,002,1795
400.7525,400.7623,25468,32411,Eptesicus serotinus,0.013,0.029,-1,Echolocation,/mnt/ubna_data_01_mir/recover-20220825/UBNA_002/20220823_033000.WAV,Telephone Field,recover-20220825,002,1795
400.7765,400.8196,68437,83083,Rhinolophus ferrumequinum,0.031,0.031,-1,Echolocation,/mnt/ubna_data_01_mir/recover-20220825/UBNA_002/20220823_033000.WAV,Telephone Field,recover-20220825,002,1795
400.8325,400.8415,46093,50361,Pipistrellus pipistrellus,0.022,0.024,-1,Echolocation,/mnt/ubna_data_01_mir/recover-20220825/UBNA_002/20220823_033000.WAV,Telephone Field,recover-20220825,002,1795
400.8535,400.8629,28906,39776,Eptesicus serotinus,0.01,0.023,-1,Echolocation,/mnt/ubna_data_01_mir/recover-20220825/UBNA_002/20220823_033000.WAV,Telephone Field,recover-20220825,002,1795
400.8555,400.8934,68437,82406,Rhinolophus ferrumequinum,0.021,0.021,-1,Echolocation,/mnt/ubna_data_01_mir/recover-20220825/UBNA_002/20220823_033000.WAV,Telephone Field,recover-20220825,002,1795
400.8615,400.8692,26328,35574,Eptesicus serotinus,0.008,0.023,-1,Echolocation,/mnt/ubna_data_01_mir/recover-20220825/UBNA_002/20220823_033000.WAV,Telephone Field,recover-20220825,002,1795
400.8805,400.91949999999997,68437,82447,Rhinolophus ferrumequinum,0.021,0.022,-1,Echolocation,/mnt/ubna_data_01_mir/recover-20220825/UBNA_002/20220823_033000.WAV,Telephone Field,recover-20220825,002,1795
400.8865,400.9239,68437,82246,Rhinolophus ferrumequinum,0.022,0.022,-1,Echolocation,/mnt/ubna_data_01_mir/recover-20220825/UBNA_002/20220823_033000.WAV,Telephone Field,recover-20220825,002,1795
400.9045,400.9416,68437,82463,Rhinolophus ferrumequinum,0.022,0.022,-1,Echolocation,/mnt/ubna_data_01_mir/recover-20220825/UBNA_002/20220823_033000.WAV,Telephone Field,recover-20220825,002,1795
400.9495,400.98969999999997,68437,83000,Rhinolophus ferrumequinum,0.024,0.024,-1,Echolocation,/mnt/ubna_data_01_mir/recover-20220825/UBNA_002/20220823_033000.WAV,Telephone Field,recover-20220825,002,1795
400.9595,400.9995,68437,82297,Rhinolophus ferrumequinum,0.022,0.022,-1,Echolocation,/mnt/ubna_data_01_mir/recover-20220825/UBNA_002/20220823_033000.WAV,Telephone Field,recover-20220825,002,1795
400.9715,400.9783,28046,41817,Eptesicus serotinus,0.009,0.027,-1,Echolocation,/mnt/ubna_data_01_mir/recover-20220825/UBNA_002/20220823_033000.WAV,Telephone Field,recover-20220825,002,1795
401.0905,401.1274,68437,81864,Rhinolophus ferrumequinum,0.029,0.029,-1,Echolocation,/mnt/ubna_data_01_mir/recover-20220825/UBNA_002/20220823_033000.WAV,Telephone Field,recover-20220825,002,1795
401.0925,401.1014,27187,40433,Eptesicus serotinus,0.009,0.022,-1,Echolocation,/mnt/ubna_data_01_mir/recover-20220825/UBNA_002/20220823_033000.WAV,Telephone Field,recover-20220825,002,1795
401.0985,401.1347,68437,81984,Rhinolophus ferrumequinum,0.022,0.022,-1,Echolocation,/mnt/ubna_data_01_mir/recover-20220825/UBNA_002/20220823_033000.WAV,Telephone Field,recover-20220825,002,1795
401.1205,401.1612,68437,83200,Rhinolophus ferrumequinum,0.035,0.035,-1,Echolocation,/mnt/ubna_data_01_mir/recover-20220825/UBNA_002/20220823_033000.WAV,Telephone Field,recover-20220825,002,1795
401.1825,401.2215,68437,82063,Rhinolophus ferrumequinum,0.021,0.021,-1,Echolocation,/mnt/ubna_data_01_mir/recover-20220825/UBNA_002/20220823_033000.WAV,Telephone Field,recover-20220825,002,1795
401.1855,401.1995,34921,39153,Pipistrellus nathusii,0.008,0.024,-1,Echolocation,/mnt/ubna_data_01_mir/recover-20220825/UBNA_002/20220823_033000.WAV,Telephone Field,recover-20220825,002,1795
401.2195,401.2259,28046,42697,Eptesicus serotinus,0.006,0.022,-1,Echolocation,/mnt/ubna_data_01_mir/recover-20220825/UBNA_002/20220823_033000.WAV,Telephone Field,recover-20220825,002,1795
401.2515,401.2902,68437,82012,Rhinolophus ferrumequinum,0.022,0.022,-1,Echolocation,/mnt/ubna_data_01_mir/recover-20220825/UBNA_002/20220823_033000.WAV,Telephone Field,recover-20220825,002,1795
401.2565,401.2641,27187,40306,Eptesicus serotinus,0.008,0.024,-1,Echolocation,/mnt/ubna_data_01_mir/recover-20220825/UBNA_002/20220823_033000.WAV,Telephone Field,recover-20220825,002,1795
401.2915,401.3312,68437,82942,Rhinolophus ferrumequinum,0.027,0.027,-1,Echolocation,/mnt/ubna_data_01_mir/recover-20220825/UBNA_002/20220823_033000.WAV,Telephone Field,recover-20220825,002,1795
401.2935,401.3002,36640,44242,Myotis daubentonii,0.009,0.021,-1,Echolocation,/mnt/ubna_data_01_mir/recover-20220825/UBNA_002/20220823_033000.WAV,Telephone Field,recover-20220825,002,1795
401.3355,401.344,27187,38120,Eptesicus serotinus,0.009,0.026,-1,Echolocation,/mnt/ubna_data_01_mir/recover-20220825/UBNA_002/20220823_033000.WAV,Telephone Field,recover-20220825,002,1795
401.3375,401.3779,68437,82159,Rhinolophus ferrumequinum,0.047,0.047,-1,Echolocation,/mnt/ubna_data_01_mir/recover-20220825/UBNA_002/20220823_033000.WAV,Telephone Field,recover-20220825,002,1795
401.3935,401.4335,68437,82677,Rhinolophus ferrumequinum,0.025,0.025,-1,Echolocation,/mnt/ubna_data_01_mir/recover-20220825/UBNA_002/20220823_033000.WAV,Telephone Field,recover-20220825,002,1795
401.4095,401.4196,37500,43179,Pipistrellus nathusii,0.012,0.028,-1,Echolocation,/mnt/ubna_data_01_mir/recover-20220825/UBNA_002/20220823_033000.WAV,Telephone Field,recover-20220825,002,1795
401.4155,401.4559,68437,82264,Rhinolophus ferrumequinum,0.022,0.022,-1,Echolocation,/mnt/ubna_data_01_mir/recover-20220825/UBNA_002/20220823_033000.WAV,Telephone Field,recover-20220825,002,1795
401.4305,401.4705,68437,82804,Rhinolophus ferrumequinum,0.025,0.025,-1,Echolocation,/mnt/ubna_data_01_mir/recover-20220825/UBNA_002/20220823_033000.WAV,Telephone Field,recover-20220825,002,1795
401.4835,401.523,68437,82452,Rhinolophus ferrumequinum,0.022,0.022,-1,Echolocation,/mnt/ubna_data_01_mir/recover-20220825/UBNA_002/20220823_033000.WAV,Telephone Field,recover-20220825,002,1795
401.5325,401.5713,68437,81814,Rhinolophus ferrumequinum,0.022,0.022,-1,Echolocation,/mnt/ubna_data_01_mir/recover-20220825/UBNA_002/20220823_033000.WAV,Telephone Field,recover-20220825,002,1795
401.5835,401.5917,22890,29784,Plecotus austriacus,0.01,0.022,-1,Echolocation,/mnt/ubna_data_01_mir/recover-20220825/UBNA_002/20220823_033000.WAV,Telephone Field,recover-20220825,002,1795
401.5975,401.6329,68437,81126,Rhinolophus ferrumequinum,0.022,0.022,-1,Echolocation,/mnt/ubna_data_01_mir/recover-20220825/UBNA_002/20220823_033000.WAV,Telephone Field,recover-20220825,002,1795
401.6065,401.6438,68437,81798,Rhinolophus ferrumequinum,0.023,0.024,-1,Echolocation,/mnt/ubna_data_01_mir/recover-20220825/UBNA_002/20220823_033000.WAV,Telephone Field,recover-20220825,002,1795
401.6145,401.6226,28046,41277,Eptesicus serotinus,0.008,0.021,-1,Echolocation,/mnt/ubna_data_01_mir/recover-20220825/UBNA_002/20220823_033000.WAV,Telephone Field,recover-20220825,002,1795
401.6155,401.6535,68437,82794,Rhinolophus ferrumequinum,0.025,0.025,-1,Echolocation,/mnt/ubna_data_01_mir/recover-20220825/UBNA_002/20220823_033000.WAV,Telephone Field,recover-20220825,002,1795
401.6435,401.6819,68437,82159,Rhinolophus ferrumequinum,0.022,0.022,-1,Echolocation,/mnt/ubna_data_01_mir/recover-20220825/UBNA_002/20220823_033000.WAV,Telephone Field,recover-20220825,002,1795
401.6775,401.7142,68437,82181,Rhinolophus ferrumequinum,0.023,0.023,-1,Echolocation,/mnt/ubna_data_01_mir/recover-20220825/UBNA_002/20220823_033000.WAV,Telephone Field,recover-20220825,002,1795
401.6905,401.7305,68437,82545,Rhinolophus ferrumequinum,0.022,0.022,-1,Echolocation,/mnt/ubna_data_01_mir/recover-20220825/UBNA_002/20220823_033000.WAV,Telephone Field,recover-20220825,002,1795
401.7075,401.7445,68437,81864,Rhinolophus ferrumequinum,0.023,0.023,-1,Echolocation,/mnt/ubna_data_01_mir/recover-20220825/UBNA_002/20220823_033000.WAV,Telephone Field,recover-20220825,002,1795
401.7165,401.7257,27187,35048,Eptesicus serotinus,0.023,0.047,-1,Echolocation,/mnt/ubna_data_01_mir/recover-20220825/UBNA_002/20220823_033000.WAV,Telephone Field,recover-20220825,002,1795
401.7205,401.7614,68437,82410,Rhinolophus ferrumequinum,0.023,0.023,-1,Echolocation,/mnt/ubna_data_01_mir/recover-20220825/UBNA_002/20220823_033000.WAV,Telephone Field,recover-20220825,002,1795
401.7435,401.7529,25468,35342,Eptesicus serotinus,0.01,0.026,-1,Echolocation,/mnt/ubna_data_01_mir/recover-20220825/UBNA_002/20220823_033000.WAV,Telephone Field,recover-20220825,002,1795
401.7735,401.7799,26328,42008,Eptesicus serotinus,0.005,0.023,-1,Echolocation,/mnt/ubna_data_01_mir/recover-20220825/UBNA_002/20220823_033000.WAV,Telephone Field,recover-20220825,002,1795
401.7865,401.7962,22890,29572,Nyctalus leisleri,0.008,0.026,-1,Echolocation,/mnt/ubna_data_01_mir/recover-20220825/UBNA_002/20220823_033000.WAV,Telephone Field,recover-20220825,002,1795
401.7865,401.8242,68437,82062,Rhinolophus ferrumequinum,0.024,0.024,-1,Echolocation,/mnt/ubna_data_01_mir/recover-20220825/UBNA_002/20220823_033000.WAV,Telephone Field,recover-20220825,002,1795
401.8545,401.8627,46953,52158,Pipistrellus pipistrellus,0.024,0.026,-1,Echolocation,/mnt/ubna_data_01_mir/recover-20220825/UBNA_002/20220823_033000.WAV,Telephone Field,recover-20220825,002,1795
401.8565,401.8662,23750,30308,Nyctalus leisleri,0.007,0.022,-1,Echolocation,/mnt/ubna_data_01_mir/recover-20220825/UBNA_002/20220823_033000.WAV,Telephone Field,recover-20220825,002,1795
401.8735,401.9076,68437,80853,Rhinolophus ferrumequinum,0.021,0.022,-1,Echolocation,/mnt/ubna_data_01_mir/recover-20220825/UBNA_002/20220823_033000.WAV,Telephone Field,recover-20220825,002,1795
401.8745,401.8818,27187,39599,Eptesicus serotinus,0.008,0.024,-1,Echolocation,/mnt/ubna_data_01_mir/recover-20220825/UBNA_002/20220823_033000.WAV,Telephone Field,recover-20220825,002,1795
401.9035,401.9453,68437,83061,Rhinolophus ferrumequinum,0.036,0.036,-1,Echolocation,/mnt/ubna_data_01_mir/recover-20220825/UBNA_002/20220823_033000.WAV,Telephone Field,recover-20220825,002,1795
401.9145,401.9254,23750,29536,Nyctalus leisleri,0.009,0.023,-1,Echolocation,/mnt/ubna_data_01_mir/recover-20220825/UBNA_002/20220823_033000.WAV,Telephone Field,recover-20220825,002,1795
401.9405,401.97860000000003,68437,82614,Rhinolophus ferrumequinum,0.027,0.027,-1,Echolocation,/mnt/ubna_data_01_mir/recover-20220825/UBNA_002/20220823_033000.WAV,Telephone Field,recover-20220825,002,1795
401.9605,401.973,28906,35213,Eptesicus serotinus,0.02,0.033,-1,Echolocation,/mnt/ubna_data_01_mir/recover-20220825/UBNA_002/20220823_033000.WAV,Telephone Field,recover-20220825,002,1795
401.9815,401.9923,22890,29109,Nyctalus leisleri,0.011,0.027,-1,Echolocation,/mnt/ubna_data_01_mir/recover-20220825/UBNA_002/20220823_033000.WAV,Telephone Field,recover-20220825,002,1795
402.0015,402.0071,48671,53735,Pipistrellus pipistrellus,0.018,0.023,-1,Echolocation,/mnt/ubna_data_01_mir/recover-20220825/UBNA_002/20220823_033000.WAV,Telephone Field,recover-20220825,002,1795
402.0015,402.0088,24609,34217,Plecotus austriacus,0.006,0.023,-1,Echolocation,/mnt/ubna_data_01_mir/recover-20220825/UBNA_002/20220823_033000.WAV,Telephone Field,recover-20220825,002,1795
402.0015,402.0351,69296,81094,Rhinolophus ferrumequinum,0.032,0.032,-1,Echolocation,/mnt/ubna_data_01_mir/recover-20220825/UBNA_002/20220823_033000.WAV,Telephone Field,recover-20220825,002,1795
402.0135,402.0538,68437,81918,Rhinolophus ferrumequinum,0.03,0.03,-1,Echolocation,/mnt/ubna_data_01_mir/recover-20220825/UBNA_002/20220823_033000.WAV,Telephone Field,recover-20220825,002,1795
402.0625,402.1033,68437,82768,Rhinolophus ferrumequinum,0.025,0.025,-1,Echolocation,/mnt/ubna_data_01_mir/recover-20220825/UBNA_002/20220823_033000.WAV,Telephone Field,recover-20220825,002,1795
402.0725,402.0825,25468,33503,Eptesicus serotinus,0.01,0.023,-1,Echolocation,/mnt/ubna_data_01_mir/recover-20220825/UBNA_002/20220823_033000.WAV,Telephone Field,recover-20220825,002,1795
402.1025,402.1436,68437,82957,Rhinolophus ferrumequinum,0.021,0.021,-1,Echolocation,/mnt/ubna_data_01_mir/recover-20220825/UBNA_002/20220823_033000.WAV,Telephone Field,recover-20220825,002,1795
402.1095,402.1515,68437,82903,Rhinolophus ferrumequinum,0.023,0.023,-1,Echolocation,/mnt/ubna_data_01_mir/recover-20220825/UBNA_002/20220823_033000.WAV,Telephone Field,recover-20220825,002,1795
402.1175,402.1582,68437,82146,Rhinolophus ferrumequinum,0.022,0.022,-1,Echolocation,/mnt/ubna_data_01_mir/recover-20220825/UBNA_002/20220823_033000.WAV,Telephone Field,recover-20220825,002,1795
402.1195,402.1299,58125,63629,Pipistrellus pygmaeus,0.021,0.022,-1,Echolocation,/mnt/ubna_data_01_mir/recover-20220825/UBNA_002/20220823_033000.WAV,Telephone Field,recover-20220825,002,1795
402.1315,402.1681,68437,81653,Rhinolophus ferrumequinum,0.022,0.022,-1,Echolocation,/mnt/ubna_data_01_mir/recover-20220825/UBNA_002/20220823_033000.WAV,Telephone Field,recover-20220825,002,1795
402.1425,402.1783,68437,80852,Rhinolophus ferrumequinum,0.022,0.022,-1,Echolocation,/mnt/ubna_data_01_mir/recover-20220825/UBNA_002/20220823_033000.WAV,Telephone Field,recover-20220825,002,1795
402.1465,402.1552,28046,39629,Eptesicus serotinus,0.016,0.036,-1,Echolocation,/mnt/ubna_data_01_mir/recover-20220825/UBNA_002/20220823_033000.WAV,Telephone Field,recover-20220825,002,1795
402.1595,402.1966,68437,81495,Rhinolophus ferrumequinum,0.031,0.031,-1,Echolocation,/mnt/ubna_data_01_mir/recover-20220825/UBNA_002/20220823_033000.WAV,Telephone Field,recover-20220825,002,1795
402.1715,402.2082,68437,82301,Rhinolophus ferrumequinum,0.023,0.023,-1,Echolocation,/mnt/ubna_data_01_mir/recover-20220825/UBNA_002/20220823_033000.WAV,Telephone Field,recover-20220825,002,1795
402.1895,402.2251,68437,81868,Rhinolophus ferrumequinum,0.024,0.025,-1,Echolocation,/mnt/ubna_data_01_mir/recover-20220825/UBNA_002/20220823_033000.WAV,Telephone Field,recover-20220825,002,1795
402.2125,402.2494,68437,81407,Rhinolophus ferrumequinum,0.022,0.022,-1,Echolocation,/mnt/ubna_data_01_mir/recover-20220825/UBNA_002/20220823_033000.WAV,Telephone Field,recover-20220825,002,1795
402.2225,402.263,68437,82540,Rhinolophus ferrumequinum,0.027,0.027,-1,Echolocation,/mnt/ubna_data_01_mir/recover-20220825/UBNA_002/20220823_033000.WAV,Telephone Field,recover-20220825,002,1795
402.2315,402.273,68437,82374,Rhinolophus ferrumequinum,0.028,0.028,-1,Echolocation,/mnt/ubna_data_01_mir/recover-20220825/UBNA_002/20220823_033000.WAV,Telephone Field,recover-20220825,002,1795
402.2605,402.302,68437,82833,Rhinolophus ferrumequinum,0.027,0.027,-1,Echolocation,/mnt/ubna_data_01_mir/recover-20220825/UBNA_002/20220823_033000.WAV,Telephone Field,recover-20220825,002,1795
402.2815,402.2898,27187,38124,Eptesicus serotinus,0.007,0.022,-1,Echolocation,/mnt/ubna_data_01_mir/recover-20220825/UBNA_002/20220823_033000.WAV,Telephone Field,recover-20220825,002,1795
402.2845,402.3233,68437,82126,Rhinolophus ferrumequinum,0.022,0.022,-1,Echolocation,/mnt/ubna_data_01_mir/recover-20220825/UBNA_002/20220823_033000.WAV,Telephone Field,recover-20220825,002,1795
402.3015,402.3401,68437,81978,Rhinolophus ferrumequinum,0.025,0.025,-1,Echolocation,/mnt/ubna_data_01_mir/recover-20220825/UBNA_002/20220823_033000.WAV,Telephone Field,recover-20220825,002,1795
402.3625,402.3697,28046,40428,Eptesicus serotinus,0.007,0.023,-1,Echolocation,/mnt/ubna_data_01_mir/recover-20220825/UBNA_002/20220823_033000.WAV,Telephone Field,recover-20220825,002,1795
402.3665,402.4032,68437,82034,Rhinolophus ferrumequinum,0.022,0.022,-1,Echolocation,/mnt/ubna_data_01_mir/recover-20220825/UBNA_002/20220823_033000.WAV,Telephone Field,recover-20220825,002,1795
402.4255,402.4597,68437,81395,Rhinolophus ferrumequinum,0.021,0.021,-1,Echolocation,/mnt/ubna_data_01_mir/recover-20220825/UBNA_002/20220823_033000.WAV,Telephone Field,recover-20220825,002,1795
402.4295,402.4433,22890,27807,Nyctalus leisleri,0.013,0.025,-1,Echolocation,/mnt/ubna_data_01_mir/recover-20220825/UBNA_002/20220823_033000.WAV,Telephone Field,recover-20220825,002,1795
402.4865,402.52570000000003,68437,82408,Rhinolophus ferrumequinum,0.022,0.022,-1,Echolocation,/mnt/ubna_data_01_mir/recover-20220825/UBNA_002/20220823_033000.WAV,Telephone Field,recover-20220825,002,1795
402.4905,402.5006,24609,30830,Nyctalus leisleri,0.012,0.03,-1,Echolocation,/mnt/ubna_data_01_mir/recover-20220825/UBNA_002/20220823_033000.WAV,Telephone Field,recover-20220825,002,1795
402.5195,402.5608,68437,81781,Rhinolophus ferrumequinum,0.029,0.029,-1,Echolocation,/mnt/ubna_data_01_mir/recover-20220825/UBNA_002/20220823_033000.WAV,Telephone Field,recover-20220825,002,1795
402.5375,402.5793,68437,82872,Rhinolophus ferrumequinum,0.028,0.028,-1,Echolocation,/mnt/ubna_data_01_mir/recover-20220825/UBNA_002/20220823_033000.WAV,Telephone Field,recover-20220825,002,1795
402.58050000000003,402.6168,68437,81217,Rhinolophus ferrumequinum,0.022,0.022,-1,Echolocation,/mnt/ubna_data_01_mir/recover-20220825/UBNA_002/20220823_033000.WAV,Telephone Field,recover-20220825,002,1795
402.5995,402.6377,68437,82227,Rhinolophus ferrumequinum,0.022,0.022,-1,Echolocation,/mnt/ubna_data_01_mir/recover-20220825/UBNA_002/20220823_033000.WAV,Telephone Field,recover-20220825,002,1795
402.6065,402.645,68437,82439,Rhinolophus ferrumequinum,0.022,0.022,-1,Echolocation,/mnt/ubna_data_01_mir/recover-20220825/UBNA_002/20220823_033000.WAV,Telephone Field,recover-20220825,002,1795
402.6165,402.6237,23750,32323,Plecotus austriacus,0.011,0.025,-1,Echolocation,/mnt/ubna_data_01_mir/recover-20220825/UBNA_002/20220823_033000.WAV,Telephone Field,recover-20220825,002,1795
402.6655,402.7049,68437,82682,Rhinolophus ferrumequinum,0.025,0.025,-1,Echolocation,/mnt/ubna_data_01_mir/recover-20220825/UBNA_002/20220823_033000.WAV,Telephone Field,recover-20220825,002,1795
402.6965,402.7344,68437,81917,Rhinolophus ferrumequinum,0.021,0.021,-1,Echolocation,/mnt/ubna_data_01_mir/recover-20220825/UBNA_002/20220823_033000.WAV,Telephone Field,recover-20220825,002,1795
402.7125,402.7203,49531,53822,Pipistrellus pipistrellus,0.039,0.042,-1,Echolocation,/mnt/ubna_data_01_mir/recover-20220825/UBNA_002/20220823_033000.WAV,Telephone Field,recover-20220825,002,1795
402.7475,402.7848,68437,81895,Rhinolophus ferrumequinum,0.026,0.026,-1,Echolocation,/mnt/ubna_data_01_mir/recover-20220825/UBNA_002/20220823_033000.WAV,Telephone Field,recover-20220825,002,1795
402.7575,402.7678,28906,36671,Eptesicus serotinus,0.009,0.022,-1,Echolocation,/mnt/ubna_data_01_mir/recover-20220825/UBNA_002/20220823_033000.WAV,Telephone Field,recover-20220825,002,1795
402.7755,402.814,68437,82853,Rhinolophus ferrumequinum,0.023,0.023,-1,Echolocation,/mnt/ubna_data_01_mir/recover-20220825/UBNA_002/20220823_033000.WAV,Telephone Field,recover-20220825,002,1795
402.8075,402.8172,28046,37576,Eptesicus serotinus,0.008,0.022,-1,Echolocation,/mnt/ubna_data_01_mir/recover-20220825/UBNA_002/20220823_033000.WAV,Telephone Field,recover-20220825,002,1795
402.8255,402.8615,68437,82271,Rhinolophus ferrumequinum,0.027,0.027,-1,Echolocation,/mnt/ubna_data_01_mir/recover-20220825/UBNA_002/20220823_033000.WAV,Telephone Field,recover-20220825,002,1795
402.8375,402.8767,68437,82168,Rhinolophus ferrumequinum,0.025,0.025,-1,Echolocation,/mnt/ubna_data_01_mir/recover-20220825/UBNA_002/20220823_033000.WAV,Telephone Field,recover-20220825,002,1795
402.8625,402.9016,68437,81668,Rhinolophus ferrumequinum,0.025,0.025,-1,Echolocation,/mnt/ubna_data_01_mir/recover-20220825/UBNA_002/20220823_033000.WAV,Telephone Field,recover-20220825,002,1795
402.8745,402.91,68437,81825,Rhinolophus ferrumequinum,0.023,0.023,-1,Echolocation,/mnt/ubna_data_01_mir/recover-20220825/UBNA_002/20220823_033000.WAV,Telephone Field,recover-20220825,002,1795
402.8865,402.9293,68437,82762,Rhinolophus ferrumequinum,0.027,0.027,-1,Echolocation,/mnt/ubna_data_01_mir/recover-20220825/UBNA_002/20220823_033000.WAV,Telephone Field,recover-20220825,002,1795
402.9335,402.9445,21171,26153,Nyctalus leisleri,0.011,0.027,-1,Echolocation,/mnt/ubna_data_01_mir/recover-20220825/UBNA_002/20220823_033000.WAV,Telephone Field,recover-20220825,002,1795
402.9405,402.9801,68437,83085,Rhinolophus ferrumequinum,0.027,0.027,-1,Echolocation,/mnt/ubna_data_01_mir/recover-20220825/UBNA_002/20220823_033000.WAV,Telephone Field,recover-20220825,002,1795
402.9665,403.0064,68437,83103,Rhinolophus ferrumequinum,0.029,0.029,-1,Echolocation,/mnt/ubna_data_01_mir/recover-20220825/UBNA_002/20220823_033000.WAV,Telephone Field,recover-20220825,002,1795
402.9825,402.989,40078,54448,Myotis daubentonii,0.007,0.032,-1,Echolocation,/mnt/ubna_data_01_mir/recover-20220825/UBNA_002/20220823_033000.WAV,Telephone Field,recover-20220825,002,1795
402.9905,403.0277,68437,81192,Rhinolophus ferrumequinum,0.022,0.022,-1,Echolocation,/mnt/ubna_data_01_mir/recover-20220825/UBNA_002/20220823_033000.WAV,Telephone Field,recover-20220825,002,1795
403.0005,403.0383,68437,82117,Rhinolophus ferrumequinum,0.023,0.023,-1,Echolocation,/mnt/ubna_data_01_mir/recover-20220825/UBNA_002/20220823_033000.WAV,Telephone Field,recover-20220825,002,1795
403.0025,403.0095,27187,36933,Eptesicus serotinus,0.007,0.025,-1,Echolocation,/mnt/ubna_data_01_mir/recover-20220825/UBNA_002/20220823_033000.WAV,Telephone Field,recover-20220825,002,1795
403.0255,403.0615,68437,81138,Rhinolophus ferrumequinum,0.022,0.022,-1,Echolocation,/mnt/ubna_data_01_mir/recover-20220825/UBNA_002/20220823_033000.WAV,Telephone Field,recover-20220825,002,1795
403.0325,403.0387,23750,35563,Plecotus austriacus,0.031,0.057,-1,Echolocation,/mnt/ubna_data_01_mir/recover-20220825/UBNA_002/20220823_033000.WAV,Telephone Field,recover-20220825,002,1795
403.0485,403.08820000000003,68437,82527,Rhinolophus ferrumequinum,0.025,0.025,-1,Echolocation,/mnt/ubna_data_01_mir/recover-20220825/UBNA_002/20220823_033000.WAV,Telephone Field,recover-20220825,002,1795
403.0545,403.0952,68437,82491,Rhinolophus ferrumequinum,0.023,0.023,-1,Echolocation,/mnt/ubna_data_01_mir/recover-20220825/UBNA_002/20220823_033000.WAV,Telephone Field,recover-20220825,002,1795
403.0855,403.1233,68437,82266,Rhinolophus ferrumequinum,0.023,0.023,-1,Echolocation,/mnt/ubna_data_01_mir/recover-20220825/UBNA_002/20220823_033000.WAV,Telephone Field,recover-20220825,002,1795
403.1055,403.1424,68437,82048,Rhinolophus ferrumequinum,0.023,0.023,-1,Echolocation,/mnt/ubna_data_01_mir/recover-20220825/UBNA_002/20220823_033000.WAV,Telephone Field,recover-20220825,002,1795
403.1525,403.1853,68437,80380,Rhinolophus ferrumequinum,0.029,0.029,-1,Echolocation,/mnt/ubna_data_01_mir/recover-20220825/UBNA_002/20220823_033000.WAV,Telephone Field,recover-20220825,002,1795
403.1535,403.161,27187,37040,Eptesicus serotinus,0.006,0.022,-1,Echolocation,/mnt/ubna_data_01_mir/recover-20220825/UBNA_002/20220823_033000.WAV,Telephone Field,recover-20220825,002,1795
403.1775,403.2188,68437,83240,Rhinolophus ferrumequinum,0.027,0.027,-1,Echolocation,/mnt/ubna_data_01_mir/recover-20220825/UBNA_002/20220823_033000.WAV,Telephone Field,recover-20220825,002,1795
403.1785,403.1887,22031,28325,Nyctalus leisleri,0.009,0.026,-1,Echolocation,/mnt/ubna_data_01_mir/recover-20220825/UBNA_002/20220823_033000.WAV,Telephone Field,recover-20220825,002,1795
403.1965,403.2307,68437,80508,Rhinolophus ferrumequinum,0.021,0.022,-1,Echolocation,/mnt/ubna_data_01_mir/recover-20220825/UBNA_002/20220823_033000.WAV,Telephone Field,recover-20220825,002,1795
403.1995,403.2062,32343,46234,Myotis daubentonii,0.02,0.041,-1,Echolocation,/mnt/ubna_data_01_mir/recover-20220825/UBNA_002/20220823_033000.WAV,Telephone Field,recover-20220825,002,1795
403.2015,403.2076,24609,38258,Plecotus austriacus,0.009,0.026,-1,Echolocation,/mnt/ubna_data_01_mir/recover-20220825/UBNA_002/20220823_033000.WAV,Telephone Field,recover-20220825,002,1795
403.2175,403.2567,68437,81757,Rhinolophus ferrumequinum,0.024,0.024,-1,Echolocation,/mnt/ubna_data_01_mir/recover-20220825/UBNA_002/20220823_033000.WAV,Telephone Field,recover-20220825,002,1795
403.2325,403.244,28046,33297,Eptesicus serotinus,0.027,0.05,-1,Echolocation,/mnt/ubna_data_01_mir/recover-20220825/UBNA_002/20220823_033000.WAV,Telephone Field,recover-20220825,002,1795
403.2345,403.2748,68437,82623,Rhinolophus ferrumequinum,0.027,0.027,-1,Echolocation,/mnt/ubna_data_01_mir/recover-20220825/UBNA_002/20220823_033000.WAV,Telephone Field,recover-20220825,002,1795
403.2655,403.3044,68437,82084,Rhinolophus ferrumequinum,0.023,0.023,-1,Echolocation,/mnt/ubna_data_01_mir/recover-20220825/UBNA_002/20220823_033000.WAV,Telephone Field,recover-20220825,002,1795
403.2905,403.3282,68437,82080,Rhinolophus ferrumequinum,0.021,0.021,-1,Echolocation,/mnt/ubna_data_01_mir/recover-20220825/UBNA_002/20220823_033000.WAV,Telephone Field,recover-20220825,002,1795
403.2995,403.3359,68437,81424,Rhinolophus ferrumequinum,0.021,0.022,-1,Echolocation,/mnt/ubna_data_01_mir/recover-20220825/UBNA_002/20220823_033000.WAV,Telephone Field,recover-20220825,002,1795
403.3055,403.3449,68437,81967,Rhinolophus ferrumequinum,0.023,0.023,-1,Echolocation,/mnt/ubna_data_01_mir/recover-20220825/UBNA_002/20220823_033000.WAV,Telephone Field,recover-20220825,002,1795
403.3285,403.3672,68437,82489,Rhinolophus ferrumequinum,0.022,0.022,-1,Echolocation,/mnt/ubna_data_01_mir/recover-20220825/UBNA_002/20220823_033000.WAV,Telephone Field,recover-20220825,002,1795
403.3325,403.3412,22890,29547,Plecotus austriacus,0.008,0.022,-1,Echolocation,/mnt/ubna_data_01_mir/recover-20220825/UBNA_002/20220823_033000.WAV,Telephone Field,recover-20220825,002,1795
403.3515,403.3909,68437,82834,Rhinolophus ferrumequinum,0.023,0.023,-1,Echolocation,/mnt/ubna_data_01_mir/recover-20220825/UBNA_002/20220823_033000.WAV,Telephone Field,recover-20220825,002,1795
403.3535,403.3611,23750,31729,Plecotus austriacus,0.009,0.021,-1,Echolocation,/mnt/ubna_data_01_mir/recover-20220825/UBNA_002/20220823_033000.WAV,Telephone Field,recover-20220825,002,1795
403.3975,403.4401,68437,82236,Rhinolophus ferrumequinum,0.026,0.026,-1,Echolocation,/mnt/ubna_data_01_mir/recover-20220825/UBNA_002/20220823_033000.WAV,Telephone Field,recover-20220825,002,1795
403.4055,403.4452,68437,81967,Rhinolophus ferrumequinum,0.022,0.023,-1,Echolocation,/mnt/ubna_data_01_mir/recover-20220825/UBNA_002/20220823_033000.WAV,Telephone Field,recover-20220825,002,1795
403.4115,403.4225,22890,28814,Nyctalus leisleri,0.011,0.026,-1,Echolocation,/mnt/ubna_data_01_mir/recover-20220825/UBNA_002/20220823_033000.WAV,Telephone Field,recover-20220825,002,1795
403.4265,403.464,68437,81940,Rhinolophus ferrumequinum,0.024,0.024,-1,Echolocation,/mnt/ubna_data_01_mir/recover-20220825/UBNA_002/20220823_033000.WAV,Telephone Field,recover-20220825,002,1795
403.4645,403.5039,68437,82694,Rhinolophus ferrumequinum,0.036,0.036,-1,Echolocation,/mnt/ubna_data_01_mir/recover-20220825/UBNA_002/20220823_033000.WAV,Telephone Field,recover-20220825,002,1795
403.4735,403.5128,68437,82839,Rhinolophus ferrumequinum,0.027,0.027,-1,Echolocation,/mnt/ubna_data_01_mir/recover-20220825/UBNA_002/20220823_033000.WAV,Telephone Field,recover-20220825,002,1795
403.5055,403.5433,68437,81948,Rhinolophus ferrumequinum,0.027,0.027,-1,Echolocation,/mnt/ubna_data_01_mir/recover-20220825/UBNA_002/20220823_033000.WAV,Telephone Field,recover-20220825,002,1795
403.5255,403.5345,51250,56601,Pipistrellus pipistrellus,0.018,0.023,-1,Echolocation,/mnt/ubna_data_01_mir/recover-20220825/UBNA_002/20220823_033000.WAV,Telephone Field,recover-20220825,002,1795
403.5275,403.5601,68437,80908,Rhinolophus ferrumequinum,0.022,0.022,-1,Echolocation,/mnt/ubna_data_01_mir/recover-20220825/UBNA_002/20220823_033000.WAV,Telephone Field,recover-20220825,002,1795
403.5385,403.5758,68437,82324,Rhinolophus ferrumequinum,0.023,0.023,-1,Echolocation,/mnt/ubna_data_01_mir/recover-20220825/UBNA_002/20220823_033000.WAV,Telephone Field,recover-20220825,002,1795
403.5455,403.5559,44375,49036,Pipistrellus pipistrellus,0.019,0.022,-1,Echolocation,/mnt/ubna_data_01_mir/recover-20220825/UBNA_002/20220823_033000.WAV,Telephone Field,recover-20220825,002,1795
403.5675,403.5756,28906,38872,Eptesicus serotinus,0.008,0.022,-1,Echolocation,/mnt/ubna_data_01_mir/recover-20220825/UBNA_002/20220823_033000.WAV,Telephone Field,recover-20220825,002,1795
403.5935,403.6288,68437,80816,Rhinolophus ferrumequinum,0.032,0.032,-1,Echolocation,/mnt/ubna_data_01_mir/recover-20220825/UBNA_002/20220823_033000.WAV,Telephone Field,recover-20220825,002,1795
403.6285,403.6676,68437,83306,Rhinolophus ferrumequinum,0.023,0.023,-1,Echolocation,/mnt/ubna_data_01_mir/recover-20220825/UBNA_002/20220823_033000.WAV,Telephone Field,recover-20220825,002,1795
403.6575,403.6942,68437,81900,Rhinolophus ferrumequinum,0.022,0.022,-1,Echolocation,/mnt/ubna_data_01_mir/recover-20220825/UBNA_002/20220823_033000.WAV,Telephone Field,recover-20220825,002,1795
403.6645,403.7015,68437,81888,Rhinolophus ferrumequinum,0.022,0.022,-1,Echolocation,/mnt/ubna_data_01_mir/recover-20220825/UBNA_002/20220823_033000.WAV,Telephone Field,recover-20220825,002,1795
403.6835,403.7172,68437,81228,Rhinolophus ferrumequinum,0.022,0.022,-1,Echolocation,/mnt/ubna_data_01_mir/recover-20220825/UBNA_002/20220823_033000.WAV,Telephone Field,recover-20220825,002,1795
403.7005,403.73969999999997,68437,82652,Rhinolophus ferrumequinum,0.023,0.023,-1,Echolocation,/mnt/ubna_data_01_mir/recover-20220825/UBNA_002/20220823_033000.WAV,Telephone Field,recover-20220825,002,1795
403.7305,403.7677,68437,81561,Rhinolophus ferrumequinum,0.025,0.025,-1,Echolocation,/mnt/ubna_data_01_mir/recover-20220825/UBNA_002/20220823_033000.WAV,Telephone Field,recover-20220825,002,1795
403.7325,403.7429,28906,36075,Eptesicus serotinus,0.009,0.023,-1,Echolocation,/mnt/ubna_data_01_mir/recover-20220825/UBNA_002/20220823_033000.WAV,Telephone Field,recover-20220825,002,1795
403.7705,403.8083,68437,82361,Rhinolophus ferrumequinum,0.021,0.021,-1,Echolocation,/mnt/ubna_data_01_mir/recover-20220825/UBNA_002/20220823_033000.WAV,Telephone Field,recover-20220825,002,1795
403.7725,403.7853,22031,26904,Nyctalus leisleri,0.021,0.041,-1,Echolocation,/mnt/ubna_data_01_mir/recover-20220825/UBNA_002/20220823_033000.WAV,Telephone Field,recover-20220825,002,1795
403.7955,403.83,68437,81065,Rhinolophus ferrumequinum,0.033,0.033,-1,Echolocation,/mnt/ubna_data_01_mir/recover-20220825/UBNA_002/20220823_033000.WAV,Telephone Field,recover-20220825,002,1795
403.8095,403.827,22031,25663,Nyctalus leisleri,0.014,0.024,-1,Echolocation,/mnt/ubna_data_01_mir/recover-20220825/UBNA_002/20220823_033000.WAV,Telephone Field,recover-20220825,002,1795
403.8205,403.8434,19453,22382,Nyctalus noctula,0.022,0.046,-1,Echolocation,/mnt/ubna_data_01_mir/recover-20220825/UBNA_002/20220823_033000.WAV,Telephone Field,recover-20220825,002,1795
403.8285,403.8671,68437,82239,Rhinolophus ferrumequinum,0.022,0.022,-1,Echolocation,/mnt/ubna_data_01_mir/recover-20220825/UBNA_002/20220823_033000.WAV,Telephone Field,recover-20220825,002,1795
403.8515,403.8911,68437,82606,Rhinolophus ferrumequinum,0.024,0.024,-1,Echolocation,/mnt/ubna_data_01_mir/recover-20220825/UBNA_002/20220823_033000.WAV,Telephone Field,recover-20220825,002,1795
403.8655,403.8728,25468,34439,Plecotus austriacus,0.006,0.022,-1,Echolocation,/mnt/ubna_data_01_mir/recover-20220825/UBNA_002/20220823_033000.WAV,Telephone Field,recover-20220825,002,1795
403.8715,403.9103,68437,82100,Rhinolophus ferrumequinum,0.022,0.022,-1,Echolocation,/mnt/ubna_data_01_mir/recover-20220825/UBNA_002/20220823_033000.WAV,Telephone Field,recover-20220825,002,1795
403.8865,403.898,22031,26127,Nyctalus leisleri,0.011,0.021,-1,Echolocation,/mnt/ubna_data_01_mir/recover-20220825/UBNA_002/20220823_033000.WAV,Telephone Field,recover-20220825,002,1795
403.9075,403.9183,45234,49204,Pipistrellus pipistrellus,0.028,0.03,-1,Echolocation,/mnt/ubna_data_01_mir/recover-20220825/UBNA_002/20220823_033000.WAV,Telephone Field,recover-20220825,002,1795
403.9645,403.9742,24609,32039,Eptesicus serotinus,0.008,0.023,-1,Echolocation,/mnt/ubna_data_01_mir/recover-20220825/UBNA_002/20220823_033000.WAV,Telephone Field,recover-20220825,002,1795
404.0015,404.0348,68437,80376,Rhinolophus ferrumequinum,0.045,0.046,-1,Echolocation,/mnt/ubna_data_01_mir/recover-20220825/UBNA_002/20220823_033000.WAV,Telephone Field,recover-20220825,002,1795
404.0015,404.0088,25468,37913,Myotis nattereri,0.005,0.03,-1,Echolocation,/mnt/ubna_data_01_mir/recover-20220825/UBNA_002/20220823_033000.WAV,Telephone Field,recover-20220825,002,1795
404.0585,404.0972,68437,81713,Rhinolophus ferrumequinum,0.023,0.023,-1,Echolocation,/mnt/ubna_data_01_mir/recover-20220825/UBNA_002/20220823_033000.WAV,Telephone Field,recover-20220825,002,1795
404.0855,404.1243,68437,82064,Rhinolophus ferrumequinum,0.022,0.022,-1,Echolocation,/mnt/ubna_data_01_mir/recover-20220825/UBNA_002/20220823_033000.WAV,Telephone Field,recover-20220825,002,1795
404.1265,404.1615,68437,81531,Rhinolophus ferrumequinum,0.022,0.022,-1,Echolocation,/mnt/ubna_data_01_mir/recover-20220825/UBNA_002/20220823_033000.WAV,Telephone Field,recover-20220825,002,1795
404.1355,404.1733,68437,81639,Rhinolophus ferrumequinum,0.022,0.022,-1,Echolocation,/mnt/ubna_data_01_mir/recover-20220825/UBNA_002/20220823_033000.WAV,Telephone Field,recover-20220825,002,1795
404.1435,404.1823,68437,81084,Rhinolophus ferrumequinum,0.023,0.024,-1,Echolocation,/mnt/ubna_data_01_mir/recover-20220825/UBNA_002/20220823_033000.WAV,Telephone Field,recover-20220825,002,1795
404.1715,404.2108,68437,82006,Rhinolophus ferrumequinum,0.021,0.021,-1,Echolocation,/mnt/ubna_data_01_mir/recover-20220825/UBNA_002/20220823_033000.WAV,Telephone Field,recover-20220825,002,1795
404.1995,404.2064,27187,38230,Eptesicus serotinus,0.009,0.025,-1,Echolocation,/mnt/ubna_data_01_mir/recover-20220825/UBNA_002/20220823_033000.WAV,Telephone Field,recover-20220825,002,1795
404.2015,404.2448,68437,83344,Rhinolophus ferrumequinum,0.038,0.038,-1,Echolocation,/mnt/ubna_data_01_mir/recover-20220825/UBNA_002/20220823_033000.WAV,Telephone Field,recover-20220825,002,1795
404.2075,404.2157,28046,38962,Eptesicus serotinus,0.007,0.021,-1,Echolocation,/mnt/ubna_data_01_mir/recover-20220825/UBNA_002/20220823_033000.WAV,Telephone Field,recover-20220825,002,1795
404.2655,404.3055,68437,82450,Rhinolophus ferrumequinum,0.023,0.023,-1,Echolocation,/mnt/ubna_data_01_mir/recover-20220825/UBNA_002/20220823_033000.WAV,Telephone Field,recover-20220825,002,1795
404.3065,404.3431,68437,81375,Rhinolophus ferrumequinum,0.021,0.021,-1,Echolocation,/mnt/ubna_data_01_mir/recover-20220825/UBNA_002/20220823_033000.WAV,Telephone Field,recover-20220825,002,1795
404.3095,404.3176,28906,39895,Eptesicus serotinus,0.009,0.027,-1,Echolocation,/mnt/ubna_data_01_mir/recover-20220825/UBNA_002/20220823_033000.WAV,Telephone Field,recover-20220825,002,1795
404.3215,404.3586,68437,81066,Rhinolophus ferrumequinum,0.023,0.023,-1,Echolocation,/mnt/ubna_data_01_mir/recover-20220825/UBNA_002/20220823_033000.WAV,Telephone Field,recover-20220825,002,1795
404.3315,404.3709,68437,82953,Rhinolophus ferrumequinum,0.025,0.025,-1,Echolocation,/mnt/ubna_data_01_mir/recover-20220825/UBNA_002/20220823_033000.WAV,Telephone Field,recover-20220825,002,1795
404.3435,404.3516,28046,40568,Eptesicus serotinus,0.008,0.024,-1,Echolocation,/mnt/ubna_data_01_mir/recover-20220825/UBNA_002/20220823_033000.WAV,Telephone Field,recover-20220825,002,1795
404.3695,404.3794,44375,47913,Pipistrellus pipistrellus,0.023,0.027,-1,Echolocation,/mnt/ubna_data_01_mir/recover-20220825/UBNA_002/20220823_033000.WAV,Telephone Field,recover-20220825,002,1795
404.3875,404.4267,68437,81402,Rhinolophus ferrumequinum,0.02,0.02,-1,Echolocation,/mnt/ubna_data_01_mir/recover-20220825/UBNA_002/20220823_033000.WAV,Telephone Field,recover-20220825,002,1795
404.4075,404.4451,68437,81915,Rhinolophus ferrumequinum,0.021,0.021,-1,Echolocation,/mnt/ubna_data_01_mir/recover-20220825/UBNA_002/20220823_033000.WAV,Telephone Field,recover-20220825,002,1795
404.4755,404.5201,68437,83286,Rhinolophus ferrumequinum,0.033,0.033,-1,Echolocation,/mnt/ubna_data_01_mir/recover-20220825/UBNA_002/20220823_033000.WAV,Telephone Field,recover-20220825,002,1795
404.4845,404.4957,22890,27263,Nyctalus leisleri,0.012,0.021,-1,Echolocation,/mnt/ubna_data_01_mir/recover-20220825/UBNA_002/20220823_033000.WAV,Telephone Field,recover-20220825,002,1795
404.5035,404.5429,68437,82275,Rhinolophus ferrumequinum,0.023,0.023,-1,Echolocation,/mnt/ubna_data_01_mir/recover-20220825/UBNA_002/20220823_033000.WAV,Telephone Field,recover-20220825,002,1795
404.5035,404.5136,35781,42896,Barbastellus barbastellus,0.005,0.024,-1,Echolocation,/mnt/ubna_data_01_mir/recover-20220825/UBNA_002/20220823_033000.WAV,Telephone Field,recover-20220825,002,1795
404.5085,404.5167,27187,40917,Eptesicus serotinus,0.008,0.021,-1,Echolocation,/mnt/ubna_data_01_mir/recover-20220825/UBNA_002/20220823_033000.WAV,Telephone Field,recover-20220825,002,1795
404.5145,404.5535,68437,82090,Rhinolophus ferrumequinum,0.021,0.021,-1,Echolocation,/mnt/ubna_data_01_mir/recover-20220825/UBNA_002/20220823_033000.WAV,Telephone Field,recover-20220825,002,1795
404.5205,404.5593,68437,81850,Rhinolophus ferrumequinum,0.021,0.021,-1,Echolocation,/mnt/ubna_data_01_mir/recover-20220825/UBNA_002/20220823_033000.WAV,Telephone Field,recover-20220825,002,1795
404.5375,404.5753,68437,82075,Rhinolophus ferrumequinum,0.021,0.021,-1,Echolocation,/mnt/ubna_data_01_mir/recover-20220825/UBNA_002/20220823_033000.WAV,Telephone Field,recover-20220825,002,1795
404.5465,404.5536,50390,54995,Pipistrellus pipistrellus,0.023,0.025,-1,Echolocation,/mnt/ubna_data_01_mir/recover-20220825/UBNA_002/20220823_033000.WAV,Telephone Field,recover-20220825,002,1795
404.5745,404.5837,25468,35333,Eptesicus serotinus,0.009,0.021,-1,Echolocation,/mnt/ubna_data_01_mir/recover-20220825/UBNA_002/20220823_033000.WAV,Telephone Field,recover-20220825,002,1795
404.5925,404.6335,68437,82520,Rhinolophus ferrumequinum,0.026,0.026,-1,Echolocation,/mnt/ubna_data_01_mir/recover-20220825/UBNA_002/20220823_033000.WAV,Telephone Field,recover-20220825,002,1795
404.6685,404.7101,68437,83129,Rhinolophus ferrumequinum,0.033,0.033,-1,Echolocation,/mnt/ubna_data_01_mir/recover-20220825/UBNA_002/20220823_033000.WAV,Telephone Field,recover-20220825,002,1795
404.6995,404.7319,68437,80053,Rhinolophus ferrumequinum,0.02,0.02,-1,Echolocation,/mnt/ubna_data_01_mir/recover-20220825/UBNA_002/20220823_033000.WAV,Telephone Field,recover-20220825,002,1795
404.7115,404.7493,68437,81921,Rhinolophus ferrumequinum,0.024,0.024,-1,Echolocation,/mnt/ubna_data_01_mir/recover-20220825/UBNA_002/20220823_033000.WAV,Telephone Field,recover-20220825,002,1795
404.7405,404.7795,68437,82771,Rhinolophus ferrumequinum,0.024,0.024,-1,Echolocation,/mnt/ubna_data_01_mir/recover-20220825/UBNA_002/20220823_033000.WAV,Telephone Field,recover-20220825,002,1795
404.7765,404.7881,52109,55643,Pipistrellus pygmaeus,0.019,0.021,-1,Echolocation,/mnt/ubna_data_01_mir/recover-20220825/UBNA_002/20220823_033000.WAV,Telephone Field,recover-20220825,002,1795
404.7865,404.7995,23750,29221,Nyctalus leisleri,0.012,0.025,-1,Echolocation,/mnt/ubna_data_01_mir/recover-20220825/UBNA_002/20220823_033000.WAV,Telephone Field,recover-20220825,002,1795
404.7875,404.8269,68437,82172,Rhinolophus ferrumequinum,0.02,0.02,-1,Echolocation,/mnt/ubna_data_01_mir/recover-20220825/UBNA_002/20220823_033000.WAV,Telephone Field,recover-20220825,002,1795
404.7955,404.8079,22890,27648,Nyctalus leisleri,0.012,0.023,-1,Echolocation,/mnt/ubna_data_01_mir/recover-20220825/UBNA_002/20220823_033000.WAV,Telephone Field,recover-20220825,002,1795
404.8085,404.815,25468,36453,Plecotus austriacus,0.011,0.036,-1,Echolocation,/mnt/ubna_data_01_mir/recover-20220825/UBNA_002/20220823_033000.WAV,Telephone Field,recover-20220825,002,1795
404.8455,404.8846,68437,82569,Rhinolophus ferrumequinum,0.021,0.021,-1,Echolocation,/mnt/ubna_data_01_mir/recover-20220825/UBNA_002/20220823_033000.WAV,Telephone Field,recover-20220825,002,1795
404.8685,404.9046,68437,82136,Rhinolophus ferrumequinum,0.03,0.03,-1,Echolocation,/mnt/ubna_data_01_mir/recover-20220825/UBNA_002/20220823_033000.WAV,Telephone Field,recover-20220825,002,1795
404.8955,404.9368,68437,82960,Rhinolophus ferrumequinum,0.024,0.024,-1,Echolocation,/mnt/ubna_data_01_mir/recover-20220825/UBNA_002/20220823_033000.WAV,Telephone Field,recover-20220825,002,1795
404.8975,404.9076,45234,51476,Pipistrellus pipistrellus,0.019,0.022,-1,Echolocation,/mnt/ubna_data_01_mir/recover-20220825/UBNA_002/20220823_033000.WAV,Telephone Field,recover-20220825,002,1795
404.9355,404.9746,68437,82443,Rhinolophus ferrumequinum,0.021,0.022,-1,Echolocation,/mnt/ubna_data_01_mir/recover-20220825/UBNA_002/20220823_033000.WAV,Telephone Field,recover-20220825,002,1795
404.9415,404.9812,68437,82232,Rhinolophus ferrumequinum,0.021,0.021,-1,Echolocation,/mnt/ubna_data_01_mir/recover-20220825/UBNA_002/20220823_033000.WAV,Telephone Field,recover-20220825,002,1795
404.9585,404.9664,26328,35552,Eptesicus serotinus,0.009,0.023,-1,Echolocation,/mnt/ubna_data_01_mir/recover-20220825/UBNA_002/20220823_033000.WAV,Telephone Field,recover-20220825,002,1795
404.9915,404.9998,26328,37387,Eptesicus serotinus,0.007,0.021,-1,Echolocation,/mnt/ubna_data_01_mir/recover-20220825/UBNA_002/20220823_033000.WAV,Telephone Field,recover-20220825,002,1795
404.9955,405.0344,68437,81791,Rhinolophus ferrumequinum,0.021,0.021,-1,Echolocation,/mnt/ubna_data_01_mir/recover-20220825/UBNA_002/20220823_033000.WAV,Telephone Field,recover-20220825,002,1795
405.0225,405.063,68437,82463,Rhinolophus ferrumequinum,0.028,0.028,-1,Echolocation,/mnt/ubna_data_01_mir/recover-20220825/UBNA_002/20220823_033000.WAV,Telephone Field,recover-20220825,002,1795
405.0405,405.0774,68437,81410,Rhinolophus ferrumequinum,0.02,0.02,-1,Echolocation,/mnt/ubna_data_01_mir/recover-20220825/UBNA_002/20220823_033000.WAV,Telephone Field,recover-20220825,002,1795
405.0615,405.0707,26328,37004,Eptesicus serotinus,0.007,0.021,-1,Echolocation,/mnt/ubna_data_01_mir/recover-20220825/UBNA_002/20220823_033000.WAV,Telephone Field,recover-20220825,002,1795
405.0715,405.0827,28046,35826,Eptesicus serotinus,0.014,0.026,-1,Echolocation,/mnt/ubna_data_01_mir/recover-20220825/UBNA_002/20220823_033000.WAV,Telephone Field,recover-20220825,002,1795
405.1185,405.1264,28046,38460,Eptesicus serotinus,0.009,0.028,-1,Echolocation,/mnt/ubna_data_01_mir/recover-20220825/UBNA_002/20220823_033000.WAV,Telephone Field,recover-20220825,002,1795
405.2315,405.2393,22890,31154,Plecotus austriacus,0.014,0.029,-1,Echolocation,/mnt/ubna_data_01_mir/recover-20220825/UBNA_002/20220823_033000.WAV,Telephone Field,recover-20220825,002,1795
405.2655,405.3038,68437,82051,Rhinolophus ferrumequinum,0.02,0.02,-1,Echolocation,/mnt/ubna_data_01_mir/recover-20220825/UBNA_002/20220823_033000.WAV,Telephone Field,recover-20220825,002,1795
405.3015,405.3105,28906,38768,Eptesicus serotinus,0.012,0.03,-1,Echolocation,/mnt/ubna_data_01_mir/recover-20220825/UBNA_002/20220823_033000.WAV,Telephone Field,recover-20220825,002,1795
405.3035,405.3409,68437,82118,Rhinolophus ferrumequinum,0.023,0.023,-1,Echolocation,/mnt/ubna_data_01_mir/recover-20220825/UBNA_002/20220823_033000.WAV,Telephone Field,recover-20220825,002,1795
405.3095,405.3483,68437,82250,Rhinolophus ferrumequinum,0.024,0.024,-1,Echolocation,/mnt/ubna_data_01_mir/recover-20220825/UBNA_002/20220823_033000.WAV,Telephone Field,recover-20220825,002,1795
405.3405,405.3838,68437,83485,Rhinolophus ferrumequinum,0.046,0.046,-1,Echolocation,/mnt/ubna_data_01_mir/recover-20220825/UBNA_002/20220823_033000.WAV,Telephone Field,recover-20220825,002,1795
405.3665,405.3751,28906,37222,Eptesicus serotinus,0.01,0.023,-1,Echolocation,/mnt/ubna_data_01_mir/recover-20220825/UBNA_002/20220823_033000.WAV,Telephone Field,recover-20220825,002,1795
405.3835,405.4198,68437,81804,Rhinolophus ferrumequinum,0.02,0.02,-1,Echolocation,/mnt/ubna_data_01_mir/recover-20220825/UBNA_002/20220823_033000.WAV,Telephone Field,recover-20220825,002,1795
405.4065,405.4445,68437,81846,Rhinolophus ferrumequinum,0.022,0.022,-1,Echolocation,/mnt/ubna_data_01_mir/recover-20220825/UBNA_002/20220823_033000.WAV,Telephone Field,recover-20220825,002,1795
405.4405,405.4476,27187,40526,Eptesicus serotinus,0.008,0.027,-1,Echolocation,/mnt/ubna_data_01_mir/recover-20220825/UBNA_002/20220823_033000.WAV,Telephone Field,recover-20220825,002,1795
405.4405,405.4821,68437,82557,Rhinolophus ferrumequinum,0.03,0.03,-1,Echolocation,/mnt/ubna_data_01_mir/recover-20220825/UBNA_002/20220823_033000.WAV,Telephone Field,recover-20220825,002,1795
405.4665,405.4737,23750,33371,Plecotus austriacus,0.01,0.025,-1,Echolocation,/mnt/ubna_data_01_mir/recover-20220825/UBNA_002/20220823_033000.WAV,Telephone Field,recover-20220825,002,1795
405.5075,405.5155,28046,39315,Eptesicus serotinus,0.007,0.022,-1,Echolocation,/mnt/ubna_data_01_mir/recover-20220825/UBNA_002/20220823_033000.WAV,Telephone Field,recover-20220825,002,1795
405.5105,405.5175,49531,54189,Pipistrellus pipistrellus,0.038,0.04,-1,Echolocation,/mnt/ubna_data_01_mir/recover-20220825/UBNA_002/20220823_033000.WAV,Telephone Field,recover-20220825,002,1795
405.5435,405.5836,68437,82311,Rhinolophus ferrumequinum,0.027,0.027,-1,Echolocation,/mnt/ubna_data_01_mir/recover-20220825/UBNA_002/20220823_033000.WAV,Telephone Field,recover-20220825,002,1795
405.5525,405.5902,68437,81951,Rhinolophus ferrumequinum,0.025,0.025,-1,Echolocation,/mnt/ubna_data_01_mir/recover-20220825/UBNA_002/20220823_033000.WAV,Telephone Field,recover-20220825,002,1795
405.5695,405.5767,26328,37914,Eptesicus serotinus,0.007,0.02,-1,Echolocation,/mnt/ubna_data_01_mir/recover-20220825/UBNA_002/20220823_033000.WAV,Telephone Field,recover-20220825,002,1795
405.58050000000003,405.6171,68437,82246,Rhinolophus ferrumequinum,0.021,0.021,-1,Echolocation,/mnt/ubna_data_01_mir/recover-20220825/UBNA_002/20220823_033000.WAV,Telephone Field,recover-20220825,002,1795
405.6575,405.6962,68437,81992,Rhinolophus ferrumequinum,0.021,0.022,-1,Echolocation,/mnt/ubna_data_01_mir/recover-20220825/UBNA_002/20220823_033000.WAV,Telephone Field,recover-20220825,002,1795
405.6725,405.6806,28046,38158,Eptesicus serotinus,0.009,0.021,-1,Echolocation,/mnt/ubna_data_01_mir/recover-20220825/UBNA_002/20220823_033000.WAV,Telephone Field,recover-20220825,002,1795
405.6755,405.7145,68437,82008,Rhinolophus ferrumequinum,0.023,0.023,-1,Echolocation,/mnt/ubna_data_01_mir/recover-20220825/UBNA_002/20220823_033000.WAV,Telephone Field,recover-20220825,002,1795
405.7145,405.7265,22031,26635,Nyctalus leisleri,0.009,0.02,-1,Echolocation,/mnt/ubna_data_01_mir/recover-20220825/UBNA_002/20220823_033000.WAV,Telephone Field,recover-20220825,002,1795
405.7195,405.7623,68437,83308,Rhinolophus ferrumequinum,0.027,0.027,-1,Echolocation,/mnt/ubna_data_01_mir/recover-20220825/UBNA_002/20220823_033000.WAV,Telephone Field,recover-20220825,002,1795
405.7545,405.7969,68437,83398,Rhinolophus ferrumequinum,0.035,0.035,-1,Echolocation,/mnt/ubna_data_01_mir/recover-20220825/UBNA_002/20220823_033000.WAV,Telephone Field,recover-20220825,002,1795
405.7985,405.8119,57265,62291,Pipistrellus pygmaeus,0.029,0.03,-1,Echolocation,/mnt/ubna_data_01_mir/recover-20220825/UBNA_002/20220823_033000.WAV,Telephone Field,recover-20220825,002,1795
405.8175,405.8252,26328,39568,Eptesicus serotinus,0.015,0.036,-1,Echolocation,/mnt/ubna_data_01_mir/recover-20220825/UBNA_002/20220823_033000.WAV,Telephone Field,recover-20220825,002,1795
405.8315,405.8685,68437,81341,Rhinolophus ferrumequinum,0.02,0.02,-1,Echolocation,/mnt/ubna_data_01_mir/recover-20220825/UBNA_002/20220823_033000.WAV,Telephone Field,recover-20220825,002,1795
405.8475,405.8597,22031,26410,Nyctalus leisleri,0.013,0.026,-1,Echolocation,/mnt/ubna_data_01_mir/recover-20220825/UBNA_002/20220823_033000.WAV,Telephone Field,recover-20220825,002,1795
405.8475,405.8887,68437,82798,Rhinolophus ferrumequinum,0.025,0.025,-1,Echolocation,/mnt/ubna_data_01_mir/recover-20220825/UBNA_002/20220823_033000.WAV,Telephone Field,recover-20220825,002,1795
405.8715,405.91179999999997,68437,82777,Rhinolophus ferrumequinum,0.023,0.023,-1,Echolocation,/mnt/ubna_data_01_mir/recover-20220825/UBNA_002/20220823_033000.WAV,Telephone Field,recover-20220825,002,1795
405.8885,405.9266,68437,81939,Rhinolophus ferrumequinum,0.022,0.022,-1,Echolocation,/mnt/ubna_data_01_mir/recover-20220825/UBNA_002/20220823_033000.WAV,Telephone Field,recover-20220825,002,1795
405.9425,405.98199999999997,68437,81987,Rhinolophus ferrumequinum,0.022,0.022,-1,Echolocation,/mnt/ubna_data_01_mir/recover-20220825/UBNA_002/20220823_033000.WAV,Telephone Field,recover-20220825,002,1795
405.9625,405.9722,28046,37358,Eptesicus serotinus,0.01,0.022,-1,Echolocation,/mnt/ubna_data_01_mir/recover-20220825/UBNA_002/20220823_033000.WAV,Telephone Field,recover-20220825,002,1795
405.9755,405.9847,24609,32089,Eptesicus serotinus,0.007,0.021,-1,Echolocation,/mnt/ubna_data_01_mir/recover-20220825/UBNA_002/20220823_033000.WAV,Telephone Field,recover-20220825,002,1795
406.0015,406.0097,48671,57171,Pipistrellus pipistrellus,0.01,0.021,-1,Echolocation,/mnt/ubna_data_01_mir/recover-20220825/UBNA_002/20220823_033000.WAV,Telephone Field,recover-20220825,002,1795
406.0015,406.0105,38359,47380,Pipistrellus nathusii,0.01,0.029,-1,Echolocation,/mnt/ubna_data_01_mir/recover-20220825/UBNA_002/20220823_033000.WAV,Telephone Field,recover-20220825,002,1795
406.0015,406.01,24609,33720,Nyctalus leisleri,0.008,0.028,-1,Echolocation,/mnt/ubna_data_01_mir/recover-20220825/UBNA_002/20220823_033000.WAV,Telephone Field,recover-20220825,002,1795
406.0015,406.0329,69296,81692,Rhinolophus ferrumequinum,0.029,0.029,-1,Echolocation,/mnt/ubna_data_01_mir/recover-20220825/UBNA_002/20220823_033000.WAV,Telephone Field,recover-20220825,002,1795
406.0455,406.0866,68437,82329,Rhinolophus ferrumequinum,0.024,0.024,-1,Echolocation,/mnt/ubna_data_01_mir/recover-20220825/UBNA_002/20220823_033000.WAV,Telephone Field,recover-20220825,002,1795
406.0495,406.0596,22890,28026,Nyctalus leisleri,0.009,0.021,-1,Echolocation,/mnt/ubna_data_01_mir/recover-20220825/UBNA_002/20220823_033000.WAV,Telephone Field,recover-20220825,002,1795
406.1095,406.1202,24609,31319,Eptesicus serotinus,0.01,0.026,-1,Echolocation,/mnt/ubna_data_01_mir/recover-20220825/UBNA_002/20220823_033000.WAV,Telephone Field,recover-20220825,002,1795
406.1295,406.1368,26328,37592,Eptesicus serotinus,0.006,0.023,-1,Echolocation,/mnt/ubna_data_01_mir/recover-20220825/UBNA_002/20220823_033000.WAV,Telephone Field,recover-20220825,002,1795
406.1395,406.1477,27187,35606,Eptesicus serotinus,0.007,0.022,-1,Echolocation,/mnt/ubna_data_01_mir/recover-20220825/UBNA_002/20220823_033000.WAV,Telephone Field,recover-20220825,002,1795
406.1555,406.1643,27187,36967,Eptesicus serotinus,0.008,0.021,-1,Echolocation,/mnt/ubna_data_01_mir/recover-20220825/UBNA_002/20220823_033000.WAV,Telephone Field,recover-20220825,002,1795
406.1725,406.1819,39218,43739,Pipistrellus nathusii,0.045,0.063,-1,Echolocation,/mnt/ubna_data_01_mir/recover-20220825/UBNA_002/20220823_033000.WAV,Telephone Field,recover-20220825,002,1795
406.1855,406.2219,68437,81735,Rhinolophus ferrumequinum,0.022,0.022,-1,Echolocation,/mnt/ubna_data_01_mir/recover-20220825/UBNA_002/20220823_033000.WAV,Telephone Field,recover-20220825,002,1795
406.1915,406.2028,32343,37338,Pipistrellus nathusii,0.008,0.028,-1,Echolocation,/mnt/ubna_data_01_mir/recover-20220825/UBNA_002/20220823_033000.WAV,Telephone Field,recover-20220825,002,1795
406.2345,406.2432,27187,36210,Eptesicus serotinus,0.011,0.029,-1,Echolocation,/mnt/ubna_data_01_mir/recover-20220825/UBNA_002/20220823_033000.WAV,Telephone Field,recover-20220825,002,1795
406.2385,406.2792,68437,82808,Rhinolophus ferrumequinum,0.023,0.023,-1,Echolocation,/mnt/ubna_data_01_mir/recover-20220825/UBNA_002/20220823_033000.WAV,Telephone Field,recover-20220825,002,1795
406.2555,406.2632,27187,37793,Eptesicus serotinus,0.007,0.024,-1,Echolocation,/mnt/ubna_data_01_mir/recover-20220825/UBNA_002/20220823_033000.WAV,Telephone Field,recover-20220825,002,1795
406.2605,406.3044,68437,82380,Rhinolophus ferrumequinum,0.024,0.024,-1,Echolocation,/mnt/ubna_data_01_mir/recover-20220825/UBNA_002/20220823_033000.WAV,Telephone Field,recover-20220825,002,1795
406.3555,406.3629,28046,37385,Eptesicus serotinus,0.008,0.025,-1,Echolocation,/mnt/ubna_data_01_mir/recover-20220825/UBNA_002/20220823_033000.WAV,Telephone Field,recover-20220825,002,1795
406.4035,406.4109,26328,36600,Eptesicus serotinus,0.007,0.021,-1,Echolocation,/mnt/ubna_data_01_mir/recover-20220825/UBNA_002/20220823_033000.WAV,Telephone Field,recover-20220825,002,1795
406.4515,406.4879,68437,81495,Rhinolophus ferrumequinum,0.021,0.021,-1,Echolocation,/mnt/ubna_data_01_mir/recover-20220825/UBNA_002/20220823_033000.WAV,Telephone Field,recover-20220825,002,1795
406.4525,406.4633,28046,36498,Eptesicus serotinus,0.044,0.068,-1,Echolocation,/mnt/ubna_data_01_mir/recover-20220825/UBNA_002/20220823_033000.WAV,Telephone Field,recover-20220825,002,1795
406.4825,406.4907,25468,34658,Eptesicus serotinus,0.008,0.022,-1,Echolocation,/mnt/ubna_data_01_mir/recover-20220825/UBNA_002/20220823_033000.WAV,Telephone Field,recover-20220825,002,1795
406.5045,406.5121,49531,54336,Pipistrellus pipistrellus,0.017,0.021,-1,Echolocation,/mnt/ubna_data_01_mir/recover-20220825/UBNA_002/20220823_033000.WAV,Telephone Field,recover-20220825,002,1795
406.5105,406.5182,26328,37463,Eptesicus serotinus,0.007,0.022,-1,Echolocation,/mnt/ubna_data_01_mir/recover-20220825/UBNA_002/20220823_033000.WAV,Telephone Field,recover-20220825,002,1795
406.5305,406.5698,68437,81997,Rhinolophus ferrumequinum,0.022,0.022,-1,Echolocation,/mnt/ubna_data_01_mir/recover-20220825/UBNA_002/20220823_033000.WAV,Telephone Field,recover-20220825,002,1795
406.5355,406.5438,27187,37720,Eptesicus serotinus,0.007,0.021,-1,Echolocation,/mnt/ubna_data_01_mir/recover-20220825/UBNA_002/20220823_033000.WAV,Telephone Field,recover-20220825,002,1795
406.5675,406.6059,68437,82077,Rhinolophus ferrumequinum,0.021,0.021,-1,Echolocation,/mnt/ubna_data_01_mir/recover-20220825/UBNA_002/20220823_033000.WAV,Telephone Field,recover-20220825,002,1795
406.5725,406.5801,26328,35381,Eptesicus serotinus,0.006,0.022,-1,Echolocation,/mnt/ubna_data_01_mir/recover-20220825/UBNA_002/20220823_033000.WAV,Telephone Field,recover-20220825,002,1795
406.5855,406.5953,48671,52655,Pipistrellus pipistrellus,0.02,0.024,-1,Echolocation,/mnt/ubna_data_01_mir/recover-20220825/UBNA_002/20220823_033000.WAV,Telephone Field,recover-20220825,002,1795
406.6185,406.6263,26328,41804,Eptesicus serotinus,0.007,0.021,-1,Echolocation,/mnt/ubna_data_01_mir/recover-20220825/UBNA_002/20220823_033000.WAV,Telephone Field,recover-20220825,002,1795
406.6365,406.6467,28046,36235,Eptesicus serotinus,0.011,0.026,-1,Echolocation,/mnt/ubna_data_01_mir/recover-20220825/UBNA_002/20220823_033000.WAV,Telephone Field,recover-20220825,002,1795
406.6995,406.7084,25468,33691,Eptesicus serotinus,0.009,0.022,-1,Echolocation,/mnt/ubna_data_01_mir/recover-20220825/UBNA_002/20220823_033000.WAV,Telephone Field,recover-20220825,002,1795
406.7125,406.7187,38359,51368,Myotis brandtii,0.026,0.07,-1,Echolocation,/mnt/ubna_data_01_mir/recover-20220825/UBNA_002/20220823_033000.WAV,Telephone Field,recover-20220825,002,1795
406.7275,406.737,50390,54128,Pipistrellus pipistrellus,0.026,0.033,-1,Echolocation,/mnt/ubna_data_01_mir/recover-20220825/UBNA_002/20220823_033000.WAV,Telephone Field,recover-20220825,002,1795
406.7455,406.7516,38359,51796,Myotis daubentonii,0.009,0.024,-1,Echolocation,/mnt/ubna_data_01_mir/recover-20220825/UBNA_002/20220823_033000.WAV,Telephone Field,recover-20220825,002,1795
406.7465,406.7536,42656,49062,Pipistrellus nathusii,0.009,0.024,-1,Echolocation,/mnt/ubna_data_01_mir/recover-20220825/UBNA_002/20220823_033000.WAV,Telephone Field,recover-20220825,002,1795
406.7465,406.7535,25468,36630,Eptesicus serotinus,0.006,0.022,-1,Echolocation,/mnt/ubna_data_01_mir/recover-20220825/UBNA_002/20220823_033000.WAV,Telephone Field,recover-20220825,002,1795
406.7515,406.7611,22890,29268,Nyctalus leisleri,0.007,0.023,-1,Echolocation,/mnt/ubna_data_01_mir/recover-20220825/UBNA_002/20220823_033000.WAV,Telephone Field,recover-20220825,002,1795
406.7815,406.79449999999997,23750,28988,Nyctalus leisleri,0.014,0.031,-1,Echolocation,/mnt/ubna_data_01_mir/recover-20220825/UBNA_002/20220823_033000.WAV,Telephone Field,recover-20220825,002,1795
406.8105,406.8499,68437,82807,Rhinolophus ferrumequinum,0.026,0.026,-1,Echolocation,/mnt/ubna_data_01_mir/recover-20220825/UBNA_002/20220823_033000.WAV,Telephone Field,recover-20220825,002,1795
406.8235,406.8312,26328,37658,Eptesicus serotinus,0.007,0.025,-1,Echolocation,/mnt/ubna_data_01_mir/recover-20220825/UBNA_002/20220823_033000.WAV,Telephone Field,recover-20220825,002,1795
406.8475,406.86469999999997,15156,19664,Nyctalus noctula,0.019,0.028,-1,Echolocation,/mnt/ubna_data_01_mir/recover-20220825/UBNA_002/20220823_033000.WAV,Telephone Field,recover-20220825,002,1795
406.8635,406.8723,27187,36563,Eptesicus serotinus,0.008,0.022,-1,Echolocation,/mnt/ubna_data_01_mir/recover-20220825/UBNA_002/20220823_033000.WAV,Telephone Field,recover-20220825,002,1795
406.8715,406.8788,53828,58312,Pipistrellus pygmaeus,0.022,0.023,-1,Echolocation,/mnt/ubna_data_01_mir/recover-20220825/UBNA_002/20220823_033000.WAV,Telephone Field,recover-20220825,002,1795
406.8945,406.902,38359,47324,Pipistrellus nathusii,0.012,0.035,-1,Echolocation,/mnt/ubna_data_01_mir/recover-20220825/UBNA_002/20220823_033000.WAV,Telephone Field,recover-20220825,002,1795
406.8995,406.9063,26328,40922,Eptesicus serotinus,0.006,0.021,-1,Echolocation,/mnt/ubna_data_01_mir/recover-20220825/UBNA_002/20220823_033000.WAV,Telephone Field,recover-20220825,002,1795
406.9035,406.9431,68437,82671,Rhinolophus ferrumequinum,0.021,0.021,-1,Echolocation,/mnt/ubna_data_01_mir/recover-20220825/UBNA_002/20220823_033000.WAV,Telephone Field,recover-20220825,002,1795
406.9155,406.9227,28046,38603,Eptesicus serotinus,0.006,0.022,-1,Echolocation,/mnt/ubna_data_01_mir/recover-20220825/UBNA_002/20220823_033000.WAV,Telephone Field,recover-20220825,002,1795
406.9865,406.9964,40937,47865,Pipistrellus nathusii,0.084,0.103,-1,Echolocation,/mnt/ubna_data_01_mir/recover-20220825/UBNA_002/20220823_033000.WAV,Telephone Field,recover-20220825,002,1795
406.9905,406.9991,26328,34872,Eptesicus serotinus,0.008,0.025,-1,Echolocation,/mnt/ubna_data_01_mir/recover-20220825/UBNA_002/20220823_033000.WAV,Telephone Field,recover-20220825,002,1795
406.9905,407.0302,68437,82273,Rhinolophus ferrumequinum,0.022,0.022,-1,Echolocation,/mnt/ubna_data_01_mir/recover-20220825/UBNA_002/20220823_033000.WAV,Telephone Field,recover-20220825,002,1795
407.0125,407.0209,26328,36042,Eptesicus serotinus,0.007,0.022,-1,Echolocation,/mnt/ubna_data_01_mir/recover-20220825/UBNA_002/20220823_033000.WAV,Telephone Field,recover-20220825,002,1795
407.0395,407.0485,28046,37094,Eptesicus serotinus,0.011,0.027,-1,Echolocation,/mnt/ubna_data_01_mir/recover-20220825/UBNA_002/20220823_033000.WAV,Telephone Field,recover-20220825,002,1795
407.0545,407.0928,68437,81689,Rhinolophus ferrumequinum,0.022,0.022,-1,Echolocation,/mnt/ubna_data_01_mir/recover-20220825/UBNA_002/20220823_033000.WAV,Telephone Field,recover-20220825,002,1795
407.0685,407.0765,28046,36250,Eptesicus serotinus,0.008,0.021,-1,Echolocation,/mnt/ubna_data_01_mir/recover-20220825/UBNA_002/20220823_033000.WAV,Telephone Field,recover-20220825,002,1795
407.08050000000003,407.0863,40078,52358,Pipistrellus nathusii,0.138,0.341,-1,Echolocation,/mnt/ubna_data_01_mir/recover-20220825/UBNA_002/20220823_033000.WAV,Telephone Field,recover-20220825,002,1795
407.1235,407.1293,30625,47736,Myotis daubentonii,0.017,0.031,-1,Echolocation,/mnt/ubna_data_01_mir/recover-20220825/UBNA_002/20220823_033000.WAV,Telephone Field,recover-20220825,002,1795
407.1715,407.1796,40078,49146,Pipistrellus nathusii,0.303,0.466,-1,Echolocation,/mnt/ubna_data_01_mir/recover-20220825/UBNA_002/20220823_033000.WAV,Telephone Field,recover-20220825,002,1795
407.2205,407.2302,28046,36118,Eptesicus serotinus,0.011,0.025,-1,Echolocation,/mnt/ubna_data_01_mir/recover-20220825/UBNA_002/20220823_033000.WAV,Telephone Field,recover-20220825,002,1795
407.2345,407.2737,68437,82328,Rhinolophus ferrumequinum,0.021,0.021,-1,Echolocation,/mnt/ubna_data_01_mir/recover-20220825/UBNA_002/20220823_033000.WAV,Telephone Field,recover-20220825,002,1795
407.2425,407.251,43515,50257,Pipistrellus pipistrellus,0.009,0.023,-1,Echolocation,/mnt/ubna_data_01_mir/recover-20220825/UBNA_002/20220823_033000.WAV,Telephone Field,recover-20220825,002,1795
407.2435,407.2502,36640,52077,Myotis brandtii,0.008,0.022,-1,Echolocation,/mnt/ubna_data_01_mir/recover-20220825/UBNA_002/20220823_033000.WAV,Telephone Field,recover-20220825,002,1795
407.2615,407.2675,38359,49923,Pipistrellus nathusii,0.157,0.368,-1,Echolocation,/mnt/ubna_data_01_mir/recover-20220825/UBNA_002/20220823_033000.WAV,Telephone Field,recover-20220825,002,1795
407.2995,407.3379,68437,82566,Rhinolophus ferrumequinum,0.023,0.023,-1,Echolocation,/mnt/ubna_data_01_mir/recover-20220825/UBNA_002/20220823_033000.WAV,Telephone Field,recover-20220825,002,1795
407.3515,407.3573,38359,47422,Pipistrellus nathusii,0.252,0.461,-1,Echolocation,/mnt/ubna_data_01_mir/recover-20220825/UBNA_002/20220823_033000.WAV,Telephone Field,recover-20220825,002,1795
407.3965,407.4364,68437,82490,Rhinolophus ferrumequinum,0.024,0.024,-1,Echolocation,/mnt/ubna_data_01_mir/recover-20220825/UBNA_002/20220823_033000.WAV,Telephone Field,recover-20220825,002,1795
407.4285,407.4371,28046,34907,Eptesicus serotinus,0.008,0.023,-1,Echolocation,/mnt/ubna_data_01_mir/recover-20220825/UBNA_002/20220823_033000.WAV,Telephone Field,recover-20220825,002,1795
407.4305,407.4648,68437,81308,Rhinolophus ferrumequinum,0.025,0.025,-1,Echolocation,/mnt/ubna_data_01_mir/recover-20220825/UBNA_002/20220823_033000.WAV,Telephone Field,recover-20220825,002,1795
407.4415,407.4475,39218,53734,Pipistrellus nathusii,0.203,0.514,-1,Echolocation,/mnt/ubna_data_01_mir/recover-20220825/UBNA_002/20220823_033000.WAV,Telephone Field,recover-20220825,002,1795
407.4495,407.4548,30625,42103,Myotis daubentonii,0.014,0.025,-1,Echolocation,/mnt/ubna_data_01_mir/recover-20220825/UBNA_002/20220823_033000.WAV,Telephone Field,recover-20220825,002,1795
407.4545,407.4913,68437,81725,Rhinolophus ferrumequinum,0.022,0.022,-1,Echolocation,/mnt/ubna_data_01_mir/recover-20220825/UBNA_002/20220823_033000.WAV,Telephone Field,recover-20220825,002,1795
407.4765,407.5145,68437,82393,Rhinolophus ferrumequinum,0.025,0.025,-1,Echolocation,/mnt/ubna_data_01_mir/recover-20220825/UBNA_002/20220823_033000.WAV,Telephone Field,recover-20220825,002,1795
407.4845,407.4927,33203,41902,Barbastellus barbastellus,0.008,0.025,-1,Echolocation,/mnt/ubna_data_01_mir/recover-20220825/UBNA_002/20220823_033000.WAV,Telephone Field,recover-20220825,002,1795
407.5045,407.5147,22890,28388,Nyctalus leisleri,0.008,0.021,-1,Echolocation,/mnt/ubna_data_01_mir/recover-20220825/UBNA_002/20220823_033000.WAV,Telephone Field,recover-20220825,002,1795
407.5245,407.5626,68437,82060,Rhinolophus ferrumequinum,0.021,0.021,-1,Echolocation,/mnt/ubna_data_01_mir/recover-20220825/UBNA_002/20220823_033000.WAV,Telephone Field,recover-20220825,002,1795
407.5345,407.5394,37500,52054,Pipistrellus nathusii,0.264,0.413,-1,Echolocation,/mnt/ubna_data_01_mir/recover-20220825/UBNA_002/20220823_033000.WAV,Telephone Field,recover-20220825,002,1795
407.5425,407.5484,26328,34986,Eptesicus serotinus,0.004,0.021,-1,Echolocation,/mnt/ubna_data_01_mir/recover-20220825/UBNA_002/20220823_033000.WAV,Telephone Field,recover-20220825,002,1795
407.6135,407.6516,68437,81739,Rhinolophus ferrumequinum,0.024,0.024,-1,Echolocation,/mnt/ubna_data_01_mir/recover-20220825/UBNA_002/20220823_033000.WAV,Telephone Field,recover-20220825,002,1795
407.6195,407.626,39218,52254,Pipistrellus nathusii,0.175,0.397,-1,Echolocation,/mnt/ubna_data_01_mir/recover-20220825/UBNA_002/20220823_033000.WAV,Telephone Field,recover-20220825,002,1795
407.6905,407.7346,68437,83125,Rhinolophus ferrumequinum,0.024,0.024,-1,Echolocation,/mnt/ubna_data_01_mir/recover-20220825/UBNA_002/20220823_033000.WAV,Telephone Field,recover-20220825,002,1795
407.7045,407.712,47812,50672,Pipistrellus pipistrellus,0.017,0.029,-1,Echolocation,/mnt/ubna_data_01_mir/recover-20220825/UBNA_002/20220823_033000.WAV,Telephone Field,recover-20220825,002,1795
407.7045,407.7098,34921,52621,Myotis brandtii,0.172,0.411,-1,Echolocation,/mnt/ubna_data_01_mir/recover-20220825/UBNA_002/20220823_033000.WAV,Telephone Field,recover-20220825,002,1795
407.7135,407.7219,27187,34727,Eptesicus serotinus,0.008,0.027,-1,Echolocation,/mnt/ubna_data_01_mir/recover-20220825/UBNA_002/20220823_033000.WAV,Telephone Field,recover-20220825,002,1795
407.7345,407.7412,27187,37298,Eptesicus serotinus,0.008,0.027,-1,Echolocation,/mnt/ubna_data_01_mir/recover-20220825/UBNA_002/20220823_033000.WAV,Telephone Field,recover-20220825,002,1795
407.7865,407.7949,27187,38018,Eptesicus serotinus,0.009,0.023,-1,Echolocation,/mnt/ubna_data_01_mir/recover-20220825/UBNA_002/20220823_033000.WAV,Telephone Field,recover-20220825,002,1795
407.7995,407.8049,32343,54740,Myotis daubentonii,0.014,0.029,-1,Echolocation,/mnt/ubna_data_01_mir/recover-20220825/UBNA_002/20220823_033000.WAV,Telephone Field,recover-20220825,002,1795
407.8065,407.8241,22890,25863,Nyctalus leisleri,0.036,0.069,-1,Echolocation,/mnt/ubna_data_01_mir/recover-20220825/UBNA_002/20220823_033000.WAV,Telephone Field,recover-20220825,002,1795
407.8165,407.8559,68437,81755,Rhinolophus ferrumequinum,0.021,0.021,-1,Echolocation,/mnt/ubna_data_01_mir/recover-20220825/UBNA_002/20220823_033000.WAV,Telephone Field,recover-20220825,002,1795
407.8425,407.8811,68437,82017,Rhinolophus ferrumequinum,0.021,0.022,-1,Echolocation,/mnt/ubna_data_01_mir/recover-20220825/UBNA_002/20220823_033000.WAV,Telephone Field,recover-20220825,002,1795
407.8985,407.93489999999997,68437,82200,Rhinolophus ferrumequinum,0.022,0.022,-1,Echolocation,/mnt/ubna_data_01_mir/recover-20220825/UBNA_002/20220823_033000.WAV,Telephone Field,recover-20220825,002,1795
407.9215,407.9607,68437,81721,Rhinolophus ferrumequinum,0.022,0.022,-1,Echolocation,/mnt/ubna_data_01_mir/recover-20220825/UBNA_002/20220823_033000.WAV,Telephone Field,recover-20220825,002,1795
407.9305,407.9372,40078,49963,Myotis daubentonii,0.009,0.023,-1,Echolocation,/mnt/ubna_data_01_mir/recover-20220825/UBNA_002/20220823_033000.WAV,Telephone Field,recover-20220825,002,1795
407.9315,407.94010000000003,26328,37236,Eptesicus serotinus,0.009,0.025,-1,Echolocation,/mnt/ubna_data_01_mir/recover-20220825/UBNA_002/20220823_033000.WAV,Telephone Field,recover-20220825,002,1795
407.9315,407.9376,34921,48180,Myotis daubentonii,0.011,0.024,-1,Echolocation,/mnt/ubna_data_01_mir/recover-20220825/UBNA_002/20220823_033000.WAV,Telephone Field,recover-20220825,002,1795
407.9445,407.9517,46953,55534,Pipistrellus pipistrellus,0.017,0.028,-1,Echolocation,/mnt/ubna_data_01_mir/recover-20220825/UBNA_002/20220823_033000.WAV,Telephone Field,recover-20220825,002,1795
407.9525,407.9605,42656,48683,Pipistrellus nathusii,0.039,0.066,-1,Echolocation,/mnt/ubna_data_01_mir/recover-20220825/UBNA_002/20220823_033000.WAV,Telephone Field,recover-20220825,002,1795
407.9655,407.9751,27187,34973,Eptesicus serotinus,0.012,0.028,-1,Echolocation,/mnt/ubna_data_01_mir/recover-20220825/UBNA_002/20220823_033000.WAV,Telephone Field,recover-20220825,002,1795
407.9715,407.9772,47812,52777,Pipistrellus pipistrellus,0.024,0.025,-1,Echolocation,/mnt/ubna_data_01_mir/recover-20220825/UBNA_002/20220823_033000.WAV,Telephone Field,recover-20220825,002,1795
408.0015,408.0086,25468,37559,Eptesicus serotinus,0.006,0.03,-1,Echolocation,/mnt/ubna_data_01_mir/recover-20220825/UBNA_002/20220823_033000.WAV,Telephone Field,recover-20220825,002,1795
408.0015,408.0097,30625,39363,Barbastellus barbastellus,0.008,0.026,-1,Echolocation,/mnt/ubna_data_01_mir/recover-20220825/UBNA_002/20220823_033000.WAV,Telephone Field,recover-20220825,002,1795
408.0015,408.0119,46953,51586,Pipistrellus pipistrellus,0.019,0.026,-1,Echolocation,/mnt/ubna_data_01_mir/recover-20220825/UBNA_002/20220823_033000.WAV,Telephone Field,recover-20220825,002,1795
408.0015,408.0323,69296,80447,Rhinolophus ferrumequinum,0.044,0.044,-1,Echolocation,/mnt/ubna_data_01_mir/recover-20220825/UBNA_002/20220823_033000.WAV,Telephone Field,recover-20220825,002,1795
408.0395,408.058,22890,25776,Nyctalus leisleri,0.098,0.137,-1,Echolocation,/mnt/ubna_data_01_mir/recover-20220825/UBNA_002/20220823_033000.WAV,Telephone Field,recover-20220825,002,1795
408.0405,408.0775,68437,81818,Rhinolophus ferrumequinum,0.027,0.027,-1,Echolocation,/mnt/ubna_data_01_mir/recover-20220825/UBNA_002/20220823_033000.WAV,Telephone Field,recover-20220825,002,1795
408.0585,408.06759999999997,25468,32601,Eptesicus serotinus,0.008,0.023,-1,Echolocation,/mnt/ubna_data_01_mir/recover-20220825/UBNA_002/20220823_033000.WAV,Telephone Field,recover-20220825,002,1795
408.1075,408.1153,28046,37150,Eptesicus serotinus,0.007,0.025,-1,Echolocation,/mnt/ubna_data_01_mir/recover-20220825/UBNA_002/20220823_033000.WAV,Telephone Field,recover-20220825,002,1795
408.1675,408.1769,28046,36182,Eptesicus serotinus,0.01,0.024,-1,Echolocation,/mnt/ubna_data_01_mir/recover-20220825/UBNA_002/20220823_033000.WAV,Telephone Field,recover-20220825,002,1795
408.2115,408.2291,16015,21499,Nyctalus noctula,0.018,0.025,-1,Echolocation,/mnt/ubna_data_01_mir/recover-20220825/UBNA_002/20220823_033000.WAV,Telephone Field,recover-20220825,002,1795
408.2175,408.2294,53828,58982,Pipistrellus pygmaeus,0.045,0.046,-1,Echolocation,/mnt/ubna_data_01_mir/recover-20220825/UBNA_002/20220823_033000.WAV,Telephone Field,recover-20220825,002,1795
408.2215,408.2629,68437,83578,Rhinolophus ferrumequinum,0.034,0.034,-1,Echolocation,/mnt/ubna_data_01_mir/recover-20220825/UBNA_002/20220823_033000.WAV,Telephone Field,recover-20220825,002,1795
408.27049999999997,408.2809,41796,45667,Pipistrellus nathusii,0.018,0.035,-1,Echolocation,/mnt/ubna_data_01_mir/recover-20220825/UBNA_002/20220823_033000.WAV,Telephone Field,recover-20220825,002,1795
408.2855,408.3226,68437,81395,Rhinolophus ferrumequinum,0.026,0.026,-1,Echolocation,/mnt/ubna_data_01_mir/recover-20220825/UBNA_002/20220823_033000.WAV,Telephone Field,recover-20220825,002,1795
408.3025,408.3118,47812,53392,Pipistrellus pipistrellus,0.02,0.024,-1,Echolocation,/mnt/ubna_data_01_mir/recover-20220825/UBNA_002/20220823_033000.WAV,Telephone Field,recover-20220825,002,1795
408.3045,408.3101,36640,55239,Myotis brandtii,0.009,0.023,-1,Echolocation,/mnt/ubna_data_01_mir/recover-20220825/UBNA_002/20220823_033000.WAV,Telephone Field,recover-20220825,002,1795
408.3055,408.3242,18593,22049,Nyctalus noctula,0.012,0.023,-1,Echolocation,/mnt/ubna_data_01_mir/recover-20220825/UBNA_002/20220823_033000.WAV,Telephone Field,recover-20220825,002,1795
408.3225,408.3607,68437,82221,Rhinolophus ferrumequinum,0.025,0.025,-1,Echolocation,/mnt/ubna_data_01_mir/recover-20220825/UBNA_002/20220823_033000.WAV,Telephone Field,recover-20220825,002,1795
408.3295,408.3377,27187,38178,Eptesicus serotinus,0.008,0.023,-1,Echolocation,/mnt/ubna_data_01_mir/recover-20220825/UBNA_002/20220823_033000.WAV,Telephone Field,recover-20220825,002,1795
408.3505,408.3603,22890,28944,Nyctalus leisleri,0.009,0.023,-1,Echolocation,/mnt/ubna_data_01_mir/recover-20220825/UBNA_002/20220823_033000.WAV,Telephone Field,recover-20220825,002,1795
408.3655,408.3758,46953,50957,Pipistrellus pipistrellus,0.022,0.027,-1,Echolocation,/mnt/ubna_data_01_mir/recover-20220825/UBNA_002/20220823_033000.WAV,Telephone Field,recover-20220825,002,1795
408.39549999999997,408.4377,68437,82384,Rhinolophus ferrumequinum,0.032,0.032,-1,Echolocation,/mnt/ubna_data_01_mir/recover-20220825/UBNA_002/20220823_033000.WAV,Telephone Field,recover-20220825,002,1795
408.4145,408.4551,68437,82667,Rhinolophus ferrumequinum,0.034,0.034,-1,Echolocation,/mnt/ubna_data_01_mir/recover-20220825/UBNA_002/20220823_033000.WAV,Telephone Field,recover-20220825,002,1795
408.4485,408.4881,68437,83054,Rhinolophus ferrumequinum,0.043,0.043,-1,Echolocation,/mnt/ubna_data_01_mir/recover-20220825/UBNA_002/20220823_033000.WAV,Telephone Field,recover-20220825,002,1795
408.4725,408.512,68437,82326,Rhinolophus ferrumequinum,0.027,0.027,-1,Echolocation,/mnt/ubna_data_01_mir/recover-20220825/UBNA_002/20220823_033000.WAV,Telephone Field,recover-20220825,002,1795
408.4875,408.4958,50390,58369,Pipistrellus pipistrellus,0.022,0.028,-1,Echolocation,/mnt/ubna_data_01_mir/recover-20220825/UBNA_002/20220823_033000.WAV,Telephone Field,recover-20220825,002,1795
408.5235,408.533,43515,50676,Pipistrellus nathusii,0.011,0.03,-1,Echolocation,/mnt/ubna_data_01_mir/recover-20220825/UBNA_002/20220823_033000.WAV,Telephone Field,recover-20220825,002,1795
408.5635,408.6004,68437,81668,Rhinolophus ferrumequinum,0.023,0.023,-1,Echolocation,/mnt/ubna_data_01_mir/recover-20220825/UBNA_002/20220823_033000.WAV,Telephone Field,recover-20220825,002,1795
408.60450000000003,408.6135,28046,37464,Eptesicus serotinus,0.011,0.027,-1,Echolocation,/mnt/ubna_data_01_mir/recover-20220825/UBNA_002/20220823_033000.WAV,Telephone Field,recover-20220825,002,1795
408.6135,408.6234,36640,45000,Pipistrellus nathusii,0.009,0.023,-1,Echolocation,/mnt/ubna_data_01_mir/recover-20220825/UBNA_002/20220823_033000.WAV,Telephone Field,recover-20220825,002,1795
408.6155,408.6231,27187,37719,Eptesicus serotinus,0.007,0.023,-1,Echolocation,/mnt/ubna_data_01_mir/recover-20220825/UBNA_002/20220823_033000.WAV,Telephone Field,recover-20220825,002,1795
408.6315,408.6384,28046,36459,Eptesicus serotinus,0.007,0.023,-1,Echolocation,/mnt/ubna_data_01_mir/recover-20220825/UBNA_002/20220823_033000.WAV,Telephone Field,recover-20220825,002,1795
408.6485,408.6549,39218,47813,Pipistrellus nathusii,0.306,0.464,-1,Echolocation,/mnt/ubna_data_01_mir/recover-20220825/UBNA_002/20220823_033000.WAV,Telephone Field,recover-20220825,002,1795
408.6565,408.6672,22890,28132,Nyctalus leisleri,0.014,0.03,-1,Echolocation,/mnt/ubna_data_01_mir/recover-20220825/UBNA_002/20220823_033000.WAV,Telephone Field,recover-20220825,002,1795
408.6865,408.7249,68437,82431,Rhinolophus ferrumequinum,0.03,0.03,-1,Echolocation,/mnt/ubna_data_01_mir/recover-20220825/UBNA_002/20220823_033000.WAV,Telephone Field,recover-20220825,002,1795
408.7215,408.759,68437,81775,Rhinolophus ferrumequinum,0.025,0.026,-1,Echolocation,/mnt/ubna_data_01_mir/recover-20220825/UBNA_002/20220823_033000.WAV,Telephone Field,recover-20220825,002,1795
408.7235,408.7413,18593,23078,Nyctalus noctula,0.02,0.034,-1,Echolocation,/mnt/ubna_data_01_mir/recover-20220825/UBNA_002/20220823_033000.WAV,Telephone Field,recover-20220825,002,1795
408.7345,408.744,27187,34305,Eptesicus serotinus,0.01,0.024,-1,Echolocation,/mnt/ubna_data_01_mir/recover-20220825/UBNA_002/20220823_033000.WAV,Telephone Field,recover-20220825,002,1795
408.7595,408.8016,68437,83165,Rhinolophus ferrumequinum,0.033,0.033,-1,Echolocation,/mnt/ubna_data_01_mir/recover-20220825/UBNA_002/20220823_033000.WAV,Telephone Field,recover-20220825,002,1795
408.7595,408.7681,48671,55924,Pipistrellus pipistrellus,0.019,0.023,-1,Echolocation,/mnt/ubna_data_01_mir/recover-20220825/UBNA_002/20220823_033000.WAV,Telephone Field,recover-20220825,002,1795
408.7675,408.7751,26328,35614,Eptesicus serotinus,0.016,0.039,-1,Echolocation,/mnt/ubna_data_01_mir/recover-20220825/UBNA_002/20220823_033000.WAV,Telephone Field,recover-20220825,002,1795
408.7785,408.7858,27187,39141,Eptesicus serotinus,0.007,0.023,-1,Echolocation,/mnt/ubna_data_01_mir/recover-20220825/UBNA_002/20220823_033000.WAV,Telephone Field,recover-20220825,002,1795
408.7965,408.8041,27187,37611,Eptesicus serotinus,0.008,0.024,-1,Echolocation,/mnt/ubna_data_01_mir/recover-20220825/UBNA_002/20220823_033000.WAV,Telephone Field,recover-20220825,002,1795
408.7995,408.8094,38359,43927,Pipistrellus nathusii,0.079,0.096,-1,Echolocation,/mnt/ubna_data_01_mir/recover-20220825/UBNA_002/20220823_033000.WAV,Telephone Field,recover-20220825,002,1795
408.8185,408.8263,28046,36755,Eptesicus serotinus,0.008,0.024,-1,Echolocation,/mnt/ubna_data_01_mir/recover-20220825/UBNA_002/20220823_033000.WAV,Telephone Field,recover-20220825,002,1795
408.8385,408.8479,38359,42981,Pipistrellus nathusii,0.102,0.145,-1,Echolocation,/mnt/ubna_data_01_mir/recover-20220825/UBNA_002/20220823_033000.WAV,Telephone Field,recover-20220825,002,1795
408.8455,408.8833,68437,82561,Rhinolophus ferrumequinum,0.023,0.023,-1,Echolocation,/mnt/ubna_data_01_mir/recover-20220825/UBNA_002/20220823_033000.WAV,Telephone Field,recover-20220825,002,1795
408.8465,408.8569,25468,32922,Eptesicus serotinus,0.01,0.023,-1,Echolocation,/mnt/ubna_data_01_mir/recover-20220825/UBNA_002/20220823_033000.WAV,Telephone Field,recover-20220825,002,1795
408.8835,408.924,68437,82743,Rhinolophus ferrumequinum,0.025,0.025,-1,Echolocation,/mnt/ubna_data_01_mir/recover-20220825/UBNA_002/20220823_033000.WAV,Telephone Field,recover-20220825,002,1795
408.8895,408.9303,68437,82899,Rhinolophus ferrumequinum,0.026,0.026,-1,Echolocation,/mnt/ubna_data_01_mir/recover-20220825/UBNA_002/20220823_033000.WAV,Telephone Field,recover-20220825,002,1795
408.8925,408.9122,20312,23128,Nyctalus leisleri,0.015,0.029,-1,Echolocation,/mnt/ubna_data_01_mir/recover-20220825/UBNA_002/20220823_033000.WAV,Telephone Field,recover-20220825,002,1795
408.9445,408.9512,30625,45681,Myotis daubentonii,0.009,0.023,-1,Echolocation,/mnt/ubna_data_01_mir/recover-20220825/UBNA_002/20220823_033000.WAV,Telephone Field,recover-20220825,002,1795
408.9575,408.9975,68437,82191,Rhinolophus ferrumequinum,0.024,0.024,-1,Echolocation,/mnt/ubna_data_01_mir/recover-20220825/UBNA_002/20220823_033000.WAV,Telephone Field,recover-20220825,002,1795
408.9595,408.9693,28046,36611,Eptesicus serotinus,0.01,0.024,-1,Echolocation,/mnt/ubna_data_01_mir/recover-20220825/UBNA_002/20220823_033000.WAV,Telephone Field,recover-20220825,002,1795
408.9955,409.0076,28906,33929,Eptesicus serotinus,0.015,0.028,-1,Echolocation,/mnt/ubna_data_01_mir/recover-20220825/UBNA_002/20220823_033000.WAV,Telephone Field,recover-20220825,002,1795
409.0095,409.0166,37500,47807,Pipistrellus nathusii,0.095,0.316,-1,Echolocation,/mnt/ubna_data_01_mir/recover-20220825/UBNA_002/20220823_033000.WAV,Telephone Field,recover-20220825,002,1795
409.0695,409.079,53828,58614,Pipistrellus pygmaeus,0.021,0.023,-1,Echolocation,/mnt/ubna_data_01_mir/recover-20220825/UBNA_002/20220823_033000.WAV,Telephone Field,recover-20220825,002,1795
409.0705,409.0797,36640,41826,Pipistrellus nathusii,0.015,0.029,-1,Echolocation,/mnt/ubna_data_01_mir/recover-20220825/UBNA_002/20220823_033000.WAV,Telephone Field,recover-20220825,002,1795
409.0725,409.0799,26328,36454,Eptesicus serotinus,0.008,0.024,-1,Echolocation,/mnt/ubna_data_01_mir/recover-20220825/UBNA_002/20220823_033000.WAV,Telephone Field,recover-20220825,002,1795
409.0775,409.1167,68437,82671,Rhinolophus ferrumequinum,0.024,0.024,-1,Echolocation,/mnt/ubna_data_01_mir/recover-20220825/UBNA_002/20220823_033000.WAV,Telephone Field,recover-20220825,002,1795
409.0825,409.1233,68437,82624,Rhinolophus ferrumequinum,0.024,0.024,-1,Echolocation,/mnt/ubna_data_01_mir/recover-20220825/UBNA_002/20220823_033000.WAV,Telephone Field,recover-20220825,002,1795
409.1025,409.1095,38359,47762,Pipistrellus nathusii,0.242,0.388,-1,Echolocation,/mnt/ubna_data_01_mir/recover-20220825/UBNA_002/20220823_033000.WAV,Telephone Field,recover-20220825,002,1795
409.1235,409.1321,43515,52987,Pipistrellus pipistrellus,0.012,0.026,-1,Echolocation,/mnt/ubna_data_01_mir/recover-20220825/UBNA_002/20220823_033000.WAV,Telephone Field,recover-20220825,002,1795
409.1285,409.1377,27187,35305,Eptesicus serotinus,0.009,0.023,-1,Echolocation,/mnt/ubna_data_01_mir/recover-20220825/UBNA_002/20220823_033000.WAV,Telephone Field,recover-20220825,002,1795
409.1335,409.1425,27187,37064,Eptesicus serotinus,0.009,0.023,-1,Echolocation,/mnt/ubna_data_01_mir/recover-20220825/UBNA_002/20220823_033000.WAV,Telephone Field,recover-20220825,002,1795
409.1505,409.1579,27187,39198,Eptesicus serotinus,0.007,0.023,-1,Echolocation,/mnt/ubna_data_01_mir/recover-20220825/UBNA_002/20220823_033000.WAV,Telephone Field,recover-20220825,002,1795
409.1605,409.1983,68437,81008,Rhinolophus ferrumequinum,0.024,0.024,-1,Echolocation,/mnt/ubna_data_01_mir/recover-20220825/UBNA_002/20220823_033000.WAV,Telephone Field,recover-20220825,002,1795
409.1675,409.203,68437,80749,Rhinolophus ferrumequinum,0.024,0.025,-1,Echolocation,/mnt/ubna_data_01_mir/recover-20220825/UBNA_002/20220823_033000.WAV,Telephone Field,recover-20220825,002,1795
409.2115,409.2231,57265,65488,Pipistrellus pygmaeus,0.032,0.032,-1,Echolocation,/mnt/ubna_data_01_mir/recover-20220825/UBNA_002/20220823_033000.WAV,Telephone Field,recover-20220825,002,1795
409.2195,409.2274,28046,36030,Eptesicus serotinus,0.009,0.025,-1,Echolocation,/mnt/ubna_data_01_mir/recover-20220825/UBNA_002/20220823_033000.WAV,Telephone Field,recover-20220825,002,1795
409.2395,409.2462,37500,46952,Myotis brandtii,0.008,0.025,-1,Echolocation,/mnt/ubna_data_01_mir/recover-20220825/UBNA_002/20220823_033000.WAV,Telephone Field,recover-20220825,002,1795
409.2485,409.2588,28046,35683,Eptesicus serotinus,0.013,0.028,-1,Echolocation,/mnt/ubna_data_01_mir/recover-20220825/UBNA_002/20220823_033000.WAV,Telephone Field,recover-20220825,002,1795
409.2745,409.314,68437,82777,Rhinolophus ferrumequinum,0.026,0.026,-1,Echolocation,/mnt/ubna_data_01_mir/recover-20220825/UBNA_002/20220823_033000.WAV,Telephone Field,recover-20220825,002,1795
409.2915,409.298,32343,45284,Myotis daubentonii,0.015,0.033,-1,Echolocation,/mnt/ubna_data_01_mir/recover-20220825/UBNA_002/20220823_033000.WAV,Telephone Field,recover-20220825,002,1795
409.3015,409.3386,68437,81357,Rhinolophus ferrumequinum,0.025,0.025,-1,Echolocation,/mnt/ubna_data_01_mir/recover-20220825/UBNA_002/20220823_033000.WAV,Telephone Field,recover-20220825,002,1795
409.3685,409.3777,56406,61343,Pipistrellus pygmaeus,0.051,0.052,-1,Echolocation,/mnt/ubna_data_01_mir/recover-20220825/UBNA_002/20220823_033000.WAV,Telephone Field,recover-20220825,002,1795
409.3775,409.3855,43515,49605,Pipistrellus pipistrellus,0.01,0.023,-1,Echolocation,/mnt/ubna_data_01_mir/recover-20220825/UBNA_002/20220823_033000.WAV,Telephone Field,recover-20220825,002,1795
409.3785,409.4163,68437,82478,Rhinolophus ferrumequinum,0.023,0.023,-1,Echolocation,/mnt/ubna_data_01_mir/recover-20220825/UBNA_002/20220823_033000.WAV,Telephone Field,recover-20220825,002,1795
409.3805,409.3914,23750,29313,Nyctalus leisleri,0.01,0.025,-1,Echolocation,/mnt/ubna_data_01_mir/recover-20220825/UBNA_002/20220823_033000.WAV,Telephone Field,recover-20220825,002,1795
409.3995,409.4347,68437,81851,Rhinolophus ferrumequinum,0.023,0.023,-1,Echolocation,/mnt/ubna_data_01_mir/recover-20220825/UBNA_002/20220823_033000.WAV,Telephone Field,recover-20220825,002,1795
409.4015,409.4091,37500,47944,Pipistrellus nathusii,0.091,0.174,-1,Echolocation,/mnt/ubna_data_01_mir/recover-20220825/UBNA_002/20220823_033000.WAV,Telephone Field,recover-20220825,002,1795
409.4355,409.4432,53828,59897,Pipistrellus pygmaeus,0.041,0.043,-1,Echolocation,/mnt/ubna_data_01_mir/recover-20220825/UBNA_002/20220823_033000.WAV,Telephone Field,recover-20220825,002,1795
409.4355,409.4423,46953,57527,Pipistrellus pipistrellus,0.037,0.048,-1,Echolocation,/mnt/ubna_data_01_mir/recover-20220825/UBNA_002/20220823_033000.WAV,Telephone Field,recover-20220825,002,1795
409.4905,409.5284,68437,81871,Rhinolophus ferrumequinum,0.023,0.023,-1,Echolocation,/mnt/ubna_data_01_mir/recover-20220825/UBNA_002/20220823_033000.WAV,Telephone Field,recover-20220825,002,1795
409.4915,409.4982,26328,38284,Eptesicus serotinus,0.006,0.024,-1,Echolocation,/mnt/ubna_data_01_mir/recover-20220825/UBNA_002/20220823_033000.WAV,Telephone Field,recover-20220825,002,1795
409.4935,409.4998,40078,49984,Pipistrellus nathusii,0.353,0.448,-1,Echolocation,/mnt/ubna_data_01_mir/recover-20220825/UBNA_002/20220823_033000.WAV,Telephone Field,recover-20220825,002,1795
409.5145,409.5501,68437,80312,Rhinolophus ferrumequinum,0.024,0.024,-1,Echolocation,/mnt/ubna_data_01_mir/recover-20220825/UBNA_002/20220823_033000.WAV,Telephone Field,recover-20220825,002,1795
409.52049999999997,409.5556,68437,80726,Rhinolophus ferrumequinum,0.024,0.024,-1,Echolocation,/mnt/ubna_data_01_mir/recover-20220825/UBNA_002/20220823_033000.WAV,Telephone Field,recover-20220825,002,1795
409.5295,409.5365,47812,52465,Pipistrellus pipistrellus,0.022,0.024,-1,Echolocation,/mnt/ubna_data_01_mir/recover-20220825/UBNA_002/20220823_033000.WAV,Telephone Field,recover-20220825,002,1795
409.5565,409.5958,68437,82268,Rhinolophus ferrumequinum,0.025,0.025,-1,Echolocation,/mnt/ubna_data_01_mir/recover-20220825/UBNA_002/20220823_033000.WAV,Telephone Field,recover-20220825,002,1795
409.5755,409.5826,36640,49206,Myotis brandtii,0.01,0.024,-1,Echolocation,/mnt/ubna_data_01_mir/recover-20220825/UBNA_002/20220823_033000.WAV,Telephone Field,recover-20220825,002,1795
409.5755,409.5829,27187,39004,Eptesicus serotinus,0.009,0.026,-1,Echolocation,/mnt/ubna_data_01_mir/recover-20220825/UBNA_002/20220823_033000.WAV,Telephone Field,recover-20220825,002,1795
409.5925,409.5994,40078,47011,Pipistrellus nathusii,0.299,0.488,-1,Echolocation,/mnt/ubna_data_01_mir/recover-20220825/UBNA_002/20220823_033000.WAV,Telephone Field,recover-20220825,002,1795
409.6845,409.6904,40078,47862,Pipistrellus nathusii,0.215,0.385,-1,Echolocation,/mnt/ubna_data_01_mir/recover-20220825/UBNA_002/20220823_033000.WAV,Telephone Field,recover-20220825,002,1795
409.7035,409.7107,27187,36007,Eptesicus serotinus,0.008,0.024,-1,Echolocation,/mnt/ubna_data_01_mir/recover-20220825/UBNA_002/20220823_033000.WAV,Telephone Field,recover-20220825,002,1795
409.7115,409.7486,68437,82065,Rhinolophus ferrumequinum,0.027,0.027,-1,Echolocation,/mnt/ubna_data_01_mir/recover-20220825/UBNA_002/20220823_033000.WAV,Telephone Field,recover-20220825,002,1795
409.7425,409.7794,68437,81745,Rhinolophus ferrumequinum,0.024,0.024,-1,Echolocation,/mnt/ubna_data_01_mir/recover-20220825/UBNA_002/20220823_033000.WAV,Telephone Field,recover-20220825,002,1795
409.7505,409.7585,27187,36989,Eptesicus serotinus,0.011,0.031,-1,Echolocation,/mnt/ubna_data_01_mir/recover-20220825/UBNA_002/20220823_033000.WAV,Telephone Field,recover-20220825,002,1795
409.7815,409.7869,39218,48731,Pipistrellus nathusii,0.151,0.336,-1,Echolocation,/mnt/ubna_data_01_mir/recover-20220825/UBNA_002/20220823_033000.WAV,Telephone Field,recover-20220825,002,1795
409.8175,409.8276,23750,29721,Nyctalus leisleri,0.009,0.027,-1,Echolocation,/mnt/ubna_data_01_mir/recover-20220825/UBNA_002/20220823_033000.WAV,Telephone Field,recover-20220825,002,1795
409.8575,409.8921,68437,81306,Rhinolophus ferrumequinum,0.023,0.023,-1,Echolocation,/mnt/ubna_data_01_mir/recover-20220825/UBNA_002/20220823_033000.WAV,Telephone Field,recover-20220825,002,1795
409.8695,409.877,39218,47464,Pipistrellus nathusii,0.223,0.401,-1,Echolocation,/mnt/ubna_data_01_mir/recover-20220825/UBNA_002/20220823_033000.WAV,Telephone Field,recover-20220825,002,1795
409.9235,409.9305,27187,38329,Eptesicus serotinus,0.013,0.038,-1,Echolocation,/mnt/ubna_data_01_mir/recover-20220825/UBNA_002/20220823_033000.WAV,Telephone Field,recover-20220825,002,1795
409.95550000000003,409.9909,68437,81651,Rhinolophus ferrumequinum,0.024,0.024,-1,Echolocation,/mnt/ubna_data_01_mir/recover-20220825/UBNA_002/20220823_033000.WAV,Telephone Field,recover-20220825,002,1795
409.9595,409.9713,16015,20864,Nyctalus noctula,0.016,0.031,-1,Echolocation,/mnt/ubna_data_01_mir/recover-20220825/UBNA_002/20220823_033000.WAV,Telephone Field,recover-20220825,002,1795
409.9615,409.9682,39218,50660,Pipistrellus nathusii,0.223,0.476,-1,Echolocation,/mnt/ubna_data_01_mir/recover-20220825/UBNA_002/20220823_033000.WAV,Telephone Field,recover-20220825,002,1795
409.9695,409.9766,26328,34070,Eptesicus serotinus,0.007,0.026,-1,Echolocation,/mnt/ubna_data_01_mir/recover-20220825/UBNA_002/20220823_033000.WAV,Telephone Field,recover-20220825,002,1795
410.0015,410.0094,24609,33658,Nyctalus leisleri,0.006,0.022,-1,Echolocation,/mnt/ubna_data_01_mir/recover-20220825/UBNA_002/20220823_033000.WAV,Telephone Field,recover-20220825,002,1795
410.0015,410.0307,68437,80292,Rhinolophus ferrumequinum,0.053,0.054,-1,Echolocation,/mnt/ubna_data_01_mir/recover-20220825/UBNA_002/20220823_033000.WAV,Telephone Field,recover-20220825,002,1795
410.0015,410.0099,33203,42821,Myotis daubentonii,0.007,0.026,-1,Echolocation,/mnt/ubna_data_01_mir/recover-20220825/UBNA_002/20220823_033000.WAV,Telephone Field,recover-20220825,002,1795
410.0015,410.015,58125,65510,Pipistrellus pygmaeus,0.024,0.025,-1,Echolocation,/mnt/ubna_data_01_mir/recover-20220825/UBNA_002/20220823_033000.WAV,Telephone Field,recover-20220825,002,1795
410.02049999999997,410.0297,28906,37653,Eptesicus serotinus,0.008,0.023,-1,Echolocation,/mnt/ubna_data_01_mir/recover-20220825/UBNA_002/20220823_033000.WAV,Telephone Field,recover-20220825,002,1795
410.0425,410.0528,22031,27577,Nyctalus leisleri,0.009,0.023,-1,Echolocation,/mnt/ubna_data_01_mir/recover-20220825/UBNA_002/20220823_033000.WAV,Telephone Field,recover-20220825,002,1795
410.0505,410.08299999999997,68437,80445,Rhinolophus ferrumequinum,0.022,0.022,-1,Echolocation,/mnt/ubna_data_01_mir/recover-20220825/UBNA_002/20220823_033000.WAV,Telephone Field,recover-20220825,002,1795
410.0575,410.0949,68437,81830,Rhinolophus ferrumequinum,0.024,0.024,-1,Echolocation,/mnt/ubna_data_01_mir/recover-20220825/UBNA_002/20220823_033000.WAV,Telephone Field,recover-20220825,002,1795
410.0705,410.0794,27187,36051,Eptesicus serotinus,0.008,0.023,-1,Echolocation,/mnt/ubna_data_01_mir/recover-20220825/UBNA_002/20220823_033000.WAV,Telephone Field,recover-20220825,002,1795
410.0705,410.0791,41796,48173,Pipistrellus nathusii,0.012,0.026,-1,Echolocation,/mnt/ubna_data_01_mir/recover-20220825/UBNA_002/20220823_033000.WAV,Telephone Field,recover-20220825,002,1795
410.0935,410.1294,68437,81626,Rhinolophus ferrumequinum,0.021,0.022,-1,Echolocation,/mnt/ubna_data_01_mir/recover-20220825/UBNA_002/20220823_033000.WAV,Telephone Field,recover-20220825,002,1795
410.1065,410.1143,28046,37543,Eptesicus serotinus,0.007,0.022,-1,Echolocation,/mnt/ubna_data_01_mir/recover-20220825/UBNA_002/20220823_033000.WAV,Telephone Field,recover-20220825,002,1795
410.1495,410.1834,68437,82161,Rhinolophus ferrumequinum,0.033,0.033,-1,Echolocation,/mnt/ubna_data_01_mir/recover-20220825/UBNA_002/20220823_033000.WAV,Telephone Field,recover-20220825,002,1795
410.1525,410.16,40937,52155,Pipistrellus nathusii,0.026,0.058,-1,Echolocation,/mnt/ubna_data_01_mir/recover-20220825/UBNA_002/20220823_033000.WAV,Telephone Field,recover-20220825,002,1795
410.1625,410.17,56406,65400,Pipistrellus pygmaeus,0.021,0.021,-1,Echolocation,/mnt/ubna_data_01_mir/recover-20220825/UBNA_002/20220823_033000.WAV,Telephone Field,recover-20220825,002,1795
410.1845,410.1984,28046,34422,Eptesicus serotinus,0.019,0.034,-1,Echolocation,/mnt/ubna_data_01_mir/recover-20220825/UBNA_002/20220823_033000.WAV,Telephone Field,recover-20220825,002,1795
410.1915,410.2007,29765,37729,Barbastellus barbastellus,0.008,0.031,-1,Echolocation,/mnt/ubna_data_01_mir/recover-20220825/UBNA_002/20220823_033000.WAV,Telephone Field,recover-20220825,002,1795
410.1925,410.1986,37500,51561,Myotis brandtii,0.011,0.026,-1,Echolocation,/mnt/ubna_data_01_mir/recover-20220825/UBNA_002/20220823_033000.WAV,Telephone Field,recover-20220825,002,1795
410.1985,410.20799999999997,54687,61980,Pipistrellus pygmaeus,0.023,0.023,-1,Echolocation,/mnt/ubna_data_01_mir/recover-20220825/UBNA_002/20220823_033000.WAV,Telephone Field,recover-20220825,002,1795
410.2045,410.2127,41796,53132,Pipistrellus nathusii,0.011,0.026,-1,Echolocation,/mnt/ubna_data_01_mir/recover-20220825/UBNA_002/20220823_033000.WAV,Telephone Field,recover-20220825,002,1795
410.2135,410.2473,68437,81095,Rhinolophus ferrumequinum,0.022,0.022,-1,Echolocation,/mnt/ubna_data_01_mir/recover-20220825/UBNA_002/20220823_033000.WAV,Telephone Field,recover-20220825,002,1795
410.2195,410.22860000000003,40078,46127,Pipistrellus nathusii,0.129,0.16,-1,Echolocation,/mnt/ubna_data_01_mir/recover-20220825/UBNA_002/20220823_033000.WAV,Telephone Field,recover-20220825,002,1795
410.2385,410.2793,68437,82331,Rhinolophus ferrumequinum,0.039,0.039,-1,Echolocation,/mnt/ubna_data_01_mir/recover-20220825/UBNA_002/20220823_033000.WAV,Telephone Field,recover-20220825,002,1795
410.2405,410.2483,55546,62261,Pipistrellus pygmaeus,0.021,0.021,-1,Echolocation,/mnt/ubna_data_01_mir/recover-20220825/UBNA_002/20220823_033000.WAV,Telephone Field,recover-20220825,002,1795
410.2635,410.2693,34921,49458,Myotis daubentonii,0.008,0.021,-1,Echolocation,/mnt/ubna_data_01_mir/recover-20220825/UBNA_002/20220823_033000.WAV,Telephone Field,recover-20220825,002,1795
410.2655,410.2738,27187,35996,Eptesicus serotinus,0.007,0.022,-1,Echolocation,/mnt/ubna_data_01_mir/recover-20220825/UBNA_002/20220823_033000.WAV,Telephone Field,recover-20220825,002,1795
410.2785,410.2838,39218,52836,Pipistrellus nathusii,0.314,0.412,-1,Echolocation,/mnt/ubna_data_01_mir/recover-20220825/UBNA_002/20220823_033000.WAV,Telephone Field,recover-20220825,002,1795
410.2875,410.2952,33203,39757,Myotis daubentonii,0.014,0.031,-1,Echolocation,/mnt/ubna_data_01_mir/recover-20220825/UBNA_002/20220823_033000.WAV,Telephone Field,recover-20220825,002,1795
410.2885,410.2984,27187,33679,Eptesicus serotinus,0.012,0.03,-1,Echolocation,/mnt/ubna_data_01_mir/recover-20220825/UBNA_002/20220823_033000.WAV,Telephone Field,recover-20220825,002,1795
410.3165,410.3238,38359,47801,Pipistrellus nathusii,0.018,0.037,-1,Echolocation,/mnt/ubna_data_01_mir/recover-20220825/UBNA_002/20220823_033000.WAV,Telephone Field,recover-20220825,002,1795
410.3365,410.3716,68437,81618,Rhinolophus ferrumequinum,0.022,0.022,-1,Echolocation,/mnt/ubna_data_01_mir/recover-20220825/UBNA_002/20220823_033000.WAV,Telephone Field,recover-20220825,002,1795
410.3475,410.35450000000003,39218,47997,Pipistrellus nathusii,0.082,0.119,-1,Echolocation,/mnt/ubna_data_01_mir/recover-20220825/UBNA_002/20220823_033000.WAV,Telephone Field,recover-20220825,002,1795
410.3535,410.3607,52109,60166,Pipistrellus pygmaeus,0.03,0.031,-1,Echolocation,/mnt/ubna_data_01_mir/recover-20220825/UBNA_002/20220823_033000.WAV,Telephone Field,recover-20220825,002,1795
410.3595,410.3693,27187,34759,Eptesicus serotinus,0.009,0.024,-1,Echolocation,/mnt/ubna_data_01_mir/recover-20220825/UBNA_002/20220823_033000.WAV,Telephone Field,recover-20220825,002,1795
410.3745,410.3821,54687,62717,Pipistrellus pygmaeus,0.029,0.03,-1,Echolocation,/mnt/ubna_data_01_mir/recover-20220825/UBNA_002/20220823_033000.WAV,Telephone Field,recover-20220825,002,1795
410.4275,410.4386,41796,47757,Pipistrellus nathusii,0.059,0.073,-1,Echolocation,/mnt/ubna_data_01_mir/recover-20220825/UBNA_002/20220823_033000.WAV,Telephone Field,recover-20220825,002,1795
410.4665,410.4764,46093,49907,Pipistrellus pipistrellus,0.052,0.072,-1,Echolocation,/mnt/ubna_data_01_mir/recover-20220825/UBNA_002/20220823_033000.WAV,Telephone Field,recover-20220825,002,1795
410.4805,410.4882,27187,37189,Eptesicus serotinus,0.007,0.023,-1,Echolocation,/mnt/ubna_data_01_mir/recover-20220825/UBNA_002/20220823_033000.WAV,Telephone Field,recover-20220825,002,1795
410.4955,410.5024,40078,56045,Pipistrellus nathusii,0.519,0.604,-1,Echolocation,/mnt/ubna_data_01_mir/recover-20220825/UBNA_002/20220823_033000.WAV,Telephone Field,recover-20220825,002,1795
410.5075,410.5146,50390,61862,Pipistrellus pygmaeus,0.019,0.023,-1,Echolocation,/mnt/ubna_data_01_mir/recover-20220825/UBNA_002/20220823_033000.WAV,Telephone Field,recover-20220825,002,1795
410.5075,410.5178,22890,28518,Nyctalus leisleri,0.009,0.021,-1,Echolocation,/mnt/ubna_data_01_mir/recover-20220825/UBNA_002/20220823_033000.WAV,Telephone Field,recover-20220825,002,1795
410.5355,410.5464,56406,61455,Pipistrellus pygmaeus,0.026,0.027,-1,Echolocation,/mnt/ubna_data_01_mir/recover-20220825/UBNA_002/20220823_033000.WAV,Telephone Field,recover-20220825,002,1795
410.5495,410.5702,17734,21214,Nyctalus noctula,0.017,0.026,-1,Echolocation,/mnt/ubna_data_01_mir/recover-20220825/UBNA_002/20220823_033000.WAV,Telephone Field,recover-20220825,002,1795
410.5615,410.5678,40078,53352,Pipistrellus nathusii,0.414,0.514,-1,Echolocation,/mnt/ubna_data_01_mir/recover-20220825/UBNA_002/20220823_033000.WAV,Telephone Field,recover-20220825,002,1795
410.5965,410.6041,27187,38522,Eptesicus serotinus,0.007,0.025,-1,Echolocation,/mnt/ubna_data_01_mir/recover-20220825/UBNA_002/20220823_033000.WAV,Telephone Field,recover-20220825,002,1795
410.6385,410.6573,20312,23525,Nyctalus leisleri,0.018,0.035,-1,Echolocation,/mnt/ubna_data_01_mir/recover-20220825/UBNA_002/20220823_033000.WAV,Telephone Field,recover-20220825,002,1795
410.6485,410.6565,51250,54623,Pipistrellus pygmaeus,0.02,0.027,-1,Echolocation,/mnt/ubna_data_01_mir/recover-20220825/UBNA_002/20220823_033000.WAV,Telephone Field,recover-20220825,002,1795
410.6485,410.6654,18593,22630,Nyctalus noctula,0.015,0.032,-1,Echolocation,/mnt/ubna_data_01_mir/recover-20220825/UBNA_002/20220823_033000.WAV,Telephone Field,recover-20220825,002,1795
410.6495,410.6568,40078,52006,Pipistrellus nathusii,0.424,0.577,-1,Echolocation,/mnt/ubna_data_01_mir/recover-20220825/UBNA_002/20220823_033000.WAV,Telephone Field,recover-20220825,002,1795
410.6825,410.689,37500,45551,Myotis daubentonii,0.006,0.021,-1,Echolocation,/mnt/ubna_data_01_mir/recover-20220825/UBNA_002/20220823_033000.WAV,Telephone Field,recover-20220825,002,1795
410.7045,410.7124,46953,50008,Pipistrellus pipistrellus,0.025,0.032,-1,Echolocation,/mnt/ubna_data_01_mir/recover-20220825/UBNA_002/20220823_033000.WAV,Telephone Field,recover-20220825,002,1795
410.7085,410.7152,26328,41376,Eptesicus serotinus,0.006,0.023,-1,Echolocation,/mnt/ubna_data_01_mir/recover-20220825/UBNA_002/20220823_033000.WAV,Telephone Field,recover-20220825,002,1795
410.7265,410.7338,36640,46016,Pipistrellus nathusii,0.007,0.025,-1,Echolocation,/mnt/ubna_data_01_mir/recover-20220825/UBNA_002/20220823_033000.WAV,Telephone Field,recover-20220825,002,1795
410.72950000000003,410.7392,28046,34303,Eptesicus serotinus,0.008,0.023,-1,Echolocation,/mnt/ubna_data_01_mir/recover-20220825/UBNA_002/20220823_033000.WAV,Telephone Field,recover-20220825,002,1795
410.7435,410.7499,39218,49483,Pipistrellus nathusii,0.544,0.586,-1,Echolocation,/mnt/ubna_data_01_mir/recover-20220825/UBNA_002/20220823_033000.WAV,Telephone Field,recover-20220825,002,1795
410.7775,410.7914,56406,65436,Pipistrellus pygmaeus,0.021,0.021,-1,Echolocation,/mnt/ubna_data_01_mir/recover-20220825/UBNA_002/20220823_033000.WAV,Telephone Field,recover-20220825,002,1795
410.7965,410.8044,27187,36689,Eptesicus serotinus,0.008,0.023,-1,Echolocation,/mnt/ubna_data_01_mir/recover-20220825/UBNA_002/20220823_033000.WAV,Telephone Field,recover-20220825,002,1795
410.7985,410.8384,68437,82044,Rhinolophus ferrumequinum,0.022,0.022,-1,Echolocation,/mnt/ubna_data_01_mir/recover-20220825/UBNA_002/20220823_033000.WAV,Telephone Field,recover-20220825,002,1795
410.8195,410.85360000000003,68437,80622,Rhinolophus ferrumequinum,0.028,0.028,-1,Echolocation,/mnt/ubna_data_01_mir/recover-20220825/UBNA_002/20220823_033000.WAV,Telephone Field,recover-20220825,002,1795
410.8235,410.832,39218,47410,Pipistrellus nathusii,0.27,0.379,-1,Echolocation,/mnt/ubna_data_01_mir/recover-20220825/UBNA_002/20220823_033000.WAV,Telephone Field,recover-20220825,002,1795
410.8335,410.844,27187,33518,Eptesicus serotinus,0.01,0.028,-1,Echolocation,/mnt/ubna_data_01_mir/recover-20220825/UBNA_002/20220823_033000.WAV,Telephone Field,recover-20220825,002,1795
410.8715,410.879,43515,54663,Pipistrellus nathusii,0.011,0.031,-1,Echolocation,/mnt/ubna_data_01_mir/recover-20220825/UBNA_002/20220823_033000.WAV,Telephone Field,recover-20220825,002,1795
410.8725,410.8783,35781,55547,Myotis brandtii,0.01,0.025,-1,Echolocation,/mnt/ubna_data_01_mir/recover-20220825/UBNA_002/20220823_033000.WAV,Telephone Field,recover-20220825,002,1795
410.8745,410.9137,68437,82146,Rhinolophus ferrumequinum,0.023,0.023,-1,Echolocation,/mnt/ubna_data_01_mir/recover-20220825/UBNA_002/20220823_033000.WAV,Telephone Field,recover-20220825,002,1795
410.8855,410.9206,68437,81602,Rhinolophus ferrumequinum,0.022,0.022,-1,Echolocation,/mnt/ubna_data_01_mir/recover-20220825/UBNA_002/20220823_033000.WAV,Telephone Field,recover-20220825,002,1795
410.8935,410.8998,37500,46318,Myotis daubentonii,0.012,0.035,-1,Echolocation,/mnt/ubna_data_01_mir/recover-20220825/UBNA_002/20220823_033000.WAV,Telephone Field,recover-20220825,002,1795
410.89549999999997,410.9315,68437,81599,Rhinolophus ferrumequinum,0.022,0.022,-1,Echolocation,/mnt/ubna_data_01_mir/recover-20220825/UBNA_002/20220823_033000.WAV,Telephone Field,recover-20220825,002,1795
410.9475,410.9558,58984,65788,Pipistrellus pygmaeus,0.027,0.028,-1,Echolocation,/mnt/ubna_data_01_mir/recover-20220825/UBNA_002/20220823_033000.WAV,Telephone Field,recover-20220825,002,1795
410.9485,410.95550000000003,40937,49558,Pipistrellus nathusii,0.458,0.515,-1,Echolocation,/mnt/ubna_data_01_mir/recover-20220825/UBNA_002/20220823_033000.WAV,Telephone Field,recover-20220825,002,1795
411.0075,411.0153,27187,38532,Eptesicus serotinus,0.008,0.023,-1,Echolocation,/mnt/ubna_data_01_mir/recover-20220825/UBNA_002/20220823_033000.WAV,Telephone Field,recover-20220825,002,1795
411.0315,411.0377,40078,51727,Pipistrellus nathusii,0.375,0.44,-1,Echolocation,/mnt/ubna_data_01_mir/recover-20220825/UBNA_002/20220823_033000.WAV,Telephone Field,recover-20220825,002,1795
411.0395,411.0473,30625,37387,Myotis daubentonii,0.012,0.023,-1,Echolocation,/mnt/ubna_data_01_mir/recover-20220825/UBNA_002/20220823_033000.WAV,Telephone Field,recover-20220825,002,1795
411.0405,411.07529999999997,68437,81012,Rhinolophus ferrumequinum,0.023,0.023,-1,Echolocation,/mnt/ubna_data_01_mir/recover-20220825/UBNA_002/20220823_033000.WAV,Telephone Field,recover-20220825,002,1795
411.0725,411.0807,28046,36079,Eptesicus serotinus,0.007,0.022,-1,Echolocation,/mnt/ubna_data_01_mir/recover-20220825/UBNA_002/20220823_033000.WAV,Telephone Field,recover-20220825,002,1795
411.0785,411.0858,54687,60696,Pipistrellus pygmaeus,0.031,0.032,-1,Echolocation,/mnt/ubna_data_01_mir/recover-20220825/UBNA_002/20220823_033000.WAV,Telephone Field,recover-20220825,002,1795
411.0875,411.1241,68437,81230,Rhinolophus ferrumequinum,0.022,0.022,-1,Echolocation,/mnt/ubna_data_01_mir/recover-20220825/UBNA_002/20220823_033000.WAV,Telephone Field,recover-20220825,002,1795
411.0895,411.0955,29765,54907,Myotis daubentonii,0.014,0.025,-1,Echolocation,/mnt/ubna_data_01_mir/recover-20220825/UBNA_002/20220823_033000.WAV,Telephone Field,recover-20220825,002,1795
411.0895,411.0961,42656,53238,Myotis brandtii,0.008,0.028,-1,Echolocation,/mnt/ubna_data_01_mir/recover-20220825/UBNA_002/20220823_033000.WAV,Telephone Field,recover-20220825,002,1795
411.1195,411.1268,40937,57684,Pipistrellus nathusii,0.318,0.438,-1,Echolocation,/mnt/ubna_data_01_mir/recover-20220825/UBNA_002/20220823_033000.WAV,Telephone Field,recover-20220825,002,1795
411.1355,411.1709,68437,81703,Rhinolophus ferrumequinum,0.023,0.023,-1,Echolocation,/mnt/ubna_data_01_mir/recover-20220825/UBNA_002/20220823_033000.WAV,Telephone Field,recover-20220825,002,1795
411.1735,411.1841,28046,35081,Eptesicus serotinus,0.011,0.027,-1,Echolocation,/mnt/ubna_data_01_mir/recover-20220825/UBNA_002/20220823_033000.WAV,Telephone Field,recover-20220825,002,1795
411.2045,411.211,39218,55150,Pipistrellus nathusii,0.344,0.451,-1,Echolocation,/mnt/ubna_data_01_mir/recover-20220825/UBNA_002/20220823_033000.WAV,Telephone Field,recover-20220825,002,1795
411.2395,411.2459,30625,48394,Myotis daubentonii,0.012,0.023,-1,Echolocation,/mnt/ubna_data_01_mir/recover-20220825/UBNA_002/20220823_033000.WAV,Telephone Field,recover-20220825,002,1795
411.2525,411.2596,52968,58615,Pipistrellus pygmaeus,0.02,0.021,-1,Echolocation,/mnt/ubna_data_01_mir/recover-20220825/UBNA_002/20220823_033000.WAV,Telephone Field,recover-20220825,002,1795
411.2625,411.2712,27187,36292,Eptesicus serotinus,0.012,0.029,-1,Echolocation,/mnt/ubna_data_01_mir/recover-20220825/UBNA_002/20220823_033000.WAV,Telephone Field,recover-20220825,002,1795
411.2635,411.2725,38359,42762,Pipistrellus nathusii,0.028,0.042,-1,Echolocation,/mnt/ubna_data_01_mir/recover-20220825/UBNA_002/20220823_033000.WAV,Telephone Field,recover-20220825,002,1795
411.2695,411.2783,55546,62753,Pipistrellus pygmaeus,0.063,0.063,-1,Echolocation,/mnt/ubna_data_01_mir/recover-20220825/UBNA_002/20220823_033000.WAV,Telephone Field,recover-20220825,002,1795
411.27049999999997,411.2795,27187,36067,Eptesicus serotinus,0.009,0.026,-1,Echolocation,/mnt/ubna_data_01_mir/recover-20220825/UBNA_002/20220823_033000.WAV,Telephone Field,recover-20220825,002,1795
411.2845,411.2928,27187,33306,Eptesicus serotinus,0.008,0.022,-1,Echolocation,/mnt/ubna_data_01_mir/recover-20220825/UBNA_002/20220823_033000.WAV,Telephone Field,recover-20220825,002,1795
411.2845,411.3212,68437,81942,Rhinolophus ferrumequinum,0.025,0.025,-1,Echolocation,/mnt/ubna_data_01_mir/recover-20220825/UBNA_002/20220823_033000.WAV,Telephone Field,recover-20220825,002,1795
411.2965,411.3026,39218,57401,Pipistrellus nathusii,0.404,0.472,-1,Echolocation,/mnt/ubna_data_01_mir/recover-20220825/UBNA_002/20220823_033000.WAV,Telephone Field,recover-20220825,002,1795
411.3115,411.3202,27187,35463,Eptesicus serotinus,0.007,0.022,-1,Echolocation,/mnt/ubna_data_01_mir/recover-20220825/UBNA_002/20220823_033000.WAV,Telephone Field,recover-20220825,002,1795
411.3405,411.3481,28046,37345,Eptesicus serotinus,0.009,0.026,-1,Echolocation,/mnt/ubna_data_01_mir/recover-20220825/UBNA_002/20220823_033000.WAV,Telephone Field,recover-20220825,002,1795
411.3835,411.3889,39218,56913,Pipistrellus nathusii,0.354,0.461,-1,Echolocation,/mnt/ubna_data_01_mir/recover-20220825/UBNA_002/20220823_033000.WAV,Telephone Field,recover-20220825,002,1795
411.41949999999997,411.4277,28046,41640,Eptesicus serotinus,0.008,0.022,-1,Echolocation,/mnt/ubna_data_01_mir/recover-20220825/UBNA_002/20220823_033000.WAV,Telephone Field,recover-20220825,002,1795
411.4325,411.472,68437,82374,Rhinolophus ferrumequinum,0.027,0.027,-1,Echolocation,/mnt/ubna_data_01_mir/recover-20220825/UBNA_002/20220823_033000.WAV,Telephone Field,recover-20220825,002,1795
411.4395,411.4764,68437,82803,Rhinolophus ferrumequinum,0.029,0.029,-1,Echolocation,/mnt/ubna_data_01_mir/recover-20220825/UBNA_002/20220823_033000.WAV,Telephone Field,recover-20220825,002,1795
411.4425,411.4534,24609,29993,Nyctalus leisleri,0.012,0.025,-1,Echolocation,/mnt/ubna_data_01_mir/recover-20220825/UBNA_002/20220823_033000.WAV,Telephone Field,recover-20220825,002,1795
411.4445,411.4533,40937,45473,Pipistrellus nathusii,0.021,0.031,-1,Echolocation,/mnt/ubna_data_01_mir/recover-20220825/UBNA_002/20220823_033000.WAV,Telephone Field,recover-20220825,002,1795
411.4745,411.4804,39218,57772,Pipistrellus nathusii,0.388,0.497,-1,Echolocation,/mnt/ubna_data_01_mir/recover-20220825/UBNA_002/20220823_033000.WAV,Telephone Field,recover-20220825,002,1795
411.5455,411.5817,68437,81834,Rhinolophus ferrumequinum,0.026,0.026,-1,Echolocation,/mnt/ubna_data_01_mir/recover-20220825/UBNA_002/20220823_033000.WAV,Telephone Field,recover-20220825,002,1795
411.5475,411.5545,27187,39115,Eptesicus serotinus,0.008,0.024,-1,Echolocation,/mnt/ubna_data_01_mir/recover-20220825/UBNA_002/20220823_033000.WAV,Telephone Field,recover-20220825,002,1795
411.5635,411.5706,39218,58154,Pipistrellus nathusii,0.529,0.601,-1,Echolocation,/mnt/ubna_data_01_mir/recover-20220825/UBNA_002/20220823_033000.WAV,Telephone Field,recover-20220825,002,1795
411.5995,411.6087,28046,37149,Eptesicus serotinus,0.01,0.025,-1,Echolocation,/mnt/ubna_data_01_mir/recover-20220825/UBNA_002/20220823_033000.WAV,Telephone Field,recover-20220825,002,1795
411.6125,411.6212,28046,36850,Eptesicus serotinus,0.008,0.022,-1,Echolocation,/mnt/ubna_data_01_mir/recover-20220825/UBNA_002/20220823_033000.WAV,Telephone Field,recover-20220825,002,1795
411.6395,411.6481,27187,34436,Eptesicus serotinus,0.009,0.024,-1,Echolocation,/mnt/ubna_data_01_mir/recover-20220825/UBNA_002/20220823_033000.WAV,Telephone Field,recover-20220825,002,1795
411.6515,411.65930000000003,39218,53149,Pipistrellus nathusii,0.607,0.651,-1,Echolocation,/mnt/ubna_data_01_mir/recover-20220825/UBNA_002/20220823_033000.WAV,Telephone Field,recover-20220825,002,1795
411.6875,411.7277,68437,82109,Rhinolophus ferrumequinum,0.029,0.029,-1,Echolocation,/mnt/ubna_data_01_mir/recover-20220825/UBNA_002/20220823_033000.WAV,Telephone Field,recover-20220825,002,1795
411.6955,411.704,46953,53402,Pipistrellus pipistrellus,0.026,0.032,-1,Echolocation,/mnt/ubna_data_01_mir/recover-20220825/UBNA_002/20220823_033000.WAV,Telephone Field,recover-20220825,002,1795
411.7395,411.7475,27187,36289,Eptesicus serotinus,0.007,0.023,-1,Echolocation,/mnt/ubna_data_01_mir/recover-20220825/UBNA_002/20220823_033000.WAV,Telephone Field,recover-20220825,002,1795
411.7495,411.7571,39218,54050,Pipistrellus nathusii,0.662,0.709,-1,Echolocation,/mnt/ubna_data_01_mir/recover-20220825/UBNA_002/20220823_033000.WAV,Telephone Field,recover-20220825,002,1795
411.7575,411.7629,30625,46073,Myotis daubentonii,0.015,0.025,-1,Echolocation,/mnt/ubna_data_01_mir/recover-20220825/UBNA_002/20220823_033000.WAV,Telephone Field,recover-20220825,002,1795
411.7825,411.8247,68437,82827,Rhinolophus ferrumequinum,0.024,0.024,-1,Echolocation,/mnt/ubna_data_01_mir/recover-20220825/UBNA_002/20220823_033000.WAV,Telephone Field,recover-20220825,002,1795
411.8125,411.8197,27187,38399,Eptesicus serotinus,0.007,0.021,-1,Echolocation,/mnt/ubna_data_01_mir/recover-20220825/UBNA_002/20220823_033000.WAV,Telephone Field,recover-20220825,002,1795
411.8245,411.83,38359,60448,Myotis brandtii,0.011,0.024,-1,Echolocation,/mnt/ubna_data_01_mir/recover-20220825/UBNA_002/20220823_033000.WAV,Telephone Field,recover-20220825,002,1795
411.8265,411.835,31484,36670,Barbastellus barbastellus,0.016,0.032,-1,Echolocation,/mnt/ubna_data_01_mir/recover-20220825/UBNA_002/20220823_033000.WAV,Telephone Field,recover-20220825,002,1795
411.8385,411.8452,49531,54569,Pipistrellus pipistrellus,0.017,0.03,-1,Echolocation,/mnt/ubna_data_01_mir/recover-20220825/UBNA_002/20220823_033000.WAV,Telephone Field,recover-20220825,002,1795
411.8405,411.8477,39218,57285,Pipistrellus nathusii,0.632,0.711,-1,Echolocation,/mnt/ubna_data_01_mir/recover-20220825/UBNA_002/20220823_033000.WAV,Telephone Field,recover-20220825,002,1795
411.8475,411.853,29765,40116,Myotis daubentonii,0.013,0.024,-1,Echolocation,/mnt/ubna_data_01_mir/recover-20220825/UBNA_002/20220823_033000.WAV,Telephone Field,recover-20220825,002,1795
411.8645,411.8864,16875,21925,Nyctalus noctula,0.029,0.037,-1,Echolocation,/mnt/ubna_data_01_mir/recover-20220825/UBNA_002/20220823_033000.WAV,Telephone Field,recover-20220825,002,1795
411.8745,411.8811,44375,54137,Pipistrellus pipistrellus,0.009,0.022,-1,Echolocation,/mnt/ubna_data_01_mir/recover-20220825/UBNA_002/20220823_033000.WAV,Telephone Field,recover-20220825,002,1795
411.8865,411.9209,68437,80745,Rhinolophus ferrumequinum,0.022,0.022,-1,Echolocation,/mnt/ubna_data_01_mir/recover-20220825/UBNA_002/20220823_033000.WAV,Telephone Field,recover-20220825,002,1795
411.9335,411.9673,68437,81092,Rhinolophus ferrumequinum,0.022,0.022,-1,Echolocation,/mnt/ubna_data_01_mir/recover-20220825/UBNA_002/20220823_033000.WAV,Telephone Field,recover-20220825,002,1795
411.9375,411.9448,38359,59224,Pipistrellus nathusii,0.602,0.697,-1,Echolocation,/mnt/ubna_data_01_mir/recover-20220825/UBNA_002/20220823_033000.WAV,Telephone Field,recover-20220825,002,1795
411.9385,411.9456,51250,57223,Pipistrellus pipistrellus,0.016,0.03,-1,Echolocation,/mnt/ubna_data_01_mir/recover-20220825/UBNA_002/20220823_033000.WAV,Telephone Field,recover-20220825,002,1795
411.9465,411.9518,30625,41609,Myotis daubentonii,0.014,0.027,-1,Echolocation,/mnt/ubna_data_01_mir/recover-20220825/UBNA_002/20220823_033000.WAV,Telephone Field,recover-20220825,002,1795
412.0015,412.0084,47812,55233,Pipistrellus pipistrellus,0.022,0.029,-1,Echolocation,/mnt/ubna_data_01_mir/recover-20220825/UBNA_002/20220823_033000.WAV,Telephone Field,recover-20220825,002,1795
412.0015,412.0327,68437,80095,Rhinolophus ferrumequinum,0.041,0.041,-1,Echolocation,/mnt/ubna_data_01_mir/recover-20220825/UBNA_002/20220823_033000.WAV,Telephone Field,recover-20220825,002,1795
412.0095,412.0508,68437,83170,Rhinolophus ferrumequinum,0.022,0.022,-1,Echolocation,/mnt/ubna_data_01_mir/recover-20220825/UBNA_002/20220823_033000.WAV,Telephone Field,recover-20220825,002,1795
412.0195,412.0264,51250,58699,Pipistrellus pipistrellus,0.017,0.025,-1,Echolocation,/mnt/ubna_data_01_mir/recover-20220825/UBNA_002/20220823_033000.WAV,Telephone Field,recover-20220825,002,1795
412.0315,412.0374,29765,65897,Myotis brandtii,0.017,0.048,-1,Echolocation,/mnt/ubna_data_01_mir/recover-20220825/UBNA_002/20220823_033000.WAV,Telephone Field,recover-20220825,002,1795
412.0325,412.0399,37500,58127,Pipistrellus nathusii,0.584,0.646,-1,Echolocation,/mnt/ubna_data_01_mir/recover-20220825/UBNA_002/20220823_033000.WAV,Telephone Field,recover-20220825,002,1795
412.0405,412.0459,29765,42128,Myotis daubentonii,0.013,0.025,-1,Echolocation,/mnt/ubna_data_01_mir/recover-20220825/UBNA_002/20220823_033000.WAV,Telephone Field,recover-20220825,002,1795
412.0615,412.068,49531,56957,Pipistrellus pipistrellus,0.017,0.022,-1,Echolocation,/mnt/ubna_data_01_mir/recover-20220825/UBNA_002/20220823_033000.WAV,Telephone Field,recover-20220825,002,1795
412.0885,412.1255,68437,82586,Rhinolophus ferrumequinum,0.022,0.022,-1,Echolocation,/mnt/ubna_data_01_mir/recover-20220825/UBNA_002/20220823_033000.WAV,Telephone Field,recover-20220825,002,1795
412.0925,412.1008,46953,52937,Pipistrellus pipistrellus,0.018,0.022,-1,Echolocation,/mnt/ubna_data_01_mir/recover-20220825/UBNA_002/20220823_033000.WAV,Telephone Field,recover-20220825,002,1795
412.1255,412.1368,52968,59285,Pipistrellus pygmaeus,0.024,0.027,-1,Echolocation,/mnt/ubna_data_01_mir/recover-20220825/UBNA_002/20220823_033000.WAV,Telephone Field,recover-20220825,002,1795
412.1305,412.1383,38359,60493,Pipistrellus nathusii,0.682,0.74,-1,Echolocation,/mnt/ubna_data_01_mir/recover-20220825/UBNA_002/20220823_033000.WAV,Telephone Field,recover-20220825,002,1795
412.1315,412.1375,48671,56474,Pipistrellus pipistrellus,0.015,0.029,-1,Echolocation,/mnt/ubna_data_01_mir/recover-20220825/UBNA_002/20220823_033000.WAV,Telephone Field,recover-20220825,002,1795
412.1385,412.1439,29765,46119,Myotis daubentonii,0.014,0.025,-1,Echolocation,/mnt/ubna_data_01_mir/recover-20220825/UBNA_002/20220823_033000.WAV,Telephone Field,recover-20220825,002,1795
412.1395,412.1461,37500,51252,Myotis brandtii,0.014,0.028,-1,Echolocation,/mnt/ubna_data_01_mir/recover-20220825/UBNA_002/20220823_033000.WAV,Telephone Field,recover-20220825,002,1795
412.1425,412.1738,68437,80773,Rhinolophus ferrumequinum,0.027,0.027,-1,Echolocation,/mnt/ubna_data_01_mir/recover-20220825/UBNA_002/20220823_033000.WAV,Telephone Field,recover-20220825,002,1795
412.1785,412.2156,68437,81934,Rhinolophus ferrumequinum,0.021,0.021,-1,Echolocation,/mnt/ubna_data_01_mir/recover-20220825/UBNA_002/20220823_033000.WAV,Telephone Field,recover-20220825,002,1795
412.1835,412.2193,68437,81679,Rhinolophus ferrumequinum,0.021,0.021,-1,Echolocation,/mnt/ubna_data_01_mir/recover-20220825/UBNA_002/20220823_033000.WAV,Telephone Field,recover-20220825,002,1795
412.2075,412.2134,30625,49768,Myotis daubentonii,0.011,0.022,-1,Echolocation,/mnt/ubna_data_01_mir/recover-20220825/UBNA_002/20220823_033000.WAV,Telephone Field,recover-20220825,002,1795
412.2105,412.2172,26328,43035,Eptesicus serotinus,0.007,0.022,-1,Echolocation,/mnt/ubna_data_01_mir/recover-20220825/UBNA_002/20220823_033000.WAV,Telephone Field,recover-20220825,002,1795
412.2195,412.2275,52968,58471,Pipistrellus pygmaeus,0.019,0.028,-1,Echolocation,/mnt/ubna_data_01_mir/recover-20220825/UBNA_002/20220823_033000.WAV,Telephone Field,recover-20220825,002,1795
412.2215,412.2304,38359,60845,Pipistrellus nathusii,0.734,0.757,-1,Echolocation,/mnt/ubna_data_01_mir/recover-20220825/UBNA_002/20220823_033000.WAV,Telephone Field,recover-20220825,002,1795
412.2365,412.2742,68437,81930,Rhinolophus ferrumequinum,0.023,0.023,-1,Echolocation,/mnt/ubna_data_01_mir/recover-20220825/UBNA_002/20220823_033000.WAV,Telephone Field,recover-20220825,002,1795
412.2645,412.27139999999997,55546,60534,Pipistrellus pygmaeus,0.021,0.022,-1,Echolocation,/mnt/ubna_data_01_mir/recover-20220825/UBNA_002/20220823_033000.WAV,Telephone Field,recover-20220825,002,1795
412.2815,412.2887,46953,53172,Pipistrellus pipistrellus,0.025,0.027,-1,Echolocation,/mnt/ubna_data_01_mir/recover-20220825/UBNA_002/20220823_033000.WAV,Telephone Field,recover-20220825,002,1795
412.2855,412.3216,68437,82671,Rhinolophus ferrumequinum,0.024,0.024,-1,Echolocation,/mnt/ubna_data_01_mir/recover-20220825/UBNA_002/20220823_033000.WAV,Telephone Field,recover-20220825,002,1795
412.29449999999997,412.3317,68437,82330,Rhinolophus ferrumequinum,0.024,0.024,-1,Echolocation,/mnt/ubna_data_01_mir/recover-20220825/UBNA_002/20220823_033000.WAV,Telephone Field,recover-20220825,002,1795
412.3065,412.3136,37500,48252,Myotis brandtii,0.008,0.025,-1,Echolocation,/mnt/ubna_data_01_mir/recover-20220825/UBNA_002/20220823_033000.WAV,Telephone Field,recover-20220825,002,1795
412.3085,412.3152,28046,35463,Eptesicus serotinus,0.006,0.024,-1,Echolocation,/mnt/ubna_data_01_mir/recover-20220825/UBNA_002/20220823_033000.WAV,Telephone Field,recover-20220825,002,1795
412.3215,412.3284,38359,58008,Pipistrellus nathusii,0.661,0.694,-1,Echolocation,/mnt/ubna_data_01_mir/recover-20220825/UBNA_002/20220823_033000.WAV,Telephone Field,recover-20220825,002,1795
412.3655,412.3742,28046,36988,Eptesicus serotinus,0.009,0.025,-1,Echolocation,/mnt/ubna_data_01_mir/recover-20220825/UBNA_002/20220823_033000.WAV,Telephone Field,recover-20220825,002,1795
412.3665,412.3735,48671,54985,Pipistrellus pipistrellus,0.019,0.024,-1,Echolocation,/mnt/ubna_data_01_mir/recover-20220825/UBNA_002/20220823_033000.WAV,Telephone Field,recover-20220825,002,1795
412.4125,412.4192,46093,61534,Myotis brandtii,0.011,0.036,-1,Echolocation,/mnt/ubna_data_01_mir/recover-20220825/UBNA_002/20220823_033000.WAV,Telephone Field,recover-20220825,002,1795
412.4145,412.4227,37500,64323,Pipistrellus nathusii,0.622,0.68,-1,Echolocation,/mnt/ubna_data_01_mir/recover-20220825/UBNA_002/20220823_033000.WAV,Telephone Field,recover-20220825,002,1795
412.4235,412.4296,36640,51836,Myotis brandtii,0.017,0.033,-1,Echolocation,/mnt/ubna_data_01_mir/recover-20220825/UBNA_002/20220823_033000.WAV,Telephone Field,recover-20220825,002,1795
412.5015,412.5089,49531,59217,Pipistrellus pipistrellus,0.019,0.039,-1,Echolocation,/mnt/ubna_data_01_mir/recover-20220825/UBNA_002/20220823_033000.WAV,Telephone Field,recover-20220825,002,1795
412.5065,412.5133,38359,64384,Pipistrellus nathusii,0.595,0.644,-1,Echolocation,/mnt/ubna_data_01_mir/recover-20220825/UBNA_002/20220823_033000.WAV,Telephone Field,recover-20220825,002,1795
412.5075,412.5138,48671,59551,Pipistrellus pipistrellus,0.018,0.038,-1,Echolocation,/mnt/ubna_data_01_mir/recover-20220825/UBNA_002/20220823_033000.WAV,Telephone Field,recover-20220825,002,1795
412.5155,412.5207,29765,43755,Myotis daubentonii,0.012,0.024,-1,Echolocation,/mnt/ubna_data_01_mir/recover-20220825/UBNA_002/20220823_033000.WAV,Telephone Field,recover-20220825,002,1795
412.5985,412.605,45234,58869,Myotis brandtii,0.013,0.037,-1,Echolocation,/mnt/ubna_data_01_mir/recover-20220825/UBNA_002/20220823_033000.WAV,Telephone Field,recover-20220825,002,1795
412.5995,412.6061,51250,54871,Pipistrellus pygmaeus,0.021,0.036,-1,Echolocation,/mnt/ubna_data_01_mir/recover-20220825/UBNA_002/20220823_033000.WAV,Telephone Field,recover-20220825,002,1795
412.6055,412.6135,36640,66578,Pipistrellus nathusii,0.617,0.681,-1,Echolocation,/mnt/ubna_data_01_mir/recover-20220825/UBNA_002/20220823_033000.WAV,Telephone Field,recover-20220825,002,1795
412.6055,412.6113,51250,60185,Pipistrellus pipistrellus,0.02,0.038,-1,Echolocation,/mnt/ubna_data_01_mir/recover-20220825/UBNA_002/20220823_033000.WAV,Telephone Field,recover-20220825,002,1795
412.6075,412.6137,46953,58266,Pipistrellus pipistrellus,0.012,0.035,-1,Echolocation,/mnt/ubna_data_01_mir/recover-20220825/UBNA_002/20220823_033000.WAV,Telephone Field,recover-20220825,002,1795
412.6155,412.6236,26328,34771,Eptesicus serotinus,0.007,0.024,-1,Echolocation,/mnt/ubna_data_01_mir/recover-20220825/UBNA_002/20220823_033000.WAV,Telephone Field,recover-20220825,002,1795
412.6545,412.6637,28046,38198,Eptesicus serotinus,0.009,0.023,-1,Echolocation,/mnt/ubna_data_01_mir/recover-20220825/UBNA_002/20220823_033000.WAV,Telephone Field,recover-20220825,002,1795
412.6645,412.6707,55546,61233,Pipistrellus pygmaeus,0.023,0.024,-1,Echolocation,/mnt/ubna_data_01_mir/recover-20220825/UBNA_002/20220823_033000.WAV,Telephone Field,recover-20220825,002,1795
412.6915,412.7275,68437,82128,Rhinolophus ferrumequinum,0.025,0.025,-1,Echolocation,/mnt/ubna_data_01_mir/recover-20220825/UBNA_002/20220823_033000.WAV,Telephone Field,recover-20220825,002,1795
412.70550000000003,412.7135,53828,62204,Pipistrellus pygmaeus,0.027,0.032,-1,Echolocation,/mnt/ubna_data_01_mir/recover-20220825/UBNA_002/20220823_033000.WAV,Telephone Field,recover-20220825,002,1795
412.7065,412.7128,48671,58584,Pipistrellus pipistrellus,0.016,0.029,-1,Echolocation,/mnt/ubna_data_01_mir/recover-20220825/UBNA_002/20220823_033000.WAV,Telephone Field,recover-20220825,002,1795
412.7065,412.7138,38359,63870,Pipistrellus nathusii,0.661,0.712,-1,Echolocation,/mnt/ubna_data_01_mir/recover-20220825/UBNA_002/20220823_033000.WAV,Telephone Field,recover-20220825,002,1795
412.7155,412.7232,25468,36772,Eptesicus serotinus,0.008,0.026,-1,Echolocation,/mnt/ubna_data_01_mir/recover-20220825/UBNA_002/20220823_033000.WAV,Telephone Field,recover-20220825,002,1795
412.7155,412.7206,30625,46835,Myotis daubentonii,0.01,0.025,-1,Echolocation,/mnt/ubna_data_01_mir/recover-20220825/UBNA_002/20220823_033000.WAV,Telephone Field,recover-20220825,002,1795
412.7185,412.7491,68437,80982,Rhinolophus ferrumequinum,0.022,0.022,-1,Echolocation,/mnt/ubna_data_01_mir/recover-20220825/UBNA_002/20220823_033000.WAV,Telephone Field,recover-20220825,002,1795
412.8005,412.806,36640,58277,Myotis brandtii,0.012,0.029,-1,Echolocation,/mnt/ubna_data_01_mir/recover-20220825/UBNA_002/20220823_033000.WAV,Telephone Field,recover-20220825,002,1795
412.8145,412.8225,38359,68334,Pipistrellus nathusii,0.608,0.679,-1,Echolocation,/mnt/ubna_data_01_mir/recover-20220825/UBNA_002/20220823_033000.WAV,Telephone Field,recover-20220825,002,1795
412.8155,412.8209,27187,75447,Myotis bechsteinii,0.025,0.069,-1,Echolocation,/mnt/ubna_data_01_mir/recover-20220825/UBNA_002/20220823_033000.WAV,Telephone Field,recover-20220825,002,1795
412.8155,412.8229,52109,64209,Pipistrellus pygmaeus,0.046,0.069,-1,Echolocation,/mnt/ubna_data_01_mir/recover-20220825/UBNA_002/20220823_033000.WAV,Telephone Field,recover-20220825,002,1795
412.8235,412.8299,38359,52542,Pipistrellus nathusii,0.023,0.044,-1,Echolocation,/mnt/ubna_data_01_mir/recover-20220825/UBNA_002/20220823_033000.WAV,Telephone Field,recover-20220825,002,1795
412.8295,412.8617,68437,80948,Rhinolophus ferrumequinum,0.022,0.022,-1,Echolocation,/mnt/ubna_data_01_mir/recover-20220825/UBNA_002/20220823_033000.WAV,Telephone Field,recover-20220825,002,1795
412.9145,412.9248,52968,62296,Pipistrellus pygmaeus,0.095,0.11,-1,Echolocation,/mnt/ubna_data_01_mir/recover-20220825/UBNA_002/20220823_033000.WAV,Telephone Field,recover-20220825,002,1795
412.9145,412.922,34062,64336,Pipistrellus nathusii,0.236,0.364,-1,Echolocation,/mnt/ubna_data_01_mir/recover-20220825/UBNA_002/20220823_033000.WAV,Telephone Field,recover-20220825,002,1795
412.9205,412.929,50390,63526,Pipistrellus pygmaeus,0.061,0.066,-1,Echolocation,/mnt/ubna_data_01_mir/recover-20220825/UBNA_002/20220823_033000.WAV,Telephone Field,recover-20220825,002,1795
412.9235,412.9286,30625,45889,Myotis daubentonii,0.012,0.028,-1,Echolocation,/mnt/ubna_data_01_mir/recover-20220825/UBNA_002/20220823_033000.WAV,Telephone Field,recover-20220825,002,1795
412.9915,412.9988,51250,58031,Pipistrellus pipistrellus,0.018,0.039,-1,Echolocation,/mnt/ubna_data_01_mir/recover-20220825/UBNA_002/20220823_033000.WAV,Telephone Field,recover-20220825,002,1795
412.9975,413.0058,36640,68092,Pipistrellus nathusii,0.487,0.57,-1,Echolocation,/mnt/ubna_data_01_mir/recover-20220825/UBNA_002/20220823_033000.WAV,Telephone Field,recover-20220825,002,1795
412.9995,413.0054,48671,57811,Pipistrellus pipistrellus,0.027,0.056,-1,Echolocation,/mnt/ubna_data_01_mir/recover-20220825/UBNA_002/20220823_033000.WAV,Telephone Field,recover-20220825,002,1795
413.0065,413.0132,37500,51325,Pipistrellus nathusii,0.015,0.033,-1,Echolocation,/mnt/ubna_data_01_mir/recover-20220825/UBNA_002/20220823_033000.WAV,Telephone Field,recover-20220825,002,1795
413.0085,413.0167,27187,36815,Eptesicus serotinus,0.007,0.025,-1,Echolocation,/mnt/ubna_data_01_mir/recover-20220825/UBNA_002/20220823_033000.WAV,Telephone Field,recover-20220825,002,1795
413.0105,413.0415,68437,81433,Rhinolophus ferrumequinum,0.022,0.022,-1,Echolocation,/mnt/ubna_data_01_mir/recover-20220825/UBNA_002/20220823_033000.WAV,Telephone Field,recover-20220825,002,1795
413.0815,413.0886,38359,68923,Pipistrellus nathusii,0.482,0.545,-1,Echolocation,/mnt/ubna_data_01_mir/recover-20220825/UBNA_002/20220823_033000.WAV,Telephone Field,recover-20220825,002,1795
413.0825,413.0904,52109,60613,Pipistrellus pipistrellus,0.037,0.069,-1,Echolocation,/mnt/ubna_data_01_mir/recover-20220825/UBNA_002/20220823_033000.WAV,Telephone Field,recover-20220825,002,1795
413.0905,413.0975,37500,51067,Pipistrellus nathusii,0.013,0.028,-1,Echolocation,/mnt/ubna_data_01_mir/recover-20220825/UBNA_002/20220823_033000.WAV,Telephone Field,recover-20220825,002,1795
413.0915,413.0967,29765,45564,Myotis daubentonii,0.011,0.022,-1,Echolocation,/mnt/ubna_data_01_mir/recover-20220825/UBNA_002/20220823_033000.WAV,Telephone Field,recover-20220825,002,1795
413.0915,413.1166,68437,80241,Rhinolophus ferrumequinum,0.022,0.023,-1,Echolocation,/mnt/ubna_data_01_mir/recover-20220825/UBNA_002/20220823_033000.WAV,Telephone Field,recover-20220825,002,1795
413.1165,413.1255,27187,38554,Eptesicus serotinus,0.011,0.026,-1,Echolocation,/mnt/ubna_data_01_mir/recover-20220825/UBNA_002/20220823_033000.WAV,Telephone Field,recover-20220825,002,1795
413.1325,413.1421,27187,38426,Eptesicus serotinus,0.013,0.026,-1,Echolocation,/mnt/ubna_data_01_mir/recover-20220825/UBNA_002/20220823_033000.WAV,Telephone Field,recover-20220825,002,1795
413.1635,413.171,32343,69257,Pipistrellus nathusii,0.15,0.327,-1,Echolocation,/mnt/ubna_data_01_mir/recover-20220825/UBNA_002/20220823_033000.WAV,Telephone Field,recover-20220825,002,1795
413.1645,413.1711,51250,60660,Pipistrellus pipistrellus,0.03,0.059,-1,Echolocation,/mnt/ubna_data_01_mir/recover-20220825/UBNA_002/20220823_033000.WAV,Telephone Field,recover-20220825,002,1795
413.1715,413.1783,36640,50573,Pipistrellus nathusii,0.022,0.04,-1,Echolocation,/mnt/ubna_data_01_mir/recover-20220825/UBNA_002/20220823_033000.WAV,Telephone Field,recover-20220825,002,1795
413.1735,413.179,28906,46052,Myotis daubentonii,0.014,0.027,-1,Echolocation,/mnt/ubna_data_01_mir/recover-20220825/UBNA_002/20220823_033000.WAV,Telephone Field,recover-20220825,002,1795
413.2075,413.2199,27187,34388,Eptesicus serotinus,0.015,0.028,-1,Echolocation,/mnt/ubna_data_01_mir/recover-20220825/UBNA_002/20220823_033000.WAV,Telephone Field,recover-20220825,002,1795
413.2435,413.2501,27187,35265,Eptesicus serotinus,0.007,0.023,-1,Echolocation,/mnt/ubna_data_01_mir/recover-20220825/UBNA_002/20220823_033000.WAV,Telephone Field,recover-20220825,002,1795
413.2565,413.2643,40078,70594,Pipistrellus nathusii,0.649,0.66,-1,Echolocation,/mnt/ubna_data_01_mir/recover-20220825/UBNA_002/20220823_033000.WAV,Telephone Field,recover-20220825,002,1795
413.2565,413.2629,27187,88797,Myotis brandtii,0.066,0.137,-1,Echolocation,/mnt/ubna_data_01_mir/recover-20220825/UBNA_002/20220823_033000.WAV,Telephone Field,recover-20220825,002,1795
413.2575,413.2629,51250,62468,Pipistrellus pipistrellus,0.018,0.038,-1,Echolocation,/mnt/ubna_data_01_mir/recover-20220825/UBNA_002/20220823_033000.WAV,Telephone Field,recover-20220825,002,1795
413.2655,413.2731,39218,51276,Pipistrellus nathusii,0.048,0.064,-1,Echolocation,/mnt/ubna_data_01_mir/recover-20220825/UBNA_002/20220823_033000.WAV,Telephone Field,recover-20220825,002,1795
413.2675,413.2756,27187,39769,Eptesicus serotinus,0.009,0.024,-1,Echolocation,/mnt/ubna_data_01_mir/recover-20220825/UBNA_002/20220823_033000.WAV,Telephone Field,recover-20220825,002,1795
413.2895,413.326,68437,81377,Rhinolophus ferrumequinum,0.021,0.021,-1,Echolocation,/mnt/ubna_data_01_mir/recover-20220825/UBNA_002/20220823_033000.WAV,Telephone Field,recover-20220825,002,1795
413.3315,413.3386,28046,37120,Eptesicus serotinus,0.006,0.021,-1,Echolocation,/mnt/ubna_data_01_mir/recover-20220825/UBNA_002/20220823_033000.WAV,Telephone Field,recover-20220825,002,1795
413.3445,413.354,52968,62389,Pipistrellus pygmaeus,0.031,0.036,-1,Echolocation,/mnt/ubna_data_01_mir/recover-20220825/UBNA_002/20220823_033000.WAV,Telephone Field,recover-20220825,002,1795
413.3485,413.3555,40078,62057,Pipistrellus nathusii,0.471,0.486,-1,Echolocation,/mnt/ubna_data_01_mir/recover-20220825/UBNA_002/20220823_033000.WAV,Telephone Field,recover-20220825,002,1795
413.3485,413.3555,30625,74439,Myotis brandtii,0.209,0.289,-1,Echolocation,/mnt/ubna_data_01_mir/recover-20220825/UBNA_002/20220823_033000.WAV,Telephone Field,recover-20220825,002,1795
413.3495,413.355,50390,58137,Pipistrellus pipistrellus,0.017,0.035,-1,Echolocation,/mnt/ubna_data_01_mir/recover-20220825/UBNA_002/20220823_033000.WAV,Telephone Field,recover-20220825,002,1795
413.3565,413.3638,39218,50465,Pipistrellus nathusii,0.036,0.048,-1,Echolocation,/mnt/ubna_data_01_mir/recover-20220825/UBNA_002/20220823_033000.WAV,Telephone Field,recover-20220825,002,1795
413.4435,413.4513,34921,73678,Pipistrellus nathusii,0.179,0.343,-1,Echolocation,/mnt/ubna_data_01_mir/recover-20220825/UBNA_002/20220823_033000.WAV,Telephone Field,recover-20220825,002,1795
413.4505,413.4579,46953,56825,Pipistrellus pipistrellus,0.015,0.03,-1,Echolocation,/mnt/ubna_data_01_mir/recover-20220825/UBNA_002/20220823_033000.WAV,Telephone Field,recover-20220825,002,1795
413.4505,413.4573,39218,55925,Pipistrellus nathusii,0.025,0.043,-1,Echolocation,/mnt/ubna_data_01_mir/recover-20220825/UBNA_002/20220823_033000.WAV,Telephone Field,recover-20220825,002,1795
413.4525,413.4578,33203,61839,Myotis brandtii,0.019,0.029,-1,Echolocation,/mnt/ubna_data_01_mir/recover-20220825/UBNA_002/20220823_033000.WAV,Telephone Field,recover-20220825,002,1795
413.4805,413.4957,30625,35535,Eptesicus serotinus,0.017,0.044,-1,Echolocation,/mnt/ubna_data_01_mir/recover-20220825/UBNA_002/20220823_033000.WAV,Telephone Field,recover-20220825,002,1795
413.4995,413.5113,53828,60158,Pipistrellus pygmaeus,0.028,0.031,-1,Echolocation,/mnt/ubna_data_01_mir/recover-20220825/UBNA_002/20220823_033000.WAV,Telephone Field,recover-20220825,002,1795
413.5075,413.5146,40078,68444,Pipistrellus nathusii,0.229,0.26,-1,Echolocation,/mnt/ubna_data_01_mir/recover-20220825/UBNA_002/20220823_033000.WAV,Telephone Field,recover-20220825,002,1795
413.5075,413.5151,31484,81646,Myotis brandtii,0.204,0.244,-1,Echolocation,/mnt/ubna_data_01_mir/recover-20220825/UBNA_002/20220823_033000.WAV,Telephone Field,recover-20220825,002,1795
413.5215,413.5521,68437,81053,Rhinolophus ferrumequinum,0.021,0.021,-1,Echolocation,/mnt/ubna_data_01_mir/recover-20220825/UBNA_002/20220823_033000.WAV,Telephone Field,recover-20220825,002,1795
413.5755,413.5827,29765,83001,Myotis brandtii,0.087,0.13,-1,Echolocation,/mnt/ubna_data_01_mir/recover-20220825/UBNA_002/20220823_033000.WAV,Telephone Field,recover-20220825,002,1795
413.5755,413.5834,51250,62047,Pipistrellus pipistrellus,0.023,0.039,-1,Echolocation,/mnt/ubna_data_01_mir/recover-20220825/UBNA_002/20220823_033000.WAV,Telephone Field,recover-20220825,002,1795
413.5755,413.5834,37500,73021,Pipistrellus nathusii,0.437,0.482,-1,Echolocation,/mnt/ubna_data_01_mir/recover-20220825/UBNA_002/20220823_033000.WAV,Telephone Field,recover-20220825,002,1795
413.5765,413.5833,11718,82271,Myotis bechsteinii,0.012,0.025,-1,Echolocation,/mnt/ubna_data_01_mir/recover-20220825/UBNA_002/20220823_033000.WAV,Telephone Field,recover-20220825,002,1795
413.5835,413.5906,40078,53219,Pipistrellus nathusii,0.069,0.083,-1,Echolocation,/mnt/ubna_data_01_mir/recover-20220825/UBNA_002/20220823_033000.WAV,Telephone Field,recover-20220825,002,1795
413.5835,413.5893,47812,55925,Pipistrellus pipistrellus,0.015,0.03,-1,Echolocation,/mnt/ubna_data_01_mir/recover-20220825/UBNA_002/20220823_033000.WAV,Telephone Field,recover-20220825,002,1795
413.6015,413.6116,24609,32691,Eptesicus serotinus,0.009,0.023,-1,Echolocation,/mnt/ubna_data_01_mir/recover-20220825/UBNA_002/20220823_033000.WAV,Telephone Field,recover-20220825,002,1795
413.6335,413.6754,68437,83113,Rhinolophus ferrumequinum,0.028,0.028,-1,Echolocation,/mnt/ubna_data_01_mir/recover-20220825/UBNA_002/20220823_033000.WAV,Telephone Field,recover-20220825,002,1795
413.6565,413.6657,47812,54161,Pipistrellus pipistrellus,0.033,0.058,-1,Echolocation,/mnt/ubna_data_01_mir/recover-20220825/UBNA_002/20220823_033000.WAV,Telephone Field,recover-20220825,002,1795
413.6605,413.6673,26328,91769,Myotis bechsteinii,0.092,0.152,-1,Echolocation,/mnt/ubna_data_01_mir/recover-20220825/UBNA_002/20220823_033000.WAV,Telephone Field,recover-20220825,002,1795
413.6615,413.6691,33203,76689,Myotis brandtii,0.249,0.315,-1,Echolocation,/mnt/ubna_data_01_mir/recover-20220825/UBNA_002/20220823_033000.WAV,Telephone Field,recover-20220825,002,1795
413.6685,413.6763,40937,56008,Pipistrellus nathusii,0.052,0.06,-1,Echolocation,/mnt/ubna_data_01_mir/recover-20220825/UBNA_002/20220823_033000.WAV,Telephone Field,recover-20220825,002,1795
413.6955,413.7047,58125,64358,Pipistrellus pygmaeus,0.03,0.03,-1,Echolocation,/mnt/ubna_data_01_mir/recover-20220825/UBNA_002/20220823_033000.WAV,Telephone Field,recover-20220825,002,1795
413.7105,413.7523,68437,83009,Rhinolophus ferrumequinum,0.024,0.024,-1,Echolocation,/mnt/ubna_data_01_mir/recover-20220825/UBNA_002/20220823_033000.WAV,Telephone Field,recover-20220825,002,1795
413.7325,413.7699,68437,82310,Rhinolophus ferrumequinum,0.026,0.026,-1,Echolocation,/mnt/ubna_data_01_mir/recover-20220825/UBNA_002/20220823_033000.WAV,Telephone Field,recover-20220825,002,1795
413.7715,413.7851,45234,48462,Pipistrellus pipistrellus,0.024,0.037,-1,Echolocation,/mnt/ubna_data_01_mir/recover-20220825/UBNA_002/20220823_033000.WAV,Telephone Field,recover-20220825,002,1795
413.7975,413.80740000000003,50390,57637,Pipistrellus pipistrellus,0.013,0.029,-1,Echolocation,/mnt/ubna_data_01_mir/recover-20220825/UBNA_002/20220823_033000.WAV,Telephone Field,recover-20220825,002,1795
413.8055,413.8139,34921,69836,Pipistrellus nathusii,0.235,0.394,-1,Echolocation,/mnt/ubna_data_01_mir/recover-20220825/UBNA_002/20220823_033000.WAV,Telephone Field,recover-20220825,002,1795
413.8065,413.8157,49531,57887,Pipistrellus pipistrellus,0.02,0.035,-1,Echolocation,/mnt/ubna_data_01_mir/recover-20220825/UBNA_002/20220823_033000.WAV,Telephone Field,recover-20220825,002,1795
413.8135,413.8207,46953,56915,Pipistrellus pygmaeus,0.012,0.022,-1,Echolocation,/mnt/ubna_data_01_mir/recover-20220825/UBNA_002/20220823_033000.WAV,Telephone Field,recover-20220825,002,1795
413.8135,413.8205,39218,53666,Pipistrellus nathusii,0.065,0.08,-1,Echolocation,/mnt/ubna_data_01_mir/recover-20220825/UBNA_002/20220823_033000.WAV,Telephone Field,recover-20220825,002,1795
413.8155,413.8215,28906,42764,Myotis daubentonii,0.012,0.023,-1,Echolocation,/mnt/ubna_data_01_mir/recover-20220825/UBNA_002/20220823_033000.WAV,Telephone Field,recover-20220825,002,1795
413.8185,413.84680000000003,68437,80453,Rhinolophus ferrumequinum,0.024,0.025,-1,Echolocation,/mnt/ubna_data_01_mir/recover-20220825/UBNA_002/20220823_033000.WAV,Telephone Field,recover-20220825,002,1795
413.8435,413.8534,28046,37249,Eptesicus serotinus,0.01,0.024,-1,Echolocation,/mnt/ubna_data_01_mir/recover-20220825/UBNA_002/20220823_033000.WAV,Telephone Field,recover-20220825,002,1795
413.8675,413.8728,35781,69245,Myotis brandtii,0.238,0.34,-1,Echolocation,/mnt/ubna_data_01_mir/recover-20220825/UBNA_002/20220823_033000.WAV,Telephone Field,recover-20220825,002,1795
413.8695,413.8811,46093,52551,Pipistrellus nathusii,0.069,0.074,-1,Echolocation,/mnt/ubna_data_01_mir/recover-20220825/UBNA_002/20220823_033000.WAV,Telephone Field,recover-20220825,002,1795
413.8885,413.9259,68437,82243,Rhinolophus ferrumequinum,0.022,0.022,-1,Echolocation,/mnt/ubna_data_01_mir/recover-20220825/UBNA_002/20220823_033000.WAV,Telephone Field,recover-20220825,002,1795
413.9255,413.9351,49531,61331,Pipistrellus pygmaeus,0.027,0.061,-1,Echolocation,/mnt/ubna_data_01_mir/recover-20220825/UBNA_002/20220823_033000.WAV,Telephone Field,recover-20220825,002,1795
413.9285,413.9351,25468,91199,Myotis bechsteinii,0.181,0.232,-1,Echolocation,/mnt/ubna_data_01_mir/recover-20220825/UBNA_002/20220823_033000.WAV,Telephone Field,recover-20220825,002,1795
413.9285,413.9362,33203,76533,Myotis brandtii,0.381,0.485,-1,Echolocation,/mnt/ubna_data_01_mir/recover-20220825/UBNA_002/20220823_033000.WAV,Telephone Field,recover-20220825,002,1795
413.9295,413.9368,44375,55942,Pipistrellus nathusii,0.052,0.057,-1,Echolocation,/mnt/ubna_data_01_mir/recover-20220825/UBNA_002/20220823_033000.WAV,Telephone Field,recover-20220825,002,1795
413.9305,413.9393,57265,62964,Pipistrellus pygmaeus,0.036,0.037,-1,Echolocation,/mnt/ubna_data_01_mir/recover-20220825/UBNA_002/20220823_033000.WAV,Telephone Field,recover-20220825,002,1795
413.9375,413.9451,26328,35596,Eptesicus serotinus,0.007,0.025,-1,Echolocation,/mnt/ubna_data_01_mir/recover-20220825/UBNA_002/20220823_033000.WAV,Telephone Field,recover-20220825,002,1795
413.9435,413.9773,68437,80766,Rhinolophus ferrumequinum,0.024,0.024,-1,Echolocation,/mnt/ubna_data_01_mir/recover-20220825/UBNA_002/20220823_033000.WAV,Telephone Field,recover-20220825,002,1795
414.0015,414.0083,43515,58563,Pipistrellus nathusii,0.199,0.225,-1,Echolocation,/mnt/ubna_data_01_mir/recover-20220825/UBNA_002/20220823_033000.WAV,Telephone Field,recover-20220825,002,1795
414.0015,414.0075,37500,67552,Myotis brandtii,0.166,0.243,-1,Echolocation,/mnt/ubna_data_01_mir/recover-20220825/UBNA_002/20220823_033000.WAV,Telephone Field,recover-20220825,002,1795
414.0015,414.0113,56406,64209,Pipistrellus pygmaeus,0.02,0.022,-1,Echolocation,/mnt/ubna_data_01_mir/recover-20220825/UBNA_002/20220823_033000.WAV,Telephone Field,recover-20220825,002,1795
414.0015,414.0299,69296,82296,Rhinolophus ferrumequinum,0.028,0.028,-1,Echolocation,/mnt/ubna_data_01_mir/recover-20220825/UBNA_002/20220823_033000.WAV,Telephone Field,recover-20220825,002,1795
414.0135,414.0229,27187,35667,Eptesicus serotinus,0.007,0.022,-1,Echolocation,/mnt/ubna_data_01_mir/recover-20220825/UBNA_002/20220823_033000.WAV,Telephone Field,recover-20220825,002,1795
414.0285,414.0691,68437,82285,Rhinolophus ferrumequinum,0.025,0.026,-1,Echolocation,/mnt/ubna_data_01_mir/recover-20220825/UBNA_002/20220823_033000.WAV,Telephone Field,recover-20220825,002,1795
414.08050000000003,414.0857,49531,59556,Pipistrellus pipistrellus,0.028,0.054,-1,Echolocation,/mnt/ubna_data_01_mir/recover-20220825/UBNA_002/20220823_033000.WAV,Telephone Field,recover-20220825,002,1795
414.0855,414.0913,34921,71144,Myotis brandtii,0.365,0.45,-1,Echolocation,/mnt/ubna_data_01_mir/recover-20220825/UBNA_002/20220823_033000.WAV,Telephone Field,recover-20220825,002,1795
414.0865,414.0966,54687,60446,Pipistrellus pygmaeus,0.042,0.044,-1,Echolocation,/mnt/ubna_data_01_mir/recover-20220825/UBNA_002/20220823_033000.WAV,Telephone Field,recover-20220825,002,1795
414.1465,414.1531,53828,62455,Pipistrellus pygmaeus,0.04,0.043,-1,Echolocation,/mnt/ubna_data_01_mir/recover-20220825/UBNA_002/20220823_033000.WAV,Telephone Field,recover-20220825,002,1795
414.1465,414.1516,40937,64146,Myotis brandtii,0.22,0.354,-1,Echolocation,/mnt/ubna_data_01_mir/recover-20220825/UBNA_002/20220823_033000.WAV,Telephone Field,recover-20220825,002,1795
414.1825,414.2155,68437,80649,Rhinolophus ferrumequinum,0.03,0.03,-1,Echolocation,/mnt/ubna_data_01_mir/recover-20220825/UBNA_002/20220823_033000.WAV,Telephone Field,recover-20220825,002,1795
414.2185,414.2245,40078,64961,Myotis brandtii,0.261,0.421,-1,Echolocation,/mnt/ubna_data_01_mir/recover-20220825/UBNA_002/20220823_033000.WAV,Telephone Field,recover-20220825,002,1795
414.2185,414.2254,52968,58719,Pipistrellus pygmaeus,0.021,0.024,-1,Echolocation,/mnt/ubna_data_01_mir/recover-20220825/UBNA_002/20220823_033000.WAV,Telephone Field,recover-20220825,002,1795
414.2305,414.2405,24609,29873,Nyctalus leisleri,0.01,0.025,-1,Echolocation,/mnt/ubna_data_01_mir/recover-20220825/UBNA_002/20220823_033000.WAV,Telephone Field,recover-20220825,002,1795
414.2475,414.259,28906,35646,Eptesicus serotinus,0.011,0.025,-1,Echolocation,/mnt/ubna_data_01_mir/recover-20220825/UBNA_002/20220823_033000.WAV,Telephone Field,recover-20220825,002,1795
414.2765,414.3167,68437,82658,Rhinolophus ferrumequinum,0.03,0.03,-1,Echolocation,/mnt/ubna_data_01_mir/recover-20220825/UBNA_002/20220823_033000.WAV,Telephone Field,recover-20220825,002,1795
414.29449999999997,414.3322,68437,81893,Rhinolophus ferrumequinum,0.023,0.023,-1,Echolocation,/mnt/ubna_data_01_mir/recover-20220825/UBNA_002/20220823_033000.WAV,Telephone Field,recover-20220825,002,1795
414.2955,414.3026,42656,52145,Pipistrellus nathusii,0.333,0.444,-1,Echolocation,/mnt/ubna_data_01_mir/recover-20220825/UBNA_002/20220823_033000.WAV,Telephone Field,recover-20220825,002,1795
414.3175,414.3538,68437,81269,Rhinolophus ferrumequinum,0.022,0.022,-1,Echolocation,/mnt/ubna_data_01_mir/recover-20220825/UBNA_002/20220823_033000.WAV,Telephone Field,recover-20220825,002,1795
414.3245,414.3338,38359,43417,Pipistrellus nathusii,0.01,0.022,-1,Echolocation,/mnt/ubna_data_01_mir/recover-20220825/UBNA_002/20220823_033000.WAV,Telephone Field,recover-20220825,002,1795
414.3485,414.3568,39218,48268,Pipistrellus nathusii,0.012,0.027,-1,Echolocation,/mnt/ubna_data_01_mir/recover-20220825/UBNA_002/20220823_033000.WAV,Telephone Field,recover-20220825,002,1795
414.3575,414.38779999999997,68437,80410,Rhinolophus ferrumequinum,0.027,0.027,-1,Echolocation,/mnt/ubna_data_01_mir/recover-20220825/UBNA_002/20220823_033000.WAV,Telephone Field,recover-20220825,002,1795
414.3715,414.378,28906,36241,Myotis daubentonii,0.008,0.026,-1,Echolocation,/mnt/ubna_data_01_mir/recover-20220825/UBNA_002/20220823_033000.WAV,Telephone Field,recover-20220825,002,1795
414.3855,414.3948,48671,53322,Pipistrellus pipistrellus,0.038,0.076,-1,Echolocation,/mnt/ubna_data_01_mir/recover-20220825/UBNA_002/20220823_033000.WAV,Telephone Field,recover-20220825,002,1795
414.3865,414.3933,31484,78423,Myotis brandtii,0.458,0.509,-1,Echolocation,/mnt/ubna_data_01_mir/recover-20220825/UBNA_002/20220823_033000.WAV,Telephone Field,recover-20220825,002,1795
414.4475,414.4525,39218,59646,Myotis brandtii,0.266,0.446,-1,Echolocation,/mnt/ubna_data_01_mir/recover-20220825/UBNA_002/20220823_033000.WAV,Telephone Field,recover-20220825,002,1795
414.4595,414.4697,28046,33512,Eptesicus serotinus,0.007,0.022,-1,Echolocation,/mnt/ubna_data_01_mir/recover-20220825/UBNA_002/20220823_033000.WAV,Telephone Field,recover-20220825,002,1795
414.4615,414.4741,15156,21483,Nyctalus noctula,0.017,0.027,-1,Echolocation,/mnt/ubna_data_01_mir/recover-20220825/UBNA_002/20220823_033000.WAV,Telephone Field,recover-20220825,002,1795
414.4635,414.5015,68437,81521,Rhinolophus ferrumequinum,0.022,0.022,-1,Echolocation,/mnt/ubna_data_01_mir/recover-20220825/UBNA_002/20220823_033000.WAV,Telephone Field,recover-20220825,002,1795
414.4965,414.5081,49531,56178,Pipistrellus pipistrellus,0.026,0.045,-1,Echolocation,/mnt/ubna_data_01_mir/recover-20220825/UBNA_002/20220823_033000.WAV,Telephone Field,recover-20220825,002,1795
414.5025,414.5082,39218,61430,Pipistrellus nathusii,0.162,0.384,-1,Echolocation,/mnt/ubna_data_01_mir/recover-20220825/UBNA_002/20220823_033000.WAV,Telephone Field,recover-20220825,002,1795
414.5035,414.5129,47812,51811,Pipistrellus pipistrellus,0.023,0.036,-1,Echolocation,/mnt/ubna_data_01_mir/recover-20220825/UBNA_002/20220823_033000.WAV,Telephone Field,recover-20220825,002,1795
414.5315,414.5415,37500,42389,Pipistrellus nathusii,0.013,0.024,-1,Echolocation,/mnt/ubna_data_01_mir/recover-20220825/UBNA_002/20220823_033000.WAV,Telephone Field,recover-20220825,002,1795
414.5345,414.573,68437,82360,Rhinolophus ferrumequinum,0.022,0.022,-1,Echolocation,/mnt/ubna_data_01_mir/recover-20220825/UBNA_002/20220823_033000.WAV,Telephone Field,recover-20220825,002,1795
414.5855,414.598,43515,48725,Pipistrellus pipistrellus,0.035,0.052,-1,Echolocation,/mnt/ubna_data_01_mir/recover-20220825/UBNA_002/20220823_033000.WAV,Telephone Field,recover-20220825,002,1795
414.5915,414.6315,68437,82143,Rhinolophus ferrumequinum,0.023,0.023,-1,Echolocation,/mnt/ubna_data_01_mir/recover-20220825/UBNA_002/20220823_033000.WAV,Telephone Field,recover-20220825,002,1795
414.5935,414.5991,31484,56724,Myotis daubentonii,0.013,0.028,-1,Echolocation,/mnt/ubna_data_01_mir/recover-20220825/UBNA_002/20220823_033000.WAV,Telephone Field,recover-20220825,002,1795
414.6205,414.6598,68437,82204,Rhinolophus ferrumequinum,0.022,0.022,-1,Echolocation,/mnt/ubna_data_01_mir/recover-20220825/UBNA_002/20220823_033000.WAV,Telephone Field,recover-20220825,002,1795
414.6335,414.6403,27187,36136,Eptesicus serotinus,0.006,0.023,-1,Echolocation,/mnt/ubna_data_01_mir/recover-20220825/UBNA_002/20220823_033000.WAV,Telephone Field,recover-20220825,002,1795
414.6625,414.69780000000003,68437,81415,Rhinolophus ferrumequinum,0.022,0.022,-1,Echolocation,/mnt/ubna_data_01_mir/recover-20220825/UBNA_002/20220823_033000.WAV,Telephone Field,recover-20220825,002,1795
414.6705,414.6797,40937,50337,Pipistrellus nathusii,0.345,0.395,-1,Echolocation,/mnt/ubna_data_01_mir/recover-20220825/UBNA_002/20220823_033000.WAV,Telephone Field,recover-20220825,002,1795
414.7105,414.75,68437,82544,Rhinolophus ferrumequinum,0.035,0.035,-1,Echolocation,/mnt/ubna_data_01_mir/recover-20220825/UBNA_002/20220823_033000.WAV,Telephone Field,recover-20220825,002,1795
414.7465,414.7539,27187,35419,Eptesicus serotinus,0.01,0.027,-1,Echolocation,/mnt/ubna_data_01_mir/recover-20220825/UBNA_002/20220823_033000.WAV,Telephone Field,recover-20220825,002,1795
414.7555,414.7944,68437,82076,Rhinolophus ferrumequinum,0.022,0.022,-1,Echolocation,/mnt/ubna_data_01_mir/recover-20220825/UBNA_002/20220823_033000.WAV,Telephone Field,recover-20220825,002,1795
414.7745,414.7823,27187,37064,Eptesicus serotinus,0.007,0.022,-1,Echolocation,/mnt/ubna_data_01_mir/recover-20220825/UBNA_002/20220823_033000.WAV,Telephone Field,recover-20220825,002,1795
414.8195,414.8323,16015,22056,Nyctalus noctula,0.028,0.042,-1,Echolocation,/mnt/ubna_data_01_mir/recover-20220825/UBNA_002/20220823_033000.WAV,Telephone Field,recover-20220825,002,1795
414.8225,414.858,68437,81824,Rhinolophus ferrumequinum,0.025,0.025,-1,Echolocation,/mnt/ubna_data_01_mir/recover-20220825/UBNA_002/20220823_033000.WAV,Telephone Field,recover-20220825,002,1795
414.8385,414.8767,68437,82034,Rhinolophus ferrumequinum,0.022,0.022,-1,Echolocation,/mnt/ubna_data_01_mir/recover-20220825/UBNA_002/20220823_033000.WAV,Telephone Field,recover-20220825,002,1795
414.8525,414.8629,40937,49857,Pipistrellus nathusii,0.196,0.25,-1,Echolocation,/mnt/ubna_data_01_mir/recover-20220825/UBNA_002/20220823_033000.WAV,Telephone Field,recover-20220825,002,1795
414.8625,414.9013,68437,81581,Rhinolophus ferrumequinum,0.023,0.023,-1,Echolocation,/mnt/ubna_data_01_mir/recover-20220825/UBNA_002/20220823_033000.WAV,Telephone Field,recover-20220825,002,1795
414.9075,414.947,68437,82292,Rhinolophus ferrumequinum,0.026,0.026,-1,Echolocation,/mnt/ubna_data_01_mir/recover-20220825/UBNA_002/20220823_033000.WAV,Telephone Field,recover-20220825,002,1795
414.9085,414.9261,20312,24209,Nyctalus leisleri,0.01,0.022,-1,Echolocation,/mnt/ubna_data_01_mir/recover-20220825/UBNA_002/20220823_033000.WAV,Telephone Field,recover-20220825,002,1795
414.9355,414.9764,68437,83214,Rhinolophus ferrumequinum,0.029,0.029,-1,Echolocation,/mnt/ubna_data_01_mir/recover-20220825/UBNA_002/20220823_033000.WAV,Telephone Field,recover-20220825,002,1795
414.9465,414.9588,41796,44898,Pipistrellus nathusii,0.048,0.061,-1,Echolocation,/mnt/ubna_data_01_mir/recover-20220825/UBNA_002/20220823_033000.WAV,Telephone Field,recover-20220825,002,1795
414.9525,414.9598,27187,37085,Eptesicus serotinus,0.007,0.024,-1,Echolocation,/mnt/ubna_data_01_mir/recover-20220825/UBNA_002/20220823_033000.WAV,Telephone Field,recover-20220825,002,1795
414.9695,415.0101,68437,82541,Rhinolophus ferrumequinum,0.032,0.032,-1,Echolocation,/mnt/ubna_data_01_mir/recover-20220825/UBNA_002/20220823_033000.WAV,Telephone Field,recover-20220825,002,1795
415.0295,415.0395,40078,48669,Pipistrellus nathusii,0.325,0.365,-1,Echolocation,/mnt/ubna_data_01_mir/recover-20220825/UBNA_002/20220823_033000.WAV,Telephone Field,recover-20220825,002,1795
415.0495,415.0912,68437,83343,Rhinolophus ferrumequinum,0.028,0.029,-1,Echolocation,/mnt/ubna_data_01_mir/recover-20220825/UBNA_002/20220823_033000.WAV,Telephone Field,recover-20220825,002,1795
415.1375,415.1482,27187,34659,Eptesicus serotinus,0.014,0.03,-1,Echolocation,/mnt/ubna_data_01_mir/recover-20220825/UBNA_002/20220823_033000.WAV,Telephone Field,recover-20220825,002,1795
415.1385,415.1467,44375,52774,Pipistrellus pipistrellus,0.011,0.023,-1,Echolocation,/mnt/ubna_data_01_mir/recover-20220825/UBNA_002/20220823_033000.WAV,Telephone Field,recover-20220825,002,1795
415.1925,415.2313,68437,82114,Rhinolophus ferrumequinum,0.022,0.022,-1,Echolocation,/mnt/ubna_data_01_mir/recover-20220825/UBNA_002/20220823_033000.WAV,Telephone Field,recover-20220825,002,1795
415.1965,415.2025,35781,52673,Myotis brandtii,0.012,0.023,-1,Echolocation,/mnt/ubna_data_01_mir/recover-20220825/UBNA_002/20220823_033000.WAV,Telephone Field,recover-20220825,002,1795
415.2135,415.2522,68437,81712,Rhinolophus ferrumequinum,0.022,0.023,-1,Echolocation,/mnt/ubna_data_01_mir/recover-20220825/UBNA_002/20220823_033000.WAV,Telephone Field,recover-20220825,002,1795
415.2215,415.23199999999997,39218,46544,Pipistrellus nathusii,0.057,0.081,-1,Echolocation,/mnt/ubna_data_01_mir/recover-20220825/UBNA_002/20220823_033000.WAV,Telephone Field,recover-20220825,002,1795
415.2485,415.2891,68437,82520,Rhinolophus ferrumequinum,0.023,0.023,-1,Echolocation,/mnt/ubna_data_01_mir/recover-20220825/UBNA_002/20220823_033000.WAV,Telephone Field,recover-20220825,002,1795
415.2515,415.2599,27187,35726,Eptesicus serotinus,0.01,0.03,-1,Echolocation,/mnt/ubna_data_01_mir/recover-20220825/UBNA_002/20220823_033000.WAV,Telephone Field,recover-20220825,002,1795
415.2755,415.2853,33203,40520,Pipistrellus nathusii,0.012,0.027,-1,Echolocation,/mnt/ubna_data_01_mir/recover-20220825/UBNA_002/20220823_033000.WAV,Telephone Field,recover-20220825,002,1795
415.3195,415.3318,22031,26482,Nyctalus leisleri,0.011,0.022,-1,Echolocation,/mnt/ubna_data_01_mir/recover-20220825/UBNA_002/20220823_033000.WAV,Telephone Field,recover-20220825,002,1795
415.3395,415.3466,27187,39988,Eptesicus serotinus,0.006,0.022,-1,Echolocation,/mnt/ubna_data_01_mir/recover-20220825/UBNA_002/20220823_033000.WAV,Telephone Field,recover-20220825,002,1795
415.3575,415.3951,68437,81975,Rhinolophus ferrumequinum,0.025,0.025,-1,Echolocation,/mnt/ubna_data_01_mir/recover-20220825/UBNA_002/20220823_033000.WAV,Telephone Field,recover-20220825,002,1795
415.3655,415.3759,46093,50685,Pipistrellus pipistrellus,0.023,0.025,-1,Echolocation,/mnt/ubna_data_01_mir/recover-20220825/UBNA_002/20220823_033000.WAV,Telephone Field,recover-20220825,002,1795
415.3705,415.4121,68437,82876,Rhinolophus ferrumequinum,0.023,0.024,-1,Echolocation,/mnt/ubna_data_01_mir/recover-20220825/UBNA_002/20220823_033000.WAV,Telephone Field,recover-20220825,002,1795
415.3725,415.3812,47812,56917,Pipistrellus pipistrellus,0.02,0.025,-1,Echolocation,/mnt/ubna_data_01_mir/recover-20220825/UBNA_002/20220823_033000.WAV,Telephone Field,recover-20220825,002,1795
415.3785,415.4204,68437,82728,Rhinolophus ferrumequinum,0.023,0.023,-1,Echolocation,/mnt/ubna_data_01_mir/recover-20220825/UBNA_002/20220823_033000.WAV,Telephone Field,recover-20220825,002,1795
415.3885,415.4275,68437,82254,Rhinolophus ferrumequinum,0.023,0.023,-1,Echolocation,/mnt/ubna_data_01_mir/recover-20220825/UBNA_002/20220823_033000.WAV,Telephone Field,recover-20220825,002,1795
415.3905,415.398,27187,38374,Eptesicus serotinus,0.008,0.026,-1,Echolocation,/mnt/ubna_data_01_mir/recover-20220825/UBNA_002/20220823_033000.WAV,Telephone Field,recover-20220825,002,1795
415.4065,415.4174,41796,48039,Pipistrellus nathusii,0.104,0.126,-1,Echolocation,/mnt/ubna_data_01_mir/recover-20220825/UBNA_002/20220823_033000.WAV,Telephone Field,recover-20220825,002,1795
415.4265,415.4364,25468,32907,Eptesicus serotinus,0.01,0.026,-1,Echolocation,/mnt/ubna_data_01_mir/recover-20220825/UBNA_002/20220823_033000.WAV,Telephone Field,recover-20220825,002,1795
415.4425,415.4521,28046,37699,Eptesicus serotinus,0.012,0.03,-1,Echolocation,/mnt/ubna_data_01_mir/recover-20220825/UBNA_002/20220823_033000.WAV,Telephone Field,recover-20220825,002,1795
415.4455,415.4816,68437,81597,Rhinolophus ferrumequinum,0.023,0.023,-1,Echolocation,/mnt/ubna_data_01_mir/recover-20220825/UBNA_002/20220823_033000.WAV,Telephone Field,recover-20220825,002,1795
415.4645,415.5022,68437,81828,Rhinolophus ferrumequinum,0.023,0.024,-1,Echolocation,/mnt/ubna_data_01_mir/recover-20220825/UBNA_002/20220823_033000.WAV,Telephone Field,recover-20220825,002,1795
415.4805,415.5184,68437,81877,Rhinolophus ferrumequinum,0.022,0.022,-1,Echolocation,/mnt/ubna_data_01_mir/recover-20220825/UBNA_002/20220823_033000.WAV,Telephone Field,recover-20220825,002,1795
415.5335,415.5733,68437,82451,Rhinolophus ferrumequinum,0.023,0.023,-1,Echolocation,/mnt/ubna_data_01_mir/recover-20220825/UBNA_002/20220823_033000.WAV,Telephone Field,recover-20220825,002,1795
415.54449999999997,415.5818,68437,82082,Rhinolophus ferrumequinum,0.022,0.023,-1,Echolocation,/mnt/ubna_data_01_mir/recover-20220825/UBNA_002/20220823_033000.WAV,Telephone Field,recover-20220825,002,1795
415.5885,415.5946,39218,51165,Pipistrellus nathusii,0.184,0.341,-1,Echolocation,/mnt/ubna_data_01_mir/recover-20220825/UBNA_002/20220823_033000.WAV,Telephone Field,recover-20220825,002,1795
415.5975,415.6359,68437,82369,Rhinolophus ferrumequinum,0.026,0.026,-1,Echolocation,/mnt/ubna_data_01_mir/recover-20220825/UBNA_002/20220823_033000.WAV,Telephone Field,recover-20220825,002,1795
415.60450000000003,415.6422,68437,81867,Rhinolophus ferrumequinum,0.023,0.023,-1,Echolocation,/mnt/ubna_data_01_mir/recover-20220825/UBNA_002/20220823_033000.WAV,Telephone Field,recover-20220825,002,1795
415.6165,415.6251,28046,35672,Eptesicus serotinus,0.008,0.023,-1,Echolocation,/mnt/ubna_data_01_mir/recover-20220825/UBNA_002/20220823_033000.WAV,Telephone Field,recover-20220825,002,1795
415.6275,415.6649,68437,81649,Rhinolophus ferrumequinum,0.023,0.023,-1,Echolocation,/mnt/ubna_data_01_mir/recover-20220825/UBNA_002/20220823_033000.WAV,Telephone Field,recover-20220825,002,1795
415.6295,415.6363,55546,64453,Pipistrellus pygmaeus,0.026,0.027,-1,Echolocation,/mnt/ubna_data_01_mir/recover-20220825/UBNA_002/20220823_033000.WAV,Telephone Field,recover-20220825,002,1795
415.6515,415.6878,68437,81879,Rhinolophus ferrumequinum,0.022,0.022,-1,Echolocation,/mnt/ubna_data_01_mir/recover-20220825/UBNA_002/20220823_033000.WAV,Telephone Field,recover-20220825,002,1795
415.6785,415.6842,39218,51613,Myotis brandtii,0.047,0.124,-1,Echolocation,/mnt/ubna_data_01_mir/recover-20220825/UBNA_002/20220823_033000.WAV,Telephone Field,recover-20220825,002,1795
415.7195,415.7565,68437,81884,Rhinolophus ferrumequinum,0.022,0.023,-1,Echolocation,/mnt/ubna_data_01_mir/recover-20220825/UBNA_002/20220823_033000.WAV,Telephone Field,recover-20220825,002,1795
415.7205,415.726,40078,51861,Myotis brandtii,0.01,0.03,-1,Echolocation,/mnt/ubna_data_01_mir/recover-20220825/UBNA_002/20220823_033000.WAV,Telephone Field,recover-20220825,002,1795
415.7245,415.7621,68437,81459,Rhinolophus ferrumequinum,0.022,0.022,-1,Echolocation,/mnt/ubna_data_01_mir/recover-20220825/UBNA_002/20220823_033000.WAV,Telephone Field,recover-20220825,002,1795
415.7455,415.7546,32343,42426,Barbastellus barbastellus,0.007,0.024,-1,Echolocation,/mnt/ubna_data_01_mir/recover-20220825/UBNA_002/20220823_033000.WAV,Telephone Field,recover-20220825,002,1795
415.7455,415.7537,26328,37439,Eptesicus serotinus,0.009,0.026,-1,Echolocation,/mnt/ubna_data_01_mir/recover-20220825/UBNA_002/20220823_033000.WAV,Telephone Field,recover-20220825,002,1795
415.7495,415.7593,54687,65150,Pipistrellus pygmaeus,0.029,0.03,-1,Echolocation,/mnt/ubna_data_01_mir/recover-20220825/UBNA_002/20220823_033000.WAV,Telephone Field,recover-20220825,002,1795
415.7555,415.761,40078,71223,Myotis brandtii,0.018,0.032,-1,Echolocation,/mnt/ubna_data_01_mir/recover-20220825/UBNA_002/20220823_033000.WAV,Telephone Field,recover-20220825,002,1795
415.7555,415.763,27187,34227,Eptesicus serotinus,0.006,0.025,-1,Echolocation,/mnt/ubna_data_01_mir/recover-20220825/UBNA_002/20220823_033000.WAV,Telephone Field,recover-20220825,002,1795
415.7665,415.7715,37500,55277,Pipistrellus nathusii,0.213,0.463,-1,Echolocation,/mnt/ubna_data_01_mir/recover-20220825/UBNA_002/20220823_033000.WAV,Telephone Field,recover-20220825,002,1795
415.7675,415.7753,47812,51184,Pipistrellus pipistrellus,0.018,0.029,-1,Echolocation,/mnt/ubna_data_01_mir/recover-20220825/UBNA_002/20220823_033000.WAV,Telephone Field,recover-20220825,002,1795
415.7875,415.8288,68437,82690,Rhinolophus ferrumequinum,0.023,0.023,-1,Echolocation,/mnt/ubna_data_01_mir/recover-20220825/UBNA_002/20220823_033000.WAV,Telephone Field,recover-20220825,002,1795
415.8225,415.86220000000003,68437,82723,Rhinolophus ferrumequinum,0.031,0.031,-1,Echolocation,/mnt/ubna_data_01_mir/recover-20220825/UBNA_002/20220823_033000.WAV,Telephone Field,recover-20220825,002,1795
415.8925,415.9002,27187,36968,Eptesicus serotinus,0.007,0.022,-1,Echolocation,/mnt/ubna_data_01_mir/recover-20220825/UBNA_002/20220823_033000.WAV,Telephone Field,recover-20220825,002,1795
415.9045,415.9435,68437,82052,Rhinolophus ferrumequinum,0.022,0.022,-1,Echolocation,/mnt/ubna_data_01_mir/recover-20220825/UBNA_002/20220823_033000.WAV,Telephone Field,recover-20220825,002,1795
415.9055,415.9122,45234,51798,Pipistrellus pipistrellus,0.027,0.036,-1,Echolocation,/mnt/ubna_data_01_mir/recover-20220825/UBNA_002/20220823_033000.WAV,Telephone Field,recover-20220825,002,1795
415.9145,415.9475,68437,81183,Rhinolophus ferrumequinum,0.025,0.025,-1,Echolocation,/mnt/ubna_data_01_mir/recover-20220825/UBNA_002/20220823_033000.WAV,Telephone Field,recover-20220825,002,1795
415.9155,415.9237,27187,40563,Eptesicus serotinus,0.008,0.026,-1,Echolocation,/mnt/ubna_data_01_mir/recover-20220825/UBNA_002/20220823_033000.WAV,Telephone Field,recover-20220825,002,1795
415.9175,415.9304,58125,64211,Pipistrellus pygmaeus,0.022,0.023,-1,Echolocation,/mnt/ubna_data_01_mir/recover-20220825/UBNA_002/20220823_033000.WAV,Telephone Field,recover-20220825,002,1795
415.9185,415.9262,31484,42981,Myotis daubentonii,0.009,0.023,-1,Echolocation,/mnt/ubna_data_01_mir/recover-20220825/UBNA_002/20220823_033000.WAV,Telephone Field,recover-20220825,002,1795
415.9485,415.9538,37500,51901,Pipistrellus nathusii,0.215,0.395,-1,Echolocation,/mnt/ubna_data_01_mir/recover-20220825/UBNA_002/20220823_033000.WAV,Telephone Field,recover-20220825,002,1795
415.9565,415.9639,26328,35582,Eptesicus serotinus,0.006,0.022,-1,Echolocation,/mnt/ubna_data_01_mir/recover-20220825/UBNA_002/20220823_033000.WAV,Telephone Field,recover-20220825,002,1795
415.9835,415.9922,27187,39335,Eptesicus serotinus,0.008,0.022,-1,Echolocation,/mnt/ubna_data_01_mir/recover-20220825/UBNA_002/20220823_033000.WAV,Telephone Field,recover-20220825,002,1795
416.0015,416.0119,23750,30512,Nyctalus leisleri,0.013,0.033,-1,Echolocation,/mnt/ubna_data_01_mir/recover-20220825/UBNA_002/20220823_033000.WAV,Telephone Field,recover-20220825,002,1795
416.0015,416.0363,68437,80369,Rhinolophus ferrumequinum,0.076,0.076,-1,Echolocation,/mnt/ubna_data_01_mir/recover-20220825/UBNA_002/20220823_033000.WAV,Telephone Field,recover-20220825,002,1795
416.0075,416.0502,68437,82633,Rhinolophus ferrumequinum,0.03,0.03,-1,Echolocation,/mnt/ubna_data_01_mir/recover-20220825/UBNA_002/20220823_033000.WAV,Telephone Field,recover-20220825,002,1795
416.0395,416.0452,36640,50088,Pipistrellus nathusii,0.152,0.498,-1,Echolocation,/mnt/ubna_data_01_mir/recover-20220825/UBNA_002/20220823_033000.WAV,Telephone Field,recover-20220825,002,1795
416.0485,416.0541,29765,40545,Myotis daubentonii,0.013,0.022,-1,Echolocation,/mnt/ubna_data_01_mir/recover-20220825/UBNA_002/20220823_033000.WAV,Telephone Field,recover-20220825,002,1795
416.0655,416.1034,68437,82277,Rhinolophus ferrumequinum,0.023,0.023,-1,Echolocation,/mnt/ubna_data_01_mir/recover-20220825/UBNA_002/20220823_033000.WAV,Telephone Field,recover-20220825,002,1795
416.0685,416.0785,14296,19107,Nyctalus noctula,0.014,0.037,-1,Echolocation,/mnt/ubna_data_01_mir/recover-20220825/UBNA_002/20220823_033000.WAV,Telephone Field,recover-20220825,002,1795
416.1035,416.1409,68437,82289,Rhinolophus ferrumequinum,0.021,0.021,-1,Echolocation,/mnt/ubna_data_01_mir/recover-20220825/UBNA_002/20220823_033000.WAV,Telephone Field,recover-20220825,002,1795
416.1295,416.1658,68437,81940,Rhinolophus ferrumequinum,0.021,0.021,-1,Echolocation,/mnt/ubna_data_01_mir/recover-20220825/UBNA_002/20220823_033000.WAV,Telephone Field,recover-20220825,002,1795
416.1355,416.1479,22890,27502,Nyctalus leisleri,0.013,0.024,-1,Echolocation,/mnt/ubna_data_01_mir/recover-20220825/UBNA_002/20220823_033000.WAV,Telephone Field,recover-20220825,002,1795
416.1465,416.1834,68437,82069,Rhinolophus ferrumequinum,0.024,0.024,-1,Echolocation,/mnt/ubna_data_01_mir/recover-20220825/UBNA_002/20220823_033000.WAV,Telephone Field,recover-20220825,002,1795
416.1855,416.1939,28046,38612,Eptesicus serotinus,0.007,0.021,-1,Echolocation,/mnt/ubna_data_01_mir/recover-20220825/UBNA_002/20220823_033000.WAV,Telephone Field,recover-20220825,002,1795
416.1965,416.2344,68437,81578,Rhinolophus ferrumequinum,0.022,0.022,-1,Echolocation,/mnt/ubna_data_01_mir/recover-20220825/UBNA_002/20220823_033000.WAV,Telephone Field,recover-20220825,002,1795
416.2105,416.2174,27187,39116,Eptesicus serotinus,0.007,0.024,-1,Echolocation,/mnt/ubna_data_01_mir/recover-20220825/UBNA_002/20220823_033000.WAV,Telephone Field,recover-20220825,002,1795
416.2215,416.2276,36640,50340,Pipistrellus nathusii,0.188,0.494,-1,Echolocation,/mnt/ubna_data_01_mir/recover-20220825/UBNA_002/20220823_033000.WAV,Telephone Field,recover-20220825,002,1795
416.2315,416.2369,31484,42671,Myotis daubentonii,0.01,0.021,-1,Echolocation,/mnt/ubna_data_01_mir/recover-20220825/UBNA_002/20220823_033000.WAV,Telephone Field,recover-20220825,002,1795
416.2315,416.2391,26328,33324,Eptesicus serotinus,0.006,0.023,-1,Echolocation,/mnt/ubna_data_01_mir/recover-20220825/UBNA_002/20220823_033000.WAV,Telephone Field,recover-20220825,002,1795
416.2815,416.323,68437,82505,Rhinolophus ferrumequinum,0.033,0.033,-1,Echolocation,/mnt/ubna_data_01_mir/recover-20220825/UBNA_002/20220823_033000.WAV,Telephone Field,recover-20220825,002,1795
416.3145,416.32,36640,48840,Pipistrellus nathusii,0.148,0.478,-1,Echolocation,/mnt/ubna_data_01_mir/recover-20220825/UBNA_002/20220823_033000.WAV,Telephone Field,recover-20220825,002,1795
416.3245,416.332,27187,35328,Eptesicus serotinus,0.008,0.029,-1,Echolocation,/mnt/ubna_data_01_mir/recover-20220825/UBNA_002/20220823_033000.WAV,Telephone Field,recover-20220825,002,1795
416.3425,416.3796,68437,81776,Rhinolophus ferrumequinum,0.031,0.031,-1,Echolocation,/mnt/ubna_data_01_mir/recover-20220825/UBNA_002/20220823_033000.WAV,Telephone Field,recover-20220825,002,1795
416.3615,416.39639999999997,68437,81854,Rhinolophus ferrumequinum,0.021,0.021,-1,Echolocation,/mnt/ubna_data_01_mir/recover-20220825/UBNA_002/20220823_033000.WAV,Telephone Field,recover-20220825,002,1795
416.3725,416.4056,68437,81762,Rhinolophus ferrumequinum,0.022,0.022,-1,Echolocation,/mnt/ubna_data_01_mir/recover-20220825/UBNA_002/20220823_033000.WAV,Telephone Field,recover-20220825,002,1795
416.3885,416.4252,68437,81324,Rhinolophus ferrumequinum,0.024,0.024,-1,Echolocation,/mnt/ubna_data_01_mir/recover-20220825/UBNA_002/20220823_033000.WAV,Telephone Field,recover-20220825,002,1795
416.4055,416.41179999999997,38359,45804,Barbastellus barbastellus,0.102,0.201,-1,Echolocation,/mnt/ubna_data_01_mir/recover-20220825/UBNA_002/20220823_033000.WAV,Telephone Field,recover-20220825,002,1795
416.4285,416.4341,32343,49228,Myotis daubentonii,0.013,0.025,-1,Echolocation,/mnt/ubna_data_01_mir/recover-20220825/UBNA_002/20220823_033000.WAV,Telephone Field,recover-20220825,002,1795
416.4635,416.4721,28906,37581,Eptesicus serotinus,0.008,0.023,-1,Echolocation,/mnt/ubna_data_01_mir/recover-20220825/UBNA_002/20220823_033000.WAV,Telephone Field,recover-20220825,002,1795
416.47950000000003,416.5195,68437,81759,Rhinolophus ferrumequinum,0.023,0.024,-1,Echolocation,/mnt/ubna_data_01_mir/recover-20220825/UBNA_002/20220823_033000.WAV,Telephone Field,recover-20220825,002,1795
416.4845,416.4964,23750,28073,Nyctalus leisleri,0.012,0.023,-1,Echolocation,/mnt/ubna_data_01_mir/recover-20220825/UBNA_002/20220823_033000.WAV,Telephone Field,recover-20220825,002,1795
416.4965,416.5027,27187,52816,Myotis daubentonii,0.017,0.075,-1,Echolocation,/mnt/ubna_data_01_mir/recover-20220825/UBNA_002/20220823_033000.WAV,Telephone Field,recover-20220825,002,1795
416.4965,416.5019,36640,50104,Pipistrellus nathusii,0.162,0.463,-1,Echolocation,/mnt/ubna_data_01_mir/recover-20220825/UBNA_002/20220823_033000.WAV,Telephone Field,recover-20220825,002,1795
416.5055,416.5138,26328,34283,Eptesicus serotinus,0.009,0.026,-1,Echolocation,/mnt/ubna_data_01_mir/recover-20220825/UBNA_002/20220823_033000.WAV,Telephone Field,recover-20220825,002,1795
416.5105,416.5459,68437,81363,Rhinolophus ferrumequinum,0.021,0.021,-1,Echolocation,/mnt/ubna_data_01_mir/recover-20220825/UBNA_002/20220823_033000.WAV,Telephone Field,recover-20220825,002,1795
416.5485,416.5568,27187,40661,Eptesicus serotinus,0.009,0.024,-1,Echolocation,/mnt/ubna_data_01_mir/recover-20220825/UBNA_002/20220823_033000.WAV,Telephone Field,recover-20220825,002,1795
416.5915,416.5967,38359,46995,Barbastellus barbastellus,0.145,0.306,-1,Echolocation,/mnt/ubna_data_01_mir/recover-20220825/UBNA_002/20220823_033000.WAV,Telephone Field,recover-20220825,002,1795
416.5925,416.6041,47812,51246,Pipistrellus pipistrellus,0.027,0.041,-1,Echolocation,/mnt/ubna_data_01_mir/recover-20220825/UBNA_002/20220823_033000.WAV,Telephone Field,recover-20220825,002,1795
416.5945,416.6308,68437,81928,Rhinolophus ferrumequinum,0.022,0.022,-1,Echolocation,/mnt/ubna_data_01_mir/recover-20220825/UBNA_002/20220823_033000.WAV,Telephone Field,recover-20220825,002,1795
416.6125,416.65,68437,82126,Rhinolophus ferrumequinum,0.022,0.022,-1,Echolocation,/mnt/ubna_data_01_mir/recover-20220825/UBNA_002/20220823_033000.WAV,Telephone Field,recover-20220825,002,1795
416.6205,416.656,68437,81533,Rhinolophus ferrumequinum,0.023,0.023,-1,Echolocation,/mnt/ubna_data_01_mir/recover-20220825/UBNA_002/20220823_033000.WAV,Telephone Field,recover-20220825,002,1795
416.6245,416.6319,28046,40588,Eptesicus serotinus,0.008,0.025,-1,Echolocation,/mnt/ubna_data_01_mir/recover-20220825/UBNA_002/20220823_033000.WAV,Telephone Field,recover-20220825,002,1795
416.6525,416.6634,22890,28542,Nyctalus leisleri,0.01,0.022,-1,Echolocation,/mnt/ubna_data_01_mir/recover-20220825/UBNA_002/20220823_033000.WAV,Telephone Field,recover-20220825,002,1795
416.6545,416.6934,68437,82590,Rhinolophus ferrumequinum,0.024,0.024,-1,Echolocation,/mnt/ubna_data_01_mir/recover-20220825/UBNA_002/20220823_033000.WAV,Telephone Field,recover-20220825,002,1795
416.6655,416.7022,68437,81611,Rhinolophus ferrumequinum,0.021,0.021,-1,Echolocation,/mnt/ubna_data_01_mir/recover-20220825/UBNA_002/20220823_033000.WAV,Telephone Field,recover-20220825,002,1795
416.6795,416.718,68437,81980,Rhinolophus ferrumequinum,0.023,0.023,-1,Echolocation,/mnt/ubna_data_01_mir/recover-20220825/UBNA_002/20220823_033000.WAV,Telephone Field,recover-20220825,002,1795
416.6825,416.6893,37500,44953,Myotis daubentonii,0.121,0.382,-1,Echolocation,/mnt/ubna_data_01_mir/recover-20220825/UBNA_002/20220823_033000.WAV,Telephone Field,recover-20220825,002,1795
416.6925,416.7001,27187,34663,Eptesicus serotinus,0.007,0.026,-1,Echolocation,/mnt/ubna_data_01_mir/recover-20220825/UBNA_002/20220823_033000.WAV,Telephone Field,recover-20220825,002,1795
416.7075,416.7167,27187,35452,Eptesicus serotinus,0.013,0.029,-1,Echolocation,/mnt/ubna_data_01_mir/recover-20220825/UBNA_002/20220823_033000.WAV,Telephone Field,recover-20220825,002,1795
416.7195,416.72860000000003,49531,52945,Pipistrellus pipistrellus,0.032,0.036,-1,Echolocation,/mnt/ubna_data_01_mir/recover-20220825/UBNA_002/20220823_033000.WAV,Telephone Field,recover-20220825,002,1795
416.7215,416.7591,68437,82270,Rhinolophus ferrumequinum,0.023,0.023,-1,Echolocation,/mnt/ubna_data_01_mir/recover-20220825/UBNA_002/20220823_033000.WAV,Telephone Field,recover-20220825,002,1795
416.7235,416.7334,28046,35330,Eptesicus serotinus,0.009,0.023,-1,Echolocation,/mnt/ubna_data_01_mir/recover-20220825/UBNA_002/20220823_033000.WAV,Telephone Field,recover-20220825,002,1795
416.7345,416.7716,68437,82634,Rhinolophus ferrumequinum,0.022,0.022,-1,Echolocation,/mnt/ubna_data_01_mir/recover-20220825/UBNA_002/20220823_033000.WAV,Telephone Field,recover-20220825,002,1795
416.7495,416.7895,68437,82763,Rhinolophus ferrumequinum,0.022,0.022,-1,Echolocation,/mnt/ubna_data_01_mir/recover-20220825/UBNA_002/20220823_033000.WAV,Telephone Field,recover-20220825,002,1795
416.7805,416.8171,68437,81696,Rhinolophus ferrumequinum,0.024,0.024,-1,Echolocation,/mnt/ubna_data_01_mir/recover-20220825/UBNA_002/20220823_033000.WAV,Telephone Field,recover-20220825,002,1795
416.8715,416.9127,68437,82770,Rhinolophus ferrumequinum,0.038,0.038,-1,Echolocation,/mnt/ubna_data_01_mir/recover-20220825/UBNA_002/20220823_033000.WAV,Telephone Field,recover-20220825,002,1795
416.9325,416.9716,68437,82364,Rhinolophus ferrumequinum,0.024,0.024,-1,Echolocation,/mnt/ubna_data_01_mir/recover-20220825/UBNA_002/20220823_033000.WAV,Telephone Field,recover-20220825,002,1795
416.9395,416.9512,27187,32663,Eptesicus serotinus,0.015,0.03,-1,Echolocation,/mnt/ubna_data_01_mir/recover-20220825/UBNA_002/20220823_033000.WAV,Telephone Field,recover-20220825,002,1795
416.9645,416.9714,27187,39117,Eptesicus serotinus,0.009,0.03,-1,Echolocation,/mnt/ubna_data_01_mir/recover-20220825/UBNA_002/20220823_033000.WAV,Telephone Field,recover-20220825,002,1795
416.9715,417.0066,68437,80898,Rhinolophus ferrumequinum,0.022,0.022,-1,Echolocation,/mnt/ubna_data_01_mir/recover-20220825/UBNA_002/20220823_033000.WAV,Telephone Field,recover-20220825,002,1795
417.0115,417.0197,28046,38864,Eptesicus serotinus,0.008,0.023,-1,Echolocation,/mnt/ubna_data_01_mir/recover-20220825/UBNA_002/20220823_033000.WAV,Telephone Field,recover-20220825,002,1795
417.0245,417.0642,68437,82091,Rhinolophus ferrumequinum,0.024,0.024,-1,Echolocation,/mnt/ubna_data_01_mir/recover-20220825/UBNA_002/20220823_033000.WAV,Telephone Field,recover-20220825,002,1795
417.0395,417.0515,23750,30097,Nyctalus leisleri,0.012,0.031,-1,Echolocation,/mnt/ubna_data_01_mir/recover-20220825/UBNA_002/20220823_033000.WAV,Telephone Field,recover-20220825,002,1795
417.0485,417.0572,27187,36358,Eptesicus serotinus,0.009,0.024,-1,Echolocation,/mnt/ubna_data_01_mir/recover-20220825/UBNA_002/20220823_033000.WAV,Telephone Field,recover-20220825,002,1795
417.0725,417.0857,24609,29929,Nyctalus leisleri,0.014,0.033,-1,Echolocation,/mnt/ubna_data_01_mir/recover-20220825/UBNA_002/20220823_033000.WAV,Telephone Field,recover-20220825,002,1795
417.0825,417.1225,68437,82679,Rhinolophus ferrumequinum,0.022,0.023,-1,Echolocation,/mnt/ubna_data_01_mir/recover-20220825/UBNA_002/20220823_033000.WAV,Telephone Field,recover-20220825,002,1795
417.0885,417.0982,47812,52748,Pipistrellus pipistrellus,0.02,0.024,-1,Echolocation,/mnt/ubna_data_01_mir/recover-20220825/UBNA_002/20220823_033000.WAV,Telephone Field,recover-20220825,002,1795
417.0895,417.0972,27187,38676,Eptesicus serotinus,0.007,0.023,-1,Echolocation,/mnt/ubna_data_01_mir/recover-20220825/UBNA_002/20220823_033000.WAV,Telephone Field,recover-20220825,002,1795
417.1235,417.1627,68437,81715,Rhinolophus ferrumequinum,0.024,0.024,-1,Echolocation,/mnt/ubna_data_01_mir/recover-20220825/UBNA_002/20220823_033000.WAV,Telephone Field,recover-20220825,002,1795
417.1355,417.1459,24609,31377,Eptesicus serotinus,0.018,0.043,-1,Echolocation,/mnt/ubna_data_01_mir/recover-20220825/UBNA_002/20220823_033000.WAV,Telephone Field,recover-20220825,002,1795
417.1615,417.2043,68437,82588,Rhinolophus ferrumequinum,0.034,0.034,-1,Echolocation,/mnt/ubna_data_01_mir/recover-20220825/UBNA_002/20220823_033000.WAV,Telephone Field,recover-20220825,002,1795
417.1675,417.2091,68437,83035,Rhinolophus ferrumequinum,0.034,0.034,-1,Echolocation,/mnt/ubna_data_01_mir/recover-20220825/UBNA_002/20220823_033000.WAV,Telephone Field,recover-20220825,002,1795
417.2015,417.2351,68437,80837,Rhinolophus ferrumequinum,0.021,0.021,-1,Echolocation,/mnt/ubna_data_01_mir/recover-20220825/UBNA_002/20220823_033000.WAV,Telephone Field,recover-20220825,002,1795
417.2165,417.224,26328,36959,Eptesicus serotinus,0.007,0.023,-1,Echolocation,/mnt/ubna_data_01_mir/recover-20220825/UBNA_002/20220823_033000.WAV,Telephone Field,recover-20220825,002,1795
417.2215,417.2568,68437,81713,Rhinolophus ferrumequinum,0.021,0.021,-1,Echolocation,/mnt/ubna_data_01_mir/recover-20220825/UBNA_002/20220823_033000.WAV,Telephone Field,recover-20220825,002,1795
417.2305,417.2663,68437,81865,Rhinolophus ferrumequinum,0.022,0.022,-1,Echolocation,/mnt/ubna_data_01_mir/recover-20220825/UBNA_002/20220823_033000.WAV,Telephone Field,recover-20220825,002,1795
417.2805,417.2888,27187,37577,Eptesicus serotinus,0.008,0.023,-1,Echolocation,/mnt/ubna_data_01_mir/recover-20220825/UBNA_002/20220823_033000.WAV,Telephone Field,recover-20220825,002,1795
417.3285,417.3395,23750,29745,Nyctalus leisleri,0.009,0.021,-1,Echolocation,/mnt/ubna_data_01_mir/recover-20220825/UBNA_002/20220823_033000.WAV,Telephone Field,recover-20220825,002,1795
417.3315,417.3706,68437,82150,Rhinolophus ferrumequinum,0.021,0.021,-1,Echolocation,/mnt/ubna_data_01_mir/recover-20220825/UBNA_002/20220823_033000.WAV,Telephone Field,recover-20220825,002,1795
417.3825,417.3911,27187,36794,Eptesicus serotinus,0.008,0.024,-1,Echolocation,/mnt/ubna_data_01_mir/recover-20220825/UBNA_002/20220823_033000.WAV,Telephone Field,recover-20220825,002,1795
417.4005,417.4402,68437,82480,Rhinolophus ferrumequinum,0.024,0.024,-1,Echolocation,/mnt/ubna_data_01_mir/recover-20220825/UBNA_002/20220823_033000.WAV,Telephone Field,recover-20220825,002,1795
417.4145,417.4242,28046,35082,Eptesicus serotinus,0.014,0.029,-1,Echolocation,/mnt/ubna_data_01_mir/recover-20220825/UBNA_002/20220823_033000.WAV,Telephone Field,recover-20220825,002,1795
417.4265,417.4653,68437,82022,Rhinolophus ferrumequinum,0.022,0.022,-1,Echolocation,/mnt/ubna_data_01_mir/recover-20220825/UBNA_002/20220823_033000.WAV,Telephone Field,recover-20220825,002,1795
417.4455,417.4874,68437,82599,Rhinolophus ferrumequinum,0.036,0.036,-1,Echolocation,/mnt/ubna_data_01_mir/recover-20220825/UBNA_002/20220823_033000.WAV,Telephone Field,recover-20220825,002,1795
417.4535,417.4619,26328,36128,Eptesicus serotinus,0.008,0.021,-1,Echolocation,/mnt/ubna_data_01_mir/recover-20220825/UBNA_002/20220823_033000.WAV,Telephone Field,recover-20220825,002,1795
417.4635,417.4733,24609,32576,Eptesicus serotinus,0.009,0.023,-1,Echolocation,/mnt/ubna_data_01_mir/recover-20220825/UBNA_002/20220823_033000.WAV,Telephone Field,recover-20220825,002,1795
417.52049999999997,417.5308,25468,32967,Eptesicus serotinus,0.027,0.055,-1,Echolocation,/mnt/ubna_data_01_mir/recover-20220825/UBNA_002/20220823_033000.WAV,Telephone Field,recover-20220825,002,1795
417.5375,417.5454,28046,39523,Eptesicus serotinus,0.009,0.029,-1,Echolocation,/mnt/ubna_data_01_mir/recover-20220825/UBNA_002/20220823_033000.WAV,Telephone Field,recover-20220825,002,1795
417.5495,417.55740000000003,26328,34964,Eptesicus serotinus,0.007,0.021,-1,Echolocation,/mnt/ubna_data_01_mir/recover-20220825/UBNA_002/20220823_033000.WAV,Telephone Field,recover-20220825,002,1795
417.5495,417.5888,68437,82108,Rhinolophus ferrumequinum,0.021,0.021,-1,Echolocation,/mnt/ubna_data_01_mir/recover-20220825/UBNA_002/20220823_033000.WAV,Telephone Field,recover-20220825,002,1795
417.6035,417.6415,68437,81834,Rhinolophus ferrumequinum,0.021,0.021,-1,Echolocation,/mnt/ubna_data_01_mir/recover-20220825/UBNA_002/20220823_033000.WAV,Telephone Field,recover-20220825,002,1795
417.6385,417.6468,26328,37681,Eptesicus serotinus,0.008,0.023,-1,Echolocation,/mnt/ubna_data_01_mir/recover-20220825/UBNA_002/20220823_033000.WAV,Telephone Field,recover-20220825,002,1795
417.6615,417.6713,57265,61964,Pipistrellus pygmaeus,0.024,0.024,-1,Echolocation,/mnt/ubna_data_01_mir/recover-20220825/UBNA_002/20220823_033000.WAV,Telephone Field,recover-20220825,002,1795
417.6625,417.67,27187,36264,Eptesicus serotinus,0.006,0.021,-1,Echolocation,/mnt/ubna_data_01_mir/recover-20220825/UBNA_002/20220823_033000.WAV,Telephone Field,recover-20220825,002,1795
417.6975,417.7042,27187,39479,Eptesicus serotinus,0.006,0.022,-1,Echolocation,/mnt/ubna_data_01_mir/recover-20220825/UBNA_002/20220823_033000.WAV,Telephone Field,recover-20220825,002,1795
417.7205,417.76030000000003,68437,82448,Rhinolophus ferrumequinum,0.023,0.023,-1,Echolocation,/mnt/ubna_data_01_mir/recover-20220825/UBNA_002/20220823_033000.WAV,Telephone Field,recover-20220825,002,1795
417.7365,417.74490000000003,28046,38725,Eptesicus serotinus,0.007,0.021,-1,Echolocation,/mnt/ubna_data_01_mir/recover-20220825/UBNA_002/20220823_033000.WAV,Telephone Field,recover-20220825,002,1795
417.7455,417.7543,28046,37164,Eptesicus serotinus,0.008,0.023,-1,Echolocation,/mnt/ubna_data_01_mir/recover-20220825/UBNA_002/20220823_033000.WAV,Telephone Field,recover-20220825,002,1795
417.7505,417.7589,27187,37368,Eptesicus serotinus,0.008,0.023,-1,Echolocation,/mnt/ubna_data_01_mir/recover-20220825/UBNA_002/20220823_033000.WAV,Telephone Field,recover-20220825,002,1795
417.7715,417.7816,27187,34616,Eptesicus serotinus,0.017,0.03,-1,Echolocation,/mnt/ubna_data_01_mir/recover-20220825/UBNA_002/20220823_033000.WAV,Telephone Field,recover-20220825,002,1795
417.8125,417.8203,28046,37767,Eptesicus serotinus,0.007,0.024,-1,Echolocation,/mnt/ubna_data_01_mir/recover-20220825/UBNA_002/20220823_033000.WAV,Telephone Field,recover-20220825,002,1795
417.8125,417.8479,68437,81854,Rhinolophus ferrumequinum,0.021,0.021,-1,Echolocation,/mnt/ubna_data_01_mir/recover-20220825/UBNA_002/20220823_033000.WAV,Telephone Field,recover-20220825,002,1795
417.8195,417.85699999999997,68437,81903,Rhinolophus ferrumequinum,0.022,0.022,-1,Echolocation,/mnt/ubna_data_01_mir/recover-20220825/UBNA_002/20220823_033000.WAV,Telephone Field,recover-20220825,002,1795
417.8355,417.8466,23750,28874,Nyctalus leisleri,0.01,0.022,-1,Echolocation,/mnt/ubna_data_01_mir/recover-20220825/UBNA_002/20220823_033000.WAV,Telephone Field,recover-20220825,002,1795
417.8475,417.8575,39218,44415,Pipistrellus nathusii,0.014,0.027,-1,Echolocation,/mnt/ubna_data_01_mir/recover-20220825/UBNA_002/20220823_033000.WAV,Telephone Field,recover-20220825,002,1795
417.8685,417.8761,27187,38355,Eptesicus serotinus,0.024,0.047,-1,Echolocation,/mnt/ubna_data_01_mir/recover-20220825/UBNA_002/20220823_033000.WAV,Telephone Field,recover-20220825,002,1795
417.8965,417.9315,68437,81388,Rhinolophus ferrumequinum,0.021,0.022,-1,Echolocation,/mnt/ubna_data_01_mir/recover-20220825/UBNA_002/20220823_033000.WAV,Telephone Field,recover-20220825,002,1795
417.9115,417.9286,20312,24512,Nyctalus leisleri,0.012,0.025,-1,Echolocation,/mnt/ubna_data_01_mir/recover-20220825/UBNA_002/20220823_033000.WAV,Telephone Field,recover-20220825,002,1795
417.9245,417.9333,25468,33564,Eptesicus serotinus,0.011,0.029,-1,Echolocation,/mnt/ubna_data_01_mir/recover-20220825/UBNA_002/20220823_033000.WAV,Telephone Field,recover-20220825,002,1795
417.9605,417.9978,68437,81491,Rhinolophus ferrumequinum,0.021,0.021,-1,Echolocation,/mnt/ubna_data_01_mir/recover-20220825/UBNA_002/20220823_033000.WAV,Telephone Field,recover-20220825,002,1795
418.0015,418.034,68437,80419,Rhinolophus ferrumequinum,0.045,0.045,-1,Echolocation,/mnt/ubna_data_01_mir/recover-20220825/UBNA_002/20220823_033000.WAV,Telephone Field,recover-20220825,002,1795
418.0015,418.009,46093,52804,Pipistrellus pipistrellus,0.016,0.024,-1,Echolocation,/mnt/ubna_data_01_mir/recover-20220825/UBNA_002/20220823_033000.WAV,Telephone Field,recover-20220825,002,1795
418.0015,418.011,24609,32258,Nyctalus leisleri,0.014,0.039,-1,Echolocation,/mnt/ubna_data_01_mir/recover-20220825/UBNA_002/20220823_033000.WAV,Telephone Field,recover-20220825,002,1795
418.0095,418.0538,68437,83633,Rhinolophus ferrumequinum,0.026,0.026,-1,Echolocation,/mnt/ubna_data_01_mir/recover-20220825/UBNA_002/20220823_033000.WAV,Telephone Field,recover-20220825,002,1795
418.0155,418.0245,25468,34533,Eptesicus serotinus,0.013,0.03,-1,Echolocation,/mnt/ubna_data_01_mir/recover-20220825/UBNA_002/20220823_033000.WAV,Telephone Field,recover-20220825,002,1795
418.0545,418.0902,68437,81680,Rhinolophus ferrumequinum,0.021,0.021,-1,Echolocation,/mnt/ubna_data_01_mir/recover-20220825/UBNA_002/20220823_033000.WAV,Telephone Field,recover-20220825,002,1795
418.0635,418.10360000000003,68437,82346,Rhinolophus ferrumequinum,0.021,0.021,-1,Echolocation,/mnt/ubna_data_01_mir/recover-20220825/UBNA_002/20220823_033000.WAV,Telephone Field,recover-20220825,002,1795
418.0725,418.0828,37500,44241,Barbastellus barbastellus,0.011,0.032,-1,Echolocation,/mnt/ubna_data_01_mir/recover-20220825/UBNA_002/20220823_033000.WAV,Telephone Field,recover-20220825,002,1795
418.0955,418.1393,68437,82744,Rhinolophus ferrumequinum,0.046,0.046,-1,Echolocation,/mnt/ubna_data_01_mir/recover-20220825/UBNA_002/20220823_033000.WAV,Telephone Field,recover-20220825,002,1795
418.1125,418.1516,68437,81781,Rhinolophus ferrumequinum,0.024,0.024,-1,Echolocation,/mnt/ubna_data_01_mir/recover-20220825/UBNA_002/20220823_033000.WAV,Telephone Field,recover-20220825,002,1795
418.1495,418.1861,68437,81670,Rhinolophus ferrumequinum,0.021,0.021,-1,Echolocation,/mnt/ubna_data_01_mir/recover-20220825/UBNA_002/20220823_033000.WAV,Telephone Field,recover-20220825,002,1795
418.1825,418.2229,68437,82694,Rhinolophus ferrumequinum,0.022,0.022,-1,Echolocation,/mnt/ubna_data_01_mir/recover-20220825/UBNA_002/20220823_033000.WAV,Telephone Field,recover-20220825,002,1795
418.2125,418.2529,68437,82441,Rhinolophus ferrumequinum,0.023,0.023,-1,Echolocation,/mnt/ubna_data_01_mir/recover-20220825/UBNA_002/20220823_033000.WAV,Telephone Field,recover-20220825,002,1795
418.2365,418.2479,23750,29436,Nyctalus leisleri,0.011,0.025,-1,Echolocation,/mnt/ubna_data_01_mir/recover-20220825/UBNA_002/20220823_033000.WAV,Telephone Field,recover-20220825,002,1795
418.2375,418.2765,68437,82289,Rhinolophus ferrumequinum,0.02,0.02,-1,Echolocation,/mnt/ubna_data_01_mir/recover-20220825/UBNA_002/20220823_033000.WAV,Telephone Field,recover-20220825,002,1795
418.2445,418.2584,28906,34958,Eptesicus serotinus,0.02,0.033,-1,Echolocation,/mnt/ubna_data_01_mir/recover-20220825/UBNA_002/20220823_033000.WAV,Telephone Field,recover-20220825,002,1795
418.2745,418.2848,25468,31418,Nyctalus leisleri,0.012,0.028,-1,Echolocation,/mnt/ubna_data_01_mir/recover-20220825/UBNA_002/20220823_033000.WAV,Telephone Field,recover-20220825,002,1795
418.2755,418.3158,68437,82741,Rhinolophus ferrumequinum,0.03,0.03,-1,Echolocation,/mnt/ubna_data_01_mir/recover-20220825/UBNA_002/20220823_033000.WAV,Telephone Field,recover-20220825,002,1795
418.3835,418.4201,68437,81639,Rhinolophus ferrumequinum,0.02,0.02,-1,Echolocation,/mnt/ubna_data_01_mir/recover-20220825/UBNA_002/20220823_033000.WAV,Telephone Field,recover-20220825,002,1795
418.3865,418.3951,27187,39023,Eptesicus serotinus,0.009,0.022,-1,Echolocation,/mnt/ubna_data_01_mir/recover-20220825/UBNA_002/20220823_033000.WAV,Telephone Field,recover-20220825,002,1795
418.4005,418.4115,23750,30041,Nyctalus leisleri,0.01,0.027,-1,Echolocation,/mnt/ubna_data_01_mir/recover-20220825/UBNA_002/20220823_033000.WAV,Telephone Field,recover-20220825,002,1795
418.4135,418.4565,68437,82857,Rhinolophus ferrumequinum,0.023,0.023,-1,Echolocation,/mnt/ubna_data_01_mir/recover-20220825/UBNA_002/20220823_033000.WAV,Telephone Field,recover-20220825,002,1795
418.4355,418.4462,22890,27653,Nyctalus leisleri,0.01,0.02,-1,Echolocation,/mnt/ubna_data_01_mir/recover-20220825/UBNA_002/20220823_033000.WAV,Telephone Field,recover-20220825,002,1795
418.4465,418.48720000000003,68437,82342,Rhinolophus ferrumequinum,0.034,0.034,-1,Echolocation,/mnt/ubna_data_01_mir/recover-20220825/UBNA_002/20220823_033000.WAV,Telephone Field,recover-20220825,002,1795
418.45550000000003,418.4641,24609,33019,Eptesicus serotinus,0.005,0.022,-1,Echolocation,/mnt/ubna_data_01_mir/recover-20220825/UBNA_002/20220823_033000.WAV,Telephone Field,recover-20220825,002,1795
418.4835,418.5271,68437,83350,Rhinolophus ferrumequinum,0.041,0.041,-1,Echolocation,/mnt/ubna_data_01_mir/recover-20220825/UBNA_002/20220823_033000.WAV,Telephone Field,recover-20220825,002,1795
418.5705,418.5795,27187,35652,Eptesicus serotinus,0.009,0.023,-1,Echolocation,/mnt/ubna_data_01_mir/recover-20220825/UBNA_002/20220823_033000.WAV,Telephone Field,recover-20220825,002,1795
418.5985,418.6091,23750,29444,Nyctalus leisleri,0.012,0.028,-1,Echolocation,/mnt/ubna_data_01_mir/recover-20220825/UBNA_002/20220823_033000.WAV,Telephone Field,recover-20220825,002,1795
418.6225,418.6321,28906,35879,Eptesicus serotinus,0.008,0.021,-1,Echolocation,/mnt/ubna_data_01_mir/recover-20220825/UBNA_002/20220823_033000.WAV,Telephone Field,recover-20220825,002,1795
418.6345,418.6711,68437,81594,Rhinolophus ferrumequinum,0.026,0.026,-1,Echolocation,/mnt/ubna_data_01_mir/recover-20220825/UBNA_002/20220823_033000.WAV,Telephone Field,recover-20220825,002,1795
418.6565,418.6946,68437,81939,Rhinolophus ferrumequinum,0.02,0.021,-1,Echolocation,/mnt/ubna_data_01_mir/recover-20220825/UBNA_002/20220823_033000.WAV,Telephone Field,recover-20220825,002,1795
418.7105,418.7444,68437,80542,Rhinolophus ferrumequinum,0.021,0.021,-1,Echolocation,/mnt/ubna_data_01_mir/recover-20220825/UBNA_002/20220823_033000.WAV,Telephone Field,recover-20220825,002,1795
418.7125,418.7191,28906,39559,Eptesicus serotinus,0.006,0.024,-1,Echolocation,/mnt/ubna_data_01_mir/recover-20220825/UBNA_002/20220823_033000.WAV,Telephone Field,recover-20220825,002,1795
418.7165,418.7495,68437,80862,Rhinolophus ferrumequinum,0.02,0.02,-1,Echolocation,/mnt/ubna_data_01_mir/recover-20220825/UBNA_002/20220823_033000.WAV,Telephone Field,recover-20220825,002,1795
418.7615,418.7694,27187,36083,Eptesicus serotinus,0.016,0.041,-1,Echolocation,/mnt/ubna_data_01_mir/recover-20220825/UBNA_002/20220823_033000.WAV,Telephone Field,recover-20220825,002,1795
418.7815,418.7887,26328,35588,Eptesicus serotinus,0.006,0.021,-1,Echolocation,/mnt/ubna_data_01_mir/recover-20220825/UBNA_002/20220823_033000.WAV,Telephone Field,recover-20220825,002,1795
418.8155,418.8566,68437,82446,Rhinolophus ferrumequinum,0.028,0.028,-1,Echolocation,/mnt/ubna_data_01_mir/recover-20220825/UBNA_002/20220823_033000.WAV,Telephone Field,recover-20220825,002,1795
418.8425,418.8531,24609,31092,Nyctalus leisleri,0.008,0.024,-1,Echolocation,/mnt/ubna_data_01_mir/recover-20220825/UBNA_002/20220823_033000.WAV,Telephone Field,recover-20220825,002,1795
418.8875,418.9323,68437,83597,Rhinolophus ferrumequinum,0.034,0.034,-1,Echolocation,/mnt/ubna_data_01_mir/recover-20220825/UBNA_002/20220823_033000.WAV,Telephone Field,recover-20220825,002,1795
418.9355,418.9803,68437,83341,Rhinolophus ferrumequinum,0.025,0.025,-1,Echolocation,/mnt/ubna_data_01_mir/recover-20220825/UBNA_002/20220823_033000.WAV,Telephone Field,recover-20220825,002,1795
418.9465,418.9864,68437,82766,Rhinolophus ferrumequinum,0.022,0.022,-1,Echolocation,/mnt/ubna_data_01_mir/recover-20220825/UBNA_002/20220823_033000.WAV,Telephone Field,recover-20220825,002,1795
418.9535,418.9925,68437,82550,Rhinolophus ferrumequinum,0.02,0.02,-1,Echolocation,/mnt/ubna_data_01_mir/recover-20220825/UBNA_002/20220823_033000.WAV,Telephone Field,recover-20220825,002,1795
418.9665,419.0055,68437,81998,Rhinolophus ferrumequinum,0.021,0.021,-1,Echolocation,/mnt/ubna_data_01_mir/recover-20220825/UBNA_002/20220823_033000.WAV,Telephone Field,recover-20220825,002,1795
418.9805,418.9911,23750,30058,Nyctalus leisleri,0.01,0.024,-1,Echolocation,/mnt/ubna_data_01_mir/recover-20220825/UBNA_002/20220823_033000.WAV,Telephone Field,recover-20220825,002,1795
419.0565,419.0669,26328,34252,Eptesicus serotinus,0.012,0.024,-1,Echolocation,/mnt/ubna_data_01_mir/recover-20220825/UBNA_002/20220823_033000.WAV,Telephone Field,recover-20220825,002,1795
419.0705,419.0787,28046,38375,Eptesicus serotinus,0.009,0.025,-1,Echolocation,/mnt/ubna_data_01_mir/recover-20220825/UBNA_002/20220823_033000.WAV,Telephone Field,recover-20220825,002,1795
419.0705,419.0785,34062,41659,Myotis daubentonii,0.006,0.021,-1,Echolocation,/mnt/ubna_data_01_mir/recover-20220825/UBNA_002/20220823_033000.WAV,Telephone Field,recover-20220825,002,1795
419.1115,419.1193,28046,38795,Eptesicus serotinus,0.007,0.022,-1,Echolocation,/mnt/ubna_data_01_mir/recover-20220825/UBNA_002/20220823_033000.WAV,Telephone Field,recover-20220825,002,1795
419.1525,419.191,68437,81340,Rhinolophus ferrumequinum,0.02,0.02,-1,Echolocation,/mnt/ubna_data_01_mir/recover-20220825/UBNA_002/20220823_033000.WAV,Telephone Field,recover-20220825,002,1795
419.2375,419.2452,28046,39383,Eptesicus serotinus,0.007,0.02,-1,Echolocation,/mnt/ubna_data_01_mir/recover-20220825/UBNA_002/20220823_033000.WAV,Telephone Field,recover-20220825,002,1795
419.2595,419.2977,68437,82289,Rhinolophus ferrumequinum,0.024,0.024,-1,Echolocation,/mnt/ubna_data_01_mir/recover-20220825/UBNA_002/20220823_033000.WAV,Telephone Field,recover-20220825,002,1795
419.2785,419.323,68437,83102,Rhinolophus ferrumequinum,0.036,0.036,-1,Echolocation,/mnt/ubna_data_01_mir/recover-20220825/UBNA_002/20220823_033000.WAV,Telephone Field,recover-20220825,002,1795
419.3675,419.4047,68437,81638,Rhinolophus ferrumequinum,0.022,0.022,-1,Echolocation,/mnt/ubna_data_01_mir/recover-20220825/UBNA_002/20220823_033000.WAV,Telephone Field,recover-20220825,002,1795
419.3855,419.3994,22031,26727,Nyctalus leisleri,0.018,0.034,-1,Echolocation,/mnt/ubna_data_01_mir/recover-20220825/UBNA_002/20220823_033000.WAV,Telephone Field,recover-20220825,002,1795
419.4045,419.4397,68437,81304,Rhinolophus ferrumequinum,0.022,0.022,-1,Echolocation,/mnt/ubna_data_01_mir/recover-20220825/UBNA_002/20220823_033000.WAV,Telephone Field,recover-20220825,002,1795
419.4385,419.449,28906,35308,Eptesicus serotinus,0.013,0.026,-1,Echolocation,/mnt/ubna_data_01_mir/recover-20220825/UBNA_002/20220823_033000.WAV,Telephone Field,recover-20220825,002,1795
419.4535,419.4611,28046,40112,Eptesicus serotinus,0.008,0.022,-1,Echolocation,/mnt/ubna_data_01_mir/recover-20220825/UBNA_002/20220823_033000.WAV,Telephone Field,recover-20220825,002,1795
419.4545,419.4942,68437,81866,Rhinolophus ferrumequinum,0.025,0.025,-1,Echolocation,/mnt/ubna_data_01_mir/recover-20220825/UBNA_002/20220823_033000.WAV,Telephone Field,recover-20220825,002,1795
419.5175,419.5284,23750,27951,Nyctalus leisleri,0.012,0.022,-1,Echolocation,/mnt/ubna_data_01_mir/recover-20220825/UBNA_002/20220823_033000.WAV,Telephone Field,recover-20220825,002,1795
419.5995,419.6393,68437,82278,Rhinolophus ferrumequinum,0.022,0.022,-1,Echolocation,/mnt/ubna_data_01_mir/recover-20220825/UBNA_002/20220823_033000.WAV,Telephone Field,recover-20220825,002,1795
419.6365,419.644,27187,40003,Eptesicus serotinus,0.007,0.02,-1,Echolocation,/mnt/ubna_data_01_mir/recover-20220825/UBNA_002/20220823_033000.WAV,Telephone Field,recover-20220825,002,1795
419.6765,419.7167,68437,82054,Rhinolophus ferrumequinum,0.022,0.022,-1,Echolocation,/mnt/ubna_data_01_mir/recover-20220825/UBNA_002/20220823_033000.WAV,Telephone Field,recover-20220825,002,1795
419.6765,419.6873,22890,28217,Nyctalus leisleri,0.012,0.025,-1,Echolocation,/mnt/ubna_data_01_mir/recover-20220825/UBNA_002/20220823_033000.WAV,Telephone Field,recover-20220825,002,1795
419.6845,419.7027,20312,23330,Nyctalus leisleri,0.015,0.025,-1,Echolocation,/mnt/ubna_data_01_mir/recover-20220825/UBNA_002/20220823_033000.WAV,Telephone Field,recover-20220825,002,1795
419.7075,419.7483,68437,82093,Rhinolophus ferrumequinum,0.022,0.022,-1,Echolocation,/mnt/ubna_data_01_mir/recover-20220825/UBNA_002/20220823_033000.WAV,Telephone Field,recover-20220825,002,1795
419.7155,419.7563,68437,82423,Rhinolophus ferrumequinum,0.022,0.022,-1,Echolocation,/mnt/ubna_data_01_mir/recover-20220825/UBNA_002/20220823_033000.WAV,Telephone Field,recover-20220825,002,1795
419.7415,419.7785,68437,81547,Rhinolophus ferrumequinum,0.02,0.02,-1,Echolocation,/mnt/ubna_data_01_mir/recover-20220825/UBNA_002/20220823_033000.WAV,Telephone Field,recover-20220825,002,1795
419.7415,419.7517,22890,27734,Nyctalus leisleri,0.01,0.022,-1,Echolocation,/mnt/ubna_data_01_mir/recover-20220825/UBNA_002/20220823_033000.WAV,Telephone Field,recover-20220825,002,1795
419.7435,419.7529,28906,37846,Eptesicus serotinus,0.009,0.024,-1,Echolocation,/mnt/ubna_data_01_mir/recover-20220825/UBNA_002/20220823_033000.WAV,Telephone Field,recover-20220825,002,1795
419.8205,419.8589,68437,81926,Rhinolophus ferrumequinum,0.021,0.021,-1,Echolocation,/mnt/ubna_data_01_mir/recover-20220825/UBNA_002/20220823_033000.WAV,Telephone Field,recover-20220825,002,1795
419.8425,419.8517,28906,38382,Eptesicus serotinus,0.01,0.026,-1,Echolocation,/mnt/ubna_data_01_mir/recover-20220825/UBNA_002/20220823_033000.WAV,Telephone Field,recover-20220825,002,1795
419.8835,419.9254,68437,83207,Rhinolophus ferrumequinum,0.027,0.027,-1,Echolocation,/mnt/ubna_data_01_mir/recover-20220825/UBNA_002/20220823_033000.WAV,Telephone Field,recover-20220825,002,1795
419.9255,419.9668,68437,83053,Rhinolophus ferrumequinum,0.024,0.024,-1,Echolocation,/mnt/ubna_data_01_mir/recover-20220825/UBNA_002/20220823_033000.WAV,Telephone Field,recover-20220825,002,1795
419.9825,419.9921,45234,51580,Pipistrellus pipistrellus,0.019,0.021,-1,Echolocation,/mnt/ubna_data_01_mir/recover-20220825/UBNA_002/20220823_033000.WAV,Telephone Field,recover-20220825,002,1795
420.0015,420.0095,37500,45043,Pipistrellus nathusii,0.009,0.025,-1,Echolocation,/mnt/ubna_data_01_mir/recover-20220825/UBNA_002/20220823_033000.WAV,Telephone Field,recover-20220825,002,1795
420.0015,420.0341,68437,79737,Rhinolophus ferrumequinum,0.034,0.035,-1,Echolocation,/mnt/ubna_data_01_mir/recover-20220825/UBNA_002/20220823_033000.WAV,Telephone Field,recover-20220825,002,1795
420.0015,420.014,16015,21624,Nyctalus noctula,0.007,0.022,-1,Echolocation,/mnt/ubna_data_01_mir/recover-20220825/UBNA_002/20220823_033000.WAV,Telephone Field,recover-20220825,002,1795
420.0015,420.0095,24609,34129,Nyctalus leisleri,0.006,0.025,-1,Echolocation,/mnt/ubna_data_01_mir/recover-20220825/UBNA_002/20220823_033000.WAV,Telephone Field,recover-20220825,002,1795
420.0015,420.0131,53828,58060,Pipistrellus pygmaeus,0.082,0.1,-1,Echolocation,/mnt/ubna_data_01_mir/recover-20220825/UBNA_002/20220823_033000.WAV,Telephone Field,recover-20220825,002,1795
420.0085,420.0509,68437,82355,Rhinolophus ferrumequinum,0.023,0.023,-1,Echolocation,/mnt/ubna_data_01_mir/recover-20220825/UBNA_002/20220823_033000.WAV,Telephone Field,recover-20220825,002,1795
420.0995,420.1073,27187,37772,Eptesicus serotinus,0.007,0.022,-1,Echolocation,/mnt/ubna_data_01_mir/recover-20220825/UBNA_002/20220823_033000.WAV,Telephone Field,recover-20220825,002,1795
420.1955,420.2048,28046,36573,Eptesicus serotinus,0.01,0.023,-1,Echolocation,/mnt/ubna_data_01_mir/recover-20220825/UBNA_002/20220823_033000.WAV,Telephone Field,recover-20220825,002,1795
420.2005,420.2077,56406,65502,Pipistrellus pygmaeus,0.021,0.021,-1,Echolocation,/mnt/ubna_data_01_mir/recover-20220825/UBNA_002/20220823_033000.WAV,Telephone Field,recover-20220825,002,1795
420.2015,420.2385,68437,81041,Rhinolophus ferrumequinum,0.022,0.022,-1,Echolocation,/mnt/ubna_data_01_mir/recover-20220825/UBNA_002/20220823_033000.WAV,Telephone Field,recover-20220825,002,1795
420.2365,420.2462,27187,37032,Eptesicus serotinus,0.01,0.022,-1,Echolocation,/mnt/ubna_data_01_mir/recover-20220825/UBNA_002/20220823_033000.WAV,Telephone Field,recover-20220825,002,1795
420.2845,420.2924,26328,36532,Eptesicus serotinus,0.007,0.022,-1,Echolocation,/mnt/ubna_data_01_mir/recover-20220825/UBNA_002/20220823_033000.WAV,Telephone Field,recover-20220825,002,1795
420.3025,420.3108,48671,58176,Pipistrellus pipistrellus,0.023,0.028,-1,Echolocation,/mnt/ubna_data_01_mir/recover-20220825/UBNA_002/20220823_033000.WAV,Telephone Field,recover-20220825,002,1795
420.3075,420.3452,68437,81870,Rhinolophus ferrumequinum,0.022,0.022,-1,Echolocation,/mnt/ubna_data_01_mir/recover-20220825/UBNA_002/20220823_033000.WAV,Telephone Field,recover-20220825,002,1795
420.3505,420.3579,40078,46084,Barbastellus barbastellus,0.055,0.101,-1,Echolocation,/mnt/ubna_data_01_mir/recover-20220825/UBNA_002/20220823_033000.WAV,Telephone Field,recover-20220825,002,1795
420.3525,420.3618,25468,36915,Eptesicus serotinus,0.013,0.033,-1,Echolocation,/mnt/ubna_data_01_mir/recover-20220825/UBNA_002/20220823_033000.WAV,Telephone Field,recover-20220825,002,1795
420.3625,420.3721,28046,35833,Eptesicus serotinus,0.012,0.028,-1,Echolocation,/mnt/ubna_data_01_mir/recover-20220825/UBNA_002/20220823_033000.WAV,Telephone Field,recover-20220825,002,1795
420.3745,420.382,46953,55264,Pipistrellus pipistrellus,0.018,0.021,-1,Echolocation,/mnt/ubna_data_01_mir/recover-20220825/UBNA_002/20220823_033000.WAV,Telephone Field,recover-20220825,002,1795
420.3925,420.401,26328,35452,Eptesicus serotinus,0.008,0.021,-1,Echolocation,/mnt/ubna_data_01_mir/recover-20220825/UBNA_002/20220823_033000.WAV,Telephone Field,recover-20220825,002,1795
420.4165,420.4538,68437,80706,Rhinolophus ferrumequinum,0.025,0.025,-1,Echolocation,/mnt/ubna_data_01_mir/recover-20220825/UBNA_002/20220823_033000.WAV,Telephone Field,recover-20220825,002,1795
420.4165,420.4272,22890,28401,Nyctalus leisleri,0.009,0.021,-1,Echolocation,/mnt/ubna_data_01_mir/recover-20220825/UBNA_002/20220823_033000.WAV,Telephone Field,recover-20220825,002,1795
420.4245,420.4322,28046,37095,Eptesicus serotinus,0.011,0.027,-1,Echolocation,/mnt/ubna_data_01_mir/recover-20220825/UBNA_002/20220823_033000.WAV,Telephone Field,recover-20220825,002,1795
420.4705,420.5069,68437,81574,Rhinolophus ferrumequinum,0.023,0.024,-1,Echolocation,/mnt/ubna_data_01_mir/recover-20220825/UBNA_002/20220823_033000.WAV,Telephone Field,recover-20220825,002,1795
420.4705,420.4774,31484,45751,Myotis daubentonii,0.01,0.024,-1,Echolocation,/mnt/ubna_data_01_mir/recover-20220825/UBNA_002/20220823_033000.WAV,Telephone Field,recover-20220825,002,1795
420.4935,420.5295,68437,81139,Rhinolophus ferrumequinum,0.022,0.022,-1,Echolocation,/mnt/ubna_data_01_mir/recover-20220825/UBNA_002/20220823_033000.WAV,Telephone Field,recover-20220825,002,1795
420.5345,420.5419,40078,47383,Barbastellus barbastellus,0.112,0.268,-1,Echolocation,/mnt/ubna_data_01_mir/recover-20220825/UBNA_002/20220823_033000.WAV,Telephone Field,recover-20220825,002,1795
420.5595,420.5659,50390,55787,Pipistrellus pipistrellus,0.02,0.022,-1,Echolocation,/mnt/ubna_data_01_mir/recover-20220825/UBNA_002/20220823_033000.WAV,Telephone Field,recover-20220825,002,1795
420.5725,420.581,27187,36385,Eptesicus serotinus,0.009,0.023,-1,Echolocation,/mnt/ubna_data_01_mir/recover-20220825/UBNA_002/20220823_033000.WAV,Telephone Field,recover-20220825,002,1795
420.6145,420.6231,27187,35931,Eptesicus serotinus,0.011,0.027,-1,Echolocation,/mnt/ubna_data_01_mir/recover-20220825/UBNA_002/20220823_033000.WAV,Telephone Field,recover-20220825,002,1795
420.6395,420.6817,68437,83170,Rhinolophus ferrumequinum,0.027,0.027,-1,Echolocation,/mnt/ubna_data_01_mir/recover-20220825/UBNA_002/20220823_033000.WAV,Telephone Field,recover-20220825,002,1795
420.6425,420.6501,27187,37869,Eptesicus serotinus,0.007,0.024,-1,Echolocation,/mnt/ubna_data_01_mir/recover-20220825/UBNA_002/20220823_033000.WAV,Telephone Field,recover-20220825,002,1795
420.6515,420.6588,27187,37666,Eptesicus serotinus,0.009,0.025,-1,Echolocation,/mnt/ubna_data_01_mir/recover-20220825/UBNA_002/20220823_033000.WAV,Telephone Field,recover-20220825,002,1795
420.7245,420.7305,39218,47546,Barbastellus barbastellus,0.231,0.459,-1,Echolocation,/mnt/ubna_data_01_mir/recover-20220825/UBNA_002/20220823_033000.WAV,Telephone Field,recover-20220825,002,1795
420.7615,420.7984,68437,81521,Rhinolophus ferrumequinum,0.021,0.021,-1,Echolocation,/mnt/ubna_data_01_mir/recover-20220825/UBNA_002/20220823_033000.WAV,Telephone Field,recover-20220825,002,1795
420.7635,420.7732,37500,44216,Pipistrellus nathusii,0.029,0.045,-1,Echolocation,/mnt/ubna_data_01_mir/recover-20220825/UBNA_002/20220823_033000.WAV,Telephone Field,recover-20220825,002,1795
420.7795,420.7871,41796,51194,Pipistrellus nathusii,0.007,0.021,-1,Echolocation,/mnt/ubna_data_01_mir/recover-20220825/UBNA_002/20220823_033000.WAV,Telephone Field,recover-20220825,002,1795
420.7815,420.7923,52109,56444,Pipistrellus pygmaeus,0.023,0.025,-1,Echolocation,/mnt/ubna_data_01_mir/recover-20220825/UBNA_002/20220823_033000.WAV,Telephone Field,recover-20220825,002,1795
420.8045,420.8425,68437,81660,Rhinolophus ferrumequinum,0.022,0.022,-1,Echolocation,/mnt/ubna_data_01_mir/recover-20220825/UBNA_002/20220823_033000.WAV,Telephone Field,recover-20220825,002,1795
420.8125,420.8328,18593,21925,Nyctalus noctula,0.015,0.029,-1,Echolocation,/mnt/ubna_data_01_mir/recover-20220825/UBNA_002/20220823_033000.WAV,Telephone Field,recover-20220825,002,1795
420.8185,420.8262,38359,46325,Barbastellus barbastellus,0.04,0.072,-1,Echolocation,/mnt/ubna_data_01_mir/recover-20220825/UBNA_002/20220823_033000.WAV,Telephone Field,recover-20220825,002,1795
420.8195,420.8261,54687,61215,Pipistrellus pygmaeus,0.023,0.024,-1,Echolocation,/mnt/ubna_data_01_mir/recover-20220825/UBNA_002/20220823_033000.WAV,Telephone Field,recover-20220825,002,1795
420.8325,420.8425,24609,31599,Eptesicus serotinus,0.009,0.023,-1,Echolocation,/mnt/ubna_data_01_mir/recover-20220825/UBNA_002/20220823_033000.WAV,Telephone Field,recover-20220825,002,1795
420.8715,420.8819,23750,30627,Nyctalus leisleri,0.007,0.021,-1,Echolocation,/mnt/ubna_data_01_mir/recover-20220825/UBNA_002/20220823_033000.WAV,Telephone Field,recover-20220825,002,1795
420.8855,420.8955,28046,35324,Eptesicus serotinus,0.009,0.021,-1,Echolocation,/mnt/ubna_data_01_mir/recover-20220825/UBNA_002/20220823_033000.WAV,Telephone Field,recover-20220825,002,1795
420.9115,420.918,40937,49428,Pipistrellus nathusii,0.209,0.464,-1,Echolocation,/mnt/ubna_data_01_mir/recover-20220825/UBNA_002/20220823_033000.WAV,Telephone Field,recover-20220825,002,1795
420.9695,421.008,68437,82173,Rhinolophus ferrumequinum,0.023,0.023,-1,Echolocation,/mnt/ubna_data_01_mir/recover-20220825/UBNA_002/20220823_033000.WAV,Telephone Field,recover-20220825,002,1795
420.9825,420.9911,27187,35527,Eptesicus serotinus,0.009,0.025,-1,Echolocation,/mnt/ubna_data_01_mir/recover-20220825/UBNA_002/20220823_033000.WAV,Telephone Field,recover-20220825,002,1795
420.9835,420.9925,40078,47937,Pipistrellus nathusii,0.012,0.024,-1,Echolocation,/mnt/ubna_data_01_mir/recover-20220825/UBNA_002/20220823_033000.WAV,Telephone Field,recover-20220825,002,1795
421.0045,421.011,39218,46045,Barbastellus barbastellus,0.177,0.278,-1,Echolocation,/mnt/ubna_data_01_mir/recover-20220825/UBNA_002/20220823_033000.WAV,Telephone Field,recover-20220825,002,1795
421.0395,421.0459,32343,44301,Myotis daubentonii,0.01,0.022,-1,Echolocation,/mnt/ubna_data_01_mir/recover-20220825/UBNA_002/20220823_033000.WAV,Telephone Field,recover-20220825,002,1795
421.0405,421.049,26328,36674,Eptesicus serotinus,0.009,0.025,-1,Echolocation,/mnt/ubna_data_01_mir/recover-20220825/UBNA_002/20220823_033000.WAV,Telephone Field,recover-20220825,002,1795
421.0635,421.1037,68437,82739,Rhinolophus ferrumequinum,0.024,0.024,-1,Echolocation,/mnt/ubna_data_01_mir/recover-20220825/UBNA_002/20220823_033000.WAV,Telephone Field,recover-20220825,002,1795
421.0745,421.0833,27187,36851,Eptesicus serotinus,0.009,0.024,-1,Echolocation,/mnt/ubna_data_01_mir/recover-20220825/UBNA_002/20220823_033000.WAV,Telephone Field,recover-20220825,002,1795
421.0915,421.1246,68437,80548,Rhinolophus ferrumequinum,0.025,0.025,-1,Echolocation,/mnt/ubna_data_01_mir/recover-20220825/UBNA_002/20220823_033000.WAV,Telephone Field,recover-20220825,002,1795
421.0925,421.099,40078,47719,Pipistrellus nathusii,0.246,0.481,-1,Echolocation,/mnt/ubna_data_01_mir/recover-20220825/UBNA_002/20220823_033000.WAV,Telephone Field,recover-20220825,002,1795
421.1275,421.1636,68437,81202,Rhinolophus ferrumequinum,0.022,0.022,-1,Echolocation,/mnt/ubna_data_01_mir/recover-20220825/UBNA_002/20220823_033000.WAV,Telephone Field,recover-20220825,002,1795
421.1305,421.136,45234,58880,Myotis mystacinus,0.006,0.023,-1,Echolocation,/mnt/ubna_data_01_mir/recover-20220825/UBNA_002/20220823_033000.WAV,Telephone Field,recover-20220825,002,1795
421.1305,421.1382,27187,36942,Eptesicus serotinus,0.008,0.025,-1,Echolocation,/mnt/ubna_data_01_mir/recover-20220825/UBNA_002/20220823_033000.WAV,Telephone Field,recover-20220825,002,1795
421.1555,421.1626,34062,43917,Myotis daubentonii,0.007,0.022,-1,Echolocation,/mnt/ubna_data_01_mir/recover-20220825/UBNA_002/20220823_033000.WAV,Telephone Field,recover-20220825,002,1795
421.1755,421.182,39218,47121,Pipistrellus nathusii,0.248,0.491,-1,Echolocation,/mnt/ubna_data_01_mir/recover-20220825/UBNA_002/20220823_033000.WAV,Telephone Field,recover-20220825,002,1795
421.1995,421.2098,22031,27240,Nyctalus leisleri,0.009,0.022,-1,Echolocation,/mnt/ubna_data_01_mir/recover-20220825/UBNA_002/20220823_033000.WAV,Telephone Field,recover-20220825,002,1795
421.2605,421.2668,38359,50278,Pipistrellus nathusii,0.159,0.411,-1,Echolocation,/mnt/ubna_data_01_mir/recover-20220825/UBNA_002/20220823_033000.WAV,Telephone Field,recover-20220825,002,1795
421.2905,421.3307,68437,82518,Rhinolophus ferrumequinum,0.022,0.022,-1,Echolocation,/mnt/ubna_data_01_mir/recover-20220825/UBNA_002/20220823_033000.WAV,Telephone Field,recover-20220825,002,1795
421.3025,421.3435,68437,82153,Rhinolophus ferrumequinum,0.023,0.023,-1,Echolocation,/mnt/ubna_data_01_mir/recover-20220825/UBNA_002/20220823_033000.WAV,Telephone Field,recover-20220825,002,1795
421.3395,421.347,27187,41048,Eptesicus serotinus,0.008,0.023,-1,Echolocation,/mnt/ubna_data_01_mir/recover-20220825/UBNA_002/20220823_033000.WAV,Telephone Field,recover-20220825,002,1795
421.3465,421.3562,28046,35405,Eptesicus serotinus,0.01,0.023,-1,Echolocation,/mnt/ubna_data_01_mir/recover-20220825/UBNA_002/20220823_033000.WAV,Telephone Field,recover-20220825,002,1795
421.3535,421.3616,26328,35109,Eptesicus serotinus,0.007,0.022,-1,Echolocation,/mnt/ubna_data_01_mir/recover-20220825/UBNA_002/20220823_033000.WAV,Telephone Field,recover-20220825,002,1795
421.3605,421.3673,39218,48031,Pipistrellus nathusii,0.206,0.448,-1,Echolocation,/mnt/ubna_data_01_mir/recover-20220825/UBNA_002/20220823_033000.WAV,Telephone Field,recover-20220825,002,1795
421.3985,421.4067,27187,38255,Eptesicus serotinus,0.008,0.022,-1,Echolocation,/mnt/ubna_data_01_mir/recover-20220825/UBNA_002/20220823_033000.WAV,Telephone Field,recover-20220825,002,1795
421.4235,421.4304,46093,53140,Pipistrellus pipistrellus,0.019,0.021,-1,Echolocation,/mnt/ubna_data_01_mir/recover-20220825/UBNA_002/20220823_033000.WAV,Telephone Field,recover-20220825,002,1795
421.4425,421.4499,28046,35819,Eptesicus serotinus,0.008,0.023,-1,Echolocation,/mnt/ubna_data_01_mir/recover-20220825/UBNA_002/20220823_033000.WAV,Telephone Field,recover-20220825,002,1795
421.4545,421.4613,39218,50622,Pipistrellus nathusii,0.226,0.483,-1,Echolocation,/mnt/ubna_data_01_mir/recover-20220825/UBNA_002/20220823_033000.WAV,Telephone Field,recover-20220825,002,1795
421.4565,421.4644,13437,22967,Barbastellus barbastellus,0.023,0.026,-1,Echolocation,/mnt/ubna_data_01_mir/recover-20220825/UBNA_002/20220823_033000.WAV,Telephone Field,recover-20220825,002,1795
421.4645,421.472,26328,33081,Eptesicus serotinus,0.007,0.022,-1,Echolocation,/mnt/ubna_data_01_mir/recover-20220825/UBNA_002/20220823_033000.WAV,Telephone Field,recover-20220825,002,1795
421.4965,421.5055,25468,33889,Eptesicus serotinus,0.011,0.026,-1,Echolocation,/mnt/ubna_data_01_mir/recover-20220825/UBNA_002/20220823_033000.WAV,Telephone Field,recover-20220825,002,1795
421.5225,421.5306,27187,38835,Eptesicus serotinus,0.008,0.021,-1,Echolocation,/mnt/ubna_data_01_mir/recover-20220825/UBNA_002/20220823_033000.WAV,Telephone Field,recover-20220825,002,1795
421.5645,421.5693,37500,49457,Pipistrellus nathusii,0.332,0.47,-1,Echolocation,/mnt/ubna_data_01_mir/recover-20220825/UBNA_002/20220823_033000.WAV,Telephone Field,recover-20220825,002,1795
421.5735,421.5822,26328,33235,Eptesicus serotinus,0.01,0.028,-1,Echolocation,/mnt/ubna_data_01_mir/recover-20220825/UBNA_002/20220823_033000.WAV,Telephone Field,recover-20220825,002,1795
421.5905,421.6272,68437,81852,Rhinolophus ferrumequinum,0.022,0.022,-1,Echolocation,/mnt/ubna_data_01_mir/recover-20220825/UBNA_002/20220823_033000.WAV,Telephone Field,recover-20220825,002,1795
421.5945,421.6036,27187,36402,Eptesicus serotinus,0.009,0.023,-1,Echolocation,/mnt/ubna_data_01_mir/recover-20220825/UBNA_002/20220823_033000.WAV,Telephone Field,recover-20220825,002,1795
421.6165,421.6345,21171,24495,Nyctalus leisleri,0.015,0.024,-1,Echolocation,/mnt/ubna_data_01_mir/recover-20220825/UBNA_002/20220823_033000.WAV,Telephone Field,recover-20220825,002,1795
421.6305,421.6665,68437,81944,Rhinolophus ferrumequinum,0.026,0.026,-1,Echolocation,/mnt/ubna_data_01_mir/recover-20220825/UBNA_002/20220823_033000.WAV,Telephone Field,recover-20220825,002,1795
421.6315,421.6395,27187,37931,Eptesicus serotinus,0.008,0.022,-1,Echolocation,/mnt/ubna_data_01_mir/recover-20220825/UBNA_002/20220823_033000.WAV,Telephone Field,recover-20220825,002,1795
421.6545,421.6605,40937,48720,Pipistrellus nathusii,0.254,0.404,-1,Echolocation,/mnt/ubna_data_01_mir/recover-20220825/UBNA_002/20220823_033000.WAV,Telephone Field,recover-20220825,002,1795
421.7195,421.7347,22031,25997,Nyctalus leisleri,0.012,0.022,-1,Echolocation,/mnt/ubna_data_01_mir/recover-20220825/UBNA_002/20220823_033000.WAV,Telephone Field,recover-20220825,002,1795
421.7425,421.7827,68437,82220,Rhinolophus ferrumequinum,0.025,0.025,-1,Echolocation,/mnt/ubna_data_01_mir/recover-20220825/UBNA_002/20220823_033000.WAV,Telephone Field,recover-20220825,002,1795
421.7465,421.7531,40078,49556,Pipistrellus nathusii,0.282,0.497,-1,Echolocation,/mnt/ubna_data_01_mir/recover-20220825/UBNA_002/20220823_033000.WAV,Telephone Field,recover-20220825,002,1795
421.7705,421.7805,24609,31374,Eptesicus serotinus,0.014,0.045,-1,Echolocation,/mnt/ubna_data_01_mir/recover-20220825/UBNA_002/20220823_033000.WAV,Telephone Field,recover-20220825,002,1795
421.7995,421.839,68437,81778,Rhinolophus ferrumequinum,0.021,0.022,-1,Echolocation,/mnt/ubna_data_01_mir/recover-20220825/UBNA_002/20220823_033000.WAV,Telephone Field,recover-20220825,002,1795
421.8105,421.8191,28046,37396,Eptesicus serotinus,0.009,0.022,-1,Echolocation,/mnt/ubna_data_01_mir/recover-20220825/UBNA_002/20220823_033000.WAV,Telephone Field,recover-20220825,002,1795
421.8315,421.8715,68437,82161,Rhinolophus ferrumequinum,0.024,0.024,-1,Echolocation,/mnt/ubna_data_01_mir/recover-20220825/UBNA_002/20220823_033000.WAV,Telephone Field,recover-20220825,002,1795
421.8315,421.842,23750,28295,Nyctalus leisleri,0.013,0.027,-1,Echolocation,/mnt/ubna_data_01_mir/recover-20220825/UBNA_002/20220823_033000.WAV,Telephone Field,recover-20220825,002,1795
421.8435,421.8515,27187,39732,Eptesicus serotinus,0.007,0.021,-1,Echolocation,/mnt/ubna_data_01_mir/recover-20220825/UBNA_002/20220823_033000.WAV,Telephone Field,recover-20220825,002,1795
421.8445,421.8811,68437,81937,Rhinolophus ferrumequinum,0.024,0.024,-1,Echolocation,/mnt/ubna_data_01_mir/recover-20220825/UBNA_002/20220823_033000.WAV,Telephone Field,recover-20220825,002,1795
421.8555,421.8937,68437,81651,Rhinolophus ferrumequinum,0.022,0.022,-1,Echolocation,/mnt/ubna_data_01_mir/recover-20220825/UBNA_002/20220823_033000.WAV,Telephone Field,recover-20220825,002,1795
421.8805,421.8867,34062,46951,Myotis daubentonii,0.009,0.021,-1,Echolocation,/mnt/ubna_data_01_mir/recover-20220825/UBNA_002/20220823_033000.WAV,Telephone Field,recover-20220825,002,1795
421.8825,421.8914,24609,32275,Eptesicus serotinus,0.007,0.022,-1,Echolocation,/mnt/ubna_data_01_mir/recover-20220825/UBNA_002/20220823_033000.WAV,Telephone Field,recover-20220825,002,1795
421.8845,421.8926,41796,49720,Pipistrellus nathusii,0.009,0.023,-1,Echolocation,/mnt/ubna_data_01_mir/recover-20220825/UBNA_002/20220823_033000.WAV,Telephone Field,recover-20220825,002,1795
421.8905,421.8978,27187,37204,Eptesicus serotinus,0.007,0.023,-1,Echolocation,/mnt/ubna_data_01_mir/recover-20220825/UBNA_002/20220823_033000.WAV,Telephone Field,recover-20220825,002,1795
421.9325,421.9424,27187,35571,Eptesicus serotinus,0.011,0.023,-1,Echolocation,/mnt/ubna_data_01_mir/recover-20220825/UBNA_002/20220823_033000.WAV,Telephone Field,recover-20220825,002,1795
421.9345,421.9743,68437,82101,Rhinolophus ferrumequinum,0.025,0.025,-1,Echolocation,/mnt/ubna_data_01_mir/recover-20220825/UBNA_002/20220823_033000.WAV,Telephone Field,recover-20220825,002,1795
421.9435,421.9505,26328,34482,Eptesicus serotinus,0.008,0.024,-1,Echolocation,/mnt/ubna_data_01_mir/recover-20220825/UBNA_002/20220823_033000.WAV,Telephone Field,recover-20220825,002,1795
421.9495,421.9568,43515,52482,Pipistrellus nathusii,0.017,0.04,-1,Echolocation,/mnt/ubna_data_01_mir/recover-20220825/UBNA_002/20220823_033000.WAV,Telephone Field,recover-20220825,002,1795
421.9795,421.9873,27187,37923,Eptesicus serotinus,0.01,0.024,-1,Echolocation,/mnt/ubna_data_01_mir/recover-20220825/UBNA_002/20220823_033000.WAV,Telephone Field,recover-20220825,002,1795
422.0015,422.012,46093,55117,Pipistrellus pipistrellus,0.02,0.029,-1,Echolocation,/mnt/ubna_data_01_mir/recover-20220825/UBNA_002/20220823_033000.WAV,Telephone Field,recover-20220825,002,1795
422.0015,422.0348,68437,79756,Rhinolophus ferrumequinum,0.026,0.027,-1,Echolocation,/mnt/ubna_data_01_mir/recover-20220825/UBNA_002/20220823_033000.WAV,Telephone Field,recover-20220825,002,1795
422.0015,422.0148,20312,25424,Nyctalus leisleri,0.013,0.031,-1,Echolocation,/mnt/ubna_data_01_mir/recover-20220825/UBNA_002/20220823_033000.WAV,Telephone Field,recover-20220825,002,1795
422.0015,422.0099,27187,37143,Eptesicus serotinus,0.007,0.023,-1,Echolocation,/mnt/ubna_data_01_mir/recover-20220825/UBNA_002/20220823_033000.WAV,Telephone Field,recover-20220825,002,1795
422.0135,422.0541,68437,82176,Rhinolophus ferrumequinum,0.022,0.022,-1,Echolocation,/mnt/ubna_data_01_mir/recover-20220825/UBNA_002/20220823_033000.WAV,Telephone Field,recover-20220825,002,1795
422.0145,422.0222,46953,50742,Pipistrellus pipistrellus,0.066,0.068,-1,Echolocation,/mnt/ubna_data_01_mir/recover-20220825/UBNA_002/20220823_033000.WAV,Telephone Field,recover-20220825,002,1795
422.0155,422.0195,36640,56984,Myotis brandtii,0.029,0.087,-1,Echolocation,/mnt/ubna_data_01_mir/recover-20220825/UBNA_002/20220823_033000.WAV,Telephone Field,recover-20220825,002,1795
422.0545,422.0918,68437,81182,Rhinolophus ferrumequinum,0.03,0.03,-1,Echolocation,/mnt/ubna_data_01_mir/recover-20220825/UBNA_002/20220823_033000.WAV,Telephone Field,recover-20220825,002,1795
422.1145,422.1246,28046,37003,Eptesicus serotinus,0.01,0.025,-1,Echolocation,/mnt/ubna_data_01_mir/recover-20220825/UBNA_002/20220823_033000.WAV,Telephone Field,recover-20220825,002,1795
422.1335,422.1435,25468,33596,Eptesicus serotinus,0.009,0.023,-1,Echolocation,/mnt/ubna_data_01_mir/recover-20220825/UBNA_002/20220823_033000.WAV,Telephone Field,recover-20220825,002,1795
422.1475,422.1849,68437,81837,Rhinolophus ferrumequinum,0.022,0.022,-1,Echolocation,/mnt/ubna_data_01_mir/recover-20220825/UBNA_002/20220823_033000.WAV,Telephone Field,recover-20220825,002,1795
422.1475,422.1568,28046,36085,Eptesicus serotinus,0.009,0.022,-1,Echolocation,/mnt/ubna_data_01_mir/recover-20220825/UBNA_002/20220823_033000.WAV,Telephone Field,recover-20220825,002,1795
422.1625,422.1682,50390,55060,Pipistrellus pipistrellus,0.023,0.024,-1,Echolocation,/mnt/ubna_data_01_mir/recover-20220825/UBNA_002/20220823_033000.WAV,Telephone Field,recover-20220825,002,1795
422.1695,422.1795,22890,28243,Nyctalus leisleri,0.009,0.022,-1,Echolocation,/mnt/ubna_data_01_mir/recover-20220825/UBNA_002/20220823_033000.WAV,Telephone Field,recover-20220825,002,1795
422.1855,422.1969,28046,34442,Eptesicus serotinus,0.012,0.026,-1,Echolocation,/mnt/ubna_data_01_mir/recover-20220825/UBNA_002/20220823_033000.WAV,Telephone Field,recover-20220825,002,1795
422.2115,422.2498,68437,82712,Rhinolophus ferrumequinum,0.022,0.022,-1,Echolocation,/mnt/ubna_data_01_mir/recover-20220825/UBNA_002/20220823_033000.WAV,Telephone Field,recover-20220825,002,1795
422.2485,422.2885,68437,82294,Rhinolophus ferrumequinum,0.023,0.023,-1,Echolocation,/mnt/ubna_data_01_mir/recover-20220825/UBNA_002/20220823_033000.WAV,Telephone Field,recover-20220825,002,1795
422.2855,422.297,24609,31192,Nyctalus leisleri,0.011,0.029,-1,Echolocation,/mnt/ubna_data_01_mir/recover-20220825/UBNA_002/20220823_033000.WAV,Telephone Field,recover-20220825,002,1795
422.3215,422.3292,25468,37137,Eptesicus serotinus,0.006,0.022,-1,Echolocation,/mnt/ubna_data_01_mir/recover-20220825/UBNA_002/20220823_033000.WAV,Telephone Field,recover-20220825,002,1795
422.3355,422.346,28046,35524,Eptesicus serotinus,0.011,0.026,-1,Echolocation,/mnt/ubna_data_01_mir/recover-20220825/UBNA_002/20220823_033000.WAV,Telephone Field,recover-20220825,002,1795
422.3425,422.3827,68437,82274,Rhinolophus ferrumequinum,0.022,0.022,-1,Echolocation,/mnt/ubna_data_01_mir/recover-20220825/UBNA_002/20220823_033000.WAV,Telephone Field,recover-20220825,002,1795
422.3585,422.3981,68437,82705,Rhinolophus ferrumequinum,0.034,0.034,-1,Echolocation,/mnt/ubna_data_01_mir/recover-20220825/UBNA_002/20220823_033000.WAV,Telephone Field,recover-20220825,002,1795
422.3715,422.3799,28046,40560,Eptesicus serotinus,0.008,0.024,-1,Echolocation,/mnt/ubna_data_01_mir/recover-20220825/UBNA_002/20220823_033000.WAV,Telephone Field,recover-20220825,002,1795
422.4065,422.4294,17734,20965,Nyctalus noctula,0.025,0.037,-1,Echolocation,/mnt/ubna_data_01_mir/recover-20220825/UBNA_002/20220823_033000.WAV,Telephone Field,recover-20220825,002,1795
422.4125,422.4518,68437,82888,Rhinolophus ferrumequinum,0.046,0.046,-1,Echolocation,/mnt/ubna_data_01_mir/recover-20220825/UBNA_002/20220823_033000.WAV,Telephone Field,recover-20220825,002,1795
422.4215,422.4275,37500,50880,Myotis daubentonii,0.013,0.025,-1,Echolocation,/mnt/ubna_data_01_mir/recover-20220825/UBNA_002/20220823_033000.WAV,Telephone Field,recover-20220825,002,1795
422.4615,422.4706,27187,35900,Eptesicus serotinus,0.008,0.022,-1,Echolocation,/mnt/ubna_data_01_mir/recover-20220825/UBNA_002/20220823_033000.WAV,Telephone Field,recover-20220825,002,1795
422.4775,422.5153,68437,82490,Rhinolophus ferrumequinum,0.022,0.023,-1,Echolocation,/mnt/ubna_data_01_mir/recover-20220825/UBNA_002/20220823_033000.WAV,Telephone Field,recover-20220825,002,1795
422.4995,422.5328,68437,81035,Rhinolophus ferrumequinum,0.024,0.024,-1,Echolocation,/mnt/ubna_data_01_mir/recover-20220825/UBNA_002/20220823_033000.WAV,Telephone Field,recover-20220825,002,1795
422.5115,422.5205,26328,37059,Eptesicus serotinus,0.007,0.022,-1,Echolocation,/mnt/ubna_data_01_mir/recover-20220825/UBNA_002/20220823_033000.WAV,Telephone Field,recover-20220825,002,1795
422.5255,422.5658,68437,82134,Rhinolophus ferrumequinum,0.023,0.023,-1,Echolocation,/mnt/ubna_data_01_mir/recover-20220825/UBNA_002/20220823_033000.WAV,Telephone Field,recover-20220825,002,1795
422.5745,422.5832,28046,36746,Eptesicus serotinus,0.008,0.022,-1,Echolocation,/mnt/ubna_data_01_mir/recover-20220825/UBNA_002/20220823_033000.WAV,Telephone Field,recover-20220825,002,1795
422.5765,422.6174,68437,82494,Rhinolophus ferrumequinum,0.023,0.023,-1,Echolocation,/mnt/ubna_data_01_mir/recover-20220825/UBNA_002/20220823_033000.WAV,Telephone Field,recover-20220825,002,1795
422.5905,422.6275,68437,80265,Rhinolophus ferrumequinum,0.026,0.026,-1,Echolocation,/mnt/ubna_data_01_mir/recover-20220825/UBNA_002/20220823_033000.WAV,Telephone Field,recover-20220825,002,1795
422.5945,422.607,22890,27192,Nyctalus leisleri,0.013,0.024,-1,Echolocation,/mnt/ubna_data_01_mir/recover-20220825/UBNA_002/20220823_033000.WAV,Telephone Field,recover-20220825,002,1795
422.6125,422.6527,68437,82835,Rhinolophus ferrumequinum,0.022,0.022,-1,Echolocation,/mnt/ubna_data_01_mir/recover-20220825/UBNA_002/20220823_033000.WAV,Telephone Field,recover-20220825,002,1795
422.6565,422.6665,44375,49471,Pipistrellus pipistrellus,0.022,0.031,-1,Echolocation,/mnt/ubna_data_01_mir/recover-20220825/UBNA_002/20220823_033000.WAV,Telephone Field,recover-20220825,002,1795
422.6835,422.6907,25468,38091,Eptesicus serotinus,0.005,0.023,-1,Echolocation,/mnt/ubna_data_01_mir/recover-20220825/UBNA_002/20220823_033000.WAV,Telephone Field,recover-20220825,002,1795
422.6945,422.7359,68437,82570,Rhinolophus ferrumequinum,0.027,0.027,-1,Echolocation,/mnt/ubna_data_01_mir/recover-20220825/UBNA_002/20220823_033000.WAV,Telephone Field,recover-20220825,002,1795
422.7125,422.7493,68437,81587,Rhinolophus ferrumequinum,0.023,0.023,-1,Echolocation,/mnt/ubna_data_01_mir/recover-20220825/UBNA_002/20220823_033000.WAV,Telephone Field,recover-20220825,002,1795
422.7445,422.7563,48671,53525,Pipistrellus pipistrellus,0.073,0.078,-1,Echolocation,/mnt/ubna_data_01_mir/recover-20220825/UBNA_002/20220823_033000.WAV,Telephone Field,recover-20220825,002,1795
422.7595,422.7971,68437,80922,Rhinolophus ferrumequinum,0.024,0.024,-1,Echolocation,/mnt/ubna_data_01_mir/recover-20220825/UBNA_002/20220823_033000.WAV,Telephone Field,recover-20220825,002,1795
422.7655,422.7735,39218,48707,Pipistrellus nathusii,0.071,0.198,-1,Echolocation,/mnt/ubna_data_01_mir/recover-20220825/UBNA_002/20220823_033000.WAV,Telephone Field,recover-20220825,002,1795
422.8245,422.833,27187,38488,Eptesicus serotinus,0.01,0.028,-1,Echolocation,/mnt/ubna_data_01_mir/recover-20220825/UBNA_002/20220823_033000.WAV,Telephone Field,recover-20220825,002,1795
422.8415,422.8617,19453,22676,Nyctalus leisleri,0.012,0.025,-1,Echolocation,/mnt/ubna_data_01_mir/recover-20220825/UBNA_002/20220823_033000.WAV,Telephone Field,recover-20220825,002,1795
422.8435,422.8573,15156,20563,Nyctalus noctula,0.017,0.026,-1,Echolocation,/mnt/ubna_data_01_mir/recover-20220825/UBNA_002/20220823_033000.WAV,Telephone Field,recover-20220825,002,1795
422.8505,422.862,22890,27297,Nyctalus leisleri,0.014,0.026,-1,Echolocation,/mnt/ubna_data_01_mir/recover-20220825/UBNA_002/20220823_033000.WAV,Telephone Field,recover-20220825,002,1795
422.8685,422.8792,25468,33010,Eptesicus serotinus,0.01,0.024,-1,Echolocation,/mnt/ubna_data_01_mir/recover-20220825/UBNA_002/20220823_033000.WAV,Telephone Field,recover-20220825,002,1795
422.8745,422.9148,68437,82461,Rhinolophus ferrumequinum,0.025,0.025,-1,Echolocation,/mnt/ubna_data_01_mir/recover-20220825/UBNA_002/20220823_033000.WAV,Telephone Field,recover-20220825,002,1795
422.8835,422.9232,68437,81804,Rhinolophus ferrumequinum,0.022,0.022,-1,Echolocation,/mnt/ubna_data_01_mir/recover-20220825/UBNA_002/20220823_033000.WAV,Telephone Field,recover-20220825,002,1795
422.9085,422.9479,68437,82179,Rhinolophus ferrumequinum,0.036,0.036,-1,Echolocation,/mnt/ubna_data_01_mir/recover-20220825/UBNA_002/20220823_033000.WAV,Telephone Field,recover-20220825,002,1795
422.9165,422.9564,68437,82456,Rhinolophus ferrumequinum,0.026,0.026,-1,Echolocation,/mnt/ubna_data_01_mir/recover-20220825/UBNA_002/20220823_033000.WAV,Telephone Field,recover-20220825,002,1795
422.9215,422.93,28046,37867,Eptesicus serotinus,0.008,0.022,-1,Echolocation,/mnt/ubna_data_01_mir/recover-20220825/UBNA_002/20220823_033000.WAV,Telephone Field,recover-20220825,002,1795
422.9585,422.9972,68437,82736,Rhinolophus ferrumequinum,0.022,0.022,-1,Echolocation,/mnt/ubna_data_01_mir/recover-20220825/UBNA_002/20220823_033000.WAV,Telephone Field,recover-20220825,002,1795
422.9605,422.9693,42656,49276,Pipistrellus pipistrellus,0.053,0.08,-1,Echolocation,/mnt/ubna_data_01_mir/recover-20220825/UBNA_002/20220823_033000.WAV,Telephone Field,recover-20220825,002,1795
422.9775,422.9869,28046,35976,Eptesicus serotinus,0.009,0.025,-1,Echolocation,/mnt/ubna_data_01_mir/recover-20220825/UBNA_002/20220823_033000.WAV,Telephone Field,recover-20220825,002,1795
422.9945,423.035,68437,82738,Rhinolophus ferrumequinum,0.025,0.025,-1,Echolocation,/mnt/ubna_data_01_mir/recover-20220825/UBNA_002/20220823_033000.WAV,Telephone Field,recover-20220825,002,1795
422.9995,423.0095,14296,20813,Nyctalus noctula,0.019,0.034,-1,Echolocation,/mnt/ubna_data_01_mir/recover-20220825/UBNA_002/20220823_033000.WAV,Telephone Field,recover-20220825,002,1795
423.0265,423.0353,37500,43772,Pipistrellus nathusii,0.006,0.023,-1,Echolocation,/mnt/ubna_data_01_mir/recover-20220825/UBNA_002/20220823_033000.WAV,Telephone Field,recover-20220825,002,1795
423.0475,423.0861,68437,83061,Rhinolophus ferrumequinum,0.028,0.028,-1,Echolocation,/mnt/ubna_data_01_mir/recover-20220825/UBNA_002/20220823_033000.WAV,Telephone Field,recover-20220825,002,1795
423.0485,423.0537,34921,47925,Myotis daubentonii,0.011,0.023,-1,Echolocation,/mnt/ubna_data_01_mir/recover-20220825/UBNA_002/20220823_033000.WAV,Telephone Field,recover-20220825,002,1795
423.0675,423.0751,28046,39379,Eptesicus serotinus,0.008,0.027,-1,Echolocation,/mnt/ubna_data_01_mir/recover-20220825/UBNA_002/20220823_033000.WAV,Telephone Field,recover-20220825,002,1795
423.0865,423.0955,27187,36628,Eptesicus serotinus,0.008,0.023,-1,Echolocation,/mnt/ubna_data_01_mir/recover-20220825/UBNA_002/20220823_033000.WAV,Telephone Field,recover-20220825,002,1795
423.0935,423.1016,43515,53651,Myotis mystacinus,0.007,0.024,-1,Echolocation,/mnt/ubna_data_01_mir/recover-20220825/UBNA_002/20220823_033000.WAV,Telephone Field,recover-20220825,002,1795
423.0945,423.1348,68437,82274,Rhinolophus ferrumequinum,0.023,0.023,-1,Echolocation,/mnt/ubna_data_01_mir/recover-20220825/UBNA_002/20220823_033000.WAV,Telephone Field,recover-20220825,002,1795
423.1225,423.1306,25468,37095,Eptesicus serotinus,0.006,0.025,-1,Echolocation,/mnt/ubna_data_01_mir/recover-20220825/UBNA_002/20220823_033000.WAV,Telephone Field,recover-20220825,002,1795
423.1255,423.1668,68437,82750,Rhinolophus ferrumequinum,0.035,0.035,-1,Echolocation,/mnt/ubna_data_01_mir/recover-20220825/UBNA_002/20220823_033000.WAV,Telephone Field,recover-20220825,002,1795
423.2025,423.2092,39218,51461,Pipistrellus nathusii,0.163,0.365,-1,Echolocation,/mnt/ubna_data_01_mir/recover-20220825/UBNA_002/20220823_033000.WAV,Telephone Field,recover-20220825,002,1795
423.2105,423.2527,68437,83016,Rhinolophus ferrumequinum,0.033,0.033,-1,Echolocation,/mnt/ubna_data_01_mir/recover-20220825/UBNA_002/20220823_033000.WAV,Telephone Field,recover-20220825,002,1795
423.2995,423.3075,27187,40740,Eptesicus serotinus,0.008,0.023,-1,Echolocation,/mnt/ubna_data_01_mir/recover-20220825/UBNA_002/20220823_033000.WAV,Telephone Field,recover-20220825,002,1795
423.3005,423.3402,68437,82916,Rhinolophus ferrumequinum,0.023,0.023,-1,Echolocation,/mnt/ubna_data_01_mir/recover-20220825/UBNA_002/20220823_033000.WAV,Telephone Field,recover-20220825,002,1795
423.3205,423.3297,28046,37245,Eptesicus serotinus,0.008,0.022,-1,Echolocation,/mnt/ubna_data_01_mir/recover-20220825/UBNA_002/20220823_033000.WAV,Telephone Field,recover-20220825,002,1795
423.3225,423.3623,68437,82450,Rhinolophus ferrumequinum,0.029,0.03,-1,Echolocation,/mnt/ubna_data_01_mir/recover-20220825/UBNA_002/20220823_033000.WAV,Telephone Field,recover-20220825,002,1795
423.3385,423.3796,68437,82093,Rhinolophus ferrumequinum,0.025,0.025,-1,Echolocation,/mnt/ubna_data_01_mir/recover-20220825/UBNA_002/20220823_033000.WAV,Telephone Field,recover-20220825,002,1795
423.3765,423.4194,68437,82840,Rhinolophus ferrumequinum,0.025,0.025,-1,Echolocation,/mnt/ubna_data_01_mir/recover-20220825/UBNA_002/20220823_033000.WAV,Telephone Field,recover-20220825,002,1795
423.3955,423.4039,25468,38038,Eptesicus serotinus,0.009,0.027,-1,Echolocation,/mnt/ubna_data_01_mir/recover-20220825/UBNA_002/20220823_033000.WAV,Telephone Field,recover-20220825,002,1795
423.4235,423.4336,28046,34750,Eptesicus serotinus,0.013,0.029,-1,Echolocation,/mnt/ubna_data_01_mir/recover-20220825/UBNA_002/20220823_033000.WAV,Telephone Field,recover-20220825,002,1795
423.4475,423.4541,28046,39042,Myotis daubentonii,0.006,0.025,-1,Echolocation,/mnt/ubna_data_01_mir/recover-20220825/UBNA_002/20220823_033000.WAV,Telephone Field,recover-20220825,002,1795
423.4515,423.4873,68437,81403,Rhinolophus ferrumequinum,0.022,0.022,-1,Echolocation,/mnt/ubna_data_01_mir/recover-20220825/UBNA_002/20220823_033000.WAV,Telephone Field,recover-20220825,002,1795
423.4765,423.4869,23750,29923,Nyctalus leisleri,0.01,0.026,-1,Echolocation,/mnt/ubna_data_01_mir/recover-20220825/UBNA_002/20220823_033000.WAV,Telephone Field,recover-20220825,002,1795
423.4895,423.5004,22890,28095,Nyctalus leisleri,0.011,0.022,-1,Echolocation,/mnt/ubna_data_01_mir/recover-20220825/UBNA_002/20220823_033000.WAV,Telephone Field,recover-20220825,002,1795
423.5115,423.52139999999997,28046,35231,Eptesicus serotinus,0.01,0.024,-1,Echolocation,/mnt/ubna_data_01_mir/recover-20220825/UBNA_002/20220823_033000.WAV,Telephone Field,recover-20220825,002,1795
423.5185,423.5592,68437,82530,Rhinolophus ferrumequinum,0.022,0.022,-1,Echolocation,/mnt/ubna_data_01_mir/recover-20220825/UBNA_002/20220823_033000.WAV,Telephone Field,recover-20220825,002,1795
423.5235,423.5637,68437,82692,Rhinolophus ferrumequinum,0.022,0.022,-1,Echolocation,/mnt/ubna_data_01_mir/recover-20220825/UBNA_002/20220823_033000.WAV,Telephone Field,recover-20220825,002,1795
423.5345,423.576,68437,82366,Rhinolophus ferrumequinum,0.026,0.026,-1,Echolocation,/mnt/ubna_data_01_mir/recover-20220825/UBNA_002/20220823_033000.WAV,Telephone Field,recover-20220825,002,1795
423.5645,423.5753,22890,29013,Nyctalus leisleri,0.009,0.024,-1,Echolocation,/mnt/ubna_data_01_mir/recover-20220825/UBNA_002/20220823_033000.WAV,Telephone Field,recover-20220825,002,1795
423.5675,423.5773,28906,36409,Eptesicus serotinus,0.009,0.023,-1,Echolocation,/mnt/ubna_data_01_mir/recover-20220825/UBNA_002/20220823_033000.WAV,Telephone Field,recover-20220825,002,1795
423.5805,423.6221,68437,82793,Rhinolophus ferrumequinum,0.025,0.025,-1,Echolocation,/mnt/ubna_data_01_mir/recover-20220825/UBNA_002/20220823_033000.WAV,Telephone Field,recover-20220825,002,1795
423.5885,423.6275,68437,82406,Rhinolophus ferrumequinum,0.023,0.023,-1,Echolocation,/mnt/ubna_data_01_mir/recover-20220825/UBNA_002/20220823_033000.WAV,Telephone Field,recover-20220825,002,1795
423.5915,423.5983,27187,46542,Myotis daubentonii,0.007,0.023,-1,Echolocation,/mnt/ubna_data_01_mir/recover-20220825/UBNA_002/20220823_033000.WAV,Telephone Field,recover-20220825,002,1795
423.6275,423.6663,68437,82070,Rhinolophus ferrumequinum,0.022,0.022,-1,Echolocation,/mnt/ubna_data_01_mir/recover-20220825/UBNA_002/20220823_033000.WAV,Telephone Field,recover-20220825,002,1795
423.6335,423.6717,68437,81137,Rhinolophus ferrumequinum,0.023,0.024,-1,Echolocation,/mnt/ubna_data_01_mir/recover-20220825/UBNA_002/20220823_033000.WAV,Telephone Field,recover-20220825,002,1795
423.6465,423.6554,28046,38120,Eptesicus serotinus,0.009,0.025,-1,Echolocation,/mnt/ubna_data_01_mir/recover-20220825/UBNA_002/20220823_033000.WAV,Telephone Field,recover-20220825,002,1795
423.6505,423.6569,47812,51788,Pipistrellus pipistrellus,0.021,0.022,-1,Echolocation,/mnt/ubna_data_01_mir/recover-20220825/UBNA_002/20220823_033000.WAV,Telephone Field,recover-20220825,002,1795
423.7225,423.7612,68437,82250,Rhinolophus ferrumequinum,0.023,0.023,-1,Echolocation,/mnt/ubna_data_01_mir/recover-20220825/UBNA_002/20220823_033000.WAV,Telephone Field,recover-20220825,002,1795
423.7305,423.7373,32343,50294,Myotis daubentonii,0.011,0.022,-1,Echolocation,/mnt/ubna_data_01_mir/recover-20220825/UBNA_002/20220823_033000.WAV,Telephone Field,recover-20220825,002,1795
423.7325,423.7397,27187,39902,Eptesicus serotinus,0.007,0.026,-1,Echolocation,/mnt/ubna_data_01_mir/recover-20220825/UBNA_002/20220823_033000.WAV,Telephone Field,recover-20220825,002,1795
423.7545,423.7944,68437,82853,Rhinolophus ferrumequinum,0.024,0.024,-1,Echolocation,/mnt/ubna_data_01_mir/recover-20220825/UBNA_002/20220823_033000.WAV,Telephone Field,recover-20220825,002,1795
423.7845,423.7918,27187,41838,Eptesicus serotinus,0.01,0.03,-1,Echolocation,/mnt/ubna_data_01_mir/recover-20220825/UBNA_002/20220823_033000.WAV,Telephone Field,recover-20220825,002,1795
423.8015,423.8127,28046,35837,Eptesicus serotinus,0.012,0.025,-1,Echolocation,/mnt/ubna_data_01_mir/recover-20220825/UBNA_002/20220823_033000.WAV,Telephone Field,recover-20220825,002,1795
423.8085,423.8194,28906,36000,Eptesicus serotinus,0.013,0.029,-1,Echolocation,/mnt/ubna_data_01_mir/recover-20220825/UBNA_002/20220823_033000.WAV,Telephone Field,recover-20220825,002,1795
423.8395,423.8798,68437,82993,Rhinolophus ferrumequinum,0.03,0.031,-1,Echolocation,/mnt/ubna_data_01_mir/recover-20220825/UBNA_002/20220823_033000.WAV,Telephone Field,recover-20220825,002,1795
423.8455,423.886,68437,82737,Rhinolophus ferrumequinum,0.029,0.029,-1,Echolocation,/mnt/ubna_data_01_mir/recover-20220825/UBNA_002/20220823_033000.WAV,Telephone Field,recover-20220825,002,1795
423.8685,423.8791,34921,40516,Barbastellus barbastellus,0.007,0.024,-1,Echolocation,/mnt/ubna_data_01_mir/recover-20220825/UBNA_002/20220823_033000.WAV,Telephone Field,recover-20220825,002,1795
423.8715,423.8801,27187,37509,Eptesicus serotinus,0.008,0.025,-1,Echolocation,/mnt/ubna_data_01_mir/recover-20220825/UBNA_002/20220823_033000.WAV,Telephone Field,recover-20220825,002,1795
423.8815,423.8883,49531,56480,Pipistrellus pipistrellus,0.021,0.024,-1,Echolocation,/mnt/ubna_data_01_mir/recover-20220825/UBNA_002/20220823_033000.WAV,Telephone Field,recover-20220825,002,1795
423.8955,423.9038,27187,37149,Eptesicus serotinus,0.009,0.024,-1,Echolocation,/mnt/ubna_data_01_mir/recover-20220825/UBNA_002/20220823_033000.WAV,Telephone Field,recover-20220825,002,1795
423.9075,423.9195,23750,28525,Nyctalus leisleri,0.016,0.032,-1,Echolocation,/mnt/ubna_data_01_mir/recover-20220825/UBNA_002/20220823_033000.WAV,Telephone Field,recover-20220825,002,1795
423.9235,423.9312,28046,40136,Eptesicus serotinus,0.009,0.029,-1,Echolocation,/mnt/ubna_data_01_mir/recover-20220825/UBNA_002/20220823_033000.WAV,Telephone Field,recover-20220825,002,1795
423.9375,423.9746,68437,82081,Rhinolophus ferrumequinum,0.022,0.022,-1,Echolocation,/mnt/ubna_data_01_mir/recover-20220825/UBNA_002/20220823_033000.WAV,Telephone Field,recover-20220825,002,1795
423.9555,423.992,68437,82097,Rhinolophus ferrumequinum,0.024,0.024,-1,Echolocation,/mnt/ubna_data_01_mir/recover-20220825/UBNA_002/20220823_033000.WAV,Telephone Field,recover-20220825,002,1795
424.0015,424.0105,23750,32390,Nyctalus leisleri,0.009,0.031,-1,Echolocation,/mnt/ubna_data_01_mir/recover-20220825/UBNA_002/20220823_033000.WAV,Telephone Field,recover-20220825,002,1795
424.0015,424.0344,69296,81023,Rhinolophus ferrumequinum,0.038,0.038,-1,Echolocation,/mnt/ubna_data_01_mir/recover-20220825/UBNA_002/20220823_033000.WAV,Telephone Field,recover-20220825,002,1795
424.0175,424.0254,27187,38541,Eptesicus serotinus,0.007,0.02,-1,Echolocation,/mnt/ubna_data_01_mir/recover-20220825/UBNA_002/20220823_033000.WAV,Telephone Field,recover-20220825,002,1795
424.0255,424.0337,28906,36251,Eptesicus serotinus,0.013,0.029,-1,Echolocation,/mnt/ubna_data_01_mir/recover-20220825/UBNA_002/20220823_033000.WAV,Telephone Field,recover-20220825,002,1795
424.0545,424.091,68437,81640,Rhinolophus ferrumequinum,0.02,0.02,-1,Echolocation,/mnt/ubna_data_01_mir/recover-20220825/UBNA_002/20220823_033000.WAV,Telephone Field,recover-20220825,002,1795
424.0885,424.0993,23750,29212,Nyctalus leisleri,0.009,0.021,-1,Echolocation,/mnt/ubna_data_01_mir/recover-20220825/UBNA_002/20220823_033000.WAV,Telephone Field,recover-20220825,002,1795
424.0975,424.1355,68437,82096,Rhinolophus ferrumequinum,0.022,0.022,-1,Echolocation,/mnt/ubna_data_01_mir/recover-20220825/UBNA_002/20220823_033000.WAV,Telephone Field,recover-20220825,002,1795
424.1265,424.1653,68437,82056,Rhinolophus ferrumequinum,0.022,0.022,-1,Echolocation,/mnt/ubna_data_01_mir/recover-20220825/UBNA_002/20220823_033000.WAV,Telephone Field,recover-20220825,002,1795
424.1335,424.173,68437,82055,Rhinolophus ferrumequinum,0.021,0.021,-1,Echolocation,/mnt/ubna_data_01_mir/recover-20220825/UBNA_002/20220823_033000.WAV,Telephone Field,recover-20220825,002,1795
424.1445,424.1545,22031,27208,Nyctalus leisleri,0.009,0.021,-1,Echolocation,/mnt/ubna_data_01_mir/recover-20220825/UBNA_002/20220823_033000.WAV,Telephone Field,recover-20220825,002,1795
424.1595,424.1695,26328,32935,Eptesicus serotinus,0.01,0.023,-1,Echolocation,/mnt/ubna_data_01_mir/recover-20220825/UBNA_002/20220823_033000.WAV,Telephone Field,recover-20220825,002,1795
424.1605,424.1953,68437,81592,Rhinolophus ferrumequinum,0.023,0.024,-1,Echolocation,/mnt/ubna_data_01_mir/recover-20220825/UBNA_002/20220823_033000.WAV,Telephone Field,recover-20220825,002,1795
424.1725,424.1812,29765,38154,Eptesicus serotinus,0.009,0.021,-1,Echolocation,/mnt/ubna_data_01_mir/recover-20220825/UBNA_002/20220823_033000.WAV,Telephone Field,recover-20220825,002,1795
424.1955,424.2304,68437,81411,Rhinolophus ferrumequinum,0.021,0.021,-1,Echolocation,/mnt/ubna_data_01_mir/recover-20220825/UBNA_002/20220823_033000.WAV,Telephone Field,recover-20220825,002,1795
424.2165,424.2238,23750,31734,Plecotus austriacus,0.008,0.021,-1,Echolocation,/mnt/ubna_data_01_mir/recover-20220825/UBNA_002/20220823_033000.WAV,Telephone Field,recover-20220825,002,1795
424.2455,424.2829,68437,82046,Rhinolophus ferrumequinum,0.021,0.021,-1,Echolocation,/mnt/ubna_data_01_mir/recover-20220825/UBNA_002/20220823_033000.WAV,Telephone Field,recover-20220825,002,1795
424.2535,424.2621,23750,31344,Plecotus austriacus,0.007,0.022,-1,Echolocation,/mnt/ubna_data_01_mir/recover-20220825/UBNA_002/20220823_033000.WAV,Telephone Field,recover-20220825,002,1795
424.2545,424.2934,68437,82258,Rhinolophus ferrumequinum,0.02,0.02,-1,Echolocation,/mnt/ubna_data_01_mir/recover-20220825/UBNA_002/20220823_033000.WAV,Telephone Field,recover-20220825,002,1795
424.2745,424.2841,23750,29978,Nyctalus leisleri,0.008,0.021,-1,Echolocation,/mnt/ubna_data_01_mir/recover-20220825/UBNA_002/20220823_033000.WAV,Telephone Field,recover-20220825,002,1795
424.2985,424.3095,27187,34303,Eptesicus serotinus,0.011,0.023,-1,Echolocation,/mnt/ubna_data_01_mir/recover-20220825/UBNA_002/20220823_033000.WAV,Telephone Field,recover-20220825,002,1795
424.3075,424.3187,25468,31464,Eptesicus serotinus,0.009,0.025,-1,Echolocation,/mnt/ubna_data_01_mir/recover-20220825/UBNA_002/20220823_033000.WAV,Telephone Field,recover-20220825,002,1795
424.3225,424.3362,22031,26234,Nyctalus leisleri,0.018,0.032,-1,Echolocation,/mnt/ubna_data_01_mir/recover-20220825/UBNA_002/20220823_033000.WAV,Telephone Field,recover-20220825,002,1795
424.3565,424.3939,68437,82115,Rhinolophus ferrumequinum,0.021,0.021,-1,Echolocation,/mnt/ubna_data_01_mir/recover-20220825/UBNA_002/20220823_033000.WAV,Telephone Field,recover-20220825,002,1795
424.3675,424.4037,68437,81971,Rhinolophus ferrumequinum,0.02,0.02,-1,Echolocation,/mnt/ubna_data_01_mir/recover-20220825/UBNA_002/20220823_033000.WAV,Telephone Field,recover-20220825,002,1795
424.3865,424.4235,68437,81530,Rhinolophus ferrumequinum,0.022,0.023,-1,Echolocation,/mnt/ubna_data_01_mir/recover-20220825/UBNA_002/20220823_033000.WAV,Telephone Field,recover-20220825,002,1795
424.4135,424.452,68437,82207,Rhinolophus ferrumequinum,0.024,0.024,-1,Echolocation,/mnt/ubna_data_01_mir/recover-20220825/UBNA_002/20220823_033000.WAV,Telephone Field,recover-20220825,002,1795
424.4505,424.4879,68437,81947,Rhinolophus ferrumequinum,0.02,0.021,-1,Echolocation,/mnt/ubna_data_01_mir/recover-20220825/UBNA_002/20220823_033000.WAV,Telephone Field,recover-20220825,002,1795
424.4515,424.45889999999997,26328,37680,Eptesicus serotinus,0.006,0.02,-1,Echolocation,/mnt/ubna_data_01_mir/recover-20220825/UBNA_002/20220823_033000.WAV,Telephone Field,recover-20220825,002,1795
424.4725,424.4817,27187,36914,Eptesicus serotinus,0.008,0.02,-1,Echolocation,/mnt/ubna_data_01_mir/recover-20220825/UBNA_002/20220823_033000.WAV,Telephone Field,recover-20220825,002,1795
424.4965,424.5044,28906,42962,Eptesicus serotinus,0.008,0.022,-1,Echolocation,/mnt/ubna_data_01_mir/recover-20220825/UBNA_002/20220823_033000.WAV,Telephone Field,recover-20220825,002,1795
424.5295,424.5681,68437,82350,Rhinolophus ferrumequinum,0.024,0.024,-1,Echolocation,/mnt/ubna_data_01_mir/recover-20220825/UBNA_002/20220823_033000.WAV,Telephone Field,recover-20220825,002,1795
424.5755,424.5917,21171,24664,Nyctalus leisleri,0.015,0.025,-1,Echolocation,/mnt/ubna_data_01_mir/recover-20220825/UBNA_002/20220823_033000.WAV,Telephone Field,recover-20220825,002,1795
424.5915,424.6314,68437,82134,Rhinolophus ferrumequinum,0.021,0.021,-1,Echolocation,/mnt/ubna_data_01_mir/recover-20220825/UBNA_002/20220823_033000.WAV,Telephone Field,recover-20220825,002,1795
424.6165,424.6529,68437,81199,Rhinolophus ferrumequinum,0.021,0.021,-1,Echolocation,/mnt/ubna_data_01_mir/recover-20220825/UBNA_002/20220823_033000.WAV,Telephone Field,recover-20220825,002,1795
424.6225,424.6302,28906,40046,Eptesicus serotinus,0.01,0.026,-1,Echolocation,/mnt/ubna_data_01_mir/recover-20220825/UBNA_002/20220823_033000.WAV,Telephone Field,recover-20220825,002,1795
424.6345,424.6702,68437,81537,Rhinolophus ferrumequinum,0.02,0.02,-1,Echolocation,/mnt/ubna_data_01_mir/recover-20220825/UBNA_002/20220823_033000.WAV,Telephone Field,recover-20220825,002,1795
424.6635,424.6742,22890,27737,Nyctalus leisleri,0.011,0.022,-1,Echolocation,/mnt/ubna_data_01_mir/recover-20220825/UBNA_002/20220823_033000.WAV,Telephone Field,recover-20220825,002,1795
424.6905,424.6991,27187,38548,Eptesicus serotinus,0.007,0.02,-1,Echolocation,/mnt/ubna_data_01_mir/recover-20220825/UBNA_002/20220823_033000.WAV,Telephone Field,recover-20220825,002,1795
424.7785,424.7893,28906,36686,Eptesicus serotinus,0.049,0.072,-1,Echolocation,/mnt/ubna_data_01_mir/recover-20220825/UBNA_002/20220823_033000.WAV,Telephone Field,recover-20220825,002,1795
424.7865,424.8227,68437,81942,Rhinolophus ferrumequinum,0.021,0.021,-1,Echolocation,/mnt/ubna_data_01_mir/recover-20220825/UBNA_002/20220823_033000.WAV,Telephone Field,recover-20220825,002,1795
424.8165,424.855,68437,82284,Rhinolophus ferrumequinum,0.021,0.021,-1,Echolocation,/mnt/ubna_data_01_mir/recover-20220825/UBNA_002/20220823_033000.WAV,Telephone Field,recover-20220825,002,1795
424.8345,424.8746,68437,82654,Rhinolophus ferrumequinum,0.022,0.022,-1,Echolocation,/mnt/ubna_data_01_mir/recover-20220825/UBNA_002/20220823_033000.WAV,Telephone Field,recover-20220825,002,1795
424.8505,424.8906,68437,82800,Rhinolophus ferrumequinum,0.024,0.024,-1,Echolocation,/mnt/ubna_data_01_mir/recover-20220825/UBNA_002/20220823_033000.WAV,Telephone Field,recover-20220825,002,1795
424.8535,424.861,28046,40116,Eptesicus serotinus,0.008,0.025,-1,Echolocation,/mnt/ubna_data_01_mir/recover-20220825/UBNA_002/20220823_033000.WAV,Telephone Field,recover-20220825,002,1795
424.8675,424.8769,25468,31716,Eptesicus serotinus,0.008,0.022,-1,Echolocation,/mnt/ubna_data_01_mir/recover-20220825/UBNA_002/20220823_033000.WAV,Telephone Field,recover-20220825,002,1795
424.8815,424.9227,68437,82923,Rhinolophus ferrumequinum,0.031,0.031,-1,Echolocation,/mnt/ubna_data_01_mir/recover-20220825/UBNA_002/20220823_033000.WAV,Telephone Field,recover-20220825,002,1795
424.9035,424.9141,23750,29525,Nyctalus leisleri,0.008,0.02,-1,Echolocation,/mnt/ubna_data_01_mir/recover-20220825/UBNA_002/20220823_033000.WAV,Telephone Field,recover-20220825,002,1795
424.9105,424.9215,24609,30313,Nyctalus leisleri,0.007,0.02,-1,Echolocation,/mnt/ubna_data_01_mir/recover-20220825/UBNA_002/20220823_033000.WAV,Telephone Field,recover-20220825,002,1795
424.9345,424.9767,68437,83277,Rhinolophus ferrumequinum,0.034,0.034,-1,Echolocation,/mnt/ubna_data_01_mir/recover-20220825/UBNA_002/20220823_033000.WAV,Telephone Field,recover-20220825,002,1795
424.9475,424.9585,22890,27250,Nyctalus leisleri,0.01,0.02,-1,Echolocation,/mnt/ubna_data_01_mir/recover-20220825/UBNA_002/20220823_033000.WAV,Telephone Field,recover-20220825,002,1795
424.9625,424.9981,68437,81041,Rhinolophus ferrumequinum,0.025,0.025,-1,Echolocation,/mnt/ubna_data_01_mir/recover-20220825/UBNA_002/20220823_033000.WAV,Telephone Field,recover-20220825,002,1795
425.0225,425.0624,68437,82983,Rhinolophus ferrumequinum,0.046,0.046,-1,Echolocation,/mnt/ubna_data_01_mir/recover-20220825/UBNA_002/20220823_033000.WAV,Telephone Field,recover-20220825,002,1795
425.0355,425.0454,23750,30978,Nyctalus leisleri,0.008,0.022,-1,Echolocation,/mnt/ubna_data_01_mir/recover-20220825/UBNA_002/20220823_033000.WAV,Telephone Field,recover-20220825,002,1795
425.0535,425.0938,68437,82459,Rhinolophus ferrumequinum,0.023,0.023,-1,Echolocation,/mnt/ubna_data_01_mir/recover-20220825/UBNA_002/20220823_033000.WAV,Telephone Field,recover-20220825,002,1795
425.0655,425.1043,68437,82893,Rhinolophus ferrumequinum,0.022,0.022,-1,Echolocation,/mnt/ubna_data_01_mir/recover-20220825/UBNA_002/20220823_033000.WAV,Telephone Field,recover-20220825,002,1795
425.1055,425.1421,68437,81683,Rhinolophus ferrumequinum,0.022,0.022,-1,Echolocation,/mnt/ubna_data_01_mir/recover-20220825/UBNA_002/20220823_033000.WAV,Telephone Field,recover-20220825,002,1795
425.1295,425.1377,26328,34921,Eptesicus serotinus,0.012,0.032,-1,Echolocation,/mnt/ubna_data_01_mir/recover-20220825/UBNA_002/20220823_033000.WAV,Telephone Field,recover-20220825,002,1795
425.1575,425.1696,24609,30178,Nyctalus leisleri,0.015,0.038,-1,Echolocation,/mnt/ubna_data_01_mir/recover-20220825/UBNA_002/20220823_033000.WAV,Telephone Field,recover-20220825,002,1795
425.1825,425.2191,68437,82081,Rhinolophus ferrumequinum,0.02,0.02,-1,Echolocation,/mnt/ubna_data_01_mir/recover-20220825/UBNA_002/20220823_033000.WAV,Telephone Field,recover-20220825,002,1795
425.2075,425.2405,68437,80489,Rhinolophus ferrumequinum,0.02,0.02,-1,Echolocation,/mnt/ubna_data_01_mir/recover-20220825/UBNA_002/20220823_033000.WAV,Telephone Field,recover-20220825,002,1795
425.2275,425.2652,68437,82115,Rhinolophus ferrumequinum,0.03,0.03,-1,Echolocation,/mnt/ubna_data_01_mir/recover-20220825/UBNA_002/20220823_033000.WAV,Telephone Field,recover-20220825,002,1795
425.2305,425.2402,48671,57176,Pipistrellus pipistrellus,0.018,0.022,-1,Echolocation,/mnt/ubna_data_01_mir/recover-20220825/UBNA_002/20220823_033000.WAV,Telephone Field,recover-20220825,002,1795
425.2305,425.2408,25468,31473,Eptesicus serotinus,0.008,0.021,-1,Echolocation,/mnt/ubna_data_01_mir/recover-20220825/UBNA_002/20220823_033000.WAV,Telephone Field,recover-20220825,002,1795
425.2435,425.2525,45234,50959,Pipistrellus pipistrellus,0.024,0.027,-1,Echolocation,/mnt/ubna_data_01_mir/recover-20220825/UBNA_002/20220823_033000.WAV,Telephone Field,recover-20220825,002,1795
425.2465,425.2557,22890,29024,Plecotus austriacus,0.008,0.023,-1,Echolocation,/mnt/ubna_data_01_mir/recover-20220825/UBNA_002/20220823_033000.WAV,Telephone Field,recover-20220825,002,1795
425.2715,425.2815,23750,30745,Nyctalus leisleri,0.007,0.021,-1,Echolocation,/mnt/ubna_data_01_mir/recover-20220825/UBNA_002/20220823_033000.WAV,Telephone Field,recover-20220825,002,1795
425.2735,425.3156,68437,83343,Rhinolophus ferrumequinum,0.031,0.031,-1,Echolocation,/mnt/ubna_data_01_mir/recover-20220825/UBNA_002/20220823_033000.WAV,Telephone Field,recover-20220825,002,1795
425.3095,425.3461,68437,81472,Rhinolophus ferrumequinum,0.026,0.026,-1,Echolocation,/mnt/ubna_data_01_mir/recover-20220825/UBNA_002/20220823_033000.WAV,Telephone Field,recover-20220825,002,1795
425.3145,425.3244,22890,29100,Nyctalus leisleri,0.008,0.021,-1,Echolocation,/mnt/ubna_data_01_mir/recover-20220825/UBNA_002/20220823_033000.WAV,Telephone Field,recover-20220825,002,1795
425.3265,425.3353,23750,30304,Nyctalus leisleri,0.006,0.02,-1,Echolocation,/mnt/ubna_data_01_mir/recover-20220825/UBNA_002/20220823_033000.WAV,Telephone Field,recover-20220825,002,1795
425.3375,425.3768,68437,82324,Rhinolophus ferrumequinum,0.024,0.025,-1,Echolocation,/mnt/ubna_data_01_mir/recover-20220825/UBNA_002/20220823_033000.WAV,Telephone Field,recover-20220825,002,1795
425.3405,425.3493,23750,31338,Nyctalus leisleri,0.006,0.021,-1,Echolocation,/mnt/ubna_data_01_mir/recover-20220825/UBNA_002/20220823_033000.WAV,Telephone Field,recover-20220825,002,1795
425.3465,425.3564,23750,29924,Nyctalus leisleri,0.007,0.02,-1,Echolocation,/mnt/ubna_data_01_mir/recover-20220825/UBNA_002/20220823_033000.WAV,Telephone Field,recover-20220825,002,1795
425.3535,425.3924,68437,82447,Rhinolophus ferrumequinum,0.022,0.022,-1,Echolocation,/mnt/ubna_data_01_mir/recover-20220825/UBNA_002/20220823_033000.WAV,Telephone Field,recover-20220825,002,1795
425.3615,425.3708,24609,32403,Eptesicus serotinus,0.009,0.021,-1,Echolocation,/mnt/ubna_data_01_mir/recover-20220825/UBNA_002/20220823_033000.WAV,Telephone Field,recover-20220825,002,1795
425.3645,425.4081,68437,83089,Rhinolophus ferrumequinum,0.027,0.027,-1,Echolocation,/mnt/ubna_data_01_mir/recover-20220825/UBNA_002/20220823_033000.WAV,Telephone Field,recover-20220825,002,1795
425.3655,425.3746,15156,24594,Plecotus auritus,0.013,0.028,-1,Echolocation,/mnt/ubna_data_01_mir/recover-20220825/UBNA_002/20220823_033000.WAV,Telephone Field,recover-20220825,002,1795
425.3815,425.4204,68437,82650,Rhinolophus ferrumequinum,0.021,0.021,-1,Echolocation,/mnt/ubna_data_01_mir/recover-20220825/UBNA_002/20220823_033000.WAV,Telephone Field,recover-20220825,002,1795
425.4235,425.4608,68437,81828,Rhinolophus ferrumequinum,0.02,0.02,-1,Echolocation,/mnt/ubna_data_01_mir/recover-20220825/UBNA_002/20220823_033000.WAV,Telephone Field,recover-20220825,002,1795
425.4395,425.4496,45234,49126,Pipistrellus pipistrellus,0.02,0.022,-1,Echolocation,/mnt/ubna_data_01_mir/recover-20220825/UBNA_002/20220823_033000.WAV,Telephone Field,recover-20220825,002,1795
425.4855,425.5234,68437,82392,Rhinolophus ferrumequinum,0.023,0.023,-1,Echolocation,/mnt/ubna_data_01_mir/recover-20220825/UBNA_002/20220823_033000.WAV,Telephone Field,recover-20220825,002,1795
425.5345,425.544,24609,32138,Eptesicus serotinus,0.008,0.022,-1,Echolocation,/mnt/ubna_data_01_mir/recover-20220825/UBNA_002/20220823_033000.WAV,Telephone Field,recover-20220825,002,1795
425.5415,425.583,68437,82861,Rhinolophus ferrumequinum,0.034,0.034,-1,Echolocation,/mnt/ubna_data_01_mir/recover-20220825/UBNA_002/20220823_033000.WAV,Telephone Field,recover-20220825,002,1795
425.5715,425.6089,68437,82021,Rhinolophus ferrumequinum,0.02,0.02,-1,Echolocation,/mnt/ubna_data_01_mir/recover-20220825/UBNA_002/20220823_033000.WAV,Telephone Field,recover-20220825,002,1795
425.6075,425.6442,68437,82099,Rhinolophus ferrumequinum,0.02,0.02,-1,Echolocation,/mnt/ubna_data_01_mir/recover-20220825/UBNA_002/20220823_033000.WAV,Telephone Field,recover-20220825,002,1795
425.6335,425.646,23750,29007,Nyctalus leisleri,0.012,0.024,-1,Echolocation,/mnt/ubna_data_01_mir/recover-20220825/UBNA_002/20220823_033000.WAV,Telephone Field,recover-20220825,002,1795
425.6425,425.6532,27187,33989,Eptesicus serotinus,0.011,0.023,-1,Echolocation,/mnt/ubna_data_01_mir/recover-20220825/UBNA_002/20220823_033000.WAV,Telephone Field,recover-20220825,002,1795
425.6585,425.6666,25468,34910,Eptesicus serotinus,0.007,0.021,-1,Echolocation,/mnt/ubna_data_01_mir/recover-20220825/UBNA_002/20220823_033000.WAV,Telephone Field,recover-20220825,002,1795
425.6855,425.7255,68437,82646,Rhinolophus ferrumequinum,0.023,0.023,-1,Echolocation,/mnt/ubna_data_01_mir/recover-20220825/UBNA_002/20220823_033000.WAV,Telephone Field,recover-20220825,002,1795
425.7025,425.7415,68437,82347,Rhinolophus ferrumequinum,0.021,0.021,-1,Echolocation,/mnt/ubna_data_01_mir/recover-20220825/UBNA_002/20220823_033000.WAV,Telephone Field,recover-20220825,002,1795
425.7055,425.7168,29765,37484,Eptesicus serotinus,0.013,0.025,-1,Echolocation,/mnt/ubna_data_01_mir/recover-20220825/UBNA_002/20220823_033000.WAV,Telephone Field,recover-20220825,002,1795
425.7155,425.7513,68437,81424,Rhinolophus ferrumequinum,0.024,0.024,-1,Echolocation,/mnt/ubna_data_01_mir/recover-20220825/UBNA_002/20220823_033000.WAV,Telephone Field,recover-20220825,002,1795
425.7185,425.728,27187,35339,Eptesicus serotinus,0.01,0.02,-1,Echolocation,/mnt/ubna_data_01_mir/recover-20220825/UBNA_002/20220823_033000.WAV,Telephone Field,recover-20220825,002,1795
425.7615,425.7728,22890,28463,Nyctalus leisleri,0.012,0.027,-1,Echolocation,/mnt/ubna_data_01_mir/recover-20220825/UBNA_002/20220823_033000.WAV,Telephone Field,recover-20220825,002,1795
425.7745,425.7903,23750,27862,Nyctalus leisleri,0.023,0.046,-1,Echolocation,/mnt/ubna_data_01_mir/recover-20220825/UBNA_002/20220823_033000.WAV,Telephone Field,recover-20220825,002,1795
425.7765,425.8136,68437,81546,Rhinolophus ferrumequinum,0.023,0.023,-1,Echolocation,/mnt/ubna_data_01_mir/recover-20220825/UBNA_002/20220823_033000.WAV,Telephone Field,recover-20220825,002,1795
425.7915,425.831,68437,82583,Rhinolophus ferrumequinum,0.022,0.022,-1,Echolocation,/mnt/ubna_data_01_mir/recover-20220825/UBNA_002/20220823_033000.WAV,Telephone Field,recover-20220825,002,1795
425.8275,425.8681,68437,82478,Rhinolophus ferrumequinum,0.023,0.023,-1,Echolocation,/mnt/ubna_data_01_mir/recover-20220825/UBNA_002/20220823_033000.WAV,Telephone Field,recover-20220825,002,1795
425.8425,425.85,28906,40739,Eptesicus serotinus,0.007,0.021,-1,Echolocation,/mnt/ubna_data_01_mir/recover-20220825/UBNA_002/20220823_033000.WAV,Telephone Field,recover-20220825,002,1795
425.8795,425.915,68437,81674,Rhinolophus ferrumequinum,0.021,0.021,-1,Echolocation,/mnt/ubna_data_01_mir/recover-20220825/UBNA_002/20220823_033000.WAV,Telephone Field,recover-20220825,002,1795
425.9125,425.9527,68437,82320,Rhinolophus ferrumequinum,0.023,0.023,-1,Echolocation,/mnt/ubna_data_01_mir/recover-20220825/UBNA_002/20220823_033000.WAV,Telephone Field,recover-20220825,002,1795
425.9775,425.9878,24609,30830,Nyctalus leisleri,0.011,0.031,-1,Echolocation,/mnt/ubna_data_01_mir/recover-20220825/UBNA_002/20220823_033000.WAV,Telephone Field,recover-20220825,002,1795
426.0015,426.0393,69296,81694,Rhinolophus ferrumequinum,0.04,0.04,-1,Echolocation,/mnt/ubna_data_01_mir/recover-20220825/UBNA_002/20220823_033000.WAV,Telephone Field,recover-20220825,002,1795
426.0015,426.009,23750,34352,Plecotus austriacus,0.006,0.023,-1,Echolocation,/mnt/ubna_data_01_mir/recover-20220825/UBNA_002/20220823_033000.WAV,Telephone Field,recover-20220825,002,1795
426.0095,426.054,68437,82952,Rhinolophus ferrumequinum,0.022,0.022,-1,Echolocation,/mnt/ubna_data_01_mir/recover-20220825/UBNA_002/20220823_033000.WAV,Telephone Field,recover-20220825,002,1795
426.0465,426.0857,68437,82339,Rhinolophus ferrumequinum,0.027,0.027,-1,Echolocation,/mnt/ubna_data_01_mir/recover-20220825/UBNA_002/20220823_033000.WAV,Telephone Field,recover-20220825,002,1795
426.0655,426.0738,28046,38986,Eptesicus serotinus,0.007,0.021,-1,Echolocation,/mnt/ubna_data_01_mir/recover-20220825/UBNA_002/20220823_033000.WAV,Telephone Field,recover-20220825,002,1795
426.0725,426.1075,68437,81264,Rhinolophus ferrumequinum,0.023,0.023,-1,Echolocation,/mnt/ubna_data_01_mir/recover-20220825/UBNA_002/20220823_033000.WAV,Telephone Field,recover-20220825,002,1795
426.0895,426.1316,68437,82786,Rhinolophus ferrumequinum,0.026,0.026,-1,Echolocation,/mnt/ubna_data_01_mir/recover-20220825/UBNA_002/20220823_033000.WAV,Telephone Field,recover-20220825,002,1795
426.1125,426.1569,68437,83485,Rhinolophus ferrumequinum,0.028,0.028,-1,Echolocation,/mnt/ubna_data_01_mir/recover-20220825/UBNA_002/20220823_033000.WAV,Telephone Field,recover-20220825,002,1795
426.1365,426.1774,68437,82592,Rhinolophus ferrumequinum,0.021,0.021,-1,Echolocation,/mnt/ubna_data_01_mir/recover-20220825/UBNA_002/20220823_033000.WAV,Telephone Field,recover-20220825,002,1795
426.1525,426.1618,24609,32221,Eptesicus serotinus,0.009,0.026,-1,Echolocation,/mnt/ubna_data_01_mir/recover-20220825/UBNA_002/20220823_033000.WAV,Telephone Field,recover-20220825,002,1795
426.1675,426.2059,68437,81449,Rhinolophus ferrumequinum,0.022,0.022,-1,Echolocation,/mnt/ubna_data_01_mir/recover-20220825/UBNA_002/20220823_033000.WAV,Telephone Field,recover-20220825,002,1795
426.2045,426.2433,68437,82047,Rhinolophus ferrumequinum,0.022,0.022,-1,Echolocation,/mnt/ubna_data_01_mir/recover-20220825/UBNA_002/20220823_033000.WAV,Telephone Field,recover-20220825,002,1795
426.2145,426.2527,68437,82262,Rhinolophus ferrumequinum,0.021,0.021,-1,Echolocation,/mnt/ubna_data_01_mir/recover-20220825/UBNA_002/20220823_033000.WAV,Telephone Field,recover-20220825,002,1795
426.2305,426.2672,68437,81593,Rhinolophus ferrumequinum,0.022,0.022,-1,Echolocation,/mnt/ubna_data_01_mir/recover-20220825/UBNA_002/20220823_033000.WAV,Telephone Field,recover-20220825,002,1795
426.2665,426.3054,68437,82203,Rhinolophus ferrumequinum,0.021,0.021,-1,Echolocation,/mnt/ubna_data_01_mir/recover-20220825/UBNA_002/20220823_033000.WAV,Telephone Field,recover-20220825,002,1795
426.2905,426.3291,68437,81916,Rhinolophus ferrumequinum,0.023,0.023,-1,Echolocation,/mnt/ubna_data_01_mir/recover-20220825/UBNA_002/20220823_033000.WAV,Telephone Field,recover-20220825,002,1795
426.3035,426.3419,68437,82072,Rhinolophus ferrumequinum,0.022,0.023,-1,Echolocation,/mnt/ubna_data_01_mir/recover-20220825/UBNA_002/20220823_033000.WAV,Telephone Field,recover-20220825,002,1795
426.3355,426.3432,23750,32465,Plecotus austriacus,0.009,0.023,-1,Echolocation,/mnt/ubna_data_01_mir/recover-20220825/UBNA_002/20220823_033000.WAV,Telephone Field,recover-20220825,002,1795
426.3485,426.3874,68437,82275,Rhinolophus ferrumequinum,0.037,0.037,-1,Echolocation,/mnt/ubna_data_01_mir/recover-20220825/UBNA_002/20220823_033000.WAV,Telephone Field,recover-20220825,002,1795
426.3665,426.4121,68437,83352,Rhinolophus ferrumequinum,0.038,0.038,-1,Echolocation,/mnt/ubna_data_01_mir/recover-20220825/UBNA_002/20220823_033000.WAV,Telephone Field,recover-20220825,002,1795
426.4125,426.4217,28046,37690,Eptesicus serotinus,0.008,0.022,-1,Echolocation,/mnt/ubna_data_01_mir/recover-20220825/UBNA_002/20220823_033000.WAV,Telephone Field,recover-20220825,002,1795
426.4225,426.4635,68437,82946,Rhinolophus ferrumequinum,0.024,0.024,-1,Echolocation,/mnt/ubna_data_01_mir/recover-20220825/UBNA_002/20220823_033000.WAV,Telephone Field,recover-20220825,002,1795
426.4405,426.4785,68437,82214,Rhinolophus ferrumequinum,0.023,0.023,-1,Echolocation,/mnt/ubna_data_01_mir/recover-20220825/UBNA_002/20220823_033000.WAV,Telephone Field,recover-20220825,002,1795
426.4575,426.4997,68437,83039,Rhinolophus ferrumequinum,0.022,0.022,-1,Echolocation,/mnt/ubna_data_01_mir/recover-20220825/UBNA_002/20220823_033000.WAV,Telephone Field,recover-20220825,002,1795
426.5075,426.5466,68437,82314,Rhinolophus ferrumequinum,0.021,0.021,-1,Echolocation,/mnt/ubna_data_01_mir/recover-20220825/UBNA_002/20220823_033000.WAV,Telephone Field,recover-20220825,002,1795
426.5225,426.5619,68437,82040,Rhinolophus ferrumequinum,0.021,0.021,-1,Echolocation,/mnt/ubna_data_01_mir/recover-20220825/UBNA_002/20220823_033000.WAV,Telephone Field,recover-20220825,002,1795
426.5395,426.5748,68437,81497,Rhinolophus ferrumequinum,0.021,0.021,-1,Echolocation,/mnt/ubna_data_01_mir/recover-20220825/UBNA_002/20220823_033000.WAV,Telephone Field,recover-20220825,002,1795
426.5635,426.6051,68437,82315,Rhinolophus ferrumequinum,0.025,0.025,-1,Echolocation,/mnt/ubna_data_01_mir/recover-20220825/UBNA_002/20220823_033000.WAV,Telephone Field,recover-20220825,002,1795
426.5845,426.6026,16015,21047,Nyctalus noctula,0.017,0.023,-1,Echolocation,/mnt/ubna_data_01_mir/recover-20220825/UBNA_002/20220823_033000.WAV,Telephone Field,recover-20220825,002,1795
426.6955,426.7029,26328,35295,Eptesicus serotinus,0.008,0.024,-1,Echolocation,/mnt/ubna_data_01_mir/recover-20220825/UBNA_002/20220823_033000.WAV,Telephone Field,recover-20220825,002,1795
426.7275,426.7611,68437,81307,Rhinolophus ferrumequinum,0.024,0.024,-1,Echolocation,/mnt/ubna_data_01_mir/recover-20220825/UBNA_002/20220823_033000.WAV,Telephone Field,recover-20220825,002,1795
426.7465,426.7885,68437,82482,Rhinolophus ferrumequinum,0.023,0.023,-1,Echolocation,/mnt/ubna_data_01_mir/recover-20220825/UBNA_002/20220823_033000.WAV,Telephone Field,recover-20220825,002,1795
426.8205,426.8305,28906,35760,Eptesicus serotinus,0.012,0.026,-1,Echolocation,/mnt/ubna_data_01_mir/recover-20220825/UBNA_002/20220823_033000.WAV,Telephone Field,recover-20220825,002,1795
426.8305,426.8702,68437,81678,Rhinolophus ferrumequinum,0.021,0.021,-1,Echolocation,/mnt/ubna_data_01_mir/recover-20220825/UBNA_002/20220823_033000.WAV,Telephone Field,recover-20220825,002,1795
426.8555,426.8954,68437,82410,Rhinolophus ferrumequinum,0.021,0.021,-1,Echolocation,/mnt/ubna_data_01_mir/recover-20220825/UBNA_002/20220823_033000.WAV,Telephone Field,recover-20220825,002,1795
426.8725,426.8818,26328,36081,Eptesicus serotinus,0.009,0.022,-1,Echolocation,/mnt/ubna_data_01_mir/recover-20220825/UBNA_002/20220823_033000.WAV,Telephone Field,recover-20220825,002,1795
426.9135,426.95,68437,80377,Rhinolophus ferrumequinum,0.035,0.035,-1,Echolocation,/mnt/ubna_data_01_mir/recover-20220825/UBNA_002/20220823_033000.WAV,Telephone Field,recover-20220825,002,1795
426.9185,426.9313,33203,37734,Pipistrellus nathusii,0.008,0.027,-1,Echolocation,/mnt/ubna_data_01_mir/recover-20220825/UBNA_002/20220823_033000.WAV,Telephone Field,recover-20220825,002,1795
426.9345,426.9732,68437,82074,Rhinolophus ferrumequinum,0.022,0.022,-1,Echolocation,/mnt/ubna_data_01_mir/recover-20220825/UBNA_002/20220823_033000.WAV,Telephone Field,recover-20220825,002,1795
426.9485,426.9575,22890,29413,Nyctalus leisleri,0.008,0.021,-1,Echolocation,/mnt/ubna_data_01_mir/recover-20220825/UBNA_002/20220823_033000.WAV,Telephone Field,recover-20220825,002,1795
426.9795,427.0021,18593,21274,Nyctalus noctula,0.021,0.038,-1,Echolocation,/mnt/ubna_data_01_mir/recover-20220825/UBNA_002/20220823_033000.WAV,Telephone Field,recover-20220825,002,1795
427.0095,427.0517,68437,83162,Rhinolophus ferrumequinum,0.037,0.037,-1,Echolocation,/mnt/ubna_data_01_mir/recover-20220825/UBNA_002/20220823_033000.WAV,Telephone Field,recover-20220825,002,1795
427.0255,427.0636,68437,82474,Rhinolophus ferrumequinum,0.021,0.021,-1,Echolocation,/mnt/ubna_data_01_mir/recover-20220825/UBNA_002/20220823_033000.WAV,Telephone Field,recover-20220825,002,1795
427.0425,427.0541,36640,41666,Pipistrellus nathusii,0.022,0.042,-1,Echolocation,/mnt/ubna_data_01_mir/recover-20220825/UBNA_002/20220823_033000.WAV,Telephone Field,recover-20220825,002,1795
427.0955,427.1335,68437,81425,Rhinolophus ferrumequinum,0.025,0.025,-1,Echolocation,/mnt/ubna_data_01_mir/recover-20220825/UBNA_002/20220823_033000.WAV,Telephone Field,recover-20220825,002,1795
427.1765,427.2186,68437,82519,Rhinolophus ferrumequinum,0.023,0.023,-1,Echolocation,/mnt/ubna_data_01_mir/recover-20220825/UBNA_002/20220823_033000.WAV,Telephone Field,recover-20220825,002,1795
427.2115,427.2508,68437,82572,Rhinolophus ferrumequinum,0.024,0.024,-1,Echolocation,/mnt/ubna_data_01_mir/recover-20220825/UBNA_002/20220823_033000.WAV,Telephone Field,recover-20220825,002,1795
427.2385,427.2474,25468,33692,Eptesicus serotinus,0.009,0.021,-1,Echolocation,/mnt/ubna_data_01_mir/recover-20220825/UBNA_002/20220823_033000.WAV,Telephone Field,recover-20220825,002,1795
427.2475,427.2859,68437,81910,Rhinolophus ferrumequinum,0.024,0.024,-1,Echolocation,/mnt/ubna_data_01_mir/recover-20220825/UBNA_002/20220823_033000.WAV,Telephone Field,recover-20220825,002,1795
427.2645,427.2718,28046,41795,Eptesicus serotinus,0.007,0.021,-1,Echolocation,/mnt/ubna_data_01_mir/recover-20220825/UBNA_002/20220823_033000.WAV,Telephone Field,recover-20220825,002,1795
427.2815,427.3203,68437,82251,Rhinolophus ferrumequinum,0.021,0.022,-1,Echolocation,/mnt/ubna_data_01_mir/recover-20220825/UBNA_002/20220823_033000.WAV,Telephone Field,recover-20220825,002,1795
427.2835,427.2914,28046,42160,Eptesicus serotinus,0.008,0.021,-1,Echolocation,/mnt/ubna_data_01_mir/recover-20220825/UBNA_002/20220823_033000.WAV,Telephone Field,recover-20220825,002,1795
427.2945,427.3042,28046,36311,Eptesicus serotinus,0.01,0.021,-1,Echolocation,/mnt/ubna_data_01_mir/recover-20220825/UBNA_002/20220823_033000.WAV,Telephone Field,recover-20220825,002,1795
427.3055,427.3449,68437,81990,Rhinolophus ferrumequinum,0.021,0.021,-1,Echolocation,/mnt/ubna_data_01_mir/recover-20220825/UBNA_002/20220823_033000.WAV,Telephone Field,recover-20220825,002,1795
427.3405,427.3815,68437,82882,Rhinolophus ferrumequinum,0.025,0.025,-1,Echolocation,/mnt/ubna_data_01_mir/recover-20220825/UBNA_002/20220823_033000.WAV,Telephone Field,recover-20220825,002,1795
427.3625,427.4017,68437,81680,Rhinolophus ferrumequinum,0.025,0.025,-1,Echolocation,/mnt/ubna_data_01_mir/recover-20220825/UBNA_002/20220823_033000.WAV,Telephone Field,recover-20220825,002,1795
427.4005,427.4381,68437,81979,Rhinolophus ferrumequinum,0.02,0.021,-1,Echolocation,/mnt/ubna_data_01_mir/recover-20220825/UBNA_002/20220823_033000.WAV,Telephone Field,recover-20220825,002,1795
427.4105,427.4487,68437,82114,Rhinolophus ferrumequinum,0.022,0.022,-1,Echolocation,/mnt/ubna_data_01_mir/recover-20220825/UBNA_002/20220823_033000.WAV,Telephone Field,recover-20220825,002,1795
427.4185,427.4285,22890,29071,Nyctalus leisleri,0.009,0.024,-1,Echolocation,/mnt/ubna_data_01_mir/recover-20220825/UBNA_002/20220823_033000.WAV,Telephone Field,recover-20220825,002,1795
427.4425,427.4817,68437,82265,Rhinolophus ferrumequinum,0.023,0.023,-1,Echolocation,/mnt/ubna_data_01_mir/recover-20220825/UBNA_002/20220823_033000.WAV,Telephone Field,recover-20220825,002,1795
427.4485,427.4857,68437,81671,Rhinolophus ferrumequinum,0.023,0.023,-1,Echolocation,/mnt/ubna_data_01_mir/recover-20220825/UBNA_002/20220823_033000.WAV,Telephone Field,recover-20220825,002,1795
427.4675,427.4749,27187,39375,Eptesicus serotinus,0.008,0.023,-1,Echolocation,/mnt/ubna_data_01_mir/recover-20220825/UBNA_002/20220823_033000.WAV,Telephone Field,recover-20220825,002,1795
427.4765,427.5116,68437,81940,Rhinolophus ferrumequinum,0.022,0.022,-1,Echolocation,/mnt/ubna_data_01_mir/recover-20220825/UBNA_002/20220823_033000.WAV,Telephone Field,recover-20220825,002,1795
427.4815,427.5181,68437,82035,Rhinolophus ferrumequinum,0.023,0.023,-1,Echolocation,/mnt/ubna_data_01_mir/recover-20220825/UBNA_002/20220823_033000.WAV,Telephone Field,recover-20220825,002,1795
427.5395,427.5801,68437,82243,Rhinolophus ferrumequinum,0.022,0.022,-1,Echolocation,/mnt/ubna_data_01_mir/recover-20220825/UBNA_002/20220823_033000.WAV,Telephone Field,recover-20220825,002,1795
427.5455,427.5852,68437,82013,Rhinolophus ferrumequinum,0.022,0.022,-1,Echolocation,/mnt/ubna_data_01_mir/recover-20220825/UBNA_002/20220823_033000.WAV,Telephone Field,recover-20220825,002,1795
427.5575,427.5688,22890,28051,Nyctalus leisleri,0.011,0.022,-1,Echolocation,/mnt/ubna_data_01_mir/recover-20220825/UBNA_002/20220823_033000.WAV,Telephone Field,recover-20220825,002,1795
427.5965,427.636,68437,82549,Rhinolophus ferrumequinum,0.024,0.024,-1,Echolocation,/mnt/ubna_data_01_mir/recover-20220825/UBNA_002/20220823_033000.WAV,Telephone Field,recover-20220825,002,1795
427.6005,427.6098,28906,37652,Eptesicus serotinus,0.008,0.023,-1,Echolocation,/mnt/ubna_data_01_mir/recover-20220825/UBNA_002/20220823_033000.WAV,Telephone Field,recover-20220825,002,1795
427.6295,427.6709,68437,82259,Rhinolophus ferrumequinum,0.025,0.025,-1,Echolocation,/mnt/ubna_data_01_mir/recover-20220825/UBNA_002/20220823_033000.WAV,Telephone Field,recover-20220825,002,1795
427.6635,427.6743,23750,30391,Eptesicus serotinus,0.01,0.028,-1,Echolocation,/mnt/ubna_data_01_mir/recover-20220825/UBNA_002/20220823_033000.WAV,Telephone Field,recover-20220825,002,1795
427.6935,427.7362,68437,83253,Rhinolophus ferrumequinum,0.037,0.037,-1,Echolocation,/mnt/ubna_data_01_mir/recover-20220825/UBNA_002/20220823_033000.WAV,Telephone Field,recover-20220825,002,1795
427.7205,427.7302,25468,34499,Eptesicus serotinus,0.009,0.021,-1,Echolocation,/mnt/ubna_data_01_mir/recover-20220825/UBNA_002/20220823_033000.WAV,Telephone Field,recover-20220825,002,1795
427.7245,427.7621,68437,82374,Rhinolophus ferrumequinum,0.025,0.025,-1,Echolocation,/mnt/ubna_data_01_mir/recover-20220825/UBNA_002/20220823_033000.WAV,Telephone Field,recover-20220825,002,1795
427.7645,427.8014,68437,81967,Rhinolophus ferrumequinum,0.021,0.021,-1,Echolocation,/mnt/ubna_data_01_mir/recover-20220825/UBNA_002/20220823_033000.WAV,Telephone Field,recover-20220825,002,1795
427.7925,427.8319,68437,81990,Rhinolophus ferrumequinum,0.024,0.025,-1,Echolocation,/mnt/ubna_data_01_mir/recover-20220825/UBNA_002/20220823_033000.WAV,Telephone Field,recover-20220825,002,1795
427.7995,427.8412,68437,82781,Rhinolophus ferrumequinum,0.025,0.025,-1,Echolocation,/mnt/ubna_data_01_mir/recover-20220825/UBNA_002/20220823_033000.WAV,Telephone Field,recover-20220825,002,1795
427.8455,427.8832,68437,81793,Rhinolophus ferrumequinum,0.023,0.023,-1,Echolocation,/mnt/ubna_data_01_mir/recover-20220825/UBNA_002/20220823_033000.WAV,Telephone Field,recover-20220825,002,1795
427.8705,427.912,68437,82605,Rhinolophus ferrumequinum,0.024,0.024,-1,Echolocation,/mnt/ubna_data_01_mir/recover-20220825/UBNA_002/20220823_033000.WAV,Telephone Field,recover-20220825,002,1795
427.8955,427.9152,15156,18403,Nyctalus noctula,0.022,0.034,-1,Echolocation,/mnt/ubna_data_01_mir/recover-20220825/UBNA_002/20220823_033000.WAV,Telephone Field,recover-20220825,002,1795
427.8995,427.9412,68437,83105,Rhinolophus ferrumequinum,0.024,0.024,-1,Echolocation,/mnt/ubna_data_01_mir/recover-20220825/UBNA_002/20220823_033000.WAV,Telephone Field,recover-20220825,002,1795
427.9115,427.9207,28046,36209,Eptesicus serotinus,0.011,0.024,-1,Echolocation,/mnt/ubna_data_01_mir/recover-20220825/UBNA_002/20220823_033000.WAV,Telephone Field,recover-20220825,002,1795
427.9345,427.9755,68437,82188,Rhinolophus ferrumequinum,0.024,0.024,-1,Echolocation,/mnt/ubna_data_01_mir/recover-20220825/UBNA_002/20220823_033000.WAV,Telephone Field,recover-20220825,002,1795
427.9425,427.981,68437,82127,Rhinolophus ferrumequinum,0.021,0.022,-1,Echolocation,/mnt/ubna_data_01_mir/recover-20220825/UBNA_002/20220823_033000.WAV,Telephone Field,recover-20220825,002,1795
427.9505,427.9831,68437,80923,Rhinolophus ferrumequinum,0.021,0.021,-1,Echolocation,/mnt/ubna_data_01_mir/recover-20220825/UBNA_002/20220823_033000.WAV,Telephone Field,recover-20220825,002,1795
427.9845,427.9946,28046,38001,Eptesicus serotinus,0.009,0.021,-1,Echolocation,/mnt/ubna_data_01_mir/recover-20220825/UBNA_002/20220823_033000.WAV,Telephone Field,recover-20220825,002,1795
428.0015,428.0355,68437,80582,Rhinolophus ferrumequinum,0.075,0.076,-1,Echolocation,/mnt/ubna_data_01_mir/recover-20220825/UBNA_002/20220823_033000.WAV,Telephone Field,recover-20220825,002,1795
428.0015,428.01,39218,45471,Pipistrellus nathusii,0.01,0.026,-1,Echolocation,/mnt/ubna_data_01_mir/recover-20220825/UBNA_002/20220823_033000.WAV,Telephone Field,recover-20220825,002,1795
428.0015,428.0114,20312,25735,Nyctalus leisleri,0.011,0.03,-1,Echolocation,/mnt/ubna_data_01_mir/recover-20220825/UBNA_002/20220823_033000.WAV,Telephone Field,recover-20220825,002,1795
428.0015,428.0104,26328,33250,Nyctalus leisleri,0.011,0.031,-1,Echolocation,/mnt/ubna_data_01_mir/recover-20220825/UBNA_002/20220823_033000.WAV,Telephone Field,recover-20220825,002,1795
428.0275,428.0347,28046,46470,Eptesicus serotinus,0.006,0.021,-1,Echolocation,/mnt/ubna_data_01_mir/recover-20220825/UBNA_002/20220823_033000.WAV,Telephone Field,recover-20220825,002,1795
428.0555,428.0635,26328,35523,Eptesicus serotinus,0.008,0.021,-1,Echolocation,/mnt/ubna_data_01_mir/recover-20220825/UBNA_002/20220823_033000.WAV,Telephone Field,recover-20220825,002,1795
428.0645,428.074,28046,35803,Eptesicus serotinus,0.012,0.023,-1,Echolocation,/mnt/ubna_data_01_mir/recover-20220825/UBNA_002/20220823_033000.WAV,Telephone Field,recover-20220825,002,1795
428.0705,428.1069,68437,81457,Rhinolophus ferrumequinum,0.02,0.02,-1,Echolocation,/mnt/ubna_data_01_mir/recover-20220825/UBNA_002/20220823_033000.WAV,Telephone Field,recover-20220825,002,1795
428.1035,428.1423,68437,82299,Rhinolophus ferrumequinum,0.022,0.022,-1,Echolocation,/mnt/ubna_data_01_mir/recover-20220825/UBNA_002/20220823_033000.WAV,Telephone Field,recover-20220825,002,1795
428.1475,428.1873,68437,82033,Rhinolophus ferrumequinum,0.024,0.024,-1,Echolocation,/mnt/ubna_data_01_mir/recover-20220825/UBNA_002/20220823_033000.WAV,Telephone Field,recover-20220825,002,1795
428.1685,428.2081,68437,82053,Rhinolophus ferrumequinum,0.024,0.024,-1,Echolocation,/mnt/ubna_data_01_mir/recover-20220825/UBNA_002/20220823_033000.WAV,Telephone Field,recover-20220825,002,1795
428.2185,428.2557,68437,81934,Rhinolophus ferrumequinum,0.023,0.023,-1,Echolocation,/mnt/ubna_data_01_mir/recover-20220825/UBNA_002/20220823_033000.WAV,Telephone Field,recover-20220825,002,1795
428.2395,428.2788,68437,81925,Rhinolophus ferrumequinum,0.03,0.03,-1,Echolocation,/mnt/ubna_data_01_mir/recover-20220825/UBNA_002/20220823_033000.WAV,Telephone Field,recover-20220825,002,1795
428.2735,428.2843,42656,46040,Pipistrellus pipistrellus,0.022,0.027,-1,Echolocation,/mnt/ubna_data_01_mir/recover-20220825/UBNA_002/20220823_033000.WAV,Telephone Field,recover-20220825,002,1795
428.2775,428.2883,22890,27974,Nyctalus leisleri,0.01,0.021,-1,Echolocation,/mnt/ubna_data_01_mir/recover-20220825/UBNA_002/20220823_033000.WAV,Telephone Field,recover-20220825,002,1795
428.2865,428.3291,68437,83157,Rhinolophus ferrumequinum,0.028,0.028,-1,Echolocation,/mnt/ubna_data_01_mir/recover-20220825/UBNA_002/20220823_033000.WAV,Telephone Field,recover-20220825,002,1795
428.2925,428.3003,50390,55407,Pipistrellus pipistrellus,0.021,0.023,-1,Echolocation,/mnt/ubna_data_01_mir/recover-20220825/UBNA_002/20220823_033000.WAV,Telephone Field,recover-20220825,002,1795
428.3125,428.34929999999997,68437,81396,Rhinolophus ferrumequinum,0.022,0.022,-1,Echolocation,/mnt/ubna_data_01_mir/recover-20220825/UBNA_002/20220823_033000.WAV,Telephone Field,recover-20220825,002,1795
428.3555,428.3941,68437,82309,Rhinolophus ferrumequinum,0.023,0.023,-1,Echolocation,/mnt/ubna_data_01_mir/recover-20220825/UBNA_002/20220823_033000.WAV,Telephone Field,recover-20220825,002,1795
428.3685,428.4068,68437,81635,Rhinolophus ferrumequinum,0.021,0.022,-1,Echolocation,/mnt/ubna_data_01_mir/recover-20220825/UBNA_002/20220823_033000.WAV,Telephone Field,recover-20220825,002,1795
428.3765,428.41610000000003,68437,82484,Rhinolophus ferrumequinum,0.024,0.024,-1,Echolocation,/mnt/ubna_data_01_mir/recover-20220825/UBNA_002/20220823_033000.WAV,Telephone Field,recover-20220825,002,1795
428.3775,428.3874,22890,28830,Nyctalus leisleri,0.008,0.021,-1,Echolocation,/mnt/ubna_data_01_mir/recover-20220825/UBNA_002/20220823_033000.WAV,Telephone Field,recover-20220825,002,1795
428.4085,428.4473,68437,82314,Rhinolophus ferrumequinum,0.023,0.023,-1,Echolocation,/mnt/ubna_data_01_mir/recover-20220825/UBNA_002/20220823_033000.WAV,Telephone Field,recover-20220825,002,1795
428.4155,428.4548,68437,82208,Rhinolophus ferrumequinum,0.023,0.023,-1,Echolocation,/mnt/ubna_data_01_mir/recover-20220825/UBNA_002/20220823_033000.WAV,Telephone Field,recover-20220825,002,1795
428.4345,428.4706,68437,81509,Rhinolophus ferrumequinum,0.022,0.022,-1,Echolocation,/mnt/ubna_data_01_mir/recover-20220825/UBNA_002/20220823_033000.WAV,Telephone Field,recover-20220825,002,1795
428.4815,428.519,68437,81606,Rhinolophus ferrumequinum,0.021,0.021,-1,Echolocation,/mnt/ubna_data_01_mir/recover-20220825/UBNA_002/20220823_033000.WAV,Telephone Field,recover-20220825,002,1795
428.5115,428.5226,22890,27947,Nyctalus leisleri,0.012,0.026,-1,Echolocation,/mnt/ubna_data_01_mir/recover-20220825/UBNA_002/20220823_033000.WAV,Telephone Field,recover-20220825,002,1795
428.5325,428.5683,68437,82188,Rhinolophus ferrumequinum,0.023,0.023,-1,Echolocation,/mnt/ubna_data_01_mir/recover-20220825/UBNA_002/20220823_033000.WAV,Telephone Field,recover-20220825,002,1795
428.5405,428.5769,68437,81657,Rhinolophus ferrumequinum,0.021,0.021,-1,Echolocation,/mnt/ubna_data_01_mir/recover-20220825/UBNA_002/20220823_033000.WAV,Telephone Field,recover-20220825,002,1795
428.5485,428.5852,68437,81714,Rhinolophus ferrumequinum,0.021,0.021,-1,Echolocation,/mnt/ubna_data_01_mir/recover-20220825/UBNA_002/20220823_033000.WAV,Telephone Field,recover-20220825,002,1795
428.5765,428.5978,18593,22218,Nyctalus noctula,0.016,0.027,-1,Echolocation,/mnt/ubna_data_01_mir/recover-20220825/UBNA_002/20220823_033000.WAV,Telephone Field,recover-20220825,002,1795
428.5865,428.5973,15156,20760,Nyctalus noctula,0.013,0.023,-1,Echolocation,/mnt/ubna_data_01_mir/recover-20220825/UBNA_002/20220823_033000.WAV,Telephone Field,recover-20220825,002,1795
428.5965,428.6058,24609,31785,Nyctalus leisleri,0.007,0.021,-1,Echolocation,/mnt/ubna_data_01_mir/recover-20220825/UBNA_002/20220823_033000.WAV,Telephone Field,recover-20220825,002,1795
428.5985,428.6357,68437,82008,Rhinolophus ferrumequinum,0.027,0.027,-1,Echolocation,/mnt/ubna_data_01_mir/recover-20220825/UBNA_002/20220823_033000.WAV,Telephone Field,recover-20220825,002,1795
428.6295,428.6746,68437,82739,Rhinolophus ferrumequinum,0.077,0.077,-1,Echolocation,/mnt/ubna_data_01_mir/recover-20220825/UBNA_002/20220823_033000.WAV,Telephone Field,recover-20220825,002,1795
428.6465,428.6845,68437,82161,Rhinolophus ferrumequinum,0.023,0.023,-1,Echolocation,/mnt/ubna_data_01_mir/recover-20220825/UBNA_002/20220823_033000.WAV,Telephone Field,recover-20220825,002,1795
428.7035,428.7436,68437,82316,Rhinolophus ferrumequinum,0.026,0.026,-1,Echolocation,/mnt/ubna_data_01_mir/recover-20220825/UBNA_002/20220823_033000.WAV,Telephone Field,recover-20220825,002,1795
428.7325,428.7404,26328,38415,Eptesicus serotinus,0.007,0.022,-1,Echolocation,/mnt/ubna_data_01_mir/recover-20220825/UBNA_002/20220823_033000.WAV,Telephone Field,recover-20220825,002,1795
428.7355,428.7445,38359,44492,Pipistrellus nathusii,0.007,0.021,-1,Echolocation,/mnt/ubna_data_01_mir/recover-20220825/UBNA_002/20220823_033000.WAV,Telephone Field,recover-20220825,002,1795
428.7505,428.79,68437,82359,Rhinolophus ferrumequinum,0.024,0.024,-1,Echolocation,/mnt/ubna_data_01_mir/recover-20220825/UBNA_002/20220823_033000.WAV,Telephone Field,recover-20220825,002,1795
428.7555,428.7663,22890,28629,Nyctalus leisleri,0.015,0.038,-1,Echolocation,/mnt/ubna_data_01_mir/recover-20220825/UBNA_002/20220823_033000.WAV,Telephone Field,recover-20220825,002,1795
428.7785,428.7882,25468,33109,Eptesicus serotinus,0.008,0.02,-1,Echolocation,/mnt/ubna_data_01_mir/recover-20220825/UBNA_002/20220823_033000.WAV,Telephone Field,recover-20220825,002,1795
428.7825,428.8179,68437,81419,Rhinolophus ferrumequinum,0.021,0.021,-1,Echolocation,/mnt/ubna_data_01_mir/recover-20220825/UBNA_002/20220823_033000.WAV,Telephone Field,recover-20220825,002,1795
428.7965,428.8097,22890,27234,Nyctalus leisleri,0.02,0.036,-1,Echolocation,/mnt/ubna_data_01_mir/recover-20220825/UBNA_002/20220823_033000.WAV,Telephone Field,recover-20220825,002,1795
428.8155,428.8521,68437,80937,Rhinolophus ferrumequinum,0.023,0.024,-1,Echolocation,/mnt/ubna_data_01_mir/recover-20220825/UBNA_002/20220823_033000.WAV,Telephone Field,recover-20220825,002,1795
428.8235,428.8311,23750,32812,Plecotus austriacus,0.019,0.05,-1,Echolocation,/mnt/ubna_data_01_mir/recover-20220825/UBNA_002/20220823_033000.WAV,Telephone Field,recover-20220825,002,1795
428.8315,428.8696,68437,81961,Rhinolophus ferrumequinum,0.021,0.021,-1,Echolocation,/mnt/ubna_data_01_mir/recover-20220825/UBNA_002/20220823_033000.WAV,Telephone Field,recover-20220825,002,1795
428.8465,428.8552,23750,31303,Plecotus austriacus,0.006,0.023,-1,Echolocation,/mnt/ubna_data_01_mir/recover-20220825/UBNA_002/20220823_033000.WAV,Telephone Field,recover-20220825,002,1795
428.8625,428.872,28046,36169,Eptesicus serotinus,0.009,0.023,-1,Echolocation,/mnt/ubna_data_01_mir/recover-20220825/UBNA_002/20220823_033000.WAV,Telephone Field,recover-20220825,002,1795
428.8715,428.9112,68437,81848,Rhinolophus ferrumequinum,0.024,0.024,-1,Echolocation,/mnt/ubna_data_01_mir/recover-20220825/UBNA_002/20220823_033000.WAV,Telephone Field,recover-20220825,002,1795
428.9035,428.9106,24609,33041,Plecotus austriacus,0.007,0.021,-1,Echolocation,/mnt/ubna_data_01_mir/recover-20220825/UBNA_002/20220823_033000.WAV,Telephone Field,recover-20220825,002,1795
428.9115,428.9488,68437,81586,Rhinolophus ferrumequinum,0.032,0.032,-1,Echolocation,/mnt/ubna_data_01_mir/recover-20220825/UBNA_002/20220823_033000.WAV,Telephone Field,recover-20220825,002,1795
428.9585,428.9997,68437,82329,Rhinolophus ferrumequinum,0.024,0.024,-1,Echolocation,/mnt/ubna_data_01_mir/recover-20220825/UBNA_002/20220823_033000.WAV,Telephone Field,recover-20220825,002,1795
428.9665,429.0051,68437,81790,Rhinolophus ferrumequinum,0.023,0.023,-1,Echolocation,/mnt/ubna_data_01_mir/recover-20220825/UBNA_002/20220823_033000.WAV,Telephone Field,recover-20220825,002,1795
428.9805,428.9863,48671,55739,Pipistrellus pipistrellus,0.03,0.033,-1,Echolocation,/mnt/ubna_data_01_mir/recover-20220825/UBNA_002/20220823_033000.WAV,Telephone Field,recover-20220825,002,1795
429.0095,429.0476,68437,81861,Rhinolophus ferrumequinum,0.022,0.022,-1,Echolocation,/mnt/ubna_data_01_mir/recover-20220825/UBNA_002/20220823_033000.WAV,Telephone Field,recover-20220825,002,1795
429.0425,429.0819,68437,82610,Rhinolophus ferrumequinum,0.024,0.024,-1,Echolocation,/mnt/ubna_data_01_mir/recover-20220825/UBNA_002/20220823_033000.WAV,Telephone Field,recover-20220825,002,1795
429.0525,429.0625,28906,37672,Eptesicus serotinus,0.009,0.021,-1,Echolocation,/mnt/ubna_data_01_mir/recover-20220825/UBNA_002/20220823_033000.WAV,Telephone Field,recover-20220825,002,1795
429.0725,429.1092,68437,81464,Rhinolophus ferrumequinum,0.024,0.024,-1,Echolocation,/mnt/ubna_data_01_mir/recover-20220825/UBNA_002/20220823_033000.WAV,Telephone Field,recover-20220825,002,1795
429.0725,429.083,23750,30465,Nyctalus leisleri,0.011,0.029,-1,Echolocation,/mnt/ubna_data_01_mir/recover-20220825/UBNA_002/20220823_033000.WAV,Telephone Field,recover-20220825,002,1795
429.1055,429.1426,68437,81431,Rhinolophus ferrumequinum,0.022,0.022,-1,Echolocation,/mnt/ubna_data_01_mir/recover-20220825/UBNA_002/20220823_033000.WAV,Telephone Field,recover-20220825,002,1795
429.1415,429.1789,68437,81381,Rhinolophus ferrumequinum,0.02,0.021,-1,Echolocation,/mnt/ubna_data_01_mir/recover-20220825/UBNA_002/20220823_033000.WAV,Telephone Field,recover-20220825,002,1795
429.1545,429.1912,68437,81716,Rhinolophus ferrumequinum,0.021,0.021,-1,Echolocation,/mnt/ubna_data_01_mir/recover-20220825/UBNA_002/20220823_033000.WAV,Telephone Field,recover-20220825,002,1795
429.1625,429.1981,68437,81220,Rhinolophus ferrumequinum,0.02,0.02,-1,Echolocation,/mnt/ubna_data_01_mir/recover-20220825/UBNA_002/20220823_033000.WAV,Telephone Field,recover-20220825,002,1795
429.1965,429.2383,68437,82887,Rhinolophus ferrumequinum,0.03,0.03,-1,Echolocation,/mnt/ubna_data_01_mir/recover-20220825/UBNA_002/20220823_033000.WAV,Telephone Field,recover-20220825,002,1795
429.2405,429.2498,28046,39246,Eptesicus serotinus,0.009,0.023,-1,Echolocation,/mnt/ubna_data_01_mir/recover-20220825/UBNA_002/20220823_033000.WAV,Telephone Field,recover-20220825,002,1795
429.2725,429.3091,68437,82442,Rhinolophus ferrumequinum,0.02,0.02,-1,Echolocation,/mnt/ubna_data_01_mir/recover-20220825/UBNA_002/20220823_033000.WAV,Telephone Field,recover-20220825,002,1795
429.3065,429.3422,68437,81729,Rhinolophus ferrumequinum,0.022,0.022,-1,Echolocation,/mnt/ubna_data_01_mir/recover-20220825/UBNA_002/20220823_033000.WAV,Telephone Field,recover-20220825,002,1795
429.3225,429.3336,22890,27620,Nyctalus leisleri,0.012,0.024,-1,Echolocation,/mnt/ubna_data_01_mir/recover-20220825/UBNA_002/20220823_033000.WAV,Telephone Field,recover-20220825,002,1795
429.3345,429.37,68437,81892,Rhinolophus ferrumequinum,0.021,0.021,-1,Echolocation,/mnt/ubna_data_01_mir/recover-20220825/UBNA_002/20220823_033000.WAV,Telephone Field,recover-20220825,002,1795
429.3645,429.4002,68437,81165,Rhinolophus ferrumequinum,0.023,0.023,-1,Echolocation,/mnt/ubna_data_01_mir/recover-20220825/UBNA_002/20220823_033000.WAV,Telephone Field,recover-20220825,002,1795
429.3645,429.3734,22890,30305,Plecotus austriacus,0.009,0.023,-1,Echolocation,/mnt/ubna_data_01_mir/recover-20220825/UBNA_002/20220823_033000.WAV,Telephone Field,recover-20220825,002,1795
429.3835,429.4251,68437,82785,Rhinolophus ferrumequinum,0.025,0.025,-1,Echolocation,/mnt/ubna_data_01_mir/recover-20220825/UBNA_002/20220823_033000.WAV,Telephone Field,recover-20220825,002,1795
429.4065,429.4429,68437,81494,Rhinolophus ferrumequinum,0.02,0.021,-1,Echolocation,/mnt/ubna_data_01_mir/recover-20220825/UBNA_002/20220823_033000.WAV,Telephone Field,recover-20220825,002,1795
429.4115,429.4222,23750,29416,Nyctalus leisleri,0.008,0.021,-1,Echolocation,/mnt/ubna_data_01_mir/recover-20220825/UBNA_002/20220823_033000.WAV,Telephone Field,recover-20220825,002,1795
429.4405,429.4782,68437,81807,Rhinolophus ferrumequinum,0.021,0.021,-1,Echolocation,/mnt/ubna_data_01_mir/recover-20220825/UBNA_002/20220823_033000.WAV,Telephone Field,recover-20220825,002,1795
429.4505,429.4909,68437,81992,Rhinolophus ferrumequinum,0.025,0.025,-1,Echolocation,/mnt/ubna_data_01_mir/recover-20220825/UBNA_002/20220823_033000.WAV,Telephone Field,recover-20220825,002,1795
429.4635,429.4978,68437,81443,Rhinolophus ferrumequinum,0.025,0.025,-1,Echolocation,/mnt/ubna_data_01_mir/recover-20220825/UBNA_002/20220823_033000.WAV,Telephone Field,recover-20220825,002,1795
429.4735,429.5106,68437,81463,Rhinolophus ferrumequinum,0.02,0.02,-1,Echolocation,/mnt/ubna_data_01_mir/recover-20220825/UBNA_002/20220823_033000.WAV,Telephone Field,recover-20220825,002,1795
429.4895,429.4996,27187,34504,Eptesicus serotinus,0.012,0.025,-1,Echolocation,/mnt/ubna_data_01_mir/recover-20220825/UBNA_002/20220823_033000.WAV,Telephone Field,recover-20220825,002,1795
429.4955,429.5346,68437,82322,Rhinolophus ferrumequinum,0.022,0.022,-1,Echolocation,/mnt/ubna_data_01_mir/recover-20220825/UBNA_002/20220823_033000.WAV,Telephone Field,recover-20220825,002,1795
429.5055,429.5159,22890,27915,Nyctalus leisleri,0.011,0.022,-1,Echolocation,/mnt/ubna_data_01_mir/recover-20220825/UBNA_002/20220823_033000.WAV,Telephone Field,recover-20220825,002,1795
429.5195,429.5535,68437,81119,Rhinolophus ferrumequinum,0.022,0.022,-1,Echolocation,/mnt/ubna_data_01_mir/recover-20220825/UBNA_002/20220823_033000.WAV,Telephone Field,recover-20220825,002,1795
429.5375,429.5767,68437,81898,Rhinolophus ferrumequinum,0.024,0.024,-1,Echolocation,/mnt/ubna_data_01_mir/recover-20220825/UBNA_002/20220823_033000.WAV,Telephone Field,recover-20220825,002,1795
429.5385,429.5501,28906,35607,Eptesicus serotinus,0.012,0.025,-1,Echolocation,/mnt/ubna_data_01_mir/recover-20220825/UBNA_002/20220823_033000.WAV,Telephone Field,recover-20220825,002,1795
429.5925,429.6019,28906,36637,Eptesicus serotinus,0.01,0.023,-1,Echolocation,/mnt/ubna_data_01_mir/recover-20220825/UBNA_002/20220823_033000.WAV,Telephone Field,recover-20220825,002,1795
429.6145,429.6527,68437,81509,Rhinolophus ferrumequinum,0.025,0.025,-1,Echolocation,/mnt/ubna_data_01_mir/recover-20220825/UBNA_002/20220823_033000.WAV,Telephone Field,recover-20220825,002,1795
429.6285,429.6371,27187,38245,Eptesicus serotinus,0.008,0.02,-1,Echolocation,/mnt/ubna_data_01_mir/recover-20220825/UBNA_002/20220823_033000.WAV,Telephone Field,recover-20220825,002,1795
429.6365,429.6721,68437,81694,Rhinolophus ferrumequinum,0.02,0.02,-1,Echolocation,/mnt/ubna_data_01_mir/recover-20220825/UBNA_002/20220823_033000.WAV,Telephone Field,recover-20220825,002,1795
429.6485,429.6843,68437,81585,Rhinolophus ferrumequinum,0.022,0.022,-1,Echolocation,/mnt/ubna_data_01_mir/recover-20220825/UBNA_002/20220823_033000.WAV,Telephone Field,recover-20220825,002,1795
429.6525,429.6632,23750,30624,Nyctalus leisleri,0.009,0.026,-1,Echolocation,/mnt/ubna_data_01_mir/recover-20220825/UBNA_002/20220823_033000.WAV,Telephone Field,recover-20220825,002,1795
429.6565,429.6923,68437,82059,Rhinolophus ferrumequinum,0.02,0.02,-1,Echolocation,/mnt/ubna_data_01_mir/recover-20220825/UBNA_002/20220823_033000.WAV,Telephone Field,recover-20220825,002,1795
429.6765,429.7158,68437,81913,Rhinolophus ferrumequinum,0.021,0.021,-1,Echolocation,/mnt/ubna_data_01_mir/recover-20220825/UBNA_002/20220823_033000.WAV,Telephone Field,recover-20220825,002,1795
429.6765,429.6849,27187,38672,Eptesicus serotinus,0.008,0.023,-1,Echolocation,/mnt/ubna_data_01_mir/recover-20220825/UBNA_002/20220823_033000.WAV,Telephone Field,recover-20220825,002,1795
429.6865,429.6959,28906,35805,Eptesicus serotinus,0.011,0.024,-1,Echolocation,/mnt/ubna_data_01_mir/recover-20220825/UBNA_002/20220823_033000.WAV,Telephone Field,recover-20220825,002,1795
429.7045,429.7138,27187,39172,Eptesicus serotinus,0.01,0.025,-1,Echolocation,/mnt/ubna_data_01_mir/recover-20220825/UBNA_002/20220823_033000.WAV,Telephone Field,recover-20220825,002,1795
429.7075,429.7483,68437,82745,Rhinolophus ferrumequinum,0.036,0.036,-1,Echolocation,/mnt/ubna_data_01_mir/recover-20220825/UBNA_002/20220823_033000.WAV,Telephone Field,recover-20220825,002,1795
429.7445,429.759,55546,60972,Pipistrellus pygmaeus,0.018,0.02,-1,Echolocation,/mnt/ubna_data_01_mir/recover-20220825/UBNA_002/20220823_033000.WAV,Telephone Field,recover-20220825,002,1795
429.7595,429.796,68437,81191,Rhinolophus ferrumequinum,0.021,0.021,-1,Echolocation,/mnt/ubna_data_01_mir/recover-20220825/UBNA_002/20220823_033000.WAV,Telephone Field,recover-20220825,002,1795
429.7925,429.8035,45234,48388,Pipistrellus pipistrellus,0.028,0.031,-1,Echolocation,/mnt/ubna_data_01_mir/recover-20220825/UBNA_002/20220823_033000.WAV,Telephone Field,recover-20220825,002,1795
429.8075,429.8218,19453,24119,Nyctalus noctula,0.016,0.036,-1,Echolocation,/mnt/ubna_data_01_mir/recover-20220825/UBNA_002/20220823_033000.WAV,Telephone Field,recover-20220825,002,1795
429.8135,429.8505,68437,82086,Rhinolophus ferrumequinum,0.02,0.02,-1,Echolocation,/mnt/ubna_data_01_mir/recover-20220825/UBNA_002/20220823_033000.WAV,Telephone Field,recover-20220825,002,1795
429.8605,429.8686,23750,32352,Plecotus austriacus,0.013,0.032,-1,Echolocation,/mnt/ubna_data_01_mir/recover-20220825/UBNA_002/20220823_033000.WAV,Telephone Field,recover-20220825,002,1795
429.8755,429.9144,68437,81745,Rhinolophus ferrumequinum,0.021,0.021,-1,Echolocation,/mnt/ubna_data_01_mir/recover-20220825/UBNA_002/20220823_033000.WAV,Telephone Field,recover-20220825,002,1795
429.8865,429.8958,15156,22943,Plecotus auritus,0.012,0.024,-1,Echolocation,/mnt/ubna_data_01_mir/recover-20220825/UBNA_002/20220823_033000.WAV,Telephone Field,recover-20220825,002,1795
429.8885,429.9023,20312,24444,Nyctalus noctula,0.009,0.023,-1,Echolocation,/mnt/ubna_data_01_mir/recover-20220825/UBNA_002/20220823_033000.WAV,Telephone Field,recover-20220825,002,1795
429.8925,429.9298,68437,82231,Rhinolophus ferrumequinum,0.022,0.022,-1,Echolocation,/mnt/ubna_data_01_mir/recover-20220825/UBNA_002/20220823_033000.WAV,Telephone Field,recover-20220825,002,1795
429.9035,429.9429,68437,82440,Rhinolophus ferrumequinum,0.021,0.021,-1,Echolocation,/mnt/ubna_data_01_mir/recover-20220825/UBNA_002/20220823_033000.WAV,Telephone Field,recover-20220825,002,1795
429.9115,429.9507,68437,82425,Rhinolophus ferrumequinum,0.025,0.025,-1,Echolocation,/mnt/ubna_data_01_mir/recover-20220825/UBNA_002/20220823_033000.WAV,Telephone Field,recover-20220825,002,1795
429.9385,429.952,22890,26923,Nyctalus leisleri,0.019,0.032,-1,Echolocation,/mnt/ubna_data_01_mir/recover-20220825/UBNA_002/20220823_033000.WAV,Telephone Field,recover-20220825,002,1795
429.9475,429.9592,23750,28463,Nyctalus leisleri,0.012,0.026,-1,Echolocation,/mnt/ubna_data_01_mir/recover-20220825/UBNA_002/20220823_033000.WAV,Telephone Field,recover-20220825,002,1795
430.0015,430.0083,47812,53495,Pipistrellus pipistrellus,0.018,0.023,-1,Echolocation,/mnt/ubna_data_01_mir/recover-20220825/UBNA_002/20220823_033000.WAV,Telephone Field,recover-20220825,002,1795
430.0015,430.0343,68437,80227,Rhinolophus ferrumequinum,0.057,0.057,-1,Echolocation,/mnt/ubna_data_01_mir/recover-20220825/UBNA_002/20220823_033000.WAV,Telephone Field,recover-20220825,002,1795
430.0015,430.0102,24609,32098,Nyctalus leisleri,0.012,0.032,-1,Echolocation,/mnt/ubna_data_01_mir/recover-20220825/UBNA_002/20220823_033000.WAV,Telephone Field,recover-20220825,002,1795
430.0075,430.0476,68437,81796,Rhinolophus ferrumequinum,0.022,0.022,-1,Echolocation,/mnt/ubna_data_01_mir/recover-20220825/UBNA_002/20220823_033000.WAV,Telephone Field,recover-20220825,002,1795
430.0565,430.0678,28046,35270,Eptesicus serotinus,0.014,0.028,-1,Echolocation,/mnt/ubna_data_01_mir/recover-20220825/UBNA_002/20220823_033000.WAV,Telephone Field,recover-20220825,002,1795
430.0885,430.1292,68437,82827,Rhinolophus ferrumequinum,0.024,0.024,-1,Echolocation,/mnt/ubna_data_01_mir/recover-20220825/UBNA_002/20220823_033000.WAV,Telephone Field,recover-20220825,002,1795
430.1105,430.1241,52968,56931,Pipistrellus pygmaeus,0.021,0.026,-1,Echolocation,/mnt/ubna_data_01_mir/recover-20220825/UBNA_002/20220823_033000.WAV,Telephone Field,recover-20220825,002,1795
430.1245,430.1623,68437,82419,Rhinolophus ferrumequinum,0.022,0.022,-1,Echolocation,/mnt/ubna_data_01_mir/recover-20220825/UBNA_002/20220823_033000.WAV,Telephone Field,recover-20220825,002,1795
430.1525,430.1895,68437,82255,Rhinolophus ferrumequinum,0.021,0.021,-1,Echolocation,/mnt/ubna_data_01_mir/recover-20220825/UBNA_002/20220823_033000.WAV,Telephone Field,recover-20220825,002,1795
430.1605,430.2001,68437,82496,Rhinolophus ferrumequinum,0.024,0.024,-1,Echolocation,/mnt/ubna_data_01_mir/recover-20220825/UBNA_002/20220823_033000.WAV,Telephone Field,recover-20220825,002,1795
430.1715,430.21,68437,81675,Rhinolophus ferrumequinum,0.021,0.021,-1,Echolocation,/mnt/ubna_data_01_mir/recover-20220825/UBNA_002/20220823_033000.WAV,Telephone Field,recover-20220825,002,1795
430.2045,430.213,25468,33965,Eptesicus serotinus,0.008,0.022,-1,Echolocation,/mnt/ubna_data_01_mir/recover-20220825/UBNA_002/20220823_033000.WAV,Telephone Field,recover-20220825,002,1795
430.2075,430.2503,68437,82670,Rhinolophus ferrumequinum,0.021,0.021,-1,Echolocation,/mnt/ubna_data_01_mir/recover-20220825/UBNA_002/20220823_033000.WAV,Telephone Field,recover-20220825,002,1795
430.2335,430.2722,68437,82734,Rhinolophus ferrumequinum,0.023,0.023,-1,Echolocation,/mnt/ubna_data_01_mir/recover-20220825/UBNA_002/20220823_033000.WAV,Telephone Field,recover-20220825,002,1795
430.2375,430.2492,37500,42372,Pipistrellus nathusii,0.047,0.059,-1,Echolocation,/mnt/ubna_data_01_mir/recover-20220825/UBNA_002/20220823_033000.WAV,Telephone Field,recover-20220825,002,1795
430.2415,430.2508,28046,39116,Eptesicus serotinus,0.01,0.024,-1,Echolocation,/mnt/ubna_data_01_mir/recover-20220825/UBNA_002/20220823_033000.WAV,Telephone Field,recover-20220825,002,1795
430.2465,430.2881,68437,82637,Rhinolophus ferrumequinum,0.022,0.022,-1,Echolocation,/mnt/ubna_data_01_mir/recover-20220825/UBNA_002/20220823_033000.WAV,Telephone Field,recover-20220825,002,1795
430.2535,430.2939,68437,81912,Rhinolophus ferrumequinum,0.022,0.022,-1,Echolocation,/mnt/ubna_data_01_mir/recover-20220825/UBNA_002/20220823_033000.WAV,Telephone Field,recover-20220825,002,1795
430.2585,430.2685,27187,34225,Eptesicus serotinus,0.01,0.022,-1,Echolocation,/mnt/ubna_data_01_mir/recover-20220825/UBNA_002/20220823_033000.WAV,Telephone Field,recover-20220825,002,1795
430.3135,430.3491,68437,81879,Rhinolophus ferrumequinum,0.024,0.024,-1,Echolocation,/mnt/ubna_data_01_mir/recover-20220825/UBNA_002/20220823_033000.WAV,Telephone Field,recover-20220825,002,1795
430.3835,430.4205,68437,82341,Rhinolophus ferrumequinum,0.025,0.025,-1,Echolocation,/mnt/ubna_data_01_mir/recover-20220825/UBNA_002/20220823_033000.WAV,Telephone Field,recover-20220825,002,1795
430.3915,430.4311,68437,82557,Rhinolophus ferrumequinum,0.023,0.023,-1,Echolocation,/mnt/ubna_data_01_mir/recover-20220825/UBNA_002/20220823_033000.WAV,Telephone Field,recover-20220825,002,1795
430.4015,430.438,68437,81870,Rhinolophus ferrumequinum,0.026,0.026,-1,Echolocation,/mnt/ubna_data_01_mir/recover-20220825/UBNA_002/20220823_033000.WAV,Telephone Field,recover-20220825,002,1795
430.4315,430.4387,28046,40324,Eptesicus serotinus,0.008,0.024,-1,Echolocation,/mnt/ubna_data_01_mir/recover-20220825/UBNA_002/20220823_033000.WAV,Telephone Field,recover-20220825,002,1795
430.4435,430.4789,68437,80668,Rhinolophus ferrumequinum,0.024,0.024,-1,Echolocation,/mnt/ubna_data_01_mir/recover-20220825/UBNA_002/20220823_033000.WAV,Telephone Field,recover-20220825,002,1795
430.4725,430.4805,28046,39110,Eptesicus serotinus,0.008,0.024,-1,Echolocation,/mnt/ubna_data_01_mir/recover-20220825/UBNA_002/20220823_033000.WAV,Telephone Field,recover-20220825,002,1795
430.4885,430.5012,23750,28396,Nyctalus leisleri,0.069,0.167,-1,Echolocation,/mnt/ubna_data_01_mir/recover-20220825/UBNA_002/20220823_033000.WAV,Telephone Field,recover-20220825,002,1795
430.5255,430.5642,68437,82414,Rhinolophus ferrumequinum,0.024,0.024,-1,Echolocation,/mnt/ubna_data_01_mir/recover-20220825/UBNA_002/20220823_033000.WAV,Telephone Field,recover-20220825,002,1795
430.5345,430.5423,27187,37742,Eptesicus serotinus,0.01,0.026,-1,Echolocation,/mnt/ubna_data_01_mir/recover-20220825/UBNA_002/20220823_033000.WAV,Telephone Field,recover-20220825,002,1795
430.5345,430.5731,68437,82442,Rhinolophus ferrumequinum,0.021,0.021,-1,Echolocation,/mnt/ubna_data_01_mir/recover-20220825/UBNA_002/20220823_033000.WAV,Telephone Field,recover-20220825,002,1795
430.5525,430.5928,68437,82887,Rhinolophus ferrumequinum,0.021,0.022,-1,Echolocation,/mnt/ubna_data_01_mir/recover-20220825/UBNA_002/20220823_033000.WAV,Telephone Field,recover-20220825,002,1795
430.5625,430.5705,28046,38968,Eptesicus serotinus,0.007,0.022,-1,Echolocation,/mnt/ubna_data_01_mir/recover-20220825/UBNA_002/20220823_033000.WAV,Telephone Field,recover-20220825,002,1795
430.5635,430.5711,22890,31246,Plecotus austriacus,0.01,0.022,-1,Echolocation,/mnt/ubna_data_01_mir/recover-20220825/UBNA_002/20220823_033000.WAV,Telephone Field,recover-20220825,002,1795
430.5735,430.5812,28046,38131,Eptesicus serotinus,0.008,0.023,-1,Echolocation,/mnt/ubna_data_01_mir/recover-20220825/UBNA_002/20220823_033000.WAV,Telephone Field,recover-20220825,002,1795
430.6025,430.6427,68437,82311,Rhinolophus ferrumequinum,0.025,0.025,-1,Echolocation,/mnt/ubna_data_01_mir/recover-20220825/UBNA_002/20220823_033000.WAV,Telephone Field,recover-20220825,002,1795
430.6285,430.6395,22890,28627,Nyctalus leisleri,0.013,0.029,-1,Echolocation,/mnt/ubna_data_01_mir/recover-20220825/UBNA_002/20220823_033000.WAV,Telephone Field,recover-20220825,002,1795
430.6285,430.6671,68437,82605,Rhinolophus ferrumequinum,0.024,0.024,-1,Echolocation,/mnt/ubna_data_01_mir/recover-20220825/UBNA_002/20220823_033000.WAV,Telephone Field,recover-20220825,002,1795
430.6525,430.66179999999997,23750,30789,Nyctalus leisleri,0.007,0.021,-1,Echolocation,/mnt/ubna_data_01_mir/recover-20220825/UBNA_002/20220823_033000.WAV,Telephone Field,recover-20220825,002,1795
430.6685,430.7056,68437,82062,Rhinolophus ferrumequinum,0.021,0.021,-1,Echolocation,/mnt/ubna_data_01_mir/recover-20220825/UBNA_002/20220823_033000.WAV,Telephone Field,recover-20220825,002,1795
430.6995,430.7391,68437,82960,Rhinolophus ferrumequinum,0.024,0.024,-1,Echolocation,/mnt/ubna_data_01_mir/recover-20220825/UBNA_002/20220823_033000.WAV,Telephone Field,recover-20220825,002,1795
430.7005,430.7081,27187,40445,Eptesicus serotinus,0.007,0.022,-1,Echolocation,/mnt/ubna_data_01_mir/recover-20220825/UBNA_002/20220823_033000.WAV,Telephone Field,recover-20220825,002,1795
430.7335,430.7653,68437,80587,Rhinolophus ferrumequinum,0.037,0.037,-1,Echolocation,/mnt/ubna_data_01_mir/recover-20220825/UBNA_002/20220823_033000.WAV,Telephone Field,recover-20220825,002,1795
430.7335,430.7416,28046,39297,Eptesicus serotinus,0.008,0.022,-1,Echolocation,/mnt/ubna_data_01_mir/recover-20220825/UBNA_002/20220823_033000.WAV,Telephone Field,recover-20220825,002,1795
430.7495,430.7563,48671,52500,Pipistrellus pipistrellus,0.025,0.027,-1,Echolocation,/mnt/ubna_data_01_mir/recover-20220825/UBNA_002/20220823_033000.WAV,Telephone Field,recover-20220825,002,1795
430.7755,430.8156,68437,82635,Rhinolophus ferrumequinum,0.022,0.022,-1,Echolocation,/mnt/ubna_data_01_mir/recover-20220825/UBNA_002/20220823_033000.WAV,Telephone Field,recover-20220825,002,1795
430.8265,430.873,68437,83681,Rhinolophus ferrumequinum,0.041,0.041,-1,Echolocation,/mnt/ubna_data_01_mir/recover-20220825/UBNA_002/20220823_033000.WAV,Telephone Field,recover-20220825,002,1795
430.8765,430.9173,68437,82504,Rhinolophus ferrumequinum,0.022,0.022,-1,Echolocation,/mnt/ubna_data_01_mir/recover-20220825/UBNA_002/20220823_033000.WAV,Telephone Field,recover-20220825,002,1795
430.9045,430.9443,68437,82799,Rhinolophus ferrumequinum,0.024,0.024,-1,Echolocation,/mnt/ubna_data_01_mir/recover-20220825/UBNA_002/20220823_033000.WAV,Telephone Field,recover-20220825,002,1795
430.9065,430.9156,23750,30465,Nyctalus leisleri,0.007,0.022,-1,Echolocation,/mnt/ubna_data_01_mir/recover-20220825/UBNA_002/20220823_033000.WAV,Telephone Field,recover-20220825,002,1795
430.9405,430.94780000000003,23750,31854,Plecotus austriacus,0.01,0.023,-1,Echolocation,/mnt/ubna_data_01_mir/recover-20220825/UBNA_002/20220823_033000.WAV,Telephone Field,recover-20220825,002,1795
430.9955,431.031,68437,81567,Rhinolophus ferrumequinum,0.024,0.025,-1,Echolocation,/mnt/ubna_data_01_mir/recover-20220825/UBNA_002/20220823_033000.WAV,Telephone Field,recover-20220825,002,1795
431.0035,431.0145,28906,35898,Eptesicus serotinus,0.012,0.025,-1,Echolocation,/mnt/ubna_data_01_mir/recover-20220825/UBNA_002/20220823_033000.WAV,Telephone Field,recover-20220825,002,1795
431.0355,431.0431,26328,40562,Eptesicus serotinus,0.006,0.022,-1,Echolocation,/mnt/ubna_data_01_mir/recover-20220825/UBNA_002/20220823_033000.WAV,Telephone Field,recover-20220825,002,1795
431.0565,431.0627,24609,35061,Plecotus austriacus,0.008,0.024,-1,Echolocation,/mnt/ubna_data_01_mir/recover-20220825/UBNA_002/20220823_033000.WAV,Telephone Field,recover-20220825,002,1795
431.0895,431.1294,68437,82195,Rhinolophus ferrumequinum,0.021,0.021,-1,Echolocation,/mnt/ubna_data_01_mir/recover-20220825/UBNA_002/20220823_033000.WAV,Telephone Field,recover-20220825,002,1795
431.1075,431.1457,68437,81450,Rhinolophus ferrumequinum,0.025,0.026,-1,Echolocation,/mnt/ubna_data_01_mir/recover-20220825/UBNA_002/20220823_033000.WAV,Telephone Field,recover-20220825,002,1795
431.1215,431.161,68437,82149,Rhinolophus ferrumequinum,0.023,0.023,-1,Echolocation,/mnt/ubna_data_01_mir/recover-20220825/UBNA_002/20220823_033000.WAV,Telephone Field,recover-20220825,002,1795
431.1395,431.1503,28906,36036,Eptesicus serotinus,0.021,0.039,-1,Echolocation,/mnt/ubna_data_01_mir/recover-20220825/UBNA_002/20220823_033000.WAV,Telephone Field,recover-20220825,002,1795
431.1565,431.1958,68437,81600,Rhinolophus ferrumequinum,0.024,0.024,-1,Echolocation,/mnt/ubna_data_01_mir/recover-20220825/UBNA_002/20220823_033000.WAV,Telephone Field,recover-20220825,002,1795
431.1655,431.1725,25468,35898,Plecotus austriacus,0.012,0.034,-1,Echolocation,/mnt/ubna_data_01_mir/recover-20220825/UBNA_002/20220823_033000.WAV,Telephone Field,recover-20220825,002,1795
431.2005,431.2425,68437,82448,Rhinolophus ferrumequinum,0.029,0.029,-1,Echolocation,/mnt/ubna_data_01_mir/recover-20220825/UBNA_002/20220823_033000.WAV,Telephone Field,recover-20220825,002,1795
431.2125,431.2216,29765,38056,Eptesicus serotinus,0.008,0.024,-1,Echolocation,/mnt/ubna_data_01_mir/recover-20220825/UBNA_002/20220823_033000.WAV,Telephone Field,recover-20220825,002,1795
431.2455,431.2561,22890,28622,Nyctalus leisleri,0.01,0.025,-1,Echolocation,/mnt/ubna_data_01_mir/recover-20220825/UBNA_002/20220823_033000.WAV,Telephone Field,recover-20220825,002,1795
431.2795,431.2908,22890,27637,Nyctalus leisleri,0.013,0.025,-1,Echolocation,/mnt/ubna_data_01_mir/recover-20220825/UBNA_002/20220823_033000.WAV,Telephone Field,recover-20220825,002,1795
431.3145,431.3502,68437,81796,Rhinolophus ferrumequinum,0.022,0.022,-1,Echolocation,/mnt/ubna_data_01_mir/recover-20220825/UBNA_002/20220823_033000.WAV,Telephone Field,recover-20220825,002,1795
431.3215,431.3601,68437,81666,Rhinolophus ferrumequinum,0.021,0.021,-1,Echolocation,/mnt/ubna_data_01_mir/recover-20220825/UBNA_002/20220823_033000.WAV,Telephone Field,recover-20220825,002,1795
431.3425,431.353,22890,27802,Nyctalus leisleri,0.01,0.022,-1,Echolocation,/mnt/ubna_data_01_mir/recover-20220825/UBNA_002/20220823_033000.WAV,Telephone Field,recover-20220825,002,1795
431.3435,431.3811,68437,81703,Rhinolophus ferrumequinum,0.021,0.021,-1,Echolocation,/mnt/ubna_data_01_mir/recover-20220825/UBNA_002/20220823_033000.WAV,Telephone Field,recover-20220825,002,1795
431.3525,431.3927,68437,82991,Rhinolophus ferrumequinum,0.024,0.024,-1,Echolocation,/mnt/ubna_data_01_mir/recover-20220825/UBNA_002/20220823_033000.WAV,Telephone Field,recover-20220825,002,1795
431.3575,431.3659,47812,51907,Pipistrellus pipistrellus,0.029,0.03,-1,Echolocation,/mnt/ubna_data_01_mir/recover-20220825/UBNA_002/20220823_033000.WAV,Telephone Field,recover-20220825,002,1795
431.3715,431.4119,68437,82588,Rhinolophus ferrumequinum,0.033,0.033,-1,Echolocation,/mnt/ubna_data_01_mir/recover-20220825/UBNA_002/20220823_033000.WAV,Telephone Field,recover-20220825,002,1795
431.4135,431.4531,68437,82714,Rhinolophus ferrumequinum,0.031,0.031,-1,Echolocation,/mnt/ubna_data_01_mir/recover-20220825/UBNA_002/20220823_033000.WAV,Telephone Field,recover-20220825,002,1795
431.4255,431.4337,28046,38056,Eptesicus serotinus,0.008,0.023,-1,Echolocation,/mnt/ubna_data_01_mir/recover-20220825/UBNA_002/20220823_033000.WAV,Telephone Field,recover-20220825,002,1795
431.45550000000003,431.462,28046,38988,Eptesicus serotinus,0.006,0.023,-1,Echolocation,/mnt/ubna_data_01_mir/recover-20220825/UBNA_002/20220823_033000.WAV,Telephone Field,recover-20220825,002,1795
431.4755,431.4868,22890,27942,Nyctalus leisleri,0.015,0.029,-1,Echolocation,/mnt/ubna_data_01_mir/recover-20220825/UBNA_002/20220823_033000.WAV,Telephone Field,recover-20220825,002,1795
431.5035,431.5111,27187,40228,Eptesicus serotinus,0.007,0.023,-1,Echolocation,/mnt/ubna_data_01_mir/recover-20220825/UBNA_002/20220823_033000.WAV,Telephone Field,recover-20220825,002,1795
431.5095,431.5509,68437,82625,Rhinolophus ferrumequinum,0.027,0.027,-1,Echolocation,/mnt/ubna_data_01_mir/recover-20220825/UBNA_002/20220823_033000.WAV,Telephone Field,recover-20220825,002,1795
431.5395,431.5787,68437,82660,Rhinolophus ferrumequinum,0.024,0.024,-1,Echolocation,/mnt/ubna_data_01_mir/recover-20220825/UBNA_002/20220823_033000.WAV,Telephone Field,recover-20220825,002,1795
431.5585,431.5735,24609,29897,Nyctalus leisleri,0.019,0.047,-1,Echolocation,/mnt/ubna_data_01_mir/recover-20220825/UBNA_002/20220823_033000.WAV,Telephone Field,recover-20220825,002,1795
431.6135,431.6241,23750,30296,Nyctalus leisleri,0.009,0.025,-1,Echolocation,/mnt/ubna_data_01_mir/recover-20220825/UBNA_002/20220823_033000.WAV,Telephone Field,recover-20220825,002,1795
431.6155,431.6546,68437,82766,Rhinolophus ferrumequinum,0.036,0.036,-1,Echolocation,/mnt/ubna_data_01_mir/recover-20220825/UBNA_002/20220823_033000.WAV,Telephone Field,recover-20220825,002,1795
431.6405,431.6791,68437,81811,Rhinolophus ferrumequinum,0.021,0.021,-1,Echolocation,/mnt/ubna_data_01_mir/recover-20220825/UBNA_002/20220823_033000.WAV,Telephone Field,recover-20220825,002,1795
431.6905,431.7318,68437,82825,Rhinolophus ferrumequinum,0.023,0.023,-1,Echolocation,/mnt/ubna_data_01_mir/recover-20220825/UBNA_002/20220823_033000.WAV,Telephone Field,recover-20220825,002,1795
431.6975,431.7063,34921,45053,Myotis daubentonii,0.009,0.028,-1,Echolocation,/mnt/ubna_data_01_mir/recover-20220825/UBNA_002/20220823_033000.WAV,Telephone Field,recover-20220825,002,1795
431.6975,431.7048,27187,40602,Eptesicus serotinus,0.008,0.024,-1,Echolocation,/mnt/ubna_data_01_mir/recover-20220825/UBNA_002/20220823_033000.WAV,Telephone Field,recover-20220825,002,1795
431.6975,431.7393,68437,82690,Rhinolophus ferrumequinum,0.024,0.024,-1,Echolocation,/mnt/ubna_data_01_mir/recover-20220825/UBNA_002/20220823_033000.WAV,Telephone Field,recover-20220825,002,1795
431.7905,431.799,36640,44172,Myotis daubentonii,0.008,0.025,-1,Echolocation,/mnt/ubna_data_01_mir/recover-20220825/UBNA_002/20220823_033000.WAV,Telephone Field,recover-20220825,002,1795
431.7995,431.8411,68437,82579,Rhinolophus ferrumequinum,0.023,0.023,-1,Echolocation,/mnt/ubna_data_01_mir/recover-20220825/UBNA_002/20220823_033000.WAV,Telephone Field,recover-20220825,002,1795
431.83050000000003,431.8409,22031,26995,Nyctalus leisleri,0.011,0.024,-1,Echolocation,/mnt/ubna_data_01_mir/recover-20220825/UBNA_002/20220823_033000.WAV,Telephone Field,recover-20220825,002,1795
431.8555,431.8731,15156,21281,Nyctalus noctula,0.017,0.022,-1,Echolocation,/mnt/ubna_data_01_mir/recover-20220825/UBNA_002/20220823_033000.WAV,Telephone Field,recover-20220825,002,1795
431.8825,431.8893,28046,39170,Eptesicus serotinus,0.006,0.025,-1,Echolocation,/mnt/ubna_data_01_mir/recover-20220825/UBNA_002/20220823_033000.WAV,Telephone Field,recover-20220825,002,1795
431.9025,431.9406,68437,82283,Rhinolophus ferrumequinum,0.022,0.022,-1,Echolocation,/mnt/ubna_data_01_mir/recover-20220825/UBNA_002/20220823_033000.WAV,Telephone Field,recover-20220825,002,1795
431.9175,431.9572,68437,82317,Rhinolophus ferrumequinum,0.022,0.022,-1,Echolocation,/mnt/ubna_data_01_mir/recover-20220825/UBNA_002/20220823_033000.WAV,Telephone Field,recover-20220825,002,1795
431.9435,431.9824,68437,83065,Rhinolophus ferrumequinum,0.023,0.023,-1,Echolocation,/mnt/ubna_data_01_mir/recover-20220825/UBNA_002/20220823_033000.WAV,Telephone Field,recover-20220825,002,1795
431.9855,431.9951,37500,43031,Pipistrellus nathusii,0.013,0.027,-1,Echolocation,/mnt/ubna_data_01_mir/recover-20220825/UBNA_002/20220823_033000.WAV,Telephone Field,recover-20220825,002,1795
432.0015,432.0084,47812,54948,Pipistrellus pipistrellus,0.013,0.023,-1,Echolocation,/mnt/ubna_data_01_mir/recover-20220825/UBNA_002/20220823_033000.WAV,Telephone Field,recover-20220825,002,1795
432.0015,432.033,68437,79900,Rhinolophus ferrumequinum,0.036,0.036,-1,Echolocation,/mnt/ubna_data_01_mir/recover-20220825/UBNA_002/20220823_033000.WAV,Telephone Field,recover-20220825,002,1795
432.0015,432.0097,23750,31950,Nyctalus leisleri,0.008,0.031,-1,Echolocation,/mnt/ubna_data_01_mir/recover-20220825/UBNA_002/20220823_033000.WAV,Telephone Field,recover-20220825,002,1795
432.0145,432.0228,40078,48114,Pipistrellus nathusii,0.011,0.022,-1,Echolocation,/mnt/ubna_data_01_mir/recover-20220825/UBNA_002/20220823_033000.WAV,Telephone Field,recover-20220825,002,1795
432.0155,432.0283,15156,21191,Nyctalus noctula,0.013,0.021,-1,Echolocation,/mnt/ubna_data_01_mir/recover-20220825/UBNA_002/20220823_033000.WAV,Telephone Field,recover-20220825,002,1795
432.0225,432.0302,27187,38477,Eptesicus serotinus,0.009,0.025,-1,Echolocation,/mnt/ubna_data_01_mir/recover-20220825/UBNA_002/20220823_033000.WAV,Telephone Field,recover-20220825,002,1795
432.0365,432.0429,39218,55559,Myotis brandtii,0.01,0.025,-1,Echolocation,/mnt/ubna_data_01_mir/recover-20220825/UBNA_002/20220823_033000.WAV,Telephone Field,recover-20220825,002,1795
432.0765,432.0834,25468,44226,Plecotus auritus,0.007,0.026,-1,Echolocation,/mnt/ubna_data_01_mir/recover-20220825/UBNA_002/20220823_033000.WAV,Telephone Field,recover-20220825,002,1795
432.0775,432.0838,34921,47023,Myotis brandtii,0.017,0.053,-1,Echolocation,/mnt/ubna_data_01_mir/recover-20220825/UBNA_002/20220823_033000.WAV,Telephone Field,recover-20220825,002,1795
432.0915,432.09929999999997,42656,54365,Pipistrellus nathusii,0.013,0.028,-1,Echolocation,/mnt/ubna_data_01_mir/recover-20220825/UBNA_002/20220823_033000.WAV,Telephone Field,recover-20220825,002,1795
432.0985,432.1055,37500,50745,Myotis brandtii,0.012,0.032,-1,Echolocation,/mnt/ubna_data_01_mir/recover-20220825/UBNA_002/20220823_033000.WAV,Telephone Field,recover-20220825,002,1795
432.1235,432.1305,26328,39508,Eptesicus serotinus,0.007,0.024,-1,Echolocation,/mnt/ubna_data_01_mir/recover-20220825/UBNA_002/20220823_033000.WAV,Telephone Field,recover-20220825,002,1795
432.1235,432.1303,40078,49169,Pipistrellus nathusii,0.016,0.034,-1,Echolocation,/mnt/ubna_data_01_mir/recover-20220825/UBNA_002/20220823_033000.WAV,Telephone Field,recover-20220825,002,1795
432.1585,432.1655,48671,53421,Pipistrellus pipistrellus,0.021,0.024,-1,Echolocation,/mnt/ubna_data_01_mir/recover-20220825/UBNA_002/20220823_033000.WAV,Telephone Field,recover-20220825,002,1795
432.1805,432.1893,41796,47253,Pipistrellus nathusii,0.033,0.045,-1,Echolocation,/mnt/ubna_data_01_mir/recover-20220825/UBNA_002/20220823_033000.WAV,Telephone Field,recover-20220825,002,1795
432.1955,432.203,26328,35584,Eptesicus serotinus,0.008,0.023,-1,Echolocation,/mnt/ubna_data_01_mir/recover-20220825/UBNA_002/20220823_033000.WAV,Telephone Field,recover-20220825,002,1795
432.1985,432.2069,40078,47469,Pipistrellus nathusii,0.032,0.051,-1,Echolocation,/mnt/ubna_data_01_mir/recover-20220825/UBNA_002/20220823_033000.WAV,Telephone Field,recover-20220825,002,1795
432.2005,432.2063,31484,47407,Barbastellus barbastellus,0.006,0.022,-1,Echolocation,/mnt/ubna_data_01_mir/recover-20220825/UBNA_002/20220823_033000.WAV,Telephone Field,recover-20220825,002,1795
432.2125,432.2222,27187,34018,Eptesicus serotinus,0.013,0.027,-1,Echolocation,/mnt/ubna_data_01_mir/recover-20220825/UBNA_002/20220823_033000.WAV,Telephone Field,recover-20220825,002,1795
432.2385,432.2482,39218,43944,Pipistrellus nathusii,0.017,0.029,-1,Echolocation,/mnt/ubna_data_01_mir/recover-20220825/UBNA_002/20220823_033000.WAV,Telephone Field,recover-20220825,002,1795
432.2605,432.2674,36640,48988,Myotis brandtii,0.009,0.021,-1,Echolocation,/mnt/ubna_data_01_mir/recover-20220825/UBNA_002/20220823_033000.WAV,Telephone Field,recover-20220825,002,1795
432.2765,432.2896,22031,25860,Nyctalus leisleri,0.014,0.026,-1,Echolocation,/mnt/ubna_data_01_mir/recover-20220825/UBNA_002/20220823_033000.WAV,Telephone Field,recover-20220825,002,1795
432.2795,432.287,41796,50425,Pipistrellus nathusii,0.009,0.023,-1,Echolocation,/mnt/ubna_data_01_mir/recover-20220825/UBNA_002/20220823_033000.WAV,Telephone Field,recover-20220825,002,1795
432.3025,432.3101,27187,36055,Eptesicus serotinus,0.009,0.023,-1,Echolocation,/mnt/ubna_data_01_mir/recover-20220825/UBNA_002/20220823_033000.WAV,Telephone Field,recover-20220825,002,1795
432.3035,432.339,68437,81205,Rhinolophus ferrumequinum,0.021,0.021,-1,Echolocation,/mnt/ubna_data_01_mir/recover-20220825/UBNA_002/20220823_033000.WAV,Telephone Field,recover-20220825,002,1795
432.3495,432.3849,68437,81914,Rhinolophus ferrumequinum,0.023,0.023,-1,Echolocation,/mnt/ubna_data_01_mir/recover-20220825/UBNA_002/20220823_033000.WAV,Telephone Field,recover-20220825,002,1795
432.3945,432.401,25468,38054,Plecotus auritus,0.008,0.024,-1,Echolocation,/mnt/ubna_data_01_mir/recover-20220825/UBNA_002/20220823_033000.WAV,Telephone Field,recover-20220825,002,1795
432.3945,432.4029,40937,48145,Pipistrellus nathusii,0.059,0.09,-1,Echolocation,/mnt/ubna_data_01_mir/recover-20220825/UBNA_002/20220823_033000.WAV,Telephone Field,recover-20220825,002,1795
432.4095,432.4461,68437,81510,Rhinolophus ferrumequinum,0.022,0.022,-1,Echolocation,/mnt/ubna_data_01_mir/recover-20220825/UBNA_002/20220823_033000.WAV,Telephone Field,recover-20220825,002,1795
432.4125,432.4187,43515,57722,Myotis brandtii,0.011,0.03,-1,Echolocation,/mnt/ubna_data_01_mir/recover-20220825/UBNA_002/20220823_033000.WAV,Telephone Field,recover-20220825,002,1795
432.4155,432.421,33203,50999,Barbastellus barbastellus,0.012,0.03,-1,Echolocation,/mnt/ubna_data_01_mir/recover-20220825/UBNA_002/20220823_033000.WAV,Telephone Field,recover-20220825,002,1795
432.41949999999997,432.4261,26328,40049,Plecotus auritus,0.013,0.038,-1,Echolocation,/mnt/ubna_data_01_mir/recover-20220825/UBNA_002/20220823_033000.WAV,Telephone Field,recover-20220825,002,1795
432.4385,432.4455,41796,54380,Pipistrellus nathusii,0.018,0.041,-1,Echolocation,/mnt/ubna_data_01_mir/recover-20220825/UBNA_002/20220823_033000.WAV,Telephone Field,recover-20220825,002,1795
432.4385,432.4443,31484,48125,Barbastellus barbastellus,0.014,0.035,-1,Echolocation,/mnt/ubna_data_01_mir/recover-20220825/UBNA_002/20220823_033000.WAV,Telephone Field,recover-20220825,002,1795
432.4855,432.4929,40937,50487,Pipistrellus nathusii,0.185,0.247,-1,Echolocation,/mnt/ubna_data_01_mir/recover-20220825/UBNA_002/20220823_033000.WAV,Telephone Field,recover-20220825,002,1795
432.5005,432.5106,25468,30699,Nyctalus leisleri,0.009,0.023,-1,Echolocation,/mnt/ubna_data_01_mir/recover-20220825/UBNA_002/20220823_033000.WAV,Telephone Field,recover-20220825,002,1795
432.5215,432.5559,68437,81375,Rhinolophus ferrumequinum,0.027,0.027,-1,Echolocation,/mnt/ubna_data_01_mir/recover-20220825/UBNA_002/20220823_033000.WAV,Telephone Field,recover-20220825,002,1795
432.5265,432.5323,34921,55883,Myotis brandtii,0.019,0.039,-1,Echolocation,/mnt/ubna_data_01_mir/recover-20220825/UBNA_002/20220823_033000.WAV,Telephone Field,recover-20220825,002,1795
432.5295,432.5365,26328,41024,Eptesicus serotinus,0.009,0.028,-1,Echolocation,/mnt/ubna_data_01_mir/recover-20220825/UBNA_002/20220823_033000.WAV,Telephone Field,recover-20220825,002,1795
432.5385,432.5496,40937,44728,Pipistrellus nathusii,0.021,0.028,-1,Echolocation,/mnt/ubna_data_01_mir/recover-20220825/UBNA_002/20220823_033000.WAV,Telephone Field,recover-20220825,002,1795
432.5825,432.5886,40937,48962,Pipistrellus nathusii,0.164,0.249,-1,Echolocation,/mnt/ubna_data_01_mir/recover-20220825/UBNA_002/20220823_033000.WAV,Telephone Field,recover-20220825,002,1795
432.6105,432.6495,68437,81890,Rhinolophus ferrumequinum,0.022,0.022,-1,Echolocation,/mnt/ubna_data_01_mir/recover-20220825/UBNA_002/20220823_033000.WAV,Telephone Field,recover-20220825,002,1795
432.6135,432.6212,26328,38324,Eptesicus serotinus,0.008,0.021,-1,Echolocation,/mnt/ubna_data_01_mir/recover-20220825/UBNA_002/20220823_033000.WAV,Telephone Field,recover-20220825,002,1795
432.6235,432.6329,26328,33245,Eptesicus serotinus,0.01,0.022,-1,Echolocation,/mnt/ubna_data_01_mir/recover-20220825/UBNA_002/20220823_033000.WAV,Telephone Field,recover-20220825,002,1795
432.6625,432.6679,39218,46762,Barbastellus barbastellus,0.212,0.358,-1,Echolocation,/mnt/ubna_data_01_mir/recover-20220825/UBNA_002/20220823_033000.WAV,Telephone Field,recover-20220825,002,1795
432.6735,432.682,26328,33969,Eptesicus serotinus,0.008,0.022,-1,Echolocation,/mnt/ubna_data_01_mir/recover-20220825/UBNA_002/20220823_033000.WAV,Telephone Field,recover-20220825,002,1795
432.7235,432.7309,42656,49586,Pipistrellus nathusii,0.013,0.025,-1,Echolocation,/mnt/ubna_data_01_mir/recover-20220825/UBNA_002/20220823_033000.WAV,Telephone Field,recover-20220825,002,1795
432.7245,432.7306,31484,47384,Barbastellus barbastellus,0.02,0.047,-1,Echolocation,/mnt/ubna_data_01_mir/recover-20220825/UBNA_002/20220823_033000.WAV,Telephone Field,recover-20220825,002,1795
432.7275,432.7594,68437,80967,Rhinolophus ferrumequinum,0.022,0.022,-1,Echolocation,/mnt/ubna_data_01_mir/recover-20220825/UBNA_002/20220823_033000.WAV,Telephone Field,recover-20220825,002,1795
432.7355,432.76800000000003,68437,80772,Rhinolophus ferrumequinum,0.022,0.022,-1,Echolocation,/mnt/ubna_data_01_mir/recover-20220825/UBNA_002/20220823_033000.WAV,Telephone Field,recover-20220825,002,1795
432.7485,432.7547,40078,47970,Pipistrellus nathusii,0.24,0.44,-1,Echolocation,/mnt/ubna_data_01_mir/recover-20220825/UBNA_002/20220823_033000.WAV,Telephone Field,recover-20220825,002,1795
432.7925,432.8048,28046,34884,Eptesicus serotinus,0.015,0.03,-1,Echolocation,/mnt/ubna_data_01_mir/recover-20220825/UBNA_002/20220823_033000.WAV,Telephone Field,recover-20220825,002,1795
432.8205,432.8575,68437,80948,Rhinolophus ferrumequinum,0.021,0.021,-1,Echolocation,/mnt/ubna_data_01_mir/recover-20220825/UBNA_002/20220823_033000.WAV,Telephone Field,recover-20220825,002,1795
432.83050000000003,432.8407,28046,33484,Eptesicus serotinus,0.035,0.063,-1,Echolocation,/mnt/ubna_data_01_mir/recover-20220825/UBNA_002/20220823_033000.WAV,Telephone Field,recover-20220825,002,1795
432.8405,432.8779,68437,81990,Rhinolophus ferrumequinum,0.025,0.025,-1,Echolocation,/mnt/ubna_data_01_mir/recover-20220825/UBNA_002/20220823_033000.WAV,Telephone Field,recover-20220825,002,1795
432.8485,432.856,40078,49163,Pipistrellus nathusii,0.252,0.465,-1,Echolocation,/mnt/ubna_data_01_mir/recover-20220825/UBNA_002/20220823_033000.WAV,Telephone Field,recover-20220825,002,1795
432.8865,432.9249,68437,81882,Rhinolophus ferrumequinum,0.022,0.022,-1,Echolocation,/mnt/ubna_data_01_mir/recover-20220825/UBNA_002/20220823_033000.WAV,Telephone Field,recover-20220825,002,1795
432.8905,432.8989,34921,46647,Myotis brandtii,0.009,0.028,-1,Echolocation,/mnt/ubna_data_01_mir/recover-20220825/UBNA_002/20220823_033000.WAV,Telephone Field,recover-20220825,002,1795
432.9255,432.9325,39218,47848,Pipistrellus nathusii,0.268,0.426,-1,Echolocation,/mnt/ubna_data_01_mir/recover-20220825/UBNA_002/20220823_033000.WAV,Telephone Field,recover-20220825,002,1795
432.9345,432.9432,23750,29224,Nyctalus leisleri,0.007,0.022,-1,Echolocation,/mnt/ubna_data_01_mir/recover-20220825/UBNA_002/20220823_033000.WAV,Telephone Field,recover-20220825,002,1795
432.9655,432.9737,27187,37234,Eptesicus serotinus,0.008,0.022,-1,Echolocation,/mnt/ubna_data_01_mir/recover-20220825/UBNA_002/20220823_033000.WAV,Telephone Field,recover-20220825,002,1795
432.9735,433.0065,68437,80806,Rhinolophus ferrumequinum,0.022,0.022,-1,Echolocation,/mnt/ubna_data_01_mir/recover-20220825/UBNA_002/20220823_033000.WAV,Telephone Field,recover-20220825,002,1795
432.9745,432.9838,27187,35396,Eptesicus serotinus,0.01,0.025,-1,Echolocation,/mnt/ubna_data_01_mir/recover-20220825/UBNA_002/20220823_033000.WAV,Telephone Field,recover-20220825,002,1795
432.9945,432.9996,38359,51386,Pipistrellus nathusii,0.293,0.43,-1,Echolocation,/mnt/ubna_data_01_mir/recover-20220825/UBNA_002/20220823_033000.WAV,Telephone Field,recover-20220825,002,1795
433.0035,433.0108,26328,34319,Eptesicus serotinus,0.005,0.022,-1,Echolocation,/mnt/ubna_data_01_mir/recover-20220825/UBNA_002/20220823_033000.WAV,Telephone Field,recover-20220825,002,1795
433.0125,433.0227,22890,28689,Nyctalus leisleri,0.009,0.025,-1,Echolocation,/mnt/ubna_data_01_mir/recover-20220825/UBNA_002/20220823_033000.WAV,Telephone Field,recover-20220825,002,1795
433.0205,433.029,28046,35978,Eptesicus serotinus,0.011,0.024,-1,Echolocation,/mnt/ubna_data_01_mir/recover-20220825/UBNA_002/20220823_033000.WAV,Telephone Field,recover-20220825,002,1795
433.0315,433.0361,30625,44599,Barbastellus barbastellus,0.051,0.079,-1,Echolocation,/mnt/ubna_data_01_mir/recover-20220825/UBNA_002/20220823_033000.WAV,Telephone Field,recover-20220825,002,1795
433.0465,433.0569,26328,31243,Eptesicus serotinus,0.01,0.024,-1,Echolocation,/mnt/ubna_data_01_mir/recover-20220825/UBNA_002/20220823_033000.WAV,Telephone Field,recover-20220825,002,1795
433.0655,433.0707,38359,48033,Pipistrellus nathusii,0.246,0.439,-1,Echolocation,/mnt/ubna_data_01_mir/recover-20220825/UBNA_002/20220823_033000.WAV,Telephone Field,recover-20220825,002,1795
433.0835,433.0902,48671,56262,Pipistrellus pipistrellus,0.014,0.022,-1,Echolocation,/mnt/ubna_data_01_mir/recover-20220825/UBNA_002/20220823_033000.WAV,Telephone Field,recover-20220825,002,1795
433.0935,433.1057,26328,32254,Eptesicus serotinus,0.024,0.043,-1,Echolocation,/mnt/ubna_data_01_mir/recover-20220825/UBNA_002/20220823_033000.WAV,Telephone Field,recover-20220825,002,1795
433.1195,433.1602,68437,83067,Rhinolophus ferrumequinum,0.03,0.03,-1,Echolocation,/mnt/ubna_data_01_mir/recover-20220825/UBNA_002/20220823_033000.WAV,Telephone Field,recover-20220825,002,1795
433.1225,433.1303,40937,49818,Pipistrellus nathusii,0.009,0.022,-1,Echolocation,/mnt/ubna_data_01_mir/recover-20220825/UBNA_002/20220823_033000.WAV,Telephone Field,recover-20220825,002,1795
433.1335,433.1386,36640,57073,Myotis brandtii,0.011,0.024,-1,Echolocation,/mnt/ubna_data_01_mir/recover-20220825/UBNA_002/20220823_033000.WAV,Telephone Field,recover-20220825,002,1795
433.1505,433.1557,38359,55707,Pipistrellus nathusii,0.226,0.384,-1,Echolocation,/mnt/ubna_data_01_mir/recover-20220825/UBNA_002/20220823_033000.WAV,Telephone Field,recover-20220825,002,1795
433.1605,433.1685,27187,34373,Eptesicus serotinus,0.008,0.025,-1,Echolocation,/mnt/ubna_data_01_mir/recover-20220825/UBNA_002/20220823_033000.WAV,Telephone Field,recover-20220825,002,1795
433.1665,433.2035,68437,81835,Rhinolophus ferrumequinum,0.021,0.021,-1,Echolocation,/mnt/ubna_data_01_mir/recover-20220825/UBNA_002/20220823_033000.WAV,Telephone Field,recover-20220825,002,1795
433.1805,433.2201,68437,82600,Rhinolophus ferrumequinum,0.038,0.038,-1,Echolocation,/mnt/ubna_data_01_mir/recover-20220825/UBNA_002/20220823_033000.WAV,Telephone Field,recover-20220825,002,1795
433.2025,433.2126,27187,33535,Eptesicus serotinus,0.015,0.033,-1,Echolocation,/mnt/ubna_data_01_mir/recover-20220825/UBNA_002/20220823_033000.WAV,Telephone Field,recover-20220825,002,1795
433.2265,433.2318,38359,61605,Myotis brandtii,0.011,0.024,-1,Echolocation,/mnt/ubna_data_01_mir/recover-20220825/UBNA_002/20220823_033000.WAV,Telephone Field,recover-20220825,002,1795
433.2415,433.2463,38359,49706,Pipistrellus nathusii,0.2,0.4,-1,Echolocation,/mnt/ubna_data_01_mir/recover-20220825/UBNA_002/20220823_033000.WAV,Telephone Field,recover-20220825,002,1795
433.2515,433.2568,29765,41952,Myotis daubentonii,0.009,0.023,-1,Echolocation,/mnt/ubna_data_01_mir/recover-20220825/UBNA_002/20220823_033000.WAV,Telephone Field,recover-20220825,002,1795
433.2545,433.2915,68437,81902,Rhinolophus ferrumequinum,0.021,0.021,-1,Echolocation,/mnt/ubna_data_01_mir/recover-20220825/UBNA_002/20220823_033000.WAV,Telephone Field,recover-20220825,002,1795
433.2845,433.2923,27187,38231,Eptesicus serotinus,0.008,0.022,-1,Echolocation,/mnt/ubna_data_01_mir/recover-20220825/UBNA_002/20220823_033000.WAV,Telephone Field,recover-20220825,002,1795
433.2985,433.307,41796,51074,Pipistrellus nathusii,0.012,0.025,-1,Echolocation,/mnt/ubna_data_01_mir/recover-20220825/UBNA_002/20220823_033000.WAV,Telephone Field,recover-20220825,002,1795
433.3315,433.3372,26328,71398,Myotis bechsteinii,0.089,0.134,-1,Echolocation,/mnt/ubna_data_01_mir/recover-20220825/UBNA_002/20220823_033000.WAV,Telephone Field,recover-20220825,002,1795
433.3325,433.3376,34921,56151,Myotis brandtii,0.135,0.327,-1,Echolocation,/mnt/ubna_data_01_mir/recover-20220825/UBNA_002/20220823_033000.WAV,Telephone Field,recover-20220825,002,1795
433.3435,433.3522,28046,34782,Eptesicus serotinus,0.008,0.027,-1,Echolocation,/mnt/ubna_data_01_mir/recover-20220825/UBNA_002/20220823_033000.WAV,Telephone Field,recover-20220825,002,1795
433.3475,433.3791,68437,81004,Rhinolophus ferrumequinum,0.022,0.022,-1,Echolocation,/mnt/ubna_data_01_mir/recover-20220825/UBNA_002/20220823_033000.WAV,Telephone Field,recover-20220825,002,1795
433.3845,433.3923,27187,38886,Eptesicus serotinus,0.008,0.022,-1,Echolocation,/mnt/ubna_data_01_mir/recover-20220825/UBNA_002/20220823_033000.WAV,Telephone Field,recover-20220825,002,1795
433.4135,433.4186,27187,68512,Myotis bechsteinii,0.053,0.11,-1,Echolocation,/mnt/ubna_data_01_mir/recover-20220825/UBNA_002/20220823_033000.WAV,Telephone Field,recover-20220825,002,1795
433.4145,433.4191,36640,55826,Myotis brandtii,0.16,0.342,-1,Echolocation,/mnt/ubna_data_01_mir/recover-20220825/UBNA_002/20220823_033000.WAV,Telephone Field,recover-20220825,002,1795
433.4235,433.4327,16015,21522,Plecotus auritus,0.013,0.034,-1,Echolocation,/mnt/ubna_data_01_mir/recover-20220825/UBNA_002/20220823_033000.WAV,Telephone Field,recover-20220825,002,1795
433.4335,433.4735,68437,82326,Rhinolophus ferrumequinum,0.021,0.021,-1,Echolocation,/mnt/ubna_data_01_mir/recover-20220825/UBNA_002/20220823_033000.WAV,Telephone Field,recover-20220825,002,1795
433.4475,433.4571,36640,46339,Pipistrellus nathusii,0.022,0.032,-1,Echolocation,/mnt/ubna_data_01_mir/recover-20220825/UBNA_002/20220823_033000.WAV,Telephone Field,recover-20220825,002,1795
433.4485,433.4561,41796,50400,Pipistrellus nathusii,0.016,0.028,-1,Echolocation,/mnt/ubna_data_01_mir/recover-20220825/UBNA_002/20220823_033000.WAV,Telephone Field,recover-20220825,002,1795
433.4495,433.4571,27187,39059,Eptesicus serotinus,0.011,0.028,-1,Echolocation,/mnt/ubna_data_01_mir/recover-20220825/UBNA_002/20220823_033000.WAV,Telephone Field,recover-20220825,002,1795
433.4575,433.4669,37500,42780,Pipistrellus nathusii,0.011,0.023,-1,Echolocation,/mnt/ubna_data_01_mir/recover-20220825/UBNA_002/20220823_033000.WAV,Telephone Field,recover-20220825,002,1795
433.4745,433.4803,33203,44082,Myotis daubentonii,0.009,0.025,-1,Echolocation,/mnt/ubna_data_01_mir/recover-20220825/UBNA_002/20220823_033000.WAV,Telephone Field,recover-20220825,002,1795
433.4755,433.4854,26328,32351,Eptesicus serotinus,0.018,0.046,-1,Echolocation,/mnt/ubna_data_01_mir/recover-20220825/UBNA_002/20220823_033000.WAV,Telephone Field,recover-20220825,002,1795
433.4915,433.4962,37500,57101,Myotis brandtii,0.142,0.353,-1,Echolocation,/mnt/ubna_data_01_mir/recover-20220825/UBNA_002/20220823_033000.WAV,Telephone Field,recover-20220825,002,1795
433.5245,433.533,37500,45704,Pipistrellus nathusii,0.01,0.022,-1,Echolocation,/mnt/ubna_data_01_mir/recover-20220825/UBNA_002/20220823_033000.WAV,Telephone Field,recover-20220825,002,1795
433.5565,433.5638,27187,38559,Eptesicus serotinus,0.006,0.022,-1,Echolocation,/mnt/ubna_data_01_mir/recover-20220825/UBNA_002/20220823_033000.WAV,Telephone Field,recover-20220825,002,1795
433.5995,433.6045,27187,67542,Myotis bechsteinii,0.057,0.104,-1,Echolocation,/mnt/ubna_data_01_mir/recover-20220825/UBNA_002/20220823_033000.WAV,Telephone Field,recover-20220825,002,1795
433.6015,433.6059,38359,52556,Pipistrellus nathusii,0.172,0.299,-1,Echolocation,/mnt/ubna_data_01_mir/recover-20220825/UBNA_002/20220823_033000.WAV,Telephone Field,recover-20220825,002,1795
433.6135,433.6465,68437,81951,Rhinolophus ferrumequinum,0.022,0.022,-1,Echolocation,/mnt/ubna_data_01_mir/recover-20220825/UBNA_002/20220823_033000.WAV,Telephone Field,recover-20220825,002,1795
433.6395,433.6775,68437,82025,Rhinolophus ferrumequinum,0.022,0.022,-1,Echolocation,/mnt/ubna_data_01_mir/recover-20220825/UBNA_002/20220823_033000.WAV,Telephone Field,recover-20220825,002,1795
433.66949999999997,433.6752,37500,59026,Myotis brandtii,0.162,0.376,-1,Echolocation,/mnt/ubna_data_01_mir/recover-20220825/UBNA_002/20220823_033000.WAV,Telephone Field,recover-20220825,002,1795
433.6825,433.6932,22890,27048,Nyctalus leisleri,0.01,0.021,-1,Echolocation,/mnt/ubna_data_01_mir/recover-20220825/UBNA_002/20220823_033000.WAV,Telephone Field,recover-20220825,002,1795
433.6915,433.7297,68437,81937,Rhinolophus ferrumequinum,0.021,0.021,-1,Echolocation,/mnt/ubna_data_01_mir/recover-20220825/UBNA_002/20220823_033000.WAV,Telephone Field,recover-20220825,002,1795
433.7095,433.7195,28046,34736,Eptesicus serotinus,0.009,0.022,-1,Echolocation,/mnt/ubna_data_01_mir/recover-20220825/UBNA_002/20220823_033000.WAV,Telephone Field,recover-20220825,002,1795
433.7345,433.7473,50390,54709,Pipistrellus pygmaeus,0.011,0.022,-1,Echolocation,/mnt/ubna_data_01_mir/recover-20220825/UBNA_002/20220823_033000.WAV,Telephone Field,recover-20220825,002,1795
433.7375,433.7428,27187,72450,Myotis bechsteinii,0.066,0.113,-1,Echolocation,/mnt/ubna_data_01_mir/recover-20220825/UBNA_002/20220823_033000.WAV,Telephone Field,recover-20220825,002,1795
433.7385,433.7433,37500,54679,Pipistrellus nathusii,0.178,0.45,-1,Echolocation,/mnt/ubna_data_01_mir/recover-20220825/UBNA_002/20220823_033000.WAV,Telephone Field,recover-20220825,002,1795
433.7665,433.8024,68437,82150,Rhinolophus ferrumequinum,0.021,0.021,-1,Echolocation,/mnt/ubna_data_01_mir/recover-20220825/UBNA_002/20220823_033000.WAV,Telephone Field,recover-20220825,002,1795
433.7895,433.8262,68437,81332,Rhinolophus ferrumequinum,0.024,0.024,-1,Echolocation,/mnt/ubna_data_01_mir/recover-20220825/UBNA_002/20220823_033000.WAV,Telephone Field,recover-20220825,002,1795
433.7965,433.8034,24609,39426,Plecotus auritus,0.006,0.021,-1,Echolocation,/mnt/ubna_data_01_mir/recover-20220825/UBNA_002/20220823_033000.WAV,Telephone Field,recover-20220825,002,1795
433.7985,433.8038,35781,55923,Myotis brandtii,0.017,0.03,-1,Echolocation,/mnt/ubna_data_01_mir/recover-20220825/UBNA_002/20220823_033000.WAV,Telephone Field,recover-20220825,002,1795
433.8265,433.8319,39218,58235,Myotis brandtii,0.211,0.466,-1,Echolocation,/mnt/ubna_data_01_mir/recover-20220825/UBNA_002/20220823_033000.WAV,Telephone Field,recover-20220825,002,1795
433.8485,433.8596,28046,33427,Eptesicus serotinus,0.015,0.03,-1,Echolocation,/mnt/ubna_data_01_mir/recover-20220825/UBNA_002/20220823_033000.WAV,Telephone Field,recover-20220825,002,1795
433.8625,433.87,27187,37877,Eptesicus serotinus,0.007,0.022,-1,Echolocation,/mnt/ubna_data_01_mir/recover-20220825/UBNA_002/20220823_033000.WAV,Telephone Field,recover-20220825,002,1795
433.8765,433.917,68437,82546,Rhinolophus ferrumequinum,0.023,0.023,-1,Echolocation,/mnt/ubna_data_01_mir/recover-20220825/UBNA_002/20220823_033000.WAV,Telephone Field,recover-20220825,002,1795
433.9045,433.9097,40078,53781,Pipistrellus nathusii,0.189,0.4,-1,Echolocation,/mnt/ubna_data_01_mir/recover-20220825/UBNA_002/20220823_033000.WAV,Telephone Field,recover-20220825,002,1795
433.9155,433.9236,27187,36573,Eptesicus serotinus,0.007,0.022,-1,Echolocation,/mnt/ubna_data_01_mir/recover-20220825/UBNA_002/20220823_033000.WAV,Telephone Field,recover-20220825,002,1795
433.9325,433.9727,68437,82493,Rhinolophus ferrumequinum,0.024,0.024,-1,Echolocation,/mnt/ubna_data_01_mir/recover-20220825/UBNA_002/20220823_033000.WAV,Telephone Field,recover-20220825,002,1795
433.9365,433.9462,24609,31311,Eptesicus serotinus,0.008,0.022,-1,Echolocation,/mnt/ubna_data_01_mir/recover-20220825/UBNA_002/20220823_033000.WAV,Telephone Field,recover-20220825,002,1795
433.95550000000003,433.9934,68437,81801,Rhinolophus ferrumequinum,0.026,0.026,-1,Echolocation,/mnt/ubna_data_01_mir/recover-20220825/UBNA_002/20220823_033000.WAV,Telephone Field,recover-20220825,002,1795
433.9565,433.9641,27187,34415,Eptesicus serotinus,0.009,0.022,-1,Echolocation,/mnt/ubna_data_01_mir/recover-20220825/UBNA_002/20220823_033000.WAV,Telephone Field,recover-20220825,002,1795
433.9685,433.9737,40078,53832,Barbastellus barbastellus,0.133,0.304,-1,Echolocation,/mnt/ubna_data_01_mir/recover-20220825/UBNA_002/20220823_033000.WAV,Telephone Field,recover-20220825,002,1795
433.9845,433.9922,27187,39256,Eptesicus serotinus,0.008,0.023,-1,Echolocation,/mnt/ubna_data_01_mir/recover-20220825/UBNA_002/20220823_033000.WAV,Telephone Field,recover-20220825,002,1795
434.0015,434.0127,47812,55540,Pipistrellus pipistrellus,0.02,0.029,-1,Echolocation,/mnt/ubna_data_01_mir/recover-20220825/UBNA_002/20220823_033000.WAV,Telephone Field,recover-20220825,002,1795
434.0015,434.0345,68437,80062,Rhinolophus ferrumequinum,0.031,0.031,-1,Echolocation,/mnt/ubna_data_01_mir/recover-20220825/UBNA_002/20220823_033000.WAV,Telephone Field,recover-20220825,002,1795
434.0015,434.0095,26328,39855,Myotis nattereri,0.006,0.028,-1,Echolocation,/mnt/ubna_data_01_mir/recover-20220825/UBNA_002/20220823_033000.WAV,Telephone Field,recover-20220825,002,1795
434.0015,434.0141,55546,64216,Pipistrellus pygmaeus,0.02,0.023,-1,Echolocation,/mnt/ubna_data_01_mir/recover-20220825/UBNA_002/20220823_033000.WAV,Telephone Field,recover-20220825,002,1795
434.0065,434.0143,28046,42779,Myotis daubentonii,0.009,0.028,-1,Echolocation,/mnt/ubna_data_01_mir/recover-20220825/UBNA_002/20220823_033000.WAV,Telephone Field,recover-20220825,002,1795
434.0395,434.0509,42656,54644,Pipistrellus nathusii,0.278,0.343,-1,Echolocation,/mnt/ubna_data_01_mir/recover-20220825/UBNA_002/20220823_033000.WAV,Telephone Field,recover-20220825,002,1795
434.0625,434.0686,46953,63372,Pipistrellus pipistrellus,0.016,0.028,-1,Echolocation,/mnt/ubna_data_01_mir/recover-20220825/UBNA_002/20220823_033000.WAV,Telephone Field,recover-20220825,002,1795
434.1005,434.1087,55546,60169,Pipistrellus pygmaeus,0.029,0.03,-1,Echolocation,/mnt/ubna_data_01_mir/recover-20220825/UBNA_002/20220823_033000.WAV,Telephone Field,recover-20220825,002,1795
434.1015,434.111,41796,59144,Pipistrellus nathusii,0.266,0.43,-1,Echolocation,/mnt/ubna_data_01_mir/recover-20220825/UBNA_002/20220823_033000.WAV,Telephone Field,recover-20220825,002,1795
434.1035,434.1088,30625,76629,Myotis brandtii,0.036,0.051,-1,Echolocation,/mnt/ubna_data_01_mir/recover-20220825/UBNA_002/20220823_033000.WAV,Telephone Field,recover-20220825,002,1795
434.1755,434.183,28046,37459,Eptesicus serotinus,0.007,0.023,-1,Echolocation,/mnt/ubna_data_01_mir/recover-20220825/UBNA_002/20220823_033000.WAV,Telephone Field,recover-20220825,002,1795
434.1855,434.1964,55546,61700,Pipistrellus pygmaeus,0.023,0.024,-1,Echolocation,/mnt/ubna_data_01_mir/recover-20220825/UBNA_002/20220823_033000.WAV,Telephone Field,recover-20220825,002,1795
434.1895,434.2006,41796,55266,Pipistrellus nathusii,0.283,0.329,-1,Echolocation,/mnt/ubna_data_01_mir/recover-20220825/UBNA_002/20220823_033000.WAV,Telephone Field,recover-20220825,002,1795
434.2115,434.2473,68437,81863,Rhinolophus ferrumequinum,0.026,0.026,-1,Echolocation,/mnt/ubna_data_01_mir/recover-20220825/UBNA_002/20220823_033000.WAV,Telephone Field,recover-20220825,002,1795
434.2205,434.2304,49531,56879,Pipistrellus pipistrellus,0.04,0.045,-1,Echolocation,/mnt/ubna_data_01_mir/recover-20220825/UBNA_002/20220823_033000.WAV,Telephone Field,recover-20220825,002,1795
434.2395,434.2473,55546,63441,Pipistrellus pygmaeus,0.027,0.028,-1,Echolocation,/mnt/ubna_data_01_mir/recover-20220825/UBNA_002/20220823_033000.WAV,Telephone Field,recover-20220825,002,1795
434.2405,434.2787,68437,81749,Rhinolophus ferrumequinum,0.023,0.023,-1,Echolocation,/mnt/ubna_data_01_mir/recover-20220825/UBNA_002/20220823_033000.WAV,Telephone Field,recover-20220825,002,1795
434.2415,434.2497,46093,57843,Pipistrellus pipistrellus,0.014,0.026,-1,Echolocation,/mnt/ubna_data_01_mir/recover-20220825/UBNA_002/20220823_033000.WAV,Telephone Field,recover-20220825,002,1795
434.2595,434.2957,68437,81807,Rhinolophus ferrumequinum,0.022,0.022,-1,Echolocation,/mnt/ubna_data_01_mir/recover-20220825/UBNA_002/20220823_033000.WAV,Telephone Field,recover-20220825,002,1795
434.2715,434.2768,30625,73648,Myotis brandtii,0.025,0.04,-1,Echolocation,/mnt/ubna_data_01_mir/recover-20220825/UBNA_002/20220823_033000.WAV,Telephone Field,recover-20220825,002,1795
434.2715,434.2815,42656,58224,Pipistrellus nathusii,0.24,0.401,-1,Echolocation,/mnt/ubna_data_01_mir/recover-20220825/UBNA_002/20220823_033000.WAV,Telephone Field,recover-20220825,002,1795
434.3045,434.3156,23750,29736,Nyctalus leisleri,0.007,0.023,-1,Echolocation,/mnt/ubna_data_01_mir/recover-20220825/UBNA_002/20220823_033000.WAV,Telephone Field,recover-20220825,002,1795
434.3055,434.3132,47812,53757,Pipistrellus pipistrellus,0.024,0.026,-1,Echolocation,/mnt/ubna_data_01_mir/recover-20220825/UBNA_002/20220823_033000.WAV,Telephone Field,recover-20220825,002,1795
434.3215,434.3297,57265,66701,Pipistrellus pygmaeus,0.024,0.024,-1,Echolocation,/mnt/ubna_data_01_mir/recover-20220825/UBNA_002/20220823_033000.WAV,Telephone Field,recover-20220825,002,1795
434.3285,434.3618,68437,80797,Rhinolophus ferrumequinum,0.021,0.021,-1,Echolocation,/mnt/ubna_data_01_mir/recover-20220825/UBNA_002/20220823_033000.WAV,Telephone Field,recover-20220825,002,1795
434.3535,434.387,68437,81403,Rhinolophus ferrumequinum,0.022,0.022,-1,Echolocation,/mnt/ubna_data_01_mir/recover-20220825/UBNA_002/20220823_033000.WAV,Telephone Field,recover-20220825,002,1795
434.3625,434.3937,68437,80349,Rhinolophus ferrumequinum,0.021,0.021,-1,Echolocation,/mnt/ubna_data_01_mir/recover-20220825/UBNA_002/20220823_033000.WAV,Telephone Field,recover-20220825,002,1795
434.3625,434.3733,41796,48366,Pipistrellus nathusii,0.289,0.392,-1,Echolocation,/mnt/ubna_data_01_mir/recover-20220825/UBNA_002/20220823_033000.WAV,Telephone Field,recover-20220825,002,1795
434.3645,434.3696,28906,78972,Myotis brandtii,0.036,0.062,-1,Echolocation,/mnt/ubna_data_01_mir/recover-20220825/UBNA_002/20220823_033000.WAV,Telephone Field,recover-20220825,002,1795
434.3735,434.3805,54687,65131,Pipistrellus pygmaeus,0.023,0.024,-1,Echolocation,/mnt/ubna_data_01_mir/recover-20220825/UBNA_002/20220823_033000.WAV,Telephone Field,recover-20220825,002,1795
434.3855,434.3932,51250,58861,Pipistrellus pipistrellus,0.017,0.021,-1,Echolocation,/mnt/ubna_data_01_mir/recover-20220825/UBNA_002/20220823_033000.WAV,Telephone Field,recover-20220825,002,1795
434.4065,434.4139,28046,41117,Eptesicus serotinus,0.007,0.021,-1,Echolocation,/mnt/ubna_data_01_mir/recover-20220825/UBNA_002/20220823_033000.WAV,Telephone Field,recover-20220825,002,1795
434.4305,434.4366,40078,61148,Pipistrellus nathusii,0.194,0.479,-1,Echolocation,/mnt/ubna_data_01_mir/recover-20220825/UBNA_002/20220823_033000.WAV,Telephone Field,recover-20220825,002,1795
434.4455,434.4799,68437,81482,Rhinolophus ferrumequinum,0.024,0.024,-1,Echolocation,/mnt/ubna_data_01_mir/recover-20220825/UBNA_002/20220823_033000.WAV,Telephone Field,recover-20220825,002,1795
434.4915,434.505,44375,52295,Pipistrellus nathusii,0.236,0.3,-1,Echolocation,/mnt/ubna_data_01_mir/recover-20220825/UBNA_002/20220823_033000.WAV,Telephone Field,recover-20220825,002,1795
434.4995,434.5372,68437,82096,Rhinolophus ferrumequinum,0.022,0.022,-1,Echolocation,/mnt/ubna_data_01_mir/recover-20220825/UBNA_002/20220823_033000.WAV,Telephone Field,recover-20220825,002,1795
434.5195,434.5578,68437,82469,Rhinolophus ferrumequinum,0.021,0.021,-1,Echolocation,/mnt/ubna_data_01_mir/recover-20220825/UBNA_002/20220823_033000.WAV,Telephone Field,recover-20220825,002,1795
434.5455,434.5848,68437,81686,Rhinolophus ferrumequinum,0.023,0.023,-1,Echolocation,/mnt/ubna_data_01_mir/recover-20220825/UBNA_002/20220823_033000.WAV,Telephone Field,recover-20220825,002,1795
434.5475,434.5627,41796,53558,Pipistrellus nathusii,0.151,0.266,-1,Echolocation,/mnt/ubna_data_01_mir/recover-20220825/UBNA_002/20220823_033000.WAV,Telephone Field,recover-20220825,002,1795
434.5905,434.5972,49531,56387,Pipistrellus pipistrellus,0.024,0.027,-1,Echolocation,/mnt/ubna_data_01_mir/recover-20220825/UBNA_002/20220823_033000.WAV,Telephone Field,recover-20220825,002,1795
434.6025,434.61469999999997,41796,54827,Pipistrellus nathusii,0.195,0.29,-1,Echolocation,/mnt/ubna_data_01_mir/recover-20220825/UBNA_002/20220823_033000.WAV,Telephone Field,recover-20220825,002,1795
434.6125,434.6196,27187,40368,Eptesicus serotinus,0.007,0.022,-1,Echolocation,/mnt/ubna_data_01_mir/recover-20220825/UBNA_002/20220823_033000.WAV,Telephone Field,recover-20220825,002,1795
434.6665,434.6742,41796,60626,Pipistrellus nathusii,0.164,0.336,-1,Echolocation,/mnt/ubna_data_01_mir/recover-20220825/UBNA_002/20220823_033000.WAV,Telephone Field,recover-20220825,002,1795
434.7025,434.7158,60703,67771,Pipistrellus pygmaeus,0.023,0.024,-1,Echolocation,/mnt/ubna_data_01_mir/recover-20220825/UBNA_002/20220823_033000.WAV,Telephone Field,recover-20220825,002,1795
434.7035,434.7412,68437,81959,Rhinolophus ferrumequinum,0.022,0.022,-1,Echolocation,/mnt/ubna_data_01_mir/recover-20220825/UBNA_002/20220823_033000.WAV,Telephone Field,recover-20220825,002,1795
434.7315,434.7406,42656,59906,Pipistrellus nathusii,0.203,0.314,-1,Echolocation,/mnt/ubna_data_01_mir/recover-20220825/UBNA_002/20220823_033000.WAV,Telephone Field,recover-20220825,002,1795
434.7975,434.8078,41796,60315,Pipistrellus nathusii,0.205,0.387,-1,Echolocation,/mnt/ubna_data_01_mir/recover-20220825/UBNA_002/20220823_033000.WAV,Telephone Field,recover-20220825,002,1795
434.8075,434.843,68437,81178,Rhinolophus ferrumequinum,0.021,0.021,-1,Echolocation,/mnt/ubna_data_01_mir/recover-20220825/UBNA_002/20220823_033000.WAV,Telephone Field,recover-20220825,002,1795
434.8605,434.8674,42656,64244,Myotis brandtii,0.126,0.307,-1,Echolocation,/mnt/ubna_data_01_mir/recover-20220825/UBNA_002/20220823_033000.WAV,Telephone Field,recover-20220825,002,1795
434.8635,434.8736,55546,61162,Pipistrellus pygmaeus,0.022,0.023,-1,Echolocation,/mnt/ubna_data_01_mir/recover-20220825/UBNA_002/20220823_033000.WAV,Telephone Field,recover-20220825,002,1795
434.9175,434.9288,49531,58793,Pipistrellus pipistrellus,0.019,0.037,-1,Echolocation,/mnt/ubna_data_01_mir/recover-20220825/UBNA_002/20220823_033000.WAV,Telephone Field,recover-20220825,002,1795
434.9215,434.9268,28046,94096,Myotis brandtii,0.073,0.127,-1,Echolocation,/mnt/ubna_data_01_mir/recover-20220825/UBNA_002/20220823_033000.WAV,Telephone Field,recover-20220825,002,1795
434.9215,434.9273,37500,76960,Myotis brandtii,0.34,0.436,-1,Echolocation,/mnt/ubna_data_01_mir/recover-20220825/UBNA_002/20220823_033000.WAV,Telephone Field,recover-20220825,002,1795
434.9305,434.9364,34062,49854,Myotis daubentonii,0.012,0.024,-1,Echolocation,/mnt/ubna_data_01_mir/recover-20220825/UBNA_002/20220823_033000.WAV,Telephone Field,recover-20220825,002,1795
434.9405,434.9791,68437,82076,Rhinolophus ferrumequinum,0.023,0.023,-1,Echolocation,/mnt/ubna_data_01_mir/recover-20220825/UBNA_002/20220823_033000.WAV,Telephone Field,recover-20220825,002,1795
434.95550000000003,434.9952,68437,82819,Rhinolophus ferrumequinum,0.03,0.03,-1,Echolocation,/mnt/ubna_data_01_mir/recover-20220825/UBNA_002/20220823_033000.WAV,Telephone Field,recover-20220825,002,1795
434.9965,435.0053,55546,60672,Pipistrellus pygmaeus,0.031,0.032,-1,Echolocation,/mnt/ubna_data_01_mir/recover-20220825/UBNA_002/20220823_033000.WAV,Telephone Field,recover-20220825,002,1795
434.9965,435.0024,38359,74001,Myotis brandtii,0.399,0.481,-1,Echolocation,/mnt/ubna_data_01_mir/recover-20220825/UBNA_002/20220823_033000.WAV,Telephone Field,recover-20220825,002,1795
435.0325,435.0697,68437,81454,Rhinolophus ferrumequinum,0.021,0.021,-1,Echolocation,/mnt/ubna_data_01_mir/recover-20220825/UBNA_002/20220823_033000.WAV,Telephone Field,recover-20220825,002,1795
435.0325,435.043,28906,39876,Eptesicus serotinus,0.013,0.029,-1,Echolocation,/mnt/ubna_data_01_mir/recover-20220825/UBNA_002/20220823_033000.WAV,Telephone Field,recover-20220825,002,1795
435.0865,435.0961,49531,57010,Pipistrellus pygmaeus,0.062,0.134,-1,Echolocation,/mnt/ubna_data_01_mir/recover-20220825/UBNA_002/20220823_033000.WAV,Telephone Field,recover-20220825,002,1795
435.0885,435.0948,36640,77162,Myotis brandtii,0.341,0.426,-1,Echolocation,/mnt/ubna_data_01_mir/recover-20220825/UBNA_002/20220823_033000.WAV,Telephone Field,recover-20220825,002,1795
435.0975,435.1032,38359,54356,Myotis brandtii,0.014,0.027,-1,Echolocation,/mnt/ubna_data_01_mir/recover-20220825/UBNA_002/20220823_033000.WAV,Telephone Field,recover-20220825,002,1795
435.1425,435.1485,40078,69639,Pipistrellus nathusii,0.224,0.429,-1,Echolocation,/mnt/ubna_data_01_mir/recover-20220825/UBNA_002/20220823_033000.WAV,Telephone Field,recover-20220825,002,1795
435.1435,435.1511,49531,57196,Pipistrellus pipistrellus,0.016,0.027,-1,Echolocation,/mnt/ubna_data_01_mir/recover-20220825/UBNA_002/20220823_033000.WAV,Telephone Field,recover-20220825,002,1795
435.1715,435.2134,68437,82567,Rhinolophus ferrumequinum,0.021,0.021,-1,Echolocation,/mnt/ubna_data_01_mir/recover-20220825/UBNA_002/20220823_033000.WAV,Telephone Field,recover-20220825,002,1795
435.1795,435.1872,28906,35425,Eptesicus serotinus,0.01,0.025,-1,Echolocation,/mnt/ubna_data_01_mir/recover-20220825/UBNA_002/20220823_033000.WAV,Telephone Field,recover-20220825,002,1795
435.1845,435.1962,57265,64559,Pipistrellus pygmaeus,0.021,0.023,-1,Echolocation,/mnt/ubna_data_01_mir/recover-20220825/UBNA_002/20220823_033000.WAV,Telephone Field,recover-20220825,002,1795
435.1925,435.1982,40937,70895,Myotis brandtii,0.133,0.314,-1,Echolocation,/mnt/ubna_data_01_mir/recover-20220825/UBNA_002/20220823_033000.WAV,Telephone Field,recover-20220825,002,1795
435.1925,435.1987,36640,77554,Myotis brandtii,0.221,0.291,-1,Echolocation,/mnt/ubna_data_01_mir/recover-20220825/UBNA_002/20220823_033000.WAV,Telephone Field,recover-20220825,002,1795
435.1945,435.2019,49531,57212,Pipistrellus pipistrellus,0.023,0.038,-1,Echolocation,/mnt/ubna_data_01_mir/recover-20220825/UBNA_002/20220823_033000.WAV,Telephone Field,recover-20220825,002,1795
435.2105,435.2438,68437,80564,Rhinolophus ferrumequinum,0.021,0.022,-1,Echolocation,/mnt/ubna_data_01_mir/recover-20220825/UBNA_002/20220823_033000.WAV,Telephone Field,recover-20220825,002,1795
435.2515,435.2624,54687,59828,Pipistrellus pygmaeus,0.02,0.021,-1,Echolocation,/mnt/ubna_data_01_mir/recover-20220825/UBNA_002/20220823_033000.WAV,Telephone Field,recover-20220825,002,1795
435.2525,435.258,41796,68458,Pipistrellus nathusii,0.207,0.438,-1,Echolocation,/mnt/ubna_data_01_mir/recover-20220825/UBNA_002/20220823_033000.WAV,Telephone Field,recover-20220825,002,1795
435.2605,435.267,37500,52480,Myotis brandtii,0.009,0.022,-1,Echolocation,/mnt/ubna_data_01_mir/recover-20220825/UBNA_002/20220823_033000.WAV,Telephone Field,recover-20220825,002,1795
435.2995,435.3066,28906,35850,Eptesicus serotinus,0.008,0.023,-1,Echolocation,/mnt/ubna_data_01_mir/recover-20220825/UBNA_002/20220823_033000.WAV,Telephone Field,recover-20220825,002,1795
435.3115,435.319,51250,59048,Pipistrellus pygmaeus,0.028,0.041,-1,Echolocation,/mnt/ubna_data_01_mir/recover-20220825/UBNA_002/20220823_033000.WAV,Telephone Field,recover-20220825,002,1795
435.3145,435.3214,36640,83691,Myotis brandtii,0.352,0.403,-1,Echolocation,/mnt/ubna_data_01_mir/recover-20220825/UBNA_002/20220823_033000.WAV,Telephone Field,recover-20220825,002,1795
435.3805,435.3871,36640,82942,Myotis brandtii,0.393,0.456,-1,Echolocation,/mnt/ubna_data_01_mir/recover-20220825/UBNA_002/20220823_033000.WAV,Telephone Field,recover-20220825,002,1795
435.3825,435.3895,47812,54771,Pipistrellus pipistrellus,0.049,0.089,-1,Echolocation,/mnt/ubna_data_01_mir/recover-20220825/UBNA_002/20220823_033000.WAV,Telephone Field,recover-20220825,002,1795
435.4565,435.4652,55546,61355,Pipistrellus pygmaeus,0.026,0.029,-1,Echolocation,/mnt/ubna_data_01_mir/recover-20220825/UBNA_002/20220823_033000.WAV,Telephone Field,recover-20220825,002,1795
435.4585,435.4647,38359,79961,Myotis brandtii,0.302,0.354,-1,Echolocation,/mnt/ubna_data_01_mir/recover-20220825/UBNA_002/20220823_033000.WAV,Telephone Field,recover-20220825,002,1795
435.4885,435.5261,68437,82057,Rhinolophus ferrumequinum,0.022,0.022,-1,Echolocation,/mnt/ubna_data_01_mir/recover-20220825/UBNA_002/20220823_033000.WAV,Telephone Field,recover-20220825,002,1795
435.5095,435.5165,37500,50365,Myotis brandtii,0.008,0.025,-1,Echolocation,/mnt/ubna_data_01_mir/recover-20220825/UBNA_002/20220823_033000.WAV,Telephone Field,recover-20220825,002,1795
435.5505,435.5572,34921,76479,Myotis brandtii,0.357,0.467,-1,Echolocation,/mnt/ubna_data_01_mir/recover-20220825/UBNA_002/20220823_033000.WAV,Telephone Field,recover-20220825,002,1795
435.5505,435.5585,48671,57401,Pipistrellus pipistrellus,0.02,0.033,-1,Echolocation,/mnt/ubna_data_01_mir/recover-20220825/UBNA_002/20220823_033000.WAV,Telephone Field,recover-20220825,002,1795
435.5505,435.5633,53828,60251,Pipistrellus pygmaeus,0.03,0.038,-1,Echolocation,/mnt/ubna_data_01_mir/recover-20220825/UBNA_002/20220823_033000.WAV,Telephone Field,recover-20220825,002,1795
435.5585,435.5661,42656,55221,Pipistrellus pipistrellus,0.014,0.035,-1,Echolocation,/mnt/ubna_data_01_mir/recover-20220825/UBNA_002/20220823_033000.WAV,Telephone Field,recover-20220825,002,1795
435.5595,435.5649,36640,58959,Myotis brandtii,0.021,0.035,-1,Echolocation,/mnt/ubna_data_01_mir/recover-20220825/UBNA_002/20220823_033000.WAV,Telephone Field,recover-20220825,002,1795
435.5835,435.5909,26328,35555,Eptesicus serotinus,0.007,0.025,-1,Echolocation,/mnt/ubna_data_01_mir/recover-20220825/UBNA_002/20220823_033000.WAV,Telephone Field,recover-20220825,002,1795
435.5915,435.6265,68437,80371,Rhinolophus ferrumequinum,0.032,0.033,-1,Echolocation,/mnt/ubna_data_01_mir/recover-20220825/UBNA_002/20220823_033000.WAV,Telephone Field,recover-20220825,002,1795
435.6405,435.6549,47812,52734,Pipistrellus pipistrellus,0.031,0.049,-1,Echolocation,/mnt/ubna_data_01_mir/recover-20220825/UBNA_002/20220823_033000.WAV,Telephone Field,recover-20220825,002,1795
435.6435,435.6498,34921,76041,Myotis brandtii,0.441,0.524,-1,Echolocation,/mnt/ubna_data_01_mir/recover-20220825/UBNA_002/20220823_033000.WAV,Telephone Field,recover-20220825,002,1795
435.6525,435.6587,33203,49618,Myotis daubentonii,0.01,0.023,-1,Echolocation,/mnt/ubna_data_01_mir/recover-20220825/UBNA_002/20220823_033000.WAV,Telephone Field,recover-20220825,002,1795
435.6535,435.6614,27187,35452,Eptesicus serotinus,0.006,0.023,-1,Echolocation,/mnt/ubna_data_01_mir/recover-20220825/UBNA_002/20220823_033000.WAV,Telephone Field,recover-20220825,002,1795
435.6745,435.7141,68437,82920,Rhinolophus ferrumequinum,0.033,0.033,-1,Echolocation,/mnt/ubna_data_01_mir/recover-20220825/UBNA_002/20220823_033000.WAV,Telephone Field,recover-20220825,002,1795
435.7195,435.7271,28046,34569,Eptesicus serotinus,0.008,0.024,-1,Echolocation,/mnt/ubna_data_01_mir/recover-20220825/UBNA_002/20220823_033000.WAV,Telephone Field,recover-20220825,002,1795
435.7255,435.7366,52109,57770,Pipistrellus pipistrellus,0.019,0.034,-1,Echolocation,/mnt/ubna_data_01_mir/recover-20220825/UBNA_002/20220823_033000.WAV,Telephone Field,recover-20220825,002,1795
435.7335,435.7402,33203,79130,Myotis brandtii,0.309,0.376,-1,Echolocation,/mnt/ubna_data_01_mir/recover-20220825/UBNA_002/20220823_033000.WAV,Telephone Field,recover-20220825,002,1795
435.7425,435.7479,35781,60567,Myotis brandtii,0.019,0.028,-1,Echolocation,/mnt/ubna_data_01_mir/recover-20220825/UBNA_002/20220823_033000.WAV,Telephone Field,recover-20220825,002,1795
435.8285,435.8344,26328,93071,Myotis bechsteinii,0.071,0.131,-1,Echolocation,/mnt/ubna_data_01_mir/recover-20220825/UBNA_002/20220823_033000.WAV,Telephone Field,recover-20220825,002,1795
435.8285,435.8342,37500,59776,Myotis brandtii,0.258,0.532,-1,Echolocation,/mnt/ubna_data_01_mir/recover-20220825/UBNA_002/20220823_033000.WAV,Telephone Field,recover-20220825,002,1795
435.8375,435.8433,32343,52466,Myotis daubentonii,0.013,0.029,-1,Echolocation,/mnt/ubna_data_01_mir/recover-20220825/UBNA_002/20220823_033000.WAV,Telephone Field,recover-20220825,002,1795
435.8595,435.8676,49531,56765,Pipistrellus pipistrellus,0.018,0.022,-1,Echolocation,/mnt/ubna_data_01_mir/recover-20220825/UBNA_002/20220823_033000.WAV,Telephone Field,recover-20220825,002,1795
435.8815,435.9196,68437,81860,Rhinolophus ferrumequinum,0.022,0.022,-1,Echolocation,/mnt/ubna_data_01_mir/recover-20220825/UBNA_002/20220823_033000.WAV,Telephone Field,recover-20220825,002,1795
435.8835,435.8903,28046,43556,Eptesicus serotinus,0.007,0.023,-1,Echolocation,/mnt/ubna_data_01_mir/recover-20220825/UBNA_002/20220823_033000.WAV,Telephone Field,recover-20220825,002,1795
435.8835,435.8903,33203,44088,Myotis daubentonii,0.008,0.022,-1,Echolocation,/mnt/ubna_data_01_mir/recover-20220825/UBNA_002/20220823_033000.WAV,Telephone Field,recover-20220825,002,1795
435.8845,435.8939,56406,65795,Pipistrellus pygmaeus,0.024,0.024,-1,Echolocation,/mnt/ubna_data_01_mir/recover-20220825/UBNA_002/20220823_033000.WAV,Telephone Field,recover-20220825,002,1795
435.9115,435.9211,49531,54631,Pipistrellus pipistrellus,0.049,0.083,-1,Echolocation,/mnt/ubna_data_01_mir/recover-20220825/UBNA_002/20220823_033000.WAV,Telephone Field,recover-20220825,002,1795
435.9155,435.9219,26328,77779,Myotis bechsteinii,0.079,0.122,-1,Echolocation,/mnt/ubna_data_01_mir/recover-20220825/UBNA_002/20220823_033000.WAV,Telephone Field,recover-20220825,002,1795
435.9155,435.9219,34921,67627,Pipistrellus nathusii,0.184,0.485,-1,Echolocation,/mnt/ubna_data_01_mir/recover-20220825/UBNA_002/20220823_033000.WAV,Telephone Field,recover-20220825,002,1795
435.9245,435.9295,34921,63249,Myotis brandtii,0.021,0.038,-1,Echolocation,/mnt/ubna_data_01_mir/recover-20220825/UBNA_002/20220823_033000.WAV,Telephone Field,recover-20220825,002,1795
435.9485,435.9878,68437,81879,Rhinolophus ferrumequinum,0.036,0.036,-1,Echolocation,/mnt/ubna_data_01_mir/recover-20220825/UBNA_002/20220823_033000.WAV,Telephone Field,recover-20220825,002,1795
435.9545,435.9634,28046,38809,Eptesicus serotinus,0.011,0.028,-1,Echolocation,/mnt/ubna_data_01_mir/recover-20220825/UBNA_002/20220823_033000.WAV,Telephone Field,recover-20220825,002,1795
435.9785,435.9874,26328,35500,Eptesicus serotinus,0.011,0.026,-1,Echolocation,/mnt/ubna_data_01_mir/recover-20220825/UBNA_002/20220823_033000.WAV,Telephone Field,recover-20220825,002,1795
436.0015,436.0289,68437,79480,Rhinolophus ferrumequinum,0.026,0.027,-1,Echolocation,/mnt/ubna_data_01_mir/recover-20220825/UBNA_002/20220823_033000.WAV,Telephone Field,recover-20220825,002,1795
436.0015,436.0101,22031,28172,Nyctalus leisleri,0.01,0.03,-1,Echolocation,/mnt/ubna_data_01_mir/recover-20220825/UBNA_002/20220823_033000.WAV,Telephone Field,recover-20220825,002,1795
436.0015,436.0121,34921,44777,Pipistrellus nathusii,0.012,0.03,-1,Echolocation,/mnt/ubna_data_01_mir/recover-20220825/UBNA_002/20220823_033000.WAV,Telephone Field,recover-20220825,002,1795
436.0015,436.0108,46953,57719,Pipistrellus pipistrellus,0.014,0.03,-1,Echolocation,/mnt/ubna_data_01_mir/recover-20220825/UBNA_002/20220823_033000.WAV,Telephone Field,recover-20220825,002,1795
436.0115,436.0186,40078,54771,Pipistrellus nathusii,0.541,0.584,-1,Echolocation,/mnt/ubna_data_01_mir/recover-20220825/UBNA_002/20220823_033000.WAV,Telephone Field,recover-20220825,002,1795
436.0185,436.0245,26328,38972,Myotis nattereri,0.005,0.027,-1,Echolocation,/mnt/ubna_data_01_mir/recover-20220825/UBNA_002/20220823_033000.WAV,Telephone Field,recover-20220825,002,1795
436.0545,436.0719,21171,23854,Nyctalus leisleri,0.014,0.023,-1,Echolocation,/mnt/ubna_data_01_mir/recover-20220825/UBNA_002/20220823_033000.WAV,Telephone Field,recover-20220825,002,1795
436.0655,436.074,28046,38673,Eptesicus serotinus,0.01,0.027,-1,Echolocation,/mnt/ubna_data_01_mir/recover-20220825/UBNA_002/20220823_033000.WAV,Telephone Field,recover-20220825,002,1795
436.0855,436.0922,36640,48578,Myotis brandtii,0.008,0.022,-1,Echolocation,/mnt/ubna_data_01_mir/recover-20220825/UBNA_002/20220823_033000.WAV,Telephone Field,recover-20220825,002,1795
436.0865,436.0927,31484,46644,Myotis daubentonii,0.014,0.026,-1,Echolocation,/mnt/ubna_data_01_mir/recover-20220825/UBNA_002/20220823_033000.WAV,Telephone Field,recover-20220825,002,1795
436.0965,436.1079,51250,55823,Pipistrellus pygmaeus,0.022,0.028,-1,Echolocation,/mnt/ubna_data_01_mir/recover-20220825/UBNA_002/20220823_033000.WAV,Telephone Field,recover-20220825,002,1795
436.1025,436.1148,50390,56516,Pipistrellus pipistrellus,0.018,0.031,-1,Echolocation,/mnt/ubna_data_01_mir/recover-20220825/UBNA_002/20220823_033000.WAV,Telephone Field,recover-20220825,002,1795
436.1025,436.1077,27187,71032,Myotis bechsteinii,0.073,0.123,-1,Echolocation,/mnt/ubna_data_01_mir/recover-20220825/UBNA_002/20220823_033000.WAV,Telephone Field,recover-20220825,002,1795
436.1025,436.1092,35781,60632,Pipistrellus nathusii,0.4,0.458,-1,Echolocation,/mnt/ubna_data_01_mir/recover-20220825/UBNA_002/20220823_033000.WAV,Telephone Field,recover-20220825,002,1795
436.1115,436.1187,38359,48930,Pipistrellus nathusii,0.032,0.045,-1,Echolocation,/mnt/ubna_data_01_mir/recover-20220825/UBNA_002/20220823_033000.WAV,Telephone Field,recover-20220825,002,1795
436.1395,436.1478,28906,37705,Eptesicus serotinus,0.009,0.031,-1,Echolocation,/mnt/ubna_data_01_mir/recover-20220825/UBNA_002/20220823_033000.WAV,Telephone Field,recover-20220825,002,1795
436.1815,436.1889,36640,56868,Pipistrellus nathusii,0.39,0.508,-1,Echolocation,/mnt/ubna_data_01_mir/recover-20220825/UBNA_002/20220823_033000.WAV,Telephone Field,recover-20220825,002,1795
436.1905,436.1971,37500,50509,Pipistrellus nathusii,0.017,0.034,-1,Echolocation,/mnt/ubna_data_01_mir/recover-20220825/UBNA_002/20220823_033000.WAV,Telephone Field,recover-20220825,002,1795
436.1925,436.1976,32343,52518,Myotis brandtii,0.013,0.028,-1,Echolocation,/mnt/ubna_data_01_mir/recover-20220825/UBNA_002/20220823_033000.WAV,Telephone Field,recover-20220825,002,1795
436.1955,436.2051,47812,54368,Pipistrellus pipistrellus,0.013,0.024,-1,Echolocation,/mnt/ubna_data_01_mir/recover-20220825/UBNA_002/20220823_033000.WAV,Telephone Field,recover-20220825,002,1795
436.2095,436.2194,24609,30784,Nyctalus leisleri,0.008,0.023,-1,Echolocation,/mnt/ubna_data_01_mir/recover-20220825/UBNA_002/20220823_033000.WAV,Telephone Field,recover-20220825,002,1795
436.2215,436.2312,28046,38217,Eptesicus serotinus,0.008,0.021,-1,Echolocation,/mnt/ubna_data_01_mir/recover-20220825/UBNA_002/20220823_033000.WAV,Telephone Field,recover-20220825,002,1795
436.2585,436.2665,46093,53935,Pipistrellus pipistrellus,0.02,0.024,-1,Echolocation,/mnt/ubna_data_01_mir/recover-20220825/UBNA_002/20220823_033000.WAV,Telephone Field,recover-20220825,002,1795
436.2805,436.2866,30625,60099,Myotis bechsteinii,0.016,0.04,-1,Echolocation,/mnt/ubna_data_01_mir/recover-20220825/UBNA_002/20220823_033000.WAV,Telephone Field,recover-20220825,002,1795
436.2815,436.2888,38359,52826,Pipistrellus nathusii,0.595,0.647,-1,Echolocation,/mnt/ubna_data_01_mir/recover-20220825/UBNA_002/20220823_033000.WAV,Telephone Field,recover-20220825,002,1795
436.2895,436.2954,32343,46048,Myotis daubentonii,0.01,0.027,-1,Echolocation,/mnt/ubna_data_01_mir/recover-20220825/UBNA_002/20220823_033000.WAV,Telephone Field,recover-20220825,002,1795
436.3095,436.3466,68437,82466,Rhinolophus ferrumequinum,0.021,0.022,-1,Echolocation,/mnt/ubna_data_01_mir/recover-20220825/UBNA_002/20220823_033000.WAV,Telephone Field,recover-20220825,002,1795
436.3115,436.3208,28046,36042,Eptesicus serotinus,0.008,0.022,-1,Echolocation,/mnt/ubna_data_01_mir/recover-20220825/UBNA_002/20220823_033000.WAV,Telephone Field,recover-20220825,002,1795
436.3355,436.3411,33203,44925,Barbastellus barbastellus,0.007,0.024,-1,Echolocation,/mnt/ubna_data_01_mir/recover-20220825/UBNA_002/20220823_033000.WAV,Telephone Field,recover-20220825,002,1795
436.3375,436.3561,22890,26078,Nyctalus leisleri,0.077,0.135,-1,Echolocation,/mnt/ubna_data_01_mir/recover-20220825/UBNA_002/20220823_033000.WAV,Telephone Field,recover-20220825,002,1795
436.35450000000003,436.3626,28046,37325,Eptesicus serotinus,0.007,0.023,-1,Echolocation,/mnt/ubna_data_01_mir/recover-20220825/UBNA_002/20220823_033000.WAV,Telephone Field,recover-20220825,002,1795
436.3595,436.3687,28046,34971,Eptesicus serotinus,0.008,0.022,-1,Echolocation,/mnt/ubna_data_01_mir/recover-20220825/UBNA_002/20220823_033000.WAV,Telephone Field,recover-20220825,002,1795
436.3735,436.3799,27187,65123,Myotis bechsteinii,0.076,0.131,-1,Echolocation,/mnt/ubna_data_01_mir/recover-20220825/UBNA_002/20220823_033000.WAV,Telephone Field,recover-20220825,002,1795
436.3745,436.3819,36640,59963,Pipistrellus nathusii,0.494,0.598,-1,Echolocation,/mnt/ubna_data_01_mir/recover-20220825/UBNA_002/20220823_033000.WAV,Telephone Field,recover-20220825,002,1795
436.3835,436.3903,36640,48740,Pipistrellus nathusii,0.021,0.042,-1,Echolocation,/mnt/ubna_data_01_mir/recover-20220825/UBNA_002/20220823_033000.WAV,Telephone Field,recover-20220825,002,1795
436.3835,436.3886,30625,43531,Myotis daubentonii,0.012,0.029,-1,Echolocation,/mnt/ubna_data_01_mir/recover-20220825/UBNA_002/20220823_033000.WAV,Telephone Field,recover-20220825,002,1795
436.4275,436.4362,28046,36040,Eptesicus serotinus,0.007,0.022,-1,Echolocation,/mnt/ubna_data_01_mir/recover-20220825/UBNA_002/20220823_033000.WAV,Telephone Field,recover-20220825,002,1795
436.4605,436.469,28046,34885,Eptesicus serotinus,0.008,0.022,-1,Echolocation,/mnt/ubna_data_01_mir/recover-20220825/UBNA_002/20220823_033000.WAV,Telephone Field,recover-20220825,002,1795
436.4725,436.4784,29765,55478,Myotis bechsteinii,0.013,0.037,-1,Echolocation,/mnt/ubna_data_01_mir/recover-20220825/UBNA_002/20220823_033000.WAV,Telephone Field,recover-20220825,002,1795
436.4735,436.4794,49531,54659,Pipistrellus pipistrellus,0.019,0.032,-1,Echolocation,/mnt/ubna_data_01_mir/recover-20220825/UBNA_002/20220823_033000.WAV,Telephone Field,recover-20220825,002,1795
436.4735,436.4813,37500,54576,Pipistrellus nathusii,0.616,0.672,-1,Echolocation,/mnt/ubna_data_01_mir/recover-20220825/UBNA_002/20220823_033000.WAV,Telephone Field,recover-20220825,002,1795
436.4825,436.4895,27187,34226,Myotis nattereri,0.004,0.026,-1,Echolocation,/mnt/ubna_data_01_mir/recover-20220825/UBNA_002/20220823_033000.WAV,Telephone Field,recover-20220825,002,1795
436.4975,436.5059,24609,35643,Myotis nattereri,0.006,0.021,-1,Echolocation,/mnt/ubna_data_01_mir/recover-20220825/UBNA_002/20220823_033000.WAV,Telephone Field,recover-20220825,002,1795
436.5185,436.5275,37500,42754,Pipistrellus nathusii,0.028,0.042,-1,Echolocation,/mnt/ubna_data_01_mir/recover-20220825/UBNA_002/20220823_033000.WAV,Telephone Field,recover-20220825,002,1795
436.5575,436.564,46093,50715,Pipistrellus pipistrellus,0.045,0.067,-1,Echolocation,/mnt/ubna_data_01_mir/recover-20220825/UBNA_002/20220823_033000.WAV,Telephone Field,recover-20220825,002,1795
436.5655,436.5718,37500,57813,Pipistrellus nathusii,0.655,0.681,-1,Echolocation,/mnt/ubna_data_01_mir/recover-20220825/UBNA_002/20220823_033000.WAV,Telephone Field,recover-20220825,002,1795
436.5745,436.5797,33203,49146,Myotis brandtii,0.012,0.024,-1,Echolocation,/mnt/ubna_data_01_mir/recover-20220825/UBNA_002/20220823_033000.WAV,Telephone Field,recover-20220825,002,1795
436.5915,436.5986,22890,30546,Plecotus austriacus,0.01,0.021,-1,Echolocation,/mnt/ubna_data_01_mir/recover-20220825/UBNA_002/20220823_033000.WAV,Telephone Field,recover-20220825,002,1795
436.5935,436.6028,16015,23731,Nyctalus noctula,0.008,0.023,-1,Echolocation,/mnt/ubna_data_01_mir/recover-20220825/UBNA_002/20220823_033000.WAV,Telephone Field,recover-20220825,002,1795
436.6465,436.6526,32343,42862,Myotis daubentonii,0.018,0.043,-1,Echolocation,/mnt/ubna_data_01_mir/recover-20220825/UBNA_002/20220823_033000.WAV,Telephone Field,recover-20220825,002,1795
436.6615,436.668,47812,52600,Pipistrellus pipistrellus,0.014,0.024,-1,Echolocation,/mnt/ubna_data_01_mir/recover-20220825/UBNA_002/20220823_033000.WAV,Telephone Field,recover-20220825,002,1795
436.6615,436.6703,39218,50399,Pipistrellus nathusii,0.563,0.596,-1,Echolocation,/mnt/ubna_data_01_mir/recover-20220825/UBNA_002/20220823_033000.WAV,Telephone Field,recover-20220825,002,1795
436.6685,436.7006,68437,80740,Rhinolophus ferrumequinum,0.023,0.023,-1,Echolocation,/mnt/ubna_data_01_mir/recover-20220825/UBNA_002/20220823_033000.WAV,Telephone Field,recover-20220825,002,1795
436.6785,436.7158,68437,81780,Rhinolophus ferrumequinum,0.022,0.022,-1,Echolocation,/mnt/ubna_data_01_mir/recover-20220825/UBNA_002/20220823_033000.WAV,Telephone Field,recover-20220825,002,1795
436.7175,436.72429999999997,47812,55117,Pipistrellus pipistrellus,0.023,0.026,-1,Echolocation,/mnt/ubna_data_01_mir/recover-20220825/UBNA_002/20220823_033000.WAV,Telephone Field,recover-20220825,002,1795
436.7375,436.7428,30625,45057,Myotis daubentonii,0.012,0.029,-1,Echolocation,/mnt/ubna_data_01_mir/recover-20220825/UBNA_002/20220823_033000.WAV,Telephone Field,recover-20220825,002,1795
436.7495,436.7576,48671,52590,Pipistrellus pipistrellus,0.023,0.037,-1,Echolocation,/mnt/ubna_data_01_mir/recover-20220825/UBNA_002/20220823_033000.WAV,Telephone Field,recover-20220825,002,1795
436.7525,436.7588,28906,62898,Myotis bechsteinii,0.024,0.063,-1,Echolocation,/mnt/ubna_data_01_mir/recover-20220825/UBNA_002/20220823_033000.WAV,Telephone Field,recover-20220825,002,1795
436.7535,436.76,35781,57076,Pipistrellus nathusii,0.585,0.633,-1,Echolocation,/mnt/ubna_data_01_mir/recover-20220825/UBNA_002/20220823_033000.WAV,Telephone Field,recover-20220825,002,1795
436.7625,436.76800000000003,30625,44026,Myotis daubentonii,0.01,0.03,-1,Echolocation,/mnt/ubna_data_01_mir/recover-20220825/UBNA_002/20220823_033000.WAV,Telephone Field,recover-20220825,002,1795
436.8205,436.829,28046,36355,Eptesicus serotinus,0.01,0.026,-1,Echolocation,/mnt/ubna_data_01_mir/recover-20220825/UBNA_002/20220823_033000.WAV,Telephone Field,recover-20220825,002,1795
436.8505,436.8576,37500,51462,Pipistrellus nathusii,0.511,0.617,-1,Echolocation,/mnt/ubna_data_01_mir/recover-20220825/UBNA_002/20220823_033000.WAV,Telephone Field,recover-20220825,002,1795
436.8575,436.864,27187,35479,Eptesicus serotinus,0.005,0.026,-1,Echolocation,/mnt/ubna_data_01_mir/recover-20220825/UBNA_002/20220823_033000.WAV,Telephone Field,recover-20220825,002,1795
436.8865,436.8954,32343,38575,Barbastellus barbastellus,0.013,0.035,-1,Echolocation,/mnt/ubna_data_01_mir/recover-20220825/UBNA_002/20220823_033000.WAV,Telephone Field,recover-20220825,002,1795
436.9115,436.9207,28046,36495,Eptesicus serotinus,0.009,0.024,-1,Echolocation,/mnt/ubna_data_01_mir/recover-20220825/UBNA_002/20220823_033000.WAV,Telephone Field,recover-20220825,002,1795
436.9215,436.9572,68437,81541,Rhinolophus ferrumequinum,0.022,0.022,-1,Echolocation,/mnt/ubna_data_01_mir/recover-20220825/UBNA_002/20220823_033000.WAV,Telephone Field,recover-20220825,002,1795
436.9405,436.9473,44375,55439,Pipistrellus pipistrellus,0.01,0.03,-1,Echolocation,/mnt/ubna_data_01_mir/recover-20220825/UBNA_002/20220823_033000.WAV,Telephone Field,recover-20220825,002,1795
436.9425,436.9495,36640,57322,Pipistrellus nathusii,0.673,0.73,-1,Echolocation,/mnt/ubna_data_01_mir/recover-20220825/UBNA_002/20220823_033000.WAV,Telephone Field,recover-20220825,002,1795
436.9435,436.9486,48671,53591,Pipistrellus pipistrellus,0.017,0.029,-1,Echolocation,/mnt/ubna_data_01_mir/recover-20220825/UBNA_002/20220823_033000.WAV,Telephone Field,recover-20220825,002,1795
436.9865,436.9969,28046,34646,Eptesicus serotinus,0.009,0.021,-1,Echolocation,/mnt/ubna_data_01_mir/recover-20220825/UBNA_002/20220823_033000.WAV,Telephone Field,recover-20220825,002,1795
437.0025,437.0099,47812,54326,Pipistrellus pipistrellus,0.021,0.025,-1,Echolocation,/mnt/ubna_data_01_mir/recover-20220825/UBNA_002/20220823_033000.WAV,Telephone Field,recover-20220825,002,1795
437.0395,437.0457,28906,53068,Myotis bechsteinii,0.011,0.033,-1,Echolocation,/mnt/ubna_data_01_mir/recover-20220825/UBNA_002/20220823_033000.WAV,Telephone Field,recover-20220825,002,1795
437.0415,437.0482,36640,48480,Pipistrellus nathusii,0.579,0.636,-1,Echolocation,/mnt/ubna_data_01_mir/recover-20220825/UBNA_002/20220823_033000.WAV,Telephone Field,recover-20220825,002,1795
437.0485,437.0555,27187,34234,Eptesicus serotinus,0.006,0.028,-1,Echolocation,/mnt/ubna_data_01_mir/recover-20220825/UBNA_002/20220823_033000.WAV,Telephone Field,recover-20220825,002,1795
437.0625,437.0703,43515,51619,Pipistrellus pipistrellus,0.016,0.023,-1,Echolocation,/mnt/ubna_data_01_mir/recover-20220825/UBNA_002/20220823_033000.WAV,Telephone Field,recover-20220825,002,1795
437.0785,437.0987,20312,23069,Nyctalus leisleri,0.018,0.032,-1,Echolocation,/mnt/ubna_data_01_mir/recover-20220825/UBNA_002/20220823_033000.WAV,Telephone Field,recover-20220825,002,1795
437.0925,437.0997,41796,54212,Pipistrellus nathusii,0.01,0.024,-1,Echolocation,/mnt/ubna_data_01_mir/recover-20220825/UBNA_002/20220823_033000.WAV,Telephone Field,recover-20220825,002,1795
437.0945,437.1026,23750,32592,Plecotus austriacus,0.007,0.021,-1,Echolocation,/mnt/ubna_data_01_mir/recover-20220825/UBNA_002/20220823_033000.WAV,Telephone Field,recover-20220825,002,1795
437.1135,437.1222,28046,35786,Eptesicus serotinus,0.008,0.022,-1,Echolocation,/mnt/ubna_data_01_mir/recover-20220825/UBNA_002/20220823_033000.WAV,Telephone Field,recover-20220825,002,1795
437.1155,437.125,34062,39484,Barbastellus barbastellus,0.006,0.024,-1,Echolocation,/mnt/ubna_data_01_mir/recover-20220825/UBNA_002/20220823_033000.WAV,Telephone Field,recover-20220825,002,1795
437.1295,437.1372,45234,54360,Pipistrellus pipistrellus,0.014,0.035,-1,Echolocation,/mnt/ubna_data_01_mir/recover-20220825/UBNA_002/20220823_033000.WAV,Telephone Field,recover-20220825,002,1795
437.1325,437.1404,35781,53467,Pipistrellus nathusii,0.544,0.657,-1,Echolocation,/mnt/ubna_data_01_mir/recover-20220825/UBNA_002/20220823_033000.WAV,Telephone Field,recover-20220825,002,1795
437.1445,437.1538,28046,34585,Eptesicus serotinus,0.008,0.028,-1,Echolocation,/mnt/ubna_data_01_mir/recover-20220825/UBNA_002/20220823_033000.WAV,Telephone Field,recover-20220825,002,1795
437.1625,437.20029999999997,68437,81949,Rhinolophus ferrumequinum,0.021,0.021,-1,Echolocation,/mnt/ubna_data_01_mir/recover-20220825/UBNA_002/20220823_033000.WAV,Telephone Field,recover-20220825,002,1795
437.1845,437.1921,46953,51165,Pipistrellus pipistrellus,0.029,0.031,-1,Echolocation,/mnt/ubna_data_01_mir/recover-20220825/UBNA_002/20220823_033000.WAV,Telephone Field,recover-20220825,002,1795
437.2075,437.2152,45234,51932,Pipistrellus pipistrellus,0.021,0.023,-1,Echolocation,/mnt/ubna_data_01_mir/recover-20220825/UBNA_002/20220823_033000.WAV,Telephone Field,recover-20220825,002,1795
437.2155,437.2229,28046,36364,Eptesicus serotinus,0.007,0.023,-1,Echolocation,/mnt/ubna_data_01_mir/recover-20220825/UBNA_002/20220823_033000.WAV,Telephone Field,recover-20220825,002,1795
437.2275,437.2345,38359,49013,Pipistrellus nathusii,0.438,0.527,-1,Echolocation,/mnt/ubna_data_01_mir/recover-20220825/UBNA_002/20220823_033000.WAV,Telephone Field,recover-20220825,002,1795
437.2615,437.27,33203,39284,Barbastellus barbastellus,0.011,0.03,-1,Echolocation,/mnt/ubna_data_01_mir/recover-20220825/UBNA_002/20220823_033000.WAV,Telephone Field,recover-20220825,002,1795
437.2635,437.2719,28046,36377,Eptesicus serotinus,0.012,0.029,-1,Echolocation,/mnt/ubna_data_01_mir/recover-20220825/UBNA_002/20220823_033000.WAV,Telephone Field,recover-20220825,002,1795
437.2715,437.2787,53828,59956,Pipistrellus pygmaeus,0.022,0.022,-1,Echolocation,/mnt/ubna_data_01_mir/recover-20220825/UBNA_002/20220823_033000.WAV,Telephone Field,recover-20220825,002,1795
437.2955,437.3044,43515,46715,Pipistrellus pipistrellus,0.022,0.032,-1,Echolocation,/mnt/ubna_data_01_mir/recover-20220825/UBNA_002/20220823_033000.WAV,Telephone Field,recover-20220825,002,1795
437.3025,437.3077,28046,38039,Plecotus auritus,0.006,0.025,-1,Echolocation,/mnt/ubna_data_01_mir/recover-20220825/UBNA_002/20220823_033000.WAV,Telephone Field,recover-20220825,002,1795
437.3135,437.3212,48671,52909,Pipistrellus pipistrellus,0.021,0.032,-1,Echolocation,/mnt/ubna_data_01_mir/recover-20220825/UBNA_002/20220823_033000.WAV,Telephone Field,recover-20220825,002,1795
437.3175,437.3251,37500,53348,Pipistrellus nathusii,0.596,0.668,-1,Echolocation,/mnt/ubna_data_01_mir/recover-20220825/UBNA_002/20220823_033000.WAV,Telephone Field,recover-20220825,002,1795
437.3265,437.3322,34062,46940,Myotis brandtii,0.01,0.026,-1,Echolocation,/mnt/ubna_data_01_mir/recover-20220825/UBNA_002/20220823_033000.WAV,Telephone Field,recover-20220825,002,1795
437.3275,437.3352,27187,33710,Eptesicus serotinus,0.005,0.023,-1,Echolocation,/mnt/ubna_data_01_mir/recover-20220825/UBNA_002/20220823_033000.WAV,Telephone Field,recover-20220825,002,1795
437.3335,437.3655,68437,80901,Rhinolophus ferrumequinum,0.022,0.022,-1,Echolocation,/mnt/ubna_data_01_mir/recover-20220825/UBNA_002/20220823_033000.WAV,Telephone Field,recover-20220825,002,1795
437.3535,437.3616,28046,38006,Eptesicus serotinus,0.007,0.022,-1,Echolocation,/mnt/ubna_data_01_mir/recover-20220825/UBNA_002/20220823_033000.WAV,Telephone Field,recover-20220825,002,1795
437.3795,437.3876,28046,42541,Eptesicus serotinus,0.009,0.024,-1,Echolocation,/mnt/ubna_data_01_mir/recover-20220825/UBNA_002/20220823_033000.WAV,Telephone Field,recover-20220825,002,1795
437.39549999999997,437.4009,38359,62265,Myotis mystacinus,0.009,0.027,-1,Echolocation,/mnt/ubna_data_01_mir/recover-20220825/UBNA_002/20220823_033000.WAV,Telephone Field,recover-20220825,002,1795
437.3965,437.404,25468,34543,Plecotus austriacus,0.006,0.022,-1,Echolocation,/mnt/ubna_data_01_mir/recover-20220825/UBNA_002/20220823_033000.WAV,Telephone Field,recover-20220825,002,1795
437.4065,437.4131,46093,55241,Pipistrellus pipistrellus,0.01,0.025,-1,Echolocation,/mnt/ubna_data_01_mir/recover-20220825/UBNA_002/20220823_033000.WAV,Telephone Field,recover-20220825,002,1795
437.4085,437.4163,37500,54579,Pipistrellus nathusii,0.622,0.668,-1,Echolocation,/mnt/ubna_data_01_mir/recover-20220825/UBNA_002/20220823_033000.WAV,Telephone Field,recover-20220825,002,1795
437.4085,437.4142,29765,51594,Barbastellus barbastellus,0.01,0.037,-1,Echolocation,/mnt/ubna_data_01_mir/recover-20220825/UBNA_002/20220823_033000.WAV,Telephone Field,recover-20220825,002,1795
437.4245,437.4598,68437,81800,Rhinolophus ferrumequinum,0.021,0.021,-1,Echolocation,/mnt/ubna_data_01_mir/recover-20220825/UBNA_002/20220823_033000.WAV,Telephone Field,recover-20220825,002,1795
437.4455,437.4548,27187,36870,Eptesicus serotinus,0.009,0.023,-1,Echolocation,/mnt/ubna_data_01_mir/recover-20220825/UBNA_002/20220823_033000.WAV,Telephone Field,recover-20220825,002,1795
437.4505,437.4586,28046,38887,Eptesicus serotinus,0.008,0.022,-1,Echolocation,/mnt/ubna_data_01_mir/recover-20220825/UBNA_002/20220823_033000.WAV,Telephone Field,recover-20220825,002,1795
437.4965,437.5116,22890,28152,Nyctalus leisleri,0.019,0.052,-1,Echolocation,/mnt/ubna_data_01_mir/recover-20220825/UBNA_002/20220823_033000.WAV,Telephone Field,recover-20220825,002,1795
437.5055,437.5123,38359,51166,Pipistrellus nathusii,0.582,0.672,-1,Echolocation,/mnt/ubna_data_01_mir/recover-20220825/UBNA_002/20220823_033000.WAV,Telephone Field,recover-20220825,002,1795
437.5125,437.5177,28906,41730,Myotis daubentonii,0.01,0.026,-1,Echolocation,/mnt/ubna_data_01_mir/recover-20220825/UBNA_002/20220823_033000.WAV,Telephone Field,recover-20220825,002,1795
437.5415,437.55219999999997,25468,32026,Eptesicus serotinus,0.008,0.021,-1,Echolocation,/mnt/ubna_data_01_mir/recover-20220825/UBNA_002/20220823_033000.WAV,Telephone Field,recover-20220825,002,1795
437.5555,437.5609,32343,54579,Myotis brandtii,0.012,0.035,-1,Echolocation,/mnt/ubna_data_01_mir/recover-20220825/UBNA_002/20220823_033000.WAV,Telephone Field,recover-20220825,002,1795
437.5725,437.5796,47812,55722,Pipistrellus pipistrellus,0.019,0.023,-1,Echolocation,/mnt/ubna_data_01_mir/recover-20220825/UBNA_002/20220823_033000.WAV,Telephone Field,recover-20220825,002,1795
437.58050000000003,437.5881,28046,38965,Eptesicus serotinus,0.007,0.022,-1,Echolocation,/mnt/ubna_data_01_mir/recover-20220825/UBNA_002/20220823_033000.WAV,Telephone Field,recover-20220825,002,1795
437.5965,437.6034,45234,54851,Pipistrellus pipistrellus,0.011,0.031,-1,Echolocation,/mnt/ubna_data_01_mir/recover-20220825/UBNA_002/20220823_033000.WAV,Telephone Field,recover-20220825,002,1795
437.5985,437.6066,37500,55814,Pipistrellus nathusii,0.667,0.724,-1,Echolocation,/mnt/ubna_data_01_mir/recover-20220825/UBNA_002/20220823_033000.WAV,Telephone Field,recover-20220825,002,1795
437.6295,437.6405,24609,30419,Nyctalus leisleri,0.008,0.022,-1,Echolocation,/mnt/ubna_data_01_mir/recover-20220825/UBNA_002/20220823_033000.WAV,Telephone Field,recover-20220825,002,1795
437.6375,437.6452,50390,58582,Pipistrellus pipistrellus,0.019,0.025,-1,Echolocation,/mnt/ubna_data_01_mir/recover-20220825/UBNA_002/20220823_033000.WAV,Telephone Field,recover-20220825,002,1795
437.6795,437.6896,54687,61765,Pipistrellus pygmaeus,0.022,0.023,-1,Echolocation,/mnt/ubna_data_01_mir/recover-20220825/UBNA_002/20220823_033000.WAV,Telephone Field,recover-20220825,002,1795
437.6985,437.7054,37500,53176,Pipistrellus nathusii,0.614,0.664,-1,Echolocation,/mnt/ubna_data_01_mir/recover-20220825/UBNA_002/20220823_033000.WAV,Telephone Field,recover-20220825,002,1795
437.7065,437.7126,30625,42123,Myotis daubentonii,0.01,0.023,-1,Echolocation,/mnt/ubna_data_01_mir/recover-20220825/UBNA_002/20220823_033000.WAV,Telephone Field,recover-20220825,002,1795
437.7075,437.7385,68437,81362,Rhinolophus ferrumequinum,0.021,0.021,-1,Echolocation,/mnt/ubna_data_01_mir/recover-20220825/UBNA_002/20220823_033000.WAV,Telephone Field,recover-20220825,002,1795
437.7185,437.7255,29765,46408,Eptesicus serotinus,0.006,0.021,-1,Echolocation,/mnt/ubna_data_01_mir/recover-20220825/UBNA_002/20220823_033000.WAV,Telephone Field,recover-20220825,002,1795
437.7335,437.7706,68437,81381,Rhinolophus ferrumequinum,0.021,0.021,-1,Echolocation,/mnt/ubna_data_01_mir/recover-20220825/UBNA_002/20220823_033000.WAV,Telephone Field,recover-20220825,002,1795
437.7665,437.7735,46953,53874,Pipistrellus pipistrellus,0.046,0.049,-1,Echolocation,/mnt/ubna_data_01_mir/recover-20220825/UBNA_002/20220823_033000.WAV,Telephone Field,recover-20220825,002,1795
437.7675,437.773,33203,56081,Myotis brandtii,0.013,0.028,-1,Echolocation,/mnt/ubna_data_01_mir/recover-20220825/UBNA_002/20220823_033000.WAV,Telephone Field,recover-20220825,002,1795
437.7685,437.7759,28046,44186,Eptesicus serotinus,0.007,0.023,-1,Echolocation,/mnt/ubna_data_01_mir/recover-20220825/UBNA_002/20220823_033000.WAV,Telephone Field,recover-20220825,002,1795
437.7805,437.7883,47812,53810,Pipistrellus pipistrellus,0.018,0.022,-1,Echolocation,/mnt/ubna_data_01_mir/recover-20220825/UBNA_002/20220823_033000.WAV,Telephone Field,recover-20220825,002,1795
437.7975,437.8041,39218,47455,Pipistrellus nathusii,0.536,0.564,-1,Echolocation,/mnt/ubna_data_01_mir/recover-20220825/UBNA_002/20220823_033000.WAV,Telephone Field,recover-20220825,002,1795
437.8275,437.8381,28046,34515,Eptesicus serotinus,0.009,0.021,-1,Echolocation,/mnt/ubna_data_01_mir/recover-20220825/UBNA_002/20220823_033000.WAV,Telephone Field,recover-20220825,002,1795
437.8345,437.8449,28046,34637,Eptesicus serotinus,0.01,0.022,-1,Echolocation,/mnt/ubna_data_01_mir/recover-20220825/UBNA_002/20220823_033000.WAV,Telephone Field,recover-20220825,002,1795
437.8515,437.8636,23750,29051,Nyctalus leisleri,0.011,0.023,-1,Echolocation,/mnt/ubna_data_01_mir/recover-20220825/UBNA_002/20220823_033000.WAV,Telephone Field,recover-20220825,002,1795
437.8565,437.864,39218,48115,Pipistrellus nathusii,0.007,0.023,-1,Echolocation,/mnt/ubna_data_01_mir/recover-20220825/UBNA_002/20220823_033000.WAV,Telephone Field,recover-20220825,002,1795
437.8915,437.8973,29765,59073,Myotis bechsteinii,0.017,0.039,-1,Echolocation,/mnt/ubna_data_01_mir/recover-20220825/UBNA_002/20220823_033000.WAV,Telephone Field,recover-20220825,002,1795
437.8935,437.9014,38359,51732,Pipistrellus nathusii,0.6,0.663,-1,Echolocation,/mnt/ubna_data_01_mir/recover-20220825/UBNA_002/20220823_033000.WAV,Telephone Field,recover-20220825,002,1795
437.9075,437.9163,28046,35338,Eptesicus serotinus,0.006,0.021,-1,Echolocation,/mnt/ubna_data_01_mir/recover-20220825/UBNA_002/20220823_033000.WAV,Telephone Field,recover-20220825,002,1795
437.9245,437.933,28906,36404,Eptesicus serotinus,0.012,0.028,-1,Echolocation,/mnt/ubna_data_01_mir/recover-20220825/UBNA_002/20220823_033000.WAV,Telephone Field,recover-20220825,002,1795
437.9585,437.9723,22890,26598,Nyctalus leisleri,0.013,0.022,-1,Echolocation,/mnt/ubna_data_01_mir/recover-20220825/UBNA_002/20220823_033000.WAV,Telephone Field,recover-20220825,002,1795
437.9895,437.9972,37500,52495,Pipistrellus nathusii,0.519,0.563,-1,Echolocation,/mnt/ubna_data_01_mir/recover-20220825/UBNA_002/20220823_033000.WAV,Telephone Field,recover-20220825,002,1795
438.0015,438.03,68437,80769,Rhinolophus ferrumequinum,0.051,0.051,-1,Echolocation,/mnt/ubna_data_01_mir/recover-20220825/UBNA_002/20220823_033000.WAV,Telephone Field,recover-20220825,002,1795
438.0015,438.0077,40937,51356,Pipistrellus nathusii,0.022,0.05,-1,Echolocation,/mnt/ubna_data_01_mir/recover-20220825/UBNA_002/20220823_033000.WAV,Telephone Field,recover-20220825,002,1795
438.0015,438.0105,24609,33311,Nyctalus leisleri,0.007,0.026,-1,Echolocation,/mnt/ubna_data_01_mir/recover-20220825/UBNA_002/20220823_033000.WAV,Telephone Field,recover-20220825,002,1795
438.0115,438.019,56406,62172,Pipistrellus pygmaeus,0.033,0.033,-1,Echolocation,/mnt/ubna_data_01_mir/recover-20220825/UBNA_002/20220823_033000.WAV,Telephone Field,recover-20220825,002,1795
438.0115,438.0542,68437,82686,Rhinolophus ferrumequinum,0.03,0.03,-1,Echolocation,/mnt/ubna_data_01_mir/recover-20220825/UBNA_002/20220823_033000.WAV,Telephone Field,recover-20220825,002,1795
438.0145,438.0224,47812,56000,Pipistrellus pipistrellus,0.027,0.034,-1,Echolocation,/mnt/ubna_data_01_mir/recover-20220825/UBNA_002/20220823_033000.WAV,Telephone Field,recover-20220825,002,1795
438.0145,438.0217,26328,34586,Eptesicus serotinus,0.007,0.025,-1,Echolocation,/mnt/ubna_data_01_mir/recover-20220825/UBNA_002/20220823_033000.WAV,Telephone Field,recover-20220825,002,1795
438.0485,438.0588,41796,48104,Pipistrellus nathusii,0.014,0.028,-1,Echolocation,/mnt/ubna_data_01_mir/recover-20220825/UBNA_002/20220823_033000.WAV,Telephone Field,recover-20220825,002,1795
438.0875,438.0934,39218,51849,Pipistrellus nathusii,0.182,0.416,-1,Echolocation,/mnt/ubna_data_01_mir/recover-20220825/UBNA_002/20220823_033000.WAV,Telephone Field,recover-20220825,002,1795
438.0965,438.1023,31484,41388,Myotis daubentonii,0.016,0.026,-1,Echolocation,/mnt/ubna_data_01_mir/recover-20220825/UBNA_002/20220823_033000.WAV,Telephone Field,recover-20220825,002,1795
438.0985,438.1094,15156,19155,Nyctalus noctula,0.016,0.032,-1,Echolocation,/mnt/ubna_data_01_mir/recover-20220825/UBNA_002/20220823_033000.WAV,Telephone Field,recover-20220825,002,1795
438.1305,438.1406,27187,34747,Eptesicus serotinus,0.009,0.025,-1,Echolocation,/mnt/ubna_data_01_mir/recover-20220825/UBNA_002/20220823_033000.WAV,Telephone Field,recover-20220825,002,1795
438.1345,438.1414,57265,63821,Pipistrellus pygmaeus,0.028,0.029,-1,Echolocation,/mnt/ubna_data_01_mir/recover-20220825/UBNA_002/20220823_033000.WAV,Telephone Field,recover-20220825,002,1795
438.1535,438.1932,68437,82237,Rhinolophus ferrumequinum,0.028,0.028,-1,Echolocation,/mnt/ubna_data_01_mir/recover-20220825/UBNA_002/20220823_033000.WAV,Telephone Field,recover-20220825,002,1795
438.1595,438.1685,27187,35455,Eptesicus serotinus,0.01,0.025,-1,Echolocation,/mnt/ubna_data_01_mir/recover-20220825/UBNA_002/20220823_033000.WAV,Telephone Field,recover-20220825,002,1795
438.1895,438.1956,37500,51841,Pipistrellus nathusii,0.236,0.499,-1,Echolocation,/mnt/ubna_data_01_mir/recover-20220825/UBNA_002/20220823_033000.WAV,Telephone Field,recover-20220825,002,1795
438.1985,438.2045,34062,50117,Myotis daubentonii,0.013,0.025,-1,Echolocation,/mnt/ubna_data_01_mir/recover-20220825/UBNA_002/20220823_033000.WAV,Telephone Field,recover-20220825,002,1795
438.2465,438.2545,52968,57905,Pipistrellus pygmaeus,0.021,0.024,-1,Echolocation,/mnt/ubna_data_01_mir/recover-20220825/UBNA_002/20220823_033000.WAV,Telephone Field,recover-20220825,002,1795
438.2475,438.2548,42656,54388,Pipistrellus nathusii,0.011,0.033,-1,Echolocation,/mnt/ubna_data_01_mir/recover-20220825/UBNA_002/20220823_033000.WAV,Telephone Field,recover-20220825,002,1795
438.2495,438.25509999999997,31484,54626,Myotis daubentonii,0.02,0.033,-1,Echolocation,/mnt/ubna_data_01_mir/recover-20220825/UBNA_002/20220823_033000.WAV,Telephone Field,recover-20220825,002,1795
438.2505,438.2885,68437,82037,Rhinolophus ferrumequinum,0.031,0.031,-1,Echolocation,/mnt/ubna_data_01_mir/recover-20220825/UBNA_002/20220823_033000.WAV,Telephone Field,recover-20220825,002,1795
438.2825,438.2883,37500,54370,Pipistrellus nathusii,0.186,0.504,-1,Echolocation,/mnt/ubna_data_01_mir/recover-20220825/UBNA_002/20220823_033000.WAV,Telephone Field,recover-20220825,002,1795
438.3195,438.3273,28046,39093,Eptesicus serotinus,0.008,0.026,-1,Echolocation,/mnt/ubna_data_01_mir/recover-20220825/UBNA_002/20220823_033000.WAV,Telephone Field,recover-20220825,002,1795
438.3295,438.3396,27187,36962,Eptesicus serotinus,0.011,0.029,-1,Echolocation,/mnt/ubna_data_01_mir/recover-20220825/UBNA_002/20220823_033000.WAV,Telephone Field,recover-20220825,002,1795
438.3325,438.3386,44375,57261,Pipistrellus pipistrellus,0.008,0.027,-1,Echolocation,/mnt/ubna_data_01_mir/recover-20220825/UBNA_002/20220823_033000.WAV,Telephone Field,recover-20220825,002,1795
438.3775,438.3848,41796,49342,Pipistrellus nathusii,0.186,0.277,-1,Echolocation,/mnt/ubna_data_01_mir/recover-20220825/UBNA_002/20220823_033000.WAV,Telephone Field,recover-20220825,002,1795
438.3785,438.384,34062,52283,Myotis brandtii,0.039,0.083,-1,Echolocation,/mnt/ubna_data_01_mir/recover-20220825/UBNA_002/20220823_033000.WAV,Telephone Field,recover-20220825,002,1795
438.45550000000003,438.4956,68437,82198,Rhinolophus ferrumequinum,0.044,0.044,-1,Echolocation,/mnt/ubna_data_01_mir/recover-20220825/UBNA_002/20220823_033000.WAV,Telephone Field,recover-20220825,002,1795
438.4775,438.4841,38359,49688,Pipistrellus nathusii,0.223,0.426,-1,Echolocation,/mnt/ubna_data_01_mir/recover-20220825/UBNA_002/20220823_033000.WAV,Telephone Field,recover-20220825,002,1795
438.5065,438.5159,26328,36088,Eptesicus serotinus,0.011,0.029,-1,Echolocation,/mnt/ubna_data_01_mir/recover-20220825/UBNA_002/20220823_033000.WAV,Telephone Field,recover-20220825,002,1795
438.5335,438.5704,68437,81142,Rhinolophus ferrumequinum,0.025,0.026,-1,Echolocation,/mnt/ubna_data_01_mir/recover-20220825/UBNA_002/20220823_033000.WAV,Telephone Field,recover-20220825,002,1795
438.5345,438.5412,47812,56705,Pipistrellus pipistrellus,0.016,0.027,-1,Echolocation,/mnt/ubna_data_01_mir/recover-20220825/UBNA_002/20220823_033000.WAV,Telephone Field,recover-20220825,002,1795
438.5375,438.5451,26328,35609,Eptesicus serotinus,0.008,0.026,-1,Echolocation,/mnt/ubna_data_01_mir/recover-20220825/UBNA_002/20220823_033000.WAV,Telephone Field,recover-20220825,002,1795
438.5625,438.569,40078,48814,Pipistrellus nathusii,0.226,0.434,-1,Echolocation,/mnt/ubna_data_01_mir/recover-20220825/UBNA_002/20220823_033000.WAV,Telephone Field,recover-20220825,002,1795
438.5645,438.5999,68437,81077,Rhinolophus ferrumequinum,0.024,0.024,-1,Echolocation,/mnt/ubna_data_01_mir/recover-20220825/UBNA_002/20220823_033000.WAV,Telephone Field,recover-20220825,002,1795
438.6085,438.6202,15156,20863,Nyctalus noctula,0.016,0.027,-1,Echolocation,/mnt/ubna_data_01_mir/recover-20220825/UBNA_002/20220823_033000.WAV,Telephone Field,recover-20220825,002,1795
438.6435,438.6509,27187,35920,Eptesicus serotinus,0.007,0.024,-1,Echolocation,/mnt/ubna_data_01_mir/recover-20220825/UBNA_002/20220823_033000.WAV,Telephone Field,recover-20220825,002,1795
438.6635,438.6703,38359,48920,Pipistrellus nathusii,0.291,0.499,-1,Echolocation,/mnt/ubna_data_01_mir/recover-20220825/UBNA_002/20220823_033000.WAV,Telephone Field,recover-20220825,002,1795
438.7095,438.7272,21171,24419,Nyctalus leisleri,0.018,0.03,-1,Echolocation,/mnt/ubna_data_01_mir/recover-20220825/UBNA_002/20220823_033000.WAV,Telephone Field,recover-20220825,002,1795
438.7535,438.7613,39218,45853,Pipistrellus nathusii,0.163,0.259,-1,Echolocation,/mnt/ubna_data_01_mir/recover-20220825/UBNA_002/20220823_033000.WAV,Telephone Field,recover-20220825,002,1795
438.7735,438.7798,56406,62455,Pipistrellus pygmaeus,0.024,0.025,-1,Echolocation,/mnt/ubna_data_01_mir/recover-20220825/UBNA_002/20220823_033000.WAV,Telephone Field,recover-20220825,002,1795
438.8295,438.8429,22031,26707,Nyctalus leisleri,0.012,0.028,-1,Echolocation,/mnt/ubna_data_01_mir/recover-20220825/UBNA_002/20220823_033000.WAV,Telephone Field,recover-20220825,002,1795
438.8505,438.8567,38359,48143,Pipistrellus nathusii,0.271,0.41,-1,Echolocation,/mnt/ubna_data_01_mir/recover-20220825/UBNA_002/20220823_033000.WAV,Telephone Field,recover-20220825,002,1795
438.9275,438.9327,36640,49932,Pipistrellus nathusii,0.138,0.408,-1,Echolocation,/mnt/ubna_data_01_mir/recover-20220825/UBNA_002/20220823_033000.WAV,Telephone Field,recover-20220825,002,1795
438.9825,439.0268,68437,83662,Rhinolophus ferrumequinum,0.034,0.034,-1,Echolocation,/mnt/ubna_data_01_mir/recover-20220825/UBNA_002/20220823_033000.WAV,Telephone Field,recover-20220825,002,1795
438.9905,438.9959,37500,55519,Pipistrellus nathusii,0.289,0.575,-1,Echolocation,/mnt/ubna_data_01_mir/recover-20220825/UBNA_002/20220823_033000.WAV,Telephone Field,recover-20220825,002,1795
439.0385,439.0461,50390,55930,Pipistrellus pipistrellus,0.024,0.048,-1,Echolocation,/mnt/ubna_data_01_mir/recover-20220825/UBNA_002/20220823_033000.WAV,Telephone Field,recover-20220825,002,1795
439.0425,439.0482,36640,56452,Pipistrellus nathusii,0.233,0.545,-1,Echolocation,/mnt/ubna_data_01_mir/recover-20220825/UBNA_002/20220823_033000.WAV,Telephone Field,recover-20220825,002,1795
439.0515,439.0577,30625,41819,Myotis daubentonii,0.015,0.024,-1,Echolocation,/mnt/ubna_data_01_mir/recover-20220825/UBNA_002/20220823_033000.WAV,Telephone Field,recover-20220825,002,1795
439.0855,439.1261,68437,82320,Rhinolophus ferrumequinum,0.029,0.029,-1,Echolocation,/mnt/ubna_data_01_mir/recover-20220825/UBNA_002/20220823_033000.WAV,Telephone Field,recover-20220825,002,1795
439.0945,439.0997,38359,54783,Pipistrellus nathusii,0.239,0.471,-1,Echolocation,/mnt/ubna_data_01_mir/recover-20220825/UBNA_002/20220823_033000.WAV,Telephone Field,recover-20220825,002,1795
439.1325,439.1488,21171,24106,Nyctalus leisleri,0.014,0.024,-1,Echolocation,/mnt/ubna_data_01_mir/recover-20220825/UBNA_002/20220823_033000.WAV,Telephone Field,recover-20220825,002,1795
439.1425,439.1523,52968,57163,Pipistrellus pygmaeus,0.022,0.025,-1,Echolocation,/mnt/ubna_data_01_mir/recover-20220825/UBNA_002/20220823_033000.WAV,Telephone Field,recover-20220825,002,1795
439.1435,439.1492,39218,56489,Pipistrellus nathusii,0.237,0.494,-1,Echolocation,/mnt/ubna_data_01_mir/recover-20220825/UBNA_002/20220823_033000.WAV,Telephone Field,recover-20220825,002,1795
439.1925,439.1997,55546,61041,Pipistrellus pygmaeus,0.024,0.025,-1,Echolocation,/mnt/ubna_data_01_mir/recover-20220825/UBNA_002/20220823_033000.WAV,Telephone Field,recover-20220825,002,1795
439.1925,439.1981,40078,57229,Pipistrellus nathusii,0.252,0.501,-1,Echolocation,/mnt/ubna_data_01_mir/recover-20220825/UBNA_002/20220823_033000.WAV,Telephone Field,recover-20220825,002,1795
439.20550000000003,439.2219,19453,23562,Nyctalus noctula,0.01,0.024,-1,Echolocation,/mnt/ubna_data_01_mir/recover-20220825/UBNA_002/20220823_033000.WAV,Telephone Field,recover-20220825,002,1795
439.2125,439.2189,28046,43044,Myotis daubentonii,0.025,0.043,-1,Echolocation,/mnt/ubna_data_01_mir/recover-20220825/UBNA_002/20220823_033000.WAV,Telephone Field,recover-20220825,002,1795
439.2125,439.2185,34921,51696,Myotis daubentonii,0.016,0.029,-1,Echolocation,/mnt/ubna_data_01_mir/recover-20220825/UBNA_002/20220823_033000.WAV,Telephone Field,recover-20220825,002,1795
439.2455,439.2501,38359,53577,Myotis daubentonii,0.134,0.287,-1,Echolocation,/mnt/ubna_data_01_mir/recover-20220825/UBNA_002/20220823_033000.WAV,Telephone Field,recover-20220825,002,1795
439.2675,439.276,28906,38526,Myotis daubentonii,0.01,0.03,-1,Echolocation,/mnt/ubna_data_01_mir/recover-20220825/UBNA_002/20220823_033000.WAV,Telephone Field,recover-20220825,002,1795
439.2825,439.2889,48671,55951,Pipistrellus pipistrellus,0.031,0.034,-1,Echolocation,/mnt/ubna_data_01_mir/recover-20220825/UBNA_002/20220823_033000.WAV,Telephone Field,recover-20220825,002,1795
439.2895,439.2992,25468,32426,Eptesicus serotinus,0.019,0.048,-1,Echolocation,/mnt/ubna_data_01_mir/recover-20220825/UBNA_002/20220823_033000.WAV,Telephone Field,recover-20220825,002,1795
439.29449999999997,439.301,41796,53576,Pipistrellus nathusii,0.175,0.276,-1,Echolocation,/mnt/ubna_data_01_mir/recover-20220825/UBNA_002/20220823_033000.WAV,Telephone Field,recover-20220825,002,1795
439.3445,439.3511,36640,55987,Myotis brandtii,0.013,0.025,-1,Echolocation,/mnt/ubna_data_01_mir/recover-20220825/UBNA_002/20220823_033000.WAV,Telephone Field,recover-20220825,002,1795
439.3445,439.3557,43515,49753,Pipistrellus nathusii,0.054,0.073,-1,Echolocation,/mnt/ubna_data_01_mir/recover-20220825/UBNA_002/20220823_033000.WAV,Telephone Field,recover-20220825,002,1795
439.3865,439.3974,27187,36162,Eptesicus serotinus,0.013,0.028,-1,Echolocation,/mnt/ubna_data_01_mir/recover-20220825/UBNA_002/20220823_033000.WAV,Telephone Field,recover-20220825,002,1795
439.4035,439.41,42656,54671,Pipistrellus nathusii,0.011,0.034,-1,Echolocation,/mnt/ubna_data_01_mir/recover-20220825/UBNA_002/20220823_033000.WAV,Telephone Field,recover-20220825,002,1795
439.4045,439.4107,48671,53803,Pipistrellus pipistrellus,0.026,0.03,-1,Echolocation,/mnt/ubna_data_01_mir/recover-20220825/UBNA_002/20220823_033000.WAV,Telephone Field,recover-20220825,002,1795
439.4165,439.42470000000003,27187,35772,Eptesicus serotinus,0.008,0.024,-1,Echolocation,/mnt/ubna_data_01_mir/recover-20220825/UBNA_002/20220823_033000.WAV,Telephone Field,recover-20220825,002,1795
439.4165,439.4241,55546,60624,Pipistrellus pygmaeus,0.024,0.025,-1,Echolocation,/mnt/ubna_data_01_mir/recover-20220825/UBNA_002/20220823_033000.WAV,Telephone Field,recover-20220825,002,1795
439.4325,439.4383,28046,55660,Myotis daubentonii,0.025,0.037,-1,Echolocation,/mnt/ubna_data_01_mir/recover-20220825/UBNA_002/20220823_033000.WAV,Telephone Field,recover-20220825,002,1795
439.4345,439.4418,41796,48680,Pipistrellus nathusii,0.021,0.043,-1,Echolocation,/mnt/ubna_data_01_mir/recover-20220825/UBNA_002/20220823_033000.WAV,Telephone Field,recover-20220825,002,1795
439.4605,439.4689,26328,35940,Eptesicus serotinus,0.01,0.026,-1,Echolocation,/mnt/ubna_data_01_mir/recover-20220825/UBNA_002/20220823_033000.WAV,Telephone Field,recover-20220825,002,1795
439.4865,439.4932,54687,62043,Pipistrellus pygmaeus,0.028,0.029,-1,Echolocation,/mnt/ubna_data_01_mir/recover-20220825/UBNA_002/20220823_033000.WAV,Telephone Field,recover-20220825,002,1795
439.4975,439.5393,68437,83110,Rhinolophus ferrumequinum,0.036,0.036,-1,Echolocation,/mnt/ubna_data_01_mir/recover-20220825/UBNA_002/20220823_033000.WAV,Telephone Field,recover-20220825,002,1795
439.5125,439.5182,43515,55556,Myotis brandtii,0.012,0.034,-1,Echolocation,/mnt/ubna_data_01_mir/recover-20220825/UBNA_002/20220823_033000.WAV,Telephone Field,recover-20220825,002,1795
439.5145,439.52049999999997,34062,56983,Myotis brandtii,0.012,0.026,-1,Echolocation,/mnt/ubna_data_01_mir/recover-20220825/UBNA_002/20220823_033000.WAV,Telephone Field,recover-20220825,002,1795
439.5615,439.5666,44375,52498,Pipistrellus nathusii,0.361,0.437,-1,Echolocation,/mnt/ubna_data_01_mir/recover-20220825/UBNA_002/20220823_033000.WAV,Telephone Field,recover-20220825,002,1795
439.5615,439.5665,28906,64016,Myotis daubentonii,0.039,0.064,-1,Echolocation,/mnt/ubna_data_01_mir/recover-20220825/UBNA_002/20220823_033000.WAV,Telephone Field,recover-20220825,002,1795
439.5915,439.6291,68437,81957,Rhinolophus ferrumequinum,0.025,0.025,-1,Echolocation,/mnt/ubna_data_01_mir/recover-20220825/UBNA_002/20220823_033000.WAV,Telephone Field,recover-20220825,002,1795
439.6005,439.6118,26328,34782,Eptesicus serotinus,0.03,0.06,-1,Echolocation,/mnt/ubna_data_01_mir/recover-20220825/UBNA_002/20220823_033000.WAV,Telephone Field,recover-20220825,002,1795
439.6005,439.6068,43515,54570,Myotis brandtii,0.011,0.033,-1,Echolocation,/mnt/ubna_data_01_mir/recover-20220825/UBNA_002/20220823_033000.WAV,Telephone Field,recover-20220825,002,1795
439.6015,439.6079,37500,51511,Myotis daubentonii,0.013,0.032,-1,Echolocation,/mnt/ubna_data_01_mir/recover-20220825/UBNA_002/20220823_033000.WAV,Telephone Field,recover-20220825,002,1795
439.6145,439.6527,68437,81897,Rhinolophus ferrumequinum,0.024,0.024,-1,Echolocation,/mnt/ubna_data_01_mir/recover-20220825/UBNA_002/20220823_033000.WAV,Telephone Field,recover-20220825,002,1795
439.6195,439.627,55546,62458,Pipistrellus pygmaeus,0.024,0.024,-1,Echolocation,/mnt/ubna_data_01_mir/recover-20220825/UBNA_002/20220823_033000.WAV,Telephone Field,recover-20220825,002,1795
439.6235,439.6302,42656,55686,Pipistrellus nathusii,0.022,0.054,-1,Echolocation,/mnt/ubna_data_01_mir/recover-20220825/UBNA_002/20220823_033000.WAV,Telephone Field,recover-20220825,002,1795
439.6235,439.6291,33203,56621,Myotis brandtii,0.015,0.033,-1,Echolocation,/mnt/ubna_data_01_mir/recover-20220825/UBNA_002/20220823_033000.WAV,Telephone Field,recover-20220825,002,1795
439.6545,439.6604,38359,52372,Myotis brandtii,0.017,0.044,-1,Echolocation,/mnt/ubna_data_01_mir/recover-20220825/UBNA_002/20220823_033000.WAV,Telephone Field,recover-20220825,002,1795
439.6545,439.6606,42656,53593,Pipistrellus nathusii,0.017,0.044,-1,Echolocation,/mnt/ubna_data_01_mir/recover-20220825/UBNA_002/20220823_033000.WAV,Telephone Field,recover-20220825,002,1795
439.6625,439.6678,29765,42583,Myotis daubentonii,0.059,0.111,-1,Echolocation,/mnt/ubna_data_01_mir/recover-20220825/UBNA_002/20220823_033000.WAV,Telephone Field,recover-20220825,002,1795
439.6655,439.673,54687,64191,Pipistrellus pygmaeus,0.027,0.028,-1,Echolocation,/mnt/ubna_data_01_mir/recover-20220825/UBNA_002/20220823_033000.WAV,Telephone Field,recover-20220825,002,1795
439.6905,439.6987,43515,48645,Pipistrellus nathusii,0.059,0.079,-1,Echolocation,/mnt/ubna_data_01_mir/recover-20220825/UBNA_002/20220823_033000.WAV,Telephone Field,recover-20220825,002,1795
439.6905,439.6964,32343,57514,Myotis brandtii,0.012,0.025,-1,Echolocation,/mnt/ubna_data_01_mir/recover-20220825/UBNA_002/20220823_033000.WAV,Telephone Field,recover-20220825,002,1795
439.7195,439.727,50390,56230,Pipistrellus pipistrellus,0.023,0.028,-1,Echolocation,/mnt/ubna_data_01_mir/recover-20220825/UBNA_002/20220823_033000.WAV,Telephone Field,recover-20220825,002,1795
439.7245,439.7324,46093,53520,Pipistrellus pipistrellus,0.014,0.026,-1,Echolocation,/mnt/ubna_data_01_mir/recover-20220825/UBNA_002/20220823_033000.WAV,Telephone Field,recover-20220825,002,1795
439.7255,439.7313,34062,61000,Myotis brandtii,0.015,0.028,-1,Echolocation,/mnt/ubna_data_01_mir/recover-20220825/UBNA_002/20220823_033000.WAV,Telephone Field,recover-20220825,002,1795
439.7265,439.7325,40078,57787,Myotis brandtii,0.013,0.029,-1,Echolocation,/mnt/ubna_data_01_mir/recover-20220825/UBNA_002/20220823_033000.WAV,Telephone Field,recover-20220825,002,1795
439.7595,439.765,41796,53097,Pipistrellus nathusii,0.165,0.321,-1,Echolocation,/mnt/ubna_data_01_mir/recover-20220825/UBNA_002/20220823_033000.WAV,Telephone Field,recover-20220825,002,1795
439.8005,439.8393,68437,82547,Rhinolophus ferrumequinum,0.027,0.028,-1,Echolocation,/mnt/ubna_data_01_mir/recover-20220825/UBNA_002/20220823_033000.WAV,Telephone Field,recover-20220825,002,1795
439.8135,439.8186,41796,51357,Myotis daubentonii,0.166,0.396,-1,Echolocation,/mnt/ubna_data_01_mir/recover-20220825/UBNA_002/20220823_033000.WAV,Telephone Field,recover-20220825,002,1795
439.8205,439.8589,68437,81499,Rhinolophus ferrumequinum,0.032,0.033,-1,Echolocation,/mnt/ubna_data_01_mir/recover-20220825/UBNA_002/20220823_033000.WAV,Telephone Field,recover-20220825,002,1795
439.8365,439.8419,33203,46040,Myotis daubentonii,0.033,0.049,-1,Echolocation,/mnt/ubna_data_01_mir/recover-20220825/UBNA_002/20220823_033000.WAV,Telephone Field,recover-20220825,002,1795
439.8695,439.9063,68437,81171,Rhinolophus ferrumequinum,0.025,0.025,-1,Echolocation,/mnt/ubna_data_01_mir/recover-20220825/UBNA_002/20220823_033000.WAV,Telephone Field,recover-20220825,002,1795
439.8885,439.8936,40937,54085,Pipistrellus nathusii,0.142,0.407,-1,Echolocation,/mnt/ubna_data_01_mir/recover-20220825/UBNA_002/20220823_033000.WAV,Telephone Field,recover-20220825,002,1795
439.9165,439.9239,55546,62772,Pipistrellus pygmaeus,0.025,0.025,-1,Echolocation,/mnt/ubna_data_01_mir/recover-20220825/UBNA_002/20220823_033000.WAV,Telephone Field,recover-20220825,002,1795
439.9175,439.9304,22890,27778,Nyctalus leisleri,0.015,0.029,-1,Echolocation,/mnt/ubna_data_01_mir/recover-20220825/UBNA_002/20220823_033000.WAV,Telephone Field,recover-20220825,002,1795
439.9275,439.9477,21171,23832,Nyctalus leisleri,0.019,0.029,-1,Echolocation,/mnt/ubna_data_01_mir/recover-20220825/UBNA_002/20220823_033000.WAV,Telephone Field,recover-20220825,002,1795
439.9455,439.9506,40937,51045,Myotis daubentonii,0.154,0.375,-1,Echolocation,/mnt/ubna_data_01_mir/recover-20220825/UBNA_002/20220823_033000.WAV,Telephone Field,recover-20220825,002,1795
440.0015,440.0088,22890,35148,Myotis nattereri,0.006,0.022,-1,Echolocation,/mnt/ubna_data_01_mir/recover-20220825/UBNA_002/20220823_033000.WAV,Telephone Field,recover-20220825,002,1795
440.0015,440.0093,47812,56206,Pipistrellus pipistrellus,0.011,0.024,-1,Echolocation,/mnt/ubna_data_01_mir/recover-20220825/UBNA_002/20220823_033000.WAV,Telephone Field,recover-20220825,002,1795
440.0015,440.032,69296,82754,Rhinolophus ferrumequinum,0.061,0.061,-1,Echolocation,/mnt/ubna_data_01_mir/recover-20220825/UBNA_002/20220823_033000.WAV,Telephone Field,recover-20220825,002,1795
440.0135,440.0231,26328,33912,Eptesicus serotinus,0.009,0.022,-1,Echolocation,/mnt/ubna_data_01_mir/recover-20220825/UBNA_002/20220823_033000.WAV,Telephone Field,recover-20220825,002,1795
440.0295,440.036,31484,44176,Myotis daubentonii,0.012,0.022,-1,Echolocation,/mnt/ubna_data_01_mir/recover-20220825/UBNA_002/20220823_033000.WAV,Telephone Field,recover-20220825,002,1795
440.0465,440.053,38359,55080,Pipistrellus nathusii,0.327,0.572,-1,Echolocation,/mnt/ubna_data_01_mir/recover-20220825/UBNA_002/20220823_033000.WAV,Telephone Field,recover-20220825,002,1795
440.0635,440.09929999999997,68437,81700,Rhinolophus ferrumequinum,0.022,0.022,-1,Echolocation,/mnt/ubna_data_01_mir/recover-20220825/UBNA_002/20220823_033000.WAV,Telephone Field,recover-20220825,002,1795
440.1055,440.1155,22031,27390,Nyctalus leisleri,0.01,0.023,-1,Echolocation,/mnt/ubna_data_01_mir/recover-20220825/UBNA_002/20220823_033000.WAV,Telephone Field,recover-20220825,002,1795
440.1205,440.1269,39218,51286,Pipistrellus nathusii,0.107,0.298,-1,Echolocation,/mnt/ubna_data_01_mir/recover-20220825/UBNA_002/20220823_033000.WAV,Telephone Field,recover-20220825,002,1795
440.1425,440.1513,27187,37480,Eptesicus serotinus,0.013,0.031,-1,Echolocation,/mnt/ubna_data_01_mir/recover-20220825/UBNA_002/20220823_033000.WAV,Telephone Field,recover-20220825,002,1795
440.1765,440.2169,68437,82729,Rhinolophus ferrumequinum,0.029,0.029,-1,Echolocation,/mnt/ubna_data_01_mir/recover-20220825/UBNA_002/20220823_033000.WAV,Telephone Field,recover-20220825,002,1795
440.1985,440.2046,37500,54683,Pipistrellus nathusii,0.253,0.565,-1,Echolocation,/mnt/ubna_data_01_mir/recover-20220825/UBNA_002/20220823_033000.WAV,Telephone Field,recover-20220825,002,1795
440.1995,440.2053,48671,51829,Pipistrellus pipistrellus,0.014,0.024,-1,Echolocation,/mnt/ubna_data_01_mir/recover-20220825/UBNA_002/20220823_033000.WAV,Telephone Field,recover-20220825,002,1795
440.2085,440.2147,30625,42222,Myotis daubentonii,0.016,0.026,-1,Echolocation,/mnt/ubna_data_01_mir/recover-20220825/UBNA_002/20220823_033000.WAV,Telephone Field,recover-20220825,002,1795
440.2445,440.25260000000003,27187,36867,Eptesicus serotinus,0.008,0.023,-1,Echolocation,/mnt/ubna_data_01_mir/recover-20220825/UBNA_002/20220823_033000.WAV,Telephone Field,recover-20220825,002,1795
440.2745,440.3132,68437,82134,Rhinolophus ferrumequinum,0.024,0.024,-1,Echolocation,/mnt/ubna_data_01_mir/recover-20220825/UBNA_002/20220823_033000.WAV,Telephone Field,recover-20220825,002,1795
440.2795,440.2859,38359,49973,Pipistrellus nathusii,0.345,0.539,-1,Echolocation,/mnt/ubna_data_01_mir/recover-20220825/UBNA_002/20220823_033000.WAV,Telephone Field,recover-20220825,002,1795
440.2935,440.3307,68437,82166,Rhinolophus ferrumequinum,0.024,0.024,-1,Echolocation,/mnt/ubna_data_01_mir/recover-20220825/UBNA_002/20220823_033000.WAV,Telephone Field,recover-20220825,002,1795
440.3215,440.3604,68437,82063,Rhinolophus ferrumequinum,0.024,0.024,-1,Echolocation,/mnt/ubna_data_01_mir/recover-20220825/UBNA_002/20220823_033000.WAV,Telephone Field,recover-20220825,002,1795
440.3355,440.3729,68437,82293,Rhinolophus ferrumequinum,0.023,0.023,-1,Echolocation,/mnt/ubna_data_01_mir/recover-20220825/UBNA_002/20220823_033000.WAV,Telephone Field,recover-20220825,002,1795
440.3595,440.365,36640,52725,Myotis brandtii,0.077,0.195,-1,Echolocation,/mnt/ubna_data_01_mir/recover-20220825/UBNA_002/20220823_033000.WAV,Telephone Field,recover-20220825,002,1795
440.3755,440.38530000000003,27187,34606,Eptesicus serotinus,0.012,0.028,-1,Echolocation,/mnt/ubna_data_01_mir/recover-20220825/UBNA_002/20220823_033000.WAV,Telephone Field,recover-20220825,002,1795
440.4015,440.4422,68437,83209,Rhinolophus ferrumequinum,0.035,0.035,-1,Echolocation,/mnt/ubna_data_01_mir/recover-20220825/UBNA_002/20220823_033000.WAV,Telephone Field,recover-20220825,002,1795
440.4055,440.414,25468,36681,Eptesicus serotinus,0.009,0.025,-1,Echolocation,/mnt/ubna_data_01_mir/recover-20220825/UBNA_002/20220823_033000.WAV,Telephone Field,recover-20220825,002,1795
440.4365,440.4565,20312,23630,Nyctalus leisleri,0.012,0.022,-1,Echolocation,/mnt/ubna_data_01_mir/recover-20220825/UBNA_002/20220823_033000.WAV,Telephone Field,recover-20220825,002,1795
440.4765,440.4853,50390,54714,Pipistrellus pygmaeus,0.014,0.022,-1,Echolocation,/mnt/ubna_data_01_mir/recover-20220825/UBNA_002/20220823_033000.WAV,Telephone Field,recover-20220825,002,1795
440.4785,440.5179,68437,82899,Rhinolophus ferrumequinum,0.03,0.03,-1,Echolocation,/mnt/ubna_data_01_mir/recover-20220825/UBNA_002/20220823_033000.WAV,Telephone Field,recover-20220825,002,1795
440.5165,440.5231,39218,50864,Pipistrellus nathusii,0.257,0.48,-1,Echolocation,/mnt/ubna_data_01_mir/recover-20220825/UBNA_002/20220823_033000.WAV,Telephone Field,recover-20220825,002,1795
440.5405,440.5484,27187,37647,Eptesicus serotinus,0.008,0.024,-1,Echolocation,/mnt/ubna_data_01_mir/recover-20220825/UBNA_002/20220823_033000.WAV,Telephone Field,recover-20220825,002,1795
440.5825,440.592,27187,35168,Eptesicus serotinus,0.009,0.024,-1,Echolocation,/mnt/ubna_data_01_mir/recover-20220825/UBNA_002/20220823_033000.WAV,Telephone Field,recover-20220825,002,1795
440.5975,440.63779999999997,68437,82657,Rhinolophus ferrumequinum,0.025,0.025,-1,Echolocation,/mnt/ubna_data_01_mir/recover-20220825/UBNA_002/20220823_033000.WAV,Telephone Field,recover-20220825,002,1795
440.6015,440.6099,40937,48869,Pipistrellus nathusii,0.025,0.05,-1,Echolocation,/mnt/ubna_data_01_mir/recover-20220825/UBNA_002/20220823_033000.WAV,Telephone Field,recover-20220825,002,1795
440.6065,440.6135,25468,36045,Eptesicus serotinus,0.006,0.026,-1,Echolocation,/mnt/ubna_data_01_mir/recover-20220825/UBNA_002/20220823_033000.WAV,Telephone Field,recover-20220825,002,1795
440.6085,440.6452,68437,82241,Rhinolophus ferrumequinum,0.023,0.023,-1,Echolocation,/mnt/ubna_data_01_mir/recover-20220825/UBNA_002/20220823_033000.WAV,Telephone Field,recover-20220825,002,1795
440.6135,440.6497,68437,81660,Rhinolophus ferrumequinum,0.023,0.023,-1,Echolocation,/mnt/ubna_data_01_mir/recover-20220825/UBNA_002/20220823_033000.WAV,Telephone Field,recover-20220825,002,1795
440.6335,440.6478,24609,29338,Nyctalus leisleri,0.017,0.035,-1,Echolocation,/mnt/ubna_data_01_mir/recover-20220825/UBNA_002/20220823_033000.WAV,Telephone Field,recover-20220825,002,1795
440.6345,440.6742,68437,82647,Rhinolophus ferrumequinum,0.028,0.028,-1,Echolocation,/mnt/ubna_data_01_mir/recover-20220825/UBNA_002/20220823_033000.WAV,Telephone Field,recover-20220825,002,1795
440.6725,440.678,34921,55318,Myotis daubentonii,0.012,0.031,-1,Echolocation,/mnt/ubna_data_01_mir/recover-20220825/UBNA_002/20220823_033000.WAV,Telephone Field,recover-20220825,002,1795
440.6905,440.6964,35781,47758,Myotis daubentonii,0.116,0.299,-1,Echolocation,/mnt/ubna_data_01_mir/recover-20220825/UBNA_002/20220823_033000.WAV,Telephone Field,recover-20220825,002,1795
440.6995,440.7062,26328,35793,Eptesicus serotinus,0.006,0.024,-1,Echolocation,/mnt/ubna_data_01_mir/recover-20220825/UBNA_002/20220823_033000.WAV,Telephone Field,recover-20220825,002,1795
440.7215,440.759,68437,82040,Rhinolophus ferrumequinum,0.025,0.025,-1,Echolocation,/mnt/ubna_data_01_mir/recover-20220825/UBNA_002/20220823_033000.WAV,Telephone Field,recover-20220825,002,1795
440.7285,440.7343,34921,55801,Myotis brandtii,0.011,0.024,-1,Echolocation,/mnt/ubna_data_01_mir/recover-20220825/UBNA_002/20220823_033000.WAV,Telephone Field,recover-20220825,002,1795
440.72950000000003,440.736,29765,51915,Myotis daubentonii,0.013,0.023,-1,Echolocation,/mnt/ubna_data_01_mir/recover-20220825/UBNA_002/20220823_033000.WAV,Telephone Field,recover-20220825,002,1795
440.7825,440.7905,41796,53476,Myotis brandtii,0.009,0.028,-1,Echolocation,/mnt/ubna_data_01_mir/recover-20220825/UBNA_002/20220823_033000.WAV,Telephone Field,recover-20220825,002,1795
440.79449999999997,440.8025,27187,36019,Eptesicus serotinus,0.007,0.022,-1,Echolocation,/mnt/ubna_data_01_mir/recover-20220825/UBNA_002/20220823_033000.WAV,Telephone Field,recover-20220825,002,1795
440.7995,440.8356,68437,81797,Rhinolophus ferrumequinum,0.023,0.023,-1,Echolocation,/mnt/ubna_data_01_mir/recover-20220825/UBNA_002/20220823_033000.WAV,Telephone Field,recover-20220825,002,1795
440.8175,440.8239,27187,37968,Eptesicus serotinus,0.007,0.028,-1,Echolocation,/mnt/ubna_data_01_mir/recover-20220825/UBNA_002/20220823_033000.WAV,Telephone Field,recover-20220825,002,1795
440.8555,440.8838,67578,78750,Rhinolophus ferrumequinum,0.024,0.024,-1,Echolocation,/mnt/ubna_data_01_mir/recover-20220825/UBNA_002/20220823_033000.WAV,Telephone Field,recover-20220825,002,1795
440.8915,440.9004,41796,49624,Pipistrellus nathusii,0.008,0.025,-1,Echolocation,/mnt/ubna_data_01_mir/recover-20220825/UBNA_002/20220823_033000.WAV,Telephone Field,recover-20220825,002,1795
440.9075,440.9143,26328,39278,Eptesicus serotinus,0.006,0.024,-1,Echolocation,/mnt/ubna_data_01_mir/recover-20220825/UBNA_002/20220823_033000.WAV,Telephone Field,recover-20220825,002,1795
440.9445,440.9519,27187,37443,Eptesicus serotinus,0.007,0.024,-1,Echolocation,/mnt/ubna_data_01_mir/recover-20220825/UBNA_002/20220823_033000.WAV,Telephone Field,recover-20220825,002,1795
440.9515,440.9594,26328,35295,Eptesicus serotinus,0.006,0.024,-1,Echolocation,/mnt/ubna_data_01_mir/recover-20220825/UBNA_002/20220823_033000.WAV,Telephone Field,recover-20220825,002,1795
440.9605,440.9661,33203,50261,Myotis daubentonii,0.026,0.067,-1,Echolocation,/mnt/ubna_data_01_mir/recover-20220825/UBNA_002/20220823_033000.WAV,Telephone Field,recover-20220825,002,1795
441.0495,441.0551,40078,52987,Myotis brandtii,0.044,0.112,-1,Echolocation,/mnt/ubna_data_01_mir/recover-20220825/UBNA_002/20220823_033000.WAV,Telephone Field,recover-20220825,002,1795
441.1195,441.1275,26328,36826,Eptesicus serotinus,0.008,0.025,-1,Echolocation,/mnt/ubna_data_01_mir/recover-20220825/UBNA_002/20220823_033000.WAV,Telephone Field,recover-20220825,002,1795
441.1195,441.1557,68437,81910,Rhinolophus ferrumequinum,0.025,0.025,-1,Echolocation,/mnt/ubna_data_01_mir/recover-20220825/UBNA_002/20220823_033000.WAV,Telephone Field,recover-20220825,002,1795
441.1395,441.1478,40078,47127,Pipistrellus nathusii,0.218,0.34,-1,Echolocation,/mnt/ubna_data_01_mir/recover-20220825/UBNA_002/20220823_033000.WAV,Telephone Field,recover-20220825,002,1795
441.1405,441.1462,28906,46814,Myotis daubentonii,0.021,0.042,-1,Echolocation,/mnt/ubna_data_01_mir/recover-20220825/UBNA_002/20220823_033000.WAV,Telephone Field,recover-20220825,002,1795
441.1535,441.1625,27187,35214,Eptesicus serotinus,0.008,0.024,-1,Echolocation,/mnt/ubna_data_01_mir/recover-20220825/UBNA_002/20220823_033000.WAV,Telephone Field,recover-20220825,002,1795
441.1715,441.1778,32343,43970,Myotis daubentonii,0.032,0.055,-1,Echolocation,/mnt/ubna_data_01_mir/recover-20220825/UBNA_002/20220823_033000.WAV,Telephone Field,recover-20220825,002,1795
441.2195,441.2291,26328,32805,Eptesicus serotinus,0.022,0.049,-1,Echolocation,/mnt/ubna_data_01_mir/recover-20220825/UBNA_002/20220823_033000.WAV,Telephone Field,recover-20220825,002,1795
441.2315,441.2387,40078,48259,Pipistrellus nathusii,0.327,0.467,-1,Echolocation,/mnt/ubna_data_01_mir/recover-20220825/UBNA_002/20220823_033000.WAV,Telephone Field,recover-20220825,002,1795
441.2665,441.3045,68437,81655,Rhinolophus ferrumequinum,0.024,0.024,-1,Echolocation,/mnt/ubna_data_01_mir/recover-20220825/UBNA_002/20220823_033000.WAV,Telephone Field,recover-20220825,002,1795
441.2845,441.2921,27187,40025,Eptesicus serotinus,0.009,0.028,-1,Echolocation,/mnt/ubna_data_01_mir/recover-20220825/UBNA_002/20220823_033000.WAV,Telephone Field,recover-20220825,002,1795
441.3055,441.3146,27187,35417,Eptesicus serotinus,0.009,0.024,-1,Echolocation,/mnt/ubna_data_01_mir/recover-20220825/UBNA_002/20220823_033000.WAV,Telephone Field,recover-20220825,002,1795
441.3185,441.3528,68437,81632,Rhinolophus ferrumequinum,0.026,0.026,-1,Echolocation,/mnt/ubna_data_01_mir/recover-20220825/UBNA_002/20220823_033000.WAV,Telephone Field,recover-20220825,002,1795
441.3205,441.3275,40078,51738,Pipistrellus nathusii,0.124,0.222,-1,Echolocation,/mnt/ubna_data_01_mir/recover-20220825/UBNA_002/20220823_033000.WAV,Telephone Field,recover-20220825,002,1795
441.3375,441.345,26328,41825,Eptesicus serotinus,0.007,0.023,-1,Echolocation,/mnt/ubna_data_01_mir/recover-20220825/UBNA_002/20220823_033000.WAV,Telephone Field,recover-20220825,002,1795
441.4125,441.41949999999997,28046,43617,Myotis daubentonii,0.01,0.023,-1,Echolocation,/mnt/ubna_data_01_mir/recover-20220825/UBNA_002/20220823_033000.WAV,Telephone Field,recover-20220825,002,1795
441.4265,441.4626,68437,81553,Rhinolophus ferrumequinum,0.023,0.023,-1,Echolocation,/mnt/ubna_data_01_mir/recover-20220825/UBNA_002/20220823_033000.WAV,Telephone Field,recover-20220825,002,1795
441.4485,441.4894,68437,82932,Rhinolophus ferrumequinum,0.038,0.038,-1,Echolocation,/mnt/ubna_data_01_mir/recover-20220825/UBNA_002/20220823_033000.WAV,Telephone Field,recover-20220825,002,1795
441.45550000000003,441.4623,26328,37497,Eptesicus serotinus,0.006,0.025,-1,Echolocation,/mnt/ubna_data_01_mir/recover-20220825/UBNA_002/20220823_033000.WAV,Telephone Field,recover-20220825,002,1795
441.4725,441.5094,68437,82101,Rhinolophus ferrumequinum,0.031,0.031,-1,Echolocation,/mnt/ubna_data_01_mir/recover-20220825/UBNA_002/20220823_033000.WAV,Telephone Field,recover-20220825,002,1795
441.5195,441.528,27187,40672,Eptesicus serotinus,0.008,0.023,-1,Echolocation,/mnt/ubna_data_01_mir/recover-20220825/UBNA_002/20220823_033000.WAV,Telephone Field,recover-20220825,002,1795
441.5235,441.5317,36640,46041,Pipistrellus nathusii,0.012,0.032,-1,Echolocation,/mnt/ubna_data_01_mir/recover-20220825/UBNA_002/20220823_033000.WAV,Telephone Field,recover-20220825,002,1795
441.5245,441.5326,28906,47354,Myotis daubentonii,0.011,0.023,-1,Echolocation,/mnt/ubna_data_01_mir/recover-20220825/UBNA_002/20220823_033000.WAV,Telephone Field,recover-20220825,002,1795
441.5685,441.5768,26328,36965,Eptesicus serotinus,0.008,0.023,-1,Echolocation,/mnt/ubna_data_01_mir/recover-20220825/UBNA_002/20220823_033000.WAV,Telephone Field,recover-20220825,002,1795
441.5785,441.5861,54687,59357,Pipistrellus pygmaeus,0.034,0.035,-1,Echolocation,/mnt/ubna_data_01_mir/recover-20220825/UBNA_002/20220823_033000.WAV,Telephone Field,recover-20220825,002,1795
441.5875,441.5964,41796,46761,Pipistrellus nathusii,0.018,0.036,-1,Echolocation,/mnt/ubna_data_01_mir/recover-20220825/UBNA_002/20220823_033000.WAV,Telephone Field,recover-20220825,002,1795
441.6375,441.6444,28046,49284,Myotis daubentonii,0.013,0.022,-1,Echolocation,/mnt/ubna_data_01_mir/recover-20220825/UBNA_002/20220823_033000.WAV,Telephone Field,recover-20220825,002,1795
441.6395,441.6454,38359,52392,Myotis brandtii,0.009,0.023,-1,Echolocation,/mnt/ubna_data_01_mir/recover-20220825/UBNA_002/20220823_033000.WAV,Telephone Field,recover-20220825,002,1795
441.6825,441.6882,31484,45227,Myotis daubentonii,0.012,0.027,-1,Echolocation,/mnt/ubna_data_01_mir/recover-20220825/UBNA_002/20220823_033000.WAV,Telephone Field,recover-20220825,002,1795
441.7195,441.7583,68437,82287,Rhinolophus ferrumequinum,0.022,0.022,-1,Echolocation,/mnt/ubna_data_01_mir/recover-20220825/UBNA_002/20220823_033000.WAV,Telephone Field,recover-20220825,002,1795
441.7225,441.7307,37500,45701,Myotis brandtii,0.008,0.027,-1,Echolocation,/mnt/ubna_data_01_mir/recover-20220825/UBNA_002/20220823_033000.WAV,Telephone Field,recover-20220825,002,1795
441.7255,441.7325,28906,46499,Myotis daubentonii,0.011,0.022,-1,Echolocation,/mnt/ubna_data_01_mir/recover-20220825/UBNA_002/20220823_033000.WAV,Telephone Field,recover-20220825,002,1795
441.7455,441.7528,41796,50574,Pipistrellus nathusii,0.009,0.027,-1,Echolocation,/mnt/ubna_data_01_mir/recover-20220825/UBNA_002/20220823_033000.WAV,Telephone Field,recover-20220825,002,1795
441.7475,441.7534,34921,51801,Myotis daubentonii,0.012,0.028,-1,Echolocation,/mnt/ubna_data_01_mir/recover-20220825/UBNA_002/20220823_033000.WAV,Telephone Field,recover-20220825,002,1795
441.7775,441.7854,26328,37157,Eptesicus serotinus,0.007,0.025,-1,Echolocation,/mnt/ubna_data_01_mir/recover-20220825/UBNA_002/20220823_033000.WAV,Telephone Field,recover-20220825,002,1795
441.8035,441.8424,68437,81879,Rhinolophus ferrumequinum,0.023,0.023,-1,Echolocation,/mnt/ubna_data_01_mir/recover-20220825/UBNA_002/20220823_033000.WAV,Telephone Field,recover-20220825,002,1795
441.8275,441.835,47812,53471,Pipistrellus pipistrellus,0.02,0.025,-1,Echolocation,/mnt/ubna_data_01_mir/recover-20220825/UBNA_002/20220823_033000.WAV,Telephone Field,recover-20220825,002,1795
441.8505,441.8884,68437,81816,Rhinolophus ferrumequinum,0.022,0.022,-1,Echolocation,/mnt/ubna_data_01_mir/recover-20220825/UBNA_002/20220823_033000.WAV,Telephone Field,recover-20220825,002,1795
441.8515,441.8582,32343,40861,Myotis daubentonii,0.012,0.022,-1,Echolocation,/mnt/ubna_data_01_mir/recover-20220825/UBNA_002/20220823_033000.WAV,Telephone Field,recover-20220825,002,1795
441.8655,441.8716,38359,48941,Pipistrellus nathusii,0.261,0.474,-1,Echolocation,/mnt/ubna_data_01_mir/recover-20220825/UBNA_002/20220823_033000.WAV,Telephone Field,recover-20220825,002,1795
441.8835,441.8927,28046,36473,Eptesicus serotinus,0.01,0.027,-1,Echolocation,/mnt/ubna_data_01_mir/recover-20220825/UBNA_002/20220823_033000.WAV,Telephone Field,recover-20220825,002,1795
441.9025,441.91179999999997,23750,31954,Eptesicus serotinus,0.01,0.04,-1,Echolocation,/mnt/ubna_data_01_mir/recover-20220825/UBNA_002/20220823_033000.WAV,Telephone Field,recover-20220825,002,1795
441.9425,441.9491,30625,45102,Myotis daubentonii,0.024,0.045,-1,Echolocation,/mnt/ubna_data_01_mir/recover-20220825/UBNA_002/20220823_033000.WAV,Telephone Field,recover-20220825,002,1795
441.9625,441.9976,68437,81231,Rhinolophus ferrumequinum,0.022,0.022,-1,Echolocation,/mnt/ubna_data_01_mir/recover-20220825/UBNA_002/20220823_033000.WAV,Telephone Field,recover-20220825,002,1795
441.9845,441.9918,28906,39055,Myotis daubentonii,0.01,0.026,-1,Echolocation,/mnt/ubna_data_01_mir/recover-20220825/UBNA_002/20220823_033000.WAV,Telephone Field,recover-20220825,002,1795
442.0015,442.0319,69296,80937,Rhinolophus ferrumequinum,0.024,0.024,-1,Echolocation,/mnt/ubna_data_01_mir/recover-20220825/UBNA_002/20220823_033000.WAV,Telephone Field,recover-20220825,002,1795
442.0015,442.0099,25468,33488,Nyctalus leisleri,0.01,0.028,-1,Echolocation,/mnt/ubna_data_01_mir/recover-20220825/UBNA_002/20220823_033000.WAV,Telephone Field,recover-20220825,002,1795
442.0185,442.0632,68437,83445,Rhinolophus ferrumequinum,0.031,0.031,-1,Echolocation,/mnt/ubna_data_01_mir/recover-20220825/UBNA_002/20220823_033000.WAV,Telephone Field,recover-20220825,002,1795
442.0195,442.0277,28046,39674,Eptesicus serotinus,0.008,0.022,-1,Echolocation,/mnt/ubna_data_01_mir/recover-20220825/UBNA_002/20220823_033000.WAV,Telephone Field,recover-20220825,002,1795
442.0245,442.0404,40937,44013,Pipistrellus nathusii,0.025,0.035,-1,Echolocation,/mnt/ubna_data_01_mir/recover-20220825/UBNA_002/20220823_033000.WAV,Telephone Field,recover-20220825,002,1795
442.0385,442.0441,36640,46786,Myotis daubentonii,0.018,0.042,-1,Echolocation,/mnt/ubna_data_01_mir/recover-20220825/UBNA_002/20220823_033000.WAV,Telephone Field,recover-20220825,002,1795
442.0515,442.0886,68437,81354,Rhinolophus ferrumequinum,0.022,0.022,-1,Echolocation,/mnt/ubna_data_01_mir/recover-20220825/UBNA_002/20220823_033000.WAV,Telephone Field,recover-20220825,002,1795
442.0775,442.1187,68437,82864,Rhinolophus ferrumequinum,0.027,0.027,-1,Echolocation,/mnt/ubna_data_01_mir/recover-20220825/UBNA_002/20220823_033000.WAV,Telephone Field,recover-20220825,002,1795
442.1235,442.1633,68437,82236,Rhinolophus ferrumequinum,0.023,0.023,-1,Echolocation,/mnt/ubna_data_01_mir/recover-20220825/UBNA_002/20220823_033000.WAV,Telephone Field,recover-20220825,002,1795
442.1305,442.1382,38359,48017,Pipistrellus nathusii,0.318,0.528,-1,Echolocation,/mnt/ubna_data_01_mir/recover-20220825/UBNA_002/20220823_033000.WAV,Telephone Field,recover-20220825,002,1795
442.1605,442.1708,23750,28919,Nyctalus leisleri,0.011,0.024,-1,Echolocation,/mnt/ubna_data_01_mir/recover-20220825/UBNA_002/20220823_033000.WAV,Telephone Field,recover-20220825,002,1795
442.1635,442.2039,68437,82444,Rhinolophus ferrumequinum,0.022,0.022,-1,Echolocation,/mnt/ubna_data_01_mir/recover-20220825/UBNA_002/20220823_033000.WAV,Telephone Field,recover-20220825,002,1795
442.1825,442.193,28046,36865,Eptesicus serotinus,0.009,0.022,-1,Echolocation,/mnt/ubna_data_01_mir/recover-20220825/UBNA_002/20220823_033000.WAV,Telephone Field,recover-20220825,002,1795
442.1925,442.2344,68437,82662,Rhinolophus ferrumequinum,0.022,0.022,-1,Echolocation,/mnt/ubna_data_01_mir/recover-20220825/UBNA_002/20220823_033000.WAV,Telephone Field,recover-20220825,002,1795
442.1985,442.237,68437,81730,Rhinolophus ferrumequinum,0.022,0.023,-1,Echolocation,/mnt/ubna_data_01_mir/recover-20220825/UBNA_002/20220823_033000.WAV,Telephone Field,recover-20220825,002,1795
442.22950000000003,442.2368,40078,47456,Pipistrellus nathusii,0.317,0.504,-1,Echolocation,/mnt/ubna_data_01_mir/recover-20220825/UBNA_002/20220823_033000.WAV,Telephone Field,recover-20220825,002,1795
442.2305,442.2381,26328,39343,Eptesicus serotinus,0.009,0.026,-1,Echolocation,/mnt/ubna_data_01_mir/recover-20220825/UBNA_002/20220823_033000.WAV,Telephone Field,recover-20220825,002,1795
442.2605,442.3005,68437,82967,Rhinolophus ferrumequinum,0.025,0.025,-1,Echolocation,/mnt/ubna_data_01_mir/recover-20220825/UBNA_002/20220823_033000.WAV,Telephone Field,recover-20220825,002,1795
442.3185,442.3565,68437,81714,Rhinolophus ferrumequinum,0.023,0.024,-1,Echolocation,/mnt/ubna_data_01_mir/recover-20220825/UBNA_002/20220823_033000.WAV,Telephone Field,recover-20220825,002,1795
442.3235,442.3334,39218,44445,Pipistrellus nathusii,0.261,0.309,-1,Echolocation,/mnt/ubna_data_01_mir/recover-20220825/UBNA_002/20220823_033000.WAV,Telephone Field,recover-20220825,002,1795
442.3265,442.334,26328,36997,Eptesicus serotinus,0.008,0.025,-1,Echolocation,/mnt/ubna_data_01_mir/recover-20220825/UBNA_002/20220823_033000.WAV,Telephone Field,recover-20220825,002,1795
442.3965,442.4033,26328,40330,Eptesicus serotinus,0.005,0.022,-1,Echolocation,/mnt/ubna_data_01_mir/recover-20220825/UBNA_002/20220823_033000.WAV,Telephone Field,recover-20220825,002,1795
442.4015,442.4417,68437,83010,Rhinolophus ferrumequinum,0.023,0.023,-1,Echolocation,/mnt/ubna_data_01_mir/recover-20220825/UBNA_002/20220823_033000.WAV,Telephone Field,recover-20220825,002,1795
442.4205,442.4275,37500,45981,Myotis daubentonii,0.008,0.024,-1,Echolocation,/mnt/ubna_data_01_mir/recover-20220825/UBNA_002/20220823_033000.WAV,Telephone Field,recover-20220825,002,1795
442.4205,442.4597,68437,82356,Rhinolophus ferrumequinum,0.023,0.023,-1,Echolocation,/mnt/ubna_data_01_mir/recover-20220825/UBNA_002/20220823_033000.WAV,Telephone Field,recover-20220825,002,1795
442.4215,442.4287,27187,39637,Eptesicus serotinus,0.007,0.023,-1,Echolocation,/mnt/ubna_data_01_mir/recover-20220825/UBNA_002/20220823_033000.WAV,Telephone Field,recover-20220825,002,1795
442.4755,442.5162,68437,82261,Rhinolophus ferrumequinum,0.023,0.023,-1,Echolocation,/mnt/ubna_data_01_mir/recover-20220825/UBNA_002/20220823_033000.WAV,Telephone Field,recover-20220825,002,1795
442.4815,442.5233,68437,82217,Rhinolophus ferrumequinum,0.024,0.024,-1,Echolocation,/mnt/ubna_data_01_mir/recover-20220825/UBNA_002/20220823_033000.WAV,Telephone Field,recover-20220825,002,1795
442.58050000000003,442.5898,27187,36802,Eptesicus serotinus,0.011,0.026,-1,Echolocation,/mnt/ubna_data_01_mir/recover-20220825/UBNA_002/20220823_033000.WAV,Telephone Field,recover-20220825,002,1795
442.5845,442.6236,68437,82188,Rhinolophus ferrumequinum,0.021,0.022,-1,Echolocation,/mnt/ubna_data_01_mir/recover-20220825/UBNA_002/20220823_033000.WAV,Telephone Field,recover-20220825,002,1795
442.6195,442.6266,31484,46242,Myotis daubentonii,0.013,0.024,-1,Echolocation,/mnt/ubna_data_01_mir/recover-20220825/UBNA_002/20220823_033000.WAV,Telephone Field,recover-20220825,002,1795
442.6565,442.6955,68437,82279,Rhinolophus ferrumequinum,0.022,0.022,-1,Echolocation,/mnt/ubna_data_01_mir/recover-20220825/UBNA_002/20220823_033000.WAV,Telephone Field,recover-20220825,002,1795
442.6965,442.7348,68437,82196,Rhinolophus ferrumequinum,0.026,0.026,-1,Echolocation,/mnt/ubna_data_01_mir/recover-20220825/UBNA_002/20220823_033000.WAV,Telephone Field,recover-20220825,002,1795
442.70550000000003,442.7429,68437,81288,Rhinolophus ferrumequinum,0.022,0.022,-1,Echolocation,/mnt/ubna_data_01_mir/recover-20220825/UBNA_002/20220823_033000.WAV,Telephone Field,recover-20220825,002,1795
442.7695,442.7766,31484,41619,Myotis daubentonii,0.01,0.025,-1,Echolocation,/mnt/ubna_data_01_mir/recover-20220825/UBNA_002/20220823_033000.WAV,Telephone Field,recover-20220825,002,1795
442.7895,442.8004,26328,33569,Eptesicus serotinus,0.011,0.024,-1,Echolocation,/mnt/ubna_data_01_mir/recover-20220825/UBNA_002/20220823_033000.WAV,Telephone Field,recover-20220825,002,1795
442.7905,442.8313,68437,82646,Rhinolophus ferrumequinum,0.026,0.026,-1,Echolocation,/mnt/ubna_data_01_mir/recover-20220825/UBNA_002/20220823_033000.WAV,Telephone Field,recover-20220825,002,1795
442.8145,442.8565,68437,82528,Rhinolophus ferrumequinum,0.028,0.028,-1,Echolocation,/mnt/ubna_data_01_mir/recover-20220825/UBNA_002/20220823_033000.WAV,Telephone Field,recover-20220825,002,1795
442.8165,442.8261,49531,53566,Pipistrellus pipistrellus,0.023,0.025,-1,Echolocation,/mnt/ubna_data_01_mir/recover-20220825/UBNA_002/20220823_033000.WAV,Telephone Field,recover-20220825,002,1795
442.8625,442.8991,68437,81477,Rhinolophus ferrumequinum,0.022,0.022,-1,Echolocation,/mnt/ubna_data_01_mir/recover-20220825/UBNA_002/20220823_033000.WAV,Telephone Field,recover-20220825,002,1795
442.8835,442.9226,68437,81836,Rhinolophus ferrumequinum,0.024,0.024,-1,Echolocation,/mnt/ubna_data_01_mir/recover-20220825/UBNA_002/20220823_033000.WAV,Telephone Field,recover-20220825,002,1795
442.8945,442.9172,20312,23705,Nyctalus noctula,0.07,0.122,-1,Echolocation,/mnt/ubna_data_01_mir/recover-20220825/UBNA_002/20220823_033000.WAV,Telephone Field,recover-20220825,002,1795
442.9105,442.9176,46093,55836,Pipistrellus pipistrellus,0.013,0.022,-1,Echolocation,/mnt/ubna_data_01_mir/recover-20220825/UBNA_002/20220823_033000.WAV,Telephone Field,recover-20220825,002,1795
442.9155,442.9245,27187,36322,Eptesicus serotinus,0.009,0.025,-1,Echolocation,/mnt/ubna_data_01_mir/recover-20220825/UBNA_002/20220823_033000.WAV,Telephone Field,recover-20220825,002,1795
442.9395,442.9489,26328,34091,Eptesicus serotinus,0.01,0.024,-1,Echolocation,/mnt/ubna_data_01_mir/recover-20220825/UBNA_002/20220823_033000.WAV,Telephone Field,recover-20220825,002,1795
442.9945,443.0301,68437,82272,Rhinolophus ferrumequinum,0.029,0.029,-1,Echolocation,/mnt/ubna_data_01_mir/recover-20220825/UBNA_002/20220823_033000.WAV,Telephone Field,recover-20220825,002,1795
443.0075,443.0485,68437,83326,Rhinolophus ferrumequinum,0.026,0.026,-1,Echolocation,/mnt/ubna_data_01_mir/recover-20220825/UBNA_002/20220823_033000.WAV,Telephone Field,recover-20220825,002,1795
443.0605,443.0991,68437,81689,Rhinolophus ferrumequinum,0.023,0.023,-1,Echolocation,/mnt/ubna_data_01_mir/recover-20220825/UBNA_002/20220823_033000.WAV,Telephone Field,recover-20220825,002,1795
443.0755,443.1144,68437,82229,Rhinolophus ferrumequinum,0.023,0.023,-1,Echolocation,/mnt/ubna_data_01_mir/recover-20220825/UBNA_002/20220823_033000.WAV,Telephone Field,recover-20220825,002,1795
443.0815,443.1161,68437,80979,Rhinolophus ferrumequinum,0.023,0.023,-1,Echolocation,/mnt/ubna_data_01_mir/recover-20220825/UBNA_002/20220823_033000.WAV,Telephone Field,recover-20220825,002,1795
443.1015,443.1415,68437,82466,Rhinolophus ferrumequinum,0.023,0.023,-1,Echolocation,/mnt/ubna_data_01_mir/recover-20220825/UBNA_002/20220823_033000.WAV,Telephone Field,recover-20220825,002,1795
443.1235,443.1345,28046,34696,Eptesicus serotinus,0.013,0.027,-1,Echolocation,/mnt/ubna_data_01_mir/recover-20220825/UBNA_002/20220823_033000.WAV,Telephone Field,recover-20220825,002,1795
443.1255,443.1677,68437,82558,Rhinolophus ferrumequinum,0.022,0.022,-1,Echolocation,/mnt/ubna_data_01_mir/recover-20220825/UBNA_002/20220823_033000.WAV,Telephone Field,recover-20220825,002,1795
443.1525,443.1935,68437,83023,Rhinolophus ferrumequinum,0.026,0.026,-1,Echolocation,/mnt/ubna_data_01_mir/recover-20220825/UBNA_002/20220823_033000.WAV,Telephone Field,recover-20220825,002,1795
443.1615,443.2039,68437,82945,Rhinolophus ferrumequinum,0.023,0.023,-1,Echolocation,/mnt/ubna_data_01_mir/recover-20220825/UBNA_002/20220823_033000.WAV,Telephone Field,recover-20220825,002,1795
443.2135,443.2495,68437,81402,Rhinolophus ferrumequinum,0.023,0.023,-1,Echolocation,/mnt/ubna_data_01_mir/recover-20220825/UBNA_002/20220823_033000.WAV,Telephone Field,recover-20220825,002,1795
443.2345,443.2762,68437,82537,Rhinolophus ferrumequinum,0.023,0.023,-1,Echolocation,/mnt/ubna_data_01_mir/recover-20220825/UBNA_002/20220823_033000.WAV,Telephone Field,recover-20220825,002,1795
443.2665,443.2764,40937,46709,Pipistrellus nathusii,0.013,0.026,-1,Echolocation,/mnt/ubna_data_01_mir/recover-20220825/UBNA_002/20220823_033000.WAV,Telephone Field,recover-20220825,002,1795
443.2905,443.329,68437,82178,Rhinolophus ferrumequinum,0.025,0.025,-1,Echolocation,/mnt/ubna_data_01_mir/recover-20220825/UBNA_002/20220823_033000.WAV,Telephone Field,recover-20220825,002,1795
443.2975,443.3087,23750,28603,Nyctalus leisleri,0.015,0.03,-1,Echolocation,/mnt/ubna_data_01_mir/recover-20220825/UBNA_002/20220823_033000.WAV,Telephone Field,recover-20220825,002,1795
443.3205,443.36220000000003,68437,82901,Rhinolophus ferrumequinum,0.028,0.028,-1,Echolocation,/mnt/ubna_data_01_mir/recover-20220825/UBNA_002/20220823_033000.WAV,Telephone Field,recover-20220825,002,1795
443.3975,443.4065,28046,37280,Eptesicus serotinus,0.007,0.022,-1,Echolocation,/mnt/ubna_data_01_mir/recover-20220825/UBNA_002/20220823_033000.WAV,Telephone Field,recover-20220825,002,1795
443.4425,443.45029999999997,28046,38467,Eptesicus serotinus,0.009,0.024,-1,Echolocation,/mnt/ubna_data_01_mir/recover-20220825/UBNA_002/20220823_033000.WAV,Telephone Field,recover-20220825,002,1795
443.4835,443.523,68437,82159,Rhinolophus ferrumequinum,0.025,0.025,-1,Echolocation,/mnt/ubna_data_01_mir/recover-20220825/UBNA_002/20220823_033000.WAV,Telephone Field,recover-20220825,002,1795
443.4835,443.4935,45234,49108,Pipistrellus pipistrellus,0.021,0.024,-1,Echolocation,/mnt/ubna_data_01_mir/recover-20220825/UBNA_002/20220823_033000.WAV,Telephone Field,recover-20220825,002,1795
443.4885,443.4998,23750,29375,Nyctalus leisleri,0.015,0.032,-1,Echolocation,/mnt/ubna_data_01_mir/recover-20220825/UBNA_002/20220823_033000.WAV,Telephone Field,recover-20220825,002,1795
443.5185,443.5405,16015,20014,Nyctalus noctula,0.025,0.034,-1,Echolocation,/mnt/ubna_data_01_mir/recover-20220825/UBNA_002/20220823_033000.WAV,Telephone Field,recover-20220825,002,1795
443.5195,443.5583,68437,82201,Rhinolophus ferrumequinum,0.022,0.022,-1,Echolocation,/mnt/ubna_data_01_mir/recover-20220825/UBNA_002/20220823_033000.WAV,Telephone Field,recover-20220825,002,1795
443.5335,443.5698,68437,81670,Rhinolophus ferrumequinum,0.022,0.022,-1,Echolocation,/mnt/ubna_data_01_mir/recover-20220825/UBNA_002/20220823_033000.WAV,Telephone Field,recover-20220825,002,1795
443.54449999999997,443.5841,68437,82052,Rhinolophus ferrumequinum,0.022,0.022,-1,Echolocation,/mnt/ubna_data_01_mir/recover-20220825/UBNA_002/20220823_033000.WAV,Telephone Field,recover-20220825,002,1795
443.5525,443.5624,44375,55382,Pipistrellus pipistrellus,0.013,0.021,-1,Echolocation,/mnt/ubna_data_01_mir/recover-20220825/UBNA_002/20220823_033000.WAV,Telephone Field,recover-20220825,002,1795
443.6105,443.6178,28046,38276,Eptesicus serotinus,0.008,0.028,-1,Echolocation,/mnt/ubna_data_01_mir/recover-20220825/UBNA_002/20220823_033000.WAV,Telephone Field,recover-20220825,002,1795
443.6195,443.65930000000003,68437,82142,Rhinolophus ferrumequinum,0.022,0.022,-1,Echolocation,/mnt/ubna_data_01_mir/recover-20220825/UBNA_002/20220823_033000.WAV,Telephone Field,recover-20220825,002,1795
443.6205,443.632,22890,28154,Nyctalus leisleri,0.017,0.037,-1,Echolocation,/mnt/ubna_data_01_mir/recover-20220825/UBNA_002/20220823_033000.WAV,Telephone Field,recover-20220825,002,1795
443.6855,443.7253,68437,82599,Rhinolophus ferrumequinum,0.021,0.021,-1,Echolocation,/mnt/ubna_data_01_mir/recover-20220825/UBNA_002/20220823_033000.WAV,Telephone Field,recover-20220825,002,1795
443.7315,443.7658,68437,81207,Rhinolophus ferrumequinum,0.024,0.024,-1,Echolocation,/mnt/ubna_data_01_mir/recover-20220825/UBNA_002/20220823_033000.WAV,Telephone Field,recover-20220825,002,1795
443.7385,443.7748,68437,81078,Rhinolophus ferrumequinum,0.022,0.023,-1,Echolocation,/mnt/ubna_data_01_mir/recover-20220825/UBNA_002/20220823_033000.WAV,Telephone Field,recover-20220825,002,1795
443.7635,443.8016,68437,81915,Rhinolophus ferrumequinum,0.022,0.022,-1,Echolocation,/mnt/ubna_data_01_mir/recover-20220825/UBNA_002/20220823_033000.WAV,Telephone Field,recover-20220825,002,1795
443.7845,443.7922,22890,30775,Plecotus austriacus,0.009,0.022,-1,Echolocation,/mnt/ubna_data_01_mir/recover-20220825/UBNA_002/20220823_033000.WAV,Telephone Field,recover-20220825,002,1795
443.8115,443.8487,68437,81883,Rhinolophus ferrumequinum,0.023,0.023,-1,Echolocation,/mnt/ubna_data_01_mir/recover-20220825/UBNA_002/20220823_033000.WAV,Telephone Field,recover-20220825,002,1795
443.8245,443.8654,68437,82395,Rhinolophus ferrumequinum,0.028,0.028,-1,Echolocation,/mnt/ubna_data_01_mir/recover-20220825/UBNA_002/20220823_033000.WAV,Telephone Field,recover-20220825,002,1795
443.8275,443.8357,27187,38552,Eptesicus serotinus,0.007,0.023,-1,Echolocation,/mnt/ubna_data_01_mir/recover-20220825/UBNA_002/20220823_033000.WAV,Telephone Field,recover-20220825,002,1795
443.8345,443.8431,28046,36236,Eptesicus serotinus,0.008,0.022,-1,Echolocation,/mnt/ubna_data_01_mir/recover-20220825/UBNA_002/20220823_033000.WAV,Telephone Field,recover-20220825,002,1795
443.8785,443.9158,68437,81471,Rhinolophus ferrumequinum,0.021,0.021,-1,Echolocation,/mnt/ubna_data_01_mir/recover-20220825/UBNA_002/20220823_033000.WAV,Telephone Field,recover-20220825,002,1795
443.8895,443.8996,22890,28814,Nyctalus leisleri,0.011,0.03,-1,Echolocation,/mnt/ubna_data_01_mir/recover-20220825/UBNA_002/20220823_033000.WAV,Telephone Field,recover-20220825,002,1795
443.9015,443.9132,23750,28097,Nyctalus leisleri,0.02,0.036,-1,Echolocation,/mnt/ubna_data_01_mir/recover-20220825/UBNA_002/20220823_033000.WAV,Telephone Field,recover-20220825,002,1795
443.9465,443.95550000000003,31484,45682,Myotis daubentonii,0.01,0.024,-1,Echolocation,/mnt/ubna_data_01_mir/recover-20220825/UBNA_002/20220823_033000.WAV,Telephone Field,recover-20220825,002,1795
444.0015,444.0109,22031,29750,Nyctalus leisleri,0.009,0.026,-1,Echolocation,/mnt/ubna_data_01_mir/recover-20220825/UBNA_002/20220823_033000.WAV,Telephone Field,recover-20220825,002,1795
444.0015,444.0325,68437,79679,Rhinolophus ferrumequinum,0.031,0.031,-1,Echolocation,/mnt/ubna_data_01_mir/recover-20220825/UBNA_002/20220823_033000.WAV,Telephone Field,recover-20220825,002,1795
444.0105,444.0506,68437,82147,Rhinolophus ferrumequinum,0.023,0.023,-1,Echolocation,/mnt/ubna_data_01_mir/recover-20220825/UBNA_002/20220823_033000.WAV,Telephone Field,recover-20220825,002,1795
444.0685,444.1096,68437,82317,Rhinolophus ferrumequinum,0.024,0.024,-1,Echolocation,/mnt/ubna_data_01_mir/recover-20220825/UBNA_002/20220823_033000.WAV,Telephone Field,recover-20220825,002,1795
444.1005,444.1361,68437,82077,Rhinolophus ferrumequinum,0.022,0.022,-1,Echolocation,/mnt/ubna_data_01_mir/recover-20220825/UBNA_002/20220823_033000.WAV,Telephone Field,recover-20220825,002,1795
444.1125,444.1511,68437,82432,Rhinolophus ferrumequinum,0.022,0.022,-1,Echolocation,/mnt/ubna_data_01_mir/recover-20220825/UBNA_002/20220823_033000.WAV,Telephone Field,recover-20220825,002,1795
444.1235,444.1631,68437,81971,Rhinolophus ferrumequinum,0.023,0.023,-1,Echolocation,/mnt/ubna_data_01_mir/recover-20220825/UBNA_002/20220823_033000.WAV,Telephone Field,recover-20220825,002,1795
444.1445,444.1548,28906,36800,Eptesicus serotinus,0.01,0.024,-1,Echolocation,/mnt/ubna_data_01_mir/recover-20220825/UBNA_002/20220823_033000.WAV,Telephone Field,recover-20220825,002,1795
444.1565,444.1729,14296,17788,Nyctalus noctula,0.059,0.09,-1,Echolocation,/mnt/ubna_data_01_mir/recover-20220825/UBNA_002/20220823_033000.WAV,Telephone Field,recover-20220825,002,1795
444.1575,444.197,68437,82019,Rhinolophus ferrumequinum,0.022,0.022,-1,Echolocation,/mnt/ubna_data_01_mir/recover-20220825/UBNA_002/20220823_033000.WAV,Telephone Field,recover-20220825,002,1795
444.2095,444.2452,68437,81951,Rhinolophus ferrumequinum,0.022,0.022,-1,Echolocation,/mnt/ubna_data_01_mir/recover-20220825/UBNA_002/20220823_033000.WAV,Telephone Field,recover-20220825,002,1795
444.2265,444.2646,68437,82331,Rhinolophus ferrumequinum,0.023,0.023,-1,Echolocation,/mnt/ubna_data_01_mir/recover-20220825/UBNA_002/20220823_033000.WAV,Telephone Field,recover-20220825,002,1795
444.2445,444.2807,68437,81781,Rhinolophus ferrumequinum,0.021,0.021,-1,Echolocation,/mnt/ubna_data_01_mir/recover-20220825/UBNA_002/20220823_033000.WAV,Telephone Field,recover-20220825,002,1795
444.2505,444.2871,68437,81790,Rhinolophus ferrumequinum,0.022,0.022,-1,Echolocation,/mnt/ubna_data_01_mir/recover-20220825/UBNA_002/20220823_033000.WAV,Telephone Field,recover-20220825,002,1795
444.2815,444.2913,24609,31667,Nyctalus leisleri,0.009,0.025,-1,Echolocation,/mnt/ubna_data_01_mir/recover-20220825/UBNA_002/20220823_033000.WAV,Telephone Field,recover-20220825,002,1795
444.3395,444.3765,68437,82099,Rhinolophus ferrumequinum,0.023,0.023,-1,Echolocation,/mnt/ubna_data_01_mir/recover-20220825/UBNA_002/20220823_033000.WAV,Telephone Field,recover-20220825,002,1795
444.3735,444.4125,68437,81800,Rhinolophus ferrumequinum,0.028,0.028,-1,Echolocation,/mnt/ubna_data_01_mir/recover-20220825/UBNA_002/20220823_033000.WAV,Telephone Field,recover-20220825,002,1795
444.3905,444.4014,22890,27782,Nyctalus leisleri,0.011,0.022,-1,Echolocation,/mnt/ubna_data_01_mir/recover-20220825/UBNA_002/20220823_033000.WAV,Telephone Field,recover-20220825,002,1795
444.3915,444.4304,68437,81907,Rhinolophus ferrumequinum,0.023,0.023,-1,Echolocation,/mnt/ubna_data_01_mir/recover-20220825/UBNA_002/20220823_033000.WAV,Telephone Field,recover-20220825,002,1795
444.4005,444.438,68437,81294,Rhinolophus ferrumequinum,0.023,0.023,-1,Echolocation,/mnt/ubna_data_01_mir/recover-20220825/UBNA_002/20220823_033000.WAV,Telephone Field,recover-20220825,002,1795
444.4405,444.4525,29765,35959,Eptesicus serotinus,0.012,0.022,-1,Echolocation,/mnt/ubna_data_01_mir/recover-20220825/UBNA_002/20220823_033000.WAV,Telephone Field,recover-20220825,002,1795
444.4485,444.457,22890,30010,Plecotus austriacus,0.01,0.024,-1,Echolocation,/mnt/ubna_data_01_mir/recover-20220825/UBNA_002/20220823_033000.WAV,Telephone Field,recover-20220825,002,1795
444.4635,444.47180000000003,28906,37872,Eptesicus serotinus,0.008,0.024,-1,Echolocation,/mnt/ubna_data_01_mir/recover-20220825/UBNA_002/20220823_033000.WAV,Telephone Field,recover-20220825,002,1795
444.5115,444.5505,68437,82607,Rhinolophus ferrumequinum,0.022,0.022,-1,Echolocation,/mnt/ubna_data_01_mir/recover-20220825/UBNA_002/20220823_033000.WAV,Telephone Field,recover-20220825,002,1795
444.5275,444.534,28046,46559,Myotis daubentonii,0.007,0.029,-1,Echolocation,/mnt/ubna_data_01_mir/recover-20220825/UBNA_002/20220823_033000.WAV,Telephone Field,recover-20220825,002,1795
444.5635,444.6043,68437,82805,Rhinolophus ferrumequinum,0.021,0.021,-1,Echolocation,/mnt/ubna_data_01_mir/recover-20220825/UBNA_002/20220823_033000.WAV,Telephone Field,recover-20220825,002,1795
444.5735,444.5888,22031,25615,Nyctalus leisleri,0.031,0.052,-1,Echolocation,/mnt/ubna_data_01_mir/recover-20220825/UBNA_002/20220823_033000.WAV,Telephone Field,recover-20220825,002,1795
444.6185,444.6583,68437,82151,Rhinolophus ferrumequinum,0.027,0.027,-1,Echolocation,/mnt/ubna_data_01_mir/recover-20220825/UBNA_002/20220823_033000.WAV,Telephone Field,recover-20220825,002,1795
444.6465,444.6859,68437,82376,Rhinolophus ferrumequinum,0.031,0.031,-1,Echolocation,/mnt/ubna_data_01_mir/recover-20220825/UBNA_002/20220823_033000.WAV,Telephone Field,recover-20220825,002,1795
444.6535,444.661,28046,39879,Eptesicus serotinus,0.007,0.022,-1,Echolocation,/mnt/ubna_data_01_mir/recover-20220825/UBNA_002/20220823_033000.WAV,Telephone Field,recover-20220825,002,1795
444.6545,444.6987,68437,83311,Rhinolophus ferrumequinum,0.034,0.034,-1,Echolocation,/mnt/ubna_data_01_mir/recover-20220825/UBNA_002/20220823_033000.WAV,Telephone Field,recover-20220825,002,1795
444.6795,444.6871,23750,32039,Plecotus austriacus,0.012,0.029,-1,Echolocation,/mnt/ubna_data_01_mir/recover-20220825/UBNA_002/20220823_033000.WAV,Telephone Field,recover-20220825,002,1795
444.7185,444.7557,68437,81764,Rhinolophus ferrumequinum,0.022,0.022,-1,Echolocation,/mnt/ubna_data_01_mir/recover-20220825/UBNA_002/20220823_033000.WAV,Telephone Field,recover-20220825,002,1795
444.7255,444.7333,27187,40469,Eptesicus serotinus,0.008,0.023,-1,Echolocation,/mnt/ubna_data_01_mir/recover-20220825/UBNA_002/20220823_033000.WAV,Telephone Field,recover-20220825,002,1795
444.7395,444.7484,28906,37588,Eptesicus serotinus,0.009,0.025,-1,Echolocation,/mnt/ubna_data_01_mir/recover-20220825/UBNA_002/20220823_033000.WAV,Telephone Field,recover-20220825,002,1795
444.7485,444.7586,24609,31415,Eptesicus serotinus,0.009,0.025,-1,Echolocation,/mnt/ubna_data_01_mir/recover-20220825/UBNA_002/20220823_033000.WAV,Telephone Field,recover-20220825,002,1795
444.7765,444.8156,68437,81714,Rhinolophus ferrumequinum,0.022,0.022,-1,Echolocation,/mnt/ubna_data_01_mir/recover-20220825/UBNA_002/20220823_033000.WAV,Telephone Field,recover-20220825,002,1795
444.8055,444.8132,28046,40319,Eptesicus serotinus,0.008,0.024,-1,Echolocation,/mnt/ubna_data_01_mir/recover-20220825/UBNA_002/20220823_033000.WAV,Telephone Field,recover-20220825,002,1795
444.8155,444.8504,68437,82102,Rhinolophus ferrumequinum,0.022,0.022,-1,Echolocation,/mnt/ubna_data_01_mir/recover-20220825/UBNA_002/20220823_033000.WAV,Telephone Field,recover-20220825,002,1795
444.8205,444.8304,28906,36309,Eptesicus serotinus,0.009,0.023,-1,Echolocation,/mnt/ubna_data_01_mir/recover-20220825/UBNA_002/20220823_033000.WAV,Telephone Field,recover-20220825,002,1795
444.85450000000003,444.8603,32343,45689,Myotis daubentonii,0.009,0.022,-1,Echolocation,/mnt/ubna_data_01_mir/recover-20220825/UBNA_002/20220823_033000.WAV,Telephone Field,recover-20220825,002,1795
444.8685,444.9096,68437,83071,Rhinolophus ferrumequinum,0.033,0.033,-1,Echolocation,/mnt/ubna_data_01_mir/recover-20220825/UBNA_002/20220823_033000.WAV,Telephone Field,recover-20220825,002,1795
444.8755,444.8874,26328,33078,Eptesicus serotinus,0.012,0.023,-1,Echolocation,/mnt/ubna_data_01_mir/recover-20220825/UBNA_002/20220823_033000.WAV,Telephone Field,recover-20220825,002,1795
444.8785,444.9169,68437,81769,Rhinolophus ferrumequinum,0.023,0.023,-1,Echolocation,/mnt/ubna_data_01_mir/recover-20220825/UBNA_002/20220823_033000.WAV,Telephone Field,recover-20220825,002,1795
444.8805,444.8918,27187,33980,Eptesicus serotinus,0.011,0.024,-1,Echolocation,/mnt/ubna_data_01_mir/recover-20220825/UBNA_002/20220823_033000.WAV,Telephone Field,recover-20220825,002,1795
444.9115,444.9472,68437,81016,Rhinolophus ferrumequinum,0.022,0.022,-1,Echolocation,/mnt/ubna_data_01_mir/recover-20220825/UBNA_002/20220823_033000.WAV,Telephone Field,recover-20220825,002,1795
444.9575,444.9717,22890,27502,Nyctalus leisleri,0.016,0.029,-1,Echolocation,/mnt/ubna_data_01_mir/recover-20220825/UBNA_002/20220823_033000.WAV,Telephone Field,recover-20220825,002,1795
444.9575,445.00260000000003,68437,83426,Rhinolophus ferrumequinum,0.044,0.044,-1,Echolocation,/mnt/ubna_data_01_mir/recover-20220825/UBNA_002/20220823_033000.WAV,Telephone Field,recover-20220825,002,1795
444.9835,445.0228,68437,82289,Rhinolophus ferrumequinum,0.024,0.024,-1,Echolocation,/mnt/ubna_data_01_mir/recover-20220825/UBNA_002/20220823_033000.WAV,Telephone Field,recover-20220825,002,1795
445.0115,445.0477,68437,81578,Rhinolophus ferrumequinum,0.044,0.044,-1,Echolocation,/mnt/ubna_data_01_mir/recover-20220825/UBNA_002/20220823_033000.WAV,Telephone Field,recover-20220825,002,1795
445.0305,445.0384,28906,38116,Eptesicus serotinus,0.007,0.023,-1,Echolocation,/mnt/ubna_data_01_mir/recover-20220825/UBNA_002/20220823_033000.WAV,Telephone Field,recover-20220825,002,1795
445.0325,445.0532,18593,21607,Nyctalus noctula,0.011,0.023,-1,Echolocation,/mnt/ubna_data_01_mir/recover-20220825/UBNA_002/20220823_033000.WAV,Telephone Field,recover-20220825,002,1795
445.1335,445.149,22890,27571,Nyctalus leisleri,0.015,0.032,-1,Echolocation,/mnt/ubna_data_01_mir/recover-20220825/UBNA_002/20220823_033000.WAV,Telephone Field,recover-20220825,002,1795
445.1355,445.172,68437,81963,Rhinolophus ferrumequinum,0.023,0.023,-1,Echolocation,/mnt/ubna_data_01_mir/recover-20220825/UBNA_002/20220823_033000.WAV,Telephone Field,recover-20220825,002,1795
445.1545,445.1627,28906,38233,Eptesicus serotinus,0.009,0.023,-1,Echolocation,/mnt/ubna_data_01_mir/recover-20220825/UBNA_002/20220823_033000.WAV,Telephone Field,recover-20220825,002,1795
445.1605,445.1698,24609,31320,Nyctalus leisleri,0.008,0.022,-1,Echolocation,/mnt/ubna_data_01_mir/recover-20220825/UBNA_002/20220823_033000.WAV,Telephone Field,recover-20220825,002,1795
445.1605,445.2017,68437,82794,Rhinolophus ferrumequinum,0.027,0.027,-1,Echolocation,/mnt/ubna_data_01_mir/recover-20220825/UBNA_002/20220823_033000.WAV,Telephone Field,recover-20220825,002,1795
445.1755,445.2165,68437,83204,Rhinolophus ferrumequinum,0.022,0.022,-1,Echolocation,/mnt/ubna_data_01_mir/recover-20220825/UBNA_002/20220823_033000.WAV,Telephone Field,recover-20220825,002,1795
445.2235,445.262,68437,81464,Rhinolophus ferrumequinum,0.022,0.022,-1,Echolocation,/mnt/ubna_data_01_mir/recover-20220825/UBNA_002/20220823_033000.WAV,Telephone Field,recover-20220825,002,1795
445.2565,445.2935,68437,81583,Rhinolophus ferrumequinum,0.022,0.022,-1,Echolocation,/mnt/ubna_data_01_mir/recover-20220825/UBNA_002/20220823_033000.WAV,Telephone Field,recover-20220825,002,1795
445.2845,445.2937,22031,28811,Plecotus austriacus,0.01,0.026,-1,Echolocation,/mnt/ubna_data_01_mir/recover-20220825/UBNA_002/20220823_033000.WAV,Telephone Field,recover-20220825,002,1795
445.29449999999997,445.3355,68437,82726,Rhinolophus ferrumequinum,0.029,0.029,-1,Echolocation,/mnt/ubna_data_01_mir/recover-20220825/UBNA_002/20220823_033000.WAV,Telephone Field,recover-20220825,002,1795
445.3155,445.3573,68437,82927,Rhinolophus ferrumequinum,0.029,0.03,-1,Echolocation,/mnt/ubna_data_01_mir/recover-20220825/UBNA_002/20220823_033000.WAV,Telephone Field,recover-20220825,002,1795
445.3285,445.3391,24609,31507,Nyctalus leisleri,0.01,0.027,-1,Echolocation,/mnt/ubna_data_01_mir/recover-20220825/UBNA_002/20220823_033000.WAV,Telephone Field,recover-20220825,002,1795
445.3485,445.3854,68437,82142,Rhinolophus ferrumequinum,0.022,0.022,-1,Echolocation,/mnt/ubna_data_01_mir/recover-20220825/UBNA_002/20220823_033000.WAV,Telephone Field,recover-20220825,002,1795
445.3555,445.3931,68437,82187,Rhinolophus ferrumequinum,0.022,0.022,-1,Echolocation,/mnt/ubna_data_01_mir/recover-20220825/UBNA_002/20220823_033000.WAV,Telephone Field,recover-20220825,002,1795
445.4135,445.428,14296,19795,Nyctalus noctula,0.016,0.024,-1,Echolocation,/mnt/ubna_data_01_mir/recover-20220825/UBNA_002/20220823_033000.WAV,Telephone Field,recover-20220825,002,1795
445.4435,445.4508,27187,39991,Eptesicus serotinus,0.007,0.023,-1,Echolocation,/mnt/ubna_data_01_mir/recover-20220825/UBNA_002/20220823_033000.WAV,Telephone Field,recover-20220825,002,1795
445.4775,445.506,68437,80093,Rhinolophus ferrumequinum,0.023,0.024,-1,Echolocation,/mnt/ubna_data_01_mir/recover-20220825/UBNA_002/20220823_033000.WAV,Telephone Field,recover-20220825,002,1795
445.4975,445.5099,28906,34548,Eptesicus serotinus,0.02,0.034,-1,Echolocation,/mnt/ubna_data_01_mir/recover-20220825/UBNA_002/20220823_033000.WAV,Telephone Field,recover-20220825,002,1795
445.5415,445.5818,68437,82511,Rhinolophus ferrumequinum,0.026,0.026,-1,Echolocation,/mnt/ubna_data_01_mir/recover-20220825/UBNA_002/20220823_033000.WAV,Telephone Field,recover-20220825,002,1795
445.5665,445.5765,28046,37782,Eptesicus serotinus,0.012,0.027,-1,Echolocation,/mnt/ubna_data_01_mir/recover-20220825/UBNA_002/20220823_033000.WAV,Telephone Field,recover-20220825,002,1795
445.5765,445.5875,26328,33404,Eptesicus serotinus,0.012,0.025,-1,Echolocation,/mnt/ubna_data_01_mir/recover-20220825/UBNA_002/20220823_033000.WAV,Telephone Field,recover-20220825,002,1795
445.6315,445.6392,28046,37357,Eptesicus serotinus,0.007,0.023,-1,Echolocation,/mnt/ubna_data_01_mir/recover-20220825/UBNA_002/20220823_033000.WAV,Telephone Field,recover-20220825,002,1795
445.6595,445.6668,28046,40592,Eptesicus serotinus,0.006,0.022,-1,Echolocation,/mnt/ubna_data_01_mir/recover-20220825/UBNA_002/20220823_033000.WAV,Telephone Field,recover-20220825,002,1795
445.6735,445.7138,68437,83134,Rhinolophus ferrumequinum,0.027,0.027,-1,Echolocation,/mnt/ubna_data_01_mir/recover-20220825/UBNA_002/20220823_033000.WAV,Telephone Field,recover-20220825,002,1795
445.7475,445.7572,24609,31182,Nyctalus leisleri,0.011,0.028,-1,Echolocation,/mnt/ubna_data_01_mir/recover-20220825/UBNA_002/20220823_033000.WAV,Telephone Field,recover-20220825,002,1795
445.7715,445.8142,68437,82957,Rhinolophus ferrumequinum,0.034,0.034,-1,Echolocation,/mnt/ubna_data_01_mir/recover-20220825/UBNA_002/20220823_033000.WAV,Telephone Field,recover-20220825,002,1795
445.8345,445.8739,68437,82509,Rhinolophus ferrumequinum,0.024,0.024,-1,Echolocation,/mnt/ubna_data_01_mir/recover-20220825/UBNA_002/20220823_033000.WAV,Telephone Field,recover-20220825,002,1795
445.8645,445.8775,28906,34082,Eptesicus serotinus,0.015,0.032,-1,Echolocation,/mnt/ubna_data_01_mir/recover-20220825/UBNA_002/20220823_033000.WAV,Telephone Field,recover-20220825,002,1795
445.8735,445.9133,68437,82087,Rhinolophus ferrumequinum,0.022,0.022,-1,Echolocation,/mnt/ubna_data_01_mir/recover-20220825/UBNA_002/20220823_033000.WAV,Telephone Field,recover-20220825,002,1795
445.9115,445.9498,68437,82550,Rhinolophus ferrumequinum,0.022,0.022,-1,Echolocation,/mnt/ubna_data_01_mir/recover-20220825/UBNA_002/20220823_033000.WAV,Telephone Field,recover-20220825,002,1795
445.9205,445.931,43515,46459,Pipistrellus pipistrellus,0.089,0.133,-1,Echolocation,/mnt/ubna_data_01_mir/recover-20220825/UBNA_002/20220823_033000.WAV,Telephone Field,recover-20220825,002,1795
445.9265,445.9333,26328,36853,Eptesicus serotinus,0.006,0.024,-1,Echolocation,/mnt/ubna_data_01_mir/recover-20220825/UBNA_002/20220823_033000.WAV,Telephone Field,recover-20220825,002,1795
445.9465,445.9592,22890,27376,Nyctalus leisleri,0.016,0.029,-1,Echolocation,/mnt/ubna_data_01_mir/recover-20220825/UBNA_002/20220823_033000.WAV,Telephone Field,recover-20220825,002,1795
445.9865,445.9956,28046,36970,Eptesicus serotinus,0.01,0.027,-1,Echolocation,/mnt/ubna_data_01_mir/recover-20220825/UBNA_002/20220823_033000.WAV,Telephone Field,recover-20220825,002,1795
446.0015,446.0352,68437,79920,Rhinolophus ferrumequinum,0.046,0.046,-1,Echolocation,/mnt/ubna_data_01_mir/recover-20220825/UBNA_002/20220823_033000.WAV,Telephone Field,recover-20220825,002,1795
446.0015,446.012,24609,31875,Eptesicus serotinus,0.015,0.044,-1,Echolocation,/mnt/ubna_data_01_mir/recover-20220825/UBNA_002/20220823_033000.WAV,Telephone Field,recover-20220825,002,1795
446.0095,446.054,68437,82323,Rhinolophus ferrumequinum,0.04,0.04,-1,Echolocation,/mnt/ubna_data_01_mir/recover-20220825/UBNA_002/20220823_033000.WAV,Telephone Field,recover-20220825,002,1795
446.0275,446.0332,28046,52608,Myotis daubentonii,0.033,0.049,-1,Echolocation,/mnt/ubna_data_01_mir/recover-20220825/UBNA_002/20220823_033000.WAV,Telephone Field,recover-20220825,002,1795
446.0275,446.03430000000003,40937,49314,Pipistrellus nathusii,0.26,0.426,-1,Echolocation,/mnt/ubna_data_01_mir/recover-20220825/UBNA_002/20220823_033000.WAV,Telephone Field,recover-20220825,002,1795
446.0605,446.0687,26328,37550,Eptesicus serotinus,0.01,0.027,-1,Echolocation,/mnt/ubna_data_01_mir/recover-20220825/UBNA_002/20220823_033000.WAV,Telephone Field,recover-20220825,002,1795
446.1255,446.1408,15156,21596,Nyctalus noctula,0.014,0.024,-1,Echolocation,/mnt/ubna_data_01_mir/recover-20220825/UBNA_002/20220823_033000.WAV,Telephone Field,recover-20220825,002,1795
446.1295,446.1367,40937,51889,Pipistrellus nathusii,0.189,0.361,-1,Echolocation,/mnt/ubna_data_01_mir/recover-20220825/UBNA_002/20220823_033000.WAV,Telephone Field,recover-20220825,002,1795
446.1965,446.2333,68437,82090,Rhinolophus ferrumequinum,0.024,0.024,-1,Echolocation,/mnt/ubna_data_01_mir/recover-20220825/UBNA_002/20220823_033000.WAV,Telephone Field,recover-20220825,002,1795
446.22950000000003,446.2359,42656,51249,Pipistrellus nathusii,0.328,0.463,-1,Echolocation,/mnt/ubna_data_01_mir/recover-20220825/UBNA_002/20220823_033000.WAV,Telephone Field,recover-20220825,002,1795
446.2315,446.2367,27187,46940,Myotis daubentonii,0.073,0.105,-1,Echolocation,/mnt/ubna_data_01_mir/recover-20220825/UBNA_002/20220823_033000.WAV,Telephone Field,recover-20220825,002,1795
446.2585,446.2656,38359,48696,Myotis brandtii,0.009,0.028,-1,Echolocation,/mnt/ubna_data_01_mir/recover-20220825/UBNA_002/20220823_033000.WAV,Telephone Field,recover-20220825,002,1795
446.2595,446.2664,31484,43421,Myotis daubentonii,0.015,0.033,-1,Echolocation,/mnt/ubna_data_01_mir/recover-20220825/UBNA_002/20220823_033000.WAV,Telephone Field,recover-20220825,002,1795
446.3105,446.3217,25468,33084,Eptesicus serotinus,0.015,0.033,-1,Echolocation,/mnt/ubna_data_01_mir/recover-20220825/UBNA_002/20220823_033000.WAV,Telephone Field,recover-20220825,002,1795
446.33050000000003,446.3371,53828,59948,Pipistrellus pygmaeus,0.03,0.032,-1,Echolocation,/mnt/ubna_data_01_mir/recover-20220825/UBNA_002/20220823_033000.WAV,Telephone Field,recover-20220825,002,1795
446.3335,446.3405,40937,50290,Pipistrellus nathusii,0.225,0.459,-1,Echolocation,/mnt/ubna_data_01_mir/recover-20220825/UBNA_002/20220823_033000.WAV,Telephone Field,recover-20220825,002,1795
446.3815,446.4201,68437,82596,Rhinolophus ferrumequinum,0.034,0.034,-1,Echolocation,/mnt/ubna_data_01_mir/recover-20220825/UBNA_002/20220823_033000.WAV,Telephone Field,recover-20220825,002,1795
446.3875,446.3939,31484,42679,Myotis daubentonii,0.016,0.032,-1,Echolocation,/mnt/ubna_data_01_mir/recover-20220825/UBNA_002/20220823_033000.WAV,Telephone Field,recover-20220825,002,1795
446.4315,446.4373,38359,49858,Pipistrellus nathusii,0.163,0.422,-1,Echolocation,/mnt/ubna_data_01_mir/recover-20220825/UBNA_002/20220823_033000.WAV,Telephone Field,recover-20220825,002,1795
446.4325,446.4403,13437,24463,Barbastellus barbastellus,0.026,0.029,-1,Echolocation,/mnt/ubna_data_01_mir/recover-20220825/UBNA_002/20220823_033000.WAV,Telephone Field,recover-20220825,002,1795
446.4945,446.505,24609,31587,Eptesicus serotinus,0.011,0.029,-1,Echolocation,/mnt/ubna_data_01_mir/recover-20220825/UBNA_002/20220823_033000.WAV,Telephone Field,recover-20220825,002,1795
446.5045,446.5154,23750,29553,Nyctalus leisleri,0.014,0.033,-1,Echolocation,/mnt/ubna_data_01_mir/recover-20220825/UBNA_002/20220823_033000.WAV,Telephone Field,recover-20220825,002,1795
446.5265,446.5338,29765,41660,Myotis daubentonii,0.013,0.028,-1,Echolocation,/mnt/ubna_data_01_mir/recover-20220825/UBNA_002/20220823_033000.WAV,Telephone Field,recover-20220825,002,1795
446.5295,446.5366,48671,55978,Pipistrellus pipistrellus,0.021,0.025,-1,Echolocation,/mnt/ubna_data_01_mir/recover-20220825/UBNA_002/20220823_033000.WAV,Telephone Field,recover-20220825,002,1795
446.5535,446.5594,40078,53404,Pipistrellus nathusii,0.229,0.492,-1,Echolocation,/mnt/ubna_data_01_mir/recover-20220825/UBNA_002/20220823_033000.WAV,Telephone Field,recover-20220825,002,1795
446.6215,446.6291,41796,51824,Pipistrellus nathusii,0.01,0.024,-1,Echolocation,/mnt/ubna_data_01_mir/recover-20220825/UBNA_002/20220823_033000.WAV,Telephone Field,recover-20220825,002,1795
446.6235,446.6309,25468,34281,Eptesicus serotinus,0.008,0.027,-1,Echolocation,/mnt/ubna_data_01_mir/recover-20220825/UBNA_002/20220823_033000.WAV,Telephone Field,recover-20220825,002,1795
446.6545,446.663,41796,48084,Pipistrellus nathusii,0.153,0.203,-1,Echolocation,/mnt/ubna_data_01_mir/recover-20220825/UBNA_002/20220823_033000.WAV,Telephone Field,recover-20220825,002,1795
446.6585,446.6656,28906,43308,Myotis daubentonii,0.021,0.038,-1,Echolocation,/mnt/ubna_data_01_mir/recover-20220825/UBNA_002/20220823_033000.WAV,Telephone Field,recover-20220825,002,1795
446.6955,446.7016,36640,46518,Myotis daubentonii,0.013,0.024,-1,Echolocation,/mnt/ubna_data_01_mir/recover-20220825/UBNA_002/20220823_033000.WAV,Telephone Field,recover-20220825,002,1795
446.7385,446.7452,31484,44814,Myotis daubentonii,0.011,0.028,-1,Echolocation,/mnt/ubna_data_01_mir/recover-20220825/UBNA_002/20220823_033000.WAV,Telephone Field,recover-20220825,002,1795
446.7395,446.748,42656,49778,Pipistrellus nathusii,0.031,0.05,-1,Echolocation,/mnt/ubna_data_01_mir/recover-20220825/UBNA_002/20220823_033000.WAV,Telephone Field,recover-20220825,002,1795
446.7405,446.7478,25468,35242,Eptesicus serotinus,0.01,0.031,-1,Echolocation,/mnt/ubna_data_01_mir/recover-20220825/UBNA_002/20220823_033000.WAV,Telephone Field,recover-20220825,002,1795
446.7595,446.766,33203,47896,Myotis daubentonii,0.013,0.025,-1,Echolocation,/mnt/ubna_data_01_mir/recover-20220825/UBNA_002/20220823_033000.WAV,Telephone Field,recover-20220825,002,1795
446.8125,446.8211,27187,35439,Eptesicus serotinus,0.009,0.024,-1,Echolocation,/mnt/ubna_data_01_mir/recover-20220825/UBNA_002/20220823_033000.WAV,Telephone Field,recover-20220825,002,1795
446.8275,446.8333,40937,51229,Pipistrellus nathusii,0.397,0.492,-1,Echolocation,/mnt/ubna_data_01_mir/recover-20220825/UBNA_002/20220823_033000.WAV,Telephone Field,recover-20220825,002,1795
446.8605,446.8719,24609,30609,Nyctalus leisleri,0.012,0.03,-1,Echolocation,/mnt/ubna_data_01_mir/recover-20220825/UBNA_002/20220823_033000.WAV,Telephone Field,recover-20220825,002,1795
446.8825,446.8927,27187,36027,Eptesicus serotinus,0.016,0.03,-1,Echolocation,/mnt/ubna_data_01_mir/recover-20220825/UBNA_002/20220823_033000.WAV,Telephone Field,recover-20220825,002,1795
446.9005,446.9188,16875,22345,Nyctalus noctula,0.019,0.025,-1,Echolocation,/mnt/ubna_data_01_mir/recover-20220825/UBNA_002/20220823_033000.WAV,Telephone Field,recover-20220825,002,1795
446.9125,446.9546,68437,83356,Rhinolophus ferrumequinum,0.03,0.03,-1,Echolocation,/mnt/ubna_data_01_mir/recover-20220825/UBNA_002/20220823_033000.WAV,Telephone Field,recover-20220825,002,1795
446.9295,446.9353,41796,50404,Pipistrellus nathusii,0.17,0.246,-1,Echolocation,/mnt/ubna_data_01_mir/recover-20220825/UBNA_002/20220823_033000.WAV,Telephone Field,recover-20220825,002,1795
446.9375,446.9458,25468,33085,Eptesicus serotinus,0.007,0.025,-1,Echolocation,/mnt/ubna_data_01_mir/recover-20220825/UBNA_002/20220823_033000.WAV,Telephone Field,recover-20220825,002,1795
446.9545,446.9959,68437,83010,Rhinolophus ferrumequinum,0.027,0.027,-1,Echolocation,/mnt/ubna_data_01_mir/recover-20220825/UBNA_002/20220823_033000.WAV,Telephone Field,recover-20220825,002,1795
446.9625,446.9694,41796,50879,Pipistrellus nathusii,0.015,0.032,-1,Echolocation,/mnt/ubna_data_01_mir/recover-20220825/UBNA_002/20220823_033000.WAV,Telephone Field,recover-20220825,002,1795
446.9635,446.9705,25468,37024,Eptesicus serotinus,0.007,0.025,-1,Echolocation,/mnt/ubna_data_01_mir/recover-20220825/UBNA_002/20220823_033000.WAV,Telephone Field,recover-20220825,002,1795
447.0015,447.0092,25468,39361,Eptesicus serotinus,0.008,0.026,-1,Echolocation,/mnt/ubna_data_01_mir/recover-20220825/UBNA_002/20220823_033000.WAV,Telephone Field,recover-20220825,002,1795
447.0045,447.0111,34062,41724,Barbastellus barbastellus,0.023,0.051,-1,Echolocation,/mnt/ubna_data_01_mir/recover-20220825/UBNA_002/20220823_033000.WAV,Telephone Field,recover-20220825,002,1795
447.0125,447.0215,41796,50189,Pipistrellus nathusii,0.013,0.028,-1,Echolocation,/mnt/ubna_data_01_mir/recover-20220825/UBNA_002/20220823_033000.WAV,Telephone Field,recover-20220825,002,1795
447.0515,447.05740000000003,39218,49945,Pipistrellus nathusii,0.231,0.467,-1,Echolocation,/mnt/ubna_data_01_mir/recover-20220825/UBNA_002/20220823_033000.WAV,Telephone Field,recover-20220825,002,1795
447.0625,447.0711,26328,34049,Eptesicus serotinus,0.008,0.027,-1,Echolocation,/mnt/ubna_data_01_mir/recover-20220825/UBNA_002/20220823_033000.WAV,Telephone Field,recover-20220825,002,1795
447.1515,447.1569,28046,46677,Myotis daubentonii,0.065,0.125,-1,Echolocation,/mnt/ubna_data_01_mir/recover-20220825/UBNA_002/20220823_033000.WAV,Telephone Field,recover-20220825,002,1795
447.1525,447.15840000000003,40078,53954,Pipistrellus nathusii,0.229,0.456,-1,Echolocation,/mnt/ubna_data_01_mir/recover-20220825/UBNA_002/20220823_033000.WAV,Telephone Field,recover-20220825,002,1795
447.1555,447.1625,13437,25414,Barbastellus barbastellus,0.026,0.028,-1,Echolocation,/mnt/ubna_data_01_mir/recover-20220825/UBNA_002/20220823_033000.WAV,Telephone Field,recover-20220825,002,1795
447.2445,447.2518,39218,46981,Pipistrellus nathusii,0.345,0.503,-1,Echolocation,/mnt/ubna_data_01_mir/recover-20220825/UBNA_002/20220823_033000.WAV,Telephone Field,recover-20220825,002,1795
447.2655,447.3058,68437,82187,Rhinolophus ferrumequinum,0.025,0.025,-1,Echolocation,/mnt/ubna_data_01_mir/recover-20220825/UBNA_002/20220823_033000.WAV,Telephone Field,recover-20220825,002,1795
447.2835,447.2927,43515,50572,Pipistrellus nathusii,0.026,0.049,-1,Echolocation,/mnt/ubna_data_01_mir/recover-20220825/UBNA_002/20220823_033000.WAV,Telephone Field,recover-20220825,002,1795
447.3235,447.3319,36640,43584,Pipistrellus nathusii,0.015,0.038,-1,Echolocation,/mnt/ubna_data_01_mir/recover-20220825/UBNA_002/20220823_033000.WAV,Telephone Field,recover-20220825,002,1795
447.3395,447.346,40937,49225,Pipistrellus nathusii,0.284,0.489,-1,Echolocation,/mnt/ubna_data_01_mir/recover-20220825/UBNA_002/20220823_033000.WAV,Telephone Field,recover-20220825,002,1795
447.3985,447.4067,26328,36265,Eptesicus serotinus,0.008,0.024,-1,Echolocation,/mnt/ubna_data_01_mir/recover-20220825/UBNA_002/20220823_033000.WAV,Telephone Field,recover-20220825,002,1795
447.4245,447.4331,26328,34733,Eptesicus serotinus,0.009,0.03,-1,Echolocation,/mnt/ubna_data_01_mir/recover-20220825/UBNA_002/20220823_033000.WAV,Telephone Field,recover-20220825,002,1795
447.4335,447.4395,38359,47501,Pipistrellus nathusii,0.396,0.489,-1,Echolocation,/mnt/ubna_data_01_mir/recover-20220825/UBNA_002/20220823_033000.WAV,Telephone Field,recover-20220825,002,1795
447.4895,447.4981,41796,50598,Pipistrellus nathusii,0.01,0.024,-1,Echolocation,/mnt/ubna_data_01_mir/recover-20220825/UBNA_002/20220823_033000.WAV,Telephone Field,recover-20220825,002,1795
447.5145,447.5238,41796,46645,Pipistrellus nathusii,0.071,0.084,-1,Echolocation,/mnt/ubna_data_01_mir/recover-20220825/UBNA_002/20220823_033000.WAV,Telephone Field,recover-20220825,002,1795
447.5415,447.5484,38359,49887,Pipistrellus nathusii,0.205,0.428,-1,Echolocation,/mnt/ubna_data_01_mir/recover-20220825/UBNA_002/20220823_033000.WAV,Telephone Field,recover-20220825,002,1795
447.5435,447.551,48671,53071,Pipistrellus pipistrellus,0.014,0.024,-1,Echolocation,/mnt/ubna_data_01_mir/recover-20220825/UBNA_002/20220823_033000.WAV,Telephone Field,recover-20220825,002,1795
447.5685,447.6074,68437,82056,Rhinolophus ferrumequinum,0.025,0.025,-1,Echolocation,/mnt/ubna_data_01_mir/recover-20220825/UBNA_002/20220823_033000.WAV,Telephone Field,recover-20220825,002,1795
447.6265,447.6356,27187,36214,Eptesicus serotinus,0.011,0.024,-1,Echolocation,/mnt/ubna_data_01_mir/recover-20220825/UBNA_002/20220823_033000.WAV,Telephone Field,recover-20220825,002,1795
447.6475,447.6534,39218,47961,Pipistrellus nathusii,0.312,0.447,-1,Echolocation,/mnt/ubna_data_01_mir/recover-20220825/UBNA_002/20220823_033000.WAV,Telephone Field,recover-20220825,002,1795
447.6925,447.7058,15156,20582,Nyctalus noctula,0.016,0.026,-1,Echolocation,/mnt/ubna_data_01_mir/recover-20220825/UBNA_002/20220823_033000.WAV,Telephone Field,recover-20220825,002,1795
447.7315,447.7393,42656,53389,Pipistrellus nathusii,0.012,0.028,-1,Echolocation,/mnt/ubna_data_01_mir/recover-20220825/UBNA_002/20220823_033000.WAV,Telephone Field,recover-20220825,002,1795
447.7605,447.7679,40937,49557,Pipistrellus nathusii,0.127,0.302,-1,Echolocation,/mnt/ubna_data_01_mir/recover-20220825/UBNA_002/20220823_033000.WAV,Telephone Field,recover-20220825,002,1795
447.7995,447.8355,68437,81914,Rhinolophus ferrumequinum,0.025,0.025,-1,Echolocation,/mnt/ubna_data_01_mir/recover-20220825/UBNA_002/20220823_033000.WAV,Telephone Field,recover-20220825,002,1795
447.8365,447.8432,54687,62393,Pipistrellus pygmaeus,0.026,0.027,-1,Echolocation,/mnt/ubna_data_01_mir/recover-20220825/UBNA_002/20220823_033000.WAV,Telephone Field,recover-20220825,002,1795
447.8605,447.8997,68437,83006,Rhinolophus ferrumequinum,0.035,0.035,-1,Echolocation,/mnt/ubna_data_01_mir/recover-20220825/UBNA_002/20220823_033000.WAV,Telephone Field,recover-20220825,002,1795
447.8715,447.8781,38359,50770,Pipistrellus nathusii,0.236,0.49,-1,Echolocation,/mnt/ubna_data_01_mir/recover-20220825/UBNA_002/20220823_033000.WAV,Telephone Field,recover-20220825,002,1795
447.8865,447.9248,68437,81458,Rhinolophus ferrumequinum,0.024,0.024,-1,Echolocation,/mnt/ubna_data_01_mir/recover-20220825/UBNA_002/20220823_033000.WAV,Telephone Field,recover-20220825,002,1795
447.9205,447.9648,68437,83204,Rhinolophus ferrumequinum,0.026,0.026,-1,Echolocation,/mnt/ubna_data_01_mir/recover-20220825/UBNA_002/20220823_033000.WAV,Telephone Field,recover-20220825,002,1795
447.9435,447.9521,26328,34971,Eptesicus serotinus,0.008,0.026,-1,Echolocation,/mnt/ubna_data_01_mir/recover-20220825/UBNA_002/20220823_033000.WAV,Telephone Field,recover-20220825,002,1795
447.9835,447.9946,34062,39505,Pipistrellus nathusii,0.01,0.025,-1,Echolocation,/mnt/ubna_data_01_mir/recover-20220825/UBNA_002/20220823_033000.WAV,Telephone Field,recover-20220825,002,1795
448.0015,448.011,47812,58311,Pipistrellus pipistrellus,0.014,0.027,-1,Echolocation,/mnt/ubna_data_01_mir/recover-20220825/UBNA_002/20220823_033000.WAV,Telephone Field,recover-20220825,002,1795
448.0015,448.0098,25468,36032,Nyctalus leisleri,0.009,0.033,-1,Echolocation,/mnt/ubna_data_01_mir/recover-20220825/UBNA_002/20220823_033000.WAV,Telephone Field,recover-20220825,002,1795
448.0015,448.0309,69296,80955,Rhinolophus ferrumequinum,0.045,0.045,-1,Echolocation,/mnt/ubna_data_01_mir/recover-20220825/UBNA_002/20220823_033000.WAV,Telephone Field,recover-20220825,002,1795
448.0135,448.0212,25468,35473,Eptesicus serotinus,0.008,0.026,-1,Echolocation,/mnt/ubna_data_01_mir/recover-20220825/UBNA_002/20220823_033000.WAV,Telephone Field,recover-20220825,002,1795
448.0165,448.05219999999997,68437,82905,Rhinolophus ferrumequinum,0.023,0.023,-1,Echolocation,/mnt/ubna_data_01_mir/recover-20220825/UBNA_002/20220823_033000.WAV,Telephone Field,recover-20220825,002,1795
448.1145,448.1235,27187,36934,Eptesicus serotinus,0.009,0.023,-1,Echolocation,/mnt/ubna_data_01_mir/recover-20220825/UBNA_002/20220823_033000.WAV,Telephone Field,recover-20220825,002,1795
448.1555,448.1621,36640,46330,Pipistrellus nathusii,0.148,0.415,-1,Echolocation,/mnt/ubna_data_01_mir/recover-20220825/UBNA_002/20220823_033000.WAV,Telephone Field,recover-20220825,002,1795
448.1645,448.1716,26328,36092,Eptesicus serotinus,0.006,0.026,-1,Echolocation,/mnt/ubna_data_01_mir/recover-20220825/UBNA_002/20220823_033000.WAV,Telephone Field,recover-20220825,002,1795
448.2675,448.306,68437,82516,Rhinolophus ferrumequinum,0.025,0.025,-1,Echolocation,/mnt/ubna_data_01_mir/recover-20220825/UBNA_002/20220823_033000.WAV,Telephone Field,recover-20220825,002,1795
448.2755,448.2849,27187,36381,Eptesicus serotinus,0.009,0.023,-1,Echolocation,/mnt/ubna_data_01_mir/recover-20220825/UBNA_002/20220823_033000.WAV,Telephone Field,recover-20220825,002,1795
448.3315,448.3425,44375,47048,Pipistrellus pipistrellus,0.051,0.068,-1,Echolocation,/mnt/ubna_data_01_mir/recover-20220825/UBNA_002/20220823_033000.WAV,Telephone Field,recover-20220825,002,1795
448.3635,448.3709,26328,41861,Eptesicus serotinus,0.008,0.024,-1,Echolocation,/mnt/ubna_data_01_mir/recover-20220825/UBNA_002/20220823_033000.WAV,Telephone Field,recover-20220825,002,1795
448.3875,448.4251,68437,82334,Rhinolophus ferrumequinum,0.025,0.025,-1,Echolocation,/mnt/ubna_data_01_mir/recover-20220825/UBNA_002/20220823_033000.WAV,Telephone Field,recover-20220825,002,1795
448.4095,448.4285,17734,22323,Nyctalus noctula,0.029,0.04,-1,Echolocation,/mnt/ubna_data_01_mir/recover-20220825/UBNA_002/20220823_033000.WAV,Telephone Field,recover-20220825,002,1795
448.4105,448.4188,27187,37929,Eptesicus serotinus,0.008,0.025,-1,Echolocation,/mnt/ubna_data_01_mir/recover-20220825/UBNA_002/20220823_033000.WAV,Telephone Field,recover-20220825,002,1795
448.4155,448.421,36640,54310,Myotis brandtii,0.009,0.024,-1,Echolocation,/mnt/ubna_data_01_mir/recover-20220825/UBNA_002/20220823_033000.WAV,Telephone Field,recover-20220825,002,1795
448.4155,448.4215,31484,56278,Myotis daubentonii,0.014,0.024,-1,Echolocation,/mnt/ubna_data_01_mir/recover-20220825/UBNA_002/20220823_033000.WAV,Telephone Field,recover-20220825,002,1795
448.4385,448.4452,39218,51647,Myotis brandtii,0.008,0.026,-1,Echolocation,/mnt/ubna_data_01_mir/recover-20220825/UBNA_002/20220823_033000.WAV,Telephone Field,recover-20220825,002,1795
448.4395,448.4776,68437,82401,Rhinolophus ferrumequinum,0.025,0.025,-1,Echolocation,/mnt/ubna_data_01_mir/recover-20220825/UBNA_002/20220823_033000.WAV,Telephone Field,recover-20220825,002,1795
448.4405,448.4463,29765,49251,Myotis daubentonii,0.017,0.029,-1,Echolocation,/mnt/ubna_data_01_mir/recover-20220825/UBNA_002/20220823_033000.WAV,Telephone Field,recover-20220825,002,1795
448.4645,448.4713,39218,49500,Pipistrellus nathusii,0.267,0.435,-1,Echolocation,/mnt/ubna_data_01_mir/recover-20220825/UBNA_002/20220823_033000.WAV,Telephone Field,recover-20220825,002,1795
448.5005,448.5059,34921,58871,Myotis brandtii,0.01,0.025,-1,Echolocation,/mnt/ubna_data_01_mir/recover-20220825/UBNA_002/20220823_033000.WAV,Telephone Field,recover-20220825,002,1795
448.5235,448.52909999999997,29765,49890,Myotis daubentonii,0.013,0.026,-1,Echolocation,/mnt/ubna_data_01_mir/recover-20220825/UBNA_002/20220823_033000.WAV,Telephone Field,recover-20220825,002,1795
448.5365,448.5436,47812,54759,Pipistrellus pipistrellus,0.03,0.033,-1,Echolocation,/mnt/ubna_data_01_mir/recover-20220825/UBNA_002/20220823_033000.WAV,Telephone Field,recover-20220825,002,1795
448.5745,448.5807,38359,50524,Pipistrellus nathusii,0.307,0.443,-1,Echolocation,/mnt/ubna_data_01_mir/recover-20220825/UBNA_002/20220823_033000.WAV,Telephone Field,recover-20220825,002,1795
448.5855,448.5955,28046,34310,Eptesicus serotinus,0.01,0.034,-1,Echolocation,/mnt/ubna_data_01_mir/recover-20220825/UBNA_002/20220823_033000.WAV,Telephone Field,recover-20220825,002,1795
448.6355,448.6475,22890,27156,Nyctalus leisleri,0.016,0.031,-1,Echolocation,/mnt/ubna_data_01_mir/recover-20220825/UBNA_002/20220823_033000.WAV,Telephone Field,recover-20220825,002,1795
448.6395,448.6462,37500,48518,Myotis brandtii,0.009,0.026,-1,Echolocation,/mnt/ubna_data_01_mir/recover-20220825/UBNA_002/20220823_033000.WAV,Telephone Field,recover-20220825,002,1795
448.6525,448.66,42656,53078,Myotis daubentonii,0.006,0.024,-1,Echolocation,/mnt/ubna_data_01_mir/recover-20220825/UBNA_002/20220823_033000.WAV,Telephone Field,recover-20220825,002,1795
448.6535,448.659,32343,58455,Myotis daubentonii,0.012,0.027,-1,Echolocation,/mnt/ubna_data_01_mir/recover-20220825/UBNA_002/20220823_033000.WAV,Telephone Field,recover-20220825,002,1795
448.6785,448.6845,39218,50660,Pipistrellus nathusii,0.374,0.489,-1,Echolocation,/mnt/ubna_data_01_mir/recover-20220825/UBNA_002/20220823_033000.WAV,Telephone Field,recover-20220825,002,1795
448.6915,448.7292,68437,82267,Rhinolophus ferrumequinum,0.033,0.033,-1,Echolocation,/mnt/ubna_data_01_mir/recover-20220825/UBNA_002/20220823_033000.WAV,Telephone Field,recover-20220825,002,1795
448.6995,448.7084,48671,53915,Pipistrellus pipistrellus,0.025,0.03,-1,Echolocation,/mnt/ubna_data_01_mir/recover-20220825/UBNA_002/20220823_033000.WAV,Telephone Field,recover-20220825,002,1795
448.7135,448.7216,26328,38842,Eptesicus serotinus,0.009,0.024,-1,Echolocation,/mnt/ubna_data_01_mir/recover-20220825/UBNA_002/20220823_033000.WAV,Telephone Field,recover-20220825,002,1795
448.7155,448.748,68437,81364,Rhinolophus ferrumequinum,0.024,0.024,-1,Echolocation,/mnt/ubna_data_01_mir/recover-20220825/UBNA_002/20220823_033000.WAV,Telephone Field,recover-20220825,002,1795
448.7275,448.7348,40937,51315,Pipistrellus nathusii,0.007,0.025,-1,Echolocation,/mnt/ubna_data_01_mir/recover-20220825/UBNA_002/20220823_033000.WAV,Telephone Field,recover-20220825,002,1795
448.7515,448.7913,68437,82814,Rhinolophus ferrumequinum,0.024,0.024,-1,Echolocation,/mnt/ubna_data_01_mir/recover-20220825/UBNA_002/20220823_033000.WAV,Telephone Field,recover-20220825,002,1795
448.7795,448.7856,37500,48129,Pipistrellus nathusii,0.371,0.537,-1,Echolocation,/mnt/ubna_data_01_mir/recover-20220825/UBNA_002/20220823_033000.WAV,Telephone Field,recover-20220825,002,1795
448.7965,448.8349,68437,82866,Rhinolophus ferrumequinum,0.036,0.036,-1,Echolocation,/mnt/ubna_data_01_mir/recover-20220825/UBNA_002/20220823_033000.WAV,Telephone Field,recover-20220825,002,1795
448.8375,448.8469,28046,35831,Eptesicus serotinus,0.009,0.024,-1,Echolocation,/mnt/ubna_data_01_mir/recover-20220825/UBNA_002/20220823_033000.WAV,Telephone Field,recover-20220825,002,1795
448.8535,448.8593,27187,38555,Plecotus auritus,0.007,0.032,-1,Echolocation,/mnt/ubna_data_01_mir/recover-20220825/UBNA_002/20220823_033000.WAV,Telephone Field,recover-20220825,002,1795
448.8845,448.9221,68437,81642,Rhinolophus ferrumequinum,0.024,0.024,-1,Echolocation,/mnt/ubna_data_01_mir/recover-20220825/UBNA_002/20220823_033000.WAV,Telephone Field,recover-20220825,002,1795
448.8915,448.8986,38359,53056,Pipistrellus nathusii,0.429,0.539,-1,Echolocation,/mnt/ubna_data_01_mir/recover-20220825/UBNA_002/20220823_033000.WAV,Telephone Field,recover-20220825,002,1795
448.9005,448.9068,26328,35384,Eptesicus serotinus,0.005,0.024,-1,Echolocation,/mnt/ubna_data_01_mir/recover-20220825/UBNA_002/20220823_033000.WAV,Telephone Field,recover-20220825,002,1795
448.9305,448.9684,68437,82375,Rhinolophus ferrumequinum,0.023,0.023,-1,Echolocation,/mnt/ubna_data_01_mir/recover-20220825/UBNA_002/20220823_033000.WAV,Telephone Field,recover-20220825,002,1795
448.9505,448.9896,68437,82921,Rhinolophus ferrumequinum,0.032,0.032,-1,Echolocation,/mnt/ubna_data_01_mir/recover-20220825/UBNA_002/20220823_033000.WAV,Telephone Field,recover-20220825,002,1795
448.9535,448.9635,52109,56581,Pipistrellus pygmaeus,0.021,0.025,-1,Echolocation,/mnt/ubna_data_01_mir/recover-20220825/UBNA_002/20220823_033000.WAV,Telephone Field,recover-20220825,002,1795
448.9695,448.9804,24609,30537,Nyctalus leisleri,0.022,0.061,-1,Echolocation,/mnt/ubna_data_01_mir/recover-20220825/UBNA_002/20220823_033000.WAV,Telephone Field,recover-20220825,002,1795
448.9865,448.9969,24609,29925,Nyctalus leisleri,0.011,0.025,-1,Echolocation,/mnt/ubna_data_01_mir/recover-20220825/UBNA_002/20220823_033000.WAV,Telephone Field,recover-20220825,002,1795
448.9975,449.0025,35781,54941,Pipistrellus nathusii,0.162,0.386,-1,Echolocation,/mnt/ubna_data_01_mir/recover-20220825/UBNA_002/20220823_033000.WAV,Telephone Field,recover-20220825,002,1795
449.0515,449.0588,28046,41100,Eptesicus serotinus,0.007,0.023,-1,Echolocation,/mnt/ubna_data_01_mir/recover-20220825/UBNA_002/20220823_033000.WAV,Telephone Field,recover-20220825,002,1795
449.0875,449.1186,68437,81250,Rhinolophus ferrumequinum,0.024,0.024,-1,Echolocation,/mnt/ubna_data_01_mir/recover-20220825/UBNA_002/20220823_033000.WAV,Telephone Field,recover-20220825,002,1795
449.0885,449.0935,39218,58923,Myotis brandtii,0.013,0.04,-1,Echolocation,/mnt/ubna_data_01_mir/recover-20220825/UBNA_002/20220823_033000.WAV,Telephone Field,recover-20220825,002,1795
449.1025,449.1086,39218,54154,Pipistrellus nathusii,0.418,0.551,-1,Echolocation,/mnt/ubna_data_01_mir/recover-20220825/UBNA_002/20220823_033000.WAV,Telephone Field,recover-20220825,002,1795
449.1025,449.1089,48671,52561,Pipistrellus pipistrellus,0.014,0.025,-1,Echolocation,/mnt/ubna_data_01_mir/recover-20220825/UBNA_002/20220823_033000.WAV,Telephone Field,recover-20220825,002,1795
449.10450000000003,449.1119,22890,36631,Myotis nattereri,0.008,0.023,-1,Echolocation,/mnt/ubna_data_01_mir/recover-20220825/UBNA_002/20220823_033000.WAV,Telephone Field,recover-20220825,002,1795
449.1355,449.1432,27187,40618,Eptesicus serotinus,0.009,0.024,-1,Echolocation,/mnt/ubna_data_01_mir/recover-20220825/UBNA_002/20220823_033000.WAV,Telephone Field,recover-20220825,002,1795
449.20550000000003,449.2117,40078,54414,Pipistrellus nathusii,0.482,0.524,-1,Echolocation,/mnt/ubna_data_01_mir/recover-20220825/UBNA_002/20220823_033000.WAV,Telephone Field,recover-20220825,002,1795
449.3055,449.3141,48671,52349,Pipistrellus pipistrellus,0.024,0.039,-1,Echolocation,/mnt/ubna_data_01_mir/recover-20220825/UBNA_002/20220823_033000.WAV,Telephone Field,recover-20220825,002,1795
449.3085,449.3148,36640,56467,Pipistrellus nathusii,0.304,0.535,-1,Echolocation,/mnt/ubna_data_01_mir/recover-20220825/UBNA_002/20220823_033000.WAV,Telephone Field,recover-20220825,002,1795
449.3085,449.3135,28046,72962,Myotis bechsteinii,0.05,0.117,-1,Echolocation,/mnt/ubna_data_01_mir/recover-20220825/UBNA_002/20220823_033000.WAV,Telephone Field,recover-20220825,002,1795
449.3275,449.3653,68437,82521,Rhinolophus ferrumequinum,0.028,0.028,-1,Echolocation,/mnt/ubna_data_01_mir/recover-20220825/UBNA_002/20220823_033000.WAV,Telephone Field,recover-20220825,002,1795
449.3855,449.3946,27187,34150,Eptesicus serotinus,0.061,0.102,-1,Echolocation,/mnt/ubna_data_01_mir/recover-20220825/UBNA_002/20220823_033000.WAV,Telephone Field,recover-20220825,002,1795
449.4075,449.4166,27187,35531,Eptesicus serotinus,0.011,0.026,-1,Echolocation,/mnt/ubna_data_01_mir/recover-20220825/UBNA_002/20220823_033000.WAV,Telephone Field,recover-20220825,002,1795
449.4215,449.4285,38359,56209,Pipistrellus nathusii,0.423,0.576,-1,Echolocation,/mnt/ubna_data_01_mir/recover-20220825/UBNA_002/20220823_033000.WAV,Telephone Field,recover-20220825,002,1795
449.4705,449.4772,28046,39279,Eptesicus serotinus,0.007,0.027,-1,Echolocation,/mnt/ubna_data_01_mir/recover-20220825/UBNA_002/20220823_033000.WAV,Telephone Field,recover-20220825,002,1795
449.5275,449.5341,49531,55499,Pipistrellus pipistrellus,0.017,0.027,-1,Echolocation,/mnt/ubna_data_01_mir/recover-20220825/UBNA_002/20220823_033000.WAV,Telephone Field,recover-20220825,002,1795
449.5305,449.5372,38359,58168,Pipistrellus nathusii,0.424,0.597,-1,Echolocation,/mnt/ubna_data_01_mir/recover-20220825/UBNA_002/20220823_033000.WAV,Telephone Field,recover-20220825,002,1795
449.5335,449.5404,22890,36804,Myotis nattereri,0.007,0.024,-1,Echolocation,/mnt/ubna_data_01_mir/recover-20220825/UBNA_002/20220823_033000.WAV,Telephone Field,recover-20220825,002,1795
449.5785,449.5843,34921,54930,Myotis brandtii,0.011,0.025,-1,Echolocation,/mnt/ubna_data_01_mir/recover-20220825/UBNA_002/20220823_033000.WAV,Telephone Field,recover-20220825,002,1795
449.60450000000003,449.6125,27187,38717,Eptesicus serotinus,0.008,0.024,-1,Echolocation,/mnt/ubna_data_01_mir/recover-20220825/UBNA_002/20220823_033000.WAV,Telephone Field,recover-20220825,002,1795
449.6125,449.6215,48671,54127,Pipistrellus pipistrellus,0.029,0.035,-1,Echolocation,/mnt/ubna_data_01_mir/recover-20220825/UBNA_002/20220823_033000.WAV,Telephone Field,recover-20220825,002,1795
449.6425,449.6511,26328,33039,Eptesicus serotinus,0.009,0.026,-1,Echolocation,/mnt/ubna_data_01_mir/recover-20220825/UBNA_002/20220823_033000.WAV,Telephone Field,recover-20220825,002,1795
449.6565,449.6625,40078,57312,Pipistrellus nathusii,0.362,0.491,-1,Echolocation,/mnt/ubna_data_01_mir/recover-20220825/UBNA_002/20220823_033000.WAV,Telephone Field,recover-20220825,002,1795
449.6645,449.6729,27187,34432,Nyctalus leisleri,0.006,0.024,-1,Echolocation,/mnt/ubna_data_01_mir/recover-20220825/UBNA_002/20220823_033000.WAV,Telephone Field,recover-20220825,002,1795
449.6645,449.6701,32343,42302,Myotis daubentonii,0.012,0.026,-1,Echolocation,/mnt/ubna_data_01_mir/recover-20220825/UBNA_002/20220823_033000.WAV,Telephone Field,recover-20220825,002,1795
449.6765,449.6863,52109,56392,Pipistrellus pygmaeus,0.022,0.025,-1,Echolocation,/mnt/ubna_data_01_mir/recover-20220825/UBNA_002/20220823_033000.WAV,Telephone Field,recover-20220825,002,1795
449.7615,449.7672,40937,55823,Pipistrellus nathusii,0.472,0.532,-1,Echolocation,/mnt/ubna_data_01_mir/recover-20220825/UBNA_002/20220823_033000.WAV,Telephone Field,recover-20220825,002,1795
449.8265,449.8351,26328,35729,Eptesicus serotinus,0.013,0.033,-1,Echolocation,/mnt/ubna_data_01_mir/recover-20220825/UBNA_002/20220823_033000.WAV,Telephone Field,recover-20220825,002,1795
449.8345,449.8451,26328,32781,Eptesicus serotinus,0.011,0.026,-1,Echolocation,/mnt/ubna_data_01_mir/recover-20220825/UBNA_002/20220823_033000.WAV,Telephone Field,recover-20220825,002,1795
449.8685,449.8756,39218,57598,Pipistrellus nathusii,0.56,0.605,-1,Echolocation,/mnt/ubna_data_01_mir/recover-20220825/UBNA_002/20220823_033000.WAV,Telephone Field,recover-20220825,002,1795
449.8685,449.8765,49531,53956,Pipistrellus pipistrellus,0.019,0.032,-1,Echolocation,/mnt/ubna_data_01_mir/recover-20220825/UBNA_002/20220823_033000.WAV,Telephone Field,recover-20220825,002,1795
449.8705,449.8772,22890,45680,Myotis nattereri,0.016,0.028,-1,Echolocation,/mnt/ubna_data_01_mir/recover-20220825/UBNA_002/20220823_033000.WAV,Telephone Field,recover-20220825,002,1795
449.9185,449.9312,23750,28699,Nyctalus leisleri,0.016,0.031,-1,Echolocation,/mnt/ubna_data_01_mir/recover-20220825/UBNA_002/20220823_033000.WAV,Telephone Field,recover-20220825,002,1795
449.9435,449.9541,25468,32517,Eptesicus serotinus,0.011,0.03,-1,Echolocation,/mnt/ubna_data_01_mir/recover-20220825/UBNA_002/20220823_033000.WAV,Telephone Field,recover-20220825,002,1795
449.9745,449.9809,39218,57316,Pipistrellus nathusii,0.753,0.768,-1,Echolocation,/mnt/ubna_data_01_mir/recover-20220825/UBNA_002/20220823_033000.WAV,Telephone Field,recover-20220825,002,1795
449.9745,449.9806,52109,56506,Pipistrellus pipistrellus,0.014,0.027,-1,Echolocation,/mnt/ubna_data_01_mir/recover-20220825/UBNA_002/20220823_033000.WAV,Telephone Field,recover-20220825,002,1795
449.9775,449.9855,22890,35682,Myotis nattereri,0.007,0.023,-1,Echolocation,/mnt/ubna_data_01_mir/recover-20220825/UBNA_002/20220823_033000.WAV,Telephone Field,recover-20220825,002,1795
449.9825,449.9922,21171,27237,Plecotus austriacus,0.008,0.024,-1,Echolocation,/mnt/ubna_data_01_mir/recover-20220825/UBNA_002/20220823_033000.WAV,Telephone Field,recover-20220825,002,1795
449.9835,449.9901,37500,49493,Myotis brandtii,0.012,0.027,-1,Echolocation,/mnt/ubna_data_01_mir/recover-20220825/UBNA_002/20220823_033000.WAV,Telephone Field,recover-20220825,002,1795
449.9865,449.9948,27187,35820,Eptesicus serotinus,0.007,0.023,-1,Echolocation,/mnt/ubna_data_01_mir/recover-20220825/UBNA_002/20220823_033000.WAV,Telephone Field,recover-20220825,002,1795
450.0015,450.0086,45234,53174,Pipistrellus pipistrellus,0.021,0.029,-1,Echolocation,/mnt/ubna_data_01_mir/recover-20220825/UBNA_002/20220823_033000.WAV,Telephone Field,recover-20220825,002,1795
450.0015,450.0101,20312,25512,Nyctalus leisleri,0.009,0.023,-1,Echolocation,/mnt/ubna_data_01_mir/recover-20220825/UBNA_002/20220823_033000.WAV,Telephone Field,recover-20220825,002,1795
450.0015,450.0153,57265,64365,Pipistrellus pygmaeus,0.022,0.024,-1,Echolocation,/mnt/ubna_data_01_mir/recover-20220825/UBNA_002/20220823_033000.WAV,Telephone Field,recover-20220825,002,1795
450.0015,450.0325,68437,81814,Rhinolophus ferrumequinum,0.046,0.046,-1,Echolocation,/mnt/ubna_data_01_mir/recover-20220825/UBNA_002/20220823_033000.WAV,Telephone Field,recover-20220825,002,1795
450.0195,450.0598,68437,82485,Rhinolophus ferrumequinum,0.021,0.021,-1,Echolocation,/mnt/ubna_data_01_mir/recover-20220825/UBNA_002/20220823_033000.WAV,Telephone Field,recover-20220825,002,1795
450.0245,450.0316,57265,64111,Pipistrellus pygmaeus,0.021,0.021,-1,Echolocation,/mnt/ubna_data_01_mir/recover-20220825/UBNA_002/20220823_033000.WAV,Telephone Field,recover-20220825,002,1795
450.0625,450.0939,68437,81923,Rhinolophus ferrumequinum,0.022,0.022,-1,Echolocation,/mnt/ubna_data_01_mir/recover-20220825/UBNA_002/20220823_033000.WAV,Telephone Field,recover-20220825,002,1795
450.0845,450.0943,49531,54688,Pipistrellus pipistrellus,0.013,0.023,-1,Echolocation,/mnt/ubna_data_01_mir/recover-20220825/UBNA_002/20220823_033000.WAV,Telephone Field,recover-20220825,002,1795
450.0895,450.0965,38359,57873,Pipistrellus nathusii,0.43,0.566,-1,Echolocation,/mnt/ubna_data_01_mir/recover-20220825/UBNA_002/20220823_033000.WAV,Telephone Field,recover-20220825,002,1795
450.0905,450.0982,48671,53829,Pipistrellus pipistrellus,0.014,0.022,-1,Echolocation,/mnt/ubna_data_01_mir/recover-20220825/UBNA_002/20220823_033000.WAV,Telephone Field,recover-20220825,002,1795
450.0985,450.1053,27187,40340,Eptesicus serotinus,0.008,0.029,-1,Echolocation,/mnt/ubna_data_01_mir/recover-20220825/UBNA_002/20220823_033000.WAV,Telephone Field,recover-20220825,002,1795
450.1035,450.1363,68437,81178,Rhinolophus ferrumequinum,0.021,0.022,-1,Echolocation,/mnt/ubna_data_01_mir/recover-20220825/UBNA_002/20220823_033000.WAV,Telephone Field,recover-20220825,002,1795
450.1155,450.154,68437,82472,Rhinolophus ferrumequinum,0.022,0.022,-1,Echolocation,/mnt/ubna_data_01_mir/recover-20220825/UBNA_002/20220823_033000.WAV,Telephone Field,recover-20220825,002,1795
450.1325,450.1408,50390,58179,Pipistrellus pipistrellus,0.016,0.021,-1,Echolocation,/mnt/ubna_data_01_mir/recover-20220825/UBNA_002/20220823_033000.WAV,Telephone Field,recover-20220825,002,1795
450.1665,450.1985,68437,81655,Rhinolophus ferrumequinum,0.021,0.021,-1,Echolocation,/mnt/ubna_data_01_mir/recover-20220825/UBNA_002/20220823_033000.WAV,Telephone Field,recover-20220825,002,1795
450.1955,450.2019,30625,65167,Myotis bechsteinii,0.022,0.047,-1,Echolocation,/mnt/ubna_data_01_mir/recover-20220825/UBNA_002/20220823_033000.WAV,Telephone Field,recover-20220825,002,1795
450.1975,450.2047,38359,52426,Pipistrellus nathusii,0.601,0.636,-1,Echolocation,/mnt/ubna_data_01_mir/recover-20220825/UBNA_002/20220823_033000.WAV,Telephone Field,recover-20220825,002,1795
450.2045,450.2112,27187,38268,Eptesicus serotinus,0.004,0.022,-1,Echolocation,/mnt/ubna_data_01_mir/recover-20220825/UBNA_002/20220823_033000.WAV,Telephone Field,recover-20220825,002,1795
450.2055,450.2108,33203,51198,Myotis brandtii,0.01,0.022,-1,Echolocation,/mnt/ubna_data_01_mir/recover-20220825/UBNA_002/20220823_033000.WAV,Telephone Field,recover-20220825,002,1795
450.2485,450.2554,49531,56176,Pipistrellus pipistrellus,0.026,0.03,-1,Echolocation,/mnt/ubna_data_01_mir/recover-20220825/UBNA_002/20220823_033000.WAV,Telephone Field,recover-20220825,002,1795
450.2955,450.3017,28906,76895,Myotis bechsteinii,0.071,0.142,-1,Echolocation,/mnt/ubna_data_01_mir/recover-20220825/UBNA_002/20220823_033000.WAV,Telephone Field,recover-20220825,002,1795
450.2965,450.3042,37500,61304,Pipistrellus nathusii,0.599,0.63,-1,Echolocation,/mnt/ubna_data_01_mir/recover-20220825/UBNA_002/20220823_033000.WAV,Telephone Field,recover-20220825,002,1795
450.3045,450.311,37500,50543,Myotis brandtii,0.013,0.03,-1,Echolocation,/mnt/ubna_data_01_mir/recover-20220825/UBNA_002/20220823_033000.WAV,Telephone Field,recover-20220825,002,1795
450.3045,450.312,25468,37014,Nyctalus leisleri,0.005,0.023,-1,Echolocation,/mnt/ubna_data_01_mir/recover-20220825/UBNA_002/20220823_033000.WAV,Telephone Field,recover-20220825,002,1795
450.3105,450.3421,68437,81212,Rhinolophus ferrumequinum,0.025,0.025,-1,Echolocation,/mnt/ubna_data_01_mir/recover-20220825/UBNA_002/20220823_033000.WAV,Telephone Field,recover-20220825,002,1795
450.3235,450.3584,68437,81115,Rhinolophus ferrumequinum,0.02,0.021,-1,Echolocation,/mnt/ubna_data_01_mir/recover-20220825/UBNA_002/20220823_033000.WAV,Telephone Field,recover-20220825,002,1795
450.3415,450.3515,28046,36200,Eptesicus serotinus,0.012,0.026,-1,Echolocation,/mnt/ubna_data_01_mir/recover-20220825/UBNA_002/20220823_033000.WAV,Telephone Field,recover-20220825,002,1795
450.3905,450.3991,30625,46824,Myotis brandtii,0.005,0.02,-1,Echolocation,/mnt/ubna_data_01_mir/recover-20220825/UBNA_002/20220823_033000.WAV,Telephone Field,recover-20220825,002,1795
450.3975,450.4081,37500,42714,Pipistrellus nathusii,0.023,0.033,-1,Echolocation,/mnt/ubna_data_01_mir/recover-20220825/UBNA_002/20220823_033000.WAV,Telephone Field,recover-20220825,002,1795
450.4065,450.4409,68437,81162,Rhinolophus ferrumequinum,0.021,0.021,-1,Echolocation,/mnt/ubna_data_01_mir/recover-20220825/UBNA_002/20220823_033000.WAV,Telephone Field,recover-20220825,002,1795
450.4125,450.4192,30625,74293,Myotis bechsteinii,0.085,0.132,-1,Echolocation,/mnt/ubna_data_01_mir/recover-20220825/UBNA_002/20220823_033000.WAV,Telephone Field,recover-20220825,002,1795
450.4135,450.421,37500,60345,Pipistrellus nathusii,0.53,0.634,-1,Echolocation,/mnt/ubna_data_01_mir/recover-20220825/UBNA_002/20220823_033000.WAV,Telephone Field,recover-20220825,002,1795
450.4225,450.4305,27187,36695,Eptesicus serotinus,0.006,0.025,-1,Echolocation,/mnt/ubna_data_01_mir/recover-20220825/UBNA_002/20220823_033000.WAV,Telephone Field,recover-20220825,002,1795
450.4455,450.4819,68437,81482,Rhinolophus ferrumequinum,0.021,0.021,-1,Echolocation,/mnt/ubna_data_01_mir/recover-20220825/UBNA_002/20220823_033000.WAV,Telephone Field,recover-20220825,002,1795
450.4485,450.4562,28046,36200,Eptesicus serotinus,0.007,0.024,-1,Echolocation,/mnt/ubna_data_01_mir/recover-20220825/UBNA_002/20220823_033000.WAV,Telephone Field,recover-20220825,002,1795
450.4505,450.4832,68437,81186,Rhinolophus ferrumequinum,0.021,0.021,-1,Echolocation,/mnt/ubna_data_01_mir/recover-20220825/UBNA_002/20220823_033000.WAV,Telephone Field,recover-20220825,002,1795
450.4665,450.4755,53828,58869,Pipistrellus pygmaeus,0.02,0.02,-1,Echolocation,/mnt/ubna_data_01_mir/recover-20220825/UBNA_002/20220823_033000.WAV,Telephone Field,recover-20220825,002,1795
450.4755,450.4829,25468,35501,Plecotus auritus,0.006,0.025,-1,Echolocation,/mnt/ubna_data_01_mir/recover-20220825/UBNA_002/20220823_033000.WAV,Telephone Field,recover-20220825,002,1795
450.4825,450.5169,68437,82009,Rhinolophus ferrumequinum,0.021,0.021,-1,Echolocation,/mnt/ubna_data_01_mir/recover-20220825/UBNA_002/20220823_033000.WAV,Telephone Field,recover-20220825,002,1795
450.4855,450.4936,45234,50808,Pipistrellus pipistrellus,0.019,0.021,-1,Echolocation,/mnt/ubna_data_01_mir/recover-20220825/UBNA_002/20220823_033000.WAV,Telephone Field,recover-20220825,002,1795
450.4895,450.5225,68437,81581,Rhinolophus ferrumequinum,0.022,0.023,-1,Echolocation,/mnt/ubna_data_01_mir/recover-20220825/UBNA_002/20220823_033000.WAV,Telephone Field,recover-20220825,002,1795
450.4945,450.5028,43515,51908,Pipistrellus pipistrellus,0.012,0.021,-1,Echolocation,/mnt/ubna_data_01_mir/recover-20220825/UBNA_002/20220823_033000.WAV,Telephone Field,recover-20220825,002,1795
450.5045,450.5127,48671,52372,Pipistrellus pipistrellus,0.024,0.038,-1,Echolocation,/mnt/ubna_data_01_mir/recover-20220825/UBNA_002/20220823_033000.WAV,Telephone Field,recover-20220825,002,1795
450.5085,450.515,28906,74981,Myotis bechsteinii,0.084,0.123,-1,Echolocation,/mnt/ubna_data_01_mir/recover-20220825/UBNA_002/20220823_033000.WAV,Telephone Field,recover-20220825,002,1795
450.5095,450.5159,35781,61069,Pipistrellus nathusii,0.325,0.52,-1,Echolocation,/mnt/ubna_data_01_mir/recover-20220825/UBNA_002/20220823_033000.WAV,Telephone Field,recover-20220825,002,1795
450.5195,450.5278,27187,35281,Eptesicus serotinus,0.007,0.025,-1,Echolocation,/mnt/ubna_data_01_mir/recover-20220825/UBNA_002/20220823_033000.WAV,Telephone Field,recover-20220825,002,1795
450.5225,450.5539,68437,81176,Rhinolophus ferrumequinum,0.022,0.023,-1,Echolocation,/mnt/ubna_data_01_mir/recover-20220825/UBNA_002/20220823_033000.WAV,Telephone Field,recover-20220825,002,1795
450.5345,450.5425,55546,61167,Pipistrellus pygmaeus,0.038,0.039,-1,Echolocation,/mnt/ubna_data_01_mir/recover-20220825/UBNA_002/20220823_033000.WAV,Telephone Field,recover-20220825,002,1795
450.5585,450.5931,68437,81830,Rhinolophus ferrumequinum,0.022,0.022,-1,Echolocation,/mnt/ubna_data_01_mir/recover-20220825/UBNA_002/20220823_033000.WAV,Telephone Field,recover-20220825,002,1795
450.5755,450.5848,46093,51569,Pipistrellus pipistrellus,0.018,0.021,-1,Echolocation,/mnt/ubna_data_01_mir/recover-20220825/UBNA_002/20220823_033000.WAV,Telephone Field,recover-20220825,002,1795
450.5815,450.6196,68437,82098,Rhinolophus ferrumequinum,0.024,0.024,-1,Echolocation,/mnt/ubna_data_01_mir/recover-20220825/UBNA_002/20220823_033000.WAV,Telephone Field,recover-20220825,002,1795
450.5875,450.6245,68437,81860,Rhinolophus ferrumequinum,0.024,0.024,-1,Echolocation,/mnt/ubna_data_01_mir/recover-20220825/UBNA_002/20220823_033000.WAV,Telephone Field,recover-20220825,002,1795
450.5945,450.6013,28046,36484,Eptesicus serotinus,0.007,0.023,-1,Echolocation,/mnt/ubna_data_01_mir/recover-20220825/UBNA_002/20220823_033000.WAV,Telephone Field,recover-20220825,002,1795
450.6085,450.6149,30625,75209,Myotis bechsteinii,0.079,0.113,-1,Echolocation,/mnt/ubna_data_01_mir/recover-20220825/UBNA_002/20220823_033000.WAV,Telephone Field,recover-20220825,002,1795
450.6085,450.6151,49531,56873,Pipistrellus pipistrellus,0.015,0.026,-1,Echolocation,/mnt/ubna_data_01_mir/recover-20220825/UBNA_002/20220823_033000.WAV,Telephone Field,recover-20220825,002,1795
450.6095,450.616,37500,63780,Pipistrellus nathusii,0.518,0.578,-1,Echolocation,/mnt/ubna_data_01_mir/recover-20220825/UBNA_002/20220823_033000.WAV,Telephone Field,recover-20220825,002,1795
450.6175,450.6233,26328,38422,Myotis nattereri,0.004,0.023,-1,Echolocation,/mnt/ubna_data_01_mir/recover-20220825/UBNA_002/20220823_033000.WAV,Telephone Field,recover-20220825,002,1795
450.6185,450.6244,34062,51893,Myotis brandtii,0.011,0.025,-1,Echolocation,/mnt/ubna_data_01_mir/recover-20220825/UBNA_002/20220823_033000.WAV,Telephone Field,recover-20220825,002,1795
450.6205,450.6503,68437,80533,Rhinolophus ferrumequinum,0.022,0.022,-1,Echolocation,/mnt/ubna_data_01_mir/recover-20220825/UBNA_002/20220823_033000.WAV,Telephone Field,recover-20220825,002,1795
450.6455,450.678,68437,80872,Rhinolophus ferrumequinum,0.02,0.02,-1,Echolocation,/mnt/ubna_data_01_mir/recover-20220825/UBNA_002/20220823_033000.WAV,Telephone Field,recover-20220825,002,1795
450.6745,450.6807,23750,34272,Plecotus austriacus,0.007,0.021,-1,Echolocation,/mnt/ubna_data_01_mir/recover-20220825/UBNA_002/20220823_033000.WAV,Telephone Field,recover-20220825,002,1795
450.6795,450.7197,68437,83501,Rhinolophus ferrumequinum,0.034,0.034,-1,Echolocation,/mnt/ubna_data_01_mir/recover-20220825/UBNA_002/20220823_033000.WAV,Telephone Field,recover-20220825,002,1795
450.6905,450.6999,46953,54786,Pipistrellus pipistrellus,0.025,0.029,-1,Echolocation,/mnt/ubna_data_01_mir/recover-20220825/UBNA_002/20220823_033000.WAV,Telephone Field,recover-20220825,002,1795
450.7125,450.7218,28046,35940,Eptesicus serotinus,0.009,0.023,-1,Echolocation,/mnt/ubna_data_01_mir/recover-20220825/UBNA_002/20220823_033000.WAV,Telephone Field,recover-20220825,002,1795
450.7365,450.7486,53828,59560,Pipistrellus pygmaeus,0.111,0.121,-1,Echolocation,/mnt/ubna_data_01_mir/recover-20220825/UBNA_002/20220823_033000.WAV,Telephone Field,recover-20220825,002,1795
450.7385,450.7452,38359,66465,Pipistrellus nathusii,0.332,0.496,-1,Echolocation,/mnt/ubna_data_01_mir/recover-20220825/UBNA_002/20220823_033000.WAV,Telephone Field,recover-20220825,002,1795
450.7395,450.7451,28046,80008,Myotis bechsteinii,0.116,0.147,-1,Echolocation,/mnt/ubna_data_01_mir/recover-20220825/UBNA_002/20220823_033000.WAV,Telephone Field,recover-20220825,002,1795
450.7515,450.7821,68437,80730,Rhinolophus ferrumequinum,0.026,0.026,-1,Echolocation,/mnt/ubna_data_01_mir/recover-20220825/UBNA_002/20220823_033000.WAV,Telephone Field,recover-20220825,002,1795
450.7975,450.8068,28046,41652,Eptesicus serotinus,0.009,0.022,-1,Echolocation,/mnt/ubna_data_01_mir/recover-20220825/UBNA_002/20220823_033000.WAV,Telephone Field,recover-20220825,002,1795
450.8015,450.8391,68437,81706,Rhinolophus ferrumequinum,0.02,0.021,-1,Echolocation,/mnt/ubna_data_01_mir/recover-20220825/UBNA_002/20220823_033000.WAV,Telephone Field,recover-20220825,002,1795
450.8505,450.8585,48671,56048,Pipistrellus pipistrellus,0.02,0.032,-1,Echolocation,/mnt/ubna_data_01_mir/recover-20220825/UBNA_002/20220823_033000.WAV,Telephone Field,recover-20220825,002,1795
450.8505,450.8576,36640,67198,Pipistrellus nathusii,0.353,0.498,-1,Echolocation,/mnt/ubna_data_01_mir/recover-20220825/UBNA_002/20220823_033000.WAV,Telephone Field,recover-20220825,002,1795
450.8595,450.8656,26328,41230,Plecotus auritus,0.005,0.025,-1,Echolocation,/mnt/ubna_data_01_mir/recover-20220825/UBNA_002/20220823_033000.WAV,Telephone Field,recover-20220825,002,1795
450.8645,450.8921,68437,80621,Rhinolophus ferrumequinum,0.02,0.02,-1,Echolocation,/mnt/ubna_data_01_mir/recover-20220825/UBNA_002/20220823_033000.WAV,Telephone Field,recover-20220825,002,1795
450.9255,450.9325,45234,54741,Pipistrellus pipistrellus,0.015,0.023,-1,Echolocation,/mnt/ubna_data_01_mir/recover-20220825/UBNA_002/20220823_033000.WAV,Telephone Field,recover-20220825,002,1795
450.9555,450.9619,25468,80936,Myotis bechsteinii,0.204,0.246,-1,Echolocation,/mnt/ubna_data_01_mir/recover-20220825/UBNA_002/20220823_033000.WAV,Telephone Field,recover-20220825,002,1795
450.9555,450.9629,35781,65329,Pipistrellus nathusii,0.267,0.408,-1,Echolocation,/mnt/ubna_data_01_mir/recover-20220825/UBNA_002/20220823_033000.WAV,Telephone Field,recover-20220825,002,1795
450.9665,450.9933,68437,80813,Rhinolophus ferrumequinum,0.028,0.028,-1,Echolocation,/mnt/ubna_data_01_mir/recover-20220825/UBNA_002/20220823_033000.WAV,Telephone Field,recover-20220825,002,1795
450.9675,450.9758,26328,35396,Eptesicus serotinus,0.006,0.022,-1,Echolocation,/mnt/ubna_data_01_mir/recover-20220825/UBNA_002/20220823_033000.WAV,Telephone Field,recover-20220825,002,1795
451.0505,451.0577,36640,52116,Myotis brandtii,0.01,0.023,-1,Echolocation,/mnt/ubna_data_01_mir/recover-20220825/UBNA_002/20220823_033000.WAV,Telephone Field,recover-20220825,002,1795
451.0615,451.096,68437,81941,Rhinolophus ferrumequinum,0.022,0.022,-1,Echolocation,/mnt/ubna_data_01_mir/recover-20220825/UBNA_002/20220823_033000.WAV,Telephone Field,recover-20220825,002,1795
451.0885,451.123,68437,81691,Rhinolophus ferrumequinum,0.023,0.023,-1,Echolocation,/mnt/ubna_data_01_mir/recover-20220825/UBNA_002/20220823_033000.WAV,Telephone Field,recover-20220825,002,1795
451.0895,451.0958,50390,59217,Pipistrellus pipistrellus,0.026,0.055,-1,Echolocation,/mnt/ubna_data_01_mir/recover-20220825/UBNA_002/20220823_033000.WAV,Telephone Field,recover-20220825,002,1795
451.0915,451.0987,28906,68409,Myotis bechsteinii,0.044,0.076,-1,Echolocation,/mnt/ubna_data_01_mir/recover-20220825/UBNA_002/20220823_033000.WAV,Telephone Field,recover-20220825,002,1795
451.0925,451.0998,35781,62518,Pipistrellus nathusii,0.452,0.548,-1,Echolocation,/mnt/ubna_data_01_mir/recover-20220825/UBNA_002/20220823_033000.WAV,Telephone Field,recover-20220825,002,1795
451.0945,451.1239,68437,82083,Rhinolophus ferrumequinum,0.025,0.025,-1,Echolocation,/mnt/ubna_data_01_mir/recover-20220825/UBNA_002/20220823_033000.WAV,Telephone Field,recover-20220825,002,1795
451.1005,451.1063,25468,42115,Plecotus auritus,0.005,0.024,-1,Echolocation,/mnt/ubna_data_01_mir/recover-20220825/UBNA_002/20220823_033000.WAV,Telephone Field,recover-20220825,002,1795
451.1015,451.1287,68437,81424,Rhinolophus ferrumequinum,0.027,0.027,-1,Echolocation,/mnt/ubna_data_01_mir/recover-20220825/UBNA_002/20220823_033000.WAV,Telephone Field,recover-20220825,002,1795
451.1025,451.1086,32343,53005,Myotis brandtii,0.01,0.024,-1,Echolocation,/mnt/ubna_data_01_mir/recover-20220825/UBNA_002/20220823_033000.WAV,Telephone Field,recover-20220825,002,1795
451.1295,451.1409,25468,33363,Eptesicus serotinus,0.009,0.024,-1,Echolocation,/mnt/ubna_data_01_mir/recover-20220825/UBNA_002/20220823_033000.WAV,Telephone Field,recover-20220825,002,1795
451.1695,451.1776,28046,36833,Eptesicus serotinus,0.007,0.021,-1,Echolocation,/mnt/ubna_data_01_mir/recover-20220825/UBNA_002/20220823_033000.WAV,Telephone Field,recover-20220825,002,1795
451.1875,451.1992,56406,62520,Pipistrellus pygmaeus,0.024,0.025,-1,Echolocation,/mnt/ubna_data_01_mir/recover-20220825/UBNA_002/20220823_033000.WAV,Telephone Field,recover-20220825,002,1795
451.1925,451.227,68437,81611,Rhinolophus ferrumequinum,0.022,0.022,-1,Echolocation,/mnt/ubna_data_01_mir/recover-20220825/UBNA_002/20220823_033000.WAV,Telephone Field,recover-20220825,002,1795
451.1935,451.2005,28046,74941,Myotis bechsteinii,0.085,0.118,-1,Echolocation,/mnt/ubna_data_01_mir/recover-20220825/UBNA_002/20220823_033000.WAV,Telephone Field,recover-20220825,002,1795
451.1945,451.2016,35781,69498,Pipistrellus nathusii,0.331,0.495,-1,Echolocation,/mnt/ubna_data_01_mir/recover-20220825/UBNA_002/20220823_033000.WAV,Telephone Field,recover-20220825,002,1795
451.1945,451.2053,52968,59934,Pipistrellus pygmaeus,0.026,0.041,-1,Echolocation,/mnt/ubna_data_01_mir/recover-20220825/UBNA_002/20220823_033000.WAV,Telephone Field,recover-20220825,002,1795
451.2045,451.2311,68437,80260,Rhinolophus ferrumequinum,0.023,0.024,-1,Echolocation,/mnt/ubna_data_01_mir/recover-20220825/UBNA_002/20220823_033000.WAV,Telephone Field,recover-20220825,002,1795
451.2045,451.21,33203,53805,Myotis brandtii,0.012,0.026,-1,Echolocation,/mnt/ubna_data_01_mir/recover-20220825/UBNA_002/20220823_033000.WAV,Telephone Field,recover-20220825,002,1795
451.2505,451.2872,68437,82477,Rhinolophus ferrumequinum,0.024,0.024,-1,Echolocation,/mnt/ubna_data_01_mir/recover-20220825/UBNA_002/20220823_033000.WAV,Telephone Field,recover-20220825,002,1795
451.2935,451.3027,49531,55678,Pipistrellus pipistrellus,0.034,0.058,-1,Echolocation,/mnt/ubna_data_01_mir/recover-20220825/UBNA_002/20220823_033000.WAV,Telephone Field,recover-20220825,002,1795
451.2975,451.3044,28046,72832,Myotis bechsteinii,0.061,0.097,-1,Echolocation,/mnt/ubna_data_01_mir/recover-20220825/UBNA_002/20220823_033000.WAV,Telephone Field,recover-20220825,002,1795
451.2985,451.3062,34921,66615,Pipistrellus nathusii,0.451,0.549,-1,Echolocation,/mnt/ubna_data_01_mir/recover-20220825/UBNA_002/20220823_033000.WAV,Telephone Field,recover-20220825,002,1795
451.3105,451.3404,68437,80999,Rhinolophus ferrumequinum,0.025,0.025,-1,Echolocation,/mnt/ubna_data_01_mir/recover-20220825/UBNA_002/20220823_033000.WAV,Telephone Field,recover-20220825,002,1795
451.3505,451.3568,49531,58295,Pipistrellus pipistrellus,0.017,0.022,-1,Echolocation,/mnt/ubna_data_01_mir/recover-20220825/UBNA_002/20220823_033000.WAV,Telephone Field,recover-20220825,002,1795
451.3585,451.3655,54687,60286,Pipistrellus pygmaeus,0.025,0.025,-1,Echolocation,/mnt/ubna_data_01_mir/recover-20220825/UBNA_002/20220823_033000.WAV,Telephone Field,recover-20220825,002,1795
451.3755,451.3839,28046,35792,Eptesicus serotinus,0.007,0.021,-1,Echolocation,/mnt/ubna_data_01_mir/recover-20220825/UBNA_002/20220823_033000.WAV,Telephone Field,recover-20220825,002,1795
451.3945,451.4026,34921,45796,Myotis brandtii,0.006,0.021,-1,Echolocation,/mnt/ubna_data_01_mir/recover-20220825/UBNA_002/20220823_033000.WAV,Telephone Field,recover-20220825,002,1795
451.4315,451.4379,27187,83200,Myotis bechsteinii,0.127,0.162,-1,Echolocation,/mnt/ubna_data_01_mir/recover-20220825/UBNA_002/20220823_033000.WAV,Telephone Field,recover-20220825,002,1795
451.4325,451.4399,35781,71370,Pipistrellus nathusii,0.337,0.43,-1,Echolocation,/mnt/ubna_data_01_mir/recover-20220825/UBNA_002/20220823_033000.WAV,Telephone Field,recover-20220825,002,1795
451.4405,451.4466,37500,51419,Myotis brandtii,0.014,0.031,-1,Echolocation,/mnt/ubna_data_01_mir/recover-20220825/UBNA_002/20220823_033000.WAV,Telephone Field,recover-20220825,002,1795
451.4465,451.4764,68437,80628,Rhinolophus ferrumequinum,0.023,0.023,-1,Echolocation,/mnt/ubna_data_01_mir/recover-20220825/UBNA_002/20220823_033000.WAV,Telephone Field,recover-20220825,002,1795
451.4695,451.4783,27187,36671,Eptesicus serotinus,0.008,0.021,-1,Echolocation,/mnt/ubna_data_01_mir/recover-20220825/UBNA_002/20220823_033000.WAV,Telephone Field,recover-20220825,002,1795
451.4885,451.5052,21171,23803,Nyctalus leisleri,0.017,0.025,-1,Echolocation,/mnt/ubna_data_01_mir/recover-20220825/UBNA_002/20220823_033000.WAV,Telephone Field,recover-20220825,002,1795
451.5045,451.5196,54687,58852,Pipistrellus pygmaeus,0.044,0.045,-1,Echolocation,/mnt/ubna_data_01_mir/recover-20220825/UBNA_002/20220823_033000.WAV,Telephone Field,recover-20220825,002,1795
451.5425,451.5499,33203,68146,Pipistrellus nathusii,0.213,0.397,-1,Echolocation,/mnt/ubna_data_01_mir/recover-20220825/UBNA_002/20220823_033000.WAV,Telephone Field,recover-20220825,002,1795
451.5425,451.5726,68437,82063,Rhinolophus ferrumequinum,0.024,0.024,-1,Echolocation,/mnt/ubna_data_01_mir/recover-20220825/UBNA_002/20220823_033000.WAV,Telephone Field,recover-20220825,002,1795
451.5425,451.5492,25468,82244,Myotis bechsteinii,0.15,0.188,-1,Echolocation,/mnt/ubna_data_01_mir/recover-20220825/UBNA_002/20220823_033000.WAV,Telephone Field,recover-20220825,002,1795
451.5445,451.5514,48671,57400,Pipistrellus pipistrellus,0.019,0.037,-1,Echolocation,/mnt/ubna_data_01_mir/recover-20220825/UBNA_002/20220823_033000.WAV,Telephone Field,recover-20220825,002,1795
451.5515,451.5572,36640,50809,Myotis brandtii,0.013,0.027,-1,Echolocation,/mnt/ubna_data_01_mir/recover-20220825/UBNA_002/20220823_033000.WAV,Telephone Field,recover-20220825,002,1795
451.5535,451.5586,28046,40528,Myotis daubentonii,0.007,0.023,-1,Echolocation,/mnt/ubna_data_01_mir/recover-20220825/UBNA_002/20220823_033000.WAV,Telephone Field,recover-20220825,002,1795
451.5555,451.5842,68437,80843,Rhinolophus ferrumequinum,0.023,0.023,-1,Echolocation,/mnt/ubna_data_01_mir/recover-20220825/UBNA_002/20220823_033000.WAV,Telephone Field,recover-20220825,002,1795
451.5795,451.5882,27187,40447,Eptesicus serotinus,0.008,0.021,-1,Echolocation,/mnt/ubna_data_01_mir/recover-20220825/UBNA_002/20220823_033000.WAV,Telephone Field,recover-20220825,002,1795
451.6065,451.6138,49531,54883,Pipistrellus pipistrellus,0.018,0.021,-1,Echolocation,/mnt/ubna_data_01_mir/recover-20220825/UBNA_002/20220823_033000.WAV,Telephone Field,recover-20220825,002,1795
451.6225,451.6596,68437,81666,Rhinolophus ferrumequinum,0.023,0.023,-1,Echolocation,/mnt/ubna_data_01_mir/recover-20220825/UBNA_002/20220823_033000.WAV,Telephone Field,recover-20220825,002,1795
451.6305,451.6638,68437,80567,Rhinolophus ferrumequinum,0.024,0.024,-1,Echolocation,/mnt/ubna_data_01_mir/recover-20220825/UBNA_002/20220823_033000.WAV,Telephone Field,recover-20220825,002,1795
451.6435,451.65,28906,73961,Myotis bechsteinii,0.08,0.138,-1,Echolocation,/mnt/ubna_data_01_mir/recover-20220825/UBNA_002/20220823_033000.WAV,Telephone Field,recover-20220825,002,1795
451.6435,451.6552,54687,62554,Pipistrellus pygmaeus,0.027,0.029,-1,Echolocation,/mnt/ubna_data_01_mir/recover-20220825/UBNA_002/20220823_033000.WAV,Telephone Field,recover-20220825,002,1795
451.6455,451.6523,36640,65198,Pipistrellus nathusii,0.453,0.543,-1,Echolocation,/mnt/ubna_data_01_mir/recover-20220825/UBNA_002/20220823_033000.WAV,Telephone Field,recover-20220825,002,1795
451.6465,451.6535,48671,57587,Pipistrellus pipistrellus,0.018,0.031,-1,Echolocation,/mnt/ubna_data_01_mir/recover-20220825/UBNA_002/20220823_033000.WAV,Telephone Field,recover-20220825,002,1795
451.6575,451.6866,68437,80816,Rhinolophus ferrumequinum,0.023,0.023,-1,Echolocation,/mnt/ubna_data_01_mir/recover-20220825/UBNA_002/20220823_033000.WAV,Telephone Field,recover-20220825,002,1795
451.6925,451.7011,27187,35338,Eptesicus serotinus,0.009,0.023,-1,Echolocation,/mnt/ubna_data_01_mir/recover-20220825/UBNA_002/20220823_033000.WAV,Telephone Field,recover-20220825,002,1795
451.6925,451.7315,68437,82854,Rhinolophus ferrumequinum,0.025,0.025,-1,Echolocation,/mnt/ubna_data_01_mir/recover-20220825/UBNA_002/20220823_033000.WAV,Telephone Field,recover-20220825,002,1795
451.7125,451.7208,47812,51889,Pipistrellus pipistrellus,0.029,0.034,-1,Echolocation,/mnt/ubna_data_01_mir/recover-20220825/UBNA_002/20220823_033000.WAV,Telephone Field,recover-20220825,002,1795
451.7335,451.7682,68437,81658,Rhinolophus ferrumequinum,0.022,0.022,-1,Echolocation,/mnt/ubna_data_01_mir/recover-20220825/UBNA_002/20220823_033000.WAV,Telephone Field,recover-20220825,002,1795
451.7495,451.7568,35781,69129,Pipistrellus nathusii,0.322,0.486,-1,Echolocation,/mnt/ubna_data_01_mir/recover-20220825/UBNA_002/20220823_033000.WAV,Telephone Field,recover-20220825,002,1795
451.7495,451.7557,26328,76910,Myotis bechsteinii,0.114,0.154,-1,Echolocation,/mnt/ubna_data_01_mir/recover-20220825/UBNA_002/20220823_033000.WAV,Telephone Field,recover-20220825,002,1795
451.7515,451.7587,47812,58144,Pipistrellus pipistrellus,0.025,0.043,-1,Echolocation,/mnt/ubna_data_01_mir/recover-20220825/UBNA_002/20220823_033000.WAV,Telephone Field,recover-20220825,002,1795
451.7585,451.765,37500,49422,Myotis brandtii,0.013,0.03,-1,Echolocation,/mnt/ubna_data_01_mir/recover-20220825/UBNA_002/20220823_033000.WAV,Telephone Field,recover-20220825,002,1795
451.8095,451.8491,68437,81994,Rhinolophus ferrumequinum,0.022,0.022,-1,Echolocation,/mnt/ubna_data_01_mir/recover-20220825/UBNA_002/20220823_033000.WAV,Telephone Field,recover-20220825,002,1795
451.8375,451.8437,48671,54956,Pipistrellus pipistrellus,0.02,0.022,-1,Echolocation,/mnt/ubna_data_01_mir/recover-20220825/UBNA_002/20220823_033000.WAV,Telephone Field,recover-20220825,002,1795
451.8835,451.8899,48671,57566,Pipistrellus pipistrellus,0.021,0.034,-1,Echolocation,/mnt/ubna_data_01_mir/recover-20220825/UBNA_002/20220823_033000.WAV,Telephone Field,recover-20220825,002,1795
451.8855,451.8922,34921,64075,Pipistrellus nathusii,0.225,0.451,-1,Echolocation,/mnt/ubna_data_01_mir/recover-20220825/UBNA_002/20220823_033000.WAV,Telephone Field,recover-20220825,002,1795
451.8855,451.892,27187,76535,Myotis bechsteinii,0.146,0.198,-1,Echolocation,/mnt/ubna_data_01_mir/recover-20220825/UBNA_002/20220823_033000.WAV,Telephone Field,recover-20220825,002,1795
451.8945,451.9004,33203,47683,Myotis brandtii,0.009,0.026,-1,Echolocation,/mnt/ubna_data_01_mir/recover-20220825/UBNA_002/20220823_033000.WAV,Telephone Field,recover-20220825,002,1795
451.8965,451.9037,27187,37021,Eptesicus serotinus,0.007,0.029,-1,Echolocation,/mnt/ubna_data_01_mir/recover-20220825/UBNA_002/20220823_033000.WAV,Telephone Field,recover-20220825,002,1795
451.9345,451.9679,68437,80961,Rhinolophus ferrumequinum,0.02,0.021,-1,Echolocation,/mnt/ubna_data_01_mir/recover-20220825/UBNA_002/20220823_033000.WAV,Telephone Field,recover-20220825,002,1795
451.9455,451.9819,68437,81581,Rhinolophus ferrumequinum,0.021,0.021,-1,Echolocation,/mnt/ubna_data_01_mir/recover-20220825/UBNA_002/20220823_033000.WAV,Telephone Field,recover-20220825,002,1795
451.9745,451.9818,27187,41954,Eptesicus serotinus,0.007,0.022,-1,Echolocation,/mnt/ubna_data_01_mir/recover-20220825/UBNA_002/20220823_033000.WAV,Telephone Field,recover-20220825,002,1795
451.9745,451.9847,37500,42576,Pipistrellus nathusii,0.014,0.025,-1,Echolocation,/mnt/ubna_data_01_mir/recover-20220825/UBNA_002/20220823_033000.WAV,Telephone Field,recover-20220825,002,1795
451.9875,451.9946,32343,54904,Myotis brandtii,0.01,0.021,-1,Echolocation,/mnt/ubna_data_01_mir/recover-20220825/UBNA_002/20220823_033000.WAV,Telephone Field,recover-20220825,002,1795
452.0015,452.0244,70156,85987,Rhinolophus ferrumequinum,0.022,0.022,-1,Echolocation,/mnt/ubna_data_01_mir/recover-20220825/UBNA_002/20220823_033000.WAV,Telephone Field,recover-20220825,002,1795
452.0015,452.0076,27187,72008,Myotis bechsteinii,0.2,0.315,-1,Echolocation,/mnt/ubna_data_01_mir/recover-20220825/UBNA_002/20220823_033000.WAV,Telephone Field,recover-20220825,002,1795
452.0015,452.0096,53828,64066,Pipistrellus pygmaeus,0.014,0.024,-1,Echolocation,/mnt/ubna_data_01_mir/recover-20220825/UBNA_002/20220823_033000.WAV,Telephone Field,recover-20220825,002,1795
452.0025,452.0091,49531,58143,Pipistrellus pipistrellus,0.012,0.023,-1,Echolocation,/mnt/ubna_data_01_mir/recover-20220825/UBNA_002/20220823_033000.WAV,Telephone Field,recover-20220825,002,1795
452.0025,452.0091,33203,60761,Barbastellus barbastellus,0.136,0.266,-1,Echolocation,/mnt/ubna_data_01_mir/recover-20220825/UBNA_002/20220823_033000.WAV,Telephone Field,recover-20220825,002,1795
452.0115,452.0169,30625,44627,Myotis daubentonii,0.015,0.033,-1,Echolocation,/mnt/ubna_data_01_mir/recover-20220825/UBNA_002/20220823_033000.WAV,Telephone Field,recover-20220825,002,1795
452.0605,452.1003,68437,81940,Rhinolophus ferrumequinum,0.024,0.024,-1,Echolocation,/mnt/ubna_data_01_mir/recover-20220825/UBNA_002/20220823_033000.WAV,Telephone Field,recover-20220825,002,1795
452.0655,452.1043,68437,82099,Rhinolophus ferrumequinum,0.023,0.023,-1,Echolocation,/mnt/ubna_data_01_mir/recover-20220825/UBNA_002/20220823_033000.WAV,Telephone Field,recover-20220825,002,1795
452.0665,452.0759,24609,32805,Eptesicus serotinus,0.012,0.039,-1,Echolocation,/mnt/ubna_data_01_mir/recover-20220825/UBNA_002/20220823_033000.WAV,Telephone Field,recover-20220825,002,1795
452.0855,452.0951,27187,37982,Eptesicus serotinus,0.01,0.022,-1,Echolocation,/mnt/ubna_data_01_mir/recover-20220825/UBNA_002/20220823_033000.WAV,Telephone Field,recover-20220825,002,1795
452.1185,452.1246,28906,72826,Myotis bechsteinii,0.057,0.114,-1,Echolocation,/mnt/ubna_data_01_mir/recover-20220825/UBNA_002/20220823_033000.WAV,Telephone Field,recover-20220825,002,1795
452.1185,452.1254,36640,62260,Pipistrellus nathusii,0.249,0.472,-1,Echolocation,/mnt/ubna_data_01_mir/recover-20220825/UBNA_002/20220823_033000.WAV,Telephone Field,recover-20220825,002,1795
452.1205,452.1253,50390,57364,Pipistrellus pipistrellus,0.013,0.029,-1,Echolocation,/mnt/ubna_data_01_mir/recover-20220825/UBNA_002/20220823_033000.WAV,Telephone Field,recover-20220825,002,1795
452.1295,452.1349,28906,40578,Myotis daubentonii,0.01,0.025,-1,Echolocation,/mnt/ubna_data_01_mir/recover-20220825/UBNA_002/20220823_033000.WAV,Telephone Field,recover-20220825,002,1795
452.1615,452.1747,14296,18460,Nyctalus noctula,0.012,0.022,-1,Echolocation,/mnt/ubna_data_01_mir/recover-20220825/UBNA_002/20220823_033000.WAV,Telephone Field,recover-20220825,002,1795
452.1735,452.215,68437,83529,Rhinolophus ferrumequinum,0.025,0.025,-1,Echolocation,/mnt/ubna_data_01_mir/recover-20220825/UBNA_002/20220823_033000.WAV,Telephone Field,recover-20220825,002,1795
452.1935,452.2027,26328,37447,Eptesicus serotinus,0.01,0.025,-1,Echolocation,/mnt/ubna_data_01_mir/recover-20220825/UBNA_002/20220823_033000.WAV,Telephone Field,recover-20220825,002,1795
452.2085,452.2175,28046,34685,Eptesicus serotinus,0.007,0.021,-1,Echolocation,/mnt/ubna_data_01_mir/recover-20220825/UBNA_002/20220823_033000.WAV,Telephone Field,recover-20220825,002,1795
452.2215,452.2277,53828,61293,Pipistrellus pygmaeus,0.023,0.026,-1,Echolocation,/mnt/ubna_data_01_mir/recover-20220825/UBNA_002/20220823_033000.WAV,Telephone Field,recover-20220825,002,1795
452.2225,452.2297,35781,58977,Pipistrellus nathusii,0.346,0.541,-1,Echolocation,/mnt/ubna_data_01_mir/recover-20220825/UBNA_002/20220823_033000.WAV,Telephone Field,recover-20220825,002,1795
452.2315,452.237,30625,42320,Myotis daubentonii,0.013,0.029,-1,Echolocation,/mnt/ubna_data_01_mir/recover-20220825/UBNA_002/20220823_033000.WAV,Telephone Field,recover-20220825,002,1795
452.2375,452.246,43515,46781,Pipistrellus pipistrellus,0.017,0.021,-1,Echolocation,/mnt/ubna_data_01_mir/recover-20220825/UBNA_002/20220823_033000.WAV,Telephone Field,recover-20220825,002,1795
452.2725,452.2823,24609,31042,Eptesicus serotinus,0.008,0.021,-1,Echolocation,/mnt/ubna_data_01_mir/recover-20220825/UBNA_002/20220823_033000.WAV,Telephone Field,recover-20220825,002,1795
452.2835,452.2941,31484,37741,Eptesicus serotinus,0.006,0.024,-1,Echolocation,/mnt/ubna_data_01_mir/recover-20220825/UBNA_002/20220823_033000.WAV,Telephone Field,recover-20220825,002,1795
452.3005,452.3103,26328,31703,Eptesicus serotinus,0.008,0.022,-1,Echolocation,/mnt/ubna_data_01_mir/recover-20220825/UBNA_002/20220823_033000.WAV,Telephone Field,recover-20220825,002,1795
452.3085,452.3165,49531,58581,Pipistrellus pipistrellus,0.033,0.058,-1,Echolocation,/mnt/ubna_data_01_mir/recover-20220825/UBNA_002/20220823_033000.WAV,Telephone Field,recover-20220825,002,1795
452.3125,452.3191,34921,62210,Pipistrellus nathusii,0.182,0.374,-1,Echolocation,/mnt/ubna_data_01_mir/recover-20220825/UBNA_002/20220823_033000.WAV,Telephone Field,recover-20220825,002,1795
452.3225,452.3283,31484,43526,Myotis daubentonii,0.009,0.024,-1,Echolocation,/mnt/ubna_data_01_mir/recover-20220825/UBNA_002/20220823_033000.WAV,Telephone Field,recover-20220825,002,1795
452.3225,452.329,26328,36890,Eptesicus serotinus,0.006,0.026,-1,Echolocation,/mnt/ubna_data_01_mir/recover-20220825/UBNA_002/20220823_033000.WAV,Telephone Field,recover-20220825,002,1795
452.3255,452.3562,68437,80625,Rhinolophus ferrumequinum,0.023,0.024,-1,Echolocation,/mnt/ubna_data_01_mir/recover-20220825/UBNA_002/20220823_033000.WAV,Telephone Field,recover-20220825,002,1795
452.3325,452.3432,23750,29302,Nyctalus leisleri,0.011,0.024,-1,Echolocation,/mnt/ubna_data_01_mir/recover-20220825/UBNA_002/20220823_033000.WAV,Telephone Field,recover-20220825,002,1795
452.3875,452.39639999999997,27187,35394,Eptesicus serotinus,0.012,0.027,-1,Echolocation,/mnt/ubna_data_01_mir/recover-20220825/UBNA_002/20220823_033000.WAV,Telephone Field,recover-20220825,002,1795
452.3885,452.4279,68437,82967,Rhinolophus ferrumequinum,0.024,0.024,-1,Echolocation,/mnt/ubna_data_01_mir/recover-20220825/UBNA_002/20220823_033000.WAV,Telephone Field,recover-20220825,002,1795
452.4125,452.419,50390,58566,Pipistrellus pipistrellus,0.014,0.022,-1,Echolocation,/mnt/ubna_data_01_mir/recover-20220825/UBNA_002/20220823_033000.WAV,Telephone Field,recover-20220825,002,1795
452.4155,452.4234,38359,58629,Pipistrellus nathusii,0.231,0.421,-1,Echolocation,/mnt/ubna_data_01_mir/recover-20220825/UBNA_002/20220823_033000.WAV,Telephone Field,recover-20220825,002,1795
452.4245,452.431,32343,44677,Myotis daubentonii,0.01,0.023,-1,Echolocation,/mnt/ubna_data_01_mir/recover-20220825/UBNA_002/20220823_033000.WAV,Telephone Field,recover-20220825,002,1795
452.4255,452.4324,26328,38534,Eptesicus serotinus,0.006,0.023,-1,Echolocation,/mnt/ubna_data_01_mir/recover-20220825/UBNA_002/20220823_033000.WAV,Telephone Field,recover-20220825,002,1795
452.4555,452.4935,68437,82301,Rhinolophus ferrumequinum,0.021,0.021,-1,Echolocation,/mnt/ubna_data_01_mir/recover-20220825/UBNA_002/20220823_033000.WAV,Telephone Field,recover-20220825,002,1795
452.4575,452.4675,50390,57037,Pipistrellus pipistrellus,0.023,0.035,-1,Echolocation,/mnt/ubna_data_01_mir/recover-20220825/UBNA_002/20220823_033000.WAV,Telephone Field,recover-20220825,002,1795
452.4625,452.4702,28046,41086,Eptesicus serotinus,0.007,0.021,-1,Echolocation,/mnt/ubna_data_01_mir/recover-20220825/UBNA_002/20220823_033000.WAV,Telephone Field,recover-20220825,002,1795
452.4795,452.5207,68437,83094,Rhinolophus ferrumequinum,0.024,0.024,-1,Echolocation,/mnt/ubna_data_01_mir/recover-20220825/UBNA_002/20220823_033000.WAV,Telephone Field,recover-20220825,002,1795
452.4845,452.4971,22031,25747,Nyctalus leisleri,0.018,0.031,-1,Echolocation,/mnt/ubna_data_01_mir/recover-20220825/UBNA_002/20220823_033000.WAV,Telephone Field,recover-20220825,002,1795
452.5285,452.5384,37500,50385,Pipistrellus nathusii,0.351,0.452,-1,Echolocation,/mnt/ubna_data_01_mir/recover-20220825/UBNA_002/20220823_033000.WAV,Telephone Field,recover-20220825,002,1795
452.5375,452.5452,27187,38947,Eptesicus serotinus,0.007,0.023,-1,Echolocation,/mnt/ubna_data_01_mir/recover-20220825/UBNA_002/20220823_033000.WAV,Telephone Field,recover-20220825,002,1795
452.5745,452.6102,68437,81858,Rhinolophus ferrumequinum,0.021,0.021,-1,Echolocation,/mnt/ubna_data_01_mir/recover-20220825/UBNA_002/20220823_033000.WAV,Telephone Field,recover-20220825,002,1795
452.5935,452.6351,68437,82964,Rhinolophus ferrumequinum,0.032,0.032,-1,Echolocation,/mnt/ubna_data_01_mir/recover-20220825/UBNA_002/20220823_033000.WAV,Telephone Field,recover-20220825,002,1795
452.6395,452.6452,36640,50867,Pipistrellus nathusii,0.164,0.46,-1,Echolocation,/mnt/ubna_data_01_mir/recover-20220825/UBNA_002/20220823_033000.WAV,Telephone Field,recover-20220825,002,1795
452.6505,452.6575,30625,46858,Myotis daubentonii,0.011,0.023,-1,Echolocation,/mnt/ubna_data_01_mir/recover-20220825/UBNA_002/20220823_033000.WAV,Telephone Field,recover-20220825,002,1795
452.6545,452.6915,68437,81991,Rhinolophus ferrumequinum,0.025,0.025,-1,Echolocation,/mnt/ubna_data_01_mir/recover-20220825/UBNA_002/20220823_033000.WAV,Telephone Field,recover-20220825,002,1795
452.7025,452.7112,27187,38720,Eptesicus serotinus,0.01,0.023,-1,Echolocation,/mnt/ubna_data_01_mir/recover-20220825/UBNA_002/20220823_033000.WAV,Telephone Field,recover-20220825,002,1795
452.7035,452.7455,68437,83119,Rhinolophus ferrumequinum,0.028,0.028,-1,Echolocation,/mnt/ubna_data_01_mir/recover-20220825/UBNA_002/20220823_033000.WAV,Telephone Field,recover-20220825,002,1795
452.7125,452.7517,68437,82262,Rhinolophus ferrumequinum,0.026,0.026,-1,Echolocation,/mnt/ubna_data_01_mir/recover-20220825/UBNA_002/20220823_033000.WAV,Telephone Field,recover-20220825,002,1795
452.7225,452.7319,27187,35940,Eptesicus serotinus,0.013,0.028,-1,Echolocation,/mnt/ubna_data_01_mir/recover-20220825/UBNA_002/20220823_033000.WAV,Telephone Field,recover-20220825,002,1795
452.7405,452.7786,68437,82697,Rhinolophus ferrumequinum,0.024,0.024,-1,Echolocation,/mnt/ubna_data_01_mir/recover-20220825/UBNA_002/20220823_033000.WAV,Telephone Field,recover-20220825,002,1795
452.7475,452.7566,36640,58973,Pipistrellus nathusii,0.404,0.559,-1,Echolocation,/mnt/ubna_data_01_mir/recover-20220825/UBNA_002/20220823_033000.WAV,Telephone Field,recover-20220825,002,1795
452.7645,452.7747,24609,30365,Nyctalus leisleri,0.008,0.021,-1,Echolocation,/mnt/ubna_data_01_mir/recover-20220825/UBNA_002/20220823_033000.WAV,Telephone Field,recover-20220825,002,1795
452.8285,452.8361,50390,57108,Pipistrellus pipistrellus,0.018,0.021,-1,Echolocation,/mnt/ubna_data_01_mir/recover-20220825/UBNA_002/20220823_033000.WAV,Telephone Field,recover-20220825,002,1795
452.8595,452.8656,37500,56333,Myotis brandtii,0.008,0.022,-1,Echolocation,/mnt/ubna_data_01_mir/recover-20220825/UBNA_002/20220823_033000.WAV,Telephone Field,recover-20220825,002,1795
452.8605,452.867,27187,51637,Myotis nattereri,0.005,0.021,-1,Echolocation,/mnt/ubna_data_01_mir/recover-20220825/UBNA_002/20220823_033000.WAV,Telephone Field,recover-20220825,002,1795
452.8755,452.8853,28046,35179,Eptesicus serotinus,0.01,0.021,-1,Echolocation,/mnt/ubna_data_01_mir/recover-20220825/UBNA_002/20220823_033000.WAV,Telephone Field,recover-20220825,002,1795
452.8895,452.8987,37500,48803,Pipistrellus nathusii,0.212,0.317,-1,Echolocation,/mnt/ubna_data_01_mir/recover-20220825/UBNA_002/20220823_033000.WAV,Telephone Field,recover-20220825,002,1795
452.8965,452.9219,68437,80609,Rhinolophus ferrumequinum,0.022,0.022,-1,Echolocation,/mnt/ubna_data_01_mir/recover-20220825/UBNA_002/20220823_033000.WAV,Telephone Field,recover-20220825,002,1795
452.8995,452.9063,27187,40087,Eptesicus serotinus,0.008,0.028,-1,Echolocation,/mnt/ubna_data_01_mir/recover-20220825/UBNA_002/20220823_033000.WAV,Telephone Field,recover-20220825,002,1795
452.9595,452.9988,68437,82350,Rhinolophus ferrumequinum,0.021,0.021,-1,Echolocation,/mnt/ubna_data_01_mir/recover-20220825/UBNA_002/20220823_033000.WAV,Telephone Field,recover-20220825,002,1795
452.9685,453.0034,68437,81387,Rhinolophus ferrumequinum,0.021,0.021,-1,Echolocation,/mnt/ubna_data_01_mir/recover-20220825/UBNA_002/20220823_033000.WAV,Telephone Field,recover-20220825,002,1795
452.9955,453.0024,43515,53707,Pipistrellus nathusii,0.009,0.035,-1,Echolocation,/mnt/ubna_data_01_mir/recover-20220825/UBNA_002/20220823_033000.WAV,Telephone Field,recover-20220825,002,1795
452.9975,453.0051,32343,51237,Eptesicus serotinus,0.37,0.503,-1,Echolocation,/mnt/ubna_data_01_mir/recover-20220825/UBNA_002/20220823_033000.WAV,Telephone Field,recover-20220825,002,1795
453.0075,453.0159,27187,37256,Eptesicus serotinus,0.01,0.029,-1,Echolocation,/mnt/ubna_data_01_mir/recover-20220825/UBNA_002/20220823_033000.WAV,Telephone Field,recover-20220825,002,1795
453.0275,453.0671,68437,82476,Rhinolophus ferrumequinum,0.021,0.021,-1,Echolocation,/mnt/ubna_data_01_mir/recover-20220825/UBNA_002/20220823_033000.WAV,Telephone Field,recover-20220825,002,1795
453.0505,453.0908,68437,82458,Rhinolophus ferrumequinum,0.021,0.021,-1,Echolocation,/mnt/ubna_data_01_mir/recover-20220825/UBNA_002/20220823_033000.WAV,Telephone Field,recover-20220825,002,1795
453.0585,453.0673,47812,53874,Pipistrellus pipistrellus,0.026,0.03,-1,Echolocation,/mnt/ubna_data_01_mir/recover-20220825/UBNA_002/20220823_033000.WAV,Telephone Field,recover-20220825,002,1795
453.0865,453.0971,28046,35480,Eptesicus serotinus,0.033,0.053,-1,Echolocation,/mnt/ubna_data_01_mir/recover-20220825/UBNA_002/20220823_033000.WAV,Telephone Field,recover-20220825,002,1795
453.1095,453.1169,28046,65508,Myotis bechsteinii,0.059,0.112,-1,Echolocation,/mnt/ubna_data_01_mir/recover-20220825/UBNA_002/20220823_033000.WAV,Telephone Field,recover-20220825,002,1795
453.1095,453.1198,53828,58690,Pipistrellus pygmaeus,0.02,0.021,-1,Echolocation,/mnt/ubna_data_01_mir/recover-20220825/UBNA_002/20220823_033000.WAV,Telephone Field,recover-20220825,002,1795
453.1105,453.1165,35781,56684,Pipistrellus nathusii,0.181,0.445,-1,Echolocation,/mnt/ubna_data_01_mir/recover-20220825/UBNA_002/20220823_033000.WAV,Telephone Field,recover-20220825,002,1795
453.1195,453.1255,26328,38783,Eptesicus serotinus,0.005,0.025,-1,Echolocation,/mnt/ubna_data_01_mir/recover-20220825/UBNA_002/20220823_033000.WAV,Telephone Field,recover-20220825,002,1795
453.1255,453.1617,68437,82343,Rhinolophus ferrumequinum,0.026,0.026,-1,Echolocation,/mnt/ubna_data_01_mir/recover-20220825/UBNA_002/20220823_033000.WAV,Telephone Field,recover-20220825,002,1795
453.1405,453.1478,49531,56200,Pipistrellus pipistrellus,0.019,0.022,-1,Echolocation,/mnt/ubna_data_01_mir/recover-20220825/UBNA_002/20220823_033000.WAV,Telephone Field,recover-20220825,002,1795
453.1695,453.1794,27187,35540,Eptesicus serotinus,0.009,0.021,-1,Echolocation,/mnt/ubna_data_01_mir/recover-20220825/UBNA_002/20220823_033000.WAV,Telephone Field,recover-20220825,002,1795
453.1835,453.1929,26328,33738,Eptesicus serotinus,0.011,0.026,-1,Echolocation,/mnt/ubna_data_01_mir/recover-20220825/UBNA_002/20220823_033000.WAV,Telephone Field,recover-20220825,002,1795
453.1885,453.226,68437,82791,Rhinolophus ferrumequinum,0.021,0.021,-1,Echolocation,/mnt/ubna_data_01_mir/recover-20220825/UBNA_002/20220823_033000.WAV,Telephone Field,recover-20220825,002,1795
453.2075,453.2182,22890,26352,Nyctalus leisleri,0.013,0.021,-1,Echolocation,/mnt/ubna_data_01_mir/recover-20220825/UBNA_002/20220823_033000.WAV,Telephone Field,recover-20220825,002,1795
453.2225,453.22860000000003,35781,54623,Myotis brandtii,0.146,0.439,-1,Echolocation,/mnt/ubna_data_01_mir/recover-20220825/UBNA_002/20220823_033000.WAV,Telephone Field,recover-20220825,002,1795
453.2315,453.2372,32343,42908,Myotis daubentonii,0.01,0.025,-1,Echolocation,/mnt/ubna_data_01_mir/recover-20220825/UBNA_002/20220823_033000.WAV,Telephone Field,recover-20220825,002,1795
453.2335,453.2468,23750,27464,Nyctalus leisleri,0.018,0.032,-1,Echolocation,/mnt/ubna_data_01_mir/recover-20220825/UBNA_002/20220823_033000.WAV,Telephone Field,recover-20220825,002,1795
453.2945,453.3316,68437,82276,Rhinolophus ferrumequinum,0.022,0.022,-1,Echolocation,/mnt/ubna_data_01_mir/recover-20220825/UBNA_002/20220823_033000.WAV,Telephone Field,recover-20220825,002,1795
453.3115,453.3458,68437,81116,Rhinolophus ferrumequinum,0.021,0.021,-1,Echolocation,/mnt/ubna_data_01_mir/recover-20220825/UBNA_002/20220823_033000.WAV,Telephone Field,recover-20220825,002,1795
453.3305,453.3368,43515,55264,Pipistrellus nathusii,0.011,0.039,-1,Echolocation,/mnt/ubna_data_01_mir/recover-20220825/UBNA_002/20220823_033000.WAV,Telephone Field,recover-20220825,002,1795
453.3315,453.3387,34062,54539,Pipistrellus nathusii,0.171,0.419,-1,Echolocation,/mnt/ubna_data_01_mir/recover-20220825/UBNA_002/20220823_033000.WAV,Telephone Field,recover-20220825,002,1795
453.3425,453.3506,27187,37545,Eptesicus serotinus,0.009,0.029,-1,Echolocation,/mnt/ubna_data_01_mir/recover-20220825/UBNA_002/20220823_033000.WAV,Telephone Field,recover-20220825,002,1795
453.3435,453.3761,68437,81118,Rhinolophus ferrumequinum,0.023,0.023,-1,Echolocation,/mnt/ubna_data_01_mir/recover-20220825/UBNA_002/20220823_033000.WAV,Telephone Field,recover-20220825,002,1795
453.3825,453.4197,68437,82067,Rhinolophus ferrumequinum,0.021,0.021,-1,Echolocation,/mnt/ubna_data_01_mir/recover-20220825/UBNA_002/20220823_033000.WAV,Telephone Field,recover-20220825,002,1795
453.4015,453.4101,44375,51801,Pipistrellus pipistrellus,0.011,0.022,-1,Echolocation,/mnt/ubna_data_01_mir/recover-20220825/UBNA_002/20220823_033000.WAV,Telephone Field,recover-20220825,002,1795
453.4075,453.4451,68437,82321,Rhinolophus ferrumequinum,0.024,0.024,-1,Echolocation,/mnt/ubna_data_01_mir/recover-20220825/UBNA_002/20220823_033000.WAV,Telephone Field,recover-20220825,002,1795
453.4355,453.4417,26328,68464,Myotis bechsteinii,0.121,0.19,-1,Echolocation,/mnt/ubna_data_01_mir/recover-20220825/UBNA_002/20220823_033000.WAV,Telephone Field,recover-20220825,002,1795
453.4355,453.4418,34062,58334,Pipistrellus nathusii,0.158,0.438,-1,Echolocation,/mnt/ubna_data_01_mir/recover-20220825/UBNA_002/20220823_033000.WAV,Telephone Field,recover-20220825,002,1795
453.4365,453.4427,46953,54855,Pipistrellus pipistrellus,0.015,0.029,-1,Echolocation,/mnt/ubna_data_01_mir/recover-20220825/UBNA_002/20220823_033000.WAV,Telephone Field,recover-20220825,002,1795
453.4455,453.4517,30625,44224,Myotis daubentonii,0.012,0.023,-1,Echolocation,/mnt/ubna_data_01_mir/recover-20220825/UBNA_002/20220823_033000.WAV,Telephone Field,recover-20220825,002,1795
453.4805,453.4883,28046,40279,Eptesicus serotinus,0.008,0.022,-1,Echolocation,/mnt/ubna_data_01_mir/recover-20220825/UBNA_002/20220823_033000.WAV,Telephone Field,recover-20220825,002,1795
453.4805,453.5184,68437,82421,Rhinolophus ferrumequinum,0.021,0.021,-1,Echolocation,/mnt/ubna_data_01_mir/recover-20220825/UBNA_002/20220823_033000.WAV,Telephone Field,recover-20220825,002,1795
453.5105,453.5494,68437,82068,Rhinolophus ferrumequinum,0.021,0.021,-1,Echolocation,/mnt/ubna_data_01_mir/recover-20220825/UBNA_002/20220823_033000.WAV,Telephone Field,recover-20220825,002,1795
453.5425,453.5703,69296,81758,Rhinolophus ferrumequinum,0.03,0.031,-1,Echolocation,/mnt/ubna_data_01_mir/recover-20220825/UBNA_002/20220823_033000.WAV,Telephone Field,recover-20220825,002,1795
453.5425,453.5495,25468,66499,Myotis bechsteinii,0.08,0.107,-1,Echolocation,/mnt/ubna_data_01_mir/recover-20220825/UBNA_002/20220823_033000.WAV,Telephone Field,recover-20220825,002,1795
453.5435,453.5505,33203,54331,Pipistrellus nathusii,0.203,0.45,-1,Echolocation,/mnt/ubna_data_01_mir/recover-20220825/UBNA_002/20220823_033000.WAV,Telephone Field,recover-20220825,002,1795
453.5535,453.5588,28046,39741,Myotis daubentonii,0.008,0.023,-1,Echolocation,/mnt/ubna_data_01_mir/recover-20220825/UBNA_002/20220823_033000.WAV,Telephone Field,recover-20220825,002,1795
453.5765,453.614,68437,81951,Rhinolophus ferrumequinum,0.021,0.021,-1,Echolocation,/mnt/ubna_data_01_mir/recover-20220825/UBNA_002/20220823_033000.WAV,Telephone Field,recover-20220825,002,1795
453.6275,453.6658,68437,82345,Rhinolophus ferrumequinum,0.025,0.025,-1,Echolocation,/mnt/ubna_data_01_mir/recover-20220825/UBNA_002/20220823_033000.WAV,Telephone Field,recover-20220825,002,1795
453.6575,453.6918,68437,80876,Rhinolophus ferrumequinum,0.021,0.021,-1,Echolocation,/mnt/ubna_data_01_mir/recover-20220825/UBNA_002/20220823_033000.WAV,Telephone Field,recover-20220825,002,1795
453.6725,453.6847,23750,29377,Nyctalus leisleri,0.013,0.03,-1,Echolocation,/mnt/ubna_data_01_mir/recover-20220825/UBNA_002/20220823_033000.WAV,Telephone Field,recover-20220825,002,1795
453.7105,453.7164,40937,55422,Myotis brandtii,0.02,0.068,-1,Echolocation,/mnt/ubna_data_01_mir/recover-20220825/UBNA_002/20220823_033000.WAV,Telephone Field,recover-20220825,002,1795
453.7125,453.7208,33203,52043,Pipistrellus nathusii,0.135,0.349,-1,Echolocation,/mnt/ubna_data_01_mir/recover-20220825/UBNA_002/20220823_033000.WAV,Telephone Field,recover-20220825,002,1795
453.7125,453.7195,25468,65467,Myotis bechsteinii,0.095,0.136,-1,Echolocation,/mnt/ubna_data_01_mir/recover-20220825/UBNA_002/20220823_033000.WAV,Telephone Field,recover-20220825,002,1795
453.7225,453.7288,31484,43982,Myotis daubentonii,0.012,0.025,-1,Echolocation,/mnt/ubna_data_01_mir/recover-20220825/UBNA_002/20220823_033000.WAV,Telephone Field,recover-20220825,002,1795
453.7795,453.7866,28046,39386,Eptesicus serotinus,0.006,0.022,-1,Echolocation,/mnt/ubna_data_01_mir/recover-20220825/UBNA_002/20220823_033000.WAV,Telephone Field,recover-20220825,002,1795
453.7915,453.798,31484,43391,Myotis daubentonii,0.018,0.046,-1,Echolocation,/mnt/ubna_data_01_mir/recover-20220825/UBNA_002/20220823_033000.WAV,Telephone Field,recover-20220825,002,1795
453.8185,453.8586,68437,82080,Rhinolophus ferrumequinum,0.022,0.022,-1,Echolocation,/mnt/ubna_data_01_mir/recover-20220825/UBNA_002/20220823_033000.WAV,Telephone Field,recover-20220825,002,1795
453.8255,453.8311,40937,52300,Myotis brandtii,0.014,0.044,-1,Echolocation,/mnt/ubna_data_01_mir/recover-20220825/UBNA_002/20220823_033000.WAV,Telephone Field,recover-20220825,002,1795
453.8255,453.8342,33203,53169,Eptesicus serotinus,0.332,0.556,-1,Echolocation,/mnt/ubna_data_01_mir/recover-20220825/UBNA_002/20220823_033000.WAV,Telephone Field,recover-20220825,002,1795
453.8365,453.8436,27187,37931,Eptesicus serotinus,0.005,0.021,-1,Echolocation,/mnt/ubna_data_01_mir/recover-20220825/UBNA_002/20220823_033000.WAV,Telephone Field,recover-20220825,002,1795
453.8555,453.8956,68437,82775,Rhinolophus ferrumequinum,0.021,0.021,-1,Echolocation,/mnt/ubna_data_01_mir/recover-20220825/UBNA_002/20220823_033000.WAV,Telephone Field,recover-20220825,002,1795
453.9075,453.9186,46093,49161,Pipistrellus pipistrellus,0.03,0.037,-1,Echolocation,/mnt/ubna_data_01_mir/recover-20220825/UBNA_002/20220823_033000.WAV,Telephone Field,recover-20220825,002,1795
453.9385,453.946,34921,52446,Eptesicus serotinus,0.208,0.513,-1,Echolocation,/mnt/ubna_data_01_mir/recover-20220825/UBNA_002/20220823_033000.WAV,Telephone Field,recover-20220825,002,1795
453.9815,453.9918,28906,35159,Eptesicus serotinus,0.01,0.023,-1,Echolocation,/mnt/ubna_data_01_mir/recover-20220825/UBNA_002/20220823_033000.WAV,Telephone Field,recover-20220825,002,1795
454.0015,454.0316,69296,82503,Rhinolophus ferrumequinum,0.034,0.034,-1,Echolocation,/mnt/ubna_data_01_mir/recover-20220825/UBNA_002/20220823_033000.WAV,Telephone Field,recover-20220825,002,1795
454.0015,454.0101,42656,49664,Pipistrellus nathusii,0.016,0.027,-1,Echolocation,/mnt/ubna_data_01_mir/recover-20220825/UBNA_002/20220823_033000.WAV,Telephone Field,recover-20220825,002,1795
454.0015,454.0117,20312,26298,Nyctalus leisleri,0.009,0.025,-1,Echolocation,/mnt/ubna_data_01_mir/recover-20220825/UBNA_002/20220823_033000.WAV,Telephone Field,recover-20220825,002,1795
454.0385,454.0444,49531,54109,Pipistrellus pipistrellus,0.028,0.04,-1,Echolocation,/mnt/ubna_data_01_mir/recover-20220825/UBNA_002/20220823_033000.WAV,Telephone Field,recover-20220825,002,1795
454.0415,454.0499,34921,55782,Pipistrellus nathusii,0.317,0.503,-1,Echolocation,/mnt/ubna_data_01_mir/recover-20220825/UBNA_002/20220823_033000.WAV,Telephone Field,recover-20220825,002,1795
454.0425,454.0783,68437,82171,Rhinolophus ferrumequinum,0.028,0.028,-1,Echolocation,/mnt/ubna_data_01_mir/recover-20220825/UBNA_002/20220823_033000.WAV,Telephone Field,recover-20220825,002,1795
454.0505,454.0567,28046,38586,Myotis daubentonii,0.009,0.023,-1,Echolocation,/mnt/ubna_data_01_mir/recover-20220825/UBNA_002/20220823_033000.WAV,Telephone Field,recover-20220825,002,1795
454.0935,454.1007,28046,38637,Eptesicus serotinus,0.007,0.026,-1,Echolocation,/mnt/ubna_data_01_mir/recover-20220825/UBNA_002/20220823_033000.WAV,Telephone Field,recover-20220825,002,1795
454.1385,454.1467,28046,35563,Eptesicus serotinus,0.008,0.023,-1,Echolocation,/mnt/ubna_data_01_mir/recover-20220825/UBNA_002/20220823_033000.WAV,Telephone Field,recover-20220825,002,1795
454.1505,454.1586,35781,56371,Pipistrellus nathusii,0.398,0.588,-1,Echolocation,/mnt/ubna_data_01_mir/recover-20220825/UBNA_002/20220823_033000.WAV,Telephone Field,recover-20220825,002,1795
454.1515,454.1574,48671,54667,Pipistrellus pipistrellus,0.012,0.022,-1,Echolocation,/mnt/ubna_data_01_mir/recover-20220825/UBNA_002/20220823_033000.WAV,Telephone Field,recover-20220825,002,1795
454.1595,454.1663,29765,38065,Myotis daubentonii,0.011,0.027,-1,Echolocation,/mnt/ubna_data_01_mir/recover-20220825/UBNA_002/20220823_033000.WAV,Telephone Field,recover-20220825,002,1795
454.1655,454.1963,68437,81515,Rhinolophus ferrumequinum,0.023,0.023,-1,Echolocation,/mnt/ubna_data_01_mir/recover-20220825/UBNA_002/20220823_033000.WAV,Telephone Field,recover-20220825,002,1795
454.2235,454.2382,21171,24358,Nyctalus leisleri,0.014,0.021,-1,Echolocation,/mnt/ubna_data_01_mir/recover-20220825/UBNA_002/20220823_033000.WAV,Telephone Field,recover-20220825,002,1795
454.2305,454.2672,68437,81962,Rhinolophus ferrumequinum,0.025,0.025,-1,Echolocation,/mnt/ubna_data_01_mir/recover-20220825/UBNA_002/20220823_033000.WAV,Telephone Field,recover-20220825,002,1795
454.2485,454.2567,30625,37960,Myotis daubentonii,0.008,0.021,-1,Echolocation,/mnt/ubna_data_01_mir/recover-20220825/UBNA_002/20220823_033000.WAV,Telephone Field,recover-20220825,002,1795
454.2535,454.2889,68437,81838,Rhinolophus ferrumequinum,0.023,0.023,-1,Echolocation,/mnt/ubna_data_01_mir/recover-20220825/UBNA_002/20220823_033000.WAV,Telephone Field,recover-20220825,002,1795
454.2615,454.268,49531,55193,Pipistrellus pipistrellus,0.014,0.021,-1,Echolocation,/mnt/ubna_data_01_mir/recover-20220825/UBNA_002/20220823_033000.WAV,Telephone Field,recover-20220825,002,1795
454.2645,454.27139999999997,35781,54410,Pipistrellus nathusii,0.525,0.612,-1,Echolocation,/mnt/ubna_data_01_mir/recover-20220825/UBNA_002/20220823_033000.WAV,Telephone Field,recover-20220825,002,1795
454.2735,454.2792,30625,43423,Myotis daubentonii,0.011,0.025,-1,Echolocation,/mnt/ubna_data_01_mir/recover-20220825/UBNA_002/20220823_033000.WAV,Telephone Field,recover-20220825,002,1795
454.2775,454.3065,68437,81699,Rhinolophus ferrumequinum,0.021,0.021,-1,Echolocation,/mnt/ubna_data_01_mir/recover-20220825/UBNA_002/20220823_033000.WAV,Telephone Field,recover-20220825,002,1795
454.2975,454.3381,68437,82639,Rhinolophus ferrumequinum,0.024,0.024,-1,Echolocation,/mnt/ubna_data_01_mir/recover-20220825/UBNA_002/20220823_033000.WAV,Telephone Field,recover-20220825,002,1795
454.2975,454.3104,24609,30215,Nyctalus leisleri,0.011,0.029,-1,Echolocation,/mnt/ubna_data_01_mir/recover-20220825/UBNA_002/20220823_033000.WAV,Telephone Field,recover-20220825,002,1795
454.3005,454.3142,52109,56613,Pipistrellus pygmaeus,0.033,0.039,-1,Echolocation,/mnt/ubna_data_01_mir/recover-20220825/UBNA_002/20220823_033000.WAV,Telephone Field,recover-20220825,002,1795
454.3075,454.3176,28046,36364,Eptesicus serotinus,0.016,0.034,-1,Echolocation,/mnt/ubna_data_01_mir/recover-20220825/UBNA_002/20220823_033000.WAV,Telephone Field,recover-20220825,002,1795
454.3325,454.3428,46953,53674,Pipistrellus pipistrellus,0.024,0.029,-1,Echolocation,/mnt/ubna_data_01_mir/recover-20220825/UBNA_002/20220823_033000.WAV,Telephone Field,recover-20220825,002,1795
454.3665,454.4032,68437,82233,Rhinolophus ferrumequinum,0.023,0.023,-1,Echolocation,/mnt/ubna_data_01_mir/recover-20220825/UBNA_002/20220823_033000.WAV,Telephone Field,recover-20220825,002,1795
454.3735,454.3804,37500,52401,Pipistrellus nathusii,0.529,0.65,-1,Echolocation,/mnt/ubna_data_01_mir/recover-20220825/UBNA_002/20220823_033000.WAV,Telephone Field,recover-20220825,002,1795
454.3805,454.3859,28046,36986,Myotis daubentonii,0.009,0.022,-1,Echolocation,/mnt/ubna_data_01_mir/recover-20220825/UBNA_002/20220823_033000.WAV,Telephone Field,recover-20220825,002,1795
454.4645,454.4713,28046,37420,Eptesicus serotinus,0.005,0.021,-1,Echolocation,/mnt/ubna_data_01_mir/recover-20220825/UBNA_002/20220823_033000.WAV,Telephone Field,recover-20220825,002,1795
454.4775,454.4854,45234,50752,Pipistrellus pipistrellus,0.014,0.027,-1,Echolocation,/mnt/ubna_data_01_mir/recover-20220825/UBNA_002/20220823_033000.WAV,Telephone Field,recover-20220825,002,1795
454.4805,454.4886,34921,50472,Pipistrellus nathusii,0.454,0.581,-1,Echolocation,/mnt/ubna_data_01_mir/recover-20220825/UBNA_002/20220823_033000.WAV,Telephone Field,recover-20220825,002,1795
454.4975,454.5314,68437,81461,Rhinolophus ferrumequinum,0.023,0.023,-1,Echolocation,/mnt/ubna_data_01_mir/recover-20220825/UBNA_002/20220823_033000.WAV,Telephone Field,recover-20220825,002,1795
454.5745,454.5818,27187,39503,Eptesicus serotinus,0.007,0.022,-1,Echolocation,/mnt/ubna_data_01_mir/recover-20220825/UBNA_002/20220823_033000.WAV,Telephone Field,recover-20220825,002,1795
454.5785,454.6126,68437,81580,Rhinolophus ferrumequinum,0.023,0.023,-1,Echolocation,/mnt/ubna_data_01_mir/recover-20220825/UBNA_002/20220823_033000.WAV,Telephone Field,recover-20220825,002,1795
454.5895,454.598,36640,50622,Pipistrellus nathusii,0.472,0.595,-1,Echolocation,/mnt/ubna_data_01_mir/recover-20220825/UBNA_002/20220823_033000.WAV,Telephone Field,recover-20220825,002,1795
454.5975,454.6037,34062,45310,Myotis brandtii,0.01,0.028,-1,Echolocation,/mnt/ubna_data_01_mir/recover-20220825/UBNA_002/20220823_033000.WAV,Telephone Field,recover-20220825,002,1795
454.6385,454.6475,55546,60364,Pipistrellus pygmaeus,0.034,0.035,-1,Echolocation,/mnt/ubna_data_01_mir/recover-20220825/UBNA_002/20220823_033000.WAV,Telephone Field,recover-20220825,002,1795
454.6665,454.6743,42656,49032,Pipistrellus nathusii,0.009,0.025,-1,Echolocation,/mnt/ubna_data_01_mir/recover-20220825/UBNA_002/20220823_033000.WAV,Telephone Field,recover-20220825,002,1795
454.6885,454.7263,68437,82167,Rhinolophus ferrumequinum,0.023,0.023,-1,Echolocation,/mnt/ubna_data_01_mir/recover-20220825/UBNA_002/20220823_033000.WAV,Telephone Field,recover-20220825,002,1795
454.6915,454.7,27187,35942,Eptesicus serotinus,0.01,0.023,-1,Echolocation,/mnt/ubna_data_01_mir/recover-20220825/UBNA_002/20220823_033000.WAV,Telephone Field,recover-20220825,002,1795
454.7125,454.7486,68437,82446,Rhinolophus ferrumequinum,0.022,0.022,-1,Echolocation,/mnt/ubna_data_01_mir/recover-20220825/UBNA_002/20220823_033000.WAV,Telephone Field,recover-20220825,002,1795
454.7315,454.767,68437,81468,Rhinolophus ferrumequinum,0.021,0.021,-1,Echolocation,/mnt/ubna_data_01_mir/recover-20220825/UBNA_002/20220823_033000.WAV,Telephone Field,recover-20220825,002,1795
454.7635,454.771,48671,51842,Pipistrellus pipistrellus,0.015,0.024,-1,Echolocation,/mnt/ubna_data_01_mir/recover-20220825/UBNA_002/20220823_033000.WAV,Telephone Field,recover-20220825,002,1795
454.7675,454.7742,35781,50596,Pipistrellus nathusii,0.517,0.625,-1,Echolocation,/mnt/ubna_data_01_mir/recover-20220825/UBNA_002/20220823_033000.WAV,Telephone Field,recover-20220825,002,1795
454.7765,454.782,29765,41265,Myotis daubentonii,0.011,0.023,-1,Echolocation,/mnt/ubna_data_01_mir/recover-20220825/UBNA_002/20220823_033000.WAV,Telephone Field,recover-20220825,002,1795
454.7845,454.8199,68437,82083,Rhinolophus ferrumequinum,0.027,0.027,-1,Echolocation,/mnt/ubna_data_01_mir/recover-20220825/UBNA_002/20220823_033000.WAV,Telephone Field,recover-20220825,002,1795
454.7965,454.8391,68437,82919,Rhinolophus ferrumequinum,0.032,0.032,-1,Echolocation,/mnt/ubna_data_01_mir/recover-20220825/UBNA_002/20220823_033000.WAV,Telephone Field,recover-20220825,002,1795
454.8245,454.8639,68437,82184,Rhinolophus ferrumequinum,0.02,0.021,-1,Echolocation,/mnt/ubna_data_01_mir/recover-20220825/UBNA_002/20220823_033000.WAV,Telephone Field,recover-20220825,002,1795
454.8655,454.8726,39218,57414,Myotis mystacinus,0.006,0.021,-1,Echolocation,/mnt/ubna_data_01_mir/recover-20220825/UBNA_002/20220823_033000.WAV,Telephone Field,recover-20220825,002,1795
454.8765,454.8844,35781,49707,Pipistrellus nathusii,0.424,0.558,-1,Echolocation,/mnt/ubna_data_01_mir/recover-20220825/UBNA_002/20220823_033000.WAV,Telephone Field,recover-20220825,002,1795
454.9025,454.9093,25468,37222,Plecotus austriacus,0.005,0.023,-1,Echolocation,/mnt/ubna_data_01_mir/recover-20220825/UBNA_002/20220823_033000.WAV,Telephone Field,recover-20220825,002,1795
454.9325,454.9424,28046,36522,Eptesicus serotinus,0.008,0.021,-1,Echolocation,/mnt/ubna_data_01_mir/recover-20220825/UBNA_002/20220823_033000.WAV,Telephone Field,recover-20220825,002,1795
454.9545,454.9608,48671,56323,Pipistrellus pipistrellus,0.018,0.021,-1,Echolocation,/mnt/ubna_data_01_mir/recover-20220825/UBNA_002/20220823_033000.WAV,Telephone Field,recover-20220825,002,1795
454.9825,454.9895,43515,54825,Pipistrellus pipistrellus,0.008,0.03,-1,Echolocation,/mnt/ubna_data_01_mir/recover-20220825/UBNA_002/20220823_033000.WAV,Telephone Field,recover-20220825,002,1795
454.9845,454.992,34062,53047,Pipistrellus nathusii,0.232,0.541,-1,Echolocation,/mnt/ubna_data_01_mir/recover-20220825/UBNA_002/20220823_033000.WAV,Telephone Field,recover-20220825,002,1795
454.9875,455.0235,68437,81811,Rhinolophus ferrumequinum,0.021,0.021,-1,Echolocation,/mnt/ubna_data_01_mir/recover-20220825/UBNA_002/20220823_033000.WAV,Telephone Field,recover-20220825,002,1795
454.9955,455.0306,68437,81280,Rhinolophus ferrumequinum,0.021,0.021,-1,Echolocation,/mnt/ubna_data_01_mir/recover-20220825/UBNA_002/20220823_033000.WAV,Telephone Field,recover-20220825,002,1795
455.0095,455.0475,68437,82020,Rhinolophus ferrumequinum,0.021,0.021,-1,Echolocation,/mnt/ubna_data_01_mir/recover-20220825/UBNA_002/20220823_033000.WAV,Telephone Field,recover-20220825,002,1795
455.0375,455.0755,68437,82789,Rhinolophus ferrumequinum,0.025,0.025,-1,Echolocation,/mnt/ubna_data_01_mir/recover-20220825/UBNA_002/20220823_033000.WAV,Telephone Field,recover-20220825,002,1795
455.0445,455.083,68437,82310,Rhinolophus ferrumequinum,0.021,0.022,-1,Echolocation,/mnt/ubna_data_01_mir/recover-20220825/UBNA_002/20220823_033000.WAV,Telephone Field,recover-20220825,002,1795
455.0505,455.0616,24609,30846,Eptesicus serotinus,0.012,0.031,-1,Echolocation,/mnt/ubna_data_01_mir/recover-20220825/UBNA_002/20220823_033000.WAV,Telephone Field,recover-20220825,002,1795
455.0575,455.0645,46093,54774,Pipistrellus pipistrellus,0.011,0.021,-1,Echolocation,/mnt/ubna_data_01_mir/recover-20220825/UBNA_002/20220823_033000.WAV,Telephone Field,recover-20220825,002,1795
455.0585,455.0668,27187,39345,Eptesicus serotinus,0.007,0.021,-1,Echolocation,/mnt/ubna_data_01_mir/recover-20220825/UBNA_002/20220823_033000.WAV,Telephone Field,recover-20220825,002,1795
455.0995,455.1051,36640,49340,Pipistrellus nathusii,0.206,0.454,-1,Echolocation,/mnt/ubna_data_01_mir/recover-20220825/UBNA_002/20220823_033000.WAV,Telephone Field,recover-20220825,002,1795
455.1085,455.1162,26328,34839,Eptesicus serotinus,0.006,0.021,-1,Echolocation,/mnt/ubna_data_01_mir/recover-20220825/UBNA_002/20220823_033000.WAV,Telephone Field,recover-20220825,002,1795
455.1155,455.1544,68437,82352,Rhinolophus ferrumequinum,0.028,0.028,-1,Echolocation,/mnt/ubna_data_01_mir/recover-20220825/UBNA_002/20220823_033000.WAV,Telephone Field,recover-20220825,002,1795
455.1415,455.1489,26328,38349,Eptesicus serotinus,0.007,0.023,-1,Echolocation,/mnt/ubna_data_01_mir/recover-20220825/UBNA_002/20220823_033000.WAV,Telephone Field,recover-20220825,002,1795
455.1495,455.1835,68437,80725,Rhinolophus ferrumequinum,0.021,0.021,-1,Echolocation,/mnt/ubna_data_01_mir/recover-20220825/UBNA_002/20220823_033000.WAV,Telephone Field,recover-20220825,002,1795
455.1505,455.1591,27187,36385,Eptesicus serotinus,0.007,0.02,-1,Echolocation,/mnt/ubna_data_01_mir/recover-20220825/UBNA_002/20220823_033000.WAV,Telephone Field,recover-20220825,002,1795
455.1665,455.2094,68437,83862,Rhinolophus ferrumequinum,0.041,0.041,-1,Echolocation,/mnt/ubna_data_01_mir/recover-20220825/UBNA_002/20220823_033000.WAV,Telephone Field,recover-20220825,002,1795
455.1745,455.1848,55546,63211,Pipistrellus pygmaeus,0.02,0.022,-1,Echolocation,/mnt/ubna_data_01_mir/recover-20220825/UBNA_002/20220823_033000.WAV,Telephone Field,recover-20220825,002,1795
455.2045,455.2115,34921,52512,Pipistrellus nathusii,0.401,0.598,-1,Echolocation,/mnt/ubna_data_01_mir/recover-20220825/UBNA_002/20220823_033000.WAV,Telephone Field,recover-20220825,002,1795
455.2145,455.221,30625,42560,Myotis daubentonii,0.01,0.022,-1,Echolocation,/mnt/ubna_data_01_mir/recover-20220825/UBNA_002/20220823_033000.WAV,Telephone Field,recover-20220825,002,1795
455.2185,455.2548,68437,81748,Rhinolophus ferrumequinum,0.024,0.024,-1,Echolocation,/mnt/ubna_data_01_mir/recover-20220825/UBNA_002/20220823_033000.WAV,Telephone Field,recover-20220825,002,1795
455.2315,455.2704,68437,82518,Rhinolophus ferrumequinum,0.023,0.023,-1,Echolocation,/mnt/ubna_data_01_mir/recover-20220825/UBNA_002/20220823_033000.WAV,Telephone Field,recover-20220825,002,1795
455.2555,455.2948,68437,82701,Rhinolophus ferrumequinum,0.022,0.022,-1,Echolocation,/mnt/ubna_data_01_mir/recover-20220825/UBNA_002/20220823_033000.WAV,Telephone Field,recover-20220825,002,1795
455.2625,455.301,68437,82095,Rhinolophus ferrumequinum,0.021,0.021,-1,Echolocation,/mnt/ubna_data_01_mir/recover-20220825/UBNA_002/20220823_033000.WAV,Telephone Field,recover-20220825,002,1795
455.3075,455.3151,40078,48206,Pipistrellus nathusii,0.065,0.153,-1,Echolocation,/mnt/ubna_data_01_mir/recover-20220825/UBNA_002/20220823_033000.WAV,Telephone Field,recover-20220825,002,1795
455.3335,455.3705,68437,81995,Rhinolophus ferrumequinum,0.022,0.022,-1,Echolocation,/mnt/ubna_data_01_mir/recover-20220825/UBNA_002/20220823_033000.WAV,Telephone Field,recover-20220825,002,1795
455.3395,455.3769,68437,82139,Rhinolophus ferrumequinum,0.022,0.022,-1,Echolocation,/mnt/ubna_data_01_mir/recover-20220825/UBNA_002/20220823_033000.WAV,Telephone Field,recover-20220825,002,1795
455.3395,455.3476,28046,38120,Eptesicus serotinus,0.007,0.022,-1,Echolocation,/mnt/ubna_data_01_mir/recover-20220825/UBNA_002/20220823_033000.WAV,Telephone Field,recover-20220825,002,1795
455.3585,455.394,68437,81636,Rhinolophus ferrumequinum,0.021,0.021,-1,Echolocation,/mnt/ubna_data_01_mir/recover-20220825/UBNA_002/20220823_033000.WAV,Telephone Field,recover-20220825,002,1795
455.3835,455.4232,68437,81576,Rhinolophus ferrumequinum,0.021,0.022,-1,Echolocation,/mnt/ubna_data_01_mir/recover-20220825/UBNA_002/20220823_033000.WAV,Telephone Field,recover-20220825,002,1795
455.4095,455.4153,36640,55773,Pipistrellus nathusii,0.175,0.422,-1,Echolocation,/mnt/ubna_data_01_mir/recover-20220825/UBNA_002/20220823_033000.WAV,Telephone Field,recover-20220825,002,1795
455.4185,455.4269,27187,34758,Eptesicus serotinus,0.007,0.026,-1,Echolocation,/mnt/ubna_data_01_mir/recover-20220825/UBNA_002/20220823_033000.WAV,Telephone Field,recover-20220825,002,1795
455.4295,455.4399,25468,30871,Nyctalus leisleri,0.01,0.024,-1,Echolocation,/mnt/ubna_data_01_mir/recover-20220825/UBNA_002/20220823_033000.WAV,Telephone Field,recover-20220825,002,1795
455.4335,455.4729,68437,83150,Rhinolophus ferrumequinum,0.03,0.03,-1,Echolocation,/mnt/ubna_data_01_mir/recover-20220825/UBNA_002/20220823_033000.WAV,Telephone Field,recover-20220825,002,1795
455.4555,455.4959,68437,82985,Rhinolophus ferrumequinum,0.025,0.025,-1,Echolocation,/mnt/ubna_data_01_mir/recover-20220825/UBNA_002/20220823_033000.WAV,Telephone Field,recover-20220825,002,1795
455.5005,455.5391,68437,82195,Rhinolophus ferrumequinum,0.022,0.022,-1,Echolocation,/mnt/ubna_data_01_mir/recover-20220825/UBNA_002/20220823_033000.WAV,Telephone Field,recover-20220825,002,1795
455.5155,455.5231,26328,41840,Eptesicus serotinus,0.007,0.021,-1,Echolocation,/mnt/ubna_data_01_mir/recover-20220825/UBNA_002/20220823_033000.WAV,Telephone Field,recover-20220825,002,1795
455.5175,455.5264,34921,44290,Pipistrellus nathusii,0.007,0.029,-1,Echolocation,/mnt/ubna_data_01_mir/recover-20220825/UBNA_002/20220823_033000.WAV,Telephone Field,recover-20220825,002,1795
455.5325,455.5693,68437,82010,Rhinolophus ferrumequinum,0.024,0.024,-1,Echolocation,/mnt/ubna_data_01_mir/recover-20220825/UBNA_002/20220823_033000.WAV,Telephone Field,recover-20220825,002,1795
455.5615,455.6026,68437,82484,Rhinolophus ferrumequinum,0.024,0.024,-1,Echolocation,/mnt/ubna_data_01_mir/recover-20220825/UBNA_002/20220823_033000.WAV,Telephone Field,recover-20220825,002,1795
455.5805,455.5904,38359,43777,Pipistrellus nathusii,0.011,0.022,-1,Echolocation,/mnt/ubna_data_01_mir/recover-20220825/UBNA_002/20220823_033000.WAV,Telephone Field,recover-20220825,002,1795
455.5945,455.603,47812,53807,Pipistrellus pipistrellus,0.021,0.026,-1,Echolocation,/mnt/ubna_data_01_mir/recover-20220825/UBNA_002/20220823_033000.WAV,Telephone Field,recover-20220825,002,1795
455.6175,455.6242,37500,50124,Pipistrellus nathusii,0.241,0.464,-1,Echolocation,/mnt/ubna_data_01_mir/recover-20220825/UBNA_002/20220823_033000.WAV,Telephone Field,recover-20220825,002,1795
455.6855,455.6924,27187,39782,Eptesicus serotinus,0.006,0.022,-1,Echolocation,/mnt/ubna_data_01_mir/recover-20220825/UBNA_002/20220823_033000.WAV,Telephone Field,recover-20220825,002,1795
455.6955,455.7385,68437,83606,Rhinolophus ferrumequinum,0.043,0.043,-1,Echolocation,/mnt/ubna_data_01_mir/recover-20220825/UBNA_002/20220823_033000.WAV,Telephone Field,recover-20220825,002,1795
455.7335,455.7693,68437,81813,Rhinolophus ferrumequinum,0.024,0.024,-1,Echolocation,/mnt/ubna_data_01_mir/recover-20220825/UBNA_002/20220823_033000.WAV,Telephone Field,recover-20220825,002,1795
455.7385,455.7483,40937,46440,Pipistrellus nathusii,0.015,0.024,-1,Echolocation,/mnt/ubna_data_01_mir/recover-20220825/UBNA_002/20220823_033000.WAV,Telephone Field,recover-20220825,002,1795
455.7875,455.7946,39218,47715,Pipistrellus nathusii,0.179,0.325,-1,Echolocation,/mnt/ubna_data_01_mir/recover-20220825/UBNA_002/20220823_033000.WAV,Telephone Field,recover-20220825,002,1795
455.8775,455.8865,27187,36564,Eptesicus serotinus,0.009,0.023,-1,Echolocation,/mnt/ubna_data_01_mir/recover-20220825/UBNA_002/20220823_033000.WAV,Telephone Field,recover-20220825,002,1795
455.8975,455.9044,37500,49127,Pipistrellus nathusii,0.329,0.532,-1,Echolocation,/mnt/ubna_data_01_mir/recover-20220825/UBNA_002/20220823_033000.WAV,Telephone Field,recover-20220825,002,1795
455.8985,455.9337,68437,81740,Rhinolophus ferrumequinum,0.026,0.026,-1,Echolocation,/mnt/ubna_data_01_mir/recover-20220825/UBNA_002/20220823_033000.WAV,Telephone Field,recover-20220825,002,1795
455.9065,455.9155,27187,33276,Eptesicus serotinus,0.007,0.027,-1,Echolocation,/mnt/ubna_data_01_mir/recover-20220825/UBNA_002/20220823_033000.WAV,Telephone Field,recover-20220825,002,1795
455.9075,455.9414,68437,81674,Rhinolophus ferrumequinum,0.022,0.023,-1,Echolocation,/mnt/ubna_data_01_mir/recover-20220825/UBNA_002/20220823_033000.WAV,Telephone Field,recover-20220825,002,1795
455.9225,455.9635,68437,83017,Rhinolophus ferrumequinum,0.027,0.027,-1,Echolocation,/mnt/ubna_data_01_mir/recover-20220825/UBNA_002/20220823_033000.WAV,Telephone Field,recover-20220825,002,1795
455.9325,455.9466,30625,35399,Eptesicus serotinus,0.016,0.033,-1,Echolocation,/mnt/ubna_data_01_mir/recover-20220825/UBNA_002/20220823_033000.WAV,Telephone Field,recover-20220825,002,1795
455.9375,455.9459,54687,59740,Pipistrellus pygmaeus,0.021,0.022,-1,Echolocation,/mnt/ubna_data_01_mir/recover-20220825/UBNA_002/20220823_033000.WAV,Telephone Field,recover-20220825,002,1795
455.9505,455.959,27187,38036,Eptesicus serotinus,0.008,0.022,-1,Echolocation,/mnt/ubna_data_01_mir/recover-20220825/UBNA_002/20220823_033000.WAV,Telephone Field,recover-20220825,002,1795
455.9595,455.9685,27187,37198,Eptesicus serotinus,0.011,0.028,-1,Echolocation,/mnt/ubna_data_01_mir/recover-20220825/UBNA_002/20220823_033000.WAV,Telephone Field,recover-20220825,002,1795
455.9655,455.9749,42656,46685,Pipistrellus pipistrellus,0.012,0.023,-1,Echolocation,/mnt/ubna_data_01_mir/recover-20220825/UBNA_002/20220823_033000.WAV,Telephone Field,recover-20220825,002,1795
455.9895,455.9971,27187,40818,Eptesicus serotinus,0.007,0.021,-1,Echolocation,/mnt/ubna_data_01_mir/recover-20220825/UBNA_002/20220823_033000.WAV,Telephone Field,recover-20220825,002,1795
456.0015,456.0257,68437,78894,Rhinolophus ferrumequinum,0.041,0.042,-1,Echolocation,/mnt/ubna_data_01_mir/recover-20220825/UBNA_002/20220823_033000.WAV,Telephone Field,recover-20220825,002,1795
456.0015,456.0081,37500,51087,Pipistrellus nathusii,0.372,0.512,-1,Echolocation,/mnt/ubna_data_01_mir/recover-20220825/UBNA_002/20220823_033000.WAV,Telephone Field,recover-20220825,002,1795
456.0015,456.0078,51250,58427,Pipistrellus pipistrellus,0.012,0.028,-1,Echolocation,/mnt/ubna_data_01_mir/recover-20220825/UBNA_002/20220823_033000.WAV,Telephone Field,recover-20220825,002,1795
456.0065,456.0143,13437,21344,Barbastellus barbastellus,0.03,0.032,-1,Echolocation,/mnt/ubna_data_01_mir/recover-20220825/UBNA_002/20220823_033000.WAV,Telephone Field,recover-20220825,002,1795
456.0075,456.0395,68437,79998,Rhinolophus ferrumequinum,0.021,0.021,-1,Echolocation,/mnt/ubna_data_01_mir/recover-20220825/UBNA_002/20220823_033000.WAV,Telephone Field,recover-20220825,002,1795
456.0105,456.0181,26328,35092,Eptesicus serotinus,0.007,0.025,-1,Echolocation,/mnt/ubna_data_01_mir/recover-20220825/UBNA_002/20220823_033000.WAV,Telephone Field,recover-20220825,002,1795
456.0405,456.0479,56406,63264,Pipistrellus pygmaeus,0.02,0.021,-1,Echolocation,/mnt/ubna_data_01_mir/recover-20220825/UBNA_002/20220823_033000.WAV,Telephone Field,recover-20220825,002,1795
456.0415,456.0483,33203,45500,Myotis daubentonii,0.015,0.032,-1,Echolocation,/mnt/ubna_data_01_mir/recover-20220825/UBNA_002/20220823_033000.WAV,Telephone Field,recover-20220825,002,1795
456.0765,456.1124,68437,81578,Rhinolophus ferrumequinum,0.021,0.021,-1,Echolocation,/mnt/ubna_data_01_mir/recover-20220825/UBNA_002/20220823_033000.WAV,Telephone Field,recover-20220825,002,1795
456.0765,456.0861,28046,35582,Eptesicus serotinus,0.011,0.027,-1,Echolocation,/mnt/ubna_data_01_mir/recover-20220825/UBNA_002/20220823_033000.WAV,Telephone Field,recover-20220825,002,1795
456.0965,456.1019,35781,50448,Pipistrellus nathusii,0.282,0.572,-1,Echolocation,/mnt/ubna_data_01_mir/recover-20220825/UBNA_002/20220823_033000.WAV,Telephone Field,recover-20220825,002,1795
456.0965,456.131,68437,80947,Rhinolophus ferrumequinum,0.022,0.022,-1,Echolocation,/mnt/ubna_data_01_mir/recover-20220825/UBNA_002/20220823_033000.WAV,Telephone Field,recover-20220825,002,1795
456.1055,456.1119,29765,38868,Myotis daubentonii,0.011,0.022,-1,Echolocation,/mnt/ubna_data_01_mir/recover-20220825/UBNA_002/20220823_033000.WAV,Telephone Field,recover-20220825,002,1795
456.1245,456.1634,68437,81863,Rhinolophus ferrumequinum,0.021,0.021,-1,Echolocation,/mnt/ubna_data_01_mir/recover-20220825/UBNA_002/20220823_033000.WAV,Telephone Field,recover-20220825,002,1795
456.1865,456.2201,68437,81001,Rhinolophus ferrumequinum,0.022,0.022,-1,Echolocation,/mnt/ubna_data_01_mir/recover-20220825/UBNA_002/20220823_033000.WAV,Telephone Field,recover-20220825,002,1795
456.1885,456.1956,38359,46385,Pipistrellus nathusii,0.301,0.466,-1,Echolocation,/mnt/ubna_data_01_mir/recover-20220825/UBNA_002/20220823_033000.WAV,Telephone Field,recover-20220825,002,1795
456.2105,456.2168,28046,39852,Eptesicus serotinus,0.006,0.024,-1,Echolocation,/mnt/ubna_data_01_mir/recover-20220825/UBNA_002/20220823_033000.WAV,Telephone Field,recover-20220825,002,1795
456.2195,456.2541,68437,81266,Rhinolophus ferrumequinum,0.021,0.021,-1,Echolocation,/mnt/ubna_data_01_mir/recover-20220825/UBNA_002/20220823_033000.WAV,Telephone Field,recover-20220825,002,1795
456.2195,456.2317,22031,25801,Nyctalus leisleri,0.012,0.021,-1,Echolocation,/mnt/ubna_data_01_mir/recover-20220825/UBNA_002/20220823_033000.WAV,Telephone Field,recover-20220825,002,1795
456.2265,456.2657,68437,81921,Rhinolophus ferrumequinum,0.02,0.02,-1,Echolocation,/mnt/ubna_data_01_mir/recover-20220825/UBNA_002/20220823_033000.WAV,Telephone Field,recover-20220825,002,1795
456.2585,456.2697,22890,27797,Nyctalus leisleri,0.011,0.024,-1,Echolocation,/mnt/ubna_data_01_mir/recover-20220825/UBNA_002/20220823_033000.WAV,Telephone Field,recover-20220825,002,1795
456.2605,456.2995,68437,82441,Rhinolophus ferrumequinum,0.029,0.029,-1,Echolocation,/mnt/ubna_data_01_mir/recover-20220825/UBNA_002/20220823_033000.WAV,Telephone Field,recover-20220825,002,1795
456.2755,456.3171,68437,82252,Rhinolophus ferrumequinum,0.022,0.022,-1,Echolocation,/mnt/ubna_data_01_mir/recover-20220825/UBNA_002/20220823_033000.WAV,Telephone Field,recover-20220825,002,1795
456.2875,456.2958,36640,46666,Pipistrellus nathusii,0.094,0.194,-1,Echolocation,/mnt/ubna_data_01_mir/recover-20220825/UBNA_002/20220823_033000.WAV,Telephone Field,recover-20220825,002,1795
456.3385,456.3488,23750,29841,Nyctalus leisleri,0.009,0.024,-1,Echolocation,/mnt/ubna_data_01_mir/recover-20220825/UBNA_002/20220823_033000.WAV,Telephone Field,recover-20220825,002,1795
456.3875,456.393,37500,46137,Barbastellus barbastellus,0.214,0.298,-1,Echolocation,/mnt/ubna_data_01_mir/recover-20220825/UBNA_002/20220823_033000.WAV,Telephone Field,recover-20220825,002,1795
456.4075,456.4154,27187,37624,Eptesicus serotinus,0.008,0.021,-1,Echolocation,/mnt/ubna_data_01_mir/recover-20220825/UBNA_002/20220823_033000.WAV,Telephone Field,recover-20220825,002,1795
456.4145,456.425,22890,27635,Nyctalus leisleri,0.01,0.022,-1,Echolocation,/mnt/ubna_data_01_mir/recover-20220825/UBNA_002/20220823_033000.WAV,Telephone Field,recover-20220825,002,1795
456.4355,456.4733,68437,81720,Rhinolophus ferrumequinum,0.023,0.023,-1,Echolocation,/mnt/ubna_data_01_mir/recover-20220825/UBNA_002/20220823_033000.WAV,Telephone Field,recover-20220825,002,1795
456.4415,456.4802,68437,82117,Rhinolophus ferrumequinum,0.024,0.024,-1,Echolocation,/mnt/ubna_data_01_mir/recover-20220825/UBNA_002/20220823_033000.WAV,Telephone Field,recover-20220825,002,1795
456.4705,456.4774,27187,39026,Eptesicus serotinus,0.007,0.025,-1,Echolocation,/mnt/ubna_data_01_mir/recover-20220825/UBNA_002/20220823_033000.WAV,Telephone Field,recover-20220825,002,1795
456.5085,456.5462,68437,81755,Rhinolophus ferrumequinum,0.021,0.021,-1,Echolocation,/mnt/ubna_data_01_mir/recover-20220825/UBNA_002/20220823_033000.WAV,Telephone Field,recover-20220825,002,1795
456.5235,456.5606,68437,82168,Rhinolophus ferrumequinum,0.021,0.021,-1,Echolocation,/mnt/ubna_data_01_mir/recover-20220825/UBNA_002/20220823_033000.WAV,Telephone Field,recover-20220825,002,1795
456.5375,456.5445,26328,38525,Eptesicus serotinus,0.006,0.021,-1,Echolocation,/mnt/ubna_data_01_mir/recover-20220825/UBNA_002/20220823_033000.WAV,Telephone Field,recover-20220825,002,1795
456.5385,456.5498,22031,26975,Nyctalus leisleri,0.01,0.022,-1,Echolocation,/mnt/ubna_data_01_mir/recover-20220825/UBNA_002/20220823_033000.WAV,Telephone Field,recover-20220825,002,1795
456.5585,456.5661,27187,36753,Eptesicus serotinus,0.007,0.02,-1,Echolocation,/mnt/ubna_data_01_mir/recover-20220825/UBNA_002/20220823_033000.WAV,Telephone Field,recover-20220825,002,1795
456.5745,456.5831,26328,35271,Eptesicus serotinus,0.008,0.021,-1,Echolocation,/mnt/ubna_data_01_mir/recover-20220825/UBNA_002/20220823_033000.WAV,Telephone Field,recover-20220825,002,1795
456.5985,456.6388,68437,82952,Rhinolophus ferrumequinum,0.023,0.023,-1,Echolocation,/mnt/ubna_data_01_mir/recover-20220825/UBNA_002/20220823_033000.WAV,Telephone Field,recover-20220825,002,1795
456.6035,456.611,27187,37443,Eptesicus serotinus,0.008,0.021,-1,Echolocation,/mnt/ubna_data_01_mir/recover-20220825/UBNA_002/20220823_033000.WAV,Telephone Field,recover-20220825,002,1795
456.6045,456.6149,14296,20645,Nyctalus noctula,0.02,0.039,-1,Echolocation,/mnt/ubna_data_01_mir/recover-20220825/UBNA_002/20220823_033000.WAV,Telephone Field,recover-20220825,002,1795
456.6145,456.6511,68437,81122,Rhinolophus ferrumequinum,0.021,0.021,-1,Echolocation,/mnt/ubna_data_01_mir/recover-20220825/UBNA_002/20220823_033000.WAV,Telephone Field,recover-20220825,002,1795
456.6325,456.6396,39218,48546,Pipistrellus nathusii,0.398,0.56,-1,Echolocation,/mnt/ubna_data_01_mir/recover-20220825/UBNA_002/20220823_033000.WAV,Telephone Field,recover-20220825,002,1795
456.6695,456.678,27187,39020,Eptesicus serotinus,0.008,0.021,-1,Echolocation,/mnt/ubna_data_01_mir/recover-20220825/UBNA_002/20220823_033000.WAV,Telephone Field,recover-20220825,002,1795
456.7115,456.7481,68437,81341,Rhinolophus ferrumequinum,0.021,0.021,-1,Echolocation,/mnt/ubna_data_01_mir/recover-20220825/UBNA_002/20220823_033000.WAV,Telephone Field,recover-20220825,002,1795
456.7345,456.7423,40078,49175,Pipistrellus nathusii,0.007,0.023,-1,Echolocation,/mnt/ubna_data_01_mir/recover-20220825/UBNA_002/20220823_033000.WAV,Telephone Field,recover-20220825,002,1795
456.7345,456.7423,26328,37218,Eptesicus serotinus,0.007,0.025,-1,Echolocation,/mnt/ubna_data_01_mir/recover-20220825/UBNA_002/20220823_033000.WAV,Telephone Field,recover-20220825,002,1795
456.7345,456.7405,34062,52065,Myotis daubentonii,0.01,0.025,-1,Echolocation,/mnt/ubna_data_01_mir/recover-20220825/UBNA_002/20220823_033000.WAV,Telephone Field,recover-20220825,002,1795
456.7585,456.7983,68437,82262,Rhinolophus ferrumequinum,0.022,0.022,-1,Echolocation,/mnt/ubna_data_01_mir/recover-20220825/UBNA_002/20220823_033000.WAV,Telephone Field,recover-20220825,002,1795
456.7645,456.773,27187,37991,Eptesicus serotinus,0.007,0.021,-1,Echolocation,/mnt/ubna_data_01_mir/recover-20220825/UBNA_002/20220823_033000.WAV,Telephone Field,recover-20220825,002,1795
456.8245,456.8329,46953,50323,Pipistrellus pipistrellus,0.018,0.028,-1,Echolocation,/mnt/ubna_data_01_mir/recover-20220825/UBNA_002/20220823_033000.WAV,Telephone Field,recover-20220825,002,1795
456.8265,456.8331,34921,43781,Barbastellus barbastellus,0.05,0.096,-1,Echolocation,/mnt/ubna_data_01_mir/recover-20220825/UBNA_002/20220823_033000.WAV,Telephone Field,recover-20220825,002,1795
456.8505,456.8582,27187,37208,Eptesicus serotinus,0.007,0.021,-1,Echolocation,/mnt/ubna_data_01_mir/recover-20220825/UBNA_002/20220823_033000.WAV,Telephone Field,recover-20220825,002,1795
456.8545,456.888,68437,81305,Rhinolophus ferrumequinum,0.021,0.021,-1,Echolocation,/mnt/ubna_data_01_mir/recover-20220825/UBNA_002/20220823_033000.WAV,Telephone Field,recover-20220825,002,1795
456.8625,456.8712,46093,56190,Pipistrellus pipistrellus,0.011,0.021,-1,Echolocation,/mnt/ubna_data_01_mir/recover-20220825/UBNA_002/20220823_033000.WAV,Telephone Field,recover-20220825,002,1795
456.8855,456.9256,68437,82250,Rhinolophus ferrumequinum,0.021,0.021,-1,Echolocation,/mnt/ubna_data_01_mir/recover-20220825/UBNA_002/20220823_033000.WAV,Telephone Field,recover-20220825,002,1795
456.8905,456.8973,29765,43762,Myotis daubentonii,0.01,0.025,-1,Echolocation,/mnt/ubna_data_01_mir/recover-20220825/UBNA_002/20220823_033000.WAV,Telephone Field,recover-20220825,002,1795
456.9275,456.9341,38359,46695,Pipistrellus nathusii,0.285,0.482,-1,Echolocation,/mnt/ubna_data_01_mir/recover-20220825/UBNA_002/20220823_033000.WAV,Telephone Field,recover-20220825,002,1795
456.9595,456.9953,68437,81428,Rhinolophus ferrumequinum,0.023,0.023,-1,Echolocation,/mnt/ubna_data_01_mir/recover-20220825/UBNA_002/20220823_033000.WAV,Telephone Field,recover-20220825,002,1795
457.0165,457.0576,68437,82688,Rhinolophus ferrumequinum,0.022,0.022,-1,Echolocation,/mnt/ubna_data_01_mir/recover-20220825/UBNA_002/20220823_033000.WAV,Telephone Field,recover-20220825,002,1795
457.0255,457.0324,37500,47431,Pipistrellus nathusii,0.486,0.607,-1,Echolocation,/mnt/ubna_data_01_mir/recover-20220825/UBNA_002/20220823_033000.WAV,Telephone Field,recover-20220825,002,1795
457.0335,457.039,28906,40159,Myotis daubentonii,0.013,0.024,-1,Echolocation,/mnt/ubna_data_01_mir/recover-20220825/UBNA_002/20220823_033000.WAV,Telephone Field,recover-20220825,002,1795
457.0775,457.0877,27187,36509,Eptesicus serotinus,0.011,0.024,-1,Echolocation,/mnt/ubna_data_01_mir/recover-20220825/UBNA_002/20220823_033000.WAV,Telephone Field,recover-20220825,002,1795
457.0855,457.097,27187,34141,Eptesicus serotinus,0.012,0.027,-1,Echolocation,/mnt/ubna_data_01_mir/recover-20220825/UBNA_002/20220823_033000.WAV,Telephone Field,recover-20220825,002,1795
457.0995,457.1091,27187,35392,Eptesicus serotinus,0.01,0.026,-1,Echolocation,/mnt/ubna_data_01_mir/recover-20220825/UBNA_002/20220823_033000.WAV,Telephone Field,recover-20220825,002,1795
457.1205,457.129,57265,64489,Pipistrellus pygmaeus,0.022,0.023,-1,Echolocation,/mnt/ubna_data_01_mir/recover-20220825/UBNA_002/20220823_033000.WAV,Telephone Field,recover-20220825,002,1795
457.1245,457.1314,39218,47214,Pipistrellus nathusii,0.304,0.503,-1,Echolocation,/mnt/ubna_data_01_mir/recover-20220825/UBNA_002/20220823_033000.WAV,Telephone Field,recover-20220825,002,1795
457.1385,457.1488,24609,29065,Nyctalus leisleri,0.009,0.021,-1,Echolocation,/mnt/ubna_data_01_mir/recover-20220825/UBNA_002/20220823_033000.WAV,Telephone Field,recover-20220825,002,1795
457.1555,457.1625,26328,37935,Eptesicus serotinus,0.007,0.024,-1,Echolocation,/mnt/ubna_data_01_mir/recover-20220825/UBNA_002/20220823_033000.WAV,Telephone Field,recover-20220825,002,1795
457.1565,457.164,42656,52593,Pipistrellus nathusii,0.008,0.023,-1,Echolocation,/mnt/ubna_data_01_mir/recover-20220825/UBNA_002/20220823_033000.WAV,Telephone Field,recover-20220825,002,1795
457.1595,457.1662,31484,44985,Myotis daubentonii,0.011,0.026,-1,Echolocation,/mnt/ubna_data_01_mir/recover-20220825/UBNA_002/20220823_033000.WAV,Telephone Field,recover-20220825,002,1795
457.1765,457.2098,68437,80858,Rhinolophus ferrumequinum,0.023,0.023,-1,Echolocation,/mnt/ubna_data_01_mir/recover-20220825/UBNA_002/20220823_033000.WAV,Telephone Field,recover-20220825,002,1795
457.1775,457.1855,28046,39002,Eptesicus serotinus,0.007,0.022,-1,Echolocation,/mnt/ubna_data_01_mir/recover-20220825/UBNA_002/20220823_033000.WAV,Telephone Field,recover-20220825,002,1795
457.1865,457.2232,68437,82266,Rhinolophus ferrumequinum,0.022,0.022,-1,Echolocation,/mnt/ubna_data_01_mir/recover-20220825/UBNA_002/20220823_033000.WAV,Telephone Field,recover-20220825,002,1795
457.1975,457.2053,27187,39369,Eptesicus serotinus,0.007,0.022,-1,Echolocation,/mnt/ubna_data_01_mir/recover-20220825/UBNA_002/20220823_033000.WAV,Telephone Field,recover-20220825,002,1795
457.2265,457.2331,37500,47311,Pipistrellus nathusii,0.385,0.58,-1,Echolocation,/mnt/ubna_data_01_mir/recover-20220825/UBNA_002/20220823_033000.WAV,Telephone Field,recover-20220825,002,1795
457.2355,457.2708,68437,81495,Rhinolophus ferrumequinum,0.024,0.024,-1,Echolocation,/mnt/ubna_data_01_mir/recover-20220825/UBNA_002/20220823_033000.WAV,Telephone Field,recover-20220825,002,1795
457.2435,457.2805,68437,82098,Rhinolophus ferrumequinum,0.024,0.024,-1,Echolocation,/mnt/ubna_data_01_mir/recover-20220825/UBNA_002/20220823_033000.WAV,Telephone Field,recover-20220825,002,1795
457.2505,457.2893,68437,82219,Rhinolophus ferrumequinum,0.021,0.021,-1,Echolocation,/mnt/ubna_data_01_mir/recover-20220825/UBNA_002/20220823_033000.WAV,Telephone Field,recover-20220825,002,1795
457.2875,457.3221,68437,81169,Rhinolophus ferrumequinum,0.022,0.022,-1,Echolocation,/mnt/ubna_data_01_mir/recover-20220825/UBNA_002/20220823_033000.WAV,Telephone Field,recover-20220825,002,1795
457.2875,457.2938,27187,38329,Eptesicus serotinus,0.008,0.029,-1,Echolocation,/mnt/ubna_data_01_mir/recover-20220825/UBNA_002/20220823_033000.WAV,Telephone Field,recover-20220825,002,1795
457.3275,457.3371,55546,60827,Pipistrellus pygmaeus,0.041,0.042,-1,Echolocation,/mnt/ubna_data_01_mir/recover-20220825/UBNA_002/20220823_033000.WAV,Telephone Field,recover-20220825,002,1795
457.3305,457.3362,37500,51832,Myotis brandtii,0.008,0.022,-1,Echolocation,/mnt/ubna_data_01_mir/recover-20220825/UBNA_002/20220823_033000.WAV,Telephone Field,recover-20220825,002,1795
457.3435,457.3824,68437,82899,Rhinolophus ferrumequinum,0.021,0.021,-1,Echolocation,/mnt/ubna_data_01_mir/recover-20220825/UBNA_002/20220823_033000.WAV,Telephone Field,recover-20220825,002,1795
457.3615,457.371,56406,62358,Pipistrellus pygmaeus,0.029,0.029,-1,Echolocation,/mnt/ubna_data_01_mir/recover-20220825/UBNA_002/20220823_033000.WAV,Telephone Field,recover-20220825,002,1795
457.3685,457.3765,38359,44708,Pipistrellus nathusii,0.203,0.263,-1,Echolocation,/mnt/ubna_data_01_mir/recover-20220825/UBNA_002/20220823_033000.WAV,Telephone Field,recover-20220825,002,1795
457.3725,457.4068,68437,80889,Rhinolophus ferrumequinum,0.021,0.021,-1,Echolocation,/mnt/ubna_data_01_mir/recover-20220825/UBNA_002/20220823_033000.WAV,Telephone Field,recover-20220825,002,1795
457.4025,457.4093,27187,39512,Eptesicus serotinus,0.008,0.03,-1,Echolocation,/mnt/ubna_data_01_mir/recover-20220825/UBNA_002/20220823_033000.WAV,Telephone Field,recover-20220825,002,1795
457.4025,457.4085,31484,45106,Myotis daubentonii,0.014,0.027,-1,Echolocation,/mnt/ubna_data_01_mir/recover-20220825/UBNA_002/20220823_033000.WAV,Telephone Field,recover-20220825,002,1795
457.4195,457.4267,29765,38456,Myotis daubentonii,0.007,0.021,-1,Echolocation,/mnt/ubna_data_01_mir/recover-20220825/UBNA_002/20220823_033000.WAV,Telephone Field,recover-20220825,002,1795
457.4475,457.4565,36640,44643,Pipistrellus nathusii,0.011,0.026,-1,Echolocation,/mnt/ubna_data_01_mir/recover-20220825/UBNA_002/20220823_033000.WAV,Telephone Field,recover-20220825,002,1795
457.4605,457.4662,34062,42328,Barbastellus barbastellus,0.237,0.275,-1,Echolocation,/mnt/ubna_data_01_mir/recover-20220825/UBNA_002/20220823_033000.WAV,Telephone Field,recover-20220825,002,1795
457.4745,457.482,27187,35955,Eptesicus serotinus,0.007,0.022,-1,Echolocation,/mnt/ubna_data_01_mir/recover-20220825/UBNA_002/20220823_033000.WAV,Telephone Field,recover-20220825,002,1795
457.5005,457.5068,29765,40689,Myotis daubentonii,0.01,0.026,-1,Echolocation,/mnt/ubna_data_01_mir/recover-20220825/UBNA_002/20220823_033000.WAV,Telephone Field,recover-20220825,002,1795
457.5005,457.5377,68437,82341,Rhinolophus ferrumequinum,0.028,0.028,-1,Echolocation,/mnt/ubna_data_01_mir/recover-20220825/UBNA_002/20220823_033000.WAV,Telephone Field,recover-20220825,002,1795
457.5095,457.5162,48671,52730,Pipistrellus pipistrellus,0.022,0.026,-1,Echolocation,/mnt/ubna_data_01_mir/recover-20220825/UBNA_002/20220823_033000.WAV,Telephone Field,recover-20220825,002,1795
457.5205,457.537,22031,25787,Nyctalus leisleri,0.016,0.027,-1,Echolocation,/mnt/ubna_data_01_mir/recover-20220825/UBNA_002/20220823_033000.WAV,Telephone Field,recover-20220825,002,1795
457.5315,457.5435,23750,29541,Nyctalus leisleri,0.011,0.027,-1,Echolocation,/mnt/ubna_data_01_mir/recover-20220825/UBNA_002/20220823_033000.WAV,Telephone Field,recover-20220825,002,1795
457.5595,457.5653,31484,47689,Myotis daubentonii,0.032,0.055,-1,Echolocation,/mnt/ubna_data_01_mir/recover-20220825/UBNA_002/20220823_033000.WAV,Telephone Field,recover-20220825,002,1795
457.5685,457.6085,68437,82565,Rhinolophus ferrumequinum,0.026,0.026,-1,Echolocation,/mnt/ubna_data_01_mir/recover-20220825/UBNA_002/20220823_033000.WAV,Telephone Field,recover-20220825,002,1795
457.6255,457.6622,68437,81741,Rhinolophus ferrumequinum,0.021,0.021,-1,Echolocation,/mnt/ubna_data_01_mir/recover-20220825/UBNA_002/20220823_033000.WAV,Telephone Field,recover-20220825,002,1795
457.6415,457.6485,27187,38054,Eptesicus serotinus,0.006,0.023,-1,Echolocation,/mnt/ubna_data_01_mir/recover-20220825/UBNA_002/20220823_033000.WAV,Telephone Field,recover-20220825,002,1795
457.6575,457.696,68437,82355,Rhinolophus ferrumequinum,0.022,0.022,-1,Echolocation,/mnt/ubna_data_01_mir/recover-20220825/UBNA_002/20220823_033000.WAV,Telephone Field,recover-20220825,002,1795
457.6765,457.7155,68437,82104,Rhinolophus ferrumequinum,0.021,0.021,-1,Echolocation,/mnt/ubna_data_01_mir/recover-20220825/UBNA_002/20220823_033000.WAV,Telephone Field,recover-20220825,002,1795
457.7145,457.7239,42656,48181,Pipistrellus nathusii,0.021,0.039,-1,Echolocation,/mnt/ubna_data_01_mir/recover-20220825/UBNA_002/20220823_033000.WAV,Telephone Field,recover-20220825,002,1795
457.7365,457.7444,26328,37173,Eptesicus serotinus,0.007,0.022,-1,Echolocation,/mnt/ubna_data_01_mir/recover-20220825/UBNA_002/20220823_033000.WAV,Telephone Field,recover-20220825,002,1795
457.7385,457.7459,34062,41815,Barbastellus barbastellus,0.01,0.023,-1,Echolocation,/mnt/ubna_data_01_mir/recover-20220825/UBNA_002/20220823_033000.WAV,Telephone Field,recover-20220825,002,1795
457.7535,457.7615,38359,45749,Pipistrellus nathusii,0.165,0.268,-1,Echolocation,/mnt/ubna_data_01_mir/recover-20220825/UBNA_002/20220823_033000.WAV,Telephone Field,recover-20220825,002,1795
457.7715,457.7824,28046,35733,Eptesicus serotinus,0.012,0.025,-1,Echolocation,/mnt/ubna_data_01_mir/recover-20220825/UBNA_002/20220823_033000.WAV,Telephone Field,recover-20220825,002,1795
457.7905,457.8283,68437,82229,Rhinolophus ferrumequinum,0.021,0.021,-1,Echolocation,/mnt/ubna_data_01_mir/recover-20220825/UBNA_002/20220823_033000.WAV,Telephone Field,recover-20220825,002,1795
457.7915,457.7997,27187,36742,Eptesicus serotinus,0.007,0.022,-1,Echolocation,/mnt/ubna_data_01_mir/recover-20220825/UBNA_002/20220823_033000.WAV,Telephone Field,recover-20220825,002,1795
457.8065,457.8455,68437,82209,Rhinolophus ferrumequinum,0.022,0.022,-1,Echolocation,/mnt/ubna_data_01_mir/recover-20220825/UBNA_002/20220823_033000.WAV,Telephone Field,recover-20220825,002,1795
457.8125,457.8192,27187,37913,Eptesicus serotinus,0.006,0.022,-1,Echolocation,/mnt/ubna_data_01_mir/recover-20220825/UBNA_002/20220823_033000.WAV,Telephone Field,recover-20220825,002,1795
457.8135,457.8506,68437,82126,Rhinolophus ferrumequinum,0.022,0.022,-1,Echolocation,/mnt/ubna_data_01_mir/recover-20220825/UBNA_002/20220823_033000.WAV,Telephone Field,recover-20220825,002,1795
457.8295,457.8694,68437,82320,Rhinolophus ferrumequinum,0.022,0.022,-1,Echolocation,/mnt/ubna_data_01_mir/recover-20220825/UBNA_002/20220823_033000.WAV,Telephone Field,recover-20220825,002,1795
457.8495,457.8594,40937,43998,Pipistrellus nathusii,0.035,0.047,-1,Echolocation,/mnt/ubna_data_01_mir/recover-20220825/UBNA_002/20220823_033000.WAV,Telephone Field,recover-20220825,002,1795
457.8605,457.8672,26328,37460,Eptesicus serotinus,0.008,0.029,-1,Echolocation,/mnt/ubna_data_01_mir/recover-20220825/UBNA_002/20220823_033000.WAV,Telephone Field,recover-20220825,002,1795
457.8765,457.9113,68437,81561,Rhinolophus ferrumequinum,0.02,0.02,-1,Echolocation,/mnt/ubna_data_01_mir/recover-20220825/UBNA_002/20220823_033000.WAV,Telephone Field,recover-20220825,002,1795
457.8795,457.8886,27187,37009,Eptesicus serotinus,0.008,0.022,-1,Echolocation,/mnt/ubna_data_01_mir/recover-20220825/UBNA_002/20220823_033000.WAV,Telephone Field,recover-20220825,002,1795
457.8835,457.9201,68437,81557,Rhinolophus ferrumequinum,0.021,0.021,-1,Echolocation,/mnt/ubna_data_01_mir/recover-20220825/UBNA_002/20220823_033000.WAV,Telephone Field,recover-20220825,002,1795
457.8855,457.8942,27187,38181,Eptesicus serotinus,0.008,0.021,-1,Echolocation,/mnt/ubna_data_01_mir/recover-20220825/UBNA_002/20220823_033000.WAV,Telephone Field,recover-20220825,002,1795
457.9625,457.9977,68437,82265,Rhinolophus ferrumequinum,0.021,0.021,-1,Echolocation,/mnt/ubna_data_01_mir/recover-20220825/UBNA_002/20220823_033000.WAV,Telephone Field,recover-20220825,002,1795
457.9895,457.997,40078,48567,Pipistrellus nathusii,0.37,0.484,-1,Echolocation,/mnt/ubna_data_01_mir/recover-20220825/UBNA_002/20220823_033000.WAV,Telephone Field,recover-20220825,002,1795
458.0015,458.0148,20312,25589,Nyctalus leisleri,0.018,0.043,-1,Echolocation,/mnt/ubna_data_01_mir/recover-20220825/UBNA_002/20220823_033000.WAV,Telephone Field,recover-20220825,002,1795
458.0015,458.0096,29765,40220,Myotis daubentonii,0.007,0.025,-1,Echolocation,/mnt/ubna_data_01_mir/recover-20220825/UBNA_002/20220823_033000.WAV,Telephone Field,recover-20220825,002,1795
458.0015,458.0326,69296,81343,Rhinolophus ferrumequinum,0.046,0.046,-1,Echolocation,/mnt/ubna_data_01_mir/recover-20220825/UBNA_002/20220823_033000.WAV,Telephone Field,recover-20220825,002,1795
458.0015,458.0121,47812,54112,Pipistrellus pipistrellus,0.022,0.03,-1,Echolocation,/mnt/ubna_data_01_mir/recover-20220825/UBNA_002/20220823_033000.WAV,Telephone Field,recover-20220825,002,1795
458.0145,458.0224,27187,35995,Eptesicus serotinus,0.011,0.025,-1,Echolocation,/mnt/ubna_data_01_mir/recover-20220825/UBNA_002/20220823_033000.WAV,Telephone Field,recover-20220825,002,1795
458.0735,458.1141,68437,82493,Rhinolophus ferrumequinum,0.029,0.029,-1,Echolocation,/mnt/ubna_data_01_mir/recover-20220825/UBNA_002/20220823_033000.WAV,Telephone Field,recover-20220825,002,1795
458.0935,458.1285,68437,82027,Rhinolophus ferrumequinum,0.026,0.026,-1,Echolocation,/mnt/ubna_data_01_mir/recover-20220825/UBNA_002/20220823_033000.WAV,Telephone Field,recover-20220825,002,1795
458.0985,458.1058,38359,46162,Pipistrellus nathusii,0.336,0.52,-1,Echolocation,/mnt/ubna_data_01_mir/recover-20220825/UBNA_002/20220823_033000.WAV,Telephone Field,recover-20220825,002,1795
458.1005,458.1076,24609,32585,Eptesicus serotinus,0.006,0.022,-1,Echolocation,/mnt/ubna_data_01_mir/recover-20220825/UBNA_002/20220823_033000.WAV,Telephone Field,recover-20220825,002,1795
458.1585,458.1723,24609,30843,Eptesicus serotinus,0.016,0.04,-1,Echolocation,/mnt/ubna_data_01_mir/recover-20220825/UBNA_002/20220823_033000.WAV,Telephone Field,recover-20220825,002,1795
458.1985,458.2047,28046,50051,Myotis daubentonii,0.012,0.026,-1,Echolocation,/mnt/ubna_data_01_mir/recover-20220825/UBNA_002/20220823_033000.WAV,Telephone Field,recover-20220825,002,1795
458.1985,458.2054,40078,49738,Pipistrellus nathusii,0.25,0.427,-1,Echolocation,/mnt/ubna_data_01_mir/recover-20220825/UBNA_002/20220823_033000.WAV,Telephone Field,recover-20220825,002,1795
458.2045,458.2393,68437,80963,Rhinolophus ferrumequinum,0.024,0.024,-1,Echolocation,/mnt/ubna_data_01_mir/recover-20220825/UBNA_002/20220823_033000.WAV,Telephone Field,recover-20220825,002,1795
458.2575,458.3026,68437,83556,Rhinolophus ferrumequinum,0.079,0.079,-1,Echolocation,/mnt/ubna_data_01_mir/recover-20220825/UBNA_002/20220823_033000.WAV,Telephone Field,recover-20220825,002,1795
458.2605,458.2677,27187,37769,Eptesicus serotinus,0.007,0.024,-1,Echolocation,/mnt/ubna_data_01_mir/recover-20220825/UBNA_002/20220823_033000.WAV,Telephone Field,recover-20220825,002,1795
458.3145,458.3235,25468,33065,Eptesicus serotinus,0.01,0.023,-1,Echolocation,/mnt/ubna_data_01_mir/recover-20220825/UBNA_002/20220823_033000.WAV,Telephone Field,recover-20220825,002,1795
458.3195,458.3271,27187,35933,Eptesicus serotinus,0.008,0.023,-1,Echolocation,/mnt/ubna_data_01_mir/recover-20220825/UBNA_002/20220823_033000.WAV,Telephone Field,recover-20220825,002,1795
458.3505,458.3593,28046,36200,Eptesicus serotinus,0.009,0.023,-1,Echolocation,/mnt/ubna_data_01_mir/recover-20220825/UBNA_002/20220823_033000.WAV,Telephone Field,recover-20220825,002,1795
458.3575,458.3902,68437,80687,Rhinolophus ferrumequinum,0.024,0.024,-1,Echolocation,/mnt/ubna_data_01_mir/recover-20220825/UBNA_002/20220823_033000.WAV,Telephone Field,recover-20220825,002,1795
458.3825,458.3911,41796,46551,Pipistrellus nathusii,0.123,0.153,-1,Echolocation,/mnt/ubna_data_01_mir/recover-20220825/UBNA_002/20220823_033000.WAV,Telephone Field,recover-20220825,002,1795
458.4185,458.4263,27187,39554,Eptesicus serotinus,0.008,0.024,-1,Echolocation,/mnt/ubna_data_01_mir/recover-20220825/UBNA_002/20220823_033000.WAV,Telephone Field,recover-20220825,002,1795
458.4235,458.4616,68437,82157,Rhinolophus ferrumequinum,0.026,0.026,-1,Echolocation,/mnt/ubna_data_01_mir/recover-20220825/UBNA_002/20220823_033000.WAV,Telephone Field,recover-20220825,002,1795
458.4365,458.473,68437,81827,Rhinolophus ferrumequinum,0.023,0.023,-1,Echolocation,/mnt/ubna_data_01_mir/recover-20220825/UBNA_002/20220823_033000.WAV,Telephone Field,recover-20220825,002,1795
458.4455,458.464,20312,23528,Nyctalus leisleri,0.013,0.024,-1,Echolocation,/mnt/ubna_data_01_mir/recover-20220825/UBNA_002/20220823_033000.WAV,Telephone Field,recover-20220825,002,1795
458.4525,458.4726,18593,22303,Nyctalus noctula,0.016,0.027,-1,Echolocation,/mnt/ubna_data_01_mir/recover-20220825/UBNA_002/20220823_033000.WAV,Telephone Field,recover-20220825,002,1795
458.4525,458.4585,29765,46933,Myotis daubentonii,0.021,0.042,-1,Echolocation,/mnt/ubna_data_01_mir/recover-20220825/UBNA_002/20220823_033000.WAV,Telephone Field,recover-20220825,002,1795
458.4645,458.4713,49531,54451,Pipistrellus pipistrellus,0.02,0.022,-1,Echolocation,/mnt/ubna_data_01_mir/recover-20220825/UBNA_002/20220823_033000.WAV,Telephone Field,recover-20220825,002,1795
458.4755,458.4854,26328,33611,Eptesicus serotinus,0.011,0.023,-1,Echolocation,/mnt/ubna_data_01_mir/recover-20220825/UBNA_002/20220823_033000.WAV,Telephone Field,recover-20220825,002,1795
458.4765,458.5156,68437,82511,Rhinolophus ferrumequinum,0.023,0.023,-1,Echolocation,/mnt/ubna_data_01_mir/recover-20220825/UBNA_002/20220823_033000.WAV,Telephone Field,recover-20220825,002,1795
458.5005,458.5117,24609,31950,Eptesicus serotinus,0.012,0.03,-1,Echolocation,/mnt/ubna_data_01_mir/recover-20220825/UBNA_002/20220823_033000.WAV,Telephone Field,recover-20220825,002,1795
458.5215,458.5326,41796,45114,Pipistrellus nathusii,0.035,0.05,-1,Echolocation,/mnt/ubna_data_01_mir/recover-20220825/UBNA_002/20220823_033000.WAV,Telephone Field,recover-20220825,002,1795
458.5395,458.5471,27187,36915,Eptesicus serotinus,0.013,0.032,-1,Echolocation,/mnt/ubna_data_01_mir/recover-20220825/UBNA_002/20220823_033000.WAV,Telephone Field,recover-20220825,002,1795
458.5535,458.5613,30625,38651,Barbastellus barbastellus,0.014,0.033,-1,Echolocation,/mnt/ubna_data_01_mir/recover-20220825/UBNA_002/20220823_033000.WAV,Telephone Field,recover-20220825,002,1795
458.5545,458.5624,26328,36015,Eptesicus serotinus,0.015,0.034,-1,Echolocation,/mnt/ubna_data_01_mir/recover-20220825/UBNA_002/20220823_033000.WAV,Telephone Field,recover-20220825,002,1795
458.5615,458.5992,68437,82043,Rhinolophus ferrumequinum,0.023,0.023,-1,Echolocation,/mnt/ubna_data_01_mir/recover-20220825/UBNA_002/20220823_033000.WAV,Telephone Field,recover-20220825,002,1795
458.6465,458.6888,68437,82862,Rhinolophus ferrumequinum,0.036,0.036,-1,Echolocation,/mnt/ubna_data_01_mir/recover-20220825/UBNA_002/20220823_033000.WAV,Telephone Field,recover-20220825,002,1795
458.6685,458.6776,28046,37175,Eptesicus serotinus,0.01,0.024,-1,Echolocation,/mnt/ubna_data_01_mir/recover-20220825/UBNA_002/20220823_033000.WAV,Telephone Field,recover-20220825,002,1795
458.6895,458.7272,68437,81916,Rhinolophus ferrumequinum,0.023,0.023,-1,Echolocation,/mnt/ubna_data_01_mir/recover-20220825/UBNA_002/20220823_033000.WAV,Telephone Field,recover-20220825,002,1795
458.6945,458.7093,33203,36926,Pipistrellus nathusii,0.058,0.097,-1,Echolocation,/mnt/ubna_data_01_mir/recover-20220825/UBNA_002/20220823_033000.WAV,Telephone Field,recover-20220825,002,1795
458.7165,458.7252,42656,50180,Pipistrellus nathusii,0.024,0.038,-1,Echolocation,/mnt/ubna_data_01_mir/recover-20220825/UBNA_002/20220823_033000.WAV,Telephone Field,recover-20220825,002,1795
458.7645,458.7797,54687,59883,Pipistrellus pygmaeus,0.034,0.036,-1,Echolocation,/mnt/ubna_data_01_mir/recover-20220825/UBNA_002/20220823_033000.WAV,Telephone Field,recover-20220825,002,1795
458.7655,458.8075,68437,82520,Rhinolophus ferrumequinum,0.025,0.025,-1,Echolocation,/mnt/ubna_data_01_mir/recover-20220825/UBNA_002/20220823_033000.WAV,Telephone Field,recover-20220825,002,1795
458.7895,458.8279,68437,82401,Rhinolophus ferrumequinum,0.025,0.025,-1,Echolocation,/mnt/ubna_data_01_mir/recover-20220825/UBNA_002/20220823_033000.WAV,Telephone Field,recover-20220825,002,1795
458.8075,458.8499,68437,83358,Rhinolophus ferrumequinum,0.033,0.033,-1,Echolocation,/mnt/ubna_data_01_mir/recover-20220825/UBNA_002/20220823_033000.WAV,Telephone Field,recover-20220825,002,1795
458.8115,458.8202,26328,34299,Eptesicus serotinus,0.013,0.031,-1,Echolocation,/mnt/ubna_data_01_mir/recover-20220825/UBNA_002/20220823_033000.WAV,Telephone Field,recover-20220825,002,1795
458.8325,458.8727,68437,82854,Rhinolophus ferrumequinum,0.024,0.024,-1,Echolocation,/mnt/ubna_data_01_mir/recover-20220825/UBNA_002/20220823_033000.WAV,Telephone Field,recover-20220825,002,1795
458.8735,458.9117,68437,81418,Rhinolophus ferrumequinum,0.024,0.024,-1,Echolocation,/mnt/ubna_data_01_mir/recover-20220825/UBNA_002/20220823_033000.WAV,Telephone Field,recover-20220825,002,1795
458.8755,458.8852,43515,48821,Pipistrellus pipistrellus,0.017,0.026,-1,Echolocation,/mnt/ubna_data_01_mir/recover-20220825/UBNA_002/20220823_033000.WAV,Telephone Field,recover-20220825,002,1795
458.8925,458.9001,39218,45696,Barbastellus barbastellus,0.018,0.034,-1,Echolocation,/mnt/ubna_data_01_mir/recover-20220825/UBNA_002/20220823_033000.WAV,Telephone Field,recover-20220825,002,1795
458.9175,458.9526,68437,80855,Rhinolophus ferrumequinum,0.023,0.023,-1,Echolocation,/mnt/ubna_data_01_mir/recover-20220825/UBNA_002/20220823_033000.WAV,Telephone Field,recover-20220825,002,1795
458.9225,458.9333,26328,32984,Eptesicus serotinus,0.018,0.036,-1,Echolocation,/mnt/ubna_data_01_mir/recover-20220825/UBNA_002/20220823_033000.WAV,Telephone Field,recover-20220825,002,1795
458.9605,458.968,22890,30917,Plecotus austriacus,0.009,0.023,-1,Echolocation,/mnt/ubna_data_01_mir/recover-20220825/UBNA_002/20220823_033000.WAV,Telephone Field,recover-20220825,002,1795
458.9705,458.9796,40078,45896,Pipistrellus nathusii,0.207,0.301,-1,Echolocation,/mnt/ubna_data_01_mir/recover-20220825/UBNA_002/20220823_033000.WAV,Telephone Field,recover-20220825,002,1795
458.9735,458.9807,25468,36565,Eptesicus serotinus,0.007,0.024,-1,Echolocation,/mnt/ubna_data_01_mir/recover-20220825/UBNA_002/20220823_033000.WAV,Telephone Field,recover-20220825,002,1795
458.9895,459.0275,68437,81808,Rhinolophus ferrumequinum,0.024,0.024,-1,Echolocation,/mnt/ubna_data_01_mir/recover-20220825/UBNA_002/20220823_033000.WAV,Telephone Field,recover-20220825,002,1795
458.9985,459.0387,68437,82697,Rhinolophus ferrumequinum,0.027,0.027,-1,Echolocation,/mnt/ubna_data_01_mir/recover-20220825/UBNA_002/20220823_033000.WAV,Telephone Field,recover-20220825,002,1795
459.0245,459.0627,68437,82174,Rhinolophus ferrumequinum,0.022,0.022,-1,Echolocation,/mnt/ubna_data_01_mir/recover-20220825/UBNA_002/20220823_033000.WAV,Telephone Field,recover-20220825,002,1795
459.0295,459.0394,23750,29572,Nyctalus leisleri,0.009,0.022,-1,Echolocation,/mnt/ubna_data_01_mir/recover-20220825/UBNA_002/20220823_033000.WAV,Telephone Field,recover-20220825,002,1795
459.0465,459.0793,68437,80825,Rhinolophus ferrumequinum,0.022,0.022,-1,Echolocation,/mnt/ubna_data_01_mir/recover-20220825/UBNA_002/20220823_033000.WAV,Telephone Field,recover-20220825,002,1795
459.0545,459.0635,40078,46036,Pipistrellus nathusii,0.032,0.062,-1,Echolocation,/mnt/ubna_data_01_mir/recover-20220825/UBNA_002/20220823_033000.WAV,Telephone Field,recover-20220825,002,1795
459.0605,459.0676,27187,39923,Eptesicus serotinus,0.011,0.03,-1,Echolocation,/mnt/ubna_data_01_mir/recover-20220825/UBNA_002/20220823_033000.WAV,Telephone Field,recover-20220825,002,1795
459.0715,459.0806,51250,56275,Pipistrellus pygmaeus,0.018,0.026,-1,Echolocation,/mnt/ubna_data_01_mir/recover-20220825/UBNA_002/20220823_033000.WAV,Telephone Field,recover-20220825,002,1795
459.0845,459.1243,68437,82286,Rhinolophus ferrumequinum,0.023,0.023,-1,Echolocation,/mnt/ubna_data_01_mir/recover-20220825/UBNA_002/20220823_033000.WAV,Telephone Field,recover-20220825,002,1795
459.0945,459.1318,68437,82468,Rhinolophus ferrumequinum,0.024,0.024,-1,Echolocation,/mnt/ubna_data_01_mir/recover-20220825/UBNA_002/20220823_033000.WAV,Telephone Field,recover-20220825,002,1795
459.1085,459.1186,26328,34866,Eptesicus serotinus,0.01,0.023,-1,Echolocation,/mnt/ubna_data_01_mir/recover-20220825/UBNA_002/20220823_033000.WAV,Telephone Field,recover-20220825,002,1795
459.1095,459.1545,68437,83915,Rhinolophus ferrumequinum,0.049,0.049,-1,Echolocation,/mnt/ubna_data_01_mir/recover-20220825/UBNA_002/20220823_033000.WAV,Telephone Field,recover-20220825,002,1795
459.1445,459.1519,39218,47708,Pipistrellus nathusii,0.11,0.332,-1,Echolocation,/mnt/ubna_data_01_mir/recover-20220825/UBNA_002/20220823_033000.WAV,Telephone Field,recover-20220825,002,1795
459.1535,459.1885,68437,81388,Rhinolophus ferrumequinum,0.022,0.022,-1,Echolocation,/mnt/ubna_data_01_mir/recover-20220825/UBNA_002/20220823_033000.WAV,Telephone Field,recover-20220825,002,1795
459.1735,459.1821,27187,37042,Eptesicus serotinus,0.009,0.023,-1,Echolocation,/mnt/ubna_data_01_mir/recover-20220825/UBNA_002/20220823_033000.WAV,Telephone Field,recover-20220825,002,1795
459.1765,459.218,68437,82355,Rhinolophus ferrumequinum,0.027,0.027,-1,Echolocation,/mnt/ubna_data_01_mir/recover-20220825/UBNA_002/20220823_033000.WAV,Telephone Field,recover-20220825,002,1795
459.2415,459.2477,37500,49880,Pipistrellus nathusii,0.257,0.491,-1,Echolocation,/mnt/ubna_data_01_mir/recover-20220825/UBNA_002/20220823_033000.WAV,Telephone Field,recover-20220825,002,1795
459.3085,459.3481,68437,82373,Rhinolophus ferrumequinum,0.024,0.024,-1,Echolocation,/mnt/ubna_data_01_mir/recover-20220825/UBNA_002/20220823_033000.WAV,Telephone Field,recover-20220825,002,1795
459.3355,459.3431,40078,46163,Barbastellus barbastellus,0.022,0.05,-1,Echolocation,/mnt/ubna_data_01_mir/recover-20220825/UBNA_002/20220823_033000.WAV,Telephone Field,recover-20220825,002,1795
459.3365,459.3441,25468,39440,Eptesicus serotinus,0.007,0.022,-1,Echolocation,/mnt/ubna_data_01_mir/recover-20220825/UBNA_002/20220823_033000.WAV,Telephone Field,recover-20220825,002,1795
459.3775,459.3863,27187,36635,Eptesicus serotinus,0.009,0.023,-1,Echolocation,/mnt/ubna_data_01_mir/recover-20220825/UBNA_002/20220823_033000.WAV,Telephone Field,recover-20220825,002,1795
459.3955,459.4061,23750,29805,Nyctalus leisleri,0.009,0.023,-1,Echolocation,/mnt/ubna_data_01_mir/recover-20220825/UBNA_002/20220823_033000.WAV,Telephone Field,recover-20220825,002,1795
459.4265,459.4322,36640,46424,Barbastellus barbastellus,0.121,0.404,-1,Echolocation,/mnt/ubna_data_01_mir/recover-20220825/UBNA_002/20220823_033000.WAV,Telephone Field,recover-20220825,002,1795
459.4295,459.4684,68437,81990,Rhinolophus ferrumequinum,0.032,0.032,-1,Echolocation,/mnt/ubna_data_01_mir/recover-20220825/UBNA_002/20220823_033000.WAV,Telephone Field,recover-20220825,002,1795
459.4595,459.5024,68437,83016,Rhinolophus ferrumequinum,0.047,0.047,-1,Echolocation,/mnt/ubna_data_01_mir/recover-20220825/UBNA_002/20220823_033000.WAV,Telephone Field,recover-20220825,002,1795
459.4595,459.4691,28046,37666,Eptesicus serotinus,0.013,0.027,-1,Echolocation,/mnt/ubna_data_01_mir/recover-20220825/UBNA_002/20220823_033000.WAV,Telephone Field,recover-20220825,002,1795
459.4965,459.5354,68437,81773,Rhinolophus ferrumequinum,0.023,0.023,-1,Echolocation,/mnt/ubna_data_01_mir/recover-20220825/UBNA_002/20220823_033000.WAV,Telephone Field,recover-20220825,002,1795
459.5115,459.5511,68437,82582,Rhinolophus ferrumequinum,0.027,0.027,-1,Echolocation,/mnt/ubna_data_01_mir/recover-20220825/UBNA_002/20220823_033000.WAV,Telephone Field,recover-20220825,002,1795
459.5325,459.5438,40937,45037,Pipistrellus nathusii,0.014,0.024,-1,Echolocation,/mnt/ubna_data_01_mir/recover-20220825/UBNA_002/20220823_033000.WAV,Telephone Field,recover-20220825,002,1795
459.5355,459.573,68437,81661,Rhinolophus ferrumequinum,0.03,0.031,-1,Echolocation,/mnt/ubna_data_01_mir/recover-20220825/UBNA_002/20220823_033000.WAV,Telephone Field,recover-20220825,002,1795
459.5595,459.5977,68437,82247,Rhinolophus ferrumequinum,0.027,0.027,-1,Echolocation,/mnt/ubna_data_01_mir/recover-20220825/UBNA_002/20220823_033000.WAV,Telephone Field,recover-20220825,002,1795
459.6225,459.6314,27187,36166,Eptesicus serotinus,0.017,0.036,-1,Echolocation,/mnt/ubna_data_01_mir/recover-20220825/UBNA_002/20220823_033000.WAV,Telephone Field,recover-20220825,002,1795
459.6885,459.6982,27187,35630,Eptesicus serotinus,0.011,0.025,-1,Echolocation,/mnt/ubna_data_01_mir/recover-20220825/UBNA_002/20220823_033000.WAV,Telephone Field,recover-20220825,002,1795
459.6955,459.7352,68437,82060,Rhinolophus ferrumequinum,0.022,0.022,-1,Echolocation,/mnt/ubna_data_01_mir/recover-20220825/UBNA_002/20220823_033000.WAV,Telephone Field,recover-20220825,002,1795
459.6955,459.7039,39218,45303,Pipistrellus nathusii,0.02,0.038,-1,Echolocation,/mnt/ubna_data_01_mir/recover-20220825/UBNA_002/20220823_033000.WAV,Telephone Field,recover-20220825,002,1795
459.7315,459.771,68437,82887,Rhinolophus ferrumequinum,0.029,0.029,-1,Echolocation,/mnt/ubna_data_01_mir/recover-20220825/UBNA_002/20220823_033000.WAV,Telephone Field,recover-20220825,002,1795
459.7705,459.7888,21171,24985,Nyctalus leisleri,0.019,0.035,-1,Echolocation,/mnt/ubna_data_01_mir/recover-20220825/UBNA_002/20220823_033000.WAV,Telephone Field,recover-20220825,002,1795
459.7895,459.7973,28046,39008,Eptesicus serotinus,0.008,0.027,-1,Echolocation,/mnt/ubna_data_01_mir/recover-20220825/UBNA_002/20220823_033000.WAV,Telephone Field,recover-20220825,002,1795
459.7935,459.8297,68437,81925,Rhinolophus ferrumequinum,0.024,0.024,-1,Echolocation,/mnt/ubna_data_01_mir/recover-20220825/UBNA_002/20220823_033000.WAV,Telephone Field,recover-20220825,002,1795
459.7985,459.8365,68437,82244,Rhinolophus ferrumequinum,0.024,0.024,-1,Echolocation,/mnt/ubna_data_01_mir/recover-20220825/UBNA_002/20220823_033000.WAV,Telephone Field,recover-20220825,002,1795
459.8065,459.8169,24609,31246,Nyctalus leisleri,0.009,0.027,-1,Echolocation,/mnt/ubna_data_01_mir/recover-20220825/UBNA_002/20220823_033000.WAV,Telephone Field,recover-20220825,002,1795
459.8455,459.8851,68437,82631,Rhinolophus ferrumequinum,0.024,0.024,-1,Echolocation,/mnt/ubna_data_01_mir/recover-20220825/UBNA_002/20220823_033000.WAV,Telephone Field,recover-20220825,002,1795
459.8465,459.854,44375,54186,Pipistrellus pipistrellus,0.011,0.024,-1,Echolocation,/mnt/ubna_data_01_mir/recover-20220825/UBNA_002/20220823_033000.WAV,Telephone Field,recover-20220825,002,1795
459.8925,459.9019,28046,38102,Eptesicus serotinus,0.012,0.026,-1,Echolocation,/mnt/ubna_data_01_mir/recover-20220825/UBNA_002/20220823_033000.WAV,Telephone Field,recover-20220825,002,1795
459.8945,459.9338,68437,81864,Rhinolophus ferrumequinum,0.023,0.023,-1,Echolocation,/mnt/ubna_data_01_mir/recover-20220825/UBNA_002/20220823_033000.WAV,Telephone Field,recover-20220825,002,1795
459.9215,459.9588,68437,82041,Rhinolophus ferrumequinum,0.022,0.022,-1,Echolocation,/mnt/ubna_data_01_mir/recover-20220825/UBNA_002/20220823_033000.WAV,Telephone Field,recover-20220825,002,1795
459.9225,459.9306,23750,32860,Plecotus austriacus,0.009,0.025,-1,Echolocation,/mnt/ubna_data_01_mir/recover-20220825/UBNA_002/20220823_033000.WAV,Telephone Field,recover-20220825,002,1795
459.9345,459.94780000000003,24609,31244,Eptesicus serotinus,0.011,0.028,-1,Echolocation,/mnt/ubna_data_01_mir/recover-20220825/UBNA_002/20220823_033000.WAV,Telephone Field,recover-20220825,002,1795
459.9585,459.9662,27187,38984,Eptesicus serotinus,0.008,0.023,-1,Echolocation,/mnt/ubna_data_01_mir/recover-20220825/UBNA_002/20220823_033000.WAV,Telephone Field,recover-20220825,002,1795
460.0015,460.0074,38359,57683,Myotis brandtii,0.008,0.021,-1,Echolocation,/mnt/ubna_data_01_mir/recover-20220825/UBNA_002/20220823_033000.WAV,Telephone Field,recover-20220825,002,1795
460.0015,460.0348,68437,80065,Rhinolophus ferrumequinum,0.03,0.03,-1,Echolocation,/mnt/ubna_data_01_mir/recover-20220825/UBNA_002/20220823_033000.WAV,Telephone Field,recover-20220825,002,1795
460.0015,460.0098,26328,34885,Nyctalus leisleri,0.01,0.031,-1,Echolocation,/mnt/ubna_data_01_mir/recover-20220825/UBNA_002/20220823_033000.WAV,Telephone Field,recover-20220825,002,1795
460.0095,460.0515,68437,82890,Rhinolophus ferrumequinum,0.024,0.024,-1,Echolocation,/mnt/ubna_data_01_mir/recover-20220825/UBNA_002/20220823_033000.WAV,Telephone Field,recover-20220825,002,1795
460.0195,460.0279,27187,37237,Eptesicus serotinus,0.01,0.028,-1,Echolocation,/mnt/ubna_data_01_mir/recover-20220825/UBNA_002/20220823_033000.WAV,Telephone Field,recover-20220825,002,1795
460.0415,460.0783,68437,81030,Rhinolophus ferrumequinum,0.031,0.031,-1,Echolocation,/mnt/ubna_data_01_mir/recover-20220825/UBNA_002/20220823_033000.WAV,Telephone Field,recover-20220825,002,1795
460.0515,460.0601,26328,33966,Eptesicus serotinus,0.007,0.023,-1,Echolocation,/mnt/ubna_data_01_mir/recover-20220825/UBNA_002/20220823_033000.WAV,Telephone Field,recover-20220825,002,1795
460.0675,460.0745,28046,38781,Eptesicus serotinus,0.006,0.024,-1,Echolocation,/mnt/ubna_data_01_mir/recover-20220825/UBNA_002/20220823_033000.WAV,Telephone Field,recover-20220825,002,1795
460.1145,460.1241,23750,30813,Nyctalus leisleri,0.008,0.022,-1,Echolocation,/mnt/ubna_data_01_mir/recover-20220825/UBNA_002/20220823_033000.WAV,Telephone Field,recover-20220825,002,1795
460.1285,460.167,68437,81912,Rhinolophus ferrumequinum,0.023,0.023,-1,Echolocation,/mnt/ubna_data_01_mir/recover-20220825/UBNA_002/20220823_033000.WAV,Telephone Field,recover-20220825,002,1795
460.1415,460.1513,28906,36319,Eptesicus serotinus,0.008,0.021,-1,Echolocation,/mnt/ubna_data_01_mir/recover-20220825/UBNA_002/20220823_033000.WAV,Telephone Field,recover-20220825,002,1795
460.1505,460.1881,68437,82325,Rhinolophus ferrumequinum,0.021,0.021,-1,Echolocation,/mnt/ubna_data_01_mir/recover-20220825/UBNA_002/20220823_033000.WAV,Telephone Field,recover-20220825,002,1795
460.1745,460.184,28906,37030,Eptesicus serotinus,0.014,0.028,-1,Echolocation,/mnt/ubna_data_01_mir/recover-20220825/UBNA_002/20220823_033000.WAV,Telephone Field,recover-20220825,002,1795
460.1965,460.2082,22890,27739,Nyctalus leisleri,0.013,0.027,-1,Echolocation,/mnt/ubna_data_01_mir/recover-20220825/UBNA_002/20220823_033000.WAV,Telephone Field,recover-20220825,002,1795
460.2165,460.2569,68437,82139,Rhinolophus ferrumequinum,0.021,0.021,-1,Echolocation,/mnt/ubna_data_01_mir/recover-20220825/UBNA_002/20220823_033000.WAV,Telephone Field,recover-20220825,002,1795
460.2375,460.2467,25468,33012,Eptesicus serotinus,0.009,0.024,-1,Echolocation,/mnt/ubna_data_01_mir/recover-20220825/UBNA_002/20220823_033000.WAV,Telephone Field,recover-20220825,002,1795
460.2575,460.2986,68437,82799,Rhinolophus ferrumequinum,0.03,0.03,-1,Echolocation,/mnt/ubna_data_01_mir/recover-20220825/UBNA_002/20220823_033000.WAV,Telephone Field,recover-20220825,002,1795
460.2795,460.2884,28906,37704,Eptesicus serotinus,0.008,0.023,-1,Echolocation,/mnt/ubna_data_01_mir/recover-20220825/UBNA_002/20220823_033000.WAV,Telephone Field,recover-20220825,002,1795
460.2805,460.3209,68437,82495,Rhinolophus ferrumequinum,0.021,0.021,-1,Echolocation,/mnt/ubna_data_01_mir/recover-20220825/UBNA_002/20220823_033000.WAV,Telephone Field,recover-20220825,002,1795
460.3025,460.3419,68437,82367,Rhinolophus ferrumequinum,0.021,0.022,-1,Echolocation,/mnt/ubna_data_01_mir/recover-20220825/UBNA_002/20220823_033000.WAV,Telephone Field,recover-20220825,002,1795
460.3065,460.3152,28046,37901,Eptesicus serotinus,0.007,0.021,-1,Echolocation,/mnt/ubna_data_01_mir/recover-20220825/UBNA_002/20220823_033000.WAV,Telephone Field,recover-20220825,002,1795
460.3265,460.3651,68437,82529,Rhinolophus ferrumequinum,0.023,0.023,-1,Echolocation,/mnt/ubna_data_01_mir/recover-20220825/UBNA_002/20220823_033000.WAV,Telephone Field,recover-20220825,002,1795
460.3715,460.3815,22890,28468,Nyctalus leisleri,0.011,0.027,-1,Echolocation,/mnt/ubna_data_01_mir/recover-20220825/UBNA_002/20220823_033000.WAV,Telephone Field,recover-20220825,002,1795
460.4245,460.4343,22890,28987,Nyctalus leisleri,0.008,0.021,-1,Echolocation,/mnt/ubna_data_01_mir/recover-20220825/UBNA_002/20220823_033000.WAV,Telephone Field,recover-20220825,002,1795
460.4245,460.4336,28906,36821,Eptesicus serotinus,0.009,0.021,-1,Echolocation,/mnt/ubna_data_01_mir/recover-20220825/UBNA_002/20220823_033000.WAV,Telephone Field,recover-20220825,002,1795
460.4415,460.4826,68437,83086,Rhinolophus ferrumequinum,0.026,0.026,-1,Echolocation,/mnt/ubna_data_01_mir/recover-20220825/UBNA_002/20220823_033000.WAV,Telephone Field,recover-20220825,002,1795
460.4475,460.4894,68437,83180,Rhinolophus ferrumequinum,0.025,0.025,-1,Echolocation,/mnt/ubna_data_01_mir/recover-20220825/UBNA_002/20220823_033000.WAV,Telephone Field,recover-20220825,002,1795
460.4575,460.4646,23750,32931,Plecotus austriacus,0.009,0.022,-1,Echolocation,/mnt/ubna_data_01_mir/recover-20220825/UBNA_002/20220823_033000.WAV,Telephone Field,recover-20220825,002,1795
460.4845,460.5233,68437,82404,Rhinolophus ferrumequinum,0.021,0.021,-1,Echolocation,/mnt/ubna_data_01_mir/recover-20220825/UBNA_002/20220823_033000.WAV,Telephone Field,recover-20220825,002,1795
460.4865,460.496,28906,40740,Eptesicus serotinus,0.008,0.021,-1,Echolocation,/mnt/ubna_data_01_mir/recover-20220825/UBNA_002/20220823_033000.WAV,Telephone Field,recover-20220825,002,1795
460.5095,460.5439,68437,81238,Rhinolophus ferrumequinum,0.022,0.022,-1,Echolocation,/mnt/ubna_data_01_mir/recover-20220825/UBNA_002/20220823_033000.WAV,Telephone Field,recover-20220825,002,1795
460.54449999999997,460.5826,68437,81979,Rhinolophus ferrumequinum,0.023,0.023,-1,Echolocation,/mnt/ubna_data_01_mir/recover-20220825/UBNA_002/20220823_033000.WAV,Telephone Field,recover-20220825,002,1795
460.5585,460.5988,68437,82153,Rhinolophus ferrumequinum,0.021,0.021,-1,Echolocation,/mnt/ubna_data_01_mir/recover-20220825/UBNA_002/20220823_033000.WAV,Telephone Field,recover-20220825,002,1795
460.5865,460.6247,68437,82320,Rhinolophus ferrumequinum,0.022,0.022,-1,Echolocation,/mnt/ubna_data_01_mir/recover-20220825/UBNA_002/20220823_033000.WAV,Telephone Field,recover-20220825,002,1795
460.6285,460.6675,68437,82335,Rhinolophus ferrumequinum,0.023,0.023,-1,Echolocation,/mnt/ubna_data_01_mir/recover-20220825/UBNA_002/20220823_033000.WAV,Telephone Field,recover-20220825,002,1795
460.6365,460.6757,68437,82211,Rhinolophus ferrumequinum,0.026,0.026,-1,Echolocation,/mnt/ubna_data_01_mir/recover-20220825/UBNA_002/20220823_033000.WAV,Telephone Field,recover-20220825,002,1795
460.6415,460.65,23750,31951,Plecotus austriacus,0.008,0.028,-1,Echolocation,/mnt/ubna_data_01_mir/recover-20220825/UBNA_002/20220823_033000.WAV,Telephone Field,recover-20220825,002,1795
460.6665,460.6753,28906,42096,Eptesicus serotinus,0.009,0.024,-1,Echolocation,/mnt/ubna_data_01_mir/recover-20220825/UBNA_002/20220823_033000.WAV,Telephone Field,recover-20220825,002,1795
460.6825,460.7219,68437,82614,Rhinolophus ferrumequinum,0.03,0.03,-1,Echolocation,/mnt/ubna_data_01_mir/recover-20220825/UBNA_002/20220823_033000.WAV,Telephone Field,recover-20220825,002,1795
460.6835,460.695,56406,62832,Pipistrellus pygmaeus,0.022,0.023,-1,Echolocation,/mnt/ubna_data_01_mir/recover-20220825/UBNA_002/20220823_033000.WAV,Telephone Field,recover-20220825,002,1795
460.7115,460.7522,68437,82598,Rhinolophus ferrumequinum,0.023,0.023,-1,Echolocation,/mnt/ubna_data_01_mir/recover-20220825/UBNA_002/20220823_033000.WAV,Telephone Field,recover-20220825,002,1795
460.7125,460.7208,27187,41096,Eptesicus serotinus,0.008,0.021,-1,Echolocation,/mnt/ubna_data_01_mir/recover-20220825/UBNA_002/20220823_033000.WAV,Telephone Field,recover-20220825,002,1795
460.7365,460.7549,22890,26037,Nyctalus leisleri,0.068,0.109,-1,Echolocation,/mnt/ubna_data_01_mir/recover-20220825/UBNA_002/20220823_033000.WAV,Telephone Field,recover-20220825,002,1795
460.7505,460.7929,68437,82856,Rhinolophus ferrumequinum,0.025,0.025,-1,Echolocation,/mnt/ubna_data_01_mir/recover-20220825/UBNA_002/20220823_033000.WAV,Telephone Field,recover-20220825,002,1795
460.7525,460.7635,28046,34667,Eptesicus serotinus,0.013,0.027,-1,Echolocation,/mnt/ubna_data_01_mir/recover-20220825/UBNA_002/20220823_033000.WAV,Telephone Field,recover-20220825,002,1795
460.7675,460.8048,68437,81704,Rhinolophus ferrumequinum,0.023,0.023,-1,Echolocation,/mnt/ubna_data_01_mir/recover-20220825/UBNA_002/20220823_033000.WAV,Telephone Field,recover-20220825,002,1795
460.7905,460.8311,68437,82352,Rhinolophus ferrumequinum,0.022,0.022,-1,Echolocation,/mnt/ubna_data_01_mir/recover-20220825/UBNA_002/20220823_033000.WAV,Telephone Field,recover-20220825,002,1795
460.79449999999997,460.8031,26328,36491,Eptesicus serotinus,0.009,0.021,-1,Echolocation,/mnt/ubna_data_01_mir/recover-20220825/UBNA_002/20220823_033000.WAV,Telephone Field,recover-20220825,002,1795
460.8185,460.8568,68437,81885,Rhinolophus ferrumequinum,0.025,0.025,-1,Echolocation,/mnt/ubna_data_01_mir/recover-20220825/UBNA_002/20220823_033000.WAV,Telephone Field,recover-20220825,002,1795
460.8215,460.8281,44375,52390,Pipistrellus pipistrellus,0.017,0.021,-1,Echolocation,/mnt/ubna_data_01_mir/recover-20220825/UBNA_002/20220823_033000.WAV,Telephone Field,recover-20220825,002,1795
460.8295,460.8668,68437,82089,Rhinolophus ferrumequinum,0.022,0.022,-1,Echolocation,/mnt/ubna_data_01_mir/recover-20220825/UBNA_002/20220823_033000.WAV,Telephone Field,recover-20220825,002,1795
460.8555,460.872,25468,30284,Nyctalus leisleri,0.021,0.049,-1,Echolocation,/mnt/ubna_data_01_mir/recover-20220825/UBNA_002/20220823_033000.WAV,Telephone Field,recover-20220825,002,1795
460.8565,460.896,68437,82169,Rhinolophus ferrumequinum,0.024,0.024,-1,Echolocation,/mnt/ubna_data_01_mir/recover-20220825/UBNA_002/20220823_033000.WAV,Telephone Field,recover-20220825,002,1795
460.8975,460.906,23750,32568,Plecotus austriacus,0.013,0.037,-1,Echolocation,/mnt/ubna_data_01_mir/recover-20220825/UBNA_002/20220823_033000.WAV,Telephone Field,recover-20220825,002,1795
460.9075,460.9466,68437,82057,Rhinolophus ferrumequinum,0.021,0.021,-1,Echolocation,/mnt/ubna_data_01_mir/recover-20220825/UBNA_002/20220823_033000.WAV,Telephone Field,recover-20220825,002,1795
460.9755,460.9819,28906,40744,Eptesicus serotinus,0.006,0.025,-1,Echolocation,/mnt/ubna_data_01_mir/recover-20220825/UBNA_002/20220823_033000.WAV,Telephone Field,recover-20220825,002,1795
460.9815,461.0198,68437,81486,Rhinolophus ferrumequinum,0.022,0.022,-1,Echolocation,/mnt/ubna_data_01_mir/recover-20220825/UBNA_002/20220823_033000.WAV,Telephone Field,recover-20220825,002,1795
460.9915,461.0298,68437,82418,Rhinolophus ferrumequinum,0.024,0.024,-1,Echolocation,/mnt/ubna_data_01_mir/recover-20220825/UBNA_002/20220823_033000.WAV,Telephone Field,recover-20220825,002,1795
460.9935,461.0018,26328,35049,Eptesicus serotinus,0.008,0.022,-1,Echolocation,/mnt/ubna_data_01_mir/recover-20220825/UBNA_002/20220823_033000.WAV,Telephone Field,recover-20220825,002,1795
460.9995,461.0414,68437,82756,Rhinolophus ferrumequinum,0.023,0.023,-1,Echolocation,/mnt/ubna_data_01_mir/recover-20220825/UBNA_002/20220823_033000.WAV,Telephone Field,recover-20220825,002,1795
461.0015,461.01,45234,51878,Pipistrellus pipistrellus,0.02,0.021,-1,Echolocation,/mnt/ubna_data_01_mir/recover-20220825/UBNA_002/20220823_033000.WAV,Telephone Field,recover-20220825,002,1795
461.0245,461.0605,68437,81187,Rhinolophus ferrumequinum,0.022,0.022,-1,Echolocation,/mnt/ubna_data_01_mir/recover-20220825/UBNA_002/20220823_033000.WAV,Telephone Field,recover-20220825,002,1795
461.04449999999997,461.0844,68437,82529,Rhinolophus ferrumequinum,0.025,0.025,-1,Echolocation,/mnt/ubna_data_01_mir/recover-20220825/UBNA_002/20220823_033000.WAV,Telephone Field,recover-20220825,002,1795
461.0495,461.0588,28046,38308,Eptesicus serotinus,0.009,0.022,-1,Echolocation,/mnt/ubna_data_01_mir/recover-20220825/UBNA_002/20220823_033000.WAV,Telephone Field,recover-20220825,002,1795
461.0745,461.0838,23750,31085,Plecotus austriacus,0.008,0.023,-1,Echolocation,/mnt/ubna_data_01_mir/recover-20220825/UBNA_002/20220823_033000.WAV,Telephone Field,recover-20220825,002,1795
461.1185,461.1271,26328,35601,Eptesicus serotinus,0.011,0.029,-1,Echolocation,/mnt/ubna_data_01_mir/recover-20220825/UBNA_002/20220823_033000.WAV,Telephone Field,recover-20220825,002,1795
461.1215,461.162,68437,82745,Rhinolophus ferrumequinum,0.024,0.024,-1,Echolocation,/mnt/ubna_data_01_mir/recover-20220825/UBNA_002/20220823_033000.WAV,Telephone Field,recover-20220825,002,1795
461.1265,461.1356,27187,37196,Eptesicus serotinus,0.009,0.023,-1,Echolocation,/mnt/ubna_data_01_mir/recover-20220825/UBNA_002/20220823_033000.WAV,Telephone Field,recover-20220825,002,1795
461.1395,461.1794,68437,82261,Rhinolophus ferrumequinum,0.023,0.023,-1,Echolocation,/mnt/ubna_data_01_mir/recover-20220825/UBNA_002/20220823_033000.WAV,Telephone Field,recover-20220825,002,1795
461.1455,461.186,68437,82604,Rhinolophus ferrumequinum,0.024,0.024,-1,Echolocation,/mnt/ubna_data_01_mir/recover-20220825/UBNA_002/20220823_033000.WAV,Telephone Field,recover-20220825,002,1795
461.1565,461.1923,68437,81717,Rhinolophus ferrumequinum,0.021,0.021,-1,Echolocation,/mnt/ubna_data_01_mir/recover-20220825/UBNA_002/20220823_033000.WAV,Telephone Field,recover-20220825,002,1795
461.1715,461.1865,22890,28216,Nyctalus leisleri,0.022,0.049,-1,Echolocation,/mnt/ubna_data_01_mir/recover-20220825/UBNA_002/20220823_033000.WAV,Telephone Field,recover-20220825,002,1795
461.2365,461.2756,68437,82370,Rhinolophus ferrumequinum,0.022,0.022,-1,Echolocation,/mnt/ubna_data_01_mir/recover-20220825/UBNA_002/20220823_033000.WAV,Telephone Field,recover-20220825,002,1795
461.2415,461.2492,29765,41999,Eptesicus serotinus,0.007,0.023,-1,Echolocation,/mnt/ubna_data_01_mir/recover-20220825/UBNA_002/20220823_033000.WAV,Telephone Field,recover-20220825,002,1795
461.2855,461.3249,68437,82162,Rhinolophus ferrumequinum,0.022,0.022,-1,Echolocation,/mnt/ubna_data_01_mir/recover-20220825/UBNA_002/20220823_033000.WAV,Telephone Field,recover-20220825,002,1795
461.2855,461.2955,22890,27867,Nyctalus leisleri,0.01,0.022,-1,Echolocation,/mnt/ubna_data_01_mir/recover-20220825/UBNA_002/20220823_033000.WAV,Telephone Field,recover-20220825,002,1795
461.3185,461.3596,68437,82820,Rhinolophus ferrumequinum,0.028,0.028,-1,Echolocation,/mnt/ubna_data_01_mir/recover-20220825/UBNA_002/20220823_033000.WAV,Telephone Field,recover-20220825,002,1795
461.3195,461.3266,54687,60824,Pipistrellus pygmaeus,0.019,0.021,-1,Echolocation,/mnt/ubna_data_01_mir/recover-20220825/UBNA_002/20220823_033000.WAV,Telephone Field,recover-20220825,002,1795
461.3195,461.3258,50390,57767,Pipistrellus pipistrellus,0.019,0.021,-1,Echolocation,/mnt/ubna_data_01_mir/recover-20220825/UBNA_002/20220823_033000.WAV,Telephone Field,recover-20220825,002,1795
461.3415,461.3521,28046,34805,Eptesicus serotinus,0.05,0.081,-1,Echolocation,/mnt/ubna_data_01_mir/recover-20220825/UBNA_002/20220823_033000.WAV,Telephone Field,recover-20220825,002,1795
461.3755,461.383,28046,40421,Eptesicus serotinus,0.006,0.021,-1,Echolocation,/mnt/ubna_data_01_mir/recover-20220825/UBNA_002/20220823_033000.WAV,Telephone Field,recover-20220825,002,1795
461.3805,461.4214,68437,82886,Rhinolophus ferrumequinum,0.026,0.026,-1,Echolocation,/mnt/ubna_data_01_mir/recover-20220825/UBNA_002/20220823_033000.WAV,Telephone Field,recover-20220825,002,1795
461.4355,461.476,68437,82392,Rhinolophus ferrumequinum,0.023,0.023,-1,Echolocation,/mnt/ubna_data_01_mir/recover-20220825/UBNA_002/20220823_033000.WAV,Telephone Field,recover-20220825,002,1795
461.4365,461.4429,23750,34312,Plecotus austriacus,0.019,0.037,-1,Echolocation,/mnt/ubna_data_01_mir/recover-20220825/UBNA_002/20220823_033000.WAV,Telephone Field,recover-20220825,002,1795
461.4585,461.4988,68437,82118,Rhinolophus ferrumequinum,0.026,0.026,-1,Echolocation,/mnt/ubna_data_01_mir/recover-20220825/UBNA_002/20220823_033000.WAV,Telephone Field,recover-20220825,002,1795
461.4735,461.5116,68437,81932,Rhinolophus ferrumequinum,0.021,0.021,-1,Echolocation,/mnt/ubna_data_01_mir/recover-20220825/UBNA_002/20220823_033000.WAV,Telephone Field,recover-20220825,002,1795
461.5155,461.5236,28906,42995,Eptesicus serotinus,0.007,0.021,-1,Echolocation,/mnt/ubna_data_01_mir/recover-20220825/UBNA_002/20220823_033000.WAV,Telephone Field,recover-20220825,002,1795
461.5585,461.5952,68437,81208,Rhinolophus ferrumequinum,0.021,0.021,-1,Echolocation,/mnt/ubna_data_01_mir/recover-20220825/UBNA_002/20220823_033000.WAV,Telephone Field,recover-20220825,002,1795
461.5675,461.6035,68437,82155,Rhinolophus ferrumequinum,0.025,0.025,-1,Echolocation,/mnt/ubna_data_01_mir/recover-20220825/UBNA_002/20220823_033000.WAV,Telephone Field,recover-20220825,002,1795
461.5875,461.5982,23750,28896,Nyctalus leisleri,0.01,0.022,-1,Echolocation,/mnt/ubna_data_01_mir/recover-20220825/UBNA_002/20220823_033000.WAV,Telephone Field,recover-20220825,002,1795
461.5925,461.6045,22890,27620,Nyctalus leisleri,0.011,0.022,-1,Echolocation,/mnt/ubna_data_01_mir/recover-20220825/UBNA_002/20220823_033000.WAV,Telephone Field,recover-20220825,002,1795
461.6015,461.612,24609,31412,Nyctalus leisleri,0.01,0.028,-1,Echolocation,/mnt/ubna_data_01_mir/recover-20220825/UBNA_002/20220823_033000.WAV,Telephone Field,recover-20220825,002,1795
461.6185,461.6597,68437,83344,Rhinolophus ferrumequinum,0.034,0.034,-1,Echolocation,/mnt/ubna_data_01_mir/recover-20220825/UBNA_002/20220823_033000.WAV,Telephone Field,recover-20220825,002,1795
461.6235,461.6311,28906,42614,Eptesicus serotinus,0.008,0.024,-1,Echolocation,/mnt/ubna_data_01_mir/recover-20220825/UBNA_002/20220823_033000.WAV,Telephone Field,recover-20220825,002,1795
461.6445,461.6816,68437,82598,Rhinolophus ferrumequinum,0.021,0.021,-1,Echolocation,/mnt/ubna_data_01_mir/recover-20220825/UBNA_002/20220823_033000.WAV,Telephone Field,recover-20220825,002,1795
461.6565,461.6687,22031,27145,Nyctalus leisleri,0.012,0.026,-1,Echolocation,/mnt/ubna_data_01_mir/recover-20220825/UBNA_002/20220823_033000.WAV,Telephone Field,recover-20220825,002,1795
461.70550000000003,461.7439,68437,81629,Rhinolophus ferrumequinum,0.022,0.023,-1,Echolocation,/mnt/ubna_data_01_mir/recover-20220825/UBNA_002/20220823_033000.WAV,Telephone Field,recover-20220825,002,1795
461.7375,461.7463,28906,37924,Eptesicus serotinus,0.008,0.022,-1,Echolocation,/mnt/ubna_data_01_mir/recover-20220825/UBNA_002/20220823_033000.WAV,Telephone Field,recover-20220825,002,1795
461.7415,461.7517,22031,27461,Nyctalus leisleri,0.011,0.024,-1,Echolocation,/mnt/ubna_data_01_mir/recover-20220825/UBNA_002/20220823_033000.WAV,Telephone Field,recover-20220825,002,1795
461.7695,461.7775,23750,32176,Plecotus austriacus,0.008,0.021,-1,Echolocation,/mnt/ubna_data_01_mir/recover-20220825/UBNA_002/20220823_033000.WAV,Telephone Field,recover-20220825,002,1795
461.7715,461.7874,17734,22949,Nyctalus noctula,0.015,0.022,-1,Echolocation,/mnt/ubna_data_01_mir/recover-20220825/UBNA_002/20220823_033000.WAV,Telephone Field,recover-20220825,002,1795
461.7805,461.8199,68437,82245,Rhinolophus ferrumequinum,0.027,0.027,-1,Echolocation,/mnt/ubna_data_01_mir/recover-20220825/UBNA_002/20220823_033000.WAV,Telephone Field,recover-20220825,002,1795
461.7895,461.831,68437,83371,Rhinolophus ferrumequinum,0.027,0.027,-1,Echolocation,/mnt/ubna_data_01_mir/recover-20220825/UBNA_002/20220823_033000.WAV,Telephone Field,recover-20220825,002,1795
461.7925,461.804,23750,29885,Nyctalus leisleri,0.01,0.022,-1,Echolocation,/mnt/ubna_data_01_mir/recover-20220825/UBNA_002/20220823_033000.WAV,Telephone Field,recover-20220825,002,1795
461.8025,461.8209,22031,25572,Nyctalus leisleri,0.016,0.027,-1,Echolocation,/mnt/ubna_data_01_mir/recover-20220825/UBNA_002/20220823_033000.WAV,Telephone Field,recover-20220825,002,1795
461.8495,461.8899,68437,82014,Rhinolophus ferrumequinum,0.023,0.023,-1,Echolocation,/mnt/ubna_data_01_mir/recover-20220825/UBNA_002/20220823_033000.WAV,Telephone Field,recover-20220825,002,1795
461.8835,461.9212,68437,81703,Rhinolophus ferrumequinum,0.022,0.022,-1,Echolocation,/mnt/ubna_data_01_mir/recover-20220825/UBNA_002/20220823_033000.WAV,Telephone Field,recover-20220825,002,1795
461.8895,461.8992,24609,31340,Eptesicus serotinus,0.01,0.03,-1,Echolocation,/mnt/ubna_data_01_mir/recover-20220825/UBNA_002/20220823_033000.WAV,Telephone Field,recover-20220825,002,1795
461.9095,461.9505,68437,82821,Rhinolophus ferrumequinum,0.03,0.03,-1,Echolocation,/mnt/ubna_data_01_mir/recover-20220825/UBNA_002/20220823_033000.WAV,Telephone Field,recover-20220825,002,1795
461.9255,461.9642,68437,81556,Rhinolophus ferrumequinum,0.023,0.023,-1,Echolocation,/mnt/ubna_data_01_mir/recover-20220825/UBNA_002/20220823_033000.WAV,Telephone Field,recover-20220825,002,1795
461.9415,461.9802,68437,82246,Rhinolophus ferrumequinum,0.023,0.023,-1,Echolocation,/mnt/ubna_data_01_mir/recover-20220825/UBNA_002/20220823_033000.WAV,Telephone Field,recover-20220825,002,1795
461.9515,461.9874,68437,82323,Rhinolophus ferrumequinum,0.025,0.025,-1,Echolocation,/mnt/ubna_data_01_mir/recover-20220825/UBNA_002/20220823_033000.WAV,Telephone Field,recover-20220825,002,1795
462.0015,462.0328,68437,79385,Rhinolophus ferrumequinum,0.066,0.067,-1,Echolocation,/mnt/ubna_data_01_mir/recover-20220825/UBNA_002/20220823_033000.WAV,Telephone Field,recover-20220825,002,1795
462.0015,462.0097,47812,54793,Pipistrellus pipistrellus,0.017,0.023,-1,Echolocation,/mnt/ubna_data_01_mir/recover-20220825/UBNA_002/20220823_033000.WAV,Telephone Field,recover-20220825,002,1795
462.0015,462.0151,16875,21640,Nyctalus noctula,0.013,0.03,-1,Echolocation,/mnt/ubna_data_01_mir/recover-20220825/UBNA_002/20220823_033000.WAV,Telephone Field,recover-20220825,002,1795
462.0015,462.0107,23750,29978,Nyctalus leisleri,0.015,0.033,-1,Echolocation,/mnt/ubna_data_01_mir/recover-20220825/UBNA_002/20220823_033000.WAV,Telephone Field,recover-20220825,002,1795
462.0075,462.0476,68437,82098,Rhinolophus ferrumequinum,0.025,0.025,-1,Echolocation,/mnt/ubna_data_01_mir/recover-20220825/UBNA_002/20220823_033000.WAV,Telephone Field,recover-20220825,002,1795
462.0205,462.0624,68437,83205,Rhinolophus ferrumequinum,0.027,0.027,-1,Echolocation,/mnt/ubna_data_01_mir/recover-20220825/UBNA_002/20220823_033000.WAV,Telephone Field,recover-20220825,002,1795
462.0645,462.1038,68437,82536,Rhinolophus ferrumequinum,0.027,0.027,-1,Echolocation,/mnt/ubna_data_01_mir/recover-20220825/UBNA_002/20220823_033000.WAV,Telephone Field,recover-20220825,002,1795
462.0825,462.0922,24609,32264,Nyctalus leisleri,0.013,0.037,-1,Echolocation,/mnt/ubna_data_01_mir/recover-20220825/UBNA_002/20220823_033000.WAV,Telephone Field,recover-20220825,002,1795
462.0935,462.1327,68437,82194,Rhinolophus ferrumequinum,0.024,0.024,-1,Echolocation,/mnt/ubna_data_01_mir/recover-20220825/UBNA_002/20220823_033000.WAV,Telephone Field,recover-20220825,002,1795
462.0955,462.1061,28906,36392,Eptesicus serotinus,0.012,0.026,-1,Echolocation,/mnt/ubna_data_01_mir/recover-20220825/UBNA_002/20220823_033000.WAV,Telephone Field,recover-20220825,002,1795
462.1085,462.1481,68437,81962,Rhinolophus ferrumequinum,0.023,0.023,-1,Echolocation,/mnt/ubna_data_01_mir/recover-20220825/UBNA_002/20220823_033000.WAV,Telephone Field,recover-20220825,002,1795
462.1325,462.1698,68437,82054,Rhinolophus ferrumequinum,0.026,0.026,-1,Echolocation,/mnt/ubna_data_01_mir/recover-20220825/UBNA_002/20220823_033000.WAV,Telephone Field,recover-20220825,002,1795
462.1415,462.1586,22031,26296,Nyctalus leisleri,0.022,0.044,-1,Echolocation,/mnt/ubna_data_01_mir/recover-20220825/UBNA_002/20220823_033000.WAV,Telephone Field,recover-20220825,002,1795
462.1575,462.1683,28906,36180,Eptesicus serotinus,0.016,0.031,-1,Echolocation,/mnt/ubna_data_01_mir/recover-20220825/UBNA_002/20220823_033000.WAV,Telephone Field,recover-20220825,002,1795
462.1815,462.2226,68437,82762,Rhinolophus ferrumequinum,0.026,0.026,-1,Echolocation,/mnt/ubna_data_01_mir/recover-20220825/UBNA_002/20220823_033000.WAV,Telephone Field,recover-20220825,002,1795
462.1845,462.1942,28046,36657,Eptesicus serotinus,0.008,0.021,-1,Echolocation,/mnt/ubna_data_01_mir/recover-20220825/UBNA_002/20220823_033000.WAV,Telephone Field,recover-20220825,002,1795
462.2145,462.2543,68437,82365,Rhinolophus ferrumequinum,0.021,0.021,-1,Echolocation,/mnt/ubna_data_01_mir/recover-20220825/UBNA_002/20220823_033000.WAV,Telephone Field,recover-20220825,002,1795
462.2525,462.2896,68437,81378,Rhinolophus ferrumequinum,0.02,0.02,-1,Echolocation,/mnt/ubna_data_01_mir/recover-20220825/UBNA_002/20220823_033000.WAV,Telephone Field,recover-20220825,002,1795
462.2735,462.3069,68437,81141,Rhinolophus ferrumequinum,0.021,0.021,-1,Echolocation,/mnt/ubna_data_01_mir/recover-20220825/UBNA_002/20220823_033000.WAV,Telephone Field,recover-20220825,002,1795
462.2905,462.3285,68437,81622,Rhinolophus ferrumequinum,0.02,0.02,-1,Echolocation,/mnt/ubna_data_01_mir/recover-20220825/UBNA_002/20220823_033000.WAV,Telephone Field,recover-20220825,002,1795
462.2985,462.3306,68437,80809,Rhinolophus ferrumequinum,0.02,0.02,-1,Echolocation,/mnt/ubna_data_01_mir/recover-20220825/UBNA_002/20220823_033000.WAV,Telephone Field,recover-20220825,002,1795
462.3005,462.3078,27187,41744,Eptesicus serotinus,0.006,0.02,-1,Echolocation,/mnt/ubna_data_01_mir/recover-20220825/UBNA_002/20220823_033000.WAV,Telephone Field,recover-20220825,002,1795
462.3055,462.3389,68437,81024,Rhinolophus ferrumequinum,0.02,0.02,-1,Echolocation,/mnt/ubna_data_01_mir/recover-20220825/UBNA_002/20220823_033000.WAV,Telephone Field,recover-20220825,002,1795
462.3585,462.396,68437,81939,Rhinolophus ferrumequinum,0.024,0.024,-1,Echolocation,/mnt/ubna_data_01_mir/recover-20220825/UBNA_002/20220823_033000.WAV,Telephone Field,recover-20220825,002,1795
462.3655,462.4047,68437,81700,Rhinolophus ferrumequinum,0.024,0.024,-1,Echolocation,/mnt/ubna_data_01_mir/recover-20220825/UBNA_002/20220823_033000.WAV,Telephone Field,recover-20220825,002,1795
462.4055,462.4144,55546,60903,Pipistrellus pygmaeus,0.026,0.029,-1,Echolocation,/mnt/ubna_data_01_mir/recover-20220825/UBNA_002/20220823_033000.WAV,Telephone Field,recover-20220825,002,1795
462.4085,462.4475,68437,82239,Rhinolophus ferrumequinum,0.021,0.021,-1,Echolocation,/mnt/ubna_data_01_mir/recover-20220825/UBNA_002/20220823_033000.WAV,Telephone Field,recover-20220825,002,1795
462.4605,462.4691,28046,39117,Eptesicus serotinus,0.009,0.024,-1,Echolocation,/mnt/ubna_data_01_mir/recover-20220825/UBNA_002/20220823_033000.WAV,Telephone Field,recover-20220825,002,1795
462.4605,462.5008,68437,82907,Rhinolophus ferrumequinum,0.028,0.028,-1,Echolocation,/mnt/ubna_data_01_mir/recover-20220825/UBNA_002/20220823_033000.WAV,Telephone Field,recover-20220825,002,1795
462.5155,462.5218,47812,53334,Pipistrellus pipistrellus,0.022,0.023,-1,Echolocation,/mnt/ubna_data_01_mir/recover-20220825/UBNA_002/20220823_033000.WAV,Telephone Field,recover-20220825,002,1795
462.5425,462.5483,49531,53203,Pipistrellus pipistrellus,0.019,0.021,-1,Echolocation,/mnt/ubna_data_01_mir/recover-20220825/UBNA_002/20220823_033000.WAV,Telephone Field,recover-20220825,002,1795
462.5505,462.5914,68437,82812,Rhinolophus ferrumequinum,0.028,0.028,-1,Echolocation,/mnt/ubna_data_01_mir/recover-20220825/UBNA_002/20220823_033000.WAV,Telephone Field,recover-20220825,002,1795
462.5595,462.5968,68437,81862,Rhinolophus ferrumequinum,0.02,0.02,-1,Echolocation,/mnt/ubna_data_01_mir/recover-20220825/UBNA_002/20220823_033000.WAV,Telephone Field,recover-20220825,002,1795
462.5675,462.606,68437,82414,Rhinolophus ferrumequinum,0.023,0.023,-1,Echolocation,/mnt/ubna_data_01_mir/recover-20220825/UBNA_002/20220823_033000.WAV,Telephone Field,recover-20220825,002,1795
462.5995,462.63530000000003,68437,80919,Rhinolophus ferrumequinum,0.021,0.021,-1,Echolocation,/mnt/ubna_data_01_mir/recover-20220825/UBNA_002/20220823_033000.WAV,Telephone Field,recover-20220825,002,1795
462.6255,462.6319,27187,41750,Eptesicus serotinus,0.005,0.023,-1,Echolocation,/mnt/ubna_data_01_mir/recover-20220825/UBNA_002/20220823_033000.WAV,Telephone Field,recover-20220825,002,1795
462.6345,462.6762,68437,82888,Rhinolophus ferrumequinum,0.032,0.032,-1,Echolocation,/mnt/ubna_data_01_mir/recover-20220825/UBNA_002/20220823_033000.WAV,Telephone Field,recover-20220825,002,1795
462.6925,462.7306,68437,81762,Rhinolophus ferrumequinum,0.022,0.022,-1,Echolocation,/mnt/ubna_data_01_mir/recover-20220825/UBNA_002/20220823_033000.WAV,Telephone Field,recover-20220825,002,1795
462.7005,462.7396,68437,82491,Rhinolophus ferrumequinum,0.022,0.022,-1,Echolocation,/mnt/ubna_data_01_mir/recover-20220825/UBNA_002/20220823_033000.WAV,Telephone Field,recover-20220825,002,1795
462.7365,462.7752,68437,81954,Rhinolophus ferrumequinum,0.021,0.021,-1,Echolocation,/mnt/ubna_data_01_mir/recover-20220825/UBNA_002/20220823_033000.WAV,Telephone Field,recover-20220825,002,1795
462.7555,462.7957,68437,82544,Rhinolophus ferrumequinum,0.022,0.022,-1,Echolocation,/mnt/ubna_data_01_mir/recover-20220825/UBNA_002/20220823_033000.WAV,Telephone Field,recover-20220825,002,1795
462.8005,462.8381,68437,81885,Rhinolophus ferrumequinum,0.02,0.02,-1,Echolocation,/mnt/ubna_data_01_mir/recover-20220825/UBNA_002/20220823_033000.WAV,Telephone Field,recover-20220825,002,1795
462.8415,462.8537,23750,29350,Nyctalus leisleri,0.01,0.023,-1,Echolocation,/mnt/ubna_data_01_mir/recover-20220825/UBNA_002/20220823_033000.WAV,Telephone Field,recover-20220825,002,1795
462.8675,462.9032,68437,81707,Rhinolophus ferrumequinum,0.021,0.021,-1,Echolocation,/mnt/ubna_data_01_mir/recover-20220825/UBNA_002/20220823_033000.WAV,Telephone Field,recover-20220825,002,1795
462.8805,462.8924,23750,29853,Nyctalus leisleri,0.009,0.024,-1,Echolocation,/mnt/ubna_data_01_mir/recover-20220825/UBNA_002/20220823_033000.WAV,Telephone Field,recover-20220825,002,1795
462.9075,462.9497,68437,82719,Rhinolophus ferrumequinum,0.024,0.024,-1,Echolocation,/mnt/ubna_data_01_mir/recover-20220825/UBNA_002/20220823_033000.WAV,Telephone Field,recover-20220825,002,1795
462.9355,462.9431,33203,43615,Myotis daubentonii,0.01,0.02,-1,Echolocation,/mnt/ubna_data_01_mir/recover-20220825/UBNA_002/20220823_033000.WAV,Telephone Field,recover-20220825,002,1795
462.9525,462.9918,68437,82158,Rhinolophus ferrumequinum,0.022,0.022,-1,Echolocation,/mnt/ubna_data_01_mir/recover-20220825/UBNA_002/20220823_033000.WAV,Telephone Field,recover-20220825,002,1795
462.9775,462.9864,28046,36283,Eptesicus serotinus,0.008,0.022,-1,Echolocation,/mnt/ubna_data_01_mir/recover-20220825/UBNA_002/20220823_033000.WAV,Telephone Field,recover-20220825,002,1795
462.9825,463.0183,68437,80875,Rhinolophus ferrumequinum,0.02,0.02,-1,Echolocation,/mnt/ubna_data_01_mir/recover-20220825/UBNA_002/20220823_033000.WAV,Telephone Field,recover-20220825,002,1795
463.0205,463.0309,22890,28888,Nyctalus leisleri,0.009,0.021,-1,Echolocation,/mnt/ubna_data_01_mir/recover-20220825/UBNA_002/20220823_033000.WAV,Telephone Field,recover-20220825,002,1795
463.0455,463.0861,68437,82913,Rhinolophus ferrumequinum,0.027,0.027,-1,Echolocation,/mnt/ubna_data_01_mir/recover-20220825/UBNA_002/20220823_033000.WAV,Telephone Field,recover-20220825,002,1795
463.0525,463.0954,68437,83318,Rhinolophus ferrumequinum,0.023,0.023,-1,Echolocation,/mnt/ubna_data_01_mir/recover-20220825/UBNA_002/20220823_033000.WAV,Telephone Field,recover-20220825,002,1795
463.0585,463.1003,68437,82682,Rhinolophus ferrumequinum,0.021,0.021,-1,Echolocation,/mnt/ubna_data_01_mir/recover-20220825/UBNA_002/20220823_033000.WAV,Telephone Field,recover-20220825,002,1795
463.0635,463.075,14296,19268,Nyctalus noctula,0.011,0.021,-1,Echolocation,/mnt/ubna_data_01_mir/recover-20220825/UBNA_002/20220823_033000.WAV,Telephone Field,recover-20220825,002,1795
463.0765,463.0844,27187,36567,Eptesicus serotinus,0.006,0.021,-1,Echolocation,/mnt/ubna_data_01_mir/recover-20220825/UBNA_002/20220823_033000.WAV,Telephone Field,recover-20220825,002,1795
463.0825,463.1187,68437,81770,Rhinolophus ferrumequinum,0.021,0.022,-1,Echolocation,/mnt/ubna_data_01_mir/recover-20220825/UBNA_002/20220823_033000.WAV,Telephone Field,recover-20220825,002,1795
463.0845,463.0927,31484,41891,Myotis daubentonii,0.01,0.024,-1,Echolocation,/mnt/ubna_data_01_mir/recover-20220825/UBNA_002/20220823_033000.WAV,Telephone Field,recover-20220825,002,1795
463.1235,463.1295,28046,39788,Eptesicus serotinus,0.008,0.035,-1,Echolocation,/mnt/ubna_data_01_mir/recover-20220825/UBNA_002/20220823_033000.WAV,Telephone Field,recover-20220825,002,1795
463.1565,463.1952,68437,82316,Rhinolophus ferrumequinum,0.022,0.022,-1,Echolocation,/mnt/ubna_data_01_mir/recover-20220825/UBNA_002/20220823_033000.WAV,Telephone Field,recover-20220825,002,1795
463.1645,463.2037,68437,82429,Rhinolophus ferrumequinum,0.024,0.024,-1,Echolocation,/mnt/ubna_data_01_mir/recover-20220825/UBNA_002/20220823_033000.WAV,Telephone Field,recover-20220825,002,1795
463.1705,463.1784,27187,38004,Eptesicus serotinus,0.008,0.022,-1,Echolocation,/mnt/ubna_data_01_mir/recover-20220825/UBNA_002/20220823_033000.WAV,Telephone Field,recover-20220825,002,1795
463.1895,463.2281,68437,81974,Rhinolophus ferrumequinum,0.02,0.02,-1,Echolocation,/mnt/ubna_data_01_mir/recover-20220825/UBNA_002/20220823_033000.WAV,Telephone Field,recover-20220825,002,1795
463.2385,463.2768,68437,81800,Rhinolophus ferrumequinum,0.022,0.022,-1,Echolocation,/mnt/ubna_data_01_mir/recover-20220825/UBNA_002/20220823_033000.WAV,Telephone Field,recover-20220825,002,1795
463.2585,463.2659,27187,38559,Eptesicus serotinus,0.006,0.02,-1,Echolocation,/mnt/ubna_data_01_mir/recover-20220825/UBNA_002/20220823_033000.WAV,Telephone Field,recover-20220825,002,1795
463.3265,463.3639,68437,82160,Rhinolophus ferrumequinum,0.02,0.02,-1,Echolocation,/mnt/ubna_data_01_mir/recover-20220825/UBNA_002/20220823_033000.WAV,Telephone Field,recover-20220825,002,1795
463.3285,463.3387,22031,27223,Nyctalus leisleri,0.009,0.022,-1,Echolocation,/mnt/ubna_data_01_mir/recover-20220825/UBNA_002/20220823_033000.WAV,Telephone Field,recover-20220825,002,1795
463.3435,463.3496,28046,39667,Myotis daubentonii,0.007,0.028,-1,Echolocation,/mnt/ubna_data_01_mir/recover-20220825/UBNA_002/20220823_033000.WAV,Telephone Field,recover-20220825,002,1795
463.3665,463.3786,24609,30096,Nyctalus leisleri,0.011,0.026,-1,Echolocation,/mnt/ubna_data_01_mir/recover-20220825/UBNA_002/20220823_033000.WAV,Telephone Field,recover-20220825,002,1795
463.3745,463.416,68437,82843,Rhinolophus ferrumequinum,0.043,0.043,-1,Echolocation,/mnt/ubna_data_01_mir/recover-20220825/UBNA_002/20220823_033000.WAV,Telephone Field,recover-20220825,002,1795
463.4085,463.4176,27187,36042,Eptesicus serotinus,0.009,0.022,-1,Echolocation,/mnt/ubna_data_01_mir/recover-20220825/UBNA_002/20220823_033000.WAV,Telephone Field,recover-20220825,002,1795
463.4285,463.4675,68437,82222,Rhinolophus ferrumequinum,0.022,0.022,-1,Echolocation,/mnt/ubna_data_01_mir/recover-20220825/UBNA_002/20220823_033000.WAV,Telephone Field,recover-20220825,002,1795
463.4505,463.4872,68437,82252,Rhinolophus ferrumequinum,0.02,0.02,-1,Echolocation,/mnt/ubna_data_01_mir/recover-20220825/UBNA_002/20220823_033000.WAV,Telephone Field,recover-20220825,002,1795
463.5115,463.5489,68437,81972,Rhinolophus ferrumequinum,0.021,0.021,-1,Echolocation,/mnt/ubna_data_01_mir/recover-20220825/UBNA_002/20220823_033000.WAV,Telephone Field,recover-20220825,002,1795
463.5415,463.5796,68437,82008,Rhinolophus ferrumequinum,0.022,0.022,-1,Echolocation,/mnt/ubna_data_01_mir/recover-20220825/UBNA_002/20220823_033000.WAV,Telephone Field,recover-20220825,002,1795
463.5735,463.6153,68437,82818,Rhinolophus ferrumequinum,0.029,0.029,-1,Echolocation,/mnt/ubna_data_01_mir/recover-20220825/UBNA_002/20220823_033000.WAV,Telephone Field,recover-20220825,002,1795
463.5755,463.5857,23750,30270,Nyctalus leisleri,0.008,0.02,-1,Echolocation,/mnt/ubna_data_01_mir/recover-20220825/UBNA_002/20220823_033000.WAV,Telephone Field,recover-20220825,002,1795
463.5845,463.5918,28046,39179,Eptesicus serotinus,0.007,0.021,-1,Echolocation,/mnt/ubna_data_01_mir/recover-20220825/UBNA_002/20220823_033000.WAV,Telephone Field,recover-20220825,002,1795
463.5995,463.6371,68437,82292,Rhinolophus ferrumequinum,0.021,0.021,-1,Echolocation,/mnt/ubna_data_01_mir/recover-20220825/UBNA_002/20220823_033000.WAV,Telephone Field,recover-20220825,002,1795
463.6235,463.66179999999997,68437,82591,Rhinolophus ferrumequinum,0.028,0.028,-1,Echolocation,/mnt/ubna_data_01_mir/recover-20220825/UBNA_002/20220823_033000.WAV,Telephone Field,recover-20220825,002,1795
463.6655,463.703,68437,81966,Rhinolophus ferrumequinum,0.02,0.02,-1,Echolocation,/mnt/ubna_data_01_mir/recover-20220825/UBNA_002/20220823_033000.WAV,Telephone Field,recover-20220825,002,1795
463.6925,463.6985,38359,47383,Myotis daubentonii,0.009,0.023,-1,Echolocation,/mnt/ubna_data_01_mir/recover-20220825/UBNA_002/20220823_033000.WAV,Telephone Field,recover-20220825,002,1795
463.7005,463.7388,68437,82746,Rhinolophus ferrumequinum,0.023,0.023,-1,Echolocation,/mnt/ubna_data_01_mir/recover-20220825/UBNA_002/20220823_033000.WAV,Telephone Field,recover-20220825,002,1795
463.7315,463.7692,68437,82173,Rhinolophus ferrumequinum,0.021,0.021,-1,Echolocation,/mnt/ubna_data_01_mir/recover-20220825/UBNA_002/20220823_033000.WAV,Telephone Field,recover-20220825,002,1795
463.7625,463.7711,15156,25548,Plecotus auritus,0.02,0.036,-1,Echolocation,/mnt/ubna_data_01_mir/recover-20220825/UBNA_002/20220823_033000.WAV,Telephone Field,recover-20220825,002,1795
463.7635,463.7733,44375,51322,Pipistrellus pipistrellus,0.015,0.021,-1,Echolocation,/mnt/ubna_data_01_mir/recover-20220825/UBNA_002/20220823_033000.WAV,Telephone Field,recover-20220825,002,1795
463.7895,463.8273,68437,82268,Rhinolophus ferrumequinum,0.02,0.021,-1,Echolocation,/mnt/ubna_data_01_mir/recover-20220825/UBNA_002/20220823_033000.WAV,Telephone Field,recover-20220825,002,1795
463.8115,463.8505,68437,82231,Rhinolophus ferrumequinum,0.021,0.021,-1,Echolocation,/mnt/ubna_data_01_mir/recover-20220825/UBNA_002/20220823_033000.WAV,Telephone Field,recover-20220825,002,1795
463.8435,463.85,27187,40827,Eptesicus serotinus,0.005,0.02,-1,Echolocation,/mnt/ubna_data_01_mir/recover-20220825/UBNA_002/20220823_033000.WAV,Telephone Field,recover-20220825,002,1795
463.8575,463.8952,68437,82146,Rhinolophus ferrumequinum,0.023,0.023,-1,Echolocation,/mnt/ubna_data_01_mir/recover-20220825/UBNA_002/20220823_033000.WAV,Telephone Field,recover-20220825,002,1795
463.8935,463.9336,68437,82239,Rhinolophus ferrumequinum,0.036,0.036,-1,Echolocation,/mnt/ubna_data_01_mir/recover-20220825/UBNA_002/20220823_033000.WAV,Telephone Field,recover-20220825,002,1795
463.9245,463.9624,68437,81995,Rhinolophus ferrumequinum,0.025,0.025,-1,Echolocation,/mnt/ubna_data_01_mir/recover-20220825/UBNA_002/20220823_033000.WAV,Telephone Field,recover-20220825,002,1795
463.9245,463.9335,25468,34206,Eptesicus serotinus,0.009,0.024,-1,Echolocation,/mnt/ubna_data_01_mir/recover-20220825/UBNA_002/20220823_033000.WAV,Telephone Field,recover-20220825,002,1795
463.9585,463.9971,68437,81972,Rhinolophus ferrumequinum,0.02,0.02,-1,Echolocation,/mnt/ubna_data_01_mir/recover-20220825/UBNA_002/20220823_033000.WAV,Telephone Field,recover-20220825,002,1795
463.9825,463.9914,27187,38242,Eptesicus serotinus,0.007,0.021,-1,Echolocation,/mnt/ubna_data_01_mir/recover-20220825/UBNA_002/20220823_033000.WAV,Telephone Field,recover-20220825,002,1795
464.0015,464.03,71015,82782,Rhinolophus ferrumequinum,0.025,0.025,-1,Echolocation,/mnt/ubna_data_01_mir/recover-20220825/UBNA_002/20220823_033000.WAV,Telephone Field,recover-20220825,002,1795
464.0015,464.0098,22890,29557,Nyctalus leisleri,0.008,0.023,-1,Echolocation,/mnt/ubna_data_01_mir/recover-20220825/UBNA_002/20220823_033000.WAV,Telephone Field,recover-20220825,002,1795
464.0015,464.0106,46953,51387,Pipistrellus pipistrellus,0.022,0.027,-1,Echolocation,/mnt/ubna_data_01_mir/recover-20220825/UBNA_002/20220823_033000.WAV,Telephone Field,recover-20220825,002,1795
464.0325,464.0717,68437,82424,Rhinolophus ferrumequinum,0.025,0.025,-1,Echolocation,/mnt/ubna_data_01_mir/recover-20220825/UBNA_002/20220823_033000.WAV,Telephone Field,recover-20220825,002,1795
464.0365,464.0486,32343,37559,Eptesicus serotinus,0.014,0.048,-1,Echolocation,/mnt/ubna_data_01_mir/recover-20220825/UBNA_002/20220823_033000.WAV,Telephone Field,recover-20220825,002,1795
464.1085,464.1508,68437,82908,Rhinolophus ferrumequinum,0.025,0.025,-1,Echolocation,/mnt/ubna_data_01_mir/recover-20220825/UBNA_002/20220823_033000.WAV,Telephone Field,recover-20220825,002,1795
464.1205,464.1313,27187,34457,Eptesicus serotinus,0.023,0.04,-1,Echolocation,/mnt/ubna_data_01_mir/recover-20220825/UBNA_002/20220823_033000.WAV,Telephone Field,recover-20220825,002,1795
464.1945,464.2329,68437,81336,Rhinolophus ferrumequinum,0.021,0.021,-1,Echolocation,/mnt/ubna_data_01_mir/recover-20220825/UBNA_002/20220823_033000.WAV,Telephone Field,recover-20220825,002,1795
464.2185,464.2274,22890,29869,Plecotus austriacus,0.007,0.021,-1,Echolocation,/mnt/ubna_data_01_mir/recover-20220825/UBNA_002/20220823_033000.WAV,Telephone Field,recover-20220825,002,1795
464.2355,464.2457,28906,38074,Eptesicus serotinus,0.01,0.023,-1,Echolocation,/mnt/ubna_data_01_mir/recover-20220825/UBNA_002/20220823_033000.WAV,Telephone Field,recover-20220825,002,1795
464.2485,464.288,68437,81818,Rhinolophus ferrumequinum,0.022,0.023,-1,Echolocation,/mnt/ubna_data_01_mir/recover-20220825/UBNA_002/20220823_033000.WAV,Telephone Field,recover-20220825,002,1795
464.2565,464.2664,28906,36908,Eptesicus serotinus,0.01,0.023,-1,Echolocation,/mnt/ubna_data_01_mir/recover-20220825/UBNA_002/20220823_033000.WAV,Telephone Field,recover-20220825,002,1795
464.3225,464.3604,68437,81401,Rhinolophus ferrumequinum,0.025,0.025,-1,Echolocation,/mnt/ubna_data_01_mir/recover-20220825/UBNA_002/20220823_033000.WAV,Telephone Field,recover-20220825,002,1795
464.3235,464.3318,28046,39377,Eptesicus serotinus,0.008,0.022,-1,Echolocation,/mnt/ubna_data_01_mir/recover-20220825/UBNA_002/20220823_033000.WAV,Telephone Field,recover-20220825,002,1795
464.3445,464.3898,68437,83183,Rhinolophus ferrumequinum,0.034,0.034,-1,Echolocation,/mnt/ubna_data_01_mir/recover-20220825/UBNA_002/20220823_033000.WAV,Telephone Field,recover-20220825,002,1795
464.3475,464.3549,27187,38555,Eptesicus serotinus,0.006,0.021,-1,Echolocation,/mnt/ubna_data_01_mir/recover-20220825/UBNA_002/20220823_033000.WAV,Telephone Field,recover-20220825,002,1795
464.3765,464.3851,22890,30491,Plecotus austriacus,0.01,0.024,-1,Echolocation,/mnt/ubna_data_01_mir/recover-20220825/UBNA_002/20220823_033000.WAV,Telephone Field,recover-20220825,002,1795
464.3865,464.4254,68437,81489,Rhinolophus ferrumequinum,0.025,0.025,-1,Echolocation,/mnt/ubna_data_01_mir/recover-20220825/UBNA_002/20220823_033000.WAV,Telephone Field,recover-20220825,002,1795
464.4065,464.4166,22890,29423,Nyctalus leisleri,0.008,0.023,-1,Echolocation,/mnt/ubna_data_01_mir/recover-20220825/UBNA_002/20220823_033000.WAV,Telephone Field,recover-20220825,002,1795
464.4465,464.4552,26328,35205,Eptesicus serotinus,0.009,0.024,-1,Echolocation,/mnt/ubna_data_01_mir/recover-20220825/UBNA_002/20220823_033000.WAV,Telephone Field,recover-20220825,002,1795
464.4895,464.5295,68437,82165,Rhinolophus ferrumequinum,0.024,0.025,-1,Echolocation,/mnt/ubna_data_01_mir/recover-20220825/UBNA_002/20220823_033000.WAV,Telephone Field,recover-20220825,002,1795
464.4935,464.5031,22890,29870,Nyctalus leisleri,0.007,0.022,-1,Echolocation,/mnt/ubna_data_01_mir/recover-20220825/UBNA_002/20220823_033000.WAV,Telephone Field,recover-20220825,002,1795
464.5215,464.534,30625,36531,Eptesicus serotinus,0.013,0.027,-1,Echolocation,/mnt/ubna_data_01_mir/recover-20220825/UBNA_002/20220823_033000.WAV,Telephone Field,recover-20220825,002,1795
464.5225,464.5633,68437,82444,Rhinolophus ferrumequinum,0.022,0.022,-1,Echolocation,/mnt/ubna_data_01_mir/recover-20220825/UBNA_002/20220823_033000.WAV,Telephone Field,recover-20220825,002,1795
464.5345,464.5749,68437,82759,Rhinolophus ferrumequinum,0.023,0.023,-1,Echolocation,/mnt/ubna_data_01_mir/recover-20220825/UBNA_002/20220823_033000.WAV,Telephone Field,recover-20220825,002,1795
464.5465,464.5529,50390,57244,Pipistrellus pipistrellus,0.022,0.024,-1,Echolocation,/mnt/ubna_data_01_mir/recover-20220825/UBNA_002/20220823_033000.WAV,Telephone Field,recover-20220825,002,1795
464.5735,464.6119,68437,82053,Rhinolophus ferrumequinum,0.024,0.024,-1,Echolocation,/mnt/ubna_data_01_mir/recover-20220825/UBNA_002/20220823_033000.WAV,Telephone Field,recover-20220825,002,1795
464.5745,464.5818,28046,41333,Eptesicus serotinus,0.008,0.023,-1,Echolocation,/mnt/ubna_data_01_mir/recover-20220825/UBNA_002/20220823_033000.WAV,Telephone Field,recover-20220825,002,1795
464.5925,464.6014,26328,35573,Eptesicus serotinus,0.014,0.031,-1,Echolocation,/mnt/ubna_data_01_mir/recover-20220825/UBNA_002/20220823_033000.WAV,Telephone Field,recover-20220825,002,1795
464.5955,464.633,68437,81701,Rhinolophus ferrumequinum,0.023,0.023,-1,Echolocation,/mnt/ubna_data_01_mir/recover-20220825/UBNA_002/20220823_033000.WAV,Telephone Field,recover-20220825,002,1795
464.6985,464.7406,68437,83380,Rhinolophus ferrumequinum,0.042,0.042,-1,Echolocation,/mnt/ubna_data_01_mir/recover-20220825/UBNA_002/20220823_033000.WAV,Telephone Field,recover-20220825,002,1795
464.7095,464.7477,68437,81596,Rhinolophus ferrumequinum,0.021,0.021,-1,Echolocation,/mnt/ubna_data_01_mir/recover-20220825/UBNA_002/20220823_033000.WAV,Telephone Field,recover-20220825,002,1795
464.7155,464.7249,28906,37996,Eptesicus serotinus,0.009,0.023,-1,Echolocation,/mnt/ubna_data_01_mir/recover-20220825/UBNA_002/20220823_033000.WAV,Telephone Field,recover-20220825,002,1795
464.7155,464.7546,68437,82221,Rhinolophus ferrumequinum,0.022,0.022,-1,Echolocation,/mnt/ubna_data_01_mir/recover-20220825/UBNA_002/20220823_033000.WAV,Telephone Field,recover-20220825,002,1795
464.7165,464.7248,46093,49943,Pipistrellus pipistrellus,0.027,0.028,-1,Echolocation,/mnt/ubna_data_01_mir/recover-20220825/UBNA_002/20220823_033000.WAV,Telephone Field,recover-20220825,002,1795
464.7215,464.7309,22031,27590,Nyctalus leisleri,0.008,0.023,-1,Echolocation,/mnt/ubna_data_01_mir/recover-20220825/UBNA_002/20220823_033000.WAV,Telephone Field,recover-20220825,002,1795
464.7455,464.7846,68437,81366,Rhinolophus ferrumequinum,0.025,0.025,-1,Echolocation,/mnt/ubna_data_01_mir/recover-20220825/UBNA_002/20220823_033000.WAV,Telephone Field,recover-20220825,002,1795
464.8065,464.8402,68437,80988,Rhinolophus ferrumequinum,0.022,0.022,-1,Echolocation,/mnt/ubna_data_01_mir/recover-20220825/UBNA_002/20220823_033000.WAV,Telephone Field,recover-20220825,002,1795
464.83050000000003,464.8711,68437,82627,Rhinolophus ferrumequinum,0.023,0.023,-1,Echolocation,/mnt/ubna_data_01_mir/recover-20220825/UBNA_002/20220823_033000.WAV,Telephone Field,recover-20220825,002,1795
464.8355,464.8476,28046,35102,Eptesicus serotinus,0.02,0.035,-1,Echolocation,/mnt/ubna_data_01_mir/recover-20220825/UBNA_002/20220823_033000.WAV,Telephone Field,recover-20220825,002,1795
464.8775,464.9169,68437,81377,Rhinolophus ferrumequinum,0.023,0.023,-1,Echolocation,/mnt/ubna_data_01_mir/recover-20220825/UBNA_002/20220823_033000.WAV,Telephone Field,recover-20220825,002,1795
464.9345,464.9773,68437,82510,Rhinolophus ferrumequinum,0.024,0.024,-1,Echolocation,/mnt/ubna_data_01_mir/recover-20220825/UBNA_002/20220823_033000.WAV,Telephone Field,recover-20220825,002,1795
464.9675,465.0094,68437,82802,Rhinolophus ferrumequinum,0.028,0.028,-1,Echolocation,/mnt/ubna_data_01_mir/recover-20220825/UBNA_002/20220823_033000.WAV,Telephone Field,recover-20220825,002,1795
464.9675,464.9753,23750,32002,Plecotus austriacus,0.009,0.022,-1,Echolocation,/mnt/ubna_data_01_mir/recover-20220825/UBNA_002/20220823_033000.WAV,Telephone Field,recover-20220825,002,1795
464.9915,465.0266,68437,81434,Rhinolophus ferrumequinum,0.022,0.022,-1,Echolocation,/mnt/ubna_data_01_mir/recover-20220825/UBNA_002/20220823_033000.WAV,Telephone Field,recover-20220825,002,1795
465.0075,465.0489,68437,82438,Rhinolophus ferrumequinum,0.023,0.023,-1,Echolocation,/mnt/ubna_data_01_mir/recover-20220825/UBNA_002/20220823_033000.WAV,Telephone Field,recover-20220825,002,1795
465.0285,465.0684,68437,82392,Rhinolophus ferrumequinum,0.021,0.022,-1,Echolocation,/mnt/ubna_data_01_mir/recover-20220825/UBNA_002/20220823_033000.WAV,Telephone Field,recover-20220825,002,1795
465.0745,465.1151,68437,82477,Rhinolophus ferrumequinum,0.028,0.028,-1,Echolocation,/mnt/ubna_data_01_mir/recover-20220825/UBNA_002/20220823_033000.WAV,Telephone Field,recover-20220825,002,1795
465.1485,465.1921,68437,82830,Rhinolophus ferrumequinum,0.025,0.025,-1,Echolocation,/mnt/ubna_data_01_mir/recover-20220825/UBNA_002/20220823_033000.WAV,Telephone Field,recover-20220825,002,1795
465.1505,465.1603,50390,54995,Pipistrellus pipistrellus,0.019,0.023,-1,Echolocation,/mnt/ubna_data_01_mir/recover-20220825/UBNA_002/20220823_033000.WAV,Telephone Field,recover-20220825,002,1795
465.1535,465.1616,26328,35552,Eptesicus serotinus,0.01,0.023,-1,Echolocation,/mnt/ubna_data_01_mir/recover-20220825/UBNA_002/20220823_033000.WAV,Telephone Field,recover-20220825,002,1795
465.1605,465.2017,68437,82892,Rhinolophus ferrumequinum,0.033,0.033,-1,Echolocation,/mnt/ubna_data_01_mir/recover-20220825/UBNA_002/20220823_033000.WAV,Telephone Field,recover-20220825,002,1795
465.1815,465.2205,68437,82402,Rhinolophus ferrumequinum,0.021,0.021,-1,Echolocation,/mnt/ubna_data_01_mir/recover-20220825/UBNA_002/20220823_033000.WAV,Telephone Field,recover-20220825,002,1795
465.1895,465.1988,25468,33198,Eptesicus serotinus,0.01,0.025,-1,Echolocation,/mnt/ubna_data_01_mir/recover-20220825/UBNA_002/20220823_033000.WAV,Telephone Field,recover-20220825,002,1795
465.2175,465.2582,68437,81770,Rhinolophus ferrumequinum,0.021,0.021,-1,Echolocation,/mnt/ubna_data_01_mir/recover-20220825/UBNA_002/20220823_033000.WAV,Telephone Field,recover-20220825,002,1795
465.3275,465.3687,68437,82192,Rhinolophus ferrumequinum,0.022,0.022,-1,Echolocation,/mnt/ubna_data_01_mir/recover-20220825/UBNA_002/20220823_033000.WAV,Telephone Field,recover-20220825,002,1795
465.3575,465.3984,68437,82764,Rhinolophus ferrumequinum,0.021,0.021,-1,Echolocation,/mnt/ubna_data_01_mir/recover-20220825/UBNA_002/20220823_033000.WAV,Telephone Field,recover-20220825,002,1795
465.3815,465.3916,28046,36814,Eptesicus serotinus,0.011,0.023,-1,Echolocation,/mnt/ubna_data_01_mir/recover-20220825/UBNA_002/20220823_033000.WAV,Telephone Field,recover-20220825,002,1795
465.3945,465.4307,68437,81686,Rhinolophus ferrumequinum,0.036,0.036,-1,Echolocation,/mnt/ubna_data_01_mir/recover-20220825/UBNA_002/20220823_033000.WAV,Telephone Field,recover-20220825,002,1795
465.4235,465.4604,68437,81707,Rhinolophus ferrumequinum,0.021,0.021,-1,Echolocation,/mnt/ubna_data_01_mir/recover-20220825/UBNA_002/20220823_033000.WAV,Telephone Field,recover-20220825,002,1795
465.4295,465.4682,68437,82344,Rhinolophus ferrumequinum,0.021,0.021,-1,Echolocation,/mnt/ubna_data_01_mir/recover-20220825/UBNA_002/20220823_033000.WAV,Telephone Field,recover-20220825,002,1795
465.4545,465.4939,68437,82143,Rhinolophus ferrumequinum,0.022,0.022,-1,Echolocation,/mnt/ubna_data_01_mir/recover-20220825/UBNA_002/20220823_033000.WAV,Telephone Field,recover-20220825,002,1795
465.4655,465.4759,45234,48589,Pipistrellus pipistrellus,0.032,0.035,-1,Echolocation,/mnt/ubna_data_01_mir/recover-20220825/UBNA_002/20220823_033000.WAV,Telephone Field,recover-20220825,002,1795
465.5765,465.6169,68437,81568,Rhinolophus ferrumequinum,0.022,0.022,-1,Echolocation,/mnt/ubna_data_01_mir/recover-20220825/UBNA_002/20220823_033000.WAV,Telephone Field,recover-20220825,002,1795
465.5835,465.5911,26328,39119,Eptesicus serotinus,0.007,0.021,-1,Echolocation,/mnt/ubna_data_01_mir/recover-20220825/UBNA_002/20220823_033000.WAV,Telephone Field,recover-20220825,002,1795
465.5965,465.6329,68437,81932,Rhinolophus ferrumequinum,0.021,0.021,-1,Echolocation,/mnt/ubna_data_01_mir/recover-20220825/UBNA_002/20220823_033000.WAV,Telephone Field,recover-20220825,002,1795
465.6345,465.645,28046,36359,Eptesicus serotinus,0.016,0.029,-1,Echolocation,/mnt/ubna_data_01_mir/recover-20220825/UBNA_002/20220823_033000.WAV,Telephone Field,recover-20220825,002,1795
465.6635,465.6748,23750,29418,Nyctalus leisleri,0.01,0.023,-1,Echolocation,/mnt/ubna_data_01_mir/recover-20220825/UBNA_002/20220823_033000.WAV,Telephone Field,recover-20220825,002,1795
465.6935,465.7015,26328,34543,Eptesicus serotinus,0.008,0.023,-1,Echolocation,/mnt/ubna_data_01_mir/recover-20220825/UBNA_002/20220823_033000.WAV,Telephone Field,recover-20220825,002,1795
465.7075,465.7465,68437,82069,Rhinolophus ferrumequinum,0.021,0.021,-1,Echolocation,/mnt/ubna_data_01_mir/recover-20220825/UBNA_002/20220823_033000.WAV,Telephone Field,recover-20220825,002,1795
465.7185,465.7295,22890,28009,Nyctalus leisleri,0.01,0.022,-1,Echolocation,/mnt/ubna_data_01_mir/recover-20220825/UBNA_002/20220823_033000.WAV,Telephone Field,recover-20220825,002,1795
465.7315,465.7674,68437,81554,Rhinolophus ferrumequinum,0.022,0.022,-1,Echolocation,/mnt/ubna_data_01_mir/recover-20220825/UBNA_002/20220823_033000.WAV,Telephone Field,recover-20220825,002,1795
465.7395,465.7485,28046,37201,Eptesicus serotinus,0.011,0.024,-1,Echolocation,/mnt/ubna_data_01_mir/recover-20220825/UBNA_002/20220823_033000.WAV,Telephone Field,recover-20220825,002,1795
465.7495,465.7607,24609,31202,Nyctalus leisleri,0.008,0.022,-1,Echolocation,/mnt/ubna_data_01_mir/recover-20220825/UBNA_002/20220823_033000.WAV,Telephone Field,recover-20220825,002,1795
465.7505,465.7892,68437,82309,Rhinolophus ferrumequinum,0.021,0.021,-1,Echolocation,/mnt/ubna_data_01_mir/recover-20220825/UBNA_002/20220823_033000.WAV,Telephone Field,recover-20220825,002,1795
465.7705,465.8097,68437,82344,Rhinolophus ferrumequinum,0.022,0.022,-1,Echolocation,/mnt/ubna_data_01_mir/recover-20220825/UBNA_002/20220823_033000.WAV,Telephone Field,recover-20220825,002,1795
465.7865,465.8246,68437,81483,Rhinolophus ferrumequinum,0.021,0.021,-1,Echolocation,/mnt/ubna_data_01_mir/recover-20220825/UBNA_002/20220823_033000.WAV,Telephone Field,recover-20220825,002,1795
465.7995,465.8431,68437,82674,Rhinolophus ferrumequinum,0.033,0.033,-1,Echolocation,/mnt/ubna_data_01_mir/recover-20220825/UBNA_002/20220823_033000.WAV,Telephone Field,recover-20220825,002,1795
465.8725,465.9129,68437,82675,Rhinolophus ferrumequinum,0.022,0.022,-1,Echolocation,/mnt/ubna_data_01_mir/recover-20220825/UBNA_002/20220823_033000.WAV,Telephone Field,recover-20220825,002,1795
465.9115,465.9517,68437,83057,Rhinolophus ferrumequinum,0.03,0.031,-1,Echolocation,/mnt/ubna_data_01_mir/recover-20220825/UBNA_002/20220823_033000.WAV,Telephone Field,recover-20220825,002,1795
465.9835,465.9942,28906,36554,Eptesicus serotinus,0.012,0.027,-1,Echolocation,/mnt/ubna_data_01_mir/recover-20220825/UBNA_002/20220823_033000.WAV,Telephone Field,recover-20220825,002,1795
466.0015,466.0339,68437,80343,Rhinolophus ferrumequinum,0.036,0.036,-1,Echolocation,/mnt/ubna_data_01_mir/recover-20220825/UBNA_002/20220823_033000.WAV,Telephone Field,recover-20220825,002,1795
466.0015,466.0102,27187,36846,Nyctalus leisleri,0.008,0.028,-1,Echolocation,/mnt/ubna_data_01_mir/recover-20220825/UBNA_002/20220823_033000.WAV,Telephone Field,recover-20220825,002,1795
466.0075,466.0472,68437,81984,Rhinolophus ferrumequinum,0.021,0.021,-1,Echolocation,/mnt/ubna_data_01_mir/recover-20220825/UBNA_002/20220823_033000.WAV,Telephone Field,recover-20220825,002,1795
466.0135,466.0231,22031,26802,Nyctalus leisleri,0.01,0.022,-1,Echolocation,/mnt/ubna_data_01_mir/recover-20220825/UBNA_002/20220823_033000.WAV,Telephone Field,recover-20220825,002,1795
466.0555,466.0638,25468,34875,Eptesicus serotinus,0.009,0.024,-1,Echolocation,/mnt/ubna_data_01_mir/recover-20220825/UBNA_002/20220823_033000.WAV,Telephone Field,recover-20220825,002,1795
466.0625,466.1019,68437,82138,Rhinolophus ferrumequinum,0.022,0.022,-1,Echolocation,/mnt/ubna_data_01_mir/recover-20220825/UBNA_002/20220823_033000.WAV,Telephone Field,recover-20220825,002,1795
466.0645,466.07280000000003,22890,30727,Plecotus austriacus,0.01,0.024,-1,Echolocation,/mnt/ubna_data_01_mir/recover-20220825/UBNA_002/20220823_033000.WAV,Telephone Field,recover-20220825,002,1795
466.0905,466.1312,68437,83053,Rhinolophus ferrumequinum,0.035,0.035,-1,Echolocation,/mnt/ubna_data_01_mir/recover-20220825/UBNA_002/20220823_033000.WAV,Telephone Field,recover-20220825,002,1795
466.1595,466.1676,28046,39549,Eptesicus serotinus,0.007,0.021,-1,Echolocation,/mnt/ubna_data_01_mir/recover-20220825/UBNA_002/20220823_033000.WAV,Telephone Field,recover-20220825,002,1795
466.1665,466.205,68437,82509,Rhinolophus ferrumequinum,0.031,0.031,-1,Echolocation,/mnt/ubna_data_01_mir/recover-20220825/UBNA_002/20220823_033000.WAV,Telephone Field,recover-20220825,002,1795
466.1905,466.1984,27187,36320,Eptesicus serotinus,0.009,0.023,-1,Echolocation,/mnt/ubna_data_01_mir/recover-20220825/UBNA_002/20220823_033000.WAV,Telephone Field,recover-20220825,002,1795
466.1985,466.2404,68437,82806,Rhinolophus ferrumequinum,0.025,0.025,-1,Echolocation,/mnt/ubna_data_01_mir/recover-20220825/UBNA_002/20220823_033000.WAV,Telephone Field,recover-20220825,002,1795
466.2085,466.2454,68437,82712,Rhinolophus ferrumequinum,0.02,0.02,-1,Echolocation,/mnt/ubna_data_01_mir/recover-20220825/UBNA_002/20220823_033000.WAV,Telephone Field,recover-20220825,002,1795
466.2805,466.2936,21171,25305,Nyctalus leisleri,0.011,0.026,-1,Echolocation,/mnt/ubna_data_01_mir/recover-20220825/UBNA_002/20220823_033000.WAV,Telephone Field,recover-20220825,002,1795
466.2915,466.2991,24609,32334,Plecotus austriacus,0.008,0.022,-1,Echolocation,/mnt/ubna_data_01_mir/recover-20220825/UBNA_002/20220823_033000.WAV,Telephone Field,recover-20220825,002,1795
466.2925,466.3008,28906,36466,Eptesicus serotinus,0.008,0.021,-1,Echolocation,/mnt/ubna_data_01_mir/recover-20220825/UBNA_002/20220823_033000.WAV,Telephone Field,recover-20220825,002,1795
466.2985,466.3375,68437,82557,Rhinolophus ferrumequinum,0.021,0.021,-1,Echolocation,/mnt/ubna_data_01_mir/recover-20220825/UBNA_002/20220823_033000.WAV,Telephone Field,recover-20220825,002,1795
466.3285,466.3361,26328,39817,Eptesicus serotinus,0.006,0.021,-1,Echolocation,/mnt/ubna_data_01_mir/recover-20220825/UBNA_002/20220823_033000.WAV,Telephone Field,recover-20220825,002,1795
466.3295,466.3704,68437,82770,Rhinolophus ferrumequinum,0.025,0.025,-1,Echolocation,/mnt/ubna_data_01_mir/recover-20220825/UBNA_002/20220823_033000.WAV,Telephone Field,recover-20220825,002,1795
466.3395,466.38009999999997,68437,82596,Rhinolophus ferrumequinum,0.024,0.024,-1,Echolocation,/mnt/ubna_data_01_mir/recover-20220825/UBNA_002/20220823_033000.WAV,Telephone Field,recover-20220825,002,1795
466.3405,466.3479,48671,54373,Pipistrellus pipistrellus,0.019,0.021,-1,Echolocation,/mnt/ubna_data_01_mir/recover-20220825/UBNA_002/20220823_033000.WAV,Telephone Field,recover-20220825,002,1795
466.3425,466.3521,28046,36733,Eptesicus serotinus,0.01,0.023,-1,Echolocation,/mnt/ubna_data_01_mir/recover-20220825/UBNA_002/20220823_033000.WAV,Telephone Field,recover-20220825,002,1795
466.3655,466.405,68437,82059,Rhinolophus ferrumequinum,0.024,0.024,-1,Echolocation,/mnt/ubna_data_01_mir/recover-20220825/UBNA_002/20220823_033000.WAV,Telephone Field,recover-20220825,002,1795
466.3745,466.3855,28046,36760,Eptesicus serotinus,0.011,0.025,-1,Echolocation,/mnt/ubna_data_01_mir/recover-20220825/UBNA_002/20220823_033000.WAV,Telephone Field,recover-20220825,002,1795
466.3945,466.4051,29765,37016,Eptesicus serotinus,0.015,0.031,-1,Echolocation,/mnt/ubna_data_01_mir/recover-20220825/UBNA_002/20220823_033000.WAV,Telephone Field,recover-20220825,002,1795
466.39549999999997,466.4048,45234,53851,Pipistrellus pipistrellus,0.023,0.029,-1,Echolocation,/mnt/ubna_data_01_mir/recover-20220825/UBNA_002/20220823_033000.WAV,Telephone Field,recover-20220825,002,1795
466.3975,466.4337,68437,81436,Rhinolophus ferrumequinum,0.023,0.023,-1,Echolocation,/mnt/ubna_data_01_mir/recover-20220825/UBNA_002/20220823_033000.WAV,Telephone Field,recover-20220825,002,1795
466.4115,466.4219,23750,29527,Nyctalus leisleri,0.01,0.024,-1,Echolocation,/mnt/ubna_data_01_mir/recover-20220825/UBNA_002/20220823_033000.WAV,Telephone Field,recover-20220825,002,1795
466.4205,466.4584,68437,82318,Rhinolophus ferrumequinum,0.027,0.027,-1,Echolocation,/mnt/ubna_data_01_mir/recover-20220825/UBNA_002/20220823_033000.WAV,Telephone Field,recover-20220825,002,1795
466.4265,466.437,23750,29719,Nyctalus leisleri,0.01,0.023,-1,Echolocation,/mnt/ubna_data_01_mir/recover-20220825/UBNA_002/20220823_033000.WAV,Telephone Field,recover-20220825,002,1795
466.4575,466.49490000000003,68437,82121,Rhinolophus ferrumequinum,0.022,0.022,-1,Echolocation,/mnt/ubna_data_01_mir/recover-20220825/UBNA_002/20220823_033000.WAV,Telephone Field,recover-20220825,002,1795
466.4615,466.4695,45234,50717,Pipistrellus pipistrellus,0.024,0.025,-1,Echolocation,/mnt/ubna_data_01_mir/recover-20220825/UBNA_002/20220823_033000.WAV,Telephone Field,recover-20220825,002,1795
466.4645,466.4731,28046,39240,Eptesicus serotinus,0.008,0.024,-1,Echolocation,/mnt/ubna_data_01_mir/recover-20220825/UBNA_002/20220823_033000.WAV,Telephone Field,recover-20220825,002,1795
466.4885,466.4984,19453,25590,Plecotus austriacus,0.016,0.042,-1,Echolocation,/mnt/ubna_data_01_mir/recover-20220825/UBNA_002/20220823_033000.WAV,Telephone Field,recover-20220825,002,1795
466.4985,466.5375,68437,82253,Rhinolophus ferrumequinum,0.025,0.025,-1,Echolocation,/mnt/ubna_data_01_mir/recover-20220825/UBNA_002/20220823_033000.WAV,Telephone Field,recover-20220825,002,1795
466.5195,466.5332,22031,26608,Nyctalus leisleri,0.016,0.032,-1,Echolocation,/mnt/ubna_data_01_mir/recover-20220825/UBNA_002/20220823_033000.WAV,Telephone Field,recover-20220825,002,1795
466.5215,466.55989999999997,68437,81991,Rhinolophus ferrumequinum,0.021,0.021,-1,Echolocation,/mnt/ubna_data_01_mir/recover-20220825/UBNA_002/20220823_033000.WAV,Telephone Field,recover-20220825,002,1795
466.5475,466.5879,68437,82249,Rhinolophus ferrumequinum,0.021,0.021,-1,Echolocation,/mnt/ubna_data_01_mir/recover-20220825/UBNA_002/20220823_033000.WAV,Telephone Field,recover-20220825,002,1795
466.5625,466.5957,68437,80418,Rhinolophus ferrumequinum,0.021,0.021,-1,Echolocation,/mnt/ubna_data_01_mir/recover-20220825/UBNA_002/20220823_033000.WAV,Telephone Field,recover-20220825,002,1795
466.5705,466.5807,22031,27341,Nyctalus leisleri,0.008,0.021,-1,Echolocation,/mnt/ubna_data_01_mir/recover-20220825/UBNA_002/20220823_033000.WAV,Telephone Field,recover-20220825,002,1795
466.5825,466.59,28046,40126,Eptesicus serotinus,0.006,0.02,-1,Echolocation,/mnt/ubna_data_01_mir/recover-20220825/UBNA_002/20220823_033000.WAV,Telephone Field,recover-20220825,002,1795
466.5875,466.6254,68437,82466,Rhinolophus ferrumequinum,0.023,0.023,-1,Echolocation,/mnt/ubna_data_01_mir/recover-20220825/UBNA_002/20220823_033000.WAV,Telephone Field,recover-20220825,002,1795
466.6095,466.6505,68437,82335,Rhinolophus ferrumequinum,0.024,0.024,-1,Echolocation,/mnt/ubna_data_01_mir/recover-20220825/UBNA_002/20220823_033000.WAV,Telephone Field,recover-20220825,002,1795
466.6135,466.6238,22031,27727,Nyctalus leisleri,0.011,0.025,-1,Echolocation,/mnt/ubna_data_01_mir/recover-20220825/UBNA_002/20220823_033000.WAV,Telephone Field,recover-20220825,002,1795
466.64549999999997,466.6869,68437,82541,Rhinolophus ferrumequinum,0.031,0.031,-1,Echolocation,/mnt/ubna_data_01_mir/recover-20220825/UBNA_002/20220823_033000.WAV,Telephone Field,recover-20220825,002,1795
466.6545,466.6915,68437,81543,Rhinolophus ferrumequinum,0.025,0.025,-1,Echolocation,/mnt/ubna_data_01_mir/recover-20220825/UBNA_002/20220823_033000.WAV,Telephone Field,recover-20220825,002,1795
466.6615,466.6791,22031,25564,Nyctalus leisleri,0.044,0.086,-1,Echolocation,/mnt/ubna_data_01_mir/recover-20220825/UBNA_002/20220823_033000.WAV,Telephone Field,recover-20220825,002,1795
466.6795,466.7189,68437,81909,Rhinolophus ferrumequinum,0.021,0.022,-1,Echolocation,/mnt/ubna_data_01_mir/recover-20220825/UBNA_002/20220823_033000.WAV,Telephone Field,recover-20220825,002,1795
466.6985,466.738,68437,82066,Rhinolophus ferrumequinum,0.021,0.021,-1,Echolocation,/mnt/ubna_data_01_mir/recover-20220825/UBNA_002/20220823_033000.WAV,Telephone Field,recover-20220825,002,1795
466.7215,466.7564,68437,82179,Rhinolophus ferrumequinum,0.022,0.022,-1,Echolocation,/mnt/ubna_data_01_mir/recover-20220825/UBNA_002/20220823_033000.WAV,Telephone Field,recover-20220825,002,1795
466.7415,466.7831,68437,83038,Rhinolophus ferrumequinum,0.027,0.027,-1,Echolocation,/mnt/ubna_data_01_mir/recover-20220825/UBNA_002/20220823_033000.WAV,Telephone Field,recover-20220825,002,1795
466.7485,466.7569,25468,34402,Eptesicus serotinus,0.008,0.022,-1,Echolocation,/mnt/ubna_data_01_mir/recover-20220825/UBNA_002/20220823_033000.WAV,Telephone Field,recover-20220825,002,1795
466.7555,466.766,23750,29275,Nyctalus leisleri,0.009,0.022,-1,Echolocation,/mnt/ubna_data_01_mir/recover-20220825/UBNA_002/20220823_033000.WAV,Telephone Field,recover-20220825,002,1795
466.7615,466.7734,25468,30891,Eptesicus serotinus,0.008,0.021,-1,Echolocation,/mnt/ubna_data_01_mir/recover-20220825/UBNA_002/20220823_033000.WAV,Telephone Field,recover-20220825,002,1795
466.7675,466.8052,68437,82506,Rhinolophus ferrumequinum,0.021,0.021,-1,Echolocation,/mnt/ubna_data_01_mir/recover-20220825/UBNA_002/20220823_033000.WAV,Telephone Field,recover-20220825,002,1795
466.7755,466.7827,25468,34760,Plecotus austriacus,0.005,0.021,-1,Echolocation,/mnt/ubna_data_01_mir/recover-20220825/UBNA_002/20220823_033000.WAV,Telephone Field,recover-20220825,002,1795
466.7965,466.8077,23750,29591,Nyctalus leisleri,0.01,0.023,-1,Echolocation,/mnt/ubna_data_01_mir/recover-20220825/UBNA_002/20220823_033000.WAV,Telephone Field,recover-20220825,002,1795
466.8065,466.8142,24609,33266,Plecotus austriacus,0.008,0.024,-1,Echolocation,/mnt/ubna_data_01_mir/recover-20220825/UBNA_002/20220823_033000.WAV,Telephone Field,recover-20220825,002,1795
466.8335,466.8436,28906,37532,Eptesicus serotinus,0.015,0.028,-1,Echolocation,/mnt/ubna_data_01_mir/recover-20220825/UBNA_002/20220823_033000.WAV,Telephone Field,recover-20220825,002,1795
466.8525,466.8921,68437,82197,Rhinolophus ferrumequinum,0.022,0.023,-1,Echolocation,/mnt/ubna_data_01_mir/recover-20220825/UBNA_002/20220823_033000.WAV,Telephone Field,recover-20220825,002,1795
466.8725,466.883,23750,29182,Nyctalus leisleri,0.009,0.021,-1,Echolocation,/mnt/ubna_data_01_mir/recover-20220825/UBNA_002/20220823_033000.WAV,Telephone Field,recover-20220825,002,1795
466.9105,466.9207,22031,26932,Nyctalus leisleri,0.01,0.024,-1,Echolocation,/mnt/ubna_data_01_mir/recover-20220825/UBNA_002/20220823_033000.WAV,Telephone Field,recover-20220825,002,1795
466.9205,466.9295,32343,44561,Myotis daubentonii,0.006,0.021,-1,Echolocation,/mnt/ubna_data_01_mir/recover-20220825/UBNA_002/20220823_033000.WAV,Telephone Field,recover-20220825,002,1795
466.9495,466.9887,68437,82382,Rhinolophus ferrumequinum,0.025,0.025,-1,Echolocation,/mnt/ubna_data_01_mir/recover-20220825/UBNA_002/20220823_033000.WAV,Telephone Field,recover-20220825,002,1795
466.9725,466.9832,25468,32536,Eptesicus serotinus,0.009,0.023,-1,Echolocation,/mnt/ubna_data_01_mir/recover-20220825/UBNA_002/20220823_033000.WAV,Telephone Field,recover-20220825,002,1795
466.9905,467.0018,22890,27566,Nyctalus leisleri,0.013,0.024,-1,Echolocation,/mnt/ubna_data_01_mir/recover-20220825/UBNA_002/20220823_033000.WAV,Telephone Field,recover-20220825,002,1795
467.0045,467.0479,68437,82914,Rhinolophus ferrumequinum,0.034,0.034,-1,Echolocation,/mnt/ubna_data_01_mir/recover-20220825/UBNA_002/20220823_033000.WAV,Telephone Field,recover-20220825,002,1795
467.0225,467.0591,68437,81831,Rhinolophus ferrumequinum,0.023,0.023,-1,Echolocation,/mnt/ubna_data_01_mir/recover-20220825/UBNA_002/20220823_033000.WAV,Telephone Field,recover-20220825,002,1795
467.0305,467.0414,24609,31204,Nyctalus leisleri,0.012,0.034,-1,Echolocation,/mnt/ubna_data_01_mir/recover-20220825/UBNA_002/20220823_033000.WAV,Telephone Field,recover-20220825,002,1795
467.0595,467.0921,68437,80597,Rhinolophus ferrumequinum,0.02,0.02,-1,Echolocation,/mnt/ubna_data_01_mir/recover-20220825/UBNA_002/20220823_033000.WAV,Telephone Field,recover-20220825,002,1795
467.0865,467.1265,68437,82281,Rhinolophus ferrumequinum,0.028,0.028,-1,Echolocation,/mnt/ubna_data_01_mir/recover-20220825/UBNA_002/20220823_033000.WAV,Telephone Field,recover-20220825,002,1795
467.1085,467.1457,68437,82432,Rhinolophus ferrumequinum,0.022,0.022,-1,Echolocation,/mnt/ubna_data_01_mir/recover-20220825/UBNA_002/20220823_033000.WAV,Telephone Field,recover-20220825,002,1795
467.1285,467.136,25468,34418,Eptesicus serotinus,0.006,0.022,-1,Echolocation,/mnt/ubna_data_01_mir/recover-20220825/UBNA_002/20220823_033000.WAV,Telephone Field,recover-20220825,002,1795
467.1305,467.173,68437,83195,Rhinolophus ferrumequinum,0.027,0.027,-1,Echolocation,/mnt/ubna_data_01_mir/recover-20220825/UBNA_002/20220823_033000.WAV,Telephone Field,recover-20220825,002,1795
467.1725,467.2141,68437,82814,Rhinolophus ferrumequinum,0.022,0.022,-1,Echolocation,/mnt/ubna_data_01_mir/recover-20220825/UBNA_002/20220823_033000.WAV,Telephone Field,recover-20220825,002,1795
467.1825,467.2228,68437,82766,Rhinolophus ferrumequinum,0.023,0.023,-1,Echolocation,/mnt/ubna_data_01_mir/recover-20220825/UBNA_002/20220823_033000.WAV,Telephone Field,recover-20220825,002,1795
467.2005,467.20889999999997,24609,32795,Eptesicus serotinus,0.007,0.022,-1,Echolocation,/mnt/ubna_data_01_mir/recover-20220825/UBNA_002/20220823_033000.WAV,Telephone Field,recover-20220825,002,1795
467.2085,467.2497,68437,82721,Rhinolophus ferrumequinum,0.028,0.028,-1,Echolocation,/mnt/ubna_data_01_mir/recover-20220825/UBNA_002/20220823_033000.WAV,Telephone Field,recover-20220825,002,1795
467.2505,467.2606,43515,48307,Pipistrellus pipistrellus,0.015,0.02,-1,Echolocation,/mnt/ubna_data_01_mir/recover-20220825/UBNA_002/20220823_033000.WAV,Telephone Field,recover-20220825,002,1795
467.2625,467.3011,68437,82073,Rhinolophus ferrumequinum,0.022,0.022,-1,Echolocation,/mnt/ubna_data_01_mir/recover-20220825/UBNA_002/20220823_033000.WAV,Telephone Field,recover-20220825,002,1795
467.2915,467.3288,68437,81733,Rhinolophus ferrumequinum,0.02,0.02,-1,Echolocation,/mnt/ubna_data_01_mir/recover-20220825/UBNA_002/20220823_033000.WAV,Telephone Field,recover-20220825,002,1795
467.3135,467.3526,68437,82631,Rhinolophus ferrumequinum,0.024,0.024,-1,Echolocation,/mnt/ubna_data_01_mir/recover-20220825/UBNA_002/20220823_033000.WAV,Telephone Field,recover-20220825,002,1795
467.3575,467.3656,28046,40402,Eptesicus serotinus,0.008,0.021,-1,Echolocation,/mnt/ubna_data_01_mir/recover-20220825/UBNA_002/20220823_033000.WAV,Telephone Field,recover-20220825,002,1795
467.3585,467.3958,68437,82115,Rhinolophus ferrumequinum,0.021,0.021,-1,Echolocation,/mnt/ubna_data_01_mir/recover-20220825/UBNA_002/20220823_033000.WAV,Telephone Field,recover-20220825,002,1795
467.3725,467.3829,28046,37452,Eptesicus serotinus,0.012,0.026,-1,Echolocation,/mnt/ubna_data_01_mir/recover-20220825/UBNA_002/20220823_033000.WAV,Telephone Field,recover-20220825,002,1795
467.3865,467.3965,25468,31829,Nyctalus leisleri,0.009,0.025,-1,Echolocation,/mnt/ubna_data_01_mir/recover-20220825/UBNA_002/20220823_033000.WAV,Telephone Field,recover-20220825,002,1795
467.3975,467.4071,28906,39610,Eptesicus serotinus,0.009,0.022,-1,Echolocation,/mnt/ubna_data_01_mir/recover-20220825/UBNA_002/20220823_033000.WAV,Telephone Field,recover-20220825,002,1795
467.4045,467.4125,28906,41244,Eptesicus serotinus,0.007,0.021,-1,Echolocation,/mnt/ubna_data_01_mir/recover-20220825/UBNA_002/20220823_033000.WAV,Telephone Field,recover-20220825,002,1795
467.4245,467.4585,68437,81214,Rhinolophus ferrumequinum,0.021,0.021,-1,Echolocation,/mnt/ubna_data_01_mir/recover-20220825/UBNA_002/20220823_033000.WAV,Telephone Field,recover-20220825,002,1795
467.45550000000003,467.4972,68437,82648,Rhinolophus ferrumequinum,0.025,0.025,-1,Echolocation,/mnt/ubna_data_01_mir/recover-20220825/UBNA_002/20220823_033000.WAV,Telephone Field,recover-20220825,002,1795
467.4865,467.5222,68437,81746,Rhinolophus ferrumequinum,0.021,0.021,-1,Echolocation,/mnt/ubna_data_01_mir/recover-20220825/UBNA_002/20220823_033000.WAV,Telephone Field,recover-20220825,002,1795
467.4905,467.5007,24609,30767,Nyctalus leisleri,0.009,0.024,-1,Echolocation,/mnt/ubna_data_01_mir/recover-20220825/UBNA_002/20220823_033000.WAV,Telephone Field,recover-20220825,002,1795
467.5325,467.5723,68437,82291,Rhinolophus ferrumequinum,0.023,0.023,-1,Echolocation,/mnt/ubna_data_01_mir/recover-20220825/UBNA_002/20220823_033000.WAV,Telephone Field,recover-20220825,002,1795
467.5375,467.5511,24609,30107,Nyctalus leisleri,0.017,0.039,-1,Echolocation,/mnt/ubna_data_01_mir/recover-20220825/UBNA_002/20220823_033000.WAV,Telephone Field,recover-20220825,002,1795
467.6235,467.6318,28906,42340,Eptesicus serotinus,0.009,0.023,-1,Echolocation,/mnt/ubna_data_01_mir/recover-20220825/UBNA_002/20220823_033000.WAV,Telephone Field,recover-20220825,002,1795
467.6835,467.6911,28906,38719,Eptesicus serotinus,0.008,0.025,-1,Echolocation,/mnt/ubna_data_01_mir/recover-20220825/UBNA_002/20220823_033000.WAV,Telephone Field,recover-20220825,002,1795
467.6905,467.7273,68437,82188,Rhinolophus ferrumequinum,0.032,0.032,-1,Echolocation,/mnt/ubna_data_01_mir/recover-20220825/UBNA_002/20220823_033000.WAV,Telephone Field,recover-20220825,002,1795
467.7225,467.7305,22890,31336,Plecotus austriacus,0.016,0.032,-1,Echolocation,/mnt/ubna_data_01_mir/recover-20220825/UBNA_002/20220823_033000.WAV,Telephone Field,recover-20220825,002,1795
467.7505,467.7901,68437,81685,Rhinolophus ferrumequinum,0.021,0.021,-1,Echolocation,/mnt/ubna_data_01_mir/recover-20220825/UBNA_002/20220823_033000.WAV,Telephone Field,recover-20220825,002,1795
467.7815,467.8203,68437,82238,Rhinolophus ferrumequinum,0.024,0.024,-1,Echolocation,/mnt/ubna_data_01_mir/recover-20220825/UBNA_002/20220823_033000.WAV,Telephone Field,recover-20220825,002,1795
467.79449999999997,467.8044,28906,36581,Eptesicus serotinus,0.012,0.025,-1,Echolocation,/mnt/ubna_data_01_mir/recover-20220825/UBNA_002/20220823_033000.WAV,Telephone Field,recover-20220825,002,1795
467.8175,467.827,28906,38386,Eptesicus serotinus,0.01,0.023,-1,Echolocation,/mnt/ubna_data_01_mir/recover-20220825/UBNA_002/20220823_033000.WAV,Telephone Field,recover-20220825,002,1795
467.8245,467.8363,22890,27535,Nyctalus leisleri,0.011,0.022,-1,Echolocation,/mnt/ubna_data_01_mir/recover-20220825/UBNA_002/20220823_033000.WAV,Telephone Field,recover-20220825,002,1795
467.8745,467.9067,68437,80408,Rhinolophus ferrumequinum,0.023,0.023,-1,Echolocation,/mnt/ubna_data_01_mir/recover-20220825/UBNA_002/20220823_033000.WAV,Telephone Field,recover-20220825,002,1795
467.8905,467.9262,68437,82098,Rhinolophus ferrumequinum,0.023,0.023,-1,Echolocation,/mnt/ubna_data_01_mir/recover-20220825/UBNA_002/20220823_033000.WAV,Telephone Field,recover-20220825,002,1795
467.9005,467.9395,68437,82147,Rhinolophus ferrumequinum,0.023,0.023,-1,Echolocation,/mnt/ubna_data_01_mir/recover-20220825/UBNA_002/20220823_033000.WAV,Telephone Field,recover-20220825,002,1795
467.9265,467.9341,28046,39260,Eptesicus serotinus,0.007,0.025,-1,Echolocation,/mnt/ubna_data_01_mir/recover-20220825/UBNA_002/20220823_033000.WAV,Telephone Field,recover-20220825,002,1795
467.9345,467.9721,68437,82773,Rhinolophus ferrumequinum,0.022,0.022,-1,Echolocation,/mnt/ubna_data_01_mir/recover-20220825/UBNA_002/20220823_033000.WAV,Telephone Field,recover-20220825,002,1795
467.9405,467.9519,22890,27115,Nyctalus leisleri,0.014,0.027,-1,Echolocation,/mnt/ubna_data_01_mir/recover-20220825/UBNA_002/20220823_033000.WAV,Telephone Field,recover-20220825,002,1795
467.9575,467.9968,68437,82947,Rhinolophus ferrumequinum,0.027,0.027,-1,Echolocation,/mnt/ubna_data_01_mir/recover-20220825/UBNA_002/20220823_033000.WAV,Telephone Field,recover-20220825,002,1795
467.9825,467.9902,25468,35065,Plecotus austriacus,0.01,0.033,-1,Echolocation,/mnt/ubna_data_01_mir/recover-20220825/UBNA_002/20220823_033000.WAV,Telephone Field,recover-20220825,002,1795
468.0015,468.0168,18593,23457,Nyctalus noctula,0.009,0.021,-1,Echolocation,/mnt/ubna_data_01_mir/recover-20220825/UBNA_002/20220823_033000.WAV,Telephone Field,recover-20220825,002,1795
468.0015,468.0321,68437,79310,Rhinolophus ferrumequinum,0.045,0.046,-1,Echolocation,/mnt/ubna_data_01_mir/recover-20220825/UBNA_002/20220823_033000.WAV,Telephone Field,recover-20220825,002,1795
468.0015,468.0096,48671,57049,Pipistrellus pipistrellus,0.012,0.025,-1,Echolocation,/mnt/ubna_data_01_mir/recover-20220825/UBNA_002/20220823_033000.WAV,Telephone Field,recover-20220825,002,1795
468.0075,468.046,68437,82074,Rhinolophus ferrumequinum,0.022,0.022,-1,Echolocation,/mnt/ubna_data_01_mir/recover-20220825/UBNA_002/20220823_033000.WAV,Telephone Field,recover-20220825,002,1795
468.0575,468.0937,68437,81786,Rhinolophus ferrumequinum,0.022,0.022,-1,Echolocation,/mnt/ubna_data_01_mir/recover-20220825/UBNA_002/20220823_033000.WAV,Telephone Field,recover-20220825,002,1795
468.0915,468.1316,68437,82555,Rhinolophus ferrumequinum,0.03,0.03,-1,Echolocation,/mnt/ubna_data_01_mir/recover-20220825/UBNA_002/20220823_033000.WAV,Telephone Field,recover-20220825,002,1795
468.1065,468.1203,22031,26227,Nyctalus leisleri,0.015,0.027,-1,Echolocation,/mnt/ubna_data_01_mir/recover-20220825/UBNA_002/20220823_033000.WAV,Telephone Field,recover-20220825,002,1795
468.1075,468.1503,68437,82736,Rhinolophus ferrumequinum,0.034,0.034,-1,Echolocation,/mnt/ubna_data_01_mir/recover-20220825/UBNA_002/20220823_033000.WAV,Telephone Field,recover-20220825,002,1795
468.1405,468.1745,68437,81145,Rhinolophus ferrumequinum,0.03,0.03,-1,Echolocation,/mnt/ubna_data_01_mir/recover-20220825/UBNA_002/20220823_033000.WAV,Telephone Field,recover-20220825,002,1795
468.1565,468.1637,28046,39774,Eptesicus serotinus,0.006,0.021,-1,Echolocation,/mnt/ubna_data_01_mir/recover-20220825/UBNA_002/20220823_033000.WAV,Telephone Field,recover-20220825,002,1795
468.1795,468.2224,68437,83186,Rhinolophus ferrumequinum,0.024,0.024,-1,Echolocation,/mnt/ubna_data_01_mir/recover-20220825/UBNA_002/20220823_033000.WAV,Telephone Field,recover-20220825,002,1795
468.2025,468.2109,35781,45542,Myotis daubentonii,0.008,0.025,-1,Echolocation,/mnt/ubna_data_01_mir/recover-20220825/UBNA_002/20220823_033000.WAV,Telephone Field,recover-20220825,002,1795
468.20550000000003,468.213,28046,42480,Eptesicus serotinus,0.007,0.021,-1,Echolocation,/mnt/ubna_data_01_mir/recover-20220825/UBNA_002/20220823_033000.WAV,Telephone Field,recover-20220825,002,1795
468.2235,468.264,68437,82609,Rhinolophus ferrumequinum,0.023,0.023,-1,Echolocation,/mnt/ubna_data_01_mir/recover-20220825/UBNA_002/20220823_033000.WAV,Telephone Field,recover-20220825,002,1795
468.2475,468.288,68437,81581,Rhinolophus ferrumequinum,0.029,0.029,-1,Echolocation,/mnt/ubna_data_01_mir/recover-20220825/UBNA_002/20220823_033000.WAV,Telephone Field,recover-20220825,002,1795
468.2845,468.3265,68437,82642,Rhinolophus ferrumequinum,0.029,0.029,-1,Echolocation,/mnt/ubna_data_01_mir/recover-20220825/UBNA_002/20220823_033000.WAV,Telephone Field,recover-20220825,002,1795
468.2915,468.3002,28046,36889,Eptesicus serotinus,0.01,0.023,-1,Echolocation,/mnt/ubna_data_01_mir/recover-20220825/UBNA_002/20220823_033000.WAV,Telephone Field,recover-20220825,002,1795
468.3325,468.3731,68437,82283,Rhinolophus ferrumequinum,0.021,0.021,-1,Echolocation,/mnt/ubna_data_01_mir/recover-20220825/UBNA_002/20220823_033000.WAV,Telephone Field,recover-20220825,002,1795
468.3735,468.4124,68437,82375,Rhinolophus ferrumequinum,0.027,0.027,-1,Echolocation,/mnt/ubna_data_01_mir/recover-20220825/UBNA_002/20220823_033000.WAV,Telephone Field,recover-20220825,002,1795
468.3995,468.44010000000003,68437,82808,Rhinolophus ferrumequinum,0.03,0.03,-1,Echolocation,/mnt/ubna_data_01_mir/recover-20220825/UBNA_002/20220823_033000.WAV,Telephone Field,recover-20220825,002,1795
468.4885,468.5309,68437,81887,Rhinolophus ferrumequinum,0.029,0.029,-1,Echolocation,/mnt/ubna_data_01_mir/recover-20220825/UBNA_002/20220823_033000.WAV,Telephone Field,recover-20220825,002,1795
468.5565,468.5956,68437,81842,Rhinolophus ferrumequinum,0.03,0.03,-1,Echolocation,/mnt/ubna_data_01_mir/recover-20220825/UBNA_002/20220823_033000.WAV,Telephone Field,recover-20220825,002,1795
468.5635,468.5719,25468,33833,Eptesicus serotinus,0.008,0.023,-1,Echolocation,/mnt/ubna_data_01_mir/recover-20220825/UBNA_002/20220823_033000.WAV,Telephone Field,recover-20220825,002,1795
468.5835,468.6241,68437,82468,Rhinolophus ferrumequinum,0.027,0.027,-1,Echolocation,/mnt/ubna_data_01_mir/recover-20220825/UBNA_002/20220823_033000.WAV,Telephone Field,recover-20220825,002,1795
468.5955,468.603,23750,31994,Plecotus austriacus,0.013,0.029,-1,Echolocation,/mnt/ubna_data_01_mir/recover-20220825/UBNA_002/20220823_033000.WAV,Telephone Field,recover-20220825,002,1795
468.6095,468.6432,68437,81588,Rhinolophus ferrumequinum,0.021,0.021,-1,Echolocation,/mnt/ubna_data_01_mir/recover-20220825/UBNA_002/20220823_033000.WAV,Telephone Field,recover-20220825,002,1795
468.6195,468.6283,28046,39283,Eptesicus serotinus,0.008,0.021,-1,Echolocation,/mnt/ubna_data_01_mir/recover-20220825/UBNA_002/20220823_033000.WAV,Telephone Field,recover-20220825,002,1795
468.6245,468.67,68437,83548,Rhinolophus ferrumequinum,0.047,0.047,-1,Echolocation,/mnt/ubna_data_01_mir/recover-20220825/UBNA_002/20220823_033000.WAV,Telephone Field,recover-20220825,002,1795
468.6465,468.6869,68437,82537,Rhinolophus ferrumequinum,0.021,0.021,-1,Echolocation,/mnt/ubna_data_01_mir/recover-20220825/UBNA_002/20220823_033000.WAV,Telephone Field,recover-20220825,002,1795
468.7135,468.7502,68437,82386,Rhinolophus ferrumequinum,0.021,0.021,-1,Echolocation,/mnt/ubna_data_01_mir/recover-20220825/UBNA_002/20220823_033000.WAV,Telephone Field,recover-20220825,002,1795
468.7345,468.7775,68437,83102,Rhinolophus ferrumequinum,0.04,0.04,-1,Echolocation,/mnt/ubna_data_01_mir/recover-20220825/UBNA_002/20220823_033000.WAV,Telephone Field,recover-20220825,002,1795
468.7575,468.7958,68437,82516,Rhinolophus ferrumequinum,0.023,0.023,-1,Echolocation,/mnt/ubna_data_01_mir/recover-20220825/UBNA_002/20220823_033000.WAV,Telephone Field,recover-20220825,002,1795
468.7805,468.8198,68437,82561,Rhinolophus ferrumequinum,0.021,0.021,-1,Echolocation,/mnt/ubna_data_01_mir/recover-20220825/UBNA_002/20220823_033000.WAV,Telephone Field,recover-20220825,002,1795
468.7995,468.8383,68437,82026,Rhinolophus ferrumequinum,0.021,0.021,-1,Echolocation,/mnt/ubna_data_01_mir/recover-20220825/UBNA_002/20220823_033000.WAV,Telephone Field,recover-20220825,002,1795
468.8085,468.816,27187,35711,Eptesicus serotinus,0.008,0.021,-1,Echolocation,/mnt/ubna_data_01_mir/recover-20220825/UBNA_002/20220823_033000.WAV,Telephone Field,recover-20220825,002,1795
468.8205,468.8311,28906,36578,Eptesicus serotinus,0.009,0.022,-1,Echolocation,/mnt/ubna_data_01_mir/recover-20220825/UBNA_002/20220823_033000.WAV,Telephone Field,recover-20220825,002,1795
468.8225,468.8629,68437,82460,Rhinolophus ferrumequinum,0.024,0.024,-1,Echolocation,/mnt/ubna_data_01_mir/recover-20220825/UBNA_002/20220823_033000.WAV,Telephone Field,recover-20220825,002,1795
468.83050000000003,468.8414,25468,32635,Eptesicus serotinus,0.009,0.023,-1,Echolocation,/mnt/ubna_data_01_mir/recover-20220825/UBNA_002/20220823_033000.WAV,Telephone Field,recover-20220825,002,1795
468.8425,468.8821,68437,82466,Rhinolophus ferrumequinum,0.022,0.022,-1,Echolocation,/mnt/ubna_data_01_mir/recover-20220825/UBNA_002/20220823_033000.WAV,Telephone Field,recover-20220825,002,1795
468.8685,468.9055,68437,82272,Rhinolophus ferrumequinum,0.023,0.023,-1,Echolocation,/mnt/ubna_data_01_mir/recover-20220825/UBNA_002/20220823_033000.WAV,Telephone Field,recover-20220825,002,1795
468.8885,468.8997,56406,61965,Pipistrellus pygmaeus,0.02,0.022,-1,Echolocation,/mnt/ubna_data_01_mir/recover-20220825/UBNA_002/20220823_033000.WAV,Telephone Field,recover-20220825,002,1795
468.8895,468.9305,68437,81742,Rhinolophus ferrumequinum,0.027,0.027,-1,Echolocation,/mnt/ubna_data_01_mir/recover-20220825/UBNA_002/20220823_033000.WAV,Telephone Field,recover-20220825,002,1795
468.9365,468.9451,28046,39205,Eptesicus serotinus,0.008,0.021,-1,Echolocation,/mnt/ubna_data_01_mir/recover-20220825/UBNA_002/20220823_033000.WAV,Telephone Field,recover-20220825,002,1795
468.9405,468.983,68437,82909,Rhinolophus ferrumequinum,0.029,0.029,-1,Echolocation,/mnt/ubna_data_01_mir/recover-20220825/UBNA_002/20220823_033000.WAV,Telephone Field,recover-20220825,002,1795
468.9685,468.9758,44375,54136,Pipistrellus pipistrellus,0.013,0.022,-1,Echolocation,/mnt/ubna_data_01_mir/recover-20220825/UBNA_002/20220823_033000.WAV,Telephone Field,recover-20220825,002,1795
468.9685,468.9756,23750,32226,Plecotus austriacus,0.009,0.022,-1,Echolocation,/mnt/ubna_data_01_mir/recover-20220825/UBNA_002/20220823_033000.WAV,Telephone Field,recover-20220825,002,1795
468.9755,469.0112,68437,81256,Rhinolophus ferrumequinum,0.023,0.023,-1,Echolocation,/mnt/ubna_data_01_mir/recover-20220825/UBNA_002/20220823_033000.WAV,Telephone Field,recover-20220825,002,1795
469.0165,469.0569,68437,82417,Rhinolophus ferrumequinum,0.021,0.021,-1,Echolocation,/mnt/ubna_data_01_mir/recover-20220825/UBNA_002/20220823_033000.WAV,Telephone Field,recover-20220825,002,1795
469.0295,469.0403,28906,36209,Eptesicus serotinus,0.012,0.025,-1,Echolocation,/mnt/ubna_data_01_mir/recover-20220825/UBNA_002/20220823_033000.WAV,Telephone Field,recover-20220825,002,1795
469.0425,469.0829,68437,82203,Rhinolophus ferrumequinum,0.022,0.022,-1,Echolocation,/mnt/ubna_data_01_mir/recover-20220825/UBNA_002/20220823_033000.WAV,Telephone Field,recover-20220825,002,1795
469.0675,469.1096,68437,82816,Rhinolophus ferrumequinum,0.021,0.021,-1,Echolocation,/mnt/ubna_data_01_mir/recover-20220825/UBNA_002/20220823_033000.WAV,Telephone Field,recover-20220825,002,1795
469.0755,469.1151,68437,82240,Rhinolophus ferrumequinum,0.021,0.021,-1,Echolocation,/mnt/ubna_data_01_mir/recover-20220825/UBNA_002/20220823_033000.WAV,Telephone Field,recover-20220825,002,1795
469.0855,469.1249,68437,81730,Rhinolophus ferrumequinum,0.021,0.021,-1,Echolocation,/mnt/ubna_data_01_mir/recover-20220825/UBNA_002/20220823_033000.WAV,Telephone Field,recover-20220825,002,1795
469.0945,469.1323,68437,82194,Rhinolophus ferrumequinum,0.021,0.021,-1,Echolocation,/mnt/ubna_data_01_mir/recover-20220825/UBNA_002/20220823_033000.WAV,Telephone Field,recover-20220825,002,1795
469.1215,469.1604,68437,81691,Rhinolophus ferrumequinum,0.024,0.024,-1,Echolocation,/mnt/ubna_data_01_mir/recover-20220825/UBNA_002/20220823_033000.WAV,Telephone Field,recover-20220825,002,1795
469.1285,469.1437,22890,27416,Nyctalus leisleri,0.016,0.028,-1,Echolocation,/mnt/ubna_data_01_mir/recover-20220825/UBNA_002/20220823_033000.WAV,Telephone Field,recover-20220825,002,1795
469.1485,469.1887,68437,82188,Rhinolophus ferrumequinum,0.022,0.022,-1,Echolocation,/mnt/ubna_data_01_mir/recover-20220825/UBNA_002/20220823_033000.WAV,Telephone Field,recover-20220825,002,1795
469.1555,469.1955,68437,82717,Rhinolophus ferrumequinum,0.022,0.022,-1,Echolocation,/mnt/ubna_data_01_mir/recover-20220825/UBNA_002/20220823_033000.WAV,Telephone Field,recover-20220825,002,1795
469.1755,469.1963,18593,21362,Nyctalus noctula,0.01,0.021,-1,Echolocation,/mnt/ubna_data_01_mir/recover-20220825/UBNA_002/20220823_033000.WAV,Telephone Field,recover-20220825,002,1795
469.1755,469.2168,68437,82466,Rhinolophus ferrumequinum,0.025,0.025,-1,Echolocation,/mnt/ubna_data_01_mir/recover-20220825/UBNA_002/20220823_033000.WAV,Telephone Field,recover-20220825,002,1795
469.2035,469.2121,34921,42451,Myotis daubentonii,0.008,0.022,-1,Echolocation,/mnt/ubna_data_01_mir/recover-20220825/UBNA_002/20220823_033000.WAV,Telephone Field,recover-20220825,002,1795
469.2125,469.223,22890,28101,Nyctalus leisleri,0.01,0.022,-1,Echolocation,/mnt/ubna_data_01_mir/recover-20220825/UBNA_002/20220823_033000.WAV,Telephone Field,recover-20220825,002,1795
469.2135,469.2513,68437,81859,Rhinolophus ferrumequinum,0.021,0.021,-1,Echolocation,/mnt/ubna_data_01_mir/recover-20220825/UBNA_002/20220823_033000.WAV,Telephone Field,recover-20220825,002,1795
469.2365,469.2781,68437,82312,Rhinolophus ferrumequinum,0.026,0.026,-1,Echolocation,/mnt/ubna_data_01_mir/recover-20220825/UBNA_002/20220823_033000.WAV,Telephone Field,recover-20220825,002,1795
469.2405,469.2477,27187,39172,Eptesicus serotinus,0.006,0.022,-1,Echolocation,/mnt/ubna_data_01_mir/recover-20220825/UBNA_002/20220823_033000.WAV,Telephone Field,recover-20220825,002,1795
469.2445,469.2878,68437,82902,Rhinolophus ferrumequinum,0.03,0.03,-1,Echolocation,/mnt/ubna_data_01_mir/recover-20220825/UBNA_002/20220823_033000.WAV,Telephone Field,recover-20220825,002,1795
469.2675,469.2783,23750,30878,Nyctalus leisleri,0.015,0.043,-1,Echolocation,/mnt/ubna_data_01_mir/recover-20220825/UBNA_002/20220823_033000.WAV,Telephone Field,recover-20220825,002,1795
469.2695,469.3103,68437,82851,Rhinolophus ferrumequinum,0.024,0.024,-1,Echolocation,/mnt/ubna_data_01_mir/recover-20220825/UBNA_002/20220823_033000.WAV,Telephone Field,recover-20220825,002,1795
469.2805,469.3219,68437,82823,Rhinolophus ferrumequinum,0.023,0.023,-1,Echolocation,/mnt/ubna_data_01_mir/recover-20220825/UBNA_002/20220823_033000.WAV,Telephone Field,recover-20220825,002,1795
469.2805,469.2899,49531,52751,Pipistrellus pipistrellus,0.03,0.034,-1,Echolocation,/mnt/ubna_data_01_mir/recover-20220825/UBNA_002/20220823_033000.WAV,Telephone Field,recover-20220825,002,1795
469.3005,469.3385,68437,82231,Rhinolophus ferrumequinum,0.023,0.023,-1,Echolocation,/mnt/ubna_data_01_mir/recover-20220825/UBNA_002/20220823_033000.WAV,Telephone Field,recover-20220825,002,1795
469.3325,469.3408,28046,39301,Eptesicus serotinus,0.008,0.022,-1,Echolocation,/mnt/ubna_data_01_mir/recover-20220825/UBNA_002/20220823_033000.WAV,Telephone Field,recover-20220825,002,1795
469.3395,469.3793,68437,82336,Rhinolophus ferrumequinum,0.028,0.028,-1,Echolocation,/mnt/ubna_data_01_mir/recover-20220825/UBNA_002/20220823_033000.WAV,Telephone Field,recover-20220825,002,1795
469.3655,469.4047,68437,82014,Rhinolophus ferrumequinum,0.024,0.024,-1,Echolocation,/mnt/ubna_data_01_mir/recover-20220825/UBNA_002/20220823_033000.WAV,Telephone Field,recover-20220825,002,1795
469.3685,469.3907,18593,21616,Nyctalus noctula,0.041,0.067,-1,Echolocation,/mnt/ubna_data_01_mir/recover-20220825/UBNA_002/20220823_033000.WAV,Telephone Field,recover-20220825,002,1795
469.3745,469.4152,68437,82577,Rhinolophus ferrumequinum,0.023,0.023,-1,Echolocation,/mnt/ubna_data_01_mir/recover-20220825/UBNA_002/20220823_033000.WAV,Telephone Field,recover-20220825,002,1795
469.3935,469.4364,68437,83601,Rhinolophus ferrumequinum,0.033,0.033,-1,Echolocation,/mnt/ubna_data_01_mir/recover-20220825/UBNA_002/20220823_033000.WAV,Telephone Field,recover-20220825,002,1795
469.4055,469.413,29765,39452,Myotis daubentonii,0.008,0.026,-1,Echolocation,/mnt/ubna_data_01_mir/recover-20220825/UBNA_002/20220823_033000.WAV,Telephone Field,recover-20220825,002,1795
469.4435,469.4498,27187,43588,Eptesicus serotinus,0.007,0.028,-1,Echolocation,/mnt/ubna_data_01_mir/recover-20220825/UBNA_002/20220823_033000.WAV,Telephone Field,recover-20220825,002,1795
469.4465,469.4862,68437,82763,Rhinolophus ferrumequinum,0.021,0.021,-1,Echolocation,/mnt/ubna_data_01_mir/recover-20220825/UBNA_002/20220823_033000.WAV,Telephone Field,recover-20220825,002,1795
469.4675,469.5075,68437,82445,Rhinolophus ferrumequinum,0.024,0.024,-1,Echolocation,/mnt/ubna_data_01_mir/recover-20220825/UBNA_002/20220823_033000.WAV,Telephone Field,recover-20220825,002,1795
469.4815,469.5191,68437,82028,Rhinolophus ferrumequinum,0.023,0.023,-1,Echolocation,/mnt/ubna_data_01_mir/recover-20220825/UBNA_002/20220823_033000.WAV,Telephone Field,recover-20220825,002,1795
469.5185,469.5274,28046,37430,Eptesicus serotinus,0.008,0.021,-1,Echolocation,/mnt/ubna_data_01_mir/recover-20220825/UBNA_002/20220823_033000.WAV,Telephone Field,recover-20220825,002,1795
469.5255,469.5677,68437,83632,Rhinolophus ferrumequinum,0.04,0.04,-1,Echolocation,/mnt/ubna_data_01_mir/recover-20220825/UBNA_002/20220823_033000.WAV,Telephone Field,recover-20220825,002,1795
469.5705,469.5813,23750,29154,Nyctalus leisleri,0.01,0.022,-1,Echolocation,/mnt/ubna_data_01_mir/recover-20220825/UBNA_002/20220823_033000.WAV,Telephone Field,recover-20220825,002,1795
469.6005,469.639,68437,82362,Rhinolophus ferrumequinum,0.024,0.024,-1,Echolocation,/mnt/ubna_data_01_mir/recover-20220825/UBNA_002/20220823_033000.WAV,Telephone Field,recover-20220825,002,1795
469.6395,469.651,22890,27850,Nyctalus leisleri,0.011,0.022,-1,Echolocation,/mnt/ubna_data_01_mir/recover-20220825/UBNA_002/20220823_033000.WAV,Telephone Field,recover-20220825,002,1795
469.6575,469.6665,26328,34512,Eptesicus serotinus,0.014,0.031,-1,Echolocation,/mnt/ubna_data_01_mir/recover-20220825/UBNA_002/20220823_033000.WAV,Telephone Field,recover-20220825,002,1795
469.6775,469.7224,68437,83247,Rhinolophus ferrumequinum,0.036,0.036,-1,Echolocation,/mnt/ubna_data_01_mir/recover-20220825/UBNA_002/20220823_033000.WAV,Telephone Field,recover-20220825,002,1795
469.6945,469.703,28046,38826,Eptesicus serotinus,0.009,0.024,-1,Echolocation,/mnt/ubna_data_01_mir/recover-20220825/UBNA_002/20220823_033000.WAV,Telephone Field,recover-20220825,002,1795
469.7425,469.7796,68437,82174,Rhinolophus ferrumequinum,0.021,0.021,-1,Echolocation,/mnt/ubna_data_01_mir/recover-20220825/UBNA_002/20220823_033000.WAV,Telephone Field,recover-20220825,002,1795
469.7455,469.7566,22031,27206,Nyctalus leisleri,0.01,0.024,-1,Echolocation,/mnt/ubna_data_01_mir/recover-20220825/UBNA_002/20220823_033000.WAV,Telephone Field,recover-20220825,002,1795
469.7605,469.7983,68437,82035,Rhinolophus ferrumequinum,0.022,0.022,-1,Echolocation,/mnt/ubna_data_01_mir/recover-20220825/UBNA_002/20220823_033000.WAV,Telephone Field,recover-20220825,002,1795
469.7675,469.8067,68437,82387,Rhinolophus ferrumequinum,0.022,0.022,-1,Echolocation,/mnt/ubna_data_01_mir/recover-20220825/UBNA_002/20220823_033000.WAV,Telephone Field,recover-20220825,002,1795
469.7755,469.8165,68437,83356,Rhinolophus ferrumequinum,0.025,0.025,-1,Echolocation,/mnt/ubna_data_01_mir/recover-20220825/UBNA_002/20220823_033000.WAV,Telephone Field,recover-20220825,002,1795
469.7865,469.82529999999997,68437,82331,Rhinolophus ferrumequinum,0.024,0.024,-1,Echolocation,/mnt/ubna_data_01_mir/recover-20220825/UBNA_002/20220823_033000.WAV,Telephone Field,recover-20220825,002,1795
469.8085,469.8491,68437,81741,Rhinolophus ferrumequinum,0.021,0.021,-1,Echolocation,/mnt/ubna_data_01_mir/recover-20220825/UBNA_002/20220823_033000.WAV,Telephone Field,recover-20220825,002,1795
469.8395,469.8788,68437,82660,Rhinolophus ferrumequinum,0.027,0.027,-1,Echolocation,/mnt/ubna_data_01_mir/recover-20220825/UBNA_002/20220823_033000.WAV,Telephone Field,recover-20220825,002,1795
469.8505,469.8885,68437,81403,Rhinolophus ferrumequinum,0.021,0.021,-1,Echolocation,/mnt/ubna_data_01_mir/recover-20220825/UBNA_002/20220823_033000.WAV,Telephone Field,recover-20220825,002,1795
469.8595,469.8677,30625,41624,Myotis daubentonii,0.009,0.023,-1,Echolocation,/mnt/ubna_data_01_mir/recover-20220825/UBNA_002/20220823_033000.WAV,Telephone Field,recover-20220825,002,1795
469.8925,469.9298,68437,81503,Rhinolophus ferrumequinum,0.022,0.022,-1,Echolocation,/mnt/ubna_data_01_mir/recover-20220825/UBNA_002/20220823_033000.WAV,Telephone Field,recover-20220825,002,1795
469.9115,469.9518,68437,82255,Rhinolophus ferrumequinum,0.025,0.025,-1,Echolocation,/mnt/ubna_data_01_mir/recover-20220825/UBNA_002/20220823_033000.WAV,Telephone Field,recover-20220825,002,1795
469.9215,469.9614,68437,82674,Rhinolophus ferrumequinum,0.021,0.021,-1,Echolocation,/mnt/ubna_data_01_mir/recover-20220825/UBNA_002/20220823_033000.WAV,Telephone Field,recover-20220825,002,1795
469.9835,469.9926,27187,38992,Eptesicus serotinus,0.012,0.027,-1,Echolocation,/mnt/ubna_data_01_mir/recover-20220825/UBNA_002/20220823_033000.WAV,Telephone Field,recover-20220825,002,1795
470.0015,470.0163,47812,53028,Pipistrellus pipistrellus,0.02,0.026,-1,Echolocation,/mnt/ubna_data_01_mir/recover-20220825/UBNA_002/20220823_033000.WAV,Telephone Field,recover-20220825,002,1795
470.0015,470.0095,23750,36726,Plecotus austriacus,0.007,0.029,-1,Echolocation,/mnt/ubna_data_01_mir/recover-20220825/UBNA_002/20220823_033000.WAV,Telephone Field,recover-20220825,002,1795
470.0015,470.0335,69296,81983,Rhinolophus ferrumequinum,0.044,0.044,-1,Echolocation,/mnt/ubna_data_01_mir/recover-20220825/UBNA_002/20220823_033000.WAV,Telephone Field,recover-20220825,002,1795
470.0015,470.0082,30625,45459,Myotis daubentonii,0.012,0.029,-1,Echolocation,/mnt/ubna_data_01_mir/recover-20220825/UBNA_002/20220823_033000.WAV,Telephone Field,recover-20220825,002,1795
470.0535,470.0617,28046,39814,Eptesicus serotinus,0.008,0.022,-1,Echolocation,/mnt/ubna_data_01_mir/recover-20220825/UBNA_002/20220823_033000.WAV,Telephone Field,recover-20220825,002,1795
470.10450000000003,470.1139,28046,38069,Eptesicus serotinus,0.009,0.023,-1,Echolocation,/mnt/ubna_data_01_mir/recover-20220825/UBNA_002/20220823_033000.WAV,Telephone Field,recover-20220825,002,1795
470.1465,470.1545,26328,40654,Eptesicus serotinus,0.01,0.027,-1,Echolocation,/mnt/ubna_data_01_mir/recover-20220825/UBNA_002/20220823_033000.WAV,Telephone Field,recover-20220825,002,1795
470.1795,470.1908,28046,35790,Eptesicus serotinus,0.014,0.027,-1,Echolocation,/mnt/ubna_data_01_mir/recover-20220825/UBNA_002/20220823_033000.WAV,Telephone Field,recover-20220825,002,1795
470.2255,470.2656,68437,82613,Rhinolophus ferrumequinum,0.024,0.024,-1,Echolocation,/mnt/ubna_data_01_mir/recover-20220825/UBNA_002/20220823_033000.WAV,Telephone Field,recover-20220825,002,1795
470.3005,470.3113,24609,30751,Nyctalus leisleri,0.011,0.029,-1,Echolocation,/mnt/ubna_data_01_mir/recover-20220825/UBNA_002/20220823_033000.WAV,Telephone Field,recover-20220825,002,1795
470.3555,470.3921,68437,82380,Rhinolophus ferrumequinum,0.023,0.023,-1,Echolocation,/mnt/ubna_data_01_mir/recover-20220825/UBNA_002/20220823_033000.WAV,Telephone Field,recover-20220825,002,1795
470.4225,470.4635,68437,82837,Rhinolophus ferrumequinum,0.026,0.026,-1,Echolocation,/mnt/ubna_data_01_mir/recover-20220825/UBNA_002/20220823_033000.WAV,Telephone Field,recover-20220825,002,1795
470.4265,470.4418,15156,21366,Nyctalus noctula,0.024,0.032,-1,Echolocation,/mnt/ubna_data_01_mir/recover-20220825/UBNA_002/20220823_033000.WAV,Telephone Field,recover-20220825,002,1795
470.4315,470.4715,68437,83246,Rhinolophus ferrumequinum,0.022,0.022,-1,Echolocation,/mnt/ubna_data_01_mir/recover-20220825/UBNA_002/20220823_033000.WAV,Telephone Field,recover-20220825,002,1795
470.4405,470.4476,27187,37577,Eptesicus serotinus,0.01,0.026,-1,Echolocation,/mnt/ubna_data_01_mir/recover-20220825/UBNA_002/20220823_033000.WAV,Telephone Field,recover-20220825,002,1795
470.4685,470.5082,68437,82024,Rhinolophus ferrumequinum,0.022,0.022,-1,Echolocation,/mnt/ubna_data_01_mir/recover-20220825/UBNA_002/20220823_033000.WAV,Telephone Field,recover-20220825,002,1795
470.4725,470.4805,28046,39980,Eptesicus serotinus,0.009,0.025,-1,Echolocation,/mnt/ubna_data_01_mir/recover-20220825/UBNA_002/20220823_033000.WAV,Telephone Field,recover-20220825,002,1795
470.5665,470.6058,68437,82893,Rhinolophus ferrumequinum,0.025,0.025,-1,Echolocation,/mnt/ubna_data_01_mir/recover-20220825/UBNA_002/20220823_033000.WAV,Telephone Field,recover-20220825,002,1795
470.5855,470.5921,24609,40508,Plecotus austriacus,0.007,0.028,-1,Echolocation,/mnt/ubna_data_01_mir/recover-20220825/UBNA_002/20220823_033000.WAV,Telephone Field,recover-20220825,002,1795
470.6075,470.6177,24609,31917,Eptesicus serotinus,0.009,0.024,-1,Echolocation,/mnt/ubna_data_01_mir/recover-20220825/UBNA_002/20220823_033000.WAV,Telephone Field,recover-20220825,002,1795
470.6115,470.61990000000003,50390,56144,Pipistrellus pipistrellus,0.018,0.022,-1,Echolocation,/mnt/ubna_data_01_mir/recover-20220825/UBNA_002/20220823_033000.WAV,Telephone Field,recover-20220825,002,1795
470.6415,470.6493,24609,33752,Eptesicus serotinus,0.006,0.022,-1,Echolocation,/mnt/ubna_data_01_mir/recover-20220825/UBNA_002/20220823_033000.WAV,Telephone Field,recover-20220825,002,1795
470.6465,470.6852,68437,82524,Rhinolophus ferrumequinum,0.023,0.023,-1,Echolocation,/mnt/ubna_data_01_mir/recover-20220825/UBNA_002/20220823_033000.WAV,Telephone Field,recover-20220825,002,1795
470.6545,470.6922,68437,82897,Rhinolophus ferrumequinum,0.023,0.023,-1,Echolocation,/mnt/ubna_data_01_mir/recover-20220825/UBNA_002/20220823_033000.WAV,Telephone Field,recover-20220825,002,1795
470.6585,470.6658,27187,42751,Eptesicus serotinus,0.009,0.026,-1,Echolocation,/mnt/ubna_data_01_mir/recover-20220825/UBNA_002/20220823_033000.WAV,Telephone Field,recover-20220825,002,1795
470.7155,470.7561,68437,82661,Rhinolophus ferrumequinum,0.022,0.022,-1,Echolocation,/mnt/ubna_data_01_mir/recover-20220825/UBNA_002/20220823_033000.WAV,Telephone Field,recover-20220825,002,1795
470.8255,470.836,28906,35876,Eptesicus serotinus,0.01,0.022,-1,Echolocation,/mnt/ubna_data_01_mir/recover-20220825/UBNA_002/20220823_033000.WAV,Telephone Field,recover-20220825,002,1795
470.8665,470.9052,68437,82353,Rhinolophus ferrumequinum,0.023,0.023,-1,Echolocation,/mnt/ubna_data_01_mir/recover-20220825/UBNA_002/20220823_033000.WAV,Telephone Field,recover-20220825,002,1795
470.9685,470.9762,28046,40220,Eptesicus serotinus,0.008,0.023,-1,Echolocation,/mnt/ubna_data_01_mir/recover-20220825/UBNA_002/20220823_033000.WAV,Telephone Field,recover-20220825,002,1795
470.9715,471.01,68437,82312,Rhinolophus ferrumequinum,0.025,0.025,-1,Echolocation,/mnt/ubna_data_01_mir/recover-20220825/UBNA_002/20220823_033000.WAV,Telephone Field,recover-20220825,002,1795
471.0005,471.0082,29765,50630,Myotis daubentonii,0.009,0.022,-1,Echolocation,/mnt/ubna_data_01_mir/recover-20220825/UBNA_002/20220823_033000.WAV,Telephone Field,recover-20220825,002,1795
471.0765,471.1188,68437,82862,Rhinolophus ferrumequinum,0.028,0.028,-1,Echolocation,/mnt/ubna_data_01_mir/recover-20220825/UBNA_002/20220823_033000.WAV,Telephone Field,recover-20220825,002,1795
471.1225,471.13,27187,41354,Eptesicus serotinus,0.009,0.025,-1,Echolocation,/mnt/ubna_data_01_mir/recover-20220825/UBNA_002/20220823_033000.WAV,Telephone Field,recover-20220825,002,1795
471.1435,471.1516,27187,36966,Eptesicus serotinus,0.009,0.023,-1,Echolocation,/mnt/ubna_data_01_mir/recover-20220825/UBNA_002/20220823_033000.WAV,Telephone Field,recover-20220825,002,1795
471.1595,471.1681,28046,36779,Eptesicus serotinus,0.012,0.026,-1,Echolocation,/mnt/ubna_data_01_mir/recover-20220825/UBNA_002/20220823_033000.WAV,Telephone Field,recover-20220825,002,1795
471.1715,471.1775,40937,51244,Myotis daubentonii,0.009,0.029,-1,Echolocation,/mnt/ubna_data_01_mir/recover-20220825/UBNA_002/20220823_033000.WAV,Telephone Field,recover-20220825,002,1795
471.1765,471.2127,68437,82106,Rhinolophus ferrumequinum,0.023,0.023,-1,Echolocation,/mnt/ubna_data_01_mir/recover-20220825/UBNA_002/20220823_033000.WAV,Telephone Field,recover-20220825,002,1795
471.1955,471.2047,28046,35835,Eptesicus serotinus,0.011,0.024,-1,Echolocation,/mnt/ubna_data_01_mir/recover-20220825/UBNA_002/20220823_033000.WAV,Telephone Field,recover-20220825,002,1795
471.2225,471.2389,22890,27935,Nyctalus leisleri,0.048,0.121,-1,Echolocation,/mnt/ubna_data_01_mir/recover-20220825/UBNA_002/20220823_033000.WAV,Telephone Field,recover-20220825,002,1795
471.2545,471.2632,40937,45871,Pipistrellus nathusii,0.016,0.031,-1,Echolocation,/mnt/ubna_data_01_mir/recover-20220825/UBNA_002/20220823_033000.WAV,Telephone Field,recover-20220825,002,1795
471.2575,471.265,26328,43636,Eptesicus serotinus,0.01,0.029,-1,Echolocation,/mnt/ubna_data_01_mir/recover-20220825/UBNA_002/20220823_033000.WAV,Telephone Field,recover-20220825,002,1795
471.2595,471.2664,30625,48225,Myotis daubentonii,0.013,0.03,-1,Echolocation,/mnt/ubna_data_01_mir/recover-20220825/UBNA_002/20220823_033000.WAV,Telephone Field,recover-20220825,002,1795
471.2755,471.2864,26328,33079,Eptesicus serotinus,0.01,0.022,-1,Echolocation,/mnt/ubna_data_01_mir/recover-20220825/UBNA_002/20220823_033000.WAV,Telephone Field,recover-20220825,002,1795
471.2855,471.2973,23750,29765,Nyctalus leisleri,0.011,0.025,-1,Echolocation,/mnt/ubna_data_01_mir/recover-20220825/UBNA_002/20220823_033000.WAV,Telephone Field,recover-20220825,002,1795
471.2865,471.3255,68437,82782,Rhinolophus ferrumequinum,0.023,0.023,-1,Echolocation,/mnt/ubna_data_01_mir/recover-20220825/UBNA_002/20220823_033000.WAV,Telephone Field,recover-20220825,002,1795
471.3205,471.3394,20312,23610,Nyctalus leisleri,0.013,0.025,-1,Echolocation,/mnt/ubna_data_01_mir/recover-20220825/UBNA_002/20220823_033000.WAV,Telephone Field,recover-20220825,002,1795
471.3255,471.3664,68437,82461,Rhinolophus ferrumequinum,0.022,0.022,-1,Echolocation,/mnt/ubna_data_01_mir/recover-20220825/UBNA_002/20220823_033000.WAV,Telephone Field,recover-20220825,002,1795
471.3345,471.3732,68437,82018,Rhinolophus ferrumequinum,0.023,0.023,-1,Echolocation,/mnt/ubna_data_01_mir/recover-20220825/UBNA_002/20220823_033000.WAV,Telephone Field,recover-20220825,002,1795
471.3505,471.3591,40078,48133,Pipistrellus nathusii,0.027,0.055,-1,Echolocation,/mnt/ubna_data_01_mir/recover-20220825/UBNA_002/20220823_033000.WAV,Telephone Field,recover-20220825,002,1795
471.3795,471.3875,28046,39272,Eptesicus serotinus,0.009,0.024,-1,Echolocation,/mnt/ubna_data_01_mir/recover-20220825/UBNA_002/20220823_033000.WAV,Telephone Field,recover-20220825,002,1795
471.4045,471.4117,27187,38687,Eptesicus serotinus,0.007,0.022,-1,Echolocation,/mnt/ubna_data_01_mir/recover-20220825/UBNA_002/20220823_033000.WAV,Telephone Field,recover-20220825,002,1795
471.4185,471.4587,68437,82288,Rhinolophus ferrumequinum,0.022,0.022,-1,Echolocation,/mnt/ubna_data_01_mir/recover-20220825/UBNA_002/20220823_033000.WAV,Telephone Field,recover-20220825,002,1795
471.4205,471.4305,54687,60246,Pipistrellus pygmaeus,0.02,0.022,-1,Echolocation,/mnt/ubna_data_01_mir/recover-20220825/UBNA_002/20220823_033000.WAV,Telephone Field,recover-20220825,002,1795
471.4315,471.4392,25468,39212,Eptesicus serotinus,0.006,0.026,-1,Echolocation,/mnt/ubna_data_01_mir/recover-20220825/UBNA_002/20220823_033000.WAV,Telephone Field,recover-20220825,002,1795
471.45550000000003,471.4634,58125,65223,Pipistrellus pygmaeus,0.029,0.029,-1,Echolocation,/mnt/ubna_data_01_mir/recover-20220825/UBNA_002/20220823_033000.WAV,Telephone Field,recover-20220825,002,1795
471.5145,471.5239,48671,54951,Pipistrellus pipistrellus,0.017,0.023,-1,Echolocation,/mnt/ubna_data_01_mir/recover-20220825/UBNA_002/20220823_033000.WAV,Telephone Field,recover-20220825,002,1795
471.5515,471.5589,38359,45386,Pipistrellus nathusii,0.134,0.369,-1,Echolocation,/mnt/ubna_data_01_mir/recover-20220825/UBNA_002/20220823_033000.WAV,Telephone Field,recover-20220825,002,1795
471.5525,471.5899,68437,81681,Rhinolophus ferrumequinum,0.024,0.024,-1,Echolocation,/mnt/ubna_data_01_mir/recover-20220825/UBNA_002/20220823_033000.WAV,Telephone Field,recover-20220825,002,1795
471.5875,471.5955,28046,41755,Eptesicus serotinus,0.008,0.022,-1,Echolocation,/mnt/ubna_data_01_mir/recover-20220825/UBNA_002/20220823_033000.WAV,Telephone Field,recover-20220825,002,1795
471.5965,471.6062,28906,36394,Eptesicus serotinus,0.009,0.023,-1,Echolocation,/mnt/ubna_data_01_mir/recover-20220825/UBNA_002/20220823_033000.WAV,Telephone Field,recover-20220825,002,1795
471.6135,471.6513,68437,82656,Rhinolophus ferrumequinum,0.022,0.022,-1,Echolocation,/mnt/ubna_data_01_mir/recover-20220825/UBNA_002/20220823_033000.WAV,Telephone Field,recover-20220825,002,1795
471.6595,471.6681,44375,49034,Pipistrellus pipistrellus,0.02,0.024,-1,Echolocation,/mnt/ubna_data_01_mir/recover-20220825/UBNA_002/20220823_033000.WAV,Telephone Field,recover-20220825,002,1795
471.6625,471.6743,28046,35702,Eptesicus serotinus,0.016,0.029,-1,Echolocation,/mnt/ubna_data_01_mir/recover-20220825/UBNA_002/20220823_033000.WAV,Telephone Field,recover-20220825,002,1795
471.6915,471.7012,24609,31895,Nyctalus leisleri,0.006,0.022,-1,Echolocation,/mnt/ubna_data_01_mir/recover-20220825/UBNA_002/20220823_033000.WAV,Telephone Field,recover-20220825,002,1795
471.6915,471.7009,55546,60487,Pipistrellus pygmaeus,0.023,0.025,-1,Echolocation,/mnt/ubna_data_01_mir/recover-20220825/UBNA_002/20220823_033000.WAV,Telephone Field,recover-20220825,002,1795
471.7115,471.7254,27187,33107,Eptesicus serotinus,0.07,0.11,-1,Echolocation,/mnt/ubna_data_01_mir/recover-20220825/UBNA_002/20220823_033000.WAV,Telephone Field,recover-20220825,002,1795
471.7195,471.7627,68437,83179,Rhinolophus ferrumequinum,0.027,0.027,-1,Echolocation,/mnt/ubna_data_01_mir/recover-20220825/UBNA_002/20220823_033000.WAV,Telephone Field,recover-20220825,002,1795
471.7355,471.7469,23750,29010,Nyctalus leisleri,0.011,0.023,-1,Echolocation,/mnt/ubna_data_01_mir/recover-20220825/UBNA_002/20220823_033000.WAV,Telephone Field,recover-20220825,002,1795
471.7805,471.7873,38359,45859,Pipistrellus nathusii,0.091,0.315,-1,Echolocation,/mnt/ubna_data_01_mir/recover-20220825/UBNA_002/20220823_033000.WAV,Telephone Field,recover-20220825,002,1795
471.7995,471.835,68437,81767,Rhinolophus ferrumequinum,0.023,0.023,-1,Echolocation,/mnt/ubna_data_01_mir/recover-20220825/UBNA_002/20220823_033000.WAV,Telephone Field,recover-20220825,002,1795
471.8205,471.8268,24609,35500,Plecotus auritus,0.015,0.043,-1,Echolocation,/mnt/ubna_data_01_mir/recover-20220825/UBNA_002/20220823_033000.WAV,Telephone Field,recover-20220825,002,1795
471.8475,471.8657,19453,22975,Nyctalus noctula,0.013,0.027,-1,Echolocation,/mnt/ubna_data_01_mir/recover-20220825/UBNA_002/20220823_033000.WAV,Telephone Field,recover-20220825,002,1795
471.8675,471.8753,28046,36905,Eptesicus serotinus,0.008,0.023,-1,Echolocation,/mnt/ubna_data_01_mir/recover-20220825/UBNA_002/20220823_033000.WAV,Telephone Field,recover-20220825,002,1795
471.8805,471.88779999999997,40078,47081,Pipistrellus nathusii,0.363,0.519,-1,Echolocation,/mnt/ubna_data_01_mir/recover-20220825/UBNA_002/20220823_033000.WAV,Telephone Field,recover-20220825,002,1795
471.9155,471.9227,23750,33805,Plecotus austriacus,0.01,0.026,-1,Echolocation,/mnt/ubna_data_01_mir/recover-20220825/UBNA_002/20220823_033000.WAV,Telephone Field,recover-20220825,002,1795
471.9365,471.9741,68437,82207,Rhinolophus ferrumequinum,0.022,0.022,-1,Echolocation,/mnt/ubna_data_01_mir/recover-20220825/UBNA_002/20220823_033000.WAV,Telephone Field,recover-20220825,002,1795
471.9635,471.9712,28046,37512,Eptesicus serotinus,0.009,0.025,-1,Echolocation,/mnt/ubna_data_01_mir/recover-20220825/UBNA_002/20220823_033000.WAV,Telephone Field,recover-20220825,002,1795
471.9775,471.9842,39218,50128,Pipistrellus nathusii,0.369,0.505,-1,Echolocation,/mnt/ubna_data_01_mir/recover-20220825/UBNA_002/20220823_033000.WAV,Telephone Field,recover-20220825,002,1795
472.0015,472.0306,69296,81636,Rhinolophus ferrumequinum,0.047,0.048,-1,Echolocation,/mnt/ubna_data_01_mir/recover-20220825/UBNA_002/20220823_033000.WAV,Telephone Field,recover-20220825,002,1795
472.0015,472.0091,23750,32524,Nyctalus leisleri,0.008,0.029,-1,Echolocation,/mnt/ubna_data_01_mir/recover-20220825/UBNA_002/20220823_033000.WAV,Telephone Field,recover-20220825,002,1795
472.0155,472.0541,68437,82246,Rhinolophus ferrumequinum,0.024,0.024,-1,Echolocation,/mnt/ubna_data_01_mir/recover-20220825/UBNA_002/20220823_033000.WAV,Telephone Field,recover-20220825,002,1795
472.0225,472.0298,25468,35571,Eptesicus serotinus,0.006,0.024,-1,Echolocation,/mnt/ubna_data_01_mir/recover-20220825/UBNA_002/20220823_033000.WAV,Telephone Field,recover-20220825,002,1795
472.0745,472.0813,38359,47221,Pipistrellus nathusii,0.303,0.504,-1,Echolocation,/mnt/ubna_data_01_mir/recover-20220825/UBNA_002/20220823_033000.WAV,Telephone Field,recover-20220825,002,1795
472.0765,472.1154,68437,82317,Rhinolophus ferrumequinum,0.028,0.028,-1,Echolocation,/mnt/ubna_data_01_mir/recover-20220825/UBNA_002/20220823_033000.WAV,Telephone Field,recover-20220825,002,1795
472.1195,472.1588,68437,82530,Rhinolophus ferrumequinum,0.025,0.025,-1,Echolocation,/mnt/ubna_data_01_mir/recover-20220825/UBNA_002/20220823_033000.WAV,Telephone Field,recover-20220825,002,1795
472.1625,472.2041,68437,82426,Rhinolophus ferrumequinum,0.025,0.025,-1,Echolocation,/mnt/ubna_data_01_mir/recover-20220825/UBNA_002/20220823_033000.WAV,Telephone Field,recover-20220825,002,1795
472.1885,472.2282,68437,82438,Rhinolophus ferrumequinum,0.032,0.032,-1,Echolocation,/mnt/ubna_data_01_mir/recover-20220825/UBNA_002/20220823_033000.WAV,Telephone Field,recover-20220825,002,1795
472.1915,472.2002,27187,35935,Eptesicus serotinus,0.01,0.028,-1,Echolocation,/mnt/ubna_data_01_mir/recover-20220825/UBNA_002/20220823_033000.WAV,Telephone Field,recover-20220825,002,1795
472.2115,472.2184,31484,39901,Myotis daubentonii,0.016,0.033,-1,Echolocation,/mnt/ubna_data_01_mir/recover-20220825/UBNA_002/20220823_033000.WAV,Telephone Field,recover-20220825,002,1795
472.2235,472.2298,40078,49977,Pipistrellus nathusii,0.326,0.505,-1,Echolocation,/mnt/ubna_data_01_mir/recover-20220825/UBNA_002/20220823_033000.WAV,Telephone Field,recover-20220825,002,1795
472.2485,472.2579,23750,31264,Nyctalus leisleri,0.008,0.026,-1,Echolocation,/mnt/ubna_data_01_mir/recover-20220825/UBNA_002/20220823_033000.WAV,Telephone Field,recover-20220825,002,1795
472.2555,472.2659,22890,27356,Nyctalus leisleri,0.012,0.024,-1,Echolocation,/mnt/ubna_data_01_mir/recover-20220825/UBNA_002/20220823_033000.WAV,Telephone Field,recover-20220825,002,1795
472.2595,472.2658,35781,55730,Myotis daubentonii,0.012,0.027,-1,Echolocation,/mnt/ubna_data_01_mir/recover-20220825/UBNA_002/20220823_033000.WAV,Telephone Field,recover-20220825,002,1795
472.3155,472.3564,68437,82498,Rhinolophus ferrumequinum,0.029,0.029,-1,Echolocation,/mnt/ubna_data_01_mir/recover-20220825/UBNA_002/20220823_033000.WAV,Telephone Field,recover-20220825,002,1795
472.3205,472.328,39218,50518,Pipistrellus nathusii,0.347,0.521,-1,Echolocation,/mnt/ubna_data_01_mir/recover-20220825/UBNA_002/20220823_033000.WAV,Telephone Field,recover-20220825,002,1795
472.33050000000003,472.3362,31484,44269,Myotis daubentonii,0.018,0.026,-1,Echolocation,/mnt/ubna_data_01_mir/recover-20220825/UBNA_002/20220823_033000.WAV,Telephone Field,recover-20220825,002,1795
472.3385,472.3464,45234,56675,Pipistrellus pipistrellus,0.015,0.023,-1,Echolocation,/mnt/ubna_data_01_mir/recover-20220825/UBNA_002/20220823_033000.WAV,Telephone Field,recover-20220825,002,1795
472.3665,472.3838,16875,22081,Nyctalus noctula,0.018,0.025,-1,Echolocation,/mnt/ubna_data_01_mir/recover-20220825/UBNA_002/20220823_033000.WAV,Telephone Field,recover-20220825,002,1795
472.4175,472.4239,40078,50069,Pipistrellus nathusii,0.463,0.581,-1,Echolocation,/mnt/ubna_data_01_mir/recover-20220825/UBNA_002/20220823_033000.WAV,Telephone Field,recover-20220825,002,1795
472.4345,472.4753,68437,82553,Rhinolophus ferrumequinum,0.023,0.023,-1,Echolocation,/mnt/ubna_data_01_mir/recover-20220825/UBNA_002/20220823_033000.WAV,Telephone Field,recover-20220825,002,1795
472.4975,472.505,27187,38711,Eptesicus serotinus,0.007,0.024,-1,Echolocation,/mnt/ubna_data_01_mir/recover-20220825/UBNA_002/20220823_033000.WAV,Telephone Field,recover-20220825,002,1795
472.5155,472.5217,49531,54172,Pipistrellus pipistrellus,0.018,0.03,-1,Echolocation,/mnt/ubna_data_01_mir/recover-20220825/UBNA_002/20220823_033000.WAV,Telephone Field,recover-20220825,002,1795
472.5155,472.5212,28046,54685,Myotis daubentonii,0.025,0.04,-1,Echolocation,/mnt/ubna_data_01_mir/recover-20220825/UBNA_002/20220823_033000.WAV,Telephone Field,recover-20220825,002,1795
472.5155,472.5207,40078,54791,Pipistrellus nathusii,0.445,0.514,-1,Echolocation,/mnt/ubna_data_01_mir/recover-20220825/UBNA_002/20220823_033000.WAV,Telephone Field,recover-20220825,002,1795
472.5225,472.5322,24609,31376,Nyctalus leisleri,0.011,0.032,-1,Echolocation,/mnt/ubna_data_01_mir/recover-20220825/UBNA_002/20220823_033000.WAV,Telephone Field,recover-20220825,002,1795
472.5425,472.5501,27187,37780,Eptesicus serotinus,0.008,0.025,-1,Echolocation,/mnt/ubna_data_01_mir/recover-20220825/UBNA_002/20220823_033000.WAV,Telephone Field,recover-20220825,002,1795
472.5635,472.6025,68437,82585,Rhinolophus ferrumequinum,0.024,0.024,-1,Echolocation,/mnt/ubna_data_01_mir/recover-20220825/UBNA_002/20220823_033000.WAV,Telephone Field,recover-20220825,002,1795
472.5745,472.5804,34921,53158,Myotis daubentonii,0.011,0.025,-1,Echolocation,/mnt/ubna_data_01_mir/recover-20220825/UBNA_002/20220823_033000.WAV,Telephone Field,recover-20220825,002,1795
472.6125,472.6263,15156,20762,Nyctalus noctula,0.029,0.042,-1,Echolocation,/mnt/ubna_data_01_mir/recover-20220825/UBNA_002/20220823_033000.WAV,Telephone Field,recover-20220825,002,1795
472.6175,472.6233,35781,51911,Myotis brandtii,0.031,0.075,-1,Echolocation,/mnt/ubna_data_01_mir/recover-20220825/UBNA_002/20220823_033000.WAV,Telephone Field,recover-20220825,002,1795
472.6445,472.6845,68437,82846,Rhinolophus ferrumequinum,0.025,0.025,-1,Echolocation,/mnt/ubna_data_01_mir/recover-20220825/UBNA_002/20220823_033000.WAV,Telephone Field,recover-20220825,002,1795
472.6785,472.6911,22890,26760,Nyctalus leisleri,0.017,0.031,-1,Echolocation,/mnt/ubna_data_01_mir/recover-20220825/UBNA_002/20220823_033000.WAV,Telephone Field,recover-20220825,002,1795
472.6895,472.6983,55546,60608,Pipistrellus pygmaeus,0.053,0.055,-1,Echolocation,/mnt/ubna_data_01_mir/recover-20220825/UBNA_002/20220823_033000.WAV,Telephone Field,recover-20220825,002,1795
472.6905,472.6983,37500,44092,Pipistrellus nathusii,0.009,0.023,-1,Echolocation,/mnt/ubna_data_01_mir/recover-20220825/UBNA_002/20220823_033000.WAV,Telephone Field,recover-20220825,002,1795
472.7145,472.7507,68437,81922,Rhinolophus ferrumequinum,0.025,0.025,-1,Echolocation,/mnt/ubna_data_01_mir/recover-20220825/UBNA_002/20220823_033000.WAV,Telephone Field,recover-20220825,002,1795
472.7195,472.7262,38359,53253,Pipistrellus nathusii,0.217,0.431,-1,Echolocation,/mnt/ubna_data_01_mir/recover-20220825/UBNA_002/20220823_033000.WAV,Telephone Field,recover-20220825,002,1795
472.7605,472.7968,68437,81988,Rhinolophus ferrumequinum,0.023,0.023,-1,Echolocation,/mnt/ubna_data_01_mir/recover-20220825/UBNA_002/20220823_033000.WAV,Telephone Field,recover-20220825,002,1795
472.7965,472.8033,27187,37078,Eptesicus serotinus,0.006,0.024,-1,Echolocation,/mnt/ubna_data_01_mir/recover-20220825/UBNA_002/20220823_033000.WAV,Telephone Field,recover-20220825,002,1795
472.8025,472.8091,40937,48739,Myotis daubentonii,0.011,0.034,-1,Echolocation,/mnt/ubna_data_01_mir/recover-20220825/UBNA_002/20220823_033000.WAV,Telephone Field,recover-20220825,002,1795
472.8415,472.8816,68437,82390,Rhinolophus ferrumequinum,0.03,0.03,-1,Echolocation,/mnt/ubna_data_01_mir/recover-20220825/UBNA_002/20220823_033000.WAV,Telephone Field,recover-20220825,002,1795
472.8675,472.8768,28046,36086,Eptesicus serotinus,0.009,0.024,-1,Echolocation,/mnt/ubna_data_01_mir/recover-20220825/UBNA_002/20220823_033000.WAV,Telephone Field,recover-20220825,002,1795
472.8815,472.8906,54687,59275,Pipistrellus pygmaeus,0.024,0.025,-1,Echolocation,/mnt/ubna_data_01_mir/recover-20220825/UBNA_002/20220823_033000.WAV,Telephone Field,recover-20220825,002,1795
472.8985,472.9048,37500,47800,Pipistrellus nathusii,0.076,0.218,-1,Echolocation,/mnt/ubna_data_01_mir/recover-20220825/UBNA_002/20220823_033000.WAV,Telephone Field,recover-20220825,002,1795
472.9665,472.9777,22890,29585,Nyctalus leisleri,0.011,0.027,-1,Echolocation,/mnt/ubna_data_01_mir/recover-20220825/UBNA_002/20220823_033000.WAV,Telephone Field,recover-20220825,002,1795
472.9805,472.9916,23750,30255,Nyctalus leisleri,0.014,0.037,-1,Echolocation,/mnt/ubna_data_01_mir/recover-20220825/UBNA_002/20220823_033000.WAV,Telephone Field,recover-20220825,002,1795
472.9935,473.0014,42656,48217,Pipistrellus nathusii,0.065,0.096,-1,Echolocation,/mnt/ubna_data_01_mir/recover-20220825/UBNA_002/20220823_033000.WAV,Telephone Field,recover-20220825,002,1795
472.9955,473.0009,32343,52918,Myotis daubentonii,0.045,0.08,-1,Echolocation,/mnt/ubna_data_01_mir/recover-20220825/UBNA_002/20220823_033000.WAV,Telephone Field,recover-20220825,002,1795
473.0535,473.0617,27187,38659,Eptesicus serotinus,0.008,0.024,-1,Echolocation,/mnt/ubna_data_01_mir/recover-20220825/UBNA_002/20220823_033000.WAV,Telephone Field,recover-20220825,002,1795
473.0875,473.0964,40937,47643,Pipistrellus nathusii,0.096,0.132,-1,Echolocation,/mnt/ubna_data_01_mir/recover-20220825/UBNA_002/20220823_033000.WAV,Telephone Field,recover-20220825,002,1795
473.0915,473.0978,30625,48484,Myotis daubentonii,0.013,0.026,-1,Echolocation,/mnt/ubna_data_01_mir/recover-20220825/UBNA_002/20220823_033000.WAV,Telephone Field,recover-20220825,002,1795
473.1075,473.14639999999997,68437,82979,Rhinolophus ferrumequinum,0.027,0.027,-1,Echolocation,/mnt/ubna_data_01_mir/recover-20220825/UBNA_002/20220823_033000.WAV,Telephone Field,recover-20220825,002,1795
473.1225,473.1628,68437,82513,Rhinolophus ferrumequinum,0.026,0.026,-1,Echolocation,/mnt/ubna_data_01_mir/recover-20220825/UBNA_002/20220823_033000.WAV,Telephone Field,recover-20220825,002,1795
473.1595,473.168,27187,36953,Eptesicus serotinus,0.014,0.037,-1,Echolocation,/mnt/ubna_data_01_mir/recover-20220825/UBNA_002/20220823_033000.WAV,Telephone Field,recover-20220825,002,1795
473.1815,473.1909,42656,47905,Pipistrellus nathusii,0.021,0.034,-1,Echolocation,/mnt/ubna_data_01_mir/recover-20220825/UBNA_002/20220823_033000.WAV,Telephone Field,recover-20220825,002,1795
473.1845,473.2186,68437,81195,Rhinolophus ferrumequinum,0.024,0.024,-1,Echolocation,/mnt/ubna_data_01_mir/recover-20220825/UBNA_002/20220823_033000.WAV,Telephone Field,recover-20220825,002,1795
473.2435,473.2492,38359,51438,Myotis daubentonii,0.01,0.024,-1,Echolocation,/mnt/ubna_data_01_mir/recover-20220825/UBNA_002/20220823_033000.WAV,Telephone Field,recover-20220825,002,1795
473.2665,473.307,68437,82302,Rhinolophus ferrumequinum,0.026,0.026,-1,Echolocation,/mnt/ubna_data_01_mir/recover-20220825/UBNA_002/20220823_033000.WAV,Telephone Field,recover-20220825,002,1795
473.2745,473.3144,68437,82115,Rhinolophus ferrumequinum,0.031,0.031,-1,Echolocation,/mnt/ubna_data_01_mir/recover-20220825/UBNA_002/20220823_033000.WAV,Telephone Field,recover-20220825,002,1795
473.2785,473.2877,27187,37359,Eptesicus serotinus,0.012,0.03,-1,Echolocation,/mnt/ubna_data_01_mir/recover-20220825/UBNA_002/20220823_033000.WAV,Telephone Field,recover-20220825,002,1795
473.29449999999997,473.3131,16015,21438,Nyctalus noctula,0.018,0.024,-1,Echolocation,/mnt/ubna_data_01_mir/recover-20220825/UBNA_002/20220823_033000.WAV,Telephone Field,recover-20220825,002,1795
473.2965,473.337,68437,81850,Rhinolophus ferrumequinum,0.031,0.031,-1,Echolocation,/mnt/ubna_data_01_mir/recover-20220825/UBNA_002/20220823_033000.WAV,Telephone Field,recover-20220825,002,1795
473.3005,473.3086,43515,51346,Pipistrellus pipistrellus,0.01,0.024,-1,Echolocation,/mnt/ubna_data_01_mir/recover-20220825/UBNA_002/20220823_033000.WAV,Telephone Field,recover-20220825,002,1795
473.3195,473.3283,27187,37349,Eptesicus serotinus,0.01,0.026,-1,Echolocation,/mnt/ubna_data_01_mir/recover-20220825/UBNA_002/20220823_033000.WAV,Telephone Field,recover-20220825,002,1795
473.3275,473.3349,27187,37050,Eptesicus serotinus,0.007,0.024,-1,Echolocation,/mnt/ubna_data_01_mir/recover-20220825/UBNA_002/20220823_033000.WAV,Telephone Field,recover-20220825,002,1795
473.3435,473.3514,36640,45254,Myotis daubentonii,0.025,0.087,-1,Echolocation,/mnt/ubna_data_01_mir/recover-20220825/UBNA_002/20220823_033000.WAV,Telephone Field,recover-20220825,002,1795
473.3605,473.3696,28046,36419,Eptesicus serotinus,0.01,0.029,-1,Echolocation,/mnt/ubna_data_01_mir/recover-20220825/UBNA_002/20220823_033000.WAV,Telephone Field,recover-20220825,002,1795
473.3835,473.3892,36640,61919,Myotis brandtii,0.014,0.023,-1,Echolocation,/mnt/ubna_data_01_mir/recover-20220825/UBNA_002/20220823_033000.WAV,Telephone Field,recover-20220825,002,1795
473.4095,473.4166,32343,45461,Myotis daubentonii,0.011,0.023,-1,Echolocation,/mnt/ubna_data_01_mir/recover-20220825/UBNA_002/20220823_033000.WAV,Telephone Field,recover-20220825,002,1795
473.4115,473.4183,25468,37555,Eptesicus serotinus,0.006,0.025,-1,Echolocation,/mnt/ubna_data_01_mir/recover-20220825/UBNA_002/20220823_033000.WAV,Telephone Field,recover-20220825,002,1795
473.4425,473.4545,42656,46805,Pipistrellus nathusii,0.214,0.226,-1,Echolocation,/mnt/ubna_data_01_mir/recover-20220825/UBNA_002/20220823_033000.WAV,Telephone Field,recover-20220825,002,1795
473.4435,473.4498,34921,46852,Myotis daubentonii,0.011,0.029,-1,Echolocation,/mnt/ubna_data_01_mir/recover-20220825/UBNA_002/20220823_033000.WAV,Telephone Field,recover-20220825,002,1795
473.4435,473.45,30625,43093,Myotis daubentonii,0.015,0.03,-1,Echolocation,/mnt/ubna_data_01_mir/recover-20220825/UBNA_002/20220823_033000.WAV,Telephone Field,recover-20220825,002,1795
473.4895,473.4999,28046,35908,Eptesicus serotinus,0.012,0.026,-1,Echolocation,/mnt/ubna_data_01_mir/recover-20220825/UBNA_002/20220823_033000.WAV,Telephone Field,recover-20220825,002,1795
473.5235,473.534,23750,29644,Nyctalus leisleri,0.01,0.026,-1,Echolocation,/mnt/ubna_data_01_mir/recover-20220825/UBNA_002/20220823_033000.WAV,Telephone Field,recover-20220825,002,1795
473.5455,473.5602,24609,30716,Eptesicus serotinus,0.015,0.037,-1,Echolocation,/mnt/ubna_data_01_mir/recover-20220825/UBNA_002/20220823_033000.WAV,Telephone Field,recover-20220825,002,1795
473.5525,473.5627,26328,34442,Eptesicus serotinus,0.012,0.028,-1,Echolocation,/mnt/ubna_data_01_mir/recover-20220825/UBNA_002/20220823_033000.WAV,Telephone Field,recover-20220825,002,1795
473.5705,473.5792,26328,35634,Eptesicus serotinus,0.01,0.027,-1,Echolocation,/mnt/ubna_data_01_mir/recover-20220825/UBNA_002/20220823_033000.WAV,Telephone Field,recover-20220825,002,1795
473.5745,473.6139,68437,82947,Rhinolophus ferrumequinum,0.028,0.028,-1,Echolocation,/mnt/ubna_data_01_mir/recover-20220825/UBNA_002/20220823_033000.WAV,Telephone Field,recover-20220825,002,1795
473.6005,473.6376,68437,81538,Rhinolophus ferrumequinum,0.024,0.024,-1,Echolocation,/mnt/ubna_data_01_mir/recover-20220825/UBNA_002/20220823_033000.WAV,Telephone Field,recover-20220825,002,1795
473.6335,473.6723,68437,82033,Rhinolophus ferrumequinum,0.026,0.026,-1,Echolocation,/mnt/ubna_data_01_mir/recover-20220825/UBNA_002/20220823_033000.WAV,Telephone Field,recover-20220825,002,1795
473.6355,473.6435,55546,64850,Pipistrellus pygmaeus,0.024,0.025,-1,Echolocation,/mnt/ubna_data_01_mir/recover-20220825/UBNA_002/20220823_033000.WAV,Telephone Field,recover-20220825,002,1795
473.6365,473.6434,40937,51385,Pipistrellus nathusii,0.286,0.362,-1,Echolocation,/mnt/ubna_data_01_mir/recover-20220825/UBNA_002/20220823_033000.WAV,Telephone Field,recover-20220825,002,1795
473.6385,473.6442,28046,47997,Myotis daubentonii,0.028,0.045,-1,Echolocation,/mnt/ubna_data_01_mir/recover-20220825/UBNA_002/20220823_033000.WAV,Telephone Field,recover-20220825,002,1795
473.6795,473.6865,27187,38201,Eptesicus serotinus,0.007,0.028,-1,Echolocation,/mnt/ubna_data_01_mir/recover-20220825/UBNA_002/20220823_033000.WAV,Telephone Field,recover-20220825,002,1795
473.7035,473.7146,28046,34926,Eptesicus serotinus,0.013,0.027,-1,Echolocation,/mnt/ubna_data_01_mir/recover-20220825/UBNA_002/20220823_033000.WAV,Telephone Field,recover-20220825,002,1795
473.7305,473.7368,36640,53941,Myotis brandtii,0.012,0.028,-1,Echolocation,/mnt/ubna_data_01_mir/recover-20220825/UBNA_002/20220823_033000.WAV,Telephone Field,recover-20220825,002,1795
473.7915,473.7978,26328,37524,Myotis nattereri,0.005,0.025,-1,Echolocation,/mnt/ubna_data_01_mir/recover-20220825/UBNA_002/20220823_033000.WAV,Telephone Field,recover-20220825,002,1795
473.7975,473.8178,18593,22254,Nyctalus noctula,0.023,0.036,-1,Echolocation,/mnt/ubna_data_01_mir/recover-20220825/UBNA_002/20220823_033000.WAV,Telephone Field,recover-20220825,002,1795
473.8275,473.8329,40078,50334,Pipistrellus nathusii,0.118,0.36,-1,Echolocation,/mnt/ubna_data_01_mir/recover-20220825/UBNA_002/20220823_033000.WAV,Telephone Field,recover-20220825,002,1795
473.8685,473.8782,26328,32767,Eptesicus serotinus,0.01,0.028,-1,Echolocation,/mnt/ubna_data_01_mir/recover-20220825/UBNA_002/20220823_033000.WAV,Telephone Field,recover-20220825,002,1795
473.9415,473.97860000000003,68437,81766,Rhinolophus ferrumequinum,0.023,0.023,-1,Echolocation,/mnt/ubna_data_01_mir/recover-20220825/UBNA_002/20220823_033000.WAV,Telephone Field,recover-20220825,002,1795
473.9515,473.9879,68437,81378,Rhinolophus ferrumequinum,0.023,0.023,-1,Echolocation,/mnt/ubna_data_01_mir/recover-20220825/UBNA_002/20220823_033000.WAV,Telephone Field,recover-20220825,002,1795
473.9805,473.9863,39218,49983,Myotis daubentonii,0.107,0.292,-1,Echolocation,/mnt/ubna_data_01_mir/recover-20220825/UBNA_002/20220823_033000.WAV,Telephone Field,recover-20220825,002,1795
474.0015,474.0097,22031,28211,Nyctalus leisleri,0.009,0.027,-1,Echolocation,/mnt/ubna_data_01_mir/recover-20220825/UBNA_002/20220823_033000.WAV,Telephone Field,recover-20220825,002,1795
474.0015,474.0362,68437,80206,Rhinolophus ferrumequinum,0.056,0.057,-1,Echolocation,/mnt/ubna_data_01_mir/recover-20220825/UBNA_002/20220823_033000.WAV,Telephone Field,recover-20220825,002,1795
474.0015,474.0107,46093,52466,Pipistrellus pipistrellus,0.017,0.023,-1,Echolocation,/mnt/ubna_data_01_mir/recover-20220825/UBNA_002/20220823_033000.WAV,Telephone Field,recover-20220825,002,1795
474.0085,474.051,68437,82754,Rhinolophus ferrumequinum,0.037,0.037,-1,Echolocation,/mnt/ubna_data_01_mir/recover-20220825/UBNA_002/20220823_033000.WAV,Telephone Field,recover-20220825,002,1795
474.0255,474.032,28906,51269,Myotis daubentonii,0.012,0.025,-1,Echolocation,/mnt/ubna_data_01_mir/recover-20220825/UBNA_002/20220823_033000.WAV,Telephone Field,recover-20220825,002,1795
474.0595,474.0991,68437,82438,Rhinolophus ferrumequinum,0.027,0.027,-1,Echolocation,/mnt/ubna_data_01_mir/recover-20220825/UBNA_002/20220823_033000.WAV,Telephone Field,recover-20220825,002,1795
474.0835,474.0917,40937,50248,Pipistrellus nathusii,0.16,0.351,-1,Echolocation,/mnt/ubna_data_01_mir/recover-20220825/UBNA_002/20220823_033000.WAV,Telephone Field,recover-20220825,002,1795
474.0865,474.0923,28906,52088,Myotis daubentonii,0.023,0.038,-1,Echolocation,/mnt/ubna_data_01_mir/recover-20220825/UBNA_002/20220823_033000.WAV,Telephone Field,recover-20220825,002,1795
474.1255,474.1349,25468,32485,Eptesicus serotinus,0.008,0.023,-1,Echolocation,/mnt/ubna_data_01_mir/recover-20220825/UBNA_002/20220823_033000.WAV,Telephone Field,recover-20220825,002,1795
474.1355,474.1441,28046,37787,Eptesicus serotinus,0.008,0.023,-1,Echolocation,/mnt/ubna_data_01_mir/recover-20220825/UBNA_002/20220823_033000.WAV,Telephone Field,recover-20220825,002,1795
474.1425,474.1514,28906,37866,Eptesicus serotinus,0.008,0.024,-1,Echolocation,/mnt/ubna_data_01_mir/recover-20220825/UBNA_002/20220823_033000.WAV,Telephone Field,recover-20220825,002,1795
474.1495,474.1836,68437,81995,Rhinolophus ferrumequinum,0.025,0.025,-1,Echolocation,/mnt/ubna_data_01_mir/recover-20220825/UBNA_002/20220823_033000.WAV,Telephone Field,recover-20220825,002,1795
474.1505,474.1585,47812,52305,Pipistrellus pipistrellus,0.026,0.027,-1,Echolocation,/mnt/ubna_data_01_mir/recover-20220825/UBNA_002/20220823_033000.WAV,Telephone Field,recover-20220825,002,1795
474.1855,474.1915,34062,53164,Myotis daubentonii,0.19,0.515,-1,Echolocation,/mnt/ubna_data_01_mir/recover-20220825/UBNA_002/20220823_033000.WAV,Telephone Field,recover-20220825,002,1795
474.1855,474.1908,25468,68943,Myotis bechsteinii,0.103,0.156,-1,Echolocation,/mnt/ubna_data_01_mir/recover-20220825/UBNA_002/20220823_033000.WAV,Telephone Field,recover-20220825,002,1795
474.2245,474.2646,68437,82460,Rhinolophus ferrumequinum,0.03,0.03,-1,Echolocation,/mnt/ubna_data_01_mir/recover-20220825/UBNA_002/20220823_033000.WAV,Telephone Field,recover-20220825,002,1795
474.2365,474.2434,27187,39016,Eptesicus serotinus,0.006,0.024,-1,Echolocation,/mnt/ubna_data_01_mir/recover-20220825/UBNA_002/20220823_033000.WAV,Telephone Field,recover-20220825,002,1795
474.2475,474.2842,68437,82096,Rhinolophus ferrumequinum,0.024,0.024,-1,Echolocation,/mnt/ubna_data_01_mir/recover-20220825/UBNA_002/20220823_033000.WAV,Telephone Field,recover-20220825,002,1795
474.2645,474.3011,68437,81757,Rhinolophus ferrumequinum,0.026,0.026,-1,Echolocation,/mnt/ubna_data_01_mir/recover-20220825/UBNA_002/20220823_033000.WAV,Telephone Field,recover-20220825,002,1795
474.2825,474.2898,37500,45201,Pipistrellus nathusii,0.108,0.364,-1,Echolocation,/mnt/ubna_data_01_mir/recover-20220825/UBNA_002/20220823_033000.WAV,Telephone Field,recover-20220825,002,1795
474.2845,474.2905,27187,49989,Myotis daubentonii,0.022,0.046,-1,Echolocation,/mnt/ubna_data_01_mir/recover-20220825/UBNA_002/20220823_033000.WAV,Telephone Field,recover-20220825,002,1795
474.3815,474.4185,68437,81817,Rhinolophus ferrumequinum,0.023,0.023,-1,Echolocation,/mnt/ubna_data_01_mir/recover-20220825/UBNA_002/20220823_033000.WAV,Telephone Field,recover-20220825,002,1795
474.3835,474.3897,27187,45070,Myotis daubentonii,0.018,0.04,-1,Echolocation,/mnt/ubna_data_01_mir/recover-20220825/UBNA_002/20220823_033000.WAV,Telephone Field,recover-20220825,002,1795
474.3835,474.3903,36640,46030,Pipistrellus nathusii,0.203,0.45,-1,Echolocation,/mnt/ubna_data_01_mir/recover-20220825/UBNA_002/20220823_033000.WAV,Telephone Field,recover-20220825,002,1795
474.4145,474.4525,68437,81673,Rhinolophus ferrumequinum,0.032,0.032,-1,Echolocation,/mnt/ubna_data_01_mir/recover-20220825/UBNA_002/20220823_033000.WAV,Telephone Field,recover-20220825,002,1795
474.4345,474.448,25468,30385,Nyctalus leisleri,0.012,0.027,-1,Echolocation,/mnt/ubna_data_01_mir/recover-20220825/UBNA_002/20220823_033000.WAV,Telephone Field,recover-20220825,002,1795
474.4525,474.4614,27187,38402,Eptesicus serotinus,0.009,0.023,-1,Echolocation,/mnt/ubna_data_01_mir/recover-20220825/UBNA_002/20220823_033000.WAV,Telephone Field,recover-20220825,002,1795
474.4885,474.4951,38359,45205,Barbastellus barbastellus,0.017,0.03,-1,Echolocation,/mnt/ubna_data_01_mir/recover-20220825/UBNA_002/20220823_033000.WAV,Telephone Field,recover-20220825,002,1795
474.5325,474.5732,68437,81941,Rhinolophus ferrumequinum,0.023,0.023,-1,Echolocation,/mnt/ubna_data_01_mir/recover-20220825/UBNA_002/20220823_033000.WAV,Telephone Field,recover-20220825,002,1795
474.5745,474.6146,68437,82548,Rhinolophus ferrumequinum,0.026,0.026,-1,Echolocation,/mnt/ubna_data_01_mir/recover-20220825/UBNA_002/20220823_033000.WAV,Telephone Field,recover-20220825,002,1795
474.5875,474.5951,39218,49764,Pipistrellus nathusii,0.047,0.1,-1,Echolocation,/mnt/ubna_data_01_mir/recover-20220825/UBNA_002/20220823_033000.WAV,Telephone Field,recover-20220825,002,1795
474.5885,474.5948,29765,53347,Myotis daubentonii,0.024,0.037,-1,Echolocation,/mnt/ubna_data_01_mir/recover-20220825/UBNA_002/20220823_033000.WAV,Telephone Field,recover-20220825,002,1795
474.6165,474.6545,68437,82126,Rhinolophus ferrumequinum,0.022,0.022,-1,Echolocation,/mnt/ubna_data_01_mir/recover-20220825/UBNA_002/20220823_033000.WAV,Telephone Field,recover-20220825,002,1795
474.6395,474.65070000000003,28906,36641,Eptesicus serotinus,0.013,0.027,-1,Echolocation,/mnt/ubna_data_01_mir/recover-20220825/UBNA_002/20220823_033000.WAV,Telephone Field,recover-20220825,002,1795
474.6515,474.657,39218,54008,Myotis daubentonii,0.008,0.028,-1,Echolocation,/mnt/ubna_data_01_mir/recover-20220825/UBNA_002/20220823_033000.WAV,Telephone Field,recover-20220825,002,1795
474.6645,474.7046,68437,82092,Rhinolophus ferrumequinum,0.029,0.029,-1,Echolocation,/mnt/ubna_data_01_mir/recover-20220825/UBNA_002/20220823_033000.WAV,Telephone Field,recover-20220825,002,1795
474.6995,474.737,68437,82373,Rhinolophus ferrumequinum,0.023,0.023,-1,Echolocation,/mnt/ubna_data_01_mir/recover-20220825/UBNA_002/20220823_033000.WAV,Telephone Field,recover-20220825,002,1795
474.7305,474.7411,22031,28570,Nyctalus leisleri,0.008,0.023,-1,Echolocation,/mnt/ubna_data_01_mir/recover-20220825/UBNA_002/20220823_033000.WAV,Telephone Field,recover-20220825,002,1795
474.7345,474.7736,68437,82782,Rhinolophus ferrumequinum,0.023,0.023,-1,Echolocation,/mnt/ubna_data_01_mir/recover-20220825/UBNA_002/20220823_033000.WAV,Telephone Field,recover-20220825,002,1795
474.7355,474.7436,22890,30404,Plecotus austriacus,0.008,0.022,-1,Echolocation,/mnt/ubna_data_01_mir/recover-20220825/UBNA_002/20220823_033000.WAV,Telephone Field,recover-20220825,002,1795
474.7435,474.7833,68437,82849,Rhinolophus ferrumequinum,0.026,0.026,-1,Echolocation,/mnt/ubna_data_01_mir/recover-20220825/UBNA_002/20220823_033000.WAV,Telephone Field,recover-20220825,002,1795
474.7695,474.7797,23750,29668,Nyctalus leisleri,0.009,0.023,-1,Echolocation,/mnt/ubna_data_01_mir/recover-20220825/UBNA_002/20220823_033000.WAV,Telephone Field,recover-20220825,002,1795
474.7785,474.788,27187,35037,Eptesicus serotinus,0.01,0.023,-1,Echolocation,/mnt/ubna_data_01_mir/recover-20220825/UBNA_002/20220823_033000.WAV,Telephone Field,recover-20220825,002,1795
474.7855,474.7948,28046,37571,Eptesicus serotinus,0.008,0.022,-1,Echolocation,/mnt/ubna_data_01_mir/recover-20220825/UBNA_002/20220823_033000.WAV,Telephone Field,recover-20220825,002,1795
474.7855,474.793,50390,55072,Pipistrellus pipistrellus,0.028,0.031,-1,Echolocation,/mnt/ubna_data_01_mir/recover-20220825/UBNA_002/20220823_033000.WAV,Telephone Field,recover-20220825,002,1795
474.7935,474.8308,68437,82576,Rhinolophus ferrumequinum,0.022,0.022,-1,Echolocation,/mnt/ubna_data_01_mir/recover-20220825/UBNA_002/20220823_033000.WAV,Telephone Field,recover-20220825,002,1795
474.8145,474.8526,68437,82801,Rhinolophus ferrumequinum,0.026,0.026,-1,Echolocation,/mnt/ubna_data_01_mir/recover-20220825/UBNA_002/20220823_033000.WAV,Telephone Field,recover-20220825,002,1795
474.8345,474.8465,25468,30169,Nyctalus leisleri,0.011,0.025,-1,Echolocation,/mnt/ubna_data_01_mir/recover-20220825/UBNA_002/20220823_033000.WAV,Telephone Field,recover-20220825,002,1795
474.8455,474.8836,68437,81860,Rhinolophus ferrumequinum,0.032,0.032,-1,Echolocation,/mnt/ubna_data_01_mir/recover-20220825/UBNA_002/20220823_033000.WAV,Telephone Field,recover-20220825,002,1795
474.8825,474.8926,23750,29518,Nyctalus leisleri,0.01,0.023,-1,Echolocation,/mnt/ubna_data_01_mir/recover-20220825/UBNA_002/20220823_033000.WAV,Telephone Field,recover-20220825,002,1795
474.8885,474.8992,22890,28601,Nyctalus leisleri,0.011,0.024,-1,Echolocation,/mnt/ubna_data_01_mir/recover-20220825/UBNA_002/20220823_033000.WAV,Telephone Field,recover-20220825,002,1795
474.9025,474.9205,21171,24288,Nyctalus leisleri,0.019,0.03,-1,Echolocation,/mnt/ubna_data_01_mir/recover-20220825/UBNA_002/20220823_033000.WAV,Telephone Field,recover-20220825,002,1795
474.9095,474.9486,68437,81905,Rhinolophus ferrumequinum,0.029,0.029,-1,Echolocation,/mnt/ubna_data_01_mir/recover-20220825/UBNA_002/20220823_033000.WAV,Telephone Field,recover-20220825,002,1795
474.9435,474.9493,31484,49766,Myotis daubentonii,0.013,0.025,-1,Echolocation,/mnt/ubna_data_01_mir/recover-20220825/UBNA_002/20220823_033000.WAV,Telephone Field,recover-20220825,002,1795
474.9455,474.9529,26328,38830,Eptesicus serotinus,0.007,0.024,-1,Echolocation,/mnt/ubna_data_01_mir/recover-20220825/UBNA_002/20220823_033000.WAV,Telephone Field,recover-20220825,002,1795
474.9595,474.9967,68437,81632,Rhinolophus ferrumequinum,0.024,0.024,-1,Echolocation,/mnt/ubna_data_01_mir/recover-20220825/UBNA_002/20220823_033000.WAV,Telephone Field,recover-20220825,002,1795
474.9675,474.9761,28046,37397,Eptesicus serotinus,0.011,0.029,-1,Echolocation,/mnt/ubna_data_01_mir/recover-20220825/UBNA_002/20220823_033000.WAV,Telephone Field,recover-20220825,002,1795
475.0295,475.0406,25468,31766,Eptesicus serotinus,0.013,0.035,-1,Echolocation,/mnt/ubna_data_01_mir/recover-20220825/UBNA_002/20220823_033000.WAV,Telephone Field,recover-20220825,002,1795
475.0415,475.0489,40937,52034,Myotis brandtii,0.005,0.023,-1,Echolocation,/mnt/ubna_data_01_mir/recover-20220825/UBNA_002/20220823_033000.WAV,Telephone Field,recover-20220825,002,1795
475.0745,475.0822,28046,37940,Eptesicus serotinus,0.008,0.023,-1,Echolocation,/mnt/ubna_data_01_mir/recover-20220825/UBNA_002/20220823_033000.WAV,Telephone Field,recover-20220825,002,1795
475.0815,475.1204,68437,82393,Rhinolophus ferrumequinum,0.024,0.024,-1,Echolocation,/mnt/ubna_data_01_mir/recover-20220825/UBNA_002/20220823_033000.WAV,Telephone Field,recover-20220825,002,1795
475.10450000000003,475.1153,23750,28877,Nyctalus leisleri,0.01,0.022,-1,Echolocation,/mnt/ubna_data_01_mir/recover-20220825/UBNA_002/20220823_033000.WAV,Telephone Field,recover-20220825,002,1795
475.1145,475.1229,28046,39750,Eptesicus serotinus,0.008,0.023,-1,Echolocation,/mnt/ubna_data_01_mir/recover-20220825/UBNA_002/20220823_033000.WAV,Telephone Field,recover-20220825,002,1795
475.1305,475.1399,27187,36339,Eptesicus serotinus,0.01,0.024,-1,Echolocation,/mnt/ubna_data_01_mir/recover-20220825/UBNA_002/20220823_033000.WAV,Telephone Field,recover-20220825,002,1795
475.1495,475.1913,68437,82164,Rhinolophus ferrumequinum,0.031,0.031,-1,Echolocation,/mnt/ubna_data_01_mir/recover-20220825/UBNA_002/20220823_033000.WAV,Telephone Field,recover-20220825,002,1795
475.1745,475.1868,24609,29822,Nyctalus leisleri,0.018,0.036,-1,Echolocation,/mnt/ubna_data_01_mir/recover-20220825/UBNA_002/20220823_033000.WAV,Telephone Field,recover-20220825,002,1795
475.1825,475.2198,68437,82018,Rhinolophus ferrumequinum,0.022,0.022,-1,Echolocation,/mnt/ubna_data_01_mir/recover-20220825/UBNA_002/20220823_033000.WAV,Telephone Field,recover-20220825,002,1795
475.1915,475.1979,37500,47804,Myotis daubentonii,0.01,0.023,-1,Echolocation,/mnt/ubna_data_01_mir/recover-20220825/UBNA_002/20220823_033000.WAV,Telephone Field,recover-20220825,002,1795
475.2105,475.2205,24609,31956,Eptesicus serotinus,0.007,0.023,-1,Echolocation,/mnt/ubna_data_01_mir/recover-20220825/UBNA_002/20220823_033000.WAV,Telephone Field,recover-20220825,002,1795
475.2315,475.2732,68437,82597,Rhinolophus ferrumequinum,0.042,0.042,-1,Echolocation,/mnt/ubna_data_01_mir/recover-20220825/UBNA_002/20220823_033000.WAV,Telephone Field,recover-20220825,002,1795
475.2825,475.2932,22890,28521,Nyctalus leisleri,0.01,0.023,-1,Echolocation,/mnt/ubna_data_01_mir/recover-20220825/UBNA_002/20220823_033000.WAV,Telephone Field,recover-20220825,002,1795
475.3045,475.3121,27187,36734,Eptesicus serotinus,0.009,0.03,-1,Echolocation,/mnt/ubna_data_01_mir/recover-20220825/UBNA_002/20220823_033000.WAV,Telephone Field,recover-20220825,002,1795
475.3255,475.3672,68437,82805,Rhinolophus ferrumequinum,0.024,0.024,-1,Echolocation,/mnt/ubna_data_01_mir/recover-20220825/UBNA_002/20220823_033000.WAV,Telephone Field,recover-20220825,002,1795
475.3535,475.3607,27187,40278,Eptesicus serotinus,0.007,0.026,-1,Echolocation,/mnt/ubna_data_01_mir/recover-20220825/UBNA_002/20220823_033000.WAV,Telephone Field,recover-20220825,002,1795
475.35450000000003,475.3618,33203,44790,Myotis daubentonii,0.01,0.024,-1,Echolocation,/mnt/ubna_data_01_mir/recover-20220825/UBNA_002/20220823_033000.WAV,Telephone Field,recover-20220825,002,1795
475.3585,475.3658,27187,36696,Eptesicus serotinus,0.007,0.026,-1,Echolocation,/mnt/ubna_data_01_mir/recover-20220825/UBNA_002/20220823_033000.WAV,Telephone Field,recover-20220825,002,1795
475.4055,475.4452,68437,81599,Rhinolophus ferrumequinum,0.023,0.023,-1,Echolocation,/mnt/ubna_data_01_mir/recover-20220825/UBNA_002/20220823_033000.WAV,Telephone Field,recover-20220825,002,1795
475.4185,475.4601,68437,82944,Rhinolophus ferrumequinum,0.026,0.026,-1,Echolocation,/mnt/ubna_data_01_mir/recover-20220825/UBNA_002/20220823_033000.WAV,Telephone Field,recover-20220825,002,1795
475.4235,475.4626,68437,82566,Rhinolophus ferrumequinum,0.025,0.025,-1,Echolocation,/mnt/ubna_data_01_mir/recover-20220825/UBNA_002/20220823_033000.WAV,Telephone Field,recover-20220825,002,1795
475.4315,475.4713,68437,82426,Rhinolophus ferrumequinum,0.023,0.023,-1,Echolocation,/mnt/ubna_data_01_mir/recover-20220825/UBNA_002/20220823_033000.WAV,Telephone Field,recover-20220825,002,1795
475.4325,475.4411,45234,55165,Pipistrellus pipistrellus,0.02,0.032,-1,Echolocation,/mnt/ubna_data_01_mir/recover-20220825/UBNA_002/20220823_033000.WAV,Telephone Field,recover-20220825,002,1795
475.4325,475.4388,51250,58272,Pipistrellus pipistrellus,0.023,0.025,-1,Echolocation,/mnt/ubna_data_01_mir/recover-20220825/UBNA_002/20220823_033000.WAV,Telephone Field,recover-20220825,002,1795
475.4825,475.4904,27187,37681,Eptesicus serotinus,0.007,0.023,-1,Echolocation,/mnt/ubna_data_01_mir/recover-20220825/UBNA_002/20220823_033000.WAV,Telephone Field,recover-20220825,002,1795
475.4835,475.5229,68437,81936,Rhinolophus ferrumequinum,0.025,0.025,-1,Echolocation,/mnt/ubna_data_01_mir/recover-20220825/UBNA_002/20220823_033000.WAV,Telephone Field,recover-20220825,002,1795
475.5075,475.5181,22890,28463,Nyctalus leisleri,0.01,0.023,-1,Echolocation,/mnt/ubna_data_01_mir/recover-20220825/UBNA_002/20220823_033000.WAV,Telephone Field,recover-20220825,002,1795
475.5355,475.5443,27187,38215,Eptesicus serotinus,0.008,0.022,-1,Echolocation,/mnt/ubna_data_01_mir/recover-20220825/UBNA_002/20220823_033000.WAV,Telephone Field,recover-20220825,002,1795
475.5585,475.6013,68437,82862,Rhinolophus ferrumequinum,0.03,0.03,-1,Echolocation,/mnt/ubna_data_01_mir/recover-20220825/UBNA_002/20220823_033000.WAV,Telephone Field,recover-20220825,002,1795
475.6015,475.6105,34921,42151,Barbastellus barbastellus,0.012,0.04,-1,Echolocation,/mnt/ubna_data_01_mir/recover-20220825/UBNA_002/20220823_033000.WAV,Telephone Field,recover-20220825,002,1795
475.6015,475.6413,68437,82307,Rhinolophus ferrumequinum,0.024,0.024,-1,Echolocation,/mnt/ubna_data_01_mir/recover-20220825/UBNA_002/20220823_033000.WAV,Telephone Field,recover-20220825,002,1795
475.6585,475.6696,28046,35160,Eptesicus serotinus,0.014,0.029,-1,Echolocation,/mnt/ubna_data_01_mir/recover-20220825/UBNA_002/20220823_033000.WAV,Telephone Field,recover-20220825,002,1795
475.6625,475.6993,68437,81465,Rhinolophus ferrumequinum,0.023,0.023,-1,Echolocation,/mnt/ubna_data_01_mir/recover-20220825/UBNA_002/20220823_033000.WAV,Telephone Field,recover-20220825,002,1795
475.6735,475.6833,23750,30591,Nyctalus leisleri,0.014,0.037,-1,Echolocation,/mnt/ubna_data_01_mir/recover-20220825/UBNA_002/20220823_033000.WAV,Telephone Field,recover-20220825,002,1795
475.7125,475.7514,68437,82413,Rhinolophus ferrumequinum,0.023,0.023,-1,Echolocation,/mnt/ubna_data_01_mir/recover-20220825/UBNA_002/20220823_033000.WAV,Telephone Field,recover-20220825,002,1795
475.7135,475.7212,27187,38978,Eptesicus serotinus,0.007,0.023,-1,Echolocation,/mnt/ubna_data_01_mir/recover-20220825/UBNA_002/20220823_033000.WAV,Telephone Field,recover-20220825,002,1795
475.7385,475.7807,68437,82537,Rhinolophus ferrumequinum,0.034,0.034,-1,Echolocation,/mnt/ubna_data_01_mir/recover-20220825/UBNA_002/20220823_033000.WAV,Telephone Field,recover-20220825,002,1795
475.7815,475.8189,68437,82104,Rhinolophus ferrumequinum,0.032,0.032,-1,Echolocation,/mnt/ubna_data_01_mir/recover-20220825/UBNA_002/20220823_033000.WAV,Telephone Field,recover-20220825,002,1795
475.7865,475.8036,18593,22825,Nyctalus noctula,0.022,0.035,-1,Echolocation,/mnt/ubna_data_01_mir/recover-20220825/UBNA_002/20220823_033000.WAV,Telephone Field,recover-20220825,002,1795
475.8165,475.8236,27187,37638,Eptesicus serotinus,0.008,0.027,-1,Echolocation,/mnt/ubna_data_01_mir/recover-20220825/UBNA_002/20220823_033000.WAV,Telephone Field,recover-20220825,002,1795
475.8435,475.8492,28046,43290,Myotis daubentonii,0.01,0.036,-1,Echolocation,/mnt/ubna_data_01_mir/recover-20220825/UBNA_002/20220823_033000.WAV,Telephone Field,recover-20220825,002,1795
475.8435,475.8491,32343,43879,Myotis daubentonii,0.019,0.037,-1,Echolocation,/mnt/ubna_data_01_mir/recover-20220825/UBNA_002/20220823_033000.WAV,Telephone Field,recover-20220825,002,1795
475.8865,475.8954,25468,33799,Eptesicus serotinus,0.008,0.022,-1,Echolocation,/mnt/ubna_data_01_mir/recover-20220825/UBNA_002/20220823_033000.WAV,Telephone Field,recover-20220825,002,1795
475.9535,475.9915,68437,81950,Rhinolophus ferrumequinum,0.023,0.023,-1,Echolocation,/mnt/ubna_data_01_mir/recover-20220825/UBNA_002/20220823_033000.WAV,Telephone Field,recover-20220825,002,1795
475.9765,475.985,26328,36432,Eptesicus serotinus,0.008,0.023,-1,Echolocation,/mnt/ubna_data_01_mir/recover-20220825/UBNA_002/20220823_033000.WAV,Telephone Field,recover-20220825,002,1795
476.0015,476.0094,45234,50729,Pipistrellus pipistrellus,0.018,0.025,-1,Echolocation,/mnt/ubna_data_01_mir/recover-20220825/UBNA_002/20220823_033000.WAV,Telephone Field,recover-20220825,002,1795
476.0015,476.0322,69296,80742,Rhinolophus ferrumequinum,0.022,0.022,-1,Echolocation,/mnt/ubna_data_01_mir/recover-20220825/UBNA_002/20220823_033000.WAV,Telephone Field,recover-20220825,002,1795
476.0015,476.0117,22890,28877,Nyctalus leisleri,0.011,0.027,-1,Echolocation,/mnt/ubna_data_01_mir/recover-20220825/UBNA_002/20220823_033000.WAV,Telephone Field,recover-20220825,002,1795
476.0515,476.0667,22031,26156,Nyctalus leisleri,0.016,0.028,-1,Echolocation,/mnt/ubna_data_01_mir/recover-20220825/UBNA_002/20220823_033000.WAV,Telephone Field,recover-20220825,002,1795
476.0545,476.0935,68437,82342,Rhinolophus ferrumequinum,0.024,0.024,-1,Echolocation,/mnt/ubna_data_01_mir/recover-20220825/UBNA_002/20220823_033000.WAV,Telephone Field,recover-20220825,002,1795
476.0575,476.0635,27187,39088,Eptesicus serotinus,0.006,0.029,-1,Echolocation,/mnt/ubna_data_01_mir/recover-20220825/UBNA_002/20220823_033000.WAV,Telephone Field,recover-20220825,002,1795
476.0795,476.1192,68437,82802,Rhinolophus ferrumequinum,0.028,0.028,-1,Echolocation,/mnt/ubna_data_01_mir/recover-20220825/UBNA_002/20220823_033000.WAV,Telephone Field,recover-20220825,002,1795
476.0835,476.092,27187,36762,Eptesicus serotinus,0.008,0.024,-1,Echolocation,/mnt/ubna_data_01_mir/recover-20220825/UBNA_002/20220823_033000.WAV,Telephone Field,recover-20220825,002,1795
476.1445,476.1836,68437,82370,Rhinolophus ferrumequinum,0.029,0.029,-1,Echolocation,/mnt/ubna_data_01_mir/recover-20220825/UBNA_002/20220823_033000.WAV,Telephone Field,recover-20220825,002,1795
476.1835,476.2232,68437,82294,Rhinolophus ferrumequinum,0.029,0.029,-1,Echolocation,/mnt/ubna_data_01_mir/recover-20220825/UBNA_002/20220823_033000.WAV,Telephone Field,recover-20220825,002,1795
476.2105,476.2174,23750,33026,Plecotus austriacus,0.012,0.026,-1,Echolocation,/mnt/ubna_data_01_mir/recover-20220825/UBNA_002/20220823_033000.WAV,Telephone Field,recover-20220825,002,1795
476.2165,476.2257,49531,53651,Pipistrellus pipistrellus,0.021,0.025,-1,Echolocation,/mnt/ubna_data_01_mir/recover-20220825/UBNA_002/20220823_033000.WAV,Telephone Field,recover-20220825,002,1795
476.2335,476.275,68437,82986,Rhinolophus ferrumequinum,0.027,0.027,-1,Echolocation,/mnt/ubna_data_01_mir/recover-20220825/UBNA_002/20220823_033000.WAV,Telephone Field,recover-20220825,002,1795
476.2465,476.2543,25468,33760,Eptesicus serotinus,0.007,0.025,-1,Echolocation,/mnt/ubna_data_01_mir/recover-20220825/UBNA_002/20220823_033000.WAV,Telephone Field,recover-20220825,002,1795
476.2725,476.3063,68437,81449,Rhinolophus ferrumequinum,0.023,0.023,-1,Echolocation,/mnt/ubna_data_01_mir/recover-20220825/UBNA_002/20220823_033000.WAV,Telephone Field,recover-20220825,002,1795
476.3075,476.3477,68437,82949,Rhinolophus ferrumequinum,0.025,0.025,-1,Echolocation,/mnt/ubna_data_01_mir/recover-20220825/UBNA_002/20220823_033000.WAV,Telephone Field,recover-20220825,002,1795
476.4075,476.4185,28046,35579,Eptesicus serotinus,0.011,0.024,-1,Echolocation,/mnt/ubna_data_01_mir/recover-20220825/UBNA_002/20220823_033000.WAV,Telephone Field,recover-20220825,002,1795
476.4315,476.4717,68437,82655,Rhinolophus ferrumequinum,0.037,0.037,-1,Echolocation,/mnt/ubna_data_01_mir/recover-20220825/UBNA_002/20220823_033000.WAV,Telephone Field,recover-20220825,002,1795
476.4395,476.4519,22031,26084,Nyctalus leisleri,0.015,0.025,-1,Echolocation,/mnt/ubna_data_01_mir/recover-20220825/UBNA_002/20220823_033000.WAV,Telephone Field,recover-20220825,002,1795
476.4485,476.4662,20312,23831,Nyctalus leisleri,0.013,0.025,-1,Echolocation,/mnt/ubna_data_01_mir/recover-20220825/UBNA_002/20220823_033000.WAV,Telephone Field,recover-20220825,002,1795
476.4585,476.4962,68437,81993,Rhinolophus ferrumequinum,0.023,0.023,-1,Echolocation,/mnt/ubna_data_01_mir/recover-20220825/UBNA_002/20220823_033000.WAV,Telephone Field,recover-20220825,002,1795
476.4925,476.5035,23750,28304,Nyctalus leisleri,0.011,0.022,-1,Echolocation,/mnt/ubna_data_01_mir/recover-20220825/UBNA_002/20220823_033000.WAV,Telephone Field,recover-20220825,002,1795
476.5425,476.5499,27187,39174,Eptesicus serotinus,0.007,0.025,-1,Echolocation,/mnt/ubna_data_01_mir/recover-20220825/UBNA_002/20220823_033000.WAV,Telephone Field,recover-20220825,002,1795
476.5625,476.6015,68437,82090,Rhinolophus ferrumequinum,0.022,0.022,-1,Echolocation,/mnt/ubna_data_01_mir/recover-20220825/UBNA_002/20220823_033000.WAV,Telephone Field,recover-20220825,002,1795
476.5915,476.63530000000003,68437,83546,Rhinolophus ferrumequinum,0.043,0.043,-1,Echolocation,/mnt/ubna_data_01_mir/recover-20220825/UBNA_002/20220823_033000.WAV,Telephone Field,recover-20220825,002,1795
476.6095,476.6508,68437,82492,Rhinolophus ferrumequinum,0.026,0.026,-1,Echolocation,/mnt/ubna_data_01_mir/recover-20220825/UBNA_002/20220823_033000.WAV,Telephone Field,recover-20220825,002,1795
476.6125,476.6196,25468,34812,Plecotus austriacus,0.011,0.028,-1,Echolocation,/mnt/ubna_data_01_mir/recover-20220825/UBNA_002/20220823_033000.WAV,Telephone Field,recover-20220825,002,1795
476.6555,476.6965,68437,82750,Rhinolophus ferrumequinum,0.028,0.028,-1,Echolocation,/mnt/ubna_data_01_mir/recover-20220825/UBNA_002/20220823_033000.WAV,Telephone Field,recover-20220825,002,1795
476.6835,476.6916,28906,39721,Eptesicus serotinus,0.008,0.025,-1,Echolocation,/mnt/ubna_data_01_mir/recover-20220825/UBNA_002/20220823_033000.WAV,Telephone Field,recover-20220825,002,1795
476.6955,476.736,68437,82636,Rhinolophus ferrumequinum,0.025,0.025,-1,Echolocation,/mnt/ubna_data_01_mir/recover-20220825/UBNA_002/20220823_033000.WAV,Telephone Field,recover-20220825,002,1795
476.6985,476.7061,48671,53103,Pipistrellus pipistrellus,0.044,0.046,-1,Echolocation,/mnt/ubna_data_01_mir/recover-20220825/UBNA_002/20220823_033000.WAV,Telephone Field,recover-20220825,002,1795
476.7385,476.7801,68437,82291,Rhinolophus ferrumequinum,0.022,0.022,-1,Echolocation,/mnt/ubna_data_01_mir/recover-20220825/UBNA_002/20220823_033000.WAV,Telephone Field,recover-20220825,002,1795
476.7485,476.7561,23750,33053,Plecotus austriacus,0.009,0.024,-1,Echolocation,/mnt/ubna_data_01_mir/recover-20220825/UBNA_002/20220823_033000.WAV,Telephone Field,recover-20220825,002,1795
476.7645,476.7751,22890,27965,Nyctalus leisleri,0.012,0.024,-1,Echolocation,/mnt/ubna_data_01_mir/recover-20220825/UBNA_002/20220823_033000.WAV,Telephone Field,recover-20220825,002,1795
476.7825,476.7908,27187,38141,Eptesicus serotinus,0.007,0.023,-1,Echolocation,/mnt/ubna_data_01_mir/recover-20220825/UBNA_002/20220823_033000.WAV,Telephone Field,recover-20220825,002,1795
476.8085,476.8486,68437,82546,Rhinolophus ferrumequinum,0.023,0.023,-1,Echolocation,/mnt/ubna_data_01_mir/recover-20220825/UBNA_002/20220823_033000.WAV,Telephone Field,recover-20220825,002,1795
476.95550000000003,476.9911,68437,80940,Rhinolophus ferrumequinum,0.026,0.027,-1,Echolocation,/mnt/ubna_data_01_mir/recover-20220825/UBNA_002/20220823_033000.WAV,Telephone Field,recover-20220825,002,1795
477.0095,477.0189,51250,56193,Pipistrellus pipistrellus,0.036,0.042,-1,Echolocation,/mnt/ubna_data_01_mir/recover-20220825/UBNA_002/20220823_033000.WAV,Telephone Field,recover-20220825,002,1795
477.0105,477.0463,68437,81318,Rhinolophus ferrumequinum,0.025,0.025,-1,Echolocation,/mnt/ubna_data_01_mir/recover-20220825/UBNA_002/20220823_033000.WAV,Telephone Field,recover-20220825,002,1795
477.0115,477.0227,25468,31954,Eptesicus serotinus,0.01,0.026,-1,Echolocation,/mnt/ubna_data_01_mir/recover-20220825/UBNA_002/20220823_033000.WAV,Telephone Field,recover-20220825,002,1795
477.0645,477.1053,68437,82709,Rhinolophus ferrumequinum,0.026,0.026,-1,Echolocation,/mnt/ubna_data_01_mir/recover-20220825/UBNA_002/20220823_033000.WAV,Telephone Field,recover-20220825,002,1795
477.1055,477.1458,68437,82664,Rhinolophus ferrumequinum,0.023,0.024,-1,Echolocation,/mnt/ubna_data_01_mir/recover-20220825/UBNA_002/20220823_033000.WAV,Telephone Field,recover-20220825,002,1795
477.1515,477.1594,44375,56764,Pipistrellus pipistrellus,0.011,0.029,-1,Echolocation,/mnt/ubna_data_01_mir/recover-20220825/UBNA_002/20220823_033000.WAV,Telephone Field,recover-20220825,002,1795
477.1745,477.1856,28046,35587,Eptesicus serotinus,0.01,0.023,-1,Echolocation,/mnt/ubna_data_01_mir/recover-20220825/UBNA_002/20220823_033000.WAV,Telephone Field,recover-20220825,002,1795
477.1785,477.2241,68437,83241,Rhinolophus ferrumequinum,0.045,0.045,-1,Echolocation,/mnt/ubna_data_01_mir/recover-20220825/UBNA_002/20220823_033000.WAV,Telephone Field,recover-20220825,002,1795
477.1835,477.1906,28046,41112,Eptesicus serotinus,0.006,0.024,-1,Echolocation,/mnt/ubna_data_01_mir/recover-20220825/UBNA_002/20220823_033000.WAV,Telephone Field,recover-20220825,002,1795
477.2215,477.2597,68437,82214,Rhinolophus ferrumequinum,0.026,0.026,-1,Echolocation,/mnt/ubna_data_01_mir/recover-20220825/UBNA_002/20220823_033000.WAV,Telephone Field,recover-20220825,002,1795
477.2475,477.286,68437,81906,Rhinolophus ferrumequinum,0.028,0.028,-1,Echolocation,/mnt/ubna_data_01_mir/recover-20220825/UBNA_002/20220823_033000.WAV,Telephone Field,recover-20220825,002,1795
477.2495,477.2569,27187,44447,Eptesicus serotinus,0.006,0.022,-1,Echolocation,/mnt/ubna_data_01_mir/recover-20220825/UBNA_002/20220823_033000.WAV,Telephone Field,recover-20220825,002,1795
477.2495,477.2572,42656,51039,Myotis daubentonii,0.006,0.024,-1,Echolocation,/mnt/ubna_data_01_mir/recover-20220825/UBNA_002/20220823_033000.WAV,Telephone Field,recover-20220825,002,1795
477.2915,477.3294,68437,82476,Rhinolophus ferrumequinum,0.026,0.026,-1,Echolocation,/mnt/ubna_data_01_mir/recover-20220825/UBNA_002/20220823_033000.WAV,Telephone Field,recover-20220825,002,1795
477.3215,477.3611,68437,82110,Rhinolophus ferrumequinum,0.022,0.022,-1,Echolocation,/mnt/ubna_data_01_mir/recover-20220825/UBNA_002/20220823_033000.WAV,Telephone Field,recover-20220825,002,1795
477.3225,477.3293,28046,39463,Eptesicus serotinus,0.006,0.023,-1,Echolocation,/mnt/ubna_data_01_mir/recover-20220825/UBNA_002/20220823_033000.WAV,Telephone Field,recover-20220825,002,1795
477.3425,477.3821,68437,82655,Rhinolophus ferrumequinum,0.037,0.037,-1,Echolocation,/mnt/ubna_data_01_mir/recover-20220825/UBNA_002/20220823_033000.WAV,Telephone Field,recover-20220825,002,1795
477.3595,477.3672,28046,38689,Eptesicus serotinus,0.007,0.023,-1,Echolocation,/mnt/ubna_data_01_mir/recover-20220825/UBNA_002/20220823_033000.WAV,Telephone Field,recover-20220825,002,1795
477.3875,477.4248,68437,82057,Rhinolophus ferrumequinum,0.026,0.026,-1,Echolocation,/mnt/ubna_data_01_mir/recover-20220825/UBNA_002/20220823_033000.WAV,Telephone Field,recover-20220825,002,1795
477.4245,477.4345,28906,36043,Eptesicus serotinus,0.009,0.023,-1,Echolocation,/mnt/ubna_data_01_mir/recover-20220825/UBNA_002/20220823_033000.WAV,Telephone Field,recover-20220825,002,1795
477.4245,477.4648,68437,82696,Rhinolophus ferrumequinum,0.033,0.033,-1,Echolocation,/mnt/ubna_data_01_mir/recover-20220825/UBNA_002/20220823_033000.WAV,Telephone Field,recover-20220825,002,1795
477.4475,477.4579,22890,27713,Nyctalus leisleri,0.012,0.024,-1,Echolocation,/mnt/ubna_data_01_mir/recover-20220825/UBNA_002/20220823_033000.WAV,Telephone Field,recover-20220825,002,1795
477.4625,477.4714,46953,52166,Pipistrellus pipistrellus,0.028,0.032,-1,Echolocation,/mnt/ubna_data_01_mir/recover-20220825/UBNA_002/20220823_033000.WAV,Telephone Field,recover-20220825,002,1795
477.4635,477.5033,68437,82058,Rhinolophus ferrumequinum,0.027,0.027,-1,Echolocation,/mnt/ubna_data_01_mir/recover-20220825/UBNA_002/20220823_033000.WAV,Telephone Field,recover-20220825,002,1795
477.4865,477.5284,68437,82657,Rhinolophus ferrumequinum,0.033,0.033,-1,Echolocation,/mnt/ubna_data_01_mir/recover-20220825/UBNA_002/20220823_033000.WAV,Telephone Field,recover-20220825,002,1795
477.5085,477.516,27187,36941,Eptesicus serotinus,0.007,0.03,-1,Echolocation,/mnt/ubna_data_01_mir/recover-20220825/UBNA_002/20220823_033000.WAV,Telephone Field,recover-20220825,002,1795
477.5165,477.5252,25468,33294,Eptesicus serotinus,0.008,0.024,-1,Echolocation,/mnt/ubna_data_01_mir/recover-20220825/UBNA_002/20220823_033000.WAV,Telephone Field,recover-20220825,002,1795
477.5235,477.5318,23750,31306,Plecotus austriacus,0.009,0.026,-1,Echolocation,/mnt/ubna_data_01_mir/recover-20220825/UBNA_002/20220823_033000.WAV,Telephone Field,recover-20220825,002,1795
477.5385,477.5787,68437,82156,Rhinolophus ferrumequinum,0.024,0.024,-1,Echolocation,/mnt/ubna_data_01_mir/recover-20220825/UBNA_002/20220823_033000.WAV,Telephone Field,recover-20220825,002,1795
477.54449999999997,477.5832,68437,82204,Rhinolophus ferrumequinum,0.025,0.025,-1,Echolocation,/mnt/ubna_data_01_mir/recover-20220825/UBNA_002/20220823_033000.WAV,Telephone Field,recover-20220825,002,1795
477.5605,477.5719,37500,41219,Pipistrellus nathusii,0.015,0.025,-1,Echolocation,/mnt/ubna_data_01_mir/recover-20220825/UBNA_002/20220823_033000.WAV,Telephone Field,recover-20220825,002,1795
477.6065,477.6442,68437,81955,Rhinolophus ferrumequinum,0.024,0.024,-1,Echolocation,/mnt/ubna_data_01_mir/recover-20220825/UBNA_002/20220823_033000.WAV,Telephone Field,recover-20220825,002,1795
477.6065,477.6134,28046,38369,Eptesicus serotinus,0.006,0.025,-1,Echolocation,/mnt/ubna_data_01_mir/recover-20220825/UBNA_002/20220823_033000.WAV,Telephone Field,recover-20220825,002,1795
477.6355,477.6502,22890,27237,Nyctalus leisleri,0.019,0.034,-1,Echolocation,/mnt/ubna_data_01_mir/recover-20220825/UBNA_002/20220823_033000.WAV,Telephone Field,recover-20220825,002,1795
477.6775,477.7183,68437,82217,Rhinolophus ferrumequinum,0.024,0.024,-1,Echolocation,/mnt/ubna_data_01_mir/recover-20220825/UBNA_002/20220823_033000.WAV,Telephone Field,recover-20220825,002,1795
477.6875,477.6957,28046,40110,Eptesicus serotinus,0.007,0.022,-1,Echolocation,/mnt/ubna_data_01_mir/recover-20220825/UBNA_002/20220823_033000.WAV,Telephone Field,recover-20220825,002,1795
477.7225,477.7606,68437,81946,Rhinolophus ferrumequinum,0.026,0.026,-1,Echolocation,/mnt/ubna_data_01_mir/recover-20220825/UBNA_002/20220823_033000.WAV,Telephone Field,recover-20220825,002,1795
477.7795,477.819,68437,82159,Rhinolophus ferrumequinum,0.027,0.027,-1,Echolocation,/mnt/ubna_data_01_mir/recover-20220825/UBNA_002/20220823_033000.WAV,Telephone Field,recover-20220825,002,1795
477.7835,477.7944,22890,26990,Nyctalus leisleri,0.019,0.032,-1,Echolocation,/mnt/ubna_data_01_mir/recover-20220825/UBNA_002/20220823_033000.WAV,Telephone Field,recover-20220825,002,1795
477.8065,477.8167,23750,29959,Nyctalus leisleri,0.01,0.022,-1,Echolocation,/mnt/ubna_data_01_mir/recover-20220825/UBNA_002/20220823_033000.WAV,Telephone Field,recover-20220825,002,1795
477.8315,477.8387,23750,33764,Plecotus austriacus,0.009,0.023,-1,Echolocation,/mnt/ubna_data_01_mir/recover-20220825/UBNA_002/20220823_033000.WAV,Telephone Field,recover-20220825,002,1795
477.8825,477.9188,68437,81745,Rhinolophus ferrumequinum,0.027,0.027,-1,Echolocation,/mnt/ubna_data_01_mir/recover-20220825/UBNA_002/20220823_033000.WAV,Telephone Field,recover-20220825,002,1795
477.9175,477.9566,68437,82096,Rhinolophus ferrumequinum,0.025,0.025,-1,Echolocation,/mnt/ubna_data_01_mir/recover-20220825/UBNA_002/20220823_033000.WAV,Telephone Field,recover-20220825,002,1795
477.91949999999997,477.9287,28046,35805,Eptesicus serotinus,0.008,0.024,-1,Echolocation,/mnt/ubna_data_01_mir/recover-20220825/UBNA_002/20220823_033000.WAV,Telephone Field,recover-20220825,002,1795
477.9405,477.9785,68437,82031,Rhinolophus ferrumequinum,0.026,0.026,-1,Echolocation,/mnt/ubna_data_01_mir/recover-20220825/UBNA_002/20220823_033000.WAV,Telephone Field,recover-20220825,002,1795
477.9415,477.9504,28046,38639,Eptesicus serotinus,0.007,0.022,-1,Echolocation,/mnt/ubna_data_01_mir/recover-20220825/UBNA_002/20220823_033000.WAV,Telephone Field,recover-20220825,002,1795
477.9565,477.9667,24609,31827,Nyctalus leisleri,0.007,0.022,-1,Echolocation,/mnt/ubna_data_01_mir/recover-20220825/UBNA_002/20220823_033000.WAV,Telephone Field,recover-20220825,002,1795
477.9685,477.9756,27187,39576,Eptesicus serotinus,0.006,0.025,-1,Echolocation,/mnt/ubna_data_01_mir/recover-20220825/UBNA_002/20220823_033000.WAV,Telephone Field,recover-20220825,002,1795
478.0015,478.0324,69296,81560,Rhinolophus ferrumequinum,0.026,0.026,-1,Echolocation,/mnt/ubna_data_01_mir/recover-20220825/UBNA_002/20220823_033000.WAV,Telephone Field,recover-20220825,002,1795
478.0015,478.01030000000003,25468,34270,Nyctalus leisleri,0.009,0.029,-1,Echolocation,/mnt/ubna_data_01_mir/recover-20220825/UBNA_002/20220823_033000.WAV,Telephone Field,recover-20220825,002,1795
478.0015,478.0086,48671,54671,Pipistrellus pipistrellus,0.016,0.023,-1,Echolocation,/mnt/ubna_data_01_mir/recover-20220825/UBNA_002/20220823_033000.WAV,Telephone Field,recover-20220825,002,1795
478.0105,478.0168,40937,56510,Myotis mystacinus,0.008,0.023,-1,Echolocation,/mnt/ubna_data_01_mir/recover-20220825/UBNA_002/20220823_033000.WAV,Telephone Field,recover-20220825,002,1795
478.0155,478.0252,27187,40310,Eptesicus serotinus,0.011,0.026,-1,Echolocation,/mnt/ubna_data_01_mir/recover-20220825/UBNA_002/20220823_033000.WAV,Telephone Field,recover-20220825,002,1795
478.0345,478.0726,68437,82243,Rhinolophus ferrumequinum,0.023,0.023,-1,Echolocation,/mnt/ubna_data_01_mir/recover-20220825/UBNA_002/20220823_033000.WAV,Telephone Field,recover-20220825,002,1795
478.0365,478.0437,23750,32883,Plecotus austriacus,0.009,0.023,-1,Echolocation,/mnt/ubna_data_01_mir/recover-20220825/UBNA_002/20220823_033000.WAV,Telephone Field,recover-20220825,002,1795
478.0935,478.1013,28046,39424,Eptesicus serotinus,0.008,0.022,-1,Echolocation,/mnt/ubna_data_01_mir/recover-20220825/UBNA_002/20220823_033000.WAV,Telephone Field,recover-20220825,002,1795
478.1375,478.177,68437,82466,Rhinolophus ferrumequinum,0.023,0.023,-1,Echolocation,/mnt/ubna_data_01_mir/recover-20220825/UBNA_002/20220823_033000.WAV,Telephone Field,recover-20220825,002,1795
478.1445,478.1551,27187,33914,Eptesicus serotinus,0.03,0.053,-1,Echolocation,/mnt/ubna_data_01_mir/recover-20220825/UBNA_002/20220823_033000.WAV,Telephone Field,recover-20220825,002,1795
478.1555,478.1964,68437,82100,Rhinolophus ferrumequinum,0.022,0.022,-1,Echolocation,/mnt/ubna_data_01_mir/recover-20220825/UBNA_002/20220823_033000.WAV,Telephone Field,recover-20220825,002,1795
478.1555,478.1629,51250,58289,Pipistrellus pipistrellus,0.018,0.023,-1,Echolocation,/mnt/ubna_data_01_mir/recover-20220825/UBNA_002/20220823_033000.WAV,Telephone Field,recover-20220825,002,1795
478.1795,478.1903,23750,30187,Nyctalus leisleri,0.011,0.029,-1,Echolocation,/mnt/ubna_data_01_mir/recover-20220825/UBNA_002/20220823_033000.WAV,Telephone Field,recover-20220825,002,1795
478.1925,478.2014,28046,36735,Eptesicus serotinus,0.009,0.023,-1,Echolocation,/mnt/ubna_data_01_mir/recover-20220825/UBNA_002/20220823_033000.WAV,Telephone Field,recover-20220825,002,1795
478.2045,478.2168,22890,28231,Nyctalus leisleri,0.011,0.023,-1,Echolocation,/mnt/ubna_data_01_mir/recover-20220825/UBNA_002/20220823_033000.WAV,Telephone Field,recover-20220825,002,1795
478.20550000000003,478.2416,68437,81311,Rhinolophus ferrumequinum,0.026,0.026,-1,Echolocation,/mnt/ubna_data_01_mir/recover-20220825/UBNA_002/20220823_033000.WAV,Telephone Field,recover-20220825,002,1795
478.22950000000003,478.269,68437,82583,Rhinolophus ferrumequinum,0.022,0.022,-1,Echolocation,/mnt/ubna_data_01_mir/recover-20220825/UBNA_002/20220823_033000.WAV,Telephone Field,recover-20220825,002,1795
478.2635,478.2701,28046,46466,Eptesicus serotinus,0.006,0.023,-1,Echolocation,/mnt/ubna_data_01_mir/recover-20220825/UBNA_002/20220823_033000.WAV,Telephone Field,recover-20220825,002,1795
478.2735,478.3109,68437,81756,Rhinolophus ferrumequinum,0.023,0.023,-1,Echolocation,/mnt/ubna_data_01_mir/recover-20220825/UBNA_002/20220823_033000.WAV,Telephone Field,recover-20220825,002,1795
478.2825,478.3201,68437,82418,Rhinolophus ferrumequinum,0.022,0.022,-1,Echolocation,/mnt/ubna_data_01_mir/recover-20220825/UBNA_002/20220823_033000.WAV,Telephone Field,recover-20220825,002,1795
478.2995,478.3377,68437,82268,Rhinolophus ferrumequinum,0.026,0.026,-1,Echolocation,/mnt/ubna_data_01_mir/recover-20220825/UBNA_002/20220823_033000.WAV,Telephone Field,recover-20220825,002,1795
478.3405,478.3779,68437,82046,Rhinolophus ferrumequinum,0.022,0.022,-1,Echolocation,/mnt/ubna_data_01_mir/recover-20220825/UBNA_002/20220823_033000.WAV,Telephone Field,recover-20220825,002,1795
478.3455,478.3531,28046,40147,Eptesicus serotinus,0.008,0.025,-1,Echolocation,/mnt/ubna_data_01_mir/recover-20220825/UBNA_002/20220823_033000.WAV,Telephone Field,recover-20220825,002,1795
478.3515,478.3634,40937,45020,Pipistrellus nathusii,0.015,0.033,-1,Echolocation,/mnt/ubna_data_01_mir/recover-20220825/UBNA_002/20220823_033000.WAV,Telephone Field,recover-20220825,002,1795
478.4385,478.4455,55546,60425,Pipistrellus pygmaeus,0.022,0.024,-1,Echolocation,/mnt/ubna_data_01_mir/recover-20220825/UBNA_002/20220823_033000.WAV,Telephone Field,recover-20220825,002,1795
478.4585,478.4996,68437,83040,Rhinolophus ferrumequinum,0.046,0.046,-1,Echolocation,/mnt/ubna_data_01_mir/recover-20220825/UBNA_002/20220823_033000.WAV,Telephone Field,recover-20220825,002,1795
478.4655,478.47180000000003,27187,40214,Eptesicus serotinus,0.007,0.032,-1,Echolocation,/mnt/ubna_data_01_mir/recover-20220825/UBNA_002/20220823_033000.WAV,Telephone Field,recover-20220825,002,1795
478.4725,478.5106,68437,82284,Rhinolophus ferrumequinum,0.022,0.022,-1,Echolocation,/mnt/ubna_data_01_mir/recover-20220825/UBNA_002/20220823_033000.WAV,Telephone Field,recover-20220825,002,1795
478.4785,478.4877,51250,56704,Pipistrellus pipistrellus,0.033,0.038,-1,Echolocation,/mnt/ubna_data_01_mir/recover-20220825/UBNA_002/20220823_033000.WAV,Telephone Field,recover-20220825,002,1795
478.4985,478.5353,68437,81627,Rhinolophus ferrumequinum,0.022,0.022,-1,Echolocation,/mnt/ubna_data_01_mir/recover-20220825/UBNA_002/20220823_033000.WAV,Telephone Field,recover-20220825,002,1795
478.5225,478.5609,68437,82568,Rhinolophus ferrumequinum,0.024,0.024,-1,Echolocation,/mnt/ubna_data_01_mir/recover-20220825/UBNA_002/20220823_033000.WAV,Telephone Field,recover-20220825,002,1795
478.5285,478.5359,30625,42515,Myotis daubentonii,0.009,0.028,-1,Echolocation,/mnt/ubna_data_01_mir/recover-20220825/UBNA_002/20220823_033000.WAV,Telephone Field,recover-20220825,002,1795
478.5435,478.579,68437,81076,Rhinolophus ferrumequinum,0.026,0.026,-1,Echolocation,/mnt/ubna_data_01_mir/recover-20220825/UBNA_002/20220823_033000.WAV,Telephone Field,recover-20220825,002,1795
478.5455,478.5529,28046,37437,Eptesicus serotinus,0.007,0.026,-1,Echolocation,/mnt/ubna_data_01_mir/recover-20220825/UBNA_002/20220823_033000.WAV,Telephone Field,recover-20220825,002,1795
478.5875,478.6243,68437,81229,Rhinolophus ferrumequinum,0.025,0.025,-1,Echolocation,/mnt/ubna_data_01_mir/recover-20220825/UBNA_002/20220823_033000.WAV,Telephone Field,recover-20220825,002,1795
478.5975,478.6067,28046,39416,Eptesicus serotinus,0.008,0.023,-1,Echolocation,/mnt/ubna_data_01_mir/recover-20220825/UBNA_002/20220823_033000.WAV,Telephone Field,recover-20220825,002,1795
478.6355,478.6509,20312,23636,Nyctalus leisleri,0.014,0.024,-1,Echolocation,/mnt/ubna_data_01_mir/recover-20220825/UBNA_002/20220823_033000.WAV,Telephone Field,recover-20220825,002,1795
478.6495,478.6861,68437,82021,Rhinolophus ferrumequinum,0.023,0.023,-1,Echolocation,/mnt/ubna_data_01_mir/recover-20220825/UBNA_002/20220823_033000.WAV,Telephone Field,recover-20220825,002,1795
478.6625,478.6699,49531,53608,Pipistrellus pipistrellus,0.025,0.028,-1,Echolocation,/mnt/ubna_data_01_mir/recover-20220825/UBNA_002/20220823_033000.WAV,Telephone Field,recover-20220825,002,1795
478.6895,478.6966,27187,38640,Eptesicus serotinus,0.006,0.022,-1,Echolocation,/mnt/ubna_data_01_mir/recover-20220825/UBNA_002/20220823_033000.WAV,Telephone Field,recover-20220825,002,1795
478.7235,478.7656,68437,83169,Rhinolophus ferrumequinum,0.03,0.03,-1,Echolocation,/mnt/ubna_data_01_mir/recover-20220825/UBNA_002/20220823_033000.WAV,Telephone Field,recover-20220825,002,1795
478.7375,478.7529,21171,24682,Nyctalus leisleri,0.017,0.026,-1,Echolocation,/mnt/ubna_data_01_mir/recover-20220825/UBNA_002/20220823_033000.WAV,Telephone Field,recover-20220825,002,1795
478.7525,478.791,68437,81334,Rhinolophus ferrumequinum,0.025,0.025,-1,Echolocation,/mnt/ubna_data_01_mir/recover-20220825/UBNA_002/20220823_033000.WAV,Telephone Field,recover-20220825,002,1795
478.7585,478.7981,68437,81988,Rhinolophus ferrumequinum,0.025,0.025,-1,Echolocation,/mnt/ubna_data_01_mir/recover-20220825/UBNA_002/20220823_033000.WAV,Telephone Field,recover-20220825,002,1795
478.77049999999997,478.8118,68437,83020,Rhinolophus ferrumequinum,0.026,0.026,-1,Echolocation,/mnt/ubna_data_01_mir/recover-20220825/UBNA_002/20220823_033000.WAV,Telephone Field,recover-20220825,002,1795
478.8165,478.8562,68437,82471,Rhinolophus ferrumequinum,0.023,0.023,-1,Echolocation,/mnt/ubna_data_01_mir/recover-20220825/UBNA_002/20220823_033000.WAV,Telephone Field,recover-20220825,002,1795
478.8655,478.8768,22031,26680,Nyctalus leisleri,0.012,0.024,-1,Echolocation,/mnt/ubna_data_01_mir/recover-20220825/UBNA_002/20220823_033000.WAV,Telephone Field,recover-20220825,002,1795
478.8825,478.8891,26328,37133,Eptesicus serotinus,0.006,0.024,-1,Echolocation,/mnt/ubna_data_01_mir/recover-20220825/UBNA_002/20220823_033000.WAV,Telephone Field,recover-20220825,002,1795
478.9265,478.9651,68437,81090,Rhinolophus ferrumequinum,0.024,0.024,-1,Echolocation,/mnt/ubna_data_01_mir/recover-20220825/UBNA_002/20220823_033000.WAV,Telephone Field,recover-20220825,002,1795
478.97950000000003,478.991,23750,29553,Nyctalus leisleri,0.01,0.023,-1,Echolocation,/mnt/ubna_data_01_mir/recover-20220825/UBNA_002/20220823_033000.WAV,Telephone Field,recover-20220825,002,1795
479.0285,479.0401,22031,27235,Nyctalus leisleri,0.014,0.031,-1,Echolocation,/mnt/ubna_data_01_mir/recover-20220825/UBNA_002/20220823_033000.WAV,Telephone Field,recover-20220825,002,1795
479.0555,479.0663,22890,28314,Nyctalus leisleri,0.01,0.022,-1,Echolocation,/mnt/ubna_data_01_mir/recover-20220825/UBNA_002/20220823_033000.WAV,Telephone Field,recover-20220825,002,1795
479.0885,479.1268,68437,82101,Rhinolophus ferrumequinum,0.023,0.023,-1,Echolocation,/mnt/ubna_data_01_mir/recover-20220825/UBNA_002/20220823_033000.WAV,Telephone Field,recover-20220825,002,1795
479.1365,479.1463,28046,36578,Eptesicus serotinus,0.01,0.024,-1,Echolocation,/mnt/ubna_data_01_mir/recover-20220825/UBNA_002/20220823_033000.WAV,Telephone Field,recover-20220825,002,1795
479.1375,479.1754,68437,82644,Rhinolophus ferrumequinum,0.027,0.027,-1,Echolocation,/mnt/ubna_data_01_mir/recover-20220825/UBNA_002/20220823_033000.WAV,Telephone Field,recover-20220825,002,1795
479.1645,479.1722,27187,37945,Eptesicus serotinus,0.008,0.025,-1,Echolocation,/mnt/ubna_data_01_mir/recover-20220825/UBNA_002/20220823_033000.WAV,Telephone Field,recover-20220825,002,1795
479.1845,479.2241,68437,82754,Rhinolophus ferrumequinum,0.031,0.031,-1,Echolocation,/mnt/ubna_data_01_mir/recover-20220825/UBNA_002/20220823_033000.WAV,Telephone Field,recover-20220825,002,1795
479.2025,479.2122,27187,35412,Eptesicus serotinus,0.01,0.023,-1,Echolocation,/mnt/ubna_data_01_mir/recover-20220825/UBNA_002/20220823_033000.WAV,Telephone Field,recover-20220825,002,1795
479.2075,479.2507,68437,83302,Rhinolophus ferrumequinum,0.04,0.04,-1,Echolocation,/mnt/ubna_data_01_mir/recover-20220825/UBNA_002/20220823_033000.WAV,Telephone Field,recover-20220825,002,1795
479.2195,479.2566,68437,81657,Rhinolophus ferrumequinum,0.023,0.023,-1,Echolocation,/mnt/ubna_data_01_mir/recover-20220825/UBNA_002/20220823_033000.WAV,Telephone Field,recover-20220825,002,1795
479.3115,479.3458,68437,81778,Rhinolophus ferrumequinum,0.022,0.022,-1,Echolocation,/mnt/ubna_data_01_mir/recover-20220825/UBNA_002/20220823_033000.WAV,Telephone Field,recover-20220825,002,1795
479.3255,479.3334,47812,51646,Pipistrellus pipistrellus,0.024,0.025,-1,Echolocation,/mnt/ubna_data_01_mir/recover-20220825/UBNA_002/20220823_033000.WAV,Telephone Field,recover-20220825,002,1795
479.3385,479.3761,68437,81522,Rhinolophus ferrumequinum,0.028,0.028,-1,Echolocation,/mnt/ubna_data_01_mir/recover-20220825/UBNA_002/20220823_033000.WAV,Telephone Field,recover-20220825,002,1795
479.3595,479.4003,68437,82468,Rhinolophus ferrumequinum,0.024,0.024,-1,Echolocation,/mnt/ubna_data_01_mir/recover-20220825/UBNA_002/20220823_033000.WAV,Telephone Field,recover-20220825,002,1795
479.3665,479.4059,68437,82698,Rhinolophus ferrumequinum,0.023,0.023,-1,Echolocation,/mnt/ubna_data_01_mir/recover-20220825/UBNA_002/20220823_033000.WAV,Telephone Field,recover-20220825,002,1795
479.3975,479.4356,68437,82405,Rhinolophus ferrumequinum,0.024,0.024,-1,Echolocation,/mnt/ubna_data_01_mir/recover-20220825/UBNA_002/20220823_033000.WAV,Telephone Field,recover-20220825,002,1795
479.4055,479.4462,68437,82114,Rhinolophus ferrumequinum,0.023,0.023,-1,Echolocation,/mnt/ubna_data_01_mir/recover-20220825/UBNA_002/20220823_033000.WAV,Telephone Field,recover-20220825,002,1795
479.4575,479.46569999999997,50390,55244,Pipistrellus pipistrellus,0.028,0.032,-1,Echolocation,/mnt/ubna_data_01_mir/recover-20220825/UBNA_002/20220823_033000.WAV,Telephone Field,recover-20220825,002,1795
479.4615,479.5012,68437,82844,Rhinolophus ferrumequinum,0.024,0.024,-1,Echolocation,/mnt/ubna_data_01_mir/recover-20220825/UBNA_002/20220823_033000.WAV,Telephone Field,recover-20220825,002,1795
479.47950000000003,479.5163,68437,81155,Rhinolophus ferrumequinum,0.022,0.022,-1,Echolocation,/mnt/ubna_data_01_mir/recover-20220825/UBNA_002/20220823_033000.WAV,Telephone Field,recover-20220825,002,1795
479.5025,479.5133,14296,19181,Nyctalus noctula,0.011,0.026,-1,Echolocation,/mnt/ubna_data_01_mir/recover-20220825/UBNA_002/20220823_033000.WAV,Telephone Field,recover-20220825,002,1795
479.5045,479.5159,50390,57707,Pipistrellus pipistrellus,0.019,0.028,-1,Echolocation,/mnt/ubna_data_01_mir/recover-20220825/UBNA_002/20220823_033000.WAV,Telephone Field,recover-20220825,002,1795
479.5505,479.5581,43515,49711,Pipistrellus pipistrellus,0.029,0.033,-1,Echolocation,/mnt/ubna_data_01_mir/recover-20220825/UBNA_002/20220823_033000.WAV,Telephone Field,recover-20220825,002,1795
479.5635,479.5726,28046,37113,Eptesicus serotinus,0.009,0.023,-1,Echolocation,/mnt/ubna_data_01_mir/recover-20220825/UBNA_002/20220823_033000.WAV,Telephone Field,recover-20220825,002,1795
479.5705,479.6118,68437,82825,Rhinolophus ferrumequinum,0.029,0.029,-1,Echolocation,/mnt/ubna_data_01_mir/recover-20220825/UBNA_002/20220823_033000.WAV,Telephone Field,recover-20220825,002,1795
479.6235,479.6621,68437,81581,Rhinolophus ferrumequinum,0.024,0.024,-1,Echolocation,/mnt/ubna_data_01_mir/recover-20220825/UBNA_002/20220823_033000.WAV,Telephone Field,recover-20220825,002,1795
479.6475,479.6871,68437,82530,Rhinolophus ferrumequinum,0.028,0.028,-1,Echolocation,/mnt/ubna_data_01_mir/recover-20220825/UBNA_002/20220823_033000.WAV,Telephone Field,recover-20220825,002,1795
479.6585,479.6655,27187,39884,Eptesicus serotinus,0.008,0.027,-1,Echolocation,/mnt/ubna_data_01_mir/recover-20220825/UBNA_002/20220823_033000.WAV,Telephone Field,recover-20220825,002,1795
479.6905,479.7002,27187,36876,Eptesicus serotinus,0.011,0.025,-1,Echolocation,/mnt/ubna_data_01_mir/recover-20220825/UBNA_002/20220823_033000.WAV,Telephone Field,recover-20220825,002,1795
479.6915,479.7282,68437,81501,Rhinolophus ferrumequinum,0.024,0.024,-1,Echolocation,/mnt/ubna_data_01_mir/recover-20220825/UBNA_002/20220823_033000.WAV,Telephone Field,recover-20220825,002,1795
479.7795,479.8174,68437,82196,Rhinolophus ferrumequinum,0.024,0.024,-1,Echolocation,/mnt/ubna_data_01_mir/recover-20220825/UBNA_002/20220823_033000.WAV,Telephone Field,recover-20220825,002,1795
479.8095,479.8509,68437,82724,Rhinolophus ferrumequinum,0.033,0.033,-1,Echolocation,/mnt/ubna_data_01_mir/recover-20220825/UBNA_002/20220823_033000.WAV,Telephone Field,recover-20220825,002,1795
479.8425,479.8497,28046,38539,Eptesicus serotinus,0.006,0.022,-1,Echolocation,/mnt/ubna_data_01_mir/recover-20220825/UBNA_002/20220823_033000.WAV,Telephone Field,recover-20220825,002,1795
479.8695,479.9079,68437,82225,Rhinolophus ferrumequinum,0.023,0.023,-1,Echolocation,/mnt/ubna_data_01_mir/recover-20220825/UBNA_002/20220823_033000.WAV,Telephone Field,recover-20220825,002,1795
479.8795,479.8904,22031,27558,Nyctalus leisleri,0.01,0.024,-1,Echolocation,/mnt/ubna_data_01_mir/recover-20220825/UBNA_002/20220823_033000.WAV,Telephone Field,recover-20220825,002,1795
479.8925,479.9008,28046,39682,Eptesicus serotinus,0.007,0.022,-1,Echolocation,/mnt/ubna_data_01_mir/recover-20220825/UBNA_002/20220823_033000.WAV,Telephone Field,recover-20220825,002,1795
479.9165,479.9548,68437,81928,Rhinolophus ferrumequinum,0.023,0.023,-1,Echolocation,/mnt/ubna_data_01_mir/recover-20220825/UBNA_002/20220823_033000.WAV,Telephone Field,recover-20220825,002,1795
479.9295,479.9403,22890,27938,Nyctalus leisleri,0.012,0.024,-1,Echolocation,/mnt/ubna_data_01_mir/recover-20220825/UBNA_002/20220823_033000.WAV,Telephone Field,recover-20220825,002,1795
479.9575,479.969,22890,28500,Nyctalus leisleri,0.011,0.026,-1,Echolocation,/mnt/ubna_data_01_mir/recover-20220825/UBNA_002/20220823_033000.WAV,Telephone Field,recover-20220825,002,1795
479.9805,479.9894,28906,40141,Eptesicus serotinus,0.008,0.023,-1,Echolocation,/mnt/ubna_data_01_mir/recover-20220825/UBNA_002/20220823_033000.WAV,Telephone Field,recover-20220825,002,1795
480.0015,480.0106,40078,52170,Myotis brandtii,0.009,0.027,-1,Echolocation,/mnt/ubna_data_01_mir/recover-20220825/UBNA_002/20220823_033000.WAV,Telephone Field,recover-20220825,002,1795
480.0015,480.0286,69296,80862,Rhinolophus ferrumequinum,0.03,0.031,-1,Echolocation,/mnt/ubna_data_01_mir/recover-20220825/UBNA_002/20220823_033000.WAV,Telephone Field,recover-20220825,002,1795
480.0015,480.0099,48671,55321,Pipistrellus pipistrellus,0.017,0.025,-1,Echolocation,/mnt/ubna_data_01_mir/recover-20220825/UBNA_002/20220823_033000.WAV,Telephone Field,recover-20220825,002,1795
480.0015,480.0106,25468,33044,Nyctalus leisleri,0.012,0.038,-1,Echolocation,/mnt/ubna_data_01_mir/recover-20220825/UBNA_002/20220823_033000.WAV,Telephone Field,recover-20220825,002,1795
480.0065,480.0154,26328,34156,Eptesicus serotinus,0.009,0.026,-1,Echolocation,/mnt/ubna_data_01_mir/recover-20220825/UBNA_002/20220823_033000.WAV,Telephone Field,recover-20220825,002,1795
480.0315,480.0395,42656,51962,Pipistrellus nathusii,0.019,0.04,-1,Echolocation,/mnt/ubna_data_01_mir/recover-20220825/UBNA_002/20220823_033000.WAV,Telephone Field,recover-20220825,002,1795
480.0325,480.039,30625,48621,Myotis daubentonii,0.015,0.027,-1,Echolocation,/mnt/ubna_data_01_mir/recover-20220825/UBNA_002/20220823_033000.WAV,Telephone Field,recover-20220825,002,1795
480.0345,480.0417,25468,39307,Eptesicus serotinus,0.008,0.025,-1,Echolocation,/mnt/ubna_data_01_mir/recover-20220825/UBNA_002/20220823_033000.WAV,Telephone Field,recover-20220825,002,1795
480.0825,480.0887,30625,45738,Myotis daubentonii,0.019,0.037,-1,Echolocation,/mnt/ubna_data_01_mir/recover-20220825/UBNA_002/20220823_033000.WAV,Telephone Field,recover-20220825,002,1795
480.1505,480.1592,27187,37053,Eptesicus serotinus,0.007,0.023,-1,Echolocation,/mnt/ubna_data_01_mir/recover-20220825/UBNA_002/20220823_033000.WAV,Telephone Field,recover-20220825,002,1795
480.1595,480.1659,37500,55049,Myotis brandtii,0.011,0.024,-1,Echolocation,/mnt/ubna_data_01_mir/recover-20220825/UBNA_002/20220823_033000.WAV,Telephone Field,recover-20220825,002,1795
480.1725,480.1788,26328,35321,Eptesicus serotinus,0.005,0.024,-1,Echolocation,/mnt/ubna_data_01_mir/recover-20220825/UBNA_002/20220823_033000.WAV,Telephone Field,recover-20220825,002,1795
480.1755,480.2156,68437,82550,Rhinolophus ferrumequinum,0.026,0.026,-1,Echolocation,/mnt/ubna_data_01_mir/recover-20220825/UBNA_002/20220823_033000.WAV,Telephone Field,recover-20220825,002,1795
480.1965,480.2369,68437,82815,Rhinolophus ferrumequinum,0.025,0.025,-1,Echolocation,/mnt/ubna_data_01_mir/recover-20220825/UBNA_002/20220823_033000.WAV,Telephone Field,recover-20220825,002,1795
480.2015,480.2092,42656,49963,Pipistrellus nathusii,0.041,0.081,-1,Echolocation,/mnt/ubna_data_01_mir/recover-20220825/UBNA_002/20220823_033000.WAV,Telephone Field,recover-20220825,002,1795
480.2475,480.2569,37500,43402,Pipistrellus nathusii,0.016,0.032,-1,Echolocation,/mnt/ubna_data_01_mir/recover-20220825/UBNA_002/20220823_033000.WAV,Telephone Field,recover-20220825,002,1795
480.2515,480.2584,26328,36732,Eptesicus serotinus,0.006,0.023,-1,Echolocation,/mnt/ubna_data_01_mir/recover-20220825/UBNA_002/20220823_033000.WAV,Telephone Field,recover-20220825,002,1795
480.2825,480.2904,31484,39033,Barbastellus barbastellus,0.014,0.033,-1,Echolocation,/mnt/ubna_data_01_mir/recover-20220825/UBNA_002/20220823_033000.WAV,Telephone Field,recover-20220825,002,1795
480.2825,480.3176,68437,81318,Rhinolophus ferrumequinum,0.027,0.027,-1,Echolocation,/mnt/ubna_data_01_mir/recover-20220825/UBNA_002/20220823_033000.WAV,Telephone Field,recover-20220825,002,1795
480.3065,480.3131,35781,49517,Myotis brandtii,0.013,0.035,-1,Echolocation,/mnt/ubna_data_01_mir/recover-20220825/UBNA_002/20220823_033000.WAV,Telephone Field,recover-20220825,002,1795
480.3505,480.3602,27187,34784,Eptesicus serotinus,0.011,0.028,-1,Echolocation,/mnt/ubna_data_01_mir/recover-20220825/UBNA_002/20220823_033000.WAV,Telephone Field,recover-20220825,002,1795
480.3735,480.4158,68437,83431,Rhinolophus ferrumequinum,0.038,0.038,-1,Echolocation,/mnt/ubna_data_01_mir/recover-20220825/UBNA_002/20220823_033000.WAV,Telephone Field,recover-20220825,002,1795
480.3955,480.4031,51250,59201,Pipistrellus pipistrellus,0.016,0.023,-1,Echolocation,/mnt/ubna_data_01_mir/recover-20220825/UBNA_002/20220823_033000.WAV,Telephone Field,recover-20220825,002,1795
480.3955,480.4035,26328,37251,Eptesicus serotinus,0.008,0.024,-1,Echolocation,/mnt/ubna_data_01_mir/recover-20220825/UBNA_002/20220823_033000.WAV,Telephone Field,recover-20220825,002,1795
480.4235,480.4314,26328,35976,Eptesicus serotinus,0.008,0.024,-1,Echolocation,/mnt/ubna_data_01_mir/recover-20220825/UBNA_002/20220823_033000.WAV,Telephone Field,recover-20220825,002,1795
480.4555,480.499,68437,83605,Rhinolophus ferrumequinum,0.034,0.034,-1,Echolocation,/mnt/ubna_data_01_mir/recover-20220825/UBNA_002/20220823_033000.WAV,Telephone Field,recover-20220825,002,1795
480.4755,480.4806,33203,49546,Myotis daubentonii,0.023,0.035,-1,Echolocation,/mnt/ubna_data_01_mir/recover-20220825/UBNA_002/20220823_033000.WAV,Telephone Field,recover-20220825,002,1795
480.5215,480.5287,27187,36744,Eptesicus serotinus,0.009,0.031,-1,Echolocation,/mnt/ubna_data_01_mir/recover-20220825/UBNA_002/20220823_033000.WAV,Telephone Field,recover-20220825,002,1795
480.5415,480.5487,48671,53625,Pipistrellus pipistrellus,0.021,0.024,-1,Echolocation,/mnt/ubna_data_01_mir/recover-20220825/UBNA_002/20220823_033000.WAV,Telephone Field,recover-20220825,002,1795
480.5415,480.547,34921,52918,Myotis brandtii,0.012,0.026,-1,Echolocation,/mnt/ubna_data_01_mir/recover-20220825/UBNA_002/20220823_033000.WAV,Telephone Field,recover-20220825,002,1795
480.5745,480.5819,30625,39702,Myotis daubentonii,0.016,0.031,-1,Echolocation,/mnt/ubna_data_01_mir/recover-20220825/UBNA_002/20220823_033000.WAV,Telephone Field,recover-20220825,002,1795
480.5855,480.5915,35781,51390,Myotis daubentonii,0.013,0.023,-1,Echolocation,/mnt/ubna_data_01_mir/recover-20220825/UBNA_002/20220823_033000.WAV,Telephone Field,recover-20220825,002,1795
480.5865,480.5934,30625,47196,Myotis daubentonii,0.014,0.023,-1,Echolocation,/mnt/ubna_data_01_mir/recover-20220825/UBNA_002/20220823_033000.WAV,Telephone Field,recover-20220825,002,1795
480.6365,480.6454,26328,34257,Eptesicus serotinus,0.008,0.023,-1,Echolocation,/mnt/ubna_data_01_mir/recover-20220825/UBNA_002/20220823_033000.WAV,Telephone Field,recover-20220825,002,1795
480.6415,480.6504,26328,35881,Eptesicus serotinus,0.008,0.024,-1,Echolocation,/mnt/ubna_data_01_mir/recover-20220825/UBNA_002/20220823_033000.WAV,Telephone Field,recover-20220825,002,1795
480.6435,480.6834,68437,82573,Rhinolophus ferrumequinum,0.024,0.024,-1,Echolocation,/mnt/ubna_data_01_mir/recover-20220825/UBNA_002/20220823_033000.WAV,Telephone Field,recover-20220825,002,1795
480.6825,480.6913,26328,35819,Eptesicus serotinus,0.011,0.028,-1,Echolocation,/mnt/ubna_data_01_mir/recover-20220825/UBNA_002/20220823_033000.WAV,Telephone Field,recover-20220825,002,1795
480.7365,480.7469,22890,28299,Nyctalus leisleri,0.01,0.023,-1,Echolocation,/mnt/ubna_data_01_mir/recover-20220825/UBNA_002/20220823_033000.WAV,Telephone Field,recover-20220825,002,1795
480.7485,480.7557,38359,47677,Pipistrellus nathusii,0.236,0.462,-1,Echolocation,/mnt/ubna_data_01_mir/recover-20220825/UBNA_002/20220823_033000.WAV,Telephone Field,recover-20220825,002,1795
480.7585,480.7674,50390,55447,Pipistrellus pipistrellus,0.013,0.025,-1,Echolocation,/mnt/ubna_data_01_mir/recover-20220825/UBNA_002/20220823_033000.WAV,Telephone Field,recover-20220825,002,1795
480.7835,480.7906,47812,57078,Pipistrellus pipistrellus,0.021,0.026,-1,Echolocation,/mnt/ubna_data_01_mir/recover-20220825/UBNA_002/20220823_033000.WAV,Telephone Field,recover-20220825,002,1795
480.7845,480.7919,26328,38117,Eptesicus serotinus,0.007,0.023,-1,Echolocation,/mnt/ubna_data_01_mir/recover-20220825/UBNA_002/20220823_033000.WAV,Telephone Field,recover-20220825,002,1795
480.7865,480.7945,35781,48106,Myotis brandtii,0.009,0.025,-1,Echolocation,/mnt/ubna_data_01_mir/recover-20220825/UBNA_002/20220823_033000.WAV,Telephone Field,recover-20220825,002,1795
480.8085,480.8489,68437,82195,Rhinolophus ferrumequinum,0.024,0.024,-1,Echolocation,/mnt/ubna_data_01_mir/recover-20220825/UBNA_002/20220823_033000.WAV,Telephone Field,recover-20220825,002,1795
480.8095,480.8191,22890,28823,Nyctalus leisleri,0.008,0.023,-1,Echolocation,/mnt/ubna_data_01_mir/recover-20220825/UBNA_002/20220823_033000.WAV,Telephone Field,recover-20220825,002,1795
480.8285,480.8365,27187,35049,Eptesicus serotinus,0.009,0.028,-1,Echolocation,/mnt/ubna_data_01_mir/recover-20220825/UBNA_002/20220823_033000.WAV,Telephone Field,recover-20220825,002,1795
480.8295,480.8364,46953,56656,Pipistrellus pipistrellus,0.01,0.023,-1,Echolocation,/mnt/ubna_data_01_mir/recover-20220825/UBNA_002/20220823_033000.WAV,Telephone Field,recover-20220825,002,1795
480.8425,480.8519,37500,43460,Pipistrellus nathusii,0.093,0.165,-1,Echolocation,/mnt/ubna_data_01_mir/recover-20220825/UBNA_002/20220823_033000.WAV,Telephone Field,recover-20220825,002,1795
480.8515,480.8597,26328,34829,Eptesicus serotinus,0.008,0.025,-1,Echolocation,/mnt/ubna_data_01_mir/recover-20220825/UBNA_002/20220823_033000.WAV,Telephone Field,recover-20220825,002,1795
480.8815,480.888,26328,37040,Eptesicus serotinus,0.007,0.032,-1,Echolocation,/mnt/ubna_data_01_mir/recover-20220825/UBNA_002/20220823_033000.WAV,Telephone Field,recover-20220825,002,1795
480.8825,480.8888,33203,43830,Myotis daubentonii,0.016,0.03,-1,Echolocation,/mnt/ubna_data_01_mir/recover-20220825/UBNA_002/20220823_033000.WAV,Telephone Field,recover-20220825,002,1795
480.9225,480.9637,68437,82650,Rhinolophus ferrumequinum,0.024,0.024,-1,Echolocation,/mnt/ubna_data_01_mir/recover-20220825/UBNA_002/20220823_033000.WAV,Telephone Field,recover-20220825,002,1795
480.9335,480.9401,36640,54254,Myotis brandtii,0.013,0.027,-1,Echolocation,/mnt/ubna_data_01_mir/recover-20220825/UBNA_002/20220823_033000.WAV,Telephone Field,recover-20220825,002,1795
480.9535,480.9604,27187,37379,Eptesicus serotinus,0.006,0.024,-1,Echolocation,/mnt/ubna_data_01_mir/recover-20220825/UBNA_002/20220823_033000.WAV,Telephone Field,recover-20220825,002,1795
480.9725,480.9812,37500,43862,Pipistrellus nathusii,0.011,0.027,-1,Echolocation,/mnt/ubna_data_01_mir/recover-20220825/UBNA_002/20220823_033000.WAV,Telephone Field,recover-20220825,002,1795
480.9755,480.9809,29765,42705,Myotis daubentonii,0.03,0.059,-1,Echolocation,/mnt/ubna_data_01_mir/recover-20220825/UBNA_002/20220823_033000.WAV,Telephone Field,recover-20220825,002,1795
481.0055,481.0158,22890,28421,Nyctalus leisleri,0.009,0.023,-1,Echolocation,/mnt/ubna_data_01_mir/recover-20220825/UBNA_002/20220823_033000.WAV,Telephone Field,recover-20220825,002,1795
481.0285,481.0354,38359,46381,Pipistrellus nathusii,0.181,0.371,-1,Echolocation,/mnt/ubna_data_01_mir/recover-20220825/UBNA_002/20220823_033000.WAV,Telephone Field,recover-20220825,002,1795
481.0675,481.0733,36640,53037,Myotis brandtii,0.012,0.03,-1,Echolocation,/mnt/ubna_data_01_mir/recover-20220825/UBNA_002/20220823_033000.WAV,Telephone Field,recover-20220825,002,1795
481.0685,481.0757,28906,49415,Myotis daubentonii,0.016,0.027,-1,Echolocation,/mnt/ubna_data_01_mir/recover-20220825/UBNA_002/20220823_033000.WAV,Telephone Field,recover-20220825,002,1795
481.1085,481.1156,28906,39551,Myotis daubentonii,0.012,0.03,-1,Echolocation,/mnt/ubna_data_01_mir/recover-20220825/UBNA_002/20220823_033000.WAV,Telephone Field,recover-20220825,002,1795
481.1205,481.1265,36640,50008,Myotis brandtii,0.009,0.025,-1,Echolocation,/mnt/ubna_data_01_mir/recover-20220825/UBNA_002/20220823_033000.WAV,Telephone Field,recover-20220825,002,1795
481.1225,481.1294,28906,47044,Myotis daubentonii,0.017,0.028,-1,Echolocation,/mnt/ubna_data_01_mir/recover-20220825/UBNA_002/20220823_033000.WAV,Telephone Field,recover-20220825,002,1795
481.1295,481.169,68437,82342,Rhinolophus ferrumequinum,0.023,0.023,-1,Echolocation,/mnt/ubna_data_01_mir/recover-20220825/UBNA_002/20220823_033000.WAV,Telephone Field,recover-20220825,002,1795
481.1315,481.1394,26328,35416,Eptesicus serotinus,0.009,0.027,-1,Echolocation,/mnt/ubna_data_01_mir/recover-20220825/UBNA_002/20220823_033000.WAV,Telephone Field,recover-20220825,002,1795
481.1535,481.1631,37500,44680,Pipistrellus nathusii,0.012,0.028,-1,Echolocation,/mnt/ubna_data_01_mir/recover-20220825/UBNA_002/20220823_033000.WAV,Telephone Field,recover-20220825,002,1795
481.1545,481.1963,68437,82203,Rhinolophus ferrumequinum,0.027,0.027,-1,Echolocation,/mnt/ubna_data_01_mir/recover-20220825/UBNA_002/20220823_033000.WAV,Telephone Field,recover-20220825,002,1795
481.1565,481.1645,25468,34561,Eptesicus serotinus,0.007,0.027,-1,Echolocation,/mnt/ubna_data_01_mir/recover-20220825/UBNA_002/20220823_033000.WAV,Telephone Field,recover-20220825,002,1795
481.1775,481.1889,23750,29027,Nyctalus leisleri,0.012,0.025,-1,Echolocation,/mnt/ubna_data_01_mir/recover-20220825/UBNA_002/20220823_033000.WAV,Telephone Field,recover-20220825,002,1795
481.2125,481.2186,38359,50126,Pipistrellus nathusii,0.183,0.424,-1,Echolocation,/mnt/ubna_data_01_mir/recover-20220825/UBNA_002/20220823_033000.WAV,Telephone Field,recover-20220825,002,1795
481.2495,481.26,23750,30002,Nyctalus leisleri,0.01,0.025,-1,Echolocation,/mnt/ubna_data_01_mir/recover-20220825/UBNA_002/20220823_033000.WAV,Telephone Field,recover-20220825,002,1795
481.2725,481.2844,28046,34933,Eptesicus serotinus,0.031,0.05,-1,Echolocation,/mnt/ubna_data_01_mir/recover-20220825/UBNA_002/20220823_033000.WAV,Telephone Field,recover-20220825,002,1795
481.2745,481.2832,46953,53592,Pipistrellus pipistrellus,0.022,0.026,-1,Echolocation,/mnt/ubna_data_01_mir/recover-20220825/UBNA_002/20220823_033000.WAV,Telephone Field,recover-20220825,002,1795
481.3075,481.3137,39218,51223,Pipistrellus nathusii,0.256,0.466,-1,Echolocation,/mnt/ubna_data_01_mir/recover-20220825/UBNA_002/20220823_033000.WAV,Telephone Field,recover-20220825,002,1795
481.3755,481.3907,15156,20675,Nyctalus noctula,0.017,0.025,-1,Echolocation,/mnt/ubna_data_01_mir/recover-20220825/UBNA_002/20220823_033000.WAV,Telephone Field,recover-20220825,002,1795
481.3765,481.3836,26328,37269,Eptesicus serotinus,0.007,0.024,-1,Echolocation,/mnt/ubna_data_01_mir/recover-20220825/UBNA_002/20220823_033000.WAV,Telephone Field,recover-20220825,002,1795
481.4055,481.4123,40078,50994,Pipistrellus nathusii,0.234,0.403,-1,Echolocation,/mnt/ubna_data_01_mir/recover-20220825/UBNA_002/20220823_033000.WAV,Telephone Field,recover-20220825,002,1795
481.4205,481.4287,26328,35281,Eptesicus serotinus,0.007,0.023,-1,Echolocation,/mnt/ubna_data_01_mir/recover-20220825/UBNA_002/20220823_033000.WAV,Telephone Field,recover-20220825,002,1795
481.4675,481.4792,22890,27861,Nyctalus leisleri,0.013,0.025,-1,Echolocation,/mnt/ubna_data_01_mir/recover-20220825/UBNA_002/20220823_033000.WAV,Telephone Field,recover-20220825,002,1795
481.5005,481.507,38359,50428,Pipistrellus nathusii,0.19,0.433,-1,Echolocation,/mnt/ubna_data_01_mir/recover-20220825/UBNA_002/20220823_033000.WAV,Telephone Field,recover-20220825,002,1795
481.5135,481.5226,26328,33262,Eptesicus serotinus,0.008,0.024,-1,Echolocation,/mnt/ubna_data_01_mir/recover-20220825/UBNA_002/20220823_033000.WAV,Telephone Field,recover-20220825,002,1795
481.5455,481.5521,26328,36936,Eptesicus serotinus,0.007,0.026,-1,Echolocation,/mnt/ubna_data_01_mir/recover-20220825/UBNA_002/20220823_033000.WAV,Telephone Field,recover-20220825,002,1795
481.5775,481.5838,37500,49987,Pipistrellus nathusii,0.078,0.245,-1,Echolocation,/mnt/ubna_data_01_mir/recover-20220825/UBNA_002/20220823_033000.WAV,Telephone Field,recover-20220825,002,1795
481.5895,481.5984,26328,34478,Eptesicus serotinus,0.008,0.024,-1,Echolocation,/mnt/ubna_data_01_mir/recover-20220825/UBNA_002/20220823_033000.WAV,Telephone Field,recover-20220825,002,1795
481.6385,481.6441,36640,50453,Pipistrellus nathusii,0.134,0.409,-1,Echolocation,/mnt/ubna_data_01_mir/recover-20220825/UBNA_002/20220823_033000.WAV,Telephone Field,recover-20220825,002,1795
481.6385,481.6805,68437,82426,Rhinolophus ferrumequinum,0.027,0.027,-1,Echolocation,/mnt/ubna_data_01_mir/recover-20220825/UBNA_002/20220823_033000.WAV,Telephone Field,recover-20220825,002,1795
481.6925,481.6991,41796,50062,Pipistrellus nathusii,0.146,0.264,-1,Echolocation,/mnt/ubna_data_01_mir/recover-20220825/UBNA_002/20220823_033000.WAV,Telephone Field,recover-20220825,002,1795
481.7035,481.7166,23750,29037,Nyctalus leisleri,0.012,0.029,-1,Echolocation,/mnt/ubna_data_01_mir/recover-20220825/UBNA_002/20220823_033000.WAV,Telephone Field,recover-20220825,002,1795
481.7245,481.767,68437,82156,Rhinolophus ferrumequinum,0.024,0.024,-1,Echolocation,/mnt/ubna_data_01_mir/recover-20220825/UBNA_002/20220823_033000.WAV,Telephone Field,recover-20220825,002,1795
481.7365,481.7453,27187,35827,Eptesicus serotinus,0.009,0.024,-1,Echolocation,/mnt/ubna_data_01_mir/recover-20220825/UBNA_002/20220823_033000.WAV,Telephone Field,recover-20220825,002,1795
481.7505,481.7563,38359,49993,Pipistrellus nathusii,0.155,0.435,-1,Echolocation,/mnt/ubna_data_01_mir/recover-20220825/UBNA_002/20220823_033000.WAV,Telephone Field,recover-20220825,002,1795
481.7615,481.7708,26328,33066,Eptesicus serotinus,0.008,0.027,-1,Echolocation,/mnt/ubna_data_01_mir/recover-20220825/UBNA_002/20220823_033000.WAV,Telephone Field,recover-20220825,002,1795
481.7735,481.7797,58125,63775,Pipistrellus pygmaeus,0.037,0.037,-1,Echolocation,/mnt/ubna_data_01_mir/recover-20220825/UBNA_002/20220823_033000.WAV,Telephone Field,recover-20220825,002,1795
481.7735,481.8118,68437,81636,Rhinolophus ferrumequinum,0.029,0.029,-1,Echolocation,/mnt/ubna_data_01_mir/recover-20220825/UBNA_002/20220823_033000.WAV,Telephone Field,recover-20220825,002,1795
481.7835,481.8221,68437,82068,Rhinolophus ferrumequinum,0.023,0.023,-1,Echolocation,/mnt/ubna_data_01_mir/recover-20220825/UBNA_002/20220823_033000.WAV,Telephone Field,recover-20220825,002,1795
481.8115,481.8178,40078,51818,Pipistrellus nathusii,0.208,0.469,-1,Echolocation,/mnt/ubna_data_01_mir/recover-20220825/UBNA_002/20220823_033000.WAV,Telephone Field,recover-20220825,002,1795
481.8225,481.831,26328,33519,Eptesicus serotinus,0.008,0.024,-1,Echolocation,/mnt/ubna_data_01_mir/recover-20220825/UBNA_002/20220823_033000.WAV,Telephone Field,recover-20220825,002,1795
481.8405,481.8818,68437,82901,Rhinolophus ferrumequinum,0.03,0.03,-1,Echolocation,/mnt/ubna_data_01_mir/recover-20220825/UBNA_002/20220823_033000.WAV,Telephone Field,recover-20220825,002,1795
481.8695,481.8744,38359,48787,Myotis brandtii,0.111,0.357,-1,Echolocation,/mnt/ubna_data_01_mir/recover-20220825/UBNA_002/20220823_033000.WAV,Telephone Field,recover-20220825,002,1795
481.8965,481.9047,27187,37979,Eptesicus serotinus,0.009,0.027,-1,Echolocation,/mnt/ubna_data_01_mir/recover-20220825/UBNA_002/20220823_033000.WAV,Telephone Field,recover-20220825,002,1795
481.9165,481.9581,68437,82822,Rhinolophus ferrumequinum,0.026,0.026,-1,Echolocation,/mnt/ubna_data_01_mir/recover-20220825/UBNA_002/20220823_033000.WAV,Telephone Field,recover-20220825,002,1795
481.9185,481.9273,43515,52614,Pipistrellus pipistrellus,0.008,0.026,-1,Echolocation,/mnt/ubna_data_01_mir/recover-20220825/UBNA_002/20220823_033000.WAV,Telephone Field,recover-20220825,002,1795
481.9465,481.9526,41796,51949,Pipistrellus nathusii,0.261,0.494,-1,Echolocation,/mnt/ubna_data_01_mir/recover-20220825/UBNA_002/20220823_033000.WAV,Telephone Field,recover-20220825,002,1795
481.9735,481.9805,28906,40756,Myotis daubentonii,0.016,0.036,-1,Echolocation,/mnt/ubna_data_01_mir/recover-20220825/UBNA_002/20220823_033000.WAV,Telephone Field,recover-20220825,002,1795
482.0015,482.0074,47812,57162,Pipistrellus pipistrellus,0.02,0.029,-1,Echolocation,/mnt/ubna_data_01_mir/recover-20220825/UBNA_002/20220823_033000.WAV,Telephone Field,recover-20220825,002,1795
482.0015,482.0356,68437,80283,Rhinolophus ferrumequinum,0.046,0.046,-1,Echolocation,/mnt/ubna_data_01_mir/recover-20220825/UBNA_002/20220823_033000.WAV,Telephone Field,recover-20220825,002,1795
482.0015,482.0128,26328,34398,Eptesicus serotinus,0.024,0.055,-1,Echolocation,/mnt/ubna_data_01_mir/recover-20220825/UBNA_002/20220823_033000.WAV,Telephone Field,recover-20220825,002,1795
482.0105,482.0546,68437,83151,Rhinolophus ferrumequinum,0.029,0.029,-1,Echolocation,/mnt/ubna_data_01_mir/recover-20220825/UBNA_002/20220823_033000.WAV,Telephone Field,recover-20220825,002,1795
482.0245,482.0316,40078,49111,Pipistrellus nathusii,0.119,0.27,-1,Echolocation,/mnt/ubna_data_01_mir/recover-20220825/UBNA_002/20220823_033000.WAV,Telephone Field,recover-20220825,002,1795
482.0625,482.0691,27187,38321,Eptesicus serotinus,0.009,0.037,-1,Echolocation,/mnt/ubna_data_01_mir/recover-20220825/UBNA_002/20220823_033000.WAV,Telephone Field,recover-20220825,002,1795
482.0795,482.1217,68437,82900,Rhinolophus ferrumequinum,0.028,0.028,-1,Echolocation,/mnt/ubna_data_01_mir/recover-20220825/UBNA_002/20220823_033000.WAV,Telephone Field,recover-20220825,002,1795
482.0865,482.0949,42656,52393,Pipistrellus pipistrellus,0.009,0.026,-1,Echolocation,/mnt/ubna_data_01_mir/recover-20220825/UBNA_002/20220823_033000.WAV,Telephone Field,recover-20220825,002,1795
482.1215,482.1317,41796,46988,Pipistrellus nathusii,0.305,0.348,-1,Echolocation,/mnt/ubna_data_01_mir/recover-20220825/UBNA_002/20220823_033000.WAV,Telephone Field,recover-20220825,002,1795
482.1245,482.1304,30625,49393,Myotis daubentonii,0.011,0.025,-1,Echolocation,/mnt/ubna_data_01_mir/recover-20220825/UBNA_002/20220823_033000.WAV,Telephone Field,recover-20220825,002,1795
482.1565,482.1657,25468,33335,Eptesicus serotinus,0.01,0.029,-1,Echolocation,/mnt/ubna_data_01_mir/recover-20220825/UBNA_002/20220823_033000.WAV,Telephone Field,recover-20220825,002,1795
482.1655,482.2097,68437,83414,Rhinolophus ferrumequinum,0.066,0.066,-1,Echolocation,/mnt/ubna_data_01_mir/recover-20220825/UBNA_002/20220823_033000.WAV,Telephone Field,recover-20220825,002,1795
482.1885,482.2003,44375,50722,Pipistrellus pipistrellus,0.076,0.105,-1,Echolocation,/mnt/ubna_data_01_mir/recover-20220825/UBNA_002/20220823_033000.WAV,Telephone Field,recover-20220825,002,1795
482.1955,482.2035,28046,37146,Eptesicus serotinus,0.011,0.03,-1,Echolocation,/mnt/ubna_data_01_mir/recover-20220825/UBNA_002/20220823_033000.WAV,Telephone Field,recover-20220825,002,1795
482.2035,482.2466,68437,83206,Rhinolophus ferrumequinum,0.028,0.028,-1,Echolocation,/mnt/ubna_data_01_mir/recover-20220825/UBNA_002/20220823_033000.WAV,Telephone Field,recover-20220825,002,1795
482.2555,482.2645,53828,61798,Pipistrellus pygmaeus,0.031,0.032,-1,Echolocation,/mnt/ubna_data_01_mir/recover-20220825/UBNA_002/20220823_033000.WAV,Telephone Field,recover-20220825,002,1795
482.2585,482.2641,39218,53227,Myotis brandtii,0.01,0.025,-1,Echolocation,/mnt/ubna_data_01_mir/recover-20220825/UBNA_002/20220823_033000.WAV,Telephone Field,recover-20220825,002,1795
482.3455,482.3845,68437,82542,Rhinolophus ferrumequinum,0.024,0.025,-1,Echolocation,/mnt/ubna_data_01_mir/recover-20220825/UBNA_002/20220823_033000.WAV,Telephone Field,recover-20220825,002,1795
482.3625,482.4039,68437,83133,Rhinolophus ferrumequinum,0.024,0.024,-1,Echolocation,/mnt/ubna_data_01_mir/recover-20220825/UBNA_002/20220823_033000.WAV,Telephone Field,recover-20220825,002,1795
482.3855,482.3933,27187,39006,Eptesicus serotinus,0.008,0.024,-1,Echolocation,/mnt/ubna_data_01_mir/recover-20220825/UBNA_002/20220823_033000.WAV,Telephone Field,recover-20220825,002,1795
482.4185,482.4268,26328,35211,Eptesicus serotinus,0.014,0.036,-1,Echolocation,/mnt/ubna_data_01_mir/recover-20220825/UBNA_002/20220823_033000.WAV,Telephone Field,recover-20220825,002,1795
482.4395,482.4762,68437,81968,Rhinolophus ferrumequinum,0.029,0.029,-1,Echolocation,/mnt/ubna_data_01_mir/recover-20220825/UBNA_002/20220823_033000.WAV,Telephone Field,recover-20220825,002,1795
482.4455,482.4842,68437,82154,Rhinolophus ferrumequinum,0.026,0.026,-1,Echolocation,/mnt/ubna_data_01_mir/recover-20220825/UBNA_002/20220823_033000.WAV,Telephone Field,recover-20220825,002,1795
482.4725,482.4794,27187,37512,Eptesicus serotinus,0.007,0.024,-1,Echolocation,/mnt/ubna_data_01_mir/recover-20220825/UBNA_002/20220823_033000.WAV,Telephone Field,recover-20220825,002,1795
482.4745,482.4815,43515,50260,Pipistrellus pipistrellus,0.018,0.024,-1,Echolocation,/mnt/ubna_data_01_mir/recover-20220825/UBNA_002/20220823_033000.WAV,Telephone Field,recover-20220825,002,1795
482.5035,482.5405,68437,82238,Rhinolophus ferrumequinum,0.025,0.025,-1,Echolocation,/mnt/ubna_data_01_mir/recover-20220825/UBNA_002/20220823_033000.WAV,Telephone Field,recover-20220825,002,1795
482.5045,482.515,27187,34810,Eptesicus serotinus,0.013,0.028,-1,Echolocation,/mnt/ubna_data_01_mir/recover-20220825/UBNA_002/20220823_033000.WAV,Telephone Field,recover-20220825,002,1795
482.5345,482.5476,23750,29824,Nyctalus leisleri,0.015,0.035,-1,Echolocation,/mnt/ubna_data_01_mir/recover-20220825/UBNA_002/20220823_033000.WAV,Telephone Field,recover-20220825,002,1795
482.5435,482.5604,22031,25904,Nyctalus leisleri,0.015,0.029,-1,Echolocation,/mnt/ubna_data_01_mir/recover-20220825/UBNA_002/20220823_033000.WAV,Telephone Field,recover-20220825,002,1795
482.5595,482.5993,68437,82997,Rhinolophus ferrumequinum,0.034,0.034,-1,Echolocation,/mnt/ubna_data_01_mir/recover-20220825/UBNA_002/20220823_033000.WAV,Telephone Field,recover-20220825,002,1795
482.5645,482.5711,40937,50506,Pipistrellus nathusii,0.162,0.371,-1,Echolocation,/mnt/ubna_data_01_mir/recover-20220825/UBNA_002/20220823_033000.WAV,Telephone Field,recover-20220825,002,1795
482.5675,482.5732,28046,50136,Myotis daubentonii,0.03,0.066,-1,Echolocation,/mnt/ubna_data_01_mir/recover-20220825/UBNA_002/20220823_033000.WAV,Telephone Field,recover-20220825,002,1795
482.5895,482.6292,68437,83036,Rhinolophus ferrumequinum,0.027,0.027,-1,Echolocation,/mnt/ubna_data_01_mir/recover-20220825/UBNA_002/20220823_033000.WAV,Telephone Field,recover-20220825,002,1795
482.6045,482.615,22890,27811,Nyctalus leisleri,0.013,0.029,-1,Echolocation,/mnt/ubna_data_01_mir/recover-20220825/UBNA_002/20220823_033000.WAV,Telephone Field,recover-20220825,002,1795
482.6165,482.6534,68437,81433,Rhinolophus ferrumequinum,0.025,0.025,-1,Echolocation,/mnt/ubna_data_01_mir/recover-20220825/UBNA_002/20220823_033000.WAV,Telephone Field,recover-20220825,002,1795
482.6235,482.6302,24609,34619,Plecotus austriacus,0.012,0.036,-1,Echolocation,/mnt/ubna_data_01_mir/recover-20220825/UBNA_002/20220823_033000.WAV,Telephone Field,recover-20220825,002,1795
482.6295,482.6669,68437,82169,Rhinolophus ferrumequinum,0.024,0.024,-1,Echolocation,/mnt/ubna_data_01_mir/recover-20220825/UBNA_002/20220823_033000.WAV,Telephone Field,recover-20220825,002,1795
482.6365,482.644,27187,34839,Eptesicus serotinus,0.011,0.027,-1,Echolocation,/mnt/ubna_data_01_mir/recover-20220825/UBNA_002/20220823_033000.WAV,Telephone Field,recover-20220825,002,1795
482.6455,482.6515,40937,49533,Pipistrellus nathusii,0.131,0.303,-1,Echolocation,/mnt/ubna_data_01_mir/recover-20220825/UBNA_002/20220823_033000.WAV,Telephone Field,recover-20220825,002,1795
482.6595,482.6978,68437,82115,Rhinolophus ferrumequinum,0.026,0.027,-1,Echolocation,/mnt/ubna_data_01_mir/recover-20220825/UBNA_002/20220823_033000.WAV,Telephone Field,recover-20220825,002,1795
482.6845,482.6943,28046,37681,Eptesicus serotinus,0.011,0.024,-1,Echolocation,/mnt/ubna_data_01_mir/recover-20220825/UBNA_002/20220823_033000.WAV,Telephone Field,recover-20220825,002,1795
482.7085,482.7157,40937,50007,Pipistrellus nathusii,0.072,0.122,-1,Echolocation,/mnt/ubna_data_01_mir/recover-20220825/UBNA_002/20220823_033000.WAV,Telephone Field,recover-20220825,002,1795
482.7235,482.7335,28046,34277,Eptesicus serotinus,0.011,0.026,-1,Echolocation,/mnt/ubna_data_01_mir/recover-20220825/UBNA_002/20220823_033000.WAV,Telephone Field,recover-20220825,002,1795
482.7525,482.7925,68437,82530,Rhinolophus ferrumequinum,0.026,0.026,-1,Echolocation,/mnt/ubna_data_01_mir/recover-20220825/UBNA_002/20220823_033000.WAV,Telephone Field,recover-20220825,002,1795
482.7805,482.7871,40078,50811,Pipistrellus nathusii,0.389,0.575,-1,Echolocation,/mnt/ubna_data_01_mir/recover-20220825/UBNA_002/20220823_033000.WAV,Telephone Field,recover-20220825,002,1795
482.7975,482.8364,68437,82133,Rhinolophus ferrumequinum,0.027,0.027,-1,Echolocation,/mnt/ubna_data_01_mir/recover-20220825/UBNA_002/20220823_033000.WAV,Telephone Field,recover-20220825,002,1795
482.8165,482.8258,45234,50717,Pipistrellus pipistrellus,0.02,0.024,-1,Echolocation,/mnt/ubna_data_01_mir/recover-20220825/UBNA_002/20220823_033000.WAV,Telephone Field,recover-20220825,002,1795
482.8315,482.8458,26328,31060,Eptesicus serotinus,0.028,0.056,-1,Echolocation,/mnt/ubna_data_01_mir/recover-20220825/UBNA_002/20220823_033000.WAV,Telephone Field,recover-20220825,002,1795
482.8325,482.8729,68437,83097,Rhinolophus ferrumequinum,0.026,0.026,-1,Echolocation,/mnt/ubna_data_01_mir/recover-20220825/UBNA_002/20220823_033000.WAV,Telephone Field,recover-20220825,002,1795
482.8615,482.8671,37500,46928,Barbastellus barbastellus,0.242,0.393,-1,Echolocation,/mnt/ubna_data_01_mir/recover-20220825/UBNA_002/20220823_033000.WAV,Telephone Field,recover-20220825,002,1795
482.9425,482.9814,68437,82463,Rhinolophus ferrumequinum,0.034,0.034,-1,Echolocation,/mnt/ubna_data_01_mir/recover-20220825/UBNA_002/20220823_033000.WAV,Telephone Field,recover-20220825,002,1795
482.9505,482.9913,68437,82473,Rhinolophus ferrumequinum,0.03,0.03,-1,Echolocation,/mnt/ubna_data_01_mir/recover-20220825/UBNA_002/20220823_033000.WAV,Telephone Field,recover-20220825,002,1795
482.9545,482.9607,35781,50700,Barbastellus barbastellus,0.088,0.362,-1,Echolocation,/mnt/ubna_data_01_mir/recover-20220825/UBNA_002/20220823_033000.WAV,Telephone Field,recover-20220825,002,1795
482.9645,482.971,26328,35028,Eptesicus serotinus,0.007,0.024,-1,Echolocation,/mnt/ubna_data_01_mir/recover-20220825/UBNA_002/20220823_033000.WAV,Telephone Field,recover-20220825,002,1795
483.0185,483.0273,27187,36693,Eptesicus serotinus,0.044,0.07,-1,Echolocation,/mnt/ubna_data_01_mir/recover-20220825/UBNA_002/20220823_033000.WAV,Telephone Field,recover-20220825,002,1795
483.0425,483.0862,68437,83378,Rhinolophus ferrumequinum,0.039,0.039,-1,Echolocation,/mnt/ubna_data_01_mir/recover-20220825/UBNA_002/20220823_033000.WAV,Telephone Field,recover-20220825,002,1795
483.0485,483.0538,36640,50093,Pipistrellus nathusii,0.224,0.506,-1,Echolocation,/mnt/ubna_data_01_mir/recover-20220825/UBNA_002/20220823_033000.WAV,Telephone Field,recover-20220825,002,1795
483.0915,483.1016,24609,31866,Eptesicus serotinus,0.009,0.026,-1,Echolocation,/mnt/ubna_data_01_mir/recover-20220825/UBNA_002/20220823_033000.WAV,Telephone Field,recover-20220825,002,1795
483.1075,483.1174,28046,35909,Eptesicus serotinus,0.014,0.03,-1,Echolocation,/mnt/ubna_data_01_mir/recover-20220825/UBNA_002/20220823_033000.WAV,Telephone Field,recover-20220825,002,1795
483.1305,483.1728,68437,82937,Rhinolophus ferrumequinum,0.028,0.028,-1,Echolocation,/mnt/ubna_data_01_mir/recover-20220825/UBNA_002/20220823_033000.WAV,Telephone Field,recover-20220825,002,1795
483.1325,483.143,54687,62652,Pipistrellus pygmaeus,0.028,0.029,-1,Echolocation,/mnt/ubna_data_01_mir/recover-20220825/UBNA_002/20220823_033000.WAV,Telephone Field,recover-20220825,002,1795
483.1475,483.1892,68437,82684,Rhinolophus ferrumequinum,0.026,0.026,-1,Echolocation,/mnt/ubna_data_01_mir/recover-20220825/UBNA_002/20220823_033000.WAV,Telephone Field,recover-20220825,002,1795
483.1755,483.2139,68437,82426,Rhinolophus ferrumequinum,0.029,0.029,-1,Echolocation,/mnt/ubna_data_01_mir/recover-20220825/UBNA_002/20220823_033000.WAV,Telephone Field,recover-20220825,002,1795
483.2055,483.2448,68437,83023,Rhinolophus ferrumequinum,0.037,0.037,-1,Echolocation,/mnt/ubna_data_01_mir/recover-20220825/UBNA_002/20220823_033000.WAV,Telephone Field,recover-20220825,002,1795
483.2365,483.2428,38359,46936,Pipistrellus nathusii,0.222,0.424,-1,Echolocation,/mnt/ubna_data_01_mir/recover-20220825/UBNA_002/20220823_033000.WAV,Telephone Field,recover-20220825,002,1795
483.2405,483.2489,50390,57224,Pipistrellus pipistrellus,0.012,0.024,-1,Echolocation,/mnt/ubna_data_01_mir/recover-20220825/UBNA_002/20220823_033000.WAV,Telephone Field,recover-20220825,002,1795
483.2725,483.3119,68437,82444,Rhinolophus ferrumequinum,0.025,0.025,-1,Echolocation,/mnt/ubna_data_01_mir/recover-20220825/UBNA_002/20220823_033000.WAV,Telephone Field,recover-20220825,002,1795
483.2735,483.2861,23750,30333,Nyctalus leisleri,0.013,0.032,-1,Echolocation,/mnt/ubna_data_01_mir/recover-20220825/UBNA_002/20220823_033000.WAV,Telephone Field,recover-20220825,002,1795
483.4015,483.4079,27187,37916,Eptesicus serotinus,0.007,0.026,-1,Echolocation,/mnt/ubna_data_01_mir/recover-20220825/UBNA_002/20220823_033000.WAV,Telephone Field,recover-20220825,002,1795
483.4055,483.4117,50390,55263,Pipistrellus pipistrellus,0.021,0.025,-1,Echolocation,/mnt/ubna_data_01_mir/recover-20220825/UBNA_002/20220823_033000.WAV,Telephone Field,recover-20220825,002,1795
483.4235,483.4308,27187,36104,Eptesicus serotinus,0.007,0.026,-1,Echolocation,/mnt/ubna_data_01_mir/recover-20220825/UBNA_002/20220823_033000.WAV,Telephone Field,recover-20220825,002,1795
483.4835,483.5283,68437,83700,Rhinolophus ferrumequinum,0.045,0.046,-1,Echolocation,/mnt/ubna_data_01_mir/recover-20220825/UBNA_002/20220823_033000.WAV,Telephone Field,recover-20220825,002,1795
483.5235,483.5319,40937,45711,Pipistrellus nathusii,0.019,0.028,-1,Echolocation,/mnt/ubna_data_01_mir/recover-20220825/UBNA_002/20220823_033000.WAV,Telephone Field,recover-20220825,002,1795
483.5295,483.5455,21171,24534,Nyctalus leisleri,0.014,0.024,-1,Echolocation,/mnt/ubna_data_01_mir/recover-20220825/UBNA_002/20220823_033000.WAV,Telephone Field,recover-20220825,002,1795
483.5375,483.5446,28046,39491,Eptesicus serotinus,0.007,0.024,-1,Echolocation,/mnt/ubna_data_01_mir/recover-20220825/UBNA_002/20220823_033000.WAV,Telephone Field,recover-20220825,002,1795
483.5645,483.6035,68437,82590,Rhinolophus ferrumequinum,0.024,0.024,-1,Echolocation,/mnt/ubna_data_01_mir/recover-20220825/UBNA_002/20220823_033000.WAV,Telephone Field,recover-20220825,002,1795
483.6115,483.6192,27187,37470,Eptesicus serotinus,0.008,0.025,-1,Echolocation,/mnt/ubna_data_01_mir/recover-20220825/UBNA_002/20220823_033000.WAV,Telephone Field,recover-20220825,002,1795
483.6235,483.6615,68437,81636,Rhinolophus ferrumequinum,0.024,0.024,-1,Echolocation,/mnt/ubna_data_01_mir/recover-20220825/UBNA_002/20220823_033000.WAV,Telephone Field,recover-20220825,002,1795
483.6465,483.6867,68437,82383,Rhinolophus ferrumequinum,0.024,0.024,-1,Echolocation,/mnt/ubna_data_01_mir/recover-20220825/UBNA_002/20220823_033000.WAV,Telephone Field,recover-20220825,002,1795
483.6485,483.6555,28046,36963,Eptesicus serotinus,0.009,0.029,-1,Echolocation,/mnt/ubna_data_01_mir/recover-20220825/UBNA_002/20220823_033000.WAV,Telephone Field,recover-20220825,002,1795
483.6695,483.7079,68437,82222,Rhinolophus ferrumequinum,0.026,0.026,-1,Echolocation,/mnt/ubna_data_01_mir/recover-20220825/UBNA_002/20220823_033000.WAV,Telephone Field,recover-20220825,002,1795
483.6745,483.6815,28046,39215,Eptesicus serotinus,0.007,0.025,-1,Echolocation,/mnt/ubna_data_01_mir/recover-20220825/UBNA_002/20220823_033000.WAV,Telephone Field,recover-20220825,002,1795
483.6935,483.7032,25468,33942,Eptesicus serotinus,0.012,0.03,-1,Echolocation,/mnt/ubna_data_01_mir/recover-20220825/UBNA_002/20220823_033000.WAV,Telephone Field,recover-20220825,002,1795
483.7365,483.7764,68437,82291,Rhinolophus ferrumequinum,0.024,0.024,-1,Echolocation,/mnt/ubna_data_01_mir/recover-20220825/UBNA_002/20220823_033000.WAV,Telephone Field,recover-20220825,002,1795
483.7425,483.7826,68437,81908,Rhinolophus ferrumequinum,0.024,0.024,-1,Echolocation,/mnt/ubna_data_01_mir/recover-20220825/UBNA_002/20220823_033000.WAV,Telephone Field,recover-20220825,002,1795
483.7455,483.7544,28046,38341,Eptesicus serotinus,0.01,0.024,-1,Echolocation,/mnt/ubna_data_01_mir/recover-20220825/UBNA_002/20220823_033000.WAV,Telephone Field,recover-20220825,002,1795
483.7835,483.8195,68437,81757,Rhinolophus ferrumequinum,0.025,0.025,-1,Echolocation,/mnt/ubna_data_01_mir/recover-20220825/UBNA_002/20220823_033000.WAV,Telephone Field,recover-20220825,002,1795
483.8095,483.8471,68437,82042,Rhinolophus ferrumequinum,0.024,0.024,-1,Echolocation,/mnt/ubna_data_01_mir/recover-20220825/UBNA_002/20220823_033000.WAV,Telephone Field,recover-20220825,002,1795
483.8725,483.8807,27187,38595,Eptesicus serotinus,0.01,0.03,-1,Echolocation,/mnt/ubna_data_01_mir/recover-20220825/UBNA_002/20220823_033000.WAV,Telephone Field,recover-20220825,002,1795
483.8755,483.8827,34921,41039,Barbastellus barbastellus,0.018,0.031,-1,Echolocation,/mnt/ubna_data_01_mir/recover-20220825/UBNA_002/20220823_033000.WAV,Telephone Field,recover-20220825,002,1795
483.9265,483.9338,27187,39467,Eptesicus serotinus,0.008,0.024,-1,Echolocation,/mnt/ubna_data_01_mir/recover-20220825/UBNA_002/20220823_033000.WAV,Telephone Field,recover-20220825,002,1795
483.9475,483.9555,27187,38222,Eptesicus serotinus,0.008,0.024,-1,Echolocation,/mnt/ubna_data_01_mir/recover-20220825/UBNA_002/20220823_033000.WAV,Telephone Field,recover-20220825,002,1795
483.9555,483.9638,27187,35033,Eptesicus serotinus,0.011,0.026,-1,Echolocation,/mnt/ubna_data_01_mir/recover-20220825/UBNA_002/20220823_033000.WAV,Telephone Field,recover-20220825,002,1795
483.9835,483.9895,39218,55120,Myotis brandtii,0.01,0.024,-1,Echolocation,/mnt/ubna_data_01_mir/recover-20220825/UBNA_002/20220823_033000.WAV,Telephone Field,recover-20220825,002,1795
483.9845,483.9926,26328,39324,Eptesicus serotinus,0.009,0.026,-1,Echolocation,/mnt/ubna_data_01_mir/recover-20220825/UBNA_002/20220823_033000.WAV,Telephone Field,recover-20220825,002,1795
483.9855,483.9918,30625,46634,Myotis daubentonii,0.011,0.026,-1,Echolocation,/mnt/ubna_data_01_mir/recover-20220825/UBNA_002/20220823_033000.WAV,Telephone Field,recover-20220825,002,1795
484.0015,484.0349,69296,80901,Rhinolophus ferrumequinum,0.039,0.039,-1,Echolocation,/mnt/ubna_data_01_mir/recover-20220825/UBNA_002/20220823_033000.WAV,Telephone Field,recover-20220825,002,1795
484.0015,484.0128,47812,51798,Pipistrellus pipistrellus,0.022,0.028,-1,Echolocation,/mnt/ubna_data_01_mir/recover-20220825/UBNA_002/20220823_033000.WAV,Telephone Field,recover-20220825,002,1795
484.0015,484.0165,16875,22471,Nyctalus noctula,0.013,0.026,-1,Echolocation,/mnt/ubna_data_01_mir/recover-20220825/UBNA_002/20220823_033000.WAV,Telephone Field,recover-20220825,002,1795
484.0015,484.011,26328,33481,Nyctalus leisleri,0.013,0.035,-1,Echolocation,/mnt/ubna_data_01_mir/recover-20220825/UBNA_002/20220823_033000.WAV,Telephone Field,recover-20220825,002,1795
484.0595,484.0676,27187,39332,Eptesicus serotinus,0.007,0.02,-1,Echolocation,/mnt/ubna_data_01_mir/recover-20220825/UBNA_002/20220823_033000.WAV,Telephone Field,recover-20220825,002,1795
484.1025,484.1406,68437,82378,Rhinolophus ferrumequinum,0.021,0.021,-1,Echolocation,/mnt/ubna_data_01_mir/recover-20220825/UBNA_002/20220823_033000.WAV,Telephone Field,recover-20220825,002,1795
484.1035,484.111,28906,38825,Eptesicus serotinus,0.007,0.022,-1,Echolocation,/mnt/ubna_data_01_mir/recover-20220825/UBNA_002/20220823_033000.WAV,Telephone Field,recover-20220825,002,1795
484.1325,484.1691,68437,82043,Rhinolophus ferrumequinum,0.022,0.022,-1,Echolocation,/mnt/ubna_data_01_mir/recover-20220825/UBNA_002/20220823_033000.WAV,Telephone Field,recover-20220825,002,1795
484.1525,484.1683,16015,21097,Nyctalus noctula,0.016,0.023,-1,Echolocation,/mnt/ubna_data_01_mir/recover-20220825/UBNA_002/20220823_033000.WAV,Telephone Field,recover-20220825,002,1795
484.1805,484.1875,23750,32279,Plecotus austriacus,0.012,0.024,-1,Echolocation,/mnt/ubna_data_01_mir/recover-20220825/UBNA_002/20220823_033000.WAV,Telephone Field,recover-20220825,002,1795
484.2065,484.2164,28046,38860,Eptesicus serotinus,0.013,0.029,-1,Echolocation,/mnt/ubna_data_01_mir/recover-20220825/UBNA_002/20220823_033000.WAV,Telephone Field,recover-20220825,002,1795
484.2235,484.2627,68437,82072,Rhinolophus ferrumequinum,0.024,0.024,-1,Echolocation,/mnt/ubna_data_01_mir/recover-20220825/UBNA_002/20220823_033000.WAV,Telephone Field,recover-20220825,002,1795
484.2325,484.2428,22031,27196,Nyctalus leisleri,0.009,0.021,-1,Echolocation,/mnt/ubna_data_01_mir/recover-20220825/UBNA_002/20220823_033000.WAV,Telephone Field,recover-20220825,002,1795
484.2395,484.2502,22890,27519,Nyctalus leisleri,0.012,0.022,-1,Echolocation,/mnt/ubna_data_01_mir/recover-20220825/UBNA_002/20220823_033000.WAV,Telephone Field,recover-20220825,002,1795
484.2595,484.2668,27187,36488,Eptesicus serotinus,0.008,0.023,-1,Echolocation,/mnt/ubna_data_01_mir/recover-20220825/UBNA_002/20220823_033000.WAV,Telephone Field,recover-20220825,002,1795
484.2685,484.3052,68437,81834,Rhinolophus ferrumequinum,0.021,0.021,-1,Echolocation,/mnt/ubna_data_01_mir/recover-20220825/UBNA_002/20220823_033000.WAV,Telephone Field,recover-20220825,002,1795
484.2745,484.3139,68437,82382,Rhinolophus ferrumequinum,0.02,0.02,-1,Echolocation,/mnt/ubna_data_01_mir/recover-20220825/UBNA_002/20220823_033000.WAV,Telephone Field,recover-20220825,002,1795
484.2815,484.3199,68437,82239,Rhinolophus ferrumequinum,0.021,0.021,-1,Echolocation,/mnt/ubna_data_01_mir/recover-20220825/UBNA_002/20220823_033000.WAV,Telephone Field,recover-20220825,002,1795
484.2925,484.3049,23750,29654,Nyctalus leisleri,0.013,0.033,-1,Echolocation,/mnt/ubna_data_01_mir/recover-20220825/UBNA_002/20220823_033000.WAV,Telephone Field,recover-20220825,002,1795
484.3175,484.3588,68437,82651,Rhinolophus ferrumequinum,0.028,0.028,-1,Echolocation,/mnt/ubna_data_01_mir/recover-20220825/UBNA_002/20220823_033000.WAV,Telephone Field,recover-20220825,002,1795
484.3465,484.3555,28906,36830,Eptesicus serotinus,0.009,0.021,-1,Echolocation,/mnt/ubna_data_01_mir/recover-20220825/UBNA_002/20220823_033000.WAV,Telephone Field,recover-20220825,002,1795
484.4075,484.4446,68437,82164,Rhinolophus ferrumequinum,0.023,0.023,-1,Echolocation,/mnt/ubna_data_01_mir/recover-20220825/UBNA_002/20220823_033000.WAV,Telephone Field,recover-20220825,002,1795
484.4295,484.4706,68437,83123,Rhinolophus ferrumequinum,0.03,0.03,-1,Echolocation,/mnt/ubna_data_01_mir/recover-20220825/UBNA_002/20220823_033000.WAV,Telephone Field,recover-20220825,002,1795
484.4385,484.4777,68437,82454,Rhinolophus ferrumequinum,0.02,0.02,-1,Echolocation,/mnt/ubna_data_01_mir/recover-20220825/UBNA_002/20220823_033000.WAV,Telephone Field,recover-20220825,002,1795
484.4565,484.4985,68437,83133,Rhinolophus ferrumequinum,0.03,0.03,-1,Echolocation,/mnt/ubna_data_01_mir/recover-20220825/UBNA_002/20220823_033000.WAV,Telephone Field,recover-20220825,002,1795
484.4585,484.4693,22890,28659,Nyctalus leisleri,0.013,0.03,-1,Echolocation,/mnt/ubna_data_01_mir/recover-20220825/UBNA_002/20220823_033000.WAV,Telephone Field,recover-20220825,002,1795
484.4885,484.5264,68437,82474,Rhinolophus ferrumequinum,0.024,0.024,-1,Echolocation,/mnt/ubna_data_01_mir/recover-20220825/UBNA_002/20220823_033000.WAV,Telephone Field,recover-20220825,002,1795
484.5035,484.5112,28906,41872,Eptesicus serotinus,0.007,0.021,-1,Echolocation,/mnt/ubna_data_01_mir/recover-20220825/UBNA_002/20220823_033000.WAV,Telephone Field,recover-20220825,002,1795
484.5045,484.5115,23750,33094,Plecotus austriacus,0.008,0.02,-1,Echolocation,/mnt/ubna_data_01_mir/recover-20220825/UBNA_002/20220823_033000.WAV,Telephone Field,recover-20220825,002,1795
484.5215,484.5282,28906,40084,Eptesicus serotinus,0.007,0.023,-1,Echolocation,/mnt/ubna_data_01_mir/recover-20220825/UBNA_002/20220823_033000.WAV,Telephone Field,recover-20220825,002,1795
484.5335,484.5717,68437,81795,Rhinolophus ferrumequinum,0.021,0.021,-1,Echolocation,/mnt/ubna_data_01_mir/recover-20220825/UBNA_002/20220823_033000.WAV,Telephone Field,recover-20220825,002,1795
484.5685,484.5787,22031,26604,Nyctalus leisleri,0.009,0.02,-1,Echolocation,/mnt/ubna_data_01_mir/recover-20220825/UBNA_002/20220823_033000.WAV,Telephone Field,recover-20220825,002,1795
484.5905,484.6015,22890,27455,Nyctalus leisleri,0.011,0.021,-1,Echolocation,/mnt/ubna_data_01_mir/recover-20220825/UBNA_002/20220823_033000.WAV,Telephone Field,recover-20220825,002,1795
484.5905,484.6289,68437,82043,Rhinolophus ferrumequinum,0.021,0.021,-1,Echolocation,/mnt/ubna_data_01_mir/recover-20220825/UBNA_002/20220823_033000.WAV,Telephone Field,recover-20220825,002,1795
484.6265,484.664,68437,81590,Rhinolophus ferrumequinum,0.021,0.021,-1,Echolocation,/mnt/ubna_data_01_mir/recover-20220825/UBNA_002/20220823_033000.WAV,Telephone Field,recover-20220825,002,1795
484.6395,484.6792,68437,81557,Rhinolophus ferrumequinum,0.022,0.022,-1,Echolocation,/mnt/ubna_data_01_mir/recover-20220825/UBNA_002/20220823_033000.WAV,Telephone Field,recover-20220825,002,1795
484.6435,484.6515,24609,33092,Eptesicus serotinus,0.005,0.021,-1,Echolocation,/mnt/ubna_data_01_mir/recover-20220825/UBNA_002/20220823_033000.WAV,Telephone Field,recover-20220825,002,1795
484.6955,484.7336,68437,82022,Rhinolophus ferrumequinum,0.021,0.021,-1,Echolocation,/mnt/ubna_data_01_mir/recover-20220825/UBNA_002/20220823_033000.WAV,Telephone Field,recover-20220825,002,1795
484.7205,484.7569,68437,81373,Rhinolophus ferrumequinum,0.025,0.025,-1,Echolocation,/mnt/ubna_data_01_mir/recover-20220825/UBNA_002/20220823_033000.WAV,Telephone Field,recover-20220825,002,1795
484.7275,484.768,68437,82452,Rhinolophus ferrumequinum,0.025,0.025,-1,Echolocation,/mnt/ubna_data_01_mir/recover-20220825/UBNA_002/20220823_033000.WAV,Telephone Field,recover-20220825,002,1795
484.7825,484.8194,68437,81737,Rhinolophus ferrumequinum,0.022,0.022,-1,Echolocation,/mnt/ubna_data_01_mir/recover-20220825/UBNA_002/20220823_033000.WAV,Telephone Field,recover-20220825,002,1795
484.8135,484.8361,17734,19863,Nyctalus noctula,0.015,0.028,-1,Echolocation,/mnt/ubna_data_01_mir/recover-20220825/UBNA_002/20220823_033000.WAV,Telephone Field,recover-20220825,002,1795
484.8175,484.8561,68437,82529,Rhinolophus ferrumequinum,0.022,0.022,-1,Echolocation,/mnt/ubna_data_01_mir/recover-20220825/UBNA_002/20220823_033000.WAV,Telephone Field,recover-20220825,002,1795
484.8555,484.8935,68437,82031,Rhinolophus ferrumequinum,0.022,0.022,-1,Echolocation,/mnt/ubna_data_01_mir/recover-20220825/UBNA_002/20220823_033000.WAV,Telephone Field,recover-20220825,002,1795
484.8765,484.8856,28046,35879,Eptesicus serotinus,0.021,0.039,-1,Echolocation,/mnt/ubna_data_01_mir/recover-20220825/UBNA_002/20220823_033000.WAV,Telephone Field,recover-20220825,002,1795
484.8975,484.9352,68437,81639,Rhinolophus ferrumequinum,0.025,0.025,-1,Echolocation,/mnt/ubna_data_01_mir/recover-20220825/UBNA_002/20220823_033000.WAV,Telephone Field,recover-20220825,002,1795
484.9195,484.956,68437,81859,Rhinolophus ferrumequinum,0.02,0.021,-1,Echolocation,/mnt/ubna_data_01_mir/recover-20220825/UBNA_002/20220823_033000.WAV,Telephone Field,recover-20220825,002,1795
484.9725,485.0102,68437,82431,Rhinolophus ferrumequinum,0.026,0.026,-1,Echolocation,/mnt/ubna_data_01_mir/recover-20220825/UBNA_002/20220823_033000.WAV,Telephone Field,recover-20220825,002,1795
484.9945,485.0032,28906,39688,Eptesicus serotinus,0.008,0.023,-1,Echolocation,/mnt/ubna_data_01_mir/recover-20220825/UBNA_002/20220823_033000.WAV,Telephone Field,recover-20220825,002,1795
485.0095,485.0465,68437,81746,Rhinolophus ferrumequinum,0.023,0.023,-1,Echolocation,/mnt/ubna_data_01_mir/recover-20220825/UBNA_002/20220823_033000.WAV,Telephone Field,recover-20220825,002,1795
485.1135,485.1232,28906,36898,Eptesicus serotinus,0.009,0.023,-1,Echolocation,/mnt/ubna_data_01_mir/recover-20220825/UBNA_002/20220823_033000.WAV,Telephone Field,recover-20220825,002,1795
485.1245,485.1638,68437,82729,Rhinolophus ferrumequinum,0.02,0.02,-1,Echolocation,/mnt/ubna_data_01_mir/recover-20220825/UBNA_002/20220823_033000.WAV,Telephone Field,recover-20220825,002,1795
485.1325,485.1733,68437,82436,Rhinolophus ferrumequinum,0.022,0.022,-1,Echolocation,/mnt/ubna_data_01_mir/recover-20220825/UBNA_002/20220823_033000.WAV,Telephone Field,recover-20220825,002,1795
485.1405,485.1818,68437,83197,Rhinolophus ferrumequinum,0.022,0.022,-1,Echolocation,/mnt/ubna_data_01_mir/recover-20220825/UBNA_002/20220823_033000.WAV,Telephone Field,recover-20220825,002,1795
485.2275,485.2655,68437,82396,Rhinolophus ferrumequinum,0.024,0.024,-1,Echolocation,/mnt/ubna_data_01_mir/recover-20220825/UBNA_002/20220823_033000.WAV,Telephone Field,recover-20220825,002,1795
485.2445,485.2827,68437,81599,Rhinolophus ferrumequinum,0.021,0.021,-1,Echolocation,/mnt/ubna_data_01_mir/recover-20220825/UBNA_002/20220823_033000.WAV,Telephone Field,recover-20220825,002,1795
485.2525,485.2619,23750,30778,Nyctalus leisleri,0.009,0.026,-1,Echolocation,/mnt/ubna_data_01_mir/recover-20220825/UBNA_002/20220823_033000.WAV,Telephone Field,recover-20220825,002,1795
485.2725,485.2836,29765,36956,Eptesicus serotinus,0.011,0.023,-1,Echolocation,/mnt/ubna_data_01_mir/recover-20220825/UBNA_002/20220823_033000.WAV,Telephone Field,recover-20220825,002,1795
485.2775,485.3192,68437,83609,Rhinolophus ferrumequinum,0.033,0.033,-1,Echolocation,/mnt/ubna_data_01_mir/recover-20220825/UBNA_002/20220823_033000.WAV,Telephone Field,recover-20220825,002,1795
485.2915,485.3313,68437,82528,Rhinolophus ferrumequinum,0.022,0.022,-1,Echolocation,/mnt/ubna_data_01_mir/recover-20220825/UBNA_002/20220823_033000.WAV,Telephone Field,recover-20220825,002,1795
485.3235,485.3666,68437,83295,Rhinolophus ferrumequinum,0.028,0.028,-1,Echolocation,/mnt/ubna_data_01_mir/recover-20220825/UBNA_002/20220823_033000.WAV,Telephone Field,recover-20220825,002,1795
485.3315,485.3695,68437,82586,Rhinolophus ferrumequinum,0.026,0.026,-1,Echolocation,/mnt/ubna_data_01_mir/recover-20220825/UBNA_002/20220823_033000.WAV,Telephone Field,recover-20220825,002,1795
485.3605,485.3969,68437,81584,Rhinolophus ferrumequinum,0.023,0.023,-1,Echolocation,/mnt/ubna_data_01_mir/recover-20220825/UBNA_002/20220823_033000.WAV,Telephone Field,recover-20220825,002,1795
485.3685,485.3771,27187,35176,Eptesicus serotinus,0.014,0.032,-1,Echolocation,/mnt/ubna_data_01_mir/recover-20220825/UBNA_002/20220823_033000.WAV,Telephone Field,recover-20220825,002,1795
485.3955,485.4344,68437,82744,Rhinolophus ferrumequinum,0.023,0.023,-1,Echolocation,/mnt/ubna_data_01_mir/recover-20220825/UBNA_002/20220823_033000.WAV,Telephone Field,recover-20220825,002,1795
485.4235,485.4587,68437,82338,Rhinolophus ferrumequinum,0.024,0.025,-1,Echolocation,/mnt/ubna_data_01_mir/recover-20220825/UBNA_002/20220823_033000.WAV,Telephone Field,recover-20220825,002,1795
485.4255,485.4356,22890,28707,Nyctalus leisleri,0.008,0.022,-1,Echolocation,/mnt/ubna_data_01_mir/recover-20220825/UBNA_002/20220823_033000.WAV,Telephone Field,recover-20220825,002,1795
485.4785,485.5179,68437,82905,Rhinolophus ferrumequinum,0.026,0.026,-1,Echolocation,/mnt/ubna_data_01_mir/recover-20220825/UBNA_002/20220823_033000.WAV,Telephone Field,recover-20220825,002,1795
485.4935,485.5311,68437,82186,Rhinolophus ferrumequinum,0.025,0.025,-1,Echolocation,/mnt/ubna_data_01_mir/recover-20220825/UBNA_002/20220823_033000.WAV,Telephone Field,recover-20220825,002,1795
485.5255,485.566,68437,82175,Rhinolophus ferrumequinum,0.021,0.021,-1,Echolocation,/mnt/ubna_data_01_mir/recover-20220825/UBNA_002/20220823_033000.WAV,Telephone Field,recover-20220825,002,1795
485.5315,485.539,28906,41374,Eptesicus serotinus,0.006,0.021,-1,Echolocation,/mnt/ubna_data_01_mir/recover-20220825/UBNA_002/20220823_033000.WAV,Telephone Field,recover-20220825,002,1795
485.5415,485.5796,68437,81978,Rhinolophus ferrumequinum,0.021,0.021,-1,Echolocation,/mnt/ubna_data_01_mir/recover-20220825/UBNA_002/20220823_033000.WAV,Telephone Field,recover-20220825,002,1795
485.5565,485.5963,68437,82166,Rhinolophus ferrumequinum,0.022,0.022,-1,Echolocation,/mnt/ubna_data_01_mir/recover-20220825/UBNA_002/20220823_033000.WAV,Telephone Field,recover-20220825,002,1795
485.5725,485.6086,68437,81463,Rhinolophus ferrumequinum,0.022,0.022,-1,Echolocation,/mnt/ubna_data_01_mir/recover-20220825/UBNA_002/20220823_033000.WAV,Telephone Field,recover-20220825,002,1795
485.6385,485.6809,68437,82779,Rhinolophus ferrumequinum,0.024,0.024,-1,Echolocation,/mnt/ubna_data_01_mir/recover-20220825/UBNA_002/20220823_033000.WAV,Telephone Field,recover-20220825,002,1795
485.6405,485.6555,23750,28920,Nyctalus leisleri,0.02,0.043,-1,Echolocation,/mnt/ubna_data_01_mir/recover-20220825/UBNA_002/20220823_033000.WAV,Telephone Field,recover-20220825,002,1795
485.6755,485.7157,68437,82491,Rhinolophus ferrumequinum,0.031,0.031,-1,Echolocation,/mnt/ubna_data_01_mir/recover-20220825/UBNA_002/20220823_033000.WAV,Telephone Field,recover-20220825,002,1795
485.7075,485.7485,68437,82908,Rhinolophus ferrumequinum,0.024,0.024,-1,Echolocation,/mnt/ubna_data_01_mir/recover-20220825/UBNA_002/20220823_033000.WAV,Telephone Field,recover-20220825,002,1795
485.7415,485.7807,68437,82610,Rhinolophus ferrumequinum,0.022,0.022,-1,Echolocation,/mnt/ubna_data_01_mir/recover-20220825/UBNA_002/20220823_033000.WAV,Telephone Field,recover-20220825,002,1795
485.7655,485.8031,68437,81906,Rhinolophus ferrumequinum,0.021,0.021,-1,Echolocation,/mnt/ubna_data_01_mir/recover-20220825/UBNA_002/20220823_033000.WAV,Telephone Field,recover-20220825,002,1795
485.7915,485.831,68437,82342,Rhinolophus ferrumequinum,0.02,0.02,-1,Echolocation,/mnt/ubna_data_01_mir/recover-20220825/UBNA_002/20220823_033000.WAV,Telephone Field,recover-20220825,002,1795
485.8245,485.8616,68437,81963,Rhinolophus ferrumequinum,0.026,0.026,-1,Echolocation,/mnt/ubna_data_01_mir/recover-20220825/UBNA_002/20220823_033000.WAV,Telephone Field,recover-20220825,002,1795
485.8485,485.8869,68437,82384,Rhinolophus ferrumequinum,0.02,0.02,-1,Echolocation,/mnt/ubna_data_01_mir/recover-20220825/UBNA_002/20220823_033000.WAV,Telephone Field,recover-20220825,002,1795
485.8725,485.8807,23750,31814,Plecotus austriacus,0.008,0.021,-1,Echolocation,/mnt/ubna_data_01_mir/recover-20220825/UBNA_002/20220823_033000.WAV,Telephone Field,recover-20220825,002,1795
485.9075,485.9442,68437,82035,Rhinolophus ferrumequinum,0.021,0.021,-1,Echolocation,/mnt/ubna_data_01_mir/recover-20220825/UBNA_002/20220823_033000.WAV,Telephone Field,recover-20220825,002,1795
485.9195,485.956,68437,81618,Rhinolophus ferrumequinum,0.021,0.021,-1,Echolocation,/mnt/ubna_data_01_mir/recover-20220825/UBNA_002/20220823_033000.WAV,Telephone Field,recover-20220825,002,1795
485.9255,485.9649,68437,81867,Rhinolophus ferrumequinum,0.022,0.022,-1,Echolocation,/mnt/ubna_data_01_mir/recover-20220825/UBNA_002/20220823_033000.WAV,Telephone Field,recover-20220825,002,1795
485.9385,485.9724,68437,80383,Rhinolophus ferrumequinum,0.02,0.02,-1,Echolocation,/mnt/ubna_data_01_mir/recover-20220825/UBNA_002/20220823_033000.WAV,Telephone Field,recover-20220825,002,1795
485.9835,485.9907,28046,41096,Eptesicus serotinus,0.009,0.029,-1,Echolocation,/mnt/ubna_data_01_mir/recover-20220825/UBNA_002/20220823_033000.WAV,Telephone Field,recover-20220825,002,1795
486.0015,486.0371,68437,79914,Rhinolophus ferrumequinum,0.07,0.07,-1,Echolocation,/mnt/ubna_data_01_mir/recover-20220825/UBNA_002/20220823_033000.WAV,Telephone Field,recover-20220825,002,1795
486.0015,486.011,25468,31685,Nyctalus leisleri,0.013,0.031,-1,Echolocation,/mnt/ubna_data_01_mir/recover-20220825/UBNA_002/20220823_033000.WAV,Telephone Field,recover-20220825,002,1795
486.0075,486.0486,68437,82226,Rhinolophus ferrumequinum,0.037,0.037,-1,Echolocation,/mnt/ubna_data_01_mir/recover-20220825/UBNA_002/20220823_033000.WAV,Telephone Field,recover-20220825,002,1795
486.0345,486.072,68437,81913,Rhinolophus ferrumequinum,0.021,0.021,-1,Echolocation,/mnt/ubna_data_01_mir/recover-20220825/UBNA_002/20220823_033000.WAV,Telephone Field,recover-20220825,002,1795
486.0455,486.0558,22031,27419,Nyctalus leisleri,0.008,0.022,-1,Echolocation,/mnt/ubna_data_01_mir/recover-20220825/UBNA_002/20220823_033000.WAV,Telephone Field,recover-20220825,002,1795
486.0615,486.0732,22031,25789,Nyctalus leisleri,0.013,0.022,-1,Echolocation,/mnt/ubna_data_01_mir/recover-20220825/UBNA_002/20220823_033000.WAV,Telephone Field,recover-20220825,002,1795
486.0895,486.1008,22890,28287,Nyctalus leisleri,0.011,0.024,-1,Echolocation,/mnt/ubna_data_01_mir/recover-20220825/UBNA_002/20220823_033000.WAV,Telephone Field,recover-20220825,002,1795
486.0925,486.1286,68437,82038,Rhinolophus ferrumequinum,0.023,0.023,-1,Echolocation,/mnt/ubna_data_01_mir/recover-20220825/UBNA_002/20220823_033000.WAV,Telephone Field,recover-20220825,002,1795
486.1245,486.159,68437,81545,Rhinolophus ferrumequinum,0.023,0.023,-1,Echolocation,/mnt/ubna_data_01_mir/recover-20220825/UBNA_002/20220823_033000.WAV,Telephone Field,recover-20220825,002,1795
486.1305,486.1679,68437,81925,Rhinolophus ferrumequinum,0.022,0.022,-1,Echolocation,/mnt/ubna_data_01_mir/recover-20220825/UBNA_002/20220823_033000.WAV,Telephone Field,recover-20220825,002,1795
486.1735,486.2132,68437,82089,Rhinolophus ferrumequinum,0.033,0.033,-1,Echolocation,/mnt/ubna_data_01_mir/recover-20220825/UBNA_002/20220823_033000.WAV,Telephone Field,recover-20220825,002,1795
486.1985,486.2376,68437,82054,Rhinolophus ferrumequinum,0.023,0.023,-1,Echolocation,/mnt/ubna_data_01_mir/recover-20220825/UBNA_002/20220823_033000.WAV,Telephone Field,recover-20220825,002,1795
486.2365,486.2457,27187,35224,Eptesicus serotinus,0.037,0.064,-1,Echolocation,/mnt/ubna_data_01_mir/recover-20220825/UBNA_002/20220823_033000.WAV,Telephone Field,recover-20220825,002,1795
486.2595,486.2713,22031,26582,Nyctalus leisleri,0.013,0.026,-1,Echolocation,/mnt/ubna_data_01_mir/recover-20220825/UBNA_002/20220823_033000.WAV,Telephone Field,recover-20220825,002,1795
486.2785,486.3124,68437,81300,Rhinolophus ferrumequinum,0.022,0.022,-1,Echolocation,/mnt/ubna_data_01_mir/recover-20220825/UBNA_002/20220823_033000.WAV,Telephone Field,recover-20220825,002,1795
486.2825,486.2912,23750,33301,Plecotus austriacus,0.009,0.027,-1,Echolocation,/mnt/ubna_data_01_mir/recover-20220825/UBNA_002/20220823_033000.WAV,Telephone Field,recover-20220825,002,1795
486.2945,486.3308,68437,81792,Rhinolophus ferrumequinum,0.023,0.023,-1,Echolocation,/mnt/ubna_data_01_mir/recover-20220825/UBNA_002/20220823_033000.WAV,Telephone Field,recover-20220825,002,1795
486.2995,486.3094,22031,28057,Nyctalus leisleri,0.008,0.021,-1,Echolocation,/mnt/ubna_data_01_mir/recover-20220825/UBNA_002/20220823_033000.WAV,Telephone Field,recover-20220825,002,1795
486.3165,486.355,68437,82862,Rhinolophus ferrumequinum,0.023,0.023,-1,Echolocation,/mnt/ubna_data_01_mir/recover-20220825/UBNA_002/20220823_033000.WAV,Telephone Field,recover-20220825,002,1795
486.3265,486.3371,23750,29462,Nyctalus leisleri,0.01,0.023,-1,Echolocation,/mnt/ubna_data_01_mir/recover-20220825/UBNA_002/20220823_033000.WAV,Telephone Field,recover-20220825,002,1795
486.3395,486.3803,68437,83113,Rhinolophus ferrumequinum,0.045,0.045,-1,Echolocation,/mnt/ubna_data_01_mir/recover-20220825/UBNA_002/20220823_033000.WAV,Telephone Field,recover-20220825,002,1795
486.3825,486.4191,68437,81680,Rhinolophus ferrumequinum,0.022,0.022,-1,Echolocation,/mnt/ubna_data_01_mir/recover-20220825/UBNA_002/20220823_033000.WAV,Telephone Field,recover-20220825,002,1795
486.3905,486.4001,28906,37282,Eptesicus serotinus,0.009,0.022,-1,Echolocation,/mnt/ubna_data_01_mir/recover-20220825/UBNA_002/20220823_033000.WAV,Telephone Field,recover-20220825,002,1795
486.3995,486.4078,28046,39195,Eptesicus serotinus,0.009,0.023,-1,Echolocation,/mnt/ubna_data_01_mir/recover-20220825/UBNA_002/20220823_033000.WAV,Telephone Field,recover-20220825,002,1795
486.4015,486.4425,68437,82243,Rhinolophus ferrumequinum,0.023,0.023,-1,Echolocation,/mnt/ubna_data_01_mir/recover-20220825/UBNA_002/20220823_033000.WAV,Telephone Field,recover-20220825,002,1795
486.4105,486.4524,68437,82930,Rhinolophus ferrumequinum,0.028,0.028,-1,Echolocation,/mnt/ubna_data_01_mir/recover-20220825/UBNA_002/20220823_033000.WAV,Telephone Field,recover-20220825,002,1795
486.4255,486.4351,28046,36765,Eptesicus serotinus,0.01,0.026,-1,Echolocation,/mnt/ubna_data_01_mir/recover-20220825/UBNA_002/20220823_033000.WAV,Telephone Field,recover-20220825,002,1795
486.4415,486.4787,68437,81870,Rhinolophus ferrumequinum,0.024,0.024,-1,Echolocation,/mnt/ubna_data_01_mir/recover-20220825/UBNA_002/20220823_033000.WAV,Telephone Field,recover-20220825,002,1795
486.4825,486.5211,68437,82218,Rhinolophus ferrumequinum,0.022,0.022,-1,Echolocation,/mnt/ubna_data_01_mir/recover-20220825/UBNA_002/20220823_033000.WAV,Telephone Field,recover-20220825,002,1795
486.5115,486.5508,68437,82494,Rhinolophus ferrumequinum,0.025,0.025,-1,Echolocation,/mnt/ubna_data_01_mir/recover-20220825/UBNA_002/20220823_033000.WAV,Telephone Field,recover-20220825,002,1795
486.5465,486.5545,26328,35653,Eptesicus serotinus,0.01,0.026,-1,Echolocation,/mnt/ubna_data_01_mir/recover-20220825/UBNA_002/20220823_033000.WAV,Telephone Field,recover-20220825,002,1795
486.5675,486.5753,39218,49483,Myotis daubentonii,0.007,0.024,-1,Echolocation,/mnt/ubna_data_01_mir/recover-20220825/UBNA_002/20220823_033000.WAV,Telephone Field,recover-20220825,002,1795
486.5685,486.5751,26328,46537,Eptesicus serotinus,0.007,0.023,-1,Echolocation,/mnt/ubna_data_01_mir/recover-20220825/UBNA_002/20220823_033000.WAV,Telephone Field,recover-20220825,002,1795
486.5775,486.616,68437,82375,Rhinolophus ferrumequinum,0.031,0.031,-1,Echolocation,/mnt/ubna_data_01_mir/recover-20220825/UBNA_002/20220823_033000.WAV,Telephone Field,recover-20220825,002,1795
486.5835,486.5933,24609,32848,Eptesicus serotinus,0.009,0.026,-1,Echolocation,/mnt/ubna_data_01_mir/recover-20220825/UBNA_002/20220823_033000.WAV,Telephone Field,recover-20220825,002,1795
486.6035,486.6126,28906,38952,Eptesicus serotinus,0.009,0.022,-1,Echolocation,/mnt/ubna_data_01_mir/recover-20220825/UBNA_002/20220823_033000.WAV,Telephone Field,recover-20220825,002,1795
486.6195,486.65840000000003,68437,82397,Rhinolophus ferrumequinum,0.022,0.022,-1,Echolocation,/mnt/ubna_data_01_mir/recover-20220825/UBNA_002/20220823_033000.WAV,Telephone Field,recover-20220825,002,1795
486.6345,486.6733,68437,82732,Rhinolophus ferrumequinum,0.026,0.026,-1,Echolocation,/mnt/ubna_data_01_mir/recover-20220825/UBNA_002/20220823_033000.WAV,Telephone Field,recover-20220825,002,1795
486.6665,486.68,58125,64922,Pipistrellus pygmaeus,0.025,0.026,-1,Echolocation,/mnt/ubna_data_01_mir/recover-20220825/UBNA_002/20220823_033000.WAV,Telephone Field,recover-20220825,002,1795
486.6685,486.7066,68437,81780,Rhinolophus ferrumequinum,0.025,0.025,-1,Echolocation,/mnt/ubna_data_01_mir/recover-20220825/UBNA_002/20220823_033000.WAV,Telephone Field,recover-20220825,002,1795
486.7145,486.7544,68437,82142,Rhinolophus ferrumequinum,0.021,0.021,-1,Echolocation,/mnt/ubna_data_01_mir/recover-20220825/UBNA_002/20220823_033000.WAV,Telephone Field,recover-20220825,002,1795
486.7235,486.7602,68437,81875,Rhinolophus ferrumequinum,0.022,0.022,-1,Echolocation,/mnt/ubna_data_01_mir/recover-20220825/UBNA_002/20220823_033000.WAV,Telephone Field,recover-20220825,002,1795
486.7425,486.7503,28046,40750,Eptesicus serotinus,0.011,0.031,-1,Echolocation,/mnt/ubna_data_01_mir/recover-20220825/UBNA_002/20220823_033000.WAV,Telephone Field,recover-20220825,002,1795
486.8285,486.8672,68437,81947,Rhinolophus ferrumequinum,0.022,0.022,-1,Echolocation,/mnt/ubna_data_01_mir/recover-20220825/UBNA_002/20220823_033000.WAV,Telephone Field,recover-20220825,002,1795
486.8445,486.8535,25468,34328,Eptesicus serotinus,0.009,0.026,-1,Echolocation,/mnt/ubna_data_01_mir/recover-20220825/UBNA_002/20220823_033000.WAV,Telephone Field,recover-20220825,002,1795
486.8555,486.8935,68437,82182,Rhinolophus ferrumequinum,0.022,0.022,-1,Echolocation,/mnt/ubna_data_01_mir/recover-20220825/UBNA_002/20220823_033000.WAV,Telephone Field,recover-20220825,002,1795
486.8845,486.8957,22890,28520,Nyctalus leisleri,0.011,0.026,-1,Echolocation,/mnt/ubna_data_01_mir/recover-20220825/UBNA_002/20220823_033000.WAV,Telephone Field,recover-20220825,002,1795
486.9385,486.9488,28046,35287,Eptesicus serotinus,0.019,0.037,-1,Echolocation,/mnt/ubna_data_01_mir/recover-20220825/UBNA_002/20220823_033000.WAV,Telephone Field,recover-20220825,002,1795
486.9565,486.9957,68437,83049,Rhinolophus ferrumequinum,0.028,0.028,-1,Echolocation,/mnt/ubna_data_01_mir/recover-20220825/UBNA_002/20220823_033000.WAV,Telephone Field,recover-20220825,002,1795
486.9645,487.0073,68437,83567,Rhinolophus ferrumequinum,0.029,0.029,-1,Echolocation,/mnt/ubna_data_01_mir/recover-20220825/UBNA_002/20220823_033000.WAV,Telephone Field,recover-20220825,002,1795
486.9725,486.9783,46953,52213,Pipistrellus pipistrellus,0.025,0.026,-1,Echolocation,/mnt/ubna_data_01_mir/recover-20220825/UBNA_002/20220823_033000.WAV,Telephone Field,recover-20220825,002,1795
486.9995,487.0077,28046,39366,Eptesicus serotinus,0.008,0.022,-1,Echolocation,/mnt/ubna_data_01_mir/recover-20220825/UBNA_002/20220823_033000.WAV,Telephone Field,recover-20220825,002,1795
486.9995,487.01,22031,27961,Nyctalus leisleri,0.009,0.026,-1,Echolocation,/mnt/ubna_data_01_mir/recover-20220825/UBNA_002/20220823_033000.WAV,Telephone Field,recover-20220825,002,1795
487.0155,487.055,68437,81889,Rhinolophus ferrumequinum,0.024,0.024,-1,Echolocation,/mnt/ubna_data_01_mir/recover-20220825/UBNA_002/20220823_033000.WAV,Telephone Field,recover-20220825,002,1795
487.0455,487.0583,22890,27267,Nyctalus leisleri,0.014,0.024,-1,Echolocation,/mnt/ubna_data_01_mir/recover-20220825/UBNA_002/20220823_033000.WAV,Telephone Field,recover-20220825,002,1795
487.0655,487.0761,23750,29922,Nyctalus leisleri,0.01,0.023,-1,Echolocation,/mnt/ubna_data_01_mir/recover-20220825/UBNA_002/20220823_033000.WAV,Telephone Field,recover-20220825,002,1795
487.0755,487.1137,68437,82377,Rhinolophus ferrumequinum,0.024,0.024,-1,Echolocation,/mnt/ubna_data_01_mir/recover-20220825/UBNA_002/20220823_033000.WAV,Telephone Field,recover-20220825,002,1795
487.0855,487.1226,68437,81593,Rhinolophus ferrumequinum,0.022,0.022,-1,Echolocation,/mnt/ubna_data_01_mir/recover-20220825/UBNA_002/20220823_033000.WAV,Telephone Field,recover-20220825,002,1795
487.0895,487.096,47812,51788,Pipistrellus pipistrellus,0.021,0.022,-1,Echolocation,/mnt/ubna_data_01_mir/recover-20220825/UBNA_002/20220823_033000.WAV,Telephone Field,recover-20220825,002,1795
487.1315,487.1401,28906,38968,Eptesicus serotinus,0.008,0.023,-1,Echolocation,/mnt/ubna_data_01_mir/recover-20220825/UBNA_002/20220823_033000.WAV,Telephone Field,recover-20220825,002,1795
487.1495,487.1868,68437,82193,Rhinolophus ferrumequinum,0.027,0.027,-1,Echolocation,/mnt/ubna_data_01_mir/recover-20220825/UBNA_002/20220823_033000.WAV,Telephone Field,recover-20220825,002,1795
487.1605,487.1676,28906,39201,Eptesicus serotinus,0.008,0.028,-1,Echolocation,/mnt/ubna_data_01_mir/recover-20220825/UBNA_002/20220823_033000.WAV,Telephone Field,recover-20220825,002,1795
487.1785,487.1865,46953,50733,Pipistrellus pipistrellus,0.022,0.024,-1,Echolocation,/mnt/ubna_data_01_mir/recover-20220825/UBNA_002/20220823_033000.WAV,Telephone Field,recover-20220825,002,1795
487.1885,487.1988,23750,29076,Nyctalus leisleri,0.01,0.022,-1,Echolocation,/mnt/ubna_data_01_mir/recover-20220825/UBNA_002/20220823_033000.WAV,Telephone Field,recover-20220825,002,1795
487.1975,487.2356,68437,82217,Rhinolophus ferrumequinum,0.022,0.022,-1,Echolocation,/mnt/ubna_data_01_mir/recover-20220825/UBNA_002/20220823_033000.WAV,Telephone Field,recover-20220825,002,1795
487.2195,487.2599,68437,83320,Rhinolophus ferrumequinum,0.032,0.032,-1,Echolocation,/mnt/ubna_data_01_mir/recover-20220825/UBNA_002/20220823_033000.WAV,Telephone Field,recover-20220825,002,1795
487.2335,487.2716,68437,82012,Rhinolophus ferrumequinum,0.026,0.026,-1,Echolocation,/mnt/ubna_data_01_mir/recover-20220825/UBNA_002/20220823_033000.WAV,Telephone Field,recover-20220825,002,1795
487.3005,487.3426,68437,83063,Rhinolophus ferrumequinum,0.03,0.03,-1,Echolocation,/mnt/ubna_data_01_mir/recover-20220825/UBNA_002/20220823_033000.WAV,Telephone Field,recover-20220825,002,1795
487.3265,487.3677,68437,82765,Rhinolophus ferrumequinum,0.023,0.023,-1,Echolocation,/mnt/ubna_data_01_mir/recover-20220825/UBNA_002/20220823_033000.WAV,Telephone Field,recover-20220825,002,1795
487.3595,487.374,22031,25749,Nyctalus leisleri,0.016,0.028,-1,Echolocation,/mnt/ubna_data_01_mir/recover-20220825/UBNA_002/20220823_033000.WAV,Telephone Field,recover-20220825,002,1795
487.3865,487.4262,68437,82877,Rhinolophus ferrumequinum,0.025,0.025,-1,Echolocation,/mnt/ubna_data_01_mir/recover-20220825/UBNA_002/20220823_033000.WAV,Telephone Field,recover-20220825,002,1795
487.4315,487.4674,68437,81325,Rhinolophus ferrumequinum,0.022,0.022,-1,Echolocation,/mnt/ubna_data_01_mir/recover-20220825/UBNA_002/20220823_033000.WAV,Telephone Field,recover-20220825,002,1795
487.4445,487.4801,68437,81232,Rhinolophus ferrumequinum,0.025,0.025,-1,Echolocation,/mnt/ubna_data_01_mir/recover-20220825/UBNA_002/20220823_033000.WAV,Telephone Field,recover-20220825,002,1795
487.4505,487.4612,27187,34830,Eptesicus serotinus,0.012,0.025,-1,Echolocation,/mnt/ubna_data_01_mir/recover-20220825/UBNA_002/20220823_033000.WAV,Telephone Field,recover-20220825,002,1795
487.4855,487.495,22031,29246,Plecotus austriacus,0.013,0.038,-1,Echolocation,/mnt/ubna_data_01_mir/recover-20220825/UBNA_002/20220823_033000.WAV,Telephone Field,recover-20220825,002,1795
487.5095,487.553,68437,83194,Rhinolophus ferrumequinum,0.042,0.042,-1,Echolocation,/mnt/ubna_data_01_mir/recover-20220825/UBNA_002/20220823_033000.WAV,Telephone Field,recover-20220825,002,1795
487.5575,487.6027,68437,83423,Rhinolophus ferrumequinum,0.086,0.086,-1,Echolocation,/mnt/ubna_data_01_mir/recover-20220825/UBNA_002/20220823_033000.WAV,Telephone Field,recover-20220825,002,1795
487.5665,487.5747,50390,54807,Pipistrellus pipistrellus,0.027,0.03,-1,Echolocation,/mnt/ubna_data_01_mir/recover-20220825/UBNA_002/20220823_033000.WAV,Telephone Field,recover-20220825,002,1795
487.5745,487.6138,68437,82874,Rhinolophus ferrumequinum,0.027,0.027,-1,Echolocation,/mnt/ubna_data_01_mir/recover-20220825/UBNA_002/20220823_033000.WAV,Telephone Field,recover-20220825,002,1795
487.5755,487.5824,28046,39348,Eptesicus serotinus,0.006,0.023,-1,Echolocation,/mnt/ubna_data_01_mir/recover-20220825/UBNA_002/20220823_033000.WAV,Telephone Field,recover-20220825,002,1795
487.6105,487.6487,68437,81874,Rhinolophus ferrumequinum,0.025,0.025,-1,Echolocation,/mnt/ubna_data_01_mir/recover-20220825/UBNA_002/20220823_033000.WAV,Telephone Field,recover-20220825,002,1795
487.6145,487.6285,24609,30683,Nyctalus leisleri,0.018,0.042,-1,Echolocation,/mnt/ubna_data_01_mir/recover-20220825/UBNA_002/20220823_033000.WAV,Telephone Field,recover-20220825,002,1795
487.6785,487.7153,68437,81632,Rhinolophus ferrumequinum,0.022,0.022,-1,Echolocation,/mnt/ubna_data_01_mir/recover-20220825/UBNA_002/20220823_033000.WAV,Telephone Field,recover-20220825,002,1795
487.6795,487.6858,28046,38700,Eptesicus serotinus,0.007,0.03,-1,Echolocation,/mnt/ubna_data_01_mir/recover-20220825/UBNA_002/20220823_033000.WAV,Telephone Field,recover-20220825,002,1795
487.7105,487.72090000000003,22890,28269,Nyctalus leisleri,0.009,0.023,-1,Echolocation,/mnt/ubna_data_01_mir/recover-20220825/UBNA_002/20220823_033000.WAV,Telephone Field,recover-20220825,002,1795
487.7605,487.7972,68437,80849,Rhinolophus ferrumequinum,0.024,0.024,-1,Echolocation,/mnt/ubna_data_01_mir/recover-20220825/UBNA_002/20220823_033000.WAV,Telephone Field,recover-20220825,002,1795
487.7775,487.8151,68437,82006,Rhinolophus ferrumequinum,0.023,0.023,-1,Echolocation,/mnt/ubna_data_01_mir/recover-20220825/UBNA_002/20220823_033000.WAV,Telephone Field,recover-20220825,002,1795
487.7835,487.7939,28046,36954,Eptesicus serotinus,0.01,0.022,-1,Echolocation,/mnt/ubna_data_01_mir/recover-20220825/UBNA_002/20220823_033000.WAV,Telephone Field,recover-20220825,002,1795
487.7855,487.8216,68437,82011,Rhinolophus ferrumequinum,0.022,0.022,-1,Echolocation,/mnt/ubna_data_01_mir/recover-20220825/UBNA_002/20220823_033000.WAV,Telephone Field,recover-20220825,002,1795
487.8145,487.8522,68437,82768,Rhinolophus ferrumequinum,0.024,0.024,-1,Echolocation,/mnt/ubna_data_01_mir/recover-20220825/UBNA_002/20220823_033000.WAV,Telephone Field,recover-20220825,002,1795
487.8565,487.8663,28046,36618,Eptesicus serotinus,0.009,0.022,-1,Echolocation,/mnt/ubna_data_01_mir/recover-20220825/UBNA_002/20220823_033000.WAV,Telephone Field,recover-20220825,002,1795
487.8855,487.922,68437,81352,Rhinolophus ferrumequinum,0.024,0.024,-1,Echolocation,/mnt/ubna_data_01_mir/recover-20220825/UBNA_002/20220823_033000.WAV,Telephone Field,recover-20220825,002,1795
487.8915,487.9285,68437,82019,Rhinolophus ferrumequinum,0.022,0.022,-1,Echolocation,/mnt/ubna_data_01_mir/recover-20220825/UBNA_002/20220823_033000.WAV,Telephone Field,recover-20220825,002,1795
487.9075,487.9148,24609,34683,Plecotus austriacus,0.01,0.03,-1,Echolocation,/mnt/ubna_data_01_mir/recover-20220825/UBNA_002/20220823_033000.WAV,Telephone Field,recover-20220825,002,1795
487.9355,487.9457,24609,32592,Eptesicus serotinus,0.01,0.026,-1,Echolocation,/mnt/ubna_data_01_mir/recover-20220825/UBNA_002/20220823_033000.WAV,Telephone Field,recover-20220825,002,1795
487.9825,487.9901,28906,38819,Eptesicus serotinus,0.011,0.033,-1,Echolocation,/mnt/ubna_data_01_mir/recover-20220825/UBNA_002/20220823_033000.WAV,Telephone Field,recover-20220825,002,1795
488.0015,488.0302,70156,81430,Rhinolophus ferrumequinum,0.024,0.024,-1,Echolocation,/mnt/ubna_data_01_mir/recover-20220825/UBNA_002/20220823_033000.WAV,Telephone Field,recover-20220825,002,1795
488.0015,488.0108,23750,31151,Nyctalus leisleri,0.01,0.026,-1,Echolocation,/mnt/ubna_data_01_mir/recover-20220825/UBNA_002/20220823_033000.WAV,Telephone Field,recover-20220825,002,1795
488.0475,488.0561,26328,35261,Eptesicus serotinus,0.01,0.026,-1,Echolocation,/mnt/ubna_data_01_mir/recover-20220825/UBNA_002/20220823_033000.WAV,Telephone Field,recover-20220825,002,1795
488.0495,488.0893,68437,82622,Rhinolophus ferrumequinum,0.026,0.026,-1,Echolocation,/mnt/ubna_data_01_mir/recover-20220825/UBNA_002/20220823_033000.WAV,Telephone Field,recover-20220825,002,1795
488.0955,488.1355,68437,82492,Rhinolophus ferrumequinum,0.022,0.022,-1,Echolocation,/mnt/ubna_data_01_mir/recover-20220825/UBNA_002/20220823_033000.WAV,Telephone Field,recover-20220825,002,1795
488.1165,488.1268,22890,28163,Nyctalus leisleri,0.013,0.029,-1,Echolocation,/mnt/ubna_data_01_mir/recover-20220825/UBNA_002/20220823_033000.WAV,Telephone Field,recover-20220825,002,1795
488.1275,488.1663,68437,81918,Rhinolophus ferrumequinum,0.025,0.025,-1,Echolocation,/mnt/ubna_data_01_mir/recover-20220825/UBNA_002/20220823_033000.WAV,Telephone Field,recover-20220825,002,1795
488.1515,488.1863,68437,81297,Rhinolophus ferrumequinum,0.03,0.03,-1,Echolocation,/mnt/ubna_data_01_mir/recover-20220825/UBNA_002/20220823_033000.WAV,Telephone Field,recover-20220825,002,1795
488.1565,488.1676,28906,35574,Eptesicus serotinus,0.009,0.021,-1,Echolocation,/mnt/ubna_data_01_mir/recover-20220825/UBNA_002/20220823_033000.WAV,Telephone Field,recover-20220825,002,1795
488.1595,488.1962,68437,81037,Rhinolophus ferrumequinum,0.021,0.021,-1,Echolocation,/mnt/ubna_data_01_mir/recover-20220825/UBNA_002/20220823_033000.WAV,Telephone Field,recover-20220825,002,1795
488.1715,488.2098,68437,81492,Rhinolophus ferrumequinum,0.021,0.021,-1,Echolocation,/mnt/ubna_data_01_mir/recover-20220825/UBNA_002/20220823_033000.WAV,Telephone Field,recover-20220825,002,1795
488.1985,488.2372,68437,82109,Rhinolophus ferrumequinum,0.024,0.024,-1,Echolocation,/mnt/ubna_data_01_mir/recover-20220825/UBNA_002/20220823_033000.WAV,Telephone Field,recover-20220825,002,1795
488.2195,488.2561,68437,82013,Rhinolophus ferrumequinum,0.024,0.024,-1,Echolocation,/mnt/ubna_data_01_mir/recover-20220825/UBNA_002/20220823_033000.WAV,Telephone Field,recover-20220825,002,1795
488.2595,488.2692,14296,20340,Nyctalus noctula,0.014,0.028,-1,Echolocation,/mnt/ubna_data_01_mir/recover-20220825/UBNA_002/20220823_033000.WAV,Telephone Field,recover-20220825,002,1795
488.2935,488.3308,68437,81765,Rhinolophus ferrumequinum,0.027,0.027,-1,Echolocation,/mnt/ubna_data_01_mir/recover-20220825/UBNA_002/20220823_033000.WAV,Telephone Field,recover-20220825,002,1795
488.3055,488.3441,68437,81711,Rhinolophus ferrumequinum,0.021,0.021,-1,Echolocation,/mnt/ubna_data_01_mir/recover-20220825/UBNA_002/20220823_033000.WAV,Telephone Field,recover-20220825,002,1795
488.3355,488.3455,28046,35924,Eptesicus serotinus,0.009,0.022,-1,Echolocation,/mnt/ubna_data_01_mir/recover-20220825/UBNA_002/20220823_033000.WAV,Telephone Field,recover-20220825,002,1795
488.3545,488.3926,68437,81858,Rhinolophus ferrumequinum,0.021,0.022,-1,Echolocation,/mnt/ubna_data_01_mir/recover-20220825/UBNA_002/20220823_033000.WAV,Telephone Field,recover-20220825,002,1795
488.4485,488.485,68437,81114,Rhinolophus ferrumequinum,0.022,0.022,-1,Echolocation,/mnt/ubna_data_01_mir/recover-20220825/UBNA_002/20220823_033000.WAV,Telephone Field,recover-20220825,002,1795
488.4685,488.4771,28046,38770,Eptesicus serotinus,0.008,0.024,-1,Echolocation,/mnt/ubna_data_01_mir/recover-20220825/UBNA_002/20220823_033000.WAV,Telephone Field,recover-20220825,002,1795
488.4795,488.5224,68437,83471,Rhinolophus ferrumequinum,0.047,0.047,-1,Echolocation,/mnt/ubna_data_01_mir/recover-20220825/UBNA_002/20220823_033000.WAV,Telephone Field,recover-20220825,002,1795
488.5225,488.5601,68437,82341,Rhinolophus ferrumequinum,0.024,0.024,-1,Echolocation,/mnt/ubna_data_01_mir/recover-20220825/UBNA_002/20220823_033000.WAV,Telephone Field,recover-20220825,002,1795
488.5255,488.5366,23750,29481,Nyctalus leisleri,0.009,0.021,-1,Echolocation,/mnt/ubna_data_01_mir/recover-20220825/UBNA_002/20220823_033000.WAV,Telephone Field,recover-20220825,002,1795
488.5405,488.5478,27187,37418,Eptesicus serotinus,0.007,0.022,-1,Echolocation,/mnt/ubna_data_01_mir/recover-20220825/UBNA_002/20220823_033000.WAV,Telephone Field,recover-20220825,002,1795
488.5505,488.5586,25468,34405,Eptesicus serotinus,0.009,0.027,-1,Echolocation,/mnt/ubna_data_01_mir/recover-20220825/UBNA_002/20220823_033000.WAV,Telephone Field,recover-20220825,002,1795
488.5615,488.5743,22890,26415,Nyctalus leisleri,0.014,0.023,-1,Echolocation,/mnt/ubna_data_01_mir/recover-20220825/UBNA_002/20220823_033000.WAV,Telephone Field,recover-20220825,002,1795
488.5735,488.6125,68437,82145,Rhinolophus ferrumequinum,0.021,0.021,-1,Echolocation,/mnt/ubna_data_01_mir/recover-20220825/UBNA_002/20220823_033000.WAV,Telephone Field,recover-20220825,002,1795
488.5825,488.5874,34062,48196,Myotis daubentonii,0.007,0.021,-1,Echolocation,/mnt/ubna_data_01_mir/recover-20220825/UBNA_002/20220823_033000.WAV,Telephone Field,recover-20220825,002,1795
488.5835,488.5893,24609,40012,Plecotus austriacus,0.013,0.033,-1,Echolocation,/mnt/ubna_data_01_mir/recover-20220825/UBNA_002/20220823_033000.WAV,Telephone Field,recover-20220825,002,1795
488.6265,488.661,68437,81520,Rhinolophus ferrumequinum,0.03,0.031,-1,Echolocation,/mnt/ubna_data_01_mir/recover-20220825/UBNA_002/20220823_033000.WAV,Telephone Field,recover-20220825,002,1795
488.6835,488.7203,68437,81699,Rhinolophus ferrumequinum,0.021,0.021,-1,Echolocation,/mnt/ubna_data_01_mir/recover-20220825/UBNA_002/20220823_033000.WAV,Telephone Field,recover-20220825,002,1795
488.6935,488.7033,23750,30167,Nyctalus leisleri,0.008,0.022,-1,Echolocation,/mnt/ubna_data_01_mir/recover-20220825/UBNA_002/20220823_033000.WAV,Telephone Field,recover-20220825,002,1795
488.6975,488.7374,68437,82428,Rhinolophus ferrumequinum,0.024,0.024,-1,Echolocation,/mnt/ubna_data_01_mir/recover-20220825/UBNA_002/20220823_033000.WAV,Telephone Field,recover-20220825,002,1795
488.7425,488.7784,68437,81515,Rhinolophus ferrumequinum,0.022,0.022,-1,Echolocation,/mnt/ubna_data_01_mir/recover-20220825/UBNA_002/20220823_033000.WAV,Telephone Field,recover-20220825,002,1795
488.7555,488.7666,25468,32411,Eptesicus serotinus,0.009,0.024,-1,Echolocation,/mnt/ubna_data_01_mir/recover-20220825/UBNA_002/20220823_033000.WAV,Telephone Field,recover-20220825,002,1795
488.7695,488.7814,24609,30079,Nyctalus leisleri,0.01,0.023,-1,Echolocation,/mnt/ubna_data_01_mir/recover-20220825/UBNA_002/20220823_033000.WAV,Telephone Field,recover-20220825,002,1795
488.7815,488.8198,68437,82390,Rhinolophus ferrumequinum,0.027,0.027,-1,Echolocation,/mnt/ubna_data_01_mir/recover-20220825/UBNA_002/20220823_033000.WAV,Telephone Field,recover-20220825,002,1795
488.8295,488.8711,68437,82798,Rhinolophus ferrumequinum,0.029,0.029,-1,Echolocation,/mnt/ubna_data_01_mir/recover-20220825/UBNA_002/20220823_033000.WAV,Telephone Field,recover-20220825,002,1795
488.8315,488.8391,28046,42016,Eptesicus serotinus,0.007,0.022,-1,Echolocation,/mnt/ubna_data_01_mir/recover-20220825/UBNA_002/20220823_033000.WAV,Telephone Field,recover-20220825,002,1795
488.8515,488.8905,68437,82334,Rhinolophus ferrumequinum,0.026,0.026,-1,Echolocation,/mnt/ubna_data_01_mir/recover-20220825/UBNA_002/20220823_033000.WAV,Telephone Field,recover-20220825,002,1795
488.8575,488.8681,23750,29784,Nyctalus leisleri,0.01,0.024,-1,Echolocation,/mnt/ubna_data_01_mir/recover-20220825/UBNA_002/20220823_033000.WAV,Telephone Field,recover-20220825,002,1795
488.8705,488.8808,22890,28772,Nyctalus leisleri,0.009,0.024,-1,Echolocation,/mnt/ubna_data_01_mir/recover-20220825/UBNA_002/20220823_033000.WAV,Telephone Field,recover-20220825,002,1795
488.8745,488.914,68437,81743,Rhinolophus ferrumequinum,0.023,0.023,-1,Echolocation,/mnt/ubna_data_01_mir/recover-20220825/UBNA_002/20220823_033000.WAV,Telephone Field,recover-20220825,002,1795
488.8845,488.8922,28906,38767,Eptesicus serotinus,0.007,0.024,-1,Echolocation,/mnt/ubna_data_01_mir/recover-20220825/UBNA_002/20220823_033000.WAV,Telephone Field,recover-20220825,002,1795
488.9305,488.9664,68437,81012,Rhinolophus ferrumequinum,0.022,0.022,-1,Echolocation,/mnt/ubna_data_01_mir/recover-20220825/UBNA_002/20220823_033000.WAV,Telephone Field,recover-20220825,002,1795
488.9475,488.9862,68437,81672,Rhinolophus ferrumequinum,0.021,0.021,-1,Echolocation,/mnt/ubna_data_01_mir/recover-20220825/UBNA_002/20220823_033000.WAV,Telephone Field,recover-20220825,002,1795
488.9825,489.0198,68437,82039,Rhinolophus ferrumequinum,0.021,0.021,-1,Echolocation,/mnt/ubna_data_01_mir/recover-20220825/UBNA_002/20220823_033000.WAV,Telephone Field,recover-20220825,002,1795
488.9975,489.0379,68437,82402,Rhinolophus ferrumequinum,0.023,0.023,-1,Echolocation,/mnt/ubna_data_01_mir/recover-20220825/UBNA_002/20220823_033000.WAV,Telephone Field,recover-20220825,002,1795
488.9995,489.0065,28046,39492,Eptesicus serotinus,0.007,0.025,-1,Echolocation,/mnt/ubna_data_01_mir/recover-20220825/UBNA_002/20220823_033000.WAV,Telephone Field,recover-20220825,002,1795
489.0055,489.0474,68437,82810,Rhinolophus ferrumequinum,0.024,0.024,-1,Echolocation,/mnt/ubna_data_01_mir/recover-20220825/UBNA_002/20220823_033000.WAV,Telephone Field,recover-20220825,002,1795
489.0295,489.0664,68437,82122,Rhinolophus ferrumequinum,0.022,0.022,-1,Echolocation,/mnt/ubna_data_01_mir/recover-20220825/UBNA_002/20220823_033000.WAV,Telephone Field,recover-20220825,002,1795
489.0465,489.0577,22890,27661,Nyctalus leisleri,0.012,0.023,-1,Echolocation,/mnt/ubna_data_01_mir/recover-20220825/UBNA_002/20220823_033000.WAV,Telephone Field,recover-20220825,002,1795
489.0625,489.0714,40078,47718,Pipistrellus nathusii,0.008,0.021,-1,Echolocation,/mnt/ubna_data_01_mir/recover-20220825/UBNA_002/20220823_033000.WAV,Telephone Field,recover-20220825,002,1795
489.0785,489.1177,68437,82340,Rhinolophus ferrumequinum,0.026,0.026,-1,Echolocation,/mnt/ubna_data_01_mir/recover-20220825/UBNA_002/20220823_033000.WAV,Telephone Field,recover-20220825,002,1795
489.1145,489.1277,22890,26648,Nyctalus leisleri,0.013,0.022,-1,Echolocation,/mnt/ubna_data_01_mir/recover-20220825/UBNA_002/20220823_033000.WAV,Telephone Field,recover-20220825,002,1795
489.1165,489.1574,68437,82384,Rhinolophus ferrumequinum,0.022,0.022,-1,Echolocation,/mnt/ubna_data_01_mir/recover-20220825/UBNA_002/20220823_033000.WAV,Telephone Field,recover-20220825,002,1795
489.1335,489.1705,68437,81613,Rhinolophus ferrumequinum,0.022,0.022,-1,Echolocation,/mnt/ubna_data_01_mir/recover-20220825/UBNA_002/20220823_033000.WAV,Telephone Field,recover-20220825,002,1795
489.1405,489.1757,68437,80716,Rhinolophus ferrumequinum,0.023,0.023,-1,Echolocation,/mnt/ubna_data_01_mir/recover-20220825/UBNA_002/20220823_033000.WAV,Telephone Field,recover-20220825,002,1795
489.1415,489.1521,24609,30564,Nyctalus leisleri,0.011,0.026,-1,Echolocation,/mnt/ubna_data_01_mir/recover-20220825/UBNA_002/20220823_033000.WAV,Telephone Field,recover-20220825,002,1795
489.1615,489.1684,24609,33940,Plecotus austriacus,0.009,0.023,-1,Echolocation,/mnt/ubna_data_01_mir/recover-20220825/UBNA_002/20220823_033000.WAV,Telephone Field,recover-20220825,002,1795
489.1705,489.20889999999997,68437,81641,Rhinolophus ferrumequinum,0.021,0.021,-1,Echolocation,/mnt/ubna_data_01_mir/recover-20220825/UBNA_002/20220823_033000.WAV,Telephone Field,recover-20220825,002,1795
489.1905,489.2034,23750,29291,Nyctalus leisleri,0.014,0.03,-1,Echolocation,/mnt/ubna_data_01_mir/recover-20220825/UBNA_002/20220823_033000.WAV,Telephone Field,recover-20220825,002,1795
489.1985,489.2371,68437,81877,Rhinolophus ferrumequinum,0.023,0.023,-1,Echolocation,/mnt/ubna_data_01_mir/recover-20220825/UBNA_002/20220823_033000.WAV,Telephone Field,recover-20220825,002,1795
489.1985,489.2109,23750,28804,Nyctalus leisleri,0.013,0.028,-1,Echolocation,/mnt/ubna_data_01_mir/recover-20220825/UBNA_002/20220823_033000.WAV,Telephone Field,recover-20220825,002,1795
489.2505,489.2917,68437,83326,Rhinolophus ferrumequinum,0.026,0.026,-1,Echolocation,/mnt/ubna_data_01_mir/recover-20220825/UBNA_002/20220823_033000.WAV,Telephone Field,recover-20220825,002,1795
489.2825,489.32280000000003,68437,82162,Rhinolophus ferrumequinum,0.023,0.023,-1,Echolocation,/mnt/ubna_data_01_mir/recover-20220825/UBNA_002/20220823_033000.WAV,Telephone Field,recover-20220825,002,1795
489.2845,489.2901,34062,45534,Myotis daubentonii,0.011,0.035,-1,Echolocation,/mnt/ubna_data_01_mir/recover-20220825/UBNA_002/20220823_033000.WAV,Telephone Field,recover-20220825,002,1795
489.2865,489.2934,28046,43939,Eptesicus serotinus,0.007,0.026,-1,Echolocation,/mnt/ubna_data_01_mir/recover-20220825/UBNA_002/20220823_033000.WAV,Telephone Field,recover-20220825,002,1795
489.3485,489.3591,28906,37099,Eptesicus serotinus,0.01,0.022,-1,Echolocation,/mnt/ubna_data_01_mir/recover-20220825/UBNA_002/20220823_033000.WAV,Telephone Field,recover-20220825,002,1795
489.3695,489.40840000000003,68437,82103,Rhinolophus ferrumequinum,0.026,0.026,-1,Echolocation,/mnt/ubna_data_01_mir/recover-20220825/UBNA_002/20220823_033000.WAV,Telephone Field,recover-20220825,002,1795
489.3945,489.4323,68437,81608,Rhinolophus ferrumequinum,0.021,0.021,-1,Echolocation,/mnt/ubna_data_01_mir/recover-20220825/UBNA_002/20220823_033000.WAV,Telephone Field,recover-20220825,002,1795
489.4175,489.4255,28046,38711,Eptesicus serotinus,0.007,0.022,-1,Echolocation,/mnt/ubna_data_01_mir/recover-20220825/UBNA_002/20220823_033000.WAV,Telephone Field,recover-20220825,002,1795
489.4395,489.4499,22890,27541,Nyctalus leisleri,0.011,0.022,-1,Echolocation,/mnt/ubna_data_01_mir/recover-20220825/UBNA_002/20220823_033000.WAV,Telephone Field,recover-20220825,002,1795
489.4825,489.5211,68437,82775,Rhinolophus ferrumequinum,0.029,0.029,-1,Echolocation,/mnt/ubna_data_01_mir/recover-20220825/UBNA_002/20220823_033000.WAV,Telephone Field,recover-20220825,002,1795
489.4965,489.5349,68437,81730,Rhinolophus ferrumequinum,0.027,0.027,-1,Echolocation,/mnt/ubna_data_01_mir/recover-20220825/UBNA_002/20220823_033000.WAV,Telephone Field,recover-20220825,002,1795
489.5005,489.511,27187,36615,Eptesicus serotinus,0.009,0.022,-1,Echolocation,/mnt/ubna_data_01_mir/recover-20220825/UBNA_002/20220823_033000.WAV,Telephone Field,recover-20220825,002,1795
489.5105,489.5465,68437,82170,Rhinolophus ferrumequinum,0.022,0.022,-1,Echolocation,/mnt/ubna_data_01_mir/recover-20220825/UBNA_002/20220823_033000.WAV,Telephone Field,recover-20220825,002,1795
489.5315,489.5673,68437,81745,Rhinolophus ferrumequinum,0.021,0.021,-1,Echolocation,/mnt/ubna_data_01_mir/recover-20220825/UBNA_002/20220823_033000.WAV,Telephone Field,recover-20220825,002,1795
489.5475,489.5578,27187,35972,Eptesicus serotinus,0.01,0.022,-1,Echolocation,/mnt/ubna_data_01_mir/recover-20220825/UBNA_002/20220823_033000.WAV,Telephone Field,recover-20220825,002,1795
489.5675,489.6075,68437,82447,Rhinolophus ferrumequinum,0.027,0.027,-1,Echolocation,/mnt/ubna_data_01_mir/recover-20220825/UBNA_002/20220823_033000.WAV,Telephone Field,recover-20220825,002,1795
489.6075,489.6476,68437,82742,Rhinolophus ferrumequinum,0.022,0.022,-1,Echolocation,/mnt/ubna_data_01_mir/recover-20220825/UBNA_002/20220823_033000.WAV,Telephone Field,recover-20220825,002,1795
489.6165,489.6567,68437,82996,Rhinolophus ferrumequinum,0.023,0.023,-1,Echolocation,/mnt/ubna_data_01_mir/recover-20220825/UBNA_002/20220823_033000.WAV,Telephone Field,recover-20220825,002,1795
489.6235,489.6646,68437,82632,Rhinolophus ferrumequinum,0.021,0.021,-1,Echolocation,/mnt/ubna_data_01_mir/recover-20220825/UBNA_002/20220823_033000.WAV,Telephone Field,recover-20220825,002,1795
489.6345,489.6751,68437,83004,Rhinolophus ferrumequinum,0.025,0.025,-1,Echolocation,/mnt/ubna_data_01_mir/recover-20220825/UBNA_002/20220823_033000.WAV,Telephone Field,recover-20220825,002,1795
489.6405,489.6811,68437,82771,Rhinolophus ferrumequinum,0.023,0.023,-1,Echolocation,/mnt/ubna_data_01_mir/recover-20220825/UBNA_002/20220823_033000.WAV,Telephone Field,recover-20220825,002,1795
489.6705,489.707,68437,81393,Rhinolophus ferrumequinum,0.025,0.025,-1,Echolocation,/mnt/ubna_data_01_mir/recover-20220825/UBNA_002/20220823_033000.WAV,Telephone Field,recover-20220825,002,1795
489.6815,489.7217,68437,82875,Rhinolophus ferrumequinum,0.027,0.027,-1,Echolocation,/mnt/ubna_data_01_mir/recover-20220825/UBNA_002/20220823_033000.WAV,Telephone Field,recover-20220825,002,1795
489.6885,489.7285,68437,82886,Rhinolophus ferrumequinum,0.024,0.024,-1,Echolocation,/mnt/ubna_data_01_mir/recover-20220825/UBNA_002/20220823_033000.WAV,Telephone Field,recover-20220825,002,1795
489.7135,489.722,27187,35545,Eptesicus serotinus,0.008,0.021,-1,Echolocation,/mnt/ubna_data_01_mir/recover-20220825/UBNA_002/20220823_033000.WAV,Telephone Field,recover-20220825,002,1795
489.7295,489.7684,68437,81934,Rhinolophus ferrumequinum,0.022,0.022,-1,Echolocation,/mnt/ubna_data_01_mir/recover-20220825/UBNA_002/20220823_033000.WAV,Telephone Field,recover-20220825,002,1795
489.7845,489.8273,68437,83198,Rhinolophus ferrumequinum,0.033,0.033,-1,Echolocation,/mnt/ubna_data_01_mir/recover-20220825/UBNA_002/20220823_033000.WAV,Telephone Field,recover-20220825,002,1795
489.8095,489.8474,68437,81681,Rhinolophus ferrumequinum,0.021,0.021,-1,Echolocation,/mnt/ubna_data_01_mir/recover-20220825/UBNA_002/20220823_033000.WAV,Telephone Field,recover-20220825,002,1795
489.91949999999997,489.9307,22031,26343,Nyctalus leisleri,0.012,0.022,-1,Echolocation,/mnt/ubna_data_01_mir/recover-20220825/UBNA_002/20220823_033000.WAV,Telephone Field,recover-20220825,002,1795
489.9345,489.9436,24609,31426,Nyctalus leisleri,0.007,0.022,-1,Echolocation,/mnt/ubna_data_01_mir/recover-20220825/UBNA_002/20220823_033000.WAV,Telephone Field,recover-20220825,002,1795
489.9465,489.9846,68437,81930,Rhinolophus ferrumequinum,0.021,0.021,-1,Echolocation,/mnt/ubna_data_01_mir/recover-20220825/UBNA_002/20220823_033000.WAV,Telephone Field,recover-20220825,002,1795
490.0015,490.0077,39218,55332,Myotis daubentonii,0.01,0.024,-1,Echolocation,/mnt/ubna_data_01_mir/recover-20220825/UBNA_002/20220823_033000.WAV,Telephone Field,recover-20220825,002,1795
490.0015,490.0077,47812,52470,Pipistrellus pipistrellus,0.015,0.023,-1,Echolocation,/mnt/ubna_data_01_mir/recover-20220825/UBNA_002/20220823_033000.WAV,Telephone Field,recover-20220825,002,1795
490.0015,490.0299,69296,81301,Rhinolophus ferrumequinum,0.04,0.04,-1,Echolocation,/mnt/ubna_data_01_mir/recover-20220825/UBNA_002/20220823_033000.WAV,Telephone Field,recover-20220825,002,1795
490.0015,490.0108,23750,30187,Nyctalus leisleri,0.019,0.044,-1,Echolocation,/mnt/ubna_data_01_mir/recover-20220825/UBNA_002/20220823_033000.WAV,Telephone Field,recover-20220825,002,1795
490.0155,490.0232,27187,37092,Eptesicus serotinus,0.009,0.028,-1,Echolocation,/mnt/ubna_data_01_mir/recover-20220825/UBNA_002/20220823_033000.WAV,Telephone Field,recover-20220825,002,1795
490.0505,490.0618,22890,27186,Nyctalus leisleri,0.013,0.023,-1,Echolocation,/mnt/ubna_data_01_mir/recover-20220825/UBNA_002/20220823_033000.WAV,Telephone Field,recover-20220825,002,1795
490.0745,490.0897,23750,29621,Nyctalus leisleri,0.017,0.039,-1,Echolocation,/mnt/ubna_data_01_mir/recover-20220825/UBNA_002/20220823_033000.WAV,Telephone Field,recover-20220825,002,1795
490.1255,490.1615,68437,81664,Rhinolophus ferrumequinum,0.023,0.023,-1,Echolocation,/mnt/ubna_data_01_mir/recover-20220825/UBNA_002/20220823_033000.WAV,Telephone Field,recover-20220825,002,1795
490.1545,490.1971,68437,83469,Rhinolophus ferrumequinum,0.035,0.035,-1,Echolocation,/mnt/ubna_data_01_mir/recover-20220825/UBNA_002/20220823_033000.WAV,Telephone Field,recover-20220825,002,1795
490.1655,490.1704,40937,55373,Myotis mystacinus,0.009,0.033,-1,Echolocation,/mnt/ubna_data_01_mir/recover-20220825/UBNA_002/20220823_033000.WAV,Telephone Field,recover-20220825,002,1795
490.1665,490.1717,29765,55623,Myotis daubentonii,0.024,0.038,-1,Echolocation,/mnt/ubna_data_01_mir/recover-20220825/UBNA_002/20220823_033000.WAV,Telephone Field,recover-20220825,002,1795
490.1705,490.2085,68437,82117,Rhinolophus ferrumequinum,0.023,0.024,-1,Echolocation,/mnt/ubna_data_01_mir/recover-20220825/UBNA_002/20220823_033000.WAV,Telephone Field,recover-20220825,002,1795
490.1785,490.1899,27187,32700,Eptesicus serotinus,0.013,0.026,-1,Echolocation,/mnt/ubna_data_01_mir/recover-20220825/UBNA_002/20220823_033000.WAV,Telephone Field,recover-20220825,002,1795
490.1915,490.2278,68437,81763,Rhinolophus ferrumequinum,0.023,0.023,-1,Echolocation,/mnt/ubna_data_01_mir/recover-20220825/UBNA_002/20220823_033000.WAV,Telephone Field,recover-20220825,002,1795
490.1955,490.2027,23750,35582,Myotis nattereri,0.007,0.023,-1,Echolocation,/mnt/ubna_data_01_mir/recover-20220825/UBNA_002/20220823_033000.WAV,Telephone Field,recover-20220825,002,1795
490.2155,490.2208,35781,50584,Myotis daubentonii,0.054,0.083,-1,Echolocation,/mnt/ubna_data_01_mir/recover-20220825/UBNA_002/20220823_033000.WAV,Telephone Field,recover-20220825,002,1795
490.2395,490.2499,25468,32900,Eptesicus serotinus,0.011,0.027,-1,Echolocation,/mnt/ubna_data_01_mir/recover-20220825/UBNA_002/20220823_033000.WAV,Telephone Field,recover-20220825,002,1795
490.2625,490.3061,68437,83204,Rhinolophus ferrumequinum,0.041,0.041,-1,Echolocation,/mnt/ubna_data_01_mir/recover-20220825/UBNA_002/20220823_033000.WAV,Telephone Field,recover-20220825,002,1795
490.3075,490.3146,29765,48591,Myotis daubentonii,0.023,0.044,-1,Echolocation,/mnt/ubna_data_01_mir/recover-20220825/UBNA_002/20220823_033000.WAV,Telephone Field,recover-20220825,002,1795
490.3085,490.3142,38359,48602,Myotis daubentonii,0.033,0.062,-1,Echolocation,/mnt/ubna_data_01_mir/recover-20220825/UBNA_002/20220823_033000.WAV,Telephone Field,recover-20220825,002,1795
490.33050000000003,490.3711,68437,82298,Rhinolophus ferrumequinum,0.026,0.026,-1,Echolocation,/mnt/ubna_data_01_mir/recover-20220825/UBNA_002/20220823_033000.WAV,Telephone Field,recover-20220825,002,1795
490.3545,490.3596,40078,58081,Myotis brandtii,0.01,0.032,-1,Echolocation,/mnt/ubna_data_01_mir/recover-20220825/UBNA_002/20220823_033000.WAV,Telephone Field,recover-20220825,002,1795
490.3945,490.401,37500,45591,Barbastellus barbastellus,0.079,0.177,-1,Echolocation,/mnt/ubna_data_01_mir/recover-20220825/UBNA_002/20220823_033000.WAV,Telephone Field,recover-20220825,002,1795
490.4015,490.4446,68437,83015,Rhinolophus ferrumequinum,0.033,0.033,-1,Echolocation,/mnt/ubna_data_01_mir/recover-20220825/UBNA_002/20220823_033000.WAV,Telephone Field,recover-20220825,002,1795
490.4465,490.4537,28046,38223,Eptesicus serotinus,0.007,0.027,-1,Echolocation,/mnt/ubna_data_01_mir/recover-20220825/UBNA_002/20220823_033000.WAV,Telephone Field,recover-20220825,002,1795
490.4745,490.5076,68437,81566,Rhinolophus ferrumequinum,0.023,0.023,-1,Echolocation,/mnt/ubna_data_01_mir/recover-20220825/UBNA_002/20220823_033000.WAV,Telephone Field,recover-20220825,002,1795
490.4785,490.4839,33203,63650,Myotis brandtii,0.013,0.03,-1,Echolocation,/mnt/ubna_data_01_mir/recover-20220825/UBNA_002/20220823_033000.WAV,Telephone Field,recover-20220825,002,1795
490.4795,490.4846,41796,58930,Myotis mystacinus,0.013,0.035,-1,Echolocation,/mnt/ubna_data_01_mir/recover-20220825/UBNA_002/20220823_033000.WAV,Telephone Field,recover-20220825,002,1795
490.4905,490.5004,28046,35890,Eptesicus serotinus,0.011,0.024,-1,Echolocation,/mnt/ubna_data_01_mir/recover-20220825/UBNA_002/20220823_033000.WAV,Telephone Field,recover-20220825,002,1795
490.4995,490.5319,68437,81635,Rhinolophus ferrumequinum,0.024,0.024,-1,Echolocation,/mnt/ubna_data_01_mir/recover-20220825/UBNA_002/20220823_033000.WAV,Telephone Field,recover-20220825,002,1795
490.5015,490.5081,46953,51574,Pipistrellus pipistrellus,0.038,0.039,-1,Echolocation,/mnt/ubna_data_01_mir/recover-20220825/UBNA_002/20220823_033000.WAV,Telephone Field,recover-20220825,002,1795
490.5115,490.5293,20312,23155,Nyctalus leisleri,0.014,0.024,-1,Echolocation,/mnt/ubna_data_01_mir/recover-20220825/UBNA_002/20220823_033000.WAV,Telephone Field,recover-20220825,002,1795
490.5285,490.5679,68437,82228,Rhinolophus ferrumequinum,0.023,0.023,-1,Echolocation,/mnt/ubna_data_01_mir/recover-20220825/UBNA_002/20220823_033000.WAV,Telephone Field,recover-20220825,002,1795
490.5505,490.5874,68437,81828,Rhinolophus ferrumequinum,0.023,0.023,-1,Echolocation,/mnt/ubna_data_01_mir/recover-20220825/UBNA_002/20220823_033000.WAV,Telephone Field,recover-20220825,002,1795
490.5555,490.5629,27187,36874,Eptesicus serotinus,0.008,0.026,-1,Echolocation,/mnt/ubna_data_01_mir/recover-20220825/UBNA_002/20220823_033000.WAV,Telephone Field,recover-20220825,002,1795
490.5655,490.6049,68437,82418,Rhinolophus ferrumequinum,0.023,0.023,-1,Echolocation,/mnt/ubna_data_01_mir/recover-20220825/UBNA_002/20220823_033000.WAV,Telephone Field,recover-20220825,002,1795
490.5745,490.5807,40078,48275,Pipistrellus nathusii,0.105,0.198,-1,Echolocation,/mnt/ubna_data_01_mir/recover-20220825/UBNA_002/20220823_033000.WAV,Telephone Field,recover-20220825,002,1795
490.6145,490.625,28046,35587,Eptesicus serotinus,0.012,0.026,-1,Echolocation,/mnt/ubna_data_01_mir/recover-20220825/UBNA_002/20220823_033000.WAV,Telephone Field,recover-20220825,002,1795
490.6215,490.6585,68437,82263,Rhinolophus ferrumequinum,0.023,0.023,-1,Echolocation,/mnt/ubna_data_01_mir/recover-20220825/UBNA_002/20220823_033000.WAV,Telephone Field,recover-20220825,002,1795
490.6335,490.6438,25468,34047,Eptesicus serotinus,0.01,0.024,-1,Echolocation,/mnt/ubna_data_01_mir/recover-20220825/UBNA_002/20220823_033000.WAV,Telephone Field,recover-20220825,002,1795
490.6435,490.6546,23750,29944,Nyctalus leisleri,0.014,0.036,-1,Echolocation,/mnt/ubna_data_01_mir/recover-20220825/UBNA_002/20220823_033000.WAV,Telephone Field,recover-20220825,002,1795
490.6625,490.6728,28046,35659,Eptesicus serotinus,0.01,0.023,-1,Echolocation,/mnt/ubna_data_01_mir/recover-20220825/UBNA_002/20220823_033000.WAV,Telephone Field,recover-20220825,002,1795
490.6705,490.682,22890,28020,Nyctalus leisleri,0.011,0.022,-1,Echolocation,/mnt/ubna_data_01_mir/recover-20220825/UBNA_002/20220823_033000.WAV,Telephone Field,recover-20220825,002,1795
490.6785,490.7189,68437,82261,Rhinolophus ferrumequinum,0.028,0.028,-1,Echolocation,/mnt/ubna_data_01_mir/recover-20220825/UBNA_002/20220823_033000.WAV,Telephone Field,recover-20220825,002,1795
490.7785,490.8244,68437,83662,Rhinolophus ferrumequinum,0.063,0.063,-1,Echolocation,/mnt/ubna_data_01_mir/recover-20220825/UBNA_002/20220823_033000.WAV,Telephone Field,recover-20220825,002,1795
490.8075,490.8143,44375,54591,Pipistrellus pipistrellus,0.011,0.024,-1,Echolocation,/mnt/ubna_data_01_mir/recover-20220825/UBNA_002/20220823_033000.WAV,Telephone Field,recover-20220825,002,1795
490.8445,490.8517,26328,40243,Eptesicus serotinus,0.007,0.023,-1,Echolocation,/mnt/ubna_data_01_mir/recover-20220825/UBNA_002/20220823_033000.WAV,Telephone Field,recover-20220825,002,1795
490.8475,490.853,40937,57998,Myotis brandtii,0.01,0.031,-1,Echolocation,/mnt/ubna_data_01_mir/recover-20220825/UBNA_002/20220823_033000.WAV,Telephone Field,recover-20220825,002,1795
490.8595,490.8687,34062,41311,Myotis daubentonii,0.008,0.025,-1,Echolocation,/mnt/ubna_data_01_mir/recover-20220825/UBNA_002/20220823_033000.WAV,Telephone Field,recover-20220825,002,1795
490.8605,490.8686,27187,37038,Eptesicus serotinus,0.01,0.031,-1,Echolocation,/mnt/ubna_data_01_mir/recover-20220825/UBNA_002/20220823_033000.WAV,Telephone Field,recover-20220825,002,1795
490.8675,490.9113,68437,83267,Rhinolophus ferrumequinum,0.025,0.025,-1,Echolocation,/mnt/ubna_data_01_mir/recover-20220825/UBNA_002/20220823_033000.WAV,Telephone Field,recover-20220825,002,1795
490.9775,491.0141,68437,81967,Rhinolophus ferrumequinum,0.023,0.023,-1,Echolocation,/mnt/ubna_data_01_mir/recover-20220825/UBNA_002/20220823_033000.WAV,Telephone Field,recover-20220825,002,1795
490.9885,490.9974,49531,54806,Pipistrellus pipistrellus,0.025,0.031,-1,Echolocation,/mnt/ubna_data_01_mir/recover-20220825/UBNA_002/20220823_033000.WAV,Telephone Field,recover-20220825,002,1795
491.0135,491.0225,28046,37261,Eptesicus serotinus,0.01,0.024,-1,Echolocation,/mnt/ubna_data_01_mir/recover-20220825/UBNA_002/20220823_033000.WAV,Telephone Field,recover-20220825,002,1795
491.0875,491.1239,68437,81696,Rhinolophus ferrumequinum,0.023,0.023,-1,Echolocation,/mnt/ubna_data_01_mir/recover-20220825/UBNA_002/20220823_033000.WAV,Telephone Field,recover-20220825,002,1795
491.1095,491.1198,24609,31039,Nyctalus leisleri,0.01,0.026,-1,Echolocation,/mnt/ubna_data_01_mir/recover-20220825/UBNA_002/20220823_033000.WAV,Telephone Field,recover-20220825,002,1795
491.1385,491.1478,28046,37371,Eptesicus serotinus,0.008,0.025,-1,Echolocation,/mnt/ubna_data_01_mir/recover-20220825/UBNA_002/20220823_033000.WAV,Telephone Field,recover-20220825,002,1795
491.1535,491.1941,68437,82068,Rhinolophus ferrumequinum,0.022,0.022,-1,Echolocation,/mnt/ubna_data_01_mir/recover-20220825/UBNA_002/20220823_033000.WAV,Telephone Field,recover-20220825,002,1795
491.1555,491.162,49531,56957,Pipistrellus pipistrellus,0.022,0.026,-1,Echolocation,/mnt/ubna_data_01_mir/recover-20220825/UBNA_002/20220823_033000.WAV,Telephone Field,recover-20220825,002,1795
491.1715,491.1918,17734,21511,Nyctalus noctula,0.016,0.025,-1,Echolocation,/mnt/ubna_data_01_mir/recover-20220825/UBNA_002/20220823_033000.WAV,Telephone Field,recover-20220825,002,1795
491.2535,491.2594,38359,58667,Myotis brandtii,0.01,0.023,-1,Echolocation,/mnt/ubna_data_01_mir/recover-20220825/UBNA_002/20220823_033000.WAV,Telephone Field,recover-20220825,002,1795
491.2535,491.2606,26328,38418,Eptesicus serotinus,0.007,0.024,-1,Echolocation,/mnt/ubna_data_01_mir/recover-20220825/UBNA_002/20220823_033000.WAV,Telephone Field,recover-20220825,002,1795
491.2715,491.27909999999997,23750,33062,Plecotus austriacus,0.011,0.028,-1,Echolocation,/mnt/ubna_data_01_mir/recover-20220825/UBNA_002/20220823_033000.WAV,Telephone Field,recover-20220825,002,1795
491.3835,491.4214,68437,82361,Rhinolophus ferrumequinum,0.023,0.023,-1,Echolocation,/mnt/ubna_data_01_mir/recover-20220825/UBNA_002/20220823_033000.WAV,Telephone Field,recover-20220825,002,1795
491.4165,491.42719999999997,48671,52995,Pipistrellus pipistrellus,0.023,0.029,-1,Echolocation,/mnt/ubna_data_01_mir/recover-20220825/UBNA_002/20220823_033000.WAV,Telephone Field,recover-20220825,002,1795
491.4215,491.4317,27187,35041,Eptesicus serotinus,0.013,0.03,-1,Echolocation,/mnt/ubna_data_01_mir/recover-20220825/UBNA_002/20220823_033000.WAV,Telephone Field,recover-20220825,002,1795
491.4635,491.4702,25468,39304,Myotis nattereri,0.007,0.027,-1,Echolocation,/mnt/ubna_data_01_mir/recover-20220825/UBNA_002/20220823_033000.WAV,Telephone Field,recover-20220825,002,1795
491.4805,491.4869,51250,60209,Pipistrellus pipistrellus,0.018,0.023,-1,Echolocation,/mnt/ubna_data_01_mir/recover-20220825/UBNA_002/20220823_033000.WAV,Telephone Field,recover-20220825,002,1795
491.4805,491.4884,23750,32182,Plecotus austriacus,0.008,0.023,-1,Echolocation,/mnt/ubna_data_01_mir/recover-20220825/UBNA_002/20220823_033000.WAV,Telephone Field,recover-20220825,002,1795
491.5055,491.5419,68437,81781,Rhinolophus ferrumequinum,0.026,0.026,-1,Echolocation,/mnt/ubna_data_01_mir/recover-20220825/UBNA_002/20220823_033000.WAV,Telephone Field,recover-20220825,002,1795
491.5095,491.5207,23750,30008,Nyctalus leisleri,0.009,0.024,-1,Echolocation,/mnt/ubna_data_01_mir/recover-20220825/UBNA_002/20220823_033000.WAV,Telephone Field,recover-20220825,002,1795
491.5165,491.5567,68437,82965,Rhinolophus ferrumequinum,0.024,0.024,-1,Echolocation,/mnt/ubna_data_01_mir/recover-20220825/UBNA_002/20220823_033000.WAV,Telephone Field,recover-20220825,002,1795
491.5785,491.6169,68437,81887,Rhinolophus ferrumequinum,0.028,0.028,-1,Echolocation,/mnt/ubna_data_01_mir/recover-20220825/UBNA_002/20220823_033000.WAV,Telephone Field,recover-20220825,002,1795
491.5935,491.6016,28046,39855,Eptesicus serotinus,0.007,0.023,-1,Echolocation,/mnt/ubna_data_01_mir/recover-20220825/UBNA_002/20220823_033000.WAV,Telephone Field,recover-20220825,002,1795
491.6105,491.648,68437,81862,Rhinolophus ferrumequinum,0.029,0.029,-1,Echolocation,/mnt/ubna_data_01_mir/recover-20220825/UBNA_002/20220823_033000.WAV,Telephone Field,recover-20220825,002,1795
491.6225,491.6612,68437,81866,Rhinolophus ferrumequinum,0.024,0.025,-1,Echolocation,/mnt/ubna_data_01_mir/recover-20220825/UBNA_002/20220823_033000.WAV,Telephone Field,recover-20220825,002,1795
491.6275,491.6373,26328,33817,Eptesicus serotinus,0.01,0.029,-1,Echolocation,/mnt/ubna_data_01_mir/recover-20220825/UBNA_002/20220823_033000.WAV,Telephone Field,recover-20220825,002,1795
491.6465,491.6855,68437,82324,Rhinolophus ferrumequinum,0.023,0.023,-1,Echolocation,/mnt/ubna_data_01_mir/recover-20220825/UBNA_002/20220823_033000.WAV,Telephone Field,recover-20220825,002,1795
491.6875,491.7261,68437,81595,Rhinolophus ferrumequinum,0.022,0.023,-1,Echolocation,/mnt/ubna_data_01_mir/recover-20220825/UBNA_002/20220823_033000.WAV,Telephone Field,recover-20220825,002,1795
491.6905,491.6981,27187,36878,Eptesicus serotinus,0.007,0.026,-1,Echolocation,/mnt/ubna_data_01_mir/recover-20220825/UBNA_002/20220823_033000.WAV,Telephone Field,recover-20220825,002,1795
491.7095,491.7194,44375,53246,Pipistrellus pipistrellus,0.021,0.038,-1,Echolocation,/mnt/ubna_data_01_mir/recover-20220825/UBNA_002/20220823_033000.WAV,Telephone Field,recover-20220825,002,1795
491.7425,491.763,21171,25514,Nyctalus noctula,0.196,0.309,-1,Echolocation,/mnt/ubna_data_01_mir/recover-20220825/UBNA_002/20220823_033000.WAV,Telephone Field,recover-20220825,002,1795
491.7455,491.783,68437,82021,Rhinolophus ferrumequinum,0.022,0.022,-1,Echolocation,/mnt/ubna_data_01_mir/recover-20220825/UBNA_002/20220823_033000.WAV,Telephone Field,recover-20220825,002,1795
491.7575,491.7937,68437,82021,Rhinolophus ferrumequinum,0.028,0.028,-1,Echolocation,/mnt/ubna_data_01_mir/recover-20220825/UBNA_002/20220823_033000.WAV,Telephone Field,recover-20220825,002,1795
491.7765,491.8107,68437,81520,Rhinolophus ferrumequinum,0.034,0.034,-1,Echolocation,/mnt/ubna_data_01_mir/recover-20220825/UBNA_002/20220823_033000.WAV,Telephone Field,recover-20220825,002,1795
491.8095,491.8488,68437,82038,Rhinolophus ferrumequinum,0.031,0.031,-1,Echolocation,/mnt/ubna_data_01_mir/recover-20220825/UBNA_002/20220823_033000.WAV,Telephone Field,recover-20220825,002,1795
491.8395,491.8763,68437,81481,Rhinolophus ferrumequinum,0.023,0.023,-1,Echolocation,/mnt/ubna_data_01_mir/recover-20220825/UBNA_002/20220823_033000.WAV,Telephone Field,recover-20220825,002,1795
491.8425,491.8496,27187,40694,Eptesicus serotinus,0.007,0.024,-1,Echolocation,/mnt/ubna_data_01_mir/recover-20220825/UBNA_002/20220823_033000.WAV,Telephone Field,recover-20220825,002,1795
491.8565,491.8915,68437,81211,Rhinolophus ferrumequinum,0.023,0.023,-1,Echolocation,/mnt/ubna_data_01_mir/recover-20220825/UBNA_002/20220823_033000.WAV,Telephone Field,recover-20220825,002,1795
491.8655,491.8767,28046,36950,Eptesicus serotinus,0.018,0.032,-1,Echolocation,/mnt/ubna_data_01_mir/recover-20220825/UBNA_002/20220823_033000.WAV,Telephone Field,recover-20220825,002,1795
491.8825,491.8921,28046,35549,Eptesicus serotinus,0.01,0.025,-1,Echolocation,/mnt/ubna_data_01_mir/recover-20220825/UBNA_002/20220823_033000.WAV,Telephone Field,recover-20220825,002,1795
491.8935,491.9004,38359,46745,Pipistrellus nathusii,0.129,0.277,-1,Echolocation,/mnt/ubna_data_01_mir/recover-20220825/UBNA_002/20220823_033000.WAV,Telephone Field,recover-20220825,002,1795
491.9045,491.9171,22890,27239,Nyctalus leisleri,0.017,0.031,-1,Echolocation,/mnt/ubna_data_01_mir/recover-20220825/UBNA_002/20220823_033000.WAV,Telephone Field,recover-20220825,002,1795
491.9235,491.9341,28046,36111,Eptesicus serotinus,0.012,0.025,-1,Echolocation,/mnt/ubna_data_01_mir/recover-20220825/UBNA_002/20220823_033000.WAV,Telephone Field,recover-20220825,002,1795
491.9255,491.9641,68437,81621,Rhinolophus ferrumequinum,0.029,0.029,-1,Echolocation,/mnt/ubna_data_01_mir/recover-20220825/UBNA_002/20220823_033000.WAV,Telephone Field,recover-20220825,002,1795
491.9455,491.9552,24609,32040,Eptesicus serotinus,0.007,0.023,-1,Echolocation,/mnt/ubna_data_01_mir/recover-20220825/UBNA_002/20220823_033000.WAV,Telephone Field,recover-20220825,002,1795
491.9835,491.9906,40078,50808,Pipistrellus nathusii,0.549,0.605,-1,Echolocation,/mnt/ubna_data_01_mir/recover-20220825/UBNA_002/20220823_033000.WAV,Telephone Field,recover-20220825,002,1795
491.9855,491.9923,29765,45662,Myotis daubentonii,0.026,0.047,-1,Echolocation,/mnt/ubna_data_01_mir/recover-20220825/UBNA_002/20220823_033000.WAV,Telephone Field,recover-20220825,002,1795
492.0015,492.0129,22031,28015,Nyctalus leisleri,0.016,0.039,-1,Echolocation,/mnt/ubna_data_01_mir/recover-20220825/UBNA_002/20220823_033000.WAV,Telephone Field,recover-20220825,002,1795
492.0015,492.0317,68437,79479,Rhinolophus ferrumequinum,0.06,0.061,-1,Echolocation,/mnt/ubna_data_01_mir/recover-20220825/UBNA_002/20220823_033000.WAV,Telephone Field,recover-20220825,002,1795
492.0015,492.0107,49531,60506,Pipistrellus pipistrellus,0.013,0.026,-1,Echolocation,/mnt/ubna_data_01_mir/recover-20220825/UBNA_002/20220823_033000.WAV,Telephone Field,recover-20220825,002,1795
492.0135,492.0212,27187,36671,Eptesicus serotinus,0.008,0.025,-1,Echolocation,/mnt/ubna_data_01_mir/recover-20220825/UBNA_002/20220823_033000.WAV,Telephone Field,recover-20220825,002,1795
492.0265,492.0377,25468,32590,Eptesicus serotinus,0.011,0.024,-1,Echolocation,/mnt/ubna_data_01_mir/recover-20220825/UBNA_002/20220823_033000.WAV,Telephone Field,recover-20220825,002,1795
492.0395,492.0468,27187,41282,Eptesicus serotinus,0.009,0.03,-1,Echolocation,/mnt/ubna_data_01_mir/recover-20220825/UBNA_002/20220823_033000.WAV,Telephone Field,recover-20220825,002,1795
492.0775,492.0843,55546,65936,Pipistrellus pygmaeus,0.028,0.029,-1,Echolocation,/mnt/ubna_data_01_mir/recover-20220825/UBNA_002/20220823_033000.WAV,Telephone Field,recover-20220825,002,1795
492.0785,492.0854,37500,49993,Pipistrellus nathusii,0.346,0.46,-1,Echolocation,/mnt/ubna_data_01_mir/recover-20220825/UBNA_002/20220823_033000.WAV,Telephone Field,recover-20220825,002,1795
492.0895,492.1013,22890,27438,Nyctalus leisleri,0.015,0.03,-1,Echolocation,/mnt/ubna_data_01_mir/recover-20220825/UBNA_002/20220823_033000.WAV,Telephone Field,recover-20220825,002,1795
492.1015,492.1434,68437,83377,Rhinolophus ferrumequinum,0.04,0.04,-1,Echolocation,/mnt/ubna_data_01_mir/recover-20220825/UBNA_002/20220823_033000.WAV,Telephone Field,recover-20220825,002,1795
492.1235,492.1314,41796,52055,Pipistrellus nathusii,0.01,0.026,-1,Echolocation,/mnt/ubna_data_01_mir/recover-20220825/UBNA_002/20220823_033000.WAV,Telephone Field,recover-20220825,002,1795
492.1305,492.1391,26328,36903,Eptesicus serotinus,0.009,0.024,-1,Echolocation,/mnt/ubna_data_01_mir/recover-20220825/UBNA_002/20220823_033000.WAV,Telephone Field,recover-20220825,002,1795
492.1495,492.1562,36640,46673,Myotis daubentonii,0.008,0.024,-1,Echolocation,/mnt/ubna_data_01_mir/recover-20220825/UBNA_002/20220823_033000.WAV,Telephone Field,recover-20220825,002,1795
492.1515,492.1574,32343,43454,Myotis daubentonii,0.012,0.024,-1,Echolocation,/mnt/ubna_data_01_mir/recover-20220825/UBNA_002/20220823_033000.WAV,Telephone Field,recover-20220825,002,1795
492.1685,492.1747,39218,51762,Pipistrellus nathusii,0.449,0.548,-1,Echolocation,/mnt/ubna_data_01_mir/recover-20220825/UBNA_002/20220823_033000.WAV,Telephone Field,recover-20220825,002,1795
492.1765,492.1827,32343,44019,Myotis daubentonii,0.014,0.026,-1,Echolocation,/mnt/ubna_data_01_mir/recover-20220825/UBNA_002/20220823_033000.WAV,Telephone Field,recover-20220825,002,1795
492.1825,492.1883,33203,55453,Myotis brandtii,0.01,0.025,-1,Echolocation,/mnt/ubna_data_01_mir/recover-20220825/UBNA_002/20220823_033000.WAV,Telephone Field,recover-20220825,002,1795
492.2365,492.2761,68437,82231,Rhinolophus ferrumequinum,0.024,0.024,-1,Echolocation,/mnt/ubna_data_01_mir/recover-20220825/UBNA_002/20220823_033000.WAV,Telephone Field,recover-20220825,002,1795
492.2595,492.2663,39218,48776,Pipistrellus nathusii,0.332,0.497,-1,Echolocation,/mnt/ubna_data_01_mir/recover-20220825/UBNA_002/20220823_033000.WAV,Telephone Field,recover-20220825,002,1795
492.3095,492.3479,68437,82070,Rhinolophus ferrumequinum,0.035,0.035,-1,Echolocation,/mnt/ubna_data_01_mir/recover-20220825/UBNA_002/20220823_033000.WAV,Telephone Field,recover-20220825,002,1795
492.3155,492.3254,28046,35783,Eptesicus serotinus,0.01,0.025,-1,Echolocation,/mnt/ubna_data_01_mir/recover-20220825/UBNA_002/20220823_033000.WAV,Telephone Field,recover-20220825,002,1795
492.3535,492.3597,40078,48162,Pipistrellus nathusii,0.468,0.525,-1,Echolocation,/mnt/ubna_data_01_mir/recover-20220825/UBNA_002/20220823_033000.WAV,Telephone Field,recover-20220825,002,1795
492.4345,492.4413,28046,38520,Eptesicus serotinus,0.007,0.028,-1,Echolocation,/mnt/ubna_data_01_mir/recover-20220825/UBNA_002/20220823_033000.WAV,Telephone Field,recover-20220825,002,1795
492.4355,492.4412,35781,54589,Myotis brandtii,0.012,0.028,-1,Echolocation,/mnt/ubna_data_01_mir/recover-20220825/UBNA_002/20220823_033000.WAV,Telephone Field,recover-20220825,002,1795
492.4455,492.4831,68437,82440,Rhinolophus ferrumequinum,0.024,0.024,-1,Echolocation,/mnt/ubna_data_01_mir/recover-20220825/UBNA_002/20220823_033000.WAV,Telephone Field,recover-20220825,002,1795
492.4495,492.4567,38359,45473,Pipistrellus nathusii,0.399,0.534,-1,Echolocation,/mnt/ubna_data_01_mir/recover-20220825/UBNA_002/20220823_033000.WAV,Telephone Field,recover-20220825,002,1795
492.4775,492.4845,55546,64068,Pipistrellus pygmaeus,0.023,0.025,-1,Echolocation,/mnt/ubna_data_01_mir/recover-20220825/UBNA_002/20220823_033000.WAV,Telephone Field,recover-20220825,002,1795
492.5055,492.5172,34062,39072,Pipistrellus nathusii,0.017,0.033,-1,Echolocation,/mnt/ubna_data_01_mir/recover-20220825/UBNA_002/20220823_033000.WAV,Telephone Field,recover-20220825,002,1795
492.5275,492.5668,68437,82469,Rhinolophus ferrumequinum,0.033,0.033,-1,Echolocation,/mnt/ubna_data_01_mir/recover-20220825/UBNA_002/20220823_033000.WAV,Telephone Field,recover-20220825,002,1795
492.5335,492.5749,68437,82747,Rhinolophus ferrumequinum,0.032,0.032,-1,Echolocation,/mnt/ubna_data_01_mir/recover-20220825/UBNA_002/20220823_033000.WAV,Telephone Field,recover-20220825,002,1795
492.54449999999997,492.5511,40078,51868,Pipistrellus nathusii,0.381,0.58,-1,Echolocation,/mnt/ubna_data_01_mir/recover-20220825/UBNA_002/20220823_033000.WAV,Telephone Field,recover-20220825,002,1795
492.5475,492.5771,68437,80655,Rhinolophus ferrumequinum,0.024,0.024,-1,Echolocation,/mnt/ubna_data_01_mir/recover-20220825/UBNA_002/20220823_033000.WAV,Telephone Field,recover-20220825,002,1795
492.6075,492.6158,27187,38640,Eptesicus serotinus,0.009,0.024,-1,Echolocation,/mnt/ubna_data_01_mir/recover-20220825/UBNA_002/20220823_033000.WAV,Telephone Field,recover-20220825,002,1795
492.6225,492.6581,68437,81650,Rhinolophus ferrumequinum,0.024,0.024,-1,Echolocation,/mnt/ubna_data_01_mir/recover-20220825/UBNA_002/20220823_033000.WAV,Telephone Field,recover-20220825,002,1795
492.6375,492.6459,40937,49996,Pipistrellus nathusii,0.196,0.311,-1,Echolocation,/mnt/ubna_data_01_mir/recover-20220825/UBNA_002/20220823_033000.WAV,Telephone Field,recover-20220825,002,1795
492.6715,492.713,68437,83092,Rhinolophus ferrumequinum,0.024,0.024,-1,Echolocation,/mnt/ubna_data_01_mir/recover-20220825/UBNA_002/20220823_033000.WAV,Telephone Field,recover-20220825,002,1795
492.7075,492.7448,68437,82452,Rhinolophus ferrumequinum,0.025,0.025,-1,Echolocation,/mnt/ubna_data_01_mir/recover-20220825/UBNA_002/20220823_033000.WAV,Telephone Field,recover-20220825,002,1795
492.7205,492.7333,16015,22272,Nyctalus noctula,0.02,0.032,-1,Echolocation,/mnt/ubna_data_01_mir/recover-20220825/UBNA_002/20220823_033000.WAV,Telephone Field,recover-20220825,002,1795
492.7225,492.7323,40937,47722,Pipistrellus nathusii,0.025,0.036,-1,Echolocation,/mnt/ubna_data_01_mir/recover-20220825/UBNA_002/20220823_033000.WAV,Telephone Field,recover-20220825,002,1795
492.7635,492.7715,27187,39859,Eptesicus serotinus,0.008,0.024,-1,Echolocation,/mnt/ubna_data_01_mir/recover-20220825/UBNA_002/20220823_033000.WAV,Telephone Field,recover-20220825,002,1795
492.7665,492.8058,68437,82109,Rhinolophus ferrumequinum,0.025,0.025,-1,Echolocation,/mnt/ubna_data_01_mir/recover-20220825/UBNA_002/20220823_033000.WAV,Telephone Field,recover-20220825,002,1795
492.7865,492.794,41796,51024,Pipistrellus nathusii,0.015,0.032,-1,Echolocation,/mnt/ubna_data_01_mir/recover-20220825/UBNA_002/20220823_033000.WAV,Telephone Field,recover-20220825,002,1795
492.8115,492.8226,24609,32182,Eptesicus serotinus,0.038,0.068,-1,Echolocation,/mnt/ubna_data_01_mir/recover-20220825/UBNA_002/20220823_033000.WAV,Telephone Field,recover-20220825,002,1795
492.8145,492.8203,31484,44029,Barbastellus barbastellus,0.018,0.041,-1,Echolocation,/mnt/ubna_data_01_mir/recover-20220825/UBNA_002/20220823_033000.WAV,Telephone Field,recover-20220825,002,1795
492.8365,492.8791,68437,83176,Rhinolophus ferrumequinum,0.035,0.035,-1,Echolocation,/mnt/ubna_data_01_mir/recover-20220825/UBNA_002/20220823_033000.WAV,Telephone Field,recover-20220825,002,1795
492.9155,492.9256,36640,42594,Pipistrellus nathusii,0.015,0.034,-1,Echolocation,/mnt/ubna_data_01_mir/recover-20220825/UBNA_002/20220823_033000.WAV,Telephone Field,recover-20220825,002,1795
492.9235,492.9319,47812,53437,Pipistrellus pipistrellus,0.022,0.028,-1,Echolocation,/mnt/ubna_data_01_mir/recover-20220825/UBNA_002/20220823_033000.WAV,Telephone Field,recover-20220825,002,1795
492.9245,492.9357,22890,27931,Nyctalus leisleri,0.016,0.036,-1,Echolocation,/mnt/ubna_data_01_mir/recover-20220825/UBNA_002/20220823_033000.WAV,Telephone Field,recover-20220825,002,1795
492.9575,492.9648,27187,35769,Eptesicus serotinus,0.01,0.026,-1,Echolocation,/mnt/ubna_data_01_mir/recover-20220825/UBNA_002/20220823_033000.WAV,Telephone Field,recover-20220825,002,1795
493.0025,493.0147,28046,34888,Eptesicus serotinus,0.018,0.032,-1,Echolocation,/mnt/ubna_data_01_mir/recover-20220825/UBNA_002/20220823_033000.WAV,Telephone Field,recover-20220825,002,1795
493.0255,493.0336,27187,40529,Eptesicus serotinus,0.009,0.024,-1,Echolocation,/mnt/ubna_data_01_mir/recover-20220825/UBNA_002/20220823_033000.WAV,Telephone Field,recover-20220825,002,1795
493.0725,493.0787,27187,37183,Eptesicus serotinus,0.007,0.028,-1,Echolocation,/mnt/ubna_data_01_mir/recover-20220825/UBNA_002/20220823_033000.WAV,Telephone Field,recover-20220825,002,1795
493.0755,493.083,41796,52528,Pipistrellus nathusii,0.015,0.029,-1,Echolocation,/mnt/ubna_data_01_mir/recover-20220825/UBNA_002/20220823_033000.WAV,Telephone Field,recover-20220825,002,1795
493.1045,493.1433,68437,82364,Rhinolophus ferrumequinum,0.027,0.027,-1,Echolocation,/mnt/ubna_data_01_mir/recover-20220825/UBNA_002/20220823_033000.WAV,Telephone Field,recover-20220825,002,1795
493.1045,493.115,24609,30439,Nyctalus leisleri,0.01,0.026,-1,Echolocation,/mnt/ubna_data_01_mir/recover-20220825/UBNA_002/20220823_033000.WAV,Telephone Field,recover-20220825,002,1795
493.1155,493.1227,40078,52127,Pipistrellus nathusii,0.307,0.445,-1,Echolocation,/mnt/ubna_data_01_mir/recover-20220825/UBNA_002/20220823_033000.WAV,Telephone Field,recover-20220825,002,1795
493.1705,493.206,68437,81892,Rhinolophus ferrumequinum,0.039,0.039,-1,Echolocation,/mnt/ubna_data_01_mir/recover-20220825/UBNA_002/20220823_033000.WAV,Telephone Field,recover-20220825,002,1795
493.1815,493.1879,36640,48249,Myotis daubentonii,0.008,0.026,-1,Echolocation,/mnt/ubna_data_01_mir/recover-20220825/UBNA_002/20220823_033000.WAV,Telephone Field,recover-20220825,002,1795
493.1825,493.1899,26328,42975,Eptesicus serotinus,0.008,0.025,-1,Echolocation,/mnt/ubna_data_01_mir/recover-20220825/UBNA_002/20220823_033000.WAV,Telephone Field,recover-20220825,002,1795
493.2085,493.2149,56406,66433,Pipistrellus pygmaeus,0.042,0.043,-1,Echolocation,/mnt/ubna_data_01_mir/recover-20220825/UBNA_002/20220823_033000.WAV,Telephone Field,recover-20220825,002,1795
493.2115,493.2191,38359,49255,Pipistrellus nathusii,0.222,0.428,-1,Echolocation,/mnt/ubna_data_01_mir/recover-20220825/UBNA_002/20220823_033000.WAV,Telephone Field,recover-20220825,002,1795
493.2175,493.2579,68437,82503,Rhinolophus ferrumequinum,0.029,0.029,-1,Echolocation,/mnt/ubna_data_01_mir/recover-20220825/UBNA_002/20220823_033000.WAV,Telephone Field,recover-20220825,002,1795
493.2395,493.2461,48671,53927,Pipistrellus pipistrellus,0.021,0.024,-1,Echolocation,/mnt/ubna_data_01_mir/recover-20220825/UBNA_002/20220823_033000.WAV,Telephone Field,recover-20220825,002,1795
493.2565,493.2631,27187,40318,Eptesicus serotinus,0.008,0.03,-1,Echolocation,/mnt/ubna_data_01_mir/recover-20220825/UBNA_002/20220823_033000.WAV,Telephone Field,recover-20220825,002,1795
493.2655,493.3025,68437,81694,Rhinolophus ferrumequinum,0.029,0.029,-1,Echolocation,/mnt/ubna_data_01_mir/recover-20220825/UBNA_002/20220823_033000.WAV,Telephone Field,recover-20220825,002,1795
493.2715,493.282,38359,43044,Pipistrellus nathusii,0.019,0.028,-1,Echolocation,/mnt/ubna_data_01_mir/recover-20220825/UBNA_002/20220823_033000.WAV,Telephone Field,recover-20220825,002,1795
493.2735,493.311,68437,82122,Rhinolophus ferrumequinum,0.026,0.026,-1,Echolocation,/mnt/ubna_data_01_mir/recover-20220825/UBNA_002/20220823_033000.WAV,Telephone Field,recover-20220825,002,1795
493.2785,493.287,27187,35744,Eptesicus serotinus,0.013,0.03,-1,Echolocation,/mnt/ubna_data_01_mir/recover-20220825/UBNA_002/20220823_033000.WAV,Telephone Field,recover-20220825,002,1795
493.2985,493.3394,68437,82810,Rhinolophus ferrumequinum,0.031,0.031,-1,Echolocation,/mnt/ubna_data_01_mir/recover-20220825/UBNA_002/20220823_033000.WAV,Telephone Field,recover-20220825,002,1795
493.3075,493.3142,37500,50618,Pipistrellus nathusii,0.303,0.505,-1,Echolocation,/mnt/ubna_data_01_mir/recover-20220825/UBNA_002/20220823_033000.WAV,Telephone Field,recover-20220825,002,1795
493.3105,493.3172,13437,27288,Barbastellus barbastellus,0.026,0.028,-1,Echolocation,/mnt/ubna_data_01_mir/recover-20220825/UBNA_002/20220823_033000.WAV,Telephone Field,recover-20220825,002,1795
493.3175,493.3248,25468,34617,Eptesicus serotinus,0.007,0.026,-1,Echolocation,/mnt/ubna_data_01_mir/recover-20220825/UBNA_002/20220823_033000.WAV,Telephone Field,recover-20220825,002,1795
493.3175,493.3236,30625,41614,Myotis daubentonii,0.014,0.024,-1,Echolocation,/mnt/ubna_data_01_mir/recover-20220825/UBNA_002/20220823_033000.WAV,Telephone Field,recover-20220825,002,1795
493.3325,493.3457,25468,29437,Nyctalus leisleri,0.033,0.059,-1,Echolocation,/mnt/ubna_data_01_mir/recover-20220825/UBNA_002/20220823_033000.WAV,Telephone Field,recover-20220825,002,1795
493.3515,493.3597,54687,60377,Pipistrellus pygmaeus,0.027,0.029,-1,Echolocation,/mnt/ubna_data_01_mir/recover-20220825/UBNA_002/20220823_033000.WAV,Telephone Field,recover-20220825,002,1795
493.3735,493.4117,68437,82237,Rhinolophus ferrumequinum,0.024,0.024,-1,Echolocation,/mnt/ubna_data_01_mir/recover-20220825/UBNA_002/20220823_033000.WAV,Telephone Field,recover-20220825,002,1795
493.3915,493.4328,68437,82598,Rhinolophus ferrumequinum,0.03,0.03,-1,Echolocation,/mnt/ubna_data_01_mir/recover-20220825/UBNA_002/20220823_033000.WAV,Telephone Field,recover-20220825,002,1795
493.3985,493.4042,37500,49661,Pipistrellus nathusii,0.357,0.555,-1,Echolocation,/mnt/ubna_data_01_mir/recover-20220825/UBNA_002/20220823_033000.WAV,Telephone Field,recover-20220825,002,1795
493.4535,493.4605,48671,54678,Pipistrellus pipistrellus,0.022,0.027,-1,Echolocation,/mnt/ubna_data_01_mir/recover-20220825/UBNA_002/20220823_033000.WAV,Telephone Field,recover-20220825,002,1795
493.4725,493.4797,36640,48828,Pipistrellus nathusii,0.386,0.564,-1,Echolocation,/mnt/ubna_data_01_mir/recover-20220825/UBNA_002/20220823_033000.WAV,Telephone Field,recover-20220825,002,1795
493.5045,493.5463,68437,82919,Rhinolophus ferrumequinum,0.031,0.031,-1,Echolocation,/mnt/ubna_data_01_mir/recover-20220825/UBNA_002/20220823_033000.WAV,Telephone Field,recover-20220825,002,1795
493.5295,493.5361,36640,49561,Pipistrellus nathusii,0.236,0.508,-1,Echolocation,/mnt/ubna_data_01_mir/recover-20220825/UBNA_002/20220823_033000.WAV,Telephone Field,recover-20220825,002,1795
493.5385,493.5444,29765,41121,Myotis daubentonii,0.016,0.026,-1,Echolocation,/mnt/ubna_data_01_mir/recover-20220825/UBNA_002/20220823_033000.WAV,Telephone Field,recover-20220825,002,1795
493.5575,493.5664,49531,54190,Pipistrellus pipistrellus,0.038,0.042,-1,Echolocation,/mnt/ubna_data_01_mir/recover-20220825/UBNA_002/20220823_033000.WAV,Telephone Field,recover-20220825,002,1795
493.5595,493.598,68437,82260,Rhinolophus ferrumequinum,0.025,0.025,-1,Echolocation,/mnt/ubna_data_01_mir/recover-20220825/UBNA_002/20220823_033000.WAV,Telephone Field,recover-20220825,002,1795
493.5845,493.5909,36640,50025,Pipistrellus nathusii,0.204,0.407,-1,Echolocation,/mnt/ubna_data_01_mir/recover-20220825/UBNA_002/20220823_033000.WAV,Telephone Field,recover-20220825,002,1795
493.5885,493.602,16875,21544,Nyctalus noctula,0.019,0.048,-1,Echolocation,/mnt/ubna_data_01_mir/recover-20220825/UBNA_002/20220823_033000.WAV,Telephone Field,recover-20220825,002,1795
493.6425,493.6484,35781,55147,Pipistrellus nathusii,0.235,0.524,-1,Echolocation,/mnt/ubna_data_01_mir/recover-20220825/UBNA_002/20220823_033000.WAV,Telephone Field,recover-20220825,002,1795
493.6535,493.6614,26328,33887,Eptesicus serotinus,0.007,0.024,-1,Echolocation,/mnt/ubna_data_01_mir/recover-20220825/UBNA_002/20220823_033000.WAV,Telephone Field,recover-20220825,002,1795
493.6745,493.7134,68437,82540,Rhinolophus ferrumequinum,0.025,0.025,-1,Echolocation,/mnt/ubna_data_01_mir/recover-20220825/UBNA_002/20220823_033000.WAV,Telephone Field,recover-20220825,002,1795
493.7005,493.7067,35781,54055,Pipistrellus nathusii,0.163,0.444,-1,Echolocation,/mnt/ubna_data_01_mir/recover-20220825/UBNA_002/20220823_033000.WAV,Telephone Field,recover-20220825,002,1795
493.7575,493.7664,41796,47576,Pipistrellus nathusii,0.033,0.05,-1,Echolocation,/mnt/ubna_data_01_mir/recover-20220825/UBNA_002/20220823_033000.WAV,Telephone Field,recover-20220825,002,1795
493.7595,493.7649,32343,44955,Myotis daubentonii,0.024,0.047,-1,Echolocation,/mnt/ubna_data_01_mir/recover-20220825/UBNA_002/20220823_033000.WAV,Telephone Field,recover-20220825,002,1795
493.8165,493.8222,34921,51740,Myotis brandtii,0.021,0.052,-1,Echolocation,/mnt/ubna_data_01_mir/recover-20220825/UBNA_002/20220823_033000.WAV,Telephone Field,recover-20220825,002,1795
493.8265,493.8378,28906,34080,Eptesicus serotinus,0.075,0.154,-1,Echolocation,/mnt/ubna_data_01_mir/recover-20220825/UBNA_002/20220823_033000.WAV,Telephone Field,recover-20220825,002,1795
493.8665,493.9075,68437,83030,Rhinolophus ferrumequinum,0.024,0.024,-1,Echolocation,/mnt/ubna_data_01_mir/recover-20220825/UBNA_002/20220823_033000.WAV,Telephone Field,recover-20220825,002,1795
493.8895,493.9312,68437,82672,Rhinolophus ferrumequinum,0.024,0.024,-1,Echolocation,/mnt/ubna_data_01_mir/recover-20220825/UBNA_002/20220823_033000.WAV,Telephone Field,recover-20220825,002,1795
493.9365,493.9518,22890,26780,Nyctalus leisleri,0.017,0.032,-1,Echolocation,/mnt/ubna_data_01_mir/recover-20220825/UBNA_002/20220823_033000.WAV,Telephone Field,recover-20220825,002,1795
493.9525,493.96,27187,37775,Eptesicus serotinus,0.007,0.024,-1,Echolocation,/mnt/ubna_data_01_mir/recover-20220825/UBNA_002/20220823_033000.WAV,Telephone Field,recover-20220825,002,1795
493.9745,493.9819,42656,52957,Pipistrellus nathusii,0.013,0.04,-1,Echolocation,/mnt/ubna_data_01_mir/recover-20220825/UBNA_002/20220823_033000.WAV,Telephone Field,recover-20220825,002,1795
494.0015,494.0087,30625,39784,Myotis daubentonii,0.01,0.026,-1,Echolocation,/mnt/ubna_data_01_mir/recover-20220825/UBNA_002/20220823_033000.WAV,Telephone Field,recover-20220825,002,1795
494.0015,494.0104,25468,32631,Nyctalus leisleri,0.011,0.033,-1,Echolocation,/mnt/ubna_data_01_mir/recover-20220825/UBNA_002/20220823_033000.WAV,Telephone Field,recover-20220825,002,1795
494.0015,494.0296,68437,79335,Rhinolophus ferrumequinum,0.07,0.071,-1,Echolocation,/mnt/ubna_data_01_mir/recover-20220825/UBNA_002/20220823_033000.WAV,Telephone Field,recover-20220825,002,1795
494.0185,494.0276,27187,39437,Eptesicus serotinus,0.009,0.024,-1,Echolocation,/mnt/ubna_data_01_mir/recover-20220825/UBNA_002/20220823_033000.WAV,Telephone Field,recover-20220825,002,1795
494.0515,494.0597,27187,36742,Eptesicus serotinus,0.008,0.024,-1,Echolocation,/mnt/ubna_data_01_mir/recover-20220825/UBNA_002/20220823_033000.WAV,Telephone Field,recover-20220825,002,1795
494.0945,494.1016,30625,41233,Myotis daubentonii,0.011,0.026,-1,Echolocation,/mnt/ubna_data_01_mir/recover-20220825/UBNA_002/20220823_033000.WAV,Telephone Field,recover-20220825,002,1795
494.1075,494.1144,28906,47607,Myotis daubentonii,0.016,0.026,-1,Echolocation,/mnt/ubna_data_01_mir/recover-20220825/UBNA_002/20220823_033000.WAV,Telephone Field,recover-20220825,002,1795
494.1095,494.1159,40078,50886,Myotis daubentonii,0.013,0.03,-1,Echolocation,/mnt/ubna_data_01_mir/recover-20220825/UBNA_002/20220823_033000.WAV,Telephone Field,recover-20220825,002,1795
494.1365,494.1423,31484,47901,Myotis daubentonii,0.014,0.023,-1,Echolocation,/mnt/ubna_data_01_mir/recover-20220825/UBNA_002/20220823_033000.WAV,Telephone Field,recover-20220825,002,1795
494.1425,494.1502,57265,62233,Pipistrellus pygmaeus,0.039,0.04,-1,Echolocation,/mnt/ubna_data_01_mir/recover-20220825/UBNA_002/20220823_033000.WAV,Telephone Field,recover-20220825,002,1795
494.1685,494.187,21171,24966,Nyctalus leisleri,0.012,0.024,-1,Echolocation,/mnt/ubna_data_01_mir/recover-20220825/UBNA_002/20220823_033000.WAV,Telephone Field,recover-20220825,002,1795
494.1755,494.1813,37500,51184,Myotis daubentonii,0.011,0.027,-1,Echolocation,/mnt/ubna_data_01_mir/recover-20220825/UBNA_002/20220823_033000.WAV,Telephone Field,recover-20220825,002,1795
494.1755,494.1818,28906,53049,Myotis daubentonii,0.018,0.029,-1,Echolocation,/mnt/ubna_data_01_mir/recover-20220825/UBNA_002/20220823_033000.WAV,Telephone Field,recover-20220825,002,1795
494.2285,494.2374,27187,35707,Eptesicus serotinus,0.008,0.024,-1,Echolocation,/mnt/ubna_data_01_mir/recover-20220825/UBNA_002/20220823_033000.WAV,Telephone Field,recover-20220825,002,1795
494.2385,494.2451,42656,50596,Pipistrellus nathusii,0.027,0.058,-1,Echolocation,/mnt/ubna_data_01_mir/recover-20220825/UBNA_002/20220823_033000.WAV,Telephone Field,recover-20220825,002,1795
494.2395,494.2451,29765,54210,Myotis daubentonii,0.023,0.034,-1,Echolocation,/mnt/ubna_data_01_mir/recover-20220825/UBNA_002/20220823_033000.WAV,Telephone Field,recover-20220825,002,1795
494.2545,494.2963,68437,83112,Rhinolophus ferrumequinum,0.028,0.028,-1,Echolocation,/mnt/ubna_data_01_mir/recover-20220825/UBNA_002/20220823_033000.WAV,Telephone Field,recover-20220825,002,1795
494.2835,494.2894,27187,41712,Myotis daubentonii,0.019,0.042,-1,Echolocation,/mnt/ubna_data_01_mir/recover-20220825/UBNA_002/20220823_033000.WAV,Telephone Field,recover-20220825,002,1795
494.2855,494.3276,68437,82741,Rhinolophus ferrumequinum,0.032,0.032,-1,Echolocation,/mnt/ubna_data_01_mir/recover-20220825/UBNA_002/20220823_033000.WAV,Telephone Field,recover-20220825,002,1795
494.3285,494.3336,40078,52182,Myotis daubentonii,0.043,0.081,-1,Echolocation,/mnt/ubna_data_01_mir/recover-20220825/UBNA_002/20220823_033000.WAV,Telephone Field,recover-20220825,002,1795
494.3815,494.3882,40937,48925,Myotis daubentonii,0.021,0.055,-1,Echolocation,/mnt/ubna_data_01_mir/recover-20220825/UBNA_002/20220823_033000.WAV,Telephone Field,recover-20220825,002,1795
494.3955,494.4356,68437,82143,Rhinolophus ferrumequinum,0.023,0.023,-1,Echolocation,/mnt/ubna_data_01_mir/recover-20220825/UBNA_002/20220823_033000.WAV,Telephone Field,recover-20220825,002,1795
494.4205,494.4263,45234,54279,Pipistrellus pipistrellus,0.017,0.027,-1,Echolocation,/mnt/ubna_data_01_mir/recover-20220825/UBNA_002/20220823_033000.WAV,Telephone Field,recover-20220825,002,1795
494.4235,494.4292,34921,51417,Myotis daubentonii,0.016,0.028,-1,Echolocation,/mnt/ubna_data_01_mir/recover-20220825/UBNA_002/20220823_033000.WAV,Telephone Field,recover-20220825,002,1795
494.4475,494.4857,68437,81803,Rhinolophus ferrumequinum,0.024,0.024,-1,Echolocation,/mnt/ubna_data_01_mir/recover-20220825/UBNA_002/20220823_033000.WAV,Telephone Field,recover-20220825,002,1795
494.4605,494.4962,68437,81937,Rhinolophus ferrumequinum,0.024,0.024,-1,Echolocation,/mnt/ubna_data_01_mir/recover-20220825/UBNA_002/20220823_033000.WAV,Telephone Field,recover-20220825,002,1795
494.4715,494.4806,26328,35810,Eptesicus serotinus,0.009,0.023,-1,Echolocation,/mnt/ubna_data_01_mir/recover-20220825/UBNA_002/20220823_033000.WAV,Telephone Field,recover-20220825,002,1795
494.5095,494.5151,31484,42445,Myotis daubentonii,0.039,0.062,-1,Echolocation,/mnt/ubna_data_01_mir/recover-20220825/UBNA_002/20220823_033000.WAV,Telephone Field,recover-20220825,002,1795
494.5245,494.5319,40937,47094,Myotis daubentonii,0.015,0.043,-1,Echolocation,/mnt/ubna_data_01_mir/recover-20220825/UBNA_002/20220823_033000.WAV,Telephone Field,recover-20220825,002,1795
494.5255,494.5313,30625,48850,Myotis daubentonii,0.015,0.024,-1,Echolocation,/mnt/ubna_data_01_mir/recover-20220825/UBNA_002/20220823_033000.WAV,Telephone Field,recover-20220825,002,1795
494.5385,494.5784,68437,82108,Rhinolophus ferrumequinum,0.023,0.023,-1,Echolocation,/mnt/ubna_data_01_mir/recover-20220825/UBNA_002/20220823_033000.WAV,Telephone Field,recover-20220825,002,1795
494.5525,494.5655,25468,31305,Eptesicus serotinus,0.03,0.068,-1,Echolocation,/mnt/ubna_data_01_mir/recover-20220825/UBNA_002/20220823_033000.WAV,Telephone Field,recover-20220825,002,1795
494.5755,494.581,34062,49230,Myotis daubentonii,0.017,0.025,-1,Echolocation,/mnt/ubna_data_01_mir/recover-20220825/UBNA_002/20220823_033000.WAV,Telephone Field,recover-20220825,002,1795
494.5845,494.6229,68437,82254,Rhinolophus ferrumequinum,0.023,0.023,-1,Echolocation,/mnt/ubna_data_01_mir/recover-20220825/UBNA_002/20220823_033000.WAV,Telephone Field,recover-20220825,002,1795
494.5885,494.5954,40937,49827,Pipistrellus nathusii,0.151,0.342,-1,Echolocation,/mnt/ubna_data_01_mir/recover-20220825/UBNA_002/20220823_033000.WAV,Telephone Field,recover-20220825,002,1795
494.5915,494.5984,28046,43456,Myotis daubentonii,0.017,0.037,-1,Echolocation,/mnt/ubna_data_01_mir/recover-20220825/UBNA_002/20220823_033000.WAV,Telephone Field,recover-20220825,002,1795
494.6195,494.6593,68437,82282,Rhinolophus ferrumequinum,0.026,0.026,-1,Echolocation,/mnt/ubna_data_01_mir/recover-20220825/UBNA_002/20220823_033000.WAV,Telephone Field,recover-20220825,002,1795
494.6765,494.6825,35781,51858,Myotis daubentonii,0.011,0.028,-1,Echolocation,/mnt/ubna_data_01_mir/recover-20220825/UBNA_002/20220823_033000.WAV,Telephone Field,recover-20220825,002,1795
494.6975,494.7169,18593,22496,Nyctalus noctula,0.016,0.028,-1,Echolocation,/mnt/ubna_data_01_mir/recover-20220825/UBNA_002/20220823_033000.WAV,Telephone Field,recover-20220825,002,1795
494.6995,494.7108,38359,42517,Pipistrellus nathusii,0.02,0.028,-1,Echolocation,/mnt/ubna_data_01_mir/recover-20220825/UBNA_002/20220823_033000.WAV,Telephone Field,recover-20220825,002,1795
494.7545,494.7923,68437,81850,Rhinolophus ferrumequinum,0.026,0.026,-1,Echolocation,/mnt/ubna_data_01_mir/recover-20220825/UBNA_002/20220823_033000.WAV,Telephone Field,recover-20220825,002,1795
494.7595,494.7678,27187,42711,Eptesicus serotinus,0.008,0.023,-1,Echolocation,/mnt/ubna_data_01_mir/recover-20220825/UBNA_002/20220823_033000.WAV,Telephone Field,recover-20220825,002,1795
494.8645,494.8725,25468,34425,Eptesicus serotinus,0.008,0.024,-1,Echolocation,/mnt/ubna_data_01_mir/recover-20220825/UBNA_002/20220823_033000.WAV,Telephone Field,recover-20220825,002,1795
494.9605,494.972,23750,28830,Nyctalus leisleri,0.011,0.024,-1,Echolocation,/mnt/ubna_data_01_mir/recover-20220825/UBNA_002/20220823_033000.WAV,Telephone Field,recover-20220825,002,1795
495.0015,495.0229,19453,22541,Nyctalus leisleri,0.018,0.035,-1,Echolocation,/mnt/ubna_data_01_mir/recover-20220825/UBNA_002/20220823_033000.WAV,Telephone Field,recover-20220825,002,1795
495.0105,495.0482,68437,82690,Rhinolophus ferrumequinum,0.034,0.034,-1,Echolocation,/mnt/ubna_data_01_mir/recover-20220825/UBNA_002/20220823_033000.WAV,Telephone Field,recover-20220825,002,1795
495.0185,495.0269,44375,52688,Pipistrellus pipistrellus,0.014,0.025,-1,Echolocation,/mnt/ubna_data_01_mir/recover-20220825/UBNA_002/20220823_033000.WAV,Telephone Field,recover-20220825,002,1795
495.0185,495.0255,28906,50651,Myotis daubentonii,0.014,0.023,-1,Echolocation,/mnt/ubna_data_01_mir/recover-20220825/UBNA_002/20220823_033000.WAV,Telephone Field,recover-20220825,002,1795
495.0595,495.0974,68437,82799,Rhinolophus ferrumequinum,0.025,0.025,-1,Echolocation,/mnt/ubna_data_01_mir/recover-20220825/UBNA_002/20220823_033000.WAV,Telephone Field,recover-20220825,002,1795
495.0595,495.0703,22890,28864,Nyctalus leisleri,0.014,0.032,-1,Echolocation,/mnt/ubna_data_01_mir/recover-20220825/UBNA_002/20220823_033000.WAV,Telephone Field,recover-20220825,002,1795
495.1635,495.2041,68437,82459,Rhinolophus ferrumequinum,0.03,0.03,-1,Echolocation,/mnt/ubna_data_01_mir/recover-20220825/UBNA_002/20220823_033000.WAV,Telephone Field,recover-20220825,002,1795
495.1835,495.2206,68437,82429,Rhinolophus ferrumequinum,0.026,0.026,-1,Echolocation,/mnt/ubna_data_01_mir/recover-20220825/UBNA_002/20220823_033000.WAV,Telephone Field,recover-20220825,002,1795
495.2075,495.2151,28046,42820,Myotis daubentonii,0.011,0.025,-1,Echolocation,/mnt/ubna_data_01_mir/recover-20220825/UBNA_002/20220823_033000.WAV,Telephone Field,recover-20220825,002,1795
495.2095,495.2518,68437,83288,Rhinolophus ferrumequinum,0.033,0.033,-1,Echolocation,/mnt/ubna_data_01_mir/recover-20220825/UBNA_002/20220823_033000.WAV,Telephone Field,recover-20220825,002,1795
495.2235,495.2288,33203,45167,Myotis daubentonii,0.029,0.054,-1,Echolocation,/mnt/ubna_data_01_mir/recover-20220825/UBNA_002/20220823_033000.WAV,Telephone Field,recover-20220825,002,1795
495.2245,495.2316,23750,36984,Myotis nattereri,0.011,0.028,-1,Echolocation,/mnt/ubna_data_01_mir/recover-20220825/UBNA_002/20220823_033000.WAV,Telephone Field,recover-20220825,002,1795
495.2365,495.275,68437,81679,Rhinolophus ferrumequinum,0.023,0.023,-1,Echolocation,/mnt/ubna_data_01_mir/recover-20220825/UBNA_002/20220823_033000.WAV,Telephone Field,recover-20220825,002,1795
495.2445,495.2861,68437,83111,Rhinolophus ferrumequinum,0.024,0.024,-1,Echolocation,/mnt/ubna_data_01_mir/recover-20220825/UBNA_002/20220823_033000.WAV,Telephone Field,recover-20220825,002,1795
495.2455,495.2689,16015,20118,Nyctalus noctula,0.018,0.026,-1,Echolocation,/mnt/ubna_data_01_mir/recover-20220825/UBNA_002/20220823_033000.WAV,Telephone Field,recover-20220825,002,1795
495.3025,495.312,24609,32741,Eptesicus serotinus,0.015,0.039,-1,Echolocation,/mnt/ubna_data_01_mir/recover-20220825/UBNA_002/20220823_033000.WAV,Telephone Field,recover-20220825,002,1795
495.3275,495.3361,40937,48103,Pipistrellus nathusii,0.29,0.358,-1,Echolocation,/mnt/ubna_data_01_mir/recover-20220825/UBNA_002/20220823_033000.WAV,Telephone Field,recover-20220825,002,1795
495.3695,495.4097,68437,82511,Rhinolophus ferrumequinum,0.024,0.024,-1,Echolocation,/mnt/ubna_data_01_mir/recover-20220825/UBNA_002/20220823_033000.WAV,Telephone Field,recover-20220825,002,1795
495.3905,495.4022,38359,44579,Pipistrellus nathusii,0.104,0.143,-1,Echolocation,/mnt/ubna_data_01_mir/recover-20220825/UBNA_002/20220823_033000.WAV,Telephone Field,recover-20220825,002,1795
495.4705,495.5112,68437,82299,Rhinolophus ferrumequinum,0.024,0.024,-1,Echolocation,/mnt/ubna_data_01_mir/recover-20220825/UBNA_002/20220823_033000.WAV,Telephone Field,recover-20220825,002,1795
495.4765,495.484,39218,48632,Pipistrellus nathusii,0.069,0.143,-1,Echolocation,/mnt/ubna_data_01_mir/recover-20220825/UBNA_002/20220823_033000.WAV,Telephone Field,recover-20220825,002,1795
495.5115,495.5194,26328,38583,Eptesicus serotinus,0.009,0.027,-1,Echolocation,/mnt/ubna_data_01_mir/recover-20220825/UBNA_002/20220823_033000.WAV,Telephone Field,recover-20220825,002,1795
495.5625,495.5689,37500,47838,Pipistrellus nathusii,0.2,0.44,-1,Echolocation,/mnt/ubna_data_01_mir/recover-20220825/UBNA_002/20220823_033000.WAV,Telephone Field,recover-20220825,002,1795
495.5875,495.6279,68437,82641,Rhinolophus ferrumequinum,0.027,0.027,-1,Echolocation,/mnt/ubna_data_01_mir/recover-20220825/UBNA_002/20220823_033000.WAV,Telephone Field,recover-20220825,002,1795
495.6085,495.6181,28046,35454,Eptesicus serotinus,0.008,0.023,-1,Echolocation,/mnt/ubna_data_01_mir/recover-20220825/UBNA_002/20220823_033000.WAV,Telephone Field,recover-20220825,002,1795
495.6495,495.6562,38359,48369,Pipistrellus nathusii,0.34,0.503,-1,Echolocation,/mnt/ubna_data_01_mir/recover-20220825/UBNA_002/20220823_033000.WAV,Telephone Field,recover-20220825,002,1795
495.6805,495.7224,68437,82454,Rhinolophus ferrumequinum,0.023,0.023,-1,Echolocation,/mnt/ubna_data_01_mir/recover-20220825/UBNA_002/20220823_033000.WAV,Telephone Field,recover-20220825,002,1795
495.7215,495.7299,28046,36300,Eptesicus serotinus,0.008,0.024,-1,Echolocation,/mnt/ubna_data_01_mir/recover-20220825/UBNA_002/20220823_033000.WAV,Telephone Field,recover-20220825,002,1795
495.7385,495.7453,39218,48971,Pipistrellus nathusii,0.248,0.469,-1,Echolocation,/mnt/ubna_data_01_mir/recover-20220825/UBNA_002/20220823_033000.WAV,Telephone Field,recover-20220825,002,1795
495.7905,495.826,68437,81954,Rhinolophus ferrumequinum,0.025,0.025,-1,Echolocation,/mnt/ubna_data_01_mir/recover-20220825/UBNA_002/20220823_033000.WAV,Telephone Field,recover-20220825,002,1795
495.7985,495.8066,42656,53038,Pipistrellus nathusii,0.01,0.033,-1,Echolocation,/mnt/ubna_data_01_mir/recover-20220825/UBNA_002/20220823_033000.WAV,Telephone Field,recover-20220825,002,1795
495.8215,495.8302,27187,36455,Eptesicus serotinus,0.032,0.057,-1,Echolocation,/mnt/ubna_data_01_mir/recover-20220825/UBNA_002/20220823_033000.WAV,Telephone Field,recover-20220825,002,1795
495.8315,495.8378,40937,49902,Pipistrellus nathusii,0.398,0.491,-1,Echolocation,/mnt/ubna_data_01_mir/recover-20220825/UBNA_002/20220823_033000.WAV,Telephone Field,recover-20220825,002,1795
495.8335,495.8398,29765,44025,Myotis daubentonii,0.018,0.036,-1,Echolocation,/mnt/ubna_data_01_mir/recover-20220825/UBNA_002/20220823_033000.WAV,Telephone Field,recover-20220825,002,1795
495.8635,495.8829,21171,24430,Nyctalus leisleri,0.024,0.048,-1,Echolocation,/mnt/ubna_data_01_mir/recover-20220825/UBNA_002/20220823_033000.WAV,Telephone Field,recover-20220825,002,1795
495.8635,495.9026,68437,82385,Rhinolophus ferrumequinum,0.026,0.026,-1,Echolocation,/mnt/ubna_data_01_mir/recover-20220825/UBNA_002/20220823_033000.WAV,Telephone Field,recover-20220825,002,1795
495.91949999999997,495.9262,38359,48164,Pipistrellus nathusii,0.3,0.449,-1,Echolocation,/mnt/ubna_data_01_mir/recover-20220825/UBNA_002/20220823_033000.WAV,Telephone Field,recover-20220825,002,1795
495.9675,495.9763,25468,34148,Eptesicus serotinus,0.01,0.027,-1,Echolocation,/mnt/ubna_data_01_mir/recover-20220825/UBNA_002/20220823_033000.WAV,Telephone Field,recover-20220825,002,1795
496.0015,496.0097,40078,57225,Myotis brandtii,0.015,0.038,-1,Echolocation,/mnt/ubna_data_01_mir/recover-20220825/UBNA_002/20220823_033000.WAV,Telephone Field,recover-20220825,002,1795
496.0015,496.01279999999997,52968,61973,Pipistrellus pygmaeus,0.021,0.027,-1,Echolocation,/mnt/ubna_data_01_mir/recover-20220825/UBNA_002/20220823_033000.WAV,Telephone Field,recover-20220825,002,1795
496.0015,496.02819999999997,69296,81645,Rhinolophus ferrumequinum,0.033,0.034,-1,Echolocation,/mnt/ubna_data_01_mir/recover-20220825/UBNA_002/20220823_033000.WAV,Telephone Field,recover-20220825,002,1795
496.0015,496.0073,47812,60063,Pipistrellus pipistrellus,0.011,0.029,-1,Echolocation,/mnt/ubna_data_01_mir/recover-20220825/UBNA_002/20220823_033000.WAV,Telephone Field,recover-20220825,002,1795
496.0015,496.01030000000003,23750,30923,Nyctalus leisleri,0.01,0.029,-1,Echolocation,/mnt/ubna_data_01_mir/recover-20220825/UBNA_002/20220823_033000.WAV,Telephone Field,recover-20220825,002,1795
496.0125,496.0193,39218,50043,Pipistrellus nathusii,0.212,0.383,-1,Echolocation,/mnt/ubna_data_01_mir/recover-20220825/UBNA_002/20220823_033000.WAV,Telephone Field,recover-20220825,002,1795
496.0155,496.0312,19453,25046,Nyctalus noctula,0.011,0.025,-1,Echolocation,/mnt/ubna_data_01_mir/recover-20220825/UBNA_002/20220823_033000.WAV,Telephone Field,recover-20220825,002,1795
496.1075,496.1172,41796,47022,Pipistrellus nathusii,0.017,0.028,-1,Echolocation,/mnt/ubna_data_01_mir/recover-20220825/UBNA_002/20220823_033000.WAV,Telephone Field,recover-20220825,002,1795
496.1085,496.115,29765,43643,Myotis daubentonii,0.013,0.025,-1,Echolocation,/mnt/ubna_data_01_mir/recover-20220825/UBNA_002/20220823_033000.WAV,Telephone Field,recover-20220825,002,1795
496.1985,496.2037,37500,51765,Pipistrellus nathusii,0.173,0.355,-1,Echolocation,/mnt/ubna_data_01_mir/recover-20220825/UBNA_002/20220823_033000.WAV,Telephone Field,recover-20220825,002,1795
496.2375,496.2485,23750,31011,Eptesicus serotinus,0.011,0.031,-1,Echolocation,/mnt/ubna_data_01_mir/recover-20220825/UBNA_002/20220823_033000.WAV,Telephone Field,recover-20220825,002,1795
496.2655,496.2727,56406,62514,Pipistrellus pygmaeus,0.023,0.024,-1,Echolocation,/mnt/ubna_data_01_mir/recover-20220825/UBNA_002/20220823_033000.WAV,Telephone Field,recover-20220825,002,1795
496.2785,496.3181,68437,81963,Rhinolophus ferrumequinum,0.023,0.023,-1,Echolocation,/mnt/ubna_data_01_mir/recover-20220825/UBNA_002/20220823_033000.WAV,Telephone Field,recover-20220825,002,1795
496.2895,496.2964,39218,47266,Pipistrellus nathusii,0.294,0.481,-1,Echolocation,/mnt/ubna_data_01_mir/recover-20220825/UBNA_002/20220823_033000.WAV,Telephone Field,recover-20220825,002,1795
496.3125,496.3225,28046,35307,Eptesicus serotinus,0.011,0.027,-1,Echolocation,/mnt/ubna_data_01_mir/recover-20220825/UBNA_002/20220823_033000.WAV,Telephone Field,recover-20220825,002,1795
496.3255,496.3351,25468,33364,Eptesicus serotinus,0.01,0.024,-1,Echolocation,/mnt/ubna_data_01_mir/recover-20220825/UBNA_002/20220823_033000.WAV,Telephone Field,recover-20220825,002,1795
496.3615,496.3678,26328,38285,Eptesicus serotinus,0.005,0.025,-1,Echolocation,/mnt/ubna_data_01_mir/recover-20220825/UBNA_002/20220823_033000.WAV,Telephone Field,recover-20220825,002,1795
496.3845,496.3982,24609,30146,Nyctalus leisleri,0.012,0.028,-1,Echolocation,/mnt/ubna_data_01_mir/recover-20220825/UBNA_002/20220823_033000.WAV,Telephone Field,recover-20220825,002,1795
496.4225,496.4316,27187,35280,Eptesicus serotinus,0.009,0.023,-1,Echolocation,/mnt/ubna_data_01_mir/recover-20220825/UBNA_002/20220823_033000.WAV,Telephone Field,recover-20220825,002,1795
496.4435,496.451,32343,43679,Myotis daubentonii,0.007,0.023,-1,Echolocation,/mnt/ubna_data_01_mir/recover-20220825/UBNA_002/20220823_033000.WAV,Telephone Field,recover-20220825,002,1795
496.4715,496.4784,25468,35831,Eptesicus serotinus,0.008,0.031,-1,Echolocation,/mnt/ubna_data_01_mir/recover-20220825/UBNA_002/20220823_033000.WAV,Telephone Field,recover-20220825,002,1795
496.4735,496.4808,41796,51259,Pipistrellus nathusii,0.084,0.16,-1,Echolocation,/mnt/ubna_data_01_mir/recover-20220825/UBNA_002/20220823_033000.WAV,Telephone Field,recover-20220825,002,1795
496.4835,496.4953,23750,29294,Nyctalus leisleri,0.011,0.026,-1,Echolocation,/mnt/ubna_data_01_mir/recover-20220825/UBNA_002/20220823_033000.WAV,Telephone Field,recover-20220825,002,1795
496.4865,496.5302,68437,83172,Rhinolophus ferrumequinum,0.03,0.03,-1,Echolocation,/mnt/ubna_data_01_mir/recover-20220825/UBNA_002/20220823_033000.WAV,Telephone Field,recover-20220825,002,1795
496.5385,496.5448,26328,36473,Eptesicus serotinus,0.014,0.04,-1,Echolocation,/mnt/ubna_data_01_mir/recover-20220825/UBNA_002/20220823_033000.WAV,Telephone Field,recover-20220825,002,1795
496.5485,496.586,68437,82274,Rhinolophus ferrumequinum,0.023,0.023,-1,Echolocation,/mnt/ubna_data_01_mir/recover-20220825/UBNA_002/20220823_033000.WAV,Telephone Field,recover-20220825,002,1795
496.5655,496.5708,38359,47834,Pipistrellus nathusii,0.254,0.448,-1,Echolocation,/mnt/ubna_data_01_mir/recover-20220825/UBNA_002/20220823_033000.WAV,Telephone Field,recover-20220825,002,1795
496.5675,496.5865,16875,21344,Nyctalus noctula,0.02,0.034,-1,Echolocation,/mnt/ubna_data_01_mir/recover-20220825/UBNA_002/20220823_033000.WAV,Telephone Field,recover-20220825,002,1795
496.5735,496.5798,30625,40132,Myotis daubentonii,0.013,0.023,-1,Echolocation,/mnt/ubna_data_01_mir/recover-20220825/UBNA_002/20220823_033000.WAV,Telephone Field,recover-20220825,002,1795
496.6195,496.6288,41796,47661,Pipistrellus nathusii,0.028,0.039,-1,Echolocation,/mnt/ubna_data_01_mir/recover-20220825/UBNA_002/20220823_033000.WAV,Telephone Field,recover-20220825,002,1795
496.6245,496.6331,27187,36526,Eptesicus serotinus,0.008,0.023,-1,Echolocation,/mnt/ubna_data_01_mir/recover-20220825/UBNA_002/20220823_033000.WAV,Telephone Field,recover-20220825,002,1795
496.6365,496.6457,27187,35283,Eptesicus serotinus,0.01,0.024,-1,Echolocation,/mnt/ubna_data_01_mir/recover-20220825/UBNA_002/20220823_033000.WAV,Telephone Field,recover-20220825,002,1795
496.6745,496.6808,40078,51185,Pipistrellus nathusii,0.293,0.517,-1,Echolocation,/mnt/ubna_data_01_mir/recover-20220825/UBNA_002/20220823_033000.WAV,Telephone Field,recover-20220825,002,1795
496.7065,496.7145,27187,37656,Eptesicus serotinus,0.008,0.023,-1,Echolocation,/mnt/ubna_data_01_mir/recover-20220825/UBNA_002/20220823_033000.WAV,Telephone Field,recover-20220825,002,1795
496.7585,496.7959,68437,81694,Rhinolophus ferrumequinum,0.026,0.026,-1,Echolocation,/mnt/ubna_data_01_mir/recover-20220825/UBNA_002/20220823_033000.WAV,Telephone Field,recover-20220825,002,1795
496.7595,496.7651,39218,53083,Pipistrellus nathusii,0.118,0.33,-1,Echolocation,/mnt/ubna_data_01_mir/recover-20220825/UBNA_002/20220823_033000.WAV,Telephone Field,recover-20220825,002,1795
496.77049999999997,496.7816,27187,31960,Eptesicus serotinus,0.012,0.032,-1,Echolocation,/mnt/ubna_data_01_mir/recover-20220825/UBNA_002/20220823_033000.WAV,Telephone Field,recover-20220825,002,1795
496.7855,496.7914,34062,46737,Myotis daubentonii,0.012,0.024,-1,Echolocation,/mnt/ubna_data_01_mir/recover-20220825/UBNA_002/20220823_033000.WAV,Telephone Field,recover-20220825,002,1795
496.8155,496.8238,27187,39233,Eptesicus serotinus,0.008,0.023,-1,Echolocation,/mnt/ubna_data_01_mir/recover-20220825/UBNA_002/20220823_033000.WAV,Telephone Field,recover-20220825,002,1795
496.8265,496.83299999999997,41796,51245,Pipistrellus nathusii,0.008,0.025,-1,Echolocation,/mnt/ubna_data_01_mir/recover-20220825/UBNA_002/20220823_033000.WAV,Telephone Field,recover-20220825,002,1795
496.8515,496.8587,25468,34709,Eptesicus serotinus,0.007,0.025,-1,Echolocation,/mnt/ubna_data_01_mir/recover-20220825/UBNA_002/20220823_033000.WAV,Telephone Field,recover-20220825,002,1795
496.85450000000003,496.8613,41796,48620,Pipistrellus nathusii,0.215,0.272,-1,Echolocation,/mnt/ubna_data_01_mir/recover-20220825/UBNA_002/20220823_033000.WAV,Telephone Field,recover-20220825,002,1795
496.8815,496.8918,27187,33796,Eptesicus serotinus,0.013,0.027,-1,Echolocation,/mnt/ubna_data_01_mir/recover-20220825/UBNA_002/20220823_033000.WAV,Telephone Field,recover-20220825,002,1795
496.8835,496.9225,68437,82376,Rhinolophus ferrumequinum,0.026,0.026,-1,Echolocation,/mnt/ubna_data_01_mir/recover-20220825/UBNA_002/20220823_033000.WAV,Telephone Field,recover-20220825,002,1795
496.9445,496.9515,41796,52050,Pipistrellus nathusii,0.211,0.34,-1,Echolocation,/mnt/ubna_data_01_mir/recover-20220825/UBNA_002/20220823_033000.WAV,Telephone Field,recover-20220825,002,1795
496.9835,496.9998,16015,21772,Nyctalus noctula,0.018,0.026,-1,Echolocation,/mnt/ubna_data_01_mir/recover-20220825/UBNA_002/20220823_033000.WAV,Telephone Field,recover-20220825,002,1795
497.0015,497.0217,21171,23932,Nyctalus leisleri,0.017,0.028,-1,Echolocation,/mnt/ubna_data_01_mir/recover-20220825/UBNA_002/20220823_033000.WAV,Telephone Field,recover-20220825,002,1795
497.0265,497.0349,40937,49968,Pipistrellus nathusii,0.248,0.348,-1,Echolocation,/mnt/ubna_data_01_mir/recover-20220825/UBNA_002/20220823_033000.WAV,Telephone Field,recover-20220825,002,1795
497.0415,497.078,68437,81615,Rhinolophus ferrumequinum,0.023,0.023,-1,Echolocation,/mnt/ubna_data_01_mir/recover-20220825/UBNA_002/20220823_033000.WAV,Telephone Field,recover-20220825,002,1795
497.0455,497.0536,27187,37137,Eptesicus serotinus,0.008,0.023,-1,Echolocation,/mnt/ubna_data_01_mir/recover-20220825/UBNA_002/20220823_033000.WAV,Telephone Field,recover-20220825,002,1795
497.0515,497.0873,68437,81707,Rhinolophus ferrumequinum,0.024,0.024,-1,Echolocation,/mnt/ubna_data_01_mir/recover-20220825/UBNA_002/20220823_033000.WAV,Telephone Field,recover-20220825,002,1795
497.1215,497.131,42656,46951,Pipistrellus nathusii,0.055,0.066,-1,Echolocation,/mnt/ubna_data_01_mir/recover-20220825/UBNA_002/20220823_033000.WAV,Telephone Field,recover-20220825,002,1795
497.1225,497.1294,33203,44672,Barbastellus barbastellus,0.011,0.026,-1,Echolocation,/mnt/ubna_data_01_mir/recover-20220825/UBNA_002/20220823_033000.WAV,Telephone Field,recover-20220825,002,1795
497.1315,497.1379,29765,44394,Myotis daubentonii,0.014,0.027,-1,Echolocation,/mnt/ubna_data_01_mir/recover-20220825/UBNA_002/20220823_033000.WAV,Telephone Field,recover-20220825,002,1795
497.1995,497.2333,68437,81191,Rhinolophus ferrumequinum,0.024,0.024,-1,Echolocation,/mnt/ubna_data_01_mir/recover-20220825/UBNA_002/20220823_033000.WAV,Telephone Field,recover-20220825,002,1795
497.2155,497.2262,44375,48886,Pipistrellus pipistrellus,0.019,0.024,-1,Echolocation,/mnt/ubna_data_01_mir/recover-20220825/UBNA_002/20220823_033000.WAV,Telephone Field,recover-20220825,002,1795
497.2195,497.2296,23750,30605,Eptesicus serotinus,0.009,0.025,-1,Echolocation,/mnt/ubna_data_01_mir/recover-20220825/UBNA_002/20220823_033000.WAV,Telephone Field,recover-20220825,002,1795
497.2235,497.2612,68437,82072,Rhinolophus ferrumequinum,0.024,0.024,-1,Echolocation,/mnt/ubna_data_01_mir/recover-20220825/UBNA_002/20220823_033000.WAV,Telephone Field,recover-20220825,002,1795
497.2775,497.2853,26328,38023,Eptesicus serotinus,0.009,0.025,-1,Echolocation,/mnt/ubna_data_01_mir/recover-20220825/UBNA_002/20220823_033000.WAV,Telephone Field,recover-20220825,002,1795
497.2885,497.2974,27187,34985,Eptesicus serotinus,0.008,0.023,-1,Echolocation,/mnt/ubna_data_01_mir/recover-20220825/UBNA_002/20220823_033000.WAV,Telephone Field,recover-20220825,002,1795
497.29449999999997,497.3301,68437,81708,Rhinolophus ferrumequinum,0.028,0.028,-1,Echolocation,/mnt/ubna_data_01_mir/recover-20220825/UBNA_002/20220823_033000.WAV,Telephone Field,recover-20220825,002,1795
497.3035,497.3129,42656,47002,Pipistrellus nathusii,0.039,0.052,-1,Echolocation,/mnt/ubna_data_01_mir/recover-20220825/UBNA_002/20220823_033000.WAV,Telephone Field,recover-20220825,002,1795
497.3145,497.324,39218,44353,Pipistrellus nathusii,0.065,0.082,-1,Echolocation,/mnt/ubna_data_01_mir/recover-20220825/UBNA_002/20220823_033000.WAV,Telephone Field,recover-20220825,002,1795
497.3335,497.3396,26328,38185,Eptesicus serotinus,0.005,0.024,-1,Echolocation,/mnt/ubna_data_01_mir/recover-20220825/UBNA_002/20220823_033000.WAV,Telephone Field,recover-20220825,002,1795
497.3505,497.3599,28046,36773,Eptesicus serotinus,0.008,0.024,-1,Echolocation,/mnt/ubna_data_01_mir/recover-20220825/UBNA_002/20220823_033000.WAV,Telephone Field,recover-20220825,002,1795
497.3515,497.3899,68437,82091,Rhinolophus ferrumequinum,0.023,0.023,-1,Echolocation,/mnt/ubna_data_01_mir/recover-20220825/UBNA_002/20220823_033000.WAV,Telephone Field,recover-20220825,002,1795
497.3735,497.3811,27187,38609,Eptesicus serotinus,0.007,0.023,-1,Echolocation,/mnt/ubna_data_01_mir/recover-20220825/UBNA_002/20220823_033000.WAV,Telephone Field,recover-20220825,002,1795
497.3975,497.4025,40937,52856,Pipistrellus nathusii,0.549,0.598,-1,Echolocation,/mnt/ubna_data_01_mir/recover-20220825/UBNA_002/20220823_033000.WAV,Telephone Field,recover-20220825,002,1795
497.4565,497.4646,26328,36997,Eptesicus serotinus,0.008,0.025,-1,Echolocation,/mnt/ubna_data_01_mir/recover-20220825/UBNA_002/20220823_033000.WAV,Telephone Field,recover-20220825,002,1795
497.4815,497.4918,22890,28187,Nyctalus leisleri,0.01,0.025,-1,Echolocation,/mnt/ubna_data_01_mir/recover-20220825/UBNA_002/20220823_033000.WAV,Telephone Field,recover-20220825,002,1795
497.4845,497.492,42656,52233,Pipistrellus nathusii,0.042,0.071,-1,Echolocation,/mnt/ubna_data_01_mir/recover-20220825/UBNA_002/20220823_033000.WAV,Telephone Field,recover-20220825,002,1795
497.5105,497.5198,27187,35703,Eptesicus serotinus,0.013,0.029,-1,Echolocation,/mnt/ubna_data_01_mir/recover-20220825/UBNA_002/20220823_033000.WAV,Telephone Field,recover-20220825,002,1795
497.5425,497.5526,24609,31141,Nyctalus leisleri,0.009,0.027,-1,Echolocation,/mnt/ubna_data_01_mir/recover-20220825/UBNA_002/20220823_033000.WAV,Telephone Field,recover-20220825,002,1795
497.5595,497.5971,68437,81835,Rhinolophus ferrumequinum,0.024,0.024,-1,Echolocation,/mnt/ubna_data_01_mir/recover-20220825/UBNA_002/20220823_033000.WAV,Telephone Field,recover-20220825,002,1795
497.5785,497.5869,39218,48932,Pipistrellus nathusii,0.336,0.437,-1,Echolocation,/mnt/ubna_data_01_mir/recover-20220825/UBNA_002/20220823_033000.WAV,Telephone Field,recover-20220825,002,1795
497.6175,497.6569,68437,82590,Rhinolophus ferrumequinum,0.031,0.031,-1,Echolocation,/mnt/ubna_data_01_mir/recover-20220825/UBNA_002/20220823_033000.WAV,Telephone Field,recover-20220825,002,1795
497.6265,497.6349,27187,38644,Eptesicus serotinus,0.008,0.023,-1,Echolocation,/mnt/ubna_data_01_mir/recover-20220825/UBNA_002/20220823_033000.WAV,Telephone Field,recover-20220825,002,1795
497.66949999999997,497.6761,40078,47797,Pipistrellus nathusii,0.392,0.523,-1,Echolocation,/mnt/ubna_data_01_mir/recover-20220825/UBNA_002/20220823_033000.WAV,Telephone Field,recover-20220825,002,1795
497.7075,497.7193,27187,36000,Eptesicus serotinus,0.017,0.033,-1,Echolocation,/mnt/ubna_data_01_mir/recover-20220825/UBNA_002/20220823_033000.WAV,Telephone Field,recover-20220825,002,1795
497.7335,497.7431,39218,45413,Pipistrellus nathusii,0.022,0.037,-1,Echolocation,/mnt/ubna_data_01_mir/recover-20220825/UBNA_002/20220823_033000.WAV,Telephone Field,recover-20220825,002,1795
497.7655,497.771,39218,49601,Pipistrellus nathusii,0.145,0.323,-1,Echolocation,/mnt/ubna_data_01_mir/recover-20220825/UBNA_002/20220823_033000.WAV,Telephone Field,recover-20220825,002,1795
497.7775,497.7858,27187,34351,Eptesicus serotinus,0.007,0.024,-1,Echolocation,/mnt/ubna_data_01_mir/recover-20220825/UBNA_002/20220823_033000.WAV,Telephone Field,recover-20220825,002,1795
497.7985,497.8408,68437,83025,Rhinolophus ferrumequinum,0.029,0.029,-1,Echolocation,/mnt/ubna_data_01_mir/recover-20220825/UBNA_002/20220823_033000.WAV,Telephone Field,recover-20220825,002,1795
497.8455,497.8793,68437,81046,Rhinolophus ferrumequinum,0.023,0.023,-1,Echolocation,/mnt/ubna_data_01_mir/recover-20220825/UBNA_002/20220823_033000.WAV,Telephone Field,recover-20220825,002,1795
497.8465,497.8558,48671,53974,Pipistrellus pipistrellus,0.022,0.036,-1,Echolocation,/mnt/ubna_data_01_mir/recover-20220825/UBNA_002/20220823_033000.WAV,Telephone Field,recover-20220825,002,1795
497.8555,497.8608,37500,50123,Pipistrellus nathusii,0.31,0.519,-1,Echolocation,/mnt/ubna_data_01_mir/recover-20220825/UBNA_002/20220823_033000.WAV,Telephone Field,recover-20220825,002,1795
497.8645,497.8704,28906,40574,Myotis daubentonii,0.015,0.027,-1,Echolocation,/mnt/ubna_data_01_mir/recover-20220825/UBNA_002/20220823_033000.WAV,Telephone Field,recover-20220825,002,1795
497.8925,497.9011,21171,28678,Plecotus austriacus,0.017,0.047,-1,Echolocation,/mnt/ubna_data_01_mir/recover-20220825/UBNA_002/20220823_033000.WAV,Telephone Field,recover-20220825,002,1795
497.9015,497.9086,26328,36998,Eptesicus serotinus,0.007,0.025,-1,Echolocation,/mnt/ubna_data_01_mir/recover-20220825/UBNA_002/20220823_033000.WAV,Telephone Field,recover-20220825,002,1795
497.9065,497.9144,37500,45515,Pipistrellus nathusii,0.006,0.023,-1,Echolocation,/mnt/ubna_data_01_mir/recover-20220825/UBNA_002/20220823_033000.WAV,Telephone Field,recover-20220825,002,1795
497.9245,497.933,28046,37687,Eptesicus serotinus,0.009,0.024,-1,Echolocation,/mnt/ubna_data_01_mir/recover-20220825/UBNA_002/20220823_033000.WAV,Telephone Field,recover-20220825,002,1795
497.9325,497.9415,28046,36170,Eptesicus serotinus,0.009,0.023,-1,Echolocation,/mnt/ubna_data_01_mir/recover-20220825/UBNA_002/20220823_033000.WAV,Telephone Field,recover-20220825,002,1795
497.9515,497.9577,28046,48184,Myotis daubentonii,0.015,0.029,-1,Echolocation,/mnt/ubna_data_01_mir/recover-20220825/UBNA_002/20220823_033000.WAV,Telephone Field,recover-20220825,002,1795
497.9525,497.9577,39218,48560,Pipistrellus nathusii,0.291,0.348,-1,Echolocation,/mnt/ubna_data_01_mir/recover-20220825/UBNA_002/20220823_033000.WAV,Telephone Field,recover-20220825,002,1795
497.9855,497.9944,27187,37875,Eptesicus serotinus,0.009,0.024,-1,Echolocation,/mnt/ubna_data_01_mir/recover-20220825/UBNA_002/20220823_033000.WAV,Telephone Field,recover-20220825,002,1795
498.0015,498.0076,37500,44763,Pipistrellus nathusii,0.005,0.021,-1,Echolocation,/mnt/ubna_data_01_mir/recover-20220825/UBNA_002/20220823_033000.WAV,Telephone Field,recover-20220825,002,1795
498.0015,498.01030000000003,23750,32060,Nyctalus leisleri,0.009,0.031,-1,Echolocation,/mnt/ubna_data_01_mir/recover-20220825/UBNA_002/20220823_033000.WAV,Telephone Field,recover-20220825,002,1795
498.0015,498.0324,69296,81848,Rhinolophus ferrumequinum,0.026,0.026,-1,Echolocation,/mnt/ubna_data_01_mir/recover-20220825/UBNA_002/20220823_033000.WAV,Telephone Field,recover-20220825,002,1795
498.0035,498.0167,57265,64089,Pipistrellus pygmaeus,0.026,0.026,-1,Echolocation,/mnt/ubna_data_01_mir/recover-20220825/UBNA_002/20220823_033000.WAV,Telephone Field,recover-20220825,002,1795
498.0415,498.0484,38359,45139,Myotis daubentonii,0.129,0.401,-1,Echolocation,/mnt/ubna_data_01_mir/recover-20220825/UBNA_002/20220823_033000.WAV,Telephone Field,recover-20220825,002,1795
498.0645,498.0757,22031,27204,Nyctalus leisleri,0.012,0.026,-1,Echolocation,/mnt/ubna_data_01_mir/recover-20220825/UBNA_002/20220823_033000.WAV,Telephone Field,recover-20220825,002,1795
498.0765,498.1157,68437,82727,Rhinolophus ferrumequinum,0.022,0.022,-1,Echolocation,/mnt/ubna_data_01_mir/recover-20220825/UBNA_002/20220823_033000.WAV,Telephone Field,recover-20220825,002,1795
498.0825,498.0933,45234,50048,Pipistrellus pipistrellus,0.021,0.025,-1,Echolocation,/mnt/ubna_data_01_mir/recover-20220825/UBNA_002/20220823_033000.WAV,Telephone Field,recover-20220825,002,1795
498.1145,498.1231,28046,42148,Eptesicus serotinus,0.008,0.021,-1,Echolocation,/mnt/ubna_data_01_mir/recover-20220825/UBNA_002/20220823_033000.WAV,Telephone Field,recover-20220825,002,1795
498.1215,498.1309,29765,37704,Eptesicus serotinus,0.008,0.021,-1,Echolocation,/mnt/ubna_data_01_mir/recover-20220825/UBNA_002/20220823_033000.WAV,Telephone Field,recover-20220825,002,1795
498.1245,498.1612,68437,81214,Rhinolophus ferrumequinum,0.021,0.021,-1,Echolocation,/mnt/ubna_data_01_mir/recover-20220825/UBNA_002/20220823_033000.WAV,Telephone Field,recover-20220825,002,1795
498.1485,498.158,48671,55087,Pipistrellus pipistrellus,0.023,0.027,-1,Echolocation,/mnt/ubna_data_01_mir/recover-20220825/UBNA_002/20220823_033000.WAV,Telephone Field,recover-20220825,002,1795
498.1665,498.2034,68437,81449,Rhinolophus ferrumequinum,0.021,0.021,-1,Echolocation,/mnt/ubna_data_01_mir/recover-20220825/UBNA_002/20220823_033000.WAV,Telephone Field,recover-20220825,002,1795
498.1765,498.2154,68437,81535,Rhinolophus ferrumequinum,0.022,0.022,-1,Echolocation,/mnt/ubna_data_01_mir/recover-20220825/UBNA_002/20220823_033000.WAV,Telephone Field,recover-20220825,002,1795
498.2405,498.2797,68437,81462,Rhinolophus ferrumequinum,0.021,0.022,-1,Echolocation,/mnt/ubna_data_01_mir/recover-20220825/UBNA_002/20220823_033000.WAV,Telephone Field,recover-20220825,002,1795
498.2455,498.2542,46953,52735,Pipistrellus pipistrellus,0.018,0.021,-1,Echolocation,/mnt/ubna_data_01_mir/recover-20220825/UBNA_002/20220823_033000.WAV,Telephone Field,recover-20220825,002,1795
498.3285,498.3681,68437,82294,Rhinolophus ferrumequinum,0.021,0.021,-1,Echolocation,/mnt/ubna_data_01_mir/recover-20220825/UBNA_002/20220823_033000.WAV,Telephone Field,recover-20220825,002,1795
498.3625,498.3706,28046,38764,Eptesicus serotinus,0.009,0.022,-1,Echolocation,/mnt/ubna_data_01_mir/recover-20220825/UBNA_002/20220823_033000.WAV,Telephone Field,recover-20220825,002,1795
498.3645,498.4046,68437,82906,Rhinolophus ferrumequinum,0.027,0.027,-1,Echolocation,/mnt/ubna_data_01_mir/recover-20220825/UBNA_002/20220823_033000.WAV,Telephone Field,recover-20220825,002,1795
498.3825,498.3899,26328,35933,Eptesicus serotinus,0.007,0.021,-1,Echolocation,/mnt/ubna_data_01_mir/recover-20220825/UBNA_002/20220823_033000.WAV,Telephone Field,recover-20220825,002,1795
498.3975,498.4337,68437,81510,Rhinolophus ferrumequinum,0.021,0.021,-1,Echolocation,/mnt/ubna_data_01_mir/recover-20220825/UBNA_002/20220823_033000.WAV,Telephone Field,recover-20220825,002,1795
498.4325,498.444,38359,43120,Pipistrellus nathusii,0.016,0.044,-1,Echolocation,/mnt/ubna_data_01_mir/recover-20220825/UBNA_002/20220823_033000.WAV,Telephone Field,recover-20220825,002,1795
498.5015,498.5382,68437,82156,Rhinolophus ferrumequinum,0.03,0.03,-1,Echolocation,/mnt/ubna_data_01_mir/recover-20220825/UBNA_002/20220823_033000.WAV,Telephone Field,recover-20220825,002,1795
498.5525,498.5914,68437,81529,Rhinolophus ferrumequinum,0.022,0.022,-1,Echolocation,/mnt/ubna_data_01_mir/recover-20220825/UBNA_002/20220823_033000.WAV,Telephone Field,recover-20220825,002,1795
498.5585,498.5974,68437,81745,Rhinolophus ferrumequinum,0.021,0.021,-1,Echolocation,/mnt/ubna_data_01_mir/recover-20220825/UBNA_002/20220823_033000.WAV,Telephone Field,recover-20220825,002,1795
498.5715,498.6096,68437,81819,Rhinolophus ferrumequinum,0.023,0.023,-1,Echolocation,/mnt/ubna_data_01_mir/recover-20220825/UBNA_002/20220823_033000.WAV,Telephone Field,recover-20220825,002,1795
498.5895,498.6292,68437,82382,Rhinolophus ferrumequinum,0.025,0.025,-1,Echolocation,/mnt/ubna_data_01_mir/recover-20220825/UBNA_002/20220823_033000.WAV,Telephone Field,recover-20220825,002,1795
498.5975,498.634,68437,81913,Rhinolophus ferrumequinum,0.021,0.021,-1,Echolocation,/mnt/ubna_data_01_mir/recover-20220825/UBNA_002/20220823_033000.WAV,Telephone Field,recover-20220825,002,1795
498.6025,498.6129,44375,47355,Pipistrellus pipistrellus,0.019,0.022,-1,Echolocation,/mnt/ubna_data_01_mir/recover-20220825/UBNA_002/20220823_033000.WAV,Telephone Field,recover-20220825,002,1795
498.6035,498.6141,22890,28245,Nyctalus leisleri,0.01,0.023,-1,Echolocation,/mnt/ubna_data_01_mir/recover-20220825/UBNA_002/20220823_033000.WAV,Telephone Field,recover-20220825,002,1795
498.6225,498.6611,68437,82217,Rhinolophus ferrumequinum,0.022,0.022,-1,Echolocation,/mnt/ubna_data_01_mir/recover-20220825/UBNA_002/20220823_033000.WAV,Telephone Field,recover-20220825,002,1795
498.6365,498.6745,68437,82280,Rhinolophus ferrumequinum,0.022,0.022,-1,Echolocation,/mnt/ubna_data_01_mir/recover-20220825/UBNA_002/20220823_033000.WAV,Telephone Field,recover-20220825,002,1795
498.6475,498.6599,44375,47337,Pipistrellus pipistrellus,0.035,0.039,-1,Echolocation,/mnt/ubna_data_01_mir/recover-20220825/UBNA_002/20220823_033000.WAV,Telephone Field,recover-20220825,002,1795
498.6755,498.7086,68437,80950,Rhinolophus ferrumequinum,0.022,0.022,-1,Echolocation,/mnt/ubna_data_01_mir/recover-20220825/UBNA_002/20220823_033000.WAV,Telephone Field,recover-20220825,002,1795
498.7385,498.7762,68437,82288,Rhinolophus ferrumequinum,0.021,0.021,-1,Echolocation,/mnt/ubna_data_01_mir/recover-20220825/UBNA_002/20220823_033000.WAV,Telephone Field,recover-20220825,002,1795
498.7385,498.7459,28046,41432,Eptesicus serotinus,0.007,0.024,-1,Echolocation,/mnt/ubna_data_01_mir/recover-20220825/UBNA_002/20220823_033000.WAV,Telephone Field,recover-20220825,002,1795
498.7595,498.7658,28046,39606,Eptesicus serotinus,0.01,0.034,-1,Echolocation,/mnt/ubna_data_01_mir/recover-20220825/UBNA_002/20220823_033000.WAV,Telephone Field,recover-20220825,002,1795
498.7655,498.8025,68437,81753,Rhinolophus ferrumequinum,0.021,0.021,-1,Echolocation,/mnt/ubna_data_01_mir/recover-20220825/UBNA_002/20220823_033000.WAV,Telephone Field,recover-20220825,002,1795
498.8075,498.81510000000003,25468,36964,Eptesicus serotinus,0.006,0.021,-1,Echolocation,/mnt/ubna_data_01_mir/recover-20220825/UBNA_002/20220823_033000.WAV,Telephone Field,recover-20220825,002,1795
498.8205,498.8308,24609,30767,Nyctalus leisleri,0.009,0.024,-1,Echolocation,/mnt/ubna_data_01_mir/recover-20220825/UBNA_002/20220823_033000.WAV,Telephone Field,recover-20220825,002,1795
498.8595,498.8969,68437,82199,Rhinolophus ferrumequinum,0.021,0.021,-1,Echolocation,/mnt/ubna_data_01_mir/recover-20220825/UBNA_002/20220823_033000.WAV,Telephone Field,recover-20220825,002,1795
498.8615,498.8682,34921,41561,Myotis daubentonii,0.008,0.023,-1,Echolocation,/mnt/ubna_data_01_mir/recover-20220825/UBNA_002/20220823_033000.WAV,Telephone Field,recover-20220825,002,1795
498.8635,498.8708,28906,39058,Eptesicus serotinus,0.009,0.027,-1,Echolocation,/mnt/ubna_data_01_mir/recover-20220825/UBNA_002/20220823_033000.WAV,Telephone Field,recover-20220825,002,1795
498.9105,498.9512,68437,82421,Rhinolophus ferrumequinum,0.021,0.021,-1,Echolocation,/mnt/ubna_data_01_mir/recover-20220825/UBNA_002/20220823_033000.WAV,Telephone Field,recover-20220825,002,1795
498.9595,498.9942,68437,80500,Rhinolophus ferrumequinum,0.023,0.023,-1,Echolocation,/mnt/ubna_data_01_mir/recover-20220825/UBNA_002/20220823_033000.WAV,Telephone Field,recover-20220825,002,1795
498.9875,498.9962,22890,29864,Plecotus austriacus,0.009,0.022,-1,Echolocation,/mnt/ubna_data_01_mir/recover-20220825/UBNA_002/20220823_033000.WAV,Telephone Field,recover-20220825,002,1795
499.0035,499.0395,68437,81309,Rhinolophus ferrumequinum,0.02,0.021,-1,Echolocation,/mnt/ubna_data_01_mir/recover-20220825/UBNA_002/20220823_033000.WAV,Telephone Field,recover-20220825,002,1795
499.0195,499.026,28046,41334,Eptesicus serotinus,0.007,0.025,-1,Echolocation,/mnt/ubna_data_01_mir/recover-20220825/UBNA_002/20220823_033000.WAV,Telephone Field,recover-20220825,002,1795
499.0335,499.0699,68437,82270,Rhinolophus ferrumequinum,0.021,0.021,-1,Echolocation,/mnt/ubna_data_01_mir/recover-20220825/UBNA_002/20220823_033000.WAV,Telephone Field,recover-20220825,002,1795
499.0345,499.044,25468,32494,Eptesicus serotinus,0.008,0.021,-1,Echolocation,/mnt/ubna_data_01_mir/recover-20220825/UBNA_002/20220823_033000.WAV,Telephone Field,recover-20220825,002,1795
499.0555,499.06510000000003,27187,35853,Eptesicus serotinus,0.01,0.022,-1,Echolocation,/mnt/ubna_data_01_mir/recover-20220825/UBNA_002/20220823_033000.WAV,Telephone Field,recover-20220825,002,1795
499.0695,499.0775,23750,32071,Plecotus austriacus,0.009,0.024,-1,Echolocation,/mnt/ubna_data_01_mir/recover-20220825/UBNA_002/20220823_033000.WAV,Telephone Field,recover-20220825,002,1795
499.1485,499.1566,23750,31177,Plecotus austriacus,0.008,0.022,-1,Echolocation,/mnt/ubna_data_01_mir/recover-20220825/UBNA_002/20220823_033000.WAV,Telephone Field,recover-20220825,002,1795
499.1645,499.1726,14296,26091,Plecotus auritus,0.015,0.024,-1,Echolocation,/mnt/ubna_data_01_mir/recover-20220825/UBNA_002/20220823_033000.WAV,Telephone Field,recover-20220825,002,1795
499.1765,499.1846,28906,38369,Eptesicus serotinus,0.008,0.021,-1,Echolocation,/mnt/ubna_data_01_mir/recover-20220825/UBNA_002/20220823_033000.WAV,Telephone Field,recover-20220825,002,1795
499.2405,499.279,68437,82922,Rhinolophus ferrumequinum,0.025,0.025,-1,Echolocation,/mnt/ubna_data_01_mir/recover-20220825/UBNA_002/20220823_033000.WAV,Telephone Field,recover-20220825,002,1795
499.2445,499.2546,25468,33772,Eptesicus serotinus,0.009,0.022,-1,Echolocation,/mnt/ubna_data_01_mir/recover-20220825/UBNA_002/20220823_033000.WAV,Telephone Field,recover-20220825,002,1795
499.2475,499.286,68437,82608,Rhinolophus ferrumequinum,0.025,0.025,-1,Echolocation,/mnt/ubna_data_01_mir/recover-20220825/UBNA_002/20220823_033000.WAV,Telephone Field,recover-20220825,002,1795
499.2515,499.2629,25468,32451,Eptesicus serotinus,0.01,0.022,-1,Echolocation,/mnt/ubna_data_01_mir/recover-20220825/UBNA_002/20220823_033000.WAV,Telephone Field,recover-20220825,002,1795
499.2565,499.2985,68437,83216,Rhinolophus ferrumequinum,0.025,0.025,-1,Echolocation,/mnt/ubna_data_01_mir/recover-20220825/UBNA_002/20220823_033000.WAV,Telephone Field,recover-20220825,002,1795
499.2695,499.3082,68437,82723,Rhinolophus ferrumequinum,0.022,0.022,-1,Echolocation,/mnt/ubna_data_01_mir/recover-20220825/UBNA_002/20220823_033000.WAV,Telephone Field,recover-20220825,002,1795
499.3005,499.3197,21171,24674,Nyctalus leisleri,0.032,0.068,-1,Echolocation,/mnt/ubna_data_01_mir/recover-20220825/UBNA_002/20220823_033000.WAV,Telephone Field,recover-20220825,002,1795
499.3115,499.3489,68437,82651,Rhinolophus ferrumequinum,0.021,0.021,-1,Echolocation,/mnt/ubna_data_01_mir/recover-20220825/UBNA_002/20220823_033000.WAV,Telephone Field,recover-20220825,002,1795
499.3585,499.397,68437,82207,Rhinolophus ferrumequinum,0.021,0.021,-1,Echolocation,/mnt/ubna_data_01_mir/recover-20220825/UBNA_002/20220823_033000.WAV,Telephone Field,recover-20220825,002,1795
499.3615,499.3714,49531,54815,Pipistrellus pipistrellus,0.022,0.027,-1,Echolocation,/mnt/ubna_data_01_mir/recover-20220825/UBNA_002/20220823_033000.WAV,Telephone Field,recover-20220825,002,1795
499.3845,499.3946,23750,30097,Nyctalus leisleri,0.007,0.021,-1,Echolocation,/mnt/ubna_data_01_mir/recover-20220825/UBNA_002/20220823_033000.WAV,Telephone Field,recover-20220825,002,1795
499.3965,499.404,27187,36773,Eptesicus serotinus,0.009,0.026,-1,Echolocation,/mnt/ubna_data_01_mir/recover-20220825/UBNA_002/20220823_033000.WAV,Telephone Field,recover-20220825,002,1795
499.4015,499.4095,28906,38893,Eptesicus serotinus,0.008,0.024,-1,Echolocation,/mnt/ubna_data_01_mir/recover-20220825/UBNA_002/20220823_033000.WAV,Telephone Field,recover-20220825,002,1795
499.4395,499.4781,68437,82440,Rhinolophus ferrumequinum,0.021,0.021,-1,Echolocation,/mnt/ubna_data_01_mir/recover-20220825/UBNA_002/20220823_033000.WAV,Telephone Field,recover-20220825,002,1795
499.4755,499.4838,25468,33879,Eptesicus serotinus,0.028,0.071,-1,Echolocation,/mnt/ubna_data_01_mir/recover-20220825/UBNA_002/20220823_033000.WAV,Telephone Field,recover-20220825,002,1795
499.5365,499.5762,68437,82079,Rhinolophus ferrumequinum,0.022,0.022,-1,Echolocation,/mnt/ubna_data_01_mir/recover-20220825/UBNA_002/20220823_033000.WAV,Telephone Field,recover-20220825,002,1795
499.5365,499.5478,51250,57150,Pipistrellus pygmaeus,0.012,0.021,-1,Echolocation,/mnt/ubna_data_01_mir/recover-20220825/UBNA_002/20220823_033000.WAV,Telephone Field,recover-20220825,002,1795
499.5735,499.6134,68437,82324,Rhinolophus ferrumequinum,0.021,0.021,-1,Echolocation,/mnt/ubna_data_01_mir/recover-20220825/UBNA_002/20220823_033000.WAV,Telephone Field,recover-20220825,002,1795
499.6105,499.6211,27187,34242,Eptesicus serotinus,0.012,0.024,-1,Echolocation,/mnt/ubna_data_01_mir/recover-20220825/UBNA_002/20220823_033000.WAV,Telephone Field,recover-20220825,002,1795
499.6255,499.6639,68437,82195,Rhinolophus ferrumequinum,0.022,0.022,-1,Echolocation,/mnt/ubna_data_01_mir/recover-20220825/UBNA_002/20220823_033000.WAV,Telephone Field,recover-20220825,002,1795
499.6395,499.6788,68437,82156,Rhinolophus ferrumequinum,0.022,0.022,-1,Echolocation,/mnt/ubna_data_01_mir/recover-20220825/UBNA_002/20220823_033000.WAV,Telephone Field,recover-20220825,002,1795
499.6655,499.7045,68437,82184,Rhinolophus ferrumequinum,0.025,0.026,-1,Echolocation,/mnt/ubna_data_01_mir/recover-20220825/UBNA_002/20220823_033000.WAV,Telephone Field,recover-20220825,002,1795
499.77049999999997,499.809,68437,82286,Rhinolophus ferrumequinum,0.023,0.023,-1,Echolocation,/mnt/ubna_data_01_mir/recover-20220825/UBNA_002/20220823_033000.WAV,Telephone Field,recover-20220825,002,1795
499.7805,499.8184,68437,82298,Rhinolophus ferrumequinum,0.022,0.022,-1,Echolocation,/mnt/ubna_data_01_mir/recover-20220825/UBNA_002/20220823_033000.WAV,Telephone Field,recover-20220825,002,1795
499.8195,499.8275,28046,40007,Eptesicus serotinus,0.007,0.021,-1,Echolocation,/mnt/ubna_data_01_mir/recover-20220825/UBNA_002/20220823_033000.WAV,Telephone Field,recover-20220825,002,1795
499.8455,499.8855,68437,82147,Rhinolophus ferrumequinum,0.023,0.023,-1,Echolocation,/mnt/ubna_data_01_mir/recover-20220825/UBNA_002/20220823_033000.WAV,Telephone Field,recover-20220825,002,1795
499.8835,499.9229,68437,82239,Rhinolophus ferrumequinum,0.021,0.021,-1,Echolocation,/mnt/ubna_data_01_mir/recover-20220825/UBNA_002/20220823_033000.WAV,Telephone Field,recover-20220825,002,1795
499.8935,499.9039,22890,28559,Nyctalus leisleri,0.011,0.026,-1,Echolocation,/mnt/ubna_data_01_mir/recover-20220825/UBNA_002/20220823_033000.WAV,Telephone Field,recover-20220825,002,1795
499.89549999999997,499.9085,37500,41433,Pipistrellus nathusii,0.013,0.03,-1,Echolocation,/mnt/ubna_data_01_mir/recover-20220825/UBNA_002/20220823_033000.WAV,Telephone Field,recover-20220825,002,1795
499.9575,499.9648,28906,41851,Eptesicus serotinus,0.007,0.021,-1,Echolocation,/mnt/ubna_data_01_mir/recover-20220825/UBNA_002/20220823_033000.WAV,Telephone Field,recover-20220825,002,1795
500.0015,500.017,47812,52772,Pipistrellus pipistrellus,0.033,0.041,-1,Echolocation,/mnt/ubna_data_01_mir/recover-20220825/UBNA_002/20220823_033000.WAV,Telephone Field,recover-20220825,002,1795
500.0015,500.0108,22890,30108,Nyctalus leisleri,0.011,0.033,-1,Echolocation,/mnt/ubna_data_01_mir/recover-20220825/UBNA_002/20220823_033000.WAV,Telephone Field,recover-20220825,002,1795
500.1055,500.1435,68437,82023,Rhinolophus ferrumequinum,0.023,0.023,-1,Echolocation,/mnt/ubna_data_01_mir/recover-20220825/UBNA_002/20220823_033000.WAV,Telephone Field,recover-20220825,002,1795
500.1595,500.1947,68437,81097,Rhinolophus ferrumequinum,0.023,0.023,-1,Echolocation,/mnt/ubna_data_01_mir/recover-20220825/UBNA_002/20220823_033000.WAV,Telephone Field,recover-20220825,002,1795
500.1635,500.1694,32343,44686,Myotis daubentonii,0.025,0.047,-1,Echolocation,/mnt/ubna_data_01_mir/recover-20220825/UBNA_002/20220823_033000.WAV,Telephone Field,recover-20220825,002,1795
500.1705,500.2121,68437,82390,Rhinolophus ferrumequinum,0.024,0.025,-1,Echolocation,/mnt/ubna_data_01_mir/recover-20220825/UBNA_002/20220823_033000.WAV,Telephone Field,recover-20220825,002,1795
500.1735,500.18489999999997,28046,34649,Eptesicus serotinus,0.011,0.026,-1,Echolocation,/mnt/ubna_data_01_mir/recover-20220825/UBNA_002/20220823_033000.WAV,Telephone Field,recover-20220825,002,1795
500.1765,500.2158,68437,81901,Rhinolophus ferrumequinum,0.023,0.023,-1,Echolocation,/mnt/ubna_data_01_mir/recover-20220825/UBNA_002/20220823_033000.WAV,Telephone Field,recover-20220825,002,1795
500.1965,500.237,68437,82263,Rhinolophus ferrumequinum,0.027,0.027,-1,Echolocation,/mnt/ubna_data_01_mir/recover-20220825/UBNA_002/20220823_033000.WAV,Telephone Field,recover-20220825,002,1795
500.2025,500.2091,27187,41833,Eptesicus serotinus,0.006,0.024,-1,Echolocation,/mnt/ubna_data_01_mir/recover-20220825/UBNA_002/20220823_033000.WAV,Telephone Field,recover-20220825,002,1795
500.2215,500.2287,27187,37308,Eptesicus serotinus,0.007,0.024,-1,Echolocation,/mnt/ubna_data_01_mir/recover-20220825/UBNA_002/20220823_033000.WAV,Telephone Field,recover-20220825,002,1795
500.2415,500.2477,26328,41400,Eptesicus serotinus,0.006,0.031,-1,Echolocation,/mnt/ubna_data_01_mir/recover-20220825/UBNA_002/20220823_033000.WAV,Telephone Field,recover-20220825,002,1795
500.2655,500.3049,68437,82624,Rhinolophus ferrumequinum,0.024,0.024,-1,Echolocation,/mnt/ubna_data_01_mir/recover-20220825/UBNA_002/20220823_033000.WAV,Telephone Field,recover-20220825,002,1795
500.2775,500.28340000000003,50390,54894,Pipistrellus pipistrellus,0.022,0.024,-1,Echolocation,/mnt/ubna_data_01_mir/recover-20220825/UBNA_002/20220823_033000.WAV,Telephone Field,recover-20220825,002,1795
500.2935,500.3334,68437,81993,Rhinolophus ferrumequinum,0.023,0.023,-1,Echolocation,/mnt/ubna_data_01_mir/recover-20220825/UBNA_002/20220823_033000.WAV,Telephone Field,recover-20220825,002,1795
500.3005,500.3116,27187,34001,Eptesicus serotinus,0.013,0.026,-1,Echolocation,/mnt/ubna_data_01_mir/recover-20220825/UBNA_002/20220823_033000.WAV,Telephone Field,recover-20220825,002,1795
500.3365,500.347,26328,33803,Eptesicus serotinus,0.01,0.027,-1,Echolocation,/mnt/ubna_data_01_mir/recover-20220825/UBNA_002/20220823_033000.WAV,Telephone Field,recover-20220825,002,1795
500.3625,500.3975,68437,82095,Rhinolophus ferrumequinum,0.023,0.023,-1,Echolocation,/mnt/ubna_data_01_mir/recover-20220825/UBNA_002/20220823_033000.WAV,Telephone Field,recover-20220825,002,1795
500.3885,500.4283,68437,82792,Rhinolophus ferrumequinum,0.023,0.023,-1,Echolocation,/mnt/ubna_data_01_mir/recover-20220825/UBNA_002/20220823_033000.WAV,Telephone Field,recover-20220825,002,1795
500.3915,500.3995,28046,36815,Eptesicus serotinus,0.007,0.022,-1,Echolocation,/mnt/ubna_data_01_mir/recover-20220825/UBNA_002/20220823_033000.WAV,Telephone Field,recover-20220825,002,1795
500.4025,500.40930000000003,27187,38686,Eptesicus serotinus,0.007,0.025,-1,Echolocation,/mnt/ubna_data_01_mir/recover-20220825/UBNA_002/20220823_033000.WAV,Telephone Field,recover-20220825,002,1795
500.4395,500.479,68437,81707,Rhinolophus ferrumequinum,0.023,0.023,-1,Echolocation,/mnt/ubna_data_01_mir/recover-20220825/UBNA_002/20220823_033000.WAV,Telephone Field,recover-20220825,002,1795
500.4465,500.4879,68437,82484,Rhinolophus ferrumequinum,0.023,0.023,-1,Echolocation,/mnt/ubna_data_01_mir/recover-20220825/UBNA_002/20220823_033000.WAV,Telephone Field,recover-20220825,002,1795
500.5065,500.5248,16015,21449,Nyctalus noctula,0.027,0.035,-1,Echolocation,/mnt/ubna_data_01_mir/recover-20220825/UBNA_002/20220823_033000.WAV,Telephone Field,recover-20220825,002,1795
500.5275,500.5345,27187,38669,Eptesicus serotinus,0.006,0.024,-1,Echolocation,/mnt/ubna_data_01_mir/recover-20220825/UBNA_002/20220823_033000.WAV,Telephone Field,recover-20220825,002,1795
500.5425,500.5621,17734,20995,Nyctalus noctula,0.014,0.023,-1,Echolocation,/mnt/ubna_data_01_mir/recover-20220825/UBNA_002/20220823_033000.WAV,Telephone Field,recover-20220825,002,1795
500.5895,500.6239,68437,81197,Rhinolophus ferrumequinum,0.025,0.025,-1,Echolocation,/mnt/ubna_data_01_mir/recover-20220825/UBNA_002/20220823_033000.WAV,Telephone Field,recover-20220825,002,1795
500.5975,500.6057,23750,31847,Plecotus austriacus,0.013,0.032,-1,Echolocation,/mnt/ubna_data_01_mir/recover-20220825/UBNA_002/20220823_033000.WAV,Telephone Field,recover-20220825,002,1795
500.6075,500.645,68437,82222,Rhinolophus ferrumequinum,0.022,0.022,-1,Echolocation,/mnt/ubna_data_01_mir/recover-20220825/UBNA_002/20220823_033000.WAV,Telephone Field,recover-20220825,002,1795
500.6795,500.7168,68437,81830,Rhinolophus ferrumequinum,0.023,0.023,-1,Echolocation,/mnt/ubna_data_01_mir/recover-20220825/UBNA_002/20220823_033000.WAV,Telephone Field,recover-20220825,002,1795
500.7185,500.7591,68437,82241,Rhinolophus ferrumequinum,0.022,0.022,-1,Echolocation,/mnt/ubna_data_01_mir/recover-20220825/UBNA_002/20220823_033000.WAV,Telephone Field,recover-20220825,002,1795
500.7475,500.7564,28046,36403,Eptesicus serotinus,0.01,0.025,-1,Echolocation,/mnt/ubna_data_01_mir/recover-20220825/UBNA_002/20220823_033000.WAV,Telephone Field,recover-20220825,002,1795
500.7555,500.7954,68437,82213,Rhinolophus ferrumequinum,0.022,0.022,-1,Echolocation,/mnt/ubna_data_01_mir/recover-20220825/UBNA_002/20220823_033000.WAV,Telephone Field,recover-20220825,002,1795
500.7845,500.8242,68437,82324,Rhinolophus ferrumequinum,0.022,0.022,-1,Echolocation,/mnt/ubna_data_01_mir/recover-20220825/UBNA_002/20220823_033000.WAV,Telephone Field,recover-20220825,002,1795
500.7955,500.8343,68437,82564,Rhinolophus ferrumequinum,0.024,0.024,-1,Echolocation,/mnt/ubna_data_01_mir/recover-20220825/UBNA_002/20220823_033000.WAV,Telephone Field,recover-20220825,002,1795
500.8175,500.828,22890,28733,Nyctalus leisleri,0.014,0.031,-1,Echolocation,/mnt/ubna_data_01_mir/recover-20220825/UBNA_002/20220823_033000.WAV,Telephone Field,recover-20220825,002,1795
500.8755,500.9062,68437,79419,Rhinolophus ferrumequinum,0.023,0.024,-1,Echolocation,/mnt/ubna_data_01_mir/recover-20220825/UBNA_002/20220823_033000.WAV,Telephone Field,recover-20220825,002,1795
500.8945,500.9321,68437,81881,Rhinolophus ferrumequinum,0.025,0.025,-1,Echolocation,/mnt/ubna_data_01_mir/recover-20220825/UBNA_002/20220823_033000.WAV,Telephone Field,recover-20220825,002,1795
500.89549999999997,500.90409999999997,27187,37741,Eptesicus serotinus,0.009,0.024,-1,Echolocation,/mnt/ubna_data_01_mir/recover-20220825/UBNA_002/20220823_033000.WAV,Telephone Field,recover-20220825,002,1795
500.9245,500.9318,27187,38732,Eptesicus serotinus,0.006,0.023,-1,Echolocation,/mnt/ubna_data_01_mir/recover-20220825/UBNA_002/20220823_033000.WAV,Telephone Field,recover-20220825,002,1795
500.9515,500.9654,23750,29346,Nyctalus leisleri,0.014,0.03,-1,Echolocation,/mnt/ubna_data_01_mir/recover-20220825/UBNA_002/20220823_033000.WAV,Telephone Field,recover-20220825,002,1795
500.9635,500.9742,22890,27591,Nyctalus leisleri,0.013,0.026,-1,Echolocation,/mnt/ubna_data_01_mir/recover-20220825/UBNA_002/20220823_033000.WAV,Telephone Field,recover-20220825,002,1795
501.0165,501.0276,22890,28189,Nyctalus leisleri,0.013,0.025,-1,Echolocation,/mnt/ubna_data_01_mir/recover-20220825/UBNA_002/20220823_033000.WAV,Telephone Field,recover-20220825,002,1795
501.0175,501.0562,68437,81672,Rhinolophus ferrumequinum,0.025,0.025,-1,Echolocation,/mnt/ubna_data_01_mir/recover-20220825/UBNA_002/20220823_033000.WAV,Telephone Field,recover-20220825,002,1795
501.0985,501.1374,68437,82451,Rhinolophus ferrumequinum,0.024,0.024,-1,Echolocation,/mnt/ubna_data_01_mir/recover-20220825/UBNA_002/20220823_033000.WAV,Telephone Field,recover-20220825,002,1795
501.1685,501.2094,68437,82889,Rhinolophus ferrumequinum,0.025,0.025,-1,Echolocation,/mnt/ubna_data_01_mir/recover-20220825/UBNA_002/20220823_033000.WAV,Telephone Field,recover-20220825,002,1795
501.2335,501.2709,68437,81876,Rhinolophus ferrumequinum,0.023,0.023,-1,Echolocation,/mnt/ubna_data_01_mir/recover-20220825/UBNA_002/20220823_033000.WAV,Telephone Field,recover-20220825,002,1795
501.2475,501.2532,38359,57744,Myotis brandtii,0.007,0.023,-1,Echolocation,/mnt/ubna_data_01_mir/recover-20220825/UBNA_002/20220823_033000.WAV,Telephone Field,recover-20220825,002,1795
501.2735,501.2842,22890,28253,Nyctalus leisleri,0.011,0.024,-1,Echolocation,/mnt/ubna_data_01_mir/recover-20220825/UBNA_002/20220823_033000.WAV,Telephone Field,recover-20220825,002,1795
501.2735,501.3136,68437,82372,Rhinolophus ferrumequinum,0.026,0.026,-1,Echolocation,/mnt/ubna_data_01_mir/recover-20220825/UBNA_002/20220823_033000.WAV,Telephone Field,recover-20220825,002,1795
501.3005,501.3431,68437,82530,Rhinolophus ferrumequinum,0.027,0.027,-1,Echolocation,/mnt/ubna_data_01_mir/recover-20220825/UBNA_002/20220823_033000.WAV,Telephone Field,recover-20220825,002,1795
501.3795,501.4179,68437,82168,Rhinolophus ferrumequinum,0.029,0.029,-1,Echolocation,/mnt/ubna_data_01_mir/recover-20220825/UBNA_002/20220823_033000.WAV,Telephone Field,recover-20220825,002,1795
501.3805,501.3935,30625,37142,Eptesicus serotinus,0.022,0.038,-1,Echolocation,/mnt/ubna_data_01_mir/recover-20220825/UBNA_002/20220823_033000.WAV,Telephone Field,recover-20220825,002,1795
501.3875,501.4267,68437,83263,Rhinolophus ferrumequinum,0.025,0.025,-1,Echolocation,/mnt/ubna_data_01_mir/recover-20220825/UBNA_002/20220823_033000.WAV,Telephone Field,recover-20220825,002,1795
501.4185,501.426,27187,39284,Eptesicus serotinus,0.007,0.025,-1,Echolocation,/mnt/ubna_data_01_mir/recover-20220825/UBNA_002/20220823_033000.WAV,Telephone Field,recover-20220825,002,1795
501.4365,501.4771,68437,82094,Rhinolophus ferrumequinum,0.023,0.023,-1,Echolocation,/mnt/ubna_data_01_mir/recover-20220825/UBNA_002/20220823_033000.WAV,Telephone Field,recover-20220825,002,1795
501.4475,501.4568,27187,36251,Eptesicus serotinus,0.01,0.025,-1,Echolocation,/mnt/ubna_data_01_mir/recover-20220825/UBNA_002/20220823_033000.WAV,Telephone Field,recover-20220825,002,1795
501.52049999999997,501.5308,29765,37845,Eptesicus serotinus,0.009,0.022,-1,Echolocation,/mnt/ubna_data_01_mir/recover-20220825/UBNA_002/20220823_033000.WAV,Telephone Field,recover-20220825,002,1795
501.5475,501.5849,68437,81102,Rhinolophus ferrumequinum,0.027,0.027,-1,Echolocation,/mnt/ubna_data_01_mir/recover-20220825/UBNA_002/20220823_033000.WAV,Telephone Field,recover-20220825,002,1795
501.5625,501.604,68437,82597,Rhinolophus ferrumequinum,0.033,0.033,-1,Echolocation,/mnt/ubna_data_01_mir/recover-20220825/UBNA_002/20220823_033000.WAV,Telephone Field,recover-20220825,002,1795
501.5755,501.5841,28046,40366,Eptesicus serotinus,0.008,0.023,-1,Echolocation,/mnt/ubna_data_01_mir/recover-20220825/UBNA_002/20220823_033000.WAV,Telephone Field,recover-20220825,002,1795
501.6135,501.6519,68437,82247,Rhinolophus ferrumequinum,0.022,0.023,-1,Echolocation,/mnt/ubna_data_01_mir/recover-20220825/UBNA_002/20220823_033000.WAV,Telephone Field,recover-20220825,002,1795
501.6235,501.6647,68437,83159,Rhinolophus ferrumequinum,0.025,0.025,-1,Echolocation,/mnt/ubna_data_01_mir/recover-20220825/UBNA_002/20220823_033000.WAV,Telephone Field,recover-20220825,002,1795
501.6465,501.6526,28046,38488,Eptesicus serotinus,0.008,0.037,-1,Echolocation,/mnt/ubna_data_01_mir/recover-20220825/UBNA_002/20220823_033000.WAV,Telephone Field,recover-20220825,002,1795
501.6815,501.72180000000003,68437,82463,Rhinolophus ferrumequinum,0.023,0.023,-1,Echolocation,/mnt/ubna_data_01_mir/recover-20220825/UBNA_002/20220823_033000.WAV,Telephone Field,recover-20220825,002,1795
501.7235,501.7302,27187,39643,Eptesicus serotinus,0.006,0.027,-1,Echolocation,/mnt/ubna_data_01_mir/recover-20220825/UBNA_002/20220823_033000.WAV,Telephone Field,recover-20220825,002,1795
501.7305,501.7408,28906,36274,Eptesicus serotinus,0.012,0.028,-1,Echolocation,/mnt/ubna_data_01_mir/recover-20220825/UBNA_002/20220823_033000.WAV,Telephone Field,recover-20220825,002,1795
501.7625,501.7993,68437,81930,Rhinolophus ferrumequinum,0.026,0.027,-1,Echolocation,/mnt/ubna_data_01_mir/recover-20220825/UBNA_002/20220823_033000.WAV,Telephone Field,recover-20220825,002,1795
501.7965,501.8362,68437,82369,Rhinolophus ferrumequinum,0.024,0.024,-1,Echolocation,/mnt/ubna_data_01_mir/recover-20220825/UBNA_002/20220823_033000.WAV,Telephone Field,recover-20220825,002,1795
501.8325,501.8765,68437,83298,Rhinolophus ferrumequinum,0.034,0.034,-1,Echolocation,/mnt/ubna_data_01_mir/recover-20220825/UBNA_002/20220823_033000.WAV,Telephone Field,recover-20220825,002,1795
501.8465,501.8859,68437,82092,Rhinolophus ferrumequinum,0.022,0.022,-1,Echolocation,/mnt/ubna_data_01_mir/recover-20220825/UBNA_002/20220823_033000.WAV,Telephone Field,recover-20220825,002,1795
501.8665,501.8738,28046,37308,Eptesicus serotinus,0.006,0.024,-1,Echolocation,/mnt/ubna_data_01_mir/recover-20220825/UBNA_002/20220823_033000.WAV,Telephone Field,recover-20220825,002,1795
501.8695,501.9034,68437,81138,Rhinolophus ferrumequinum,0.023,0.024,-1,Echolocation,/mnt/ubna_data_01_mir/recover-20220825/UBNA_002/20220823_033000.WAV,Telephone Field,recover-20220825,002,1795
501.8985,501.9351,68437,81530,Rhinolophus ferrumequinum,0.024,0.024,-1,Echolocation,/mnt/ubna_data_01_mir/recover-20220825/UBNA_002/20220823_033000.WAV,Telephone Field,recover-20220825,002,1795
501.8995,501.9097,22890,28514,Nyctalus leisleri,0.01,0.023,-1,Echolocation,/mnt/ubna_data_01_mir/recover-20220825/UBNA_002/20220823_033000.WAV,Telephone Field,recover-20220825,002,1795
501.9315,501.97090000000003,68437,82433,Rhinolophus ferrumequinum,0.024,0.024,-1,Echolocation,/mnt/ubna_data_01_mir/recover-20220825/UBNA_002/20220823_033000.WAV,Telephone Field,recover-20220825,002,1795
501.9485,501.9888,68437,82421,Rhinolophus ferrumequinum,0.024,0.024,-1,Echolocation,/mnt/ubna_data_01_mir/recover-20220825/UBNA_002/20220823_033000.WAV,Telephone Field,recover-20220825,002,1795
501.9725,501.9808,46953,51771,Pipistrellus pipistrellus,0.03,0.032,-1,Echolocation,/mnt/ubna_data_01_mir/recover-20220825/UBNA_002/20220823_033000.WAV,Telephone Field,recover-20220825,002,1795
502.0015,502.0347,69296,81331,Rhinolophus ferrumequinum,0.035,0.035,-1,Echolocation,/mnt/ubna_data_01_mir/recover-20220825/UBNA_002/20220823_033000.WAV,Telephone Field,recover-20220825,002,1795
502.0015,502.0102,24609,32459,Nyctalus leisleri,0.012,0.032,-1,Echolocation,/mnt/ubna_data_01_mir/recover-20220825/UBNA_002/20220823_033000.WAV,Telephone Field,recover-20220825,002,1795
502.0385,502.0755,68437,81325,Rhinolophus ferrumequinum,0.02,0.02,-1,Echolocation,/mnt/ubna_data_01_mir/recover-20220825/UBNA_002/20220823_033000.WAV,Telephone Field,recover-20220825,002,1795
502.0485,502.061,37500,42222,Pipistrellus nathusii,0.012,0.026,-1,Echolocation,/mnt/ubna_data_01_mir/recover-20220825/UBNA_002/20220823_033000.WAV,Telephone Field,recover-20220825,002,1795
502.0485,502.0577,27187,38281,Eptesicus serotinus,0.01,0.024,-1,Echolocation,/mnt/ubna_data_01_mir/recover-20220825/UBNA_002/20220823_033000.WAV,Telephone Field,recover-20220825,002,1795
502.0515,502.0883,68437,81651,Rhinolophus ferrumequinum,0.02,0.02,-1,Echolocation,/mnt/ubna_data_01_mir/recover-20220825/UBNA_002/20220823_033000.WAV,Telephone Field,recover-20220825,002,1795
502.0855,502.1283,68437,83017,Rhinolophus ferrumequinum,0.047,0.047,-1,Echolocation,/mnt/ubna_data_01_mir/recover-20220825/UBNA_002/20220823_033000.WAV,Telephone Field,recover-20220825,002,1795
502.1035,502.1421,68437,82223,Rhinolophus ferrumequinum,0.02,0.02,-1,Echolocation,/mnt/ubna_data_01_mir/recover-20220825/UBNA_002/20220823_033000.WAV,Telephone Field,recover-20220825,002,1795
502.1245,502.1645,68437,82219,Rhinolophus ferrumequinum,0.02,0.02,-1,Echolocation,/mnt/ubna_data_01_mir/recover-20220825/UBNA_002/20220823_033000.WAV,Telephone Field,recover-20220825,002,1795
502.14549999999997,502.1537,28046,38989,Eptesicus serotinus,0.008,0.021,-1,Echolocation,/mnt/ubna_data_01_mir/recover-20220825/UBNA_002/20220823_033000.WAV,Telephone Field,recover-20220825,002,1795
502.1625,502.1999,68437,81268,Rhinolophus ferrumequinum,0.023,0.023,-1,Echolocation,/mnt/ubna_data_01_mir/recover-20220825/UBNA_002/20220823_033000.WAV,Telephone Field,recover-20220825,002,1795
502.1815,502.192,28906,35659,Eptesicus serotinus,0.012,0.027,-1,Echolocation,/mnt/ubna_data_01_mir/recover-20220825/UBNA_002/20220823_033000.WAV,Telephone Field,recover-20220825,002,1795
502.1875,502.2238,68437,81323,Rhinolophus ferrumequinum,0.022,0.022,-1,Echolocation,/mnt/ubna_data_01_mir/recover-20220825/UBNA_002/20220823_033000.WAV,Telephone Field,recover-20220825,002,1795
502.2005,502.2393,68437,82374,Rhinolophus ferrumequinum,0.022,0.022,-1,Echolocation,/mnt/ubna_data_01_mir/recover-20220825/UBNA_002/20220823_033000.WAV,Telephone Field,recover-20220825,002,1795
502.2025,502.2114,22890,30235,Plecotus austriacus,0.007,0.021,-1,Echolocation,/mnt/ubna_data_01_mir/recover-20220825/UBNA_002/20220823_033000.WAV,Telephone Field,recover-20220825,002,1795
502.2165,502.25260000000003,68437,81969,Rhinolophus ferrumequinum,0.02,0.02,-1,Echolocation,/mnt/ubna_data_01_mir/recover-20220825/UBNA_002/20220823_033000.WAV,Telephone Field,recover-20220825,002,1795
502.2395,502.2487,28906,36912,Eptesicus serotinus,0.009,0.025,-1,Echolocation,/mnt/ubna_data_01_mir/recover-20220825/UBNA_002/20220823_033000.WAV,Telephone Field,recover-20220825,002,1795
502.2485,502.2901,68437,82569,Rhinolophus ferrumequinum,0.023,0.023,-1,Echolocation,/mnt/ubna_data_01_mir/recover-20220825/UBNA_002/20220823_033000.WAV,Telephone Field,recover-20220825,002,1795
502.2555,502.2975,68437,82790,Rhinolophus ferrumequinum,0.023,0.023,-1,Echolocation,/mnt/ubna_data_01_mir/recover-20220825/UBNA_002/20220823_033000.WAV,Telephone Field,recover-20220825,002,1795
502.2655,502.3084,68437,82627,Rhinolophus ferrumequinum,0.022,0.022,-1,Echolocation,/mnt/ubna_data_01_mir/recover-20220825/UBNA_002/20220823_033000.WAV,Telephone Field,recover-20220825,002,1795
502.3425,502.3827,68437,82213,Rhinolophus ferrumequinum,0.029,0.029,-1,Echolocation,/mnt/ubna_data_01_mir/recover-20220825/UBNA_002/20220823_033000.WAV,Telephone Field,recover-20220825,002,1795
502.3625,502.4034,68437,82317,Rhinolophus ferrumequinum,0.02,0.02,-1,Echolocation,/mnt/ubna_data_01_mir/recover-20220825/UBNA_002/20220823_033000.WAV,Telephone Field,recover-20220825,002,1795
502.3825,502.3899,26328,40742,Eptesicus serotinus,0.008,0.023,-1,Echolocation,/mnt/ubna_data_01_mir/recover-20220825/UBNA_002/20220823_033000.WAV,Telephone Field,recover-20220825,002,1795
502.3825,502.4222,68437,82847,Rhinolophus ferrumequinum,0.022,0.022,-1,Echolocation,/mnt/ubna_data_01_mir/recover-20220825/UBNA_002/20220823_033000.WAV,Telephone Field,recover-20220825,002,1795
502.3935,502.4306,68437,81439,Rhinolophus ferrumequinum,0.02,0.02,-1,Echolocation,/mnt/ubna_data_01_mir/recover-20220825/UBNA_002/20220823_033000.WAV,Telephone Field,recover-20220825,002,1795
502.4065,502.4155,28906,38084,Eptesicus serotinus,0.012,0.026,-1,Echolocation,/mnt/ubna_data_01_mir/recover-20220825/UBNA_002/20220823_033000.WAV,Telephone Field,recover-20220825,002,1795
502.4095,502.4494,68437,82182,Rhinolophus ferrumequinum,0.024,0.024,-1,Echolocation,/mnt/ubna_data_01_mir/recover-20220825/UBNA_002/20220823_033000.WAV,Telephone Field,recover-20220825,002,1795
502.4355,502.4444,28046,39361,Eptesicus serotinus,0.009,0.021,-1,Echolocation,/mnt/ubna_data_01_mir/recover-20220825/UBNA_002/20220823_033000.WAV,Telephone Field,recover-20220825,002,1795
502.4425,502.4794,68437,82022,Rhinolophus ferrumequinum,0.021,0.021,-1,Echolocation,/mnt/ubna_data_01_mir/recover-20220825/UBNA_002/20220823_033000.WAV,Telephone Field,recover-20220825,002,1795
502.4585,502.498,68437,82257,Rhinolophus ferrumequinum,0.02,0.02,-1,Echolocation,/mnt/ubna_data_01_mir/recover-20220825/UBNA_002/20220823_033000.WAV,Telephone Field,recover-20220825,002,1795
502.4755,502.5118,68437,81518,Rhinolophus ferrumequinum,0.02,0.02,-1,Echolocation,/mnt/ubna_data_01_mir/recover-20220825/UBNA_002/20220823_033000.WAV,Telephone Field,recover-20220825,002,1795
502.5075,502.5458,68437,82338,Rhinolophus ferrumequinum,0.021,0.021,-1,Echolocation,/mnt/ubna_data_01_mir/recover-20220825/UBNA_002/20220823_033000.WAV,Telephone Field,recover-20220825,002,1795
502.5395,502.5802,68437,82199,Rhinolophus ferrumequinum,0.023,0.023,-1,Echolocation,/mnt/ubna_data_01_mir/recover-20220825/UBNA_002/20220823_033000.WAV,Telephone Field,recover-20220825,002,1795
502.5525,502.5627,26328,34691,Eptesicus serotinus,0.011,0.024,-1,Echolocation,/mnt/ubna_data_01_mir/recover-20220825/UBNA_002/20220823_033000.WAV,Telephone Field,recover-20220825,002,1795
502.5585,502.5665,23750,31678,Plecotus austriacus,0.01,0.024,-1,Echolocation,/mnt/ubna_data_01_mir/recover-20220825/UBNA_002/20220823_033000.WAV,Telephone Field,recover-20220825,002,1795
502.6265,502.63779999999997,23750,29283,Nyctalus leisleri,0.011,0.025,-1,Echolocation,/mnt/ubna_data_01_mir/recover-20220825/UBNA_002/20220823_033000.WAV,Telephone Field,recover-20220825,002,1795
502.6395,502.6474,27187,40266,Eptesicus serotinus,0.006,0.02,-1,Echolocation,/mnt/ubna_data_01_mir/recover-20220825/UBNA_002/20220823_033000.WAV,Telephone Field,recover-20220825,002,1795
502.6395,502.6752,68437,81728,Rhinolophus ferrumequinum,0.02,0.02,-1,Echolocation,/mnt/ubna_data_01_mir/recover-20220825/UBNA_002/20220823_033000.WAV,Telephone Field,recover-20220825,002,1795
502.6555,502.6639,26328,35029,Eptesicus serotinus,0.009,0.024,-1,Echolocation,/mnt/ubna_data_01_mir/recover-20220825/UBNA_002/20220823_033000.WAV,Telephone Field,recover-20220825,002,1795
502.6565,502.6937,68437,81294,Rhinolophus ferrumequinum,0.022,0.022,-1,Echolocation,/mnt/ubna_data_01_mir/recover-20220825/UBNA_002/20220823_033000.WAV,Telephone Field,recover-20220825,002,1795
502.6715,502.6799,28046,39022,Eptesicus serotinus,0.008,0.021,-1,Echolocation,/mnt/ubna_data_01_mir/recover-20220825/UBNA_002/20220823_033000.WAV,Telephone Field,recover-20220825,002,1795
502.7225,502.7303,23750,32217,Plecotus austriacus,0.008,0.021,-1,Echolocation,/mnt/ubna_data_01_mir/recover-20220825/UBNA_002/20220823_033000.WAV,Telephone Field,recover-20220825,002,1795
502.7495,502.7877,68437,82237,Rhinolophus ferrumequinum,0.029,0.029,-1,Echolocation,/mnt/ubna_data_01_mir/recover-20220825/UBNA_002/20220823_033000.WAV,Telephone Field,recover-20220825,002,1795
502.7535,502.7613,26328,37396,Eptesicus serotinus,0.005,0.02,-1,Echolocation,/mnt/ubna_data_01_mir/recover-20220825/UBNA_002/20220823_033000.WAV,Telephone Field,recover-20220825,002,1795
502.7655,502.7762,23750,29750,Nyctalus leisleri,0.009,0.023,-1,Echolocation,/mnt/ubna_data_01_mir/recover-20220825/UBNA_002/20220823_033000.WAV,Telephone Field,recover-20220825,002,1795
502.8135,502.8524,68437,81830,Rhinolophus ferrumequinum,0.022,0.022,-1,Echolocation,/mnt/ubna_data_01_mir/recover-20220825/UBNA_002/20220823_033000.WAV,Telephone Field,recover-20220825,002,1795
502.8395,502.8813,68437,82748,Rhinolophus ferrumequinum,0.028,0.028,-1,Echolocation,/mnt/ubna_data_01_mir/recover-20220825/UBNA_002/20220823_033000.WAV,Telephone Field,recover-20220825,002,1795
502.8605,502.897,68437,81764,Rhinolophus ferrumequinum,0.022,0.022,-1,Echolocation,/mnt/ubna_data_01_mir/recover-20220825/UBNA_002/20220823_033000.WAV,Telephone Field,recover-20220825,002,1795
502.8905,502.9294,68437,82670,Rhinolophus ferrumequinum,0.02,0.02,-1,Echolocation,/mnt/ubna_data_01_mir/recover-20220825/UBNA_002/20220823_033000.WAV,Telephone Field,recover-20220825,002,1795
502.9075,502.91700000000003,43515,45962,Pipistrellus pipistrellus,0.018,0.02,-1,Echolocation,/mnt/ubna_data_01_mir/recover-20220825/UBNA_002/20220823_033000.WAV,Telephone Field,recover-20220825,002,1795
502.9095,502.9496,68437,82472,Rhinolophus ferrumequinum,0.023,0.023,-1,Echolocation,/mnt/ubna_data_01_mir/recover-20220825/UBNA_002/20220823_033000.WAV,Telephone Field,recover-20220825,002,1795
502.9335,502.9702,68437,82112,Rhinolophus ferrumequinum,0.02,0.02,-1,Echolocation,/mnt/ubna_data_01_mir/recover-20220825/UBNA_002/20220823_033000.WAV,Telephone Field,recover-20220825,002,1795
502.9665,502.9757,28046,37492,Eptesicus serotinus,0.008,0.021,-1,Echolocation,/mnt/ubna_data_01_mir/recover-20220825/UBNA_002/20220823_033000.WAV,Telephone Field,recover-20220825,002,1795
502.9815,503.0196,68437,81994,Rhinolophus ferrumequinum,0.022,0.022,-1,Echolocation,/mnt/ubna_data_01_mir/recover-20220825/UBNA_002/20220823_033000.WAV,Telephone Field,recover-20220825,002,1795
502.9895,503.0306,68437,82670,Rhinolophus ferrumequinum,0.022,0.022,-1,Echolocation,/mnt/ubna_data_01_mir/recover-20220825/UBNA_002/20220823_033000.WAV,Telephone Field,recover-20220825,002,1795
503.0645,503.1013,68437,81018,Rhinolophus ferrumequinum,0.022,0.022,-1,Echolocation,/mnt/ubna_data_01_mir/recover-20220825/UBNA_002/20220823_033000.WAV,Telephone Field,recover-20220825,002,1795
503.0845,503.1229,68437,82273,Rhinolophus ferrumequinum,0.022,0.022,-1,Echolocation,/mnt/ubna_data_01_mir/recover-20220825/UBNA_002/20220823_033000.WAV,Telephone Field,recover-20220825,002,1795
503.1035,503.142,68437,81851,Rhinolophus ferrumequinum,0.023,0.023,-1,Echolocation,/mnt/ubna_data_01_mir/recover-20220825/UBNA_002/20220823_033000.WAV,Telephone Field,recover-20220825,002,1795
503.1295,503.1714,68437,82946,Rhinolophus ferrumequinum,0.029,0.029,-1,Echolocation,/mnt/ubna_data_01_mir/recover-20220825/UBNA_002/20220823_033000.WAV,Telephone Field,recover-20220825,002,1795
503.1535,503.1638,28906,35483,Eptesicus serotinus,0.01,0.021,-1,Echolocation,/mnt/ubna_data_01_mir/recover-20220825/UBNA_002/20220823_033000.WAV,Telephone Field,recover-20220825,002,1795
503.1595,503.168,26328,34782,Eptesicus serotinus,0.008,0.02,-1,Echolocation,/mnt/ubna_data_01_mir/recover-20220825/UBNA_002/20220823_033000.WAV,Telephone Field,recover-20220825,002,1795
503.1905,503.1996,25468,33417,Eptesicus serotinus,0.011,0.029,-1,Echolocation,/mnt/ubna_data_01_mir/recover-20220825/UBNA_002/20220823_033000.WAV,Telephone Field,recover-20220825,002,1795
503.2185,503.2536,68437,81473,Rhinolophus ferrumequinum,0.021,0.021,-1,Echolocation,/mnt/ubna_data_01_mir/recover-20220825/UBNA_002/20220823_033000.WAV,Telephone Field,recover-20220825,002,1795
503.2555,503.2962,68437,82775,Rhinolophus ferrumequinum,0.024,0.024,-1,Echolocation,/mnt/ubna_data_01_mir/recover-20220825/UBNA_002/20220823_033000.WAV,Telephone Field,recover-20220825,002,1795
503.2605,503.2701,28906,37351,Eptesicus serotinus,0.008,0.021,-1,Echolocation,/mnt/ubna_data_01_mir/recover-20220825/UBNA_002/20220823_033000.WAV,Telephone Field,recover-20220825,002,1795
503.3575,503.3954,68437,82138,Rhinolophus ferrumequinum,0.021,0.021,-1,Echolocation,/mnt/ubna_data_01_mir/recover-20220825/UBNA_002/20220823_033000.WAV,Telephone Field,recover-20220825,002,1795
503.3935,503.4028,22890,29833,Plecotus austriacus,0.008,0.024,-1,Echolocation,/mnt/ubna_data_01_mir/recover-20220825/UBNA_002/20220823_033000.WAV,Telephone Field,recover-20220825,002,1795
503.4045,503.44259999999997,68437,81670,Rhinolophus ferrumequinum,0.02,0.02,-1,Echolocation,/mnt/ubna_data_01_mir/recover-20220825/UBNA_002/20220823_033000.WAV,Telephone Field,recover-20220825,002,1795
503.4255,503.4351,22031,27609,Nyctalus leisleri,0.007,0.02,-1,Echolocation,/mnt/ubna_data_01_mir/recover-20220825/UBNA_002/20220823_033000.WAV,Telephone Field,recover-20220825,002,1795
503.4435,503.483,68437,81755,Rhinolophus ferrumequinum,0.022,0.022,-1,Echolocation,/mnt/ubna_data_01_mir/recover-20220825/UBNA_002/20220823_033000.WAV,Telephone Field,recover-20220825,002,1795
503.4525,503.4614,37500,46975,Myotis daubentonii,0.005,0.021,-1,Echolocation,/mnt/ubna_data_01_mir/recover-20220825/UBNA_002/20220823_033000.WAV,Telephone Field,recover-20220825,002,1795
503.4925,503.5032,22031,26280,Nyctalus leisleri,0.011,0.02,-1,Echolocation,/mnt/ubna_data_01_mir/recover-20220825/UBNA_002/20220823_033000.WAV,Telephone Field,recover-20220825,002,1795
503.4955,503.5075,44375,47504,Pipistrellus pipistrellus,0.033,0.036,-1,Echolocation,/mnt/ubna_data_01_mir/recover-20220825/UBNA_002/20220823_033000.WAV,Telephone Field,recover-20220825,002,1795
503.5045,503.5418,68437,82360,Rhinolophus ferrumequinum,0.02,0.02,-1,Echolocation,/mnt/ubna_data_01_mir/recover-20220825/UBNA_002/20220823_033000.WAV,Telephone Field,recover-20220825,002,1795
503.5225,503.5605,68437,82293,Rhinolophus ferrumequinum,0.027,0.027,-1,Echolocation,/mnt/ubna_data_01_mir/recover-20220825/UBNA_002/20220823_033000.WAV,Telephone Field,recover-20220825,002,1795
503.5265,503.5361,27187,37419,Eptesicus serotinus,0.009,0.022,-1,Echolocation,/mnt/ubna_data_01_mir/recover-20220825/UBNA_002/20220823_033000.WAV,Telephone Field,recover-20220825,002,1795
503.5405,503.5807,68437,82450,Rhinolophus ferrumequinum,0.021,0.021,-1,Echolocation,/mnt/ubna_data_01_mir/recover-20220825/UBNA_002/20220823_033000.WAV,Telephone Field,recover-20220825,002,1795
503.5605,503.5966,68437,81892,Rhinolophus ferrumequinum,0.024,0.024,-1,Echolocation,/mnt/ubna_data_01_mir/recover-20220825/UBNA_002/20220823_033000.WAV,Telephone Field,recover-20220825,002,1795
503.5755,503.58389999999997,14296,22883,Plecotus auritus,0.029,0.042,-1,Echolocation,/mnt/ubna_data_01_mir/recover-20220825/UBNA_002/20220823_033000.WAV,Telephone Field,recover-20220825,002,1795
503.5835,503.5938,22890,29126,Nyctalus leisleri,0.007,0.02,-1,Echolocation,/mnt/ubna_data_01_mir/recover-20220825/UBNA_002/20220823_033000.WAV,Telephone Field,recover-20220825,002,1795
503.5895,503.6254,68437,81754,Rhinolophus ferrumequinum,0.021,0.021,-1,Echolocation,/mnt/ubna_data_01_mir/recover-20220825/UBNA_002/20220823_033000.WAV,Telephone Field,recover-20220825,002,1795
503.5955,503.6321,68437,81614,Rhinolophus ferrumequinum,0.02,0.02,-1,Echolocation,/mnt/ubna_data_01_mir/recover-20220825/UBNA_002/20220823_033000.WAV,Telephone Field,recover-20220825,002,1795
503.6135,503.6216,28906,38611,Eptesicus serotinus,0.008,0.022,-1,Echolocation,/mnt/ubna_data_01_mir/recover-20220825/UBNA_002/20220823_033000.WAV,Telephone Field,recover-20220825,002,1795
503.6145,503.656,68437,83147,Rhinolophus ferrumequinum,0.022,0.022,-1,Echolocation,/mnt/ubna_data_01_mir/recover-20220825/UBNA_002/20220823_033000.WAV,Telephone Field,recover-20220825,002,1795
503.6355,503.6432,27187,41503,Eptesicus serotinus,0.007,0.02,-1,Echolocation,/mnt/ubna_data_01_mir/recover-20220825/UBNA_002/20220823_033000.WAV,Telephone Field,recover-20220825,002,1795
503.6355,503.6752,68437,82514,Rhinolophus ferrumequinum,0.035,0.035,-1,Echolocation,/mnt/ubna_data_01_mir/recover-20220825/UBNA_002/20220823_033000.WAV,Telephone Field,recover-20220825,002,1795
503.6965,503.738,68437,82867,Rhinolophus ferrumequinum,0.024,0.024,-1,Echolocation,/mnt/ubna_data_01_mir/recover-20220825/UBNA_002/20220823_033000.WAV,Telephone Field,recover-20220825,002,1795
503.7185,503.754,68437,81276,Rhinolophus ferrumequinum,0.021,0.021,-1,Echolocation,/mnt/ubna_data_01_mir/recover-20220825/UBNA_002/20220823_033000.WAV,Telephone Field,recover-20220825,002,1795
503.7225,503.7305,26328,34318,Eptesicus serotinus,0.008,0.023,-1,Echolocation,/mnt/ubna_data_01_mir/recover-20220825/UBNA_002/20220823_033000.WAV,Telephone Field,recover-20220825,002,1795
503.7415,503.7811,68437,82603,Rhinolophus ferrumequinum,0.023,0.023,-1,Echolocation,/mnt/ubna_data_01_mir/recover-20220825/UBNA_002/20220823_033000.WAV,Telephone Field,recover-20220825,002,1795
503.7815,503.8211,68437,81951,Rhinolophus ferrumequinum,0.021,0.021,-1,Echolocation,/mnt/ubna_data_01_mir/recover-20220825/UBNA_002/20220823_033000.WAV,Telephone Field,recover-20220825,002,1795
503.7815,503.7887,51250,55815,Pipistrellus pipistrellus,0.027,0.03,-1,Echolocation,/mnt/ubna_data_01_mir/recover-20220825/UBNA_002/20220823_033000.WAV,Telephone Field,recover-20220825,002,1795
503.7905,503.8033,15156,22027,Nyctalus noctula,0.019,0.027,-1,Echolocation,/mnt/ubna_data_01_mir/recover-20220825/UBNA_002/20220823_033000.WAV,Telephone Field,recover-20220825,002,1795
503.8045,503.8463,68437,82716,Rhinolophus ferrumequinum,0.026,0.026,-1,Echolocation,/mnt/ubna_data_01_mir/recover-20220825/UBNA_002/20220823_033000.WAV,Telephone Field,recover-20220825,002,1795
503.8255,503.8635,68437,81772,Rhinolophus ferrumequinum,0.02,0.021,-1,Echolocation,/mnt/ubna_data_01_mir/recover-20220825/UBNA_002/20220823_033000.WAV,Telephone Field,recover-20220825,002,1795
503.8345,503.8433,15156,21875,Plecotus auritus,0.021,0.048,-1,Echolocation,/mnt/ubna_data_01_mir/recover-20220825/UBNA_002/20220823_033000.WAV,Telephone Field,recover-20220825,002,1795
503.8425,503.8811,68437,82040,Rhinolophus ferrumequinum,0.02,0.02,-1,Echolocation,/mnt/ubna_data_01_mir/recover-20220825/UBNA_002/20220823_033000.WAV,Telephone Field,recover-20220825,002,1795
503.8475,503.85699999999997,28046,37056,Eptesicus serotinus,0.008,0.02,-1,Echolocation,/mnt/ubna_data_01_mir/recover-20220825/UBNA_002/20220823_033000.WAV,Telephone Field,recover-20220825,002,1795
503.8565,503.8949,68437,81919,Rhinolophus ferrumequinum,0.025,0.025,-1,Echolocation,/mnt/ubna_data_01_mir/recover-20220825/UBNA_002/20220823_033000.WAV,Telephone Field,recover-20220825,002,1795
503.9015,503.9421,68437,82166,Rhinolophus ferrumequinum,0.021,0.021,-1,Echolocation,/mnt/ubna_data_01_mir/recover-20220825/UBNA_002/20220823_033000.WAV,Telephone Field,recover-20220825,002,1795
503.9215,503.9602,68437,81834,Rhinolophus ferrumequinum,0.02,0.02,-1,Echolocation,/mnt/ubna_data_01_mir/recover-20220825/UBNA_002/20220823_033000.WAV,Telephone Field,recover-20220825,002,1795
503.9425,503.9867,68437,83357,Rhinolophus ferrumequinum,0.043,0.043,-1,Echolocation,/mnt/ubna_data_01_mir/recover-20220825/UBNA_002/20220823_033000.WAV,Telephone Field,recover-20220825,002,1795
503.9565,503.9665,22890,27777,Nyctalus leisleri,0.009,0.02,-1,Echolocation,/mnt/ubna_data_01_mir/recover-20220825/UBNA_002/20220823_033000.WAV,Telephone Field,recover-20220825,002,1795
504.0015,504.0314,68437,79616,Rhinolophus ferrumequinum,0.035,0.035,-1,Echolocation,/mnt/ubna_data_01_mir/recover-20220825/UBNA_002/20220823_033000.WAV,Telephone Field,recover-20220825,002,1795
504.0015,504.0094,38359,48161,Pipistrellus nathusii,0.01,0.03,-1,Echolocation,/mnt/ubna_data_01_mir/recover-20220825/UBNA_002/20220823_033000.WAV,Telephone Field,recover-20220825,002,1795
504.0015,504.0092,23750,34557,Nyctalus leisleri,0.005,0.026,-1,Echolocation,/mnt/ubna_data_01_mir/recover-20220825/UBNA_002/20220823_033000.WAV,Telephone Field,recover-20220825,002,1795
504.0065,504.0143,28906,39462,Myotis daubentonii,0.014,0.027,-1,Echolocation,/mnt/ubna_data_01_mir/recover-20220825/UBNA_002/20220823_033000.WAV,Telephone Field,recover-20220825,002,1795
504.0115,504.0191,44375,53297,Pipistrellus pipistrellus,0.012,0.025,-1,Echolocation,/mnt/ubna_data_01_mir/recover-20220825/UBNA_002/20220823_033000.WAV,Telephone Field,recover-20220825,002,1795
504.0595,504.0678,40078,45311,Pipistrellus nathusii,0.021,0.037,-1,Echolocation,/mnt/ubna_data_01_mir/recover-20220825/UBNA_002/20220823_033000.WAV,Telephone Field,recover-20220825,002,1795
504.0855,504.0997,33203,37696,Pipistrellus nathusii,0.04,0.068,-1,Echolocation,/mnt/ubna_data_01_mir/recover-20220825/UBNA_002/20220823_033000.WAV,Telephone Field,recover-20220825,002,1795
504.0985,504.1351,68437,81710,Rhinolophus ferrumequinum,0.023,0.024,-1,Echolocation,/mnt/ubna_data_01_mir/recover-20220825/UBNA_002/20220823_033000.WAV,Telephone Field,recover-20220825,002,1795
504.1355,504.1433,54687,59631,Pipistrellus pygmaeus,0.034,0.034,-1,Echolocation,/mnt/ubna_data_01_mir/recover-20220825/UBNA_002/20220823_033000.WAV,Telephone Field,recover-20220825,002,1795
504.1555,504.1684,51250,58564,Pipistrellus pipistrellus,0.02,0.034,-1,Echolocation,/mnt/ubna_data_01_mir/recover-20220825/UBNA_002/20220823_033000.WAV,Telephone Field,recover-20220825,002,1795
504.1825,504.2222,68437,82611,Rhinolophus ferrumequinum,0.024,0.024,-1,Echolocation,/mnt/ubna_data_01_mir/recover-20220825/UBNA_002/20220823_033000.WAV,Telephone Field,recover-20220825,002,1795
504.1925,504.2337,68437,82487,Rhinolophus ferrumequinum,0.024,0.024,-1,Echolocation,/mnt/ubna_data_01_mir/recover-20220825/UBNA_002/20220823_033000.WAV,Telephone Field,recover-20220825,002,1795
504.1995,504.2404,68437,83094,Rhinolophus ferrumequinum,0.025,0.025,-1,Echolocation,/mnt/ubna_data_01_mir/recover-20220825/UBNA_002/20220823_033000.WAV,Telephone Field,recover-20220825,002,1795
504.2005,504.2078,26328,36330,Eptesicus serotinus,0.007,0.022,-1,Echolocation,/mnt/ubna_data_01_mir/recover-20220825/UBNA_002/20220823_033000.WAV,Telephone Field,recover-20220825,002,1795
504.2595,504.2674,27187,37733,Eptesicus serotinus,0.008,0.022,-1,Echolocation,/mnt/ubna_data_01_mir/recover-20220825/UBNA_002/20220823_033000.WAV,Telephone Field,recover-20220825,002,1795
504.2825,504.3195,68437,81689,Rhinolophus ferrumequinum,0.023,0.023,-1,Echolocation,/mnt/ubna_data_01_mir/recover-20220825/UBNA_002/20220823_033000.WAV,Telephone Field,recover-20220825,002,1795
504.3035,504.3111,24609,33866,Eptesicus serotinus,0.008,0.029,-1,Echolocation,/mnt/ubna_data_01_mir/recover-20220825/UBNA_002/20220823_033000.WAV,Telephone Field,recover-20220825,002,1795
504.3355,504.343,39218,46377,Pipistrellus nathusii,0.171,0.286,-1,Echolocation,/mnt/ubna_data_01_mir/recover-20220825/UBNA_002/20220823_033000.WAV,Telephone Field,recover-20220825,002,1795
504.3505,504.3581,25468,34181,Eptesicus serotinus,0.009,0.024,-1,Echolocation,/mnt/ubna_data_01_mir/recover-20220825/UBNA_002/20220823_033000.WAV,Telephone Field,recover-20220825,002,1795
504.3645,504.4062,68437,82946,Rhinolophus ferrumequinum,0.032,0.032,-1,Echolocation,/mnt/ubna_data_01_mir/recover-20220825/UBNA_002/20220823_033000.WAV,Telephone Field,recover-20220825,002,1795
504.4145,504.4226,47812,53050,Pipistrellus pipistrellus,0.021,0.024,-1,Echolocation,/mnt/ubna_data_01_mir/recover-20220825/UBNA_002/20220823_033000.WAV,Telephone Field,recover-20220825,002,1795
504.4745,504.5182,68437,83503,Rhinolophus ferrumequinum,0.035,0.035,-1,Echolocation,/mnt/ubna_data_01_mir/recover-20220825/UBNA_002/20220823_033000.WAV,Telephone Field,recover-20220825,002,1795
504.4775,504.4849,24609,33555,Plecotus auritus,0.008,0.027,-1,Echolocation,/mnt/ubna_data_01_mir/recover-20220825/UBNA_002/20220823_033000.WAV,Telephone Field,recover-20220825,002,1795
504.5075,504.5147,28046,38627,Eptesicus serotinus,0.007,0.024,-1,Echolocation,/mnt/ubna_data_01_mir/recover-20220825/UBNA_002/20220823_033000.WAV,Telephone Field,recover-20220825,002,1795
504.5075,504.5441,68437,81378,Rhinolophus ferrumequinum,0.029,0.029,-1,Echolocation,/mnt/ubna_data_01_mir/recover-20220825/UBNA_002/20220823_033000.WAV,Telephone Field,recover-20220825,002,1795
504.5215,504.5295,40078,50207,Pipistrellus nathusii,0.271,0.416,-1,Echolocation,/mnt/ubna_data_01_mir/recover-20220825/UBNA_002/20220823_033000.WAV,Telephone Field,recover-20220825,002,1795
504.5485,504.5903,68437,82929,Rhinolophus ferrumequinum,0.027,0.027,-1,Echolocation,/mnt/ubna_data_01_mir/recover-20220825/UBNA_002/20220823_033000.WAV,Telephone Field,recover-20220825,002,1795
504.5835,504.596,21171,26615,Nyctalus leisleri,0.011,0.032,-1,Echolocation,/mnt/ubna_data_01_mir/recover-20220825/UBNA_002/20220823_033000.WAV,Telephone Field,recover-20220825,002,1795
504.6155,504.6552,68437,82972,Rhinolophus ferrumequinum,0.035,0.035,-1,Echolocation,/mnt/ubna_data_01_mir/recover-20220825/UBNA_002/20220823_033000.WAV,Telephone Field,recover-20220825,002,1795
504.6195,504.627,37500,45430,Pipistrellus nathusii,0.104,0.259,-1,Echolocation,/mnt/ubna_data_01_mir/recover-20220825/UBNA_002/20220823_033000.WAV,Telephone Field,recover-20220825,002,1795
504.6685,504.7067,68437,82073,Rhinolophus ferrumequinum,0.024,0.024,-1,Echolocation,/mnt/ubna_data_01_mir/recover-20220825/UBNA_002/20220823_033000.WAV,Telephone Field,recover-20220825,002,1795
504.6765,504.6861,27187,34627,Eptesicus serotinus,0.01,0.023,-1,Echolocation,/mnt/ubna_data_01_mir/recover-20220825/UBNA_002/20220823_033000.WAV,Telephone Field,recover-20220825,002,1795
504.7145,504.7207,39218,50877,Pipistrellus nathusii,0.17,0.332,-1,Echolocation,/mnt/ubna_data_01_mir/recover-20220825/UBNA_002/20220823_033000.WAV,Telephone Field,recover-20220825,002,1795
504.7315,504.7687,68437,82397,Rhinolophus ferrumequinum,0.023,0.023,-1,Echolocation,/mnt/ubna_data_01_mir/recover-20220825/UBNA_002/20220823_033000.WAV,Telephone Field,recover-20220825,002,1795
504.7515,504.79110000000003,68437,82300,Rhinolophus ferrumequinum,0.031,0.031,-1,Echolocation,/mnt/ubna_data_01_mir/recover-20220825/UBNA_002/20220823_033000.WAV,Telephone Field,recover-20220825,002,1795
504.7585,504.7984,68437,82207,Rhinolophus ferrumequinum,0.026,0.026,-1,Echolocation,/mnt/ubna_data_01_mir/recover-20220825/UBNA_002/20220823_033000.WAV,Telephone Field,recover-20220825,002,1795
504.7685,504.7809,56406,62007,Pipistrellus pygmaeus,0.03,0.031,-1,Echolocation,/mnt/ubna_data_01_mir/recover-20220825/UBNA_002/20220823_033000.WAV,Telephone Field,recover-20220825,002,1795
504.7725,504.7799,26328,34743,Eptesicus serotinus,0.011,0.027,-1,Echolocation,/mnt/ubna_data_01_mir/recover-20220825/UBNA_002/20220823_033000.WAV,Telephone Field,recover-20220825,002,1795
504.7745,504.7844,36640,41866,Pipistrellus nathusii,0.014,0.026,-1,Echolocation,/mnt/ubna_data_01_mir/recover-20220825/UBNA_002/20220823_033000.WAV,Telephone Field,recover-20220825,002,1795
504.8095,504.8194,38359,44681,Pipistrellus nathusii,0.235,0.323,-1,Echolocation,/mnt/ubna_data_01_mir/recover-20220825/UBNA_002/20220823_033000.WAV,Telephone Field,recover-20220825,002,1795
504.8095,504.8162,25468,37053,Eptesicus serotinus,0.006,0.023,-1,Echolocation,/mnt/ubna_data_01_mir/recover-20220825/UBNA_002/20220823_033000.WAV,Telephone Field,recover-20220825,002,1795
504.8285,504.8395,22890,27598,Nyctalus leisleri,0.011,0.023,-1,Echolocation,/mnt/ubna_data_01_mir/recover-20220825/UBNA_002/20220823_033000.WAV,Telephone Field,recover-20220825,002,1795
504.8385,504.8463,26328,36584,Eptesicus serotinus,0.007,0.023,-1,Echolocation,/mnt/ubna_data_01_mir/recover-20220825/UBNA_002/20220823_033000.WAV,Telephone Field,recover-20220825,002,1795
504.8535,504.8637,27187,35200,Eptesicus serotinus,0.013,0.025,-1,Echolocation,/mnt/ubna_data_01_mir/recover-20220825/UBNA_002/20220823_033000.WAV,Telephone Field,recover-20220825,002,1795
504.8555,504.8638,46953,53958,Pipistrellus pipistrellus,0.041,0.046,-1,Echolocation,/mnt/ubna_data_01_mir/recover-20220825/UBNA_002/20220823_033000.WAV,Telephone Field,recover-20220825,002,1795
504.8705,504.8784,27187,37905,Eptesicus serotinus,0.008,0.023,-1,Echolocation,/mnt/ubna_data_01_mir/recover-20220825/UBNA_002/20220823_033000.WAV,Telephone Field,recover-20220825,002,1795
504.8855,504.9251,68437,82720,Rhinolophus ferrumequinum,0.026,0.026,-1,Echolocation,/mnt/ubna_data_01_mir/recover-20220825/UBNA_002/20220823_033000.WAV,Telephone Field,recover-20220825,002,1795
504.8875,504.8932,35781,58007,Myotis brandtii,0.012,0.024,-1,Echolocation,/mnt/ubna_data_01_mir/recover-20220825/UBNA_002/20220823_033000.WAV,Telephone Field,recover-20220825,002,1795
504.9015,504.9083,39218,49712,Pipistrellus nathusii,0.206,0.426,-1,Echolocation,/mnt/ubna_data_01_mir/recover-20220825/UBNA_002/20220823_033000.WAV,Telephone Field,recover-20220825,002,1795
504.9115,504.9178,30625,40693,Myotis daubentonii,0.011,0.023,-1,Echolocation,/mnt/ubna_data_01_mir/recover-20220825/UBNA_002/20220823_033000.WAV,Telephone Field,recover-20220825,002,1795
504.91949999999997,504.9358,21171,24568,Nyctalus leisleri,0.023,0.043,-1,Echolocation,/mnt/ubna_data_01_mir/recover-20220825/UBNA_002/20220823_033000.WAV,Telephone Field,recover-20220825,002,1795
504.9285,504.9669,68437,82457,Rhinolophus ferrumequinum,0.022,0.022,-1,Echolocation,/mnt/ubna_data_01_mir/recover-20220825/UBNA_002/20220823_033000.WAV,Telephone Field,recover-20220825,002,1795
504.9645,505.0036,68437,82148,Rhinolophus ferrumequinum,0.023,0.023,-1,Echolocation,/mnt/ubna_data_01_mir/recover-20220825/UBNA_002/20220823_033000.WAV,Telephone Field,recover-20220825,002,1795
504.9705,504.9806,37500,44936,Pipistrellus nathusii,0.027,0.042,-1,Echolocation,/mnt/ubna_data_01_mir/recover-20220825/UBNA_002/20220823_033000.WAV,Telephone Field,recover-20220825,002,1795
504.9895,504.9954,39218,50403,Pipistrellus nathusii,0.302,0.45,-1,Echolocation,/mnt/ubna_data_01_mir/recover-20220825/UBNA_002/20220823_033000.WAV,Telephone Field,recover-20220825,002,1795
505.0035,505.0131,23750,28868,Nyctalus leisleri,0.008,0.023,-1,Echolocation,/mnt/ubna_data_01_mir/recover-20220825/UBNA_002/20220823_033000.WAV,Telephone Field,recover-20220825,002,1795
505.0315,505.0395,26328,37742,Eptesicus serotinus,0.008,0.022,-1,Echolocation,/mnt/ubna_data_01_mir/recover-20220825/UBNA_002/20220823_033000.WAV,Telephone Field,recover-20220825,002,1795
505.0585,505.0668,28046,35777,Eptesicus serotinus,0.009,0.025,-1,Echolocation,/mnt/ubna_data_01_mir/recover-20220825/UBNA_002/20220823_033000.WAV,Telephone Field,recover-20220825,002,1795
505.0725,505.0789,38359,49883,Pipistrellus nathusii,0.183,0.439,-1,Echolocation,/mnt/ubna_data_01_mir/recover-20220825/UBNA_002/20220823_033000.WAV,Telephone Field,recover-20220825,002,1795
505.0865,505.1214,68437,81342,Rhinolophus ferrumequinum,0.023,0.023,-1,Echolocation,/mnt/ubna_data_01_mir/recover-20220825/UBNA_002/20220823_033000.WAV,Telephone Field,recover-20220825,002,1795
505.1105,505.1185,26328,36432,Eptesicus serotinus,0.008,0.023,-1,Echolocation,/mnt/ubna_data_01_mir/recover-20220825/UBNA_002/20220823_033000.WAV,Telephone Field,recover-20220825,002,1795
505.1405,505.1815,68437,82230,Rhinolophus ferrumequinum,0.026,0.026,-1,Echolocation,/mnt/ubna_data_01_mir/recover-20220825/UBNA_002/20220823_033000.WAV,Telephone Field,recover-20220825,002,1795
505.1525,505.1592,40078,50485,Pipistrellus nathusii,0.275,0.523,-1,Echolocation,/mnt/ubna_data_01_mir/recover-20220825/UBNA_002/20220823_033000.WAV,Telephone Field,recover-20220825,002,1795
505.2215,505.2623,68437,82009,Rhinolophus ferrumequinum,0.024,0.024,-1,Echolocation,/mnt/ubna_data_01_mir/recover-20220825/UBNA_002/20220823_033000.WAV,Telephone Field,recover-20220825,002,1795
505.2355,505.2416,38359,51111,Pipistrellus nathusii,0.193,0.41,-1,Echolocation,/mnt/ubna_data_01_mir/recover-20220825/UBNA_002/20220823_033000.WAV,Telephone Field,recover-20220825,002,1795
505.2735,505.2804,27187,36814,Eptesicus serotinus,0.011,0.03,-1,Echolocation,/mnt/ubna_data_01_mir/recover-20220825/UBNA_002/20220823_033000.WAV,Telephone Field,recover-20220825,002,1795
505.2825,505.3204,68437,81533,Rhinolophus ferrumequinum,0.022,0.023,-1,Echolocation,/mnt/ubna_data_01_mir/recover-20220825/UBNA_002/20220823_033000.WAV,Telephone Field,recover-20220825,002,1795
505.2995,505.3352,68437,82478,Rhinolophus ferrumequinum,0.023,0.023,-1,Echolocation,/mnt/ubna_data_01_mir/recover-20220825/UBNA_002/20220823_033000.WAV,Telephone Field,recover-20220825,002,1795
505.3095,505.3149,37500,53458,Pipistrellus nathusii,0.186,0.424,-1,Echolocation,/mnt/ubna_data_01_mir/recover-20220825/UBNA_002/20220823_033000.WAV,Telephone Field,recover-20220825,002,1795
505.3195,505.3251,30625,42262,Myotis daubentonii,0.011,0.023,-1,Echolocation,/mnt/ubna_data_01_mir/recover-20220825/UBNA_002/20220823_033000.WAV,Telephone Field,recover-20220825,002,1795
505.3495,505.358,26328,34092,Eptesicus serotinus,0.009,0.023,-1,Echolocation,/mnt/ubna_data_01_mir/recover-20220825/UBNA_002/20220823_033000.WAV,Telephone Field,recover-20220825,002,1795
505.3635,505.3726,29765,38458,Eptesicus serotinus,0.007,0.025,-1,Echolocation,/mnt/ubna_data_01_mir/recover-20220825/UBNA_002/20220823_033000.WAV,Telephone Field,recover-20220825,002,1795
505.3875,505.3929,40078,50876,Pipistrellus nathusii,0.169,0.374,-1,Echolocation,/mnt/ubna_data_01_mir/recover-20220825/UBNA_002/20220823_033000.WAV,Telephone Field,recover-20220825,002,1795
505.4335,505.4408,27187,35273,Eptesicus serotinus,0.014,0.033,-1,Echolocation,/mnt/ubna_data_01_mir/recover-20220825/UBNA_002/20220823_033000.WAV,Telephone Field,recover-20220825,002,1795
505.4605,505.4663,41796,49980,Pipistrellus nathusii,0.293,0.508,-1,Echolocation,/mnt/ubna_data_01_mir/recover-20220825/UBNA_002/20220823_033000.WAV,Telephone Field,recover-20220825,002,1795
505.5005,505.5391,68437,82377,Rhinolophus ferrumequinum,0.024,0.024,-1,Echolocation,/mnt/ubna_data_01_mir/recover-20220825/UBNA_002/20220823_033000.WAV,Telephone Field,recover-20220825,002,1795
505.5045,505.5147,25468,33598,Eptesicus serotinus,0.011,0.025,-1,Echolocation,/mnt/ubna_data_01_mir/recover-20220825/UBNA_002/20220823_033000.WAV,Telephone Field,recover-20220825,002,1795
505.5115,505.5213,27187,34103,Eptesicus serotinus,0.012,0.025,-1,Echolocation,/mnt/ubna_data_01_mir/recover-20220825/UBNA_002/20220823_033000.WAV,Telephone Field,recover-20220825,002,1795
505.5465,505.5542,26328,36782,Eptesicus serotinus,0.007,0.022,-1,Echolocation,/mnt/ubna_data_01_mir/recover-20220825/UBNA_002/20220823_033000.WAV,Telephone Field,recover-20220825,002,1795
505.5485,505.5566,39218,49075,Pipistrellus nathusii,0.01,0.024,-1,Echolocation,/mnt/ubna_data_01_mir/recover-20220825/UBNA_002/20220823_033000.WAV,Telephone Field,recover-20220825,002,1795
505.5775,505.6168,68437,82164,Rhinolophus ferrumequinum,0.022,0.023,-1,Echolocation,/mnt/ubna_data_01_mir/recover-20220825/UBNA_002/20220823_033000.WAV,Telephone Field,recover-20220825,002,1795
505.6215,505.6277,40078,58666,Myotis brandtii,0.013,0.024,-1,Echolocation,/mnt/ubna_data_01_mir/recover-20220825/UBNA_002/20220823_033000.WAV,Telephone Field,recover-20220825,002,1795
505.6235,505.6289,44375,62054,Myotis brandtii,0.011,0.024,-1,Echolocation,/mnt/ubna_data_01_mir/recover-20220825/UBNA_002/20220823_033000.WAV,Telephone Field,recover-20220825,002,1795
505.6435,505.6513,28906,40902,Myotis daubentonii,0.008,0.024,-1,Echolocation,/mnt/ubna_data_01_mir/recover-20220825/UBNA_002/20220823_033000.WAV,Telephone Field,recover-20220825,002,1795
505.6645,505.6714,27187,36890,Eptesicus serotinus,0.007,0.023,-1,Echolocation,/mnt/ubna_data_01_mir/recover-20220825/UBNA_002/20220823_033000.WAV,Telephone Field,recover-20220825,002,1795
505.6905,505.6981,26328,37123,Eptesicus serotinus,0.009,0.027,-1,Echolocation,/mnt/ubna_data_01_mir/recover-20220825/UBNA_002/20220823_033000.WAV,Telephone Field,recover-20220825,002,1795
505.6925,505.7358,68437,83266,Rhinolophus ferrumequinum,0.029,0.029,-1,Echolocation,/mnt/ubna_data_01_mir/recover-20220825/UBNA_002/20220823_033000.WAV,Telephone Field,recover-20220825,002,1795
505.7205,505.7584,68437,81814,Rhinolophus ferrumequinum,0.023,0.023,-1,Echolocation,/mnt/ubna_data_01_mir/recover-20220825/UBNA_002/20220823_033000.WAV,Telephone Field,recover-20220825,002,1795
505.7355,505.7749,68437,82396,Rhinolophus ferrumequinum,0.026,0.026,-1,Echolocation,/mnt/ubna_data_01_mir/recover-20220825/UBNA_002/20220823_033000.WAV,Telephone Field,recover-20220825,002,1795
505.7385,505.7461,26328,36590,Eptesicus serotinus,0.007,0.022,-1,Echolocation,/mnt/ubna_data_01_mir/recover-20220825/UBNA_002/20220823_033000.WAV,Telephone Field,recover-20220825,002,1795
505.7395,505.7496,41796,49466,Pipistrellus nathusii,0.019,0.031,-1,Echolocation,/mnt/ubna_data_01_mir/recover-20220825/UBNA_002/20220823_033000.WAV,Telephone Field,recover-20220825,002,1795
505.7585,505.7943,68437,81861,Rhinolophus ferrumequinum,0.036,0.036,-1,Echolocation,/mnt/ubna_data_01_mir/recover-20220825/UBNA_002/20220823_033000.WAV,Telephone Field,recover-20220825,002,1795
505.7595,505.7706,23750,29753,Nyctalus leisleri,0.01,0.026,-1,Echolocation,/mnt/ubna_data_01_mir/recover-20220825/UBNA_002/20220823_033000.WAV,Telephone Field,recover-20220825,002,1795
505.7665,505.7741,26328,35748,Eptesicus serotinus,0.007,0.023,-1,Echolocation,/mnt/ubna_data_01_mir/recover-20220825/UBNA_002/20220823_033000.WAV,Telephone Field,recover-20220825,002,1795
505.7715,505.78,26328,35090,Eptesicus serotinus,0.008,0.023,-1,Echolocation,/mnt/ubna_data_01_mir/recover-20220825/UBNA_002/20220823_033000.WAV,Telephone Field,recover-20220825,002,1795
505.7745,505.7807,54687,60163,Pipistrellus pygmaeus,0.038,0.04,-1,Echolocation,/mnt/ubna_data_01_mir/recover-20220825/UBNA_002/20220823_033000.WAV,Telephone Field,recover-20220825,002,1795
505.79449999999997,505.8013,35781,42620,Barbastellus barbastellus,0.034,0.048,-1,Echolocation,/mnt/ubna_data_01_mir/recover-20220825/UBNA_002/20220823_033000.WAV,Telephone Field,recover-20220825,002,1795
505.7965,505.8037,26328,39171,Eptesicus serotinus,0.008,0.025,-1,Echolocation,/mnt/ubna_data_01_mir/recover-20220825/UBNA_002/20220823_033000.WAV,Telephone Field,recover-20220825,002,1795
505.8365,505.8436,26328,37053,Eptesicus serotinus,0.011,0.032,-1,Echolocation,/mnt/ubna_data_01_mir/recover-20220825/UBNA_002/20220823_033000.WAV,Telephone Field,recover-20220825,002,1795
505.8455,505.8838,68437,81844,Rhinolophus ferrumequinum,0.024,0.024,-1,Echolocation,/mnt/ubna_data_01_mir/recover-20220825/UBNA_002/20220823_033000.WAV,Telephone Field,recover-20220825,002,1795
505.9025,505.9447,68437,83043,Rhinolophus ferrumequinum,0.023,0.023,-1,Echolocation,/mnt/ubna_data_01_mir/recover-20220825/UBNA_002/20220823_033000.WAV,Telephone Field,recover-20220825,002,1795
506.0015,506.0078,45234,53861,Pipistrellus pipistrellus,0.017,0.028,-1,Echolocation,/mnt/ubna_data_01_mir/recover-20220825/UBNA_002/20220823_033000.WAV,Telephone Field,recover-20220825,002,1795
506.0015,506.0323,68437,81502,Rhinolophus ferrumequinum,0.031,0.031,-1,Echolocation,/mnt/ubna_data_01_mir/recover-20220825/UBNA_002/20220823_033000.WAV,Telephone Field,recover-20220825,002,1795
506.0015,506.0102,22890,30043,Nyctalus leisleri,0.008,0.026,-1,Echolocation,/mnt/ubna_data_01_mir/recover-20220825/UBNA_002/20220823_033000.WAV,Telephone Field,recover-20220825,002,1795
506.0015,506.0091,38359,47167,Pipistrellus nathusii,0.008,0.026,-1,Echolocation,/mnt/ubna_data_01_mir/recover-20220825/UBNA_002/20220823_033000.WAV,Telephone Field,recover-20220825,002,1795
506.0315,506.0393,47812,55780,Pipistrellus pipistrellus,0.025,0.028,-1,Echolocation,/mnt/ubna_data_01_mir/recover-20220825/UBNA_002/20220823_033000.WAV,Telephone Field,recover-20220825,002,1795
506.0365,506.0458,28046,36964,Eptesicus serotinus,0.011,0.025,-1,Echolocation,/mnt/ubna_data_01_mir/recover-20220825/UBNA_002/20220823_033000.WAV,Telephone Field,recover-20220825,002,1795
506.1015,506.111,22890,29745,Nyctalus leisleri,0.008,0.025,-1,Echolocation,/mnt/ubna_data_01_mir/recover-20220825/UBNA_002/20220823_033000.WAV,Telephone Field,recover-20220825,002,1795
506.1145,506.1217,55546,61094,Pipistrellus pygmaeus,0.027,0.027,-1,Echolocation,/mnt/ubna_data_01_mir/recover-20220825/UBNA_002/20220823_033000.WAV,Telephone Field,recover-20220825,002,1795
506.1505,506.16700000000003,22031,25529,Nyctalus leisleri,0.024,0.041,-1,Echolocation,/mnt/ubna_data_01_mir/recover-20220825/UBNA_002/20220823_033000.WAV,Telephone Field,recover-20220825,002,1795
506.1715,506.1813,41796,47823,Pipistrellus nathusii,0.016,0.029,-1,Echolocation,/mnt/ubna_data_01_mir/recover-20220825/UBNA_002/20220823_033000.WAV,Telephone Field,recover-20220825,002,1795
506.1975,506.2056,27187,38182,Eptesicus serotinus,0.009,0.028,-1,Echolocation,/mnt/ubna_data_01_mir/recover-20220825/UBNA_002/20220823_033000.WAV,Telephone Field,recover-20220825,002,1795
506.2095,506.2179,41796,47267,Pipistrellus nathusii,0.029,0.042,-1,Echolocation,/mnt/ubna_data_01_mir/recover-20220825/UBNA_002/20220823_033000.WAV,Telephone Field,recover-20220825,002,1795
506.2325,506.2702,68437,81448,Rhinolophus ferrumequinum,0.026,0.026,-1,Echolocation,/mnt/ubna_data_01_mir/recover-20220825/UBNA_002/20220823_033000.WAV,Telephone Field,recover-20220825,002,1795
506.2525,506.2633,26328,33447,Eptesicus serotinus,0.014,0.033,-1,Echolocation,/mnt/ubna_data_01_mir/recover-20220825/UBNA_002/20220823_033000.WAV,Telephone Field,recover-20220825,002,1795
506.29449999999997,506.302,55546,63126,Pipistrellus pygmaeus,0.025,0.026,-1,Echolocation,/mnt/ubna_data_01_mir/recover-20220825/UBNA_002/20220823_033000.WAV,Telephone Field,recover-20220825,002,1795
506.3255,506.3675,68437,82543,Rhinolophus ferrumequinum,0.027,0.027,-1,Echolocation,/mnt/ubna_data_01_mir/recover-20220825/UBNA_002/20220823_033000.WAV,Telephone Field,recover-20220825,002,1795
506.3575,506.3675,24609,31209,Nyctalus leisleri,0.01,0.026,-1,Echolocation,/mnt/ubna_data_01_mir/recover-20220825/UBNA_002/20220823_033000.WAV,Telephone Field,recover-20220825,002,1795
506.3885,506.3951,39218,46762,Pipistrellus nathusii,0.512,0.563,-1,Echolocation,/mnt/ubna_data_01_mir/recover-20220825/UBNA_002/20220823_033000.WAV,Telephone Field,recover-20220825,002,1795
506.4045,506.4141,28046,36121,Eptesicus serotinus,0.013,0.026,-1,Echolocation,/mnt/ubna_data_01_mir/recover-20220825/UBNA_002/20220823_033000.WAV,Telephone Field,recover-20220825,002,1795
506.4435,506.4531,28046,36631,Eptesicus serotinus,0.011,0.024,-1,Echolocation,/mnt/ubna_data_01_mir/recover-20220825/UBNA_002/20220823_033000.WAV,Telephone Field,recover-20220825,002,1795
506.4775,506.4843,52968,57444,Pipistrellus pygmaeus,0.04,0.043,-1,Echolocation,/mnt/ubna_data_01_mir/recover-20220825/UBNA_002/20220823_033000.WAV,Telephone Field,recover-20220825,002,1795
506.4825,506.4937,36640,43007,Pipistrellus nathusii,0.095,0.151,-1,Echolocation,/mnt/ubna_data_01_mir/recover-20220825/UBNA_002/20220823_033000.WAV,Telephone Field,recover-20220825,002,1795
506.4995,506.5383,68437,82547,Rhinolophus ferrumequinum,0.025,0.025,-1,Echolocation,/mnt/ubna_data_01_mir/recover-20220825/UBNA_002/20220823_033000.WAV,Telephone Field,recover-20220825,002,1795
506.5435,506.5837,68437,82852,Rhinolophus ferrumequinum,0.028,0.028,-1,Echolocation,/mnt/ubna_data_01_mir/recover-20220825/UBNA_002/20220823_033000.WAV,Telephone Field,recover-20220825,002,1795
506.5565,506.5985,68437,82903,Rhinolophus ferrumequinum,0.036,0.036,-1,Echolocation,/mnt/ubna_data_01_mir/recover-20220825/UBNA_002/20220823_033000.WAV,Telephone Field,recover-20220825,002,1795
506.5585,506.5708,22890,27295,Nyctalus leisleri,0.014,0.026,-1,Echolocation,/mnt/ubna_data_01_mir/recover-20220825/UBNA_002/20220823_033000.WAV,Telephone Field,recover-20220825,002,1795
506.5775,506.5871,40078,45750,Pipistrellus nathusii,0.272,0.308,-1,Echolocation,/mnt/ubna_data_01_mir/recover-20220825/UBNA_002/20220823_033000.WAV,Telephone Field,recover-20220825,002,1795
506.58050000000003,506.5889,54687,62118,Pipistrellus pygmaeus,0.026,0.026,-1,Echolocation,/mnt/ubna_data_01_mir/recover-20220825/UBNA_002/20220823_033000.WAV,Telephone Field,recover-20220825,002,1795
506.5825,506.6178,68437,81429,Rhinolophus ferrumequinum,0.026,0.026,-1,Echolocation,/mnt/ubna_data_01_mir/recover-20220825/UBNA_002/20220823_033000.WAV,Telephone Field,recover-20220825,002,1795
506.6085,506.6158,49531,56293,Pipistrellus pipistrellus,0.024,0.029,-1,Echolocation,/mnt/ubna_data_01_mir/recover-20220825/UBNA_002/20220823_033000.WAV,Telephone Field,recover-20220825,002,1795
506.6375,506.6581,20312,23207,Nyctalus leisleri,0.015,0.029,-1,Echolocation,/mnt/ubna_data_01_mir/recover-20220825/UBNA_002/20220823_033000.WAV,Telephone Field,recover-20220825,002,1795
506.64549999999997,506.6572,38359,43658,Pipistrellus nathusii,0.018,0.027,-1,Echolocation,/mnt/ubna_data_01_mir/recover-20220825/UBNA_002/20220823_033000.WAV,Telephone Field,recover-20220825,002,1795
506.6705,506.6784,28046,39008,Eptesicus serotinus,0.009,0.025,-1,Echolocation,/mnt/ubna_data_01_mir/recover-20220825/UBNA_002/20220823_033000.WAV,Telephone Field,recover-20220825,002,1795
506.6945,506.712,17734,22133,Nyctalus noctula,0.032,0.046,-1,Echolocation,/mnt/ubna_data_01_mir/recover-20220825/UBNA_002/20220823_033000.WAV,Telephone Field,recover-20220825,002,1795
506.7465,506.7557,27187,35990,Eptesicus serotinus,0.011,0.026,-1,Echolocation,/mnt/ubna_data_01_mir/recover-20220825/UBNA_002/20220823_033000.WAV,Telephone Field,recover-20220825,002,1795
506.7525,506.7615,28046,37567,Eptesicus serotinus,0.009,0.024,-1,Echolocation,/mnt/ubna_data_01_mir/recover-20220825/UBNA_002/20220823_033000.WAV,Telephone Field,recover-20220825,002,1795
506.7775,506.7848,38359,47774,Barbastellus barbastellus,0.072,0.165,-1,Echolocation,/mnt/ubna_data_01_mir/recover-20220825/UBNA_002/20220823_033000.WAV,Telephone Field,recover-20220825,002,1795
506.8095,506.8179,28046,38907,Eptesicus serotinus,0.009,0.025,-1,Echolocation,/mnt/ubna_data_01_mir/recover-20220825/UBNA_002/20220823_033000.WAV,Telephone Field,recover-20220825,002,1795
506.8185,506.827,35781,42511,Barbastellus barbastellus,0.014,0.027,-1,Echolocation,/mnt/ubna_data_01_mir/recover-20220825/UBNA_002/20220823_033000.WAV,Telephone Field,recover-20220825,002,1795
506.8195,506.8278,54687,60829,Pipistrellus pygmaeus,0.029,0.03,-1,Echolocation,/mnt/ubna_data_01_mir/recover-20220825/UBNA_002/20220823_033000.WAV,Telephone Field,recover-20220825,002,1795
506.8365,506.8764,68437,82293,Rhinolophus ferrumequinum,0.03,0.03,-1,Echolocation,/mnt/ubna_data_01_mir/recover-20220825/UBNA_002/20220823_033000.WAV,Telephone Field,recover-20220825,002,1795
506.8435,506.8523,28046,37772,Eptesicus serotinus,0.011,0.026,-1,Echolocation,/mnt/ubna_data_01_mir/recover-20220825/UBNA_002/20220823_033000.WAV,Telephone Field,recover-20220825,002,1795
506.8765,506.8837,38359,45728,Pipistrellus nathusii,0.237,0.367,-1,Echolocation,/mnt/ubna_data_01_mir/recover-20220825/UBNA_002/20220823_033000.WAV,Telephone Field,recover-20220825,002,1795
506.9085,506.9193,27187,35784,Eptesicus serotinus,0.014,0.029,-1,Echolocation,/mnt/ubna_data_01_mir/recover-20220825/UBNA_002/20220823_033000.WAV,Telephone Field,recover-20220825,002,1795
506.9475,506.9548,30625,40698,Myotis daubentonii,0.013,0.034,-1,Echolocation,/mnt/ubna_data_01_mir/recover-20220825/UBNA_002/20220823_033000.WAV,Telephone Field,recover-20220825,002,1795
506.9745,506.9871,41796,45391,Pipistrellus nathusii,0.043,0.056,-1,Echolocation,/mnt/ubna_data_01_mir/recover-20220825/UBNA_002/20220823_033000.WAV,Telephone Field,recover-20220825,002,1795
507.0155,507.0244,55546,60394,Pipistrellus pygmaeus,0.026,0.028,-1,Echolocation,/mnt/ubna_data_01_mir/recover-20220825/UBNA_002/20220823_033000.WAV,Telephone Field,recover-20220825,002,1795
507.0385,507.0722,68437,80799,Rhinolophus ferrumequinum,0.025,0.025,-1,Echolocation,/mnt/ubna_data_01_mir/recover-20220825/UBNA_002/20220823_033000.WAV,Telephone Field,recover-20220825,002,1795
507.0695,507.0784,27187,36061,Eptesicus serotinus,0.012,0.027,-1,Echolocation,/mnt/ubna_data_01_mir/recover-20220825/UBNA_002/20220823_033000.WAV,Telephone Field,recover-20220825,002,1795
507.1025,507.111,49531,57727,Pipistrellus pipistrellus,0.022,0.03,-1,Echolocation,/mnt/ubna_data_01_mir/recover-20220825/UBNA_002/20220823_033000.WAV,Telephone Field,recover-20220825,002,1795
507.1865,507.2248,68437,81714,Rhinolophus ferrumequinum,0.032,0.032,-1,Echolocation,/mnt/ubna_data_01_mir/recover-20220825/UBNA_002/20220823_033000.WAV,Telephone Field,recover-20220825,002,1795
507.1935,507.2015,26328,37448,Eptesicus serotinus,0.013,0.034,-1,Echolocation,/mnt/ubna_data_01_mir/recover-20220825/UBNA_002/20220823_033000.WAV,Telephone Field,recover-20220825,002,1795
507.2315,507.2381,33203,45099,Myotis daubentonii,0.014,0.032,-1,Echolocation,/mnt/ubna_data_01_mir/recover-20220825/UBNA_002/20220823_033000.WAV,Telephone Field,recover-20220825,002,1795
507.2515,507.2585,40078,48243,Pipistrellus nathusii,0.482,0.555,-1,Echolocation,/mnt/ubna_data_01_mir/recover-20220825/UBNA_002/20220823_033000.WAV,Telephone Field,recover-20220825,002,1795
507.2655,507.3079,68437,82829,Rhinolophus ferrumequinum,0.035,0.035,-1,Echolocation,/mnt/ubna_data_01_mir/recover-20220825/UBNA_002/20220823_033000.WAV,Telephone Field,recover-20220825,002,1795
507.29449999999997,507.3037,27187,35766,Eptesicus serotinus,0.01,0.026,-1,Echolocation,/mnt/ubna_data_01_mir/recover-20220825/UBNA_002/20220823_033000.WAV,Telephone Field,recover-20220825,002,1795
507.3035,507.3128,27187,35734,Eptesicus serotinus,0.012,0.027,-1,Echolocation,/mnt/ubna_data_01_mir/recover-20220825/UBNA_002/20220823_033000.WAV,Telephone Field,recover-20220825,002,1795
507.3485,507.3574,28046,38751,Eptesicus serotinus,0.011,0.028,-1,Echolocation,/mnt/ubna_data_01_mir/recover-20220825/UBNA_002/20220823_033000.WAV,Telephone Field,recover-20220825,002,1795
507.4035,507.4127,46953,49109,Pipistrellus pipistrellus,0.059,0.09,-1,Echolocation,/mnt/ubna_data_01_mir/recover-20220825/UBNA_002/20220823_033000.WAV,Telephone Field,recover-20220825,002,1795
507.4065,507.4443,68437,81025,Rhinolophus ferrumequinum,0.024,0.024,-1,Echolocation,/mnt/ubna_data_01_mir/recover-20220825/UBNA_002/20220823_033000.WAV,Telephone Field,recover-20220825,002,1795
507.4305,507.4383,40937,49716,Pipistrellus nathusii,0.288,0.418,-1,Echolocation,/mnt/ubna_data_01_mir/recover-20220825/UBNA_002/20220823_033000.WAV,Telephone Field,recover-20220825,002,1795
507.4505,507.46,47812,52553,Pipistrellus pipistrellus,0.039,0.044,-1,Echolocation,/mnt/ubna_data_01_mir/recover-20220825/UBNA_002/20220823_033000.WAV,Telephone Field,recover-20220825,002,1795
507.4915,507.5297,68437,82322,Rhinolophus ferrumequinum,0.029,0.029,-1,Echolocation,/mnt/ubna_data_01_mir/recover-20220825/UBNA_002/20220823_033000.WAV,Telephone Field,recover-20220825,002,1795
507.5065,507.517,23750,29319,Nyctalus leisleri,0.01,0.024,-1,Echolocation,/mnt/ubna_data_01_mir/recover-20220825/UBNA_002/20220823_033000.WAV,Telephone Field,recover-20220825,002,1795
507.5215,507.5284,40078,47948,Pipistrellus nathusii,0.458,0.533,-1,Echolocation,/mnt/ubna_data_01_mir/recover-20220825/UBNA_002/20220823_033000.WAV,Telephone Field,recover-20220825,002,1795
507.5565,507.5644,50390,58924,Pipistrellus pipistrellus,0.018,0.024,-1,Echolocation,/mnt/ubna_data_01_mir/recover-20220825/UBNA_002/20220823_033000.WAV,Telephone Field,recover-20220825,002,1795
507.5565,507.5671,27187,35570,Eptesicus serotinus,0.018,0.033,-1,Echolocation,/mnt/ubna_data_01_mir/recover-20220825/UBNA_002/20220823_033000.WAV,Telephone Field,recover-20220825,002,1795
507.5775,507.5853,34062,41789,Barbastellus barbastellus,0.009,0.025,-1,Echolocation,/mnt/ubna_data_01_mir/recover-20220825/UBNA_002/20220823_033000.WAV,Telephone Field,recover-20220825,002,1795
507.6135,507.61990000000003,40078,48529,Pipistrellus nathusii,0.402,0.514,-1,Echolocation,/mnt/ubna_data_01_mir/recover-20220825/UBNA_002/20220823_033000.WAV,Telephone Field,recover-20220825,002,1795
507.6635,507.6991,68437,81423,Rhinolophus ferrumequinum,0.024,0.024,-1,Echolocation,/mnt/ubna_data_01_mir/recover-20220825/UBNA_002/20220823_033000.WAV,Telephone Field,recover-20220825,002,1795
507.6865,507.6929,49531,55947,Pipistrellus pipistrellus,0.02,0.024,-1,Echolocation,/mnt/ubna_data_01_mir/recover-20220825/UBNA_002/20220823_033000.WAV,Telephone Field,recover-20220825,002,1795
507.6935,507.7051,23750,28940,Nyctalus leisleri,0.018,0.04,-1,Echolocation,/mnt/ubna_data_01_mir/recover-20220825/UBNA_002/20220823_033000.WAV,Telephone Field,recover-20220825,002,1795
507.7065,507.713,39218,47060,Pipistrellus nathusii,0.395,0.496,-1,Echolocation,/mnt/ubna_data_01_mir/recover-20220825/UBNA_002/20220823_033000.WAV,Telephone Field,recover-20220825,002,1795
507.7575,507.7679,40078,44804,Pipistrellus nathusii,0.015,0.024,-1,Echolocation,/mnt/ubna_data_01_mir/recover-20220825/UBNA_002/20220823_033000.WAV,Telephone Field,recover-20220825,002,1795
507.7645,507.7727,27187,37586,Eptesicus serotinus,0.009,0.025,-1,Echolocation,/mnt/ubna_data_01_mir/recover-20220825/UBNA_002/20220823_033000.WAV,Telephone Field,recover-20220825,002,1795
507.7985,507.8044,40937,51045,Pipistrellus nathusii,0.383,0.49,-1,Echolocation,/mnt/ubna_data_01_mir/recover-20220825/UBNA_002/20220823_033000.WAV,Telephone Field,recover-20220825,002,1795
507.8165,507.825,27187,36185,Eptesicus serotinus,0.015,0.032,-1,Echolocation,/mnt/ubna_data_01_mir/recover-20220825/UBNA_002/20220823_033000.WAV,Telephone Field,recover-20220825,002,1795
507.83050000000003,507.8387,26328,34890,Eptesicus serotinus,0.025,0.05,-1,Echolocation,/mnt/ubna_data_01_mir/recover-20220825/UBNA_002/20220823_033000.WAV,Telephone Field,recover-20220825,002,1795
507.8425,507.8821,68437,82335,Rhinolophus ferrumequinum,0.03,0.03,-1,Echolocation,/mnt/ubna_data_01_mir/recover-20220825/UBNA_002/20220823_033000.WAV,Telephone Field,recover-20220825,002,1795
507.8875,507.8937,38359,49297,Pipistrellus nathusii,0.512,0.606,-1,Echolocation,/mnt/ubna_data_01_mir/recover-20220825/UBNA_002/20220823_033000.WAV,Telephone Field,recover-20220825,002,1795
507.9225,507.9306,28046,38881,Eptesicus serotinus,0.009,0.025,-1,Echolocation,/mnt/ubna_data_01_mir/recover-20220825/UBNA_002/20220823_033000.WAV,Telephone Field,recover-20220825,002,1795
507.9375,507.9457,27187,37231,Eptesicus serotinus,0.009,0.026,-1,Echolocation,/mnt/ubna_data_01_mir/recover-20220825/UBNA_002/20220823_033000.WAV,Telephone Field,recover-20220825,002,1795
507.9395,507.9471,31484,39739,Barbastellus barbastellus,0.01,0.026,-1,Echolocation,/mnt/ubna_data_01_mir/recover-20220825/UBNA_002/20220823_033000.WAV,Telephone Field,recover-20220825,002,1795
507.9545,507.9654,23750,29405,Nyctalus leisleri,0.011,0.025,-1,Echolocation,/mnt/ubna_data_01_mir/recover-20220825/UBNA_002/20220823_033000.WAV,Telephone Field,recover-20220825,002,1795
508.0015,508.0369,68437,79753,Rhinolophus ferrumequinum,0.049,0.049,-1,Echolocation,/mnt/ubna_data_01_mir/recover-20220825/UBNA_002/20220823_033000.WAV,Telephone Field,recover-20220825,002,1795
508.0015,508.01030000000003,23750,30153,Nyctalus leisleri,0.01,0.027,-1,Echolocation,/mnt/ubna_data_01_mir/recover-20220825/UBNA_002/20220823_033000.WAV,Telephone Field,recover-20220825,002,1795
508.0015,508.0159,17734,22233,Nyctalus noctula,0.019,0.046,-1,Echolocation,/mnt/ubna_data_01_mir/recover-20220825/UBNA_002/20220823_033000.WAV,Telephone Field,recover-20220825,002,1795
508.0075,508.0493,68437,83232,Rhinolophus ferrumequinum,0.024,0.024,-1,Echolocation,/mnt/ubna_data_01_mir/recover-20220825/UBNA_002/20220823_033000.WAV,Telephone Field,recover-20220825,002,1795
508.0405,508.0513,45234,47675,Pipistrellus pipistrellus,0.029,0.044,-1,Echolocation,/mnt/ubna_data_01_mir/recover-20220825/UBNA_002/20220823_033000.WAV,Telephone Field,recover-20220825,002,1795
508.0415,508.0515,40937,46055,Pipistrellus nathusii,0.026,0.037,-1,Echolocation,/mnt/ubna_data_01_mir/recover-20220825/UBNA_002/20220823_033000.WAV,Telephone Field,recover-20220825,002,1795
508.0475,508.0558,42656,49526,Pipistrellus nathusii,0.029,0.041,-1,Echolocation,/mnt/ubna_data_01_mir/recover-20220825/UBNA_002/20220823_033000.WAV,Telephone Field,recover-20220825,002,1795
508.0485,508.0554,34062,48041,Myotis brandtii,0.01,0.026,-1,Echolocation,/mnt/ubna_data_01_mir/recover-20220825/UBNA_002/20220823_033000.WAV,Telephone Field,recover-20220825,002,1795
508.0525,508.0591,27187,38042,Eptesicus serotinus,0.007,0.026,-1,Echolocation,/mnt/ubna_data_01_mir/recover-20220825/UBNA_002/20220823_033000.WAV,Telephone Field,recover-20220825,002,1795
508.0695,508.076,41796,54854,Myotis brandtii,0.01,0.03,-1,Echolocation,/mnt/ubna_data_01_mir/recover-20220825/UBNA_002/20220823_033000.WAV,Telephone Field,recover-20220825,002,1795
508.0715,508.0797,28046,40726,Eptesicus serotinus,0.012,0.033,-1,Echolocation,/mnt/ubna_data_01_mir/recover-20220825/UBNA_002/20220823_033000.WAV,Telephone Field,recover-20220825,002,1795
508.0735,508.1112,68437,81408,Rhinolophus ferrumequinum,0.025,0.025,-1,Echolocation,/mnt/ubna_data_01_mir/recover-20220825/UBNA_002/20220823_033000.WAV,Telephone Field,recover-20220825,002,1795
508.0795,508.1159,68437,81432,Rhinolophus ferrumequinum,0.026,0.026,-1,Echolocation,/mnt/ubna_data_01_mir/recover-20220825/UBNA_002/20220823_033000.WAV,Telephone Field,recover-20220825,002,1795
508.1165,508.124,49531,57490,Pipistrellus pipistrellus,0.019,0.024,-1,Echolocation,/mnt/ubna_data_01_mir/recover-20220825/UBNA_002/20220823_033000.WAV,Telephone Field,recover-20220825,002,1795
508.1415,508.1497,27187,36145,Eptesicus serotinus,0.022,0.045,-1,Echolocation,/mnt/ubna_data_01_mir/recover-20220825/UBNA_002/20220823_033000.WAV,Telephone Field,recover-20220825,002,1795
508.1465,508.1549,42656,53920,Pipistrellus nathusii,0.009,0.025,-1,Echolocation,/mnt/ubna_data_01_mir/recover-20220825/UBNA_002/20220823_033000.WAV,Telephone Field,recover-20220825,002,1795
508.1645,508.1721,40078,51251,Pipistrellus nathusii,0.223,0.319,-1,Echolocation,/mnt/ubna_data_01_mir/recover-20220825/UBNA_002/20220823_033000.WAV,Telephone Field,recover-20220825,002,1795
508.1765,508.1861,27187,34412,Eptesicus serotinus,0.008,0.024,-1,Echolocation,/mnt/ubna_data_01_mir/recover-20220825/UBNA_002/20220823_033000.WAV,Telephone Field,recover-20220825,002,1795
508.1835,508.1931,25468,32821,Eptesicus serotinus,0.009,0.023,-1,Echolocation,/mnt/ubna_data_01_mir/recover-20220825/UBNA_002/20220823_033000.WAV,Telephone Field,recover-20220825,002,1795
508.2095,508.2167,46093,55216,Pipistrellus pipistrellus,0.018,0.024,-1,Echolocation,/mnt/ubna_data_01_mir/recover-20220825/UBNA_002/20220823_033000.WAV,Telephone Field,recover-20220825,002,1795
508.2125,508.2445,68437,80697,Rhinolophus ferrumequinum,0.023,0.023,-1,Echolocation,/mnt/ubna_data_01_mir/recover-20220825/UBNA_002/20220823_033000.WAV,Telephone Field,recover-20220825,002,1795
508.2135,508.2213,27187,40579,Eptesicus serotinus,0.007,0.023,-1,Echolocation,/mnt/ubna_data_01_mir/recover-20220825/UBNA_002/20220823_033000.WAV,Telephone Field,recover-20220825,002,1795
508.2275,508.2368,28046,34931,Eptesicus serotinus,0.008,0.023,-1,Echolocation,/mnt/ubna_data_01_mir/recover-20220825/UBNA_002/20220823_033000.WAV,Telephone Field,recover-20220825,002,1795
508.2475,508.2858,68437,82600,Rhinolophus ferrumequinum,0.024,0.024,-1,Echolocation,/mnt/ubna_data_01_mir/recover-20220825/UBNA_002/20220823_033000.WAV,Telephone Field,recover-20220825,002,1795
508.2485,508.258,28046,35583,Eptesicus serotinus,0.01,0.026,-1,Echolocation,/mnt/ubna_data_01_mir/recover-20220825/UBNA_002/20220823_033000.WAV,Telephone Field,recover-20220825,002,1795
508.2505,508.259,56406,62530,Pipistrellus pygmaeus,0.023,0.023,-1,Echolocation,/mnt/ubna_data_01_mir/recover-20220825/UBNA_002/20220823_033000.WAV,Telephone Field,recover-20220825,002,1795
508.2595,508.2679,40937,45955,Pipistrellus nathusii,0.063,0.085,-1,Echolocation,/mnt/ubna_data_01_mir/recover-20220825/UBNA_002/20220823_033000.WAV,Telephone Field,recover-20220825,002,1795
508.2625,508.2688,26328,42764,Eptesicus serotinus,0.006,0.023,-1,Echolocation,/mnt/ubna_data_01_mir/recover-20220825/UBNA_002/20220823_033000.WAV,Telephone Field,recover-20220825,002,1795
508.2835,508.322,68437,82214,Rhinolophus ferrumequinum,0.024,0.024,-1,Echolocation,/mnt/ubna_data_01_mir/recover-20220825/UBNA_002/20220823_033000.WAV,Telephone Field,recover-20220825,002,1795
508.2905,508.2999,28046,37305,Eptesicus serotinus,0.01,0.023,-1,Echolocation,/mnt/ubna_data_01_mir/recover-20220825/UBNA_002/20220823_033000.WAV,Telephone Field,recover-20220825,002,1795
508.3355,508.3464,24609,31764,Eptesicus serotinus,0.011,0.032,-1,Echolocation,/mnt/ubna_data_01_mir/recover-20220825/UBNA_002/20220823_033000.WAV,Telephone Field,recover-20220825,002,1795
508.3385,508.3473,40937,47839,Pipistrellus nathusii,0.015,0.027,-1,Echolocation,/mnt/ubna_data_01_mir/recover-20220825/UBNA_002/20220823_033000.WAV,Telephone Field,recover-20220825,002,1795
508.3615,508.3681,39218,48854,Pipistrellus nathusii,0.176,0.256,-1,Echolocation,/mnt/ubna_data_01_mir/recover-20220825/UBNA_002/20220823_033000.WAV,Telephone Field,recover-20220825,002,1795
508.3855,508.423,68437,82386,Rhinolophus ferrumequinum,0.023,0.023,-1,Echolocation,/mnt/ubna_data_01_mir/recover-20220825/UBNA_002/20220823_033000.WAV,Telephone Field,recover-20220825,002,1795
508.3985,508.4067,28046,37529,Eptesicus serotinus,0.009,0.023,-1,Echolocation,/mnt/ubna_data_01_mir/recover-20220825/UBNA_002/20220823_033000.WAV,Telephone Field,recover-20220825,002,1795
508.4025,508.4119,56406,65920,Pipistrellus pygmaeus,0.031,0.031,-1,Echolocation,/mnt/ubna_data_01_mir/recover-20220825/UBNA_002/20220823_033000.WAV,Telephone Field,recover-20220825,002,1795
508.4265,508.4408,21171,25368,Nyctalus leisleri,0.018,0.037,-1,Echolocation,/mnt/ubna_data_01_mir/recover-20220825/UBNA_002/20220823_033000.WAV,Telephone Field,recover-20220825,002,1795
508.4535,508.4911,68437,82197,Rhinolophus ferrumequinum,0.031,0.031,-1,Echolocation,/mnt/ubna_data_01_mir/recover-20220825/UBNA_002/20220823_033000.WAV,Telephone Field,recover-20220825,002,1795
508.4545,508.4606,30625,44144,Barbastellus barbastellus,0.012,0.032,-1,Echolocation,/mnt/ubna_data_01_mir/recover-20220825/UBNA_002/20220823_033000.WAV,Telephone Field,recover-20220825,002,1795
508.4615,508.4687,39218,49700,Pipistrellus nathusii,0.542,0.606,-1,Echolocation,/mnt/ubna_data_01_mir/recover-20220825/UBNA_002/20220823_033000.WAV,Telephone Field,recover-20220825,002,1795
508.4925,508.5297,68437,81367,Rhinolophus ferrumequinum,0.024,0.024,-1,Echolocation,/mnt/ubna_data_01_mir/recover-20220825/UBNA_002/20220823_033000.WAV,Telephone Field,recover-20220825,002,1795
508.4995,508.53679999999997,68437,82090,Rhinolophus ferrumequinum,0.025,0.025,-1,Echolocation,/mnt/ubna_data_01_mir/recover-20220825/UBNA_002/20220823_033000.WAV,Telephone Field,recover-20220825,002,1795
508.5585,508.566,39218,47520,Pipistrellus nathusii,0.369,0.499,-1,Echolocation,/mnt/ubna_data_01_mir/recover-20220825/UBNA_002/20220823_033000.WAV,Telephone Field,recover-20220825,002,1795
508.5775,508.6136,68437,81441,Rhinolophus ferrumequinum,0.023,0.023,-1,Echolocation,/mnt/ubna_data_01_mir/recover-20220825/UBNA_002/20220823_033000.WAV,Telephone Field,recover-20220825,002,1795
508.5835,508.6204,68437,81827,Rhinolophus ferrumequinum,0.023,0.023,-1,Echolocation,/mnt/ubna_data_01_mir/recover-20220825/UBNA_002/20220823_033000.WAV,Telephone Field,recover-20220825,002,1795
508.6025,508.612,28046,35967,Eptesicus serotinus,0.009,0.023,-1,Echolocation,/mnt/ubna_data_01_mir/recover-20220825/UBNA_002/20220823_033000.WAV,Telephone Field,recover-20220825,002,1795
508.6155,508.622,48671,54986,Pipistrellus pipistrellus,0.03,0.038,-1,Echolocation,/mnt/ubna_data_01_mir/recover-20220825/UBNA_002/20220823_033000.WAV,Telephone Field,recover-20220825,002,1795
508.6165,508.6243,27187,43977,Eptesicus serotinus,0.008,0.023,-1,Echolocation,/mnt/ubna_data_01_mir/recover-20220825/UBNA_002/20220823_033000.WAV,Telephone Field,recover-20220825,002,1795
508.6395,508.679,68437,82142,Rhinolophus ferrumequinum,0.024,0.024,-1,Echolocation,/mnt/ubna_data_01_mir/recover-20220825/UBNA_002/20220823_033000.WAV,Telephone Field,recover-20220825,002,1795
508.6515,508.65840000000003,38359,50585,Pipistrellus nathusii,0.334,0.483,-1,Echolocation,/mnt/ubna_data_01_mir/recover-20220825/UBNA_002/20220823_033000.WAV,Telephone Field,recover-20220825,002,1795
508.6585,508.6683,55546,64412,Pipistrellus pygmaeus,0.024,0.025,-1,Echolocation,/mnt/ubna_data_01_mir/recover-20220825/UBNA_002/20220823_033000.WAV,Telephone Field,recover-20220825,002,1795
508.6845,508.6942,28046,36471,Eptesicus serotinus,0.014,0.031,-1,Echolocation,/mnt/ubna_data_01_mir/recover-20220825/UBNA_002/20220823_033000.WAV,Telephone Field,recover-20220825,002,1795
508.7165,508.7505,68437,81959,Rhinolophus ferrumequinum,0.023,0.023,-1,Echolocation,/mnt/ubna_data_01_mir/recover-20220825/UBNA_002/20220823_033000.WAV,Telephone Field,recover-20220825,002,1795
508.7365,508.7732,68437,81513,Rhinolophus ferrumequinum,0.022,0.022,-1,Echolocation,/mnt/ubna_data_01_mir/recover-20220825/UBNA_002/20220823_033000.WAV,Telephone Field,recover-20220825,002,1795
508.7465,508.75260000000003,39218,52536,Pipistrellus nathusii,0.504,0.604,-1,Echolocation,/mnt/ubna_data_01_mir/recover-20220825/UBNA_002/20220823_033000.WAV,Telephone Field,recover-20220825,002,1795
508.7565,508.7659,28046,34403,Eptesicus serotinus,0.007,0.026,-1,Echolocation,/mnt/ubna_data_01_mir/recover-20220825/UBNA_002/20220823_033000.WAV,Telephone Field,recover-20220825,002,1795
508.7815,508.8206,68437,82880,Rhinolophus ferrumequinum,0.022,0.022,-1,Echolocation,/mnt/ubna_data_01_mir/recover-20220825/UBNA_002/20220823_033000.WAV,Telephone Field,recover-20220825,002,1795
508.7845,508.7912,54687,61002,Pipistrellus pygmaeus,0.027,0.027,-1,Echolocation,/mnt/ubna_data_01_mir/recover-20220825/UBNA_002/20220823_033000.WAV,Telephone Field,recover-20220825,002,1795
508.8105,508.8418,68437,80310,Rhinolophus ferrumequinum,0.022,0.022,-1,Echolocation,/mnt/ubna_data_01_mir/recover-20220825/UBNA_002/20220823_033000.WAV,Telephone Field,recover-20220825,002,1795
508.8395,508.8451,37500,50277,Pipistrellus nathusii,0.23,0.374,-1,Echolocation,/mnt/ubna_data_01_mir/recover-20220825/UBNA_002/20220823_033000.WAV,Telephone Field,recover-20220825,002,1795
508.8495,508.8561,26328,35371,Eptesicus serotinus,0.005,0.024,-1,Echolocation,/mnt/ubna_data_01_mir/recover-20220825/UBNA_002/20220823_033000.WAV,Telephone Field,recover-20220825,002,1795
508.8645,508.8712,47812,53109,Pipistrellus pipistrellus,0.02,0.024,-1,Echolocation,/mnt/ubna_data_01_mir/recover-20220825/UBNA_002/20220823_033000.WAV,Telephone Field,recover-20220825,002,1795
508.8665,508.8743,26328,35748,Eptesicus serotinus,0.009,0.025,-1,Echolocation,/mnt/ubna_data_01_mir/recover-20220825/UBNA_002/20220823_033000.WAV,Telephone Field,recover-20220825,002,1795
508.8815,508.8898,27187,41229,Eptesicus serotinus,0.009,0.024,-1,Echolocation,/mnt/ubna_data_01_mir/recover-20220825/UBNA_002/20220823_033000.WAV,Telephone Field,recover-20220825,002,1795
508.8835,508.8925,33203,39278,Barbastellus barbastellus,0.013,0.029,-1,Echolocation,/mnt/ubna_data_01_mir/recover-20220825/UBNA_002/20220823_033000.WAV,Telephone Field,recover-20220825,002,1795
508.9285,508.9614,68437,80371,Rhinolophus ferrumequinum,0.023,0.023,-1,Echolocation,/mnt/ubna_data_01_mir/recover-20220825/UBNA_002/20220823_033000.WAV,Telephone Field,recover-20220825,002,1795
508.9355,508.9411,38359,55892,Pipistrellus nathusii,0.408,0.51,-1,Echolocation,/mnt/ubna_data_01_mir/recover-20220825/UBNA_002/20220823_033000.WAV,Telephone Field,recover-20220825,002,1795
508.9435,508.9494,30625,41752,Myotis daubentonii,0.012,0.026,-1,Echolocation,/mnt/ubna_data_01_mir/recover-20220825/UBNA_002/20220823_033000.WAV,Telephone Field,recover-20220825,002,1795
508.9495,508.9599,28046,34934,Eptesicus serotinus,0.009,0.024,-1,Echolocation,/mnt/ubna_data_01_mir/recover-20220825/UBNA_002/20220823_033000.WAV,Telephone Field,recover-20220825,002,1795
508.9675,509.0076,68437,82291,Rhinolophus ferrumequinum,0.027,0.027,-1,Echolocation,/mnt/ubna_data_01_mir/recover-20220825/UBNA_002/20220823_033000.WAV,Telephone Field,recover-20220825,002,1795
508.9775,508.9888,22031,26231,Nyctalus leisleri,0.012,0.023,-1,Echolocation,/mnt/ubna_data_01_mir/recover-20220825/UBNA_002/20220823_033000.WAV,Telephone Field,recover-20220825,002,1795
508.9945,509.0028,27187,40950,Eptesicus serotinus,0.009,0.023,-1,Echolocation,/mnt/ubna_data_01_mir/recover-20220825/UBNA_002/20220823_033000.WAV,Telephone Field,recover-20220825,002,1795
509.0235,509.0293,40078,56636,Pipistrellus nathusii,0.414,0.5,-1,Echolocation,/mnt/ubna_data_01_mir/recover-20220825/UBNA_002/20220823_033000.WAV,Telephone Field,recover-20220825,002,1795
509.0265,509.03679999999997,21171,26356,Nyctalus leisleri,0.009,0.023,-1,Echolocation,/mnt/ubna_data_01_mir/recover-20220825/UBNA_002/20220823_033000.WAV,Telephone Field,recover-20220825,002,1795
509.0375,509.0488,28046,34481,Eptesicus serotinus,0.014,0.037,-1,Echolocation,/mnt/ubna_data_01_mir/recover-20220825/UBNA_002/20220823_033000.WAV,Telephone Field,recover-20220825,002,1795
509.0875,509.0944,53828,61556,Pipistrellus pygmaeus,0.025,0.026,-1,Echolocation,/mnt/ubna_data_01_mir/recover-20220825/UBNA_002/20220823_033000.WAV,Telephone Field,recover-20220825,002,1795
509.0885,509.096,26328,38122,Eptesicus serotinus,0.008,0.024,-1,Echolocation,/mnt/ubna_data_01_mir/recover-20220825/UBNA_002/20220823_033000.WAV,Telephone Field,recover-20220825,002,1795
509.1075,509.1444,68437,81944,Rhinolophus ferrumequinum,0.022,0.022,-1,Echolocation,/mnt/ubna_data_01_mir/recover-20220825/UBNA_002/20220823_033000.WAV,Telephone Field,recover-20220825,002,1795
509.1195,509.1266,40078,54194,Pipistrellus nathusii,0.323,0.475,-1,Echolocation,/mnt/ubna_data_01_mir/recover-20220825/UBNA_002/20220823_033000.WAV,Telephone Field,recover-20220825,002,1795
509.1295,509.1352,31484,41081,Myotis daubentonii,0.011,0.023,-1,Echolocation,/mnt/ubna_data_01_mir/recover-20220825/UBNA_002/20220823_033000.WAV,Telephone Field,recover-20220825,002,1795
509.1735,509.1808,51250,56915,Pipistrellus pipistrellus,0.027,0.032,-1,Echolocation,/mnt/ubna_data_01_mir/recover-20220825/UBNA_002/20220823_033000.WAV,Telephone Field,recover-20220825,002,1795
509.1825,509.1903,27187,42255,Eptesicus serotinus,0.008,0.024,-1,Echolocation,/mnt/ubna_data_01_mir/recover-20220825/UBNA_002/20220823_033000.WAV,Telephone Field,recover-20220825,002,1795
509.1935,509.2023,28046,35988,Eptesicus serotinus,0.008,0.024,-1,Echolocation,/mnt/ubna_data_01_mir/recover-20220825/UBNA_002/20220823_033000.WAV,Telephone Field,recover-20220825,002,1795
509.1955,509.2077,35781,39267,Pipistrellus nathusii,0.02,0.032,-1,Echolocation,/mnt/ubna_data_01_mir/recover-20220825/UBNA_002/20220823_033000.WAV,Telephone Field,recover-20220825,002,1795
509.2135,509.2197,40078,56177,Pipistrellus nathusii,0.331,0.416,-1,Echolocation,/mnt/ubna_data_01_mir/recover-20220825/UBNA_002/20220823_033000.WAV,Telephone Field,recover-20220825,002,1795
509.2315,509.2423,48671,55958,Pipistrellus pipistrellus,0.022,0.029,-1,Echolocation,/mnt/ubna_data_01_mir/recover-20220825/UBNA_002/20220823_033000.WAV,Telephone Field,recover-20220825,002,1795
509.2595,509.2661,24609,34719,Plecotus austriacus,0.01,0.029,-1,Echolocation,/mnt/ubna_data_01_mir/recover-20220825/UBNA_002/20220823_033000.WAV,Telephone Field,recover-20220825,002,1795
509.2595,509.303,68437,83267,Rhinolophus ferrumequinum,0.027,0.027,-1,Echolocation,/mnt/ubna_data_01_mir/recover-20220825/UBNA_002/20220823_033000.WAV,Telephone Field,recover-20220825,002,1795
509.2745,509.284,34062,40843,Pipistrellus nathusii,0.009,0.024,-1,Echolocation,/mnt/ubna_data_01_mir/recover-20220825/UBNA_002/20220823_033000.WAV,Telephone Field,recover-20220825,002,1795
509.2805,509.2919,34062,38567,Pipistrellus nathusii,0.011,0.027,-1,Echolocation,/mnt/ubna_data_01_mir/recover-20220825/UBNA_002/20220823_033000.WAV,Telephone Field,recover-20220825,002,1795
509.2905,509.2969,30625,39379,Myotis daubentonii,0.01,0.03,-1,Echolocation,/mnt/ubna_data_01_mir/recover-20220825/UBNA_002/20220823_033000.WAV,Telephone Field,recover-20220825,002,1795
509.3065,509.3135,39218,56527,Pipistrellus nathusii,0.509,0.579,-1,Echolocation,/mnt/ubna_data_01_mir/recover-20220825/UBNA_002/20220823_033000.WAV,Telephone Field,recover-20220825,002,1795
509.3135,509.344,68437,80434,Rhinolophus ferrumequinum,0.024,0.024,-1,Echolocation,/mnt/ubna_data_01_mir/recover-20220825/UBNA_002/20220823_033000.WAV,Telephone Field,recover-20220825,002,1795
509.3675,509.3751,54687,59755,Pipistrellus pygmaeus,0.03,0.031,-1,Echolocation,/mnt/ubna_data_01_mir/recover-20220825/UBNA_002/20220823_033000.WAV,Telephone Field,recover-20220825,002,1795
509.3715,509.3799,28046,35846,Eptesicus serotinus,0.008,0.023,-1,Echolocation,/mnt/ubna_data_01_mir/recover-20220825/UBNA_002/20220823_033000.WAV,Telephone Field,recover-20220825,002,1795
509.3855,509.3927,40937,51912,Pipistrellus nathusii,0.348,0.449,-1,Echolocation,/mnt/ubna_data_01_mir/recover-20220825/UBNA_002/20220823_033000.WAV,Telephone Field,recover-20220825,002,1795
509.4115,509.4534,68437,82882,Rhinolophus ferrumequinum,0.029,0.029,-1,Echolocation,/mnt/ubna_data_01_mir/recover-20220825/UBNA_002/20220823_033000.WAV,Telephone Field,recover-20220825,002,1795
509.4445,509.4536,27187,36696,Eptesicus serotinus,0.011,0.026,-1,Echolocation,/mnt/ubna_data_01_mir/recover-20220825/UBNA_002/20220823_033000.WAV,Telephone Field,recover-20220825,002,1795
509.4725,509.47950000000003,35781,45869,Myotis brandtii,0.008,0.025,-1,Echolocation,/mnt/ubna_data_01_mir/recover-20220825/UBNA_002/20220823_033000.WAV,Telephone Field,recover-20220825,002,1795
509.4755,509.4828,26328,36006,Eptesicus serotinus,0.006,0.023,-1,Echolocation,/mnt/ubna_data_01_mir/recover-20220825/UBNA_002/20220823_033000.WAV,Telephone Field,recover-20220825,002,1795
509.4845,509.4911,47812,55751,Pipistrellus pipistrellus,0.014,0.036,-1,Echolocation,/mnt/ubna_data_01_mir/recover-20220825/UBNA_002/20220823_033000.WAV,Telephone Field,recover-20220825,002,1795
509.4865,509.4931,39218,57776,Pipistrellus nathusii,0.466,0.593,-1,Echolocation,/mnt/ubna_data_01_mir/recover-20220825/UBNA_002/20220823_033000.WAV,Telephone Field,recover-20220825,002,1795
509.5055,509.5121,24609,37280,Plecotus austriacus,0.007,0.024,-1,Echolocation,/mnt/ubna_data_01_mir/recover-20220825/UBNA_002/20220823_033000.WAV,Telephone Field,recover-20220825,002,1795
509.5165,509.556,68437,82394,Rhinolophus ferrumequinum,0.023,0.023,-1,Echolocation,/mnt/ubna_data_01_mir/recover-20220825/UBNA_002/20220823_033000.WAV,Telephone Field,recover-20220825,002,1795
509.5285,509.5378,26328,35148,Eptesicus serotinus,0.009,0.022,-1,Echolocation,/mnt/ubna_data_01_mir/recover-20220825/UBNA_002/20220823_033000.WAV,Telephone Field,recover-20220825,002,1795
509.5475,509.5553,49531,56091,Pipistrellus pipistrellus,0.024,0.027,-1,Echolocation,/mnt/ubna_data_01_mir/recover-20220825/UBNA_002/20220823_033000.WAV,Telephone Field,recover-20220825,002,1795
509.5785,509.5865,49531,53580,Pipistrellus pipistrellus,0.014,0.024,-1,Echolocation,/mnt/ubna_data_01_mir/recover-20220825/UBNA_002/20220823_033000.WAV,Telephone Field,recover-20220825,002,1795
509.58050000000003,509.588,39218,54316,Pipistrellus nathusii,0.477,0.59,-1,Echolocation,/mnt/ubna_data_01_mir/recover-20220825/UBNA_002/20220823_033000.WAV,Telephone Field,recover-20220825,002,1795
509.5975,509.6058,27187,36638,Eptesicus serotinus,0.008,0.022,-1,Echolocation,/mnt/ubna_data_01_mir/recover-20220825/UBNA_002/20220823_033000.WAV,Telephone Field,recover-20220825,002,1795
509.5995,509.6333,68437,81591,Rhinolophus ferrumequinum,0.023,0.023,-1,Echolocation,/mnt/ubna_data_01_mir/recover-20220825/UBNA_002/20220823_033000.WAV,Telephone Field,recover-20220825,002,1795
509.6145,509.624,25468,33677,Eptesicus serotinus,0.011,0.025,-1,Echolocation,/mnt/ubna_data_01_mir/recover-20220825/UBNA_002/20220823_033000.WAV,Telephone Field,recover-20220825,002,1795
509.6655,509.6732,28046,36848,Eptesicus serotinus,0.008,0.024,-1,Echolocation,/mnt/ubna_data_01_mir/recover-20220825/UBNA_002/20220823_033000.WAV,Telephone Field,recover-20220825,002,1795
509.6775,509.6857,39218,53272,Pipistrellus nathusii,0.684,0.729,-1,Echolocation,/mnt/ubna_data_01_mir/recover-20220825/UBNA_002/20220823_033000.WAV,Telephone Field,recover-20220825,002,1795
509.6845,509.6924,27187,34567,Nyctalus leisleri,0.006,0.024,-1,Echolocation,/mnt/ubna_data_01_mir/recover-20220825/UBNA_002/20220823_033000.WAV,Telephone Field,recover-20220825,002,1795
509.6905,509.6992,28046,36639,Eptesicus serotinus,0.006,0.023,-1,Echolocation,/mnt/ubna_data_01_mir/recover-20220825/UBNA_002/20220823_033000.WAV,Telephone Field,recover-20220825,002,1795
509.7035,509.7105,57265,62550,Pipistrellus pygmaeus,0.027,0.027,-1,Echolocation,/mnt/ubna_data_01_mir/recover-20220825/UBNA_002/20220823_033000.WAV,Telephone Field,recover-20220825,002,1795
509.7415,509.7495,44375,53864,Pipistrellus pipistrellus,0.012,0.026,-1,Echolocation,/mnt/ubna_data_01_mir/recover-20220825/UBNA_002/20220823_033000.WAV,Telephone Field,recover-20220825,002,1795
509.7415,509.7517,50390,55672,Pipistrellus pipistrellus,0.012,0.023,-1,Echolocation,/mnt/ubna_data_01_mir/recover-20220825/UBNA_002/20220823_033000.WAV,Telephone Field,recover-20220825,002,1795
509.7425,509.7518,22031,27572,Plecotus austriacus,0.007,0.023,-1,Echolocation,/mnt/ubna_data_01_mir/recover-20220825/UBNA_002/20220823_033000.WAV,Telephone Field,recover-20220825,002,1795
509.7555,509.76279999999997,33203,40386,Barbastellus barbastellus,0.007,0.023,-1,Echolocation,/mnt/ubna_data_01_mir/recover-20220825/UBNA_002/20220823_033000.WAV,Telephone Field,recover-20220825,002,1795
509.7565,509.786,68437,79862,Rhinolophus ferrumequinum,0.027,0.027,-1,Echolocation,/mnt/ubna_data_01_mir/recover-20220825/UBNA_002/20220823_033000.WAV,Telephone Field,recover-20220825,002,1795
509.7715,509.7787,38359,55985,Pipistrellus nathusii,0.645,0.679,-1,Echolocation,/mnt/ubna_data_01_mir/recover-20220825/UBNA_002/20220823_033000.WAV,Telephone Field,recover-20220825,002,1795
509.7805,509.7878,27187,34922,Eptesicus serotinus,0.006,0.025,-1,Echolocation,/mnt/ubna_data_01_mir/recover-20220825/UBNA_002/20220823_033000.WAV,Telephone Field,recover-20220825,002,1795
509.7865,509.8291,68437,83210,Rhinolophus ferrumequinum,0.035,0.035,-1,Echolocation,/mnt/ubna_data_01_mir/recover-20220825/UBNA_002/20220823_033000.WAV,Telephone Field,recover-20220825,002,1795
509.8355,509.8743,68437,81973,Rhinolophus ferrumequinum,0.022,0.022,-1,Echolocation,/mnt/ubna_data_01_mir/recover-20220825/UBNA_002/20220823_033000.WAV,Telephone Field,recover-20220825,002,1795
509.8365,509.8462,28046,36885,Eptesicus serotinus,0.011,0.025,-1,Echolocation,/mnt/ubna_data_01_mir/recover-20220825/UBNA_002/20220823_033000.WAV,Telephone Field,recover-20220825,002,1795
509.8415,509.8793,68437,82197,Rhinolophus ferrumequinum,0.023,0.023,-1,Echolocation,/mnt/ubna_data_01_mir/recover-20220825/UBNA_002/20220823_033000.WAV,Telephone Field,recover-20220825,002,1795
509.8455,509.8566,32343,37570,Barbastellus barbastellus,0.008,0.029,-1,Echolocation,/mnt/ubna_data_01_mir/recover-20220825/UBNA_002/20220823_033000.WAV,Telephone Field,recover-20220825,002,1795
509.8735,509.8802,38359,54938,Pipistrellus nathusii,0.631,0.715,-1,Echolocation,/mnt/ubna_data_01_mir/recover-20220825/UBNA_002/20220823_033000.WAV,Telephone Field,recover-20220825,002,1795
509.8815,509.8868,30625,41751,Myotis daubentonii,0.011,0.025,-1,Echolocation,/mnt/ubna_data_01_mir/recover-20220825/UBNA_002/20220823_033000.WAV,Telephone Field,recover-20220825,002,1795
509.9345,509.9425,27187,39292,Eptesicus serotinus,0.011,0.029,-1,Echolocation,/mnt/ubna_data_01_mir/recover-20220825/UBNA_002/20220823_033000.WAV,Telephone Field,recover-20220825,002,1795
509.9365,509.9433,36640,47165,Myotis brandtii,0.008,0.028,-1,Echolocation,/mnt/ubna_data_01_mir/recover-20220825/UBNA_002/20220823_033000.WAV,Telephone Field,recover-20220825,002,1795
509.9655,509.9747,54687,58729,Pipistrellus pygmaeus,0.024,0.027,-1,Echolocation,/mnt/ubna_data_01_mir/recover-20220825/UBNA_002/20220823_033000.WAV,Telephone Field,recover-20220825,002,1795
509.9675,509.9758,38359,56585,Pipistrellus nathusii,0.68,0.728,-1,Echolocation,/mnt/ubna_data_01_mir/recover-20220825/UBNA_002/20220823_033000.WAV,Telephone Field,recover-20220825,002,1795
510.0015,510.0307,69296,82111,Rhinolophus ferrumequinum,0.032,0.032,-1,Echolocation,/mnt/ubna_data_01_mir/recover-20220825/UBNA_002/20220823_033000.WAV,Telephone Field,recover-20220825,002,1795
510.0015,510.0111,23750,30038,Nyctalus leisleri,0.012,0.033,-1,Echolocation,/mnt/ubna_data_01_mir/recover-20220825/UBNA_002/20220823_033000.WAV,Telephone Field,recover-20220825,002,1795
510.0015,510.0154,48671,56022,Pipistrellus pipistrellus,0.031,0.042,-1,Echolocation,/mnt/ubna_data_01_mir/recover-20220825/UBNA_002/20220823_033000.WAV,Telephone Field,recover-20220825,002,1795
510.0325,510.0403,27187,38860,Eptesicus serotinus,0.008,0.02,-1,Echolocation,/mnt/ubna_data_01_mir/recover-20220825/UBNA_002/20220823_033000.WAV,Telephone Field,recover-20220825,002,1795
510.0455,510.0538,41796,52730,Pipistrellus nathusii,0.008,0.023,-1,Echolocation,/mnt/ubna_data_01_mir/recover-20220825/UBNA_002/20220823_033000.WAV,Telephone Field,recover-20220825,002,1795
510.0505,510.0569,34062,47288,Myotis brandtii,0.007,0.021,-1,Echolocation,/mnt/ubna_data_01_mir/recover-20220825/UBNA_002/20220823_033000.WAV,Telephone Field,recover-20220825,002,1795
510.0665,510.0739,50390,57358,Pipistrellus pipistrellus,0.017,0.03,-1,Echolocation,/mnt/ubna_data_01_mir/recover-20220825/UBNA_002/20220823_033000.WAV,Telephone Field,recover-20220825,002,1795
510.0695,510.0773,38359,60751,Pipistrellus nathusii,0.662,0.695,-1,Echolocation,/mnt/ubna_data_01_mir/recover-20220825/UBNA_002/20220823_033000.WAV,Telephone Field,recover-20220825,002,1795
510.0775,510.0871,24609,36060,Eptesicus serotinus,0.006,0.021,-1,Echolocation,/mnt/ubna_data_01_mir/recover-20220825/UBNA_002/20220823_033000.WAV,Telephone Field,recover-20220825,002,1795
510.0775,510.0836,36640,50383,Myotis brandtii,0.014,0.029,-1,Echolocation,/mnt/ubna_data_01_mir/recover-20220825/UBNA_002/20220823_033000.WAV,Telephone Field,recover-20220825,002,1795
510.0825,510.115,68437,81418,Rhinolophus ferrumequinum,0.021,0.021,-1,Echolocation,/mnt/ubna_data_01_mir/recover-20220825/UBNA_002/20220823_033000.WAV,Telephone Field,recover-20220825,002,1795
510.1005,510.1406,68437,82682,Rhinolophus ferrumequinum,0.021,0.021,-1,Echolocation,/mnt/ubna_data_01_mir/recover-20220825/UBNA_002/20220823_033000.WAV,Telephone Field,recover-20220825,002,1795
510.1305,510.1391,28046,38127,Eptesicus serotinus,0.008,0.021,-1,Echolocation,/mnt/ubna_data_01_mir/recover-20220825/UBNA_002/20220823_033000.WAV,Telephone Field,recover-20220825,002,1795
510.1585,510.1726,54687,60513,Pipistrellus pygmaeus,0.044,0.046,-1,Echolocation,/mnt/ubna_data_01_mir/recover-20220825/UBNA_002/20220823_033000.WAV,Telephone Field,recover-20220825,002,1795
510.1625,510.1702,38359,61880,Pipistrellus nathusii,0.521,0.617,-1,Echolocation,/mnt/ubna_data_01_mir/recover-20220825/UBNA_002/20220823_033000.WAV,Telephone Field,recover-20220825,002,1795
510.1715,510.1786,26328,36391,Eptesicus serotinus,0.006,0.022,-1,Echolocation,/mnt/ubna_data_01_mir/recover-20220825/UBNA_002/20220823_033000.WAV,Telephone Field,recover-20220825,002,1795
510.1745,510.2062,68437,81080,Rhinolophus ferrumequinum,0.023,0.023,-1,Echolocation,/mnt/ubna_data_01_mir/recover-20220825/UBNA_002/20220823_033000.WAV,Telephone Field,recover-20220825,002,1795
510.2415,510.247,36640,53863,Myotis brandtii,0.009,0.023,-1,Echolocation,/mnt/ubna_data_01_mir/recover-20220825/UBNA_002/20220823_033000.WAV,Telephone Field,recover-20220825,002,1795
510.2435,510.2508,28046,36158,Eptesicus serotinus,0.006,0.023,-1,Echolocation,/mnt/ubna_data_01_mir/recover-20220825/UBNA_002/20220823_033000.WAV,Telephone Field,recover-20220825,002,1795
510.2495,510.2602,48671,55142,Pipistrellus pipistrellus,0.017,0.031,-1,Echolocation,/mnt/ubna_data_01_mir/recover-20220825/UBNA_002/20220823_033000.WAV,Telephone Field,recover-20220825,002,1795
510.2565,510.2638,38359,60235,Pipistrellus nathusii,0.621,0.7,-1,Echolocation,/mnt/ubna_data_01_mir/recover-20220825/UBNA_002/20220823_033000.WAV,Telephone Field,recover-20220825,002,1795
510.2645,510.2719,26328,39136,Eptesicus serotinus,0.007,0.023,-1,Echolocation,/mnt/ubna_data_01_mir/recover-20220825/UBNA_002/20220823_033000.WAV,Telephone Field,recover-20220825,002,1795
510.3205,510.3303,42656,50559,Pipistrellus nathusii,0.023,0.034,-1,Echolocation,/mnt/ubna_data_01_mir/recover-20220825/UBNA_002/20220823_033000.WAV,Telephone Field,recover-20220825,002,1795
510.3545,510.3622,52968,59535,Pipistrellus pygmaeus,0.05,0.066,-1,Echolocation,/mnt/ubna_data_01_mir/recover-20220825/UBNA_002/20220823_033000.WAV,Telephone Field,recover-20220825,002,1795
510.3555,510.362,30625,72964,Myotis bechsteinii,0.02,0.044,-1,Echolocation,/mnt/ubna_data_01_mir/recover-20220825/UBNA_002/20220823_033000.WAV,Telephone Field,recover-20220825,002,1795
510.3575,510.3653,37500,66450,Pipistrellus nathusii,0.6,0.651,-1,Echolocation,/mnt/ubna_data_01_mir/recover-20220825/UBNA_002/20220823_033000.WAV,Telephone Field,recover-20220825,002,1795
510.3585,510.3647,23750,63717,Myotis nattereri,0.011,0.026,-1,Echolocation,/mnt/ubna_data_01_mir/recover-20220825/UBNA_002/20220823_033000.WAV,Telephone Field,recover-20220825,002,1795
510.3625,510.3729,16875,36528,Nyctalus noctula,0.01,0.022,-1,Echolocation,/mnt/ubna_data_01_mir/recover-20220825/UBNA_002/20220823_033000.WAV,Telephone Field,recover-20220825,002,1795
510.3645,510.3713,26328,39831,Eptesicus serotinus,0.006,0.023,-1,Echolocation,/mnt/ubna_data_01_mir/recover-20220825/UBNA_002/20220823_033000.WAV,Telephone Field,recover-20220825,002,1795
510.4495,510.4615,56406,63010,Pipistrellus pygmaeus,0.032,0.034,-1,Echolocation,/mnt/ubna_data_01_mir/recover-20220825/UBNA_002/20220823_033000.WAV,Telephone Field,recover-20220825,002,1795
510.4545,510.4616,36640,63022,Pipistrellus nathusii,0.431,0.559,-1,Echolocation,/mnt/ubna_data_01_mir/recover-20220825/UBNA_002/20220823_033000.WAV,Telephone Field,recover-20220825,002,1795
510.4545,510.4612,28906,67422,Myotis bechsteinii,0.027,0.057,-1,Echolocation,/mnt/ubna_data_01_mir/recover-20220825/UBNA_002/20220823_033000.WAV,Telephone Field,recover-20220825,002,1795
510.4875,510.4942,48671,59064,Pipistrellus pipistrellus,0.018,0.024,-1,Echolocation,/mnt/ubna_data_01_mir/recover-20220825/UBNA_002/20220823_033000.WAV,Telephone Field,recover-20220825,002,1795
510.5275,510.5659,68437,81669,Rhinolophus ferrumequinum,0.022,0.022,-1,Echolocation,/mnt/ubna_data_01_mir/recover-20220825/UBNA_002/20220823_033000.WAV,Telephone Field,recover-20220825,002,1795
510.5395,510.5465,28046,39336,Eptesicus serotinus,0.008,0.021,-1,Echolocation,/mnt/ubna_data_01_mir/recover-20220825/UBNA_002/20220823_033000.WAV,Telephone Field,recover-20220825,002,1795
510.5435,510.5744,68437,80889,Rhinolophus ferrumequinum,0.021,0.021,-1,Echolocation,/mnt/ubna_data_01_mir/recover-20220825/UBNA_002/20220823_033000.WAV,Telephone Field,recover-20220825,002,1795
510.5545,510.5615,52109,58405,Pipistrellus pygmaeus,0.026,0.035,-1,Echolocation,/mnt/ubna_data_01_mir/recover-20220825/UBNA_002/20220823_033000.WAV,Telephone Field,recover-20220825,002,1795
510.5545,510.5617,37500,69898,Pipistrellus nathusii,0.534,0.593,-1,Echolocation,/mnt/ubna_data_01_mir/recover-20220825/UBNA_002/20220823_033000.WAV,Telephone Field,recover-20220825,002,1795
510.5625,510.5689,36640,51080,Myotis brandtii,0.013,0.03,-1,Echolocation,/mnt/ubna_data_01_mir/recover-20220825/UBNA_002/20220823_033000.WAV,Telephone Field,recover-20220825,002,1795
510.5685,510.6015,68437,81164,Rhinolophus ferrumequinum,0.021,0.022,-1,Echolocation,/mnt/ubna_data_01_mir/recover-20220825/UBNA_002/20220823_033000.WAV,Telephone Field,recover-20220825,002,1795
510.5915,510.599,50390,58273,Pipistrellus pipistrellus,0.029,0.034,-1,Echolocation,/mnt/ubna_data_01_mir/recover-20220825/UBNA_002/20220823_033000.WAV,Telephone Field,recover-20220825,002,1795
510.6025,510.6396,68437,82430,Rhinolophus ferrumequinum,0.022,0.022,-1,Echolocation,/mnt/ubna_data_01_mir/recover-20220825/UBNA_002/20220823_033000.WAV,Telephone Field,recover-20220825,002,1795
510.6175,510.6252,46093,54522,Pipistrellus pipistrellus,0.014,0.023,-1,Echolocation,/mnt/ubna_data_01_mir/recover-20220825/UBNA_002/20220823_033000.WAV,Telephone Field,recover-20220825,002,1795
510.6305,510.6634,68437,80291,Rhinolophus ferrumequinum,0.021,0.022,-1,Echolocation,/mnt/ubna_data_01_mir/recover-20220825/UBNA_002/20220823_033000.WAV,Telephone Field,recover-20220825,002,1795
510.6405,510.6717,68437,80586,Rhinolophus ferrumequinum,0.021,0.021,-1,Echolocation,/mnt/ubna_data_01_mir/recover-20220825/UBNA_002/20220823_033000.WAV,Telephone Field,recover-20220825,002,1795
510.6405,510.6467,39218,54888,Myotis brandtii,0.01,0.023,-1,Echolocation,/mnt/ubna_data_01_mir/recover-20220825/UBNA_002/20220823_033000.WAV,Telephone Field,recover-20220825,002,1795
510.6435,510.6505,27187,36510,Eptesicus serotinus,0.006,0.02,-1,Echolocation,/mnt/ubna_data_01_mir/recover-20220825/UBNA_002/20220823_033000.WAV,Telephone Field,recover-20220825,002,1795
510.6545,510.6618,50390,60082,Pipistrellus pipistrellus,0.031,0.055,-1,Echolocation,/mnt/ubna_data_01_mir/recover-20220825/UBNA_002/20220823_033000.WAV,Telephone Field,recover-20220825,002,1795
510.6565,510.6625,27187,79076,Myotis bechsteinii,0.063,0.099,-1,Echolocation,/mnt/ubna_data_01_mir/recover-20220825/UBNA_002/20220823_033000.WAV,Telephone Field,recover-20220825,002,1795
510.6565,510.664,37500,70643,Pipistrellus nathusii,0.444,0.547,-1,Echolocation,/mnt/ubna_data_01_mir/recover-20220825/UBNA_002/20220823_033000.WAV,Telephone Field,recover-20220825,002,1795
510.6655,510.6711,35781,50063,Myotis brandtii,0.016,0.038,-1,Echolocation,/mnt/ubna_data_01_mir/recover-20220825/UBNA_002/20220823_033000.WAV,Telephone Field,recover-20220825,002,1795
510.7055,510.7144,27187,36649,Eptesicus serotinus,0.008,0.021,-1,Echolocation,/mnt/ubna_data_01_mir/recover-20220825/UBNA_002/20220823_033000.WAV,Telephone Field,recover-20220825,002,1795
510.7345,510.7435,34921,41177,Pipistrellus nathusii,0.006,0.025,-1,Echolocation,/mnt/ubna_data_01_mir/recover-20220825/UBNA_002/20220823_033000.WAV,Telephone Field,recover-20220825,002,1795
510.7365,510.7456,28046,38089,Eptesicus serotinus,0.009,0.022,-1,Echolocation,/mnt/ubna_data_01_mir/recover-20220825/UBNA_002/20220823_033000.WAV,Telephone Field,recover-20220825,002,1795
510.7575,510.7641,26328,77660,Myotis bechsteinii,0.065,0.104,-1,Echolocation,/mnt/ubna_data_01_mir/recover-20220825/UBNA_002/20220823_033000.WAV,Telephone Field,recover-20220825,002,1795
510.7585,510.7663,36640,69095,Pipistrellus nathusii,0.502,0.562,-1,Echolocation,/mnt/ubna_data_01_mir/recover-20220825/UBNA_002/20220823_033000.WAV,Telephone Field,recover-20220825,002,1795
510.7595,510.7644,50390,60629,Pipistrellus pipistrellus,0.023,0.044,-1,Echolocation,/mnt/ubna_data_01_mir/recover-20220825/UBNA_002/20220823_033000.WAV,Telephone Field,recover-20220825,002,1795
510.7665,510.7731,37500,50647,Pipistrellus nathusii,0.017,0.037,-1,Echolocation,/mnt/ubna_data_01_mir/recover-20220825/UBNA_002/20220823_033000.WAV,Telephone Field,recover-20220825,002,1795
510.7685,510.7739,28906,41598,Myotis daubentonii,0.01,0.03,-1,Echolocation,/mnt/ubna_data_01_mir/recover-20220825/UBNA_002/20220823_033000.WAV,Telephone Field,recover-20220825,002,1795
510.7715,510.8034,68437,80908,Rhinolophus ferrumequinum,0.024,0.024,-1,Echolocation,/mnt/ubna_data_01_mir/recover-20220825/UBNA_002/20220823_033000.WAV,Telephone Field,recover-20220825,002,1795
510.7965,510.8398,68437,83093,Rhinolophus ferrumequinum,0.021,0.021,-1,Echolocation,/mnt/ubna_data_01_mir/recover-20220825/UBNA_002/20220823_033000.WAV,Telephone Field,recover-20220825,002,1795
510.8035,510.8144,27187,35075,Eptesicus serotinus,0.009,0.02,-1,Echolocation,/mnt/ubna_data_01_mir/recover-20220825/UBNA_002/20220823_033000.WAV,Telephone Field,recover-20220825,002,1795
510.8505,510.8586,37500,68144,Pipistrellus nathusii,0.392,0.475,-1,Echolocation,/mnt/ubna_data_01_mir/recover-20220825/UBNA_002/20220823_033000.WAV,Telephone Field,recover-20220825,002,1795
510.8505,510.8575,27187,78342,Myotis bechsteinii,0.068,0.114,-1,Echolocation,/mnt/ubna_data_01_mir/recover-20220825/UBNA_002/20220823_033000.WAV,Telephone Field,recover-20220825,002,1795
510.8515,510.8597,49531,58072,Pipistrellus pipistrellus,0.021,0.037,-1,Echolocation,/mnt/ubna_data_01_mir/recover-20220825/UBNA_002/20220823_033000.WAV,Telephone Field,recover-20220825,002,1795
510.8605,510.8671,25468,41181,Eptesicus serotinus,0.005,0.021,-1,Echolocation,/mnt/ubna_data_01_mir/recover-20220825/UBNA_002/20220823_033000.WAV,Telephone Field,recover-20220825,002,1795
510.9075,510.9466,68437,81891,Rhinolophus ferrumequinum,0.023,0.023,-1,Echolocation,/mnt/ubna_data_01_mir/recover-20220825/UBNA_002/20220823_033000.WAV,Telephone Field,recover-20220825,002,1795
510.9375,510.9453,28046,35044,Eptesicus serotinus,0.008,0.022,-1,Echolocation,/mnt/ubna_data_01_mir/recover-20220825/UBNA_002/20220823_033000.WAV,Telephone Field,recover-20220825,002,1795
510.9515,510.9598,38359,75374,Pipistrellus nathusii,0.582,0.634,-1,Echolocation,/mnt/ubna_data_01_mir/recover-20220825/UBNA_002/20220823_033000.WAV,Telephone Field,recover-20220825,002,1795
510.9525,510.9586,27187,83555,Myotis bechsteinii,0.089,0.132,-1,Echolocation,/mnt/ubna_data_01_mir/recover-20220825/UBNA_002/20220823_033000.WAV,Telephone Field,recover-20220825,002,1795
510.9535,510.9592,51250,63669,Pipistrellus pipistrellus,0.018,0.04,-1,Echolocation,/mnt/ubna_data_01_mir/recover-20220825/UBNA_002/20220823_033000.WAV,Telephone Field,recover-20220825,002,1795
510.9605,510.9671,39218,53858,Pipistrellus nathusii,0.028,0.049,-1,Echolocation,/mnt/ubna_data_01_mir/recover-20220825/UBNA_002/20220823_033000.WAV,Telephone Field,recover-20220825,002,1795
510.9665,510.9964,68437,80577,Rhinolophus ferrumequinum,0.02,0.021,-1,Echolocation,/mnt/ubna_data_01_mir/recover-20220825/UBNA_002/20220823_033000.WAV,Telephone Field,recover-20220825,002,1795
511.0065,511.0152,27187,41204,Eptesicus serotinus,0.009,0.02,-1,Echolocation,/mnt/ubna_data_01_mir/recover-20220825/UBNA_002/20220823_033000.WAV,Telephone Field,recover-20220825,002,1795
511.0465,511.0538,37500,70295,Pipistrellus nathusii,0.313,0.374,-1,Echolocation,/mnt/ubna_data_01_mir/recover-20220825/UBNA_002/20220823_033000.WAV,Telephone Field,recover-20220825,002,1795
511.0475,511.0531,50390,59255,Pipistrellus pipistrellus,0.027,0.05,-1,Echolocation,/mnt/ubna_data_01_mir/recover-20220825/UBNA_002/20220823_033000.WAV,Telephone Field,recover-20220825,002,1795
511.0545,511.0608,36640,50293,Pipistrellus nathusii,0.022,0.045,-1,Echolocation,/mnt/ubna_data_01_mir/recover-20220825/UBNA_002/20220823_033000.WAV,Telephone Field,recover-20220825,002,1795
511.0565,511.0854,68437,80863,Rhinolophus ferrumequinum,0.022,0.023,-1,Echolocation,/mnt/ubna_data_01_mir/recover-20220825/UBNA_002/20220823_033000.WAV,Telephone Field,recover-20220825,002,1795
511.0565,511.062,28906,41813,Myotis daubentonii,0.01,0.026,-1,Echolocation,/mnt/ubna_data_01_mir/recover-20220825/UBNA_002/20220823_033000.WAV,Telephone Field,recover-20220825,002,1795
511.0875,511.1285,68437,82691,Rhinolophus ferrumequinum,0.02,0.02,-1,Echolocation,/mnt/ubna_data_01_mir/recover-20220825/UBNA_002/20220823_033000.WAV,Telephone Field,recover-20220825,002,1795
511.1185,511.1506,68437,80824,Rhinolophus ferrumequinum,0.02,0.02,-1,Echolocation,/mnt/ubna_data_01_mir/recover-20220825/UBNA_002/20220823_033000.WAV,Telephone Field,recover-20220825,002,1795
511.1405,511.147,27187,83299,Myotis bechsteinii,0.064,0.137,-1,Echolocation,/mnt/ubna_data_01_mir/recover-20220825/UBNA_002/20220823_033000.WAV,Telephone Field,recover-20220825,002,1795
511.1405,511.1486,39218,72454,Pipistrellus nathusii,0.526,0.565,-1,Echolocation,/mnt/ubna_data_01_mir/recover-20220825/UBNA_002/20220823_033000.WAV,Telephone Field,recover-20220825,002,1795
511.1495,511.1567,40078,53395,Pipistrellus nathusii,0.042,0.059,-1,Echolocation,/mnt/ubna_data_01_mir/recover-20220825/UBNA_002/20220823_033000.WAV,Telephone Field,recover-20220825,002,1795
511.1545,511.1828,68437,80413,Rhinolophus ferrumequinum,0.02,0.02,-1,Echolocation,/mnt/ubna_data_01_mir/recover-20220825/UBNA_002/20220823_033000.WAV,Telephone Field,recover-20220825,002,1795
511.1925,511.2015,26328,37280,Eptesicus serotinus,0.008,0.02,-1,Echolocation,/mnt/ubna_data_01_mir/recover-20220825/UBNA_002/20220823_033000.WAV,Telephone Field,recover-20220825,002,1795
511.2005,511.2383,68437,82682,Rhinolophus ferrumequinum,0.025,0.025,-1,Echolocation,/mnt/ubna_data_01_mir/recover-20220825/UBNA_002/20220823_033000.WAV,Telephone Field,recover-20220825,002,1795
511.2325,511.2422,53828,64468,Pipistrellus pygmaeus,0.082,0.092,-1,Echolocation,/mnt/ubna_data_01_mir/recover-20220825/UBNA_002/20220823_033000.WAV,Telephone Field,recover-20220825,002,1795
511.2345,511.2413,29765,77012,Myotis brandtii,0.188,0.298,-1,Echolocation,/mnt/ubna_data_01_mir/recover-20220825/UBNA_002/20220823_033000.WAV,Telephone Field,recover-20220825,002,1795
511.2345,511.2405,38359,66238,Pipistrellus nathusii,0.325,0.361,-1,Echolocation,/mnt/ubna_data_01_mir/recover-20220825/UBNA_002/20220823_033000.WAV,Telephone Field,recover-20220825,002,1795
511.2445,511.2496,32343,59828,Myotis brandtii,0.02,0.033,-1,Echolocation,/mnt/ubna_data_01_mir/recover-20220825/UBNA_002/20220823_033000.WAV,Telephone Field,recover-20220825,002,1795
511.3075,511.3133,27187,37696,Eptesicus serotinus,0.006,0.021,-1,Echolocation,/mnt/ubna_data_01_mir/recover-20220825/UBNA_002/20220823_033000.WAV,Telephone Field,recover-20220825,002,1795
511.3195,511.3273,40078,72109,Pipistrellus nathusii,0.538,0.596,-1,Echolocation,/mnt/ubna_data_01_mir/recover-20220825/UBNA_002/20220823_033000.WAV,Telephone Field,recover-20220825,002,1795
511.3205,511.3269,27187,91278,Myotis bechsteinii,0.07,0.135,-1,Echolocation,/mnt/ubna_data_01_mir/recover-20220825/UBNA_002/20220823_033000.WAV,Telephone Field,recover-20220825,002,1795
511.3285,511.3349,38359,57513,Pipistrellus nathusii,0.034,0.06,-1,Echolocation,/mnt/ubna_data_01_mir/recover-20220825/UBNA_002/20220823_033000.WAV,Telephone Field,recover-20220825,002,1795
511.3325,511.3623,68437,80765,Rhinolophus ferrumequinum,0.027,0.027,-1,Echolocation,/mnt/ubna_data_01_mir/recover-20220825/UBNA_002/20220823_033000.WAV,Telephone Field,recover-20220825,002,1795
511.3585,511.3701,57265,63258,Pipistrellus pygmaeus,0.02,0.021,-1,Echolocation,/mnt/ubna_data_01_mir/recover-20220825/UBNA_002/20220823_033000.WAV,Telephone Field,recover-20220825,002,1795
511.3595,511.3715,33203,39069,Pipistrellus nathusii,0.009,0.022,-1,Echolocation,/mnt/ubna_data_01_mir/recover-20220825/UBNA_002/20220823_033000.WAV,Telephone Field,recover-20220825,002,1795
511.3625,511.373,28046,39589,Eptesicus serotinus,0.011,0.023,-1,Echolocation,/mnt/ubna_data_01_mir/recover-20220825/UBNA_002/20220823_033000.WAV,Telephone Field,recover-20220825,002,1795
511.3805,511.3883,49531,55135,Pipistrellus pipistrellus,0.028,0.032,-1,Echolocation,/mnt/ubna_data_01_mir/recover-20220825/UBNA_002/20220823_033000.WAV,Telephone Field,recover-20220825,002,1795
511.4365,511.4416,30625,39582,Barbastellus barbastellus,0.009,0.028,-1,Echolocation,/mnt/ubna_data_01_mir/recover-20220825/UBNA_002/20220823_033000.WAV,Telephone Field,recover-20220825,002,1795
511.4505,511.4571,39218,67371,Pipistrellus nathusii,0.35,0.373,-1,Echolocation,/mnt/ubna_data_01_mir/recover-20220825/UBNA_002/20220823_033000.WAV,Telephone Field,recover-20220825,002,1795
511.4525,511.4593,54687,62882,Pipistrellus pygmaeus,0.016,0.021,-1,Echolocation,/mnt/ubna_data_01_mir/recover-20220825/UBNA_002/20220823_033000.WAV,Telephone Field,recover-20220825,002,1795
511.4575,511.4649,39218,54886,Pipistrellus nathusii,0.094,0.105,-1,Echolocation,/mnt/ubna_data_01_mir/recover-20220825/UBNA_002/20220823_033000.WAV,Telephone Field,recover-20220825,002,1795
511.5095,511.5162,23750,31710,Plecotus auritus,0.009,0.026,-1,Echolocation,/mnt/ubna_data_01_mir/recover-20220825/UBNA_002/20220823_033000.WAV,Telephone Field,recover-20220825,002,1795
511.5225,511.5298,40937,65399,Pipistrellus nathusii,0.128,0.19,-1,Echolocation,/mnt/ubna_data_01_mir/recover-20220825/UBNA_002/20220823_033000.WAV,Telephone Field,recover-20220825,002,1795
511.5235,511.5309,34921,80856,Myotis brandtii,0.218,0.261,-1,Echolocation,/mnt/ubna_data_01_mir/recover-20220825/UBNA_002/20220823_033000.WAV,Telephone Field,recover-20220825,002,1795
511.5235,511.5296,28046,90507,Myotis bechsteinii,0.092,0.157,-1,Echolocation,/mnt/ubna_data_01_mir/recover-20220825/UBNA_002/20220823_033000.WAV,Telephone Field,recover-20220825,002,1795
511.5255,511.531,50390,56575,Pipistrellus pipistrellus,0.013,0.028,-1,Echolocation,/mnt/ubna_data_01_mir/recover-20220825/UBNA_002/20220823_033000.WAV,Telephone Field,recover-20220825,002,1795
511.5325,511.5402,27187,39398,Eptesicus serotinus,0.007,0.022,-1,Echolocation,/mnt/ubna_data_01_mir/recover-20220825/UBNA_002/20220823_033000.WAV,Telephone Field,recover-20220825,002,1795
511.5765,511.6164,68437,82816,Rhinolophus ferrumequinum,0.025,0.025,-1,Echolocation,/mnt/ubna_data_01_mir/recover-20220825/UBNA_002/20220823_033000.WAV,Telephone Field,recover-20220825,002,1795
511.6025,511.6129,49531,55131,Pipistrellus pipistrellus,0.023,0.047,-1,Echolocation,/mnt/ubna_data_01_mir/recover-20220825/UBNA_002/20220823_033000.WAV,Telephone Field,recover-20220825,002,1795
511.6055,511.6113,25468,92011,Myotis bechsteinii,0.108,0.178,-1,Echolocation,/mnt/ubna_data_01_mir/recover-20220825/UBNA_002/20220823_033000.WAV,Telephone Field,recover-20220825,002,1795
511.6055,511.6127,40078,69659,Pipistrellus nathusii,0.396,0.41,-1,Echolocation,/mnt/ubna_data_01_mir/recover-20220825/UBNA_002/20220823_033000.WAV,Telephone Field,recover-20220825,002,1795
511.6135,511.6183,31484,54098,Myotis brandtii,0.013,0.024,-1,Echolocation,/mnt/ubna_data_01_mir/recover-20220825/UBNA_002/20220823_033000.WAV,Telephone Field,recover-20220825,002,1795
511.6185,511.6482,68437,80457,Rhinolophus ferrumequinum,0.02,0.021,-1,Echolocation,/mnt/ubna_data_01_mir/recover-20220825/UBNA_002/20220823_033000.WAV,Telephone Field,recover-20220825,002,1795
511.6715,511.6806,54687,60367,Pipistrellus pygmaeus,0.021,0.022,-1,Echolocation,/mnt/ubna_data_01_mir/recover-20220825/UBNA_002/20220823_033000.WAV,Telephone Field,recover-20220825,002,1795
511.6785,511.6856,35781,76394,Myotis brandtii,0.236,0.291,-1,Echolocation,/mnt/ubna_data_01_mir/recover-20220825/UBNA_002/20220823_033000.WAV,Telephone Field,recover-20220825,002,1795
511.6795,511.6902,16015,31925,Nyctalus noctula,0.013,0.025,-1,Echolocation,/mnt/ubna_data_01_mir/recover-20220825/UBNA_002/20220823_033000.WAV,Telephone Field,recover-20220825,002,1795
511.6875,511.6929,33203,51573,Myotis brandtii,0.011,0.023,-1,Echolocation,/mnt/ubna_data_01_mir/recover-20220825/UBNA_002/20220823_033000.WAV,Telephone Field,recover-20220825,002,1795
511.7445,511.7551,26328,32017,Eptesicus serotinus,0.018,0.037,-1,Echolocation,/mnt/ubna_data_01_mir/recover-20220825/UBNA_002/20220823_033000.WAV,Telephone Field,recover-20220825,002,1795
511.7825,511.7922,50390,59845,Pipistrellus pygmaeus,0.034,0.064,-1,Echolocation,/mnt/ubna_data_01_mir/recover-20220825/UBNA_002/20220823_033000.WAV,Telephone Field,recover-20220825,002,1795
511.7845,511.7922,34921,79028,Myotis brandtii,0.328,0.425,-1,Echolocation,/mnt/ubna_data_01_mir/recover-20220825/UBNA_002/20220823_033000.WAV,Telephone Field,recover-20220825,002,1795
511.7925,511.7988,39218,57801,Pipistrellus nathusii,0.019,0.039,-1,Echolocation,/mnt/ubna_data_01_mir/recover-20220825/UBNA_002/20220823_033000.WAV,Telephone Field,recover-20220825,002,1795
511.8195,511.8576,68437,82194,Rhinolophus ferrumequinum,0.023,0.024,-1,Echolocation,/mnt/ubna_data_01_mir/recover-20220825/UBNA_002/20220823_033000.WAV,Telephone Field,recover-20220825,002,1795
511.8345,511.8431,26328,35925,Eptesicus serotinus,0.01,0.021,-1,Echolocation,/mnt/ubna_data_01_mir/recover-20220825/UBNA_002/20220823_033000.WAV,Telephone Field,recover-20220825,002,1795
511.8515,511.8581,38359,76725,Myotis brandtii,0.261,0.32,-1,Echolocation,/mnt/ubna_data_01_mir/recover-20220825/UBNA_002/20220823_033000.WAV,Telephone Field,recover-20220825,002,1795
511.8525,511.8581,28046,90724,Myotis bechsteinii,0.047,0.096,-1,Echolocation,/mnt/ubna_data_01_mir/recover-20220825/UBNA_002/20220823_033000.WAV,Telephone Field,recover-20220825,002,1795
511.8535,511.8613,45234,58675,Pipistrellus nathusii,0.172,0.176,-1,Echolocation,/mnt/ubna_data_01_mir/recover-20220825/UBNA_002/20220823_033000.WAV,Telephone Field,recover-20220825,002,1795
511.8625,511.8681,37500,64157,Myotis brandtii,0.017,0.027,-1,Echolocation,/mnt/ubna_data_01_mir/recover-20220825/UBNA_002/20220823_033000.WAV,Telephone Field,recover-20220825,002,1795
511.9155,511.9225,35781,81688,Myotis brandtii,0.225,0.268,-1,Echolocation,/mnt/ubna_data_01_mir/recover-20220825/UBNA_002/20220823_033000.WAV,Telephone Field,recover-20220825,002,1795
511.9165,511.9241,43515,60591,Pipistrellus nathusii,0.269,0.275,-1,Echolocation,/mnt/ubna_data_01_mir/recover-20220825/UBNA_002/20220823_033000.WAV,Telephone Field,recover-20220825,002,1795
511.9165,511.9253,54687,60924,Pipistrellus pygmaeus,0.022,0.025,-1,Echolocation,/mnt/ubna_data_01_mir/recover-20220825/UBNA_002/20220823_033000.WAV,Telephone Field,recover-20220825,002,1795
511.9285,511.9405,23750,27471,Nyctalus leisleri,0.011,0.021,-1,Echolocation,/mnt/ubna_data_01_mir/recover-20220825/UBNA_002/20220823_033000.WAV,Telephone Field,recover-20220825,002,1795
511.9505,511.9921,68437,83219,Rhinolophus ferrumequinum,0.023,0.023,-1,Echolocation,/mnt/ubna_data_01_mir/recover-20220825/UBNA_002/20220823_033000.WAV,Telephone Field,recover-20220825,002,1795
511.9835,511.9891,27187,90350,Myotis bechsteinii,0.063,0.115,-1,Echolocation,/mnt/ubna_data_01_mir/recover-20220825/UBNA_002/20220823_033000.WAV,Telephone Field,recover-20220825,002,1795
511.9835,511.9906,40078,66787,Pipistrellus nathusii,0.19,0.362,-1,Echolocation,/mnt/ubna_data_01_mir/recover-20220825/UBNA_002/20220823_033000.WAV,Telephone Field,recover-20220825,002,1795
512.0015,512.0335,68437,79167,Rhinolophus ferrumequinum,0.031,0.032,-1,Echolocation,/mnt/ubna_data_01_mir/recover-20220825/UBNA_002/20220823_033000.WAV,Telephone Field,recover-20220825,002,1795
512.0015,512.0092,24609,33876,Nyctalus leisleri,0.007,0.027,-1,Echolocation,/mnt/ubna_data_01_mir/recover-20220825/UBNA_002/20220823_033000.WAV,Telephone Field,recover-20220825,002,1795
512.0015,512.0076,38359,50449,Myotis brandtii,0.008,0.023,-1,Echolocation,/mnt/ubna_data_01_mir/recover-20220825/UBNA_002/20220823_033000.WAV,Telephone Field,recover-20220825,002,1795
512.0015,512.0099,46093,51320,Pipistrellus pipistrellus,0.029,0.039,-1,Echolocation,/mnt/ubna_data_01_mir/recover-20220825/UBNA_002/20220823_033000.WAV,Telephone Field,recover-20220825,002,1795
512.0015,512.0139,18593,24411,Nyctalus leisleri,0.01,0.03,-1,Echolocation,/mnt/ubna_data_01_mir/recover-20220825/UBNA_002/20220823_033000.WAV,Telephone Field,recover-20220825,002,1795
512.0095,512.0499,68437,82065,Rhinolophus ferrumequinum,0.022,0.023,-1,Echolocation,/mnt/ubna_data_01_mir/recover-20220825/UBNA_002/20220823_033000.WAV,Telephone Field,recover-20220825,002,1795
512.0115,512.019,27187,37704,Eptesicus serotinus,0.007,0.023,-1,Echolocation,/mnt/ubna_data_01_mir/recover-20220825/UBNA_002/20220823_033000.WAV,Telephone Field,recover-20220825,002,1795
512.0295,512.0368,27187,37050,Eptesicus serotinus,0.007,0.023,-1,Echolocation,/mnt/ubna_data_01_mir/recover-20220825/UBNA_002/20220823_033000.WAV,Telephone Field,recover-20220825,002,1795
512.0465,512.0518,41796,60077,Pipistrellus nathusii,0.22,0.481,-1,Echolocation,/mnt/ubna_data_01_mir/recover-20220825/UBNA_002/20220823_033000.WAV,Telephone Field,recover-20220825,002,1795
512.0585,512.068,27187,34668,Eptesicus serotinus,0.009,0.024,-1,Echolocation,/mnt/ubna_data_01_mir/recover-20220825/UBNA_002/20220823_033000.WAV,Telephone Field,recover-20220825,002,1795
512.0955,512.1052,55546,61350,Pipistrellus pygmaeus,0.025,0.026,-1,Echolocation,/mnt/ubna_data_01_mir/recover-20220825/UBNA_002/20220823_033000.WAV,Telephone Field,recover-20220825,002,1795
512.1025,512.1093,50390,59138,Pipistrellus pipistrellus,0.021,0.04,-1,Echolocation,/mnt/ubna_data_01_mir/recover-20220825/UBNA_002/20220823_033000.WAV,Telephone Field,recover-20220825,002,1795
512.1035,512.1093,40937,65828,Myotis brandtii,0.167,0.371,-1,Echolocation,/mnt/ubna_data_01_mir/recover-20220825/UBNA_002/20220823_033000.WAV,Telephone Field,recover-20220825,002,1795
512.1235,512.164,68437,82356,Rhinolophus ferrumequinum,0.024,0.024,-1,Echolocation,/mnt/ubna_data_01_mir/recover-20220825/UBNA_002/20220823_033000.WAV,Telephone Field,recover-20220825,002,1795
512.1755,512.1808,38359,61398,Myotis brandtii,0.254,0.414,-1,Echolocation,/mnt/ubna_data_01_mir/recover-20220825/UBNA_002/20220823_033000.WAV,Telephone Field,recover-20220825,002,1795
512.2035,512.2138,27187,35624,Eptesicus serotinus,0.011,0.023,-1,Echolocation,/mnt/ubna_data_01_mir/recover-20220825/UBNA_002/20220823_033000.WAV,Telephone Field,recover-20220825,002,1795
512.2145,512.2251,24609,30122,Nyctalus leisleri,0.011,0.027,-1,Echolocation,/mnt/ubna_data_01_mir/recover-20220825/UBNA_002/20220823_033000.WAV,Telephone Field,recover-20220825,002,1795
512.2345,512.2394,40937,57144,Myotis brandtii,0.206,0.484,-1,Echolocation,/mnt/ubna_data_01_mir/recover-20220825/UBNA_002/20220823_033000.WAV,Telephone Field,recover-20220825,002,1795
512.2355,512.2424,52109,57924,Pipistrellus pygmaeus,0.02,0.024,-1,Echolocation,/mnt/ubna_data_01_mir/recover-20220825/UBNA_002/20220823_033000.WAV,Telephone Field,recover-20220825,002,1795
512.2405,512.2489,52968,57958,Pipistrellus pygmaeus,0.023,0.025,-1,Echolocation,/mnt/ubna_data_01_mir/recover-20220825/UBNA_002/20220823_033000.WAV,Telephone Field,recover-20220825,002,1795
512.2505,512.2901,68437,81943,Rhinolophus ferrumequinum,0.024,0.024,-1,Echolocation,/mnt/ubna_data_01_mir/recover-20220825/UBNA_002/20220823_033000.WAV,Telephone Field,recover-20220825,002,1795
512.2875,512.2998,49531,55791,Pipistrellus pipistrellus,0.024,0.047,-1,Echolocation,/mnt/ubna_data_01_mir/recover-20220825/UBNA_002/20220823_033000.WAV,Telephone Field,recover-20220825,002,1795
512.2895,512.2956,36640,64049,Myotis brandtii,0.309,0.46,-1,Echolocation,/mnt/ubna_data_01_mir/recover-20220825/UBNA_002/20220823_033000.WAV,Telephone Field,recover-20220825,002,1795
512.2895,512.2948,25468,82466,Myotis bechsteinii,0.108,0.171,-1,Echolocation,/mnt/ubna_data_01_mir/recover-20220825/UBNA_002/20220823_033000.WAV,Telephone Field,recover-20220825,002,1795
512.3485,512.3867,68437,82028,Rhinolophus ferrumequinum,0.024,0.024,-1,Echolocation,/mnt/ubna_data_01_mir/recover-20220825/UBNA_002/20220823_033000.WAV,Telephone Field,recover-20220825,002,1795
512.3735,512.3795,41796,55511,Myotis brandtii,0.061,0.166,-1,Echolocation,/mnt/ubna_data_01_mir/recover-20220825/UBNA_002/20220823_033000.WAV,Telephone Field,recover-20220825,002,1795
512.3875,512.3952,40937,50275,Pipistrellus nathusii,0.01,0.024,-1,Echolocation,/mnt/ubna_data_01_mir/recover-20220825/UBNA_002/20220823_033000.WAV,Telephone Field,recover-20220825,002,1795
512.4025,512.4393,68437,81737,Rhinolophus ferrumequinum,0.023,0.024,-1,Echolocation,/mnt/ubna_data_01_mir/recover-20220825/UBNA_002/20220823_033000.WAV,Telephone Field,recover-20220825,002,1795
512.4115,512.4473,68437,82235,Rhinolophus ferrumequinum,0.024,0.024,-1,Echolocation,/mnt/ubna_data_01_mir/recover-20220825/UBNA_002/20220823_033000.WAV,Telephone Field,recover-20220825,002,1795
512.4205,512.4329,23750,27693,Nyctalus leisleri,0.019,0.034,-1,Echolocation,/mnt/ubna_data_01_mir/recover-20220825/UBNA_002/20220823_033000.WAV,Telephone Field,recover-20220825,002,1795
512.4415,512.4828,68437,82894,Rhinolophus ferrumequinum,0.031,0.031,-1,Echolocation,/mnt/ubna_data_01_mir/recover-20220825/UBNA_002/20220823_033000.WAV,Telephone Field,recover-20220825,002,1795
512.4615,512.4708,40937,50308,Pipistrellus nathusii,0.264,0.362,-1,Echolocation,/mnt/ubna_data_01_mir/recover-20220825/UBNA_002/20220823_033000.WAV,Telephone Field,recover-20220825,002,1795
512.4965,512.5359,68437,82210,Rhinolophus ferrumequinum,0.024,0.024,-1,Echolocation,/mnt/ubna_data_01_mir/recover-20220825/UBNA_002/20220823_033000.WAV,Telephone Field,recover-20220825,002,1795
512.5485,512.589,68437,82620,Rhinolophus ferrumequinum,0.024,0.024,-1,Echolocation,/mnt/ubna_data_01_mir/recover-20220825/UBNA_002/20220823_033000.WAV,Telephone Field,recover-20220825,002,1795
512.5505,512.5616,41796,47982,Pipistrellus nathusii,0.431,0.466,-1,Echolocation,/mnt/ubna_data_01_mir/recover-20220825/UBNA_002/20220823_033000.WAV,Telephone Field,recover-20220825,002,1795
512.5855,512.5943,28046,37608,Eptesicus serotinus,0.009,0.023,-1,Echolocation,/mnt/ubna_data_01_mir/recover-20220825/UBNA_002/20220823_033000.WAV,Telephone Field,recover-20220825,002,1795
512.6115,512.6182,24609,36267,Eptesicus serotinus,0.004,0.024,-1,Echolocation,/mnt/ubna_data_01_mir/recover-20220825/UBNA_002/20220823_033000.WAV,Telephone Field,recover-20220825,002,1795
512.6115,512.6206,42656,53627,Pipistrellus nathusii,0.152,0.201,-1,Echolocation,/mnt/ubna_data_01_mir/recover-20220825/UBNA_002/20220823_033000.WAV,Telephone Field,recover-20220825,002,1795
512.6325,512.6425,24609,31253,Nyctalus leisleri,0.008,0.023,-1,Echolocation,/mnt/ubna_data_01_mir/recover-20220825/UBNA_002/20220823_033000.WAV,Telephone Field,recover-20220825,002,1795
512.6735,512.6809,40937,51405,Pipistrellus nathusii,0.373,0.451,-1,Echolocation,/mnt/ubna_data_01_mir/recover-20220825/UBNA_002/20220823_033000.WAV,Telephone Field,recover-20220825,002,1795
512.7085,512.715,26328,44545,Eptesicus serotinus,0.007,0.027,-1,Echolocation,/mnt/ubna_data_01_mir/recover-20220825/UBNA_002/20220823_033000.WAV,Telephone Field,recover-20220825,002,1795
512.7085,512.7149,39218,57847,Myotis brandtii,0.013,0.023,-1,Echolocation,/mnt/ubna_data_01_mir/recover-20220825/UBNA_002/20220823_033000.WAV,Telephone Field,recover-20220825,002,1795
512.7105,512.717,48671,57131,Pipistrellus pipistrellus,0.018,0.025,-1,Echolocation,/mnt/ubna_data_01_mir/recover-20220825/UBNA_002/20220823_033000.WAV,Telephone Field,recover-20220825,002,1795
512.7535,512.7649,43515,47734,Pipistrellus nathusii,0.057,0.069,-1,Echolocation,/mnt/ubna_data_01_mir/recover-20220825/UBNA_002/20220823_033000.WAV,Telephone Field,recover-20220825,002,1795
512.7725,512.7831,62421,69206,Pipistrellus pygmaeus,0.023,0.023,-1,Echolocation,/mnt/ubna_data_01_mir/recover-20220825/UBNA_002/20220823_033000.WAV,Telephone Field,recover-20220825,002,1795
512.8365,512.8458,40937,49173,Pipistrellus nathusii,0.195,0.25,-1,Echolocation,/mnt/ubna_data_01_mir/recover-20220825/UBNA_002/20220823_033000.WAV,Telephone Field,recover-20220825,002,1795
512.8595,512.8673,27187,37015,Eptesicus serotinus,0.01,0.027,-1,Echolocation,/mnt/ubna_data_01_mir/recover-20220825/UBNA_002/20220823_033000.WAV,Telephone Field,recover-20220825,002,1795
512.8875,512.895,56406,61947,Pipistrellus pygmaeus,0.064,0.065,-1,Echolocation,/mnt/ubna_data_01_mir/recover-20220825/UBNA_002/20220823_033000.WAV,Telephone Field,recover-20220825,002,1795
512.8915,512.899,27187,36333,Eptesicus serotinus,0.01,0.03,-1,Echolocation,/mnt/ubna_data_01_mir/recover-20220825/UBNA_002/20220823_033000.WAV,Telephone Field,recover-20220825,002,1795
512.9095,512.9165,27187,36469,Eptesicus serotinus,0.008,0.025,-1,Echolocation,/mnt/ubna_data_01_mir/recover-20220825/UBNA_002/20220823_033000.WAV,Telephone Field,recover-20220825,002,1795
512.9245,512.9323,26328,38780,Eptesicus serotinus,0.008,0.023,-1,Echolocation,/mnt/ubna_data_01_mir/recover-20220825/UBNA_002/20220823_033000.WAV,Telephone Field,recover-20220825,002,1795
512.9255,512.9359,40937,46165,Pipistrellus nathusii,0.018,0.027,-1,Echolocation,/mnt/ubna_data_01_mir/recover-20220825/UBNA_002/20220823_033000.WAV,Telephone Field,recover-20220825,002,1795
512.9335,512.9433,41796,50348,Pipistrellus nathusii,0.018,0.03,-1,Echolocation,/mnt/ubna_data_01_mir/recover-20220825/UBNA_002/20220823_033000.WAV,Telephone Field,recover-20220825,002,1795
512.9405,512.9463,39218,53622,Myotis brandtii,0.01,0.023,-1,Echolocation,/mnt/ubna_data_01_mir/recover-20220825/UBNA_002/20220823_033000.WAV,Telephone Field,recover-20220825,002,1795
512.9785,512.9877,27187,35491,Eptesicus serotinus,0.016,0.031,-1,Echolocation,/mnt/ubna_data_01_mir/recover-20220825/UBNA_002/20220823_033000.WAV,Telephone Field,recover-20220825,002,1795
513.0055,513.0406,68437,81149,Rhinolophus ferrumequinum,0.024,0.024,-1,Echolocation,/mnt/ubna_data_01_mir/recover-20220825/UBNA_002/20220823_033000.WAV,Telephone Field,recover-20220825,002,1795
513.0135,513.0526,68437,81959,Rhinolophus ferrumequinum,0.024,0.024,-1,Echolocation,/mnt/ubna_data_01_mir/recover-20220825/UBNA_002/20220823_033000.WAV,Telephone Field,recover-20220825,002,1795
513.0195,513.058,68437,81914,Rhinolophus ferrumequinum,0.023,0.023,-1,Echolocation,/mnt/ubna_data_01_mir/recover-20220825/UBNA_002/20220823_033000.WAV,Telephone Field,recover-20220825,002,1795
513.0235,513.0342,40078,48263,Pipistrellus nathusii,0.29,0.318,-1,Echolocation,/mnt/ubna_data_01_mir/recover-20220825/UBNA_002/20220823_033000.WAV,Telephone Field,recover-20220825,002,1795
513.0425,513.0791,68437,81939,Rhinolophus ferrumequinum,0.028,0.028,-1,Echolocation,/mnt/ubna_data_01_mir/recover-20220825/UBNA_002/20220823_033000.WAV,Telephone Field,recover-20220825,002,1795
513.1155,513.1525,68437,82218,Rhinolophus ferrumequinum,0.028,0.028,-1,Echolocation,/mnt/ubna_data_01_mir/recover-20220825/UBNA_002/20220823_033000.WAV,Telephone Field,recover-20220825,002,1795
513.1165,513.1241,41796,53151,Pipistrellus nathusii,0.012,0.032,-1,Echolocation,/mnt/ubna_data_01_mir/recover-20220825/UBNA_002/20220823_033000.WAV,Telephone Field,recover-20220825,002,1795
513.1395,513.1473,58125,64510,Pipistrellus pygmaeus,0.036,0.036,-1,Echolocation,/mnt/ubna_data_01_mir/recover-20220825/UBNA_002/20220823_033000.WAV,Telephone Field,recover-20220825,002,1795
513.2035,513.2169,41796,46062,Pipistrellus nathusii,0.205,0.223,-1,Echolocation,/mnt/ubna_data_01_mir/recover-20220825/UBNA_002/20220823_033000.WAV,Telephone Field,recover-20220825,002,1795
513.2725,513.2806,27187,36868,Eptesicus serotinus,0.008,0.023,-1,Echolocation,/mnt/ubna_data_01_mir/recover-20220825/UBNA_002/20220823_033000.WAV,Telephone Field,recover-20220825,002,1795
513.2945,513.329,68437,82007,Rhinolophus ferrumequinum,0.023,0.023,-1,Echolocation,/mnt/ubna_data_01_mir/recover-20220825/UBNA_002/20220823_033000.WAV,Telephone Field,recover-20220825,002,1795
513.3235,513.3308,27187,36868,Eptesicus serotinus,0.008,0.025,-1,Echolocation,/mnt/ubna_data_01_mir/recover-20220825/UBNA_002/20220823_033000.WAV,Telephone Field,recover-20220825,002,1795
513.3855,513.3977,42656,48528,Pipistrellus nathusii,0.185,0.219,-1,Echolocation,/mnt/ubna_data_01_mir/recover-20220825/UBNA_002/20220823_033000.WAV,Telephone Field,recover-20220825,002,1795
513.4025,513.4095,54687,63740,Pipistrellus pygmaeus,0.023,0.024,-1,Echolocation,/mnt/ubna_data_01_mir/recover-20220825/UBNA_002/20220823_033000.WAV,Telephone Field,recover-20220825,002,1795
513.4085,513.4242,15156,21158,Nyctalus noctula,0.024,0.033,-1,Echolocation,/mnt/ubna_data_01_mir/recover-20220825/UBNA_002/20220823_033000.WAV,Telephone Field,recover-20220825,002,1795
513.4235,513.4316,27187,38765,Eptesicus serotinus,0.008,0.023,-1,Echolocation,/mnt/ubna_data_01_mir/recover-20220825/UBNA_002/20220823_033000.WAV,Telephone Field,recover-20220825,002,1795
513.4355,513.4423,30625,42838,Myotis daubentonii,0.012,0.03,-1,Echolocation,/mnt/ubna_data_01_mir/recover-20220825/UBNA_002/20220823_033000.WAV,Telephone Field,recover-20220825,002,1795
513.4415,513.4518,41796,48950,Pipistrellus nathusii,0.013,0.023,-1,Echolocation,/mnt/ubna_data_01_mir/recover-20220825/UBNA_002/20220823_033000.WAV,Telephone Field,recover-20220825,002,1795
513.4655,513.4718,39218,51258,Pipistrellus nathusii,0.188,0.32,-1,Echolocation,/mnt/ubna_data_01_mir/recover-20220825/UBNA_002/20220823_033000.WAV,Telephone Field,recover-20220825,002,1795
513.4975,513.51,26328,31850,Eptesicus serotinus,0.023,0.052,-1,Echolocation,/mnt/ubna_data_01_mir/recover-20220825/UBNA_002/20220823_033000.WAV,Telephone Field,recover-20220825,002,1795
513.5085,513.5241,15156,21198,Nyctalus noctula,0.02,0.028,-1,Echolocation,/mnt/ubna_data_01_mir/recover-20220825/UBNA_002/20220823_033000.WAV,Telephone Field,recover-20220825,002,1795
513.5205,513.56,68437,81705,Rhinolophus ferrumequinum,0.029,0.029,-1,Echolocation,/mnt/ubna_data_01_mir/recover-20220825/UBNA_002/20220823_033000.WAV,Telephone Field,recover-20220825,002,1795
513.5285,513.5333,40078,56290,Myotis brandtii,0.141,0.289,-1,Echolocation,/mnt/ubna_data_01_mir/recover-20220825/UBNA_002/20220823_033000.WAV,Telephone Field,recover-20220825,002,1795
513.5295,513.5445,16015,21804,Nyctalus noctula,0.018,0.029,-1,Echolocation,/mnt/ubna_data_01_mir/recover-20220825/UBNA_002/20220823_033000.WAV,Telephone Field,recover-20220825,002,1795
513.5555,513.5932,68437,81019,Rhinolophus ferrumequinum,0.036,0.036,-1,Echolocation,/mnt/ubna_data_01_mir/recover-20220825/UBNA_002/20220823_033000.WAV,Telephone Field,recover-20220825,002,1795
513.5575,513.5689,24609,31095,Eptesicus serotinus,0.015,0.044,-1,Echolocation,/mnt/ubna_data_01_mir/recover-20220825/UBNA_002/20220823_033000.WAV,Telephone Field,recover-20220825,002,1795
513.5835,513.6234,68437,82540,Rhinolophus ferrumequinum,0.024,0.024,-1,Echolocation,/mnt/ubna_data_01_mir/recover-20220825/UBNA_002/20220823_033000.WAV,Telephone Field,recover-20220825,002,1795
513.5965,513.6017,39218,52434,Pipistrellus nathusii,0.276,0.527,-1,Echolocation,/mnt/ubna_data_01_mir/recover-20220825/UBNA_002/20220823_033000.WAV,Telephone Field,recover-20220825,002,1795
513.6385,513.6464,46093,50838,Pipistrellus pipistrellus,0.021,0.027,-1,Echolocation,/mnt/ubna_data_01_mir/recover-20220825/UBNA_002/20220823_033000.WAV,Telephone Field,recover-20220825,002,1795
513.6865,513.6951,41796,51880,Pipistrellus nathusii,0.015,0.031,-1,Echolocation,/mnt/ubna_data_01_mir/recover-20220825/UBNA_002/20220823_033000.WAV,Telephone Field,recover-20220825,002,1795
513.7105,513.7223,16015,23436,Nyctalus noctula,0.013,0.024,-1,Echolocation,/mnt/ubna_data_01_mir/recover-20220825/UBNA_002/20220823_033000.WAV,Telephone Field,recover-20220825,002,1795
513.7735,513.7788,39218,54082,Pipistrellus nathusii,0.231,0.427,-1,Echolocation,/mnt/ubna_data_01_mir/recover-20220825/UBNA_002/20220823_033000.WAV,Telephone Field,recover-20220825,002,1795
513.8005,513.8316,68437,79867,Rhinolophus ferrumequinum,0.024,0.024,-1,Echolocation,/mnt/ubna_data_01_mir/recover-20220825/UBNA_002/20220823_033000.WAV,Telephone Field,recover-20220825,002,1795
513.8035,513.8117,27187,37445,Eptesicus serotinus,0.008,0.023,-1,Echolocation,/mnt/ubna_data_01_mir/recover-20220825/UBNA_002/20220823_033000.WAV,Telephone Field,recover-20220825,002,1795
513.8475,513.8848,68437,81797,Rhinolophus ferrumequinum,0.023,0.023,-1,Echolocation,/mnt/ubna_data_01_mir/recover-20220825/UBNA_002/20220823_033000.WAV,Telephone Field,recover-20220825,002,1795
513.8665,513.8725,39218,48341,Pipistrellus nathusii,0.135,0.385,-1,Echolocation,/mnt/ubna_data_01_mir/recover-20220825/UBNA_002/20220823_033000.WAV,Telephone Field,recover-20220825,002,1795
513.9475,513.9854,68437,81842,Rhinolophus ferrumequinum,0.03,0.03,-1,Echolocation,/mnt/ubna_data_01_mir/recover-20220825/UBNA_002/20220823_033000.WAV,Telephone Field,recover-20220825,002,1795
513.9575,513.9628,25468,72538,Myotis bechsteinii,0.078,0.141,-1,Echolocation,/mnt/ubna_data_01_mir/recover-20220825/UBNA_002/20220823_033000.WAV,Telephone Field,recover-20220825,002,1795
513.9585,513.9639,36640,51093,Pipistrellus nathusii,0.263,0.438,-1,Echolocation,/mnt/ubna_data_01_mir/recover-20220825/UBNA_002/20220823_033000.WAV,Telephone Field,recover-20220825,002,1795
513.9835,513.9937,52968,59411,Pipistrellus pygmaeus,0.027,0.028,-1,Echolocation,/mnt/ubna_data_01_mir/recover-20220825/UBNA_002/20220823_033000.WAV,Telephone Field,recover-20220825,002,1795
514.0015,514.0085,46953,53957,Pipistrellus pipistrellus,0.016,0.023,-1,Echolocation,/mnt/ubna_data_01_mir/recover-20220825/UBNA_002/20220823_033000.WAV,Telephone Field,recover-20220825,002,1795
514.0015,514.0097,26328,34049,Eptesicus serotinus,0.008,0.025,-1,Echolocation,/mnt/ubna_data_01_mir/recover-20220825/UBNA_002/20220823_033000.WAV,Telephone Field,recover-20220825,002,1795
514.0015,514.0314,68437,79998,Rhinolophus ferrumequinum,0.046,0.046,-1,Echolocation,/mnt/ubna_data_01_mir/recover-20220825/UBNA_002/20220823_033000.WAV,Telephone Field,recover-20220825,002,1795
514.0205,514.0286,28046,36759,Eptesicus serotinus,0.007,0.022,-1,Echolocation,/mnt/ubna_data_01_mir/recover-20220825/UBNA_002/20220823_033000.WAV,Telephone Field,recover-20220825,002,1795
514.0355,514.071,68437,81463,Rhinolophus ferrumequinum,0.022,0.022,-1,Echolocation,/mnt/ubna_data_01_mir/recover-20220825/UBNA_002/20220823_033000.WAV,Telephone Field,recover-20220825,002,1795
514.0375,514.0422,34921,50105,Pipistrellus nathusii,0.157,0.5,-1,Echolocation,/mnt/ubna_data_01_mir/recover-20220825/UBNA_002/20220823_033000.WAV,Telephone Field,recover-20220825,002,1795
514.0615,514.0716,15156,21037,Nyctalus noctula,0.009,0.021,-1,Echolocation,/mnt/ubna_data_01_mir/recover-20220825/UBNA_002/20220823_033000.WAV,Telephone Field,recover-20220825,002,1795
514.0705,514.1111,68437,82609,Rhinolophus ferrumequinum,0.025,0.025,-1,Echolocation,/mnt/ubna_data_01_mir/recover-20220825/UBNA_002/20220823_033000.WAV,Telephone Field,recover-20220825,002,1795
514.0765,514.0873,24609,31212,Nyctalus leisleri,0.011,0.028,-1,Echolocation,/mnt/ubna_data_01_mir/recover-20220825/UBNA_002/20220823_033000.WAV,Telephone Field,recover-20220825,002,1795
514.0815,514.1216,68437,82043,Rhinolophus ferrumequinum,0.022,0.022,-1,Echolocation,/mnt/ubna_data_01_mir/recover-20220825/UBNA_002/20220823_033000.WAV,Telephone Field,recover-20220825,002,1795
514.0855,514.0946,28046,36208,Eptesicus serotinus,0.008,0.022,-1,Echolocation,/mnt/ubna_data_01_mir/recover-20220825/UBNA_002/20220823_033000.WAV,Telephone Field,recover-20220825,002,1795
514.1265,514.1324,37500,49655,Myotis daubentonii,0.108,0.286,-1,Echolocation,/mnt/ubna_data_01_mir/recover-20220825/UBNA_002/20220823_033000.WAV,Telephone Field,recover-20220825,002,1795
514.1505,514.1603,27187,39999,Eptesicus serotinus,0.012,0.026,-1,Echolocation,/mnt/ubna_data_01_mir/recover-20220825/UBNA_002/20220823_033000.WAV,Telephone Field,recover-20220825,002,1795
514.1855,514.1939,27187,37879,Eptesicus serotinus,0.007,0.021,-1,Echolocation,/mnt/ubna_data_01_mir/recover-20220825/UBNA_002/20220823_033000.WAV,Telephone Field,recover-20220825,002,1795
514.2165,514.2216,36640,47285,Pipistrellus nathusii,0.243,0.434,-1,Echolocation,/mnt/ubna_data_01_mir/recover-20220825/UBNA_002/20220823_033000.WAV,Telephone Field,recover-20220825,002,1795
514.2255,514.2315,29765,40884,Myotis daubentonii,0.013,0.022,-1,Echolocation,/mnt/ubna_data_01_mir/recover-20220825/UBNA_002/20220823_033000.WAV,Telephone Field,recover-20220825,002,1795
514.2345,514.2724,68437,82033,Rhinolophus ferrumequinum,0.023,0.023,-1,Echolocation,/mnt/ubna_data_01_mir/recover-20220825/UBNA_002/20220823_033000.WAV,Telephone Field,recover-20220825,002,1795
514.2495,514.2608,28906,35181,Eptesicus serotinus,0.037,0.061,-1,Echolocation,/mnt/ubna_data_01_mir/recover-20220825/UBNA_002/20220823_033000.WAV,Telephone Field,recover-20220825,002,1795
514.2675,514.3084,68437,83075,Rhinolophus ferrumequinum,0.037,0.037,-1,Echolocation,/mnt/ubna_data_01_mir/recover-20220825/UBNA_002/20220823_033000.WAV,Telephone Field,recover-20220825,002,1795
514.2715,514.2832,23750,29605,Nyctalus leisleri,0.009,0.022,-1,Echolocation,/mnt/ubna_data_01_mir/recover-20220825/UBNA_002/20220823_033000.WAV,Telephone Field,recover-20220825,002,1795
514.3045,514.3097,37500,49254,Pipistrellus nathusii,0.228,0.485,-1,Echolocation,/mnt/ubna_data_01_mir/recover-20220825/UBNA_002/20220823_033000.WAV,Telephone Field,recover-20220825,002,1795
514.3595,514.3984,68437,82006,Rhinolophus ferrumequinum,0.023,0.023,-1,Echolocation,/mnt/ubna_data_01_mir/recover-20220825/UBNA_002/20220823_033000.WAV,Telephone Field,recover-20220825,002,1795
514.3625,514.3705,27187,38749,Eptesicus serotinus,0.007,0.023,-1,Echolocation,/mnt/ubna_data_01_mir/recover-20220825/UBNA_002/20220823_033000.WAV,Telephone Field,recover-20220825,002,1795
514.3755,514.4136,68437,82029,Rhinolophus ferrumequinum,0.022,0.022,-1,Echolocation,/mnt/ubna_data_01_mir/recover-20220825/UBNA_002/20220823_033000.WAV,Telephone Field,recover-20220825,002,1795
514.3785,514.3877,27187,36770,Eptesicus serotinus,0.008,0.023,-1,Echolocation,/mnt/ubna_data_01_mir/recover-20220825/UBNA_002/20220823_033000.WAV,Telephone Field,recover-20220825,002,1795
514.3845,514.3917,30625,47274,Myotis daubentonii,0.013,0.024,-1,Echolocation,/mnt/ubna_data_01_mir/recover-20220825/UBNA_002/20220823_033000.WAV,Telephone Field,recover-20220825,002,1795
514.4865,514.5235,68437,81605,Rhinolophus ferrumequinum,0.023,0.023,-1,Echolocation,/mnt/ubna_data_01_mir/recover-20220825/UBNA_002/20220823_033000.WAV,Telephone Field,recover-20220825,002,1795
514.4885,514.4941,38359,46877,Pipistrellus nathusii,0.354,0.511,-1,Echolocation,/mnt/ubna_data_01_mir/recover-20220825/UBNA_002/20220823_033000.WAV,Telephone Field,recover-20220825,002,1795
514.5365,514.5459,28046,36791,Eptesicus serotinus,0.008,0.023,-1,Echolocation,/mnt/ubna_data_01_mir/recover-20220825/UBNA_002/20220823_033000.WAV,Telephone Field,recover-20220825,002,1795
514.5535,514.5627,27187,36022,Eptesicus serotinus,0.009,0.025,-1,Echolocation,/mnt/ubna_data_01_mir/recover-20220825/UBNA_002/20220823_033000.WAV,Telephone Field,recover-20220825,002,1795
514.5675,514.6002,68437,80070,Rhinolophus ferrumequinum,0.022,0.023,-1,Echolocation,/mnt/ubna_data_01_mir/recover-20220825/UBNA_002/20220823_033000.WAV,Telephone Field,recover-20220825,002,1795
514.5835,514.5888,36640,50912,Myotis daubentonii,0.14,0.419,-1,Echolocation,/mnt/ubna_data_01_mir/recover-20220825/UBNA_002/20220823_033000.WAV,Telephone Field,recover-20220825,002,1795
514.5945,514.6039,27187,34253,Eptesicus serotinus,0.007,0.021,-1,Echolocation,/mnt/ubna_data_01_mir/recover-20220825/UBNA_002/20220823_033000.WAV,Telephone Field,recover-20220825,002,1795
514.6125,514.6207,23750,32135,Plecotus austriacus,0.009,0.031,-1,Echolocation,/mnt/ubna_data_01_mir/recover-20220825/UBNA_002/20220823_033000.WAV,Telephone Field,recover-20220825,002,1795
514.6255,514.6353,30625,39853,Myotis daubentonii,0.007,0.027,-1,Echolocation,/mnt/ubna_data_01_mir/recover-20220825/UBNA_002/20220823_033000.WAV,Telephone Field,recover-20220825,002,1795
514.6285,514.6669,68437,82486,Rhinolophus ferrumequinum,0.022,0.022,-1,Echolocation,/mnt/ubna_data_01_mir/recover-20220825/UBNA_002/20220823_033000.WAV,Telephone Field,recover-20220825,002,1795
514.6395,514.6805,68437,82903,Rhinolophus ferrumequinum,0.022,0.022,-1,Echolocation,/mnt/ubna_data_01_mir/recover-20220825/UBNA_002/20220823_033000.WAV,Telephone Field,recover-20220825,002,1795
514.6715,514.6789,40078,47048,Pipistrellus nathusii,0.197,0.336,-1,Echolocation,/mnt/ubna_data_01_mir/recover-20220825/UBNA_002/20220823_033000.WAV,Telephone Field,recover-20220825,002,1795
514.6955,514.7334,68437,81825,Rhinolophus ferrumequinum,0.023,0.023,-1,Echolocation,/mnt/ubna_data_01_mir/recover-20220825/UBNA_002/20220823_033000.WAV,Telephone Field,recover-20220825,002,1795
514.7095,514.7201,23750,30675,Nyctalus leisleri,0.009,0.025,-1,Echolocation,/mnt/ubna_data_01_mir/recover-20220825/UBNA_002/20220823_033000.WAV,Telephone Field,recover-20220825,002,1795
514.7255,514.7343,27187,38176,Eptesicus serotinus,0.008,0.024,-1,Echolocation,/mnt/ubna_data_01_mir/recover-20220825/UBNA_002/20220823_033000.WAV,Telephone Field,recover-20220825,002,1795
514.7505,514.757,27187,40384,Eptesicus serotinus,0.006,0.026,-1,Echolocation,/mnt/ubna_data_01_mir/recover-20220825/UBNA_002/20220823_033000.WAV,Telephone Field,recover-20220825,002,1795
514.7935,514.8055,22890,27727,Nyctalus leisleri,0.018,0.032,-1,Echolocation,/mnt/ubna_data_01_mir/recover-20220825/UBNA_002/20220823_033000.WAV,Telephone Field,recover-20220825,002,1795
514.8315,514.8673,68437,81720,Rhinolophus ferrumequinum,0.021,0.021,-1,Echolocation,/mnt/ubna_data_01_mir/recover-20220825/UBNA_002/20220823_033000.WAV,Telephone Field,recover-20220825,002,1795
514.8965,514.9374,68437,82158,Rhinolophus ferrumequinum,0.023,0.023,-1,Echolocation,/mnt/ubna_data_01_mir/recover-20220825/UBNA_002/20220823_033000.WAV,Telephone Field,recover-20220825,002,1795
514.9135,514.9207,26328,40417,Eptesicus serotinus,0.008,0.025,-1,Echolocation,/mnt/ubna_data_01_mir/recover-20220825/UBNA_002/20220823_033000.WAV,Telephone Field,recover-20220825,002,1795
514.9275,514.9696,68437,82491,Rhinolophus ferrumequinum,0.022,0.022,-1,Echolocation,/mnt/ubna_data_01_mir/recover-20220825/UBNA_002/20220823_033000.WAV,Telephone Field,recover-20220825,002,1795
514.9315,514.9413,24609,31967,Eptesicus serotinus,0.007,0.022,-1,Echolocation,/mnt/ubna_data_01_mir/recover-20220825/UBNA_002/20220823_033000.WAV,Telephone Field,recover-20220825,002,1795
514.9545,514.9616,27187,37376,Eptesicus serotinus,0.006,0.023,-1,Echolocation,/mnt/ubna_data_01_mir/recover-20220825/UBNA_002/20220823_033000.WAV,Telephone Field,recover-20220825,002,1795
514.9665,515.0034,68437,81863,Rhinolophus ferrumequinum,0.021,0.022,-1,Echolocation,/mnt/ubna_data_01_mir/recover-20220825/UBNA_002/20220823_033000.WAV,Telephone Field,recover-20220825,002,1795
514.9785,514.9863,27187,36591,Eptesicus serotinus,0.007,0.023,-1,Echolocation,/mnt/ubna_data_01_mir/recover-20220825/UBNA_002/20220823_033000.WAV,Telephone Field,recover-20220825,002,1795
515.0045,515.0427,68437,82706,Rhinolophus ferrumequinum,0.024,0.024,-1,Echolocation,/mnt/ubna_data_01_mir/recover-20220825/UBNA_002/20220823_033000.WAV,Telephone Field,recover-20220825,002,1795
515.0425,515.0491,26328,38808,Eptesicus serotinus,0.006,0.024,-1,Echolocation,/mnt/ubna_data_01_mir/recover-20220825/UBNA_002/20220823_033000.WAV,Telephone Field,recover-20220825,002,1795
515.0595,515.0673,28046,40766,Eptesicus serotinus,0.01,0.029,-1,Echolocation,/mnt/ubna_data_01_mir/recover-20220825/UBNA_002/20220823_033000.WAV,Telephone Field,recover-20220825,002,1795
515.0605,515.0993,68437,82572,Rhinolophus ferrumequinum,0.024,0.024,-1,Echolocation,/mnt/ubna_data_01_mir/recover-20220825/UBNA_002/20220823_033000.WAV,Telephone Field,recover-20220825,002,1795
515.0675,515.1084,68437,83098,Rhinolophus ferrumequinum,0.024,0.024,-1,Echolocation,/mnt/ubna_data_01_mir/recover-20220825/UBNA_002/20220823_033000.WAV,Telephone Field,recover-20220825,002,1795
515.1325,515.1407,26328,35054,Eptesicus serotinus,0.01,0.025,-1,Echolocation,/mnt/ubna_data_01_mir/recover-20220825/UBNA_002/20220823_033000.WAV,Telephone Field,recover-20220825,002,1795
515.1695,515.2127,68437,82963,Rhinolophus ferrumequinum,0.024,0.024,-1,Echolocation,/mnt/ubna_data_01_mir/recover-20220825/UBNA_002/20220823_033000.WAV,Telephone Field,recover-20220825,002,1795
515.1995,515.2084,27187,36240,Eptesicus serotinus,0.009,0.026,-1,Echolocation,/mnt/ubna_data_01_mir/recover-20220825/UBNA_002/20220823_033000.WAV,Telephone Field,recover-20220825,002,1795
515.2215,515.2613,68437,82732,Rhinolophus ferrumequinum,0.022,0.022,-1,Echolocation,/mnt/ubna_data_01_mir/recover-20220825/UBNA_002/20220823_033000.WAV,Telephone Field,recover-20220825,002,1795
515.2295,515.2695,68437,82780,Rhinolophus ferrumequinum,0.022,0.022,-1,Echolocation,/mnt/ubna_data_01_mir/recover-20220825/UBNA_002/20220823_033000.WAV,Telephone Field,recover-20220825,002,1795
515.2335,515.2412,26328,38607,Eptesicus serotinus,0.008,0.027,-1,Echolocation,/mnt/ubna_data_01_mir/recover-20220825/UBNA_002/20220823_033000.WAV,Telephone Field,recover-20220825,002,1795
515.2345,515.2412,31484,45527,Myotis daubentonii,0.012,0.024,-1,Echolocation,/mnt/ubna_data_01_mir/recover-20220825/UBNA_002/20220823_033000.WAV,Telephone Field,recover-20220825,002,1795
515.2535,515.2652,23750,29806,Nyctalus leisleri,0.009,0.024,-1,Echolocation,/mnt/ubna_data_01_mir/recover-20220825/UBNA_002/20220823_033000.WAV,Telephone Field,recover-20220825,002,1795
515.2615,515.2693,27187,36522,Eptesicus serotinus,0.007,0.022,-1,Echolocation,/mnt/ubna_data_01_mir/recover-20220825/UBNA_002/20220823_033000.WAV,Telephone Field,recover-20220825,002,1795
515.2735,515.3154,68437,82543,Rhinolophus ferrumequinum,0.026,0.026,-1,Echolocation,/mnt/ubna_data_01_mir/recover-20220825/UBNA_002/20220823_033000.WAV,Telephone Field,recover-20220825,002,1795
515.3105,515.3168,49531,53603,Pipistrellus pipistrellus,0.025,0.026,-1,Echolocation,/mnt/ubna_data_01_mir/recover-20220825/UBNA_002/20220823_033000.WAV,Telephone Field,recover-20220825,002,1795
515.3385,515.3463,27187,38198,Eptesicus serotinus,0.008,0.024,-1,Echolocation,/mnt/ubna_data_01_mir/recover-20220825/UBNA_002/20220823_033000.WAV,Telephone Field,recover-20220825,002,1795
515.3625,515.3701,43515,48314,Pipistrellus pipistrellus,0.017,0.022,-1,Echolocation,/mnt/ubna_data_01_mir/recover-20220825/UBNA_002/20220823_033000.WAV,Telephone Field,recover-20220825,002,1795
515.3835,515.3924,27187,36031,Eptesicus serotinus,0.009,0.023,-1,Echolocation,/mnt/ubna_data_01_mir/recover-20220825/UBNA_002/20220823_033000.WAV,Telephone Field,recover-20220825,002,1795
515.4025,515.4084,33203,54931,Myotis daubentonii,0.011,0.026,-1,Echolocation,/mnt/ubna_data_01_mir/recover-20220825/UBNA_002/20220823_033000.WAV,Telephone Field,recover-20220825,002,1795
515.4035,515.4104,26328,46024,Eptesicus serotinus,0.007,0.023,-1,Echolocation,/mnt/ubna_data_01_mir/recover-20220825/UBNA_002/20220823_033000.WAV,Telephone Field,recover-20220825,002,1795
515.5225,515.532,32343,38899,Barbastellus barbastellus,0.008,0.026,-1,Echolocation,/mnt/ubna_data_01_mir/recover-20220825/UBNA_002/20220823_033000.WAV,Telephone Field,recover-20220825,002,1795
515.5255,515.5329,26328,35251,Eptesicus serotinus,0.009,0.027,-1,Echolocation,/mnt/ubna_data_01_mir/recover-20220825/UBNA_002/20220823_033000.WAV,Telephone Field,recover-20220825,002,1795
515.5425,515.5798,68437,81140,Rhinolophus ferrumequinum,0.031,0.031,-1,Echolocation,/mnt/ubna_data_01_mir/recover-20220825/UBNA_002/20220823_033000.WAV,Telephone Field,recover-20220825,002,1795
515.5475,515.5549,31484,41817,Myotis daubentonii,0.014,0.031,-1,Echolocation,/mnt/ubna_data_01_mir/recover-20220825/UBNA_002/20220823_033000.WAV,Telephone Field,recover-20220825,002,1795
515.5625,515.6016,68437,82193,Rhinolophus ferrumequinum,0.028,0.028,-1,Echolocation,/mnt/ubna_data_01_mir/recover-20220825/UBNA_002/20220823_033000.WAV,Telephone Field,recover-20220825,002,1795
515.5675,515.6082,68437,82701,Rhinolophus ferrumequinum,0.028,0.028,-1,Echolocation,/mnt/ubna_data_01_mir/recover-20220825/UBNA_002/20220823_033000.WAV,Telephone Field,recover-20220825,002,1795
515.5945,515.6025,29765,51757,Myotis daubentonii,0.011,0.021,-1,Echolocation,/mnt/ubna_data_01_mir/recover-20220825/UBNA_002/20220823_033000.WAV,Telephone Field,recover-20220825,002,1795
515.6235,515.6411,18593,22361,Nyctalus noctula,0.014,0.025,-1,Echolocation,/mnt/ubna_data_01_mir/recover-20220825/UBNA_002/20220823_033000.WAV,Telephone Field,recover-20220825,002,1795
515.6515,515.6592,28046,37222,Eptesicus serotinus,0.007,0.022,-1,Echolocation,/mnt/ubna_data_01_mir/recover-20220825/UBNA_002/20220823_033000.WAV,Telephone Field,recover-20220825,002,1795
515.6695,515.7114,68437,82561,Rhinolophus ferrumequinum,0.022,0.022,-1,Echolocation,/mnt/ubna_data_01_mir/recover-20220825/UBNA_002/20220823_033000.WAV,Telephone Field,recover-20220825,002,1795
515.6825,515.6908,27187,37037,Eptesicus serotinus,0.007,0.022,-1,Echolocation,/mnt/ubna_data_01_mir/recover-20220825/UBNA_002/20220823_033000.WAV,Telephone Field,recover-20220825,002,1795
515.7125,515.7539,68437,82622,Rhinolophus ferrumequinum,0.031,0.031,-1,Echolocation,/mnt/ubna_data_01_mir/recover-20220825/UBNA_002/20220823_033000.WAV,Telephone Field,recover-20220825,002,1795
515.7285,515.7413,24609,28964,Nyctalus leisleri,0.021,0.04,-1,Echolocation,/mnt/ubna_data_01_mir/recover-20220825/UBNA_002/20220823_033000.WAV,Telephone Field,recover-20220825,002,1795
515.7435,515.7515,27187,37795,Eptesicus serotinus,0.007,0.021,-1,Echolocation,/mnt/ubna_data_01_mir/recover-20220825/UBNA_002/20220823_033000.WAV,Telephone Field,recover-20220825,002,1795
515.7575,515.7953,68437,81787,Rhinolophus ferrumequinum,0.022,0.022,-1,Echolocation,/mnt/ubna_data_01_mir/recover-20220825/UBNA_002/20220823_033000.WAV,Telephone Field,recover-20220825,002,1795
515.7605,515.7688,27187,38943,Eptesicus serotinus,0.008,0.025,-1,Echolocation,/mnt/ubna_data_01_mir/recover-20220825/UBNA_002/20220823_033000.WAV,Telephone Field,recover-20220825,002,1795
515.7655,515.8042,68437,81605,Rhinolophus ferrumequinum,0.022,0.022,-1,Echolocation,/mnt/ubna_data_01_mir/recover-20220825/UBNA_002/20220823_033000.WAV,Telephone Field,recover-20220825,002,1795
515.7845,515.7924,26328,37967,Eptesicus serotinus,0.007,0.022,-1,Echolocation,/mnt/ubna_data_01_mir/recover-20220825/UBNA_002/20220823_033000.WAV,Telephone Field,recover-20220825,002,1795
515.8015,515.8089,27187,38307,Eptesicus serotinus,0.007,0.024,-1,Echolocation,/mnt/ubna_data_01_mir/recover-20220825/UBNA_002/20220823_033000.WAV,Telephone Field,recover-20220825,002,1795
515.8235,515.8644,68437,82670,Rhinolophus ferrumequinum,0.024,0.024,-1,Echolocation,/mnt/ubna_data_01_mir/recover-20220825/UBNA_002/20220823_033000.WAV,Telephone Field,recover-20220825,002,1795
515.8585,515.8985,68437,82660,Rhinolophus ferrumequinum,0.023,0.023,-1,Echolocation,/mnt/ubna_data_01_mir/recover-20220825/UBNA_002/20220823_033000.WAV,Telephone Field,recover-20220825,002,1795
515.8785,515.8872,46953,50810,Pipistrellus pipistrellus,0.025,0.026,-1,Echolocation,/mnt/ubna_data_01_mir/recover-20220825/UBNA_002/20220823_033000.WAV,Telephone Field,recover-20220825,002,1795
515.8955,515.9366,68437,83244,Rhinolophus ferrumequinum,0.03,0.03,-1,Echolocation,/mnt/ubna_data_01_mir/recover-20220825/UBNA_002/20220823_033000.WAV,Telephone Field,recover-20220825,002,1795
515.8995,515.9089,32343,39804,Myotis daubentonii,0.007,0.021,-1,Echolocation,/mnt/ubna_data_01_mir/recover-20220825/UBNA_002/20220823_033000.WAV,Telephone Field,recover-20220825,002,1795
515.9225,515.9319,27187,35702,Eptesicus serotinus,0.008,0.022,-1,Echolocation,/mnt/ubna_data_01_mir/recover-20220825/UBNA_002/20220823_033000.WAV,Telephone Field,recover-20220825,002,1795
515.9235,515.9636,68437,82451,Rhinolophus ferrumequinum,0.027,0.027,-1,Echolocation,/mnt/ubna_data_01_mir/recover-20220825/UBNA_002/20220823_033000.WAV,Telephone Field,recover-20220825,002,1795
515.9575,515.966,43515,51808,Pipistrellus pipistrellus,0.015,0.026,-1,Echolocation,/mnt/ubna_data_01_mir/recover-20220825/UBNA_002/20220823_033000.WAV,Telephone Field,recover-20220825,002,1795
515.9595,515.998,68437,82568,Rhinolophus ferrumequinum,0.023,0.023,-1,Echolocation,/mnt/ubna_data_01_mir/recover-20220825/UBNA_002/20220823_033000.WAV,Telephone Field,recover-20220825,002,1795
515.9665,515.9753,27187,35390,Eptesicus serotinus,0.008,0.022,-1,Echolocation,/mnt/ubna_data_01_mir/recover-20220825/UBNA_002/20220823_033000.WAV,Telephone Field,recover-20220825,002,1795
516.0015,516.0174,19453,24298,Nyctalus leisleri,0.012,0.028,-1,Echolocation,/mnt/ubna_data_01_mir/recover-20220825/UBNA_002/20220823_033000.WAV,Telephone Field,recover-20220825,002,1795
516.0015,516.0096,26328,39948,Eptesicus serotinus,0.006,0.027,-1,Echolocation,/mnt/ubna_data_01_mir/recover-20220825/UBNA_002/20220823_033000.WAV,Telephone Field,recover-20220825,002,1795
516.0015,516.0346,68437,80431,Rhinolophus ferrumequinum,0.039,0.039,-1,Echolocation,/mnt/ubna_data_01_mir/recover-20220825/UBNA_002/20220823_033000.WAV,Telephone Field,recover-20220825,002,1795
516.0085,516.0507,68437,82474,Rhinolophus ferrumequinum,0.024,0.024,-1,Echolocation,/mnt/ubna_data_01_mir/recover-20220825/UBNA_002/20220823_033000.WAV,Telephone Field,recover-20220825,002,1795
516.0305,516.0694,68437,82732,Rhinolophus ferrumequinum,0.022,0.022,-1,Echolocation,/mnt/ubna_data_01_mir/recover-20220825/UBNA_002/20220823_033000.WAV,Telephone Field,recover-20220825,002,1795
516.0385,516.0479,27187,38926,Eptesicus serotinus,0.009,0.023,-1,Echolocation,/mnt/ubna_data_01_mir/recover-20220825/UBNA_002/20220823_033000.WAV,Telephone Field,recover-20220825,002,1795
516.0625,516.0983,68437,81006,Rhinolophus ferrumequinum,0.025,0.025,-1,Echolocation,/mnt/ubna_data_01_mir/recover-20220825/UBNA_002/20220823_033000.WAV,Telephone Field,recover-20220825,002,1795
516.0995,516.1353,68437,81530,Rhinolophus ferrumequinum,0.023,0.023,-1,Echolocation,/mnt/ubna_data_01_mir/recover-20220825/UBNA_002/20220823_033000.WAV,Telephone Field,recover-20220825,002,1795
516.1245,516.1646,68437,82637,Rhinolophus ferrumequinum,0.035,0.035,-1,Echolocation,/mnt/ubna_data_01_mir/recover-20220825/UBNA_002/20220823_033000.WAV,Telephone Field,recover-20220825,002,1795
516.1385,516.1775,68437,82352,Rhinolophus ferrumequinum,0.022,0.022,-1,Echolocation,/mnt/ubna_data_01_mir/recover-20220825/UBNA_002/20220823_033000.WAV,Telephone Field,recover-20220825,002,1795
516.1615,516.2013,68437,82080,Rhinolophus ferrumequinum,0.022,0.022,-1,Echolocation,/mnt/ubna_data_01_mir/recover-20220825/UBNA_002/20220823_033000.WAV,Telephone Field,recover-20220825,002,1795
516.1685,516.1792,23750,29598,Nyctalus leisleri,0.011,0.026,-1,Echolocation,/mnt/ubna_data_01_mir/recover-20220825/UBNA_002/20220823_033000.WAV,Telephone Field,recover-20220825,002,1795
516.1775,516.1885,22031,26641,Nyctalus leisleri,0.012,0.023,-1,Echolocation,/mnt/ubna_data_01_mir/recover-20220825/UBNA_002/20220823_033000.WAV,Telephone Field,recover-20220825,002,1795
516.2285,516.2663,68437,80947,Rhinolophus ferrumequinum,0.027,0.027,-1,Echolocation,/mnt/ubna_data_01_mir/recover-20220825/UBNA_002/20220823_033000.WAV,Telephone Field,recover-20220825,002,1795
516.2685,516.3101,68437,83114,Rhinolophus ferrumequinum,0.028,0.028,-1,Echolocation,/mnt/ubna_data_01_mir/recover-20220825/UBNA_002/20220823_033000.WAV,Telephone Field,recover-20220825,002,1795
516.2705,516.2786,28046,40842,Eptesicus serotinus,0.008,0.022,-1,Echolocation,/mnt/ubna_data_01_mir/recover-20220825/UBNA_002/20220823_033000.WAV,Telephone Field,recover-20220825,002,1795
516.2815,516.2894,58984,64634,Pipistrellus pygmaeus,0.027,0.029,-1,Echolocation,/mnt/ubna_data_01_mir/recover-20220825/UBNA_002/20220823_033000.WAV,Telephone Field,recover-20220825,002,1795
516.3895,516.4291,68437,82561,Rhinolophus ferrumequinum,0.028,0.028,-1,Echolocation,/mnt/ubna_data_01_mir/recover-20220825/UBNA_002/20220823_033000.WAV,Telephone Field,recover-20220825,002,1795
516.4405,516.4832,68437,83561,Rhinolophus ferrumequinum,0.029,0.029,-1,Echolocation,/mnt/ubna_data_01_mir/recover-20220825/UBNA_002/20220823_033000.WAV,Telephone Field,recover-20220825,002,1795
516.4745,516.5143,68437,81747,Rhinolophus ferrumequinum,0.023,0.023,-1,Echolocation,/mnt/ubna_data_01_mir/recover-20220825/UBNA_002/20220823_033000.WAV,Telephone Field,recover-20220825,002,1795
516.4785,516.4858,28046,39142,Eptesicus serotinus,0.006,0.022,-1,Echolocation,/mnt/ubna_data_01_mir/recover-20220825/UBNA_002/20220823_033000.WAV,Telephone Field,recover-20220825,002,1795
516.5755,516.5892,22890,26771,Nyctalus leisleri,0.013,0.022,-1,Echolocation,/mnt/ubna_data_01_mir/recover-20220825/UBNA_002/20220823_033000.WAV,Telephone Field,recover-20220825,002,1795
516.5925,516.5993,25468,37649,Plecotus austriacus,0.007,0.024,-1,Echolocation,/mnt/ubna_data_01_mir/recover-20220825/UBNA_002/20220823_033000.WAV,Telephone Field,recover-20220825,002,1795
516.6195,516.6297,22890,28437,Nyctalus leisleri,0.01,0.022,-1,Echolocation,/mnt/ubna_data_01_mir/recover-20220825/UBNA_002/20220823_033000.WAV,Telephone Field,recover-20220825,002,1795
516.6275,516.6667,68437,82603,Rhinolophus ferrumequinum,0.024,0.024,-1,Echolocation,/mnt/ubna_data_01_mir/recover-20220825/UBNA_002/20220823_033000.WAV,Telephone Field,recover-20220825,002,1795
516.6375,516.6745,68437,81694,Rhinolophus ferrumequinum,0.023,0.023,-1,Echolocation,/mnt/ubna_data_01_mir/recover-20220825/UBNA_002/20220823_033000.WAV,Telephone Field,recover-20220825,002,1795
516.6435,516.682,68437,81614,Rhinolophus ferrumequinum,0.023,0.023,-1,Echolocation,/mnt/ubna_data_01_mir/recover-20220825/UBNA_002/20220823_033000.WAV,Telephone Field,recover-20220825,002,1795
516.6835,516.6937,23750,30236,Nyctalus leisleri,0.008,0.022,-1,Echolocation,/mnt/ubna_data_01_mir/recover-20220825/UBNA_002/20220823_033000.WAV,Telephone Field,recover-20220825,002,1795
516.6895,516.6975,28046,38838,Eptesicus serotinus,0.008,0.022,-1,Echolocation,/mnt/ubna_data_01_mir/recover-20220825/UBNA_002/20220823_033000.WAV,Telephone Field,recover-20220825,002,1795
516.6895,516.7309,68437,83142,Rhinolophus ferrumequinum,0.026,0.026,-1,Echolocation,/mnt/ubna_data_01_mir/recover-20220825/UBNA_002/20220823_033000.WAV,Telephone Field,recover-20220825,002,1795
516.7105,516.7194,51250,56617,Pipistrellus pipistrellus,0.019,0.022,-1,Echolocation,/mnt/ubna_data_01_mir/recover-20220825/UBNA_002/20220823_033000.WAV,Telephone Field,recover-20220825,002,1795
516.7445,516.7821,68437,81584,Rhinolophus ferrumequinum,0.022,0.022,-1,Echolocation,/mnt/ubna_data_01_mir/recover-20220825/UBNA_002/20220823_033000.WAV,Telephone Field,recover-20220825,002,1795
516.7685,516.7775,24609,33376,Plecotus austriacus,0.009,0.031,-1,Echolocation,/mnt/ubna_data_01_mir/recover-20220825/UBNA_002/20220823_033000.WAV,Telephone Field,recover-20220825,002,1795
516.7705,516.8132,68437,82635,Rhinolophus ferrumequinum,0.033,0.033,-1,Echolocation,/mnt/ubna_data_01_mir/recover-20220825/UBNA_002/20220823_033000.WAV,Telephone Field,recover-20220825,002,1795
516.7845,516.8225,68437,82297,Rhinolophus ferrumequinum,0.026,0.026,-1,Echolocation,/mnt/ubna_data_01_mir/recover-20220825/UBNA_002/20220823_033000.WAV,Telephone Field,recover-20220825,002,1795
516.7995,516.8098,28046,35368,Eptesicus serotinus,0.009,0.022,-1,Echolocation,/mnt/ubna_data_01_mir/recover-20220825/UBNA_002/20220823_033000.WAV,Telephone Field,recover-20220825,002,1795
516.8185,516.8584,68437,82686,Rhinolophus ferrumequinum,0.025,0.025,-1,Echolocation,/mnt/ubna_data_01_mir/recover-20220825/UBNA_002/20220823_033000.WAV,Telephone Field,recover-20220825,002,1795
516.8305,516.8415,28906,35593,Eptesicus serotinus,0.012,0.027,-1,Echolocation,/mnt/ubna_data_01_mir/recover-20220825/UBNA_002/20220823_033000.WAV,Telephone Field,recover-20220825,002,1795
516.8425,516.8563,22031,25750,Nyctalus leisleri,0.014,0.023,-1,Echolocation,/mnt/ubna_data_01_mir/recover-20220825/UBNA_002/20220823_033000.WAV,Telephone Field,recover-20220825,002,1795
516.8745,516.9148,68437,82286,Rhinolophus ferrumequinum,0.022,0.022,-1,Echolocation,/mnt/ubna_data_01_mir/recover-20220825/UBNA_002/20220823_033000.WAV,Telephone Field,recover-20220825,002,1795
516.9405,516.9482,28906,38231,Eptesicus serotinus,0.008,0.023,-1,Echolocation,/mnt/ubna_data_01_mir/recover-20220825/UBNA_002/20220823_033000.WAV,Telephone Field,recover-20220825,002,1795
516.9435,516.9526,24609,31964,Nyctalus leisleri,0.007,0.023,-1,Echolocation,/mnt/ubna_data_01_mir/recover-20220825/UBNA_002/20220823_033000.WAV,Telephone Field,recover-20220825,002,1795
516.9565,516.9954,68437,82546,Rhinolophus ferrumequinum,0.032,0.032,-1,Echolocation,/mnt/ubna_data_01_mir/recover-20220825/UBNA_002/20220823_033000.WAV,Telephone Field,recover-20220825,002,1795
516.9685,516.9786,26328,33445,Eptesicus serotinus,0.009,0.023,-1,Echolocation,/mnt/ubna_data_01_mir/recover-20220825/UBNA_002/20220823_033000.WAV,Telephone Field,recover-20220825,002,1795
517.0275,517.0386,22031,26146,Nyctalus leisleri,0.012,0.022,-1,Echolocation,/mnt/ubna_data_01_mir/recover-20220825/UBNA_002/20220823_033000.WAV,Telephone Field,recover-20220825,002,1795
517.0335,517.0729,68437,82319,Rhinolophus ferrumequinum,0.025,0.025,-1,Echolocation,/mnt/ubna_data_01_mir/recover-20220825/UBNA_002/20220823_033000.WAV,Telephone Field,recover-20220825,002,1795
517.0475,517.0864,68437,83220,Rhinolophus ferrumequinum,0.027,0.027,-1,Echolocation,/mnt/ubna_data_01_mir/recover-20220825/UBNA_002/20220823_033000.WAV,Telephone Field,recover-20220825,002,1795
517.0685,517.0865,15156,20574,Nyctalus noctula,0.018,0.024,-1,Echolocation,/mnt/ubna_data_01_mir/recover-20220825/UBNA_002/20220823_033000.WAV,Telephone Field,recover-20220825,002,1795
517.0865,517.1274,68437,82510,Rhinolophus ferrumequinum,0.026,0.026,-1,Echolocation,/mnt/ubna_data_01_mir/recover-20220825/UBNA_002/20220823_033000.WAV,Telephone Field,recover-20220825,002,1795
517.1065,517.1172,28906,35885,Eptesicus serotinus,0.01,0.024,-1,Echolocation,/mnt/ubna_data_01_mir/recover-20220825/UBNA_002/20220823_033000.WAV,Telephone Field,recover-20220825,002,1795
517.1675,517.2085,68437,82117,Rhinolophus ferrumequinum,0.026,0.026,-1,Echolocation,/mnt/ubna_data_01_mir/recover-20220825/UBNA_002/20220823_033000.WAV,Telephone Field,recover-20220825,002,1795
517.1765,517.1973,16875,19606,Nyctalus noctula,0.017,0.029,-1,Echolocation,/mnt/ubna_data_01_mir/recover-20220825/UBNA_002/20220823_033000.WAV,Telephone Field,recover-20220825,002,1795
517.1945,517.2285,68437,81210,Rhinolophus ferrumequinum,0.022,0.022,-1,Echolocation,/mnt/ubna_data_01_mir/recover-20220825/UBNA_002/20220823_033000.WAV,Telephone Field,recover-20220825,002,1795
517.2095,517.2179,27187,38488,Eptesicus serotinus,0.007,0.022,-1,Echolocation,/mnt/ubna_data_01_mir/recover-20220825/UBNA_002/20220823_033000.WAV,Telephone Field,recover-20220825,002,1795
517.3025,517.3433,68437,82607,Rhinolophus ferrumequinum,0.032,0.032,-1,Echolocation,/mnt/ubna_data_01_mir/recover-20220825/UBNA_002/20220823_033000.WAV,Telephone Field,recover-20220825,002,1795
517.3075,517.3184,24609,31451,Eptesicus serotinus,0.011,0.025,-1,Echolocation,/mnt/ubna_data_01_mir/recover-20220825/UBNA_002/20220823_033000.WAV,Telephone Field,recover-20220825,002,1795
517.3925,517.4325,68437,82855,Rhinolophus ferrumequinum,0.039,0.039,-1,Echolocation,/mnt/ubna_data_01_mir/recover-20220825/UBNA_002/20220823_033000.WAV,Telephone Field,recover-20220825,002,1795
517.4185,517.4263,46093,57249,Pipistrellus pipistrellus,0.023,0.035,-1,Echolocation,/mnt/ubna_data_01_mir/recover-20220825/UBNA_002/20220823_033000.WAV,Telephone Field,recover-20220825,002,1795
517.4515,517.4911,68437,82526,Rhinolophus ferrumequinum,0.024,0.024,-1,Echolocation,/mnt/ubna_data_01_mir/recover-20220825/UBNA_002/20220823_033000.WAV,Telephone Field,recover-20220825,002,1795
517.4655,517.476,28906,35622,Eptesicus serotinus,0.013,0.026,-1,Echolocation,/mnt/ubna_data_01_mir/recover-20220825/UBNA_002/20220823_033000.WAV,Telephone Field,recover-20220825,002,1795
517.4905,517.5001,22031,27201,Nyctalus leisleri,0.009,0.022,-1,Echolocation,/mnt/ubna_data_01_mir/recover-20220825/UBNA_002/20220823_033000.WAV,Telephone Field,recover-20220825,002,1795
517.4925,517.5354,68437,82943,Rhinolophus ferrumequinum,0.029,0.029,-1,Echolocation,/mnt/ubna_data_01_mir/recover-20220825/UBNA_002/20220823_033000.WAV,Telephone Field,recover-20220825,002,1795
517.5315,517.5413,22890,29757,Nyctalus leisleri,0.013,0.038,-1,Echolocation,/mnt/ubna_data_01_mir/recover-20220825/UBNA_002/20220823_033000.WAV,Telephone Field,recover-20220825,002,1795
517.5355,517.5742,68437,82719,Rhinolophus ferrumequinum,0.022,0.022,-1,Echolocation,/mnt/ubna_data_01_mir/recover-20220825/UBNA_002/20220823_033000.WAV,Telephone Field,recover-20220825,002,1795
517.5495,517.5566,27187,43873,Eptesicus serotinus,0.008,0.025,-1,Echolocation,/mnt/ubna_data_01_mir/recover-20220825/UBNA_002/20220823_033000.WAV,Telephone Field,recover-20220825,002,1795
517.5735,517.6113,68437,82264,Rhinolophus ferrumequinum,0.023,0.023,-1,Echolocation,/mnt/ubna_data_01_mir/recover-20220825/UBNA_002/20220823_033000.WAV,Telephone Field,recover-20220825,002,1795
517.5925,517.636,68437,82838,Rhinolophus ferrumequinum,0.024,0.024,-1,Echolocation,/mnt/ubna_data_01_mir/recover-20220825/UBNA_002/20220823_033000.WAV,Telephone Field,recover-20220825,002,1795
517.6015,517.6411,68437,82887,Rhinolophus ferrumequinum,0.023,0.023,-1,Echolocation,/mnt/ubna_data_01_mir/recover-20220825/UBNA_002/20220823_033000.WAV,Telephone Field,recover-20220825,002,1795
517.6255,517.6345,22890,29985,Plecotus austriacus,0.008,0.022,-1,Echolocation,/mnt/ubna_data_01_mir/recover-20220825/UBNA_002/20220823_033000.WAV,Telephone Field,recover-20220825,002,1795
517.6425,517.6836,68437,82940,Rhinolophus ferrumequinum,0.031,0.031,-1,Echolocation,/mnt/ubna_data_01_mir/recover-20220825/UBNA_002/20220823_033000.WAV,Telephone Field,recover-20220825,002,1795
517.6995,517.7387,68437,82793,Rhinolophus ferrumequinum,0.023,0.023,-1,Echolocation,/mnt/ubna_data_01_mir/recover-20220825/UBNA_002/20220823_033000.WAV,Telephone Field,recover-20220825,002,1795
517.7155,517.7248,47812,55473,Pipistrellus pipistrellus,0.02,0.024,-1,Echolocation,/mnt/ubna_data_01_mir/recover-20220825/UBNA_002/20220823_033000.WAV,Telephone Field,recover-20220825,002,1795
517.7685,517.8099,68437,82376,Rhinolophus ferrumequinum,0.036,0.036,-1,Echolocation,/mnt/ubna_data_01_mir/recover-20220825/UBNA_002/20220823_033000.WAV,Telephone Field,recover-20220825,002,1795
517.8115,517.8488,68437,81693,Rhinolophus ferrumequinum,0.023,0.023,-1,Echolocation,/mnt/ubna_data_01_mir/recover-20220825/UBNA_002/20220823_033000.WAV,Telephone Field,recover-20220825,002,1795
517.8155,517.8232,28046,39283,Eptesicus serotinus,0.008,0.025,-1,Echolocation,/mnt/ubna_data_01_mir/recover-20220825/UBNA_002/20220823_033000.WAV,Telephone Field,recover-20220825,002,1795
517.8165,517.8266,22031,27387,Nyctalus leisleri,0.009,0.023,-1,Echolocation,/mnt/ubna_data_01_mir/recover-20220825/UBNA_002/20220823_033000.WAV,Telephone Field,recover-20220825,002,1795
517.8225,517.8638,68437,82199,Rhinolophus ferrumequinum,0.024,0.024,-1,Echolocation,/mnt/ubna_data_01_mir/recover-20220825/UBNA_002/20220823_033000.WAV,Telephone Field,recover-20220825,002,1795
517.8495,517.87,16015,20033,Nyctalus noctula,0.016,0.023,-1,Echolocation,/mnt/ubna_data_01_mir/recover-20220825/UBNA_002/20220823_033000.WAV,Telephone Field,recover-20220825,002,1795
517.8495,517.8895,68437,81899,Rhinolophus ferrumequinum,0.034,0.034,-1,Echolocation,/mnt/ubna_data_01_mir/recover-20220825/UBNA_002/20220823_033000.WAV,Telephone Field,recover-20220825,002,1795
517.8525,517.8594,28046,40149,Eptesicus serotinus,0.008,0.028,-1,Echolocation,/mnt/ubna_data_01_mir/recover-20220825/UBNA_002/20220823_033000.WAV,Telephone Field,recover-20220825,002,1795
517.8855,517.8937,28046,39018,Eptesicus serotinus,0.007,0.022,-1,Echolocation,/mnt/ubna_data_01_mir/recover-20220825/UBNA_002/20220823_033000.WAV,Telephone Field,recover-20220825,002,1795
517.8965,517.9321,68437,81492,Rhinolophus ferrumequinum,0.022,0.022,-1,Echolocation,/mnt/ubna_data_01_mir/recover-20220825/UBNA_002/20220823_033000.WAV,Telephone Field,recover-20220825,002,1795
517.9215,517.9621,68437,81616,Rhinolophus ferrumequinum,0.024,0.024,-1,Echolocation,/mnt/ubna_data_01_mir/recover-20220825/UBNA_002/20220823_033000.WAV,Telephone Field,recover-20220825,002,1795
517.9275,517.9377,23750,30723,Nyctalus leisleri,0.009,0.024,-1,Echolocation,/mnt/ubna_data_01_mir/recover-20220825/UBNA_002/20220823_033000.WAV,Telephone Field,recover-20220825,002,1795
517.9405,517.947,24609,34017,Plecotus austriacus,0.019,0.049,-1,Echolocation,/mnt/ubna_data_01_mir/recover-20220825/UBNA_002/20220823_033000.WAV,Telephone Field,recover-20220825,002,1795
517.9495,517.9878,68437,80962,Rhinolophus ferrumequinum,0.03,0.03,-1,Echolocation,/mnt/ubna_data_01_mir/recover-20220825/UBNA_002/20220823_033000.WAV,Telephone Field,recover-20220825,002,1795
517.9595,517.9973,68437,81428,Rhinolophus ferrumequinum,0.023,0.023,-1,Echolocation,/mnt/ubna_data_01_mir/recover-20220825/UBNA_002/20220823_033000.WAV,Telephone Field,recover-20220825,002,1795
517.9645,517.9784,22890,26249,Nyctalus leisleri,0.021,0.032,-1,Echolocation,/mnt/ubna_data_01_mir/recover-20220825/UBNA_002/20220823_033000.WAV,Telephone Field,recover-20220825,002,1795
517.9865,517.9949,26328,35752,Eptesicus serotinus,0.006,0.022,-1,Echolocation,/mnt/ubna_data_01_mir/recover-20220825/UBNA_002/20220823_033000.WAV,Telephone Field,recover-20220825,002,1795
518.0015,518.0088,37500,48097,Myotis brandtii,0.006,0.023,-1,Echolocation,/mnt/ubna_data_01_mir/recover-20220825/UBNA_002/20220823_033000.WAV,Telephone Field,recover-20220825,002,1795
518.0015,518.033,68437,80451,Rhinolophus ferrumequinum,0.029,0.029,-1,Echolocation,/mnt/ubna_data_01_mir/recover-20220825/UBNA_002/20220823_033000.WAV,Telephone Field,recover-20220825,002,1795
518.0015,518.0106,22890,30284,Nyctalus leisleri,0.011,0.033,-1,Echolocation,/mnt/ubna_data_01_mir/recover-20220825/UBNA_002/20220823_033000.WAV,Telephone Field,recover-20220825,002,1795
518.0185,518.0257,27187,37560,Eptesicus serotinus,0.007,0.023,-1,Echolocation,/mnt/ubna_data_01_mir/recover-20220825/UBNA_002/20220823_033000.WAV,Telephone Field,recover-20220825,002,1795
518.0385,518.0773,68437,82711,Rhinolophus ferrumequinum,0.022,0.022,-1,Echolocation,/mnt/ubna_data_01_mir/recover-20220825/UBNA_002/20220823_033000.WAV,Telephone Field,recover-20220825,002,1795
518.0415,518.0485,34921,52853,Myotis daubentonii,0.007,0.02,-1,Echolocation,/mnt/ubna_data_01_mir/recover-20220825/UBNA_002/20220823_033000.WAV,Telephone Field,recover-20220825,002,1795
518.0755,518.0819,24609,34615,Plecotus austriacus,0.017,0.042,-1,Echolocation,/mnt/ubna_data_01_mir/recover-20220825/UBNA_002/20220823_033000.WAV,Telephone Field,recover-20220825,002,1795
518.0985,518.1078,50390,54862,Pipistrellus pipistrellus,0.035,0.041,-1,Echolocation,/mnt/ubna_data_01_mir/recover-20220825/UBNA_002/20220823_033000.WAV,Telephone Field,recover-20220825,002,1795
518.0995,518.1369,68437,81388,Rhinolophus ferrumequinum,0.02,0.02,-1,Echolocation,/mnt/ubna_data_01_mir/recover-20220825/UBNA_002/20220823_033000.WAV,Telephone Field,recover-20220825,002,1795
518.1065,518.1144,26328,37720,Eptesicus serotinus,0.007,0.022,-1,Echolocation,/mnt/ubna_data_01_mir/recover-20220825/UBNA_002/20220823_033000.WAV,Telephone Field,recover-20220825,002,1795
518.1205,518.1596,68437,81843,Rhinolophus ferrumequinum,0.021,0.021,-1,Echolocation,/mnt/ubna_data_01_mir/recover-20220825/UBNA_002/20220823_033000.WAV,Telephone Field,recover-20220825,002,1795
518.1845,518.2215,68437,81890,Rhinolophus ferrumequinum,0.021,0.021,-1,Echolocation,/mnt/ubna_data_01_mir/recover-20220825/UBNA_002/20220823_033000.WAV,Telephone Field,recover-20220825,002,1795
518.1925,518.2327,68437,82554,Rhinolophus ferrumequinum,0.022,0.022,-1,Echolocation,/mnt/ubna_data_01_mir/recover-20220825/UBNA_002/20220823_033000.WAV,Telephone Field,recover-20220825,002,1795
518.2095,518.2452,68437,81354,Rhinolophus ferrumequinum,0.021,0.021,-1,Echolocation,/mnt/ubna_data_01_mir/recover-20220825/UBNA_002/20220823_033000.WAV,Telephone Field,recover-20220825,002,1795
518.2235,518.2315,27187,40533,Eptesicus serotinus,0.007,0.021,-1,Echolocation,/mnt/ubna_data_01_mir/recover-20220825/UBNA_002/20220823_033000.WAV,Telephone Field,recover-20220825,002,1795
518.2295,518.2679,68437,82029,Rhinolophus ferrumequinum,0.021,0.021,-1,Echolocation,/mnt/ubna_data_01_mir/recover-20220825/UBNA_002/20220823_033000.WAV,Telephone Field,recover-20220825,002,1795
518.2455,518.285,68437,82893,Rhinolophus ferrumequinum,0.024,0.024,-1,Echolocation,/mnt/ubna_data_01_mir/recover-20220825/UBNA_002/20220823_033000.WAV,Telephone Field,recover-20220825,002,1795
518.2465,518.2549,27187,40627,Eptesicus serotinus,0.007,0.02,-1,Echolocation,/mnt/ubna_data_01_mir/recover-20220825/UBNA_002/20220823_033000.WAV,Telephone Field,recover-20220825,002,1795
518.2855,518.2944,28906,39499,Eptesicus serotinus,0.008,0.02,-1,Echolocation,/mnt/ubna_data_01_mir/recover-20220825/UBNA_002/20220823_033000.WAV,Telephone Field,recover-20220825,002,1795
518.2895,518.3307,68437,82904,Rhinolophus ferrumequinum,0.026,0.026,-1,Echolocation,/mnt/ubna_data_01_mir/recover-20220825/UBNA_002/20220823_033000.WAV,Telephone Field,recover-20220825,002,1795
518.3075,518.3489,68437,82411,Rhinolophus ferrumequinum,0.021,0.021,-1,Echolocation,/mnt/ubna_data_01_mir/recover-20220825/UBNA_002/20220823_033000.WAV,Telephone Field,recover-20220825,002,1795
518.3315,518.3708,68437,82007,Rhinolophus ferrumequinum,0.02,0.02,-1,Echolocation,/mnt/ubna_data_01_mir/recover-20220825/UBNA_002/20220823_033000.WAV,Telephone Field,recover-20220825,002,1795
518.3425,518.3539,22031,26747,Nyctalus leisleri,0.016,0.033,-1,Echolocation,/mnt/ubna_data_01_mir/recover-20220825/UBNA_002/20220823_033000.WAV,Telephone Field,recover-20220825,002,1795
518.3675,518.403,68437,81513,Rhinolophus ferrumequinum,0.021,0.021,-1,Echolocation,/mnt/ubna_data_01_mir/recover-20220825/UBNA_002/20220823_033000.WAV,Telephone Field,recover-20220825,002,1795
518.3685,518.3775,27187,36973,Eptesicus serotinus,0.008,0.021,-1,Echolocation,/mnt/ubna_data_01_mir/recover-20220825/UBNA_002/20220823_033000.WAV,Telephone Field,recover-20220825,002,1795
518.4035,518.4401,68437,81263,Rhinolophus ferrumequinum,0.022,0.022,-1,Echolocation,/mnt/ubna_data_01_mir/recover-20220825/UBNA_002/20220823_033000.WAV,Telephone Field,recover-20220825,002,1795
518.4065,518.4134,27187,40038,Eptesicus serotinus,0.006,0.021,-1,Echolocation,/mnt/ubna_data_01_mir/recover-20220825/UBNA_002/20220823_033000.WAV,Telephone Field,recover-20220825,002,1795
518.4185,518.4556,68437,81153,Rhinolophus ferrumequinum,0.021,0.021,-1,Echolocation,/mnt/ubna_data_01_mir/recover-20220825/UBNA_002/20220823_033000.WAV,Telephone Field,recover-20220825,002,1795
518.4195,518.4283,51250,58193,Pipistrellus pipistrellus,0.015,0.02,-1,Echolocation,/mnt/ubna_data_01_mir/recover-20220825/UBNA_002/20220823_033000.WAV,Telephone Field,recover-20220825,002,1795
518.4275,518.4364,28046,36581,Eptesicus serotinus,0.008,0.021,-1,Echolocation,/mnt/ubna_data_01_mir/recover-20220825/UBNA_002/20220823_033000.WAV,Telephone Field,recover-20220825,002,1795
518.4295,518.4406,14296,21516,Nyctalus noctula,0.015,0.026,-1,Echolocation,/mnt/ubna_data_01_mir/recover-20220825/UBNA_002/20220823_033000.WAV,Telephone Field,recover-20220825,002,1795
518.4295,518.4673,68437,82054,Rhinolophus ferrumequinum,0.021,0.021,-1,Echolocation,/mnt/ubna_data_01_mir/recover-20220825/UBNA_002/20220823_033000.WAV,Telephone Field,recover-20220825,002,1795
518.4355,518.4464,27187,35129,Eptesicus serotinus,0.011,0.023,-1,Echolocation,/mnt/ubna_data_01_mir/recover-20220825/UBNA_002/20220823_033000.WAV,Telephone Field,recover-20220825,002,1795
518.4375,518.4774,68437,82306,Rhinolophus ferrumequinum,0.021,0.021,-1,Echolocation,/mnt/ubna_data_01_mir/recover-20220825/UBNA_002/20220823_033000.WAV,Telephone Field,recover-20220825,002,1795
518.4775,518.5198,68437,83524,Rhinolophus ferrumequinum,0.028,0.028,-1,Echolocation,/mnt/ubna_data_01_mir/recover-20220825/UBNA_002/20220823_033000.WAV,Telephone Field,recover-20220825,002,1795
518.4775,518.4852,25468,36173,Eptesicus serotinus,0.006,0.02,-1,Echolocation,/mnt/ubna_data_01_mir/recover-20220825/UBNA_002/20220823_033000.WAV,Telephone Field,recover-20220825,002,1795
518.5025,518.5393,68437,81772,Rhinolophus ferrumequinum,0.02,0.02,-1,Echolocation,/mnt/ubna_data_01_mir/recover-20220825/UBNA_002/20220823_033000.WAV,Telephone Field,recover-20220825,002,1795
518.5025,518.5096,28046,37320,Eptesicus serotinus,0.01,0.029,-1,Echolocation,/mnt/ubna_data_01_mir/recover-20220825/UBNA_002/20220823_033000.WAV,Telephone Field,recover-20220825,002,1795
518.5225,518.5585,68437,80912,Rhinolophus ferrumequinum,0.021,0.021,-1,Echolocation,/mnt/ubna_data_01_mir/recover-20220825/UBNA_002/20220823_033000.WAV,Telephone Field,recover-20220825,002,1795
518.5445,518.583,68437,81987,Rhinolophus ferrumequinum,0.024,0.024,-1,Echolocation,/mnt/ubna_data_01_mir/recover-20220825/UBNA_002/20220823_033000.WAV,Telephone Field,recover-20220825,002,1795
518.5585,518.5658,28906,37808,Eptesicus serotinus,0.007,0.024,-1,Echolocation,/mnt/ubna_data_01_mir/recover-20220825/UBNA_002/20220823_033000.WAV,Telephone Field,recover-20220825,002,1795
518.5685,518.6064,68437,81832,Rhinolophus ferrumequinum,0.02,0.02,-1,Echolocation,/mnt/ubna_data_01_mir/recover-20220825/UBNA_002/20220823_033000.WAV,Telephone Field,recover-20220825,002,1795
518.5845,518.6242,68437,81894,Rhinolophus ferrumequinum,0.021,0.021,-1,Echolocation,/mnt/ubna_data_01_mir/recover-20220825/UBNA_002/20220823_033000.WAV,Telephone Field,recover-20220825,002,1795
518.6385,518.6751,68437,81025,Rhinolophus ferrumequinum,0.02,0.02,-1,Echolocation,/mnt/ubna_data_01_mir/recover-20220825/UBNA_002/20220823_033000.WAV,Telephone Field,recover-20220825,002,1795
518.6515,518.6885,68437,81844,Rhinolophus ferrumequinum,0.021,0.021,-1,Echolocation,/mnt/ubna_data_01_mir/recover-20220825/UBNA_002/20220823_033000.WAV,Telephone Field,recover-20220825,002,1795
518.6875,518.7297,68437,83148,Rhinolophus ferrumequinum,0.031,0.031,-1,Echolocation,/mnt/ubna_data_01_mir/recover-20220825/UBNA_002/20220823_033000.WAV,Telephone Field,recover-20220825,002,1795
518.6975,518.7074,22890,28729,Nyctalus leisleri,0.009,0.022,-1,Echolocation,/mnt/ubna_data_01_mir/recover-20220825/UBNA_002/20220823_033000.WAV,Telephone Field,recover-20220825,002,1795
518.7015,518.7097,28046,36599,Eptesicus serotinus,0.007,0.021,-1,Echolocation,/mnt/ubna_data_01_mir/recover-20220825/UBNA_002/20220823_033000.WAV,Telephone Field,recover-20220825,002,1795
518.7285,518.7356,23750,32566,Plecotus austriacus,0.011,0.025,-1,Echolocation,/mnt/ubna_data_01_mir/recover-20220825/UBNA_002/20220823_033000.WAV,Telephone Field,recover-20220825,002,1795
518.7375,518.7757,68437,82292,Rhinolophus ferrumequinum,0.02,0.02,-1,Echolocation,/mnt/ubna_data_01_mir/recover-20220825/UBNA_002/20220823_033000.WAV,Telephone Field,recover-20220825,002,1795
518.7535,518.7889,68437,81144,Rhinolophus ferrumequinum,0.021,0.022,-1,Echolocation,/mnt/ubna_data_01_mir/recover-20220825/UBNA_002/20220823_033000.WAV,Telephone Field,recover-20220825,002,1795
518.7705,518.809,68437,82910,Rhinolophus ferrumequinum,0.023,0.023,-1,Echolocation,/mnt/ubna_data_01_mir/recover-20220825/UBNA_002/20220823_033000.WAV,Telephone Field,recover-20220825,002,1795
518.8065,518.8156,28046,37114,Eptesicus serotinus,0.01,0.022,-1,Echolocation,/mnt/ubna_data_01_mir/recover-20220825/UBNA_002/20220823_033000.WAV,Telephone Field,recover-20220825,002,1795
518.8095,518.8465,68437,82524,Rhinolophus ferrumequinum,0.022,0.022,-1,Echolocation,/mnt/ubna_data_01_mir/recover-20220825/UBNA_002/20220823_033000.WAV,Telephone Field,recover-20220825,002,1795
518.8195,518.8582,68437,81600,Rhinolophus ferrumequinum,0.021,0.021,-1,Echolocation,/mnt/ubna_data_01_mir/recover-20220825/UBNA_002/20220823_033000.WAV,Telephone Field,recover-20220825,002,1795
518.8375,518.8479,24609,31849,Eptesicus serotinus,0.01,0.028,-1,Echolocation,/mnt/ubna_data_01_mir/recover-20220825/UBNA_002/20220823_033000.WAV,Telephone Field,recover-20220825,002,1795
518.8375,518.8788,68437,82126,Rhinolophus ferrumequinum,0.02,0.02,-1,Echolocation,/mnt/ubna_data_01_mir/recover-20220825/UBNA_002/20220823_033000.WAV,Telephone Field,recover-20220825,002,1795
518.8755,518.9131,68437,81469,Rhinolophus ferrumequinum,0.02,0.02,-1,Echolocation,/mnt/ubna_data_01_mir/recover-20220825/UBNA_002/20220823_033000.WAV,Telephone Field,recover-20220825,002,1795
518.9035,518.9417,68437,81330,Rhinolophus ferrumequinum,0.022,0.022,-1,Echolocation,/mnt/ubna_data_01_mir/recover-20220825/UBNA_002/20220823_033000.WAV,Telephone Field,recover-20220825,002,1795
518.9115,518.9185,28046,42370,Eptesicus serotinus,0.007,0.024,-1,Echolocation,/mnt/ubna_data_01_mir/recover-20220825/UBNA_002/20220823_033000.WAV,Telephone Field,recover-20220825,002,1795
518.9285,518.9394,28906,35477,Eptesicus serotinus,0.013,0.028,-1,Echolocation,/mnt/ubna_data_01_mir/recover-20220825/UBNA_002/20220823_033000.WAV,Telephone Field,recover-20220825,002,1795
518.9655,519.0024,68437,81732,Rhinolophus ferrumequinum,0.026,0.026,-1,Echolocation,/mnt/ubna_data_01_mir/recover-20220825/UBNA_002/20220823_033000.WAV,Telephone Field,recover-20220825,002,1795
518.9895,518.999,28046,36481,Eptesicus serotinus,0.011,0.026,-1,Echolocation,/mnt/ubna_data_01_mir/recover-20220825/UBNA_002/20220823_033000.WAV,Telephone Field,recover-20220825,002,1795
518.9915,519.0293,68437,81894,Rhinolophus ferrumequinum,0.022,0.022,-1,Echolocation,/mnt/ubna_data_01_mir/recover-20220825/UBNA_002/20220823_033000.WAV,Telephone Field,recover-20220825,002,1795
519.0205,519.0583,68437,81749,Rhinolophus ferrumequinum,0.022,0.022,-1,Echolocation,/mnt/ubna_data_01_mir/recover-20220825/UBNA_002/20220823_033000.WAV,Telephone Field,recover-20220825,002,1795
519.0475,519.0566,26328,36526,Eptesicus serotinus,0.008,0.02,-1,Echolocation,/mnt/ubna_data_01_mir/recover-20220825/UBNA_002/20220823_033000.WAV,Telephone Field,recover-20220825,002,1795
519.0565,519.0968,68437,82822,Rhinolophus ferrumequinum,0.024,0.024,-1,Echolocation,/mnt/ubna_data_01_mir/recover-20220825/UBNA_002/20220823_033000.WAV,Telephone Field,recover-20220825,002,1795
519.0675,519.1061,68437,81623,Rhinolophus ferrumequinum,0.022,0.022,-1,Echolocation,/mnt/ubna_data_01_mir/recover-20220825/UBNA_002/20220823_033000.WAV,Telephone Field,recover-20220825,002,1795
519.1165,519.1238,23750,32797,Plecotus austriacus,0.01,0.023,-1,Echolocation,/mnt/ubna_data_01_mir/recover-20220825/UBNA_002/20220823_033000.WAV,Telephone Field,recover-20220825,002,1795
519.1255,519.1646,68437,82102,Rhinolophus ferrumequinum,0.021,0.021,-1,Echolocation,/mnt/ubna_data_01_mir/recover-20220825/UBNA_002/20220823_033000.WAV,Telephone Field,recover-20220825,002,1795
519.1535,519.1903,68437,82163,Rhinolophus ferrumequinum,0.02,0.02,-1,Echolocation,/mnt/ubna_data_01_mir/recover-20220825/UBNA_002/20220823_033000.WAV,Telephone Field,recover-20220825,002,1795
519.1575,519.1682,23750,29013,Nyctalus leisleri,0.009,0.021,-1,Echolocation,/mnt/ubna_data_01_mir/recover-20220825/UBNA_002/20220823_033000.WAV,Telephone Field,recover-20220825,002,1795
519.2045,519.2449,68437,82939,Rhinolophus ferrumequinum,0.026,0.027,-1,Echolocation,/mnt/ubna_data_01_mir/recover-20220825/UBNA_002/20220823_033000.WAV,Telephone Field,recover-20220825,002,1795
519.2145,519.2213,51250,56300,Pipistrellus pipistrellus,0.02,0.022,-1,Echolocation,/mnt/ubna_data_01_mir/recover-20220825/UBNA_002/20220823_033000.WAV,Telephone Field,recover-20220825,002,1795
519.2185,519.2564,68437,81768,Rhinolophus ferrumequinum,0.021,0.021,-1,Echolocation,/mnt/ubna_data_01_mir/recover-20220825/UBNA_002/20220823_033000.WAV,Telephone Field,recover-20220825,002,1795
519.2235,519.2322,27187,40591,Eptesicus serotinus,0.008,0.022,-1,Echolocation,/mnt/ubna_data_01_mir/recover-20220825/UBNA_002/20220823_033000.WAV,Telephone Field,recover-20220825,002,1795
519.2405,519.2787,68437,82031,Rhinolophus ferrumequinum,0.021,0.021,-1,Echolocation,/mnt/ubna_data_01_mir/recover-20220825/UBNA_002/20220823_033000.WAV,Telephone Field,recover-20220825,002,1795
519.2565,519.2672,22890,27830,Nyctalus leisleri,0.01,0.022,-1,Echolocation,/mnt/ubna_data_01_mir/recover-20220825/UBNA_002/20220823_033000.WAV,Telephone Field,recover-20220825,002,1795
519.2845,519.3195,68437,81767,Rhinolophus ferrumequinum,0.021,0.021,-1,Echolocation,/mnt/ubna_data_01_mir/recover-20220825/UBNA_002/20220823_033000.WAV,Telephone Field,recover-20220825,002,1795
519.2855,519.2941,46953,51672,Pipistrellus pipistrellus,0.021,0.022,-1,Echolocation,/mnt/ubna_data_01_mir/recover-20220825/UBNA_002/20220823_033000.WAV,Telephone Field,recover-20220825,002,1795
519.3075,519.3169,28046,35498,Eptesicus serotinus,0.008,0.021,-1,Echolocation,/mnt/ubna_data_01_mir/recover-20220825/UBNA_002/20220823_033000.WAV,Telephone Field,recover-20220825,002,1795
519.3075,519.3443,68437,82003,Rhinolophus ferrumequinum,0.022,0.022,-1,Echolocation,/mnt/ubna_data_01_mir/recover-20220825/UBNA_002/20220823_033000.WAV,Telephone Field,recover-20220825,002,1795
519.3165,519.3534,68437,81508,Rhinolophus ferrumequinum,0.02,0.02,-1,Echolocation,/mnt/ubna_data_01_mir/recover-20220825/UBNA_002/20220823_033000.WAV,Telephone Field,recover-20220825,002,1795
519.3235,519.3599,68437,81253,Rhinolophus ferrumequinum,0.02,0.02,-1,Echolocation,/mnt/ubna_data_01_mir/recover-20220825/UBNA_002/20220823_033000.WAV,Telephone Field,recover-20220825,002,1795
519.3415,519.3635,18593,22350,Nyctalus noctula,0.027,0.042,-1,Echolocation,/mnt/ubna_data_01_mir/recover-20220825/UBNA_002/20220823_033000.WAV,Telephone Field,recover-20220825,002,1795
519.3825,519.4214,68437,81570,Rhinolophus ferrumequinum,0.021,0.021,-1,Echolocation,/mnt/ubna_data_01_mir/recover-20220825/UBNA_002/20220823_033000.WAV,Telephone Field,recover-20220825,002,1795
519.3885,519.399,46093,49270,Pipistrellus pipistrellus,0.023,0.027,-1,Echolocation,/mnt/ubna_data_01_mir/recover-20220825/UBNA_002/20220823_033000.WAV,Telephone Field,recover-20220825,002,1795
519.4115,519.4186,26328,36345,Eptesicus serotinus,0.01,0.037,-1,Echolocation,/mnt/ubna_data_01_mir/recover-20220825/UBNA_002/20220823_033000.WAV,Telephone Field,recover-20220825,002,1795
519.4235,519.4648,68437,82713,Rhinolophus ferrumequinum,0.027,0.027,-1,Echolocation,/mnt/ubna_data_01_mir/recover-20220825/UBNA_002/20220823_033000.WAV,Telephone Field,recover-20220825,002,1795
519.4555,519.4897,68437,81169,Rhinolophus ferrumequinum,0.02,0.02,-1,Echolocation,/mnt/ubna_data_01_mir/recover-20220825/UBNA_002/20220823_033000.WAV,Telephone Field,recover-20220825,002,1795
519.4815,519.5202,68437,81595,Rhinolophus ferrumequinum,0.024,0.024,-1,Echolocation,/mnt/ubna_data_01_mir/recover-20220825/UBNA_002/20220823_033000.WAV,Telephone Field,recover-20220825,002,1795
519.4875,519.525,68437,81576,Rhinolophus ferrumequinum,0.025,0.025,-1,Echolocation,/mnt/ubna_data_01_mir/recover-20220825/UBNA_002/20220823_033000.WAV,Telephone Field,recover-20220825,002,1795
519.4965,519.5299,68437,80555,Rhinolophus ferrumequinum,0.023,0.023,-1,Echolocation,/mnt/ubna_data_01_mir/recover-20220825/UBNA_002/20220823_033000.WAV,Telephone Field,recover-20220825,002,1795
519.4965,519.5072,23750,28974,Nyctalus leisleri,0.01,0.021,-1,Echolocation,/mnt/ubna_data_01_mir/recover-20220825/UBNA_002/20220823_033000.WAV,Telephone Field,recover-20220825,002,1795
519.5275,519.5672,68437,81663,Rhinolophus ferrumequinum,0.022,0.023,-1,Echolocation,/mnt/ubna_data_01_mir/recover-20220825/UBNA_002/20220823_033000.WAV,Telephone Field,recover-20220825,002,1795
519.5545,519.5664,31484,37834,Eptesicus serotinus,0.006,0.02,-1,Echolocation,/mnt/ubna_data_01_mir/recover-20220825/UBNA_002/20220823_033000.WAV,Telephone Field,recover-20220825,002,1795
519.5745,519.6144,68437,81884,Rhinolophus ferrumequinum,0.02,0.02,-1,Echolocation,/mnt/ubna_data_01_mir/recover-20220825/UBNA_002/20220823_033000.WAV,Telephone Field,recover-20220825,002,1795
519.5935,519.6016,28046,39109,Eptesicus serotinus,0.007,0.022,-1,Echolocation,/mnt/ubna_data_01_mir/recover-20220825/UBNA_002/20220823_033000.WAV,Telephone Field,recover-20220825,002,1795
519.5985,519.6092,22031,26152,Nyctalus leisleri,0.011,0.021,-1,Echolocation,/mnt/ubna_data_01_mir/recover-20220825/UBNA_002/20220823_033000.WAV,Telephone Field,recover-20220825,002,1795
519.6285,519.6666,68437,81870,Rhinolophus ferrumequinum,0.021,0.021,-1,Echolocation,/mnt/ubna_data_01_mir/recover-20220825/UBNA_002/20220823_033000.WAV,Telephone Field,recover-20220825,002,1795
519.6455,519.6558,28906,36522,Eptesicus serotinus,0.013,0.028,-1,Echolocation,/mnt/ubna_data_01_mir/recover-20220825/UBNA_002/20220823_033000.WAV,Telephone Field,recover-20220825,002,1795
519.6565,519.6646,28046,36021,Eptesicus serotinus,0.01,0.025,-1,Echolocation,/mnt/ubna_data_01_mir/recover-20220825/UBNA_002/20220823_033000.WAV,Telephone Field,recover-20220825,002,1795
519.6695,519.679,25468,33150,Nyctalus leisleri,0.008,0.025,-1,Echolocation,/mnt/ubna_data_01_mir/recover-20220825/UBNA_002/20220823_033000.WAV,Telephone Field,recover-20220825,002,1795
519.6805,519.7126,68437,80694,Rhinolophus ferrumequinum,0.02,0.02,-1,Echolocation,/mnt/ubna_data_01_mir/recover-20220825/UBNA_002/20220823_033000.WAV,Telephone Field,recover-20220825,002,1795
519.7445,519.7542,27187,34838,Eptesicus serotinus,0.009,0.022,-1,Echolocation,/mnt/ubna_data_01_mir/recover-20220825/UBNA_002/20220823_033000.WAV,Telephone Field,recover-20220825,002,1795
519.7725,519.8126,68437,82460,Rhinolophus ferrumequinum,0.024,0.024,-1,Echolocation,/mnt/ubna_data_01_mir/recover-20220825/UBNA_002/20220823_033000.WAV,Telephone Field,recover-20220825,002,1795
519.8025,519.8409,68437,82130,Rhinolophus ferrumequinum,0.02,0.02,-1,Echolocation,/mnt/ubna_data_01_mir/recover-20220825/UBNA_002/20220823_033000.WAV,Telephone Field,recover-20220825,002,1795
519.8575,519.8968,68437,81853,Rhinolophus ferrumequinum,0.021,0.021,-1,Echolocation,/mnt/ubna_data_01_mir/recover-20220825/UBNA_002/20220823_033000.WAV,Telephone Field,recover-20220825,002,1795
519.8645,519.9029,68437,81849,Rhinolophus ferrumequinum,0.02,0.02,-1,Echolocation,/mnt/ubna_data_01_mir/recover-20220825/UBNA_002/20220823_033000.WAV,Telephone Field,recover-20220825,002,1795
519.8865,519.9247,68437,81912,Rhinolophus ferrumequinum,0.022,0.022,-1,Echolocation,/mnt/ubna_data_01_mir/recover-20220825/UBNA_002/20220823_033000.WAV,Telephone Field,recover-20220825,002,1795
519.9255,519.9651,68437,81491,Rhinolophus ferrumequinum,0.024,0.025,-1,Echolocation,/mnt/ubna_data_01_mir/recover-20220825/UBNA_002/20220823_033000.WAV,Telephone Field,recover-20220825,002,1795
519.9575,519.9656,25468,34815,Eptesicus serotinus,0.007,0.021,-1,Echolocation,/mnt/ubna_data_01_mir/recover-20220825/UBNA_002/20220823_033000.WAV,Telephone Field,recover-20220825,002,1795
519.9845,519.9956,22890,28578,Nyctalus leisleri,0.011,0.026,-1,Echolocation,/mnt/ubna_data_01_mir/recover-20220825/UBNA_002/20220823_033000.WAV,Telephone Field,recover-20220825,002,1795
520.0015,520.0077,49531,57637,Pipistrellus pipistrellus,0.021,0.027,-1,Echolocation,/mnt/ubna_data_01_mir/recover-20220825/UBNA_002/20220823_033000.WAV,Telephone Field,recover-20220825,002,1795
520.0015,520.0097,25468,36904,Nyctalus leisleri,0.007,0.028,-1,Echolocation,/mnt/ubna_data_01_mir/recover-20220825/UBNA_002/20220823_033000.WAV,Telephone Field,recover-20220825,002,1795
520.0015,520.0319,68437,79467,Rhinolophus ferrumequinum,0.043,0.043,-1,Echolocation,/mnt/ubna_data_01_mir/recover-20220825/UBNA_002/20220823_033000.WAV,Telephone Field,recover-20220825,002,1795
520.0155,520.0559,68437,82789,Rhinolophus ferrumequinum,0.023,0.023,-1,Echolocation,/mnt/ubna_data_01_mir/recover-20220825/UBNA_002/20220823_033000.WAV,Telephone Field,recover-20220825,002,1795
520.1265,520.1675,68437,83133,Rhinolophus ferrumequinum,0.035,0.035,-1,Echolocation,/mnt/ubna_data_01_mir/recover-20220825/UBNA_002/20220823_033000.WAV,Telephone Field,recover-20220825,002,1795
520.1295,520.1363,30625,47593,Myotis daubentonii,0.011,0.022,-1,Echolocation,/mnt/ubna_data_01_mir/recover-20220825/UBNA_002/20220823_033000.WAV,Telephone Field,recover-20220825,002,1795
520.1575,520.168,22890,28507,Nyctalus leisleri,0.01,0.025,-1,Echolocation,/mnt/ubna_data_01_mir/recover-20220825/UBNA_002/20220823_033000.WAV,Telephone Field,recover-20220825,002,1795
520.1655,520.1826,20312,23313,Nyctalus leisleri,0.015,0.025,-1,Echolocation,/mnt/ubna_data_01_mir/recover-20220825/UBNA_002/20220823_033000.WAV,Telephone Field,recover-20220825,002,1795
520.1755,520.1856,22890,29093,Nyctalus leisleri,0.009,0.022,-1,Echolocation,/mnt/ubna_data_01_mir/recover-20220825/UBNA_002/20220823_033000.WAV,Telephone Field,recover-20220825,002,1795
520.1965,520.2055,27187,39013,Eptesicus serotinus,0.009,0.023,-1,Echolocation,/mnt/ubna_data_01_mir/recover-20220825/UBNA_002/20220823_033000.WAV,Telephone Field,recover-20220825,002,1795
520.2335,520.246,41796,46197,Pipistrellus nathusii,0.034,0.064,-1,Echolocation,/mnt/ubna_data_01_mir/recover-20220825/UBNA_002/20220823_033000.WAV,Telephone Field,recover-20220825,002,1795
520.2355,520.2424,25468,37135,Eptesicus serotinus,0.005,0.023,-1,Echolocation,/mnt/ubna_data_01_mir/recover-20220825/UBNA_002/20220823_033000.WAV,Telephone Field,recover-20220825,002,1795
520.2535,520.2904,68437,82395,Rhinolophus ferrumequinum,0.022,0.022,-1,Echolocation,/mnt/ubna_data_01_mir/recover-20220825/UBNA_002/20220823_033000.WAV,Telephone Field,recover-20220825,002,1795
520.2765,520.315,68437,82780,Rhinolophus ferrumequinum,0.022,0.022,-1,Echolocation,/mnt/ubna_data_01_mir/recover-20220825/UBNA_002/20220823_033000.WAV,Telephone Field,recover-20220825,002,1795
520.3165,520.3267,26328,33117,Eptesicus serotinus,0.035,0.068,-1,Echolocation,/mnt/ubna_data_01_mir/recover-20220825/UBNA_002/20220823_033000.WAV,Telephone Field,recover-20220825,002,1795
520.3745,520.4142,68437,82959,Rhinolophus ferrumequinum,0.026,0.026,-1,Echolocation,/mnt/ubna_data_01_mir/recover-20220825/UBNA_002/20220823_033000.WAV,Telephone Field,recover-20220825,002,1795
520.3755,520.3831,27187,38015,Eptesicus serotinus,0.007,0.022,-1,Echolocation,/mnt/ubna_data_01_mir/recover-20220825/UBNA_002/20220823_033000.WAV,Telephone Field,recover-20220825,002,1795
520.4035,520.4431,68437,82304,Rhinolophus ferrumequinum,0.023,0.023,-1,Echolocation,/mnt/ubna_data_01_mir/recover-20220825/UBNA_002/20220823_033000.WAV,Telephone Field,recover-20220825,002,1795
520.4375,520.4452,27187,41240,Eptesicus serotinus,0.008,0.026,-1,Echolocation,/mnt/ubna_data_01_mir/recover-20220825/UBNA_002/20220823_033000.WAV,Telephone Field,recover-20220825,002,1795
520.4445,520.4629,19453,22664,Nyctalus noctula,0.011,0.024,-1,Echolocation,/mnt/ubna_data_01_mir/recover-20220825/UBNA_002/20220823_033000.WAV,Telephone Field,recover-20220825,002,1795
520.4605,520.4676,27187,38022,Eptesicus serotinus,0.006,0.022,-1,Echolocation,/mnt/ubna_data_01_mir/recover-20220825/UBNA_002/20220823_033000.WAV,Telephone Field,recover-20220825,002,1795
520.4755,520.4854,28046,36334,Eptesicus serotinus,0.012,0.026,-1,Echolocation,/mnt/ubna_data_01_mir/recover-20220825/UBNA_002/20220823_033000.WAV,Telephone Field,recover-20220825,002,1795
520.5035,520.5451,68437,82664,Rhinolophus ferrumequinum,0.024,0.024,-1,Echolocation,/mnt/ubna_data_01_mir/recover-20220825/UBNA_002/20220823_033000.WAV,Telephone Field,recover-20220825,002,1795
520.5075,520.5218,22031,26971,Nyctalus leisleri,0.014,0.029,-1,Echolocation,/mnt/ubna_data_01_mir/recover-20220825/UBNA_002/20220823_033000.WAV,Telephone Field,recover-20220825,002,1795
520.6025,520.6125,28046,35854,Eptesicus serotinus,0.011,0.029,-1,Echolocation,/mnt/ubna_data_01_mir/recover-20220825/UBNA_002/20220823_033000.WAV,Telephone Field,recover-20220825,002,1795
520.6075,520.6171,44375,50187,Pipistrellus pipistrellus,0.015,0.023,-1,Echolocation,/mnt/ubna_data_01_mir/recover-20220825/UBNA_002/20220823_033000.WAV,Telephone Field,recover-20220825,002,1795
520.6185,520.6266,26328,38335,Eptesicus serotinus,0.008,0.023,-1,Echolocation,/mnt/ubna_data_01_mir/recover-20220825/UBNA_002/20220823_033000.WAV,Telephone Field,recover-20220825,002,1795
520.6275,520.6666,68437,82634,Rhinolophus ferrumequinum,0.024,0.024,-1,Echolocation,/mnt/ubna_data_01_mir/recover-20220825/UBNA_002/20220823_033000.WAV,Telephone Field,recover-20220825,002,1795
520.6505,520.6575,27187,39706,Eptesicus serotinus,0.006,0.023,-1,Echolocation,/mnt/ubna_data_01_mir/recover-20220825/UBNA_002/20220823_033000.WAV,Telephone Field,recover-20220825,002,1795
520.6755,520.7168,68437,82597,Rhinolophus ferrumequinum,0.027,0.027,-1,Echolocation,/mnt/ubna_data_01_mir/recover-20220825/UBNA_002/20220823_033000.WAV,Telephone Field,recover-20220825,002,1795
520.6975,520.7059,28046,38448,Eptesicus serotinus,0.007,0.022,-1,Echolocation,/mnt/ubna_data_01_mir/recover-20220825/UBNA_002/20220823_033000.WAV,Telephone Field,recover-20220825,002,1795
520.7615,520.7747,23750,29277,Nyctalus leisleri,0.018,0.039,-1,Echolocation,/mnt/ubna_data_01_mir/recover-20220825/UBNA_002/20220823_033000.WAV,Telephone Field,recover-20220825,002,1795
520.7975,520.8044,27187,40164,Eptesicus serotinus,0.019,0.043,-1,Echolocation,/mnt/ubna_data_01_mir/recover-20220825/UBNA_002/20220823_033000.WAV,Telephone Field,recover-20220825,002,1795
520.8325,520.8397,27187,40870,Eptesicus serotinus,0.008,0.023,-1,Echolocation,/mnt/ubna_data_01_mir/recover-20220825/UBNA_002/20220823_033000.WAV,Telephone Field,recover-20220825,002,1795
520.8635,520.8723,27187,38254,Eptesicus serotinus,0.009,0.023,-1,Echolocation,/mnt/ubna_data_01_mir/recover-20220825/UBNA_002/20220823_033000.WAV,Telephone Field,recover-20220825,002,1795
520.8875,520.8957,28046,39071,Eptesicus serotinus,0.008,0.025,-1,Echolocation,/mnt/ubna_data_01_mir/recover-20220825/UBNA_002/20220823_033000.WAV,Telephone Field,recover-20220825,002,1795
520.8935,520.8998,35781,54634,Myotis daubentonii,0.01,0.022,-1,Echolocation,/mnt/ubna_data_01_mir/recover-20220825/UBNA_002/20220823_033000.WAV,Telephone Field,recover-20220825,002,1795
520.8945,520.9336,68437,82737,Rhinolophus ferrumequinum,0.023,0.023,-1,Echolocation,/mnt/ubna_data_01_mir/recover-20220825/UBNA_002/20220823_033000.WAV,Telephone Field,recover-20220825,002,1795
520.9145,520.9538,68437,82929,Rhinolophus ferrumequinum,0.022,0.022,-1,Echolocation,/mnt/ubna_data_01_mir/recover-20220825/UBNA_002/20220823_033000.WAV,Telephone Field,recover-20220825,002,1795
520.9295,520.9371,32343,44029,Myotis daubentonii,0.012,0.032,-1,Echolocation,/mnt/ubna_data_01_mir/recover-20220825/UBNA_002/20220823_033000.WAV,Telephone Field,recover-20220825,002,1795
520.9435,520.9821,68437,82295,Rhinolophus ferrumequinum,0.023,0.023,-1,Echolocation,/mnt/ubna_data_01_mir/recover-20220825/UBNA_002/20220823_033000.WAV,Telephone Field,recover-20220825,002,1795
520.9615,520.9726,25468,32760,Eptesicus serotinus,0.026,0.058,-1,Echolocation,/mnt/ubna_data_01_mir/recover-20220825/UBNA_002/20220823_033000.WAV,Telephone Field,recover-20220825,002,1795
521.0435,521.0519,28906,43715,Myotis daubentonii,0.009,0.022,-1,Echolocation,/mnt/ubna_data_01_mir/recover-20220825/UBNA_002/20220823_033000.WAV,Telephone Field,recover-20220825,002,1795
521.0685,521.0776,27187,40983,Eptesicus serotinus,0.01,0.024,-1,Echolocation,/mnt/ubna_data_01_mir/recover-20220825/UBNA_002/20220823_033000.WAV,Telephone Field,recover-20220825,002,1795
521.0725,521.0802,32343,47377,Myotis daubentonii,0.012,0.024,-1,Echolocation,/mnt/ubna_data_01_mir/recover-20220825/UBNA_002/20220823_033000.WAV,Telephone Field,recover-20220825,002,1795
521.0875,521.0944,30625,45703,Myotis daubentonii,0.014,0.03,-1,Echolocation,/mnt/ubna_data_01_mir/recover-20220825/UBNA_002/20220823_033000.WAV,Telephone Field,recover-20220825,002,1795
521.1175,521.1261,28046,39476,Eptesicus serotinus,0.009,0.023,-1,Echolocation,/mnt/ubna_data_01_mir/recover-20220825/UBNA_002/20220823_033000.WAV,Telephone Field,recover-20220825,002,1795
521.1415,521.1506,28046,36529,Eptesicus serotinus,0.008,0.022,-1,Echolocation,/mnt/ubna_data_01_mir/recover-20220825/UBNA_002/20220823_033000.WAV,Telephone Field,recover-20220825,002,1795
521.1455,521.1862,68437,82258,Rhinolophus ferrumequinum,0.023,0.023,-1,Echolocation,/mnt/ubna_data_01_mir/recover-20220825/UBNA_002/20220823_033000.WAV,Telephone Field,recover-20220825,002,1795
521.2065,521.2407,68437,81673,Rhinolophus ferrumequinum,0.022,0.022,-1,Echolocation,/mnt/ubna_data_01_mir/recover-20220825/UBNA_002/20220823_033000.WAV,Telephone Field,recover-20220825,002,1795
521.2135,521.2272,22031,26144,Nyctalus leisleri,0.019,0.033,-1,Echolocation,/mnt/ubna_data_01_mir/recover-20220825/UBNA_002/20220823_033000.WAV,Telephone Field,recover-20220825,002,1795
521.2445,521.2821,68437,81401,Rhinolophus ferrumequinum,0.028,0.028,-1,Echolocation,/mnt/ubna_data_01_mir/recover-20220825/UBNA_002/20220823_033000.WAV,Telephone Field,recover-20220825,002,1795
521.2795,521.319,68437,82012,Rhinolophus ferrumequinum,0.022,0.022,-1,Echolocation,/mnt/ubna_data_01_mir/recover-20220825/UBNA_002/20220823_033000.WAV,Telephone Field,recover-20220825,002,1795
521.2865,521.3217,68437,81948,Rhinolophus ferrumequinum,0.023,0.023,-1,Echolocation,/mnt/ubna_data_01_mir/recover-20220825/UBNA_002/20220823_033000.WAV,Telephone Field,recover-20220825,002,1795
521.2895,521.2946,34062,53349,Myotis daubentonii,0.034,0.056,-1,Echolocation,/mnt/ubna_data_01_mir/recover-20220825/UBNA_002/20220823_033000.WAV,Telephone Field,recover-20220825,002,1795
521.2995,521.3076,28046,36079,Eptesicus serotinus,0.007,0.022,-1,Echolocation,/mnt/ubna_data_01_mir/recover-20220825/UBNA_002/20220823_033000.WAV,Telephone Field,recover-20220825,002,1795
521.3295,521.3387,15156,24298,Nyctalus noctula,0.013,0.029,-1,Echolocation,/mnt/ubna_data_01_mir/recover-20220825/UBNA_002/20220823_033000.WAV,Telephone Field,recover-20220825,002,1795
521.3435,521.382,68437,81926,Rhinolophus ferrumequinum,0.022,0.022,-1,Echolocation,/mnt/ubna_data_01_mir/recover-20220825/UBNA_002/20220823_033000.WAV,Telephone Field,recover-20220825,002,1795
521.3755,521.3835,40078,49183,Myotis daubentonii,0.027,0.076,-1,Echolocation,/mnt/ubna_data_01_mir/recover-20220825/UBNA_002/20220823_033000.WAV,Telephone Field,recover-20220825,002,1795
521.4575,521.4977,68437,82170,Rhinolophus ferrumequinum,0.023,0.023,-1,Echolocation,/mnt/ubna_data_01_mir/recover-20220825/UBNA_002/20220823_033000.WAV,Telephone Field,recover-20220825,002,1795
521.4635,521.4694,38359,51423,Myotis daubentonii,0.056,0.107,-1,Echolocation,/mnt/ubna_data_01_mir/recover-20220825/UBNA_002/20220823_033000.WAV,Telephone Field,recover-20220825,002,1795
521.5185,521.5299,22890,27389,Nyctalus leisleri,0.012,0.024,-1,Echolocation,/mnt/ubna_data_01_mir/recover-20220825/UBNA_002/20220823_033000.WAV,Telephone Field,recover-20220825,002,1795
521.5265,521.5664,68437,81634,Rhinolophus ferrumequinum,0.024,0.024,-1,Echolocation,/mnt/ubna_data_01_mir/recover-20220825/UBNA_002/20220823_033000.WAV,Telephone Field,recover-20220825,002,1795
521.5325,521.5384,34062,44850,Myotis daubentonii,0.011,0.024,-1,Echolocation,/mnt/ubna_data_01_mir/recover-20220825/UBNA_002/20220823_033000.WAV,Telephone Field,recover-20220825,002,1795
521.5345,521.5415,28046,39276,Eptesicus serotinus,0.007,0.025,-1,Echolocation,/mnt/ubna_data_01_mir/recover-20220825/UBNA_002/20220823_033000.WAV,Telephone Field,recover-20220825,002,1795
521.5575,521.5649,38359,46854,Myotis daubentonii,0.014,0.033,-1,Echolocation,/mnt/ubna_data_01_mir/recover-20220825/UBNA_002/20220823_033000.WAV,Telephone Field,recover-20220825,002,1795
521.6165,521.6238,27187,37614,Eptesicus serotinus,0.007,0.023,-1,Echolocation,/mnt/ubna_data_01_mir/recover-20220825/UBNA_002/20220823_033000.WAV,Telephone Field,recover-20220825,002,1795
521.6295,521.6649,68437,80747,Rhinolophus ferrumequinum,0.023,0.023,-1,Echolocation,/mnt/ubna_data_01_mir/recover-20220825/UBNA_002/20220823_033000.WAV,Telephone Field,recover-20220825,002,1795
521.6385,521.6463,27187,39165,Eptesicus serotinus,0.011,0.028,-1,Echolocation,/mnt/ubna_data_01_mir/recover-20220825/UBNA_002/20220823_033000.WAV,Telephone Field,recover-20220825,002,1795
521.6545,521.6633,27187,39721,Eptesicus serotinus,0.009,0.024,-1,Echolocation,/mnt/ubna_data_01_mir/recover-20220825/UBNA_002/20220823_033000.WAV,Telephone Field,recover-20220825,002,1795
521.6665,521.6731,28046,37942,Eptesicus serotinus,0.009,0.031,-1,Echolocation,/mnt/ubna_data_01_mir/recover-20220825/UBNA_002/20220823_033000.WAV,Telephone Field,recover-20220825,002,1795
521.6815,521.6887,48671,52637,Pipistrellus pipistrellus,0.032,0.036,-1,Echolocation,/mnt/ubna_data_01_mir/recover-20220825/UBNA_002/20220823_033000.WAV,Telephone Field,recover-20220825,002,1795
521.7335,521.7436,23750,30377,Nyctalus leisleri,0.008,0.023,-1,Echolocation,/mnt/ubna_data_01_mir/recover-20220825/UBNA_002/20220823_033000.WAV,Telephone Field,recover-20220825,002,1795
521.7445,521.754,39218,47566,Pipistrellus nathusii,0.02,0.046,-1,Echolocation,/mnt/ubna_data_01_mir/recover-20220825/UBNA_002/20220823_033000.WAV,Telephone Field,recover-20220825,002,1795
521.8115,521.852,68437,82482,Rhinolophus ferrumequinum,0.023,0.023,-1,Echolocation,/mnt/ubna_data_01_mir/recover-20220825/UBNA_002/20220823_033000.WAV,Telephone Field,recover-20220825,002,1795
521.8335,521.8704,68437,81655,Rhinolophus ferrumequinum,0.024,0.024,-1,Echolocation,/mnt/ubna_data_01_mir/recover-20220825/UBNA_002/20220823_033000.WAV,Telephone Field,recover-20220825,002,1795
521.8355,521.8435,38359,49359,Pipistrellus nathusii,0.124,0.229,-1,Echolocation,/mnt/ubna_data_01_mir/recover-20220825/UBNA_002/20220823_033000.WAV,Telephone Field,recover-20220825,002,1795
521.8365,521.8431,28906,53806,Myotis daubentonii,0.012,0.022,-1,Echolocation,/mnt/ubna_data_01_mir/recover-20220825/UBNA_002/20220823_033000.WAV,Telephone Field,recover-20220825,002,1795
521.8505,521.8577,58125,63158,Pipistrellus pygmaeus,0.024,0.024,-1,Echolocation,/mnt/ubna_data_01_mir/recover-20220825/UBNA_002/20220823_033000.WAV,Telephone Field,recover-20220825,002,1795
521.8675,521.903,68437,81780,Rhinolophus ferrumequinum,0.022,0.022,-1,Echolocation,/mnt/ubna_data_01_mir/recover-20220825/UBNA_002/20220823_033000.WAV,Telephone Field,recover-20220825,002,1795
521.8675,521.8747,27187,42642,Eptesicus serotinus,0.007,0.024,-1,Echolocation,/mnt/ubna_data_01_mir/recover-20220825/UBNA_002/20220823_033000.WAV,Telephone Field,recover-20220825,002,1795
521.9265,521.9656,68437,82880,Rhinolophus ferrumequinum,0.023,0.023,-1,Echolocation,/mnt/ubna_data_01_mir/recover-20220825/UBNA_002/20220823_033000.WAV,Telephone Field,recover-20220825,002,1795
521.9295,521.9377,38359,47093,Pipistrellus nathusii,0.221,0.431,-1,Echolocation,/mnt/ubna_data_01_mir/recover-20220825/UBNA_002/20220823_033000.WAV,Telephone Field,recover-20220825,002,1795
521.9435,521.9792,68437,81753,Rhinolophus ferrumequinum,0.024,0.024,-1,Echolocation,/mnt/ubna_data_01_mir/recover-20220825/UBNA_002/20220823_033000.WAV,Telephone Field,recover-20220825,002,1795
521.9585,521.9672,26328,38898,Eptesicus serotinus,0.012,0.03,-1,Echolocation,/mnt/ubna_data_01_mir/recover-20220825/UBNA_002/20220823_033000.WAV,Telephone Field,recover-20220825,002,1795
521.9845,521.9902,36640,54194,Myotis daubentonii,0.011,0.026,-1,Echolocation,/mnt/ubna_data_01_mir/recover-20220825/UBNA_002/20220823_033000.WAV,Telephone Field,recover-20220825,002,1795
521.9855,521.9919,30625,52252,Myotis daubentonii,0.014,0.025,-1,Echolocation,/mnt/ubna_data_01_mir/recover-20220825/UBNA_002/20220823_033000.WAV,Telephone Field,recover-20220825,002,1795
522.0015,522.0263,69296,83399,Rhinolophus ferrumequinum,0.059,0.06,-1,Echolocation,/mnt/ubna_data_01_mir/recover-20220825/UBNA_002/20220823_033000.WAV,Telephone Field,recover-20220825,002,1795
522.0015,522.0092,48671,56250,Pipistrellus pipistrellus,0.012,0.025,-1,Echolocation,/mnt/ubna_data_01_mir/recover-20220825/UBNA_002/20220823_033000.WAV,Telephone Field,recover-20220825,002,1795
522.0015,522.0096,41796,53056,Pipistrellus nathusii,0.011,0.03,-1,Echolocation,/mnt/ubna_data_01_mir/recover-20220825/UBNA_002/20220823_033000.WAV,Telephone Field,recover-20220825,002,1795
522.0015,522.0091,22890,29662,Nyctalus leisleri,0.016,0.047,-1,Echolocation,/mnt/ubna_data_01_mir/recover-20220825/UBNA_002/20220823_033000.WAV,Telephone Field,recover-20220825,002,1795
522.0125,522.0202,38359,45263,Pipistrellus nathusii,0.007,0.025,-1,Echolocation,/mnt/ubna_data_01_mir/recover-20220825/UBNA_002/20220823_033000.WAV,Telephone Field,recover-20220825,002,1795
522.0185,522.0268,39218,46379,Pipistrellus nathusii,0.011,0.028,-1,Echolocation,/mnt/ubna_data_01_mir/recover-20220825/UBNA_002/20220823_033000.WAV,Telephone Field,recover-20220825,002,1795
522.0295,522.0367,30625,39944,Myotis daubentonii,0.01,0.029,-1,Echolocation,/mnt/ubna_data_01_mir/recover-20220825/UBNA_002/20220823_033000.WAV,Telephone Field,recover-20220825,002,1795
522.0495,522.0547,38359,58241,Myotis brandtii,0.012,0.027,-1,Echolocation,/mnt/ubna_data_01_mir/recover-20220825/UBNA_002/20220823_033000.WAV,Telephone Field,recover-20220825,002,1795
522.0655,522.0751,27187,36854,Eptesicus serotinus,0.014,0.03,-1,Echolocation,/mnt/ubna_data_01_mir/recover-20220825/UBNA_002/20220823_033000.WAV,Telephone Field,recover-20220825,002,1795
522.0665,522.0771,32343,39395,Barbastellus barbastellus,0.01,0.031,-1,Echolocation,/mnt/ubna_data_01_mir/recover-20220825/UBNA_002/20220823_033000.WAV,Telephone Field,recover-20220825,002,1795
522.0675,522.1078,68437,82674,Rhinolophus ferrumequinum,0.025,0.025,-1,Echolocation,/mnt/ubna_data_01_mir/recover-20220825/UBNA_002/20220823_033000.WAV,Telephone Field,recover-20220825,002,1795
522.0925,522.1001,55546,65404,Pipistrellus pygmaeus,0.025,0.026,-1,Echolocation,/mnt/ubna_data_01_mir/recover-20220825/UBNA_002/20220823_033000.WAV,Telephone Field,recover-20220825,002,1795
522.1085,522.1138,40937,54466,Myotis brandtii,0.016,0.04,-1,Echolocation,/mnt/ubna_data_01_mir/recover-20220825/UBNA_002/20220823_033000.WAV,Telephone Field,recover-20220825,002,1795
522.1735,522.2108,68437,81385,Rhinolophus ferrumequinum,0.026,0.026,-1,Echolocation,/mnt/ubna_data_01_mir/recover-20220825/UBNA_002/20220823_033000.WAV,Telephone Field,recover-20220825,002,1795
522.1905,522.1975,39218,49662,Pipistrellus nathusii,0.273,0.432,-1,Echolocation,/mnt/ubna_data_01_mir/recover-20220825/UBNA_002/20220823_033000.WAV,Telephone Field,recover-20220825,002,1795
522.2125,522.2194,28046,37819,Eptesicus serotinus,0.007,0.026,-1,Echolocation,/mnt/ubna_data_01_mir/recover-20220825/UBNA_002/20220823_033000.WAV,Telephone Field,recover-20220825,002,1795
522.2275,522.2349,38359,48409,Pipistrellus nathusii,0.007,0.025,-1,Echolocation,/mnt/ubna_data_01_mir/recover-20220825/UBNA_002/20220823_033000.WAV,Telephone Field,recover-20220825,002,1795
522.2795,522.2871,40937,48690,Pipistrellus nathusii,0.043,0.075,-1,Echolocation,/mnt/ubna_data_01_mir/recover-20220825/UBNA_002/20220823_033000.WAV,Telephone Field,recover-20220825,002,1795
522.3175,522.3292,28046,34809,Eptesicus serotinus,0.019,0.035,-1,Echolocation,/mnt/ubna_data_01_mir/recover-20220825/UBNA_002/20220823_033000.WAV,Telephone Field,recover-20220825,002,1795
522.3465,522.3869,68437,82348,Rhinolophus ferrumequinum,0.024,0.024,-1,Echolocation,/mnt/ubna_data_01_mir/recover-20220825/UBNA_002/20220823_033000.WAV,Telephone Field,recover-20220825,002,1795
522.3725,522.3795,39218,48879,Pipistrellus nathusii,0.298,0.38,-1,Echolocation,/mnt/ubna_data_01_mir/recover-20220825/UBNA_002/20220823_033000.WAV,Telephone Field,recover-20220825,002,1795
522.4495,522.4571,27187,35637,Eptesicus serotinus,0.009,0.026,-1,Echolocation,/mnt/ubna_data_01_mir/recover-20220825/UBNA_002/20220823_033000.WAV,Telephone Field,recover-20220825,002,1795
522.4585,522.5003,68437,82373,Rhinolophus ferrumequinum,0.027,0.027,-1,Echolocation,/mnt/ubna_data_01_mir/recover-20220825/UBNA_002/20220823_033000.WAV,Telephone Field,recover-20220825,002,1795
522.4655,522.4713,38359,55031,Pipistrellus nathusii,0.226,0.456,-1,Echolocation,/mnt/ubna_data_01_mir/recover-20220825/UBNA_002/20220823_033000.WAV,Telephone Field,recover-20220825,002,1795
522.4995,522.5077,28046,37819,Eptesicus serotinus,0.011,0.029,-1,Echolocation,/mnt/ubna_data_01_mir/recover-20220825/UBNA_002/20220823_033000.WAV,Telephone Field,recover-20220825,002,1795
522.5075,522.5179,24609,31070,Eptesicus serotinus,0.009,0.026,-1,Echolocation,/mnt/ubna_data_01_mir/recover-20220825/UBNA_002/20220823_033000.WAV,Telephone Field,recover-20220825,002,1795
522.5645,522.5706,39218,49695,Pipistrellus nathusii,0.289,0.453,-1,Echolocation,/mnt/ubna_data_01_mir/recover-20220825/UBNA_002/20220823_033000.WAV,Telephone Field,recover-20220825,002,1795
522.5655,522.5731,13437,23610,Barbastellus barbastellus,0.021,0.024,-1,Echolocation,/mnt/ubna_data_01_mir/recover-20220825/UBNA_002/20220823_033000.WAV,Telephone Field,recover-20220825,002,1795
522.5955,522.6066,27187,34871,Eptesicus serotinus,0.014,0.028,-1,Echolocation,/mnt/ubna_data_01_mir/recover-20220825/UBNA_002/20220823_033000.WAV,Telephone Field,recover-20220825,002,1795
522.6115,522.6206999999999,34921,39634,Pipistrellus nathusii,0.033,0.059,-1,Echolocation,/mnt/ubna_data_01_mir/recover-20220825/UBNA_002/20220823_033000.WAV,Telephone Field,recover-20220825,002,1795
522.6475,522.6579,27187,34521,Eptesicus serotinus,0.011,0.025,-1,Echolocation,/mnt/ubna_data_01_mir/recover-20220825/UBNA_002/20220823_033000.WAV,Telephone Field,recover-20220825,002,1795
522.6585,522.6646,40078,52388,Pipistrellus nathusii,0.208,0.386,-1,Echolocation,/mnt/ubna_data_01_mir/recover-20220825/UBNA_002/20220823_033000.WAV,Telephone Field,recover-20220825,002,1795
522.6595,522.6652,28046,54671,Myotis daubentonii,0.035,0.055,-1,Echolocation,/mnt/ubna_data_01_mir/recover-20220825/UBNA_002/20220823_033000.WAV,Telephone Field,recover-20220825,002,1795
522.6825,522.698,16875,22142,Nyctalus noctula,0.016,0.025,-1,Echolocation,/mnt/ubna_data_01_mir/recover-20220825/UBNA_002/20220823_033000.WAV,Telephone Field,recover-20220825,002,1795
522.7475,522.7538,40078,53492,Pipistrellus nathusii,0.326,0.518,-1,Echolocation,/mnt/ubna_data_01_mir/recover-20220825/UBNA_002/20220823_033000.WAV,Telephone Field,recover-20220825,002,1795
522.7925,522.799,40078,55813,Myotis brandtii,0.012,0.026,-1,Echolocation,/mnt/ubna_data_01_mir/recover-20220825/UBNA_002/20220823_033000.WAV,Telephone Field,recover-20220825,002,1795
522.7935,522.7993,35781,56882,Myotis brandtii,0.016,0.026,-1,Echolocation,/mnt/ubna_data_01_mir/recover-20220825/UBNA_002/20220823_033000.WAV,Telephone Field,recover-20220825,002,1795
522.8185,522.8321,22890,28125,Nyctalus leisleri,0.015,0.034,-1,Echolocation,/mnt/ubna_data_01_mir/recover-20220825/UBNA_002/20220823_033000.WAV,Telephone Field,recover-20220825,002,1795
522.8195,522.8264,30625,41936,Myotis daubentonii,0.008,0.027,-1,Echolocation,/mnt/ubna_data_01_mir/recover-20220825/UBNA_002/20220823_033000.WAV,Telephone Field,recover-20220825,002,1795
522.8435,522.8498,40937,49826,Pipistrellus nathusii,0.323,0.421,-1,Echolocation,/mnt/ubna_data_01_mir/recover-20220825/UBNA_002/20220823_033000.WAV,Telephone Field,recover-20220825,002,1795
522.8635,522.8753,56406,61503,Pipistrellus pygmaeus,0.024,0.024,-1,Echolocation,/mnt/ubna_data_01_mir/recover-20220825/UBNA_002/20220823_033000.WAV,Telephone Field,recover-20220825,002,1795
522.8675,522.8765,28046,35600,Eptesicus serotinus,0.011,0.026,-1,Echolocation,/mnt/ubna_data_01_mir/recover-20220825/UBNA_002/20220823_033000.WAV,Telephone Field,recover-20220825,002,1795
522.9105,522.9476,68437,82271,Rhinolophus ferrumequinum,0.036,0.036,-1,Echolocation,/mnt/ubna_data_01_mir/recover-20220825/UBNA_002/20220823_033000.WAV,Telephone Field,recover-20220825,002,1795
522.9355,522.942,39218,50078,Pipistrellus nathusii,0.436,0.54,-1,Echolocation,/mnt/ubna_data_01_mir/recover-20220825/UBNA_002/20220823_033000.WAV,Telephone Field,recover-20220825,002,1795
522.9905,523.0291,68437,81863,Rhinolophus ferrumequinum,0.03,0.03,-1,Echolocation,/mnt/ubna_data_01_mir/recover-20220825/UBNA_002/20220823_033000.WAV,Telephone Field,recover-20220825,002,1795
523.0295,523.0361,40937,49118,Pipistrellus nathusii,0.238,0.392,-1,Echolocation,/mnt/ubna_data_01_mir/recover-20220825/UBNA_002/20220823_033000.WAV,Telephone Field,recover-20220825,002,1795
523.0305,523.0363,28906,60693,Myotis brandtii,0.031,0.063,-1,Echolocation,/mnt/ubna_data_01_mir/recover-20220825/UBNA_002/20220823_033000.WAV,Telephone Field,recover-20220825,002,1795
523.0585,523.064,46953,59888,Pipistrellus pipistrellus,0.011,0.029,-1,Echolocation,/mnt/ubna_data_01_mir/recover-20220825/UBNA_002/20220823_033000.WAV,Telephone Field,recover-20220825,002,1795
523.0655,523.107,68437,82840,Rhinolophus ferrumequinum,0.034,0.034,-1,Echolocation,/mnt/ubna_data_01_mir/recover-20220825/UBNA_002/20220823_033000.WAV,Telephone Field,recover-20220825,002,1795
523.0925,523.1005,27187,37506,Eptesicus serotinus,0.009,0.027,-1,Echolocation,/mnt/ubna_data_01_mir/recover-20220825/UBNA_002/20220823_033000.WAV,Telephone Field,recover-20220825,002,1795
523.1235,523.1308,41796,50117,Pipistrellus nathusii,0.322,0.444,-1,Echolocation,/mnt/ubna_data_01_mir/recover-20220825/UBNA_002/20220823_033000.WAV,Telephone Field,recover-20220825,002,1795
523.1525,523.1608,28046,36684,Eptesicus serotinus,0.009,0.024,-1,Echolocation,/mnt/ubna_data_01_mir/recover-20220825/UBNA_002/20220823_033000.WAV,Telephone Field,recover-20220825,002,1795
523.1965,523.2043,56406,62995,Pipistrellus pygmaeus,0.032,0.033,-1,Echolocation,/mnt/ubna_data_01_mir/recover-20220825/UBNA_002/20220823_033000.WAV,Telephone Field,recover-20220825,002,1795
523.2215,523.2281,40078,51021,Pipistrellus nathusii,0.047,0.14,-1,Echolocation,/mnt/ubna_data_01_mir/recover-20220825/UBNA_002/20220823_033000.WAV,Telephone Field,recover-20220825,002,1795
523.2375,523.2447,27187,36951,Eptesicus serotinus,0.007,0.024,-1,Echolocation,/mnt/ubna_data_01_mir/recover-20220825/UBNA_002/20220823_033000.WAV,Telephone Field,recover-20220825,002,1795
523.2755,523.283,26328,36848,Eptesicus serotinus,0.01,0.027,-1,Echolocation,/mnt/ubna_data_01_mir/recover-20220825/UBNA_002/20220823_033000.WAV,Telephone Field,recover-20220825,002,1795
523.3075,523.315,40937,50541,Pipistrellus nathusii,0.06,0.094,-1,Echolocation,/mnt/ubna_data_01_mir/recover-20220825/UBNA_002/20220823_033000.WAV,Telephone Field,recover-20220825,002,1795
523.3185,523.3597,68437,82710,Rhinolophus ferrumequinum,0.025,0.025,-1,Echolocation,/mnt/ubna_data_01_mir/recover-20220825/UBNA_002/20220823_033000.WAV,Telephone Field,recover-20220825,002,1795
523.3435,523.3856,68437,82531,Rhinolophus ferrumequinum,0.024,0.024,-1,Echolocation,/mnt/ubna_data_01_mir/recover-20220825/UBNA_002/20220823_033000.WAV,Telephone Field,recover-20220825,002,1795
523.4465,523.4872,68437,82574,Rhinolophus ferrumequinum,0.028,0.028,-1,Echolocation,/mnt/ubna_data_01_mir/recover-20220825/UBNA_002/20220823_033000.WAV,Telephone Field,recover-20220825,002,1795
523.4595,523.4704,28046,35174,Eptesicus serotinus,0.019,0.034,-1,Echolocation,/mnt/ubna_data_01_mir/recover-20220825/UBNA_002/20220823_033000.WAV,Telephone Field,recover-20220825,002,1795
523.4975,523.5049,26328,38822,Eptesicus serotinus,0.008,0.026,-1,Echolocation,/mnt/ubna_data_01_mir/recover-20220825/UBNA_002/20220823_033000.WAV,Telephone Field,recover-20220825,002,1795
523.4975,523.5037,32343,44857,Myotis daubentonii,0.011,0.028,-1,Echolocation,/mnt/ubna_data_01_mir/recover-20220825/UBNA_002/20220823_033000.WAV,Telephone Field,recover-20220825,002,1795
523.5015,523.5097,42656,54457,Pipistrellus nathusii,0.017,0.034,-1,Echolocation,/mnt/ubna_data_01_mir/recover-20220825/UBNA_002/20220823_033000.WAV,Telephone Field,recover-20220825,002,1795
523.5045,523.5128,26328,34965,Eptesicus serotinus,0.009,0.028,-1,Echolocation,/mnt/ubna_data_01_mir/recover-20220825/UBNA_002/20220823_033000.WAV,Telephone Field,recover-20220825,002,1795
523.5425,523.583,68437,82333,Rhinolophus ferrumequinum,0.026,0.026,-1,Echolocation,/mnt/ubna_data_01_mir/recover-20220825/UBNA_002/20220823_033000.WAV,Telephone Field,recover-20220825,002,1795
523.5445,523.5508,31484,46670,Myotis daubentonii,0.01,0.026,-1,Echolocation,/mnt/ubna_data_01_mir/recover-20220825/UBNA_002/20220823_033000.WAV,Telephone Field,recover-20220825,002,1795
523.5505,523.559,40937,49626,Pipistrellus nathusii,0.018,0.033,-1,Echolocation,/mnt/ubna_data_01_mir/recover-20220825/UBNA_002/20220823_033000.WAV,Telephone Field,recover-20220825,002,1795
523.5795,523.587,27187,37752,Eptesicus serotinus,0.008,0.024,-1,Echolocation,/mnt/ubna_data_01_mir/recover-20220825/UBNA_002/20220823_033000.WAV,Telephone Field,recover-20220825,002,1795
523.6025,523.615,24609,30812,Eptesicus serotinus,0.01,0.025,-1,Echolocation,/mnt/ubna_data_01_mir/recover-20220825/UBNA_002/20220823_033000.WAV,Telephone Field,recover-20220825,002,1795
523.6195,523.6282,24609,32079,Eptesicus serotinus,0.01,0.028,-1,Echolocation,/mnt/ubna_data_01_mir/recover-20220825/UBNA_002/20220823_033000.WAV,Telephone Field,recover-20220825,002,1795
523.6505,523.6682,22031,26114,Nyctalus leisleri,0.012,0.024,-1,Echolocation,/mnt/ubna_data_01_mir/recover-20220825/UBNA_002/20220823_033000.WAV,Telephone Field,recover-20220825,002,1795
523.6515,523.6646,56406,62408,Pipistrellus pygmaeus,0.035,0.037,-1,Echolocation,/mnt/ubna_data_01_mir/recover-20220825/UBNA_002/20220823_033000.WAV,Telephone Field,recover-20220825,002,1795
523.6565,523.6683,22890,28591,Nyctalus leisleri,0.009,0.024,-1,Echolocation,/mnt/ubna_data_01_mir/recover-20220825/UBNA_002/20220823_033000.WAV,Telephone Field,recover-20220825,002,1795
523.6725,523.6781,40937,49771,Pipistrellus nathusii,0.277,0.36,-1,Echolocation,/mnt/ubna_data_01_mir/recover-20220825/UBNA_002/20220823_033000.WAV,Telephone Field,recover-20220825,002,1795
523.6725,523.6782,28906,56747,Myotis brandtii,0.03,0.067,-1,Echolocation,/mnt/ubna_data_01_mir/recover-20220825/UBNA_002/20220823_033000.WAV,Telephone Field,recover-20220825,002,1795
523.6825,523.6906,26328,32971,Eptesicus serotinus,0.007,0.024,-1,Echolocation,/mnt/ubna_data_01_mir/recover-20220825/UBNA_002/20220823_033000.WAV,Telephone Field,recover-20220825,002,1795
523.6895,523.6997,50390,56357,Pipistrellus pipistrellus,0.022,0.032,-1,Echolocation,/mnt/ubna_data_01_mir/recover-20220825/UBNA_002/20220823_033000.WAV,Telephone Field,recover-20220825,002,1795
523.7195,523.7302,28046,35309,Eptesicus serotinus,0.011,0.026,-1,Echolocation,/mnt/ubna_data_01_mir/recover-20220825/UBNA_002/20220823_033000.WAV,Telephone Field,recover-20220825,002,1795
523.7285,523.7391,27187,34278,Eptesicus serotinus,0.01,0.024,-1,Echolocation,/mnt/ubna_data_01_mir/recover-20220825/UBNA_002/20220823_033000.WAV,Telephone Field,recover-20220825,002,1795
523.7425,523.7481,30625,44430,Myotis daubentonii,0.033,0.065,-1,Echolocation,/mnt/ubna_data_01_mir/recover-20220825/UBNA_002/20220823_033000.WAV,Telephone Field,recover-20220825,002,1795
523.7685,523.7743,32343,58093,Myotis brandtii,0.015,0.03,-1,Echolocation,/mnt/ubna_data_01_mir/recover-20220825/UBNA_002/20220823_033000.WAV,Telephone Field,recover-20220825,002,1795
523.7685,523.7742,40937,56883,Myotis brandtii,0.017,0.04,-1,Echolocation,/mnt/ubna_data_01_mir/recover-20220825/UBNA_002/20220823_033000.WAV,Telephone Field,recover-20220825,002,1795
523.7755,523.786,23750,29376,Nyctalus leisleri,0.013,0.029,-1,Echolocation,/mnt/ubna_data_01_mir/recover-20220825/UBNA_002/20220823_033000.WAV,Telephone Field,recover-20220825,002,1795
523.8015,523.8093,26328,38898,Eptesicus serotinus,0.009,0.027,-1,Echolocation,/mnt/ubna_data_01_mir/recover-20220825/UBNA_002/20220823_033000.WAV,Telephone Field,recover-20220825,002,1795
523.8405,523.8464,40937,52525,Pipistrellus nathusii,0.098,0.19,-1,Echolocation,/mnt/ubna_data_01_mir/recover-20220825/UBNA_002/20220823_033000.WAV,Telephone Field,recover-20220825,002,1795
523.8715,523.9134,68437,82943,Rhinolophus ferrumequinum,0.027,0.027,-1,Echolocation,/mnt/ubna_data_01_mir/recover-20220825/UBNA_002/20220823_033000.WAV,Telephone Field,recover-20220825,002,1795
523.8765,523.8866,40937,47267,Pipistrellus nathusii,0.045,0.059,-1,Echolocation,/mnt/ubna_data_01_mir/recover-20220825/UBNA_002/20220823_033000.WAV,Telephone Field,recover-20220825,002,1795
523.9245,523.9305,35781,53527,Pipistrellus nathusii,0.2,0.457,-1,Echolocation,/mnt/ubna_data_01_mir/recover-20220825/UBNA_002/20220823_033000.WAV,Telephone Field,recover-20220825,002,1795
523.9865,523.9949,26328,37219,Eptesicus serotinus,0.009,0.025,-1,Echolocation,/mnt/ubna_data_01_mir/recover-20220825/UBNA_002/20220823_033000.WAV,Telephone Field,recover-20220825,002,1795
524.0015,524.0294,68437,79587,Rhinolophus ferrumequinum,0.039,0.039,-1,Echolocation,/mnt/ubna_data_01_mir/recover-20220825/UBNA_002/20220823_033000.WAV,Telephone Field,recover-20220825,002,1795
524.0015,524.0096,23750,31264,Nyctalus leisleri,0.007,0.022,-1,Echolocation,/mnt/ubna_data_01_mir/recover-20220825/UBNA_002/20220823_033000.WAV,Telephone Field,recover-20220825,002,1795
524.0265,524.0322,37500,47990,Myotis daubentonii,0.161,0.463,-1,Echolocation,/mnt/ubna_data_01_mir/recover-20220825/UBNA_002/20220823_033000.WAV,Telephone Field,recover-20220825,002,1795
524.0485,524.0556,28906,37446,Eptesicus serotinus,0.007,0.025,-1,Echolocation,/mnt/ubna_data_01_mir/recover-20220825/UBNA_002/20220823_033000.WAV,Telephone Field,recover-20220825,002,1795
524.0775,524.1174,68437,82473,Rhinolophus ferrumequinum,0.021,0.021,-1,Echolocation,/mnt/ubna_data_01_mir/recover-20220825/UBNA_002/20220823_033000.WAV,Telephone Field,recover-20220825,002,1795
524.1185,524.1225,35781,48122,Barbastellus barbastellus,0.281,0.41,-1,Echolocation,/mnt/ubna_data_01_mir/recover-20220825/UBNA_002/20220823_033000.WAV,Telephone Field,recover-20220825,002,1795
524.1355,524.1751,68437,82627,Rhinolophus ferrumequinum,0.022,0.022,-1,Echolocation,/mnt/ubna_data_01_mir/recover-20220825/UBNA_002/20220823_033000.WAV,Telephone Field,recover-20220825,002,1795
524.1495,524.158,28046,38528,Eptesicus serotinus,0.008,0.021,-1,Echolocation,/mnt/ubna_data_01_mir/recover-20220825/UBNA_002/20220823_033000.WAV,Telephone Field,recover-20220825,002,1795
524.1665,524.2047,68437,82792,Rhinolophus ferrumequinum,0.022,0.022,-1,Echolocation,/mnt/ubna_data_01_mir/recover-20220825/UBNA_002/20220823_033000.WAV,Telephone Field,recover-20220825,002,1795
524.1775,524.1873,27187,36730,Eptesicus serotinus,0.01,0.022,-1,Echolocation,/mnt/ubna_data_01_mir/recover-20220825/UBNA_002/20220823_033000.WAV,Telephone Field,recover-20220825,002,1795
524.1785,524.2197,68437,82410,Rhinolophus ferrumequinum,0.022,0.022,-1,Echolocation,/mnt/ubna_data_01_mir/recover-20220825/UBNA_002/20220823_033000.WAV,Telephone Field,recover-20220825,002,1795
524.1995,524.2397,68437,82558,Rhinolophus ferrumequinum,0.035,0.035,-1,Echolocation,/mnt/ubna_data_01_mir/recover-20220825/UBNA_002/20220823_033000.WAV,Telephone Field,recover-20220825,002,1795
524.2245,524.2664,68437,82776,Rhinolophus ferrumequinum,0.041,0.041,-1,Echolocation,/mnt/ubna_data_01_mir/recover-20220825/UBNA_002/20220823_033000.WAV,Telephone Field,recover-20220825,002,1795
524.2375,524.2743,68437,81272,Rhinolophus ferrumequinum,0.022,0.022,-1,Echolocation,/mnt/ubna_data_01_mir/recover-20220825/UBNA_002/20220823_033000.WAV,Telephone Field,recover-20220825,002,1795
524.2465,524.2589,27187,33960,Eptesicus serotinus,0.023,0.039,-1,Echolocation,/mnt/ubna_data_01_mir/recover-20220825/UBNA_002/20220823_033000.WAV,Telephone Field,recover-20220825,002,1795
524.2475,524.2859,68437,81856,Rhinolophus ferrumequinum,0.021,0.021,-1,Echolocation,/mnt/ubna_data_01_mir/recover-20220825/UBNA_002/20220823_033000.WAV,Telephone Field,recover-20220825,002,1795
524.2625,524.2996,68437,81441,Rhinolophus ferrumequinum,0.022,0.022,-1,Echolocation,/mnt/ubna_data_01_mir/recover-20220825/UBNA_002/20220823_033000.WAV,Telephone Field,recover-20220825,002,1795
524.2835,524.3209,68437,82059,Rhinolophus ferrumequinum,0.028,0.028,-1,Echolocation,/mnt/ubna_data_01_mir/recover-20220825/UBNA_002/20220823_033000.WAV,Telephone Field,recover-20220825,002,1795
524.3045,524.3115,36640,48020,Pipistrellus nathusii,0.132,0.433,-1,Echolocation,/mnt/ubna_data_01_mir/recover-20220825/UBNA_002/20220823_033000.WAV,Telephone Field,recover-20220825,002,1795
524.3255,524.3629,68437,81543,Rhinolophus ferrumequinum,0.021,0.021,-1,Echolocation,/mnt/ubna_data_01_mir/recover-20220825/UBNA_002/20220823_033000.WAV,Telephone Field,recover-20220825,002,1795
524.3485,524.3594,37500,42109,Pipistrellus nathusii,0.01,0.022,-1,Echolocation,/mnt/ubna_data_01_mir/recover-20220825/UBNA_002/20220823_033000.WAV,Telephone Field,recover-20220825,002,1795
524.3865,524.4186,68437,81529,Rhinolophus ferrumequinum,0.024,0.025,-1,Echolocation,/mnt/ubna_data_01_mir/recover-20220825/UBNA_002/20220823_033000.WAV,Telephone Field,recover-20220825,002,1795
524.3925,524.3996,38359,45366,Pipistrellus nathusii,0.213,0.393,-1,Echolocation,/mnt/ubna_data_01_mir/recover-20220825/UBNA_002/20220823_033000.WAV,Telephone Field,recover-20220825,002,1795
524.3945,524.4012,27187,43920,Myotis daubentonii,0.007,0.024,-1,Echolocation,/mnt/ubna_data_01_mir/recover-20220825/UBNA_002/20220823_033000.WAV,Telephone Field,recover-20220825,002,1795
524.4135,524.451,68437,82298,Rhinolophus ferrumequinum,0.024,0.024,-1,Echolocation,/mnt/ubna_data_01_mir/recover-20220825/UBNA_002/20220823_033000.WAV,Telephone Field,recover-20220825,002,1795
524.4875,524.5283,68437,82350,Rhinolophus ferrumequinum,0.024,0.024,-1,Echolocation,/mnt/ubna_data_01_mir/recover-20220825/UBNA_002/20220823_033000.WAV,Telephone Field,recover-20220825,002,1795
524.5075,524.5162,27187,37091,Eptesicus serotinus,0.009,0.024,-1,Echolocation,/mnt/ubna_data_01_mir/recover-20220825/UBNA_002/20220823_033000.WAV,Telephone Field,recover-20220825,002,1795
524.5595,524.5709,22890,27442,Nyctalus leisleri,0.011,0.022,-1,Echolocation,/mnt/ubna_data_01_mir/recover-20220825/UBNA_002/20220823_033000.WAV,Telephone Field,recover-20220825,002,1795
524.5615,524.6014,68437,82274,Rhinolophus ferrumequinum,0.021,0.021,-1,Echolocation,/mnt/ubna_data_01_mir/recover-20220825/UBNA_002/20220823_033000.WAV,Telephone Field,recover-20220825,002,1795
524.5825,524.5912,28046,36574,Eptesicus serotinus,0.008,0.021,-1,Echolocation,/mnt/ubna_data_01_mir/recover-20220825/UBNA_002/20220823_033000.WAV,Telephone Field,recover-20220825,002,1795
524.5885,524.629,68437,82158,Rhinolophus ferrumequinum,0.023,0.023,-1,Echolocation,/mnt/ubna_data_01_mir/recover-20220825/UBNA_002/20220823_033000.WAV,Telephone Field,recover-20220825,002,1795
524.6015,524.6405,68437,82729,Rhinolophus ferrumequinum,0.021,0.021,-1,Echolocation,/mnt/ubna_data_01_mir/recover-20220825/UBNA_002/20220823_033000.WAV,Telephone Field,recover-20220825,002,1795
524.6055,524.6137,27187,36965,Eptesicus serotinus,0.008,0.023,-1,Echolocation,/mnt/ubna_data_01_mir/recover-20220825/UBNA_002/20220823_033000.WAV,Telephone Field,recover-20220825,002,1795
524.6155,524.6241,27187,37667,Eptesicus serotinus,0.007,0.021,-1,Echolocation,/mnt/ubna_data_01_mir/recover-20220825/UBNA_002/20220823_033000.WAV,Telephone Field,recover-20220825,002,1795
524.6195,524.6596,68437,81916,Rhinolophus ferrumequinum,0.021,0.021,-1,Echolocation,/mnt/ubna_data_01_mir/recover-20220825/UBNA_002/20220823_033000.WAV,Telephone Field,recover-20220825,002,1795
524.6675,524.7076,68437,81802,Rhinolophus ferrumequinum,0.021,0.021,-1,Echolocation,/mnt/ubna_data_01_mir/recover-20220825/UBNA_002/20220823_033000.WAV,Telephone Field,recover-20220825,002,1795
524.6805,524.6883,28046,38793,Eptesicus serotinus,0.007,0.021,-1,Echolocation,/mnt/ubna_data_01_mir/recover-20220825/UBNA_002/20220823_033000.WAV,Telephone Field,recover-20220825,002,1795
524.6985,524.7376,68437,82366,Rhinolophus ferrumequinum,0.022,0.022,-1,Echolocation,/mnt/ubna_data_01_mir/recover-20220825/UBNA_002/20220823_033000.WAV,Telephone Field,recover-20220825,002,1795
524.7415,524.7503,27187,36375,Eptesicus serotinus,0.008,0.021,-1,Echolocation,/mnt/ubna_data_01_mir/recover-20220825/UBNA_002/20220823_033000.WAV,Telephone Field,recover-20220825,002,1795
524.7515,524.788,68437,81038,Rhinolophus ferrumequinum,0.022,0.022,-1,Echolocation,/mnt/ubna_data_01_mir/recover-20220825/UBNA_002/20220823_033000.WAV,Telephone Field,recover-20220825,002,1795
524.7855,524.8217,68437,82305,Rhinolophus ferrumequinum,0.022,0.022,-1,Echolocation,/mnt/ubna_data_01_mir/recover-20220825/UBNA_002/20220823_033000.WAV,Telephone Field,recover-20220825,002,1795
524.8195,524.8271,50390,55312,Pipistrellus pipistrellus,0.018,0.022,-1,Echolocation,/mnt/ubna_data_01_mir/recover-20220825/UBNA_002/20220823_033000.WAV,Telephone Field,recover-20220825,002,1795
524.8215,524.8603,68437,81909,Rhinolophus ferrumequinum,0.023,0.023,-1,Echolocation,/mnt/ubna_data_01_mir/recover-20220825/UBNA_002/20220823_033000.WAV,Telephone Field,recover-20220825,002,1795
524.8645,524.9009,68437,82095,Rhinolophus ferrumequinum,0.021,0.021,-1,Echolocation,/mnt/ubna_data_01_mir/recover-20220825/UBNA_002/20220823_033000.WAV,Telephone Field,recover-20220825,002,1795
524.8885,524.9277,68437,81980,Rhinolophus ferrumequinum,0.023,0.023,-1,Echolocation,/mnt/ubna_data_01_mir/recover-20220825/UBNA_002/20220823_033000.WAV,Telephone Field,recover-20220825,002,1795
524.8995,524.9422,68437,82846,Rhinolophus ferrumequinum,0.034,0.034,-1,Echolocation,/mnt/ubna_data_01_mir/recover-20220825/UBNA_002/20220823_033000.WAV,Telephone Field,recover-20220825,002,1795
524.9025,524.9117,22890,28849,Nyctalus leisleri,0.009,0.024,-1,Echolocation,/mnt/ubna_data_01_mir/recover-20220825/UBNA_002/20220823_033000.WAV,Telephone Field,recover-20220825,002,1795
524.9275,524.9664,68437,81795,Rhinolophus ferrumequinum,0.025,0.025,-1,Echolocation,/mnt/ubna_data_01_mir/recover-20220825/UBNA_002/20220823_033000.WAV,Telephone Field,recover-20220825,002,1795
524.9525,524.9895,68437,82267,Rhinolophus ferrumequinum,0.023,0.023,-1,Echolocation,/mnt/ubna_data_01_mir/recover-20220825/UBNA_002/20220823_033000.WAV,Telephone Field,recover-20220825,002,1795
524.9585,524.971,23750,29281,Nyctalus leisleri,0.011,0.029,-1,Echolocation,/mnt/ubna_data_01_mir/recover-20220825/UBNA_002/20220823_033000.WAV,Telephone Field,recover-20220825,002,1795
524.9945,525.0025,25468,35029,Eptesicus serotinus,0.01,0.028,-1,Echolocation,/mnt/ubna_data_01_mir/recover-20220825/UBNA_002/20220823_033000.WAV,Telephone Field,recover-20220825,002,1795
524.9965,525.0367,68437,82594,Rhinolophus ferrumequinum,0.021,0.021,-1,Echolocation,/mnt/ubna_data_01_mir/recover-20220825/UBNA_002/20220823_033000.WAV,Telephone Field,recover-20220825,002,1795
525.0095,525.0188,44375,47938,Pipistrellus pipistrellus,0.019,0.023,-1,Echolocation,/mnt/ubna_data_01_mir/recover-20220825/UBNA_002/20220823_033000.WAV,Telephone Field,recover-20220825,002,1795
525.0365,525.0478,27187,33575,Eptesicus serotinus,0.018,0.034,-1,Echolocation,/mnt/ubna_data_01_mir/recover-20220825/UBNA_002/20220823_033000.WAV,Telephone Field,recover-20220825,002,1795
525.0515,525.0617,22890,28393,Nyctalus leisleri,0.01,0.024,-1,Echolocation,/mnt/ubna_data_01_mir/recover-20220825/UBNA_002/20220823_033000.WAV,Telephone Field,recover-20220825,002,1795
525.0635,525.0993,68437,82000,Rhinolophus ferrumequinum,0.023,0.023,-1,Echolocation,/mnt/ubna_data_01_mir/recover-20220825/UBNA_002/20220823_033000.WAV,Telephone Field,recover-20220825,002,1795
525.0725,525.0816,22890,29340,Plecotus austriacus,0.007,0.021,-1,Echolocation,/mnt/ubna_data_01_mir/recover-20220825/UBNA_002/20220823_033000.WAV,Telephone Field,recover-20220825,002,1795
525.1145,525.1514,68437,81864,Rhinolophus ferrumequinum,0.021,0.021,-1,Echolocation,/mnt/ubna_data_01_mir/recover-20220825/UBNA_002/20220823_033000.WAV,Telephone Field,recover-20220825,002,1795
525.1255,525.1624,68437,81817,Rhinolophus ferrumequinum,0.022,0.022,-1,Echolocation,/mnt/ubna_data_01_mir/recover-20220825/UBNA_002/20220823_033000.WAV,Telephone Field,recover-20220825,002,1795
525.1865,525.2224,68437,81481,Rhinolophus ferrumequinum,0.027,0.027,-1,Echolocation,/mnt/ubna_data_01_mir/recover-20220825/UBNA_002/20220823_033000.WAV,Telephone Field,recover-20220825,002,1795
525.1995,525.2073,28046,40878,Eptesicus serotinus,0.007,0.021,-1,Echolocation,/mnt/ubna_data_01_mir/recover-20220825/UBNA_002/20220823_033000.WAV,Telephone Field,recover-20220825,002,1795
525.2485,525.2885,68437,82397,Rhinolophus ferrumequinum,0.022,0.022,-1,Echolocation,/mnt/ubna_data_01_mir/recover-20220825/UBNA_002/20220823_033000.WAV,Telephone Field,recover-20220825,002,1795
525.2665,525.3028,68437,81495,Rhinolophus ferrumequinum,0.022,0.022,-1,Echolocation,/mnt/ubna_data_01_mir/recover-20220825/UBNA_002/20220823_033000.WAV,Telephone Field,recover-20220825,002,1795
525.2795,525.3173,68437,81840,Rhinolophus ferrumequinum,0.025,0.025,-1,Echolocation,/mnt/ubna_data_01_mir/recover-20220825/UBNA_002/20220823_033000.WAV,Telephone Field,recover-20220825,002,1795
525.3195,525.3271,27187,37723,Eptesicus serotinus,0.01,0.028,-1,Echolocation,/mnt/ubna_data_01_mir/recover-20220825/UBNA_002/20220823_033000.WAV,Telephone Field,recover-20220825,002,1795
525.3295,525.3407,35781,40668,Pipistrellus nathusii,0.009,0.021,-1,Echolocation,/mnt/ubna_data_01_mir/recover-20220825/UBNA_002/20220823_033000.WAV,Telephone Field,recover-20220825,002,1795
525.3445,525.3836,68437,82329,Rhinolophus ferrumequinum,0.023,0.023,-1,Echolocation,/mnt/ubna_data_01_mir/recover-20220825/UBNA_002/20220823_033000.WAV,Telephone Field,recover-20220825,002,1795
525.3645,525.4005,68437,81097,Rhinolophus ferrumequinum,0.021,0.021,-1,Echolocation,/mnt/ubna_data_01_mir/recover-20220825/UBNA_002/20220823_033000.WAV,Telephone Field,recover-20220825,002,1795
525.3725,525.4105,68437,82064,Rhinolophus ferrumequinum,0.022,0.022,-1,Echolocation,/mnt/ubna_data_01_mir/recover-20220825/UBNA_002/20220823_033000.WAV,Telephone Field,recover-20220825,002,1795
525.4175,525.4289,38359,42875,Pipistrellus nathusii,0.013,0.021,-1,Echolocation,/mnt/ubna_data_01_mir/recover-20220825/UBNA_002/20220823_033000.WAV,Telephone Field,recover-20220825,002,1795
525.4235,525.463,68437,82240,Rhinolophus ferrumequinum,0.021,0.021,-1,Echolocation,/mnt/ubna_data_01_mir/recover-20220825/UBNA_002/20220823_033000.WAV,Telephone Field,recover-20220825,002,1795
525.4395,525.4789,68437,82694,Rhinolophus ferrumequinum,0.029,0.029,-1,Echolocation,/mnt/ubna_data_01_mir/recover-20220825/UBNA_002/20220823_033000.WAV,Telephone Field,recover-20220825,002,1795
525.4445,525.4547,28046,35345,Eptesicus serotinus,0.008,0.021,-1,Echolocation,/mnt/ubna_data_01_mir/recover-20220825/UBNA_002/20220823_033000.WAV,Telephone Field,recover-20220825,002,1795
525.4595,525.5005,68437,82609,Rhinolophus ferrumequinum,0.022,0.022,-1,Echolocation,/mnt/ubna_data_01_mir/recover-20220825/UBNA_002/20220823_033000.WAV,Telephone Field,recover-20220825,002,1795
525.4845,525.5229,68437,82133,Rhinolophus ferrumequinum,0.021,0.021,-1,Echolocation,/mnt/ubna_data_01_mir/recover-20220825/UBNA_002/20220823_033000.WAV,Telephone Field,recover-20220825,002,1795
525.4895,525.4988,27187,36692,Eptesicus serotinus,0.009,0.022,-1,Echolocation,/mnt/ubna_data_01_mir/recover-20220825/UBNA_002/20220823_033000.WAV,Telephone Field,recover-20220825,002,1795
525.5135,525.5511,68437,82359,Rhinolophus ferrumequinum,0.021,0.021,-1,Echolocation,/mnt/ubna_data_01_mir/recover-20220825/UBNA_002/20220823_033000.WAV,Telephone Field,recover-20220825,002,1795
525.5195,525.5565,68437,82228,Rhinolophus ferrumequinum,0.021,0.021,-1,Echolocation,/mnt/ubna_data_01_mir/recover-20220825/UBNA_002/20220823_033000.WAV,Telephone Field,recover-20220825,002,1795
525.5515,525.5619,28046,36094,Eptesicus serotinus,0.01,0.021,-1,Echolocation,/mnt/ubna_data_01_mir/recover-20220825/UBNA_002/20220823_033000.WAV,Telephone Field,recover-20220825,002,1795
525.5665,525.6052,68437,81854,Rhinolophus ferrumequinum,0.023,0.023,-1,Echolocation,/mnt/ubna_data_01_mir/recover-20220825/UBNA_002/20220823_033000.WAV,Telephone Field,recover-20220825,002,1795
525.5815,525.6192,68437,81343,Rhinolophus ferrumequinum,0.021,0.021,-1,Echolocation,/mnt/ubna_data_01_mir/recover-20220825/UBNA_002/20220823_033000.WAV,Telephone Field,recover-20220825,002,1795
525.5865,525.5942,27187,39127,Eptesicus serotinus,0.007,0.022,-1,Echolocation,/mnt/ubna_data_01_mir/recover-20220825/UBNA_002/20220823_033000.WAV,Telephone Field,recover-20220825,002,1795
525.6235,525.6606,68437,81619,Rhinolophus ferrumequinum,0.025,0.025,-1,Echolocation,/mnt/ubna_data_01_mir/recover-20220825/UBNA_002/20220823_033000.WAV,Telephone Field,recover-20220825,002,1795
525.6425,525.6491,31484,43340,Myotis daubentonii,0.016,0.051,-1,Echolocation,/mnt/ubna_data_01_mir/recover-20220825/UBNA_002/20220823_033000.WAV,Telephone Field,recover-20220825,002,1795
525.6555,525.6959,68437,82437,Rhinolophus ferrumequinum,0.022,0.022,-1,Echolocation,/mnt/ubna_data_01_mir/recover-20220825/UBNA_002/20220823_033000.WAV,Telephone Field,recover-20220825,002,1795
525.6615,525.6691,28906,38263,Eptesicus serotinus,0.014,0.037,-1,Echolocation,/mnt/ubna_data_01_mir/recover-20220825/UBNA_002/20220823_033000.WAV,Telephone Field,recover-20220825,002,1795
525.6835,525.7188,68437,81226,Rhinolophus ferrumequinum,0.021,0.021,-1,Echolocation,/mnt/ubna_data_01_mir/recover-20220825/UBNA_002/20220823_033000.WAV,Telephone Field,recover-20220825,002,1795
525.6895,525.6979,27187,39626,Eptesicus serotinus,0.008,0.023,-1,Echolocation,/mnt/ubna_data_01_mir/recover-20220825/UBNA_002/20220823_033000.WAV,Telephone Field,recover-20220825,002,1795
525.7405,525.7806,68437,82869,Rhinolophus ferrumequinum,0.04,0.04,-1,Echolocation,/mnt/ubna_data_01_mir/recover-20220825/UBNA_002/20220823_033000.WAV,Telephone Field,recover-20220825,002,1795
525.7985,525.8359,68437,81711,Rhinolophus ferrumequinum,0.022,0.022,-1,Echolocation,/mnt/ubna_data_01_mir/recover-20220825/UBNA_002/20220823_033000.WAV,Telephone Field,recover-20220825,002,1795
525.8345,525.8703,68437,81744,Rhinolophus ferrumequinum,0.021,0.021,-1,Echolocation,/mnt/ubna_data_01_mir/recover-20220825/UBNA_002/20220823_033000.WAV,Telephone Field,recover-20220825,002,1795
525.8615,525.8714,28046,35995,Eptesicus serotinus,0.009,0.021,-1,Echolocation,/mnt/ubna_data_01_mir/recover-20220825/UBNA_002/20220823_033000.WAV,Telephone Field,recover-20220825,002,1795
525.8785,525.8889,23750,29735,Nyctalus leisleri,0.01,0.024,-1,Echolocation,/mnt/ubna_data_01_mir/recover-20220825/UBNA_002/20220823_033000.WAV,Telephone Field,recover-20220825,002,1795
525.9185,525.959,68437,82073,Rhinolophus ferrumequinum,0.025,0.025,-1,Echolocation,/mnt/ubna_data_01_mir/recover-20220825/UBNA_002/20220823_033000.WAV,Telephone Field,recover-20220825,002,1795
525.9315,525.9707,68437,82363,Rhinolophus ferrumequinum,0.031,0.031,-1,Echolocation,/mnt/ubna_data_01_mir/recover-20220825/UBNA_002/20220823_033000.WAV,Telephone Field,recover-20220825,002,1795
525.9535,525.9661,22031,25566,Nyctalus leisleri,0.014,0.023,-1,Echolocation,/mnt/ubna_data_01_mir/recover-20220825/UBNA_002/20220823_033000.WAV,Telephone Field,recover-20220825,002,1795
525.9615,525.9839,18593,21029,Nyctalus noctula,0.012,0.025,-1,Echolocation,/mnt/ubna_data_01_mir/recover-20220825/UBNA_002/20220823_033000.WAV,Telephone Field,recover-20220825,002,1795
526.0015,526.0096,24609,34371,Nyctalus leisleri,0.005,0.023,-1,Echolocation,/mnt/ubna_data_01_mir/recover-20220825/UBNA_002/20220823_033000.WAV,Telephone Field,recover-20220825,002,1795
526.0015,526.0099,48671,56260,Pipistrellus pipistrellus,0.013,0.021,-1,Echolocation,/mnt/ubna_data_01_mir/recover-20220825/UBNA_002/20220823_033000.WAV,Telephone Field,recover-20220825,002,1795
526.0015,526.0118,37500,43236,Pipistrellus nathusii,0.011,0.023,-1,Echolocation,/mnt/ubna_data_01_mir/recover-20220825/UBNA_002/20220823_033000.WAV,Telephone Field,recover-20220825,002,1795
526.0015,526.0327,69296,81609,Rhinolophus ferrumequinum,0.028,0.028,-1,Echolocation,/mnt/ubna_data_01_mir/recover-20220825/UBNA_002/20220823_033000.WAV,Telephone Field,recover-20220825,002,1795
526.0165,526.0261,24609,32076,Eptesicus serotinus,0.008,0.024,-1,Echolocation,/mnt/ubna_data_01_mir/recover-20220825/UBNA_002/20220823_033000.WAV,Telephone Field,recover-20220825,002,1795
526.0195,526.0306,43515,48985,Pipistrellus pipistrellus,0.028,0.04,-1,Echolocation,/mnt/ubna_data_01_mir/recover-20220825/UBNA_002/20220823_033000.WAV,Telephone Field,recover-20220825,002,1795
526.0195,526.0591,68437,82259,Rhinolophus ferrumequinum,0.021,0.021,-1,Echolocation,/mnt/ubna_data_01_mir/recover-20220825/UBNA_002/20220823_033000.WAV,Telephone Field,recover-20220825,002,1795
526.0565,526.0946,68437,82225,Rhinolophus ferrumequinum,0.022,0.022,-1,Echolocation,/mnt/ubna_data_01_mir/recover-20220825/UBNA_002/20220823_033000.WAV,Telephone Field,recover-20220825,002,1795
526.0975,526.1348,68437,81849,Rhinolophus ferrumequinum,0.021,0.021,-1,Echolocation,/mnt/ubna_data_01_mir/recover-20220825/UBNA_002/20220823_033000.WAV,Telephone Field,recover-20220825,002,1795
526.1265,526.1671,68437,82131,Rhinolophus ferrumequinum,0.026,0.026,-1,Echolocation,/mnt/ubna_data_01_mir/recover-20220825/UBNA_002/20220823_033000.WAV,Telephone Field,recover-20220825,002,1795
526.1565,526.1646,24609,33300,Eptesicus serotinus,0.009,0.032,-1,Echolocation,/mnt/ubna_data_01_mir/recover-20220825/UBNA_002/20220823_033000.WAV,Telephone Field,recover-20220825,002,1795
526.1695,526.2033,68437,80803,Rhinolophus ferrumequinum,0.021,0.021,-1,Echolocation,/mnt/ubna_data_01_mir/recover-20220825/UBNA_002/20220823_033000.WAV,Telephone Field,recover-20220825,002,1795
526.2085,526.2493,68437,82590,Rhinolophus ferrumequinum,0.023,0.023,-1,Echolocation,/mnt/ubna_data_01_mir/recover-20220825/UBNA_002/20220823_033000.WAV,Telephone Field,recover-20220825,002,1795
526.2195,526.2557,68437,82393,Rhinolophus ferrumequinum,0.021,0.021,-1,Echolocation,/mnt/ubna_data_01_mir/recover-20220825/UBNA_002/20220823_033000.WAV,Telephone Field,recover-20220825,002,1795
526.2475,526.2869,68437,82112,Rhinolophus ferrumequinum,0.021,0.021,-1,Echolocation,/mnt/ubna_data_01_mir/recover-20220825/UBNA_002/20220823_033000.WAV,Telephone Field,recover-20220825,002,1795
526.2475,526.2566,27187,36791,Eptesicus serotinus,0.008,0.021,-1,Echolocation,/mnt/ubna_data_01_mir/recover-20220825/UBNA_002/20220823_033000.WAV,Telephone Field,recover-20220825,002,1795
526.2715,526.3106,68437,81818,Rhinolophus ferrumequinum,0.021,0.021,-1,Echolocation,/mnt/ubna_data_01_mir/recover-20220825/UBNA_002/20220823_033000.WAV,Telephone Field,recover-20220825,002,1795
526.2835,526.292,28046,38269,Eptesicus serotinus,0.008,0.023,-1,Echolocation,/mnt/ubna_data_01_mir/recover-20220825/UBNA_002/20220823_033000.WAV,Telephone Field,recover-20220825,002,1795
526.3035,526.3125,25468,34057,Eptesicus serotinus,0.008,0.021,-1,Echolocation,/mnt/ubna_data_01_mir/recover-20220825/UBNA_002/20220823_033000.WAV,Telephone Field,recover-20220825,002,1795
526.3515,526.359,28046,37610,Eptesicus serotinus,0.007,0.024,-1,Echolocation,/mnt/ubna_data_01_mir/recover-20220825/UBNA_002/20220823_033000.WAV,Telephone Field,recover-20220825,002,1795
526.3615,526.4016,68437,82045,Rhinolophus ferrumequinum,0.024,0.024,-1,Echolocation,/mnt/ubna_data_01_mir/recover-20220825/UBNA_002/20220823_033000.WAV,Telephone Field,recover-20220825,002,1795
526.3745,526.3801,26328,40756,Myotis nattereri,0.007,0.031,-1,Echolocation,/mnt/ubna_data_01_mir/recover-20220825/UBNA_002/20220823_033000.WAV,Telephone Field,recover-20220825,002,1795
526.3935,526.4022,48671,56490,Pipistrellus pipistrellus,0.021,0.024,-1,Echolocation,/mnt/ubna_data_01_mir/recover-20220825/UBNA_002/20220823_033000.WAV,Telephone Field,recover-20220825,002,1795
526.3985,526.408,22031,27449,Plecotus austriacus,0.007,0.021,-1,Echolocation,/mnt/ubna_data_01_mir/recover-20220825/UBNA_002/20220823_033000.WAV,Telephone Field,recover-20220825,002,1795
526.4295,526.4739,68437,83576,Rhinolophus ferrumequinum,0.037,0.037,-1,Echolocation,/mnt/ubna_data_01_mir/recover-20220825/UBNA_002/20220823_033000.WAV,Telephone Field,recover-20220825,002,1795
526.4705,526.5144,68437,83233,Rhinolophus ferrumequinum,0.037,0.037,-1,Echolocation,/mnt/ubna_data_01_mir/recover-20220825/UBNA_002/20220823_033000.WAV,Telephone Field,recover-20220825,002,1795
526.4715,526.4815,22890,28131,Nyctalus leisleri,0.009,0.021,-1,Echolocation,/mnt/ubna_data_01_mir/recover-20220825/UBNA_002/20220823_033000.WAV,Telephone Field,recover-20220825,002,1795
526.5115,526.5193,28046,38458,Eptesicus serotinus,0.008,0.024,-1,Echolocation,/mnt/ubna_data_01_mir/recover-20220825/UBNA_002/20220823_033000.WAV,Telephone Field,recover-20220825,002,1795
526.5264999999999,526.5646,68437,81916,Rhinolophus ferrumequinum,0.021,0.021,-1,Echolocation,/mnt/ubna_data_01_mir/recover-20220825/UBNA_002/20220823_033000.WAV,Telephone Field,recover-20220825,002,1795
526.5355,526.5737,68437,81863,Rhinolophus ferrumequinum,0.021,0.021,-1,Echolocation,/mnt/ubna_data_01_mir/recover-20220825/UBNA_002/20220823_033000.WAV,Telephone Field,recover-20220825,002,1795
526.5485,526.5879,68437,82449,Rhinolophus ferrumequinum,0.024,0.024,-1,Echolocation,/mnt/ubna_data_01_mir/recover-20220825/UBNA_002/20220823_033000.WAV,Telephone Field,recover-20220825,002,1795
526.5525,526.5609,31484,42790,Myotis daubentonii,0.006,0.021,-1,Echolocation,/mnt/ubna_data_01_mir/recover-20220825/UBNA_002/20220823_033000.WAV,Telephone Field,recover-20220825,002,1795
526.6175,526.6266,51250,56995,Pipistrellus pipistrellus,0.026,0.034,-1,Echolocation,/mnt/ubna_data_01_mir/recover-20220825/UBNA_002/20220823_033000.WAV,Telephone Field,recover-20220825,002,1795
526.6235,526.6316,28046,40238,Eptesicus serotinus,0.008,0.024,-1,Echolocation,/mnt/ubna_data_01_mir/recover-20220825/UBNA_002/20220823_033000.WAV,Telephone Field,recover-20220825,002,1795
526.6275,526.6649,68437,81920,Rhinolophus ferrumequinum,0.021,0.021,-1,Echolocation,/mnt/ubna_data_01_mir/recover-20220825/UBNA_002/20220823_033000.WAV,Telephone Field,recover-20220825,002,1795
526.6375,526.6742,68437,81827,Rhinolophus ferrumequinum,0.023,0.023,-1,Echolocation,/mnt/ubna_data_01_mir/recover-20220825/UBNA_002/20220823_033000.WAV,Telephone Field,recover-20220825,002,1795
526.6455,526.6845,68437,82155,Rhinolophus ferrumequinum,0.021,0.021,-1,Echolocation,/mnt/ubna_data_01_mir/recover-20220825/UBNA_002/20220823_033000.WAV,Telephone Field,recover-20220825,002,1795
526.6514999999999,526.6633,22890,27667,Nyctalus leisleri,0.012,0.023,-1,Echolocation,/mnt/ubna_data_01_mir/recover-20220825/UBNA_002/20220823_033000.WAV,Telephone Field,recover-20220825,002,1795
526.6575,526.6745,21171,24381,Nyctalus leisleri,0.014,0.022,-1,Echolocation,/mnt/ubna_data_01_mir/recover-20220825/UBNA_002/20220823_033000.WAV,Telephone Field,recover-20220825,002,1795
526.6595,526.669,28906,36983,Eptesicus serotinus,0.009,0.022,-1,Echolocation,/mnt/ubna_data_01_mir/recover-20220825/UBNA_002/20220823_033000.WAV,Telephone Field,recover-20220825,002,1795
526.6885,526.7289,68437,82580,Rhinolophus ferrumequinum,0.023,0.023,-1,Echolocation,/mnt/ubna_data_01_mir/recover-20220825/UBNA_002/20220823_033000.WAV,Telephone Field,recover-20220825,002,1795
526.6945,526.7024,28046,38136,Eptesicus serotinus,0.009,0.027,-1,Echolocation,/mnt/ubna_data_01_mir/recover-20220825/UBNA_002/20220823_033000.WAV,Telephone Field,recover-20220825,002,1795
526.7125,526.7212,28046,37364,Eptesicus serotinus,0.008,0.021,-1,Echolocation,/mnt/ubna_data_01_mir/recover-20220825/UBNA_002/20220823_033000.WAV,Telephone Field,recover-20220825,002,1795
526.7605,526.8013,68437,82299,Rhinolophus ferrumequinum,0.025,0.025,-1,Echolocation,/mnt/ubna_data_01_mir/recover-20220825/UBNA_002/20220823_033000.WAV,Telephone Field,recover-20220825,002,1795
526.8035,526.8434,68437,82597,Rhinolophus ferrumequinum,0.022,0.022,-1,Echolocation,/mnt/ubna_data_01_mir/recover-20220825/UBNA_002/20220823_033000.WAV,Telephone Field,recover-20220825,002,1795
526.8075,526.816,28046,42482,Eptesicus serotinus,0.009,0.023,-1,Echolocation,/mnt/ubna_data_01_mir/recover-20220825/UBNA_002/20220823_033000.WAV,Telephone Field,recover-20220825,002,1795
526.8195,526.8587,68437,81814,Rhinolophus ferrumequinum,0.025,0.025,-1,Echolocation,/mnt/ubna_data_01_mir/recover-20220825/UBNA_002/20220823_033000.WAV,Telephone Field,recover-20220825,002,1795
526.8305,526.8379,23750,32080,Plecotus austriacus,0.008,0.021,-1,Echolocation,/mnt/ubna_data_01_mir/recover-20220825/UBNA_002/20220823_033000.WAV,Telephone Field,recover-20220825,002,1795
526.9895,527.0267,68437,82427,Rhinolophus ferrumequinum,0.021,0.021,-1,Echolocation,/mnt/ubna_data_01_mir/recover-20220825/UBNA_002/20220823_033000.WAV,Telephone Field,recover-20220825,002,1795
527.0385,527.047,27187,36710,Eptesicus serotinus,0.007,0.022,-1,Echolocation,/mnt/ubna_data_01_mir/recover-20220825/UBNA_002/20220823_033000.WAV,Telephone Field,recover-20220825,002,1795
527.0445,527.0547,40937,44883,Pipistrellus nathusii,0.203,0.25,-1,Echolocation,/mnt/ubna_data_01_mir/recover-20220825/UBNA_002/20220823_033000.WAV,Telephone Field,recover-20220825,002,1795
527.0915,527.1311,68437,82047,Rhinolophus ferrumequinum,0.021,0.021,-1,Echolocation,/mnt/ubna_data_01_mir/recover-20220825/UBNA_002/20220823_033000.WAV,Telephone Field,recover-20220825,002,1795
527.1065,527.1424,68437,81550,Rhinolophus ferrumequinum,0.021,0.021,-1,Echolocation,/mnt/ubna_data_01_mir/recover-20220825/UBNA_002/20220823_033000.WAV,Telephone Field,recover-20220825,002,1795
527.1145,527.1239,28906,36112,Eptesicus serotinus,0.008,0.022,-1,Echolocation,/mnt/ubna_data_01_mir/recover-20220825/UBNA_002/20220823_033000.WAV,Telephone Field,recover-20220825,002,1795
527.1265,527.1348,40078,45479,Barbastellus barbastellus,0.035,0.114,-1,Echolocation,/mnt/ubna_data_01_mir/recover-20220825/UBNA_002/20220823_033000.WAV,Telephone Field,recover-20220825,002,1795
527.1295,527.137,26328,39835,Eptesicus serotinus,0.007,0.025,-1,Echolocation,/mnt/ubna_data_01_mir/recover-20220825/UBNA_002/20220823_033000.WAV,Telephone Field,recover-20220825,002,1795
527.1545,527.1944,68437,82098,Rhinolophus ferrumequinum,0.024,0.024,-1,Echolocation,/mnt/ubna_data_01_mir/recover-20220825/UBNA_002/20220823_033000.WAV,Telephone Field,recover-20220825,002,1795
527.1795,527.2209,68437,82736,Rhinolophus ferrumequinum,0.024,0.024,-1,Echolocation,/mnt/ubna_data_01_mir/recover-20220825/UBNA_002/20220823_033000.WAV,Telephone Field,recover-20220825,002,1795
527.1935,527.2053,22890,27347,Nyctalus leisleri,0.017,0.031,-1,Echolocation,/mnt/ubna_data_01_mir/recover-20220825/UBNA_002/20220823_033000.WAV,Telephone Field,recover-20220825,002,1795
527.2225,527.2633,68437,83192,Rhinolophus ferrumequinum,0.03,0.03,-1,Echolocation,/mnt/ubna_data_01_mir/recover-20220825/UBNA_002/20220823_033000.WAV,Telephone Field,recover-20220825,002,1795
527.2305,527.2508,15156,20845,Nyctalus noctula,0.022,0.028,-1,Echolocation,/mnt/ubna_data_01_mir/recover-20220825/UBNA_002/20220823_033000.WAV,Telephone Field,recover-20220825,002,1795
527.2525,527.2908,68437,82244,Rhinolophus ferrumequinum,0.023,0.023,-1,Echolocation,/mnt/ubna_data_01_mir/recover-20220825/UBNA_002/20220823_033000.WAV,Telephone Field,recover-20220825,002,1795
527.2645,527.3049,68437,82608,Rhinolophus ferrumequinum,0.023,0.023,-1,Echolocation,/mnt/ubna_data_01_mir/recover-20220825/UBNA_002/20220823_033000.WAV,Telephone Field,recover-20220825,002,1795
527.2735,527.3118,68437,82356,Rhinolophus ferrumequinum,0.021,0.021,-1,Echolocation,/mnt/ubna_data_01_mir/recover-20220825/UBNA_002/20220823_033000.WAV,Telephone Field,recover-20220825,002,1795
527.3515,527.3905,68437,82417,Rhinolophus ferrumequinum,0.023,0.024,-1,Echolocation,/mnt/ubna_data_01_mir/recover-20220825/UBNA_002/20220823_033000.WAV,Telephone Field,recover-20220825,002,1795
527.3575,527.3647,28046,42002,Eptesicus serotinus,0.007,0.024,-1,Echolocation,/mnt/ubna_data_01_mir/recover-20220825/UBNA_002/20220823_033000.WAV,Telephone Field,recover-20220825,002,1795
527.3575,527.3652,49531,53535,Pipistrellus pipistrellus,0.02,0.022,-1,Echolocation,/mnt/ubna_data_01_mir/recover-20220825/UBNA_002/20220823_033000.WAV,Telephone Field,recover-20220825,002,1795
527.4095,527.4487,68437,81955,Rhinolophus ferrumequinum,0.026,0.026,-1,Echolocation,/mnt/ubna_data_01_mir/recover-20220825/UBNA_002/20220823_033000.WAV,Telephone Field,recover-20220825,002,1795
527.4715,527.4805,28906,36789,Eptesicus serotinus,0.009,0.022,-1,Echolocation,/mnt/ubna_data_01_mir/recover-20220825/UBNA_002/20220823_033000.WAV,Telephone Field,recover-20220825,002,1795
527.4775,527.5162,68437,82518,Rhinolophus ferrumequinum,0.022,0.022,-1,Echolocation,/mnt/ubna_data_01_mir/recover-20220825/UBNA_002/20220823_033000.WAV,Telephone Field,recover-20220825,002,1795
527.4825,527.5215,68437,82563,Rhinolophus ferrumequinum,0.022,0.022,-1,Echolocation,/mnt/ubna_data_01_mir/recover-20220825/UBNA_002/20220823_033000.WAV,Telephone Field,recover-20220825,002,1795
527.4855,527.4925,48671,53618,Pipistrellus pipistrellus,0.021,0.023,-1,Echolocation,/mnt/ubna_data_01_mir/recover-20220825/UBNA_002/20220823_033000.WAV,Telephone Field,recover-20220825,002,1795
527.5035,527.5108,27187,39225,Eptesicus serotinus,0.006,0.022,-1,Echolocation,/mnt/ubna_data_01_mir/recover-20220825/UBNA_002/20220823_033000.WAV,Telephone Field,recover-20220825,002,1795
527.5105,527.5473,68437,82180,Rhinolophus ferrumequinum,0.02,0.021,-1,Echolocation,/mnt/ubna_data_01_mir/recover-20220825/UBNA_002/20220823_033000.WAV,Telephone Field,recover-20220825,002,1795
527.5264999999999,527.5746,68437,83790,Rhinolophus ferrumequinum,0.065,0.065,-1,Echolocation,/mnt/ubna_data_01_mir/recover-20220825/UBNA_002/20220823_033000.WAV,Telephone Field,recover-20220825,002,1795
527.5555,527.5658,24609,31264,Nyctalus leisleri,0.01,0.027,-1,Echolocation,/mnt/ubna_data_01_mir/recover-20220825/UBNA_002/20220823_033000.WAV,Telephone Field,recover-20220825,002,1795
527.5705,527.6081,68437,81759,Rhinolophus ferrumequinum,0.021,0.021,-1,Echolocation,/mnt/ubna_data_01_mir/recover-20220825/UBNA_002/20220823_033000.WAV,Telephone Field,recover-20220825,002,1795
527.5835,527.5959,23750,29171,Nyctalus leisleri,0.009,0.022,-1,Echolocation,/mnt/ubna_data_01_mir/recover-20220825/UBNA_002/20220823_033000.WAV,Telephone Field,recover-20220825,002,1795
527.5975,527.6061,28046,40164,Eptesicus serotinus,0.007,0.022,-1,Echolocation,/mnt/ubna_data_01_mir/recover-20220825/UBNA_002/20220823_033000.WAV,Telephone Field,recover-20220825,002,1795
527.6555,527.663,27187,39759,Eptesicus serotinus,0.008,0.024,-1,Echolocation,/mnt/ubna_data_01_mir/recover-20220825/UBNA_002/20220823_033000.WAV,Telephone Field,recover-20220825,002,1795
527.6995,527.7397,68437,82208,Rhinolophus ferrumequinum,0.024,0.024,-1,Echolocation,/mnt/ubna_data_01_mir/recover-20220825/UBNA_002/20220823_033000.WAV,Telephone Field,recover-20220825,002,1795
527.7645,527.8048,68437,82396,Rhinolophus ferrumequinum,0.021,0.021,-1,Echolocation,/mnt/ubna_data_01_mir/recover-20220825/UBNA_002/20220823_033000.WAV,Telephone Field,recover-20220825,002,1795
527.7705,527.8107,68437,82034,Rhinolophus ferrumequinum,0.021,0.021,-1,Echolocation,/mnt/ubna_data_01_mir/recover-20220825/UBNA_002/20220823_033000.WAV,Telephone Field,recover-20220825,002,1795
527.8045,527.8439,68437,82153,Rhinolophus ferrumequinum,0.034,0.034,-1,Echolocation,/mnt/ubna_data_01_mir/recover-20220825/UBNA_002/20220823_033000.WAV,Telephone Field,recover-20220825,002,1795
527.8255,527.8344,28046,36806,Eptesicus serotinus,0.008,0.021,-1,Echolocation,/mnt/ubna_data_01_mir/recover-20220825/UBNA_002/20220823_033000.WAV,Telephone Field,recover-20220825,002,1795
527.8265,527.838,34062,38670,Pipistrellus nathusii,0.006,0.022,-1,Echolocation,/mnt/ubna_data_01_mir/recover-20220825/UBNA_002/20220823_033000.WAV,Telephone Field,recover-20220825,002,1795
527.8475,527.8873,68437,81946,Rhinolophus ferrumequinum,0.022,0.022,-1,Echolocation,/mnt/ubna_data_01_mir/recover-20220825/UBNA_002/20220823_033000.WAV,Telephone Field,recover-20220825,002,1795
527.8495,527.8568,32343,43933,Myotis daubentonii,0.01,0.027,-1,Echolocation,/mnt/ubna_data_01_mir/recover-20220825/UBNA_002/20220823_033000.WAV,Telephone Field,recover-20220825,002,1795
527.8625,527.8723,28046,35945,Eptesicus serotinus,0.01,0.023,-1,Echolocation,/mnt/ubna_data_01_mir/recover-20220825/UBNA_002/20220823_033000.WAV,Telephone Field,recover-20220825,002,1795
527.8745,527.8846,28046,35577,Eptesicus serotinus,0.01,0.024,-1,Echolocation,/mnt/ubna_data_01_mir/recover-20220825/UBNA_002/20220823_033000.WAV,Telephone Field,recover-20220825,002,1795
527.8845,527.8928,28046,37198,Eptesicus serotinus,0.008,0.024,-1,Echolocation,/mnt/ubna_data_01_mir/recover-20220825/UBNA_002/20220823_033000.WAV,Telephone Field,recover-20220825,002,1795
527.8965,527.9065,26328,34408,Eptesicus serotinus,0.009,0.022,-1,Echolocation,/mnt/ubna_data_01_mir/recover-20220825/UBNA_002/20220823_033000.WAV,Telephone Field,recover-20220825,002,1795
527.9095,527.9161,29765,52322,Myotis daubentonii,0.01,0.022,-1,Echolocation,/mnt/ubna_data_01_mir/recover-20220825/UBNA_002/20220823_033000.WAV,Telephone Field,recover-20220825,002,1795
527.9105,527.916,40078,49152,Myotis daubentonii,0.018,0.036,-1,Echolocation,/mnt/ubna_data_01_mir/recover-20220825/UBNA_002/20220823_033000.WAV,Telephone Field,recover-20220825,002,1795
527.9215,527.9604,68437,82410,Rhinolophus ferrumequinum,0.031,0.031,-1,Echolocation,/mnt/ubna_data_01_mir/recover-20220825/UBNA_002/20220823_033000.WAV,Telephone Field,recover-20220825,002,1795
527.9595,527.9947,68437,82091,Rhinolophus ferrumequinum,0.021,0.021,-1,Echolocation,/mnt/ubna_data_01_mir/recover-20220825/UBNA_002/20220823_033000.WAV,Telephone Field,recover-20220825,002,1795
527.9685,527.9783,22890,28819,Nyctalus leisleri,0.009,0.02,-1,Echolocation,/mnt/ubna_data_01_mir/recover-20220825/UBNA_002/20220823_033000.WAV,Telephone Field,recover-20220825,002,1795
527.9785,527.9862,44375,52451,Pipistrellus pipistrellus,0.016,0.023,-1,Echolocation,/mnt/ubna_data_01_mir/recover-20220825/UBNA_002/20220823_033000.WAV,Telephone Field,recover-20220825,002,1795
527.9845,527.9917,26328,36716,Eptesicus serotinus,0.006,0.022,-1,Echolocation,/mnt/ubna_data_01_mir/recover-20220825/UBNA_002/20220823_033000.WAV,Telephone Field,recover-20220825,002,1795
528.0015,528.0086,47812,55716,Pipistrellus pipistrellus,0.011,0.023,-1,Echolocation,/mnt/ubna_data_01_mir/recover-20220825/UBNA_002/20220823_033000.WAV,Telephone Field,recover-20220825,002,1795
528.0015,528.0329,68437,79714,Rhinolophus ferrumequinum,0.056,0.056,-1,Echolocation,/mnt/ubna_data_01_mir/recover-20220825/UBNA_002/20220823_033000.WAV,Telephone Field,recover-20220825,002,1795
528.0015,528.0154,56406,63420,Pipistrellus pygmaeus,0.027,0.031,-1,Echolocation,/mnt/ubna_data_01_mir/recover-20220825/UBNA_002/20220823_033000.WAV,Telephone Field,recover-20220825,002,1795
528.0485,528.058,26328,35239,Eptesicus serotinus,0.011,0.029,-1,Echolocation,/mnt/ubna_data_01_mir/recover-20220825/UBNA_002/20220823_033000.WAV,Telephone Field,recover-20220825,002,1795
528.0635,528.1038,68437,82485,Rhinolophus ferrumequinum,0.024,0.024,-1,Echolocation,/mnt/ubna_data_01_mir/recover-20220825/UBNA_002/20220823_033000.WAV,Telephone Field,recover-20220825,002,1795
528.0665,528.074,26328,35932,Eptesicus serotinus,0.009,0.03,-1,Echolocation,/mnt/ubna_data_01_mir/recover-20220825/UBNA_002/20220823_033000.WAV,Telephone Field,recover-20220825,002,1795
528.1295,528.1354,28046,52281,Myotis daubentonii,0.02,0.031,-1,Echolocation,/mnt/ubna_data_01_mir/recover-20220825/UBNA_002/20220823_033000.WAV,Telephone Field,recover-20220825,002,1795
528.1295,528.1377,37500,45535,Pipistrellus nathusii,0.036,0.084,-1,Echolocation,/mnt/ubna_data_01_mir/recover-20220825/UBNA_002/20220823_033000.WAV,Telephone Field,recover-20220825,002,1795
528.1435,528.1518,43515,50795,Pipistrellus pipistrellus,0.014,0.028,-1,Echolocation,/mnt/ubna_data_01_mir/recover-20220825/UBNA_002/20220823_033000.WAV,Telephone Field,recover-20220825,002,1795
528.1445,528.1503,35781,54976,Myotis daubentonii,0.016,0.033,-1,Echolocation,/mnt/ubna_data_01_mir/recover-20220825/UBNA_002/20220823_033000.WAV,Telephone Field,recover-20220825,002,1795
528.1535,528.1627,26328,36326,Eptesicus serotinus,0.009,0.028,-1,Echolocation,/mnt/ubna_data_01_mir/recover-20220825/UBNA_002/20220823_033000.WAV,Telephone Field,recover-20220825,002,1795
528.1795,528.1855,31484,51115,Myotis daubentonii,0.03,0.04,-1,Echolocation,/mnt/ubna_data_01_mir/recover-20220825/UBNA_002/20220823_033000.WAV,Telephone Field,recover-20220825,002,1795
528.2305,528.2369,29765,42962,Myotis daubentonii,0.013,0.026,-1,Echolocation,/mnt/ubna_data_01_mir/recover-20220825/UBNA_002/20220823_033000.WAV,Telephone Field,recover-20220825,002,1795
528.2345,528.2757,68437,82471,Rhinolophus ferrumequinum,0.024,0.024,-1,Echolocation,/mnt/ubna_data_01_mir/recover-20220825/UBNA_002/20220823_033000.WAV,Telephone Field,recover-20220825,002,1795
528.2435,528.2654,20312,24205,Nyctalus noctula,0.045,0.084,-1,Echolocation,/mnt/ubna_data_01_mir/recover-20220825/UBNA_002/20220823_033000.WAV,Telephone Field,recover-20220825,002,1795
528.2655,528.2725,42656,51077,Pipistrellus nathusii,0.178,0.301,-1,Echolocation,/mnt/ubna_data_01_mir/recover-20220825/UBNA_002/20220823_033000.WAV,Telephone Field,recover-20220825,002,1795
528.2685,528.2737,34062,54328,Myotis daubentonii,0.05,0.093,-1,Echolocation,/mnt/ubna_data_01_mir/recover-20220825/UBNA_002/20220823_033000.WAV,Telephone Field,recover-20220825,002,1795
528.2815,528.3258,68437,83600,Rhinolophus ferrumequinum,0.031,0.031,-1,Echolocation,/mnt/ubna_data_01_mir/recover-20220825/UBNA_002/20220823_033000.WAV,Telephone Field,recover-20220825,002,1795
528.2825,528.2918,40078,45919,Pipistrellus nathusii,0.038,0.057,-1,Echolocation,/mnt/ubna_data_01_mir/recover-20220825/UBNA_002/20220823_033000.WAV,Telephone Field,recover-20220825,002,1795
528.3105,528.3203,22890,29723,Nyctalus leisleri,0.007,0.024,-1,Echolocation,/mnt/ubna_data_01_mir/recover-20220825/UBNA_002/20220823_033000.WAV,Telephone Field,recover-20220825,002,1795
528.3255,528.3319,44375,54899,Pipistrellus nathusii,0.017,0.055,-1,Echolocation,/mnt/ubna_data_01_mir/recover-20220825/UBNA_002/20220823_033000.WAV,Telephone Field,recover-20220825,002,1795
528.3265,528.3323,38359,60231,Myotis brandtii,0.025,0.047,-1,Echolocation,/mnt/ubna_data_01_mir/recover-20220825/UBNA_002/20220823_033000.WAV,Telephone Field,recover-20220825,002,1795
528.3275,528.3642,68437,81658,Rhinolophus ferrumequinum,0.023,0.023,-1,Echolocation,/mnt/ubna_data_01_mir/recover-20220825/UBNA_002/20220823_033000.WAV,Telephone Field,recover-20220825,002,1795
528.3355,528.3418,26328,36037,Myotis daubentonii,0.008,0.028,-1,Echolocation,/mnt/ubna_data_01_mir/recover-20220825/UBNA_002/20220823_033000.WAV,Telephone Field,recover-20220825,002,1795
528.3425,528.3821,68437,82144,Rhinolophus ferrumequinum,0.026,0.026,-1,Echolocation,/mnt/ubna_data_01_mir/recover-20220825/UBNA_002/20220823_033000.WAV,Telephone Field,recover-20220825,002,1795
528.3935,528.402,27187,36196,Eptesicus serotinus,0.008,0.025,-1,Echolocation,/mnt/ubna_data_01_mir/recover-20220825/UBNA_002/20220823_033000.WAV,Telephone Field,recover-20220825,002,1795
528.4155,528.4212,31484,54658,Myotis daubentonii,0.025,0.038,-1,Echolocation,/mnt/ubna_data_01_mir/recover-20220825/UBNA_002/20220823_033000.WAV,Telephone Field,recover-20220825,002,1795
528.4285,528.4408,40078,44571,Pipistrellus nathusii,0.032,0.04,-1,Echolocation,/mnt/ubna_data_01_mir/recover-20220825/UBNA_002/20220823_033000.WAV,Telephone Field,recover-20220825,002,1795
528.4645,528.4723,26328,36335,Eptesicus serotinus,0.008,0.024,-1,Echolocation,/mnt/ubna_data_01_mir/recover-20220825/UBNA_002/20220823_033000.WAV,Telephone Field,recover-20220825,002,1795
528.4895,528.4973,46953,54119,Pipistrellus pipistrellus,0.02,0.023,-1,Echolocation,/mnt/ubna_data_01_mir/recover-20220825/UBNA_002/20220823_033000.WAV,Telephone Field,recover-20220825,002,1795
528.4905,528.4981,25468,35602,Eptesicus serotinus,0.008,0.031,-1,Echolocation,/mnt/ubna_data_01_mir/recover-20220825/UBNA_002/20220823_033000.WAV,Telephone Field,recover-20220825,002,1795
528.5405,528.5566,15156,20344,Nyctalus noctula,0.017,0.025,-1,Echolocation,/mnt/ubna_data_01_mir/recover-20220825/UBNA_002/20220823_033000.WAV,Telephone Field,recover-20220825,002,1795
528.5575,528.5651,27187,36351,Eptesicus serotinus,0.006,0.023,-1,Echolocation,/mnt/ubna_data_01_mir/recover-20220825/UBNA_002/20220823_033000.WAV,Telephone Field,recover-20220825,002,1795
528.5915,528.5994,46093,55367,Pipistrellus pipistrellus,0.013,0.026,-1,Echolocation,/mnt/ubna_data_01_mir/recover-20220825/UBNA_002/20220823_033000.WAV,Telephone Field,recover-20220825,002,1795
528.5935,528.6275,68437,80837,Rhinolophus ferrumequinum,0.024,0.024,-1,Echolocation,/mnt/ubna_data_01_mir/recover-20220825/UBNA_002/20220823_033000.WAV,Telephone Field,recover-20220825,002,1795
528.5935,528.6003,28046,44389,Myotis daubentonii,0.015,0.025,-1,Echolocation,/mnt/ubna_data_01_mir/recover-20220825/UBNA_002/20220823_033000.WAV,Telephone Field,recover-20220825,002,1795
528.6115,528.6172,30625,49575,Myotis daubentonii,0.025,0.035,-1,Echolocation,/mnt/ubna_data_01_mir/recover-20220825/UBNA_002/20220823_033000.WAV,Telephone Field,recover-20220825,002,1795
528.6205,528.627,57265,62253,Pipistrellus pygmaeus,0.023,0.023,-1,Echolocation,/mnt/ubna_data_01_mir/recover-20220825/UBNA_002/20220823_033000.WAV,Telephone Field,recover-20220825,002,1795
528.6455,528.6588,21171,25200,Nyctalus leisleri,0.012,0.023,-1,Echolocation,/mnt/ubna_data_01_mir/recover-20220825/UBNA_002/20220823_033000.WAV,Telephone Field,recover-20220825,002,1795
528.6645,528.67,34062,46051,Myotis daubentonii,0.033,0.048,-1,Echolocation,/mnt/ubna_data_01_mir/recover-20220825/UBNA_002/20220823_033000.WAV,Telephone Field,recover-20220825,002,1795
528.6805,528.687,53828,58951,Pipistrellus pygmaeus,0.024,0.024,-1,Echolocation,/mnt/ubna_data_01_mir/recover-20220825/UBNA_002/20220823_033000.WAV,Telephone Field,recover-20220825,002,1795
528.7265,528.7341,44375,51275,Pipistrellus nathusii,0.049,0.091,-1,Echolocation,/mnt/ubna_data_01_mir/recover-20220825/UBNA_002/20220823_033000.WAV,Telephone Field,recover-20220825,002,1795
528.7275,528.733,40078,53525,Myotis daubentonii,0.045,0.085,-1,Echolocation,/mnt/ubna_data_01_mir/recover-20220825/UBNA_002/20220823_033000.WAV,Telephone Field,recover-20220825,002,1795
528.7445,528.752,39218,46917,Pipistrellus nathusii,0.015,0.035,-1,Echolocation,/mnt/ubna_data_01_mir/recover-20220825/UBNA_002/20220823_033000.WAV,Telephone Field,recover-20220825,002,1795
528.7465,528.7539,28906,45487,Myotis daubentonii,0.026,0.045,-1,Echolocation,/mnt/ubna_data_01_mir/recover-20220825/UBNA_002/20220823_033000.WAV,Telephone Field,recover-20220825,002,1795
528.7835,528.7893,42656,50624,Pipistrellus nathusii,0.298,0.43,-1,Echolocation,/mnt/ubna_data_01_mir/recover-20220825/UBNA_002/20220823_033000.WAV,Telephone Field,recover-20220825,002,1795
528.8115,528.8193,26328,39080,Eptesicus serotinus,0.012,0.036,-1,Echolocation,/mnt/ubna_data_01_mir/recover-20220825/UBNA_002/20220823_033000.WAV,Telephone Field,recover-20220825,002,1795
528.8135,528.8537,68437,82562,Rhinolophus ferrumequinum,0.028,0.028,-1,Echolocation,/mnt/ubna_data_01_mir/recover-20220825/UBNA_002/20220823_033000.WAV,Telephone Field,recover-20220825,002,1795
528.8325,528.8464,22890,27066,Nyctalus leisleri,0.013,0.023,-1,Echolocation,/mnt/ubna_data_01_mir/recover-20220825/UBNA_002/20220823_033000.WAV,Telephone Field,recover-20220825,002,1795
528.8555,528.8932,68437,81194,Rhinolophus ferrumequinum,0.025,0.025,-1,Echolocation,/mnt/ubna_data_01_mir/recover-20220825/UBNA_002/20220823_033000.WAV,Telephone Field,recover-20220825,002,1795
528.8575,528.8644,40937,50505,Pipistrellus nathusii,0.127,0.281,-1,Echolocation,/mnt/ubna_data_01_mir/recover-20220825/UBNA_002/20220823_033000.WAV,Telephone Field,recover-20220825,002,1795
528.9255,528.9635,68437,81929,Rhinolophus ferrumequinum,0.023,0.023,-1,Echolocation,/mnt/ubna_data_01_mir/recover-20220825/UBNA_002/20220823_033000.WAV,Telephone Field,recover-20220825,002,1795
528.9295,528.9395,27187,35344,Eptesicus serotinus,0.009,0.024,-1,Echolocation,/mnt/ubna_data_01_mir/recover-20220825/UBNA_002/20220823_033000.WAV,Telephone Field,recover-20220825,002,1795
528.9405,528.9464,32343,48396,Myotis daubentonii,0.019,0.03,-1,Echolocation,/mnt/ubna_data_01_mir/recover-20220825/UBNA_002/20220823_033000.WAV,Telephone Field,recover-20220825,002,1795
528.9715,528.9792,26328,35689,Eptesicus serotinus,0.007,0.024,-1,Echolocation,/mnt/ubna_data_01_mir/recover-20220825/UBNA_002/20220823_033000.WAV,Telephone Field,recover-20220825,002,1795
528.9725,529.008,68437,81009,Rhinolophus ferrumequinum,0.031,0.031,-1,Echolocation,/mnt/ubna_data_01_mir/recover-20220825/UBNA_002/20220823_033000.WAV,Telephone Field,recover-20220825,002,1795
529.0085,529.0152,27187,37342,Eptesicus serotinus,0.008,0.031,-1,Echolocation,/mnt/ubna_data_01_mir/recover-20220825/UBNA_002/20220823_033000.WAV,Telephone Field,recover-20220825,002,1795
529.0565,529.063,39218,48880,Pipistrellus nathusii,0.278,0.492,-1,Echolocation,/mnt/ubna_data_01_mir/recover-20220825/UBNA_002/20220823_033000.WAV,Telephone Field,recover-20220825,002,1795
529.0585,529.0638,29765,52542,Myotis daubentonii,0.077,0.1,-1,Echolocation,/mnt/ubna_data_01_mir/recover-20220825/UBNA_002/20220823_033000.WAV,Telephone Field,recover-20220825,002,1795
529.0915,529.1,26328,38134,Eptesicus serotinus,0.009,0.023,-1,Echolocation,/mnt/ubna_data_01_mir/recover-20220825/UBNA_002/20220823_033000.WAV,Telephone Field,recover-20220825,002,1795
529.1225,529.1279,40078,49917,Pipistrellus nathusii,0.201,0.481,-1,Echolocation,/mnt/ubna_data_01_mir/recover-20220825/UBNA_002/20220823_033000.WAV,Telephone Field,recover-20220825,002,1795
529.1755,529.1814,38359,50943,Pipistrellus nathusii,0.144,0.417,-1,Echolocation,/mnt/ubna_data_01_mir/recover-20220825/UBNA_002/20220823_033000.WAV,Telephone Field,recover-20220825,002,1795
529.1995,529.2092,28046,36941,Eptesicus serotinus,0.009,0.023,-1,Echolocation,/mnt/ubna_data_01_mir/recover-20220825/UBNA_002/20220823_033000.WAV,Telephone Field,recover-20220825,002,1795
529.2325,529.238,39218,53020,Myotis daubentonii,0.157,0.477,-1,Echolocation,/mnt/ubna_data_01_mir/recover-20220825/UBNA_002/20220823_033000.WAV,Telephone Field,recover-20220825,002,1795
529.2785,529.2881,36640,42570,Pipistrellus nathusii,0.013,0.027,-1,Echolocation,/mnt/ubna_data_01_mir/recover-20220825/UBNA_002/20220823_033000.WAV,Telephone Field,recover-20220825,002,1795
529.2805,529.288,27187,36710,Eptesicus serotinus,0.008,0.026,-1,Echolocation,/mnt/ubna_data_01_mir/recover-20220825/UBNA_002/20220823_033000.WAV,Telephone Field,recover-20220825,002,1795
529.2975,529.3033,38359,50890,Pipistrellus nathusii,0.166,0.456,-1,Echolocation,/mnt/ubna_data_01_mir/recover-20220825/UBNA_002/20220823_033000.WAV,Telephone Field,recover-20220825,002,1795
529.3055,529.3116,29765,40791,Myotis daubentonii,0.017,0.023,-1,Echolocation,/mnt/ubna_data_01_mir/recover-20220825/UBNA_002/20220823_033000.WAV,Telephone Field,recover-20220825,002,1795
529.3145,529.322,26328,35469,Eptesicus serotinus,0.007,0.023,-1,Echolocation,/mnt/ubna_data_01_mir/recover-20220825/UBNA_002/20220823_033000.WAV,Telephone Field,recover-20220825,002,1795
529.3595,529.3664,40937,50211,Pipistrellus nathusii,0.407,0.486,-1,Echolocation,/mnt/ubna_data_01_mir/recover-20220825/UBNA_002/20220823_033000.WAV,Telephone Field,recover-20220825,002,1795
529.3895,529.396,26328,37879,Myotis daubentonii,0.006,0.024,-1,Echolocation,/mnt/ubna_data_01_mir/recover-20220825/UBNA_002/20220823_033000.WAV,Telephone Field,recover-20220825,002,1795
529.4045,529.412,47812,53431,Pipistrellus pipistrellus,0.023,0.03,-1,Echolocation,/mnt/ubna_data_01_mir/recover-20220825/UBNA_002/20220823_033000.WAV,Telephone Field,recover-20220825,002,1795
529.4145,529.4492,68437,81386,Rhinolophus ferrumequinum,0.024,0.024,-1,Echolocation,/mnt/ubna_data_01_mir/recover-20220825/UBNA_002/20220823_033000.WAV,Telephone Field,recover-20220825,002,1795
529.4225,529.4285,39218,52656,Pipistrellus nathusii,0.237,0.518,-1,Echolocation,/mnt/ubna_data_01_mir/recover-20220825/UBNA_002/20220823_033000.WAV,Telephone Field,recover-20220825,002,1795
529.4855,529.4908,39218,52078,Pipistrellus nathusii,0.167,0.444,-1,Echolocation,/mnt/ubna_data_01_mir/recover-20220825/UBNA_002/20220823_033000.WAV,Telephone Field,recover-20220825,002,1795
529.5505,529.5559,38359,52521,Pipistrellus nathusii,0.163,0.442,-1,Echolocation,/mnt/ubna_data_01_mir/recover-20220825/UBNA_002/20220823_033000.WAV,Telephone Field,recover-20220825,002,1795
529.5865,529.5955,22890,29954,Plecotus austriacus,0.009,0.028,-1,Echolocation,/mnt/ubna_data_01_mir/recover-20220825/UBNA_002/20220823_033000.WAV,Telephone Field,recover-20220825,002,1795
529.5985000000001,529.608,28046,36138,Eptesicus serotinus,0.012,0.03,-1,Echolocation,/mnt/ubna_data_01_mir/recover-20220825/UBNA_002/20220823_033000.WAV,Telephone Field,recover-20220825,002,1795
529.5995,529.6076,54687,58774,Pipistrellus pygmaeus,0.024,0.024,-1,Echolocation,/mnt/ubna_data_01_mir/recover-20220825/UBNA_002/20220823_033000.WAV,Telephone Field,recover-20220825,002,1795
529.6005,529.6423,68437,82668,Rhinolophus ferrumequinum,0.029,0.029,-1,Echolocation,/mnt/ubna_data_01_mir/recover-20220825/UBNA_002/20220823_033000.WAV,Telephone Field,recover-20220825,002,1795
529.6185,529.6242,40078,52089,Pipistrellus nathusii,0.338,0.52,-1,Echolocation,/mnt/ubna_data_01_mir/recover-20220825/UBNA_002/20220823_033000.WAV,Telephone Field,recover-20220825,002,1795
529.6495,529.6616,28046,34397,Eptesicus serotinus,0.023,0.041,-1,Echolocation,/mnt/ubna_data_01_mir/recover-20220825/UBNA_002/20220823_033000.WAV,Telephone Field,recover-20220825,002,1795
529.6825,529.6876,39218,51892,Myotis daubentonii,0.132,0.273,-1,Echolocation,/mnt/ubna_data_01_mir/recover-20220825/UBNA_002/20220823_033000.WAV,Telephone Field,recover-20220825,002,1795
529.7505,529.7598,23750,30683,Eptesicus serotinus,0.014,0.044,-1,Echolocation,/mnt/ubna_data_01_mir/recover-20220825/UBNA_002/20220823_033000.WAV,Telephone Field,recover-20220825,002,1795
529.7565,529.7623,40937,54689,Pipistrellus nathusii,0.355,0.564,-1,Echolocation,/mnt/ubna_data_01_mir/recover-20220825/UBNA_002/20220823_033000.WAV,Telephone Field,recover-20220825,002,1795
529.7575,529.7628,31484,61021,Myotis daubentonii,0.034,0.07,-1,Echolocation,/mnt/ubna_data_01_mir/recover-20220825/UBNA_002/20220823_033000.WAV,Telephone Field,recover-20220825,002,1795
529.8015,529.8089,25468,35396,Eptesicus serotinus,0.006,0.025,-1,Echolocation,/mnt/ubna_data_01_mir/recover-20220825/UBNA_002/20220823_033000.WAV,Telephone Field,recover-20220825,002,1795
529.8355,529.8413,40078,51594,Pipistrellus nathusii,0.331,0.559,-1,Echolocation,/mnt/ubna_data_01_mir/recover-20220825/UBNA_002/20220823_033000.WAV,Telephone Field,recover-20220825,002,1795
529.8435,529.85,30625,39796,Myotis daubentonii,0.018,0.027,-1,Echolocation,/mnt/ubna_data_01_mir/recover-20220825/UBNA_002/20220823_033000.WAV,Telephone Field,recover-20220825,002,1795
529.8825,529.8892,36640,46507,Myotis daubentonii,0.013,0.031,-1,Echolocation,/mnt/ubna_data_01_mir/recover-20220825/UBNA_002/20220823_033000.WAV,Telephone Field,recover-20220825,002,1795
529.8905,529.8987,30625,40615,Myotis daubentonii,0.011,0.023,-1,Echolocation,/mnt/ubna_data_01_mir/recover-20220825/UBNA_002/20220823_033000.WAV,Telephone Field,recover-20220825,002,1795
529.9075,529.9468,68437,81829,Rhinolophus ferrumequinum,0.024,0.024,-1,Echolocation,/mnt/ubna_data_01_mir/recover-20220825/UBNA_002/20220823_033000.WAV,Telephone Field,recover-20220825,002,1795
529.9175,529.9559,68437,82358,Rhinolophus ferrumequinum,0.025,0.025,-1,Echolocation,/mnt/ubna_data_01_mir/recover-20220825/UBNA_002/20220823_033000.WAV,Telephone Field,recover-20220825,002,1795
529.9215,529.9282,40937,51511,Pipistrellus nathusii,0.321,0.524,-1,Echolocation,/mnt/ubna_data_01_mir/recover-20220825/UBNA_002/20220823_033000.WAV,Telephone Field,recover-20220825,002,1795
529.9765,529.9842,29765,38958,Myotis daubentonii,0.012,0.028,-1,Echolocation,/mnt/ubna_data_01_mir/recover-20220825/UBNA_002/20220823_033000.WAV,Telephone Field,recover-20220825,002,1795
530.0015,530.0238,68437,78656,Rhinolophus ferrumequinum,0.025,0.026,-1,Echolocation,/mnt/ubna_data_01_mir/recover-20220825/UBNA_002/20220823_033000.WAV,Telephone Field,recover-20220825,002,1795
530.0015,530.0093,21171,28285,Nyctalus leisleri,0.006,0.025,-1,Echolocation,/mnt/ubna_data_01_mir/recover-20220825/UBNA_002/20220823_033000.WAV,Telephone Field,recover-20220825,002,1795
530.0025,530.0084,40078,54580,Pipistrellus nathusii,0.478,0.533,-1,Echolocation,/mnt/ubna_data_01_mir/recover-20220825/UBNA_002/20220823_033000.WAV,Telephone Field,recover-20220825,002,1795
530.0195,530.0595,68437,82928,Rhinolophus ferrumequinum,0.025,0.025,-1,Echolocation,/mnt/ubna_data_01_mir/recover-20220825/UBNA_002/20220823_033000.WAV,Telephone Field,recover-20220825,002,1795
530.0555,530.0648,27187,39333,Eptesicus serotinus,0.014,0.032,-1,Echolocation,/mnt/ubna_data_01_mir/recover-20220825/UBNA_002/20220823_033000.WAV,Telephone Field,recover-20220825,002,1795
530.0895,530.0954,40078,50883,Pipistrellus nathusii,0.155,0.433,-1,Echolocation,/mnt/ubna_data_01_mir/recover-20220825/UBNA_002/20220823_033000.WAV,Telephone Field,recover-20220825,002,1795
530.1455,530.1506,37500,53636,Myotis daubentonii,0.072,0.16,-1,Echolocation,/mnt/ubna_data_01_mir/recover-20220825/UBNA_002/20220823_033000.WAV,Telephone Field,recover-20220825,002,1795
530.1895,530.1999,26328,32713,Eptesicus serotinus,0.013,0.026,-1,Echolocation,/mnt/ubna_data_01_mir/recover-20220825/UBNA_002/20220823_033000.WAV,Telephone Field,recover-20220825,002,1795
530.2005,530.2072000000001,40937,50478,Pipistrellus nathusii,0.291,0.47,-1,Echolocation,/mnt/ubna_data_01_mir/recover-20220825/UBNA_002/20220823_033000.WAV,Telephone Field,recover-20220825,002,1795
530.2745,530.2805,40937,49285,Pipistrellus nathusii,0.183,0.373,-1,Echolocation,/mnt/ubna_data_01_mir/recover-20220825/UBNA_002/20220823_033000.WAV,Telephone Field,recover-20220825,002,1795
530.2855,530.2921,34921,51996,Myotis daubentonii,0.017,0.027,-1,Echolocation,/mnt/ubna_data_01_mir/recover-20220825/UBNA_002/20220823_033000.WAV,Telephone Field,recover-20220825,002,1795
530.2915,530.2989,27187,38169,Eptesicus serotinus,0.006,0.024,-1,Echolocation,/mnt/ubna_data_01_mir/recover-20220825/UBNA_002/20220823_033000.WAV,Telephone Field,recover-20220825,002,1795
530.3245,530.3371,15156,20817,Nyctalus noctula,0.018,0.029,-1,Echolocation,/mnt/ubna_data_01_mir/recover-20220825/UBNA_002/20220823_033000.WAV,Telephone Field,recover-20220825,002,1795
530.3375,530.3449,31484,43608,Myotis daubentonii,0.011,0.024,-1,Echolocation,/mnt/ubna_data_01_mir/recover-20220825/UBNA_002/20220823_033000.WAV,Telephone Field,recover-20220825,002,1795
530.3385,530.3451,26328,43453,Myotis daubentonii,0.007,0.024,-1,Echolocation,/mnt/ubna_data_01_mir/recover-20220825/UBNA_002/20220823_033000.WAV,Telephone Field,recover-20220825,002,1795
530.3625,530.3696,40078,50001,Pipistrellus nathusii,0.224,0.409,-1,Echolocation,/mnt/ubna_data_01_mir/recover-20220825/UBNA_002/20220823_033000.WAV,Telephone Field,recover-20220825,002,1795
530.3955,530.4035,25468,38128,Eptesicus serotinus,0.01,0.029,-1,Echolocation,/mnt/ubna_data_01_mir/recover-20220825/UBNA_002/20220823_033000.WAV,Telephone Field,recover-20220825,002,1795
530.3955,530.4018,34062,51575,Myotis brandtii,0.015,0.03,-1,Echolocation,/mnt/ubna_data_01_mir/recover-20220825/UBNA_002/20220823_033000.WAV,Telephone Field,recover-20220825,002,1795
530.4355,530.4437,42656,48415,Pipistrellus nathusii,0.098,0.146,-1,Echolocation,/mnt/ubna_data_01_mir/recover-20220825/UBNA_002/20220823_033000.WAV,Telephone Field,recover-20220825,002,1795
530.4815,530.4903,37500,44214,Pipistrellus nathusii,0.013,0.028,-1,Echolocation,/mnt/ubna_data_01_mir/recover-20220825/UBNA_002/20220823_033000.WAV,Telephone Field,recover-20220825,002,1795
530.5115,530.5195,26328,39320,Eptesicus serotinus,0.011,0.03,-1,Echolocation,/mnt/ubna_data_01_mir/recover-20220825/UBNA_002/20220823_033000.WAV,Telephone Field,recover-20220825,002,1795
530.5155,530.5212,36640,56690,Myotis brandtii,0.017,0.029,-1,Echolocation,/mnt/ubna_data_01_mir/recover-20220825/UBNA_002/20220823_033000.WAV,Telephone Field,recover-20220825,002,1795
530.5615,530.5696,42656,51811,Pipistrellus nathusii,0.025,0.043,-1,Echolocation,/mnt/ubna_data_01_mir/recover-20220825/UBNA_002/20220823_033000.WAV,Telephone Field,recover-20220825,002,1795
530.5625,530.5685,33203,51856,Myotis daubentonii,0.018,0.036,-1,Echolocation,/mnt/ubna_data_01_mir/recover-20220825/UBNA_002/20220823_033000.WAV,Telephone Field,recover-20220825,002,1795
530.5725,530.5803,41796,47685,Pipistrellus nathusii,0.016,0.032,-1,Echolocation,/mnt/ubna_data_01_mir/recover-20220825/UBNA_002/20220823_033000.WAV,Telephone Field,recover-20220825,002,1795
530.5755,530.582,28906,51678,Myotis daubentonii,0.013,0.024,-1,Echolocation,/mnt/ubna_data_01_mir/recover-20220825/UBNA_002/20220823_033000.WAV,Telephone Field,recover-20220825,002,1795
530.5835,530.5909,27187,38068,Eptesicus serotinus,0.007,0.024,-1,Echolocation,/mnt/ubna_data_01_mir/recover-20220825/UBNA_002/20220823_033000.WAV,Telephone Field,recover-20220825,002,1795
530.5975,530.604,40937,52228,Myotis brandtii,0.008,0.024,-1,Echolocation,/mnt/ubna_data_01_mir/recover-20220825/UBNA_002/20220823_033000.WAV,Telephone Field,recover-20220825,002,1795
530.6265,530.6322,35781,56595,Myotis brandtii,0.012,0.025,-1,Echolocation,/mnt/ubna_data_01_mir/recover-20220825/UBNA_002/20220823_033000.WAV,Telephone Field,recover-20220825,002,1795
530.6415,530.6806,68437,81592,Rhinolophus ferrumequinum,0.027,0.027,-1,Echolocation,/mnt/ubna_data_01_mir/recover-20220825/UBNA_002/20220823_033000.WAV,Telephone Field,recover-20220825,002,1795
530.6435,530.6543,22890,28218,Nyctalus leisleri,0.011,0.027,-1,Echolocation,/mnt/ubna_data_01_mir/recover-20220825/UBNA_002/20220823_033000.WAV,Telephone Field,recover-20220825,002,1795
530.6525,530.6906,68437,82855,Rhinolophus ferrumequinum,0.027,0.027,-1,Echolocation,/mnt/ubna_data_01_mir/recover-20220825/UBNA_002/20220823_033000.WAV,Telephone Field,recover-20220825,002,1795
530.6545,530.6607,39218,50431,Myotis daubentonii,0.016,0.037,-1,Echolocation,/mnt/ubna_data_01_mir/recover-20220825/UBNA_002/20220823_033000.WAV,Telephone Field,recover-20220825,002,1795
530.6555,530.6612,33203,51546,Myotis daubentonii,0.014,0.033,-1,Echolocation,/mnt/ubna_data_01_mir/recover-20220825/UBNA_002/20220823_033000.WAV,Telephone Field,recover-20220825,002,1795
530.6885,530.6984,25468,31864,Eptesicus serotinus,0.061,0.109,-1,Echolocation,/mnt/ubna_data_01_mir/recover-20220825/UBNA_002/20220823_033000.WAV,Telephone Field,recover-20220825,002,1795
530.7085,530.7159,41796,50798,Pipistrellus nathusii,0.013,0.031,-1,Echolocation,/mnt/ubna_data_01_mir/recover-20220825/UBNA_002/20220823_033000.WAV,Telephone Field,recover-20220825,002,1795
530.7115,530.7191,26328,35891,Eptesicus serotinus,0.009,0.028,-1,Echolocation,/mnt/ubna_data_01_mir/recover-20220825/UBNA_002/20220823_033000.WAV,Telephone Field,recover-20220825,002,1795
530.7185,530.7601,68437,82794,Rhinolophus ferrumequinum,0.026,0.026,-1,Echolocation,/mnt/ubna_data_01_mir/recover-20220825/UBNA_002/20220823_033000.WAV,Telephone Field,recover-20220825,002,1795
530.7685,530.7757,26328,43580,Eptesicus serotinus,0.008,0.025,-1,Echolocation,/mnt/ubna_data_01_mir/recover-20220825/UBNA_002/20220823_033000.WAV,Telephone Field,recover-20220825,002,1795
530.7705,530.7764,36640,56940,Myotis brandtii,0.014,0.026,-1,Echolocation,/mnt/ubna_data_01_mir/recover-20220825/UBNA_002/20220823_033000.WAV,Telephone Field,recover-20220825,002,1795
530.7915,530.8304,68437,82626,Rhinolophus ferrumequinum,0.024,0.024,-1,Echolocation,/mnt/ubna_data_01_mir/recover-20220825/UBNA_002/20220823_033000.WAV,Telephone Field,recover-20220825,002,1795
530.7965,530.8045,27187,40140,Eptesicus serotinus,0.009,0.024,-1,Echolocation,/mnt/ubna_data_01_mir/recover-20220825/UBNA_002/20220823_033000.WAV,Telephone Field,recover-20220825,002,1795
530.8295,530.8427,15156,22355,Nyctalus noctula,0.019,0.029,-1,Echolocation,/mnt/ubna_data_01_mir/recover-20220825/UBNA_002/20220823_033000.WAV,Telephone Field,recover-20220825,002,1795
530.8355,530.844,27187,36503,Eptesicus serotinus,0.011,0.026,-1,Echolocation,/mnt/ubna_data_01_mir/recover-20220825/UBNA_002/20220823_033000.WAV,Telephone Field,recover-20220825,002,1795
530.8415,530.8775,68437,81541,Rhinolophus ferrumequinum,0.026,0.026,-1,Echolocation,/mnt/ubna_data_01_mir/recover-20220825/UBNA_002/20220823_033000.WAV,Telephone Field,recover-20220825,002,1795
530.8535,530.8586,33203,50076,Myotis daubentonii,0.031,0.053,-1,Echolocation,/mnt/ubna_data_01_mir/recover-20220825/UBNA_002/20220823_033000.WAV,Telephone Field,recover-20220825,002,1795
530.8645,530.8719,44375,55020,Pipistrellus pipistrellus,0.009,0.026,-1,Echolocation,/mnt/ubna_data_01_mir/recover-20220825/UBNA_002/20220823_033000.WAV,Telephone Field,recover-20220825,002,1795
530.8715,530.8778,26328,41042,Eptesicus serotinus,0.008,0.032,-1,Echolocation,/mnt/ubna_data_01_mir/recover-20220825/UBNA_002/20220823_033000.WAV,Telephone Field,recover-20220825,002,1795
530.9005,530.9076,39218,51185,Myotis brandtii,0.011,0.024,-1,Echolocation,/mnt/ubna_data_01_mir/recover-20220825/UBNA_002/20220823_033000.WAV,Telephone Field,recover-20220825,002,1795
530.9125,530.9201,41796,51405,Pipistrellus nathusii,0.01,0.027,-1,Echolocation,/mnt/ubna_data_01_mir/recover-20220825/UBNA_002/20220823_033000.WAV,Telephone Field,recover-20220825,002,1795
530.9125,530.9534,68437,82752,Rhinolophus ferrumequinum,0.029,0.029,-1,Echolocation,/mnt/ubna_data_01_mir/recover-20220825/UBNA_002/20220823_033000.WAV,Telephone Field,recover-20220825,002,1795
530.9135,530.9234,28046,36536,Eptesicus serotinus,0.011,0.03,-1,Echolocation,/mnt/ubna_data_01_mir/recover-20220825/UBNA_002/20220823_033000.WAV,Telephone Field,recover-20220825,002,1795
530.9455,530.9523,40937,52661,Pipistrellus nathusii,0.1,0.224,-1,Echolocation,/mnt/ubna_data_01_mir/recover-20220825/UBNA_002/20220823_033000.WAV,Telephone Field,recover-20220825,002,1795
530.9745,530.9833,24609,32733,Eptesicus serotinus,0.014,0.039,-1,Echolocation,/mnt/ubna_data_01_mir/recover-20220825/UBNA_002/20220823_033000.WAV,Telephone Field,recover-20220825,002,1795
530.9965,531.0046,25468,33863,Eptesicus serotinus,0.007,0.024,-1,Echolocation,/mnt/ubna_data_01_mir/recover-20220825/UBNA_002/20220823_033000.WAV,Telephone Field,recover-20220825,002,1795
530.9995,531.0063,35781,53531,Myotis brandtii,0.011,0.025,-1,Echolocation,/mnt/ubna_data_01_mir/recover-20220825/UBNA_002/20220823_033000.WAV,Telephone Field,recover-20220825,002,1795
531.0035,531.0118,41796,48953,Pipistrellus nathusii,0.022,0.037,-1,Echolocation,/mnt/ubna_data_01_mir/recover-20220825/UBNA_002/20220823_033000.WAV,Telephone Field,recover-20220825,002,1795
531.0065,531.0141,26328,39499,Eptesicus serotinus,0.007,0.023,-1,Echolocation,/mnt/ubna_data_01_mir/recover-20220825/UBNA_002/20220823_033000.WAV,Telephone Field,recover-20220825,002,1795
531.0325,531.0396,39218,49292,Pipistrellus nathusii,0.289,0.473,-1,Echolocation,/mnt/ubna_data_01_mir/recover-20220825/UBNA_002/20220823_033000.WAV,Telephone Field,recover-20220825,002,1795
531.0565,531.0648,28046,42179,Eptesicus serotinus,0.009,0.025,-1,Echolocation,/mnt/ubna_data_01_mir/recover-20220825/UBNA_002/20220823_033000.WAV,Telephone Field,recover-20220825,002,1795
531.0615,531.1009,68437,82475,Rhinolophus ferrumequinum,0.023,0.023,-1,Echolocation,/mnt/ubna_data_01_mir/recover-20220825/UBNA_002/20220823_033000.WAV,Telephone Field,recover-20220825,002,1795
531.0705,531.0785,28046,37284,Eptesicus serotinus,0.009,0.025,-1,Echolocation,/mnt/ubna_data_01_mir/recover-20220825/UBNA_002/20220823_033000.WAV,Telephone Field,recover-20220825,002,1795
531.0935,531.1007,42656,49750,Pipistrellus nathusii,0.338,0.401,-1,Echolocation,/mnt/ubna_data_01_mir/recover-20220825/UBNA_002/20220823_033000.WAV,Telephone Field,recover-20220825,002,1795
531.1225,531.1335,23750,29733,Nyctalus leisleri,0.01,0.026,-1,Echolocation,/mnt/ubna_data_01_mir/recover-20220825/UBNA_002/20220823_033000.WAV,Telephone Field,recover-20220825,002,1795
531.1455,531.155,27187,41316,Eptesicus serotinus,0.011,0.026,-1,Echolocation,/mnt/ubna_data_01_mir/recover-20220825/UBNA_002/20220823_033000.WAV,Telephone Field,recover-20220825,002,1795
531.1545,531.1611,32343,45137,Myotis daubentonii,0.011,0.026,-1,Echolocation,/mnt/ubna_data_01_mir/recover-20220825/UBNA_002/20220823_033000.WAV,Telephone Field,recover-20220825,002,1795
531.1575,531.1661,28046,39435,Eptesicus serotinus,0.01,0.027,-1,Echolocation,/mnt/ubna_data_01_mir/recover-20220825/UBNA_002/20220823_033000.WAV,Telephone Field,recover-20220825,002,1795
531.1995,531.2061,40937,54396,Pipistrellus nathusii,0.273,0.456,-1,Echolocation,/mnt/ubna_data_01_mir/recover-20220825/UBNA_002/20220823_033000.WAV,Telephone Field,recover-20220825,002,1795
531.2005,531.2066,27187,51672,Myotis daubentonii,0.028,0.043,-1,Echolocation,/mnt/ubna_data_01_mir/recover-20220825/UBNA_002/20220823_033000.WAV,Telephone Field,recover-20220825,002,1795
531.2355,531.2472,28046,32872,Eptesicus serotinus,0.015,0.032,-1,Echolocation,/mnt/ubna_data_01_mir/recover-20220825/UBNA_002/20220823_033000.WAV,Telephone Field,recover-20220825,002,1795
531.2515,531.2573,39218,54096,Myotis daubentonii,0.089,0.211,-1,Echolocation,/mnt/ubna_data_01_mir/recover-20220825/UBNA_002/20220823_033000.WAV,Telephone Field,recover-20220825,002,1795
531.2525,531.2582,29765,62315,Myotis daubentonii,0.038,0.077,-1,Echolocation,/mnt/ubna_data_01_mir/recover-20220825/UBNA_002/20220823_033000.WAV,Telephone Field,recover-20220825,002,1795
531.2655,531.2747,27187,34929,Eptesicus serotinus,0.009,0.023,-1,Echolocation,/mnt/ubna_data_01_mir/recover-20220825/UBNA_002/20220823_033000.WAV,Telephone Field,recover-20220825,002,1795
531.3005,531.3062,40937,51639,Pipistrellus nathusii,0.177,0.421,-1,Echolocation,/mnt/ubna_data_01_mir/recover-20220825/UBNA_002/20220823_033000.WAV,Telephone Field,recover-20220825,002,1795
531.3525,531.3571,40078,53183,Myotis daubentonii,0.152,0.359,-1,Echolocation,/mnt/ubna_data_01_mir/recover-20220825/UBNA_002/20220823_033000.WAV,Telephone Field,recover-20220825,002,1795
531.3885,531.3953,28046,36715,Eptesicus serotinus,0.007,0.023,-1,Echolocation,/mnt/ubna_data_01_mir/recover-20220825/UBNA_002/20220823_033000.WAV,Telephone Field,recover-20220825,002,1795
531.4025,531.4077,40078,52628,Myotis daubentonii,0.151,0.376,-1,Echolocation,/mnt/ubna_data_01_mir/recover-20220825/UBNA_002/20220823_033000.WAV,Telephone Field,recover-20220825,002,1795
531.4105,531.4167,37500,48353,Myotis daubentonii,0.013,0.025,-1,Echolocation,/mnt/ubna_data_01_mir/recover-20220825/UBNA_002/20220823_033000.WAV,Telephone Field,recover-20220825,002,1795
531.4555,531.4613,40937,53542,Pipistrellus nathusii,0.141,0.364,-1,Echolocation,/mnt/ubna_data_01_mir/recover-20220825/UBNA_002/20220823_033000.WAV,Telephone Field,recover-20220825,002,1795
531.5025,531.5076,40078,55260,Myotis brandtii,0.159,0.436,-1,Echolocation,/mnt/ubna_data_01_mir/recover-20220825/UBNA_002/20220823_033000.WAV,Telephone Field,recover-20220825,002,1795
531.5145,531.5239,27187,33903,Eptesicus serotinus,0.008,0.024,-1,Echolocation,/mnt/ubna_data_01_mir/recover-20220825/UBNA_002/20220823_033000.WAV,Telephone Field,recover-20220825,002,1795
531.5405,531.5778,68437,81888,Rhinolophus ferrumequinum,0.023,0.023,-1,Echolocation,/mnt/ubna_data_01_mir/recover-20220825/UBNA_002/20220823_033000.WAV,Telephone Field,recover-20220825,002,1795
531.5505,531.5559,40937,55426,Pipistrellus nathusii,0.287,0.499,-1,Echolocation,/mnt/ubna_data_01_mir/recover-20220825/UBNA_002/20220823_033000.WAV,Telephone Field,recover-20220825,002,1795
531.5505,531.5559,29765,72054,Myotis brandtii,0.038,0.08,-1,Echolocation,/mnt/ubna_data_01_mir/recover-20220825/UBNA_002/20220823_033000.WAV,Telephone Field,recover-20220825,002,1795
531.6085,531.6143,40937,58334,Pipistrellus nathusii,0.22,0.47,-1,Echolocation,/mnt/ubna_data_01_mir/recover-20220825/UBNA_002/20220823_033000.WAV,Telephone Field,recover-20220825,002,1795
531.6175,531.625,26328,34533,Eptesicus serotinus,0.006,0.023,-1,Echolocation,/mnt/ubna_data_01_mir/recover-20220825/UBNA_002/20220823_033000.WAV,Telephone Field,recover-20220825,002,1795
531.6615,531.6668999999999,40078,55598,Pipistrellus nathusii,0.262,0.466,-1,Echolocation,/mnt/ubna_data_01_mir/recover-20220825/UBNA_002/20220823_033000.WAV,Telephone Field,recover-20220825,002,1795
531.7005,531.7101,28046,34528,Eptesicus serotinus,0.01,0.024,-1,Echolocation,/mnt/ubna_data_01_mir/recover-20220825/UBNA_002/20220823_033000.WAV,Telephone Field,recover-20220825,002,1795
531.7135,531.7192,40078,58015,Myotis brandtii,0.177,0.423,-1,Echolocation,/mnt/ubna_data_01_mir/recover-20220825/UBNA_002/20220823_033000.WAV,Telephone Field,recover-20220825,002,1795
531.7535,531.7616,27187,37809,Eptesicus serotinus,0.008,0.023,-1,Echolocation,/mnt/ubna_data_01_mir/recover-20220825/UBNA_002/20220823_033000.WAV,Telephone Field,recover-20220825,002,1795
531.7875,531.7929,40937,57191,Pipistrellus nathusii,0.264,0.447,-1,Echolocation,/mnt/ubna_data_01_mir/recover-20220825/UBNA_002/20220823_033000.WAV,Telephone Field,recover-20220825,002,1795
531.8365,531.8459,27187,36820,Eptesicus serotinus,0.014,0.032,-1,Echolocation,/mnt/ubna_data_01_mir/recover-20220825/UBNA_002/20220823_033000.WAV,Telephone Field,recover-20220825,002,1795
531.8535,531.8614,26328,39753,Eptesicus serotinus,0.008,0.024,-1,Echolocation,/mnt/ubna_data_01_mir/recover-20220825/UBNA_002/20220823_033000.WAV,Telephone Field,recover-20220825,002,1795
531.8595,531.8681,28046,36425,Eptesicus serotinus,0.01,0.025,-1,Echolocation,/mnt/ubna_data_01_mir/recover-20220825/UBNA_002/20220823_033000.WAV,Telephone Field,recover-20220825,002,1795
531.8775,531.8831,38359,58069,Myotis brandtii,0.184,0.452,-1,Echolocation,/mnt/ubna_data_01_mir/recover-20220825/UBNA_002/20220823_033000.WAV,Telephone Field,recover-20220825,002,1795
531.9265,531.9341,27187,34606,Eptesicus serotinus,0.009,0.025,-1,Echolocation,/mnt/ubna_data_01_mir/recover-20220825/UBNA_002/20220823_033000.WAV,Telephone Field,recover-20220825,002,1795
531.9365,531.9417,40937,59886,Pipistrellus nathusii,0.179,0.417,-1,Echolocation,/mnt/ubna_data_01_mir/recover-20220825/UBNA_002/20220823_033000.WAV,Telephone Field,recover-20220825,002,1795
531.9855,531.9912,39218,54845,Myotis brandtii,0.119,0.332,-1,Echolocation,/mnt/ubna_data_01_mir/recover-20220825/UBNA_002/20220823_033000.WAV,Telephone Field,recover-20220825,002,1795
532.0015,532.034,68437,80794,Rhinolophus ferrumequinum,0.033,0.034,-1,Echolocation,/mnt/ubna_data_01_mir/recover-20220825/UBNA_002/20220823_033000.WAV,Telephone Field,recover-20220825,002,1795
532.0015,532.0107,21171,26939,Nyctalus leisleri,0.009,0.025,-1,Echolocation,/mnt/ubna_data_01_mir/recover-20220825/UBNA_002/20220823_033000.WAV,Telephone Field,recover-20220825,002,1795
532.0015,532.0101,45234,54389,Pipistrellus pipistrellus,0.016,0.028,-1,Echolocation,/mnt/ubna_data_01_mir/recover-20220825/UBNA_002/20220823_033000.WAV,Telephone Field,recover-20220825,002,1795
532.0395,532.0459,40937,54000,Pipistrellus nathusii,0.367,0.468,-1,Echolocation,/mnt/ubna_data_01_mir/recover-20220825/UBNA_002/20220823_033000.WAV,Telephone Field,recover-20220825,002,1795
532.0405,532.0509,15156,22882,Nyctalus noctula,0.01,0.025,-1,Echolocation,/mnt/ubna_data_01_mir/recover-20220825/UBNA_002/20220823_033000.WAV,Telephone Field,recover-20220825,002,1795
532.0495,532.0601,31484,36901,Myotis daubentonii,0.008,0.03,-1,Echolocation,/mnt/ubna_data_01_mir/recover-20220825/UBNA_002/20220823_033000.WAV,Telephone Field,recover-20220825,002,1795
532.0585,532.0666,49531,57044,Pipistrellus pipistrellus,0.023,0.028,-1,Echolocation,/mnt/ubna_data_01_mir/recover-20220825/UBNA_002/20220823_033000.WAV,Telephone Field,recover-20220825,002,1795
532.0865,532.093,40937,52303,Pipistrellus nathusii,0.304,0.44,-1,Echolocation,/mnt/ubna_data_01_mir/recover-20220825/UBNA_002/20220823_033000.WAV,Telephone Field,recover-20220825,002,1795
532.0985000000001,532.1334,68437,80987,Rhinolophus ferrumequinum,0.023,0.024,-1,Echolocation,/mnt/ubna_data_01_mir/recover-20220825/UBNA_002/20220823_033000.WAV,Telephone Field,recover-20220825,002,1795
532.1355,532.1447000000001,16015,23493,Nyctalus noctula,0.009,0.022,-1,Echolocation,/mnt/ubna_data_01_mir/recover-20220825/UBNA_002/20220823_033000.WAV,Telephone Field,recover-20220825,002,1795
532.1425,532.1478,28906,80872,Myotis bechsteinii,0.062,0.118,-1,Echolocation,/mnt/ubna_data_01_mir/recover-20220825/UBNA_002/20220823_033000.WAV,Telephone Field,recover-20220825,002,1795
532.1435,532.1494,40078,59277,Pipistrellus nathusii,0.355,0.456,-1,Echolocation,/mnt/ubna_data_01_mir/recover-20220825/UBNA_002/20220823_033000.WAV,Telephone Field,recover-20220825,002,1795
532.2225,532.2287,40078,59172,Pipistrellus nathusii,0.375,0.432,-1,Echolocation,/mnt/ubna_data_01_mir/recover-20220825/UBNA_002/20220823_033000.WAV,Telephone Field,recover-20220825,002,1795
532.2315,532.242,27187,33867,Eptesicus serotinus,0.012,0.032,-1,Echolocation,/mnt/ubna_data_01_mir/recover-20220825/UBNA_002/20220823_033000.WAV,Telephone Field,recover-20220825,002,1795
532.2625,532.2719,22890,29132,Plecotus austriacus,0.008,0.028,-1,Echolocation,/mnt/ubna_data_01_mir/recover-20220825/UBNA_002/20220823_033000.WAV,Telephone Field,recover-20220825,002,1795
532.3145,532.322,49531,54584,Pipistrellus pipistrellus,0.016,0.029,-1,Echolocation,/mnt/ubna_data_01_mir/recover-20220825/UBNA_002/20220823_033000.WAV,Telephone Field,recover-20220825,002,1795
532.3165,532.3234,40078,60603,Pipistrellus nathusii,0.554,0.617,-1,Echolocation,/mnt/ubna_data_01_mir/recover-20220825/UBNA_002/20220823_033000.WAV,Telephone Field,recover-20220825,002,1795
532.3195,532.3322000000001,19453,31155,Nyctalus noctula,0.01,0.023,-1,Echolocation,/mnt/ubna_data_01_mir/recover-20220825/UBNA_002/20220823_033000.WAV,Telephone Field,recover-20220825,002,1795
532.3245,532.3309,27187,37611,Eptesicus serotinus,0.006,0.022,-1,Echolocation,/mnt/ubna_data_01_mir/recover-20220825/UBNA_002/20220823_033000.WAV,Telephone Field,recover-20220825,002,1795
532.3295,532.3621,68437,81104,Rhinolophus ferrumequinum,0.024,0.024,-1,Echolocation,/mnt/ubna_data_01_mir/recover-20220825/UBNA_002/20220823_033000.WAV,Telephone Field,recover-20220825,002,1795
532.3715,532.3771,41796,58629,Pipistrellus nathusii,0.506,0.53,-1,Echolocation,/mnt/ubna_data_01_mir/recover-20220825/UBNA_002/20220823_033000.WAV,Telephone Field,recover-20220825,002,1795
532.3725,532.3785,30625,67633,Myotis brandtii,0.023,0.058,-1,Echolocation,/mnt/ubna_data_01_mir/recover-20220825/UBNA_002/20220823_033000.WAV,Telephone Field,recover-20220825,002,1795
532.3805,532.3889,28046,36961,Eptesicus serotinus,0.008,0.023,-1,Echolocation,/mnt/ubna_data_01_mir/recover-20220825/UBNA_002/20220823_033000.WAV,Telephone Field,recover-20220825,002,1795
532.4115,532.4182,27187,35063,Eptesicus serotinus,0.007,0.023,-1,Echolocation,/mnt/ubna_data_01_mir/recover-20220825/UBNA_002/20220823_033000.WAV,Telephone Field,recover-20220825,002,1795
532.4235,532.4292,30625,65614,Myotis brandtii,0.019,0.033,-1,Echolocation,/mnt/ubna_data_01_mir/recover-20220825/UBNA_002/20220823_033000.WAV,Telephone Field,recover-20220825,002,1795
532.4245,532.431,41796,56941,Pipistrellus nathusii,0.701,0.719,-1,Echolocation,/mnt/ubna_data_01_mir/recover-20220825/UBNA_002/20220823_033000.WAV,Telephone Field,recover-20220825,002,1795
532.4455,532.4825,68437,82319,Rhinolophus ferrumequinum,0.027,0.027,-1,Echolocation,/mnt/ubna_data_01_mir/recover-20220825/UBNA_002/20220823_033000.WAV,Telephone Field,recover-20220825,002,1795
532.4885,532.4976,54687,60151,Pipistrellus pygmaeus,0.025,0.026,-1,Echolocation,/mnt/ubna_data_01_mir/recover-20220825/UBNA_002/20220823_033000.WAV,Telephone Field,recover-20220825,002,1795
532.4885,532.494,38359,58904,Myotis brandtii,0.012,0.026,-1,Echolocation,/mnt/ubna_data_01_mir/recover-20220825/UBNA_002/20220823_033000.WAV,Telephone Field,recover-20220825,002,1795
532.4945,532.5064,54687,62413,Pipistrellus pygmaeus,0.022,0.022,-1,Echolocation,/mnt/ubna_data_01_mir/recover-20220825/UBNA_002/20220823_033000.WAV,Telephone Field,recover-20220825,002,1795
532.5025,532.5088,40078,60230,Pipistrellus nathusii,0.455,0.524,-1,Echolocation,/mnt/ubna_data_01_mir/recover-20220825/UBNA_002/20220823_033000.WAV,Telephone Field,recover-20220825,002,1795
532.5035,532.5103,48671,53725,Pipistrellus pipistrellus,0.019,0.032,-1,Echolocation,/mnt/ubna_data_01_mir/recover-20220825/UBNA_002/20220823_033000.WAV,Telephone Field,recover-20220825,002,1795
532.5115,532.517,31484,45031,Myotis daubentonii,0.011,0.023,-1,Echolocation,/mnt/ubna_data_01_mir/recover-20220825/UBNA_002/20220823_033000.WAV,Telephone Field,recover-20220825,002,1795
532.5165,532.5481,68437,81230,Rhinolophus ferrumequinum,0.023,0.023,-1,Echolocation,/mnt/ubna_data_01_mir/recover-20220825/UBNA_002/20220823_033000.WAV,Telephone Field,recover-20220825,002,1795
532.5405,532.5476,53828,58719,Pipistrellus pygmaeus,0.03,0.031,-1,Echolocation,/mnt/ubna_data_01_mir/recover-20220825/UBNA_002/20220823_033000.WAV,Telephone Field,recover-20220825,002,1795
532.5685,532.5768,41796,50521,Pipistrellus nathusii,0.008,0.023,-1,Echolocation,/mnt/ubna_data_01_mir/recover-20220825/UBNA_002/20220823_033000.WAV,Telephone Field,recover-20220825,002,1795
532.5845,532.6046,20312,24080,Nyctalus leisleri,0.012,0.027,-1,Echolocation,/mnt/ubna_data_01_mir/recover-20220825/UBNA_002/20220823_033000.WAV,Telephone Field,recover-20220825,002,1795
532.5925,532.5992,40078,58200,Pipistrellus nathusii,0.59,0.618,-1,Echolocation,/mnt/ubna_data_01_mir/recover-20220825/UBNA_002/20220823_033000.WAV,Telephone Field,recover-20220825,002,1795
532.5925,532.5981,30625,70977,Myotis bechsteinii,0.032,0.074,-1,Echolocation,/mnt/ubna_data_01_mir/recover-20220825/UBNA_002/20220823_033000.WAV,Telephone Field,recover-20220825,002,1795
532.6005,532.6069,38359,50097,Myotis brandtii,0.011,0.023,-1,Echolocation,/mnt/ubna_data_01_mir/recover-20220825/UBNA_002/20220823_033000.WAV,Telephone Field,recover-20220825,002,1795
532.6015,532.6098,27187,35529,Eptesicus serotinus,0.009,0.027,-1,Echolocation,/mnt/ubna_data_01_mir/recover-20220825/UBNA_002/20220823_033000.WAV,Telephone Field,recover-20220825,002,1795
532.6015,532.607,32343,42853,Myotis daubentonii,0.011,0.027,-1,Echolocation,/mnt/ubna_data_01_mir/recover-20220825/UBNA_002/20220823_033000.WAV,Telephone Field,recover-20220825,002,1795
532.6505,532.6565,29765,66662,Myotis brandtii,0.016,0.031,-1,Echolocation,/mnt/ubna_data_01_mir/recover-20220825/UBNA_002/20220823_033000.WAV,Telephone Field,recover-20220825,002,1795
532.6514999999999,532.6576,40937,56299,Pipistrellus nathusii,0.619,0.643,-1,Echolocation,/mnt/ubna_data_01_mir/recover-20220825/UBNA_002/20220823_033000.WAV,Telephone Field,recover-20220825,002,1795
532.6895,532.7273,68437,82308,Rhinolophus ferrumequinum,0.025,0.025,-1,Echolocation,/mnt/ubna_data_01_mir/recover-20220825/UBNA_002/20220823_033000.WAV,Telephone Field,recover-20220825,002,1795
532.7035,532.7089,30625,68631,Myotis brandtii,0.018,0.033,-1,Echolocation,/mnt/ubna_data_01_mir/recover-20220825/UBNA_002/20220823_033000.WAV,Telephone Field,recover-20220825,002,1795
532.7045,532.7107,40937,55789,Pipistrellus nathusii,0.625,0.673,-1,Echolocation,/mnt/ubna_data_01_mir/recover-20220825/UBNA_002/20220823_033000.WAV,Telephone Field,recover-20220825,002,1795
532.7435,532.7507,55546,61440,Pipistrellus pygmaeus,0.035,0.036,-1,Echolocation,/mnt/ubna_data_01_mir/recover-20220825/UBNA_002/20220823_033000.WAV,Telephone Field,recover-20220825,002,1795
532.7555,532.7621,32343,43934,Myotis daubentonii,0.01,0.03,-1,Echolocation,/mnt/ubna_data_01_mir/recover-20220825/UBNA_002/20220823_033000.WAV,Telephone Field,recover-20220825,002,1795
532.7695,532.7759,40078,52348,Pipistrellus nathusii,0.541,0.594,-1,Echolocation,/mnt/ubna_data_01_mir/recover-20220825/UBNA_002/20220823_033000.WAV,Telephone Field,recover-20220825,002,1795
532.8005,532.8068,46953,54229,Pipistrellus pipistrellus,0.069,0.078,-1,Echolocation,/mnt/ubna_data_01_mir/recover-20220825/UBNA_002/20220823_033000.WAV,Telephone Field,recover-20220825,002,1795
532.8155,532.8227,24609,33764,Plecotus auritus,0.009,0.025,-1,Echolocation,/mnt/ubna_data_01_mir/recover-20220825/UBNA_002/20220823_033000.WAV,Telephone Field,recover-20220825,002,1795
532.8295,532.8686,68437,82653,Rhinolophus ferrumequinum,0.023,0.023,-1,Echolocation,/mnt/ubna_data_01_mir/recover-20220825/UBNA_002/20220823_033000.WAV,Telephone Field,recover-20220825,002,1795
532.8305,532.8391,44375,54519,Pipistrellus pipistrellus,0.014,0.024,-1,Echolocation,/mnt/ubna_data_01_mir/recover-20220825/UBNA_002/20220823_033000.WAV,Telephone Field,recover-20220825,002,1795
532.8575,532.8637,40078,59958,Pipistrellus nathusii,0.624,0.647,-1,Echolocation,/mnt/ubna_data_01_mir/recover-20220825/UBNA_002/20220823_033000.WAV,Telephone Field,recover-20220825,002,1795
532.8655,532.8715,37500,49390,Myotis brandtii,0.011,0.023,-1,Echolocation,/mnt/ubna_data_01_mir/recover-20220825/UBNA_002/20220823_033000.WAV,Telephone Field,recover-20220825,002,1795
532.9195,532.9249,29765,72349,Myotis brandtii,0.02,0.044,-1,Echolocation,/mnt/ubna_data_01_mir/recover-20220825/UBNA_002/20220823_033000.WAV,Telephone Field,recover-20220825,002,1795
532.9205,532.9294,53828,58655,Pipistrellus pygmaeus,0.021,0.023,-1,Echolocation,/mnt/ubna_data_01_mir/recover-20220825/UBNA_002/20220823_033000.WAV,Telephone Field,recover-20220825,002,1795
532.9215,532.928,40078,56989,Pipistrellus nathusii,0.623,0.665,-1,Echolocation,/mnt/ubna_data_01_mir/recover-20220825/UBNA_002/20220823_033000.WAV,Telephone Field,recover-20220825,002,1795
532.9285,532.9342,32343,44985,Myotis daubentonii,0.011,0.024,-1,Echolocation,/mnt/ubna_data_01_mir/recover-20220825/UBNA_002/20220823_033000.WAV,Telephone Field,recover-20220825,002,1795
532.9295,532.9355,37500,54241,Myotis brandtii,0.013,0.025,-1,Echolocation,/mnt/ubna_data_01_mir/recover-20220825/UBNA_002/20220823_033000.WAV,Telephone Field,recover-20220825,002,1795
532.9305,532.9644,68437,81422,Rhinolophus ferrumequinum,0.022,0.022,-1,Echolocation,/mnt/ubna_data_01_mir/recover-20220825/UBNA_002/20220823_033000.WAV,Telephone Field,recover-20220825,002,1795
532.9545,532.9644,57265,64993,Pipistrellus pygmaeus,0.024,0.024,-1,Echolocation,/mnt/ubna_data_01_mir/recover-20220825/UBNA_002/20220823_033000.WAV,Telephone Field,recover-20220825,002,1795
532.9835,532.9898,40078,55560,Pipistrellus nathusii,0.531,0.584,-1,Echolocation,/mnt/ubna_data_01_mir/recover-20220825/UBNA_002/20220823_033000.WAV,Telephone Field,recover-20220825,002,1795
532.9915,532.9997,27187,36156,Eptesicus serotinus,0.01,0.027,-1,Echolocation,/mnt/ubna_data_01_mir/recover-20220825/UBNA_002/20220823_033000.WAV,Telephone Field,recover-20220825,002,1795
533.0075,533.0184,27187,33461,Eptesicus serotinus,0.011,0.023,-1,Echolocation,/mnt/ubna_data_01_mir/recover-20220825/UBNA_002/20220823_033000.WAV,Telephone Field,recover-20220825,002,1795
533.0645,533.0744,50390,54210,Pipistrellus pygmaeus,0.028,0.049,-1,Echolocation,/mnt/ubna_data_01_mir/recover-20220825/UBNA_002/20220823_033000.WAV,Telephone Field,recover-20220825,002,1795
533.0685,533.0757,38359,59609,Pipistrellus nathusii,0.453,0.587,-1,Echolocation,/mnt/ubna_data_01_mir/recover-20220825/UBNA_002/20220823_033000.WAV,Telephone Field,recover-20220825,002,1795
533.1115,533.155,68437,83148,Rhinolophus ferrumequinum,0.028,0.028,-1,Echolocation,/mnt/ubna_data_01_mir/recover-20220825/UBNA_002/20220823_033000.WAV,Telephone Field,recover-20220825,002,1795
533.1355,533.1446,50390,54861,Pipistrellus pygmaeus,0.015,0.034,-1,Echolocation,/mnt/ubna_data_01_mir/recover-20220825/UBNA_002/20220823_033000.WAV,Telephone Field,recover-20220825,002,1795
533.1385,533.1445,40078,60578,Pipistrellus nathusii,0.424,0.484,-1,Echolocation,/mnt/ubna_data_01_mir/recover-20220825/UBNA_002/20220823_033000.WAV,Telephone Field,recover-20220825,002,1795
533.1765,533.1847,48671,52800,Pipistrellus pipistrellus,0.031,0.037,-1,Echolocation,/mnt/ubna_data_01_mir/recover-20220825/UBNA_002/20220823_033000.WAV,Telephone Field,recover-20220825,002,1795
533.2065,533.2149,54687,62534,Pipistrellus pygmaeus,0.025,0.026,-1,Echolocation,/mnt/ubna_data_01_mir/recover-20220825/UBNA_002/20220823_033000.WAV,Telephone Field,recover-20220825,002,1795
533.2315,533.2696,68437,82809,Rhinolophus ferrumequinum,0.043,0.043,-1,Echolocation,/mnt/ubna_data_01_mir/recover-20220825/UBNA_002/20220823_033000.WAV,Telephone Field,recover-20220825,002,1795
533.2535,533.2644,44375,47825,Pipistrellus pipistrellus,0.025,0.032,-1,Echolocation,/mnt/ubna_data_01_mir/recover-20220825/UBNA_002/20220823_033000.WAV,Telephone Field,recover-20220825,002,1795
533.2675,533.276,52109,57983,Pipistrellus pygmaeus,0.035,0.042,-1,Echolocation,/mnt/ubna_data_01_mir/recover-20220825/UBNA_002/20220823_033000.WAV,Telephone Field,recover-20220825,002,1795
533.2705,533.2775,38359,65981,Pipistrellus nathusii,0.627,0.683,-1,Echolocation,/mnt/ubna_data_01_mir/recover-20220825/UBNA_002/20220823_033000.WAV,Telephone Field,recover-20220825,002,1795
533.2795,533.2863,38359,50527,Myotis brandtii,0.013,0.03,-1,Echolocation,/mnt/ubna_data_01_mir/recover-20220825/UBNA_002/20220823_033000.WAV,Telephone Field,recover-20220825,002,1795
533.2805,533.2861,31484,44765,Myotis daubentonii,0.012,0.025,-1,Echolocation,/mnt/ubna_data_01_mir/recover-20220825/UBNA_002/20220823_033000.WAV,Telephone Field,recover-20220825,002,1795
533.3105,533.3485000000001,68437,83166,Rhinolophus ferrumequinum,0.027,0.027,-1,Echolocation,/mnt/ubna_data_01_mir/recover-20220825/UBNA_002/20220823_033000.WAV,Telephone Field,recover-20220825,002,1795
533.3105,533.3173,50390,55827,Pipistrellus pipistrellus,0.019,0.025,-1,Echolocation,/mnt/ubna_data_01_mir/recover-20220825/UBNA_002/20220823_033000.WAV,Telephone Field,recover-20220825,002,1795
533.3115,533.3203,28046,35570,Eptesicus serotinus,0.01,0.023,-1,Echolocation,/mnt/ubna_data_01_mir/recover-20220825/UBNA_002/20220823_033000.WAV,Telephone Field,recover-20220825,002,1795
533.3205,533.3277,48671,55692,Pipistrellus pipistrellus,0.019,0.022,-1,Echolocation,/mnt/ubna_data_01_mir/recover-20220825/UBNA_002/20220823_033000.WAV,Telephone Field,recover-20220825,002,1795
533.3395,533.3472,47812,53802,Pipistrellus pipistrellus,0.027,0.03,-1,Echolocation,/mnt/ubna_data_01_mir/recover-20220825/UBNA_002/20220823_033000.WAV,Telephone Field,recover-20220825,002,1795
533.3535,533.3632,44375,52695,Pipistrellus pipistrellus,0.01,0.029,-1,Echolocation,/mnt/ubna_data_01_mir/recover-20220825/UBNA_002/20220823_033000.WAV,Telephone Field,recover-20220825,002,1795
533.3605,533.3679,48671,54011,Pipistrellus pipistrellus,0.017,0.034,-1,Echolocation,/mnt/ubna_data_01_mir/recover-20220825/UBNA_002/20220823_033000.WAV,Telephone Field,recover-20220825,002,1795
533.3645,533.3715,37500,66089,Pipistrellus nathusii,0.548,0.611,-1,Echolocation,/mnt/ubna_data_01_mir/recover-20220825/UBNA_002/20220823_033000.WAV,Telephone Field,recover-20220825,002,1795
533.3745,533.3831,27187,34908,Eptesicus serotinus,0.008,0.024,-1,Echolocation,/mnt/ubna_data_01_mir/recover-20220825/UBNA_002/20220823_033000.WAV,Telephone Field,recover-20220825,002,1795
533.4275,533.4348,48671,55899,Pipistrellus pipistrellus,0.018,0.024,-1,Echolocation,/mnt/ubna_data_01_mir/recover-20220825/UBNA_002/20220823_033000.WAV,Telephone Field,recover-20220825,002,1795
533.4465,533.4544,48671,55286,Pipistrellus pipistrellus,0.033,0.064,-1,Echolocation,/mnt/ubna_data_01_mir/recover-20220825/UBNA_002/20220823_033000.WAV,Telephone Field,recover-20220825,002,1795
533.4485,533.4557,38359,64498,Pipistrellus nathusii,0.453,0.575,-1,Echolocation,/mnt/ubna_data_01_mir/recover-20220825/UBNA_002/20220823_033000.WAV,Telephone Field,recover-20220825,002,1795
533.4525,533.4616,16015,27264,Nyctalus noctula,0.009,0.024,-1,Echolocation,/mnt/ubna_data_01_mir/recover-20220825/UBNA_002/20220823_033000.WAV,Telephone Field,recover-20220825,002,1795
533.4585,533.4653,26328,35945,Eptesicus serotinus,0.006,0.024,-1,Echolocation,/mnt/ubna_data_01_mir/recover-20220825/UBNA_002/20220823_033000.WAV,Telephone Field,recover-20220825,002,1795
533.5065,533.5132,48671,53418,Pipistrellus pipistrellus,0.026,0.028,-1,Echolocation,/mnt/ubna_data_01_mir/recover-20220825/UBNA_002/20220823_033000.WAV,Telephone Field,recover-20220825,002,1795
533.5315,533.5387,40078,62441,Pipistrellus nathusii,0.483,0.604,-1,Echolocation,/mnt/ubna_data_01_mir/recover-20220825/UBNA_002/20220823_033000.WAV,Telephone Field,recover-20220825,002,1795
533.5325,533.5387,30625,64430,Barbastellus barbastellus,0.021,0.056,-1,Echolocation,/mnt/ubna_data_01_mir/recover-20220825/UBNA_002/20220823_033000.WAV,Telephone Field,recover-20220825,002,1795
533.5415,533.5484,27187,40454,Eptesicus serotinus,0.006,0.022,-1,Echolocation,/mnt/ubna_data_01_mir/recover-20220825/UBNA_002/20220823_033000.WAV,Telephone Field,recover-20220825,002,1795
533.5595,533.5674,28046,41437,Eptesicus serotinus,0.008,0.022,-1,Echolocation,/mnt/ubna_data_01_mir/recover-20220825/UBNA_002/20220823_033000.WAV,Telephone Field,recover-20220825,002,1795
533.5595,533.5659,34062,42854,Barbastellus barbastellus,0.009,0.025,-1,Echolocation,/mnt/ubna_data_01_mir/recover-20220825/UBNA_002/20220823_033000.WAV,Telephone Field,recover-20220825,002,1795
533.5705,533.6058,68437,82082,Rhinolophus ferrumequinum,0.023,0.023,-1,Echolocation,/mnt/ubna_data_01_mir/recover-20220825/UBNA_002/20220823_033000.WAV,Telephone Field,recover-20220825,002,1795
533.5805,533.5907,28046,34936,Eptesicus serotinus,0.012,0.025,-1,Echolocation,/mnt/ubna_data_01_mir/recover-20220825/UBNA_002/20220823_033000.WAV,Telephone Field,recover-20220825,002,1795
533.6035,533.6123,54687,62205,Pipistrellus pygmaeus,0.025,0.027,-1,Echolocation,/mnt/ubna_data_01_mir/recover-20220825/UBNA_002/20220823_033000.WAV,Telephone Field,recover-20220825,002,1795
533.6215,533.6281,56406,61611,Pipistrellus pygmaeus,0.022,0.023,-1,Echolocation,/mnt/ubna_data_01_mir/recover-20220825/UBNA_002/20220823_033000.WAV,Telephone Field,recover-20220825,002,1795
533.6355,533.6431,37500,65348,Pipistrellus nathusii,0.566,0.631,-1,Echolocation,/mnt/ubna_data_01_mir/recover-20220825/UBNA_002/20220823_033000.WAV,Telephone Field,recover-20220825,002,1795
533.6365,533.6433,51250,57021,Pipistrellus pipistrellus,0.015,0.027,-1,Echolocation,/mnt/ubna_data_01_mir/recover-20220825/UBNA_002/20220823_033000.WAV,Telephone Field,recover-20220825,002,1795
533.6445,533.6514999999999,38359,50034,Pipistrellus nathusii,0.013,0.029,-1,Echolocation,/mnt/ubna_data_01_mir/recover-20220825/UBNA_002/20220823_033000.WAV,Telephone Field,recover-20220825,002,1795
533.6905,533.706,16875,22177,Nyctalus noctula,0.02,0.031,-1,Echolocation,/mnt/ubna_data_01_mir/recover-20220825/UBNA_002/20220823_033000.WAV,Telephone Field,recover-20220825,002,1795
533.6995,533.7065,54687,63594,Pipistrellus pygmaeus,0.029,0.03,-1,Echolocation,/mnt/ubna_data_01_mir/recover-20220825/UBNA_002/20220823_033000.WAV,Telephone Field,recover-20220825,002,1795
533.7255,533.7325,49531,55246,Pipistrellus pipistrellus,0.039,0.064,-1,Echolocation,/mnt/ubna_data_01_mir/recover-20220825/UBNA_002/20220823_033000.WAV,Telephone Field,recover-20220825,002,1795
533.7325,533.7406,38359,63192,Pipistrellus nathusii,0.571,0.617,-1,Echolocation,/mnt/ubna_data_01_mir/recover-20220825/UBNA_002/20220823_033000.WAV,Telephone Field,recover-20220825,002,1795
533.7415,533.7489,37500,47956,Pipistrellus nathusii,0.015,0.028,-1,Echolocation,/mnt/ubna_data_01_mir/recover-20220825/UBNA_002/20220823_033000.WAV,Telephone Field,recover-20220825,002,1795
533.7595,533.7694,24609,33107,Eptesicus serotinus,0.009,0.023,-1,Echolocation,/mnt/ubna_data_01_mir/recover-20220825/UBNA_002/20220823_033000.WAV,Telephone Field,recover-20220825,002,1795
533.7835,533.7905,58125,66959,Pipistrellus pygmaeus,0.023,0.023,-1,Echolocation,/mnt/ubna_data_01_mir/recover-20220825/UBNA_002/20220823_033000.WAV,Telephone Field,recover-20220825,002,1795
533.8185,533.8282,40937,46121,Pipistrellus nathusii,0.021,0.032,-1,Echolocation,/mnt/ubna_data_01_mir/recover-20220825/UBNA_002/20220823_033000.WAV,Telephone Field,recover-20220825,002,1795
533.8335,533.8395,39218,63472,Pipistrellus nathusii,0.589,0.622,-1,Echolocation,/mnt/ubna_data_01_mir/recover-20220825/UBNA_002/20220823_033000.WAV,Telephone Field,recover-20220825,002,1795
533.8345,533.842,51250,58182,Pipistrellus pipistrellus,0.016,0.03,-1,Echolocation,/mnt/ubna_data_01_mir/recover-20220825/UBNA_002/20220823_033000.WAV,Telephone Field,recover-20220825,002,1795
533.8415,533.8484,38359,50006,Pipistrellus nathusii,0.021,0.036,-1,Echolocation,/mnt/ubna_data_01_mir/recover-20220825/UBNA_002/20220823_033000.WAV,Telephone Field,recover-20220825,002,1795
533.9195,533.9267,49531,56635,Pipistrellus pipistrellus,0.028,0.052,-1,Echolocation,/mnt/ubna_data_01_mir/recover-20220825/UBNA_002/20220823_033000.WAV,Telephone Field,recover-20220825,002,1795
533.9215,533.9309,54687,60866,Pipistrellus pygmaeus,0.048,0.052,-1,Echolocation,/mnt/ubna_data_01_mir/recover-20220825/UBNA_002/20220823_033000.WAV,Telephone Field,recover-20220825,002,1795
533.9265,533.9328,39218,62417,Pipistrellus nathusii,0.591,0.603,-1,Echolocation,/mnt/ubna_data_01_mir/recover-20220825/UBNA_002/20220823_033000.WAV,Telephone Field,recover-20220825,002,1795
533.9345,533.9426,38359,46947,Pipistrellus nathusii,0.031,0.045,-1,Echolocation,/mnt/ubna_data_01_mir/recover-20220825/UBNA_002/20220823_033000.WAV,Telephone Field,recover-20220825,002,1795
533.9745,533.9805,28046,38346,Eptesicus serotinus,0.007,0.029,-1,Echolocation,/mnt/ubna_data_01_mir/recover-20220825/UBNA_002/20220823_033000.WAV,Telephone Field,recover-20220825,002,1795
534.0015,534.0314,68437,80813,Rhinolophus ferrumequinum,0.045,0.046,-1,Echolocation,/mnt/ubna_data_01_mir/recover-20220825/UBNA_002/20220823_033000.WAV,Telephone Field,recover-20220825,002,1795
534.0015,534.01,27187,37068,Eptesicus serotinus,0.007,0.022,-1,Echolocation,/mnt/ubna_data_01_mir/recover-20220825/UBNA_002/20220823_033000.WAV,Telephone Field,recover-20220825,002,1795
534.0015,534.0097,35781,46678,Myotis brandtii,0.007,0.021,-1,Echolocation,/mnt/ubna_data_01_mir/recover-20220825/UBNA_002/20220823_033000.WAV,Telephone Field,recover-20220825,002,1795
534.0015,534.0099,22031,28709,Nyctalus leisleri,0.007,0.023,-1,Echolocation,/mnt/ubna_data_01_mir/recover-20220825/UBNA_002/20220823_033000.WAV,Telephone Field,recover-20220825,002,1795
534.0025,534.0155,54687,61273,Pipistrellus pygmaeus,0.064,0.065,-1,Echolocation,/mnt/ubna_data_01_mir/recover-20220825/UBNA_002/20220823_033000.WAV,Telephone Field,recover-20220825,002,1795
534.0085,534.0452,68437,81413,Rhinolophus ferrumequinum,0.021,0.021,-1,Echolocation,/mnt/ubna_data_01_mir/recover-20220825/UBNA_002/20220823_033000.WAV,Telephone Field,recover-20220825,002,1795
534.0115,534.0184,28046,34345,Eptesicus serotinus,0.009,0.028,-1,Echolocation,/mnt/ubna_data_01_mir/recover-20220825/UBNA_002/20220823_033000.WAV,Telephone Field,recover-20220825,002,1795
534.0225,534.0318,49531,62755,Pipistrellus pipistrellus,0.014,0.025,-1,Echolocation,/mnt/ubna_data_01_mir/recover-20220825/UBNA_002/20220823_033000.WAV,Telephone Field,recover-20220825,002,1795
534.0245,534.0595,68437,83305,Rhinolophus ferrumequinum,0.031,0.031,-1,Echolocation,/mnt/ubna_data_01_mir/recover-20220825/UBNA_002/20220823_033000.WAV,Telephone Field,recover-20220825,002,1795
534.0245,534.0317,39218,73242,Pipistrellus nathusii,0.511,0.585,-1,Echolocation,/mnt/ubna_data_01_mir/recover-20220825/UBNA_002/20220823_033000.WAV,Telephone Field,recover-20220825,002,1795
534.0335,534.0393,38359,55159,Myotis brandtii,0.016,0.03,-1,Echolocation,/mnt/ubna_data_01_mir/recover-20220825/UBNA_002/20220823_033000.WAV,Telephone Field,recover-20220825,002,1795
534.0355,534.064,68437,80515,Rhinolophus ferrumequinum,0.027,0.027,-1,Echolocation,/mnt/ubna_data_01_mir/recover-20220825/UBNA_002/20220823_033000.WAV,Telephone Field,recover-20220825,002,1795
534.0525,534.0594,27187,37943,Eptesicus serotinus,0.008,0.026,-1,Echolocation,/mnt/ubna_data_01_mir/recover-20220825/UBNA_002/20220823_033000.WAV,Telephone Field,recover-20220825,002,1795
534.0625,534.0689,58125,65071,Pipistrellus pygmaeus,0.022,0.023,-1,Echolocation,/mnt/ubna_data_01_mir/recover-20220825/UBNA_002/20220823_033000.WAV,Telephone Field,recover-20220825,002,1795
534.1165,534.1241,38359,70521,Pipistrellus nathusii,0.507,0.557,-1,Echolocation,/mnt/ubna_data_01_mir/recover-20220825/UBNA_002/20220823_033000.WAV,Telephone Field,recover-20220825,002,1795
534.1245,534.1312,38359,52272,Pipistrellus nathusii,0.017,0.035,-1,Echolocation,/mnt/ubna_data_01_mir/recover-20220825/UBNA_002/20220823_033000.WAV,Telephone Field,recover-20220825,002,1795
534.1265,534.1318,33203,55336,Myotis brandtii,0.015,0.026,-1,Echolocation,/mnt/ubna_data_01_mir/recover-20220825/UBNA_002/20220823_033000.WAV,Telephone Field,recover-20220825,002,1795
534.1435,534.1521,27187,41449,Eptesicus serotinus,0.01,0.022,-1,Echolocation,/mnt/ubna_data_01_mir/recover-20220825/UBNA_002/20220823_033000.WAV,Telephone Field,recover-20220825,002,1795
534.1595,534.17,32343,38149,Eptesicus serotinus,0.005,0.024,-1,Echolocation,/mnt/ubna_data_01_mir/recover-20220825/UBNA_002/20220823_033000.WAV,Telephone Field,recover-20220825,002,1795
534.2155,534.2226,39218,71339,Pipistrellus nathusii,0.218,0.349,-1,Echolocation,/mnt/ubna_data_01_mir/recover-20220825/UBNA_002/20220823_033000.WAV,Telephone Field,recover-20220825,002,1795
534.2165,534.2235000000001,30625,79914,Myotis brandtii,0.203,0.276,-1,Echolocation,/mnt/ubna_data_01_mir/recover-20220825/UBNA_002/20220823_033000.WAV,Telephone Field,recover-20220825,002,1795
534.2175,534.2228,51250,62891,Pipistrellus pipistrellus,0.018,0.039,-1,Echolocation,/mnt/ubna_data_01_mir/recover-20220825/UBNA_002/20220823_033000.WAV,Telephone Field,recover-20220825,002,1795
534.2245,534.232,37500,48383,Pipistrellus nathusii,0.014,0.029,-1,Echolocation,/mnt/ubna_data_01_mir/recover-20220825/UBNA_002/20220823_033000.WAV,Telephone Field,recover-20220825,002,1795
534.2255,534.2547,68437,80529,Rhinolophus ferrumequinum,0.022,0.023,-1,Echolocation,/mnt/ubna_data_01_mir/recover-20220825/UBNA_002/20220823_033000.WAV,Telephone Field,recover-20220825,002,1795
534.2555,534.2663,25468,32097,Eptesicus serotinus,0.011,0.023,-1,Echolocation,/mnt/ubna_data_01_mir/recover-20220825/UBNA_002/20220823_033000.WAV,Telephone Field,recover-20220825,002,1795
534.2655,534.3053,68437,82254,Rhinolophus ferrumequinum,0.021,0.021,-1,Echolocation,/mnt/ubna_data_01_mir/recover-20220825/UBNA_002/20220823_033000.WAV,Telephone Field,recover-20220825,002,1795
534.2705,534.3068,68437,81793,Rhinolophus ferrumequinum,0.021,0.021,-1,Echolocation,/mnt/ubna_data_01_mir/recover-20220825/UBNA_002/20220823_033000.WAV,Telephone Field,recover-20220825,002,1795
534.2735,534.2885,77031,93440,Rhinolophus hipposideros,0.021,0.021,-1,Echolocation,/mnt/ubna_data_01_mir/recover-20220825/UBNA_002/20220823_033000.WAV,Telephone Field,recover-20220825,002,1795
534.2855,534.2927999999999,39218,74587,Pipistrellus nathusii,0.168,0.257,-1,Echolocation,/mnt/ubna_data_01_mir/recover-20220825/UBNA_002/20220823_033000.WAV,Telephone Field,recover-20220825,002,1795
534.2865,534.2946,33203,82114,Myotis brandtii,0.211,0.252,-1,Echolocation,/mnt/ubna_data_01_mir/recover-20220825/UBNA_002/20220823_033000.WAV,Telephone Field,recover-20220825,002,1795
534.2875,534.2943,52109,63132,Pipistrellus pygmaeus,0.03,0.046,-1,Echolocation,/mnt/ubna_data_01_mir/recover-20220825/UBNA_002/20220823_033000.WAV,Telephone Field,recover-20220825,002,1795
534.2945,534.3013,39218,52082,Pipistrellus nathusii,0.013,0.031,-1,Echolocation,/mnt/ubna_data_01_mir/recover-20220825/UBNA_002/20220823_033000.WAV,Telephone Field,recover-20220825,002,1795
534.2965,534.3024,29765,42926,Myotis daubentonii,0.011,0.028,-1,Echolocation,/mnt/ubna_data_01_mir/recover-20220825/UBNA_002/20220823_033000.WAV,Telephone Field,recover-20220825,002,1795
534.3465,534.3532,28046,36121,Eptesicus serotinus,0.007,0.022,-1,Echolocation,/mnt/ubna_data_01_mir/recover-20220825/UBNA_002/20220823_033000.WAV,Telephone Field,recover-20220825,002,1795
534.3595,534.3667,48671,62680,Pipistrellus pipistrellus,0.028,0.057,-1,Echolocation,/mnt/ubna_data_01_mir/recover-20220825/UBNA_002/20220823_033000.WAV,Telephone Field,recover-20220825,002,1795
534.3605,534.3674,39218,75819,Pipistrellus nathusii,0.297,0.341,-1,Echolocation,/mnt/ubna_data_01_mir/recover-20220825/UBNA_002/20220823_033000.WAV,Telephone Field,recover-20220825,002,1795
534.3605,534.3674,26328,90384,Myotis bechsteinii,0.127,0.17,-1,Echolocation,/mnt/ubna_data_01_mir/recover-20220825/UBNA_002/20220823_033000.WAV,Telephone Field,recover-20220825,002,1795
534.3685,534.3755,39218,54788,Pipistrellus nathusii,0.013,0.031,-1,Echolocation,/mnt/ubna_data_01_mir/recover-20220825/UBNA_002/20220823_033000.WAV,Telephone Field,recover-20220825,002,1795
534.3705,534.3756,33203,54319,Myotis brandtii,0.015,0.027,-1,Echolocation,/mnt/ubna_data_01_mir/recover-20220825/UBNA_002/20220823_033000.WAV,Telephone Field,recover-20220825,002,1795
534.3905,534.4238,68437,81169,Rhinolophus ferrumequinum,0.021,0.021,-1,Echolocation,/mnt/ubna_data_01_mir/recover-20220825/UBNA_002/20220823_033000.WAV,Telephone Field,recover-20220825,002,1795
534.4395,534.4469,38359,71269,Pipistrellus nathusii,0.223,0.382,-1,Echolocation,/mnt/ubna_data_01_mir/recover-20220825/UBNA_002/20220823_033000.WAV,Telephone Field,recover-20220825,002,1795
534.4405,534.4487,52109,61564,Pipistrellus pipistrellus,0.013,0.024,-1,Echolocation,/mnt/ubna_data_01_mir/recover-20220825/UBNA_002/20220823_033000.WAV,Telephone Field,recover-20220825,002,1795
534.4405,534.4466,26328,92269,Myotis bechsteinii,0.089,0.118,-1,Echolocation,/mnt/ubna_data_01_mir/recover-20220825/UBNA_002/20220823_033000.WAV,Telephone Field,recover-20220825,002,1795
534.4475,534.4544,39218,53575,Pipistrellus nathusii,0.02,0.036,-1,Echolocation,/mnt/ubna_data_01_mir/recover-20220825/UBNA_002/20220823_033000.WAV,Telephone Field,recover-20220825,002,1795
534.4505,534.4779,68437,81030,Rhinolophus ferrumequinum,0.021,0.021,-1,Echolocation,/mnt/ubna_data_01_mir/recover-20220825/UBNA_002/20220823_033000.WAV,Telephone Field,recover-20220825,002,1795
534.4505,534.4559,33203,61279,Myotis brandtii,0.018,0.027,-1,Echolocation,/mnt/ubna_data_01_mir/recover-20220825/UBNA_002/20220823_033000.WAV,Telephone Field,recover-20220825,002,1795
534.4685,534.5048,68437,82167,Rhinolophus ferrumequinum,0.021,0.021,-1,Echolocation,/mnt/ubna_data_01_mir/recover-20220825/UBNA_002/20220823_033000.WAV,Telephone Field,recover-20220825,002,1795
534.4885,534.4984,35781,40509,Pipistrellus nathusii,0.023,0.038,-1,Echolocation,/mnt/ubna_data_01_mir/recover-20220825/UBNA_002/20220823_033000.WAV,Telephone Field,recover-20220825,002,1795
534.4905,534.5298,68437,82282,Rhinolophus ferrumequinum,0.022,0.022,-1,Echolocation,/mnt/ubna_data_01_mir/recover-20220825/UBNA_002/20220823_033000.WAV,Telephone Field,recover-20220825,002,1795
534.5095,534.5172,56406,63559,Pipistrellus pygmaeus,0.039,0.04,-1,Echolocation,/mnt/ubna_data_01_mir/recover-20220825/UBNA_002/20220823_033000.WAV,Telephone Field,recover-20220825,002,1795
534.5465,534.5529,28046,34709,Eptesicus serotinus,0.007,0.024,-1,Echolocation,/mnt/ubna_data_01_mir/recover-20220825/UBNA_002/20220823_033000.WAV,Telephone Field,recover-20220825,002,1795
534.5595,534.5662,39218,73772,Pipistrellus nathusii,0.097,0.22,-1,Echolocation,/mnt/ubna_data_01_mir/recover-20220825/UBNA_002/20220823_033000.WAV,Telephone Field,recover-20220825,002,1795
534.5595,534.5667,25468,94119,Myotis bechsteinii,0.114,0.146,-1,Echolocation,/mnt/ubna_data_01_mir/recover-20220825/UBNA_002/20220823_033000.WAV,Telephone Field,recover-20220825,002,1795
534.5605,534.5682,31484,86715,Myotis brandtii,0.174,0.218,-1,Echolocation,/mnt/ubna_data_01_mir/recover-20220825/UBNA_002/20220823_033000.WAV,Telephone Field,recover-20220825,002,1795
534.5615,534.5678,52109,66160,Pipistrellus pygmaeus,0.024,0.054,-1,Echolocation,/mnt/ubna_data_01_mir/recover-20220825/UBNA_002/20220823_033000.WAV,Telephone Field,recover-20220825,002,1795
534.5705,534.5758,32343,59998,Myotis brandtii,0.021,0.036,-1,Echolocation,/mnt/ubna_data_01_mir/recover-20220825/UBNA_002/20220823_033000.WAV,Telephone Field,recover-20220825,002,1795
534.5735,534.604,68437,80351,Rhinolophus ferrumequinum,0.024,0.025,-1,Echolocation,/mnt/ubna_data_01_mir/recover-20220825/UBNA_002/20220823_033000.WAV,Telephone Field,recover-20220825,002,1795
534.6135,534.6493,68437,82223,Rhinolophus ferrumequinum,0.021,0.021,-1,Echolocation,/mnt/ubna_data_01_mir/recover-20220825/UBNA_002/20220823_033000.WAV,Telephone Field,recover-20220825,002,1795
534.6435,534.6504,27187,33632,Eptesicus serotinus,0.006,0.023,-1,Echolocation,/mnt/ubna_data_01_mir/recover-20220825/UBNA_002/20220823_033000.WAV,Telephone Field,recover-20220825,002,1795
534.6545,534.6618,36640,72341,Myotis brandtii,0.201,0.379,-1,Echolocation,/mnt/ubna_data_01_mir/recover-20220825/UBNA_002/20220823_033000.WAV,Telephone Field,recover-20220825,002,1795
534.6555,534.6615,26328,93229,Myotis bechsteinii,0.112,0.143,-1,Echolocation,/mnt/ubna_data_01_mir/recover-20220825/UBNA_002/20220823_033000.WAV,Telephone Field,recover-20220825,002,1795
534.6635,534.6697,47812,63358,Pipistrellus pipistrellus,0.013,0.022,-1,Echolocation,/mnt/ubna_data_01_mir/recover-20220825/UBNA_002/20220823_033000.WAV,Telephone Field,recover-20220825,002,1795
534.6645,534.6696,35781,74042,Myotis brandtii,0.116,0.146,-1,Echolocation,/mnt/ubna_data_01_mir/recover-20220825/UBNA_002/20220823_033000.WAV,Telephone Field,recover-20220825,002,1795
534.7025,534.7089,58125,63908,Pipistrellus pygmaeus,0.022,0.022,-1,Echolocation,/mnt/ubna_data_01_mir/recover-20220825/UBNA_002/20220823_033000.WAV,Telephone Field,recover-20220825,002,1795
534.7205,534.7582,68437,82957,Rhinolophus ferrumequinum,0.025,0.025,-1,Echolocation,/mnt/ubna_data_01_mir/recover-20220825/UBNA_002/20220823_033000.WAV,Telephone Field,recover-20220825,002,1795
534.7245,534.7315,25468,39611,Eptesicus serotinus,0.005,0.022,-1,Echolocation,/mnt/ubna_data_01_mir/recover-20220825/UBNA_002/20220823_033000.WAV,Telephone Field,recover-20220825,002,1795
534.7295,534.7389000000001,56406,64458,Pipistrellus pygmaeus,0.021,0.022,-1,Echolocation,/mnt/ubna_data_01_mir/recover-20220825/UBNA_002/20220823_033000.WAV,Telephone Field,recover-20220825,002,1795
534.7485,534.7557,48671,56440,Pipistrellus pipistrellus,0.027,0.063,-1,Echolocation,/mnt/ubna_data_01_mir/recover-20220825/UBNA_002/20220823_033000.WAV,Telephone Field,recover-20220825,002,1795
534.7545,534.7616,35781,71277,Myotis brandtii,0.196,0.405,-1,Echolocation,/mnt/ubna_data_01_mir/recover-20220825/UBNA_002/20220823_033000.WAV,Telephone Field,recover-20220825,002,1795
534.7545,534.7610999999999,26328,83807,Myotis bechsteinii,0.102,0.149,-1,Echolocation,/mnt/ubna_data_01_mir/recover-20220825/UBNA_002/20220823_033000.WAV,Telephone Field,recover-20220825,002,1795
534.7655,534.7704,34062,77257,Myotis brandtii,0.05,0.065,-1,Echolocation,/mnt/ubna_data_01_mir/recover-20220825/UBNA_002/20220823_033000.WAV,Telephone Field,recover-20220825,002,1795
534.8335,534.8419,46093,56077,Pipistrellus pipistrellus,0.014,0.021,-1,Echolocation,/mnt/ubna_data_01_mir/recover-20220825/UBNA_002/20220823_033000.WAV,Telephone Field,recover-20220825,002,1795
534.8655,534.8753,51250,55901,Pipistrellus pygmaeus,0.051,0.069,-1,Echolocation,/mnt/ubna_data_01_mir/recover-20220825/UBNA_002/20220823_033000.WAV,Telephone Field,recover-20220825,002,1795
534.8685,534.8757,39218,67390,Pipistrellus nathusii,0.27,0.472,-1,Echolocation,/mnt/ubna_data_01_mir/recover-20220825/UBNA_002/20220823_033000.WAV,Telephone Field,recover-20220825,002,1795
534.8795,534.8874,26328,40850,Eptesicus serotinus,0.007,0.022,-1,Echolocation,/mnt/ubna_data_01_mir/recover-20220825/UBNA_002/20220823_033000.WAV,Telephone Field,recover-20220825,002,1795
534.8925,534.9283,68437,81463,Rhinolophus ferrumequinum,0.021,0.021,-1,Echolocation,/mnt/ubna_data_01_mir/recover-20220825/UBNA_002/20220823_033000.WAV,Telephone Field,recover-20220825,002,1795
534.9025,534.9123,27187,34169,Eptesicus serotinus,0.013,0.028,-1,Echolocation,/mnt/ubna_data_01_mir/recover-20220825/UBNA_002/20220823_033000.WAV,Telephone Field,recover-20220825,002,1795
534.9385,534.9457,37500,77011,Pipistrellus nathusii,0.149,0.286,-1,Echolocation,/mnt/ubna_data_01_mir/recover-20220825/UBNA_002/20220823_033000.WAV,Telephone Field,recover-20220825,002,1795
534.9395,534.946,27187,94001,Myotis bechsteinii,0.125,0.179,-1,Echolocation,/mnt/ubna_data_01_mir/recover-20220825/UBNA_002/20220823_033000.WAV,Telephone Field,recover-20220825,002,1795
534.9395,534.946,11718,87939,Myotis bechsteinii,0.022,0.046,-1,Echolocation,/mnt/ubna_data_01_mir/recover-20220825/UBNA_002/20220823_033000.WAV,Telephone Field,recover-20220825,002,1795
534.9455,534.952,40078,58136,Pipistrellus nathusii,0.038,0.059,-1,Echolocation,/mnt/ubna_data_01_mir/recover-20220825/UBNA_002/20220823_033000.WAV,Telephone Field,recover-20220825,002,1795
534.9725,534.9809,27187,37422,Eptesicus serotinus,0.009,0.023,-1,Echolocation,/mnt/ubna_data_01_mir/recover-20220825/UBNA_002/20220823_033000.WAV,Telephone Field,recover-20220825,002,1795
534.9815,534.9898,27187,40182,Eptesicus serotinus,0.009,0.024,-1,Echolocation,/mnt/ubna_data_01_mir/recover-20220825/UBNA_002/20220823_033000.WAV,Telephone Field,recover-20220825,002,1795
534.9945,535.0023,28046,35564,Eptesicus serotinus,0.009,0.023,-1,Echolocation,/mnt/ubna_data_01_mir/recover-20220825/UBNA_002/20220823_033000.WAV,Telephone Field,recover-20220825,002,1795
535.0045,535.0134,50390,54900,Pipistrellus pipistrellus,0.017,0.027,-1,Echolocation,/mnt/ubna_data_01_mir/recover-20220825/UBNA_002/20220823_033000.WAV,Telephone Field,recover-20220825,002,1795
535.0115,535.0184,34062,77162,Myotis brandtii,0.292,0.368,-1,Echolocation,/mnt/ubna_data_01_mir/recover-20220825/UBNA_002/20220823_033000.WAV,Telephone Field,recover-20220825,002,1795
535.0545,535.0614,55546,61266,Pipistrellus pygmaeus,0.021,0.022,-1,Echolocation,/mnt/ubna_data_01_mir/recover-20220825/UBNA_002/20220823_033000.WAV,Telephone Field,recover-20220825,002,1795
535.0785,535.0883,49531,59060,Pipistrellus pygmaeus,0.028,0.057,-1,Echolocation,/mnt/ubna_data_01_mir/recover-20220825/UBNA_002/20220823_033000.WAV,Telephone Field,recover-20220825,002,1795
535.0805,535.0873,37500,70380,Myotis brandtii,0.263,0.478,-1,Echolocation,/mnt/ubna_data_01_mir/recover-20220825/UBNA_002/20220823_033000.WAV,Telephone Field,recover-20220825,002,1795
535.0905,535.0957,34921,66486,Myotis brandtii,0.027,0.037,-1,Echolocation,/mnt/ubna_data_01_mir/recover-20220825/UBNA_002/20220823_033000.WAV,Telephone Field,recover-20220825,002,1795
535.1615,535.1719,48671,54371,Pipistrellus pipistrellus,0.022,0.037,-1,Echolocation,/mnt/ubna_data_01_mir/recover-20220825/UBNA_002/20220823_033000.WAV,Telephone Field,recover-20220825,002,1795
535.1645,535.1713,36640,75845,Myotis brandtii,0.268,0.328,-1,Echolocation,/mnt/ubna_data_01_mir/recover-20220825/UBNA_002/20220823_033000.WAV,Telephone Field,recover-20220825,002,1795
535.1655,535.1712,26328,86554,Myotis bechsteinii,0.077,0.122,-1,Echolocation,/mnt/ubna_data_01_mir/recover-20220825/UBNA_002/20220823_033000.WAV,Telephone Field,recover-20220825,002,1795
535.1665,535.1732,48671,53422,Pipistrellus pipistrellus,0.021,0.039,-1,Echolocation,/mnt/ubna_data_01_mir/recover-20220825/UBNA_002/20220823_033000.WAV,Telephone Field,recover-20220825,002,1795
535.2255,535.2345,49531,58137,Pipistrellus pipistrellus,0.026,0.041,-1,Echolocation,/mnt/ubna_data_01_mir/recover-20220825/UBNA_002/20220823_033000.WAV,Telephone Field,recover-20220825,002,1795
535.2315,535.2388,34921,78384,Myotis brandtii,0.421,0.495,-1,Echolocation,/mnt/ubna_data_01_mir/recover-20220825/UBNA_002/20220823_033000.WAV,Telephone Field,recover-20220825,002,1795
535.2315,535.2445,53828,61498,Pipistrellus pygmaeus,0.028,0.032,-1,Echolocation,/mnt/ubna_data_01_mir/recover-20220825/UBNA_002/20220823_033000.WAV,Telephone Field,recover-20220825,002,1795
535.2405,535.2459,29765,46868,Myotis daubentonii,0.009,0.022,-1,Echolocation,/mnt/ubna_data_01_mir/recover-20220825/UBNA_002/20220823_033000.WAV,Telephone Field,recover-20220825,002,1795
535.2645,535.3039,68437,82603,Rhinolophus ferrumequinum,0.022,0.022,-1,Echolocation,/mnt/ubna_data_01_mir/recover-20220825/UBNA_002/20220823_033000.WAV,Telephone Field,recover-20220825,002,1795
535.2695,535.277,38359,44105,Pipistrellus nathusii,0.007,0.021,-1,Echolocation,/mnt/ubna_data_01_mir/recover-20220825/UBNA_002/20220823_033000.WAV,Telephone Field,recover-20220825,002,1795
535.2725,535.2782,26328,40720,Plecotus auritus,0.05,0.075,-1,Echolocation,/mnt/ubna_data_01_mir/recover-20220825/UBNA_002/20220823_033000.WAV,Telephone Field,recover-20220825,002,1795
535.2785,535.2857,49531,58532,Pipistrellus pipistrellus,0.023,0.027,-1,Echolocation,/mnt/ubna_data_01_mir/recover-20220825/UBNA_002/20220823_033000.WAV,Telephone Field,recover-20220825,002,1795
535.2895,535.2971,54687,59797,Pipistrellus pygmaeus,0.021,0.022,-1,Echolocation,/mnt/ubna_data_01_mir/recover-20220825/UBNA_002/20220823_033000.WAV,Telephone Field,recover-20220825,002,1795
535.3025,535.3093,37500,78090,Myotis brandtii,0.414,0.504,-1,Echolocation,/mnt/ubna_data_01_mir/recover-20220825/UBNA_002/20220823_033000.WAV,Telephone Field,recover-20220825,002,1795
535.3105,535.3221,56406,66676,Pipistrellus pygmaeus,0.029,0.03,-1,Echolocation,/mnt/ubna_data_01_mir/recover-20220825/UBNA_002/20220823_033000.WAV,Telephone Field,recover-20220825,002,1795
535.3675,535.3761,48671,57522,Pipistrellus pipistrellus,0.022,0.043,-1,Echolocation,/mnt/ubna_data_01_mir/recover-20220825/UBNA_002/20220823_033000.WAV,Telephone Field,recover-20220825,002,1795
535.3685,535.3751,39218,71717,Myotis brandtii,0.17,0.386,-1,Echolocation,/mnt/ubna_data_01_mir/recover-20220825/UBNA_002/20220823_033000.WAV,Telephone Field,recover-20220825,002,1795
535.3775,535.3825,33203,57167,Myotis brandtii,0.017,0.026,-1,Echolocation,/mnt/ubna_data_01_mir/recover-20220825/UBNA_002/20220823_033000.WAV,Telephone Field,recover-20220825,002,1795
535.4035,535.4123,28046,39259,Eptesicus serotinus,0.008,0.022,-1,Echolocation,/mnt/ubna_data_01_mir/recover-20220825/UBNA_002/20220823_033000.WAV,Telephone Field,recover-20220825,002,1795
535.4195,535.4613,68437,82911,Rhinolophus ferrumequinum,0.032,0.032,-1,Echolocation,/mnt/ubna_data_01_mir/recover-20220825/UBNA_002/20220823_033000.WAV,Telephone Field,recover-20220825,002,1795
535.4255,535.4331,28046,39153,Eptesicus serotinus,0.008,0.021,-1,Echolocation,/mnt/ubna_data_01_mir/recover-20220825/UBNA_002/20220823_033000.WAV,Telephone Field,recover-20220825,002,1795
535.4255,535.4325,49531,56311,Pipistrellus pipistrellus,0.028,0.032,-1,Echolocation,/mnt/ubna_data_01_mir/recover-20220825/UBNA_002/20220823_033000.WAV,Telephone Field,recover-20220825,002,1795
535.4495,535.4562,40937,65595,Myotis brandtii,0.174,0.279,-1,Echolocation,/mnt/ubna_data_01_mir/recover-20220825/UBNA_002/20220823_033000.WAV,Telephone Field,recover-20220825,002,1795
535.4745,535.5142,68437,83061,Rhinolophus ferrumequinum,0.027,0.027,-1,Echolocation,/mnt/ubna_data_01_mir/recover-20220825/UBNA_002/20220823_033000.WAV,Telephone Field,recover-20220825,002,1795
535.4965,535.5039,42656,55741,Myotis brandtii,0.007,0.021,-1,Echolocation,/mnt/ubna_data_01_mir/recover-20220825/UBNA_002/20220823_033000.WAV,Telephone Field,recover-20220825,002,1795
535.4975,535.5044,37500,56172,Myotis brandtii,0.012,0.022,-1,Echolocation,/mnt/ubna_data_01_mir/recover-20220825/UBNA_002/20220823_033000.WAV,Telephone Field,recover-20220825,002,1795
535.5015,535.5096,42656,51418,Pipistrellus nathusii,0.006,0.023,-1,Echolocation,/mnt/ubna_data_01_mir/recover-20220825/UBNA_002/20220823_033000.WAV,Telephone Field,recover-20220825,002,1795
535.5175,535.5286,52968,57431,Pipistrellus pygmaeus,0.035,0.043,-1,Echolocation,/mnt/ubna_data_01_mir/recover-20220825/UBNA_002/20220823_033000.WAV,Telephone Field,recover-20220825,002,1795
535.5195,535.5258,35781,60252,Myotis brandtii,0.014,0.022,-1,Echolocation,/mnt/ubna_data_01_mir/recover-20220825/UBNA_002/20220823_033000.WAV,Telephone Field,recover-20220825,002,1795
535.5445,535.5499,41796,65040,Myotis brandtii,0.162,0.324,-1,Echolocation,/mnt/ubna_data_01_mir/recover-20220825/UBNA_002/20220823_033000.WAV,Telephone Field,recover-20220825,002,1795
535.6155,535.6213,41796,63253,Pipistrellus nathusii,0.228,0.552,-1,Echolocation,/mnt/ubna_data_01_mir/recover-20220825/UBNA_002/20220823_033000.WAV,Telephone Field,recover-20220825,002,1795
535.6165,535.6221,28046,88714,Myotis bechsteinii,0.063,0.118,-1,Echolocation,/mnt/ubna_data_01_mir/recover-20220825/UBNA_002/20220823_033000.WAV,Telephone Field,recover-20220825,002,1795
535.6475,535.6855,68437,82066,Rhinolophus ferrumequinum,0.022,0.022,-1,Echolocation,/mnt/ubna_data_01_mir/recover-20220825/UBNA_002/20220823_033000.WAV,Telephone Field,recover-20220825,002,1795
535.6845,535.6918000000001,42656,60040,Pipistrellus nathusii,0.495,0.505,-1,Echolocation,/mnt/ubna_data_01_mir/recover-20220825/UBNA_002/20220823_033000.WAV,Telephone Field,recover-20220825,002,1795
535.6845,535.69,27187,88641,Myotis bechsteinii,0.043,0.076,-1,Echolocation,/mnt/ubna_data_01_mir/recover-20220825/UBNA_002/20220823_033000.WAV,Telephone Field,recover-20220825,002,1795
535.7315,535.7412,34062,38406,Barbastellus barbastellus,0.007,0.023,-1,Echolocation,/mnt/ubna_data_01_mir/recover-20220825/UBNA_002/20220823_033000.WAV,Telephone Field,recover-20220825,002,1795
535.7485,535.7539,40078,60396,Myotis brandtii,0.236,0.45,-1,Echolocation,/mnt/ubna_data_01_mir/recover-20220825/UBNA_002/20220823_033000.WAV,Telephone Field,recover-20220825,002,1795
535.8115,535.8196,27187,38290,Eptesicus serotinus,0.008,0.022,-1,Echolocation,/mnt/ubna_data_01_mir/recover-20220825/UBNA_002/20220823_033000.WAV,Telephone Field,recover-20220825,002,1795
535.8285,535.8383,49531,58760,Pipistrellus pipistrellus,0.017,0.035,-1,Echolocation,/mnt/ubna_data_01_mir/recover-20220825/UBNA_002/20220823_033000.WAV,Telephone Field,recover-20220825,002,1795
535.8355,535.8426,35781,76147,Myotis brandtii,0.313,0.37,-1,Echolocation,/mnt/ubna_data_01_mir/recover-20220825/UBNA_002/20220823_033000.WAV,Telephone Field,recover-20220825,002,1795
535.8785,535.9217,68437,83376,Rhinolophus ferrumequinum,0.032,0.032,-1,Echolocation,/mnt/ubna_data_01_mir/recover-20220825/UBNA_002/20220823_033000.WAV,Telephone Field,recover-20220825,002,1795
535.8865,535.8951,28046,37152,Eptesicus serotinus,0.01,0.022,-1,Echolocation,/mnt/ubna_data_01_mir/recover-20220825/UBNA_002/20220823_033000.WAV,Telephone Field,recover-20220825,002,1795
535.9195,535.929,41796,53217,Pipistrellus nathusii,0.197,0.262,-1,Echolocation,/mnt/ubna_data_01_mir/recover-20220825/UBNA_002/20220823_033000.WAV,Telephone Field,recover-20220825,002,1795
535.9215,535.9268,31484,66799,Myotis brandtii,0.019,0.033,-1,Echolocation,/mnt/ubna_data_01_mir/recover-20220825/UBNA_002/20220823_033000.WAV,Telephone Field,recover-20220825,002,1795
535.9465,535.9542,50390,58738,Pipistrellus pipistrellus,0.017,0.022,-1,Echolocation,/mnt/ubna_data_01_mir/recover-20220825/UBNA_002/20220823_033000.WAV,Telephone Field,recover-20220825,002,1795
535.9835,535.9906,27187,39009,Eptesicus serotinus,0.006,0.021,-1,Echolocation,/mnt/ubna_data_01_mir/recover-20220825/UBNA_002/20220823_033000.WAV,Telephone Field,recover-20220825,002,1795
535.9835,535.9956,43515,49328,Pipistrellus nathusii,0.043,0.058,-1,Echolocation,/mnt/ubna_data_01_mir/recover-20220825/UBNA_002/20220823_033000.WAV,Telephone Field,recover-20220825,002,1795
536.0015,536.0083,25468,36262,Plecotus austriacus,0.007,0.037,-1,Echolocation,/mnt/ubna_data_01_mir/recover-20220825/UBNA_002/20220823_033000.WAV,Telephone Field,recover-20220825,002,1795
536.0015,536.034,68437,80006,Rhinolophus ferrumequinum,0.047,0.047,-1,Echolocation,/mnt/ubna_data_01_mir/recover-20220825/UBNA_002/20220823_033000.WAV,Telephone Field,recover-20220825,002,1795
536.0015,536.0118,32343,38020,Pipistrellus nathusii,0.012,0.037,-1,Echolocation,/mnt/ubna_data_01_mir/recover-20220825/UBNA_002/20220823_033000.WAV,Telephone Field,recover-20220825,002,1795
536.0015,536.0165,60703,70117,Pipistrellus pygmaeus,0.025,0.027,-1,Echolocation,/mnt/ubna_data_01_mir/recover-20220825/UBNA_002/20220823_033000.WAV,Telephone Field,recover-20220825,002,1795
536.0015,536.009,46953,57292,Pipistrellus pipistrellus,0.01,0.024,-1,Echolocation,/mnt/ubna_data_01_mir/recover-20220825/UBNA_002/20220823_033000.WAV,Telephone Field,recover-20220825,002,1795
536.0145,536.0212,39218,56503,Myotis brandtii,0.129,0.317,-1,Echolocation,/mnt/ubna_data_01_mir/recover-20220825/UBNA_002/20220823_033000.WAV,Telephone Field,recover-20220825,002,1795
536.0355,536.0728,68437,82448,Rhinolophus ferrumequinum,0.026,0.026,-1,Echolocation,/mnt/ubna_data_01_mir/recover-20220825/UBNA_002/20220823_033000.WAV,Telephone Field,recover-20220825,002,1795
536.0575,536.0721,22890,27911,Nyctalus leisleri,0.021,0.054,-1,Echolocation,/mnt/ubna_data_01_mir/recover-20220825/UBNA_002/20220823_033000.WAV,Telephone Field,recover-20220825,002,1795
536.0635,536.0691,33203,45709,Myotis daubentonii,0.008,0.025,-1,Echolocation,/mnt/ubna_data_01_mir/recover-20220825/UBNA_002/20220823_033000.WAV,Telephone Field,recover-20220825,002,1795
536.0935,536.1005,26328,37736,Eptesicus serotinus,0.006,0.023,-1,Echolocation,/mnt/ubna_data_01_mir/recover-20220825/UBNA_002/20220823_033000.WAV,Telephone Field,recover-20220825,002,1795
536.1185,536.1578,68437,83236,Rhinolophus ferrumequinum,0.03,0.03,-1,Echolocation,/mnt/ubna_data_01_mir/recover-20220825/UBNA_002/20220823_033000.WAV,Telephone Field,recover-20220825,002,1795
536.1365,536.1755,68437,82166,Rhinolophus ferrumequinum,0.024,0.024,-1,Echolocation,/mnt/ubna_data_01_mir/recover-20220825/UBNA_002/20220823_033000.WAV,Telephone Field,recover-20220825,002,1795
536.1545,536.1621,26328,37749,Eptesicus serotinus,0.01,0.029,-1,Echolocation,/mnt/ubna_data_01_mir/recover-20220825/UBNA_002/20220823_033000.WAV,Telephone Field,recover-20220825,002,1795
536.1675,536.2038,68437,81573,Rhinolophus ferrumequinum,0.023,0.023,-1,Echolocation,/mnt/ubna_data_01_mir/recover-20220825/UBNA_002/20220823_033000.WAV,Telephone Field,recover-20220825,002,1795
536.1855,536.1951,40937,49590,Pipistrellus nathusii,0.214,0.299,-1,Echolocation,/mnt/ubna_data_01_mir/recover-20220825/UBNA_002/20220823_033000.WAV,Telephone Field,recover-20220825,002,1795
536.2145,536.2225,54687,61561,Pipistrellus pygmaeus,0.024,0.025,-1,Echolocation,/mnt/ubna_data_01_mir/recover-20220825/UBNA_002/20220823_033000.WAV,Telephone Field,recover-20220825,002,1795
536.2185,536.2308,37500,42058,Pipistrellus nathusii,0.052,0.068,-1,Echolocation,/mnt/ubna_data_01_mir/recover-20220825/UBNA_002/20220823_033000.WAV,Telephone Field,recover-20220825,002,1795
536.2225,536.2296,26328,35441,Eptesicus serotinus,0.007,0.025,-1,Echolocation,/mnt/ubna_data_01_mir/recover-20220825/UBNA_002/20220823_033000.WAV,Telephone Field,recover-20220825,002,1795
536.2345,536.2731,68437,82014,Rhinolophus ferrumequinum,0.024,0.024,-1,Echolocation,/mnt/ubna_data_01_mir/recover-20220825/UBNA_002/20220823_033000.WAV,Telephone Field,recover-20220825,002,1795
536.2445,536.2501,41796,54273,Myotis brandtii,0.018,0.042,-1,Echolocation,/mnt/ubna_data_01_mir/recover-20220825/UBNA_002/20220823_033000.WAV,Telephone Field,recover-20220825,002,1795
536.2525,536.2602,26328,36350,Eptesicus serotinus,0.008,0.023,-1,Echolocation,/mnt/ubna_data_01_mir/recover-20220825/UBNA_002/20220823_033000.WAV,Telephone Field,recover-20220825,002,1795
536.2645,536.2709,30625,46943,Myotis daubentonii,0.012,0.027,-1,Echolocation,/mnt/ubna_data_01_mir/recover-20220825/UBNA_002/20220823_033000.WAV,Telephone Field,recover-20220825,002,1795
536.2655,536.2741,43515,53019,Pipistrellus nathusii,0.015,0.031,-1,Echolocation,/mnt/ubna_data_01_mir/recover-20220825/UBNA_002/20220823_033000.WAV,Telephone Field,recover-20220825,002,1795
536.2775,536.2846,27187,35873,Eptesicus serotinus,0.007,0.025,-1,Echolocation,/mnt/ubna_data_01_mir/recover-20220825/UBNA_002/20220823_033000.WAV,Telephone Field,recover-20220825,002,1795
536.3325,536.3402,39218,52974,Pipistrellus nathusii,0.134,0.253,-1,Echolocation,/mnt/ubna_data_01_mir/recover-20220825/UBNA_002/20220823_033000.WAV,Telephone Field,recover-20220825,002,1795
536.3325,536.37,68437,82122,Rhinolophus ferrumequinum,0.023,0.023,-1,Echolocation,/mnt/ubna_data_01_mir/recover-20220825/UBNA_002/20220823_033000.WAV,Telephone Field,recover-20220825,002,1795
536.3635,536.3704,27187,39461,Eptesicus serotinus,0.006,0.024,-1,Echolocation,/mnt/ubna_data_01_mir/recover-20220825/UBNA_002/20220823_033000.WAV,Telephone Field,recover-20220825,002,1795
536.4005,536.4115,24609,30634,Nyctalus leisleri,0.013,0.032,-1,Echolocation,/mnt/ubna_data_01_mir/recover-20220825/UBNA_002/20220823_033000.WAV,Telephone Field,recover-20220825,002,1795
536.4105,536.4188,43515,50665,Pipistrellus nathusii,0.024,0.043,-1,Echolocation,/mnt/ubna_data_01_mir/recover-20220825/UBNA_002/20220823_033000.WAV,Telephone Field,recover-20220825,002,1795
536.4315,536.4422,22890,29173,Nyctalus leisleri,0.01,0.026,-1,Echolocation,/mnt/ubna_data_01_mir/recover-20220825/UBNA_002/20220823_033000.WAV,Telephone Field,recover-20220825,002,1795
536.4405,536.4485999999999,58984,68979,Pipistrellus pygmaeus,0.051,0.054,-1,Echolocation,/mnt/ubna_data_01_mir/recover-20220825/UBNA_002/20220823_033000.WAV,Telephone Field,recover-20220825,002,1795
536.4425,536.449,37500,50473,Myotis brandtii,0.011,0.025,-1,Echolocation,/mnt/ubna_data_01_mir/recover-20220825/UBNA_002/20220823_033000.WAV,Telephone Field,recover-20220825,002,1795
536.4595,536.4658,36640,51616,Myotis brandtii,0.019,0.044,-1,Echolocation,/mnt/ubna_data_01_mir/recover-20220825/UBNA_002/20220823_033000.WAV,Telephone Field,recover-20220825,002,1795
536.4795,536.4851,40078,53683,Myotis daubentonii,0.008,0.026,-1,Echolocation,/mnt/ubna_data_01_mir/recover-20220825/UBNA_002/20220823_033000.WAV,Telephone Field,recover-20220825,002,1795
536.4895,536.4956,53828,60821,Pipistrellus pygmaeus,0.026,0.028,-1,Echolocation,/mnt/ubna_data_01_mir/recover-20220825/UBNA_002/20220823_033000.WAV,Telephone Field,recover-20220825,002,1795
536.4965,536.5042,40078,50284,Pipistrellus nathusii,0.453,0.488,-1,Echolocation,/mnt/ubna_data_01_mir/recover-20220825/UBNA_002/20220823_033000.WAV,Telephone Field,recover-20220825,002,1795
536.5605,536.5678,26328,36056,Eptesicus serotinus,0.007,0.023,-1,Echolocation,/mnt/ubna_data_01_mir/recover-20220825/UBNA_002/20220823_033000.WAV,Telephone Field,recover-20220825,002,1795
536.5725,536.5787,30625,47482,Myotis daubentonii,0.014,0.038,-1,Echolocation,/mnt/ubna_data_01_mir/recover-20220825/UBNA_002/20220823_033000.WAV,Telephone Field,recover-20220825,002,1795
536.5725,536.5786,36640,51985,Myotis brandtii,0.015,0.034,-1,Echolocation,/mnt/ubna_data_01_mir/recover-20220825/UBNA_002/20220823_033000.WAV,Telephone Field,recover-20220825,002,1795
536.5835,536.5914,27187,35837,Eptesicus serotinus,0.009,0.024,-1,Echolocation,/mnt/ubna_data_01_mir/recover-20220825/UBNA_002/20220823_033000.WAV,Telephone Field,recover-20220825,002,1795
536.5895,536.6239,68437,80192,Rhinolophus ferrumequinum,0.023,0.023,-1,Echolocation,/mnt/ubna_data_01_mir/recover-20220825/UBNA_002/20220823_033000.WAV,Telephone Field,recover-20220825,002,1795
536.5985000000001,536.6349,68437,81498,Rhinolophus ferrumequinum,0.023,0.023,-1,Echolocation,/mnt/ubna_data_01_mir/recover-20220825/UBNA_002/20220823_033000.WAV,Telephone Field,recover-20220825,002,1795
536.6315,536.642,37500,43327,Pipistrellus nathusii,0.021,0.035,-1,Echolocation,/mnt/ubna_data_01_mir/recover-20220825/UBNA_002/20220823_033000.WAV,Telephone Field,recover-20220825,002,1795
536.6315,536.639,26328,37655,Eptesicus serotinus,0.007,0.023,-1,Echolocation,/mnt/ubna_data_01_mir/recover-20220825/UBNA_002/20220823_033000.WAV,Telephone Field,recover-20220825,002,1795
536.6745,536.6843,40078,46405,Pipistrellus nathusii,0.224,0.265,-1,Echolocation,/mnt/ubna_data_01_mir/recover-20220825/UBNA_002/20220823_033000.WAV,Telephone Field,recover-20220825,002,1795
536.6985,536.7072000000001,26328,38422,Eptesicus serotinus,0.009,0.023,-1,Echolocation,/mnt/ubna_data_01_mir/recover-20220825/UBNA_002/20220823_033000.WAV,Telephone Field,recover-20220825,002,1795
536.7015,536.7097,34921,41301,Barbastellus barbastellus,0.014,0.029,-1,Echolocation,/mnt/ubna_data_01_mir/recover-20220825/UBNA_002/20220823_033000.WAV,Telephone Field,recover-20220825,002,1795
536.7375,536.7451,26328,37712,Eptesicus serotinus,0.009,0.028,-1,Echolocation,/mnt/ubna_data_01_mir/recover-20220825/UBNA_002/20220823_033000.WAV,Telephone Field,recover-20220825,002,1795
536.7585,536.7976,68437,82290,Rhinolophus ferrumequinum,0.024,0.024,-1,Echolocation,/mnt/ubna_data_01_mir/recover-20220825/UBNA_002/20220823_033000.WAV,Telephone Field,recover-20220825,002,1795
536.7615,536.7687,27187,37670,Eptesicus serotinus,0.007,0.023,-1,Echolocation,/mnt/ubna_data_01_mir/recover-20220825/UBNA_002/20220823_033000.WAV,Telephone Field,recover-20220825,002,1795
536.7685,536.7792,41796,46243,Pipistrellus nathusii,0.048,0.059,-1,Echolocation,/mnt/ubna_data_01_mir/recover-20220825/UBNA_002/20220823_033000.WAV,Telephone Field,recover-20220825,002,1795
536.8455,536.8539,26328,34270,Eptesicus serotinus,0.011,0.027,-1,Echolocation,/mnt/ubna_data_01_mir/recover-20220825/UBNA_002/20220823_033000.WAV,Telephone Field,recover-20220825,002,1795
536.8585,536.8633,37500,56413,Myotis brandtii,0.072,0.136,-1,Echolocation,/mnt/ubna_data_01_mir/recover-20220825/UBNA_002/20220823_033000.WAV,Telephone Field,recover-20220825,002,1795
536.9175,536.9237,39218,51984,Myotis brandtii,0.01,0.025,-1,Echolocation,/mnt/ubna_data_01_mir/recover-20220825/UBNA_002/20220823_033000.WAV,Telephone Field,recover-20220825,002,1795
536.9215,536.9283,26328,39608,Eptesicus serotinus,0.009,0.028,-1,Echolocation,/mnt/ubna_data_01_mir/recover-20220825/UBNA_002/20220823_033000.WAV,Telephone Field,recover-20220825,002,1795
536.9415,536.9496,27187,38425,Eptesicus serotinus,0.008,0.023,-1,Echolocation,/mnt/ubna_data_01_mir/recover-20220825/UBNA_002/20220823_033000.WAV,Telephone Field,recover-20220825,002,1795
537.0035,537.0136,28046,36083,Eptesicus serotinus,0.01,0.024,-1,Echolocation,/mnt/ubna_data_01_mir/recover-20220825/UBNA_002/20220823_033000.WAV,Telephone Field,recover-20220825,002,1795
537.0105,537.0221,15156,24045,Nyctalus noctula,0.017,0.028,-1,Echolocation,/mnt/ubna_data_01_mir/recover-20220825/UBNA_002/20220823_033000.WAV,Telephone Field,recover-20220825,002,1795
537.0375,537.0432,39218,54523,Pipistrellus nathusii,0.194,0.339,-1,Echolocation,/mnt/ubna_data_01_mir/recover-20220825/UBNA_002/20220823_033000.WAV,Telephone Field,recover-20220825,002,1795
537.0465,537.0533,25468,33324,Eptesicus serotinus,0.005,0.023,-1,Echolocation,/mnt/ubna_data_01_mir/recover-20220825/UBNA_002/20220823_033000.WAV,Telephone Field,recover-20220825,002,1795
537.0685,537.0772,27187,36862,Eptesicus serotinus,0.009,0.025,-1,Echolocation,/mnt/ubna_data_01_mir/recover-20220825/UBNA_002/20220823_033000.WAV,Telephone Field,recover-20220825,002,1795
537.1085,537.1137,38359,54283,Pipistrellus nathusii,0.163,0.406,-1,Echolocation,/mnt/ubna_data_01_mir/recover-20220825/UBNA_002/20220823_033000.WAV,Telephone Field,recover-20220825,002,1795
537.1185,537.1252,26328,35224,Eptesicus serotinus,0.006,0.025,-1,Echolocation,/mnt/ubna_data_01_mir/recover-20220825/UBNA_002/20220823_033000.WAV,Telephone Field,recover-20220825,002,1795
537.1645,537.2015,68437,81280,Rhinolophus ferrumequinum,0.023,0.023,-1,Echolocation,/mnt/ubna_data_01_mir/recover-20220825/UBNA_002/20220823_033000.WAV,Telephone Field,recover-20220825,002,1795
537.1695,537.1765,40078,50531,Pipistrellus nathusii,0.148,0.372,-1,Echolocation,/mnt/ubna_data_01_mir/recover-20220825/UBNA_002/20220823_033000.WAV,Telephone Field,recover-20220825,002,1795
537.1825,537.2175,68437,81524,Rhinolophus ferrumequinum,0.023,0.023,-1,Echolocation,/mnt/ubna_data_01_mir/recover-20220825/UBNA_002/20220823_033000.WAV,Telephone Field,recover-20220825,002,1795
537.1975,537.207,54687,59738,Pipistrellus pygmaeus,0.036,0.039,-1,Echolocation,/mnt/ubna_data_01_mir/recover-20220825/UBNA_002/20220823_033000.WAV,Telephone Field,recover-20220825,002,1795
537.2065,537.2141,26328,39326,Eptesicus serotinus,0.009,0.027,-1,Echolocation,/mnt/ubna_data_01_mir/recover-20220825/UBNA_002/20220823_033000.WAV,Telephone Field,recover-20220825,002,1795
537.2125,537.2182,35781,43481,Myotis daubentonii,0.011,0.03,-1,Echolocation,/mnt/ubna_data_01_mir/recover-20220825/UBNA_002/20220823_033000.WAV,Telephone Field,recover-20220825,002,1795
537.2215,537.2276,30625,40773,Myotis daubentonii,0.012,0.024,-1,Echolocation,/mnt/ubna_data_01_mir/recover-20220825/UBNA_002/20220823_033000.WAV,Telephone Field,recover-20220825,002,1795
537.2375,537.242,38359,53415,Pipistrellus nathusii,0.253,0.463,-1,Echolocation,/mnt/ubna_data_01_mir/recover-20220825/UBNA_002/20220823_033000.WAV,Telephone Field,recover-20220825,002,1795
537.2975,537.3064,28046,36018,Eptesicus serotinus,0.009,0.024,-1,Echolocation,/mnt/ubna_data_01_mir/recover-20220825/UBNA_002/20220823_033000.WAV,Telephone Field,recover-20220825,002,1795
537.3095,537.3173,27187,37420,Eptesicus serotinus,0.008,0.023,-1,Echolocation,/mnt/ubna_data_01_mir/recover-20220825/UBNA_002/20220823_033000.WAV,Telephone Field,recover-20220825,002,1795
537.3235,537.3287,37500,53513,Myotis brandtii,0.023,0.056,-1,Echolocation,/mnt/ubna_data_01_mir/recover-20220825/UBNA_002/20220823_033000.WAV,Telephone Field,recover-20220825,002,1795
537.3315,537.3706999999999,68437,82204,Rhinolophus ferrumequinum,0.032,0.032,-1,Echolocation,/mnt/ubna_data_01_mir/recover-20220825/UBNA_002/20220823_033000.WAV,Telephone Field,recover-20220825,002,1795
537.3625,537.3677,39218,58225,Myotis brandtii,0.023,0.045,-1,Echolocation,/mnt/ubna_data_01_mir/recover-20220825/UBNA_002/20220823_033000.WAV,Telephone Field,recover-20220825,002,1795
537.3705,537.3799,26328,35563,Eptesicus serotinus,0.011,0.028,-1,Echolocation,/mnt/ubna_data_01_mir/recover-20220825/UBNA_002/20220823_033000.WAV,Telephone Field,recover-20220825,002,1795
537.4085,537.4181,50390,54299,Pipistrellus pipistrellus,0.015,0.028,-1,Echolocation,/mnt/ubna_data_01_mir/recover-20220825/UBNA_002/20220823_033000.WAV,Telephone Field,recover-20220825,002,1795
537.4135,537.4182,38359,50661,Pipistrellus nathusii,0.238,0.403,-1,Echolocation,/mnt/ubna_data_01_mir/recover-20220825/UBNA_002/20220823_033000.WAV,Telephone Field,recover-20220825,002,1795
537.4225,537.4301,26328,33681,Eptesicus serotinus,0.006,0.024,-1,Echolocation,/mnt/ubna_data_01_mir/recover-20220825/UBNA_002/20220823_033000.WAV,Telephone Field,recover-20220825,002,1795
537.4725,537.4786,30625,47048,Myotis daubentonii,0.01,0.025,-1,Echolocation,/mnt/ubna_data_01_mir/recover-20220825/UBNA_002/20220823_033000.WAV,Telephone Field,recover-20220825,002,1795
537.5085,537.5144,40078,49734,Pipistrellus nathusii,0.208,0.386,-1,Echolocation,/mnt/ubna_data_01_mir/recover-20220825/UBNA_002/20220823_033000.WAV,Telephone Field,recover-20220825,002,1795
537.5305,537.5667,68437,81083,Rhinolophus ferrumequinum,0.023,0.023,-1,Echolocation,/mnt/ubna_data_01_mir/recover-20220825/UBNA_002/20220823_033000.WAV,Telephone Field,recover-20220825,002,1795
537.5725,537.5804,27187,38816,Eptesicus serotinus,0.007,0.023,-1,Echolocation,/mnt/ubna_data_01_mir/recover-20220825/UBNA_002/20220823_033000.WAV,Telephone Field,recover-20220825,002,1795
537.5935,537.5999,36640,52904,Pipistrellus nathusii,0.211,0.448,-1,Echolocation,/mnt/ubna_data_01_mir/recover-20220825/UBNA_002/20220823_033000.WAV,Telephone Field,recover-20220825,002,1795
537.6605,537.6668999999999,41796,52328,Pipistrellus nathusii,0.023,0.042,-1,Echolocation,/mnt/ubna_data_01_mir/recover-20220825/UBNA_002/20220823_033000.WAV,Telephone Field,recover-20220825,002,1795
537.6885,537.6943,37500,50246,Pipistrellus nathusii,0.197,0.46,-1,Echolocation,/mnt/ubna_data_01_mir/recover-20220825/UBNA_002/20220823_033000.WAV,Telephone Field,recover-20220825,002,1795
537.7225,537.7629,68437,82899,Rhinolophus ferrumequinum,0.026,0.026,-1,Echolocation,/mnt/ubna_data_01_mir/recover-20220825/UBNA_002/20220823_033000.WAV,Telephone Field,recover-20220825,002,1795
537.7335,537.7407,26328,40002,Eptesicus serotinus,0.007,0.023,-1,Echolocation,/mnt/ubna_data_01_mir/recover-20220825/UBNA_002/20220823_033000.WAV,Telephone Field,recover-20220825,002,1795
537.7605,537.7663,34921,57183,Myotis brandtii,0.012,0.027,-1,Echolocation,/mnt/ubna_data_01_mir/recover-20220825/UBNA_002/20220823_033000.WAV,Telephone Field,recover-20220825,002,1795
537.7764999999999,537.784,38359,47707,Pipistrellus nathusii,0.26,0.47,-1,Echolocation,/mnt/ubna_data_01_mir/recover-20220825/UBNA_002/20220823_033000.WAV,Telephone Field,recover-20220825,002,1795
537.7855,537.7916,28906,39355,Myotis daubentonii,0.012,0.024,-1,Echolocation,/mnt/ubna_data_01_mir/recover-20220825/UBNA_002/20220823_033000.WAV,Telephone Field,recover-20220825,002,1795
537.8105,537.8476,68437,81315,Rhinolophus ferrumequinum,0.024,0.024,-1,Echolocation,/mnt/ubna_data_01_mir/recover-20220825/UBNA_002/20220823_033000.WAV,Telephone Field,recover-20220825,002,1795
537.8135,537.8203,50390,56504,Pipistrellus pygmaeus,0.026,0.043,-1,Echolocation,/mnt/ubna_data_01_mir/recover-20220825/UBNA_002/20220823_033000.WAV,Telephone Field,recover-20220825,002,1795
537.8205,537.8294,53828,58526,Pipistrellus pygmaeus,0.043,0.045,-1,Echolocation,/mnt/ubna_data_01_mir/recover-20220825/UBNA_002/20220823_033000.WAV,Telephone Field,recover-20220825,002,1795
537.8265,537.8345,27187,37039,Eptesicus serotinus,0.009,0.026,-1,Echolocation,/mnt/ubna_data_01_mir/recover-20220825/UBNA_002/20220823_033000.WAV,Telephone Field,recover-20220825,002,1795
537.8525,537.8628,28046,34236,Eptesicus serotinus,0.01,0.024,-1,Echolocation,/mnt/ubna_data_01_mir/recover-20220825/UBNA_002/20220823_033000.WAV,Telephone Field,recover-20220825,002,1795
537.8655,537.8716,37500,50495,Pipistrellus nathusii,0.299,0.501,-1,Echolocation,/mnt/ubna_data_01_mir/recover-20220825/UBNA_002/20220823_033000.WAV,Telephone Field,recover-20220825,002,1795
537.8745,537.8803,30625,40941,Myotis daubentonii,0.012,0.023,-1,Echolocation,/mnt/ubna_data_01_mir/recover-20220825/UBNA_002/20220823_033000.WAV,Telephone Field,recover-20220825,002,1795
537.9075,537.9151,31484,41607,Barbastellus barbastellus,0.009,0.025,-1,Echolocation,/mnt/ubna_data_01_mir/recover-20220825/UBNA_002/20220823_033000.WAV,Telephone Field,recover-20220825,002,1795
537.9455,537.9544,26328,33046,Eptesicus serotinus,0.012,0.028,-1,Echolocation,/mnt/ubna_data_01_mir/recover-20220825/UBNA_002/20220823_033000.WAV,Telephone Field,recover-20220825,002,1795
537.9585,537.9639,40937,48854,Pipistrellus nathusii,0.208,0.391,-1,Echolocation,/mnt/ubna_data_01_mir/recover-20220825/UBNA_002/20220823_033000.WAV,Telephone Field,recover-20220825,002,1795
538.0015,538.0142,55546,63318,Pipistrellus pygmaeus,0.021,0.023,-1,Echolocation,/mnt/ubna_data_01_mir/recover-20220825/UBNA_002/20220823_033000.WAV,Telephone Field,recover-20220825,002,1795
538.0015,538.0087,47812,58010,Pipistrellus pipistrellus,0.026,0.036,-1,Echolocation,/mnt/ubna_data_01_mir/recover-20220825/UBNA_002/20220823_033000.WAV,Telephone Field,recover-20220825,002,1795
538.0015,538.0086,41796,54086,Myotis brandtii,0.009,0.022,-1,Echolocation,/mnt/ubna_data_01_mir/recover-20220825/UBNA_002/20220823_033000.WAV,Telephone Field,recover-20220825,002,1795
538.0015,538.0324,70156,83382,Rhinolophus ferrumequinum,0.053,0.053,-1,Echolocation,/mnt/ubna_data_01_mir/recover-20220825/UBNA_002/20220823_033000.WAV,Telephone Field,recover-20220825,002,1795
538.0015,538.0106,23750,30605,Nyctalus leisleri,0.013,0.034,-1,Echolocation,/mnt/ubna_data_01_mir/recover-20220825/UBNA_002/20220823_033000.WAV,Telephone Field,recover-20220825,002,1795
538.0285,538.0671,68437,82502,Rhinolophus ferrumequinum,0.024,0.024,-1,Echolocation,/mnt/ubna_data_01_mir/recover-20220825/UBNA_002/20220823_033000.WAV,Telephone Field,recover-20220825,002,1795
538.0465,538.0529,38359,47758,Pipistrellus nathusii,0.19,0.407,-1,Echolocation,/mnt/ubna_data_01_mir/recover-20220825/UBNA_002/20220823_033000.WAV,Telephone Field,recover-20220825,002,1795
538.0535,538.0962,68437,82923,Rhinolophus ferrumequinum,0.036,0.036,-1,Echolocation,/mnt/ubna_data_01_mir/recover-20220825/UBNA_002/20220823_033000.WAV,Telephone Field,recover-20220825,002,1795
538.0975,538.135,68437,82059,Rhinolophus ferrumequinum,0.024,0.024,-1,Echolocation,/mnt/ubna_data_01_mir/recover-20220825/UBNA_002/20220823_033000.WAV,Telephone Field,recover-20220825,002,1795
538.1235,538.1317,28046,40253,Eptesicus serotinus,0.008,0.024,-1,Echolocation,/mnt/ubna_data_01_mir/recover-20220825/UBNA_002/20220823_033000.WAV,Telephone Field,recover-20220825,002,1795
538.1375,538.1737,68437,81517,Rhinolophus ferrumequinum,0.024,0.024,-1,Echolocation,/mnt/ubna_data_01_mir/recover-20220825/UBNA_002/20220823_033000.WAV,Telephone Field,recover-20220825,002,1795
538.1425,538.1484,33203,48093,Myotis daubentonii,0.011,0.026,-1,Echolocation,/mnt/ubna_data_01_mir/recover-20220825/UBNA_002/20220823_033000.WAV,Telephone Field,recover-20220825,002,1795
538.1595,538.1961,68437,82476,Rhinolophus ferrumequinum,0.027,0.027,-1,Echolocation,/mnt/ubna_data_01_mir/recover-20220825/UBNA_002/20220823_033000.WAV,Telephone Field,recover-20220825,002,1795
538.1785,538.2197,68437,83017,Rhinolophus ferrumequinum,0.03,0.03,-1,Echolocation,/mnt/ubna_data_01_mir/recover-20220825/UBNA_002/20220823_033000.WAV,Telephone Field,recover-20220825,002,1795
538.2265,538.2321,38359,46795,Barbastellus barbastellus,0.052,0.086,-1,Echolocation,/mnt/ubna_data_01_mir/recover-20220825/UBNA_002/20220823_033000.WAV,Telephone Field,recover-20220825,002,1795
538.2375,538.2808,68437,83200,Rhinolophus ferrumequinum,0.054,0.054,-1,Echolocation,/mnt/ubna_data_01_mir/recover-20220825/UBNA_002/20220823_033000.WAV,Telephone Field,recover-20220825,002,1795
538.2375,538.2482,27187,34238,Eptesicus serotinus,0.011,0.023,-1,Echolocation,/mnt/ubna_data_01_mir/recover-20220825/UBNA_002/20220823_033000.WAV,Telephone Field,recover-20220825,002,1795
538.2925,538.3328,68437,82686,Rhinolophus ferrumequinum,0.027,0.027,-1,Echolocation,/mnt/ubna_data_01_mir/recover-20220825/UBNA_002/20220823_033000.WAV,Telephone Field,recover-20220825,002,1795
538.3235,538.3296,31484,46357,Myotis daubentonii,0.018,0.039,-1,Echolocation,/mnt/ubna_data_01_mir/recover-20220825/UBNA_002/20220823_033000.WAV,Telephone Field,recover-20220825,002,1795
538.3235,538.3656,68437,82861,Rhinolophus ferrumequinum,0.04,0.04,-1,Echolocation,/mnt/ubna_data_01_mir/recover-20220825/UBNA_002/20220823_033000.WAV,Telephone Field,recover-20220825,002,1795
538.3255,538.3336,37500,43303,Barbastellus barbastellus,0.026,0.05,-1,Echolocation,/mnt/ubna_data_01_mir/recover-20220825/UBNA_002/20220823_033000.WAV,Telephone Field,recover-20220825,002,1795
538.3685,538.4064,68437,82273,Rhinolophus ferrumequinum,0.023,0.023,-1,Echolocation,/mnt/ubna_data_01_mir/recover-20220825/UBNA_002/20220823_033000.WAV,Telephone Field,recover-20220825,002,1795
538.3825,538.4226,68437,82222,Rhinolophus ferrumequinum,0.022,0.022,-1,Echolocation,/mnt/ubna_data_01_mir/recover-20220825/UBNA_002/20220823_033000.WAV,Telephone Field,recover-20220825,002,1795
538.4055,538.4406,68437,81663,Rhinolophus ferrumequinum,0.037,0.037,-1,Echolocation,/mnt/ubna_data_01_mir/recover-20220825/UBNA_002/20220823_033000.WAV,Telephone Field,recover-20220825,002,1795
538.4135,538.4241,24609,30869,Nyctalus leisleri,0.011,0.032,-1,Echolocation,/mnt/ubna_data_01_mir/recover-20220825/UBNA_002/20220823_033000.WAV,Telephone Field,recover-20220825,002,1795
538.4325,538.4395,27187,43371,Eptesicus serotinus,0.007,0.025,-1,Echolocation,/mnt/ubna_data_01_mir/recover-20220825/UBNA_002/20220823_033000.WAV,Telephone Field,recover-20220825,002,1795
538.4445,538.4824,68437,81681,Rhinolophus ferrumequinum,0.024,0.024,-1,Echolocation,/mnt/ubna_data_01_mir/recover-20220825/UBNA_002/20220823_033000.WAV,Telephone Field,recover-20220825,002,1795
538.4515,538.4904,68437,81874,Rhinolophus ferrumequinum,0.023,0.023,-1,Echolocation,/mnt/ubna_data_01_mir/recover-20220825/UBNA_002/20220823_033000.WAV,Telephone Field,recover-20220825,002,1795
538.4815,538.5213,68437,82501,Rhinolophus ferrumequinum,0.025,0.025,-1,Echolocation,/mnt/ubna_data_01_mir/recover-20220825/UBNA_002/20220823_033000.WAV,Telephone Field,recover-20220825,002,1795
538.5045,538.54,68437,81872,Rhinolophus ferrumequinum,0.022,0.022,-1,Echolocation,/mnt/ubna_data_01_mir/recover-20220825/UBNA_002/20220823_033000.WAV,Telephone Field,recover-20220825,002,1795
538.5405,538.5786,68437,82266,Rhinolophus ferrumequinum,0.023,0.023,-1,Echolocation,/mnt/ubna_data_01_mir/recover-20220825/UBNA_002/20220823_033000.WAV,Telephone Field,recover-20220825,002,1795
538.5505,538.558,58125,63301,Pipistrellus pygmaeus,0.024,0.024,-1,Echolocation,/mnt/ubna_data_01_mir/recover-20220825/UBNA_002/20220823_033000.WAV,Telephone Field,recover-20220825,002,1795
538.5515,538.5584,28046,38917,Eptesicus serotinus,0.008,0.026,-1,Echolocation,/mnt/ubna_data_01_mir/recover-20220825/UBNA_002/20220823_033000.WAV,Telephone Field,recover-20220825,002,1795
538.5955,538.6349,68437,82578,Rhinolophus ferrumequinum,0.026,0.026,-1,Echolocation,/mnt/ubna_data_01_mir/recover-20220825/UBNA_002/20220823_033000.WAV,Telephone Field,recover-20220825,002,1795
538.6065,538.6168,28046,35914,Eptesicus serotinus,0.011,0.024,-1,Echolocation,/mnt/ubna_data_01_mir/recover-20220825/UBNA_002/20220823_033000.WAV,Telephone Field,recover-20220825,002,1795
538.6095,538.6474,68437,82206,Rhinolophus ferrumequinum,0.022,0.023,-1,Echolocation,/mnt/ubna_data_01_mir/recover-20220825/UBNA_002/20220823_033000.WAV,Telephone Field,recover-20220825,002,1795
538.6185,538.6284,50390,56534,Pipistrellus pipistrellus,0.019,0.026,-1,Echolocation,/mnt/ubna_data_01_mir/recover-20220825/UBNA_002/20220823_033000.WAV,Telephone Field,recover-20220825,002,1795
538.6245,538.6638,68437,82440,Rhinolophus ferrumequinum,0.023,0.023,-1,Echolocation,/mnt/ubna_data_01_mir/recover-20220825/UBNA_002/20220823_033000.WAV,Telephone Field,recover-20220825,002,1795
538.6495,538.6899,68437,82599,Rhinolophus ferrumequinum,0.026,0.026,-1,Echolocation,/mnt/ubna_data_01_mir/recover-20220825/UBNA_002/20220823_033000.WAV,Telephone Field,recover-20220825,002,1795
538.6775,538.7175,68437,82040,Rhinolophus ferrumequinum,0.024,0.024,-1,Echolocation,/mnt/ubna_data_01_mir/recover-20220825/UBNA_002/20220823_033000.WAV,Telephone Field,recover-20220825,002,1795
538.6935,538.7329,68437,83103,Rhinolophus ferrumequinum,0.022,0.022,-1,Echolocation,/mnt/ubna_data_01_mir/recover-20220825/UBNA_002/20220823_033000.WAV,Telephone Field,recover-20220825,002,1795
538.7105,538.7514,68437,82867,Rhinolophus ferrumequinum,0.061,0.061,-1,Echolocation,/mnt/ubna_data_01_mir/recover-20220825/UBNA_002/20220823_033000.WAV,Telephone Field,recover-20220825,002,1795
538.7255,538.7399,23750,27893,Nyctalus leisleri,0.015,0.028,-1,Echolocation,/mnt/ubna_data_01_mir/recover-20220825/UBNA_002/20220823_033000.WAV,Telephone Field,recover-20220825,002,1795
538.7335,538.773,68437,82328,Rhinolophus ferrumequinum,0.04,0.04,-1,Echolocation,/mnt/ubna_data_01_mir/recover-20220825/UBNA_002/20220823_033000.WAV,Telephone Field,recover-20220825,002,1795
538.7875,538.8238,68437,81948,Rhinolophus ferrumequinum,0.023,0.023,-1,Echolocation,/mnt/ubna_data_01_mir/recover-20220825/UBNA_002/20220823_033000.WAV,Telephone Field,recover-20220825,002,1795
538.8085,538.8472,68437,81855,Rhinolophus ferrumequinum,0.023,0.023,-1,Echolocation,/mnt/ubna_data_01_mir/recover-20220825/UBNA_002/20220823_033000.WAV,Telephone Field,recover-20220825,002,1795
538.8375,538.8543,21171,24622,Nyctalus leisleri,0.015,0.028,-1,Echolocation,/mnt/ubna_data_01_mir/recover-20220825/UBNA_002/20220823_033000.WAV,Telephone Field,recover-20220825,002,1795
538.8395,538.8779,68437,82432,Rhinolophus ferrumequinum,0.023,0.023,-1,Echolocation,/mnt/ubna_data_01_mir/recover-20220825/UBNA_002/20220823_033000.WAV,Telephone Field,recover-20220825,002,1795
538.8795,538.919,68437,82702,Rhinolophus ferrumequinum,0.022,0.022,-1,Echolocation,/mnt/ubna_data_01_mir/recover-20220825/UBNA_002/20220823_033000.WAV,Telephone Field,recover-20220825,002,1795
538.8905,538.8997,44375,47760,Pipistrellus pipistrellus,0.021,0.024,-1,Echolocation,/mnt/ubna_data_01_mir/recover-20220825/UBNA_002/20220823_033000.WAV,Telephone Field,recover-20220825,002,1795
538.9105,538.9226,22031,26171,Nyctalus leisleri,0.013,0.023,-1,Echolocation,/mnt/ubna_data_01_mir/recover-20220825/UBNA_002/20220823_033000.WAV,Telephone Field,recover-20220825,002,1795
538.9405,538.9768,68437,81335,Rhinolophus ferrumequinum,0.023,0.023,-1,Echolocation,/mnt/ubna_data_01_mir/recover-20220825/UBNA_002/20220823_033000.WAV,Telephone Field,recover-20220825,002,1795
538.9705,539.0092,68437,82091,Rhinolophus ferrumequinum,0.024,0.024,-1,Echolocation,/mnt/ubna_data_01_mir/recover-20220825/UBNA_002/20220823_033000.WAV,Telephone Field,recover-20220825,002,1795
538.9715,538.9785,27187,39145,Eptesicus serotinus,0.008,0.031,-1,Echolocation,/mnt/ubna_data_01_mir/recover-20220825/UBNA_002/20220823_033000.WAV,Telephone Field,recover-20220825,002,1795
538.9845,539.0221,68437,82332,Rhinolophus ferrumequinum,0.025,0.025,-1,Echolocation,/mnt/ubna_data_01_mir/recover-20220825/UBNA_002/20220823_033000.WAV,Telephone Field,recover-20220825,002,1795
538.9915,539.0316,68437,82788,Rhinolophus ferrumequinum,0.027,0.027,-1,Echolocation,/mnt/ubna_data_01_mir/recover-20220825/UBNA_002/20220823_033000.WAV,Telephone Field,recover-20220825,002,1795
539.0115,539.0501,68437,82538,Rhinolophus ferrumequinum,0.023,0.023,-1,Echolocation,/mnt/ubna_data_01_mir/recover-20220825/UBNA_002/20220823_033000.WAV,Telephone Field,recover-20220825,002,1795
539.0245,539.0652,68437,82765,Rhinolophus ferrumequinum,0.029,0.029,-1,Echolocation,/mnt/ubna_data_01_mir/recover-20220825/UBNA_002/20220823_033000.WAV,Telephone Field,recover-20220825,002,1795
539.0895,539.1304,68437,82389,Rhinolophus ferrumequinum,0.031,0.031,-1,Echolocation,/mnt/ubna_data_01_mir/recover-20220825/UBNA_002/20220823_033000.WAV,Telephone Field,recover-20220825,002,1795
539.1245,539.1614,68437,81939,Rhinolophus ferrumequinum,0.023,0.023,-1,Echolocation,/mnt/ubna_data_01_mir/recover-20220825/UBNA_002/20220823_033000.WAV,Telephone Field,recover-20220825,002,1795
539.1265,539.1374,24609,30937,Nyctalus leisleri,0.011,0.029,-1,Echolocation,/mnt/ubna_data_01_mir/recover-20220825/UBNA_002/20220823_033000.WAV,Telephone Field,recover-20220825,002,1795
539.1365,539.1484,28906,35473,Eptesicus serotinus,0.017,0.032,-1,Echolocation,/mnt/ubna_data_01_mir/recover-20220825/UBNA_002/20220823_033000.WAV,Telephone Field,recover-20220825,002,1795
539.1575,539.1937,68437,81943,Rhinolophus ferrumequinum,0.029,0.029,-1,Echolocation,/mnt/ubna_data_01_mir/recover-20220825/UBNA_002/20220823_033000.WAV,Telephone Field,recover-20220825,002,1795
539.1705,539.207,68437,81705,Rhinolophus ferrumequinum,0.026,0.026,-1,Echolocation,/mnt/ubna_data_01_mir/recover-20220825/UBNA_002/20220823_033000.WAV,Telephone Field,recover-20220825,002,1795
539.2105,539.2453,68437,81121,Rhinolophus ferrumequinum,0.023,0.023,-1,Echolocation,/mnt/ubna_data_01_mir/recover-20220825/UBNA_002/20220823_033000.WAV,Telephone Field,recover-20220825,002,1795
539.2245,539.2619,68437,81410,Rhinolophus ferrumequinum,0.022,0.022,-1,Echolocation,/mnt/ubna_data_01_mir/recover-20220825/UBNA_002/20220823_033000.WAV,Telephone Field,recover-20220825,002,1795
539.2665,539.2747,28046,40582,Eptesicus serotinus,0.007,0.023,-1,Echolocation,/mnt/ubna_data_01_mir/recover-20220825/UBNA_002/20220823_033000.WAV,Telephone Field,recover-20220825,002,1795
539.2675,539.3054,68437,82186,Rhinolophus ferrumequinum,0.023,0.023,-1,Echolocation,/mnt/ubna_data_01_mir/recover-20220825/UBNA_002/20220823_033000.WAV,Telephone Field,recover-20220825,002,1795
539.2795,539.2899,24609,30283,Nyctalus leisleri,0.01,0.022,-1,Echolocation,/mnt/ubna_data_01_mir/recover-20220825/UBNA_002/20220823_033000.WAV,Telephone Field,recover-20220825,002,1795
539.2935,539.3327,68437,82541,Rhinolophus ferrumequinum,0.026,0.026,-1,Echolocation,/mnt/ubna_data_01_mir/recover-20220825/UBNA_002/20220823_033000.WAV,Telephone Field,recover-20220825,002,1795
539.3505,539.3597,15156,23621,Plecotus auritus,0.015,0.039,-1,Echolocation,/mnt/ubna_data_01_mir/recover-20220825/UBNA_002/20220823_033000.WAV,Telephone Field,recover-20220825,002,1795
539.3725,539.4146,68437,83181,Rhinolophus ferrumequinum,0.038,0.038,-1,Echolocation,/mnt/ubna_data_01_mir/recover-20220825/UBNA_002/20220823_033000.WAV,Telephone Field,recover-20220825,002,1795
539.4005,539.4426,68437,82580,Rhinolophus ferrumequinum,0.023,0.023,-1,Echolocation,/mnt/ubna_data_01_mir/recover-20220825/UBNA_002/20220823_033000.WAV,Telephone Field,recover-20220825,002,1795
539.4065,539.4472,68437,82704,Rhinolophus ferrumequinum,0.022,0.022,-1,Echolocation,/mnt/ubna_data_01_mir/recover-20220825/UBNA_002/20220823_033000.WAV,Telephone Field,recover-20220825,002,1795
539.4145,539.4269,55546,60601,Pipistrellus pygmaeus,0.02,0.022,-1,Echolocation,/mnt/ubna_data_01_mir/recover-20220825/UBNA_002/20220823_033000.WAV,Telephone Field,recover-20220825,002,1795
539.4405,539.4776,68437,81521,Rhinolophus ferrumequinum,0.022,0.022,-1,Echolocation,/mnt/ubna_data_01_mir/recover-20220825/UBNA_002/20220823_033000.WAV,Telephone Field,recover-20220825,002,1795
539.4475,539.4534,48671,55988,Pipistrellus pipistrellus,0.02,0.023,-1,Echolocation,/mnt/ubna_data_01_mir/recover-20220825/UBNA_002/20220823_033000.WAV,Telephone Field,recover-20220825,002,1795
539.4885,539.5278,68437,82607,Rhinolophus ferrumequinum,0.025,0.025,-1,Echolocation,/mnt/ubna_data_01_mir/recover-20220825/UBNA_002/20220823_033000.WAV,Telephone Field,recover-20220825,002,1795
539.5125,539.5451,68437,80478,Rhinolophus ferrumequinum,0.034,0.034,-1,Echolocation,/mnt/ubna_data_01_mir/recover-20220825/UBNA_002/20220823_033000.WAV,Telephone Field,recover-20220825,002,1795
539.5255,539.5615,68437,81832,Rhinolophus ferrumequinum,0.023,0.023,-1,Echolocation,/mnt/ubna_data_01_mir/recover-20220825/UBNA_002/20220823_033000.WAV,Telephone Field,recover-20220825,002,1795
539.5645,539.5718,28046,39222,Eptesicus serotinus,0.007,0.025,-1,Echolocation,/mnt/ubna_data_01_mir/recover-20220825/UBNA_002/20220823_033000.WAV,Telephone Field,recover-20220825,002,1795
539.5655,539.5855,18593,22616,Nyctalus noctula,0.022,0.032,-1,Echolocation,/mnt/ubna_data_01_mir/recover-20220825/UBNA_002/20220823_033000.WAV,Telephone Field,recover-20220825,002,1795
539.5905,539.6307,68437,82114,Rhinolophus ferrumequinum,0.034,0.034,-1,Echolocation,/mnt/ubna_data_01_mir/recover-20220825/UBNA_002/20220823_033000.WAV,Telephone Field,recover-20220825,002,1795
539.6135,539.6498,68437,81724,Rhinolophus ferrumequinum,0.025,0.025,-1,Echolocation,/mnt/ubna_data_01_mir/recover-20220825/UBNA_002/20220823_033000.WAV,Telephone Field,recover-20220825,002,1795
539.6405,539.6781,68437,81681,Rhinolophus ferrumequinum,0.023,0.023,-1,Echolocation,/mnt/ubna_data_01_mir/recover-20220825/UBNA_002/20220823_033000.WAV,Telephone Field,recover-20220825,002,1795
539.6615,539.6725,22031,26693,Nyctalus leisleri,0.013,0.025,-1,Echolocation,/mnt/ubna_data_01_mir/recover-20220825/UBNA_002/20220823_033000.WAV,Telephone Field,recover-20220825,002,1795
539.6625,539.7024,68437,82829,Rhinolophus ferrumequinum,0.055,0.055,-1,Echolocation,/mnt/ubna_data_01_mir/recover-20220825/UBNA_002/20220823_033000.WAV,Telephone Field,recover-20220825,002,1795
539.7295,539.7654,68437,81677,Rhinolophus ferrumequinum,0.026,0.026,-1,Echolocation,/mnt/ubna_data_01_mir/recover-20220825/UBNA_002/20220823_033000.WAV,Telephone Field,recover-20220825,002,1795
539.7385,539.7712,68437,81131,Rhinolophus ferrumequinum,0.023,0.023,-1,Echolocation,/mnt/ubna_data_01_mir/recover-20220825/UBNA_002/20220823_033000.WAV,Telephone Field,recover-20220825,002,1795
539.7525,539.7908,68437,82161,Rhinolophus ferrumequinum,0.028,0.028,-1,Echolocation,/mnt/ubna_data_01_mir/recover-20220825/UBNA_002/20220823_033000.WAV,Telephone Field,recover-20220825,002,1795
539.7535,539.7605,48671,58281,Pipistrellus pipistrellus,0.018,0.023,-1,Echolocation,/mnt/ubna_data_01_mir/recover-20220825/UBNA_002/20220823_033000.WAV,Telephone Field,recover-20220825,002,1795
539.7615,539.7985,68437,81990,Rhinolophus ferrumequinum,0.024,0.024,-1,Echolocation,/mnt/ubna_data_01_mir/recover-20220825/UBNA_002/20220823_033000.WAV,Telephone Field,recover-20220825,002,1795
539.8295,539.8684,68437,81716,Rhinolophus ferrumequinum,0.023,0.023,-1,Echolocation,/mnt/ubna_data_01_mir/recover-20220825/UBNA_002/20220823_033000.WAV,Telephone Field,recover-20220825,002,1795
539.8925,539.929,68437,81926,Rhinolophus ferrumequinum,0.022,0.022,-1,Echolocation,/mnt/ubna_data_01_mir/recover-20220825/UBNA_002/20220823_033000.WAV,Telephone Field,recover-20220825,002,1795
539.9845,539.9932,26328,38399,Eptesicus serotinus,0.011,0.033,-1,Echolocation,/mnt/ubna_data_01_mir/recover-20220825/UBNA_002/20220823_033000.WAV,Telephone Field,recover-20220825,002,1795
540.0015,540.0121,22031,28146,Nyctalus leisleri,0.009,0.024,-1,Echolocation,/mnt/ubna_data_01_mir/recover-20220825/UBNA_002/20220823_033000.WAV,Telephone Field,recover-20220825,002,1795
540.0015,540.0315,68437,79758,Rhinolophus ferrumequinum,0.025,0.026,-1,Echolocation,/mnt/ubna_data_01_mir/recover-20220825/UBNA_002/20220823_033000.WAV,Telephone Field,recover-20220825,002,1795
540.0145,540.0274,24609,30848,Nyctalus leisleri,0.018,0.04,-1,Echolocation,/mnt/ubna_data_01_mir/recover-20220825/UBNA_002/20220823_033000.WAV,Telephone Field,recover-20220825,002,1795
540.0235,540.0626,68437,82202,Rhinolophus ferrumequinum,0.022,0.022,-1,Echolocation,/mnt/ubna_data_01_mir/recover-20220825/UBNA_002/20220823_033000.WAV,Telephone Field,recover-20220825,002,1795
540.0775,540.1135,68437,81801,Rhinolophus ferrumequinum,0.022,0.022,-1,Echolocation,/mnt/ubna_data_01_mir/recover-20220825/UBNA_002/20220823_033000.WAV,Telephone Field,recover-20220825,002,1795
540.1045,540.114,22031,28321,Plecotus austriacus,0.008,0.023,-1,Echolocation,/mnt/ubna_data_01_mir/recover-20220825/UBNA_002/20220823_033000.WAV,Telephone Field,recover-20220825,002,1795
540.1355,540.1457,21171,27498,Plecotus austriacus,0.009,0.027,-1,Echolocation,/mnt/ubna_data_01_mir/recover-20220825/UBNA_002/20220823_033000.WAV,Telephone Field,recover-20220825,002,1795
540.1455,540.182,68437,81588,Rhinolophus ferrumequinum,0.035,0.035,-1,Echolocation,/mnt/ubna_data_01_mir/recover-20220825/UBNA_002/20220823_033000.WAV,Telephone Field,recover-20220825,002,1795
540.1875,540.2056,20312,23195,Nyctalus leisleri,0.016,0.025,-1,Echolocation,/mnt/ubna_data_01_mir/recover-20220825/UBNA_002/20220823_033000.WAV,Telephone Field,recover-20220825,002,1795
540.2005,540.2407,68437,82703,Rhinolophus ferrumequinum,0.023,0.023,-1,Echolocation,/mnt/ubna_data_01_mir/recover-20220825/UBNA_002/20220823_033000.WAV,Telephone Field,recover-20220825,002,1795
540.2545,540.2637,27187,35847,Eptesicus serotinus,0.011,0.025,-1,Echolocation,/mnt/ubna_data_01_mir/recover-20220825/UBNA_002/20220823_033000.WAV,Telephone Field,recover-20220825,002,1795
540.2855,540.3215,68437,82284,Rhinolophus ferrumequinum,0.022,0.022,-1,Echolocation,/mnt/ubna_data_01_mir/recover-20220825/UBNA_002/20220823_033000.WAV,Telephone Field,recover-20220825,002,1795
540.3055,540.3413,68437,81597,Rhinolophus ferrumequinum,0.022,0.022,-1,Echolocation,/mnt/ubna_data_01_mir/recover-20220825/UBNA_002/20220823_033000.WAV,Telephone Field,recover-20220825,002,1795
540.3365,540.3725,68437,81622,Rhinolophus ferrumequinum,0.026,0.026,-1,Echolocation,/mnt/ubna_data_01_mir/recover-20220825/UBNA_002/20220823_033000.WAV,Telephone Field,recover-20220825,002,1795
540.3775,540.4122,68437,81340,Rhinolophus ferrumequinum,0.024,0.024,-1,Echolocation,/mnt/ubna_data_01_mir/recover-20220825/UBNA_002/20220823_033000.WAV,Telephone Field,recover-20220825,002,1795
540.4025,540.4409,68437,82498,Rhinolophus ferrumequinum,0.025,0.025,-1,Echolocation,/mnt/ubna_data_01_mir/recover-20220825/UBNA_002/20220823_033000.WAV,Telephone Field,recover-20220825,002,1795
540.4115,540.451,68437,82364,Rhinolophus ferrumequinum,0.045,0.045,-1,Echolocation,/mnt/ubna_data_01_mir/recover-20220825/UBNA_002/20220823_033000.WAV,Telephone Field,recover-20220825,002,1795
540.4305,540.4395,37500,43711,Pipistrellus nathusii,0.01,0.024,-1,Echolocation,/mnt/ubna_data_01_mir/recover-20220825/UBNA_002/20220823_033000.WAV,Telephone Field,recover-20220825,002,1795
540.4535,540.4912,68437,82584,Rhinolophus ferrumequinum,0.031,0.031,-1,Echolocation,/mnt/ubna_data_01_mir/recover-20220825/UBNA_002/20220823_033000.WAV,Telephone Field,recover-20220825,002,1795
540.4545,540.4624,22890,30477,Plecotus austriacus,0.011,0.023,-1,Echolocation,/mnt/ubna_data_01_mir/recover-20220825/UBNA_002/20220823_033000.WAV,Telephone Field,recover-20220825,002,1795
540.4885,540.5283,68437,82146,Rhinolophus ferrumequinum,0.025,0.025,-1,Echolocation,/mnt/ubna_data_01_mir/recover-20220825/UBNA_002/20220823_033000.WAV,Telephone Field,recover-20220825,002,1795
540.5005,540.5424,68437,83148,Rhinolophus ferrumequinum,0.023,0.023,-1,Echolocation,/mnt/ubna_data_01_mir/recover-20220825/UBNA_002/20220823_033000.WAV,Telephone Field,recover-20220825,002,1795
540.5275,540.5662,68437,81956,Rhinolophus ferrumequinum,0.029,0.029,-1,Echolocation,/mnt/ubna_data_01_mir/recover-20220825/UBNA_002/20220823_033000.WAV,Telephone Field,recover-20220825,002,1795
540.5565,540.5954,68437,82183,Rhinolophus ferrumequinum,0.022,0.022,-1,Echolocation,/mnt/ubna_data_01_mir/recover-20220825/UBNA_002/20220823_033000.WAV,Telephone Field,recover-20220825,002,1795
540.5655,540.604,68437,82570,Rhinolophus ferrumequinum,0.023,0.023,-1,Echolocation,/mnt/ubna_data_01_mir/recover-20220825/UBNA_002/20220823_033000.WAV,Telephone Field,recover-20220825,002,1795
540.5725,540.5815,28046,38103,Eptesicus serotinus,0.008,0.022,-1,Echolocation,/mnt/ubna_data_01_mir/recover-20220825/UBNA_002/20220823_033000.WAV,Telephone Field,recover-20220825,002,1795
540.5895,540.6265,68437,81751,Rhinolophus ferrumequinum,0.023,0.023,-1,Echolocation,/mnt/ubna_data_01_mir/recover-20220825/UBNA_002/20220823_033000.WAV,Telephone Field,recover-20220825,002,1795
540.6015,540.6404,68437,82482,Rhinolophus ferrumequinum,0.022,0.022,-1,Echolocation,/mnt/ubna_data_01_mir/recover-20220825/UBNA_002/20220823_033000.WAV,Telephone Field,recover-20220825,002,1795
540.6095,540.6176,22890,30672,Plecotus austriacus,0.009,0.022,-1,Echolocation,/mnt/ubna_data_01_mir/recover-20220825/UBNA_002/20220823_033000.WAV,Telephone Field,recover-20220825,002,1795
540.6245,540.6629,68437,82356,Rhinolophus ferrumequinum,0.022,0.022,-1,Echolocation,/mnt/ubna_data_01_mir/recover-20220825/UBNA_002/20220823_033000.WAV,Telephone Field,recover-20220825,002,1795
540.6425,540.6499,28046,37061,Eptesicus serotinus,0.008,0.025,-1,Echolocation,/mnt/ubna_data_01_mir/recover-20220825/UBNA_002/20220823_033000.WAV,Telephone Field,recover-20220825,002,1795
540.6505,540.6887,68437,81761,Rhinolophus ferrumequinum,0.022,0.022,-1,Echolocation,/mnt/ubna_data_01_mir/recover-20220825/UBNA_002/20220823_033000.WAV,Telephone Field,recover-20220825,002,1795
540.6635,540.6707,26328,37368,Eptesicus serotinus,0.005,0.023,-1,Echolocation,/mnt/ubna_data_01_mir/recover-20220825/UBNA_002/20220823_033000.WAV,Telephone Field,recover-20220825,002,1795
540.6695,540.7111,68437,83062,Rhinolophus ferrumequinum,0.028,0.028,-1,Echolocation,/mnt/ubna_data_01_mir/recover-20220825/UBNA_002/20220823_033000.WAV,Telephone Field,recover-20220825,002,1795
540.7445,540.7823,68437,81551,Rhinolophus ferrumequinum,0.022,0.022,-1,Echolocation,/mnt/ubna_data_01_mir/recover-20220825/UBNA_002/20220823_033000.WAV,Telephone Field,recover-20220825,002,1795
540.7525,540.7896,68437,81937,Rhinolophus ferrumequinum,0.022,0.022,-1,Echolocation,/mnt/ubna_data_01_mir/recover-20220825/UBNA_002/20220823_033000.WAV,Telephone Field,recover-20220825,002,1795
540.7765,540.8115,68437,81790,Rhinolophus ferrumequinum,0.022,0.022,-1,Echolocation,/mnt/ubna_data_01_mir/recover-20220825/UBNA_002/20220823_033000.WAV,Telephone Field,recover-20220825,002,1795
540.7945,540.8333,68437,82672,Rhinolophus ferrumequinum,0.025,0.025,-1,Echolocation,/mnt/ubna_data_01_mir/recover-20220825/UBNA_002/20220823_033000.WAV,Telephone Field,recover-20220825,002,1795
540.8075,540.8479,68437,82554,Rhinolophus ferrumequinum,0.03,0.03,-1,Echolocation,/mnt/ubna_data_01_mir/recover-20220825/UBNA_002/20220823_033000.WAV,Telephone Field,recover-20220825,002,1795
540.8315,540.8702,68437,82455,Rhinolophus ferrumequinum,0.027,0.027,-1,Echolocation,/mnt/ubna_data_01_mir/recover-20220825/UBNA_002/20220823_033000.WAV,Telephone Field,recover-20220825,002,1795
540.8395,540.877,68437,82563,Rhinolophus ferrumequinum,0.024,0.024,-1,Echolocation,/mnt/ubna_data_01_mir/recover-20220825/UBNA_002/20220823_033000.WAV,Telephone Field,recover-20220825,002,1795
540.8965,540.9056,28046,40151,Eptesicus serotinus,0.009,0.023,-1,Echolocation,/mnt/ubna_data_01_mir/recover-20220825/UBNA_002/20220823_033000.WAV,Telephone Field,recover-20220825,002,1795
540.8985,540.9327,68437,81395,Rhinolophus ferrumequinum,0.022,0.022,-1,Echolocation,/mnt/ubna_data_01_mir/recover-20220825/UBNA_002/20220823_033000.WAV,Telephone Field,recover-20220825,002,1795
540.9665,541.003,68437,81748,Rhinolophus ferrumequinum,0.022,0.022,-1,Echolocation,/mnt/ubna_data_01_mir/recover-20220825/UBNA_002/20220823_033000.WAV,Telephone Field,recover-20220825,002,1795
540.9735,540.9814,23750,32179,Plecotus austriacus,0.01,0.024,-1,Echolocation,/mnt/ubna_data_01_mir/recover-20220825/UBNA_002/20220823_033000.WAV,Telephone Field,recover-20220825,002,1795
540.9945,541.0353,68437,82570,Rhinolophus ferrumequinum,0.029,0.029,-1,Echolocation,/mnt/ubna_data_01_mir/recover-20220825/UBNA_002/20220823_033000.WAV,Telephone Field,recover-20220825,002,1795
540.9995,541.0362,68437,82159,Rhinolophus ferrumequinum,0.028,0.028,-1,Echolocation,/mnt/ubna_data_01_mir/recover-20220825/UBNA_002/20220823_033000.WAV,Telephone Field,recover-20220825,002,1795
541.0105,541.0204,27187,35560,Eptesicus serotinus,0.009,0.022,-1,Echolocation,/mnt/ubna_data_01_mir/recover-20220825/UBNA_002/20220823_033000.WAV,Telephone Field,recover-20220825,002,1795
541.0295,541.0715,68437,83525,Rhinolophus ferrumequinum,0.03,0.03,-1,Echolocation,/mnt/ubna_data_01_mir/recover-20220825/UBNA_002/20220823_033000.WAV,Telephone Field,recover-20220825,002,1795
541.0555,541.0664,23750,29622,Nyctalus leisleri,0.01,0.023,-1,Echolocation,/mnt/ubna_data_01_mir/recover-20220825/UBNA_002/20220823_033000.WAV,Telephone Field,recover-20220825,002,1795
541.0705,541.0777,26328,35169,Eptesicus serotinus,0.007,0.023,-1,Echolocation,/mnt/ubna_data_01_mir/recover-20220825/UBNA_002/20220823_033000.WAV,Telephone Field,recover-20220825,002,1795
541.0935,541.1011,28046,39658,Eptesicus serotinus,0.009,0.026,-1,Echolocation,/mnt/ubna_data_01_mir/recover-20220825/UBNA_002/20220823_033000.WAV,Telephone Field,recover-20220825,002,1795
541.0955,541.1326,68437,81993,Rhinolophus ferrumequinum,0.024,0.024,-1,Echolocation,/mnt/ubna_data_01_mir/recover-20220825/UBNA_002/20220823_033000.WAV,Telephone Field,recover-20220825,002,1795
541.1225,541.1602,68437,82034,Rhinolophus ferrumequinum,0.024,0.025,-1,Echolocation,/mnt/ubna_data_01_mir/recover-20220825/UBNA_002/20220823_033000.WAV,Telephone Field,recover-20220825,002,1795
541.1715,541.2096,68437,82186,Rhinolophus ferrumequinum,0.022,0.022,-1,Echolocation,/mnt/ubna_data_01_mir/recover-20220825/UBNA_002/20220823_033000.WAV,Telephone Field,recover-20220825,002,1795
541.1905,541.2255,68437,81415,Rhinolophus ferrumequinum,0.032,0.032,-1,Echolocation,/mnt/ubna_data_01_mir/recover-20220825/UBNA_002/20220823_033000.WAV,Telephone Field,recover-20220825,002,1795
541.2205,541.2578,68437,82293,Rhinolophus ferrumequinum,0.024,0.024,-1,Echolocation,/mnt/ubna_data_01_mir/recover-20220825/UBNA_002/20220823_033000.WAV,Telephone Field,recover-20220825,002,1795
541.2745,541.2952,18593,21294,Nyctalus noctula,0.014,0.028,-1,Echolocation,/mnt/ubna_data_01_mir/recover-20220825/UBNA_002/20220823_033000.WAV,Telephone Field,recover-20220825,002,1795
541.3265,541.3711,68437,83539,Rhinolophus ferrumequinum,0.046,0.046,-1,Echolocation,/mnt/ubna_data_01_mir/recover-20220825/UBNA_002/20220823_033000.WAV,Telephone Field,recover-20220825,002,1795
541.3335,541.344,23750,30560,Nyctalus leisleri,0.009,0.025,-1,Echolocation,/mnt/ubna_data_01_mir/recover-20220825/UBNA_002/20220823_033000.WAV,Telephone Field,recover-20220825,002,1795
541.4195,541.4285,25468,32967,Nyctalus leisleri,0.007,0.022,-1,Echolocation,/mnt/ubna_data_01_mir/recover-20220825/UBNA_002/20220823_033000.WAV,Telephone Field,recover-20220825,002,1795
541.4365,541.4519,22890,26519,Nyctalus leisleri,0.021,0.037,-1,Echolocation,/mnt/ubna_data_01_mir/recover-20220825/UBNA_002/20220823_033000.WAV,Telephone Field,recover-20220825,002,1795
541.4775,541.4883,28046,35070,Eptesicus serotinus,0.011,0.024,-1,Echolocation,/mnt/ubna_data_01_mir/recover-20220825/UBNA_002/20220823_033000.WAV,Telephone Field,recover-20220825,002,1795
541.4785,541.5189,68437,82535,Rhinolophus ferrumequinum,0.023,0.023,-1,Echolocation,/mnt/ubna_data_01_mir/recover-20220825/UBNA_002/20220823_033000.WAV,Telephone Field,recover-20220825,002,1795
541.5185,541.5259,40937,52799,Myotis brandtii,0.005,0.023,-1,Echolocation,/mnt/ubna_data_01_mir/recover-20220825/UBNA_002/20220823_033000.WAV,Telephone Field,recover-20220825,002,1795
541.5215,541.557,68437,81316,Rhinolophus ferrumequinum,0.023,0.023,-1,Echolocation,/mnt/ubna_data_01_mir/recover-20220825/UBNA_002/20220823_033000.WAV,Telephone Field,recover-20220825,002,1795
541.5675,541.6088,68437,82865,Rhinolophus ferrumequinum,0.036,0.036,-1,Echolocation,/mnt/ubna_data_01_mir/recover-20220825/UBNA_002/20220823_033000.WAV,Telephone Field,recover-20220825,002,1795
541.5845,541.6232,68437,82805,Rhinolophus ferrumequinum,0.023,0.023,-1,Echolocation,/mnt/ubna_data_01_mir/recover-20220825/UBNA_002/20220823_033000.WAV,Telephone Field,recover-20220825,002,1795
541.6115,541.6189,28046,38495,Eptesicus serotinus,0.007,0.023,-1,Echolocation,/mnt/ubna_data_01_mir/recover-20220825/UBNA_002/20220823_033000.WAV,Telephone Field,recover-20220825,002,1795
541.6325,541.6732,68437,82593,Rhinolophus ferrumequinum,0.024,0.024,-1,Echolocation,/mnt/ubna_data_01_mir/recover-20220825/UBNA_002/20220823_033000.WAV,Telephone Field,recover-20220825,002,1795
541.6545,541.6941,68437,82506,Rhinolophus ferrumequinum,0.025,0.025,-1,Echolocation,/mnt/ubna_data_01_mir/recover-20220825/UBNA_002/20220823_033000.WAV,Telephone Field,recover-20220825,002,1795
541.6605,541.6702,22890,29311,Nyctalus leisleri,0.008,0.022,-1,Echolocation,/mnt/ubna_data_01_mir/recover-20220825/UBNA_002/20220823_033000.WAV,Telephone Field,recover-20220825,002,1795
541.7045,541.7398,68437,80936,Rhinolophus ferrumequinum,0.022,0.022,-1,Echolocation,/mnt/ubna_data_01_mir/recover-20220825/UBNA_002/20220823_033000.WAV,Telephone Field,recover-20220825,002,1795
541.7545,541.7934,68437,82056,Rhinolophus ferrumequinum,0.022,0.022,-1,Echolocation,/mnt/ubna_data_01_mir/recover-20220825/UBNA_002/20220823_033000.WAV,Telephone Field,recover-20220825,002,1795
541.7575,541.7694,22031,25908,Nyctalus leisleri,0.015,0.025,-1,Echolocation,/mnt/ubna_data_01_mir/recover-20220825/UBNA_002/20220823_033000.WAV,Telephone Field,recover-20220825,002,1795
541.7905,541.7974,27187,44617,Eptesicus serotinus,0.006,0.022,-1,Echolocation,/mnt/ubna_data_01_mir/recover-20220825/UBNA_002/20220823_033000.WAV,Telephone Field,recover-20220825,002,1795
541.8135,541.8218,27187,41516,Eptesicus serotinus,0.009,0.025,-1,Echolocation,/mnt/ubna_data_01_mir/recover-20220825/UBNA_002/20220823_033000.WAV,Telephone Field,recover-20220825,002,1795
541.8195,541.8577,68437,81792,Rhinolophus ferrumequinum,0.024,0.024,-1,Echolocation,/mnt/ubna_data_01_mir/recover-20220825/UBNA_002/20220823_033000.WAV,Telephone Field,recover-20220825,002,1795
541.8515,541.8928,68437,82980,Rhinolophus ferrumequinum,0.027,0.027,-1,Echolocation,/mnt/ubna_data_01_mir/recover-20220825/UBNA_002/20220823_033000.WAV,Telephone Field,recover-20220825,002,1795
541.8945,541.9351,68437,82986,Rhinolophus ferrumequinum,0.043,0.043,-1,Echolocation,/mnt/ubna_data_01_mir/recover-20220825/UBNA_002/20220823_033000.WAV,Telephone Field,recover-20220825,002,1795
541.9405,541.9783,68437,81710,Rhinolophus ferrumequinum,0.026,0.026,-1,Echolocation,/mnt/ubna_data_01_mir/recover-20220825/UBNA_002/20220823_033000.WAV,Telephone Field,recover-20220825,002,1795
541.9825,541.9912,27187,39039,Eptesicus serotinus,0.009,0.023,-1,Echolocation,/mnt/ubna_data_01_mir/recover-20220825/UBNA_002/20220823_033000.WAV,Telephone Field,recover-20220825,002,1795
541.9845,541.9958,22031,28286,Nyctalus leisleri,0.009,0.024,-1,Echolocation,/mnt/ubna_data_01_mir/recover-20220825/UBNA_002/20220823_033000.WAV,Telephone Field,recover-20220825,002,1795
542.0015,542.0103,26328,36122,Nyctalus leisleri,0.007,0.025,-1,Echolocation,/mnt/ubna_data_01_mir/recover-20220825/UBNA_002/20220823_033000.WAV,Telephone Field,recover-20220825,002,1795
542.0015,542.0185,54687,60003,Pipistrellus pygmaeus,0.018,0.021,-1,Echolocation,/mnt/ubna_data_01_mir/recover-20220825/UBNA_002/20220823_033000.WAV,Telephone Field,recover-20220825,002,1795
542.0015,542.0355,68437,80532,Rhinolophus ferrumequinum,0.032,0.032,-1,Echolocation,/mnt/ubna_data_01_mir/recover-20220825/UBNA_002/20220823_033000.WAV,Telephone Field,recover-20220825,002,1795
542.0015,542.0138,46953,50952,Pipistrellus pipistrellus,0.027,0.032,-1,Echolocation,/mnt/ubna_data_01_mir/recover-20220825/UBNA_002/20220823_033000.WAV,Telephone Field,recover-20220825,002,1795
542.0015,542.0085,36640,46623,Myotis daubentonii,0.008,0.022,-1,Echolocation,/mnt/ubna_data_01_mir/recover-20220825/UBNA_002/20220823_033000.WAV,Telephone Field,recover-20220825,002,1795
542.0085,542.0539,68437,83276,Rhinolophus ferrumequinum,0.026,0.027,-1,Echolocation,/mnt/ubna_data_01_mir/recover-20220825/UBNA_002/20220823_033000.WAV,Telephone Field,recover-20220825,002,1795
542.0285,542.0702,68437,82771,Rhinolophus ferrumequinum,0.023,0.023,-1,Echolocation,/mnt/ubna_data_01_mir/recover-20220825/UBNA_002/20220823_033000.WAV,Telephone Field,recover-20220825,002,1795
542.0615,542.1023,68437,82515,Rhinolophus ferrumequinum,0.021,0.021,-1,Echolocation,/mnt/ubna_data_01_mir/recover-20220825/UBNA_002/20220823_033000.WAV,Telephone Field,recover-20220825,002,1795
542.0875,542.095,27187,38266,Eptesicus serotinus,0.006,0.021,-1,Echolocation,/mnt/ubna_data_01_mir/recover-20220825/UBNA_002/20220823_033000.WAV,Telephone Field,recover-20220825,002,1795
542.0995,542.1362,68437,82012,Rhinolophus ferrumequinum,0.022,0.022,-1,Echolocation,/mnt/ubna_data_01_mir/recover-20220825/UBNA_002/20220823_033000.WAV,Telephone Field,recover-20220825,002,1795
542.1365,542.1771,68437,82513,Rhinolophus ferrumequinum,0.022,0.022,-1,Echolocation,/mnt/ubna_data_01_mir/recover-20220825/UBNA_002/20220823_033000.WAV,Telephone Field,recover-20220825,002,1795
542.1485,542.1573,28046,37213,Eptesicus serotinus,0.008,0.022,-1,Echolocation,/mnt/ubna_data_01_mir/recover-20220825/UBNA_002/20220823_033000.WAV,Telephone Field,recover-20220825,002,1795
542.1635,542.2018,68437,81515,Rhinolophus ferrumequinum,0.02,0.02,-1,Echolocation,/mnt/ubna_data_01_mir/recover-20220825/UBNA_002/20220823_033000.WAV,Telephone Field,recover-20220825,002,1795
542.1895,542.2276,68437,82148,Rhinolophus ferrumequinum,0.021,0.021,-1,Echolocation,/mnt/ubna_data_01_mir/recover-20220825/UBNA_002/20220823_033000.WAV,Telephone Field,recover-20220825,002,1795
542.2475,542.2589,29765,35936,Eptesicus serotinus,0.01,0.022,-1,Echolocation,/mnt/ubna_data_01_mir/recover-20220825/UBNA_002/20220823_033000.WAV,Telephone Field,recover-20220825,002,1795
542.2715,542.3103,68437,82538,Rhinolophus ferrumequinum,0.027,0.027,-1,Echolocation,/mnt/ubna_data_01_mir/recover-20220825/UBNA_002/20220823_033000.WAV,Telephone Field,recover-20220825,002,1795
542.2735,542.2801,27187,40711,Eptesicus serotinus,0.005,0.023,-1,Echolocation,/mnt/ubna_data_01_mir/recover-20220825/UBNA_002/20220823_033000.WAV,Telephone Field,recover-20220825,002,1795
542.2965,542.3342,68437,82475,Rhinolophus ferrumequinum,0.02,0.02,-1,Echolocation,/mnt/ubna_data_01_mir/recover-20220825/UBNA_002/20220823_033000.WAV,Telephone Field,recover-20220825,002,1795
542.3565,542.3961,68437,82289,Rhinolophus ferrumequinum,0.024,0.024,-1,Echolocation,/mnt/ubna_data_01_mir/recover-20220825/UBNA_002/20220823_033000.WAV,Telephone Field,recover-20220825,002,1795
542.3595,542.3684,22890,29597,Plecotus austriacus,0.007,0.021,-1,Echolocation,/mnt/ubna_data_01_mir/recover-20220825/UBNA_002/20220823_033000.WAV,Telephone Field,recover-20220825,002,1795
542.3785,542.3869,49531,55218,Pipistrellus pipistrellus,0.018,0.021,-1,Echolocation,/mnt/ubna_data_01_mir/recover-20220825/UBNA_002/20220823_033000.WAV,Telephone Field,recover-20220825,002,1795
542.3785,542.4204,68437,82932,Rhinolophus ferrumequinum,0.025,0.025,-1,Echolocation,/mnt/ubna_data_01_mir/recover-20220825/UBNA_002/20220823_033000.WAV,Telephone Field,recover-20220825,002,1795
542.3805,542.3922,28906,35558,Eptesicus serotinus,0.013,0.025,-1,Echolocation,/mnt/ubna_data_01_mir/recover-20220825/UBNA_002/20220823_033000.WAV,Telephone Field,recover-20220825,002,1795
542.4015,542.4375,68437,81133,Rhinolophus ferrumequinum,0.021,0.021,-1,Echolocation,/mnt/ubna_data_01_mir/recover-20220825/UBNA_002/20220823_033000.WAV,Telephone Field,recover-20220825,002,1795
542.4385,542.448,28906,37500,Eptesicus serotinus,0.009,0.022,-1,Echolocation,/mnt/ubna_data_01_mir/recover-20220825/UBNA_002/20220823_033000.WAV,Telephone Field,recover-20220825,002,1795
542.4655,542.4735,28906,37921,Eptesicus serotinus,0.007,0.022,-1,Echolocation,/mnt/ubna_data_01_mir/recover-20220825/UBNA_002/20220823_033000.WAV,Telephone Field,recover-20220825,002,1795
542.4875,542.5293,68437,82523,Rhinolophus ferrumequinum,0.021,0.021,-1,Echolocation,/mnt/ubna_data_01_mir/recover-20220825/UBNA_002/20220823_033000.WAV,Telephone Field,recover-20220825,002,1795
542.5135,542.5518,68437,82239,Rhinolophus ferrumequinum,0.021,0.021,-1,Echolocation,/mnt/ubna_data_01_mir/recover-20220825/UBNA_002/20220823_033000.WAV,Telephone Field,recover-20220825,002,1795
542.5235,542.5325,28046,37521,Eptesicus serotinus,0.008,0.021,-1,Echolocation,/mnt/ubna_data_01_mir/recover-20220825/UBNA_002/20220823_033000.WAV,Telephone Field,recover-20220825,002,1795
542.5435,542.5511,55546,60181,Pipistrellus pygmaeus,0.021,0.022,-1,Echolocation,/mnt/ubna_data_01_mir/recover-20220825/UBNA_002/20220823_033000.WAV,Telephone Field,recover-20220825,002,1795
542.5515,542.5895,68437,82448,Rhinolophus ferrumequinum,0.022,0.022,-1,Echolocation,/mnt/ubna_data_01_mir/recover-20220825/UBNA_002/20220823_033000.WAV,Telephone Field,recover-20220825,002,1795
542.5945,542.6024,28046,38847,Eptesicus serotinus,0.008,0.024,-1,Echolocation,/mnt/ubna_data_01_mir/recover-20220825/UBNA_002/20220823_033000.WAV,Telephone Field,recover-20220825,002,1795
542.6285,542.6679,68437,82464,Rhinolophus ferrumequinum,0.021,0.021,-1,Echolocation,/mnt/ubna_data_01_mir/recover-20220825/UBNA_002/20220823_033000.WAV,Telephone Field,recover-20220825,002,1795
542.6355,542.676,68437,82542,Rhinolophus ferrumequinum,0.021,0.021,-1,Echolocation,/mnt/ubna_data_01_mir/recover-20220825/UBNA_002/20220823_033000.WAV,Telephone Field,recover-20220825,002,1795
542.6405,542.652,22890,27863,Nyctalus leisleri,0.011,0.021,-1,Echolocation,/mnt/ubna_data_01_mir/recover-20220825/UBNA_002/20220823_033000.WAV,Telephone Field,recover-20220825,002,1795
542.6685,542.7085,68437,82631,Rhinolophus ferrumequinum,0.029,0.029,-1,Echolocation,/mnt/ubna_data_01_mir/recover-20220825/UBNA_002/20220823_033000.WAV,Telephone Field,recover-20220825,002,1795
542.6885,542.726,68437,81697,Rhinolophus ferrumequinum,0.021,0.021,-1,Echolocation,/mnt/ubna_data_01_mir/recover-20220825/UBNA_002/20220823_033000.WAV,Telephone Field,recover-20220825,002,1795
542.7255,542.7372,26328,33558,Eptesicus serotinus,0.016,0.031,-1,Echolocation,/mnt/ubna_data_01_mir/recover-20220825/UBNA_002/20220823_033000.WAV,Telephone Field,recover-20220825,002,1795
542.7375,542.7457,28046,37280,Eptesicus serotinus,0.01,0.026,-1,Echolocation,/mnt/ubna_data_01_mir/recover-20220825/UBNA_002/20220823_033000.WAV,Telephone Field,recover-20220825,002,1795
542.7575,542.7682,25468,32485,Nyctalus leisleri,0.01,0.028,-1,Echolocation,/mnt/ubna_data_01_mir/recover-20220825/UBNA_002/20220823_033000.WAV,Telephone Field,recover-20220825,002,1795
542.7735,542.8113,68437,81856,Rhinolophus ferrumequinum,0.02,0.02,-1,Echolocation,/mnt/ubna_data_01_mir/recover-20220825/UBNA_002/20220823_033000.WAV,Telephone Field,recover-20220825,002,1795
542.7755,542.783,28046,40992,Eptesicus serotinus,0.006,0.02,-1,Echolocation,/mnt/ubna_data_01_mir/recover-20220825/UBNA_002/20220823_033000.WAV,Telephone Field,recover-20220825,002,1795
542.8135,542.8227,28046,39138,Eptesicus serotinus,0.012,0.027,-1,Echolocation,/mnt/ubna_data_01_mir/recover-20220825/UBNA_002/20220823_033000.WAV,Telephone Field,recover-20220825,002,1795
542.8155,542.8552,68437,82756,Rhinolophus ferrumequinum,0.024,0.025,-1,Echolocation,/mnt/ubna_data_01_mir/recover-20220825/UBNA_002/20220823_033000.WAV,Telephone Field,recover-20220825,002,1795
542.8255,542.8365,24609,29582,Nyctalus leisleri,0.009,0.02,-1,Echolocation,/mnt/ubna_data_01_mir/recover-20220825/UBNA_002/20220823_033000.WAV,Telephone Field,recover-20220825,002,1795
542.8705,542.8799,28906,36778,Eptesicus serotinus,0.016,0.032,-1,Echolocation,/mnt/ubna_data_01_mir/recover-20220825/UBNA_002/20220823_033000.WAV,Telephone Field,recover-20220825,002,1795
542.9205,542.9601,68437,82365,Rhinolophus ferrumequinum,0.02,0.021,-1,Echolocation,/mnt/ubna_data_01_mir/recover-20220825/UBNA_002/20220823_033000.WAV,Telephone Field,recover-20220825,002,1795
542.9385,542.9466,23750,32182,Plecotus austriacus,0.009,0.023,-1,Echolocation,/mnt/ubna_data_01_mir/recover-20220825/UBNA_002/20220823_033000.WAV,Telephone Field,recover-20220825,002,1795
542.9515,542.9871,68437,81207,Rhinolophus ferrumequinum,0.024,0.024,-1,Echolocation,/mnt/ubna_data_01_mir/recover-20220825/UBNA_002/20220823_033000.WAV,Telephone Field,recover-20220825,002,1795
542.9725,543.0155,68437,83108,Rhinolophus ferrumequinum,0.027,0.027,-1,Echolocation,/mnt/ubna_data_01_mir/recover-20220825/UBNA_002/20220823_033000.WAV,Telephone Field,recover-20220825,002,1795
542.9745,542.9836,24609,32718,Plecotus austriacus,0.011,0.034,-1,Echolocation,/mnt/ubna_data_01_mir/recover-20220825/UBNA_002/20220823_033000.WAV,Telephone Field,recover-20220825,002,1795
542.9855,543.0078,19453,22079,Nyctalus leisleri,0.018,0.035,-1,Echolocation,/mnt/ubna_data_01_mir/recover-20220825/UBNA_002/20220823_033000.WAV,Telephone Field,recover-20220825,002,1795
542.9895,543.0279,68437,82205,Rhinolophus ferrumequinum,0.022,0.022,-1,Echolocation,/mnt/ubna_data_01_mir/recover-20220825/UBNA_002/20220823_033000.WAV,Telephone Field,recover-20220825,002,1795
543.0425,543.0533,26328,32609,Eptesicus serotinus,0.011,0.024,-1,Echolocation,/mnt/ubna_data_01_mir/recover-20220825/UBNA_002/20220823_033000.WAV,Telephone Field,recover-20220825,002,1795
543.0795,543.1169,68437,82631,Rhinolophus ferrumequinum,0.022,0.022,-1,Echolocation,/mnt/ubna_data_01_mir/recover-20220825/UBNA_002/20220823_033000.WAV,Telephone Field,recover-20220825,002,1795
543.0965,543.1037,23750,32756,Plecotus austriacus,0.011,0.026,-1,Echolocation,/mnt/ubna_data_01_mir/recover-20220825/UBNA_002/20220823_033000.WAV,Telephone Field,recover-20220825,002,1795
543.1095,543.1478,68437,82597,Rhinolophus ferrumequinum,0.022,0.022,-1,Echolocation,/mnt/ubna_data_01_mir/recover-20220825/UBNA_002/20220823_033000.WAV,Telephone Field,recover-20220825,002,1795
543.1165,543.1244,25468,34556,Eptesicus serotinus,0.007,0.021,-1,Echolocation,/mnt/ubna_data_01_mir/recover-20220825/UBNA_002/20220823_033000.WAV,Telephone Field,recover-20220825,002,1795
543.1255,543.1618,68437,81537,Rhinolophus ferrumequinum,0.021,0.021,-1,Echolocation,/mnt/ubna_data_01_mir/recover-20220825/UBNA_002/20220823_033000.WAV,Telephone Field,recover-20220825,002,1795
543.1815,543.1902,28046,37100,Eptesicus serotinus,0.007,0.02,-1,Echolocation,/mnt/ubna_data_01_mir/recover-20220825/UBNA_002/20220823_033000.WAV,Telephone Field,recover-20220825,002,1795
543.1925,543.2332,68437,82719,Rhinolophus ferrumequinum,0.034,0.034,-1,Echolocation,/mnt/ubna_data_01_mir/recover-20220825/UBNA_002/20220823_033000.WAV,Telephone Field,recover-20220825,002,1795
543.2045,543.2129,28906,38118,Eptesicus serotinus,0.008,0.02,-1,Echolocation,/mnt/ubna_data_01_mir/recover-20220825/UBNA_002/20220823_033000.WAV,Telephone Field,recover-20220825,002,1795
543.2465,543.2551,28046,39320,Eptesicus serotinus,0.009,0.023,-1,Echolocation,/mnt/ubna_data_01_mir/recover-20220825/UBNA_002/20220823_033000.WAV,Telephone Field,recover-20220825,002,1795
543.2875,543.2949,28906,38355,Eptesicus serotinus,0.007,0.025,-1,Echolocation,/mnt/ubna_data_01_mir/recover-20220825/UBNA_002/20220823_033000.WAV,Telephone Field,recover-20220825,002,1795
543.3065,543.3148,22890,30377,Plecotus austriacus,0.012,0.028,-1,Echolocation,/mnt/ubna_data_01_mir/recover-20220825/UBNA_002/20220823_033000.WAV,Telephone Field,recover-20220825,002,1795
543.3185,543.3543,68437,81136,Rhinolophus ferrumequinum,0.024,0.024,-1,Echolocation,/mnt/ubna_data_01_mir/recover-20220825/UBNA_002/20220823_033000.WAV,Telephone Field,recover-20220825,002,1795
543.3425,543.3788,68437,81351,Rhinolophus ferrumequinum,0.022,0.022,-1,Echolocation,/mnt/ubna_data_01_mir/recover-20220825/UBNA_002/20220823_033000.WAV,Telephone Field,recover-20220825,002,1795
543.3455,543.3552,28906,37311,Eptesicus serotinus,0.009,0.024,-1,Echolocation,/mnt/ubna_data_01_mir/recover-20220825/UBNA_002/20220823_033000.WAV,Telephone Field,recover-20220825,002,1795
543.3795,543.3863,24609,33685,Plecotus austriacus,0.009,0.023,-1,Echolocation,/mnt/ubna_data_01_mir/recover-20220825/UBNA_002/20220823_033000.WAV,Telephone Field,recover-20220825,002,1795
543.4325,543.4661,68437,80940,Rhinolophus ferrumequinum,0.024,0.024,-1,Echolocation,/mnt/ubna_data_01_mir/recover-20220825/UBNA_002/20220823_033000.WAV,Telephone Field,recover-20220825,002,1795
543.4355,543.4435,24609,33304,Plecotus austriacus,0.006,0.022,-1,Echolocation,/mnt/ubna_data_01_mir/recover-20220825/UBNA_002/20220823_033000.WAV,Telephone Field,recover-20220825,002,1795
543.4895,543.534,68437,83074,Rhinolophus ferrumequinum,0.033,0.033,-1,Echolocation,/mnt/ubna_data_01_mir/recover-20220825/UBNA_002/20220823_033000.WAV,Telephone Field,recover-20220825,002,1795
543.5285,543.538,25468,32613,Eptesicus serotinus,0.009,0.025,-1,Echolocation,/mnt/ubna_data_01_mir/recover-20220825/UBNA_002/20220823_033000.WAV,Telephone Field,recover-20220825,002,1795
543.5515,543.5922,68437,82352,Rhinolophus ferrumequinum,0.022,0.022,-1,Echolocation,/mnt/ubna_data_01_mir/recover-20220825/UBNA_002/20220823_033000.WAV,Telephone Field,recover-20220825,002,1795
543.5975,543.6223,18593,21260,Nyctalus noctula,0.025,0.042,-1,Echolocation,/mnt/ubna_data_01_mir/recover-20220825/UBNA_002/20220823_033000.WAV,Telephone Field,recover-20220825,002,1795
543.6065,543.6143,28046,37991,Eptesicus serotinus,0.006,0.02,-1,Echolocation,/mnt/ubna_data_01_mir/recover-20220825/UBNA_002/20220823_033000.WAV,Telephone Field,recover-20220825,002,1795
543.6325,543.6418,23750,30454,Nyctalus leisleri,0.007,0.021,-1,Echolocation,/mnt/ubna_data_01_mir/recover-20220825/UBNA_002/20220823_033000.WAV,Telephone Field,recover-20220825,002,1795
543.7115,543.7456,68437,81187,Rhinolophus ferrumequinum,0.024,0.024,-1,Echolocation,/mnt/ubna_data_01_mir/recover-20220825/UBNA_002/20220823_033000.WAV,Telephone Field,recover-20220825,002,1795
543.7475,543.7554,26328,34903,Eptesicus serotinus,0.008,0.023,-1,Echolocation,/mnt/ubna_data_01_mir/recover-20220825/UBNA_002/20220823_033000.WAV,Telephone Field,recover-20220825,002,1795
543.7865,543.8312,68437,83127,Rhinolophus ferrumequinum,0.027,0.027,-1,Echolocation,/mnt/ubna_data_01_mir/recover-20220825/UBNA_002/20220823_033000.WAV,Telephone Field,recover-20220825,002,1795
543.8295,543.8374,28046,38085,Eptesicus serotinus,0.007,0.021,-1,Echolocation,/mnt/ubna_data_01_mir/recover-20220825/UBNA_002/20220823_033000.WAV,Telephone Field,recover-20220825,002,1795
543.8465,543.8556,28906,37886,Eptesicus serotinus,0.011,0.024,-1,Echolocation,/mnt/ubna_data_01_mir/recover-20220825/UBNA_002/20220823_033000.WAV,Telephone Field,recover-20220825,002,1795
543.8515,543.8919,68437,82891,Rhinolophus ferrumequinum,0.026,0.026,-1,Echolocation,/mnt/ubna_data_01_mir/recover-20220825/UBNA_002/20220823_033000.WAV,Telephone Field,recover-20220825,002,1795
543.8705,543.9069,68437,81605,Rhinolophus ferrumequinum,0.021,0.021,-1,Echolocation,/mnt/ubna_data_01_mir/recover-20220825/UBNA_002/20220823_033000.WAV,Telephone Field,recover-20220825,002,1795
543.8715,543.8807,24609,33035,Eptesicus serotinus,0.007,0.021,-1,Echolocation,/mnt/ubna_data_01_mir/recover-20220825/UBNA_002/20220823_033000.WAV,Telephone Field,recover-20220825,002,1795
543.8815,543.8889,23750,31850,Plecotus austriacus,0.012,0.025,-1,Echolocation,/mnt/ubna_data_01_mir/recover-20220825/UBNA_002/20220823_033000.WAV,Telephone Field,recover-20220825,002,1795
543.9225,543.9304,28906,38868,Eptesicus serotinus,0.007,0.022,-1,Echolocation,/mnt/ubna_data_01_mir/recover-20220825/UBNA_002/20220823_033000.WAV,Telephone Field,recover-20220825,002,1795
543.9455,543.9852,68437,82427,Rhinolophus ferrumequinum,0.021,0.021,-1,Echolocation,/mnt/ubna_data_01_mir/recover-20220825/UBNA_002/20220823_033000.WAV,Telephone Field,recover-20220825,002,1795
543.9555,543.967,22890,28031,Nyctalus leisleri,0.01,0.021,-1,Echolocation,/mnt/ubna_data_01_mir/recover-20220825/UBNA_002/20220823_033000.WAV,Telephone Field,recover-20220825,002,1795
544.0015,544.0345,68437,80315,Rhinolophus ferrumequinum,0.033,0.033,-1,Echolocation,/mnt/ubna_data_01_mir/recover-20220825/UBNA_002/20220823_033000.WAV,Telephone Field,recover-20220825,002,1795
544.0015,544.014,26328,32549,Nyctalus leisleri,0.143,0.297,-1,Echolocation,/mnt/ubna_data_01_mir/recover-20220825/UBNA_002/20220823_033000.WAV,Telephone Field,recover-20220825,002,1795
544.0285,544.0439,35781,39430,Pipistrellus nathusii,0.049,0.078,-1,Echolocation,/mnt/ubna_data_01_mir/recover-20220825/UBNA_002/20220823_033000.WAV,Telephone Field,recover-20220825,002,1795
544.0475,544.0542,27187,39896,Eptesicus serotinus,0.006,0.023,-1,Echolocation,/mnt/ubna_data_01_mir/recover-20220825/UBNA_002/20220823_033000.WAV,Telephone Field,recover-20220825,002,1795
544.0535,544.0927,68437,82207,Rhinolophus ferrumequinum,0.027,0.027,-1,Echolocation,/mnt/ubna_data_01_mir/recover-20220825/UBNA_002/20220823_033000.WAV,Telephone Field,recover-20220825,002,1795
544.0755,544.1162,68437,82989,Rhinolophus ferrumequinum,0.025,0.025,-1,Echolocation,/mnt/ubna_data_01_mir/recover-20220825/UBNA_002/20220823_033000.WAV,Telephone Field,recover-20220825,002,1795
544.0845,544.0937,27187,34985,Eptesicus serotinus,0.046,0.08,-1,Echolocation,/mnt/ubna_data_01_mir/recover-20220825/UBNA_002/20220823_033000.WAV,Telephone Field,recover-20220825,002,1795
544.1045,544.1137,28906,37674,Eptesicus serotinus,0.009,0.023,-1,Echolocation,/mnt/ubna_data_01_mir/recover-20220825/UBNA_002/20220823_033000.WAV,Telephone Field,recover-20220825,002,1795
544.1205,544.1302,54687,58360,Pipistrellus pygmaeus,0.022,0.023,-1,Echolocation,/mnt/ubna_data_01_mir/recover-20220825/UBNA_002/20220823_033000.WAV,Telephone Field,recover-20220825,002,1795
544.1265,544.1684,68437,82823,Rhinolophus ferrumequinum,0.025,0.025,-1,Echolocation,/mnt/ubna_data_01_mir/recover-20220825/UBNA_002/20220823_033000.WAV,Telephone Field,recover-20220825,002,1795
544.1365,544.1472,25468,32533,Eptesicus serotinus,0.009,0.024,-1,Echolocation,/mnt/ubna_data_01_mir/recover-20220825/UBNA_002/20220823_033000.WAV,Telephone Field,recover-20220825,002,1795
544.1475,544.185,68437,82934,Rhinolophus ferrumequinum,0.025,0.025,-1,Echolocation,/mnt/ubna_data_01_mir/recover-20220825/UBNA_002/20220823_033000.WAV,Telephone Field,recover-20220825,002,1795
544.1745,544.1835,22890,29989,Plecotus austriacus,0.008,0.023,-1,Echolocation,/mnt/ubna_data_01_mir/recover-20220825/UBNA_002/20220823_033000.WAV,Telephone Field,recover-20220825,002,1795
544.1885,544.1984,24609,30437,Nyctalus leisleri,0.01,0.027,-1,Echolocation,/mnt/ubna_data_01_mir/recover-20220825/UBNA_002/20220823_033000.WAV,Telephone Field,recover-20220825,002,1795
544.1985,544.2075,28906,40009,Eptesicus serotinus,0.01,0.024,-1,Echolocation,/mnt/ubna_data_01_mir/recover-20220825/UBNA_002/20220823_033000.WAV,Telephone Field,recover-20220825,002,1795
544.2225,544.2591,68437,81773,Rhinolophus ferrumequinum,0.022,0.022,-1,Echolocation,/mnt/ubna_data_01_mir/recover-20220825/UBNA_002/20220823_033000.WAV,Telephone Field,recover-20220825,002,1795
544.2485,544.2859,68437,82395,Rhinolophus ferrumequinum,0.025,0.025,-1,Echolocation,/mnt/ubna_data_01_mir/recover-20220825/UBNA_002/20220823_033000.WAV,Telephone Field,recover-20220825,002,1795
544.2565,544.2644,26328,39295,Eptesicus serotinus,0.008,0.027,-1,Echolocation,/mnt/ubna_data_01_mir/recover-20220825/UBNA_002/20220823_033000.WAV,Telephone Field,recover-20220825,002,1795
544.2695,544.279,26328,33655,Nyctalus leisleri,0.337,0.628,-1,Echolocation,/mnt/ubna_data_01_mir/recover-20220825/UBNA_002/20220823_033000.WAV,Telephone Field,recover-20220825,002,1795
544.3105,544.3508,68437,83122,Rhinolophus ferrumequinum,0.024,0.024,-1,Echolocation,/mnt/ubna_data_01_mir/recover-20220825/UBNA_002/20220823_033000.WAV,Telephone Field,recover-20220825,002,1795
544.3495,544.3938,68437,83783,Rhinolophus ferrumequinum,0.034,0.034,-1,Echolocation,/mnt/ubna_data_01_mir/recover-20220825/UBNA_002/20220823_033000.WAV,Telephone Field,recover-20220825,002,1795
544.3715,544.3814,28906,39970,Eptesicus serotinus,0.01,0.023,-1,Echolocation,/mnt/ubna_data_01_mir/recover-20220825/UBNA_002/20220823_033000.WAV,Telephone Field,recover-20220825,002,1795
544.3925,544.4006,28046,41745,Eptesicus serotinus,0.01,0.03,-1,Echolocation,/mnt/ubna_data_01_mir/recover-20220825/UBNA_002/20220823_033000.WAV,Telephone Field,recover-20220825,002,1795
544.4075,544.4192,25468,30821,Nyctalus leisleri,0.193,0.38,-1,Echolocation,/mnt/ubna_data_01_mir/recover-20220825/UBNA_002/20220823_033000.WAV,Telephone Field,recover-20220825,002,1795
544.4125,544.4499,68437,82048,Rhinolophus ferrumequinum,0.028,0.028,-1,Echolocation,/mnt/ubna_data_01_mir/recover-20220825/UBNA_002/20220823_033000.WAV,Telephone Field,recover-20220825,002,1795
544.4275,544.4655,68437,82071,Rhinolophus ferrumequinum,0.027,0.027,-1,Echolocation,/mnt/ubna_data_01_mir/recover-20220825/UBNA_002/20220823_033000.WAV,Telephone Field,recover-20220825,002,1795
544.4305,544.4389,45234,54425,Pipistrellus pipistrellus,0.02,0.024,-1,Echolocation,/mnt/ubna_data_01_mir/recover-20220825/UBNA_002/20220823_033000.WAV,Telephone Field,recover-20220825,002,1795
544.4355,544.471,68437,81242,Rhinolophus ferrumequinum,0.022,0.022,-1,Echolocation,/mnt/ubna_data_01_mir/recover-20220825/UBNA_002/20220823_033000.WAV,Telephone Field,recover-20220825,002,1795
544.4385,544.4465,28046,37888,Eptesicus serotinus,0.008,0.024,-1,Echolocation,/mnt/ubna_data_01_mir/recover-20220825/UBNA_002/20220823_033000.WAV,Telephone Field,recover-20220825,002,1795
544.4495,544.4912,68437,82702,Rhinolophus ferrumequinum,0.025,0.025,-1,Echolocation,/mnt/ubna_data_01_mir/recover-20220825/UBNA_002/20220823_033000.WAV,Telephone Field,recover-20220825,002,1795
544.4765,544.4829,24609,35581,Plecotus austriacus,0.019,0.04,-1,Echolocation,/mnt/ubna_data_01_mir/recover-20220825/UBNA_002/20220823_033000.WAV,Telephone Field,recover-20220825,002,1795
544.4925,544.502,28046,36667,Eptesicus serotinus,0.009,0.022,-1,Echolocation,/mnt/ubna_data_01_mir/recover-20220825/UBNA_002/20220823_033000.WAV,Telephone Field,recover-20220825,002,1795
544.5025,544.5417,68437,82501,Rhinolophus ferrumequinum,0.023,0.023,-1,Echolocation,/mnt/ubna_data_01_mir/recover-20220825/UBNA_002/20220823_033000.WAV,Telephone Field,recover-20220825,002,1795
544.5225,544.5306,28046,41917,Eptesicus serotinus,0.008,0.024,-1,Echolocation,/mnt/ubna_data_01_mir/recover-20220825/UBNA_002/20220823_033000.WAV,Telephone Field,recover-20220825,002,1795
544.5315,544.5405,27187,36764,Eptesicus serotinus,0.01,0.027,-1,Echolocation,/mnt/ubna_data_01_mir/recover-20220825/UBNA_002/20220823_033000.WAV,Telephone Field,recover-20220825,002,1795
544.5425,544.5515,26328,33349,Nyctalus leisleri,0.475,0.687,-1,Echolocation,/mnt/ubna_data_01_mir/recover-20220825/UBNA_002/20220823_033000.WAV,Telephone Field,recover-20220825,002,1795
544.5625,544.5735,29765,36306,Eptesicus serotinus,0.01,0.027,-1,Echolocation,/mnt/ubna_data_01_mir/recover-20220825/UBNA_002/20220823_033000.WAV,Telephone Field,recover-20220825,002,1795
544.6045,544.6146,26328,34876,Eptesicus serotinus,0.011,0.028,-1,Echolocation,/mnt/ubna_data_01_mir/recover-20220825/UBNA_002/20220823_033000.WAV,Telephone Field,recover-20220825,002,1795
544.6155,544.6271,24609,30628,Nyctalus leisleri,0.01,0.024,-1,Echolocation,/mnt/ubna_data_01_mir/recover-20220825/UBNA_002/20220823_033000.WAV,Telephone Field,recover-20220825,002,1795
544.6275,544.6659,68437,82049,Rhinolophus ferrumequinum,0.024,0.024,-1,Echolocation,/mnt/ubna_data_01_mir/recover-20220825/UBNA_002/20220823_033000.WAV,Telephone Field,recover-20220825,002,1795
544.6405,544.6483,28046,39951,Eptesicus serotinus,0.009,0.026,-1,Echolocation,/mnt/ubna_data_01_mir/recover-20220825/UBNA_002/20220823_033000.WAV,Telephone Field,recover-20220825,002,1795
544.6475,544.6762,67578,79129,Rhinolophus ferrumequinum,0.021,0.022,-1,Echolocation,/mnt/ubna_data_01_mir/recover-20220825/UBNA_002/20220823_033000.WAV,Telephone Field,recover-20220825,002,1795
544.6645,544.7025,68437,82197,Rhinolophus ferrumequinum,0.023,0.023,-1,Echolocation,/mnt/ubna_data_01_mir/recover-20220825/UBNA_002/20220823_033000.WAV,Telephone Field,recover-20220825,002,1795
544.6675,544.68,24609,34747,Eptesicus serotinus,0.362,0.652,-1,Echolocation,/mnt/ubna_data_01_mir/recover-20220825/UBNA_002/20220823_033000.WAV,Telephone Field,recover-20220825,002,1795
544.6695,544.6749,32343,40914,Myotis daubentonii,0.007,0.027,-1,Echolocation,/mnt/ubna_data_01_mir/recover-20220825/UBNA_002/20220823_033000.WAV,Telephone Field,recover-20220825,002,1795
544.6755,544.7142,68437,82481,Rhinolophus ferrumequinum,0.028,0.028,-1,Echolocation,/mnt/ubna_data_01_mir/recover-20220825/UBNA_002/20220823_033000.WAV,Telephone Field,recover-20220825,002,1795
544.7275,544.7346,26328,40011,Eptesicus serotinus,0.006,0.023,-1,Echolocation,/mnt/ubna_data_01_mir/recover-20220825/UBNA_002/20220823_033000.WAV,Telephone Field,recover-20220825,002,1795
544.7315,544.77,68437,81575,Rhinolophus ferrumequinum,0.022,0.022,-1,Echolocation,/mnt/ubna_data_01_mir/recover-20220825/UBNA_002/20220823_033000.WAV,Telephone Field,recover-20220825,002,1795
544.7405,544.7818,68437,82991,Rhinolophus ferrumequinum,0.024,0.024,-1,Echolocation,/mnt/ubna_data_01_mir/recover-20220825/UBNA_002/20220823_033000.WAV,Telephone Field,recover-20220825,002,1795
544.7635,544.7759,50390,54873,Pipistrellus pipistrellus,0.031,0.041,-1,Echolocation,/mnt/ubna_data_01_mir/recover-20220825/UBNA_002/20220823_033000.WAV,Telephone Field,recover-20220825,002,1795
544.7865,544.8001,26328,31761,Nyctalus leisleri,0.167,0.339,-1,Echolocation,/mnt/ubna_data_01_mir/recover-20220825/UBNA_002/20220823_033000.WAV,Telephone Field,recover-20220825,002,1795
544.8605,544.8692,47812,55049,Pipistrellus pipistrellus,0.026,0.028,-1,Echolocation,/mnt/ubna_data_01_mir/recover-20220825/UBNA_002/20220823_033000.WAV,Telephone Field,recover-20220825,002,1795
544.9225,544.9563,68437,80250,Rhinolophus ferrumequinum,0.023,0.024,-1,Echolocation,/mnt/ubna_data_01_mir/recover-20220825/UBNA_002/20220823_033000.WAV,Telephone Field,recover-20220825,002,1795
544.9285,544.9401,26328,31743,Nyctalus leisleri,0.136,0.293,-1,Echolocation,/mnt/ubna_data_01_mir/recover-20220825/UBNA_002/20220823_033000.WAV,Telephone Field,recover-20220825,002,1795
544.9705,545.0118,68437,82117,Rhinolophus ferrumequinum,0.022,0.023,-1,Echolocation,/mnt/ubna_data_01_mir/recover-20220825/UBNA_002/20220823_033000.WAV,Telephone Field,recover-20220825,002,1795
544.9865,544.9939,31484,44033,Myotis daubentonii,0.009,0.024,-1,Echolocation,/mnt/ubna_data_01_mir/recover-20220825/UBNA_002/20220823_033000.WAV,Telephone Field,recover-20220825,002,1795
544.9995,545.0104,22890,27754,Nyctalus leisleri,0.012,0.024,-1,Echolocation,/mnt/ubna_data_01_mir/recover-20220825/UBNA_002/20220823_033000.WAV,Telephone Field,recover-20220825,002,1795
545.0305,545.0436,22031,26408,Nyctalus leisleri,0.015,0.028,-1,Echolocation,/mnt/ubna_data_01_mir/recover-20220825/UBNA_002/20220823_033000.WAV,Telephone Field,recover-20220825,002,1795
545.0505,545.0588,26328,36734,Eptesicus serotinus,0.007,0.023,-1,Echolocation,/mnt/ubna_data_01_mir/recover-20220825/UBNA_002/20220823_033000.WAV,Telephone Field,recover-20220825,002,1795
545.0645,545.0754,24609,32076,Eptesicus serotinus,0.172,0.334,-1,Echolocation,/mnt/ubna_data_01_mir/recover-20220825/UBNA_002/20220823_033000.WAV,Telephone Field,recover-20220825,002,1795
545.0885,545.128,68437,82997,Rhinolophus ferrumequinum,0.022,0.022,-1,Echolocation,/mnt/ubna_data_01_mir/recover-20220825/UBNA_002/20220823_033000.WAV,Telephone Field,recover-20220825,002,1795
545.0895,545.1009,22890,27472,Nyctalus leisleri,0.012,0.023,-1,Echolocation,/mnt/ubna_data_01_mir/recover-20220825/UBNA_002/20220823_033000.WAV,Telephone Field,recover-20220825,002,1795
545.1075,545.1232,21171,24888,Nyctalus leisleri,0.019,0.035,-1,Echolocation,/mnt/ubna_data_01_mir/recover-20220825/UBNA_002/20220823_033000.WAV,Telephone Field,recover-20220825,002,1795
545.1385,545.1587,19453,21934,Nyctalus leisleri,0.017,0.035,-1,Echolocation,/mnt/ubna_data_01_mir/recover-20220825/UBNA_002/20220823_033000.WAV,Telephone Field,recover-20220825,002,1795
545.1435,545.1858,68437,82610,Rhinolophus ferrumequinum,0.028,0.028,-1,Echolocation,/mnt/ubna_data_01_mir/recover-20220825/UBNA_002/20220823_033000.WAV,Telephone Field,recover-20220825,002,1795
545.1515,545.1602,23750,32406,Plecotus austriacus,0.011,0.029,-1,Echolocation,/mnt/ubna_data_01_mir/recover-20220825/UBNA_002/20220823_033000.WAV,Telephone Field,recover-20220825,002,1795
545.1515,545.1594,28906,39061,Eptesicus serotinus,0.008,0.027,-1,Echolocation,/mnt/ubna_data_01_mir/recover-20220825/UBNA_002/20220823_033000.WAV,Telephone Field,recover-20220825,002,1795
545.1835,545.227,68437,83163,Rhinolophus ferrumequinum,0.038,0.038,-1,Echolocation,/mnt/ubna_data_01_mir/recover-20220825/UBNA_002/20220823_033000.WAV,Telephone Field,recover-20220825,002,1795
545.1935,545.2055,25468,33354,Nyctalus leisleri,0.333,0.66,-1,Echolocation,/mnt/ubna_data_01_mir/recover-20220825/UBNA_002/20220823_033000.WAV,Telephone Field,recover-20220825,002,1795
545.2175,545.2602,68437,83541,Rhinolophus ferrumequinum,0.028,0.028,-1,Echolocation,/mnt/ubna_data_01_mir/recover-20220825/UBNA_002/20220823_033000.WAV,Telephone Field,recover-20220825,002,1795
545.2275,545.2688,68437,83000,Rhinolophus ferrumequinum,0.029,0.029,-1,Echolocation,/mnt/ubna_data_01_mir/recover-20220825/UBNA_002/20220823_033000.WAV,Telephone Field,recover-20220825,002,1795
545.2475,545.2572,28906,38729,Eptesicus serotinus,0.011,0.027,-1,Echolocation,/mnt/ubna_data_01_mir/recover-20220825/UBNA_002/20220823_033000.WAV,Telephone Field,recover-20220825,002,1795
545.2825,545.3239,68437,82981,Rhinolophus ferrumequinum,0.025,0.025,-1,Echolocation,/mnt/ubna_data_01_mir/recover-20220825/UBNA_002/20220823_033000.WAV,Telephone Field,recover-20220825,002,1795
545.2865,545.2955,28046,39408,Eptesicus serotinus,0.01,0.026,-1,Echolocation,/mnt/ubna_data_01_mir/recover-20220825/UBNA_002/20220823_033000.WAV,Telephone Field,recover-20220825,002,1795
545.3235,545.3592,68437,81950,Rhinolophus ferrumequinum,0.022,0.022,-1,Echolocation,/mnt/ubna_data_01_mir/recover-20220825/UBNA_002/20220823_033000.WAV,Telephone Field,recover-20220825,002,1795
545.3275,545.3388,26328,32222,Nyctalus leisleri,0.281,0.461,-1,Echolocation,/mnt/ubna_data_01_mir/recover-20220825/UBNA_002/20220823_033000.WAV,Telephone Field,recover-20220825,002,1795
545.3595,545.3989,68437,82284,Rhinolophus ferrumequinum,0.026,0.026,-1,Echolocation,/mnt/ubna_data_01_mir/recover-20220825/UBNA_002/20220823_033000.WAV,Telephone Field,recover-20220825,002,1795
545.3685,545.3773,28046,36904,Eptesicus serotinus,0.008,0.023,-1,Echolocation,/mnt/ubna_data_01_mir/recover-20220825/UBNA_002/20220823_033000.WAV,Telephone Field,recover-20220825,002,1795
545.3845,545.3944,22890,29609,Nyctalus leisleri,0.007,0.027,-1,Echolocation,/mnt/ubna_data_01_mir/recover-20220825/UBNA_002/20220823_033000.WAV,Telephone Field,recover-20220825,002,1795
545.3895,545.4252,68437,81434,Rhinolophus ferrumequinum,0.031,0.031,-1,Echolocation,/mnt/ubna_data_01_mir/recover-20220825/UBNA_002/20220823_033000.WAV,Telephone Field,recover-20220825,002,1795
545.3995,545.409,46093,51766,Pipistrellus pipistrellus,0.025,0.027,-1,Echolocation,/mnt/ubna_data_01_mir/recover-20220825/UBNA_002/20220823_033000.WAV,Telephone Field,recover-20220825,002,1795
545.4195,545.4583,68437,82108,Rhinolophus ferrumequinum,0.026,0.026,-1,Echolocation,/mnt/ubna_data_01_mir/recover-20220825/UBNA_002/20220823_033000.WAV,Telephone Field,recover-20220825,002,1795
545.4315,545.4748,68437,82855,Rhinolophus ferrumequinum,0.031,0.032,-1,Echolocation,/mnt/ubna_data_01_mir/recover-20220825/UBNA_002/20220823_033000.WAV,Telephone Field,recover-20220825,002,1795
545.4325,545.4448,23750,29195,Nyctalus leisleri,0.012,0.025,-1,Echolocation,/mnt/ubna_data_01_mir/recover-20220825/UBNA_002/20220823_033000.WAV,Telephone Field,recover-20220825,002,1795
545.4405,545.4819,68437,82112,Rhinolophus ferrumequinum,0.027,0.027,-1,Echolocation,/mnt/ubna_data_01_mir/recover-20220825/UBNA_002/20220823_033000.WAV,Telephone Field,recover-20220825,002,1795
545.4415,545.4536,23750,28807,Nyctalus leisleri,0.012,0.025,-1,Echolocation,/mnt/ubna_data_01_mir/recover-20220825/UBNA_002/20220823_033000.WAV,Telephone Field,recover-20220825,002,1795
545.4475,545.4577,23750,29548,Nyctalus leisleri,0.011,0.025,-1,Echolocation,/mnt/ubna_data_01_mir/recover-20220825/UBNA_002/20220823_033000.WAV,Telephone Field,recover-20220825,002,1795
545.4685,545.4782,25468,33631,Nyctalus leisleri,0.43,0.722,-1,Echolocation,/mnt/ubna_data_01_mir/recover-20220825/UBNA_002/20220823_033000.WAV,Telephone Field,recover-20220825,002,1795
545.4895,545.5005,22031,27037,Nyctalus leisleri,0.015,0.03,-1,Echolocation,/mnt/ubna_data_01_mir/recover-20220825/UBNA_002/20220823_033000.WAV,Telephone Field,recover-20220825,002,1795
545.5465,545.5554,28046,40071,Eptesicus serotinus,0.009,0.022,-1,Echolocation,/mnt/ubna_data_01_mir/recover-20220825/UBNA_002/20220823_033000.WAV,Telephone Field,recover-20220825,002,1795
545.5845,545.5918,27187,39000,Eptesicus serotinus,0.008,0.028,-1,Echolocation,/mnt/ubna_data_01_mir/recover-20220825/UBNA_002/20220823_033000.WAV,Telephone Field,recover-20220825,002,1795
545.6005,545.6142,24609,34534,Eptesicus serotinus,0.385,0.644,-1,Echolocation,/mnt/ubna_data_01_mir/recover-20220825/UBNA_002/20220823_033000.WAV,Telephone Field,recover-20220825,002,1795
545.6015,545.6411,68437,82116,Rhinolophus ferrumequinum,0.025,0.025,-1,Echolocation,/mnt/ubna_data_01_mir/recover-20220825/UBNA_002/20220823_033000.WAV,Telephone Field,recover-20220825,002,1795
545.6195,545.6603,68437,83148,Rhinolophus ferrumequinum,0.026,0.026,-1,Echolocation,/mnt/ubna_data_01_mir/recover-20220825/UBNA_002/20220823_033000.WAV,Telephone Field,recover-20220825,002,1795
545.6355,545.6747,68437,82463,Rhinolophus ferrumequinum,0.023,0.023,-1,Echolocation,/mnt/ubna_data_01_mir/recover-20220825/UBNA_002/20220823_033000.WAV,Telephone Field,recover-20220825,002,1795
545.6615,545.701,68437,82363,Rhinolophus ferrumequinum,0.024,0.024,-1,Echolocation,/mnt/ubna_data_01_mir/recover-20220825/UBNA_002/20220823_033000.WAV,Telephone Field,recover-20220825,002,1795
545.6815,545.7201,68437,81998,Rhinolophus ferrumequinum,0.023,0.023,-1,Echolocation,/mnt/ubna_data_01_mir/recover-20220825/UBNA_002/20220823_033000.WAV,Telephone Field,recover-20220825,002,1795
545.7015,545.7107,27187,36747,Eptesicus serotinus,0.008,0.023,-1,Echolocation,/mnt/ubna_data_01_mir/recover-20220825/UBNA_002/20220823_033000.WAV,Telephone Field,recover-20220825,002,1795
545.7095,545.7172,47812,56828,Pipistrellus pipistrellus,0.027,0.028,-1,Echolocation,/mnt/ubna_data_01_mir/recover-20220825/UBNA_002/20220823_033000.WAV,Telephone Field,recover-20220825,002,1795
545.7155,545.7281,25468,36596,Eptesicus serotinus,0.398,0.684,-1,Echolocation,/mnt/ubna_data_01_mir/recover-20220825/UBNA_002/20220823_033000.WAV,Telephone Field,recover-20220825,002,1795
545.7185,545.7238,32343,39238,Eptesicus serotinus,0.005,0.029,-1,Echolocation,/mnt/ubna_data_01_mir/recover-20220825/UBNA_002/20220823_033000.WAV,Telephone Field,recover-20220825,002,1795
545.7245,545.7315,25468,33453,Nyctalus leisleri,0.007,0.028,-1,Echolocation,/mnt/ubna_data_01_mir/recover-20220825/UBNA_002/20220823_033000.WAV,Telephone Field,recover-20220825,002,1795
545.7935,545.8328,68437,82077,Rhinolophus ferrumequinum,0.025,0.025,-1,Echolocation,/mnt/ubna_data_01_mir/recover-20220825/UBNA_002/20220823_033000.WAV,Telephone Field,recover-20220825,002,1795
545.8225,545.8622,68437,82425,Rhinolophus ferrumequinum,0.024,0.024,-1,Echolocation,/mnt/ubna_data_01_mir/recover-20220825/UBNA_002/20220823_033000.WAV,Telephone Field,recover-20220825,002,1795
545.8235,545.8308,27187,39478,Eptesicus serotinus,0.008,0.032,-1,Echolocation,/mnt/ubna_data_01_mir/recover-20220825/UBNA_002/20220823_033000.WAV,Telephone Field,recover-20220825,002,1795
545.8395,545.8515,25468,33766,Nyctalus leisleri,0.318,0.679,-1,Echolocation,/mnt/ubna_data_01_mir/recover-20220825/UBNA_002/20220823_033000.WAV,Telephone Field,recover-20220825,002,1795
545.8425,545.8481,32343,39974,Myotis daubentonii,0.008,0.032,-1,Echolocation,/mnt/ubna_data_01_mir/recover-20220825/UBNA_002/20220823_033000.WAV,Telephone Field,recover-20220825,002,1795
545.8665,545.8786,22031,26569,Nyctalus leisleri,0.016,0.029,-1,Echolocation,/mnt/ubna_data_01_mir/recover-20220825/UBNA_002/20220823_033000.WAV,Telephone Field,recover-20220825,002,1795
545.8855,545.9203,68437,81186,Rhinolophus ferrumequinum,0.022,0.022,-1,Echolocation,/mnt/ubna_data_01_mir/recover-20220825/UBNA_002/20220823_033000.WAV,Telephone Field,recover-20220825,002,1795
545.9215,545.9588,68437,82363,Rhinolophus ferrumequinum,0.022,0.022,-1,Echolocation,/mnt/ubna_data_01_mir/recover-20220825/UBNA_002/20220823_033000.WAV,Telephone Field,recover-20220825,002,1795
545.9525,545.9878,68437,81619,Rhinolophus ferrumequinum,0.022,0.022,-1,Echolocation,/mnt/ubna_data_01_mir/recover-20220825/UBNA_002/20220823_033000.WAV,Telephone Field,recover-20220825,002,1795
545.9745,545.9853,25468,34552,Eptesicus serotinus,0.365,0.614,-1,Echolocation,/mnt/ubna_data_01_mir/recover-20220825/UBNA_002/20220823_033000.WAV,Telephone Field,recover-20220825,002,1795
546.0015,546.0154,20312,24647,Nyctalus leisleri,0.012,0.025,-1,Echolocation,/mnt/ubna_data_01_mir/recover-20220825/UBNA_002/20220823_033000.WAV,Telephone Field,recover-20220825,002,1795
546.0015,546.0095,25468,37025,Nyctalus leisleri,0.005,0.024,-1,Echolocation,/mnt/ubna_data_01_mir/recover-20220825/UBNA_002/20220823_033000.WAV,Telephone Field,recover-20220825,002,1795
546.0015,546.0082,35781,48336,Myotis daubentonii,0.011,0.024,-1,Echolocation,/mnt/ubna_data_01_mir/recover-20220825/UBNA_002/20220823_033000.WAV,Telephone Field,recover-20220825,002,1795
546.0015,546.0314,68437,79599,Rhinolophus ferrumequinum,0.029,0.03,-1,Echolocation,/mnt/ubna_data_01_mir/recover-20220825/UBNA_002/20220823_033000.WAV,Telephone Field,recover-20220825,002,1795
546.0015,546.0077,46093,53664,Pipistrellus pipistrellus,0.022,0.027,-1,Echolocation,/mnt/ubna_data_01_mir/recover-20220825/UBNA_002/20220823_033000.WAV,Telephone Field,recover-20220825,002,1795
546.0075,546.0439,68437,80596,Rhinolophus ferrumequinum,0.022,0.022,-1,Echolocation,/mnt/ubna_data_01_mir/recover-20220825/UBNA_002/20220823_033000.WAV,Telephone Field,recover-20220825,002,1795
546.0525,546.0918,68437,82226,Rhinolophus ferrumequinum,0.024,0.024,-1,Echolocation,/mnt/ubna_data_01_mir/recover-20220825/UBNA_002/20220823_033000.WAV,Telephone Field,recover-20220825,002,1795
546.0955,546.1336,68437,82350,Rhinolophus ferrumequinum,0.021,0.021,-1,Echolocation,/mnt/ubna_data_01_mir/recover-20220825/UBNA_002/20220823_033000.WAV,Telephone Field,recover-20220825,002,1795
546.1075,546.149,68437,82618,Rhinolophus ferrumequinum,0.027,0.027,-1,Echolocation,/mnt/ubna_data_01_mir/recover-20220825/UBNA_002/20220823_033000.WAV,Telephone Field,recover-20220825,002,1795
546.1215,546.1344,26328,33138,Nyctalus leisleri,0.309,0.578,-1,Echolocation,/mnt/ubna_data_01_mir/recover-20220825/UBNA_002/20220823_033000.WAV,Telephone Field,recover-20220825,002,1795
546.1465,546.185,68437,81931,Rhinolophus ferrumequinum,0.024,0.024,-1,Echolocation,/mnt/ubna_data_01_mir/recover-20220825/UBNA_002/20220823_033000.WAV,Telephone Field,recover-20220825,002,1795
546.1465,546.1539,27187,37480,Eptesicus serotinus,0.006,0.022,-1,Echolocation,/mnt/ubna_data_01_mir/recover-20220825/UBNA_002/20220823_033000.WAV,Telephone Field,recover-20220825,002,1795
546.1515,546.1913,68437,81798,Rhinolophus ferrumequinum,0.024,0.024,-1,Echolocation,/mnt/ubna_data_01_mir/recover-20220825/UBNA_002/20220823_033000.WAV,Telephone Field,recover-20220825,002,1795
546.1795,546.1896,22890,28545,Nyctalus leisleri,0.009,0.022,-1,Echolocation,/mnt/ubna_data_01_mir/recover-20220825/UBNA_002/20220823_033000.WAV,Telephone Field,recover-20220825,002,1795
546.1935,546.2312,68437,81833,Rhinolophus ferrumequinum,0.022,0.022,-1,Echolocation,/mnt/ubna_data_01_mir/recover-20220825/UBNA_002/20220823_033000.WAV,Telephone Field,recover-20220825,002,1795
546.2315,546.2707,68437,81804,Rhinolophus ferrumequinum,0.022,0.022,-1,Echolocation,/mnt/ubna_data_01_mir/recover-20220825/UBNA_002/20220823_033000.WAV,Telephone Field,recover-20220825,002,1795
546.2615,546.2736,25468,32631,Eptesicus serotinus,0.258,0.41,-1,Echolocation,/mnt/ubna_data_01_mir/recover-20220825/UBNA_002/20220823_033000.WAV,Telephone Field,recover-20220825,002,1795
546.2805,546.323,68437,82460,Rhinolophus ferrumequinum,0.027,0.027,-1,Echolocation,/mnt/ubna_data_01_mir/recover-20220825/UBNA_002/20220823_033000.WAV,Telephone Field,recover-20220825,002,1795
546.3325,546.3505,21171,24275,Nyctalus leisleri,0.014,0.022,-1,Echolocation,/mnt/ubna_data_01_mir/recover-20220825/UBNA_002/20220823_033000.WAV,Telephone Field,recover-20220825,002,1795
546.3475,546.3885,68437,82380,Rhinolophus ferrumequinum,0.023,0.023,-1,Echolocation,/mnt/ubna_data_01_mir/recover-20220825/UBNA_002/20220823_033000.WAV,Telephone Field,recover-20220825,002,1795
546.3505,546.3585,49531,57050,Pipistrellus pipistrellus,0.025,0.028,-1,Echolocation,/mnt/ubna_data_01_mir/recover-20220825/UBNA_002/20220823_033000.WAV,Telephone Field,recover-20220825,002,1795
546.3725,546.4125,68437,82718,Rhinolophus ferrumequinum,0.024,0.024,-1,Echolocation,/mnt/ubna_data_01_mir/recover-20220825/UBNA_002/20220823_033000.WAV,Telephone Field,recover-20220825,002,1795
546.3775,546.387,22890,30477,Plecotus austriacus,0.013,0.039,-1,Echolocation,/mnt/ubna_data_01_mir/recover-20220825/UBNA_002/20220823_033000.WAV,Telephone Field,recover-20220825,002,1795
546.3935,546.4041,27187,33718,Eptesicus serotinus,0.2,0.368,-1,Echolocation,/mnt/ubna_data_01_mir/recover-20220825/UBNA_002/20220823_033000.WAV,Telephone Field,recover-20220825,002,1795
546.4005,546.4371,68437,81990,Rhinolophus ferrumequinum,0.022,0.022,-1,Echolocation,/mnt/ubna_data_01_mir/recover-20220825/UBNA_002/20220823_033000.WAV,Telephone Field,recover-20220825,002,1795
546.4295,546.4372,28906,38906,Eptesicus serotinus,0.007,0.025,-1,Echolocation,/mnt/ubna_data_01_mir/recover-20220825/UBNA_002/20220823_033000.WAV,Telephone Field,recover-20220825,002,1795
546.4445,546.4833,68437,82845,Rhinolophus ferrumequinum,0.026,0.026,-1,Echolocation,/mnt/ubna_data_01_mir/recover-20220825/UBNA_002/20220823_033000.WAV,Telephone Field,recover-20220825,002,1795
546.5235,546.5609,68437,81160,Rhinolophus ferrumequinum,0.023,0.023,-1,Echolocation,/mnt/ubna_data_01_mir/recover-20220825/UBNA_002/20220823_033000.WAV,Telephone Field,recover-20220825,002,1795
546.5295,546.567,68437,82096,Rhinolophus ferrumequinum,0.022,0.022,-1,Echolocation,/mnt/ubna_data_01_mir/recover-20220825/UBNA_002/20220823_033000.WAV,Telephone Field,recover-20220825,002,1795
546.5345,546.5415,27187,46023,Eptesicus serotinus,0.007,0.023,-1,Echolocation,/mnt/ubna_data_01_mir/recover-20220825/UBNA_002/20220823_033000.WAV,Telephone Field,recover-20220825,002,1795
546.5445,546.5838,68437,82142,Rhinolophus ferrumequinum,0.024,0.024,-1,Echolocation,/mnt/ubna_data_01_mir/recover-20220825/UBNA_002/20220823_033000.WAV,Telephone Field,recover-20220825,002,1795
546.5605,546.5674,46093,51952,Pipistrellus pipistrellus,0.024,0.024,-1,Echolocation,/mnt/ubna_data_01_mir/recover-20220825/UBNA_002/20220823_033000.WAV,Telephone Field,recover-20220825,002,1795
546.6305,546.6724,68437,82574,Rhinolophus ferrumequinum,0.025,0.025,-1,Echolocation,/mnt/ubna_data_01_mir/recover-20220825/UBNA_002/20220823_033000.WAV,Telephone Field,recover-20220825,002,1795
546.6555,546.6621,25468,36311,Plecotus austriacus,0.007,0.025,-1,Echolocation,/mnt/ubna_data_01_mir/recover-20220825/UBNA_002/20220823_033000.WAV,Telephone Field,recover-20220825,002,1795
546.7045,546.7421,68437,81797,Rhinolophus ferrumequinum,0.022,0.022,-1,Echolocation,/mnt/ubna_data_01_mir/recover-20220825/UBNA_002/20220823_033000.WAV,Telephone Field,recover-20220825,002,1795
546.7105,546.7224,28046,35727,Eptesicus serotinus,0.02,0.033,-1,Echolocation,/mnt/ubna_data_01_mir/recover-20220825/UBNA_002/20220823_033000.WAV,Telephone Field,recover-20220825,002,1795
546.7115,546.7527,68437,82963,Rhinolophus ferrumequinum,0.025,0.025,-1,Echolocation,/mnt/ubna_data_01_mir/recover-20220825/UBNA_002/20220823_033000.WAV,Telephone Field,recover-20220825,002,1795
546.7305,546.7373,26328,39220,Eptesicus serotinus,0.006,0.022,-1,Echolocation,/mnt/ubna_data_01_mir/recover-20220825/UBNA_002/20220823_033000.WAV,Telephone Field,recover-20220825,002,1795
546.7465,546.7584,22890,27405,Nyctalus leisleri,0.016,0.03,-1,Echolocation,/mnt/ubna_data_01_mir/recover-20220825/UBNA_002/20220823_033000.WAV,Telephone Field,recover-20220825,002,1795
546.7725,546.7853,27187,33162,Eptesicus serotinus,0.16,0.258,-1,Echolocation,/mnt/ubna_data_01_mir/recover-20220825/UBNA_002/20220823_033000.WAV,Telephone Field,recover-20220825,002,1795
546.7815,546.8196,68437,82725,Rhinolophus ferrumequinum,0.034,0.034,-1,Echolocation,/mnt/ubna_data_01_mir/recover-20220825/UBNA_002/20220823_033000.WAV,Telephone Field,recover-20220825,002,1795
546.8235,546.8663,68437,82906,Rhinolophus ferrumequinum,0.025,0.025,-1,Echolocation,/mnt/ubna_data_01_mir/recover-20220825/UBNA_002/20220823_033000.WAV,Telephone Field,recover-20220825,002,1795
546.9135,546.9246,25468,31568,Nyctalus leisleri,0.25,0.469,-1,Echolocation,/mnt/ubna_data_01_mir/recover-20220825/UBNA_002/20220823_033000.WAV,Telephone Field,recover-20220825,002,1795
546.9345,546.9743,68437,82243,Rhinolophus ferrumequinum,0.022,0.022,-1,Echolocation,/mnt/ubna_data_01_mir/recover-20220825/UBNA_002/20220823_033000.WAV,Telephone Field,recover-20220825,002,1795
546.9655,546.9764,22890,27824,Nyctalus leisleri,0.012,0.025,-1,Echolocation,/mnt/ubna_data_01_mir/recover-20220825/UBNA_002/20220823_033000.WAV,Telephone Field,recover-20220825,002,1795
546.9715,546.9793,28046,38712,Eptesicus serotinus,0.007,0.023,-1,Echolocation,/mnt/ubna_data_01_mir/recover-20220825/UBNA_002/20220823_033000.WAV,Telephone Field,recover-20220825,002,1795
546.9905,547.0286,68437,81413,Rhinolophus ferrumequinum,0.022,0.022,-1,Echolocation,/mnt/ubna_data_01_mir/recover-20220825/UBNA_002/20220823_033000.WAV,Telephone Field,recover-20220825,002,1795
547.0555,547.0915,68437,82741,Rhinolophus ferrumequinum,0.025,0.025,-1,Echolocation,/mnt/ubna_data_01_mir/recover-20220825/UBNA_002/20220823_033000.WAV,Telephone Field,recover-20220825,002,1795
547.0895,547.0976,50390,57260,Pipistrellus pipistrellus,0.019,0.023,-1,Echolocation,/mnt/ubna_data_01_mir/recover-20220825/UBNA_002/20220823_033000.WAV,Telephone Field,recover-20220825,002,1795
547.0925,547.104,23750,29379,Nyctalus leisleri,0.018,0.039,-1,Echolocation,/mnt/ubna_data_01_mir/recover-20220825/UBNA_002/20220823_033000.WAV,Telephone Field,recover-20220825,002,1795
547.1145,547.1219,48671,55628,Pipistrellus pipistrellus,0.022,0.024,-1,Echolocation,/mnt/ubna_data_01_mir/recover-20220825/UBNA_002/20220823_033000.WAV,Telephone Field,recover-20220825,002,1795
547.1945,547.2064,23750,29725,Nyctalus leisleri,0.015,0.033,-1,Echolocation,/mnt/ubna_data_01_mir/recover-20220825/UBNA_002/20220823_033000.WAV,Telephone Field,recover-20220825,002,1795
547.2355,547.2716,68437,81970,Rhinolophus ferrumequinum,0.022,0.022,-1,Echolocation,/mnt/ubna_data_01_mir/recover-20220825/UBNA_002/20220823_033000.WAV,Telephone Field,recover-20220825,002,1795
547.2655,547.2721,24609,36425,Plecotus austriacus,0.011,0.029,-1,Echolocation,/mnt/ubna_data_01_mir/recover-20220825/UBNA_002/20220823_033000.WAV,Telephone Field,recover-20220825,002,1795
547.3755,547.4139,68437,81886,Rhinolophus ferrumequinum,0.022,0.022,-1,Echolocation,/mnt/ubna_data_01_mir/recover-20220825/UBNA_002/20220823_033000.WAV,Telephone Field,recover-20220825,002,1795
547.3835,547.3913,47812,54976,Pipistrellus pipistrellus,0.021,0.022,-1,Echolocation,/mnt/ubna_data_01_mir/recover-20220825/UBNA_002/20220823_033000.WAV,Telephone Field,recover-20220825,002,1795
547.4215,547.4613,68437,82868,Rhinolophus ferrumequinum,0.021,0.021,-1,Echolocation,/mnt/ubna_data_01_mir/recover-20220825/UBNA_002/20220823_033000.WAV,Telephone Field,recover-20220825,002,1795
547.4355,547.4465,23750,29315,Nyctalus leisleri,0.01,0.022,-1,Echolocation,/mnt/ubna_data_01_mir/recover-20220825/UBNA_002/20220823_033000.WAV,Telephone Field,recover-20220825,002,1795
547.4705,547.4806,27187,35965,Eptesicus serotinus,0.01,0.023,-1,Echolocation,/mnt/ubna_data_01_mir/recover-20220825/UBNA_002/20220823_033000.WAV,Telephone Field,recover-20220825,002,1795
547.5225,547.5315,28046,38522,Eptesicus serotinus,0.008,0.022,-1,Echolocation,/mnt/ubna_data_01_mir/recover-20220825/UBNA_002/20220823_033000.WAV,Telephone Field,recover-20220825,002,1795
547.5475,547.5904,68437,83118,Rhinolophus ferrumequinum,0.028,0.028,-1,Echolocation,/mnt/ubna_data_01_mir/recover-20220825/UBNA_002/20220823_033000.WAV,Telephone Field,recover-20220825,002,1795
547.5875,547.6267,68437,82779,Rhinolophus ferrumequinum,0.021,0.021,-1,Echolocation,/mnt/ubna_data_01_mir/recover-20220825/UBNA_002/20220823_033000.WAV,Telephone Field,recover-20220825,002,1795
547.5995,547.6182,22890,26016,Nyctalus leisleri,0.043,0.075,-1,Echolocation,/mnt/ubna_data_01_mir/recover-20220825/UBNA_002/20220823_033000.WAV,Telephone Field,recover-20220825,002,1795
547.6015,547.6404,68437,82303,Rhinolophus ferrumequinum,0.022,0.022,-1,Echolocation,/mnt/ubna_data_01_mir/recover-20220825/UBNA_002/20220823_033000.WAV,Telephone Field,recover-20220825,002,1795
547.6265,547.6618,68437,81497,Rhinolophus ferrumequinum,0.022,0.022,-1,Echolocation,/mnt/ubna_data_01_mir/recover-20220825/UBNA_002/20220823_033000.WAV,Telephone Field,recover-20220825,002,1795
547.6445,547.6773,68437,81341,Rhinolophus ferrumequinum,0.024,0.024,-1,Echolocation,/mnt/ubna_data_01_mir/recover-20220825/UBNA_002/20220823_033000.WAV,Telephone Field,recover-20220825,002,1795
547.6525,547.6885,68437,81216,Rhinolophus ferrumequinum,0.022,0.022,-1,Echolocation,/mnt/ubna_data_01_mir/recover-20220825/UBNA_002/20220823_033000.WAV,Telephone Field,recover-20220825,002,1795
547.7275,547.7657,68437,82310,Rhinolophus ferrumequinum,0.024,0.024,-1,Echolocation,/mnt/ubna_data_01_mir/recover-20220825/UBNA_002/20220823_033000.WAV,Telephone Field,recover-20220825,002,1795
547.7315,547.7425,44375,50726,Pipistrellus pipistrellus,0.019,0.024,-1,Echolocation,/mnt/ubna_data_01_mir/recover-20220825/UBNA_002/20220823_033000.WAV,Telephone Field,recover-20220825,002,1795
547.7415,547.7801,68437,82255,Rhinolophus ferrumequinum,0.023,0.023,-1,Echolocation,/mnt/ubna_data_01_mir/recover-20220825/UBNA_002/20220823_033000.WAV,Telephone Field,recover-20220825,002,1795
547.7635,547.7748,24609,30767,Nyctalus leisleri,0.01,0.025,-1,Echolocation,/mnt/ubna_data_01_mir/recover-20220825/UBNA_002/20220823_033000.WAV,Telephone Field,recover-20220825,002,1795
547.7955,547.8341,68437,81464,Rhinolophus ferrumequinum,0.026,0.026,-1,Echolocation,/mnt/ubna_data_01_mir/recover-20220825/UBNA_002/20220823_033000.WAV,Telephone Field,recover-20220825,002,1795
547.8445,547.8584,14296,18801,Nyctalus noctula,0.014,0.023,-1,Echolocation,/mnt/ubna_data_01_mir/recover-20220825/UBNA_002/20220823_033000.WAV,Telephone Field,recover-20220825,002,1795
547.8515,547.8658,14296,18591,Nyctalus noctula,0.015,0.026,-1,Echolocation,/mnt/ubna_data_01_mir/recover-20220825/UBNA_002/20220823_033000.WAV,Telephone Field,recover-20220825,002,1795
547.9385,547.9475,28046,39390,Eptesicus serotinus,0.009,0.025,-1,Echolocation,/mnt/ubna_data_01_mir/recover-20220825/UBNA_002/20220823_033000.WAV,Telephone Field,recover-20220825,002,1795
547.9625,547.9717,28046,41813,Eptesicus serotinus,0.009,0.022,-1,Echolocation,/mnt/ubna_data_01_mir/recover-20220825/UBNA_002/20220823_033000.WAV,Telephone Field,recover-20220825,002,1795
548.0015,548.0096,47812,53856,Pipistrellus pipistrellus,0.023,0.027,-1,Echolocation,/mnt/ubna_data_01_mir/recover-20220825/UBNA_002/20220823_033000.WAV,Telephone Field,recover-20220825,002,1795
548.0015,548.0098,34062,42488,Myotis daubentonii,0.007,0.022,-1,Echolocation,/mnt/ubna_data_01_mir/recover-20220825/UBNA_002/20220823_033000.WAV,Telephone Field,recover-20220825,002,1795
548.0015,548.0369,68437,80030,Rhinolophus ferrumequinum,0.033,0.033,-1,Echolocation,/mnt/ubna_data_01_mir/recover-20220825/UBNA_002/20220823_033000.WAV,Telephone Field,recover-20220825,002,1795
548.0015,548.0161,18593,23103,Nyctalus leisleri,0.019,0.041,-1,Echolocation,/mnt/ubna_data_01_mir/recover-20220825/UBNA_002/20220823_033000.WAV,Telephone Field,recover-20220825,002,1795
548.0085,548.0542,68437,82921,Rhinolophus ferrumequinum,0.025,0.025,-1,Echolocation,/mnt/ubna_data_01_mir/recover-20220825/UBNA_002/20220823_033000.WAV,Telephone Field,recover-20220825,002,1795
548.0155,548.0615,68437,83701,Rhinolophus ferrumequinum,0.026,0.026,-1,Echolocation,/mnt/ubna_data_01_mir/recover-20220825/UBNA_002/20220823_033000.WAV,Telephone Field,recover-20220825,002,1795
548.0225,548.0641,68437,82884,Rhinolophus ferrumequinum,0.024,0.024,-1,Echolocation,/mnt/ubna_data_01_mir/recover-20220825/UBNA_002/20220823_033000.WAV,Telephone Field,recover-20220825,002,1795
548.0505,548.0586,28906,37528,Eptesicus serotinus,0.009,0.024,-1,Echolocation,/mnt/ubna_data_01_mir/recover-20220825/UBNA_002/20220823_033000.WAV,Telephone Field,recover-20220825,002,1795
548.0925,548.1276,68437,81201,Rhinolophus ferrumequinum,0.021,0.021,-1,Echolocation,/mnt/ubna_data_01_mir/recover-20220825/UBNA_002/20220823_033000.WAV,Telephone Field,recover-20220825,002,1795
548.1315,548.1396,24609,32849,Plecotus austriacus,0.013,0.05,-1,Echolocation,/mnt/ubna_data_01_mir/recover-20220825/UBNA_002/20220823_033000.WAV,Telephone Field,recover-20220825,002,1795
548.1345,548.1741,68437,82167,Rhinolophus ferrumequinum,0.021,0.021,-1,Echolocation,/mnt/ubna_data_01_mir/recover-20220825/UBNA_002/20220823_033000.WAV,Telephone Field,recover-20220825,002,1795
548.1465,548.1846,68437,82268,Rhinolophus ferrumequinum,0.023,0.023,-1,Echolocation,/mnt/ubna_data_01_mir/recover-20220825/UBNA_002/20220823_033000.WAV,Telephone Field,recover-20220825,002,1795
548.1565,548.1991,68437,82993,Rhinolophus ferrumequinum,0.023,0.023,-1,Echolocation,/mnt/ubna_data_01_mir/recover-20220825/UBNA_002/20220823_033000.WAV,Telephone Field,recover-20220825,002,1795
548.1955,548.2058,15156,21309,Nyctalus noctula,0.01,0.021,-1,Echolocation,/mnt/ubna_data_01_mir/recover-20220825/UBNA_002/20220823_033000.WAV,Telephone Field,recover-20220825,002,1795
548.2205,548.2574,68437,82383,Rhinolophus ferrumequinum,0.021,0.021,-1,Echolocation,/mnt/ubna_data_01_mir/recover-20220825/UBNA_002/20220823_033000.WAV,Telephone Field,recover-20220825,002,1795
548.2345,548.2738,68437,82390,Rhinolophus ferrumequinum,0.025,0.025,-1,Echolocation,/mnt/ubna_data_01_mir/recover-20220825/UBNA_002/20220823_033000.WAV,Telephone Field,recover-20220825,002,1795
548.2435,548.2594,27187,32345,Eptesicus serotinus,0.037,0.061,-1,Echolocation,/mnt/ubna_data_01_mir/recover-20220825/UBNA_002/20220823_033000.WAV,Telephone Field,recover-20220825,002,1795
548.2885,548.3275,68437,82268,Rhinolophus ferrumequinum,0.021,0.021,-1,Echolocation,/mnt/ubna_data_01_mir/recover-20220825/UBNA_002/20220823_033000.WAV,Telephone Field,recover-20220825,002,1795
548.3075,548.3193,23750,29364,Nyctalus leisleri,0.015,0.032,-1,Echolocation,/mnt/ubna_data_01_mir/recover-20220825/UBNA_002/20220823_033000.WAV,Telephone Field,recover-20220825,002,1795
548.3505,548.3595,26328,37266,Eptesicus serotinus,0.009,0.022,-1,Echolocation,/mnt/ubna_data_01_mir/recover-20220825/UBNA_002/20220823_033000.WAV,Telephone Field,recover-20220825,002,1795
548.3545,548.3931,68437,81632,Rhinolophus ferrumequinum,0.023,0.023,-1,Echolocation,/mnt/ubna_data_01_mir/recover-20220825/UBNA_002/20220823_033000.WAV,Telephone Field,recover-20220825,002,1795
548.3635,548.4044,68437,82482,Rhinolophus ferrumequinum,0.024,0.024,-1,Echolocation,/mnt/ubna_data_01_mir/recover-20220825/UBNA_002/20220823_033000.WAV,Telephone Field,recover-20220825,002,1795
548.3975,548.4427,68437,82719,Rhinolophus ferrumequinum,0.038,0.038,-1,Echolocation,/mnt/ubna_data_01_mir/recover-20220825/UBNA_002/20220823_033000.WAV,Telephone Field,recover-20220825,002,1795
548.4155,548.4544,68437,81785,Rhinolophus ferrumequinum,0.022,0.022,-1,Echolocation,/mnt/ubna_data_01_mir/recover-20220825/UBNA_002/20220823_033000.WAV,Telephone Field,recover-20220825,002,1795
548.4215,548.459,68437,81579,Rhinolophus ferrumequinum,0.021,0.021,-1,Echolocation,/mnt/ubna_data_01_mir/recover-20220825/UBNA_002/20220823_033000.WAV,Telephone Field,recover-20220825,002,1795
548.4565,548.4968,68437,82645,Rhinolophus ferrumequinum,0.022,0.022,-1,Echolocation,/mnt/ubna_data_01_mir/recover-20220825/UBNA_002/20220823_033000.WAV,Telephone Field,recover-20220825,002,1795
548.4645,548.5044,68437,82418,Rhinolophus ferrumequinum,0.021,0.022,-1,Echolocation,/mnt/ubna_data_01_mir/recover-20220825/UBNA_002/20220823_033000.WAV,Telephone Field,recover-20220825,002,1795
548.4955,548.5037,28906,38415,Eptesicus serotinus,0.011,0.031,-1,Echolocation,/mnt/ubna_data_01_mir/recover-20220825/UBNA_002/20220823_033000.WAV,Telephone Field,recover-20220825,002,1795
548.5085,548.518,28906,36143,Eptesicus serotinus,0.008,0.022,-1,Echolocation,/mnt/ubna_data_01_mir/recover-20220825/UBNA_002/20220823_033000.WAV,Telephone Field,recover-20220825,002,1795
548.5105,548.5239,50390,55723,Pipistrellus pipistrellus,0.018,0.022,-1,Echolocation,/mnt/ubna_data_01_mir/recover-20220825/UBNA_002/20220823_033000.WAV,Telephone Field,recover-20220825,002,1795
548.5135,548.5227,28906,37818,Eptesicus serotinus,0.007,0.021,-1,Echolocation,/mnt/ubna_data_01_mir/recover-20220825/UBNA_002/20220823_033000.WAV,Telephone Field,recover-20220825,002,1795
548.5155,548.555,68437,81866,Rhinolophus ferrumequinum,0.024,0.024,-1,Echolocation,/mnt/ubna_data_01_mir/recover-20220825/UBNA_002/20220823_033000.WAV,Telephone Field,recover-20220825,002,1795
548.5345,548.5766,68437,82485,Rhinolophus ferrumequinum,0.036,0.036,-1,Echolocation,/mnt/ubna_data_01_mir/recover-20220825/UBNA_002/20220823_033000.WAV,Telephone Field,recover-20220825,002,1795
548.5475,548.5568,23750,31608,Nyctalus leisleri,0.006,0.023,-1,Echolocation,/mnt/ubna_data_01_mir/recover-20220825/UBNA_002/20220823_033000.WAV,Telephone Field,recover-20220825,002,1795
548.5635,548.5705,27187,39499,Eptesicus serotinus,0.006,0.021,-1,Echolocation,/mnt/ubna_data_01_mir/recover-20220825/UBNA_002/20220823_033000.WAV,Telephone Field,recover-20220825,002,1795
548.5715,548.6069,68437,81864,Rhinolophus ferrumequinum,0.024,0.025,-1,Echolocation,/mnt/ubna_data_01_mir/recover-20220825/UBNA_002/20220823_033000.WAV,Telephone Field,recover-20220825,002,1795
548.5845,548.6235,68437,81974,Rhinolophus ferrumequinum,0.021,0.021,-1,Echolocation,/mnt/ubna_data_01_mir/recover-20220825/UBNA_002/20220823_033000.WAV,Telephone Field,recover-20220825,002,1795
548.6315,548.6698,68437,82282,Rhinolophus ferrumequinum,0.023,0.023,-1,Echolocation,/mnt/ubna_data_01_mir/recover-20220825/UBNA_002/20220823_033000.WAV,Telephone Field,recover-20220825,002,1795
548.6545,548.692,68437,81327,Rhinolophus ferrumequinum,0.022,0.022,-1,Echolocation,/mnt/ubna_data_01_mir/recover-20220825/UBNA_002/20220823_033000.WAV,Telephone Field,recover-20220825,002,1795
548.7105,548.7502,68437,82101,Rhinolophus ferrumequinum,0.021,0.021,-1,Echolocation,/mnt/ubna_data_01_mir/recover-20220825/UBNA_002/20220823_033000.WAV,Telephone Field,recover-20220825,002,1795
548.7315,548.7687,68437,81751,Rhinolophus ferrumequinum,0.021,0.021,-1,Echolocation,/mnt/ubna_data_01_mir/recover-20220825/UBNA_002/20220823_033000.WAV,Telephone Field,recover-20220825,002,1795
548.7545,548.7932,68437,82599,Rhinolophus ferrumequinum,0.023,0.023,-1,Echolocation,/mnt/ubna_data_01_mir/recover-20220825/UBNA_002/20220823_033000.WAV,Telephone Field,recover-20220825,002,1795
548.7635,548.8,68437,81917,Rhinolophus ferrumequinum,0.022,0.022,-1,Echolocation,/mnt/ubna_data_01_mir/recover-20220825/UBNA_002/20220823_033000.WAV,Telephone Field,recover-20220825,002,1795
548.7865,548.8257,68437,82148,Rhinolophus ferrumequinum,0.022,0.022,-1,Echolocation,/mnt/ubna_data_01_mir/recover-20220825/UBNA_002/20220823_033000.WAV,Telephone Field,recover-20220825,002,1795
548.8595,548.8685,25468,32619,Eptesicus serotinus,0.008,0.023,-1,Echolocation,/mnt/ubna_data_01_mir/recover-20220825/UBNA_002/20220823_033000.WAV,Telephone Field,recover-20220825,002,1795
548.8735,548.9094,68437,82162,Rhinolophus ferrumequinum,0.021,0.021,-1,Echolocation,/mnt/ubna_data_01_mir/recover-20220825/UBNA_002/20220823_033000.WAV,Telephone Field,recover-20220825,002,1795
548.8965,548.9357,68437,82055,Rhinolophus ferrumequinum,0.024,0.024,-1,Echolocation,/mnt/ubna_data_01_mir/recover-20220825/UBNA_002/20220823_033000.WAV,Telephone Field,recover-20220825,002,1795
548.9025,548.9429,68437,82153,Rhinolophus ferrumequinum,0.023,0.023,-1,Echolocation,/mnt/ubna_data_01_mir/recover-20220825/UBNA_002/20220823_033000.WAV,Telephone Field,recover-20220825,002,1795
548.9285,548.9382,22890,29288,Nyctalus leisleri,0.008,0.022,-1,Echolocation,/mnt/ubna_data_01_mir/recover-20220825/UBNA_002/20220823_033000.WAV,Telephone Field,recover-20220825,002,1795
548.9555,548.991,68437,81616,Rhinolophus ferrumequinum,0.022,0.022,-1,Echolocation,/mnt/ubna_data_01_mir/recover-20220825/UBNA_002/20220823_033000.WAV,Telephone Field,recover-20220825,002,1795
548.9715,549.0064,68437,81544,Rhinolophus ferrumequinum,0.024,0.024,-1,Echolocation,/mnt/ubna_data_01_mir/recover-20220825/UBNA_002/20220823_033000.WAV,Telephone Field,recover-20220825,002,1795
549.0045,549.0153,28906,35169,Eptesicus serotinus,0.009,0.022,-1,Echolocation,/mnt/ubna_data_01_mir/recover-20220825/UBNA_002/20220823_033000.WAV,Telephone Field,recover-20220825,002,1795
549.0185,549.0599,68437,82376,Rhinolophus ferrumequinum,0.026,0.026,-1,Echolocation,/mnt/ubna_data_01_mir/recover-20220825/UBNA_002/20220823_033000.WAV,Telephone Field,recover-20220825,002,1795
549.0315,549.071,68437,82596,Rhinolophus ferrumequinum,0.021,0.021,-1,Echolocation,/mnt/ubna_data_01_mir/recover-20220825/UBNA_002/20220823_033000.WAV,Telephone Field,recover-20220825,002,1795
549.0385,549.0478,28046,37820,Eptesicus serotinus,0.009,0.023,-1,Echolocation,/mnt/ubna_data_01_mir/recover-20220825/UBNA_002/20220823_033000.WAV,Telephone Field,recover-20220825,002,1795
549.0555,549.0957,68437,82124,Rhinolophus ferrumequinum,0.023,0.023,-1,Echolocation,/mnt/ubna_data_01_mir/recover-20220825/UBNA_002/20220823_033000.WAV,Telephone Field,recover-20220825,002,1795
549.0815,549.1217,68437,81933,Rhinolophus ferrumequinum,0.025,0.025,-1,Echolocation,/mnt/ubna_data_01_mir/recover-20220825/UBNA_002/20220823_033000.WAV,Telephone Field,recover-20220825,002,1795
549.1055,549.1455,68437,82566,Rhinolophus ferrumequinum,0.022,0.022,-1,Echolocation,/mnt/ubna_data_01_mir/recover-20220825/UBNA_002/20220823_033000.WAV,Telephone Field,recover-20220825,002,1795
549.1195,549.1589,68437,82819,Rhinolophus ferrumequinum,0.024,0.024,-1,Echolocation,/mnt/ubna_data_01_mir/recover-20220825/UBNA_002/20220823_033000.WAV,Telephone Field,recover-20220825,002,1795
549.1205,549.129,28046,37035,Eptesicus serotinus,0.013,0.029,-1,Echolocation,/mnt/ubna_data_01_mir/recover-20220825/UBNA_002/20220823_033000.WAV,Telephone Field,recover-20220825,002,1795
549.1295,549.1372,48671,52076,Pipistrellus pipistrellus,0.026,0.028,-1,Echolocation,/mnt/ubna_data_01_mir/recover-20220825/UBNA_002/20220823_033000.WAV,Telephone Field,recover-20220825,002,1795
549.1475,549.1868,68437,81892,Rhinolophus ferrumequinum,0.03,0.03,-1,Echolocation,/mnt/ubna_data_01_mir/recover-20220825/UBNA_002/20220823_033000.WAV,Telephone Field,recover-20220825,002,1795
549.1525,549.1617,26328,34062,Eptesicus serotinus,0.011,0.026,-1,Echolocation,/mnt/ubna_data_01_mir/recover-20220825/UBNA_002/20220823_033000.WAV,Telephone Field,recover-20220825,002,1795
549.1805,549.2233,68437,82881,Rhinolophus ferrumequinum,0.031,0.031,-1,Echolocation,/mnt/ubna_data_01_mir/recover-20220825/UBNA_002/20220823_033000.WAV,Telephone Field,recover-20220825,002,1795
549.1945,549.2029,25468,34449,Eptesicus serotinus,0.009,0.024,-1,Echolocation,/mnt/ubna_data_01_mir/recover-20220825/UBNA_002/20220823_033000.WAV,Telephone Field,recover-20220825,002,1795
549.2105,549.2476,68437,81683,Rhinolophus ferrumequinum,0.021,0.021,-1,Echolocation,/mnt/ubna_data_01_mir/recover-20220825/UBNA_002/20220823_033000.WAV,Telephone Field,recover-20220825,002,1795
549.2315,549.2395,26328,35450,Eptesicus serotinus,0.007,0.022,-1,Echolocation,/mnt/ubna_data_01_mir/recover-20220825/UBNA_002/20220823_033000.WAV,Telephone Field,recover-20220825,002,1795
549.2375,549.277,68437,81405,Rhinolophus ferrumequinum,0.03,0.03,-1,Echolocation,/mnt/ubna_data_01_mir/recover-20220825/UBNA_002/20220823_033000.WAV,Telephone Field,recover-20220825,002,1795
549.2865,549.324,68437,81706,Rhinolophus ferrumequinum,0.021,0.021,-1,Echolocation,/mnt/ubna_data_01_mir/recover-20220825/UBNA_002/20220823_033000.WAV,Telephone Field,recover-20220825,002,1795
549.3085,549.3493,68437,82239,Rhinolophus ferrumequinum,0.035,0.035,-1,Echolocation,/mnt/ubna_data_01_mir/recover-20220825/UBNA_002/20220823_033000.WAV,Telephone Field,recover-20220825,002,1795
549.3325,549.3725,68437,82337,Rhinolophus ferrumequinum,0.022,0.022,-1,Echolocation,/mnt/ubna_data_01_mir/recover-20220825/UBNA_002/20220823_033000.WAV,Telephone Field,recover-20220825,002,1795
549.3565,549.3945,68437,81865,Rhinolophus ferrumequinum,0.021,0.021,-1,Echolocation,/mnt/ubna_data_01_mir/recover-20220825/UBNA_002/20220823_033000.WAV,Telephone Field,recover-20220825,002,1795
549.3795,549.4177999999999,68437,82035,Rhinolophus ferrumequinum,0.021,0.021,-1,Echolocation,/mnt/ubna_data_01_mir/recover-20220825/UBNA_002/20220823_033000.WAV,Telephone Field,recover-20220825,002,1795
549.4095,549.4484,68437,82469,Rhinolophus ferrumequinum,0.026,0.026,-1,Echolocation,/mnt/ubna_data_01_mir/recover-20220825/UBNA_002/20220823_033000.WAV,Telephone Field,recover-20220825,002,1795
549.4155,549.4547,68437,82539,Rhinolophus ferrumequinum,0.027,0.027,-1,Echolocation,/mnt/ubna_data_01_mir/recover-20220825/UBNA_002/20220823_033000.WAV,Telephone Field,recover-20220825,002,1795
549.4235,549.4342,28046,35944,Eptesicus serotinus,0.011,0.022,-1,Echolocation,/mnt/ubna_data_01_mir/recover-20220825/UBNA_002/20220823_033000.WAV,Telephone Field,recover-20220825,002,1795
549.5015,549.539,68437,81975,Rhinolophus ferrumequinum,0.024,0.024,-1,Echolocation,/mnt/ubna_data_01_mir/recover-20220825/UBNA_002/20220823_033000.WAV,Telephone Field,recover-20220825,002,1795
549.5095,549.5178,27187,39729,Eptesicus serotinus,0.009,0.026,-1,Echolocation,/mnt/ubna_data_01_mir/recover-20220825/UBNA_002/20220823_033000.WAV,Telephone Field,recover-20220825,002,1795
549.5415,549.5823,68437,83002,Rhinolophus ferrumequinum,0.021,0.021,-1,Echolocation,/mnt/ubna_data_01_mir/recover-20220825/UBNA_002/20220823_033000.WAV,Telephone Field,recover-20220825,002,1795
549.5825,549.6206999999999,68437,81872,Rhinolophus ferrumequinum,0.028,0.028,-1,Echolocation,/mnt/ubna_data_01_mir/recover-20220825/UBNA_002/20220823_033000.WAV,Telephone Field,recover-20220825,002,1795
549.6165,549.6585,68437,82394,Rhinolophus ferrumequinum,0.021,0.022,-1,Echolocation,/mnt/ubna_data_01_mir/recover-20220825/UBNA_002/20220823_033000.WAV,Telephone Field,recover-20220825,002,1795
549.6335,549.6504,22031,25750,Nyctalus leisleri,0.017,0.03,-1,Echolocation,/mnt/ubna_data_01_mir/recover-20220825/UBNA_002/20220823_033000.WAV,Telephone Field,recover-20220825,002,1795
549.6405,549.6809,68437,82837,Rhinolophus ferrumequinum,0.022,0.022,-1,Echolocation,/mnt/ubna_data_01_mir/recover-20220825/UBNA_002/20220823_033000.WAV,Telephone Field,recover-20220825,002,1795
549.6565,549.6634,23750,33116,Plecotus austriacus,0.01,0.022,-1,Echolocation,/mnt/ubna_data_01_mir/recover-20220825/UBNA_002/20220823_033000.WAV,Telephone Field,recover-20220825,002,1795
549.6715,549.7128,68437,82937,Rhinolophus ferrumequinum,0.026,0.026,-1,Echolocation,/mnt/ubna_data_01_mir/recover-20220825/UBNA_002/20220823_033000.WAV,Telephone Field,recover-20220825,002,1795
549.7105,549.7501,68437,82300,Rhinolophus ferrumequinum,0.023,0.023,-1,Echolocation,/mnt/ubna_data_01_mir/recover-20220825/UBNA_002/20220823_033000.WAV,Telephone Field,recover-20220825,002,1795
549.7405,549.752,23750,29912,Nyctalus leisleri,0.016,0.033,-1,Echolocation,/mnt/ubna_data_01_mir/recover-20220825/UBNA_002/20220823_033000.WAV,Telephone Field,recover-20220825,002,1795
549.7465,549.7854,68437,82099,Rhinolophus ferrumequinum,0.023,0.023,-1,Echolocation,/mnt/ubna_data_01_mir/recover-20220825/UBNA_002/20220823_033000.WAV,Telephone Field,recover-20220825,002,1795
549.7835,549.8228,68437,82694,Rhinolophus ferrumequinum,0.023,0.023,-1,Echolocation,/mnt/ubna_data_01_mir/recover-20220825/UBNA_002/20220823_033000.WAV,Telephone Field,recover-20220825,002,1795
549.7915,549.8305,68437,82524,Rhinolophus ferrumequinum,0.021,0.021,-1,Echolocation,/mnt/ubna_data_01_mir/recover-20220825/UBNA_002/20220823_033000.WAV,Telephone Field,recover-20220825,002,1795
549.8145,549.852,68437,82057,Rhinolophus ferrumequinum,0.022,0.022,-1,Echolocation,/mnt/ubna_data_01_mir/recover-20220825/UBNA_002/20220823_033000.WAV,Telephone Field,recover-20220825,002,1795
549.8205,549.8583,68437,81249,Rhinolophus ferrumequinum,0.022,0.022,-1,Echolocation,/mnt/ubna_data_01_mir/recover-20220825/UBNA_002/20220823_033000.WAV,Telephone Field,recover-20220825,002,1795
549.8605,549.8702,25468,32592,Eptesicus serotinus,0.008,0.021,-1,Echolocation,/mnt/ubna_data_01_mir/recover-20220825/UBNA_002/20220823_033000.WAV,Telephone Field,recover-20220825,002,1795
549.8655,549.9043,68437,81760,Rhinolophus ferrumequinum,0.022,0.022,-1,Echolocation,/mnt/ubna_data_01_mir/recover-20220825/UBNA_002/20220823_033000.WAV,Telephone Field,recover-20220825,002,1795
549.8705,549.9089,68437,81673,Rhinolophus ferrumequinum,0.021,0.021,-1,Echolocation,/mnt/ubna_data_01_mir/recover-20220825/UBNA_002/20220823_033000.WAV,Telephone Field,recover-20220825,002,1795
549.8945,549.9105,28046,34504,Eptesicus serotinus,0.019,0.03,-1,Echolocation,/mnt/ubna_data_01_mir/recover-20220825/UBNA_002/20220823_033000.WAV,Telephone Field,recover-20220825,002,1795
549.8945,549.9321,68437,82490,Rhinolophus ferrumequinum,0.023,0.023,-1,Echolocation,/mnt/ubna_data_01_mir/recover-20220825/UBNA_002/20220823_033000.WAV,Telephone Field,recover-20220825,002,1795
549.8945,549.904,51250,56524,Pipistrellus pipistrellus,0.018,0.023,-1,Echolocation,/mnt/ubna_data_01_mir/recover-20220825/UBNA_002/20220823_033000.WAV,Telephone Field,recover-20220825,002,1795
549.9155,549.9565,68437,82894,Rhinolophus ferrumequinum,0.036,0.036,-1,Echolocation,/mnt/ubna_data_01_mir/recover-20220825/UBNA_002/20220823_033000.WAV,Telephone Field,recover-20220825,002,1795
549.9185,549.9268,28046,38370,Eptesicus serotinus,0.009,0.026,-1,Echolocation,/mnt/ubna_data_01_mir/recover-20220825/UBNA_002/20220823_033000.WAV,Telephone Field,recover-20220825,002,1795
549.9335,549.9441,22890,28797,Nyctalus leisleri,0.009,0.023,-1,Echolocation,/mnt/ubna_data_01_mir/recover-20220825/UBNA_002/20220823_033000.WAV,Telephone Field,recover-20220825,002,1795
549.9445,549.9827,68437,82367,Rhinolophus ferrumequinum,0.023,0.023,-1,Echolocation,/mnt/ubna_data_01_mir/recover-20220825/UBNA_002/20220823_033000.WAV,Telephone Field,recover-20220825,002,1795
549.9735,549.9827,22031,28164,Plecotus austriacus,0.009,0.025,-1,Echolocation,/mnt/ubna_data_01_mir/recover-20220825/UBNA_002/20220823_033000.WAV,Telephone Field,recover-20220825,002,1795
550.0015,550.0128,27187,34582,Eptesicus serotinus,0.05,0.119,-1,Echolocation,/mnt/ubna_data_01_mir/recover-20220825/UBNA_002/20220823_033000.WAV,Telephone Field,recover-20220825,002,1795
550.0015,550.033,68437,79481,Rhinolophus ferrumequinum,0.071,0.071,-1,Echolocation,/mnt/ubna_data_01_mir/recover-20220825/UBNA_002/20220823_033000.WAV,Telephone Field,recover-20220825,002,1795
550.0165,550.03,26328,30560,Nyctalus leisleri,0.014,0.031,-1,Echolocation,/mnt/ubna_data_01_mir/recover-20220825/UBNA_002/20220823_033000.WAV,Telephone Field,recover-20220825,002,1795
550.0415,550.0743,68437,81066,Rhinolophus ferrumequinum,0.021,0.022,-1,Echolocation,/mnt/ubna_data_01_mir/recover-20220825/UBNA_002/20220823_033000.WAV,Telephone Field,recover-20220825,002,1795
550.0595,550.0687,28046,39349,Eptesicus serotinus,0.009,0.022,-1,Echolocation,/mnt/ubna_data_01_mir/recover-20220825/UBNA_002/20220823_033000.WAV,Telephone Field,recover-20220825,002,1795
550.0665,550.1039,68437,81182,Rhinolophus ferrumequinum,0.021,0.022,-1,Echolocation,/mnt/ubna_data_01_mir/recover-20220825/UBNA_002/20220823_033000.WAV,Telephone Field,recover-20220825,002,1795
550.1005,550.1165,21171,24525,Nyctalus leisleri,0.016,0.027,-1,Echolocation,/mnt/ubna_data_01_mir/recover-20220825/UBNA_002/20220823_033000.WAV,Telephone Field,recover-20220825,002,1795
550.1135,550.1224,28906,36082,Eptesicus serotinus,0.007,0.022,-1,Echolocation,/mnt/ubna_data_01_mir/recover-20220825/UBNA_002/20220823_033000.WAV,Telephone Field,recover-20220825,002,1795
550.1395,550.1753,68437,81353,Rhinolophus ferrumequinum,0.024,0.024,-1,Echolocation,/mnt/ubna_data_01_mir/recover-20220825/UBNA_002/20220823_033000.WAV,Telephone Field,recover-20220825,002,1795
550.1455,550.1564,28906,35669,Eptesicus serotinus,0.01,0.022,-1,Echolocation,/mnt/ubna_data_01_mir/recover-20220825/UBNA_002/20220823_033000.WAV,Telephone Field,recover-20220825,002,1795
550.1545,550.1931,68437,82795,Rhinolophus ferrumequinum,0.027,0.027,-1,Echolocation,/mnt/ubna_data_01_mir/recover-20220825/UBNA_002/20220823_033000.WAV,Telephone Field,recover-20220825,002,1795
550.1775,550.2149,68437,81886,Rhinolophus ferrumequinum,0.021,0.021,-1,Echolocation,/mnt/ubna_data_01_mir/recover-20220825/UBNA_002/20220823_033000.WAV,Telephone Field,recover-20220825,002,1795
550.1845,550.1972,26328,33092,Eptesicus serotinus,0.013,0.032,-1,Echolocation,/mnt/ubna_data_01_mir/recover-20220825/UBNA_002/20220823_033000.WAV,Telephone Field,recover-20220825,002,1795
550.2075,550.2166,28906,38248,Eptesicus serotinus,0.009,0.026,-1,Echolocation,/mnt/ubna_data_01_mir/recover-20220825/UBNA_002/20220823_033000.WAV,Telephone Field,recover-20220825,002,1795
550.2225,550.2593,68437,81978,Rhinolophus ferrumequinum,0.026,0.026,-1,Echolocation,/mnt/ubna_data_01_mir/recover-20220825/UBNA_002/20220823_033000.WAV,Telephone Field,recover-20220825,002,1795
550.2545,550.2954,68437,82725,Rhinolophus ferrumequinum,0.028,0.028,-1,Echolocation,/mnt/ubna_data_01_mir/recover-20220825/UBNA_002/20220823_033000.WAV,Telephone Field,recover-20220825,002,1795
550.2555,550.2632,49531,56637,Pipistrellus pipistrellus,0.02,0.023,-1,Echolocation,/mnt/ubna_data_01_mir/recover-20220825/UBNA_002/20220823_033000.WAV,Telephone Field,recover-20220825,002,1795
550.2835,550.3173,68437,81162,Rhinolophus ferrumequinum,0.025,0.025,-1,Echolocation,/mnt/ubna_data_01_mir/recover-20220825/UBNA_002/20220823_033000.WAV,Telephone Field,recover-20220825,002,1795
550.2865,550.2946,28046,37340,Eptesicus serotinus,0.008,0.024,-1,Echolocation,/mnt/ubna_data_01_mir/recover-20220825/UBNA_002/20220823_033000.WAV,Telephone Field,recover-20220825,002,1795
550.3125,550.3508,68437,81677,Rhinolophus ferrumequinum,0.022,0.022,-1,Echolocation,/mnt/ubna_data_01_mir/recover-20220825/UBNA_002/20220823_033000.WAV,Telephone Field,recover-20220825,002,1795
550.3215,550.3599,68437,82191,Rhinolophus ferrumequinum,0.024,0.024,-1,Echolocation,/mnt/ubna_data_01_mir/recover-20220825/UBNA_002/20220823_033000.WAV,Telephone Field,recover-20220825,002,1795
550.3455,550.3793000000001,68437,80955,Rhinolophus ferrumequinum,0.027,0.028,-1,Echolocation,/mnt/ubna_data_01_mir/recover-20220825/UBNA_002/20220823_033000.WAV,Telephone Field,recover-20220825,002,1795
550.3555,550.3624,27187,40293,Eptesicus serotinus,0.007,0.026,-1,Echolocation,/mnt/ubna_data_01_mir/recover-20220825/UBNA_002/20220823_033000.WAV,Telephone Field,recover-20220825,002,1795
550.3735,550.3881,53828,57965,Pipistrellus pygmaeus,0.02,0.022,-1,Echolocation,/mnt/ubna_data_01_mir/recover-20220825/UBNA_002/20220823_033000.WAV,Telephone Field,recover-20220825,002,1795
550.3735,550.4116,68437,82111,Rhinolophus ferrumequinum,0.024,0.024,-1,Echolocation,/mnt/ubna_data_01_mir/recover-20220825/UBNA_002/20220823_033000.WAV,Telephone Field,recover-20220825,002,1795
550.3765,550.3839,27187,39348,Eptesicus serotinus,0.007,0.022,-1,Echolocation,/mnt/ubna_data_01_mir/recover-20220825/UBNA_002/20220823_033000.WAV,Telephone Field,recover-20220825,002,1795
550.3865,550.3969,34921,39869,Barbastellus barbastellus,0.007,0.023,-1,Echolocation,/mnt/ubna_data_01_mir/recover-20220825/UBNA_002/20220823_033000.WAV,Telephone Field,recover-20220825,002,1795
550.4025,550.4406,68437,82428,Rhinolophus ferrumequinum,0.024,0.024,-1,Echolocation,/mnt/ubna_data_01_mir/recover-20220825/UBNA_002/20220823_033000.WAV,Telephone Field,recover-20220825,002,1795
550.4275,550.4356,28046,38176,Eptesicus serotinus,0.008,0.027,-1,Echolocation,/mnt/ubna_data_01_mir/recover-20220825/UBNA_002/20220823_033000.WAV,Telephone Field,recover-20220825,002,1795
550.4365,550.4751,68437,82793,Rhinolophus ferrumequinum,0.04,0.04,-1,Echolocation,/mnt/ubna_data_01_mir/recover-20220825/UBNA_002/20220823_033000.WAV,Telephone Field,recover-20220825,002,1795
550.4445,550.4598,22031,25590,Nyctalus leisleri,0.015,0.026,-1,Echolocation,/mnt/ubna_data_01_mir/recover-20220825/UBNA_002/20220823_033000.WAV,Telephone Field,recover-20220825,002,1795
550.4515,550.4623,23750,29474,Nyctalus leisleri,0.011,0.025,-1,Echolocation,/mnt/ubna_data_01_mir/recover-20220825/UBNA_002/20220823_033000.WAV,Telephone Field,recover-20220825,002,1795
550.4625,550.4993,68437,81651,Rhinolophus ferrumequinum,0.022,0.022,-1,Echolocation,/mnt/ubna_data_01_mir/recover-20220825/UBNA_002/20220823_033000.WAV,Telephone Field,recover-20220825,002,1795
550.4815,550.488,33203,44497,Myotis daubentonii,0.009,0.023,-1,Echolocation,/mnt/ubna_data_01_mir/recover-20220825/UBNA_002/20220823_033000.WAV,Telephone Field,recover-20220825,002,1795
550.4825,550.4887,27187,42640,Eptesicus serotinus,0.006,0.025,-1,Echolocation,/mnt/ubna_data_01_mir/recover-20220825/UBNA_002/20220823_033000.WAV,Telephone Field,recover-20220825,002,1795
550.4935,550.5351,68437,83121,Rhinolophus ferrumequinum,0.035,0.035,-1,Echolocation,/mnt/ubna_data_01_mir/recover-20220825/UBNA_002/20220823_033000.WAV,Telephone Field,recover-20220825,002,1795
550.5175,550.5554,68437,82084,Rhinolophus ferrumequinum,0.023,0.023,-1,Echolocation,/mnt/ubna_data_01_mir/recover-20220825/UBNA_002/20220823_033000.WAV,Telephone Field,recover-20220825,002,1795
550.5235,550.5349,22890,28405,Nyctalus leisleri,0.015,0.031,-1,Echolocation,/mnt/ubna_data_01_mir/recover-20220825/UBNA_002/20220823_033000.WAV,Telephone Field,recover-20220825,002,1795
550.5335,550.5663,68437,80196,Rhinolophus ferrumequinum,0.047,0.047,-1,Echolocation,/mnt/ubna_data_01_mir/recover-20220825/UBNA_002/20220823_033000.WAV,Telephone Field,recover-20220825,002,1795
550.5355,550.5465,22031,26017,Nyctalus leisleri,0.013,0.022,-1,Echolocation,/mnt/ubna_data_01_mir/recover-20220825/UBNA_002/20220823_033000.WAV,Telephone Field,recover-20220825,002,1795
550.5535,550.5916,68437,82111,Rhinolophus ferrumequinum,0.024,0.024,-1,Echolocation,/mnt/ubna_data_01_mir/recover-20220825/UBNA_002/20220823_033000.WAV,Telephone Field,recover-20220825,002,1795
550.5625,550.6003,68437,82036,Rhinolophus ferrumequinum,0.021,0.022,-1,Echolocation,/mnt/ubna_data_01_mir/recover-20220825/UBNA_002/20220823_033000.WAV,Telephone Field,recover-20220825,002,1795
550.5745,550.6171,68437,82558,Rhinolophus ferrumequinum,0.022,0.022,-1,Echolocation,/mnt/ubna_data_01_mir/recover-20220825/UBNA_002/20220823_033000.WAV,Telephone Field,recover-20220825,002,1795
550.5845,550.6278,68437,83188,Rhinolophus ferrumequinum,0.03,0.03,-1,Echolocation,/mnt/ubna_data_01_mir/recover-20220825/UBNA_002/20220823_033000.WAV,Telephone Field,recover-20220825,002,1795
550.5875,550.5945,23750,34620,Plecotus austriacus,0.013,0.028,-1,Echolocation,/mnt/ubna_data_01_mir/recover-20220825/UBNA_002/20220823_033000.WAV,Telephone Field,recover-20220825,002,1795
550.6085,550.6203,22031,26926,Nyctalus leisleri,0.011,0.022,-1,Echolocation,/mnt/ubna_data_01_mir/recover-20220825/UBNA_002/20220823_033000.WAV,Telephone Field,recover-20220825,002,1795
550.6515,550.6577,24609,34638,Plecotus austriacus,0.014,0.031,-1,Echolocation,/mnt/ubna_data_01_mir/recover-20220825/UBNA_002/20220823_033000.WAV,Telephone Field,recover-20220825,002,1795
550.7285,550.7656,68437,81980,Rhinolophus ferrumequinum,0.024,0.024,-1,Echolocation,/mnt/ubna_data_01_mir/recover-20220825/UBNA_002/20220823_033000.WAV,Telephone Field,recover-20220825,002,1795
550.7625,550.7717,22890,29584,Plecotus austriacus,0.007,0.022,-1,Echolocation,/mnt/ubna_data_01_mir/recover-20220825/UBNA_002/20220823_033000.WAV,Telephone Field,recover-20220825,002,1795
550.7855,550.8052,22031,25674,Nyctalus leisleri,0.066,0.12,-1,Echolocation,/mnt/ubna_data_01_mir/recover-20220825/UBNA_002/20220823_033000.WAV,Telephone Field,recover-20220825,002,1795
550.8125,550.8213,25468,33171,Eptesicus serotinus,0.007,0.022,-1,Echolocation,/mnt/ubna_data_01_mir/recover-20220825/UBNA_002/20220823_033000.WAV,Telephone Field,recover-20220825,002,1795
550.8255,550.8627,68437,82174,Rhinolophus ferrumequinum,0.023,0.023,-1,Echolocation,/mnt/ubna_data_01_mir/recover-20220825/UBNA_002/20220823_033000.WAV,Telephone Field,recover-20220825,002,1795
550.8455,550.8601,21171,24817,Nyctalus leisleri,0.013,0.022,-1,Echolocation,/mnt/ubna_data_01_mir/recover-20220825/UBNA_002/20220823_033000.WAV,Telephone Field,recover-20220825,002,1795
550.8545,550.8933,68437,82739,Rhinolophus ferrumequinum,0.028,0.028,-1,Echolocation,/mnt/ubna_data_01_mir/recover-20220825/UBNA_002/20220823_033000.WAV,Telephone Field,recover-20220825,002,1795
550.8595,550.8663,28046,38528,Eptesicus serotinus,0.009,0.028,-1,Echolocation,/mnt/ubna_data_01_mir/recover-20220825/UBNA_002/20220823_033000.WAV,Telephone Field,recover-20220825,002,1795
550.8665,550.9038,68437,82244,Rhinolophus ferrumequinum,0.029,0.029,-1,Echolocation,/mnt/ubna_data_01_mir/recover-20220825/UBNA_002/20220823_033000.WAV,Telephone Field,recover-20220825,002,1795
550.9025,550.9098,27187,41496,Eptesicus serotinus,0.007,0.022,-1,Echolocation,/mnt/ubna_data_01_mir/recover-20220825/UBNA_002/20220823_033000.WAV,Telephone Field,recover-20220825,002,1795
550.9115,550.9496,68437,82440,Rhinolophus ferrumequinum,0.024,0.024,-1,Echolocation,/mnt/ubna_data_01_mir/recover-20220825/UBNA_002/20220823_033000.WAV,Telephone Field,recover-20220825,002,1795
550.9175,550.927,27187,36111,Eptesicus serotinus,0.012,0.028,-1,Echolocation,/mnt/ubna_data_01_mir/recover-20220825/UBNA_002/20220823_033000.WAV,Telephone Field,recover-20220825,002,1795
550.9265,550.9647,68437,82648,Rhinolophus ferrumequinum,0.024,0.024,-1,Echolocation,/mnt/ubna_data_01_mir/recover-20220825/UBNA_002/20220823_033000.WAV,Telephone Field,recover-20220825,002,1795
550.9765,551.0159,68437,82554,Rhinolophus ferrumequinum,0.031,0.031,-1,Echolocation,/mnt/ubna_data_01_mir/recover-20220825/UBNA_002/20220823_033000.WAV,Telephone Field,recover-20220825,002,1795
550.9955,551.0349,68437,82438,Rhinolophus ferrumequinum,0.031,0.031,-1,Echolocation,/mnt/ubna_data_01_mir/recover-20220825/UBNA_002/20220823_033000.WAV,Telephone Field,recover-20220825,002,1795
550.9965,551.0064,22890,29283,Nyctalus leisleri,0.008,0.022,-1,Echolocation,/mnt/ubna_data_01_mir/recover-20220825/UBNA_002/20220823_033000.WAV,Telephone Field,recover-20220825,002,1795
551.0025,551.0107,28046,38579,Eptesicus serotinus,0.008,0.021,-1,Echolocation,/mnt/ubna_data_01_mir/recover-20220825/UBNA_002/20220823_033000.WAV,Telephone Field,recover-20220825,002,1795
551.0445,551.0563,14296,18666,Nyctalus noctula,0.015,0.027,-1,Echolocation,/mnt/ubna_data_01_mir/recover-20220825/UBNA_002/20220823_033000.WAV,Telephone Field,recover-20220825,002,1795
551.0845,551.1229,68437,82090,Rhinolophus ferrumequinum,0.022,0.022,-1,Echolocation,/mnt/ubna_data_01_mir/recover-20220825/UBNA_002/20220823_033000.WAV,Telephone Field,recover-20220825,002,1795
551.0865,551.093,28046,41739,Myotis daubentonii,0.006,0.026,-1,Echolocation,/mnt/ubna_data_01_mir/recover-20220825/UBNA_002/20220823_033000.WAV,Telephone Field,recover-20220825,002,1795
551.0905,551.1072,20312,23112,Nyctalus leisleri,0.016,0.025,-1,Echolocation,/mnt/ubna_data_01_mir/recover-20220825/UBNA_002/20220823_033000.WAV,Telephone Field,recover-20220825,002,1795
551.1005,551.1367,68437,81416,Rhinolophus ferrumequinum,0.021,0.021,-1,Echolocation,/mnt/ubna_data_01_mir/recover-20220825/UBNA_002/20220823_033000.WAV,Telephone Field,recover-20220825,002,1795
551.1505,551.1853,68437,81133,Rhinolophus ferrumequinum,0.024,0.024,-1,Echolocation,/mnt/ubna_data_01_mir/recover-20220825/UBNA_002/20220823_033000.WAV,Telephone Field,recover-20220825,002,1795
551.1575,551.1941,68437,82113,Rhinolophus ferrumequinum,0.023,0.023,-1,Echolocation,/mnt/ubna_data_01_mir/recover-20220825/UBNA_002/20220823_033000.WAV,Telephone Field,recover-20220825,002,1795
551.1735,551.2091,68437,81347,Rhinolophus ferrumequinum,0.021,0.022,-1,Echolocation,/mnt/ubna_data_01_mir/recover-20220825/UBNA_002/20220823_033000.WAV,Telephone Field,recover-20220825,002,1795
551.1815,551.2199,68437,82179,Rhinolophus ferrumequinum,0.023,0.023,-1,Echolocation,/mnt/ubna_data_01_mir/recover-20220825/UBNA_002/20220823_033000.WAV,Telephone Field,recover-20220825,002,1795
551.2245,551.2377,22890,27126,Nyctalus leisleri,0.015,0.027,-1,Echolocation,/mnt/ubna_data_01_mir/recover-20220825/UBNA_002/20220823_033000.WAV,Telephone Field,recover-20220825,002,1795
551.2265,551.2656,68437,82514,Rhinolophus ferrumequinum,0.025,0.025,-1,Echolocation,/mnt/ubna_data_01_mir/recover-20220825/UBNA_002/20220823_033000.WAV,Telephone Field,recover-20220825,002,1795
551.2655,551.3088,68437,83426,Rhinolophus ferrumequinum,0.033,0.033,-1,Echolocation,/mnt/ubna_data_01_mir/recover-20220825/UBNA_002/20220823_033000.WAV,Telephone Field,recover-20220825,002,1795
551.2835,551.3217,68437,81798,Rhinolophus ferrumequinum,0.022,0.022,-1,Echolocation,/mnt/ubna_data_01_mir/recover-20220825/UBNA_002/20220823_033000.WAV,Telephone Field,recover-20220825,002,1795
551.3095,551.3457,68437,81569,Rhinolophus ferrumequinum,0.022,0.022,-1,Echolocation,/mnt/ubna_data_01_mir/recover-20220825/UBNA_002/20220823_033000.WAV,Telephone Field,recover-20220825,002,1795
551.3195,551.359,68437,82218,Rhinolophus ferrumequinum,0.022,0.022,-1,Echolocation,/mnt/ubna_data_01_mir/recover-20220825/UBNA_002/20220823_033000.WAV,Telephone Field,recover-20220825,002,1795
551.3765,551.3852,28046,39886,Eptesicus serotinus,0.008,0.021,-1,Echolocation,/mnt/ubna_data_01_mir/recover-20220825/UBNA_002/20220823_033000.WAV,Telephone Field,recover-20220825,002,1795
551.3825,551.4201,68437,81562,Rhinolophus ferrumequinum,0.022,0.023,-1,Echolocation,/mnt/ubna_data_01_mir/recover-20220825/UBNA_002/20220823_033000.WAV,Telephone Field,recover-20220825,002,1795
551.4175,551.4595,68437,82794,Rhinolophus ferrumequinum,0.026,0.026,-1,Echolocation,/mnt/ubna_data_01_mir/recover-20220825/UBNA_002/20220823_033000.WAV,Telephone Field,recover-20220825,002,1795
551.4195,551.4279,27187,43787,Eptesicus serotinus,0.008,0.021,-1,Echolocation,/mnt/ubna_data_01_mir/recover-20220825/UBNA_002/20220823_033000.WAV,Telephone Field,recover-20220825,002,1795
551.4245,551.4639,68437,82278,Rhinolophus ferrumequinum,0.024,0.024,-1,Echolocation,/mnt/ubna_data_01_mir/recover-20220825/UBNA_002/20220823_033000.WAV,Telephone Field,recover-20220825,002,1795
551.4295,551.4691,68437,82326,Rhinolophus ferrumequinum,0.024,0.024,-1,Echolocation,/mnt/ubna_data_01_mir/recover-20220825/UBNA_002/20220823_033000.WAV,Telephone Field,recover-20220825,002,1795
551.4355,551.4741,68437,81737,Rhinolophus ferrumequinum,0.023,0.023,-1,Echolocation,/mnt/ubna_data_01_mir/recover-20220825/UBNA_002/20220823_033000.WAV,Telephone Field,recover-20220825,002,1795
551.4525,551.4616,28046,36495,Eptesicus serotinus,0.008,0.021,-1,Echolocation,/mnt/ubna_data_01_mir/recover-20220825/UBNA_002/20220823_033000.WAV,Telephone Field,recover-20220825,002,1795
551.4665,551.5017,68437,81516,Rhinolophus ferrumequinum,0.026,0.026,-1,Echolocation,/mnt/ubna_data_01_mir/recover-20220825/UBNA_002/20220823_033000.WAV,Telephone Field,recover-20220825,002,1795
551.4905,551.5301,68437,81544,Rhinolophus ferrumequinum,0.022,0.022,-1,Echolocation,/mnt/ubna_data_01_mir/recover-20220825/UBNA_002/20220823_033000.WAV,Telephone Field,recover-20220825,002,1795
551.5105,551.5452,68437,81308,Rhinolophus ferrumequinum,0.022,0.022,-1,Echolocation,/mnt/ubna_data_01_mir/recover-20220825/UBNA_002/20220823_033000.WAV,Telephone Field,recover-20220825,002,1795
551.5245,551.5422,21171,24717,Nyctalus leisleri,0.012,0.021,-1,Echolocation,/mnt/ubna_data_01_mir/recover-20220825/UBNA_002/20220823_033000.WAV,Telephone Field,recover-20220825,002,1795
551.5265,551.5635,68437,82120,Rhinolophus ferrumequinum,0.024,0.024,-1,Echolocation,/mnt/ubna_data_01_mir/recover-20220825/UBNA_002/20220823_033000.WAV,Telephone Field,recover-20220825,002,1795
551.5325,551.5422,22890,28192,Nyctalus leisleri,0.01,0.023,-1,Echolocation,/mnt/ubna_data_01_mir/recover-20220825/UBNA_002/20220823_033000.WAV,Telephone Field,recover-20220825,002,1795
551.5525,551.5916,68437,82362,Rhinolophus ferrumequinum,0.024,0.024,-1,Echolocation,/mnt/ubna_data_01_mir/recover-20220825/UBNA_002/20220823_033000.WAV,Telephone Field,recover-20220825,002,1795
551.5565,551.5657,46093,50129,Pipistrellus pipistrellus,0.028,0.03,-1,Echolocation,/mnt/ubna_data_01_mir/recover-20220825/UBNA_002/20220823_033000.WAV,Telephone Field,recover-20220825,002,1795
551.5935,551.6316,68437,82506,Rhinolophus ferrumequinum,0.023,0.023,-1,Echolocation,/mnt/ubna_data_01_mir/recover-20220825/UBNA_002/20220823_033000.WAV,Telephone Field,recover-20220825,002,1795
551.5955,551.6073,22890,27346,Nyctalus leisleri,0.015,0.026,-1,Echolocation,/mnt/ubna_data_01_mir/recover-20220825/UBNA_002/20220823_033000.WAV,Telephone Field,recover-20220825,002,1795
551.6405,551.6807,68437,83033,Rhinolophus ferrumequinum,0.027,0.027,-1,Echolocation,/mnt/ubna_data_01_mir/recover-20220825/UBNA_002/20220823_033000.WAV,Telephone Field,recover-20220825,002,1795
551.7085,551.7476,68437,82589,Rhinolophus ferrumequinum,0.029,0.029,-1,Echolocation,/mnt/ubna_data_01_mir/recover-20220825/UBNA_002/20220823_033000.WAV,Telephone Field,recover-20220825,002,1795
551.7395,551.7758,68437,82240,Rhinolophus ferrumequinum,0.022,0.022,-1,Echolocation,/mnt/ubna_data_01_mir/recover-20220825/UBNA_002/20220823_033000.WAV,Telephone Field,recover-20220825,002,1795
551.7395,551.7478,28046,39755,Eptesicus serotinus,0.008,0.022,-1,Echolocation,/mnt/ubna_data_01_mir/recover-20220825/UBNA_002/20220823_033000.WAV,Telephone Field,recover-20220825,002,1795
551.7495,551.7855,68437,81857,Rhinolophus ferrumequinum,0.022,0.022,-1,Echolocation,/mnt/ubna_data_01_mir/recover-20220825/UBNA_002/20220823_033000.WAV,Telephone Field,recover-20220825,002,1795
551.7615,551.7713,24609,31681,Eptesicus serotinus,0.007,0.021,-1,Echolocation,/mnt/ubna_data_01_mir/recover-20220825/UBNA_002/20220823_033000.WAV,Telephone Field,recover-20220825,002,1795
551.7725,551.7792,27187,47085,Eptesicus serotinus,0.006,0.023,-1,Echolocation,/mnt/ubna_data_01_mir/recover-20220825/UBNA_002/20220823_033000.WAV,Telephone Field,recover-20220825,002,1795
551.7725,551.7782,40078,50763,Myotis daubentonii,0.01,0.025,-1,Echolocation,/mnt/ubna_data_01_mir/recover-20220825/UBNA_002/20220823_033000.WAV,Telephone Field,recover-20220825,002,1795
551.7815,551.8186,68437,82202,Rhinolophus ferrumequinum,0.026,0.026,-1,Echolocation,/mnt/ubna_data_01_mir/recover-20220825/UBNA_002/20220823_033000.WAV,Telephone Field,recover-20220825,002,1795
551.8105,551.8198,28046,36120,Eptesicus serotinus,0.01,0.023,-1,Echolocation,/mnt/ubna_data_01_mir/recover-20220825/UBNA_002/20220823_033000.WAV,Telephone Field,recover-20220825,002,1795
551.8395,551.8478,48671,53183,Pipistrellus pipistrellus,0.034,0.038,-1,Echolocation,/mnt/ubna_data_01_mir/recover-20220825/UBNA_002/20220823_033000.WAV,Telephone Field,recover-20220825,002,1795
551.8505,551.8856,68437,81468,Rhinolophus ferrumequinum,0.024,0.024,-1,Echolocation,/mnt/ubna_data_01_mir/recover-20220825/UBNA_002/20220823_033000.WAV,Telephone Field,recover-20220825,002,1795
551.8635,551.8704,29765,41242,Myotis daubentonii,0.008,0.026,-1,Echolocation,/mnt/ubna_data_01_mir/recover-20220825/UBNA_002/20220823_033000.WAV,Telephone Field,recover-20220825,002,1795
551.8805,551.9145,68437,80317,Rhinolophus ferrumequinum,0.023,0.024,-1,Echolocation,/mnt/ubna_data_01_mir/recover-20220825/UBNA_002/20220823_033000.WAV,Telephone Field,recover-20220825,002,1795
551.9165,551.9517,68437,80627,Rhinolophus ferrumequinum,0.024,0.025,-1,Echolocation,/mnt/ubna_data_01_mir/recover-20220825/UBNA_002/20220823_033000.WAV,Telephone Field,recover-20220825,002,1795
551.9415,551.9783,68437,81514,Rhinolophus ferrumequinum,0.022,0.022,-1,Echolocation,/mnt/ubna_data_01_mir/recover-20220825/UBNA_002/20220823_033000.WAV,Telephone Field,recover-20220825,002,1795
551.9535,551.9933,68437,82011,Rhinolophus ferrumequinum,0.03,0.03,-1,Echolocation,/mnt/ubna_data_01_mir/recover-20220825/UBNA_002/20220823_033000.WAV,Telephone Field,recover-20220825,002,1795
551.9785,551.9866,26328,39369,Eptesicus serotinus,0.008,0.024,-1,Echolocation,/mnt/ubna_data_01_mir/recover-20220825/UBNA_002/20220823_033000.WAV,Telephone Field,recover-20220825,002,1795
552.0015,552.0092,47812,57476,Pipistrellus pipistrellus,0.015,0.029,-1,Echolocation,/mnt/ubna_data_01_mir/recover-20220825/UBNA_002/20220823_033000.WAV,Telephone Field,recover-20220825,002,1795
552.0015,552.0091,25468,34969,Nyctalus leisleri,0.01,0.032,-1,Echolocation,/mnt/ubna_data_01_mir/recover-20220825/UBNA_002/20220823_033000.WAV,Telephone Field,recover-20220825,002,1795
552.0015,552.0307,68437,80034,Rhinolophus ferrumequinum,0.031,0.031,-1,Echolocation,/mnt/ubna_data_01_mir/recover-20220825/UBNA_002/20220823_033000.WAV,Telephone Field,recover-20220825,002,1795
552.0155,552.0254,44375,45947,Pipistrellus pipistrellus,0.027,0.035,-1,Echolocation,/mnt/ubna_data_01_mir/recover-20220825/UBNA_002/20220823_033000.WAV,Telephone Field,recover-20220825,002,1795
552.0615,552.0676,38359,51349,Myotis brandtii,0.018,0.051,-1,Echolocation,/mnt/ubna_data_01_mir/recover-20220825/UBNA_002/20220823_033000.WAV,Telephone Field,recover-20220825,002,1795
552.0635,552.0715,30625,42246,Barbastellus barbastellus,0.016,0.044,-1,Echolocation,/mnt/ubna_data_01_mir/recover-20220825/UBNA_002/20220823_033000.WAV,Telephone Field,recover-20220825,002,1795
552.0785,552.0867,28046,36763,Eptesicus serotinus,0.007,0.023,-1,Echolocation,/mnt/ubna_data_01_mir/recover-20220825/UBNA_002/20220823_033000.WAV,Telephone Field,recover-20220825,002,1795
552.0955,552.1007,39218,53594,Pipistrellus nathusii,0.196,0.345,-1,Echolocation,/mnt/ubna_data_01_mir/recover-20220825/UBNA_002/20220823_033000.WAV,Telephone Field,recover-20220825,002,1795
552.1055,552.1156,24609,30334,Nyctalus leisleri,0.011,0.028,-1,Echolocation,/mnt/ubna_data_01_mir/recover-20220825/UBNA_002/20220823_033000.WAV,Telephone Field,recover-20220825,002,1795
552.1415,552.1839,68437,83426,Rhinolophus ferrumequinum,0.029,0.029,-1,Echolocation,/mnt/ubna_data_01_mir/recover-20220825/UBNA_002/20220823_033000.WAV,Telephone Field,recover-20220825,002,1795
552.1505,552.1614,23750,29619,Nyctalus leisleri,0.013,0.028,-1,Echolocation,/mnt/ubna_data_01_mir/recover-20220825/UBNA_002/20220823_033000.WAV,Telephone Field,recover-20220825,002,1795
552.1655,552.1749,26328,33316,Eptesicus serotinus,0.035,0.071,-1,Echolocation,/mnt/ubna_data_01_mir/recover-20220825/UBNA_002/20220823_033000.WAV,Telephone Field,recover-20220825,002,1795
552.1805,552.2181,68437,81693,Rhinolophus ferrumequinum,0.027,0.027,-1,Echolocation,/mnt/ubna_data_01_mir/recover-20220825/UBNA_002/20220823_033000.WAV,Telephone Field,recover-20220825,002,1795
552.2105,552.2185,35781,44353,Pipistrellus nathusii,0.007,0.025,-1,Echolocation,/mnt/ubna_data_01_mir/recover-20220825/UBNA_002/20220823_033000.WAV,Telephone Field,recover-20220825,002,1795
552.2575,552.2926,68437,81288,Rhinolophus ferrumequinum,0.024,0.024,-1,Echolocation,/mnt/ubna_data_01_mir/recover-20220825/UBNA_002/20220823_033000.WAV,Telephone Field,recover-20220825,002,1795
552.2595,552.2691,25468,33656,Eptesicus serotinus,0.01,0.024,-1,Echolocation,/mnt/ubna_data_01_mir/recover-20220825/UBNA_002/20220823_033000.WAV,Telephone Field,recover-20220825,002,1795
552.2985,552.3062,27187,35759,Eptesicus serotinus,0.009,0.026,-1,Echolocation,/mnt/ubna_data_01_mir/recover-20220825/UBNA_002/20220823_033000.WAV,Telephone Field,recover-20220825,002,1795
552.3275,552.3356,27187,37150,Eptesicus serotinus,0.008,0.025,-1,Echolocation,/mnt/ubna_data_01_mir/recover-20220825/UBNA_002/20220823_033000.WAV,Telephone Field,recover-20220825,002,1795
552.3365,552.3446,27187,36329,Eptesicus serotinus,0.008,0.025,-1,Echolocation,/mnt/ubna_data_01_mir/recover-20220825/UBNA_002/20220823_033000.WAV,Telephone Field,recover-20220825,002,1795
552.3635,552.3688,40078,58269,Myotis brandtii,0.016,0.038,-1,Echolocation,/mnt/ubna_data_01_mir/recover-20220825/UBNA_002/20220823_033000.WAV,Telephone Field,recover-20220825,002,1795
552.3655,552.4042,68437,82317,Rhinolophus ferrumequinum,0.027,0.027,-1,Echolocation,/mnt/ubna_data_01_mir/recover-20220825/UBNA_002/20220823_033000.WAV,Telephone Field,recover-20220825,002,1795
552.3705,552.3778,27187,38202,Eptesicus serotinus,0.008,0.028,-1,Echolocation,/mnt/ubna_data_01_mir/recover-20220825/UBNA_002/20220823_033000.WAV,Telephone Field,recover-20220825,002,1795
552.3865,552.4281,68437,82215,Rhinolophus ferrumequinum,0.031,0.031,-1,Echolocation,/mnt/ubna_data_01_mir/recover-20220825/UBNA_002/20220823_033000.WAV,Telephone Field,recover-20220825,002,1795
552.3905,552.399,27187,37405,Eptesicus serotinus,0.01,0.026,-1,Echolocation,/mnt/ubna_data_01_mir/recover-20220825/UBNA_002/20220823_033000.WAV,Telephone Field,recover-20220825,002,1795
552.3985,552.4076,23750,30825,Nyctalus leisleri,0.008,0.023,-1,Echolocation,/mnt/ubna_data_01_mir/recover-20220825/UBNA_002/20220823_033000.WAV,Telephone Field,recover-20220825,002,1795
552.4075,552.4466,68437,82616,Rhinolophus ferrumequinum,0.025,0.025,-1,Echolocation,/mnt/ubna_data_01_mir/recover-20220825/UBNA_002/20220823_033000.WAV,Telephone Field,recover-20220825,002,1795
552.4325,552.4434,27187,35661,Eptesicus serotinus,0.014,0.028,-1,Echolocation,/mnt/ubna_data_01_mir/recover-20220825/UBNA_002/20220823_033000.WAV,Telephone Field,recover-20220825,002,1795
552.4735,552.4795,33203,47665,Myotis daubentonii,0.015,0.029,-1,Echolocation,/mnt/ubna_data_01_mir/recover-20220825/UBNA_002/20220823_033000.WAV,Telephone Field,recover-20220825,002,1795
552.5575,552.5944,68437,82145,Rhinolophus ferrumequinum,0.024,0.024,-1,Echolocation,/mnt/ubna_data_01_mir/recover-20220825/UBNA_002/20220823_033000.WAV,Telephone Field,recover-20220825,002,1795
552.5905,552.5989,43515,52280,Pipistrellus pipistrellus,0.01,0.027,-1,Echolocation,/mnt/ubna_data_01_mir/recover-20220825/UBNA_002/20220823_033000.WAV,Telephone Field,recover-20220825,002,1795
552.5945,552.6024,27187,38979,Eptesicus serotinus,0.008,0.023,-1,Echolocation,/mnt/ubna_data_01_mir/recover-20220825/UBNA_002/20220823_033000.WAV,Telephone Field,recover-20220825,002,1795
552.6125,552.653,68437,82800,Rhinolophus ferrumequinum,0.03,0.03,-1,Echolocation,/mnt/ubna_data_01_mir/recover-20220825/UBNA_002/20220823_033000.WAV,Telephone Field,recover-20220825,002,1795
552.6345,552.6407,39218,52952,Myotis brandtii,0.011,0.035,-1,Echolocation,/mnt/ubna_data_01_mir/recover-20220825/UBNA_002/20220823_033000.WAV,Telephone Field,recover-20220825,002,1795
552.6605,552.6968,68437,80962,Rhinolophus ferrumequinum,0.026,0.026,-1,Echolocation,/mnt/ubna_data_01_mir/recover-20220825/UBNA_002/20220823_033000.WAV,Telephone Field,recover-20220825,002,1795
552.6645,552.6751,22031,27627,Nyctalus leisleri,0.01,0.024,-1,Echolocation,/mnt/ubna_data_01_mir/recover-20220825/UBNA_002/20220823_033000.WAV,Telephone Field,recover-20220825,002,1795
552.7085,552.7179,27187,36036,Eptesicus serotinus,0.013,0.03,-1,Echolocation,/mnt/ubna_data_01_mir/recover-20220825/UBNA_002/20220823_033000.WAV,Telephone Field,recover-20220825,002,1795
552.7195,552.7591,68437,82157,Rhinolophus ferrumequinum,0.026,0.026,-1,Echolocation,/mnt/ubna_data_01_mir/recover-20220825/UBNA_002/20220823_033000.WAV,Telephone Field,recover-20220825,002,1795
552.7225,552.7284,38359,52789,Myotis daubentonii,0.01,0.026,-1,Echolocation,/mnt/ubna_data_01_mir/recover-20220825/UBNA_002/20220823_033000.WAV,Telephone Field,recover-20220825,002,1795
552.7225,552.7284,33203,55939,Myotis brandtii,0.011,0.026,-1,Echolocation,/mnt/ubna_data_01_mir/recover-20220825/UBNA_002/20220823_033000.WAV,Telephone Field,recover-20220825,002,1795
552.7235,552.7326,25468,36330,Eptesicus serotinus,0.008,0.027,-1,Echolocation,/mnt/ubna_data_01_mir/recover-20220825/UBNA_002/20220823_033000.WAV,Telephone Field,recover-20220825,002,1795
552.7435,552.7518,27187,38422,Eptesicus serotinus,0.008,0.024,-1,Echolocation,/mnt/ubna_data_01_mir/recover-20220825/UBNA_002/20220823_033000.WAV,Telephone Field,recover-20220825,002,1795
552.8225,552.8291,40078,50291,Pipistrellus nathusii,0.265,0.433,-1,Echolocation,/mnt/ubna_data_01_mir/recover-20220825/UBNA_002/20220823_033000.WAV,Telephone Field,recover-20220825,002,1795
552.8245,552.8302,28906,51178,Myotis daubentonii,0.014,0.035,-1,Echolocation,/mnt/ubna_data_01_mir/recover-20220825/UBNA_002/20220823_033000.WAV,Telephone Field,recover-20220825,002,1795
552.8495,552.8893,68437,82326,Rhinolophus ferrumequinum,0.031,0.031,-1,Echolocation,/mnt/ubna_data_01_mir/recover-20220825/UBNA_002/20220823_033000.WAV,Telephone Field,recover-20220825,002,1795
552.8635,552.8721,28046,37073,Eptesicus serotinus,0.01,0.027,-1,Echolocation,/mnt/ubna_data_01_mir/recover-20220825/UBNA_002/20220823_033000.WAV,Telephone Field,recover-20220825,002,1795
552.8695,552.9073,68437,82551,Rhinolophus ferrumequinum,0.024,0.024,-1,Echolocation,/mnt/ubna_data_01_mir/recover-20220825/UBNA_002/20220823_033000.WAV,Telephone Field,recover-20220825,002,1795
552.8785,552.8868,27187,43558,Eptesicus serotinus,0.01,0.026,-1,Echolocation,/mnt/ubna_data_01_mir/recover-20220825/UBNA_002/20220823_033000.WAV,Telephone Field,recover-20220825,002,1795
552.8895,552.899,27187,36535,Eptesicus serotinus,0.011,0.025,-1,Echolocation,/mnt/ubna_data_01_mir/recover-20220825/UBNA_002/20220823_033000.WAV,Telephone Field,recover-20220825,002,1795
552.9095,552.9191,27187,34763,Eptesicus serotinus,0.022,0.041,-1,Echolocation,/mnt/ubna_data_01_mir/recover-20220825/UBNA_002/20220823_033000.WAV,Telephone Field,recover-20220825,002,1795
552.9165,552.9527,68437,81591,Rhinolophus ferrumequinum,0.028,0.028,-1,Echolocation,/mnt/ubna_data_01_mir/recover-20220825/UBNA_002/20220823_033000.WAV,Telephone Field,recover-20220825,002,1795
552.9205,552.9274,40937,48074,Pipistrellus nathusii,0.339,0.392,-1,Echolocation,/mnt/ubna_data_01_mir/recover-20220825/UBNA_002/20220823_033000.WAV,Telephone Field,recover-20220825,002,1795
552.9285,552.9678,68437,82883,Rhinolophus ferrumequinum,0.029,0.029,-1,Echolocation,/mnt/ubna_data_01_mir/recover-20220825/UBNA_002/20220823_033000.WAV,Telephone Field,recover-20220825,002,1795
552.9685,553.0044,68437,81188,Rhinolophus ferrumequinum,0.024,0.024,-1,Echolocation,/mnt/ubna_data_01_mir/recover-20220825/UBNA_002/20220823_033000.WAV,Telephone Field,recover-20220825,002,1795
552.9805,552.9885,26328,35496,Eptesicus serotinus,0.011,0.03,-1,Echolocation,/mnt/ubna_data_01_mir/recover-20220825/UBNA_002/20220823_033000.WAV,Telephone Field,recover-20220825,002,1795
552.9885,552.9994,27187,34984,Eptesicus serotinus,0.012,0.027,-1,Echolocation,/mnt/ubna_data_01_mir/recover-20220825/UBNA_002/20220823_033000.WAV,Telephone Field,recover-20220825,002,1795
553.0205,553.0276,39218,46388,Pipistrellus nathusii,0.24,0.352,-1,Echolocation,/mnt/ubna_data_01_mir/recover-20220825/UBNA_002/20220823_033000.WAV,Telephone Field,recover-20220825,002,1795
553.0385,553.0756,68437,82817,Rhinolophus ferrumequinum,0.029,0.029,-1,Echolocation,/mnt/ubna_data_01_mir/recover-20220825/UBNA_002/20220823_033000.WAV,Telephone Field,recover-20220825,002,1795
553.0765,553.0871,25468,33305,Eptesicus serotinus,0.013,0.03,-1,Echolocation,/mnt/ubna_data_01_mir/recover-20220825/UBNA_002/20220823_033000.WAV,Telephone Field,recover-20220825,002,1795
553.0905,553.0979,46953,56014,Pipistrellus pipistrellus,0.016,0.027,-1,Echolocation,/mnt/ubna_data_01_mir/recover-20220825/UBNA_002/20220823_033000.WAV,Telephone Field,recover-20220825,002,1795
553.0945,553.1027,27187,39268,Eptesicus serotinus,0.009,0.024,-1,Echolocation,/mnt/ubna_data_01_mir/recover-20220825/UBNA_002/20220823_033000.WAV,Telephone Field,recover-20220825,002,1795
553.1165,553.1251,41796,48254,Pipistrellus nathusii,0.017,0.033,-1,Echolocation,/mnt/ubna_data_01_mir/recover-20220825/UBNA_002/20220823_033000.WAV,Telephone Field,recover-20220825,002,1795
553.1205,553.1267,30625,44754,Myotis daubentonii,0.009,0.024,-1,Echolocation,/mnt/ubna_data_01_mir/recover-20220825/UBNA_002/20220823_033000.WAV,Telephone Field,recover-20220825,002,1795
553.1565,553.1631,39218,46862,Pipistrellus nathusii,0.415,0.533,-1,Echolocation,/mnt/ubna_data_01_mir/recover-20220825/UBNA_002/20220823_033000.WAV,Telephone Field,recover-20220825,002,1795
553.1735,553.1863,49531,53833,Pipistrellus pipistrellus,0.054,0.071,-1,Echolocation,/mnt/ubna_data_01_mir/recover-20220825/UBNA_002/20220823_033000.WAV,Telephone Field,recover-20220825,002,1795
553.1845,553.1924,27187,37782,Eptesicus serotinus,0.008,0.023,-1,Echolocation,/mnt/ubna_data_01_mir/recover-20220825/UBNA_002/20220823_033000.WAV,Telephone Field,recover-20220825,002,1795
553.1975,553.235,68437,81684,Rhinolophus ferrumequinum,0.026,0.026,-1,Echolocation,/mnt/ubna_data_01_mir/recover-20220825/UBNA_002/20220823_033000.WAV,Telephone Field,recover-20220825,002,1795
553.2405,553.2846,68437,83204,Rhinolophus ferrumequinum,0.038,0.038,-1,Echolocation,/mnt/ubna_data_01_mir/recover-20220825/UBNA_002/20220823_033000.WAV,Telephone Field,recover-20220825,002,1795
553.2595,553.2668,39218,46876,Pipistrellus nathusii,0.278,0.417,-1,Echolocation,/mnt/ubna_data_01_mir/recover-20220825/UBNA_002/20220823_033000.WAV,Telephone Field,recover-20220825,002,1795
553.2625,553.2974,68437,81330,Rhinolophus ferrumequinum,0.025,0.025,-1,Echolocation,/mnt/ubna_data_01_mir/recover-20220825/UBNA_002/20220823_033000.WAV,Telephone Field,recover-20220825,002,1795
553.2685,553.3061,68437,81997,Rhinolophus ferrumequinum,0.024,0.024,-1,Echolocation,/mnt/ubna_data_01_mir/recover-20220825/UBNA_002/20220823_033000.WAV,Telephone Field,recover-20220825,002,1795
553.2715,553.2787,26328,35488,Eptesicus serotinus,0.008,0.03,-1,Echolocation,/mnt/ubna_data_01_mir/recover-20220825/UBNA_002/20220823_033000.WAV,Telephone Field,recover-20220825,002,1795
553.2785,553.3158,68437,82097,Rhinolophus ferrumequinum,0.025,0.025,-1,Echolocation,/mnt/ubna_data_01_mir/recover-20220825/UBNA_002/20220823_033000.WAV,Telephone Field,recover-20220825,002,1795
553.3125,553.3529,68437,82634,Rhinolophus ferrumequinum,0.026,0.026,-1,Echolocation,/mnt/ubna_data_01_mir/recover-20220825/UBNA_002/20220823_033000.WAV,Telephone Field,recover-20220825,002,1795
553.3195,553.3281,26328,40363,Eptesicus serotinus,0.01,0.025,-1,Echolocation,/mnt/ubna_data_01_mir/recover-20220825/UBNA_002/20220823_033000.WAV,Telephone Field,recover-20220825,002,1795
553.3655,553.3722,39218,46286,Pipistrellus nathusii,0.392,0.514,-1,Echolocation,/mnt/ubna_data_01_mir/recover-20220825/UBNA_002/20220823_033000.WAV,Telephone Field,recover-20220825,002,1795
553.3995,553.4093,27187,35535,Eptesicus serotinus,0.012,0.028,-1,Echolocation,/mnt/ubna_data_01_mir/recover-20220825/UBNA_002/20220823_033000.WAV,Telephone Field,recover-20220825,002,1795
553.4315,553.4778,68437,83518,Rhinolophus ferrumequinum,0.053,0.053,-1,Echolocation,/mnt/ubna_data_01_mir/recover-20220825/UBNA_002/20220823_033000.WAV,Telephone Field,recover-20220825,002,1795
553.4545,553.4958,68437,82838,Rhinolophus ferrumequinum,0.026,0.026,-1,Echolocation,/mnt/ubna_data_01_mir/recover-20220825/UBNA_002/20220823_033000.WAV,Telephone Field,recover-20220825,002,1795
553.4625,553.4704,37500,48196,Pipistrellus nathusii,0.428,0.519,-1,Echolocation,/mnt/ubna_data_01_mir/recover-20220825/UBNA_002/20220823_033000.WAV,Telephone Field,recover-20220825,002,1795
553.5615,553.5683,37500,46219,Pipistrellus nathusii,0.19,0.422,-1,Echolocation,/mnt/ubna_data_01_mir/recover-20220825/UBNA_002/20220823_033000.WAV,Telephone Field,recover-20220825,002,1795
553.5975,553.6059,27187,37595,Eptesicus serotinus,0.009,0.025,-1,Echolocation,/mnt/ubna_data_01_mir/recover-20220825/UBNA_002/20220823_033000.WAV,Telephone Field,recover-20220825,002,1795
553.6195,553.6296,27187,35012,Eptesicus serotinus,0.011,0.024,-1,Echolocation,/mnt/ubna_data_01_mir/recover-20220825/UBNA_002/20220823_033000.WAV,Telephone Field,recover-20220825,002,1795
553.6525,553.6623,28046,34701,Eptesicus serotinus,0.013,0.028,-1,Echolocation,/mnt/ubna_data_01_mir/recover-20220825/UBNA_002/20220823_033000.WAV,Telephone Field,recover-20220825,002,1795
553.6655,553.6712,38359,47425,Pipistrellus nathusii,0.362,0.511,-1,Echolocation,/mnt/ubna_data_01_mir/recover-20220825/UBNA_002/20220823_033000.WAV,Telephone Field,recover-20220825,002,1795
553.6735,553.6792,28046,37554,Myotis daubentonii,0.012,0.024,-1,Echolocation,/mnt/ubna_data_01_mir/recover-20220825/UBNA_002/20220823_033000.WAV,Telephone Field,recover-20220825,002,1795
553.6975,553.708,28046,35388,Eptesicus serotinus,0.022,0.039,-1,Echolocation,/mnt/ubna_data_01_mir/recover-20220825/UBNA_002/20220823_033000.WAV,Telephone Field,recover-20220825,002,1795
553.7085,553.7463,68437,82253,Rhinolophus ferrumequinum,0.024,0.024,-1,Echolocation,/mnt/ubna_data_01_mir/recover-20220825/UBNA_002/20220823_033000.WAV,Telephone Field,recover-20220825,002,1795
553.7225,553.7618,68437,82343,Rhinolophus ferrumequinum,0.024,0.024,-1,Echolocation,/mnt/ubna_data_01_mir/recover-20220825/UBNA_002/20220823_033000.WAV,Telephone Field,recover-20220825,002,1795
553.7275,553.7479,16875,20850,Nyctalus noctula,0.029,0.041,-1,Echolocation,/mnt/ubna_data_01_mir/recover-20220825/UBNA_002/20220823_033000.WAV,Telephone Field,recover-20220825,002,1795
553.7405,553.748,28046,37333,Eptesicus serotinus,0.008,0.028,-1,Echolocation,/mnt/ubna_data_01_mir/recover-20220825/UBNA_002/20220823_033000.WAV,Telephone Field,recover-20220825,002,1795
553.7475,553.7557,34062,45770,Myotis daubentonii,0.008,0.025,-1,Echolocation,/mnt/ubna_data_01_mir/recover-20220825/UBNA_002/20220823_033000.WAV,Telephone Field,recover-20220825,002,1795
553.7715,553.7798,27187,37661,Eptesicus serotinus,0.009,0.028,-1,Echolocation,/mnt/ubna_data_01_mir/recover-20220825/UBNA_002/20220823_033000.WAV,Telephone Field,recover-20220825,002,1795
553.7995,553.8363,68437,82415,Rhinolophus ferrumequinum,0.025,0.025,-1,Echolocation,/mnt/ubna_data_01_mir/recover-20220825/UBNA_002/20220823_033000.WAV,Telephone Field,recover-20220825,002,1795
553.8055,553.815,26328,35276,Eptesicus serotinus,0.011,0.026,-1,Echolocation,/mnt/ubna_data_01_mir/recover-20220825/UBNA_002/20220823_033000.WAV,Telephone Field,recover-20220825,002,1795
553.8555,553.892,68437,81762,Rhinolophus ferrumequinum,0.023,0.023,-1,Echolocation,/mnt/ubna_data_01_mir/recover-20220825/UBNA_002/20220823_033000.WAV,Telephone Field,recover-20220825,002,1795
553.8555,553.8655,28046,36273,Eptesicus serotinus,0.011,0.026,-1,Echolocation,/mnt/ubna_data_01_mir/recover-20220825/UBNA_002/20220823_033000.WAV,Telephone Field,recover-20220825,002,1795
553.8795,553.9161,68437,82295,Rhinolophus ferrumequinum,0.027,0.027,-1,Echolocation,/mnt/ubna_data_01_mir/recover-20220825/UBNA_002/20220823_033000.WAV,Telephone Field,recover-20220825,002,1795
553.8965,553.9038,30625,44882,Myotis daubentonii,0.014,0.029,-1,Echolocation,/mnt/ubna_data_01_mir/recover-20220825/UBNA_002/20220823_033000.WAV,Telephone Field,recover-20220825,002,1795
553.9145,553.9264,43515,47088,Pipistrellus pipistrellus,0.038,0.057,-1,Echolocation,/mnt/ubna_data_01_mir/recover-20220825/UBNA_002/20220823_033000.WAV,Telephone Field,recover-20220825,002,1795
553.9195,553.9307,25468,32444,Eptesicus serotinus,0.01,0.028,-1,Echolocation,/mnt/ubna_data_01_mir/recover-20220825/UBNA_002/20220823_033000.WAV,Telephone Field,recover-20220825,002,1795
553.9525,553.9595,27187,40103,Eptesicus serotinus,0.008,0.025,-1,Echolocation,/mnt/ubna_data_01_mir/recover-20220825/UBNA_002/20220823_033000.WAV,Telephone Field,recover-20220825,002,1795
554.0015,554.0369,68437,80516,Rhinolophus ferrumequinum,0.059,0.06,-1,Echolocation,/mnt/ubna_data_01_mir/recover-20220825/UBNA_002/20220823_033000.WAV,Telephone Field,recover-20220825,002,1795
554.0015,554.0079,46953,55215,Pipistrellus pipistrellus,0.016,0.023,-1,Echolocation,/mnt/ubna_data_01_mir/recover-20220825/UBNA_002/20220823_033000.WAV,Telephone Field,recover-20220825,002,1795
554.0015,554.011,30625,37467,Barbastellus barbastellus,0.019,0.049,-1,Echolocation,/mnt/ubna_data_01_mir/recover-20220825/UBNA_002/20220823_033000.WAV,Telephone Field,recover-20220825,002,1795
554.0015,554.0078,24609,36312,Plecotus austriacus,0.008,0.033,-1,Echolocation,/mnt/ubna_data_01_mir/recover-20220825/UBNA_002/20220823_033000.WAV,Telephone Field,recover-20220825,002,1795
554.0015,554.0153,54687,60484,Pipistrellus pygmaeus,0.026,0.029,-1,Echolocation,/mnt/ubna_data_01_mir/recover-20220825/UBNA_002/20220823_033000.WAV,Telephone Field,recover-20220825,002,1795
554.0165,554.0234,38359,48322,Pipistrellus nathusii,0.393,0.51,-1,Echolocation,/mnt/ubna_data_01_mir/recover-20220825/UBNA_002/20220823_033000.WAV,Telephone Field,recover-20220825,002,1795
554.0285,554.0376,28046,34895,Eptesicus serotinus,0.007,0.026,-1,Echolocation,/mnt/ubna_data_01_mir/recover-20220825/UBNA_002/20220823_033000.WAV,Telephone Field,recover-20220825,002,1795
554.0485,554.0613,23750,28654,Nyctalus leisleri,0.016,0.029,-1,Echolocation,/mnt/ubna_data_01_mir/recover-20220825/UBNA_002/20220823_033000.WAV,Telephone Field,recover-20220825,002,1795
554.0505,554.0884,68437,82000,Rhinolophus ferrumequinum,0.022,0.022,-1,Echolocation,/mnt/ubna_data_01_mir/recover-20220825/UBNA_002/20220823_033000.WAV,Telephone Field,recover-20220825,002,1795
554.1325,554.1408,26328,35157,Eptesicus serotinus,0.007,0.022,-1,Echolocation,/mnt/ubna_data_01_mir/recover-20220825/UBNA_002/20220823_033000.WAV,Telephone Field,recover-20220825,002,1795
554.1525,554.1894,68437,82150,Rhinolophus ferrumequinum,0.022,0.022,-1,Echolocation,/mnt/ubna_data_01_mir/recover-20220825/UBNA_002/20220823_033000.WAV,Telephone Field,recover-20220825,002,1795
554.2185,554.2269,38359,44143,Pipistrellus nathusii,0.332,0.362,-1,Echolocation,/mnt/ubna_data_01_mir/recover-20220825/UBNA_002/20220823_033000.WAV,Telephone Field,recover-20220825,002,1795
554.2235,554.2302,26328,36928,Eptesicus serotinus,0.005,0.021,-1,Echolocation,/mnt/ubna_data_01_mir/recover-20220825/UBNA_002/20220823_033000.WAV,Telephone Field,recover-20220825,002,1795
554.2385,554.2465,28046,37346,Eptesicus serotinus,0.006,0.022,-1,Echolocation,/mnt/ubna_data_01_mir/recover-20220825/UBNA_002/20220823_033000.WAV,Telephone Field,recover-20220825,002,1795
554.2635,554.2996,68437,81670,Rhinolophus ferrumequinum,0.022,0.022,-1,Echolocation,/mnt/ubna_data_01_mir/recover-20220825/UBNA_002/20220823_033000.WAV,Telephone Field,recover-20220825,002,1795
554.2895,554.3008,22890,28032,Nyctalus leisleri,0.01,0.022,-1,Echolocation,/mnt/ubna_data_01_mir/recover-20220825/UBNA_002/20220823_033000.WAV,Telephone Field,recover-20220825,002,1795
554.3095,554.3455,68437,81723,Rhinolophus ferrumequinum,0.028,0.028,-1,Echolocation,/mnt/ubna_data_01_mir/recover-20220825/UBNA_002/20220823_033000.WAV,Telephone Field,recover-20220825,002,1795
554.3155,554.3228,40078,49882,Pipistrellus nathusii,0.417,0.467,-1,Echolocation,/mnt/ubna_data_01_mir/recover-20220825/UBNA_002/20220823_033000.WAV,Telephone Field,recover-20220825,002,1795
554.3235,554.3308,54687,62009,Pipistrellus pygmaeus,0.024,0.025,-1,Echolocation,/mnt/ubna_data_01_mir/recover-20220825/UBNA_002/20220823_033000.WAV,Telephone Field,recover-20220825,002,1795
554.3465,554.3839,68437,81697,Rhinolophus ferrumequinum,0.023,0.023,-1,Echolocation,/mnt/ubna_data_01_mir/recover-20220825/UBNA_002/20220823_033000.WAV,Telephone Field,recover-20220825,002,1795
554.3485,554.3565,28046,37697,Eptesicus serotinus,0.008,0.023,-1,Echolocation,/mnt/ubna_data_01_mir/recover-20220825/UBNA_002/20220823_033000.WAV,Telephone Field,recover-20220825,002,1795
554.3675,554.3806,23750,28484,Nyctalus leisleri,0.013,0.025,-1,Echolocation,/mnt/ubna_data_01_mir/recover-20220825/UBNA_002/20220823_033000.WAV,Telephone Field,recover-20220825,002,1795
554.3845,554.3979,22890,27049,Nyctalus leisleri,0.012,0.022,-1,Echolocation,/mnt/ubna_data_01_mir/recover-20220825/UBNA_002/20220823_033000.WAV,Telephone Field,recover-20220825,002,1795
554.3945,554.4135,20312,23317,Nyctalus leisleri,0.014,0.022,-1,Echolocation,/mnt/ubna_data_01_mir/recover-20220825/UBNA_002/20220823_033000.WAV,Telephone Field,recover-20220825,002,1795
554.4345,554.4473,22890,27546,Nyctalus leisleri,0.012,0.023,-1,Echolocation,/mnt/ubna_data_01_mir/recover-20220825/UBNA_002/20220823_033000.WAV,Telephone Field,recover-20220825,002,1795
554.4445,554.4571,23750,28321,Nyctalus leisleri,0.016,0.036,-1,Echolocation,/mnt/ubna_data_01_mir/recover-20220825/UBNA_002/20220823_033000.WAV,Telephone Field,recover-20220825,002,1795
554.4485,554.4864,68437,82223,Rhinolophus ferrumequinum,0.025,0.025,-1,Echolocation,/mnt/ubna_data_01_mir/recover-20220825/UBNA_002/20220823_033000.WAV,Telephone Field,recover-20220825,002,1795
554.4625,554.47,39218,52103,Pipistrellus nathusii,0.347,0.49,-1,Echolocation,/mnt/ubna_data_01_mir/recover-20220825/UBNA_002/20220823_033000.WAV,Telephone Field,recover-20220825,002,1795
554.4625,554.4716,53828,59347,Pipistrellus pygmaeus,0.021,0.022,-1,Echolocation,/mnt/ubna_data_01_mir/recover-20220825/UBNA_002/20220823_033000.WAV,Telephone Field,recover-20220825,002,1795
554.4635,554.4695,28046,51846,Myotis daubentonii,0.013,0.033,-1,Echolocation,/mnt/ubna_data_01_mir/recover-20220825/UBNA_002/20220823_033000.WAV,Telephone Field,recover-20220825,002,1795
554.4705,554.5024,68437,80188,Rhinolophus ferrumequinum,0.022,0.022,-1,Echolocation,/mnt/ubna_data_01_mir/recover-20220825/UBNA_002/20220823_033000.WAV,Telephone Field,recover-20220825,002,1795
554.5095,554.5173,56406,64367,Pipistrellus pygmaeus,0.026,0.03,-1,Echolocation,/mnt/ubna_data_01_mir/recover-20220825/UBNA_002/20220823_033000.WAV,Telephone Field,recover-20220825,002,1795
554.5705,554.5772,38359,48893,Pipistrellus nathusii,0.458,0.614,-1,Echolocation,/mnt/ubna_data_01_mir/recover-20220825/UBNA_002/20220823_033000.WAV,Telephone Field,recover-20220825,002,1795
554.6005,554.6149,26328,30794,Eptesicus serotinus,0.012,0.028,-1,Echolocation,/mnt/ubna_data_01_mir/recover-20220825/UBNA_002/20220823_033000.WAV,Telephone Field,recover-20220825,002,1795
554.6185,554.6292,23750,29512,Nyctalus leisleri,0.012,0.027,-1,Echolocation,/mnt/ubna_data_01_mir/recover-20220825/UBNA_002/20220823_033000.WAV,Telephone Field,recover-20220825,002,1795
554.6445,554.6816,68437,82284,Rhinolophus ferrumequinum,0.024,0.025,-1,Echolocation,/mnt/ubna_data_01_mir/recover-20220825/UBNA_002/20220823_033000.WAV,Telephone Field,recover-20220825,002,1795
554.6505,554.6885,68437,82082,Rhinolophus ferrumequinum,0.022,0.022,-1,Echolocation,/mnt/ubna_data_01_mir/recover-20220825/UBNA_002/20220823_033000.WAV,Telephone Field,recover-20220825,002,1795
554.6505,554.6578,28046,37226,Eptesicus serotinus,0.006,0.022,-1,Echolocation,/mnt/ubna_data_01_mir/recover-20220825/UBNA_002/20220823_033000.WAV,Telephone Field,recover-20220825,002,1795
554.6675,554.6751,39218,51145,Pipistrellus nathusii,0.431,0.586,-1,Echolocation,/mnt/ubna_data_01_mir/recover-20220825/UBNA_002/20220823_033000.WAV,Telephone Field,recover-20220825,002,1795
554.6775,554.686,27187,35297,Eptesicus serotinus,0.007,0.024,-1,Echolocation,/mnt/ubna_data_01_mir/recover-20220825/UBNA_002/20220823_033000.WAV,Telephone Field,recover-20220825,002,1795
554.7055,554.7168,28906,35784,Eptesicus serotinus,0.013,0.025,-1,Echolocation,/mnt/ubna_data_01_mir/recover-20220825/UBNA_002/20220823_033000.WAV,Telephone Field,recover-20220825,002,1795
554.7435,554.7861,68437,83080,Rhinolophus ferrumequinum,0.035,0.035,-1,Echolocation,/mnt/ubna_data_01_mir/recover-20220825/UBNA_002/20220823_033000.WAV,Telephone Field,recover-20220825,002,1795
554.7625,554.7696,38359,52687,Pipistrellus nathusii,0.383,0.518,-1,Echolocation,/mnt/ubna_data_01_mir/recover-20220825/UBNA_002/20220823_033000.WAV,Telephone Field,recover-20220825,002,1795
554.7715,554.7794,27187,35015,Eptesicus serotinus,0.007,0.025,-1,Echolocation,/mnt/ubna_data_01_mir/recover-20220825/UBNA_002/20220823_033000.WAV,Telephone Field,recover-20220825,002,1795
554.8275,554.8338,46093,52804,Pipistrellus pipistrellus,0.035,0.044,-1,Echolocation,/mnt/ubna_data_01_mir/recover-20220825/UBNA_002/20220823_033000.WAV,Telephone Field,recover-20220825,002,1795
554.8275,554.8346,41796,51371,Pipistrellus nathusii,0.036,0.052,-1,Echolocation,/mnt/ubna_data_01_mir/recover-20220825/UBNA_002/20220823_033000.WAV,Telephone Field,recover-20220825,002,1795
554.8375,554.8745,68437,81045,Rhinolophus ferrumequinum,0.024,0.024,-1,Echolocation,/mnt/ubna_data_01_mir/recover-20220825/UBNA_002/20220823_033000.WAV,Telephone Field,recover-20220825,002,1795
554.8455,554.8533,28046,40620,Eptesicus serotinus,0.015,0.048,-1,Echolocation,/mnt/ubna_data_01_mir/recover-20220825/UBNA_002/20220823_033000.WAV,Telephone Field,recover-20220825,002,1795
554.8455,554.8541,58125,64162,Pipistrellus pygmaeus,0.037,0.037,-1,Echolocation,/mnt/ubna_data_01_mir/recover-20220825/UBNA_002/20220823_033000.WAV,Telephone Field,recover-20220825,002,1795
554.8565,554.8703,24609,27804,Nyctalus leisleri,0.016,0.029,-1,Echolocation,/mnt/ubna_data_01_mir/recover-20220825/UBNA_002/20220823_033000.WAV,Telephone Field,recover-20220825,002,1795
554.8695,554.8749,36640,53853,Pipistrellus nathusii,0.322,0.481,-1,Echolocation,/mnt/ubna_data_01_mir/recover-20220825/UBNA_002/20220823_033000.WAV,Telephone Field,recover-20220825,002,1795
554.8705,554.8764,48671,51899,Pipistrellus pipistrellus,0.018,0.03,-1,Echolocation,/mnt/ubna_data_01_mir/recover-20220825/UBNA_002/20220823_033000.WAV,Telephone Field,recover-20220825,002,1795
554.8945,554.9313,68437,81559,Rhinolophus ferrumequinum,0.029,0.029,-1,Echolocation,/mnt/ubna_data_01_mir/recover-20220825/UBNA_002/20220823_033000.WAV,Telephone Field,recover-20220825,002,1795
554.9035,554.946,68437,82990,Rhinolophus ferrumequinum,0.033,0.033,-1,Echolocation,/mnt/ubna_data_01_mir/recover-20220825/UBNA_002/20220823_033000.WAV,Telephone Field,recover-20220825,002,1795
554.9055,554.9143,27187,36261,Eptesicus serotinus,0.008,0.023,-1,Echolocation,/mnt/ubna_data_01_mir/recover-20220825/UBNA_002/20220823_033000.WAV,Telephone Field,recover-20220825,002,1795
554.9095,554.9182,39218,46991,Pipistrellus nathusii,0.011,0.021,-1,Echolocation,/mnt/ubna_data_01_mir/recover-20220825/UBNA_002/20220823_033000.WAV,Telephone Field,recover-20220825,002,1795
554.9275,554.9356,48671,56195,Pipistrellus pipistrellus,0.018,0.021,-1,Echolocation,/mnt/ubna_data_01_mir/recover-20220825/UBNA_002/20220823_033000.WAV,Telephone Field,recover-20220825,002,1795
554.9515,554.9597,32343,38220,Barbastellus barbastellus,0.012,0.026,-1,Echolocation,/mnt/ubna_data_01_mir/recover-20220825/UBNA_002/20220823_033000.WAV,Telephone Field,recover-20220825,002,1795
554.9515,554.9592,28046,36586,Eptesicus serotinus,0.008,0.023,-1,Echolocation,/mnt/ubna_data_01_mir/recover-20220825/UBNA_002/20220823_033000.WAV,Telephone Field,recover-20220825,002,1795
554.9685,554.9745,40078,52769,Pipistrellus nathusii,0.479,0.528,-1,Echolocation,/mnt/ubna_data_01_mir/recover-20220825/UBNA_002/20220823_033000.WAV,Telephone Field,recover-20220825,002,1795
555.0215,555.0306,28046,35578,Eptesicus serotinus,0.008,0.023,-1,Echolocation,/mnt/ubna_data_01_mir/recover-20220825/UBNA_002/20220823_033000.WAV,Telephone Field,recover-20220825,002,1795
555.0315,555.0411,42656,48385,Pipistrellus nathusii,0.044,0.058,-1,Echolocation,/mnt/ubna_data_01_mir/recover-20220825/UBNA_002/20220823_033000.WAV,Telephone Field,recover-20220825,002,1795
555.0335,555.0392,36640,51618,Myotis brandtii,0.011,0.029,-1,Echolocation,/mnt/ubna_data_01_mir/recover-20220825/UBNA_002/20220823_033000.WAV,Telephone Field,recover-20220825,002,1795
555.0355,555.046,46953,50118,Pipistrellus pipistrellus,0.046,0.078,-1,Echolocation,/mnt/ubna_data_01_mir/recover-20220825/UBNA_002/20220823_033000.WAV,Telephone Field,recover-20220825,002,1795
555.0685,555.0749,38359,55729,Pipistrellus nathusii,0.457,0.587,-1,Echolocation,/mnt/ubna_data_01_mir/recover-20220825/UBNA_002/20220823_033000.WAV,Telephone Field,recover-20220825,002,1795
555.0695,555.0752,47812,51808,Pipistrellus pipistrellus,0.019,0.034,-1,Echolocation,/mnt/ubna_data_01_mir/recover-20220825/UBNA_002/20220823_033000.WAV,Telephone Field,recover-20220825,002,1795
555.0765,555.0826,29765,39614,Myotis daubentonii,0.011,0.023,-1,Echolocation,/mnt/ubna_data_01_mir/recover-20220825/UBNA_002/20220823_033000.WAV,Telephone Field,recover-20220825,002,1795
555.1355,555.1732,68437,82347,Rhinolophus ferrumequinum,0.025,0.025,-1,Echolocation,/mnt/ubna_data_01_mir/recover-20220825/UBNA_002/20220823_033000.WAV,Telephone Field,recover-20220825,002,1795
555.1465,555.155,28046,36918,Eptesicus serotinus,0.008,0.022,-1,Echolocation,/mnt/ubna_data_01_mir/recover-20220825/UBNA_002/20220823_033000.WAV,Telephone Field,recover-20220825,002,1795
555.1855,555.223,68437,82118,Rhinolophus ferrumequinum,0.023,0.023,-1,Echolocation,/mnt/ubna_data_01_mir/recover-20220825/UBNA_002/20220823_033000.WAV,Telephone Field,recover-20220825,002,1795
555.2295,555.2367,40937,56100,Pipistrellus nathusii,0.386,0.517,-1,Echolocation,/mnt/ubna_data_01_mir/recover-20220825/UBNA_002/20220823_033000.WAV,Telephone Field,recover-20220825,002,1795
555.2455,555.2799,68437,81195,Rhinolophus ferrumequinum,0.022,0.022,-1,Echolocation,/mnt/ubna_data_01_mir/recover-20220825/UBNA_002/20220823_033000.WAV,Telephone Field,recover-20220825,002,1795
555.2505,555.2619,22031,26248,Nyctalus leisleri,0.013,0.025,-1,Echolocation,/mnt/ubna_data_01_mir/recover-20220825/UBNA_002/20220823_033000.WAV,Telephone Field,recover-20220825,002,1795
555.2775,555.2853,27187,36306,Eptesicus serotinus,0.007,0.022,-1,Echolocation,/mnt/ubna_data_01_mir/recover-20220825/UBNA_002/20220823_033000.WAV,Telephone Field,recover-20220825,002,1795
555.2885,555.2997,56406,62061,Pipistrellus pygmaeus,0.031,0.032,-1,Echolocation,/mnt/ubna_data_01_mir/recover-20220825/UBNA_002/20220823_033000.WAV,Telephone Field,recover-20220825,002,1795
555.2905,555.3008,24609,31580,Eptesicus serotinus,0.009,0.023,-1,Echolocation,/mnt/ubna_data_01_mir/recover-20220825/UBNA_002/20220823_033000.WAV,Telephone Field,recover-20220825,002,1795
555.3025,555.3414,68437,82630,Rhinolophus ferrumequinum,0.023,0.023,-1,Echolocation,/mnt/ubna_data_01_mir/recover-20220825/UBNA_002/20220823_033000.WAV,Telephone Field,recover-20220825,002,1795
555.3255,555.332,40078,55383,Pipistrellus nathusii,0.337,0.374,-1,Echolocation,/mnt/ubna_data_01_mir/recover-20220825/UBNA_002/20220823_033000.WAV,Telephone Field,recover-20220825,002,1795
555.3375,555.3731,68437,81421,Rhinolophus ferrumequinum,0.022,0.022,-1,Echolocation,/mnt/ubna_data_01_mir/recover-20220825/UBNA_002/20220823_033000.WAV,Telephone Field,recover-20220825,002,1795
555.3635,555.3737,22890,28053,Nyctalus leisleri,0.009,0.022,-1,Echolocation,/mnt/ubna_data_01_mir/recover-20220825/UBNA_002/20220823_033000.WAV,Telephone Field,recover-20220825,002,1795
555.3725,555.4089,68437,82481,Rhinolophus ferrumequinum,0.022,0.022,-1,Echolocation,/mnt/ubna_data_01_mir/recover-20220825/UBNA_002/20220823_033000.WAV,Telephone Field,recover-20220825,002,1795
555.3845,555.4239,68437,82320,Rhinolophus ferrumequinum,0.024,0.024,-1,Echolocation,/mnt/ubna_data_01_mir/recover-20220825/UBNA_002/20220823_033000.WAV,Telephone Field,recover-20220825,002,1795
555.3905,555.4277,68437,81585,Rhinolophus ferrumequinum,0.024,0.024,-1,Echolocation,/mnt/ubna_data_01_mir/recover-20220825/UBNA_002/20220823_033000.WAV,Telephone Field,recover-20220825,002,1795
555.4005,555.4105,22890,28901,Nyctalus leisleri,0.009,0.028,-1,Echolocation,/mnt/ubna_data_01_mir/recover-20220825/UBNA_002/20220823_033000.WAV,Telephone Field,recover-20220825,002,1795
555.4225,555.4292,38359,54500,Pipistrellus nathusii,0.294,0.451,-1,Echolocation,/mnt/ubna_data_01_mir/recover-20220825/UBNA_002/20220823_033000.WAV,Telephone Field,recover-20220825,002,1795
555.4325,555.4384,30625,41913,Myotis daubentonii,0.011,0.022,-1,Echolocation,/mnt/ubna_data_01_mir/recover-20220825/UBNA_002/20220823_033000.WAV,Telephone Field,recover-20220825,002,1795
555.4675,555.5075,68437,83066,Rhinolophus ferrumequinum,0.026,0.026,-1,Echolocation,/mnt/ubna_data_01_mir/recover-20220825/UBNA_002/20220823_033000.WAV,Telephone Field,recover-20220825,002,1795
555.4865,555.494,44375,50745,Pipistrellus pipistrellus,0.017,0.023,-1,Echolocation,/mnt/ubna_data_01_mir/recover-20220825/UBNA_002/20220823_033000.WAV,Telephone Field,recover-20220825,002,1795
555.5235,555.5313,37500,52961,Pipistrellus nathusii,0.49,0.555,-1,Echolocation,/mnt/ubna_data_01_mir/recover-20220825/UBNA_002/20220823_033000.WAV,Telephone Field,recover-20220825,002,1795
555.5335,555.5677,68437,81079,Rhinolophus ferrumequinum,0.021,0.021,-1,Echolocation,/mnt/ubna_data_01_mir/recover-20220825/UBNA_002/20220823_033000.WAV,Telephone Field,recover-20220825,002,1795
555.5925,555.6333,68437,82420,Rhinolophus ferrumequinum,0.023,0.023,-1,Echolocation,/mnt/ubna_data_01_mir/recover-20220825/UBNA_002/20220823_033000.WAV,Telephone Field,recover-20220825,002,1795
555.6125,555.6201,28046,36186,Eptesicus serotinus,0.008,0.023,-1,Echolocation,/mnt/ubna_data_01_mir/recover-20220825/UBNA_002/20220823_033000.WAV,Telephone Field,recover-20220825,002,1795
555.6195,555.66,68437,82207,Rhinolophus ferrumequinum,0.024,0.024,-1,Echolocation,/mnt/ubna_data_01_mir/recover-20220825/UBNA_002/20220823_033000.WAV,Telephone Field,recover-20220825,002,1795
555.6275,555.6343,39218,56280,Pipistrellus nathusii,0.525,0.615,-1,Echolocation,/mnt/ubna_data_01_mir/recover-20220825/UBNA_002/20220823_033000.WAV,Telephone Field,recover-20220825,002,1795
555.6355,555.642,26328,38132,Eptesicus serotinus,0.004,0.023,-1,Echolocation,/mnt/ubna_data_01_mir/recover-20220825/UBNA_002/20220823_033000.WAV,Telephone Field,recover-20220825,002,1795
555.6775,555.7185,68437,82983,Rhinolophus ferrumequinum,0.033,0.033,-1,Echolocation,/mnt/ubna_data_01_mir/recover-20220825/UBNA_002/20220823_033000.WAV,Telephone Field,recover-20220825,002,1795
555.6775,555.6852,53828,57714,Pipistrellus pygmaeus,0.022,0.024,-1,Echolocation,/mnt/ubna_data_01_mir/recover-20220825/UBNA_002/20220823_033000.WAV,Telephone Field,recover-20220825,002,1795
555.7295,555.7369,39218,54057,Pipistrellus nathusii,0.681,0.717,-1,Echolocation,/mnt/ubna_data_01_mir/recover-20220825/UBNA_002/20220823_033000.WAV,Telephone Field,recover-20220825,002,1795
555.7375,555.7426,31484,41686,Myotis daubentonii,0.011,0.024,-1,Echolocation,/mnt/ubna_data_01_mir/recover-20220825/UBNA_002/20220823_033000.WAV,Telephone Field,recover-20220825,002,1795
555.7415,555.7751,68437,81031,Rhinolophus ferrumequinum,0.023,0.023,-1,Echolocation,/mnt/ubna_data_01_mir/recover-20220825/UBNA_002/20220823_033000.WAV,Telephone Field,recover-20220825,002,1795
555.8345,555.8413,38359,53012,Pipistrellus nathusii,0.677,0.709,-1,Echolocation,/mnt/ubna_data_01_mir/recover-20220825/UBNA_002/20220823_033000.WAV,Telephone Field,recover-20220825,002,1795
555.8485,555.8858,68437,81296,Rhinolophus ferrumequinum,0.022,0.022,-1,Echolocation,/mnt/ubna_data_01_mir/recover-20220825/UBNA_002/20220823_033000.WAV,Telephone Field,recover-20220825,002,1795
555.8775,555.8866,28046,38423,Eptesicus serotinus,0.009,0.023,-1,Echolocation,/mnt/ubna_data_01_mir/recover-20220825/UBNA_002/20220823_033000.WAV,Telephone Field,recover-20220825,002,1795
555.8875,555.9002,22890,27776,Nyctalus leisleri,0.012,0.022,-1,Echolocation,/mnt/ubna_data_01_mir/recover-20220825/UBNA_002/20220823_033000.WAV,Telephone Field,recover-20220825,002,1795
555.9215,555.9582,68437,82378,Rhinolophus ferrumequinum,0.024,0.024,-1,Echolocation,/mnt/ubna_data_01_mir/recover-20220825/UBNA_002/20220823_033000.WAV,Telephone Field,recover-20220825,002,1795
555.9385,555.9459,38359,58942,Pipistrellus nathusii,0.622,0.709,-1,Echolocation,/mnt/ubna_data_01_mir/recover-20220825/UBNA_002/20220823_033000.WAV,Telephone Field,recover-20220825,002,1795
555.9465,555.953,26328,36648,Eptesicus serotinus,0.005,0.023,-1,Echolocation,/mnt/ubna_data_01_mir/recover-20220825/UBNA_002/20220823_033000.WAV,Telephone Field,recover-20220825,002,1795
555.9565,555.9923,68437,82028,Rhinolophus ferrumequinum,0.03,0.03,-1,Echolocation,/mnt/ubna_data_01_mir/recover-20220825/UBNA_002/20220823_033000.WAV,Telephone Field,recover-20220825,002,1795
556.0015,556.0133,20312,26097,Nyctalus leisleri,0.008,0.022,-1,Echolocation,/mnt/ubna_data_01_mir/recover-20220825/UBNA_002/20220823_033000.WAV,Telephone Field,recover-20220825,002,1795
556.0015,556.0094,44375,51393,Pipistrellus pipistrellus,0.013,0.021,-1,Echolocation,/mnt/ubna_data_01_mir/recover-20220825/UBNA_002/20220823_033000.WAV,Telephone Field,recover-20220825,002,1795
556.0015,556.0107,27187,36126,Eptesicus serotinus,0.008,0.028,-1,Echolocation,/mnt/ubna_data_01_mir/recover-20220825/UBNA_002/20220823_033000.WAV,Telephone Field,recover-20220825,002,1795
556.0015,556.0308,68437,80207,Rhinolophus ferrumequinum,0.027,0.028,-1,Echolocation,/mnt/ubna_data_01_mir/recover-20220825/UBNA_002/20220823_033000.WAV,Telephone Field,recover-20220825,002,1795
556.0105,556.0197000000001,28046,40413,Eptesicus serotinus,0.007,0.021,-1,Echolocation,/mnt/ubna_data_01_mir/recover-20220825/UBNA_002/20220823_033000.WAV,Telephone Field,recover-20220825,002,1795
556.0235,556.0315,28906,36550,Eptesicus serotinus,0.006,0.022,-1,Echolocation,/mnt/ubna_data_01_mir/recover-20220825/UBNA_002/20220823_033000.WAV,Telephone Field,recover-20220825,002,1795
556.0335,556.0688,68437,81776,Rhinolophus ferrumequinum,0.022,0.022,-1,Echolocation,/mnt/ubna_data_01_mir/recover-20220825/UBNA_002/20220823_033000.WAV,Telephone Field,recover-20220825,002,1795
556.0385,556.0453,45234,56719,Pipistrellus pipistrellus,0.012,0.031,-1,Echolocation,/mnt/ubna_data_01_mir/recover-20220825/UBNA_002/20220823_033000.WAV,Telephone Field,recover-20220825,002,1795
556.0405,556.0478,37500,55533,Pipistrellus nathusii,0.582,0.664,-1,Echolocation,/mnt/ubna_data_01_mir/recover-20220825/UBNA_002/20220823_033000.WAV,Telephone Field,recover-20220825,002,1795
556.0405,556.0457,28906,66684,Myotis brandtii,0.028,0.074,-1,Echolocation,/mnt/ubna_data_01_mir/recover-20220825/UBNA_002/20220823_033000.WAV,Telephone Field,recover-20220825,002,1795
556.0495,556.0552,33203,48538,Myotis brandtii,0.011,0.025,-1,Echolocation,/mnt/ubna_data_01_mir/recover-20220825/UBNA_002/20220823_033000.WAV,Telephone Field,recover-20220825,002,1795
556.0505,556.0591,27187,36777,Eptesicus serotinus,0.007,0.024,-1,Echolocation,/mnt/ubna_data_01_mir/recover-20220825/UBNA_002/20220823_033000.WAV,Telephone Field,recover-20220825,002,1795
556.0545,556.0877,68437,81963,Rhinolophus ferrumequinum,0.023,0.023,-1,Echolocation,/mnt/ubna_data_01_mir/recover-20220825/UBNA_002/20220823_033000.WAV,Telephone Field,recover-20220825,002,1795
556.0695,556.0796,28906,36082,Eptesicus serotinus,0.008,0.023,-1,Echolocation,/mnt/ubna_data_01_mir/recover-20220825/UBNA_002/20220823_033000.WAV,Telephone Field,recover-20220825,002,1795
556.0705,556.1091,68437,81830,Rhinolophus ferrumequinum,0.023,0.023,-1,Echolocation,/mnt/ubna_data_01_mir/recover-20220825/UBNA_002/20220823_033000.WAV,Telephone Field,recover-20220825,002,1795
556.0955,556.1056,25468,33733,Eptesicus serotinus,0.01,0.023,-1,Echolocation,/mnt/ubna_data_01_mir/recover-20220825/UBNA_002/20220823_033000.WAV,Telephone Field,recover-20220825,002,1795
556.1425,556.1485,27187,76022,Myotis bechsteinii,0.036,0.06,-1,Echolocation,/mnt/ubna_data_01_mir/recover-20220825/UBNA_002/20220823_033000.WAV,Telephone Field,recover-20220825,002,1795
556.1435,556.1511,36640,63555,Pipistrellus nathusii,0.598,0.675,-1,Echolocation,/mnt/ubna_data_01_mir/recover-20220825/UBNA_002/20220823_033000.WAV,Telephone Field,recover-20220825,002,1795
556.1435,556.151,48671,59201,Pipistrellus pipistrellus,0.01,0.024,-1,Echolocation,/mnt/ubna_data_01_mir/recover-20220825/UBNA_002/20220823_033000.WAV,Telephone Field,recover-20220825,002,1795
556.1514999999999,556.1576,36640,52014,Myotis brandtii,0.014,0.028,-1,Echolocation,/mnt/ubna_data_01_mir/recover-20220825/UBNA_002/20220823_033000.WAV,Telephone Field,recover-20220825,002,1795
556.1525,556.158,28906,44220,Myotis daubentonii,0.014,0.028,-1,Echolocation,/mnt/ubna_data_01_mir/recover-20220825/UBNA_002/20220823_033000.WAV,Telephone Field,recover-20220825,002,1795
556.1875,556.2241,68437,82448,Rhinolophus ferrumequinum,0.021,0.021,-1,Echolocation,/mnt/ubna_data_01_mir/recover-20220825/UBNA_002/20220823_033000.WAV,Telephone Field,recover-20220825,002,1795
556.2185,556.2549,68437,82111,Rhinolophus ferrumequinum,0.025,0.025,-1,Echolocation,/mnt/ubna_data_01_mir/recover-20220825/UBNA_002/20220823_033000.WAV,Telephone Field,recover-20220825,002,1795
556.2475,556.2582,44375,53796,Pipistrellus pipistrellus,0.011,0.023,-1,Echolocation,/mnt/ubna_data_01_mir/recover-20220825/UBNA_002/20220823_033000.WAV,Telephone Field,recover-20220825,002,1795
556.2595,556.2961,68437,81983,Rhinolophus ferrumequinum,0.022,0.022,-1,Echolocation,/mnt/ubna_data_01_mir/recover-20220825/UBNA_002/20220823_033000.WAV,Telephone Field,recover-20220825,002,1795
556.2735,556.2813,27187,45177,Eptesicus serotinus,0.01,0.026,-1,Echolocation,/mnt/ubna_data_01_mir/recover-20220825/UBNA_002/20220823_033000.WAV,Telephone Field,recover-20220825,002,1795
556.2805,556.2901,46093,50066,Pipistrellus pipistrellus,0.024,0.033,-1,Echolocation,/mnt/ubna_data_01_mir/recover-20220825/UBNA_002/20220823_033000.WAV,Telephone Field,recover-20220825,002,1795
556.3085,556.3148,28906,68138,Myotis bechsteinii,0.027,0.056,-1,Echolocation,/mnt/ubna_data_01_mir/recover-20220825/UBNA_002/20220823_033000.WAV,Telephone Field,recover-20220825,002,1795
556.3095,556.3177,36640,58885,Pipistrellus nathusii,0.566,0.675,-1,Echolocation,/mnt/ubna_data_01_mir/recover-20220825/UBNA_002/20220823_033000.WAV,Telephone Field,recover-20220825,002,1795
556.3195,556.3252,32343,50759,Myotis daubentonii,0.012,0.029,-1,Echolocation,/mnt/ubna_data_01_mir/recover-20220825/UBNA_002/20220823_033000.WAV,Telephone Field,recover-20220825,002,1795
556.3225,556.3549,68437,81286,Rhinolophus ferrumequinum,0.022,0.023,-1,Echolocation,/mnt/ubna_data_01_mir/recover-20220825/UBNA_002/20220823_033000.WAV,Telephone Field,recover-20220825,002,1795
556.4045,556.4434,68437,82118,Rhinolophus ferrumequinum,0.023,0.023,-1,Echolocation,/mnt/ubna_data_01_mir/recover-20220825/UBNA_002/20220823_033000.WAV,Telephone Field,recover-20220825,002,1795
556.4115,556.4499,68437,82044,Rhinolophus ferrumequinum,0.023,0.023,-1,Echolocation,/mnt/ubna_data_01_mir/recover-20220825/UBNA_002/20220823_033000.WAV,Telephone Field,recover-20220825,002,1795
556.4185,556.4251,45234,59941,Pipistrellus pipistrellus,0.007,0.029,-1,Echolocation,/mnt/ubna_data_01_mir/recover-20220825/UBNA_002/20220823_033000.WAV,Telephone Field,recover-20220825,002,1795
556.4195,556.4253,28906,73037,Myotis bechsteinii,0.025,0.054,-1,Echolocation,/mnt/ubna_data_01_mir/recover-20220825/UBNA_002/20220823_033000.WAV,Telephone Field,recover-20220825,002,1795
556.4205,556.4281,37500,64603,Pipistrellus nathusii,0.632,0.69,-1,Echolocation,/mnt/ubna_data_01_mir/recover-20220825/UBNA_002/20220823_033000.WAV,Telephone Field,recover-20220825,002,1795
556.4285,556.4341,28906,44921,Myotis daubentonii,0.011,0.021,-1,Echolocation,/mnt/ubna_data_01_mir/recover-20220825/UBNA_002/20220823_033000.WAV,Telephone Field,recover-20220825,002,1795
556.4305,556.4359,33203,56601,Myotis brandtii,0.011,0.022,-1,Echolocation,/mnt/ubna_data_01_mir/recover-20220825/UBNA_002/20220823_033000.WAV,Telephone Field,recover-20220825,002,1795
556.4325,556.4675,68437,81604,Rhinolophus ferrumequinum,0.023,0.023,-1,Echolocation,/mnt/ubna_data_01_mir/recover-20220825/UBNA_002/20220823_033000.WAV,Telephone Field,recover-20220825,002,1795
556.4725,556.5102,68437,82233,Rhinolophus ferrumequinum,0.022,0.022,-1,Echolocation,/mnt/ubna_data_01_mir/recover-20220825/UBNA_002/20220823_033000.WAV,Telephone Field,recover-20220825,002,1795
556.5005,556.5128,41796,48245,Pipistrellus nathusii,0.027,0.047,-1,Echolocation,/mnt/ubna_data_01_mir/recover-20220825/UBNA_002/20220823_033000.WAV,Telephone Field,recover-20220825,002,1795
556.5075,556.527,20312,23419,Nyctalus leisleri,0.013,0.022,-1,Echolocation,/mnt/ubna_data_01_mir/recover-20220825/UBNA_002/20220823_033000.WAV,Telephone Field,recover-20220825,002,1795
556.5845,556.5916,39218,59144,Pipistrellus nathusii,0.531,0.645,-1,Echolocation,/mnt/ubna_data_01_mir/recover-20220825/UBNA_002/20220823_033000.WAV,Telephone Field,recover-20220825,002,1795
556.5855,556.5915,27187,68293,Myotis bechsteinii,0.049,0.109,-1,Echolocation,/mnt/ubna_data_01_mir/recover-20220825/UBNA_002/20220823_033000.WAV,Telephone Field,recover-20220825,002,1795
556.6005,556.6326,68437,80682,Rhinolophus ferrumequinum,0.024,0.024,-1,Echolocation,/mnt/ubna_data_01_mir/recover-20220825/UBNA_002/20220823_033000.WAV,Telephone Field,recover-20220825,002,1795
556.6865,556.6928,51250,58521,Pipistrellus pipistrellus,0.012,0.022,-1,Echolocation,/mnt/ubna_data_01_mir/recover-20220825/UBNA_002/20220823_033000.WAV,Telephone Field,recover-20220825,002,1795
556.6915,556.6977,27187,76864,Myotis bechsteinii,0.047,0.088,-1,Echolocation,/mnt/ubna_data_01_mir/recover-20220825/UBNA_002/20220823_033000.WAV,Telephone Field,recover-20220825,002,1795
556.6925,556.7003,37500,66068,Pipistrellus nathusii,0.61,0.65,-1,Echolocation,/mnt/ubna_data_01_mir/recover-20220825/UBNA_002/20220823_033000.WAV,Telephone Field,recover-20220825,002,1795
556.6935,556.7,49531,60037,Pipistrellus pipistrellus,0.012,0.032,-1,Echolocation,/mnt/ubna_data_01_mir/recover-20220825/UBNA_002/20220823_033000.WAV,Telephone Field,recover-20220825,002,1795
556.7025,556.7077,31484,55060,Myotis brandtii,0.014,0.03,-1,Echolocation,/mnt/ubna_data_01_mir/recover-20220825/UBNA_002/20220823_033000.WAV,Telephone Field,recover-20220825,002,1795
556.7045,556.7335,68437,81028,Rhinolophus ferrumequinum,0.027,0.027,-1,Echolocation,/mnt/ubna_data_01_mir/recover-20220825/UBNA_002/20220823_033000.WAV,Telephone Field,recover-20220825,002,1795
556.7265,556.7661,68437,82980,Rhinolophus ferrumequinum,0.025,0.025,-1,Echolocation,/mnt/ubna_data_01_mir/recover-20220825/UBNA_002/20220823_033000.WAV,Telephone Field,recover-20220825,002,1795
556.7355,556.7771,68437,82167,Rhinolophus ferrumequinum,0.023,0.023,-1,Echolocation,/mnt/ubna_data_01_mir/recover-20220825/UBNA_002/20220823_033000.WAV,Telephone Field,recover-20220825,002,1795
556.7475,556.7569,49531,54679,Pipistrellus pipistrellus,0.019,0.024,-1,Echolocation,/mnt/ubna_data_01_mir/recover-20220825/UBNA_002/20220823_033000.WAV,Telephone Field,recover-20220825,002,1795
556.7645,556.772,47812,55194,Pipistrellus pipistrellus,0.02,0.024,-1,Echolocation,/mnt/ubna_data_01_mir/recover-20220825/UBNA_002/20220823_033000.WAV,Telephone Field,recover-20220825,002,1795
556.7945,556.8039,54687,60442,Pipistrellus pygmaeus,0.044,0.047,-1,Echolocation,/mnt/ubna_data_01_mir/recover-20220825/UBNA_002/20220823_033000.WAV,Telephone Field,recover-20220825,002,1795
556.7975,556.8055,35781,63074,Pipistrellus nathusii,0.54,0.617,-1,Echolocation,/mnt/ubna_data_01_mir/recover-20220825/UBNA_002/20220823_033000.WAV,Telephone Field,recover-20220825,002,1795
556.7975,556.8037,28046,72019,Myotis bechsteinii,0.051,0.098,-1,Echolocation,/mnt/ubna_data_01_mir/recover-20220825/UBNA_002/20220823_033000.WAV,Telephone Field,recover-20220825,002,1795
556.8065,556.8119,30625,43421,Myotis daubentonii,0.012,0.028,-1,Echolocation,/mnt/ubna_data_01_mir/recover-20220825/UBNA_002/20220823_033000.WAV,Telephone Field,recover-20220825,002,1795
556.8685,556.8779,47812,52574,Pipistrellus pipistrellus,0.018,0.021,-1,Echolocation,/mnt/ubna_data_01_mir/recover-20220825/UBNA_002/20220823_033000.WAV,Telephone Field,recover-20220825,002,1795
556.8715,556.9088,68437,82304,Rhinolophus ferrumequinum,0.02,0.02,-1,Echolocation,/mnt/ubna_data_01_mir/recover-20220825/UBNA_002/20220823_033000.WAV,Telephone Field,recover-20220825,002,1795
556.8845,556.8932,40937,51980,Myotis brandtii,0.009,0.022,-1,Echolocation,/mnt/ubna_data_01_mir/recover-20220825/UBNA_002/20220823_033000.WAV,Telephone Field,recover-20220825,002,1795
556.8975,556.9036,46093,64701,Myotis mystacinus,0.01,0.028,-1,Echolocation,/mnt/ubna_data_01_mir/recover-20220825/UBNA_002/20220823_033000.WAV,Telephone Field,recover-20220825,002,1795
556.9045,556.9336,68437,81658,Rhinolophus ferrumequinum,0.021,0.021,-1,Echolocation,/mnt/ubna_data_01_mir/recover-20220825/UBNA_002/20220823_033000.WAV,Telephone Field,recover-20220825,002,1795
556.9045,556.9119,35781,67181,Pipistrellus nathusii,0.393,0.519,-1,Echolocation,/mnt/ubna_data_01_mir/recover-20220825/UBNA_002/20220823_033000.WAV,Telephone Field,recover-20220825,002,1795
556.9045,556.9104,25468,82997,Myotis bechsteinii,0.081,0.115,-1,Echolocation,/mnt/ubna_data_01_mir/recover-20220825/UBNA_002/20220823_033000.WAV,Telephone Field,recover-20220825,002,1795
556.9155,556.9212,31484,51103,Myotis brandtii,0.011,0.026,-1,Echolocation,/mnt/ubna_data_01_mir/recover-20220825/UBNA_002/20220823_033000.WAV,Telephone Field,recover-20220825,002,1795
556.9175,556.9475,68437,80734,Rhinolophus ferrumequinum,0.025,0.025,-1,Echolocation,/mnt/ubna_data_01_mir/recover-20220825/UBNA_002/20220823_033000.WAV,Telephone Field,recover-20220825,002,1795
556.9545,556.9627,28046,38464,Eptesicus serotinus,0.007,0.02,-1,Echolocation,/mnt/ubna_data_01_mir/recover-20220825/UBNA_002/20220823_033000.WAV,Telephone Field,recover-20220825,002,1795
556.9885,556.9966,46093,52173,Pipistrellus pipistrellus,0.019,0.022,-1,Echolocation,/mnt/ubna_data_01_mir/recover-20220825/UBNA_002/20220823_033000.WAV,Telephone Field,recover-20220825,002,1795
557.0005,557.0063,46093,63910,Myotis brandtii,0.017,0.038,-1,Echolocation,/mnt/ubna_data_01_mir/recover-20220825/UBNA_002/20220823_033000.WAV,Telephone Field,recover-20220825,002,1795
557.0065,557.0135,52968,62432,Pipistrellus pygmaeus,0.031,0.041,-1,Echolocation,/mnt/ubna_data_01_mir/recover-20220825/UBNA_002/20220823_033000.WAV,Telephone Field,recover-20220825,002,1795
557.0065,557.0133,26328,79939,Myotis bechsteinii,0.109,0.18,-1,Echolocation,/mnt/ubna_data_01_mir/recover-20220825/UBNA_002/20220823_033000.WAV,Telephone Field,recover-20220825,002,1795
557.0065,557.0142,37500,65477,Pipistrellus nathusii,0.472,0.545,-1,Echolocation,/mnt/ubna_data_01_mir/recover-20220825/UBNA_002/20220823_033000.WAV,Telephone Field,recover-20220825,002,1795
557.0155,557.022,36640,50107,Myotis brandtii,0.014,0.03,-1,Echolocation,/mnt/ubna_data_01_mir/recover-20220825/UBNA_002/20220823_033000.WAV,Telephone Field,recover-20220825,002,1795
557.0175,557.0236,25468,37863,Myotis nattereri,0.005,0.023,-1,Echolocation,/mnt/ubna_data_01_mir/recover-20220825/UBNA_002/20220823_033000.WAV,Telephone Field,recover-20220825,002,1795
557.0205,557.0539,68437,80671,Rhinolophus ferrumequinum,0.021,0.021,-1,Echolocation,/mnt/ubna_data_01_mir/recover-20220825/UBNA_002/20220823_033000.WAV,Telephone Field,recover-20220825,002,1795
557.0705,557.0787,48671,53937,Pipistrellus pipistrellus,0.015,0.02,-1,Echolocation,/mnt/ubna_data_01_mir/recover-20220825/UBNA_002/20220823_033000.WAV,Telephone Field,recover-20220825,002,1795
557.0745,557.1121,68437,81663,Rhinolophus ferrumequinum,0.022,0.022,-1,Echolocation,/mnt/ubna_data_01_mir/recover-20220825/UBNA_002/20220823_033000.WAV,Telephone Field,recover-20220825,002,1795
557.1065,557.1171,50390,56096,Pipistrellus pipistrellus,0.022,0.042,-1,Echolocation,/mnt/ubna_data_01_mir/recover-20220825/UBNA_002/20220823_033000.WAV,Telephone Field,recover-20220825,002,1795
557.1085,557.1167,34921,70445,Pipistrellus nathusii,0.312,0.411,-1,Echolocation,/mnt/ubna_data_01_mir/recover-20220825/UBNA_002/20220823_033000.WAV,Telephone Field,recover-20220825,002,1795
557.1095,557.1162,25468,88106,Myotis bechsteinii,0.104,0.132,-1,Echolocation,/mnt/ubna_data_01_mir/recover-20220825/UBNA_002/20220823_033000.WAV,Telephone Field,recover-20220825,002,1795
557.1175,557.1235,36640,51124,Myotis brandtii,0.013,0.027,-1,Echolocation,/mnt/ubna_data_01_mir/recover-20220825/UBNA_002/20220823_033000.WAV,Telephone Field,recover-20220825,002,1795
557.1195,557.1249,31484,48950,Myotis brandtii,0.01,0.026,-1,Echolocation,/mnt/ubna_data_01_mir/recover-20220825/UBNA_002/20220823_033000.WAV,Telephone Field,recover-20220825,002,1795
557.1215,557.1495,68437,80507,Rhinolophus ferrumequinum,0.024,0.024,-1,Echolocation,/mnt/ubna_data_01_mir/recover-20220825/UBNA_002/20220823_033000.WAV,Telephone Field,recover-20220825,002,1795
557.1555,557.1665,50390,58602,Pipistrellus pipistrellus,0.025,0.035,-1,Echolocation,/mnt/ubna_data_01_mir/recover-20220825/UBNA_002/20220823_033000.WAV,Telephone Field,recover-20220825,002,1795
557.1575,557.1983,68437,83199,Rhinolophus ferrumequinum,0.024,0.024,-1,Echolocation,/mnt/ubna_data_01_mir/recover-20220825/UBNA_002/20220823_033000.WAV,Telephone Field,recover-20220825,002,1795
557.1865,557.2247,68437,82075,Rhinolophus ferrumequinum,0.02,0.02,-1,Echolocation,/mnt/ubna_data_01_mir/recover-20220825/UBNA_002/20220823_033000.WAV,Telephone Field,recover-20220825,002,1795
557.2065,557.2184,53828,64156,Pipistrellus pygmaeus,0.033,0.037,-1,Echolocation,/mnt/ubna_data_01_mir/recover-20220825/UBNA_002/20220823_033000.WAV,Telephone Field,recover-20220825,002,1795
557.2065,557.2135,25468,83662,Myotis bechsteinii,0.125,0.183,-1,Echolocation,/mnt/ubna_data_01_mir/recover-20220825/UBNA_002/20220823_033000.WAV,Telephone Field,recover-20220825,002,1795
557.2075,557.2149,37500,67398,Pipistrellus nathusii,0.401,0.458,-1,Echolocation,/mnt/ubna_data_01_mir/recover-20220825/UBNA_002/20220823_033000.WAV,Telephone Field,recover-20220825,002,1795
557.2155,557.2221,36640,49870,Pipistrellus nathusii,0.019,0.041,-1,Echolocation,/mnt/ubna_data_01_mir/recover-20220825/UBNA_002/20220823_033000.WAV,Telephone Field,recover-20220825,002,1795
557.2185,557.2493,68437,81156,Rhinolophus ferrumequinum,0.021,0.021,-1,Echolocation,/mnt/ubna_data_01_mir/recover-20220825/UBNA_002/20220823_033000.WAV,Telephone Field,recover-20220825,002,1795
557.2585,557.2678,28046,35681,Eptesicus serotinus,0.008,0.022,-1,Echolocation,/mnt/ubna_data_01_mir/recover-20220825/UBNA_002/20220823_033000.WAV,Telephone Field,recover-20220825,002,1795
557.3005,557.3326,68437,81153,Rhinolophus ferrumequinum,0.02,0.02,-1,Echolocation,/mnt/ubna_data_01_mir/recover-20220825/UBNA_002/20220823_033000.WAV,Telephone Field,recover-20220825,002,1795
557.3085,557.3168000000001,37500,68994,Pipistrellus nathusii,0.381,0.435,-1,Echolocation,/mnt/ubna_data_01_mir/recover-20220825/UBNA_002/20220823_033000.WAV,Telephone Field,recover-20220825,002,1795
557.3095,557.3167,50390,60756,Pipistrellus pipistrellus,0.015,0.033,-1,Echolocation,/mnt/ubna_data_01_mir/recover-20220825/UBNA_002/20220823_033000.WAV,Telephone Field,recover-20220825,002,1795
557.3175,557.3235999999999,38359,55102,Pipistrellus nathusii,0.019,0.04,-1,Echolocation,/mnt/ubna_data_01_mir/recover-20220825/UBNA_002/20220823_033000.WAV,Telephone Field,recover-20220825,002,1795
557.3185,557.3237,31484,53524,Myotis brandtii,0.014,0.025,-1,Echolocation,/mnt/ubna_data_01_mir/recover-20220825/UBNA_002/20220823_033000.WAV,Telephone Field,recover-20220825,002,1795
557.3455,557.3545,26328,36208,Eptesicus serotinus,0.007,0.021,-1,Echolocation,/mnt/ubna_data_01_mir/recover-20220825/UBNA_002/20220823_033000.WAV,Telephone Field,recover-20220825,002,1795
557.3535,557.3915,68437,82464,Rhinolophus ferrumequinum,0.022,0.022,-1,Echolocation,/mnt/ubna_data_01_mir/recover-20220825/UBNA_002/20220823_033000.WAV,Telephone Field,recover-20220825,002,1795
557.3715,557.381,28906,36781,Eptesicus serotinus,0.008,0.023,-1,Echolocation,/mnt/ubna_data_01_mir/recover-20220825/UBNA_002/20220823_033000.WAV,Telephone Field,recover-20220825,002,1795
557.3835,557.3936,26328,34561,Eptesicus serotinus,0.008,0.021,-1,Echolocation,/mnt/ubna_data_01_mir/recover-20220825/UBNA_002/20220823_033000.WAV,Telephone Field,recover-20220825,002,1795
557.3965,557.4359,68437,82766,Rhinolophus ferrumequinum,0.021,0.021,-1,Echolocation,/mnt/ubna_data_01_mir/recover-20220825/UBNA_002/20220823_033000.WAV,Telephone Field,recover-20220825,002,1795
557.4325,557.4698,68437,82088,Rhinolophus ferrumequinum,0.021,0.021,-1,Echolocation,/mnt/ubna_data_01_mir/recover-20220825/UBNA_002/20220823_033000.WAV,Telephone Field,recover-20220825,002,1795
557.4385,557.4739,68437,81707,Rhinolophus ferrumequinum,0.02,0.021,-1,Echolocation,/mnt/ubna_data_01_mir/recover-20220825/UBNA_002/20220823_033000.WAV,Telephone Field,recover-20220825,002,1795
557.4555,557.4625,29765,83211,Myotis brandtii,0.235,0.347,-1,Echolocation,/mnt/ubna_data_01_mir/recover-20220825/UBNA_002/20220823_033000.WAV,Telephone Field,recover-20220825,002,1795
557.4565,557.4687,56406,63835,Pipistrellus pygmaeus,0.018,0.022,-1,Echolocation,/mnt/ubna_data_01_mir/recover-20220825/UBNA_002/20220823_033000.WAV,Telephone Field,recover-20220825,002,1795
557.4575,557.4639999999999,50390,60989,Pipistrellus pipistrellus,0.014,0.034,-1,Echolocation,/mnt/ubna_data_01_mir/recover-20220825/UBNA_002/20220823_033000.WAV,Telephone Field,recover-20220825,002,1795
557.4645,557.4691,31484,48161,Myotis brandtii,0.012,0.028,-1,Echolocation,/mnt/ubna_data_01_mir/recover-20220825/UBNA_002/20220823_033000.WAV,Telephone Field,recover-20220825,002,1795
557.4645,557.4705,37500,53966,Myotis brandtii,0.014,0.032,-1,Echolocation,/mnt/ubna_data_01_mir/recover-20220825/UBNA_002/20220823_033000.WAV,Telephone Field,recover-20220825,002,1795
557.4675,557.4999,68437,81313,Rhinolophus ferrumequinum,0.025,0.025,-1,Echolocation,/mnt/ubna_data_01_mir/recover-20220825/UBNA_002/20220823_033000.WAV,Telephone Field,recover-20220825,002,1795
557.4915,557.528,68437,81622,Rhinolophus ferrumequinum,0.021,0.021,-1,Echolocation,/mnt/ubna_data_01_mir/recover-20220825/UBNA_002/20220823_033000.WAV,Telephone Field,recover-20220825,002,1795
557.4925,557.5041,27187,35487,Eptesicus serotinus,0.012,0.025,-1,Echolocation,/mnt/ubna_data_01_mir/recover-20220825/UBNA_002/20220823_033000.WAV,Telephone Field,recover-20220825,002,1795
557.5105,557.5196,28046,36535,Eptesicus serotinus,0.017,0.036,-1,Echolocation,/mnt/ubna_data_01_mir/recover-20220825/UBNA_002/20220823_033000.WAV,Telephone Field,recover-20220825,002,1795
557.5395,557.5461,27187,36664,Eptesicus serotinus,0.006,0.021,-1,Echolocation,/mnt/ubna_data_01_mir/recover-20220825/UBNA_002/20220823_033000.WAV,Telephone Field,recover-20220825,002,1795
557.5505,557.5599,49531,60291,Pipistrellus pipistrellus,0.017,0.038,-1,Echolocation,/mnt/ubna_data_01_mir/recover-20220825/UBNA_002/20220823_033000.WAV,Telephone Field,recover-20220825,002,1795
557.5525,557.5605,31484,82712,Myotis brandtii,0.288,0.33,-1,Echolocation,/mnt/ubna_data_01_mir/recover-20220825/UBNA_002/20220823_033000.WAV,Telephone Field,recover-20220825,002,1795
557.5525,557.5853,68437,84382,Rhinolophus ferrumequinum,0.022,0.022,-1,Echolocation,/mnt/ubna_data_01_mir/recover-20220825/UBNA_002/20220823_033000.WAV,Telephone Field,recover-20220825,002,1795
557.5525,557.5591,40078,66454,Pipistrellus nathusii,0.077,0.125,-1,Echolocation,/mnt/ubna_data_01_mir/recover-20220825/UBNA_002/20220823_033000.WAV,Telephone Field,recover-20220825,002,1795
557.5605,557.5676,38359,50158,Pipistrellus nathusii,0.024,0.037,-1,Echolocation,/mnt/ubna_data_01_mir/recover-20220825/UBNA_002/20220823_033000.WAV,Telephone Field,recover-20220825,002,1795
557.5635,557.572,26328,36887,Eptesicus serotinus,0.009,0.026,-1,Echolocation,/mnt/ubna_data_01_mir/recover-20220825/UBNA_002/20220823_033000.WAV,Telephone Field,recover-20220825,002,1795
557.5645,557.5928,68437,80769,Rhinolophus ferrumequinum,0.025,0.025,-1,Echolocation,/mnt/ubna_data_01_mir/recover-20220825/UBNA_002/20220823_033000.WAV,Telephone Field,recover-20220825,002,1795
557.5695,557.584,22890,27548,Nyctalus leisleri,0.011,0.024,-1,Echolocation,/mnt/ubna_data_01_mir/recover-20220825/UBNA_002/20220823_033000.WAV,Telephone Field,recover-20220825,002,1795
557.5965,557.6062,28046,35325,Eptesicus serotinus,0.008,0.023,-1,Echolocation,/mnt/ubna_data_01_mir/recover-20220825/UBNA_002/20220823_033000.WAV,Telephone Field,recover-20220825,002,1795
557.6005,557.6412,68437,82455,Rhinolophus ferrumequinum,0.022,0.023,-1,Echolocation,/mnt/ubna_data_01_mir/recover-20220825/UBNA_002/20220823_033000.WAV,Telephone Field,recover-20220825,002,1795
557.6105,557.619,28046,39403,Eptesicus serotinus,0.007,0.021,-1,Echolocation,/mnt/ubna_data_01_mir/recover-20220825/UBNA_002/20220823_033000.WAV,Telephone Field,recover-20220825,002,1795
557.6495,557.6766,69296,81403,Rhinolophus ferrumequinum,0.019,0.02,-1,Echolocation,/mnt/ubna_data_01_mir/recover-20220825/UBNA_002/20220823_033000.WAV,Telephone Field,recover-20220825,002,1795
557.6505,557.6574,40078,63694,Pipistrellus nathusii,0.037,0.067,-1,Echolocation,/mnt/ubna_data_01_mir/recover-20220825/UBNA_002/20220823_033000.WAV,Telephone Field,recover-20220825,002,1795
557.6514999999999,557.659,31484,78505,Myotis brandtii,0.318,0.417,-1,Echolocation,/mnt/ubna_data_01_mir/recover-20220825/UBNA_002/20220823_033000.WAV,Telephone Field,recover-20220825,002,1795
557.6525,557.6611,50390,56533,Pipistrellus pipistrellus,0.019,0.033,-1,Echolocation,/mnt/ubna_data_01_mir/recover-20220825/UBNA_002/20220823_033000.WAV,Telephone Field,recover-20220825,002,1795
557.6615,557.6673,30625,52147,Myotis daubentonii,0.011,0.027,-1,Echolocation,/mnt/ubna_data_01_mir/recover-20220825/UBNA_002/20220823_033000.WAV,Telephone Field,recover-20220825,002,1795
557.7435,557.7552,50390,55868,Pipistrellus pygmaeus,0.02,0.028,-1,Echolocation,/mnt/ubna_data_01_mir/recover-20220825/UBNA_002/20220823_033000.WAV,Telephone Field,recover-20220825,002,1795
557.7475,557.7556,32343,82406,Myotis brandtii,0.271,0.316,-1,Echolocation,/mnt/ubna_data_01_mir/recover-20220825/UBNA_002/20220823_033000.WAV,Telephone Field,recover-20220825,002,1795
557.7555,557.762,38359,53458,Pipistrellus nathusii,0.017,0.032,-1,Echolocation,/mnt/ubna_data_01_mir/recover-20220825/UBNA_002/20220823_033000.WAV,Telephone Field,recover-20220825,002,1795
557.7575,557.7629,30625,52973,Myotis brandtii,0.011,0.025,-1,Echolocation,/mnt/ubna_data_01_mir/recover-20220825/UBNA_002/20220823_033000.WAV,Telephone Field,recover-20220825,002,1795
557.8365,557.8452,32343,86037,Myotis brandtii,0.384,0.42,-1,Echolocation,/mnt/ubna_data_01_mir/recover-20220825/UBNA_002/20220823_033000.WAV,Telephone Field,recover-20220825,002,1795
557.8385,557.8468,49531,55781,Pipistrellus pipistrellus,0.022,0.041,-1,Echolocation,/mnt/ubna_data_01_mir/recover-20220825/UBNA_002/20220823_033000.WAV,Telephone Field,recover-20220825,002,1795
557.8445,557.8516,39218,55388,Pipistrellus nathusii,0.023,0.035,-1,Echolocation,/mnt/ubna_data_01_mir/recover-20220825/UBNA_002/20220823_033000.WAV,Telephone Field,recover-20220825,002,1795
557.8505,557.8816,68437,80778,Rhinolophus ferrumequinum,0.024,0.025,-1,Echolocation,/mnt/ubna_data_01_mir/recover-20220825/UBNA_002/20220823_033000.WAV,Telephone Field,recover-20220825,002,1795
557.9155,557.9208,28906,36754,Myotis daubentonii,0.006,0.025,-1,Echolocation,/mnt/ubna_data_01_mir/recover-20220825/UBNA_002/20220823_033000.WAV,Telephone Field,recover-20220825,002,1795
557.9215,557.934,47812,52373,Pipistrellus pipistrellus,0.034,0.062,-1,Echolocation,/mnt/ubna_data_01_mir/recover-20220825/UBNA_002/20220823_033000.WAV,Telephone Field,recover-20220825,002,1795
557.9265,557.9383,48671,53353,Pipistrellus pipistrellus,0.029,0.065,-1,Echolocation,/mnt/ubna_data_01_mir/recover-20220825/UBNA_002/20220823_033000.WAV,Telephone Field,recover-20220825,002,1795
557.9295,557.9369,34062,81032,Myotis brandtii,0.449,0.526,-1,Echolocation,/mnt/ubna_data_01_mir/recover-20220825/UBNA_002/20220823_033000.WAV,Telephone Field,recover-20220825,002,1795
557.9425,557.9742,68437,81380,Rhinolophus ferrumequinum,0.024,0.024,-1,Echolocation,/mnt/ubna_data_01_mir/recover-20220825/UBNA_002/20220823_033000.WAV,Telephone Field,recover-20220825,002,1795
557.9815,557.9895,28046,37237,Eptesicus serotinus,0.007,0.023,-1,Echolocation,/mnt/ubna_data_01_mir/recover-20220825/UBNA_002/20220823_033000.WAV,Telephone Field,recover-20220825,002,1795
558.0015,558.0291,68437,79475,Rhinolophus ferrumequinum,0.024,0.024,-1,Echolocation,/mnt/ubna_data_01_mir/recover-20220825/UBNA_002/20220823_033000.WAV,Telephone Field,recover-20220825,002,1795
558.0225,558.0297,46953,57981,Pipistrellus pipistrellus,0.046,0.081,-1,Echolocation,/mnt/ubna_data_01_mir/recover-20220825/UBNA_002/20220823_033000.WAV,Telephone Field,recover-20220825,002,1795
558.0235,558.0308,33203,72730,Myotis brandtii,0.37,0.457,-1,Echolocation,/mnt/ubna_data_01_mir/recover-20220825/UBNA_002/20220823_033000.WAV,Telephone Field,recover-20220825,002,1795
558.0335,558.0387,33203,54271,Myotis brandtii,0.019,0.03,-1,Echolocation,/mnt/ubna_data_01_mir/recover-20220825/UBNA_002/20220823_033000.WAV,Telephone Field,recover-20220825,002,1795
558.0525,558.0679,19453,23486,Nyctalus leisleri,0.01,0.023,-1,Echolocation,/mnt/ubna_data_01_mir/recover-20220825/UBNA_002/20220823_033000.WAV,Telephone Field,recover-20220825,002,1795
558.0575,558.0997,68437,83407,Rhinolophus ferrumequinum,0.036,0.036,-1,Echolocation,/mnt/ubna_data_01_mir/recover-20220825/UBNA_002/20220823_033000.WAV,Telephone Field,recover-20220825,002,1795
558.0695,558.0783,26328,35230,Eptesicus serotinus,0.008,0.022,-1,Echolocation,/mnt/ubna_data_01_mir/recover-20220825/UBNA_002/20220823_033000.WAV,Telephone Field,recover-20220825,002,1795
558.1005,558.1105,37500,42552,Pipistrellus nathusii,0.022,0.031,-1,Echolocation,/mnt/ubna_data_01_mir/recover-20220825/UBNA_002/20220823_033000.WAV,Telephone Field,recover-20220825,002,1795
558.1295,558.1378,27187,37763,Eptesicus serotinus,0.008,0.022,-1,Echolocation,/mnt/ubna_data_01_mir/recover-20220825/UBNA_002/20220823_033000.WAV,Telephone Field,recover-20220825,002,1795
558.1405,558.1737,68437,81590,Rhinolophus ferrumequinum,0.021,0.022,-1,Echolocation,/mnt/ubna_data_01_mir/recover-20220825/UBNA_002/20220823_033000.WAV,Telephone Field,recover-20220825,002,1795
558.1475,558.153,36640,65428,Myotis brandtii,0.187,0.251,-1,Echolocation,/mnt/ubna_data_01_mir/recover-20220825/UBNA_002/20220823_033000.WAV,Telephone Field,recover-20220825,002,1795
558.1485,558.1553,54687,59483,Pipistrellus pygmaeus,0.036,0.038,-1,Echolocation,/mnt/ubna_data_01_mir/recover-20220825/UBNA_002/20220823_033000.WAV,Telephone Field,recover-20220825,002,1795
558.1665,558.2004,68437,80423,Rhinolophus ferrumequinum,0.022,0.022,-1,Echolocation,/mnt/ubna_data_01_mir/recover-20220825/UBNA_002/20220823_033000.WAV,Telephone Field,recover-20220825,002,1795
558.1915,558.231,68437,82098,Rhinolophus ferrumequinum,0.022,0.022,-1,Echolocation,/mnt/ubna_data_01_mir/recover-20220825/UBNA_002/20220823_033000.WAV,Telephone Field,recover-20220825,002,1795
558.2025,558.2088,40937,53133,Pipistrellus nathusii,0.236,0.442,-1,Echolocation,/mnt/ubna_data_01_mir/recover-20220825/UBNA_002/20220823_033000.WAV,Telephone Field,recover-20220825,002,1795
558.2605,558.3015,68437,82850,Rhinolophus ferrumequinum,0.023,0.023,-1,Echolocation,/mnt/ubna_data_01_mir/recover-20220825/UBNA_002/20220823_033000.WAV,Telephone Field,recover-20220825,002,1795
558.2785,558.2861,28046,35096,Eptesicus serotinus,0.007,0.022,-1,Echolocation,/mnt/ubna_data_01_mir/recover-20220825/UBNA_002/20220823_033000.WAV,Telephone Field,recover-20220825,002,1795
558.2935,558.2986,40937,65374,Pipistrellus nathusii,0.152,0.301,-1,Echolocation,/mnt/ubna_data_01_mir/recover-20220825/UBNA_002/20220823_033000.WAV,Telephone Field,recover-20220825,002,1795
558.2935,558.3,34921,75479,Myotis brandtii,0.233,0.27,-1,Echolocation,/mnt/ubna_data_01_mir/recover-20220825/UBNA_002/20220823_033000.WAV,Telephone Field,recover-20220825,002,1795
558.3025,558.3083,33203,45913,Myotis brandtii,0.009,0.025,-1,Echolocation,/mnt/ubna_data_01_mir/recover-20220825/UBNA_002/20220823_033000.WAV,Telephone Field,recover-20220825,002,1795
558.3085,558.3448,68437,82037,Rhinolophus ferrumequinum,0.022,0.022,-1,Echolocation,/mnt/ubna_data_01_mir/recover-20220825/UBNA_002/20220823_033000.WAV,Telephone Field,recover-20220825,002,1795
558.3315,558.3399,28046,38939,Eptesicus serotinus,0.009,0.023,-1,Echolocation,/mnt/ubna_data_01_mir/recover-20220825/UBNA_002/20220823_033000.WAV,Telephone Field,recover-20220825,002,1795
558.3445,558.352,58125,63836,Pipistrellus pygmaeus,0.021,0.022,-1,Echolocation,/mnt/ubna_data_01_mir/recover-20220825/UBNA_002/20220823_033000.WAV,Telephone Field,recover-20220825,002,1795
558.3455,558.3547,27187,35986,Eptesicus serotinus,0.009,0.022,-1,Echolocation,/mnt/ubna_data_01_mir/recover-20220825/UBNA_002/20220823_033000.WAV,Telephone Field,recover-20220825,002,1795
558.3615,558.3736,28046,33979,Eptesicus serotinus,0.018,0.033,-1,Echolocation,/mnt/ubna_data_01_mir/recover-20220825/UBNA_002/20220823_033000.WAV,Telephone Field,recover-20220825,002,1795
558.3855,558.3908,28046,74199,Myotis brandtii,0.031,0.05,-1,Echolocation,/mnt/ubna_data_01_mir/recover-20220825/UBNA_002/20220823_033000.WAV,Telephone Field,recover-20220825,002,1795
558.3865,558.3924,40078,66129,Pipistrellus nathusii,0.276,0.511,-1,Echolocation,/mnt/ubna_data_01_mir/recover-20220825/UBNA_002/20220823_033000.WAV,Telephone Field,recover-20220825,002,1795
558.3885,558.394,49531,54288,Pipistrellus pipistrellus,0.012,0.025,-1,Echolocation,/mnt/ubna_data_01_mir/recover-20220825/UBNA_002/20220823_033000.WAV,Telephone Field,recover-20220825,002,1795
558.4165,558.4575,68437,82113,Rhinolophus ferrumequinum,0.024,0.024,-1,Echolocation,/mnt/ubna_data_01_mir/recover-20220825/UBNA_002/20220823_033000.WAV,Telephone Field,recover-20220825,002,1795
558.4195,558.427,50390,57796,Pipistrellus pipistrellus,0.019,0.026,-1,Echolocation,/mnt/ubna_data_01_mir/recover-20220825/UBNA_002/20220823_033000.WAV,Telephone Field,recover-20220825,002,1795
558.4355,558.446,28046,35278,Eptesicus serotinus,0.017,0.034,-1,Echolocation,/mnt/ubna_data_01_mir/recover-20220825/UBNA_002/20220823_033000.WAV,Telephone Field,recover-20220825,002,1795
558.4685,558.4837,48671,54664,Pipistrellus pipistrellus,0.026,0.041,-1,Echolocation,/mnt/ubna_data_01_mir/recover-20220825/UBNA_002/20220823_033000.WAV,Telephone Field,recover-20220825,002,1795
558.4755,558.4824,33203,73182,Myotis brandtii,0.371,0.423,-1,Echolocation,/mnt/ubna_data_01_mir/recover-20220825/UBNA_002/20220823_033000.WAV,Telephone Field,recover-20220825,002,1795
558.4995,558.5407,68437,82882,Rhinolophus ferrumequinum,0.022,0.022,-1,Echolocation,/mnt/ubna_data_01_mir/recover-20220825/UBNA_002/20220823_033000.WAV,Telephone Field,recover-20220825,002,1795
558.5325,558.5729,68437,82303,Rhinolophus ferrumequinum,0.023,0.023,-1,Echolocation,/mnt/ubna_data_01_mir/recover-20220825/UBNA_002/20220823_033000.WAV,Telephone Field,recover-20220825,002,1795
558.5335,558.5418,46093,57002,Pipistrellus pipistrellus,0.017,0.029,-1,Echolocation,/mnt/ubna_data_01_mir/recover-20220825/UBNA_002/20220823_033000.WAV,Telephone Field,recover-20220825,002,1795
558.5355,558.5431,27187,42090,Eptesicus serotinus,0.008,0.026,-1,Echolocation,/mnt/ubna_data_01_mir/recover-20220825/UBNA_002/20220823_033000.WAV,Telephone Field,recover-20220825,002,1795
558.5505,558.5578,28046,35819,Eptesicus serotinus,0.008,0.026,-1,Echolocation,/mnt/ubna_data_01_mir/recover-20220825/UBNA_002/20220823_033000.WAV,Telephone Field,recover-20220825,002,1795
558.5635,558.5687,39218,60425,Myotis brandtii,0.253,0.415,-1,Echolocation,/mnt/ubna_data_01_mir/recover-20220825/UBNA_002/20220823_033000.WAV,Telephone Field,recover-20220825,002,1795
558.5635,558.5687,28046,80266,Myotis brandtii,0.055,0.082,-1,Echolocation,/mnt/ubna_data_01_mir/recover-20220825/UBNA_002/20220823_033000.WAV,Telephone Field,recover-20220825,002,1795
558.6195,558.628,26328,35426,Eptesicus serotinus,0.013,0.031,-1,Echolocation,/mnt/ubna_data_01_mir/recover-20220825/UBNA_002/20220823_033000.WAV,Telephone Field,recover-20220825,002,1795
558.6365,558.6447000000001,28046,34937,Eptesicus serotinus,0.01,0.026,-1,Echolocation,/mnt/ubna_data_01_mir/recover-20220825/UBNA_002/20220823_033000.WAV,Telephone Field,recover-20220825,002,1795
558.6525,558.658,39218,59161,Pipistrellus nathusii,0.241,0.53,-1,Echolocation,/mnt/ubna_data_01_mir/recover-20220825/UBNA_002/20220823_033000.WAV,Telephone Field,recover-20220825,002,1795
558.6525,558.6578,27187,71102,Myotis brandtii,0.02,0.037,-1,Echolocation,/mnt/ubna_data_01_mir/recover-20220825/UBNA_002/20220823_033000.WAV,Telephone Field,recover-20220825,002,1795
558.6535,558.6618,48671,52933,Pipistrellus pipistrellus,0.013,0.022,-1,Echolocation,/mnt/ubna_data_01_mir/recover-20220825/UBNA_002/20220823_033000.WAV,Telephone Field,recover-20220825,002,1795
558.6815,558.7215,68437,81965,Rhinolophus ferrumequinum,0.023,0.023,-1,Echolocation,/mnt/ubna_data_01_mir/recover-20220825/UBNA_002/20220823_033000.WAV,Telephone Field,recover-20220825,002,1795
558.7115,558.7196,28046,37862,Eptesicus serotinus,0.007,0.023,-1,Echolocation,/mnt/ubna_data_01_mir/recover-20220825/UBNA_002/20220823_033000.WAV,Telephone Field,recover-20220825,002,1795
558.7365,558.7434,27187,38360,Eptesicus serotinus,0.008,0.028,-1,Echolocation,/mnt/ubna_data_01_mir/recover-20220825/UBNA_002/20220823_033000.WAV,Telephone Field,recover-20220825,002,1795
558.7495,558.7594,42656,50225,Pipistrellus nathusii,0.068,0.092,-1,Echolocation,/mnt/ubna_data_01_mir/recover-20220825/UBNA_002/20220823_033000.WAV,Telephone Field,recover-20220825,002,1795
558.8135,558.8218,48671,51689,Pipistrellus pipistrellus,0.033,0.039,-1,Echolocation,/mnt/ubna_data_01_mir/recover-20220825/UBNA_002/20220823_033000.WAV,Telephone Field,recover-20220825,002,1795
558.8155,558.824,28046,36368,Eptesicus serotinus,0.008,0.024,-1,Echolocation,/mnt/ubna_data_01_mir/recover-20220825/UBNA_002/20220823_033000.WAV,Telephone Field,recover-20220825,002,1795
558.8335,558.8429,40078,53828,Pipistrellus nathusii,0.372,0.45,-1,Echolocation,/mnt/ubna_data_01_mir/recover-20220825/UBNA_002/20220823_033000.WAV,Telephone Field,recover-20220825,002,1795
558.8895,558.9261,68437,81766,Rhinolophus ferrumequinum,0.022,0.022,-1,Echolocation,/mnt/ubna_data_01_mir/recover-20220825/UBNA_002/20220823_033000.WAV,Telephone Field,recover-20220825,002,1795
558.8975,558.9035,50390,58187,Pipistrellus pipistrellus,0.021,0.028,-1,Echolocation,/mnt/ubna_data_01_mir/recover-20220825/UBNA_002/20220823_033000.WAV,Telephone Field,recover-20220825,002,1795
558.8975,558.9035,36640,60618,Myotis brandtii,0.015,0.022,-1,Echolocation,/mnt/ubna_data_01_mir/recover-20220825/UBNA_002/20220823_033000.WAV,Telephone Field,recover-20220825,002,1795
558.9145,558.9523,68437,82246,Rhinolophus ferrumequinum,0.022,0.022,-1,Echolocation,/mnt/ubna_data_01_mir/recover-20220825/UBNA_002/20220823_033000.WAV,Telephone Field,recover-20220825,002,1795
558.9445,558.9507,34921,54362,Myotis brandtii,0.009,0.022,-1,Echolocation,/mnt/ubna_data_01_mir/recover-20220825/UBNA_002/20220823_033000.WAV,Telephone Field,recover-20220825,002,1795
558.9595,558.9963,68437,82005,Rhinolophus ferrumequinum,0.023,0.023,-1,Echolocation,/mnt/ubna_data_01_mir/recover-20220825/UBNA_002/20220823_033000.WAV,Telephone Field,recover-20220825,002,1795
558.9685,559.0053,68437,82126,Rhinolophus ferrumequinum,0.021,0.021,-1,Echolocation,/mnt/ubna_data_01_mir/recover-20220825/UBNA_002/20220823_033000.WAV,Telephone Field,recover-20220825,002,1795
558.9835,559.0228,68437,82314,Rhinolophus ferrumequinum,0.022,0.022,-1,Echolocation,/mnt/ubna_data_01_mir/recover-20220825/UBNA_002/20220823_033000.WAV,Telephone Field,recover-20220825,002,1795
559.0025,559.016,22031,25500,Nyctalus leisleri,0.023,0.039,-1,Echolocation,/mnt/ubna_data_01_mir/recover-20220825/UBNA_002/20220823_033000.WAV,Telephone Field,recover-20220825,002,1795
559.0095,559.0181,39218,47299,Pipistrellus nathusii,0.03,0.046,-1,Echolocation,/mnt/ubna_data_01_mir/recover-20220825/UBNA_002/20220823_033000.WAV,Telephone Field,recover-20220825,002,1795
559.0375,559.0764,68437,82720,Rhinolophus ferrumequinum,0.024,0.024,-1,Echolocation,/mnt/ubna_data_01_mir/recover-20220825/UBNA_002/20220823_033000.WAV,Telephone Field,recover-20220825,002,1795
559.0455,559.0546,40078,52421,Pipistrellus nathusii,0.261,0.344,-1,Echolocation,/mnt/ubna_data_01_mir/recover-20220825/UBNA_002/20220823_033000.WAV,Telephone Field,recover-20220825,002,1795
559.0665,559.1076,68437,82423,Rhinolophus ferrumequinum,0.023,0.023,-1,Echolocation,/mnt/ubna_data_01_mir/recover-20220825/UBNA_002/20220823_033000.WAV,Telephone Field,recover-20220825,002,1795
559.0675,559.076,28046,38676,Eptesicus serotinus,0.009,0.025,-1,Echolocation,/mnt/ubna_data_01_mir/recover-20220825/UBNA_002/20220823_033000.WAV,Telephone Field,recover-20220825,002,1795
559.0795,559.0879,28046,37659,Eptesicus serotinus,0.01,0.028,-1,Echolocation,/mnt/ubna_data_01_mir/recover-20220825/UBNA_002/20220823_033000.WAV,Telephone Field,recover-20220825,002,1795
559.0935,559.1013,41796,51388,Pipistrellus nathusii,0.012,0.024,-1,Echolocation,/mnt/ubna_data_01_mir/recover-20220825/UBNA_002/20220823_033000.WAV,Telephone Field,recover-20220825,002,1795
559.0975,559.1056,26328,36661,Eptesicus serotinus,0.007,0.023,-1,Echolocation,/mnt/ubna_data_01_mir/recover-20220825/UBNA_002/20220823_033000.WAV,Telephone Field,recover-20220825,002,1795
559.1385,559.1523,40937,44680,Pipistrellus nathusii,0.067,0.075,-1,Echolocation,/mnt/ubna_data_01_mir/recover-20220825/UBNA_002/20220823_033000.WAV,Telephone Field,recover-20220825,002,1795
559.1395,559.1826,68437,82468,Rhinolophus ferrumequinum,0.025,0.025,-1,Echolocation,/mnt/ubna_data_01_mir/recover-20220825/UBNA_002/20220823_033000.WAV,Telephone Field,recover-20220825,002,1795
559.1665,559.1745,48671,53247,Pipistrellus pipistrellus,0.025,0.028,-1,Echolocation,/mnt/ubna_data_01_mir/recover-20220825/UBNA_002/20220823_033000.WAV,Telephone Field,recover-20220825,002,1795
559.1865,559.1954,27187,36892,Eptesicus serotinus,0.008,0.021,-1,Echolocation,/mnt/ubna_data_01_mir/recover-20220825/UBNA_002/20220823_033000.WAV,Telephone Field,recover-20220825,002,1795
559.1975,559.2321,68437,81210,Rhinolophus ferrumequinum,0.022,0.022,-1,Echolocation,/mnt/ubna_data_01_mir/recover-20220825/UBNA_002/20220823_033000.WAV,Telephone Field,recover-20220825,002,1795
559.1975,559.2048,27187,39153,Eptesicus serotinus,0.008,0.026,-1,Echolocation,/mnt/ubna_data_01_mir/recover-20220825/UBNA_002/20220823_033000.WAV,Telephone Field,recover-20220825,002,1795
559.2055,559.2138,27187,36530,Eptesicus serotinus,0.007,0.021,-1,Echolocation,/mnt/ubna_data_01_mir/recover-20220825/UBNA_002/20220823_033000.WAV,Telephone Field,recover-20220825,002,1795
559.2265,559.233,39218,50602,Pipistrellus nathusii,0.086,0.218,-1,Echolocation,/mnt/ubna_data_01_mir/recover-20220825/UBNA_002/20220823_033000.WAV,Telephone Field,recover-20220825,002,1795
559.2385,559.2473,27187,34810,Eptesicus serotinus,0.008,0.024,-1,Echolocation,/mnt/ubna_data_01_mir/recover-20220825/UBNA_002/20220823_033000.WAV,Telephone Field,recover-20220825,002,1795
559.2965,559.3041,27187,37207,Eptesicus serotinus,0.008,0.025,-1,Echolocation,/mnt/ubna_data_01_mir/recover-20220825/UBNA_002/20220823_033000.WAV,Telephone Field,recover-20220825,002,1795
559.3185,559.3563,68437,82018,Rhinolophus ferrumequinum,0.025,0.025,-1,Echolocation,/mnt/ubna_data_01_mir/recover-20220825/UBNA_002/20220823_033000.WAV,Telephone Field,recover-20220825,002,1795
559.3195,559.3281,41796,54755,Pipistrellus nathusii,0.01,0.025,-1,Echolocation,/mnt/ubna_data_01_mir/recover-20220825/UBNA_002/20220823_033000.WAV,Telephone Field,recover-20220825,002,1795
559.3305,559.3696,68437,82448,Rhinolophus ferrumequinum,0.022,0.022,-1,Echolocation,/mnt/ubna_data_01_mir/recover-20220825/UBNA_002/20220823_033000.WAV,Telephone Field,recover-20220825,002,1795
559.3365,559.3448,37500,47529,Pipistrellus nathusii,0.009,0.026,-1,Echolocation,/mnt/ubna_data_01_mir/recover-20220825/UBNA_002/20220823_033000.WAV,Telephone Field,recover-20220825,002,1795
559.3385,559.3465,26328,41901,Eptesicus serotinus,0.008,0.024,-1,Echolocation,/mnt/ubna_data_01_mir/recover-20220825/UBNA_002/20220823_033000.WAV,Telephone Field,recover-20220825,002,1795
559.3435,559.3496,29765,50417,Myotis daubentonii,0.011,0.024,-1,Echolocation,/mnt/ubna_data_01_mir/recover-20220825/UBNA_002/20220823_033000.WAV,Telephone Field,recover-20220825,002,1795
559.3445,559.3509,36640,49456,Myotis brandtii,0.011,0.026,-1,Echolocation,/mnt/ubna_data_01_mir/recover-20220825/UBNA_002/20220823_033000.WAV,Telephone Field,recover-20220825,002,1795
559.3825,559.4233,68437,81933,Rhinolophus ferrumequinum,0.03,0.03,-1,Echolocation,/mnt/ubna_data_01_mir/recover-20220825/UBNA_002/20220823_033000.WAV,Telephone Field,recover-20220825,002,1795
559.3835,559.3922,26328,36776,Eptesicus serotinus,0.009,0.027,-1,Echolocation,/mnt/ubna_data_01_mir/recover-20220825/UBNA_002/20220823_033000.WAV,Telephone Field,recover-20220825,002,1795
559.4085,559.4183,40937,52289,Pipistrellus nathusii,0.12,0.152,-1,Echolocation,/mnt/ubna_data_01_mir/recover-20220825/UBNA_002/20220823_033000.WAV,Telephone Field,recover-20220825,002,1795
559.4395,559.475,68437,82021,Rhinolophus ferrumequinum,0.024,0.024,-1,Echolocation,/mnt/ubna_data_01_mir/recover-20220825/UBNA_002/20220823_033000.WAV,Telephone Field,recover-20220825,002,1795
559.4455,559.4532,49531,56107,Pipistrellus pipistrellus,0.016,0.022,-1,Echolocation,/mnt/ubna_data_01_mir/recover-20220825/UBNA_002/20220823_033000.WAV,Telephone Field,recover-20220825,002,1795
559.4455,559.4537,28906,46806,Myotis daubentonii,0.01,0.024,-1,Echolocation,/mnt/ubna_data_01_mir/recover-20220825/UBNA_002/20220823_033000.WAV,Telephone Field,recover-20220825,002,1795
559.4785,559.4889000000001,23750,29606,Nyctalus leisleri,0.009,0.026,-1,Echolocation,/mnt/ubna_data_01_mir/recover-20220825/UBNA_002/20220823_033000.WAV,Telephone Field,recover-20220825,002,1795
559.4855,559.4937,27187,35475,Eptesicus serotinus,0.007,0.021,-1,Echolocation,/mnt/ubna_data_01_mir/recover-20220825/UBNA_002/20220823_033000.WAV,Telephone Field,recover-20220825,002,1795
559.5095,559.5508,68437,82455,Rhinolophus ferrumequinum,0.023,0.023,-1,Echolocation,/mnt/ubna_data_01_mir/recover-20220825/UBNA_002/20220823_033000.WAV,Telephone Field,recover-20220825,002,1795
559.5365,559.5478,41796,47852,Pipistrellus nathusii,0.109,0.135,-1,Echolocation,/mnt/ubna_data_01_mir/recover-20220825/UBNA_002/20220823_033000.WAV,Telephone Field,recover-20220825,002,1795
559.5685,559.5766,27187,35972,Eptesicus serotinus,0.01,0.025,-1,Echolocation,/mnt/ubna_data_01_mir/recover-20220825/UBNA_002/20220823_033000.WAV,Telephone Field,recover-20220825,002,1795
559.5915,559.5979,28906,46511,Myotis daubentonii,0.009,0.021,-1,Echolocation,/mnt/ubna_data_01_mir/recover-20220825/UBNA_002/20220823_033000.WAV,Telephone Field,recover-20220825,002,1795
559.5965,559.6032,40078,58059,Myotis brandtii,0.012,0.022,-1,Echolocation,/mnt/ubna_data_01_mir/recover-20220825/UBNA_002/20220823_033000.WAV,Telephone Field,recover-20220825,002,1795
559.6205,559.6631,68437,83265,Rhinolophus ferrumequinum,0.03,0.03,-1,Echolocation,/mnt/ubna_data_01_mir/recover-20220825/UBNA_002/20220823_033000.WAV,Telephone Field,recover-20220825,002,1795
559.6265,559.6362,42656,51463,Pipistrellus nathusii,0.015,0.027,-1,Echolocation,/mnt/ubna_data_01_mir/recover-20220825/UBNA_002/20220823_033000.WAV,Telephone Field,recover-20220825,002,1795
559.6355,559.643,38359,48730,Pipistrellus nathusii,0.008,0.021,-1,Echolocation,/mnt/ubna_data_01_mir/recover-20220825/UBNA_002/20220823_033000.WAV,Telephone Field,recover-20220825,002,1795
559.6445,559.6527,23750,31194,Plecotus austriacus,0.007,0.023,-1,Echolocation,/mnt/ubna_data_01_mir/recover-20220825/UBNA_002/20220823_033000.WAV,Telephone Field,recover-20220825,002,1795
559.6455,559.6804,68437,80743,Rhinolophus ferrumequinum,0.021,0.021,-1,Echolocation,/mnt/ubna_data_01_mir/recover-20220825/UBNA_002/20220823_033000.WAV,Telephone Field,recover-20220825,002,1795
559.6545,559.6621,27187,39356,Eptesicus serotinus,0.007,0.022,-1,Echolocation,/mnt/ubna_data_01_mir/recover-20220825/UBNA_002/20220823_033000.WAV,Telephone Field,recover-20220825,002,1795
559.6575,559.6981,68437,82195,Rhinolophus ferrumequinum,0.022,0.022,-1,Echolocation,/mnt/ubna_data_01_mir/recover-20220825/UBNA_002/20220823_033000.WAV,Telephone Field,recover-20220825,002,1795
559.6815,559.6907,26328,34119,Eptesicus serotinus,0.009,0.025,-1,Echolocation,/mnt/ubna_data_01_mir/recover-20220825/UBNA_002/20220823_033000.WAV,Telephone Field,recover-20220825,002,1795
559.6815,559.6919,35781,41965,Pipistrellus nathusii,0.017,0.036,-1,Echolocation,/mnt/ubna_data_01_mir/recover-20220825/UBNA_002/20220823_033000.WAV,Telephone Field,recover-20220825,002,1795
559.6825,559.7213,68437,81431,Rhinolophus ferrumequinum,0.025,0.025,-1,Echolocation,/mnt/ubna_data_01_mir/recover-20220825/UBNA_002/20220823_033000.WAV,Telephone Field,recover-20220825,002,1795
559.7015,559.7067,39218,53256,Myotis brandtii,0.116,0.299,-1,Echolocation,/mnt/ubna_data_01_mir/recover-20220825/UBNA_002/20220823_033000.WAV,Telephone Field,recover-20220825,002,1795
559.7475,559.7554,28046,37435,Eptesicus serotinus,0.009,0.028,-1,Echolocation,/mnt/ubna_data_01_mir/recover-20220825/UBNA_002/20220823_033000.WAV,Telephone Field,recover-20220825,002,1795
559.7755,559.7807,38359,52739,Pipistrellus nathusii,0.284,0.457,-1,Echolocation,/mnt/ubna_data_01_mir/recover-20220825/UBNA_002/20220823_033000.WAV,Telephone Field,recover-20220825,002,1795
559.7755,559.7802,26328,72274,Myotis brandtii,0.04,0.098,-1,Echolocation,/mnt/ubna_data_01_mir/recover-20220825/UBNA_002/20220823_033000.WAV,Telephone Field,recover-20220825,002,1795
559.8175,559.8271,28046,35099,Eptesicus serotinus,0.01,0.022,-1,Echolocation,/mnt/ubna_data_01_mir/recover-20220825/UBNA_002/20220823_033000.WAV,Telephone Field,recover-20220825,002,1795
559.8245,559.8349,25468,31805,Eptesicus serotinus,0.011,0.024,-1,Echolocation,/mnt/ubna_data_01_mir/recover-20220825/UBNA_002/20220823_033000.WAV,Telephone Field,recover-20220825,002,1795
559.8335,559.8394,40078,50194,Pipistrellus nathusii,0.143,0.241,-1,Echolocation,/mnt/ubna_data_01_mir/recover-20220825/UBNA_002/20220823_033000.WAV,Telephone Field,recover-20220825,002,1795
559.8605,559.9004,68437,82124,Rhinolophus ferrumequinum,0.023,0.023,-1,Echolocation,/mnt/ubna_data_01_mir/recover-20220825/UBNA_002/20220823_033000.WAV,Telephone Field,recover-20220825,002,1795
559.8605,559.8733,23750,29014,Nyctalus leisleri,0.009,0.023,-1,Echolocation,/mnt/ubna_data_01_mir/recover-20220825/UBNA_002/20220823_033000.WAV,Telephone Field,recover-20220825,002,1795
559.9065,559.9116,27187,72504,Myotis brandtii,0.035,0.073,-1,Echolocation,/mnt/ubna_data_01_mir/recover-20220825/UBNA_002/20220823_033000.WAV,Telephone Field,recover-20220825,002,1795
559.9065,559.9128,38359,52439,Pipistrellus nathusii,0.196,0.461,-1,Echolocation,/mnt/ubna_data_01_mir/recover-20220825/UBNA_002/20220823_033000.WAV,Telephone Field,recover-20220825,002,1795
559.9155,559.9212,29765,39920,Myotis daubentonii,0.011,0.022,-1,Echolocation,/mnt/ubna_data_01_mir/recover-20220825/UBNA_002/20220823_033000.WAV,Telephone Field,recover-20220825,002,1795
559.9355,559.946,54687,59471,Pipistrellus pygmaeus,0.023,0.024,-1,Echolocation,/mnt/ubna_data_01_mir/recover-20220825/UBNA_002/20220823_033000.WAV,Telephone Field,recover-20220825,002,1795
559.9535,559.9887,68437,81756,Rhinolophus ferrumequinum,0.022,0.022,-1,Echolocation,/mnt/ubna_data_01_mir/recover-20220825/UBNA_002/20220823_033000.WAV,Telephone Field,recover-20220825,002,1795
559.9845,559.9945,23750,30015,Nyctalus leisleri,0.009,0.026,-1,Echolocation,/mnt/ubna_data_01_mir/recover-20220825/UBNA_002/20220823_033000.WAV,Telephone Field,recover-20220825,002,1795
560.0015,560.0084,37500,48445,Myotis daubentonii,0.007,0.023,-1,Echolocation,/mnt/ubna_data_01_mir/recover-20220825/UBNA_002/20220823_033000.WAV,Telephone Field,recover-20220825,002,1795
560.0015,560.0098,23750,31577,Nyctalus leisleri,0.009,0.033,-1,Echolocation,/mnt/ubna_data_01_mir/recover-20220825/UBNA_002/20220823_033000.WAV,Telephone Field,recover-20220825,002,1795
560.0015,560.0087,46093,53629,Pipistrellus pipistrellus,0.028,0.035,-1,Echolocation,/mnt/ubna_data_01_mir/recover-20220825/UBNA_002/20220823_033000.WAV,Telephone Field,recover-20220825,002,1795
560.0015,560.03,67578,78531,Rhinolophus ferrumequinum,0.037,0.037,-1,Echolocation,/mnt/ubna_data_01_mir/recover-20220825/UBNA_002/20220823_033000.WAV,Telephone Field,recover-20220825,002,1795
560.0195,560.028,27187,36800,Eptesicus serotinus,0.008,0.023,-1,Echolocation,/mnt/ubna_data_01_mir/recover-20220825/UBNA_002/20220823_033000.WAV,Telephone Field,recover-20220825,002,1795
560.0205,560.0577,68437,81781,Rhinolophus ferrumequinum,0.021,0.021,-1,Echolocation,/mnt/ubna_data_01_mir/recover-20220825/UBNA_002/20220823_033000.WAV,Telephone Field,recover-20220825,002,1795
560.0495,560.0876,68437,82025,Rhinolophus ferrumequinum,0.021,0.021,-1,Echolocation,/mnt/ubna_data_01_mir/recover-20220825/UBNA_002/20220823_033000.WAV,Telephone Field,recover-20220825,002,1795
560.0745,560.0851,23750,27740,Nyctalus leisleri,0.014,0.026,-1,Echolocation,/mnt/ubna_data_01_mir/recover-20220825/UBNA_002/20220823_033000.WAV,Telephone Field,recover-20220825,002,1795
560.0875,560.0936,38359,50941,Pipistrellus nathusii,0.309,0.501,-1,Echolocation,/mnt/ubna_data_01_mir/recover-20220825/UBNA_002/20220823_033000.WAV,Telephone Field,recover-20220825,002,1795
560.0965,560.1027,30625,40217,Myotis daubentonii,0.016,0.026,-1,Echolocation,/mnt/ubna_data_01_mir/recover-20220825/UBNA_002/20220823_033000.WAV,Telephone Field,recover-20220825,002,1795
560.1105,560.119,27187,36246,Eptesicus serotinus,0.008,0.021,-1,Echolocation,/mnt/ubna_data_01_mir/recover-20220825/UBNA_002/20220823_033000.WAV,Telephone Field,recover-20220825,002,1795
560.1514999999999,560.158,47812,52954,Pipistrellus pipistrellus,0.028,0.03,-1,Echolocation,/mnt/ubna_data_01_mir/recover-20220825/UBNA_002/20220823_033000.WAV,Telephone Field,recover-20220825,002,1795
560.1525,560.1574,38359,61023,Myotis brandtii,0.01,0.024,-1,Echolocation,/mnt/ubna_data_01_mir/recover-20220825/UBNA_002/20220823_033000.WAV,Telephone Field,recover-20220825,002,1795
560.1775,560.1835,29765,46869,Myotis daubentonii,0.029,0.053,-1,Echolocation,/mnt/ubna_data_01_mir/recover-20220825/UBNA_002/20220823_033000.WAV,Telephone Field,recover-20220825,002,1795
560.1775,560.1833,35781,46409,Myotis daubentonii,0.04,0.084,-1,Echolocation,/mnt/ubna_data_01_mir/recover-20220825/UBNA_002/20220823_033000.WAV,Telephone Field,recover-20220825,002,1795
560.2005,560.2081000000001,28046,37216,Eptesicus serotinus,0.007,0.024,-1,Echolocation,/mnt/ubna_data_01_mir/recover-20220825/UBNA_002/20220823_033000.WAV,Telephone Field,recover-20220825,002,1795
560.2115,560.2517,68437,82704,Rhinolophus ferrumequinum,0.021,0.021,-1,Echolocation,/mnt/ubna_data_01_mir/recover-20220825/UBNA_002/20220823_033000.WAV,Telephone Field,recover-20220825,002,1795
560.2225,560.2632,68437,82514,Rhinolophus ferrumequinum,0.023,0.023,-1,Echolocation,/mnt/ubna_data_01_mir/recover-20220825/UBNA_002/20220823_033000.WAV,Telephone Field,recover-20220825,002,1795
560.2715,560.2785,29765,40111,Myotis daubentonii,0.011,0.025,-1,Echolocation,/mnt/ubna_data_01_mir/recover-20220825/UBNA_002/20220823_033000.WAV,Telephone Field,recover-20220825,002,1795
560.2764999999999,560.3164,68437,82998,Rhinolophus ferrumequinum,0.026,0.026,-1,Echolocation,/mnt/ubna_data_01_mir/recover-20220825/UBNA_002/20220823_033000.WAV,Telephone Field,recover-20220825,002,1795
560.2935,560.3004,39218,49096,Pipistrellus nathusii,0.214,0.461,-1,Echolocation,/mnt/ubna_data_01_mir/recover-20220825/UBNA_002/20220823_033000.WAV,Telephone Field,recover-20220825,002,1795
560.3345,560.3736,68437,82775,Rhinolophus ferrumequinum,0.034,0.034,-1,Echolocation,/mnt/ubna_data_01_mir/recover-20220825/UBNA_002/20220823_033000.WAV,Telephone Field,recover-20220825,002,1795
560.3565,560.397,68437,82405,Rhinolophus ferrumequinum,0.023,0.023,-1,Echolocation,/mnt/ubna_data_01_mir/recover-20220825/UBNA_002/20220823_033000.WAV,Telephone Field,recover-20220825,002,1795
560.3665,560.373,38359,47652,Pipistrellus nathusii,0.177,0.439,-1,Echolocation,/mnt/ubna_data_01_mir/recover-20220825/UBNA_002/20220823_033000.WAV,Telephone Field,recover-20220825,002,1795
560.4195,560.4612,68437,82462,Rhinolophus ferrumequinum,0.022,0.022,-1,Echolocation,/mnt/ubna_data_01_mir/recover-20220825/UBNA_002/20220823_033000.WAV,Telephone Field,recover-20220825,002,1795
560.4195,560.4257,36640,46383,Myotis daubentonii,0.011,0.022,-1,Echolocation,/mnt/ubna_data_01_mir/recover-20220825/UBNA_002/20220823_033000.WAV,Telephone Field,recover-20220825,002,1795
560.4265,560.4645,68437,82423,Rhinolophus ferrumequinum,0.021,0.021,-1,Echolocation,/mnt/ubna_data_01_mir/recover-20220825/UBNA_002/20220823_033000.WAV,Telephone Field,recover-20220825,002,1795
560.4555,560.4605,36640,50327,Barbastellus barbastellus,0.125,0.448,-1,Echolocation,/mnt/ubna_data_01_mir/recover-20220825/UBNA_002/20220823_033000.WAV,Telephone Field,recover-20220825,002,1795
560.4655,560.4774,25468,31025,Nyctalus leisleri,0.014,0.033,-1,Echolocation,/mnt/ubna_data_01_mir/recover-20220825/UBNA_002/20220823_033000.WAV,Telephone Field,recover-20220825,002,1795
560.4905,560.498,26328,37380,Eptesicus serotinus,0.007,0.021,-1,Echolocation,/mnt/ubna_data_01_mir/recover-20220825/UBNA_002/20220823_033000.WAV,Telephone Field,recover-20220825,002,1795
560.5015,560.5385,68437,81818,Rhinolophus ferrumequinum,0.021,0.021,-1,Echolocation,/mnt/ubna_data_01_mir/recover-20220825/UBNA_002/20220823_033000.WAV,Telephone Field,recover-20220825,002,1795
560.5345,560.5744,68437,82539,Rhinolophus ferrumequinum,0.025,0.025,-1,Echolocation,/mnt/ubna_data_01_mir/recover-20220825/UBNA_002/20220823_033000.WAV,Telephone Field,recover-20220825,002,1795
560.5515,560.5576,34921,45506,Myotis daubentonii,0.017,0.029,-1,Echolocation,/mnt/ubna_data_01_mir/recover-20220825/UBNA_002/20220823_033000.WAV,Telephone Field,recover-20220825,002,1795
560.6325,560.6385,38359,48030,Pipistrellus nathusii,0.321,0.493,-1,Echolocation,/mnt/ubna_data_01_mir/recover-20220825/UBNA_002/20220823_033000.WAV,Telephone Field,recover-20220825,002,1795
560.7145,560.7528,68437,83103,Rhinolophus ferrumequinum,0.026,0.026,-1,Echolocation,/mnt/ubna_data_01_mir/recover-20220825/UBNA_002/20220823_033000.WAV,Telephone Field,recover-20220825,002,1795
560.7325,560.7398,32343,47323,Myotis daubentonii,0.011,0.022,-1,Echolocation,/mnt/ubna_data_01_mir/recover-20220825/UBNA_002/20220823_033000.WAV,Telephone Field,recover-20220825,002,1795
560.7345,560.7419,26328,39518,Eptesicus serotinus,0.007,0.022,-1,Echolocation,/mnt/ubna_data_01_mir/recover-20220825/UBNA_002/20220823_033000.WAV,Telephone Field,recover-20220825,002,1795
560.7395,560.7493,39218,43735,Pipistrellus nathusii,0.01,0.021,-1,Echolocation,/mnt/ubna_data_01_mir/recover-20220825/UBNA_002/20220823_033000.WAV,Telephone Field,recover-20220825,002,1795
560.7445,560.7562,22890,27855,Nyctalus leisleri,0.01,0.021,-1,Echolocation,/mnt/ubna_data_01_mir/recover-20220825/UBNA_002/20220823_033000.WAV,Telephone Field,recover-20220825,002,1795
560.7545,560.7693,22890,27773,Nyctalus leisleri,0.012,0.026,-1,Echolocation,/mnt/ubna_data_01_mir/recover-20220825/UBNA_002/20220823_033000.WAV,Telephone Field,recover-20220825,002,1795
560.7545,560.7916,68437,82096,Rhinolophus ferrumequinum,0.021,0.021,-1,Echolocation,/mnt/ubna_data_01_mir/recover-20220825/UBNA_002/20220823_033000.WAV,Telephone Field,recover-20220825,002,1795
560.7855,560.8232,68437,82472,Rhinolophus ferrumequinum,0.024,0.024,-1,Echolocation,/mnt/ubna_data_01_mir/recover-20220825/UBNA_002/20220823_033000.WAV,Telephone Field,recover-20220825,002,1795
560.7985,560.808,38359,44083,Pipistrellus nathusii,0.009,0.021,-1,Echolocation,/mnt/ubna_data_01_mir/recover-20220825/UBNA_002/20220823_033000.WAV,Telephone Field,recover-20220825,002,1795
560.8015,560.8081,27187,38041,Eptesicus serotinus,0.007,0.028,-1,Echolocation,/mnt/ubna_data_01_mir/recover-20220825/UBNA_002/20220823_033000.WAV,Telephone Field,recover-20220825,002,1795
560.8195,560.8266,38359,47420,Pipistrellus nathusii,0.243,0.458,-1,Echolocation,/mnt/ubna_data_01_mir/recover-20220825/UBNA_002/20220823_033000.WAV,Telephone Field,recover-20220825,002,1795
560.8675,560.9053,68437,82020,Rhinolophus ferrumequinum,0.021,0.022,-1,Echolocation,/mnt/ubna_data_01_mir/recover-20220825/UBNA_002/20220823_033000.WAV,Telephone Field,recover-20220825,002,1795
560.8865,560.9233,68437,82151,Rhinolophus ferrumequinum,0.022,0.022,-1,Echolocation,/mnt/ubna_data_01_mir/recover-20220825/UBNA_002/20220823_033000.WAV,Telephone Field,recover-20220825,002,1795
560.9145,560.9254,23750,29323,Nyctalus leisleri,0.012,0.032,-1,Echolocation,/mnt/ubna_data_01_mir/recover-20220825/UBNA_002/20220823_033000.WAV,Telephone Field,recover-20220825,002,1795
560.9215,560.9623,68437,81996,Rhinolophus ferrumequinum,0.021,0.021,-1,Echolocation,/mnt/ubna_data_01_mir/recover-20220825/UBNA_002/20220823_033000.WAV,Telephone Field,recover-20220825,002,1795
560.9445,560.9524,27187,39938,Eptesicus serotinus,0.007,0.021,-1,Echolocation,/mnt/ubna_data_01_mir/recover-20220825/UBNA_002/20220823_033000.WAV,Telephone Field,recover-20220825,002,1795
560.9495,560.9883,68437,81467,Rhinolophus ferrumequinum,0.021,0.021,-1,Echolocation,/mnt/ubna_data_01_mir/recover-20220825/UBNA_002/20220823_033000.WAV,Telephone Field,recover-20220825,002,1795
560.9705,560.98,24609,32699,Eptesicus serotinus,0.008,0.023,-1,Echolocation,/mnt/ubna_data_01_mir/recover-20220825/UBNA_002/20220823_033000.WAV,Telephone Field,recover-20220825,002,1795
560.9915,560.9994,27187,37182,Eptesicus serotinus,0.008,0.023,-1,Echolocation,/mnt/ubna_data_01_mir/recover-20220825/UBNA_002/20220823_033000.WAV,Telephone Field,recover-20220825,002,1795
561.0095,561.0453,68437,82281,Rhinolophus ferrumequinum,0.029,0.029,-1,Echolocation,/mnt/ubna_data_01_mir/recover-20220825/UBNA_002/20220823_033000.WAV,Telephone Field,recover-20220825,002,1795
561.0155,561.0261,26328,34285,Eptesicus serotinus,0.009,0.021,-1,Echolocation,/mnt/ubna_data_01_mir/recover-20220825/UBNA_002/20220823_033000.WAV,Telephone Field,recover-20220825,002,1795
561.0205,561.0576,68437,81830,Rhinolophus ferrumequinum,0.024,0.024,-1,Echolocation,/mnt/ubna_data_01_mir/recover-20220825/UBNA_002/20220823_033000.WAV,Telephone Field,recover-20220825,002,1795
561.0255,561.0348,28046,37216,Eptesicus serotinus,0.01,0.024,-1,Echolocation,/mnt/ubna_data_01_mir/recover-20220825/UBNA_002/20220823_033000.WAV,Telephone Field,recover-20220825,002,1795
561.0365,561.0463,27187,36641,Eptesicus serotinus,0.011,0.026,-1,Echolocation,/mnt/ubna_data_01_mir/recover-20220825/UBNA_002/20220823_033000.WAV,Telephone Field,recover-20220825,002,1795
561.0395,561.0793,68437,82339,Rhinolophus ferrumequinum,0.022,0.022,-1,Echolocation,/mnt/ubna_data_01_mir/recover-20220825/UBNA_002/20220823_033000.WAV,Telephone Field,recover-20220825,002,1795
561.0465,561.0606,22890,27070,Nyctalus leisleri,0.014,0.025,-1,Echolocation,/mnt/ubna_data_01_mir/recover-20220825/UBNA_002/20220823_033000.WAV,Telephone Field,recover-20220825,002,1795
561.0655,561.0744,27187,37377,Eptesicus serotinus,0.009,0.024,-1,Echolocation,/mnt/ubna_data_01_mir/recover-20220825/UBNA_002/20220823_033000.WAV,Telephone Field,recover-20220825,002,1795
561.0745,561.0833,27187,35672,Eptesicus serotinus,0.008,0.021,-1,Echolocation,/mnt/ubna_data_01_mir/recover-20220825/UBNA_002/20220823_033000.WAV,Telephone Field,recover-20220825,002,1795
561.0945,561.1032,27187,38983,Eptesicus serotinus,0.009,0.023,-1,Echolocation,/mnt/ubna_data_01_mir/recover-20220825/UBNA_002/20220823_033000.WAV,Telephone Field,recover-20220825,002,1795
561.1155,561.1488,68437,80436,Rhinolophus ferrumequinum,0.021,0.021,-1,Echolocation,/mnt/ubna_data_01_mir/recover-20220825/UBNA_002/20220823_033000.WAV,Telephone Field,recover-20220825,002,1795
561.1175,561.1279,28046,37028,Eptesicus serotinus,0.016,0.029,-1,Echolocation,/mnt/ubna_data_01_mir/recover-20220825/UBNA_002/20220823_033000.WAV,Telephone Field,recover-20220825,002,1795
561.1525,561.1607,27187,36774,Eptesicus serotinus,0.009,0.025,-1,Echolocation,/mnt/ubna_data_01_mir/recover-20220825/UBNA_002/20220823_033000.WAV,Telephone Field,recover-20220825,002,1795
561.1945,561.2024,27187,38068,Eptesicus serotinus,0.008,0.021,-1,Echolocation,/mnt/ubna_data_01_mir/recover-20220825/UBNA_002/20220823_033000.WAV,Telephone Field,recover-20220825,002,1795
561.2015,561.213,40937,46027,Pipistrellus nathusii,0.038,0.057,-1,Echolocation,/mnt/ubna_data_01_mir/recover-20220825/UBNA_002/20220823_033000.WAV,Telephone Field,recover-20220825,002,1795
561.2225,561.2596,68437,82478,Rhinolophus ferrumequinum,0.022,0.022,-1,Echolocation,/mnt/ubna_data_01_mir/recover-20220825/UBNA_002/20220823_033000.WAV,Telephone Field,recover-20220825,002,1795
561.2305,561.2382,27187,40874,Eptesicus serotinus,0.008,0.024,-1,Echolocation,/mnt/ubna_data_01_mir/recover-20220825/UBNA_002/20220823_033000.WAV,Telephone Field,recover-20220825,002,1795
561.2595,561.3009,68437,82271,Rhinolophus ferrumequinum,0.025,0.025,-1,Echolocation,/mnt/ubna_data_01_mir/recover-20220825/UBNA_002/20220823_033000.WAV,Telephone Field,recover-20220825,002,1795
561.2675,561.3079,68437,82691,Rhinolophus ferrumequinum,0.025,0.025,-1,Echolocation,/mnt/ubna_data_01_mir/recover-20220825/UBNA_002/20220823_033000.WAV,Telephone Field,recover-20220825,002,1795
561.2795,561.2957,21171,24848,Nyctalus leisleri,0.012,0.021,-1,Echolocation,/mnt/ubna_data_01_mir/recover-20220825/UBNA_002/20220823_033000.WAV,Telephone Field,recover-20220825,002,1795
561.2855,561.2942,28046,39692,Eptesicus serotinus,0.008,0.024,-1,Echolocation,/mnt/ubna_data_01_mir/recover-20220825/UBNA_002/20220823_033000.WAV,Telephone Field,recover-20220825,002,1795
561.2945,561.305,28046,34832,Eptesicus serotinus,0.01,0.024,-1,Echolocation,/mnt/ubna_data_01_mir/recover-20220825/UBNA_002/20220823_033000.WAV,Telephone Field,recover-20220825,002,1795
561.3315,561.3699,68437,82262,Rhinolophus ferrumequinum,0.027,0.027,-1,Echolocation,/mnt/ubna_data_01_mir/recover-20220825/UBNA_002/20220823_033000.WAV,Telephone Field,recover-20220825,002,1795
561.3485000000001,561.3845,68437,81563,Rhinolophus ferrumequinum,0.025,0.025,-1,Echolocation,/mnt/ubna_data_01_mir/recover-20220825/UBNA_002/20220823_033000.WAV,Telephone Field,recover-20220825,002,1795
561.3755,561.3832,27187,42555,Eptesicus serotinus,0.01,0.029,-1,Echolocation,/mnt/ubna_data_01_mir/recover-20220825/UBNA_002/20220823_033000.WAV,Telephone Field,recover-20220825,002,1795
561.3865,561.4198,68437,81379,Rhinolophus ferrumequinum,0.021,0.021,-1,Echolocation,/mnt/ubna_data_01_mir/recover-20220825/UBNA_002/20220823_033000.WAV,Telephone Field,recover-20220825,002,1795
561.4035,561.4106,27187,38301,Eptesicus serotinus,0.006,0.021,-1,Echolocation,/mnt/ubna_data_01_mir/recover-20220825/UBNA_002/20220823_033000.WAV,Telephone Field,recover-20220825,002,1795
561.4505,561.4863,68437,81269,Rhinolophus ferrumequinum,0.021,0.021,-1,Echolocation,/mnt/ubna_data_01_mir/recover-20220825/UBNA_002/20220823_033000.WAV,Telephone Field,recover-20220825,002,1795
561.4615,561.4696,27187,39466,Eptesicus serotinus,0.007,0.021,-1,Echolocation,/mnt/ubna_data_01_mir/recover-20220825/UBNA_002/20220823_033000.WAV,Telephone Field,recover-20220825,002,1795
561.4935,561.5327,68437,82520,Rhinolophus ferrumequinum,0.022,0.022,-1,Echolocation,/mnt/ubna_data_01_mir/recover-20220825/UBNA_002/20220823_033000.WAV,Telephone Field,recover-20220825,002,1795
561.4955,561.5026,43515,47491,Pipistrellus pipistrellus,0.025,0.029,-1,Echolocation,/mnt/ubna_data_01_mir/recover-20220825/UBNA_002/20220823_033000.WAV,Telephone Field,recover-20220825,002,1795
561.5495,561.5576,28046,38683,Eptesicus serotinus,0.009,0.025,-1,Echolocation,/mnt/ubna_data_01_mir/recover-20220825/UBNA_002/20220823_033000.WAV,Telephone Field,recover-20220825,002,1795
561.5895,561.5973,28046,38936,Eptesicus serotinus,0.008,0.022,-1,Echolocation,/mnt/ubna_data_01_mir/recover-20220825/UBNA_002/20220823_033000.WAV,Telephone Field,recover-20220825,002,1795
561.6105,561.65,68437,82548,Rhinolophus ferrumequinum,0.025,0.025,-1,Echolocation,/mnt/ubna_data_01_mir/recover-20220825/UBNA_002/20220823_033000.WAV,Telephone Field,recover-20220825,002,1795
561.6415,561.6768,68437,81112,Rhinolophus ferrumequinum,0.023,0.023,-1,Echolocation,/mnt/ubna_data_01_mir/recover-20220825/UBNA_002/20220823_033000.WAV,Telephone Field,recover-20220825,002,1795
561.6675,561.7069,68437,82472,Rhinolophus ferrumequinum,0.022,0.022,-1,Echolocation,/mnt/ubna_data_01_mir/recover-20220825/UBNA_002/20220823_033000.WAV,Telephone Field,recover-20220825,002,1795
561.6875,561.6987,28046,36378,Eptesicus serotinus,0.016,0.031,-1,Echolocation,/mnt/ubna_data_01_mir/recover-20220825/UBNA_002/20220823_033000.WAV,Telephone Field,recover-20220825,002,1795
561.7015,561.7109,27187,35561,Eptesicus serotinus,0.014,0.028,-1,Echolocation,/mnt/ubna_data_01_mir/recover-20220825/UBNA_002/20220823_033000.WAV,Telephone Field,recover-20220825,002,1795
561.7355,561.7734,68437,82169,Rhinolophus ferrumequinum,0.023,0.023,-1,Echolocation,/mnt/ubna_data_01_mir/recover-20220825/UBNA_002/20220823_033000.WAV,Telephone Field,recover-20220825,002,1795
561.7425,561.753,23750,29950,Nyctalus leisleri,0.009,0.021,-1,Echolocation,/mnt/ubna_data_01_mir/recover-20220825/UBNA_002/20220823_033000.WAV,Telephone Field,recover-20220825,002,1795
561.7585,561.7686,27187,35282,Eptesicus serotinus,0.009,0.023,-1,Echolocation,/mnt/ubna_data_01_mir/recover-20220825/UBNA_002/20220823_033000.WAV,Telephone Field,recover-20220825,002,1795
561.7715,561.7797,27187,37360,Eptesicus serotinus,0.007,0.022,-1,Echolocation,/mnt/ubna_data_01_mir/recover-20220825/UBNA_002/20220823_033000.WAV,Telephone Field,recover-20220825,002,1795
561.7845,561.7976,22031,25797,Nyctalus leisleri,0.012,0.021,-1,Echolocation,/mnt/ubna_data_01_mir/recover-20220825/UBNA_002/20220823_033000.WAV,Telephone Field,recover-20220825,002,1795
561.8165,561.8557,68437,82165,Rhinolophus ferrumequinum,0.021,0.021,-1,Echolocation,/mnt/ubna_data_01_mir/recover-20220825/UBNA_002/20220823_033000.WAV,Telephone Field,recover-20220825,002,1795
561.8205,561.8347,22031,26838,Nyctalus leisleri,0.021,0.057,-1,Echolocation,/mnt/ubna_data_01_mir/recover-20220825/UBNA_002/20220823_033000.WAV,Telephone Field,recover-20220825,002,1795
561.8585,561.8677,46953,54510,Pipistrellus pipistrellus,0.026,0.029,-1,Echolocation,/mnt/ubna_data_01_mir/recover-20220825/UBNA_002/20220823_033000.WAV,Telephone Field,recover-20220825,002,1795
561.8585,561.865,31484,45090,Myotis daubentonii,0.012,0.028,-1,Echolocation,/mnt/ubna_data_01_mir/recover-20220825/UBNA_002/20220823_033000.WAV,Telephone Field,recover-20220825,002,1795
561.8585,561.8961,68437,81689,Rhinolophus ferrumequinum,0.022,0.022,-1,Echolocation,/mnt/ubna_data_01_mir/recover-20220825/UBNA_002/20220823_033000.WAV,Telephone Field,recover-20220825,002,1795
561.8585,561.87,23750,30485,Nyctalus leisleri,0.016,0.039,-1,Echolocation,/mnt/ubna_data_01_mir/recover-20220825/UBNA_002/20220823_033000.WAV,Telephone Field,recover-20220825,002,1795
561.8705,561.9079,68437,81679,Rhinolophus ferrumequinum,0.022,0.023,-1,Echolocation,/mnt/ubna_data_01_mir/recover-20220825/UBNA_002/20220823_033000.WAV,Telephone Field,recover-20220825,002,1795
561.8755,561.9157,68437,82294,Rhinolophus ferrumequinum,0.023,0.023,-1,Echolocation,/mnt/ubna_data_01_mir/recover-20220825/UBNA_002/20220823_033000.WAV,Telephone Field,recover-20220825,002,1795
561.8925,561.9326,68437,82839,Rhinolophus ferrumequinum,0.021,0.021,-1,Echolocation,/mnt/ubna_data_01_mir/recover-20220825/UBNA_002/20220823_033000.WAV,Telephone Field,recover-20220825,002,1795
561.9135,561.933,16015,20242,Nyctalus noctula,0.016,0.023,-1,Echolocation,/mnt/ubna_data_01_mir/recover-20220825/UBNA_002/20220823_033000.WAV,Telephone Field,recover-20220825,002,1795
561.9805,561.9882,28046,39298,Eptesicus serotinus,0.007,0.022,-1,Echolocation,/mnt/ubna_data_01_mir/recover-20220825/UBNA_002/20220823_033000.WAV,Telephone Field,recover-20220825,002,1795
562.0015,562.0098,25468,36338,Eptesicus serotinus,0.006,0.026,-1,Echolocation,/mnt/ubna_data_01_mir/recover-20220825/UBNA_002/20220823_033000.WAV,Telephone Field,recover-20220825,002,1795
562.0015,562.0341,68437,80105,Rhinolophus ferrumequinum,0.024,0.024,-1,Echolocation,/mnt/ubna_data_01_mir/recover-20220825/UBNA_002/20220823_033000.WAV,Telephone Field,recover-20220825,002,1795
562.0015,562.0110999999999,45234,51732,Pipistrellus pipistrellus,0.018,0.023,-1,Echolocation,/mnt/ubna_data_01_mir/recover-20220825/UBNA_002/20220823_033000.WAV,Telephone Field,recover-20220825,002,1795
562.0205,562.0291,28906,38103,Eptesicus serotinus,0.008,0.023,-1,Echolocation,/mnt/ubna_data_01_mir/recover-20220825/UBNA_002/20220823_033000.WAV,Telephone Field,recover-20220825,002,1795
562.0635,562.1014,68437,82051,Rhinolophus ferrumequinum,0.022,0.022,-1,Echolocation,/mnt/ubna_data_01_mir/recover-20220825/UBNA_002/20220823_033000.WAV,Telephone Field,recover-20220825,002,1795
562.0915,562.1305,68437,82000,Rhinolophus ferrumequinum,0.025,0.025,-1,Echolocation,/mnt/ubna_data_01_mir/recover-20220825/UBNA_002/20220823_033000.WAV,Telephone Field,recover-20220825,002,1795
562.1145,562.1523,68437,81969,Rhinolophus ferrumequinum,0.022,0.022,-1,Echolocation,/mnt/ubna_data_01_mir/recover-20220825/UBNA_002/20220823_033000.WAV,Telephone Field,recover-20220825,002,1795
562.1415,562.1519,45234,48797,Pipistrellus pipistrellus,0.025,0.028,-1,Echolocation,/mnt/ubna_data_01_mir/recover-20220825/UBNA_002/20220823_033000.WAV,Telephone Field,recover-20220825,002,1795
562.1525,562.1941,68437,82731,Rhinolophus ferrumequinum,0.025,0.025,-1,Echolocation,/mnt/ubna_data_01_mir/recover-20220825/UBNA_002/20220823_033000.WAV,Telephone Field,recover-20220825,002,1795
562.1865,562.1968,26328,34939,Eptesicus serotinus,0.017,0.031,-1,Echolocation,/mnt/ubna_data_01_mir/recover-20220825/UBNA_002/20220823_033000.WAV,Telephone Field,recover-20220825,002,1795
562.1935,562.2042,25468,32681,Eptesicus serotinus,0.022,0.045,-1,Echolocation,/mnt/ubna_data_01_mir/recover-20220825/UBNA_002/20220823_033000.WAV,Telephone Field,recover-20220825,002,1795
562.2015,562.2403,68437,82222,Rhinolophus ferrumequinum,0.024,0.024,-1,Echolocation,/mnt/ubna_data_01_mir/recover-20220825/UBNA_002/20220823_033000.WAV,Telephone Field,recover-20220825,002,1795
562.2045,562.2119,47812,52757,Pipistrellus pipistrellus,0.03,0.032,-1,Echolocation,/mnt/ubna_data_01_mir/recover-20220825/UBNA_002/20220823_033000.WAV,Telephone Field,recover-20220825,002,1795
562.2505,562.2838,68437,80620,Rhinolophus ferrumequinum,0.022,0.023,-1,Echolocation,/mnt/ubna_data_01_mir/recover-20220825/UBNA_002/20220823_033000.WAV,Telephone Field,recover-20220825,002,1795
562.2775,562.2855,28906,38762,Eptesicus serotinus,0.018,0.039,-1,Echolocation,/mnt/ubna_data_01_mir/recover-20220825/UBNA_002/20220823_033000.WAV,Telephone Field,recover-20220825,002,1795
562.2865,562.2977,22890,27092,Nyctalus leisleri,0.012,0.022,-1,Echolocation,/mnt/ubna_data_01_mir/recover-20220825/UBNA_002/20220823_033000.WAV,Telephone Field,recover-20220825,002,1795
562.2925,562.3038,23750,28112,Nyctalus leisleri,0.012,0.023,-1,Echolocation,/mnt/ubna_data_01_mir/recover-20220825/UBNA_002/20220823_033000.WAV,Telephone Field,recover-20220825,002,1795
562.3095,562.3508,68437,82664,Rhinolophus ferrumequinum,0.027,0.027,-1,Echolocation,/mnt/ubna_data_01_mir/recover-20220825/UBNA_002/20220823_033000.WAV,Telephone Field,recover-20220825,002,1795
562.3475,562.386,68437,82442,Rhinolophus ferrumequinum,0.023,0.023,-1,Echolocation,/mnt/ubna_data_01_mir/recover-20220825/UBNA_002/20220823_033000.WAV,Telephone Field,recover-20220825,002,1795
562.3655,562.4074,68437,83480,Rhinolophus ferrumequinum,0.026,0.026,-1,Echolocation,/mnt/ubna_data_01_mir/recover-20220825/UBNA_002/20220823_033000.WAV,Telephone Field,recover-20220825,002,1795
562.3915,562.4019,22890,27497,Nyctalus leisleri,0.013,0.024,-1,Echolocation,/mnt/ubna_data_01_mir/recover-20220825/UBNA_002/20220823_033000.WAV,Telephone Field,recover-20220825,002,1795
562.4145,562.4524,68437,82025,Rhinolophus ferrumequinum,0.022,0.022,-1,Echolocation,/mnt/ubna_data_01_mir/recover-20220825/UBNA_002/20220823_033000.WAV,Telephone Field,recover-20220825,002,1795
562.4215,562.4594,68437,82799,Rhinolophus ferrumequinum,0.024,0.024,-1,Echolocation,/mnt/ubna_data_01_mir/recover-20220825/UBNA_002/20220823_033000.WAV,Telephone Field,recover-20220825,002,1795
562.4345,562.4456,28906,38688,Eptesicus serotinus,0.025,0.045,-1,Echolocation,/mnt/ubna_data_01_mir/recover-20220825/UBNA_002/20220823_033000.WAV,Telephone Field,recover-20220825,002,1795
562.4565,562.4961,68437,81806,Rhinolophus ferrumequinum,0.024,0.024,-1,Echolocation,/mnt/ubna_data_01_mir/recover-20220825/UBNA_002/20220823_033000.WAV,Telephone Field,recover-20220825,002,1795
562.5045,562.5482,68437,83366,Rhinolophus ferrumequinum,0.033,0.033,-1,Echolocation,/mnt/ubna_data_01_mir/recover-20220825/UBNA_002/20220823_033000.WAV,Telephone Field,recover-20220825,002,1795
562.5495,562.59,68437,82747,Rhinolophus ferrumequinum,0.024,0.024,-1,Echolocation,/mnt/ubna_data_01_mir/recover-20220825/UBNA_002/20220823_033000.WAV,Telephone Field,recover-20220825,002,1795
562.5955,562.6329,68437,81806,Rhinolophus ferrumequinum,0.023,0.023,-1,Echolocation,/mnt/ubna_data_01_mir/recover-20220825/UBNA_002/20220823_033000.WAV,Telephone Field,recover-20220825,002,1795
562.6295,562.6694,68437,82125,Rhinolophus ferrumequinum,0.025,0.025,-1,Echolocation,/mnt/ubna_data_01_mir/recover-20220825/UBNA_002/20220823_033000.WAV,Telephone Field,recover-20220825,002,1795
562.6305,562.6386,28046,38930,Eptesicus serotinus,0.008,0.022,-1,Echolocation,/mnt/ubna_data_01_mir/recover-20220825/UBNA_002/20220823_033000.WAV,Telephone Field,recover-20220825,002,1795
562.6585,562.697,68437,82050,Rhinolophus ferrumequinum,0.022,0.022,-1,Echolocation,/mnt/ubna_data_01_mir/recover-20220825/UBNA_002/20220823_033000.WAV,Telephone Field,recover-20220825,002,1795
562.6935,562.7323,68437,81797,Rhinolophus ferrumequinum,0.026,0.026,-1,Echolocation,/mnt/ubna_data_01_mir/recover-20220825/UBNA_002/20220823_033000.WAV,Telephone Field,recover-20220825,002,1795
562.6945,562.7035,28046,38692,Eptesicus serotinus,0.009,0.022,-1,Echolocation,/mnt/ubna_data_01_mir/recover-20220825/UBNA_002/20220823_033000.WAV,Telephone Field,recover-20220825,002,1795
562.7395,562.7774,68437,82165,Rhinolophus ferrumequinum,0.022,0.022,-1,Echolocation,/mnt/ubna_data_01_mir/recover-20220825/UBNA_002/20220823_033000.WAV,Telephone Field,recover-20220825,002,1795
562.7495,562.7905,68437,82739,Rhinolophus ferrumequinum,0.03,0.03,-1,Echolocation,/mnt/ubna_data_01_mir/recover-20220825/UBNA_002/20220823_033000.WAV,Telephone Field,recover-20220825,002,1795
562.7705,562.8133,68437,82685,Rhinolophus ferrumequinum,0.025,0.025,-1,Echolocation,/mnt/ubna_data_01_mir/recover-20220825/UBNA_002/20220823_033000.WAV,Telephone Field,recover-20220825,002,1795
562.7925,562.8013,35781,42609,Barbastellus barbastellus,0.009,0.027,-1,Echolocation,/mnt/ubna_data_01_mir/recover-20220825/UBNA_002/20220823_033000.WAV,Telephone Field,recover-20220825,002,1795
562.8545,562.8907,68437,81539,Rhinolophus ferrumequinum,0.023,0.023,-1,Echolocation,/mnt/ubna_data_01_mir/recover-20220825/UBNA_002/20220823_033000.WAV,Telephone Field,recover-20220825,002,1795
562.8635,562.8714,26328,35565,Eptesicus serotinus,0.012,0.029,-1,Echolocation,/mnt/ubna_data_01_mir/recover-20220825/UBNA_002/20220823_033000.WAV,Telephone Field,recover-20220825,002,1795
562.8885,562.8984,23750,30733,Nyctalus leisleri,0.008,0.023,-1,Echolocation,/mnt/ubna_data_01_mir/recover-20220825/UBNA_002/20220823_033000.WAV,Telephone Field,recover-20220825,002,1795
562.9065,562.9144,28046,39553,Eptesicus serotinus,0.008,0.022,-1,Echolocation,/mnt/ubna_data_01_mir/recover-20220825/UBNA_002/20220823_033000.WAV,Telephone Field,recover-20220825,002,1795
562.9245,562.9635,68437,81846,Rhinolophus ferrumequinum,0.023,0.023,-1,Echolocation,/mnt/ubna_data_01_mir/recover-20220825/UBNA_002/20220823_033000.WAV,Telephone Field,recover-20220825,002,1795
562.9985,563.0083,24609,32272,Eptesicus serotinus,0.009,0.024,-1,Echolocation,/mnt/ubna_data_01_mir/recover-20220825/UBNA_002/20220823_033000.WAV,Telephone Field,recover-20220825,002,1795
563.0065,563.0452,68437,82578,Rhinolophus ferrumequinum,0.022,0.022,-1,Echolocation,/mnt/ubna_data_01_mir/recover-20220825/UBNA_002/20220823_033000.WAV,Telephone Field,recover-20220825,002,1795
563.0155,563.0251,28046,36982,Eptesicus serotinus,0.015,0.026,-1,Echolocation,/mnt/ubna_data_01_mir/recover-20220825/UBNA_002/20220823_033000.WAV,Telephone Field,recover-20220825,002,1795
563.0475,563.0862,68437,81902,Rhinolophus ferrumequinum,0.024,0.024,-1,Echolocation,/mnt/ubna_data_01_mir/recover-20220825/UBNA_002/20220823_033000.WAV,Telephone Field,recover-20220825,002,1795
563.0565,563.0652,28906,38771,Eptesicus serotinus,0.008,0.023,-1,Echolocation,/mnt/ubna_data_01_mir/recover-20220825/UBNA_002/20220823_033000.WAV,Telephone Field,recover-20220825,002,1795
563.0645,563.1023,68437,82410,Rhinolophus ferrumequinum,0.022,0.022,-1,Echolocation,/mnt/ubna_data_01_mir/recover-20220825/UBNA_002/20220823_033000.WAV,Telephone Field,recover-20220825,002,1795
563.0875,563.1249,68437,81295,Rhinolophus ferrumequinum,0.023,0.023,-1,Echolocation,/mnt/ubna_data_01_mir/recover-20220825/UBNA_002/20220823_033000.WAV,Telephone Field,recover-20220825,002,1795
563.0935,563.101,43515,50402,Pipistrellus pipistrellus,0.031,0.038,-1,Echolocation,/mnt/ubna_data_01_mir/recover-20220825/UBNA_002/20220823_033000.WAV,Telephone Field,recover-20220825,002,1795
563.0955,563.1033,27187,41207,Eptesicus serotinus,0.007,0.022,-1,Echolocation,/mnt/ubna_data_01_mir/recover-20220825/UBNA_002/20220823_033000.WAV,Telephone Field,recover-20220825,002,1795
563.1155,563.1552,68437,82724,Rhinolophus ferrumequinum,0.035,0.035,-1,Echolocation,/mnt/ubna_data_01_mir/recover-20220825/UBNA_002/20220823_033000.WAV,Telephone Field,recover-20220825,002,1795
563.1455,563.1828,68437,82134,Rhinolophus ferrumequinum,0.022,0.023,-1,Echolocation,/mnt/ubna_data_01_mir/recover-20220825/UBNA_002/20220823_033000.WAV,Telephone Field,recover-20220825,002,1795
563.1475,563.1554,30625,41733,Eptesicus serotinus,0.014,0.035,-1,Echolocation,/mnt/ubna_data_01_mir/recover-20220825/UBNA_002/20220823_033000.WAV,Telephone Field,recover-20220825,002,1795
563.1815,563.2254,68437,83656,Rhinolophus ferrumequinum,0.04,0.04,-1,Echolocation,/mnt/ubna_data_01_mir/recover-20220825/UBNA_002/20220823_033000.WAV,Telephone Field,recover-20220825,002,1795
563.1825,563.1909,28046,37153,Eptesicus serotinus,0.014,0.03,-1,Echolocation,/mnt/ubna_data_01_mir/recover-20220825/UBNA_002/20220823_033000.WAV,Telephone Field,recover-20220825,002,1795
563.2035,563.2105,24609,34349,Plecotus austriacus,0.01,0.025,-1,Echolocation,/mnt/ubna_data_01_mir/recover-20220825/UBNA_002/20220823_033000.WAV,Telephone Field,recover-20220825,002,1795
563.2035,563.2431,68437,82247,Rhinolophus ferrumequinum,0.029,0.029,-1,Echolocation,/mnt/ubna_data_01_mir/recover-20220825/UBNA_002/20220823_033000.WAV,Telephone Field,recover-20220825,002,1795
563.2155,563.255,68437,82335,Rhinolophus ferrumequinum,0.023,0.023,-1,Echolocation,/mnt/ubna_data_01_mir/recover-20220825/UBNA_002/20220823_033000.WAV,Telephone Field,recover-20220825,002,1795
563.2815,563.3199,68437,81311,Rhinolophus ferrumequinum,0.022,0.022,-1,Echolocation,/mnt/ubna_data_01_mir/recover-20220825/UBNA_002/20220823_033000.WAV,Telephone Field,recover-20220825,002,1795
563.3085,563.3186,22031,27456,Nyctalus leisleri,0.009,0.025,-1,Echolocation,/mnt/ubna_data_01_mir/recover-20220825/UBNA_002/20220823_033000.WAV,Telephone Field,recover-20220825,002,1795
563.3515,563.3601,27187,40237,Eptesicus serotinus,0.009,0.024,-1,Echolocation,/mnt/ubna_data_01_mir/recover-20220825/UBNA_002/20220823_033000.WAV,Telephone Field,recover-20220825,002,1795
563.3525,563.3891,68437,82206,Rhinolophus ferrumequinum,0.024,0.024,-1,Echolocation,/mnt/ubna_data_01_mir/recover-20220825/UBNA_002/20220823_033000.WAV,Telephone Field,recover-20220825,002,1795
563.3535,563.36,44375,49536,Pipistrellus pipistrellus,0.027,0.028,-1,Echolocation,/mnt/ubna_data_01_mir/recover-20220825/UBNA_002/20220823_033000.WAV,Telephone Field,recover-20220825,002,1795
563.3965,563.4356,68437,82229,Rhinolophus ferrumequinum,0.022,0.022,-1,Echolocation,/mnt/ubna_data_01_mir/recover-20220825/UBNA_002/20220823_033000.WAV,Telephone Field,recover-20220825,002,1795
563.4245,563.4675,68437,82759,Rhinolophus ferrumequinum,0.03,0.03,-1,Echolocation,/mnt/ubna_data_01_mir/recover-20220825/UBNA_002/20220823_033000.WAV,Telephone Field,recover-20220825,002,1795
563.4595,563.4673,26328,39189,Eptesicus serotinus,0.009,0.03,-1,Echolocation,/mnt/ubna_data_01_mir/recover-20220825/UBNA_002/20220823_033000.WAV,Telephone Field,recover-20220825,002,1795
563.4605,563.4668,33203,42948,Myotis daubentonii,0.011,0.028,-1,Echolocation,/mnt/ubna_data_01_mir/recover-20220825/UBNA_002/20220823_033000.WAV,Telephone Field,recover-20220825,002,1795
563.5045,563.5126,22890,30781,Plecotus austriacus,0.012,0.026,-1,Echolocation,/mnt/ubna_data_01_mir/recover-20220825/UBNA_002/20220823_033000.WAV,Telephone Field,recover-20220825,002,1795
563.5075,563.5491,68437,82265,Rhinolophus ferrumequinum,0.035,0.035,-1,Echolocation,/mnt/ubna_data_01_mir/recover-20220825/UBNA_002/20220823_033000.WAV,Telephone Field,recover-20220825,002,1795
563.5165,563.5568,68437,82226,Rhinolophus ferrumequinum,0.033,0.033,-1,Echolocation,/mnt/ubna_data_01_mir/recover-20220825/UBNA_002/20220823_033000.WAV,Telephone Field,recover-20220825,002,1795
563.5185,563.5292,25468,32726,Eptesicus serotinus,0.014,0.034,-1,Echolocation,/mnt/ubna_data_01_mir/recover-20220825/UBNA_002/20220823_033000.WAV,Telephone Field,recover-20220825,002,1795
563.5755,563.6131,68437,82259,Rhinolophus ferrumequinum,0.022,0.022,-1,Echolocation,/mnt/ubna_data_01_mir/recover-20220825/UBNA_002/20220823_033000.WAV,Telephone Field,recover-20220825,002,1795
563.6085,563.6174,26328,35601,Eptesicus serotinus,0.011,0.026,-1,Echolocation,/mnt/ubna_data_01_mir/recover-20220825/UBNA_002/20220823_033000.WAV,Telephone Field,recover-20220825,002,1795
563.6175,563.6265,26328,34549,Eptesicus serotinus,0.011,0.024,-1,Echolocation,/mnt/ubna_data_01_mir/recover-20220825/UBNA_002/20220823_033000.WAV,Telephone Field,recover-20220825,002,1795
563.6195,563.6598,68437,82498,Rhinolophus ferrumequinum,0.023,0.023,-1,Echolocation,/mnt/ubna_data_01_mir/recover-20220825/UBNA_002/20220823_033000.WAV,Telephone Field,recover-20220825,002,1795
563.6665,563.708,68437,82306,Rhinolophus ferrumequinum,0.026,0.026,-1,Echolocation,/mnt/ubna_data_01_mir/recover-20220825/UBNA_002/20220823_033000.WAV,Telephone Field,recover-20220825,002,1795
563.6875,563.6943,28906,43136,Eptesicus serotinus,0.008,0.028,-1,Echolocation,/mnt/ubna_data_01_mir/recover-20220825/UBNA_002/20220823_033000.WAV,Telephone Field,recover-20220825,002,1795
563.7275,563.74,38359,42388,Pipistrellus nathusii,0.027,0.042,-1,Echolocation,/mnt/ubna_data_01_mir/recover-20220825/UBNA_002/20220823_033000.WAV,Telephone Field,recover-20220825,002,1795
563.7325,563.774,68437,82913,Rhinolophus ferrumequinum,0.027,0.027,-1,Echolocation,/mnt/ubna_data_01_mir/recover-20220825/UBNA_002/20220823_033000.WAV,Telephone Field,recover-20220825,002,1795
563.7425,563.7849,68437,82901,Rhinolophus ferrumequinum,0.033,0.033,-1,Echolocation,/mnt/ubna_data_01_mir/recover-20220825/UBNA_002/20220823_033000.WAV,Telephone Field,recover-20220825,002,1795
563.7485,563.7594,28906,36128,Eptesicus serotinus,0.016,0.03,-1,Echolocation,/mnt/ubna_data_01_mir/recover-20220825/UBNA_002/20220823_033000.WAV,Telephone Field,recover-20220825,002,1795
563.7865,563.8009,56406,60940,Pipistrellus pygmaeus,0.047,0.047,-1,Echolocation,/mnt/ubna_data_01_mir/recover-20220825/UBNA_002/20220823_033000.WAV,Telephone Field,recover-20220825,002,1795
563.8255,563.8629,68437,81563,Rhinolophus ferrumequinum,0.022,0.023,-1,Echolocation,/mnt/ubna_data_01_mir/recover-20220825/UBNA_002/20220823_033000.WAV,Telephone Field,recover-20220825,002,1795
563.8375,563.8484,23750,28594,Nyctalus leisleri,0.013,0.026,-1,Echolocation,/mnt/ubna_data_01_mir/recover-20220825/UBNA_002/20220823_033000.WAV,Telephone Field,recover-20220825,002,1795
563.8765,563.9198,68437,82829,Rhinolophus ferrumequinum,0.026,0.026,-1,Echolocation,/mnt/ubna_data_01_mir/recover-20220825/UBNA_002/20220823_033000.WAV,Telephone Field,recover-20220825,002,1795
563.9014999999999,563.9379,68437,81811,Rhinolophus ferrumequinum,0.024,0.024,-1,Echolocation,/mnt/ubna_data_01_mir/recover-20220825/UBNA_002/20220823_033000.WAV,Telephone Field,recover-20220825,002,1795
563.9255,563.9341,22031,29181,Plecotus austriacus,0.013,0.029,-1,Echolocation,/mnt/ubna_data_01_mir/recover-20220825/UBNA_002/20220823_033000.WAV,Telephone Field,recover-20220825,002,1795
563.9275,563.9336,31484,39836,Barbastellus barbastellus,0.01,0.031,-1,Echolocation,/mnt/ubna_data_01_mir/recover-20220825/UBNA_002/20220823_033000.WAV,Telephone Field,recover-20220825,002,1795
563.9435,563.9878,68437,83322,Rhinolophus ferrumequinum,0.044,0.044,-1,Echolocation,/mnt/ubna_data_01_mir/recover-20220825/UBNA_002/20220823_033000.WAV,Telephone Field,recover-20220825,002,1795
563.9755,563.9854,24609,31699,Nyctalus leisleri,0.008,0.023,-1,Echolocation,/mnt/ubna_data_01_mir/recover-20220825/UBNA_002/20220823_033000.WAV,Telephone Field,recover-20220825,002,1795
563.9825,563.9927,22890,28504,Nyctalus leisleri,0.009,0.022,-1,Echolocation,/mnt/ubna_data_01_mir/recover-20220825/UBNA_002/20220823_033000.WAV,Telephone Field,recover-20220825,002,1795
563.9855,563.9947,28906,37177,Eptesicus serotinus,0.008,0.022,-1,Echolocation,/mnt/ubna_data_01_mir/recover-20220825/UBNA_002/20220823_033000.WAV,Telephone Field,recover-20220825,002,1795
564.0015,564.0113,24609,31184,Nyctalus leisleri,0.015,0.033,-1,Echolocation,/mnt/ubna_data_01_mir/recover-20220825/UBNA_002/20220823_033000.WAV,Telephone Field,recover-20220825,002,1795
564.0015,564.0079,47812,51921,Pipistrellus pipistrellus,0.026,0.032,-1,Echolocation,/mnt/ubna_data_01_mir/recover-20220825/UBNA_002/20220823_033000.WAV,Telephone Field,recover-20220825,002,1795
564.0015,564.0308,69296,82131,Rhinolophus ferrumequinum,0.026,0.026,-1,Echolocation,/mnt/ubna_data_01_mir/recover-20220825/UBNA_002/20220823_033000.WAV,Telephone Field,recover-20220825,002,1795
564.0355,564.073,68437,81990,Rhinolophus ferrumequinum,0.023,0.024,-1,Echolocation,/mnt/ubna_data_01_mir/recover-20220825/UBNA_002/20220823_033000.WAV,Telephone Field,recover-20220825,002,1795
564.0735,564.1142,68437,82493,Rhinolophus ferrumequinum,0.023,0.023,-1,Echolocation,/mnt/ubna_data_01_mir/recover-20220825/UBNA_002/20220823_033000.WAV,Telephone Field,recover-20220825,002,1795
564.1095,564.1508,68437,83275,Rhinolophus ferrumequinum,0.036,0.036,-1,Echolocation,/mnt/ubna_data_01_mir/recover-20220825/UBNA_002/20220823_033000.WAV,Telephone Field,recover-20220825,002,1795
564.1195,564.1296,22890,28625,Nyctalus leisleri,0.01,0.024,-1,Echolocation,/mnt/ubna_data_01_mir/recover-20220825/UBNA_002/20220823_033000.WAV,Telephone Field,recover-20220825,002,1795
564.1355,564.1468,23750,28424,Nyctalus leisleri,0.015,0.028,-1,Echolocation,/mnt/ubna_data_01_mir/recover-20220825/UBNA_002/20220823_033000.WAV,Telephone Field,recover-20220825,002,1795
564.1405,564.1795,68437,82552,Rhinolophus ferrumequinum,0.041,0.041,-1,Echolocation,/mnt/ubna_data_01_mir/recover-20220825/UBNA_002/20220823_033000.WAV,Telephone Field,recover-20220825,002,1795
564.1675,564.2103,68437,83226,Rhinolophus ferrumequinum,0.027,0.027,-1,Echolocation,/mnt/ubna_data_01_mir/recover-20220825/UBNA_002/20220823_033000.WAV,Telephone Field,recover-20220825,002,1795
564.1795,564.1881,28906,37823,Eptesicus serotinus,0.01,0.026,-1,Echolocation,/mnt/ubna_data_01_mir/recover-20220825/UBNA_002/20220823_033000.WAV,Telephone Field,recover-20220825,002,1795
564.1935,564.2321,68437,82215,Rhinolophus ferrumequinum,0.022,0.022,-1,Echolocation,/mnt/ubna_data_01_mir/recover-20220825/UBNA_002/20220823_033000.WAV,Telephone Field,recover-20220825,002,1795
564.2225,564.2311,27187,39083,Eptesicus serotinus,0.009,0.025,-1,Echolocation,/mnt/ubna_data_01_mir/recover-20220825/UBNA_002/20220823_033000.WAV,Telephone Field,recover-20220825,002,1795
564.2515,564.2577,24609,35611,Plecotus austriacus,0.01,0.025,-1,Echolocation,/mnt/ubna_data_01_mir/recover-20220825/UBNA_002/20220823_033000.WAV,Telephone Field,recover-20220825,002,1795
564.2915,564.3007,30625,39792,Eptesicus serotinus,0.008,0.024,-1,Echolocation,/mnt/ubna_data_01_mir/recover-20220825/UBNA_002/20220823_033000.WAV,Telephone Field,recover-20220825,002,1795
564.3505,564.3933,68437,83443,Rhinolophus ferrumequinum,0.027,0.027,-1,Echolocation,/mnt/ubna_data_01_mir/recover-20220825/UBNA_002/20220823_033000.WAV,Telephone Field,recover-20220825,002,1795
564.3815,564.4182,68437,81493,Rhinolophus ferrumequinum,0.023,0.023,-1,Echolocation,/mnt/ubna_data_01_mir/recover-20220825/UBNA_002/20220823_033000.WAV,Telephone Field,recover-20220825,002,1795
564.4055,564.4398,68437,81820,Rhinolophus ferrumequinum,0.023,0.023,-1,Echolocation,/mnt/ubna_data_01_mir/recover-20220825/UBNA_002/20220823_033000.WAV,Telephone Field,recover-20220825,002,1795
564.4445,564.4788,68437,81825,Rhinolophus ferrumequinum,0.024,0.024,-1,Echolocation,/mnt/ubna_data_01_mir/recover-20220825/UBNA_002/20220823_033000.WAV,Telephone Field,recover-20220825,002,1795
564.4545,564.4946,68437,82632,Rhinolophus ferrumequinum,0.025,0.025,-1,Echolocation,/mnt/ubna_data_01_mir/recover-20220825/UBNA_002/20220823_033000.WAV,Telephone Field,recover-20220825,002,1795
564.4615,564.4732,27187,34678,Eptesicus serotinus,0.014,0.027,-1,Echolocation,/mnt/ubna_data_01_mir/recover-20220825/UBNA_002/20220823_033000.WAV,Telephone Field,recover-20220825,002,1795
564.4975,564.5409,68437,82625,Rhinolophus ferrumequinum,0.028,0.028,-1,Echolocation,/mnt/ubna_data_01_mir/recover-20220825/UBNA_002/20220823_033000.WAV,Telephone Field,recover-20220825,002,1795
564.5135,564.5223,28046,39185,Eptesicus serotinus,0.009,0.022,-1,Echolocation,/mnt/ubna_data_01_mir/recover-20220825/UBNA_002/20220823_033000.WAV,Telephone Field,recover-20220825,002,1795
564.5145,564.5257,35781,40359,Pipistrellus nathusii,0.014,0.04,-1,Echolocation,/mnt/ubna_data_01_mir/recover-20220825/UBNA_002/20220823_033000.WAV,Telephone Field,recover-20220825,002,1795
564.5264999999999,564.5652,68437,82036,Rhinolophus ferrumequinum,0.022,0.022,-1,Echolocation,/mnt/ubna_data_01_mir/recover-20220825/UBNA_002/20220823_033000.WAV,Telephone Field,recover-20220825,002,1795
564.5615,564.6007,68437,82364,Rhinolophus ferrumequinum,0.022,0.022,-1,Echolocation,/mnt/ubna_data_01_mir/recover-20220825/UBNA_002/20220823_033000.WAV,Telephone Field,recover-20220825,002,1795
564.5715,564.581,23750,30871,Nyctalus leisleri,0.007,0.024,-1,Echolocation,/mnt/ubna_data_01_mir/recover-20220825/UBNA_002/20220823_033000.WAV,Telephone Field,recover-20220825,002,1795
564.6025,564.614,22031,27579,Nyctalus leisleri,0.014,0.031,-1,Echolocation,/mnt/ubna_data_01_mir/recover-20220825/UBNA_002/20220823_033000.WAV,Telephone Field,recover-20220825,002,1795
564.6235,564.6617,68437,82218,Rhinolophus ferrumequinum,0.023,0.023,-1,Echolocation,/mnt/ubna_data_01_mir/recover-20220825/UBNA_002/20220823_033000.WAV,Telephone Field,recover-20220825,002,1795
564.6725,564.7103,68437,81843,Rhinolophus ferrumequinum,0.025,0.025,-1,Echolocation,/mnt/ubna_data_01_mir/recover-20220825/UBNA_002/20220823_033000.WAV,Telephone Field,recover-20220825,002,1795
564.6875,564.7285,68437,82571,Rhinolophus ferrumequinum,0.022,0.022,-1,Echolocation,/mnt/ubna_data_01_mir/recover-20220825/UBNA_002/20220823_033000.WAV,Telephone Field,recover-20220825,002,1795
564.7105,564.7477,68437,81950,Rhinolophus ferrumequinum,0.022,0.022,-1,Echolocation,/mnt/ubna_data_01_mir/recover-20220825/UBNA_002/20220823_033000.WAV,Telephone Field,recover-20220825,002,1795
564.7215,564.76,68437,81903,Rhinolophus ferrumequinum,0.022,0.022,-1,Echolocation,/mnt/ubna_data_01_mir/recover-20220825/UBNA_002/20220823_033000.WAV,Telephone Field,recover-20220825,002,1795
564.7325,564.7706000000001,68437,81543,Rhinolophus ferrumequinum,0.021,0.021,-1,Echolocation,/mnt/ubna_data_01_mir/recover-20220825/UBNA_002/20220823_033000.WAV,Telephone Field,recover-20220825,002,1795
564.7435,564.7849,68437,82127,Rhinolophus ferrumequinum,0.022,0.022,-1,Echolocation,/mnt/ubna_data_01_mir/recover-20220825/UBNA_002/20220823_033000.WAV,Telephone Field,recover-20220825,002,1795
564.7715,564.7878,19453,22352,Nyctalus leisleri,0.019,0.032,-1,Echolocation,/mnt/ubna_data_01_mir/recover-20220825/UBNA_002/20220823_033000.WAV,Telephone Field,recover-20220825,002,1795
564.8025,564.8141,22890,27450,Nyctalus leisleri,0.011,0.022,-1,Echolocation,/mnt/ubna_data_01_mir/recover-20220825/UBNA_002/20220823_033000.WAV,Telephone Field,recover-20220825,002,1795
564.8405,564.8833,68437,83222,Rhinolophus ferrumequinum,0.023,0.023,-1,Echolocation,/mnt/ubna_data_01_mir/recover-20220825/UBNA_002/20220823_033000.WAV,Telephone Field,recover-20220825,002,1795
564.8425,564.8535,21171,27019,Nyctalus leisleri,0.011,0.03,-1,Echolocation,/mnt/ubna_data_01_mir/recover-20220825/UBNA_002/20220823_033000.WAV,Telephone Field,recover-20220825,002,1795
564.8565,564.8979,68437,82860,Rhinolophus ferrumequinum,0.023,0.023,-1,Echolocation,/mnt/ubna_data_01_mir/recover-20220825/UBNA_002/20220823_033000.WAV,Telephone Field,recover-20220825,002,1795
564.9014999999999,564.9405,68437,82246,Rhinolophus ferrumequinum,0.027,0.027,-1,Echolocation,/mnt/ubna_data_01_mir/recover-20220825/UBNA_002/20220823_033000.WAV,Telephone Field,recover-20220825,002,1795
564.9095,564.9206,23750,29791,Nyctalus leisleri,0.011,0.026,-1,Echolocation,/mnt/ubna_data_01_mir/recover-20220825/UBNA_002/20220823_033000.WAV,Telephone Field,recover-20220825,002,1795
564.9315,564.9713,68437,82797,Rhinolophus ferrumequinum,0.025,0.025,-1,Echolocation,/mnt/ubna_data_01_mir/recover-20220825/UBNA_002/20220823_033000.WAV,Telephone Field,recover-20220825,002,1795
564.9855,564.9958,22031,26584,Nyctalus leisleri,0.01,0.022,-1,Echolocation,/mnt/ubna_data_01_mir/recover-20220825/UBNA_002/20220823_033000.WAV,Telephone Field,recover-20220825,002,1795
565.0035,565.0441,68437,82852,Rhinolophus ferrumequinum,0.026,0.026,-1,Echolocation,/mnt/ubna_data_01_mir/recover-20220825/UBNA_002/20220823_033000.WAV,Telephone Field,recover-20220825,002,1795
565.0075,565.0185,28906,36261,Eptesicus serotinus,0.01,0.023,-1,Echolocation,/mnt/ubna_data_01_mir/recover-20220825/UBNA_002/20220823_033000.WAV,Telephone Field,recover-20220825,002,1795
565.0165,565.0285,28906,35237,Eptesicus serotinus,0.012,0.026,-1,Echolocation,/mnt/ubna_data_01_mir/recover-20220825/UBNA_002/20220823_033000.WAV,Telephone Field,recover-20220825,002,1795
565.0465,565.0563,23750,30439,Nyctalus leisleri,0.008,0.023,-1,Echolocation,/mnt/ubna_data_01_mir/recover-20220825/UBNA_002/20220823_033000.WAV,Telephone Field,recover-20220825,002,1795
565.0485,565.0552,44375,50868,Pipistrellus pipistrellus,0.035,0.04,-1,Echolocation,/mnt/ubna_data_01_mir/recover-20220825/UBNA_002/20220823_033000.WAV,Telephone Field,recover-20220825,002,1795
565.0955,565.1344,68437,82664,Rhinolophus ferrumequinum,0.022,0.022,-1,Echolocation,/mnt/ubna_data_01_mir/recover-20220825/UBNA_002/20220823_033000.WAV,Telephone Field,recover-20220825,002,1795
565.1015,565.107,49531,54071,Pipistrellus pipistrellus,0.021,0.023,-1,Echolocation,/mnt/ubna_data_01_mir/recover-20220825/UBNA_002/20220823_033000.WAV,Telephone Field,recover-20220825,002,1795
565.1085,565.1454,68437,81981,Rhinolophus ferrumequinum,0.024,0.024,-1,Echolocation,/mnt/ubna_data_01_mir/recover-20220825/UBNA_002/20220823_033000.WAV,Telephone Field,recover-20220825,002,1795
565.1215,565.1595,68437,82322,Rhinolophus ferrumequinum,0.025,0.025,-1,Echolocation,/mnt/ubna_data_01_mir/recover-20220825/UBNA_002/20220823_033000.WAV,Telephone Field,recover-20220825,002,1795
565.1315,565.1721,68437,82848,Rhinolophus ferrumequinum,0.022,0.022,-1,Echolocation,/mnt/ubna_data_01_mir/recover-20220825/UBNA_002/20220823_033000.WAV,Telephone Field,recover-20220825,002,1795
565.1545,565.1642,25468,33151,Eptesicus serotinus,0.011,0.027,-1,Echolocation,/mnt/ubna_data_01_mir/recover-20220825/UBNA_002/20220823_033000.WAV,Telephone Field,recover-20220825,002,1795
565.1635,565.1742,22890,27551,Nyctalus leisleri,0.011,0.022,-1,Echolocation,/mnt/ubna_data_01_mir/recover-20220825/UBNA_002/20220823_033000.WAV,Telephone Field,recover-20220825,002,1795
565.1645,565.1987,68437,81587,Rhinolophus ferrumequinum,0.024,0.024,-1,Echolocation,/mnt/ubna_data_01_mir/recover-20220825/UBNA_002/20220823_033000.WAV,Telephone Field,recover-20220825,002,1795
565.2005,565.2428,68437,82553,Rhinolophus ferrumequinum,0.027,0.027,-1,Echolocation,/mnt/ubna_data_01_mir/recover-20220825/UBNA_002/20220823_033000.WAV,Telephone Field,recover-20220825,002,1795
565.2065,565.2491,68437,83082,Rhinolophus ferrumequinum,0.026,0.026,-1,Echolocation,/mnt/ubna_data_01_mir/recover-20220825/UBNA_002/20220823_033000.WAV,Telephone Field,recover-20220825,002,1795
565.2105,565.229,19453,22601,Nyctalus leisleri,0.015,0.032,-1,Echolocation,/mnt/ubna_data_01_mir/recover-20220825/UBNA_002/20220823_033000.WAV,Telephone Field,recover-20220825,002,1795
565.2515,565.2898,68437,82122,Rhinolophus ferrumequinum,0.021,0.021,-1,Echolocation,/mnt/ubna_data_01_mir/recover-20220825/UBNA_002/20220823_033000.WAV,Telephone Field,recover-20220825,002,1795
565.2655,565.3017,68437,82182,Rhinolophus ferrumequinum,0.022,0.022,-1,Echolocation,/mnt/ubna_data_01_mir/recover-20220825/UBNA_002/20220823_033000.WAV,Telephone Field,recover-20220825,002,1795
565.3055,565.3162,28046,36237,Eptesicus serotinus,0.011,0.025,-1,Echolocation,/mnt/ubna_data_01_mir/recover-20220825/UBNA_002/20220823_033000.WAV,Telephone Field,recover-20220825,002,1795
565.3325,565.3735,68437,82552,Rhinolophus ferrumequinum,0.023,0.023,-1,Echolocation,/mnt/ubna_data_01_mir/recover-20220825/UBNA_002/20220823_033000.WAV,Telephone Field,recover-20220825,002,1795
565.3895,565.4269,68437,82678,Rhinolophus ferrumequinum,0.023,0.023,-1,Echolocation,/mnt/ubna_data_01_mir/recover-20220825/UBNA_002/20220823_033000.WAV,Telephone Field,recover-20220825,002,1795
565.3975,565.4057,28046,38173,Eptesicus serotinus,0.009,0.026,-1,Echolocation,/mnt/ubna_data_01_mir/recover-20220825/UBNA_002/20220823_033000.WAV,Telephone Field,recover-20220825,002,1795
565.4045,565.4463,68437,83179,Rhinolophus ferrumequinum,0.024,0.024,-1,Echolocation,/mnt/ubna_data_01_mir/recover-20220825/UBNA_002/20220823_033000.WAV,Telephone Field,recover-20220825,002,1795
565.4335,565.4413,28906,39298,Eptesicus serotinus,0.007,0.022,-1,Echolocation,/mnt/ubna_data_01_mir/recover-20220825/UBNA_002/20220823_033000.WAV,Telephone Field,recover-20220825,002,1795
565.4425,565.4828,68437,82511,Rhinolophus ferrumequinum,0.035,0.035,-1,Echolocation,/mnt/ubna_data_01_mir/recover-20220825/UBNA_002/20220823_033000.WAV,Telephone Field,recover-20220825,002,1795
565.4595,565.4717,40078,44146,Pipistrellus nathusii,0.009,0.03,-1,Echolocation,/mnt/ubna_data_01_mir/recover-20220825/UBNA_002/20220823_033000.WAV,Telephone Field,recover-20220825,002,1795
565.4825,565.5255,68437,83439,Rhinolophus ferrumequinum,0.037,0.037,-1,Echolocation,/mnt/ubna_data_01_mir/recover-20220825/UBNA_002/20220823_033000.WAV,Telephone Field,recover-20220825,002,1795
565.5295,565.5376,28046,39850,Eptesicus serotinus,0.008,0.023,-1,Echolocation,/mnt/ubna_data_01_mir/recover-20220825/UBNA_002/20220823_033000.WAV,Telephone Field,recover-20220825,002,1795
565.5295,565.5722,68437,83135,Rhinolophus ferrumequinum,0.026,0.026,-1,Echolocation,/mnt/ubna_data_01_mir/recover-20220825/UBNA_002/20220823_033000.WAV,Telephone Field,recover-20220825,002,1795
565.6125,565.6497,68437,81983,Rhinolophus ferrumequinum,0.024,0.024,-1,Echolocation,/mnt/ubna_data_01_mir/recover-20220825/UBNA_002/20220823_033000.WAV,Telephone Field,recover-20220825,002,1795
565.6165,565.627,22890,28187,Nyctalus leisleri,0.01,0.022,-1,Echolocation,/mnt/ubna_data_01_mir/recover-20220825/UBNA_002/20220823_033000.WAV,Telephone Field,recover-20220825,002,1795
565.6495,565.6607,23750,30461,Nyctalus leisleri,0.01,0.026,-1,Echolocation,/mnt/ubna_data_01_mir/recover-20220825/UBNA_002/20220823_033000.WAV,Telephone Field,recover-20220825,002,1795
565.6705,565.6802,50390,54883,Pipistrellus pipistrellus,0.02,0.026,-1,Echolocation,/mnt/ubna_data_01_mir/recover-20220825/UBNA_002/20220823_033000.WAV,Telephone Field,recover-20220825,002,1795
565.6865,565.7287,68437,82910,Rhinolophus ferrumequinum,0.027,0.027,-1,Echolocation,/mnt/ubna_data_01_mir/recover-20220825/UBNA_002/20220823_033000.WAV,Telephone Field,recover-20220825,002,1795
565.7145,565.7507,68437,81644,Rhinolophus ferrumequinum,0.022,0.022,-1,Echolocation,/mnt/ubna_data_01_mir/recover-20220825/UBNA_002/20220823_033000.WAV,Telephone Field,recover-20220825,002,1795
565.7655,565.7744,28046,39409,Eptesicus serotinus,0.009,0.024,-1,Echolocation,/mnt/ubna_data_01_mir/recover-20220825/UBNA_002/20220823_033000.WAV,Telephone Field,recover-20220825,002,1795
565.8225,565.8573,68437,81648,Rhinolophus ferrumequinum,0.022,0.022,-1,Echolocation,/mnt/ubna_data_01_mir/recover-20220825/UBNA_002/20220823_033000.WAV,Telephone Field,recover-20220825,002,1795
565.8395,565.8804,68437,83106,Rhinolophus ferrumequinum,0.022,0.022,-1,Echolocation,/mnt/ubna_data_01_mir/recover-20220825/UBNA_002/20220823_033000.WAV,Telephone Field,recover-20220825,002,1795
565.8545,565.8912,68437,81545,Rhinolophus ferrumequinum,0.024,0.024,-1,Echolocation,/mnt/ubna_data_01_mir/recover-20220825/UBNA_002/20220823_033000.WAV,Telephone Field,recover-20220825,002,1795
565.8785,565.9143,68437,82031,Rhinolophus ferrumequinum,0.023,0.023,-1,Echolocation,/mnt/ubna_data_01_mir/recover-20220825/UBNA_002/20220823_033000.WAV,Telephone Field,recover-20220825,002,1795
565.9025,565.9117,25468,33494,Eptesicus serotinus,0.008,0.025,-1,Echolocation,/mnt/ubna_data_01_mir/recover-20220825/UBNA_002/20220823_033000.WAV,Telephone Field,recover-20220825,002,1795
565.9245,565.9634,68437,81909,Rhinolophus ferrumequinum,0.022,0.022,-1,Echolocation,/mnt/ubna_data_01_mir/recover-20220825/UBNA_002/20220823_033000.WAV,Telephone Field,recover-20220825,002,1795
566.0015,566.0372,68437,80731,Rhinolophus ferrumequinum,0.054,0.054,-1,Echolocation,/mnt/ubna_data_01_mir/recover-20220825/UBNA_002/20220823_033000.WAV,Telephone Field,recover-20220825,002,1795
566.0015,566.0113,23750,30210,Nyctalus leisleri,0.013,0.032,-1,Echolocation,/mnt/ubna_data_01_mir/recover-20220825/UBNA_002/20220823_033000.WAV,Telephone Field,recover-20220825,002,1795
566.0105,566.0529,68437,82421,Rhinolophus ferrumequinum,0.022,0.022,-1,Echolocation,/mnt/ubna_data_01_mir/recover-20220825/UBNA_002/20220823_033000.WAV,Telephone Field,recover-20220825,002,1795
566.0225,566.0311,25468,33386,Eptesicus serotinus,0.006,0.022,-1,Echolocation,/mnt/ubna_data_01_mir/recover-20220825/UBNA_002/20220823_033000.WAV,Telephone Field,recover-20220825,002,1795
566.0625,566.0684,28046,41273,Eptesicus serotinus,0.013,0.052,-1,Echolocation,/mnt/ubna_data_01_mir/recover-20220825/UBNA_002/20220823_033000.WAV,Telephone Field,recover-20220825,002,1795
566.0955,566.1326,68437,81422,Rhinolophus ferrumequinum,0.022,0.022,-1,Echolocation,/mnt/ubna_data_01_mir/recover-20220825/UBNA_002/20220823_033000.WAV,Telephone Field,recover-20220825,002,1795
566.1345,566.1446,24609,31238,Nyctalus leisleri,0.009,0.025,-1,Echolocation,/mnt/ubna_data_01_mir/recover-20220825/UBNA_002/20220823_033000.WAV,Telephone Field,recover-20220825,002,1795
566.2025,566.2428,68437,82346,Rhinolophus ferrumequinum,0.022,0.022,-1,Echolocation,/mnt/ubna_data_01_mir/recover-20220825/UBNA_002/20220823_033000.WAV,Telephone Field,recover-20220825,002,1795
566.2155,566.2556,68437,82418,Rhinolophus ferrumequinum,0.024,0.024,-1,Echolocation,/mnt/ubna_data_01_mir/recover-20220825/UBNA_002/20220823_033000.WAV,Telephone Field,recover-20220825,002,1795
566.2245,566.265,68437,82794,Rhinolophus ferrumequinum,0.023,0.023,-1,Echolocation,/mnt/ubna_data_01_mir/recover-20220825/UBNA_002/20220823_033000.WAV,Telephone Field,recover-20220825,002,1795
566.2345,566.2467,22031,26108,Nyctalus leisleri,0.013,0.023,-1,Echolocation,/mnt/ubna_data_01_mir/recover-20220825/UBNA_002/20220823_033000.WAV,Telephone Field,recover-20220825,002,1795
566.2525,566.2878,68437,81226,Rhinolophus ferrumequinum,0.022,0.022,-1,Echolocation,/mnt/ubna_data_01_mir/recover-20220825/UBNA_002/20220823_033000.WAV,Telephone Field,recover-20220825,002,1795
566.2605,566.2972,68437,81420,Rhinolophus ferrumequinum,0.022,0.022,-1,Echolocation,/mnt/ubna_data_01_mir/recover-20220825/UBNA_002/20220823_033000.WAV,Telephone Field,recover-20220825,002,1795
566.2665,566.2766,28046,36274,Eptesicus serotinus,0.011,0.024,-1,Echolocation,/mnt/ubna_data_01_mir/recover-20220825/UBNA_002/20220823_033000.WAV,Telephone Field,recover-20220825,002,1795
566.2825,566.3214,68437,82010,Rhinolophus ferrumequinum,0.022,0.022,-1,Echolocation,/mnt/ubna_data_01_mir/recover-20220825/UBNA_002/20220823_033000.WAV,Telephone Field,recover-20220825,002,1795
566.2915,566.3028,22031,26288,Nyctalus leisleri,0.012,0.023,-1,Echolocation,/mnt/ubna_data_01_mir/recover-20220825/UBNA_002/20220823_033000.WAV,Telephone Field,recover-20220825,002,1795
566.3205,566.3633,68437,82935,Rhinolophus ferrumequinum,0.027,0.027,-1,Echolocation,/mnt/ubna_data_01_mir/recover-20220825/UBNA_002/20220823_033000.WAV,Telephone Field,recover-20220825,002,1795
566.3735,566.4128,68437,82249,Rhinolophus ferrumequinum,0.022,0.022,-1,Echolocation,/mnt/ubna_data_01_mir/recover-20220825/UBNA_002/20220823_033000.WAV,Telephone Field,recover-20220825,002,1795
566.3795,566.3897,22890,28096,Nyctalus leisleri,0.012,0.025,-1,Echolocation,/mnt/ubna_data_01_mir/recover-20220825/UBNA_002/20220823_033000.WAV,Telephone Field,recover-20220825,002,1795
566.4565,566.4963,68437,82024,Rhinolophus ferrumequinum,0.026,0.026,-1,Echolocation,/mnt/ubna_data_01_mir/recover-20220825/UBNA_002/20220823_033000.WAV,Telephone Field,recover-20220825,002,1795
566.4855,566.5004,15156,20820,Nyctalus noctula,0.018,0.026,-1,Echolocation,/mnt/ubna_data_01_mir/recover-20220825/UBNA_002/20220823_033000.WAV,Telephone Field,recover-20220825,002,1795
566.5425,566.5847,68437,83195,Rhinolophus ferrumequinum,0.04,0.04,-1,Echolocation,/mnt/ubna_data_01_mir/recover-20220825/UBNA_002/20220823_033000.WAV,Telephone Field,recover-20220825,002,1795
566.5525,566.5653,49531,53474,Pipistrellus pipistrellus,0.018,0.023,-1,Echolocation,/mnt/ubna_data_01_mir/recover-20220825/UBNA_002/20220823_033000.WAV,Telephone Field,recover-20220825,002,1795
566.5575,566.5688,28906,35019,Eptesicus serotinus,0.013,0.026,-1,Echolocation,/mnt/ubna_data_01_mir/recover-20220825/UBNA_002/20220823_033000.WAV,Telephone Field,recover-20220825,002,1795
566.5635,566.5985000000001,68437,80498,Rhinolophus ferrumequinum,0.025,0.025,-1,Echolocation,/mnt/ubna_data_01_mir/recover-20220825/UBNA_002/20220823_033000.WAV,Telephone Field,recover-20220825,002,1795
566.5775,566.584,28046,41893,Myotis daubentonii,0.006,0.023,-1,Echolocation,/mnt/ubna_data_01_mir/recover-20220825/UBNA_002/20220823_033000.WAV,Telephone Field,recover-20220825,002,1795
566.5885,566.6295,68437,82692,Rhinolophus ferrumequinum,0.022,0.022,-1,Echolocation,/mnt/ubna_data_01_mir/recover-20220825/UBNA_002/20220823_033000.WAV,Telephone Field,recover-20220825,002,1795
566.6095,566.621,14296,18964,Nyctalus noctula,0.023,0.04,-1,Echolocation,/mnt/ubna_data_01_mir/recover-20220825/UBNA_002/20220823_033000.WAV,Telephone Field,recover-20220825,002,1795
566.6165,566.6535,68437,82153,Rhinolophus ferrumequinum,0.028,0.028,-1,Echolocation,/mnt/ubna_data_01_mir/recover-20220825/UBNA_002/20220823_033000.WAV,Telephone Field,recover-20220825,002,1795
566.6535,566.6932,68437,82449,Rhinolophus ferrumequinum,0.023,0.023,-1,Echolocation,/mnt/ubna_data_01_mir/recover-20220825/UBNA_002/20220823_033000.WAV,Telephone Field,recover-20220825,002,1795
566.6635,566.6728,24609,32145,Nyctalus leisleri,0.009,0.026,-1,Echolocation,/mnt/ubna_data_01_mir/recover-20220825/UBNA_002/20220823_033000.WAV,Telephone Field,recover-20220825,002,1795
566.6835,566.6906,27187,39199,Eptesicus serotinus,0.007,0.025,-1,Echolocation,/mnt/ubna_data_01_mir/recover-20220825/UBNA_002/20220823_033000.WAV,Telephone Field,recover-20220825,002,1795
566.6945,566.7342,68437,82748,Rhinolophus ferrumequinum,0.028,0.028,-1,Echolocation,/mnt/ubna_data_01_mir/recover-20220825/UBNA_002/20220823_033000.WAV,Telephone Field,recover-20220825,002,1795
566.7395,566.7494,24609,30999,Nyctalus leisleri,0.011,0.029,-1,Echolocation,/mnt/ubna_data_01_mir/recover-20220825/UBNA_002/20220823_033000.WAV,Telephone Field,recover-20220825,002,1795
566.7545,566.7873,68437,80748,Rhinolophus ferrumequinum,0.027,0.027,-1,Echolocation,/mnt/ubna_data_01_mir/recover-20220825/UBNA_002/20220823_033000.WAV,Telephone Field,recover-20220825,002,1795
566.7855,566.8213,68437,81681,Rhinolophus ferrumequinum,0.025,0.025,-1,Echolocation,/mnt/ubna_data_01_mir/recover-20220825/UBNA_002/20220823_033000.WAV,Telephone Field,recover-20220825,002,1795
566.8175,566.8562,68437,82072,Rhinolophus ferrumequinum,0.022,0.022,-1,Echolocation,/mnt/ubna_data_01_mir/recover-20220825/UBNA_002/20220823_033000.WAV,Telephone Field,recover-20220825,002,1795
566.8755,566.886,23750,29885,Nyctalus leisleri,0.01,0.023,-1,Echolocation,/mnt/ubna_data_01_mir/recover-20220825/UBNA_002/20220823_033000.WAV,Telephone Field,recover-20220825,002,1795
566.8815,566.8932,22890,27872,Nyctalus leisleri,0.012,0.024,-1,Echolocation,/mnt/ubna_data_01_mir/recover-20220825/UBNA_002/20220823_033000.WAV,Telephone Field,recover-20220825,002,1795
566.9115,566.9198,26328,35731,Eptesicus serotinus,0.01,0.029,-1,Echolocation,/mnt/ubna_data_01_mir/recover-20220825/UBNA_002/20220823_033000.WAV,Telephone Field,recover-20220825,002,1795
566.9395,566.9786,68437,81949,Rhinolophus ferrumequinum,0.022,0.022,-1,Echolocation,/mnt/ubna_data_01_mir/recover-20220825/UBNA_002/20220823_033000.WAV,Telephone Field,recover-20220825,002,1795
566.9605,566.9991,68437,82837,Rhinolophus ferrumequinum,0.022,0.022,-1,Echolocation,/mnt/ubna_data_01_mir/recover-20220825/UBNA_002/20220823_033000.WAV,Telephone Field,recover-20220825,002,1795
566.9965,567.0345,68437,82241,Rhinolophus ferrumequinum,0.022,0.022,-1,Echolocation,/mnt/ubna_data_01_mir/recover-20220825/UBNA_002/20220823_033000.WAV,Telephone Field,recover-20220825,002,1795
567.0395,567.0491,28046,39252,Eptesicus serotinus,0.012,0.027,-1,Echolocation,/mnt/ubna_data_01_mir/recover-20220825/UBNA_002/20220823_033000.WAV,Telephone Field,recover-20220825,002,1795
567.1795,567.2142,68437,80915,Rhinolophus ferrumequinum,0.024,0.024,-1,Echolocation,/mnt/ubna_data_01_mir/recover-20220825/UBNA_002/20220823_033000.WAV,Telephone Field,recover-20220825,002,1795
567.1815,567.199,16015,21314,Nyctalus noctula,0.029,0.038,-1,Echolocation,/mnt/ubna_data_01_mir/recover-20220825/UBNA_002/20220823_033000.WAV,Telephone Field,recover-20220825,002,1795
567.1845,567.2158,68437,80110,Rhinolophus ferrumequinum,0.024,0.024,-1,Echolocation,/mnt/ubna_data_01_mir/recover-20220825/UBNA_002/20220823_033000.WAV,Telephone Field,recover-20220825,002,1795
567.2045,567.2438,68437,81873,Rhinolophus ferrumequinum,0.023,0.023,-1,Echolocation,/mnt/ubna_data_01_mir/recover-20220825/UBNA_002/20220823_033000.WAV,Telephone Field,recover-20220825,002,1795
567.2355,567.2757,68437,82075,Rhinolophus ferrumequinum,0.023,0.023,-1,Echolocation,/mnt/ubna_data_01_mir/recover-20220825/UBNA_002/20220823_033000.WAV,Telephone Field,recover-20220825,002,1795
567.2415,567.252,22031,25941,Nyctalus leisleri,0.013,0.022,-1,Echolocation,/mnt/ubna_data_01_mir/recover-20220825/UBNA_002/20220823_033000.WAV,Telephone Field,recover-20220825,002,1795
567.2455,567.2509,40078,53283,Myotis daubentonii,0.004,0.022,-1,Echolocation,/mnt/ubna_data_01_mir/recover-20220825/UBNA_002/20220823_033000.WAV,Telephone Field,recover-20220825,002,1795
567.2455,567.2516,30625,63431,Myotis daubentonii,0.009,0.022,-1,Echolocation,/mnt/ubna_data_01_mir/recover-20220825/UBNA_002/20220823_033000.WAV,Telephone Field,recover-20220825,002,1795
567.2615,567.2699,23750,31145,Plecotus austriacus,0.007,0.022,-1,Echolocation,/mnt/ubna_data_01_mir/recover-20220825/UBNA_002/20220823_033000.WAV,Telephone Field,recover-20220825,002,1795
567.2655,567.3048,68437,81888,Rhinolophus ferrumequinum,0.036,0.036,-1,Echolocation,/mnt/ubna_data_01_mir/recover-20220825/UBNA_002/20220823_033000.WAV,Telephone Field,recover-20220825,002,1795
567.3285,567.3337,40078,61935,Myotis mystacinus,0.009,0.024,-1,Echolocation,/mnt/ubna_data_01_mir/recover-20220825/UBNA_002/20220823_033000.WAV,Telephone Field,recover-20220825,002,1795
567.3685,567.379,23750,30489,Nyctalus leisleri,0.011,0.029,-1,Echolocation,/mnt/ubna_data_01_mir/recover-20220825/UBNA_002/20220823_033000.WAV,Telephone Field,recover-20220825,002,1795
567.3775,567.3886,23750,29310,Nyctalus leisleri,0.016,0.034,-1,Echolocation,/mnt/ubna_data_01_mir/recover-20220825/UBNA_002/20220823_033000.WAV,Telephone Field,recover-20220825,002,1795
567.4035,567.4114,28046,38168,Eptesicus serotinus,0.01,0.03,-1,Echolocation,/mnt/ubna_data_01_mir/recover-20220825/UBNA_002/20220823_033000.WAV,Telephone Field,recover-20220825,002,1795
567.4105,567.4196,25468,32617,Nyctalus leisleri,0.009,0.027,-1,Echolocation,/mnt/ubna_data_01_mir/recover-20220825/UBNA_002/20220823_033000.WAV,Telephone Field,recover-20220825,002,1795
567.4305,567.4417,22031,26382,Nyctalus leisleri,0.012,0.023,-1,Echolocation,/mnt/ubna_data_01_mir/recover-20220825/UBNA_002/20220823_033000.WAV,Telephone Field,recover-20220825,002,1795
567.4465,567.4655,21171,24657,Nyctalus leisleri,0.021,0.036,-1,Echolocation,/mnt/ubna_data_01_mir/recover-20220825/UBNA_002/20220823_033000.WAV,Telephone Field,recover-20220825,002,1795
567.4645,567.5022,68437,81909,Rhinolophus ferrumequinum,0.022,0.023,-1,Echolocation,/mnt/ubna_data_01_mir/recover-20220825/UBNA_002/20220823_033000.WAV,Telephone Field,recover-20220825,002,1795
567.4945,567.5358,68437,82990,Rhinolophus ferrumequinum,0.023,0.023,-1,Echolocation,/mnt/ubna_data_01_mir/recover-20220825/UBNA_002/20220823_033000.WAV,Telephone Field,recover-20220825,002,1795
567.5335,567.5745,68437,82578,Rhinolophus ferrumequinum,0.026,0.026,-1,Echolocation,/mnt/ubna_data_01_mir/recover-20220825/UBNA_002/20220823_033000.WAV,Telephone Field,recover-20220825,002,1795
567.5515,567.5588,28046,39323,Eptesicus serotinus,0.007,0.023,-1,Echolocation,/mnt/ubna_data_01_mir/recover-20220825/UBNA_002/20220823_033000.WAV,Telephone Field,recover-20220825,002,1795
567.5975,567.6082,22890,28048,Nyctalus leisleri,0.012,0.023,-1,Echolocation,/mnt/ubna_data_01_mir/recover-20220825/UBNA_002/20220823_033000.WAV,Telephone Field,recover-20220825,002,1795
567.6365,567.6779,68437,82431,Rhinolophus ferrumequinum,0.026,0.026,-1,Echolocation,/mnt/ubna_data_01_mir/recover-20220825/UBNA_002/20220823_033000.WAV,Telephone Field,recover-20220825,002,1795
567.6845,567.7233,68437,82479,Rhinolophus ferrumequinum,0.025,0.025,-1,Echolocation,/mnt/ubna_data_01_mir/recover-20220825/UBNA_002/20220823_033000.WAV,Telephone Field,recover-20220825,002,1795
567.6915,567.7339,68437,83207,Rhinolophus ferrumequinum,0.028,0.028,-1,Echolocation,/mnt/ubna_data_01_mir/recover-20220825/UBNA_002/20220823_033000.WAV,Telephone Field,recover-20220825,002,1795
567.7235000000001,567.7307,28046,40577,Eptesicus serotinus,0.007,0.026,-1,Echolocation,/mnt/ubna_data_01_mir/recover-20220825/UBNA_002/20220823_033000.WAV,Telephone Field,recover-20220825,002,1795
567.7285,567.7364,46953,51447,Pipistrellus pipistrellus,0.022,0.024,-1,Echolocation,/mnt/ubna_data_01_mir/recover-20220825/UBNA_002/20220823_033000.WAV,Telephone Field,recover-20220825,002,1795
567.7395,567.776,68437,81955,Rhinolophus ferrumequinum,0.022,0.022,-1,Echolocation,/mnt/ubna_data_01_mir/recover-20220825/UBNA_002/20220823_033000.WAV,Telephone Field,recover-20220825,002,1795
567.7485,567.7589,28906,35978,Eptesicus serotinus,0.009,0.022,-1,Echolocation,/mnt/ubna_data_01_mir/recover-20220825/UBNA_002/20220823_033000.WAV,Telephone Field,recover-20220825,002,1795
567.7745,567.7837,28906,37025,Eptesicus serotinus,0.008,0.021,-1,Echolocation,/mnt/ubna_data_01_mir/recover-20220825/UBNA_002/20220823_033000.WAV,Telephone Field,recover-20220825,002,1795
567.7764999999999,567.8168000000001,68437,82149,Rhinolophus ferrumequinum,0.022,0.022,-1,Echolocation,/mnt/ubna_data_01_mir/recover-20220825/UBNA_002/20220823_033000.WAV,Telephone Field,recover-20220825,002,1795
567.7825,567.7932,23750,30017,Nyctalus leisleri,0.014,0.035,-1,Echolocation,/mnt/ubna_data_01_mir/recover-20220825/UBNA_002/20220823_033000.WAV,Telephone Field,recover-20220825,002,1795
567.7945,567.8098,22031,25868,Nyctalus leisleri,0.024,0.041,-1,Echolocation,/mnt/ubna_data_01_mir/recover-20220825/UBNA_002/20220823_033000.WAV,Telephone Field,recover-20220825,002,1795
567.8065,567.8173,22890,27109,Nyctalus leisleri,0.017,0.028,-1,Echolocation,/mnt/ubna_data_01_mir/recover-20220825/UBNA_002/20220823_033000.WAV,Telephone Field,recover-20220825,002,1795
567.8255,567.865,68437,82224,Rhinolophus ferrumequinum,0.03,0.03,-1,Echolocation,/mnt/ubna_data_01_mir/recover-20220825/UBNA_002/20220823_033000.WAV,Telephone Field,recover-20220825,002,1795
567.8925,567.9314,68437,81743,Rhinolophus ferrumequinum,0.021,0.021,-1,Echolocation,/mnt/ubna_data_01_mir/recover-20220825/UBNA_002/20220823_033000.WAV,Telephone Field,recover-20220825,002,1795
567.9065,567.9171,24609,31066,Nyctalus leisleri,0.015,0.036,-1,Echolocation,/mnt/ubna_data_01_mir/recover-20220825/UBNA_002/20220823_033000.WAV,Telephone Field,recover-20220825,002,1795
567.9515,567.9857,68437,81446,Rhinolophus ferrumequinum,0.03,0.03,-1,Echolocation,/mnt/ubna_data_01_mir/recover-20220825/UBNA_002/20220823_033000.WAV,Telephone Field,recover-20220825,002,1795
567.9765,567.9841,28906,41919,Eptesicus serotinus,0.006,0.023,-1,Echolocation,/mnt/ubna_data_01_mir/recover-20220825/UBNA_002/20220823_033000.WAV,Telephone Field,recover-20220825,002,1795
568.0015,568.0092,23750,34573,Plecotus austriacus,0.005,0.024,-1,Echolocation,/mnt/ubna_data_01_mir/recover-20220825/UBNA_002/20220823_033000.WAV,Telephone Field,recover-20220825,002,1795
568.0015,568.0108,46953,51643,Pipistrellus pipistrellus,0.017,0.024,-1,Echolocation,/mnt/ubna_data_01_mir/recover-20220825/UBNA_002/20220823_033000.WAV,Telephone Field,recover-20220825,002,1795
568.0015,568.0337,69296,81433,Rhinolophus ferrumequinum,0.033,0.033,-1,Echolocation,/mnt/ubna_data_01_mir/recover-20220825/UBNA_002/20220823_033000.WAV,Telephone Field,recover-20220825,002,1795
568.0015,568.0107,38359,47386,Pipistrellus nathusii,0.01,0.033,-1,Echolocation,/mnt/ubna_data_01_mir/recover-20220825/UBNA_002/20220823_033000.WAV,Telephone Field,recover-20220825,002,1795
568.0525,568.093,68437,82217,Rhinolophus ferrumequinum,0.03,0.03,-1,Echolocation,/mnt/ubna_data_01_mir/recover-20220825/UBNA_002/20220823_033000.WAV,Telephone Field,recover-20220825,002,1795
568.1205,568.1275,32343,45691,Myotis daubentonii,0.01,0.025,-1,Echolocation,/mnt/ubna_data_01_mir/recover-20220825/UBNA_002/20220823_033000.WAV,Telephone Field,recover-20220825,002,1795
568.1485,568.1561,25468,35788,Eptesicus serotinus,0.008,0.023,-1,Echolocation,/mnt/ubna_data_01_mir/recover-20220825/UBNA_002/20220823_033000.WAV,Telephone Field,recover-20220825,002,1795
568.1695,568.2108,68437,83026,Rhinolophus ferrumequinum,0.034,0.034,-1,Echolocation,/mnt/ubna_data_01_mir/recover-20220825/UBNA_002/20220823_033000.WAV,Telephone Field,recover-20220825,002,1795
568.1795,568.1865,34062,53573,Myotis daubentonii,0.01,0.025,-1,Echolocation,/mnt/ubna_data_01_mir/recover-20220825/UBNA_002/20220823_033000.WAV,Telephone Field,recover-20220825,002,1795
568.1795,568.1865,40937,51908,Myotis brandtii,0.007,0.028,-1,Echolocation,/mnt/ubna_data_01_mir/recover-20220825/UBNA_002/20220823_033000.WAV,Telephone Field,recover-20220825,002,1795
568.1945,568.2363,68437,83087,Rhinolophus ferrumequinum,0.031,0.031,-1,Echolocation,/mnt/ubna_data_01_mir/recover-20220825/UBNA_002/20220823_033000.WAV,Telephone Field,recover-20220825,002,1795
568.2375,568.2439,28046,40102,Eptesicus serotinus,0.007,0.026,-1,Echolocation,/mnt/ubna_data_01_mir/recover-20220825/UBNA_002/20220823_033000.WAV,Telephone Field,recover-20220825,002,1795
568.2725,568.2827,23750,31489,Eptesicus serotinus,0.008,0.024,-1,Echolocation,/mnt/ubna_data_01_mir/recover-20220825/UBNA_002/20220823_033000.WAV,Telephone Field,recover-20220825,002,1795
568.3025,568.3084,30625,51981,Myotis daubentonii,0.014,0.027,-1,Echolocation,/mnt/ubna_data_01_mir/recover-20220825/UBNA_002/20220823_033000.WAV,Telephone Field,recover-20220825,002,1795
568.3475,568.3543,47812,52296,Pipistrellus pipistrellus,0.023,0.026,-1,Echolocation,/mnt/ubna_data_01_mir/recover-20220825/UBNA_002/20220823_033000.WAV,Telephone Field,recover-20220825,002,1795
568.3565,568.3948,68437,83441,Rhinolophus ferrumequinum,0.024,0.024,-1,Echolocation,/mnt/ubna_data_01_mir/recover-20220825/UBNA_002/20220823_033000.WAV,Telephone Field,recover-20220825,002,1795
568.4155,568.4222,28046,38690,Eptesicus serotinus,0.007,0.027,-1,Echolocation,/mnt/ubna_data_01_mir/recover-20220825/UBNA_002/20220823_033000.WAV,Telephone Field,recover-20220825,002,1795
568.4315,568.4721,68437,82356,Rhinolophus ferrumequinum,0.025,0.025,-1,Echolocation,/mnt/ubna_data_01_mir/recover-20220825/UBNA_002/20220823_033000.WAV,Telephone Field,recover-20220825,002,1795
568.5345,568.5716,68437,81122,Rhinolophus ferrumequinum,0.025,0.025,-1,Echolocation,/mnt/ubna_data_01_mir/recover-20220825/UBNA_002/20220823_033000.WAV,Telephone Field,recover-20220825,002,1795
568.5775,568.5878,24609,32301,Eptesicus serotinus,0.013,0.032,-1,Echolocation,/mnt/ubna_data_01_mir/recover-20220825/UBNA_002/20220823_033000.WAV,Telephone Field,recover-20220825,002,1795
568.6115,568.6525,68437,82825,Rhinolophus ferrumequinum,0.023,0.023,-1,Echolocation,/mnt/ubna_data_01_mir/recover-20220825/UBNA_002/20220823_033000.WAV,Telephone Field,recover-20220825,002,1795
568.6195,568.6276,27187,37105,Eptesicus serotinus,0.008,0.024,-1,Echolocation,/mnt/ubna_data_01_mir/recover-20220825/UBNA_002/20220823_033000.WAV,Telephone Field,recover-20220825,002,1795
568.6535,568.6638,27187,34631,Eptesicus serotinus,0.021,0.038,-1,Echolocation,/mnt/ubna_data_01_mir/recover-20220825/UBNA_002/20220823_033000.WAV,Telephone Field,recover-20220825,002,1795
568.6655,568.6763,44375,46924,Pipistrellus pipistrellus,0.024,0.028,-1,Echolocation,/mnt/ubna_data_01_mir/recover-20220825/UBNA_002/20220823_033000.WAV,Telephone Field,recover-20220825,002,1795
568.6865,568.6944,27187,37751,Eptesicus serotinus,0.007,0.023,-1,Echolocation,/mnt/ubna_data_01_mir/recover-20220825/UBNA_002/20220823_033000.WAV,Telephone Field,recover-20220825,002,1795
568.7105,568.7185,47812,52045,Pipistrellus pipistrellus,0.03,0.033,-1,Echolocation,/mnt/ubna_data_01_mir/recover-20220825/UBNA_002/20220823_033000.WAV,Telephone Field,recover-20220825,002,1795
568.7365,568.7467,26328,34260,Eptesicus serotinus,0.01,0.024,-1,Echolocation,/mnt/ubna_data_01_mir/recover-20220825/UBNA_002/20220823_033000.WAV,Telephone Field,recover-20220825,002,1795
568.7395,568.7779,68437,82419,Rhinolophus ferrumequinum,0.026,0.026,-1,Echolocation,/mnt/ubna_data_01_mir/recover-20220825/UBNA_002/20220823_033000.WAV,Telephone Field,recover-20220825,002,1795
568.7605,568.8019,68437,82335,Rhinolophus ferrumequinum,0.024,0.024,-1,Echolocation,/mnt/ubna_data_01_mir/recover-20220825/UBNA_002/20220823_033000.WAV,Telephone Field,recover-20220825,002,1795
568.7665,568.7767,23750,30996,Nyctalus leisleri,0.011,0.033,-1,Echolocation,/mnt/ubna_data_01_mir/recover-20220825/UBNA_002/20220823_033000.WAV,Telephone Field,recover-20220825,002,1795
568.7915,568.8048,28046,34026,Eptesicus serotinus,0.016,0.028,-1,Echolocation,/mnt/ubna_data_01_mir/recover-20220825/UBNA_002/20220823_033000.WAV,Telephone Field,recover-20220825,002,1795
568.7955,568.833,68437,81680,Rhinolophus ferrumequinum,0.023,0.023,-1,Echolocation,/mnt/ubna_data_01_mir/recover-20220825/UBNA_002/20220823_033000.WAV,Telephone Field,recover-20220825,002,1795
568.8025,568.8117,28046,39358,Eptesicus serotinus,0.01,0.025,-1,Echolocation,/mnt/ubna_data_01_mir/recover-20220825/UBNA_002/20220823_033000.WAV,Telephone Field,recover-20220825,002,1795
568.8145,568.8503,68437,81544,Rhinolophus ferrumequinum,0.023,0.023,-1,Echolocation,/mnt/ubna_data_01_mir/recover-20220825/UBNA_002/20220823_033000.WAV,Telephone Field,recover-20220825,002,1795
568.8195,568.8253,33203,45964,Myotis daubentonii,0.013,0.026,-1,Echolocation,/mnt/ubna_data_01_mir/recover-20220825/UBNA_002/20220823_033000.WAV,Telephone Field,recover-20220825,002,1795
568.8205,568.8274,27187,40724,Eptesicus serotinus,0.008,0.027,-1,Echolocation,/mnt/ubna_data_01_mir/recover-20220825/UBNA_002/20220823_033000.WAV,Telephone Field,recover-20220825,002,1795
568.8915,568.8972,32343,49993,Myotis daubentonii,0.017,0.034,-1,Echolocation,/mnt/ubna_data_01_mir/recover-20220825/UBNA_002/20220823_033000.WAV,Telephone Field,recover-20220825,002,1795
568.8935,568.9366,68437,83243,Rhinolophus ferrumequinum,0.046,0.046,-1,Echolocation,/mnt/ubna_data_01_mir/recover-20220825/UBNA_002/20220823_033000.WAV,Telephone Field,recover-20220825,002,1795
568.9295,568.9379,28046,39685,Eptesicus serotinus,0.01,0.026,-1,Echolocation,/mnt/ubna_data_01_mir/recover-20220825/UBNA_002/20220823_033000.WAV,Telephone Field,recover-20220825,002,1795
568.9495,568.9928,68437,83486,Rhinolophus ferrumequinum,0.035,0.035,-1,Echolocation,/mnt/ubna_data_01_mir/recover-20220825/UBNA_002/20220823_033000.WAV,Telephone Field,recover-20220825,002,1795
568.9895,568.9982,28046,38895,Eptesicus serotinus,0.009,0.023,-1,Echolocation,/mnt/ubna_data_01_mir/recover-20220825/UBNA_002/20220823_033000.WAV,Telephone Field,recover-20220825,002,1795
569.0355,569.0476,23750,29180,Nyctalus leisleri,0.01,0.025,-1,Echolocation,/mnt/ubna_data_01_mir/recover-20220825/UBNA_002/20220823_033000.WAV,Telephone Field,recover-20220825,002,1795
569.0375,569.0757,68437,81857,Rhinolophus ferrumequinum,0.025,0.025,-1,Echolocation,/mnt/ubna_data_01_mir/recover-20220825/UBNA_002/20220823_033000.WAV,Telephone Field,recover-20220825,002,1795
569.0545,569.06,37500,47154,Myotis daubentonii,0.023,0.041,-1,Echolocation,/mnt/ubna_data_01_mir/recover-20220825/UBNA_002/20220823_033000.WAV,Telephone Field,recover-20220825,002,1795
569.0555,569.0624,26328,45367,Eptesicus serotinus,0.007,0.023,-1,Echolocation,/mnt/ubna_data_01_mir/recover-20220825/UBNA_002/20220823_033000.WAV,Telephone Field,recover-20220825,002,1795
569.1295,569.1394,28046,36196,Eptesicus serotinus,0.012,0.026,-1,Echolocation,/mnt/ubna_data_01_mir/recover-20220825/UBNA_002/20220823_033000.WAV,Telephone Field,recover-20220825,002,1795
569.1505,569.1894,68437,82230,Rhinolophus ferrumequinum,0.027,0.027,-1,Echolocation,/mnt/ubna_data_01_mir/recover-20220825/UBNA_002/20220823_033000.WAV,Telephone Field,recover-20220825,002,1795
569.1785,569.1864,26328,42521,Eptesicus serotinus,0.01,0.027,-1,Echolocation,/mnt/ubna_data_01_mir/recover-20220825/UBNA_002/20220823_033000.WAV,Telephone Field,recover-20220825,002,1795
569.1815,569.1876,40937,48862,Myotis daubentonii,0.015,0.026,-1,Echolocation,/mnt/ubna_data_01_mir/recover-20220825/UBNA_002/20220823_033000.WAV,Telephone Field,recover-20220825,002,1795
569.2025,569.2367,68437,81642,Rhinolophus ferrumequinum,0.023,0.023,-1,Echolocation,/mnt/ubna_data_01_mir/recover-20220825/UBNA_002/20220823_033000.WAV,Telephone Field,recover-20220825,002,1795
569.2405,569.2544,22031,25917,Nyctalus leisleri,0.017,0.029,-1,Echolocation,/mnt/ubna_data_01_mir/recover-20220825/UBNA_002/20220823_033000.WAV,Telephone Field,recover-20220825,002,1795
569.2595,569.298,68437,81711,Rhinolophus ferrumequinum,0.026,0.026,-1,Echolocation,/mnt/ubna_data_01_mir/recover-20220825/UBNA_002/20220823_033000.WAV,Telephone Field,recover-20220825,002,1795
569.2805,569.3198,68437,82155,Rhinolophus ferrumequinum,0.027,0.027,-1,Echolocation,/mnt/ubna_data_01_mir/recover-20220825/UBNA_002/20220823_033000.WAV,Telephone Field,recover-20220825,002,1795
569.2915,569.2951,37500,54498,Myotis daubentonii,0.112,0.262,-1,Echolocation,/mnt/ubna_data_01_mir/recover-20220825/UBNA_002/20220823_033000.WAV,Telephone Field,recover-20220825,002,1795
569.3475,569.3554,28046,39484,Eptesicus serotinus,0.009,0.024,-1,Echolocation,/mnt/ubna_data_01_mir/recover-20220825/UBNA_002/20220823_033000.WAV,Telephone Field,recover-20220825,002,1795
569.4325,569.4364,39218,52903,Myotis daubentonii,0.145,0.26,-1,Echolocation,/mnt/ubna_data_01_mir/recover-20220825/UBNA_002/20220823_033000.WAV,Telephone Field,recover-20220825,002,1795
569.4495,569.4581000000001,26328,39122,Eptesicus serotinus,0.013,0.031,-1,Echolocation,/mnt/ubna_data_01_mir/recover-20220825/UBNA_002/20220823_033000.WAV,Telephone Field,recover-20220825,002,1795
569.4535,569.4954,68437,83175,Rhinolophus ferrumequinum,0.033,0.033,-1,Echolocation,/mnt/ubna_data_01_mir/recover-20220825/UBNA_002/20220823_033000.WAV,Telephone Field,recover-20220825,002,1795
569.5285,569.5364,46953,49388,Pipistrellus pipistrellus,0.026,0.029,-1,Echolocation,/mnt/ubna_data_01_mir/recover-20220825/UBNA_002/20220823_033000.WAV,Telephone Field,recover-20220825,002,1795
569.5565,569.5926,68437,81955,Rhinolophus ferrumequinum,0.024,0.024,-1,Echolocation,/mnt/ubna_data_01_mir/recover-20220825/UBNA_002/20220823_033000.WAV,Telephone Field,recover-20220825,002,1795
569.5585,569.5633,39218,50223,Myotis daubentonii,0.207,0.325,-1,Echolocation,/mnt/ubna_data_01_mir/recover-20220825/UBNA_002/20220823_033000.WAV,Telephone Field,recover-20220825,002,1795
569.5585,569.564,29765,68697,Myotis brandtii,0.046,0.117,-1,Echolocation,/mnt/ubna_data_01_mir/recover-20220825/UBNA_002/20220823_033000.WAV,Telephone Field,recover-20220825,002,1795
569.5675,569.5768,28046,34804,Eptesicus serotinus,0.009,0.027,-1,Echolocation,/mnt/ubna_data_01_mir/recover-20220825/UBNA_002/20220823_033000.WAV,Telephone Field,recover-20220825,002,1795
569.6165,569.6564,68437,82401,Rhinolophus ferrumequinum,0.025,0.025,-1,Echolocation,/mnt/ubna_data_01_mir/recover-20220825/UBNA_002/20220823_033000.WAV,Telephone Field,recover-20220825,002,1795
569.6365,569.6438,26328,41568,Eptesicus serotinus,0.007,0.023,-1,Echolocation,/mnt/ubna_data_01_mir/recover-20220825/UBNA_002/20220823_033000.WAV,Telephone Field,recover-20220825,002,1795
569.6395,569.6452,40937,53907,Myotis brandtii,0.007,0.023,-1,Echolocation,/mnt/ubna_data_01_mir/recover-20220825/UBNA_002/20220823_033000.WAV,Telephone Field,recover-20220825,002,1795
569.6655,569.6708,40078,51347,Myotis daubentonii,0.205,0.406,-1,Echolocation,/mnt/ubna_data_01_mir/recover-20220825/UBNA_002/20220823_033000.WAV,Telephone Field,recover-20220825,002,1795
569.7305,569.7376,27187,35924,Eptesicus serotinus,0.012,0.031,-1,Echolocation,/mnt/ubna_data_01_mir/recover-20220825/UBNA_002/20220823_033000.WAV,Telephone Field,recover-20220825,002,1795
569.7565,569.795,68437,82432,Rhinolophus ferrumequinum,0.024,0.024,-1,Echolocation,/mnt/ubna_data_01_mir/recover-20220825/UBNA_002/20220823_033000.WAV,Telephone Field,recover-20220825,002,1795
569.7665,569.775,45234,54958,Pipistrellus pipistrellus,0.02,0.038,-1,Echolocation,/mnt/ubna_data_01_mir/recover-20220825/UBNA_002/20220823_033000.WAV,Telephone Field,recover-20220825,002,1795
569.7685,569.7739,40078,59451,Myotis brandtii,0.01,0.025,-1,Echolocation,/mnt/ubna_data_01_mir/recover-20220825/UBNA_002/20220823_033000.WAV,Telephone Field,recover-20220825,002,1795
569.7805,569.818,68437,81597,Rhinolophus ferrumequinum,0.024,0.024,-1,Echolocation,/mnt/ubna_data_01_mir/recover-20220825/UBNA_002/20220823_033000.WAV,Telephone Field,recover-20220825,002,1795
569.8005,569.8065,40078,50262,Myotis daubentonii,0.129,0.374,-1,Echolocation,/mnt/ubna_data_01_mir/recover-20220825/UBNA_002/20220823_033000.WAV,Telephone Field,recover-20220825,002,1795
569.8445,569.8556,22890,28168,Nyctalus leisleri,0.012,0.026,-1,Echolocation,/mnt/ubna_data_01_mir/recover-20220825/UBNA_002/20220823_033000.WAV,Telephone Field,recover-20220825,002,1795
569.9235,569.9304,34062,44583,Myotis daubentonii,0.01,0.026,-1,Echolocation,/mnt/ubna_data_01_mir/recover-20220825/UBNA_002/20220823_033000.WAV,Telephone Field,recover-20220825,002,1795
569.9355,569.9401,32343,62361,Myotis brandtii,0.098,0.247,-1,Echolocation,/mnt/ubna_data_01_mir/recover-20220825/UBNA_002/20220823_033000.WAV,Telephone Field,recover-20220825,002,1795
570.0015,570.0166,19453,24451,Nyctalus leisleri,0.01,0.025,-1,Echolocation,/mnt/ubna_data_01_mir/recover-20220825/UBNA_002/20220823_033000.WAV,Telephone Field,recover-20220825,002,1795
570.0015,570.0332,69296,80804,Rhinolophus ferrumequinum,0.04,0.04,-1,Echolocation,/mnt/ubna_data_01_mir/recover-20220825/UBNA_002/20220823_033000.WAV,Telephone Field,recover-20220825,002,1795
570.0015,570.0098,24609,34300,Nyctalus leisleri,0.006,0.026,-1,Echolocation,/mnt/ubna_data_01_mir/recover-20220825/UBNA_002/20220823_033000.WAV,Telephone Field,recover-20220825,002,1795
570.0075,570.0474,68437,80782,Rhinolophus ferrumequinum,0.026,0.026,-1,Echolocation,/mnt/ubna_data_01_mir/recover-20220825/UBNA_002/20220823_033000.WAV,Telephone Field,recover-20220825,002,1795
570.0305,570.0348,30625,64529,Myotis daubentonii,0.093,0.172,-1,Echolocation,/mnt/ubna_data_01_mir/recover-20220825/UBNA_002/20220823_033000.WAV,Telephone Field,recover-20220825,002,1795
570.0305,570.0341,38359,57610,Myotis daubentonii,0.13,0.262,-1,Echolocation,/mnt/ubna_data_01_mir/recover-20220825/UBNA_002/20220823_033000.WAV,Telephone Field,recover-20220825,002,1795
570.0665,570.1057,68437,81921,Rhinolophus ferrumequinum,0.023,0.023,-1,Echolocation,/mnt/ubna_data_01_mir/recover-20220825/UBNA_002/20220823_033000.WAV,Telephone Field,recover-20220825,002,1795
570.0745,570.0793,33203,51484,Myotis daubentonii,0.125,0.202,-1,Echolocation,/mnt/ubna_data_01_mir/recover-20220825/UBNA_002/20220823_033000.WAV,Telephone Field,recover-20220825,002,1795
570.1135,570.1189,33203,50946,Myotis daubentonii,0.035,0.049,-1,Echolocation,/mnt/ubna_data_01_mir/recover-20220825/UBNA_002/20220823_033000.WAV,Telephone Field,recover-20220825,002,1795
570.1715,570.1759,39218,54947,Myotis daubentonii,0.181,0.333,-1,Echolocation,/mnt/ubna_data_01_mir/recover-20220825/UBNA_002/20220823_033000.WAV,Telephone Field,recover-20220825,002,1795
570.2105,570.2199,28046,36987,Eptesicus serotinus,0.012,0.032,-1,Echolocation,/mnt/ubna_data_01_mir/recover-20220825/UBNA_002/20220823_033000.WAV,Telephone Field,recover-20220825,002,1795
570.2145,570.2543,68437,82304,Rhinolophus ferrumequinum,0.023,0.023,-1,Echolocation,/mnt/ubna_data_01_mir/recover-20220825/UBNA_002/20220823_033000.WAV,Telephone Field,recover-20220825,002,1795
570.2275,570.2346,30625,45947,Myotis daubentonii,0.017,0.03,-1,Echolocation,/mnt/ubna_data_01_mir/recover-20220825/UBNA_002/20220823_033000.WAV,Telephone Field,recover-20220825,002,1795
570.2525,570.262,23750,30312,Nyctalus leisleri,0.008,0.026,-1,Echolocation,/mnt/ubna_data_01_mir/recover-20220825/UBNA_002/20220823_033000.WAV,Telephone Field,recover-20220825,002,1795
570.2695,570.2782,28046,36110,Eptesicus serotinus,0.008,0.024,-1,Echolocation,/mnt/ubna_data_01_mir/recover-20220825/UBNA_002/20220823_033000.WAV,Telephone Field,recover-20220825,002,1795
570.2835,570.2873,40078,53102,Myotis daubentonii,0.176,0.318,-1,Echolocation,/mnt/ubna_data_01_mir/recover-20220825/UBNA_002/20220823_033000.WAV,Telephone Field,recover-20220825,002,1795
570.3125,570.322,25468,33720,Eptesicus serotinus,0.01,0.031,-1,Echolocation,/mnt/ubna_data_01_mir/recover-20220825/UBNA_002/20220823_033000.WAV,Telephone Field,recover-20220825,002,1795
570.3155,570.3222,36640,57376,Myotis brandtii,0.01,0.024,-1,Echolocation,/mnt/ubna_data_01_mir/recover-20220825/UBNA_002/20220823_033000.WAV,Telephone Field,recover-20220825,002,1795
570.3385,570.3492,24609,31527,Eptesicus serotinus,0.009,0.027,-1,Echolocation,/mnt/ubna_data_01_mir/recover-20220825/UBNA_002/20220823_033000.WAV,Telephone Field,recover-20220825,002,1795
570.3735,570.3811,28046,36067,Eptesicus serotinus,0.007,0.025,-1,Echolocation,/mnt/ubna_data_01_mir/recover-20220825/UBNA_002/20220823_033000.WAV,Telephone Field,recover-20220825,002,1795
570.3905,570.3942,39218,54175,Myotis daubentonii,0.151,0.251,-1,Echolocation,/mnt/ubna_data_01_mir/recover-20220825/UBNA_002/20220823_033000.WAV,Telephone Field,recover-20220825,002,1795
570.4075,570.4468,68437,82162,Rhinolophus ferrumequinum,0.026,0.026,-1,Echolocation,/mnt/ubna_data_01_mir/recover-20220825/UBNA_002/20220823_033000.WAV,Telephone Field,recover-20220825,002,1795
570.4115,570.4214,25468,33464,Eptesicus serotinus,0.008,0.027,-1,Echolocation,/mnt/ubna_data_01_mir/recover-20220825/UBNA_002/20220823_033000.WAV,Telephone Field,recover-20220825,002,1795
570.4275,570.4372,27187,35958,Eptesicus serotinus,0.009,0.024,-1,Echolocation,/mnt/ubna_data_01_mir/recover-20220825/UBNA_002/20220823_033000.WAV,Telephone Field,recover-20220825,002,1795
570.4325,570.442,24609,32730,Eptesicus serotinus,0.007,0.024,-1,Echolocation,/mnt/ubna_data_01_mir/recover-20220825/UBNA_002/20220823_033000.WAV,Telephone Field,recover-20220825,002,1795
570.4405,570.4465,29765,47706,Myotis daubentonii,0.016,0.027,-1,Echolocation,/mnt/ubna_data_01_mir/recover-20220825/UBNA_002/20220823_033000.WAV,Telephone Field,recover-20220825,002,1795
570.4535,570.4605,28906,46705,Myotis daubentonii,0.013,0.024,-1,Echolocation,/mnt/ubna_data_01_mir/recover-20220825/UBNA_002/20220823_033000.WAV,Telephone Field,recover-20220825,002,1795
570.4545,570.4616,45234,57080,Pipistrellus pipistrellus,0.014,0.03,-1,Echolocation,/mnt/ubna_data_01_mir/recover-20220825/UBNA_002/20220823_033000.WAV,Telephone Field,recover-20220825,002,1795
570.4555,570.4611,34921,55361,Myotis brandtii,0.012,0.028,-1,Echolocation,/mnt/ubna_data_01_mir/recover-20220825/UBNA_002/20220823_033000.WAV,Telephone Field,recover-20220825,002,1795
570.4635,570.4696,35781,52584,Myotis brandtii,0.011,0.023,-1,Echolocation,/mnt/ubna_data_01_mir/recover-20220825/UBNA_002/20220823_033000.WAV,Telephone Field,recover-20220825,002,1795
570.4675,570.4746,49531,55467,Pipistrellus pipistrellus,0.039,0.044,-1,Echolocation,/mnt/ubna_data_01_mir/recover-20220825/UBNA_002/20220823_033000.WAV,Telephone Field,recover-20220825,002,1795
570.4685,570.4766,27187,40596,Myotis daubentonii,0.011,0.032,-1,Echolocation,/mnt/ubna_data_01_mir/recover-20220825/UBNA_002/20220823_033000.WAV,Telephone Field,recover-20220825,002,1795
570.4825,570.4914,28046,35966,Eptesicus serotinus,0.009,0.029,-1,Echolocation,/mnt/ubna_data_01_mir/recover-20220825/UBNA_002/20220823_033000.WAV,Telephone Field,recover-20220825,002,1795
570.4965,570.5019,40078,50649,Myotis daubentonii,0.156,0.357,-1,Echolocation,/mnt/ubna_data_01_mir/recover-20220825/UBNA_002/20220823_033000.WAV,Telephone Field,recover-20220825,002,1795
570.5585,570.565,39218,56209,Myotis brandtii,0.008,0.023,-1,Echolocation,/mnt/ubna_data_01_mir/recover-20220825/UBNA_002/20220823_033000.WAV,Telephone Field,recover-20220825,002,1795
570.5585,570.5645,29765,54834,Myotis daubentonii,0.013,0.024,-1,Echolocation,/mnt/ubna_data_01_mir/recover-20220825/UBNA_002/20220823_033000.WAV,Telephone Field,recover-20220825,002,1795
570.5675,570.5773,28046,36184,Eptesicus serotinus,0.013,0.032,-1,Echolocation,/mnt/ubna_data_01_mir/recover-20220825/UBNA_002/20220823_033000.WAV,Telephone Field,recover-20220825,002,1795
570.5895,570.6277,68437,81405,Rhinolophus ferrumequinum,0.023,0.024,-1,Echolocation,/mnt/ubna_data_01_mir/recover-20220825/UBNA_002/20220823_033000.WAV,Telephone Field,recover-20220825,002,1795
570.5935,570.6007,40937,49315,Pipistrellus nathusii,0.151,0.281,-1,Echolocation,/mnt/ubna_data_01_mir/recover-20220825/UBNA_002/20220823_033000.WAV,Telephone Field,recover-20220825,002,1795
570.6085,570.6159,51250,57962,Pipistrellus pipistrellus,0.025,0.031,-1,Echolocation,/mnt/ubna_data_01_mir/recover-20220825/UBNA_002/20220823_033000.WAV,Telephone Field,recover-20220825,002,1795
570.6245,570.6329,27187,36242,Eptesicus serotinus,0.008,0.023,-1,Echolocation,/mnt/ubna_data_01_mir/recover-20220825/UBNA_002/20220823_033000.WAV,Telephone Field,recover-20220825,002,1795
570.6325,570.6399,29765,48710,Myotis daubentonii,0.012,0.023,-1,Echolocation,/mnt/ubna_data_01_mir/recover-20220825/UBNA_002/20220823_033000.WAV,Telephone Field,recover-20220825,002,1795
570.6585,570.6945,68437,81528,Rhinolophus ferrumequinum,0.029,0.029,-1,Echolocation,/mnt/ubna_data_01_mir/recover-20220825/UBNA_002/20220823_033000.WAV,Telephone Field,recover-20220825,002,1795
570.6955,570.7032,41796,47744,Pipistrellus nathusii,0.393,0.452,-1,Echolocation,/mnt/ubna_data_01_mir/recover-20220825/UBNA_002/20220823_033000.WAV,Telephone Field,recover-20220825,002,1795
570.6965,570.7015,28906,65689,Myotis brandtii,0.032,0.076,-1,Echolocation,/mnt/ubna_data_01_mir/recover-20220825/UBNA_002/20220823_033000.WAV,Telephone Field,recover-20220825,002,1795
570.7315,570.7745,68437,82239,Rhinolophus ferrumequinum,0.024,0.024,-1,Echolocation,/mnt/ubna_data_01_mir/recover-20220825/UBNA_002/20220823_033000.WAV,Telephone Field,recover-20220825,002,1795
570.7405,570.7824,68437,82756,Rhinolophus ferrumequinum,0.032,0.032,-1,Echolocation,/mnt/ubna_data_01_mir/recover-20220825/UBNA_002/20220823_033000.WAV,Telephone Field,recover-20220825,002,1795
570.7505,570.7597,27187,36855,Eptesicus serotinus,0.009,0.025,-1,Echolocation,/mnt/ubna_data_01_mir/recover-20220825/UBNA_002/20220823_033000.WAV,Telephone Field,recover-20220825,002,1795
570.7635,570.7716,27187,38040,Eptesicus serotinus,0.008,0.026,-1,Echolocation,/mnt/ubna_data_01_mir/recover-20220825/UBNA_002/20220823_033000.WAV,Telephone Field,recover-20220825,002,1795
570.8145,570.8197,40078,52775,Myotis brandtii,0.109,0.292,-1,Echolocation,/mnt/ubna_data_01_mir/recover-20220825/UBNA_002/20220823_033000.WAV,Telephone Field,recover-20220825,002,1795
570.9005,570.9065,40937,52999,Pipistrellus nathusii,0.129,0.363,-1,Echolocation,/mnt/ubna_data_01_mir/recover-20220825/UBNA_002/20220823_033000.WAV,Telephone Field,recover-20220825,002,1795
570.9145,570.9468,68437,80568,Rhinolophus ferrumequinum,0.023,0.024,-1,Echolocation,/mnt/ubna_data_01_mir/recover-20220825/UBNA_002/20220823_033000.WAV,Telephone Field,recover-20220825,002,1795
570.9495,570.9879,68437,82059,Rhinolophus ferrumequinum,0.024,0.024,-1,Echolocation,/mnt/ubna_data_01_mir/recover-20220825/UBNA_002/20220823_033000.WAV,Telephone Field,recover-20220825,002,1795
570.9515,570.9589,43515,53539,Pipistrellus pipistrellus,0.014,0.032,-1,Echolocation,/mnt/ubna_data_01_mir/recover-20220825/UBNA_002/20220823_033000.WAV,Telephone Field,recover-20220825,002,1795
570.9525,570.9575,31484,50166,Myotis daubentonii,0.035,0.052,-1,Echolocation,/mnt/ubna_data_01_mir/recover-20220825/UBNA_002/20220823_033000.WAV,Telephone Field,recover-20220825,002,1795
570.9665,570.9731,40937,54592,Myotis daubentonii,0.078,0.229,-1,Echolocation,/mnt/ubna_data_01_mir/recover-20220825/UBNA_002/20220823_033000.WAV,Telephone Field,recover-20220825,002,1795
570.9935,571.0023,26328,34954,Eptesicus serotinus,0.008,0.025,-1,Echolocation,/mnt/ubna_data_01_mir/recover-20220825/UBNA_002/20220823_033000.WAV,Telephone Field,recover-20220825,002,1795
570.9975,571.0353,68437,82030,Rhinolophus ferrumequinum,0.025,0.025,-1,Echolocation,/mnt/ubna_data_01_mir/recover-20220825/UBNA_002/20220823_033000.WAV,Telephone Field,recover-20220825,002,1795
571.0165,571.0245,27187,35668,Eptesicus serotinus,0.009,0.029,-1,Echolocation,/mnt/ubna_data_01_mir/recover-20220825/UBNA_002/20220823_033000.WAV,Telephone Field,recover-20220825,002,1795
571.0245,571.032,41796,51059,Pipistrellus nathusii,0.27,0.453,-1,Echolocation,/mnt/ubna_data_01_mir/recover-20220825/UBNA_002/20220823_033000.WAV,Telephone Field,recover-20220825,002,1795
571.0815,571.0945,43515,48455,Pipistrellus nathusii,0.218,0.289,-1,Echolocation,/mnt/ubna_data_01_mir/recover-20220825/UBNA_002/20220823_033000.WAV,Telephone Field,recover-20220825,002,1795
571.0835,571.0893,30625,62670,Myotis daubentonii,0.022,0.05,-1,Echolocation,/mnt/ubna_data_01_mir/recover-20220825/UBNA_002/20220823_033000.WAV,Telephone Field,recover-20220825,002,1795
571.0975,571.1092,24609,30043,Nyctalus leisleri,0.018,0.042,-1,Echolocation,/mnt/ubna_data_01_mir/recover-20220825/UBNA_002/20220823_033000.WAV,Telephone Field,recover-20220825,002,1795
571.1075,571.1165,28046,36978,Eptesicus serotinus,0.009,0.025,-1,Echolocation,/mnt/ubna_data_01_mir/recover-20220825/UBNA_002/20220823_033000.WAV,Telephone Field,recover-20220825,002,1795
571.1125,571.1197,50390,59056,Pipistrellus pipistrellus,0.019,0.024,-1,Echolocation,/mnt/ubna_data_01_mir/recover-20220825/UBNA_002/20220823_033000.WAV,Telephone Field,recover-20220825,002,1795
571.1305,571.1432,23750,28206,Nyctalus leisleri,0.016,0.03,-1,Echolocation,/mnt/ubna_data_01_mir/recover-20220825/UBNA_002/20220823_033000.WAV,Telephone Field,recover-20220825,002,1795
571.1365,571.1423,36640,50417,Myotis daubentonii,0.012,0.027,-1,Echolocation,/mnt/ubna_data_01_mir/recover-20220825/UBNA_002/20220823_033000.WAV,Telephone Field,recover-20220825,002,1795
571.1375,571.1436,28906,50572,Myotis daubentonii,0.017,0.028,-1,Echolocation,/mnt/ubna_data_01_mir/recover-20220825/UBNA_002/20220823_033000.WAV,Telephone Field,recover-20220825,002,1795
571.1675,571.1728,40078,57231,Myotis brandtii,0.147,0.373,-1,Echolocation,/mnt/ubna_data_01_mir/recover-20220825/UBNA_002/20220823_033000.WAV,Telephone Field,recover-20220825,002,1795
571.2035,571.2119,27187,38846,Eptesicus serotinus,0.009,0.027,-1,Echolocation,/mnt/ubna_data_01_mir/recover-20220825/UBNA_002/20220823_033000.WAV,Telephone Field,recover-20220825,002,1795
571.2245,571.2324,27187,39797,Eptesicus serotinus,0.007,0.024,-1,Echolocation,/mnt/ubna_data_01_mir/recover-20220825/UBNA_002/20220823_033000.WAV,Telephone Field,recover-20220825,002,1795
571.2425,571.2504,27187,35269,Eptesicus serotinus,0.007,0.023,-1,Echolocation,/mnt/ubna_data_01_mir/recover-20220825/UBNA_002/20220823_033000.WAV,Telephone Field,recover-20220825,002,1795
571.2555,571.2612,40937,56922,Myotis daubentonii,0.155,0.446,-1,Echolocation,/mnt/ubna_data_01_mir/recover-20220825/UBNA_002/20220823_033000.WAV,Telephone Field,recover-20220825,002,1795
571.2565,571.2614,30625,70663,Myotis brandtii,0.054,0.095,-1,Echolocation,/mnt/ubna_data_01_mir/recover-20220825/UBNA_002/20220823_033000.WAV,Telephone Field,recover-20220825,002,1795
571.2925,571.2988,34062,57915,Myotis brandtii,0.012,0.025,-1,Echolocation,/mnt/ubna_data_01_mir/recover-20220825/UBNA_002/20220823_033000.WAV,Telephone Field,recover-20220825,002,1795
571.3015,571.3391,68437,81703,Rhinolophus ferrumequinum,0.026,0.026,-1,Echolocation,/mnt/ubna_data_01_mir/recover-20220825/UBNA_002/20220823_033000.WAV,Telephone Field,recover-20220825,002,1795
571.3195,571.3276,28046,36598,Eptesicus serotinus,0.01,0.033,-1,Echolocation,/mnt/ubna_data_01_mir/recover-20220825/UBNA_002/20220823_033000.WAV,Telephone Field,recover-20220825,002,1795
571.3575,571.3629,38359,55239,Myotis daubentonii,0.137,0.366,-1,Echolocation,/mnt/ubna_data_01_mir/recover-20220825/UBNA_002/20220823_033000.WAV,Telephone Field,recover-20220825,002,1795
571.3585,571.3637,28046,74138,Myotis brandtii,0.043,0.103,-1,Echolocation,/mnt/ubna_data_01_mir/recover-20220825/UBNA_002/20220823_033000.WAV,Telephone Field,recover-20220825,002,1795
571.4355,571.4444,28046,35008,Eptesicus serotinus,0.009,0.024,-1,Echolocation,/mnt/ubna_data_01_mir/recover-20220825/UBNA_002/20220823_033000.WAV,Telephone Field,recover-20220825,002,1795
571.4445,571.4545,47812,56977,Pipistrellus pipistrellus,0.033,0.061,-1,Echolocation,/mnt/ubna_data_01_mir/recover-20220825/UBNA_002/20220823_033000.WAV,Telephone Field,recover-20220825,002,1795
571.4515,571.4577,34921,73798,Myotis brandtii,0.317,0.443,-1,Echolocation,/mnt/ubna_data_01_mir/recover-20220825/UBNA_002/20220823_033000.WAV,Telephone Field,recover-20220825,002,1795
571.4825,571.4955,28906,34366,Eptesicus serotinus,0.11,0.176,-1,Echolocation,/mnt/ubna_data_01_mir/recover-20220825/UBNA_002/20220823_033000.WAV,Telephone Field,recover-20220825,002,1795
571.4915,571.4957,40937,64414,Myotis brandtii,0.172,0.329,-1,Echolocation,/mnt/ubna_data_01_mir/recover-20220825/UBNA_002/20220823_033000.WAV,Telephone Field,recover-20220825,002,1795
571.5595,571.5938,68437,80820,Rhinolophus ferrumequinum,0.025,0.025,-1,Echolocation,/mnt/ubna_data_01_mir/recover-20220825/UBNA_002/20220823_033000.WAV,Telephone Field,recover-20220825,002,1795
571.5685,571.5732,35781,50935,Myotis daubentonii,0.027,0.049,-1,Echolocation,/mnt/ubna_data_01_mir/recover-20220825/UBNA_002/20220823_033000.WAV,Telephone Field,recover-20220825,002,1795
571.5855,571.5913,36640,73162,Myotis brandtii,0.192,0.33,-1,Echolocation,/mnt/ubna_data_01_mir/recover-20220825/UBNA_002/20220823_033000.WAV,Telephone Field,recover-20220825,002,1795
571.5855,571.5907,28046,85735,Myotis brandtii,0.085,0.144,-1,Echolocation,/mnt/ubna_data_01_mir/recover-20220825/UBNA_002/20220823_033000.WAV,Telephone Field,recover-20220825,002,1795
571.6405,571.646,40078,64225,Myotis brandtii,0.171,0.398,-1,Echolocation,/mnt/ubna_data_01_mir/recover-20220825/UBNA_002/20220823_033000.WAV,Telephone Field,recover-20220825,002,1795
571.6405,571.6459,30625,86994,Myotis brandtii,0.117,0.167,-1,Echolocation,/mnt/ubna_data_01_mir/recover-20220825/UBNA_002/20220823_033000.WAV,Telephone Field,recover-20220825,002,1795
571.6675,571.6752,27187,36402,Eptesicus serotinus,0.011,0.03,-1,Echolocation,/mnt/ubna_data_01_mir/recover-20220825/UBNA_002/20220823_033000.WAV,Telephone Field,recover-20220825,002,1795
571.7045,571.715,24609,31276,Eptesicus serotinus,0.03,0.071,-1,Echolocation,/mnt/ubna_data_01_mir/recover-20220825/UBNA_002/20220823_033000.WAV,Telephone Field,recover-20220825,002,1795
571.7185,571.7242,41796,57019,Myotis brandtii,0.009,0.025,-1,Echolocation,/mnt/ubna_data_01_mir/recover-20220825/UBNA_002/20220823_033000.WAV,Telephone Field,recover-20220825,002,1795
571.7185,571.7244,36640,56824,Myotis brandtii,0.01,0.023,-1,Echolocation,/mnt/ubna_data_01_mir/recover-20220825/UBNA_002/20220823_033000.WAV,Telephone Field,recover-20220825,002,1795
571.7235,571.7317,27187,34597,Eptesicus serotinus,0.008,0.026,-1,Echolocation,/mnt/ubna_data_01_mir/recover-20220825/UBNA_002/20220823_033000.WAV,Telephone Field,recover-20220825,002,1795
571.7355,571.743,50390,57352,Pipistrellus pipistrellus,0.012,0.028,-1,Echolocation,/mnt/ubna_data_01_mir/recover-20220825/UBNA_002/20220823_033000.WAV,Telephone Field,recover-20220825,002,1795
571.7365,571.7424,38359,63372,Myotis brandtii,0.132,0.316,-1,Echolocation,/mnt/ubna_data_01_mir/recover-20220825/UBNA_002/20220823_033000.WAV,Telephone Field,recover-20220825,002,1795
571.7505,571.7904,68437,82019,Rhinolophus ferrumequinum,0.033,0.033,-1,Echolocation,/mnt/ubna_data_01_mir/recover-20220825/UBNA_002/20220823_033000.WAV,Telephone Field,recover-20220825,002,1795
571.7705,571.7792,27187,40484,Eptesicus serotinus,0.01,0.03,-1,Echolocation,/mnt/ubna_data_01_mir/recover-20220825/UBNA_002/20220823_033000.WAV,Telephone Field,recover-20220825,002,1795
571.8505,571.8553,38359,58629,Myotis brandtii,0.163,0.349,-1,Echolocation,/mnt/ubna_data_01_mir/recover-20220825/UBNA_002/20220823_033000.WAV,Telephone Field,recover-20220825,002,1795
571.8585,571.8649,29765,41267,Myotis daubentonii,0.014,0.025,-1,Echolocation,/mnt/ubna_data_01_mir/recover-20220825/UBNA_002/20220823_033000.WAV,Telephone Field,recover-20220825,002,1795
571.8815,571.8986,20312,24713,Nyctalus noctula,0.014,0.028,-1,Echolocation,/mnt/ubna_data_01_mir/recover-20220825/UBNA_002/20220823_033000.WAV,Telephone Field,recover-20220825,002,1795
571.9345,571.9403,37500,56682,Myotis brandtii,0.011,0.027,-1,Echolocation,/mnt/ubna_data_01_mir/recover-20220825/UBNA_002/20220823_033000.WAV,Telephone Field,recover-20220825,002,1795
571.9535,571.9595,40937,58431,Myotis brandtii,0.155,0.361,-1,Echolocation,/mnt/ubna_data_01_mir/recover-20220825/UBNA_002/20220823_033000.WAV,Telephone Field,recover-20220825,002,1795
571.9645,571.9737,27187,34002,Eptesicus serotinus,0.007,0.026,-1,Echolocation,/mnt/ubna_data_01_mir/recover-20220825/UBNA_002/20220823_033000.WAV,Telephone Field,recover-20220825,002,1795
571.9745,571.9822,27187,37413,Eptesicus serotinus,0.007,0.024,-1,Echolocation,/mnt/ubna_data_01_mir/recover-20220825/UBNA_002/20220823_033000.WAV,Telephone Field,recover-20220825,002,1795
572.0015,572.0321,68437,80060,Rhinolophus ferrumequinum,0.027,0.027,-1,Echolocation,/mnt/ubna_data_01_mir/recover-20220825/UBNA_002/20220823_033000.WAV,Telephone Field,recover-20220825,002,1795
572.0015,572.012,25468,31679,Nyctalus leisleri,0.016,0.036,-1,Echolocation,/mnt/ubna_data_01_mir/recover-20220825/UBNA_002/20220823_033000.WAV,Telephone Field,recover-20220825,002,1795
572.0015,572.0082,48671,56360,Pipistrellus pipistrellus,0.019,0.027,-1,Echolocation,/mnt/ubna_data_01_mir/recover-20220825/UBNA_002/20220823_033000.WAV,Telephone Field,recover-20220825,002,1795
572.0515,572.062,41796,57438,Pipistrellus nathusii,0.143,0.26,-1,Echolocation,/mnt/ubna_data_01_mir/recover-20220825/UBNA_002/20220823_033000.WAV,Telephone Field,recover-20220825,002,1795
572.1045,572.1114,57265,62169,Pipistrellus pygmaeus,0.023,0.023,-1,Echolocation,/mnt/ubna_data_01_mir/recover-20220825/UBNA_002/20220823_033000.WAV,Telephone Field,recover-20220825,002,1795
572.1295,572.1356,34062,44389,Myotis daubentonii,0.007,0.023,-1,Echolocation,/mnt/ubna_data_01_mir/recover-20220825/UBNA_002/20220823_033000.WAV,Telephone Field,recover-20220825,002,1795
572.1305,572.1372,28046,37328,Eptesicus serotinus,0.008,0.027,-1,Echolocation,/mnt/ubna_data_01_mir/recover-20220825/UBNA_002/20220823_033000.WAV,Telephone Field,recover-20220825,002,1795
572.1475,572.1558,41796,61713,Pipistrellus nathusii,0.201,0.369,-1,Echolocation,/mnt/ubna_data_01_mir/recover-20220825/UBNA_002/20220823_033000.WAV,Telephone Field,recover-20220825,002,1795
572.2075,572.2151,48671,58311,Pipistrellus pipistrellus,0.018,0.026,-1,Echolocation,/mnt/ubna_data_01_mir/recover-20220825/UBNA_002/20220823_033000.WAV,Telephone Field,recover-20220825,002,1795
572.2305,572.2367,40078,60395,Myotis brandtii,0.013,0.03,-1,Echolocation,/mnt/ubna_data_01_mir/recover-20220825/UBNA_002/20220823_033000.WAV,Telephone Field,recover-20220825,002,1795
572.2435,572.2516,28046,35471,Eptesicus serotinus,0.008,0.024,-1,Echolocation,/mnt/ubna_data_01_mir/recover-20220825/UBNA_002/20220823_033000.WAV,Telephone Field,recover-20220825,002,1795
572.2535,572.2625,48671,59223,Pipistrellus pipistrellus,0.025,0.043,-1,Echolocation,/mnt/ubna_data_01_mir/recover-20220825/UBNA_002/20220823_033000.WAV,Telephone Field,recover-20220825,002,1795
572.2575,572.2746,77031,92313,Rhinolophus hipposideros,0.026,0.026,-1,Echolocation,/mnt/ubna_data_01_mir/recover-20220825/UBNA_002/20220823_033000.WAV,Telephone Field,recover-20220825,002,1795
572.2585,572.266,54687,65213,Pipistrellus pygmaeus,0.027,0.032,-1,Echolocation,/mnt/ubna_data_01_mir/recover-20220825/UBNA_002/20220823_033000.WAV,Telephone Field,recover-20220825,002,1795
572.2585,572.2649,35781,83224,Myotis brandtii,0.41,0.501,-1,Echolocation,/mnt/ubna_data_01_mir/recover-20220825/UBNA_002/20220823_033000.WAV,Telephone Field,recover-20220825,002,1795
572.2845,572.2924,27187,38623,Eptesicus serotinus,0.008,0.023,-1,Echolocation,/mnt/ubna_data_01_mir/recover-20220825/UBNA_002/20220823_033000.WAV,Telephone Field,recover-20220825,002,1795
572.3285,572.3363,26328,34495,Eptesicus serotinus,0.013,0.035,-1,Echolocation,/mnt/ubna_data_01_mir/recover-20220825/UBNA_002/20220823_033000.WAV,Telephone Field,recover-20220825,002,1795
572.3415,572.384,68437,81783,Rhinolophus ferrumequinum,0.023,0.023,-1,Echolocation,/mnt/ubna_data_01_mir/recover-20220825/UBNA_002/20220823_033000.WAV,Telephone Field,recover-20220825,002,1795
572.3665,572.3734,34921,83082,Myotis brandtii,0.324,0.372,-1,Echolocation,/mnt/ubna_data_01_mir/recover-20220825/UBNA_002/20220823_033000.WAV,Telephone Field,recover-20220825,002,1795
572.3675,572.3735,43515,59774,Pipistrellus nathusii,0.18,0.206,-1,Echolocation,/mnt/ubna_data_01_mir/recover-20220825/UBNA_002/20220823_033000.WAV,Telephone Field,recover-20220825,002,1795
572.3755,572.3816,30625,46545,Myotis daubentonii,0.009,0.022,-1,Echolocation,/mnt/ubna_data_01_mir/recover-20220825/UBNA_002/20220823_033000.WAV,Telephone Field,recover-20220825,002,1795
572.4615,572.4681,51250,58460,Pipistrellus pipistrellus,0.019,0.05,-1,Echolocation,/mnt/ubna_data_01_mir/recover-20220825/UBNA_002/20220823_033000.WAV,Telephone Field,recover-20220825,002,1795
572.4675,572.4752,34921,89677,Myotis brandtii,0.404,0.442,-1,Echolocation,/mnt/ubna_data_01_mir/recover-20220825/UBNA_002/20220823_033000.WAV,Telephone Field,recover-20220825,002,1795
572.4685,572.4748,42656,64691,Pipistrellus nathusii,0.158,0.17,-1,Echolocation,/mnt/ubna_data_01_mir/recover-20220825/UBNA_002/20220823_033000.WAV,Telephone Field,recover-20220825,002,1795
572.4955,572.507,27187,34273,Eptesicus serotinus,0.01,0.022,-1,Echolocation,/mnt/ubna_data_01_mir/recover-20220825/UBNA_002/20220823_033000.WAV,Telephone Field,recover-20220825,002,1795
572.5185,572.555,68437,81951,Rhinolophus ferrumequinum,0.021,0.022,-1,Echolocation,/mnt/ubna_data_01_mir/recover-20220825/UBNA_002/20220823_033000.WAV,Telephone Field,recover-20220825,002,1795
572.5325,572.5425,27187,34482,Eptesicus serotinus,0.011,0.023,-1,Echolocation,/mnt/ubna_data_01_mir/recover-20220825/UBNA_002/20220823_033000.WAV,Telephone Field,recover-20220825,002,1795
572.5725,572.5797,34921,86579,Myotis brandtii,0.411,0.467,-1,Echolocation,/mnt/ubna_data_01_mir/recover-20220825/UBNA_002/20220823_033000.WAV,Telephone Field,recover-20220825,002,1795
572.5815,572.5896,31484,42435,Myotis daubentonii,0.011,0.027,-1,Echolocation,/mnt/ubna_data_01_mir/recover-20220825/UBNA_002/20220823_033000.WAV,Telephone Field,recover-20220825,002,1795
572.6265,572.6652,68437,81513,Rhinolophus ferrumequinum,0.021,0.021,-1,Echolocation,/mnt/ubna_data_01_mir/recover-20220825/UBNA_002/20220823_033000.WAV,Telephone Field,recover-20220825,002,1795
572.6285,572.6346,48671,58966,Pipistrellus pipistrellus,0.027,0.031,-1,Echolocation,/mnt/ubna_data_01_mir/recover-20220825/UBNA_002/20220823_033000.WAV,Telephone Field,recover-20220825,002,1795
572.6425,572.6801,68437,82620,Rhinolophus ferrumequinum,0.026,0.026,-1,Echolocation,/mnt/ubna_data_01_mir/recover-20220825/UBNA_002/20220823_033000.WAV,Telephone Field,recover-20220825,002,1795
572.6665,572.6726,34062,42532,Myotis daubentonii,0.01,0.025,-1,Echolocation,/mnt/ubna_data_01_mir/recover-20220825/UBNA_002/20220823_033000.WAV,Telephone Field,recover-20220825,002,1795
572.6775,572.6902,54687,62570,Pipistrellus pygmaeus,0.023,0.029,-1,Echolocation,/mnt/ubna_data_01_mir/recover-20220825/UBNA_002/20220823_033000.WAV,Telephone Field,recover-20220825,002,1795
572.6815,572.6885,34921,87563,Myotis brandtii,0.35,0.407,-1,Echolocation,/mnt/ubna_data_01_mir/recover-20220825/UBNA_002/20220823_033000.WAV,Telephone Field,recover-20220825,002,1795
572.6825,572.7015,77031,94826,Rhinolophus hipposideros,0.048,0.048,-1,Echolocation,/mnt/ubna_data_01_mir/recover-20220825/UBNA_002/20220823_033000.WAV,Telephone Field,recover-20220825,002,1795
572.7405,572.75,28046,36537,Eptesicus serotinus,0.009,0.021,-1,Echolocation,/mnt/ubna_data_01_mir/recover-20220825/UBNA_002/20220823_033000.WAV,Telephone Field,recover-20220825,002,1795
572.7465,572.7551,27187,37779,Eptesicus serotinus,0.008,0.022,-1,Echolocation,/mnt/ubna_data_01_mir/recover-20220825/UBNA_002/20220823_033000.WAV,Telephone Field,recover-20220825,002,1795
572.7515,572.7589,40078,54647,Myotis daubentonii,0.007,0.022,-1,Echolocation,/mnt/ubna_data_01_mir/recover-20220825/UBNA_002/20220823_033000.WAV,Telephone Field,recover-20220825,002,1795
572.7525,572.7592,47812,53001,Pipistrellus pipistrellus,0.048,0.049,-1,Echolocation,/mnt/ubna_data_01_mir/recover-20220825/UBNA_002/20220823_033000.WAV,Telephone Field,recover-20220825,002,1795
572.7555,572.7613,27187,49599,Myotis nattereri,0.006,0.026,-1,Echolocation,/mnt/ubna_data_01_mir/recover-20220825/UBNA_002/20220823_033000.WAV,Telephone Field,recover-20220825,002,1795
572.8005,572.8066,33203,44842,Myotis daubentonii,0.008,0.022,-1,Echolocation,/mnt/ubna_data_01_mir/recover-20220825/UBNA_002/20220823_033000.WAV,Telephone Field,recover-20220825,002,1795
572.8005,572.8088,27187,40566,Eptesicus serotinus,0.008,0.022,-1,Echolocation,/mnt/ubna_data_01_mir/recover-20220825/UBNA_002/20220823_033000.WAV,Telephone Field,recover-20220825,002,1795
572.8115,572.821,25468,30579,Nyctalus leisleri,0.01,0.025,-1,Echolocation,/mnt/ubna_data_01_mir/recover-20220825/UBNA_002/20220823_033000.WAV,Telephone Field,recover-20220825,002,1795
572.8225,572.834,47812,53565,Pipistrellus pipistrellus,0.074,0.139,-1,Echolocation,/mnt/ubna_data_01_mir/recover-20220825/UBNA_002/20220823_033000.WAV,Telephone Field,recover-20220825,002,1795
572.8255,572.8321,34921,76486,Myotis brandtii,0.37,0.487,-1,Echolocation,/mnt/ubna_data_01_mir/recover-20220825/UBNA_002/20220823_033000.WAV,Telephone Field,recover-20220825,002,1795
572.8255,572.8314,26328,94224,Myotis bechsteinii,0.078,0.175,-1,Echolocation,/mnt/ubna_data_01_mir/recover-20220825/UBNA_002/20220823_033000.WAV,Telephone Field,recover-20220825,002,1795
572.8275,572.8377,46953,51753,Pipistrellus pipistrellus,0.075,0.136,-1,Echolocation,/mnt/ubna_data_01_mir/recover-20220825/UBNA_002/20220823_033000.WAV,Telephone Field,recover-20220825,002,1795
572.8345,572.8403,29765,42091,Myotis daubentonii,0.012,0.025,-1,Echolocation,/mnt/ubna_data_01_mir/recover-20220825/UBNA_002/20220823_033000.WAV,Telephone Field,recover-20220825,002,1795
572.8395,572.8749,68437,80827,Rhinolophus ferrumequinum,0.023,0.023,-1,Echolocation,/mnt/ubna_data_01_mir/recover-20220825/UBNA_002/20220823_033000.WAV,Telephone Field,recover-20220825,002,1795
572.8625,572.8709,28046,36842,Eptesicus serotinus,0.009,0.026,-1,Echolocation,/mnt/ubna_data_01_mir/recover-20220825/UBNA_002/20220823_033000.WAV,Telephone Field,recover-20220825,002,1795
572.8705,572.8787,51250,57202,Pipistrellus pipistrellus,0.021,0.027,-1,Echolocation,/mnt/ubna_data_01_mir/recover-20220825/UBNA_002/20220823_033000.WAV,Telephone Field,recover-20220825,002,1795
572.9175,572.9255,50390,55014,Pipistrellus pipistrellus,0.021,0.024,-1,Echolocation,/mnt/ubna_data_01_mir/recover-20220825/UBNA_002/20220823_033000.WAV,Telephone Field,recover-20220825,002,1795
572.9205,572.9271,27187,38277,Eptesicus serotinus,0.013,0.039,-1,Echolocation,/mnt/ubna_data_01_mir/recover-20220825/UBNA_002/20220823_033000.WAV,Telephone Field,recover-20220825,002,1795
572.9355,572.9447,48671,56843,Pipistrellus pipistrellus,0.033,0.059,-1,Echolocation,/mnt/ubna_data_01_mir/recover-20220825/UBNA_002/20220823_033000.WAV,Telephone Field,recover-20220825,002,1795
572.9385,572.9454,34921,81604,Myotis brandtii,0.456,0.55,-1,Echolocation,/mnt/ubna_data_01_mir/recover-20220825/UBNA_002/20220823_033000.WAV,Telephone Field,recover-20220825,002,1795
572.9455,572.9514,39218,56782,Myotis brandtii,0.015,0.029,-1,Echolocation,/mnt/ubna_data_01_mir/recover-20220825/UBNA_002/20220823_033000.WAV,Telephone Field,recover-20220825,002,1795
572.9475,572.9533,31484,47838,Myotis daubentonii,0.012,0.027,-1,Echolocation,/mnt/ubna_data_01_mir/recover-20220825/UBNA_002/20220823_033000.WAV,Telephone Field,recover-20220825,002,1795
572.9875,572.9958,28906,37077,Eptesicus serotinus,0.007,0.021,-1,Echolocation,/mnt/ubna_data_01_mir/recover-20220825/UBNA_002/20220823_033000.WAV,Telephone Field,recover-20220825,002,1795
573.0115,573.0191,51250,57215,Pipistrellus pipistrellus,0.031,0.037,-1,Echolocation,/mnt/ubna_data_01_mir/recover-20220825/UBNA_002/20220823_033000.WAV,Telephone Field,recover-20220825,002,1795
573.0335,573.0443,51250,60750,Pipistrellus pipistrellus,0.032,0.056,-1,Echolocation,/mnt/ubna_data_01_mir/recover-20220825/UBNA_002/20220823_033000.WAV,Telephone Field,recover-20220825,002,1795
573.0375,573.0448,34921,80852,Myotis brandtii,0.338,0.45,-1,Echolocation,/mnt/ubna_data_01_mir/recover-20220825/UBNA_002/20220823_033000.WAV,Telephone Field,recover-20220825,002,1795
573.0385,573.0503,50390,59051,Pipistrellus pipistrellus,0.037,0.054,-1,Echolocation,/mnt/ubna_data_01_mir/recover-20220825/UBNA_002/20220823_033000.WAV,Telephone Field,recover-20220825,002,1795
573.0395,573.0576,76171,95775,Rhinolophus hipposideros,0.025,0.025,-1,Echolocation,/mnt/ubna_data_01_mir/recover-20220825/UBNA_002/20220823_033000.WAV,Telephone Field,recover-20220825,002,1795
573.0455,573.0532,46953,59684,Pipistrellus pipistrellus,0.019,0.028,-1,Echolocation,/mnt/ubna_data_01_mir/recover-20220825/UBNA_002/20220823_033000.WAV,Telephone Field,recover-20220825,002,1795
573.0475,573.0526,35781,59123,Myotis brandtii,0.017,0.026,-1,Echolocation,/mnt/ubna_data_01_mir/recover-20220825/UBNA_002/20220823_033000.WAV,Telephone Field,recover-20220825,002,1795
573.0785,573.0888,28046,41399,Eptesicus serotinus,0.011,0.023,-1,Echolocation,/mnt/ubna_data_01_mir/recover-20220825/UBNA_002/20220823_033000.WAV,Telephone Field,recover-20220825,002,1795
573.0855,573.0979,56406,62286,Pipistrellus pygmaeus,0.026,0.028,-1,Echolocation,/mnt/ubna_data_01_mir/recover-20220825/UBNA_002/20220823_033000.WAV,Telephone Field,recover-20220825,002,1795
573.0885,573.099,28046,39973,Eptesicus serotinus,0.01,0.021,-1,Echolocation,/mnt/ubna_data_01_mir/recover-20220825/UBNA_002/20220823_033000.WAV,Telephone Field,recover-20220825,002,1795
573.1055,573.1158,28906,35645,Eptesicus serotinus,0.013,0.025,-1,Echolocation,/mnt/ubna_data_01_mir/recover-20220825/UBNA_002/20220823_033000.WAV,Telephone Field,recover-20220825,002,1795
573.1325,573.1648,68437,79966,Rhinolophus ferrumequinum,0.023,0.024,-1,Echolocation,/mnt/ubna_data_01_mir/recover-20220825/UBNA_002/20220823_033000.WAV,Telephone Field,recover-20220825,002,1795
573.1385,573.1673,69296,81207,Rhinolophus ferrumequinum,0.024,0.025,-1,Echolocation,/mnt/ubna_data_01_mir/recover-20220825/UBNA_002/20220823_033000.WAV,Telephone Field,recover-20220825,002,1795
573.1395,573.1466,25468,95177,Myotis bechsteinii,0.089,0.141,-1,Echolocation,/mnt/ubna_data_01_mir/recover-20220825/UBNA_002/20220823_033000.WAV,Telephone Field,recover-20220825,002,1795
573.1395,573.1469,52109,62366,Pipistrellus pygmaeus,0.024,0.044,-1,Echolocation,/mnt/ubna_data_01_mir/recover-20220825/UBNA_002/20220823_033000.WAV,Telephone Field,recover-20220825,002,1795
573.1395,573.1468,33203,79335,Myotis brandtii,0.326,0.424,-1,Echolocation,/mnt/ubna_data_01_mir/recover-20220825/UBNA_002/20220823_033000.WAV,Telephone Field,recover-20220825,002,1795
573.1415,573.1473,46953,57671,Pipistrellus pipistrellus,0.022,0.04,-1,Echolocation,/mnt/ubna_data_01_mir/recover-20220825/UBNA_002/20220823_033000.WAV,Telephone Field,recover-20220825,002,1795
573.1495,573.155,28906,42683,Myotis daubentonii,0.014,0.025,-1,Echolocation,/mnt/ubna_data_01_mir/recover-20220825/UBNA_002/20220823_033000.WAV,Telephone Field,recover-20220825,002,1795
573.1685,573.2018,68437,81013,Rhinolophus ferrumequinum,0.023,0.023,-1,Echolocation,/mnt/ubna_data_01_mir/recover-20220825/UBNA_002/20220823_033000.WAV,Telephone Field,recover-20220825,002,1795
573.2555,573.2649,51250,57019,Pipistrellus pipistrellus,0.027,0.046,-1,Echolocation,/mnt/ubna_data_01_mir/recover-20220825/UBNA_002/20220823_033000.WAV,Telephone Field,recover-20220825,002,1795
573.2615,573.2704,48671,63655,Pipistrellus pipistrellus,0.015,0.036,-1,Echolocation,/mnt/ubna_data_01_mir/recover-20220825/UBNA_002/20220823_033000.WAV,Telephone Field,recover-20220825,002,1795
573.2635,573.2702,26328,89795,Myotis bechsteinii,0.088,0.15,-1,Echolocation,/mnt/ubna_data_01_mir/recover-20220825/UBNA_002/20220823_033000.WAV,Telephone Field,recover-20220825,002,1795
573.2645,573.2711,34921,69613,Myotis brandtii,0.227,0.548,-1,Echolocation,/mnt/ubna_data_01_mir/recover-20220825/UBNA_002/20220823_033000.WAV,Telephone Field,recover-20220825,002,1795
573.2735,573.279,31484,49964,Myotis daubentonii,0.018,0.029,-1,Echolocation,/mnt/ubna_data_01_mir/recover-20220825/UBNA_002/20220823_033000.WAV,Telephone Field,recover-20220825,002,1795
573.2915,573.3024,28046,35901,Eptesicus serotinus,0.016,0.032,-1,Echolocation,/mnt/ubna_data_01_mir/recover-20220825/UBNA_002/20220823_033000.WAV,Telephone Field,recover-20220825,002,1795
573.2985,573.3102,27187,34101,Eptesicus serotinus,0.012,0.026,-1,Echolocation,/mnt/ubna_data_01_mir/recover-20220825/UBNA_002/20220823_033000.WAV,Telephone Field,recover-20220825,002,1795
573.3195,573.3264,50390,55528,Pipistrellus pipistrellus,0.022,0.025,-1,Echolocation,/mnt/ubna_data_01_mir/recover-20220825/UBNA_002/20220823_033000.WAV,Telephone Field,recover-20220825,002,1795
573.3215,573.3596,68437,81960,Rhinolophus ferrumequinum,0.024,0.024,-1,Echolocation,/mnt/ubna_data_01_mir/recover-20220825/UBNA_002/20220823_033000.WAV,Telephone Field,recover-20220825,002,1795
573.3455,573.3531,46093,50499,Pipistrellus pipistrellus,0.021,0.022,-1,Echolocation,/mnt/ubna_data_01_mir/recover-20220825/UBNA_002/20220823_033000.WAV,Telephone Field,recover-20220825,002,1795
573.3635,573.3698,28046,37526,Eptesicus serotinus,0.006,0.026,-1,Echolocation,/mnt/ubna_data_01_mir/recover-20220825/UBNA_002/20220823_033000.WAV,Telephone Field,recover-20220825,002,1795
573.3745,573.383,51250,56718,Pipistrellus pygmaeus,0.017,0.037,-1,Echolocation,/mnt/ubna_data_01_mir/recover-20220825/UBNA_002/20220823_033000.WAV,Telephone Field,recover-20220825,002,1795
573.3785,573.3857,34921,76803,Myotis brandtii,0.202,0.292,-1,Echolocation,/mnt/ubna_data_01_mir/recover-20220825/UBNA_002/20220823_033000.WAV,Telephone Field,recover-20220825,002,1795
573.3885,573.394,34921,67951,Myotis brandtii,0.025,0.039,-1,Echolocation,/mnt/ubna_data_01_mir/recover-20220825/UBNA_002/20220823_033000.WAV,Telephone Field,recover-20220825,002,1795
573.4105,573.4182,28906,38320,Eptesicus serotinus,0.008,0.024,-1,Echolocation,/mnt/ubna_data_01_mir/recover-20220825/UBNA_002/20220823_033000.WAV,Telephone Field,recover-20220825,002,1795
573.4345,573.442,26328,34618,Eptesicus serotinus,0.007,0.021,-1,Echolocation,/mnt/ubna_data_01_mir/recover-20220825/UBNA_002/20220823_033000.WAV,Telephone Field,recover-20220825,002,1795
573.4455,573.4526,48671,59210,Pipistrellus pipistrellus,0.028,0.031,-1,Echolocation,/mnt/ubna_data_01_mir/recover-20220825/UBNA_002/20220823_033000.WAV,Telephone Field,recover-20220825,002,1795
573.4695,573.4781,50390,55933,Pipistrellus pipistrellus,0.052,0.08,-1,Echolocation,/mnt/ubna_data_01_mir/recover-20220825/UBNA_002/20220823_033000.WAV,Telephone Field,recover-20220825,002,1795
573.4755,573.482,38359,65477,Myotis brandtii,0.149,0.367,-1,Echolocation,/mnt/ubna_data_01_mir/recover-20220825/UBNA_002/20220823_033000.WAV,Telephone Field,recover-20220825,002,1795
573.4855,573.4913,37500,67718,Myotis brandtii,0.023,0.035,-1,Echolocation,/mnt/ubna_data_01_mir/recover-20220825/UBNA_002/20220823_033000.WAV,Telephone Field,recover-20220825,002,1795
573.5235,573.5308,28906,38495,Eptesicus serotinus,0.007,0.024,-1,Echolocation,/mnt/ubna_data_01_mir/recover-20220825/UBNA_002/20220823_033000.WAV,Telephone Field,recover-20220825,002,1795
573.5585,573.566,26328,43139,Eptesicus serotinus,0.008,0.023,-1,Echolocation,/mnt/ubna_data_01_mir/recover-20220825/UBNA_002/20220823_033000.WAV,Telephone Field,recover-20220825,002,1795
573.5605,573.5667,37500,65536,Myotis brandtii,0.019,0.029,-1,Echolocation,/mnt/ubna_data_01_mir/recover-20220825/UBNA_002/20220823_033000.WAV,Telephone Field,recover-20220825,002,1795
573.5615,573.5675,47812,57156,Pipistrellus pipistrellus,0.025,0.029,-1,Echolocation,/mnt/ubna_data_01_mir/recover-20220825/UBNA_002/20220823_033000.WAV,Telephone Field,recover-20220825,002,1795
573.5775,573.5836,45234,64913,Myotis brandtii,0.015,0.039,-1,Echolocation,/mnt/ubna_data_01_mir/recover-20220825/UBNA_002/20220823_033000.WAV,Telephone Field,recover-20220825,002,1795
573.5815,573.5898,52109,63958,Pipistrellus pygmaeus,0.02,0.047,-1,Echolocation,/mnt/ubna_data_01_mir/recover-20220825/UBNA_002/20220823_033000.WAV,Telephone Field,recover-20220825,002,1795
573.5845,573.591,38359,64885,Pipistrellus nathusii,0.272,0.534,-1,Echolocation,/mnt/ubna_data_01_mir/recover-20220825/UBNA_002/20220823_033000.WAV,Telephone Field,recover-20220825,002,1795
573.5855,573.5911,26328,91390,Myotis bechsteinii,0.07,0.109,-1,Echolocation,/mnt/ubna_data_01_mir/recover-20220825/UBNA_002/20220823_033000.WAV,Telephone Field,recover-20220825,002,1795
573.5955,573.6012,30625,44417,Myotis daubentonii,0.012,0.03,-1,Echolocation,/mnt/ubna_data_01_mir/recover-20220825/UBNA_002/20220823_033000.WAV,Telephone Field,recover-20220825,002,1795
573.6275,573.6366,27187,37798,Eptesicus serotinus,0.01,0.024,-1,Echolocation,/mnt/ubna_data_01_mir/recover-20220825/UBNA_002/20220823_033000.WAV,Telephone Field,recover-20220825,002,1795
573.6465,573.6561,28046,35949,Eptesicus serotinus,0.01,0.023,-1,Echolocation,/mnt/ubna_data_01_mir/recover-20220825/UBNA_002/20220823_033000.WAV,Telephone Field,recover-20220825,002,1795
573.6855,573.7191,68437,81098,Rhinolophus ferrumequinum,0.024,0.024,-1,Echolocation,/mnt/ubna_data_01_mir/recover-20220825/UBNA_002/20220823_033000.WAV,Telephone Field,recover-20220825,002,1795
573.6955,573.7019,36640,68825,Pipistrellus nathusii,0.222,0.54,-1,Echolocation,/mnt/ubna_data_01_mir/recover-20220825/UBNA_002/20220823_033000.WAV,Telephone Field,recover-20220825,002,1795
573.6955,573.7008,28046,80245,Myotis bechsteinii,0.056,0.099,-1,Echolocation,/mnt/ubna_data_01_mir/recover-20220825/UBNA_002/20220823_033000.WAV,Telephone Field,recover-20220825,002,1795
573.6965,573.7011,52109,64664,Pipistrellus pygmaeus,0.016,0.026,-1,Echolocation,/mnt/ubna_data_01_mir/recover-20220825/UBNA_002/20220823_033000.WAV,Telephone Field,recover-20220825,002,1795
573.7065,573.7124,28906,48407,Myotis daubentonii,0.015,0.031,-1,Echolocation,/mnt/ubna_data_01_mir/recover-20220825/UBNA_002/20220823_033000.WAV,Telephone Field,recover-20220825,002,1795
573.7065,573.7123,33203,58470,Myotis brandtii,0.015,0.031,-1,Echolocation,/mnt/ubna_data_01_mir/recover-20220825/UBNA_002/20220823_033000.WAV,Telephone Field,recover-20220825,002,1795
573.7635,573.8007,68437,82454,Rhinolophus ferrumequinum,0.022,0.022,-1,Echolocation,/mnt/ubna_data_01_mir/recover-20220825/UBNA_002/20220823_033000.WAV,Telephone Field,recover-20220825,002,1795
573.7745,573.781,34921,47012,Myotis brandtii,0.007,0.023,-1,Echolocation,/mnt/ubna_data_01_mir/recover-20220825/UBNA_002/20220823_033000.WAV,Telephone Field,recover-20220825,002,1795
573.7745,573.7823,28046,43917,Eptesicus serotinus,0.009,0.026,-1,Echolocation,/mnt/ubna_data_01_mir/recover-20220825/UBNA_002/20220823_033000.WAV,Telephone Field,recover-20220825,002,1795
573.8045,573.8106,28046,77752,Myotis bechsteinii,0.049,0.092,-1,Echolocation,/mnt/ubna_data_01_mir/recover-20220825/UBNA_002/20220823_033000.WAV,Telephone Field,recover-20220825,002,1795
573.8045,573.8108,35781,62702,Pipistrellus nathusii,0.291,0.58,-1,Echolocation,/mnt/ubna_data_01_mir/recover-20220825/UBNA_002/20220823_033000.WAV,Telephone Field,recover-20220825,002,1795
573.8045,573.8125,54687,62267,Pipistrellus pygmaeus,0.06,0.065,-1,Echolocation,/mnt/ubna_data_01_mir/recover-20220825/UBNA_002/20220823_033000.WAV,Telephone Field,recover-20220825,002,1795
573.8145,573.8205,30625,46231,Myotis daubentonii,0.012,0.023,-1,Echolocation,/mnt/ubna_data_01_mir/recover-20220825/UBNA_002/20220823_033000.WAV,Telephone Field,recover-20220825,002,1795
573.8725,573.8788,43515,58095,Myotis daubentonii,0.016,0.062,-1,Echolocation,/mnt/ubna_data_01_mir/recover-20220825/UBNA_002/20220823_033000.WAV,Telephone Field,recover-20220825,002,1795
573.8765,573.8862,27187,36961,Eptesicus serotinus,0.009,0.022,-1,Echolocation,/mnt/ubna_data_01_mir/recover-20220825/UBNA_002/20220823_033000.WAV,Telephone Field,recover-20220825,002,1795
573.8835,573.8938,28046,37776,Eptesicus serotinus,0.009,0.022,-1,Echolocation,/mnt/ubna_data_01_mir/recover-20220825/UBNA_002/20220823_033000.WAV,Telephone Field,recover-20220825,002,1795
573.9065,573.9128,49531,60877,Pipistrellus pipistrellus,0.015,0.03,-1,Echolocation,/mnt/ubna_data_01_mir/recover-20220825/UBNA_002/20220823_033000.WAV,Telephone Field,recover-20220825,002,1795
573.9115,573.9182,34921,66056,Myotis brandtii,0.161,0.466,-1,Echolocation,/mnt/ubna_data_01_mir/recover-20220825/UBNA_002/20220823_033000.WAV,Telephone Field,recover-20220825,002,1795
573.9115,573.9181,25468,88068,Myotis bechsteinii,0.103,0.142,-1,Echolocation,/mnt/ubna_data_01_mir/recover-20220825/UBNA_002/20220823_033000.WAV,Telephone Field,recover-20220825,002,1795
573.9125,573.9185,48671,56815,Pipistrellus pipistrellus,0.019,0.032,-1,Echolocation,/mnt/ubna_data_01_mir/recover-20220825/UBNA_002/20220823_033000.WAV,Telephone Field,recover-20220825,002,1795
573.9215,573.9267,30625,47851,Myotis daubentonii,0.014,0.025,-1,Echolocation,/mnt/ubna_data_01_mir/recover-20220825/UBNA_002/20220823_033000.WAV,Telephone Field,recover-20220825,002,1795
573.9545,573.965,28046,35287,Eptesicus serotinus,0.011,0.024,-1,Echolocation,/mnt/ubna_data_01_mir/recover-20220825/UBNA_002/20220823_033000.WAV,Telephone Field,recover-20220825,002,1795
573.9565,573.9635,57265,63648,Pipistrellus pygmaeus,0.022,0.022,-1,Echolocation,/mnt/ubna_data_01_mir/recover-20220825/UBNA_002/20220823_033000.WAV,Telephone Field,recover-20220825,002,1795
573.9845,573.9943,24609,34373,Eptesicus serotinus,0.01,0.025,-1,Echolocation,/mnt/ubna_data_01_mir/recover-20220825/UBNA_002/20220823_033000.WAV,Telephone Field,recover-20220825,002,1795
573.9845,573.9943,55546,64218,Pipistrellus pygmaeus,0.021,0.022,-1,Echolocation,/mnt/ubna_data_01_mir/recover-20220825/UBNA_002/20220823_033000.WAV,Telephone Field,recover-20220825,002,1795
574.0015,574.0331,68437,79431,Rhinolophus ferrumequinum,0.042,0.042,-1,Echolocation,/mnt/ubna_data_01_mir/recover-20220825/UBNA_002/20220823_033000.WAV,Telephone Field,recover-20220825,002,1795
574.0015,574.0098,23750,31614,Nyctalus leisleri,0.012,0.041,-1,Echolocation,/mnt/ubna_data_01_mir/recover-20220825/UBNA_002/20220823_033000.WAV,Telephone Field,recover-20220825,002,1795
574.0385,574.0435,46093,59214,Myotis mystacinus,0.01,0.037,-1,Echolocation,/mnt/ubna_data_01_mir/recover-20220825/UBNA_002/20220823_033000.WAV,Telephone Field,recover-20220825,002,1795
574.0405,574.0737,68437,81190,Rhinolophus ferrumequinum,0.023,0.023,-1,Echolocation,/mnt/ubna_data_01_mir/recover-20220825/UBNA_002/20220823_033000.WAV,Telephone Field,recover-20220825,002,1795
574.0415,574.0471,28046,67852,Myotis bechsteinii,0.077,0.117,-1,Echolocation,/mnt/ubna_data_01_mir/recover-20220825/UBNA_002/20220823_033000.WAV,Telephone Field,recover-20220825,002,1795
574.0425,574.0486,36640,61872,Pipistrellus nathusii,0.303,0.536,-1,Echolocation,/mnt/ubna_data_01_mir/recover-20220825/UBNA_002/20220823_033000.WAV,Telephone Field,recover-20220825,002,1795
574.0515,574.0568,29765,43339,Myotis daubentonii,0.009,0.024,-1,Echolocation,/mnt/ubna_data_01_mir/recover-20220825/UBNA_002/20220823_033000.WAV,Telephone Field,recover-20220825,002,1795
574.0785,574.1175,68437,82131,Rhinolophus ferrumequinum,0.022,0.022,-1,Echolocation,/mnt/ubna_data_01_mir/recover-20220825/UBNA_002/20220823_033000.WAV,Telephone Field,recover-20220825,002,1795
574.0885,574.0985,34062,40153,Pipistrellus nathusii,0.013,0.034,-1,Echolocation,/mnt/ubna_data_01_mir/recover-20220825/UBNA_002/20220823_033000.WAV,Telephone Field,recover-20220825,002,1795
574.0915,574.1008,28046,39618,Eptesicus serotinus,0.012,0.025,-1,Echolocation,/mnt/ubna_data_01_mir/recover-20220825/UBNA_002/20220823_033000.WAV,Telephone Field,recover-20220825,002,1795
574.0985,574.1076,28046,38357,Eptesicus serotinus,0.01,0.025,-1,Echolocation,/mnt/ubna_data_01_mir/recover-20220825/UBNA_002/20220823_033000.WAV,Telephone Field,recover-20220825,002,1795
574.1165,574.1273,28046,34951,Eptesicus serotinus,0.012,0.027,-1,Echolocation,/mnt/ubna_data_01_mir/recover-20220825/UBNA_002/20220823_033000.WAV,Telephone Field,recover-20220825,002,1795
574.1505,574.1608,39218,43245,Pipistrellus nathusii,0.014,0.025,-1,Echolocation,/mnt/ubna_data_01_mir/recover-20220825/UBNA_002/20220823_033000.WAV,Telephone Field,recover-20220825,002,1795
574.1635,574.1719,53828,60760,Pipistrellus pygmaeus,0.024,0.026,-1,Echolocation,/mnt/ubna_data_01_mir/recover-20220825/UBNA_002/20220823_033000.WAV,Telephone Field,recover-20220825,002,1795
574.1695,574.177,45234,55358,Pipistrellus pipistrellus,0.015,0.048,-1,Echolocation,/mnt/ubna_data_01_mir/recover-20220825/UBNA_002/20220823_033000.WAV,Telephone Field,recover-20220825,002,1795
574.1715,574.1776,31484,61383,Myotis brandtii,0.208,0.464,-1,Echolocation,/mnt/ubna_data_01_mir/recover-20220825/UBNA_002/20220823_033000.WAV,Telephone Field,recover-20220825,002,1795
574.1975,574.2364,68437,82010,Rhinolophus ferrumequinum,0.027,0.027,-1,Echolocation,/mnt/ubna_data_01_mir/recover-20220825/UBNA_002/20220823_033000.WAV,Telephone Field,recover-20220825,002,1795
574.2295,574.2361,26328,39767,Eptesicus serotinus,0.006,0.024,-1,Echolocation,/mnt/ubna_data_01_mir/recover-20220825/UBNA_002/20220823_033000.WAV,Telephone Field,recover-20220825,002,1795
574.2785,574.2836,28046,69654,Myotis bechsteinii,0.067,0.123,-1,Echolocation,/mnt/ubna_data_01_mir/recover-20220825/UBNA_002/20220823_033000.WAV,Telephone Field,recover-20220825,002,1795
574.2785,574.2853,36640,58134,Pipistrellus nathusii,0.325,0.539,-1,Echolocation,/mnt/ubna_data_01_mir/recover-20220825/UBNA_002/20220823_033000.WAV,Telephone Field,recover-20220825,002,1795
574.2885,574.2939,30625,41453,Myotis daubentonii,0.012,0.023,-1,Echolocation,/mnt/ubna_data_01_mir/recover-20220825/UBNA_002/20220823_033000.WAV,Telephone Field,recover-20220825,002,1795
574.3495,574.3601,50390,54557,Pipistrellus pipistrellus,0.037,0.059,-1,Echolocation,/mnt/ubna_data_01_mir/recover-20220825/UBNA_002/20220823_033000.WAV,Telephone Field,recover-20220825,002,1795
574.3575,574.3634,35781,61807,Pipistrellus nathusii,0.232,0.387,-1,Echolocation,/mnt/ubna_data_01_mir/recover-20220825/UBNA_002/20220823_033000.WAV,Telephone Field,recover-20220825,002,1795
574.3665,574.3722,30625,43820,Myotis daubentonii,0.011,0.022,-1,Echolocation,/mnt/ubna_data_01_mir/recover-20220825/UBNA_002/20220823_033000.WAV,Telephone Field,recover-20220825,002,1795
574.4615,574.4955,68437,81057,Rhinolophus ferrumequinum,0.022,0.023,-1,Echolocation,/mnt/ubna_data_01_mir/recover-20220825/UBNA_002/20220823_033000.WAV,Telephone Field,recover-20220825,002,1795
574.4645,574.4707,27187,68822,Myotis bechsteinii,0.089,0.136,-1,Echolocation,/mnt/ubna_data_01_mir/recover-20220825/UBNA_002/20220823_033000.WAV,Telephone Field,recover-20220825,002,1795
574.4645,574.4705,43515,57154,Myotis brandtii,0.015,0.052,-1,Echolocation,/mnt/ubna_data_01_mir/recover-20220825/UBNA_002/20220823_033000.WAV,Telephone Field,recover-20220825,002,1795
574.4655,574.4722,34921,59914,Pipistrellus nathusii,0.249,0.509,-1,Echolocation,/mnt/ubna_data_01_mir/recover-20220825/UBNA_002/20220823_033000.WAV,Telephone Field,recover-20220825,002,1795
574.4755,574.4812,29765,40608,Myotis daubentonii,0.012,0.027,-1,Echolocation,/mnt/ubna_data_01_mir/recover-20220825/UBNA_002/20220823_033000.WAV,Telephone Field,recover-20220825,002,1795
574.5055,574.5441,68437,82341,Rhinolophus ferrumequinum,0.024,0.024,-1,Echolocation,/mnt/ubna_data_01_mir/recover-20220825/UBNA_002/20220823_033000.WAV,Telephone Field,recover-20220825,002,1795
574.5685,574.5755,46953,57034,Pipistrellus pipistrellus,0.016,0.037,-1,Echolocation,/mnt/ubna_data_01_mir/recover-20220825/UBNA_002/20220823_033000.WAV,Telephone Field,recover-20220825,002,1795
574.5695,574.5769,51250,55756,Pipistrellus pipistrellus,0.024,0.038,-1,Echolocation,/mnt/ubna_data_01_mir/recover-20220825/UBNA_002/20220823_033000.WAV,Telephone Field,recover-20220825,002,1795
574.5725,574.5792,35781,58169,Pipistrellus nathusii,0.271,0.556,-1,Echolocation,/mnt/ubna_data_01_mir/recover-20220825/UBNA_002/20220823_033000.WAV,Telephone Field,recover-20220825,002,1795
574.5725,574.5781,28046,65463,Myotis bechsteinii,0.055,0.11,-1,Echolocation,/mnt/ubna_data_01_mir/recover-20220825/UBNA_002/20220823_033000.WAV,Telephone Field,recover-20220825,002,1795
574.6695,574.6895,19453,21894,Nyctalus leisleri,0.021,0.041,-1,Echolocation,/mnt/ubna_data_01_mir/recover-20220825/UBNA_002/20220823_033000.WAV,Telephone Field,recover-20220825,002,1795
574.7285,574.7358,37500,54393,Pipistrellus nathusii,0.333,0.5,-1,Echolocation,/mnt/ubna_data_01_mir/recover-20220825/UBNA_002/20220823_033000.WAV,Telephone Field,recover-20220825,002,1795
574.7985,574.8376,68437,82679,Rhinolophus ferrumequinum,0.026,0.026,-1,Echolocation,/mnt/ubna_data_01_mir/recover-20220825/UBNA_002/20220823_033000.WAV,Telephone Field,recover-20220825,002,1795
574.8335,574.8397,34921,50636,Pipistrellus nathusii,0.189,0.419,-1,Echolocation,/mnt/ubna_data_01_mir/recover-20220825/UBNA_002/20220823_033000.WAV,Telephone Field,recover-20220825,002,1795
574.8345,574.8692,68437,81569,Rhinolophus ferrumequinum,0.028,0.028,-1,Echolocation,/mnt/ubna_data_01_mir/recover-20220825/UBNA_002/20220823_033000.WAV,Telephone Field,recover-20220825,002,1795
574.8455,574.8513,31484,65262,Myotis brandtii,0.018,0.038,-1,Echolocation,/mnt/ubna_data_01_mir/recover-20220825/UBNA_002/20220823_033000.WAV,Telephone Field,recover-20220825,002,1795
574.9455,574.9511,38359,51115,Pipistrellus nathusii,0.255,0.447,-1,Echolocation,/mnt/ubna_data_01_mir/recover-20220825/UBNA_002/20220823_033000.WAV,Telephone Field,recover-20220825,002,1795
574.9545,574.9603,30625,43542,Myotis daubentonii,0.012,0.027,-1,Echolocation,/mnt/ubna_data_01_mir/recover-20220825/UBNA_002/20220823_033000.WAV,Telephone Field,recover-20220825,002,1795
574.9785,574.9875,47812,56114,Pipistrellus pipistrellus,0.032,0.035,-1,Echolocation,/mnt/ubna_data_01_mir/recover-20220825/UBNA_002/20220823_033000.WAV,Telephone Field,recover-20220825,002,1795
574.9935,574.9994,32343,57984,Myotis brandtii,0.011,0.023,-1,Echolocation,/mnt/ubna_data_01_mir/recover-20220825/UBNA_002/20220823_033000.WAV,Telephone Field,recover-20220825,002,1795
575.0035,575.0174,23750,29337,Nyctalus leisleri,0.009,0.024,-1,Echolocation,/mnt/ubna_data_01_mir/recover-20220825/UBNA_002/20220823_033000.WAV,Telephone Field,recover-20220825,002,1795
575.0125,575.0232,23750,29436,Nyctalus leisleri,0.009,0.023,-1,Echolocation,/mnt/ubna_data_01_mir/recover-20220825/UBNA_002/20220823_033000.WAV,Telephone Field,recover-20220825,002,1795
575.0245,575.0322,49531,55023,Pipistrellus pipistrellus,0.019,0.023,-1,Echolocation,/mnt/ubna_data_01_mir/recover-20220825/UBNA_002/20220823_033000.WAV,Telephone Field,recover-20220825,002,1795
575.0335,575.0422,28046,36370,Eptesicus serotinus,0.01,0.024,-1,Echolocation,/mnt/ubna_data_01_mir/recover-20220825/UBNA_002/20220823_033000.WAV,Telephone Field,recover-20220825,002,1795
575.0565,575.0629,42656,51725,Pipistrellus nathusii,0.02,0.05,-1,Echolocation,/mnt/ubna_data_01_mir/recover-20220825/UBNA_002/20220823_033000.WAV,Telephone Field,recover-20220825,002,1795
575.0575,575.0652,36640,51290,Pipistrellus nathusii,0.392,0.58,-1,Echolocation,/mnt/ubna_data_01_mir/recover-20220825/UBNA_002/20220823_033000.WAV,Telephone Field,recover-20220825,002,1795
575.0655,575.0703,24609,42265,Plecotus auritus,0.007,0.024,-1,Echolocation,/mnt/ubna_data_01_mir/recover-20220825/UBNA_002/20220823_033000.WAV,Telephone Field,recover-20220825,002,1795
575.1745,575.1797,36640,48916,Pipistrellus nathusii,0.273,0.508,-1,Echolocation,/mnt/ubna_data_01_mir/recover-20220825/UBNA_002/20220823_033000.WAV,Telephone Field,recover-20220825,002,1795
575.1835,575.1901,29765,43161,Myotis daubentonii,0.01,0.023,-1,Echolocation,/mnt/ubna_data_01_mir/recover-20220825/UBNA_002/20220823_033000.WAV,Telephone Field,recover-20220825,002,1795
575.1945,575.2316,68437,81377,Rhinolophus ferrumequinum,0.022,0.022,-1,Echolocation,/mnt/ubna_data_01_mir/recover-20220825/UBNA_002/20220823_033000.WAV,Telephone Field,recover-20220825,002,1795
575.2175,575.2319,23750,27962,Nyctalus leisleri,0.017,0.032,-1,Echolocation,/mnt/ubna_data_01_mir/recover-20220825/UBNA_002/20220823_033000.WAV,Telephone Field,recover-20220825,002,1795
575.2185,575.2603,68437,83549,Rhinolophus ferrumequinum,0.03,0.03,-1,Echolocation,/mnt/ubna_data_01_mir/recover-20220825/UBNA_002/20220823_033000.WAV,Telephone Field,recover-20220825,002,1795
575.2415,575.2511,34921,41133,Pipistrellus nathusii,0.019,0.036,-1,Echolocation,/mnt/ubna_data_01_mir/recover-20220825/UBNA_002/20220823_033000.WAV,Telephone Field,recover-20220825,002,1795
575.2425,575.2498,27187,38421,Eptesicus serotinus,0.007,0.024,-1,Echolocation,/mnt/ubna_data_01_mir/recover-20220825/UBNA_002/20220823_033000.WAV,Telephone Field,recover-20220825,002,1795
575.2885,575.2939,38359,54432,Pipistrellus nathusii,0.231,0.538,-1,Echolocation,/mnt/ubna_data_01_mir/recover-20220825/UBNA_002/20220823_033000.WAV,Telephone Field,recover-20220825,002,1795
575.2995,575.3069,27187,36484,Eptesicus serotinus,0.007,0.026,-1,Echolocation,/mnt/ubna_data_01_mir/recover-20220825/UBNA_002/20220823_033000.WAV,Telephone Field,recover-20220825,002,1795
575.3395,575.3468,24609,34901,Plecotus austriacus,0.014,0.039,-1,Echolocation,/mnt/ubna_data_01_mir/recover-20220825/UBNA_002/20220823_033000.WAV,Telephone Field,recover-20220825,002,1795
575.3845,575.4207,68437,82069,Rhinolophus ferrumequinum,0.023,0.023,-1,Echolocation,/mnt/ubna_data_01_mir/recover-20220825/UBNA_002/20220823_033000.WAV,Telephone Field,recover-20220825,002,1795
575.3925,575.3986,28906,65177,Myotis bechsteinii,0.049,0.088,-1,Echolocation,/mnt/ubna_data_01_mir/recover-20220825/UBNA_002/20220823_033000.WAV,Telephone Field,recover-20220825,002,1795
575.3935,575.4003,36640,52696,Pipistrellus nathusii,0.263,0.551,-1,Echolocation,/mnt/ubna_data_01_mir/recover-20220825/UBNA_002/20220823_033000.WAV,Telephone Field,recover-20220825,002,1795
575.4025,575.4081,28046,41889,Myotis daubentonii,0.008,0.023,-1,Echolocation,/mnt/ubna_data_01_mir/recover-20220825/UBNA_002/20220823_033000.WAV,Telephone Field,recover-20220825,002,1795
575.4095,575.4451,68437,81061,Rhinolophus ferrumequinum,0.023,0.023,-1,Echolocation,/mnt/ubna_data_01_mir/recover-20220825/UBNA_002/20220823_033000.WAV,Telephone Field,recover-20220825,002,1795
575.4215,575.4308,25468,33064,Eptesicus serotinus,0.009,0.024,-1,Echolocation,/mnt/ubna_data_01_mir/recover-20220825/UBNA_002/20220823_033000.WAV,Telephone Field,recover-20220825,002,1795
575.4505,575.4905,68437,82471,Rhinolophus ferrumequinum,0.023,0.023,-1,Echolocation,/mnt/ubna_data_01_mir/recover-20220825/UBNA_002/20220823_033000.WAV,Telephone Field,recover-20220825,002,1795
575.4525,575.4612,56406,62439,Pipistrellus pygmaeus,0.057,0.057,-1,Echolocation,/mnt/ubna_data_01_mir/recover-20220825/UBNA_002/20220823_033000.WAV,Telephone Field,recover-20220825,002,1795
575.4755,575.5135,68437,82174,Rhinolophus ferrumequinum,0.025,0.025,-1,Echolocation,/mnt/ubna_data_01_mir/recover-20220825/UBNA_002/20220823_033000.WAV,Telephone Field,recover-20220825,002,1795
575.4795,575.4876,29765,39206,Barbastellus barbastellus,0.008,0.029,-1,Echolocation,/mnt/ubna_data_01_mir/recover-20220825/UBNA_002/20220823_033000.WAV,Telephone Field,recover-20220825,002,1795
575.4805,575.4855,38359,61113,Myotis brandtii,0.012,0.036,-1,Echolocation,/mnt/ubna_data_01_mir/recover-20220825/UBNA_002/20220823_033000.WAV,Telephone Field,recover-20220825,002,1795
575.4925,575.5029,51250,54587,Pipistrellus pygmaeus,0.02,0.028,-1,Echolocation,/mnt/ubna_data_01_mir/recover-20220825/UBNA_002/20220823_033000.WAV,Telephone Field,recover-20220825,002,1795
575.4945,575.53,68437,81979,Rhinolophus ferrumequinum,0.024,0.024,-1,Echolocation,/mnt/ubna_data_01_mir/recover-20220825/UBNA_002/20220823_033000.WAV,Telephone Field,recover-20220825,002,1795
575.4965,575.5028,37500,52342,Pipistrellus nathusii,0.359,0.581,-1,Echolocation,/mnt/ubna_data_01_mir/recover-20220825/UBNA_002/20220823_033000.WAV,Telephone Field,recover-20220825,002,1795
575.5045,575.5096,29765,42185,Myotis daubentonii,0.012,0.025,-1,Echolocation,/mnt/ubna_data_01_mir/recover-20220825/UBNA_002/20220823_033000.WAV,Telephone Field,recover-20220825,002,1795
575.5205,575.5292,25468,34510,Eptesicus serotinus,0.007,0.023,-1,Echolocation,/mnt/ubna_data_01_mir/recover-20220825/UBNA_002/20220823_033000.WAV,Telephone Field,recover-20220825,002,1795
575.6075,575.6149,28046,38307,Eptesicus serotinus,0.007,0.024,-1,Echolocation,/mnt/ubna_data_01_mir/recover-20220825/UBNA_002/20220823_033000.WAV,Telephone Field,recover-20220825,002,1795
575.6315,575.6697,68437,82525,Rhinolophus ferrumequinum,0.023,0.023,-1,Echolocation,/mnt/ubna_data_01_mir/recover-20220825/UBNA_002/20220823_033000.WAV,Telephone Field,recover-20220825,002,1795
575.6535,575.66,35781,54745,Pipistrellus nathusii,0.342,0.572,-1,Echolocation,/mnt/ubna_data_01_mir/recover-20220825/UBNA_002/20220823_033000.WAV,Telephone Field,recover-20220825,002,1795
575.6665,575.7008,68437,81306,Rhinolophus ferrumequinum,0.023,0.023,-1,Echolocation,/mnt/ubna_data_01_mir/recover-20220825/UBNA_002/20220823_033000.WAV,Telephone Field,recover-20220825,002,1795
575.6885,575.7282,68437,83163,Rhinolophus ferrumequinum,0.052,0.052,-1,Echolocation,/mnt/ubna_data_01_mir/recover-20220825/UBNA_002/20220823_033000.WAV,Telephone Field,recover-20220825,002,1795
575.7115,575.7203,28046,38300,Eptesicus serotinus,0.01,0.024,-1,Echolocation,/mnt/ubna_data_01_mir/recover-20220825/UBNA_002/20220823_033000.WAV,Telephone Field,recover-20220825,002,1795
575.7195,575.7283,27187,42806,Eptesicus serotinus,0.009,0.025,-1,Echolocation,/mnt/ubna_data_01_mir/recover-20220825/UBNA_002/20220823_033000.WAV,Telephone Field,recover-20220825,002,1795
575.7195,575.7593,68437,82379,Rhinolophus ferrumequinum,0.028,0.028,-1,Echolocation,/mnt/ubna_data_01_mir/recover-20220825/UBNA_002/20220823_033000.WAV,Telephone Field,recover-20220825,002,1795
575.7395,575.7629,21171,24405,Nyctalus noctula,0.045,0.091,-1,Echolocation,/mnt/ubna_data_01_mir/recover-20220825/UBNA_002/20220823_033000.WAV,Telephone Field,recover-20220825,002,1795
575.7575,575.7641,28046,65284,Myotis bechsteinii,0.057,0.089,-1,Echolocation,/mnt/ubna_data_01_mir/recover-20220825/UBNA_002/20220823_033000.WAV,Telephone Field,recover-20220825,002,1795
575.7585,575.7641,35781,54328,Pipistrellus nathusii,0.254,0.575,-1,Echolocation,/mnt/ubna_data_01_mir/recover-20220825/UBNA_002/20220823_033000.WAV,Telephone Field,recover-20220825,002,1795
575.7595,575.7677,48671,52466,Pipistrellus pipistrellus,0.015,0.023,-1,Echolocation,/mnt/ubna_data_01_mir/recover-20220825/UBNA_002/20220823_033000.WAV,Telephone Field,recover-20220825,002,1795
575.7685,575.7757,26328,37222,Eptesicus serotinus,0.007,0.027,-1,Echolocation,/mnt/ubna_data_01_mir/recover-20220825/UBNA_002/20220823_033000.WAV,Telephone Field,recover-20220825,002,1795
575.7725,575.8066,68437,81798,Rhinolophus ferrumequinum,0.022,0.022,-1,Echolocation,/mnt/ubna_data_01_mir/recover-20220825/UBNA_002/20220823_033000.WAV,Telephone Field,recover-20220825,002,1795
575.8265,575.8347,27187,37699,Eptesicus serotinus,0.011,0.028,-1,Echolocation,/mnt/ubna_data_01_mir/recover-20220825/UBNA_002/20220823_033000.WAV,Telephone Field,recover-20220825,002,1795
575.8395,575.8481,27187,38844,Eptesicus serotinus,0.009,0.024,-1,Echolocation,/mnt/ubna_data_01_mir/recover-20220825/UBNA_002/20220823_033000.WAV,Telephone Field,recover-20220825,002,1795
575.8665,575.8732,36640,55443,Pipistrellus nathusii,0.464,0.637,-1,Echolocation,/mnt/ubna_data_01_mir/recover-20220825/UBNA_002/20220823_033000.WAV,Telephone Field,recover-20220825,002,1795
575.8745,575.8797,31484,43592,Myotis daubentonii,0.009,0.024,-1,Echolocation,/mnt/ubna_data_01_mir/recover-20220825/UBNA_002/20220823_033000.WAV,Telephone Field,recover-20220825,002,1795
575.8965,575.904,28906,37479,Eptesicus serotinus,0.008,0.025,-1,Echolocation,/mnt/ubna_data_01_mir/recover-20220825/UBNA_002/20220823_033000.WAV,Telephone Field,recover-20220825,002,1795
575.9715,575.9778,38359,52351,Pipistrellus nathusii,0.502,0.668,-1,Echolocation,/mnt/ubna_data_01_mir/recover-20220825/UBNA_002/20220823_033000.WAV,Telephone Field,recover-20220825,002,1795
575.9815,575.9895,30625,38479,Myotis daubentonii,0.01,0.031,-1,Echolocation,/mnt/ubna_data_01_mir/recover-20220825/UBNA_002/20220823_033000.WAV,Telephone Field,recover-20220825,002,1795
576.0015,576.0105,22890,29634,Nyctalus leisleri,0.009,0.026,-1,Echolocation,/mnt/ubna_data_01_mir/recover-20220825/UBNA_002/20220823_033000.WAV,Telephone Field,recover-20220825,002,1795
576.0015,576.0116,48671,58054,Pipistrellus pipistrellus,0.012,0.024,-1,Echolocation,/mnt/ubna_data_01_mir/recover-20220825/UBNA_002/20220823_033000.WAV,Telephone Field,recover-20220825,002,1795
576.0015,576.0313,68437,80092,Rhinolophus ferrumequinum,0.071,0.071,-1,Echolocation,/mnt/ubna_data_01_mir/recover-20220825/UBNA_002/20220823_033000.WAV,Telephone Field,recover-20220825,002,1795
576.0115,576.0205,28046,36810,Eptesicus serotinus,0.008,0.025,-1,Echolocation,/mnt/ubna_data_01_mir/recover-20220825/UBNA_002/20220823_033000.WAV,Telephone Field,recover-20220825,002,1795
576.0115,576.0175,48671,55913,Pipistrellus pipistrellus,0.025,0.031,-1,Echolocation,/mnt/ubna_data_01_mir/recover-20220825/UBNA_002/20220823_033000.WAV,Telephone Field,recover-20220825,002,1795
576.0125,576.0552,68437,82224,Rhinolophus ferrumequinum,0.024,0.024,-1,Echolocation,/mnt/ubna_data_01_mir/recover-20220825/UBNA_002/20220823_033000.WAV,Telephone Field,recover-20220825,002,1795
576.0185,576.0299,33203,38364,Pipistrellus nathusii,0.01,0.036,-1,Echolocation,/mnt/ubna_data_01_mir/recover-20220825/UBNA_002/20220823_033000.WAV,Telephone Field,recover-20220825,002,1795
576.0185,576.0271,27187,35999,Eptesicus serotinus,0.008,0.024,-1,Echolocation,/mnt/ubna_data_01_mir/recover-20220825/UBNA_002/20220823_033000.WAV,Telephone Field,recover-20220825,002,1795
576.0475,576.0563,40078,45195,Pipistrellus nathusii,0.011,0.023,-1,Echolocation,/mnt/ubna_data_01_mir/recover-20220825/UBNA_002/20220823_033000.WAV,Telephone Field,recover-20220825,002,1795
576.0665,576.1071,68437,82909,Rhinolophus ferrumequinum,0.041,0.041,-1,Echolocation,/mnt/ubna_data_01_mir/recover-20220825/UBNA_002/20220823_033000.WAV,Telephone Field,recover-20220825,002,1795
576.0735,576.0795,38359,48870,Pipistrellus nathusii,0.401,0.564,-1,Echolocation,/mnt/ubna_data_01_mir/recover-20220825/UBNA_002/20220823_033000.WAV,Telephone Field,recover-20220825,002,1795
576.1345,576.1468,24609,29923,Nyctalus leisleri,0.018,0.045,-1,Echolocation,/mnt/ubna_data_01_mir/recover-20220825/UBNA_002/20220823_033000.WAV,Telephone Field,recover-20220825,002,1795
576.1475,576.1896,68437,82763,Rhinolophus ferrumequinum,0.024,0.024,-1,Echolocation,/mnt/ubna_data_01_mir/recover-20220825/UBNA_002/20220823_033000.WAV,Telephone Field,recover-20220825,002,1795
576.1525,576.1675,16875,22453,Nyctalus noctula,0.021,0.03,-1,Echolocation,/mnt/ubna_data_01_mir/recover-20220825/UBNA_002/20220823_033000.WAV,Telephone Field,recover-20220825,002,1795
576.1785,576.1853,39218,50731,Pipistrellus nathusii,0.468,0.576,-1,Echolocation,/mnt/ubna_data_01_mir/recover-20220825/UBNA_002/20220823_033000.WAV,Telephone Field,recover-20220825,002,1795
576.2315,576.2393,26328,38161,Eptesicus serotinus,0.01,0.026,-1,Echolocation,/mnt/ubna_data_01_mir/recover-20220825/UBNA_002/20220823_033000.WAV,Telephone Field,recover-20220825,002,1795
576.2525,576.2939,68437,83393,Rhinolophus ferrumequinum,0.028,0.028,-1,Echolocation,/mnt/ubna_data_01_mir/recover-20220825/UBNA_002/20220823_033000.WAV,Telephone Field,recover-20220825,002,1795
576.2805,576.2917,15156,20333,Nyctalus noctula,0.017,0.039,-1,Echolocation,/mnt/ubna_data_01_mir/recover-20220825/UBNA_002/20220823_033000.WAV,Telephone Field,recover-20220825,002,1795
576.2845,576.2903,36640,51473,Myotis brandtii,0.013,0.03,-1,Echolocation,/mnt/ubna_data_01_mir/recover-20220825/UBNA_002/20220823_033000.WAV,Telephone Field,recover-20220825,002,1795
576.2845,576.2917,25468,38148,Eptesicus serotinus,0.007,0.023,-1,Echolocation,/mnt/ubna_data_01_mir/recover-20220825/UBNA_002/20220823_033000.WAV,Telephone Field,recover-20220825,002,1795
576.3095,576.3156,36640,54178,Myotis brandtii,0.014,0.029,-1,Echolocation,/mnt/ubna_data_01_mir/recover-20220825/UBNA_002/20220823_033000.WAV,Telephone Field,recover-20220825,002,1795
576.3155,576.324,27187,36104,Eptesicus serotinus,0.015,0.035,-1,Echolocation,/mnt/ubna_data_01_mir/recover-20220825/UBNA_002/20220823_033000.WAV,Telephone Field,recover-20220825,002,1795
576.3545,576.3597,40078,55658,Pipistrellus nathusii,0.385,0.515,-1,Echolocation,/mnt/ubna_data_01_mir/recover-20220825/UBNA_002/20220823_033000.WAV,Telephone Field,recover-20220825,002,1795
576.4195,576.4572000000001,68437,82334,Rhinolophus ferrumequinum,0.024,0.024,-1,Echolocation,/mnt/ubna_data_01_mir/recover-20220825/UBNA_002/20220823_033000.WAV,Telephone Field,recover-20220825,002,1795
576.4375,576.4467,27187,35493,Eptesicus serotinus,0.009,0.026,-1,Echolocation,/mnt/ubna_data_01_mir/recover-20220825/UBNA_002/20220823_033000.WAV,Telephone Field,recover-20220825,002,1795
576.4425,576.4513,26328,34945,Eptesicus serotinus,0.008,0.025,-1,Echolocation,/mnt/ubna_data_01_mir/recover-20220825/UBNA_002/20220823_033000.WAV,Telephone Field,recover-20220825,002,1795
576.4455,576.4505,39218,55898,Myotis brandtii,0.016,0.044,-1,Echolocation,/mnt/ubna_data_01_mir/recover-20220825/UBNA_002/20220823_033000.WAV,Telephone Field,recover-20220825,002,1795
576.4555,576.4907,68437,81750,Rhinolophus ferrumequinum,0.024,0.024,-1,Echolocation,/mnt/ubna_data_01_mir/recover-20220825/UBNA_002/20220823_033000.WAV,Telephone Field,recover-20220825,002,1795
576.4615,576.4674,40937,49532,Pipistrellus nathusii,0.246,0.324,-1,Echolocation,/mnt/ubna_data_01_mir/recover-20220825/UBNA_002/20220823_033000.WAV,Telephone Field,recover-20220825,002,1795
576.4625,576.468,31484,59018,Myotis brandtii,0.07,0.122,-1,Echolocation,/mnt/ubna_data_01_mir/recover-20220825/UBNA_002/20220823_033000.WAV,Telephone Field,recover-20220825,002,1795
576.5605,576.5668,42656,53491,Pipistrellus nathusii,0.015,0.049,-1,Echolocation,/mnt/ubna_data_01_mir/recover-20220825/UBNA_002/20220823_033000.WAV,Telephone Field,recover-20220825,002,1795
576.5625,576.5689,34062,54060,Pipistrellus nathusii,0.148,0.45,-1,Echolocation,/mnt/ubna_data_01_mir/recover-20220825/UBNA_002/20220823_033000.WAV,Telephone Field,recover-20220825,002,1795
576.5725,576.5807,26328,34064,Eptesicus serotinus,0.008,0.025,-1,Echolocation,/mnt/ubna_data_01_mir/recover-20220825/UBNA_002/20220823_033000.WAV,Telephone Field,recover-20220825,002,1795
576.6095,576.6484,68437,81991,Rhinolophus ferrumequinum,0.023,0.023,-1,Echolocation,/mnt/ubna_data_01_mir/recover-20220825/UBNA_002/20220823_033000.WAV,Telephone Field,recover-20220825,002,1795
576.6105,576.6244,25468,30430,Eptesicus serotinus,0.023,0.054,-1,Echolocation,/mnt/ubna_data_01_mir/recover-20220825/UBNA_002/20220823_033000.WAV,Telephone Field,recover-20220825,002,1795
576.6325,576.6404,50390,56344,Pipistrellus pipistrellus,0.022,0.03,-1,Echolocation,/mnt/ubna_data_01_mir/recover-20220825/UBNA_002/20220823_033000.WAV,Telephone Field,recover-20220825,002,1795
576.6685,576.6739,37500,50104,Pipistrellus nathusii,0.115,0.335,-1,Echolocation,/mnt/ubna_data_01_mir/recover-20220825/UBNA_002/20220823_033000.WAV,Telephone Field,recover-20220825,002,1795
576.6775,576.6851,26328,33990,Eptesicus serotinus,0.007,0.023,-1,Echolocation,/mnt/ubna_data_01_mir/recover-20220825/UBNA_002/20220823_033000.WAV,Telephone Field,recover-20220825,002,1795
576.7185,576.7277,27187,37385,Eptesicus serotinus,0.009,0.023,-1,Echolocation,/mnt/ubna_data_01_mir/recover-20220825/UBNA_002/20220823_033000.WAV,Telephone Field,recover-20220825,002,1795
576.7435,576.7516,27187,37519,Eptesicus serotinus,0.009,0.026,-1,Echolocation,/mnt/ubna_data_01_mir/recover-20220825/UBNA_002/20220823_033000.WAV,Telephone Field,recover-20220825,002,1795
576.7685,576.7742,40078,53486,Pipistrellus nathusii,0.129,0.358,-1,Echolocation,/mnt/ubna_data_01_mir/recover-20220825/UBNA_002/20220823_033000.WAV,Telephone Field,recover-20220825,002,1795
576.7905,576.8288,68437,82059,Rhinolophus ferrumequinum,0.024,0.024,-1,Echolocation,/mnt/ubna_data_01_mir/recover-20220825/UBNA_002/20220823_033000.WAV,Telephone Field,recover-20220825,002,1795
576.8705,576.8767,36640,47213,Pipistrellus nathusii,0.219,0.437,-1,Echolocation,/mnt/ubna_data_01_mir/recover-20220825/UBNA_002/20220823_033000.WAV,Telephone Field,recover-20220825,002,1795
576.8715,576.9038,68437,80873,Rhinolophus ferrumequinum,0.023,0.023,-1,Echolocation,/mnt/ubna_data_01_mir/recover-20220825/UBNA_002/20220823_033000.WAV,Telephone Field,recover-20220825,002,1795
576.8945,576.9013,26328,36709,Eptesicus serotinus,0.007,0.025,-1,Echolocation,/mnt/ubna_data_01_mir/recover-20220825/UBNA_002/20220823_033000.WAV,Telephone Field,recover-20220825,002,1795
576.9725,576.9816,27187,34924,Eptesicus serotinus,0.01,0.024,-1,Echolocation,/mnt/ubna_data_01_mir/recover-20220825/UBNA_002/20220823_033000.WAV,Telephone Field,recover-20220825,002,1795
576.9855,576.9916,36640,47178,Pipistrellus nathusii,0.303,0.599,-1,Echolocation,/mnt/ubna_data_01_mir/recover-20220825/UBNA_002/20220823_033000.WAV,Telephone Field,recover-20220825,002,1795
576.9865,576.9931,13437,26087,Barbastellus barbastellus,0.018,0.023,-1,Echolocation,/mnt/ubna_data_01_mir/recover-20220825/UBNA_002/20220823_033000.WAV,Telephone Field,recover-20220825,002,1795
576.9945,577.0007,32343,41491,Myotis daubentonii,0.013,0.023,-1,Echolocation,/mnt/ubna_data_01_mir/recover-20220825/UBNA_002/20220823_033000.WAV,Telephone Field,recover-20220825,002,1795
577.0275,577.0352,27187,39283,Eptesicus serotinus,0.007,0.023,-1,Echolocation,/mnt/ubna_data_01_mir/recover-20220825/UBNA_002/20220823_033000.WAV,Telephone Field,recover-20220825,002,1795
577.0315,577.0409,52109,56631,Pipistrellus pygmaeus,0.021,0.026,-1,Echolocation,/mnt/ubna_data_01_mir/recover-20220825/UBNA_002/20220823_033000.WAV,Telephone Field,recover-20220825,002,1795
577.0365,577.0709,68437,82421,Rhinolophus ferrumequinum,0.023,0.023,-1,Echolocation,/mnt/ubna_data_01_mir/recover-20220825/UBNA_002/20220823_033000.WAV,Telephone Field,recover-20220825,002,1795
577.0405,577.0485,26328,34967,Eptesicus serotinus,0.011,0.026,-1,Echolocation,/mnt/ubna_data_01_mir/recover-20220825/UBNA_002/20220823_033000.WAV,Telephone Field,recover-20220825,002,1795
577.0725,577.0811,27187,36986,Eptesicus serotinus,0.009,0.027,-1,Echolocation,/mnt/ubna_data_01_mir/recover-20220825/UBNA_002/20220823_033000.WAV,Telephone Field,recover-20220825,002,1795
577.0885,577.0952,38359,48849,Pipistrellus nathusii,0.374,0.53,-1,Echolocation,/mnt/ubna_data_01_mir/recover-20220825/UBNA_002/20220823_033000.WAV,Telephone Field,recover-20220825,002,1795
577.1025,577.1396,68437,82228,Rhinolophus ferrumequinum,0.023,0.023,-1,Echolocation,/mnt/ubna_data_01_mir/recover-20220825/UBNA_002/20220823_033000.WAV,Telephone Field,recover-20220825,002,1795
577.1255,577.1653,68437,82295,Rhinolophus ferrumequinum,0.023,0.023,-1,Echolocation,/mnt/ubna_data_01_mir/recover-20220825/UBNA_002/20220823_033000.WAV,Telephone Field,recover-20220825,002,1795
577.1535,577.1625,25468,35449,Eptesicus serotinus,0.012,0.031,-1,Echolocation,/mnt/ubna_data_01_mir/recover-20220825/UBNA_002/20220823_033000.WAV,Telephone Field,recover-20220825,002,1795
577.1545,577.1628,30625,44424,Myotis daubentonii,0.009,0.028,-1,Echolocation,/mnt/ubna_data_01_mir/recover-20220825/UBNA_002/20220823_033000.WAV,Telephone Field,recover-20220825,002,1795
577.1565,577.1656,39218,46975,Pipistrellus nathusii,0.022,0.039,-1,Echolocation,/mnt/ubna_data_01_mir/recover-20220825/UBNA_002/20220823_033000.WAV,Telephone Field,recover-20220825,002,1795
577.1875,577.1949,38359,48415,Pipistrellus nathusii,0.356,0.564,-1,Echolocation,/mnt/ubna_data_01_mir/recover-20220825/UBNA_002/20220823_033000.WAV,Telephone Field,recover-20220825,002,1795
577.2235,577.2311,27187,38612,Eptesicus serotinus,0.007,0.024,-1,Echolocation,/mnt/ubna_data_01_mir/recover-20220825/UBNA_002/20220823_033000.WAV,Telephone Field,recover-20220825,002,1795
577.2255,577.2675,68437,82858,Rhinolophus ferrumequinum,0.029,0.029,-1,Echolocation,/mnt/ubna_data_01_mir/recover-20220825/UBNA_002/20220823_033000.WAV,Telephone Field,recover-20220825,002,1795
577.2395,577.2474,26328,39131,Eptesicus serotinus,0.008,0.024,-1,Echolocation,/mnt/ubna_data_01_mir/recover-20220825/UBNA_002/20220823_033000.WAV,Telephone Field,recover-20220825,002,1795
577.2655,577.2744,46953,51766,Pipistrellus pipistrellus,0.026,0.031,-1,Echolocation,/mnt/ubna_data_01_mir/recover-20220825/UBNA_002/20220823_033000.WAV,Telephone Field,recover-20220825,002,1795
577.2895,577.299,22031,29499,Plecotus austriacus,0.009,0.028,-1,Echolocation,/mnt/ubna_data_01_mir/recover-20220825/UBNA_002/20220823_033000.WAV,Telephone Field,recover-20220825,002,1795
577.2915,577.3008,34921,42388,Pipistrellus nathusii,0.187,0.265,-1,Echolocation,/mnt/ubna_data_01_mir/recover-20220825/UBNA_002/20220823_033000.WAV,Telephone Field,recover-20220825,002,1795
577.3015,577.3122,24609,30615,Nyctalus leisleri,0.009,0.026,-1,Echolocation,/mnt/ubna_data_01_mir/recover-20220825/UBNA_002/20220823_033000.WAV,Telephone Field,recover-20220825,002,1795
577.3175,577.3603,68437,82427,Rhinolophus ferrumequinum,0.027,0.027,-1,Echolocation,/mnt/ubna_data_01_mir/recover-20220825/UBNA_002/20220823_033000.WAV,Telephone Field,recover-20220825,002,1795
577.3245,577.3384,15156,20016,Nyctalus noctula,0.034,0.048,-1,Echolocation,/mnt/ubna_data_01_mir/recover-20220825/UBNA_002/20220823_033000.WAV,Telephone Field,recover-20220825,002,1795
577.3375,577.3445,27187,38162,Eptesicus serotinus,0.008,0.026,-1,Echolocation,/mnt/ubna_data_01_mir/recover-20220825/UBNA_002/20220823_033000.WAV,Telephone Field,recover-20220825,002,1795
577.3445,577.3816,68437,81814,Rhinolophus ferrumequinum,0.023,0.023,-1,Echolocation,/mnt/ubna_data_01_mir/recover-20220825/UBNA_002/20220823_033000.WAV,Telephone Field,recover-20220825,002,1795
577.3895,577.3986,27187,39292,Eptesicus serotinus,0.01,0.024,-1,Echolocation,/mnt/ubna_data_01_mir/recover-20220825/UBNA_002/20220823_033000.WAV,Telephone Field,recover-20220825,002,1795
577.4085,577.4516,68437,83458,Rhinolophus ferrumequinum,0.032,0.032,-1,Echolocation,/mnt/ubna_data_01_mir/recover-20220825/UBNA_002/20220823_033000.WAV,Telephone Field,recover-20220825,002,1795
577.4105,577.4221,23750,28545,Nyctalus leisleri,0.016,0.034,-1,Echolocation,/mnt/ubna_data_01_mir/recover-20220825/UBNA_002/20220823_033000.WAV,Telephone Field,recover-20220825,002,1795
577.4675,577.4746,39218,48515,Pipistrellus nathusii,0.206,0.415,-1,Echolocation,/mnt/ubna_data_01_mir/recover-20220825/UBNA_002/20220823_033000.WAV,Telephone Field,recover-20220825,002,1795
577.4745,577.5105,68437,82019,Rhinolophus ferrumequinum,0.024,0.024,-1,Echolocation,/mnt/ubna_data_01_mir/recover-20220825/UBNA_002/20220823_033000.WAV,Telephone Field,recover-20220825,002,1795
577.4905,577.5313,68437,82455,Rhinolophus ferrumequinum,0.023,0.023,-1,Echolocation,/mnt/ubna_data_01_mir/recover-20220825/UBNA_002/20220823_033000.WAV,Telephone Field,recover-20220825,002,1795
577.4985,577.5056,31484,43450,Myotis daubentonii,0.011,0.024,-1,Echolocation,/mnt/ubna_data_01_mir/recover-20220825/UBNA_002/20220823_033000.WAV,Telephone Field,recover-20220825,002,1795
577.4995,577.5066,26328,40720,Eptesicus serotinus,0.007,0.024,-1,Echolocation,/mnt/ubna_data_01_mir/recover-20220825/UBNA_002/20220823_033000.WAV,Telephone Field,recover-20220825,002,1795
577.5695,577.5769,58125,64601,Pipistrellus pygmaeus,0.026,0.027,-1,Echolocation,/mnt/ubna_data_01_mir/recover-20220825/UBNA_002/20220823_033000.WAV,Telephone Field,recover-20220825,002,1795
577.5695,577.5762,39218,49052,Pipistrellus nathusii,0.11,0.268,-1,Echolocation,/mnt/ubna_data_01_mir/recover-20220825/UBNA_002/20220823_033000.WAV,Telephone Field,recover-20220825,002,1795
577.5955,577.637,68437,82964,Rhinolophus ferrumequinum,0.023,0.023,-1,Echolocation,/mnt/ubna_data_01_mir/recover-20220825/UBNA_002/20220823_033000.WAV,Telephone Field,recover-20220825,002,1795
577.6015,577.6123,27187,35452,Eptesicus serotinus,0.012,0.027,-1,Echolocation,/mnt/ubna_data_01_mir/recover-20220825/UBNA_002/20220823_033000.WAV,Telephone Field,recover-20220825,002,1795
577.6085,577.6194,28046,34853,Eptesicus serotinus,0.011,0.026,-1,Echolocation,/mnt/ubna_data_01_mir/recover-20220825/UBNA_002/20220823_033000.WAV,Telephone Field,recover-20220825,002,1795
577.6165,577.6277,27187,35319,Eptesicus serotinus,0.014,0.028,-1,Echolocation,/mnt/ubna_data_01_mir/recover-20220825/UBNA_002/20220823_033000.WAV,Telephone Field,recover-20220825,002,1795
577.6635,577.6695,35781,54883,Myotis brandtii,0.01,0.023,-1,Echolocation,/mnt/ubna_data_01_mir/recover-20220825/UBNA_002/20220823_033000.WAV,Telephone Field,recover-20220825,002,1795
577.6645,577.6758,53828,58889,Pipistrellus pygmaeus,0.023,0.025,-1,Echolocation,/mnt/ubna_data_01_mir/recover-20220825/UBNA_002/20220823_033000.WAV,Telephone Field,recover-20220825,002,1795
577.6825,577.7226,68437,82920,Rhinolophus ferrumequinum,0.025,0.025,-1,Echolocation,/mnt/ubna_data_01_mir/recover-20220825/UBNA_002/20220823_033000.WAV,Telephone Field,recover-20220825,002,1795
577.6855,577.6947,25468,33458,Eptesicus serotinus,0.009,0.023,-1,Echolocation,/mnt/ubna_data_01_mir/recover-20220825/UBNA_002/20220823_033000.WAV,Telephone Field,recover-20220825,002,1795
577.7085,577.7487,68437,82485,Rhinolophus ferrumequinum,0.026,0.026,-1,Echolocation,/mnt/ubna_data_01_mir/recover-20220825/UBNA_002/20220823_033000.WAV,Telephone Field,recover-20220825,002,1795
577.7325,577.7413,33203,42836,Myotis daubentonii,0.007,0.023,-1,Echolocation,/mnt/ubna_data_01_mir/recover-20220825/UBNA_002/20220823_033000.WAV,Telephone Field,recover-20220825,002,1795
577.7785,577.7862,38359,45600,Pipistrellus nathusii,0.114,0.162,-1,Echolocation,/mnt/ubna_data_01_mir/recover-20220825/UBNA_002/20220823_033000.WAV,Telephone Field,recover-20220825,002,1795
577.8045,577.8111,49531,55824,Pipistrellus pipistrellus,0.02,0.025,-1,Echolocation,/mnt/ubna_data_01_mir/recover-20220825/UBNA_002/20220823_033000.WAV,Telephone Field,recover-20220825,002,1795
577.8155,577.8227,25468,36649,Eptesicus serotinus,0.006,0.023,-1,Echolocation,/mnt/ubna_data_01_mir/recover-20220825/UBNA_002/20220823_033000.WAV,Telephone Field,recover-20220825,002,1795
577.8715,577.8788,26328,35625,Eptesicus serotinus,0.007,0.024,-1,Echolocation,/mnt/ubna_data_01_mir/recover-20220825/UBNA_002/20220823_033000.WAV,Telephone Field,recover-20220825,002,1795
577.8805,577.8873,37500,48127,Pipistrellus nathusii,0.182,0.381,-1,Echolocation,/mnt/ubna_data_01_mir/recover-20220825/UBNA_002/20220823_033000.WAV,Telephone Field,recover-20220825,002,1795
577.8925,577.9033,22890,28644,Nyctalus leisleri,0.013,0.037,-1,Echolocation,/mnt/ubna_data_01_mir/recover-20220825/UBNA_002/20220823_033000.WAV,Telephone Field,recover-20220825,002,1795
577.9305,577.9393,53828,60018,Pipistrellus pygmaeus,0.021,0.023,-1,Echolocation,/mnt/ubna_data_01_mir/recover-20220825/UBNA_002/20220823_033000.WAV,Telephone Field,recover-20220825,002,1795
577.9325,577.9722,68437,82233,Rhinolophus ferrumequinum,0.031,0.031,-1,Echolocation,/mnt/ubna_data_01_mir/recover-20220825/UBNA_002/20220823_033000.WAV,Telephone Field,recover-20220825,002,1795
577.9655,577.9726,37500,49435,Myotis brandtii,0.011,0.027,-1,Echolocation,/mnt/ubna_data_01_mir/recover-20220825/UBNA_002/20220823_033000.WAV,Telephone Field,recover-20220825,002,1795
577.9865,577.9946,38359,48155,Pipistrellus nathusii,0.013,0.028,-1,Echolocation,/mnt/ubna_data_01_mir/recover-20220825/UBNA_002/20220823_033000.WAV,Telephone Field,recover-20220825,002,1795
578.0015,578.0319,68437,79945,Rhinolophus ferrumequinum,0.043,0.044,-1,Echolocation,/mnt/ubna_data_01_mir/recover-20220825/UBNA_002/20220823_033000.WAV,Telephone Field,recover-20220825,002,1795
578.0015,578.014,12578,20005,Nyctalus leisleri,0.028,0.04,-1,Echolocation,/mnt/ubna_data_01_mir/recover-20220825/UBNA_002/20220823_033000.WAV,Telephone Field,recover-20220825,002,1795
578.0125,578.0553,68437,82224,Rhinolophus ferrumequinum,0.023,0.023,-1,Echolocation,/mnt/ubna_data_01_mir/recover-20220825/UBNA_002/20220823_033000.WAV,Telephone Field,recover-20220825,002,1795
578.0825,578.1219,68437,83005,Rhinolophus ferrumequinum,0.028,0.028,-1,Echolocation,/mnt/ubna_data_01_mir/recover-20220825/UBNA_002/20220823_033000.WAV,Telephone Field,recover-20220825,002,1795
578.0925,578.0979,39218,49762,Pipistrellus nathusii,0.107,0.313,-1,Echolocation,/mnt/ubna_data_01_mir/recover-20220825/UBNA_002/20220823_033000.WAV,Telephone Field,recover-20220825,002,1795
578.1355,578.1469,36640,42618,Pipistrellus nathusii,0.042,0.058,-1,Echolocation,/mnt/ubna_data_01_mir/recover-20220825/UBNA_002/20220823_033000.WAV,Telephone Field,recover-20220825,002,1795
578.1355,578.1727,68437,81119,Rhinolophus ferrumequinum,0.03,0.03,-1,Echolocation,/mnt/ubna_data_01_mir/recover-20220825/UBNA_002/20220823_033000.WAV,Telephone Field,recover-20220825,002,1795
578.1605,578.1988,68437,82511,Rhinolophus ferrumequinum,0.022,0.022,-1,Echolocation,/mnt/ubna_data_01_mir/recover-20220825/UBNA_002/20220823_033000.WAV,Telephone Field,recover-20220825,002,1795
578.1605,578.168,40078,50201,Myotis brandtii,0.009,0.031,-1,Echolocation,/mnt/ubna_data_01_mir/recover-20220825/UBNA_002/20220823_033000.WAV,Telephone Field,recover-20220825,002,1795
578.1615,578.168,25468,42818,Eptesicus serotinus,0.005,0.023,-1,Echolocation,/mnt/ubna_data_01_mir/recover-20220825/UBNA_002/20220823_033000.WAV,Telephone Field,recover-20220825,002,1795
578.1845,578.1916,34062,56473,Myotis brandtii,0.009,0.024,-1,Echolocation,/mnt/ubna_data_01_mir/recover-20220825/UBNA_002/20220823_033000.WAV,Telephone Field,recover-20220825,002,1795
578.1955,578.2319,68437,81895,Rhinolophus ferrumequinum,0.024,0.024,-1,Echolocation,/mnt/ubna_data_01_mir/recover-20220825/UBNA_002/20220823_033000.WAV,Telephone Field,recover-20220825,002,1795
578.1965,578.203,36640,45867,Pipistrellus nathusii,0.353,0.533,-1,Echolocation,/mnt/ubna_data_01_mir/recover-20220825/UBNA_002/20220823_033000.WAV,Telephone Field,recover-20220825,002,1795
578.2015,578.2387,68437,81686,Rhinolophus ferrumequinum,0.022,0.022,-1,Echolocation,/mnt/ubna_data_01_mir/recover-20220825/UBNA_002/20220823_033000.WAV,Telephone Field,recover-20220825,002,1795
578.2525,578.2916,68437,81898,Rhinolophus ferrumequinum,0.022,0.022,-1,Echolocation,/mnt/ubna_data_01_mir/recover-20220825/UBNA_002/20220823_033000.WAV,Telephone Field,recover-20220825,002,1795
578.2635,578.3019,68437,82311,Rhinolophus ferrumequinum,0.029,0.029,-1,Echolocation,/mnt/ubna_data_01_mir/recover-20220825/UBNA_002/20220823_033000.WAV,Telephone Field,recover-20220825,002,1795
578.2785,578.2851,50390,58080,Pipistrellus pipistrellus,0.023,0.03,-1,Echolocation,/mnt/ubna_data_01_mir/recover-20220825/UBNA_002/20220823_033000.WAV,Telephone Field,recover-20220825,002,1795
578.3025,578.309,38359,48537,Pipistrellus nathusii,0.384,0.591,-1,Echolocation,/mnt/ubna_data_01_mir/recover-20220825/UBNA_002/20220823_033000.WAV,Telephone Field,recover-20220825,002,1795
578.3225,578.3638,68437,82215,Rhinolophus ferrumequinum,0.022,0.022,-1,Echolocation,/mnt/ubna_data_01_mir/recover-20220825/UBNA_002/20220823_033000.WAV,Telephone Field,recover-20220825,002,1795
578.3575,578.3986,68437,82778,Rhinolophus ferrumequinum,0.027,0.027,-1,Echolocation,/mnt/ubna_data_01_mir/recover-20220825/UBNA_002/20220823_033000.WAV,Telephone Field,recover-20220825,002,1795
578.3625,578.3728,27187,35703,Eptesicus serotinus,0.013,0.03,-1,Echolocation,/mnt/ubna_data_01_mir/recover-20220825/UBNA_002/20220823_033000.WAV,Telephone Field,recover-20220825,002,1795
578.3925,578.3987,25468,41633,Plecotus auritus,0.011,0.039,-1,Echolocation,/mnt/ubna_data_01_mir/recover-20220825/UBNA_002/20220823_033000.WAV,Telephone Field,recover-20220825,002,1795
578.3925,578.3985,29765,47409,Myotis daubentonii,0.021,0.04,-1,Echolocation,/mnt/ubna_data_01_mir/recover-20220825/UBNA_002/20220823_033000.WAV,Telephone Field,recover-20220825,002,1795
578.3945,578.4009,38359,55715,Myotis brandtii,0.013,0.027,-1,Echolocation,/mnt/ubna_data_01_mir/recover-20220825/UBNA_002/20220823_033000.WAV,Telephone Field,recover-20220825,002,1795
578.3945,578.4326,68437,82914,Rhinolophus ferrumequinum,0.025,0.025,-1,Echolocation,/mnt/ubna_data_01_mir/recover-20220825/UBNA_002/20220823_033000.WAV,Telephone Field,recover-20220825,002,1795
578.4795,578.5188,68437,82474,Rhinolophus ferrumequinum,0.023,0.023,-1,Echolocation,/mnt/ubna_data_01_mir/recover-20220825/UBNA_002/20220823_033000.WAV,Telephone Field,recover-20220825,002,1795
578.4825,578.4889,39218,47740,Pipistrellus nathusii,0.439,0.539,-1,Echolocation,/mnt/ubna_data_01_mir/recover-20220825/UBNA_002/20220823_033000.WAV,Telephone Field,recover-20220825,002,1795
578.4975,578.5071,23750,29903,Nyctalus leisleri,0.009,0.025,-1,Echolocation,/mnt/ubna_data_01_mir/recover-20220825/UBNA_002/20220823_033000.WAV,Telephone Field,recover-20220825,002,1795
578.5495,578.5586,27187,35986,Eptesicus serotinus,0.009,0.024,-1,Echolocation,/mnt/ubna_data_01_mir/recover-20220825/UBNA_002/20220823_033000.WAV,Telephone Field,recover-20220825,002,1795
578.5885,578.5945,34062,49952,Myotis daubentonii,0.121,0.318,-1,Echolocation,/mnt/ubna_data_01_mir/recover-20220825/UBNA_002/20220823_033000.WAV,Telephone Field,recover-20220825,002,1795
578.6145,578.6535,68437,82451,Rhinolophus ferrumequinum,0.031,0.031,-1,Echolocation,/mnt/ubna_data_01_mir/recover-20220825/UBNA_002/20220823_033000.WAV,Telephone Field,recover-20220825,002,1795
578.6695,578.6767,27187,36761,Eptesicus serotinus,0.007,0.023,-1,Echolocation,/mnt/ubna_data_01_mir/recover-20220825/UBNA_002/20220823_033000.WAV,Telephone Field,recover-20220825,002,1795
578.6905,578.6996,40078,48845,Pipistrellus nathusii,0.015,0.031,-1,Echolocation,/mnt/ubna_data_01_mir/recover-20220825/UBNA_002/20220823_033000.WAV,Telephone Field,recover-20220825,002,1795
578.7145,578.7242,25468,33131,Eptesicus serotinus,0.01,0.023,-1,Echolocation,/mnt/ubna_data_01_mir/recover-20220825/UBNA_002/20220823_033000.WAV,Telephone Field,recover-20220825,002,1795
578.7235,578.7307,49531,56037,Pipistrellus pipistrellus,0.02,0.024,-1,Echolocation,/mnt/ubna_data_01_mir/recover-20220825/UBNA_002/20220823_033000.WAV,Telephone Field,recover-20220825,002,1795
578.7245,578.7316,27187,38258,Eptesicus serotinus,0.007,0.023,-1,Echolocation,/mnt/ubna_data_01_mir/recover-20220825/UBNA_002/20220823_033000.WAV,Telephone Field,recover-20220825,002,1795
578.7525,578.7613,38359,46935,Pipistrellus nathusii,0.01,0.027,-1,Echolocation,/mnt/ubna_data_01_mir/recover-20220825/UBNA_002/20220823_033000.WAV,Telephone Field,recover-20220825,002,1795
578.7545,578.761,29765,49941,Myotis daubentonii,0.012,0.023,-1,Echolocation,/mnt/ubna_data_01_mir/recover-20220825/UBNA_002/20220823_033000.WAV,Telephone Field,recover-20220825,002,1795
578.7945,578.8014,35781,44367,Barbastellus barbastellus,0.097,0.201,-1,Echolocation,/mnt/ubna_data_01_mir/recover-20220825/UBNA_002/20220823_033000.WAV,Telephone Field,recover-20220825,002,1795
578.8445,578.8527,27187,37340,Eptesicus serotinus,0.008,0.023,-1,Echolocation,/mnt/ubna_data_01_mir/recover-20220825/UBNA_002/20220823_033000.WAV,Telephone Field,recover-20220825,002,1795
578.8855,578.8911,36640,46380,Pipistrellus nathusii,0.276,0.488,-1,Echolocation,/mnt/ubna_data_01_mir/recover-20220825/UBNA_002/20220823_033000.WAV,Telephone Field,recover-20220825,002,1795
578.8885,578.9274,68437,81801,Rhinolophus ferrumequinum,0.025,0.025,-1,Echolocation,/mnt/ubna_data_01_mir/recover-20220825/UBNA_002/20220823_033000.WAV,Telephone Field,recover-20220825,002,1795
578.9355,578.9434,28046,37441,Eptesicus serotinus,0.013,0.034,-1,Echolocation,/mnt/ubna_data_01_mir/recover-20220825/UBNA_002/20220823_033000.WAV,Telephone Field,recover-20220825,002,1795
578.9655,578.9727,50390,57760,Pipistrellus pipistrellus,0.017,0.025,-1,Echolocation,/mnt/ubna_data_01_mir/recover-20220825/UBNA_002/20220823_033000.WAV,Telephone Field,recover-20220825,002,1795
578.9675,578.9759,27187,37815,Eptesicus serotinus,0.008,0.025,-1,Echolocation,/mnt/ubna_data_01_mir/recover-20220825/UBNA_002/20220823_033000.WAV,Telephone Field,recover-20220825,002,1795
578.9835,579.0213,68437,81899,Rhinolophus ferrumequinum,0.025,0.025,-1,Echolocation,/mnt/ubna_data_01_mir/recover-20220825/UBNA_002/20220823_033000.WAV,Telephone Field,recover-20220825,002,1795
579.0015,579.0117,23750,29837,Nyctalus leisleri,0.009,0.024,-1,Echolocation,/mnt/ubna_data_01_mir/recover-20220825/UBNA_002/20220823_033000.WAV,Telephone Field,recover-20220825,002,1795
579.0275,579.0367,28046,36977,Eptesicus serotinus,0.008,0.022,-1,Echolocation,/mnt/ubna_data_01_mir/recover-20220825/UBNA_002/20220823_033000.WAV,Telephone Field,recover-20220825,002,1795
579.0415,579.0515,23750,30587,Nyctalus leisleri,0.009,0.024,-1,Echolocation,/mnt/ubna_data_01_mir/recover-20220825/UBNA_002/20220823_033000.WAV,Telephone Field,recover-20220825,002,1795
579.0715,579.0827,27187,34165,Eptesicus serotinus,0.054,0.079,-1,Echolocation,/mnt/ubna_data_01_mir/recover-20220825/UBNA_002/20220823_033000.WAV,Telephone Field,recover-20220825,002,1795
579.0725,579.1118,68437,82095,Rhinolophus ferrumequinum,0.023,0.023,-1,Echolocation,/mnt/ubna_data_01_mir/recover-20220825/UBNA_002/20220823_033000.WAV,Telephone Field,recover-20220825,002,1795
579.0865,579.1255,68437,82223,Rhinolophus ferrumequinum,0.022,0.022,-1,Echolocation,/mnt/ubna_data_01_mir/recover-20220825/UBNA_002/20220823_033000.WAV,Telephone Field,recover-20220825,002,1795
579.0925,579.1012,27187,35777,Eptesicus serotinus,0.01,0.025,-1,Echolocation,/mnt/ubna_data_01_mir/recover-20220825/UBNA_002/20220823_033000.WAV,Telephone Field,recover-20220825,002,1795
579.0935,579.1357,68437,83452,Rhinolophus ferrumequinum,0.025,0.025,-1,Echolocation,/mnt/ubna_data_01_mir/recover-20220825/UBNA_002/20220823_033000.WAV,Telephone Field,recover-20220825,002,1795
579.1265,579.1631,68437,81229,Rhinolophus ferrumequinum,0.023,0.023,-1,Echolocation,/mnt/ubna_data_01_mir/recover-20220825/UBNA_002/20220823_033000.WAV,Telephone Field,recover-20220825,002,1795
579.1385,579.1456,26328,36357,Eptesicus serotinus,0.007,0.024,-1,Echolocation,/mnt/ubna_data_01_mir/recover-20220825/UBNA_002/20220823_033000.WAV,Telephone Field,recover-20220825,002,1795
579.1535,579.1659,16015,21884,Nyctalus noctula,0.016,0.027,-1,Echolocation,/mnt/ubna_data_01_mir/recover-20220825/UBNA_002/20220823_033000.WAV,Telephone Field,recover-20220825,002,1795
579.1565,579.1637,40078,48283,Pipistrellus nathusii,0.273,0.455,-1,Echolocation,/mnt/ubna_data_01_mir/recover-20220825/UBNA_002/20220823_033000.WAV,Telephone Field,recover-20220825,002,1795
579.1585,579.1642,28046,49960,Myotis daubentonii,0.025,0.038,-1,Echolocation,/mnt/ubna_data_01_mir/recover-20220825/UBNA_002/20220823_033000.WAV,Telephone Field,recover-20220825,002,1795
579.1855,579.2267,68437,82223,Rhinolophus ferrumequinum,0.023,0.023,-1,Echolocation,/mnt/ubna_data_01_mir/recover-20220825/UBNA_002/20220823_033000.WAV,Telephone Field,recover-20220825,002,1795
579.2145,579.2245,54687,59639,Pipistrellus pygmaeus,0.057,0.058,-1,Echolocation,/mnt/ubna_data_01_mir/recover-20220825/UBNA_002/20220823_033000.WAV,Telephone Field,recover-20220825,002,1795
579.2255,579.2333,27187,35771,Eptesicus serotinus,0.007,0.023,-1,Echolocation,/mnt/ubna_data_01_mir/recover-20220825/UBNA_002/20220823_033000.WAV,Telephone Field,recover-20220825,002,1795
579.2275,579.2376,36640,41614,Pipistrellus nathusii,0.015,0.028,-1,Echolocation,/mnt/ubna_data_01_mir/recover-20220825/UBNA_002/20220823_033000.WAV,Telephone Field,recover-20220825,002,1795
579.2335,579.2716,68437,82306,Rhinolophus ferrumequinum,0.026,0.026,-1,Echolocation,/mnt/ubna_data_01_mir/recover-20220825/UBNA_002/20220823_033000.WAV,Telephone Field,recover-20220825,002,1795
579.2455,579.2843,68437,82480,Rhinolophus ferrumequinum,0.022,0.022,-1,Echolocation,/mnt/ubna_data_01_mir/recover-20220825/UBNA_002/20220823_033000.WAV,Telephone Field,recover-20220825,002,1795
579.2535,579.2616,40937,47316,Pipistrellus nathusii,0.303,0.4,-1,Echolocation,/mnt/ubna_data_01_mir/recover-20220825/UBNA_002/20220823_033000.WAV,Telephone Field,recover-20220825,002,1795
579.2535,579.293,68437,81909,Rhinolophus ferrumequinum,0.023,0.023,-1,Echolocation,/mnt/ubna_data_01_mir/recover-20220825/UBNA_002/20220823_033000.WAV,Telephone Field,recover-20220825,002,1795
579.3135,579.3526,68437,82528,Rhinolophus ferrumequinum,0.023,0.023,-1,Echolocation,/mnt/ubna_data_01_mir/recover-20220825/UBNA_002/20220823_033000.WAV,Telephone Field,recover-20220825,002,1795
579.3185,579.3262,39218,51544,Myotis brandtii,0.008,0.023,-1,Echolocation,/mnt/ubna_data_01_mir/recover-20220825/UBNA_002/20220823_033000.WAV,Telephone Field,recover-20220825,002,1795
579.3445,579.3876,68437,82462,Rhinolophus ferrumequinum,0.024,0.024,-1,Echolocation,/mnt/ubna_data_01_mir/recover-20220825/UBNA_002/20220823_033000.WAV,Telephone Field,recover-20220825,002,1795
579.3525,579.358,40937,52933,Myotis brandtii,0.096,0.301,-1,Echolocation,/mnt/ubna_data_01_mir/recover-20220825/UBNA_002/20220823_033000.WAV,Telephone Field,recover-20220825,002,1795
579.3525,579.3934,68437,82873,Rhinolophus ferrumequinum,0.028,0.028,-1,Echolocation,/mnt/ubna_data_01_mir/recover-20220825/UBNA_002/20220823_033000.WAV,Telephone Field,recover-20220825,002,1795
579.3535,579.3593,30625,61784,Myotis daubentonii,0.036,0.08,-1,Echolocation,/mnt/ubna_data_01_mir/recover-20220825/UBNA_002/20220823_033000.WAV,Telephone Field,recover-20220825,002,1795
579.4465,579.486,68437,81996,Rhinolophus ferrumequinum,0.024,0.024,-1,Echolocation,/mnt/ubna_data_01_mir/recover-20220825/UBNA_002/20220823_033000.WAV,Telephone Field,recover-20220825,002,1795
579.4535,579.4591,37500,49785,Myotis brandtii,0.02,0.057,-1,Echolocation,/mnt/ubna_data_01_mir/recover-20220825/UBNA_002/20220823_033000.WAV,Telephone Field,recover-20220825,002,1795
579.4715,579.5135,68437,82629,Rhinolophus ferrumequinum,0.038,0.038,-1,Echolocation,/mnt/ubna_data_01_mir/recover-20220825/UBNA_002/20220823_033000.WAV,Telephone Field,recover-20220825,002,1795
579.4925,579.5076,45234,47934,Pipistrellus pipistrellus,0.041,0.051,-1,Echolocation,/mnt/ubna_data_01_mir/recover-20220825/UBNA_002/20220823_033000.WAV,Telephone Field,recover-20220825,002,1795
579.4945,579.5279,68437,81817,Rhinolophus ferrumequinum,0.023,0.023,-1,Echolocation,/mnt/ubna_data_01_mir/recover-20220825/UBNA_002/20220823_033000.WAV,Telephone Field,recover-20220825,002,1795
579.5065,579.5155,37500,43020,Pipistrellus nathusii,0.01,0.023,-1,Echolocation,/mnt/ubna_data_01_mir/recover-20220825/UBNA_002/20220823_033000.WAV,Telephone Field,recover-20220825,002,1795
579.5725,579.5788,40078,54397,Myotis daubentonii,0.009,0.028,-1,Echolocation,/mnt/ubna_data_01_mir/recover-20220825/UBNA_002/20220823_033000.WAV,Telephone Field,recover-20220825,002,1795
579.5765,579.6099,68437,81198,Rhinolophus ferrumequinum,0.025,0.025,-1,Echolocation,/mnt/ubna_data_01_mir/recover-20220825/UBNA_002/20220823_033000.WAV,Telephone Field,recover-20220825,002,1795
579.5975,579.6052999999999,27187,37352,Eptesicus serotinus,0.008,0.023,-1,Echolocation,/mnt/ubna_data_01_mir/recover-20220825/UBNA_002/20220823_033000.WAV,Telephone Field,recover-20220825,002,1795
579.6015,579.6107,42656,47078,Pipistrellus nathusii,0.05,0.069,-1,Echolocation,/mnt/ubna_data_01_mir/recover-20220825/UBNA_002/20220823_033000.WAV,Telephone Field,recover-20220825,002,1795
579.6115,579.6185,26328,35292,Eptesicus serotinus,0.007,0.024,-1,Echolocation,/mnt/ubna_data_01_mir/recover-20220825/UBNA_002/20220823_033000.WAV,Telephone Field,recover-20220825,002,1795
579.6555,579.6623,38359,49031,Myotis brandtii,0.008,0.025,-1,Echolocation,/mnt/ubna_data_01_mir/recover-20220825/UBNA_002/20220823_033000.WAV,Telephone Field,recover-20220825,002,1795
579.6585,579.6688,24609,31859,Eptesicus serotinus,0.008,0.024,-1,Echolocation,/mnt/ubna_data_01_mir/recover-20220825/UBNA_002/20220823_033000.WAV,Telephone Field,recover-20220825,002,1795
579.6655,579.702,68437,82054,Rhinolophus ferrumequinum,0.023,0.023,-1,Echolocation,/mnt/ubna_data_01_mir/recover-20220825/UBNA_002/20220823_033000.WAV,Telephone Field,recover-20220825,002,1795
579.6675,579.6759,27187,35984,Eptesicus serotinus,0.009,0.026,-1,Echolocation,/mnt/ubna_data_01_mir/recover-20220825/UBNA_002/20220823_033000.WAV,Telephone Field,recover-20220825,002,1795
579.6815,579.6916,27187,34719,Eptesicus serotinus,0.01,0.022,-1,Echolocation,/mnt/ubna_data_01_mir/recover-20220825/UBNA_002/20220823_033000.WAV,Telephone Field,recover-20220825,002,1795
579.6995,579.7416,68437,83619,Rhinolophus ferrumequinum,0.049,0.049,-1,Echolocation,/mnt/ubna_data_01_mir/recover-20220825/UBNA_002/20220823_033000.WAV,Telephone Field,recover-20220825,002,1795
579.7005,579.71,41796,48631,Pipistrellus nathusii,0.052,0.065,-1,Echolocation,/mnt/ubna_data_01_mir/recover-20220825/UBNA_002/20220823_033000.WAV,Telephone Field,recover-20220825,002,1795
579.7015,579.7083,29765,49513,Myotis daubentonii,0.017,0.028,-1,Echolocation,/mnt/ubna_data_01_mir/recover-20220825/UBNA_002/20220823_033000.WAV,Telephone Field,recover-20220825,002,1795
579.7465,579.7853,68437,82241,Rhinolophus ferrumequinum,0.022,0.022,-1,Echolocation,/mnt/ubna_data_01_mir/recover-20220825/UBNA_002/20220823_033000.WAV,Telephone Field,recover-20220825,002,1795
579.7545,579.7663,22890,27853,Nyctalus leisleri,0.011,0.023,-1,Echolocation,/mnt/ubna_data_01_mir/recover-20220825/UBNA_002/20220823_033000.WAV,Telephone Field,recover-20220825,002,1795
579.7555,579.7661,41796,46193,Pipistrellus nathusii,0.041,0.052,-1,Echolocation,/mnt/ubna_data_01_mir/recover-20220825/UBNA_002/20220823_033000.WAV,Telephone Field,recover-20220825,002,1795
579.7715,579.7796,27187,36557,Eptesicus serotinus,0.008,0.023,-1,Echolocation,/mnt/ubna_data_01_mir/recover-20220825/UBNA_002/20220823_033000.WAV,Telephone Field,recover-20220825,002,1795
579.7935,579.7993,40078,49144,Pipistrellus nathusii,0.141,0.227,-1,Echolocation,/mnt/ubna_data_01_mir/recover-20220825/UBNA_002/20220823_033000.WAV,Telephone Field,recover-20220825,002,1795
579.7945,579.8018,25468,40266,Eptesicus serotinus,0.008,0.027,-1,Echolocation,/mnt/ubna_data_01_mir/recover-20220825/UBNA_002/20220823_033000.WAV,Telephone Field,recover-20220825,002,1795
579.8255,579.8363,23750,29599,Nyctalus leisleri,0.008,0.022,-1,Echolocation,/mnt/ubna_data_01_mir/recover-20220825/UBNA_002/20220823_033000.WAV,Telephone Field,recover-20220825,002,1795
579.8515,579.8905,68437,82523,Rhinolophus ferrumequinum,0.022,0.022,-1,Echolocation,/mnt/ubna_data_01_mir/recover-20220825/UBNA_002/20220823_033000.WAV,Telephone Field,recover-20220825,002,1795
579.8865,579.8941,34062,45931,Myotis daubentonii,0.011,0.023,-1,Echolocation,/mnt/ubna_data_01_mir/recover-20220825/UBNA_002/20220823_033000.WAV,Telephone Field,recover-20220825,002,1795
579.8985,579.9076,28906,37459,Myotis daubentonii,0.007,0.024,-1,Echolocation,/mnt/ubna_data_01_mir/recover-20220825/UBNA_002/20220823_033000.WAV,Telephone Field,recover-20220825,002,1795
579.9145,579.9223,27187,41245,Eptesicus serotinus,0.009,0.025,-1,Echolocation,/mnt/ubna_data_01_mir/recover-20220825/UBNA_002/20220823_033000.WAV,Telephone Field,recover-20220825,002,1795
579.9465,579.9529,38359,50900,Myotis brandtii,0.009,0.025,-1,Echolocation,/mnt/ubna_data_01_mir/recover-20220825/UBNA_002/20220823_033000.WAV,Telephone Field,recover-20220825,002,1795
579.9485,579.9544,30625,47218,Myotis daubentonii,0.017,0.029,-1,Echolocation,/mnt/ubna_data_01_mir/recover-20220825/UBNA_002/20220823_033000.WAV,Telephone Field,recover-20220825,002,1795
579.9745,579.9813,40937,52384,Pipistrellus nathusii,0.11,0.167,-1,Echolocation,/mnt/ubna_data_01_mir/recover-20220825/UBNA_002/20220823_033000.WAV,Telephone Field,recover-20220825,002,1795
579.9805,579.9877,25468,35950,Eptesicus serotinus,0.007,0.026,-1,Echolocation,/mnt/ubna_data_01_mir/recover-20220825/UBNA_002/20220823_033000.WAV,Telephone Field,recover-20220825,002,1795
580.0015,580.009,47812,55329,Pipistrellus pipistrellus,0.021,0.026,-1,Echolocation,/mnt/ubna_data_01_mir/recover-20220825/UBNA_002/20220823_033000.WAV,Telephone Field,recover-20220825,002,1795
580.0015,580.0111,22890,28510,Nyctalus leisleri,0.016,0.035,-1,Echolocation,/mnt/ubna_data_01_mir/recover-20220825/UBNA_002/20220823_033000.WAV,Telephone Field,recover-20220825,002,1795
580.0015,580.0311,68437,79511,Rhinolophus ferrumequinum,0.028,0.028,-1,Echolocation,/mnt/ubna_data_01_mir/recover-20220825/UBNA_002/20220823_033000.WAV,Telephone Field,recover-20220825,002,1795
580.0065,580.0141,27187,35680,Eptesicus serotinus,0.006,0.022,-1,Echolocation,/mnt/ubna_data_01_mir/recover-20220825/UBNA_002/20220823_033000.WAV,Telephone Field,recover-20220825,002,1795
580.0085,580.0478,68437,81815,Rhinolophus ferrumequinum,0.021,0.021,-1,Echolocation,/mnt/ubna_data_01_mir/recover-20220825/UBNA_002/20220823_033000.WAV,Telephone Field,recover-20220825,002,1795
580.0315,580.065,68437,81031,Rhinolophus ferrumequinum,0.024,0.024,-1,Echolocation,/mnt/ubna_data_01_mir/recover-20220825/UBNA_002/20220823_033000.WAV,Telephone Field,recover-20220825,002,1795
580.0345,580.0448,24609,33248,Eptesicus serotinus,0.017,0.045,-1,Echolocation,/mnt/ubna_data_01_mir/recover-20220825/UBNA_002/20220823_033000.WAV,Telephone Field,recover-20220825,002,1795
580.0475,580.0572,27187,35809,Eptesicus serotinus,0.01,0.025,-1,Echolocation,/mnt/ubna_data_01_mir/recover-20220825/UBNA_002/20220823_033000.WAV,Telephone Field,recover-20220825,002,1795
580.0565,580.0923,68437,81970,Rhinolophus ferrumequinum,0.021,0.021,-1,Echolocation,/mnt/ubna_data_01_mir/recover-20220825/UBNA_002/20220823_033000.WAV,Telephone Field,recover-20220825,002,1795
580.0625,580.1008,68437,81838,Rhinolophus ferrumequinum,0.021,0.021,-1,Echolocation,/mnt/ubna_data_01_mir/recover-20220825/UBNA_002/20220823_033000.WAV,Telephone Field,recover-20220825,002,1795
580.0645,580.0719,40937,47288,Pipistrellus nathusii,0.061,0.171,-1,Echolocation,/mnt/ubna_data_01_mir/recover-20220825/UBNA_002/20220823_033000.WAV,Telephone Field,recover-20220825,002,1795
580.0945,580.104,27187,35512,Eptesicus serotinus,0.009,0.022,-1,Echolocation,/mnt/ubna_data_01_mir/recover-20220825/UBNA_002/20220823_033000.WAV,Telephone Field,recover-20220825,002,1795
580.1345,580.1422,27187,36320,Eptesicus serotinus,0.007,0.023,-1,Echolocation,/mnt/ubna_data_01_mir/recover-20220825/UBNA_002/20220823_033000.WAV,Telephone Field,recover-20220825,002,1795
580.1545,580.1606,39218,50039,Pipistrellus nathusii,0.111,0.357,-1,Echolocation,/mnt/ubna_data_01_mir/recover-20220825/UBNA_002/20220823_033000.WAV,Telephone Field,recover-20220825,002,1795
580.1685,580.2035,68437,81655,Rhinolophus ferrumequinum,0.024,0.024,-1,Echolocation,/mnt/ubna_data_01_mir/recover-20220825/UBNA_002/20220823_033000.WAV,Telephone Field,recover-20220825,002,1795
580.1765,580.1839,26328,36759,Eptesicus serotinus,0.007,0.022,-1,Echolocation,/mnt/ubna_data_01_mir/recover-20220825/UBNA_002/20220823_033000.WAV,Telephone Field,recover-20220825,002,1795
580.1915,580.2325,68437,82459,Rhinolophus ferrumequinum,0.023,0.023,-1,Echolocation,/mnt/ubna_data_01_mir/recover-20220825/UBNA_002/20220823_033000.WAV,Telephone Field,recover-20220825,002,1795
580.2055,580.2147,41796,47492,Pipistrellus nathusii,0.011,0.022,-1,Echolocation,/mnt/ubna_data_01_mir/recover-20220825/UBNA_002/20220823_033000.WAV,Telephone Field,recover-20220825,002,1795
580.2235,580.2613,68437,81747,Rhinolophus ferrumequinum,0.022,0.022,-1,Echolocation,/mnt/ubna_data_01_mir/recover-20220825/UBNA_002/20220823_033000.WAV,Telephone Field,recover-20220825,002,1795
580.2475,580.2545,36640,48679,Pipistrellus nathusii,0.152,0.405,-1,Echolocation,/mnt/ubna_data_01_mir/recover-20220825/UBNA_002/20220823_033000.WAV,Telephone Field,recover-20220825,002,1795
580.2825,580.2923,28906,36953,Eptesicus serotinus,0.01,0.025,-1,Echolocation,/mnt/ubna_data_01_mir/recover-20220825/UBNA_002/20220823_033000.WAV,Telephone Field,recover-20220825,002,1795
580.3335,580.3422,26328,34091,Eptesicus serotinus,0.01,0.026,-1,Echolocation,/mnt/ubna_data_01_mir/recover-20220825/UBNA_002/20220823_033000.WAV,Telephone Field,recover-20220825,002,1795
580.3625,580.3712,28046,39323,Eptesicus serotinus,0.009,0.023,-1,Echolocation,/mnt/ubna_data_01_mir/recover-20220825/UBNA_002/20220823_033000.WAV,Telephone Field,recover-20220825,002,1795
580.3795,580.4159,68437,80782,Rhinolophus ferrumequinum,0.024,0.024,-1,Echolocation,/mnt/ubna_data_01_mir/recover-20220825/UBNA_002/20220823_033000.WAV,Telephone Field,recover-20220825,002,1795
580.3845,580.3906,38359,46506,Pipistrellus nathusii,0.197,0.423,-1,Echolocation,/mnt/ubna_data_01_mir/recover-20220825/UBNA_002/20220823_033000.WAV,Telephone Field,recover-20220825,002,1795
580.3905,580.4295,68437,82453,Rhinolophus ferrumequinum,0.025,0.025,-1,Echolocation,/mnt/ubna_data_01_mir/recover-20220825/UBNA_002/20220823_033000.WAV,Telephone Field,recover-20220825,002,1795
580.3945,580.4043,27187,34152,Eptesicus serotinus,0.009,0.024,-1,Echolocation,/mnt/ubna_data_01_mir/recover-20220825/UBNA_002/20220823_033000.WAV,Telephone Field,recover-20220825,002,1795
580.4275,580.4654,68437,81385,Rhinolophus ferrumequinum,0.021,0.021,-1,Echolocation,/mnt/ubna_data_01_mir/recover-20220825/UBNA_002/20220823_033000.WAV,Telephone Field,recover-20220825,002,1795
580.4565,580.4689,22890,26837,Nyctalus leisleri,0.012,0.021,-1,Echolocation,/mnt/ubna_data_01_mir/recover-20220825/UBNA_002/20220823_033000.WAV,Telephone Field,recover-20220825,002,1795
580.4665,580.5074,68437,82113,Rhinolophus ferrumequinum,0.026,0.026,-1,Echolocation,/mnt/ubna_data_01_mir/recover-20220825/UBNA_002/20220823_033000.WAV,Telephone Field,recover-20220825,002,1795
580.4795,580.4853,38359,48978,Pipistrellus nathusii,0.247,0.457,-1,Echolocation,/mnt/ubna_data_01_mir/recover-20220825/UBNA_002/20220823_033000.WAV,Telephone Field,recover-20220825,002,1795
580.5105,580.5195,27187,37343,Eptesicus serotinus,0.011,0.026,-1,Echolocation,/mnt/ubna_data_01_mir/recover-20220825/UBNA_002/20220823_033000.WAV,Telephone Field,recover-20220825,002,1795
580.5425,580.5785,68437,81981,Rhinolophus ferrumequinum,0.021,0.022,-1,Echolocation,/mnt/ubna_data_01_mir/recover-20220825/UBNA_002/20220823_033000.WAV,Telephone Field,recover-20220825,002,1795
580.5475,580.5834,68437,82191,Rhinolophus ferrumequinum,0.022,0.022,-1,Echolocation,/mnt/ubna_data_01_mir/recover-20220825/UBNA_002/20220823_033000.WAV,Telephone Field,recover-20220825,002,1795
580.5615,580.5708,48671,52181,Pipistrellus pipistrellus,0.015,0.022,-1,Echolocation,/mnt/ubna_data_01_mir/recover-20220825/UBNA_002/20220823_033000.WAV,Telephone Field,recover-20220825,002,1795
580.5675,580.5719,34921,48043,Barbastellus barbastellus,0.304,0.452,-1,Echolocation,/mnt/ubna_data_01_mir/recover-20220825/UBNA_002/20220823_033000.WAV,Telephone Field,recover-20220825,002,1795
580.5745,580.5809,25468,33970,Eptesicus serotinus,0.005,0.022,-1,Echolocation,/mnt/ubna_data_01_mir/recover-20220825/UBNA_002/20220823_033000.WAV,Telephone Field,recover-20220825,002,1795
580.5875,580.6261,68437,82447,Rhinolophus ferrumequinum,0.025,0.025,-1,Echolocation,/mnt/ubna_data_01_mir/recover-20220825/UBNA_002/20220823_033000.WAV,Telephone Field,recover-20220825,002,1795
580.6025,580.6387,68437,81983,Rhinolophus ferrumequinum,0.023,0.023,-1,Echolocation,/mnt/ubna_data_01_mir/recover-20220825/UBNA_002/20220823_033000.WAV,Telephone Field,recover-20220825,002,1795
580.6315,580.6737,68437,82778,Rhinolophus ferrumequinum,0.025,0.025,-1,Echolocation,/mnt/ubna_data_01_mir/recover-20220825/UBNA_002/20220823_033000.WAV,Telephone Field,recover-20220825,002,1795
580.6565,580.6671,23750,28945,Nyctalus leisleri,0.013,0.027,-1,Echolocation,/mnt/ubna_data_01_mir/recover-20220825/UBNA_002/20220823_033000.WAV,Telephone Field,recover-20220825,002,1795
580.6855,580.6958,28046,36286,Eptesicus serotinus,0.011,0.024,-1,Echolocation,/mnt/ubna_data_01_mir/recover-20220825/UBNA_002/20220823_033000.WAV,Telephone Field,recover-20220825,002,1795
580.6965,580.7348,68437,82220,Rhinolophus ferrumequinum,0.024,0.025,-1,Echolocation,/mnt/ubna_data_01_mir/recover-20220825/UBNA_002/20220823_033000.WAV,Telephone Field,recover-20220825,002,1795
580.7285,580.7699,68437,82909,Rhinolophus ferrumequinum,0.022,0.022,-1,Echolocation,/mnt/ubna_data_01_mir/recover-20220825/UBNA_002/20220823_033000.WAV,Telephone Field,recover-20220825,002,1795
580.7295,580.7374,26328,37915,Eptesicus serotinus,0.007,0.021,-1,Echolocation,/mnt/ubna_data_01_mir/recover-20220825/UBNA_002/20220823_033000.WAV,Telephone Field,recover-20220825,002,1795
580.7515,580.7582,25468,37510,Eptesicus serotinus,0.007,0.028,-1,Echolocation,/mnt/ubna_data_01_mir/recover-20220825/UBNA_002/20220823_033000.WAV,Telephone Field,recover-20220825,002,1795
580.7535,580.7611,36640,44359,Barbastellus barbastellus,0.026,0.047,-1,Echolocation,/mnt/ubna_data_01_mir/recover-20220825/UBNA_002/20220823_033000.WAV,Telephone Field,recover-20220825,002,1795
580.7855,580.7921,40937,53271,Pipistrellus nathusii,0.009,0.025,-1,Echolocation,/mnt/ubna_data_01_mir/recover-20220825/UBNA_002/20220823_033000.WAV,Telephone Field,recover-20220825,002,1795
580.7865,580.7931,29765,43677,Myotis daubentonii,0.012,0.023,-1,Echolocation,/mnt/ubna_data_01_mir/recover-20220825/UBNA_002/20220823_033000.WAV,Telephone Field,recover-20220825,002,1795
580.8285,580.8357,27187,36095,Eptesicus serotinus,0.006,0.023,-1,Echolocation,/mnt/ubna_data_01_mir/recover-20220825/UBNA_002/20220823_033000.WAV,Telephone Field,recover-20220825,002,1795
580.8345,580.8693,68437,81218,Rhinolophus ferrumequinum,0.022,0.022,-1,Echolocation,/mnt/ubna_data_01_mir/recover-20220825/UBNA_002/20220823_033000.WAV,Telephone Field,recover-20220825,002,1795
580.8355,580.8472,37500,42220,Pipistrellus nathusii,0.037,0.045,-1,Echolocation,/mnt/ubna_data_01_mir/recover-20220825/UBNA_002/20220823_033000.WAV,Telephone Field,recover-20220825,002,1795
580.8755,580.9128,68437,81836,Rhinolophus ferrumequinum,0.022,0.022,-1,Echolocation,/mnt/ubna_data_01_mir/recover-20220825/UBNA_002/20220823_033000.WAV,Telephone Field,recover-20220825,002,1795
580.8835,580.922,68437,81748,Rhinolophus ferrumequinum,0.023,0.023,-1,Echolocation,/mnt/ubna_data_01_mir/recover-20220825/UBNA_002/20220823_033000.WAV,Telephone Field,recover-20220825,002,1795
580.9315,580.9406,31484,39671,Barbastellus barbastellus,0.006,0.023,-1,Echolocation,/mnt/ubna_data_01_mir/recover-20220825/UBNA_002/20220823_033000.WAV,Telephone Field,recover-20220825,002,1795
580.9545,580.9891,68437,80572,Rhinolophus ferrumequinum,0.022,0.022,-1,Echolocation,/mnt/ubna_data_01_mir/recover-20220825/UBNA_002/20220823_033000.WAV,Telephone Field,recover-20220825,002,1795
580.9675,580.9772,27187,35748,Eptesicus serotinus,0.011,0.026,-1,Echolocation,/mnt/ubna_data_01_mir/recover-20220825/UBNA_002/20220823_033000.WAV,Telephone Field,recover-20220825,002,1795
580.9775,581.0168,68437,82565,Rhinolophus ferrumequinum,0.029,0.029,-1,Echolocation,/mnt/ubna_data_01_mir/recover-20220825/UBNA_002/20220823_033000.WAV,Telephone Field,recover-20220825,002,1795
580.9835,580.9919,25468,34958,Eptesicus serotinus,0.01,0.031,-1,Echolocation,/mnt/ubna_data_01_mir/recover-20220825/UBNA_002/20220823_033000.WAV,Telephone Field,recover-20220825,002,1795
580.9965,581.0361,68437,82661,Rhinolophus ferrumequinum,0.028,0.028,-1,Echolocation,/mnt/ubna_data_01_mir/recover-20220825/UBNA_002/20220823_033000.WAV,Telephone Field,recover-20220825,002,1795
581.0435,581.051,27187,39873,Eptesicus serotinus,0.009,0.027,-1,Echolocation,/mnt/ubna_data_01_mir/recover-20220825/UBNA_002/20220823_033000.WAV,Telephone Field,recover-20220825,002,1795
581.0805,581.1169,68437,81673,Rhinolophus ferrumequinum,0.021,0.021,-1,Echolocation,/mnt/ubna_data_01_mir/recover-20220825/UBNA_002/20220823_033000.WAV,Telephone Field,recover-20220825,002,1795
581.0905,581.1003,28046,36370,Eptesicus serotinus,0.01,0.023,-1,Echolocation,/mnt/ubna_data_01_mir/recover-20220825/UBNA_002/20220823_033000.WAV,Telephone Field,recover-20220825,002,1795
581.1315,581.1705,68437,82602,Rhinolophus ferrumequinum,0.022,0.022,-1,Echolocation,/mnt/ubna_data_01_mir/recover-20220825/UBNA_002/20220823_033000.WAV,Telephone Field,recover-20220825,002,1795
581.1555,581.1959,68437,82790,Rhinolophus ferrumequinum,0.024,0.024,-1,Echolocation,/mnt/ubna_data_01_mir/recover-20220825/UBNA_002/20220823_033000.WAV,Telephone Field,recover-20220825,002,1795
581.1715,581.179,28046,38493,Eptesicus serotinus,0.008,0.026,-1,Echolocation,/mnt/ubna_data_01_mir/recover-20220825/UBNA_002/20220823_033000.WAV,Telephone Field,recover-20220825,002,1795
581.2065,581.2176,23750,29235,Nyctalus leisleri,0.009,0.021,-1,Echolocation,/mnt/ubna_data_01_mir/recover-20220825/UBNA_002/20220823_033000.WAV,Telephone Field,recover-20220825,002,1795
581.2065,581.2454,68437,81822,Rhinolophus ferrumequinum,0.022,0.022,-1,Echolocation,/mnt/ubna_data_01_mir/recover-20220825/UBNA_002/20220823_033000.WAV,Telephone Field,recover-20220825,002,1795
581.2285,581.2363,27187,38999,Eptesicus serotinus,0.007,0.021,-1,Echolocation,/mnt/ubna_data_01_mir/recover-20220825/UBNA_002/20220823_033000.WAV,Telephone Field,recover-20220825,002,1795
581.2295,581.2719,68437,83030,Rhinolophus ferrumequinum,0.023,0.023,-1,Echolocation,/mnt/ubna_data_01_mir/recover-20220825/UBNA_002/20220823_033000.WAV,Telephone Field,recover-20220825,002,1795
581.2565,581.2672,24609,32054,Eptesicus serotinus,0.012,0.032,-1,Echolocation,/mnt/ubna_data_01_mir/recover-20220825/UBNA_002/20220823_033000.WAV,Telephone Field,recover-20220825,002,1795
581.2685,581.2918,19453,22268,Nyctalus noctula,0.022,0.044,-1,Echolocation,/mnt/ubna_data_01_mir/recover-20220825/UBNA_002/20220823_033000.WAV,Telephone Field,recover-20220825,002,1795
581.2745,581.3121,68437,81951,Rhinolophus ferrumequinum,0.022,0.022,-1,Echolocation,/mnt/ubna_data_01_mir/recover-20220825/UBNA_002/20220823_033000.WAV,Telephone Field,recover-20220825,002,1795
581.2915,581.2999,27187,39056,Eptesicus serotinus,0.008,0.021,-1,Echolocation,/mnt/ubna_data_01_mir/recover-20220825/UBNA_002/20220823_033000.WAV,Telephone Field,recover-20220825,002,1795
581.3365,581.342,28906,41237,Myotis daubentonii,0.023,0.053,-1,Echolocation,/mnt/ubna_data_01_mir/recover-20220825/UBNA_002/20220823_033000.WAV,Telephone Field,recover-20220825,002,1795
581.3425,581.3818,68437,82248,Rhinolophus ferrumequinum,0.024,0.024,-1,Echolocation,/mnt/ubna_data_01_mir/recover-20220825/UBNA_002/20220823_033000.WAV,Telephone Field,recover-20220825,002,1795
581.4145,581.4533,68437,81486,Rhinolophus ferrumequinum,0.021,0.021,-1,Echolocation,/mnt/ubna_data_01_mir/recover-20220825/UBNA_002/20220823_033000.WAV,Telephone Field,recover-20220825,002,1795
581.4515,581.4696,21171,25032,Nyctalus leisleri,0.024,0.051,-1,Echolocation,/mnt/ubna_data_01_mir/recover-20220825/UBNA_002/20220823_033000.WAV,Telephone Field,recover-20220825,002,1795
581.4575,581.4646,28046,40765,Eptesicus serotinus,0.007,0.023,-1,Echolocation,/mnt/ubna_data_01_mir/recover-20220825/UBNA_002/20220823_033000.WAV,Telephone Field,recover-20220825,002,1795
581.4745,581.5109,68437,81645,Rhinolophus ferrumequinum,0.022,0.022,-1,Echolocation,/mnt/ubna_data_01_mir/recover-20220825/UBNA_002/20220823_033000.WAV,Telephone Field,recover-20220825,002,1795
581.5425,581.553,23750,30109,Nyctalus leisleri,0.008,0.023,-1,Echolocation,/mnt/ubna_data_01_mir/recover-20220825/UBNA_002/20220823_033000.WAV,Telephone Field,recover-20220825,002,1795
581.5635,581.6028,68437,82773,Rhinolophus ferrumequinum,0.029,0.029,-1,Echolocation,/mnt/ubna_data_01_mir/recover-20220825/UBNA_002/20220823_033000.WAV,Telephone Field,recover-20220825,002,1795
581.5655,581.5739,27187,36784,Eptesicus serotinus,0.007,0.021,-1,Echolocation,/mnt/ubna_data_01_mir/recover-20220825/UBNA_002/20220823_033000.WAV,Telephone Field,recover-20220825,002,1795
581.5795,581.5851,37500,54712,Myotis brandtii,0.01,0.025,-1,Echolocation,/mnt/ubna_data_01_mir/recover-20220825/UBNA_002/20220823_033000.WAV,Telephone Field,recover-20220825,002,1795
581.6415,581.6822,68437,82469,Rhinolophus ferrumequinum,0.023,0.023,-1,Echolocation,/mnt/ubna_data_01_mir/recover-20220825/UBNA_002/20220823_033000.WAV,Telephone Field,recover-20220825,002,1795
581.6575,581.6949,68437,81705,Rhinolophus ferrumequinum,0.022,0.022,-1,Echolocation,/mnt/ubna_data_01_mir/recover-20220825/UBNA_002/20220823_033000.WAV,Telephone Field,recover-20220825,002,1795
581.6845,581.7217,68437,82066,Rhinolophus ferrumequinum,0.021,0.021,-1,Echolocation,/mnt/ubna_data_01_mir/recover-20220825/UBNA_002/20220823_033000.WAV,Telephone Field,recover-20220825,002,1795
581.7385,581.7766,68437,82078,Rhinolophus ferrumequinum,0.029,0.029,-1,Echolocation,/mnt/ubna_data_01_mir/recover-20220825/UBNA_002/20220823_033000.WAV,Telephone Field,recover-20220825,002,1795
581.7565,581.7644,26328,37203,Eptesicus serotinus,0.007,0.021,-1,Echolocation,/mnt/ubna_data_01_mir/recover-20220825/UBNA_002/20220823_033000.WAV,Telephone Field,recover-20220825,002,1795
581.7995,581.8377,68437,82150,Rhinolophus ferrumequinum,0.021,0.021,-1,Echolocation,/mnt/ubna_data_01_mir/recover-20220825/UBNA_002/20220823_033000.WAV,Telephone Field,recover-20220825,002,1795
581.8255,581.8633,68437,81615,Rhinolophus ferrumequinum,0.021,0.022,-1,Echolocation,/mnt/ubna_data_01_mir/recover-20220825/UBNA_002/20220823_033000.WAV,Telephone Field,recover-20220825,002,1795
581.8315,581.8427,25468,32314,Eptesicus serotinus,0.009,0.024,-1,Echolocation,/mnt/ubna_data_01_mir/recover-20220825/UBNA_002/20220823_033000.WAV,Telephone Field,recover-20220825,002,1795
581.8555,581.8927,68437,82070,Rhinolophus ferrumequinum,0.023,0.023,-1,Echolocation,/mnt/ubna_data_01_mir/recover-20220825/UBNA_002/20220823_033000.WAV,Telephone Field,recover-20220825,002,1795
581.8555,581.8629,26328,39232,Eptesicus serotinus,0.013,0.034,-1,Echolocation,/mnt/ubna_data_01_mir/recover-20220825/UBNA_002/20220823_033000.WAV,Telephone Field,recover-20220825,002,1795
581.8745,581.9133,68437,82163,Rhinolophus ferrumequinum,0.021,0.021,-1,Echolocation,/mnt/ubna_data_01_mir/recover-20220825/UBNA_002/20220823_033000.WAV,Telephone Field,recover-20220825,002,1795
581.8865,581.9276,68437,82495,Rhinolophus ferrumequinum,0.024,0.024,-1,Echolocation,/mnt/ubna_data_01_mir/recover-20220825/UBNA_002/20220823_033000.WAV,Telephone Field,recover-20220825,002,1795
581.8945,581.9011,26328,39213,Eptesicus serotinus,0.006,0.023,-1,Echolocation,/mnt/ubna_data_01_mir/recover-20220825/UBNA_002/20220823_033000.WAV,Telephone Field,recover-20220825,002,1795
581.9205,581.9311,28046,34911,Eptesicus serotinus,0.013,0.028,-1,Echolocation,/mnt/ubna_data_01_mir/recover-20220825/UBNA_002/20220823_033000.WAV,Telephone Field,recover-20220825,002,1795
581.9565,581.9655,46953,54103,Pipistrellus pipistrellus,0.023,0.026,-1,Echolocation,/mnt/ubna_data_01_mir/recover-20220825/UBNA_002/20220823_033000.WAV,Telephone Field,recover-20220825,002,1795
581.9645,581.9735,27187,36224,Eptesicus serotinus,0.009,0.023,-1,Echolocation,/mnt/ubna_data_01_mir/recover-20220825/UBNA_002/20220823_033000.WAV,Telephone Field,recover-20220825,002,1795
581.9765,581.9872,23750,30117,Nyctalus leisleri,0.009,0.024,-1,Echolocation,/mnt/ubna_data_01_mir/recover-20220825/UBNA_002/20220823_033000.WAV,Telephone Field,recover-20220825,002,1795
582.0015,582.0089,37500,45043,Myotis daubentonii,0.006,0.021,-1,Echolocation,/mnt/ubna_data_01_mir/recover-20220825/UBNA_002/20220823_033000.WAV,Telephone Field,recover-20220825,002,1795
582.0015,582.0105,22890,28884,Nyctalus leisleri,0.01,0.027,-1,Echolocation,/mnt/ubna_data_01_mir/recover-20220825/UBNA_002/20220823_033000.WAV,Telephone Field,recover-20220825,002,1795
582.0015,582.0345,68437,80113,Rhinolophus ferrumequinum,0.036,0.037,-1,Echolocation,/mnt/ubna_data_01_mir/recover-20220825/UBNA_002/20220823_033000.WAV,Telephone Field,recover-20220825,002,1795
582.0075,582.0487,68437,81536,Rhinolophus ferrumequinum,0.021,0.021,-1,Echolocation,/mnt/ubna_data_01_mir/recover-20220825/UBNA_002/20220823_033000.WAV,Telephone Field,recover-20220825,002,1795
582.0125,582.0227,23750,29814,Nyctalus leisleri,0.01,0.024,-1,Echolocation,/mnt/ubna_data_01_mir/recover-20220825/UBNA_002/20220823_033000.WAV,Telephone Field,recover-20220825,002,1795
582.0295,582.0694,68437,82266,Rhinolophus ferrumequinum,0.022,0.022,-1,Echolocation,/mnt/ubna_data_01_mir/recover-20220825/UBNA_002/20220823_033000.WAV,Telephone Field,recover-20220825,002,1795
582.0365,582.0453,26328,34609,Eptesicus serotinus,0.022,0.046,-1,Echolocation,/mnt/ubna_data_01_mir/recover-20220825/UBNA_002/20220823_033000.WAV,Telephone Field,recover-20220825,002,1795
582.0515,582.0919,68437,82419,Rhinolophus ferrumequinum,0.023,0.023,-1,Echolocation,/mnt/ubna_data_01_mir/recover-20220825/UBNA_002/20220823_033000.WAV,Telephone Field,recover-20220825,002,1795
582.0725,582.0808,26328,37565,Eptesicus serotinus,0.008,0.023,-1,Echolocation,/mnt/ubna_data_01_mir/recover-20220825/UBNA_002/20220823_033000.WAV,Telephone Field,recover-20220825,002,1795
582.0945,582.1349,68437,82646,Rhinolophus ferrumequinum,0.032,0.032,-1,Echolocation,/mnt/ubna_data_01_mir/recover-20220825/UBNA_002/20220823_033000.WAV,Telephone Field,recover-20220825,002,1795
582.1065,582.1418,68437,81599,Rhinolophus ferrumequinum,0.021,0.022,-1,Echolocation,/mnt/ubna_data_01_mir/recover-20220825/UBNA_002/20220823_033000.WAV,Telephone Field,recover-20220825,002,1795
582.1295,582.1719,68437,83088,Rhinolophus ferrumequinum,0.038,0.038,-1,Echolocation,/mnt/ubna_data_01_mir/recover-20220825/UBNA_002/20220823_033000.WAV,Telephone Field,recover-20220825,002,1795
582.1345,582.1542,16875,20581,Nyctalus noctula,0.016,0.024,-1,Echolocation,/mnt/ubna_data_01_mir/recover-20220825/UBNA_002/20220823_033000.WAV,Telephone Field,recover-20220825,002,1795
582.1355,582.1436,47812,52645,Pipistrellus pipistrellus,0.02,0.021,-1,Echolocation,/mnt/ubna_data_01_mir/recover-20220825/UBNA_002/20220823_033000.WAV,Telephone Field,recover-20220825,002,1795
582.1505,582.1867,68437,81768,Rhinolophus ferrumequinum,0.022,0.022,-1,Echolocation,/mnt/ubna_data_01_mir/recover-20220825/UBNA_002/20220823_033000.WAV,Telephone Field,recover-20220825,002,1795
582.1695,582.1838,21171,24374,Nyctalus leisleri,0.015,0.023,-1,Echolocation,/mnt/ubna_data_01_mir/recover-20220825/UBNA_002/20220823_033000.WAV,Telephone Field,recover-20220825,002,1795
582.1765,582.215,68437,82393,Rhinolophus ferrumequinum,0.022,0.022,-1,Echolocation,/mnt/ubna_data_01_mir/recover-20220825/UBNA_002/20220823_033000.WAV,Telephone Field,recover-20220825,002,1795
582.1935,582.2042,24609,30857,Nyctalus leisleri,0.013,0.032,-1,Echolocation,/mnt/ubna_data_01_mir/recover-20220825/UBNA_002/20220823_033000.WAV,Telephone Field,recover-20220825,002,1795
582.2255,582.2337,28046,38804,Eptesicus serotinus,0.008,0.024,-1,Echolocation,/mnt/ubna_data_01_mir/recover-20220825/UBNA_002/20220823_033000.WAV,Telephone Field,recover-20220825,002,1795
582.2275,582.2677,68437,82346,Rhinolophus ferrumequinum,0.021,0.021,-1,Echolocation,/mnt/ubna_data_01_mir/recover-20220825/UBNA_002/20220823_033000.WAV,Telephone Field,recover-20220825,002,1795
582.2725,582.3135,68437,82473,Rhinolophus ferrumequinum,0.026,0.026,-1,Echolocation,/mnt/ubna_data_01_mir/recover-20220825/UBNA_002/20220823_033000.WAV,Telephone Field,recover-20220825,002,1795
582.2975,582.3045,23750,32426,Plecotus austriacus,0.01,0.023,-1,Echolocation,/mnt/ubna_data_01_mir/recover-20220825/UBNA_002/20220823_033000.WAV,Telephone Field,recover-20220825,002,1795
582.3105,582.3228,56406,61596,Pipistrellus pygmaeus,0.02,0.021,-1,Echolocation,/mnt/ubna_data_01_mir/recover-20220825/UBNA_002/20220823_033000.WAV,Telephone Field,recover-20220825,002,1795
582.3445,582.3798,68437,80988,Rhinolophus ferrumequinum,0.021,0.021,-1,Echolocation,/mnt/ubna_data_01_mir/recover-20220825/UBNA_002/20220823_033000.WAV,Telephone Field,recover-20220825,002,1795
582.3445,582.3536,28046,36328,Eptesicus serotinus,0.01,0.024,-1,Echolocation,/mnt/ubna_data_01_mir/recover-20220825/UBNA_002/20220823_033000.WAV,Telephone Field,recover-20220825,002,1795
582.3765,582.4139,68437,81699,Rhinolophus ferrumequinum,0.021,0.021,-1,Echolocation,/mnt/ubna_data_01_mir/recover-20220825/UBNA_002/20220823_033000.WAV,Telephone Field,recover-20220825,002,1795
582.3835,582.4191,68437,81683,Rhinolophus ferrumequinum,0.021,0.021,-1,Echolocation,/mnt/ubna_data_01_mir/recover-20220825/UBNA_002/20220823_033000.WAV,Telephone Field,recover-20220825,002,1795
582.4205,582.4278,28046,39852,Eptesicus serotinus,0.006,0.021,-1,Echolocation,/mnt/ubna_data_01_mir/recover-20220825/UBNA_002/20220823_033000.WAV,Telephone Field,recover-20220825,002,1795
582.4205,582.458,68437,81947,Rhinolophus ferrumequinum,0.023,0.023,-1,Echolocation,/mnt/ubna_data_01_mir/recover-20220825/UBNA_002/20220823_033000.WAV,Telephone Field,recover-20220825,002,1795
582.4445,582.4527,28046,39575,Eptesicus serotinus,0.008,0.021,-1,Echolocation,/mnt/ubna_data_01_mir/recover-20220825/UBNA_002/20220823_033000.WAV,Telephone Field,recover-20220825,002,1795
582.4595,582.4983,68437,82328,Rhinolophus ferrumequinum,0.026,0.026,-1,Echolocation,/mnt/ubna_data_01_mir/recover-20220825/UBNA_002/20220823_033000.WAV,Telephone Field,recover-20220825,002,1795
582.5105,582.5214,24609,30067,Nyctalus leisleri,0.009,0.021,-1,Echolocation,/mnt/ubna_data_01_mir/recover-20220825/UBNA_002/20220823_033000.WAV,Telephone Field,recover-20220825,002,1795
582.5365,582.5762,68437,82464,Rhinolophus ferrumequinum,0.023,0.023,-1,Echolocation,/mnt/ubna_data_01_mir/recover-20220825/UBNA_002/20220823_033000.WAV,Telephone Field,recover-20220825,002,1795
582.5465,582.5561,28046,36181,Eptesicus serotinus,0.01,0.025,-1,Echolocation,/mnt/ubna_data_01_mir/recover-20220825/UBNA_002/20220823_033000.WAV,Telephone Field,recover-20220825,002,1795
582.5505,582.5624,23750,29421,Nyctalus leisleri,0.012,0.027,-1,Echolocation,/mnt/ubna_data_01_mir/recover-20220825/UBNA_002/20220823_033000.WAV,Telephone Field,recover-20220825,002,1795
582.5715,582.5816,25468,34295,Eptesicus serotinus,0.01,0.027,-1,Echolocation,/mnt/ubna_data_01_mir/recover-20220825/UBNA_002/20220823_033000.WAV,Telephone Field,recover-20220825,002,1795
582.5715,582.6135,68437,82558,Rhinolophus ferrumequinum,0.028,0.028,-1,Echolocation,/mnt/ubna_data_01_mir/recover-20220825/UBNA_002/20220823_033000.WAV,Telephone Field,recover-20220825,002,1795
582.5945,582.6337,68437,81787,Rhinolophus ferrumequinum,0.02,0.02,-1,Echolocation,/mnt/ubna_data_01_mir/recover-20220825/UBNA_002/20220823_033000.WAV,Telephone Field,recover-20220825,002,1795
582.6195,582.628,28046,40299,Eptesicus serotinus,0.009,0.024,-1,Echolocation,/mnt/ubna_data_01_mir/recover-20220825/UBNA_002/20220823_033000.WAV,Telephone Field,recover-20220825,002,1795
582.6385,582.6767,68437,81946,Rhinolophus ferrumequinum,0.022,0.022,-1,Echolocation,/mnt/ubna_data_01_mir/recover-20220825/UBNA_002/20220823_033000.WAV,Telephone Field,recover-20220825,002,1795
582.7005,582.7384,68437,81928,Rhinolophus ferrumequinum,0.021,0.021,-1,Echolocation,/mnt/ubna_data_01_mir/recover-20220825/UBNA_002/20220823_033000.WAV,Telephone Field,recover-20220825,002,1795
582.7355,582.7748,68437,81842,Rhinolophus ferrumequinum,0.022,0.022,-1,Echolocation,/mnt/ubna_data_01_mir/recover-20220825/UBNA_002/20220823_033000.WAV,Telephone Field,recover-20220825,002,1795
582.7755,582.8133,68437,82730,Rhinolophus ferrumequinum,0.023,0.023,-1,Echolocation,/mnt/ubna_data_01_mir/recover-20220825/UBNA_002/20220823_033000.WAV,Telephone Field,recover-20220825,002,1795
582.8035,582.8425,68437,81612,Rhinolophus ferrumequinum,0.022,0.022,-1,Echolocation,/mnt/ubna_data_01_mir/recover-20220825/UBNA_002/20220823_033000.WAV,Telephone Field,recover-20220825,002,1795
582.8215,582.831,14296,23531,Plecotus auritus,0.022,0.045,-1,Echolocation,/mnt/ubna_data_01_mir/recover-20220825/UBNA_002/20220823_033000.WAV,Telephone Field,recover-20220825,002,1795
582.8355,582.8767,68437,82550,Rhinolophus ferrumequinum,0.021,0.021,-1,Echolocation,/mnt/ubna_data_01_mir/recover-20220825/UBNA_002/20220823_033000.WAV,Telephone Field,recover-20220825,002,1795
582.8765,582.8849,45234,49322,Pipistrellus pipistrellus,0.021,0.022,-1,Echolocation,/mnt/ubna_data_01_mir/recover-20220825/UBNA_002/20220823_033000.WAV,Telephone Field,recover-20220825,002,1795
582.8775,582.9125,68437,82122,Rhinolophus ferrumequinum,0.021,0.021,-1,Echolocation,/mnt/ubna_data_01_mir/recover-20220825/UBNA_002/20220823_033000.WAV,Telephone Field,recover-20220825,002,1795
582.9105,582.9473,68437,81875,Rhinolophus ferrumequinum,0.025,0.025,-1,Echolocation,/mnt/ubna_data_01_mir/recover-20220825/UBNA_002/20220823_033000.WAV,Telephone Field,recover-20220825,002,1795
582.9245,582.9325,28906,39115,Eptesicus serotinus,0.01,0.028,-1,Echolocation,/mnt/ubna_data_01_mir/recover-20220825/UBNA_002/20220823_033000.WAV,Telephone Field,recover-20220825,002,1795
582.9245,582.9642,68437,82507,Rhinolophus ferrumequinum,0.02,0.02,-1,Echolocation,/mnt/ubna_data_01_mir/recover-20220825/UBNA_002/20220823_033000.WAV,Telephone Field,recover-20220825,002,1795
583.0025,583.0126,28046,35571,Eptesicus serotinus,0.009,0.021,-1,Echolocation,/mnt/ubna_data_01_mir/recover-20220825/UBNA_002/20220823_033000.WAV,Telephone Field,recover-20220825,002,1795
583.0035,583.0429,68437,82856,Rhinolophus ferrumequinum,0.021,0.021,-1,Echolocation,/mnt/ubna_data_01_mir/recover-20220825/UBNA_002/20220823_033000.WAV,Telephone Field,recover-20220825,002,1795
583.0195,583.06,68437,82246,Rhinolophus ferrumequinum,0.021,0.021,-1,Echolocation,/mnt/ubna_data_01_mir/recover-20220825/UBNA_002/20220823_033000.WAV,Telephone Field,recover-20220825,002,1795
583.0235,583.0307,27187,41647,Eptesicus serotinus,0.008,0.028,-1,Echolocation,/mnt/ubna_data_01_mir/recover-20220825/UBNA_002/20220823_033000.WAV,Telephone Field,recover-20220825,002,1795
583.0295,583.036,36640,44768,Myotis daubentonii,0.01,0.023,-1,Echolocation,/mnt/ubna_data_01_mir/recover-20220825/UBNA_002/20220823_033000.WAV,Telephone Field,recover-20220825,002,1795
583.0595,583.095,68437,81090,Rhinolophus ferrumequinum,0.023,0.023,-1,Echolocation,/mnt/ubna_data_01_mir/recover-20220825/UBNA_002/20220823_033000.WAV,Telephone Field,recover-20220825,002,1795
583.0635,583.0708,27187,42903,Eptesicus serotinus,0.008,0.026,-1,Echolocation,/mnt/ubna_data_01_mir/recover-20220825/UBNA_002/20220823_033000.WAV,Telephone Field,recover-20220825,002,1795
583.0635,583.0745,22031,27477,Nyctalus leisleri,0.011,0.025,-1,Echolocation,/mnt/ubna_data_01_mir/recover-20220825/UBNA_002/20220823_033000.WAV,Telephone Field,recover-20220825,002,1795
583.0705,583.1074,68437,81773,Rhinolophus ferrumequinum,0.02,0.021,-1,Echolocation,/mnt/ubna_data_01_mir/recover-20220825/UBNA_002/20220823_033000.WAV,Telephone Field,recover-20220825,002,1795
583.1235,583.1339,27187,33265,Eptesicus serotinus,0.016,0.033,-1,Echolocation,/mnt/ubna_data_01_mir/recover-20220825/UBNA_002/20220823_033000.WAV,Telephone Field,recover-20220825,002,1795
583.1455,583.1537,28046,39344,Eptesicus serotinus,0.008,0.022,-1,Echolocation,/mnt/ubna_data_01_mir/recover-20220825/UBNA_002/20220823_033000.WAV,Telephone Field,recover-20220825,002,1795
583.1655,583.1749,28046,38224,Eptesicus serotinus,0.008,0.022,-1,Echolocation,/mnt/ubna_data_01_mir/recover-20220825/UBNA_002/20220823_033000.WAV,Telephone Field,recover-20220825,002,1795
583.1955,583.2375,68437,83001,Rhinolophus ferrumequinum,0.024,0.024,-1,Echolocation,/mnt/ubna_data_01_mir/recover-20220825/UBNA_002/20220823_033000.WAV,Telephone Field,recover-20220825,002,1795
583.2005,583.2109,24609,30533,Nyctalus leisleri,0.016,0.042,-1,Echolocation,/mnt/ubna_data_01_mir/recover-20220825/UBNA_002/20220823_033000.WAV,Telephone Field,recover-20220825,002,1795
583.2265,583.2342,27187,39498,Eptesicus serotinus,0.007,0.021,-1,Echolocation,/mnt/ubna_data_01_mir/recover-20220825/UBNA_002/20220823_033000.WAV,Telephone Field,recover-20220825,002,1795
583.2505,583.26,28046,37549,Eptesicus serotinus,0.008,0.02,-1,Echolocation,/mnt/ubna_data_01_mir/recover-20220825/UBNA_002/20220823_033000.WAV,Telephone Field,recover-20220825,002,1795
583.2605,583.3019,68437,82705,Rhinolophus ferrumequinum,0.022,0.022,-1,Echolocation,/mnt/ubna_data_01_mir/recover-20220825/UBNA_002/20220823_033000.WAV,Telephone Field,recover-20220825,002,1795
583.2695,583.278,28046,40292,Eptesicus serotinus,0.008,0.02,-1,Echolocation,/mnt/ubna_data_01_mir/recover-20220825/UBNA_002/20220823_033000.WAV,Telephone Field,recover-20220825,002,1795
583.3185,583.3539,68437,81678,Rhinolophus ferrumequinum,0.022,0.022,-1,Echolocation,/mnt/ubna_data_01_mir/recover-20220825/UBNA_002/20220823_033000.WAV,Telephone Field,recover-20220825,002,1795
583.3795,583.3871,25468,37423,Eptesicus serotinus,0.006,0.021,-1,Echolocation,/mnt/ubna_data_01_mir/recover-20220825/UBNA_002/20220823_033000.WAV,Telephone Field,recover-20220825,002,1795
583.4045,583.4129,22890,30976,Plecotus austriacus,0.012,0.029,-1,Echolocation,/mnt/ubna_data_01_mir/recover-20220825/UBNA_002/20220823_033000.WAV,Telephone Field,recover-20220825,002,1795
583.4275,583.464,68437,81460,Rhinolophus ferrumequinum,0.021,0.022,-1,Echolocation,/mnt/ubna_data_01_mir/recover-20220825/UBNA_002/20220823_033000.WAV,Telephone Field,recover-20220825,002,1795
583.4485,583.4845,68437,81356,Rhinolophus ferrumequinum,0.021,0.021,-1,Echolocation,/mnt/ubna_data_01_mir/recover-20220825/UBNA_002/20220823_033000.WAV,Telephone Field,recover-20220825,002,1795
583.4815,583.5177,68437,81187,Rhinolophus ferrumequinum,0.021,0.021,-1,Echolocation,/mnt/ubna_data_01_mir/recover-20220825/UBNA_002/20220823_033000.WAV,Telephone Field,recover-20220825,002,1795
583.5235,583.5645,68437,82505,Rhinolophus ferrumequinum,0.021,0.022,-1,Echolocation,/mnt/ubna_data_01_mir/recover-20220825/UBNA_002/20220823_033000.WAV,Telephone Field,recover-20220825,002,1795
583.5455,583.5559,22890,27219,Nyctalus leisleri,0.011,0.021,-1,Echolocation,/mnt/ubna_data_01_mir/recover-20220825/UBNA_002/20220823_033000.WAV,Telephone Field,recover-20220825,002,1795
583.5655,583.5712,26328,42252,Plecotus auritus,0.006,0.029,-1,Echolocation,/mnt/ubna_data_01_mir/recover-20220825/UBNA_002/20220823_033000.WAV,Telephone Field,recover-20220825,002,1795
583.5935,583.6037,24609,31860,Eptesicus serotinus,0.007,0.022,-1,Echolocation,/mnt/ubna_data_01_mir/recover-20220825/UBNA_002/20220823_033000.WAV,Telephone Field,recover-20220825,002,1795
583.6035,583.6393,68437,81948,Rhinolophus ferrumequinum,0.021,0.021,-1,Echolocation,/mnt/ubna_data_01_mir/recover-20220825/UBNA_002/20220823_033000.WAV,Telephone Field,recover-20220825,002,1795
583.6095,583.6192,24609,30592,Nyctalus leisleri,0.009,0.023,-1,Echolocation,/mnt/ubna_data_01_mir/recover-20220825/UBNA_002/20220823_033000.WAV,Telephone Field,recover-20220825,002,1795
583.6455,583.6834,68437,81870,Rhinolophus ferrumequinum,0.021,0.021,-1,Echolocation,/mnt/ubna_data_01_mir/recover-20220825/UBNA_002/20220823_033000.WAV,Telephone Field,recover-20220825,002,1795
583.6495,583.6572,27187,40198,Eptesicus serotinus,0.008,0.022,-1,Echolocation,/mnt/ubna_data_01_mir/recover-20220825/UBNA_002/20220823_033000.WAV,Telephone Field,recover-20220825,002,1795
583.6685,583.7065,68437,82126,Rhinolophus ferrumequinum,0.022,0.022,-1,Echolocation,/mnt/ubna_data_01_mir/recover-20220825/UBNA_002/20220823_033000.WAV,Telephone Field,recover-20220825,002,1795
583.6785,583.691,24609,30379,Nyctalus leisleri,0.014,0.035,-1,Echolocation,/mnt/ubna_data_01_mir/recover-20220825/UBNA_002/20220823_033000.WAV,Telephone Field,recover-20220825,002,1795
583.6945,583.7323,68437,81681,Rhinolophus ferrumequinum,0.022,0.022,-1,Echolocation,/mnt/ubna_data_01_mir/recover-20220825/UBNA_002/20220823_033000.WAV,Telephone Field,recover-20220825,002,1795
583.7015,583.7089,51250,59355,Pipistrellus pipistrellus,0.018,0.023,-1,Echolocation,/mnt/ubna_data_01_mir/recover-20220825/UBNA_002/20220823_033000.WAV,Telephone Field,recover-20220825,002,1795
583.7035,583.7106,27187,43504,Eptesicus serotinus,0.011,0.035,-1,Echolocation,/mnt/ubna_data_01_mir/recover-20220825/UBNA_002/20220823_033000.WAV,Telephone Field,recover-20220825,002,1795
583.7275,583.7677,68437,82417,Rhinolophus ferrumequinum,0.023,0.023,-1,Echolocation,/mnt/ubna_data_01_mir/recover-20220825/UBNA_002/20220823_033000.WAV,Telephone Field,recover-20220825,002,1795
583.7295,583.7401,23750,29503,Nyctalus leisleri,0.009,0.022,-1,Echolocation,/mnt/ubna_data_01_mir/recover-20220825/UBNA_002/20220823_033000.WAV,Telephone Field,recover-20220825,002,1795
583.7415,583.7792,68437,81946,Rhinolophus ferrumequinum,0.021,0.021,-1,Echolocation,/mnt/ubna_data_01_mir/recover-20220825/UBNA_002/20220823_033000.WAV,Telephone Field,recover-20220825,002,1795
583.7685,583.8067,68437,81572,Rhinolophus ferrumequinum,0.021,0.021,-1,Echolocation,/mnt/ubna_data_01_mir/recover-20220825/UBNA_002/20220823_033000.WAV,Telephone Field,recover-20220825,002,1795
583.8095,583.8454,68437,81108,Rhinolophus ferrumequinum,0.021,0.021,-1,Echolocation,/mnt/ubna_data_01_mir/recover-20220825/UBNA_002/20220823_033000.WAV,Telephone Field,recover-20220825,002,1795
583.8105,583.8204,26328,35440,Eptesicus serotinus,0.008,0.021,-1,Echolocation,/mnt/ubna_data_01_mir/recover-20220825/UBNA_002/20220823_033000.WAV,Telephone Field,recover-20220825,002,1795
583.8495,583.8576,28046,39192,Eptesicus serotinus,0.007,0.022,-1,Echolocation,/mnt/ubna_data_01_mir/recover-20220825/UBNA_002/20220823_033000.WAV,Telephone Field,recover-20220825,002,1795
583.8495,583.8907,68437,82991,Rhinolophus ferrumequinum,0.023,0.023,-1,Echolocation,/mnt/ubna_data_01_mir/recover-20220825/UBNA_002/20220823_033000.WAV,Telephone Field,recover-20220825,002,1795
583.8525,583.8669,20312,24204,Nyctalus leisleri,0.012,0.023,-1,Echolocation,/mnt/ubna_data_01_mir/recover-20220825/UBNA_002/20220823_033000.WAV,Telephone Field,recover-20220825,002,1795
583.8645,583.8739,28046,35837,Eptesicus serotinus,0.009,0.023,-1,Echolocation,/mnt/ubna_data_01_mir/recover-20220825/UBNA_002/20220823_033000.WAV,Telephone Field,recover-20220825,002,1795
583.8675,583.9059,68437,81420,Rhinolophus ferrumequinum,0.023,0.023,-1,Echolocation,/mnt/ubna_data_01_mir/recover-20220825/UBNA_002/20220823_033000.WAV,Telephone Field,recover-20220825,002,1795
583.9295,583.941,23750,29902,Nyctalus leisleri,0.009,0.022,-1,Echolocation,/mnt/ubna_data_01_mir/recover-20220825/UBNA_002/20220823_033000.WAV,Telephone Field,recover-20220825,002,1795
583.9625,583.9747,23750,29524,Nyctalus leisleri,0.009,0.022,-1,Echolocation,/mnt/ubna_data_01_mir/recover-20220825/UBNA_002/20220823_033000.WAV,Telephone Field,recover-20220825,002,1795
583.9855,583.9932,26328,38152,Eptesicus serotinus,0.007,0.024,-1,Echolocation,/mnt/ubna_data_01_mir/recover-20220825/UBNA_002/20220823_033000.WAV,Telephone Field,recover-20220825,002,1795
584.0015,584.0345,68437,79292,Rhinolophus ferrumequinum,0.048,0.048,-1,Echolocation,/mnt/ubna_data_01_mir/recover-20220825/UBNA_002/20220823_033000.WAV,Telephone Field,recover-20220825,002,1795
584.0015,584.0096,27187,35788,Nyctalus leisleri,0.009,0.029,-1,Echolocation,/mnt/ubna_data_01_mir/recover-20220825/UBNA_002/20220823_033000.WAV,Telephone Field,recover-20220825,002,1795
584.0085,584.0489,68437,82179,Rhinolophus ferrumequinum,0.023,0.023,-1,Echolocation,/mnt/ubna_data_01_mir/recover-20220825/UBNA_002/20220823_033000.WAV,Telephone Field,recover-20220825,002,1795
584.0475,584.0899,68437,82474,Rhinolophus ferrumequinum,0.035,0.035,-1,Echolocation,/mnt/ubna_data_01_mir/recover-20220825/UBNA_002/20220823_033000.WAV,Telephone Field,recover-20220825,002,1795
584.0725,584.0832,28046,35987,Eptesicus serotinus,0.009,0.021,-1,Echolocation,/mnt/ubna_data_01_mir/recover-20220825/UBNA_002/20220823_033000.WAV,Telephone Field,recover-20220825,002,1795
584.0795,584.0918,28046,34339,Eptesicus serotinus,0.015,0.027,-1,Echolocation,/mnt/ubna_data_01_mir/recover-20220825/UBNA_002/20220823_033000.WAV,Telephone Field,recover-20220825,002,1795
584.0885,584.1257,68437,81242,Rhinolophus ferrumequinum,0.021,0.021,-1,Echolocation,/mnt/ubna_data_01_mir/recover-20220825/UBNA_002/20220823_033000.WAV,Telephone Field,recover-20220825,002,1795
584.0915,584.102,15156,23186,Nyctalus noctula,0.011,0.022,-1,Echolocation,/mnt/ubna_data_01_mir/recover-20220825/UBNA_002/20220823_033000.WAV,Telephone Field,recover-20220825,002,1795
584.1295,584.1644,68437,80991,Rhinolophus ferrumequinum,0.021,0.021,-1,Echolocation,/mnt/ubna_data_01_mir/recover-20220825/UBNA_002/20220823_033000.WAV,Telephone Field,recover-20220825,002,1795
584.1955,584.2028,28046,41060,Eptesicus serotinus,0.008,0.026,-1,Echolocation,/mnt/ubna_data_01_mir/recover-20220825/UBNA_002/20220823_033000.WAV,Telephone Field,recover-20220825,002,1795
584.1965,584.2043,33203,41691,Myotis daubentonii,0.009,0.028,-1,Echolocation,/mnt/ubna_data_01_mir/recover-20220825/UBNA_002/20220823_033000.WAV,Telephone Field,recover-20220825,002,1795
584.2045,584.2471,68437,82717,Rhinolophus ferrumequinum,0.024,0.024,-1,Echolocation,/mnt/ubna_data_01_mir/recover-20220825/UBNA_002/20220823_033000.WAV,Telephone Field,recover-20220825,002,1795
584.2295,584.2698,68437,82120,Rhinolophus ferrumequinum,0.022,0.022,-1,Echolocation,/mnt/ubna_data_01_mir/recover-20220825/UBNA_002/20220823_033000.WAV,Telephone Field,recover-20220825,002,1795
584.2305,584.2375,23750,32880,Plecotus austriacus,0.012,0.029,-1,Echolocation,/mnt/ubna_data_01_mir/recover-20220825/UBNA_002/20220823_033000.WAV,Telephone Field,recover-20220825,002,1795
584.2595,584.2678,22890,29546,Plecotus austriacus,0.01,0.023,-1,Echolocation,/mnt/ubna_data_01_mir/recover-20220825/UBNA_002/20220823_033000.WAV,Telephone Field,recover-20220825,002,1795
584.2685,584.3102,68437,83395,Rhinolophus ferrumequinum,0.044,0.044,-1,Echolocation,/mnt/ubna_data_01_mir/recover-20220825/UBNA_002/20220823_033000.WAV,Telephone Field,recover-20220825,002,1795
584.3015,584.3375,68437,81547,Rhinolophus ferrumequinum,0.023,0.023,-1,Echolocation,/mnt/ubna_data_01_mir/recover-20220825/UBNA_002/20220823_033000.WAV,Telephone Field,recover-20220825,002,1795
584.3765,584.4152,68437,82710,Rhinolophus ferrumequinum,0.023,0.023,-1,Echolocation,/mnt/ubna_data_01_mir/recover-20220825/UBNA_002/20220823_033000.WAV,Telephone Field,recover-20220825,002,1795
584.4085,584.4193,28046,37401,Eptesicus serotinus,0.014,0.029,-1,Echolocation,/mnt/ubna_data_01_mir/recover-20220825/UBNA_002/20220823_033000.WAV,Telephone Field,recover-20220825,002,1795
584.4275,584.4676,68437,82311,Rhinolophus ferrumequinum,0.024,0.024,-1,Echolocation,/mnt/ubna_data_01_mir/recover-20220825/UBNA_002/20220823_033000.WAV,Telephone Field,recover-20220825,002,1795
584.4285,584.4366,23750,32749,Plecotus austriacus,0.01,0.025,-1,Echolocation,/mnt/ubna_data_01_mir/recover-20220825/UBNA_002/20220823_033000.WAV,Telephone Field,recover-20220825,002,1795
584.4525,584.4931,68437,82129,Rhinolophus ferrumequinum,0.026,0.026,-1,Echolocation,/mnt/ubna_data_01_mir/recover-20220825/UBNA_002/20220823_033000.WAV,Telephone Field,recover-20220825,002,1795
584.4575,584.4659,27187,37220,Eptesicus serotinus,0.008,0.022,-1,Echolocation,/mnt/ubna_data_01_mir/recover-20220825/UBNA_002/20220823_033000.WAV,Telephone Field,recover-20220825,002,1795
584.4765,584.5147,68437,82113,Rhinolophus ferrumequinum,0.024,0.024,-1,Echolocation,/mnt/ubna_data_01_mir/recover-20220825/UBNA_002/20220823_033000.WAV,Telephone Field,recover-20220825,002,1795
584.4895,584.5262,68437,81739,Rhinolophus ferrumequinum,0.024,0.024,-1,Echolocation,/mnt/ubna_data_01_mir/recover-20220825/UBNA_002/20220823_033000.WAV,Telephone Field,recover-20220825,002,1795
584.5035,584.5112,28046,41317,Eptesicus serotinus,0.008,0.027,-1,Echolocation,/mnt/ubna_data_01_mir/recover-20220825/UBNA_002/20220823_033000.WAV,Telephone Field,recover-20220825,002,1795
584.5035,584.5098,32343,43936,Myotis daubentonii,0.011,0.026,-1,Echolocation,/mnt/ubna_data_01_mir/recover-20220825/UBNA_002/20220823_033000.WAV,Telephone Field,recover-20220825,002,1795
584.5135,584.5507,68437,82054,Rhinolophus ferrumequinum,0.022,0.022,-1,Echolocation,/mnt/ubna_data_01_mir/recover-20220825/UBNA_002/20220823_033000.WAV,Telephone Field,recover-20220825,002,1795
584.5205,584.5583,68437,82107,Rhinolophus ferrumequinum,0.023,0.023,-1,Echolocation,/mnt/ubna_data_01_mir/recover-20220825/UBNA_002/20220823_033000.WAV,Telephone Field,recover-20220825,002,1795
584.5805,584.6215,68437,82267,Rhinolophus ferrumequinum,0.028,0.028,-1,Echolocation,/mnt/ubna_data_01_mir/recover-20220825/UBNA_002/20220823_033000.WAV,Telephone Field,recover-20220825,002,1795
584.5875,584.5946,28906,39915,Eptesicus serotinus,0.006,0.023,-1,Echolocation,/mnt/ubna_data_01_mir/recover-20220825/UBNA_002/20220823_033000.WAV,Telephone Field,recover-20220825,002,1795
584.6095,584.647,68437,81847,Rhinolophus ferrumequinum,0.024,0.024,-1,Echolocation,/mnt/ubna_data_01_mir/recover-20220825/UBNA_002/20220823_033000.WAV,Telephone Field,recover-20220825,002,1795
584.6365,584.677,68437,82816,Rhinolophus ferrumequinum,0.025,0.025,-1,Echolocation,/mnt/ubna_data_01_mir/recover-20220825/UBNA_002/20220823_033000.WAV,Telephone Field,recover-20220825,002,1795
584.6605,584.6694,22890,29652,Plecotus austriacus,0.008,0.021,-1,Echolocation,/mnt/ubna_data_01_mir/recover-20220825/UBNA_002/20220823_033000.WAV,Telephone Field,recover-20220825,002,1795
584.6725,584.6841,22890,27685,Nyctalus leisleri,0.012,0.022,-1,Echolocation,/mnt/ubna_data_01_mir/recover-20220825/UBNA_002/20220823_033000.WAV,Telephone Field,recover-20220825,002,1795
584.6775,584.7137,68437,81939,Rhinolophus ferrumequinum,0.022,0.022,-1,Echolocation,/mnt/ubna_data_01_mir/recover-20220825/UBNA_002/20220823_033000.WAV,Telephone Field,recover-20220825,002,1795
584.6855,584.6999,24609,29181,Nyctalus leisleri,0.04,0.072,-1,Echolocation,/mnt/ubna_data_01_mir/recover-20220825/UBNA_002/20220823_033000.WAV,Telephone Field,recover-20220825,002,1795
584.6955,584.7089,23750,27527,Nyctalus leisleri,0.023,0.037,-1,Echolocation,/mnt/ubna_data_01_mir/recover-20220825/UBNA_002/20220823_033000.WAV,Telephone Field,recover-20220825,002,1795
584.7185,584.7564,68437,81958,Rhinolophus ferrumequinum,0.022,0.022,-1,Echolocation,/mnt/ubna_data_01_mir/recover-20220825/UBNA_002/20220823_033000.WAV,Telephone Field,recover-20220825,002,1795
584.7185,584.7293,22031,26735,Nyctalus leisleri,0.012,0.022,-1,Echolocation,/mnt/ubna_data_01_mir/recover-20220825/UBNA_002/20220823_033000.WAV,Telephone Field,recover-20220825,002,1795
584.7775,584.8165,68437,81932,Rhinolophus ferrumequinum,0.022,0.022,-1,Echolocation,/mnt/ubna_data_01_mir/recover-20220825/UBNA_002/20220823_033000.WAV,Telephone Field,recover-20220825,002,1795
584.7955,584.8376,68437,82493,Rhinolophus ferrumequinum,0.028,0.029,-1,Echolocation,/mnt/ubna_data_01_mir/recover-20220825/UBNA_002/20220823_033000.WAV,Telephone Field,recover-20220825,002,1795
584.8075,584.815,27187,38674,Eptesicus serotinus,0.007,0.022,-1,Echolocation,/mnt/ubna_data_01_mir/recover-20220825/UBNA_002/20220823_033000.WAV,Telephone Field,recover-20220825,002,1795
584.8565,584.8936,68437,81554,Rhinolophus ferrumequinum,0.022,0.022,-1,Echolocation,/mnt/ubna_data_01_mir/recover-20220825/UBNA_002/20220823_033000.WAV,Telephone Field,recover-20220825,002,1795
584.8775,584.9144,68437,81837,Rhinolophus ferrumequinum,0.025,0.025,-1,Echolocation,/mnt/ubna_data_01_mir/recover-20220825/UBNA_002/20220823_033000.WAV,Telephone Field,recover-20220825,002,1795
584.9115,584.9506,68437,81986,Rhinolophus ferrumequinum,0.022,0.022,-1,Echolocation,/mnt/ubna_data_01_mir/recover-20220825/UBNA_002/20220823_033000.WAV,Telephone Field,recover-20220825,002,1795
584.9335,584.9737,68437,82634,Rhinolophus ferrumequinum,0.027,0.027,-1,Echolocation,/mnt/ubna_data_01_mir/recover-20220825/UBNA_002/20220823_033000.WAV,Telephone Field,recover-20220825,002,1795
584.9395,584.9511,22031,27050,Nyctalus leisleri,0.014,0.029,-1,Echolocation,/mnt/ubna_data_01_mir/recover-20220825/UBNA_002/20220823_033000.WAV,Telephone Field,recover-20220825,002,1795
584.9585,584.967,27187,38253,Eptesicus serotinus,0.007,0.021,-1,Echolocation,/mnt/ubna_data_01_mir/recover-20220825/UBNA_002/20220823_033000.WAV,Telephone Field,recover-20220825,002,1795
584.9685,584.9785,23750,30364,Nyctalus leisleri,0.009,0.023,-1,Echolocation,/mnt/ubna_data_01_mir/recover-20220825/UBNA_002/20220823_033000.WAV,Telephone Field,recover-20220825,002,1795
584.9925,585.0021,28906,37249,Eptesicus serotinus,0.008,0.021,-1,Echolocation,/mnt/ubna_data_01_mir/recover-20220825/UBNA_002/20220823_033000.WAV,Telephone Field,recover-20220825,002,1795
585.0515,585.0942,68437,83644,Rhinolophus ferrumequinum,0.048,0.048,-1,Echolocation,/mnt/ubna_data_01_mir/recover-20220825/UBNA_002/20220823_033000.WAV,Telephone Field,recover-20220825,002,1795
585.1015,585.1093,28046,37623,Eptesicus serotinus,0.013,0.029,-1,Echolocation,/mnt/ubna_data_01_mir/recover-20220825/UBNA_002/20220823_033000.WAV,Telephone Field,recover-20220825,002,1795
585.1145,585.1532,68437,81723,Rhinolophus ferrumequinum,0.021,0.021,-1,Echolocation,/mnt/ubna_data_01_mir/recover-20220825/UBNA_002/20220823_033000.WAV,Telephone Field,recover-20220825,002,1795
585.1275,585.1639,68437,82267,Rhinolophus ferrumequinum,0.021,0.021,-1,Echolocation,/mnt/ubna_data_01_mir/recover-20220825/UBNA_002/20220823_033000.WAV,Telephone Field,recover-20220825,002,1795
585.1545,585.1957,68437,82782,Rhinolophus ferrumequinum,0.029,0.029,-1,Echolocation,/mnt/ubna_data_01_mir/recover-20220825/UBNA_002/20220823_033000.WAV,Telephone Field,recover-20220825,002,1795
585.1555,585.1638,28046,37321,Eptesicus serotinus,0.007,0.021,-1,Echolocation,/mnt/ubna_data_01_mir/recover-20220825/UBNA_002/20220823_033000.WAV,Telephone Field,recover-20220825,002,1795
585.1785,585.2152,68437,81549,Rhinolophus ferrumequinum,0.022,0.022,-1,Echolocation,/mnt/ubna_data_01_mir/recover-20220825/UBNA_002/20220823_033000.WAV,Telephone Field,recover-20220825,002,1795
585.2255,585.2625,68437,81418,Rhinolophus ferrumequinum,0.023,0.023,-1,Echolocation,/mnt/ubna_data_01_mir/recover-20220825/UBNA_002/20220823_033000.WAV,Telephone Field,recover-20220825,002,1795
585.2485,585.2565,45234,56448,Pipistrellus pipistrellus,0.014,0.021,-1,Echolocation,/mnt/ubna_data_01_mir/recover-20220825/UBNA_002/20220823_033000.WAV,Telephone Field,recover-20220825,002,1795
585.2505,585.2603,23750,30770,Nyctalus leisleri,0.007,0.021,-1,Echolocation,/mnt/ubna_data_01_mir/recover-20220825/UBNA_002/20220823_033000.WAV,Telephone Field,recover-20220825,002,1795
585.3205,585.3614,68437,82592,Rhinolophus ferrumequinum,0.024,0.024,-1,Echolocation,/mnt/ubna_data_01_mir/recover-20220825/UBNA_002/20220823_033000.WAV,Telephone Field,recover-20220825,002,1795
585.3575,585.3682,22890,28794,Nyctalus leisleri,0.011,0.024,-1,Echolocation,/mnt/ubna_data_01_mir/recover-20220825/UBNA_002/20220823_033000.WAV,Telephone Field,recover-20220825,002,1795
585.3615,585.402,68437,82942,Rhinolophus ferrumequinum,0.024,0.024,-1,Echolocation,/mnt/ubna_data_01_mir/recover-20220825/UBNA_002/20220823_033000.WAV,Telephone Field,recover-20220825,002,1795
585.3675,585.4079,68437,82979,Rhinolophus ferrumequinum,0.026,0.026,-1,Echolocation,/mnt/ubna_data_01_mir/recover-20220825/UBNA_002/20220823_033000.WAV,Telephone Field,recover-20220825,002,1795
585.4115,585.4215,22890,29758,Nyctalus leisleri,0.012,0.033,-1,Echolocation,/mnt/ubna_data_01_mir/recover-20220825/UBNA_002/20220823_033000.WAV,Telephone Field,recover-20220825,002,1795
585.4375,585.4778,68437,82434,Rhinolophus ferrumequinum,0.021,0.021,-1,Echolocation,/mnt/ubna_data_01_mir/recover-20220825/UBNA_002/20220823_033000.WAV,Telephone Field,recover-20220825,002,1795
585.4555,585.4964,68437,82666,Rhinolophus ferrumequinum,0.021,0.021,-1,Echolocation,/mnt/ubna_data_01_mir/recover-20220825/UBNA_002/20220823_033000.WAV,Telephone Field,recover-20220825,002,1795
585.5345,585.545,27187,34753,Eptesicus serotinus,0.01,0.022,-1,Echolocation,/mnt/ubna_data_01_mir/recover-20220825/UBNA_002/20220823_033000.WAV,Telephone Field,recover-20220825,002,1795
585.5355,585.5726,68437,81080,Rhinolophus ferrumequinum,0.024,0.024,-1,Echolocation,/mnt/ubna_data_01_mir/recover-20220825/UBNA_002/20220823_033000.WAV,Telephone Field,recover-20220825,002,1795
585.5715,585.5812,46093,51901,Pipistrellus pipistrellus,0.019,0.021,-1,Echolocation,/mnt/ubna_data_01_mir/recover-20220825/UBNA_002/20220823_033000.WAV,Telephone Field,recover-20220825,002,1795
585.5735,585.582,23750,31247,Plecotus austriacus,0.009,0.023,-1,Echolocation,/mnt/ubna_data_01_mir/recover-20220825/UBNA_002/20220823_033000.WAV,Telephone Field,recover-20220825,002,1795
585.6065,585.6466,68437,82055,Rhinolophus ferrumequinum,0.021,0.021,-1,Echolocation,/mnt/ubna_data_01_mir/recover-20220825/UBNA_002/20220823_033000.WAV,Telephone Field,recover-20220825,002,1795
585.6205,585.6282,23750,31709,Plecotus austriacus,0.012,0.026,-1,Echolocation,/mnt/ubna_data_01_mir/recover-20220825/UBNA_002/20220823_033000.WAV,Telephone Field,recover-20220825,002,1795
585.6395,585.65,22031,27833,Nyctalus leisleri,0.011,0.03,-1,Echolocation,/mnt/ubna_data_01_mir/recover-20220825/UBNA_002/20220823_033000.WAV,Telephone Field,recover-20220825,002,1795
585.6555,585.6948,68437,81882,Rhinolophus ferrumequinum,0.024,0.024,-1,Echolocation,/mnt/ubna_data_01_mir/recover-20220825/UBNA_002/20220823_033000.WAV,Telephone Field,recover-20220825,002,1795
585.6645,585.7066,68437,83196,Rhinolophus ferrumequinum,0.025,0.025,-1,Echolocation,/mnt/ubna_data_01_mir/recover-20220825/UBNA_002/20220823_033000.WAV,Telephone Field,recover-20220825,002,1795
585.7135,585.7242,23750,29281,Nyctalus leisleri,0.01,0.022,-1,Echolocation,/mnt/ubna_data_01_mir/recover-20220825/UBNA_002/20220823_033000.WAV,Telephone Field,recover-20220825,002,1795
585.7265,585.7647,68437,82370,Rhinolophus ferrumequinum,0.026,0.026,-1,Echolocation,/mnt/ubna_data_01_mir/recover-20220825/UBNA_002/20220823_033000.WAV,Telephone Field,recover-20220825,002,1795
585.7775,585.8151,68437,81249,Rhinolophus ferrumequinum,0.021,0.022,-1,Echolocation,/mnt/ubna_data_01_mir/recover-20220825/UBNA_002/20220823_033000.WAV,Telephone Field,recover-20220825,002,1795
585.7925,585.8274,68437,81271,Rhinolophus ferrumequinum,0.022,0.022,-1,Echolocation,/mnt/ubna_data_01_mir/recover-20220825/UBNA_002/20220823_033000.WAV,Telephone Field,recover-20220825,002,1795
585.8365,585.8748,68437,82410,Rhinolophus ferrumequinum,0.023,0.023,-1,Echolocation,/mnt/ubna_data_01_mir/recover-20220825/UBNA_002/20220823_033000.WAV,Telephone Field,recover-20220825,002,1795
585.8635,585.872,28046,38792,Eptesicus serotinus,0.007,0.021,-1,Echolocation,/mnt/ubna_data_01_mir/recover-20220825/UBNA_002/20220823_033000.WAV,Telephone Field,recover-20220825,002,1795
585.8715,585.907,68437,81196,Rhinolophus ferrumequinum,0.024,0.024,-1,Echolocation,/mnt/ubna_data_01_mir/recover-20220825/UBNA_002/20220823_033000.WAV,Telephone Field,recover-20220825,002,1795
585.8795,585.9145,68437,81087,Rhinolophus ferrumequinum,0.024,0.024,-1,Echolocation,/mnt/ubna_data_01_mir/recover-20220825/UBNA_002/20220823_033000.WAV,Telephone Field,recover-20220825,002,1795
585.8975,585.9068,25468,32395,Nyctalus leisleri,0.009,0.028,-1,Echolocation,/mnt/ubna_data_01_mir/recover-20220825/UBNA_002/20220823_033000.WAV,Telephone Field,recover-20220825,002,1795
585.9065,585.946,68437,82549,Rhinolophus ferrumequinum,0.025,0.025,-1,Echolocation,/mnt/ubna_data_01_mir/recover-20220825/UBNA_002/20220823_033000.WAV,Telephone Field,recover-20220825,002,1795
585.9275,585.9674,68437,82325,Rhinolophus ferrumequinum,0.022,0.022,-1,Echolocation,/mnt/ubna_data_01_mir/recover-20220825/UBNA_002/20220823_033000.WAV,Telephone Field,recover-20220825,002,1795
585.9335,585.9561,19453,22362,Nyctalus leisleri,0.014,0.026,-1,Echolocation,/mnt/ubna_data_01_mir/recover-20220825/UBNA_002/20220823_033000.WAV,Telephone Field,recover-20220825,002,1795
585.9365,585.9755,68437,81853,Rhinolophus ferrumequinum,0.022,0.022,-1,Echolocation,/mnt/ubna_data_01_mir/recover-20220825/UBNA_002/20220823_033000.WAV,Telephone Field,recover-20220825,002,1795
586.0015,586.031,68437,79703,Rhinolophus ferrumequinum,0.029,0.03,-1,Echolocation,/mnt/ubna_data_01_mir/recover-20220825/UBNA_002/20220823_033000.WAV,Telephone Field,recover-20220825,002,1795
586.0015,586.0074,46953,55864,Pipistrellus pipistrellus,0.013,0.021,-1,Echolocation,/mnt/ubna_data_01_mir/recover-20220825/UBNA_002/20220823_033000.WAV,Telephone Field,recover-20220825,002,1795
586.0015,586.0094,25468,34545,Nyctalus leisleri,0.009,0.03,-1,Echolocation,/mnt/ubna_data_01_mir/recover-20220825/UBNA_002/20220823_033000.WAV,Telephone Field,recover-20220825,002,1795
586.0015,586.0104,18593,25040,Nyctalus noctula,0.009,0.031,-1,Echolocation,/mnt/ubna_data_01_mir/recover-20220825/UBNA_002/20220823_033000.WAV,Telephone Field,recover-20220825,002,1795
586.0275,586.0686,68437,82653,Rhinolophus ferrumequinum,0.023,0.023,-1,Echolocation,/mnt/ubna_data_01_mir/recover-20220825/UBNA_002/20220823_033000.WAV,Telephone Field,recover-20220825,002,1795
586.0545,586.0958,68437,83001,Rhinolophus ferrumequinum,0.038,0.038,-1,Echolocation,/mnt/ubna_data_01_mir/recover-20220825/UBNA_002/20220823_033000.WAV,Telephone Field,recover-20220825,002,1795
586.1105,586.122,40078,45011,Pipistrellus nathusii,0.014,0.023,-1,Echolocation,/mnt/ubna_data_01_mir/recover-20220825/UBNA_002/20220823_033000.WAV,Telephone Field,recover-20220825,002,1795
586.1285,586.1468,21171,24988,Nyctalus leisleri,0.012,0.024,-1,Echolocation,/mnt/ubna_data_01_mir/recover-20220825/UBNA_002/20220823_033000.WAV,Telephone Field,recover-20220825,002,1795
586.1375,586.1441,28046,38549,Eptesicus serotinus,0.006,0.024,-1,Echolocation,/mnt/ubna_data_01_mir/recover-20220825/UBNA_002/20220823_033000.WAV,Telephone Field,recover-20220825,002,1795
586.1505,586.1577,49531,56705,Pipistrellus pipistrellus,0.02,0.023,-1,Echolocation,/mnt/ubna_data_01_mir/recover-20220825/UBNA_002/20220823_033000.WAV,Telephone Field,recover-20220825,002,1795
586.1505,586.1618,23750,29331,Nyctalus leisleri,0.011,0.025,-1,Echolocation,/mnt/ubna_data_01_mir/recover-20220825/UBNA_002/20220823_033000.WAV,Telephone Field,recover-20220825,002,1795
586.1685,586.2085,68437,81856,Rhinolophus ferrumequinum,0.025,0.025,-1,Echolocation,/mnt/ubna_data_01_mir/recover-20220825/UBNA_002/20220823_033000.WAV,Telephone Field,recover-20220825,002,1795
586.1735,586.1835,23750,29798,Nyctalus leisleri,0.008,0.022,-1,Echolocation,/mnt/ubna_data_01_mir/recover-20220825/UBNA_002/20220823_033000.WAV,Telephone Field,recover-20220825,002,1795
586.2555,586.2938,68437,82034,Rhinolophus ferrumequinum,0.022,0.022,-1,Echolocation,/mnt/ubna_data_01_mir/recover-20220825/UBNA_002/20220823_033000.WAV,Telephone Field,recover-20220825,002,1795
586.2645,586.3023,68437,81918,Rhinolophus ferrumequinum,0.022,0.022,-1,Echolocation,/mnt/ubna_data_01_mir/recover-20220825/UBNA_002/20220823_033000.WAV,Telephone Field,recover-20220825,002,1795
586.2915,586.3302,68437,82520,Rhinolophus ferrumequinum,0.022,0.022,-1,Echolocation,/mnt/ubna_data_01_mir/recover-20220825/UBNA_002/20220823_033000.WAV,Telephone Field,recover-20220825,002,1795
586.3225,586.3316,27187,36133,Eptesicus serotinus,0.01,0.024,-1,Echolocation,/mnt/ubna_data_01_mir/recover-20220825/UBNA_002/20220823_033000.WAV,Telephone Field,recover-20220825,002,1795
586.3435,586.3527,49531,56283,Pipistrellus pipistrellus,0.018,0.023,-1,Echolocation,/mnt/ubna_data_01_mir/recover-20220825/UBNA_002/20220823_033000.WAV,Telephone Field,recover-20220825,002,1795
586.3635,586.3715,27187,36870,Eptesicus serotinus,0.007,0.023,-1,Echolocation,/mnt/ubna_data_01_mir/recover-20220825/UBNA_002/20220823_033000.WAV,Telephone Field,recover-20220825,002,1795
586.3975,586.4053,27187,36414,Eptesicus serotinus,0.008,0.024,-1,Echolocation,/mnt/ubna_data_01_mir/recover-20220825/UBNA_002/20220823_033000.WAV,Telephone Field,recover-20220825,002,1795
586.4095,586.4155,35781,53853,Myotis brandtii,0.01,0.024,-1,Echolocation,/mnt/ubna_data_01_mir/recover-20220825/UBNA_002/20220823_033000.WAV,Telephone Field,recover-20220825,002,1795
586.4215,586.4567,68437,81440,Rhinolophus ferrumequinum,0.022,0.022,-1,Echolocation,/mnt/ubna_data_01_mir/recover-20220825/UBNA_002/20220823_033000.WAV,Telephone Field,recover-20220825,002,1795
586.4305,586.4695,68437,81859,Rhinolophus ferrumequinum,0.022,0.022,-1,Echolocation,/mnt/ubna_data_01_mir/recover-20220825/UBNA_002/20220823_033000.WAV,Telephone Field,recover-20220825,002,1795
586.4865,586.4944,28046,37827,Eptesicus serotinus,0.007,0.022,-1,Echolocation,/mnt/ubna_data_01_mir/recover-20220825/UBNA_002/20220823_033000.WAV,Telephone Field,recover-20220825,002,1795
586.4955,586.5024,27187,39079,Eptesicus serotinus,0.007,0.024,-1,Echolocation,/mnt/ubna_data_01_mir/recover-20220825/UBNA_002/20220823_033000.WAV,Telephone Field,recover-20220825,002,1795
586.5095,586.5513,68437,82527,Rhinolophus ferrumequinum,0.025,0.025,-1,Echolocation,/mnt/ubna_data_01_mir/recover-20220825/UBNA_002/20220823_033000.WAV,Telephone Field,recover-20220825,002,1795
586.5425,586.5789,68437,82178,Rhinolophus ferrumequinum,0.024,0.024,-1,Echolocation,/mnt/ubna_data_01_mir/recover-20220825/UBNA_002/20220823_033000.WAV,Telephone Field,recover-20220825,002,1795
586.5695,586.6075,68437,81709,Rhinolophus ferrumequinum,0.027,0.027,-1,Echolocation,/mnt/ubna_data_01_mir/recover-20220825/UBNA_002/20220823_033000.WAV,Telephone Field,recover-20220825,002,1795
586.6005,586.6091,28046,38528,Eptesicus serotinus,0.007,0.022,-1,Echolocation,/mnt/ubna_data_01_mir/recover-20220825/UBNA_002/20220823_033000.WAV,Telephone Field,recover-20220825,002,1795
586.6225,586.6613,68437,82607,Rhinolophus ferrumequinum,0.026,0.026,-1,Echolocation,/mnt/ubna_data_01_mir/recover-20220825/UBNA_002/20220823_033000.WAV,Telephone Field,recover-20220825,002,1795
586.6385,586.6563,19453,22891,Nyctalus leisleri,0.014,0.03,-1,Echolocation,/mnt/ubna_data_01_mir/recover-20220825/UBNA_002/20220823_033000.WAV,Telephone Field,recover-20220825,002,1795
586.6875,586.7257,68437,82812,Rhinolophus ferrumequinum,0.022,0.022,-1,Echolocation,/mnt/ubna_data_01_mir/recover-20220825/UBNA_002/20220823_033000.WAV,Telephone Field,recover-20220825,002,1795
586.6935,586.7347,68437,82498,Rhinolophus ferrumequinum,0.022,0.022,-1,Echolocation,/mnt/ubna_data_01_mir/recover-20220825/UBNA_002/20220823_033000.WAV,Telephone Field,recover-20220825,002,1795
586.6945,586.7087,39218,42041,Pipistrellus nathusii,0.052,0.059,-1,Echolocation,/mnt/ubna_data_01_mir/recover-20220825/UBNA_002/20220823_033000.WAV,Telephone Field,recover-20220825,002,1795
586.6985,586.7068,27187,38206,Eptesicus serotinus,0.008,0.022,-1,Echolocation,/mnt/ubna_data_01_mir/recover-20220825/UBNA_002/20220823_033000.WAV,Telephone Field,recover-20220825,002,1795
586.7185,586.7574,68437,81854,Rhinolophus ferrumequinum,0.023,0.023,-1,Echolocation,/mnt/ubna_data_01_mir/recover-20220825/UBNA_002/20220823_033000.WAV,Telephone Field,recover-20220825,002,1795
586.7675,586.7734,28046,39230,Plecotus auritus,0.02,0.055,-1,Echolocation,/mnt/ubna_data_01_mir/recover-20220825/UBNA_002/20220823_033000.WAV,Telephone Field,recover-20220825,002,1795
586.8445,586.8531,28046,38265,Eptesicus serotinus,0.008,0.022,-1,Echolocation,/mnt/ubna_data_01_mir/recover-20220825/UBNA_002/20220823_033000.WAV,Telephone Field,recover-20220825,002,1795
586.8715,586.8763,38359,56449,Myotis brandtii,0.007,0.026,-1,Echolocation,/mnt/ubna_data_01_mir/recover-20220825/UBNA_002/20220823_033000.WAV,Telephone Field,recover-20220825,002,1795
586.8725,586.8785,27187,42686,Plecotus auritus,0.007,0.031,-1,Echolocation,/mnt/ubna_data_01_mir/recover-20220825/UBNA_002/20220823_033000.WAV,Telephone Field,recover-20220825,002,1795
586.8955,586.9347,68437,82011,Rhinolophus ferrumequinum,0.025,0.025,-1,Echolocation,/mnt/ubna_data_01_mir/recover-20220825/UBNA_002/20220823_033000.WAV,Telephone Field,recover-20220825,002,1795
586.9185,586.9573,68437,82139,Rhinolophus ferrumequinum,0.025,0.026,-1,Echolocation,/mnt/ubna_data_01_mir/recover-20220825/UBNA_002/20220823_033000.WAV,Telephone Field,recover-20220825,002,1795
586.9245,586.9346,28046,36057,Eptesicus serotinus,0.01,0.024,-1,Echolocation,/mnt/ubna_data_01_mir/recover-20220825/UBNA_002/20220823_033000.WAV,Telephone Field,recover-20220825,002,1795
586.9545,586.9939,68437,82039,Rhinolophus ferrumequinum,0.023,0.023,-1,Echolocation,/mnt/ubna_data_01_mir/recover-20220825/UBNA_002/20220823_033000.WAV,Telephone Field,recover-20220825,002,1795
586.9565,586.9729,21171,24503,Nyctalus leisleri,0.018,0.03,-1,Echolocation,/mnt/ubna_data_01_mir/recover-20220825/UBNA_002/20220823_033000.WAV,Telephone Field,recover-20220825,002,1795
586.9615,587.0006,68437,81904,Rhinolophus ferrumequinum,0.022,0.023,-1,Echolocation,/mnt/ubna_data_01_mir/recover-20220825/UBNA_002/20220823_033000.WAV,Telephone Field,recover-20220825,002,1795
586.9765,587.0154,68437,82287,Rhinolophus ferrumequinum,0.022,0.022,-1,Echolocation,/mnt/ubna_data_01_mir/recover-20220825/UBNA_002/20220823_033000.WAV,Telephone Field,recover-20220825,002,1795
586.9785,586.9855,43515,49037,Pipistrellus nathusii,0.011,0.028,-1,Echolocation,/mnt/ubna_data_01_mir/recover-20220825/UBNA_002/20220823_033000.WAV,Telephone Field,recover-20220825,002,1795
586.9875,587.0248,68437,81509,Rhinolophus ferrumequinum,0.03,0.03,-1,Echolocation,/mnt/ubna_data_01_mir/recover-20220825/UBNA_002/20220823_033000.WAV,Telephone Field,recover-20220825,002,1795
587.0105,587.0507,68437,81982,Rhinolophus ferrumequinum,0.03,0.03,-1,Echolocation,/mnt/ubna_data_01_mir/recover-20220825/UBNA_002/20220823_033000.WAV,Telephone Field,recover-20220825,002,1795
587.0155,587.0209,39218,58520,Myotis brandtii,0.008,0.022,-1,Echolocation,/mnt/ubna_data_01_mir/recover-20220825/UBNA_002/20220823_033000.WAV,Telephone Field,recover-20220825,002,1795
587.0355,587.0439,41796,47619,Pipistrellus nathusii,0.029,0.054,-1,Echolocation,/mnt/ubna_data_01_mir/recover-20220825/UBNA_002/20220823_033000.WAV,Telephone Field,recover-20220825,002,1795
587.0395,587.0449,26328,46531,Myotis nattereri,0.005,0.025,-1,Echolocation,/mnt/ubna_data_01_mir/recover-20220825/UBNA_002/20220823_033000.WAV,Telephone Field,recover-20220825,002,1795
587.0405,587.059,19453,22999,Nyctalus noctula,0.012,0.024,-1,Echolocation,/mnt/ubna_data_01_mir/recover-20220825/UBNA_002/20220823_033000.WAV,Telephone Field,recover-20220825,002,1795
587.0475,587.0849,68437,81811,Rhinolophus ferrumequinum,0.022,0.022,-1,Echolocation,/mnt/ubna_data_01_mir/recover-20220825/UBNA_002/20220823_033000.WAV,Telephone Field,recover-20220825,002,1795
587.0485,587.0589,50390,56094,Pipistrellus pipistrellus,0.019,0.026,-1,Echolocation,/mnt/ubna_data_01_mir/recover-20220825/UBNA_002/20220823_033000.WAV,Telephone Field,recover-20220825,002,1795
587.0735,587.1157,68437,83231,Rhinolophus ferrumequinum,0.039,0.039,-1,Echolocation,/mnt/ubna_data_01_mir/recover-20220825/UBNA_002/20220823_033000.WAV,Telephone Field,recover-20220825,002,1795
587.0745,587.0793,47812,63536,Myotis mystacinus,0.012,0.026,-1,Echolocation,/mnt/ubna_data_01_mir/recover-20220825/UBNA_002/20220823_033000.WAV,Telephone Field,recover-20220825,002,1795
587.0755,587.0804,37500,67400,Myotis brandtii,0.008,0.021,-1,Echolocation,/mnt/ubna_data_01_mir/recover-20220825/UBNA_002/20220823_033000.WAV,Telephone Field,recover-20220825,002,1795
587.0765,587.0869,22890,28320,Nyctalus leisleri,0.009,0.022,-1,Echolocation,/mnt/ubna_data_01_mir/recover-20220825/UBNA_002/20220823_033000.WAV,Telephone Field,recover-20220825,002,1795
587.0835,587.1213,68437,82160,Rhinolophus ferrumequinum,0.022,0.022,-1,Echolocation,/mnt/ubna_data_01_mir/recover-20220825/UBNA_002/20220823_033000.WAV,Telephone Field,recover-20220825,002,1795
587.1055,587.1398,68437,81156,Rhinolophus ferrumequinum,0.026,0.026,-1,Echolocation,/mnt/ubna_data_01_mir/recover-20220825/UBNA_002/20220823_033000.WAV,Telephone Field,recover-20220825,002,1795
587.1375,587.1777,68437,82715,Rhinolophus ferrumequinum,0.024,0.024,-1,Echolocation,/mnt/ubna_data_01_mir/recover-20220825/UBNA_002/20220823_033000.WAV,Telephone Field,recover-20220825,002,1795
587.1435,587.151,27187,37112,Eptesicus serotinus,0.008,0.026,-1,Echolocation,/mnt/ubna_data_01_mir/recover-20220825/UBNA_002/20220823_033000.WAV,Telephone Field,recover-20220825,002,1795
587.1575,587.1903,68437,80811,Rhinolophus ferrumequinum,0.022,0.022,-1,Echolocation,/mnt/ubna_data_01_mir/recover-20220825/UBNA_002/20220823_033000.WAV,Telephone Field,recover-20220825,002,1795
587.1955,587.2024,28046,38741,Eptesicus serotinus,0.006,0.023,-1,Echolocation,/mnt/ubna_data_01_mir/recover-20220825/UBNA_002/20220823_033000.WAV,Telephone Field,recover-20220825,002,1795
587.2045,587.2418,68437,82449,Rhinolophus ferrumequinum,0.022,0.022,-1,Echolocation,/mnt/ubna_data_01_mir/recover-20220825/UBNA_002/20220823_033000.WAV,Telephone Field,recover-20220825,002,1795
587.2265,587.2363,40937,46175,Pipistrellus nathusii,0.249,0.285,-1,Echolocation,/mnt/ubna_data_01_mir/recover-20220825/UBNA_002/20220823_033000.WAV,Telephone Field,recover-20220825,002,1795
587.2275,587.2341,30625,43087,Myotis daubentonii,0.008,0.023,-1,Echolocation,/mnt/ubna_data_01_mir/recover-20220825/UBNA_002/20220823_033000.WAV,Telephone Field,recover-20220825,002,1795
587.2325,587.2709,68437,81790,Rhinolophus ferrumequinum,0.023,0.023,-1,Echolocation,/mnt/ubna_data_01_mir/recover-20220825/UBNA_002/20220823_033000.WAV,Telephone Field,recover-20220825,002,1795
587.2545,587.263,28046,36671,Eptesicus serotinus,0.009,0.024,-1,Echolocation,/mnt/ubna_data_01_mir/recover-20220825/UBNA_002/20220823_033000.WAV,Telephone Field,recover-20220825,002,1795
587.2785,587.2887,24609,31094,Nyctalus leisleri,0.012,0.029,-1,Echolocation,/mnt/ubna_data_01_mir/recover-20220825/UBNA_002/20220823_033000.WAV,Telephone Field,recover-20220825,002,1795
587.3185,587.3555,68437,81350,Rhinolophus ferrumequinum,0.025,0.025,-1,Echolocation,/mnt/ubna_data_01_mir/recover-20220825/UBNA_002/20220823_033000.WAV,Telephone Field,recover-20220825,002,1795
587.3345,587.3757,68437,83052,Rhinolophus ferrumequinum,0.03,0.03,-1,Echolocation,/mnt/ubna_data_01_mir/recover-20220825/UBNA_002/20220823_033000.WAV,Telephone Field,recover-20220825,002,1795
587.3415,587.3825,68437,83159,Rhinolophus ferrumequinum,0.034,0.034,-1,Echolocation,/mnt/ubna_data_01_mir/recover-20220825/UBNA_002/20220823_033000.WAV,Telephone Field,recover-20220825,002,1795
587.3955,587.4373,68437,82806,Rhinolophus ferrumequinum,0.051,0.051,-1,Echolocation,/mnt/ubna_data_01_mir/recover-20220825/UBNA_002/20220823_033000.WAV,Telephone Field,recover-20220825,002,1795
587.4175,587.4264000000001,39218,45250,Pipistrellus nathusii,0.25,0.372,-1,Echolocation,/mnt/ubna_data_01_mir/recover-20220825/UBNA_002/20220823_033000.WAV,Telephone Field,recover-20220825,002,1795
587.4225,587.4295,25468,40397,Eptesicus serotinus,0.006,0.026,-1,Echolocation,/mnt/ubna_data_01_mir/recover-20220825/UBNA_002/20220823_033000.WAV,Telephone Field,recover-20220825,002,1795
587.4475,587.488,68437,82697,Rhinolophus ferrumequinum,0.025,0.025,-1,Echolocation,/mnt/ubna_data_01_mir/recover-20220825/UBNA_002/20220823_033000.WAV,Telephone Field,recover-20220825,002,1795
587.4765,587.487,22890,28714,Nyctalus leisleri,0.009,0.024,-1,Echolocation,/mnt/ubna_data_01_mir/recover-20220825/UBNA_002/20220823_033000.WAV,Telephone Field,recover-20220825,002,1795
587.4855,587.5221,68437,81530,Rhinolophus ferrumequinum,0.022,0.022,-1,Echolocation,/mnt/ubna_data_01_mir/recover-20220825/UBNA_002/20220823_033000.WAV,Telephone Field,recover-20220825,002,1795
587.5115,587.519,40078,47919,Pipistrellus nathusii,0.081,0.169,-1,Echolocation,/mnt/ubna_data_01_mir/recover-20220825/UBNA_002/20220823_033000.WAV,Telephone Field,recover-20220825,002,1795
587.5145,587.5542,68437,81811,Rhinolophus ferrumequinum,0.022,0.022,-1,Echolocation,/mnt/ubna_data_01_mir/recover-20220825/UBNA_002/20220823_033000.WAV,Telephone Field,recover-20220825,002,1795
587.5615,587.5692,44375,48312,Pipistrellus pipistrellus,0.017,0.021,-1,Echolocation,/mnt/ubna_data_01_mir/recover-20220825/UBNA_002/20220823_033000.WAV,Telephone Field,recover-20220825,002,1795
587.5985000000001,587.6362,68437,82511,Rhinolophus ferrumequinum,0.023,0.023,-1,Echolocation,/mnt/ubna_data_01_mir/recover-20220825/UBNA_002/20220823_033000.WAV,Telephone Field,recover-20220825,002,1795
587.6055,587.615,40078,45503,Pipistrellus nathusii,0.262,0.325,-1,Echolocation,/mnt/ubna_data_01_mir/recover-20220825/UBNA_002/20220823_033000.WAV,Telephone Field,recover-20220825,002,1795
587.6175,587.6255,27187,36732,Eptesicus serotinus,0.007,0.023,-1,Echolocation,/mnt/ubna_data_01_mir/recover-20220825/UBNA_002/20220823_033000.WAV,Telephone Field,recover-20220825,002,1795
587.6805,587.6871,28046,37803,Eptesicus serotinus,0.012,0.035,-1,Echolocation,/mnt/ubna_data_01_mir/recover-20220825/UBNA_002/20220823_033000.WAV,Telephone Field,recover-20220825,002,1795
587.6955,587.7336,68437,81776,Rhinolophus ferrumequinum,0.022,0.022,-1,Echolocation,/mnt/ubna_data_01_mir/recover-20220825/UBNA_002/20220823_033000.WAV,Telephone Field,recover-20220825,002,1795
587.6975,587.7042,39218,46234,Pipistrellus nathusii,0.188,0.405,-1,Echolocation,/mnt/ubna_data_01_mir/recover-20220825/UBNA_002/20220823_033000.WAV,Telephone Field,recover-20220825,002,1795
587.7175,587.7567,68437,82216,Rhinolophus ferrumequinum,0.023,0.023,-1,Echolocation,/mnt/ubna_data_01_mir/recover-20220825/UBNA_002/20220823_033000.WAV,Telephone Field,recover-20220825,002,1795
587.7535,587.7623,43515,49356,Pipistrellus pipistrellus,0.014,0.022,-1,Echolocation,/mnt/ubna_data_01_mir/recover-20220825/UBNA_002/20220823_033000.WAV,Telephone Field,recover-20220825,002,1795
587.7725,587.7837,22890,27999,Nyctalus leisleri,0.011,0.024,-1,Echolocation,/mnt/ubna_data_01_mir/recover-20220825/UBNA_002/20220823_033000.WAV,Telephone Field,recover-20220825,002,1795
587.7945,587.8003,39218,51438,Pipistrellus nathusii,0.228,0.394,-1,Echolocation,/mnt/ubna_data_01_mir/recover-20220825/UBNA_002/20220823_033000.WAV,Telephone Field,recover-20220825,002,1795
587.8155,587.8232,27187,37838,Eptesicus serotinus,0.007,0.024,-1,Echolocation,/mnt/ubna_data_01_mir/recover-20220825/UBNA_002/20220823_033000.WAV,Telephone Field,recover-20220825,002,1795
587.8325,587.8717,68437,82222,Rhinolophus ferrumequinum,0.024,0.024,-1,Echolocation,/mnt/ubna_data_01_mir/recover-20220825/UBNA_002/20220823_033000.WAV,Telephone Field,recover-20220825,002,1795
587.8395,587.8481,23750,31354,Plecotus austriacus,0.007,0.023,-1,Echolocation,/mnt/ubna_data_01_mir/recover-20220825/UBNA_002/20220823_033000.WAV,Telephone Field,recover-20220825,002,1795
587.8715,587.9137,68437,82425,Rhinolophus ferrumequinum,0.027,0.028,-1,Echolocation,/mnt/ubna_data_01_mir/recover-20220825/UBNA_002/20220823_033000.WAV,Telephone Field,recover-20220825,002,1795
587.8755,587.8818,38359,52244,Pipistrellus nathusii,0.25,0.449,-1,Echolocation,/mnt/ubna_data_01_mir/recover-20220825/UBNA_002/20220823_033000.WAV,Telephone Field,recover-20220825,002,1795
587.9355,587.9745,68437,81925,Rhinolophus ferrumequinum,0.023,0.023,-1,Echolocation,/mnt/ubna_data_01_mir/recover-20220825/UBNA_002/20220823_033000.WAV,Telephone Field,recover-20220825,002,1795
587.9585,587.9676,27187,35513,Eptesicus serotinus,0.008,0.021,-1,Echolocation,/mnt/ubna_data_01_mir/recover-20220825/UBNA_002/20220823_033000.WAV,Telephone Field,recover-20220825,002,1795
587.9805,587.9886,46953,56907,Pipistrellus pipistrellus,0.024,0.027,-1,Echolocation,/mnt/ubna_data_01_mir/recover-20220825/UBNA_002/20220823_033000.WAV,Telephone Field,recover-20220825,002,1795
588.0015,588.0084,37500,58844,Myotis brandtii,0.01,0.024,-1,Echolocation,/mnt/ubna_data_01_mir/recover-20220825/UBNA_002/20220823_033000.WAV,Telephone Field,recover-20220825,002,1795
588.0015,588.0342,68437,79567,Rhinolophus ferrumequinum,0.035,0.035,-1,Echolocation,/mnt/ubna_data_01_mir/recover-20220825/UBNA_002/20220823_033000.WAV,Telephone Field,recover-20220825,002,1795
588.0015,588.0101,22890,29570,Nyctalus leisleri,0.015,0.044,-1,Echolocation,/mnt/ubna_data_01_mir/recover-20220825/UBNA_002/20220823_033000.WAV,Telephone Field,recover-20220825,002,1795
588.0165,588.0614,68437,82745,Rhinolophus ferrumequinum,0.031,0.031,-1,Echolocation,/mnt/ubna_data_01_mir/recover-20220825/UBNA_002/20220823_033000.WAV,Telephone Field,recover-20220825,002,1795
588.0175,588.0236,38359,49733,Pipistrellus nathusii,0.133,0.392,-1,Echolocation,/mnt/ubna_data_01_mir/recover-20220825/UBNA_002/20220823_033000.WAV,Telephone Field,recover-20220825,002,1795
588.0185,588.023,27187,67640,Myotis brandtii,0.039,0.113,-1,Echolocation,/mnt/ubna_data_01_mir/recover-20220825/UBNA_002/20220823_033000.WAV,Telephone Field,recover-20220825,002,1795
588.0495,588.087,68437,81955,Rhinolophus ferrumequinum,0.026,0.026,-1,Echolocation,/mnt/ubna_data_01_mir/recover-20220825/UBNA_002/20220823_033000.WAV,Telephone Field,recover-20220825,002,1795
588.0885,588.1276,68437,82692,Rhinolophus ferrumequinum,0.024,0.024,-1,Echolocation,/mnt/ubna_data_01_mir/recover-20220825/UBNA_002/20220823_033000.WAV,Telephone Field,recover-20220825,002,1795
588.0945,588.0988,34921,50935,Myotis brandtii,0.107,0.265,-1,Echolocation,/mnt/ubna_data_01_mir/recover-20220825/UBNA_002/20220823_033000.WAV,Telephone Field,recover-20220825,002,1795
588.1115,588.1508,68437,82081,Rhinolophus ferrumequinum,0.027,0.027,-1,Echolocation,/mnt/ubna_data_01_mir/recover-20220825/UBNA_002/20220823_033000.WAV,Telephone Field,recover-20220825,002,1795
588.1265,588.1684,68437,83129,Rhinolophus ferrumequinum,0.023,0.023,-1,Echolocation,/mnt/ubna_data_01_mir/recover-20220825/UBNA_002/20220823_033000.WAV,Telephone Field,recover-20220825,002,1795
588.1475,588.1848,68437,82211,Rhinolophus ferrumequinum,0.025,0.025,-1,Echolocation,/mnt/ubna_data_01_mir/recover-20220825/UBNA_002/20220823_033000.WAV,Telephone Field,recover-20220825,002,1795
588.1625,588.1719,27187,38119,Eptesicus serotinus,0.009,0.023,-1,Echolocation,/mnt/ubna_data_01_mir/recover-20220825/UBNA_002/20220823_033000.WAV,Telephone Field,recover-20220825,002,1795
588.1715,588.1764000000001,35781,47462,Myotis daubentonii,0.019,0.042,-1,Echolocation,/mnt/ubna_data_01_mir/recover-20220825/UBNA_002/20220823_033000.WAV,Telephone Field,recover-20220825,002,1795
588.1835,588.1896,41796,52611,Myotis daubentonii,0.067,0.24,-1,Echolocation,/mnt/ubna_data_01_mir/recover-20220825/UBNA_002/20220823_033000.WAV,Telephone Field,recover-20220825,002,1795
588.2315,588.243,23750,28326,Nyctalus leisleri,0.013,0.025,-1,Echolocation,/mnt/ubna_data_01_mir/recover-20220825/UBNA_002/20220823_033000.WAV,Telephone Field,recover-20220825,002,1795
588.2435,588.2574,54687,62186,Pipistrellus pygmaeus,0.026,0.031,-1,Echolocation,/mnt/ubna_data_01_mir/recover-20220825/UBNA_002/20220823_033000.WAV,Telephone Field,recover-20220825,002,1795
588.2435,588.2809,68437,82066,Rhinolophus ferrumequinum,0.025,0.025,-1,Echolocation,/mnt/ubna_data_01_mir/recover-20220825/UBNA_002/20220823_033000.WAV,Telephone Field,recover-20220825,002,1795
588.2725,588.2791,40078,51693,Pipistrellus nathusii,0.047,0.153,-1,Echolocation,/mnt/ubna_data_01_mir/recover-20220825/UBNA_002/20220823_033000.WAV,Telephone Field,recover-20220825,002,1795
588.2735,588.3197,68437,83802,Rhinolophus ferrumequinum,0.067,0.067,-1,Echolocation,/mnt/ubna_data_01_mir/recover-20220825/UBNA_002/20220823_033000.WAV,Telephone Field,recover-20220825,002,1795
588.2945,588.3356,68437,82962,Rhinolophus ferrumequinum,0.023,0.023,-1,Echolocation,/mnt/ubna_data_01_mir/recover-20220825/UBNA_002/20220823_033000.WAV,Telephone Field,recover-20220825,002,1795
588.3025,588.3127,22890,28921,Nyctalus leisleri,0.009,0.024,-1,Echolocation,/mnt/ubna_data_01_mir/recover-20220825/UBNA_002/20220823_033000.WAV,Telephone Field,recover-20220825,002,1795
588.3255,588.3632,68437,81737,Rhinolophus ferrumequinum,0.024,0.024,-1,Echolocation,/mnt/ubna_data_01_mir/recover-20220825/UBNA_002/20220823_033000.WAV,Telephone Field,recover-20220825,002,1795
588.3305,588.3381,29765,46008,Myotis daubentonii,0.008,0.023,-1,Echolocation,/mnt/ubna_data_01_mir/recover-20220825/UBNA_002/20220823_033000.WAV,Telephone Field,recover-20220825,002,1795
588.3485000000001,588.3871,68437,82072,Rhinolophus ferrumequinum,0.023,0.023,-1,Echolocation,/mnt/ubna_data_01_mir/recover-20220825/UBNA_002/20220823_033000.WAV,Telephone Field,recover-20220825,002,1795
588.3495,588.3599,27187,35873,Eptesicus serotinus,0.013,0.029,-1,Echolocation,/mnt/ubna_data_01_mir/recover-20220825/UBNA_002/20220823_033000.WAV,Telephone Field,recover-20220825,002,1795
588.3855,588.393,40937,51134,Myotis brandtii,0.007,0.025,-1,Echolocation,/mnt/ubna_data_01_mir/recover-20220825/UBNA_002/20220823_033000.WAV,Telephone Field,recover-20220825,002,1795
588.4025,588.4416,68437,82282,Rhinolophus ferrumequinum,0.023,0.023,-1,Echolocation,/mnt/ubna_data_01_mir/recover-20220825/UBNA_002/20220823_033000.WAV,Telephone Field,recover-20220825,002,1795
588.4195,588.4269,28046,36848,Eptesicus serotinus,0.01,0.029,-1,Echolocation,/mnt/ubna_data_01_mir/recover-20220825/UBNA_002/20220823_033000.WAV,Telephone Field,recover-20220825,002,1795
588.4305,588.4384,46093,49561,Pipistrellus pipistrellus,0.029,0.03,-1,Echolocation,/mnt/ubna_data_01_mir/recover-20220825/UBNA_002/20220823_033000.WAV,Telephone Field,recover-20220825,002,1795
588.4545,588.4674,16015,21704,Nyctalus noctula,0.017,0.027,-1,Echolocation,/mnt/ubna_data_01_mir/recover-20220825/UBNA_002/20220823_033000.WAV,Telephone Field,recover-20220825,002,1795
588.4575,588.4682,28046,34929,Eptesicus serotinus,0.012,0.027,-1,Echolocation,/mnt/ubna_data_01_mir/recover-20220825/UBNA_002/20220823_033000.WAV,Telephone Field,recover-20220825,002,1795
588.4825,588.5224,68437,82995,Rhinolophus ferrumequinum,0.025,0.025,-1,Echolocation,/mnt/ubna_data_01_mir/recover-20220825/UBNA_002/20220823_033000.WAV,Telephone Field,recover-20220825,002,1795
588.5475,588.5858,68437,81739,Rhinolophus ferrumequinum,0.027,0.027,-1,Echolocation,/mnt/ubna_data_01_mir/recover-20220825/UBNA_002/20220823_033000.WAV,Telephone Field,recover-20220825,002,1795
588.5585,588.5666,27187,38252,Eptesicus serotinus,0.008,0.023,-1,Echolocation,/mnt/ubna_data_01_mir/recover-20220825/UBNA_002/20220823_033000.WAV,Telephone Field,recover-20220825,002,1795
588.5825,588.5921,28046,36265,Eptesicus serotinus,0.01,0.024,-1,Echolocation,/mnt/ubna_data_01_mir/recover-20220825/UBNA_002/20220823_033000.WAV,Telephone Field,recover-20220825,002,1795
588.5875,588.6283,68437,82863,Rhinolophus ferrumequinum,0.026,0.026,-1,Echolocation,/mnt/ubna_data_01_mir/recover-20220825/UBNA_002/20220823_033000.WAV,Telephone Field,recover-20220825,002,1795
588.5935,588.6045,22890,28447,Nyctalus leisleri,0.011,0.023,-1,Echolocation,/mnt/ubna_data_01_mir/recover-20220825/UBNA_002/20220823_033000.WAV,Telephone Field,recover-20220825,002,1795
588.6285,588.6369,28046,37271,Eptesicus serotinus,0.009,0.025,-1,Echolocation,/mnt/ubna_data_01_mir/recover-20220825/UBNA_002/20220823_033000.WAV,Telephone Field,recover-20220825,002,1795
588.6375,588.6457,30625,39777,Myotis daubentonii,0.011,0.026,-1,Echolocation,/mnt/ubna_data_01_mir/recover-20220825/UBNA_002/20220823_033000.WAV,Telephone Field,recover-20220825,002,1795
588.7225,588.7576,68437,81412,Rhinolophus ferrumequinum,0.024,0.024,-1,Echolocation,/mnt/ubna_data_01_mir/recover-20220825/UBNA_002/20220823_033000.WAV,Telephone Field,recover-20220825,002,1795
588.7505,588.7894,68437,82353,Rhinolophus ferrumequinum,0.028,0.029,-1,Echolocation,/mnt/ubna_data_01_mir/recover-20220825/UBNA_002/20220823_033000.WAV,Telephone Field,recover-20220825,002,1795
588.7685,588.8053,68437,81211,Rhinolophus ferrumequinum,0.023,0.023,-1,Echolocation,/mnt/ubna_data_01_mir/recover-20220825/UBNA_002/20220823_033000.WAV,Telephone Field,recover-20220825,002,1795
588.7815,588.8136,68437,81454,Rhinolophus ferrumequinum,0.023,0.023,-1,Echolocation,/mnt/ubna_data_01_mir/recover-20220825/UBNA_002/20220823_033000.WAV,Telephone Field,recover-20220825,002,1795
588.7915,588.8267,68437,81218,Rhinolophus ferrumequinum,0.023,0.023,-1,Echolocation,/mnt/ubna_data_01_mir/recover-20220825/UBNA_002/20220823_033000.WAV,Telephone Field,recover-20220825,002,1795
588.8235,588.8324,27187,40448,Eptesicus serotinus,0.01,0.025,-1,Echolocation,/mnt/ubna_data_01_mir/recover-20220825/UBNA_002/20220823_033000.WAV,Telephone Field,recover-20220825,002,1795
588.8255,588.8335,34921,41657,Barbastellus barbastellus,0.018,0.034,-1,Echolocation,/mnt/ubna_data_01_mir/recover-20220825/UBNA_002/20220823_033000.WAV,Telephone Field,recover-20220825,002,1795
588.8405,588.8795,68437,81928,Rhinolophus ferrumequinum,0.025,0.025,-1,Echolocation,/mnt/ubna_data_01_mir/recover-20220825/UBNA_002/20220823_033000.WAV,Telephone Field,recover-20220825,002,1795
588.8625,588.8735,23750,29018,Nyctalus leisleri,0.009,0.022,-1,Echolocation,/mnt/ubna_data_01_mir/recover-20220825/UBNA_002/20220823_033000.WAV,Telephone Field,recover-20220825,002,1795
588.8725,588.8851,52968,56940,Pipistrellus pygmaeus,0.05,0.064,-1,Echolocation,/mnt/ubna_data_01_mir/recover-20220825/UBNA_002/20220823_033000.WAV,Telephone Field,recover-20220825,002,1795
588.9195,588.9581000000001,68437,82096,Rhinolophus ferrumequinum,0.023,0.023,-1,Echolocation,/mnt/ubna_data_01_mir/recover-20220825/UBNA_002/20220823_033000.WAV,Telephone Field,recover-20220825,002,1795
588.9585,588.9993,68437,82863,Rhinolophus ferrumequinum,0.031,0.031,-1,Echolocation,/mnt/ubna_data_01_mir/recover-20220825/UBNA_002/20220823_033000.WAV,Telephone Field,recover-20220825,002,1795
588.9665,588.9772,28046,36638,Eptesicus serotinus,0.016,0.034,-1,Echolocation,/mnt/ubna_data_01_mir/recover-20220825/UBNA_002/20220823_033000.WAV,Telephone Field,recover-20220825,002,1795
588.9885,589.0274,68437,82540,Rhinolophus ferrumequinum,0.023,0.023,-1,Echolocation,/mnt/ubna_data_01_mir/recover-20220825/UBNA_002/20220823_033000.WAV,Telephone Field,recover-20220825,002,1795
588.9955,589.0344,68437,81603,Rhinolophus ferrumequinum,0.024,0.024,-1,Echolocation,/mnt/ubna_data_01_mir/recover-20220825/UBNA_002/20220823_033000.WAV,Telephone Field,recover-20220825,002,1795
589.0245,589.0609,68437,81216,Rhinolophus ferrumequinum,0.022,0.022,-1,Echolocation,/mnt/ubna_data_01_mir/recover-20220825/UBNA_002/20220823_033000.WAV,Telephone Field,recover-20220825,002,1795
589.0264999999999,589.0355,28046,39739,Eptesicus serotinus,0.009,0.026,-1,Echolocation,/mnt/ubna_data_01_mir/recover-20220825/UBNA_002/20220823_033000.WAV,Telephone Field,recover-20220825,002,1795
589.0565,589.0635,37500,48730,Barbastellus barbastellus,0.028,0.097,-1,Echolocation,/mnt/ubna_data_01_mir/recover-20220825/UBNA_002/20220823_033000.WAV,Telephone Field,recover-20220825,002,1795
589.0565,589.0924,68437,81763,Rhinolophus ferrumequinum,0.024,0.024,-1,Echolocation,/mnt/ubna_data_01_mir/recover-20220825/UBNA_002/20220823_033000.WAV,Telephone Field,recover-20220825,002,1795
589.0745,589.082,28046,39573,Eptesicus serotinus,0.007,0.025,-1,Echolocation,/mnt/ubna_data_01_mir/recover-20220825/UBNA_002/20220823_033000.WAV,Telephone Field,recover-20220825,002,1795
589.0925,589.1004,27187,39982,Eptesicus serotinus,0.008,0.026,-1,Echolocation,/mnt/ubna_data_01_mir/recover-20220825/UBNA_002/20220823_033000.WAV,Telephone Field,recover-20220825,002,1795
589.1105,589.1497,68437,82439,Rhinolophus ferrumequinum,0.024,0.024,-1,Echolocation,/mnt/ubna_data_01_mir/recover-20220825/UBNA_002/20220823_033000.WAV,Telephone Field,recover-20220825,002,1795
589.1435,589.183,68437,82695,Rhinolophus ferrumequinum,0.023,0.023,-1,Echolocation,/mnt/ubna_data_01_mir/recover-20220825/UBNA_002/20220823_033000.WAV,Telephone Field,recover-20220825,002,1795
589.1455,589.1511,36640,48800,Myotis daubentonii,0.056,0.132,-1,Echolocation,/mnt/ubna_data_01_mir/recover-20220825/UBNA_002/20220823_033000.WAV,Telephone Field,recover-20220825,002,1795
589.1915,589.2348,68437,82994,Rhinolophus ferrumequinum,0.028,0.028,-1,Echolocation,/mnt/ubna_data_01_mir/recover-20220825/UBNA_002/20220823_033000.WAV,Telephone Field,recover-20220825,002,1795
589.1955,589.2041,27187,38169,Eptesicus serotinus,0.009,0.023,-1,Echolocation,/mnt/ubna_data_01_mir/recover-20220825/UBNA_002/20220823_033000.WAV,Telephone Field,recover-20220825,002,1795
589.2145,589.255,68437,82178,Rhinolophus ferrumequinum,0.023,0.023,-1,Echolocation,/mnt/ubna_data_01_mir/recover-20220825/UBNA_002/20220823_033000.WAV,Telephone Field,recover-20220825,002,1795
589.2395,589.2494,38359,42969,Pipistrellus nathusii,0.082,0.107,-1,Echolocation,/mnt/ubna_data_01_mir/recover-20220825/UBNA_002/20220823_033000.WAV,Telephone Field,recover-20220825,002,1795
589.2435,589.285,68437,82949,Rhinolophus ferrumequinum,0.027,0.027,-1,Echolocation,/mnt/ubna_data_01_mir/recover-20220825/UBNA_002/20220823_033000.WAV,Telephone Field,recover-20220825,002,1795
589.2625,589.3019,68437,82301,Rhinolophus ferrumequinum,0.024,0.024,-1,Echolocation,/mnt/ubna_data_01_mir/recover-20220825/UBNA_002/20220823_033000.WAV,Telephone Field,recover-20220825,002,1795
589.2855,589.3265,68437,82578,Rhinolophus ferrumequinum,0.028,0.028,-1,Echolocation,/mnt/ubna_data_01_mir/recover-20220825/UBNA_002/20220823_033000.WAV,Telephone Field,recover-20220825,002,1795
589.2855,589.2989,21171,25116,Nyctalus leisleri,0.011,0.022,-1,Echolocation,/mnt/ubna_data_01_mir/recover-20220825/UBNA_002/20220823_033000.WAV,Telephone Field,recover-20220825,002,1795
589.3115,589.3302,18593,22504,Nyctalus noctula,0.022,0.037,-1,Echolocation,/mnt/ubna_data_01_mir/recover-20220825/UBNA_002/20220823_033000.WAV,Telephone Field,recover-20220825,002,1795
589.3325,589.3403,26328,40322,Eptesicus serotinus,0.008,0.027,-1,Echolocation,/mnt/ubna_data_01_mir/recover-20220825/UBNA_002/20220823_033000.WAV,Telephone Field,recover-20220825,002,1795
589.3345,589.3442,36640,42655,Pipistrellus nathusii,0.198,0.253,-1,Echolocation,/mnt/ubna_data_01_mir/recover-20220825/UBNA_002/20220823_033000.WAV,Telephone Field,recover-20220825,002,1795
589.3635,589.4083,68437,83372,Rhinolophus ferrumequinum,0.068,0.068,-1,Echolocation,/mnt/ubna_data_01_mir/recover-20220825/UBNA_002/20220823_033000.WAV,Telephone Field,recover-20220825,002,1795
589.3875,589.425,68437,82842,Rhinolophus ferrumequinum,0.024,0.024,-1,Echolocation,/mnt/ubna_data_01_mir/recover-20220825/UBNA_002/20220823_033000.WAV,Telephone Field,recover-20220825,002,1795
589.4275,589.4665,68437,82473,Rhinolophus ferrumequinum,0.032,0.032,-1,Echolocation,/mnt/ubna_data_01_mir/recover-20220825/UBNA_002/20220823_033000.WAV,Telephone Field,recover-20220825,002,1795
589.4295,589.4387,44375,50177,Pipistrellus pipistrellus,0.022,0.025,-1,Echolocation,/mnt/ubna_data_01_mir/recover-20220825/UBNA_002/20220823_033000.WAV,Telephone Field,recover-20220825,002,1795
589.4945,589.516,19453,22187,Nyctalus leisleri,0.023,0.049,-1,Echolocation,/mnt/ubna_data_01_mir/recover-20220825/UBNA_002/20220823_033000.WAV,Telephone Field,recover-20220825,002,1795
589.5235,589.5333,22890,29318,Nyctalus leisleri,0.009,0.025,-1,Echolocation,/mnt/ubna_data_01_mir/recover-20220825/UBNA_002/20220823_033000.WAV,Telephone Field,recover-20220825,002,1795
589.5305,589.5372,27187,39295,Eptesicus serotinus,0.006,0.024,-1,Echolocation,/mnt/ubna_data_01_mir/recover-20220825/UBNA_002/20220823_033000.WAV,Telephone Field,recover-20220825,002,1795
589.5335,589.5704,68437,81087,Rhinolophus ferrumequinum,0.024,0.024,-1,Echolocation,/mnt/ubna_data_01_mir/recover-20220825/UBNA_002/20220823_033000.WAV,Telephone Field,recover-20220825,002,1795
589.5955,589.6034,27187,39706,Eptesicus serotinus,0.009,0.03,-1,Echolocation,/mnt/ubna_data_01_mir/recover-20220825/UBNA_002/20220823_033000.WAV,Telephone Field,recover-20220825,002,1795
589.6165,589.6533,68437,81893,Rhinolophus ferrumequinum,0.024,0.024,-1,Echolocation,/mnt/ubna_data_01_mir/recover-20220825/UBNA_002/20220823_033000.WAV,Telephone Field,recover-20220825,002,1795
589.6175,589.6266,40078,48755,Pipistrellus nathusii,0.017,0.029,-1,Echolocation,/mnt/ubna_data_01_mir/recover-20220825/UBNA_002/20220823_033000.WAV,Telephone Field,recover-20220825,002,1795
589.6405,589.6794,68437,81724,Rhinolophus ferrumequinum,0.026,0.026,-1,Echolocation,/mnt/ubna_data_01_mir/recover-20220825/UBNA_002/20220823_033000.WAV,Telephone Field,recover-20220825,002,1795
589.6415,589.6518,54687,60445,Pipistrellus pygmaeus,0.024,0.025,-1,Echolocation,/mnt/ubna_data_01_mir/recover-20220825/UBNA_002/20220823_033000.WAV,Telephone Field,recover-20220825,002,1795
589.6815,589.7196,68437,82691,Rhinolophus ferrumequinum,0.023,0.023,-1,Echolocation,/mnt/ubna_data_01_mir/recover-20220825/UBNA_002/20220823_033000.WAV,Telephone Field,recover-20220825,002,1795
589.6965,589.7363,68437,82442,Rhinolophus ferrumequinum,0.022,0.022,-1,Echolocation,/mnt/ubna_data_01_mir/recover-20220825/UBNA_002/20220823_033000.WAV,Telephone Field,recover-20220825,002,1795
589.7405,589.7841,68437,83209,Rhinolophus ferrumequinum,0.041,0.041,-1,Echolocation,/mnt/ubna_data_01_mir/recover-20220825/UBNA_002/20220823_033000.WAV,Telephone Field,recover-20220825,002,1795
589.7605,589.7731,28046,35258,Eptesicus serotinus,0.098,0.132,-1,Echolocation,/mnt/ubna_data_01_mir/recover-20220825/UBNA_002/20220823_033000.WAV,Telephone Field,recover-20220825,002,1795
589.7685,589.8109,68437,82673,Rhinolophus ferrumequinum,0.029,0.029,-1,Echolocation,/mnt/ubna_data_01_mir/recover-20220825/UBNA_002/20220823_033000.WAV,Telephone Field,recover-20220825,002,1795
589.7995,589.8055,32343,44940,Myotis daubentonii,0.01,0.024,-1,Echolocation,/mnt/ubna_data_01_mir/recover-20220825/UBNA_002/20220823_033000.WAV,Telephone Field,recover-20220825,002,1795
589.8005,589.8086,27187,39339,Eptesicus serotinus,0.009,0.027,-1,Echolocation,/mnt/ubna_data_01_mir/recover-20220825/UBNA_002/20220823_033000.WAV,Telephone Field,recover-20220825,002,1795
589.8435,589.8529,27187,38404,Eptesicus serotinus,0.01,0.027,-1,Echolocation,/mnt/ubna_data_01_mir/recover-20220825/UBNA_002/20220823_033000.WAV,Telephone Field,recover-20220825,002,1795
589.8855,589.9277,68437,82786,Rhinolophus ferrumequinum,0.026,0.026,-1,Echolocation,/mnt/ubna_data_01_mir/recover-20220825/UBNA_002/20220823_033000.WAV,Telephone Field,recover-20220825,002,1795
589.9335,589.942,28046,36104,Eptesicus serotinus,0.008,0.023,-1,Echolocation,/mnt/ubna_data_01_mir/recover-20220825/UBNA_002/20220823_033000.WAV,Telephone Field,recover-20220825,002,1795
590.0015,590.0108,52109,57061,Pipistrellus pygmaeus,0.016,0.023,-1,Echolocation,/mnt/ubna_data_01_mir/recover-20220825/UBNA_002/20220823_033000.WAV,Telephone Field,recover-20220825,002,1795
590.0015,590.0357,68437,79979,Rhinolophus ferrumequinum,0.032,0.032,-1,Echolocation,/mnt/ubna_data_01_mir/recover-20220825/UBNA_002/20220823_033000.WAV,Telephone Field,recover-20220825,002,1795
590.0015,590.011,22890,31003,Nyctalus leisleri,0.008,0.026,-1,Echolocation,/mnt/ubna_data_01_mir/recover-20220825/UBNA_002/20220823_033000.WAV,Telephone Field,recover-20220825,002,1795
590.0475,590.0547,56406,62707,Pipistrellus pygmaeus,0.022,0.023,-1,Echolocation,/mnt/ubna_data_01_mir/recover-20220825/UBNA_002/20220823_033000.WAV,Telephone Field,recover-20220825,002,1795
590.0525,590.0626,28906,36162,Eptesicus serotinus,0.012,0.026,-1,Echolocation,/mnt/ubna_data_01_mir/recover-20220825/UBNA_002/20220823_033000.WAV,Telephone Field,recover-20220825,002,1795
590.0615,590.0686,50390,57098,Pipistrellus pipistrellus,0.022,0.027,-1,Echolocation,/mnt/ubna_data_01_mir/recover-20220825/UBNA_002/20220823_033000.WAV,Telephone Field,recover-20220825,002,1795
590.0985000000001,590.1366,68437,82516,Rhinolophus ferrumequinum,0.024,0.024,-1,Echolocation,/mnt/ubna_data_01_mir/recover-20220825/UBNA_002/20220823_033000.WAV,Telephone Field,recover-20220825,002,1795
590.1235,590.1356,24609,31578,Eptesicus serotinus,0.013,0.031,-1,Echolocation,/mnt/ubna_data_01_mir/recover-20220825/UBNA_002/20220823_033000.WAV,Telephone Field,recover-20220825,002,1795
590.1455,590.1604,22031,26023,Nyctalus leisleri,0.016,0.027,-1,Echolocation,/mnt/ubna_data_01_mir/recover-20220825/UBNA_002/20220823_033000.WAV,Telephone Field,recover-20220825,002,1795
590.1585,590.169,37500,42105,Pipistrellus nathusii,0.019,0.034,-1,Echolocation,/mnt/ubna_data_01_mir/recover-20220825/UBNA_002/20220823_033000.WAV,Telephone Field,recover-20220825,002,1795
590.1615,590.1684,30625,41807,Myotis daubentonii,0.009,0.024,-1,Echolocation,/mnt/ubna_data_01_mir/recover-20220825/UBNA_002/20220823_033000.WAV,Telephone Field,recover-20220825,002,1795
590.1705,590.2092,68437,82417,Rhinolophus ferrumequinum,0.023,0.023,-1,Echolocation,/mnt/ubna_data_01_mir/recover-20220825/UBNA_002/20220823_033000.WAV,Telephone Field,recover-20220825,002,1795
590.2675,590.3042,68437,81851,Rhinolophus ferrumequinum,0.026,0.026,-1,Echolocation,/mnt/ubna_data_01_mir/recover-20220825/UBNA_002/20220823_033000.WAV,Telephone Field,recover-20220825,002,1795
590.2865,590.3278,68437,82933,Rhinolophus ferrumequinum,0.027,0.027,-1,Echolocation,/mnt/ubna_data_01_mir/recover-20220825/UBNA_002/20220823_033000.WAV,Telephone Field,recover-20220825,002,1795
590.3115,590.3222,42656,47583,Pipistrellus pipistrellus,0.016,0.024,-1,Echolocation,/mnt/ubna_data_01_mir/recover-20220825/UBNA_002/20220823_033000.WAV,Telephone Field,recover-20220825,002,1795
590.3315,590.3706999999999,68437,82751,Rhinolophus ferrumequinum,0.026,0.026,-1,Echolocation,/mnt/ubna_data_01_mir/recover-20220825/UBNA_002/20220823_033000.WAV,Telephone Field,recover-20220825,002,1795
590.3325,590.3436,22890,27969,Nyctalus leisleri,0.012,0.024,-1,Echolocation,/mnt/ubna_data_01_mir/recover-20220825/UBNA_002/20220823_033000.WAV,Telephone Field,recover-20220825,002,1795
590.3415,590.3521,23750,29505,Nyctalus leisleri,0.011,0.027,-1,Echolocation,/mnt/ubna_data_01_mir/recover-20220825/UBNA_002/20220823_033000.WAV,Telephone Field,recover-20220825,002,1795
590.4035,590.4453,68437,83103,Rhinolophus ferrumequinum,0.032,0.032,-1,Echolocation,/mnt/ubna_data_01_mir/recover-20220825/UBNA_002/20220823_033000.WAV,Telephone Field,recover-20220825,002,1795
590.4235,590.4316,28046,37074,Eptesicus serotinus,0.009,0.027,-1,Echolocation,/mnt/ubna_data_01_mir/recover-20220825/UBNA_002/20220823_033000.WAV,Telephone Field,recover-20220825,002,1795
590.4785,590.4967,16875,21594,Nyctalus noctula,0.018,0.025,-1,Echolocation,/mnt/ubna_data_01_mir/recover-20220825/UBNA_002/20220823_033000.WAV,Telephone Field,recover-20220825,002,1795
590.5345,590.5404,38359,54533,Myotis brandtii,0.008,0.024,-1,Echolocation,/mnt/ubna_data_01_mir/recover-20220825/UBNA_002/20220823_033000.WAV,Telephone Field,recover-20220825,002,1795
590.5535,590.5884,68437,81184,Rhinolophus ferrumequinum,0.023,0.023,-1,Echolocation,/mnt/ubna_data_01_mir/recover-20220825/UBNA_002/20220823_033000.WAV,Telephone Field,recover-20220825,002,1795
590.6025,590.6096,26328,38171,Eptesicus serotinus,0.007,0.022,-1,Echolocation,/mnt/ubna_data_01_mir/recover-20220825/UBNA_002/20220823_033000.WAV,Telephone Field,recover-20220825,002,1795
590.6085,590.6484,68437,82438,Rhinolophus ferrumequinum,0.022,0.022,-1,Echolocation,/mnt/ubna_data_01_mir/recover-20220825/UBNA_002/20220823_033000.WAV,Telephone Field,recover-20220825,002,1795
590.7035,590.7088,38359,55383,Myotis brandtii,0.008,0.025,-1,Echolocation,/mnt/ubna_data_01_mir/recover-20220825/UBNA_002/20220823_033000.WAV,Telephone Field,recover-20220825,002,1795
590.7165,590.7524,68437,80781,Rhinolophus ferrumequinum,0.022,0.022,-1,Echolocation,/mnt/ubna_data_01_mir/recover-20220825/UBNA_002/20220823_033000.WAV,Telephone Field,recover-20220825,002,1795
590.7245,590.7323,28046,38942,Eptesicus serotinus,0.008,0.024,-1,Echolocation,/mnt/ubna_data_01_mir/recover-20220825/UBNA_002/20220823_033000.WAV,Telephone Field,recover-20220825,002,1795
590.7485,590.7559,28046,39779,Eptesicus serotinus,0.007,0.025,-1,Echolocation,/mnt/ubna_data_01_mir/recover-20220825/UBNA_002/20220823_033000.WAV,Telephone Field,recover-20220825,002,1795
590.7815,590.7891,27187,42159,Eptesicus serotinus,0.007,0.024,-1,Echolocation,/mnt/ubna_data_01_mir/recover-20220825/UBNA_002/20220823_033000.WAV,Telephone Field,recover-20220825,002,1795
590.7925,590.8291,68437,82142,Rhinolophus ferrumequinum,0.023,0.023,-1,Echolocation,/mnt/ubna_data_01_mir/recover-20220825/UBNA_002/20220823_033000.WAV,Telephone Field,recover-20220825,002,1795
590.8215,590.8588,68437,81397,Rhinolophus ferrumequinum,0.025,0.025,-1,Echolocation,/mnt/ubna_data_01_mir/recover-20220825/UBNA_002/20220823_033000.WAV,Telephone Field,recover-20220825,002,1795
590.8265,590.8361,28046,36151,Eptesicus serotinus,0.01,0.024,-1,Echolocation,/mnt/ubna_data_01_mir/recover-20220825/UBNA_002/20220823_033000.WAV,Telephone Field,recover-20220825,002,1795
590.8975,590.9066,28906,37997,Eptesicus serotinus,0.009,0.025,-1,Echolocation,/mnt/ubna_data_01_mir/recover-20220825/UBNA_002/20220823_033000.WAV,Telephone Field,recover-20220825,002,1795
590.9665,591.0074,68437,82873,Rhinolophus ferrumequinum,0.026,0.026,-1,Echolocation,/mnt/ubna_data_01_mir/recover-20220825/UBNA_002/20220823_033000.WAV,Telephone Field,recover-20220825,002,1795
591.0055,591.0453,68437,81810,Rhinolophus ferrumequinum,0.024,0.024,-1,Echolocation,/mnt/ubna_data_01_mir/recover-20220825/UBNA_002/20220823_033000.WAV,Telephone Field,recover-20220825,002,1795
591.0125,591.0205,28046,37772,Eptesicus serotinus,0.009,0.028,-1,Echolocation,/mnt/ubna_data_01_mir/recover-20220825/UBNA_002/20220823_033000.WAV,Telephone Field,recover-20220825,002,1795
591.0525,591.0892,68437,82009,Rhinolophus ferrumequinum,0.024,0.024,-1,Echolocation,/mnt/ubna_data_01_mir/recover-20220825/UBNA_002/20220823_033000.WAV,Telephone Field,recover-20220825,002,1795
591.0645,591.1047,68437,82059,Rhinolophus ferrumequinum,0.022,0.022,-1,Echolocation,/mnt/ubna_data_01_mir/recover-20220825/UBNA_002/20220823_033000.WAV,Telephone Field,recover-20220825,002,1795
591.0715,591.1112,68437,82405,Rhinolophus ferrumequinum,0.025,0.025,-1,Echolocation,/mnt/ubna_data_01_mir/recover-20220825/UBNA_002/20220823_033000.WAV,Telephone Field,recover-20220825,002,1795
591.0725,591.0806,27187,38614,Eptesicus serotinus,0.008,0.023,-1,Echolocation,/mnt/ubna_data_01_mir/recover-20220825/UBNA_002/20220823_033000.WAV,Telephone Field,recover-20220825,002,1795
591.0835,591.0904,27187,38117,Eptesicus serotinus,0.007,0.025,-1,Echolocation,/mnt/ubna_data_01_mir/recover-20220825/UBNA_002/20220823_033000.WAV,Telephone Field,recover-20220825,002,1795
591.1295,591.1394,22031,28390,Plecotus austriacus,0.01,0.028,-1,Echolocation,/mnt/ubna_data_01_mir/recover-20220825/UBNA_002/20220823_033000.WAV,Telephone Field,recover-20220825,002,1795
591.1485,591.1586,23750,30516,Nyctalus leisleri,0.007,0.023,-1,Echolocation,/mnt/ubna_data_01_mir/recover-20220825/UBNA_002/20220823_033000.WAV,Telephone Field,recover-20220825,002,1795
591.1555,591.1665,23750,29891,Nyctalus leisleri,0.01,0.025,-1,Echolocation,/mnt/ubna_data_01_mir/recover-20220825/UBNA_002/20220823_033000.WAV,Telephone Field,recover-20220825,002,1795
591.1675,591.1768,27187,35422,Eptesicus serotinus,0.01,0.023,-1,Echolocation,/mnt/ubna_data_01_mir/recover-20220825/UBNA_002/20220823_033000.WAV,Telephone Field,recover-20220825,002,1795
591.1965,591.203,29765,40144,Myotis daubentonii,0.014,0.036,-1,Echolocation,/mnt/ubna_data_01_mir/recover-20220825/UBNA_002/20220823_033000.WAV,Telephone Field,recover-20220825,002,1795
591.2315,591.2385,27187,40456,Eptesicus serotinus,0.009,0.028,-1,Echolocation,/mnt/ubna_data_01_mir/recover-20220825/UBNA_002/20220823_033000.WAV,Telephone Field,recover-20220825,002,1795
591.2365,591.2464,40078,45022,Pipistrellus nathusii,0.191,0.222,-1,Echolocation,/mnt/ubna_data_01_mir/recover-20220825/UBNA_002/20220823_033000.WAV,Telephone Field,recover-20220825,002,1795
591.2665,591.2764,22031,27525,Nyctalus leisleri,0.009,0.024,-1,Echolocation,/mnt/ubna_data_01_mir/recover-20220825/UBNA_002/20220823_033000.WAV,Telephone Field,recover-20220825,002,1795
591.2855,591.3242,68437,82583,Rhinolophus ferrumequinum,0.025,0.025,-1,Echolocation,/mnt/ubna_data_01_mir/recover-20220825/UBNA_002/20220823_033000.WAV,Telephone Field,recover-20220825,002,1795
591.2945,591.335,68437,82621,Rhinolophus ferrumequinum,0.026,0.026,-1,Echolocation,/mnt/ubna_data_01_mir/recover-20220825/UBNA_002/20220823_033000.WAV,Telephone Field,recover-20220825,002,1795
591.3015,591.3413,68437,81601,Rhinolophus ferrumequinum,0.023,0.023,-1,Echolocation,/mnt/ubna_data_01_mir/recover-20220825/UBNA_002/20220823_033000.WAV,Telephone Field,recover-20220825,002,1795
591.3115,591.3177,47812,51721,Pipistrellus pipistrellus,0.025,0.027,-1,Echolocation,/mnt/ubna_data_01_mir/recover-20220825/UBNA_002/20220823_033000.WAV,Telephone Field,recover-20220825,002,1795
591.3295,591.3418,43515,47012,Pipistrellus pipistrellus,0.044,0.063,-1,Echolocation,/mnt/ubna_data_01_mir/recover-20220825/UBNA_002/20220823_033000.WAV,Telephone Field,recover-20220825,002,1795
591.3595,591.3665,27187,39083,Eptesicus serotinus,0.007,0.025,-1,Echolocation,/mnt/ubna_data_01_mir/recover-20220825/UBNA_002/20220823_033000.WAV,Telephone Field,recover-20220825,002,1795
591.3765,591.3856,27187,35970,Eptesicus serotinus,0.01,0.025,-1,Echolocation,/mnt/ubna_data_01_mir/recover-20220825/UBNA_002/20220823_033000.WAV,Telephone Field,recover-20220825,002,1795
591.4405,591.4616,19453,22189,Nyctalus noctula,0.011,0.023,-1,Echolocation,/mnt/ubna_data_01_mir/recover-20220825/UBNA_002/20220823_033000.WAV,Telephone Field,recover-20220825,002,1795
591.4585,591.4987,68437,82174,Rhinolophus ferrumequinum,0.026,0.026,-1,Echolocation,/mnt/ubna_data_01_mir/recover-20220825/UBNA_002/20220823_033000.WAV,Telephone Field,recover-20220825,002,1795
591.4805,591.4883,30625,39112,Myotis daubentonii,0.009,0.033,-1,Echolocation,/mnt/ubna_data_01_mir/recover-20220825/UBNA_002/20220823_033000.WAV,Telephone Field,recover-20220825,002,1795
591.4925,591.5327,68437,82197,Rhinolophus ferrumequinum,0.023,0.023,-1,Echolocation,/mnt/ubna_data_01_mir/recover-20220825/UBNA_002/20220823_033000.WAV,Telephone Field,recover-20220825,002,1795
591.4975,591.5054,40937,48161,Pipistrellus nathusii,0.194,0.309,-1,Echolocation,/mnt/ubna_data_01_mir/recover-20220825/UBNA_002/20220823_033000.WAV,Telephone Field,recover-20220825,002,1795
591.5525,591.5899,68437,81736,Rhinolophus ferrumequinum,0.023,0.023,-1,Echolocation,/mnt/ubna_data_01_mir/recover-20220825/UBNA_002/20220823_033000.WAV,Telephone Field,recover-20220825,002,1795
591.5545,591.567,40078,43940,Pipistrellus nathusii,0.037,0.045,-1,Echolocation,/mnt/ubna_data_01_mir/recover-20220825/UBNA_002/20220823_033000.WAV,Telephone Field,recover-20220825,002,1795
591.5855,591.5919,40937,51651,Pipistrellus nathusii,0.203,0.309,-1,Echolocation,/mnt/ubna_data_01_mir/recover-20220825/UBNA_002/20220823_033000.WAV,Telephone Field,recover-20220825,002,1795
591.5925,591.6062,20312,25602,Nyctalus noctula,0.01,0.026,-1,Echolocation,/mnt/ubna_data_01_mir/recover-20220825/UBNA_002/20220823_033000.WAV,Telephone Field,recover-20220825,002,1795
591.6135,591.6236,25468,33342,Eptesicus serotinus,0.012,0.028,-1,Echolocation,/mnt/ubna_data_01_mir/recover-20220825/UBNA_002/20220823_033000.WAV,Telephone Field,recover-20220825,002,1795
591.6525,591.6941,68437,82884,Rhinolophus ferrumequinum,0.026,0.026,-1,Echolocation,/mnt/ubna_data_01_mir/recover-20220825/UBNA_002/20220823_033000.WAV,Telephone Field,recover-20220825,002,1795
591.6565,591.664,27187,42492,Eptesicus serotinus,0.007,0.022,-1,Echolocation,/mnt/ubna_data_01_mir/recover-20220825/UBNA_002/20220823_033000.WAV,Telephone Field,recover-20220825,002,1795
591.6775,591.6839,41796,48076,Pipistrellus nathusii,0.393,0.476,-1,Echolocation,/mnt/ubna_data_01_mir/recover-20220825/UBNA_002/20220823_033000.WAV,Telephone Field,recover-20220825,002,1795
591.6795,591.7211,68437,82576,Rhinolophus ferrumequinum,0.026,0.026,-1,Echolocation,/mnt/ubna_data_01_mir/recover-20220825/UBNA_002/20220823_033000.WAV,Telephone Field,recover-20220825,002,1795
591.7095,591.7485,68437,81420,Rhinolophus ferrumequinum,0.022,0.022,-1,Echolocation,/mnt/ubna_data_01_mir/recover-20220825/UBNA_002/20220823_033000.WAV,Telephone Field,recover-20220825,002,1795
591.7425,591.7534,23750,30491,Nyctalus leisleri,0.013,0.031,-1,Echolocation,/mnt/ubna_data_01_mir/recover-20220825/UBNA_002/20220823_033000.WAV,Telephone Field,recover-20220825,002,1795
591.7615,591.8025,68437,82662,Rhinolophus ferrumequinum,0.026,0.026,-1,Echolocation,/mnt/ubna_data_01_mir/recover-20220825/UBNA_002/20220823_033000.WAV,Telephone Field,recover-20220825,002,1795
591.7725,591.7795,40937,47736,Pipistrellus nathusii,0.246,0.392,-1,Echolocation,/mnt/ubna_data_01_mir/recover-20220825/UBNA_002/20220823_033000.WAV,Telephone Field,recover-20220825,002,1795
591.7735,591.7805,25468,36833,Eptesicus serotinus,0.007,0.025,-1,Echolocation,/mnt/ubna_data_01_mir/recover-20220825/UBNA_002/20220823_033000.WAV,Telephone Field,recover-20220825,002,1795
591.8025,591.8106,27187,38338,Eptesicus serotinus,0.008,0.023,-1,Echolocation,/mnt/ubna_data_01_mir/recover-20220825/UBNA_002/20220823_033000.WAV,Telephone Field,recover-20220825,002,1795
591.8155,591.8545,68437,82177,Rhinolophus ferrumequinum,0.025,0.025,-1,Echolocation,/mnt/ubna_data_01_mir/recover-20220825/UBNA_002/20220823_033000.WAV,Telephone Field,recover-20220825,002,1795
591.8205,591.8285,28046,38568,Eptesicus serotinus,0.008,0.025,-1,Echolocation,/mnt/ubna_data_01_mir/recover-20220825/UBNA_002/20220823_033000.WAV,Telephone Field,recover-20220825,002,1795
591.8565,591.8992,68437,83258,Rhinolophus ferrumequinum,0.032,0.032,-1,Echolocation,/mnt/ubna_data_01_mir/recover-20220825/UBNA_002/20220823_033000.WAV,Telephone Field,recover-20220825,002,1795
591.8615,591.8681,40937,47693,Pipistrellus nathusii,0.461,0.513,-1,Echolocation,/mnt/ubna_data_01_mir/recover-20220825/UBNA_002/20220823_033000.WAV,Telephone Field,recover-20220825,002,1795
591.9075,591.9461,68437,81990,Rhinolophus ferrumequinum,0.024,0.024,-1,Echolocation,/mnt/ubna_data_01_mir/recover-20220825/UBNA_002/20220823_033000.WAV,Telephone Field,recover-20220825,002,1795
591.9505,591.9586,41796,47455,Pipistrellus nathusii,0.221,0.309,-1,Echolocation,/mnt/ubna_data_01_mir/recover-20220825/UBNA_002/20220823_033000.WAV,Telephone Field,recover-20220825,002,1795
591.9865,591.9961,26328,36333,Eptesicus serotinus,0.01,0.025,-1,Echolocation,/mnt/ubna_data_01_mir/recover-20220825/UBNA_002/20220823_033000.WAV,Telephone Field,recover-20220825,002,1795
592.0015,592.032,68437,79767,Rhinolophus ferrumequinum,0.028,0.029,-1,Echolocation,/mnt/ubna_data_01_mir/recover-20220825/UBNA_002/20220823_033000.WAV,Telephone Field,recover-20220825,002,1795
592.0015,592.0109,36640,44981,Pipistrellus nathusii,0.011,0.024,-1,Echolocation,/mnt/ubna_data_01_mir/recover-20220825/UBNA_002/20220823_033000.WAV,Telephone Field,recover-20220825,002,1795
592.0015,592.0128,20312,26424,Nyctalus leisleri,0.013,0.035,-1,Echolocation,/mnt/ubna_data_01_mir/recover-20220825/UBNA_002/20220823_033000.WAV,Telephone Field,recover-20220825,002,1795
592.0465,592.0524,40937,51381,Pipistrellus nathusii,0.293,0.476,-1,Echolocation,/mnt/ubna_data_01_mir/recover-20220825/UBNA_002/20220823_033000.WAV,Telephone Field,recover-20220825,002,1795
592.0605,592.0698,27187,34294,Eptesicus serotinus,0.01,0.025,-1,Echolocation,/mnt/ubna_data_01_mir/recover-20220825/UBNA_002/20220823_033000.WAV,Telephone Field,recover-20220825,002,1795
592.0935,592.1133,18593,21761,Nyctalus noctula,0.023,0.038,-1,Echolocation,/mnt/ubna_data_01_mir/recover-20220825/UBNA_002/20220823_033000.WAV,Telephone Field,recover-20220825,002,1795
592.1165,592.1233,40937,48459,Barbastellus barbastellus,0.132,0.31,-1,Echolocation,/mnt/ubna_data_01_mir/recover-20220825/UBNA_002/20220823_033000.WAV,Telephone Field,recover-20220825,002,1795
592.1765,592.1869,39218,45752,Pipistrellus nathusii,0.014,0.024,-1,Echolocation,/mnt/ubna_data_01_mir/recover-20220825/UBNA_002/20220823_033000.WAV,Telephone Field,recover-20220825,002,1795
592.2175,592.2242,40078,50025,Pipistrellus nathusii,0.354,0.531,-1,Echolocation,/mnt/ubna_data_01_mir/recover-20220825/UBNA_002/20220823_033000.WAV,Telephone Field,recover-20220825,002,1795
592.3085,592.3158,40937,49270,Pipistrellus nathusii,0.214,0.412,-1,Echolocation,/mnt/ubna_data_01_mir/recover-20220825/UBNA_002/20220823_033000.WAV,Telephone Field,recover-20220825,002,1795
592.3105,592.3169,28046,45556,Barbastellus barbastellus,0.018,0.05,-1,Echolocation,/mnt/ubna_data_01_mir/recover-20220825/UBNA_002/20220823_033000.WAV,Telephone Field,recover-20220825,002,1795
592.3405,592.3474,51250,58755,Pipistrellus pipistrellus,0.019,0.026,-1,Echolocation,/mnt/ubna_data_01_mir/recover-20220825/UBNA_002/20220823_033000.WAV,Telephone Field,recover-20220825,002,1795
592.3595,592.374,22031,26543,Nyctalus leisleri,0.011,0.023,-1,Echolocation,/mnt/ubna_data_01_mir/recover-20220825/UBNA_002/20220823_033000.WAV,Telephone Field,recover-20220825,002,1795
592.4075,592.4148,40078,50717,Pipistrellus nathusii,0.23,0.449,-1,Echolocation,/mnt/ubna_data_01_mir/recover-20220825/UBNA_002/20220823_033000.WAV,Telephone Field,recover-20220825,002,1795
592.4435,592.4809,68437,81987,Rhinolophus ferrumequinum,0.023,0.023,-1,Echolocation,/mnt/ubna_data_01_mir/recover-20220825/UBNA_002/20220823_033000.WAV,Telephone Field,recover-20220825,002,1795
592.5065,592.5129,28046,40887,Myotis daubentonii,0.011,0.026,-1,Echolocation,/mnt/ubna_data_01_mir/recover-20220825/UBNA_002/20220823_033000.WAV,Telephone Field,recover-20220825,002,1795
592.5075,592.5135,40937,49247,Pipistrellus nathusii,0.461,0.537,-1,Echolocation,/mnt/ubna_data_01_mir/recover-20220825/UBNA_002/20220823_033000.WAV,Telephone Field,recover-20220825,002,1795
592.5535,592.5592,35781,55155,Myotis brandtii,0.012,0.025,-1,Echolocation,/mnt/ubna_data_01_mir/recover-20220825/UBNA_002/20220823_033000.WAV,Telephone Field,recover-20220825,002,1795
592.5975,592.6042,41796,48407,Pipistrellus nathusii,0.425,0.477,-1,Echolocation,/mnt/ubna_data_01_mir/recover-20220825/UBNA_002/20220823_033000.WAV,Telephone Field,recover-20220825,002,1795
592.6365,592.6492,33203,37999,Pipistrellus nathusii,0.041,0.058,-1,Echolocation,/mnt/ubna_data_01_mir/recover-20220825/UBNA_002/20220823_033000.WAV,Telephone Field,recover-20220825,002,1795
592.6645,592.7027,68437,82349,Rhinolophus ferrumequinum,0.024,0.024,-1,Echolocation,/mnt/ubna_data_01_mir/recover-20220825/UBNA_002/20220823_033000.WAV,Telephone Field,recover-20220825,002,1795
592.6935,592.701,41796,52513,Pipistrellus nathusii,0.031,0.068,-1,Echolocation,/mnt/ubna_data_01_mir/recover-20220825/UBNA_002/20220823_033000.WAV,Telephone Field,recover-20220825,002,1795
592.6955,592.7016,28906,51647,Myotis daubentonii,0.011,0.026,-1,Echolocation,/mnt/ubna_data_01_mir/recover-20220825/UBNA_002/20220823_033000.WAV,Telephone Field,recover-20220825,002,1795
592.7425,592.7783,68437,82152,Rhinolophus ferrumequinum,0.026,0.026,-1,Echolocation,/mnt/ubna_data_01_mir/recover-20220825/UBNA_002/20220823_033000.WAV,Telephone Field,recover-20220825,002,1795
592.7665,592.7842,20312,23336,Nyctalus leisleri,0.017,0.029,-1,Echolocation,/mnt/ubna_data_01_mir/recover-20220825/UBNA_002/20220823_033000.WAV,Telephone Field,recover-20220825,002,1795
592.7835,592.793,42656,48166,Pipistrellus nathusii,0.028,0.042,-1,Echolocation,/mnt/ubna_data_01_mir/recover-20220825/UBNA_002/20220823_033000.WAV,Telephone Field,recover-20220825,002,1795
592.7905,592.8297,68437,82306,Rhinolophus ferrumequinum,0.024,0.024,-1,Echolocation,/mnt/ubna_data_01_mir/recover-20220825/UBNA_002/20220823_033000.WAV,Telephone Field,recover-20220825,002,1795
592.8305,592.8668,68437,82027,Rhinolophus ferrumequinum,0.023,0.023,-1,Echolocation,/mnt/ubna_data_01_mir/recover-20220825/UBNA_002/20220823_033000.WAV,Telephone Field,recover-20220825,002,1795
592.8555,592.8626,27187,37061,Eptesicus serotinus,0.009,0.024,-1,Echolocation,/mnt/ubna_data_01_mir/recover-20220825/UBNA_002/20220823_033000.WAV,Telephone Field,recover-20220825,002,1795
592.8685,592.8801,40937,45836,Pipistrellus nathusii,0.139,0.154,-1,Echolocation,/mnt/ubna_data_01_mir/recover-20220825/UBNA_002/20220823_033000.WAV,Telephone Field,recover-20220825,002,1795
592.9315,592.9726,68437,82963,Rhinolophus ferrumequinum,0.029,0.029,-1,Echolocation,/mnt/ubna_data_01_mir/recover-20220825/UBNA_002/20220823_033000.WAV,Telephone Field,recover-20220825,002,1795
592.9535,592.9661,24609,30699,Eptesicus serotinus,0.014,0.031,-1,Echolocation,/mnt/ubna_data_01_mir/recover-20220825/UBNA_002/20220823_033000.WAV,Telephone Field,recover-20220825,002,1795
592.9555,592.9969,68437,82896,Rhinolophus ferrumequinum,0.039,0.039,-1,Echolocation,/mnt/ubna_data_01_mir/recover-20220825/UBNA_002/20220823_033000.WAV,Telephone Field,recover-20220825,002,1795
592.9745,592.9834,26328,35767,Eptesicus serotinus,0.013,0.028,-1,Echolocation,/mnt/ubna_data_01_mir/recover-20220825/UBNA_002/20220823_033000.WAV,Telephone Field,recover-20220825,002,1795
593.0045,593.0119,28906,42876,Myotis daubentonii,0.008,0.025,-1,Echolocation,/mnt/ubna_data_01_mir/recover-20220825/UBNA_002/20220823_033000.WAV,Telephone Field,recover-20220825,002,1795
593.0125,593.0229,34062,39529,Pipistrellus nathusii,0.027,0.054,-1,Echolocation,/mnt/ubna_data_01_mir/recover-20220825/UBNA_002/20220823_033000.WAV,Telephone Field,recover-20220825,002,1795
593.0325,593.0412,42656,50624,Pipistrellus nathusii,0.16,0.186,-1,Echolocation,/mnt/ubna_data_01_mir/recover-20220825/UBNA_002/20220823_033000.WAV,Telephone Field,recover-20220825,002,1795
593.0455,593.0553,27187,33850,Eptesicus serotinus,0.017,0.032,-1,Echolocation,/mnt/ubna_data_01_mir/recover-20220825/UBNA_002/20220823_033000.WAV,Telephone Field,recover-20220825,002,1795
593.0795,593.0894,28046,35485,Eptesicus serotinus,0.011,0.023,-1,Echolocation,/mnt/ubna_data_01_mir/recover-20220825/UBNA_002/20220823_033000.WAV,Telephone Field,recover-20220825,002,1795
593.0875,593.0956,27187,36675,Eptesicus serotinus,0.008,0.024,-1,Echolocation,/mnt/ubna_data_01_mir/recover-20220825/UBNA_002/20220823_033000.WAV,Telephone Field,recover-20220825,002,1795
593.1305,593.1384,43515,50544,Pipistrellus nathusii,0.039,0.055,-1,Echolocation,/mnt/ubna_data_01_mir/recover-20220825/UBNA_002/20220823_033000.WAV,Telephone Field,recover-20220825,002,1795
593.1385,593.1794,68437,82904,Rhinolophus ferrumequinum,0.027,0.027,-1,Echolocation,/mnt/ubna_data_01_mir/recover-20220825/UBNA_002/20220823_033000.WAV,Telephone Field,recover-20220825,002,1795
593.1555,593.1624,26328,40925,Eptesicus serotinus,0.009,0.028,-1,Echolocation,/mnt/ubna_data_01_mir/recover-20220825/UBNA_002/20220823_033000.WAV,Telephone Field,recover-20220825,002,1795
593.1825,593.2231,68437,82636,Rhinolophus ferrumequinum,0.025,0.025,-1,Echolocation,/mnt/ubna_data_01_mir/recover-20220825/UBNA_002/20220823_033000.WAV,Telephone Field,recover-20220825,002,1795
593.1885,593.227,68437,81963,Rhinolophus ferrumequinum,0.024,0.024,-1,Echolocation,/mnt/ubna_data_01_mir/recover-20220825/UBNA_002/20220823_033000.WAV,Telephone Field,recover-20220825,002,1795
593.2185,593.2245,40078,50128,Pipistrellus nathusii,0.282,0.429,-1,Echolocation,/mnt/ubna_data_01_mir/recover-20220825/UBNA_002/20220823_033000.WAV,Telephone Field,recover-20220825,002,1795
593.2315,593.2405,26328,38032,Eptesicus serotinus,0.012,0.03,-1,Echolocation,/mnt/ubna_data_01_mir/recover-20220825/UBNA_002/20220823_033000.WAV,Telephone Field,recover-20220825,002,1795
593.2345,593.2404,34921,56073,Myotis brandtii,0.013,0.025,-1,Echolocation,/mnt/ubna_data_01_mir/recover-20220825/UBNA_002/20220823_033000.WAV,Telephone Field,recover-20220825,002,1795
593.2705,593.2801,47812,51295,Pipistrellus pipistrellus,0.021,0.027,-1,Echolocation,/mnt/ubna_data_01_mir/recover-20220825/UBNA_002/20220823_033000.WAV,Telephone Field,recover-20220825,002,1795
593.2735,593.2843,27187,35195,Eptesicus serotinus,0.021,0.036,-1,Echolocation,/mnt/ubna_data_01_mir/recover-20220825/UBNA_002/20220823_033000.WAV,Telephone Field,recover-20220825,002,1795
593.2905,593.3349,68437,83303,Rhinolophus ferrumequinum,0.042,0.042,-1,Echolocation,/mnt/ubna_data_01_mir/recover-20220825/UBNA_002/20220823_033000.WAV,Telephone Field,recover-20220825,002,1795
593.3095,593.318,42656,47243,Pipistrellus nathusii,0.032,0.046,-1,Echolocation,/mnt/ubna_data_01_mir/recover-20220825/UBNA_002/20220823_033000.WAV,Telephone Field,recover-20220825,002,1795
593.3295,593.3372,38359,45840,Pipistrellus nathusii,0.02,0.035,-1,Echolocation,/mnt/ubna_data_01_mir/recover-20220825/UBNA_002/20220823_033000.WAV,Telephone Field,recover-20220825,002,1795
593.3415,593.3827,68437,82718,Rhinolophus ferrumequinum,0.026,0.026,-1,Echolocation,/mnt/ubna_data_01_mir/recover-20220825/UBNA_002/20220823_033000.WAV,Telephone Field,recover-20220825,002,1795
593.3475,593.3546,26328,39498,Eptesicus serotinus,0.009,0.028,-1,Echolocation,/mnt/ubna_data_01_mir/recover-20220825/UBNA_002/20220823_033000.WAV,Telephone Field,recover-20220825,002,1795
593.3625,593.3719,26328,36755,Eptesicus serotinus,0.014,0.029,-1,Echolocation,/mnt/ubna_data_01_mir/recover-20220825/UBNA_002/20220823_033000.WAV,Telephone Field,recover-20220825,002,1795
593.3785,593.3898,26328,31972,Eptesicus serotinus,0.016,0.032,-1,Echolocation,/mnt/ubna_data_01_mir/recover-20220825/UBNA_002/20220823_033000.WAV,Telephone Field,recover-20220825,002,1795
593.4005,593.407,40937,51668,Pipistrellus nathusii,0.411,0.514,-1,Echolocation,/mnt/ubna_data_01_mir/recover-20220825/UBNA_002/20220823_033000.WAV,Telephone Field,recover-20220825,002,1795
593.4014999999999,593.4408,68437,82005,Rhinolophus ferrumequinum,0.028,0.028,-1,Echolocation,/mnt/ubna_data_01_mir/recover-20220825/UBNA_002/20220823_033000.WAV,Telephone Field,recover-20220825,002,1795
593.4115,593.4219,27187,33005,Eptesicus serotinus,0.01,0.026,-1,Echolocation,/mnt/ubna_data_01_mir/recover-20220825/UBNA_002/20220823_033000.WAV,Telephone Field,recover-20220825,002,1795
593.4475,593.458,24609,30574,Nyctalus leisleri,0.009,0.025,-1,Echolocation,/mnt/ubna_data_01_mir/recover-20220825/UBNA_002/20220823_033000.WAV,Telephone Field,recover-20220825,002,1795
593.4565,593.4643,35781,47035,Pipistrellus nathusii,0.009,0.028,-1,Echolocation,/mnt/ubna_data_01_mir/recover-20220825/UBNA_002/20220823_033000.WAV,Telephone Field,recover-20220825,002,1795
593.4945,593.5316,68437,81976,Rhinolophus ferrumequinum,0.024,0.024,-1,Echolocation,/mnt/ubna_data_01_mir/recover-20220825/UBNA_002/20220823_033000.WAV,Telephone Field,recover-20220825,002,1795
593.4965,593.5133,18593,23816,Nyctalus noctula,0.014,0.024,-1,Echolocation,/mnt/ubna_data_01_mir/recover-20220825/UBNA_002/20220823_033000.WAV,Telephone Field,recover-20220825,002,1795
593.5025,593.5082,39218,47974,Pipistrellus nathusii,0.213,0.386,-1,Echolocation,/mnt/ubna_data_01_mir/recover-20220825/UBNA_002/20220823_033000.WAV,Telephone Field,recover-20220825,002,1795
593.5705,593.6095,68437,82638,Rhinolophus ferrumequinum,0.023,0.023,-1,Echolocation,/mnt/ubna_data_01_mir/recover-20220825/UBNA_002/20220823_033000.WAV,Telephone Field,recover-20220825,002,1795
593.5725,593.581,40937,50768,Pipistrellus nathusii,0.009,0.024,-1,Echolocation,/mnt/ubna_data_01_mir/recover-20220825/UBNA_002/20220823_033000.WAV,Telephone Field,recover-20220825,002,1795
593.5895,593.5954,36640,49372,Pipistrellus nathusii,0.263,0.444,-1,Echolocation,/mnt/ubna_data_01_mir/recover-20220825/UBNA_002/20220823_033000.WAV,Telephone Field,recover-20220825,002,1795
593.6835,593.6892,39218,47474,Pipistrellus nathusii,0.224,0.46,-1,Echolocation,/mnt/ubna_data_01_mir/recover-20220825/UBNA_002/20220823_033000.WAV,Telephone Field,recover-20220825,002,1795
593.7015,593.717,21171,24261,Nyctalus leisleri,0.016,0.026,-1,Echolocation,/mnt/ubna_data_01_mir/recover-20220825/UBNA_002/20220823_033000.WAV,Telephone Field,recover-20220825,002,1795
593.7125,593.7219,26328,35322,Eptesicus serotinus,0.011,0.026,-1,Echolocation,/mnt/ubna_data_01_mir/recover-20220825/UBNA_002/20220823_033000.WAV,Telephone Field,recover-20220825,002,1795
593.7425,593.7498,30625,37576,Barbastellus barbastellus,0.037,0.053,-1,Echolocation,/mnt/ubna_data_01_mir/recover-20220825/UBNA_002/20220823_033000.WAV,Telephone Field,recover-20220825,002,1795
593.7655,593.7719,39218,47999,Pipistrellus nathusii,0.347,0.507,-1,Echolocation,/mnt/ubna_data_01_mir/recover-20220825/UBNA_002/20220823_033000.WAV,Telephone Field,recover-20220825,002,1795
593.8025,593.8097,34062,40601,Barbastellus barbastellus,0.015,0.026,-1,Echolocation,/mnt/ubna_data_01_mir/recover-20220825/UBNA_002/20220823_033000.WAV,Telephone Field,recover-20220825,002,1795
593.8305,593.8386,54687,64875,Pipistrellus pygmaeus,0.024,0.025,-1,Echolocation,/mnt/ubna_data_01_mir/recover-20220825/UBNA_002/20220823_033000.WAV,Telephone Field,recover-20220825,002,1795
593.8535,593.8721,22031,25577,Nyctalus leisleri,0.013,0.024,-1,Echolocation,/mnt/ubna_data_01_mir/recover-20220825/UBNA_002/20220823_033000.WAV,Telephone Field,recover-20220825,002,1795
593.8625,593.8684,37500,47102,Barbastellus barbastellus,0.175,0.209,-1,Echolocation,/mnt/ubna_data_01_mir/recover-20220825/UBNA_002/20220823_033000.WAV,Telephone Field,recover-20220825,002,1795
593.9385,593.9775,68437,81442,Rhinolophus ferrumequinum,0.023,0.023,-1,Echolocation,/mnt/ubna_data_01_mir/recover-20220825/UBNA_002/20220823_033000.WAV,Telephone Field,recover-20220825,002,1795
593.9645,593.9712,31484,39796,Barbastellus barbastellus,0.023,0.04,-1,Echolocation,/mnt/ubna_data_01_mir/recover-20220825/UBNA_002/20220823_033000.WAV,Telephone Field,recover-20220825,002,1795
594.0015,594.0079,38359,54769,Myotis daubentonii,0.006,0.022,-1,Echolocation,/mnt/ubna_data_01_mir/recover-20220825/UBNA_002/20220823_033000.WAV,Telephone Field,recover-20220825,002,1795
594.0015,594.0346,68437,79779,Rhinolophus ferrumequinum,0.031,0.031,-1,Echolocation,/mnt/ubna_data_01_mir/recover-20220825/UBNA_002/20220823_033000.WAV,Telephone Field,recover-20220825,002,1795
594.0015,594.0128,17734,22751,Nyctalus noctula,0.009,0.025,-1,Echolocation,/mnt/ubna_data_01_mir/recover-20220825/UBNA_002/20220823_033000.WAV,Telephone Field,recover-20220825,002,1795
594.0015,594.0093,25468,36843,Nyctalus leisleri,0.004,0.021,-1,Echolocation,/mnt/ubna_data_01_mir/recover-20220825/UBNA_002/20220823_033000.WAV,Telephone Field,recover-20220825,002,1795
594.0165,594.0258,28046,37407,Eptesicus serotinus,0.009,0.022,-1,Echolocation,/mnt/ubna_data_01_mir/recover-20220825/UBNA_002/20220823_033000.WAV,Telephone Field,recover-20220825,002,1795
594.0275,594.0674,68437,82649,Rhinolophus ferrumequinum,0.025,0.025,-1,Echolocation,/mnt/ubna_data_01_mir/recover-20220825/UBNA_002/20220823_033000.WAV,Telephone Field,recover-20220825,002,1795
594.0455,594.0547,43515,51057,Pipistrellus pipistrellus,0.017,0.028,-1,Echolocation,/mnt/ubna_data_01_mir/recover-20220825/UBNA_002/20220823_033000.WAV,Telephone Field,recover-20220825,002,1795
594.0505,594.0893,68437,82249,Rhinolophus ferrumequinum,0.022,0.022,-1,Echolocation,/mnt/ubna_data_01_mir/recover-20220825/UBNA_002/20220823_033000.WAV,Telephone Field,recover-20220825,002,1795
594.0675,594.0741,33203,44593,Myotis daubentonii,0.008,0.022,-1,Echolocation,/mnt/ubna_data_01_mir/recover-20220825/UBNA_002/20220823_033000.WAV,Telephone Field,recover-20220825,002,1795
594.0685,594.075,28046,41322,Eptesicus serotinus,0.006,0.024,-1,Echolocation,/mnt/ubna_data_01_mir/recover-20220825/UBNA_002/20220823_033000.WAV,Telephone Field,recover-20220825,002,1795
594.0695,594.0762,41796,55667,Myotis brandtii,0.006,0.02,-1,Echolocation,/mnt/ubna_data_01_mir/recover-20220825/UBNA_002/20220823_033000.WAV,Telephone Field,recover-20220825,002,1795
594.1305,594.1736,68437,83340,Rhinolophus ferrumequinum,0.027,0.027,-1,Echolocation,/mnt/ubna_data_01_mir/recover-20220825/UBNA_002/20220823_033000.WAV,Telephone Field,recover-20220825,002,1795
594.1475,594.1553,28046,39502,Eptesicus serotinus,0.008,0.022,-1,Echolocation,/mnt/ubna_data_01_mir/recover-20220825/UBNA_002/20220823_033000.WAV,Telephone Field,recover-20220825,002,1795
594.1875,594.2265,68437,82207,Rhinolophus ferrumequinum,0.026,0.026,-1,Echolocation,/mnt/ubna_data_01_mir/recover-20220825/UBNA_002/20220823_033000.WAV,Telephone Field,recover-20220825,002,1795
594.2325,594.2417,43515,53913,Pipistrellus pipistrellus,0.012,0.021,-1,Echolocation,/mnt/ubna_data_01_mir/recover-20220825/UBNA_002/20220823_033000.WAV,Telephone Field,recover-20220825,002,1795
594.2615,594.2692,24609,33359,Plecotus auritus,0.01,0.035,-1,Echolocation,/mnt/ubna_data_01_mir/recover-20220825/UBNA_002/20220823_033000.WAV,Telephone Field,recover-20220825,002,1795
594.2945,594.3043,28046,37854,Eptesicus serotinus,0.008,0.02,-1,Echolocation,/mnt/ubna_data_01_mir/recover-20220825/UBNA_002/20220823_033000.WAV,Telephone Field,recover-20220825,002,1795
594.3165,594.3569,68437,82437,Rhinolophus ferrumequinum,0.02,0.02,-1,Echolocation,/mnt/ubna_data_01_mir/recover-20220825/UBNA_002/20220823_033000.WAV,Telephone Field,recover-20220825,002,1795
594.4365,594.478,68437,82280,Rhinolophus ferrumequinum,0.023,0.023,-1,Echolocation,/mnt/ubna_data_01_mir/recover-20220825/UBNA_002/20220823_033000.WAV,Telephone Field,recover-20220825,002,1795
594.4715,594.4792,45234,55443,Pipistrellus pipistrellus,0.013,0.021,-1,Echolocation,/mnt/ubna_data_01_mir/recover-20220825/UBNA_002/20220823_033000.WAV,Telephone Field,recover-20220825,002,1795
594.4755,594.5177,68437,82693,Rhinolophus ferrumequinum,0.032,0.032,-1,Echolocation,/mnt/ubna_data_01_mir/recover-20220825/UBNA_002/20220823_033000.WAV,Telephone Field,recover-20220825,002,1795
594.5075,594.5159,28046,38792,Eptesicus serotinus,0.007,0.02,-1,Echolocation,/mnt/ubna_data_01_mir/recover-20220825/UBNA_002/20220823_033000.WAV,Telephone Field,recover-20220825,002,1795
594.5155,594.5254,42656,50545,Pipistrellus nathusii,0.013,0.031,-1,Echolocation,/mnt/ubna_data_01_mir/recover-20220825/UBNA_002/20220823_033000.WAV,Telephone Field,recover-20220825,002,1795
594.5215,594.5318,22031,28018,Nyctalus leisleri,0.011,0.026,-1,Echolocation,/mnt/ubna_data_01_mir/recover-20220825/UBNA_002/20220823_033000.WAV,Telephone Field,recover-20220825,002,1795
594.5385,594.5464,28046,38077,Eptesicus serotinus,0.006,0.02,-1,Echolocation,/mnt/ubna_data_01_mir/recover-20220825/UBNA_002/20220823_033000.WAV,Telephone Field,recover-20220825,002,1795
594.5625,594.6027,68437,82734,Rhinolophus ferrumequinum,0.024,0.024,-1,Echolocation,/mnt/ubna_data_01_mir/recover-20220825/UBNA_002/20220823_033000.WAV,Telephone Field,recover-20220825,002,1795
594.5705,594.5782,27187,40078,Eptesicus serotinus,0.006,0.02,-1,Echolocation,/mnt/ubna_data_01_mir/recover-20220825/UBNA_002/20220823_033000.WAV,Telephone Field,recover-20220825,002,1795
594.5975,594.6364,68437,82352,Rhinolophus ferrumequinum,0.026,0.026,-1,Echolocation,/mnt/ubna_data_01_mir/recover-20220825/UBNA_002/20220823_033000.WAV,Telephone Field,recover-20220825,002,1795
594.6025,594.6151,22890,27951,Nyctalus leisleri,0.013,0.027,-1,Echolocation,/mnt/ubna_data_01_mir/recover-20220825/UBNA_002/20220823_033000.WAV,Telephone Field,recover-20220825,002,1795
594.6175,594.6552,68437,82095,Rhinolophus ferrumequinum,0.021,0.021,-1,Echolocation,/mnt/ubna_data_01_mir/recover-20220825/UBNA_002/20220823_033000.WAV,Telephone Field,recover-20220825,002,1795
594.6465,594.6868,68437,82111,Rhinolophus ferrumequinum,0.022,0.022,-1,Echolocation,/mnt/ubna_data_01_mir/recover-20220825/UBNA_002/20220823_033000.WAV,Telephone Field,recover-20220825,002,1795
594.6705,594.71,68437,83108,Rhinolophus ferrumequinum,0.02,0.02,-1,Echolocation,/mnt/ubna_data_01_mir/recover-20220825/UBNA_002/20220823_033000.WAV,Telephone Field,recover-20220825,002,1795
594.6805,594.7167,68437,82046,Rhinolophus ferrumequinum,0.02,0.02,-1,Echolocation,/mnt/ubna_data_01_mir/recover-20220825/UBNA_002/20220823_033000.WAV,Telephone Field,recover-20220825,002,1795
594.6905,594.7295,68437,82429,Rhinolophus ferrumequinum,0.02,0.02,-1,Echolocation,/mnt/ubna_data_01_mir/recover-20220825/UBNA_002/20220823_033000.WAV,Telephone Field,recover-20220825,002,1795
594.6955,594.7331,68437,82611,Rhinolophus ferrumequinum,0.021,0.021,-1,Echolocation,/mnt/ubna_data_01_mir/recover-20220825/UBNA_002/20220823_033000.WAV,Telephone Field,recover-20220825,002,1795
594.7035,594.743,68437,81493,Rhinolophus ferrumequinum,0.022,0.022,-1,Echolocation,/mnt/ubna_data_01_mir/recover-20220825/UBNA_002/20220823_033000.WAV,Telephone Field,recover-20220825,002,1795
594.7115,594.7499,68437,82405,Rhinolophus ferrumequinum,0.025,0.025,-1,Echolocation,/mnt/ubna_data_01_mir/recover-20220825/UBNA_002/20220823_033000.WAV,Telephone Field,recover-20220825,002,1795
594.7455,594.784,68437,81969,Rhinolophus ferrumequinum,0.022,0.022,-1,Echolocation,/mnt/ubna_data_01_mir/recover-20220825/UBNA_002/20220823_033000.WAV,Telephone Field,recover-20220825,002,1795
594.8175,594.8584,68437,81779,Rhinolophus ferrumequinum,0.023,0.023,-1,Echolocation,/mnt/ubna_data_01_mir/recover-20220825/UBNA_002/20220823_033000.WAV,Telephone Field,recover-20220825,002,1795
594.8475,594.893,68437,83239,Rhinolophus ferrumequinum,0.039,0.039,-1,Echolocation,/mnt/ubna_data_01_mir/recover-20220825/UBNA_002/20220823_033000.WAV,Telephone Field,recover-20220825,002,1795
594.8615,594.9018,68437,82720,Rhinolophus ferrumequinum,0.026,0.026,-1,Echolocation,/mnt/ubna_data_01_mir/recover-20220825/UBNA_002/20220823_033000.WAV,Telephone Field,recover-20220825,002,1795
594.8905,594.9017,27187,34078,Eptesicus serotinus,0.014,0.027,-1,Echolocation,/mnt/ubna_data_01_mir/recover-20220825/UBNA_002/20220823_033000.WAV,Telephone Field,recover-20220825,002,1795
594.9285,594.9661,68437,81670,Rhinolophus ferrumequinum,0.022,0.022,-1,Echolocation,/mnt/ubna_data_01_mir/recover-20220825/UBNA_002/20220823_033000.WAV,Telephone Field,recover-20220825,002,1795
594.9385,594.9594,17734,21374,Nyctalus noctula,0.023,0.032,-1,Echolocation,/mnt/ubna_data_01_mir/recover-20220825/UBNA_002/20220823_033000.WAV,Telephone Field,recover-20220825,002,1795
594.9645,594.9757,28046,35088,Eptesicus serotinus,0.017,0.03,-1,Echolocation,/mnt/ubna_data_01_mir/recover-20220825/UBNA_002/20220823_033000.WAV,Telephone Field,recover-20220825,002,1795
594.9685,595.0076,68437,82476,Rhinolophus ferrumequinum,0.02,0.02,-1,Echolocation,/mnt/ubna_data_01_mir/recover-20220825/UBNA_002/20220823_033000.WAV,Telephone Field,recover-20220825,002,1795
594.9805,594.9889000000001,28906,37240,Eptesicus serotinus,0.007,0.021,-1,Echolocation,/mnt/ubna_data_01_mir/recover-20220825/UBNA_002/20220823_033000.WAV,Telephone Field,recover-20220825,002,1795
594.9945,595.0347,68437,82870,Rhinolophus ferrumequinum,0.067,0.067,-1,Echolocation,/mnt/ubna_data_01_mir/recover-20220825/UBNA_002/20220823_033000.WAV,Telephone Field,recover-20220825,002,1795
595.0345,595.0711,68437,82164,Rhinolophus ferrumequinum,0.02,0.02,-1,Echolocation,/mnt/ubna_data_01_mir/recover-20220825/UBNA_002/20220823_033000.WAV,Telephone Field,recover-20220825,002,1795
595.0465,595.0826,68437,81807,Rhinolophus ferrumequinum,0.023,0.023,-1,Echolocation,/mnt/ubna_data_01_mir/recover-20220825/UBNA_002/20220823_033000.WAV,Telephone Field,recover-20220825,002,1795
595.0515,595.0604,28906,37301,Eptesicus serotinus,0.008,0.022,-1,Echolocation,/mnt/ubna_data_01_mir/recover-20220825/UBNA_002/20220823_033000.WAV,Telephone Field,recover-20220825,002,1795
595.0795,595.1196,68437,82962,Rhinolophus ferrumequinum,0.029,0.029,-1,Echolocation,/mnt/ubna_data_01_mir/recover-20220825/UBNA_002/20220823_033000.WAV,Telephone Field,recover-20220825,002,1795
595.1085,595.1444,68437,81758,Rhinolophus ferrumequinum,0.023,0.023,-1,Echolocation,/mnt/ubna_data_01_mir/recover-20220825/UBNA_002/20220823_033000.WAV,Telephone Field,recover-20220825,002,1795
595.1225,595.1613,68437,82417,Rhinolophus ferrumequinum,0.021,0.021,-1,Echolocation,/mnt/ubna_data_01_mir/recover-20220825/UBNA_002/20220823_033000.WAV,Telephone Field,recover-20220825,002,1795
595.1365,595.1753,68437,81888,Rhinolophus ferrumequinum,0.021,0.021,-1,Echolocation,/mnt/ubna_data_01_mir/recover-20220825/UBNA_002/20220823_033000.WAV,Telephone Field,recover-20220825,002,1795
595.1385,595.1463,27187,40742,Eptesicus serotinus,0.007,0.021,-1,Echolocation,/mnt/ubna_data_01_mir/recover-20220825/UBNA_002/20220823_033000.WAV,Telephone Field,recover-20220825,002,1795
595.2075,595.2491,68437,83484,Rhinolophus ferrumequinum,0.03,0.03,-1,Echolocation,/mnt/ubna_data_01_mir/recover-20220825/UBNA_002/20220823_033000.WAV,Telephone Field,recover-20220825,002,1795
595.2155,595.2547,68437,82738,Rhinolophus ferrumequinum,0.023,0.023,-1,Echolocation,/mnt/ubna_data_01_mir/recover-20220825/UBNA_002/20220823_033000.WAV,Telephone Field,recover-20220825,002,1795
595.2945,595.3323,68437,81800,Rhinolophus ferrumequinum,0.02,0.021,-1,Echolocation,/mnt/ubna_data_01_mir/recover-20220825/UBNA_002/20220823_033000.WAV,Telephone Field,recover-20220825,002,1795
595.3205,595.3583,68437,82087,Rhinolophus ferrumequinum,0.021,0.021,-1,Echolocation,/mnt/ubna_data_01_mir/recover-20220825/UBNA_002/20220823_033000.WAV,Telephone Field,recover-20220825,002,1795
595.3325,595.3688,68437,81375,Rhinolophus ferrumequinum,0.021,0.021,-1,Echolocation,/mnt/ubna_data_01_mir/recover-20220825/UBNA_002/20220823_033000.WAV,Telephone Field,recover-20220825,002,1795
595.3725,595.3809,22890,30432,Plecotus austriacus,0.007,0.02,-1,Echolocation,/mnt/ubna_data_01_mir/recover-20220825/UBNA_002/20220823_033000.WAV,Telephone Field,recover-20220825,002,1795
595.4105,595.4508,68437,82553,Rhinolophus ferrumequinum,0.033,0.033,-1,Echolocation,/mnt/ubna_data_01_mir/recover-20220825/UBNA_002/20220823_033000.WAV,Telephone Field,recover-20220825,002,1795
595.4205,595.4587,68437,81703,Rhinolophus ferrumequinum,0.02,0.02,-1,Echolocation,/mnt/ubna_data_01_mir/recover-20220825/UBNA_002/20220823_033000.WAV,Telephone Field,recover-20220825,002,1795
595.4475,595.4839,68437,81230,Rhinolophus ferrumequinum,0.02,0.02,-1,Echolocation,/mnt/ubna_data_01_mir/recover-20220825/UBNA_002/20220823_033000.WAV,Telephone Field,recover-20220825,002,1795
595.4515,595.4594,28046,37975,Eptesicus serotinus,0.007,0.02,-1,Echolocation,/mnt/ubna_data_01_mir/recover-20220825/UBNA_002/20220823_033000.WAV,Telephone Field,recover-20220825,002,1795
595.4635,595.5008,68437,82137,Rhinolophus ferrumequinum,0.019,0.019,-1,Echolocation,/mnt/ubna_data_01_mir/recover-20220825/UBNA_002/20220823_033000.WAV,Telephone Field,recover-20220825,002,1795
595.4725,595.5126,68437,82172,Rhinolophus ferrumequinum,0.021,0.021,-1,Echolocation,/mnt/ubna_data_01_mir/recover-20220825/UBNA_002/20220823_033000.WAV,Telephone Field,recover-20220825,002,1795
595.4875,595.5264,68437,82311,Rhinolophus ferrumequinum,0.02,0.02,-1,Echolocation,/mnt/ubna_data_01_mir/recover-20220825/UBNA_002/20220823_033000.WAV,Telephone Field,recover-20220825,002,1795
595.5035,595.5115,28046,40213,Eptesicus serotinus,0.007,0.02,-1,Echolocation,/mnt/ubna_data_01_mir/recover-20220825/UBNA_002/20220823_033000.WAV,Telephone Field,recover-20220825,002,1795
595.5055,595.5138,23750,31675,Plecotus austriacus,0.006,0.02,-1,Echolocation,/mnt/ubna_data_01_mir/recover-20220825/UBNA_002/20220823_033000.WAV,Telephone Field,recover-20220825,002,1795
595.5135,595.5546,68437,82430,Rhinolophus ferrumequinum,0.02,0.02,-1,Echolocation,/mnt/ubna_data_01_mir/recover-20220825/UBNA_002/20220823_033000.WAV,Telephone Field,recover-20220825,002,1795
595.5465,595.5898,68437,83275,Rhinolophus ferrumequinum,0.079,0.079,-1,Echolocation,/mnt/ubna_data_01_mir/recover-20220825/UBNA_002/20220823_033000.WAV,Telephone Field,recover-20220825,002,1795
595.5915,595.6284,68437,81743,Rhinolophus ferrumequinum,0.021,0.021,-1,Echolocation,/mnt/ubna_data_01_mir/recover-20220825/UBNA_002/20220823_033000.WAV,Telephone Field,recover-20220825,002,1795
595.6035,595.6376,68437,80672,Rhinolophus ferrumequinum,0.021,0.021,-1,Echolocation,/mnt/ubna_data_01_mir/recover-20220825/UBNA_002/20220823_033000.WAV,Telephone Field,recover-20220825,002,1795
595.6155,595.6538,68437,82234,Rhinolophus ferrumequinum,0.022,0.022,-1,Echolocation,/mnt/ubna_data_01_mir/recover-20220825/UBNA_002/20220823_033000.WAV,Telephone Field,recover-20220825,002,1795
595.6665,595.7051,68437,81755,Rhinolophus ferrumequinum,0.02,0.02,-1,Echolocation,/mnt/ubna_data_01_mir/recover-20220825/UBNA_002/20220823_033000.WAV,Telephone Field,recover-20220825,002,1795
595.7025,595.7375,68437,80574,Rhinolophus ferrumequinum,0.022,0.023,-1,Echolocation,/mnt/ubna_data_01_mir/recover-20220825/UBNA_002/20220823_033000.WAV,Telephone Field,recover-20220825,002,1795
595.7035,595.7116,25468,34622,Eptesicus serotinus,0.008,0.026,-1,Echolocation,/mnt/ubna_data_01_mir/recover-20220825/UBNA_002/20220823_033000.WAV,Telephone Field,recover-20220825,002,1795
595.7335,595.7714,68437,82123,Rhinolophus ferrumequinum,0.021,0.021,-1,Echolocation,/mnt/ubna_data_01_mir/recover-20220825/UBNA_002/20220823_033000.WAV,Telephone Field,recover-20220825,002,1795
595.7455,595.7828,68437,81521,Rhinolophus ferrumequinum,0.02,0.02,-1,Echolocation,/mnt/ubna_data_01_mir/recover-20220825/UBNA_002/20220823_033000.WAV,Telephone Field,recover-20220825,002,1795
595.7555,595.7924,68437,82292,Rhinolophus ferrumequinum,0.022,0.022,-1,Echolocation,/mnt/ubna_data_01_mir/recover-20220825/UBNA_002/20220823_033000.WAV,Telephone Field,recover-20220825,002,1795
595.7895,595.8091,20312,23058,Nyctalus leisleri,0.014,0.024,-1,Echolocation,/mnt/ubna_data_01_mir/recover-20220825/UBNA_002/20220823_033000.WAV,Telephone Field,recover-20220825,002,1795
595.7965,595.8371,68437,82407,Rhinolophus ferrumequinum,0.026,0.026,-1,Echolocation,/mnt/ubna_data_01_mir/recover-20220825/UBNA_002/20220823_033000.WAV,Telephone Field,recover-20220825,002,1795
595.8405,595.8479,26328,37167,Eptesicus serotinus,0.006,0.02,-1,Echolocation,/mnt/ubna_data_01_mir/recover-20220825/UBNA_002/20220823_033000.WAV,Telephone Field,recover-20220825,002,1795
595.8585,595.8995,68437,82620,Rhinolophus ferrumequinum,0.026,0.026,-1,Echolocation,/mnt/ubna_data_01_mir/recover-20220825/UBNA_002/20220823_033000.WAV,Telephone Field,recover-20220825,002,1795
595.8655,595.9048,68437,82187,Rhinolophus ferrumequinum,0.022,0.022,-1,Echolocation,/mnt/ubna_data_01_mir/recover-20220825/UBNA_002/20220823_033000.WAV,Telephone Field,recover-20220825,002,1795
595.8745,595.9132,68437,81832,Rhinolophus ferrumequinum,0.021,0.021,-1,Echolocation,/mnt/ubna_data_01_mir/recover-20220825/UBNA_002/20220823_033000.WAV,Telephone Field,recover-20220825,002,1795
595.8945,595.9338,68437,81962,Rhinolophus ferrumequinum,0.023,0.023,-1,Echolocation,/mnt/ubna_data_01_mir/recover-20220825/UBNA_002/20220823_033000.WAV,Telephone Field,recover-20220825,002,1795
595.9825,595.9913,25468,35465,Eptesicus serotinus,0.006,0.02,-1,Echolocation,/mnt/ubna_data_01_mir/recover-20220825/UBNA_002/20220823_033000.WAV,Telephone Field,recover-20220825,002,1795
596.0015,596.0338,68437,79377,Rhinolophus ferrumequinum,0.033,0.034,-1,Echolocation,/mnt/ubna_data_01_mir/recover-20220825/UBNA_002/20220823_033000.WAV,Telephone Field,recover-20220825,002,1795
596.0015,596.0115,21171,27079,Nyctalus leisleri,0.013,0.033,-1,Echolocation,/mnt/ubna_data_01_mir/recover-20220825/UBNA_002/20220823_033000.WAV,Telephone Field,recover-20220825,002,1795
596.0015,596.0095,29765,39108,Myotis daubentonii,0.006,0.023,-1,Echolocation,/mnt/ubna_data_01_mir/recover-20220825/UBNA_002/20220823_033000.WAV,Telephone Field,recover-20220825,002,1795
596.0115,596.0537,68437,82874,Rhinolophus ferrumequinum,0.023,0.023,-1,Echolocation,/mnt/ubna_data_01_mir/recover-20220825/UBNA_002/20220823_033000.WAV,Telephone Field,recover-20220825,002,1795
596.0325,596.0688,68437,82046,Rhinolophus ferrumequinum,0.022,0.022,-1,Echolocation,/mnt/ubna_data_01_mir/recover-20220825/UBNA_002/20220823_033000.WAV,Telephone Field,recover-20220825,002,1795
596.0455,596.0799,68437,81143,Rhinolophus ferrumequinum,0.023,0.023,-1,Echolocation,/mnt/ubna_data_01_mir/recover-20220825/UBNA_002/20220823_033000.WAV,Telephone Field,recover-20220825,002,1795
596.0565,596.0695,23750,28590,Nyctalus leisleri,0.011,0.024,-1,Echolocation,/mnt/ubna_data_01_mir/recover-20220825/UBNA_002/20220823_033000.WAV,Telephone Field,recover-20220825,002,1795
596.0685,596.1089,68437,82771,Rhinolophus ferrumequinum,0.041,0.041,-1,Echolocation,/mnt/ubna_data_01_mir/recover-20220825/UBNA_002/20220823_033000.WAV,Telephone Field,recover-20220825,002,1795
596.0735,596.082,27187,37355,Eptesicus serotinus,0.009,0.022,-1,Echolocation,/mnt/ubna_data_01_mir/recover-20220825/UBNA_002/20220823_033000.WAV,Telephone Field,recover-20220825,002,1795
596.0955,596.1019,28046,39524,Eptesicus serotinus,0.007,0.027,-1,Echolocation,/mnt/ubna_data_01_mir/recover-20220825/UBNA_002/20220823_033000.WAV,Telephone Field,recover-20220825,002,1795
596.1105,596.1507,68437,82810,Rhinolophus ferrumequinum,0.027,0.027,-1,Echolocation,/mnt/ubna_data_01_mir/recover-20220825/UBNA_002/20220823_033000.WAV,Telephone Field,recover-20220825,002,1795
596.1235,596.1632,68437,82287,Rhinolophus ferrumequinum,0.021,0.021,-1,Echolocation,/mnt/ubna_data_01_mir/recover-20220825/UBNA_002/20220823_033000.WAV,Telephone Field,recover-20220825,002,1795
596.1335,596.1734,68437,82239,Rhinolophus ferrumequinum,0.021,0.021,-1,Echolocation,/mnt/ubna_data_01_mir/recover-20220825/UBNA_002/20220823_033000.WAV,Telephone Field,recover-20220825,002,1795
596.2005,596.2391,68437,81624,Rhinolophus ferrumequinum,0.023,0.023,-1,Echolocation,/mnt/ubna_data_01_mir/recover-20220825/UBNA_002/20220823_033000.WAV,Telephone Field,recover-20220825,002,1795
596.2145,596.2212,26328,37000,Eptesicus serotinus,0.006,0.022,-1,Echolocation,/mnt/ubna_data_01_mir/recover-20220825/UBNA_002/20220823_033000.WAV,Telephone Field,recover-20220825,002,1795
596.2405,596.2498,31484,38425,Myotis daubentonii,0.005,0.021,-1,Echolocation,/mnt/ubna_data_01_mir/recover-20220825/UBNA_002/20220823_033000.WAV,Telephone Field,recover-20220825,002,1795
596.3285,596.3358,27187,40171,Eptesicus serotinus,0.007,0.024,-1,Echolocation,/mnt/ubna_data_01_mir/recover-20220825/UBNA_002/20220823_033000.WAV,Telephone Field,recover-20220825,002,1795
596.4085,596.4162,27187,37442,Eptesicus serotinus,0.007,0.022,-1,Echolocation,/mnt/ubna_data_01_mir/recover-20220825/UBNA_002/20220823_033000.WAV,Telephone Field,recover-20220825,002,1795
596.4215,596.4623,68437,82796,Rhinolophus ferrumequinum,0.028,0.028,-1,Echolocation,/mnt/ubna_data_01_mir/recover-20220825/UBNA_002/20220823_033000.WAV,Telephone Field,recover-20220825,002,1795
596.4365,596.4464,22031,27618,Nyctalus leisleri,0.007,0.021,-1,Echolocation,/mnt/ubna_data_01_mir/recover-20220825/UBNA_002/20220823_033000.WAV,Telephone Field,recover-20220825,002,1795
596.4455,596.4544,28046,38491,Eptesicus serotinus,0.008,0.022,-1,Echolocation,/mnt/ubna_data_01_mir/recover-20220825/UBNA_002/20220823_033000.WAV,Telephone Field,recover-20220825,002,1795
596.4475,596.4866,68437,82860,Rhinolophus ferrumequinum,0.023,0.023,-1,Echolocation,/mnt/ubna_data_01_mir/recover-20220825/UBNA_002/20220823_033000.WAV,Telephone Field,recover-20220825,002,1795
596.4695,596.5086,68437,82734,Rhinolophus ferrumequinum,0.023,0.023,-1,Echolocation,/mnt/ubna_data_01_mir/recover-20220825/UBNA_002/20220823_033000.WAV,Telephone Field,recover-20220825,002,1795
596.5365,596.5735999999999,68437,81393,Rhinolophus ferrumequinum,0.022,0.022,-1,Echolocation,/mnt/ubna_data_01_mir/recover-20220825/UBNA_002/20220823_033000.WAV,Telephone Field,recover-20220825,002,1795
596.5555,596.597,68437,83011,Rhinolophus ferrumequinum,0.027,0.027,-1,Echolocation,/mnt/ubna_data_01_mir/recover-20220825/UBNA_002/20220823_033000.WAV,Telephone Field,recover-20220825,002,1795
596.5875,596.595,23750,32348,Plecotus austriacus,0.008,0.022,-1,Echolocation,/mnt/ubna_data_01_mir/recover-20220825/UBNA_002/20220823_033000.WAV,Telephone Field,recover-20220825,002,1795
596.5885,596.5959,28046,38898,Eptesicus serotinus,0.007,0.021,-1,Echolocation,/mnt/ubna_data_01_mir/recover-20220825/UBNA_002/20220823_033000.WAV,Telephone Field,recover-20220825,002,1795
596.6265,596.6366,23750,30444,Nyctalus leisleri,0.008,0.021,-1,Echolocation,/mnt/ubna_data_01_mir/recover-20220825/UBNA_002/20220823_033000.WAV,Telephone Field,recover-20220825,002,1795
596.6385,596.6779,68437,82118,Rhinolophus ferrumequinum,0.021,0.021,-1,Echolocation,/mnt/ubna_data_01_mir/recover-20220825/UBNA_002/20220823_033000.WAV,Telephone Field,recover-20220825,002,1795
596.6585,596.6996,68437,83119,Rhinolophus ferrumequinum,0.026,0.026,-1,Echolocation,/mnt/ubna_data_01_mir/recover-20220825/UBNA_002/20220823_033000.WAV,Telephone Field,recover-20220825,002,1795
596.6635,596.6714,28046,37123,Eptesicus serotinus,0.006,0.021,-1,Echolocation,/mnt/ubna_data_01_mir/recover-20220825/UBNA_002/20220823_033000.WAV,Telephone Field,recover-20220825,002,1795
596.7645,596.8007,68437,81688,Rhinolophus ferrumequinum,0.021,0.021,-1,Echolocation,/mnt/ubna_data_01_mir/recover-20220825/UBNA_002/20220823_033000.WAV,Telephone Field,recover-20220825,002,1795
596.7745,596.7814,26328,37791,Eptesicus serotinus,0.007,0.027,-1,Echolocation,/mnt/ubna_data_01_mir/recover-20220825/UBNA_002/20220823_033000.WAV,Telephone Field,recover-20220825,002,1795
596.8255,596.8339,28046,39729,Eptesicus serotinus,0.007,0.021,-1,Echolocation,/mnt/ubna_data_01_mir/recover-20220825/UBNA_002/20220823_033000.WAV,Telephone Field,recover-20220825,002,1795
596.8585,596.8972,68437,81190,Rhinolophus ferrumequinum,0.021,0.021,-1,Echolocation,/mnt/ubna_data_01_mir/recover-20220825/UBNA_002/20220823_033000.WAV,Telephone Field,recover-20220825,002,1795
596.8715,596.8796,28046,38916,Eptesicus serotinus,0.008,0.025,-1,Echolocation,/mnt/ubna_data_01_mir/recover-20220825/UBNA_002/20220823_033000.WAV,Telephone Field,recover-20220825,002,1795
596.9035,596.943,68437,82225,Rhinolophus ferrumequinum,0.03,0.03,-1,Echolocation,/mnt/ubna_data_01_mir/recover-20220825/UBNA_002/20220823_033000.WAV,Telephone Field,recover-20220825,002,1795
596.9075,596.9141,27187,38835,Eptesicus serotinus,0.006,0.023,-1,Echolocation,/mnt/ubna_data_01_mir/recover-20220825/UBNA_002/20220823_033000.WAV,Telephone Field,recover-20220825,002,1795
596.9685,597.0097,68437,83013,Rhinolophus ferrumequinum,0.025,0.025,-1,Echolocation,/mnt/ubna_data_01_mir/recover-20220825/UBNA_002/20220823_033000.WAV,Telephone Field,recover-20220825,002,1795
596.9725,596.9797,28046,38773,Eptesicus serotinus,0.009,0.03,-1,Echolocation,/mnt/ubna_data_01_mir/recover-20220825/UBNA_002/20220823_033000.WAV,Telephone Field,recover-20220825,002,1795
597.0055,597.0143,28046,40062,Eptesicus serotinus,0.007,0.021,-1,Echolocation,/mnt/ubna_data_01_mir/recover-20220825/UBNA_002/20220823_033000.WAV,Telephone Field,recover-20220825,002,1795
597.0085,597.0517,68437,82780,Rhinolophus ferrumequinum,0.038,0.038,-1,Echolocation,/mnt/ubna_data_01_mir/recover-20220825/UBNA_002/20220823_033000.WAV,Telephone Field,recover-20220825,002,1795
597.0295,597.0403,26328,32995,Eptesicus serotinus,0.028,0.052,-1,Echolocation,/mnt/ubna_data_01_mir/recover-20220825/UBNA_002/20220823_033000.WAV,Telephone Field,recover-20220825,002,1795
597.0655,597.0727,27187,38733,Eptesicus serotinus,0.006,0.021,-1,Echolocation,/mnt/ubna_data_01_mir/recover-20220825/UBNA_002/20220823_033000.WAV,Telephone Field,recover-20220825,002,1795
597.0755,597.1102,68437,81195,Rhinolophus ferrumequinum,0.024,0.024,-1,Echolocation,/mnt/ubna_data_01_mir/recover-20220825/UBNA_002/20220823_033000.WAV,Telephone Field,recover-20220825,002,1795
597.1025,597.146,68437,83284,Rhinolophus ferrumequinum,0.041,0.041,-1,Echolocation,/mnt/ubna_data_01_mir/recover-20220825/UBNA_002/20220823_033000.WAV,Telephone Field,recover-20220825,002,1795
597.1275,597.1611,68437,80729,Rhinolophus ferrumequinum,0.023,0.023,-1,Echolocation,/mnt/ubna_data_01_mir/recover-20220825/UBNA_002/20220823_033000.WAV,Telephone Field,recover-20220825,002,1795
597.1285,597.1432,23750,28602,Nyctalus leisleri,0.018,0.034,-1,Echolocation,/mnt/ubna_data_01_mir/recover-20220825/UBNA_002/20220823_033000.WAV,Telephone Field,recover-20220825,002,1795
597.1625,597.2026,68437,82506,Rhinolophus ferrumequinum,0.025,0.025,-1,Echolocation,/mnt/ubna_data_01_mir/recover-20220825/UBNA_002/20220823_033000.WAV,Telephone Field,recover-20220825,002,1795
597.1665,597.1736,26328,38047,Eptesicus serotinus,0.006,0.022,-1,Echolocation,/mnt/ubna_data_01_mir/recover-20220825/UBNA_002/20220823_033000.WAV,Telephone Field,recover-20220825,002,1795
597.1865,597.2244,68437,81236,Rhinolophus ferrumequinum,0.021,0.021,-1,Echolocation,/mnt/ubna_data_01_mir/recover-20220825/UBNA_002/20220823_033000.WAV,Telephone Field,recover-20220825,002,1795
597.1925,597.1987,28046,39574,Eptesicus serotinus,0.008,0.032,-1,Echolocation,/mnt/ubna_data_01_mir/recover-20220825/UBNA_002/20220823_033000.WAV,Telephone Field,recover-20220825,002,1795
597.1945,597.2302,68437,81363,Rhinolophus ferrumequinum,0.024,0.024,-1,Echolocation,/mnt/ubna_data_01_mir/recover-20220825/UBNA_002/20220823_033000.WAV,Telephone Field,recover-20220825,002,1795
597.2385,597.2485,25468,32878,Eptesicus serotinus,0.008,0.025,-1,Echolocation,/mnt/ubna_data_01_mir/recover-20220825/UBNA_002/20220823_033000.WAV,Telephone Field,recover-20220825,002,1795
597.2415,597.278,68437,81745,Rhinolophus ferrumequinum,0.022,0.022,-1,Echolocation,/mnt/ubna_data_01_mir/recover-20220825/UBNA_002/20220823_033000.WAV,Telephone Field,recover-20220825,002,1795
597.2485,597.2873,68437,82161,Rhinolophus ferrumequinum,0.023,0.023,-1,Echolocation,/mnt/ubna_data_01_mir/recover-20220825/UBNA_002/20220823_033000.WAV,Telephone Field,recover-20220825,002,1795
597.2535,597.2673,21171,25388,Nyctalus leisleri,0.013,0.027,-1,Echolocation,/mnt/ubna_data_01_mir/recover-20220825/UBNA_002/20220823_033000.WAV,Telephone Field,recover-20220825,002,1795
597.2755,597.2855,22890,28622,Nyctalus leisleri,0.009,0.022,-1,Echolocation,/mnt/ubna_data_01_mir/recover-20220825/UBNA_002/20220823_033000.WAV,Telephone Field,recover-20220825,002,1795
597.3265,597.3339,38359,47852,Myotis daubentonii,0.008,0.021,-1,Echolocation,/mnt/ubna_data_01_mir/recover-20220825/UBNA_002/20220823_033000.WAV,Telephone Field,recover-20220825,002,1795
597.3485000000001,597.3851,68437,82027,Rhinolophus ferrumequinum,0.021,0.021,-1,Echolocation,/mnt/ubna_data_01_mir/recover-20220825/UBNA_002/20220823_033000.WAV,Telephone Field,recover-20220825,002,1795
597.3665,597.3742,27187,37270,Eptesicus serotinus,0.017,0.045,-1,Echolocation,/mnt/ubna_data_01_mir/recover-20220825/UBNA_002/20220823_033000.WAV,Telephone Field,recover-20220825,002,1795
597.3745,597.4157,68437,82886,Rhinolophus ferrumequinum,0.05,0.05,-1,Echolocation,/mnt/ubna_data_01_mir/recover-20220825/UBNA_002/20220823_033000.WAV,Telephone Field,recover-20220825,002,1795
597.3895,597.4014999999999,24609,31364,Nyctalus leisleri,0.013,0.031,-1,Echolocation,/mnt/ubna_data_01_mir/recover-20220825/UBNA_002/20220823_033000.WAV,Telephone Field,recover-20220825,002,1795
597.4115,597.4189,41796,53415,Myotis daubentonii,0.011,0.042,-1,Echolocation,/mnt/ubna_data_01_mir/recover-20220825/UBNA_002/20220823_033000.WAV,Telephone Field,recover-20220825,002,1795
597.4145,597.4262,22890,27088,Nyctalus leisleri,0.012,0.021,-1,Echolocation,/mnt/ubna_data_01_mir/recover-20220825/UBNA_002/20220823_033000.WAV,Telephone Field,recover-20220825,002,1795
597.4405,597.4819,68437,81658,Rhinolophus ferrumequinum,0.021,0.021,-1,Echolocation,/mnt/ubna_data_01_mir/recover-20220825/UBNA_002/20220823_033000.WAV,Telephone Field,recover-20220825,002,1795
597.4405,597.4591,21171,24315,Nyctalus leisleri,0.02,0.034,-1,Echolocation,/mnt/ubna_data_01_mir/recover-20220825/UBNA_002/20220823_033000.WAV,Telephone Field,recover-20220825,002,1795
597.4655,597.5028,68437,82333,Rhinolophus ferrumequinum,0.023,0.023,-1,Echolocation,/mnt/ubna_data_01_mir/recover-20220825/UBNA_002/20220823_033000.WAV,Telephone Field,recover-20220825,002,1795
597.5035,597.5437,68437,83032,Rhinolophus ferrumequinum,0.03,0.03,-1,Echolocation,/mnt/ubna_data_01_mir/recover-20220825/UBNA_002/20220823_033000.WAV,Telephone Field,recover-20220825,002,1795
597.5105,597.5208,22890,28631,Nyctalus leisleri,0.011,0.029,-1,Echolocation,/mnt/ubna_data_01_mir/recover-20220825/UBNA_002/20220823_033000.WAV,Telephone Field,recover-20220825,002,1795
597.5435,597.5509,24609,33385,Plecotus austriacus,0.006,0.021,-1,Echolocation,/mnt/ubna_data_01_mir/recover-20220825/UBNA_002/20220823_033000.WAV,Telephone Field,recover-20220825,002,1795
597.5665,597.6039,68437,81829,Rhinolophus ferrumequinum,0.021,0.021,-1,Echolocation,/mnt/ubna_data_01_mir/recover-20220825/UBNA_002/20220823_033000.WAV,Telephone Field,recover-20220825,002,1795
597.5695,597.5803,28906,35962,Eptesicus serotinus,0.011,0.023,-1,Echolocation,/mnt/ubna_data_01_mir/recover-20220825/UBNA_002/20220823_033000.WAV,Telephone Field,recover-20220825,002,1795
597.6145,597.6565,68437,82691,Rhinolophus ferrumequinum,0.037,0.037,-1,Echolocation,/mnt/ubna_data_01_mir/recover-20220825/UBNA_002/20220823_033000.WAV,Telephone Field,recover-20220825,002,1795
597.6545,597.6625,27187,43222,Eptesicus serotinus,0.008,0.022,-1,Echolocation,/mnt/ubna_data_01_mir/recover-20220825/UBNA_002/20220823_033000.WAV,Telephone Field,recover-20220825,002,1795
597.6565,597.6624,40937,53167,Myotis daubentonii,0.008,0.021,-1,Echolocation,/mnt/ubna_data_01_mir/recover-20220825/UBNA_002/20220823_033000.WAV,Telephone Field,recover-20220825,002,1795
597.7325,597.7699,68437,81996,Rhinolophus ferrumequinum,0.021,0.021,-1,Echolocation,/mnt/ubna_data_01_mir/recover-20220825/UBNA_002/20220823_033000.WAV,Telephone Field,recover-20220825,002,1795
597.7475,597.7881,68437,82877,Rhinolophus ferrumequinum,0.023,0.023,-1,Echolocation,/mnt/ubna_data_01_mir/recover-20220825/UBNA_002/20220823_033000.WAV,Telephone Field,recover-20220825,002,1795
597.7905,597.825,68437,81502,Rhinolophus ferrumequinum,0.021,0.022,-1,Echolocation,/mnt/ubna_data_01_mir/recover-20220825/UBNA_002/20220823_033000.WAV,Telephone Field,recover-20220825,002,1795
597.8025,597.8434,68437,83197,Rhinolophus ferrumequinum,0.028,0.028,-1,Echolocation,/mnt/ubna_data_01_mir/recover-20220825/UBNA_002/20220823_033000.WAV,Telephone Field,recover-20220825,002,1795
597.8045,597.8108,27187,40035,Eptesicus serotinus,0.006,0.026,-1,Echolocation,/mnt/ubna_data_01_mir/recover-20220825/UBNA_002/20220823_033000.WAV,Telephone Field,recover-20220825,002,1795
597.8545,597.888,68437,81003,Rhinolophus ferrumequinum,0.023,0.023,-1,Echolocation,/mnt/ubna_data_01_mir/recover-20220825/UBNA_002/20220823_033000.WAV,Telephone Field,recover-20220825,002,1795
597.8555,597.8635,22890,31214,Plecotus austriacus,0.013,0.027,-1,Echolocation,/mnt/ubna_data_01_mir/recover-20220825/UBNA_002/20220823_033000.WAV,Telephone Field,recover-20220825,002,1795
597.8665,597.9045,68437,82942,Rhinolophus ferrumequinum,0.024,0.024,-1,Echolocation,/mnt/ubna_data_01_mir/recover-20220825/UBNA_002/20220823_033000.WAV,Telephone Field,recover-20220825,002,1795
597.9145,597.9255,28906,35450,Eptesicus serotinus,0.01,0.022,-1,Echolocation,/mnt/ubna_data_01_mir/recover-20220825/UBNA_002/20220823_033000.WAV,Telephone Field,recover-20220825,002,1795
597.9175,597.9558,68437,82392,Rhinolophus ferrumequinum,0.023,0.023,-1,Echolocation,/mnt/ubna_data_01_mir/recover-20220825/UBNA_002/20220823_033000.WAV,Telephone Field,recover-20220825,002,1795
597.9265,597.9371,28046,35092,Eptesicus serotinus,0.009,0.022,-1,Echolocation,/mnt/ubna_data_01_mir/recover-20220825/UBNA_002/20220823_033000.WAV,Telephone Field,recover-20220825,002,1795
597.9345,597.9765,68437,82803,Rhinolophus ferrumequinum,0.028,0.028,-1,Echolocation,/mnt/ubna_data_01_mir/recover-20220825/UBNA_002/20220823_033000.WAV,Telephone Field,recover-20220825,002,1795
597.9355,597.9459,23750,29335,Nyctalus leisleri,0.009,0.022,-1,Echolocation,/mnt/ubna_data_01_mir/recover-20220825/UBNA_002/20220823_033000.WAV,Telephone Field,recover-20220825,002,1795
597.9445,597.9888,68437,83547,Rhinolophus ferrumequinum,0.041,0.041,-1,Echolocation,/mnt/ubna_data_01_mir/recover-20220825/UBNA_002/20220823_033000.WAV,Telephone Field,recover-20220825,002,1795
597.9575,597.9949,68437,81047,Rhinolophus ferrumequinum,0.021,0.021,-1,Echolocation,/mnt/ubna_data_01_mir/recover-20220825/UBNA_002/20220823_033000.WAV,Telephone Field,recover-20220825,002,1795
598.0015,598.0167,16875,21784,Nyctalus noctula,0.009,0.02,-1,Echolocation,/mnt/ubna_data_01_mir/recover-20220825/UBNA_002/20220823_033000.WAV,Telephone Field,recover-20220825,002,1795
598.0015,598.0104,25468,33348,Eptesicus serotinus,0.007,0.024,-1,Echolocation,/mnt/ubna_data_01_mir/recover-20220825/UBNA_002/20220823_033000.WAV,Telephone Field,recover-20220825,002,1795
598.0015,598.0338,68437,79784,Rhinolophus ferrumequinum,0.023,0.023,-1,Echolocation,/mnt/ubna_data_01_mir/recover-20220825/UBNA_002/20220823_033000.WAV,Telephone Field,recover-20220825,002,1795
598.0205,598.0623,68437,82675,Rhinolophus ferrumequinum,0.024,0.024,-1,Echolocation,/mnt/ubna_data_01_mir/recover-20220825/UBNA_002/20220823_033000.WAV,Telephone Field,recover-20220825,002,1795
598.0435,598.0555,22890,27308,Nyctalus leisleri,0.013,0.023,-1,Echolocation,/mnt/ubna_data_01_mir/recover-20220825/UBNA_002/20220823_033000.WAV,Telephone Field,recover-20220825,002,1795
598.0615,598.1031,68437,82773,Rhinolophus ferrumequinum,0.023,0.023,-1,Echolocation,/mnt/ubna_data_01_mir/recover-20220825/UBNA_002/20220823_033000.WAV,Telephone Field,recover-20220825,002,1795
598.0925,598.1036,23750,29088,Nyctalus leisleri,0.011,0.025,-1,Echolocation,/mnt/ubna_data_01_mir/recover-20220825/UBNA_002/20220823_033000.WAV,Telephone Field,recover-20220825,002,1795
598.1025,598.1096,27187,35710,Eptesicus serotinus,0.007,0.021,-1,Echolocation,/mnt/ubna_data_01_mir/recover-20220825/UBNA_002/20220823_033000.WAV,Telephone Field,recover-20220825,002,1795
598.1565,598.1659,28046,35384,Eptesicus serotinus,0.009,0.021,-1,Echolocation,/mnt/ubna_data_01_mir/recover-20220825/UBNA_002/20220823_033000.WAV,Telephone Field,recover-20220825,002,1795
598.1745,598.183,27187,40358,Eptesicus serotinus,0.01,0.025,-1,Echolocation,/mnt/ubna_data_01_mir/recover-20220825/UBNA_002/20220823_033000.WAV,Telephone Field,recover-20220825,002,1795
598.1785,598.1878,35781,42881,Barbastellus barbastellus,0.008,0.028,-1,Echolocation,/mnt/ubna_data_01_mir/recover-20220825/UBNA_002/20220823_033000.WAV,Telephone Field,recover-20220825,002,1795
598.2065,598.2149,28046,37872,Eptesicus serotinus,0.009,0.024,-1,Echolocation,/mnt/ubna_data_01_mir/recover-20220825/UBNA_002/20220823_033000.WAV,Telephone Field,recover-20220825,002,1795
598.2405,598.2503,28046,39012,Eptesicus serotinus,0.008,0.022,-1,Echolocation,/mnt/ubna_data_01_mir/recover-20220825/UBNA_002/20220823_033000.WAV,Telephone Field,recover-20220825,002,1795
598.2865,598.2992,22890,27708,Nyctalus leisleri,0.013,0.026,-1,Echolocation,/mnt/ubna_data_01_mir/recover-20220825/UBNA_002/20220823_033000.WAV,Telephone Field,recover-20220825,002,1795
598.3235,598.3328,24609,32280,Eptesicus serotinus,0.007,0.022,-1,Echolocation,/mnt/ubna_data_01_mir/recover-20220825/UBNA_002/20220823_033000.WAV,Telephone Field,recover-20220825,002,1795
598.3545,598.3676,11718,24084,Eptesicus serotinus,0.011,0.02,-1,Echolocation,/mnt/ubna_data_01_mir/recover-20220825/UBNA_002/20220823_033000.WAV,Telephone Field,recover-20220825,002,1795
598.3835,598.3901,27187,41317,Eptesicus serotinus,0.006,0.021,-1,Echolocation,/mnt/ubna_data_01_mir/recover-20220825/UBNA_002/20220823_033000.WAV,Telephone Field,recover-20220825,002,1795
598.4014999999999,598.4115,22890,29589,Nyctalus leisleri,0.009,0.024,-1,Echolocation,/mnt/ubna_data_01_mir/recover-20220825/UBNA_002/20220823_033000.WAV,Telephone Field,recover-20220825,002,1795
598.4155,598.4558,68437,82683,Rhinolophus ferrumequinum,0.05,0.05,-1,Echolocation,/mnt/ubna_data_01_mir/recover-20220825/UBNA_002/20220823_033000.WAV,Telephone Field,recover-20220825,002,1795
598.4525,598.4952,68437,82951,Rhinolophus ferrumequinum,0.034,0.034,-1,Echolocation,/mnt/ubna_data_01_mir/recover-20220825/UBNA_002/20220823_033000.WAV,Telephone Field,recover-20220825,002,1795
598.5425,598.586,68437,83386,Rhinolophus ferrumequinum,0.025,0.025,-1,Echolocation,/mnt/ubna_data_01_mir/recover-20220825/UBNA_002/20220823_033000.WAV,Telephone Field,recover-20220825,002,1795
598.5825,598.6212,68437,82090,Rhinolophus ferrumequinum,0.021,0.021,-1,Echolocation,/mnt/ubna_data_01_mir/recover-20220825/UBNA_002/20220823_033000.WAV,Telephone Field,recover-20220825,002,1795
598.6375,598.6442,28906,38938,Eptesicus serotinus,0.007,0.025,-1,Echolocation,/mnt/ubna_data_01_mir/recover-20220825/UBNA_002/20220823_033000.WAV,Telephone Field,recover-20220825,002,1795
598.6725,598.712,68437,81523,Rhinolophus ferrumequinum,0.021,0.021,-1,Echolocation,/mnt/ubna_data_01_mir/recover-20220825/UBNA_002/20220823_033000.WAV,Telephone Field,recover-20220825,002,1795
598.7245,598.7662,68437,82763,Rhinolophus ferrumequinum,0.025,0.025,-1,Echolocation,/mnt/ubna_data_01_mir/recover-20220825/UBNA_002/20220823_033000.WAV,Telephone Field,recover-20220825,002,1795
598.7695,598.8098,68437,83460,Rhinolophus ferrumequinum,0.023,0.023,-1,Echolocation,/mnt/ubna_data_01_mir/recover-20220825/UBNA_002/20220823_033000.WAV,Telephone Field,recover-20220825,002,1795
598.8155,598.8276,22890,27102,Nyctalus leisleri,0.011,0.021,-1,Echolocation,/mnt/ubna_data_01_mir/recover-20220825/UBNA_002/20220823_033000.WAV,Telephone Field,recover-20220825,002,1795
598.8275,598.8666,68437,82343,Rhinolophus ferrumequinum,0.021,0.021,-1,Echolocation,/mnt/ubna_data_01_mir/recover-20220825/UBNA_002/20220823_033000.WAV,Telephone Field,recover-20220825,002,1795
598.8665,598.9039,68437,82189,Rhinolophus ferrumequinum,0.02,0.02,-1,Echolocation,/mnt/ubna_data_01_mir/recover-20220825/UBNA_002/20220823_033000.WAV,Telephone Field,recover-20220825,002,1795
598.8745,598.8824,27187,38633,Eptesicus serotinus,0.007,0.022,-1,Echolocation,/mnt/ubna_data_01_mir/recover-20220825/UBNA_002/20220823_033000.WAV,Telephone Field,recover-20220825,002,1795
598.8755,598.8841,22890,29893,Plecotus austriacus,0.007,0.021,-1,Echolocation,/mnt/ubna_data_01_mir/recover-20220825/UBNA_002/20220823_033000.WAV,Telephone Field,recover-20220825,002,1795
598.9435,598.9493,24609,36022,Plecotus austriacus,0.017,0.045,-1,Echolocation,/mnt/ubna_data_01_mir/recover-20220825/UBNA_002/20220823_033000.WAV,Telephone Field,recover-20220825,002,1795
598.9515,598.9596,28046,38053,Eptesicus serotinus,0.007,0.021,-1,Echolocation,/mnt/ubna_data_01_mir/recover-20220825/UBNA_002/20220823_033000.WAV,Telephone Field,recover-20220825,002,1795
598.9715,599.0131,68437,83071,Rhinolophus ferrumequinum,0.026,0.026,-1,Echolocation,/mnt/ubna_data_01_mir/recover-20220825/UBNA_002/20220823_033000.WAV,Telephone Field,recover-20220825,002,1795
599.0455,599.0536,24609,32640,Eptesicus serotinus,0.007,0.021,-1,Echolocation,/mnt/ubna_data_01_mir/recover-20220825/UBNA_002/20220823_033000.WAV,Telephone Field,recover-20220825,002,1795
599.1105,599.1184,27187,37177,Eptesicus serotinus,0.008,0.022,-1,Echolocation,/mnt/ubna_data_01_mir/recover-20220825/UBNA_002/20220823_033000.WAV,Telephone Field,recover-20220825,002,1795
599.1325,599.1691,68437,82242,Rhinolophus ferrumequinum,0.022,0.022,-1,Echolocation,/mnt/ubna_data_01_mir/recover-20220825/UBNA_002/20220823_033000.WAV,Telephone Field,recover-20220825,002,1795
599.1485,599.1868,68437,82684,Rhinolophus ferrumequinum,0.024,0.024,-1,Echolocation,/mnt/ubna_data_01_mir/recover-20220825/UBNA_002/20220823_033000.WAV,Telephone Field,recover-20220825,002,1795
599.1745,599.2133,68437,82473,Rhinolophus ferrumequinum,0.021,0.021,-1,Echolocation,/mnt/ubna_data_01_mir/recover-20220825/UBNA_002/20220823_033000.WAV,Telephone Field,recover-20220825,002,1795
599.1875,599.2272,68437,83319,Rhinolophus ferrumequinum,0.02,0.02,-1,Echolocation,/mnt/ubna_data_01_mir/recover-20220825/UBNA_002/20220823_033000.WAV,Telephone Field,recover-20220825,002,1795
599.2355,599.2734,68437,82512,Rhinolophus ferrumequinum,0.024,0.024,-1,Echolocation,/mnt/ubna_data_01_mir/recover-20220825/UBNA_002/20220823_033000.WAV,Telephone Field,recover-20220825,002,1795
599.2665,599.2754,23750,31300,Plecotus austriacus,0.007,0.023,-1,Echolocation,/mnt/ubna_data_01_mir/recover-20220825/UBNA_002/20220823_033000.WAV,Telephone Field,recover-20220825,002,1795
599.2835,599.2906,28046,38451,Eptesicus serotinus,0.006,0.021,-1,Echolocation,/mnt/ubna_data_01_mir/recover-20220825/UBNA_002/20220823_033000.WAV,Telephone Field,recover-20220825,002,1795
599.3695,599.3785,48671,52540,Pipistrellus pipistrellus,0.019,0.022,-1,Echolocation,/mnt/ubna_data_01_mir/recover-20220825/UBNA_002/20220823_033000.WAV,Telephone Field,recover-20220825,002,1795
599.3875,599.4283,68437,82597,Rhinolophus ferrumequinum,0.026,0.026,-1,Echolocation,/mnt/ubna_data_01_mir/recover-20220825/UBNA_002/20220823_033000.WAV,Telephone Field,recover-20220825,002,1795
599.4215,599.4612,68437,81930,Rhinolophus ferrumequinum,0.022,0.022,-1,Echolocation,/mnt/ubna_data_01_mir/recover-20220825/UBNA_002/20220823_033000.WAV,Telephone Field,recover-20220825,002,1795
599.4255,599.4323,34062,49186,Myotis daubentonii,0.01,0.023,-1,Echolocation,/mnt/ubna_data_01_mir/recover-20220825/UBNA_002/20220823_033000.WAV,Telephone Field,recover-20220825,002,1795
599.4865,599.5285,68437,83163,Rhinolophus ferrumequinum,0.037,0.037,-1,Echolocation,/mnt/ubna_data_01_mir/recover-20220825/UBNA_002/20220823_033000.WAV,Telephone Field,recover-20220825,002,1795
599.5125,599.5231,23750,29547,Nyctalus leisleri,0.009,0.023,-1,Echolocation,/mnt/ubna_data_01_mir/recover-20220825/UBNA_002/20220823_033000.WAV,Telephone Field,recover-20220825,002,1795
599.5435,599.5816,68437,82157,Rhinolophus ferrumequinum,0.02,0.02,-1,Echolocation,/mnt/ubna_data_01_mir/recover-20220825/UBNA_002/20220823_033000.WAV,Telephone Field,recover-20220825,002,1795
599.5455,599.5556,22890,28658,Nyctalus leisleri,0.009,0.023,-1,Echolocation,/mnt/ubna_data_01_mir/recover-20220825/UBNA_002/20220823_033000.WAV,Telephone Field,recover-20220825,002,1795
599.5965,599.6055,28046,37164,Eptesicus serotinus,0.01,0.022,-1,Echolocation,/mnt/ubna_data_01_mir/recover-20220825/UBNA_002/20220823_033000.WAV,Telephone Field,recover-20220825,002,1795
599.5975,599.6368,68437,81915,Rhinolophus ferrumequinum,0.024,0.024,-1,Echolocation,/mnt/ubna_data_01_mir/recover-20220825/UBNA_002/20220823_033000.WAV,Telephone Field,recover-20220825,002,1795
599.6255,599.6323,27187,35686,Eptesicus serotinus,0.009,0.029,-1,Echolocation,/mnt/ubna_data_01_mir/recover-20220825/UBNA_002/20220823_033000.WAV,Telephone Field,recover-20220825,002,1795
599.6365,599.6744,68437,82247,Rhinolophus ferrumequinum,0.021,0.021,-1,Echolocation,/mnt/ubna_data_01_mir/recover-20220825/UBNA_002/20220823_033000.WAV,Telephone Field,recover-20220825,002,1795
599.6735,599.712,68437,81781,Rhinolophus ferrumequinum,0.021,0.021,-1,Echolocation,/mnt/ubna_data_01_mir/recover-20220825/UBNA_002/20220823_033000.WAV,Telephone Field,recover-20220825,002,1795
599.6735,599.6821,27187,39990,Eptesicus serotinus,0.007,0.02,-1,Echolocation,/mnt/ubna_data_01_mir/recover-20220825/UBNA_002/20220823_033000.WAV,Telephone Field,recover-20220825,002,1795
599.6935,599.705,23750,29947,Nyctalus leisleri,0.01,0.026,-1,Echolocation,/mnt/ubna_data_01_mir/recover-20220825/UBNA_002/20220823_033000.WAV,Telephone Field,recover-20220825,002,1795
599.7325,599.7392,28046,40255,Eptesicus serotinus,0.007,0.024,-1,Echolocation,/mnt/ubna_data_01_mir/recover-20220825/UBNA_002/20220823_033000.WAV,Telephone Field,recover-20220825,002,1795
599.7575,599.7735,22890,27443,Nyctalus leisleri,0.021,0.037,-1,Echolocation,/mnt/ubna_data_01_mir/recover-20220825/UBNA_002/20220823_033000.WAV,Telephone Field,recover-20220825,002,1795
599.8195,599.8587,68437,82503,Rhinolophus ferrumequinum,0.021,0.021,-1,Echolocation,/mnt/ubna_data_01_mir/recover-20220825/UBNA_002/20220823_033000.WAV,Telephone Field,recover-20220825,002,1795
599.8375,599.8788,68437,82464,Rhinolophus ferrumequinum,0.02,0.02,-1,Echolocation,/mnt/ubna_data_01_mir/recover-20220825/UBNA_002/20220823_033000.WAV,Telephone Field,recover-20220825,002,1795
599.8415,599.8522,23750,30543,Nyctalus leisleri,0.01,0.027,-1,Echolocation,/mnt/ubna_data_01_mir/recover-20220825/UBNA_002/20220823_033000.WAV,Telephone Field,recover-20220825,002,1795
599.8605,599.8683,47812,51301,Pipistrellus pipistrellus,0.023,0.025,-1,Echolocation,/mnt/ubna_data_01_mir/recover-20220825/UBNA_002/20220823_033000.WAV,Telephone Field,recover-20220825,002,1795
599.9225,599.9307,27187,39228,Eptesicus serotinus,0.008,0.021,-1,Echolocation,/mnt/ubna_data_01_mir/recover-20220825/UBNA_002/20220823_033000.WAV,Telephone Field,recover-20220825,002,1795
599.9425,599.9856,68437,83528,Rhinolophus ferrumequinum,0.035,0.035,-1,Echolocation,/mnt/ubna_data_01_mir/recover-20220825/UBNA_002/20220823_033000.WAV,Telephone Field,recover-20220825,002,1795
599.9825,599.9913,47812,52441,Pipistrellus pipistrellus,0.018,0.02,-1,Echolocation,/mnt/ubna_data_01_mir/recover-20220825/UBNA_002/20220823_033000.WAV,Telephone Field,recover-20220825,002,1795
599.9845,599.9935,27187,36382,Eptesicus serotinus,0.01,0.024,-1,Echolocation,/mnt/ubna_data_01_mir/recover-20220825/UBNA_002/20220823_033000.WAV,Telephone Field,recover-20220825,002,1795
600.0015,600.0343,68437,80632,Rhinolophus ferrumequinum,0.03,0.03,-1,Echolocation,/mnt/ubna_data_01_mir/recover-20220825/UBNA_002/20220823_033000.WAV,Telephone Field,recover-20220825,002,1795
600.0015,600.0111,23750,29746,Nyctalus leisleri,0.014,0.033,-1,Echolocation,/mnt/ubna_data_01_mir/recover-20220825/UBNA_002/20220823_033000.WAV,Telephone Field,recover-20220825,002,1795
600.0015,600.0122,47812,54229,Pipistrellus pipistrellus,0.018,0.024,-1,Echolocation,/mnt/ubna_data_01_mir/recover-20220825/UBNA_002/20220823_033000.WAV,Telephone Field,recover-20220825,002,1795
600.0095,600.0538,68437,83648,Rhinolophus ferrumequinum,0.023,0.023,-1,Echolocation,/mnt/ubna_data_01_mir/recover-20220825/UBNA_002/20220823_033000.WAV,Telephone Field,recover-20220825,002,1795
600.0645,600.0721,28906,39600,Eptesicus serotinus,0.009,0.024,-1,Echolocation,/mnt/ubna_data_01_mir/recover-20220825/UBNA_002/20220823_033000.WAV,Telephone Field,recover-20220825,002,1795
600.0835,600.0972,24609,29263,Nyctalus leisleri,0.017,0.034,-1,Echolocation,/mnt/ubna_data_01_mir/recover-20220825/UBNA_002/20220823_033000.WAV,Telephone Field,recover-20220825,002,1795
600.1025,600.1438,68437,82760,Rhinolophus ferrumequinum,0.025,0.025,-1,Echolocation,/mnt/ubna_data_01_mir/recover-20220825/UBNA_002/20220823_033000.WAV,Telephone Field,recover-20220825,002,1795
600.1035,600.1119,28046,39119,Eptesicus serotinus,0.009,0.022,-1,Echolocation,/mnt/ubna_data_01_mir/recover-20220825/UBNA_002/20220823_033000.WAV,Telephone Field,recover-20220825,002,1795
600.1225,600.1596,68437,81703,Rhinolophus ferrumequinum,0.022,0.022,-1,Echolocation,/mnt/ubna_data_01_mir/recover-20220825/UBNA_002/20220823_033000.WAV,Telephone Field,recover-20220825,002,1795
600.1665,600.2036,68437,81723,Rhinolophus ferrumequinum,0.023,0.023,-1,Echolocation,/mnt/ubna_data_01_mir/recover-20220825/UBNA_002/20220823_033000.WAV,Telephone Field,recover-20220825,002,1795
600.2095,600.2474,68437,81677,Rhinolophus ferrumequinum,0.022,0.022,-1,Echolocation,/mnt/ubna_data_01_mir/recover-20220825/UBNA_002/20220823_033000.WAV,Telephone Field,recover-20220825,002,1795
600.2195,600.2595,68437,82576,Rhinolophus ferrumequinum,0.026,0.026,-1,Echolocation,/mnt/ubna_data_01_mir/recover-20220825/UBNA_002/20220823_033000.WAV,Telephone Field,recover-20220825,002,1795
600.2325,600.2409,23750,30518,Plecotus austriacus,0.007,0.022,-1,Echolocation,/mnt/ubna_data_01_mir/recover-20220825/UBNA_002/20220823_033000.WAV,Telephone Field,recover-20220825,002,1795
600.2345,600.2741,68437,82372,Rhinolophus ferrumequinum,0.023,0.023,-1,Echolocation,/mnt/ubna_data_01_mir/recover-20220825/UBNA_002/20220823_033000.WAV,Telephone Field,recover-20220825,002,1795
600.2355,600.2524,15156,20250,Nyctalus noctula,0.033,0.044,-1,Echolocation,/mnt/ubna_data_01_mir/recover-20220825/UBNA_002/20220823_033000.WAV,Telephone Field,recover-20220825,002,1795
600.3005,600.3404,68437,82205,Rhinolophus ferrumequinum,0.021,0.021,-1,Echolocation,/mnt/ubna_data_01_mir/recover-20220825/UBNA_002/20220823_033000.WAV,Telephone Field,recover-20220825,002,1795
600.3005,600.3106,25468,32714,Eptesicus serotinus,0.008,0.021,-1,Echolocation,/mnt/ubna_data_01_mir/recover-20220825/UBNA_002/20220823_033000.WAV,Telephone Field,recover-20220825,002,1795
600.3555,600.3961,68437,82513,Rhinolophus ferrumequinum,0.021,0.021,-1,Echolocation,/mnt/ubna_data_01_mir/recover-20220825/UBNA_002/20220823_033000.WAV,Telephone Field,recover-20220825,002,1795
600.3725,600.3821,24609,31538,Nyctalus leisleri,0.007,0.021,-1,Echolocation,/mnt/ubna_data_01_mir/recover-20220825/UBNA_002/20220823_033000.WAV,Telephone Field,recover-20220825,002,1795
600.3905,600.428,68437,81927,Rhinolophus ferrumequinum,0.022,0.022,-1,Echolocation,/mnt/ubna_data_01_mir/recover-20220825/UBNA_002/20220823_033000.WAV,Telephone Field,recover-20220825,002,1795
600.4485,600.4647,17734,21685,Nyctalus noctula,0.015,0.022,-1,Echolocation,/mnt/ubna_data_01_mir/recover-20220825/UBNA_002/20220823_033000.WAV,Telephone Field,recover-20220825,002,1795
600.4505,600.4881,68437,81246,Rhinolophus ferrumequinum,0.022,0.022,-1,Echolocation,/mnt/ubna_data_01_mir/recover-20220825/UBNA_002/20220823_033000.WAV,Telephone Field,recover-20220825,002,1795
600.4575,600.4947,68437,81468,Rhinolophus ferrumequinum,0.022,0.022,-1,Echolocation,/mnt/ubna_data_01_mir/recover-20220825/UBNA_002/20220823_033000.WAV,Telephone Field,recover-20220825,002,1795
600.5715,600.6114,68437,82769,Rhinolophus ferrumequinum,0.023,0.023,-1,Echolocation,/mnt/ubna_data_01_mir/recover-20220825/UBNA_002/20220823_033000.WAV,Telephone Field,recover-20220825,002,1795
600.6235,600.6621,68437,81658,Rhinolophus ferrumequinum,0.025,0.025,-1,Echolocation,/mnt/ubna_data_01_mir/recover-20220825/UBNA_002/20220823_033000.WAV,Telephone Field,recover-20220825,002,1795
600.6915,600.7295,68437,81768,Rhinolophus ferrumequinum,0.022,0.022,-1,Echolocation,/mnt/ubna_data_01_mir/recover-20220825/UBNA_002/20220823_033000.WAV,Telephone Field,recover-20220825,002,1795
600.7935,600.8089,38359,42592,Pipistrellus nathusii,0.011,0.022,-1,Echolocation,/mnt/ubna_data_01_mir/recover-20220825/UBNA_002/20220823_033000.WAV,Telephone Field,recover-20220825,002,1795
600.7975,600.8335,68437,81511,Rhinolophus ferrumequinum,0.022,0.022,-1,Echolocation,/mnt/ubna_data_01_mir/recover-20220825/UBNA_002/20220823_033000.WAV,Telephone Field,recover-20220825,002,1795
600.8105,600.8197,27187,35226,Eptesicus serotinus,0.012,0.028,-1,Echolocation,/mnt/ubna_data_01_mir/recover-20220825/UBNA_002/20220823_033000.WAV,Telephone Field,recover-20220825,002,1795
600.8235,600.8593,68437,82175,Rhinolophus ferrumequinum,0.024,0.024,-1,Echolocation,/mnt/ubna_data_01_mir/recover-20220825/UBNA_002/20220823_033000.WAV,Telephone Field,recover-20220825,002,1795
600.8385,600.8802,68437,83065,Rhinolophus ferrumequinum,0.024,0.024,-1,Echolocation,/mnt/ubna_data_01_mir/recover-20220825/UBNA_002/20220823_033000.WAV,Telephone Field,recover-20220825,002,1795
600.9595,600.9664,28046,40486,Eptesicus serotinus,0.006,0.023,-1,Echolocation,/mnt/ubna_data_01_mir/recover-20220825/UBNA_002/20220823_033000.WAV,Telephone Field,recover-20220825,002,1795
600.9665,600.975,43515,49221,Pipistrellus pipistrellus,0.02,0.027,-1,Echolocation,/mnt/ubna_data_01_mir/recover-20220825/UBNA_002/20220823_033000.WAV,Telephone Field,recover-20220825,002,1795
600.9965,601.0043,47812,53036,Pipistrellus pipistrellus,0.02,0.021,-1,Echolocation,/mnt/ubna_data_01_mir/recover-20220825/UBNA_002/20220823_033000.WAV,Telephone Field,recover-20220825,002,1795
601.0155,601.0546,68437,82036,Rhinolophus ferrumequinum,0.021,0.021,-1,Echolocation,/mnt/ubna_data_01_mir/recover-20220825/UBNA_002/20220823_033000.WAV,Telephone Field,recover-20220825,002,1795
601.0235,601.0614,68437,82020,Rhinolophus ferrumequinum,0.025,0.025,-1,Echolocation,/mnt/ubna_data_01_mir/recover-20220825/UBNA_002/20220823_033000.WAV,Telephone Field,recover-20220825,002,1795
601.0805,601.1221,68437,82514,Rhinolophus ferrumequinum,0.022,0.022,-1,Echolocation,/mnt/ubna_data_01_mir/recover-20220825/UBNA_002/20220823_033000.WAV,Telephone Field,recover-20220825,002,1795
601.0845,601.0925,28046,40117,Eptesicus serotinus,0.007,0.024,-1,Echolocation,/mnt/ubna_data_01_mir/recover-20220825/UBNA_002/20220823_033000.WAV,Telephone Field,recover-20220825,002,1795
601.0925,601.132,68437,82207,Rhinolophus ferrumequinum,0.021,0.021,-1,Echolocation,/mnt/ubna_data_01_mir/recover-20220825/UBNA_002/20220823_033000.WAV,Telephone Field,recover-20220825,002,1795
601.1225,601.1297,24609,33906,Plecotus austriacus,0.011,0.025,-1,Echolocation,/mnt/ubna_data_01_mir/recover-20220825/UBNA_002/20220823_033000.WAV,Telephone Field,recover-20220825,002,1795
601.1315,601.1405,28906,37992,Eptesicus serotinus,0.008,0.024,-1,Echolocation,/mnt/ubna_data_01_mir/recover-20220825/UBNA_002/20220823_033000.WAV,Telephone Field,recover-20220825,002,1795
601.1485,601.156,27187,36057,Eptesicus serotinus,0.008,0.025,-1,Echolocation,/mnt/ubna_data_01_mir/recover-20220825/UBNA_002/20220823_033000.WAV,Telephone Field,recover-20220825,002,1795
601.1595,601.1691,34062,41444,Barbastellus barbastellus,0.005,0.023,-1,Echolocation,/mnt/ubna_data_01_mir/recover-20220825/UBNA_002/20220823_033000.WAV,Telephone Field,recover-20220825,002,1795
601.2335,601.2466,23750,28627,Nyctalus leisleri,0.017,0.035,-1,Echolocation,/mnt/ubna_data_01_mir/recover-20220825/UBNA_002/20220823_033000.WAV,Telephone Field,recover-20220825,002,1795
601.2375,601.2757,68437,82545,Rhinolophus ferrumequinum,0.021,0.021,-1,Echolocation,/mnt/ubna_data_01_mir/recover-20220825/UBNA_002/20220823_033000.WAV,Telephone Field,recover-20220825,002,1795
601.2505,601.2896,68437,81920,Rhinolophus ferrumequinum,0.022,0.022,-1,Echolocation,/mnt/ubna_data_01_mir/recover-20220825/UBNA_002/20220823_033000.WAV,Telephone Field,recover-20220825,002,1795
601.2745,601.3099,68437,81904,Rhinolophus ferrumequinum,0.022,0.022,-1,Echolocation,/mnt/ubna_data_01_mir/recover-20220825/UBNA_002/20220823_033000.WAV,Telephone Field,recover-20220825,002,1795
601.2825,601.3188,68437,81440,Rhinolophus ferrumequinum,0.021,0.021,-1,Echolocation,/mnt/ubna_data_01_mir/recover-20220825/UBNA_002/20220823_033000.WAV,Telephone Field,recover-20220825,002,1795
601.2825,601.2911,27187,38072,Eptesicus serotinus,0.008,0.021,-1,Echolocation,/mnt/ubna_data_01_mir/recover-20220825/UBNA_002/20220823_033000.WAV,Telephone Field,recover-20220825,002,1795
601.3225,601.3606,68437,82177,Rhinolophus ferrumequinum,0.022,0.022,-1,Echolocation,/mnt/ubna_data_01_mir/recover-20220825/UBNA_002/20220823_033000.WAV,Telephone Field,recover-20220825,002,1795
601.3755,601.4147,68437,82305,Rhinolophus ferrumequinum,0.023,0.023,-1,Echolocation,/mnt/ubna_data_01_mir/recover-20220825/UBNA_002/20220823_033000.WAV,Telephone Field,recover-20220825,002,1795
601.3915,601.3996,27187,36368,Eptesicus serotinus,0.009,0.022,-1,Echolocation,/mnt/ubna_data_01_mir/recover-20220825/UBNA_002/20220823_033000.WAV,Telephone Field,recover-20220825,002,1795
601.4005,601.4385,68437,82128,Rhinolophus ferrumequinum,0.021,0.021,-1,Echolocation,/mnt/ubna_data_01_mir/recover-20220825/UBNA_002/20220823_033000.WAV,Telephone Field,recover-20220825,002,1795
601.4185,601.4372,21171,23846,Nyctalus leisleri,0.02,0.031,-1,Echolocation,/mnt/ubna_data_01_mir/recover-20220825/UBNA_002/20220823_033000.WAV,Telephone Field,recover-20220825,002,1795
601.4315,601.4703,68437,82365,Rhinolophus ferrumequinum,0.024,0.024,-1,Echolocation,/mnt/ubna_data_01_mir/recover-20220825/UBNA_002/20220823_033000.WAV,Telephone Field,recover-20220825,002,1795
601.4445,601.4896,68437,83856,Rhinolophus ferrumequinum,0.035,0.035,-1,Echolocation,/mnt/ubna_data_01_mir/recover-20220825/UBNA_002/20220823_033000.WAV,Telephone Field,recover-20220825,002,1795
601.4655,601.4765,23750,29368,Nyctalus leisleri,0.01,0.022,-1,Echolocation,/mnt/ubna_data_01_mir/recover-20220825/UBNA_002/20220823_033000.WAV,Telephone Field,recover-20220825,002,1795
601.4715,601.5063,68437,81701,Rhinolophus ferrumequinum,0.021,0.021,-1,Echolocation,/mnt/ubna_data_01_mir/recover-20220825/UBNA_002/20220823_033000.WAV,Telephone Field,recover-20220825,002,1795
601.4825,601.4912,25468,33342,Eptesicus serotinus,0.009,0.023,-1,Echolocation,/mnt/ubna_data_01_mir/recover-20220825/UBNA_002/20220823_033000.WAV,Telephone Field,recover-20220825,002,1795
601.5245,601.5357,24609,30812,Nyctalus leisleri,0.008,0.021,-1,Echolocation,/mnt/ubna_data_01_mir/recover-20220825/UBNA_002/20220823_033000.WAV,Telephone Field,recover-20220825,002,1795
601.5265,601.568,68437,82716,Rhinolophus ferrumequinum,0.026,0.027,-1,Echolocation,/mnt/ubna_data_01_mir/recover-20220825/UBNA_002/20220823_033000.WAV,Telephone Field,recover-20220825,002,1795
601.5375,601.5813,68437,82994,Rhinolophus ferrumequinum,0.021,0.021,-1,Echolocation,/mnt/ubna_data_01_mir/recover-20220825/UBNA_002/20220823_033000.WAV,Telephone Field,recover-20220825,002,1795
601.5395,601.5482,27187,37354,Eptesicus serotinus,0.009,0.021,-1,Echolocation,/mnt/ubna_data_01_mir/recover-20220825/UBNA_002/20220823_033000.WAV,Telephone Field,recover-20220825,002,1795
601.5415,601.5505,22890,29860,Plecotus austriacus,0.008,0.021,-1,Echolocation,/mnt/ubna_data_01_mir/recover-20220825/UBNA_002/20220823_033000.WAV,Telephone Field,recover-20220825,002,1795
601.5945,601.6013,27187,36453,Plecotus auritus,0.01,0.031,-1,Echolocation,/mnt/ubna_data_01_mir/recover-20220825/UBNA_002/20220823_033000.WAV,Telephone Field,recover-20220825,002,1795
601.6075,601.6136,28046,42475,Eptesicus serotinus,0.005,0.023,-1,Echolocation,/mnt/ubna_data_01_mir/recover-20220825/UBNA_002/20220823_033000.WAV,Telephone Field,recover-20220825,002,1795
601.6325,601.6745,68437,83253,Rhinolophus ferrumequinum,0.026,0.026,-1,Echolocation,/mnt/ubna_data_01_mir/recover-20220825/UBNA_002/20220823_033000.WAV,Telephone Field,recover-20220825,002,1795
601.6595,601.669,22890,29926,Plecotus austriacus,0.007,0.024,-1,Echolocation,/mnt/ubna_data_01_mir/recover-20220825/UBNA_002/20220823_033000.WAV,Telephone Field,recover-20220825,002,1795
601.6605,601.6679,28906,38758,Eptesicus serotinus,0.008,0.023,-1,Echolocation,/mnt/ubna_data_01_mir/recover-20220825/UBNA_002/20220823_033000.WAV,Telephone Field,recover-20220825,002,1795
601.6715,601.6793,49531,55613,Pipistrellus pipistrellus,0.017,0.021,-1,Echolocation,/mnt/ubna_data_01_mir/recover-20220825/UBNA_002/20220823_033000.WAV,Telephone Field,recover-20220825,002,1795
601.6905,601.699,28906,36981,Eptesicus serotinus,0.007,0.021,-1,Echolocation,/mnt/ubna_data_01_mir/recover-20220825/UBNA_002/20220823_033000.WAV,Telephone Field,recover-20220825,002,1795
601.6915,601.7026,22031,26667,Nyctalus leisleri,0.01,0.021,-1,Echolocation,/mnt/ubna_data_01_mir/recover-20220825/UBNA_002/20220823_033000.WAV,Telephone Field,recover-20220825,002,1795
601.7025,601.7457,68437,83080,Rhinolophus ferrumequinum,0.032,0.032,-1,Echolocation,/mnt/ubna_data_01_mir/recover-20220825/UBNA_002/20220823_033000.WAV,Telephone Field,recover-20220825,002,1795
601.7125,601.7223,24609,31605,Nyctalus leisleri,0.008,0.025,-1,Echolocation,/mnt/ubna_data_01_mir/recover-20220825/UBNA_002/20220823_033000.WAV,Telephone Field,recover-20220825,002,1795
601.7275,601.7708,68437,83279,Rhinolophus ferrumequinum,0.031,0.031,-1,Echolocation,/mnt/ubna_data_01_mir/recover-20220825/UBNA_002/20220823_033000.WAV,Telephone Field,recover-20220825,002,1795
601.8615,601.902,68437,81982,Rhinolophus ferrumequinum,0.021,0.021,-1,Echolocation,/mnt/ubna_data_01_mir/recover-20220825/UBNA_002/20220823_033000.WAV,Telephone Field,recover-20220825,002,1795
601.9175,601.929,57265,61979,Pipistrellus pygmaeus,0.026,0.027,-1,Echolocation,/mnt/ubna_data_01_mir/recover-20220825/UBNA_002/20220823_033000.WAV,Telephone Field,recover-20220825,002,1795
601.9325,601.9734,68437,83218,Rhinolophus ferrumequinum,0.026,0.026,-1,Echolocation,/mnt/ubna_data_01_mir/recover-20220825/UBNA_002/20220823_033000.WAV,Telephone Field,recover-20220825,002,1795
601.9425,601.9543,22890,27589,Nyctalus leisleri,0.013,0.025,-1,Echolocation,/mnt/ubna_data_01_mir/recover-20220825/UBNA_002/20220823_033000.WAV,Telephone Field,recover-20220825,002,1795
601.9755,601.983,25468,34078,Eptesicus serotinus,0.006,0.021,-1,Echolocation,/mnt/ubna_data_01_mir/recover-20220825/UBNA_002/20220823_033000.WAV,Telephone Field,recover-20220825,002,1795
602.0015,602.0102,40937,47595,Pipistrellus nathusii,0.013,0.022,-1,Echolocation,/mnt/ubna_data_01_mir/recover-20220825/UBNA_002/20220823_033000.WAV,Telephone Field,recover-20220825,002,1795
602.0015,602.0331,68437,79771,Rhinolophus ferrumequinum,0.038,0.039,-1,Echolocation,/mnt/ubna_data_01_mir/recover-20220825/UBNA_002/20220823_033000.WAV,Telephone Field,recover-20220825,002,1795
602.0015,602.0107,23750,30168,Nyctalus leisleri,0.017,0.043,-1,Echolocation,/mnt/ubna_data_01_mir/recover-20220825/UBNA_002/20220823_033000.WAV,Telephone Field,recover-20220825,002,1795
602.0015,602.0086,47812,53139,Pipistrellus pipistrellus,0.016,0.025,-1,Echolocation,/mnt/ubna_data_01_mir/recover-20220825/UBNA_002/20220823_033000.WAV,Telephone Field,recover-20220825,002,1795
602.0105,602.0526,68437,82290,Rhinolophus ferrumequinum,0.021,0.021,-1,Echolocation,/mnt/ubna_data_01_mir/recover-20220825/UBNA_002/20220823_033000.WAV,Telephone Field,recover-20220825,002,1795
602.0635,602.0705,40078,51862,Myotis brandtii,0.007,0.023,-1,Echolocation,/mnt/ubna_data_01_mir/recover-20220825/UBNA_002/20220823_033000.WAV,Telephone Field,recover-20220825,002,1795
602.0665,602.074,32343,41496,Barbastellus barbastellus,0.008,0.023,-1,Echolocation,/mnt/ubna_data_01_mir/recover-20220825/UBNA_002/20220823_033000.WAV,Telephone Field,recover-20220825,002,1795
602.0825,602.0908,28046,35343,Eptesicus serotinus,0.015,0.033,-1,Echolocation,/mnt/ubna_data_01_mir/recover-20220825/UBNA_002/20220823_033000.WAV,Telephone Field,recover-20220825,002,1795
602.1345,602.1449,23750,29782,Nyctalus leisleri,0.008,0.022,-1,Echolocation,/mnt/ubna_data_01_mir/recover-20220825/UBNA_002/20220823_033000.WAV,Telephone Field,recover-20220825,002,1795
602.1525,602.1611,43515,50484,Pipistrellus nathusii,0.01,0.028,-1,Echolocation,/mnt/ubna_data_01_mir/recover-20220825/UBNA_002/20220823_033000.WAV,Telephone Field,recover-20220825,002,1795
602.1575,602.1648,27187,37121,Eptesicus serotinus,0.009,0.026,-1,Echolocation,/mnt/ubna_data_01_mir/recover-20220825/UBNA_002/20220823_033000.WAV,Telephone Field,recover-20220825,002,1795
602.1885,602.1966,58125,64118,Pipistrellus pygmaeus,0.032,0.032,-1,Echolocation,/mnt/ubna_data_01_mir/recover-20220825/UBNA_002/20220823_033000.WAV,Telephone Field,recover-20220825,002,1795
602.2045,602.2119,55546,61125,Pipistrellus pygmaeus,0.021,0.022,-1,Echolocation,/mnt/ubna_data_01_mir/recover-20220825/UBNA_002/20220823_033000.WAV,Telephone Field,recover-20220825,002,1795
602.2075,602.2137,39218,58813,Myotis brandtii,0.01,0.021,-1,Echolocation,/mnt/ubna_data_01_mir/recover-20220825/UBNA_002/20220823_033000.WAV,Telephone Field,recover-20220825,002,1795
602.2145,602.2228,34921,43465,Pipistrellus nathusii,0.009,0.028,-1,Echolocation,/mnt/ubna_data_01_mir/recover-20220825/UBNA_002/20220823_033000.WAV,Telephone Field,recover-20220825,002,1795
602.2165,602.2267,27187,37587,Eptesicus serotinus,0.013,0.026,-1,Echolocation,/mnt/ubna_data_01_mir/recover-20220825/UBNA_002/20220823_033000.WAV,Telephone Field,recover-20220825,002,1795
602.2315,602.2384,48671,54464,Pipistrellus pipistrellus,0.02,0.024,-1,Echolocation,/mnt/ubna_data_01_mir/recover-20220825/UBNA_002/20220823_033000.WAV,Telephone Field,recover-20220825,002,1795
602.2595,602.2687,41796,46199,Pipistrellus nathusii,0.022,0.033,-1,Echolocation,/mnt/ubna_data_01_mir/recover-20220825/UBNA_002/20220823_033000.WAV,Telephone Field,recover-20220825,002,1795
602.3145,602.3242,46953,49526,Pipistrellus pipistrellus,0.024,0.031,-1,Echolocation,/mnt/ubna_data_01_mir/recover-20220825/UBNA_002/20220823_033000.WAV,Telephone Field,recover-20220825,002,1795
602.3155,602.3237,27187,35082,Eptesicus serotinus,0.01,0.025,-1,Echolocation,/mnt/ubna_data_01_mir/recover-20220825/UBNA_002/20220823_033000.WAV,Telephone Field,recover-20220825,002,1795
602.3425,602.3808,68437,82267,Rhinolophus ferrumequinum,0.021,0.021,-1,Echolocation,/mnt/ubna_data_01_mir/recover-20220825/UBNA_002/20220823_033000.WAV,Telephone Field,recover-20220825,002,1795
602.3555,602.3612,38359,55616,Myotis brandtii,0.009,0.021,-1,Echolocation,/mnt/ubna_data_01_mir/recover-20220825/UBNA_002/20220823_033000.WAV,Telephone Field,recover-20220825,002,1795
602.3955,602.4055,28046,35899,Eptesicus serotinus,0.013,0.027,-1,Echolocation,/mnt/ubna_data_01_mir/recover-20220825/UBNA_002/20220823_033000.WAV,Telephone Field,recover-20220825,002,1795
602.4185,602.4269,40078,46133,Pipistrellus nathusii,0.009,0.023,-1,Echolocation,/mnt/ubna_data_01_mir/recover-20220825/UBNA_002/20220823_033000.WAV,Telephone Field,recover-20220825,002,1795
602.4375,602.4434,37500,51358,Barbastellus barbastellus,0.078,0.139,-1,Echolocation,/mnt/ubna_data_01_mir/recover-20220825/UBNA_002/20220823_033000.WAV,Telephone Field,recover-20220825,002,1795
602.4665,602.4721,47812,54124,Pipistrellus pipistrellus,0.021,0.023,-1,Echolocation,/mnt/ubna_data_01_mir/recover-20220825/UBNA_002/20220823_033000.WAV,Telephone Field,recover-20220825,002,1795
602.4775,602.4851,27187,39821,Eptesicus serotinus,0.007,0.021,-1,Echolocation,/mnt/ubna_data_01_mir/recover-20220825/UBNA_002/20220823_033000.WAV,Telephone Field,recover-20220825,002,1795
602.5055,602.5136,41796,53017,Pipistrellus nathusii,0.01,0.023,-1,Echolocation,/mnt/ubna_data_01_mir/recover-20220825/UBNA_002/20220823_033000.WAV,Telephone Field,recover-20220825,002,1795
602.5075,602.5221,23750,28389,Nyctalus leisleri,0.028,0.067,-1,Echolocation,/mnt/ubna_data_01_mir/recover-20220825/UBNA_002/20220823_033000.WAV,Telephone Field,recover-20220825,002,1795
602.5325,602.5403,41796,51133,Pipistrellus nathusii,0.02,0.039,-1,Echolocation,/mnt/ubna_data_01_mir/recover-20220825/UBNA_002/20220823_033000.WAV,Telephone Field,recover-20220825,002,1795
602.5585,602.5932,68437,80950,Rhinolophus ferrumequinum,0.021,0.021,-1,Echolocation,/mnt/ubna_data_01_mir/recover-20220825/UBNA_002/20220823_033000.WAV,Telephone Field,recover-20220825,002,1795
602.5775,602.5856,27187,40849,Eptesicus serotinus,0.008,0.023,-1,Echolocation,/mnt/ubna_data_01_mir/recover-20220825/UBNA_002/20220823_033000.WAV,Telephone Field,recover-20220825,002,1795
602.5875,602.5944,32343,42525,Barbastellus barbastellus,0.015,0.034,-1,Echolocation,/mnt/ubna_data_01_mir/recover-20220825/UBNA_002/20220823_033000.WAV,Telephone Field,recover-20220825,002,1795
602.6065,602.6433,68437,81756,Rhinolophus ferrumequinum,0.021,0.021,-1,Echolocation,/mnt/ubna_data_01_mir/recover-20220825/UBNA_002/20220823_033000.WAV,Telephone Field,recover-20220825,002,1795
602.6125,602.6208,40937,49362,Pipistrellus nathusii,0.034,0.065,-1,Echolocation,/mnt/ubna_data_01_mir/recover-20220825/UBNA_002/20220823_033000.WAV,Telephone Field,recover-20220825,002,1795
602.6155,602.6225,25468,42635,Eptesicus serotinus,0.006,0.022,-1,Echolocation,/mnt/ubna_data_01_mir/recover-20220825/UBNA_002/20220823_033000.WAV,Telephone Field,recover-20220825,002,1795
602.6565,602.6645,27187,38302,Eptesicus serotinus,0.009,0.026,-1,Echolocation,/mnt/ubna_data_01_mir/recover-20220825/UBNA_002/20220823_033000.WAV,Telephone Field,recover-20220825,002,1795
602.6815,602.6934,23750,29404,Nyctalus leisleri,0.011,0.027,-1,Echolocation,/mnt/ubna_data_01_mir/recover-20220825/UBNA_002/20220823_033000.WAV,Telephone Field,recover-20220825,002,1795
602.7005,602.7115,40937,45414,Pipistrellus nathusii,0.113,0.125,-1,Echolocation,/mnt/ubna_data_01_mir/recover-20220825/UBNA_002/20220823_033000.WAV,Telephone Field,recover-20220825,002,1795
602.7205,602.7594,68437,81923,Rhinolophus ferrumequinum,0.021,0.021,-1,Echolocation,/mnt/ubna_data_01_mir/recover-20220825/UBNA_002/20220823_033000.WAV,Telephone Field,recover-20220825,002,1795
602.7375,602.779,68437,83165,Rhinolophus ferrumequinum,0.029,0.029,-1,Echolocation,/mnt/ubna_data_01_mir/recover-20220825/UBNA_002/20220823_033000.WAV,Telephone Field,recover-20220825,002,1795
602.7415,602.7487,27187,37599,Eptesicus serotinus,0.008,0.023,-1,Echolocation,/mnt/ubna_data_01_mir/recover-20220825/UBNA_002/20220823_033000.WAV,Telephone Field,recover-20220825,002,1795
602.7485,602.7549,31484,43068,Barbastellus barbastellus,0.01,0.025,-1,Echolocation,/mnt/ubna_data_01_mir/recover-20220825/UBNA_002/20220823_033000.WAV,Telephone Field,recover-20220825,002,1795
602.7505,602.7596,40937,49092,Pipistrellus nathusii,0.031,0.038,-1,Echolocation,/mnt/ubna_data_01_mir/recover-20220825/UBNA_002/20220823_033000.WAV,Telephone Field,recover-20220825,002,1795
602.7635,602.8001,68437,81509,Rhinolophus ferrumequinum,0.023,0.023,-1,Echolocation,/mnt/ubna_data_01_mir/recover-20220825/UBNA_002/20220823_033000.WAV,Telephone Field,recover-20220825,002,1795
602.7915,602.7991,40078,50094,Pipistrellus nathusii,0.198,0.295,-1,Echolocation,/mnt/ubna_data_01_mir/recover-20220825/UBNA_002/20220823_033000.WAV,Telephone Field,recover-20220825,002,1795
602.8215,602.8542,68437,81259,Rhinolophus ferrumequinum,0.033,0.033,-1,Echolocation,/mnt/ubna_data_01_mir/recover-20220825/UBNA_002/20220823_033000.WAV,Telephone Field,recover-20220825,002,1795
602.8385,602.8452,32343,44686,Myotis daubentonii,0.009,0.022,-1,Echolocation,/mnt/ubna_data_01_mir/recover-20220825/UBNA_002/20220823_033000.WAV,Telephone Field,recover-20220825,002,1795
602.8405,602.8471,27187,39320,Eptesicus serotinus,0.005,0.021,-1,Echolocation,/mnt/ubna_data_01_mir/recover-20220825/UBNA_002/20220823_033000.WAV,Telephone Field,recover-20220825,002,1795
602.8485,602.8538,34062,50902,Myotis daubentonii,0.008,0.021,-1,Echolocation,/mnt/ubna_data_01_mir/recover-20220825/UBNA_002/20220823_033000.WAV,Telephone Field,recover-20220825,002,1795
602.8595,602.8688,40937,47550,Pipistrellus nathusii,0.021,0.032,-1,Echolocation,/mnt/ubna_data_01_mir/recover-20220825/UBNA_002/20220823_033000.WAV,Telephone Field,recover-20220825,002,1795
602.8625,602.87,34062,40002,Barbastellus barbastellus,0.013,0.026,-1,Echolocation,/mnt/ubna_data_01_mir/recover-20220825/UBNA_002/20220823_033000.WAV,Telephone Field,recover-20220825,002,1795
602.8805,602.8906,39218,43542,Pipistrellus nathusii,0.07,0.091,-1,Echolocation,/mnt/ubna_data_01_mir/recover-20220825/UBNA_002/20220823_033000.WAV,Telephone Field,recover-20220825,002,1795
602.8815,602.8918,23750,30061,Nyctalus leisleri,0.009,0.025,-1,Echolocation,/mnt/ubna_data_01_mir/recover-20220825/UBNA_002/20220823_033000.WAV,Telephone Field,recover-20220825,002,1795
602.9335,602.9418,27187,36545,Eptesicus serotinus,0.01,0.025,-1,Echolocation,/mnt/ubna_data_01_mir/recover-20220825/UBNA_002/20220823_033000.WAV,Telephone Field,recover-20220825,002,1795
602.9645,602.9714,40937,49478,Pipistrellus nathusii,0.111,0.296,-1,Echolocation,/mnt/ubna_data_01_mir/recover-20220825/UBNA_002/20220823_033000.WAV,Telephone Field,recover-20220825,002,1795
602.9675,602.9734,29765,51426,Barbastellus barbastellus,0.012,0.042,-1,Echolocation,/mnt/ubna_data_01_mir/recover-20220825/UBNA_002/20220823_033000.WAV,Telephone Field,recover-20220825,002,1795
602.9955,603.0045,26328,37680,Eptesicus serotinus,0.012,0.028,-1,Echolocation,/mnt/ubna_data_01_mir/recover-20220825/UBNA_002/20220823_033000.WAV,Telephone Field,recover-20220825,002,1795
602.9995,603.0057,36640,50868,Myotis brandtii,0.01,0.025,-1,Echolocation,/mnt/ubna_data_01_mir/recover-20220825/UBNA_002/20220823_033000.WAV,Telephone Field,recover-20220825,002,1795
603.0185,603.0304,37500,41958,Pipistrellus nathusii,0.02,0.032,-1,Echolocation,/mnt/ubna_data_01_mir/recover-20220825/UBNA_002/20220823_033000.WAV,Telephone Field,recover-20220825,002,1795
603.0245,603.0354,26328,33094,Eptesicus serotinus,0.019,0.039,-1,Echolocation,/mnt/ubna_data_01_mir/recover-20220825/UBNA_002/20220823_033000.WAV,Telephone Field,recover-20220825,002,1795
603.0545,603.0602,39218,47545,Pipistrellus nathusii,0.265,0.439,-1,Echolocation,/mnt/ubna_data_01_mir/recover-20220825/UBNA_002/20220823_033000.WAV,Telephone Field,recover-20220825,002,1795
603.0725,603.0824,25468,32612,Eptesicus serotinus,0.008,0.021,-1,Echolocation,/mnt/ubna_data_01_mir/recover-20220825/UBNA_002/20220823_033000.WAV,Telephone Field,recover-20220825,002,1795
603.0945,603.1323,68437,81824,Rhinolophus ferrumequinum,0.022,0.022,-1,Echolocation,/mnt/ubna_data_01_mir/recover-20220825/UBNA_002/20220823_033000.WAV,Telephone Field,recover-20220825,002,1795
603.1055,603.1168,32343,37189,Pipistrellus nathusii,0.01,0.032,-1,Echolocation,/mnt/ubna_data_01_mir/recover-20220825/UBNA_002/20220823_033000.WAV,Telephone Field,recover-20220825,002,1795
603.1065,603.1477,68437,82459,Rhinolophus ferrumequinum,0.021,0.021,-1,Echolocation,/mnt/ubna_data_01_mir/recover-20220825/UBNA_002/20220823_033000.WAV,Telephone Field,recover-20220825,002,1795
603.1285,603.1343,39218,56186,Myotis brandtii,0.009,0.021,-1,Echolocation,/mnt/ubna_data_01_mir/recover-20220825/UBNA_002/20220823_033000.WAV,Telephone Field,recover-20220825,002,1795
603.1415,603.1465,39218,51419,Pipistrellus nathusii,0.209,0.394,-1,Echolocation,/mnt/ubna_data_01_mir/recover-20220825/UBNA_002/20220823_033000.WAV,Telephone Field,recover-20220825,002,1795
603.1525,603.1606,27187,33564,Eptesicus serotinus,0.007,0.022,-1,Echolocation,/mnt/ubna_data_01_mir/recover-20220825/UBNA_002/20220823_033000.WAV,Telephone Field,recover-20220825,002,1795
603.1775,603.1869,27187,37973,Eptesicus serotinus,0.009,0.021,-1,Echolocation,/mnt/ubna_data_01_mir/recover-20220825/UBNA_002/20220823_033000.WAV,Telephone Field,recover-20220825,002,1795
603.1865,603.1957,28046,35392,Eptesicus serotinus,0.012,0.024,-1,Echolocation,/mnt/ubna_data_01_mir/recover-20220825/UBNA_002/20220823_033000.WAV,Telephone Field,recover-20220825,002,1795
603.1865,603.2256,68437,82131,Rhinolophus ferrumequinum,0.021,0.021,-1,Echolocation,/mnt/ubna_data_01_mir/recover-20220825/UBNA_002/20220823_033000.WAV,Telephone Field,recover-20220825,002,1795
603.2265,603.2323,38359,46597,Pipistrellus nathusii,0.301,0.442,-1,Echolocation,/mnt/ubna_data_01_mir/recover-20220825/UBNA_002/20220823_033000.WAV,Telephone Field,recover-20220825,002,1795
603.2575,603.2683,27187,34961,Eptesicus serotinus,0.016,0.028,-1,Echolocation,/mnt/ubna_data_01_mir/recover-20220825/UBNA_002/20220823_033000.WAV,Telephone Field,recover-20220825,002,1795
603.2595,603.296,68437,81785,Rhinolophus ferrumequinum,0.021,0.021,-1,Echolocation,/mnt/ubna_data_01_mir/recover-20220825/UBNA_002/20220823_033000.WAV,Telephone Field,recover-20220825,002,1795
603.2975,603.3023,38359,60969,Myotis brandtii,0.009,0.022,-1,Echolocation,/mnt/ubna_data_01_mir/recover-20220825/UBNA_002/20220823_033000.WAV,Telephone Field,recover-20220825,002,1795
603.3125,603.3184,38359,56192,Pipistrellus nathusii,0.154,0.419,-1,Echolocation,/mnt/ubna_data_01_mir/recover-20220825/UBNA_002/20220823_033000.WAV,Telephone Field,recover-20220825,002,1795
603.3215,603.3297,27187,34658,Eptesicus serotinus,0.008,0.027,-1,Echolocation,/mnt/ubna_data_01_mir/recover-20220825/UBNA_002/20220823_033000.WAV,Telephone Field,recover-20220825,002,1795
603.3265,603.3585,68437,80118,Rhinolophus ferrumequinum,0.024,0.024,-1,Echolocation,/mnt/ubna_data_01_mir/recover-20220825/UBNA_002/20220823_033000.WAV,Telephone Field,recover-20220825,002,1795
603.3505,603.3631,28906,33025,Eptesicus serotinus,0.025,0.05,-1,Echolocation,/mnt/ubna_data_01_mir/recover-20220825/UBNA_002/20220823_033000.WAV,Telephone Field,recover-20220825,002,1795
603.3595,603.3961,68437,81857,Rhinolophus ferrumequinum,0.021,0.021,-1,Echolocation,/mnt/ubna_data_01_mir/recover-20220825/UBNA_002/20220823_033000.WAV,Telephone Field,recover-20220825,002,1795
603.4005,603.4054,37500,50953,Pipistrellus nathusii,0.186,0.349,-1,Echolocation,/mnt/ubna_data_01_mir/recover-20220825/UBNA_002/20220823_033000.WAV,Telephone Field,recover-20220825,002,1795
603.4095,603.4161,26328,36648,Eptesicus serotinus,0.006,0.024,-1,Echolocation,/mnt/ubna_data_01_mir/recover-20220825/UBNA_002/20220823_033000.WAV,Telephone Field,recover-20220825,002,1795
603.4235,603.4334,22890,27590,Nyctalus leisleri,0.009,0.021,-1,Echolocation,/mnt/ubna_data_01_mir/recover-20220825/UBNA_002/20220823_033000.WAV,Telephone Field,recover-20220825,002,1795
603.4705,603.4768,39218,50795,Pipistrellus nathusii,0.164,0.411,-1,Echolocation,/mnt/ubna_data_01_mir/recover-20220825/UBNA_002/20220823_033000.WAV,Telephone Field,recover-20220825,002,1795
603.5205,603.5554,68437,81650,Rhinolophus ferrumequinum,0.026,0.026,-1,Echolocation,/mnt/ubna_data_01_mir/recover-20220825/UBNA_002/20220823_033000.WAV,Telephone Field,recover-20220825,002,1795
603.5225,603.5297,27187,34726,Eptesicus serotinus,0.006,0.021,-1,Echolocation,/mnt/ubna_data_01_mir/recover-20220825/UBNA_002/20220823_033000.WAV,Telephone Field,recover-20220825,002,1795
603.5275,603.5412,48671,53450,Pipistrellus pipistrellus,0.014,0.022,-1,Echolocation,/mnt/ubna_data_01_mir/recover-20220825/UBNA_002/20220823_033000.WAV,Telephone Field,recover-20220825,002,1795
603.5345,603.5396,27187,76503,Myotis bechsteinii,0.076,0.126,-1,Echolocation,/mnt/ubna_data_01_mir/recover-20220825/UBNA_002/20220823_033000.WAV,Telephone Field,recover-20220825,002,1795
603.5355,603.5401,37500,57295,Myotis brandtii,0.18,0.399,-1,Echolocation,/mnt/ubna_data_01_mir/recover-20220825/UBNA_002/20220823_033000.WAV,Telephone Field,recover-20220825,002,1795
603.5445,603.5519,27187,35895,Eptesicus serotinus,0.006,0.021,-1,Echolocation,/mnt/ubna_data_01_mir/recover-20220825/UBNA_002/20220823_033000.WAV,Telephone Field,recover-20220825,002,1795
603.5615,603.6028,68437,82467,Rhinolophus ferrumequinum,0.03,0.03,-1,Echolocation,/mnt/ubna_data_01_mir/recover-20220825/UBNA_002/20220823_033000.WAV,Telephone Field,recover-20220825,002,1795
603.5975,603.6027,38359,50764,Pipistrellus nathusii,0.128,0.318,-1,Echolocation,/mnt/ubna_data_01_mir/recover-20220825/UBNA_002/20220823_033000.WAV,Telephone Field,recover-20220825,002,1795
603.6055,603.6142,24609,30403,Nyctalus leisleri,0.01,0.023,-1,Echolocation,/mnt/ubna_data_01_mir/recover-20220825/UBNA_002/20220823_033000.WAV,Telephone Field,recover-20220825,002,1795
603.6495,603.6557,50390,58749,Pipistrellus pipistrellus,0.019,0.026,-1,Echolocation,/mnt/ubna_data_01_mir/recover-20220825/UBNA_002/20220823_033000.WAV,Telephone Field,recover-20220825,002,1795
603.6515,603.6899,68437,82503,Rhinolophus ferrumequinum,0.024,0.024,-1,Echolocation,/mnt/ubna_data_01_mir/recover-20220825/UBNA_002/20220823_033000.WAV,Telephone Field,recover-20220825,002,1795
603.6525,603.6596,27187,39128,Eptesicus serotinus,0.007,0.021,-1,Echolocation,/mnt/ubna_data_01_mir/recover-20220825/UBNA_002/20220823_033000.WAV,Telephone Field,recover-20220825,002,1795
603.6845,603.6897,28046,73752,Myotis bechsteinii,0.05,0.097,-1,Echolocation,/mnt/ubna_data_01_mir/recover-20220825/UBNA_002/20220823_033000.WAV,Telephone Field,recover-20220825,002,1795
603.6845,603.6896,38359,56564,Myotis brandtii,0.19,0.431,-1,Echolocation,/mnt/ubna_data_01_mir/recover-20220825/UBNA_002/20220823_033000.WAV,Telephone Field,recover-20220825,002,1795
603.6935,603.7001,26328,36292,Eptesicus serotinus,0.005,0.021,-1,Echolocation,/mnt/ubna_data_01_mir/recover-20220825/UBNA_002/20220823_033000.WAV,Telephone Field,recover-20220825,002,1795
603.7155,603.7241,39218,44755,Pipistrellus nathusii,0.011,0.026,-1,Echolocation,/mnt/ubna_data_01_mir/recover-20220825/UBNA_002/20220823_033000.WAV,Telephone Field,recover-20220825,002,1795
603.7235,603.7316,25468,33503,Eptesicus serotinus,0.007,0.021,-1,Echolocation,/mnt/ubna_data_01_mir/recover-20220825/UBNA_002/20220823_033000.WAV,Telephone Field,recover-20220825,002,1795
603.7655,603.7732,27187,34185,Eptesicus serotinus,0.007,0.021,-1,Echolocation,/mnt/ubna_data_01_mir/recover-20220825/UBNA_002/20220823_033000.WAV,Telephone Field,recover-20220825,002,1795
603.7775,603.7824,38359,54052,Pipistrellus nathusii,0.158,0.352,-1,Echolocation,/mnt/ubna_data_01_mir/recover-20220825/UBNA_002/20220823_033000.WAV,Telephone Field,recover-20220825,002,1795
603.7855,603.7925,27187,34861,Eptesicus serotinus,0.006,0.025,-1,Echolocation,/mnt/ubna_data_01_mir/recover-20220825/UBNA_002/20220823_033000.WAV,Telephone Field,recover-20220825,002,1795
603.8165,603.8259,25468,32189,Eptesicus serotinus,0.009,0.021,-1,Echolocation,/mnt/ubna_data_01_mir/recover-20220825/UBNA_002/20220823_033000.WAV,Telephone Field,recover-20220825,002,1795
603.8435,603.8568,22031,25340,Nyctalus leisleri,0.015,0.025,-1,Echolocation,/mnt/ubna_data_01_mir/recover-20220825/UBNA_002/20220823_033000.WAV,Telephone Field,recover-20220825,002,1795
603.8565,603.8613,38359,55564,Myotis brandtii,0.177,0.474,-1,Echolocation,/mnt/ubna_data_01_mir/recover-20220825/UBNA_002/20220823_033000.WAV,Telephone Field,recover-20220825,002,1795
603.8695,603.904,68437,80897,Rhinolophus ferrumequinum,0.021,0.021,-1,Echolocation,/mnt/ubna_data_01_mir/recover-20220825/UBNA_002/20220823_033000.WAV,Telephone Field,recover-20220825,002,1795
603.8765,603.9147,68437,81509,Rhinolophus ferrumequinum,0.022,0.022,-1,Echolocation,/mnt/ubna_data_01_mir/recover-20220825/UBNA_002/20220823_033000.WAV,Telephone Field,recover-20220825,002,1795
603.8885,603.8996,28906,35922,Eptesicus serotinus,0.012,0.025,-1,Echolocation,/mnt/ubna_data_01_mir/recover-20220825/UBNA_002/20220823_033000.WAV,Telephone Field,recover-20220825,002,1795
603.8995,603.9066,54687,61426,Pipistrellus pygmaeus,0.023,0.024,-1,Echolocation,/mnt/ubna_data_01_mir/recover-20220825/UBNA_002/20220823_033000.WAV,Telephone Field,recover-20220825,002,1795
603.9505,603.9554,39218,54173,Pipistrellus nathusii,0.235,0.429,-1,Echolocation,/mnt/ubna_data_01_mir/recover-20220825/UBNA_002/20220823_033000.WAV,Telephone Field,recover-20220825,002,1795
603.9595,603.966,26328,35469,Eptesicus serotinus,0.005,0.022,-1,Echolocation,/mnt/ubna_data_01_mir/recover-20220825/UBNA_002/20220823_033000.WAV,Telephone Field,recover-20220825,002,1795
603.9815,603.991,28046,36989,Eptesicus serotinus,0.009,0.023,-1,Echolocation,/mnt/ubna_data_01_mir/recover-20220825/UBNA_002/20220823_033000.WAV,Telephone Field,recover-20220825,002,1795
604.0015,604.0179,21171,27229,Nyctalus noctula,0.016,0.039,-1,Echolocation,/mnt/ubna_data_01_mir/recover-20220825/UBNA_002/20220823_033000.WAV,Telephone Field,recover-20220825,002,1795
604.0015,604.0285,69296,81362,Rhinolophus ferrumequinum,0.035,0.035,-1,Echolocation,/mnt/ubna_data_01_mir/recover-20220825/UBNA_002/20220823_033000.WAV,Telephone Field,recover-20220825,002,1795
604.0015,604.0079,48671,56893,Pipistrellus pipistrellus,0.017,0.035,-1,Echolocation,/mnt/ubna_data_01_mir/recover-20220825/UBNA_002/20220823_033000.WAV,Telephone Field,recover-20220825,002,1795
604.0115,604.0297,22031,27333,Nyctalus noctula,0.023,0.056,-1,Echolocation,/mnt/ubna_data_01_mir/recover-20220825/UBNA_002/20220823_033000.WAV,Telephone Field,recover-20220825,002,1795
604.0185,604.024,40078,59154,Myotis brandtii,0.225,0.428,-1,Echolocation,/mnt/ubna_data_01_mir/recover-20220825/UBNA_002/20220823_033000.WAV,Telephone Field,recover-20220825,002,1795
604.0615,604.0678,53828,61047,Pipistrellus pygmaeus,0.035,0.037,-1,Echolocation,/mnt/ubna_data_01_mir/recover-20220825/UBNA_002/20220823_033000.WAV,Telephone Field,recover-20220825,002,1795
604.0755,604.0809,34921,44448,Myotis daubentonii,0.014,0.034,-1,Echolocation,/mnt/ubna_data_01_mir/recover-20220825/UBNA_002/20220823_033000.WAV,Telephone Field,recover-20220825,002,1795
604.0905,604.0959,28906,72708,Myotis brandtii,0.025,0.038,-1,Echolocation,/mnt/ubna_data_01_mir/recover-20220825/UBNA_002/20220823_033000.WAV,Telephone Field,recover-20220825,002,1795
604.0905,604.0979,41796,55012,Pipistrellus nathusii,0.359,0.512,-1,Echolocation,/mnt/ubna_data_01_mir/recover-20220825/UBNA_002/20220823_033000.WAV,Telephone Field,recover-20220825,002,1795
604.1655,604.1708,40078,58763,Myotis brandtii,0.189,0.469,-1,Echolocation,/mnt/ubna_data_01_mir/recover-20220825/UBNA_002/20220823_033000.WAV,Telephone Field,recover-20220825,002,1795
604.1725,604.1867,22031,27181,Nyctalus leisleri,0.01,0.025,-1,Echolocation,/mnt/ubna_data_01_mir/recover-20220825/UBNA_002/20220823_033000.WAV,Telephone Field,recover-20220825,002,1795
604.1835,604.2224,68437,82732,Rhinolophus ferrumequinum,0.023,0.023,-1,Echolocation,/mnt/ubna_data_01_mir/recover-20220825/UBNA_002/20220823_033000.WAV,Telephone Field,recover-20220825,002,1795
604.1875,604.1948,28046,41281,Eptesicus serotinus,0.009,0.029,-1,Echolocation,/mnt/ubna_data_01_mir/recover-20220825/UBNA_002/20220823_033000.WAV,Telephone Field,recover-20220825,002,1795
604.1985,604.2057,49531,58195,Pipistrellus pipistrellus,0.017,0.022,-1,Echolocation,/mnt/ubna_data_01_mir/recover-20220825/UBNA_002/20220823_033000.WAV,Telephone Field,recover-20220825,002,1795
604.1985,604.2057,53828,61218,Pipistrellus pygmaeus,0.02,0.023,-1,Echolocation,/mnt/ubna_data_01_mir/recover-20220825/UBNA_002/20220823_033000.WAV,Telephone Field,recover-20220825,002,1795
604.2295,604.2695,68437,82468,Rhinolophus ferrumequinum,0.023,0.023,-1,Echolocation,/mnt/ubna_data_01_mir/recover-20220825/UBNA_002/20220823_033000.WAV,Telephone Field,recover-20220825,002,1795
604.2365,604.275,68437,81753,Rhinolophus ferrumequinum,0.021,0.021,-1,Echolocation,/mnt/ubna_data_01_mir/recover-20220825/UBNA_002/20220823_033000.WAV,Telephone Field,recover-20220825,002,1795
604.2375,604.2434,31484,62265,Myotis brandtii,0.018,0.026,-1,Echolocation,/mnt/ubna_data_01_mir/recover-20220825/UBNA_002/20220823_033000.WAV,Telephone Field,recover-20220825,002,1795
604.2385,604.2484,42656,48657,Pipistrellus nathusii,0.44,0.469,-1,Echolocation,/mnt/ubna_data_01_mir/recover-20220825/UBNA_002/20220823_033000.WAV,Telephone Field,recover-20220825,002,1795
604.2885,604.2957,24609,33210,Plecotus auritus,0.008,0.024,-1,Echolocation,/mnt/ubna_data_01_mir/recover-20220825/UBNA_002/20220823_033000.WAV,Telephone Field,recover-20220825,002,1795
604.2925,604.2983,32343,44254,Barbastellus barbastellus,0.007,0.022,-1,Echolocation,/mnt/ubna_data_01_mir/recover-20220825/UBNA_002/20220823_033000.WAV,Telephone Field,recover-20220825,002,1795
604.3055,604.316,42656,55483,Pipistrellus nathusii,0.321,0.378,-1,Echolocation,/mnt/ubna_data_01_mir/recover-20220825/UBNA_002/20220823_033000.WAV,Telephone Field,recover-20220825,002,1795
604.3055,604.3111,29765,66534,Myotis brandtii,0.019,0.029,-1,Echolocation,/mnt/ubna_data_01_mir/recover-20220825/UBNA_002/20220823_033000.WAV,Telephone Field,recover-20220825,002,1795
604.3725,604.3802,28046,35852,Eptesicus serotinus,0.013,0.031,-1,Echolocation,/mnt/ubna_data_01_mir/recover-20220825/UBNA_002/20220823_033000.WAV,Telephone Field,recover-20220825,002,1795
604.3855,604.3973,41796,48593,Pipistrellus nathusii,0.354,0.398,-1,Echolocation,/mnt/ubna_data_01_mir/recover-20220825/UBNA_002/20220823_033000.WAV,Telephone Field,recover-20220825,002,1795
604.4075,604.4138,56406,63250,Pipistrellus pygmaeus,0.024,0.024,-1,Echolocation,/mnt/ubna_data_01_mir/recover-20220825/UBNA_002/20220823_033000.WAV,Telephone Field,recover-20220825,002,1795
604.4355,604.474,68437,82392,Rhinolophus ferrumequinum,0.023,0.023,-1,Echolocation,/mnt/ubna_data_01_mir/recover-20220825/UBNA_002/20220823_033000.WAV,Telephone Field,recover-20220825,002,1795
604.4365,604.4432,54687,63638,Pipistrellus pygmaeus,0.021,0.022,-1,Echolocation,/mnt/ubna_data_01_mir/recover-20220825/UBNA_002/20220823_033000.WAV,Telephone Field,recover-20220825,002,1795
604.4475,604.4557,27187,39266,Eptesicus serotinus,0.009,0.024,-1,Echolocation,/mnt/ubna_data_01_mir/recover-20220825/UBNA_002/20220823_033000.WAV,Telephone Field,recover-20220825,002,1795
604.4695,604.4768,41796,57741,Pipistrellus nathusii,0.279,0.441,-1,Echolocation,/mnt/ubna_data_01_mir/recover-20220825/UBNA_002/20220823_033000.WAV,Telephone Field,recover-20220825,002,1795
604.4875,604.4954,28046,39927,Eptesicus serotinus,0.008,0.022,-1,Echolocation,/mnt/ubna_data_01_mir/recover-20220825/UBNA_002/20220823_033000.WAV,Telephone Field,recover-20220825,002,1795
604.5165,604.5569,68437,82531,Rhinolophus ferrumequinum,0.021,0.021,-1,Echolocation,/mnt/ubna_data_01_mir/recover-20220825/UBNA_002/20220823_033000.WAV,Telephone Field,recover-20220825,002,1795
604.5235,604.5295,35781,55311,Myotis brandtii,0.011,0.021,-1,Echolocation,/mnt/ubna_data_01_mir/recover-20220825/UBNA_002/20220823_033000.WAV,Telephone Field,recover-20220825,002,1795
604.5295,604.5359,49531,55804,Pipistrellus pipistrellus,0.016,0.021,-1,Echolocation,/mnt/ubna_data_01_mir/recover-20220825/UBNA_002/20220823_033000.WAV,Telephone Field,recover-20220825,002,1795
604.5575,604.5649,40937,52533,Pipistrellus nathusii,0.272,0.405,-1,Echolocation,/mnt/ubna_data_01_mir/recover-20220825/UBNA_002/20220823_033000.WAV,Telephone Field,recover-20220825,002,1795
604.5895,604.5973,27187,38801,Eptesicus serotinus,0.008,0.023,-1,Echolocation,/mnt/ubna_data_01_mir/recover-20220825/UBNA_002/20220823_033000.WAV,Telephone Field,recover-20220825,002,1795
604.5895,604.5974,37500,44779,Pipistrellus nathusii,0.01,0.03,-1,Echolocation,/mnt/ubna_data_01_mir/recover-20220825/UBNA_002/20220823_033000.WAV,Telephone Field,recover-20220825,002,1795
604.6225,604.6334,41796,57244,Pipistrellus nathusii,0.226,0.282,-1,Echolocation,/mnt/ubna_data_01_mir/recover-20220825/UBNA_002/20220823_033000.WAV,Telephone Field,recover-20220825,002,1795
604.6525,604.689,68437,81558,Rhinolophus ferrumequinum,0.022,0.022,-1,Echolocation,/mnt/ubna_data_01_mir/recover-20220825/UBNA_002/20220823_033000.WAV,Telephone Field,recover-20220825,002,1795
604.6565,604.6646,34062,41020,Barbastellus barbastellus,0.015,0.032,-1,Echolocation,/mnt/ubna_data_01_mir/recover-20220825/UBNA_002/20220823_033000.WAV,Telephone Field,recover-20220825,002,1795
604.6585,604.6659,28046,40083,Eptesicus serotinus,0.01,0.026,-1,Echolocation,/mnt/ubna_data_01_mir/recover-20220825/UBNA_002/20220823_033000.WAV,Telephone Field,recover-20220825,002,1795
604.6845,604.6913,40937,58033,Pipistrellus nathusii,0.197,0.385,-1,Echolocation,/mnt/ubna_data_01_mir/recover-20220825/UBNA_002/20220823_033000.WAV,Telephone Field,recover-20220825,002,1795
604.7195,604.7279,27187,38398,Eptesicus serotinus,0.008,0.022,-1,Echolocation,/mnt/ubna_data_01_mir/recover-20220825/UBNA_002/20220823_033000.WAV,Telephone Field,recover-20220825,002,1795
604.7415,604.7479,27187,39249,Eptesicus serotinus,0.005,0.022,-1,Echolocation,/mnt/ubna_data_01_mir/recover-20220825/UBNA_002/20220823_033000.WAV,Telephone Field,recover-20220825,002,1795
604.7445,604.7506,51250,58243,Pipistrellus pipistrellus,0.023,0.03,-1,Echolocation,/mnt/ubna_data_01_mir/recover-20220825/UBNA_002/20220823_033000.WAV,Telephone Field,recover-20220825,002,1795
604.7455,604.752,38359,63838,Myotis brandtii,0.015,0.021,-1,Echolocation,/mnt/ubna_data_01_mir/recover-20220825/UBNA_002/20220823_033000.WAV,Telephone Field,recover-20220825,002,1795
604.7535,604.7918,68437,82059,Rhinolophus ferrumequinum,0.026,0.026,-1,Echolocation,/mnt/ubna_data_01_mir/recover-20220825/UBNA_002/20220823_033000.WAV,Telephone Field,recover-20220825,002,1795
604.7655,604.7747,42656,56173,Pipistrellus nathusii,0.199,0.313,-1,Echolocation,/mnt/ubna_data_01_mir/recover-20220825/UBNA_002/20220823_033000.WAV,Telephone Field,recover-20220825,002,1795
604.8145,604.8243,28046,35309,Eptesicus serotinus,0.01,0.025,-1,Echolocation,/mnt/ubna_data_01_mir/recover-20220825/UBNA_002/20220823_033000.WAV,Telephone Field,recover-20220825,002,1795
604.8155,604.822,50390,56801,Pipistrellus pipistrellus,0.027,0.031,-1,Echolocation,/mnt/ubna_data_01_mir/recover-20220825/UBNA_002/20220823_033000.WAV,Telephone Field,recover-20220825,002,1795
604.8525,604.8645,41796,53449,Pipistrellus nathusii,0.278,0.334,-1,Echolocation,/mnt/ubna_data_01_mir/recover-20220825/UBNA_002/20220823_033000.WAV,Telephone Field,recover-20220825,002,1795
604.8645,604.8724,26328,37981,Eptesicus serotinus,0.007,0.023,-1,Echolocation,/mnt/ubna_data_01_mir/recover-20220825/UBNA_002/20220823_033000.WAV,Telephone Field,recover-20220825,002,1795
604.9195,604.9266,41796,63128,Myotis brandtii,0.181,0.426,-1,Echolocation,/mnt/ubna_data_01_mir/recover-20220825/UBNA_002/20220823_033000.WAV,Telephone Field,recover-20220825,002,1795
604.9495,604.9619,22890,27598,Nyctalus leisleri,0.01,0.022,-1,Echolocation,/mnt/ubna_data_01_mir/recover-20220825/UBNA_002/20220823_033000.WAV,Telephone Field,recover-20220825,002,1795
604.9795,604.9873,40937,62024,Pipistrellus nathusii,0.187,0.379,-1,Echolocation,/mnt/ubna_data_01_mir/recover-20220825/UBNA_002/20220823_033000.WAV,Telephone Field,recover-20220825,002,1795
604.9805,604.9893,54687,61450,Pipistrellus pygmaeus,0.063,0.068,-1,Echolocation,/mnt/ubna_data_01_mir/recover-20220825/UBNA_002/20220823_033000.WAV,Telephone Field,recover-20220825,002,1795
604.9965,605.0031,35781,63176,Myotis brandtii,0.016,0.023,-1,Echolocation,/mnt/ubna_data_01_mir/recover-20220825/UBNA_002/20220823_033000.WAV,Telephone Field,recover-20220825,002,1795
605.0005,605.0066,44375,54788,Pipistrellus pipistrellus,0.009,0.022,-1,Echolocation,/mnt/ubna_data_01_mir/recover-20220825/UBNA_002/20220823_033000.WAV,Telephone Field,recover-20220825,002,1795
605.0425,605.0478,49531,64397,Pipistrellus pipistrellus,0.011,0.027,-1,Echolocation,/mnt/ubna_data_01_mir/recover-20220825/UBNA_002/20220823_033000.WAV,Telephone Field,recover-20220825,002,1795
605.0535,605.0595,40078,66219,Myotis brandtii,0.321,0.458,-1,Echolocation,/mnt/ubna_data_01_mir/recover-20220825/UBNA_002/20220823_033000.WAV,Telephone Field,recover-20220825,002,1795
605.0675,605.0802,15156,22462,Nyctalus noctula,0.015,0.024,-1,Echolocation,/mnt/ubna_data_01_mir/recover-20220825/UBNA_002/20220823_033000.WAV,Telephone Field,recover-20220825,002,1795
605.0945,605.1346,68437,82218,Rhinolophus ferrumequinum,0.021,0.021,-1,Echolocation,/mnt/ubna_data_01_mir/recover-20220825/UBNA_002/20220823_033000.WAV,Telephone Field,recover-20220825,002,1795
605.1175,605.1233,40078,68474,Myotis brandtii,0.299,0.428,-1,Echolocation,/mnt/ubna_data_01_mir/recover-20220825/UBNA_002/20220823_033000.WAV,Telephone Field,recover-20220825,002,1795
605.1805,605.187,38359,76574,Myotis brandtii,0.461,0.512,-1,Echolocation,/mnt/ubna_data_01_mir/recover-20220825/UBNA_002/20220823_033000.WAV,Telephone Field,recover-20220825,002,1795
605.1805,605.1887,54687,60372,Pipistrellus pygmaeus,0.02,0.023,-1,Echolocation,/mnt/ubna_data_01_mir/recover-20220825/UBNA_002/20220823_033000.WAV,Telephone Field,recover-20220825,002,1795
605.1955,605.2039,27187,35454,Eptesicus serotinus,0.007,0.023,-1,Echolocation,/mnt/ubna_data_01_mir/recover-20220825/UBNA_002/20220823_033000.WAV,Telephone Field,recover-20220825,002,1795
605.2455,605.2555,36640,42897,Pipistrellus nathusii,0.027,0.05,-1,Echolocation,/mnt/ubna_data_01_mir/recover-20220825/UBNA_002/20220823_033000.WAV,Telephone Field,recover-20220825,002,1795
605.2455,605.2549,54687,60423,Pipistrellus pygmaeus,0.033,0.035,-1,Echolocation,/mnt/ubna_data_01_mir/recover-20220825/UBNA_002/20220823_033000.WAV,Telephone Field,recover-20220825,002,1795
605.2495,605.2568,27187,38708,Eptesicus serotinus,0.007,0.024,-1,Echolocation,/mnt/ubna_data_01_mir/recover-20220825/UBNA_002/20220823_033000.WAV,Telephone Field,recover-20220825,002,1795
605.2855,605.2943,44375,56710,Pipistrellus nathusii,0.021,0.041,-1,Echolocation,/mnt/ubna_data_01_mir/recover-20220825/UBNA_002/20220823_033000.WAV,Telephone Field,recover-20220825,002,1795
605.2865,605.2918,31484,68160,Myotis brandtii,0.023,0.033,-1,Echolocation,/mnt/ubna_data_01_mir/recover-20220825/UBNA_002/20220823_033000.WAV,Telephone Field,recover-20220825,002,1795
605.3065,605.3146,27187,33216,Eptesicus serotinus,0.006,0.021,-1,Echolocation,/mnt/ubna_data_01_mir/recover-20220825/UBNA_002/20220823_033000.WAV,Telephone Field,recover-20220825,002,1795
605.3095,605.3155,41796,56169,Myotis brandtii,0.009,0.033,-1,Echolocation,/mnt/ubna_data_01_mir/recover-20220825/UBNA_002/20220823_033000.WAV,Telephone Field,recover-20220825,002,1795
605.3165,605.3253,50390,60172,Pipistrellus pipistrellus,0.01,0.024,-1,Echolocation,/mnt/ubna_data_01_mir/recover-20220825/UBNA_002/20220823_033000.WAV,Telephone Field,recover-20220825,002,1795
605.3195,605.3261,38359,68676,Myotis brandtii,0.219,0.371,-1,Echolocation,/mnt/ubna_data_01_mir/recover-20220825/UBNA_002/20220823_033000.WAV,Telephone Field,recover-20220825,002,1795
605.3295,605.3353,31484,51259,Myotis brandtii,0.01,0.022,-1,Echolocation,/mnt/ubna_data_01_mir/recover-20220825/UBNA_002/20220823_033000.WAV,Telephone Field,recover-20220825,002,1795
605.3815,605.3865,41796,69039,Pipistrellus nathusii,0.502,0.533,-1,Echolocation,/mnt/ubna_data_01_mir/recover-20220825/UBNA_002/20220823_033000.WAV,Telephone Field,recover-20220825,002,1795
605.4355,605.4411,40937,69023,Pipistrellus nathusii,0.206,0.427,-1,Echolocation,/mnt/ubna_data_01_mir/recover-20220825/UBNA_002/20220823_033000.WAV,Telephone Field,recover-20220825,002,1795
605.4485,605.457,27187,33901,Eptesicus serotinus,0.014,0.036,-1,Echolocation,/mnt/ubna_data_01_mir/recover-20220825/UBNA_002/20220823_033000.WAV,Telephone Field,recover-20220825,002,1795
605.4875,605.4937,40937,70187,Pipistrellus nathusii,0.248,0.5,-1,Echolocation,/mnt/ubna_data_01_mir/recover-20220825/UBNA_002/20220823_033000.WAV,Telephone Field,recover-20220825,002,1795
605.5515,605.5602,51250,59040,Pipistrellus pipistrellus,0.023,0.05,-1,Echolocation,/mnt/ubna_data_01_mir/recover-20220825/UBNA_002/20220823_033000.WAV,Telephone Field,recover-20220825,002,1795
605.5575,605.5645,36640,75038,Myotis brandtii,0.355,0.41,-1,Echolocation,/mnt/ubna_data_01_mir/recover-20220825/UBNA_002/20220823_033000.WAV,Telephone Field,recover-20220825,002,1795
605.5595,605.566,50390,55576,Pipistrellus pipistrellus,0.022,0.039,-1,Echolocation,/mnt/ubna_data_01_mir/recover-20220825/UBNA_002/20220823_033000.WAV,Telephone Field,recover-20220825,002,1795
605.5665,605.5725,34921,48114,Myotis brandtii,0.01,0.022,-1,Echolocation,/mnt/ubna_data_01_mir/recover-20220825/UBNA_002/20220823_033000.WAV,Telephone Field,recover-20220825,002,1795
605.6015,605.6427,68437,83516,Rhinolophus ferrumequinum,0.026,0.026,-1,Echolocation,/mnt/ubna_data_01_mir/recover-20220825/UBNA_002/20220823_033000.WAV,Telephone Field,recover-20220825,002,1795
605.6075,605.6185,15156,20800,Nyctalus noctula,0.01,0.021,-1,Echolocation,/mnt/ubna_data_01_mir/recover-20220825/UBNA_002/20220823_033000.WAV,Telephone Field,recover-20220825,002,1795
605.6355,605.6422,34921,82762,Myotis brandtii,0.444,0.481,-1,Echolocation,/mnt/ubna_data_01_mir/recover-20220825/UBNA_002/20220823_033000.WAV,Telephone Field,recover-20220825,002,1795
605.6365,605.6434,43515,62608,Pipistrellus nathusii,0.134,0.144,-1,Echolocation,/mnt/ubna_data_01_mir/recover-20220825/UBNA_002/20220823_033000.WAV,Telephone Field,recover-20220825,002,1795
605.6455,605.6525,28906,40807,Myotis daubentonii,0.008,0.022,-1,Echolocation,/mnt/ubna_data_01_mir/recover-20220825/UBNA_002/20220823_033000.WAV,Telephone Field,recover-20220825,002,1795
605.6665,605.6995,68437,80178,Rhinolophus ferrumequinum,0.021,0.021,-1,Echolocation,/mnt/ubna_data_01_mir/recover-20220825/UBNA_002/20220823_033000.WAV,Telephone Field,recover-20220825,002,1795
605.6975,605.7042,35781,83964,Myotis brandtii,0.436,0.478,-1,Echolocation,/mnt/ubna_data_01_mir/recover-20220825/UBNA_002/20220823_033000.WAV,Telephone Field,recover-20220825,002,1795
605.6975,605.7034,46953,58633,Pipistrellus pipistrellus,0.073,0.106,-1,Echolocation,/mnt/ubna_data_01_mir/recover-20220825/UBNA_002/20220823_033000.WAV,Telephone Field,recover-20220825,002,1795
605.7055,605.713,47812,58635,Pipistrellus pipistrellus,0.012,0.022,-1,Echolocation,/mnt/ubna_data_01_mir/recover-20220825/UBNA_002/20220823_033000.WAV,Telephone Field,recover-20220825,002,1795
605.7055,605.7108,38359,56506,Myotis brandtii,0.018,0.027,-1,Echolocation,/mnt/ubna_data_01_mir/recover-20220825/UBNA_002/20220823_033000.WAV,Telephone Field,recover-20220825,002,1795
605.7515,605.7587,47812,59831,Pipistrellus pipistrellus,0.015,0.033,-1,Echolocation,/mnt/ubna_data_01_mir/recover-20220825/UBNA_002/20220823_033000.WAV,Telephone Field,recover-20220825,002,1795
605.7525,605.7594,37500,72964,Myotis brandtii,0.254,0.511,-1,Echolocation,/mnt/ubna_data_01_mir/recover-20220825/UBNA_002/20220823_033000.WAV,Telephone Field,recover-20220825,002,1795
605.7605,605.7657,36640,54738,Myotis brandtii,0.017,0.028,-1,Echolocation,/mnt/ubna_data_01_mir/recover-20220825/UBNA_002/20220823_033000.WAV,Telephone Field,recover-20220825,002,1795
605.7905,605.7989,24609,33212,Eptesicus serotinus,0.006,0.022,-1,Echolocation,/mnt/ubna_data_01_mir/recover-20220825/UBNA_002/20220823_033000.WAV,Telephone Field,recover-20220825,002,1795
605.8265,605.8326,49531,58233,Pipistrellus pipistrellus,0.014,0.021,-1,Echolocation,/mnt/ubna_data_01_mir/recover-20220825/UBNA_002/20220823_033000.WAV,Telephone Field,recover-20220825,002,1795
605.8375,605.8439,36640,71809,Myotis brandtii,0.463,0.567,-1,Echolocation,/mnt/ubna_data_01_mir/recover-20220825/UBNA_002/20220823_033000.WAV,Telephone Field,recover-20220825,002,1795
605.8385,605.8439,48671,54297,Pipistrellus pygmaeus,0.026,0.053,-1,Echolocation,/mnt/ubna_data_01_mir/recover-20220825/UBNA_002/20220823_033000.WAV,Telephone Field,recover-20220825,002,1795
605.9185,605.9271,47812,55831,Pipistrellus pipistrellus,0.044,0.086,-1,Echolocation,/mnt/ubna_data_01_mir/recover-20220825/UBNA_002/20220823_033000.WAV,Telephone Field,recover-20220825,002,1795
605.9205,605.9269,34921,74802,Myotis brandtii,0.314,0.378,-1,Echolocation,/mnt/ubna_data_01_mir/recover-20220825/UBNA_002/20220823_033000.WAV,Telephone Field,recover-20220825,002,1795
605.9285,605.9342,35781,53063,Myotis brandtii,0.014,0.027,-1,Echolocation,/mnt/ubna_data_01_mir/recover-20220825/UBNA_002/20220823_033000.WAV,Telephone Field,recover-20220825,002,1795
605.9465,605.9651,21171,24737,Nyctalus leisleri,0.019,0.039,-1,Echolocation,/mnt/ubna_data_01_mir/recover-20220825/UBNA_002/20220823_033000.WAV,Telephone Field,recover-20220825,002,1795
605.9775,605.9827,34921,56869,Myotis brandtii,0.013,0.028,-1,Echolocation,/mnt/ubna_data_01_mir/recover-20220825/UBNA_002/20220823_033000.WAV,Telephone Field,recover-20220825,002,1795
605.9785,605.9859,28046,35504,Eptesicus serotinus,0.007,0.026,-1,Echolocation,/mnt/ubna_data_01_mir/recover-20220825/UBNA_002/20220823_033000.WAV,Telephone Field,recover-20220825,002,1795
605.9935,605.9993,38359,69040,Myotis brandtii,0.165,0.341,-1,Echolocation,/mnt/ubna_data_01_mir/recover-20220825/UBNA_002/20220823_033000.WAV,Telephone Field,recover-20220825,002,1795
606.0015,606.0075,36640,53853,Myotis brandtii,0.027,0.071,-1,Echolocation,/mnt/ubna_data_01_mir/recover-20220825/UBNA_002/20220823_033000.WAV,Telephone Field,recover-20220825,002,1795
606.0015,606.0269,68437,82213,Rhinolophus ferrumequinum,0.028,0.028,-1,Echolocation,/mnt/ubna_data_01_mir/recover-20220825/UBNA_002/20220823_033000.WAV,Telephone Field,recover-20220825,002,1795
606.0015,606.0165,55546,63223,Pipistrellus pygmaeus,0.02,0.023,-1,Echolocation,/mnt/ubna_data_01_mir/recover-20220825/UBNA_002/20220823_033000.WAV,Telephone Field,recover-20220825,002,1795
606.0015,606.0085,24609,40431,Myotis nattereri,0.006,0.028,-1,Echolocation,/mnt/ubna_data_01_mir/recover-20220825/UBNA_002/20220823_033000.WAV,Telephone Field,recover-20220825,002,1795
606.0095,606.0236,57265,64159,Pipistrellus pygmaeus,0.021,0.022,-1,Echolocation,/mnt/ubna_data_01_mir/recover-20220825/UBNA_002/20220823_033000.WAV,Telephone Field,recover-20220825,002,1795
606.0165,606.0255,28046,37029,Eptesicus serotinus,0.01,0.023,-1,Echolocation,/mnt/ubna_data_01_mir/recover-20220825/UBNA_002/20220823_033000.WAV,Telephone Field,recover-20220825,002,1795
606.0885,606.0946,55546,61488,Pipistrellus pygmaeus,0.02,0.021,-1,Echolocation,/mnt/ubna_data_01_mir/recover-20220825/UBNA_002/20220823_033000.WAV,Telephone Field,recover-20220825,002,1795
606.0965,606.1072,50390,56108,Pipistrellus pygmaeus,0.03,0.053,-1,Echolocation,/mnt/ubna_data_01_mir/recover-20220825/UBNA_002/20220823_033000.WAV,Telephone Field,recover-20220825,002,1795
606.0985,606.1052999999999,26328,85527,Myotis bechsteinii,0.119,0.147,-1,Echolocation,/mnt/ubna_data_01_mir/recover-20220825/UBNA_002/20220823_033000.WAV,Telephone Field,recover-20220825,002,1795
606.0995,606.1069,34921,73657,Pipistrellus nathusii,0.246,0.373,-1,Echolocation,/mnt/ubna_data_01_mir/recover-20220825/UBNA_002/20220823_033000.WAV,Telephone Field,recover-20220825,002,1795
606.1075,606.1133,36640,54106,Myotis brandtii,0.014,0.029,-1,Echolocation,/mnt/ubna_data_01_mir/recover-20220825/UBNA_002/20220823_033000.WAV,Telephone Field,recover-20220825,002,1795
606.1085,606.1137,29765,44689,Myotis daubentonii,0.008,0.026,-1,Echolocation,/mnt/ubna_data_01_mir/recover-20220825/UBNA_002/20220823_033000.WAV,Telephone Field,recover-20220825,002,1795
606.1385,606.1469,37500,42357,Pipistrellus nathusii,0.014,0.024,-1,Echolocation,/mnt/ubna_data_01_mir/recover-20220825/UBNA_002/20220823_033000.WAV,Telephone Field,recover-20220825,002,1795
606.1405,606.1761,68437,82206,Rhinolophus ferrumequinum,0.021,0.021,-1,Echolocation,/mnt/ubna_data_01_mir/recover-20220825/UBNA_002/20220823_033000.WAV,Telephone Field,recover-20220825,002,1795
606.1615,606.1801,18593,21961,Nyctalus noctula,0.013,0.027,-1,Echolocation,/mnt/ubna_data_01_mir/recover-20220825/UBNA_002/20220823_033000.WAV,Telephone Field,recover-20220825,002,1795
606.1655,606.2032,68437,82277,Rhinolophus ferrumequinum,0.024,0.024,-1,Echolocation,/mnt/ubna_data_01_mir/recover-20220825/UBNA_002/20220823_033000.WAV,Telephone Field,recover-20220825,002,1795
606.1835,606.1915,36640,72599,Pipistrellus nathusii,0.29,0.343,-1,Echolocation,/mnt/ubna_data_01_mir/recover-20220825/UBNA_002/20220823_033000.WAV,Telephone Field,recover-20220825,002,1795
606.1835,606.1899,27187,85650,Myotis bechsteinii,0.135,0.171,-1,Echolocation,/mnt/ubna_data_01_mir/recover-20220825/UBNA_002/20220823_033000.WAV,Telephone Field,recover-20220825,002,1795
606.1915,606.1982,37500,50331,Pipistrellus nathusii,0.037,0.052,-1,Echolocation,/mnt/ubna_data_01_mir/recover-20220825/UBNA_002/20220823_033000.WAV,Telephone Field,recover-20220825,002,1795
606.1965,606.2264,68437,80616,Rhinolophus ferrumequinum,0.025,0.025,-1,Echolocation,/mnt/ubna_data_01_mir/recover-20220825/UBNA_002/20220823_033000.WAV,Telephone Field,recover-20220825,002,1795
606.2415,606.2484,48671,57262,Pipistrellus pipistrellus,0.014,0.021,-1,Echolocation,/mnt/ubna_data_01_mir/recover-20220825/UBNA_002/20220823_033000.WAV,Telephone Field,recover-20220825,002,1795
606.2435,606.2529,26328,36138,Eptesicus serotinus,0.01,0.026,-1,Echolocation,/mnt/ubna_data_01_mir/recover-20220825/UBNA_002/20220823_033000.WAV,Telephone Field,recover-20220825,002,1795
606.2675,606.2751,28046,34523,Eptesicus serotinus,0.007,0.022,-1,Echolocation,/mnt/ubna_data_01_mir/recover-20220825/UBNA_002/20220823_033000.WAV,Telephone Field,recover-20220825,002,1795
606.2795,606.2851,38359,57723,Pipistrellus nathusii,0.52,0.559,-1,Echolocation,/mnt/ubna_data_01_mir/recover-20220825/UBNA_002/20220823_033000.WAV,Telephone Field,recover-20220825,002,1795
606.3175,606.3241,57265,64753,Pipistrellus pygmaeus,0.021,0.021,-1,Echolocation,/mnt/ubna_data_01_mir/recover-20220825/UBNA_002/20220823_033000.WAV,Telephone Field,recover-20220825,002,1795
606.3305,606.3383,54687,62808,Pipistrellus pygmaeus,0.024,0.025,-1,Echolocation,/mnt/ubna_data_01_mir/recover-20220825/UBNA_002/20220823_033000.WAV,Telephone Field,recover-20220825,002,1795
606.3585,606.366,38359,70136,Pipistrellus nathusii,0.338,0.408,-1,Echolocation,/mnt/ubna_data_01_mir/recover-20220825/UBNA_002/20220823_033000.WAV,Telephone Field,recover-20220825,002,1795
606.3585,606.3646,27187,76796,Myotis bechsteinii,0.083,0.118,-1,Echolocation,/mnt/ubna_data_01_mir/recover-20220825/UBNA_002/20220823_033000.WAV,Telephone Field,recover-20220825,002,1795
606.3655,606.3715,46953,59719,Pipistrellus pygmaeus,0.015,0.026,-1,Echolocation,/mnt/ubna_data_01_mir/recover-20220825/UBNA_002/20220823_033000.WAV,Telephone Field,recover-20220825,002,1795
606.3675,606.3735,38359,54941,Myotis brandtii,0.015,0.033,-1,Echolocation,/mnt/ubna_data_01_mir/recover-20220825/UBNA_002/20220823_033000.WAV,Telephone Field,recover-20220825,002,1795
606.4045,606.4125,24609,33369,Plecotus austriacus,0.007,0.022,-1,Echolocation,/mnt/ubna_data_01_mir/recover-20220825/UBNA_002/20220823_033000.WAV,Telephone Field,recover-20220825,002,1795
606.4325,606.4394,53828,59094,Pipistrellus pygmaeus,0.024,0.025,-1,Echolocation,/mnt/ubna_data_01_mir/recover-20220825/UBNA_002/20220823_033000.WAV,Telephone Field,recover-20220825,002,1795
606.4445,606.4502,33203,51992,Myotis brandtii,0.009,0.022,-1,Echolocation,/mnt/ubna_data_01_mir/recover-20220825/UBNA_002/20220823_033000.WAV,Telephone Field,recover-20220825,002,1795
606.4475,606.4592,26328,31395,Nyctalus leisleri,0.011,0.029,-1,Echolocation,/mnt/ubna_data_01_mir/recover-20220825/UBNA_002/20220823_033000.WAV,Telephone Field,recover-20220825,002,1795
606.4625,606.4687,38359,52721,Pipistrellus nathusii,0.642,0.685,-1,Echolocation,/mnt/ubna_data_01_mir/recover-20220825/UBNA_002/20220823_033000.WAV,Telephone Field,recover-20220825,002,1795
606.4675,606.4784,52968,62625,Pipistrellus pygmaeus,0.022,0.022,-1,Echolocation,/mnt/ubna_data_01_mir/recover-20220825/UBNA_002/20220823_033000.WAV,Telephone Field,recover-20220825,002,1795
606.4775,606.4852,55546,61555,Pipistrellus pygmaeus,0.025,0.026,-1,Echolocation,/mnt/ubna_data_01_mir/recover-20220825/UBNA_002/20220823_033000.WAV,Telephone Field,recover-20220825,002,1795
606.5035,606.5397,68437,81508,Rhinolophus ferrumequinum,0.022,0.022,-1,Echolocation,/mnt/ubna_data_01_mir/recover-20220825/UBNA_002/20220823_033000.WAV,Telephone Field,recover-20220825,002,1795
606.5065,606.5146,28046,37169,Eptesicus serotinus,0.01,0.028,-1,Echolocation,/mnt/ubna_data_01_mir/recover-20220825/UBNA_002/20220823_033000.WAV,Telephone Field,recover-20220825,002,1795
606.5135,606.521,47812,55024,Pipistrellus pipistrellus,0.018,0.024,-1,Echolocation,/mnt/ubna_data_01_mir/recover-20220825/UBNA_002/20220823_033000.WAV,Telephone Field,recover-20220825,002,1795
606.5495,606.5575,47812,58160,Pipistrellus pipistrellus,0.02,0.037,-1,Echolocation,/mnt/ubna_data_01_mir/recover-20220825/UBNA_002/20220823_033000.WAV,Telephone Field,recover-20220825,002,1795
606.5535,606.5596,37500,58178,Pipistrellus nathusii,0.527,0.55,-1,Echolocation,/mnt/ubna_data_01_mir/recover-20220825/UBNA_002/20220823_033000.WAV,Telephone Field,recover-20220825,002,1795
606.5615,606.569,37500,46408,Pipistrellus nathusii,0.023,0.036,-1,Echolocation,/mnt/ubna_data_01_mir/recover-20220825/UBNA_002/20220823_033000.WAV,Telephone Field,recover-20220825,002,1795
606.5625,606.5675,30625,45699,Myotis daubentonii,0.009,0.027,-1,Echolocation,/mnt/ubna_data_01_mir/recover-20220825/UBNA_002/20220823_033000.WAV,Telephone Field,recover-20220825,002,1795
606.5665,606.5981,68437,80655,Rhinolophus ferrumequinum,0.023,0.024,-1,Echolocation,/mnt/ubna_data_01_mir/recover-20220825/UBNA_002/20220823_033000.WAV,Telephone Field,recover-20220825,002,1795
606.5925,606.6037,26328,33368,Eptesicus serotinus,0.01,0.022,-1,Echolocation,/mnt/ubna_data_01_mir/recover-20220825/UBNA_002/20220823_033000.WAV,Telephone Field,recover-20220825,002,1795
606.6335,606.6416,27187,35288,Eptesicus serotinus,0.01,0.024,-1,Echolocation,/mnt/ubna_data_01_mir/recover-20220825/UBNA_002/20220823_033000.WAV,Telephone Field,recover-20220825,002,1795
606.6495,606.6564,39218,51752,Pipistrellus nathusii,0.589,0.642,-1,Echolocation,/mnt/ubna_data_01_mir/recover-20220825/UBNA_002/20220823_033000.WAV,Telephone Field,recover-20220825,002,1795
606.6575,606.6632,29765,45827,Myotis daubentonii,0.008,0.023,-1,Echolocation,/mnt/ubna_data_01_mir/recover-20220825/UBNA_002/20220823_033000.WAV,Telephone Field,recover-20220825,002,1795
606.6635,606.6985,68437,81122,Rhinolophus ferrumequinum,0.022,0.022,-1,Echolocation,/mnt/ubna_data_01_mir/recover-20220825/UBNA_002/20220823_033000.WAV,Telephone Field,recover-20220825,002,1795
606.6785,606.6887,28046,35587,Eptesicus serotinus,0.013,0.025,-1,Echolocation,/mnt/ubna_data_01_mir/recover-20220825/UBNA_002/20220823_033000.WAV,Telephone Field,recover-20220825,002,1795
606.6825,606.717,68437,81638,Rhinolophus ferrumequinum,0.022,0.022,-1,Echolocation,/mnt/ubna_data_01_mir/recover-20220825/UBNA_002/20220823_033000.WAV,Telephone Field,recover-20220825,002,1795
606.6925,606.7263,68437,80877,Rhinolophus ferrumequinum,0.022,0.023,-1,Echolocation,/mnt/ubna_data_01_mir/recover-20220825/UBNA_002/20220823_033000.WAV,Telephone Field,recover-20220825,002,1795
606.7225,606.7301,53828,59812,Pipistrellus pygmaeus,0.029,0.03,-1,Echolocation,/mnt/ubna_data_01_mir/recover-20220825/UBNA_002/20220823_033000.WAV,Telephone Field,recover-20220825,002,1795
606.7235,606.7307,28046,36821,Eptesicus serotinus,0.006,0.023,-1,Echolocation,/mnt/ubna_data_01_mir/recover-20220825/UBNA_002/20220823_033000.WAV,Telephone Field,recover-20220825,002,1795
606.7355,606.7456,52109,56840,Pipistrellus pygmaeus,0.03,0.036,-1,Echolocation,/mnt/ubna_data_01_mir/recover-20220825/UBNA_002/20220823_033000.WAV,Telephone Field,recover-20220825,002,1795
606.7395,606.7467,37500,61720,Pipistrellus nathusii,0.668,0.702,-1,Echolocation,/mnt/ubna_data_01_mir/recover-20220825/UBNA_002/20220823_033000.WAV,Telephone Field,recover-20220825,002,1795
606.7695,606.7789,27187,35295,Eptesicus serotinus,0.008,0.022,-1,Echolocation,/mnt/ubna_data_01_mir/recover-20220825/UBNA_002/20220823_033000.WAV,Telephone Field,recover-20220825,002,1795
606.8105,606.819,28046,38536,Eptesicus serotinus,0.008,0.022,-1,Echolocation,/mnt/ubna_data_01_mir/recover-20220825/UBNA_002/20220823_033000.WAV,Telephone Field,recover-20220825,002,1795
606.8375,606.8451,38359,53133,Pipistrellus nathusii,0.52,0.622,-1,Echolocation,/mnt/ubna_data_01_mir/recover-20220825/UBNA_002/20220823_033000.WAV,Telephone Field,recover-20220825,002,1795
606.8465,606.8543,32343,39020,Myotis daubentonii,0.009,0.036,-1,Echolocation,/mnt/ubna_data_01_mir/recover-20220825/UBNA_002/20220823_033000.WAV,Telephone Field,recover-20220825,002,1795
606.8595,606.8679,48671,59071,Pipistrellus pipistrellus,0.016,0.027,-1,Echolocation,/mnt/ubna_data_01_mir/recover-20220825/UBNA_002/20220823_033000.WAV,Telephone Field,recover-20220825,002,1795
606.9145,606.9216,27187,35095,Eptesicus serotinus,0.006,0.023,-1,Echolocation,/mnt/ubna_data_01_mir/recover-20220825/UBNA_002/20220823_033000.WAV,Telephone Field,recover-20220825,002,1795
606.9285,606.9358,36640,58285,Pipistrellus nathusii,0.666,0.711,-1,Echolocation,/mnt/ubna_data_01_mir/recover-20220825/UBNA_002/20220823_033000.WAV,Telephone Field,recover-20220825,002,1795
606.9445,606.9757,68437,80882,Rhinolophus ferrumequinum,0.022,0.022,-1,Echolocation,/mnt/ubna_data_01_mir/recover-20220825/UBNA_002/20220823_033000.WAV,Telephone Field,recover-20220825,002,1795
606.9905,607.0009,28906,35054,Eptesicus serotinus,0.011,0.025,-1,Echolocation,/mnt/ubna_data_01_mir/recover-20220825/UBNA_002/20220823_033000.WAV,Telephone Field,recover-20220825,002,1795
606.9985,607.0075,28046,39586,Eptesicus serotinus,0.008,0.021,-1,Echolocation,/mnt/ubna_data_01_mir/recover-20220825/UBNA_002/20220823_033000.WAV,Telephone Field,recover-20220825,002,1795
607.0235,607.0307,38359,51168,Pipistrellus nathusii,0.481,0.572,-1,Echolocation,/mnt/ubna_data_01_mir/recover-20220825/UBNA_002/20220823_033000.WAV,Telephone Field,recover-20220825,002,1795
607.0295,607.0394,56406,65029,Pipistrellus pygmaeus,0.02,0.021,-1,Echolocation,/mnt/ubna_data_01_mir/recover-20220825/UBNA_002/20220823_033000.WAV,Telephone Field,recover-20220825,002,1795
607.0325,607.0382,29765,40008,Myotis daubentonii,0.009,0.025,-1,Echolocation,/mnt/ubna_data_01_mir/recover-20220825/UBNA_002/20220823_033000.WAV,Telephone Field,recover-20220825,002,1795
607.0355,607.0684,68437,80906,Rhinolophus ferrumequinum,0.021,0.021,-1,Echolocation,/mnt/ubna_data_01_mir/recover-20220825/UBNA_002/20220823_033000.WAV,Telephone Field,recover-20220825,002,1795
607.0565,607.0648,36640,42739,Pipistrellus nathusii,0.013,0.022,-1,Echolocation,/mnt/ubna_data_01_mir/recover-20220825/UBNA_002/20220823_033000.WAV,Telephone Field,recover-20220825,002,1795
607.0595,607.0684,28906,37788,Eptesicus serotinus,0.009,0.023,-1,Echolocation,/mnt/ubna_data_01_mir/recover-20220825/UBNA_002/20220823_033000.WAV,Telephone Field,recover-20220825,002,1795
607.0705,607.0811,28046,34528,Eptesicus serotinus,0.017,0.034,-1,Echolocation,/mnt/ubna_data_01_mir/recover-20220825/UBNA_002/20220823_033000.WAV,Telephone Field,recover-20220825,002,1795
607.0715,607.1111,68437,82831,Rhinolophus ferrumequinum,0.023,0.023,-1,Echolocation,/mnt/ubna_data_01_mir/recover-20220825/UBNA_002/20220823_033000.WAV,Telephone Field,recover-20220825,002,1795
607.0985,607.1083,28046,33247,Eptesicus serotinus,0.01,0.023,-1,Echolocation,/mnt/ubna_data_01_mir/recover-20220825/UBNA_002/20220823_033000.WAV,Telephone Field,recover-20220825,002,1795
607.0985,607.1153,21171,24299,Nyctalus leisleri,0.013,0.023,-1,Echolocation,/mnt/ubna_data_01_mir/recover-20220825/UBNA_002/20220823_033000.WAV,Telephone Field,recover-20220825,002,1795
607.1105,607.1178,44375,54153,Pipistrellus pipistrellus,0.012,0.031,-1,Echolocation,/mnt/ubna_data_01_mir/recover-20220825/UBNA_002/20220823_033000.WAV,Telephone Field,recover-20220825,002,1795
607.1125,607.1204,35781,56493,Pipistrellus nathusii,0.632,0.689,-1,Echolocation,/mnt/ubna_data_01_mir/recover-20220825/UBNA_002/20220823_033000.WAV,Telephone Field,recover-20220825,002,1795
607.1945,607.2026,33203,44699,Myotis brandtii,0.008,0.024,-1,Echolocation,/mnt/ubna_data_01_mir/recover-20220825/UBNA_002/20220823_033000.WAV,Telephone Field,recover-20220825,002,1795
607.2095,607.2163,38359,47976,Pipistrellus nathusii,0.539,0.583,-1,Echolocation,/mnt/ubna_data_01_mir/recover-20220825/UBNA_002/20220823_033000.WAV,Telephone Field,recover-20220825,002,1795
607.2215,607.251,68437,80326,Rhinolophus ferrumequinum,0.021,0.021,-1,Echolocation,/mnt/ubna_data_01_mir/recover-20220825/UBNA_002/20220823_033000.WAV,Telephone Field,recover-20220825,002,1795
607.2545,607.2617,28046,45940,Eptesicus serotinus,0.007,0.022,-1,Echolocation,/mnt/ubna_data_01_mir/recover-20220825/UBNA_002/20220823_033000.WAV,Telephone Field,recover-20220825,002,1795
607.2775,607.3167,68437,82414,Rhinolophus ferrumequinum,0.021,0.021,-1,Echolocation,/mnt/ubna_data_01_mir/recover-20220825/UBNA_002/20220823_033000.WAV,Telephone Field,recover-20220825,002,1795
607.2805,607.2874,46093,53403,Pipistrellus pipistrellus,0.02,0.024,-1,Echolocation,/mnt/ubna_data_01_mir/recover-20220825/UBNA_002/20220823_033000.WAV,Telephone Field,recover-20220825,002,1795
607.2815,607.2866,36640,61091,Myotis brandtii,0.01,0.024,-1,Echolocation,/mnt/ubna_data_01_mir/recover-20220825/UBNA_002/20220823_033000.WAV,Telephone Field,recover-20220825,002,1795
607.2935,607.3026,53828,61433,Pipistrellus pygmaeus,0.022,0.023,-1,Echolocation,/mnt/ubna_data_01_mir/recover-20220825/UBNA_002/20220823_033000.WAV,Telephone Field,recover-20220825,002,1795
607.2985,607.3065,37500,53240,Pipistrellus nathusii,0.658,0.69,-1,Echolocation,/mnt/ubna_data_01_mir/recover-20220825/UBNA_002/20220823_033000.WAV,Telephone Field,recover-20220825,002,1795
607.2985,607.3046,49531,53841,Pipistrellus pipistrellus,0.014,0.024,-1,Echolocation,/mnt/ubna_data_01_mir/recover-20220825/UBNA_002/20220823_033000.WAV,Telephone Field,recover-20220825,002,1795
607.3055,607.3119,29765,40502,Myotis daubentonii,0.01,0.028,-1,Echolocation,/mnt/ubna_data_01_mir/recover-20220825/UBNA_002/20220823_033000.WAV,Telephone Field,recover-20220825,002,1795
607.3605,607.3673,48671,55444,Pipistrellus pipistrellus,0.018,0.023,-1,Echolocation,/mnt/ubna_data_01_mir/recover-20220825/UBNA_002/20220823_033000.WAV,Telephone Field,recover-20220825,002,1795
607.3605,607.3979,68437,82436,Rhinolophus ferrumequinum,0.026,0.026,-1,Echolocation,/mnt/ubna_data_01_mir/recover-20220825/UBNA_002/20220823_033000.WAV,Telephone Field,recover-20220825,002,1795
607.3955,607.4028,38359,48766,Pipistrellus nathusii,0.534,0.585,-1,Echolocation,/mnt/ubna_data_01_mir/recover-20220825/UBNA_002/20220823_033000.WAV,Telephone Field,recover-20220825,002,1795
607.4185,607.4268,47812,55606,Pipistrellus pipistrellus,0.018,0.024,-1,Echolocation,/mnt/ubna_data_01_mir/recover-20220825/UBNA_002/20220823_033000.WAV,Telephone Field,recover-20220825,002,1795
607.4295,607.4639,68437,81340,Rhinolophus ferrumequinum,0.021,0.021,-1,Echolocation,/mnt/ubna_data_01_mir/recover-20220825/UBNA_002/20220823_033000.WAV,Telephone Field,recover-20220825,002,1795
607.4315,607.4393,28046,38030,Eptesicus serotinus,0.013,0.03,-1,Echolocation,/mnt/ubna_data_01_mir/recover-20220825/UBNA_002/20220823_033000.WAV,Telephone Field,recover-20220825,002,1795
607.4605,607.4681,55546,65868,Pipistrellus pygmaeus,0.022,0.022,-1,Echolocation,/mnt/ubna_data_01_mir/recover-20220825/UBNA_002/20220823_033000.WAV,Telephone Field,recover-20220825,002,1795
607.4625,607.4695,37500,49161,Myotis brandtii,0.01,0.024,-1,Echolocation,/mnt/ubna_data_01_mir/recover-20220825/UBNA_002/20220823_033000.WAV,Telephone Field,recover-20220825,002,1795
607.4755,607.4821,27187,36593,Eptesicus serotinus,0.005,0.021,-1,Echolocation,/mnt/ubna_data_01_mir/recover-20220825/UBNA_002/20220823_033000.WAV,Telephone Field,recover-20220825,002,1795
607.4855,607.4917,30625,59803,Myotis bechsteinii,0.012,0.032,-1,Echolocation,/mnt/ubna_data_01_mir/recover-20220825/UBNA_002/20220823_033000.WAV,Telephone Field,recover-20220825,002,1795
607.4875,607.4939,50390,54397,Pipistrellus pipistrellus,0.015,0.026,-1,Echolocation,/mnt/ubna_data_01_mir/recover-20220825/UBNA_002/20220823_033000.WAV,Telephone Field,recover-20220825,002,1795
607.4885,607.4965,37500,55161,Pipistrellus nathusii,0.71,0.735,-1,Echolocation,/mnt/ubna_data_01_mir/recover-20220825/UBNA_002/20220823_033000.WAV,Telephone Field,recover-20220825,002,1795
607.4965,607.5018,30625,40760,Myotis daubentonii,0.01,0.022,-1,Echolocation,/mnt/ubna_data_01_mir/recover-20220825/UBNA_002/20220823_033000.WAV,Telephone Field,recover-20220825,002,1795
607.5205,607.5288,28906,37554,Eptesicus serotinus,0.007,0.021,-1,Echolocation,/mnt/ubna_data_01_mir/recover-20220825/UBNA_002/20220823_033000.WAV,Telephone Field,recover-20220825,002,1795
607.5465,607.5558,26328,33970,Eptesicus serotinus,0.011,0.025,-1,Echolocation,/mnt/ubna_data_01_mir/recover-20220825/UBNA_002/20220823_033000.WAV,Telephone Field,recover-20220825,002,1795
607.5555,607.5645,28046,34002,Eptesicus serotinus,0.01,0.023,-1,Echolocation,/mnt/ubna_data_01_mir/recover-20220825/UBNA_002/20220823_033000.WAV,Telephone Field,recover-20220825,002,1795
607.5705,607.5768,37500,51491,Pipistrellus nathusii,0.502,0.574,-1,Echolocation,/mnt/ubna_data_01_mir/recover-20220825/UBNA_002/20220823_033000.WAV,Telephone Field,recover-20220825,002,1795
607.5785,607.5853,26328,38461,Eptesicus serotinus,0.005,0.023,-1,Echolocation,/mnt/ubna_data_01_mir/recover-20220825/UBNA_002/20220823_033000.WAV,Telephone Field,recover-20220825,002,1795
607.5785,607.5842,31484,43625,Myotis daubentonii,0.007,0.023,-1,Echolocation,/mnt/ubna_data_01_mir/recover-20220825/UBNA_002/20220823_033000.WAV,Telephone Field,recover-20220825,002,1795
607.5985,607.61,22890,29046,Nyctalus leisleri,0.008,0.022,-1,Echolocation,/mnt/ubna_data_01_mir/recover-20220825/UBNA_002/20220823_033000.WAV,Telephone Field,recover-20220825,002,1795
607.6285,607.6346,54687,63501,Pipistrellus pygmaeus,0.026,0.027,-1,Echolocation,/mnt/ubna_data_01_mir/recover-20220825/UBNA_002/20220823_033000.WAV,Telephone Field,recover-20220825,002,1795
607.6355,607.6432,28906,35908,Eptesicus serotinus,0.009,0.026,-1,Echolocation,/mnt/ubna_data_01_mir/recover-20220825/UBNA_002/20220823_033000.WAV,Telephone Field,recover-20220825,002,1795
607.6495,607.6552,28906,64387,Myotis bechsteinii,0.012,0.028,-1,Echolocation,/mnt/ubna_data_01_mir/recover-20220825/UBNA_002/20220823_033000.WAV,Telephone Field,recover-20220825,002,1795
607.6525,607.6596,38359,54564,Pipistrellus nathusii,0.645,0.671,-1,Echolocation,/mnt/ubna_data_01_mir/recover-20220825/UBNA_002/20220823_033000.WAV,Telephone Field,recover-20220825,002,1795
607.7265,607.7335,53828,61460,Pipistrellus pygmaeus,0.023,0.024,-1,Echolocation,/mnt/ubna_data_01_mir/recover-20220825/UBNA_002/20220823_033000.WAV,Telephone Field,recover-20220825,002,1795
607.7595,607.7662,39218,50800,Pipistrellus nathusii,0.607,0.642,-1,Echolocation,/mnt/ubna_data_01_mir/recover-20220825/UBNA_002/20220823_033000.WAV,Telephone Field,recover-20220825,002,1795
607.7625,607.7945,68437,81494,Rhinolophus ferrumequinum,0.021,0.022,-1,Echolocation,/mnt/ubna_data_01_mir/recover-20220825/UBNA_002/20220823_033000.WAV,Telephone Field,recover-20220825,002,1795
607.7645,607.7746,23750,29340,Nyctalus leisleri,0.01,0.026,-1,Echolocation,/mnt/ubna_data_01_mir/recover-20220825/UBNA_002/20220823_033000.WAV,Telephone Field,recover-20220825,002,1795
607.7995,607.8063,47812,54696,Pipistrellus pipistrellus,0.019,0.023,-1,Echolocation,/mnt/ubna_data_01_mir/recover-20220825/UBNA_002/20220823_033000.WAV,Telephone Field,recover-20220825,002,1795
607.8365,607.8419,34062,58446,Myotis brandtii,0.014,0.026,-1,Echolocation,/mnt/ubna_data_01_mir/recover-20220825/UBNA_002/20220823_033000.WAV,Telephone Field,recover-20220825,002,1795
607.8555,607.8618,39218,53246,Pipistrellus nathusii,0.566,0.595,-1,Echolocation,/mnt/ubna_data_01_mir/recover-20220825/UBNA_002/20220823_033000.WAV,Telephone Field,recover-20220825,002,1795
607.8715,607.9099,68437,82511,Rhinolophus ferrumequinum,0.024,0.024,-1,Echolocation,/mnt/ubna_data_01_mir/recover-20220825/UBNA_002/20220823_033000.WAV,Telephone Field,recover-20220825,002,1795
607.8915,607.9004,28046,38493,Eptesicus serotinus,0.01,0.024,-1,Echolocation,/mnt/ubna_data_01_mir/recover-20220825/UBNA_002/20220823_033000.WAV,Telephone Field,recover-20220825,002,1795
607.8925,607.8997,33203,43420,Barbastellus barbastellus,0.01,0.026,-1,Echolocation,/mnt/ubna_data_01_mir/recover-20220825/UBNA_002/20220823_033000.WAV,Telephone Field,recover-20220825,002,1795
607.8945,607.9309,68437,82006,Rhinolophus ferrumequinum,0.025,0.025,-1,Echolocation,/mnt/ubna_data_01_mir/recover-20220825/UBNA_002/20220823_033000.WAV,Telephone Field,recover-20220825,002,1795
607.9075,607.9141,54687,64762,Pipistrellus pygmaeus,0.021,0.021,-1,Echolocation,/mnt/ubna_data_01_mir/recover-20220825/UBNA_002/20220823_033000.WAV,Telephone Field,recover-20220825,002,1795
607.9235,607.9611,68437,82935,Rhinolophus ferrumequinum,0.027,0.027,-1,Echolocation,/mnt/ubna_data_01_mir/recover-20220825/UBNA_002/20220823_033000.WAV,Telephone Field,recover-20220825,002,1795
607.9255,607.9344,26328,36011,Eptesicus serotinus,0.007,0.022,-1,Echolocation,/mnt/ubna_data_01_mir/recover-20220825/UBNA_002/20220823_033000.WAV,Telephone Field,recover-20220825,002,1795
607.9295,607.9402,40078,47928,Pipistrellus nathusii,0.015,0.026,-1,Echolocation,/mnt/ubna_data_01_mir/recover-20220825/UBNA_002/20220823_033000.WAV,Telephone Field,recover-20220825,002,1795
607.9705,607.9769,30625,55112,Myotis bechsteinii,0.008,0.024,-1,Echolocation,/mnt/ubna_data_01_mir/recover-20220825/UBNA_002/20220823_033000.WAV,Telephone Field,recover-20220825,002,1795
607.9745,607.982,39218,49859,Pipistrellus nathusii,0.694,0.709,-1,Echolocation,/mnt/ubna_data_01_mir/recover-20220825/UBNA_002/20220823_033000.WAV,Telephone Field,recover-20220825,002,1795
607.9755,607.9806,46093,52050,Pipistrellus pipistrellus,0.007,0.028,-1,Echolocation,/mnt/ubna_data_01_mir/recover-20220825/UBNA_002/20220823_033000.WAV,Telephone Field,recover-20220825,002,1795
608.0015,608.0105,25468,34464,Nyctalus leisleri,0.007,0.025,-1,Echolocation,/mnt/ubna_data_01_mir/recover-20220825/UBNA_002/20220823_033000.WAV,Telephone Field,recover-20220825,002,1795
608.0015,608.0332,69296,81011,Rhinolophus ferrumequinum,0.044,0.044,-1,Echolocation,/mnt/ubna_data_01_mir/recover-20220825/UBNA_002/20220823_033000.WAV,Telephone Field,recover-20220825,002,1795
608.0455,608.0542,26328,36357,Eptesicus serotinus,0.008,0.022,-1,Echolocation,/mnt/ubna_data_01_mir/recover-20220825/UBNA_002/20220823_033000.WAV,Telephone Field,recover-20220825,002,1795
608.0475,608.0563,41796,48023,Pipistrellus nathusii,0.01,0.022,-1,Echolocation,/mnt/ubna_data_01_mir/recover-20220825/UBNA_002/20220823_033000.WAV,Telephone Field,recover-20220825,002,1795
608.0485,608.0855,68437,81870,Rhinolophus ferrumequinum,0.025,0.025,-1,Echolocation,/mnt/ubna_data_01_mir/recover-20220825/UBNA_002/20220823_033000.WAV,Telephone Field,recover-20220825,002,1795
608.0745,608.0823,37500,52729,Pipistrellus nathusii,0.529,0.601,-1,Echolocation,/mnt/ubna_data_01_mir/recover-20220825/UBNA_002/20220823_033000.WAV,Telephone Field,recover-20220825,002,1795
608.1095,608.1195,24609,31093,Eptesicus serotinus,0.009,0.028,-1,Echolocation,/mnt/ubna_data_01_mir/recover-20220825/UBNA_002/20220823_033000.WAV,Telephone Field,recover-20220825,002,1795
608.1145,608.125,22890,29088,Nyctalus leisleri,0.008,0.027,-1,Echolocation,/mnt/ubna_data_01_mir/recover-20220825/UBNA_002/20220823_033000.WAV,Telephone Field,recover-20220825,002,1795
608.1235,608.1301,34062,45223,Barbastellus barbastellus,0.008,0.023,-1,Echolocation,/mnt/ubna_data_01_mir/recover-20220825/UBNA_002/20220823_033000.WAV,Telephone Field,recover-20220825,002,1795
608.1595,608.1673,38359,49004,Pipistrellus nathusii,0.007,0.023,-1,Echolocation,/mnt/ubna_data_01_mir/recover-20220825/UBNA_002/20220823_033000.WAV,Telephone Field,recover-20220825,002,1795
608.1605,608.2009,68437,82947,Rhinolophus ferrumequinum,0.029,0.029,-1,Echolocation,/mnt/ubna_data_01_mir/recover-20220825/UBNA_002/20220823_033000.WAV,Telephone Field,recover-20220825,002,1795
608.1725,608.1786,41796,49452,Pipistrellus nathusii,0.323,0.384,-1,Echolocation,/mnt/ubna_data_01_mir/recover-20220825/UBNA_002/20220823_033000.WAV,Telephone Field,recover-20220825,002,1795
608.1895,608.2305,68437,82747,Rhinolophus ferrumequinum,0.024,0.024,-1,Echolocation,/mnt/ubna_data_01_mir/recover-20220825/UBNA_002/20220823_033000.WAV,Telephone Field,recover-20220825,002,1795
608.1955,608.2034,53828,59932,Pipistrellus pygmaeus,0.022,0.026,-1,Echolocation,/mnt/ubna_data_01_mir/recover-20220825/UBNA_002/20220823_033000.WAV,Telephone Field,recover-20220825,002,1795
608.2665,608.2733,37500,50930,Pipistrellus nathusii,0.287,0.474,-1,Echolocation,/mnt/ubna_data_01_mir/recover-20220825/UBNA_002/20220823_033000.WAV,Telephone Field,recover-20220825,002,1795
608.3275,608.3346,26328,42669,Eptesicus serotinus,0.008,0.024,-1,Echolocation,/mnt/ubna_data_01_mir/recover-20220825/UBNA_002/20220823_033000.WAV,Telephone Field,recover-20220825,002,1795
608.3275,608.3348,37500,49704,Myotis brandtii,0.008,0.03,-1,Echolocation,/mnt/ubna_data_01_mir/recover-20220825/UBNA_002/20220823_033000.WAV,Telephone Field,recover-20220825,002,1795
608.3365,608.346,41796,47417,Pipistrellus nathusii,0.019,0.031,-1,Echolocation,/mnt/ubna_data_01_mir/recover-20220825/UBNA_002/20220823_033000.WAV,Telephone Field,recover-20220825,002,1795
608.3405,608.3798,68437,82283,Rhinolophus ferrumequinum,0.021,0.021,-1,Echolocation,/mnt/ubna_data_01_mir/recover-20220825/UBNA_002/20220823_033000.WAV,Telephone Field,recover-20220825,002,1795
608.3655,608.3724,43515,50144,Pipistrellus nathusii,0.041,0.056,-1,Echolocation,/mnt/ubna_data_01_mir/recover-20220825/UBNA_002/20220823_033000.WAV,Telephone Field,recover-20220825,002,1795
608.3665,608.3732,30625,44745,Barbastellus barbastellus,0.025,0.05,-1,Echolocation,/mnt/ubna_data_01_mir/recover-20220825/UBNA_002/20220823_033000.WAV,Telephone Field,recover-20220825,002,1795
608.4175,608.4254,27187,36685,Eptesicus serotinus,0.008,0.022,-1,Echolocation,/mnt/ubna_data_01_mir/recover-20220825/UBNA_002/20220823_033000.WAV,Telephone Field,recover-20220825,002,1795
608.4315,608.4385,27187,37141,Eptesicus serotinus,0.01,0.027,-1,Echolocation,/mnt/ubna_data_01_mir/recover-20220825/UBNA_002/20220823_033000.WAV,Telephone Field,recover-20220825,002,1795
608.4515,608.4899,68437,82225,Rhinolophus ferrumequinum,0.023,0.023,-1,Echolocation,/mnt/ubna_data_01_mir/recover-20220825/UBNA_002/20220823_033000.WAV,Telephone Field,recover-20220825,002,1795
608.4635,608.4696,39218,51647,Pipistrellus nathusii,0.387,0.524,-1,Echolocation,/mnt/ubna_data_01_mir/recover-20220825/UBNA_002/20220823_033000.WAV,Telephone Field,recover-20220825,002,1795
608.5095,608.5183,50390,54628,Pipistrellus pygmaeus,0.016,0.03,-1,Echolocation,/mnt/ubna_data_01_mir/recover-20220825/UBNA_002/20220823_033000.WAV,Telephone Field,recover-20220825,002,1795
608.5545,608.5623,45234,54952,Pipistrellus pipistrellus,0.01,0.023,-1,Echolocation,/mnt/ubna_data_01_mir/recover-20220825/UBNA_002/20220823_033000.WAV,Telephone Field,recover-20220825,002,1795
608.6795,608.6859,40937,49864,Pipistrellus nathusii,0.27,0.42,-1,Echolocation,/mnt/ubna_data_01_mir/recover-20220825/UBNA_002/20220823_033000.WAV,Telephone Field,recover-20220825,002,1795
608.6805,608.6892,12578,22890,Barbastellus barbastellus,0.025,0.027,-1,Echolocation,/mnt/ubna_data_01_mir/recover-20220825/UBNA_002/20220823_033000.WAV,Telephone Field,recover-20220825,002,1795
608.7095,608.7177,46953,50333,Pipistrellus pipistrellus,0.024,0.031,-1,Echolocation,/mnt/ubna_data_01_mir/recover-20220825/UBNA_002/20220823_033000.WAV,Telephone Field,recover-20220825,002,1795
608.7655,608.7718,38359,53758,Pipistrellus nathusii,0.301,0.479,-1,Echolocation,/mnt/ubna_data_01_mir/recover-20220825/UBNA_002/20220823_033000.WAV,Telephone Field,recover-20220825,002,1795
608.7675,608.7743,12578,29237,Barbastellus barbastellus,0.025,0.027,-1,Echolocation,/mnt/ubna_data_01_mir/recover-20220825/UBNA_002/20220823_033000.WAV,Telephone Field,recover-20220825,002,1795
608.7925,608.8316,68437,82263,Rhinolophus ferrumequinum,0.022,0.022,-1,Echolocation,/mnt/ubna_data_01_mir/recover-20220825/UBNA_002/20220823_033000.WAV,Telephone Field,recover-20220825,002,1795
608.8495,608.8569,39218,48663,Pipistrellus nathusii,0.206,0.362,-1,Echolocation,/mnt/ubna_data_01_mir/recover-20220825/UBNA_002/20220823_033000.WAV,Telephone Field,recover-20220825,002,1795
608.9105,608.9174,26328,39135,Eptesicus serotinus,0.007,0.023,-1,Echolocation,/mnt/ubna_data_01_mir/recover-20220825/UBNA_002/20220823_033000.WAV,Telephone Field,recover-20220825,002,1795
608.9485,608.9546,38359,49965,Pipistrellus nathusii,0.346,0.491,-1,Echolocation,/mnt/ubna_data_01_mir/recover-20220825/UBNA_002/20220823_033000.WAV,Telephone Field,recover-20220825,002,1795
608.9765,609.0171,68437,82369,Rhinolophus ferrumequinum,0.022,0.022,-1,Echolocation,/mnt/ubna_data_01_mir/recover-20220825/UBNA_002/20220823_033000.WAV,Telephone Field,recover-20220825,002,1795
609.0065,609.0142,27187,36970,Eptesicus serotinus,0.008,0.023,-1,Echolocation,/mnt/ubna_data_01_mir/recover-20220825/UBNA_002/20220823_033000.WAV,Telephone Field,recover-20220825,002,1795
609.0235,609.0325,38359,48040,Pipistrellus nathusii,0.016,0.03,-1,Echolocation,/mnt/ubna_data_01_mir/recover-20220825/UBNA_002/20220823_033000.WAV,Telephone Field,recover-20220825,002,1795
609.0355,609.043,26328,36055,Eptesicus serotinus,0.007,0.022,-1,Echolocation,/mnt/ubna_data_01_mir/recover-20220825/UBNA_002/20220823_033000.WAV,Telephone Field,recover-20220825,002,1795
609.0405,609.0477,40078,49154,Pipistrellus nathusii,0.229,0.348,-1,Echolocation,/mnt/ubna_data_01_mir/recover-20220825/UBNA_002/20220823_033000.WAV,Telephone Field,recover-20220825,002,1795
609.0875,609.0968,28046,41399,Eptesicus serotinus,0.009,0.024,-1,Echolocation,/mnt/ubna_data_01_mir/recover-20220825/UBNA_002/20220823_033000.WAV,Telephone Field,recover-20220825,002,1795
609.1245,609.1326,27187,35972,Eptesicus serotinus,0.008,0.023,-1,Echolocation,/mnt/ubna_data_01_mir/recover-20220825/UBNA_002/20220823_033000.WAV,Telephone Field,recover-20220825,002,1795
609.1325,609.1677,68437,80996,Rhinolophus ferrumequinum,0.026,0.026,-1,Echolocation,/mnt/ubna_data_01_mir/recover-20220825/UBNA_002/20220823_033000.WAV,Telephone Field,recover-20220825,002,1795
609.1365,609.1443,38359,48743,Pipistrellus nathusii,0.417,0.478,-1,Echolocation,/mnt/ubna_data_01_mir/recover-20220825/UBNA_002/20220823_033000.WAV,Telephone Field,recover-20220825,002,1795
609.1645,609.1735,32343,40775,Pipistrellus nathusii,0.007,0.024,-1,Echolocation,/mnt/ubna_data_01_mir/recover-20220825/UBNA_002/20220823_033000.WAV,Telephone Field,recover-20220825,002,1795
609.1655,609.1738,26328,35111,Eptesicus serotinus,0.008,0.023,-1,Echolocation,/mnt/ubna_data_01_mir/recover-20220825/UBNA_002/20220823_033000.WAV,Telephone Field,recover-20220825,002,1795
609.1795,609.1898,24609,30835,Eptesicus serotinus,0.009,0.022,-1,Echolocation,/mnt/ubna_data_01_mir/recover-20220825/UBNA_002/20220823_033000.WAV,Telephone Field,recover-20220825,002,1795
609.1845,609.1956,54687,59385,Pipistrellus pygmaeus,0.022,0.024,-1,Echolocation,/mnt/ubna_data_01_mir/recover-20220825/UBNA_002/20220823_033000.WAV,Telephone Field,recover-20220825,002,1795
609.2175,609.2274,24609,31019,Eptesicus serotinus,0.008,0.023,-1,Echolocation,/mnt/ubna_data_01_mir/recover-20220825/UBNA_002/20220823_033000.WAV,Telephone Field,recover-20220825,002,1795
609.2265,609.2639,68437,82168,Rhinolophus ferrumequinum,0.023,0.023,-1,Echolocation,/mnt/ubna_data_01_mir/recover-20220825/UBNA_002/20220823_033000.WAV,Telephone Field,recover-20220825,002,1795
609.2305,609.2373,39218,48100,Pipistrellus nathusii,0.369,0.517,-1,Echolocation,/mnt/ubna_data_01_mir/recover-20220825/UBNA_002/20220823_033000.WAV,Telephone Field,recover-20220825,002,1795
609.2595,609.2966,68437,82447,Rhinolophus ferrumequinum,0.024,0.024,-1,Echolocation,/mnt/ubna_data_01_mir/recover-20220825/UBNA_002/20220823_033000.WAV,Telephone Field,recover-20220825,002,1795
609.2895,609.2976,27187,36727,Eptesicus serotinus,0.008,0.022,-1,Echolocation,/mnt/ubna_data_01_mir/recover-20220825/UBNA_002/20220823_033000.WAV,Telephone Field,recover-20220825,002,1795
609.3215,609.3301,38359,44758,Pipistrellus nathusii,0.055,0.077,-1,Echolocation,/mnt/ubna_data_01_mir/recover-20220825/UBNA_002/20220823_033000.WAV,Telephone Field,recover-20220825,002,1795
609.3345,609.353,22890,26436,Nyctalus leisleri,0.013,0.024,-1,Echolocation,/mnt/ubna_data_01_mir/recover-20220825/UBNA_002/20220823_033000.WAV,Telephone Field,recover-20220825,002,1795
609.3445,609.3842,68437,82523,Rhinolophus ferrumequinum,0.023,0.023,-1,Echolocation,/mnt/ubna_data_01_mir/recover-20220825/UBNA_002/20220823_033000.WAV,Telephone Field,recover-20220825,002,1795
609.3575,609.3677,26328,33998,Eptesicus serotinus,0.013,0.029,-1,Echolocation,/mnt/ubna_data_01_mir/recover-20220825/UBNA_002/20220823_033000.WAV,Telephone Field,recover-20220825,002,1795
609.3625,609.3686,34062,48607,Myotis brandtii,0.013,0.035,-1,Echolocation,/mnt/ubna_data_01_mir/recover-20220825/UBNA_002/20220823_033000.WAV,Telephone Field,recover-20220825,002,1795
609.3735,609.4098,68437,82459,Rhinolophus ferrumequinum,0.023,0.023,-1,Echolocation,/mnt/ubna_data_01_mir/recover-20220825/UBNA_002/20220823_033000.WAV,Telephone Field,recover-20220825,002,1795
609.4115,609.4184,39218,49847,Pipistrellus nathusii,0.498,0.573,-1,Echolocation,/mnt/ubna_data_01_mir/recover-20220825/UBNA_002/20220823_033000.WAV,Telephone Field,recover-20220825,002,1795
609.5015,609.5123,37500,42889,Pipistrellus nathusii,0.051,0.061,-1,Echolocation,/mnt/ubna_data_01_mir/recover-20220825/UBNA_002/20220823_033000.WAV,Telephone Field,recover-20220825,002,1795
609.5025,609.511,27187,35369,Eptesicus serotinus,0.009,0.023,-1,Echolocation,/mnt/ubna_data_01_mir/recover-20220825/UBNA_002/20220823_033000.WAV,Telephone Field,recover-20220825,002,1795
609.5135,609.5202,40937,52694,Myotis brandtii,0.01,0.026,-1,Echolocation,/mnt/ubna_data_01_mir/recover-20220825/UBNA_002/20220823_033000.WAV,Telephone Field,recover-20220825,002,1795
609.5415,609.5484,41796,52426,Pipistrellus nathusii,0.013,0.03,-1,Echolocation,/mnt/ubna_data_01_mir/recover-20220825/UBNA_002/20220823_033000.WAV,Telephone Field,recover-20220825,002,1795
609.5435,609.5526,26328,35869,Eptesicus serotinus,0.008,0.023,-1,Echolocation,/mnt/ubna_data_01_mir/recover-20220825/UBNA_002/20220823_033000.WAV,Telephone Field,recover-20220825,002,1795
609.5875,609.5982,51250,55062,Pipistrellus pygmaeus,0.073,0.079,-1,Echolocation,/mnt/ubna_data_01_mir/recover-20220825/UBNA_002/20220823_033000.WAV,Telephone Field,recover-20220825,002,1795
609.6025,609.6187,23750,28521,Nyctalus leisleri,0.016,0.033,-1,Echolocation,/mnt/ubna_data_01_mir/recover-20220825/UBNA_002/20220823_033000.WAV,Telephone Field,recover-20220825,002,1795
609.6595,609.6668,34921,49176,Myotis brandtii,0.012,0.028,-1,Echolocation,/mnt/ubna_data_01_mir/recover-20220825/UBNA_002/20220823_033000.WAV,Telephone Field,recover-20220825,002,1795
609.6605,609.6689,26328,36890,Eptesicus serotinus,0.007,0.022,-1,Echolocation,/mnt/ubna_data_01_mir/recover-20220825/UBNA_002/20220823_033000.WAV,Telephone Field,recover-20220825,002,1795
609.7245,609.7685,68437,83282,Rhinolophus ferrumequinum,0.025,0.025,-1,Echolocation,/mnt/ubna_data_01_mir/recover-20220825/UBNA_002/20220823_033000.WAV,Telephone Field,recover-20220825,002,1795
609.7365,609.7797,68437,83268,Rhinolophus ferrumequinum,0.024,0.024,-1,Echolocation,/mnt/ubna_data_01_mir/recover-20220825/UBNA_002/20220823_033000.WAV,Telephone Field,recover-20220825,002,1795
609.7765,609.8161,68437,82274,Rhinolophus ferrumequinum,0.022,0.022,-1,Echolocation,/mnt/ubna_data_01_mir/recover-20220825/UBNA_002/20220823_033000.WAV,Telephone Field,recover-20220825,002,1795
609.8315,609.8396,27187,37893,Eptesicus serotinus,0.008,0.022,-1,Echolocation,/mnt/ubna_data_01_mir/recover-20220825/UBNA_002/20220823_033000.WAV,Telephone Field,recover-20220825,002,1795
609.8385,609.8465,55546,62695,Pipistrellus pygmaeus,0.024,0.025,-1,Echolocation,/mnt/ubna_data_01_mir/recover-20220825/UBNA_002/20220823_033000.WAV,Telephone Field,recover-20220825,002,1795
609.8425,609.8503,40937,52806,Pipistrellus nathusii,0.017,0.031,-1,Echolocation,/mnt/ubna_data_01_mir/recover-20220825/UBNA_002/20220823_033000.WAV,Telephone Field,recover-20220825,002,1795
609.8425,609.8508,26328,39704,Eptesicus serotinus,0.009,0.023,-1,Echolocation,/mnt/ubna_data_01_mir/recover-20220825/UBNA_002/20220823_033000.WAV,Telephone Field,recover-20220825,002,1795
609.8585,609.8658,27187,35508,Eptesicus serotinus,0.007,0.022,-1,Echolocation,/mnt/ubna_data_01_mir/recover-20220825/UBNA_002/20220823_033000.WAV,Telephone Field,recover-20220825,002,1795
609.8685,609.9091,68437,82991,Rhinolophus ferrumequinum,0.026,0.026,-1,Echolocation,/mnt/ubna_data_01_mir/recover-20220825/UBNA_002/20220823_033000.WAV,Telephone Field,recover-20220825,002,1795
609.8895,609.8962,40078,48343,Pipistrellus nathusii,0.333,0.478,-1,Echolocation,/mnt/ubna_data_01_mir/recover-20220825/UBNA_002/20220823_033000.WAV,Telephone Field,recover-20220825,002,1795
609.9865,609.994,39218,50589,Pipistrellus nathusii,0.259,0.46,-1,Echolocation,/mnt/ubna_data_01_mir/recover-20220825/UBNA_002/20220823_033000.WAV,Telephone Field,recover-20220825,002,1795
610.0015,610.01,22031,28203,Nyctalus leisleri,0.011,0.029,-1,Echolocation,/mnt/ubna_data_01_mir/recover-20220825/UBNA_002/20220823_033000.WAV,Telephone Field,recover-20220825,002,1795
610.0015,610.0332,69296,81322,Rhinolophus ferrumequinum,0.034,0.035,-1,Echolocation,/mnt/ubna_data_01_mir/recover-20220825/UBNA_002/20220823_033000.WAV,Telephone Field,recover-20220825,002,1795
610.0115,610.0193,26328,38774,Eptesicus serotinus,0.009,0.026,-1,Echolocation,/mnt/ubna_data_01_mir/recover-20220825/UBNA_002/20220823_033000.WAV,Telephone Field,recover-20220825,002,1795
610.0135,610.0194,31484,46457,Myotis daubentonii,0.008,0.023,-1,Echolocation,/mnt/ubna_data_01_mir/recover-20220825/UBNA_002/20220823_033000.WAV,Telephone Field,recover-20220825,002,1795
610.0675,610.082,19453,24258,Nyctalus noctula,0.014,0.03,-1,Echolocation,/mnt/ubna_data_01_mir/recover-20220825/UBNA_002/20220823_033000.WAV,Telephone Field,recover-20220825,002,1795
610.0825,610.089,38359,46272,Pipistrellus nathusii,0.38,0.513,-1,Echolocation,/mnt/ubna_data_01_mir/recover-20220825/UBNA_002/20220823_033000.WAV,Telephone Field,recover-20220825,002,1795
610.1195,610.1602,68437,82991,Rhinolophus ferrumequinum,0.024,0.024,-1,Echolocation,/mnt/ubna_data_01_mir/recover-20220825/UBNA_002/20220823_033000.WAV,Telephone Field,recover-20220825,002,1795
610.1715,610.1771,37500,54031,Myotis brandtii,0.011,0.025,-1,Echolocation,/mnt/ubna_data_01_mir/recover-20220825/UBNA_002/20220823_033000.WAV,Telephone Field,recover-20220825,002,1795
610.2275,610.2345,27187,39453,Eptesicus serotinus,0.006,0.023,-1,Echolocation,/mnt/ubna_data_01_mir/recover-20220825/UBNA_002/20220823_033000.WAV,Telephone Field,recover-20220825,002,1795
610.2275,610.2341,37500,55858,Myotis brandtii,0.012,0.025,-1,Echolocation,/mnt/ubna_data_01_mir/recover-20220825/UBNA_002/20220823_033000.WAV,Telephone Field,recover-20220825,002,1795
610.2515,610.2607,23750,30891,Nyctalus leisleri,0.006,0.023,-1,Echolocation,/mnt/ubna_data_01_mir/recover-20220825/UBNA_002/20220823_033000.WAV,Telephone Field,recover-20220825,002,1795
610.2535,610.29,68437,80923,Rhinolophus ferrumequinum,0.025,0.025,-1,Echolocation,/mnt/ubna_data_01_mir/recover-20220825/UBNA_002/20220823_033000.WAV,Telephone Field,recover-20220825,002,1795
610.2605,610.2689,40078,46292,Pipistrellus nathusii,0.245,0.311,-1,Echolocation,/mnt/ubna_data_01_mir/recover-20220825/UBNA_002/20220823_033000.WAV,Telephone Field,recover-20220825,002,1795
610.2795,610.3196,68437,82192,Rhinolophus ferrumequinum,0.024,0.024,-1,Echolocation,/mnt/ubna_data_01_mir/recover-20220825/UBNA_002/20220823_033000.WAV,Telephone Field,recover-20220825,002,1795
610.3095,610.3521,68437,82678,Rhinolophus ferrumequinum,0.024,0.024,-1,Echolocation,/mnt/ubna_data_01_mir/recover-20220825/UBNA_002/20220823_033000.WAV,Telephone Field,recover-20220825,002,1795
610.3215,610.3285,49531,55918,Pipistrellus pipistrellus,0.022,0.027,-1,Echolocation,/mnt/ubna_data_01_mir/recover-20220825/UBNA_002/20220823_033000.WAV,Telephone Field,recover-20220825,002,1795
610.3235,610.3592,68437,82322,Rhinolophus ferrumequinum,0.023,0.023,-1,Echolocation,/mnt/ubna_data_01_mir/recover-20220825/UBNA_002/20220823_033000.WAV,Telephone Field,recover-20220825,002,1795
610.3265,610.3349,27187,35506,Eptesicus serotinus,0.01,0.024,-1,Echolocation,/mnt/ubna_data_01_mir/recover-20220825/UBNA_002/20220823_033000.WAV,Telephone Field,recover-20220825,002,1795
610.3555,610.3626,40078,49136,Pipistrellus nathusii,0.145,0.225,-1,Echolocation,/mnt/ubna_data_01_mir/recover-20220825/UBNA_002/20220823_033000.WAV,Telephone Field,recover-20220825,002,1795
610.3615,610.3702,54687,62141,Pipistrellus pygmaeus,0.025,0.026,-1,Echolocation,/mnt/ubna_data_01_mir/recover-20220825/UBNA_002/20220823_033000.WAV,Telephone Field,recover-20220825,002,1795
610.3815,610.4202,68437,82712,Rhinolophus ferrumequinum,0.025,0.025,-1,Echolocation,/mnt/ubna_data_01_mir/recover-20220825/UBNA_002/20220823_033000.WAV,Telephone Field,recover-20220825,002,1795
610.4115,610.4482,68437,82220,Rhinolophus ferrumequinum,0.024,0.024,-1,Echolocation,/mnt/ubna_data_01_mir/recover-20220825/UBNA_002/20220823_033000.WAV,Telephone Field,recover-20220825,002,1795
610.4225,610.4615,68437,82404,Rhinolophus ferrumequinum,0.026,0.026,-1,Echolocation,/mnt/ubna_data_01_mir/recover-20220825/UBNA_002/20220823_033000.WAV,Telephone Field,recover-20220825,002,1795
610.4235,610.4291,49531,57105,Pipistrellus pipistrellus,0.024,0.029,-1,Echolocation,/mnt/ubna_data_01_mir/recover-20220825/UBNA_002/20220823_033000.WAV,Telephone Field,recover-20220825,002,1795
610.4675,610.5039,68437,82046,Rhinolophus ferrumequinum,0.023,0.023,-1,Echolocation,/mnt/ubna_data_01_mir/recover-20220825/UBNA_002/20220823_033000.WAV,Telephone Field,recover-20220825,002,1795
610.5385,610.5463,26328,37694,Eptesicus serotinus,0.008,0.024,-1,Echolocation,/mnt/ubna_data_01_mir/recover-20220825/UBNA_002/20220823_033000.WAV,Telephone Field,recover-20220825,002,1795
610.5435,610.5555,39218,43615,Pipistrellus nathusii,0.044,0.053,-1,Echolocation,/mnt/ubna_data_01_mir/recover-20220825/UBNA_002/20220823_033000.WAV,Telephone Field,recover-20220825,002,1795
610.6005,610.6129,36640,40901,Pipistrellus nathusii,0.092,0.115,-1,Echolocation,/mnt/ubna_data_01_mir/recover-20220825/UBNA_002/20220823_033000.WAV,Telephone Field,recover-20220825,002,1795
610.6515,610.6586,39218,45630,Pipistrellus nathusii,0.227,0.305,-1,Echolocation,/mnt/ubna_data_01_mir/recover-20220825/UBNA_002/20220823_033000.WAV,Telephone Field,recover-20220825,002,1795
610.6535,610.659,32343,44207,Barbastellus barbastellus,0.178,0.213,-1,Echolocation,/mnt/ubna_data_01_mir/recover-20220825/UBNA_002/20220823_033000.WAV,Telephone Field,recover-20220825,002,1795
610.7125,610.7224,28046,35438,Eptesicus serotinus,0.013,0.027,-1,Echolocation,/mnt/ubna_data_01_mir/recover-20220825/UBNA_002/20220823_033000.WAV,Telephone Field,recover-20220825,002,1795
610.7205,610.7626,68437,82937,Rhinolophus ferrumequinum,0.029,0.029,-1,Echolocation,/mnt/ubna_data_01_mir/recover-20220825/UBNA_002/20220823_033000.WAV,Telephone Field,recover-20220825,002,1795
610.7205,610.7277,26328,36015,Eptesicus serotinus,0.007,0.024,-1,Echolocation,/mnt/ubna_data_01_mir/recover-20220825/UBNA_002/20220823_033000.WAV,Telephone Field,recover-20220825,002,1795
610.7205,610.7291,32343,39449,Barbastellus barbastellus,0.011,0.025,-1,Echolocation,/mnt/ubna_data_01_mir/recover-20220825/UBNA_002/20220823_033000.WAV,Telephone Field,recover-20220825,002,1795
610.7355,610.7429,26328,38851,Eptesicus serotinus,0.008,0.023,-1,Echolocation,/mnt/ubna_data_01_mir/recover-20220825/UBNA_002/20220823_033000.WAV,Telephone Field,recover-20220825,002,1795
610.7355,610.7413,32343,45132,Myotis daubentonii,0.015,0.031,-1,Echolocation,/mnt/ubna_data_01_mir/recover-20220825/UBNA_002/20220823_033000.WAV,Telephone Field,recover-20220825,002,1795
610.7455,610.7593,23750,29052,Nyctalus leisleri,0.01,0.027,-1,Echolocation,/mnt/ubna_data_01_mir/recover-20220825/UBNA_002/20220823_033000.WAV,Telephone Field,recover-20220825,002,1795
610.7505,610.793,68437,83223,Rhinolophus ferrumequinum,0.03,0.031,-1,Echolocation,/mnt/ubna_data_01_mir/recover-20220825/UBNA_002/20220823_033000.WAV,Telephone Field,recover-20220825,002,1795
610.7545,610.7624,26328,38883,Eptesicus serotinus,0.008,0.023,-1,Echolocation,/mnt/ubna_data_01_mir/recover-20220825/UBNA_002/20220823_033000.WAV,Telephone Field,recover-20220825,002,1795
610.7555,610.7609,40937,55783,Myotis brandtii,0.014,0.039,-1,Echolocation,/mnt/ubna_data_01_mir/recover-20220825/UBNA_002/20220823_033000.WAV,Telephone Field,recover-20220825,002,1795
610.7635,610.7714,26328,34745,Eptesicus serotinus,0.01,0.027,-1,Echolocation,/mnt/ubna_data_01_mir/recover-20220825/UBNA_002/20220823_033000.WAV,Telephone Field,recover-20220825,002,1795
610.7855,610.792,26328,36826,Eptesicus serotinus,0.022,0.056,-1,Echolocation,/mnt/ubna_data_01_mir/recover-20220825/UBNA_002/20220823_033000.WAV,Telephone Field,recover-20220825,002,1795
610.8135,610.8226,40078,46827,Pipistrellus nathusii,0.155,0.221,-1,Echolocation,/mnt/ubna_data_01_mir/recover-20220825/UBNA_002/20220823_033000.WAV,Telephone Field,recover-20220825,002,1795
610.8335,610.8656,68437,79706,Rhinolophus ferrumequinum,0.023,0.023,-1,Echolocation,/mnt/ubna_data_01_mir/recover-20220825/UBNA_002/20220823_033000.WAV,Telephone Field,recover-20220825,002,1795
610.8545,610.8625,44375,54377,Pipistrellus pipistrellus,0.016,0.031,-1,Echolocation,/mnt/ubna_data_01_mir/recover-20220825/UBNA_002/20220823_033000.WAV,Telephone Field,recover-20220825,002,1795
610.8955,610.9348,68437,82185,Rhinolophus ferrumequinum,0.025,0.026,-1,Echolocation,/mnt/ubna_data_01_mir/recover-20220825/UBNA_002/20220823_033000.WAV,Telephone Field,recover-20220825,002,1795
610.9135,610.9206,40937,47828,Pipistrellus nathusii,0.236,0.384,-1,Echolocation,/mnt/ubna_data_01_mir/recover-20220825/UBNA_002/20220823_033000.WAV,Telephone Field,recover-20220825,002,1795
610.9245,610.9314,55546,64991,Pipistrellus pygmaeus,0.024,0.025,-1,Echolocation,/mnt/ubna_data_01_mir/recover-20220825/UBNA_002/20220823_033000.WAV,Telephone Field,recover-20220825,002,1795
610.9555,610.9617,29765,42135,Myotis daubentonii,0.017,0.038,-1,Echolocation,/mnt/ubna_data_01_mir/recover-20220825/UBNA_002/20220823_033000.WAV,Telephone Field,recover-20220825,002,1795
611.0115,611.0168,37500,49008,Myotis brandtii,0.068,0.241,-1,Echolocation,/mnt/ubna_data_01_mir/recover-20220825/UBNA_002/20220823_033000.WAV,Telephone Field,recover-20220825,002,1795
611.0245,611.065,68437,82323,Rhinolophus ferrumequinum,0.024,0.024,-1,Echolocation,/mnt/ubna_data_01_mir/recover-20220825/UBNA_002/20220823_033000.WAV,Telephone Field,recover-20220825,002,1795
611.0305,611.0709,68437,82676,Rhinolophus ferrumequinum,0.023,0.023,-1,Echolocation,/mnt/ubna_data_01_mir/recover-20220825/UBNA_002/20220823_033000.WAV,Telephone Field,recover-20220825,002,1795
611.0685,611.077,27187,37101,Eptesicus serotinus,0.008,0.024,-1,Echolocation,/mnt/ubna_data_01_mir/recover-20220825/UBNA_002/20220823_033000.WAV,Telephone Field,recover-20220825,002,1795
611.0965,611.1047,24609,32731,Eptesicus serotinus,0.009,0.027,-1,Echolocation,/mnt/ubna_data_01_mir/recover-20220825/UBNA_002/20220823_033000.WAV,Telephone Field,recover-20220825,002,1795
611.0975,611.1082,16015,23437,Nyctalus noctula,0.013,0.024,-1,Echolocation,/mnt/ubna_data_01_mir/recover-20220825/UBNA_002/20220823_033000.WAV,Telephone Field,recover-20220825,002,1795
611.1125,611.1206999999999,42656,49373,Pipistrellus nathusii,0.232,0.275,-1,Echolocation,/mnt/ubna_data_01_mir/recover-20220825/UBNA_002/20220823_033000.WAV,Telephone Field,recover-20220825,002,1795
611.1665,611.1799,19453,25414,Nyctalus noctula,0.037,0.064,-1,Echolocation,/mnt/ubna_data_01_mir/recover-20220825/UBNA_002/20220823_033000.WAV,Telephone Field,recover-20220825,002,1795
611.1815,611.1885,41796,53048,Pipistrellus nathusii,0.008,0.023,-1,Echolocation,/mnt/ubna_data_01_mir/recover-20220825/UBNA_002/20220823_033000.WAV,Telephone Field,recover-20220825,002,1795
611.2115,611.2176,40078,50144,Myotis daubentonii,0.029,0.102,-1,Echolocation,/mnt/ubna_data_01_mir/recover-20220825/UBNA_002/20220823_033000.WAV,Telephone Field,recover-20220825,002,1795
611.2195,611.2273,26328,36738,Eptesicus serotinus,0.008,0.023,-1,Echolocation,/mnt/ubna_data_01_mir/recover-20220825/UBNA_002/20220823_033000.WAV,Telephone Field,recover-20220825,002,1795
611.2505,611.2575,39218,53723,Myotis brandtii,0.011,0.03,-1,Echolocation,/mnt/ubna_data_01_mir/recover-20220825/UBNA_002/20220823_033000.WAV,Telephone Field,recover-20220825,002,1795
611.2775,611.2865,23750,30510,Nyctalus leisleri,0.007,0.025,-1,Echolocation,/mnt/ubna_data_01_mir/recover-20220825/UBNA_002/20220823_033000.WAV,Telephone Field,recover-20220825,002,1795
611.3015,611.3115,41796,46871,Pipistrellus nathusii,0.056,0.073,-1,Echolocation,/mnt/ubna_data_01_mir/recover-20220825/UBNA_002/20220823_033000.WAV,Telephone Field,recover-20220825,002,1795
611.3245,611.332,27187,39268,Eptesicus serotinus,0.007,0.023,-1,Echolocation,/mnt/ubna_data_01_mir/recover-20220825/UBNA_002/20220823_033000.WAV,Telephone Field,recover-20220825,002,1795
611.3625,611.3999,68437,81704,Rhinolophus ferrumequinum,0.023,0.023,-1,Echolocation,/mnt/ubna_data_01_mir/recover-20220825/UBNA_002/20220823_033000.WAV,Telephone Field,recover-20220825,002,1795
611.3665,611.3729,40937,52482,Pipistrellus nathusii,0.058,0.124,-1,Echolocation,/mnt/ubna_data_01_mir/recover-20220825/UBNA_002/20220823_033000.WAV,Telephone Field,recover-20220825,002,1795
611.3895,611.4273,68437,81754,Rhinolophus ferrumequinum,0.023,0.023,-1,Echolocation,/mnt/ubna_data_01_mir/recover-20220825/UBNA_002/20220823_033000.WAV,Telephone Field,recover-20220825,002,1795
611.4325,611.4726,68437,82300,Rhinolophus ferrumequinum,0.024,0.024,-1,Echolocation,/mnt/ubna_data_01_mir/recover-20220825/UBNA_002/20220823_033000.WAV,Telephone Field,recover-20220825,002,1795
611.4515,611.4578,37500,46909,Myotis daubentonii,0.008,0.024,-1,Echolocation,/mnt/ubna_data_01_mir/recover-20220825/UBNA_002/20220823_033000.WAV,Telephone Field,recover-20220825,002,1795
611.4515,611.4585,30625,44236,Myotis daubentonii,0.012,0.024,-1,Echolocation,/mnt/ubna_data_01_mir/recover-20220825/UBNA_002/20220823_033000.WAV,Telephone Field,recover-20220825,002,1795
611.4665,611.4746,27187,38693,Eptesicus serotinus,0.008,0.023,-1,Echolocation,/mnt/ubna_data_01_mir/recover-20220825/UBNA_002/20220823_033000.WAV,Telephone Field,recover-20220825,002,1795
611.4735,611.4835,27187,35312,Eptesicus serotinus,0.01,0.024,-1,Echolocation,/mnt/ubna_data_01_mir/recover-20220825/UBNA_002/20220823_033000.WAV,Telephone Field,recover-20220825,002,1795
611.5065,611.5449,68437,82855,Rhinolophus ferrumequinum,0.034,0.034,-1,Echolocation,/mnt/ubna_data_01_mir/recover-20220825/UBNA_002/20220823_033000.WAV,Telephone Field,recover-20220825,002,1795
611.5105,611.5172,29765,40270,Myotis daubentonii,0.008,0.025,-1,Echolocation,/mnt/ubna_data_01_mir/recover-20220825/UBNA_002/20220823_033000.WAV,Telephone Field,recover-20220825,002,1795
611.5365,611.5447,57265,62682,Pipistrellus pygmaeus,0.036,0.036,-1,Echolocation,/mnt/ubna_data_01_mir/recover-20220825/UBNA_002/20220823_033000.WAV,Telephone Field,recover-20220825,002,1795
611.5525,611.5639,16015,22656,Nyctalus noctula,0.017,0.028,-1,Echolocation,/mnt/ubna_data_01_mir/recover-20220825/UBNA_002/20220823_033000.WAV,Telephone Field,recover-20220825,002,1795
611.6335,611.6423,22890,30258,Plecotus austriacus,0.008,0.025,-1,Echolocation,/mnt/ubna_data_01_mir/recover-20220825/UBNA_002/20220823_033000.WAV,Telephone Field,recover-20220825,002,1795
611.6535,611.689,68437,82259,Rhinolophus ferrumequinum,0.023,0.023,-1,Echolocation,/mnt/ubna_data_01_mir/recover-20220825/UBNA_002/20220823_033000.WAV,Telephone Field,recover-20220825,002,1795
611.6535,611.6621,55546,60114,Pipistrellus pygmaeus,0.039,0.041,-1,Echolocation,/mnt/ubna_data_01_mir/recover-20220825/UBNA_002/20220823_033000.WAV,Telephone Field,recover-20220825,002,1795
611.6785,611.6864,45234,50268,Pipistrellus pipistrellus,0.021,0.026,-1,Echolocation,/mnt/ubna_data_01_mir/recover-20220825/UBNA_002/20220823_033000.WAV,Telephone Field,recover-20220825,002,1795
611.7225,611.7292,40937,49707,Pipistrellus nathusii,0.426,0.474,-1,Echolocation,/mnt/ubna_data_01_mir/recover-20220825/UBNA_002/20220823_033000.WAV,Telephone Field,recover-20220825,002,1795
611.7665,611.8063,68437,82842,Rhinolophus ferrumequinum,0.024,0.024,-1,Echolocation,/mnt/ubna_data_01_mir/recover-20220825/UBNA_002/20220823_033000.WAV,Telephone Field,recover-20220825,002,1795
611.7785,611.7855,39218,51580,Myotis daubentonii,0.008,0.025,-1,Echolocation,/mnt/ubna_data_01_mir/recover-20220825/UBNA_002/20220823_033000.WAV,Telephone Field,recover-20220825,002,1795
611.7795,611.7859,34921,50157,Myotis daubentonii,0.01,0.025,-1,Echolocation,/mnt/ubna_data_01_mir/recover-20220825/UBNA_002/20220823_033000.WAV,Telephone Field,recover-20220825,002,1795
611.8135,611.8223,28046,37263,Eptesicus serotinus,0.01,0.026,-1,Echolocation,/mnt/ubna_data_01_mir/recover-20220825/UBNA_002/20220823_033000.WAV,Telephone Field,recover-20220825,002,1795
611.8495,611.8598,54687,61460,Pipistrellus pygmaeus,0.027,0.027,-1,Echolocation,/mnt/ubna_data_01_mir/recover-20220825/UBNA_002/20220823_033000.WAV,Telephone Field,recover-20220825,002,1795
611.8515,611.8579,40937,49013,Pipistrellus nathusii,0.441,0.498,-1,Echolocation,/mnt/ubna_data_01_mir/recover-20220825/UBNA_002/20220823_033000.WAV,Telephone Field,recover-20220825,002,1795
611.9105,611.9211,24609,31095,Nyctalus leisleri,0.011,0.029,-1,Echolocation,/mnt/ubna_data_01_mir/recover-20220825/UBNA_002/20220823_033000.WAV,Telephone Field,recover-20220825,002,1795
611.9105,611.948,68437,82536,Rhinolophus ferrumequinum,0.026,0.026,-1,Echolocation,/mnt/ubna_data_01_mir/recover-20220825/UBNA_002/20220823_033000.WAV,Telephone Field,recover-20220825,002,1795
611.9425,611.9488,28906,47708,Myotis daubentonii,0.011,0.024,-1,Echolocation,/mnt/ubna_data_01_mir/recover-20220825/UBNA_002/20220823_033000.WAV,Telephone Field,recover-20220825,002,1795
611.9435,611.9488,41796,49784,Pipistrellus nathusii,0.269,0.34,-1,Echolocation,/mnt/ubna_data_01_mir/recover-20220825/UBNA_002/20220823_033000.WAV,Telephone Field,recover-20220825,002,1795
612.0015,612.0082,47812,53870,Pipistrellus pipistrellus,0.02,0.026,-1,Echolocation,/mnt/ubna_data_01_mir/recover-20220825/UBNA_002/20220823_033000.WAV,Telephone Field,recover-20220825,002,1795
612.0015,612.0349,68437,79891,Rhinolophus ferrumequinum,0.081,0.081,-1,Echolocation,/mnt/ubna_data_01_mir/recover-20220825/UBNA_002/20220823_033000.WAV,Telephone Field,recover-20220825,002,1795
612.0015,612.0095,25468,35880,Nyctalus leisleri,0.008,0.03,-1,Echolocation,/mnt/ubna_data_01_mir/recover-20220825/UBNA_002/20220823_033000.WAV,Telephone Field,recover-20220825,002,1795
612.0015,612.0127,39218,45633,Pipistrellus nathusii,0.015,0.024,-1,Echolocation,/mnt/ubna_data_01_mir/recover-20220825/UBNA_002/20220823_033000.WAV,Telephone Field,recover-20220825,002,1795
612.0195,612.0587,68437,82385,Rhinolophus ferrumequinum,0.022,0.022,-1,Echolocation,/mnt/ubna_data_01_mir/recover-20220825/UBNA_002/20220823_033000.WAV,Telephone Field,recover-20220825,002,1795
612.0325,612.0723,68437,82380,Rhinolophus ferrumequinum,0.028,0.028,-1,Echolocation,/mnt/ubna_data_01_mir/recover-20220825/UBNA_002/20220823_033000.WAV,Telephone Field,recover-20220825,002,1795
612.0365,612.0424,39218,50178,Myotis daubentonii,0.035,0.121,-1,Echolocation,/mnt/ubna_data_01_mir/recover-20220825/UBNA_002/20220823_033000.WAV,Telephone Field,recover-20220825,002,1795
612.0385,612.0442,30625,54296,Myotis daubentonii,0.029,0.061,-1,Echolocation,/mnt/ubna_data_01_mir/recover-20220825/UBNA_002/20220823_033000.WAV,Telephone Field,recover-20220825,002,1795
612.0825,612.1191,68437,81334,Rhinolophus ferrumequinum,0.021,0.021,-1,Echolocation,/mnt/ubna_data_01_mir/recover-20220825/UBNA_002/20220823_033000.WAV,Telephone Field,recover-20220825,002,1795
612.1095,612.1196,44375,48075,Pipistrellus pipistrellus,0.02,0.023,-1,Echolocation,/mnt/ubna_data_01_mir/recover-20220825/UBNA_002/20220823_033000.WAV,Telephone Field,recover-20220825,002,1795
612.1115,612.1503,68437,82049,Rhinolophus ferrumequinum,0.025,0.025,-1,Echolocation,/mnt/ubna_data_01_mir/recover-20220825/UBNA_002/20220823_033000.WAV,Telephone Field,recover-20220825,002,1795
612.1295,612.1619,68437,80659,Rhinolophus ferrumequinum,0.021,0.021,-1,Echolocation,/mnt/ubna_data_01_mir/recover-20220825/UBNA_002/20220823_033000.WAV,Telephone Field,recover-20220825,002,1795
612.1345,612.14,34921,52028,Pipistrellus nathusii,0.186,0.535,-1,Echolocation,/mnt/ubna_data_01_mir/recover-20220825/UBNA_002/20220823_033000.WAV,Telephone Field,recover-20220825,002,1795
612.1445,612.1523,27187,35233,Eptesicus serotinus,0.007,0.023,-1,Echolocation,/mnt/ubna_data_01_mir/recover-20220825/UBNA_002/20220823_033000.WAV,Telephone Field,recover-20220825,002,1795
612.1515,612.1902,68437,81855,Rhinolophus ferrumequinum,0.02,0.02,-1,Echolocation,/mnt/ubna_data_01_mir/recover-20220825/UBNA_002/20220823_033000.WAV,Telephone Field,recover-20220825,002,1795
612.1685,612.1814,22890,28035,Nyctalus leisleri,0.01,0.021,-1,Echolocation,/mnt/ubna_data_01_mir/recover-20220825/UBNA_002/20220823_033000.WAV,Telephone Field,recover-20220825,002,1795
612.1705,612.2127,68437,82661,Rhinolophus ferrumequinum,0.021,0.021,-1,Echolocation,/mnt/ubna_data_01_mir/recover-20220825/UBNA_002/20220823_033000.WAV,Telephone Field,recover-20220825,002,1795
612.1795,612.1992,19453,22346,Nyctalus leisleri,0.012,0.021,-1,Echolocation,/mnt/ubna_data_01_mir/recover-20220825/UBNA_002/20220823_033000.WAV,Telephone Field,recover-20220825,002,1795
612.2095,612.2495,68437,82297,Rhinolophus ferrumequinum,0.024,0.024,-1,Echolocation,/mnt/ubna_data_01_mir/recover-20220825/UBNA_002/20220823_033000.WAV,Telephone Field,recover-20220825,002,1795
612.2155,612.2231,28046,37192,Eptesicus serotinus,0.008,0.024,-1,Echolocation,/mnt/ubna_data_01_mir/recover-20220825/UBNA_002/20220823_033000.WAV,Telephone Field,recover-20220825,002,1795
612.2305,612.2678,68437,81951,Rhinolophus ferrumequinum,0.021,0.021,-1,Echolocation,/mnt/ubna_data_01_mir/recover-20220825/UBNA_002/20220823_033000.WAV,Telephone Field,recover-20220825,002,1795
612.2325,612.2381,38359,47263,Pipistrellus nathusii,0.181,0.468,-1,Echolocation,/mnt/ubna_data_01_mir/recover-20220825/UBNA_002/20220823_033000.WAV,Telephone Field,recover-20220825,002,1795
612.3105,612.3517,68437,83154,Rhinolophus ferrumequinum,0.031,0.031,-1,Echolocation,/mnt/ubna_data_01_mir/recover-20220825/UBNA_002/20220823_033000.WAV,Telephone Field,recover-20220825,002,1795
612.3235,612.3299,38359,49429,Pipistrellus nathusii,0.275,0.482,-1,Echolocation,/mnt/ubna_data_01_mir/recover-20220825/UBNA_002/20220823_033000.WAV,Telephone Field,recover-20220825,002,1795
612.3425,612.3476,50390,58665,Pipistrellus pipistrellus,0.017,0.024,-1,Echolocation,/mnt/ubna_data_01_mir/recover-20220825/UBNA_002/20220823_033000.WAV,Telephone Field,recover-20220825,002,1795
612.3735,612.3822,28046,38861,Eptesicus serotinus,0.011,0.028,-1,Echolocation,/mnt/ubna_data_01_mir/recover-20220825/UBNA_002/20220823_033000.WAV,Telephone Field,recover-20220825,002,1795
612.4115,612.4491,68437,81699,Rhinolophus ferrumequinum,0.021,0.021,-1,Echolocation,/mnt/ubna_data_01_mir/recover-20220825/UBNA_002/20220823_033000.WAV,Telephone Field,recover-20220825,002,1795
612.4685,612.4786,28046,39126,Eptesicus serotinus,0.012,0.027,-1,Echolocation,/mnt/ubna_data_01_mir/recover-20220825/UBNA_002/20220823_033000.WAV,Telephone Field,recover-20220825,002,1795
612.4875,612.5255,68437,82306,Rhinolophus ferrumequinum,0.02,0.02,-1,Echolocation,/mnt/ubna_data_01_mir/recover-20220825/UBNA_002/20220823_033000.WAV,Telephone Field,recover-20220825,002,1795
612.5115,612.5192,39218,46985,Pipistrellus nathusii,0.08,0.158,-1,Echolocation,/mnt/ubna_data_01_mir/recover-20220825/UBNA_002/20220823_033000.WAV,Telephone Field,recover-20220825,002,1795
612.5125,612.5197000000001,28906,46429,Myotis daubentonii,0.01,0.025,-1,Echolocation,/mnt/ubna_data_01_mir/recover-20220825/UBNA_002/20220823_033000.WAV,Telephone Field,recover-20220825,002,1795
612.5155,612.5508,68437,81922,Rhinolophus ferrumequinum,0.022,0.022,-1,Echolocation,/mnt/ubna_data_01_mir/recover-20220825/UBNA_002/20220823_033000.WAV,Telephone Field,recover-20220825,002,1795
612.5425,612.5787,68437,82592,Rhinolophus ferrumequinum,0.024,0.024,-1,Echolocation,/mnt/ubna_data_01_mir/recover-20220825/UBNA_002/20220823_033000.WAV,Telephone Field,recover-20220825,002,1795
612.5735,612.6117,68437,82550,Rhinolophus ferrumequinum,0.022,0.022,-1,Echolocation,/mnt/ubna_data_01_mir/recover-20220825/UBNA_002/20220823_033000.WAV,Telephone Field,recover-20220825,002,1795
612.6175,612.6299,28046,34221,Eptesicus serotinus,0.018,0.035,-1,Echolocation,/mnt/ubna_data_01_mir/recover-20220825/UBNA_002/20220823_033000.WAV,Telephone Field,recover-20220825,002,1795
612.6595,612.674,22031,26296,Nyctalus leisleri,0.016,0.028,-1,Echolocation,/mnt/ubna_data_01_mir/recover-20220825/UBNA_002/20220823_033000.WAV,Telephone Field,recover-20220825,002,1795
612.6595,612.6981,68437,82330,Rhinolophus ferrumequinum,0.021,0.021,-1,Echolocation,/mnt/ubna_data_01_mir/recover-20220825/UBNA_002/20220823_033000.WAV,Telephone Field,recover-20220825,002,1795
612.7015,612.7371,68437,81458,Rhinolophus ferrumequinum,0.021,0.021,-1,Echolocation,/mnt/ubna_data_01_mir/recover-20220825/UBNA_002/20220823_033000.WAV,Telephone Field,recover-20220825,002,1795
612.7025,612.7118,26328,33994,Eptesicus serotinus,0.011,0.027,-1,Echolocation,/mnt/ubna_data_01_mir/recover-20220825/UBNA_002/20220823_033000.WAV,Telephone Field,recover-20220825,002,1795
612.7185,612.7524,68437,81074,Rhinolophus ferrumequinum,0.023,0.023,-1,Echolocation,/mnt/ubna_data_01_mir/recover-20220825/UBNA_002/20220823_033000.WAV,Telephone Field,recover-20220825,002,1795
612.7465,612.7599,40078,43653,Pipistrellus nathusii,0.026,0.036,-1,Echolocation,/mnt/ubna_data_01_mir/recover-20220825/UBNA_002/20220823_033000.WAV,Telephone Field,recover-20220825,002,1795
612.7545,612.7623,27187,36912,Eptesicus serotinus,0.009,0.025,-1,Echolocation,/mnt/ubna_data_01_mir/recover-20220825/UBNA_002/20220823_033000.WAV,Telephone Field,recover-20220825,002,1795
612.7715,612.8086,68437,81937,Rhinolophus ferrumequinum,0.021,0.021,-1,Echolocation,/mnt/ubna_data_01_mir/recover-20220825/UBNA_002/20220823_033000.WAV,Telephone Field,recover-20220825,002,1795
612.7775,612.7868,27187,35881,Eptesicus serotinus,0.009,0.021,-1,Echolocation,/mnt/ubna_data_01_mir/recover-20220825/UBNA_002/20220823_033000.WAV,Telephone Field,recover-20220825,002,1795
612.8015,612.8086,27187,38887,Eptesicus serotinus,0.007,0.023,-1,Echolocation,/mnt/ubna_data_01_mir/recover-20220825/UBNA_002/20220823_033000.WAV,Telephone Field,recover-20220825,002,1795
612.8255,612.8612,68437,81351,Rhinolophus ferrumequinum,0.02,0.02,-1,Echolocation,/mnt/ubna_data_01_mir/recover-20220825/UBNA_002/20220823_033000.WAV,Telephone Field,recover-20220825,002,1795
612.8345,612.8425,27187,37916,Eptesicus serotinus,0.007,0.021,-1,Echolocation,/mnt/ubna_data_01_mir/recover-20220825/UBNA_002/20220823_033000.WAV,Telephone Field,recover-20220825,002,1795
612.8485,612.8566,26328,34688,Eptesicus serotinus,0.01,0.026,-1,Echolocation,/mnt/ubna_data_01_mir/recover-20220825/UBNA_002/20220823_033000.WAV,Telephone Field,recover-20220825,002,1795
612.9065,612.9414,68437,80505,Rhinolophus ferrumequinum,0.021,0.021,-1,Echolocation,/mnt/ubna_data_01_mir/recover-20220825/UBNA_002/20220823_033000.WAV,Telephone Field,recover-20220825,002,1795
612.9355,612.9738,68437,81640,Rhinolophus ferrumequinum,0.021,0.021,-1,Echolocation,/mnt/ubna_data_01_mir/recover-20220825/UBNA_002/20220823_033000.WAV,Telephone Field,recover-20220825,002,1795
612.9605,612.9683,27187,39141,Eptesicus serotinus,0.008,0.024,-1,Echolocation,/mnt/ubna_data_01_mir/recover-20220825/UBNA_002/20220823_033000.WAV,Telephone Field,recover-20220825,002,1795
612.9645,612.9733,42656,50834,Pipistrellus pipistrellus,0.013,0.023,-1,Echolocation,/mnt/ubna_data_01_mir/recover-20220825/UBNA_002/20220823_033000.WAV,Telephone Field,recover-20220825,002,1795
612.9725,612.9808,27187,37223,Eptesicus serotinus,0.007,0.021,-1,Echolocation,/mnt/ubna_data_01_mir/recover-20220825/UBNA_002/20220823_033000.WAV,Telephone Field,recover-20220825,002,1795
612.9945,613.0049,28906,37424,Eptesicus serotinus,0.008,0.02,-1,Echolocation,/mnt/ubna_data_01_mir/recover-20220825/UBNA_002/20220823_033000.WAV,Telephone Field,recover-20220825,002,1795
613.0195,613.0553,68437,81523,Rhinolophus ferrumequinum,0.021,0.021,-1,Echolocation,/mnt/ubna_data_01_mir/recover-20220825/UBNA_002/20220823_033000.WAV,Telephone Field,recover-20220825,002,1795
613.0225,613.0296,40937,52818,Myotis brandtii,0.006,0.022,-1,Echolocation,/mnt/ubna_data_01_mir/recover-20220825/UBNA_002/20220823_033000.WAV,Telephone Field,recover-20220825,002,1795
613.0555,613.064,27187,38459,Eptesicus serotinus,0.007,0.022,-1,Echolocation,/mnt/ubna_data_01_mir/recover-20220825/UBNA_002/20220823_033000.WAV,Telephone Field,recover-20220825,002,1795
613.0905,613.1292,68437,82102,Rhinolophus ferrumequinum,0.021,0.021,-1,Echolocation,/mnt/ubna_data_01_mir/recover-20220825/UBNA_002/20220823_033000.WAV,Telephone Field,recover-20220825,002,1795
613.0915,613.1027,24609,31716,Eptesicus serotinus,0.012,0.029,-1,Echolocation,/mnt/ubna_data_01_mir/recover-20220825/UBNA_002/20220823_033000.WAV,Telephone Field,recover-20220825,002,1795
613.1175,613.1617,68437,83634,Rhinolophus ferrumequinum,0.047,0.047,-1,Echolocation,/mnt/ubna_data_01_mir/recover-20220825/UBNA_002/20220823_033000.WAV,Telephone Field,recover-20220825,002,1795
613.1635,613.2006,68437,81910,Rhinolophus ferrumequinum,0.022,0.022,-1,Echolocation,/mnt/ubna_data_01_mir/recover-20220825/UBNA_002/20220823_033000.WAV,Telephone Field,recover-20220825,002,1795
613.1785,613.1878,34921,42371,Myotis daubentonii,0.006,0.021,-1,Echolocation,/mnt/ubna_data_01_mir/recover-20220825/UBNA_002/20220823_033000.WAV,Telephone Field,recover-20220825,002,1795
613.1825,613.2191,68437,82077,Rhinolophus ferrumequinum,0.021,0.021,-1,Echolocation,/mnt/ubna_data_01_mir/recover-20220825/UBNA_002/20220823_033000.WAV,Telephone Field,recover-20220825,002,1795
613.1975,613.2053,28046,39287,Eptesicus serotinus,0.008,0.022,-1,Echolocation,/mnt/ubna_data_01_mir/recover-20220825/UBNA_002/20220823_033000.WAV,Telephone Field,recover-20220825,002,1795
613.2205,613.2606,68437,82160,Rhinolophus ferrumequinum,0.021,0.021,-1,Echolocation,/mnt/ubna_data_01_mir/recover-20220825/UBNA_002/20220823_033000.WAV,Telephone Field,recover-20220825,002,1795
613.2515,613.2926,68437,82067,Rhinolophus ferrumequinum,0.022,0.022,-1,Echolocation,/mnt/ubna_data_01_mir/recover-20220825/UBNA_002/20220823_033000.WAV,Telephone Field,recover-20220825,002,1795
613.2535,613.261,28046,38850,Eptesicus serotinus,0.007,0.022,-1,Echolocation,/mnt/ubna_data_01_mir/recover-20220825/UBNA_002/20220823_033000.WAV,Telephone Field,recover-20220825,002,1795
613.3065,613.3464,68437,82694,Rhinolophus ferrumequinum,0.026,0.026,-1,Echolocation,/mnt/ubna_data_01_mir/recover-20220825/UBNA_002/20220823_033000.WAV,Telephone Field,recover-20220825,002,1795
613.3205,613.3586,68437,82089,Rhinolophus ferrumequinum,0.02,0.02,-1,Echolocation,/mnt/ubna_data_01_mir/recover-20220825/UBNA_002/20220823_033000.WAV,Telephone Field,recover-20220825,002,1795
613.3275,613.333,40078,56779,Myotis brandtii,0.009,0.031,-1,Echolocation,/mnt/ubna_data_01_mir/recover-20220825/UBNA_002/20220823_033000.WAV,Telephone Field,recover-20220825,002,1795
613.3275,613.3354,26328,40489,Eptesicus serotinus,0.008,0.024,-1,Echolocation,/mnt/ubna_data_01_mir/recover-20220825/UBNA_002/20220823_033000.WAV,Telephone Field,recover-20220825,002,1795
613.3275,613.3653,68437,82082,Rhinolophus ferrumequinum,0.02,0.021,-1,Echolocation,/mnt/ubna_data_01_mir/recover-20220825/UBNA_002/20220823_033000.WAV,Telephone Field,recover-20220825,002,1795
613.3345,613.3446,22890,29018,Nyctalus leisleri,0.008,0.023,-1,Echolocation,/mnt/ubna_data_01_mir/recover-20220825/UBNA_002/20220823_033000.WAV,Telephone Field,recover-20220825,002,1795
613.3355,613.3736,68437,81561,Rhinolophus ferrumequinum,0.021,0.021,-1,Echolocation,/mnt/ubna_data_01_mir/recover-20220825/UBNA_002/20220823_033000.WAV,Telephone Field,recover-20220825,002,1795
613.3705,613.379,27187,37850,Eptesicus serotinus,0.008,0.021,-1,Echolocation,/mnt/ubna_data_01_mir/recover-20220825/UBNA_002/20220823_033000.WAV,Telephone Field,recover-20220825,002,1795
613.3825,613.4198,68437,82128,Rhinolophus ferrumequinum,0.023,0.023,-1,Echolocation,/mnt/ubna_data_01_mir/recover-20220825/UBNA_002/20220823_033000.WAV,Telephone Field,recover-20220825,002,1795
613.3835,613.3914,27187,38344,Eptesicus serotinus,0.006,0.021,-1,Echolocation,/mnt/ubna_data_01_mir/recover-20220825/UBNA_002/20220823_033000.WAV,Telephone Field,recover-20220825,002,1795
613.3945,613.4166,18593,21156,Nyctalus noctula,0.023,0.042,-1,Echolocation,/mnt/ubna_data_01_mir/recover-20220825/UBNA_002/20220823_033000.WAV,Telephone Field,recover-20220825,002,1795
613.4145,613.422,27187,37214,Eptesicus serotinus,0.006,0.021,-1,Echolocation,/mnt/ubna_data_01_mir/recover-20220825/UBNA_002/20220823_033000.WAV,Telephone Field,recover-20220825,002,1795
613.4285,613.4676,68437,82280,Rhinolophus ferrumequinum,0.021,0.021,-1,Echolocation,/mnt/ubna_data_01_mir/recover-20220825/UBNA_002/20220823_033000.WAV,Telephone Field,recover-20220825,002,1795
613.4415,613.4498,27187,36627,Eptesicus serotinus,0.008,0.022,-1,Echolocation,/mnt/ubna_data_01_mir/recover-20220825/UBNA_002/20220823_033000.WAV,Telephone Field,recover-20220825,002,1795
613.4695,613.481,22890,27980,Nyctalus leisleri,0.017,0.033,-1,Echolocation,/mnt/ubna_data_01_mir/recover-20220825/UBNA_002/20220823_033000.WAV,Telephone Field,recover-20220825,002,1795
613.4985,613.5356,68437,82257,Rhinolophus ferrumequinum,0.024,0.024,-1,Echolocation,/mnt/ubna_data_01_mir/recover-20220825/UBNA_002/20220823_033000.WAV,Telephone Field,recover-20220825,002,1795
613.4985,613.507,28046,38515,Eptesicus serotinus,0.007,0.02,-1,Echolocation,/mnt/ubna_data_01_mir/recover-20220825/UBNA_002/20220823_033000.WAV,Telephone Field,recover-20220825,002,1795
613.5275,613.5603,68437,81113,Rhinolophus ferrumequinum,0.021,0.021,-1,Echolocation,/mnt/ubna_data_01_mir/recover-20220825/UBNA_002/20220823_033000.WAV,Telephone Field,recover-20220825,002,1795
613.5575,613.5644,28046,39720,Eptesicus serotinus,0.006,0.024,-1,Echolocation,/mnt/ubna_data_01_mir/recover-20220825/UBNA_002/20220823_033000.WAV,Telephone Field,recover-20220825,002,1795
613.5845,613.6226,68437,82204,Rhinolophus ferrumequinum,0.024,0.024,-1,Echolocation,/mnt/ubna_data_01_mir/recover-20220825/UBNA_002/20220823_033000.WAV,Telephone Field,recover-20220825,002,1795
613.5865,613.5953,27187,38475,Eptesicus serotinus,0.009,0.023,-1,Echolocation,/mnt/ubna_data_01_mir/recover-20220825/UBNA_002/20220823_033000.WAV,Telephone Field,recover-20220825,002,1795
613.6185,613.6269,28046,38439,Eptesicus serotinus,0.009,0.024,-1,Echolocation,/mnt/ubna_data_01_mir/recover-20220825/UBNA_002/20220823_033000.WAV,Telephone Field,recover-20220825,002,1795
613.6295,613.6388,28046,36547,Eptesicus serotinus,0.011,0.026,-1,Echolocation,/mnt/ubna_data_01_mir/recover-20220825/UBNA_002/20220823_033000.WAV,Telephone Field,recover-20220825,002,1795
613.6475,613.6677999999999,17734,21433,Nyctalus noctula,0.014,0.022,-1,Echolocation,/mnt/ubna_data_01_mir/recover-20220825/UBNA_002/20220823_033000.WAV,Telephone Field,recover-20220825,002,1795
613.6745,613.7102,68437,82056,Rhinolophus ferrumequinum,0.038,0.038,-1,Echolocation,/mnt/ubna_data_01_mir/recover-20220825/UBNA_002/20220823_033000.WAV,Telephone Field,recover-20220825,002,1795
613.6855,613.7259,68437,82649,Rhinolophus ferrumequinum,0.028,0.028,-1,Echolocation,/mnt/ubna_data_01_mir/recover-20220825/UBNA_002/20220823_033000.WAV,Telephone Field,recover-20220825,002,1795
613.7285,613.7702,68437,82783,Rhinolophus ferrumequinum,0.027,0.027,-1,Echolocation,/mnt/ubna_data_01_mir/recover-20220825/UBNA_002/20220823_033000.WAV,Telephone Field,recover-20220825,002,1795
613.7605,613.7678,26328,39280,Eptesicus serotinus,0.007,0.022,-1,Echolocation,/mnt/ubna_data_01_mir/recover-20220825/UBNA_002/20220823_033000.WAV,Telephone Field,recover-20220825,002,1795
613.7635,613.7721,39218,45064,Pipistrellus nathusii,0.009,0.022,-1,Echolocation,/mnt/ubna_data_01_mir/recover-20220825/UBNA_002/20220823_033000.WAV,Telephone Field,recover-20220825,002,1795
613.7695,613.809,68437,82343,Rhinolophus ferrumequinum,0.027,0.027,-1,Echolocation,/mnt/ubna_data_01_mir/recover-20220825/UBNA_002/20220823_033000.WAV,Telephone Field,recover-20220825,002,1795
613.7785,613.8135,68437,81261,Rhinolophus ferrumequinum,0.02,0.02,-1,Echolocation,/mnt/ubna_data_01_mir/recover-20220825/UBNA_002/20220823_033000.WAV,Telephone Field,recover-20220825,002,1795
613.8215,613.8298,28046,38176,Eptesicus serotinus,0.008,0.024,-1,Echolocation,/mnt/ubna_data_01_mir/recover-20220825/UBNA_002/20220823_033000.WAV,Telephone Field,recover-20220825,002,1795
613.8725,613.9116,68437,81272,Rhinolophus ferrumequinum,0.034,0.034,-1,Echolocation,/mnt/ubna_data_01_mir/recover-20220825/UBNA_002/20220823_033000.WAV,Telephone Field,recover-20220825,002,1795
613.9175,613.9558,68437,82459,Rhinolophus ferrumequinum,0.023,0.023,-1,Echolocation,/mnt/ubna_data_01_mir/recover-20220825/UBNA_002/20220823_033000.WAV,Telephone Field,recover-20220825,002,1795
613.9285,613.9387,28046,35387,Eptesicus serotinus,0.009,0.022,-1,Echolocation,/mnt/ubna_data_01_mir/recover-20220825/UBNA_002/20220823_033000.WAV,Telephone Field,recover-20220825,002,1795
613.9665,613.9779,38359,43542,Pipistrellus nathusii,0.037,0.047,-1,Echolocation,/mnt/ubna_data_01_mir/recover-20220825/UBNA_002/20220823_033000.WAV,Telephone Field,recover-20220825,002,1795
614.0015,614.0363,68437,80141,Rhinolophus ferrumequinum,0.065,0.065,-1,Echolocation,/mnt/ubna_data_01_mir/recover-20220825/UBNA_002/20220823_033000.WAV,Telephone Field,recover-20220825,002,1795
614.0015,614.0086,46093,52913,Pipistrellus pipistrellus,0.021,0.028,-1,Echolocation,/mnt/ubna_data_01_mir/recover-20220825/UBNA_002/20220823_033000.WAV,Telephone Field,recover-20220825,002,1795
614.0015,614.01,26328,33947,Nyctalus leisleri,0.011,0.032,-1,Echolocation,/mnt/ubna_data_01_mir/recover-20220825/UBNA_002/20220823_033000.WAV,Telephone Field,recover-20220825,002,1795
614.0075,614.0518,68437,83548,Rhinolophus ferrumequinum,0.029,0.029,-1,Echolocation,/mnt/ubna_data_01_mir/recover-20220825/UBNA_002/20220823_033000.WAV,Telephone Field,recover-20220825,002,1795
614.0205,614.0318,23750,28719,Nyctalus leisleri,0.01,0.022,-1,Echolocation,/mnt/ubna_data_01_mir/recover-20220825/UBNA_002/20220823_033000.WAV,Telephone Field,recover-20220825,002,1795
614.0395,614.0464,27187,40666,Eptesicus serotinus,0.007,0.023,-1,Echolocation,/mnt/ubna_data_01_mir/recover-20220825/UBNA_002/20220823_033000.WAV,Telephone Field,recover-20220825,002,1795
614.0605,614.0714,23750,30033,Nyctalus leisleri,0.008,0.021,-1,Echolocation,/mnt/ubna_data_01_mir/recover-20220825/UBNA_002/20220823_033000.WAV,Telephone Field,recover-20220825,002,1795
614.0945,614.1354,68437,82742,Rhinolophus ferrumequinum,0.026,0.026,-1,Echolocation,/mnt/ubna_data_01_mir/recover-20220825/UBNA_002/20220823_033000.WAV,Telephone Field,recover-20220825,002,1795
614.1345,614.1716,68437,81794,Rhinolophus ferrumequinum,0.022,0.022,-1,Echolocation,/mnt/ubna_data_01_mir/recover-20220825/UBNA_002/20220823_033000.WAV,Telephone Field,recover-20220825,002,1795
614.1545,614.1943,68437,82789,Rhinolophus ferrumequinum,0.026,0.026,-1,Echolocation,/mnt/ubna_data_01_mir/recover-20220825/UBNA_002/20220823_033000.WAV,Telephone Field,recover-20220825,002,1795
614.1655,614.1726,27187,38077,Eptesicus serotinus,0.007,0.02,-1,Echolocation,/mnt/ubna_data_01_mir/recover-20220825/UBNA_002/20220823_033000.WAV,Telephone Field,recover-20220825,002,1795
614.1705,614.1805,22890,28440,Nyctalus leisleri,0.009,0.02,-1,Echolocation,/mnt/ubna_data_01_mir/recover-20220825/UBNA_002/20220823_033000.WAV,Telephone Field,recover-20220825,002,1795
614.1775,614.2147,68437,82204,Rhinolophus ferrumequinum,0.022,0.022,-1,Echolocation,/mnt/ubna_data_01_mir/recover-20220825/UBNA_002/20220823_033000.WAV,Telephone Field,recover-20220825,002,1795
614.2115,614.2195,23750,32420,Plecotus austriacus,0.009,0.024,-1,Echolocation,/mnt/ubna_data_01_mir/recover-20220825/UBNA_002/20220823_033000.WAV,Telephone Field,recover-20220825,002,1795
614.2235,614.2659,68437,82870,Rhinolophus ferrumequinum,0.025,0.025,-1,Echolocation,/mnt/ubna_data_01_mir/recover-20220825/UBNA_002/20220823_033000.WAV,Telephone Field,recover-20220825,002,1795
614.2405,614.2492,24609,32020,Eptesicus serotinus,0.006,0.022,-1,Echolocation,/mnt/ubna_data_01_mir/recover-20220825/UBNA_002/20220823_033000.WAV,Telephone Field,recover-20220825,002,1795
614.2545,614.2958,68437,83023,Rhinolophus ferrumequinum,0.024,0.024,-1,Echolocation,/mnt/ubna_data_01_mir/recover-20220825/UBNA_002/20220823_033000.WAV,Telephone Field,recover-20220825,002,1795
614.2835,614.3234,68437,82662,Rhinolophus ferrumequinum,0.022,0.022,-1,Echolocation,/mnt/ubna_data_01_mir/recover-20220825/UBNA_002/20220823_033000.WAV,Telephone Field,recover-20220825,002,1795
614.2865,614.2942,27187,38638,Eptesicus serotinus,0.006,0.02,-1,Echolocation,/mnt/ubna_data_01_mir/recover-20220825/UBNA_002/20220823_033000.WAV,Telephone Field,recover-20220825,002,1795
614.2995,614.3086,28046,40325,Eptesicus serotinus,0.008,0.024,-1,Echolocation,/mnt/ubna_data_01_mir/recover-20220825/UBNA_002/20220823_033000.WAV,Telephone Field,recover-20220825,002,1795
614.3405,614.379,68437,82504,Rhinolophus ferrumequinum,0.023,0.023,-1,Echolocation,/mnt/ubna_data_01_mir/recover-20220825/UBNA_002/20220823_033000.WAV,Telephone Field,recover-20220825,002,1795
614.3835,614.4215,68437,82195,Rhinolophus ferrumequinum,0.021,0.021,-1,Echolocation,/mnt/ubna_data_01_mir/recover-20220825/UBNA_002/20220823_033000.WAV,Telephone Field,recover-20220825,002,1795
614.3965,614.4307,68437,81129,Rhinolophus ferrumequinum,0.02,0.02,-1,Echolocation,/mnt/ubna_data_01_mir/recover-20220825/UBNA_002/20220823_033000.WAV,Telephone Field,recover-20220825,002,1795
614.4295,614.4379,24609,32069,Nyctalus leisleri,0.006,0.021,-1,Echolocation,/mnt/ubna_data_01_mir/recover-20220825/UBNA_002/20220823_033000.WAV,Telephone Field,recover-20220825,002,1795
614.5265,614.5666,68437,82010,Rhinolophus ferrumequinum,0.02,0.02,-1,Echolocation,/mnt/ubna_data_01_mir/recover-20220825/UBNA_002/20220823_033000.WAV,Telephone Field,recover-20220825,002,1795
614.5565,614.5677,28046,35964,Eptesicus serotinus,0.013,0.025,-1,Echolocation,/mnt/ubna_data_01_mir/recover-20220825/UBNA_002/20220823_033000.WAV,Telephone Field,recover-20220825,002,1795
614.5595,614.5957,68437,82351,Rhinolophus ferrumequinum,0.021,0.021,-1,Echolocation,/mnt/ubna_data_01_mir/recover-20220825/UBNA_002/20220823_033000.WAV,Telephone Field,recover-20220825,002,1795
614.5635,614.5711,25468,34415,Plecotus austriacus,0.007,0.025,-1,Echolocation,/mnt/ubna_data_01_mir/recover-20220825/UBNA_002/20220823_033000.WAV,Telephone Field,recover-20220825,002,1795
614.6035,614.6413,68437,81856,Rhinolophus ferrumequinum,0.022,0.022,-1,Echolocation,/mnt/ubna_data_01_mir/recover-20220825/UBNA_002/20220823_033000.WAV,Telephone Field,recover-20220825,002,1795
614.6145,614.6513,68437,82285,Rhinolophus ferrumequinum,0.022,0.022,-1,Echolocation,/mnt/ubna_data_01_mir/recover-20220825/UBNA_002/20220823_033000.WAV,Telephone Field,recover-20220825,002,1795
614.6485,614.6559,28046,39352,Eptesicus serotinus,0.009,0.022,-1,Echolocation,/mnt/ubna_data_01_mir/recover-20220825/UBNA_002/20220823_033000.WAV,Telephone Field,recover-20220825,002,1795
614.6495,614.6911,68437,82787,Rhinolophus ferrumequinum,0.029,0.029,-1,Echolocation,/mnt/ubna_data_01_mir/recover-20220825/UBNA_002/20220823_033000.WAV,Telephone Field,recover-20220825,002,1795
614.7055,614.7477,68437,83396,Rhinolophus ferrumequinum,0.031,0.031,-1,Echolocation,/mnt/ubna_data_01_mir/recover-20220825/UBNA_002/20220823_033000.WAV,Telephone Field,recover-20220825,002,1795
614.7615,614.7707,26328,35230,Eptesicus serotinus,0.01,0.023,-1,Echolocation,/mnt/ubna_data_01_mir/recover-20220825/UBNA_002/20220823_033000.WAV,Telephone Field,recover-20220825,002,1795
614.7855,614.8232,68437,82059,Rhinolophus ferrumequinum,0.022,0.022,-1,Echolocation,/mnt/ubna_data_01_mir/recover-20220825/UBNA_002/20220823_033000.WAV,Telephone Field,recover-20220825,002,1795
614.8825,614.8905,28046,36650,Eptesicus serotinus,0.008,0.022,-1,Echolocation,/mnt/ubna_data_01_mir/recover-20220825/UBNA_002/20220823_033000.WAV,Telephone Field,recover-20220825,002,1795
614.8945,614.929,68437,81998,Rhinolophus ferrumequinum,0.02,0.02,-1,Echolocation,/mnt/ubna_data_01_mir/recover-20220825/UBNA_002/20220823_033000.WAV,Telephone Field,recover-20220825,002,1795
614.9075,614.917,26328,33797,Eptesicus serotinus,0.012,0.026,-1,Echolocation,/mnt/ubna_data_01_mir/recover-20220825/UBNA_002/20220823_033000.WAV,Telephone Field,recover-20220825,002,1795
614.9295,614.9404,28046,34600,Eptesicus serotinus,0.012,0.024,-1,Echolocation,/mnt/ubna_data_01_mir/recover-20220825/UBNA_002/20220823_033000.WAV,Telephone Field,recover-20220825,002,1795
614.9365,614.9758,68437,81898,Rhinolophus ferrumequinum,0.021,0.021,-1,Echolocation,/mnt/ubna_data_01_mir/recover-20220825/UBNA_002/20220823_033000.WAV,Telephone Field,recover-20220825,002,1795
614.9465,614.9847,68437,82443,Rhinolophus ferrumequinum,0.022,0.022,-1,Echolocation,/mnt/ubna_data_01_mir/recover-20220825/UBNA_002/20220823_033000.WAV,Telephone Field,recover-20220825,002,1795
614.9655,614.9744,23750,30808,Eptesicus serotinus,0.006,0.02,-1,Echolocation,/mnt/ubna_data_01_mir/recover-20220825/UBNA_002/20220823_033000.WAV,Telephone Field,recover-20220825,002,1795
615.0055,615.0429,68437,81929,Rhinolophus ferrumequinum,0.025,0.025,-1,Echolocation,/mnt/ubna_data_01_mir/recover-20220825/UBNA_002/20220823_033000.WAV,Telephone Field,recover-20220825,002,1795
615.0135,615.0543,68437,83387,Rhinolophus ferrumequinum,0.027,0.027,-1,Echolocation,/mnt/ubna_data_01_mir/recover-20220825/UBNA_002/20220823_033000.WAV,Telephone Field,recover-20220825,002,1795
615.0395,615.0462,25468,35470,Plecotus auritus,0.008,0.025,-1,Echolocation,/mnt/ubna_data_01_mir/recover-20220825/UBNA_002/20220823_033000.WAV,Telephone Field,recover-20220825,002,1795
615.0485,615.0852,68437,81351,Rhinolophus ferrumequinum,0.021,0.021,-1,Echolocation,/mnt/ubna_data_01_mir/recover-20220825/UBNA_002/20220823_033000.WAV,Telephone Field,recover-20220825,002,1795
615.0685,615.0756,43515,49314,Pipistrellus pipistrellus,0.017,0.02,-1,Echolocation,/mnt/ubna_data_01_mir/recover-20220825/UBNA_002/20220823_033000.WAV,Telephone Field,recover-20220825,002,1795
615.0725,615.0832,22031,26092,Nyctalus leisleri,0.011,0.02,-1,Echolocation,/mnt/ubna_data_01_mir/recover-20220825/UBNA_002/20220823_033000.WAV,Telephone Field,recover-20220825,002,1795
615.1415,615.1833,68437,83147,Rhinolophus ferrumequinum,0.024,0.024,-1,Echolocation,/mnt/ubna_data_01_mir/recover-20220825/UBNA_002/20220823_033000.WAV,Telephone Field,recover-20220825,002,1795
615.1505,615.1896,68437,82697,Rhinolophus ferrumequinum,0.021,0.021,-1,Echolocation,/mnt/ubna_data_01_mir/recover-20220825/UBNA_002/20220823_033000.WAV,Telephone Field,recover-20220825,002,1795
615.1725,615.1795,28046,38967,Eptesicus serotinus,0.025,0.053,-1,Echolocation,/mnt/ubna_data_01_mir/recover-20220825/UBNA_002/20220823_033000.WAV,Telephone Field,recover-20220825,002,1795
615.2295,615.2691,68437,83022,Rhinolophus ferrumequinum,0.029,0.029,-1,Echolocation,/mnt/ubna_data_01_mir/recover-20220825/UBNA_002/20220823_033000.WAV,Telephone Field,recover-20220825,002,1795
615.2555,615.29,68437,81448,Rhinolophus ferrumequinum,0.02,0.02,-1,Echolocation,/mnt/ubna_data_01_mir/recover-20220825/UBNA_002/20220823_033000.WAV,Telephone Field,recover-20220825,002,1795
615.2585,615.2687,24609,30989,Nyctalus leisleri,0.009,0.024,-1,Echolocation,/mnt/ubna_data_01_mir/recover-20220825/UBNA_002/20220823_033000.WAV,Telephone Field,recover-20220825,002,1795
615.2665,615.2773,23750,29904,Eptesicus serotinus,0.007,0.02,-1,Echolocation,/mnt/ubna_data_01_mir/recover-20220825/UBNA_002/20220823_033000.WAV,Telephone Field,recover-20220825,002,1795
615.2715,615.3105,68437,82427,Rhinolophus ferrumequinum,0.023,0.023,-1,Echolocation,/mnt/ubna_data_01_mir/recover-20220825/UBNA_002/20220823_033000.WAV,Telephone Field,recover-20220825,002,1795
615.2725,615.2826,25468,33716,Eptesicus serotinus,0.01,0.022,-1,Echolocation,/mnt/ubna_data_01_mir/recover-20220825/UBNA_002/20220823_033000.WAV,Telephone Field,recover-20220825,002,1795
615.3005,615.311,22890,28646,Nyctalus leisleri,0.009,0.023,-1,Echolocation,/mnt/ubna_data_01_mir/recover-20220825/UBNA_002/20220823_033000.WAV,Telephone Field,recover-20220825,002,1795
615.3175,615.3243,28046,40428,Eptesicus serotinus,0.007,0.024,-1,Echolocation,/mnt/ubna_data_01_mir/recover-20220825/UBNA_002/20220823_033000.WAV,Telephone Field,recover-20220825,002,1795
615.3365,615.3471,23750,30071,Nyctalus leisleri,0.009,0.022,-1,Echolocation,/mnt/ubna_data_01_mir/recover-20220825/UBNA_002/20220823_033000.WAV,Telephone Field,recover-20220825,002,1795
615.3925,615.4031,23750,29733,Nyctalus leisleri,0.01,0.023,-1,Echolocation,/mnt/ubna_data_01_mir/recover-20220825/UBNA_002/20220823_033000.WAV,Telephone Field,recover-20220825,002,1795
615.4535,615.4634,23750,29752,Nyctalus leisleri,0.008,0.021,-1,Echolocation,/mnt/ubna_data_01_mir/recover-20220825/UBNA_002/20220823_033000.WAV,Telephone Field,recover-20220825,002,1795
615.5235,615.5664,68437,83090,Rhinolophus ferrumequinum,0.035,0.035,-1,Echolocation,/mnt/ubna_data_01_mir/recover-20220825/UBNA_002/20220823_033000.WAV,Telephone Field,recover-20220825,002,1795
615.5645,615.6018,68437,81433,Rhinolophus ferrumequinum,0.021,0.021,-1,Echolocation,/mnt/ubna_data_01_mir/recover-20220825/UBNA_002/20220823_033000.WAV,Telephone Field,recover-20220825,002,1795
615.6095,615.6484,68437,81592,Rhinolophus ferrumequinum,0.022,0.022,-1,Echolocation,/mnt/ubna_data_01_mir/recover-20220825/UBNA_002/20220823_033000.WAV,Telephone Field,recover-20220825,002,1795
615.6205,615.6583,68437,82478,Rhinolophus ferrumequinum,0.022,0.022,-1,Echolocation,/mnt/ubna_data_01_mir/recover-20220825/UBNA_002/20220823_033000.WAV,Telephone Field,recover-20220825,002,1795
615.6235,615.6324,28046,36606,Eptesicus serotinus,0.01,0.023,-1,Echolocation,/mnt/ubna_data_01_mir/recover-20220825/UBNA_002/20220823_033000.WAV,Telephone Field,recover-20220825,002,1795
615.6345,615.675,68437,81528,Rhinolophus ferrumequinum,0.024,0.024,-1,Echolocation,/mnt/ubna_data_01_mir/recover-20220825/UBNA_002/20220823_033000.WAV,Telephone Field,recover-20220825,002,1795
615.7115,615.7197,28046,37423,Eptesicus serotinus,0.007,0.022,-1,Echolocation,/mnt/ubna_data_01_mir/recover-20220825/UBNA_002/20220823_033000.WAV,Telephone Field,recover-20220825,002,1795
615.7555,615.7921,68437,82028,Rhinolophus ferrumequinum,0.022,0.022,-1,Echolocation,/mnt/ubna_data_01_mir/recover-20220825/UBNA_002/20220823_033000.WAV,Telephone Field,recover-20220825,002,1795
615.8405,615.8516,14296,20200,Nyctalus noctula,0.011,0.021,-1,Echolocation,/mnt/ubna_data_01_mir/recover-20220825/UBNA_002/20220823_033000.WAV,Telephone Field,recover-20220825,002,1795
615.8855,615.9197,68437,80238,Rhinolophus ferrumequinum,0.021,0.021,-1,Echolocation,/mnt/ubna_data_01_mir/recover-20220825/UBNA_002/20220823_033000.WAV,Telephone Field,recover-20220825,002,1795
615.9015,615.939,68437,82659,Rhinolophus ferrumequinum,0.024,0.024,-1,Echolocation,/mnt/ubna_data_01_mir/recover-20220825/UBNA_002/20220823_033000.WAV,Telephone Field,recover-20220825,002,1795
615.9085,615.9188,26328,33670,Eptesicus serotinus,0.009,0.02,-1,Echolocation,/mnt/ubna_data_01_mir/recover-20220825/UBNA_002/20220823_033000.WAV,Telephone Field,recover-20220825,002,1795
615.9135,615.9533,68437,82571,Rhinolophus ferrumequinum,0.022,0.022,-1,Echolocation,/mnt/ubna_data_01_mir/recover-20220825/UBNA_002/20220823_033000.WAV,Telephone Field,recover-20220825,002,1795
615.9405,615.9512,22890,27777,Nyctalus leisleri,0.01,0.021,-1,Echolocation,/mnt/ubna_data_01_mir/recover-20220825/UBNA_002/20220823_033000.WAV,Telephone Field,recover-20220825,002,1795
615.9635,615.9702,28046,38342,Eptesicus serotinus,0.006,0.023,-1,Echolocation,/mnt/ubna_data_01_mir/recover-20220825/UBNA_002/20220823_033000.WAV,Telephone Field,recover-20220825,002,1795
616.0015,616.0124,47812,54122,Pipistrellus pipistrellus,0.014,0.021,-1,Echolocation,/mnt/ubna_data_01_mir/recover-20220825/UBNA_002/20220823_033000.WAV,Telephone Field,recover-20220825,002,1795
616.0015,616.0105,26328,37412,Nyctalus leisleri,0.007,0.029,-1,Echolocation,/mnt/ubna_data_01_mir/recover-20220825/UBNA_002/20220823_033000.WAV,Telephone Field,recover-20220825,002,1795
616.0015,616.0371,68437,79760,Rhinolophus ferrumequinum,0.036,0.036,-1,Echolocation,/mnt/ubna_data_01_mir/recover-20220825/UBNA_002/20220823_033000.WAV,Telephone Field,recover-20220825,002,1795
616.0135,616.0251,25468,31820,Eptesicus serotinus,0.008,0.02,-1,Echolocation,/mnt/ubna_data_01_mir/recover-20220825/UBNA_002/20220823_033000.WAV,Telephone Field,recover-20220825,002,1795
616.0355,616.0702,68437,82303,Rhinolophus ferrumequinum,0.023,0.023,-1,Echolocation,/mnt/ubna_data_01_mir/recover-20220825/UBNA_002/20220823_033000.WAV,Telephone Field,recover-20220825,002,1795
616.0635,616.0725,26328,34482,Eptesicus serotinus,0.009,0.021,-1,Echolocation,/mnt/ubna_data_01_mir/recover-20220825/UBNA_002/20220823_033000.WAV,Telephone Field,recover-20220825,002,1795
616.0965,616.1069,27187,35132,Eptesicus serotinus,0.01,0.022,-1,Echolocation,/mnt/ubna_data_01_mir/recover-20220825/UBNA_002/20220823_033000.WAV,Telephone Field,recover-20220825,002,1795
616.1495,616.1857,68437,81843,Rhinolophus ferrumequinum,0.02,0.02,-1,Echolocation,/mnt/ubna_data_01_mir/recover-20220825/UBNA_002/20220823_033000.WAV,Telephone Field,recover-20220825,002,1795
616.1535,616.1704,22031,26158,Nyctalus leisleri,0.017,0.032,-1,Echolocation,/mnt/ubna_data_01_mir/recover-20220825/UBNA_002/20220823_033000.WAV,Telephone Field,recover-20220825,002,1795
616.1995,616.2064,34921,43474,Myotis daubentonii,0.006,0.02,-1,Echolocation,/mnt/ubna_data_01_mir/recover-20220825/UBNA_002/20220823_033000.WAV,Telephone Field,recover-20220825,002,1795
616.2105,616.2179,28046,40302,Eptesicus serotinus,0.006,0.022,-1,Echolocation,/mnt/ubna_data_01_mir/recover-20220825/UBNA_002/20220823_033000.WAV,Telephone Field,recover-20220825,002,1795
616.2345,616.2744,68437,82243,Rhinolophus ferrumequinum,0.02,0.02,-1,Echolocation,/mnt/ubna_data_01_mir/recover-20220825/UBNA_002/20220823_033000.WAV,Telephone Field,recover-20220825,002,1795
616.2515,616.2939,68437,83213,Rhinolophus ferrumequinum,0.025,0.025,-1,Echolocation,/mnt/ubna_data_01_mir/recover-20220825/UBNA_002/20220823_033000.WAV,Telephone Field,recover-20220825,002,1795
616.2525,616.2624,22890,28780,Nyctalus leisleri,0.008,0.02,-1,Echolocation,/mnt/ubna_data_01_mir/recover-20220825/UBNA_002/20220823_033000.WAV,Telephone Field,recover-20220825,002,1795
616.2705,616.3095,68437,82168,Rhinolophus ferrumequinum,0.02,0.02,-1,Echolocation,/mnt/ubna_data_01_mir/recover-20220825/UBNA_002/20220823_033000.WAV,Telephone Field,recover-20220825,002,1795
616.3285,616.3355,26328,37065,Eptesicus serotinus,0.009,0.024,-1,Echolocation,/mnt/ubna_data_01_mir/recover-20220825/UBNA_002/20220823_033000.WAV,Telephone Field,recover-20220825,002,1795
616.3595,616.398,68437,82196,Rhinolophus ferrumequinum,0.021,0.021,-1,Echolocation,/mnt/ubna_data_01_mir/recover-20220825/UBNA_002/20220823_033000.WAV,Telephone Field,recover-20220825,002,1795
616.3735,616.3837,25468,32074,Eptesicus serotinus,0.009,0.023,-1,Echolocation,/mnt/ubna_data_01_mir/recover-20220825/UBNA_002/20220823_033000.WAV,Telephone Field,recover-20220825,002,1795
616.4415,616.4521,24609,31420,Eptesicus serotinus,0.017,0.044,-1,Echolocation,/mnt/ubna_data_01_mir/recover-20220825/UBNA_002/20220823_033000.WAV,Telephone Field,recover-20220825,002,1795
616.4415,616.4829,68437,82819,Rhinolophus ferrumequinum,0.023,0.023,-1,Echolocation,/mnt/ubna_data_01_mir/recover-20220825/UBNA_002/20220823_033000.WAV,Telephone Field,recover-20220825,002,1795
616.4875,616.4956,55546,59970,Pipistrellus pygmaeus,0.025,0.026,-1,Echolocation,/mnt/ubna_data_01_mir/recover-20220825/UBNA_002/20220823_033000.WAV,Telephone Field,recover-20220825,002,1795
616.5015,616.5422,68437,82675,Rhinolophus ferrumequinum,0.02,0.02,-1,Echolocation,/mnt/ubna_data_01_mir/recover-20220825/UBNA_002/20220823_033000.WAV,Telephone Field,recover-20220825,002,1795
616.5185,616.5555,68437,81746,Rhinolophus ferrumequinum,0.021,0.021,-1,Echolocation,/mnt/ubna_data_01_mir/recover-20220825/UBNA_002/20220823_033000.WAV,Telephone Field,recover-20220825,002,1795
616.5255,616.5363,23750,29919,Nyctalus leisleri,0.011,0.028,-1,Echolocation,/mnt/ubna_data_01_mir/recover-20220825/UBNA_002/20220823_033000.WAV,Telephone Field,recover-20220825,002,1795
616.5305,616.5704,68437,82789,Rhinolophus ferrumequinum,0.02,0.02,-1,Echolocation,/mnt/ubna_data_01_mir/recover-20220825/UBNA_002/20220823_033000.WAV,Telephone Field,recover-20220825,002,1795
616.5595,616.5995,68437,82821,Rhinolophus ferrumequinum,0.02,0.02,-1,Echolocation,/mnt/ubna_data_01_mir/recover-20220825/UBNA_002/20220823_033000.WAV,Telephone Field,recover-20220825,002,1795
616.6445,616.6828,68437,82271,Rhinolophus ferrumequinum,0.02,0.02,-1,Echolocation,/mnt/ubna_data_01_mir/recover-20220825/UBNA_002/20220823_033000.WAV,Telephone Field,recover-20220825,002,1795
616.6514999999999,616.6588,24609,33157,Plecotus austriacus,0.006,0.021,-1,Echolocation,/mnt/ubna_data_01_mir/recover-20220825/UBNA_002/20220823_033000.WAV,Telephone Field,recover-20220825,002,1795
616.6765,616.6944,21171,24739,Nyctalus leisleri,0.014,0.026,-1,Echolocation,/mnt/ubna_data_01_mir/recover-20220825/UBNA_002/20220823_033000.WAV,Telephone Field,recover-20220825,002,1795
616.6955,616.7344,68437,82688,Rhinolophus ferrumequinum,0.02,0.021,-1,Echolocation,/mnt/ubna_data_01_mir/recover-20220825/UBNA_002/20220823_033000.WAV,Telephone Field,recover-20220825,002,1795
616.7245,616.7646,68437,82297,Rhinolophus ferrumequinum,0.02,0.02,-1,Echolocation,/mnt/ubna_data_01_mir/recover-20220825/UBNA_002/20220823_033000.WAV,Telephone Field,recover-20220825,002,1795
616.7315,616.7718,68437,82638,Rhinolophus ferrumequinum,0.02,0.02,-1,Echolocation,/mnt/ubna_data_01_mir/recover-20220825/UBNA_002/20220823_033000.WAV,Telephone Field,recover-20220825,002,1795
616.7395,616.7485,28046,35319,Eptesicus serotinus,0.009,0.021,-1,Echolocation,/mnt/ubna_data_01_mir/recover-20220825/UBNA_002/20220823_033000.WAV,Telephone Field,recover-20220825,002,1795
616.7845,616.8221,68437,81954,Rhinolophus ferrumequinum,0.02,0.02,-1,Echolocation,/mnt/ubna_data_01_mir/recover-20220825/UBNA_002/20220823_033000.WAV,Telephone Field,recover-20220825,002,1795
616.8255,616.8635,68437,81634,Rhinolophus ferrumequinum,0.022,0.022,-1,Echolocation,/mnt/ubna_data_01_mir/recover-20220825/UBNA_002/20220823_033000.WAV,Telephone Field,recover-20220825,002,1795
616.8455,616.8587,22031,26281,Nyctalus leisleri,0.021,0.039,-1,Echolocation,/mnt/ubna_data_01_mir/recover-20220825/UBNA_002/20220823_033000.WAV,Telephone Field,recover-20220825,002,1795
616.8545,616.8974,68437,83119,Rhinolophus ferrumequinum,0.023,0.023,-1,Echolocation,/mnt/ubna_data_01_mir/recover-20220825/UBNA_002/20220823_033000.WAV,Telephone Field,recover-20220825,002,1795
616.8695,616.8813,15156,22177,Nyctalus noctula,0.012,0.02,-1,Echolocation,/mnt/ubna_data_01_mir/recover-20220825/UBNA_002/20220823_033000.WAV,Telephone Field,recover-20220825,002,1795
616.8725,616.8811,28046,37968,Eptesicus serotinus,0.017,0.038,-1,Echolocation,/mnt/ubna_data_01_mir/recover-20220825/UBNA_002/20220823_033000.WAV,Telephone Field,recover-20220825,002,1795
616.9335,616.9394,27187,40831,Eptesicus serotinus,0.005,0.02,-1,Echolocation,/mnt/ubna_data_01_mir/recover-20220825/UBNA_002/20220823_033000.WAV,Telephone Field,recover-20220825,002,1795
616.9525,616.9675,21171,24459,Nyctalus leisleri,0.012,0.021,-1,Echolocation,/mnt/ubna_data_01_mir/recover-20220825/UBNA_002/20220823_033000.WAV,Telephone Field,recover-20220825,002,1795
617.0035,617.04,68437,82201,Rhinolophus ferrumequinum,0.02,0.02,-1,Echolocation,/mnt/ubna_data_01_mir/recover-20220825/UBNA_002/20220823_033000.WAV,Telephone Field,recover-20220825,002,1795
617.0325,617.0715,68437,82443,Rhinolophus ferrumequinum,0.02,0.02,-1,Echolocation,/mnt/ubna_data_01_mir/recover-20220825/UBNA_002/20220823_033000.WAV,Telephone Field,recover-20220825,002,1795
617.0425,617.0821,68437,82740,Rhinolophus ferrumequinum,0.024,0.024,-1,Echolocation,/mnt/ubna_data_01_mir/recover-20220825/UBNA_002/20220823_033000.WAV,Telephone Field,recover-20220825,002,1795
617.0765,617.0839,28046,37927,Eptesicus serotinus,0.007,0.022,-1,Echolocation,/mnt/ubna_data_01_mir/recover-20220825/UBNA_002/20220823_033000.WAV,Telephone Field,recover-20220825,002,1795
617.0895,617.0964,27187,41311,Eptesicus serotinus,0.006,0.021,-1,Echolocation,/mnt/ubna_data_01_mir/recover-20220825/UBNA_002/20220823_033000.WAV,Telephone Field,recover-20220825,002,1795
617.1045,617.144,68437,82354,Rhinolophus ferrumequinum,0.026,0.026,-1,Echolocation,/mnt/ubna_data_01_mir/recover-20220825/UBNA_002/20220823_033000.WAV,Telephone Field,recover-20220825,002,1795
617.1335,617.1754,68437,83408,Rhinolophus ferrumequinum,0.036,0.036,-1,Echolocation,/mnt/ubna_data_01_mir/recover-20220825/UBNA_002/20220823_033000.WAV,Telephone Field,recover-20220825,002,1795
617.1645,617.2007,68437,81808,Rhinolophus ferrumequinum,0.02,0.02,-1,Echolocation,/mnt/ubna_data_01_mir/recover-20220825/UBNA_002/20220823_033000.WAV,Telephone Field,recover-20220825,002,1795
617.1835,617.1907,27187,41781,Eptesicus serotinus,0.008,0.026,-1,Echolocation,/mnt/ubna_data_01_mir/recover-20220825/UBNA_002/20220823_033000.WAV,Telephone Field,recover-20220825,002,1795
617.1905,617.2266,68437,81859,Rhinolophus ferrumequinum,0.02,0.02,-1,Echolocation,/mnt/ubna_data_01_mir/recover-20220825/UBNA_002/20220823_033000.WAV,Telephone Field,recover-20220825,002,1795
617.2365,617.2473,38359,44624,Pipistrellus nathusii,0.014,0.023,-1,Echolocation,/mnt/ubna_data_01_mir/recover-20220825/UBNA_002/20220823_033000.WAV,Telephone Field,recover-20220825,002,1795
617.2545,617.2945,68437,82862,Rhinolophus ferrumequinum,0.02,0.02,-1,Echolocation,/mnt/ubna_data_01_mir/recover-20220825/UBNA_002/20220823_033000.WAV,Telephone Field,recover-20220825,002,1795
617.2625,617.3026,68437,82388,Rhinolophus ferrumequinum,0.021,0.021,-1,Echolocation,/mnt/ubna_data_01_mir/recover-20220825/UBNA_002/20220823_033000.WAV,Telephone Field,recover-20220825,002,1795
617.2675,617.2752,23750,31909,Plecotus austriacus,0.009,0.027,-1,Echolocation,/mnt/ubna_data_01_mir/recover-20220825/UBNA_002/20220823_033000.WAV,Telephone Field,recover-20220825,002,1795
617.2955,617.3329,68437,82042,Rhinolophus ferrumequinum,0.02,0.02,-1,Echolocation,/mnt/ubna_data_01_mir/recover-20220825/UBNA_002/20220823_033000.WAV,Telephone Field,recover-20220825,002,1795
617.2965,617.3049,28046,39411,Eptesicus serotinus,0.01,0.022,-1,Echolocation,/mnt/ubna_data_01_mir/recover-20220825/UBNA_002/20220823_033000.WAV,Telephone Field,recover-20220825,002,1795
617.3855,617.3938,28046,41001,Eptesicus serotinus,0.007,0.021,-1,Echolocation,/mnt/ubna_data_01_mir/recover-20220825/UBNA_002/20220823_033000.WAV,Telephone Field,recover-20220825,002,1795
617.4085,617.4191,22890,27832,Nyctalus leisleri,0.008,0.02,-1,Echolocation,/mnt/ubna_data_01_mir/recover-20220825/UBNA_002/20220823_033000.WAV,Telephone Field,recover-20220825,002,1795
617.4455,617.485,68437,82630,Rhinolophus ferrumequinum,0.021,0.022,-1,Echolocation,/mnt/ubna_data_01_mir/recover-20220825/UBNA_002/20220823_033000.WAV,Telephone Field,recover-20220825,002,1795
617.4735000000001,617.5163,68437,82931,Rhinolophus ferrumequinum,0.026,0.026,-1,Echolocation,/mnt/ubna_data_01_mir/recover-20220825/UBNA_002/20220823_033000.WAV,Telephone Field,recover-20220825,002,1795
617.4755,617.4857,28906,39160,Eptesicus serotinus,0.014,0.027,-1,Echolocation,/mnt/ubna_data_01_mir/recover-20220825/UBNA_002/20220823_033000.WAV,Telephone Field,recover-20220825,002,1795
617.5065,617.5152,28046,40909,Eptesicus serotinus,0.008,0.021,-1,Echolocation,/mnt/ubna_data_01_mir/recover-20220825/UBNA_002/20220823_033000.WAV,Telephone Field,recover-20220825,002,1795
617.5105,617.5505,68437,82581,Rhinolophus ferrumequinum,0.025,0.025,-1,Echolocation,/mnt/ubna_data_01_mir/recover-20220825/UBNA_002/20220823_033000.WAV,Telephone Field,recover-20220825,002,1795
617.5285,617.5381,28906,39440,Eptesicus serotinus,0.008,0.02,-1,Echolocation,/mnt/ubna_data_01_mir/recover-20220825/UBNA_002/20220823_033000.WAV,Telephone Field,recover-20220825,002,1795
617.5295,617.5396,36640,43240,Pipistrellus nathusii,0.009,0.021,-1,Echolocation,/mnt/ubna_data_01_mir/recover-20220825/UBNA_002/20220823_033000.WAV,Telephone Field,recover-20220825,002,1795
617.5325,617.5436,22031,26679,Nyctalus leisleri,0.01,0.021,-1,Echolocation,/mnt/ubna_data_01_mir/recover-20220825/UBNA_002/20220823_033000.WAV,Telephone Field,recover-20220825,002,1795
617.5485,617.5896,68437,83010,Rhinolophus ferrumequinum,0.021,0.021,-1,Echolocation,/mnt/ubna_data_01_mir/recover-20220825/UBNA_002/20220823_033000.WAV,Telephone Field,recover-20220825,002,1795
617.5545,617.5941,68437,83030,Rhinolophus ferrumequinum,0.021,0.021,-1,Echolocation,/mnt/ubna_data_01_mir/recover-20220825/UBNA_002/20220823_033000.WAV,Telephone Field,recover-20220825,002,1795
617.5615,617.5974,68437,81938,Rhinolophus ferrumequinum,0.021,0.021,-1,Echolocation,/mnt/ubna_data_01_mir/recover-20220825/UBNA_002/20220823_033000.WAV,Telephone Field,recover-20220825,002,1795
617.5635,617.5726,27187,36378,Eptesicus serotinus,0.01,0.022,-1,Echolocation,/mnt/ubna_data_01_mir/recover-20220825/UBNA_002/20220823_033000.WAV,Telephone Field,recover-20220825,002,1795
617.5925,617.6286,68437,81917,Rhinolophus ferrumequinum,0.021,0.021,-1,Echolocation,/mnt/ubna_data_01_mir/recover-20220825/UBNA_002/20220823_033000.WAV,Telephone Field,recover-20220825,002,1795
617.6105,617.6206999999999,23750,30701,Nyctalus leisleri,0.007,0.021,-1,Echolocation,/mnt/ubna_data_01_mir/recover-20220825/UBNA_002/20220823_033000.WAV,Telephone Field,recover-20220825,002,1795
617.6345,617.6702,68437,81406,Rhinolophus ferrumequinum,0.021,0.021,-1,Echolocation,/mnt/ubna_data_01_mir/recover-20220825/UBNA_002/20220823_033000.WAV,Telephone Field,recover-20220825,002,1795
617.6575,617.6675,22031,27321,Nyctalus leisleri,0.009,0.021,-1,Echolocation,/mnt/ubna_data_01_mir/recover-20220825/UBNA_002/20220823_033000.WAV,Telephone Field,recover-20220825,002,1795
617.6785,617.7119,68437,81556,Rhinolophus ferrumequinum,0.021,0.021,-1,Echolocation,/mnt/ubna_data_01_mir/recover-20220825/UBNA_002/20220823_033000.WAV,Telephone Field,recover-20220825,002,1795
617.6905,617.7262,68437,81323,Rhinolophus ferrumequinum,0.021,0.021,-1,Echolocation,/mnt/ubna_data_01_mir/recover-20220825/UBNA_002/20220823_033000.WAV,Telephone Field,recover-20220825,002,1795
617.7275,617.7353,28046,39844,Eptesicus serotinus,0.007,0.02,-1,Echolocation,/mnt/ubna_data_01_mir/recover-20220825/UBNA_002/20220823_033000.WAV,Telephone Field,recover-20220825,002,1795
617.7545,617.7908,68437,82021,Rhinolophus ferrumequinum,0.021,0.021,-1,Echolocation,/mnt/ubna_data_01_mir/recover-20220825/UBNA_002/20220823_033000.WAV,Telephone Field,recover-20220825,002,1795
617.7675,617.7761,23750,31028,Plecotus austriacus,0.007,0.022,-1,Echolocation,/mnt/ubna_data_01_mir/recover-20220825/UBNA_002/20220823_033000.WAV,Telephone Field,recover-20220825,002,1795
617.7705,617.7812,15156,21834,Nyctalus noctula,0.013,0.023,-1,Echolocation,/mnt/ubna_data_01_mir/recover-20220825/UBNA_002/20220823_033000.WAV,Telephone Field,recover-20220825,002,1795
617.8005,617.8418,68437,82906,Rhinolophus ferrumequinum,0.028,0.028,-1,Echolocation,/mnt/ubna_data_01_mir/recover-20220825/UBNA_002/20220823_033000.WAV,Telephone Field,recover-20220825,002,1795
617.8285,617.8369,28046,40308,Eptesicus serotinus,0.008,0.02,-1,Echolocation,/mnt/ubna_data_01_mir/recover-20220825/UBNA_002/20220823_033000.WAV,Telephone Field,recover-20220825,002,1795
617.8445,617.8523,31484,43045,Myotis daubentonii,0.007,0.02,-1,Echolocation,/mnt/ubna_data_01_mir/recover-20220825/UBNA_002/20220823_033000.WAV,Telephone Field,recover-20220825,002,1795
617.9165,617.957,68437,83132,Rhinolophus ferrumequinum,0.021,0.021,-1,Echolocation,/mnt/ubna_data_01_mir/recover-20220825/UBNA_002/20220823_033000.WAV,Telephone Field,recover-20220825,002,1795
617.9315,617.942,24609,30798,Nyctalus leisleri,0.009,0.025,-1,Echolocation,/mnt/ubna_data_01_mir/recover-20220825/UBNA_002/20220823_033000.WAV,Telephone Field,recover-20220825,002,1795
617.9645,617.9728,28046,41343,Eptesicus serotinus,0.007,0.02,-1,Echolocation,/mnt/ubna_data_01_mir/recover-20220825/UBNA_002/20220823_033000.WAV,Telephone Field,recover-20220825,002,1795
617.9815,617.9987,21171,24399,Nyctalus leisleri,0.014,0.025,-1,Echolocation,/mnt/ubna_data_01_mir/recover-20220825/UBNA_002/20220823_033000.WAV,Telephone Field,recover-20220825,002,1795
617.9915,617.9997,27187,39261,Eptesicus serotinus,0.007,0.021,-1,Echolocation,/mnt/ubna_data_01_mir/recover-20220825/UBNA_002/20220823_033000.WAV,Telephone Field,recover-20220825,002,1795
618.0015,618.0096,28046,39566,Eptesicus serotinus,0.008,0.027,-1,Echolocation,/mnt/ubna_data_01_mir/recover-20220825/UBNA_002/20220823_033000.WAV,Telephone Field,recover-20220825,002,1795
618.0015,618.0116,22031,28191,Nyctalus leisleri,0.012,0.031,-1,Echolocation,/mnt/ubna_data_01_mir/recover-20220825/UBNA_002/20220823_033000.WAV,Telephone Field,recover-20220825,002,1795
618.0015,618.0303,69296,82170,Rhinolophus ferrumequinum,0.032,0.032,-1,Echolocation,/mnt/ubna_data_01_mir/recover-20220825/UBNA_002/20220823_033000.WAV,Telephone Field,recover-20220825,002,1795
618.0035,618.0122,42656,49555,Pipistrellus nathusii,0.016,0.029,-1,Echolocation,/mnt/ubna_data_01_mir/recover-20220825/UBNA_002/20220823_033000.WAV,Telephone Field,recover-20220825,002,1795
618.0105,618.0555,68437,82314,Rhinolophus ferrumequinum,0.025,0.025,-1,Echolocation,/mnt/ubna_data_01_mir/recover-20220825/UBNA_002/20220823_033000.WAV,Telephone Field,recover-20220825,002,1795
618.0815,618.0901,42656,49287,Pipistrellus nathusii,0.019,0.033,-1,Echolocation,/mnt/ubna_data_01_mir/recover-20220825/UBNA_002/20220823_033000.WAV,Telephone Field,recover-20220825,002,1795
618.1125,618.1201,27187,36015,Eptesicus serotinus,0.022,0.048,-1,Echolocation,/mnt/ubna_data_01_mir/recover-20220825/UBNA_002/20220823_033000.WAV,Telephone Field,recover-20220825,002,1795
618.1535,618.1615,26328,37313,Eptesicus serotinus,0.01,0.027,-1,Echolocation,/mnt/ubna_data_01_mir/recover-20220825/UBNA_002/20220823_033000.WAV,Telephone Field,recover-20220825,002,1795
618.1735,618.1801,32343,46474,Myotis daubentonii,0.013,0.032,-1,Echolocation,/mnt/ubna_data_01_mir/recover-20220825/UBNA_002/20220823_033000.WAV,Telephone Field,recover-20220825,002,1795
618.1775,618.1849,26328,38614,Eptesicus serotinus,0.009,0.026,-1,Echolocation,/mnt/ubna_data_01_mir/recover-20220825/UBNA_002/20220823_033000.WAV,Telephone Field,recover-20220825,002,1795
618.1825,618.1888,40078,47148,Barbastellus barbastellus,0.112,0.173,-1,Echolocation,/mnt/ubna_data_01_mir/recover-20220825/UBNA_002/20220823_033000.WAV,Telephone Field,recover-20220825,002,1795
618.2055,618.2144,46093,50123,Pipistrellus pipistrellus,0.025,0.03,-1,Echolocation,/mnt/ubna_data_01_mir/recover-20220825/UBNA_002/20220823_033000.WAV,Telephone Field,recover-20220825,002,1795
618.2105,618.2162,34062,57120,Myotis brandtii,0.012,0.025,-1,Echolocation,/mnt/ubna_data_01_mir/recover-20220825/UBNA_002/20220823_033000.WAV,Telephone Field,recover-20220825,002,1795
618.2385,618.2474,39218,46068,Pipistrellus nathusii,0.016,0.028,-1,Echolocation,/mnt/ubna_data_01_mir/recover-20220825/UBNA_002/20220823_033000.WAV,Telephone Field,recover-20220825,002,1795
618.2385,618.2769,68437,82265,Rhinolophus ferrumequinum,0.025,0.025,-1,Echolocation,/mnt/ubna_data_01_mir/recover-20220825/UBNA_002/20220823_033000.WAV,Telephone Field,recover-20220825,002,1795
618.2845,618.2905,38359,45614,Barbastellus barbastellus,0.2,0.242,-1,Echolocation,/mnt/ubna_data_01_mir/recover-20220825/UBNA_002/20220823_033000.WAV,Telephone Field,recover-20220825,002,1795
618.3395,618.3458,38359,50104,Myotis brandtii,0.009,0.024,-1,Echolocation,/mnt/ubna_data_01_mir/recover-20220825/UBNA_002/20220823_033000.WAV,Telephone Field,recover-20220825,002,1795
618.3455,618.3561,22890,27527,Nyctalus leisleri,0.014,0.028,-1,Echolocation,/mnt/ubna_data_01_mir/recover-20220825/UBNA_002/20220823_033000.WAV,Telephone Field,recover-20220825,002,1795
618.3735,618.3808,40078,48102,Pipistrellus nathusii,0.072,0.164,-1,Echolocation,/mnt/ubna_data_01_mir/recover-20220825/UBNA_002/20220823_033000.WAV,Telephone Field,recover-20220825,002,1795
618.3975,618.4168,21171,24666,Nyctalus leisleri,0.018,0.032,-1,Echolocation,/mnt/ubna_data_01_mir/recover-20220825/UBNA_002/20220823_033000.WAV,Telephone Field,recover-20220825,002,1795
618.4075,618.4143,27187,39974,Eptesicus serotinus,0.009,0.027,-1,Echolocation,/mnt/ubna_data_01_mir/recover-20220825/UBNA_002/20220823_033000.WAV,Telephone Field,recover-20220825,002,1795
618.4245,618.4313,24609,34049,Plecotus auritus,0.01,0.027,-1,Echolocation,/mnt/ubna_data_01_mir/recover-20220825/UBNA_002/20220823_033000.WAV,Telephone Field,recover-20220825,002,1795
618.4585,618.4679,38359,44489,Pipistrellus nathusii,0.064,0.095,-1,Echolocation,/mnt/ubna_data_01_mir/recover-20220825/UBNA_002/20220823_033000.WAV,Telephone Field,recover-20220825,002,1795
618.4645,618.4716,26328,37829,Eptesicus serotinus,0.008,0.024,-1,Echolocation,/mnt/ubna_data_01_mir/recover-20220825/UBNA_002/20220823_033000.WAV,Telephone Field,recover-20220825,002,1795
618.4795,618.494,22890,27543,Nyctalus leisleri,0.021,0.042,-1,Echolocation,/mnt/ubna_data_01_mir/recover-20220825/UBNA_002/20220823_033000.WAV,Telephone Field,recover-20220825,002,1795
618.4865,618.4975,33203,37998,Barbastellus barbastellus,0.018,0.041,-1,Echolocation,/mnt/ubna_data_01_mir/recover-20220825/UBNA_002/20220823_033000.WAV,Telephone Field,recover-20220825,002,1795
618.6055,618.6125,41796,50728,Pipistrellus nathusii,0.102,0.144,-1,Echolocation,/mnt/ubna_data_01_mir/recover-20220825/UBNA_002/20220823_033000.WAV,Telephone Field,recover-20220825,002,1795
618.6125,618.6209,25468,36062,Eptesicus serotinus,0.011,0.028,-1,Echolocation,/mnt/ubna_data_01_mir/recover-20220825/UBNA_002/20220823_033000.WAV,Telephone Field,recover-20220825,002,1795
618.6375,618.6785,68437,82546,Rhinolophus ferrumequinum,0.024,0.024,-1,Echolocation,/mnt/ubna_data_01_mir/recover-20220825/UBNA_002/20220823_033000.WAV,Telephone Field,recover-20220825,002,1795
618.6405,618.6503,26328,33933,Eptesicus serotinus,0.013,0.031,-1,Echolocation,/mnt/ubna_data_01_mir/recover-20220825/UBNA_002/20220823_033000.WAV,Telephone Field,recover-20220825,002,1795
618.6475,618.6575,29765,36643,Eptesicus serotinus,0.013,0.031,-1,Echolocation,/mnt/ubna_data_01_mir/recover-20220825/UBNA_002/20220823_033000.WAV,Telephone Field,recover-20220825,002,1795
618.6655,618.6745,51250,56130,Pipistrellus pygmaeus,0.021,0.028,-1,Echolocation,/mnt/ubna_data_01_mir/recover-20220825/UBNA_002/20220823_033000.WAV,Telephone Field,recover-20220825,002,1795
618.6955,618.7027,41796,49543,Pipistrellus nathusii,0.194,0.32,-1,Echolocation,/mnt/ubna_data_01_mir/recover-20220825/UBNA_002/20220823_033000.WAV,Telephone Field,recover-20220825,002,1795
618.7435,618.7542,15156,21821,Nyctalus noctula,0.015,0.027,-1,Echolocation,/mnt/ubna_data_01_mir/recover-20220825/UBNA_002/20220823_033000.WAV,Telephone Field,recover-20220825,002,1795
618.7605,618.7695,45234,47857,Pipistrellus pipistrellus,0.022,0.029,-1,Echolocation,/mnt/ubna_data_01_mir/recover-20220825/UBNA_002/20220823_033000.WAV,Telephone Field,recover-20220825,002,1795
618.7705,618.7789,27187,35241,Eptesicus serotinus,0.011,0.025,-1,Echolocation,/mnt/ubna_data_01_mir/recover-20220825/UBNA_002/20220823_033000.WAV,Telephone Field,recover-20220825,002,1795
618.7855,618.7922,40937,49896,Pipistrellus nathusii,0.219,0.41,-1,Echolocation,/mnt/ubna_data_01_mir/recover-20220825/UBNA_002/20220823_033000.WAV,Telephone Field,recover-20220825,002,1795
618.7875,618.7932,28906,49258,Myotis daubentonii,0.016,0.04,-1,Echolocation,/mnt/ubna_data_01_mir/recover-20220825/UBNA_002/20220823_033000.WAV,Telephone Field,recover-20220825,002,1795
618.7955,618.8043,24609,31318,Nyctalus leisleri,0.01,0.03,-1,Echolocation,/mnt/ubna_data_01_mir/recover-20220825/UBNA_002/20220823_033000.WAV,Telephone Field,recover-20220825,002,1795
618.8045,618.8396,68437,81034,Rhinolophus ferrumequinum,0.042,0.042,-1,Echolocation,/mnt/ubna_data_01_mir/recover-20220825/UBNA_002/20220823_033000.WAV,Telephone Field,recover-20220825,002,1795
618.8295,618.8688,68437,82384,Rhinolophus ferrumequinum,0.024,0.024,-1,Echolocation,/mnt/ubna_data_01_mir/recover-20220825/UBNA_002/20220823_033000.WAV,Telephone Field,recover-20220825,002,1795
618.8485000000001,618.8607,41796,45586,Pipistrellus nathusii,0.129,0.137,-1,Echolocation,/mnt/ubna_data_01_mir/recover-20220825/UBNA_002/20220823_033000.WAV,Telephone Field,recover-20220825,002,1795
618.8485000000001,618.8549,28906,47443,Myotis daubentonii,0.016,0.041,-1,Echolocation,/mnt/ubna_data_01_mir/recover-20220825/UBNA_002/20220823_033000.WAV,Telephone Field,recover-20220825,002,1795
618.8765,618.8841,43515,50026,Pipistrellus nathusii,0.051,0.065,-1,Echolocation,/mnt/ubna_data_01_mir/recover-20220825/UBNA_002/20220823_033000.WAV,Telephone Field,recover-20220825,002,1795
618.8775,618.8836,38359,51500,Myotis brandtii,0.024,0.065,-1,Echolocation,/mnt/ubna_data_01_mir/recover-20220825/UBNA_002/20220823_033000.WAV,Telephone Field,recover-20220825,002,1795
618.9355,618.9748,68437,81116,Rhinolophus ferrumequinum,0.023,0.024,-1,Echolocation,/mnt/ubna_data_01_mir/recover-20220825/UBNA_002/20220823_033000.WAV,Telephone Field,recover-20220825,002,1795
618.9615,618.9679,41796,49904,Pipistrellus nathusii,0.254,0.428,-1,Echolocation,/mnt/ubna_data_01_mir/recover-20220825/UBNA_002/20220823_033000.WAV,Telephone Field,recover-20220825,002,1795
618.9955,619.0034,22890,31801,Plecotus auritus,0.011,0.036,-1,Echolocation,/mnt/ubna_data_01_mir/recover-20220825/UBNA_002/20220823_033000.WAV,Telephone Field,recover-20220825,002,1795
619.0415,619.0524,27187,34116,Eptesicus serotinus,0.015,0.028,-1,Echolocation,/mnt/ubna_data_01_mir/recover-20220825/UBNA_002/20220823_033000.WAV,Telephone Field,recover-20220825,002,1795
619.0605,619.0665,41796,49719,Pipistrellus nathusii,0.265,0.478,-1,Echolocation,/mnt/ubna_data_01_mir/recover-20220825/UBNA_002/20220823_033000.WAV,Telephone Field,recover-20220825,002,1795
619.1195,619.1551,68437,82526,Rhinolophus ferrumequinum,0.024,0.024,-1,Echolocation,/mnt/ubna_data_01_mir/recover-20220825/UBNA_002/20220823_033000.WAV,Telephone Field,recover-20220825,002,1795
619.1375,619.1442,41796,50480,Pipistrellus nathusii,0.164,0.345,-1,Echolocation,/mnt/ubna_data_01_mir/recover-20220825/UBNA_002/20220823_033000.WAV,Telephone Field,recover-20220825,002,1795
619.1685,619.1757,27187,37295,Eptesicus serotinus,0.007,0.023,-1,Echolocation,/mnt/ubna_data_01_mir/recover-20220825/UBNA_002/20220823_033000.WAV,Telephone Field,recover-20220825,002,1795
619.1725,619.1859,42656,45898,Pipistrellus nathusii,0.055,0.063,-1,Echolocation,/mnt/ubna_data_01_mir/recover-20220825/UBNA_002/20220823_033000.WAV,Telephone Field,recover-20220825,002,1795
619.2015,619.2137,35781,40469,Pipistrellus nathusii,0.027,0.038,-1,Echolocation,/mnt/ubna_data_01_mir/recover-20220825/UBNA_002/20220823_033000.WAV,Telephone Field,recover-20220825,002,1795
619.2245,619.2311,40937,51787,Pipistrellus nathusii,0.222,0.462,-1,Echolocation,/mnt/ubna_data_01_mir/recover-20220825/UBNA_002/20220823_033000.WAV,Telephone Field,recover-20220825,002,1795
619.2485,619.2585,46093,53093,Pipistrellus pipistrellus,0.026,0.033,-1,Echolocation,/mnt/ubna_data_01_mir/recover-20220825/UBNA_002/20220823_033000.WAV,Telephone Field,recover-20220825,002,1795
619.3715,619.3781,40937,50365,Pipistrellus nathusii,0.177,0.41,-1,Echolocation,/mnt/ubna_data_01_mir/recover-20220825/UBNA_002/20220823_033000.WAV,Telephone Field,recover-20220825,002,1795
619.3995,619.408,25468,33935,Eptesicus serotinus,0.01,0.024,-1,Echolocation,/mnt/ubna_data_01_mir/recover-20220825/UBNA_002/20220823_033000.WAV,Telephone Field,recover-20220825,002,1795
619.4415,619.4491,27187,37763,Eptesicus serotinus,0.009,0.026,-1,Echolocation,/mnt/ubna_data_01_mir/recover-20220825/UBNA_002/20220823_033000.WAV,Telephone Field,recover-20220825,002,1795
619.4705,619.4764,41796,52102,Pipistrellus nathusii,0.358,0.486,-1,Echolocation,/mnt/ubna_data_01_mir/recover-20220825/UBNA_002/20220823_033000.WAV,Telephone Field,recover-20220825,002,1795
619.5035,619.5110999999999,27187,39663,Eptesicus serotinus,0.008,0.024,-1,Echolocation,/mnt/ubna_data_01_mir/recover-20220825/UBNA_002/20220823_033000.WAV,Telephone Field,recover-20220825,002,1795
619.5355,619.5812,68437,83829,Rhinolophus ferrumequinum,0.035,0.035,-1,Echolocation,/mnt/ubna_data_01_mir/recover-20220825/UBNA_002/20220823_033000.WAV,Telephone Field,recover-20220825,002,1795
619.5385,619.5456,41796,46200,Pipistrellus nathusii,0.017,0.029,-1,Echolocation,/mnt/ubna_data_01_mir/recover-20220825/UBNA_002/20220823_033000.WAV,Telephone Field,recover-20220825,002,1795
619.5685,619.5741,40937,52443,Pipistrellus nathusii,0.38,0.548,-1,Echolocation,/mnt/ubna_data_01_mir/recover-20220825/UBNA_002/20220823_033000.WAV,Telephone Field,recover-20220825,002,1795
619.5965,619.6052999999999,31484,42493,Barbastellus barbastellus,0.011,0.03,-1,Echolocation,/mnt/ubna_data_01_mir/recover-20220825/UBNA_002/20220823_033000.WAV,Telephone Field,recover-20220825,002,1795
619.6055,619.6133,36640,47936,Pipistrellus nathusii,0.014,0.035,-1,Echolocation,/mnt/ubna_data_01_mir/recover-20220825/UBNA_002/20220823_033000.WAV,Telephone Field,recover-20220825,002,1795
619.6065,619.6135,41796,51757,Pipistrellus nathusii,0.02,0.036,-1,Echolocation,/mnt/ubna_data_01_mir/recover-20220825/UBNA_002/20220823_033000.WAV,Telephone Field,recover-20220825,002,1795
619.6385,619.6763,68437,82182,Rhinolophus ferrumequinum,0.028,0.028,-1,Echolocation,/mnt/ubna_data_01_mir/recover-20220825/UBNA_002/20220823_033000.WAV,Telephone Field,recover-20220825,002,1795
619.6395,619.646,40937,52213,Pipistrellus nathusii,0.009,0.029,-1,Echolocation,/mnt/ubna_data_01_mir/recover-20220825/UBNA_002/20220823_033000.WAV,Telephone Field,recover-20220825,002,1795
619.6605,619.6667,42656,50082,Pipistrellus nathusii,0.433,0.516,-1,Echolocation,/mnt/ubna_data_01_mir/recover-20220825/UBNA_002/20220823_033000.WAV,Telephone Field,recover-20220825,002,1795
619.6985,619.7067,41796,48879,Pipistrellus nathusii,0.022,0.032,-1,Echolocation,/mnt/ubna_data_01_mir/recover-20220825/UBNA_002/20220823_033000.WAV,Telephone Field,recover-20220825,002,1795
619.6995,619.7084,26328,35114,Eptesicus serotinus,0.02,0.039,-1,Echolocation,/mnt/ubna_data_01_mir/recover-20220825/UBNA_002/20220823_033000.WAV,Telephone Field,recover-20220825,002,1795
619.7015,619.7082,58125,64520,Pipistrellus pygmaeus,0.066,0.067,-1,Echolocation,/mnt/ubna_data_01_mir/recover-20220825/UBNA_002/20220823_033000.WAV,Telephone Field,recover-20220825,002,1795
619.7445,619.7548,27187,34646,Eptesicus serotinus,0.015,0.028,-1,Echolocation,/mnt/ubna_data_01_mir/recover-20220825/UBNA_002/20220823_033000.WAV,Telephone Field,recover-20220825,002,1795
619.7565,619.7653,42656,48302,Pipistrellus nathusii,0.188,0.278,-1,Echolocation,/mnt/ubna_data_01_mir/recover-20220825/UBNA_002/20220823_033000.WAV,Telephone Field,recover-20220825,002,1795
619.7595,619.7663,34062,49499,Myotis brandtii,0.021,0.072,-1,Echolocation,/mnt/ubna_data_01_mir/recover-20220825/UBNA_002/20220823_033000.WAV,Telephone Field,recover-20220825,002,1795
619.7835,619.7954,24609,30754,Nyctalus leisleri,0.009,0.024,-1,Echolocation,/mnt/ubna_data_01_mir/recover-20220825/UBNA_002/20220823_033000.WAV,Telephone Field,recover-20220825,002,1795
619.7995,619.8388,68437,82547,Rhinolophus ferrumequinum,0.028,0.028,-1,Echolocation,/mnt/ubna_data_01_mir/recover-20220825/UBNA_002/20220823_033000.WAV,Telephone Field,recover-20220825,002,1795
619.8005,619.8083,26328,35142,Eptesicus serotinus,0.012,0.029,-1,Echolocation,/mnt/ubna_data_01_mir/recover-20220825/UBNA_002/20220823_033000.WAV,Telephone Field,recover-20220825,002,1795
619.8055,619.8162,52968,58789,Pipistrellus pygmaeus,0.042,0.043,-1,Echolocation,/mnt/ubna_data_01_mir/recover-20220825/UBNA_002/20220823_033000.WAV,Telephone Field,recover-20220825,002,1795
619.8305,619.8389,25468,34713,Eptesicus serotinus,0.011,0.028,-1,Echolocation,/mnt/ubna_data_01_mir/recover-20220825/UBNA_002/20220823_033000.WAV,Telephone Field,recover-20220825,002,1795
619.8585,619.8677,42656,52011,Pipistrellus nathusii,0.016,0.031,-1,Echolocation,/mnt/ubna_data_01_mir/recover-20220825/UBNA_002/20220823_033000.WAV,Telephone Field,recover-20220825,002,1795
619.8755,619.914,68437,82707,Rhinolophus ferrumequinum,0.034,0.034,-1,Echolocation,/mnt/ubna_data_01_mir/recover-20220825/UBNA_002/20220823_033000.WAV,Telephone Field,recover-20220825,002,1795
619.9405,619.9483,27187,37305,Eptesicus serotinus,0.009,0.024,-1,Echolocation,/mnt/ubna_data_01_mir/recover-20220825/UBNA_002/20220823_033000.WAV,Telephone Field,recover-20220825,002,1795
619.9405,619.9471,36640,52764,Myotis brandtii,0.012,0.027,-1,Echolocation,/mnt/ubna_data_01_mir/recover-20220825/UBNA_002/20220823_033000.WAV,Telephone Field,recover-20220825,002,1795
619.9515,619.9578,40937,51897,Pipistrellus nathusii,0.432,0.53,-1,Echolocation,/mnt/ubna_data_01_mir/recover-20220825/UBNA_002/20220823_033000.WAV,Telephone Field,recover-20220825,002,1795
619.9535,619.9601,28906,48367,Myotis daubentonii,0.013,0.028,-1,Echolocation,/mnt/ubna_data_01_mir/recover-20220825/UBNA_002/20220823_033000.WAV,Telephone Field,recover-20220825,002,1795
619.9855,619.9933,27187,38997,Eptesicus serotinus,0.008,0.023,-1,Echolocation,/mnt/ubna_data_01_mir/recover-20220825/UBNA_002/20220823_033000.WAV,Telephone Field,recover-20220825,002,1795
620.0015,620.0284,69296,83079,Rhinolophus ferrumequinum,0.032,0.032,-1,Echolocation,/mnt/ubna_data_01_mir/recover-20220825/UBNA_002/20220823_033000.WAV,Telephone Field,recover-20220825,002,1795
620.0015,620.0071,46953,54704,Pipistrellus pipistrellus,0.013,0.022,-1,Echolocation,/mnt/ubna_data_01_mir/recover-20220825/UBNA_002/20220823_033000.WAV,Telephone Field,recover-20220825,002,1795
620.0015,620.0069,25468,38897,Plecotus austriacus,0.011,0.042,-1,Echolocation,/mnt/ubna_data_01_mir/recover-20220825/UBNA_002/20220823_033000.WAV,Telephone Field,recover-20220825,002,1795
620.0555,620.0953,68437,82004,Rhinolophus ferrumequinum,0.022,0.022,-1,Echolocation,/mnt/ubna_data_01_mir/recover-20220825/UBNA_002/20220823_033000.WAV,Telephone Field,recover-20220825,002,1795
620.1125,620.1234,44375,51562,Pipistrellus pipistrellus,0.025,0.032,-1,Echolocation,/mnt/ubna_data_01_mir/recover-20220825/UBNA_002/20220823_033000.WAV,Telephone Field,recover-20220825,002,1795
620.1135,620.1545,68437,82351,Rhinolophus ferrumequinum,0.023,0.023,-1,Echolocation,/mnt/ubna_data_01_mir/recover-20220825/UBNA_002/20220823_033000.WAV,Telephone Field,recover-20220825,002,1795
620.1335,620.1711,68437,81799,Rhinolophus ferrumequinum,0.022,0.022,-1,Echolocation,/mnt/ubna_data_01_mir/recover-20220825/UBNA_002/20220823_033000.WAV,Telephone Field,recover-20220825,002,1795
620.1485,620.1576,56406,64250,Pipistrellus pygmaeus,0.027,0.028,-1,Echolocation,/mnt/ubna_data_01_mir/recover-20220825/UBNA_002/20220823_033000.WAV,Telephone Field,recover-20220825,002,1795
620.2045,620.2134,28046,36908,Eptesicus serotinus,0.012,0.025,-1,Echolocation,/mnt/ubna_data_01_mir/recover-20220825/UBNA_002/20220823_033000.WAV,Telephone Field,recover-20220825,002,1795
620.2675,620.3055,68437,82234,Rhinolophus ferrumequinum,0.024,0.024,-1,Echolocation,/mnt/ubna_data_01_mir/recover-20220825/UBNA_002/20220823_033000.WAV,Telephone Field,recover-20220825,002,1795
620.2795,620.2876,28046,37909,Eptesicus serotinus,0.008,0.021,-1,Echolocation,/mnt/ubna_data_01_mir/recover-20220825/UBNA_002/20220823_033000.WAV,Telephone Field,recover-20220825,002,1795
620.2795,620.3203,68437,82332,Rhinolophus ferrumequinum,0.024,0.024,-1,Echolocation,/mnt/ubna_data_01_mir/recover-20220825/UBNA_002/20220823_033000.WAV,Telephone Field,recover-20220825,002,1795
620.2975,620.3399,68437,82757,Rhinolophus ferrumequinum,0.024,0.024,-1,Echolocation,/mnt/ubna_data_01_mir/recover-20220825/UBNA_002/20220823_033000.WAV,Telephone Field,recover-20220825,002,1795
620.3885,620.3942,40078,48063,Barbastellus barbastellus,0.145,0.269,-1,Echolocation,/mnt/ubna_data_01_mir/recover-20220825/UBNA_002/20220823_033000.WAV,Telephone Field,recover-20220825,002,1795
620.4295,620.4384,28046,38652,Eptesicus serotinus,0.009,0.022,-1,Echolocation,/mnt/ubna_data_01_mir/recover-20220825/UBNA_002/20220823_033000.WAV,Telephone Field,recover-20220825,002,1795
620.4595,620.5003,68437,82602,Rhinolophus ferrumequinum,0.024,0.024,-1,Echolocation,/mnt/ubna_data_01_mir/recover-20220825/UBNA_002/20220823_033000.WAV,Telephone Field,recover-20220825,002,1795
620.4655,620.5079,68437,82893,Rhinolophus ferrumequinum,0.027,0.027,-1,Echolocation,/mnt/ubna_data_01_mir/recover-20220825/UBNA_002/20220823_033000.WAV,Telephone Field,recover-20220825,002,1795
620.4735000000001,620.4828,40078,44270,Pipistrellus nathusii,0.124,0.161,-1,Echolocation,/mnt/ubna_data_01_mir/recover-20220825/UBNA_002/20220823_033000.WAV,Telephone Field,recover-20220825,002,1795
620.5355,620.5435,28046,36526,Eptesicus serotinus,0.008,0.022,-1,Echolocation,/mnt/ubna_data_01_mir/recover-20220825/UBNA_002/20220823_033000.WAV,Telephone Field,recover-20220825,002,1795
620.5385,620.5486,22890,28517,Nyctalus leisleri,0.009,0.022,-1,Echolocation,/mnt/ubna_data_01_mir/recover-20220825/UBNA_002/20220823_033000.WAV,Telephone Field,recover-20220825,002,1795
620.5385,620.5465,44375,48237,Pipistrellus pipistrellus,0.024,0.026,-1,Echolocation,/mnt/ubna_data_01_mir/recover-20220825/UBNA_002/20220823_033000.WAV,Telephone Field,recover-20220825,002,1795
620.5665,620.5751,41796,48135,Pipistrellus nathusii,0.017,0.038,-1,Echolocation,/mnt/ubna_data_01_mir/recover-20220825/UBNA_002/20220823_033000.WAV,Telephone Field,recover-20220825,002,1795
620.5705,620.5764,34062,46826,Myotis daubentonii,0.016,0.035,-1,Echolocation,/mnt/ubna_data_01_mir/recover-20220825/UBNA_002/20220823_033000.WAV,Telephone Field,recover-20220825,002,1795
620.5805,620.6187,68437,82292,Rhinolophus ferrumequinum,0.021,0.021,-1,Echolocation,/mnt/ubna_data_01_mir/recover-20220825/UBNA_002/20220823_033000.WAV,Telephone Field,recover-20220825,002,1795
620.6165,620.6573,68437,83268,Rhinolophus ferrumequinum,0.023,0.023,-1,Echolocation,/mnt/ubna_data_01_mir/recover-20220825/UBNA_002/20220823_033000.WAV,Telephone Field,recover-20220825,002,1795
620.6415,620.6482,51250,57955,Pipistrellus pipistrellus,0.023,0.029,-1,Echolocation,/mnt/ubna_data_01_mir/recover-20220825/UBNA_002/20220823_033000.WAV,Telephone Field,recover-20220825,002,1795
620.6514999999999,620.6928,68437,83457,Rhinolophus ferrumequinum,0.025,0.025,-1,Echolocation,/mnt/ubna_data_01_mir/recover-20220825/UBNA_002/20220823_033000.WAV,Telephone Field,recover-20220825,002,1795
620.6645,620.6722,38359,45079,Pipistrellus nathusii,0.246,0.333,-1,Echolocation,/mnt/ubna_data_01_mir/recover-20220825/UBNA_002/20220823_033000.WAV,Telephone Field,recover-20220825,002,1795
620.6785,620.6871,28046,37778,Eptesicus serotinus,0.011,0.026,-1,Echolocation,/mnt/ubna_data_01_mir/recover-20220825/UBNA_002/20220823_033000.WAV,Telephone Field,recover-20220825,002,1795
620.7005,620.74,68437,82084,Rhinolophus ferrumequinum,0.022,0.022,-1,Echolocation,/mnt/ubna_data_01_mir/recover-20220825/UBNA_002/20220823_033000.WAV,Telephone Field,recover-20220825,002,1795
620.7035,620.7117,28046,38804,Eptesicus serotinus,0.008,0.022,-1,Echolocation,/mnt/ubna_data_01_mir/recover-20220825/UBNA_002/20220823_033000.WAV,Telephone Field,recover-20220825,002,1795
620.7285,620.7686,68437,82395,Rhinolophus ferrumequinum,0.023,0.023,-1,Echolocation,/mnt/ubna_data_01_mir/recover-20220825/UBNA_002/20220823_033000.WAV,Telephone Field,recover-20220825,002,1795
620.7365,620.7456,28046,40218,Eptesicus serotinus,0.011,0.024,-1,Echolocation,/mnt/ubna_data_01_mir/recover-20220825/UBNA_002/20220823_033000.WAV,Telephone Field,recover-20220825,002,1795
620.7505,620.7889,68437,82520,Rhinolophus ferrumequinum,0.024,0.024,-1,Echolocation,/mnt/ubna_data_01_mir/recover-20220825/UBNA_002/20220823_033000.WAV,Telephone Field,recover-20220825,002,1795
620.7585,620.7666,37500,46074,Myotis daubentonii,0.008,0.027,-1,Echolocation,/mnt/ubna_data_01_mir/recover-20220825/UBNA_002/20220823_033000.WAV,Telephone Field,recover-20220825,002,1795
620.7585,620.7668,26328,44496,Eptesicus serotinus,0.01,0.025,-1,Echolocation,/mnt/ubna_data_01_mir/recover-20220825/UBNA_002/20220823_033000.WAV,Telephone Field,recover-20220825,002,1795
620.7805,620.7911,28046,37105,Eptesicus serotinus,0.014,0.028,-1,Echolocation,/mnt/ubna_data_01_mir/recover-20220825/UBNA_002/20220823_033000.WAV,Telephone Field,recover-20220825,002,1795
620.8245,620.8333,28046,37217,Eptesicus serotinus,0.011,0.027,-1,Echolocation,/mnt/ubna_data_01_mir/recover-20220825/UBNA_002/20220823_033000.WAV,Telephone Field,recover-20220825,002,1795
620.8545,620.8598,39218,47455,Barbastellus barbastellus,0.142,0.268,-1,Echolocation,/mnt/ubna_data_01_mir/recover-20220825/UBNA_002/20220823_033000.WAV,Telephone Field,recover-20220825,002,1795
620.8665,620.8762,26328,32622,Eptesicus serotinus,0.009,0.021,-1,Echolocation,/mnt/ubna_data_01_mir/recover-20220825/UBNA_002/20220823_033000.WAV,Telephone Field,recover-20220825,002,1795
620.8895,620.8983,50390,57856,Pipistrellus pipistrellus,0.017,0.023,-1,Echolocation,/mnt/ubna_data_01_mir/recover-20220825/UBNA_002/20220823_033000.WAV,Telephone Field,recover-20220825,002,1795
620.8915,620.9316,68437,82886,Rhinolophus ferrumequinum,0.029,0.029,-1,Echolocation,/mnt/ubna_data_01_mir/recover-20220825/UBNA_002/20220823_033000.WAV,Telephone Field,recover-20220825,002,1795
620.9105,620.9221,27187,34824,Eptesicus serotinus,0.02,0.035,-1,Echolocation,/mnt/ubna_data_01_mir/recover-20220825/UBNA_002/20220823_033000.WAV,Telephone Field,recover-20220825,002,1795
620.9435,620.9537,28906,38392,Eptesicus serotinus,0.01,0.023,-1,Echolocation,/mnt/ubna_data_01_mir/recover-20220825/UBNA_002/20220823_033000.WAV,Telephone Field,recover-20220825,002,1795
620.9435,620.9855,68437,83065,Rhinolophus ferrumequinum,0.026,0.026,-1,Echolocation,/mnt/ubna_data_01_mir/recover-20220825/UBNA_002/20220823_033000.WAV,Telephone Field,recover-20220825,002,1795
620.9735000000001,620.9804,49531,55467,Pipistrellus pipistrellus,0.037,0.04,-1,Echolocation,/mnt/ubna_data_01_mir/recover-20220825/UBNA_002/20220823_033000.WAV,Telephone Field,recover-20220825,002,1795
620.9855,620.9939,27187,39377,Eptesicus serotinus,0.008,0.021,-1,Echolocation,/mnt/ubna_data_01_mir/recover-20220825/UBNA_002/20220823_033000.WAV,Telephone Field,recover-20220825,002,1795
620.9855,620.9927,49531,56514,Pipistrellus pipistrellus,0.018,0.022,-1,Echolocation,/mnt/ubna_data_01_mir/recover-20220825/UBNA_002/20220823_033000.WAV,Telephone Field,recover-20220825,002,1795
621.0015,621.0391,68437,81708,Rhinolophus ferrumequinum,0.024,0.024,-1,Echolocation,/mnt/ubna_data_01_mir/recover-20220825/UBNA_002/20220823_033000.WAV,Telephone Field,recover-20220825,002,1795
621.0075,621.0175,27187,33939,Eptesicus serotinus,0.01,0.023,-1,Echolocation,/mnt/ubna_data_01_mir/recover-20220825/UBNA_002/20220823_033000.WAV,Telephone Field,recover-20220825,002,1795
621.0605,621.0978,68437,81060,Rhinolophus ferrumequinum,0.022,0.022,-1,Echolocation,/mnt/ubna_data_01_mir/recover-20220825/UBNA_002/20220823_033000.WAV,Telephone Field,recover-20220825,002,1795
621.0665,621.0755,27187,37755,Eptesicus serotinus,0.009,0.024,-1,Echolocation,/mnt/ubna_data_01_mir/recover-20220825/UBNA_002/20220823_033000.WAV,Telephone Field,recover-20220825,002,1795
621.0905,621.1309,68437,83312,Rhinolophus ferrumequinum,0.027,0.027,-1,Echolocation,/mnt/ubna_data_01_mir/recover-20220825/UBNA_002/20220823_033000.WAV,Telephone Field,recover-20220825,002,1795
621.0935,621.1004,27187,39154,Eptesicus serotinus,0.006,0.022,-1,Echolocation,/mnt/ubna_data_01_mir/recover-20220825/UBNA_002/20220823_033000.WAV,Telephone Field,recover-20220825,002,1795
621.1195,621.1287,27187,37146,Eptesicus serotinus,0.008,0.022,-1,Echolocation,/mnt/ubna_data_01_mir/recover-20220825/UBNA_002/20220823_033000.WAV,Telephone Field,recover-20220825,002,1795
621.1445,621.1616,22031,25156,Nyctalus leisleri,0.024,0.039,-1,Echolocation,/mnt/ubna_data_01_mir/recover-20220825/UBNA_002/20220823_033000.WAV,Telephone Field,recover-20220825,002,1795
621.1675,621.1731,33203,52803,Myotis daubentonii,0.009,0.025,-1,Echolocation,/mnt/ubna_data_01_mir/recover-20220825/UBNA_002/20220823_033000.WAV,Telephone Field,recover-20220825,002,1795
621.1675,621.1734,41796,51425,Myotis daubentonii,0.01,0.036,-1,Echolocation,/mnt/ubna_data_01_mir/recover-20220825/UBNA_002/20220823_033000.WAV,Telephone Field,recover-20220825,002,1795
621.1675,621.2063,68437,81622,Rhinolophus ferrumequinum,0.022,0.022,-1,Echolocation,/mnt/ubna_data_01_mir/recover-20220825/UBNA_002/20220823_033000.WAV,Telephone Field,recover-20220825,002,1795
621.2105,621.2203,28046,35918,Eptesicus serotinus,0.013,0.027,-1,Echolocation,/mnt/ubna_data_01_mir/recover-20220825/UBNA_002/20220823_033000.WAV,Telephone Field,recover-20220825,002,1795
621.2435,621.2514,46093,53998,Pipistrellus pipistrellus,0.021,0.026,-1,Echolocation,/mnt/ubna_data_01_mir/recover-20220825/UBNA_002/20220823_033000.WAV,Telephone Field,recover-20220825,002,1795
621.2535,621.2633,46953,51963,Pipistrellus pipistrellus,0.019,0.023,-1,Echolocation,/mnt/ubna_data_01_mir/recover-20220825/UBNA_002/20220823_033000.WAV,Telephone Field,recover-20220825,002,1795
621.2595,621.2981,68437,82173,Rhinolophus ferrumequinum,0.022,0.022,-1,Echolocation,/mnt/ubna_data_01_mir/recover-20220825/UBNA_002/20220823_033000.WAV,Telephone Field,recover-20220825,002,1795
621.2645,621.2724,26328,38114,Eptesicus serotinus,0.008,0.025,-1,Echolocation,/mnt/ubna_data_01_mir/recover-20220825/UBNA_002/20220823_033000.WAV,Telephone Field,recover-20220825,002,1795
621.2665,621.3067,68437,82630,Rhinolophus ferrumequinum,0.023,0.023,-1,Echolocation,/mnt/ubna_data_01_mir/recover-20220825/UBNA_002/20220823_033000.WAV,Telephone Field,recover-20220825,002,1795
621.2685,621.2762,39218,44921,Barbastellus barbastellus,0.048,0.102,-1,Echolocation,/mnt/ubna_data_01_mir/recover-20220825/UBNA_002/20220823_033000.WAV,Telephone Field,recover-20220825,002,1795
621.2705,621.2782,25468,38108,Eptesicus serotinus,0.008,0.024,-1,Echolocation,/mnt/ubna_data_01_mir/recover-20220825/UBNA_002/20220823_033000.WAV,Telephone Field,recover-20220825,002,1795
621.2995,621.3401,68437,82480,Rhinolophus ferrumequinum,0.022,0.022,-1,Echolocation,/mnt/ubna_data_01_mir/recover-20220825/UBNA_002/20220823_033000.WAV,Telephone Field,recover-20220825,002,1795
621.3225,621.3325,28046,35463,Eptesicus serotinus,0.014,0.029,-1,Echolocation,/mnt/ubna_data_01_mir/recover-20220825/UBNA_002/20220823_033000.WAV,Telephone Field,recover-20220825,002,1795
621.3615,621.3695,50390,57912,Pipistrellus pipistrellus,0.017,0.024,-1,Echolocation,/mnt/ubna_data_01_mir/recover-20220825/UBNA_002/20220823_033000.WAV,Telephone Field,recover-20220825,002,1795
621.3905,621.4013,24609,31021,Eptesicus serotinus,0.008,0.022,-1,Echolocation,/mnt/ubna_data_01_mir/recover-20220825/UBNA_002/20220823_033000.WAV,Telephone Field,recover-20220825,002,1795
621.4305,621.469,68437,82280,Rhinolophus ferrumequinum,0.022,0.022,-1,Echolocation,/mnt/ubna_data_01_mir/recover-20220825/UBNA_002/20220823_033000.WAV,Telephone Field,recover-20220825,002,1795
621.4365,621.4441,26328,35809,Eptesicus serotinus,0.01,0.028,-1,Echolocation,/mnt/ubna_data_01_mir/recover-20220825/UBNA_002/20220823_033000.WAV,Telephone Field,recover-20220825,002,1795
621.4855,621.4938,28046,37045,Eptesicus serotinus,0.009,0.023,-1,Echolocation,/mnt/ubna_data_01_mir/recover-20220825/UBNA_002/20220823_033000.WAV,Telephone Field,recover-20220825,002,1795
621.4855,621.5215,68437,80674,Rhinolophus ferrumequinum,0.022,0.022,-1,Echolocation,/mnt/ubna_data_01_mir/recover-20220825/UBNA_002/20220823_033000.WAV,Telephone Field,recover-20220825,002,1795
621.4955,621.5346,68437,81446,Rhinolophus ferrumequinum,0.022,0.022,-1,Echolocation,/mnt/ubna_data_01_mir/recover-20220825/UBNA_002/20220823_033000.WAV,Telephone Field,recover-20220825,002,1795
621.4985,621.5094,23750,29899,Nyctalus leisleri,0.008,0.023,-1,Echolocation,/mnt/ubna_data_01_mir/recover-20220825/UBNA_002/20220823_033000.WAV,Telephone Field,recover-20220825,002,1795
621.5585,621.5992,68437,82260,Rhinolophus ferrumequinum,0.023,0.023,-1,Echolocation,/mnt/ubna_data_01_mir/recover-20220825/UBNA_002/20220823_033000.WAV,Telephone Field,recover-20220825,002,1795
621.5675,621.5738,39218,49099,Pipistrellus nathusii,0.281,0.353,-1,Echolocation,/mnt/ubna_data_01_mir/recover-20220825/UBNA_002/20220823_033000.WAV,Telephone Field,recover-20220825,002,1795
621.5735,621.6121,68437,82444,Rhinolophus ferrumequinum,0.022,0.022,-1,Echolocation,/mnt/ubna_data_01_mir/recover-20220825/UBNA_002/20220823_033000.WAV,Telephone Field,recover-20220825,002,1795
621.6495,621.6865,68437,81966,Rhinolophus ferrumequinum,0.021,0.021,-1,Echolocation,/mnt/ubna_data_01_mir/recover-20220825/UBNA_002/20220823_033000.WAV,Telephone Field,recover-20220825,002,1795
621.6514999999999,621.6596,28906,36054,Eptesicus serotinus,0.009,0.025,-1,Echolocation,/mnt/ubna_data_01_mir/recover-20220825/UBNA_002/20220823_033000.WAV,Telephone Field,recover-20220825,002,1795
621.6645,621.671,38359,46544,Pipistrellus nathusii,0.16,0.33,-1,Echolocation,/mnt/ubna_data_01_mir/recover-20220825/UBNA_002/20220823_033000.WAV,Telephone Field,recover-20220825,002,1795
621.6995,621.7073,27187,39487,Eptesicus serotinus,0.009,0.024,-1,Echolocation,/mnt/ubna_data_01_mir/recover-20220825/UBNA_002/20220823_033000.WAV,Telephone Field,recover-20220825,002,1795
621.7185,621.757,68437,82699,Rhinolophus ferrumequinum,0.024,0.024,-1,Echolocation,/mnt/ubna_data_01_mir/recover-20220825/UBNA_002/20220823_033000.WAV,Telephone Field,recover-20220825,002,1795
621.7615,621.7693,40078,46401,Pipistrellus nathusii,0.225,0.446,-1,Echolocation,/mnt/ubna_data_01_mir/recover-20220825/UBNA_002/20220823_033000.WAV,Telephone Field,recover-20220825,002,1795
621.8615,621.8682,39218,46625,Pipistrellus nathusii,0.271,0.453,-1,Echolocation,/mnt/ubna_data_01_mir/recover-20220825/UBNA_002/20220823_033000.WAV,Telephone Field,recover-20220825,002,1795
621.9255,621.9668,68437,82619,Rhinolophus ferrumequinum,0.022,0.022,-1,Echolocation,/mnt/ubna_data_01_mir/recover-20220825/UBNA_002/20220823_033000.WAV,Telephone Field,recover-20220825,002,1795
621.9325,621.9712,68437,82248,Rhinolophus ferrumequinum,0.022,0.022,-1,Echolocation,/mnt/ubna_data_01_mir/recover-20220825/UBNA_002/20220823_033000.WAV,Telephone Field,recover-20220825,002,1795
621.9605,621.9688,39218,47277,Pipistrellus nathusii,0.007,0.021,-1,Echolocation,/mnt/ubna_data_01_mir/recover-20220825/UBNA_002/20220823_033000.WAV,Telephone Field,recover-20220825,002,1795
621.9805,621.9899,27187,34953,Eptesicus serotinus,0.009,0.021,-1,Echolocation,/mnt/ubna_data_01_mir/recover-20220825/UBNA_002/20220823_033000.WAV,Telephone Field,recover-20220825,002,1795
622.0015,622.0295,68437,79543,Rhinolophus ferrumequinum,0.038,0.038,-1,Echolocation,/mnt/ubna_data_01_mir/recover-20220825/UBNA_002/20220823_033000.WAV,Telephone Field,recover-20220825,002,1795
622.0015,622.0094,30625,50365,Myotis daubentonii,0.008,0.022,-1,Echolocation,/mnt/ubna_data_01_mir/recover-20220825/UBNA_002/20220823_033000.WAV,Telephone Field,recover-20220825,002,1795
622.0025,622.0117,45234,48589,Pipistrellus pipistrellus,0.023,0.039,-1,Echolocation,/mnt/ubna_data_01_mir/recover-20220825/UBNA_002/20220823_033000.WAV,Telephone Field,recover-20220825,002,1795
622.0135,622.0556,68437,83143,Rhinolophus ferrumequinum,0.026,0.026,-1,Echolocation,/mnt/ubna_data_01_mir/recover-20220825/UBNA_002/20220823_033000.WAV,Telephone Field,recover-20220825,002,1795
622.0215,622.0295,27187,39117,Eptesicus serotinus,0.011,0.03,-1,Echolocation,/mnt/ubna_data_01_mir/recover-20220825/UBNA_002/20220823_033000.WAV,Telephone Field,recover-20220825,002,1795
622.0805,622.0928,38359,42103,Pipistrellus nathusii,0.04,0.053,-1,Echolocation,/mnt/ubna_data_01_mir/recover-20220825/UBNA_002/20220823_033000.WAV,Telephone Field,recover-20220825,002,1795
622.1185,622.1243,38359,48313,Pipistrellus nathusii,0.156,0.332,-1,Echolocation,/mnt/ubna_data_01_mir/recover-20220825/UBNA_002/20220823_033000.WAV,Telephone Field,recover-20220825,002,1795
622.1575,622.165,48671,54137,Pipistrellus pipistrellus,0.024,0.034,-1,Echolocation,/mnt/ubna_data_01_mir/recover-20220825/UBNA_002/20220823_033000.WAV,Telephone Field,recover-20220825,002,1795
622.1595,622.168,26328,34868,Eptesicus serotinus,0.01,0.023,-1,Echolocation,/mnt/ubna_data_01_mir/recover-20220825/UBNA_002/20220823_033000.WAV,Telephone Field,recover-20220825,002,1795
622.1895,622.2296,68437,82452,Rhinolophus ferrumequinum,0.022,0.022,-1,Echolocation,/mnt/ubna_data_01_mir/recover-20220825/UBNA_002/20220823_033000.WAV,Telephone Field,recover-20220825,002,1795
622.2235000000001,622.2297,40078,49108,Pipistrellus nathusii,0.184,0.422,-1,Echolocation,/mnt/ubna_data_01_mir/recover-20220825/UBNA_002/20220823_033000.WAV,Telephone Field,recover-20220825,002,1795
622.2345,622.2724,68437,82476,Rhinolophus ferrumequinum,0.023,0.023,-1,Echolocation,/mnt/ubna_data_01_mir/recover-20220825/UBNA_002/20220823_033000.WAV,Telephone Field,recover-20220825,002,1795
622.3085,622.3159,57265,61818,Pipistrellus pygmaeus,0.032,0.033,-1,Echolocation,/mnt/ubna_data_01_mir/recover-20220825/UBNA_002/20220823_033000.WAV,Telephone Field,recover-20220825,002,1795
622.3255,622.3306,35781,53992,Myotis daubentonii,0.016,0.035,-1,Echolocation,/mnt/ubna_data_01_mir/recover-20220825/UBNA_002/20220823_033000.WAV,Telephone Field,recover-20220825,002,1795
622.3495,622.3885,68437,83052,Rhinolophus ferrumequinum,0.024,0.024,-1,Echolocation,/mnt/ubna_data_01_mir/recover-20220825/UBNA_002/20220823_033000.WAV,Telephone Field,recover-20220825,002,1795
622.3505,622.359,47812,55175,Pipistrellus pipistrellus,0.019,0.022,-1,Echolocation,/mnt/ubna_data_01_mir/recover-20220825/UBNA_002/20220823_033000.WAV,Telephone Field,recover-20220825,002,1795
622.3715,622.3837,26328,31229,Nyctalus leisleri,0.011,0.028,-1,Echolocation,/mnt/ubna_data_01_mir/recover-20220825/UBNA_002/20220823_033000.WAV,Telephone Field,recover-20220825,002,1795
622.3795,622.3857,39218,54781,Myotis brandtii,0.01,0.024,-1,Echolocation,/mnt/ubna_data_01_mir/recover-20220825/UBNA_002/20220823_033000.WAV,Telephone Field,recover-20220825,002,1795
622.3835,622.3917,27187,38600,Eptesicus serotinus,0.008,0.023,-1,Echolocation,/mnt/ubna_data_01_mir/recover-20220825/UBNA_002/20220823_033000.WAV,Telephone Field,recover-20220825,002,1795
622.3925,622.4311,68437,82138,Rhinolophus ferrumequinum,0.023,0.023,-1,Echolocation,/mnt/ubna_data_01_mir/recover-20220825/UBNA_002/20220823_033000.WAV,Telephone Field,recover-20220825,002,1795
622.3945,622.4023,49531,55560,Pipistrellus pipistrellus,0.039,0.052,-1,Echolocation,/mnt/ubna_data_01_mir/recover-20220825/UBNA_002/20220823_033000.WAV,Telephone Field,recover-20220825,002,1795
622.3975,622.406,27187,36983,Eptesicus serotinus,0.008,0.023,-1,Echolocation,/mnt/ubna_data_01_mir/recover-20220825/UBNA_002/20220823_033000.WAV,Telephone Field,recover-20220825,002,1795
622.4565,622.4636,27187,41232,Eptesicus serotinus,0.007,0.023,-1,Echolocation,/mnt/ubna_data_01_mir/recover-20220825/UBNA_002/20220823_033000.WAV,Telephone Field,recover-20220825,002,1795
622.4755,622.4849,28046,35109,Eptesicus serotinus,0.025,0.045,-1,Echolocation,/mnt/ubna_data_01_mir/recover-20220825/UBNA_002/20220823_033000.WAV,Telephone Field,recover-20220825,002,1795
622.5155,622.5226,38359,48180,Pipistrellus nathusii,0.169,0.298,-1,Echolocation,/mnt/ubna_data_01_mir/recover-20220825/UBNA_002/20220823_033000.WAV,Telephone Field,recover-20220825,002,1795
622.5155,622.5545,68437,82653,Rhinolophus ferrumequinum,0.03,0.03,-1,Echolocation,/mnt/ubna_data_01_mir/recover-20220825/UBNA_002/20220823_033000.WAV,Telephone Field,recover-20220825,002,1795
622.5275,622.5369,24609,32169,Eptesicus serotinus,0.012,0.029,-1,Echolocation,/mnt/ubna_data_01_mir/recover-20220825/UBNA_002/20220823_033000.WAV,Telephone Field,recover-20220825,002,1795
622.5345,622.5424,27187,37536,Eptesicus serotinus,0.008,0.024,-1,Echolocation,/mnt/ubna_data_01_mir/recover-20220825/UBNA_002/20220823_033000.WAV,Telephone Field,recover-20220825,002,1795
622.5525,622.5628,46093,49486,Pipistrellus pipistrellus,0.018,0.023,-1,Echolocation,/mnt/ubna_data_01_mir/recover-20220825/UBNA_002/20220823_033000.WAV,Telephone Field,recover-20220825,002,1795
622.6185,622.6256,27187,40817,Eptesicus serotinus,0.007,0.024,-1,Echolocation,/mnt/ubna_data_01_mir/recover-20220825/UBNA_002/20220823_033000.WAV,Telephone Field,recover-20220825,002,1795
622.6335,622.6428,37500,46319,Pipistrellus nathusii,0.015,0.029,-1,Echolocation,/mnt/ubna_data_01_mir/recover-20220825/UBNA_002/20220823_033000.WAV,Telephone Field,recover-20220825,002,1795
622.6514999999999,622.6587,55546,60936,Pipistrellus pygmaeus,0.022,0.022,-1,Echolocation,/mnt/ubna_data_01_mir/recover-20220825/UBNA_002/20220823_033000.WAV,Telephone Field,recover-20220825,002,1795
622.6965,622.7043,27187,37935,Eptesicus serotinus,0.007,0.022,-1,Echolocation,/mnt/ubna_data_01_mir/recover-20220825/UBNA_002/20220823_033000.WAV,Telephone Field,recover-20220825,002,1795
622.7085,622.718,41796,47652,Pipistrellus nathusii,0.035,0.052,-1,Echolocation,/mnt/ubna_data_01_mir/recover-20220825/UBNA_002/20220823_033000.WAV,Telephone Field,recover-20220825,002,1795
622.7125,622.7191,26328,39203,Eptesicus serotinus,0.007,0.024,-1,Echolocation,/mnt/ubna_data_01_mir/recover-20220825/UBNA_002/20220823_033000.WAV,Telephone Field,recover-20220825,002,1795
622.7285,622.7379,28046,36406,Eptesicus serotinus,0.009,0.022,-1,Echolocation,/mnt/ubna_data_01_mir/recover-20220825/UBNA_002/20220823_033000.WAV,Telephone Field,recover-20220825,002,1795
622.7725,622.7787,40078,55538,Myotis brandtii,0.009,0.022,-1,Echolocation,/mnt/ubna_data_01_mir/recover-20220825/UBNA_002/20220823_033000.WAV,Telephone Field,recover-20220825,002,1795
622.7825,622.7905,26328,38748,Eptesicus serotinus,0.01,0.026,-1,Echolocation,/mnt/ubna_data_01_mir/recover-20220825/UBNA_002/20220823_033000.WAV,Telephone Field,recover-20220825,002,1795
622.8015,622.8088,48671,53384,Pipistrellus pipistrellus,0.022,0.026,-1,Echolocation,/mnt/ubna_data_01_mir/recover-20220825/UBNA_002/20220823_033000.WAV,Telephone Field,recover-20220825,002,1795
622.8125,622.8191,39218,51016,Pipistrellus nathusii,0.209,0.418,-1,Echolocation,/mnt/ubna_data_01_mir/recover-20220825/UBNA_002/20220823_033000.WAV,Telephone Field,recover-20220825,002,1795
622.8425,622.8803,68437,82749,Rhinolophus ferrumequinum,0.031,0.031,-1,Echolocation,/mnt/ubna_data_01_mir/recover-20220825/UBNA_002/20220823_033000.WAV,Telephone Field,recover-20220825,002,1795
622.8525,622.8723,18593,21918,Nyctalus noctula,0.018,0.033,-1,Echolocation,/mnt/ubna_data_01_mir/recover-20220825/UBNA_002/20220823_033000.WAV,Telephone Field,recover-20220825,002,1795
622.8595,622.8644,30625,50362,Myotis daubentonii,0.043,0.067,-1,Echolocation,/mnt/ubna_data_01_mir/recover-20220825/UBNA_002/20220823_033000.WAV,Telephone Field,recover-20220825,002,1795
622.8705,622.8813,22890,28198,Nyctalus leisleri,0.014,0.031,-1,Echolocation,/mnt/ubna_data_01_mir/recover-20220825/UBNA_002/20220823_033000.WAV,Telephone Field,recover-20220825,002,1795
622.9135,622.9208,35781,47809,Pipistrellus nathusii,0.307,0.5,-1,Echolocation,/mnt/ubna_data_01_mir/recover-20220825/UBNA_002/20220823_033000.WAV,Telephone Field,recover-20220825,002,1795
622.9455,622.954,57265,63431,Pipistrellus pygmaeus,0.024,0.025,-1,Echolocation,/mnt/ubna_data_01_mir/recover-20220825/UBNA_002/20220823_033000.WAV,Telephone Field,recover-20220825,002,1795
623.0085,623.047,68437,83029,Rhinolophus ferrumequinum,0.029,0.029,-1,Echolocation,/mnt/ubna_data_01_mir/recover-20220825/UBNA_002/20220823_033000.WAV,Telephone Field,recover-20220825,002,1795
623.0125,623.02,37500,47823,Pipistrellus nathusii,0.5,0.636,-1,Echolocation,/mnt/ubna_data_01_mir/recover-20220825/UBNA_002/20220823_033000.WAV,Telephone Field,recover-20220825,002,1795
623.0695,623.0776,27187,36910,Eptesicus serotinus,0.009,0.024,-1,Echolocation,/mnt/ubna_data_01_mir/recover-20220825/UBNA_002/20220823_033000.WAV,Telephone Field,recover-20220825,002,1795
623.0785,623.0878,22890,29767,Nyctalus leisleri,0.006,0.022,-1,Echolocation,/mnt/ubna_data_01_mir/recover-20220825/UBNA_002/20220823_033000.WAV,Telephone Field,recover-20220825,002,1795
623.0965,623.1035,26328,38802,Eptesicus serotinus,0.007,0.023,-1,Echolocation,/mnt/ubna_data_01_mir/recover-20220825/UBNA_002/20220823_033000.WAV,Telephone Field,recover-20220825,002,1795
623.1465,623.153,39218,51189,Pipistrellus nathusii,0.242,0.501,-1,Echolocation,/mnt/ubna_data_01_mir/recover-20220825/UBNA_002/20220823_033000.WAV,Telephone Field,recover-20220825,002,1795
623.1565,623.1638,26328,34418,Eptesicus serotinus,0.007,0.025,-1,Echolocation,/mnt/ubna_data_01_mir/recover-20220825/UBNA_002/20220823_033000.WAV,Telephone Field,recover-20220825,002,1795
623.1755,623.1867,23750,29354,Nyctalus leisleri,0.01,0.024,-1,Echolocation,/mnt/ubna_data_01_mir/recover-20220825/UBNA_002/20220823_033000.WAV,Telephone Field,recover-20220825,002,1795
623.1875,623.1962,39218,45241,Pipistrellus nathusii,0.024,0.041,-1,Echolocation,/mnt/ubna_data_01_mir/recover-20220825/UBNA_002/20220823_033000.WAV,Telephone Field,recover-20220825,002,1795
623.2395,623.2464,39218,49389,Pipistrellus nathusii,0.331,0.513,-1,Echolocation,/mnt/ubna_data_01_mir/recover-20220825/UBNA_002/20220823_033000.WAV,Telephone Field,recover-20220825,002,1795
623.2575,623.2968,68437,82581,Rhinolophus ferrumequinum,0.024,0.024,-1,Echolocation,/mnt/ubna_data_01_mir/recover-20220825/UBNA_002/20220823_033000.WAV,Telephone Field,recover-20220825,002,1795
623.2755,623.2834,28046,37709,Eptesicus serotinus,0.009,0.024,-1,Echolocation,/mnt/ubna_data_01_mir/recover-20220825/UBNA_002/20220823_033000.WAV,Telephone Field,recover-20220825,002,1795
623.3045,623.3107,26328,40101,Eptesicus serotinus,0.007,0.027,-1,Echolocation,/mnt/ubna_data_01_mir/recover-20220825/UBNA_002/20220823_033000.WAV,Telephone Field,recover-20220825,002,1795
623.3295,623.3415,16015,21450,Nyctalus noctula,0.011,0.025,-1,Echolocation,/mnt/ubna_data_01_mir/recover-20220825/UBNA_002/20220823_033000.WAV,Telephone Field,recover-20220825,002,1795
623.3315,623.3374,38359,50341,Pipistrellus nathusii,0.332,0.536,-1,Echolocation,/mnt/ubna_data_01_mir/recover-20220825/UBNA_002/20220823_033000.WAV,Telephone Field,recover-20220825,002,1795
623.3475,623.3829,68437,82479,Rhinolophus ferrumequinum,0.024,0.024,-1,Echolocation,/mnt/ubna_data_01_mir/recover-20220825/UBNA_002/20220823_033000.WAV,Telephone Field,recover-20220825,002,1795
623.3585,623.3974,68437,82116,Rhinolophus ferrumequinum,0.023,0.023,-1,Echolocation,/mnt/ubna_data_01_mir/recover-20220825/UBNA_002/20220823_033000.WAV,Telephone Field,recover-20220825,002,1795
623.3645,623.3849,20312,23319,Nyctalus leisleri,0.017,0.03,-1,Echolocation,/mnt/ubna_data_01_mir/recover-20220825/UBNA_002/20220823_033000.WAV,Telephone Field,recover-20220825,002,1795
623.4115,623.4172,38359,50139,Pipistrellus nathusii,0.139,0.367,-1,Echolocation,/mnt/ubna_data_01_mir/recover-20220825/UBNA_002/20220823_033000.WAV,Telephone Field,recover-20220825,002,1795
623.4595,623.4679,26328,34249,Eptesicus serotinus,0.011,0.027,-1,Echolocation,/mnt/ubna_data_01_mir/recover-20220825/UBNA_002/20220823_033000.WAV,Telephone Field,recover-20220825,002,1795
623.4615,623.501,68437,82600,Rhinolophus ferrumequinum,0.026,0.026,-1,Echolocation,/mnt/ubna_data_01_mir/recover-20220825/UBNA_002/20220823_033000.WAV,Telephone Field,recover-20220825,002,1795
623.4725,623.4778,38359,53788,Myotis daubentonii,0.094,0.255,-1,Echolocation,/mnt/ubna_data_01_mir/recover-20220825/UBNA_002/20220823_033000.WAV,Telephone Field,recover-20220825,002,1795
623.5255,623.5329,26328,36556,Eptesicus serotinus,0.007,0.023,-1,Echolocation,/mnt/ubna_data_01_mir/recover-20220825/UBNA_002/20220823_033000.WAV,Telephone Field,recover-20220825,002,1795
623.5255,623.5359,34921,40260,Pipistrellus nathusii,0.112,0.167,-1,Echolocation,/mnt/ubna_data_01_mir/recover-20220825/UBNA_002/20220823_033000.WAV,Telephone Field,recover-20220825,002,1795
623.5815,623.6204,68437,82269,Rhinolophus ferrumequinum,0.023,0.023,-1,Echolocation,/mnt/ubna_data_01_mir/recover-20220825/UBNA_002/20220823_033000.WAV,Telephone Field,recover-20220825,002,1795
623.6055,623.6129,26328,37003,Eptesicus serotinus,0.007,0.022,-1,Echolocation,/mnt/ubna_data_01_mir/recover-20220825/UBNA_002/20220823_033000.WAV,Telephone Field,recover-20220825,002,1795
623.6215,623.6619,68437,82472,Rhinolophus ferrumequinum,0.023,0.023,-1,Echolocation,/mnt/ubna_data_01_mir/recover-20220825/UBNA_002/20220823_033000.WAV,Telephone Field,recover-20220825,002,1795
623.6545,623.6644,27187,38133,Eptesicus serotinus,0.009,0.022,-1,Echolocation,/mnt/ubna_data_01_mir/recover-20220825/UBNA_002/20220823_033000.WAV,Telephone Field,recover-20220825,002,1795
623.6855,623.7255,68437,82692,Rhinolophus ferrumequinum,0.023,0.023,-1,Echolocation,/mnt/ubna_data_01_mir/recover-20220825/UBNA_002/20220823_033000.WAV,Telephone Field,recover-20220825,002,1795
623.6895,623.6961,36640,50473,Myotis brandtii,0.012,0.029,-1,Echolocation,/mnt/ubna_data_01_mir/recover-20220825/UBNA_002/20220823_033000.WAV,Telephone Field,recover-20220825,002,1795
623.7025,623.741,68437,82344,Rhinolophus ferrumequinum,0.025,0.026,-1,Echolocation,/mnt/ubna_data_01_mir/recover-20220825/UBNA_002/20220823_033000.WAV,Telephone Field,recover-20220825,002,1795
623.7375,623.7441,27187,41242,Eptesicus serotinus,0.007,0.024,-1,Echolocation,/mnt/ubna_data_01_mir/recover-20220825/UBNA_002/20220823_033000.WAV,Telephone Field,recover-20220825,002,1795
623.7665,623.8045,68437,82095,Rhinolophus ferrumequinum,0.025,0.025,-1,Echolocation,/mnt/ubna_data_01_mir/recover-20220825/UBNA_002/20220823_033000.WAV,Telephone Field,recover-20220825,002,1795
623.7675,623.7741,26328,37830,Eptesicus serotinus,0.006,0.023,-1,Echolocation,/mnt/ubna_data_01_mir/recover-20220825/UBNA_002/20220823_033000.WAV,Telephone Field,recover-20220825,002,1795
623.7825,623.7901,36640,45833,Myotis brandtii,0.007,0.023,-1,Echolocation,/mnt/ubna_data_01_mir/recover-20220825/UBNA_002/20220823_033000.WAV,Telephone Field,recover-20220825,002,1795
623.8055,623.8459,68437,82818,Rhinolophus ferrumequinum,0.024,0.024,-1,Echolocation,/mnt/ubna_data_01_mir/recover-20220825/UBNA_002/20220823_033000.WAV,Telephone Field,recover-20220825,002,1795
623.8215,623.828,41796,49677,Myotis daubentonii,0.023,0.071,-1,Echolocation,/mnt/ubna_data_01_mir/recover-20220825/UBNA_002/20220823_033000.WAV,Telephone Field,recover-20220825,002,1795
623.8355,623.8439,38359,46619,Pipistrellus nathusii,0.015,0.036,-1,Echolocation,/mnt/ubna_data_01_mir/recover-20220825/UBNA_002/20220823_033000.WAV,Telephone Field,recover-20220825,002,1795
623.8965,623.9059,42656,49122,Pipistrellus nathusii,0.01,0.028,-1,Echolocation,/mnt/ubna_data_01_mir/recover-20220825/UBNA_002/20220823_033000.WAV,Telephone Field,recover-20220825,002,1795
623.9025,623.9153,27187,33149,Eptesicus serotinus,0.075,0.14,-1,Echolocation,/mnt/ubna_data_01_mir/recover-20220825/UBNA_002/20220823_033000.WAV,Telephone Field,recover-20220825,002,1795
623.9235,623.9299,27187,40808,Eptesicus serotinus,0.008,0.032,-1,Echolocation,/mnt/ubna_data_01_mir/recover-20220825/UBNA_002/20220823_033000.WAV,Telephone Field,recover-20220825,002,1795
623.9595,623.9669,27187,39871,Eptesicus serotinus,0.007,0.023,-1,Echolocation,/mnt/ubna_data_01_mir/recover-20220825/UBNA_002/20220823_033000.WAV,Telephone Field,recover-20220825,002,1795
623.9865,623.9936,40937,54224,Myotis brandtii,0.01,0.026,-1,Echolocation,/mnt/ubna_data_01_mir/recover-20220825/UBNA_002/20220823_033000.WAV,Telephone Field,recover-20220825,002,1795
623.9865,623.9958,27187,36674,Eptesicus serotinus,0.011,0.027,-1,Echolocation,/mnt/ubna_data_01_mir/recover-20220825/UBNA_002/20220823_033000.WAV,Telephone Field,recover-20220825,002,1795
624.0015,624.0298,69296,79820,Rhinolophus ferrumequinum,0.025,0.025,-1,Echolocation,/mnt/ubna_data_01_mir/recover-20220825/UBNA_002/20220823_033000.WAV,Telephone Field,recover-20220825,002,1795
624.0015,624.0083,24609,35563,Plecotus austriacus,0.006,0.03,-1,Echolocation,/mnt/ubna_data_01_mir/recover-20220825/UBNA_002/20220823_033000.WAV,Telephone Field,recover-20220825,002,1795
624.0475,624.087,68437,82733,Rhinolophus ferrumequinum,0.027,0.027,-1,Echolocation,/mnt/ubna_data_01_mir/recover-20220825/UBNA_002/20220823_033000.WAV,Telephone Field,recover-20220825,002,1795
624.0485,624.0547,34062,46696,Myotis daubentonii,0.01,0.023,-1,Echolocation,/mnt/ubna_data_01_mir/recover-20220825/UBNA_002/20220823_033000.WAV,Telephone Field,recover-20220825,002,1795
624.0505,624.0574,26328,39709,Eptesicus serotinus,0.008,0.026,-1,Echolocation,/mnt/ubna_data_01_mir/recover-20220825/UBNA_002/20220823_033000.WAV,Telephone Field,recover-20220825,002,1795
624.0895,624.0997,24609,31493,Eptesicus serotinus,0.011,0.028,-1,Echolocation,/mnt/ubna_data_01_mir/recover-20220825/UBNA_002/20220823_033000.WAV,Telephone Field,recover-20220825,002,1795
624.1045,624.1091,40078,50997,Myotis daubentonii,0.06,0.158,-1,Echolocation,/mnt/ubna_data_01_mir/recover-20220825/UBNA_002/20220823_033000.WAV,Telephone Field,recover-20220825,002,1795
624.1055,624.1112,30625,62326,Myotis daubentonii,0.034,0.071,-1,Echolocation,/mnt/ubna_data_01_mir/recover-20220825/UBNA_002/20220823_033000.WAV,Telephone Field,recover-20220825,002,1795
624.1145,624.1254,22031,26092,Nyctalus leisleri,0.012,0.023,-1,Echolocation,/mnt/ubna_data_01_mir/recover-20220825/UBNA_002/20220823_033000.WAV,Telephone Field,recover-20220825,002,1795
624.1475,624.1646,16015,20593,Nyctalus noctula,0.034,0.047,-1,Echolocation,/mnt/ubna_data_01_mir/recover-20220825/UBNA_002/20220823_033000.WAV,Telephone Field,recover-20220825,002,1795
624.1495,624.1568,26328,40538,Eptesicus serotinus,0.009,0.026,-1,Echolocation,/mnt/ubna_data_01_mir/recover-20220825/UBNA_002/20220823_033000.WAV,Telephone Field,recover-20220825,002,1795
624.1545,624.1615,27187,39790,Eptesicus serotinus,0.008,0.026,-1,Echolocation,/mnt/ubna_data_01_mir/recover-20220825/UBNA_002/20220823_033000.WAV,Telephone Field,recover-20220825,002,1795
624.2055,624.2461,68437,83536,Rhinolophus ferrumequinum,0.03,0.03,-1,Echolocation,/mnt/ubna_data_01_mir/recover-20220825/UBNA_002/20220823_033000.WAV,Telephone Field,recover-20220825,002,1795
624.2115,624.2167,37500,54144,Myotis daubentonii,0.046,0.113,-1,Echolocation,/mnt/ubna_data_01_mir/recover-20220825/UBNA_002/20220823_033000.WAV,Telephone Field,recover-20220825,002,1795
624.2615,624.2723,27187,34454,Eptesicus serotinus,0.018,0.033,-1,Echolocation,/mnt/ubna_data_01_mir/recover-20220825/UBNA_002/20220823_033000.WAV,Telephone Field,recover-20220825,002,1795
624.3005,624.307,26328,36961,Eptesicus serotinus,0.006,0.025,-1,Echolocation,/mnt/ubna_data_01_mir/recover-20220825/UBNA_002/20220823_033000.WAV,Telephone Field,recover-20220825,002,1795
624.3595,624.3664,34062,42300,Barbastellus barbastellus,0.049,0.084,-1,Echolocation,/mnt/ubna_data_01_mir/recover-20220825/UBNA_002/20220823_033000.WAV,Telephone Field,recover-20220825,002,1795
624.3915,624.4,27187,37996,Eptesicus serotinus,0.011,0.028,-1,Echolocation,/mnt/ubna_data_01_mir/recover-20220825/UBNA_002/20220823_033000.WAV,Telephone Field,recover-20220825,002,1795
624.3985,624.4338,68437,82146,Rhinolophus ferrumequinum,0.023,0.023,-1,Echolocation,/mnt/ubna_data_01_mir/recover-20220825/UBNA_002/20220823_033000.WAV,Telephone Field,recover-20220825,002,1795
624.3995,624.4089,27187,37257,Eptesicus serotinus,0.01,0.025,-1,Echolocation,/mnt/ubna_data_01_mir/recover-20220825/UBNA_002/20220823_033000.WAV,Telephone Field,recover-20220825,002,1795
624.4305,624.441,41796,46330,Pipistrellus nathusii,0.022,0.036,-1,Echolocation,/mnt/ubna_data_01_mir/recover-20220825/UBNA_002/20220823_033000.WAV,Telephone Field,recover-20220825,002,1795
624.4325,624.4387,25468,39165,Eptesicus serotinus,0.005,0.025,-1,Echolocation,/mnt/ubna_data_01_mir/recover-20220825/UBNA_002/20220823_033000.WAV,Telephone Field,recover-20220825,002,1795
624.4595,624.4676,26328,41369,Eptesicus serotinus,0.009,0.025,-1,Echolocation,/mnt/ubna_data_01_mir/recover-20220825/UBNA_002/20220823_033000.WAV,Telephone Field,recover-20220825,002,1795
624.4925,624.4982,28046,49361,Myotis daubentonii,0.016,0.036,-1,Echolocation,/mnt/ubna_data_01_mir/recover-20220825/UBNA_002/20220823_033000.WAV,Telephone Field,recover-20220825,002,1795
624.4935,624.4987,38359,55064,Myotis brandtii,0.017,0.039,-1,Echolocation,/mnt/ubna_data_01_mir/recover-20220825/UBNA_002/20220823_033000.WAV,Telephone Field,recover-20220825,002,1795
624.5235,624.5289,39218,50589,Myotis daubentonii,0.047,0.1,-1,Echolocation,/mnt/ubna_data_01_mir/recover-20220825/UBNA_002/20220823_033000.WAV,Telephone Field,recover-20220825,002,1795
624.5675,624.5766,27187,36708,Eptesicus serotinus,0.009,0.023,-1,Echolocation,/mnt/ubna_data_01_mir/recover-20220825/UBNA_002/20220823_033000.WAV,Telephone Field,recover-20220825,002,1795
624.5845,624.5925,26328,36103,Eptesicus serotinus,0.008,0.023,-1,Echolocation,/mnt/ubna_data_01_mir/recover-20220825/UBNA_002/20220823_033000.WAV,Telephone Field,recover-20220825,002,1795
624.6205,624.6259,37500,48068,Myotis daubentonii,0.099,0.234,-1,Echolocation,/mnt/ubna_data_01_mir/recover-20220825/UBNA_002/20220823_033000.WAV,Telephone Field,recover-20220825,002,1795
624.6705,624.6796,28046,36202,Eptesicus serotinus,0.012,0.027,-1,Echolocation,/mnt/ubna_data_01_mir/recover-20220825/UBNA_002/20220823_033000.WAV,Telephone Field,recover-20220825,002,1795
624.6705,624.7099,68437,82121,Rhinolophus ferrumequinum,0.027,0.027,-1,Echolocation,/mnt/ubna_data_01_mir/recover-20220825/UBNA_002/20220823_033000.WAV,Telephone Field,recover-20220825,002,1795
624.7085,624.7146,37500,49577,Myotis daubentonii,0.069,0.193,-1,Echolocation,/mnt/ubna_data_01_mir/recover-20220825/UBNA_002/20220823_033000.WAV,Telephone Field,recover-20220825,002,1795
624.7295,624.7348,34062,53426,Myotis daubentonii,0.016,0.031,-1,Echolocation,/mnt/ubna_data_01_mir/recover-20220825/UBNA_002/20220823_033000.WAV,Telephone Field,recover-20220825,002,1795
624.7785,624.7859,27187,37612,Eptesicus serotinus,0.008,0.024,-1,Echolocation,/mnt/ubna_data_01_mir/recover-20220825/UBNA_002/20220823_033000.WAV,Telephone Field,recover-20220825,002,1795
624.8035,624.8132,22890,29045,Nyctalus leisleri,0.009,0.024,-1,Echolocation,/mnt/ubna_data_01_mir/recover-20220825/UBNA_002/20220823_033000.WAV,Telephone Field,recover-20220825,002,1795
624.8355,624.8427,29765,38618,Myotis daubentonii,0.011,0.029,-1,Echolocation,/mnt/ubna_data_01_mir/recover-20220825/UBNA_002/20220823_033000.WAV,Telephone Field,recover-20220825,002,1795
624.8475,624.8528,40078,52130,Myotis brandtii,0.053,0.131,-1,Echolocation,/mnt/ubna_data_01_mir/recover-20220825/UBNA_002/20220823_033000.WAV,Telephone Field,recover-20220825,002,1795
624.9075,624.9153,26328,37493,Eptesicus serotinus,0.008,0.024,-1,Echolocation,/mnt/ubna_data_01_mir/recover-20220825/UBNA_002/20220823_033000.WAV,Telephone Field,recover-20220825,002,1795
624.9225,624.9337,35781,40156,Pipistrellus nathusii,0.037,0.058,-1,Echolocation,/mnt/ubna_data_01_mir/recover-20220825/UBNA_002/20220823_033000.WAV,Telephone Field,recover-20220825,002,1795
624.9395,624.9442,36640,53050,Myotis daubentonii,0.094,0.2,-1,Echolocation,/mnt/ubna_data_01_mir/recover-20220825/UBNA_002/20220823_033000.WAV,Telephone Field,recover-20220825,002,1795
624.9895,624.9993,24609,30836,Nyctalus leisleri,0.008,0.023,-1,Echolocation,/mnt/ubna_data_01_mir/recover-20220825/UBNA_002/20220823_033000.WAV,Telephone Field,recover-20220825,002,1795
625.0285,625.0351,40937,50347,Pipistrellus nathusii,0.186,0.398,-1,Echolocation,/mnt/ubna_data_01_mir/recover-20220825/UBNA_002/20220823_033000.WAV,Telephone Field,recover-20220825,002,1795
625.0725,625.0892,16015,20413,Nyctalus noctula,0.019,0.027,-1,Echolocation,/mnt/ubna_data_01_mir/recover-20220825/UBNA_002/20220823_033000.WAV,Telephone Field,recover-20220825,002,1795
625.1045,625.111,35781,49403,Myotis brandtii,0.008,0.023,-1,Echolocation,/mnt/ubna_data_01_mir/recover-20220825/UBNA_002/20220823_033000.WAV,Telephone Field,recover-20220825,002,1795
625.1065,625.1145,27187,35195,Eptesicus serotinus,0.007,0.023,-1,Echolocation,/mnt/ubna_data_01_mir/recover-20220825/UBNA_002/20220823_033000.WAV,Telephone Field,recover-20220825,002,1795
625.1125,625.1273,15156,20599,Nyctalus noctula,0.022,0.038,-1,Echolocation,/mnt/ubna_data_01_mir/recover-20220825/UBNA_002/20220823_033000.WAV,Telephone Field,recover-20220825,002,1795
625.1185,625.1243,40078,49474,Myotis daubentonii,0.094,0.271,-1,Echolocation,/mnt/ubna_data_01_mir/recover-20220825/UBNA_002/20220823_033000.WAV,Telephone Field,recover-20220825,002,1795
625.1195,625.1251,29765,59897,Myotis daubentonii,0.036,0.078,-1,Echolocation,/mnt/ubna_data_01_mir/recover-20220825/UBNA_002/20220823_033000.WAV,Telephone Field,recover-20220825,002,1795
625.1505,625.1595,28046,35752,Eptesicus serotinus,0.01,0.024,-1,Echolocation,/mnt/ubna_data_01_mir/recover-20220825/UBNA_002/20220823_033000.WAV,Telephone Field,recover-20220825,002,1795
625.1585,625.1667,27187,35918,Eptesicus serotinus,0.01,0.026,-1,Echolocation,/mnt/ubna_data_01_mir/recover-20220825/UBNA_002/20220823_033000.WAV,Telephone Field,recover-20220825,002,1795
625.1975,625.2354,68437,82011,Rhinolophus ferrumequinum,0.024,0.024,-1,Echolocation,/mnt/ubna_data_01_mir/recover-20220825/UBNA_002/20220823_033000.WAV,Telephone Field,recover-20220825,002,1795
625.2075,625.2133,40937,53562,Pipistrellus nathusii,0.138,0.358,-1,Echolocation,/mnt/ubna_data_01_mir/recover-20220825/UBNA_002/20220823_033000.WAV,Telephone Field,recover-20220825,002,1795
625.2175,625.2273,24609,31614,Eptesicus serotinus,0.008,0.023,-1,Echolocation,/mnt/ubna_data_01_mir/recover-20220825/UBNA_002/20220823_033000.WAV,Telephone Field,recover-20220825,002,1795
625.2265,625.2338,28046,38235,Eptesicus serotinus,0.007,0.024,-1,Echolocation,/mnt/ubna_data_01_mir/recover-20220825/UBNA_002/20220823_033000.WAV,Telephone Field,recover-20220825,002,1795
625.3005,625.3052,37500,55724,Myotis daubentonii,0.068,0.136,-1,Echolocation,/mnt/ubna_data_01_mir/recover-20220825/UBNA_002/20220823_033000.WAV,Telephone Field,recover-20220825,002,1795
625.3095,625.3161,39218,55344,Myotis daubentonii,0.011,0.026,-1,Echolocation,/mnt/ubna_data_01_mir/recover-20220825/UBNA_002/20220823_033000.WAV,Telephone Field,recover-20220825,002,1795
625.3295,625.3376,27187,39619,Eptesicus serotinus,0.009,0.026,-1,Echolocation,/mnt/ubna_data_01_mir/recover-20220825/UBNA_002/20220823_033000.WAV,Telephone Field,recover-20220825,002,1795
625.3885,625.3954,26328,38264,Eptesicus serotinus,0.008,0.026,-1,Echolocation,/mnt/ubna_data_01_mir/recover-20220825/UBNA_002/20220823_033000.WAV,Telephone Field,recover-20220825,002,1795
625.3975,625.4042,26328,39287,Eptesicus serotinus,0.007,0.026,-1,Echolocation,/mnt/ubna_data_01_mir/recover-20220825/UBNA_002/20220823_033000.WAV,Telephone Field,recover-20220825,002,1795
625.4145,625.4206,33203,44261,Myotis daubentonii,0.025,0.056,-1,Echolocation,/mnt/ubna_data_01_mir/recover-20220825/UBNA_002/20220823_033000.WAV,Telephone Field,recover-20220825,002,1795
625.4295,625.4679,68437,82562,Rhinolophus ferrumequinum,0.023,0.023,-1,Echolocation,/mnt/ubna_data_01_mir/recover-20220825/UBNA_002/20220823_033000.WAV,Telephone Field,recover-20220825,002,1795
625.4605,625.4725,23750,29716,Nyctalus leisleri,0.009,0.023,-1,Echolocation,/mnt/ubna_data_01_mir/recover-20220825/UBNA_002/20220823_033000.WAV,Telephone Field,recover-20220825,002,1795
625.4665,625.4784,23750,28160,Nyctalus leisleri,0.012,0.023,-1,Echolocation,/mnt/ubna_data_01_mir/recover-20220825/UBNA_002/20220823_033000.WAV,Telephone Field,recover-20220825,002,1795
625.5035,625.511,41796,46861,Pipistrellus nathusii,0.082,0.102,-1,Echolocation,/mnt/ubna_data_01_mir/recover-20220825/UBNA_002/20220823_033000.WAV,Telephone Field,recover-20220825,002,1795
625.5515,625.5575,37500,55804,Myotis brandtii,0.015,0.028,-1,Echolocation,/mnt/ubna_data_01_mir/recover-20220825/UBNA_002/20220823_033000.WAV,Telephone Field,recover-20220825,002,1795
625.5685,625.5752,29765,41330,Myotis daubentonii,0.019,0.04,-1,Echolocation,/mnt/ubna_data_01_mir/recover-20220825/UBNA_002/20220823_033000.WAV,Telephone Field,recover-20220825,002,1795
625.6235,625.6628,68437,82567,Rhinolophus ferrumequinum,0.023,0.023,-1,Echolocation,/mnt/ubna_data_01_mir/recover-20220825/UBNA_002/20220823_033000.WAV,Telephone Field,recover-20220825,002,1795
625.6305,625.6422,28046,35413,Eptesicus serotinus,0.013,0.029,-1,Echolocation,/mnt/ubna_data_01_mir/recover-20220825/UBNA_002/20220823_033000.WAV,Telephone Field,recover-20220825,002,1795
625.6475,625.6573,27187,34541,Eptesicus serotinus,0.011,0.025,-1,Echolocation,/mnt/ubna_data_01_mir/recover-20220825/UBNA_002/20220823_033000.WAV,Telephone Field,recover-20220825,002,1795
625.6785,625.6845,36640,52174,Myotis brandtii,0.01,0.023,-1,Echolocation,/mnt/ubna_data_01_mir/recover-20220825/UBNA_002/20220823_033000.WAV,Telephone Field,recover-20220825,002,1795
625.6795,625.6858,40937,49486,Myotis brandtii,0.007,0.023,-1,Echolocation,/mnt/ubna_data_01_mir/recover-20220825/UBNA_002/20220823_033000.WAV,Telephone Field,recover-20220825,002,1795
625.7105,625.7197,22890,29569,Nyctalus leisleri,0.007,0.023,-1,Echolocation,/mnt/ubna_data_01_mir/recover-20220825/UBNA_002/20220823_033000.WAV,Telephone Field,recover-20220825,002,1795
625.7845,625.8232,68437,81990,Rhinolophus ferrumequinum,0.026,0.026,-1,Echolocation,/mnt/ubna_data_01_mir/recover-20220825/UBNA_002/20220823_033000.WAV,Telephone Field,recover-20220825,002,1795
625.7855,625.7951,28046,35986,Eptesicus serotinus,0.01,0.023,-1,Echolocation,/mnt/ubna_data_01_mir/recover-20220825/UBNA_002/20220823_033000.WAV,Telephone Field,recover-20220825,002,1795
625.7995,625.807,26328,37497,Eptesicus serotinus,0.011,0.028,-1,Echolocation,/mnt/ubna_data_01_mir/recover-20220825/UBNA_002/20220823_033000.WAV,Telephone Field,recover-20220825,002,1795
625.8025,625.8095,37500,50966,Myotis brandtii,0.01,0.025,-1,Echolocation,/mnt/ubna_data_01_mir/recover-20220825/UBNA_002/20220823_033000.WAV,Telephone Field,recover-20220825,002,1795
625.8345,625.8461,24609,31142,Eptesicus serotinus,0.009,0.025,-1,Echolocation,/mnt/ubna_data_01_mir/recover-20220825/UBNA_002/20220823_033000.WAV,Telephone Field,recover-20220825,002,1795
625.8695,625.8766,39218,46742,Pipistrellus nathusii,0.293,0.489,-1,Echolocation,/mnt/ubna_data_01_mir/recover-20220825/UBNA_002/20220823_033000.WAV,Telephone Field,recover-20220825,002,1795
625.9045,625.9166,33203,38520,Pipistrellus nathusii,0.021,0.04,-1,Echolocation,/mnt/ubna_data_01_mir/recover-20220825/UBNA_002/20220823_033000.WAV,Telephone Field,recover-20220825,002,1795
625.9625,625.9692,26328,42500,Eptesicus serotinus,0.008,0.029,-1,Echolocation,/mnt/ubna_data_01_mir/recover-20220825/UBNA_002/20220823_033000.WAV,Telephone Field,recover-20220825,002,1795
625.9695,625.9765,38359,46440,Myotis daubentonii,0.008,0.024,-1,Echolocation,/mnt/ubna_data_01_mir/recover-20220825/UBNA_002/20220823_033000.WAV,Telephone Field,recover-20220825,002,1795
625.9765,625.9841,26328,36024,Eptesicus serotinus,0.007,0.023,-1,Echolocation,/mnt/ubna_data_01_mir/recover-20220825/UBNA_002/20220823_033000.WAV,Telephone Field,recover-20220825,002,1795
626.0015,626.0106,40937,49477,Pipistrellus nathusii,0.022,0.035,-1,Echolocation,/mnt/ubna_data_01_mir/recover-20220825/UBNA_002/20220823_033000.WAV,Telephone Field,recover-20220825,002,1795
626.0015,626.0082,23750,34895,Plecotus austriacus,0.007,0.025,-1,Echolocation,/mnt/ubna_data_01_mir/recover-20220825/UBNA_002/20220823_033000.WAV,Telephone Field,recover-20220825,002,1795
626.0015,626.0346,69296,81717,Rhinolophus ferrumequinum,0.039,0.04,-1,Echolocation,/mnt/ubna_data_01_mir/recover-20220825/UBNA_002/20220823_033000.WAV,Telephone Field,recover-20220825,002,1795
626.0015,626.0086,47812,55039,Pipistrellus pipistrellus,0.028,0.048,-1,Echolocation,/mnt/ubna_data_01_mir/recover-20220825/UBNA_002/20220823_033000.WAV,Telephone Field,recover-20220825,002,1795
626.0235,626.0318,27187,36460,Eptesicus serotinus,0.008,0.025,-1,Echolocation,/mnt/ubna_data_01_mir/recover-20220825/UBNA_002/20220823_033000.WAV,Telephone Field,recover-20220825,002,1795
626.0235,626.0318,38359,43945,Pipistrellus nathusii,0.021,0.038,-1,Echolocation,/mnt/ubna_data_01_mir/recover-20220825/UBNA_002/20220823_033000.WAV,Telephone Field,recover-20220825,002,1795
626.0565,626.0645,27187,39854,Eptesicus serotinus,0.009,0.023,-1,Echolocation,/mnt/ubna_data_01_mir/recover-20220825/UBNA_002/20220823_033000.WAV,Telephone Field,recover-20220825,002,1795
626.1675,626.1751,45234,53130,Pipistrellus pipistrellus,0.018,0.027,-1,Echolocation,/mnt/ubna_data_01_mir/recover-20220825/UBNA_002/20220823_033000.WAV,Telephone Field,recover-20220825,002,1795
626.1895,626.2,22890,27968,Nyctalus leisleri,0.011,0.023,-1,Echolocation,/mnt/ubna_data_01_mir/recover-20220825/UBNA_002/20220823_033000.WAV,Telephone Field,recover-20220825,002,1795
626.2195,626.2269,39218,48815,Pipistrellus nathusii,0.422,0.564,-1,Echolocation,/mnt/ubna_data_01_mir/recover-20220825/UBNA_002/20220823_033000.WAV,Telephone Field,recover-20220825,002,1795
626.2475,626.2883,68437,82689,Rhinolophus ferrumequinum,0.022,0.022,-1,Echolocation,/mnt/ubna_data_01_mir/recover-20220825/UBNA_002/20220823_033000.WAV,Telephone Field,recover-20220825,002,1795
626.2495,626.2591,28046,36759,Eptesicus serotinus,0.02,0.036,-1,Echolocation,/mnt/ubna_data_01_mir/recover-20220825/UBNA_002/20220823_033000.WAV,Telephone Field,recover-20220825,002,1795
626.2825,626.2946,34062,38632,Pipistrellus nathusii,0.023,0.058,-1,Echolocation,/mnt/ubna_data_01_mir/recover-20220825/UBNA_002/20220823_033000.WAV,Telephone Field,recover-20220825,002,1795
626.3075,626.3489,68437,82156,Rhinolophus ferrumequinum,0.023,0.023,-1,Echolocation,/mnt/ubna_data_01_mir/recover-20220825/UBNA_002/20220823_033000.WAV,Telephone Field,recover-20220825,002,1795
626.3095,626.3196,28046,35481,Eptesicus serotinus,0.01,0.022,-1,Echolocation,/mnt/ubna_data_01_mir/recover-20220825/UBNA_002/20220823_033000.WAV,Telephone Field,recover-20220825,002,1795
626.3125,626.3228,39218,43847,Pipistrellus nathusii,0.062,0.07,-1,Echolocation,/mnt/ubna_data_01_mir/recover-20220825/UBNA_002/20220823_033000.WAV,Telephone Field,recover-20220825,002,1795
626.3145,626.3237,27187,36447,Eptesicus serotinus,0.009,0.022,-1,Echolocation,/mnt/ubna_data_01_mir/recover-20220825/UBNA_002/20220823_033000.WAV,Telephone Field,recover-20220825,002,1795
626.3365,626.3448,39218,46486,Pipistrellus nathusii,0.428,0.506,-1,Echolocation,/mnt/ubna_data_01_mir/recover-20220825/UBNA_002/20220823_033000.WAV,Telephone Field,recover-20220825,002,1795
626.3725,626.3799,27187,38264,Eptesicus serotinus,0.009,0.024,-1,Echolocation,/mnt/ubna_data_01_mir/recover-20220825/UBNA_002/20220823_033000.WAV,Telephone Field,recover-20220825,002,1795
626.3965,626.4034,41796,50303,Pipistrellus nathusii,0.022,0.039,-1,Echolocation,/mnt/ubna_data_01_mir/recover-20220825/UBNA_002/20220823_033000.WAV,Telephone Field,recover-20220825,002,1795
626.4025,626.4115,28046,35893,Eptesicus serotinus,0.009,0.022,-1,Echolocation,/mnt/ubna_data_01_mir/recover-20220825/UBNA_002/20220823_033000.WAV,Telephone Field,recover-20220825,002,1795
626.4385,626.4461,40937,48994,Pipistrellus nathusii,0.024,0.038,-1,Echolocation,/mnt/ubna_data_01_mir/recover-20220825/UBNA_002/20220823_033000.WAV,Telephone Field,recover-20220825,002,1795
626.4565,626.4996,68437,82282,Rhinolophus ferrumequinum,0.042,0.042,-1,Echolocation,/mnt/ubna_data_01_mir/recover-20220825/UBNA_002/20220823_033000.WAV,Telephone Field,recover-20220825,002,1795
626.4755,626.514,68437,81826,Rhinolophus ferrumequinum,0.022,0.022,-1,Echolocation,/mnt/ubna_data_01_mir/recover-20220825/UBNA_002/20220823_033000.WAV,Telephone Field,recover-20220825,002,1795
626.4855,626.4926,23750,31961,Plecotus austriacus,0.01,0.023,-1,Echolocation,/mnt/ubna_data_01_mir/recover-20220825/UBNA_002/20220823_033000.WAV,Telephone Field,recover-20220825,002,1795
626.5155,626.5546,68437,82439,Rhinolophus ferrumequinum,0.022,0.022,-1,Echolocation,/mnt/ubna_data_01_mir/recover-20220825/UBNA_002/20220823_033000.WAV,Telephone Field,recover-20220825,002,1795
626.5455,626.5539,27187,39497,Eptesicus serotinus,0.009,0.022,-1,Echolocation,/mnt/ubna_data_01_mir/recover-20220825/UBNA_002/20220823_033000.WAV,Telephone Field,recover-20220825,002,1795
626.5505,626.5587,23750,31896,Plecotus austriacus,0.007,0.022,-1,Echolocation,/mnt/ubna_data_01_mir/recover-20220825/UBNA_002/20220823_033000.WAV,Telephone Field,recover-20220825,002,1795
626.5945,626.6317,68437,82347,Rhinolophus ferrumequinum,0.03,0.03,-1,Echolocation,/mnt/ubna_data_01_mir/recover-20220825/UBNA_002/20220823_033000.WAV,Telephone Field,recover-20220825,002,1795
626.5965,626.6056,25468,33254,Eptesicus serotinus,0.014,0.036,-1,Echolocation,/mnt/ubna_data_01_mir/recover-20220825/UBNA_002/20220823_033000.WAV,Telephone Field,recover-20220825,002,1795
626.6235,626.6615,68437,82321,Rhinolophus ferrumequinum,0.023,0.023,-1,Echolocation,/mnt/ubna_data_01_mir/recover-20220825/UBNA_002/20220823_033000.WAV,Telephone Field,recover-20220825,002,1795
626.6485,626.6565,39218,46374,Pipistrellus nathusii,0.381,0.506,-1,Echolocation,/mnt/ubna_data_01_mir/recover-20220825/UBNA_002/20220823_033000.WAV,Telephone Field,recover-20220825,002,1795
626.6514999999999,626.6581,27187,38232,Barbastellus barbastellus,0.007,0.029,-1,Echolocation,/mnt/ubna_data_01_mir/recover-20220825/UBNA_002/20220823_033000.WAV,Telephone Field,recover-20220825,002,1795
626.7025,626.7098,27187,39325,Eptesicus serotinus,0.008,0.026,-1,Echolocation,/mnt/ubna_data_01_mir/recover-20220825/UBNA_002/20220823_033000.WAV,Telephone Field,recover-20220825,002,1795
626.7235000000001,626.7319,28906,37625,Eptesicus serotinus,0.007,0.023,-1,Echolocation,/mnt/ubna_data_01_mir/recover-20220825/UBNA_002/20220823_033000.WAV,Telephone Field,recover-20220825,002,1795
626.7415,626.7481,40078,48785,Pipistrellus nathusii,0.218,0.291,-1,Echolocation,/mnt/ubna_data_01_mir/recover-20220825/UBNA_002/20220823_033000.WAV,Telephone Field,recover-20220825,002,1795
626.7435,626.7501,23750,38463,Myotis nattereri,0.007,0.026,-1,Echolocation,/mnt/ubna_data_01_mir/recover-20220825/UBNA_002/20220823_033000.WAV,Telephone Field,recover-20220825,002,1795
626.7764999999999,626.7869,28046,35174,Eptesicus serotinus,0.012,0.025,-1,Echolocation,/mnt/ubna_data_01_mir/recover-20220825/UBNA_002/20220823_033000.WAV,Telephone Field,recover-20220825,002,1795
626.8065,626.8137,27187,39451,Eptesicus serotinus,0.008,0.024,-1,Echolocation,/mnt/ubna_data_01_mir/recover-20220825/UBNA_002/20220823_033000.WAV,Telephone Field,recover-20220825,002,1795
626.8365,626.8434,38359,48058,Myotis brandtii,0.008,0.025,-1,Echolocation,/mnt/ubna_data_01_mir/recover-20220825/UBNA_002/20220823_033000.WAV,Telephone Field,recover-20220825,002,1795
626.8815,626.8904,45234,50724,Pipistrellus pipistrellus,0.022,0.028,-1,Echolocation,/mnt/ubna_data_01_mir/recover-20220825/UBNA_002/20220823_033000.WAV,Telephone Field,recover-20220825,002,1795
626.8925,626.9026,23750,30359,Nyctalus leisleri,0.007,0.023,-1,Echolocation,/mnt/ubna_data_01_mir/recover-20220825/UBNA_002/20220823_033000.WAV,Telephone Field,recover-20220825,002,1795
626.8965,626.9368,68437,83109,Rhinolophus ferrumequinum,0.027,0.027,-1,Echolocation,/mnt/ubna_data_01_mir/recover-20220825/UBNA_002/20220823_033000.WAV,Telephone Field,recover-20220825,002,1795
626.9355,626.9418000000001,39218,52664,Pipistrellus nathusii,0.399,0.49,-1,Echolocation,/mnt/ubna_data_01_mir/recover-20220825/UBNA_002/20220823_033000.WAV,Telephone Field,recover-20220825,002,1795
626.9615,627.0031,68437,82590,Rhinolophus ferrumequinum,0.027,0.027,-1,Echolocation,/mnt/ubna_data_01_mir/recover-20220825/UBNA_002/20220823_033000.WAV,Telephone Field,recover-20220825,002,1795
627.0135,627.0516,68437,82071,Rhinolophus ferrumequinum,0.025,0.025,-1,Echolocation,/mnt/ubna_data_01_mir/recover-20220825/UBNA_002/20220823_033000.WAV,Telephone Field,recover-20220825,002,1795
627.0315,627.0385,40078,46666,Pipistrellus nathusii,0.142,0.2,-1,Echolocation,/mnt/ubna_data_01_mir/recover-20220825/UBNA_002/20220823_033000.WAV,Telephone Field,recover-20220825,002,1795
627.0845,627.1284,68437,83545,Rhinolophus ferrumequinum,0.045,0.045,-1,Echolocation,/mnt/ubna_data_01_mir/recover-20220825/UBNA_002/20220823_033000.WAV,Telephone Field,recover-20220825,002,1795
627.1245,627.1325,40078,47133,Pipistrellus nathusii,0.369,0.48,-1,Echolocation,/mnt/ubna_data_01_mir/recover-20220825/UBNA_002/20220823_033000.WAV,Telephone Field,recover-20220825,002,1795
627.1455,627.1532,50390,59046,Pipistrellus pipistrellus,0.013,0.022,-1,Echolocation,/mnt/ubna_data_01_mir/recover-20220825/UBNA_002/20220823_033000.WAV,Telephone Field,recover-20220825,002,1795
627.2235000000001,627.234,48671,51693,Pipistrellus pipistrellus,0.011,0.022,-1,Echolocation,/mnt/ubna_data_01_mir/recover-20220825/UBNA_002/20220823_033000.WAV,Telephone Field,recover-20220825,002,1795
627.2235000000001,627.2347,32343,38329,Barbastellus barbastellus,0.012,0.036,-1,Echolocation,/mnt/ubna_data_01_mir/recover-20220825/UBNA_002/20220823_033000.WAV,Telephone Field,recover-20220825,002,1795
627.2245,627.2614,68437,82087,Rhinolophus ferrumequinum,0.022,0.022,-1,Echolocation,/mnt/ubna_data_01_mir/recover-20220825/UBNA_002/20220823_033000.WAV,Telephone Field,recover-20220825,002,1795
627.2245,627.2338,40078,44157,Pipistrellus nathusii,0.041,0.053,-1,Echolocation,/mnt/ubna_data_01_mir/recover-20220825/UBNA_002/20220823_033000.WAV,Telephone Field,recover-20220825,002,1795
627.2545,627.2952,68437,82651,Rhinolophus ferrumequinum,0.023,0.023,-1,Echolocation,/mnt/ubna_data_01_mir/recover-20220825/UBNA_002/20220823_033000.WAV,Telephone Field,recover-20220825,002,1795
627.2795,627.319,68437,82950,Rhinolophus ferrumequinum,0.024,0.024,-1,Echolocation,/mnt/ubna_data_01_mir/recover-20220825/UBNA_002/20220823_033000.WAV,Telephone Field,recover-20220825,002,1795
627.3165,627.3235,40078,49622,Pipistrellus nathusii,0.112,0.215,-1,Echolocation,/mnt/ubna_data_01_mir/recover-20220825/UBNA_002/20220823_033000.WAV,Telephone Field,recover-20220825,002,1795
627.3635,627.4017,68437,81929,Rhinolophus ferrumequinum,0.023,0.023,-1,Echolocation,/mnt/ubna_data_01_mir/recover-20220825/UBNA_002/20220823_033000.WAV,Telephone Field,recover-20220825,002,1795
627.3885,627.396,28046,38120,Eptesicus serotinus,0.008,0.023,-1,Echolocation,/mnt/ubna_data_01_mir/recover-20220825/UBNA_002/20220823_033000.WAV,Telephone Field,recover-20220825,002,1795
627.4115,627.4235,41796,46082,Pipistrellus nathusii,0.188,0.202,-1,Echolocation,/mnt/ubna_data_01_mir/recover-20220825/UBNA_002/20220823_033000.WAV,Telephone Field,recover-20220825,002,1795
627.4485,627.4559,27187,39892,Eptesicus serotinus,0.012,0.035,-1,Echolocation,/mnt/ubna_data_01_mir/recover-20220825/UBNA_002/20220823_033000.WAV,Telephone Field,recover-20220825,002,1795
627.4555,627.4964,68437,82326,Rhinolophus ferrumequinum,0.023,0.023,-1,Echolocation,/mnt/ubna_data_01_mir/recover-20220825/UBNA_002/20220823_033000.WAV,Telephone Field,recover-20220825,002,1795
627.4565,627.466,24609,31108,Nyctalus leisleri,0.009,0.028,-1,Echolocation,/mnt/ubna_data_01_mir/recover-20220825/UBNA_002/20220823_033000.WAV,Telephone Field,recover-20220825,002,1795
627.4995,627.5393,68437,82527,Rhinolophus ferrumequinum,0.026,0.026,-1,Echolocation,/mnt/ubna_data_01_mir/recover-20220825/UBNA_002/20220823_033000.WAV,Telephone Field,recover-20220825,002,1795
627.5055,627.511,38359,57456,Myotis brandtii,0.012,0.032,-1,Echolocation,/mnt/ubna_data_01_mir/recover-20220825/UBNA_002/20220823_033000.WAV,Telephone Field,recover-20220825,002,1795
627.5145,627.5249,28046,35460,Eptesicus serotinus,0.01,0.022,-1,Echolocation,/mnt/ubna_data_01_mir/recover-20220825/UBNA_002/20220823_033000.WAV,Telephone Field,recover-20220825,002,1795
627.5335,627.5703,68437,81435,Rhinolophus ferrumequinum,0.022,0.022,-1,Echolocation,/mnt/ubna_data_01_mir/recover-20220825/UBNA_002/20220823_033000.WAV,Telephone Field,recover-20220825,002,1795
627.5495,627.5584,26328,37889,Eptesicus serotinus,0.009,0.025,-1,Echolocation,/mnt/ubna_data_01_mir/recover-20220825/UBNA_002/20220823_033000.WAV,Telephone Field,recover-20220825,002,1795
627.5505,627.558,33203,47677,Myotis brandtii,0.009,0.023,-1,Echolocation,/mnt/ubna_data_01_mir/recover-20220825/UBNA_002/20220823_033000.WAV,Telephone Field,recover-20220825,002,1795
627.5785,627.6161,68437,82027,Rhinolophus ferrumequinum,0.027,0.027,-1,Echolocation,/mnt/ubna_data_01_mir/recover-20220825/UBNA_002/20220823_033000.WAV,Telephone Field,recover-20220825,002,1795
627.5935,627.6026,40937,46656,Pipistrellus nathusii,0.215,0.274,-1,Echolocation,/mnt/ubna_data_01_mir/recover-20220825/UBNA_002/20220823_033000.WAV,Telephone Field,recover-20220825,002,1795
627.6785,627.6865,28046,38508,Eptesicus serotinus,0.008,0.023,-1,Echolocation,/mnt/ubna_data_01_mir/recover-20220825/UBNA_002/20220823_033000.WAV,Telephone Field,recover-20220825,002,1795
627.7145,627.7224,48671,55796,Pipistrellus pipistrellus,0.023,0.028,-1,Echolocation,/mnt/ubna_data_01_mir/recover-20220825/UBNA_002/20220823_033000.WAV,Telephone Field,recover-20220825,002,1795
627.7475,627.7634,22031,25927,Nyctalus leisleri,0.019,0.035,-1,Echolocation,/mnt/ubna_data_01_mir/recover-20220825/UBNA_002/20220823_033000.WAV,Telephone Field,recover-20220825,002,1795
627.7805,627.7878,27187,39650,Eptesicus serotinus,0.006,0.022,-1,Echolocation,/mnt/ubna_data_01_mir/recover-20220825/UBNA_002/20220823_033000.WAV,Telephone Field,recover-20220825,002,1795
627.7825,627.79,39218,46379,Myotis brandtii,0.006,0.023,-1,Echolocation,/mnt/ubna_data_01_mir/recover-20220825/UBNA_002/20220823_033000.WAV,Telephone Field,recover-20220825,002,1795
627.8625,627.8702,27187,41409,Eptesicus serotinus,0.008,0.022,-1,Echolocation,/mnt/ubna_data_01_mir/recover-20220825/UBNA_002/20220823_033000.WAV,Telephone Field,recover-20220825,002,1795
627.8645,627.8711,32343,44771,Myotis daubentonii,0.006,0.022,-1,Echolocation,/mnt/ubna_data_01_mir/recover-20220825/UBNA_002/20220823_033000.WAV,Telephone Field,recover-20220825,002,1795
627.8725,627.9072,68437,81049,Rhinolophus ferrumequinum,0.022,0.022,-1,Echolocation,/mnt/ubna_data_01_mir/recover-20220825/UBNA_002/20220823_033000.WAV,Telephone Field,recover-20220825,002,1795
627.8745,627.883,42656,49095,Pipistrellus nathusii,0.016,0.029,-1,Echolocation,/mnt/ubna_data_01_mir/recover-20220825/UBNA_002/20220823_033000.WAV,Telephone Field,recover-20220825,002,1795
627.8765,627.8842,26328,38218,Eptesicus serotinus,0.007,0.022,-1,Echolocation,/mnt/ubna_data_01_mir/recover-20220825/UBNA_002/20220823_033000.WAV,Telephone Field,recover-20220825,002,1795
627.8785,627.8856,12578,28323,Barbastellus barbastellus,0.024,0.03,-1,Echolocation,/mnt/ubna_data_01_mir/recover-20220825/UBNA_002/20220823_033000.WAV,Telephone Field,recover-20220825,002,1795
627.8855,627.895,24609,30498,Nyctalus leisleri,0.008,0.023,-1,Echolocation,/mnt/ubna_data_01_mir/recover-20220825/UBNA_002/20220823_033000.WAV,Telephone Field,recover-20220825,002,1795
627.9075,627.9171,28046,35387,Eptesicus serotinus,0.011,0.023,-1,Echolocation,/mnt/ubna_data_01_mir/recover-20220825/UBNA_002/20220823_033000.WAV,Telephone Field,recover-20220825,002,1795
627.9185,627.9607,68437,82699,Rhinolophus ferrumequinum,0.025,0.025,-1,Echolocation,/mnt/ubna_data_01_mir/recover-20220825/UBNA_002/20220823_033000.WAV,Telephone Field,recover-20220825,002,1795
627.9285,627.9353,28046,37292,Eptesicus serotinus,0.008,0.024,-1,Echolocation,/mnt/ubna_data_01_mir/recover-20220825/UBNA_002/20220823_033000.WAV,Telephone Field,recover-20220825,002,1795
627.9625,627.9758,41796,45856,Pipistrellus nathusii,0.126,0.137,-1,Echolocation,/mnt/ubna_data_01_mir/recover-20220825/UBNA_002/20220823_033000.WAV,Telephone Field,recover-20220825,002,1795
627.9835,627.9956,46093,50968,Pipistrellus pipistrellus,0.016,0.022,-1,Echolocation,/mnt/ubna_data_01_mir/recover-20220825/UBNA_002/20220823_033000.WAV,Telephone Field,recover-20220825,002,1795
627.9885,627.9971,27187,37296,Eptesicus serotinus,0.008,0.022,-1,Echolocation,/mnt/ubna_data_01_mir/recover-20220825/UBNA_002/20220823_033000.WAV,Telephone Field,recover-20220825,002,1795
628.0015,628.0298,70156,82802,Rhinolophus ferrumequinum,0.024,0.024,-1,Echolocation,/mnt/ubna_data_01_mir/recover-20220825/UBNA_002/20220823_033000.WAV,Telephone Field,recover-20220825,002,1795
628.0015,628.0099,25468,33628,Nyctalus leisleri,0.008,0.025,-1,Echolocation,/mnt/ubna_data_01_mir/recover-20220825/UBNA_002/20220823_033000.WAV,Telephone Field,recover-20220825,002,1795
628.0015,628.0108,38359,44294,Pipistrellus nathusii,0.011,0.023,-1,Echolocation,/mnt/ubna_data_01_mir/recover-20220825/UBNA_002/20220823_033000.WAV,Telephone Field,recover-20220825,002,1795
628.0285,628.0368,36640,43162,Barbastellus barbastellus,0.015,0.029,-1,Echolocation,/mnt/ubna_data_01_mir/recover-20220825/UBNA_002/20220823_033000.WAV,Telephone Field,recover-20220825,002,1795
628.0285,628.0355,27187,39720,Eptesicus serotinus,0.006,0.02,-1,Echolocation,/mnt/ubna_data_01_mir/recover-20220825/UBNA_002/20220823_033000.WAV,Telephone Field,recover-20220825,002,1795
628.0505,628.0597,28046,39149,Eptesicus serotinus,0.011,0.026,-1,Echolocation,/mnt/ubna_data_01_mir/recover-20220825/UBNA_002/20220823_033000.WAV,Telephone Field,recover-20220825,002,1795
628.0725,628.0779,40078,52855,Pipistrellus nathusii,0.148,0.406,-1,Echolocation,/mnt/ubna_data_01_mir/recover-20220825/UBNA_002/20220823_033000.WAV,Telephone Field,recover-20220825,002,1795
628.0985000000001,628.1347,68437,81524,Rhinolophus ferrumequinum,0.02,0.02,-1,Echolocation,/mnt/ubna_data_01_mir/recover-20220825/UBNA_002/20220823_033000.WAV,Telephone Field,recover-20220825,002,1795
628.1625,628.2027,68437,81840,Rhinolophus ferrumequinum,0.021,0.021,-1,Echolocation,/mnt/ubna_data_01_mir/recover-20220825/UBNA_002/20220823_033000.WAV,Telephone Field,recover-20220825,002,1795
628.1675,628.1726,36640,53738,Myotis daubentonii,0.114,0.427,-1,Echolocation,/mnt/ubna_data_01_mir/recover-20220825/UBNA_002/20220823_033000.WAV,Telephone Field,recover-20220825,002,1795
628.1765,628.1849,27187,34495,Eptesicus serotinus,0.007,0.022,-1,Echolocation,/mnt/ubna_data_01_mir/recover-20220825/UBNA_002/20220823_033000.WAV,Telephone Field,recover-20220825,002,1795
628.1895,628.2288,68437,82584,Rhinolophus ferrumequinum,0.025,0.025,-1,Echolocation,/mnt/ubna_data_01_mir/recover-20220825/UBNA_002/20220823_033000.WAV,Telephone Field,recover-20220825,002,1795
628.2645,628.2697000000001,37500,48785,Myotis daubentonii,0.177,0.385,-1,Echolocation,/mnt/ubna_data_01_mir/recover-20220825/UBNA_002/20220823_033000.WAV,Telephone Field,recover-20220825,002,1795
628.3555,628.3615,37500,47289,Pipistrellus nathusii,0.197,0.443,-1,Echolocation,/mnt/ubna_data_01_mir/recover-20220825/UBNA_002/20220823_033000.WAV,Telephone Field,recover-20220825,002,1795
628.3915,628.3998,30625,43254,Myotis daubentonii,0.007,0.02,-1,Echolocation,/mnt/ubna_data_01_mir/recover-20220825/UBNA_002/20220823_033000.WAV,Telephone Field,recover-20220825,002,1795
628.3945,628.4314,68437,81978,Rhinolophus ferrumequinum,0.022,0.022,-1,Echolocation,/mnt/ubna_data_01_mir/recover-20220825/UBNA_002/20220823_033000.WAV,Telephone Field,recover-20220825,002,1795
628.4075,628.4442,68437,81229,Rhinolophus ferrumequinum,0.02,0.02,-1,Echolocation,/mnt/ubna_data_01_mir/recover-20220825/UBNA_002/20220823_033000.WAV,Telephone Field,recover-20220825,002,1795
628.4615,628.47,28906,36781,Eptesicus serotinus,0.008,0.022,-1,Echolocation,/mnt/ubna_data_01_mir/recover-20220825/UBNA_002/20220823_033000.WAV,Telephone Field,recover-20220825,002,1795
628.4845,628.5236,68437,81684,Rhinolophus ferrumequinum,0.022,0.022,-1,Echolocation,/mnt/ubna_data_01_mir/recover-20220825/UBNA_002/20220823_033000.WAV,Telephone Field,recover-20220825,002,1795
628.5005,628.542,68437,82740,Rhinolophus ferrumequinum,0.028,0.028,-1,Echolocation,/mnt/ubna_data_01_mir/recover-20220825/UBNA_002/20220823_033000.WAV,Telephone Field,recover-20220825,002,1795
628.5085,628.5169,28046,37053,Eptesicus serotinus,0.008,0.022,-1,Echolocation,/mnt/ubna_data_01_mir/recover-20220825/UBNA_002/20220823_033000.WAV,Telephone Field,recover-20220825,002,1795
628.5425,628.5514000000001,38359,44229,Pipistrellus nathusii,0.105,0.214,-1,Echolocation,/mnt/ubna_data_01_mir/recover-20220825/UBNA_002/20220823_033000.WAV,Telephone Field,recover-20220825,002,1795
628.5475,628.5545,26328,37065,Eptesicus serotinus,0.008,0.026,-1,Echolocation,/mnt/ubna_data_01_mir/recover-20220825/UBNA_002/20220823_033000.WAV,Telephone Field,recover-20220825,002,1795
628.5775,628.6159,68437,81531,Rhinolophus ferrumequinum,0.021,0.021,-1,Echolocation,/mnt/ubna_data_01_mir/recover-20220825/UBNA_002/20220823_033000.WAV,Telephone Field,recover-20220825,002,1795
628.6265,628.6348,27187,38706,Eptesicus serotinus,0.008,0.022,-1,Echolocation,/mnt/ubna_data_01_mir/recover-20220825/UBNA_002/20220823_033000.WAV,Telephone Field,recover-20220825,002,1795
628.6435,628.6548,25468,32652,Eptesicus serotinus,0.011,0.023,-1,Echolocation,/mnt/ubna_data_01_mir/recover-20220825/UBNA_002/20220823_033000.WAV,Telephone Field,recover-20220825,002,1795
628.6685,628.7047,68437,81967,Rhinolophus ferrumequinum,0.02,0.02,-1,Echolocation,/mnt/ubna_data_01_mir/recover-20220825/UBNA_002/20220823_033000.WAV,Telephone Field,recover-20220825,002,1795
628.6835,628.724,68437,82317,Rhinolophus ferrumequinum,0.036,0.036,-1,Echolocation,/mnt/ubna_data_01_mir/recover-20220825/UBNA_002/20220823_033000.WAV,Telephone Field,recover-20220825,002,1795
628.6845,628.6926,50390,58454,Pipistrellus pipistrellus,0.023,0.031,-1,Echolocation,/mnt/ubna_data_01_mir/recover-20220825/UBNA_002/20220823_033000.WAV,Telephone Field,recover-20220825,002,1795
628.6975,628.7065,36640,41219,Barbastellus barbastellus,0.062,0.103,-1,Echolocation,/mnt/ubna_data_01_mir/recover-20220825/UBNA_002/20220823_033000.WAV,Telephone Field,recover-20220825,002,1795
628.7815,628.8205,68437,81966,Rhinolophus ferrumequinum,0.023,0.023,-1,Echolocation,/mnt/ubna_data_01_mir/recover-20220825/UBNA_002/20220823_033000.WAV,Telephone Field,recover-20220825,002,1795
628.7985,628.8384,68437,82682,Rhinolophus ferrumequinum,0.023,0.023,-1,Echolocation,/mnt/ubna_data_01_mir/recover-20220825/UBNA_002/20220823_033000.WAV,Telephone Field,recover-20220825,002,1795
628.8475,628.8847,68437,81597,Rhinolophus ferrumequinum,0.027,0.027,-1,Echolocation,/mnt/ubna_data_01_mir/recover-20220825/UBNA_002/20220823_033000.WAV,Telephone Field,recover-20220825,002,1795
628.8645,628.8728,27187,37287,Eptesicus serotinus,0.007,0.02,-1,Echolocation,/mnt/ubna_data_01_mir/recover-20220825/UBNA_002/20220823_033000.WAV,Telephone Field,recover-20220825,002,1795
628.8685,628.9072,68437,82441,Rhinolophus ferrumequinum,0.025,0.025,-1,Echolocation,/mnt/ubna_data_01_mir/recover-20220825/UBNA_002/20220823_033000.WAV,Telephone Field,recover-20220825,002,1795
628.9575,628.9948,68437,81841,Rhinolophus ferrumequinum,0.021,0.021,-1,Echolocation,/mnt/ubna_data_01_mir/recover-20220825/UBNA_002/20220823_033000.WAV,Telephone Field,recover-20220825,002,1795
628.9735000000001,628.9912,19453,22638,Nyctalus leisleri,0.016,0.031,-1,Echolocation,/mnt/ubna_data_01_mir/recover-20220825/UBNA_002/20220823_033000.WAV,Telephone Field,recover-20220825,002,1795
628.9865,628.994,26328,36482,Eptesicus serotinus,0.007,0.02,-1,Echolocation,/mnt/ubna_data_01_mir/recover-20220825/UBNA_002/20220823_033000.WAV,Telephone Field,recover-20220825,002,1795
629.0275,629.0677,68437,82446,Rhinolophus ferrumequinum,0.024,0.024,-1,Echolocation,/mnt/ubna_data_01_mir/recover-20220825/UBNA_002/20220823_033000.WAV,Telephone Field,recover-20220825,002,1795
629.0295,629.0381,28046,36505,Eptesicus serotinus,0.01,0.023,-1,Echolocation,/mnt/ubna_data_01_mir/recover-20220825/UBNA_002/20220823_033000.WAV,Telephone Field,recover-20220825,002,1795
629.0595,629.0677,28046,39849,Eptesicus serotinus,0.009,0.023,-1,Echolocation,/mnt/ubna_data_01_mir/recover-20220825/UBNA_002/20220823_033000.WAV,Telephone Field,recover-20220825,002,1795
629.0735,629.1093,68437,81252,Rhinolophus ferrumequinum,0.023,0.023,-1,Echolocation,/mnt/ubna_data_01_mir/recover-20220825/UBNA_002/20220823_033000.WAV,Telephone Field,recover-20220825,002,1795
629.0915,629.0997,28046,39726,Eptesicus serotinus,0.008,0.021,-1,Echolocation,/mnt/ubna_data_01_mir/recover-20220825/UBNA_002/20220823_033000.WAV,Telephone Field,recover-20220825,002,1795
629.1065,629.1411,68437,81606,Rhinolophus ferrumequinum,0.022,0.022,-1,Echolocation,/mnt/ubna_data_01_mir/recover-20220825/UBNA_002/20220823_033000.WAV,Telephone Field,recover-20220825,002,1795
629.1095,629.1217,41796,44913,Pipistrellus nathusii,0.017,0.025,-1,Echolocation,/mnt/ubna_data_01_mir/recover-20220825/UBNA_002/20220823_033000.WAV,Telephone Field,recover-20220825,002,1795
629.1155,629.1239,28046,39211,Eptesicus serotinus,0.007,0.02,-1,Echolocation,/mnt/ubna_data_01_mir/recover-20220825/UBNA_002/20220823_033000.WAV,Telephone Field,recover-20220825,002,1795
629.1514999999999,629.1889,68437,82097,Rhinolophus ferrumequinum,0.022,0.022,-1,Echolocation,/mnt/ubna_data_01_mir/recover-20220825/UBNA_002/20220823_033000.WAV,Telephone Field,recover-20220825,002,1795
629.1825,629.1904,23750,31095,Plecotus austriacus,0.009,0.025,-1,Echolocation,/mnt/ubna_data_01_mir/recover-20220825/UBNA_002/20220823_033000.WAV,Telephone Field,recover-20220825,002,1795
629.1955,629.229,68437,81158,Rhinolophus ferrumequinum,0.021,0.021,-1,Echolocation,/mnt/ubna_data_01_mir/recover-20220825/UBNA_002/20220823_033000.WAV,Telephone Field,recover-20220825,002,1795
629.2045,629.2176,26328,32461,Eptesicus serotinus,0.018,0.034,-1,Echolocation,/mnt/ubna_data_01_mir/recover-20220825/UBNA_002/20220823_033000.WAV,Telephone Field,recover-20220825,002,1795
629.2185,629.2305,23750,29009,Nyctalus leisleri,0.011,0.026,-1,Echolocation,/mnt/ubna_data_01_mir/recover-20220825/UBNA_002/20220823_033000.WAV,Telephone Field,recover-20220825,002,1795
629.2295,629.2712,68437,83145,Rhinolophus ferrumequinum,0.032,0.032,-1,Echolocation,/mnt/ubna_data_01_mir/recover-20220825/UBNA_002/20220823_033000.WAV,Telephone Field,recover-20220825,002,1795
629.2545,629.2631,27187,35361,Eptesicus serotinus,0.009,0.021,-1,Echolocation,/mnt/ubna_data_01_mir/recover-20220825/UBNA_002/20220823_033000.WAV,Telephone Field,recover-20220825,002,1795
629.3015,629.3362,68437,81124,Rhinolophus ferrumequinum,0.02,0.02,-1,Echolocation,/mnt/ubna_data_01_mir/recover-20220825/UBNA_002/20220823_033000.WAV,Telephone Field,recover-20220825,002,1795
629.3185,629.3263,27187,38927,Eptesicus serotinus,0.009,0.024,-1,Echolocation,/mnt/ubna_data_01_mir/recover-20220825/UBNA_002/20220823_033000.WAV,Telephone Field,recover-20220825,002,1795
629.3395,629.3467,27187,40765,Eptesicus serotinus,0.007,0.021,-1,Echolocation,/mnt/ubna_data_01_mir/recover-20220825/UBNA_002/20220823_033000.WAV,Telephone Field,recover-20220825,002,1795
629.3435,629.3516,37500,44958,Pipistrellus nathusii,0.027,0.051,-1,Echolocation,/mnt/ubna_data_01_mir/recover-20220825/UBNA_002/20220823_033000.WAV,Telephone Field,recover-20220825,002,1795
629.4005,629.4445,68437,83067,Rhinolophus ferrumequinum,0.032,0.032,-1,Echolocation,/mnt/ubna_data_01_mir/recover-20220825/UBNA_002/20220823_033000.WAV,Telephone Field,recover-20220825,002,1795
629.4265,629.4664,68437,82224,Rhinolophus ferrumequinum,0.021,0.021,-1,Echolocation,/mnt/ubna_data_01_mir/recover-20220825/UBNA_002/20220823_033000.WAV,Telephone Field,recover-20220825,002,1795
629.4275,629.4344,27187,39085,Eptesicus serotinus,0.01,0.028,-1,Echolocation,/mnt/ubna_data_01_mir/recover-20220825/UBNA_002/20220823_033000.WAV,Telephone Field,recover-20220825,002,1795
629.4485,629.4814,68437,80696,Rhinolophus ferrumequinum,0.02,0.02,-1,Echolocation,/mnt/ubna_data_01_mir/recover-20220825/UBNA_002/20220823_033000.WAV,Telephone Field,recover-20220825,002,1795
629.4755,629.4839,27187,37356,Eptesicus serotinus,0.008,0.02,-1,Echolocation,/mnt/ubna_data_01_mir/recover-20220825/UBNA_002/20220823_033000.WAV,Telephone Field,recover-20220825,002,1795
629.4825,629.4896,28046,37870,Eptesicus serotinus,0.007,0.021,-1,Echolocation,/mnt/ubna_data_01_mir/recover-20220825/UBNA_002/20220823_033000.WAV,Telephone Field,recover-20220825,002,1795
629.5075,629.5422,68437,81731,Rhinolophus ferrumequinum,0.023,0.023,-1,Echolocation,/mnt/ubna_data_01_mir/recover-20220825/UBNA_002/20220823_033000.WAV,Telephone Field,recover-20220825,002,1795
629.5125,629.5186,28046,39662,Eptesicus serotinus,0.006,0.025,-1,Echolocation,/mnt/ubna_data_01_mir/recover-20220825/UBNA_002/20220823_033000.WAV,Telephone Field,recover-20220825,002,1795
629.5335,629.5715,68437,82270,Rhinolophus ferrumequinum,0.022,0.022,-1,Echolocation,/mnt/ubna_data_01_mir/recover-20220825/UBNA_002/20220823_033000.WAV,Telephone Field,recover-20220825,002,1795
629.5365,629.5438,27187,38842,Eptesicus serotinus,0.007,0.02,-1,Echolocation,/mnt/ubna_data_01_mir/recover-20220825/UBNA_002/20220823_033000.WAV,Telephone Field,recover-20220825,002,1795
629.5705,629.6075,68437,81727,Rhinolophus ferrumequinum,0.02,0.02,-1,Echolocation,/mnt/ubna_data_01_mir/recover-20220825/UBNA_002/20220823_033000.WAV,Telephone Field,recover-20220825,002,1795
629.6015,629.6403,68437,82056,Rhinolophus ferrumequinum,0.023,0.023,-1,Echolocation,/mnt/ubna_data_01_mir/recover-20220825/UBNA_002/20220823_033000.WAV,Telephone Field,recover-20220825,002,1795
629.6125,629.6211,44375,47612,Pipistrellus pipistrellus,0.019,0.023,-1,Echolocation,/mnt/ubna_data_01_mir/recover-20220825/UBNA_002/20220823_033000.WAV,Telephone Field,recover-20220825,002,1795
629.6285,629.6396,22890,29249,Eptesicus serotinus,0.017,0.054,-1,Echolocation,/mnt/ubna_data_01_mir/recover-20220825/UBNA_002/20220823_033000.WAV,Telephone Field,recover-20220825,002,1795
629.7095,629.749,68437,81696,Rhinolophus ferrumequinum,0.02,0.02,-1,Echolocation,/mnt/ubna_data_01_mir/recover-20220825/UBNA_002/20220823_033000.WAV,Telephone Field,recover-20220825,002,1795
629.7135,629.722,27187,38507,Eptesicus serotinus,0.008,0.023,-1,Echolocation,/mnt/ubna_data_01_mir/recover-20220825/UBNA_002/20220823_033000.WAV,Telephone Field,recover-20220825,002,1795
629.7775,629.7901,28046,35097,Eptesicus serotinus,0.018,0.031,-1,Echolocation,/mnt/ubna_data_01_mir/recover-20220825/UBNA_002/20220823_033000.WAV,Telephone Field,recover-20220825,002,1795
629.8395,629.8773,68437,81768,Rhinolophus ferrumequinum,0.025,0.025,-1,Echolocation,/mnt/ubna_data_01_mir/recover-20220825/UBNA_002/20220823_033000.WAV,Telephone Field,recover-20220825,002,1795
629.8505,629.8592,28046,36829,Eptesicus serotinus,0.01,0.023,-1,Echolocation,/mnt/ubna_data_01_mir/recover-20220825/UBNA_002/20220823_033000.WAV,Telephone Field,recover-20220825,002,1795
629.8905,629.9259,68437,81628,Rhinolophus ferrumequinum,0.023,0.023,-1,Echolocation,/mnt/ubna_data_01_mir/recover-20220825/UBNA_002/20220823_033000.WAV,Telephone Field,recover-20220825,002,1795
629.8995,629.9311,68437,79521,Rhinolophus ferrumequinum,0.021,0.022,-1,Echolocation,/mnt/ubna_data_01_mir/recover-20220825/UBNA_002/20220823_033000.WAV,Telephone Field,recover-20220825,002,1795
629.9014999999999,629.912,24609,30380,Nyctalus leisleri,0.008,0.021,-1,Echolocation,/mnt/ubna_data_01_mir/recover-20220825/UBNA_002/20220823_033000.WAV,Telephone Field,recover-20220825,002,1795
629.9305,629.9682,68437,81723,Rhinolophus ferrumequinum,0.02,0.02,-1,Echolocation,/mnt/ubna_data_01_mir/recover-20220825/UBNA_002/20220823_033000.WAV,Telephone Field,recover-20220825,002,1795
629.9325,629.9463,24609,29438,Nyctalus leisleri,0.013,0.03,-1,Echolocation,/mnt/ubna_data_01_mir/recover-20220825/UBNA_002/20220823_033000.WAV,Telephone Field,recover-20220825,002,1795
629.9385,629.9743,68437,81319,Rhinolophus ferrumequinum,0.021,0.021,-1,Echolocation,/mnt/ubna_data_01_mir/recover-20220825/UBNA_002/20220823_033000.WAV,Telephone Field,recover-20220825,002,1795
629.9405,629.9477,46953,52650,Pipistrellus pipistrellus,0.021,0.023,-1,Echolocation,/mnt/ubna_data_01_mir/recover-20220825/UBNA_002/20220823_033000.WAV,Telephone Field,recover-20220825,002,1795
629.9455,629.9545,27187,36339,Eptesicus serotinus,0.008,0.02,-1,Echolocation,/mnt/ubna_data_01_mir/recover-20220825/UBNA_002/20220823_033000.WAV,Telephone Field,recover-20220825,002,1795
629.9685,629.976,28046,38150,Eptesicus serotinus,0.008,0.02,-1,Echolocation,/mnt/ubna_data_01_mir/recover-20220825/UBNA_002/20220823_033000.WAV,Telephone Field,recover-20220825,002,1795
630.0015,630.0341,68437,79420,Rhinolophus ferrumequinum,0.062,0.063,-1,Echolocation,/mnt/ubna_data_01_mir/recover-20220825/UBNA_002/20220823_033000.WAV,Telephone Field,recover-20220825,002,1795
630.0015,630.009,23750,32864,Plecotus austriacus,0.007,0.024,-1,Echolocation,/mnt/ubna_data_01_mir/recover-20220825/UBNA_002/20220823_033000.WAV,Telephone Field,recover-20220825,002,1795
630.0315,630.0723,68437,82390,Rhinolophus ferrumequinum,0.024,0.024,-1,Echolocation,/mnt/ubna_data_01_mir/recover-20220825/UBNA_002/20220823_033000.WAV,Telephone Field,recover-20220825,002,1795
630.0325,630.041,28046,40340,Eptesicus serotinus,0.008,0.021,-1,Echolocation,/mnt/ubna_data_01_mir/recover-20220825/UBNA_002/20220823_033000.WAV,Telephone Field,recover-20220825,002,1795
630.0565,630.0672,23750,30966,Nyctalus leisleri,0.007,0.021,-1,Echolocation,/mnt/ubna_data_01_mir/recover-20220825/UBNA_002/20220823_033000.WAV,Telephone Field,recover-20220825,002,1795
630.0785,630.0861,27187,37343,Eptesicus serotinus,0.008,0.023,-1,Echolocation,/mnt/ubna_data_01_mir/recover-20220825/UBNA_002/20220823_033000.WAV,Telephone Field,recover-20220825,002,1795
630.1805,630.2253,68437,83722,Rhinolophus ferrumequinum,0.034,0.034,-1,Echolocation,/mnt/ubna_data_01_mir/recover-20220825/UBNA_002/20220823_033000.WAV,Telephone Field,recover-20220825,002,1795
630.2085,630.2463,68437,82547,Rhinolophus ferrumequinum,0.021,0.021,-1,Echolocation,/mnt/ubna_data_01_mir/recover-20220825/UBNA_002/20220823_033000.WAV,Telephone Field,recover-20220825,002,1795
630.2225,630.2314,47812,52670,Pipistrellus pipistrellus,0.028,0.03,-1,Echolocation,/mnt/ubna_data_01_mir/recover-20220825/UBNA_002/20220823_033000.WAV,Telephone Field,recover-20220825,002,1795
630.2235,630.2667,68437,83299,Rhinolophus ferrumequinum,0.029,0.029,-1,Echolocation,/mnt/ubna_data_01_mir/recover-20220825/UBNA_002/20220823_033000.WAV,Telephone Field,recover-20220825,002,1795
630.2315,630.2718,68437,82836,Rhinolophus ferrumequinum,0.022,0.022,-1,Echolocation,/mnt/ubna_data_01_mir/recover-20220825/UBNA_002/20220823_033000.WAV,Telephone Field,recover-20220825,002,1795
630.2515,630.2603,22890,29880,Plecotus austriacus,0.007,0.021,-1,Echolocation,/mnt/ubna_data_01_mir/recover-20220825/UBNA_002/20220823_033000.WAV,Telephone Field,recover-20220825,002,1795
630.3085,630.346,68437,82019,Rhinolophus ferrumequinum,0.023,0.023,-1,Echolocation,/mnt/ubna_data_01_mir/recover-20220825/UBNA_002/20220823_033000.WAV,Telephone Field,recover-20220825,002,1795
630.3085,630.3186,22890,28573,Nyctalus leisleri,0.01,0.025,-1,Echolocation,/mnt/ubna_data_01_mir/recover-20220825/UBNA_002/20220823_033000.WAV,Telephone Field,recover-20220825,002,1795
630.3275,630.335,28906,39737,Eptesicus serotinus,0.007,0.021,-1,Echolocation,/mnt/ubna_data_01_mir/recover-20220825/UBNA_002/20220823_033000.WAV,Telephone Field,recover-20220825,002,1795
630.3625,630.37,49531,59305,Pipistrellus pipistrellus,0.017,0.023,-1,Echolocation,/mnt/ubna_data_01_mir/recover-20220825/UBNA_002/20220823_033000.WAV,Telephone Field,recover-20220825,002,1795
630.3745,630.3793,37500,53284,Myotis daubentonii,0.008,0.028,-1,Echolocation,/mnt/ubna_data_01_mir/recover-20220825/UBNA_002/20220823_033000.WAV,Telephone Field,recover-20220825,002,1795
630.3755,630.3831,24609,37885,Myotis nattereri,0.005,0.022,-1,Echolocation,/mnt/ubna_data_01_mir/recover-20220825/UBNA_002/20220823_033000.WAV,Telephone Field,recover-20220825,002,1795
630.3875,630.3982,24609,30476,Nyctalus leisleri,0.009,0.024,-1,Echolocation,/mnt/ubna_data_01_mir/recover-20220825/UBNA_002/20220823_033000.WAV,Telephone Field,recover-20220825,002,1795
630.3975,630.4094,27187,33570,Eptesicus serotinus,0.015,0.031,-1,Echolocation,/mnt/ubna_data_01_mir/recover-20220825/UBNA_002/20220823_033000.WAV,Telephone Field,recover-20220825,002,1795
630.4185,630.4597,68437,82870,Rhinolophus ferrumequinum,0.022,0.022,-1,Echolocation,/mnt/ubna_data_01_mir/recover-20220825/UBNA_002/20220823_033000.WAV,Telephone Field,recover-20220825,002,1795
630.4395,630.4491,22031,28120,Plecotus austriacus,0.009,0.024,-1,Echolocation,/mnt/ubna_data_01_mir/recover-20220825/UBNA_002/20220823_033000.WAV,Telephone Field,recover-20220825,002,1795
630.4675,630.5045,68437,82015,Rhinolophus ferrumequinum,0.023,0.023,-1,Echolocation,/mnt/ubna_data_01_mir/recover-20220825/UBNA_002/20220823_033000.WAV,Telephone Field,recover-20220825,002,1795
630.4685,630.475,24609,36981,Plecotus austriacus,0.011,0.03,-1,Echolocation,/mnt/ubna_data_01_mir/recover-20220825/UBNA_002/20220823_033000.WAV,Telephone Field,recover-20220825,002,1795
630.5045,630.5424,68437,82353,Rhinolophus ferrumequinum,0.024,0.024,-1,Echolocation,/mnt/ubna_data_01_mir/recover-20220825/UBNA_002/20220823_033000.WAV,Telephone Field,recover-20220825,002,1795
630.5465,630.5571,24609,30741,Nyctalus leisleri,0.01,0.026,-1,Echolocation,/mnt/ubna_data_01_mir/recover-20220825/UBNA_002/20220823_033000.WAV,Telephone Field,recover-20220825,002,1795
630.6015,630.6127,22031,27322,Nyctalus leisleri,0.013,0.028,-1,Echolocation,/mnt/ubna_data_01_mir/recover-20220825/UBNA_002/20220823_033000.WAV,Telephone Field,recover-20220825,002,1795
630.6345,630.6719,68437,81316,Rhinolophus ferrumequinum,0.022,0.022,-1,Echolocation,/mnt/ubna_data_01_mir/recover-20220825/UBNA_002/20220823_033000.WAV,Telephone Field,recover-20220825,002,1795
630.6435,630.6489,46093,62355,Myotis mystacinus,0.011,0.023,-1,Echolocation,/mnt/ubna_data_01_mir/recover-20220825/UBNA_002/20220823_033000.WAV,Telephone Field,recover-20220825,002,1795
630.6875,630.7253,68437,81587,Rhinolophus ferrumequinum,0.021,0.021,-1,Echolocation,/mnt/ubna_data_01_mir/recover-20220825/UBNA_002/20220823_033000.WAV,Telephone Field,recover-20220825,002,1795
630.7285,630.7364,28046,38271,Eptesicus serotinus,0.007,0.022,-1,Echolocation,/mnt/ubna_data_01_mir/recover-20220825/UBNA_002/20220823_033000.WAV,Telephone Field,recover-20220825,002,1795
630.7465,630.7576,28046,34635,Eptesicus serotinus,0.055,0.081,-1,Echolocation,/mnt/ubna_data_01_mir/recover-20220825/UBNA_002/20220823_033000.WAV,Telephone Field,recover-20220825,002,1795
630.7475,630.7857,68437,82426,Rhinolophus ferrumequinum,0.023,0.023,-1,Echolocation,/mnt/ubna_data_01_mir/recover-20220825/UBNA_002/20220823_033000.WAV,Telephone Field,recover-20220825,002,1795
630.8105,630.829,19453,22761,Nyctalus noctula,0.014,0.03,-1,Echolocation,/mnt/ubna_data_01_mir/recover-20220825/UBNA_002/20220823_033000.WAV,Telephone Field,recover-20220825,002,1795
630.8235,630.8301,24609,33885,Plecotus austriacus,0.008,0.023,-1,Echolocation,/mnt/ubna_data_01_mir/recover-20220825/UBNA_002/20220823_033000.WAV,Telephone Field,recover-20220825,002,1795
630.8725,630.9114,68437,81603,Rhinolophus ferrumequinum,0.036,0.036,-1,Echolocation,/mnt/ubna_data_01_mir/recover-20220825/UBNA_002/20220823_033000.WAV,Telephone Field,recover-20220825,002,1795
630.8825,630.8919,18593,24452,Plecotus austriacus,0.009,0.021,-1,Echolocation,/mnt/ubna_data_01_mir/recover-20220825/UBNA_002/20220823_033000.WAV,Telephone Field,recover-20220825,002,1795
630.9095,630.95,68437,82896,Rhinolophus ferrumequinum,0.028,0.029,-1,Echolocation,/mnt/ubna_data_01_mir/recover-20220825/UBNA_002/20220823_033000.WAV,Telephone Field,recover-20220825,002,1795
630.9445,630.9883,68437,83395,Rhinolophus ferrumequinum,0.032,0.032,-1,Echolocation,/mnt/ubna_data_01_mir/recover-20220825/UBNA_002/20220823_033000.WAV,Telephone Field,recover-20220825,002,1795
630.9505,630.9592,31484,41199,Myotis daubentonii,0.007,0.022,-1,Echolocation,/mnt/ubna_data_01_mir/recover-20220825/UBNA_002/20220823_033000.WAV,Telephone Field,recover-20220825,002,1795
630.9765,631.0159,68437,82219,Rhinolophus ferrumequinum,0.024,0.024,-1,Echolocation,/mnt/ubna_data_01_mir/recover-20220825/UBNA_002/20220823_033000.WAV,Telephone Field,recover-20220825,002,1795
630.9895,630.997,24609,32992,Plecotus austriacus,0.008,0.022,-1,Echolocation,/mnt/ubna_data_01_mir/recover-20220825/UBNA_002/20220823_033000.WAV,Telephone Field,recover-20220825,002,1795
631.0085,631.0469,68437,82167,Rhinolophus ferrumequinum,0.024,0.024,-1,Echolocation,/mnt/ubna_data_01_mir/recover-20220825/UBNA_002/20220823_033000.WAV,Telephone Field,recover-20220825,002,1795
631.0185,631.0265,25468,34453,Eptesicus serotinus,0.007,0.022,-1,Echolocation,/mnt/ubna_data_01_mir/recover-20220825/UBNA_002/20220823_033000.WAV,Telephone Field,recover-20220825,002,1795
631.0365,631.0436,28046,38092,Eptesicus serotinus,0.012,0.033,-1,Echolocation,/mnt/ubna_data_01_mir/recover-20220825/UBNA_002/20220823_033000.WAV,Telephone Field,recover-20220825,002,1795
631.0875,631.1243,68437,81413,Rhinolophus ferrumequinum,0.021,0.021,-1,Echolocation,/mnt/ubna_data_01_mir/recover-20220825/UBNA_002/20220823_033000.WAV,Telephone Field,recover-20220825,002,1795
631.1285,631.168,68437,82550,Rhinolophus ferrumequinum,0.023,0.023,-1,Echolocation,/mnt/ubna_data_01_mir/recover-20220825/UBNA_002/20220823_033000.WAV,Telephone Field,recover-20220825,002,1795
631.1475,631.1556,46953,51487,Pipistrellus pipistrellus,0.029,0.031,-1,Echolocation,/mnt/ubna_data_01_mir/recover-20220825/UBNA_002/20220823_033000.WAV,Telephone Field,recover-20220825,002,1795
631.1895,631.1997,22890,28329,Nyctalus leisleri,0.009,0.021,-1,Echolocation,/mnt/ubna_data_01_mir/recover-20220825/UBNA_002/20220823_033000.WAV,Telephone Field,recover-20220825,002,1795
631.1995,631.2099,28046,35393,Eptesicus serotinus,0.013,0.026,-1,Echolocation,/mnt/ubna_data_01_mir/recover-20220825/UBNA_002/20220823_033000.WAV,Telephone Field,recover-20220825,002,1795
631.2125,631.2495,68437,82644,Rhinolophus ferrumequinum,0.032,0.032,-1,Echolocation,/mnt/ubna_data_01_mir/recover-20220825/UBNA_002/20220823_033000.WAV,Telephone Field,recover-20220825,002,1795
631.2145,631.2194,37500,56783,Myotis mystacinus,0.008,0.029,-1,Echolocation,/mnt/ubna_data_01_mir/recover-20220825/UBNA_002/20220823_033000.WAV,Telephone Field,recover-20220825,002,1795
631.2245,631.2654,68437,82482,Rhinolophus ferrumequinum,0.022,0.022,-1,Echolocation,/mnt/ubna_data_01_mir/recover-20220825/UBNA_002/20220823_033000.WAV,Telephone Field,recover-20220825,002,1795
631.2315,631.2381,28906,42833,Myotis daubentonii,0.011,0.029,-1,Echolocation,/mnt/ubna_data_01_mir/recover-20220825/UBNA_002/20220823_033000.WAV,Telephone Field,recover-20220825,002,1795
631.3255,631.367,68437,82370,Rhinolophus ferrumequinum,0.024,0.024,-1,Echolocation,/mnt/ubna_data_01_mir/recover-20220825/UBNA_002/20220823_033000.WAV,Telephone Field,recover-20220825,002,1795
631.3325,631.3433,24609,31805,Nyctalus leisleri,0.012,0.03,-1,Echolocation,/mnt/ubna_data_01_mir/recover-20220825/UBNA_002/20220823_033000.WAV,Telephone Field,recover-20220825,002,1795
631.3525,631.3921,68437,82190,Rhinolophus ferrumequinum,0.023,0.023,-1,Echolocation,/mnt/ubna_data_01_mir/recover-20220825/UBNA_002/20220823_033000.WAV,Telephone Field,recover-20220825,002,1795
631.3705,631.3788,28046,38557,Eptesicus serotinus,0.007,0.021,-1,Echolocation,/mnt/ubna_data_01_mir/recover-20220825/UBNA_002/20220823_033000.WAV,Telephone Field,recover-20220825,002,1795
631.3895,631.4309,68437,82551,Rhinolophus ferrumequinum,0.021,0.021,-1,Echolocation,/mnt/ubna_data_01_mir/recover-20220825/UBNA_002/20220823_033000.WAV,Telephone Field,recover-20220825,002,1795
631.3965,631.4349,68437,82685,Rhinolophus ferrumequinum,0.021,0.021,-1,Echolocation,/mnt/ubna_data_01_mir/recover-20220825/UBNA_002/20220823_033000.WAV,Telephone Field,recover-20220825,002,1795
631.4085,631.418,24609,31908,Nyctalus leisleri,0.007,0.023,-1,Echolocation,/mnt/ubna_data_01_mir/recover-20220825/UBNA_002/20220823_033000.WAV,Telephone Field,recover-20220825,002,1795
631.4365,631.4447,28046,39225,Eptesicus serotinus,0.007,0.022,-1,Echolocation,/mnt/ubna_data_01_mir/recover-20220825/UBNA_002/20220823_033000.WAV,Telephone Field,recover-20220825,002,1795
631.4635,631.5007,68437,81722,Rhinolophus ferrumequinum,0.022,0.022,-1,Echolocation,/mnt/ubna_data_01_mir/recover-20220825/UBNA_002/20220823_033000.WAV,Telephone Field,recover-20220825,002,1795
631.4755,631.4889,31484,36152,Eptesicus serotinus,0.01,0.031,-1,Echolocation,/mnt/ubna_data_01_mir/recover-20220825/UBNA_002/20220823_033000.WAV,Telephone Field,recover-20220825,002,1795
631.4975,631.5374,68437,82073,Rhinolophus ferrumequinum,0.023,0.023,-1,Echolocation,/mnt/ubna_data_01_mir/recover-20220825/UBNA_002/20220823_033000.WAV,Telephone Field,recover-20220825,002,1795
631.5165,631.5253,46953,51367,Pipistrellus pipistrellus,0.049,0.052,-1,Echolocation,/mnt/ubna_data_01_mir/recover-20220825/UBNA_002/20220823_033000.WAV,Telephone Field,recover-20220825,002,1795
631.5335,631.575,68437,83372,Rhinolophus ferrumequinum,0.04,0.04,-1,Echolocation,/mnt/ubna_data_01_mir/recover-20220825/UBNA_002/20220823_033000.WAV,Telephone Field,recover-20220825,002,1795
631.5345,631.5437,22031,28368,Plecotus austriacus,0.01,0.024,-1,Echolocation,/mnt/ubna_data_01_mir/recover-20220825/UBNA_002/20220823_033000.WAV,Telephone Field,recover-20220825,002,1795
631.5745,631.6162,68437,82950,Rhinolophus ferrumequinum,0.027,0.027,-1,Echolocation,/mnt/ubna_data_01_mir/recover-20220825/UBNA_002/20220823_033000.WAV,Telephone Field,recover-20220825,002,1795
631.6065,631.6143,27187,38028,Eptesicus serotinus,0.007,0.022,-1,Echolocation,/mnt/ubna_data_01_mir/recover-20220825/UBNA_002/20220823_033000.WAV,Telephone Field,recover-20220825,002,1795
631.6215,631.6354,14296,19477,Nyctalus noctula,0.017,0.026,-1,Echolocation,/mnt/ubna_data_01_mir/recover-20220825/UBNA_002/20220823_033000.WAV,Telephone Field,recover-20220825,002,1795
631.6595,631.6651,37500,58168,Myotis brandtii,0.007,0.024,-1,Echolocation,/mnt/ubna_data_01_mir/recover-20220825/UBNA_002/20220823_033000.WAV,Telephone Field,recover-20220825,002,1795
631.6895,631.7291,68437,82333,Rhinolophus ferrumequinum,0.03,0.03,-1,Echolocation,/mnt/ubna_data_01_mir/recover-20220825/UBNA_002/20220823_033000.WAV,Telephone Field,recover-20220825,002,1795
631.7185,631.757,68437,82338,Rhinolophus ferrumequinum,0.023,0.023,-1,Echolocation,/mnt/ubna_data_01_mir/recover-20220825/UBNA_002/20220823_033000.WAV,Telephone Field,recover-20220825,002,1795
631.7485,631.7859,68437,81985,Rhinolophus ferrumequinum,0.022,0.022,-1,Echolocation,/mnt/ubna_data_01_mir/recover-20220825/UBNA_002/20220823_033000.WAV,Telephone Field,recover-20220825,002,1795
631.7525,631.7596,28046,38221,Eptesicus serotinus,0.006,0.023,-1,Echolocation,/mnt/ubna_data_01_mir/recover-20220825/UBNA_002/20220823_033000.WAV,Telephone Field,recover-20220825,002,1795
631.8405,631.852,27187,34701,Eptesicus serotinus,0.023,0.037,-1,Echolocation,/mnt/ubna_data_01_mir/recover-20220825/UBNA_002/20220823_033000.WAV,Telephone Field,recover-20220825,002,1795
631.8435,631.8846,68437,82732,Rhinolophus ferrumequinum,0.023,0.023,-1,Echolocation,/mnt/ubna_data_01_mir/recover-20220825/UBNA_002/20220823_033000.WAV,Telephone Field,recover-20220825,002,1795
631.8565,631.8647,28046,39344,Eptesicus serotinus,0.01,0.026,-1,Echolocation,/mnt/ubna_data_01_mir/recover-20220825/UBNA_002/20220823_033000.WAV,Telephone Field,recover-20220825,002,1795
631.8775,631.8851,28046,39202,Eptesicus serotinus,0.009,0.024,-1,Echolocation,/mnt/ubna_data_01_mir/recover-20220825/UBNA_002/20220823_033000.WAV,Telephone Field,recover-20220825,002,1795
631.8865,631.8966,44375,48440,Pipistrellus pipistrellus,0.02,0.022,-1,Echolocation,/mnt/ubna_data_01_mir/recover-20220825/UBNA_002/20220823_033000.WAV,Telephone Field,recover-20220825,002,1795
631.9195,631.9247,36640,50261,Myotis daubentonii,0.013,0.036,-1,Echolocation,/mnt/ubna_data_01_mir/recover-20220825/UBNA_002/20220823_033000.WAV,Telephone Field,recover-20220825,002,1795
631.9775,631.9853,27187,37687,Eptesicus serotinus,0.007,0.021,-1,Echolocation,/mnt/ubna_data_01_mir/recover-20220825/UBNA_002/20220823_033000.WAV,Telephone Field,recover-20220825,002,1795
632.0015,632.0102,27187,36662,Nyctalus leisleri,0.008,0.027,-1,Echolocation,/mnt/ubna_data_01_mir/recover-20220825/UBNA_002/20220823_033000.WAV,Telephone Field,recover-20220825,002,1795
632.0015,632.0305,69296,80907,Rhinolophus ferrumequinum,0.024,0.024,-1,Echolocation,/mnt/ubna_data_01_mir/recover-20220825/UBNA_002/20220823_033000.WAV,Telephone Field,recover-20220825,002,1795
632.0015,632.01,22031,29853,Nyctalus leisleri,0.01,0.027,-1,Echolocation,/mnt/ubna_data_01_mir/recover-20220825/UBNA_002/20220823_033000.WAV,Telephone Field,recover-20220825,002,1795
632.0155,632.0562,68437,82437,Rhinolophus ferrumequinum,0.021,0.021,-1,Echolocation,/mnt/ubna_data_01_mir/recover-20220825/UBNA_002/20220823_033000.WAV,Telephone Field,recover-20220825,002,1795
632.0755,632.0848,22890,29110,Nyctalus leisleri,0.007,0.02,-1,Echolocation,/mnt/ubna_data_01_mir/recover-20220825/UBNA_002/20220823_033000.WAV,Telephone Field,recover-20220825,002,1795
632.1215,632.162,68437,82963,Rhinolophus ferrumequinum,0.024,0.024,-1,Echolocation,/mnt/ubna_data_01_mir/recover-20220825/UBNA_002/20220823_033000.WAV,Telephone Field,recover-20220825,002,1795
632.1555,632.164,23750,31875,Plecotus austriacus,0.008,0.023,-1,Echolocation,/mnt/ubna_data_01_mir/recover-20220825/UBNA_002/20220823_033000.WAV,Telephone Field,recover-20220825,002,1795
632.1595,632.1976,68437,82258,Rhinolophus ferrumequinum,0.027,0.027,-1,Echolocation,/mnt/ubna_data_01_mir/recover-20220825/UBNA_002/20220823_033000.WAV,Telephone Field,recover-20220825,002,1795
632.1655,632.2012,68437,82055,Rhinolophus ferrumequinum,0.021,0.021,-1,Echolocation,/mnt/ubna_data_01_mir/recover-20220825/UBNA_002/20220823_033000.WAV,Telephone Field,recover-20220825,002,1795
632.1895,632.2285,68437,82515,Rhinolophus ferrumequinum,0.02,0.02,-1,Echolocation,/mnt/ubna_data_01_mir/recover-20220825/UBNA_002/20220823_033000.WAV,Telephone Field,recover-20220825,002,1795
632.2105,632.249,68437,82244,Rhinolophus ferrumequinum,0.022,0.022,-1,Echolocation,/mnt/ubna_data_01_mir/recover-20220825/UBNA_002/20220823_033000.WAV,Telephone Field,recover-20220825,002,1795
632.2275,632.2666,68437,81507,Rhinolophus ferrumequinum,0.022,0.022,-1,Echolocation,/mnt/ubna_data_01_mir/recover-20220825/UBNA_002/20220823_033000.WAV,Telephone Field,recover-20220825,002,1795
632.2425,632.2589,16875,21894,Nyctalus noctula,0.02,0.028,-1,Echolocation,/mnt/ubna_data_01_mir/recover-20220825/UBNA_002/20220823_033000.WAV,Telephone Field,recover-20220825,002,1795
632.2735,632.3115,68437,81793,Rhinolophus ferrumequinum,0.023,0.023,-1,Echolocation,/mnt/ubna_data_01_mir/recover-20220825/UBNA_002/20220823_033000.WAV,Telephone Field,recover-20220825,002,1795
632.3105,632.3183,47812,53412,Pipistrellus pipistrellus,0.019,0.021,-1,Echolocation,/mnt/ubna_data_01_mir/recover-20220825/UBNA_002/20220823_033000.WAV,Telephone Field,recover-20220825,002,1795
632.3365,632.3763,68437,81659,Rhinolophus ferrumequinum,0.02,0.02,-1,Echolocation,/mnt/ubna_data_01_mir/recover-20220825/UBNA_002/20220823_033000.WAV,Telephone Field,recover-20220825,002,1795
632.3725,632.4155,68437,83263,Rhinolophus ferrumequinum,0.032,0.032,-1,Echolocation,/mnt/ubna_data_01_mir/recover-20220825/UBNA_002/20220823_033000.WAV,Telephone Field,recover-20220825,002,1795
632.4005,632.435,68437,81376,Rhinolophus ferrumequinum,0.027,0.027,-1,Echolocation,/mnt/ubna_data_01_mir/recover-20220825/UBNA_002/20220823_033000.WAV,Telephone Field,recover-20220825,002,1795
632.4165,632.4269,24609,31901,Eptesicus serotinus,0.009,0.024,-1,Echolocation,/mnt/ubna_data_01_mir/recover-20220825/UBNA_002/20220823_033000.WAV,Telephone Field,recover-20220825,002,1795
632.4295,632.4391,28906,36537,Eptesicus serotinus,0.009,0.022,-1,Echolocation,/mnt/ubna_data_01_mir/recover-20220825/UBNA_002/20220823_033000.WAV,Telephone Field,recover-20220825,002,1795
632.4335,632.473,68437,82068,Rhinolophus ferrumequinum,0.02,0.02,-1,Echolocation,/mnt/ubna_data_01_mir/recover-20220825/UBNA_002/20220823_033000.WAV,Telephone Field,recover-20220825,002,1795
632.4485,632.4849,68437,80811,Rhinolophus ferrumequinum,0.021,0.021,-1,Echolocation,/mnt/ubna_data_01_mir/recover-20220825/UBNA_002/20220823_033000.WAV,Telephone Field,recover-20220825,002,1795
632.4685,632.5118,68437,83231,Rhinolophus ferrumequinum,0.033,0.033,-1,Echolocation,/mnt/ubna_data_01_mir/recover-20220825/UBNA_002/20220823_033000.WAV,Telephone Field,recover-20220825,002,1795
632.4715,632.4798,28046,38208,Eptesicus serotinus,0.007,0.02,-1,Echolocation,/mnt/ubna_data_01_mir/recover-20220825/UBNA_002/20220823_033000.WAV,Telephone Field,recover-20220825,002,1795
632.5015,632.5124,26328,33810,Eptesicus serotinus,0.015,0.029,-1,Echolocation,/mnt/ubna_data_01_mir/recover-20220825/UBNA_002/20220823_033000.WAV,Telephone Field,recover-20220825,002,1795
632.5325,632.543,22031,26408,Nyctalus leisleri,0.01,0.02,-1,Echolocation,/mnt/ubna_data_01_mir/recover-20220825/UBNA_002/20220823_033000.WAV,Telephone Field,recover-20220825,002,1795
632.6205,632.6614,68437,82889,Rhinolophus ferrumequinum,0.022,0.022,-1,Echolocation,/mnt/ubna_data_01_mir/recover-20220825/UBNA_002/20220823_033000.WAV,Telephone Field,recover-20220825,002,1795
632.6735,632.6855,22890,27507,Nyctalus leisleri,0.01,0.021,-1,Echolocation,/mnt/ubna_data_01_mir/recover-20220825/UBNA_002/20220823_033000.WAV,Telephone Field,recover-20220825,002,1795
632.7125,632.7198,24609,33403,Plecotus austriacus,0.008,0.023,-1,Echolocation,/mnt/ubna_data_01_mir/recover-20220825/UBNA_002/20220823_033000.WAV,Telephone Field,recover-20220825,002,1795
632.7385,632.7758,68437,81700,Rhinolophus ferrumequinum,0.02,0.02,-1,Echolocation,/mnt/ubna_data_01_mir/recover-20220825/UBNA_002/20220823_033000.WAV,Telephone Field,recover-20220825,002,1795
632.7425,632.7556,14296,19588,Nyctalus noctula,0.019,0.031,-1,Echolocation,/mnt/ubna_data_01_mir/recover-20220825/UBNA_002/20220823_033000.WAV,Telephone Field,recover-20220825,002,1795
632.7585,632.7979,68437,82673,Rhinolophus ferrumequinum,0.022,0.022,-1,Echolocation,/mnt/ubna_data_01_mir/recover-20220825/UBNA_002/20220823_033000.WAV,Telephone Field,recover-20220825,002,1795
632.7905,632.7988,23750,31784,Plecotus austriacus,0.006,0.02,-1,Echolocation,/mnt/ubna_data_01_mir/recover-20220825/UBNA_002/20220823_033000.WAV,Telephone Field,recover-20220825,002,1795
632.7915,632.8304,68437,81729,Rhinolophus ferrumequinum,0.022,0.022,-1,Echolocation,/mnt/ubna_data_01_mir/recover-20220825/UBNA_002/20220823_033000.WAV,Telephone Field,recover-20220825,002,1795
632.8005,632.836,68437,82442,Rhinolophus ferrumequinum,0.023,0.023,-1,Echolocation,/mnt/ubna_data_01_mir/recover-20220825/UBNA_002/20220823_033000.WAV,Telephone Field,recover-20220825,002,1795
632.8035,632.8165,25468,29720,Nyctalus leisleri,0.012,0.027,-1,Echolocation,/mnt/ubna_data_01_mir/recover-20220825/UBNA_002/20220823_033000.WAV,Telephone Field,recover-20220825,002,1795
632.8485,632.8541,26328,39562,Plecotus austriacus,0.024,0.061,-1,Echolocation,/mnt/ubna_data_01_mir/recover-20220825/UBNA_002/20220823_033000.WAV,Telephone Field,recover-20220825,002,1795
632.8605,632.898,68437,81720,Rhinolophus ferrumequinum,0.02,0.02,-1,Echolocation,/mnt/ubna_data_01_mir/recover-20220825/UBNA_002/20220823_033000.WAV,Telephone Field,recover-20220825,002,1795
632.9065,632.9199,22890,26778,Nyctalus leisleri,0.012,0.021,-1,Echolocation,/mnt/ubna_data_01_mir/recover-20220825/UBNA_002/20220823_033000.WAV,Telephone Field,recover-20220825,002,1795
632.9265,632.9628,68437,81890,Rhinolophus ferrumequinum,0.022,0.022,-1,Echolocation,/mnt/ubna_data_01_mir/recover-20220825/UBNA_002/20220823_033000.WAV,Telephone Field,recover-20220825,002,1795
632.9485,632.9865,68437,82614,Rhinolophus ferrumequinum,0.02,0.02,-1,Echolocation,/mnt/ubna_data_01_mir/recover-20220825/UBNA_002/20220823_033000.WAV,Telephone Field,recover-20220825,002,1795
632.9775,633.0189,68437,82586,Rhinolophus ferrumequinum,0.02,0.02,-1,Echolocation,/mnt/ubna_data_01_mir/recover-20220825/UBNA_002/20220823_033000.WAV,Telephone Field,recover-20220825,002,1795
633.0465,633.0877,68437,83477,Rhinolophus ferrumequinum,0.037,0.037,-1,Echolocation,/mnt/ubna_data_01_mir/recover-20220825/UBNA_002/20220823_033000.WAV,Telephone Field,recover-20220825,002,1795
633.0765,633.0834,27187,40485,Eptesicus serotinus,0.006,0.023,-1,Echolocation,/mnt/ubna_data_01_mir/recover-20220825/UBNA_002/20220823_033000.WAV,Telephone Field,recover-20220825,002,1795
633.0865,633.0939,27187,38847,Eptesicus serotinus,0.006,0.02,-1,Echolocation,/mnt/ubna_data_01_mir/recover-20220825/UBNA_002/20220823_033000.WAV,Telephone Field,recover-20220825,002,1795
633.1145,633.1541,68437,82752,Rhinolophus ferrumequinum,0.025,0.025,-1,Echolocation,/mnt/ubna_data_01_mir/recover-20220825/UBNA_002/20220823_033000.WAV,Telephone Field,recover-20220825,002,1795
633.1365,633.1442,27187,43450,Eptesicus serotinus,0.008,0.023,-1,Echolocation,/mnt/ubna_data_01_mir/recover-20220825/UBNA_002/20220823_033000.WAV,Telephone Field,recover-20220825,002,1795
633.1545,633.1924,68437,81807,Rhinolophus ferrumequinum,0.02,0.02,-1,Echolocation,/mnt/ubna_data_01_mir/recover-20220825/UBNA_002/20220823_033000.WAV,Telephone Field,recover-20220825,002,1795
633.1625,633.1989,68437,81821,Rhinolophus ferrumequinum,0.02,0.02,-1,Echolocation,/mnt/ubna_data_01_mir/recover-20220825/UBNA_002/20220823_033000.WAV,Telephone Field,recover-20220825,002,1795
633.1795,633.2161,68437,82354,Rhinolophus ferrumequinum,0.021,0.021,-1,Echolocation,/mnt/ubna_data_01_mir/recover-20220825/UBNA_002/20220823_033000.WAV,Telephone Field,recover-20220825,002,1795
633.2045,633.2143,28046,36760,Eptesicus serotinus,0.01,0.02,-1,Echolocation,/mnt/ubna_data_01_mir/recover-20220825/UBNA_002/20220823_033000.WAV,Telephone Field,recover-20220825,002,1795
633.2195,633.2274,28046,41218,Eptesicus serotinus,0.007,0.02,-1,Echolocation,/mnt/ubna_data_01_mir/recover-20220825/UBNA_002/20220823_033000.WAV,Telephone Field,recover-20220825,002,1795
633.2215,633.2554,68437,81472,Rhinolophus ferrumequinum,0.02,0.02,-1,Echolocation,/mnt/ubna_data_01_mir/recover-20220825/UBNA_002/20220823_033000.WAV,Telephone Field,recover-20220825,002,1795
633.2405,633.2482,27187,41409,Eptesicus serotinus,0.006,0.022,-1,Echolocation,/mnt/ubna_data_01_mir/recover-20220825/UBNA_002/20220823_033000.WAV,Telephone Field,recover-20220825,002,1795
633.2685,633.3045,68437,81772,Rhinolophus ferrumequinum,0.034,0.034,-1,Echolocation,/mnt/ubna_data_01_mir/recover-20220825/UBNA_002/20220823_033000.WAV,Telephone Field,recover-20220825,002,1795
633.2885,633.2967,28046,39239,Eptesicus serotinus,0.007,0.02,-1,Echolocation,/mnt/ubna_data_01_mir/recover-20220825/UBNA_002/20220823_033000.WAV,Telephone Field,recover-20220825,002,1795
633.3105,633.3459,68437,81747,Rhinolophus ferrumequinum,0.021,0.021,-1,Echolocation,/mnt/ubna_data_01_mir/recover-20220825/UBNA_002/20220823_033000.WAV,Telephone Field,recover-20220825,002,1795
633.3265,633.3334,28046,39972,Eptesicus serotinus,0.006,0.022,-1,Echolocation,/mnt/ubna_data_01_mir/recover-20220825/UBNA_002/20220823_033000.WAV,Telephone Field,recover-20220825,002,1795
633.3455,633.3527,27187,42143,Eptesicus serotinus,0.008,0.025,-1,Echolocation,/mnt/ubna_data_01_mir/recover-20220825/UBNA_002/20220823_033000.WAV,Telephone Field,recover-20220825,002,1795
633.3465,633.3529,34062,45310,Myotis daubentonii,0.01,0.026,-1,Echolocation,/mnt/ubna_data_01_mir/recover-20220825/UBNA_002/20220823_033000.WAV,Telephone Field,recover-20220825,002,1795
633.3585,633.3963,68437,81268,Rhinolophus ferrumequinum,0.02,0.02,-1,Echolocation,/mnt/ubna_data_01_mir/recover-20220825/UBNA_002/20220823_033000.WAV,Telephone Field,recover-20220825,002,1795
633.3805,633.4168,68437,81711,Rhinolophus ferrumequinum,0.02,0.02,-1,Echolocation,/mnt/ubna_data_01_mir/recover-20220825/UBNA_002/20220823_033000.WAV,Telephone Field,recover-20220825,002,1795
633.4125,633.4214,22031,28201,Plecotus austriacus,0.009,0.021,-1,Echolocation,/mnt/ubna_data_01_mir/recover-20220825/UBNA_002/20220823_033000.WAV,Telephone Field,recover-20220825,002,1795
633.4125,633.4247,34921,40220,Pipistrellus nathusii,0.006,0.023,-1,Echolocation,/mnt/ubna_data_01_mir/recover-20220825/UBNA_002/20220823_033000.WAV,Telephone Field,recover-20220825,002,1795
633.4135,633.4217,28906,37670,Eptesicus serotinus,0.007,0.02,-1,Echolocation,/mnt/ubna_data_01_mir/recover-20220825/UBNA_002/20220823_033000.WAV,Telephone Field,recover-20220825,002,1795
633.4505,633.4589,27187,41295,Eptesicus serotinus,0.008,0.022,-1,Echolocation,/mnt/ubna_data_01_mir/recover-20220825/UBNA_002/20220823_033000.WAV,Telephone Field,recover-20220825,002,1795
633.4535,633.4919,68437,81884,Rhinolophus ferrumequinum,0.022,0.022,-1,Echolocation,/mnt/ubna_data_01_mir/recover-20220825/UBNA_002/20220823_033000.WAV,Telephone Field,recover-20220825,002,1795
633.4715,633.4778,27187,42397,Eptesicus serotinus,0.005,0.023,-1,Echolocation,/mnt/ubna_data_01_mir/recover-20220825/UBNA_002/20220823_033000.WAV,Telephone Field,recover-20220825,002,1795
633.4975,633.5336,68437,81050,Rhinolophus ferrumequinum,0.02,0.02,-1,Echolocation,/mnt/ubna_data_01_mir/recover-20220825/UBNA_002/20220823_033000.WAV,Telephone Field,recover-20220825,002,1795
633.4995,633.5097,22031,27266,Nyctalus leisleri,0.009,0.021,-1,Echolocation,/mnt/ubna_data_01_mir/recover-20220825/UBNA_002/20220823_033000.WAV,Telephone Field,recover-20220825,002,1795
633.5025,633.5402,68437,82240,Rhinolophus ferrumequinum,0.021,0.021,-1,Echolocation,/mnt/ubna_data_01_mir/recover-20220825/UBNA_002/20220823_033000.WAV,Telephone Field,recover-20220825,002,1795
633.5035,633.5103,27187,41796,Eptesicus serotinus,0.006,0.021,-1,Echolocation,/mnt/ubna_data_01_mir/recover-20220825/UBNA_002/20220823_033000.WAV,Telephone Field,recover-20220825,002,1795
633.5405,633.58,68437,82652,Rhinolophus ferrumequinum,0.03,0.03,-1,Echolocation,/mnt/ubna_data_01_mir/recover-20220825/UBNA_002/20220823_033000.WAV,Telephone Field,recover-20220825,002,1795
633.5755,633.6174,68437,82779,Rhinolophus ferrumequinum,0.025,0.025,-1,Echolocation,/mnt/ubna_data_01_mir/recover-20220825/UBNA_002/20220823_033000.WAV,Telephone Field,recover-20220825,002,1795
633.6045,633.6394,68437,81698,Rhinolophus ferrumequinum,0.021,0.021,-1,Echolocation,/mnt/ubna_data_01_mir/recover-20220825/UBNA_002/20220823_033000.WAV,Telephone Field,recover-20220825,002,1795
633.6155,633.6241,25468,33118,Eptesicus serotinus,0.007,0.02,-1,Echolocation,/mnt/ubna_data_01_mir/recover-20220825/UBNA_002/20220823_033000.WAV,Telephone Field,recover-20220825,002,1795
633.6175,633.6535,68437,81900,Rhinolophus ferrumequinum,0.022,0.022,-1,Echolocation,/mnt/ubna_data_01_mir/recover-20220825/UBNA_002/20220823_033000.WAV,Telephone Field,recover-20220825,002,1795
633.6595,633.6958,68437,81629,Rhinolophus ferrumequinum,0.02,0.02,-1,Echolocation,/mnt/ubna_data_01_mir/recover-20220825/UBNA_002/20220823_033000.WAV,Telephone Field,recover-20220825,002,1795
633.6615,633.6717,24609,31896,Eptesicus serotinus,0.012,0.034,-1,Echolocation,/mnt/ubna_data_01_mir/recover-20220825/UBNA_002/20220823_033000.WAV,Telephone Field,recover-20220825,002,1795
633.6885,633.7013,38359,43802,Pipistrellus nathusii,0.022,0.039,-1,Echolocation,/mnt/ubna_data_01_mir/recover-20220825/UBNA_002/20220823_033000.WAV,Telephone Field,recover-20220825,002,1795
633.6885,633.7275,68437,81788,Rhinolophus ferrumequinum,0.024,0.024,-1,Echolocation,/mnt/ubna_data_01_mir/recover-20220825/UBNA_002/20220823_033000.WAV,Telephone Field,recover-20220825,002,1795
633.6935,633.7327,68437,82397,Rhinolophus ferrumequinum,0.023,0.023,-1,Echolocation,/mnt/ubna_data_01_mir/recover-20220825/UBNA_002/20220823_033000.WAV,Telephone Field,recover-20220825,002,1795
633.7235,633.7316,28046,39165,Eptesicus serotinus,0.007,0.021,-1,Echolocation,/mnt/ubna_data_01_mir/recover-20220825/UBNA_002/20220823_033000.WAV,Telephone Field,recover-20220825,002,1795
633.7585,633.7949,68437,82146,Rhinolophus ferrumequinum,0.02,0.02,-1,Echolocation,/mnt/ubna_data_01_mir/recover-20220825/UBNA_002/20220823_033000.WAV,Telephone Field,recover-20220825,002,1795
633.7985,633.836,68437,81659,Rhinolophus ferrumequinum,0.02,0.02,-1,Echolocation,/mnt/ubna_data_01_mir/recover-20220825/UBNA_002/20220823_033000.WAV,Telephone Field,recover-20220825,002,1795
633.8055,633.8447,68437,81522,Rhinolophus ferrumequinum,0.02,0.02,-1,Echolocation,/mnt/ubna_data_01_mir/recover-20220825/UBNA_002/20220823_033000.WAV,Telephone Field,recover-20220825,002,1795
633.8065,633.8183,23750,29546,Nyctalus leisleri,0.011,0.025,-1,Echolocation,/mnt/ubna_data_01_mir/recover-20220825/UBNA_002/20220823_033000.WAV,Telephone Field,recover-20220825,002,1795
633.8165,633.8264,28906,35636,Eptesicus serotinus,0.013,0.024,-1,Echolocation,/mnt/ubna_data_01_mir/recover-20220825/UBNA_002/20220823_033000.WAV,Telephone Field,recover-20220825,002,1795
633.8335,633.8441,24609,30833,Nyctalus leisleri,0.012,0.033,-1,Echolocation,/mnt/ubna_data_01_mir/recover-20220825/UBNA_002/20220823_033000.WAV,Telephone Field,recover-20220825,002,1795
633.8895,633.9277,68437,81972,Rhinolophus ferrumequinum,0.02,0.02,-1,Echolocation,/mnt/ubna_data_01_mir/recover-20220825/UBNA_002/20220823_033000.WAV,Telephone Field,recover-20220825,002,1795
633.9525,633.9619,24609,31998,Nyctalus leisleri,0.007,0.022,-1,Echolocation,/mnt/ubna_data_01_mir/recover-20220825/UBNA_002/20220823_033000.WAV,Telephone Field,recover-20220825,002,1795
633.9585,633.9952,68437,81524,Rhinolophus ferrumequinum,0.02,0.02,-1,Echolocation,/mnt/ubna_data_01_mir/recover-20220825/UBNA_002/20220823_033000.WAV,Telephone Field,recover-20220825,002,1795
633.9665,633.9751,25468,35597,Eptesicus serotinus,0.006,0.02,-1,Echolocation,/mnt/ubna_data_01_mir/recover-20220825/UBNA_002/20220823_033000.WAV,Telephone Field,recover-20220825,002,1795
634.0015,634.0103,40078,49435,Pipistrellus nathusii,0.009,0.021,-1,Echolocation,/mnt/ubna_data_01_mir/recover-20220825/UBNA_002/20220823_033000.WAV,Telephone Field,recover-20220825,002,1795
634.0015,634.0325,68437,79857,Rhinolophus ferrumequinum,0.033,0.033,-1,Echolocation,/mnt/ubna_data_01_mir/recover-20220825/UBNA_002/20220823_033000.WAV,Telephone Field,recover-20220825,002,1795
634.0015,634.009,24609,35144,Nyctalus leisleri,0.004,0.021,-1,Echolocation,/mnt/ubna_data_01_mir/recover-20220825/UBNA_002/20220823_033000.WAV,Telephone Field,recover-20220825,002,1795
634.0015,634.0088,46953,56845,Pipistrellus pipistrellus,0.017,0.029,-1,Echolocation,/mnt/ubna_data_01_mir/recover-20220825/UBNA_002/20220823_033000.WAV,Telephone Field,recover-20220825,002,1795
634.0185,634.0256,27187,41845,Eptesicus serotinus,0.008,0.027,-1,Echolocation,/mnt/ubna_data_01_mir/recover-20220825/UBNA_002/20220823_033000.WAV,Telephone Field,recover-20220825,002,1795
634.0195,634.0595,68437,82342,Rhinolophus ferrumequinum,0.022,0.022,-1,Echolocation,/mnt/ubna_data_01_mir/recover-20220825/UBNA_002/20220823_033000.WAV,Telephone Field,recover-20220825,002,1795
634.0255,634.0636,68437,81743,Rhinolophus ferrumequinum,0.021,0.021,-1,Echolocation,/mnt/ubna_data_01_mir/recover-20220825/UBNA_002/20220823_033000.WAV,Telephone Field,recover-20220825,002,1795
634.0325,634.0418,27187,34986,Eptesicus serotinus,0.009,0.021,-1,Echolocation,/mnt/ubna_data_01_mir/recover-20220825/UBNA_002/20220823_033000.WAV,Telephone Field,recover-20220825,002,1795
634.0675,634.0759,27187,36868,Eptesicus serotinus,0.008,0.022,-1,Echolocation,/mnt/ubna_data_01_mir/recover-20220825/UBNA_002/20220823_033000.WAV,Telephone Field,recover-20220825,002,1795
634.0715,634.1073,68437,80955,Rhinolophus ferrumequinum,0.023,0.024,-1,Echolocation,/mnt/ubna_data_01_mir/recover-20220825/UBNA_002/20220823_033000.WAV,Telephone Field,recover-20220825,002,1795
634.0965,634.1051,28046,35714,Eptesicus serotinus,0.019,0.04,-1,Echolocation,/mnt/ubna_data_01_mir/recover-20220825/UBNA_002/20220823_033000.WAV,Telephone Field,recover-20220825,002,1795
634.1265,634.1645,68437,82449,Rhinolophus ferrumequinum,0.021,0.021,-1,Echolocation,/mnt/ubna_data_01_mir/recover-20220825/UBNA_002/20220823_033000.WAV,Telephone Field,recover-20220825,002,1795
634.1335,634.1437,27187,37088,Eptesicus serotinus,0.01,0.023,-1,Echolocation,/mnt/ubna_data_01_mir/recover-20220825/UBNA_002/20220823_033000.WAV,Telephone Field,recover-20220825,002,1795
634.1725,634.2101,68437,81467,Rhinolophus ferrumequinum,0.022,0.022,-1,Echolocation,/mnt/ubna_data_01_mir/recover-20220825/UBNA_002/20220823_033000.WAV,Telephone Field,recover-20220825,002,1795
634.2005,634.2384,68437,81319,Rhinolophus ferrumequinum,0.021,0.021,-1,Echolocation,/mnt/ubna_data_01_mir/recover-20220825/UBNA_002/20220823_033000.WAV,Telephone Field,recover-20220825,002,1795
634.2025,634.2134,23750,28556,Nyctalus leisleri,0.011,0.025,-1,Echolocation,/mnt/ubna_data_01_mir/recover-20220825/UBNA_002/20220823_033000.WAV,Telephone Field,recover-20220825,002,1795
634.2255,634.2348,25468,31410,Eptesicus serotinus,0.011,0.028,-1,Echolocation,/mnt/ubna_data_01_mir/recover-20220825/UBNA_002/20220823_033000.WAV,Telephone Field,recover-20220825,002,1795
634.2405,634.278,68437,81609,Rhinolophus ferrumequinum,0.024,0.024,-1,Echolocation,/mnt/ubna_data_01_mir/recover-20220825/UBNA_002/20220823_033000.WAV,Telephone Field,recover-20220825,002,1795
634.2435,634.2536,36640,42381,Pipistrellus nathusii,0.013,0.028,-1,Echolocation,/mnt/ubna_data_01_mir/recover-20220825/UBNA_002/20220823_033000.WAV,Telephone Field,recover-20220825,002,1795
634.3025,634.3117,41796,48454,Pipistrellus nathusii,0.02,0.033,-1,Echolocation,/mnt/ubna_data_01_mir/recover-20220825/UBNA_002/20220823_033000.WAV,Telephone Field,recover-20220825,002,1795
634.3035,634.3116,26328,37403,Eptesicus serotinus,0.007,0.022,-1,Echolocation,/mnt/ubna_data_01_mir/recover-20220825/UBNA_002/20220823_033000.WAV,Telephone Field,recover-20220825,002,1795
634.3105,634.3165,30625,48688,Myotis daubentonii,0.01,0.023,-1,Echolocation,/mnt/ubna_data_01_mir/recover-20220825/UBNA_002/20220823_033000.WAV,Telephone Field,recover-20220825,002,1795
634.3245,634.3644,68437,82286,Rhinolophus ferrumequinum,0.023,0.023,-1,Echolocation,/mnt/ubna_data_01_mir/recover-20220825/UBNA_002/20220823_033000.WAV,Telephone Field,recover-20220825,002,1795
634.3275,634.3365,27187,39303,Eptesicus serotinus,0.009,0.022,-1,Echolocation,/mnt/ubna_data_01_mir/recover-20220825/UBNA_002/20220823_033000.WAV,Telephone Field,recover-20220825,002,1795
634.3525,634.3878,68437,81125,Rhinolophus ferrumequinum,0.025,0.025,-1,Echolocation,/mnt/ubna_data_01_mir/recover-20220825/UBNA_002/20220823_033000.WAV,Telephone Field,recover-20220825,002,1795
634.3525,634.3614,23750,31181,Nyctalus leisleri,0.006,0.022,-1,Echolocation,/mnt/ubna_data_01_mir/recover-20220825/UBNA_002/20220823_033000.WAV,Telephone Field,recover-20220825,002,1795
634.3775,634.3866,25468,33160,Eptesicus serotinus,0.009,0.024,-1,Echolocation,/mnt/ubna_data_01_mir/recover-20220825/UBNA_002/20220823_033000.WAV,Telephone Field,recover-20220825,002,1795
634.3865,634.3933,29765,48644,Myotis daubentonii,0.011,0.026,-1,Echolocation,/mnt/ubna_data_01_mir/recover-20220825/UBNA_002/20220823_033000.WAV,Telephone Field,recover-20220825,002,1795
634.3865,634.3954,40937,47032,Pipistrellus nathusii,0.056,0.078,-1,Echolocation,/mnt/ubna_data_01_mir/recover-20220825/UBNA_002/20220823_033000.WAV,Telephone Field,recover-20220825,002,1795
634.3885,634.4246,68437,82402,Rhinolophus ferrumequinum,0.022,0.022,-1,Echolocation,/mnt/ubna_data_01_mir/recover-20220825/UBNA_002/20220823_033000.WAV,Telephone Field,recover-20220825,002,1795
634.4075,634.4155,54687,60198,Pipistrellus pygmaeus,0.036,0.038,-1,Echolocation,/mnt/ubna_data_01_mir/recover-20220825/UBNA_002/20220823_033000.WAV,Telephone Field,recover-20220825,002,1795
634.4085,634.4463,68437,82684,Rhinolophus ferrumequinum,0.023,0.023,-1,Echolocation,/mnt/ubna_data_01_mir/recover-20220825/UBNA_002/20220823_033000.WAV,Telephone Field,recover-20220825,002,1795
634.4125,634.4198,44375,51143,Pipistrellus pipistrellus,0.01,0.022,-1,Echolocation,/mnt/ubna_data_01_mir/recover-20220825/UBNA_002/20220823_033000.WAV,Telephone Field,recover-20220825,002,1795
634.4155,634.4542,68437,82288,Rhinolophus ferrumequinum,0.023,0.023,-1,Echolocation,/mnt/ubna_data_01_mir/recover-20220825/UBNA_002/20220823_033000.WAV,Telephone Field,recover-20220825,002,1795
634.4185,634.4258,30625,43198,Myotis daubentonii,0.009,0.023,-1,Echolocation,/mnt/ubna_data_01_mir/recover-20220825/UBNA_002/20220823_033000.WAV,Telephone Field,recover-20220825,002,1795
634.4365,634.4428,37500,53581,Myotis brandtii,0.01,0.024,-1,Echolocation,/mnt/ubna_data_01_mir/recover-20220825/UBNA_002/20220823_033000.WAV,Telephone Field,recover-20220825,002,1795
634.4395,634.4484,27187,37118,Eptesicus serotinus,0.009,0.025,-1,Echolocation,/mnt/ubna_data_01_mir/recover-20220825/UBNA_002/20220823_033000.WAV,Telephone Field,recover-20220825,002,1795
634.4595,634.4653,34921,48693,Myotis daubentonii,0.014,0.031,-1,Echolocation,/mnt/ubna_data_01_mir/recover-20220825/UBNA_002/20220823_033000.WAV,Telephone Field,recover-20220825,002,1795
634.4655,634.5035,68437,82376,Rhinolophus ferrumequinum,0.022,0.022,-1,Echolocation,/mnt/ubna_data_01_mir/recover-20220825/UBNA_002/20220823_033000.WAV,Telephone Field,recover-20220825,002,1795
634.4725,634.4792,39218,49539,Pipistrellus nathusii,0.376,0.487,-1,Echolocation,/mnt/ubna_data_01_mir/recover-20220825/UBNA_002/20220823_033000.WAV,Telephone Field,recover-20220825,002,1795
634.4915,634.5286,68437,81580,Rhinolophus ferrumequinum,0.026,0.026,-1,Echolocation,/mnt/ubna_data_01_mir/recover-20220825/UBNA_002/20220823_033000.WAV,Telephone Field,recover-20220825,002,1795
634.5075,634.5194,22890,27091,Nyctalus leisleri,0.013,0.024,-1,Echolocation,/mnt/ubna_data_01_mir/recover-20220825/UBNA_002/20220823_033000.WAV,Telephone Field,recover-20220825,002,1795
634.5075,634.5173,38359,43422,Pipistrellus nathusii,0.053,0.062,-1,Echolocation,/mnt/ubna_data_01_mir/recover-20220825/UBNA_002/20220823_033000.WAV,Telephone Field,recover-20220825,002,1795
634.5215,634.5587,68437,81328,Rhinolophus ferrumequinum,0.021,0.021,-1,Echolocation,/mnt/ubna_data_01_mir/recover-20220825/UBNA_002/20220823_033000.WAV,Telephone Field,recover-20220825,002,1795
634.5355,634.5725,68437,82246,Rhinolophus ferrumequinum,0.028,0.028,-1,Echolocation,/mnt/ubna_data_01_mir/recover-20220825/UBNA_002/20220823_033000.WAV,Telephone Field,recover-20220825,002,1795
634.5415,634.5772,68437,81680,Rhinolophus ferrumequinum,0.024,0.024,-1,Echolocation,/mnt/ubna_data_01_mir/recover-20220825/UBNA_002/20220823_033000.WAV,Telephone Field,recover-20220825,002,1795
634.5625,634.5695,39218,49833,Pipistrellus nathusii,0.046,0.1,-1,Echolocation,/mnt/ubna_data_01_mir/recover-20220825/UBNA_002/20220823_033000.WAV,Telephone Field,recover-20220825,002,1795
634.5785,634.6166,68437,82094,Rhinolophus ferrumequinum,0.03,0.03,-1,Echolocation,/mnt/ubna_data_01_mir/recover-20220825/UBNA_002/20220823_033000.WAV,Telephone Field,recover-20220825,002,1795
634.5905,634.5989,27187,36353,Eptesicus serotinus,0.008,0.022,-1,Echolocation,/mnt/ubna_data_01_mir/recover-20220825/UBNA_002/20220823_033000.WAV,Telephone Field,recover-20220825,002,1795
634.5915,634.6252,68437,81639,Rhinolophus ferrumequinum,0.022,0.023,-1,Echolocation,/mnt/ubna_data_01_mir/recover-20220825/UBNA_002/20220823_033000.WAV,Telephone Field,recover-20220825,002,1795
634.6065,634.6425,68437,81628,Rhinolophus ferrumequinum,0.021,0.021,-1,Echolocation,/mnt/ubna_data_01_mir/recover-20220825/UBNA_002/20220823_033000.WAV,Telephone Field,recover-20220825,002,1795
634.6145,634.651,68437,81838,Rhinolophus ferrumequinum,0.023,0.023,-1,Echolocation,/mnt/ubna_data_01_mir/recover-20220825/UBNA_002/20220823_033000.WAV,Telephone Field,recover-20220825,002,1795
634.6145,634.6252,24609,31376,Eptesicus serotinus,0.008,0.022,-1,Echolocation,/mnt/ubna_data_01_mir/recover-20220825/UBNA_002/20220823_033000.WAV,Telephone Field,recover-20220825,002,1795
634.6405,634.6458,32343,52312,Myotis daubentonii,0.017,0.042,-1,Echolocation,/mnt/ubna_data_01_mir/recover-20220825/UBNA_002/20220823_033000.WAV,Telephone Field,recover-20220825,002,1795
634.6925,634.7336,68437,82347,Rhinolophus ferrumequinum,0.026,0.026,-1,Echolocation,/mnt/ubna_data_01_mir/recover-20220825/UBNA_002/20220823_033000.WAV,Telephone Field,recover-20220825,002,1795
634.7055,634.7168,27187,32503,Eptesicus serotinus,0.014,0.031,-1,Echolocation,/mnt/ubna_data_01_mir/recover-20220825/UBNA_002/20220823_033000.WAV,Telephone Field,recover-20220825,002,1795
634.7125,634.7247,28046,33651,Eptesicus serotinus,0.016,0.031,-1,Echolocation,/mnt/ubna_data_01_mir/recover-20220825/UBNA_002/20220823_033000.WAV,Telephone Field,recover-20220825,002,1795
634.7405,634.7779,68437,82579,Rhinolophus ferrumequinum,0.022,0.022,-1,Echolocation,/mnt/ubna_data_01_mir/recover-20220825/UBNA_002/20220823_033000.WAV,Telephone Field,recover-20220825,002,1795
634.7465,634.7534,40078,47135,Pipistrellus nathusii,0.214,0.296,-1,Echolocation,/mnt/ubna_data_01_mir/recover-20220825/UBNA_002/20220823_033000.WAV,Telephone Field,recover-20220825,002,1795
634.7775,634.7875,27187,35823,Eptesicus serotinus,0.012,0.028,-1,Echolocation,/mnt/ubna_data_01_mir/recover-20220825/UBNA_002/20220823_033000.WAV,Telephone Field,recover-20220825,002,1795
634.7875,634.7973,28046,35309,Eptesicus serotinus,0.009,0.021,-1,Echolocation,/mnt/ubna_data_01_mir/recover-20220825/UBNA_002/20220823_033000.WAV,Telephone Field,recover-20220825,002,1795
634.8005,634.8354,68437,81283,Rhinolophus ferrumequinum,0.021,0.021,-1,Echolocation,/mnt/ubna_data_01_mir/recover-20220825/UBNA_002/20220823_033000.WAV,Telephone Field,recover-20220825,002,1795
634.8005,634.8159,16015,21195,Nyctalus noctula,0.023,0.033,-1,Echolocation,/mnt/ubna_data_01_mir/recover-20220825/UBNA_002/20220823_033000.WAV,Telephone Field,recover-20220825,002,1795
634.8345,634.8414,39218,47722,Pipistrellus nathusii,0.155,0.261,-1,Echolocation,/mnt/ubna_data_01_mir/recover-20220825/UBNA_002/20220823_033000.WAV,Telephone Field,recover-20220825,002,1795
634.8445,634.8568,24609,30188,Eptesicus serotinus,0.013,0.035,-1,Echolocation,/mnt/ubna_data_01_mir/recover-20220825/UBNA_002/20220823_033000.WAV,Telephone Field,recover-20220825,002,1795
634.8695,634.8766,25468,39166,Eptesicus serotinus,0.007,0.026,-1,Echolocation,/mnt/ubna_data_01_mir/recover-20220825/UBNA_002/20220823_033000.WAV,Telephone Field,recover-20220825,002,1795
634.8715,634.8782,36640,48747,Myotis brandtii,0.009,0.023,-1,Echolocation,/mnt/ubna_data_01_mir/recover-20220825/UBNA_002/20220823_033000.WAV,Telephone Field,recover-20220825,002,1795
634.8875,634.9326,68437,83356,Rhinolophus ferrumequinum,0.053,0.053,-1,Echolocation,/mnt/ubna_data_01_mir/recover-20220825/UBNA_002/20220823_033000.WAV,Telephone Field,recover-20220825,002,1795
634.8915,634.8991,27187,36282,Eptesicus serotinus,0.007,0.024,-1,Echolocation,/mnt/ubna_data_01_mir/recover-20220825/UBNA_002/20220823_033000.WAV,Telephone Field,recover-20220825,002,1795
634.9065,634.9166,40937,44956,Pipistrellus nathusii,0.02,0.029,-1,Echolocation,/mnt/ubna_data_01_mir/recover-20220825/UBNA_002/20220823_033000.WAV,Telephone Field,recover-20220825,002,1795
634.9095,634.917,27187,39231,Eptesicus serotinus,0.007,0.021,-1,Echolocation,/mnt/ubna_data_01_mir/recover-20220825/UBNA_002/20220823_033000.WAV,Telephone Field,recover-20220825,002,1795
634.9325,634.9403,37500,47782,Pipistrellus nathusii,0.02,0.052,-1,Echolocation,/mnt/ubna_data_01_mir/recover-20220825/UBNA_002/20220823_033000.WAV,Telephone Field,recover-20220825,002,1795
634.9335,634.9708,68437,82235,Rhinolophus ferrumequinum,0.031,0.031,-1,Echolocation,/mnt/ubna_data_01_mir/recover-20220825/UBNA_002/20220823_033000.WAV,Telephone Field,recover-20220825,002,1795
634.9355,634.9435,25468,35455,Eptesicus serotinus,0.007,0.022,-1,Echolocation,/mnt/ubna_data_01_mir/recover-20220825/UBNA_002/20220823_033000.WAV,Telephone Field,recover-20220825,002,1795
634.9565,634.963,26328,39029,Eptesicus serotinus,0.005,0.021,-1,Echolocation,/mnt/ubna_data_01_mir/recover-20220825/UBNA_002/20220823_033000.WAV,Telephone Field,recover-20220825,002,1795
635.0245,635.0418,21171,25186,Nyctalus leisleri,0.017,0.037,-1,Echolocation,/mnt/ubna_data_01_mir/recover-20220825/UBNA_002/20220823_033000.WAV,Telephone Field,recover-20220825,002,1795
635.0255,635.0331,39218,51746,Pipistrellus nathusii,0.131,0.23,-1,Echolocation,/mnt/ubna_data_01_mir/recover-20220825/UBNA_002/20220823_033000.WAV,Telephone Field,recover-20220825,002,1795
635.0765,635.0834,26328,37244,Eptesicus serotinus,0.006,0.023,-1,Echolocation,/mnt/ubna_data_01_mir/recover-20220825/UBNA_002/20220823_033000.WAV,Telephone Field,recover-20220825,002,1795
635.1125,635.1244,56406,64322,Pipistrellus pygmaeus,0.036,0.037,-1,Echolocation,/mnt/ubna_data_01_mir/recover-20220825/UBNA_002/20220823_033000.WAV,Telephone Field,recover-20220825,002,1795
635.1165,635.1232,39218,50332,Pipistrellus nathusii,0.257,0.428,-1,Echolocation,/mnt/ubna_data_01_mir/recover-20220825/UBNA_002/20220823_033000.WAV,Telephone Field,recover-20220825,002,1795
635.1695,635.2091,68437,82476,Rhinolophus ferrumequinum,0.024,0.024,-1,Echolocation,/mnt/ubna_data_01_mir/recover-20220825/UBNA_002/20220823_033000.WAV,Telephone Field,recover-20220825,002,1795
635.1755,635.1849,37500,47092,Pipistrellus nathusii,0.012,0.024,-1,Echolocation,/mnt/ubna_data_01_mir/recover-20220825/UBNA_002/20220823_033000.WAV,Telephone Field,recover-20220825,002,1795
635.1775,635.2164,68437,82389,Rhinolophus ferrumequinum,0.025,0.025,-1,Echolocation,/mnt/ubna_data_01_mir/recover-20220825/UBNA_002/20220823_033000.WAV,Telephone Field,recover-20220825,002,1795
635.2125,635.2194,38359,45707,Pipistrellus nathusii,0.354,0.52,-1,Echolocation,/mnt/ubna_data_01_mir/recover-20220825/UBNA_002/20220823_033000.WAV,Telephone Field,recover-20220825,002,1795
635.2525,635.2609,27187,37758,Eptesicus serotinus,0.008,0.022,-1,Echolocation,/mnt/ubna_data_01_mir/recover-20220825/UBNA_002/20220823_033000.WAV,Telephone Field,recover-20220825,002,1795
635.2635,635.2724,27187,35055,Eptesicus serotinus,0.008,0.021,-1,Echolocation,/mnt/ubna_data_01_mir/recover-20220825/UBNA_002/20220823_033000.WAV,Telephone Field,recover-20220825,002,1795
635.2745,635.3148,68437,82427,Rhinolophus ferrumequinum,0.026,0.026,-1,Echolocation,/mnt/ubna_data_01_mir/recover-20220825/UBNA_002/20220823_033000.WAV,Telephone Field,recover-20220825,002,1795
635.2815,635.2973,21171,24852,Nyctalus leisleri,0.015,0.03,-1,Echolocation,/mnt/ubna_data_01_mir/recover-20220825/UBNA_002/20220823_033000.WAV,Telephone Field,recover-20220825,002,1795
635.3055,635.3467,68437,82685,Rhinolophus ferrumequinum,0.026,0.026,-1,Echolocation,/mnt/ubna_data_01_mir/recover-20220825/UBNA_002/20220823_033000.WAV,Telephone Field,recover-20220825,002,1795
635.3055,635.3172,37500,41852,Pipistrellus nathusii,0.046,0.057,-1,Echolocation,/mnt/ubna_data_01_mir/recover-20220825/UBNA_002/20220823_033000.WAV,Telephone Field,recover-20220825,002,1795
635.3095,635.3165,27187,37057,Eptesicus serotinus,0.007,0.024,-1,Echolocation,/mnt/ubna_data_01_mir/recover-20220825/UBNA_002/20220823_033000.WAV,Telephone Field,recover-20220825,002,1795
635.3575,635.3938,68437,81680,Rhinolophus ferrumequinum,0.021,0.021,-1,Echolocation,/mnt/ubna_data_01_mir/recover-20220825/UBNA_002/20220823_033000.WAV,Telephone Field,recover-20220825,002,1795
635.3935,635.4331,68437,82633,Rhinolophus ferrumequinum,0.022,0.022,-1,Echolocation,/mnt/ubna_data_01_mir/recover-20220825/UBNA_002/20220823_033000.WAV,Telephone Field,recover-20220825,002,1795
635.4385,635.4457,31484,43856,Myotis daubentonii,0.008,0.024,-1,Echolocation,/mnt/ubna_data_01_mir/recover-20220825/UBNA_002/20220823_033000.WAV,Telephone Field,recover-20220825,002,1795
635.4385,635.446,26328,39715,Eptesicus serotinus,0.009,0.025,-1,Echolocation,/mnt/ubna_data_01_mir/recover-20220825/UBNA_002/20220823_033000.WAV,Telephone Field,recover-20220825,002,1795
635.4575,635.4933,68437,81494,Rhinolophus ferrumequinum,0.021,0.021,-1,Echolocation,/mnt/ubna_data_01_mir/recover-20220825/UBNA_002/20220823_033000.WAV,Telephone Field,recover-20220825,002,1795
635.4585,635.4662,27187,37455,Eptesicus serotinus,0.009,0.027,-1,Echolocation,/mnt/ubna_data_01_mir/recover-20220825/UBNA_002/20220823_033000.WAV,Telephone Field,recover-20220825,002,1795
635.4865,635.4949,38359,46823,Pipistrellus nathusii,0.375,0.472,-1,Echolocation,/mnt/ubna_data_01_mir/recover-20220825/UBNA_002/20220823_033000.WAV,Telephone Field,recover-20220825,002,1795
635.5035,635.5343,68437,80444,Rhinolophus ferrumequinum,0.021,0.021,-1,Echolocation,/mnt/ubna_data_01_mir/recover-20220825/UBNA_002/20220823_033000.WAV,Telephone Field,recover-20220825,002,1795
635.5285,635.5365,27187,39629,Eptesicus serotinus,0.007,0.022,-1,Echolocation,/mnt/ubna_data_01_mir/recover-20220825/UBNA_002/20220823_033000.WAV,Telephone Field,recover-20220825,002,1795
635.5315,635.5422,36640,42590,Pipistrellus nathusii,0.033,0.049,-1,Echolocation,/mnt/ubna_data_01_mir/recover-20220825/UBNA_002/20220823_033000.WAV,Telephone Field,recover-20220825,002,1795
635.5375,635.5448,27187,37284,Eptesicus serotinus,0.007,0.022,-1,Echolocation,/mnt/ubna_data_01_mir/recover-20220825/UBNA_002/20220823_033000.WAV,Telephone Field,recover-20220825,002,1795
635.5465,635.5847,68437,82192,Rhinolophus ferrumequinum,0.024,0.024,-1,Echolocation,/mnt/ubna_data_01_mir/recover-20220825/UBNA_002/20220823_033000.WAV,Telephone Field,recover-20220825,002,1795
635.5585,635.5672,27187,36083,Eptesicus serotinus,0.011,0.024,-1,Echolocation,/mnt/ubna_data_01_mir/recover-20220825/UBNA_002/20220823_033000.WAV,Telephone Field,recover-20220825,002,1795
635.5795,635.5872,40078,49946,Pipistrellus nathusii,0.009,0.025,-1,Echolocation,/mnt/ubna_data_01_mir/recover-20220825/UBNA_002/20220823_033000.WAV,Telephone Field,recover-20220825,002,1795
635.5795,635.5873,31484,42171,Barbastellus barbastellus,0.008,0.025,-1,Echolocation,/mnt/ubna_data_01_mir/recover-20220825/UBNA_002/20220823_033000.WAV,Telephone Field,recover-20220825,002,1795
635.5795,635.5867,26328,37897,Eptesicus serotinus,0.007,0.024,-1,Echolocation,/mnt/ubna_data_01_mir/recover-20220825/UBNA_002/20220823_033000.WAV,Telephone Field,recover-20220825,002,1795
635.6195,635.6553,68437,80732,Rhinolophus ferrumequinum,0.023,0.023,-1,Echolocation,/mnt/ubna_data_01_mir/recover-20220825/UBNA_002/20220823_033000.WAV,Telephone Field,recover-20220825,002,1795
635.6345,635.6703,68437,82014,Rhinolophus ferrumequinum,0.023,0.023,-1,Echolocation,/mnt/ubna_data_01_mir/recover-20220825/UBNA_002/20220823_033000.WAV,Telephone Field,recover-20220825,002,1795
635.6425,635.6503,26328,36119,Eptesicus serotinus,0.009,0.024,-1,Echolocation,/mnt/ubna_data_01_mir/recover-20220825/UBNA_002/20220823_033000.WAV,Telephone Field,recover-20220825,002,1795
635.6625,635.6704,35781,48201,Myotis brandtii,0.007,0.021,-1,Echolocation,/mnt/ubna_data_01_mir/recover-20220825/UBNA_002/20220823_033000.WAV,Telephone Field,recover-20220825,002,1795
635.6815,635.7189,68437,81840,Rhinolophus ferrumequinum,0.022,0.022,-1,Echolocation,/mnt/ubna_data_01_mir/recover-20220825/UBNA_002/20220823_033000.WAV,Telephone Field,recover-20220825,002,1795
635.6965,635.706,40078,48019,Pipistrellus nathusii,0.258,0.334,-1,Echolocation,/mnt/ubna_data_01_mir/recover-20220825/UBNA_002/20220823_033000.WAV,Telephone Field,recover-20220825,002,1795
635.7305,635.7406,28046,35308,Eptesicus serotinus,0.029,0.047,-1,Echolocation,/mnt/ubna_data_01_mir/recover-20220825/UBNA_002/20220823_033000.WAV,Telephone Field,recover-20220825,002,1795
635.7415,635.78,68437,82446,Rhinolophus ferrumequinum,0.024,0.024,-1,Echolocation,/mnt/ubna_data_01_mir/recover-20220825/UBNA_002/20220823_033000.WAV,Telephone Field,recover-20220825,002,1795
635.7555,635.7974,68437,82513,Rhinolophus ferrumequinum,0.021,0.021,-1,Echolocation,/mnt/ubna_data_01_mir/recover-20220825/UBNA_002/20220823_033000.WAV,Telephone Field,recover-20220825,002,1795
635.7795,635.7863,38359,50194,Pipistrellus nathusii,0.366,0.509,-1,Echolocation,/mnt/ubna_data_01_mir/recover-20220825/UBNA_002/20220823_033000.WAV,Telephone Field,recover-20220825,002,1795
635.7925,635.8378,68437,83973,Rhinolophus ferrumequinum,0.038,0.038,-1,Echolocation,/mnt/ubna_data_01_mir/recover-20220825/UBNA_002/20220823_033000.WAV,Telephone Field,recover-20220825,002,1795
635.8115,635.8211,28046,35549,Eptesicus serotinus,0.01,0.023,-1,Echolocation,/mnt/ubna_data_01_mir/recover-20220825/UBNA_002/20220823_033000.WAV,Telephone Field,recover-20220825,002,1795
635.8655,635.9023,68437,82477,Rhinolophus ferrumequinum,0.035,0.035,-1,Echolocation,/mnt/ubna_data_01_mir/recover-20220825/UBNA_002/20220823_033000.WAV,Telephone Field,recover-20220825,002,1795
635.8765,635.8825,39218,50768,Pipistrellus nathusii,0.382,0.503,-1,Echolocation,/mnt/ubna_data_01_mir/recover-20220825/UBNA_002/20220823_033000.WAV,Telephone Field,recover-20220825,002,1795
635.9125,635.9207,27187,36817,Eptesicus serotinus,0.008,0.022,-1,Echolocation,/mnt/ubna_data_01_mir/recover-20220825/UBNA_002/20220823_033000.WAV,Telephone Field,recover-20220825,002,1795
635.9135,635.9516,68437,81380,Rhinolophus ferrumequinum,0.024,0.024,-1,Echolocation,/mnt/ubna_data_01_mir/recover-20220825/UBNA_002/20220823_033000.WAV,Telephone Field,recover-20220825,002,1795
635.9405,635.9768,68437,81572,Rhinolophus ferrumequinum,0.021,0.021,-1,Echolocation,/mnt/ubna_data_01_mir/recover-20220825/UBNA_002/20220823_033000.WAV,Telephone Field,recover-20220825,002,1795
635.9715,635.979,39218,50260,Pipistrellus nathusii,0.395,0.545,-1,Echolocation,/mnt/ubna_data_01_mir/recover-20220825/UBNA_002/20220823_033000.WAV,Telephone Field,recover-20220825,002,1795
635.9805,635.9858,28046,37506,Myotis daubentonii,0.011,0.026,-1,Echolocation,/mnt/ubna_data_01_mir/recover-20220825/UBNA_002/20220823_033000.WAV,Telephone Field,recover-20220825,002,1795
636.0015,636.013,26328,33181,Nyctalus leisleri,0.014,0.039,-1,Echolocation,/mnt/ubna_data_01_mir/recover-20220825/UBNA_002/20220823_033000.WAV,Telephone Field,recover-20220825,002,1795
636.0015,636.0323,68437,79745,Rhinolophus ferrumequinum,0.044,0.044,-1,Echolocation,/mnt/ubna_data_01_mir/recover-20220825/UBNA_002/20220823_033000.WAV,Telephone Field,recover-20220825,002,1795
636.0015,636.0124,47812,57645,Pipistrellus pipistrellus,0.014,0.024,-1,Echolocation,/mnt/ubna_data_01_mir/recover-20220825/UBNA_002/20220823_033000.WAV,Telephone Field,recover-20220825,002,1795
636.0715,636.0798,40937,49146,Pipistrellus nathusii,0.187,0.272,-1,Echolocation,/mnt/ubna_data_01_mir/recover-20220825/UBNA_002/20220823_033000.WAV,Telephone Field,recover-20220825,002,1795
636.0985,636.1056,49531,54818,Pipistrellus pipistrellus,0.02,0.024,-1,Echolocation,/mnt/ubna_data_01_mir/recover-20220825/UBNA_002/20220823_033000.WAV,Telephone Field,recover-20220825,002,1795
636.1345,636.1448,27187,34330,Eptesicus serotinus,0.01,0.025,-1,Echolocation,/mnt/ubna_data_01_mir/recover-20220825/UBNA_002/20220823_033000.WAV,Telephone Field,recover-20220825,002,1795
636.1395,636.1803,68437,82849,Rhinolophus ferrumequinum,0.023,0.023,-1,Echolocation,/mnt/ubna_data_01_mir/recover-20220825/UBNA_002/20220823_033000.WAV,Telephone Field,recover-20220825,002,1795
636.1465,636.1552,40937,52764,Pipistrellus nathusii,0.012,0.028,-1,Echolocation,/mnt/ubna_data_01_mir/recover-20220825/UBNA_002/20220823_033000.WAV,Telephone Field,recover-20220825,002,1795
636.1625,636.1691,39218,49993,Pipistrellus nathusii,0.149,0.236,-1,Echolocation,/mnt/ubna_data_01_mir/recover-20220825/UBNA_002/20220823_033000.WAV,Telephone Field,recover-20220825,002,1795
636.1825,636.1881,37500,54194,Myotis brandtii,0.014,0.03,-1,Echolocation,/mnt/ubna_data_01_mir/recover-20220825/UBNA_002/20220823_033000.WAV,Telephone Field,recover-20220825,002,1795
636.2025,636.2412,68437,82183,Rhinolophus ferrumequinum,0.029,0.029,-1,Echolocation,/mnt/ubna_data_01_mir/recover-20220825/UBNA_002/20220823_033000.WAV,Telephone Field,recover-20220825,002,1795
636.2325,636.2384,39218,51885,Pipistrellus nathusii,0.306,0.536,-1,Echolocation,/mnt/ubna_data_01_mir/recover-20220825/UBNA_002/20220823_033000.WAV,Telephone Field,recover-20220825,002,1795
636.2335,636.2393,29765,48892,Myotis daubentonii,0.017,0.037,-1,Echolocation,/mnt/ubna_data_01_mir/recover-20220825/UBNA_002/20220823_033000.WAV,Telephone Field,recover-20220825,002,1795
636.2515,636.2951,68437,82786,Rhinolophus ferrumequinum,0.037,0.037,-1,Echolocation,/mnt/ubna_data_01_mir/recover-20220825/UBNA_002/20220823_033000.WAV,Telephone Field,recover-20220825,002,1795
636.2925,636.2984,39218,49861,Pipistrellus nathusii,0.196,0.379,-1,Echolocation,/mnt/ubna_data_01_mir/recover-20220825/UBNA_002/20220823_033000.WAV,Telephone Field,recover-20220825,002,1795
636.3365,636.3425,35781,50639,Myotis brandtii,0.013,0.031,-1,Echolocation,/mnt/ubna_data_01_mir/recover-20220825/UBNA_002/20220823_033000.WAV,Telephone Field,recover-20220825,002,1795
636.3375,636.3443,28046,42246,Myotis daubentonii,0.012,0.03,-1,Echolocation,/mnt/ubna_data_01_mir/recover-20220825/UBNA_002/20220823_033000.WAV,Telephone Field,recover-20220825,002,1795
636.3555,636.3628,26328,36408,Eptesicus serotinus,0.007,0.023,-1,Echolocation,/mnt/ubna_data_01_mir/recover-20220825/UBNA_002/20220823_033000.WAV,Telephone Field,recover-20220825,002,1795
636.3715,636.3783,40078,47849,Pipistrellus nathusii,0.449,0.56,-1,Echolocation,/mnt/ubna_data_01_mir/recover-20220825/UBNA_002/20220823_033000.WAV,Telephone Field,recover-20220825,002,1795
636.4105,636.4301,16015,21915,Nyctalus noctula,0.02,0.027,-1,Echolocation,/mnt/ubna_data_01_mir/recover-20220825/UBNA_002/20220823_033000.WAV,Telephone Field,recover-20220825,002,1795
636.4355,636.4422,25468,35599,Eptesicus serotinus,0.006,0.025,-1,Echolocation,/mnt/ubna_data_01_mir/recover-20220825/UBNA_002/20220823_033000.WAV,Telephone Field,recover-20220825,002,1795
636.4415,636.4492,40937,47490,Pipistrellus nathusii,0.172,0.344,-1,Echolocation,/mnt/ubna_data_01_mir/recover-20220825/UBNA_002/20220823_033000.WAV,Telephone Field,recover-20220825,002,1795
636.4805,636.5215,68437,82617,Rhinolophus ferrumequinum,0.029,0.03,-1,Echolocation,/mnt/ubna_data_01_mir/recover-20220825/UBNA_002/20220823_033000.WAV,Telephone Field,recover-20220825,002,1795
636.4955,636.506,40078,45191,Pipistrellus nathusii,0.142,0.185,-1,Echolocation,/mnt/ubna_data_01_mir/recover-20220825/UBNA_002/20220823_033000.WAV,Telephone Field,recover-20220825,002,1795
636.5155,636.5246,28046,35761,Eptesicus serotinus,0.011,0.024,-1,Echolocation,/mnt/ubna_data_01_mir/recover-20220825/UBNA_002/20220823_033000.WAV,Telephone Field,recover-20220825,002,1795
636.5615,636.5675,39218,47404,Barbastellus barbastellus,0.121,0.345,-1,Echolocation,/mnt/ubna_data_01_mir/recover-20220825/UBNA_002/20220823_033000.WAV,Telephone Field,recover-20220825,002,1795
636.6035,636.6104,39218,52358,Myotis brandtii,0.011,0.026,-1,Echolocation,/mnt/ubna_data_01_mir/recover-20220825/UBNA_002/20220823_033000.WAV,Telephone Field,recover-20220825,002,1795
636.6045,636.6116,25468,34019,Eptesicus serotinus,0.006,0.024,-1,Echolocation,/mnt/ubna_data_01_mir/recover-20220825/UBNA_002/20220823_033000.WAV,Telephone Field,recover-20220825,002,1795
636.6325,636.639,38359,49776,Pipistrellus nathusii,0.143,0.379,-1,Echolocation,/mnt/ubna_data_01_mir/recover-20220825/UBNA_002/20220823_033000.WAV,Telephone Field,recover-20220825,002,1795
636.6715,636.6798,26328,37196,Eptesicus serotinus,0.008,0.023,-1,Echolocation,/mnt/ubna_data_01_mir/recover-20220825/UBNA_002/20220823_033000.WAV,Telephone Field,recover-20220825,002,1795
636.6735,636.6831,33203,39400,Barbastellus barbastellus,0.01,0.027,-1,Echolocation,/mnt/ubna_data_01_mir/recover-20220825/UBNA_002/20220823_033000.WAV,Telephone Field,recover-20220825,002,1795
636.7235,636.7316,25468,35947,Eptesicus serotinus,0.009,0.027,-1,Echolocation,/mnt/ubna_data_01_mir/recover-20220825/UBNA_002/20220823_033000.WAV,Telephone Field,recover-20220825,002,1795
636.7255,636.7317,34062,55378,Myotis brandtii,0.014,0.026,-1,Echolocation,/mnt/ubna_data_01_mir/recover-20220825/UBNA_002/20220823_033000.WAV,Telephone Field,recover-20220825,002,1795
636.7415,636.7542,32343,37348,Pipistrellus nathusii,0.036,0.056,-1,Echolocation,/mnt/ubna_data_01_mir/recover-20220825/UBNA_002/20220823_033000.WAV,Telephone Field,recover-20220825,002,1795
636.7455,636.7534,25468,37708,Eptesicus serotinus,0.008,0.025,-1,Echolocation,/mnt/ubna_data_01_mir/recover-20220825/UBNA_002/20220823_033000.WAV,Telephone Field,recover-20220825,002,1795
636.7915,636.7993,42656,47443,Pipistrellus nathusii,0.01,0.026,-1,Echolocation,/mnt/ubna_data_01_mir/recover-20220825/UBNA_002/20220823_033000.WAV,Telephone Field,recover-20220825,002,1795
636.8015,636.8399,68437,81630,Rhinolophus ferrumequinum,0.023,0.023,-1,Echolocation,/mnt/ubna_data_01_mir/recover-20220825/UBNA_002/20220823_033000.WAV,Telephone Field,recover-20220825,002,1795
636.8195,636.8294,38359,45493,Pipistrellus nathusii,0.009,0.023,-1,Echolocation,/mnt/ubna_data_01_mir/recover-20220825/UBNA_002/20220823_033000.WAV,Telephone Field,recover-20220825,002,1795
636.8425,636.8854,68437,82817,Rhinolophus ferrumequinum,0.038,0.038,-1,Echolocation,/mnt/ubna_data_01_mir/recover-20220825/UBNA_002/20220823_033000.WAV,Telephone Field,recover-20220825,002,1795
636.8625,636.8686,37500,54131,Myotis brandtii,0.012,0.026,-1,Echolocation,/mnt/ubna_data_01_mir/recover-20220825/UBNA_002/20220823_033000.WAV,Telephone Field,recover-20220825,002,1795
636.8835,636.8949,30625,37660,Eptesicus serotinus,0.013,0.03,-1,Echolocation,/mnt/ubna_data_01_mir/recover-20220825/UBNA_002/20220823_033000.WAV,Telephone Field,recover-20220825,002,1795
636.8965,636.9054,32343,38086,Barbastellus barbastellus,0.016,0.031,-1,Echolocation,/mnt/ubna_data_01_mir/recover-20220825/UBNA_002/20220823_033000.WAV,Telephone Field,recover-20220825,002,1795
636.9675,636.9759,42656,47144,Pipistrellus nathusii,0.021,0.032,-1,Echolocation,/mnt/ubna_data_01_mir/recover-20220825/UBNA_002/20220823_033000.WAV,Telephone Field,recover-20220825,002,1795
636.9695,636.9749,30625,46275,Myotis daubentonii,0.025,0.044,-1,Echolocation,/mnt/ubna_data_01_mir/recover-20220825/UBNA_002/20220823_033000.WAV,Telephone Field,recover-20220825,002,1795
636.9945,637.0013,26328,35310,Eptesicus serotinus,0.007,0.023,-1,Echolocation,/mnt/ubna_data_01_mir/recover-20220825/UBNA_002/20220823_033000.WAV,Telephone Field,recover-20220825,002,1795
637.0085,637.0472,68437,81702,Rhinolophus ferrumequinum,0.03,0.03,-1,Echolocation,/mnt/ubna_data_01_mir/recover-20220825/UBNA_002/20220823_033000.WAV,Telephone Field,recover-20220825,002,1795
637.0165,637.0223,40078,50566,Pipistrellus nathusii,0.091,0.312,-1,Echolocation,/mnt/ubna_data_01_mir/recover-20220825/UBNA_002/20220823_033000.WAV,Telephone Field,recover-20220825,002,1795
637.0575,637.0655,26328,36309,Eptesicus serotinus,0.009,0.026,-1,Echolocation,/mnt/ubna_data_01_mir/recover-20220825/UBNA_002/20220823_033000.WAV,Telephone Field,recover-20220825,002,1795
637.0745,637.0829,42656,48139,Pipistrellus nathusii,0.06,0.103,-1,Echolocation,/mnt/ubna_data_01_mir/recover-20220825/UBNA_002/20220823_033000.WAV,Telephone Field,recover-20220825,002,1795
637.0755,637.0816,32343,53461,Myotis brandtii,0.017,0.035,-1,Echolocation,/mnt/ubna_data_01_mir/recover-20220825/UBNA_002/20220823_033000.WAV,Telephone Field,recover-20220825,002,1795
637.1165,637.1234,27187,35377,Eptesicus serotinus,0.008,0.025,-1,Echolocation,/mnt/ubna_data_01_mir/recover-20220825/UBNA_002/20220823_033000.WAV,Telephone Field,recover-20220825,002,1795
637.1365,637.1431,41796,51571,Pipistrellus nathusii,0.375,0.485,-1,Echolocation,/mnt/ubna_data_01_mir/recover-20220825/UBNA_002/20220823_033000.WAV,Telephone Field,recover-20220825,002,1795
637.1375,637.1428,28906,48769,Myotis daubentonii,0.014,0.029,-1,Echolocation,/mnt/ubna_data_01_mir/recover-20220825/UBNA_002/20220823_033000.WAV,Telephone Field,recover-20220825,002,1795
637.1625,637.1696,34062,42557,Barbastellus barbastellus,0.01,0.027,-1,Echolocation,/mnt/ubna_data_01_mir/recover-20220825/UBNA_002/20220823_033000.WAV,Telephone Field,recover-20220825,002,1795
637.1985,637.2045,34062,52672,Myotis brandtii,0.012,0.027,-1,Echolocation,/mnt/ubna_data_01_mir/recover-20220825/UBNA_002/20220823_033000.WAV,Telephone Field,recover-20220825,002,1795
637.2185,637.2524,68437,81044,Rhinolophus ferrumequinum,0.024,0.024,-1,Echolocation,/mnt/ubna_data_01_mir/recover-20220825/UBNA_002/20220823_033000.WAV,Telephone Field,recover-20220825,002,1795
637.2235,637.2293,40078,50324,Pipistrellus nathusii,0.112,0.276,-1,Echolocation,/mnt/ubna_data_01_mir/recover-20220825/UBNA_002/20220823_033000.WAV,Telephone Field,recover-20220825,002,1795
637.2535,637.2609,54687,61838,Pipistrellus pygmaeus,0.023,0.024,-1,Echolocation,/mnt/ubna_data_01_mir/recover-20220825/UBNA_002/20220823_033000.WAV,Telephone Field,recover-20220825,002,1795
637.2785,637.3223,68437,83144,Rhinolophus ferrumequinum,0.026,0.026,-1,Echolocation,/mnt/ubna_data_01_mir/recover-20220825/UBNA_002/20220823_033000.WAV,Telephone Field,recover-20220825,002,1795
637.2795,637.2894,34062,40610,Pipistrellus nathusii,0.013,0.036,-1,Echolocation,/mnt/ubna_data_01_mir/recover-20220825/UBNA_002/20220823_033000.WAV,Telephone Field,recover-20220825,002,1795
637.2805,637.2882,26328,35879,Eptesicus serotinus,0.008,0.025,-1,Echolocation,/mnt/ubna_data_01_mir/recover-20220825/UBNA_002/20220823_033000.WAV,Telephone Field,recover-20220825,002,1795
637.3065,637.3135,40078,52422,Pipistrellus nathusii,0.227,0.457,-1,Echolocation,/mnt/ubna_data_01_mir/recover-20220825/UBNA_002/20220823_033000.WAV,Telephone Field,recover-20220825,002,1795
637.3405,637.3495,27187,34930,Eptesicus serotinus,0.009,0.024,-1,Echolocation,/mnt/ubna_data_01_mir/recover-20220825/UBNA_002/20220823_033000.WAV,Telephone Field,recover-20220825,002,1795
637.3675,637.3766,25468,32615,Eptesicus serotinus,0.015,0.032,-1,Echolocation,/mnt/ubna_data_01_mir/recover-20220825/UBNA_002/20220823_033000.WAV,Telephone Field,recover-20220825,002,1795
637.3895,637.399,27187,34152,Eptesicus serotinus,0.011,0.024,-1,Echolocation,/mnt/ubna_data_01_mir/recover-20220825/UBNA_002/20220823_033000.WAV,Telephone Field,recover-20220825,002,1795
637.4015,637.4068,37500,49958,Barbastellus barbastellus,0.102,0.332,-1,Echolocation,/mnt/ubna_data_01_mir/recover-20220825/UBNA_002/20220823_033000.WAV,Telephone Field,recover-20220825,002,1795
637.4185,637.4538,68437,81115,Rhinolophus ferrumequinum,0.023,0.023,-1,Echolocation,/mnt/ubna_data_01_mir/recover-20220825/UBNA_002/20220823_033000.WAV,Telephone Field,recover-20220825,002,1795
637.4215,637.4293,26328,37490,Eptesicus serotinus,0.008,0.025,-1,Echolocation,/mnt/ubna_data_01_mir/recover-20220825/UBNA_002/20220823_033000.WAV,Telephone Field,recover-20220825,002,1795
637.4235,637.43,30625,43406,Myotis daubentonii,0.012,0.023,-1,Echolocation,/mnt/ubna_data_01_mir/recover-20220825/UBNA_002/20220823_033000.WAV,Telephone Field,recover-20220825,002,1795
637.4745,637.513,68437,82422,Rhinolophus ferrumequinum,0.027,0.027,-1,Echolocation,/mnt/ubna_data_01_mir/recover-20220825/UBNA_002/20220823_033000.WAV,Telephone Field,recover-20220825,002,1795
637.4915,637.4961,36640,50727,Pipistrellus nathusii,0.244,0.516,-1,Echolocation,/mnt/ubna_data_01_mir/recover-20220825/UBNA_002/20220823_033000.WAV,Telephone Field,recover-20220825,002,1795
637.5005,637.506,29765,41657,Myotis daubentonii,0.013,0.024,-1,Echolocation,/mnt/ubna_data_01_mir/recover-20220825/UBNA_002/20220823_033000.WAV,Telephone Field,recover-20220825,002,1795
637.5265,637.5351,26328,34488,Eptesicus serotinus,0.01,0.027,-1,Echolocation,/mnt/ubna_data_01_mir/recover-20220825/UBNA_002/20220823_033000.WAV,Telephone Field,recover-20220825,002,1795
637.5395,637.5471,25468,35367,Eptesicus serotinus,0.007,0.025,-1,Echolocation,/mnt/ubna_data_01_mir/recover-20220825/UBNA_002/20220823_033000.WAV,Telephone Field,recover-20220825,002,1795
637.5605,637.5679,26328,36904,Eptesicus serotinus,0.008,0.025,-1,Echolocation,/mnt/ubna_data_01_mir/recover-20220825/UBNA_002/20220823_033000.WAV,Telephone Field,recover-20220825,002,1795
637.5715,637.5811,28046,34282,Eptesicus serotinus,0.009,0.024,-1,Echolocation,/mnt/ubna_data_01_mir/recover-20220825/UBNA_002/20220823_033000.WAV,Telephone Field,recover-20220825,002,1795
637.5845,637.5899,39218,47793,Pipistrellus nathusii,0.281,0.392,-1,Echolocation,/mnt/ubna_data_01_mir/recover-20220825/UBNA_002/20220823_033000.WAV,Telephone Field,recover-20220825,002,1795
637.6515,637.6907,68437,82757,Rhinolophus ferrumequinum,0.03,0.03,-1,Echolocation,/mnt/ubna_data_01_mir/recover-20220825/UBNA_002/20220823_033000.WAV,Telephone Field,recover-20220825,002,1795
637.6555,637.6641,27187,35216,Eptesicus serotinus,0.008,0.023,-1,Echolocation,/mnt/ubna_data_01_mir/recover-20220825/UBNA_002/20220823_033000.WAV,Telephone Field,recover-20220825,002,1795
637.6795,637.6853,38359,48448,Pipistrellus nathusii,0.138,0.326,-1,Echolocation,/mnt/ubna_data_01_mir/recover-20220825/UBNA_002/20220823_033000.WAV,Telephone Field,recover-20220825,002,1795
637.7415,637.7484,32343,41357,Barbastellus barbastellus,0.011,0.027,-1,Echolocation,/mnt/ubna_data_01_mir/recover-20220825/UBNA_002/20220823_033000.WAV,Telephone Field,recover-20220825,002,1795
637.7675,637.7742,37500,49137,Pipistrellus nathusii,0.266,0.495,-1,Echolocation,/mnt/ubna_data_01_mir/recover-20220825/UBNA_002/20220823_033000.WAV,Telephone Field,recover-20220825,002,1795
637.7775,637.7855,29765,37437,Myotis daubentonii,0.012,0.026,-1,Echolocation,/mnt/ubna_data_01_mir/recover-20220825/UBNA_002/20220823_033000.WAV,Telephone Field,recover-20220825,002,1795
637.8095,637.8237,58125,64726,Pipistrellus pygmaeus,0.03,0.03,-1,Echolocation,/mnt/ubna_data_01_mir/recover-20220825/UBNA_002/20220823_033000.WAV,Telephone Field,recover-20220825,002,1795
637.8445,637.8505,37500,46692,Pipistrellus nathusii,0.217,0.465,-1,Echolocation,/mnt/ubna_data_01_mir/recover-20220825/UBNA_002/20220823_033000.WAV,Telephone Field,recover-20220825,002,1795
637.8755,637.8833,28906,40259,Myotis daubentonii,0.009,0.024,-1,Echolocation,/mnt/ubna_data_01_mir/recover-20220825/UBNA_002/20220823_033000.WAV,Telephone Field,recover-20220825,002,1795
637.8945,637.9019,26328,38740,Eptesicus serotinus,0.008,0.025,-1,Echolocation,/mnt/ubna_data_01_mir/recover-20220825/UBNA_002/20220823_033000.WAV,Telephone Field,recover-20220825,002,1795
637.8975,637.9048,33203,46463,Myotis brandtii,0.01,0.027,-1,Echolocation,/mnt/ubna_data_01_mir/recover-20220825/UBNA_002/20220823_033000.WAV,Telephone Field,recover-20220825,002,1795
637.9405,637.9459,38359,47750,Pipistrellus nathusii,0.216,0.405,-1,Echolocation,/mnt/ubna_data_01_mir/recover-20220825/UBNA_002/20220823_033000.WAV,Telephone Field,recover-20220825,002,1795
637.9715,637.9796,26328,37466,Eptesicus serotinus,0.01,0.027,-1,Echolocation,/mnt/ubna_data_01_mir/recover-20220825/UBNA_002/20220823_033000.WAV,Telephone Field,recover-20220825,002,1795
638.0015,638.0365,68437,80392,Rhinolophus ferrumequinum,0.034,0.034,-1,Echolocation,/mnt/ubna_data_01_mir/recover-20220825/UBNA_002/20220823_033000.WAV,Telephone Field,recover-20220825,002,1795
638.0015,638.0102,25468,35424,Nyctalus leisleri,0.006,0.023,-1,Echolocation,/mnt/ubna_data_01_mir/recover-20220825/UBNA_002/20220823_033000.WAV,Telephone Field,recover-20220825,002,1795
638.0095,638.0517,68437,82214,Rhinolophus ferrumequinum,0.02,0.02,-1,Echolocation,/mnt/ubna_data_01_mir/recover-20220825/UBNA_002/20220823_033000.WAV,Telephone Field,recover-20220825,002,1795
638.0165,638.0275,22890,28108,Nyctalus leisleri,0.012,0.028,-1,Echolocation,/mnt/ubna_data_01_mir/recover-20220825/UBNA_002/20220823_033000.WAV,Telephone Field,recover-20220825,002,1795
638.0435,638.0504,28906,41769,Eptesicus serotinus,0.011,0.038,-1,Echolocation,/mnt/ubna_data_01_mir/recover-20220825/UBNA_002/20220823_033000.WAV,Telephone Field,recover-20220825,002,1795
638.0525,638.0914,68437,81961,Rhinolophus ferrumequinum,0.021,0.021,-1,Echolocation,/mnt/ubna_data_01_mir/recover-20220825/UBNA_002/20220823_033000.WAV,Telephone Field,recover-20220825,002,1795
638.0585,638.0971,68437,82136,Rhinolophus ferrumequinum,0.021,0.021,-1,Echolocation,/mnt/ubna_data_01_mir/recover-20220825/UBNA_002/20220823_033000.WAV,Telephone Field,recover-20220825,002,1795
638.0815,638.1175,68437,81376,Rhinolophus ferrumequinum,0.021,0.021,-1,Echolocation,/mnt/ubna_data_01_mir/recover-20220825/UBNA_002/20220823_033000.WAV,Telephone Field,recover-20220825,002,1795
638.1115,638.1247,37500,41899,Pipistrellus nathusii,0.016,0.026,-1,Echolocation,/mnt/ubna_data_01_mir/recover-20220825/UBNA_002/20220823_033000.WAV,Telephone Field,recover-20220825,002,1795
638.1205,638.1588,68437,82344,Rhinolophus ferrumequinum,0.029,0.029,-1,Echolocation,/mnt/ubna_data_01_mir/recover-20220825/UBNA_002/20220823_033000.WAV,Telephone Field,recover-20220825,002,1795
638.1545,638.1631,28046,39644,Eptesicus serotinus,0.008,0.021,-1,Echolocation,/mnt/ubna_data_01_mir/recover-20220825/UBNA_002/20220823_033000.WAV,Telephone Field,recover-20220825,002,1795
638.1685,638.1766,28046,38279,Eptesicus serotinus,0.009,0.023,-1,Echolocation,/mnt/ubna_data_01_mir/recover-20220825/UBNA_002/20220823_033000.WAV,Telephone Field,recover-20220825,002,1795
638.1765,638.2152,68437,81736,Rhinolophus ferrumequinum,0.02,0.02,-1,Echolocation,/mnt/ubna_data_01_mir/recover-20220825/UBNA_002/20220823_033000.WAV,Telephone Field,recover-20220825,002,1795
638.1795,638.1867,23750,32888,Plecotus austriacus,0.011,0.027,-1,Echolocation,/mnt/ubna_data_01_mir/recover-20220825/UBNA_002/20220823_033000.WAV,Telephone Field,recover-20220825,002,1795
638.1835,638.2196,68437,81578,Rhinolophus ferrumequinum,0.021,0.021,-1,Echolocation,/mnt/ubna_data_01_mir/recover-20220825/UBNA_002/20220823_033000.WAV,Telephone Field,recover-20220825,002,1795
638.1955,638.2332,68437,81369,Rhinolophus ferrumequinum,0.022,0.022,-1,Echolocation,/mnt/ubna_data_01_mir/recover-20220825/UBNA_002/20220823_033000.WAV,Telephone Field,recover-20220825,002,1795
638.2165,638.2548,68437,82172,Rhinolophus ferrumequinum,0.021,0.021,-1,Echolocation,/mnt/ubna_data_01_mir/recover-20220825/UBNA_002/20220823_033000.WAV,Telephone Field,recover-20220825,002,1795
638.2285,638.2383,25468,32294,Eptesicus serotinus,0.009,0.026,-1,Echolocation,/mnt/ubna_data_01_mir/recover-20220825/UBNA_002/20220823_033000.WAV,Telephone Field,recover-20220825,002,1795
638.2455,638.2845,68437,81802,Rhinolophus ferrumequinum,0.021,0.021,-1,Echolocation,/mnt/ubna_data_01_mir/recover-20220825/UBNA_002/20220823_033000.WAV,Telephone Field,recover-20220825,002,1795
638.2485,638.2568,27187,37858,Eptesicus serotinus,0.01,0.025,-1,Echolocation,/mnt/ubna_data_01_mir/recover-20220825/UBNA_002/20220823_033000.WAV,Telephone Field,recover-20220825,002,1795
638.2965,638.3066,43515,47631,Pipistrellus pipistrellus,0.017,0.021,-1,Echolocation,/mnt/ubna_data_01_mir/recover-20220825/UBNA_002/20220823_033000.WAV,Telephone Field,recover-20220825,002,1795
638.3105,638.3483,68437,81570,Rhinolophus ferrumequinum,0.02,0.02,-1,Echolocation,/mnt/ubna_data_01_mir/recover-20220825/UBNA_002/20220823_033000.WAV,Telephone Field,recover-20220825,002,1795
638.3795,638.4191,68437,82132,Rhinolophus ferrumequinum,0.023,0.023,-1,Echolocation,/mnt/ubna_data_01_mir/recover-20220825/UBNA_002/20220823_033000.WAV,Telephone Field,recover-20220825,002,1795
638.4195,638.4358,22890,26617,Nyctalus leisleri,0.02,0.037,-1,Echolocation,/mnt/ubna_data_01_mir/recover-20220825/UBNA_002/20220823_033000.WAV,Telephone Field,recover-20220825,002,1795
638.4675,638.4749,23750,32271,Plecotus austriacus,0.009,0.023,-1,Echolocation,/mnt/ubna_data_01_mir/recover-20220825/UBNA_002/20220823_033000.WAV,Telephone Field,recover-20220825,002,1795
638.4765,638.5152,68437,81907,Rhinolophus ferrumequinum,0.02,0.02,-1,Echolocation,/mnt/ubna_data_01_mir/recover-20220825/UBNA_002/20220823_033000.WAV,Telephone Field,recover-20220825,002,1795
638.4845,638.4967,22031,26700,Nyctalus leisleri,0.012,0.024,-1,Echolocation,/mnt/ubna_data_01_mir/recover-20220825/UBNA_002/20220823_033000.WAV,Telephone Field,recover-20220825,002,1795
638.5415,638.5812,68437,82823,Rhinolophus ferrumequinum,0.026,0.026,-1,Echolocation,/mnt/ubna_data_01_mir/recover-20220825/UBNA_002/20220823_033000.WAV,Telephone Field,recover-20220825,002,1795
638.5425,638.5531,44375,49242,Pipistrellus pipistrellus,0.016,0.022,-1,Echolocation,/mnt/ubna_data_01_mir/recover-20220825/UBNA_002/20220823_033000.WAV,Telephone Field,recover-20220825,002,1795
638.5705,638.5784,27187,39079,Eptesicus serotinus,0.007,0.021,-1,Echolocation,/mnt/ubna_data_01_mir/recover-20220825/UBNA_002/20220823_033000.WAV,Telephone Field,recover-20220825,002,1795
638.5955,638.6056,24609,31503,Nyctalus leisleri,0.008,0.024,-1,Echolocation,/mnt/ubna_data_01_mir/recover-20220825/UBNA_002/20220823_033000.WAV,Telephone Field,recover-20220825,002,1795
638.5965,638.6342,68437,82579,Rhinolophus ferrumequinum,0.022,0.022,-1,Echolocation,/mnt/ubna_data_01_mir/recover-20220825/UBNA_002/20220823_033000.WAV,Telephone Field,recover-20220825,002,1795
638.6385,638.6801,68437,82128,Rhinolophus ferrumequinum,0.022,0.022,-1,Echolocation,/mnt/ubna_data_01_mir/recover-20220825/UBNA_002/20220823_033000.WAV,Telephone Field,recover-20220825,002,1795
638.6695,638.7069,68437,81951,Rhinolophus ferrumequinum,0.023,0.023,-1,Echolocation,/mnt/ubna_data_01_mir/recover-20220825/UBNA_002/20220823_033000.WAV,Telephone Field,recover-20220825,002,1795
638.6775,638.6869,28906,37556,Eptesicus serotinus,0.008,0.021,-1,Echolocation,/mnt/ubna_data_01_mir/recover-20220825/UBNA_002/20220823_033000.WAV,Telephone Field,recover-20220825,002,1795
638.6925,638.7328,68437,82412,Rhinolophus ferrumequinum,0.023,0.023,-1,Echolocation,/mnt/ubna_data_01_mir/recover-20220825/UBNA_002/20220823_033000.WAV,Telephone Field,recover-20220825,002,1795
638.6955,638.7058,22890,28163,Nyctalus leisleri,0.009,0.02,-1,Echolocation,/mnt/ubna_data_01_mir/recover-20220825/UBNA_002/20220823_033000.WAV,Telephone Field,recover-20220825,002,1795
638.7095,638.7192,28046,38103,Eptesicus serotinus,0.01,0.022,-1,Echolocation,/mnt/ubna_data_01_mir/recover-20220825/UBNA_002/20220823_033000.WAV,Telephone Field,recover-20220825,002,1795
638.7205,638.76,68437,82116,Rhinolophus ferrumequinum,0.021,0.021,-1,Echolocation,/mnt/ubna_data_01_mir/recover-20220825/UBNA_002/20220823_033000.WAV,Telephone Field,recover-20220825,002,1795
638.7425,638.749,27187,38260,Eptesicus serotinus,0.006,0.022,-1,Echolocation,/mnt/ubna_data_01_mir/recover-20220825/UBNA_002/20220823_033000.WAV,Telephone Field,recover-20220825,002,1795
638.7645,638.7753,44375,47536,Pipistrellus pipistrellus,0.022,0.024,-1,Echolocation,/mnt/ubna_data_01_mir/recover-20220825/UBNA_002/20220823_033000.WAV,Telephone Field,recover-20220825,002,1795
638.7855,638.8258,68437,82584,Rhinolophus ferrumequinum,0.021,0.021,-1,Echolocation,/mnt/ubna_data_01_mir/recover-20220825/UBNA_002/20220823_033000.WAV,Telephone Field,recover-20220825,002,1795
638.7925,638.801,44375,53422,Pipistrellus pipistrellus,0.014,0.02,-1,Echolocation,/mnt/ubna_data_01_mir/recover-20220825/UBNA_002/20220823_033000.WAV,Telephone Field,recover-20220825,002,1795
638.8445,638.853,25468,34165,Eptesicus serotinus,0.007,0.021,-1,Echolocation,/mnt/ubna_data_01_mir/recover-20220825/UBNA_002/20220823_033000.WAV,Telephone Field,recover-20220825,002,1795
638.8445,638.8838,68437,82913,Rhinolophus ferrumequinum,0.025,0.025,-1,Echolocation,/mnt/ubna_data_01_mir/recover-20220825/UBNA_002/20220823_033000.WAV,Telephone Field,recover-20220825,002,1795
638.8635,638.8739,24609,31552,Eptesicus serotinus,0.008,0.023,-1,Echolocation,/mnt/ubna_data_01_mir/recover-20220825/UBNA_002/20220823_033000.WAV,Telephone Field,recover-20220825,002,1795
638.8735,638.9093,68437,80942,Rhinolophus ferrumequinum,0.02,0.021,-1,Echolocation,/mnt/ubna_data_01_mir/recover-20220825/UBNA_002/20220823_033000.WAV,Telephone Field,recover-20220825,002,1795
638.8965,638.9351,68437,81614,Rhinolophus ferrumequinum,0.023,0.023,-1,Echolocation,/mnt/ubna_data_01_mir/recover-20220825/UBNA_002/20220823_033000.WAV,Telephone Field,recover-20220825,002,1795
638.8965,638.9092,22890,26977,Nyctalus leisleri,0.015,0.026,-1,Echolocation,/mnt/ubna_data_01_mir/recover-20220825/UBNA_002/20220823_033000.WAV,Telephone Field,recover-20220825,002,1795
638.9275,638.9354,28906,38843,Eptesicus serotinus,0.006,0.021,-1,Echolocation,/mnt/ubna_data_01_mir/recover-20220825/UBNA_002/20220823_033000.WAV,Telephone Field,recover-20220825,002,1795
638.9315,638.9492,19453,22661,Nyctalus leisleri,0.014,0.026,-1,Echolocation,/mnt/ubna_data_01_mir/recover-20220825/UBNA_002/20220823_033000.WAV,Telephone Field,recover-20220825,002,1795
638.9555,638.9633,28046,38975,Eptesicus serotinus,0.006,0.021,-1,Echolocation,/mnt/ubna_data_01_mir/recover-20220825/UBNA_002/20220823_033000.WAV,Telephone Field,recover-20220825,002,1795
638.9565,638.9913,68437,81132,Rhinolophus ferrumequinum,0.02,0.02,-1,Echolocation,/mnt/ubna_data_01_mir/recover-20220825/UBNA_002/20220823_033000.WAV,Telephone Field,recover-20220825,002,1795
638.9725,639.0123,68437,82086,Rhinolophus ferrumequinum,0.023,0.023,-1,Echolocation,/mnt/ubna_data_01_mir/recover-20220825/UBNA_002/20220823_033000.WAV,Telephone Field,recover-20220825,002,1795
638.9785,638.9849,38359,51096,Myotis daubentonii,0.017,0.037,-1,Echolocation,/mnt/ubna_data_01_mir/recover-20220825/UBNA_002/20220823_033000.WAV,Telephone Field,recover-20220825,002,1795
638.9815,638.989,30625,46419,Myotis daubentonii,0.01,0.024,-1,Echolocation,/mnt/ubna_data_01_mir/recover-20220825/UBNA_002/20220823_033000.WAV,Telephone Field,recover-20220825,002,1795
639.0165,639.0559,68437,81973,Rhinolophus ferrumequinum,0.022,0.022,-1,Echolocation,/mnt/ubna_data_01_mir/recover-20220825/UBNA_002/20220823_033000.WAV,Telephone Field,recover-20220825,002,1795
639.0645,639.0716,24609,33722,Plecotus austriacus,0.006,0.021,-1,Echolocation,/mnt/ubna_data_01_mir/recover-20220825/UBNA_002/20220823_033000.WAV,Telephone Field,recover-20220825,002,1795
639.0825,639.1179,68437,82019,Rhinolophus ferrumequinum,0.021,0.021,-1,Echolocation,/mnt/ubna_data_01_mir/recover-20220825/UBNA_002/20220823_033000.WAV,Telephone Field,recover-20220825,002,1795
639.1085,639.1185,28046,35770,Eptesicus serotinus,0.01,0.022,-1,Echolocation,/mnt/ubna_data_01_mir/recover-20220825/UBNA_002/20220823_033000.WAV,Telephone Field,recover-20220825,002,1795
639.1125,639.1204,47812,52289,Pipistrellus pipistrellus,0.023,0.024,-1,Echolocation,/mnt/ubna_data_01_mir/recover-20220825/UBNA_002/20220823_033000.WAV,Telephone Field,recover-20220825,002,1795
639.1365,639.1467,23750,29507,Nyctalus leisleri,0.009,0.021,-1,Echolocation,/mnt/ubna_data_01_mir/recover-20220825/UBNA_002/20220823_033000.WAV,Telephone Field,recover-20220825,002,1795
639.1675,639.1783,23750,29455,Nyctalus leisleri,0.01,0.025,-1,Echolocation,/mnt/ubna_data_01_mir/recover-20220825/UBNA_002/20220823_033000.WAV,Telephone Field,recover-20220825,002,1795
639.2015,639.2113,24609,32137,Eptesicus serotinus,0.007,0.022,-1,Echolocation,/mnt/ubna_data_01_mir/recover-20220825/UBNA_002/20220823_033000.WAV,Telephone Field,recover-20220825,002,1795
639.2395,639.2476,27187,40022,Eptesicus serotinus,0.009,0.023,-1,Echolocation,/mnt/ubna_data_01_mir/recover-20220825/UBNA_002/20220823_033000.WAV,Telephone Field,recover-20220825,002,1795
639.3245,639.3623,68437,82181,Rhinolophus ferrumequinum,0.02,0.02,-1,Echolocation,/mnt/ubna_data_01_mir/recover-20220825/UBNA_002/20220823_033000.WAV,Telephone Field,recover-20220825,002,1795
639.3475,639.3886,68437,82787,Rhinolophus ferrumequinum,0.022,0.022,-1,Echolocation,/mnt/ubna_data_01_mir/recover-20220825/UBNA_002/20220823_033000.WAV,Telephone Field,recover-20220825,002,1795
639.3715,639.4124,68437,82657,Rhinolophus ferrumequinum,0.026,0.026,-1,Echolocation,/mnt/ubna_data_01_mir/recover-20220825/UBNA_002/20220823_033000.WAV,Telephone Field,recover-20220825,002,1795
639.4115,639.451,68437,81882,Rhinolophus ferrumequinum,0.02,0.02,-1,Echolocation,/mnt/ubna_data_01_mir/recover-20220825/UBNA_002/20220823_033000.WAV,Telephone Field,recover-20220825,002,1795
639.4285,639.4378,28046,37310,Eptesicus serotinus,0.009,0.023,-1,Echolocation,/mnt/ubna_data_01_mir/recover-20220825/UBNA_002/20220823_033000.WAV,Telephone Field,recover-20220825,002,1795
639.4405,639.4792,68437,82331,Rhinolophus ferrumequinum,0.027,0.027,-1,Echolocation,/mnt/ubna_data_01_mir/recover-20220825/UBNA_002/20220823_033000.WAV,Telephone Field,recover-20220825,002,1795
639.4535,639.4626,28046,38156,Eptesicus serotinus,0.01,0.023,-1,Echolocation,/mnt/ubna_data_01_mir/recover-20220825/UBNA_002/20220823_033000.WAV,Telephone Field,recover-20220825,002,1795
639.4945,639.5311,68437,81991,Rhinolophus ferrumequinum,0.02,0.02,-1,Echolocation,/mnt/ubna_data_01_mir/recover-20220825/UBNA_002/20220823_033000.WAV,Telephone Field,recover-20220825,002,1795
639.4965,639.5101,23750,28971,Nyctalus leisleri,0.012,0.027,-1,Echolocation,/mnt/ubna_data_01_mir/recover-20220825/UBNA_002/20220823_033000.WAV,Telephone Field,recover-20220825,002,1795
639.5075,639.5412,68437,80834,Rhinolophus ferrumequinum,0.025,0.025,-1,Echolocation,/mnt/ubna_data_01_mir/recover-20220825/UBNA_002/20220823_033000.WAV,Telephone Field,recover-20220825,002,1795
639.5145,639.5276,26328,33741,Eptesicus serotinus,0.017,0.031,-1,Echolocation,/mnt/ubna_data_01_mir/recover-20220825/UBNA_002/20220823_033000.WAV,Telephone Field,recover-20220825,002,1795
639.5225,639.5336,28046,33482,Eptesicus serotinus,0.014,0.031,-1,Echolocation,/mnt/ubna_data_01_mir/recover-20220825/UBNA_002/20220823_033000.WAV,Telephone Field,recover-20220825,002,1795
639.5395,639.5487,23750,30411,Nyctalus leisleri,0.008,0.023,-1,Echolocation,/mnt/ubna_data_01_mir/recover-20220825/UBNA_002/20220823_033000.WAV,Telephone Field,recover-20220825,002,1795
639.5775,639.5891,23750,28911,Nyctalus leisleri,0.012,0.027,-1,Echolocation,/mnt/ubna_data_01_mir/recover-20220825/UBNA_002/20220823_033000.WAV,Telephone Field,recover-20220825,002,1795
639.5835,639.6249,68437,82640,Rhinolophus ferrumequinum,0.031,0.031,-1,Echolocation,/mnt/ubna_data_01_mir/recover-20220825/UBNA_002/20220823_033000.WAV,Telephone Field,recover-20220825,002,1795
639.6425,639.6834,68437,82380,Rhinolophus ferrumequinum,0.023,0.023,-1,Echolocation,/mnt/ubna_data_01_mir/recover-20220825/UBNA_002/20220823_033000.WAV,Telephone Field,recover-20220825,002,1795
639.6595,639.6677,26328,35030,Eptesicus serotinus,0.008,0.024,-1,Echolocation,/mnt/ubna_data_01_mir/recover-20220825/UBNA_002/20220823_033000.WAV,Telephone Field,recover-20220825,002,1795
639.6715,639.6813,23750,29971,Nyctalus leisleri,0.007,0.02,-1,Echolocation,/mnt/ubna_data_01_mir/recover-20220825/UBNA_002/20220823_033000.WAV,Telephone Field,recover-20220825,002,1795
639.6895,639.7011,25468,32255,Eptesicus serotinus,0.01,0.025,-1,Echolocation,/mnt/ubna_data_01_mir/recover-20220825/UBNA_002/20220823_033000.WAV,Telephone Field,recover-20220825,002,1795
639.6915,639.7352,68437,83732,Rhinolophus ferrumequinum,0.05,0.05,-1,Echolocation,/mnt/ubna_data_01_mir/recover-20220825/UBNA_002/20220823_033000.WAV,Telephone Field,recover-20220825,002,1795
639.7185,639.7295,22890,27719,Nyctalus leisleri,0.01,0.021,-1,Echolocation,/mnt/ubna_data_01_mir/recover-20220825/UBNA_002/20220823_033000.WAV,Telephone Field,recover-20220825,002,1795
639.7345,639.7723,68437,81178,Rhinolophus ferrumequinum,0.021,0.021,-1,Echolocation,/mnt/ubna_data_01_mir/recover-20220825/UBNA_002/20220823_033000.WAV,Telephone Field,recover-20220825,002,1795
639.7515,639.7618,28906,36892,Eptesicus serotinus,0.01,0.022,-1,Echolocation,/mnt/ubna_data_01_mir/recover-20220825/UBNA_002/20220823_033000.WAV,Telephone Field,recover-20220825,002,1795
639.7555,639.765,43515,53178,Pipistrellus pipistrellus,0.018,0.027,-1,Echolocation,/mnt/ubna_data_01_mir/recover-20220825/UBNA_002/20220823_033000.WAV,Telephone Field,recover-20220825,002,1795
639.7685,639.7831,22890,27791,Nyctalus leisleri,0.012,0.024,-1,Echolocation,/mnt/ubna_data_01_mir/recover-20220825/UBNA_002/20220823_033000.WAV,Telephone Field,recover-20220825,002,1795
639.8175,639.8567,68437,81741,Rhinolophus ferrumequinum,0.022,0.022,-1,Echolocation,/mnt/ubna_data_01_mir/recover-20220825/UBNA_002/20220823_033000.WAV,Telephone Field,recover-20220825,002,1795
639.8325,639.8477,15156,20854,Nyctalus noctula,0.017,0.024,-1,Echolocation,/mnt/ubna_data_01_mir/recover-20220825/UBNA_002/20220823_033000.WAV,Telephone Field,recover-20220825,002,1795
639.8585,639.871,23750,29414,Nyctalus leisleri,0.009,0.02,-1,Echolocation,/mnt/ubna_data_01_mir/recover-20220825/UBNA_002/20220823_033000.WAV,Telephone Field,recover-20220825,002,1795
639.8705,639.8789,25468,37251,Eptesicus serotinus,0.006,0.02,-1,Echolocation,/mnt/ubna_data_01_mir/recover-20220825/UBNA_002/20220823_033000.WAV,Telephone Field,recover-20220825,002,1795
639.9375,639.9746,68437,82043,Rhinolophus ferrumequinum,0.027,0.027,-1,Echolocation,/mnt/ubna_data_01_mir/recover-20220825/UBNA_002/20220823_033000.WAV,Telephone Field,recover-20220825,002,1795
639.9835,639.9925,26328,36171,Eptesicus serotinus,0.008,0.021,-1,Echolocation,/mnt/ubna_data_01_mir/recover-20220825/UBNA_002/20220823_033000.WAV,Telephone Field,recover-20220825,002,1795
640.0015,640.01,23750,31909,Nyctalus leisleri,0.008,0.024,-1,Echolocation,/mnt/ubna_data_01_mir/recover-20220825/UBNA_002/20220823_033000.WAV,Telephone Field,recover-20220825,002,1795
640.0015,640.0325,68437,80339,Rhinolophus ferrumequinum,0.024,0.024,-1,Echolocation,/mnt/ubna_data_01_mir/recover-20220825/UBNA_002/20220823_033000.WAV,Telephone Field,recover-20220825,002,1795
640.0145,640.0236,28046,38799,Eptesicus serotinus,0.009,0.024,-1,Echolocation,/mnt/ubna_data_01_mir/recover-20220825/UBNA_002/20220823_033000.WAV,Telephone Field,recover-20220825,002,1795
640.0835,640.1193,68437,81141,Rhinolophus ferrumequinum,0.022,0.022,-1,Echolocation,/mnt/ubna_data_01_mir/recover-20220825/UBNA_002/20220823_033000.WAV,Telephone Field,recover-20220825,002,1795
640.1325,640.1432,23750,29237,Nyctalus leisleri,0.011,0.024,-1,Echolocation,/mnt/ubna_data_01_mir/recover-20220825/UBNA_002/20220823_033000.WAV,Telephone Field,recover-20220825,002,1795
640.1355,640.1765,68437,82754,Rhinolophus ferrumequinum,0.027,0.027,-1,Echolocation,/mnt/ubna_data_01_mir/recover-20220825/UBNA_002/20220823_033000.WAV,Telephone Field,recover-20220825,002,1795
640.1755,640.185,22890,30244,Plecotus austriacus,0.007,0.027,-1,Echolocation,/mnt/ubna_data_01_mir/recover-20220825/UBNA_002/20220823_033000.WAV,Telephone Field,recover-20220825,002,1795
640.2145,640.2219,25468,34323,Eptesicus serotinus,0.006,0.021,-1,Echolocation,/mnt/ubna_data_01_mir/recover-20220825/UBNA_002/20220823_033000.WAV,Telephone Field,recover-20220825,002,1795
640.2255,640.2345,22031,27746,Plecotus austriacus,0.009,0.022,-1,Echolocation,/mnt/ubna_data_01_mir/recover-20220825/UBNA_002/20220823_033000.WAV,Telephone Field,recover-20220825,002,1795
640.2705,640.2904,22031,25508,Nyctalus leisleri,0.049,0.085,-1,Echolocation,/mnt/ubna_data_01_mir/recover-20220825/UBNA_002/20220823_033000.WAV,Telephone Field,recover-20220825,002,1795
640.2855,640.326,68437,82486,Rhinolophus ferrumequinum,0.023,0.023,-1,Echolocation,/mnt/ubna_data_01_mir/recover-20220825/UBNA_002/20220823_033000.WAV,Telephone Field,recover-20220825,002,1795
640.2865,640.2956,27187,36960,Eptesicus serotinus,0.008,0.021,-1,Echolocation,/mnt/ubna_data_01_mir/recover-20220825/UBNA_002/20220823_033000.WAV,Telephone Field,recover-20220825,002,1795
640.3265,640.3673,68437,82379,Rhinolophus ferrumequinum,0.025,0.025,-1,Echolocation,/mnt/ubna_data_01_mir/recover-20220825/UBNA_002/20220823_033000.WAV,Telephone Field,recover-20220825,002,1795
640.3405,640.3499,23750,31362,Nyctalus leisleri,0.007,0.026,-1,Echolocation,/mnt/ubna_data_01_mir/recover-20220825/UBNA_002/20220823_033000.WAV,Telephone Field,recover-20220825,002,1795
640.3505,640.3615,22890,26948,Nyctalus leisleri,0.014,0.024,-1,Echolocation,/mnt/ubna_data_01_mir/recover-20220825/UBNA_002/20220823_033000.WAV,Telephone Field,recover-20220825,002,1795
640.3735,640.4128,68437,82426,Rhinolophus ferrumequinum,0.021,0.021,-1,Echolocation,/mnt/ubna_data_01_mir/recover-20220825/UBNA_002/20220823_033000.WAV,Telephone Field,recover-20220825,002,1795
640.3785,640.3885,22890,30223,Nyctalus leisleri,0.01,0.034,-1,Echolocation,/mnt/ubna_data_01_mir/recover-20220825/UBNA_002/20220823_033000.WAV,Telephone Field,recover-20220825,002,1795
640.4185,640.4277,14296,22854,Nyctalus noctula,0.011,0.021,-1,Echolocation,/mnt/ubna_data_01_mir/recover-20220825/UBNA_002/20220823_033000.WAV,Telephone Field,recover-20220825,002,1795
640.4205,640.4586,68437,82451,Rhinolophus ferrumequinum,0.026,0.026,-1,Echolocation,/mnt/ubna_data_01_mir/recover-20220825/UBNA_002/20220823_033000.WAV,Telephone Field,recover-20220825,002,1795
640.4625,640.5025,68437,82733,Rhinolophus ferrumequinum,0.026,0.026,-1,Echolocation,/mnt/ubna_data_01_mir/recover-20220825/UBNA_002/20220823_033000.WAV,Telephone Field,recover-20220825,002,1795
640.4785,640.488,29765,41025,Myotis daubentonii,0.008,0.026,-1,Echolocation,/mnt/ubna_data_01_mir/recover-20220825/UBNA_002/20220823_033000.WAV,Telephone Field,recover-20220825,002,1795
640.4885,640.497,27187,39911,Eptesicus serotinus,0.007,0.021,-1,Echolocation,/mnt/ubna_data_01_mir/recover-20220825/UBNA_002/20220823_033000.WAV,Telephone Field,recover-20220825,002,1795
640.5115,640.5205,28046,39144,Eptesicus serotinus,0.009,0.024,-1,Echolocation,/mnt/ubna_data_01_mir/recover-20220825/UBNA_002/20220823_033000.WAV,Telephone Field,recover-20220825,002,1795
640.5345,640.5421,22890,32042,Plecotus austriacus,0.017,0.042,-1,Echolocation,/mnt/ubna_data_01_mir/recover-20220825/UBNA_002/20220823_033000.WAV,Telephone Field,recover-20220825,002,1795
640.5595,640.5976,68437,81803,Rhinolophus ferrumequinum,0.024,0.024,-1,Echolocation,/mnt/ubna_data_01_mir/recover-20220825/UBNA_002/20220823_033000.WAV,Telephone Field,recover-20220825,002,1795
640.5645,640.5708,28046,40513,Eptesicus serotinus,0.008,0.03,-1,Echolocation,/mnt/ubna_data_01_mir/recover-20220825/UBNA_002/20220823_033000.WAV,Telephone Field,recover-20220825,002,1795
640.5785,640.6154,68437,81773,Rhinolophus ferrumequinum,0.021,0.021,-1,Echolocation,/mnt/ubna_data_01_mir/recover-20220825/UBNA_002/20220823_033000.WAV,Telephone Field,recover-20220825,002,1795
640.6255,640.6647,68437,82205,Rhinolophus ferrumequinum,0.025,0.025,-1,Echolocation,/mnt/ubna_data_01_mir/recover-20220825/UBNA_002/20220823_033000.WAV,Telephone Field,recover-20220825,002,1795
640.6435,640.6537,28046,37417,Eptesicus serotinus,0.01,0.024,-1,Echolocation,/mnt/ubna_data_01_mir/recover-20220825/UBNA_002/20220823_033000.WAV,Telephone Field,recover-20220825,002,1795
640.6695,640.709,68437,82506,Rhinolophus ferrumequinum,0.022,0.022,-1,Echolocation,/mnt/ubna_data_01_mir/recover-20220825/UBNA_002/20220823_033000.WAV,Telephone Field,recover-20220825,002,1795
640.6805,640.6888,28046,40129,Eptesicus serotinus,0.01,0.027,-1,Echolocation,/mnt/ubna_data_01_mir/recover-20220825/UBNA_002/20220823_033000.WAV,Telephone Field,recover-20220825,002,1795
640.6965,640.703,49531,54885,Pipistrellus pipistrellus,0.019,0.022,-1,Echolocation,/mnt/ubna_data_01_mir/recover-20220825/UBNA_002/20220823_033000.WAV,Telephone Field,recover-20220825,002,1795
640.7355,640.7764,68437,82908,Rhinolophus ferrumequinum,0.025,0.025,-1,Echolocation,/mnt/ubna_data_01_mir/recover-20220825/UBNA_002/20220823_033000.WAV,Telephone Field,recover-20220825,002,1795
640.7425,640.7515,23750,32455,Plecotus austriacus,0.012,0.035,-1,Echolocation,/mnt/ubna_data_01_mir/recover-20220825/UBNA_002/20220823_033000.WAV,Telephone Field,recover-20220825,002,1795
640.7755,640.7876,14296,20144,Nyctalus noctula,0.013,0.022,-1,Echolocation,/mnt/ubna_data_01_mir/recover-20220825/UBNA_002/20220823_033000.WAV,Telephone Field,recover-20220825,002,1795
640.8095,640.8466,68437,81670,Rhinolophus ferrumequinum,0.021,0.021,-1,Echolocation,/mnt/ubna_data_01_mir/recover-20220825/UBNA_002/20220823_033000.WAV,Telephone Field,recover-20220825,002,1795
640.8405,640.8803,68437,82299,Rhinolophus ferrumequinum,0.021,0.021,-1,Echolocation,/mnt/ubna_data_01_mir/recover-20220825/UBNA_002/20220823_033000.WAV,Telephone Field,recover-20220825,002,1795
640.8435,640.8495,28046,41969,Eptesicus serotinus,0.007,0.031,-1,Echolocation,/mnt/ubna_data_01_mir/recover-20220825/UBNA_002/20220823_033000.WAV,Telephone Field,recover-20220825,002,1795
640.8735,640.9125,68437,82342,Rhinolophus ferrumequinum,0.022,0.022,-1,Echolocation,/mnt/ubna_data_01_mir/recover-20220825/UBNA_002/20220823_033000.WAV,Telephone Field,recover-20220825,002,1795
640.8785,640.8866,23750,32787,Plecotus austriacus,0.009,0.024,-1,Echolocation,/mnt/ubna_data_01_mir/recover-20220825/UBNA_002/20220823_033000.WAV,Telephone Field,recover-20220825,002,1795
640.8975,640.9311,68437,81069,Rhinolophus ferrumequinum,0.021,0.021,-1,Echolocation,/mnt/ubna_data_01_mir/recover-20220825/UBNA_002/20220823_033000.WAV,Telephone Field,recover-20220825,002,1795
640.9495,640.992,68437,83138,Rhinolophus ferrumequinum,0.028,0.028,-1,Echolocation,/mnt/ubna_data_01_mir/recover-20220825/UBNA_002/20220823_033000.WAV,Telephone Field,recover-20220825,002,1795
640.9515,640.9594,26328,36395,Eptesicus serotinus,0.011,0.026,-1,Echolocation,/mnt/ubna_data_01_mir/recover-20220825/UBNA_002/20220823_033000.WAV,Telephone Field,recover-20220825,002,1795
641.0215,641.0542,68437,80686,Rhinolophus ferrumequinum,0.021,0.022,-1,Echolocation,/mnt/ubna_data_01_mir/recover-20220825/UBNA_002/20220823_033000.WAV,Telephone Field,recover-20220825,002,1795
641.0315,641.0433,22890,27522,Nyctalus leisleri,0.015,0.027,-1,Echolocation,/mnt/ubna_data_01_mir/recover-20220825/UBNA_002/20220823_033000.WAV,Telephone Field,recover-20220825,002,1795
641.0605,641.0988,68437,81738,Rhinolophus ferrumequinum,0.022,0.022,-1,Echolocation,/mnt/ubna_data_01_mir/recover-20220825/UBNA_002/20220823_033000.WAV,Telephone Field,recover-20220825,002,1795
641.1015,641.1394,68437,81782,Rhinolophus ferrumequinum,0.021,0.021,-1,Echolocation,/mnt/ubna_data_01_mir/recover-20220825/UBNA_002/20220823_033000.WAV,Telephone Field,recover-20220825,002,1795
641.1765,641.2161,68437,82129,Rhinolophus ferrumequinum,0.023,0.023,-1,Echolocation,/mnt/ubna_data_01_mir/recover-20220825/UBNA_002/20220823_033000.WAV,Telephone Field,recover-20220825,002,1795
641.2125,641.2504,68437,81320,Rhinolophus ferrumequinum,0.022,0.022,-1,Echolocation,/mnt/ubna_data_01_mir/recover-20220825/UBNA_002/20220823_033000.WAV,Telephone Field,recover-20220825,002,1795
641.2125,641.2238,27187,34312,Eptesicus serotinus,0.012,0.024,-1,Echolocation,/mnt/ubna_data_01_mir/recover-20220825/UBNA_002/20220823_033000.WAV,Telephone Field,recover-20220825,002,1795
641.2235,641.2379,58125,62821,Pipistrellus pygmaeus,0.033,0.036,-1,Echolocation,/mnt/ubna_data_01_mir/recover-20220825/UBNA_002/20220823_033000.WAV,Telephone Field,recover-20220825,002,1795
641.2515,641.2594,28046,39534,Eptesicus serotinus,0.009,0.024,-1,Echolocation,/mnt/ubna_data_01_mir/recover-20220825/UBNA_002/20220823_033000.WAV,Telephone Field,recover-20220825,002,1795
641.2745,641.2831,28046,39559,Eptesicus serotinus,0.008,0.021,-1,Echolocation,/mnt/ubna_data_01_mir/recover-20220825/UBNA_002/20220823_033000.WAV,Telephone Field,recover-20220825,002,1795
641.2765,641.3145,68437,82691,Rhinolophus ferrumequinum,0.029,0.029,-1,Echolocation,/mnt/ubna_data_01_mir/recover-20220825/UBNA_002/20220823_033000.WAV,Telephone Field,recover-20220825,002,1795
641.2895,641.3012,24609,30603,Nyctalus leisleri,0.016,0.035,-1,Echolocation,/mnt/ubna_data_01_mir/recover-20220825/UBNA_002/20220823_033000.WAV,Telephone Field,recover-20220825,002,1795
641.3205,641.3615,68437,82895,Rhinolophus ferrumequinum,0.027,0.027,-1,Echolocation,/mnt/ubna_data_01_mir/recover-20220825/UBNA_002/20220823_033000.WAV,Telephone Field,recover-20220825,002,1795
641.3425,641.3609,19453,23032,Nyctalus noctula,0.013,0.028,-1,Echolocation,/mnt/ubna_data_01_mir/recover-20220825/UBNA_002/20220823_033000.WAV,Telephone Field,recover-20220825,002,1795
641.3775,641.3861,28046,36633,Eptesicus serotinus,0.007,0.022,-1,Echolocation,/mnt/ubna_data_01_mir/recover-20220825/UBNA_002/20220823_033000.WAV,Telephone Field,recover-20220825,002,1795
641.3865,641.4242,68437,82301,Rhinolophus ferrumequinum,0.022,0.022,-1,Echolocation,/mnt/ubna_data_01_mir/recover-20220825/UBNA_002/20220823_033000.WAV,Telephone Field,recover-20220825,002,1795
641.3935,641.4005,28046,38236,Eptesicus serotinus,0.007,0.023,-1,Echolocation,/mnt/ubna_data_01_mir/recover-20220825/UBNA_002/20220823_033000.WAV,Telephone Field,recover-20220825,002,1795
641.4345,641.4787,68437,83369,Rhinolophus ferrumequinum,0.023,0.023,-1,Echolocation,/mnt/ubna_data_01_mir/recover-20220825/UBNA_002/20220823_033000.WAV,Telephone Field,recover-20220825,002,1795
641.4695,641.5112,68437,82592,Rhinolophus ferrumequinum,0.022,0.022,-1,Echolocation,/mnt/ubna_data_01_mir/recover-20220825/UBNA_002/20220823_033000.WAV,Telephone Field,recover-20220825,002,1795
641.4905,641.4999,28906,37065,Eptesicus serotinus,0.008,0.022,-1,Echolocation,/mnt/ubna_data_01_mir/recover-20220825/UBNA_002/20220823_033000.WAV,Telephone Field,recover-20220825,002,1795
641.5265,641.5364,25468,32675,Eptesicus serotinus,0.009,0.027,-1,Echolocation,/mnt/ubna_data_01_mir/recover-20220825/UBNA_002/20220823_033000.WAV,Telephone Field,recover-20220825,002,1795
641.5575,641.5944,68437,81819,Rhinolophus ferrumequinum,0.022,0.022,-1,Echolocation,/mnt/ubna_data_01_mir/recover-20220825/UBNA_002/20220823_033000.WAV,Telephone Field,recover-20220825,002,1795
641.5655,641.5724,45234,55140,Pipistrellus pipistrellus,0.021,0.025,-1,Echolocation,/mnt/ubna_data_01_mir/recover-20220825/UBNA_002/20220823_033000.WAV,Telephone Field,recover-20220825,002,1795
641.5735,641.5808,28046,38755,Eptesicus serotinus,0.007,0.021,-1,Echolocation,/mnt/ubna_data_01_mir/recover-20220825/UBNA_002/20220823_033000.WAV,Telephone Field,recover-20220825,002,1795
641.5985,641.6096,27187,33961,Eptesicus serotinus,0.015,0.035,-1,Echolocation,/mnt/ubna_data_01_mir/recover-20220825/UBNA_002/20220823_033000.WAV,Telephone Field,recover-20220825,002,1795
641.6355,641.6757,68437,82581,Rhinolophus ferrumequinum,0.028,0.028,-1,Echolocation,/mnt/ubna_data_01_mir/recover-20220825/UBNA_002/20220823_033000.WAV,Telephone Field,recover-20220825,002,1795
641.6925,641.7353,68437,83304,Rhinolophus ferrumequinum,0.032,0.032,-1,Echolocation,/mnt/ubna_data_01_mir/recover-20220825/UBNA_002/20220823_033000.WAV,Telephone Field,recover-20220825,002,1795
641.7445,641.7858,68437,82839,Rhinolophus ferrumequinum,0.031,0.031,-1,Echolocation,/mnt/ubna_data_01_mir/recover-20220825/UBNA_002/20220823_033000.WAV,Telephone Field,recover-20220825,002,1795
641.8285,641.868,68437,82834,Rhinolophus ferrumequinum,0.024,0.024,-1,Echolocation,/mnt/ubna_data_01_mir/recover-20220825/UBNA_002/20220823_033000.WAV,Telephone Field,recover-20220825,002,1795
641.8385,641.8775,68437,82324,Rhinolophus ferrumequinum,0.022,0.022,-1,Echolocation,/mnt/ubna_data_01_mir/recover-20220825/UBNA_002/20220823_033000.WAV,Telephone Field,recover-20220825,002,1795
641.8865,641.9245,68437,82166,Rhinolophus ferrumequinum,0.022,0.022,-1,Echolocation,/mnt/ubna_data_01_mir/recover-20220825/UBNA_002/20220823_033000.WAV,Telephone Field,recover-20220825,002,1795
641.8945,641.9138,20312,23352,Nyctalus leisleri,0.015,0.025,-1,Echolocation,/mnt/ubna_data_01_mir/recover-20220825/UBNA_002/20220823_033000.WAV,Telephone Field,recover-20220825,002,1795
641.9485,641.9572000000001,26328,34954,Eptesicus serotinus,0.008,0.021,-1,Echolocation,/mnt/ubna_data_01_mir/recover-20220825/UBNA_002/20220823_033000.WAV,Telephone Field,recover-20220825,002,1795
641.9605,641.9706,15156,22479,Nyctalus noctula,0.01,0.021,-1,Echolocation,/mnt/ubna_data_01_mir/recover-20220825/UBNA_002/20220823_033000.WAV,Telephone Field,recover-20220825,002,1795
642.0015,642.0375,68437,80038,Rhinolophus ferrumequinum,0.067,0.067,-1,Echolocation,/mnt/ubna_data_01_mir/recover-20220825/UBNA_002/20220823_033000.WAV,Telephone Field,recover-20220825,002,1795
642.0015,642.0114,24609,31381,Nyctalus leisleri,0.016,0.037,-1,Echolocation,/mnt/ubna_data_01_mir/recover-20220825/UBNA_002/20220823_033000.WAV,Telephone Field,recover-20220825,002,1795
642.0015,642.0084,47812,55068,Pipistrellus pipistrellus,0.016,0.022,-1,Echolocation,/mnt/ubna_data_01_mir/recover-20220825/UBNA_002/20220823_033000.WAV,Telephone Field,recover-20220825,002,1795
642.0185,642.0286,28046,39002,Eptesicus serotinus,0.01,0.024,-1,Echolocation,/mnt/ubna_data_01_mir/recover-20220825/UBNA_002/20220823_033000.WAV,Telephone Field,recover-20220825,002,1795
642.0465,642.0576,28046,35045,Eptesicus serotinus,0.012,0.023,-1,Echolocation,/mnt/ubna_data_01_mir/recover-20220825/UBNA_002/20220823_033000.WAV,Telephone Field,recover-20220825,002,1795
642.0515,642.0902,68437,81976,Rhinolophus ferrumequinum,0.022,0.022,-1,Echolocation,/mnt/ubna_data_01_mir/recover-20220825/UBNA_002/20220823_033000.WAV,Telephone Field,recover-20220825,002,1795
642.0695,642.1065,68437,81702,Rhinolophus ferrumequinum,0.021,0.021,-1,Echolocation,/mnt/ubna_data_01_mir/recover-20220825/UBNA_002/20220823_033000.WAV,Telephone Field,recover-20220825,002,1795
642.0915,642.1274,68437,81109,Rhinolophus ferrumequinum,0.021,0.021,-1,Echolocation,/mnt/ubna_data_01_mir/recover-20220825/UBNA_002/20220823_033000.WAV,Telephone Field,recover-20220825,002,1795
642.1095,642.1167,44375,50212,Pipistrellus pipistrellus,0.022,0.024,-1,Echolocation,/mnt/ubna_data_01_mir/recover-20220825/UBNA_002/20220823_033000.WAV,Telephone Field,recover-20220825,002,1795
642.1195,642.157,68437,81744,Rhinolophus ferrumequinum,0.02,0.02,-1,Echolocation,/mnt/ubna_data_01_mir/recover-20220825/UBNA_002/20220823_033000.WAV,Telephone Field,recover-20220825,002,1795
642.1385,642.1764,68437,81726,Rhinolophus ferrumequinum,0.021,0.021,-1,Echolocation,/mnt/ubna_data_01_mir/recover-20220825/UBNA_002/20220823_033000.WAV,Telephone Field,recover-20220825,002,1795
642.1405,642.16,18593,21707,Nyctalus noctula,0.012,0.021,-1,Echolocation,/mnt/ubna_data_01_mir/recover-20220825/UBNA_002/20220823_033000.WAV,Telephone Field,recover-20220825,002,1795
642.1625,642.1976,68437,81268,Rhinolophus ferrumequinum,0.023,0.023,-1,Echolocation,/mnt/ubna_data_01_mir/recover-20220825/UBNA_002/20220823_033000.WAV,Telephone Field,recover-20220825,002,1795
642.1825,642.2232,68437,82025,Rhinolophus ferrumequinum,0.031,0.031,-1,Echolocation,/mnt/ubna_data_01_mir/recover-20220825/UBNA_002/20220823_033000.WAV,Telephone Field,recover-20220825,002,1795
642.1845,642.1944,45234,48407,Pipistrellus pipistrellus,0.03,0.034,-1,Echolocation,/mnt/ubna_data_01_mir/recover-20220825/UBNA_002/20220823_033000.WAV,Telephone Field,recover-20220825,002,1795
642.2275,642.2726,68437,83646,Rhinolophus ferrumequinum,0.061,0.061,-1,Echolocation,/mnt/ubna_data_01_mir/recover-20220825/UBNA_002/20220823_033000.WAV,Telephone Field,recover-20220825,002,1795
642.2425,642.255,38359,43037,Pipistrellus nathusii,0.016,0.033,-1,Echolocation,/mnt/ubna_data_01_mir/recover-20220825/UBNA_002/20220823_033000.WAV,Telephone Field,recover-20220825,002,1795
642.2485,642.2559,28046,39206,Eptesicus serotinus,0.007,0.021,-1,Echolocation,/mnt/ubna_data_01_mir/recover-20220825/UBNA_002/20220823_033000.WAV,Telephone Field,recover-20220825,002,1795
642.2825,642.3256,68437,82852,Rhinolophus ferrumequinum,0.024,0.024,-1,Echolocation,/mnt/ubna_data_01_mir/recover-20220825/UBNA_002/20220823_033000.WAV,Telephone Field,recover-20220825,002,1795
642.2995,642.3403,68437,82285,Rhinolophus ferrumequinum,0.022,0.022,-1,Echolocation,/mnt/ubna_data_01_mir/recover-20220825/UBNA_002/20220823_033000.WAV,Telephone Field,recover-20220825,002,1795
642.3175,642.3536,68437,80363,Rhinolophus ferrumequinum,0.02,0.02,-1,Echolocation,/mnt/ubna_data_01_mir/recover-20220825/UBNA_002/20220823_033000.WAV,Telephone Field,recover-20220825,002,1795
642.3725,642.4083,68437,81567,Rhinolophus ferrumequinum,0.022,0.023,-1,Echolocation,/mnt/ubna_data_01_mir/recover-20220825/UBNA_002/20220823_033000.WAV,Telephone Field,recover-20220825,002,1795
642.3845,642.3932,27187,38245,Eptesicus serotinus,0.008,0.021,-1,Echolocation,/mnt/ubna_data_01_mir/recover-20220825/UBNA_002/20220823_033000.WAV,Telephone Field,recover-20220825,002,1795
642.4035,642.4128,25468,33268,Eptesicus serotinus,0.011,0.024,-1,Echolocation,/mnt/ubna_data_01_mir/recover-20220825/UBNA_002/20220823_033000.WAV,Telephone Field,recover-20220825,002,1795
642.4045,642.4428,68437,81763,Rhinolophus ferrumequinum,0.02,0.02,-1,Echolocation,/mnt/ubna_data_01_mir/recover-20220825/UBNA_002/20220823_033000.WAV,Telephone Field,recover-20220825,002,1795
642.4155,642.456,68437,82805,Rhinolophus ferrumequinum,0.022,0.022,-1,Echolocation,/mnt/ubna_data_01_mir/recover-20220825/UBNA_002/20220823_033000.WAV,Telephone Field,recover-20220825,002,1795
642.4425,642.483,68437,82717,Rhinolophus ferrumequinum,0.021,0.021,-1,Echolocation,/mnt/ubna_data_01_mir/recover-20220825/UBNA_002/20220823_033000.WAV,Telephone Field,recover-20220825,002,1795
642.4655,642.5016,68437,81447,Rhinolophus ferrumequinum,0.022,0.022,-1,Echolocation,/mnt/ubna_data_01_mir/recover-20220825/UBNA_002/20220823_033000.WAV,Telephone Field,recover-20220825,002,1795
642.4715,642.4794,28906,41331,Eptesicus serotinus,0.007,0.022,-1,Echolocation,/mnt/ubna_data_01_mir/recover-20220825/UBNA_002/20220823_033000.WAV,Telephone Field,recover-20220825,002,1795
642.5095,642.5169,28046,40847,Eptesicus serotinus,0.007,0.023,-1,Echolocation,/mnt/ubna_data_01_mir/recover-20220825/UBNA_002/20220823_033000.WAV,Telephone Field,recover-20220825,002,1795
642.5175,642.559,68437,82521,Rhinolophus ferrumequinum,0.035,0.035,-1,Echolocation,/mnt/ubna_data_01_mir/recover-20220825/UBNA_002/20220823_033000.WAV,Telephone Field,recover-20220825,002,1795
642.5385,642.5474,28046,38955,Eptesicus serotinus,0.008,0.02,-1,Echolocation,/mnt/ubna_data_01_mir/recover-20220825/UBNA_002/20220823_033000.WAV,Telephone Field,recover-20220825,002,1795
642.5615,642.5701,27187,38557,Eptesicus serotinus,0.009,0.021,-1,Echolocation,/mnt/ubna_data_01_mir/recover-20220825/UBNA_002/20220823_033000.WAV,Telephone Field,recover-20220825,002,1795
642.6025,642.6411,68437,81781,Rhinolophus ferrumequinum,0.02,0.02,-1,Echolocation,/mnt/ubna_data_01_mir/recover-20220825/UBNA_002/20220823_033000.WAV,Telephone Field,recover-20220825,002,1795
642.6125,642.6542,68437,82991,Rhinolophus ferrumequinum,0.025,0.025,-1,Echolocation,/mnt/ubna_data_01_mir/recover-20220825/UBNA_002/20220823_033000.WAV,Telephone Field,recover-20220825,002,1795
642.6185,642.6582,68437,82399,Rhinolophus ferrumequinum,0.026,0.026,-1,Echolocation,/mnt/ubna_data_01_mir/recover-20220825/UBNA_002/20220823_033000.WAV,Telephone Field,recover-20220825,002,1795
642.6385,642.6491,22890,29076,Nyctalus leisleri,0.01,0.024,-1,Echolocation,/mnt/ubna_data_01_mir/recover-20220825/UBNA_002/20220823_033000.WAV,Telephone Field,recover-20220825,002,1795
642.6515,642.6864,68437,81691,Rhinolophus ferrumequinum,0.02,0.02,-1,Echolocation,/mnt/ubna_data_01_mir/recover-20220825/UBNA_002/20220823_033000.WAV,Telephone Field,recover-20220825,002,1795
642.6875,642.7273,68437,81998,Rhinolophus ferrumequinum,0.022,0.022,-1,Echolocation,/mnt/ubna_data_01_mir/recover-20220825/UBNA_002/20220823_033000.WAV,Telephone Field,recover-20220825,002,1795
642.7225,642.7324,22890,28346,Nyctalus leisleri,0.009,0.021,-1,Echolocation,/mnt/ubna_data_01_mir/recover-20220825/UBNA_002/20220823_033000.WAV,Telephone Field,recover-20220825,002,1795
642.7525,642.7902,68437,81960,Rhinolophus ferrumequinum,0.021,0.021,-1,Echolocation,/mnt/ubna_data_01_mir/recover-20220825/UBNA_002/20220823_033000.WAV,Telephone Field,recover-20220825,002,1795
642.7555,642.7722,20312,23294,Nyctalus leisleri,0.014,0.023,-1,Echolocation,/mnt/ubna_data_01_mir/recover-20220825/UBNA_002/20220823_033000.WAV,Telephone Field,recover-20220825,002,1795
642.7615,642.7717,43515,48776,Pipistrellus pipistrellus,0.016,0.021,-1,Echolocation,/mnt/ubna_data_01_mir/recover-20220825/UBNA_002/20220823_033000.WAV,Telephone Field,recover-20220825,002,1795
642.7905,642.7979,46953,53163,Pipistrellus pipistrellus,0.022,0.024,-1,Echolocation,/mnt/ubna_data_01_mir/recover-20220825/UBNA_002/20220823_033000.WAV,Telephone Field,recover-20220825,002,1795
642.7925,642.8326,68437,81835,Rhinolophus ferrumequinum,0.031,0.031,-1,Echolocation,/mnt/ubna_data_01_mir/recover-20220825/UBNA_002/20220823_033000.WAV,Telephone Field,recover-20220825,002,1795
642.8295,642.8693,68437,82482,Rhinolophus ferrumequinum,0.021,0.021,-1,Echolocation,/mnt/ubna_data_01_mir/recover-20220825/UBNA_002/20220823_033000.WAV,Telephone Field,recover-20220825,002,1795
642.8405,642.879,68437,82493,Rhinolophus ferrumequinum,0.02,0.02,-1,Echolocation,/mnt/ubna_data_01_mir/recover-20220825/UBNA_002/20220823_033000.WAV,Telephone Field,recover-20220825,002,1795
642.8705,642.9083,68437,81534,Rhinolophus ferrumequinum,0.02,0.021,-1,Echolocation,/mnt/ubna_data_01_mir/recover-20220825/UBNA_002/20220823_033000.WAV,Telephone Field,recover-20220825,002,1795
642.8815,642.8883,28046,42693,Eptesicus serotinus,0.006,0.021,-1,Echolocation,/mnt/ubna_data_01_mir/recover-20220825/UBNA_002/20220823_033000.WAV,Telephone Field,recover-20220825,002,1795
642.8815,642.9162,68437,81614,Rhinolophus ferrumequinum,0.021,0.022,-1,Echolocation,/mnt/ubna_data_01_mir/recover-20220825/UBNA_002/20220823_033000.WAV,Telephone Field,recover-20220825,002,1795
642.8965,642.932,68437,81650,Rhinolophus ferrumequinum,0.021,0.021,-1,Echolocation,/mnt/ubna_data_01_mir/recover-20220825/UBNA_002/20220823_033000.WAV,Telephone Field,recover-20220825,002,1795
642.9105,642.918,28046,41945,Eptesicus serotinus,0.007,0.02,-1,Echolocation,/mnt/ubna_data_01_mir/recover-20220825/UBNA_002/20220823_033000.WAV,Telephone Field,recover-20220825,002,1795
642.9235,642.9618,68437,81881,Rhinolophus ferrumequinum,0.024,0.024,-1,Echolocation,/mnt/ubna_data_01_mir/recover-20220825/UBNA_002/20220823_033000.WAV,Telephone Field,recover-20220825,002,1795
642.9535,642.9966,68437,83115,Rhinolophus ferrumequinum,0.022,0.022,-1,Echolocation,/mnt/ubna_data_01_mir/recover-20220825/UBNA_002/20220823_033000.WAV,Telephone Field,recover-20220825,002,1795
642.9785,643.0148,68437,81565,Rhinolophus ferrumequinum,0.022,0.022,-1,Echolocation,/mnt/ubna_data_01_mir/recover-20220825/UBNA_002/20220823_033000.WAV,Telephone Field,recover-20220825,002,1795
642.9835,642.9928,29765,40314,Eptesicus serotinus,0.009,0.022,-1,Echolocation,/mnt/ubna_data_01_mir/recover-20220825/UBNA_002/20220823_033000.WAV,Telephone Field,recover-20220825,002,1795
643.0145,643.0521,68437,81818,Rhinolophus ferrumequinum,0.025,0.025,-1,Echolocation,/mnt/ubna_data_01_mir/recover-20220825/UBNA_002/20220823_033000.WAV,Telephone Field,recover-20220825,002,1795
643.0235,643.0325,28906,37378,Eptesicus serotinus,0.008,0.02,-1,Echolocation,/mnt/ubna_data_01_mir/recover-20220825/UBNA_002/20220823_033000.WAV,Telephone Field,recover-20220825,002,1795
643.0415,643.0555,23750,29797,Nyctalus leisleri,0.015,0.037,-1,Echolocation,/mnt/ubna_data_01_mir/recover-20220825/UBNA_002/20220823_033000.WAV,Telephone Field,recover-20220825,002,1795
643.0515,643.0578,29765,41492,Eptesicus serotinus,0.007,0.025,-1,Echolocation,/mnt/ubna_data_01_mir/recover-20220825/UBNA_002/20220823_033000.WAV,Telephone Field,recover-20220825,002,1795
643.1025,643.1481,68437,83737,Rhinolophus ferrumequinum,0.04,0.04,-1,Echolocation,/mnt/ubna_data_01_mir/recover-20220825/UBNA_002/20220823_033000.WAV,Telephone Field,recover-20220825,002,1795
643.1745,643.2114,68437,81765,Rhinolophus ferrumequinum,0.023,0.023,-1,Echolocation,/mnt/ubna_data_01_mir/recover-20220825/UBNA_002/20220823_033000.WAV,Telephone Field,recover-20220825,002,1795
643.2115,643.2514,68437,82127,Rhinolophus ferrumequinum,0.024,0.024,-1,Echolocation,/mnt/ubna_data_01_mir/recover-20220825/UBNA_002/20220823_033000.WAV,Telephone Field,recover-20220825,002,1795
643.2455,643.2854,68437,82398,Rhinolophus ferrumequinum,0.025,0.025,-1,Echolocation,/mnt/ubna_data_01_mir/recover-20220825/UBNA_002/20220823_033000.WAV,Telephone Field,recover-20220825,002,1795
643.2605,643.2707,22890,27958,Nyctalus leisleri,0.01,0.021,-1,Echolocation,/mnt/ubna_data_01_mir/recover-20220825/UBNA_002/20220823_033000.WAV,Telephone Field,recover-20220825,002,1795
643.2695,643.312,68437,83514,Rhinolophus ferrumequinum,0.033,0.033,-1,Echolocation,/mnt/ubna_data_01_mir/recover-20220825/UBNA_002/20220823_033000.WAV,Telephone Field,recover-20220825,002,1795
643.2815,643.3239,68437,83432,Rhinolophus ferrumequinum,0.029,0.029,-1,Echolocation,/mnt/ubna_data_01_mir/recover-20220825/UBNA_002/20220823_033000.WAV,Telephone Field,recover-20220825,002,1795
643.2945,643.329,68437,80742,Rhinolophus ferrumequinum,0.02,0.02,-1,Echolocation,/mnt/ubna_data_01_mir/recover-20220825/UBNA_002/20220823_033000.WAV,Telephone Field,recover-20220825,002,1795
643.2995,643.337,68437,81098,Rhinolophus ferrumequinum,0.02,0.02,-1,Echolocation,/mnt/ubna_data_01_mir/recover-20220825/UBNA_002/20220823_033000.WAV,Telephone Field,recover-20220825,002,1795
643.3575,643.3977,68437,82421,Rhinolophus ferrumequinum,0.021,0.021,-1,Echolocation,/mnt/ubna_data_01_mir/recover-20220825/UBNA_002/20220823_033000.WAV,Telephone Field,recover-20220825,002,1795
643.3965,643.4363,68437,82272,Rhinolophus ferrumequinum,0.022,0.022,-1,Echolocation,/mnt/ubna_data_01_mir/recover-20220825/UBNA_002/20220823_033000.WAV,Telephone Field,recover-20220825,002,1795
643.4265,643.4647,68437,82242,Rhinolophus ferrumequinum,0.025,0.025,-1,Echolocation,/mnt/ubna_data_01_mir/recover-20220825/UBNA_002/20220823_033000.WAV,Telephone Field,recover-20220825,002,1795
643.4395,643.4769,68437,82468,Rhinolophus ferrumequinum,0.022,0.022,-1,Echolocation,/mnt/ubna_data_01_mir/recover-20220825/UBNA_002/20220823_033000.WAV,Telephone Field,recover-20220825,002,1795
643.4415,643.4526,28906,37236,Eptesicus serotinus,0.023,0.038,-1,Echolocation,/mnt/ubna_data_01_mir/recover-20220825/UBNA_002/20220823_033000.WAV,Telephone Field,recover-20220825,002,1795
643.4645,643.5037,68437,82420,Rhinolophus ferrumequinum,0.022,0.022,-1,Echolocation,/mnt/ubna_data_01_mir/recover-20220825/UBNA_002/20220823_033000.WAV,Telephone Field,recover-20220825,002,1795
643.5035,643.5378,68437,80844,Rhinolophus ferrumequinum,0.024,0.024,-1,Echolocation,/mnt/ubna_data_01_mir/recover-20220825/UBNA_002/20220823_033000.WAV,Telephone Field,recover-20220825,002,1795
643.5195,643.5564,68437,82223,Rhinolophus ferrumequinum,0.024,0.024,-1,Echolocation,/mnt/ubna_data_01_mir/recover-20220825/UBNA_002/20220823_033000.WAV,Telephone Field,recover-20220825,002,1795
643.5445,643.5833,68437,82360,Rhinolophus ferrumequinum,0.022,0.022,-1,Echolocation,/mnt/ubna_data_01_mir/recover-20220825/UBNA_002/20220823_033000.WAV,Telephone Field,recover-20220825,002,1795
643.5605,643.6052,68437,83942,Rhinolophus ferrumequinum,0.04,0.04,-1,Echolocation,/mnt/ubna_data_01_mir/recover-20220825/UBNA_002/20220823_033000.WAV,Telephone Field,recover-20220825,002,1795
643.5945,643.6309,68437,82305,Rhinolophus ferrumequinum,0.021,0.021,-1,Echolocation,/mnt/ubna_data_01_mir/recover-20220825/UBNA_002/20220823_033000.WAV,Telephone Field,recover-20220825,002,1795
643.6105,643.6489,68437,81681,Rhinolophus ferrumequinum,0.023,0.023,-1,Echolocation,/mnt/ubna_data_01_mir/recover-20220825/UBNA_002/20220823_033000.WAV,Telephone Field,recover-20220825,002,1795
643.6585,643.6947,68437,81620,Rhinolophus ferrumequinum,0.02,0.02,-1,Echolocation,/mnt/ubna_data_01_mir/recover-20220825/UBNA_002/20220823_033000.WAV,Telephone Field,recover-20220825,002,1795
643.6705,643.6805,23750,30022,Nyctalus leisleri,0.009,0.024,-1,Echolocation,/mnt/ubna_data_01_mir/recover-20220825/UBNA_002/20220823_033000.WAV,Telephone Field,recover-20220825,002,1795
643.6795,643.7172,68437,81308,Rhinolophus ferrumequinum,0.021,0.021,-1,Echolocation,/mnt/ubna_data_01_mir/recover-20220825/UBNA_002/20220823_033000.WAV,Telephone Field,recover-20220825,002,1795
643.6855,643.7217,68437,81314,Rhinolophus ferrumequinum,0.023,0.023,-1,Echolocation,/mnt/ubna_data_01_mir/recover-20220825/UBNA_002/20220823_033000.WAV,Telephone Field,recover-20220825,002,1795
643.7245,643.7652,68437,82801,Rhinolophus ferrumequinum,0.022,0.022,-1,Echolocation,/mnt/ubna_data_01_mir/recover-20220825/UBNA_002/20220823_033000.WAV,Telephone Field,recover-20220825,002,1795
643.7445,643.7553,22031,26538,Nyctalus leisleri,0.01,0.02,-1,Echolocation,/mnt/ubna_data_01_mir/recover-20220825/UBNA_002/20220823_033000.WAV,Telephone Field,recover-20220825,002,1795
643.7745,643.8111,68437,81056,Rhinolophus ferrumequinum,0.021,0.021,-1,Echolocation,/mnt/ubna_data_01_mir/recover-20220825/UBNA_002/20220823_033000.WAV,Telephone Field,recover-20220825,002,1795
643.8005,643.8428,68437,82425,Rhinolophus ferrumequinum,0.023,0.023,-1,Echolocation,/mnt/ubna_data_01_mir/recover-20220825/UBNA_002/20220823_033000.WAV,Telephone Field,recover-20220825,002,1795
643.8515,643.8907,68437,81819,Rhinolophus ferrumequinum,0.025,0.025,-1,Echolocation,/mnt/ubna_data_01_mir/recover-20220825/UBNA_002/20220823_033000.WAV,Telephone Field,recover-20220825,002,1795
643.8775,643.9146,68437,81641,Rhinolophus ferrumequinum,0.024,0.024,-1,Echolocation,/mnt/ubna_data_01_mir/recover-20220825/UBNA_002/20220823_033000.WAV,Telephone Field,recover-20220825,002,1795
643.9205,643.9606,68437,82508,Rhinolophus ferrumequinum,0.023,0.023,-1,Echolocation,/mnt/ubna_data_01_mir/recover-20220825/UBNA_002/20220823_033000.WAV,Telephone Field,recover-20220825,002,1795
643.9515,643.9918,68437,82273,Rhinolophus ferrumequinum,0.024,0.024,-1,Echolocation,/mnt/ubna_data_01_mir/recover-20220825/UBNA_002/20220823_033000.WAV,Telephone Field,recover-20220825,002,1795
644.0015,644.015,20312,25071,Nyctalus leisleri,0.023,0.053,-1,Echolocation,/mnt/ubna_data_01_mir/recover-20220825/UBNA_002/20220823_033000.WAV,Telephone Field,recover-20220825,002,1795
644.0015,644.0081,45234,51300,Pipistrellus pipistrellus,0.023,0.028,-1,Echolocation,/mnt/ubna_data_01_mir/recover-20220825/UBNA_002/20220823_033000.WAV,Telephone Field,recover-20220825,002,1795
644.0015,644.0371,68437,80003,Rhinolophus ferrumequinum,0.041,0.041,-1,Echolocation,/mnt/ubna_data_01_mir/recover-20220825/UBNA_002/20220823_033000.WAV,Telephone Field,recover-20220825,002,1795
644.0085,644.0277,19453,22205,Nyctalus leisleri,0.012,0.021,-1,Echolocation,/mnt/ubna_data_01_mir/recover-20220825/UBNA_002/20220823_033000.WAV,Telephone Field,recover-20220825,002,1795
644.0245,644.0339,28906,36758,Eptesicus serotinus,0.008,0.021,-1,Echolocation,/mnt/ubna_data_01_mir/recover-20220825/UBNA_002/20220823_033000.WAV,Telephone Field,recover-20220825,002,1795
644.0265,644.0638,68437,81795,Rhinolophus ferrumequinum,0.021,0.021,-1,Echolocation,/mnt/ubna_data_01_mir/recover-20220825/UBNA_002/20220823_033000.WAV,Telephone Field,recover-20220825,002,1795
644.0435,644.0518,28046,39152,Eptesicus serotinus,0.009,0.023,-1,Echolocation,/mnt/ubna_data_01_mir/recover-20220825/UBNA_002/20220823_033000.WAV,Telephone Field,recover-20220825,002,1795
644.0705,644.1077,68437,82004,Rhinolophus ferrumequinum,0.022,0.022,-1,Echolocation,/mnt/ubna_data_01_mir/recover-20220825/UBNA_002/20220823_033000.WAV,Telephone Field,recover-20220825,002,1795
644.1165,644.127,28046,35830,Eptesicus serotinus,0.012,0.024,-1,Echolocation,/mnt/ubna_data_01_mir/recover-20220825/UBNA_002/20220823_033000.WAV,Telephone Field,recover-20220825,002,1795
644.1255,644.1633,68437,82442,Rhinolophus ferrumequinum,0.021,0.021,-1,Echolocation,/mnt/ubna_data_01_mir/recover-20220825/UBNA_002/20220823_033000.WAV,Telephone Field,recover-20220825,002,1795
644.1265,644.133,49531,56729,Pipistrellus pipistrellus,0.022,0.026,-1,Echolocation,/mnt/ubna_data_01_mir/recover-20220825/UBNA_002/20220823_033000.WAV,Telephone Field,recover-20220825,002,1795
644.1285,644.1359,27187,41458,Eptesicus serotinus,0.007,0.026,-1,Echolocation,/mnt/ubna_data_01_mir/recover-20220825/UBNA_002/20220823_033000.WAV,Telephone Field,recover-20220825,002,1795
644.1475,644.1818,68437,81438,Rhinolophus ferrumequinum,0.02,0.02,-1,Echolocation,/mnt/ubna_data_01_mir/recover-20220825/UBNA_002/20220823_033000.WAV,Telephone Field,recover-20220825,002,1795
644.1655,644.2072000000001,68437,82821,Rhinolophus ferrumequinum,0.024,0.024,-1,Echolocation,/mnt/ubna_data_01_mir/recover-20220825/UBNA_002/20220823_033000.WAV,Telephone Field,recover-20220825,002,1795
644.1665,644.1739,28046,38653,Eptesicus serotinus,0.009,0.027,-1,Echolocation,/mnt/ubna_data_01_mir/recover-20220825/UBNA_002/20220823_033000.WAV,Telephone Field,recover-20220825,002,1795
644.2145,644.2244,28046,38485,Eptesicus serotinus,0.01,0.024,-1,Echolocation,/mnt/ubna_data_01_mir/recover-20220825/UBNA_002/20220823_033000.WAV,Telephone Field,recover-20220825,002,1795
644.2325,644.2711,68437,81524,Rhinolophus ferrumequinum,0.022,0.022,-1,Echolocation,/mnt/ubna_data_01_mir/recover-20220825/UBNA_002/20220823_033000.WAV,Telephone Field,recover-20220825,002,1795
644.2355,644.2429,27187,37466,Eptesicus serotinus,0.016,0.044,-1,Echolocation,/mnt/ubna_data_01_mir/recover-20220825/UBNA_002/20220823_033000.WAV,Telephone Field,recover-20220825,002,1795
644.2465,644.2561,22890,28593,Nyctalus leisleri,0.01,0.023,-1,Echolocation,/mnt/ubna_data_01_mir/recover-20220825/UBNA_002/20220823_033000.WAV,Telephone Field,recover-20220825,002,1795
644.2605,644.3038,68437,82599,Rhinolophus ferrumequinum,0.023,0.023,-1,Echolocation,/mnt/ubna_data_01_mir/recover-20220825/UBNA_002/20220823_033000.WAV,Telephone Field,recover-20220825,002,1795
644.2775,644.2885,48671,53242,Pipistrellus pipistrellus,0.019,0.022,-1,Echolocation,/mnt/ubna_data_01_mir/recover-20220825/UBNA_002/20220823_033000.WAV,Telephone Field,recover-20220825,002,1795
644.3195,644.3551,68437,81173,Rhinolophus ferrumequinum,0.022,0.022,-1,Echolocation,/mnt/ubna_data_01_mir/recover-20220825/UBNA_002/20220823_033000.WAV,Telephone Field,recover-20220825,002,1795
644.3575,644.3969,68437,82379,Rhinolophus ferrumequinum,0.021,0.021,-1,Echolocation,/mnt/ubna_data_01_mir/recover-20220825/UBNA_002/20220823_033000.WAV,Telephone Field,recover-20220825,002,1795
644.3625,644.3723,28046,36284,Eptesicus serotinus,0.022,0.043,-1,Echolocation,/mnt/ubna_data_01_mir/recover-20220825/UBNA_002/20220823_033000.WAV,Telephone Field,recover-20220825,002,1795
644.3785,644.4164,68437,81888,Rhinolophus ferrumequinum,0.02,0.02,-1,Echolocation,/mnt/ubna_data_01_mir/recover-20220825/UBNA_002/20220823_033000.WAV,Telephone Field,recover-20220825,002,1795
644.4025,644.4145,22890,27550,Nyctalus leisleri,0.02,0.041,-1,Echolocation,/mnt/ubna_data_01_mir/recover-20220825/UBNA_002/20220823_033000.WAV,Telephone Field,recover-20220825,002,1795
644.4425,644.4532,22031,26407,Nyctalus leisleri,0.01,0.022,-1,Echolocation,/mnt/ubna_data_01_mir/recover-20220825/UBNA_002/20220823_033000.WAV,Telephone Field,recover-20220825,002,1795
644.5365,644.5446,27187,38201,Eptesicus serotinus,0.008,0.023,-1,Echolocation,/mnt/ubna_data_01_mir/recover-20220825/UBNA_002/20220823_033000.WAV,Telephone Field,recover-20220825,002,1795
644.5825,644.6261,68437,83062,Rhinolophus ferrumequinum,0.026,0.026,-1,Echolocation,/mnt/ubna_data_01_mir/recover-20220825/UBNA_002/20220823_033000.WAV,Telephone Field,recover-20220825,002,1795
644.5955,644.6337,68437,81675,Rhinolophus ferrumequinum,0.022,0.022,-1,Echolocation,/mnt/ubna_data_01_mir/recover-20220825/UBNA_002/20220823_033000.WAV,Telephone Field,recover-20220825,002,1795
644.6245,644.6637,68437,82367,Rhinolophus ferrumequinum,0.025,0.025,-1,Echolocation,/mnt/ubna_data_01_mir/recover-20220825/UBNA_002/20220823_033000.WAV,Telephone Field,recover-20220825,002,1795
644.6275,644.6384,51250,56138,Pipistrellus pipistrellus,0.017,0.025,-1,Echolocation,/mnt/ubna_data_01_mir/recover-20220825/UBNA_002/20220823_033000.WAV,Telephone Field,recover-20220825,002,1795
644.6735,644.7119,68437,81844,Rhinolophus ferrumequinum,0.021,0.021,-1,Echolocation,/mnt/ubna_data_01_mir/recover-20220825/UBNA_002/20220823_033000.WAV,Telephone Field,recover-20220825,002,1795
644.6845,644.7261,68437,82364,Rhinolophus ferrumequinum,0.03,0.03,-1,Echolocation,/mnt/ubna_data_01_mir/recover-20220825/UBNA_002/20220823_033000.WAV,Telephone Field,recover-20220825,002,1795
644.6885,644.6986,28906,37084,Eptesicus serotinus,0.01,0.021,-1,Echolocation,/mnt/ubna_data_01_mir/recover-20220825/UBNA_002/20220823_033000.WAV,Telephone Field,recover-20220825,002,1795
644.7285,644.7678,68437,82044,Rhinolophus ferrumequinum,0.022,0.022,-1,Echolocation,/mnt/ubna_data_01_mir/recover-20220825/UBNA_002/20220823_033000.WAV,Telephone Field,recover-20220825,002,1795
644.7435,644.7609,22890,26616,Nyctalus leisleri,0.03,0.052,-1,Echolocation,/mnt/ubna_data_01_mir/recover-20220825/UBNA_002/20220823_033000.WAV,Telephone Field,recover-20220825,002,1795
644.7665,644.8039,68437,81428,Rhinolophus ferrumequinum,0.022,0.022,-1,Echolocation,/mnt/ubna_data_01_mir/recover-20220825/UBNA_002/20220823_033000.WAV,Telephone Field,recover-20220825,002,1795
644.7775,644.7844,28046,37825,Eptesicus serotinus,0.006,0.021,-1,Echolocation,/mnt/ubna_data_01_mir/recover-20220825/UBNA_002/20220823_033000.WAV,Telephone Field,recover-20220825,002,1795
644.9065,644.9493,68437,82520,Rhinolophus ferrumequinum,0.035,0.035,-1,Echolocation,/mnt/ubna_data_01_mir/recover-20220825/UBNA_002/20220823_033000.WAV,Telephone Field,recover-20220825,002,1795
644.9435,644.9861,68437,82655,Rhinolophus ferrumequinum,0.026,0.026,-1,Echolocation,/mnt/ubna_data_01_mir/recover-20220825/UBNA_002/20220823_033000.WAV,Telephone Field,recover-20220825,002,1795
644.9485,644.9559,24609,33462,Plecotus austriacus,0.01,0.033,-1,Echolocation,/mnt/ubna_data_01_mir/recover-20220825/UBNA_002/20220823_033000.WAV,Telephone Field,recover-20220825,002,1795
644.9875,644.9965,28046,37138,Eptesicus serotinus,0.008,0.023,-1,Echolocation,/mnt/ubna_data_01_mir/recover-20220825/UBNA_002/20220823_033000.WAV,Telephone Field,recover-20220825,002,1795
645.0095,645.0474,68437,81541,Rhinolophus ferrumequinum,0.02,0.02,-1,Echolocation,/mnt/ubna_data_01_mir/recover-20220825/UBNA_002/20220823_033000.WAV,Telephone Field,recover-20220825,002,1795
645.0225,645.0332,23750,29603,Nyctalus leisleri,0.011,0.025,-1,Echolocation,/mnt/ubna_data_01_mir/recover-20220825/UBNA_002/20220823_033000.WAV,Telephone Field,recover-20220825,002,1795
645.0325,645.0424,22890,29501,Nyctalus leisleri,0.009,0.024,-1,Echolocation,/mnt/ubna_data_01_mir/recover-20220825/UBNA_002/20220823_033000.WAV,Telephone Field,recover-20220825,002,1795
645.0685,645.0781,28046,38261,Eptesicus serotinus,0.01,0.023,-1,Echolocation,/mnt/ubna_data_01_mir/recover-20220825/UBNA_002/20220823_033000.WAV,Telephone Field,recover-20220825,002,1795
645.0835,645.0914,28906,41273,Eptesicus serotinus,0.007,0.021,-1,Echolocation,/mnt/ubna_data_01_mir/recover-20220825/UBNA_002/20220823_033000.WAV,Telephone Field,recover-20220825,002,1795
645.1195,645.1317,22890,27714,Nyctalus leisleri,0.012,0.022,-1,Echolocation,/mnt/ubna_data_01_mir/recover-20220825/UBNA_002/20220823_033000.WAV,Telephone Field,recover-20220825,002,1795
645.1205,645.1269,46093,53287,Pipistrellus pipistrellus,0.02,0.022,-1,Echolocation,/mnt/ubna_data_01_mir/recover-20220825/UBNA_002/20220823_033000.WAV,Telephone Field,recover-20220825,002,1795
645.1225,645.1314,28906,38730,Eptesicus serotinus,0.008,0.021,-1,Echolocation,/mnt/ubna_data_01_mir/recover-20220825/UBNA_002/20220823_033000.WAV,Telephone Field,recover-20220825,002,1795
645.1405,645.1513,55546,59352,Pipistrellus pygmaeus,0.025,0.026,-1,Echolocation,/mnt/ubna_data_01_mir/recover-20220825/UBNA_002/20220823_033000.WAV,Telephone Field,recover-20220825,002,1795
645.1485,645.1567,28906,39368,Eptesicus serotinus,0.008,0.024,-1,Echolocation,/mnt/ubna_data_01_mir/recover-20220825/UBNA_002/20220823_033000.WAV,Telephone Field,recover-20220825,002,1795
645.1605,645.1715,28906,36601,Eptesicus serotinus,0.011,0.025,-1,Echolocation,/mnt/ubna_data_01_mir/recover-20220825/UBNA_002/20220823_033000.WAV,Telephone Field,recover-20220825,002,1795
645.2105,645.251,68437,82106,Rhinolophus ferrumequinum,0.022,0.022,-1,Echolocation,/mnt/ubna_data_01_mir/recover-20220825/UBNA_002/20220823_033000.WAV,Telephone Field,recover-20220825,002,1795
645.2145,645.2232,28046,40791,Eptesicus serotinus,0.008,0.022,-1,Echolocation,/mnt/ubna_data_01_mir/recover-20220825/UBNA_002/20220823_033000.WAV,Telephone Field,recover-20220825,002,1795
645.2425,645.2528,22031,27308,Nyctalus leisleri,0.009,0.023,-1,Echolocation,/mnt/ubna_data_01_mir/recover-20220825/UBNA_002/20220823_033000.WAV,Telephone Field,recover-20220825,002,1795
645.2845,645.3242,68437,82378,Rhinolophus ferrumequinum,0.021,0.021,-1,Echolocation,/mnt/ubna_data_01_mir/recover-20220825/UBNA_002/20220823_033000.WAV,Telephone Field,recover-20220825,002,1795
645.2845,645.2924,45234,50264,Pipistrellus pipistrellus,0.021,0.022,-1,Echolocation,/mnt/ubna_data_01_mir/recover-20220825/UBNA_002/20220823_033000.WAV,Telephone Field,recover-20220825,002,1795
645.2875,645.2993,22031,26267,Nyctalus leisleri,0.012,0.023,-1,Echolocation,/mnt/ubna_data_01_mir/recover-20220825/UBNA_002/20220823_033000.WAV,Telephone Field,recover-20220825,002,1795
645.3155,645.3563,68437,82692,Rhinolophus ferrumequinum,0.023,0.023,-1,Echolocation,/mnt/ubna_data_01_mir/recover-20220825/UBNA_002/20220823_033000.WAV,Telephone Field,recover-20220825,002,1795
645.3295,645.3712,68437,82702,Rhinolophus ferrumequinum,0.027,0.027,-1,Echolocation,/mnt/ubna_data_01_mir/recover-20220825/UBNA_002/20220823_033000.WAV,Telephone Field,recover-20220825,002,1795
645.3465,645.3518,48671,53973,Pipistrellus pipistrellus,0.021,0.022,-1,Echolocation,/mnt/ubna_data_01_mir/recover-20220825/UBNA_002/20220823_033000.WAV,Telephone Field,recover-20220825,002,1795
645.4175,645.4299,16015,22354,Nyctalus noctula,0.012,0.02,-1,Echolocation,/mnt/ubna_data_01_mir/recover-20220825/UBNA_002/20220823_033000.WAV,Telephone Field,recover-20220825,002,1795
645.4365,645.4463,25468,32338,Eptesicus serotinus,0.012,0.029,-1,Echolocation,/mnt/ubna_data_01_mir/recover-20220825/UBNA_002/20220823_033000.WAV,Telephone Field,recover-20220825,002,1795
645.4915,645.5285,68437,81547,Rhinolophus ferrumequinum,0.022,0.022,-1,Echolocation,/mnt/ubna_data_01_mir/recover-20220825/UBNA_002/20220823_033000.WAV,Telephone Field,recover-20220825,002,1795
645.5015,645.5392,68437,81920,Rhinolophus ferrumequinum,0.021,0.021,-1,Echolocation,/mnt/ubna_data_01_mir/recover-20220825/UBNA_002/20220823_033000.WAV,Telephone Field,recover-20220825,002,1795
645.5115,645.5205,22890,29465,Plecotus austriacus,0.008,0.022,-1,Echolocation,/mnt/ubna_data_01_mir/recover-20220825/UBNA_002/20220823_033000.WAV,Telephone Field,recover-20220825,002,1795
645.5215,645.5593,68437,81682,Rhinolophus ferrumequinum,0.028,0.028,-1,Echolocation,/mnt/ubna_data_01_mir/recover-20220825/UBNA_002/20220823_033000.WAV,Telephone Field,recover-20220825,002,1795
645.5295,645.5411,22031,26787,Nyctalus leisleri,0.012,0.024,-1,Echolocation,/mnt/ubna_data_01_mir/recover-20220825/UBNA_002/20220823_033000.WAV,Telephone Field,recover-20220825,002,1795
645.5365,645.5779,68437,82850,Rhinolophus ferrumequinum,0.027,0.027,-1,Echolocation,/mnt/ubna_data_01_mir/recover-20220825/UBNA_002/20220823_033000.WAV,Telephone Field,recover-20220825,002,1795
645.5645,645.5716,58984,63977,Pipistrellus pygmaeus,0.032,0.033,-1,Echolocation,/mnt/ubna_data_01_mir/recover-20220825/UBNA_002/20220823_033000.WAV,Telephone Field,recover-20220825,002,1795
645.5645,645.6036,68437,81905,Rhinolophus ferrumequinum,0.02,0.02,-1,Echolocation,/mnt/ubna_data_01_mir/recover-20220825/UBNA_002/20220823_033000.WAV,Telephone Field,recover-20220825,002,1795
645.6245,645.6627,68437,82541,Rhinolophus ferrumequinum,0.023,0.023,-1,Echolocation,/mnt/ubna_data_01_mir/recover-20220825/UBNA_002/20220823_033000.WAV,Telephone Field,recover-20220825,002,1795
645.6815,645.6915,28906,39838,Eptesicus serotinus,0.01,0.024,-1,Echolocation,/mnt/ubna_data_01_mir/recover-20220825/UBNA_002/20220823_033000.WAV,Telephone Field,recover-20220825,002,1795
645.6995,645.7375,68437,82100,Rhinolophus ferrumequinum,0.021,0.021,-1,Echolocation,/mnt/ubna_data_01_mir/recover-20220825/UBNA_002/20220823_033000.WAV,Telephone Field,recover-20220825,002,1795
645.7275,645.7671,68437,82226,Rhinolophus ferrumequinum,0.023,0.023,-1,Echolocation,/mnt/ubna_data_01_mir/recover-20220825/UBNA_002/20220823_033000.WAV,Telephone Field,recover-20220825,002,1795
645.7315,645.7404,28046,41157,Eptesicus serotinus,0.01,0.026,-1,Echolocation,/mnt/ubna_data_01_mir/recover-20220825/UBNA_002/20220823_033000.WAV,Telephone Field,recover-20220825,002,1795
645.7425,645.7832,68437,82599,Rhinolophus ferrumequinum,0.02,0.02,-1,Echolocation,/mnt/ubna_data_01_mir/recover-20220825/UBNA_002/20220823_033000.WAV,Telephone Field,recover-20220825,002,1795
645.7435,645.7532,28046,35721,Eptesicus serotinus,0.01,0.023,-1,Echolocation,/mnt/ubna_data_01_mir/recover-20220825/UBNA_002/20220823_033000.WAV,Telephone Field,recover-20220825,002,1795
645.7825,645.7938,27187,34291,Eptesicus serotinus,0.034,0.058,-1,Echolocation,/mnt/ubna_data_01_mir/recover-20220825/UBNA_002/20220823_033000.WAV,Telephone Field,recover-20220825,002,1795
645.8185,645.8271,28046,40494,Eptesicus serotinus,0.008,0.02,-1,Echolocation,/mnt/ubna_data_01_mir/recover-20220825/UBNA_002/20220823_033000.WAV,Telephone Field,recover-20220825,002,1795
645.8585,645.8962,68437,81603,Rhinolophus ferrumequinum,0.02,0.021,-1,Echolocation,/mnt/ubna_data_01_mir/recover-20220825/UBNA_002/20220823_033000.WAV,Telephone Field,recover-20220825,002,1795
645.9145,645.9509,68437,81443,Rhinolophus ferrumequinum,0.022,0.022,-1,Echolocation,/mnt/ubna_data_01_mir/recover-20220825/UBNA_002/20220823_033000.WAV,Telephone Field,recover-20220825,002,1795
645.9365,645.947,23750,29150,Nyctalus leisleri,0.011,0.024,-1,Echolocation,/mnt/ubna_data_01_mir/recover-20220825/UBNA_002/20220823_033000.WAV,Telephone Field,recover-20220825,002,1795
645.9375,645.977,68437,82550,Rhinolophus ferrumequinum,0.042,0.042,-1,Echolocation,/mnt/ubna_data_01_mir/recover-20220825/UBNA_002/20220823_033000.WAV,Telephone Field,recover-20220825,002,1795
645.9665,645.9752,26328,34635,Eptesicus serotinus,0.012,0.032,-1,Echolocation,/mnt/ubna_data_01_mir/recover-20220825/UBNA_002/20220823_033000.WAV,Telephone Field,recover-20220825,002,1795
646.0015,646.0116,47812,53272,Pipistrellus pipistrellus,0.023,0.029,-1,Echolocation,/mnt/ubna_data_01_mir/recover-20220825/UBNA_002/20220823_033000.WAV,Telephone Field,recover-20220825,002,1795
646.0015,646.033,68437,79588,Rhinolophus ferrumequinum,0.032,0.032,-1,Echolocation,/mnt/ubna_data_01_mir/recover-20220825/UBNA_002/20220823_033000.WAV,Telephone Field,recover-20220825,002,1795
646.0015,646.0105,26328,37244,Nyctalus leisleri,0.01,0.031,-1,Echolocation,/mnt/ubna_data_01_mir/recover-20220825/UBNA_002/20220823_033000.WAV,Telephone Field,recover-20220825,002,1795
646.0355,646.0728,68437,81539,Rhinolophus ferrumequinum,0.022,0.022,-1,Echolocation,/mnt/ubna_data_01_mir/recover-20220825/UBNA_002/20220823_033000.WAV,Telephone Field,recover-20220825,002,1795
646.0475,646.084,68437,81265,Rhinolophus ferrumequinum,0.023,0.024,-1,Echolocation,/mnt/ubna_data_01_mir/recover-20220825/UBNA_002/20220823_033000.WAV,Telephone Field,recover-20220825,002,1795
646.0705,646.0818,44375,49649,Pipistrellus pipistrellus,0.033,0.041,-1,Echolocation,/mnt/ubna_data_01_mir/recover-20220825/UBNA_002/20220823_033000.WAV,Telephone Field,recover-20220825,002,1795
646.0935,646.1032,26328,35027,Eptesicus serotinus,0.011,0.025,-1,Echolocation,/mnt/ubna_data_01_mir/recover-20220825/UBNA_002/20220823_033000.WAV,Telephone Field,recover-20220825,002,1795
646.1065,646.119,23750,28953,Nyctalus leisleri,0.011,0.024,-1,Echolocation,/mnt/ubna_data_01_mir/recover-20220825/UBNA_002/20220823_033000.WAV,Telephone Field,recover-20220825,002,1795
646.1155,646.1574,68437,82949,Rhinolophus ferrumequinum,0.024,0.024,-1,Echolocation,/mnt/ubna_data_01_mir/recover-20220825/UBNA_002/20220823_033000.WAV,Telephone Field,recover-20220825,002,1795
646.1205,646.1317,22890,27223,Nyctalus leisleri,0.013,0.025,-1,Echolocation,/mnt/ubna_data_01_mir/recover-20220825/UBNA_002/20220823_033000.WAV,Telephone Field,recover-20220825,002,1795
646.1465,646.1562,23750,31180,Nyctalus leisleri,0.028,0.099,-1,Echolocation,/mnt/ubna_data_01_mir/recover-20220825/UBNA_002/20220823_033000.WAV,Telephone Field,recover-20220825,002,1795
646.1935,646.2334,68437,82164,Rhinolophus ferrumequinum,0.024,0.024,-1,Echolocation,/mnt/ubna_data_01_mir/recover-20220825/UBNA_002/20220823_033000.WAV,Telephone Field,recover-20220825,002,1795
646.2115,646.2476,68437,82155,Rhinolophus ferrumequinum,0.023,0.023,-1,Echolocation,/mnt/ubna_data_01_mir/recover-20220825/UBNA_002/20220823_033000.WAV,Telephone Field,recover-20220825,002,1795
646.2165,646.2244,22890,30742,Plecotus austriacus,0.009,0.022,-1,Echolocation,/mnt/ubna_data_01_mir/recover-20220825/UBNA_002/20220823_033000.WAV,Telephone Field,recover-20220825,002,1795
646.2265,646.2626,68437,81004,Rhinolophus ferrumequinum,0.022,0.022,-1,Echolocation,/mnt/ubna_data_01_mir/recover-20220825/UBNA_002/20220823_033000.WAV,Telephone Field,recover-20220825,002,1795
646.2565,646.2954,68437,82223,Rhinolophus ferrumequinum,0.024,0.024,-1,Echolocation,/mnt/ubna_data_01_mir/recover-20220825/UBNA_002/20220823_033000.WAV,Telephone Field,recover-20220825,002,1795
646.2945,646.3335,68437,82276,Rhinolophus ferrumequinum,0.029,0.029,-1,Echolocation,/mnt/ubna_data_01_mir/recover-20220825/UBNA_002/20220823_033000.WAV,Telephone Field,recover-20220825,002,1795
646.3005,646.3097,28046,37026,Eptesicus serotinus,0.009,0.024,-1,Echolocation,/mnt/ubna_data_01_mir/recover-20220825/UBNA_002/20220823_033000.WAV,Telephone Field,recover-20220825,002,1795
646.3185,646.3251,28046,45217,Myotis daubentonii,0.008,0.034,-1,Echolocation,/mnt/ubna_data_01_mir/recover-20220825/UBNA_002/20220823_033000.WAV,Telephone Field,recover-20220825,002,1795
646.3435,646.3845,68437,82914,Rhinolophus ferrumequinum,0.026,0.026,-1,Echolocation,/mnt/ubna_data_01_mir/recover-20220825/UBNA_002/20220823_033000.WAV,Telephone Field,recover-20220825,002,1795
646.3475,646.3547,28046,38186,Eptesicus serotinus,0.006,0.023,-1,Echolocation,/mnt/ubna_data_01_mir/recover-20220825/UBNA_002/20220823_033000.WAV,Telephone Field,recover-20220825,002,1795
646.3865,646.3936,26328,38711,Eptesicus serotinus,0.007,0.024,-1,Echolocation,/mnt/ubna_data_01_mir/recover-20220825/UBNA_002/20220823_033000.WAV,Telephone Field,recover-20220825,002,1795
646.4275,646.4666,68437,82024,Rhinolophus ferrumequinum,0.025,0.025,-1,Echolocation,/mnt/ubna_data_01_mir/recover-20220825/UBNA_002/20220823_033000.WAV,Telephone Field,recover-20220825,002,1795
646.4355,646.4453,25468,33162,Eptesicus serotinus,0.009,0.023,-1,Echolocation,/mnt/ubna_data_01_mir/recover-20220825/UBNA_002/20220823_033000.WAV,Telephone Field,recover-20220825,002,1795
646.4695,646.4772,28046,36829,Eptesicus serotinus,0.008,0.026,-1,Echolocation,/mnt/ubna_data_01_mir/recover-20220825/UBNA_002/20220823_033000.WAV,Telephone Field,recover-20220825,002,1795
646.5305,646.5679,68437,82093,Rhinolophus ferrumequinum,0.023,0.023,-1,Echolocation,/mnt/ubna_data_01_mir/recover-20220825/UBNA_002/20220823_033000.WAV,Telephone Field,recover-20220825,002,1795
646.5385,646.5766,68437,81964,Rhinolophus ferrumequinum,0.024,0.024,-1,Echolocation,/mnt/ubna_data_01_mir/recover-20220825/UBNA_002/20220823_033000.WAV,Telephone Field,recover-20220825,002,1795
646.6655,646.7052,68437,82218,Rhinolophus ferrumequinum,0.023,0.023,-1,Echolocation,/mnt/ubna_data_01_mir/recover-20220825/UBNA_002/20220823_033000.WAV,Telephone Field,recover-20220825,002,1795
646.6695,646.6778,34062,40865,Myotis daubentonii,0.007,0.023,-1,Echolocation,/mnt/ubna_data_01_mir/recover-20220825/UBNA_002/20220823_033000.WAV,Telephone Field,recover-20220825,002,1795
646.6695,646.6775,28046,38755,Eptesicus serotinus,0.007,0.022,-1,Echolocation,/mnt/ubna_data_01_mir/recover-20220825/UBNA_002/20220823_033000.WAV,Telephone Field,recover-20220825,002,1795
646.6725,646.695,18593,21806,Nyctalus noctula,0.043,0.068,-1,Echolocation,/mnt/ubna_data_01_mir/recover-20220825/UBNA_002/20220823_033000.WAV,Telephone Field,recover-20220825,002,1795
646.6825,646.6896,47812,55761,Pipistrellus pipistrellus,0.021,0.023,-1,Echolocation,/mnt/ubna_data_01_mir/recover-20220825/UBNA_002/20220823_033000.WAV,Telephone Field,recover-20220825,002,1795
646.7115,646.7223,23750,30184,Nyctalus leisleri,0.009,0.023,-1,Echolocation,/mnt/ubna_data_01_mir/recover-20220825/UBNA_002/20220823_033000.WAV,Telephone Field,recover-20220825,002,1795
646.7605,646.7985,68437,82290,Rhinolophus ferrumequinum,0.033,0.033,-1,Echolocation,/mnt/ubna_data_01_mir/recover-20220825/UBNA_002/20220823_033000.WAV,Telephone Field,recover-20220825,002,1795
646.7785,646.7878,25468,33279,Eptesicus serotinus,0.01,0.024,-1,Echolocation,/mnt/ubna_data_01_mir/recover-20220825/UBNA_002/20220823_033000.WAV,Telephone Field,recover-20220825,002,1795
646.8135,646.8525,68437,82365,Rhinolophus ferrumequinum,0.025,0.025,-1,Echolocation,/mnt/ubna_data_01_mir/recover-20220825/UBNA_002/20220823_033000.WAV,Telephone Field,recover-20220825,002,1795
646.8395,646.8517,30625,36987,Eptesicus serotinus,0.016,0.041,-1,Echolocation,/mnt/ubna_data_01_mir/recover-20220825/UBNA_002/20220823_033000.WAV,Telephone Field,recover-20220825,002,1795
646.8435,646.8504,23750,32721,Plecotus austriacus,0.013,0.027,-1,Echolocation,/mnt/ubna_data_01_mir/recover-20220825/UBNA_002/20220823_033000.WAV,Telephone Field,recover-20220825,002,1795
646.8875,646.8965,28906,37041,Eptesicus serotinus,0.009,0.025,-1,Echolocation,/mnt/ubna_data_01_mir/recover-20220825/UBNA_002/20220823_033000.WAV,Telephone Field,recover-20220825,002,1795
646.9065,646.9463,68437,82401,Rhinolophus ferrumequinum,0.024,0.024,-1,Echolocation,/mnt/ubna_data_01_mir/recover-20220825/UBNA_002/20220823_033000.WAV,Telephone Field,recover-20220825,002,1795
646.9365,646.9431,24609,34143,Plecotus austriacus,0.008,0.023,-1,Echolocation,/mnt/ubna_data_01_mir/recover-20220825/UBNA_002/20220823_033000.WAV,Telephone Field,recover-20220825,002,1795
646.9525,646.9933,68437,82731,Rhinolophus ferrumequinum,0.023,0.023,-1,Echolocation,/mnt/ubna_data_01_mir/recover-20220825/UBNA_002/20220823_033000.WAV,Telephone Field,recover-20220825,002,1795
646.9595,646.9676,26328,35131,Eptesicus serotinus,0.008,0.024,-1,Echolocation,/mnt/ubna_data_01_mir/recover-20220825/UBNA_002/20220823_033000.WAV,Telephone Field,recover-20220825,002,1795
646.9595,647.0017,68437,82685,Rhinolophus ferrumequinum,0.022,0.022,-1,Echolocation,/mnt/ubna_data_01_mir/recover-20220825/UBNA_002/20220823_033000.WAV,Telephone Field,recover-20220825,002,1795
646.9845,647.021,68437,80905,Rhinolophus ferrumequinum,0.036,0.036,-1,Echolocation,/mnt/ubna_data_01_mir/recover-20220825/UBNA_002/20220823_033000.WAV,Telephone Field,recover-20220825,002,1795
647.0395,647.0815,68437,82390,Rhinolophus ferrumequinum,0.03,0.03,-1,Echolocation,/mnt/ubna_data_01_mir/recover-20220825/UBNA_002/20220823_033000.WAV,Telephone Field,recover-20220825,002,1795
647.0425,647.0527,27187,36880,Eptesicus serotinus,0.012,0.027,-1,Echolocation,/mnt/ubna_data_01_mir/recover-20220825/UBNA_002/20220823_033000.WAV,Telephone Field,recover-20220825,002,1795
647.0685,647.0882,20312,23168,Nyctalus leisleri,0.016,0.027,-1,Echolocation,/mnt/ubna_data_01_mir/recover-20220825/UBNA_002/20220823_033000.WAV,Telephone Field,recover-20220825,002,1795
647.0705,647.1112,68437,81691,Rhinolophus ferrumequinum,0.026,0.026,-1,Echolocation,/mnt/ubna_data_01_mir/recover-20220825/UBNA_002/20220823_033000.WAV,Telephone Field,recover-20220825,002,1795
647.0715,647.0797,28046,40722,Eptesicus serotinus,0.008,0.023,-1,Echolocation,/mnt/ubna_data_01_mir/recover-20220825/UBNA_002/20220823_033000.WAV,Telephone Field,recover-20220825,002,1795
647.1275,647.1675,68437,82382,Rhinolophus ferrumequinum,0.025,0.025,-1,Echolocation,/mnt/ubna_data_01_mir/recover-20220825/UBNA_002/20220823_033000.WAV,Telephone Field,recover-20220825,002,1795
647.1715,647.2128,68437,82984,Rhinolophus ferrumequinum,0.025,0.025,-1,Echolocation,/mnt/ubna_data_01_mir/recover-20220825/UBNA_002/20220823_033000.WAV,Telephone Field,recover-20220825,002,1795
647.2315,647.2771,68437,83504,Rhinolophus ferrumequinum,0.041,0.041,-1,Echolocation,/mnt/ubna_data_01_mir/recover-20220825/UBNA_002/20220823_033000.WAV,Telephone Field,recover-20220825,002,1795
647.2735,647.2847,22031,26941,Nyctalus leisleri,0.015,0.029,-1,Echolocation,/mnt/ubna_data_01_mir/recover-20220825/UBNA_002/20220823_033000.WAV,Telephone Field,recover-20220825,002,1795
647.2755,647.2823,28046,39372,Eptesicus serotinus,0.006,0.026,-1,Echolocation,/mnt/ubna_data_01_mir/recover-20220825/UBNA_002/20220823_033000.WAV,Telephone Field,recover-20220825,002,1795
647.3455,647.383,68437,81835,Rhinolophus ferrumequinum,0.023,0.023,-1,Echolocation,/mnt/ubna_data_01_mir/recover-20220825/UBNA_002/20220823_033000.WAV,Telephone Field,recover-20220825,002,1795
647.3795,647.4207,68437,82444,Rhinolophus ferrumequinum,0.022,0.022,-1,Echolocation,/mnt/ubna_data_01_mir/recover-20220825/UBNA_002/20220823_033000.WAV,Telephone Field,recover-20220825,002,1795
647.4014999999999,647.4398,68437,82016,Rhinolophus ferrumequinum,0.022,0.022,-1,Echolocation,/mnt/ubna_data_01_mir/recover-20220825/UBNA_002/20220823_033000.WAV,Telephone Field,recover-20220825,002,1795
647.4235,647.4358,42656,45568,Pipistrellus pipistrellus,0.027,0.033,-1,Echolocation,/mnt/ubna_data_01_mir/recover-20220825/UBNA_002/20220823_033000.WAV,Telephone Field,recover-20220825,002,1795
647.4775,647.488,22031,28013,Nyctalus leisleri,0.009,0.024,-1,Echolocation,/mnt/ubna_data_01_mir/recover-20220825/UBNA_002/20220823_033000.WAV,Telephone Field,recover-20220825,002,1795
647.5325,647.5693,68437,81681,Rhinolophus ferrumequinum,0.023,0.023,-1,Echolocation,/mnt/ubna_data_01_mir/recover-20220825/UBNA_002/20220823_033000.WAV,Telephone Field,recover-20220825,002,1795
647.5445,647.5516,28046,44708,Eptesicus serotinus,0.009,0.032,-1,Echolocation,/mnt/ubna_data_01_mir/recover-20220825/UBNA_002/20220823_033000.WAV,Telephone Field,recover-20220825,002,1795
647.6265,647.6386,23750,30602,Nyctalus leisleri,0.014,0.034,-1,Echolocation,/mnt/ubna_data_01_mir/recover-20220825/UBNA_002/20220823_033000.WAV,Telephone Field,recover-20220825,002,1795
647.6265,647.6705,68437,83697,Rhinolophus ferrumequinum,0.039,0.039,-1,Echolocation,/mnt/ubna_data_01_mir/recover-20220825/UBNA_002/20220823_033000.WAV,Telephone Field,recover-20220825,002,1795
647.6775,647.7139,68437,81267,Rhinolophus ferrumequinum,0.023,0.023,-1,Echolocation,/mnt/ubna_data_01_mir/recover-20220825/UBNA_002/20220823_033000.WAV,Telephone Field,recover-20220825,002,1795
647.6825,647.691,28906,38790,Eptesicus serotinus,0.008,0.024,-1,Echolocation,/mnt/ubna_data_01_mir/recover-20220825/UBNA_002/20220823_033000.WAV,Telephone Field,recover-20220825,002,1795
647.7075,647.7149,28046,40457,Eptesicus serotinus,0.008,0.024,-1,Echolocation,/mnt/ubna_data_01_mir/recover-20220825/UBNA_002/20220823_033000.WAV,Telephone Field,recover-20220825,002,1795
647.7195,647.7583,68437,81899,Rhinolophus ferrumequinum,0.023,0.023,-1,Echolocation,/mnt/ubna_data_01_mir/recover-20220825/UBNA_002/20220823_033000.WAV,Telephone Field,recover-20220825,002,1795
647.7425,647.7806,68437,82695,Rhinolophus ferrumequinum,0.024,0.024,-1,Echolocation,/mnt/ubna_data_01_mir/recover-20220825/UBNA_002/20220823_033000.WAV,Telephone Field,recover-20220825,002,1795
647.7675,647.7754,28046,40358,Eptesicus serotinus,0.008,0.024,-1,Echolocation,/mnt/ubna_data_01_mir/recover-20220825/UBNA_002/20220823_033000.WAV,Telephone Field,recover-20220825,002,1795
647.7865,647.8272,68437,82470,Rhinolophus ferrumequinum,0.027,0.027,-1,Echolocation,/mnt/ubna_data_01_mir/recover-20220825/UBNA_002/20220823_033000.WAV,Telephone Field,recover-20220825,002,1795
647.7955,647.8362,68437,82906,Rhinolophus ferrumequinum,0.022,0.023,-1,Echolocation,/mnt/ubna_data_01_mir/recover-20220825/UBNA_002/20220823_033000.WAV,Telephone Field,recover-20220825,002,1795
647.8575,647.8984,68437,82172,Rhinolophus ferrumequinum,0.024,0.024,-1,Echolocation,/mnt/ubna_data_01_mir/recover-20220825/UBNA_002/20220823_033000.WAV,Telephone Field,recover-20220825,002,1795
647.9295,647.9688,68437,81771,Rhinolophus ferrumequinum,0.023,0.023,-1,Echolocation,/mnt/ubna_data_01_mir/recover-20220825/UBNA_002/20220823_033000.WAV,Telephone Field,recover-20220825,002,1795
647.9355,647.9485,22031,26104,Nyctalus leisleri,0.014,0.025,-1,Echolocation,/mnt/ubna_data_01_mir/recover-20220825/UBNA_002/20220823_033000.WAV,Telephone Field,recover-20220825,002,1795
648.0015,648.0127,48671,56228,Pipistrellus pipistrellus,0.02,0.029,-1,Echolocation,/mnt/ubna_data_01_mir/recover-20220825/UBNA_002/20220823_033000.WAV,Telephone Field,recover-20220825,002,1795
648.0015,648.0097,28046,39851,Myotis daubentonii,0.006,0.022,-1,Echolocation,/mnt/ubna_data_01_mir/recover-20220825/UBNA_002/20220823_033000.WAV,Telephone Field,recover-20220825,002,1795
648.0015,648.0342,68437,80368,Rhinolophus ferrumequinum,0.044,0.044,-1,Echolocation,/mnt/ubna_data_01_mir/recover-20220825/UBNA_002/20220823_033000.WAV,Telephone Field,recover-20220825,002,1795
648.0095,648.0562,68437,83798,Rhinolophus ferrumequinum,0.026,0.026,-1,Echolocation,/mnt/ubna_data_01_mir/recover-20220825/UBNA_002/20220823_033000.WAV,Telephone Field,recover-20220825,002,1795
648.0185,648.0272,28046,37399,Eptesicus serotinus,0.01,0.026,-1,Echolocation,/mnt/ubna_data_01_mir/recover-20220825/UBNA_002/20220823_033000.WAV,Telephone Field,recover-20220825,002,1795
648.0305,648.0415,23750,28655,Nyctalus leisleri,0.012,0.024,-1,Echolocation,/mnt/ubna_data_01_mir/recover-20220825/UBNA_002/20220823_033000.WAV,Telephone Field,recover-20220825,002,1795
648.1135,648.1527,68437,82593,Rhinolophus ferrumequinum,0.025,0.025,-1,Echolocation,/mnt/ubna_data_01_mir/recover-20220825/UBNA_002/20220823_033000.WAV,Telephone Field,recover-20220825,002,1795
648.1295,648.1405,28046,36324,Eptesicus serotinus,0.014,0.027,-1,Echolocation,/mnt/ubna_data_01_mir/recover-20220825/UBNA_002/20220823_033000.WAV,Telephone Field,recover-20220825,002,1795
648.1514999999999,648.1585,27187,40850,Eptesicus serotinus,0.008,0.027,-1,Echolocation,/mnt/ubna_data_01_mir/recover-20220825/UBNA_002/20220823_033000.WAV,Telephone Field,recover-20220825,002,1795
648.1835,648.1906,29765,44268,Myotis daubentonii,0.01,0.022,-1,Echolocation,/mnt/ubna_data_01_mir/recover-20220825/UBNA_002/20220823_033000.WAV,Telephone Field,recover-20220825,002,1795
648.1895,648.2263,68437,82150,Rhinolophus ferrumequinum,0.022,0.022,-1,Echolocation,/mnt/ubna_data_01_mir/recover-20220825/UBNA_002/20220823_033000.WAV,Telephone Field,recover-20220825,002,1795
648.1955,648.2024,45234,57235,Pipistrellus pipistrellus,0.014,0.022,-1,Echolocation,/mnt/ubna_data_01_mir/recover-20220825/UBNA_002/20220823_033000.WAV,Telephone Field,recover-20220825,002,1795
648.2115,648.2469,68437,81258,Rhinolophus ferrumequinum,0.024,0.024,-1,Echolocation,/mnt/ubna_data_01_mir/recover-20220825/UBNA_002/20220823_033000.WAV,Telephone Field,recover-20220825,002,1795
648.2295,648.2739,68437,83535,Rhinolophus ferrumequinum,0.04,0.04,-1,Echolocation,/mnt/ubna_data_01_mir/recover-20220825/UBNA_002/20220823_033000.WAV,Telephone Field,recover-20220825,002,1795
648.2325,648.2405,27187,35941,Eptesicus serotinus,0.009,0.023,-1,Echolocation,/mnt/ubna_data_01_mir/recover-20220825/UBNA_002/20220823_033000.WAV,Telephone Field,recover-20220825,002,1795
648.2695,648.306,68437,81729,Rhinolophus ferrumequinum,0.023,0.023,-1,Echolocation,/mnt/ubna_data_01_mir/recover-20220825/UBNA_002/20220823_033000.WAV,Telephone Field,recover-20220825,002,1795
648.2715,648.2796,28046,39619,Eptesicus serotinus,0.009,0.027,-1,Echolocation,/mnt/ubna_data_01_mir/recover-20220825/UBNA_002/20220823_033000.WAV,Telephone Field,recover-20220825,002,1795
648.3025,648.3115,27187,36725,Eptesicus serotinus,0.011,0.028,-1,Echolocation,/mnt/ubna_data_01_mir/recover-20220825/UBNA_002/20220823_033000.WAV,Telephone Field,recover-20220825,002,1795
648.3285,648.3368,27187,39627,Eptesicus serotinus,0.007,0.022,-1,Echolocation,/mnt/ubna_data_01_mir/recover-20220825/UBNA_002/20220823_033000.WAV,Telephone Field,recover-20220825,002,1795
648.3355,648.3719,68437,81815,Rhinolophus ferrumequinum,0.024,0.024,-1,Echolocation,/mnt/ubna_data_01_mir/recover-20220825/UBNA_002/20220823_033000.WAV,Telephone Field,recover-20220825,002,1795
648.3385,648.3601,19453,22713,Nyctalus noctula,0.018,0.034,-1,Echolocation,/mnt/ubna_data_01_mir/recover-20220825/UBNA_002/20220823_033000.WAV,Telephone Field,recover-20220825,002,1795
648.3415,648.3524,33203,39042,Barbastellus barbastellus,0.006,0.025,-1,Echolocation,/mnt/ubna_data_01_mir/recover-20220825/UBNA_002/20220823_033000.WAV,Telephone Field,recover-20220825,002,1795
648.3445,648.3527,27187,35341,Eptesicus serotinus,0.008,0.025,-1,Echolocation,/mnt/ubna_data_01_mir/recover-20220825/UBNA_002/20220823_033000.WAV,Telephone Field,recover-20220825,002,1795
648.3555,648.3625,26328,37178,Eptesicus serotinus,0.007,0.022,-1,Echolocation,/mnt/ubna_data_01_mir/recover-20220825/UBNA_002/20220823_033000.WAV,Telephone Field,recover-20220825,002,1795
648.3565,648.366,40078,46229,Pipistrellus nathusii,0.016,0.025,-1,Echolocation,/mnt/ubna_data_01_mir/recover-20220825/UBNA_002/20220823_033000.WAV,Telephone Field,recover-20220825,002,1795
648.3755,648.4109,68437,81922,Rhinolophus ferrumequinum,0.026,0.026,-1,Echolocation,/mnt/ubna_data_01_mir/recover-20220825/UBNA_002/20220823_033000.WAV,Telephone Field,recover-20220825,002,1795
648.4145,648.4555,68437,82345,Rhinolophus ferrumequinum,0.033,0.033,-1,Echolocation,/mnt/ubna_data_01_mir/recover-20220825/UBNA_002/20220823_033000.WAV,Telephone Field,recover-20220825,002,1795
648.4285,648.4379,47812,51334,Pipistrellus pipistrellus,0.045,0.051,-1,Echolocation,/mnt/ubna_data_01_mir/recover-20220825/UBNA_002/20220823_033000.WAV,Telephone Field,recover-20220825,002,1795
648.4655,648.5059,68437,82435,Rhinolophus ferrumequinum,0.029,0.029,-1,Echolocation,/mnt/ubna_data_01_mir/recover-20220825/UBNA_002/20220823_033000.WAV,Telephone Field,recover-20220825,002,1795
648.4695,648.4764,46093,55337,Pipistrellus pipistrellus,0.012,0.023,-1,Echolocation,/mnt/ubna_data_01_mir/recover-20220825/UBNA_002/20220823_033000.WAV,Telephone Field,recover-20220825,002,1795
648.4925,648.5338,68437,82543,Rhinolophus ferrumequinum,0.024,0.024,-1,Echolocation,/mnt/ubna_data_01_mir/recover-20220825/UBNA_002/20220823_033000.WAV,Telephone Field,recover-20220825,002,1795
648.5005,648.5104,28046,35133,Eptesicus serotinus,0.013,0.029,-1,Echolocation,/mnt/ubna_data_01_mir/recover-20220825/UBNA_002/20220823_033000.WAV,Telephone Field,recover-20220825,002,1795
648.5395,648.551,23750,28007,Nyctalus leisleri,0.012,0.022,-1,Echolocation,/mnt/ubna_data_01_mir/recover-20220825/UBNA_002/20220823_033000.WAV,Telephone Field,recover-20220825,002,1795
648.5795,648.5886,28046,35494,Eptesicus serotinus,0.013,0.028,-1,Echolocation,/mnt/ubna_data_01_mir/recover-20220825/UBNA_002/20220823_033000.WAV,Telephone Field,recover-20220825,002,1795
648.6025,648.6453,68437,82489,Rhinolophus ferrumequinum,0.027,0.027,-1,Echolocation,/mnt/ubna_data_01_mir/recover-20220825/UBNA_002/20220823_033000.WAV,Telephone Field,recover-20220825,002,1795
648.6645,648.7029,68437,82226,Rhinolophus ferrumequinum,0.022,0.022,-1,Echolocation,/mnt/ubna_data_01_mir/recover-20220825/UBNA_002/20220823_033000.WAV,Telephone Field,recover-20220825,002,1795
648.6845,648.6962,22890,27109,Nyctalus leisleri,0.016,0.03,-1,Echolocation,/mnt/ubna_data_01_mir/recover-20220825/UBNA_002/20220823_033000.WAV,Telephone Field,recover-20220825,002,1795
648.7225,648.7366,54687,60288,Pipistrellus pygmaeus,0.025,0.027,-1,Echolocation,/mnt/ubna_data_01_mir/recover-20220825/UBNA_002/20220823_033000.WAV,Telephone Field,recover-20220825,002,1795
648.7705,648.8093,68437,81704,Rhinolophus ferrumequinum,0.023,0.023,-1,Echolocation,/mnt/ubna_data_01_mir/recover-20220825/UBNA_002/20220823_033000.WAV,Telephone Field,recover-20220825,002,1795
648.7895,648.798,27187,37787,Eptesicus serotinus,0.008,0.022,-1,Echolocation,/mnt/ubna_data_01_mir/recover-20220825/UBNA_002/20220823_033000.WAV,Telephone Field,recover-20220825,002,1795
648.8015,648.8421,68437,82318,Rhinolophus ferrumequinum,0.024,0.024,-1,Echolocation,/mnt/ubna_data_01_mir/recover-20220825/UBNA_002/20220823_033000.WAV,Telephone Field,recover-20220825,002,1795
648.8115,648.8521,68437,82802,Rhinolophus ferrumequinum,0.023,0.023,-1,Echolocation,/mnt/ubna_data_01_mir/recover-20220825/UBNA_002/20220823_033000.WAV,Telephone Field,recover-20220825,002,1795
648.8785,648.8863,27187,43419,Eptesicus serotinus,0.007,0.022,-1,Echolocation,/mnt/ubna_data_01_mir/recover-20220825/UBNA_002/20220823_033000.WAV,Telephone Field,recover-20220825,002,1795
648.9255,648.9367,23750,29351,Nyctalus leisleri,0.013,0.031,-1,Echolocation,/mnt/ubna_data_01_mir/recover-20220825/UBNA_002/20220823_033000.WAV,Telephone Field,recover-20220825,002,1795
648.9285,648.9691,68437,82848,Rhinolophus ferrumequinum,0.03,0.03,-1,Echolocation,/mnt/ubna_data_01_mir/recover-20220825/UBNA_002/20220823_033000.WAV,Telephone Field,recover-20220825,002,1795
648.9445,648.9547,45234,48128,Pipistrellus pipistrellus,0.03,0.035,-1,Echolocation,/mnt/ubna_data_01_mir/recover-20220825/UBNA_002/20220823_033000.WAV,Telephone Field,recover-20220825,002,1795
648.9465,648.9533,35781,47029,Myotis daubentonii,0.007,0.022,-1,Echolocation,/mnt/ubna_data_01_mir/recover-20220825/UBNA_002/20220823_033000.WAV,Telephone Field,recover-20220825,002,1795
648.9465,648.9875,68437,82671,Rhinolophus ferrumequinum,0.021,0.022,-1,Echolocation,/mnt/ubna_data_01_mir/recover-20220825/UBNA_002/20220823_033000.WAV,Telephone Field,recover-20220825,002,1795
648.9495,648.9575,26328,38534,Eptesicus serotinus,0.007,0.022,-1,Echolocation,/mnt/ubna_data_01_mir/recover-20220825/UBNA_002/20220823_033000.WAV,Telephone Field,recover-20220825,002,1795
648.9695,649.0101,68437,82456,Rhinolophus ferrumequinum,0.025,0.025,-1,Echolocation,/mnt/ubna_data_01_mir/recover-20220825/UBNA_002/20220823_033000.WAV,Telephone Field,recover-20220825,002,1795
648.9845,649.0224,68437,82116,Rhinolophus ferrumequinum,0.022,0.022,-1,Echolocation,/mnt/ubna_data_01_mir/recover-20220825/UBNA_002/20220823_033000.WAV,Telephone Field,recover-20220825,002,1795
649.0145,649.0238,25468,34316,Eptesicus serotinus,0.009,0.025,-1,Echolocation,/mnt/ubna_data_01_mir/recover-20220825/UBNA_002/20220823_033000.WAV,Telephone Field,recover-20220825,002,1795
649.0275,649.0367,27187,37673,Eptesicus serotinus,0.011,0.028,-1,Echolocation,/mnt/ubna_data_01_mir/recover-20220825/UBNA_002/20220823_033000.WAV,Telephone Field,recover-20220825,002,1795
649.0395,649.0774,68437,82159,Rhinolophus ferrumequinum,0.023,0.023,-1,Echolocation,/mnt/ubna_data_01_mir/recover-20220825/UBNA_002/20220823_033000.WAV,Telephone Field,recover-20220825,002,1795
649.0665,649.1072,68437,83085,Rhinolophus ferrumequinum,0.025,0.025,-1,Echolocation,/mnt/ubna_data_01_mir/recover-20220825/UBNA_002/20220823_033000.WAV,Telephone Field,recover-20220825,002,1795
649.0875,649.0947,28046,38414,Eptesicus serotinus,0.007,0.023,-1,Echolocation,/mnt/ubna_data_01_mir/recover-20220825/UBNA_002/20220823_033000.WAV,Telephone Field,recover-20220825,002,1795
649.1115,649.151,68437,82228,Rhinolophus ferrumequinum,0.023,0.023,-1,Echolocation,/mnt/ubna_data_01_mir/recover-20220825/UBNA_002/20220823_033000.WAV,Telephone Field,recover-20220825,002,1795
649.1555,649.1645,22890,30146,Plecotus austriacus,0.007,0.023,-1,Echolocation,/mnt/ubna_data_01_mir/recover-20220825/UBNA_002/20220823_033000.WAV,Telephone Field,recover-20220825,002,1795
649.1815,649.2172,68437,81275,Rhinolophus ferrumequinum,0.023,0.023,-1,Echolocation,/mnt/ubna_data_01_mir/recover-20220825/UBNA_002/20220823_033000.WAV,Telephone Field,recover-20220825,002,1795
649.2445,649.2834,68437,81412,Rhinolophus ferrumequinum,0.028,0.028,-1,Echolocation,/mnt/ubna_data_01_mir/recover-20220825/UBNA_002/20220823_033000.WAV,Telephone Field,recover-20220825,002,1795
649.2745,649.2843,22890,28690,Nyctalus leisleri,0.007,0.022,-1,Echolocation,/mnt/ubna_data_01_mir/recover-20220825/UBNA_002/20220823_033000.WAV,Telephone Field,recover-20220825,002,1795
649.2795,649.3206,68437,82961,Rhinolophus ferrumequinum,0.022,0.022,-1,Echolocation,/mnt/ubna_data_01_mir/recover-20220825/UBNA_002/20220823_033000.WAV,Telephone Field,recover-20220825,002,1795
649.2965,649.3361,68437,82145,Rhinolophus ferrumequinum,0.023,0.023,-1,Echolocation,/mnt/ubna_data_01_mir/recover-20220825/UBNA_002/20220823_033000.WAV,Telephone Field,recover-20220825,002,1795
649.2985,649.3055,40078,47088,Pipistrellus nathusii,0.114,0.236,-1,Echolocation,/mnt/ubna_data_01_mir/recover-20220825/UBNA_002/20220823_033000.WAV,Telephone Field,recover-20220825,002,1795
649.3045,649.3454,68437,82250,Rhinolophus ferrumequinum,0.023,0.023,-1,Echolocation,/mnt/ubna_data_01_mir/recover-20220825/UBNA_002/20220823_033000.WAV,Telephone Field,recover-20220825,002,1795
649.3685,649.4102,68437,82663,Rhinolophus ferrumequinum,0.024,0.024,-1,Echolocation,/mnt/ubna_data_01_mir/recover-20220825/UBNA_002/20220823_033000.WAV,Telephone Field,recover-20220825,002,1795
649.3945,649.4357,68437,82832,Rhinolophus ferrumequinum,0.029,0.029,-1,Echolocation,/mnt/ubna_data_01_mir/recover-20220825/UBNA_002/20220823_033000.WAV,Telephone Field,recover-20220825,002,1795
649.3995,649.4073,27187,37801,Eptesicus serotinus,0.007,0.025,-1,Echolocation,/mnt/ubna_data_01_mir/recover-20220825/UBNA_002/20220823_033000.WAV,Telephone Field,recover-20220825,002,1795
649.4255,649.4322,41796,51498,Myotis daubentonii,0.011,0.04,-1,Echolocation,/mnt/ubna_data_01_mir/recover-20220825/UBNA_002/20220823_033000.WAV,Telephone Field,recover-20220825,002,1795
649.5205,649.526,40078,49219,Pipistrellus nathusii,0.131,0.325,-1,Echolocation,/mnt/ubna_data_01_mir/recover-20220825/UBNA_002/20220823_033000.WAV,Telephone Field,recover-20220825,002,1795
649.5585,649.5657,28046,38180,Eptesicus serotinus,0.006,0.023,-1,Echolocation,/mnt/ubna_data_01_mir/recover-20220825/UBNA_002/20220823_033000.WAV,Telephone Field,recover-20220825,002,1795
649.5945,649.636,68437,82851,Rhinolophus ferrumequinum,0.029,0.029,-1,Echolocation,/mnt/ubna_data_01_mir/recover-20220825/UBNA_002/20220823_033000.WAV,Telephone Field,recover-20220825,002,1795
649.5945,649.6046,23750,29884,Nyctalus leisleri,0.008,0.023,-1,Echolocation,/mnt/ubna_data_01_mir/recover-20220825/UBNA_002/20220823_033000.WAV,Telephone Field,recover-20220825,002,1795
649.6075,649.6139000000001,39218,50679,Myotis daubentonii,0.028,0.093,-1,Echolocation,/mnt/ubna_data_01_mir/recover-20220825/UBNA_002/20220823_033000.WAV,Telephone Field,recover-20220825,002,1795
649.6155,649.6572,68437,82767,Rhinolophus ferrumequinum,0.022,0.022,-1,Echolocation,/mnt/ubna_data_01_mir/recover-20220825/UBNA_002/20220823_033000.WAV,Telephone Field,recover-20220825,002,1795
649.6215,649.6326,23750,29317,Nyctalus leisleri,0.012,0.027,-1,Echolocation,/mnt/ubna_data_01_mir/recover-20220825/UBNA_002/20220823_033000.WAV,Telephone Field,recover-20220825,002,1795
649.6295,649.6404,23750,29168,Nyctalus leisleri,0.011,0.023,-1,Echolocation,/mnt/ubna_data_01_mir/recover-20220825/UBNA_002/20220823_033000.WAV,Telephone Field,recover-20220825,002,1795
649.6645,649.6719,26328,36615,Eptesicus serotinus,0.006,0.023,-1,Echolocation,/mnt/ubna_data_01_mir/recover-20220825/UBNA_002/20220823_033000.WAV,Telephone Field,recover-20220825,002,1795
649.7015,649.7061,35781,52862,Myotis brandtii,0.124,0.249,-1,Echolocation,/mnt/ubna_data_01_mir/recover-20220825/UBNA_002/20220823_033000.WAV,Telephone Field,recover-20220825,002,1795
649.7685,649.7761,27187,36556,Eptesicus serotinus,0.007,0.022,-1,Echolocation,/mnt/ubna_data_01_mir/recover-20220825/UBNA_002/20220823_033000.WAV,Telephone Field,recover-20220825,002,1795
649.7835,649.8216,68437,81926,Rhinolophus ferrumequinum,0.042,0.042,-1,Echolocation,/mnt/ubna_data_01_mir/recover-20220825/UBNA_002/20220823_033000.WAV,Telephone Field,recover-20220825,002,1795
649.7885,649.796,40937,47461,Pipistrellus nathusii,0.232,0.399,-1,Echolocation,/mnt/ubna_data_01_mir/recover-20220825/UBNA_002/20220823_033000.WAV,Telephone Field,recover-20220825,002,1795
649.7925,649.8291,68437,81685,Rhinolophus ferrumequinum,0.021,0.022,-1,Echolocation,/mnt/ubna_data_01_mir/recover-20220825/UBNA_002/20220823_033000.WAV,Telephone Field,recover-20220825,002,1795
649.8145,649.8529,68437,82809,Rhinolophus ferrumequinum,0.026,0.026,-1,Echolocation,/mnt/ubna_data_01_mir/recover-20220825/UBNA_002/20220823_033000.WAV,Telephone Field,recover-20220825,002,1795
649.8305,649.8388,26328,36364,Eptesicus serotinus,0.008,0.023,-1,Echolocation,/mnt/ubna_data_01_mir/recover-20220825/UBNA_002/20220823_033000.WAV,Telephone Field,recover-20220825,002,1795
649.8485000000001,649.8584,26328,34131,Eptesicus serotinus,0.013,0.026,-1,Echolocation,/mnt/ubna_data_01_mir/recover-20220825/UBNA_002/20220823_033000.WAV,Telephone Field,recover-20220825,002,1795
649.8725,649.8776,38359,53738,Myotis brandtii,0.147,0.345,-1,Echolocation,/mnt/ubna_data_01_mir/recover-20220825/UBNA_002/20220823_033000.WAV,Telephone Field,recover-20220825,002,1795
649.8995,649.91,24609,31602,Eptesicus serotinus,0.008,0.024,-1,Echolocation,/mnt/ubna_data_01_mir/recover-20220825/UBNA_002/20220823_033000.WAV,Telephone Field,recover-20220825,002,1795
649.9275,649.968,68437,82239,Rhinolophus ferrumequinum,0.022,0.022,-1,Echolocation,/mnt/ubna_data_01_mir/recover-20220825/UBNA_002/20220823_033000.WAV,Telephone Field,recover-20220825,002,1795
649.9445,649.9821,68437,81829,Rhinolophus ferrumequinum,0.022,0.022,-1,Echolocation,/mnt/ubna_data_01_mir/recover-20220825/UBNA_002/20220823_033000.WAV,Telephone Field,recover-20220825,002,1795
649.9585,649.9952,68437,81681,Rhinolophus ferrumequinum,0.022,0.022,-1,Echolocation,/mnt/ubna_data_01_mir/recover-20220825/UBNA_002/20220823_033000.WAV,Telephone Field,recover-20220825,002,1795
649.9665,649.9711,37500,52537,Myotis brandtii,0.059,0.122,-1,Echolocation,/mnt/ubna_data_01_mir/recover-20220825/UBNA_002/20220823_033000.WAV,Telephone Field,recover-20220825,002,1795
649.9825,649.9935,22890,29051,Nyctalus leisleri,0.01,0.023,-1,Echolocation,/mnt/ubna_data_01_mir/recover-20220825/UBNA_002/20220823_033000.WAV,Telephone Field,recover-20220825,002,1795
649.9835,649.9921,27187,38108,Eptesicus serotinus,0.008,0.023,-1,Echolocation,/mnt/ubna_data_01_mir/recover-20220825/UBNA_002/20220823_033000.WAV,Telephone Field,recover-20220825,002,1795
650.0015,650.033,69296,80819,Rhinolophus ferrumequinum,0.071,0.072,-1,Echolocation,/mnt/ubna_data_01_mir/recover-20220825/UBNA_002/20220823_033000.WAV,Telephone Field,recover-20220825,002,1795
650.0015,650.0114,23750,30476,Nyctalus leisleri,0.012,0.037,-1,Echolocation,/mnt/ubna_data_01_mir/recover-20220825/UBNA_002/20220823_033000.WAV,Telephone Field,recover-20220825,002,1795
650.0015,650.0092,40937,51466,Pipistrellus nathusii,0.014,0.034,-1,Echolocation,/mnt/ubna_data_01_mir/recover-20220825/UBNA_002/20220823_033000.WAV,Telephone Field,recover-20220825,002,1795
650.0015,650.0129,50390,56321,Pipistrellus pygmaeus,0.025,0.043,-1,Echolocation,/mnt/ubna_data_01_mir/recover-20220825/UBNA_002/20220823_033000.WAV,Telephone Field,recover-20220825,002,1795
650.0075,650.0158,42656,50725,Pipistrellus nathusii,0.012,0.028,-1,Echolocation,/mnt/ubna_data_01_mir/recover-20220825/UBNA_002/20220823_033000.WAV,Telephone Field,recover-20220825,002,1795
650.0095,650.0175,25468,34397,Eptesicus serotinus,0.008,0.028,-1,Echolocation,/mnt/ubna_data_01_mir/recover-20220825/UBNA_002/20220823_033000.WAV,Telephone Field,recover-20220825,002,1795
650.0425,650.0504,27187,34962,Eptesicus serotinus,0.009,0.028,-1,Echolocation,/mnt/ubna_data_01_mir/recover-20220825/UBNA_002/20220823_033000.WAV,Telephone Field,recover-20220825,002,1795
650.0515,650.0656,16015,20815,Nyctalus noctula,0.012,0.025,-1,Echolocation,/mnt/ubna_data_01_mir/recover-20220825/UBNA_002/20220823_033000.WAV,Telephone Field,recover-20220825,002,1795
650.0545,650.061,41796,52283,Pipistrellus nathusii,0.321,0.528,-1,Echolocation,/mnt/ubna_data_01_mir/recover-20220825/UBNA_002/20220823_033000.WAV,Telephone Field,recover-20220825,002,1795
650.0775,650.1203,68437,82495,Rhinolophus ferrumequinum,0.029,0.029,-1,Echolocation,/mnt/ubna_data_01_mir/recover-20220825/UBNA_002/20220823_033000.WAV,Telephone Field,recover-20220825,002,1795
650.0885,650.1298,68437,82876,Rhinolophus ferrumequinum,0.028,0.028,-1,Echolocation,/mnt/ubna_data_01_mir/recover-20220825/UBNA_002/20220823_033000.WAV,Telephone Field,recover-20220825,002,1795
650.1445,650.1532,39218,43840,Pipistrellus nathusii,0.088,0.111,-1,Echolocation,/mnt/ubna_data_01_mir/recover-20220825/UBNA_002/20220823_033000.WAV,Telephone Field,recover-20220825,002,1795
650.1765,650.1833,40937,51278,Pipistrellus nathusii,0.517,0.586,-1,Echolocation,/mnt/ubna_data_01_mir/recover-20220825/UBNA_002/20220823_033000.WAV,Telephone Field,recover-20220825,002,1795
650.1765,650.1823,28046,50724,Myotis daubentonii,0.018,0.028,-1,Echolocation,/mnt/ubna_data_01_mir/recover-20220825/UBNA_002/20220823_033000.WAV,Telephone Field,recover-20220825,002,1795
650.2405,650.2465,40937,53456,Pipistrellus nathusii,0.235,0.404,-1,Echolocation,/mnt/ubna_data_01_mir/recover-20220825/UBNA_002/20220823_033000.WAV,Telephone Field,recover-20220825,002,1795
650.2935,650.2993,40078,49191,Pipistrellus nathusii,0.153,0.387,-1,Echolocation,/mnt/ubna_data_01_mir/recover-20220825/UBNA_002/20220823_033000.WAV,Telephone Field,recover-20220825,002,1795
650.3315,650.3383,37500,45696,Barbastellus barbastellus,0.052,0.127,-1,Echolocation,/mnt/ubna_data_01_mir/recover-20220825/UBNA_002/20220823_033000.WAV,Telephone Field,recover-20220825,002,1795
650.3315,650.3377,28046,49411,Myotis daubentonii,0.019,0.037,-1,Echolocation,/mnt/ubna_data_01_mir/recover-20220825/UBNA_002/20220823_033000.WAV,Telephone Field,recover-20220825,002,1795
650.3655,650.3731,34921,44303,Pipistrellus nathusii,0.008,0.026,-1,Echolocation,/mnt/ubna_data_01_mir/recover-20220825/UBNA_002/20220823_033000.WAV,Telephone Field,recover-20220825,002,1795
650.3805,650.3872,41796,50958,Pipistrellus nathusii,0.43,0.486,-1,Echolocation,/mnt/ubna_data_01_mir/recover-20220825/UBNA_002/20220823_033000.WAV,Telephone Field,recover-20220825,002,1795
650.3975,650.4397,68437,82973,Rhinolophus ferrumequinum,0.029,0.029,-1,Echolocation,/mnt/ubna_data_01_mir/recover-20220825/UBNA_002/20220823_033000.WAV,Telephone Field,recover-20220825,002,1795
650.4025,650.4101,40937,49411,Pipistrellus nathusii,0.012,0.024,-1,Echolocation,/mnt/ubna_data_01_mir/recover-20220825/UBNA_002/20220823_033000.WAV,Telephone Field,recover-20220825,002,1795
650.4035,650.4105,26328,40979,Eptesicus serotinus,0.009,0.027,-1,Echolocation,/mnt/ubna_data_01_mir/recover-20220825/UBNA_002/20220823_033000.WAV,Telephone Field,recover-20220825,002,1795
650.4285,650.4353,42656,50002,Pipistrellus nathusii,0.045,0.067,-1,Echolocation,/mnt/ubna_data_01_mir/recover-20220825/UBNA_002/20220823_033000.WAV,Telephone Field,recover-20220825,002,1795
650.4775,650.488,43515,49165,Pipistrellus nathusii,0.385,0.427,-1,Echolocation,/mnt/ubna_data_01_mir/recover-20220825/UBNA_002/20220823_033000.WAV,Telephone Field,recover-20220825,002,1795
650.5095,650.5156,48671,56137,Pipistrellus pipistrellus,0.058,0.079,-1,Echolocation,/mnt/ubna_data_01_mir/recover-20220825/UBNA_002/20220823_033000.WAV,Telephone Field,recover-20220825,002,1795
650.5115,650.5176,40937,56472,Pipistrellus nathusii,0.012,0.033,-1,Echolocation,/mnt/ubna_data_01_mir/recover-20220825/UBNA_002/20220823_033000.WAV,Telephone Field,recover-20220825,002,1795
650.5115,650.5179,30625,47360,Myotis daubentonii,0.015,0.028,-1,Echolocation,/mnt/ubna_data_01_mir/recover-20220825/UBNA_002/20220823_033000.WAV,Telephone Field,recover-20220825,002,1795
650.5355,650.5737,68437,82400,Rhinolophus ferrumequinum,0.024,0.024,-1,Echolocation,/mnt/ubna_data_01_mir/recover-20220825/UBNA_002/20220823_033000.WAV,Telephone Field,recover-20220825,002,1795
650.5765,650.5829,41796,54017,Pipistrellus nathusii,0.118,0.26,-1,Echolocation,/mnt/ubna_data_01_mir/recover-20220825/UBNA_002/20220823_033000.WAV,Telephone Field,recover-20220825,002,1795
650.5865,650.5959,27187,34731,Eptesicus serotinus,0.01,0.03,-1,Echolocation,/mnt/ubna_data_01_mir/recover-20220825/UBNA_002/20220823_033000.WAV,Telephone Field,recover-20220825,002,1795
650.6185,650.6272,49531,55654,Pipistrellus pipistrellus,0.026,0.031,-1,Echolocation,/mnt/ubna_data_01_mir/recover-20220825/UBNA_002/20220823_033000.WAV,Telephone Field,recover-20220825,002,1795
650.6765,650.6863,42656,48440,Pipistrellus nathusii,0.336,0.357,-1,Echolocation,/mnt/ubna_data_01_mir/recover-20220825/UBNA_002/20220823_033000.WAV,Telephone Field,recover-20220825,002,1795
650.6785,650.6851,31484,43829,Myotis daubentonii,0.012,0.025,-1,Echolocation,/mnt/ubna_data_01_mir/recover-20220825/UBNA_002/20220823_033000.WAV,Telephone Field,recover-20220825,002,1795
650.6955,650.7035,27187,37249,Eptesicus serotinus,0.008,0.025,-1,Echolocation,/mnt/ubna_data_01_mir/recover-20220825/UBNA_002/20220823_033000.WAV,Telephone Field,recover-20220825,002,1795
650.7265,650.7332,36640,43877,Barbastellus barbastellus,0.11,0.159,-1,Echolocation,/mnt/ubna_data_01_mir/recover-20220825/UBNA_002/20220823_033000.WAV,Telephone Field,recover-20220825,002,1795
650.7735,650.8127,68437,81668,Rhinolophus ferrumequinum,0.026,0.026,-1,Echolocation,/mnt/ubna_data_01_mir/recover-20220825/UBNA_002/20220823_033000.WAV,Telephone Field,recover-20220825,002,1795
650.7815,650.7891,43515,50487,Pipistrellus nathusii,0.149,0.188,-1,Echolocation,/mnt/ubna_data_01_mir/recover-20220825/UBNA_002/20220823_033000.WAV,Telephone Field,recover-20220825,002,1795
650.7825,650.7881,30625,56886,Myotis daubentonii,0.02,0.033,-1,Echolocation,/mnt/ubna_data_01_mir/recover-20220825/UBNA_002/20220823_033000.WAV,Telephone Field,recover-20220825,002,1795
650.8245,650.8332,40937,44941,Pipistrellus nathusii,0.012,0.024,-1,Echolocation,/mnt/ubna_data_01_mir/recover-20220825/UBNA_002/20220823_033000.WAV,Telephone Field,recover-20220825,002,1795
650.8285,650.8369,53828,61408,Pipistrellus pygmaeus,0.025,0.026,-1,Echolocation,/mnt/ubna_data_01_mir/recover-20220825/UBNA_002/20220823_033000.WAV,Telephone Field,recover-20220825,002,1795
650.8515,650.8595,26328,37277,Eptesicus serotinus,0.009,0.026,-1,Echolocation,/mnt/ubna_data_01_mir/recover-20220825/UBNA_002/20220823_033000.WAV,Telephone Field,recover-20220825,002,1795
650.8525,650.8611,32343,38775,Barbastellus barbastellus,0.01,0.028,-1,Echolocation,/mnt/ubna_data_01_mir/recover-20220825/UBNA_002/20220823_033000.WAV,Telephone Field,recover-20220825,002,1795
650.8715,650.8835,24609,30227,Nyctalus leisleri,0.012,0.029,-1,Echolocation,/mnt/ubna_data_01_mir/recover-20220825/UBNA_002/20220823_033000.WAV,Telephone Field,recover-20220825,002,1795
650.8815,650.889,41796,48622,Pipistrellus nathusii,0.205,0.304,-1,Echolocation,/mnt/ubna_data_01_mir/recover-20220825/UBNA_002/20220823_033000.WAV,Telephone Field,recover-20220825,002,1795
650.9285,650.9632,68437,80567,Rhinolophus ferrumequinum,0.025,0.025,-1,Echolocation,/mnt/ubna_data_01_mir/recover-20220825/UBNA_002/20220823_033000.WAV,Telephone Field,recover-20220825,002,1795
650.9385,650.9525,22890,27188,Nyctalus leisleri,0.021,0.041,-1,Echolocation,/mnt/ubna_data_01_mir/recover-20220825/UBNA_002/20220823_033000.WAV,Telephone Field,recover-20220825,002,1795
650.9515,650.9593,46953,50832,Pipistrellus pipistrellus,0.027,0.032,-1,Echolocation,/mnt/ubna_data_01_mir/recover-20220825/UBNA_002/20220823_033000.WAV,Telephone Field,recover-20220825,002,1795
650.9565,650.9627,31484,46945,Myotis daubentonii,0.015,0.026,-1,Echolocation,/mnt/ubna_data_01_mir/recover-20220825/UBNA_002/20220823_033000.WAV,Telephone Field,recover-20220825,002,1795
650.9745,650.9823,41796,49435,Pipistrellus nathusii,0.264,0.35,-1,Echolocation,/mnt/ubna_data_01_mir/recover-20220825/UBNA_002/20220823_033000.WAV,Telephone Field,recover-20220825,002,1795
650.9895,651.0293,68437,82589,Rhinolophus ferrumequinum,0.03,0.03,-1,Echolocation,/mnt/ubna_data_01_mir/recover-20220825/UBNA_002/20220823_033000.WAV,Telephone Field,recover-20220825,002,1795
651.0145,651.0234,51250,60158,Pipistrellus pygmaeus,0.012,0.025,-1,Echolocation,/mnt/ubna_data_01_mir/recover-20220825/UBNA_002/20220823_033000.WAV,Telephone Field,recover-20220825,002,1795
651.0575,651.0676,40937,45380,Pipistrellus nathusii,0.024,0.036,-1,Echolocation,/mnt/ubna_data_01_mir/recover-20220825/UBNA_002/20220823_033000.WAV,Telephone Field,recover-20220825,002,1795
651.1185,651.1251,46093,58194,Pipistrellus pipistrellus,0.016,0.04,-1,Echolocation,/mnt/ubna_data_01_mir/recover-20220825/UBNA_002/20220823_033000.WAV,Telephone Field,recover-20220825,002,1795
651.1225,651.1292,28906,46988,Myotis daubentonii,0.021,0.039,-1,Echolocation,/mnt/ubna_data_01_mir/recover-20220825/UBNA_002/20220823_033000.WAV,Telephone Field,recover-20220825,002,1795
651.1675,651.1797,42656,46983,Pipistrellus nathusii,0.176,0.196,-1,Echolocation,/mnt/ubna_data_01_mir/recover-20220825/UBNA_002/20220823_033000.WAV,Telephone Field,recover-20220825,002,1795
651.1765,651.1838,27187,35805,Eptesicus serotinus,0.007,0.026,-1,Echolocation,/mnt/ubna_data_01_mir/recover-20220825/UBNA_002/20220823_033000.WAV,Telephone Field,recover-20220825,002,1795
651.2215,651.2282,40078,48248,Pipistrellus nathusii,0.222,0.383,-1,Echolocation,/mnt/ubna_data_01_mir/recover-20220825/UBNA_002/20220823_033000.WAV,Telephone Field,recover-20220825,002,1795
651.2335,651.2433,27187,33309,Eptesicus serotinus,0.012,0.028,-1,Echolocation,/mnt/ubna_data_01_mir/recover-20220825/UBNA_002/20220823_033000.WAV,Telephone Field,recover-20220825,002,1795
651.2475,651.2554,42656,52207,Pipistrellus nathusii,0.146,0.188,-1,Echolocation,/mnt/ubna_data_01_mir/recover-20220825/UBNA_002/20220823_033000.WAV,Telephone Field,recover-20220825,002,1795
651.2495,651.2579,24609,33436,Eptesicus serotinus,0.009,0.028,-1,Echolocation,/mnt/ubna_data_01_mir/recover-20220825/UBNA_002/20220823_033000.WAV,Telephone Field,recover-20220825,002,1795
651.3215,651.3291,40937,48189,Pipistrellus nathusii,0.259,0.32,-1,Echolocation,/mnt/ubna_data_01_mir/recover-20220825/UBNA_002/20220823_033000.WAV,Telephone Field,recover-20220825,002,1795
651.3515,651.3574,35781,55388,Myotis daubentonii,0.016,0.034,-1,Echolocation,/mnt/ubna_data_01_mir/recover-20220825/UBNA_002/20220823_033000.WAV,Telephone Field,recover-20220825,002,1795
651.3515,651.3585,57265,64147,Pipistrellus pygmaeus,0.025,0.025,-1,Echolocation,/mnt/ubna_data_01_mir/recover-20220825/UBNA_002/20220823_033000.WAV,Telephone Field,recover-20220825,002,1795
651.3635,651.3766,37500,41641,Pipistrellus nathusii,0.067,0.082,-1,Echolocation,/mnt/ubna_data_01_mir/recover-20220825/UBNA_002/20220823_033000.WAV,Telephone Field,recover-20220825,002,1795
651.4205,651.4275,40078,47586,Pipistrellus nathusii,0.453,0.527,-1,Echolocation,/mnt/ubna_data_01_mir/recover-20220825/UBNA_002/20220823_033000.WAV,Telephone Field,recover-20220825,002,1795
651.4295,651.4391,12578,21174,Barbastellus barbastellus,0.025,0.029,-1,Echolocation,/mnt/ubna_data_01_mir/recover-20220825/UBNA_002/20220823_033000.WAV,Telephone Field,recover-20220825,002,1795
651.4485,651.4558,55546,61165,Pipistrellus pygmaeus,0.028,0.029,-1,Echolocation,/mnt/ubna_data_01_mir/recover-20220825/UBNA_002/20220823_033000.WAV,Telephone Field,recover-20220825,002,1795
651.4525,651.4588,28906,43331,Myotis daubentonii,0.014,0.027,-1,Echolocation,/mnt/ubna_data_01_mir/recover-20220825/UBNA_002/20220823_033000.WAV,Telephone Field,recover-20220825,002,1795
651.4605,651.4668,42656,50203,Pipistrellus nathusii,0.438,0.483,-1,Echolocation,/mnt/ubna_data_01_mir/recover-20220825/UBNA_002/20220823_033000.WAV,Telephone Field,recover-20220825,002,1795
651.4615,651.4738,16015,20728,Nyctalus noctula,0.011,0.025,-1,Echolocation,/mnt/ubna_data_01_mir/recover-20220825/UBNA_002/20220823_033000.WAV,Telephone Field,recover-20220825,002,1795
651.5155,651.5217,40078,47445,Pipistrellus nathusii,0.458,0.509,-1,Echolocation,/mnt/ubna_data_01_mir/recover-20220825/UBNA_002/20220823_033000.WAV,Telephone Field,recover-20220825,002,1795
651.5375,651.5442,45234,48849,Pipistrellus pipistrellus,0.032,0.041,-1,Echolocation,/mnt/ubna_data_01_mir/recover-20220825/UBNA_002/20220823_033000.WAV,Telephone Field,recover-20220825,002,1795
651.5505,651.5589,52968,60775,Pipistrellus pygmaeus,0.02,0.026,-1,Echolocation,/mnt/ubna_data_01_mir/recover-20220825/UBNA_002/20220823_033000.WAV,Telephone Field,recover-20220825,002,1795
651.5515,651.5597,27187,34742,Eptesicus serotinus,0.011,0.031,-1,Echolocation,/mnt/ubna_data_01_mir/recover-20220825/UBNA_002/20220823_033000.WAV,Telephone Field,recover-20220825,002,1795
651.6125,651.618,40078,53402,Pipistrellus nathusii,0.47,0.559,-1,Echolocation,/mnt/ubna_data_01_mir/recover-20220825/UBNA_002/20220823_033000.WAV,Telephone Field,recover-20220825,002,1795
651.6135,651.6194,28906,50983,Myotis daubentonii,0.024,0.036,-1,Echolocation,/mnt/ubna_data_01_mir/recover-20220825/UBNA_002/20220823_033000.WAV,Telephone Field,recover-20220825,002,1795
651.6915,651.698,42656,49870,Pipistrellus nathusii,0.424,0.476,-1,Echolocation,/mnt/ubna_data_01_mir/recover-20220825/UBNA_002/20220823_033000.WAV,Telephone Field,recover-20220825,002,1795
651.6925,651.698,29765,46925,Myotis daubentonii,0.015,0.03,-1,Echolocation,/mnt/ubna_data_01_mir/recover-20220825/UBNA_002/20220823_033000.WAV,Telephone Field,recover-20220825,002,1795
651.7085,651.7155,38359,46005,Pipistrellus nathusii,0.484,0.571,-1,Echolocation,/mnt/ubna_data_01_mir/recover-20220825/UBNA_002/20220823_033000.WAV,Telephone Field,recover-20220825,002,1795
651.7525,651.7634,23750,30068,Nyctalus leisleri,0.009,0.025,-1,Echolocation,/mnt/ubna_data_01_mir/recover-20220825/UBNA_002/20220823_033000.WAV,Telephone Field,recover-20220825,002,1795
651.7595,651.7657,30625,52157,Myotis daubentonii,0.017,0.028,-1,Echolocation,/mnt/ubna_data_01_mir/recover-20220825/UBNA_002/20220823_033000.WAV,Telephone Field,recover-20220825,002,1795
651.7995,651.8058,38359,49074,Pipistrellus nathusii,0.269,0.513,-1,Echolocation,/mnt/ubna_data_01_mir/recover-20220825/UBNA_002/20220823_033000.WAV,Telephone Field,recover-20220825,002,1795
651.8105,651.8195,27187,33855,Eptesicus serotinus,0.009,0.029,-1,Echolocation,/mnt/ubna_data_01_mir/recover-20220825/UBNA_002/20220823_033000.WAV,Telephone Field,recover-20220825,002,1795
651.8225,651.8321,58984,64542,Pipistrellus pygmaeus,0.026,0.026,-1,Echolocation,/mnt/ubna_data_01_mir/recover-20220825/UBNA_002/20220823_033000.WAV,Telephone Field,recover-20220825,002,1795
651.8645,651.8715,41796,52387,Pipistrellus nathusii,0.307,0.52,-1,Echolocation,/mnt/ubna_data_01_mir/recover-20220825/UBNA_002/20220823_033000.WAV,Telephone Field,recover-20220825,002,1795
651.8785,651.8845,35781,48586,Myotis daubentonii,0.018,0.027,-1,Echolocation,/mnt/ubna_data_01_mir/recover-20220825/UBNA_002/20220823_033000.WAV,Telephone Field,recover-20220825,002,1795
651.8815,651.8887,27187,36341,Eptesicus serotinus,0.008,0.027,-1,Echolocation,/mnt/ubna_data_01_mir/recover-20220825/UBNA_002/20220823_033000.WAV,Telephone Field,recover-20220825,002,1795
651.8965,651.9039,38359,49799,Pipistrellus nathusii,0.475,0.6,-1,Echolocation,/mnt/ubna_data_01_mir/recover-20220825/UBNA_002/20220823_033000.WAV,Telephone Field,recover-20220825,002,1795
651.9175,651.9232,40937,53536,Pipistrellus nathusii,0.316,0.409,-1,Echolocation,/mnt/ubna_data_01_mir/recover-20220825/UBNA_002/20220823_033000.WAV,Telephone Field,recover-20220825,002,1795
651.9535,651.9621,27187,35271,Eptesicus serotinus,0.009,0.027,-1,Echolocation,/mnt/ubna_data_01_mir/recover-20220825/UBNA_002/20220823_033000.WAV,Telephone Field,recover-20220825,002,1795
651.9595,651.9661,49531,56311,Pipistrellus pipistrellus,0.036,0.044,-1,Echolocation,/mnt/ubna_data_01_mir/recover-20220825/UBNA_002/20220823_033000.WAV,Telephone Field,recover-20220825,002,1795
651.9785,651.9877,33203,38989,Barbastellus barbastellus,0.014,0.032,-1,Echolocation,/mnt/ubna_data_01_mir/recover-20220825/UBNA_002/20220823_033000.WAV,Telephone Field,recover-20220825,002,1795
651.9795,651.9885,27187,36101,Eptesicus serotinus,0.017,0.036,-1,Echolocation,/mnt/ubna_data_01_mir/recover-20220825/UBNA_002/20220823_033000.WAV,Telephone Field,recover-20220825,002,1795
651.9935,651.9998,39218,57145,Pipistrellus nathusii,0.2,0.409,-1,Echolocation,/mnt/ubna_data_01_mir/recover-20220825/UBNA_002/20220823_033000.WAV,Telephone Field,recover-20220825,002,1795
652.0015,652.01,21171,27068,Nyctalus leisleri,0.01,0.029,-1,Echolocation,/mnt/ubna_data_01_mir/recover-20220825/UBNA_002/20220823_033000.WAV,Telephone Field,recover-20220825,002,1795
652.0015,652.0119,48671,56182,Pipistrellus pipistrellus,0.019,0.028,-1,Echolocation,/mnt/ubna_data_01_mir/recover-20220825/UBNA_002/20220823_033000.WAV,Telephone Field,recover-20220825,002,1795
652.0015,652.0121,55546,61788,Pipistrellus pygmaeus,0.025,0.028,-1,Echolocation,/mnt/ubna_data_01_mir/recover-20220825/UBNA_002/20220823_033000.WAV,Telephone Field,recover-20220825,002,1795
652.0015,652.0104,34921,44064,Pipistrellus nathusii,0.011,0.03,-1,Echolocation,/mnt/ubna_data_01_mir/recover-20220825/UBNA_002/20220823_033000.WAV,Telephone Field,recover-20220825,002,1795
652.0015,652.0312,68437,80059,Rhinolophus ferrumequinum,0.038,0.039,-1,Echolocation,/mnt/ubna_data_01_mir/recover-20220825/UBNA_002/20220823_033000.WAV,Telephone Field,recover-20220825,002,1795
652.0095,652.0219,15156,20934,Nyctalus noctula,0.014,0.025,-1,Echolocation,/mnt/ubna_data_01_mir/recover-20220825/UBNA_002/20220823_033000.WAV,Telephone Field,recover-20220825,002,1795
652.0465,652.0538,27187,37206,Eptesicus serotinus,0.007,0.023,-1,Echolocation,/mnt/ubna_data_01_mir/recover-20220825/UBNA_002/20220823_033000.WAV,Telephone Field,recover-20220825,002,1795
652.0605,652.0677,40937,49806,Pipistrellus nathusii,0.332,0.41,-1,Echolocation,/mnt/ubna_data_01_mir/recover-20220825/UBNA_002/20220823_033000.WAV,Telephone Field,recover-20220825,002,1795
652.0765,652.0818,38359,52238,Pipistrellus nathusii,0.086,0.305,-1,Echolocation,/mnt/ubna_data_01_mir/recover-20220825/UBNA_002/20220823_033000.WAV,Telephone Field,recover-20220825,002,1795
652.1025,652.1137,25468,32854,Eptesicus serotinus,0.017,0.034,-1,Echolocation,/mnt/ubna_data_01_mir/recover-20220825/UBNA_002/20220823_033000.WAV,Telephone Field,recover-20220825,002,1795
652.1115,652.1186,27187,39512,Eptesicus serotinus,0.01,0.029,-1,Echolocation,/mnt/ubna_data_01_mir/recover-20220825/UBNA_002/20220823_033000.WAV,Telephone Field,recover-20220825,002,1795
652.1375,652.1423,39218,51487,Myotis daubentonii,0.179,0.465,-1,Echolocation,/mnt/ubna_data_01_mir/recover-20220825/UBNA_002/20220823_033000.WAV,Telephone Field,recover-20220825,002,1795
652.1615,652.1702,43515,47534,Pipistrellus nathusii,0.072,0.086,-1,Echolocation,/mnt/ubna_data_01_mir/recover-20220825/UBNA_002/20220823_033000.WAV,Telephone Field,recover-20220825,002,1795
652.2075,652.2207,22031,26399,Nyctalus leisleri,0.014,0.025,-1,Echolocation,/mnt/ubna_data_01_mir/recover-20220825/UBNA_002/20220823_033000.WAV,Telephone Field,recover-20220825,002,1795
652.2145,652.2224,38359,46127,Pipistrellus nathusii,0.013,0.031,-1,Echolocation,/mnt/ubna_data_01_mir/recover-20220825/UBNA_002/20220823_033000.WAV,Telephone Field,recover-20220825,002,1795
652.2175,652.2243,25468,35315,Eptesicus serotinus,0.006,0.025,-1,Echolocation,/mnt/ubna_data_01_mir/recover-20220825/UBNA_002/20220823_033000.WAV,Telephone Field,recover-20220825,002,1795
652.2425,652.2509,41796,47131,Pipistrellus nathusii,0.019,0.036,-1,Echolocation,/mnt/ubna_data_01_mir/recover-20220825/UBNA_002/20220823_033000.WAV,Telephone Field,recover-20220825,002,1795
652.2675,652.2736,39218,50873,Pipistrellus nathusii,0.115,0.284,-1,Echolocation,/mnt/ubna_data_01_mir/recover-20220825/UBNA_002/20220823_033000.WAV,Telephone Field,recover-20220825,002,1795
652.2755,652.3153,68437,82366,Rhinolophus ferrumequinum,0.023,0.023,-1,Echolocation,/mnt/ubna_data_01_mir/recover-20220825/UBNA_002/20220823_033000.WAV,Telephone Field,recover-20220825,002,1795
652.3045,652.3152,28046,34816,Eptesicus serotinus,0.016,0.03,-1,Echolocation,/mnt/ubna_data_01_mir/recover-20220825/UBNA_002/20220823_033000.WAV,Telephone Field,recover-20220825,002,1795
652.3105,652.3196,26328,34086,Eptesicus serotinus,0.012,0.028,-1,Echolocation,/mnt/ubna_data_01_mir/recover-20220825/UBNA_002/20220823_033000.WAV,Telephone Field,recover-20220825,002,1795
652.3125,652.3518,68437,82683,Rhinolophus ferrumequinum,0.026,0.026,-1,Echolocation,/mnt/ubna_data_01_mir/recover-20220825/UBNA_002/20220823_033000.WAV,Telephone Field,recover-20220825,002,1795
652.3275,652.3339,40078,47572,Pipistrellus nathusii,0.173,0.35,-1,Echolocation,/mnt/ubna_data_01_mir/recover-20220825/UBNA_002/20220823_033000.WAV,Telephone Field,recover-20220825,002,1795
652.4325,652.4399,26328,38601,Eptesicus serotinus,0.009,0.027,-1,Echolocation,/mnt/ubna_data_01_mir/recover-20220825/UBNA_002/20220823_033000.WAV,Telephone Field,recover-20220825,002,1795
652.4335,652.4399,33203,45474,Myotis daubentonii,0.01,0.028,-1,Echolocation,/mnt/ubna_data_01_mir/recover-20220825/UBNA_002/20220823_033000.WAV,Telephone Field,recover-20220825,002,1795
652.4775,652.4854,41796,49835,Pipistrellus nathusii,0.041,0.067,-1,Echolocation,/mnt/ubna_data_01_mir/recover-20220825/UBNA_002/20220823_033000.WAV,Telephone Field,recover-20220825,002,1795
652.4805,652.4858,29765,50643,Myotis daubentonii,0.015,0.029,-1,Echolocation,/mnt/ubna_data_01_mir/recover-20220825/UBNA_002/20220823_033000.WAV,Telephone Field,recover-20220825,002,1795
652.5745,652.5839,27187,35814,Eptesicus serotinus,0.013,0.033,-1,Echolocation,/mnt/ubna_data_01_mir/recover-20220825/UBNA_002/20220823_033000.WAV,Telephone Field,recover-20220825,002,1795
652.5915,652.5963,39218,53646,Myotis brandtii,0.099,0.251,-1,Echolocation,/mnt/ubna_data_01_mir/recover-20220825/UBNA_002/20220823_033000.WAV,Telephone Field,recover-20220825,002,1795
652.6045,652.613,27187,34997,Eptesicus serotinus,0.008,0.023,-1,Echolocation,/mnt/ubna_data_01_mir/recover-20220825/UBNA_002/20220823_033000.WAV,Telephone Field,recover-20220825,002,1795
652.6155,652.6239,27187,35051,Eptesicus serotinus,0.01,0.025,-1,Echolocation,/mnt/ubna_data_01_mir/recover-20220825/UBNA_002/20220823_033000.WAV,Telephone Field,recover-20220825,002,1795
652.6325,652.6404,26328,37630,Eptesicus serotinus,0.008,0.025,-1,Echolocation,/mnt/ubna_data_01_mir/recover-20220825/UBNA_002/20220823_033000.WAV,Telephone Field,recover-20220825,002,1795
652.6405,652.648,33203,45522,Myotis daubentonii,0.009,0.027,-1,Echolocation,/mnt/ubna_data_01_mir/recover-20220825/UBNA_002/20220823_033000.WAV,Telephone Field,recover-20220825,002,1795
652.6445,652.6511,26328,37322,Eptesicus serotinus,0.007,0.025,-1,Echolocation,/mnt/ubna_data_01_mir/recover-20220825/UBNA_002/20220823_033000.WAV,Telephone Field,recover-20220825,002,1795
652.6925,652.6984,38359,49497,Myotis daubentonii,0.055,0.132,-1,Echolocation,/mnt/ubna_data_01_mir/recover-20220825/UBNA_002/20220823_033000.WAV,Telephone Field,recover-20220825,002,1795
652.7195,652.7346,23750,27663,Nyctalus leisleri,0.035,0.072,-1,Echolocation,/mnt/ubna_data_01_mir/recover-20220825/UBNA_002/20220823_033000.WAV,Telephone Field,recover-20220825,002,1795
652.7695,652.782,23750,28872,Nyctalus leisleri,0.012,0.024,-1,Echolocation,/mnt/ubna_data_01_mir/recover-20220825/UBNA_002/20220823_033000.WAV,Telephone Field,recover-20220825,002,1795
652.7755,652.8168000000001,68437,82731,Rhinolophus ferrumequinum,0.027,0.027,-1,Echolocation,/mnt/ubna_data_01_mir/recover-20220825/UBNA_002/20220823_033000.WAV,Telephone Field,recover-20220825,002,1795
652.7805,652.7894,38359,46485,Pipistrellus nathusii,0.103,0.131,-1,Echolocation,/mnt/ubna_data_01_mir/recover-20220825/UBNA_002/20220823_033000.WAV,Telephone Field,recover-20220825,002,1795
652.7805,652.7876,26328,35181,Eptesicus serotinus,0.008,0.028,-1,Echolocation,/mnt/ubna_data_01_mir/recover-20220825/UBNA_002/20220823_033000.WAV,Telephone Field,recover-20220825,002,1795
652.7905,652.7961,40078,49401,Pipistrellus nathusii,0.08,0.238,-1,Echolocation,/mnt/ubna_data_01_mir/recover-20220825/UBNA_002/20220823_033000.WAV,Telephone Field,recover-20220825,002,1795
652.8385,652.8472,28046,35747,Eptesicus serotinus,0.01,0.024,-1,Echolocation,/mnt/ubna_data_01_mir/recover-20220825/UBNA_002/20220823_033000.WAV,Telephone Field,recover-20220825,002,1795
652.8475,652.8611,35781,39962,Pipistrellus nathusii,0.051,0.063,-1,Echolocation,/mnt/ubna_data_01_mir/recover-20220825/UBNA_002/20220823_033000.WAV,Telephone Field,recover-20220825,002,1795
652.8715,652.9071,68437,81716,Rhinolophus ferrumequinum,0.024,0.024,-1,Echolocation,/mnt/ubna_data_01_mir/recover-20220825/UBNA_002/20220823_033000.WAV,Telephone Field,recover-20220825,002,1795
652.8885,652.8944,39218,48685,Pipistrellus nathusii,0.169,0.358,-1,Echolocation,/mnt/ubna_data_01_mir/recover-20220825/UBNA_002/20220823_033000.WAV,Telephone Field,recover-20220825,002,1795
652.9125,652.9186,24609,36278,Plecotus auritus,0.013,0.044,-1,Echolocation,/mnt/ubna_data_01_mir/recover-20220825/UBNA_002/20220823_033000.WAV,Telephone Field,recover-20220825,002,1795
652.9675,653.0063,68437,81926,Rhinolophus ferrumequinum,0.023,0.023,-1,Echolocation,/mnt/ubna_data_01_mir/recover-20220825/UBNA_002/20220823_033000.WAV,Telephone Field,recover-20220825,002,1795
652.9775,652.9838,29765,40748,Myotis daubentonii,0.013,0.031,-1,Echolocation,/mnt/ubna_data_01_mir/recover-20220825/UBNA_002/20220823_033000.WAV,Telephone Field,recover-20220825,002,1795
652.9925,653.0002,27187,36658,Eptesicus serotinus,0.008,0.024,-1,Echolocation,/mnt/ubna_data_01_mir/recover-20220825/UBNA_002/20220823_033000.WAV,Telephone Field,recover-20220825,002,1795
653.0255,653.0317,31484,48378,Myotis daubentonii,0.012,0.023,-1,Echolocation,/mnt/ubna_data_01_mir/recover-20220825/UBNA_002/20220823_033000.WAV,Telephone Field,recover-20220825,002,1795
653.0515,653.0583,42656,54782,Myotis brandtii,0.009,0.024,-1,Echolocation,/mnt/ubna_data_01_mir/recover-20220825/UBNA_002/20220823_033000.WAV,Telephone Field,recover-20220825,002,1795
653.0565,653.0637,25468,39196,Eptesicus serotinus,0.008,0.028,-1,Echolocation,/mnt/ubna_data_01_mir/recover-20220825/UBNA_002/20220823_033000.WAV,Telephone Field,recover-20220825,002,1795
653.0585,653.0648,31484,42782,Myotis daubentonii,0.012,0.028,-1,Echolocation,/mnt/ubna_data_01_mir/recover-20220825/UBNA_002/20220823_033000.WAV,Telephone Field,recover-20220825,002,1795
653.0655,653.0733,26328,35436,Eptesicus serotinus,0.008,0.024,-1,Echolocation,/mnt/ubna_data_01_mir/recover-20220825/UBNA_002/20220823_033000.WAV,Telephone Field,recover-20220825,002,1795
653.0825,653.0919,27187,35963,Eptesicus serotinus,0.01,0.024,-1,Echolocation,/mnt/ubna_data_01_mir/recover-20220825/UBNA_002/20220823_033000.WAV,Telephone Field,recover-20220825,002,1795
653.1065,653.1148,26328,37095,Eptesicus serotinus,0.009,0.026,-1,Echolocation,/mnt/ubna_data_01_mir/recover-20220825/UBNA_002/20220823_033000.WAV,Telephone Field,recover-20220825,002,1795
653.1265,653.1339,26328,40254,Eptesicus serotinus,0.009,0.026,-1,Echolocation,/mnt/ubna_data_01_mir/recover-20220825/UBNA_002/20220823_033000.WAV,Telephone Field,recover-20220825,002,1795
653.1905,653.2291,68437,81996,Rhinolophus ferrumequinum,0.03,0.03,-1,Echolocation,/mnt/ubna_data_01_mir/recover-20220825/UBNA_002/20220823_033000.WAV,Telephone Field,recover-20220825,002,1795
653.2085,653.2147,36640,55483,Myotis brandtii,0.013,0.026,-1,Echolocation,/mnt/ubna_data_01_mir/recover-20220825/UBNA_002/20220823_033000.WAV,Telephone Field,recover-20220825,002,1795
653.2095,653.2167,25468,39617,Eptesicus serotinus,0.007,0.023,-1,Echolocation,/mnt/ubna_data_01_mir/recover-20220825/UBNA_002/20220823_033000.WAV,Telephone Field,recover-20220825,002,1795
653.2605,653.2661,40937,51451,Pipistrellus nathusii,0.26,0.391,-1,Echolocation,/mnt/ubna_data_01_mir/recover-20220825/UBNA_002/20220823_033000.WAV,Telephone Field,recover-20220825,002,1795
653.3165,653.3253,26328,37182,Eptesicus serotinus,0.01,0.026,-1,Echolocation,/mnt/ubna_data_01_mir/recover-20220825/UBNA_002/20220823_033000.WAV,Telephone Field,recover-20220825,002,1795
653.3965,653.4031,43515,49159,Pipistrellus nathusii,0.278,0.304,-1,Echolocation,/mnt/ubna_data_01_mir/recover-20220825/UBNA_002/20220823_033000.WAV,Telephone Field,recover-20220825,002,1795
653.4014999999999,653.4407,68437,81536,Rhinolophus ferrumequinum,0.024,0.024,-1,Echolocation,/mnt/ubna_data_01_mir/recover-20220825/UBNA_002/20220823_033000.WAV,Telephone Field,recover-20220825,002,1795
653.4175,653.427,26328,34063,Eptesicus serotinus,0.011,0.025,-1,Echolocation,/mnt/ubna_data_01_mir/recover-20220825/UBNA_002/20220823_033000.WAV,Telephone Field,recover-20220825,002,1795
653.4255,653.463,68437,82455,Rhinolophus ferrumequinum,0.024,0.024,-1,Echolocation,/mnt/ubna_data_01_mir/recover-20220825/UBNA_002/20220823_033000.WAV,Telephone Field,recover-20220825,002,1795
653.4585,653.4953,68437,81585,Rhinolophus ferrumequinum,0.023,0.023,-1,Echolocation,/mnt/ubna_data_01_mir/recover-20220825/UBNA_002/20220823_033000.WAV,Telephone Field,recover-20220825,002,1795
653.4655,653.4711,41796,50107,Pipistrellus nathusii,0.387,0.497,-1,Echolocation,/mnt/ubna_data_01_mir/recover-20220825/UBNA_002/20220823_033000.WAV,Telephone Field,recover-20220825,002,1795
653.4945,653.5004,34921,55800,Myotis brandtii,0.011,0.024,-1,Echolocation,/mnt/ubna_data_01_mir/recover-20220825/UBNA_002/20220823_033000.WAV,Telephone Field,recover-20220825,002,1795
653.4945,653.5005,47812,55068,Pipistrellus pipistrellus,0.037,0.044,-1,Echolocation,/mnt/ubna_data_01_mir/recover-20220825/UBNA_002/20220823_033000.WAV,Telephone Field,recover-20220825,002,1795
653.5275,653.5342,42656,49380,Pipistrellus nathusii,0.333,0.4,-1,Echolocation,/mnt/ubna_data_01_mir/recover-20220825/UBNA_002/20220823_033000.WAV,Telephone Field,recover-20220825,002,1795
653.5275,653.5337,28046,46223,Myotis daubentonii,0.015,0.038,-1,Echolocation,/mnt/ubna_data_01_mir/recover-20220825/UBNA_002/20220823_033000.WAV,Telephone Field,recover-20220825,002,1795
653.5385,653.5478,26328,34381,Eptesicus serotinus,0.009,0.025,-1,Echolocation,/mnt/ubna_data_01_mir/recover-20220825/UBNA_002/20220823_033000.WAV,Telephone Field,recover-20220825,002,1795
653.5485,653.5595,27187,34688,Eptesicus serotinus,0.012,0.027,-1,Echolocation,/mnt/ubna_data_01_mir/recover-20220825/UBNA_002/20220823_033000.WAV,Telephone Field,recover-20220825,002,1795
653.5675,653.5738,27187,40577,Eptesicus serotinus,0.007,0.027,-1,Echolocation,/mnt/ubna_data_01_mir/recover-20220825/UBNA_002/20220823_033000.WAV,Telephone Field,recover-20220825,002,1795
653.5685,653.5746,31484,45975,Myotis daubentonii,0.011,0.025,-1,Echolocation,/mnt/ubna_data_01_mir/recover-20220825/UBNA_002/20220823_033000.WAV,Telephone Field,recover-20220825,002,1795
653.6175,653.6229,28906,47890,Myotis daubentonii,0.03,0.075,-1,Echolocation,/mnt/ubna_data_01_mir/recover-20220825/UBNA_002/20220823_033000.WAV,Telephone Field,recover-20220825,002,1795
653.6185,653.6248,41796,51418,Pipistrellus nathusii,0.218,0.329,-1,Echolocation,/mnt/ubna_data_01_mir/recover-20220825/UBNA_002/20220823_033000.WAV,Telephone Field,recover-20220825,002,1795
653.6735,653.6809,26328,36993,Eptesicus serotinus,0.007,0.026,-1,Echolocation,/mnt/ubna_data_01_mir/recover-20220825/UBNA_002/20220823_033000.WAV,Telephone Field,recover-20220825,002,1795
653.6825,653.6903,26328,36831,Eptesicus serotinus,0.008,0.024,-1,Echolocation,/mnt/ubna_data_01_mir/recover-20220825/UBNA_002/20220823_033000.WAV,Telephone Field,recover-20220825,002,1795
653.6955,653.7022,41796,57332,Myotis brandtii,0.012,0.041,-1,Echolocation,/mnt/ubna_data_01_mir/recover-20220825/UBNA_002/20220823_033000.WAV,Telephone Field,recover-20220825,002,1795
653.7095,653.7149,36640,51531,Pipistrellus nathusii,0.111,0.282,-1,Echolocation,/mnt/ubna_data_01_mir/recover-20220825/UBNA_002/20220823_033000.WAV,Telephone Field,recover-20220825,002,1795
653.7405,653.7476,37500,47340,Pipistrellus nathusii,0.017,0.037,-1,Echolocation,/mnt/ubna_data_01_mir/recover-20220825/UBNA_002/20220823_033000.WAV,Telephone Field,recover-20220825,002,1795
653.7625,653.8017,68437,82687,Rhinolophus ferrumequinum,0.028,0.028,-1,Echolocation,/mnt/ubna_data_01_mir/recover-20220825/UBNA_002/20220823_033000.WAV,Telephone Field,recover-20220825,002,1795
653.7645,653.7709,35781,55966,Myotis brandtii,0.011,0.024,-1,Echolocation,/mnt/ubna_data_01_mir/recover-20220825/UBNA_002/20220823_033000.WAV,Telephone Field,recover-20220825,002,1795
653.8105,653.8158,36640,48999,Pipistrellus nathusii,0.195,0.506,-1,Echolocation,/mnt/ubna_data_01_mir/recover-20220825/UBNA_002/20220823_033000.WAV,Telephone Field,recover-20220825,002,1795
653.8395,653.88,68437,81993,Rhinolophus ferrumequinum,0.025,0.025,-1,Echolocation,/mnt/ubna_data_01_mir/recover-20220825/UBNA_002/20220823_033000.WAV,Telephone Field,recover-20220825,002,1795
653.8845,653.9243,68437,82435,Rhinolophus ferrumequinum,0.024,0.024,-1,Echolocation,/mnt/ubna_data_01_mir/recover-20220825/UBNA_002/20220823_033000.WAV,Telephone Field,recover-20220825,002,1795
653.9035,653.9091,37500,49147,Pipistrellus nathusii,0.407,0.528,-1,Echolocation,/mnt/ubna_data_01_mir/recover-20220825/UBNA_002/20220823_033000.WAV,Telephone Field,recover-20220825,002,1795
653.9355,653.9408,32343,47875,Myotis daubentonii,0.015,0.032,-1,Echolocation,/mnt/ubna_data_01_mir/recover-20220825/UBNA_002/20220823_033000.WAV,Telephone Field,recover-20220825,002,1795
653.9365,653.9427,26328,40232,Eptesicus serotinus,0.008,0.035,-1,Echolocation,/mnt/ubna_data_01_mir/recover-20220825/UBNA_002/20220823_033000.WAV,Telephone Field,recover-20220825,002,1795
653.9525,653.961,28046,36520,Eptesicus serotinus,0.008,0.023,-1,Echolocation,/mnt/ubna_data_01_mir/recover-20220825/UBNA_002/20220823_033000.WAV,Telephone Field,recover-20220825,002,1795
653.9595,653.9681,42656,51364,Pipistrellus nathusii,0.02,0.038,-1,Echolocation,/mnt/ubna_data_01_mir/recover-20220825/UBNA_002/20220823_033000.WAV,Telephone Field,recover-20220825,002,1795
653.9625,653.9974,68437,81384,Rhinolophus ferrumequinum,0.024,0.024,-1,Echolocation,/mnt/ubna_data_01_mir/recover-20220825/UBNA_002/20220823_033000.WAV,Telephone Field,recover-20220825,002,1795
653.9795,653.987,26328,36200,Eptesicus serotinus,0.009,0.024,-1,Echolocation,/mnt/ubna_data_01_mir/recover-20220825/UBNA_002/20220823_033000.WAV,Telephone Field,recover-20220825,002,1795
653.9805,653.9871,30625,41520,Myotis daubentonii,0.008,0.023,-1,Echolocation,/mnt/ubna_data_01_mir/recover-20220825/UBNA_002/20220823_033000.WAV,Telephone Field,recover-20220825,002,1795
654.0015,654.0092,25468,37941,Nyctalus leisleri,0.007,0.028,-1,Echolocation,/mnt/ubna_data_01_mir/recover-20220825/UBNA_002/20220823_033000.WAV,Telephone Field,recover-20220825,002,1795
654.0015,654.0345,68437,79922,Rhinolophus ferrumequinum,0.03,0.03,-1,Echolocation,/mnt/ubna_data_01_mir/recover-20220825/UBNA_002/20220823_033000.WAV,Telephone Field,recover-20220825,002,1795
654.0025,654.014,40078,43274,Pipistrellus nathusii,0.03,0.041,-1,Echolocation,/mnt/ubna_data_01_mir/recover-20220825/UBNA_002/20220823_033000.WAV,Telephone Field,recover-20220825,002,1795
654.0085,654.0463,68437,81375,Rhinolophus ferrumequinum,0.022,0.022,-1,Echolocation,/mnt/ubna_data_01_mir/recover-20220825/UBNA_002/20220823_033000.WAV,Telephone Field,recover-20220825,002,1795
654.0555,654.0933,68437,82507,Rhinolophus ferrumequinum,0.021,0.021,-1,Echolocation,/mnt/ubna_data_01_mir/recover-20220825/UBNA_002/20220823_033000.WAV,Telephone Field,recover-20220825,002,1795
654.0655,654.1069,68437,81942,Rhinolophus ferrumequinum,0.024,0.024,-1,Echolocation,/mnt/ubna_data_01_mir/recover-20220825/UBNA_002/20220823_033000.WAV,Telephone Field,recover-20220825,002,1795
654.0705,654.0758,39218,47052,Barbastellus barbastellus,0.166,0.297,-1,Echolocation,/mnt/ubna_data_01_mir/recover-20220825/UBNA_002/20220823_033000.WAV,Telephone Field,recover-20220825,002,1795
654.0715,654.0776,30625,50847,Barbastellus barbastellus,0.019,0.067,-1,Echolocation,/mnt/ubna_data_01_mir/recover-20220825/UBNA_002/20220823_033000.WAV,Telephone Field,recover-20220825,002,1795
654.1115,654.1238,54687,58789,Pipistrellus pygmaeus,0.025,0.027,-1,Echolocation,/mnt/ubna_data_01_mir/recover-20220825/UBNA_002/20220823_033000.WAV,Telephone Field,recover-20220825,002,1795
654.1185,654.1563,68437,82011,Rhinolophus ferrumequinum,0.022,0.022,-1,Echolocation,/mnt/ubna_data_01_mir/recover-20220825/UBNA_002/20220823_033000.WAV,Telephone Field,recover-20220825,002,1795
654.1195,654.1292,23750,29907,Nyctalus leisleri,0.008,0.023,-1,Echolocation,/mnt/ubna_data_01_mir/recover-20220825/UBNA_002/20220823_033000.WAV,Telephone Field,recover-20220825,002,1795
654.1585,654.2009,68437,83253,Rhinolophus ferrumequinum,0.03,0.031,-1,Echolocation,/mnt/ubna_data_01_mir/recover-20220825/UBNA_002/20220823_033000.WAV,Telephone Field,recover-20220825,002,1795
654.1705,654.1764000000001,33203,47865,Myotis daubentonii,0.02,0.047,-1,Echolocation,/mnt/ubna_data_01_mir/recover-20220825/UBNA_002/20220823_033000.WAV,Telephone Field,recover-20220825,002,1795
654.1925,654.2327,68437,82340,Rhinolophus ferrumequinum,0.022,0.022,-1,Echolocation,/mnt/ubna_data_01_mir/recover-20220825/UBNA_002/20220823_033000.WAV,Telephone Field,recover-20220825,002,1795
654.1995,654.2414,68437,82413,Rhinolophus ferrumequinum,0.021,0.021,-1,Echolocation,/mnt/ubna_data_01_mir/recover-20220825/UBNA_002/20220823_033000.WAV,Telephone Field,recover-20220825,002,1795
654.2095,654.2484,68437,82197,Rhinolophus ferrumequinum,0.022,0.022,-1,Echolocation,/mnt/ubna_data_01_mir/recover-20220825/UBNA_002/20220823_033000.WAV,Telephone Field,recover-20220825,002,1795
654.2205,654.2295,25468,32655,Eptesicus serotinus,0.009,0.023,-1,Echolocation,/mnt/ubna_data_01_mir/recover-20220825/UBNA_002/20220823_033000.WAV,Telephone Field,recover-20220825,002,1795
654.2295,654.267,68437,81902,Rhinolophus ferrumequinum,0.023,0.023,-1,Echolocation,/mnt/ubna_data_01_mir/recover-20220825/UBNA_002/20220823_033000.WAV,Telephone Field,recover-20220825,002,1795
654.2764999999999,654.2846,28906,37556,Eptesicus serotinus,0.011,0.024,-1,Echolocation,/mnt/ubna_data_01_mir/recover-20220825/UBNA_002/20220823_033000.WAV,Telephone Field,recover-20220825,002,1795
654.2945,654.3301,68437,82063,Rhinolophus ferrumequinum,0.023,0.023,-1,Echolocation,/mnt/ubna_data_01_mir/recover-20220825/UBNA_002/20220823_033000.WAV,Telephone Field,recover-20220825,002,1795
654.3015,654.3389999999999,68437,82053,Rhinolophus ferrumequinum,0.022,0.022,-1,Echolocation,/mnt/ubna_data_01_mir/recover-20220825/UBNA_002/20220823_033000.WAV,Telephone Field,recover-20220825,002,1795
654.3565,654.3638,28046,39803,Eptesicus serotinus,0.006,0.021,-1,Echolocation,/mnt/ubna_data_01_mir/recover-20220825/UBNA_002/20220823_033000.WAV,Telephone Field,recover-20220825,002,1795
654.3595,654.3976,68437,82130,Rhinolophus ferrumequinum,0.023,0.023,-1,Echolocation,/mnt/ubna_data_01_mir/recover-20220825/UBNA_002/20220823_033000.WAV,Telephone Field,recover-20220825,002,1795
654.3655,654.3744,44375,49178,Pipistrellus pipistrellus,0.028,0.033,-1,Echolocation,/mnt/ubna_data_01_mir/recover-20220825/UBNA_002/20220823_033000.WAV,Telephone Field,recover-20220825,002,1795
654.3675,654.3744,27187,38618,Eptesicus serotinus,0.006,0.022,-1,Echolocation,/mnt/ubna_data_01_mir/recover-20220825/UBNA_002/20220823_033000.WAV,Telephone Field,recover-20220825,002,1795
654.4195,654.4289,23750,31257,Eptesicus serotinus,0.007,0.022,-1,Echolocation,/mnt/ubna_data_01_mir/recover-20220825/UBNA_002/20220823_033000.WAV,Telephone Field,recover-20220825,002,1795
654.4345,654.4426,28046,38098,Eptesicus serotinus,0.008,0.022,-1,Echolocation,/mnt/ubna_data_01_mir/recover-20220825/UBNA_002/20220823_033000.WAV,Telephone Field,recover-20220825,002,1795
654.4365,654.4776,68437,82680,Rhinolophus ferrumequinum,0.028,0.028,-1,Echolocation,/mnt/ubna_data_01_mir/recover-20220825/UBNA_002/20220823_033000.WAV,Telephone Field,recover-20220825,002,1795
654.4725,654.5110999999999,68437,81921,Rhinolophus ferrumequinum,0.034,0.034,-1,Echolocation,/mnt/ubna_data_01_mir/recover-20220825/UBNA_002/20220823_033000.WAV,Telephone Field,recover-20220825,002,1795
654.5025,654.5113,28046,40111,Eptesicus serotinus,0.008,0.021,-1,Echolocation,/mnt/ubna_data_01_mir/recover-20220825/UBNA_002/20220823_033000.WAV,Telephone Field,recover-20220825,002,1795
654.5025,654.5439,68437,82523,Rhinolophus ferrumequinum,0.024,0.024,-1,Echolocation,/mnt/ubna_data_01_mir/recover-20220825/UBNA_002/20220823_033000.WAV,Telephone Field,recover-20220825,002,1795
654.5255,654.5663,68437,82909,Rhinolophus ferrumequinum,0.03,0.03,-1,Echolocation,/mnt/ubna_data_01_mir/recover-20220825/UBNA_002/20220823_033000.WAV,Telephone Field,recover-20220825,002,1795
654.5595,654.5664,28046,40625,Eptesicus serotinus,0.009,0.03,-1,Echolocation,/mnt/ubna_data_01_mir/recover-20220825/UBNA_002/20220823_033000.WAV,Telephone Field,recover-20220825,002,1795
654.6285,654.6671,68437,82414,Rhinolophus ferrumequinum,0.03,0.03,-1,Echolocation,/mnt/ubna_data_01_mir/recover-20220825/UBNA_002/20220823_033000.WAV,Telephone Field,recover-20220825,002,1795
654.6475,654.6562,40937,49687,Pipistrellus nathusii,0.008,0.024,-1,Echolocation,/mnt/ubna_data_01_mir/recover-20220825/UBNA_002/20220823_033000.WAV,Telephone Field,recover-20220825,002,1795
654.6975,654.7059,27187,39515,Eptesicus serotinus,0.008,0.022,-1,Echolocation,/mnt/ubna_data_01_mir/recover-20220825/UBNA_002/20220823_033000.WAV,Telephone Field,recover-20220825,002,1795
654.7045,654.715,23750,29662,Nyctalus leisleri,0.009,0.022,-1,Echolocation,/mnt/ubna_data_01_mir/recover-20220825/UBNA_002/20220823_033000.WAV,Telephone Field,recover-20220825,002,1795
654.7235000000001,654.7331,28046,36246,Eptesicus serotinus,0.015,0.028,-1,Echolocation,/mnt/ubna_data_01_mir/recover-20220825/UBNA_002/20220823_033000.WAV,Telephone Field,recover-20220825,002,1795
654.7455,654.7552,35781,42891,Myotis daubentonii,0.005,0.021,-1,Echolocation,/mnt/ubna_data_01_mir/recover-20220825/UBNA_002/20220823_033000.WAV,Telephone Field,recover-20220825,002,1795
654.7465,654.7548,28046,41488,Eptesicus serotinus,0.009,0.024,-1,Echolocation,/mnt/ubna_data_01_mir/recover-20220825/UBNA_002/20220823_033000.WAV,Telephone Field,recover-20220825,002,1795
654.7465,654.7878,68437,82444,Rhinolophus ferrumequinum,0.028,0.028,-1,Echolocation,/mnt/ubna_data_01_mir/recover-20220825/UBNA_002/20220823_033000.WAV,Telephone Field,recover-20220825,002,1795
654.7635,654.8044,68437,83037,Rhinolophus ferrumequinum,0.047,0.047,-1,Echolocation,/mnt/ubna_data_01_mir/recover-20220825/UBNA_002/20220823_033000.WAV,Telephone Field,recover-20220825,002,1795
654.7915,654.801,27187,35660,Eptesicus serotinus,0.01,0.023,-1,Echolocation,/mnt/ubna_data_01_mir/recover-20220825/UBNA_002/20220823_033000.WAV,Telephone Field,recover-20220825,002,1795
654.8015,654.8186,21171,24021,Nyctalus leisleri,0.015,0.025,-1,Echolocation,/mnt/ubna_data_01_mir/recover-20220825/UBNA_002/20220823_033000.WAV,Telephone Field,recover-20220825,002,1795
654.8175,654.8264,25468,33134,Eptesicus serotinus,0.009,0.024,-1,Echolocation,/mnt/ubna_data_01_mir/recover-20220825/UBNA_002/20220823_033000.WAV,Telephone Field,recover-20220825,002,1795
654.8395,654.8763,68437,81525,Rhinolophus ferrumequinum,0.023,0.023,-1,Echolocation,/mnt/ubna_data_01_mir/recover-20220825/UBNA_002/20220823_033000.WAV,Telephone Field,recover-20220825,002,1795
654.8605,654.8758,22890,27038,Nyctalus leisleri,0.016,0.029,-1,Echolocation,/mnt/ubna_data_01_mir/recover-20220825/UBNA_002/20220823_033000.WAV,Telephone Field,recover-20220825,002,1795
654.8785,654.9177999999999,68437,82040,Rhinolophus ferrumequinum,0.023,0.023,-1,Echolocation,/mnt/ubna_data_01_mir/recover-20220825/UBNA_002/20220823_033000.WAV,Telephone Field,recover-20220825,002,1795
654.9075,654.917,24609,30320,Nyctalus leisleri,0.011,0.031,-1,Echolocation,/mnt/ubna_data_01_mir/recover-20220825/UBNA_002/20220823_033000.WAV,Telephone Field,recover-20220825,002,1795
654.9135,654.9582,68437,83961,Rhinolophus ferrumequinum,0.039,0.039,-1,Echolocation,/mnt/ubna_data_01_mir/recover-20220825/UBNA_002/20220823_033000.WAV,Telephone Field,recover-20220825,002,1795
654.9275,654.9347,28046,42256,Eptesicus serotinus,0.007,0.023,-1,Echolocation,/mnt/ubna_data_01_mir/recover-20220825/UBNA_002/20220823_033000.WAV,Telephone Field,recover-20220825,002,1795
654.9655,655.0067,68437,82570,Rhinolophus ferrumequinum,0.023,0.023,-1,Echolocation,/mnt/ubna_data_01_mir/recover-20220825/UBNA_002/20220823_033000.WAV,Telephone Field,recover-20220825,002,1795
654.9695,654.9793999999999,22890,29309,Nyctalus leisleri,0.009,0.024,-1,Echolocation,/mnt/ubna_data_01_mir/recover-20220825/UBNA_002/20220823_033000.WAV,Telephone Field,recover-20220825,002,1795
655.0665,655.0773,22890,28229,Nyctalus leisleri,0.013,0.025,-1,Echolocation,/mnt/ubna_data_01_mir/recover-20220825/UBNA_002/20220823_033000.WAV,Telephone Field,recover-20220825,002,1795
655.0945,655.132,68437,82149,Rhinolophus ferrumequinum,0.021,0.021,-1,Echolocation,/mnt/ubna_data_01_mir/recover-20220825/UBNA_002/20220823_033000.WAV,Telephone Field,recover-20220825,002,1795
655.1065,655.1424,68437,80971,Rhinolophus ferrumequinum,0.022,0.022,-1,Echolocation,/mnt/ubna_data_01_mir/recover-20220825/UBNA_002/20220823_033000.WAV,Telephone Field,recover-20220825,002,1795
655.1125,655.1218,46953,55790,Pipistrellus pipistrellus,0.018,0.022,-1,Echolocation,/mnt/ubna_data_01_mir/recover-20220825/UBNA_002/20220823_033000.WAV,Telephone Field,recover-20220825,002,1795
655.1135,655.1229,28046,37762,Eptesicus serotinus,0.01,0.024,-1,Echolocation,/mnt/ubna_data_01_mir/recover-20220825/UBNA_002/20220823_033000.WAV,Telephone Field,recover-20220825,002,1795
655.1385,655.1746,68437,81265,Rhinolophus ferrumequinum,0.022,0.023,-1,Echolocation,/mnt/ubna_data_01_mir/recover-20220825/UBNA_002/20220823_033000.WAV,Telephone Field,recover-20220825,002,1795
655.1565,655.1967,68437,82708,Rhinolophus ferrumequinum,0.028,0.028,-1,Echolocation,/mnt/ubna_data_01_mir/recover-20220825/UBNA_002/20220823_033000.WAV,Telephone Field,recover-20220825,002,1795
655.1665,655.2072000000001,68437,82764,Rhinolophus ferrumequinum,0.025,0.025,-1,Echolocation,/mnt/ubna_data_01_mir/recover-20220825/UBNA_002/20220823_033000.WAV,Telephone Field,recover-20220825,002,1795
655.1675,655.178,22890,29365,Nyctalus leisleri,0.009,0.026,-1,Echolocation,/mnt/ubna_data_01_mir/recover-20220825/UBNA_002/20220823_033000.WAV,Telephone Field,recover-20220825,002,1795
655.2135,655.2228,28046,37098,Eptesicus serotinus,0.01,0.023,-1,Echolocation,/mnt/ubna_data_01_mir/recover-20220825/UBNA_002/20220823_033000.WAV,Telephone Field,recover-20220825,002,1795
655.2535,655.2886,68437,81530,Rhinolophus ferrumequinum,0.021,0.021,-1,Echolocation,/mnt/ubna_data_01_mir/recover-20220825/UBNA_002/20220823_033000.WAV,Telephone Field,recover-20220825,002,1795
655.2955,655.3331000000001,68437,81729,Rhinolophus ferrumequinum,0.021,0.021,-1,Echolocation,/mnt/ubna_data_01_mir/recover-20220825/UBNA_002/20220823_033000.WAV,Telephone Field,recover-20220825,002,1795
655.3025,655.3417,68437,81896,Rhinolophus ferrumequinum,0.021,0.021,-1,Echolocation,/mnt/ubna_data_01_mir/recover-20220825/UBNA_002/20220823_033000.WAV,Telephone Field,recover-20220825,002,1795
655.3095,655.3479,68437,82083,Rhinolophus ferrumequinum,0.021,0.021,-1,Echolocation,/mnt/ubna_data_01_mir/recover-20220825/UBNA_002/20220823_033000.WAV,Telephone Field,recover-20220825,002,1795
655.3755,655.4167,68437,82268,Rhinolophus ferrumequinum,0.023,0.023,-1,Echolocation,/mnt/ubna_data_01_mir/recover-20220825/UBNA_002/20220823_033000.WAV,Telephone Field,recover-20220825,002,1795
655.4005,655.4413,68437,82497,Rhinolophus ferrumequinum,0.029,0.029,-1,Echolocation,/mnt/ubna_data_01_mir/recover-20220825/UBNA_002/20220823_033000.WAV,Telephone Field,recover-20220825,002,1795
655.4075,655.4159,28046,38156,Eptesicus serotinus,0.008,0.022,-1,Echolocation,/mnt/ubna_data_01_mir/recover-20220825/UBNA_002/20220823_033000.WAV,Telephone Field,recover-20220825,002,1795
655.4455,655.481,68437,81576,Rhinolophus ferrumequinum,0.022,0.022,-1,Echolocation,/mnt/ubna_data_01_mir/recover-20220825/UBNA_002/20220823_033000.WAV,Telephone Field,recover-20220825,002,1795
655.4475,655.4551,27187,36671,Eptesicus serotinus,0.009,0.024,-1,Echolocation,/mnt/ubna_data_01_mir/recover-20220825/UBNA_002/20220823_033000.WAV,Telephone Field,recover-20220825,002,1795
655.4565,655.4649,37500,49488,Myotis brandtii,0.006,0.022,-1,Echolocation,/mnt/ubna_data_01_mir/recover-20220825/UBNA_002/20220823_033000.WAV,Telephone Field,recover-20220825,002,1795
655.5195,655.5305,28906,37692,Eptesicus serotinus,0.013,0.025,-1,Echolocation,/mnt/ubna_data_01_mir/recover-20220825/UBNA_002/20220823_033000.WAV,Telephone Field,recover-20220825,002,1795
655.5215,655.5609,68437,82423,Rhinolophus ferrumequinum,0.022,0.022,-1,Echolocation,/mnt/ubna_data_01_mir/recover-20220825/UBNA_002/20220823_033000.WAV,Telephone Field,recover-20220825,002,1795
655.5275,655.5676,68437,82664,Rhinolophus ferrumequinum,0.022,0.022,-1,Echolocation,/mnt/ubna_data_01_mir/recover-20220825/UBNA_002/20220823_033000.WAV,Telephone Field,recover-20220825,002,1795
655.5425,655.5522,23750,30517,Nyctalus leisleri,0.007,0.023,-1,Echolocation,/mnt/ubna_data_01_mir/recover-20220825/UBNA_002/20220823_033000.WAV,Telephone Field,recover-20220825,002,1795
655.6015,655.642,68437,82727,Rhinolophus ferrumequinum,0.028,0.028,-1,Echolocation,/mnt/ubna_data_01_mir/recover-20220825/UBNA_002/20220823_033000.WAV,Telephone Field,recover-20220825,002,1795
655.6245,655.6609,68437,81298,Rhinolophus ferrumequinum,0.024,0.024,-1,Echolocation,/mnt/ubna_data_01_mir/recover-20220825/UBNA_002/20220823_033000.WAV,Telephone Field,recover-20220825,002,1795
655.6825,655.7245,68437,83260,Rhinolophus ferrumequinum,0.037,0.037,-1,Echolocation,/mnt/ubna_data_01_mir/recover-20220825/UBNA_002/20220823_033000.WAV,Telephone Field,recover-20220825,002,1795
655.6955,655.7061,23750,30006,Nyctalus leisleri,0.009,0.024,-1,Echolocation,/mnt/ubna_data_01_mir/recover-20220825/UBNA_002/20220823_033000.WAV,Telephone Field,recover-20220825,002,1795
655.7575,655.7667,22890,29889,Plecotus austriacus,0.008,0.023,-1,Echolocation,/mnt/ubna_data_01_mir/recover-20220825/UBNA_002/20220823_033000.WAV,Telephone Field,recover-20220825,002,1795
655.7805,655.8155,68437,81191,Rhinolophus ferrumequinum,0.021,0.021,-1,Echolocation,/mnt/ubna_data_01_mir/recover-20220825/UBNA_002/20220823_033000.WAV,Telephone Field,recover-20220825,002,1795
655.8045,655.816,23750,29753,Nyctalus leisleri,0.013,0.03,-1,Echolocation,/mnt/ubna_data_01_mir/recover-20220825/UBNA_002/20220823_033000.WAV,Telephone Field,recover-20220825,002,1795
655.8305,655.8661,68437,81631,Rhinolophus ferrumequinum,0.021,0.021,-1,Echolocation,/mnt/ubna_data_01_mir/recover-20220825/UBNA_002/20220823_033000.WAV,Telephone Field,recover-20220825,002,1795
655.8725,655.91,68437,81902,Rhinolophus ferrumequinum,0.024,0.024,-1,Echolocation,/mnt/ubna_data_01_mir/recover-20220825/UBNA_002/20220823_033000.WAV,Telephone Field,recover-20220825,002,1795
655.8815,655.8893,26328,37684,Eptesicus serotinus,0.008,0.024,-1,Echolocation,/mnt/ubna_data_01_mir/recover-20220825/UBNA_002/20220823_033000.WAV,Telephone Field,recover-20220825,002,1795
655.9785,655.9875,26328,36574,Eptesicus serotinus,0.008,0.023,-1,Echolocation,/mnt/ubna_data_01_mir/recover-20220825/UBNA_002/20220823_033000.WAV,Telephone Field,recover-20220825,002,1795
656.0015,656.0107,24609,32973,Nyctalus leisleri,0.009,0.031,-1,Echolocation,/mnt/ubna_data_01_mir/recover-20220825/UBNA_002/20220823_033000.WAV,Telephone Field,recover-20220825,002,1795
656.0015,656.0316,69296,80775,Rhinolophus ferrumequinum,0.033,0.034,-1,Echolocation,/mnt/ubna_data_01_mir/recover-20220825/UBNA_002/20220823_033000.WAV,Telephone Field,recover-20220825,002,1795
656.0075,656.046,68437,81380,Rhinolophus ferrumequinum,0.023,0.023,-1,Echolocation,/mnt/ubna_data_01_mir/recover-20220825/UBNA_002/20220823_033000.WAV,Telephone Field,recover-20220825,002,1795
656.0325,656.0751,68437,83027,Rhinolophus ferrumequinum,0.029,0.029,-1,Echolocation,/mnt/ubna_data_01_mir/recover-20220825/UBNA_002/20220823_033000.WAV,Telephone Field,recover-20220825,002,1795
656.0525,656.0915,68437,82477,Rhinolophus ferrumequinum,0.024,0.024,-1,Echolocation,/mnt/ubna_data_01_mir/recover-20220825/UBNA_002/20220823_033000.WAV,Telephone Field,recover-20220825,002,1795
656.0685,656.1059,68437,81845,Rhinolophus ferrumequinum,0.023,0.023,-1,Echolocation,/mnt/ubna_data_01_mir/recover-20220825/UBNA_002/20220823_033000.WAV,Telephone Field,recover-20220825,002,1795
656.1115,656.1195,23750,32784,Plecotus austriacus,0.011,0.027,-1,Echolocation,/mnt/ubna_data_01_mir/recover-20220825/UBNA_002/20220823_033000.WAV,Telephone Field,recover-20220825,002,1795
656.1175,656.1557,68437,82044,Rhinolophus ferrumequinum,0.029,0.029,-1,Echolocation,/mnt/ubna_data_01_mir/recover-20220825/UBNA_002/20220823_033000.WAV,Telephone Field,recover-20220825,002,1795
656.1545,656.1629,26328,35755,Eptesicus serotinus,0.013,0.031,-1,Echolocation,/mnt/ubna_data_01_mir/recover-20220825/UBNA_002/20220823_033000.WAV,Telephone Field,recover-20220825,002,1795
656.1675,656.1763,28046,39362,Eptesicus serotinus,0.009,0.025,-1,Echolocation,/mnt/ubna_data_01_mir/recover-20220825/UBNA_002/20220823_033000.WAV,Telephone Field,recover-20220825,002,1795
656.1675,656.175,33203,43260,Myotis daubentonii,0.009,0.023,-1,Echolocation,/mnt/ubna_data_01_mir/recover-20220825/UBNA_002/20220823_033000.WAV,Telephone Field,recover-20220825,002,1795
656.1915,656.2335,68437,82745,Rhinolophus ferrumequinum,0.025,0.025,-1,Echolocation,/mnt/ubna_data_01_mir/recover-20220825/UBNA_002/20220823_033000.WAV,Telephone Field,recover-20220825,002,1795
656.2175,656.2274,28046,37607,Eptesicus serotinus,0.01,0.024,-1,Echolocation,/mnt/ubna_data_01_mir/recover-20220825/UBNA_002/20220823_033000.WAV,Telephone Field,recover-20220825,002,1795
656.2245,656.2339,28046,36364,Eptesicus serotinus,0.009,0.025,-1,Echolocation,/mnt/ubna_data_01_mir/recover-20220825/UBNA_002/20220823_033000.WAV,Telephone Field,recover-20220825,002,1795
656.2345,656.2444,28906,35331,Eptesicus serotinus,0.01,0.024,-1,Echolocation,/mnt/ubna_data_01_mir/recover-20220825/UBNA_002/20220823_033000.WAV,Telephone Field,recover-20220825,002,1795
656.2825,656.3237,68437,83152,Rhinolophus ferrumequinum,0.036,0.036,-1,Echolocation,/mnt/ubna_data_01_mir/recover-20220825/UBNA_002/20220823_033000.WAV,Telephone Field,recover-20220825,002,1795
656.3415,656.3789,68437,81383,Rhinolophus ferrumequinum,0.022,0.023,-1,Echolocation,/mnt/ubna_data_01_mir/recover-20220825/UBNA_002/20220823_033000.WAV,Telephone Field,recover-20220825,002,1795
656.3595,656.3965,68437,82122,Rhinolophus ferrumequinum,0.024,0.024,-1,Echolocation,/mnt/ubna_data_01_mir/recover-20220825/UBNA_002/20220823_033000.WAV,Telephone Field,recover-20220825,002,1795
656.3705,656.4138,68437,83343,Rhinolophus ferrumequinum,0.032,0.032,-1,Echolocation,/mnt/ubna_data_01_mir/recover-20220825/UBNA_002/20220823_033000.WAV,Telephone Field,recover-20220825,002,1795
656.3945,656.4315,68437,81740,Rhinolophus ferrumequinum,0.022,0.022,-1,Echolocation,/mnt/ubna_data_01_mir/recover-20220825/UBNA_002/20220823_033000.WAV,Telephone Field,recover-20220825,002,1795
656.4325,656.4699,68437,82126,Rhinolophus ferrumequinum,0.023,0.023,-1,Echolocation,/mnt/ubna_data_01_mir/recover-20220825/UBNA_002/20220823_033000.WAV,Telephone Field,recover-20220825,002,1795
656.4325,656.4457,22031,25737,Nyctalus leisleri,0.017,0.026,-1,Echolocation,/mnt/ubna_data_01_mir/recover-20220825/UBNA_002/20220823_033000.WAV,Telephone Field,recover-20220825,002,1795
656.4425,656.4544,22890,26692,Nyctalus leisleri,0.016,0.026,-1,Echolocation,/mnt/ubna_data_01_mir/recover-20220825/UBNA_002/20220823_033000.WAV,Telephone Field,recover-20220825,002,1795
656.4675,656.4758,28906,37730,Eptesicus serotinus,0.009,0.024,-1,Echolocation,/mnt/ubna_data_01_mir/recover-20220825/UBNA_002/20220823_033000.WAV,Telephone Field,recover-20220825,002,1795
656.4695,656.5099,68437,82313,Rhinolophus ferrumequinum,0.025,0.025,-1,Echolocation,/mnt/ubna_data_01_mir/recover-20220825/UBNA_002/20220823_033000.WAV,Telephone Field,recover-20220825,002,1795
656.4965,656.5317,68437,81232,Rhinolophus ferrumequinum,0.023,0.023,-1,Echolocation,/mnt/ubna_data_01_mir/recover-20220825/UBNA_002/20220823_033000.WAV,Telephone Field,recover-20220825,002,1795
656.5115,656.5224,27187,33641,Eptesicus serotinus,0.012,0.027,-1,Echolocation,/mnt/ubna_data_01_mir/recover-20220825/UBNA_002/20220823_033000.WAV,Telephone Field,recover-20220825,002,1795
656.5135,656.5527,68437,82458,Rhinolophus ferrumequinum,0.024,0.024,-1,Echolocation,/mnt/ubna_data_01_mir/recover-20220825/UBNA_002/20220823_033000.WAV,Telephone Field,recover-20220825,002,1795
656.5385,656.5592,16875,20569,Nyctalus noctula,0.02,0.032,-1,Echolocation,/mnt/ubna_data_01_mir/recover-20220825/UBNA_002/20220823_033000.WAV,Telephone Field,recover-20220825,002,1795
656.5665,656.6068,68437,82823,Rhinolophus ferrumequinum,0.032,0.032,-1,Echolocation,/mnt/ubna_data_01_mir/recover-20220825/UBNA_002/20220823_033000.WAV,Telephone Field,recover-20220825,002,1795
656.5935,656.6333,68437,81999,Rhinolophus ferrumequinum,0.023,0.023,-1,Echolocation,/mnt/ubna_data_01_mir/recover-20220825/UBNA_002/20220823_033000.WAV,Telephone Field,recover-20220825,002,1795
656.5985000000001,656.6363,68437,81980,Rhinolophus ferrumequinum,0.023,0.023,-1,Echolocation,/mnt/ubna_data_01_mir/recover-20220825/UBNA_002/20220823_033000.WAV,Telephone Field,recover-20220825,002,1795
656.6585,656.698,68437,82877,Rhinolophus ferrumequinum,0.038,0.038,-1,Echolocation,/mnt/ubna_data_01_mir/recover-20220825/UBNA_002/20220823_033000.WAV,Telephone Field,recover-20220825,002,1795
656.7035,656.7164,22890,27038,Nyctalus leisleri,0.015,0.026,-1,Echolocation,/mnt/ubna_data_01_mir/recover-20220825/UBNA_002/20220823_033000.WAV,Telephone Field,recover-20220825,002,1795
656.7065,656.7443,68437,81929,Rhinolophus ferrumequinum,0.025,0.025,-1,Echolocation,/mnt/ubna_data_01_mir/recover-20220825/UBNA_002/20220823_033000.WAV,Telephone Field,recover-20220825,002,1795
656.7105,656.7206,23750,29745,Nyctalus leisleri,0.011,0.026,-1,Echolocation,/mnt/ubna_data_01_mir/recover-20220825/UBNA_002/20220823_033000.WAV,Telephone Field,recover-20220825,002,1795
656.7395,656.7468,52968,59682,Pipistrellus pipistrellus,0.018,0.022,-1,Echolocation,/mnt/ubna_data_01_mir/recover-20220825/UBNA_002/20220823_033000.WAV,Telephone Field,recover-20220825,002,1795
656.7505,656.7671,21171,24172,Nyctalus leisleri,0.015,0.026,-1,Echolocation,/mnt/ubna_data_01_mir/recover-20220825/UBNA_002/20220823_033000.WAV,Telephone Field,recover-20220825,002,1795
656.7625,656.772,24609,31538,Nyctalus leisleri,0.008,0.024,-1,Echolocation,/mnt/ubna_data_01_mir/recover-20220825/UBNA_002/20220823_033000.WAV,Telephone Field,recover-20220825,002,1795
656.7755,656.8139,68437,81626,Rhinolophus ferrumequinum,0.025,0.025,-1,Echolocation,/mnt/ubna_data_01_mir/recover-20220825/UBNA_002/20220823_033000.WAV,Telephone Field,recover-20220825,002,1795
656.7905,656.8346,68437,83133,Rhinolophus ferrumequinum,0.031,0.031,-1,Echolocation,/mnt/ubna_data_01_mir/recover-20220825/UBNA_002/20220823_033000.WAV,Telephone Field,recover-20220825,002,1795
656.8035,656.8145,25468,32663,Eptesicus serotinus,0.009,0.024,-1,Echolocation,/mnt/ubna_data_01_mir/recover-20220825/UBNA_002/20220823_033000.WAV,Telephone Field,recover-20220825,002,1795
656.8155,656.8546,68437,82237,Rhinolophus ferrumequinum,0.022,0.022,-1,Echolocation,/mnt/ubna_data_01_mir/recover-20220825/UBNA_002/20220823_033000.WAV,Telephone Field,recover-20220825,002,1795
656.8245,656.8644,68437,82453,Rhinolophus ferrumequinum,0.023,0.023,-1,Echolocation,/mnt/ubna_data_01_mir/recover-20220825/UBNA_002/20220823_033000.WAV,Telephone Field,recover-20220825,002,1795
656.8325,656.8438,24609,30231,Nyctalus leisleri,0.013,0.027,-1,Echolocation,/mnt/ubna_data_01_mir/recover-20220825/UBNA_002/20220823_033000.WAV,Telephone Field,recover-20220825,002,1795
656.8525,656.8952,68437,82834,Rhinolophus ferrumequinum,0.036,0.036,-1,Echolocation,/mnt/ubna_data_01_mir/recover-20220825/UBNA_002/20220823_033000.WAV,Telephone Field,recover-20220825,002,1795
656.8865,656.9236,68437,81722,Rhinolophus ferrumequinum,0.023,0.023,-1,Echolocation,/mnt/ubna_data_01_mir/recover-20220825/UBNA_002/20220823_033000.WAV,Telephone Field,recover-20220825,002,1795
656.9275,656.9688,68437,83254,Rhinolophus ferrumequinum,0.071,0.071,-1,Echolocation,/mnt/ubna_data_01_mir/recover-20220825/UBNA_002/20220823_033000.WAV,Telephone Field,recover-20220825,002,1795
656.9465,656.9575,51250,56249,Pipistrellus pipistrellus,0.02,0.026,-1,Echolocation,/mnt/ubna_data_01_mir/recover-20220825/UBNA_002/20220823_033000.WAV,Telephone Field,recover-20220825,002,1795
657.0145,657.053,68437,82630,Rhinolophus ferrumequinum,0.035,0.035,-1,Echolocation,/mnt/ubna_data_01_mir/recover-20220825/UBNA_002/20220823_033000.WAV,Telephone Field,recover-20220825,002,1795
657.0475,657.0883,68437,82050,Rhinolophus ferrumequinum,0.025,0.025,-1,Echolocation,/mnt/ubna_data_01_mir/recover-20220825/UBNA_002/20220823_033000.WAV,Telephone Field,recover-20220825,002,1795
657.0795,657.0911,48671,51783,Pipistrellus pipistrellus,0.041,0.046,-1,Echolocation,/mnt/ubna_data_01_mir/recover-20220825/UBNA_002/20220823_033000.WAV,Telephone Field,recover-20220825,002,1795
657.1255,657.1661,68437,82983,Rhinolophus ferrumequinum,0.026,0.026,-1,Echolocation,/mnt/ubna_data_01_mir/recover-20220825/UBNA_002/20220823_033000.WAV,Telephone Field,recover-20220825,002,1795
657.1375,657.151,14296,19233,Nyctalus noctula,0.018,0.029,-1,Echolocation,/mnt/ubna_data_01_mir/recover-20220825/UBNA_002/20220823_033000.WAV,Telephone Field,recover-20220825,002,1795
657.1425,657.1835,68437,82488,Rhinolophus ferrumequinum,0.024,0.024,-1,Echolocation,/mnt/ubna_data_01_mir/recover-20220825/UBNA_002/20220823_033000.WAV,Telephone Field,recover-20220825,002,1795
657.1625,657.1729,28046,36729,Eptesicus serotinus,0.017,0.033,-1,Echolocation,/mnt/ubna_data_01_mir/recover-20220825/UBNA_002/20220823_033000.WAV,Telephone Field,recover-20220825,002,1795
657.1915,657.2318,68437,83049,Rhinolophus ferrumequinum,0.024,0.024,-1,Echolocation,/mnt/ubna_data_01_mir/recover-20220825/UBNA_002/20220823_033000.WAV,Telephone Field,recover-20220825,002,1795
657.2215,657.2352,22890,26780,Nyctalus leisleri,0.045,0.084,-1,Echolocation,/mnt/ubna_data_01_mir/recover-20220825/UBNA_002/20220823_033000.WAV,Telephone Field,recover-20220825,002,1795
657.2475,657.2888,68437,82751,Rhinolophus ferrumequinum,0.025,0.025,-1,Echolocation,/mnt/ubna_data_01_mir/recover-20220825/UBNA_002/20220823_033000.WAV,Telephone Field,recover-20220825,002,1795
657.2995,657.3102,25468,31445,Nyctalus leisleri,0.011,0.028,-1,Echolocation,/mnt/ubna_data_01_mir/recover-20220825/UBNA_002/20220823_033000.WAV,Telephone Field,recover-20220825,002,1795
657.3165,657.3559,68437,82851,Rhinolophus ferrumequinum,0.027,0.027,-1,Echolocation,/mnt/ubna_data_01_mir/recover-20220825/UBNA_002/20220823_033000.WAV,Telephone Field,recover-20220825,002,1795
657.3345,657.3693,68437,81010,Rhinolophus ferrumequinum,0.022,0.023,-1,Echolocation,/mnt/ubna_data_01_mir/recover-20220825/UBNA_002/20220823_033000.WAV,Telephone Field,recover-20220825,002,1795
657.3385,657.357,20312,23377,Nyctalus leisleri,0.016,0.027,-1,Echolocation,/mnt/ubna_data_01_mir/recover-20220825/UBNA_002/20220823_033000.WAV,Telephone Field,recover-20220825,002,1795
657.3705,657.4098,68437,82250,Rhinolophus ferrumequinum,0.025,0.025,-1,Echolocation,/mnt/ubna_data_01_mir/recover-20220825/UBNA_002/20220823_033000.WAV,Telephone Field,recover-20220825,002,1795
657.3705,657.3813,28046,34790,Eptesicus serotinus,0.01,0.023,-1,Echolocation,/mnt/ubna_data_01_mir/recover-20220825/UBNA_002/20220823_033000.WAV,Telephone Field,recover-20220825,002,1795
657.4014999999999,657.4111,22890,29619,Plecotus austriacus,0.009,0.027,-1,Echolocation,/mnt/ubna_data_01_mir/recover-20220825/UBNA_002/20220823_033000.WAV,Telephone Field,recover-20220825,002,1795
657.4355,657.4451,28046,36783,Eptesicus serotinus,0.01,0.023,-1,Echolocation,/mnt/ubna_data_01_mir/recover-20220825/UBNA_002/20220823_033000.WAV,Telephone Field,recover-20220825,002,1795
657.4645,657.5042,68437,82583,Rhinolophus ferrumequinum,0.025,0.025,-1,Echolocation,/mnt/ubna_data_01_mir/recover-20220825/UBNA_002/20220823_033000.WAV,Telephone Field,recover-20220825,002,1795
657.4735000000001,657.5116,68437,81749,Rhinolophus ferrumequinum,0.023,0.023,-1,Echolocation,/mnt/ubna_data_01_mir/recover-20220825/UBNA_002/20220823_033000.WAV,Telephone Field,recover-20220825,002,1795
657.4785,657.5163,68437,81518,Rhinolophus ferrumequinum,0.023,0.023,-1,Echolocation,/mnt/ubna_data_01_mir/recover-20220825/UBNA_002/20220823_033000.WAV,Telephone Field,recover-20220825,002,1795
657.5165,657.5253,28046,37091,Eptesicus serotinus,0.01,0.027,-1,Echolocation,/mnt/ubna_data_01_mir/recover-20220825/UBNA_002/20220823_033000.WAV,Telephone Field,recover-20220825,002,1795
657.5245,657.5360000000001,22031,25581,Nyctalus leisleri,0.017,0.027,-1,Echolocation,/mnt/ubna_data_01_mir/recover-20220825/UBNA_002/20220823_033000.WAV,Telephone Field,recover-20220825,002,1795
657.5345,657.5748,68437,82825,Rhinolophus ferrumequinum,0.03,0.03,-1,Echolocation,/mnt/ubna_data_01_mir/recover-20220825/UBNA_002/20220823_033000.WAV,Telephone Field,recover-20220825,002,1795
657.5595,657.5959,68437,81481,Rhinolophus ferrumequinum,0.023,0.023,-1,Echolocation,/mnt/ubna_data_01_mir/recover-20220825/UBNA_002/20220823_033000.WAV,Telephone Field,recover-20220825,002,1795
657.5745,657.5844,28046,35777,Eptesicus serotinus,0.009,0.024,-1,Echolocation,/mnt/ubna_data_01_mir/recover-20220825/UBNA_002/20220823_033000.WAV,Telephone Field,recover-20220825,002,1795
657.5915,657.6002,28046,37706,Eptesicus serotinus,0.008,0.023,-1,Echolocation,/mnt/ubna_data_01_mir/recover-20220825/UBNA_002/20220823_033000.WAV,Telephone Field,recover-20220825,002,1795
657.5975,657.6074,23750,29289,Nyctalus leisleri,0.01,0.024,-1,Echolocation,/mnt/ubna_data_01_mir/recover-20220825/UBNA_002/20220823_033000.WAV,Telephone Field,recover-20220825,002,1795
657.6545,657.664,22890,30111,Plecotus austriacus,0.008,0.025,-1,Echolocation,/mnt/ubna_data_01_mir/recover-20220825/UBNA_002/20220823_033000.WAV,Telephone Field,recover-20220825,002,1795
657.6715,657.7042,68437,80550,Rhinolophus ferrumequinum,0.022,0.022,-1,Echolocation,/mnt/ubna_data_01_mir/recover-20220825/UBNA_002/20220823_033000.WAV,Telephone Field,recover-20220825,002,1795
657.6845,657.7184,68437,80267,Rhinolophus ferrumequinum,0.024,0.024,-1,Echolocation,/mnt/ubna_data_01_mir/recover-20220825/UBNA_002/20220823_033000.WAV,Telephone Field,recover-20220825,002,1795
657.6965,657.7075,22031,27140,Nyctalus leisleri,0.011,0.025,-1,Echolocation,/mnt/ubna_data_01_mir/recover-20220825/UBNA_002/20220823_033000.WAV,Telephone Field,recover-20220825,002,1795
657.7235000000001,657.764,68437,82599,Rhinolophus ferrumequinum,0.025,0.025,-1,Echolocation,/mnt/ubna_data_01_mir/recover-20220825/UBNA_002/20220823_033000.WAV,Telephone Field,recover-20220825,002,1795
657.7425,657.7792,68437,81315,Rhinolophus ferrumequinum,0.022,0.022,-1,Echolocation,/mnt/ubna_data_01_mir/recover-20220825/UBNA_002/20220823_033000.WAV,Telephone Field,recover-20220825,002,1795
657.7705,657.814,68437,82920,Rhinolophus ferrumequinum,0.032,0.032,-1,Echolocation,/mnt/ubna_data_01_mir/recover-20220825/UBNA_002/20220823_033000.WAV,Telephone Field,recover-20220825,002,1795
657.7745,657.7819,28046,39456,Eptesicus serotinus,0.007,0.025,-1,Echolocation,/mnt/ubna_data_01_mir/recover-20220825/UBNA_002/20220823_033000.WAV,Telephone Field,recover-20220825,002,1795
657.7955,657.8338,68437,82190,Rhinolophus ferrumequinum,0.035,0.035,-1,Echolocation,/mnt/ubna_data_01_mir/recover-20220825/UBNA_002/20220823_033000.WAV,Telephone Field,recover-20220825,002,1795
657.8235,657.8351,28906,35674,Eptesicus serotinus,0.025,0.043,-1,Echolocation,/mnt/ubna_data_01_mir/recover-20220825/UBNA_002/20220823_033000.WAV,Telephone Field,recover-20220825,002,1795
657.8415,657.881,68437,82562,Rhinolophus ferrumequinum,0.024,0.024,-1,Echolocation,/mnt/ubna_data_01_mir/recover-20220825/UBNA_002/20220823_033000.WAV,Telephone Field,recover-20220825,002,1795
657.8435,657.8508,27187,40086,Eptesicus serotinus,0.007,0.023,-1,Echolocation,/mnt/ubna_data_01_mir/recover-20220825/UBNA_002/20220823_033000.WAV,Telephone Field,recover-20220825,002,1795
657.8665,657.8757,25468,33757,Eptesicus serotinus,0.011,0.029,-1,Echolocation,/mnt/ubna_data_01_mir/recover-20220825/UBNA_002/20220823_033000.WAV,Telephone Field,recover-20220825,002,1795
657.9165,657.9556,68437,81447,Rhinolophus ferrumequinum,0.025,0.025,-1,Echolocation,/mnt/ubna_data_01_mir/recover-20220825/UBNA_002/20220823_033000.WAV,Telephone Field,recover-20220825,002,1795
657.9435,657.9841,68437,82690,Rhinolophus ferrumequinum,0.025,0.025,-1,Echolocation,/mnt/ubna_data_01_mir/recover-20220825/UBNA_002/20220823_033000.WAV,Telephone Field,recover-20220825,002,1795
658.0015,658.0096,31484,42465,Myotis daubentonii,0.008,0.022,-1,Echolocation,/mnt/ubna_data_01_mir/recover-20220825/UBNA_002/20220823_033000.WAV,Telephone Field,recover-20220825,002,1795
658.0015,658.0103,22031,28476,Nyctalus leisleri,0.01,0.03,-1,Echolocation,/mnt/ubna_data_01_mir/recover-20220825/UBNA_002/20220823_033000.WAV,Telephone Field,recover-20220825,002,1795
658.0015,658.0079,38359,51635,Myotis daubentonii,0.008,0.024,-1,Echolocation,/mnt/ubna_data_01_mir/recover-20220825/UBNA_002/20220823_033000.WAV,Telephone Field,recover-20220825,002,1795
658.0015,658.0074,46093,51957,Pipistrellus pipistrellus,0.018,0.022,-1,Echolocation,/mnt/ubna_data_01_mir/recover-20220825/UBNA_002/20220823_033000.WAV,Telephone Field,recover-20220825,002,1795
658.0015,658.034,68437,79710,Rhinolophus ferrumequinum,0.036,0.036,-1,Echolocation,/mnt/ubna_data_01_mir/recover-20220825/UBNA_002/20220823_033000.WAV,Telephone Field,recover-20220825,002,1795
658.0155,658.0263,28906,36330,Eptesicus serotinus,0.01,0.022,-1,Echolocation,/mnt/ubna_data_01_mir/recover-20220825/UBNA_002/20220823_033000.WAV,Telephone Field,recover-20220825,002,1795
658.0645,658.1035,68437,82496,Rhinolophus ferrumequinum,0.037,0.037,-1,Echolocation,/mnt/ubna_data_01_mir/recover-20220825/UBNA_002/20220823_033000.WAV,Telephone Field,recover-20220825,002,1795
658.0745,658.0802,37500,49198,Myotis daubentonii,0.009,0.025,-1,Echolocation,/mnt/ubna_data_01_mir/recover-20220825/UBNA_002/20220823_033000.WAV,Telephone Field,recover-20220825,002,1795
658.0745,658.0824,26328,40421,Eptesicus serotinus,0.008,0.028,-1,Echolocation,/mnt/ubna_data_01_mir/recover-20220825/UBNA_002/20220823_033000.WAV,Telephone Field,recover-20220825,002,1795
658.0755,658.1103,68437,80062,Rhinolophus ferrumequinum,0.025,0.025,-1,Echolocation,/mnt/ubna_data_01_mir/recover-20220825/UBNA_002/20220823_033000.WAV,Telephone Field,recover-20220825,002,1795
658.0915,658.1024,23750,30440,Nyctalus leisleri,0.014,0.034,-1,Echolocation,/mnt/ubna_data_01_mir/recover-20220825/UBNA_002/20220823_033000.WAV,Telephone Field,recover-20220825,002,1795
658.1155,658.1558,68437,82158,Rhinolophus ferrumequinum,0.022,0.022,-1,Echolocation,/mnt/ubna_data_01_mir/recover-20220825/UBNA_002/20220823_033000.WAV,Telephone Field,recover-20220825,002,1795
658.1215,658.1286,28046,37717,Eptesicus serotinus,0.006,0.023,-1,Echolocation,/mnt/ubna_data_01_mir/recover-20220825/UBNA_002/20220823_033000.WAV,Telephone Field,recover-20220825,002,1795
658.1235,658.1626,68437,82135,Rhinolophus ferrumequinum,0.023,0.023,-1,Echolocation,/mnt/ubna_data_01_mir/recover-20220825/UBNA_002/20220823_033000.WAV,Telephone Field,recover-20220825,002,1795
658.1525,658.1612,28046,42152,Eptesicus serotinus,0.009,0.023,-1,Echolocation,/mnt/ubna_data_01_mir/recover-20220825/UBNA_002/20220823_033000.WAV,Telephone Field,recover-20220825,002,1795
658.1665,658.1754,27187,39141,Eptesicus serotinus,0.008,0.023,-1,Echolocation,/mnt/ubna_data_01_mir/recover-20220825/UBNA_002/20220823_033000.WAV,Telephone Field,recover-20220825,002,1795
658.2775,658.2875,50390,56954,Pipistrellus pipistrellus,0.023,0.029,-1,Echolocation,/mnt/ubna_data_01_mir/recover-20220825/UBNA_002/20220823_033000.WAV,Telephone Field,recover-20220825,002,1795
658.2905,658.3013,27187,33973,Eptesicus serotinus,0.016,0.031,-1,Echolocation,/mnt/ubna_data_01_mir/recover-20220825/UBNA_002/20220823_033000.WAV,Telephone Field,recover-20220825,002,1795
658.3145,658.3565,68437,82557,Rhinolophus ferrumequinum,0.024,0.024,-1,Echolocation,/mnt/ubna_data_01_mir/recover-20220825/UBNA_002/20220823_033000.WAV,Telephone Field,recover-20220825,002,1795
658.3485000000001,658.355,26328,36522,Plecotus auritus,0.017,0.06,-1,Echolocation,/mnt/ubna_data_01_mir/recover-20220825/UBNA_002/20220823_033000.WAV,Telephone Field,recover-20220825,002,1795
658.3765,658.3939,19453,23535,Nyctalus noctula,0.017,0.033,-1,Echolocation,/mnt/ubna_data_01_mir/recover-20220825/UBNA_002/20220823_033000.WAV,Telephone Field,recover-20220825,002,1795
658.3905,658.3999,23750,30619,Nyctalus leisleri,0.008,0.025,-1,Echolocation,/mnt/ubna_data_01_mir/recover-20220825/UBNA_002/20220823_033000.WAV,Telephone Field,recover-20220825,002,1795
658.4205,658.4276,28046,41719,Eptesicus serotinus,0.007,0.024,-1,Echolocation,/mnt/ubna_data_01_mir/recover-20220825/UBNA_002/20220823_033000.WAV,Telephone Field,recover-20220825,002,1795
658.4315,658.4419,26328,33714,Eptesicus serotinus,0.012,0.024,-1,Echolocation,/mnt/ubna_data_01_mir/recover-20220825/UBNA_002/20220823_033000.WAV,Telephone Field,recover-20220825,002,1795
658.4435,658.4807,68437,82016,Rhinolophus ferrumequinum,0.021,0.021,-1,Echolocation,/mnt/ubna_data_01_mir/recover-20220825/UBNA_002/20220823_033000.WAV,Telephone Field,recover-20220825,002,1795
658.4485,658.4566,28046,37404,Eptesicus serotinus,0.007,0.022,-1,Echolocation,/mnt/ubna_data_01_mir/recover-20220825/UBNA_002/20220823_033000.WAV,Telephone Field,recover-20220825,002,1795
658.4585,658.4961,68437,81594,Rhinolophus ferrumequinum,0.021,0.021,-1,Echolocation,/mnt/ubna_data_01_mir/recover-20220825/UBNA_002/20220823_033000.WAV,Telephone Field,recover-20220825,002,1795
658.5235,658.5357,49531,53593,Pipistrellus pipistrellus,0.027,0.032,-1,Echolocation,/mnt/ubna_data_01_mir/recover-20220825/UBNA_002/20220823_033000.WAV,Telephone Field,recover-20220825,002,1795
658.5275,658.5349,24609,34187,Plecotus austriacus,0.009,0.028,-1,Echolocation,/mnt/ubna_data_01_mir/recover-20220825/UBNA_002/20220823_033000.WAV,Telephone Field,recover-20220825,002,1795
658.5455,658.5534,25468,34352,Eptesicus serotinus,0.008,0.024,-1,Echolocation,/mnt/ubna_data_01_mir/recover-20220825/UBNA_002/20220823_033000.WAV,Telephone Field,recover-20220825,002,1795
658.5525,658.5925,68437,82272,Rhinolophus ferrumequinum,0.028,0.028,-1,Echolocation,/mnt/ubna_data_01_mir/recover-20220825/UBNA_002/20220823_033000.WAV,Telephone Field,recover-20220825,002,1795
658.6065,658.6439,68437,82187,Rhinolophus ferrumequinum,0.022,0.022,-1,Echolocation,/mnt/ubna_data_01_mir/recover-20220825/UBNA_002/20220823_033000.WAV,Telephone Field,recover-20220825,002,1795
658.6175,658.66,68437,82437,Rhinolophus ferrumequinum,0.029,0.029,-1,Echolocation,/mnt/ubna_data_01_mir/recover-20220825/UBNA_002/20220823_033000.WAV,Telephone Field,recover-20220825,002,1795
658.6255,658.6342,28046,39527,Eptesicus serotinus,0.008,0.024,-1,Echolocation,/mnt/ubna_data_01_mir/recover-20220825/UBNA_002/20220823_033000.WAV,Telephone Field,recover-20220825,002,1795
658.6355,658.6456000000001,22890,28524,Nyctalus leisleri,0.01,0.022,-1,Echolocation,/mnt/ubna_data_01_mir/recover-20220825/UBNA_002/20220823_033000.WAV,Telephone Field,recover-20220825,002,1795
658.6575,658.6963,68437,82477,Rhinolophus ferrumequinum,0.023,0.023,-1,Echolocation,/mnt/ubna_data_01_mir/recover-20220825/UBNA_002/20220823_033000.WAV,Telephone Field,recover-20220825,002,1795
658.6975,658.7063,28906,38005,Eptesicus serotinus,0.008,0.024,-1,Echolocation,/mnt/ubna_data_01_mir/recover-20220825/UBNA_002/20220823_033000.WAV,Telephone Field,recover-20220825,002,1795
658.7125,658.7218,24609,31654,Nyctalus leisleri,0.007,0.021,-1,Echolocation,/mnt/ubna_data_01_mir/recover-20220825/UBNA_002/20220823_033000.WAV,Telephone Field,recover-20220825,002,1795
658.7145,658.7539,68437,82300,Rhinolophus ferrumequinum,0.022,0.022,-1,Echolocation,/mnt/ubna_data_01_mir/recover-20220825/UBNA_002/20220823_033000.WAV,Telephone Field,recover-20220825,002,1795
658.7485,658.759,23750,29531,Nyctalus leisleri,0.011,0.025,-1,Echolocation,/mnt/ubna_data_01_mir/recover-20220825/UBNA_002/20220823_033000.WAV,Telephone Field,recover-20220825,002,1795
658.7815,658.8186,68437,81395,Rhinolophus ferrumequinum,0.022,0.022,-1,Echolocation,/mnt/ubna_data_01_mir/recover-20220825/UBNA_002/20220823_033000.WAV,Telephone Field,recover-20220825,002,1795
658.7935,658.8051,22031,26015,Nyctalus leisleri,0.012,0.022,-1,Echolocation,/mnt/ubna_data_01_mir/recover-20220825/UBNA_002/20220823_033000.WAV,Telephone Field,recover-20220825,002,1795
658.8215,658.8609,68437,82202,Rhinolophus ferrumequinum,0.022,0.022,-1,Echolocation,/mnt/ubna_data_01_mir/recover-20220825/UBNA_002/20220823_033000.WAV,Telephone Field,recover-20220825,002,1795
658.8475,658.8843,68437,81899,Rhinolophus ferrumequinum,0.022,0.022,-1,Echolocation,/mnt/ubna_data_01_mir/recover-20220825/UBNA_002/20220823_033000.WAV,Telephone Field,recover-20220825,002,1795
658.8795,658.9152,68437,82398,Rhinolophus ferrumequinum,0.025,0.025,-1,Echolocation,/mnt/ubna_data_01_mir/recover-20220825/UBNA_002/20220823_033000.WAV,Telephone Field,recover-20220825,002,1795
658.9025,658.91,28046,38873,Eptesicus serotinus,0.007,0.022,-1,Echolocation,/mnt/ubna_data_01_mir/recover-20220825/UBNA_002/20220823_033000.WAV,Telephone Field,recover-20220825,002,1795
658.9035,658.9414,68437,82026,Rhinolophus ferrumequinum,0.023,0.023,-1,Echolocation,/mnt/ubna_data_01_mir/recover-20220825/UBNA_002/20220823_033000.WAV,Telephone Field,recover-20220825,002,1795
658.9365,658.9457,25468,34277,Eptesicus serotinus,0.014,0.033,-1,Echolocation,/mnt/ubna_data_01_mir/recover-20220825/UBNA_002/20220823_033000.WAV,Telephone Field,recover-20220825,002,1795
658.9395,658.979,68437,82490,Rhinolophus ferrumequinum,0.021,0.021,-1,Echolocation,/mnt/ubna_data_01_mir/recover-20220825/UBNA_002/20220823_033000.WAV,Telephone Field,recover-20220825,002,1795
658.9595,658.9971,68437,81788,Rhinolophus ferrumequinum,0.025,0.025,-1,Echolocation,/mnt/ubna_data_01_mir/recover-20220825/UBNA_002/20220823_033000.WAV,Telephone Field,recover-20220825,002,1795
658.9595,658.9668,46953,55476,Pipistrellus pipistrellus,0.024,0.028,-1,Echolocation,/mnt/ubna_data_01_mir/recover-20220825/UBNA_002/20220823_033000.WAV,Telephone Field,recover-20220825,002,1795
658.9785,659.0167,68437,82150,Rhinolophus ferrumequinum,0.021,0.021,-1,Echolocation,/mnt/ubna_data_01_mir/recover-20220825/UBNA_002/20220823_033000.WAV,Telephone Field,recover-20220825,002,1795
658.9795,658.9884,24609,32053,Eptesicus serotinus,0.007,0.021,-1,Echolocation,/mnt/ubna_data_01_mir/recover-20220825/UBNA_002/20220823_033000.WAV,Telephone Field,recover-20220825,002,1795
658.9845,659.0244,68437,82626,Rhinolophus ferrumequinum,0.022,0.022,-1,Echolocation,/mnt/ubna_data_01_mir/recover-20220825/UBNA_002/20220823_033000.WAV,Telephone Field,recover-20220825,002,1795
658.9905,659.0298,68437,82308,Rhinolophus ferrumequinum,0.021,0.021,-1,Echolocation,/mnt/ubna_data_01_mir/recover-20220825/UBNA_002/20220823_033000.WAV,Telephone Field,recover-20220825,002,1795
659.0055,659.0438,68437,82488,Rhinolophus ferrumequinum,0.022,0.022,-1,Echolocation,/mnt/ubna_data_01_mir/recover-20220825/UBNA_002/20220823_033000.WAV,Telephone Field,recover-20220825,002,1795
659.0515,659.0587,25468,34650,Eptesicus serotinus,0.006,0.022,-1,Echolocation,/mnt/ubna_data_01_mir/recover-20220825/UBNA_002/20220823_033000.WAV,Telephone Field,recover-20220825,002,1795
659.0645,659.0718,51250,57276,Pipistrellus pipistrellus,0.025,0.03,-1,Echolocation,/mnt/ubna_data_01_mir/recover-20220825/UBNA_002/20220823_033000.WAV,Telephone Field,recover-20220825,002,1795
659.1195,659.1595,68437,81935,Rhinolophus ferrumequinum,0.022,0.022,-1,Echolocation,/mnt/ubna_data_01_mir/recover-20220825/UBNA_002/20220823_033000.WAV,Telephone Field,recover-20220825,002,1795
659.1865,659.1943,23750,31914,Plecotus austriacus,0.008,0.021,-1,Echolocation,/mnt/ubna_data_01_mir/recover-20220825/UBNA_002/20220823_033000.WAV,Telephone Field,recover-20220825,002,1795
659.1965,659.2325,68437,81387,Rhinolophus ferrumequinum,0.022,0.022,-1,Echolocation,/mnt/ubna_data_01_mir/recover-20220825/UBNA_002/20220823_033000.WAV,Telephone Field,recover-20220825,002,1795
659.2015,659.209,27187,37841,Eptesicus serotinus,0.006,0.021,-1,Echolocation,/mnt/ubna_data_01_mir/recover-20220825/UBNA_002/20220823_033000.WAV,Telephone Field,recover-20220825,002,1795
659.2495,659.2566,24609,34027,Plecotus austriacus,0.011,0.028,-1,Echolocation,/mnt/ubna_data_01_mir/recover-20220825/UBNA_002/20220823_033000.WAV,Telephone Field,recover-20220825,002,1795
659.2815,659.2938,37500,41392,Pipistrellus nathusii,0.013,0.023,-1,Echolocation,/mnt/ubna_data_01_mir/recover-20220825/UBNA_002/20220823_033000.WAV,Telephone Field,recover-20220825,002,1795
659.3735,659.414,68437,82475,Rhinolophus ferrumequinum,0.026,0.026,-1,Echolocation,/mnt/ubna_data_01_mir/recover-20220825/UBNA_002/20220823_033000.WAV,Telephone Field,recover-20220825,002,1795
659.3745,659.3859,28046,36606,Eptesicus serotinus,0.015,0.029,-1,Echolocation,/mnt/ubna_data_01_mir/recover-20220825/UBNA_002/20220823_033000.WAV,Telephone Field,recover-20220825,002,1795
659.3805,659.4156,68437,81604,Rhinolophus ferrumequinum,0.024,0.024,-1,Echolocation,/mnt/ubna_data_01_mir/recover-20220825/UBNA_002/20220823_033000.WAV,Telephone Field,recover-20220825,002,1795
659.4185,659.429,24609,31406,Nyctalus leisleri,0.008,0.022,-1,Echolocation,/mnt/ubna_data_01_mir/recover-20220825/UBNA_002/20220823_033000.WAV,Telephone Field,recover-20220825,002,1795
659.4325,659.4734,68437,82570,Rhinolophus ferrumequinum,0.022,0.022,-1,Echolocation,/mnt/ubna_data_01_mir/recover-20220825/UBNA_002/20220823_033000.WAV,Telephone Field,recover-20220825,002,1795
659.4345,659.4415,49531,54907,Pipistrellus pipistrellus,0.028,0.03,-1,Echolocation,/mnt/ubna_data_01_mir/recover-20220825/UBNA_002/20220823_033000.WAV,Telephone Field,recover-20220825,002,1795
659.4355,659.4434,27187,40830,Eptesicus serotinus,0.007,0.022,-1,Echolocation,/mnt/ubna_data_01_mir/recover-20220825/UBNA_002/20220823_033000.WAV,Telephone Field,recover-20220825,002,1795
659.4995,659.5399,68437,82424,Rhinolophus ferrumequinum,0.025,0.025,-1,Echolocation,/mnt/ubna_data_01_mir/recover-20220825/UBNA_002/20220823_033000.WAV,Telephone Field,recover-20220825,002,1795
659.5535,659.5602,23750,32457,Plecotus austriacus,0.009,0.022,-1,Echolocation,/mnt/ubna_data_01_mir/recover-20220825/UBNA_002/20220823_033000.WAV,Telephone Field,recover-20220825,002,1795
659.5725,659.5804,27187,40657,Eptesicus serotinus,0.008,0.024,-1,Echolocation,/mnt/ubna_data_01_mir/recover-20220825/UBNA_002/20220823_033000.WAV,Telephone Field,recover-20220825,002,1795
659.5815,659.5921,28906,36196,Eptesicus serotinus,0.009,0.022,-1,Echolocation,/mnt/ubna_data_01_mir/recover-20220825/UBNA_002/20220823_033000.WAV,Telephone Field,recover-20220825,002,1795
659.5935,659.6037,28046,36529,Eptesicus serotinus,0.011,0.024,-1,Echolocation,/mnt/ubna_data_01_mir/recover-20220825/UBNA_002/20220823_033000.WAV,Telephone Field,recover-20220825,002,1795
659.6635,659.7018,68437,81910,Rhinolophus ferrumequinum,0.025,0.025,-1,Echolocation,/mnt/ubna_data_01_mir/recover-20220825/UBNA_002/20220823_033000.WAV,Telephone Field,recover-20220825,002,1795
659.7045,659.717,28906,34947,Eptesicus serotinus,0.018,0.033,-1,Echolocation,/mnt/ubna_data_01_mir/recover-20220825/UBNA_002/20220823_033000.WAV,Telephone Field,recover-20220825,002,1795
659.7255,659.7361,22890,27910,Nyctalus leisleri,0.01,0.021,-1,Echolocation,/mnt/ubna_data_01_mir/recover-20220825/UBNA_002/20220823_033000.WAV,Telephone Field,recover-20220825,002,1795
659.7385,659.7782,68437,82123,Rhinolophus ferrumequinum,0.023,0.023,-1,Echolocation,/mnt/ubna_data_01_mir/recover-20220825/UBNA_002/20220823_033000.WAV,Telephone Field,recover-20220825,002,1795
659.7515,659.7592,27187,36371,Eptesicus serotinus,0.006,0.022,-1,Echolocation,/mnt/ubna_data_01_mir/recover-20220825/UBNA_002/20220823_033000.WAV,Telephone Field,recover-20220825,002,1795
659.7965,659.8308,68437,81050,Rhinolophus ferrumequinum,0.023,0.023,-1,Echolocation,/mnt/ubna_data_01_mir/recover-20220825/UBNA_002/20220823_033000.WAV,Telephone Field,recover-20220825,002,1795
659.8205,659.8525,68437,80070,Rhinolophus ferrumequinum,0.026,0.026,-1,Echolocation,/mnt/ubna_data_01_mir/recover-20220825/UBNA_002/20220823_033000.WAV,Telephone Field,recover-20220825,002,1795
659.8295,659.8374,28046,40797,Eptesicus serotinus,0.009,0.028,-1,Echolocation,/mnt/ubna_data_01_mir/recover-20220825/UBNA_002/20220823_033000.WAV,Telephone Field,recover-20220825,002,1795
659.8765,659.8873,28906,36862,Eptesicus serotinus,0.015,0.03,-1,Echolocation,/mnt/ubna_data_01_mir/recover-20220825/UBNA_002/20220823_033000.WAV,Telephone Field,recover-20220825,002,1795
659.9075,659.917,22890,29700,Nyctalus leisleri,0.008,0.025,-1,Echolocation,/mnt/ubna_data_01_mir/recover-20220825/UBNA_002/20220823_033000.WAV,Telephone Field,recover-20220825,002,1795
659.9255,659.9645,68437,82264,Rhinolophus ferrumequinum,0.022,0.022,-1,Echolocation,/mnt/ubna_data_01_mir/recover-20220825/UBNA_002/20220823_033000.WAV,Telephone Field,recover-20220825,002,1795
659.9605,659.9706,23750,30373,Nyctalus leisleri,0.008,0.022,-1,Echolocation,/mnt/ubna_data_01_mir/recover-20220825/UBNA_002/20220823_033000.WAV,Telephone Field,recover-20220825,002,1795
659.9675,659.9784,26328,33946,Eptesicus serotinus,0.011,0.023,-1,Echolocation,/mnt/ubna_data_01_mir/recover-20220825/UBNA_002/20220823_033000.WAV,Telephone Field,recover-20220825,002,1795
660.0015,660.0089,47812,54600,Pipistrellus pipistrellus,0.017,0.026,-1,Echolocation,/mnt/ubna_data_01_mir/recover-20220825/UBNA_002/20220823_033000.WAV,Telephone Field,recover-20220825,002,1795
660.0015,660.0313,68437,79241,Rhinolophus ferrumequinum,0.042,0.042,-1,Echolocation,/mnt/ubna_data_01_mir/recover-20220825/UBNA_002/20220823_033000.WAV,Telephone Field,recover-20220825,002,1795
660.0015,660.0113,37500,46107,Pipistrellus nathusii,0.022,0.044,-1,Echolocation,/mnt/ubna_data_01_mir/recover-20220825/UBNA_002/20220823_033000.WAV,Telephone Field,recover-20220825,002,1795
660.0015,660.0105,22890,29268,Nyctalus leisleri,0.011,0.031,-1,Echolocation,/mnt/ubna_data_01_mir/recover-20220825/UBNA_002/20220823_033000.WAV,Telephone Field,recover-20220825,002,1795
660.0075,660.0145,30625,44665,Myotis daubentonii,0.015,0.027,-1,Echolocation,/mnt/ubna_data_01_mir/recover-20220825/UBNA_002/20220823_033000.WAV,Telephone Field,recover-20220825,002,1795
660.0085,660.047,68437,80984,Rhinolophus ferrumequinum,0.025,0.025,-1,Echolocation,/mnt/ubna_data_01_mir/recover-20220825/UBNA_002/20220823_033000.WAV,Telephone Field,recover-20220825,002,1795
660.0165,660.0224,31484,44285,Myotis daubentonii,0.021,0.039,-1,Echolocation,/mnt/ubna_data_01_mir/recover-20220825/UBNA_002/20220823_033000.WAV,Telephone Field,recover-20220825,002,1795
660.0315,660.0699,68437,81568,Rhinolophus ferrumequinum,0.023,0.023,-1,Echolocation,/mnt/ubna_data_01_mir/recover-20220825/UBNA_002/20220823_033000.WAV,Telephone Field,recover-20220825,002,1795
660.0455,660.0846,68437,82798,Rhinolophus ferrumequinum,0.029,0.029,-1,Echolocation,/mnt/ubna_data_01_mir/recover-20220825/UBNA_002/20220823_033000.WAV,Telephone Field,recover-20220825,002,1795
660.0515,660.0647,22890,28198,Nyctalus leisleri,0.015,0.031,-1,Echolocation,/mnt/ubna_data_01_mir/recover-20220825/UBNA_002/20220823_033000.WAV,Telephone Field,recover-20220825,002,1795
660.0705,660.0775,29765,46171,Myotis daubentonii,0.015,0.026,-1,Echolocation,/mnt/ubna_data_01_mir/recover-20220825/UBNA_002/20220823_033000.WAV,Telephone Field,recover-20220825,002,1795
660.0935,660.1338,68437,82747,Rhinolophus ferrumequinum,0.029,0.029,-1,Echolocation,/mnt/ubna_data_01_mir/recover-20220825/UBNA_002/20220823_033000.WAV,Telephone Field,recover-20220825,002,1795
660.0935,660.1014,27187,40649,Eptesicus serotinus,0.01,0.031,-1,Echolocation,/mnt/ubna_data_01_mir/recover-20220825/UBNA_002/20220823_033000.WAV,Telephone Field,recover-20220825,002,1795
660.1005,660.1411,68437,82696,Rhinolophus ferrumequinum,0.027,0.027,-1,Echolocation,/mnt/ubna_data_01_mir/recover-20220825/UBNA_002/20220823_033000.WAV,Telephone Field,recover-20220825,002,1795
660.1015,660.1111,27187,35621,Eptesicus serotinus,0.011,0.027,-1,Echolocation,/mnt/ubna_data_01_mir/recover-20220825/UBNA_002/20220823_033000.WAV,Telephone Field,recover-20220825,002,1795
660.1255,660.1618,68437,81789,Rhinolophus ferrumequinum,0.035,0.035,-1,Echolocation,/mnt/ubna_data_01_mir/recover-20220825/UBNA_002/20220823_033000.WAV,Telephone Field,recover-20220825,002,1795
660.1275,660.1356,26328,36512,Eptesicus serotinus,0.008,0.026,-1,Echolocation,/mnt/ubna_data_01_mir/recover-20220825/UBNA_002/20220823_033000.WAV,Telephone Field,recover-20220825,002,1795
660.1345,660.1436,27187,35740,Eptesicus serotinus,0.008,0.023,-1,Echolocation,/mnt/ubna_data_01_mir/recover-20220825/UBNA_002/20220823_033000.WAV,Telephone Field,recover-20220825,002,1795
660.1985,660.2385,68437,82464,Rhinolophus ferrumequinum,0.025,0.025,-1,Echolocation,/mnt/ubna_data_01_mir/recover-20220825/UBNA_002/20220823_033000.WAV,Telephone Field,recover-20220825,002,1795
660.2045,660.2098,36640,48741,Myotis daubentonii,0.063,0.165,-1,Echolocation,/mnt/ubna_data_01_mir/recover-20220825/UBNA_002/20220823_033000.WAV,Telephone Field,recover-20220825,002,1795
660.2195,660.2265,27187,36178,Eptesicus serotinus,0.007,0.025,-1,Echolocation,/mnt/ubna_data_01_mir/recover-20220825/UBNA_002/20220823_033000.WAV,Telephone Field,recover-20220825,002,1795
660.2395,660.2473,26328,35299,Eptesicus serotinus,0.007,0.026,-1,Echolocation,/mnt/ubna_data_01_mir/recover-20220825/UBNA_002/20220823_033000.WAV,Telephone Field,recover-20220825,002,1795
660.2465,660.2857,68437,82188,Rhinolophus ferrumequinum,0.024,0.024,-1,Echolocation,/mnt/ubna_data_01_mir/recover-20220825/UBNA_002/20220823_033000.WAV,Telephone Field,recover-20220825,002,1795
660.2925,660.2982,35781,48923,Myotis daubentonii,0.038,0.071,-1,Echolocation,/mnt/ubna_data_01_mir/recover-20220825/UBNA_002/20220823_033000.WAV,Telephone Field,recover-20220825,002,1795
660.3045,660.3391,68437,82044,Rhinolophus ferrumequinum,0.036,0.036,-1,Echolocation,/mnt/ubna_data_01_mir/recover-20220825/UBNA_002/20220823_033000.WAV,Telephone Field,recover-20220825,002,1795
660.3405,660.3469,37500,51056,Myotis brandtii,0.008,0.023,-1,Echolocation,/mnt/ubna_data_01_mir/recover-20220825/UBNA_002/20220823_033000.WAV,Telephone Field,recover-20220825,002,1795
660.3435,660.3505,26328,37524,Eptesicus serotinus,0.007,0.025,-1,Echolocation,/mnt/ubna_data_01_mir/recover-20220825/UBNA_002/20220823_033000.WAV,Telephone Field,recover-20220825,002,1795
660.3525,660.3624,23750,30703,Nyctalus leisleri,0.007,0.023,-1,Echolocation,/mnt/ubna_data_01_mir/recover-20220825/UBNA_002/20220823_033000.WAV,Telephone Field,recover-20220825,002,1795
660.3735,660.4132,68437,82564,Rhinolophus ferrumequinum,0.024,0.024,-1,Echolocation,/mnt/ubna_data_01_mir/recover-20220825/UBNA_002/20220823_033000.WAV,Telephone Field,recover-20220825,002,1795
660.3885,660.3936,35781,55778,Myotis daubentonii,0.031,0.055,-1,Echolocation,/mnt/ubna_data_01_mir/recover-20220825/UBNA_002/20220823_033000.WAV,Telephone Field,recover-20220825,002,1795
660.4015,660.4085,26328,36663,Eptesicus serotinus,0.007,0.025,-1,Echolocation,/mnt/ubna_data_01_mir/recover-20220825/UBNA_002/20220823_033000.WAV,Telephone Field,recover-20220825,002,1795
660.4325,660.4386,35781,50965,Myotis daubentonii,0.012,0.029,-1,Echolocation,/mnt/ubna_data_01_mir/recover-20220825/UBNA_002/20220823_033000.WAV,Telephone Field,recover-20220825,002,1795
660.4785,660.4867,26328,37305,Eptesicus serotinus,0.01,0.027,-1,Echolocation,/mnt/ubna_data_01_mir/recover-20220825/UBNA_002/20220823_033000.WAV,Telephone Field,recover-20220825,002,1795
660.5145,660.5231,27187,35750,Eptesicus serotinus,0.008,0.024,-1,Echolocation,/mnt/ubna_data_01_mir/recover-20220825/UBNA_002/20220823_033000.WAV,Telephone Field,recover-20220825,002,1795
660.5355,660.5459,30625,38850,Eptesicus serotinus,0.008,0.029,-1,Echolocation,/mnt/ubna_data_01_mir/recover-20220825/UBNA_002/20220823_033000.WAV,Telephone Field,recover-20220825,002,1795
660.5845,660.5911,39218,48499,Pipistrellus nathusii,0.238,0.324,-1,Echolocation,/mnt/ubna_data_01_mir/recover-20220825/UBNA_002/20220823_033000.WAV,Telephone Field,recover-20220825,002,1795
660.6005,660.6106,24609,31374,Eptesicus serotinus,0.01,0.028,-1,Echolocation,/mnt/ubna_data_01_mir/recover-20220825/UBNA_002/20220823_033000.WAV,Telephone Field,recover-20220825,002,1795
660.6585,660.699,68437,82978,Rhinolophus ferrumequinum,0.029,0.029,-1,Echolocation,/mnt/ubna_data_01_mir/recover-20220825/UBNA_002/20220823_033000.WAV,Telephone Field,recover-20220825,002,1795
660.6805,660.6861,37500,49770,Pipistrellus nathusii,0.117,0.381,-1,Echolocation,/mnt/ubna_data_01_mir/recover-20220825/UBNA_002/20220823_033000.WAV,Telephone Field,recover-20220825,002,1795
660.6955,660.7305,68437,81324,Rhinolophus ferrumequinum,0.024,0.024,-1,Echolocation,/mnt/ubna_data_01_mir/recover-20220825/UBNA_002/20220823_033000.WAV,Telephone Field,recover-20220825,002,1795
660.7035,660.7439,68437,82020,Rhinolophus ferrumequinum,0.023,0.023,-1,Echolocation,/mnt/ubna_data_01_mir/recover-20220825/UBNA_002/20220823_033000.WAV,Telephone Field,recover-20220825,002,1795
660.7055,660.7185,27187,34311,Eptesicus serotinus,0.025,0.042,-1,Echolocation,/mnt/ubna_data_01_mir/recover-20220825/UBNA_002/20220823_033000.WAV,Telephone Field,recover-20220825,002,1795
660.7265,660.7679,68437,82784,Rhinolophus ferrumequinum,0.025,0.025,-1,Echolocation,/mnt/ubna_data_01_mir/recover-20220825/UBNA_002/20220823_033000.WAV,Telephone Field,recover-20220825,002,1795
660.7295,660.7369,30625,41440,Myotis daubentonii,0.013,0.029,-1,Echolocation,/mnt/ubna_data_01_mir/recover-20220825/UBNA_002/20220823_033000.WAV,Telephone Field,recover-20220825,002,1795
660.7435,660.7844,68437,82747,Rhinolophus ferrumequinum,0.029,0.029,-1,Echolocation,/mnt/ubna_data_01_mir/recover-20220825/UBNA_002/20220823_033000.WAV,Telephone Field,recover-20220825,002,1795
660.7565,660.7633,26328,38316,Eptesicus serotinus,0.008,0.033,-1,Echolocation,/mnt/ubna_data_01_mir/recover-20220825/UBNA_002/20220823_033000.WAV,Telephone Field,recover-20220825,002,1795
660.7805,660.7887,40937,48555,Pipistrellus nathusii,0.419,0.476,-1,Echolocation,/mnt/ubna_data_01_mir/recover-20220825/UBNA_002/20220823_033000.WAV,Telephone Field,recover-20220825,002,1795
660.7855,660.7947,23750,31508,Eptesicus serotinus,0.011,0.035,-1,Echolocation,/mnt/ubna_data_01_mir/recover-20220825/UBNA_002/20220823_033000.WAV,Telephone Field,recover-20220825,002,1795
660.8085,660.8456,68437,81829,Rhinolophus ferrumequinum,0.024,0.024,-1,Echolocation,/mnt/ubna_data_01_mir/recover-20220825/UBNA_002/20220823_033000.WAV,Telephone Field,recover-20220825,002,1795
660.8135,660.8196,29765,45874,Myotis daubentonii,0.013,0.024,-1,Echolocation,/mnt/ubna_data_01_mir/recover-20220825/UBNA_002/20220823_033000.WAV,Telephone Field,recover-20220825,002,1795
660.8375,660.8439,33203,44414,Myotis daubentonii,0.009,0.025,-1,Echolocation,/mnt/ubna_data_01_mir/recover-20220825/UBNA_002/20220823_033000.WAV,Telephone Field,recover-20220825,002,1795
660.8375,660.8446,26328,39358,Eptesicus serotinus,0.006,0.023,-1,Echolocation,/mnt/ubna_data_01_mir/recover-20220825/UBNA_002/20220823_033000.WAV,Telephone Field,recover-20220825,002,1795
660.8375,660.8453,43515,53192,Pipistrellus pipistrellus,0.009,0.023,-1,Echolocation,/mnt/ubna_data_01_mir/recover-20220825/UBNA_002/20220823_033000.WAV,Telephone Field,recover-20220825,002,1795
660.8705,660.8773,36640,48584,Myotis brandtii,0.01,0.028,-1,Echolocation,/mnt/ubna_data_01_mir/recover-20220825/UBNA_002/20220823_033000.WAV,Telephone Field,recover-20220825,002,1795
660.9225,660.9592,68437,81147,Rhinolophus ferrumequinum,0.024,0.024,-1,Echolocation,/mnt/ubna_data_01_mir/recover-20220825/UBNA_002/20220823_033000.WAV,Telephone Field,recover-20220825,002,1795
660.9545,660.9656,34062,41597,Pipistrellus nathusii,0.013,0.038,-1,Echolocation,/mnt/ubna_data_01_mir/recover-20220825/UBNA_002/20220823_033000.WAV,Telephone Field,recover-20220825,002,1795
660.9725,660.9803,40078,52813,Pipistrellus nathusii,0.29,0.428,-1,Echolocation,/mnt/ubna_data_01_mir/recover-20220825/UBNA_002/20220823_033000.WAV,Telephone Field,recover-20220825,002,1795
660.9975,661.0049,27187,37463,Eptesicus serotinus,0.007,0.023,-1,Echolocation,/mnt/ubna_data_01_mir/recover-20220825/UBNA_002/20220823_033000.WAV,Telephone Field,recover-20220825,002,1795
661.0175,661.0567,68437,82459,Rhinolophus ferrumequinum,0.027,0.027,-1,Echolocation,/mnt/ubna_data_01_mir/recover-20220825/UBNA_002/20220823_033000.WAV,Telephone Field,recover-20220825,002,1795
661.0405,661.0469,29765,44528,Myotis daubentonii,0.015,0.029,-1,Echolocation,/mnt/ubna_data_01_mir/recover-20220825/UBNA_002/20220823_033000.WAV,Telephone Field,recover-20220825,002,1795
661.0545,661.0647,27187,34165,Eptesicus serotinus,0.011,0.025,-1,Echolocation,/mnt/ubna_data_01_mir/recover-20220825/UBNA_002/20220823_033000.WAV,Telephone Field,recover-20220825,002,1795
661.0645,661.0698,39218,49777,Pipistrellus nathusii,0.087,0.307,-1,Echolocation,/mnt/ubna_data_01_mir/recover-20220825/UBNA_002/20220823_033000.WAV,Telephone Field,recover-20220825,002,1795
661.0655,661.1032,68437,81923,Rhinolophus ferrumequinum,0.024,0.024,-1,Echolocation,/mnt/ubna_data_01_mir/recover-20220825/UBNA_002/20220823_033000.WAV,Telephone Field,recover-20220825,002,1795
661.0725,661.1103,68437,81613,Rhinolophus ferrumequinum,0.025,0.025,-1,Echolocation,/mnt/ubna_data_01_mir/recover-20220825/UBNA_002/20220823_033000.WAV,Telephone Field,recover-20220825,002,1795
661.0985,661.1364,68437,81813,Rhinolophus ferrumequinum,0.031,0.031,-1,Echolocation,/mnt/ubna_data_01_mir/recover-20220825/UBNA_002/20220823_033000.WAV,Telephone Field,recover-20220825,002,1795
661.1085,661.1193,22890,27914,Nyctalus leisleri,0.012,0.024,-1,Echolocation,/mnt/ubna_data_01_mir/recover-20220825/UBNA_002/20220823_033000.WAV,Telephone Field,recover-20220825,002,1795
661.1305,661.1666,68437,81282,Rhinolophus ferrumequinum,0.024,0.024,-1,Echolocation,/mnt/ubna_data_01_mir/recover-20220825/UBNA_002/20220823_033000.WAV,Telephone Field,recover-20220825,002,1795
661.1555,661.1915,68437,82254,Rhinolophus ferrumequinum,0.025,0.025,-1,Echolocation,/mnt/ubna_data_01_mir/recover-20220825/UBNA_002/20220823_033000.WAV,Telephone Field,recover-20220825,002,1795
661.1565,661.1635,39218,47193,Pipistrellus nathusii,0.352,0.441,-1,Echolocation,/mnt/ubna_data_01_mir/recover-20220825/UBNA_002/20220823_033000.WAV,Telephone Field,recover-20220825,002,1795
661.1575,661.1635,26328,44515,Myotis daubentonii,0.012,0.027,-1,Echolocation,/mnt/ubna_data_01_mir/recover-20220825/UBNA_002/20220823_033000.WAV,Telephone Field,recover-20220825,002,1795
661.1935,661.2341,68437,81710,Rhinolophus ferrumequinum,0.024,0.024,-1,Echolocation,/mnt/ubna_data_01_mir/recover-20220825/UBNA_002/20220823_033000.WAV,Telephone Field,recover-20220825,002,1795
661.2015,661.2437,68437,82984,Rhinolophus ferrumequinum,0.023,0.023,-1,Echolocation,/mnt/ubna_data_01_mir/recover-20220825/UBNA_002/20220823_033000.WAV,Telephone Field,recover-20220825,002,1795
661.2065,661.2139,27187,36312,Eptesicus serotinus,0.019,0.046,-1,Echolocation,/mnt/ubna_data_01_mir/recover-20220825/UBNA_002/20220823_033000.WAV,Telephone Field,recover-20220825,002,1795
661.2495,661.2557,36640,49465,Myotis daubentonii,0.02,0.046,-1,Echolocation,/mnt/ubna_data_01_mir/recover-20220825/UBNA_002/20220823_033000.WAV,Telephone Field,recover-20220825,002,1795
661.2645,661.2849,18593,22363,Nyctalus noctula,0.017,0.027,-1,Echolocation,/mnt/ubna_data_01_mir/recover-20220825/UBNA_002/20220823_033000.WAV,Telephone Field,recover-20220825,002,1795
661.2905,661.3002,43515,50742,Pipistrellus nathusii,0.018,0.034,-1,Echolocation,/mnt/ubna_data_01_mir/recover-20220825/UBNA_002/20220823_033000.WAV,Telephone Field,recover-20220825,002,1795
661.2945,661.3063,22890,27438,Nyctalus leisleri,0.018,0.033,-1,Echolocation,/mnt/ubna_data_01_mir/recover-20220825/UBNA_002/20220823_033000.WAV,Telephone Field,recover-20220825,002,1795
661.3155,661.323,27187,39341,Eptesicus serotinus,0.008,0.026,-1,Echolocation,/mnt/ubna_data_01_mir/recover-20220825/UBNA_002/20220823_033000.WAV,Telephone Field,recover-20220825,002,1795
661.3455,661.3515,40078,51795,Pipistrellus nathusii,0.271,0.446,-1,Echolocation,/mnt/ubna_data_01_mir/recover-20220825/UBNA_002/20220823_033000.WAV,Telephone Field,recover-20220825,002,1795
661.3465,661.3518,27187,57105,Myotis daubentonii,0.034,0.055,-1,Echolocation,/mnt/ubna_data_01_mir/recover-20220825/UBNA_002/20220823_033000.WAV,Telephone Field,recover-20220825,002,1795
661.3575,661.3945,68437,82044,Rhinolophus ferrumequinum,0.024,0.024,-1,Echolocation,/mnt/ubna_data_01_mir/recover-20220825/UBNA_002/20220823_033000.WAV,Telephone Field,recover-20220825,002,1795
661.3735,661.4161,68437,82782,Rhinolophus ferrumequinum,0.03,0.03,-1,Echolocation,/mnt/ubna_data_01_mir/recover-20220825/UBNA_002/20220823_033000.WAV,Telephone Field,recover-20220825,002,1795
661.3765,661.3856,27187,35364,Eptesicus serotinus,0.008,0.024,-1,Echolocation,/mnt/ubna_data_01_mir/recover-20220825/UBNA_002/20220823_033000.WAV,Telephone Field,recover-20220825,002,1795
661.4875,661.4955,27187,39126,Eptesicus serotinus,0.009,0.027,-1,Echolocation,/mnt/ubna_data_01_mir/recover-20220825/UBNA_002/20220823_033000.WAV,Telephone Field,recover-20220825,002,1795
661.5105,661.517,36640,48698,Pipistrellus nathusii,0.246,0.52,-1,Echolocation,/mnt/ubna_data_01_mir/recover-20220825/UBNA_002/20220823_033000.WAV,Telephone Field,recover-20220825,002,1795
661.5515,661.5582,28906,39362,Myotis daubentonii,0.015,0.035,-1,Echolocation,/mnt/ubna_data_01_mir/recover-20220825/UBNA_002/20220823_033000.WAV,Telephone Field,recover-20220825,002,1795
661.5515,661.5945,68437,83656,Rhinolophus ferrumequinum,0.042,0.042,-1,Echolocation,/mnt/ubna_data_01_mir/recover-20220825/UBNA_002/20220823_033000.WAV,Telephone Field,recover-20220825,002,1795
661.5765,661.5943,16015,21110,Nyctalus noctula,0.036,0.046,-1,Echolocation,/mnt/ubna_data_01_mir/recover-20220825/UBNA_002/20220823_033000.WAV,Telephone Field,recover-20220825,002,1795
661.5835,661.5891,38359,53933,Pipistrellus nathusii,0.163,0.377,-1,Echolocation,/mnt/ubna_data_01_mir/recover-20220825/UBNA_002/20220823_033000.WAV,Telephone Field,recover-20220825,002,1795
661.5985,661.6097,27187,35091,Eptesicus serotinus,0.014,0.031,-1,Echolocation,/mnt/ubna_data_01_mir/recover-20220825/UBNA_002/20220823_033000.WAV,Telephone Field,recover-20220825,002,1795
661.6255,661.6649,68437,82108,Rhinolophus ferrumequinum,0.024,0.024,-1,Echolocation,/mnt/ubna_data_01_mir/recover-20220825/UBNA_002/20220823_033000.WAV,Telephone Field,recover-20220825,002,1795
661.6385,661.6482,26328,33584,Eptesicus serotinus,0.01,0.024,-1,Echolocation,/mnt/ubna_data_01_mir/recover-20220825/UBNA_002/20220823_033000.WAV,Telephone Field,recover-20220825,002,1795
661.6495,661.6551,39218,50939,Myotis brandtii,0.095,0.303,-1,Echolocation,/mnt/ubna_data_01_mir/recover-20220825/UBNA_002/20220823_033000.WAV,Telephone Field,recover-20220825,002,1795
661.6775,661.6851,27187,35979,Eptesicus serotinus,0.007,0.023,-1,Echolocation,/mnt/ubna_data_01_mir/recover-20220825/UBNA_002/20220823_033000.WAV,Telephone Field,recover-20220825,002,1795
661.6895,661.7284,68437,82148,Rhinolophus ferrumequinum,0.026,0.026,-1,Echolocation,/mnt/ubna_data_01_mir/recover-20220825/UBNA_002/20220823_033000.WAV,Telephone Field,recover-20220825,002,1795
661.7075,661.748,68437,82866,Rhinolophus ferrumequinum,0.024,0.024,-1,Echolocation,/mnt/ubna_data_01_mir/recover-20220825/UBNA_002/20220823_033000.WAV,Telephone Field,recover-20220825,002,1795
661.7215,661.7595,68437,82672,Rhinolophus ferrumequinum,0.027,0.027,-1,Echolocation,/mnt/ubna_data_01_mir/recover-20220825/UBNA_002/20220823_033000.WAV,Telephone Field,recover-20220825,002,1795
661.7755,661.7817,48671,53052,Pipistrellus pipistrellus,0.022,0.024,-1,Echolocation,/mnt/ubna_data_01_mir/recover-20220825/UBNA_002/20220823_033000.WAV,Telephone Field,recover-20220825,002,1795
661.8005,661.8065,40078,49505,Pipistrellus nathusii,0.385,0.537,-1,Echolocation,/mnt/ubna_data_01_mir/recover-20220825/UBNA_002/20220823_033000.WAV,Telephone Field,recover-20220825,002,1795
661.8255,661.8644,68437,82043,Rhinolophus ferrumequinum,0.024,0.025,-1,Echolocation,/mnt/ubna_data_01_mir/recover-20220825/UBNA_002/20220823_033000.WAV,Telephone Field,recover-20220825,002,1795
661.8675,661.8731,30625,51031,Myotis daubentonii,0.015,0.024,-1,Echolocation,/mnt/ubna_data_01_mir/recover-20220825/UBNA_002/20220823_033000.WAV,Telephone Field,recover-20220825,002,1795
661.9005,661.9067,40937,49364,Pipistrellus nathusii,0.205,0.316,-1,Echolocation,/mnt/ubna_data_01_mir/recover-20220825/UBNA_002/20220823_033000.WAV,Telephone Field,recover-20220825,002,1795
661.9495,661.9578,27187,37848,Eptesicus serotinus,0.01,0.028,-1,Echolocation,/mnt/ubna_data_01_mir/recover-20220825/UBNA_002/20220823_033000.WAV,Telephone Field,recover-20220825,002,1795
661.9675,661.9737,29765,51060,Myotis daubentonii,0.014,0.024,-1,Echolocation,/mnt/ubna_data_01_mir/recover-20220825/UBNA_002/20220823_033000.WAV,Telephone Field,recover-20220825,002,1795
661.9875,661.9959,26328,41974,Eptesicus serotinus,0.009,0.024,-1,Echolocation,/mnt/ubna_data_01_mir/recover-20220825/UBNA_002/20220823_033000.WAV,Telephone Field,recover-20220825,002,1795
662.0015,662.0113,22031,28136,Nyctalus leisleri,0.015,0.039,-1,Echolocation,/mnt/ubna_data_01_mir/recover-20220825/UBNA_002/20220823_033000.WAV,Telephone Field,recover-20220825,002,1795
662.0015,662.0314,68437,79292,Rhinolophus ferrumequinum,0.031,0.031,-1,Echolocation,/mnt/ubna_data_01_mir/recover-20220825/UBNA_002/20220823_033000.WAV,Telephone Field,recover-20220825,002,1795
662.0015,662.0101,40078,48862,Pipistrellus nathusii,0.01,0.029,-1,Echolocation,/mnt/ubna_data_01_mir/recover-20220825/UBNA_002/20220823_033000.WAV,Telephone Field,recover-20220825,002,1795
662.0265,662.0632,68437,82682,Rhinolophus ferrumequinum,0.027,0.027,-1,Echolocation,/mnt/ubna_data_01_mir/recover-20220825/UBNA_002/20220823_033000.WAV,Telephone Field,recover-20220825,002,1795
662.0275,662.0343,26328,37571,Eptesicus serotinus,0.007,0.025,-1,Echolocation,/mnt/ubna_data_01_mir/recover-20220825/UBNA_002/20220823_033000.WAV,Telephone Field,recover-20220825,002,1795
662.0435,662.0834,68437,82831,Rhinolophus ferrumequinum,0.027,0.027,-1,Echolocation,/mnt/ubna_data_01_mir/recover-20220825/UBNA_002/20220823_033000.WAV,Telephone Field,recover-20220825,002,1795
662.0515,662.0575,42656,54730,Myotis brandtii,0.008,0.028,-1,Echolocation,/mnt/ubna_data_01_mir/recover-20220825/UBNA_002/20220823_033000.WAV,Telephone Field,recover-20220825,002,1795
662.0555,662.0619,32343,46184,Myotis daubentonii,0.015,0.031,-1,Echolocation,/mnt/ubna_data_01_mir/recover-20220825/UBNA_002/20220823_033000.WAV,Telephone Field,recover-20220825,002,1795
662.0585,662.0649,25468,37638,Eptesicus serotinus,0.007,0.029,-1,Echolocation,/mnt/ubna_data_01_mir/recover-20220825/UBNA_002/20220823_033000.WAV,Telephone Field,recover-20220825,002,1795
662.0635,662.069,34921,61380,Myotis brandtii,0.016,0.028,-1,Echolocation,/mnt/ubna_data_01_mir/recover-20220825/UBNA_002/20220823_033000.WAV,Telephone Field,recover-20220825,002,1795
662.0675,662.0741,25468,37800,Eptesicus serotinus,0.006,0.025,-1,Echolocation,/mnt/ubna_data_01_mir/recover-20220825/UBNA_002/20220823_033000.WAV,Telephone Field,recover-20220825,002,1795
662.1115,662.1223,42656,46391,Pipistrellus nathusii,0.173,0.208,-1,Echolocation,/mnt/ubna_data_01_mir/recover-20220825/UBNA_002/20220823_033000.WAV,Telephone Field,recover-20220825,002,1795
662.1595,662.1663,28046,48741,Myotis daubentonii,0.012,0.028,-1,Echolocation,/mnt/ubna_data_01_mir/recover-20220825/UBNA_002/20220823_033000.WAV,Telephone Field,recover-20220825,002,1795
662.1605,662.1662,33203,47758,Myotis daubentonii,0.016,0.028,-1,Echolocation,/mnt/ubna_data_01_mir/recover-20220825/UBNA_002/20220823_033000.WAV,Telephone Field,recover-20220825,002,1795
662.1815,662.1877,26328,40027,Eptesicus serotinus,0.007,0.028,-1,Echolocation,/mnt/ubna_data_01_mir/recover-20220825/UBNA_002/20220823_033000.WAV,Telephone Field,recover-20220825,002,1795
662.1915,662.2318,68437,82435,Rhinolophus ferrumequinum,0.026,0.026,-1,Echolocation,/mnt/ubna_data_01_mir/recover-20220825/UBNA_002/20220823_033000.WAV,Telephone Field,recover-20220825,002,1795
662.2025,662.2108,39218,47626,Pipistrellus nathusii,0.058,0.126,-1,Echolocation,/mnt/ubna_data_01_mir/recover-20220825/UBNA_002/20220823_033000.WAV,Telephone Field,recover-20220825,002,1795
662.2045,662.2098,29765,53228,Myotis daubentonii,0.021,0.039,-1,Echolocation,/mnt/ubna_data_01_mir/recover-20220825/UBNA_002/20220823_033000.WAV,Telephone Field,recover-20220825,002,1795
662.2295,662.2394,23750,31293,Nyctalus leisleri,0.011,0.036,-1,Echolocation,/mnt/ubna_data_01_mir/recover-20220825/UBNA_002/20220823_033000.WAV,Telephone Field,recover-20220825,002,1795
662.2395,662.2804,68437,82993,Rhinolophus ferrumequinum,0.036,0.036,-1,Echolocation,/mnt/ubna_data_01_mir/recover-20220825/UBNA_002/20220823_033000.WAV,Telephone Field,recover-20220825,002,1795
662.2675,662.2729,42656,55905,Myotis brandtii,0.014,0.041,-1,Echolocation,/mnt/ubna_data_01_mir/recover-20220825/UBNA_002/20220823_033000.WAV,Telephone Field,recover-20220825,002,1795
662.2875,662.2921,40078,53682,Myotis daubentonii,0.024,0.06,-1,Echolocation,/mnt/ubna_data_01_mir/recover-20220825/UBNA_002/20220823_033000.WAV,Telephone Field,recover-20220825,002,1795
662.3175,662.3272,27187,36460,Eptesicus serotinus,0.011,0.027,-1,Echolocation,/mnt/ubna_data_01_mir/recover-20220825/UBNA_002/20220823_033000.WAV,Telephone Field,recover-20220825,002,1795
662.3405,662.3494,38359,47512,Pipistrellus nathusii,0.013,0.03,-1,Echolocation,/mnt/ubna_data_01_mir/recover-20220825/UBNA_002/20220823_033000.WAV,Telephone Field,recover-20220825,002,1795
662.3465,662.3529,26328,35443,Eptesicus serotinus,0.006,0.027,-1,Echolocation,/mnt/ubna_data_01_mir/recover-20220825/UBNA_002/20220823_033000.WAV,Telephone Field,recover-20220825,002,1795
662.3645,662.3717,25468,41352,Eptesicus serotinus,0.007,0.025,-1,Echolocation,/mnt/ubna_data_01_mir/recover-20220825/UBNA_002/20220823_033000.WAV,Telephone Field,recover-20220825,002,1795
662.3775,662.3837,37500,50351,Myotis daubentonii,0.014,0.026,-1,Echolocation,/mnt/ubna_data_01_mir/recover-20220825/UBNA_002/20220823_033000.WAV,Telephone Field,recover-20220825,002,1795
662.4125,662.4212,27187,36909,Eptesicus serotinus,0.011,0.028,-1,Echolocation,/mnt/ubna_data_01_mir/recover-20220825/UBNA_002/20220823_033000.WAV,Telephone Field,recover-20220825,002,1795
662.4185,662.4266,28046,37498,Eptesicus serotinus,0.009,0.026,-1,Echolocation,/mnt/ubna_data_01_mir/recover-20220825/UBNA_002/20220823_033000.WAV,Telephone Field,recover-20220825,002,1795
662.4735,662.4835,22890,29384,Nyctalus leisleri,0.008,0.025,-1,Echolocation,/mnt/ubna_data_01_mir/recover-20220825/UBNA_002/20220823_033000.WAV,Telephone Field,recover-20220825,002,1795
662.4845,662.4896,32343,47852,Myotis daubentonii,0.024,0.041,-1,Echolocation,/mnt/ubna_data_01_mir/recover-20220825/UBNA_002/20220823_033000.WAV,Telephone Field,recover-20220825,002,1795
662.5075,662.5139,41796,51060,Pipistrellus nathusii,0.195,0.456,-1,Echolocation,/mnt/ubna_data_01_mir/recover-20220825/UBNA_002/20220823_033000.WAV,Telephone Field,recover-20220825,002,1795
662.5335,662.5728,68437,82386,Rhinolophus ferrumequinum,0.028,0.028,-1,Echolocation,/mnt/ubna_data_01_mir/recover-20220825/UBNA_002/20220823_033000.WAV,Telephone Field,recover-20220825,002,1795
662.5615,662.603,68437,82489,Rhinolophus ferrumequinum,0.027,0.027,-1,Echolocation,/mnt/ubna_data_01_mir/recover-20220825/UBNA_002/20220823_033000.WAV,Telephone Field,recover-20220825,002,1795
662.5665,662.5726,25468,42112,Eptesicus serotinus,0.01,0.045,-1,Echolocation,/mnt/ubna_data_01_mir/recover-20220825/UBNA_002/20220823_033000.WAV,Telephone Field,recover-20220825,002,1795
662.5665,662.572,33203,46495,Myotis daubentonii,0.032,0.056,-1,Echolocation,/mnt/ubna_data_01_mir/recover-20220825/UBNA_002/20220823_033000.WAV,Telephone Field,recover-20220825,002,1795
662.5955,662.6022,41796,49363,Myotis daubentonii,0.085,0.255,-1,Echolocation,/mnt/ubna_data_01_mir/recover-20220825/UBNA_002/20220823_033000.WAV,Telephone Field,recover-20220825,002,1795
662.6525,662.6618,45234,50072,Pipistrellus pipistrellus,0.022,0.032,-1,Echolocation,/mnt/ubna_data_01_mir/recover-20220825/UBNA_002/20220823_033000.WAV,Telephone Field,recover-20220825,002,1795
662.6555,662.6617,25468,41412,Eptesicus serotinus,0.006,0.029,-1,Echolocation,/mnt/ubna_data_01_mir/recover-20220825/UBNA_002/20220823_033000.WAV,Telephone Field,recover-20220825,002,1795
662.6685,662.7079,68437,82472,Rhinolophus ferrumequinum,0.025,0.025,-1,Echolocation,/mnt/ubna_data_01_mir/recover-20220825/UBNA_002/20220823_033000.WAV,Telephone Field,recover-20220825,002,1795
662.6895,662.6965,39218,48030,Pipistrellus nathusii,0.215,0.455,-1,Echolocation,/mnt/ubna_data_01_mir/recover-20220825/UBNA_002/20220823_033000.WAV,Telephone Field,recover-20220825,002,1795
662.7175,662.7254,26328,37766,Eptesicus serotinus,0.01,0.031,-1,Echolocation,/mnt/ubna_data_01_mir/recover-20220825/UBNA_002/20220823_033000.WAV,Telephone Field,recover-20220825,002,1795
662.7345,662.7411,27187,39287,Eptesicus serotinus,0.007,0.027,-1,Echolocation,/mnt/ubna_data_01_mir/recover-20220825/UBNA_002/20220823_033000.WAV,Telephone Field,recover-20220825,002,1795
662.7365,662.7434,44375,51305,Pipistrellus pipistrellus,0.025,0.032,-1,Echolocation,/mnt/ubna_data_01_mir/recover-20220825/UBNA_002/20220823_033000.WAV,Telephone Field,recover-20220825,002,1795
662.7365,662.742,37500,55716,Myotis brandtii,0.011,0.026,-1,Echolocation,/mnt/ubna_data_01_mir/recover-20220825/UBNA_002/20220823_033000.WAV,Telephone Field,recover-20220825,002,1795
662.7575,662.7623,40078,49423,Barbastellus barbastellus,0.172,0.393,-1,Echolocation,/mnt/ubna_data_01_mir/recover-20220825/UBNA_002/20220823_033000.WAV,Telephone Field,recover-20220825,002,1795
662.7585,662.7627,28906,53539,Myotis daubentonii,0.038,0.09,-1,Echolocation,/mnt/ubna_data_01_mir/recover-20220825/UBNA_002/20220823_033000.WAV,Telephone Field,recover-20220825,002,1795
662.7685,662.81,68437,82915,Rhinolophus ferrumequinum,0.042,0.042,-1,Echolocation,/mnt/ubna_data_01_mir/recover-20220825/UBNA_002/20220823_033000.WAV,Telephone Field,recover-20220825,002,1795
662.7705,662.7813,28046,34353,Eptesicus serotinus,0.045,0.083,-1,Echolocation,/mnt/ubna_data_01_mir/recover-20220825/UBNA_002/20220823_033000.WAV,Telephone Field,recover-20220825,002,1795
662.8035,662.8236,19453,22237,Nyctalus noctula,0.015,0.033,-1,Echolocation,/mnt/ubna_data_01_mir/recover-20220825/UBNA_002/20220823_033000.WAV,Telephone Field,recover-20220825,002,1795
662.8155,662.8205,34062,53283,Myotis daubentonii,0.188,0.456,-1,Echolocation,/mnt/ubna_data_01_mir/recover-20220825/UBNA_002/20220823_033000.WAV,Telephone Field,recover-20220825,002,1795
662.8215,662.8593,68437,82507,Rhinolophus ferrumequinum,0.025,0.025,-1,Echolocation,/mnt/ubna_data_01_mir/recover-20220825/UBNA_002/20220823_033000.WAV,Telephone Field,recover-20220825,002,1795
662.8585,662.866,27187,35470,Eptesicus serotinus,0.008,0.026,-1,Echolocation,/mnt/ubna_data_01_mir/recover-20220825/UBNA_002/20220823_033000.WAV,Telephone Field,recover-20220825,002,1795
662.8745,662.879,34921,48688,Barbastellus barbastellus,0.138,0.48,-1,Echolocation,/mnt/ubna_data_01_mir/recover-20220825/UBNA_002/20220823_033000.WAV,Telephone Field,recover-20220825,002,1795
662.8825,662.8905,25468,33895,Nyctalus leisleri,0.006,0.026,-1,Echolocation,/mnt/ubna_data_01_mir/recover-20220825/UBNA_002/20220823_033000.WAV,Telephone Field,recover-20220825,002,1795
662.9035,662.9104,37500,47387,Myotis daubentonii,0.012,0.026,-1,Echolocation,/mnt/ubna_data_01_mir/recover-20220825/UBNA_002/20220823_033000.WAV,Telephone Field,recover-20220825,002,1795
662.9285,662.9335,26328,72834,Myotis brandtii,0.066,0.161,-1,Echolocation,/mnt/ubna_data_01_mir/recover-20220825/UBNA_002/20220823_033000.WAV,Telephone Field,recover-20220825,002,1795
662.9295,662.9342,36640,53206,Myotis brandtii,0.166,0.454,-1,Echolocation,/mnt/ubna_data_01_mir/recover-20220825/UBNA_002/20220823_033000.WAV,Telephone Field,recover-20220825,002,1795
662.9775,662.9836,28046,37685,Eptesicus serotinus,0.007,0.027,-1,Echolocation,/mnt/ubna_data_01_mir/recover-20220825/UBNA_002/20220823_033000.WAV,Telephone Field,recover-20220825,002,1795
662.9965,663.0003,35781,47954,Myotis daubentonii,0.169,0.451,-1,Echolocation,/mnt/ubna_data_01_mir/recover-20220825/UBNA_002/20220823_033000.WAV,Telephone Field,recover-20220825,002,1795
663.0245,663.032,29765,38599,Myotis daubentonii,0.011,0.028,-1,Echolocation,/mnt/ubna_data_01_mir/recover-20220825/UBNA_002/20220823_033000.WAV,Telephone Field,recover-20220825,002,1795
663.0345,663.0394,39218,71641,Myotis brandtii,0.021,0.043,-1,Echolocation,/mnt/ubna_data_01_mir/recover-20220825/UBNA_002/20220823_033000.WAV,Telephone Field,recover-20220825,002,1795
663.0345,663.0406,50390,55707,Pipistrellus pipistrellus,0.027,0.033,-1,Echolocation,/mnt/ubna_data_01_mir/recover-20220825/UBNA_002/20220823_033000.WAV,Telephone Field,recover-20220825,002,1795
663.0355,663.0747,68437,83127,Rhinolophus ferrumequinum,0.044,0.044,-1,Echolocation,/mnt/ubna_data_01_mir/recover-20220825/UBNA_002/20220823_033000.WAV,Telephone Field,recover-20220825,002,1795
663.0495,663.0545,37500,49555,Myotis daubentonii,0.165,0.362,-1,Echolocation,/mnt/ubna_data_01_mir/recover-20220825/UBNA_002/20220823_033000.WAV,Telephone Field,recover-20220825,002,1795
663.0495,663.0543,28046,67546,Myotis daubentonii,0.073,0.167,-1,Echolocation,/mnt/ubna_data_01_mir/recover-20220825/UBNA_002/20220823_033000.WAV,Telephone Field,recover-20220825,002,1795
663.1115,663.1158,34921,48002,Myotis daubentonii,0.068,0.116,-1,Echolocation,/mnt/ubna_data_01_mir/recover-20220825/UBNA_002/20220823_033000.WAV,Telephone Field,recover-20220825,002,1795
663.1115,663.116,28046,53648,Myotis daubentonii,0.067,0.103,-1,Echolocation,/mnt/ubna_data_01_mir/recover-20220825/UBNA_002/20220823_033000.WAV,Telephone Field,recover-20220825,002,1795
663.1175,663.1547,68437,82117,Rhinolophus ferrumequinum,0.03,0.03,-1,Echolocation,/mnt/ubna_data_01_mir/recover-20220825/UBNA_002/20220823_033000.WAV,Telephone Field,recover-20220825,002,1795
663.1285,663.1685,68437,82815,Rhinolophus ferrumequinum,0.027,0.027,-1,Echolocation,/mnt/ubna_data_01_mir/recover-20220825/UBNA_002/20220823_033000.WAV,Telephone Field,recover-20220825,002,1795
663.1655,663.1712,40078,49050,Myotis daubentonii,0.027,0.066,-1,Echolocation,/mnt/ubna_data_01_mir/recover-20220825/UBNA_002/20220823_033000.WAV,Telephone Field,recover-20220825,002,1795
663.1665,663.1717,35781,49629,Myotis daubentonii,0.034,0.065,-1,Echolocation,/mnt/ubna_data_01_mir/recover-20220825/UBNA_002/20220823_033000.WAV,Telephone Field,recover-20220825,002,1795
663.1685,663.1737,30625,47317,Myotis daubentonii,0.042,0.074,-1,Echolocation,/mnt/ubna_data_01_mir/recover-20220825/UBNA_002/20220823_033000.WAV,Telephone Field,recover-20220825,002,1795
663.1875,663.1928,36640,51758,Myotis daubentonii,0.016,0.035,-1,Echolocation,/mnt/ubna_data_01_mir/recover-20220825/UBNA_002/20220823_033000.WAV,Telephone Field,recover-20220825,002,1795
663.1875,663.1934,28906,53763,Myotis daubentonii,0.022,0.034,-1,Echolocation,/mnt/ubna_data_01_mir/recover-20220825/UBNA_002/20220823_033000.WAV,Telephone Field,recover-20220825,002,1795
663.2135,663.2182,29765,50003,Myotis daubentonii,0.062,0.11,-1,Echolocation,/mnt/ubna_data_01_mir/recover-20220825/UBNA_002/20220823_033000.WAV,Telephone Field,recover-20220825,002,1795
663.2255,663.2638,68437,82271,Rhinolophus ferrumequinum,0.03,0.03,-1,Echolocation,/mnt/ubna_data_01_mir/recover-20220825/UBNA_002/20220823_033000.WAV,Telephone Field,recover-20220825,002,1795
663.3075,663.3138,26328,36801,Eptesicus serotinus,0.006,0.026,-1,Echolocation,/mnt/ubna_data_01_mir/recover-20220825/UBNA_002/20220823_033000.WAV,Telephone Field,recover-20220825,002,1795
663.3195,663.3248,31484,53567,Myotis daubentonii,0.021,0.036,-1,Echolocation,/mnt/ubna_data_01_mir/recover-20220825/UBNA_002/20220823_033000.WAV,Telephone Field,recover-20220825,002,1795
663.3205,663.3257,38359,50179,Myotis daubentonii,0.019,0.038,-1,Echolocation,/mnt/ubna_data_01_mir/recover-20220825/UBNA_002/20220823_033000.WAV,Telephone Field,recover-20220825,002,1795
663.3295,663.3376,26328,36472,Eptesicus serotinus,0.009,0.026,-1,Echolocation,/mnt/ubna_data_01_mir/recover-20220825/UBNA_002/20220823_033000.WAV,Telephone Field,recover-20220825,002,1795
663.3495,663.3902,68437,82910,Rhinolophus ferrumequinum,0.031,0.031,-1,Echolocation,/mnt/ubna_data_01_mir/recover-20220825/UBNA_002/20220823_033000.WAV,Telephone Field,recover-20220825,002,1795
663.3525,663.3613,39218,46084,Pipistrellus nathusii,0.019,0.035,-1,Echolocation,/mnt/ubna_data_01_mir/recover-20220825/UBNA_002/20220823_033000.WAV,Telephone Field,recover-20220825,002,1795
663.3575,663.3639,47812,56120,Pipistrellus pipistrellus,0.053,0.06,-1,Echolocation,/mnt/ubna_data_01_mir/recover-20220825/UBNA_002/20220823_033000.WAV,Telephone Field,recover-20220825,002,1795
663.3845,663.4274,68437,82724,Rhinolophus ferrumequinum,0.027,0.027,-1,Echolocation,/mnt/ubna_data_01_mir/recover-20220825/UBNA_002/20220823_033000.WAV,Telephone Field,recover-20220825,002,1795
663.4095,663.4509,68437,82692,Rhinolophus ferrumequinum,0.026,0.026,-1,Echolocation,/mnt/ubna_data_01_mir/recover-20220825/UBNA_002/20220823_033000.WAV,Telephone Field,recover-20220825,002,1795
663.4095,663.4271,21171,24612,Nyctalus leisleri,0.015,0.03,-1,Echolocation,/mnt/ubna_data_01_mir/recover-20220825/UBNA_002/20220823_033000.WAV,Telephone Field,recover-20220825,002,1795
663.4365,663.4425,28906,45181,Myotis daubentonii,0.022,0.041,-1,Echolocation,/mnt/ubna_data_01_mir/recover-20220825/UBNA_002/20220823_033000.WAV,Telephone Field,recover-20220825,002,1795
663.4835,663.4899,36640,52327,Myotis brandtii,0.01,0.026,-1,Echolocation,/mnt/ubna_data_01_mir/recover-20220825/UBNA_002/20220823_033000.WAV,Telephone Field,recover-20220825,002,1795
663.5235,663.5656,68437,83109,Rhinolophus ferrumequinum,0.034,0.034,-1,Echolocation,/mnt/ubna_data_01_mir/recover-20220825/UBNA_002/20220823_033000.WAV,Telephone Field,recover-20220825,002,1795
663.5295,663.5378,25468,36574,Eptesicus serotinus,0.009,0.026,-1,Echolocation,/mnt/ubna_data_01_mir/recover-20220825/UBNA_002/20220823_033000.WAV,Telephone Field,recover-20220825,002,1795
663.5805,663.5861,32343,45967,Myotis daubentonii,0.015,0.027,-1,Echolocation,/mnt/ubna_data_01_mir/recover-20220825/UBNA_002/20220823_033000.WAV,Telephone Field,recover-20220825,002,1795
663.5865,663.5938,28046,39278,Myotis daubentonii,0.009,0.026,-1,Echolocation,/mnt/ubna_data_01_mir/recover-20220825/UBNA_002/20220823_033000.WAV,Telephone Field,recover-20220825,002,1795
663.6045,663.6121,40078,50437,Myotis brandtii,0.011,0.033,-1,Echolocation,/mnt/ubna_data_01_mir/recover-20220825/UBNA_002/20220823_033000.WAV,Telephone Field,recover-20220825,002,1795
663.6055,663.6118,35781,49973,Myotis brandtii,0.014,0.033,-1,Echolocation,/mnt/ubna_data_01_mir/recover-20220825/UBNA_002/20220823_033000.WAV,Telephone Field,recover-20220825,002,1795
663.6075,663.6146,25468,40045,Eptesicus serotinus,0.008,0.026,-1,Echolocation,/mnt/ubna_data_01_mir/recover-20220825/UBNA_002/20220823_033000.WAV,Telephone Field,recover-20220825,002,1795
663.6445,663.6507,25468,42771,Eptesicus serotinus,0.007,0.031,-1,Echolocation,/mnt/ubna_data_01_mir/recover-20220825/UBNA_002/20220823_033000.WAV,Telephone Field,recover-20220825,002,1795
663.6465,663.6521,31484,45920,Myotis daubentonii,0.02,0.037,-1,Echolocation,/mnt/ubna_data_01_mir/recover-20220825/UBNA_002/20220823_033000.WAV,Telephone Field,recover-20220825,002,1795
663.6475,663.6843,68437,82716,Rhinolophus ferrumequinum,0.028,0.028,-1,Echolocation,/mnt/ubna_data_01_mir/recover-20220825/UBNA_002/20220823_033000.WAV,Telephone Field,recover-20220825,002,1795
663.6965,663.7297,68437,79503,Rhinolophus ferrumequinum,0.026,0.027,-1,Echolocation,/mnt/ubna_data_01_mir/recover-20220825/UBNA_002/20220823_033000.WAV,Telephone Field,recover-20220825,002,1795
663.7625,663.7699,26328,38723,Eptesicus serotinus,0.011,0.032,-1,Echolocation,/mnt/ubna_data_01_mir/recover-20220825/UBNA_002/20220823_033000.WAV,Telephone Field,recover-20220825,002,1795
663.8305,663.8381,27187,36454,Eptesicus serotinus,0.009,0.026,-1,Echolocation,/mnt/ubna_data_01_mir/recover-20220825/UBNA_002/20220823_033000.WAV,Telephone Field,recover-20220825,002,1795
663.8955,663.902,40078,53068,Myotis brandtii,0.01,0.025,-1,Echolocation,/mnt/ubna_data_01_mir/recover-20220825/UBNA_002/20220823_033000.WAV,Telephone Field,recover-20220825,002,1795
663.8975,663.9036,29765,51410,Myotis daubentonii,0.019,0.031,-1,Echolocation,/mnt/ubna_data_01_mir/recover-20220825/UBNA_002/20220823_033000.WAV,Telephone Field,recover-20220825,002,1795
663.9175,663.9559,68437,82875,Rhinolophus ferrumequinum,0.028,0.028,-1,Echolocation,/mnt/ubna_data_01_mir/recover-20220825/UBNA_002/20220823_033000.WAV,Telephone Field,recover-20220825,002,1795
663.9415,663.9839,68437,82813,Rhinolophus ferrumequinum,0.027,0.027,-1,Echolocation,/mnt/ubna_data_01_mir/recover-20220825/UBNA_002/20220823_033000.WAV,Telephone Field,recover-20220825,002,1795
663.9425,663.9506,32343,38893,Barbastellus barbastellus,0.019,0.033,-1,Echolocation,/mnt/ubna_data_01_mir/recover-20220825/UBNA_002/20220823_033000.WAV,Telephone Field,recover-20220825,002,1795
663.9585,663.9717,22031,25555,Nyctalus leisleri,0.018,0.033,-1,Echolocation,/mnt/ubna_data_01_mir/recover-20220825/UBNA_002/20220823_033000.WAV,Telephone Field,recover-20220825,002,1795
664.0015,664.0111,27187,35519,Eptesicus serotinus,0.013,0.032,-1,Echolocation,/mnt/ubna_data_01_mir/recover-20220825/UBNA_002/20220823_033000.WAV,Telephone Field,recover-20220825,002,1795
664.0015,664.0143,20312,26553,Nyctalus noctula,0.01,0.027,-1,Echolocation,/mnt/ubna_data_01_mir/recover-20220825/UBNA_002/20220823_033000.WAV,Telephone Field,recover-20220825,002,1795
664.0015,664.0379,68437,80861,Rhinolophus ferrumequinum,0.045,0.045,-1,Echolocation,/mnt/ubna_data_01_mir/recover-20220825/UBNA_002/20220823_033000.WAV,Telephone Field,recover-20220825,002,1795
664.0015,664.0115,47812,55579,Pipistrellus pipistrellus,0.021,0.029,-1,Echolocation,/mnt/ubna_data_01_mir/recover-20220825/UBNA_002/20220823_033000.WAV,Telephone Field,recover-20220825,002,1795
664.0085,664.052,68437,82646,Rhinolophus ferrumequinum,0.023,0.023,-1,Echolocation,/mnt/ubna_data_01_mir/recover-20220825/UBNA_002/20220823_033000.WAV,Telephone Field,recover-20220825,002,1795
664.0445,664.0828,68437,81647,Rhinolophus ferrumequinum,0.024,0.024,-1,Echolocation,/mnt/ubna_data_01_mir/recover-20220825/UBNA_002/20220823_033000.WAV,Telephone Field,recover-20220825,002,1795
664.0755,664.0844,22890,29918,Plecotus austriacus,0.007,0.022,-1,Echolocation,/mnt/ubna_data_01_mir/recover-20220825/UBNA_002/20220823_033000.WAV,Telephone Field,recover-20220825,002,1795
664.0895,664.1252,68437,80959,Rhinolophus ferrumequinum,0.022,0.023,-1,Echolocation,/mnt/ubna_data_01_mir/recover-20220825/UBNA_002/20220823_033000.WAV,Telephone Field,recover-20220825,002,1795
664.1025,664.1152,22031,26484,Nyctalus leisleri,0.011,0.022,-1,Echolocation,/mnt/ubna_data_01_mir/recover-20220825/UBNA_002/20220823_033000.WAV,Telephone Field,recover-20220825,002,1795
664.1225,664.1393,21171,24207,Nyctalus leisleri,0.014,0.022,-1,Echolocation,/mnt/ubna_data_01_mir/recover-20220825/UBNA_002/20220823_033000.WAV,Telephone Field,recover-20220825,002,1795
664.1345,664.1455,28906,37090,Eptesicus serotinus,0.017,0.03,-1,Echolocation,/mnt/ubna_data_01_mir/recover-20220825/UBNA_002/20220823_033000.WAV,Telephone Field,recover-20220825,002,1795
664.1775,664.2109,68437,81434,Rhinolophus ferrumequinum,0.025,0.025,-1,Echolocation,/mnt/ubna_data_01_mir/recover-20220825/UBNA_002/20220823_033000.WAV,Telephone Field,recover-20220825,002,1795
664.1845,664.1914,27187,39557,Eptesicus serotinus,0.006,0.022,-1,Echolocation,/mnt/ubna_data_01_mir/recover-20220825/UBNA_002/20220823_033000.WAV,Telephone Field,recover-20220825,002,1795
664.1865,664.1944,31484,45188,Myotis daubentonii,0.008,0.023,-1,Echolocation,/mnt/ubna_data_01_mir/recover-20220825/UBNA_002/20220823_033000.WAV,Telephone Field,recover-20220825,002,1795
664.2105,664.2516,68437,82396,Rhinolophus ferrumequinum,0.036,0.036,-1,Echolocation,/mnt/ubna_data_01_mir/recover-20220825/UBNA_002/20220823_033000.WAV,Telephone Field,recover-20220825,002,1795
664.2265,664.2335,26328,37209,Eptesicus serotinus,0.007,0.026,-1,Echolocation,/mnt/ubna_data_01_mir/recover-20220825/UBNA_002/20220823_033000.WAV,Telephone Field,recover-20220825,002,1795
664.2395,664.2459,30625,42916,Myotis daubentonii,0.009,0.024,-1,Echolocation,/mnt/ubna_data_01_mir/recover-20220825/UBNA_002/20220823_033000.WAV,Telephone Field,recover-20220825,002,1795
664.2495,664.2598,25468,32231,Eptesicus serotinus,0.01,0.023,-1,Echolocation,/mnt/ubna_data_01_mir/recover-20220825/UBNA_002/20220823_033000.WAV,Telephone Field,recover-20220825,002,1795
664.2515,664.2901,68437,82022,Rhinolophus ferrumequinum,0.021,0.021,-1,Echolocation,/mnt/ubna_data_01_mir/recover-20220825/UBNA_002/20220823_033000.WAV,Telephone Field,recover-20220825,002,1795
664.2665,664.2776,23750,28399,Nyctalus leisleri,0.011,0.022,-1,Echolocation,/mnt/ubna_data_01_mir/recover-20220825/UBNA_002/20220823_033000.WAV,Telephone Field,recover-20220825,002,1795
664.2905,664.2999,28046,36843,Eptesicus serotinus,0.009,0.023,-1,Echolocation,/mnt/ubna_data_01_mir/recover-20220825/UBNA_002/20220823_033000.WAV,Telephone Field,recover-20220825,002,1795
664.2995,664.3407,68437,82873,Rhinolophus ferrumequinum,0.027,0.027,-1,Echolocation,/mnt/ubna_data_01_mir/recover-20220825/UBNA_002/20220823_033000.WAV,Telephone Field,recover-20220825,002,1795
664.3215,664.3566,68437,81587,Rhinolophus ferrumequinum,0.023,0.023,-1,Echolocation,/mnt/ubna_data_01_mir/recover-20220825/UBNA_002/20220823_033000.WAV,Telephone Field,recover-20220825,002,1795
664.3585,664.3657,27187,40228,Eptesicus serotinus,0.006,0.022,-1,Echolocation,/mnt/ubna_data_01_mir/recover-20220825/UBNA_002/20220823_033000.WAV,Telephone Field,recover-20220825,002,1795
664.3685,664.4071,68437,81721,Rhinolophus ferrumequinum,0.023,0.023,-1,Echolocation,/mnt/ubna_data_01_mir/recover-20220825/UBNA_002/20220823_033000.WAV,Telephone Field,recover-20220825,002,1795
664.3885,664.4293,68437,82276,Rhinolophus ferrumequinum,0.023,0.023,-1,Echolocation,/mnt/ubna_data_01_mir/recover-20220825/UBNA_002/20220823_033000.WAV,Telephone Field,recover-20220825,002,1795
664.4255,664.4646,68437,82403,Rhinolophus ferrumequinum,0.022,0.022,-1,Echolocation,/mnt/ubna_data_01_mir/recover-20220825/UBNA_002/20220823_033000.WAV,Telephone Field,recover-20220825,002,1795
664.5465,664.5818,68437,81653,Rhinolophus ferrumequinum,0.024,0.024,-1,Echolocation,/mnt/ubna_data_01_mir/recover-20220825/UBNA_002/20220823_033000.WAV,Telephone Field,recover-20220825,002,1795
664.5945,664.6336,68437,82541,Rhinolophus ferrumequinum,0.027,0.027,-1,Echolocation,/mnt/ubna_data_01_mir/recover-20220825/UBNA_002/20220823_033000.WAV,Telephone Field,recover-20220825,002,1795
664.5985,664.606,28046,41041,Eptesicus serotinus,0.008,0.024,-1,Echolocation,/mnt/ubna_data_01_mir/recover-20220825/UBNA_002/20220823_033000.WAV,Telephone Field,recover-20220825,002,1795
664.6395,664.6491,25468,32984,Eptesicus serotinus,0.011,0.025,-1,Echolocation,/mnt/ubna_data_01_mir/recover-20220825/UBNA_002/20220823_033000.WAV,Telephone Field,recover-20220825,002,1795
664.6625,664.7006,68437,81918,Rhinolophus ferrumequinum,0.022,0.022,-1,Echolocation,/mnt/ubna_data_01_mir/recover-20220825/UBNA_002/20220823_033000.WAV,Telephone Field,recover-20220825,002,1795
664.7325,664.741,22031,29198,Plecotus austriacus,0.011,0.025,-1,Echolocation,/mnt/ubna_data_01_mir/recover-20220825/UBNA_002/20220823_033000.WAV,Telephone Field,recover-20220825,002,1795
664.7495,664.7873,68437,82165,Rhinolophus ferrumequinum,0.025,0.025,-1,Echolocation,/mnt/ubna_data_01_mir/recover-20220825/UBNA_002/20220823_033000.WAV,Telephone Field,recover-20220825,002,1795
664.7755,664.8164,68437,82855,Rhinolophus ferrumequinum,0.023,0.023,-1,Echolocation,/mnt/ubna_data_01_mir/recover-20220825/UBNA_002/20220823_033000.WAV,Telephone Field,recover-20220825,002,1795
664.7795,664.7911,37500,42491,Pipistrellus nathusii,0.028,0.04,-1,Echolocation,/mnt/ubna_data_01_mir/recover-20220825/UBNA_002/20220823_033000.WAV,Telephone Field,recover-20220825,002,1795
664.7955,664.802,25468,40334,Myotis nattereri,0.005,0.022,-1,Echolocation,/mnt/ubna_data_01_mir/recover-20220825/UBNA_002/20220823_033000.WAV,Telephone Field,recover-20220825,002,1795
664.7955,664.8004,34062,53580,Myotis daubentonii,0.013,0.03,-1,Echolocation,/mnt/ubna_data_01_mir/recover-20220825/UBNA_002/20220823_033000.WAV,Telephone Field,recover-20220825,002,1795
664.8195,664.8614,68437,82561,Rhinolophus ferrumequinum,0.034,0.034,-1,Echolocation,/mnt/ubna_data_01_mir/recover-20220825/UBNA_002/20220823_033000.WAV,Telephone Field,recover-20220825,002,1795
664.8215,664.8283,41796,49918,Myotis daubentonii,0.005,0.022,-1,Echolocation,/mnt/ubna_data_01_mir/recover-20220825/UBNA_002/20220823_033000.WAV,Telephone Field,recover-20220825,002,1795
664.8245,664.8324,28046,41463,Eptesicus serotinus,0.008,0.026,-1,Echolocation,/mnt/ubna_data_01_mir/recover-20220825/UBNA_002/20220823_033000.WAV,Telephone Field,recover-20220825,002,1795
664.8825,664.8913,37500,48574,Pipistrellus nathusii,0.007,0.024,-1,Echolocation,/mnt/ubna_data_01_mir/recover-20220825/UBNA_002/20220823_033000.WAV,Telephone Field,recover-20220825,002,1795
664.9715,665.0105,68437,82376,Rhinolophus ferrumequinum,0.022,0.022,-1,Echolocation,/mnt/ubna_data_01_mir/recover-20220825/UBNA_002/20220823_033000.WAV,Telephone Field,recover-20220825,002,1795
664.9735,664.9826,28046,38099,Eptesicus serotinus,0.013,0.028,-1,Echolocation,/mnt/ubna_data_01_mir/recover-20220825/UBNA_002/20220823_033000.WAV,Telephone Field,recover-20220825,002,1795
664.9915,665.0024,24609,32024,Nyctalus leisleri,0.009,0.025,-1,Echolocation,/mnt/ubna_data_01_mir/recover-20220825/UBNA_002/20220823_033000.WAV,Telephone Field,recover-20220825,002,1795
665.0075,665.0468,68437,82460,Rhinolophus ferrumequinum,0.036,0.036,-1,Echolocation,/mnt/ubna_data_01_mir/recover-20220825/UBNA_002/20220823_033000.WAV,Telephone Field,recover-20220825,002,1795
665.0265,665.0637,68437,81872,Rhinolophus ferrumequinum,0.022,0.022,-1,Echolocation,/mnt/ubna_data_01_mir/recover-20220825/UBNA_002/20220823_033000.WAV,Telephone Field,recover-20220825,002,1795
665.0615,665.1017,68437,82726,Rhinolophus ferrumequinum,0.025,0.025,-1,Echolocation,/mnt/ubna_data_01_mir/recover-20220825/UBNA_002/20220823_033000.WAV,Telephone Field,recover-20220825,002,1795
665.0695,665.0754,40078,48725,Myotis daubentonii,0.081,0.203,-1,Echolocation,/mnt/ubna_data_01_mir/recover-20220825/UBNA_002/20220823_033000.WAV,Telephone Field,recover-20220825,002,1795
665.0915,665.1288,68437,81832,Rhinolophus ferrumequinum,0.024,0.025,-1,Echolocation,/mnt/ubna_data_01_mir/recover-20220825/UBNA_002/20220823_033000.WAV,Telephone Field,recover-20220825,002,1795
665.0925,665.1029,22031,27856,Nyctalus leisleri,0.009,0.024,-1,Echolocation,/mnt/ubna_data_01_mir/recover-20220825/UBNA_002/20220823_033000.WAV,Telephone Field,recover-20220825,002,1795
665.1305,665.1411,27187,35266,Eptesicus serotinus,0.013,0.032,-1,Echolocation,/mnt/ubna_data_01_mir/recover-20220825/UBNA_002/20220823_033000.WAV,Telephone Field,recover-20220825,002,1795
665.1365,665.1726,68437,81339,Rhinolophus ferrumequinum,0.022,0.022,-1,Echolocation,/mnt/ubna_data_01_mir/recover-20220825/UBNA_002/20220823_033000.WAV,Telephone Field,recover-20220825,002,1795
665.1615,665.2032,68437,82686,Rhinolophus ferrumequinum,0.025,0.025,-1,Echolocation,/mnt/ubna_data_01_mir/recover-20220825/UBNA_002/20220823_033000.WAV,Telephone Field,recover-20220825,002,1795
665.1965,665.2061,37500,42498,Pipistrellus nathusii,0.011,0.022,-1,Echolocation,/mnt/ubna_data_01_mir/recover-20220825/UBNA_002/20220823_033000.WAV,Telephone Field,recover-20220825,002,1795
665.2435,665.2812,68437,81881,Rhinolophus ferrumequinum,0.023,0.023,-1,Echolocation,/mnt/ubna_data_01_mir/recover-20220825/UBNA_002/20220823_033000.WAV,Telephone Field,recover-20220825,002,1795
665.2605,665.2696,22890,29509,Plecotus austriacus,0.008,0.023,-1,Echolocation,/mnt/ubna_data_01_mir/recover-20220825/UBNA_002/20220823_033000.WAV,Telephone Field,recover-20220825,002,1795
665.2725,665.3118,68437,82282,Rhinolophus ferrumequinum,0.023,0.023,-1,Echolocation,/mnt/ubna_data_01_mir/recover-20220825/UBNA_002/20220823_033000.WAV,Telephone Field,recover-20220825,002,1795
665.2835,665.3248,68437,82359,Rhinolophus ferrumequinum,0.026,0.026,-1,Echolocation,/mnt/ubna_data_01_mir/recover-20220825/UBNA_002/20220823_033000.WAV,Telephone Field,recover-20220825,002,1795
665.2945,665.3008,35781,54936,Myotis brandtii,0.009,0.022,-1,Echolocation,/mnt/ubna_data_01_mir/recover-20220825/UBNA_002/20220823_033000.WAV,Telephone Field,recover-20220825,002,1795
665.2955,665.3019,45234,49622,Pipistrellus pipistrellus,0.024,0.026,-1,Echolocation,/mnt/ubna_data_01_mir/recover-20220825/UBNA_002/20220823_033000.WAV,Telephone Field,recover-20220825,002,1795
665.3115,665.3496,68437,82129,Rhinolophus ferrumequinum,0.028,0.028,-1,Echolocation,/mnt/ubna_data_01_mir/recover-20220825/UBNA_002/20220823_033000.WAV,Telephone Field,recover-20220825,002,1795
665.3485,665.3869,68437,81418,Rhinolophus ferrumequinum,0.022,0.022,-1,Echolocation,/mnt/ubna_data_01_mir/recover-20220825/UBNA_002/20220823_033000.WAV,Telephone Field,recover-20220825,002,1795
665.3715,665.3793,27187,37765,Eptesicus serotinus,0.007,0.022,-1,Echolocation,/mnt/ubna_data_01_mir/recover-20220825/UBNA_002/20220823_033000.WAV,Telephone Field,recover-20220825,002,1795
665.4015,665.4416,68437,82574,Rhinolophus ferrumequinum,0.026,0.026,-1,Echolocation,/mnt/ubna_data_01_mir/recover-20220825/UBNA_002/20220823_033000.WAV,Telephone Field,recover-20220825,002,1795
665.4155,665.428,22031,26664,Nyctalus leisleri,0.014,0.029,-1,Echolocation,/mnt/ubna_data_01_mir/recover-20220825/UBNA_002/20220823_033000.WAV,Telephone Field,recover-20220825,002,1795
665.4495,665.4614,36640,43353,Pipistrellus nathusii,0.016,0.027,-1,Echolocation,/mnt/ubna_data_01_mir/recover-20220825/UBNA_002/20220823_033000.WAV,Telephone Field,recover-20220825,002,1795
665.4515,665.491,68437,82500,Rhinolophus ferrumequinum,0.024,0.024,-1,Echolocation,/mnt/ubna_data_01_mir/recover-20220825/UBNA_002/20220823_033000.WAV,Telephone Field,recover-20220825,002,1795
665.4865,665.5243,68437,81906,Rhinolophus ferrumequinum,0.023,0.023,-1,Echolocation,/mnt/ubna_data_01_mir/recover-20220825/UBNA_002/20220823_033000.WAV,Telephone Field,recover-20220825,002,1795
665.4875,665.4948,41796,53236,Pipistrellus nathusii,0.16,0.237,-1,Echolocation,/mnt/ubna_data_01_mir/recover-20220825/UBNA_002/20220823_033000.WAV,Telephone Field,recover-20220825,002,1795
665.5255,665.5638,68437,82076,Rhinolophus ferrumequinum,0.023,0.023,-1,Echolocation,/mnt/ubna_data_01_mir/recover-20220825/UBNA_002/20220823_033000.WAV,Telephone Field,recover-20220825,002,1795
665.5325,665.5727,68437,82068,Rhinolophus ferrumequinum,0.022,0.022,-1,Echolocation,/mnt/ubna_data_01_mir/recover-20220825/UBNA_002/20220823_033000.WAV,Telephone Field,recover-20220825,002,1795
665.5595,665.5996,68437,82112,Rhinolophus ferrumequinum,0.024,0.024,-1,Echolocation,/mnt/ubna_data_01_mir/recover-20220825/UBNA_002/20220823_033000.WAV,Telephone Field,recover-20220825,002,1795
665.5835,665.623,68437,81704,Rhinolophus ferrumequinum,0.028,0.028,-1,Echolocation,/mnt/ubna_data_01_mir/recover-20220825/UBNA_002/20220823_033000.WAV,Telephone Field,recover-20220825,002,1795
665.5925,665.6028,28046,35772,Eptesicus serotinus,0.01,0.024,-1,Echolocation,/mnt/ubna_data_01_mir/recover-20220825/UBNA_002/20220823_033000.WAV,Telephone Field,recover-20220825,002,1795
665.6665,665.7016,68437,81065,Rhinolophus ferrumequinum,0.021,0.021,-1,Echolocation,/mnt/ubna_data_01_mir/recover-20220825/UBNA_002/20220823_033000.WAV,Telephone Field,recover-20220825,002,1795
665.6975,665.7386,68437,81898,Rhinolophus ferrumequinum,0.025,0.025,-1,Echolocation,/mnt/ubna_data_01_mir/recover-20220825/UBNA_002/20220823_033000.WAV,Telephone Field,recover-20220825,002,1795
665.7205,665.7275,40937,50133,Pipistrellus nathusii,0.14,0.294,-1,Echolocation,/mnt/ubna_data_01_mir/recover-20220825/UBNA_002/20220823_033000.WAV,Telephone Field,recover-20220825,002,1795
665.7235,665.7291,30625,61246,Myotis brandtii,0.022,0.052,-1,Echolocation,/mnt/ubna_data_01_mir/recover-20220825/UBNA_002/20220823_033000.WAV,Telephone Field,recover-20220825,002,1795
665.7545,665.7633,28046,38679,Eptesicus serotinus,0.011,0.026,-1,Echolocation,/mnt/ubna_data_01_mir/recover-20220825/UBNA_002/20220823_033000.WAV,Telephone Field,recover-20220825,002,1795
665.7565,665.7971,68437,83352,Rhinolophus ferrumequinum,0.024,0.024,-1,Echolocation,/mnt/ubna_data_01_mir/recover-20220825/UBNA_002/20220823_033000.WAV,Telephone Field,recover-20220825,002,1795
665.7975,665.8353,68437,82179,Rhinolophus ferrumequinum,0.022,0.022,-1,Echolocation,/mnt/ubna_data_01_mir/recover-20220825/UBNA_002/20220823_033000.WAV,Telephone Field,recover-20220825,002,1795
665.8055,665.8248,21171,24582,Nyctalus leisleri,0.026,0.046,-1,Echolocation,/mnt/ubna_data_01_mir/recover-20220825/UBNA_002/20220823_033000.WAV,Telephone Field,recover-20220825,002,1795
665.8285,665.834,40078,49468,Myotis daubentonii,0.067,0.124,-1,Echolocation,/mnt/ubna_data_01_mir/recover-20220825/UBNA_002/20220823_033000.WAV,Telephone Field,recover-20220825,002,1795
665.9045,665.9115,23750,32787,Plecotus austriacus,0.009,0.023,-1,Echolocation,/mnt/ubna_data_01_mir/recover-20220825/UBNA_002/20220823_033000.WAV,Telephone Field,recover-20220825,002,1795
665.9335,665.9383,38359,53998,Myotis brandtii,0.011,0.036,-1,Echolocation,/mnt/ubna_data_01_mir/recover-20220825/UBNA_002/20220823_033000.WAV,Telephone Field,recover-20220825,002,1795
665.9515,665.9596,26328,35396,Eptesicus serotinus,0.009,0.023,-1,Echolocation,/mnt/ubna_data_01_mir/recover-20220825/UBNA_002/20220823_033000.WAV,Telephone Field,recover-20220825,002,1795
665.9855,665.9943,27187,41875,Eptesicus serotinus,0.011,0.029,-1,Echolocation,/mnt/ubna_data_01_mir/recover-20220825/UBNA_002/20220823_033000.WAV,Telephone Field,recover-20220825,002,1795
666.0015,666.0099,26328,34720,Nyctalus leisleri,0.01,0.03,-1,Echolocation,/mnt/ubna_data_01_mir/recover-20220825/UBNA_002/20220823_033000.WAV,Telephone Field,recover-20220825,002,1795
666.0015,666.0315,68437,79652,Rhinolophus ferrumequinum,0.032,0.032,-1,Echolocation,/mnt/ubna_data_01_mir/recover-20220825/UBNA_002/20220823_033000.WAV,Telephone Field,recover-20220825,002,1795
666.0515,666.0869,68437,81028,Rhinolophus ferrumequinum,0.025,0.025,-1,Echolocation,/mnt/ubna_data_01_mir/recover-20220825/UBNA_002/20220823_033000.WAV,Telephone Field,recover-20220825,002,1795
666.0625,666.1016,68437,82073,Rhinolophus ferrumequinum,0.021,0.021,-1,Echolocation,/mnt/ubna_data_01_mir/recover-20220825/UBNA_002/20220823_033000.WAV,Telephone Field,recover-20220825,002,1795
666.0725,666.1136,68437,82933,Rhinolophus ferrumequinum,0.027,0.027,-1,Echolocation,/mnt/ubna_data_01_mir/recover-20220825/UBNA_002/20220823_033000.WAV,Telephone Field,recover-20220825,002,1795
666.1205,666.1316,24609,30749,Nyctalus leisleri,0.011,0.028,-1,Echolocation,/mnt/ubna_data_01_mir/recover-20220825/UBNA_002/20220823_033000.WAV,Telephone Field,recover-20220825,002,1795
666.1655,666.2015,68437,81490,Rhinolophus ferrumequinum,0.02,0.02,-1,Echolocation,/mnt/ubna_data_01_mir/recover-20220825/UBNA_002/20220823_033000.WAV,Telephone Field,recover-20220825,002,1795
666.1745,666.1824,28046,38511,Eptesicus serotinus,0.007,0.02,-1,Echolocation,/mnt/ubna_data_01_mir/recover-20220825/UBNA_002/20220823_033000.WAV,Telephone Field,recover-20220825,002,1795
666.1955,666.2031,25468,34727,Eptesicus serotinus,0.006,0.02,-1,Echolocation,/mnt/ubna_data_01_mir/recover-20220825/UBNA_002/20220823_033000.WAV,Telephone Field,recover-20220825,002,1795
666.1955,666.2308,68437,82026,Rhinolophus ferrumequinum,0.028,0.028,-1,Echolocation,/mnt/ubna_data_01_mir/recover-20220825/UBNA_002/20220823_033000.WAV,Telephone Field,recover-20220825,002,1795
666.2295,666.2374,48671,53764,Pipistrellus pipistrellus,0.023,0.028,-1,Echolocation,/mnt/ubna_data_01_mir/recover-20220825/UBNA_002/20220823_033000.WAV,Telephone Field,recover-20220825,002,1795
666.2535,666.2939,68437,82356,Rhinolophus ferrumequinum,0.031,0.031,-1,Echolocation,/mnt/ubna_data_01_mir/recover-20220825/UBNA_002/20220823_033000.WAV,Telephone Field,recover-20220825,002,1795
666.2575,666.2662,39218,46266,Pipistrellus nathusii,0.03,0.067,-1,Echolocation,/mnt/ubna_data_01_mir/recover-20220825/UBNA_002/20220823_033000.WAV,Telephone Field,recover-20220825,002,1795
666.2775,666.3156,68437,82167,Rhinolophus ferrumequinum,0.021,0.021,-1,Echolocation,/mnt/ubna_data_01_mir/recover-20220825/UBNA_002/20220823_033000.WAV,Telephone Field,recover-20220825,002,1795
666.3775,666.3853,26328,41293,Eptesicus serotinus,0.008,0.022,-1,Echolocation,/mnt/ubna_data_01_mir/recover-20220825/UBNA_002/20220823_033000.WAV,Telephone Field,recover-20220825,002,1795
666.3775,666.3847,35781,44995,Myotis brandtii,0.006,0.023,-1,Echolocation,/mnt/ubna_data_01_mir/recover-20220825/UBNA_002/20220823_033000.WAV,Telephone Field,recover-20220825,002,1795
666.4185,666.4284,26328,34762,Eptesicus serotinus,0.009,0.022,-1,Echolocation,/mnt/ubna_data_01_mir/recover-20220825/UBNA_002/20220823_033000.WAV,Telephone Field,recover-20220825,002,1795
666.4445,666.4829,68437,81916,Rhinolophus ferrumequinum,0.024,0.024,-1,Echolocation,/mnt/ubna_data_01_mir/recover-20220825/UBNA_002/20220823_033000.WAV,Telephone Field,recover-20220825,002,1795
666.4765,666.5139,68437,82073,Rhinolophus ferrumequinum,0.021,0.021,-1,Echolocation,/mnt/ubna_data_01_mir/recover-20220825/UBNA_002/20220823_033000.WAV,Telephone Field,recover-20220825,002,1795
666.4905,666.4984,28046,39166,Eptesicus serotinus,0.011,0.027,-1,Echolocation,/mnt/ubna_data_01_mir/recover-20220825/UBNA_002/20220823_033000.WAV,Telephone Field,recover-20220825,002,1795
666.5045,666.5124,40078,46018,Pipistrellus nathusii,0.158,0.28,-1,Echolocation,/mnt/ubna_data_01_mir/recover-20220825/UBNA_002/20220823_033000.WAV,Telephone Field,recover-20220825,002,1795
666.5345,666.5716,68437,81984,Rhinolophus ferrumequinum,0.022,0.022,-1,Echolocation,/mnt/ubna_data_01_mir/recover-20220825/UBNA_002/20220823_033000.WAV,Telephone Field,recover-20220825,002,1795
666.5445,666.5837,68437,82062,Rhinolophus ferrumequinum,0.021,0.021,-1,Echolocation,/mnt/ubna_data_01_mir/recover-20220825/UBNA_002/20220823_033000.WAV,Telephone Field,recover-20220825,002,1795
666.5515,666.5605,28046,36472,Eptesicus serotinus,0.008,0.021,-1,Echolocation,/mnt/ubna_data_01_mir/recover-20220825/UBNA_002/20220823_033000.WAV,Telephone Field,recover-20220825,002,1795
666.5745,666.6109,68437,81511,Rhinolophus ferrumequinum,0.021,0.021,-1,Echolocation,/mnt/ubna_data_01_mir/recover-20220825/UBNA_002/20220823_033000.WAV,Telephone Field,recover-20220825,002,1795
666.6285,666.664,68437,81758,Rhinolophus ferrumequinum,0.021,0.021,-1,Echolocation,/mnt/ubna_data_01_mir/recover-20220825/UBNA_002/20220823_033000.WAV,Telephone Field,recover-20220825,002,1795
666.6535,666.6926,68437,81935,Rhinolophus ferrumequinum,0.021,0.021,-1,Echolocation,/mnt/ubna_data_01_mir/recover-20220825/UBNA_002/20220823_033000.WAV,Telephone Field,recover-20220825,002,1795
666.6565,666.6659,28046,37280,Eptesicus serotinus,0.009,0.021,-1,Echolocation,/mnt/ubna_data_01_mir/recover-20220825/UBNA_002/20220823_033000.WAV,Telephone Field,recover-20220825,002,1795
666.6735,666.7121,68437,82339,Rhinolophus ferrumequinum,0.024,0.024,-1,Echolocation,/mnt/ubna_data_01_mir/recover-20220825/UBNA_002/20220823_033000.WAV,Telephone Field,recover-20220825,002,1795
666.6945,666.7023,23750,32311,Plecotus austriacus,0.007,0.023,-1,Echolocation,/mnt/ubna_data_01_mir/recover-20220825/UBNA_002/20220823_033000.WAV,Telephone Field,recover-20220825,002,1795
666.7285,666.7462,18593,21750,Nyctalus noctula,0.012,0.025,-1,Echolocation,/mnt/ubna_data_01_mir/recover-20220825/UBNA_002/20220823_033000.WAV,Telephone Field,recover-20220825,002,1795
666.7325,666.7394,27187,42334,Eptesicus serotinus,0.008,0.024,-1,Echolocation,/mnt/ubna_data_01_mir/recover-20220825/UBNA_002/20220823_033000.WAV,Telephone Field,recover-20220825,002,1795
666.7515,666.7595,27187,41149,Eptesicus serotinus,0.008,0.023,-1,Echolocation,/mnt/ubna_data_01_mir/recover-20220825/UBNA_002/20220823_033000.WAV,Telephone Field,recover-20220825,002,1795
666.7605,666.7692,28906,36759,Eptesicus serotinus,0.009,0.023,-1,Echolocation,/mnt/ubna_data_01_mir/recover-20220825/UBNA_002/20220823_033000.WAV,Telephone Field,recover-20220825,002,1795
666.7605,666.775,40937,44452,Pipistrellus nathusii,0.067,0.074,-1,Echolocation,/mnt/ubna_data_01_mir/recover-20220825/UBNA_002/20220823_033000.WAV,Telephone Field,recover-20220825,002,1795
666.7615,666.7983,68437,81411,Rhinolophus ferrumequinum,0.021,0.021,-1,Echolocation,/mnt/ubna_data_01_mir/recover-20220825/UBNA_002/20220823_033000.WAV,Telephone Field,recover-20220825,002,1795
666.7675,666.7766,28046,39201,Eptesicus serotinus,0.009,0.022,-1,Echolocation,/mnt/ubna_data_01_mir/recover-20220825/UBNA_002/20220823_033000.WAV,Telephone Field,recover-20220825,002,1795
666.7905,666.8274,68437,82036,Rhinolophus ferrumequinum,0.023,0.023,-1,Echolocation,/mnt/ubna_data_01_mir/recover-20220825/UBNA_002/20220823_033000.WAV,Telephone Field,recover-20220825,002,1795
666.7935,666.8034,22890,28347,Nyctalus leisleri,0.009,0.021,-1,Echolocation,/mnt/ubna_data_01_mir/recover-20220825/UBNA_002/20220823_033000.WAV,Telephone Field,recover-20220825,002,1795
666.8435,666.8831,68437,82337,Rhinolophus ferrumequinum,0.022,0.022,-1,Echolocation,/mnt/ubna_data_01_mir/recover-20220825/UBNA_002/20220823_033000.WAV,Telephone Field,recover-20220825,002,1795
666.8515,666.8606,24609,32276,Eptesicus serotinus,0.006,0.02,-1,Echolocation,/mnt/ubna_data_01_mir/recover-20220825/UBNA_002/20220823_033000.WAV,Telephone Field,recover-20220825,002,1795
666.8835,666.8913,27187,35220,Eptesicus serotinus,0.008,0.021,-1,Echolocation,/mnt/ubna_data_01_mir/recover-20220825/UBNA_002/20220823_033000.WAV,Telephone Field,recover-20220825,002,1795
666.9025,666.911,28046,37290,Eptesicus serotinus,0.01,0.023,-1,Echolocation,/mnt/ubna_data_01_mir/recover-20220825/UBNA_002/20220823_033000.WAV,Telephone Field,recover-20220825,002,1795
666.9105,666.9163,46953,53072,Pipistrellus pipistrellus,0.021,0.022,-1,Echolocation,/mnt/ubna_data_01_mir/recover-20220825/UBNA_002/20220823_033000.WAV,Telephone Field,recover-20220825,002,1795
666.9365,666.975,68437,82039,Rhinolophus ferrumequinum,0.024,0.024,-1,Echolocation,/mnt/ubna_data_01_mir/recover-20220825/UBNA_002/20220823_033000.WAV,Telephone Field,recover-20220825,002,1795
666.9595,666.9957,68437,81370,Rhinolophus ferrumequinum,0.022,0.022,-1,Echolocation,/mnt/ubna_data_01_mir/recover-20220825/UBNA_002/20220823_033000.WAV,Telephone Field,recover-20220825,002,1795
666.9745,666.9829,27187,35220,Eptesicus serotinus,0.012,0.028,-1,Echolocation,/mnt/ubna_data_01_mir/recover-20220825/UBNA_002/20220823_033000.WAV,Telephone Field,recover-20220825,002,1795
666.9805,667.0163,68437,81650,Rhinolophus ferrumequinum,0.021,0.021,-1,Echolocation,/mnt/ubna_data_01_mir/recover-20220825/UBNA_002/20220823_033000.WAV,Telephone Field,recover-20220825,002,1795
666.9915,666.9991,27187,38612,Eptesicus serotinus,0.007,0.022,-1,Echolocation,/mnt/ubna_data_01_mir/recover-20220825/UBNA_002/20220823_033000.WAV,Telephone Field,recover-20220825,002,1795
667.0165,667.057,68437,82749,Rhinolophus ferrumequinum,0.024,0.024,-1,Echolocation,/mnt/ubna_data_01_mir/recover-20220825/UBNA_002/20220823_033000.WAV,Telephone Field,recover-20220825,002,1795
667.0535,667.0916,68437,81876,Rhinolophus ferrumequinum,0.021,0.021,-1,Echolocation,/mnt/ubna_data_01_mir/recover-20220825/UBNA_002/20220823_033000.WAV,Telephone Field,recover-20220825,002,1795
667.0555,667.067,28046,34093,Eptesicus serotinus,0.017,0.031,-1,Echolocation,/mnt/ubna_data_01_mir/recover-20220825/UBNA_002/20220823_033000.WAV,Telephone Field,recover-20220825,002,1795
667.0825,667.0907,27187,39981,Eptesicus serotinus,0.008,0.022,-1,Echolocation,/mnt/ubna_data_01_mir/recover-20220825/UBNA_002/20220823_033000.WAV,Telephone Field,recover-20220825,002,1795
667.1285,667.1692,68437,82592,Rhinolophus ferrumequinum,0.026,0.026,-1,Echolocation,/mnt/ubna_data_01_mir/recover-20220825/UBNA_002/20220823_033000.WAV,Telephone Field,recover-20220825,002,1795
667.1415,667.1468,35781,53420,Myotis brandtii,0.11,0.334,-1,Echolocation,/mnt/ubna_data_01_mir/recover-20220825/UBNA_002/20220823_033000.WAV,Telephone Field,recover-20220825,002,1795
667.1525,667.1604,28046,35172,Eptesicus serotinus,0.006,0.021,-1,Echolocation,/mnt/ubna_data_01_mir/recover-20220825/UBNA_002/20220823_033000.WAV,Telephone Field,recover-20220825,002,1795
667.1675,667.2052,68437,81582,Rhinolophus ferrumequinum,0.021,0.021,-1,Echolocation,/mnt/ubna_data_01_mir/recover-20220825/UBNA_002/20220823_033000.WAV,Telephone Field,recover-20220825,002,1795
667.2445,667.2507,39218,49341,Pipistrellus nathusii,0.142,0.327,-1,Echolocation,/mnt/ubna_data_01_mir/recover-20220825/UBNA_002/20220823_033000.WAV,Telephone Field,recover-20220825,002,1795
667.2665,667.3085,68437,82086,Rhinolophus ferrumequinum,0.024,0.024,-1,Echolocation,/mnt/ubna_data_01_mir/recover-20220825/UBNA_002/20220823_033000.WAV,Telephone Field,recover-20220825,002,1795
667.2785,667.2856,28046,39701,Eptesicus serotinus,0.007,0.021,-1,Echolocation,/mnt/ubna_data_01_mir/recover-20220825/UBNA_002/20220823_033000.WAV,Telephone Field,recover-20220825,002,1795
667.2795,667.3171,68437,82051,Rhinolophus ferrumequinum,0.021,0.021,-1,Echolocation,/mnt/ubna_data_01_mir/recover-20220825/UBNA_002/20220823_033000.WAV,Telephone Field,recover-20220825,002,1795
667.3015,667.3426,68437,82507,Rhinolophus ferrumequinum,0.025,0.025,-1,Echolocation,/mnt/ubna_data_01_mir/recover-20220825/UBNA_002/20220823_033000.WAV,Telephone Field,recover-20220825,002,1795
667.3265,667.3639,68437,82304,Rhinolophus ferrumequinum,0.026,0.026,-1,Echolocation,/mnt/ubna_data_01_mir/recover-20220825/UBNA_002/20220823_033000.WAV,Telephone Field,recover-20220825,002,1795
667.3435,667.3518,27187,34463,Eptesicus serotinus,0.019,0.041,-1,Echolocation,/mnt/ubna_data_01_mir/recover-20220825/UBNA_002/20220823_033000.WAV,Telephone Field,recover-20220825,002,1795
667.3665,667.403,68437,81613,Rhinolophus ferrumequinum,0.021,0.021,-1,Echolocation,/mnt/ubna_data_01_mir/recover-20220825/UBNA_002/20220823_033000.WAV,Telephone Field,recover-20220825,002,1795
667.3815,667.3879,39218,55163,Pipistrellus nathusii,0.254,0.499,-1,Echolocation,/mnt/ubna_data_01_mir/recover-20220825/UBNA_002/20220823_033000.WAV,Telephone Field,recover-20220825,002,1795
667.3815,667.3915,49531,53342,Pipistrellus pipistrellus,0.018,0.031,-1,Echolocation,/mnt/ubna_data_01_mir/recover-20220825/UBNA_002/20220823_033000.WAV,Telephone Field,recover-20220825,002,1795
667.3835,667.4192,68437,81394,Rhinolophus ferrumequinum,0.02,0.02,-1,Echolocation,/mnt/ubna_data_01_mir/recover-20220825/UBNA_002/20220823_033000.WAV,Telephone Field,recover-20220825,002,1795
667.4175,667.4276,24609,30813,Eptesicus serotinus,0.011,0.025,-1,Echolocation,/mnt/ubna_data_01_mir/recover-20220825/UBNA_002/20220823_033000.WAV,Telephone Field,recover-20220825,002,1795
667.4275,667.467,68437,82693,Rhinolophus ferrumequinum,0.02,0.02,-1,Echolocation,/mnt/ubna_data_01_mir/recover-20220825/UBNA_002/20220823_033000.WAV,Telephone Field,recover-20220825,002,1795
667.4305,667.4394,28046,39865,Eptesicus serotinus,0.008,0.021,-1,Echolocation,/mnt/ubna_data_01_mir/recover-20220825/UBNA_002/20220823_033000.WAV,Telephone Field,recover-20220825,002,1795
667.4365,667.4485,22031,26478,Nyctalus leisleri,0.014,0.026,-1,Echolocation,/mnt/ubna_data_01_mir/recover-20220825/UBNA_002/20220823_033000.WAV,Telephone Field,recover-20220825,002,1795
667.4455,667.4538,28046,39460,Eptesicus serotinus,0.008,0.021,-1,Echolocation,/mnt/ubna_data_01_mir/recover-20220825/UBNA_002/20220823_033000.WAV,Telephone Field,recover-20220825,002,1795
667.4645,667.5037,68437,83052,Rhinolophus ferrumequinum,0.027,0.027,-1,Echolocation,/mnt/ubna_data_01_mir/recover-20220825/UBNA_002/20220823_033000.WAV,Telephone Field,recover-20220825,002,1795
667.5095,667.5454,68437,81365,Rhinolophus ferrumequinum,0.021,0.021,-1,Echolocation,/mnt/ubna_data_01_mir/recover-20220825/UBNA_002/20220823_033000.WAV,Telephone Field,recover-20220825,002,1795
667.5215,667.5287,39218,51390,Pipistrellus nathusii,0.312,0.527,-1,Echolocation,/mnt/ubna_data_01_mir/recover-20220825/UBNA_002/20220823_033000.WAV,Telephone Field,recover-20220825,002,1795
667.5295,667.5351,32343,42319,Myotis daubentonii,0.011,0.02,-1,Echolocation,/mnt/ubna_data_01_mir/recover-20220825/UBNA_002/20220823_033000.WAV,Telephone Field,recover-20220825,002,1795
667.5455,667.5541,28046,37054,Eptesicus serotinus,0.014,0.029,-1,Echolocation,/mnt/ubna_data_01_mir/recover-20220825/UBNA_002/20220823_033000.WAV,Telephone Field,recover-20220825,002,1795
667.5735,667.5808,28906,37316,Eptesicus serotinus,0.007,0.022,-1,Echolocation,/mnt/ubna_data_01_mir/recover-20220825/UBNA_002/20220823_033000.WAV,Telephone Field,recover-20220825,002,1795
667.5735,667.5826,22890,29040,Nyctalus leisleri,0.007,0.02,-1,Echolocation,/mnt/ubna_data_01_mir/recover-20220825/UBNA_002/20220823_033000.WAV,Telephone Field,recover-20220825,002,1795
667.6185,667.6268,28046,36437,Eptesicus serotinus,0.007,0.021,-1,Echolocation,/mnt/ubna_data_01_mir/recover-20220825/UBNA_002/20220823_033000.WAV,Telephone Field,recover-20220825,002,1795
667.6315,667.6407,48671,52815,Pipistrellus pipistrellus,0.014,0.023,-1,Echolocation,/mnt/ubna_data_01_mir/recover-20220825/UBNA_002/20220823_033000.WAV,Telephone Field,recover-20220825,002,1795
667.6315,667.6381,39218,53619,Pipistrellus nathusii,0.206,0.503,-1,Echolocation,/mnt/ubna_data_01_mir/recover-20220825/UBNA_002/20220823_033000.WAV,Telephone Field,recover-20220825,002,1795
667.6455,667.684,68437,82275,Rhinolophus ferrumequinum,0.024,0.024,-1,Echolocation,/mnt/ubna_data_01_mir/recover-20220825/UBNA_002/20220823_033000.WAV,Telephone Field,recover-20220825,002,1795
667.6675,667.7079,68437,82645,Rhinolophus ferrumequinum,0.022,0.022,-1,Echolocation,/mnt/ubna_data_01_mir/recover-20220825/UBNA_002/20220823_033000.WAV,Telephone Field,recover-20220825,002,1795
667.6725,667.6834,28046,35225,Eptesicus serotinus,0.011,0.022,-1,Echolocation,/mnt/ubna_data_01_mir/recover-20220825/UBNA_002/20220823_033000.WAV,Telephone Field,recover-20220825,002,1795
667.6875,667.6989,28906,36445,Eptesicus serotinus,0.015,0.03,-1,Echolocation,/mnt/ubna_data_01_mir/recover-20220825/UBNA_002/20220823_033000.WAV,Telephone Field,recover-20220825,002,1795
667.6955,667.707,28046,33905,Eptesicus serotinus,0.012,0.024,-1,Echolocation,/mnt/ubna_data_01_mir/recover-20220825/UBNA_002/20220823_033000.WAV,Telephone Field,recover-20220825,002,1795
667.7095,667.7529,68437,83479,Rhinolophus ferrumequinum,0.03,0.03,-1,Echolocation,/mnt/ubna_data_01_mir/recover-20220825/UBNA_002/20220823_033000.WAV,Telephone Field,recover-20220825,002,1795
667.7275,667.7356,24609,33045,Plecotus austriacus,0.007,0.024,-1,Echolocation,/mnt/ubna_data_01_mir/recover-20220825/UBNA_002/20220823_033000.WAV,Telephone Field,recover-20220825,002,1795
667.7585,667.7643,39218,51742,Pipistrellus nathusii,0.141,0.416,-1,Echolocation,/mnt/ubna_data_01_mir/recover-20220825/UBNA_002/20220823_033000.WAV,Telephone Field,recover-20220825,002,1795
667.7835,667.7911,28046,37907,Eptesicus serotinus,0.008,0.022,-1,Echolocation,/mnt/ubna_data_01_mir/recover-20220825/UBNA_002/20220823_033000.WAV,Telephone Field,recover-20220825,002,1795
667.8025,667.8129,24609,31495,Eptesicus serotinus,0.008,0.022,-1,Echolocation,/mnt/ubna_data_01_mir/recover-20220825/UBNA_002/20220823_033000.WAV,Telephone Field,recover-20220825,002,1795
667.8465,667.8882,68437,82388,Rhinolophus ferrumequinum,0.022,0.022,-1,Echolocation,/mnt/ubna_data_01_mir/recover-20220825/UBNA_002/20220823_033000.WAV,Telephone Field,recover-20220825,002,1795
667.8625,667.8706,49531,53937,Pipistrellus pipistrellus,0.021,0.037,-1,Echolocation,/mnt/ubna_data_01_mir/recover-20220825/UBNA_002/20220823_033000.WAV,Telephone Field,recover-20220825,002,1795
667.8635,667.8697,38359,56003,Pipistrellus nathusii,0.169,0.513,-1,Echolocation,/mnt/ubna_data_01_mir/recover-20220825/UBNA_002/20220823_033000.WAV,Telephone Field,recover-20220825,002,1795
667.8655,667.9036,68437,82199,Rhinolophus ferrumequinum,0.026,0.026,-1,Echolocation,/mnt/ubna_data_01_mir/recover-20220825/UBNA_002/20220823_033000.WAV,Telephone Field,recover-20220825,002,1795
667.9155,667.9536,68437,81991,Rhinolophus ferrumequinum,0.024,0.024,-1,Echolocation,/mnt/ubna_data_01_mir/recover-20220825/UBNA_002/20220823_033000.WAV,Telephone Field,recover-20220825,002,1795
667.9435,667.9574,21171,24646,Nyctalus leisleri,0.015,0.026,-1,Echolocation,/mnt/ubna_data_01_mir/recover-20220825/UBNA_002/20220823_033000.WAV,Telephone Field,recover-20220825,002,1795
667.9585,667.9637,38359,58003,Pipistrellus nathusii,0.218,0.465,-1,Echolocation,/mnt/ubna_data_01_mir/recover-20220825/UBNA_002/20220823_033000.WAV,Telephone Field,recover-20220825,002,1795
667.9595,667.9655,47812,52822,Pipistrellus pipistrellus,0.019,0.032,-1,Echolocation,/mnt/ubna_data_01_mir/recover-20220825/UBNA_002/20220823_033000.WAV,Telephone Field,recover-20220825,002,1795
668.0015,668.0317,69296,81711,Rhinolophus ferrumequinum,0.025,0.025,-1,Echolocation,/mnt/ubna_data_01_mir/recover-20220825/UBNA_002/20220823_033000.WAV,Telephone Field,recover-20220825,002,1795
668.0015,668.0077,46953,57346,Pipistrellus pipistrellus,0.025,0.035,-1,Echolocation,/mnt/ubna_data_01_mir/recover-20220825/UBNA_002/20220823_033000.WAV,Telephone Field,recover-20220825,002,1795
668.0175,668.0239,33203,63635,Myotis brandtii,0.011,0.027,-1,Echolocation,/mnt/ubna_data_01_mir/recover-20220825/UBNA_002/20220823_033000.WAV,Telephone Field,recover-20220825,002,1795
668.0685,668.0734,29765,75643,Myotis bechsteinii,0.061,0.112,-1,Echolocation,/mnt/ubna_data_01_mir/recover-20220825/UBNA_002/20220823_033000.WAV,Telephone Field,recover-20220825,002,1795
668.0685,668.0751,39218,57483,Pipistrellus nathusii,0.428,0.503,-1,Echolocation,/mnt/ubna_data_01_mir/recover-20220825/UBNA_002/20220823_033000.WAV,Telephone Field,recover-20220825,002,1795
668.0695,668.0748,47812,52232,Pipistrellus pipistrellus,0.018,0.032,-1,Echolocation,/mnt/ubna_data_01_mir/recover-20220825/UBNA_002/20220823_033000.WAV,Telephone Field,recover-20220825,002,1795
668.0775,668.1072,68437,80540,Rhinolophus ferrumequinum,0.023,0.023,-1,Echolocation,/mnt/ubna_data_01_mir/recover-20220825/UBNA_002/20220823_033000.WAV,Telephone Field,recover-20220825,002,1795
668.0775,668.0865,25468,32735,Nyctalus leisleri,0.009,0.029,-1,Echolocation,/mnt/ubna_data_01_mir/recover-20220825/UBNA_002/20220823_033000.WAV,Telephone Field,recover-20220825,002,1795
668.0865,668.0983,24609,30130,Nyctalus leisleri,0.012,0.031,-1,Echolocation,/mnt/ubna_data_01_mir/recover-20220825/UBNA_002/20220823_033000.WAV,Telephone Field,recover-20220825,002,1795
668.1705,668.1767,38359,55733,Pipistrellus nathusii,0.32,0.47,-1,Echolocation,/mnt/ubna_data_01_mir/recover-20220825/UBNA_002/20220823_033000.WAV,Telephone Field,recover-20220825,002,1795
668.1705,668.176,29765,74230,Myotis bechsteinii,0.072,0.127,-1,Echolocation,/mnt/ubna_data_01_mir/recover-20220825/UBNA_002/20220823_033000.WAV,Telephone Field,recover-20220825,002,1795
668.1795,668.1881,27187,35046,Eptesicus serotinus,0.007,0.025,-1,Echolocation,/mnt/ubna_data_01_mir/recover-20220825/UBNA_002/20220823_033000.WAV,Telephone Field,recover-20220825,002,1795
668.2065,668.2401,68437,81612,Rhinolophus ferrumequinum,0.023,0.023,-1,Echolocation,/mnt/ubna_data_01_mir/recover-20220825/UBNA_002/20220823_033000.WAV,Telephone Field,recover-20220825,002,1795
668.2305,668.2401,28046,35951,Eptesicus serotinus,0.009,0.024,-1,Echolocation,/mnt/ubna_data_01_mir/recover-20220825/UBNA_002/20220823_033000.WAV,Telephone Field,recover-20220825,002,1795
668.2815,668.2886,39218,52029,Myotis brandtii,0.009,0.03,-1,Echolocation,/mnt/ubna_data_01_mir/recover-20220825/UBNA_002/20220823_033000.WAV,Telephone Field,recover-20220825,002,1795
668.2845,668.291,28046,38482,Eptesicus serotinus,0.005,0.022,-1,Echolocation,/mnt/ubna_data_01_mir/recover-20220825/UBNA_002/20220823_033000.WAV,Telephone Field,recover-20220825,002,1795
668.2985,668.3037,29765,76911,Myotis bechsteinii,0.051,0.107,-1,Echolocation,/mnt/ubna_data_01_mir/recover-20220825/UBNA_002/20220823_033000.WAV,Telephone Field,recover-20220825,002,1795
668.2995,668.3064,40078,55375,Pipistrellus nathusii,0.485,0.493,-1,Echolocation,/mnt/ubna_data_01_mir/recover-20220825/UBNA_002/20220823_033000.WAV,Telephone Field,recover-20220825,002,1795
668.3075,668.3146,28046,36622,Eptesicus serotinus,0.005,0.023,-1,Echolocation,/mnt/ubna_data_01_mir/recover-20220825/UBNA_002/20220823_033000.WAV,Telephone Field,recover-20220825,002,1795
668.3335,668.3724,68437,82667,Rhinolophus ferrumequinum,0.023,0.023,-1,Echolocation,/mnt/ubna_data_01_mir/recover-20220825/UBNA_002/20220823_033000.WAV,Telephone Field,recover-20220825,002,1795
668.3635,668.3731,27187,36238,Eptesicus serotinus,0.009,0.023,-1,Echolocation,/mnt/ubna_data_01_mir/recover-20220825/UBNA_002/20220823_033000.WAV,Telephone Field,recover-20220825,002,1795
668.4115,668.4187,35781,48888,Myotis brandtii,0.008,0.023,-1,Echolocation,/mnt/ubna_data_01_mir/recover-20220825/UBNA_002/20220823_033000.WAV,Telephone Field,recover-20220825,002,1795
668.4145,668.423,28046,35194,Eptesicus serotinus,0.007,0.026,-1,Echolocation,/mnt/ubna_data_01_mir/recover-20220825/UBNA_002/20220823_033000.WAV,Telephone Field,recover-20220825,002,1795
668.4245,668.4339,53828,59066,Pipistrellus pygmaeus,0.03,0.033,-1,Echolocation,/mnt/ubna_data_01_mir/recover-20220825/UBNA_002/20220823_033000.WAV,Telephone Field,recover-20220825,002,1795
668.4255,668.4309,28906,74845,Myotis bechsteinii,0.065,0.123,-1,Echolocation,/mnt/ubna_data_01_mir/recover-20220825/UBNA_002/20220823_033000.WAV,Telephone Field,recover-20220825,002,1795
668.4265,668.4331,38359,59666,Pipistrellus nathusii,0.397,0.444,-1,Echolocation,/mnt/ubna_data_01_mir/recover-20220825/UBNA_002/20220823_033000.WAV,Telephone Field,recover-20220825,002,1795
668.4275,668.4329,49531,54798,Pipistrellus pipistrellus,0.015,0.027,-1,Echolocation,/mnt/ubna_data_01_mir/recover-20220825/UBNA_002/20220823_033000.WAV,Telephone Field,recover-20220825,002,1795
668.4835,668.5225,68437,82064,Rhinolophus ferrumequinum,0.029,0.029,-1,Echolocation,/mnt/ubna_data_01_mir/recover-20220825/UBNA_002/20220823_033000.WAV,Telephone Field,recover-20220825,002,1795
668.4835,668.495,23750,29398,Nyctalus leisleri,0.014,0.032,-1,Echolocation,/mnt/ubna_data_01_mir/recover-20220825/UBNA_002/20220823_033000.WAV,Telephone Field,recover-20220825,002,1795
668.5355,668.5429,39218,60110,Pipistrellus nathusii,0.613,0.647,-1,Echolocation,/mnt/ubna_data_01_mir/recover-20220825/UBNA_002/20220823_033000.WAV,Telephone Field,recover-20220825,002,1795
668.5445,668.5499,34062,48828,Myotis brandtii,0.011,0.024,-1,Echolocation,/mnt/ubna_data_01_mir/recover-20220825/UBNA_002/20220823_033000.WAV,Telephone Field,recover-20220825,002,1795
668.5965,668.6042,47812,55107,Pipistrellus pipistrellus,0.026,0.029,-1,Echolocation,/mnt/ubna_data_01_mir/recover-20220825/UBNA_002/20220823_033000.WAV,Telephone Field,recover-20220825,002,1795
668.5975,668.6356,68437,82518,Rhinolophus ferrumequinum,0.023,0.023,-1,Echolocation,/mnt/ubna_data_01_mir/recover-20220825/UBNA_002/20220823_033000.WAV,Telephone Field,recover-20220825,002,1795
668.6125,668.6263,40937,45408,Pipistrellus nathusii,0.031,0.039,-1,Echolocation,/mnt/ubna_data_01_mir/recover-20220825/UBNA_002/20220823_033000.WAV,Telephone Field,recover-20220825,002,1795
668.6315,668.6406,45234,48872,Pipistrellus pipistrellus,0.016,0.025,-1,Echolocation,/mnt/ubna_data_01_mir/recover-20220825/UBNA_002/20220823_033000.WAV,Telephone Field,recover-20220825,002,1795
668.6355,668.6432,28046,42318,Eptesicus serotinus,0.008,0.022,-1,Echolocation,/mnt/ubna_data_01_mir/recover-20220825/UBNA_002/20220823_033000.WAV,Telephone Field,recover-20220825,002,1795
668.6705,668.6777,27187,42241,Eptesicus serotinus,0.007,0.025,-1,Echolocation,/mnt/ubna_data_01_mir/recover-20220825/UBNA_002/20220823_033000.WAV,Telephone Field,recover-20220825,002,1795
668.6845,668.6909,48671,54086,Pipistrellus pipistrellus,0.015,0.025,-1,Echolocation,/mnt/ubna_data_01_mir/recover-20220825/UBNA_002/20220823_033000.WAV,Telephone Field,recover-20220825,002,1795
668.6855,668.6925,39218,59244,Pipistrellus nathusii,0.64,0.671,-1,Echolocation,/mnt/ubna_data_01_mir/recover-20220825/UBNA_002/20220823_033000.WAV,Telephone Field,recover-20220825,002,1795
668.7585,668.7646,37500,58270,Myotis brandtii,0.013,0.026,-1,Echolocation,/mnt/ubna_data_01_mir/recover-20220825/UBNA_002/20220823_033000.WAV,Telephone Field,recover-20220825,002,1795
668.7795,668.7872,28046,37099,Eptesicus serotinus,0.008,0.024,-1,Echolocation,/mnt/ubna_data_01_mir/recover-20220825/UBNA_002/20220823_033000.WAV,Telephone Field,recover-20220825,002,1795
668.7925,668.7989,31484,63421,Myotis brandtii,0.011,0.024,-1,Echolocation,/mnt/ubna_data_01_mir/recover-20220825/UBNA_002/20220823_033000.WAV,Telephone Field,recover-20220825,002,1795
668.7945,668.8021,40078,58493,Pipistrellus nathusii,0.713,0.746,-1,Echolocation,/mnt/ubna_data_01_mir/recover-20220825/UBNA_002/20220823_033000.WAV,Telephone Field,recover-20220825,002,1795
668.7965,668.8066,22031,27987,Nyctalus leisleri,0.008,0.025,-1,Echolocation,/mnt/ubna_data_01_mir/recover-20220825/UBNA_002/20220823_033000.WAV,Telephone Field,recover-20220825,002,1795
668.8045,668.8366,68437,80944,Rhinolophus ferrumequinum,0.022,0.023,-1,Echolocation,/mnt/ubna_data_01_mir/recover-20220825/UBNA_002/20220823_033000.WAV,Telephone Field,recover-20220825,002,1795
668.8245,668.8316,49531,56118,Pipistrellus pipistrellus,0.019,0.023,-1,Echolocation,/mnt/ubna_data_01_mir/recover-20220825/UBNA_002/20220823_033000.WAV,Telephone Field,recover-20220825,002,1795
668.8985,668.9047,40078,59661,Pipistrellus nathusii,0.682,0.707,-1,Echolocation,/mnt/ubna_data_01_mir/recover-20220825/UBNA_002/20220823_033000.WAV,Telephone Field,recover-20220825,002,1795
668.8995,668.9056,48671,54275,Pipistrellus pipistrellus,0.012,0.022,-1,Echolocation,/mnt/ubna_data_01_mir/recover-20220825/UBNA_002/20220823_033000.WAV,Telephone Field,recover-20220825,002,1795
668.9055,668.918,20312,25548,Nyctalus leisleri,0.011,0.033,-1,Echolocation,/mnt/ubna_data_01_mir/recover-20220825/UBNA_002/20220823_033000.WAV,Telephone Field,recover-20220825,002,1795
668.9345,668.9436,56406,63596,Pipistrellus pygmaeus,0.026,0.028,-1,Echolocation,/mnt/ubna_data_01_mir/recover-20220825/UBNA_002/20220823_033000.WAV,Telephone Field,recover-20220825,002,1795
668.9905,668.9995,37500,42879,Pipistrellus nathusii,0.01,0.026,-1,Echolocation,/mnt/ubna_data_01_mir/recover-20220825/UBNA_002/20220823_033000.WAV,Telephone Field,recover-20220825,002,1795
668.9935,669.0024,28046,39744,Eptesicus serotinus,0.009,0.024,-1,Echolocation,/mnt/ubna_data_01_mir/recover-20220825/UBNA_002/20220823_033000.WAV,Telephone Field,recover-20220825,002,1795
669.0235,669.0302,38359,57265,Pipistrellus nathusii,0.577,0.615,-1,Echolocation,/mnt/ubna_data_01_mir/recover-20220825/UBNA_002/20220823_033000.WAV,Telephone Field,recover-20220825,002,1795
669.0235,669.0288,28906,66249,Myotis bechsteinii,0.024,0.065,-1,Echolocation,/mnt/ubna_data_01_mir/recover-20220825/UBNA_002/20220823_033000.WAV,Telephone Field,recover-20220825,002,1795
669.0495,669.0896,68437,82879,Rhinolophus ferrumequinum,0.025,0.025,-1,Echolocation,/mnt/ubna_data_01_mir/recover-20220825/UBNA_002/20220823_033000.WAV,Telephone Field,recover-20220825,002,1795
669.0505,669.0591,27187,36889,Eptesicus serotinus,0.008,0.023,-1,Echolocation,/mnt/ubna_data_01_mir/recover-20220825/UBNA_002/20220823_033000.WAV,Telephone Field,recover-20220825,002,1795
669.0745,669.1132,68437,82827,Rhinolophus ferrumequinum,0.026,0.026,-1,Echolocation,/mnt/ubna_data_01_mir/recover-20220825/UBNA_002/20220823_033000.WAV,Telephone Field,recover-20220825,002,1795
669.1015,669.1095,41796,50004,Pipistrellus nathusii,0.016,0.04,-1,Echolocation,/mnt/ubna_data_01_mir/recover-20220825/UBNA_002/20220823_033000.WAV,Telephone Field,recover-20220825,002,1795
669.1025,669.1084,32343,62719,Myotis brandtii,0.013,0.03,-1,Echolocation,/mnt/ubna_data_01_mir/recover-20220825/UBNA_002/20220823_033000.WAV,Telephone Field,recover-20220825,002,1795
669.1265,669.1367,15156,22511,Nyctalus noctula,0.019,0.039,-1,Echolocation,/mnt/ubna_data_01_mir/recover-20220825/UBNA_002/20220823_033000.WAV,Telephone Field,recover-20220825,002,1795
669.1275,669.1351,38359,62588,Pipistrellus nathusii,0.692,0.731,-1,Echolocation,/mnt/ubna_data_01_mir/recover-20220825/UBNA_002/20220823_033000.WAV,Telephone Field,recover-20220825,002,1795
669.1365,669.1418,31484,44726,Myotis daubentonii,0.01,0.027,-1,Echolocation,/mnt/ubna_data_01_mir/recover-20220825/UBNA_002/20220823_033000.WAV,Telephone Field,recover-20220825,002,1795
669.1365,669.1427,38359,51639,Myotis brandtii,0.014,0.029,-1,Echolocation,/mnt/ubna_data_01_mir/recover-20220825/UBNA_002/20220823_033000.WAV,Telephone Field,recover-20220825,002,1795
669.1635,669.1734,28906,37125,Eptesicus serotinus,0.009,0.022,-1,Echolocation,/mnt/ubna_data_01_mir/recover-20220825/UBNA_002/20220823_033000.WAV,Telephone Field,recover-20220825,002,1795
669.2255,669.2481,17734,21161,Nyctalus noctula,0.018,0.028,-1,Echolocation,/mnt/ubna_data_01_mir/recover-20220825/UBNA_002/20220823_033000.WAV,Telephone Field,recover-20220825,002,1795
669.2345,669.2479,41796,47161,Pipistrellus nathusii,0.021,0.032,-1,Echolocation,/mnt/ubna_data_01_mir/recover-20220825/UBNA_002/20220823_033000.WAV,Telephone Field,recover-20220825,002,1795
669.2525,669.2891,68437,81795,Rhinolophus ferrumequinum,0.023,0.023,-1,Echolocation,/mnt/ubna_data_01_mir/recover-20220825/UBNA_002/20220823_033000.WAV,Telephone Field,recover-20220825,002,1795
669.2645,669.2705,37500,48011,Myotis daubentonii,0.009,0.025,-1,Echolocation,/mnt/ubna_data_01_mir/recover-20220825/UBNA_002/20220823_033000.WAV,Telephone Field,recover-20220825,002,1795
669.2795,669.2872,48671,53695,Pipistrellus pipistrellus,0.013,0.025,-1,Echolocation,/mnt/ubna_data_01_mir/recover-20220825/UBNA_002/20220823_033000.WAV,Telephone Field,recover-20220825,002,1795
669.2815,669.2878,39218,58424,Pipistrellus nathusii,0.65,0.685,-1,Echolocation,/mnt/ubna_data_01_mir/recover-20220825/UBNA_002/20220823_033000.WAV,Telephone Field,recover-20220825,002,1795
669.2835,669.3003,16875,24208,Nyctalus noctula,0.02,0.029,-1,Echolocation,/mnt/ubna_data_01_mir/recover-20220825/UBNA_002/20220823_033000.WAV,Telephone Field,recover-20220825,002,1795
669.2895,669.2948,34062,48249,Myotis brandtii,0.011,0.024,-1,Echolocation,/mnt/ubna_data_01_mir/recover-20220825/UBNA_002/20220823_033000.WAV,Telephone Field,recover-20220825,002,1795
669.3525,669.3611,28046,37412,Eptesicus serotinus,0.01,0.027,-1,Echolocation,/mnt/ubna_data_01_mir/recover-20220825/UBNA_002/20220823_033000.WAV,Telephone Field,recover-20220825,002,1795
669.3865,669.3926,38359,57729,Pipistrellus nathusii,0.552,0.618,-1,Echolocation,/mnt/ubna_data_01_mir/recover-20220825/UBNA_002/20220823_033000.WAV,Telephone Field,recover-20220825,002,1795
669.3865,669.3944,49531,55616,Pipistrellus pipistrellus,0.019,0.03,-1,Echolocation,/mnt/ubna_data_01_mir/recover-20220825/UBNA_002/20220823_033000.WAV,Telephone Field,recover-20220825,002,1795
669.3945,669.4001,32343,45061,Myotis daubentonii,0.009,0.025,-1,Echolocation,/mnt/ubna_data_01_mir/recover-20220825/UBNA_002/20220823_033000.WAV,Telephone Field,recover-20220825,002,1795
669.3995,669.436,68437,82230,Rhinolophus ferrumequinum,0.024,0.024,-1,Echolocation,/mnt/ubna_data_01_mir/recover-20220825/UBNA_002/20220823_033000.WAV,Telephone Field,recover-20220825,002,1795
669.4315,669.4683,68437,82149,Rhinolophus ferrumequinum,0.023,0.023,-1,Echolocation,/mnt/ubna_data_01_mir/recover-20220825/UBNA_002/20220823_033000.WAV,Telephone Field,recover-20220825,002,1795
669.4905,669.4971,38359,62475,Pipistrellus nathusii,0.682,0.713,-1,Echolocation,/mnt/ubna_data_01_mir/recover-20220825/UBNA_002/20220823_033000.WAV,Telephone Field,recover-20220825,002,1795
669.4915,669.4989,49531,55643,Pipistrellus pipistrellus,0.016,0.028,-1,Echolocation,/mnt/ubna_data_01_mir/recover-20220825/UBNA_002/20220823_033000.WAV,Telephone Field,recover-20220825,002,1795
669.4985,669.5049,26328,39800,Eptesicus serotinus,0.005,0.024,-1,Echolocation,/mnt/ubna_data_01_mir/recover-20220825/UBNA_002/20220823_033000.WAV,Telephone Field,recover-20220825,002,1795
669.5965,669.6034,38359,62793,Pipistrellus nathusii,0.644,0.683,-1,Echolocation,/mnt/ubna_data_01_mir/recover-20220825/UBNA_002/20220823_033000.WAV,Telephone Field,recover-20220825,002,1795
669.5975,669.605,49531,54589,Pipistrellus pipistrellus,0.015,0.026,-1,Echolocation,/mnt/ubna_data_01_mir/recover-20220825/UBNA_002/20220823_033000.WAV,Telephone Field,recover-20220825,002,1795
669.6045,669.6105,27187,38047,Eptesicus serotinus,0.006,0.027,-1,Echolocation,/mnt/ubna_data_01_mir/recover-20220825/UBNA_002/20220823_033000.WAV,Telephone Field,recover-20220825,002,1795
669.6065,669.6128,34921,50249,Myotis brandtii,0.011,0.023,-1,Echolocation,/mnt/ubna_data_01_mir/recover-20220825/UBNA_002/20220823_033000.WAV,Telephone Field,recover-20220825,002,1795
669.6095,669.6391,68437,80433,Rhinolophus ferrumequinum,0.023,0.024,-1,Echolocation,/mnt/ubna_data_01_mir/recover-20220825/UBNA_002/20220823_033000.WAV,Telephone Field,recover-20220825,002,1795
669.6275,669.6362,28906,37237,Eptesicus serotinus,0.008,0.024,-1,Echolocation,/mnt/ubna_data_01_mir/recover-20220825/UBNA_002/20220823_033000.WAV,Telephone Field,recover-20220825,002,1795
669.7045,669.7143,48671,54676,Pipistrellus pipistrellus,0.015,0.026,-1,Echolocation,/mnt/ubna_data_01_mir/recover-20220825/UBNA_002/20220823_033000.WAV,Telephone Field,recover-20220825,002,1795
669.7095,669.7157,29765,70490,Myotis bechsteinii,0.024,0.059,-1,Echolocation,/mnt/ubna_data_01_mir/recover-20220825/UBNA_002/20220823_033000.WAV,Telephone Field,recover-20220825,002,1795
669.7105,669.7174,38359,66736,Pipistrellus nathusii,0.616,0.645,-1,Echolocation,/mnt/ubna_data_01_mir/recover-20220825/UBNA_002/20220823_033000.WAV,Telephone Field,recover-20220825,002,1795
669.7115,669.718,50390,56658,Pipistrellus pipistrellus,0.015,0.029,-1,Echolocation,/mnt/ubna_data_01_mir/recover-20220825/UBNA_002/20220823_033000.WAV,Telephone Field,recover-20220825,002,1795
669.7185,669.7249,37500,48951,Myotis brandtii,0.015,0.036,-1,Echolocation,/mnt/ubna_data_01_mir/recover-20220825/UBNA_002/20220823_033000.WAV,Telephone Field,recover-20220825,002,1795
669.7245,669.7561,68437,80713,Rhinolophus ferrumequinum,0.022,0.022,-1,Echolocation,/mnt/ubna_data_01_mir/recover-20220825/UBNA_002/20220823_033000.WAV,Telephone Field,recover-20220825,002,1795
669.7575,669.7714,23750,28382,Nyctalus leisleri,0.013,0.025,-1,Echolocation,/mnt/ubna_data_01_mir/recover-20220825/UBNA_002/20220823_033000.WAV,Telephone Field,recover-20220825,002,1795
669.8115,669.8193,52109,56251,Pipistrellus pygmaeus,0.03,0.039,-1,Echolocation,/mnt/ubna_data_01_mir/recover-20220825/UBNA_002/20220823_033000.WAV,Telephone Field,recover-20220825,002,1795
669.8115,669.8191,37500,62698,Pipistrellus nathusii,0.574,0.65,-1,Echolocation,/mnt/ubna_data_01_mir/recover-20220825/UBNA_002/20220823_033000.WAV,Telephone Field,recover-20220825,002,1795
669.8225,669.8336,24609,29533,Nyctalus leisleri,0.015,0.028,-1,Echolocation,/mnt/ubna_data_01_mir/recover-20220825/UBNA_002/20220823_033000.WAV,Telephone Field,recover-20220825,002,1795
669.8255,669.857,68437,81289,Rhinolophus ferrumequinum,0.027,0.027,-1,Echolocation,/mnt/ubna_data_01_mir/recover-20220825/UBNA_002/20220823_033000.WAV,Telephone Field,recover-20220825,002,1795
669.8355,669.8457,28906,36153,Eptesicus serotinus,0.01,0.025,-1,Echolocation,/mnt/ubna_data_01_mir/recover-20220825/UBNA_002/20220823_033000.WAV,Telephone Field,recover-20220825,002,1795
669.8425,669.8511,57265,64541,Pipistrellus pygmaeus,0.027,0.027,-1,Echolocation,/mnt/ubna_data_01_mir/recover-20220825/UBNA_002/20220823_033000.WAV,Telephone Field,recover-20220825,002,1795
669.8625,669.8982,68437,82379,Rhinolophus ferrumequinum,0.024,0.024,-1,Echolocation,/mnt/ubna_data_01_mir/recover-20220825/UBNA_002/20220823_033000.WAV,Telephone Field,recover-20220825,002,1795
669.9135,669.9219,49531,53861,Pipistrellus pipistrellus,0.024,0.052,-1,Echolocation,/mnt/ubna_data_01_mir/recover-20220825/UBNA_002/20220823_033000.WAV,Telephone Field,recover-20220825,002,1795
669.9155,669.9221,30625,70760,Myotis bechsteinii,0.027,0.056,-1,Echolocation,/mnt/ubna_data_01_mir/recover-20220825/UBNA_002/20220823_033000.WAV,Telephone Field,recover-20220825,002,1795
669.9175,669.9251,37500,66406,Pipistrellus nathusii,0.641,0.668,-1,Echolocation,/mnt/ubna_data_01_mir/recover-20220825/UBNA_002/20220823_033000.WAV,Telephone Field,recover-20220825,002,1795
669.9275,669.9407,20312,24153,Nyctalus leisleri,0.012,0.026,-1,Echolocation,/mnt/ubna_data_01_mir/recover-20220825/UBNA_002/20220823_033000.WAV,Telephone Field,recover-20220825,002,1795
670.0015,670.0104,24609,32399,Nyctalus leisleri,0.008,0.026,-1,Echolocation,/mnt/ubna_data_01_mir/recover-20220825/UBNA_002/20220823_033000.WAV,Telephone Field,recover-20220825,002,1795
670.0015,670.0147,47812,53193,Pipistrellus pipistrellus,0.021,0.03,-1,Echolocation,/mnt/ubna_data_01_mir/recover-20220825/UBNA_002/20220823_033000.WAV,Telephone Field,recover-20220825,002,1795
670.0015,670.0312,68437,80285,Rhinolophus ferrumequinum,0.027,0.027,-1,Echolocation,/mnt/ubna_data_01_mir/recover-20220825/UBNA_002/20220823_033000.WAV,Telephone Field,recover-20220825,002,1795
670.0145,670.0206,47812,62606,Myotis mystacinus,0.009,0.026,-1,Echolocation,/mnt/ubna_data_01_mir/recover-20220825/UBNA_002/20220823_033000.WAV,Telephone Field,recover-20220825,002,1795
670.0225,670.0293,37500,68542,Pipistrellus nathusii,0.367,0.56,-1,Echolocation,/mnt/ubna_data_01_mir/recover-20220825/UBNA_002/20220823_033000.WAV,Telephone Field,recover-20220825,002,1795
670.0235,670.0293,27187,77518,Myotis bechsteinii,0.057,0.084,-1,Echolocation,/mnt/ubna_data_01_mir/recover-20220825/UBNA_002/20220823_033000.WAV,Telephone Field,recover-20220825,002,1795
670.0235,670.0315,48671,61593,Pipistrellus pipistrellus,0.014,0.033,-1,Echolocation,/mnt/ubna_data_01_mir/recover-20220825/UBNA_002/20220823_033000.WAV,Telephone Field,recover-20220825,002,1795
670.0315,670.0369,25468,45656,Plecotus auritus,0.007,0.024,-1,Echolocation,/mnt/ubna_data_01_mir/recover-20220825/UBNA_002/20220823_033000.WAV,Telephone Field,recover-20220825,002,1795
670.0375,670.0669,68437,80834,Rhinolophus ferrumequinum,0.026,0.026,-1,Echolocation,/mnt/ubna_data_01_mir/recover-20220825/UBNA_002/20220823_033000.WAV,Telephone Field,recover-20220825,002,1795
670.0615,670.0778,16875,21333,Nyctalus noctula,0.014,0.022,-1,Echolocation,/mnt/ubna_data_01_mir/recover-20220825/UBNA_002/20220823_033000.WAV,Telephone Field,recover-20220825,002,1795
670.1015,670.1132,54687,62238,Pipistrellus pygmaeus,0.024,0.026,-1,Echolocation,/mnt/ubna_data_01_mir/recover-20220825/UBNA_002/20220823_033000.WAV,Telephone Field,recover-20220825,002,1795
670.1135,670.1218,28046,36049,Eptesicus serotinus,0.009,0.023,-1,Echolocation,/mnt/ubna_data_01_mir/recover-20220825/UBNA_002/20220823_033000.WAV,Telephone Field,recover-20220825,002,1795
670.1275,670.135,37500,72315,Pipistrellus nathusii,0.318,0.49,-1,Echolocation,/mnt/ubna_data_01_mir/recover-20220825/UBNA_002/20220823_033000.WAV,Telephone Field,recover-20220825,002,1795
670.1285,670.1346,28046,83657,Myotis bechsteinii,0.058,0.097,-1,Echolocation,/mnt/ubna_data_01_mir/recover-20220825/UBNA_002/20220823_033000.WAV,Telephone Field,recover-20220825,002,1795
670.1385,670.1436,34062,54170,Myotis brandtii,0.015,0.028,-1,Echolocation,/mnt/ubna_data_01_mir/recover-20220825/UBNA_002/20220823_033000.WAV,Telephone Field,recover-20220825,002,1795
670.1395,670.165,68437,80493,Rhinolophus ferrumequinum,0.022,0.023,-1,Echolocation,/mnt/ubna_data_01_mir/recover-20220825/UBNA_002/20220823_033000.WAV,Telephone Field,recover-20220825,002,1795
670.2115,670.2532,68437,83053,Rhinolophus ferrumequinum,0.023,0.023,-1,Echolocation,/mnt/ubna_data_01_mir/recover-20220825/UBNA_002/20220823_033000.WAV,Telephone Field,recover-20220825,002,1795
670.2205,670.2313,27187,33373,Eptesicus serotinus,0.028,0.048,-1,Echolocation,/mnt/ubna_data_01_mir/recover-20220825/UBNA_002/20220823_033000.WAV,Telephone Field,recover-20220825,002,1795
670.2715,670.2763,47812,63085,Myotis brandtii,0.011,0.027,-1,Echolocation,/mnt/ubna_data_01_mir/recover-20220825/UBNA_002/20220823_033000.WAV,Telephone Field,recover-20220825,002,1795
670.2745,670.2809,28046,78771,Myotis bechsteinii,0.071,0.102,-1,Echolocation,/mnt/ubna_data_01_mir/recover-20220825/UBNA_002/20220823_033000.WAV,Telephone Field,recover-20220825,002,1795
670.2745,670.2819,36640,73639,Pipistrellus nathusii,0.372,0.524,-1,Echolocation,/mnt/ubna_data_01_mir/recover-20220825/UBNA_002/20220823_033000.WAV,Telephone Field,recover-20220825,002,1795
670.2855,670.2913,33203,59915,Myotis brandtii,0.015,0.028,-1,Echolocation,/mnt/ubna_data_01_mir/recover-20220825/UBNA_002/20220823_033000.WAV,Telephone Field,recover-20220825,002,1795
670.3505,670.3588,27187,40909,Eptesicus serotinus,0.009,0.021,-1,Echolocation,/mnt/ubna_data_01_mir/recover-20220825/UBNA_002/20220823_033000.WAV,Telephone Field,recover-20220825,002,1795
670.3765,670.383,26328,90255,Myotis bechsteinii,0.109,0.136,-1,Echolocation,/mnt/ubna_data_01_mir/recover-20220825/UBNA_002/20220823_033000.WAV,Telephone Field,recover-20220825,002,1795
670.3765,670.3841,36640,74869,Pipistrellus nathusii,0.209,0.345,-1,Echolocation,/mnt/ubna_data_01_mir/recover-20220825/UBNA_002/20220823_033000.WAV,Telephone Field,recover-20220825,002,1795
670.3865,670.3918,34062,53019,Myotis brandtii,0.014,0.027,-1,Echolocation,/mnt/ubna_data_01_mir/recover-20220825/UBNA_002/20220823_033000.WAV,Telephone Field,recover-20220825,002,1795
670.3875,670.417,68437,80925,Rhinolophus ferrumequinum,0.025,0.025,-1,Echolocation,/mnt/ubna_data_01_mir/recover-20220825/UBNA_002/20220823_033000.WAV,Telephone Field,recover-20220825,002,1795
670.4125,670.4214,28046,38728,Eptesicus serotinus,0.011,0.025,-1,Echolocation,/mnt/ubna_data_01_mir/recover-20220825/UBNA_002/20220823_033000.WAV,Telephone Field,recover-20220825,002,1795
670.4365,670.4446,26328,37413,Eptesicus serotinus,0.011,0.025,-1,Echolocation,/mnt/ubna_data_01_mir/recover-20220825/UBNA_002/20220823_033000.WAV,Telephone Field,recover-20220825,002,1795
670.4715,670.4811,28046,35426,Eptesicus serotinus,0.01,0.023,-1,Echolocation,/mnt/ubna_data_01_mir/recover-20220825/UBNA_002/20220823_033000.WAV,Telephone Field,recover-20220825,002,1795
670.5235,670.5303,26328,88563,Myotis bechsteinii,0.136,0.197,-1,Echolocation,/mnt/ubna_data_01_mir/recover-20220825/UBNA_002/20220823_033000.WAV,Telephone Field,recover-20220825,002,1795
670.5235,670.5312,37500,73345,Pipistrellus nathusii,0.234,0.35,-1,Echolocation,/mnt/ubna_data_01_mir/recover-20220825/UBNA_002/20220823_033000.WAV,Telephone Field,recover-20220825,002,1795
670.5235,670.5325,51250,64569,Pipistrellus pipistrellus,0.017,0.03,-1,Echolocation,/mnt/ubna_data_01_mir/recover-20220825/UBNA_002/20220823_033000.WAV,Telephone Field,recover-20220825,002,1795
670.5325,670.5385,38359,54740,Myotis brandtii,0.017,0.032,-1,Echolocation,/mnt/ubna_data_01_mir/recover-20220825/UBNA_002/20220823_033000.WAV,Telephone Field,recover-20220825,002,1795
670.5365,670.5664,68437,80553,Rhinolophus ferrumequinum,0.024,0.024,-1,Echolocation,/mnt/ubna_data_01_mir/recover-20220825/UBNA_002/20220823_033000.WAV,Telephone Field,recover-20220825,002,1795
670.5665,670.6051,68437,82442,Rhinolophus ferrumequinum,0.023,0.023,-1,Echolocation,/mnt/ubna_data_01_mir/recover-20220825/UBNA_002/20220823_033000.WAV,Telephone Field,recover-20220825,002,1795
670.6265,670.6329,45234,63096,Pipistrellus pipistrellus,0.015,0.05,-1,Echolocation,/mnt/ubna_data_01_mir/recover-20220825/UBNA_002/20220823_033000.WAV,Telephone Field,recover-20220825,002,1795
670.6275,670.6357,34921,71360,Pipistrellus nathusii,0.307,0.409,-1,Echolocation,/mnt/ubna_data_01_mir/recover-20220825/UBNA_002/20220823_033000.WAV,Telephone Field,recover-20220825,002,1795
670.6365,670.6433,37500,45679,Myotis brandtii,0.008,0.026,-1,Echolocation,/mnt/ubna_data_01_mir/recover-20220825/UBNA_002/20220823_033000.WAV,Telephone Field,recover-20220825,002,1795
670.7285,670.7365,36640,81740,Pipistrellus nathusii,0.155,0.3,-1,Echolocation,/mnt/ubna_data_01_mir/recover-20220825/UBNA_002/20220823_033000.WAV,Telephone Field,recover-20220825,002,1795
670.7285,670.7355,27187,91148,Myotis bechsteinii,0.102,0.137,-1,Echolocation,/mnt/ubna_data_01_mir/recover-20220825/UBNA_002/20220823_033000.WAV,Telephone Field,recover-20220825,002,1795
670.7305,670.7388,47812,64391,Pipistrellus pipistrellus,0.022,0.047,-1,Echolocation,/mnt/ubna_data_01_mir/recover-20220825/UBNA_002/20220823_033000.WAV,Telephone Field,recover-20220825,002,1795
670.7375,670.7426,34062,48828,Myotis brandtii,0.01,0.026,-1,Echolocation,/mnt/ubna_data_01_mir/recover-20220825/UBNA_002/20220823_033000.WAV,Telephone Field,recover-20220825,002,1795
670.7965,670.8091,23750,29125,Nyctalus leisleri,0.009,0.023,-1,Echolocation,/mnt/ubna_data_01_mir/recover-20220825/UBNA_002/20220823_033000.WAV,Telephone Field,recover-20220825,002,1795
670.8385,670.8473,30625,86670,Myotis brandtii,0.137,0.197,-1,Echolocation,/mnt/ubna_data_01_mir/recover-20220825/UBNA_002/20220823_033000.WAV,Telephone Field,recover-20220825,002,1795
670.8385,670.8471,37500,76424,Pipistrellus nathusii,0.222,0.332,-1,Echolocation,/mnt/ubna_data_01_mir/recover-20220825/UBNA_002/20220823_033000.WAV,Telephone Field,recover-20220825,002,1795
670.8395,670.845,52968,70316,Pipistrellus pygmaeus,0.029,0.042,-1,Echolocation,/mnt/ubna_data_01_mir/recover-20220825/UBNA_002/20220823_033000.WAV,Telephone Field,recover-20220825,002,1795
670.8465,670.8518,36640,53755,Myotis brandtii,0.021,0.038,-1,Echolocation,/mnt/ubna_data_01_mir/recover-20220825/UBNA_002/20220823_033000.WAV,Telephone Field,recover-20220825,002,1795
670.8465,670.8538,51250,69097,Pipistrellus pygmaeus,0.032,0.037,-1,Echolocation,/mnt/ubna_data_01_mir/recover-20220825/UBNA_002/20220823_033000.WAV,Telephone Field,recover-20220825,002,1795
670.8495,670.857,26328,39014,Eptesicus serotinus,0.007,0.021,-1,Echolocation,/mnt/ubna_data_01_mir/recover-20220825/UBNA_002/20220823_033000.WAV,Telephone Field,recover-20220825,002,1795
670.8495,670.8742,68437,80087,Rhinolophus ferrumequinum,0.028,0.028,-1,Echolocation,/mnt/ubna_data_01_mir/recover-20220825/UBNA_002/20220823_033000.WAV,Telephone Field,recover-20220825,002,1795
670.8935,670.9055,25468,32324,Eptesicus serotinus,0.01,0.021,-1,Echolocation,/mnt/ubna_data_01_mir/recover-20220825/UBNA_002/20220823_033000.WAV,Telephone Field,recover-20220825,002,1795
670.9005,670.915,24609,29820,Eptesicus serotinus,0.008,0.021,-1,Echolocation,/mnt/ubna_data_01_mir/recover-20220825/UBNA_002/20220823_033000.WAV,Telephone Field,recover-20220825,002,1795
670.9425,670.9493,25468,93882,Myotis bechsteinii,0.117,0.144,-1,Echolocation,/mnt/ubna_data_01_mir/recover-20220825/UBNA_002/20220823_033000.WAV,Telephone Field,recover-20220825,002,1795
670.9425,670.9506,34062,82701,Myotis brandtii,0.248,0.34,-1,Echolocation,/mnt/ubna_data_01_mir/recover-20220825/UBNA_002/20220823_033000.WAV,Telephone Field,recover-20220825,002,1795
670.9425,670.9502,51250,66992,Pipistrellus pipistrellus,0.02,0.032,-1,Echolocation,/mnt/ubna_data_01_mir/recover-20220825/UBNA_002/20220823_033000.WAV,Telephone Field,recover-20220825,002,1795
670.9495,670.9553,38359,52179,Myotis brandtii,0.016,0.035,-1,Echolocation,/mnt/ubna_data_01_mir/recover-20220825/UBNA_002/20220823_033000.WAV,Telephone Field,recover-20220825,002,1795
670.9535,670.9592,29765,45219,Myotis daubentonii,0.017,0.035,-1,Echolocation,/mnt/ubna_data_01_mir/recover-20220825/UBNA_002/20220823_033000.WAV,Telephone Field,recover-20220825,002,1795
670.9565,670.9894,68437,80623,Rhinolophus ferrumequinum,0.021,0.021,-1,Echolocation,/mnt/ubna_data_01_mir/recover-20220825/UBNA_002/20220823_033000.WAV,Telephone Field,recover-20220825,002,1795
671.0165,671.0514,68437,81184,Rhinolophus ferrumequinum,0.021,0.021,-1,Echolocation,/mnt/ubna_data_01_mir/recover-20220825/UBNA_002/20220823_033000.WAV,Telephone Field,recover-20220825,002,1795
671.0265,671.0594,68437,80158,Rhinolophus ferrumequinum,0.022,0.022,-1,Echolocation,/mnt/ubna_data_01_mir/recover-20220825/UBNA_002/20220823_033000.WAV,Telephone Field,recover-20220825,002,1795
671.0395,671.0475,49531,63130,Pipistrellus pipistrellus,0.028,0.068,-1,Echolocation,/mnt/ubna_data_01_mir/recover-20220825/UBNA_002/20220823_033000.WAV,Telephone Field,recover-20220825,002,1795
671.0405,671.0472,39218,73680,Myotis brandtii,0.087,0.178,-1,Echolocation,/mnt/ubna_data_01_mir/recover-20220825/UBNA_002/20220823_033000.WAV,Telephone Field,recover-20220825,002,1795
671.0405,671.049,33203,85112,Myotis brandtii,0.264,0.314,-1,Echolocation,/mnt/ubna_data_01_mir/recover-20220825/UBNA_002/20220823_033000.WAV,Telephone Field,recover-20220825,002,1795
671.0495,671.0556,38359,57837,Myotis brandtii,0.019,0.04,-1,Echolocation,/mnt/ubna_data_01_mir/recover-20220825/UBNA_002/20220823_033000.WAV,Telephone Field,recover-20220825,002,1795
671.0565,671.0883,68437,80685,Rhinolophus ferrumequinum,0.022,0.022,-1,Echolocation,/mnt/ubna_data_01_mir/recover-20220825/UBNA_002/20220823_033000.WAV,Telephone Field,recover-20220825,002,1795
671.0985,671.1109,29765,35816,Eptesicus serotinus,0.016,0.029,-1,Echolocation,/mnt/ubna_data_01_mir/recover-20220825/UBNA_002/20220823_033000.WAV,Telephone Field,recover-20220825,002,1795
671.1385,671.1466,47812,60439,Pipistrellus pipistrellus,0.022,0.044,-1,Echolocation,/mnt/ubna_data_01_mir/recover-20220825/UBNA_002/20220823_033000.WAV,Telephone Field,recover-20220825,002,1795
671.1395,671.1471,34921,81813,Myotis brandtii,0.4,0.483,-1,Echolocation,/mnt/ubna_data_01_mir/recover-20220825/UBNA_002/20220823_033000.WAV,Telephone Field,recover-20220825,002,1795
671.1405,671.1469,25468,95556,Myotis bechsteinii,0.182,0.218,-1,Echolocation,/mnt/ubna_data_01_mir/recover-20220825/UBNA_002/20220823_033000.WAV,Telephone Field,recover-20220825,002,1795
671.1475,671.1559,46953,59919,Pipistrellus pygmaeus,0.014,0.021,-1,Echolocation,/mnt/ubna_data_01_mir/recover-20220825/UBNA_002/20220823_033000.WAV,Telephone Field,recover-20220825,002,1795
671.1485,671.1539,36640,63396,Myotis brandtii,0.025,0.038,-1,Echolocation,/mnt/ubna_data_01_mir/recover-20220825/UBNA_002/20220823_033000.WAV,Telephone Field,recover-20220825,002,1795
671.1675,671.1799,26328,32663,Eptesicus serotinus,0.018,0.03,-1,Echolocation,/mnt/ubna_data_01_mir/recover-20220825/UBNA_002/20220823_033000.WAV,Telephone Field,recover-20220825,002,1795
671.1975,671.2061,26328,34359,Eptesicus serotinus,0.012,0.024,-1,Echolocation,/mnt/ubna_data_01_mir/recover-20220825/UBNA_002/20220823_033000.WAV,Telephone Field,recover-20220825,002,1795
671.2255,671.237,49531,57335,Pipistrellus pipistrellus,0.018,0.028,-1,Echolocation,/mnt/ubna_data_01_mir/recover-20220825/UBNA_002/20220823_033000.WAV,Telephone Field,recover-20220825,002,1795
671.2315,671.2388,35781,71721,Myotis brandtii,0.227,0.479,-1,Echolocation,/mnt/ubna_data_01_mir/recover-20220825/UBNA_002/20220823_033000.WAV,Telephone Field,recover-20220825,002,1795
671.2315,671.2382,26328,92268,Myotis bechsteinii,0.147,0.183,-1,Echolocation,/mnt/ubna_data_01_mir/recover-20220825/UBNA_002/20220823_033000.WAV,Telephone Field,recover-20220825,002,1795
671.2315,671.2432,54687,65572,Pipistrellus pygmaeus,0.021,0.024,-1,Echolocation,/mnt/ubna_data_01_mir/recover-20220825/UBNA_002/20220823_033000.WAV,Telephone Field,recover-20220825,002,1795
671.2335,671.2395,48671,61129,Pipistrellus pipistrellus,0.009,0.027,-1,Echolocation,/mnt/ubna_data_01_mir/recover-20220825/UBNA_002/20220823_033000.WAV,Telephone Field,recover-20220825,002,1795
671.2395,671.2453,39218,56854,Myotis brandtii,0.017,0.038,-1,Echolocation,/mnt/ubna_data_01_mir/recover-20220825/UBNA_002/20220823_033000.WAV,Telephone Field,recover-20220825,002,1795
671.2415,671.2461,33203,57207,Myotis brandtii,0.02,0.034,-1,Echolocation,/mnt/ubna_data_01_mir/recover-20220825/UBNA_002/20220823_033000.WAV,Telephone Field,recover-20220825,002,1795
671.2745,671.3156,68437,82694,Rhinolophus ferrumequinum,0.021,0.021,-1,Echolocation,/mnt/ubna_data_01_mir/recover-20220825/UBNA_002/20220823_033000.WAV,Telephone Field,recover-20220825,002,1795
671.3335,671.3413,35781,70833,Myotis brandtii,0.221,0.439,-1,Echolocation,/mnt/ubna_data_01_mir/recover-20220825/UBNA_002/20220823_033000.WAV,Telephone Field,recover-20220825,002,1795
671.3345,671.3412,26328,90946,Myotis bechsteinii,0.16,0.2,-1,Echolocation,/mnt/ubna_data_01_mir/recover-20220825/UBNA_002/20220823_033000.WAV,Telephone Field,recover-20220825,002,1795
671.3355,671.343,48671,60432,Pipistrellus pipistrellus,0.013,0.026,-1,Echolocation,/mnt/ubna_data_01_mir/recover-20220825/UBNA_002/20220823_033000.WAV,Telephone Field,recover-20220825,002,1795
671.3445,671.3524,26328,39175,Eptesicus serotinus,0.008,0.023,-1,Echolocation,/mnt/ubna_data_01_mir/recover-20220825/UBNA_002/20220823_033000.WAV,Telephone Field,recover-20220825,002,1795
671.3445,671.3498,31484,53510,Myotis brandtii,0.011,0.022,-1,Echolocation,/mnt/ubna_data_01_mir/recover-20220825/UBNA_002/20220823_033000.WAV,Telephone Field,recover-20220825,002,1795
671.4175,671.4272,25468,29703,Nyctalus leisleri,0.013,0.031,-1,Echolocation,/mnt/ubna_data_01_mir/recover-20220825/UBNA_002/20220823_033000.WAV,Telephone Field,recover-20220825,002,1795
671.4295,671.4377,47812,59656,Pipistrellus pygmaeus,0.022,0.058,-1,Echolocation,/mnt/ubna_data_01_mir/recover-20220825/UBNA_002/20220823_033000.WAV,Telephone Field,recover-20220825,002,1795
671.4315,671.4385,36640,78531,Myotis brandtii,0.303,0.465,-1,Echolocation,/mnt/ubna_data_01_mir/recover-20220825/UBNA_002/20220823_033000.WAV,Telephone Field,recover-20220825,002,1795
671.4405,671.4458,37500,58665,Myotis brandtii,0.016,0.027,-1,Echolocation,/mnt/ubna_data_01_mir/recover-20220825/UBNA_002/20220823_033000.WAV,Telephone Field,recover-20220825,002,1795
671.5265,671.535,41796,51006,Myotis brandtii,0.007,0.025,-1,Echolocation,/mnt/ubna_data_01_mir/recover-20220825/UBNA_002/20220823_033000.WAV,Telephone Field,recover-20220825,002,1795
671.5635,671.5717,41796,52007,Myotis brandtii,0.009,0.021,-1,Echolocation,/mnt/ubna_data_01_mir/recover-20220825/UBNA_002/20220823_033000.WAV,Telephone Field,recover-20220825,002,1795
671.5945,671.6006,40078,71861,Myotis brandtii,0.306,0.441,-1,Echolocation,/mnt/ubna_data_01_mir/recover-20220825/UBNA_002/20220823_033000.WAV,Telephone Field,recover-20220825,002,1795
671.6205,671.6383,22031,25589,Nyctalus leisleri,0.011,0.021,-1,Echolocation,/mnt/ubna_data_01_mir/recover-20220825/UBNA_002/20220823_033000.WAV,Telephone Field,recover-20220825,002,1795
671.6325,671.6393,57265,62609,Pipistrellus pygmaeus,0.028,0.028,-1,Echolocation,/mnt/ubna_data_01_mir/recover-20220825/UBNA_002/20220823_033000.WAV,Telephone Field,recover-20220825,002,1795
671.6425,671.6505,28046,36669,Eptesicus serotinus,0.01,0.024,-1,Echolocation,/mnt/ubna_data_01_mir/recover-20220825/UBNA_002/20220823_033000.WAV,Telephone Field,recover-20220825,002,1795
671.6465,671.6529,49531,54923,Pipistrellus pipistrellus,0.019,0.021,-1,Echolocation,/mnt/ubna_data_01_mir/recover-20220825/UBNA_002/20220823_033000.WAV,Telephone Field,recover-20220825,002,1795
671.6695,671.6774,42656,51112,Pipistrellus nathusii,0.01,0.028,-1,Echolocation,/mnt/ubna_data_01_mir/recover-20220825/UBNA_002/20220823_033000.WAV,Telephone Field,recover-20220825,002,1795
671.6895,671.7195,68437,81005,Rhinolophus ferrumequinum,0.021,0.021,-1,Echolocation,/mnt/ubna_data_01_mir/recover-20220825/UBNA_002/20220823_033000.WAV,Telephone Field,recover-20220825,002,1795
671.6975,671.7069,54687,65221,Pipistrellus pygmaeus,0.078,0.081,-1,Echolocation,/mnt/ubna_data_01_mir/recover-20220825/UBNA_002/20220823_033000.WAV,Telephone Field,recover-20220825,002,1795
671.6985,671.7056,34921,83068,Myotis brandtii,0.364,0.451,-1,Echolocation,/mnt/ubna_data_01_mir/recover-20220825/UBNA_002/20220823_033000.WAV,Telephone Field,recover-20220825,002,1795
671.7075,671.714,32343,46419,Myotis daubentonii,0.008,0.022,-1,Echolocation,/mnt/ubna_data_01_mir/recover-20220825/UBNA_002/20220823_033000.WAV,Telephone Field,recover-20220825,002,1795
671.7175,671.7262,27187,39417,Eptesicus serotinus,0.009,0.021,-1,Echolocation,/mnt/ubna_data_01_mir/recover-20220825/UBNA_002/20220823_033000.WAV,Telephone Field,recover-20220825,002,1795
671.7415,671.7511,28046,37223,Eptesicus serotinus,0.012,0.024,-1,Echolocation,/mnt/ubna_data_01_mir/recover-20220825/UBNA_002/20220823_033000.WAV,Telephone Field,recover-20220825,002,1795
671.7705,671.7807,38359,43855,Pipistrellus nathusii,0.017,0.029,-1,Echolocation,/mnt/ubna_data_01_mir/recover-20220825/UBNA_002/20220823_033000.WAV,Telephone Field,recover-20220825,002,1795
671.7985,671.8045,38359,72354,Myotis brandtii,0.237,0.329,-1,Echolocation,/mnt/ubna_data_01_mir/recover-20220825/UBNA_002/20220823_033000.WAV,Telephone Field,recover-20220825,002,1795
671.8075,671.816,27187,38924,Eptesicus serotinus,0.007,0.022,-1,Echolocation,/mnt/ubna_data_01_mir/recover-20220825/UBNA_002/20220823_033000.WAV,Telephone Field,recover-20220825,002,1795
671.8335,671.8418,27187,34641,Eptesicus serotinus,0.013,0.027,-1,Echolocation,/mnt/ubna_data_01_mir/recover-20220825/UBNA_002/20220823_033000.WAV,Telephone Field,recover-20220825,002,1795
671.8435,671.8812,68437,82484,Rhinolophus ferrumequinum,0.021,0.021,-1,Echolocation,/mnt/ubna_data_01_mir/recover-20220825/UBNA_002/20220823_033000.WAV,Telephone Field,recover-20220825,002,1795
671.8855,671.8927,41796,54511,Myotis brandtii,0.008,0.022,-1,Echolocation,/mnt/ubna_data_01_mir/recover-20220825/UBNA_002/20220823_033000.WAV,Telephone Field,recover-20220825,002,1795
671.8885,671.8976,28046,34921,Eptesicus serotinus,0.009,0.021,-1,Echolocation,/mnt/ubna_data_01_mir/recover-20220825/UBNA_002/20220823_033000.WAV,Telephone Field,recover-20220825,002,1795
671.9025,671.9089,40937,69663,Myotis brandtii,0.154,0.345,-1,Echolocation,/mnt/ubna_data_01_mir/recover-20220825/UBNA_002/20220823_033000.WAV,Telephone Field,recover-20220825,002,1795
671.9125,671.918,34062,52027,Myotis brandtii,0.011,0.022,-1,Echolocation,/mnt/ubna_data_01_mir/recover-20220825/UBNA_002/20220823_033000.WAV,Telephone Field,recover-20220825,002,1795
671.9325,671.9416,49531,54146,Pipistrellus pipistrellus,0.019,0.022,-1,Echolocation,/mnt/ubna_data_01_mir/recover-20220825/UBNA_002/20220823_033000.WAV,Telephone Field,recover-20220825,002,1795
671.9625,671.9719,27187,37822,Eptesicus serotinus,0.009,0.021,-1,Echolocation,/mnt/ubna_data_01_mir/recover-20220825/UBNA_002/20220823_033000.WAV,Telephone Field,recover-20220825,002,1795
672.0015,672.0092,41796,55813,Myotis brandtii,0.008,0.024,-1,Echolocation,/mnt/ubna_data_01_mir/recover-20220825/UBNA_002/20220823_033000.WAV,Telephone Field,recover-20220825,002,1795
672.0015,672.0307,69296,82612,Rhinolophus ferrumequinum,0.032,0.032,-1,Echolocation,/mnt/ubna_data_01_mir/recover-20220825/UBNA_002/20220823_033000.WAV,Telephone Field,recover-20220825,002,1795
672.0015,672.0099,22031,27726,Nyctalus leisleri,0.009,0.025,-1,Echolocation,/mnt/ubna_data_01_mir/recover-20220825/UBNA_002/20220823_033000.WAV,Telephone Field,recover-20220825,002,1795
672.0015,672.0082,48671,57938,Pipistrellus pipistrellus,0.009,0.023,-1,Echolocation,/mnt/ubna_data_01_mir/recover-20220825/UBNA_002/20220823_033000.WAV,Telephone Field,recover-20220825,002,1795
672.0165,672.0219,38359,58130,Myotis brandtii,0.127,0.327,-1,Echolocation,/mnt/ubna_data_01_mir/recover-20220825/UBNA_002/20220823_033000.WAV,Telephone Field,recover-20220825,002,1795
672.0415,672.0642,18593,21421,Nyctalus noctula,0.034,0.055,-1,Echolocation,/mnt/ubna_data_01_mir/recover-20220825/UBNA_002/20220823_033000.WAV,Telephone Field,recover-20220825,002,1795
672.0455,672.0806,68437,81469,Rhinolophus ferrumequinum,0.024,0.024,-1,Echolocation,/mnt/ubna_data_01_mir/recover-20220825/UBNA_002/20220823_033000.WAV,Telephone Field,recover-20220825,002,1795
672.0795,672.1194,68437,81613,Rhinolophus ferrumequinum,0.023,0.023,-1,Echolocation,/mnt/ubna_data_01_mir/recover-20220825/UBNA_002/20220823_033000.WAV,Telephone Field,recover-20220825,002,1795
672.0865,672.0936,27187,37127,Eptesicus serotinus,0.01,0.032,-1,Echolocation,/mnt/ubna_data_01_mir/recover-20220825/UBNA_002/20220823_033000.WAV,Telephone Field,recover-20220825,002,1795
672.1155,672.1206,26328,81285,Myotis brandtii,0.06,0.123,-1,Echolocation,/mnt/ubna_data_01_mir/recover-20220825/UBNA_002/20220823_033000.WAV,Telephone Field,recover-20220825,002,1795
672.1165,672.1215,35781,58970,Myotis brandtii,0.275,0.503,-1,Echolocation,/mnt/ubna_data_01_mir/recover-20220825/UBNA_002/20220823_033000.WAV,Telephone Field,recover-20220825,002,1795
672.1245,672.1305,28906,40911,Myotis daubentonii,0.011,0.022,-1,Echolocation,/mnt/ubna_data_01_mir/recover-20220825/UBNA_002/20220823_033000.WAV,Telephone Field,recover-20220825,002,1795
672.1715,672.1785,27187,38604,Eptesicus serotinus,0.007,0.023,-1,Echolocation,/mnt/ubna_data_01_mir/recover-20220825/UBNA_002/20220823_033000.WAV,Telephone Field,recover-20220825,002,1795
672.1835,672.2228,68437,83155,Rhinolophus ferrumequinum,0.026,0.026,-1,Echolocation,/mnt/ubna_data_01_mir/recover-20220825/UBNA_002/20220823_033000.WAV,Telephone Field,recover-20220825,002,1795
672.2095,672.2191,41796,48299,Pipistrellus nathusii,0.211,0.259,-1,Echolocation,/mnt/ubna_data_01_mir/recover-20220825/UBNA_002/20220823_033000.WAV,Telephone Field,recover-20220825,002,1795
672.2755,672.2824,27187,39605,Eptesicus serotinus,0.006,0.024,-1,Echolocation,/mnt/ubna_data_01_mir/recover-20220825/UBNA_002/20220823_033000.WAV,Telephone Field,recover-20220825,002,1795
672.2935,672.3023,23750,31254,Eptesicus serotinus,0.006,0.024,-1,Echolocation,/mnt/ubna_data_01_mir/recover-20220825/UBNA_002/20220823_033000.WAV,Telephone Field,recover-20220825,002,1795
672.3065,672.3139,40078,52174,Pipistrellus nathusii,0.182,0.306,-1,Echolocation,/mnt/ubna_data_01_mir/recover-20220825/UBNA_002/20220823_033000.WAV,Telephone Field,recover-20220825,002,1795
672.3165,672.3243,26328,34508,Eptesicus serotinus,0.006,0.023,-1,Echolocation,/mnt/ubna_data_01_mir/recover-20220825/UBNA_002/20220823_033000.WAV,Telephone Field,recover-20220825,002,1795
672.3385,672.3471,27187,38168,Eptesicus serotinus,0.008,0.023,-1,Echolocation,/mnt/ubna_data_01_mir/recover-20220825/UBNA_002/20220823_033000.WAV,Telephone Field,recover-20220825,002,1795
672.3785,672.4153,68437,81582,Rhinolophus ferrumequinum,0.023,0.023,-1,Echolocation,/mnt/ubna_data_01_mir/recover-20220825/UBNA_002/20220823_033000.WAV,Telephone Field,recover-20220825,002,1795
672.3905,672.3964,38359,53337,Myotis brandtii,0.156,0.379,-1,Echolocation,/mnt/ubna_data_01_mir/recover-20220825/UBNA_002/20220823_033000.WAV,Telephone Field,recover-20220825,002,1795
672.4195,672.4315,25468,30841,Nyctalus leisleri,0.011,0.026,-1,Echolocation,/mnt/ubna_data_01_mir/recover-20220825/UBNA_002/20220823_033000.WAV,Telephone Field,recover-20220825,002,1795
672.4365,672.4788,68437,83230,Rhinolophus ferrumequinum,0.03,0.03,-1,Echolocation,/mnt/ubna_data_01_mir/recover-20220825/UBNA_002/20220823_033000.WAV,Telephone Field,recover-20220825,002,1795
672.4395,672.4449,34062,58336,Myotis brandtii,0.014,0.027,-1,Echolocation,/mnt/ubna_data_01_mir/recover-20220825/UBNA_002/20220823_033000.WAV,Telephone Field,recover-20220825,002,1795
672.4635,672.4699,27187,38762,Eptesicus serotinus,0.005,0.023,-1,Echolocation,/mnt/ubna_data_01_mir/recover-20220825/UBNA_002/20220823_033000.WAV,Telephone Field,recover-20220825,002,1795
672.4835,672.5251,68437,83071,Rhinolophus ferrumequinum,0.032,0.032,-1,Echolocation,/mnt/ubna_data_01_mir/recover-20220825/UBNA_002/20220823_033000.WAV,Telephone Field,recover-20220825,002,1795
672.5005,672.5066,37500,49896,Myotis brandtii,0.013,0.03,-1,Echolocation,/mnt/ubna_data_01_mir/recover-20220825/UBNA_002/20220823_033000.WAV,Telephone Field,recover-20220825,002,1795
672.5115,672.5177,24609,33895,Plecotus auritus,0.008,0.027,-1,Echolocation,/mnt/ubna_data_01_mir/recover-20220825/UBNA_002/20220823_033000.WAV,Telephone Field,recover-20220825,002,1795
672.5325,672.542,26328,34842,Eptesicus serotinus,0.012,0.025,-1,Echolocation,/mnt/ubna_data_01_mir/recover-20220825/UBNA_002/20220823_033000.WAV,Telephone Field,recover-20220825,002,1795
672.5675,672.6052999999999,68437,82777,Rhinolophus ferrumequinum,0.023,0.023,-1,Echolocation,/mnt/ubna_data_01_mir/recover-20220825/UBNA_002/20220823_033000.WAV,Telephone Field,recover-20220825,002,1795
672.5835,672.5931,38359,47739,Pipistrellus nathusii,0.297,0.35,-1,Echolocation,/mnt/ubna_data_01_mir/recover-20220825/UBNA_002/20220823_033000.WAV,Telephone Field,recover-20220825,002,1795
672.6695,672.7046,68437,80747,Rhinolophus ferrumequinum,0.022,0.022,-1,Echolocation,/mnt/ubna_data_01_mir/recover-20220825/UBNA_002/20220823_033000.WAV,Telephone Field,recover-20220825,002,1795
672.6705,672.6805,28046,37650,Eptesicus serotinus,0.012,0.026,-1,Echolocation,/mnt/ubna_data_01_mir/recover-20220825/UBNA_002/20220823_033000.WAV,Telephone Field,recover-20220825,002,1795
672.6775,672.7146,68437,81420,Rhinolophus ferrumequinum,0.022,0.022,-1,Echolocation,/mnt/ubna_data_01_mir/recover-20220825/UBNA_002/20220823_033000.WAV,Telephone Field,recover-20220825,002,1795
672.7125,672.7519,68437,82260,Rhinolophus ferrumequinum,0.023,0.023,-1,Echolocation,/mnt/ubna_data_01_mir/recover-20220825/UBNA_002/20220823_033000.WAV,Telephone Field,recover-20220825,002,1795
672.7185,672.7594,68437,82369,Rhinolophus ferrumequinum,0.024,0.024,-1,Echolocation,/mnt/ubna_data_01_mir/recover-20220825/UBNA_002/20220823_033000.WAV,Telephone Field,recover-20220825,002,1795
672.7575,672.7643,49531,53929,Pipistrellus pipistrellus,0.025,0.029,-1,Echolocation,/mnt/ubna_data_01_mir/recover-20220825/UBNA_002/20220823_033000.WAV,Telephone Field,recover-20220825,002,1795
672.7585,672.7648,40937,55648,Myotis brandtii,0.009,0.023,-1,Echolocation,/mnt/ubna_data_01_mir/recover-20220825/UBNA_002/20220823_033000.WAV,Telephone Field,recover-20220825,002,1795
672.7785,672.8163,68437,82277,Rhinolophus ferrumequinum,0.022,0.022,-1,Echolocation,/mnt/ubna_data_01_mir/recover-20220825/UBNA_002/20220823_033000.WAV,Telephone Field,recover-20220825,002,1795
672.7825,672.7924,27187,35747,Eptesicus serotinus,0.009,0.023,-1,Echolocation,/mnt/ubna_data_01_mir/recover-20220825/UBNA_002/20220823_033000.WAV,Telephone Field,recover-20220825,002,1795
672.7975,672.8047,27187,39971,Eptesicus serotinus,0.008,0.029,-1,Echolocation,/mnt/ubna_data_01_mir/recover-20220825/UBNA_002/20220823_033000.WAV,Telephone Field,recover-20220825,002,1795
672.8165,672.8224,30625,45444,Myotis daubentonii,0.016,0.034,-1,Echolocation,/mnt/ubna_data_01_mir/recover-20220825/UBNA_002/20220823_033000.WAV,Telephone Field,recover-20220825,002,1795
672.8175,672.8245,26328,39408,Eptesicus serotinus,0.01,0.035,-1,Echolocation,/mnt/ubna_data_01_mir/recover-20220825/UBNA_002/20220823_033000.WAV,Telephone Field,recover-20220825,002,1795
672.8245,672.8636,68437,82178,Rhinolophus ferrumequinum,0.038,0.038,-1,Echolocation,/mnt/ubna_data_01_mir/recover-20220825/UBNA_002/20220823_033000.WAV,Telephone Field,recover-20220825,002,1795
672.8435,672.8511,27187,38415,Eptesicus serotinus,0.007,0.022,-1,Echolocation,/mnt/ubna_data_01_mir/recover-20220825/UBNA_002/20220823_033000.WAV,Telephone Field,recover-20220825,002,1795
672.8595,672.8691,43515,48746,Pipistrellus pipistrellus,0.013,0.025,-1,Echolocation,/mnt/ubna_data_01_mir/recover-20220825/UBNA_002/20220823_033000.WAV,Telephone Field,recover-20220825,002,1795
672.8815,672.9189,68437,82088,Rhinolophus ferrumequinum,0.031,0.031,-1,Echolocation,/mnt/ubna_data_01_mir/recover-20220825/UBNA_002/20220823_033000.WAV,Telephone Field,recover-20220825,002,1795
672.8825,672.8875,37500,54967,Myotis brandtii,0.014,0.032,-1,Echolocation,/mnt/ubna_data_01_mir/recover-20220825/UBNA_002/20220823_033000.WAV,Telephone Field,recover-20220825,002,1795
672.8865,672.8933,28046,40955,Myotis daubentonii,0.011,0.032,-1,Echolocation,/mnt/ubna_data_01_mir/recover-20220825/UBNA_002/20220823_033000.WAV,Telephone Field,recover-20220825,002,1795
672.9145,672.9218,40937,49859,Pipistrellus nathusii,0.007,0.023,-1,Echolocation,/mnt/ubna_data_01_mir/recover-20220825/UBNA_002/20220823_033000.WAV,Telephone Field,recover-20220825,002,1795
672.9245,672.9616,68437,81336,Rhinolophus ferrumequinum,0.023,0.023,-1,Echolocation,/mnt/ubna_data_01_mir/recover-20220825/UBNA_002/20220823_033000.WAV,Telephone Field,recover-20220825,002,1795
672.9255,672.9351,27187,36189,Eptesicus serotinus,0.01,0.026,-1,Echolocation,/mnt/ubna_data_01_mir/recover-20220825/UBNA_002/20220823_033000.WAV,Telephone Field,recover-20220825,002,1795
672.9565,672.963,40078,53269,Myotis brandtii,0.046,0.11,-1,Echolocation,/mnt/ubna_data_01_mir/recover-20220825/UBNA_002/20220823_033000.WAV,Telephone Field,recover-20220825,002,1795
672.9715,672.9787,26328,37205,Eptesicus serotinus,0.007,0.029,-1,Echolocation,/mnt/ubna_data_01_mir/recover-20220825/UBNA_002/20220823_033000.WAV,Telephone Field,recover-20220825,002,1795
672.9815,672.9906,27187,35164,Eptesicus serotinus,0.009,0.026,-1,Echolocation,/mnt/ubna_data_01_mir/recover-20220825/UBNA_002/20220823_033000.WAV,Telephone Field,recover-20220825,002,1795
672.9835,673.0221,68437,82591,Rhinolophus ferrumequinum,0.026,0.026,-1,Echolocation,/mnt/ubna_data_01_mir/recover-20220825/UBNA_002/20220823_033000.WAV,Telephone Field,recover-20220825,002,1795
673.0025,673.0086,27187,40397,Eptesicus serotinus,0.007,0.028,-1,Echolocation,/mnt/ubna_data_01_mir/recover-20220825/UBNA_002/20220823_033000.WAV,Telephone Field,recover-20220825,002,1795
673.0195,673.0248,33203,47196,Myotis daubentonii,0.02,0.033,-1,Echolocation,/mnt/ubna_data_01_mir/recover-20220825/UBNA_002/20220823_033000.WAV,Telephone Field,recover-20220825,002,1795
673.0505,673.0899,68437,82391,Rhinolophus ferrumequinum,0.024,0.024,-1,Echolocation,/mnt/ubna_data_01_mir/recover-20220825/UBNA_002/20220823_033000.WAV,Telephone Field,recover-20220825,002,1795
673.0615,673.0673,37500,52705,Myotis daubentonii,0.012,0.029,-1,Echolocation,/mnt/ubna_data_01_mir/recover-20220825/UBNA_002/20220823_033000.WAV,Telephone Field,recover-20220825,002,1795
673.1125,673.1198,27187,36152,Eptesicus serotinus,0.008,0.027,-1,Echolocation,/mnt/ubna_data_01_mir/recover-20220825/UBNA_002/20220823_033000.WAV,Telephone Field,recover-20220825,002,1795
673.1185,673.1277,22890,29442,Nyctalus leisleri,0.008,0.025,-1,Echolocation,/mnt/ubna_data_01_mir/recover-20220825/UBNA_002/20220823_033000.WAV,Telephone Field,recover-20220825,002,1795
673.1625,673.1677999999999,39218,51211,Myotis brandtii,0.091,0.222,-1,Echolocation,/mnt/ubna_data_01_mir/recover-20220825/UBNA_002/20220823_033000.WAV,Telephone Field,recover-20220825,002,1795
673.1715,673.1824,22031,26830,Nyctalus leisleri,0.01,0.023,-1,Echolocation,/mnt/ubna_data_01_mir/recover-20220825/UBNA_002/20220823_033000.WAV,Telephone Field,recover-20220825,002,1795
673.1735,673.1817,27187,34952,Eptesicus serotinus,0.008,0.024,-1,Echolocation,/mnt/ubna_data_01_mir/recover-20220825/UBNA_002/20220823_033000.WAV,Telephone Field,recover-20220825,002,1795
673.1895,673.1971,27187,36986,Eptesicus serotinus,0.008,0.023,-1,Echolocation,/mnt/ubna_data_01_mir/recover-20220825/UBNA_002/20220823_033000.WAV,Telephone Field,recover-20220825,002,1795
673.2315,673.2382,26328,38768,Eptesicus serotinus,0.006,0.023,-1,Echolocation,/mnt/ubna_data_01_mir/recover-20220825/UBNA_002/20220823_033000.WAV,Telephone Field,recover-20220825,002,1795
673.2535,673.2612,22890,31444,Plecotus austriacus,0.011,0.032,-1,Echolocation,/mnt/ubna_data_01_mir/recover-20220825/UBNA_002/20220823_033000.WAV,Telephone Field,recover-20220825,002,1795
673.2565,673.2622,37500,55178,Myotis brandtii,0.012,0.026,-1,Echolocation,/mnt/ubna_data_01_mir/recover-20220825/UBNA_002/20220823_033000.WAV,Telephone Field,recover-20220825,002,1795
673.2625,673.2683,38359,54380,Myotis brandtii,0.011,0.025,-1,Echolocation,/mnt/ubna_data_01_mir/recover-20220825/UBNA_002/20220823_033000.WAV,Telephone Field,recover-20220825,002,1795
673.2655,673.2737,44375,53016,Pipistrellus pipistrellus,0.009,0.024,-1,Echolocation,/mnt/ubna_data_01_mir/recover-20220825/UBNA_002/20220823_033000.WAV,Telephone Field,recover-20220825,002,1795
673.3065,673.3145,27187,36457,Eptesicus serotinus,0.009,0.026,-1,Echolocation,/mnt/ubna_data_01_mir/recover-20220825/UBNA_002/20220823_033000.WAV,Telephone Field,recover-20220825,002,1795
673.3325,673.3705,68437,82168,Rhinolophus ferrumequinum,0.023,0.023,-1,Echolocation,/mnt/ubna_data_01_mir/recover-20220825/UBNA_002/20220823_033000.WAV,Telephone Field,recover-20220825,002,1795
673.3345,673.3422,27187,39738,Eptesicus serotinus,0.008,0.022,-1,Echolocation,/mnt/ubna_data_01_mir/recover-20220825/UBNA_002/20220823_033000.WAV,Telephone Field,recover-20220825,002,1795
673.3605,673.3661,32343,58605,Myotis brandtii,0.023,0.045,-1,Echolocation,/mnt/ubna_data_01_mir/recover-20220825/UBNA_002/20220823_033000.WAV,Telephone Field,recover-20220825,002,1795
673.3605,673.3692,39218,51396,Pipistrellus nathusii,0.022,0.055,-1,Echolocation,/mnt/ubna_data_01_mir/recover-20220825/UBNA_002/20220823_033000.WAV,Telephone Field,recover-20220825,002,1795
673.4035,673.4388,68437,81787,Rhinolophus ferrumequinum,0.034,0.034,-1,Echolocation,/mnt/ubna_data_01_mir/recover-20220825/UBNA_002/20220823_033000.WAV,Telephone Field,recover-20220825,002,1795
673.4145,673.422,26328,38279,Eptesicus serotinus,0.008,0.026,-1,Echolocation,/mnt/ubna_data_01_mir/recover-20220825/UBNA_002/20220823_033000.WAV,Telephone Field,recover-20220825,002,1795
673.4335,673.4403,26328,39044,Eptesicus serotinus,0.006,0.023,-1,Echolocation,/mnt/ubna_data_01_mir/recover-20220825/UBNA_002/20220823_033000.WAV,Telephone Field,recover-20220825,002,1795
673.4355,673.4447,39218,45970,Pipistrellus nathusii,0.014,0.026,-1,Echolocation,/mnt/ubna_data_01_mir/recover-20220825/UBNA_002/20220823_033000.WAV,Telephone Field,recover-20220825,002,1795
673.4535,673.4689,22031,26193,Nyctalus leisleri,0.021,0.044,-1,Echolocation,/mnt/ubna_data_01_mir/recover-20220825/UBNA_002/20220823_033000.WAV,Telephone Field,recover-20220825,002,1795
673.4545,673.494,68437,82876,Rhinolophus ferrumequinum,0.025,0.025,-1,Echolocation,/mnt/ubna_data_01_mir/recover-20220825/UBNA_002/20220823_033000.WAV,Telephone Field,recover-20220825,002,1795
673.4605,673.4668,40078,49662,Pipistrellus nathusii,0.189,0.368,-1,Echolocation,/mnt/ubna_data_01_mir/recover-20220825/UBNA_002/20220823_033000.WAV,Telephone Field,recover-20220825,002,1795
673.5045,673.5121,27187,41231,Eptesicus serotinus,0.009,0.029,-1,Echolocation,/mnt/ubna_data_01_mir/recover-20220825/UBNA_002/20220823_033000.WAV,Telephone Field,recover-20220825,002,1795
673.5255,673.532,46093,54219,Pipistrellus pipistrellus,0.017,0.023,-1,Echolocation,/mnt/ubna_data_01_mir/recover-20220825/UBNA_002/20220823_033000.WAV,Telephone Field,recover-20220825,002,1795
673.5265,673.532,36640,56843,Myotis brandtii,0.014,0.026,-1,Echolocation,/mnt/ubna_data_01_mir/recover-20220825/UBNA_002/20220823_033000.WAV,Telephone Field,recover-20220825,002,1795
673.5605,673.5656,36640,52477,Myotis brandtii,0.181,0.514,-1,Echolocation,/mnt/ubna_data_01_mir/recover-20220825/UBNA_002/20220823_033000.WAV,Telephone Field,recover-20220825,002,1795
673.5605,673.5654,26328,68188,Myotis brandtii,0.053,0.116,-1,Echolocation,/mnt/ubna_data_01_mir/recover-20220825/UBNA_002/20220823_033000.WAV,Telephone Field,recover-20220825,002,1795
673.5695,673.5751,29765,41765,Myotis daubentonii,0.012,0.023,-1,Echolocation,/mnt/ubna_data_01_mir/recover-20220825/UBNA_002/20220823_033000.WAV,Telephone Field,recover-20220825,002,1795
673.5765,673.6141,68437,82088,Rhinolophus ferrumequinum,0.025,0.025,-1,Echolocation,/mnt/ubna_data_01_mir/recover-20220825/UBNA_002/20220823_033000.WAV,Telephone Field,recover-20220825,002,1795
673.5835,673.5904,29765,43149,Myotis daubentonii,0.012,0.031,-1,Echolocation,/mnt/ubna_data_01_mir/recover-20220825/UBNA_002/20220823_033000.WAV,Telephone Field,recover-20220825,002,1795
673.6155,673.6263,24609,31035,Nyctalus leisleri,0.012,0.034,-1,Echolocation,/mnt/ubna_data_01_mir/recover-20220825/UBNA_002/20220823_033000.WAV,Telephone Field,recover-20220825,002,1795
673.6895,673.7012,37500,42307,Pipistrellus nathusii,0.034,0.047,-1,Echolocation,/mnt/ubna_data_01_mir/recover-20220825/UBNA_002/20220823_033000.WAV,Telephone Field,recover-20220825,002,1795
673.7035,673.7109,26328,36133,Eptesicus serotinus,0.007,0.023,-1,Echolocation,/mnt/ubna_data_01_mir/recover-20220825/UBNA_002/20220823_033000.WAV,Telephone Field,recover-20220825,002,1795
673.7245,673.7651,68437,82565,Rhinolophus ferrumequinum,0.028,0.028,-1,Echolocation,/mnt/ubna_data_01_mir/recover-20220825/UBNA_002/20220823_033000.WAV,Telephone Field,recover-20220825,002,1795
673.7525,673.7594,27187,37129,Eptesicus serotinus,0.007,0.024,-1,Echolocation,/mnt/ubna_data_01_mir/recover-20220825/UBNA_002/20220823_033000.WAV,Telephone Field,recover-20220825,002,1795
673.7955,673.8025,26328,40005,Eptesicus serotinus,0.006,0.022,-1,Echolocation,/mnt/ubna_data_01_mir/recover-20220825/UBNA_002/20220823_033000.WAV,Telephone Field,recover-20220825,002,1795
673.7965,673.8038,31484,43645,Myotis daubentonii,0.01,0.023,-1,Echolocation,/mnt/ubna_data_01_mir/recover-20220825/UBNA_002/20220823_033000.WAV,Telephone Field,recover-20220825,002,1795
673.8235,673.8292,36640,55753,Myotis brandtii,0.01,0.023,-1,Echolocation,/mnt/ubna_data_01_mir/recover-20220825/UBNA_002/20220823_033000.WAV,Telephone Field,recover-20220825,002,1795
673.8315,673.8414,22890,29333,Nyctalus leisleri,0.008,0.026,-1,Echolocation,/mnt/ubna_data_01_mir/recover-20220825/UBNA_002/20220823_033000.WAV,Telephone Field,recover-20220825,002,1795
673.8455,673.8504,37500,47306,Pipistrellus nathusii,0.178,0.41,-1,Echolocation,/mnt/ubna_data_01_mir/recover-20220825/UBNA_002/20220823_033000.WAV,Telephone Field,recover-20220825,002,1795
673.8615,673.8995,68437,82191,Rhinolophus ferrumequinum,0.025,0.025,-1,Echolocation,/mnt/ubna_data_01_mir/recover-20220825/UBNA_002/20220823_033000.WAV,Telephone Field,recover-20220825,002,1795
673.8995,673.9075,22890,31804,Plecotus auritus,0.016,0.051,-1,Echolocation,/mnt/ubna_data_01_mir/recover-20220825/UBNA_002/20220823_033000.WAV,Telephone Field,recover-20220825,002,1795
673.9505,673.9904,68437,82219,Rhinolophus ferrumequinum,0.023,0.023,-1,Echolocation,/mnt/ubna_data_01_mir/recover-20220825/UBNA_002/20220823_033000.WAV,Telephone Field,recover-20220825,002,1795
673.9525,673.9577,36640,51663,Pipistrellus nathusii,0.164,0.446,-1,Echolocation,/mnt/ubna_data_01_mir/recover-20220825/UBNA_002/20220823_033000.WAV,Telephone Field,recover-20220825,002,1795
673.9615,673.9683,27187,35735,Eptesicus serotinus,0.007,0.026,-1,Echolocation,/mnt/ubna_data_01_mir/recover-20220825/UBNA_002/20220823_033000.WAV,Telephone Field,recover-20220825,002,1795
673.9825,673.9915,27187,36918,Eptesicus serotinus,0.009,0.024,-1,Echolocation,/mnt/ubna_data_01_mir/recover-20220825/UBNA_002/20220823_033000.WAV,Telephone Field,recover-20220825,002,1795
674.0015,674.0333,68437,79613,Rhinolophus ferrumequinum,0.034,0.035,-1,Echolocation,/mnt/ubna_data_01_mir/recover-20220825/UBNA_002/20220823_033000.WAV,Telephone Field,recover-20220825,002,1795
674.0015,674.01,25468,35440,Eptesicus serotinus,0.006,0.024,-1,Echolocation,/mnt/ubna_data_01_mir/recover-20220825/UBNA_002/20220823_033000.WAV,Telephone Field,recover-20220825,002,1795
674.0015,674.0114,47812,55495,Pipistrellus pipistrellus,0.016,0.026,-1,Echolocation,/mnt/ubna_data_01_mir/recover-20220825/UBNA_002/20220823_033000.WAV,Telephone Field,recover-20220825,002,1795
674.0015,674.012,40937,49682,Pipistrellus nathusii,0.008,0.023,-1,Echolocation,/mnt/ubna_data_01_mir/recover-20220825/UBNA_002/20220823_033000.WAV,Telephone Field,recover-20220825,002,1795
674.0105,674.0171,33203,47556,Myotis daubentonii,0.015,0.025,-1,Echolocation,/mnt/ubna_data_01_mir/recover-20220825/UBNA_002/20220823_033000.WAV,Telephone Field,recover-20220825,002,1795
674.0125,674.0195,27187,40332,Eptesicus serotinus,0.007,0.024,-1,Echolocation,/mnt/ubna_data_01_mir/recover-20220825/UBNA_002/20220823_033000.WAV,Telephone Field,recover-20220825,002,1795
674.0125,674.0217,41796,45800,Pipistrellus nathusii,0.039,0.053,-1,Echolocation,/mnt/ubna_data_01_mir/recover-20220825/UBNA_002/20220823_033000.WAV,Telephone Field,recover-20220825,002,1795
674.0325,674.0431,22890,28391,Nyctalus leisleri,0.009,0.022,-1,Echolocation,/mnt/ubna_data_01_mir/recover-20220825/UBNA_002/20220823_033000.WAV,Telephone Field,recover-20220825,002,1795
674.0585,674.0656,36640,47292,Pipistrellus nathusii,0.124,0.366,-1,Echolocation,/mnt/ubna_data_01_mir/recover-20220825/UBNA_002/20220823_033000.WAV,Telephone Field,recover-20220825,002,1795
674.1115,674.1201,27187,37282,Eptesicus serotinus,0.019,0.039,-1,Echolocation,/mnt/ubna_data_01_mir/recover-20220825/UBNA_002/20220823_033000.WAV,Telephone Field,recover-20220825,002,1795
674.1565,674.1641,36640,44027,Pipistrellus nathusii,0.309,0.497,-1,Echolocation,/mnt/ubna_data_01_mir/recover-20220825/UBNA_002/20220823_033000.WAV,Telephone Field,recover-20220825,002,1795
674.2155,674.2256,15156,21693,Nyctalus noctula,0.01,0.025,-1,Echolocation,/mnt/ubna_data_01_mir/recover-20220825/UBNA_002/20220823_033000.WAV,Telephone Field,recover-20220825,002,1795
674.2305,674.2644,68437,80817,Rhinolophus ferrumequinum,0.03,0.03,-1,Echolocation,/mnt/ubna_data_01_mir/recover-20220825/UBNA_002/20220823_033000.WAV,Telephone Field,recover-20220825,002,1795
674.2595,674.2654,36640,47596,Pipistrellus nathusii,0.165,0.46,-1,Echolocation,/mnt/ubna_data_01_mir/recover-20220825/UBNA_002/20220823_033000.WAV,Telephone Field,recover-20220825,002,1795
674.2895,674.3322000000001,68437,83200,Rhinolophus ferrumequinum,0.029,0.029,-1,Echolocation,/mnt/ubna_data_01_mir/recover-20220825/UBNA_002/20220823_033000.WAV,Telephone Field,recover-20220825,002,1795
674.2925,674.3008,28046,37225,Eptesicus serotinus,0.007,0.025,-1,Echolocation,/mnt/ubna_data_01_mir/recover-20220825/UBNA_002/20220823_033000.WAV,Telephone Field,recover-20220825,002,1795
674.3195,674.3575,68437,82378,Rhinolophus ferrumequinum,0.025,0.025,-1,Echolocation,/mnt/ubna_data_01_mir/recover-20220825/UBNA_002/20220823_033000.WAV,Telephone Field,recover-20220825,002,1795
674.3505,674.3564,47812,53688,Pipistrellus pipistrellus,0.026,0.029,-1,Echolocation,/mnt/ubna_data_01_mir/recover-20220825/UBNA_002/20220823_033000.WAV,Telephone Field,recover-20220825,002,1795
674.3685,674.406,68437,82118,Rhinolophus ferrumequinum,0.024,0.024,-1,Echolocation,/mnt/ubna_data_01_mir/recover-20220825/UBNA_002/20220823_033000.WAV,Telephone Field,recover-20220825,002,1795
674.3765,674.3819,35781,50266,Myotis brandtii,0.098,0.296,-1,Echolocation,/mnt/ubna_data_01_mir/recover-20220825/UBNA_002/20220823_033000.WAV,Telephone Field,recover-20220825,002,1795
674.4635,674.4727,51250,55588,Pipistrellus pipistrellus,0.03,0.039,-1,Echolocation,/mnt/ubna_data_01_mir/recover-20220825/UBNA_002/20220823_033000.WAV,Telephone Field,recover-20220825,002,1795
674.4805,674.486,38359,47870,Myotis daubentonii,0.095,0.195,-1,Echolocation,/mnt/ubna_data_01_mir/recover-20220825/UBNA_002/20220823_033000.WAV,Telephone Field,recover-20220825,002,1795
674.4815,674.4864,28906,61387,Myotis daubentonii,0.042,0.084,-1,Echolocation,/mnt/ubna_data_01_mir/recover-20220825/UBNA_002/20220823_033000.WAV,Telephone Field,recover-20220825,002,1795
674.4825,674.5188,68437,82233,Rhinolophus ferrumequinum,0.022,0.022,-1,Echolocation,/mnt/ubna_data_01_mir/recover-20220825/UBNA_002/20220823_033000.WAV,Telephone Field,recover-20220825,002,1795
674.5835,674.5925,50390,54937,Pipistrellus pipistrellus,0.023,0.027,-1,Echolocation,/mnt/ubna_data_01_mir/recover-20220825/UBNA_002/20220823_033000.WAV,Telephone Field,recover-20220825,002,1795
674.5915,674.5981,27187,44630,Myotis daubentonii,0.009,0.031,-1,Echolocation,/mnt/ubna_data_01_mir/recover-20220825/UBNA_002/20220823_033000.WAV,Telephone Field,recover-20220825,002,1795
674.6165,674.6259,27187,37388,Eptesicus serotinus,0.009,0.023,-1,Echolocation,/mnt/ubna_data_01_mir/recover-20220825/UBNA_002/20220823_033000.WAV,Telephone Field,recover-20220825,002,1795
674.7165,674.755,68437,82864,Rhinolophus ferrumequinum,0.026,0.026,-1,Echolocation,/mnt/ubna_data_01_mir/recover-20220825/UBNA_002/20220823_033000.WAV,Telephone Field,recover-20220825,002,1795
674.7515,674.7606,27187,36548,Eptesicus serotinus,0.008,0.021,-1,Echolocation,/mnt/ubna_data_01_mir/recover-20220825/UBNA_002/20220823_033000.WAV,Telephone Field,recover-20220825,002,1795
674.7835,674.8233,68437,82327,Rhinolophus ferrumequinum,0.024,0.024,-1,Echolocation,/mnt/ubna_data_01_mir/recover-20220825/UBNA_002/20220823_033000.WAV,Telephone Field,recover-20220825,002,1795
674.8275,674.8361,42656,46911,Pipistrellus nathusii,0.028,0.047,-1,Echolocation,/mnt/ubna_data_01_mir/recover-20220825/UBNA_002/20220823_033000.WAV,Telephone Field,recover-20220825,002,1795
674.8375,674.8466,28046,36857,Eptesicus serotinus,0.011,0.027,-1,Echolocation,/mnt/ubna_data_01_mir/recover-20220825/UBNA_002/20220823_033000.WAV,Telephone Field,recover-20220825,002,1795
674.8645,674.8795,22890,27222,Nyctalus leisleri,0.02,0.037,-1,Echolocation,/mnt/ubna_data_01_mir/recover-20220825/UBNA_002/20220823_033000.WAV,Telephone Field,recover-20220825,002,1795
674.9445,674.9559,22890,28459,Nyctalus leisleri,0.01,0.023,-1,Echolocation,/mnt/ubna_data_01_mir/recover-20220825/UBNA_002/20220823_033000.WAV,Telephone Field,recover-20220825,002,1795
674.9565,674.9944,68437,82213,Rhinolophus ferrumequinum,0.022,0.022,-1,Echolocation,/mnt/ubna_data_01_mir/recover-20220825/UBNA_002/20220823_033000.WAV,Telephone Field,recover-20220825,002,1795
675.0365,675.0779,68437,82562,Rhinolophus ferrumequinum,0.023,0.023,-1,Echolocation,/mnt/ubna_data_01_mir/recover-20220825/UBNA_002/20220823_033000.WAV,Telephone Field,recover-20220825,002,1795
675.0515,675.059,26328,40948,Eptesicus serotinus,0.007,0.022,-1,Echolocation,/mnt/ubna_data_01_mir/recover-20220825/UBNA_002/20220823_033000.WAV,Telephone Field,recover-20220825,002,1795
675.0835,675.092,26328,35840,Eptesicus serotinus,0.008,0.023,-1,Echolocation,/mnt/ubna_data_01_mir/recover-20220825/UBNA_002/20220823_033000.WAV,Telephone Field,recover-20220825,002,1795
675.0915,675.1311,68437,82285,Rhinolophus ferrumequinum,0.027,0.027,-1,Echolocation,/mnt/ubna_data_01_mir/recover-20220825/UBNA_002/20220823_033000.WAV,Telephone Field,recover-20220825,002,1795
675.1135,675.1512,68437,81944,Rhinolophus ferrumequinum,0.022,0.022,-1,Echolocation,/mnt/ubna_data_01_mir/recover-20220825/UBNA_002/20220823_033000.WAV,Telephone Field,recover-20220825,002,1795
675.1145,675.1224,27187,37658,Eptesicus serotinus,0.007,0.024,-1,Echolocation,/mnt/ubna_data_01_mir/recover-20220825/UBNA_002/20220823_033000.WAV,Telephone Field,recover-20220825,002,1795
675.1345,675.1455,22031,27778,Nyctalus leisleri,0.009,0.022,-1,Echolocation,/mnt/ubna_data_01_mir/recover-20220825/UBNA_002/20220823_033000.WAV,Telephone Field,recover-20220825,002,1795
675.1355,675.1428,26328,37658,Eptesicus serotinus,0.006,0.022,-1,Echolocation,/mnt/ubna_data_01_mir/recover-20220825/UBNA_002/20220823_033000.WAV,Telephone Field,recover-20220825,002,1795
675.1525,675.1899,68437,82207,Rhinolophus ferrumequinum,0.022,0.022,-1,Echolocation,/mnt/ubna_data_01_mir/recover-20220825/UBNA_002/20220823_033000.WAV,Telephone Field,recover-20220825,002,1795
675.1955,675.2029,27187,38348,Eptesicus serotinus,0.007,0.023,-1,Echolocation,/mnt/ubna_data_01_mir/recover-20220825/UBNA_002/20220823_033000.WAV,Telephone Field,recover-20220825,002,1795
675.2395,675.2485,28046,37172,Eptesicus serotinus,0.011,0.031,-1,Echolocation,/mnt/ubna_data_01_mir/recover-20220825/UBNA_002/20220823_033000.WAV,Telephone Field,recover-20220825,002,1795
675.2905,675.2989,27187,36961,Eptesicus serotinus,0.008,0.023,-1,Echolocation,/mnt/ubna_data_01_mir/recover-20220825/UBNA_002/20220823_033000.WAV,Telephone Field,recover-20220825,002,1795
675.3805,675.3864,30625,46174,Myotis daubentonii,0.013,0.027,-1,Echolocation,/mnt/ubna_data_01_mir/recover-20220825/UBNA_002/20220823_033000.WAV,Telephone Field,recover-20220825,002,1795
675.4085,675.4183,28046,35852,Eptesicus serotinus,0.013,0.028,-1,Echolocation,/mnt/ubna_data_01_mir/recover-20220825/UBNA_002/20220823_033000.WAV,Telephone Field,recover-20220825,002,1795
675.4175,675.4292,45234,48160,Pipistrellus pipistrellus,0.029,0.035,-1,Echolocation,/mnt/ubna_data_01_mir/recover-20220825/UBNA_002/20220823_033000.WAV,Telephone Field,recover-20220825,002,1795
675.4325,675.4713,68437,82103,Rhinolophus ferrumequinum,0.023,0.023,-1,Echolocation,/mnt/ubna_data_01_mir/recover-20220825/UBNA_002/20220823_033000.WAV,Telephone Field,recover-20220825,002,1795
675.4475,675.4572000000001,27187,38533,Eptesicus serotinus,0.008,0.021,-1,Echolocation,/mnt/ubna_data_01_mir/recover-20220825/UBNA_002/20220823_033000.WAV,Telephone Field,recover-20220825,002,1795
675.4515,675.4936,68437,83047,Rhinolophus ferrumequinum,0.026,0.026,-1,Echolocation,/mnt/ubna_data_01_mir/recover-20220825/UBNA_002/20220823_033000.WAV,Telephone Field,recover-20220825,002,1795
675.4705,675.4819,40078,45008,Pipistrellus nathusii,0.193,0.213,-1,Echolocation,/mnt/ubna_data_01_mir/recover-20220825/UBNA_002/20220823_033000.WAV,Telephone Field,recover-20220825,002,1795
675.5565,675.5639,26328,37203,Eptesicus serotinus,0.007,0.023,-1,Echolocation,/mnt/ubna_data_01_mir/recover-20220825/UBNA_002/20220823_033000.WAV,Telephone Field,recover-20220825,002,1795
675.6065,675.6203,15156,20940,Nyctalus noctula,0.015,0.023,-1,Echolocation,/mnt/ubna_data_01_mir/recover-20220825/UBNA_002/20220823_033000.WAV,Telephone Field,recover-20220825,002,1795
675.6165,675.6243,37500,44981,Pipistrellus nathusii,0.122,0.337,-1,Echolocation,/mnt/ubna_data_01_mir/recover-20220825/UBNA_002/20220823_033000.WAV,Telephone Field,recover-20220825,002,1795
675.6175,675.6588,68437,82199,Rhinolophus ferrumequinum,0.033,0.033,-1,Echolocation,/mnt/ubna_data_01_mir/recover-20220825/UBNA_002/20220823_033000.WAV,Telephone Field,recover-20220825,002,1795
675.6515,675.659,25468,36210,Eptesicus serotinus,0.006,0.024,-1,Echolocation,/mnt/ubna_data_01_mir/recover-20220825/UBNA_002/20220823_033000.WAV,Telephone Field,recover-20220825,002,1795
675.6605,675.6714,22890,27651,Nyctalus leisleri,0.012,0.022,-1,Echolocation,/mnt/ubna_data_01_mir/recover-20220825/UBNA_002/20220823_033000.WAV,Telephone Field,recover-20220825,002,1795
675.6855,675.7203,68437,81577,Rhinolophus ferrumequinum,0.022,0.022,-1,Echolocation,/mnt/ubna_data_01_mir/recover-20220825/UBNA_002/20220823_033000.WAV,Telephone Field,recover-20220825,002,1795
675.7145,675.7226,27187,39877,Eptesicus serotinus,0.01,0.027,-1,Echolocation,/mnt/ubna_data_01_mir/recover-20220825/UBNA_002/20220823_033000.WAV,Telephone Field,recover-20220825,002,1795
675.7245,675.764,68437,82203,Rhinolophus ferrumequinum,0.022,0.022,-1,Echolocation,/mnt/ubna_data_01_mir/recover-20220825/UBNA_002/20220823_033000.WAV,Telephone Field,recover-20220825,002,1795
675.7295,675.7397,27187,36713,Eptesicus serotinus,0.01,0.025,-1,Echolocation,/mnt/ubna_data_01_mir/recover-20220825/UBNA_002/20220823_033000.WAV,Telephone Field,recover-20220825,002,1795
675.7555,675.7632,26328,38961,Eptesicus serotinus,0.008,0.026,-1,Echolocation,/mnt/ubna_data_01_mir/recover-20220825/UBNA_002/20220823_033000.WAV,Telephone Field,recover-20220825,002,1795
675.7605,675.7994,68437,82359,Rhinolophus ferrumequinum,0.024,0.024,-1,Echolocation,/mnt/ubna_data_01_mir/recover-20220825/UBNA_002/20220823_033000.WAV,Telephone Field,recover-20220825,002,1795
675.7955,675.8029,27187,39596,Eptesicus serotinus,0.007,0.022,-1,Echolocation,/mnt/ubna_data_01_mir/recover-20220825/UBNA_002/20220823_033000.WAV,Telephone Field,recover-20220825,002,1795
675.8215,675.828,37500,48637,Myotis brandtii,0.031,0.097,-1,Echolocation,/mnt/ubna_data_01_mir/recover-20220825/UBNA_002/20220823_033000.WAV,Telephone Field,recover-20220825,002,1795
675.8325,675.8425,23750,29759,Nyctalus leisleri,0.01,0.023,-1,Echolocation,/mnt/ubna_data_01_mir/recover-20220825/UBNA_002/20220823_033000.WAV,Telephone Field,recover-20220825,002,1795
675.8975,675.9031,36640,52349,Myotis daubentonii,0.011,0.022,-1,Echolocation,/mnt/ubna_data_01_mir/recover-20220825/UBNA_002/20220823_033000.WAV,Telephone Field,recover-20220825,002,1795
675.9005,675.9075,26328,39157,Eptesicus serotinus,0.006,0.023,-1,Echolocation,/mnt/ubna_data_01_mir/recover-20220825/UBNA_002/20220823_033000.WAV,Telephone Field,recover-20220825,002,1795
675.9305,675.964,68437,80848,Rhinolophus ferrumequinum,0.021,0.021,-1,Echolocation,/mnt/ubna_data_01_mir/recover-20220825/UBNA_002/20220823_033000.WAV,Telephone Field,recover-20220825,002,1795
675.9325,675.939,38359,48937,Myotis brandtii,0.016,0.051,-1,Echolocation,/mnt/ubna_data_01_mir/recover-20220825/UBNA_002/20220823_033000.WAV,Telephone Field,recover-20220825,002,1795
675.9535,675.9725,19453,22319,Nyctalus leisleri,0.011,0.022,-1,Echolocation,/mnt/ubna_data_01_mir/recover-20220825/UBNA_002/20220823_033000.WAV,Telephone Field,recover-20220825,002,1795
675.9875,675.9954,38359,49773,Pipistrellus nathusii,0.165,0.256,-1,Echolocation,/mnt/ubna_data_01_mir/recover-20220825/UBNA_002/20220823_033000.WAV,Telephone Field,recover-20220825,002,1795
675.9885,675.9946,28906,51639,Myotis daubentonii,0.026,0.041,-1,Echolocation,/mnt/ubna_data_01_mir/recover-20220825/UBNA_002/20220823_033000.WAV,Telephone Field,recover-20220825,002,1795
676.0015,676.0118,40078,48167,Pipistrellus nathusii,0.028,0.041,-1,Echolocation,/mnt/ubna_data_01_mir/recover-20220825/UBNA_002/20220823_033000.WAV,Telephone Field,recover-20220825,002,1795
676.0015,676.0299,69296,81281,Rhinolophus ferrumequinum,0.045,0.046,-1,Echolocation,/mnt/ubna_data_01_mir/recover-20220825/UBNA_002/20220823_033000.WAV,Telephone Field,recover-20220825,002,1795
676.0015,676.0094,24609,34064,Nyctalus leisleri,0.006,0.026,-1,Echolocation,/mnt/ubna_data_01_mir/recover-20220825/UBNA_002/20220823_033000.WAV,Telephone Field,recover-20220825,002,1795
676.0365,676.0467,27187,35307,Eptesicus serotinus,0.013,0.029,-1,Echolocation,/mnt/ubna_data_01_mir/recover-20220825/UBNA_002/20220823_033000.WAV,Telephone Field,recover-20220825,002,1795
676.0495,676.0635,22890,26924,Nyctalus leisleri,0.014,0.028,-1,Echolocation,/mnt/ubna_data_01_mir/recover-20220825/UBNA_002/20220823_033000.WAV,Telephone Field,recover-20220825,002,1795
676.0955,676.1026,26328,38674,Eptesicus serotinus,0.007,0.023,-1,Echolocation,/mnt/ubna_data_01_mir/recover-20220825/UBNA_002/20220823_033000.WAV,Telephone Field,recover-20220825,002,1795
676.1455,676.1867,68437,83087,Rhinolophus ferrumequinum,0.029,0.029,-1,Echolocation,/mnt/ubna_data_01_mir/recover-20220825/UBNA_002/20220823_033000.WAV,Telephone Field,recover-20220825,002,1795
676.1715,676.178,27187,38365,Eptesicus serotinus,0.006,0.025,-1,Echolocation,/mnt/ubna_data_01_mir/recover-20220825/UBNA_002/20220823_033000.WAV,Telephone Field,recover-20220825,002,1795
676.1875,676.1983,27187,35124,Eptesicus serotinus,0.014,0.029,-1,Echolocation,/mnt/ubna_data_01_mir/recover-20220825/UBNA_002/20220823_033000.WAV,Telephone Field,recover-20220825,002,1795
676.1925,676.2008,35781,42235,Barbastellus barbastellus,0.147,0.265,-1,Echolocation,/mnt/ubna_data_01_mir/recover-20220825/UBNA_002/20220823_033000.WAV,Telephone Field,recover-20220825,002,1795
676.1925,676.2026,25468,37367,Eptesicus serotinus,0.014,0.03,-1,Echolocation,/mnt/ubna_data_01_mir/recover-20220825/UBNA_002/20220823_033000.WAV,Telephone Field,recover-20220825,002,1795
676.2115,676.2459,68437,81417,Rhinolophus ferrumequinum,0.026,0.026,-1,Echolocation,/mnt/ubna_data_01_mir/recover-20220825/UBNA_002/20220823_033000.WAV,Telephone Field,recover-20220825,002,1795
676.2255,676.2567,68437,80222,Rhinolophus ferrumequinum,0.027,0.028,-1,Echolocation,/mnt/ubna_data_01_mir/recover-20220825/UBNA_002/20220823_033000.WAV,Telephone Field,recover-20220825,002,1795
676.2265,676.2397,22890,27645,Nyctalus leisleri,0.015,0.03,-1,Echolocation,/mnt/ubna_data_01_mir/recover-20220825/UBNA_002/20220823_033000.WAV,Telephone Field,recover-20220825,002,1795
676.2515,676.2602,43515,51129,Pipistrellus pipistrellus,0.018,0.029,-1,Echolocation,/mnt/ubna_data_01_mir/recover-20220825/UBNA_002/20220823_033000.WAV,Telephone Field,recover-20220825,002,1795
676.2775,676.288,28046,35510,Eptesicus serotinus,0.018,0.033,-1,Echolocation,/mnt/ubna_data_01_mir/recover-20220825/UBNA_002/20220823_033000.WAV,Telephone Field,recover-20220825,002,1795
676.2945,676.3027,42656,51521,Pipistrellus nathusii,0.017,0.032,-1,Echolocation,/mnt/ubna_data_01_mir/recover-20220825/UBNA_002/20220823_033000.WAV,Telephone Field,recover-20220825,002,1795
676.2985,676.3042,36640,50073,Myotis brandtii,0.022,0.051,-1,Echolocation,/mnt/ubna_data_01_mir/recover-20220825/UBNA_002/20220823_033000.WAV,Telephone Field,recover-20220825,002,1795
676.3435,676.3773,68437,81110,Rhinolophus ferrumequinum,0.024,0.024,-1,Echolocation,/mnt/ubna_data_01_mir/recover-20220825/UBNA_002/20220823_033000.WAV,Telephone Field,recover-20220825,002,1795
676.3475,676.3563,38359,43546,Pipistrellus nathusii,0.016,0.028,-1,Echolocation,/mnt/ubna_data_01_mir/recover-20220825/UBNA_002/20220823_033000.WAV,Telephone Field,recover-20220825,002,1795
676.3505,676.3593,26328,36141,Eptesicus serotinus,0.009,0.023,-1,Echolocation,/mnt/ubna_data_01_mir/recover-20220825/UBNA_002/20220823_033000.WAV,Telephone Field,recover-20220825,002,1795
676.3745,676.4141,68437,82402,Rhinolophus ferrumequinum,0.024,0.024,-1,Echolocation,/mnt/ubna_data_01_mir/recover-20220825/UBNA_002/20220823_033000.WAV,Telephone Field,recover-20220825,002,1795
676.4005,676.4071,36640,49448,Myotis brandtii,0.011,0.029,-1,Echolocation,/mnt/ubna_data_01_mir/recover-20220825/UBNA_002/20220823_033000.WAV,Telephone Field,recover-20220825,002,1795
676.4035,676.4105,27187,38898,Eptesicus serotinus,0.008,0.027,-1,Echolocation,/mnt/ubna_data_01_mir/recover-20220825/UBNA_002/20220823_033000.WAV,Telephone Field,recover-20220825,002,1795
676.4035,676.4103,52109,57002,Pipistrellus pygmaeus,0.029,0.032,-1,Echolocation,/mnt/ubna_data_01_mir/recover-20220825/UBNA_002/20220823_033000.WAV,Telephone Field,recover-20220825,002,1795
676.4145,676.4252,23750,30058,Nyctalus leisleri,0.01,0.024,-1,Echolocation,/mnt/ubna_data_01_mir/recover-20220825/UBNA_002/20220823_033000.WAV,Telephone Field,recover-20220825,002,1795
676.4185,676.4303,34062,39910,Pipistrellus nathusii,0.014,0.03,-1,Echolocation,/mnt/ubna_data_01_mir/recover-20220825/UBNA_002/20220823_033000.WAV,Telephone Field,recover-20220825,002,1795
676.4205,676.4297,27187,35370,Eptesicus serotinus,0.009,0.025,-1,Echolocation,/mnt/ubna_data_01_mir/recover-20220825/UBNA_002/20220823_033000.WAV,Telephone Field,recover-20220825,002,1795
676.4225,676.4586,68437,82262,Rhinolophus ferrumequinum,0.025,0.025,-1,Echolocation,/mnt/ubna_data_01_mir/recover-20220825/UBNA_002/20220823_033000.WAV,Telephone Field,recover-20220825,002,1795
676.4495,676.4578,40937,46973,Pipistrellus nathusii,0.01,0.025,-1,Echolocation,/mnt/ubna_data_01_mir/recover-20220825/UBNA_002/20220823_033000.WAV,Telephone Field,recover-20220825,002,1795
676.4495,676.4579,26328,36153,Eptesicus serotinus,0.009,0.023,-1,Echolocation,/mnt/ubna_data_01_mir/recover-20220825/UBNA_002/20220823_033000.WAV,Telephone Field,recover-20220825,002,1795
676.4795,676.4875,28046,37786,Eptesicus serotinus,0.009,0.024,-1,Echolocation,/mnt/ubna_data_01_mir/recover-20220825/UBNA_002/20220823_033000.WAV,Telephone Field,recover-20220825,002,1795
676.4995,676.5054,38359,46554,Pipistrellus nathusii,0.299,0.448,-1,Echolocation,/mnt/ubna_data_01_mir/recover-20220825/UBNA_002/20220823_033000.WAV,Telephone Field,recover-20220825,002,1795
676.5195,676.558,68437,82537,Rhinolophus ferrumequinum,0.023,0.023,-1,Echolocation,/mnt/ubna_data_01_mir/recover-20220825/UBNA_002/20220823_033000.WAV,Telephone Field,recover-20220825,002,1795
676.5495,676.5889,68437,82583,Rhinolophus ferrumequinum,0.026,0.026,-1,Echolocation,/mnt/ubna_data_01_mir/recover-20220825/UBNA_002/20220823_033000.WAV,Telephone Field,recover-20220825,002,1795
676.5815,676.616,68437,81199,Rhinolophus ferrumequinum,0.023,0.023,-1,Echolocation,/mnt/ubna_data_01_mir/recover-20220825/UBNA_002/20220823_033000.WAV,Telephone Field,recover-20220825,002,1795
676.5835,676.592,27187,37773,Eptesicus serotinus,0.011,0.032,-1,Echolocation,/mnt/ubna_data_01_mir/recover-20220825/UBNA_002/20220823_033000.WAV,Telephone Field,recover-20220825,002,1795
676.6005,676.6377,68437,82470,Rhinolophus ferrumequinum,0.025,0.025,-1,Echolocation,/mnt/ubna_data_01_mir/recover-20220825/UBNA_002/20220823_033000.WAV,Telephone Field,recover-20220825,002,1795
676.6375,676.6752,68437,82443,Rhinolophus ferrumequinum,0.023,0.023,-1,Echolocation,/mnt/ubna_data_01_mir/recover-20220825/UBNA_002/20220823_033000.WAV,Telephone Field,recover-20220825,002,1795
676.6545,676.6635,37500,44007,Pipistrellus nathusii,0.023,0.041,-1,Echolocation,/mnt/ubna_data_01_mir/recover-20220825/UBNA_002/20220823_033000.WAV,Telephone Field,recover-20220825,002,1795
676.6555,676.6645,26328,41519,Eptesicus serotinus,0.011,0.027,-1,Echolocation,/mnt/ubna_data_01_mir/recover-20220825/UBNA_002/20220823_033000.WAV,Telephone Field,recover-20220825,002,1795
676.6765,676.6838,40078,47685,Pipistrellus nathusii,0.374,0.497,-1,Echolocation,/mnt/ubna_data_01_mir/recover-20220825/UBNA_002/20220823_033000.WAV,Telephone Field,recover-20220825,002,1795
676.7045,676.7433,68437,82011,Rhinolophus ferrumequinum,0.027,0.027,-1,Echolocation,/mnt/ubna_data_01_mir/recover-20220825/UBNA_002/20220823_033000.WAV,Telephone Field,recover-20220825,002,1795
676.7045,676.7186,16875,22119,Nyctalus noctula,0.017,0.027,-1,Echolocation,/mnt/ubna_data_01_mir/recover-20220825/UBNA_002/20220823_033000.WAV,Telephone Field,recover-20220825,002,1795
676.7185,676.73,24609,30400,Nyctalus leisleri,0.012,0.035,-1,Echolocation,/mnt/ubna_data_01_mir/recover-20220825/UBNA_002/20220823_033000.WAV,Telephone Field,recover-20220825,002,1795
676.7215,676.7289,46953,52148,Pipistrellus pipistrellus,0.021,0.024,-1,Echolocation,/mnt/ubna_data_01_mir/recover-20220825/UBNA_002/20220823_033000.WAV,Telephone Field,recover-20220825,002,1795
676.7755,676.7813,37500,49496,Pipistrellus nathusii,0.292,0.475,-1,Echolocation,/mnt/ubna_data_01_mir/recover-20220825/UBNA_002/20220823_033000.WAV,Telephone Field,recover-20220825,002,1795
676.7755,676.7839,13437,24057,Barbastellus barbastellus,0.026,0.029,-1,Echolocation,/mnt/ubna_data_01_mir/recover-20220825/UBNA_002/20220823_033000.WAV,Telephone Field,recover-20220825,002,1795
676.7865,676.7934,30625,41941,Myotis daubentonii,0.014,0.027,-1,Echolocation,/mnt/ubna_data_01_mir/recover-20220825/UBNA_002/20220823_033000.WAV,Telephone Field,recover-20220825,002,1795
676.8135,676.8515,68437,81652,Rhinolophus ferrumequinum,0.023,0.023,-1,Echolocation,/mnt/ubna_data_01_mir/recover-20220825/UBNA_002/20220823_033000.WAV,Telephone Field,recover-20220825,002,1795
676.8135,676.8235999999999,24609,32859,Eptesicus serotinus,0.012,0.028,-1,Echolocation,/mnt/ubna_data_01_mir/recover-20220825/UBNA_002/20220823_033000.WAV,Telephone Field,recover-20220825,002,1795
676.8375,676.8757,68437,81611,Rhinolophus ferrumequinum,0.024,0.024,-1,Echolocation,/mnt/ubna_data_01_mir/recover-20220825/UBNA_002/20220823_033000.WAV,Telephone Field,recover-20220825,002,1795
676.8425,676.853,45234,49083,Pipistrellus pipistrellus,0.022,0.03,-1,Echolocation,/mnt/ubna_data_01_mir/recover-20220825/UBNA_002/20220823_033000.WAV,Telephone Field,recover-20220825,002,1795
676.8465,676.8546,25468,34512,Eptesicus serotinus,0.006,0.022,-1,Echolocation,/mnt/ubna_data_01_mir/recover-20220825/UBNA_002/20220823_033000.WAV,Telephone Field,recover-20220825,002,1795
676.8725,676.8806,39218,46273,Pipistrellus nathusii,0.416,0.471,-1,Echolocation,/mnt/ubna_data_01_mir/recover-20220825/UBNA_002/20220823_033000.WAV,Telephone Field,recover-20220825,002,1795
676.9045,676.9154,22890,29348,Nyctalus leisleri,0.008,0.023,-1,Echolocation,/mnt/ubna_data_01_mir/recover-20220825/UBNA_002/20220823_033000.WAV,Telephone Field,recover-20220825,002,1795
676.9125,676.9196,27187,38752,Eptesicus serotinus,0.009,0.025,-1,Echolocation,/mnt/ubna_data_01_mir/recover-20220825/UBNA_002/20220823_033000.WAV,Telephone Field,recover-20220825,002,1795
676.9685,676.9752,38359,49246,Pipistrellus nathusii,0.176,0.417,-1,Echolocation,/mnt/ubna_data_01_mir/recover-20220825/UBNA_002/20220823_033000.WAV,Telephone Field,recover-20220825,002,1795
676.9745,676.9814,48671,52661,Pipistrellus pipistrellus,0.014,0.025,-1,Echolocation,/mnt/ubna_data_01_mir/recover-20220825/UBNA_002/20220823_033000.WAV,Telephone Field,recover-20220825,002,1795
676.9865,677.0249,68437,81522,Rhinolophus ferrumequinum,0.023,0.023,-1,Echolocation,/mnt/ubna_data_01_mir/recover-20220825/UBNA_002/20220823_033000.WAV,Telephone Field,recover-20220825,002,1795
676.9915,677.0004,23750,30958,Nyctalus leisleri,0.007,0.024,-1,Echolocation,/mnt/ubna_data_01_mir/recover-20220825/UBNA_002/20220823_033000.WAV,Telephone Field,recover-20220825,002,1795
677.0255,677.0331,26328,37373,Eptesicus serotinus,0.008,0.025,-1,Echolocation,/mnt/ubna_data_01_mir/recover-20220825/UBNA_002/20220823_033000.WAV,Telephone Field,recover-20220825,002,1795
677.0365,677.042,47812,55508,Pipistrellus pipistrellus,0.019,0.022,-1,Echolocation,/mnt/ubna_data_01_mir/recover-20220825/UBNA_002/20220823_033000.WAV,Telephone Field,recover-20220825,002,1795
677.0565,677.0895,68437,80625,Rhinolophus ferrumequinum,0.026,0.026,-1,Echolocation,/mnt/ubna_data_01_mir/recover-20220825/UBNA_002/20220823_033000.WAV,Telephone Field,recover-20220825,002,1795
677.0565,677.0634,38359,47261,Pipistrellus nathusii,0.195,0.414,-1,Echolocation,/mnt/ubna_data_01_mir/recover-20220825/UBNA_002/20220823_033000.WAV,Telephone Field,recover-20220825,002,1795
677.0625,677.0709,13437,24916,Barbastellus barbastellus,0.022,0.024,-1,Echolocation,/mnt/ubna_data_01_mir/recover-20220825/UBNA_002/20220823_033000.WAV,Telephone Field,recover-20220825,002,1795
677.0855,677.1259,68437,82816,Rhinolophus ferrumequinum,0.037,0.037,-1,Echolocation,/mnt/ubna_data_01_mir/recover-20220825/UBNA_002/20220823_033000.WAV,Telephone Field,recover-20220825,002,1795
677.0865,677.1059,19453,22695,Nyctalus leisleri,0.016,0.034,-1,Echolocation,/mnt/ubna_data_01_mir/recover-20220825/UBNA_002/20220823_033000.WAV,Telephone Field,recover-20220825,002,1795
677.0975,677.1043999999999,25468,36818,Eptesicus serotinus,0.007,0.026,-1,Echolocation,/mnt/ubna_data_01_mir/recover-20220825/UBNA_002/20220823_033000.WAV,Telephone Field,recover-20220825,002,1795
677.1035,677.1098,31484,45486,Myotis daubentonii,0.011,0.026,-1,Echolocation,/mnt/ubna_data_01_mir/recover-20220825/UBNA_002/20220823_033000.WAV,Telephone Field,recover-20220825,002,1795
677.1105,677.1186,26328,35396,Eptesicus serotinus,0.01,0.026,-1,Echolocation,/mnt/ubna_data_01_mir/recover-20220825/UBNA_002/20220823_033000.WAV,Telephone Field,recover-20220825,002,1795
677.1175,677.1257,42656,52299,Pipistrellus nathusii,0.023,0.044,-1,Echolocation,/mnt/ubna_data_01_mir/recover-20220825/UBNA_002/20220823_033000.WAV,Telephone Field,recover-20220825,002,1795
677.1555,677.1612,28906,41755,Myotis daubentonii,0.017,0.042,-1,Echolocation,/mnt/ubna_data_01_mir/recover-20220825/UBNA_002/20220823_033000.WAV,Telephone Field,recover-20220825,002,1795
677.1635,677.1728,40937,47569,Pipistrellus nathusii,0.016,0.03,-1,Echolocation,/mnt/ubna_data_01_mir/recover-20220825/UBNA_002/20220823_033000.WAV,Telephone Field,recover-20220825,002,1795
677.1675,677.1873,19453,23747,Nyctalus noctula,0.085,0.133,-1,Echolocation,/mnt/ubna_data_01_mir/recover-20220825/UBNA_002/20220823_033000.WAV,Telephone Field,recover-20220825,002,1795
677.1695,677.178,58984,66010,Pipistrellus pygmaeus,0.024,0.025,-1,Echolocation,/mnt/ubna_data_01_mir/recover-20220825/UBNA_002/20220823_033000.WAV,Telephone Field,recover-20220825,002,1795
677.1705,677.1762,41796,57122,Myotis brandtii,0.015,0.034,-1,Echolocation,/mnt/ubna_data_01_mir/recover-20220825/UBNA_002/20220823_033000.WAV,Telephone Field,recover-20220825,002,1795
677.1765,677.1837,26328,37764,Eptesicus serotinus,0.007,0.022,-1,Echolocation,/mnt/ubna_data_01_mir/recover-20220825/UBNA_002/20220823_033000.WAV,Telephone Field,recover-20220825,002,1795
677.1955,677.2026,27187,39686,Eptesicus serotinus,0.006,0.023,-1,Echolocation,/mnt/ubna_data_01_mir/recover-20220825/UBNA_002/20220823_033000.WAV,Telephone Field,recover-20220825,002,1795
677.2345,677.2433,42656,51301,Pipistrellus nathusii,0.013,0.025,-1,Echolocation,/mnt/ubna_data_01_mir/recover-20220825/UBNA_002/20220823_033000.WAV,Telephone Field,recover-20220825,002,1795
677.2345,677.272,68437,82009,Rhinolophus ferrumequinum,0.027,0.027,-1,Echolocation,/mnt/ubna_data_01_mir/recover-20220825/UBNA_002/20220823_033000.WAV,Telephone Field,recover-20220825,002,1795
677.2555,677.2678,22890,27867,Nyctalus leisleri,0.011,0.023,-1,Echolocation,/mnt/ubna_data_01_mir/recover-20220825/UBNA_002/20220823_033000.WAV,Telephone Field,recover-20220825,002,1795
677.2595,677.2682,40937,45807,Pipistrellus nathusii,0.069,0.084,-1,Echolocation,/mnt/ubna_data_01_mir/recover-20220825/UBNA_002/20220823_033000.WAV,Telephone Field,recover-20220825,002,1795
677.2955,677.3368,68437,83468,Rhinolophus ferrumequinum,0.03,0.03,-1,Echolocation,/mnt/ubna_data_01_mir/recover-20220825/UBNA_002/20220823_033000.WAV,Telephone Field,recover-20220825,002,1795
677.2955,677.306,22890,28669,Nyctalus leisleri,0.012,0.029,-1,Echolocation,/mnt/ubna_data_01_mir/recover-20220825/UBNA_002/20220823_033000.WAV,Telephone Field,recover-20220825,002,1795
677.3365,677.3445,27187,38427,Eptesicus serotinus,0.009,0.028,-1,Echolocation,/mnt/ubna_data_01_mir/recover-20220825/UBNA_002/20220823_033000.WAV,Telephone Field,recover-20220825,002,1795
677.3465,677.3531,27187,35053,Eptesicus serotinus,0.007,0.025,-1,Echolocation,/mnt/ubna_data_01_mir/recover-20220825/UBNA_002/20220823_033000.WAV,Telephone Field,recover-20220825,002,1795
677.3575,677.3631,39218,50950,Pipistrellus nathusii,0.179,0.35,-1,Echolocation,/mnt/ubna_data_01_mir/recover-20220825/UBNA_002/20220823_033000.WAV,Telephone Field,recover-20220825,002,1795
677.4415,677.4756,68437,80732,Rhinolophus ferrumequinum,0.023,0.024,-1,Echolocation,/mnt/ubna_data_01_mir/recover-20220825/UBNA_002/20220823_033000.WAV,Telephone Field,recover-20220825,002,1795
677.4695,677.5083,68437,82369,Rhinolophus ferrumequinum,0.025,0.025,-1,Echolocation,/mnt/ubna_data_01_mir/recover-20220825/UBNA_002/20220823_033000.WAV,Telephone Field,recover-20220825,002,1795
677.5485,677.5832,68437,81921,Rhinolophus ferrumequinum,0.025,0.025,-1,Echolocation,/mnt/ubna_data_01_mir/recover-20220825/UBNA_002/20220823_033000.WAV,Telephone Field,recover-20220825,002,1795
677.5495,677.5591,42656,47805,Pipistrellus nathusii,0.037,0.056,-1,Echolocation,/mnt/ubna_data_01_mir/recover-20220825/UBNA_002/20220823_033000.WAV,Telephone Field,recover-20220825,002,1795
677.5765,677.5843,25468,34855,Eptesicus serotinus,0.008,0.029,-1,Echolocation,/mnt/ubna_data_01_mir/recover-20220825/UBNA_002/20220823_033000.WAV,Telephone Field,recover-20220825,002,1795
677.6215,677.6608,68437,82823,Rhinolophus ferrumequinum,0.057,0.057,-1,Echolocation,/mnt/ubna_data_01_mir/recover-20220825/UBNA_002/20220823_033000.WAV,Telephone Field,recover-20220825,002,1795
677.6345,677.6421,29765,41478,Myotis daubentonii,0.012,0.029,-1,Echolocation,/mnt/ubna_data_01_mir/recover-20220825/UBNA_002/20220823_033000.WAV,Telephone Field,recover-20220825,002,1795
677.6535,677.6904,68437,82080,Rhinolophus ferrumequinum,0.023,0.023,-1,Echolocation,/mnt/ubna_data_01_mir/recover-20220825/UBNA_002/20220823_033000.WAV,Telephone Field,recover-20220825,002,1795
677.6715,677.6879,15156,19785,Nyctalus noctula,0.035,0.047,-1,Echolocation,/mnt/ubna_data_01_mir/recover-20220825/UBNA_002/20220823_033000.WAV,Telephone Field,recover-20220825,002,1795
677.6795,677.6892,28046,36134,Eptesicus serotinus,0.014,0.027,-1,Echolocation,/mnt/ubna_data_01_mir/recover-20220825/UBNA_002/20220823_033000.WAV,Telephone Field,recover-20220825,002,1795
677.6945,677.701,40078,51508,Pipistrellus nathusii,0.38,0.528,-1,Echolocation,/mnt/ubna_data_01_mir/recover-20220825/UBNA_002/20220823_033000.WAV,Telephone Field,recover-20220825,002,1795
677.7485,677.7861,68437,81986,Rhinolophus ferrumequinum,0.026,0.026,-1,Echolocation,/mnt/ubna_data_01_mir/recover-20220825/UBNA_002/20220823_033000.WAV,Telephone Field,recover-20220825,002,1795
677.7595,677.7647,34062,53231,Myotis daubentonii,0.013,0.027,-1,Echolocation,/mnt/ubna_data_01_mir/recover-20220825/UBNA_002/20220823_033000.WAV,Telephone Field,recover-20220825,002,1795
677.7745,677.7801,37500,48622,Pipistrellus nathusii,0.368,0.557,-1,Echolocation,/mnt/ubna_data_01_mir/recover-20220825/UBNA_002/20220823_033000.WAV,Telephone Field,recover-20220825,002,1795
677.7985,677.8361,68437,81961,Rhinolophus ferrumequinum,0.024,0.024,-1,Echolocation,/mnt/ubna_data_01_mir/recover-20220825/UBNA_002/20220823_033000.WAV,Telephone Field,recover-20220825,002,1795
677.8045,677.843,68437,82265,Rhinolophus ferrumequinum,0.024,0.024,-1,Echolocation,/mnt/ubna_data_01_mir/recover-20220825/UBNA_002/20220823_033000.WAV,Telephone Field,recover-20220825,002,1795
677.8525,677.8609,27187,35448,Eptesicus serotinus,0.011,0.027,-1,Echolocation,/mnt/ubna_data_01_mir/recover-20220825/UBNA_002/20220823_033000.WAV,Telephone Field,recover-20220825,002,1795
677.8675,677.8738,38359,51953,Pipistrellus nathusii,0.485,0.606,-1,Echolocation,/mnt/ubna_data_01_mir/recover-20220825/UBNA_002/20220823_033000.WAV,Telephone Field,recover-20220825,002,1795
677.8965,677.9034,58984,65393,Pipistrellus pygmaeus,0.026,0.026,-1,Echolocation,/mnt/ubna_data_01_mir/recover-20220825/UBNA_002/20220823_033000.WAV,Telephone Field,recover-20220825,002,1795
677.9215,677.9283,26328,39156,Eptesicus serotinus,0.006,0.027,-1,Echolocation,/mnt/ubna_data_01_mir/recover-20220825/UBNA_002/20220823_033000.WAV,Telephone Field,recover-20220825,002,1795
677.9255,677.9626,68437,82136,Rhinolophus ferrumequinum,0.022,0.023,-1,Echolocation,/mnt/ubna_data_01_mir/recover-20220825/UBNA_002/20220823_033000.WAV,Telephone Field,recover-20220825,002,1795
677.9355,677.9724,68437,81427,Rhinolophus ferrumequinum,0.025,0.025,-1,Echolocation,/mnt/ubna_data_01_mir/recover-20220825/UBNA_002/20220823_033000.WAV,Telephone Field,recover-20220825,002,1795
677.9585,677.9643,39218,52517,Pipistrellus nathusii,0.378,0.529,-1,Echolocation,/mnt/ubna_data_01_mir/recover-20220825/UBNA_002/20220823_033000.WAV,Telephone Field,recover-20220825,002,1795
678.0015,678.0304,69296,82076,Rhinolophus ferrumequinum,0.03,0.03,-1,Echolocation,/mnt/ubna_data_01_mir/recover-20220825/UBNA_002/20220823_033000.WAV,Telephone Field,recover-20220825,002,1795
678.0015,678.015,19453,24294,Nyctalus leisleri,0.01,0.024,-1,Echolocation,/mnt/ubna_data_01_mir/recover-20220825/UBNA_002/20220823_033000.WAV,Telephone Field,recover-20220825,002,1795
678.0015,678.008,46093,52209,Pipistrellus pipistrellus,0.021,0.027,-1,Echolocation,/mnt/ubna_data_01_mir/recover-20220825/UBNA_002/20220823_033000.WAV,Telephone Field,recover-20220825,002,1795
678.0155,678.0243,27187,37261,Eptesicus serotinus,0.009,0.025,-1,Echolocation,/mnt/ubna_data_01_mir/recover-20220825/UBNA_002/20220823_033000.WAV,Telephone Field,recover-20220825,002,1795
678.0285,678.0353,52109,57755,Pipistrellus pygmaeus,0.037,0.039,-1,Echolocation,/mnt/ubna_data_01_mir/recover-20220825/UBNA_002/20220823_033000.WAV,Telephone Field,recover-20220825,002,1795
678.0295,678.0632,68437,81505,Rhinolophus ferrumequinum,0.02,0.02,-1,Echolocation,/mnt/ubna_data_01_mir/recover-20220825/UBNA_002/20220823_033000.WAV,Telephone Field,recover-20220825,002,1795
678.0295,678.0397,28046,35684,Eptesicus serotinus,0.011,0.026,-1,Echolocation,/mnt/ubna_data_01_mir/recover-20220825/UBNA_002/20220823_033000.WAV,Telephone Field,recover-20220825,002,1795
678.0405,678.0496,26328,33112,Eptesicus serotinus,0.008,0.022,-1,Echolocation,/mnt/ubna_data_01_mir/recover-20220825/UBNA_002/20220823_033000.WAV,Telephone Field,recover-20220825,002,1795
678.0555,678.0622,39218,51890,Pipistrellus nathusii,0.461,0.528,-1,Echolocation,/mnt/ubna_data_01_mir/recover-20220825/UBNA_002/20220823_033000.WAV,Telephone Field,recover-20220825,002,1795
678.0575,678.0655,22890,36871,Myotis nattereri,0.008,0.024,-1,Echolocation,/mnt/ubna_data_01_mir/recover-20220825/UBNA_002/20220823_033000.WAV,Telephone Field,recover-20220825,002,1795
678.0625,678.0721,22031,28321,Plecotus austriacus,0.007,0.023,-1,Echolocation,/mnt/ubna_data_01_mir/recover-20220825/UBNA_002/20220823_033000.WAV,Telephone Field,recover-20220825,002,1795
678.0765,678.1143,68437,82524,Rhinolophus ferrumequinum,0.027,0.027,-1,Echolocation,/mnt/ubna_data_01_mir/recover-20220825/UBNA_002/20220823_033000.WAV,Telephone Field,recover-20220825,002,1795
678.0885,678.1036,15156,21498,Nyctalus noctula,0.022,0.031,-1,Echolocation,/mnt/ubna_data_01_mir/recover-20220825/UBNA_002/20220823_033000.WAV,Telephone Field,recover-20220825,002,1795
678.0895,678.0981,27187,38386,Eptesicus serotinus,0.008,0.023,-1,Echolocation,/mnt/ubna_data_01_mir/recover-20220825/UBNA_002/20220823_033000.WAV,Telephone Field,recover-20220825,002,1795
678.0995,678.1349,68437,82132,Rhinolophus ferrumequinum,0.02,0.02,-1,Echolocation,/mnt/ubna_data_01_mir/recover-20220825/UBNA_002/20220823_033000.WAV,Telephone Field,recover-20220825,002,1795
678.1265,678.1634,68437,81729,Rhinolophus ferrumequinum,0.023,0.023,-1,Echolocation,/mnt/ubna_data_01_mir/recover-20220825/UBNA_002/20220823_033000.WAV,Telephone Field,recover-20220825,002,1795
678.1395,678.1468,28046,37471,Eptesicus serotinus,0.006,0.023,-1,Echolocation,/mnt/ubna_data_01_mir/recover-20220825/UBNA_002/20220823_033000.WAV,Telephone Field,recover-20220825,002,1795
678.1525,678.1599,38359,54884,Pipistrellus nathusii,0.337,0.5,-1,Echolocation,/mnt/ubna_data_01_mir/recover-20220825/UBNA_002/20220823_033000.WAV,Telephone Field,recover-20220825,002,1795
678.1535,678.1604,48671,53167,Pipistrellus pipistrellus,0.015,0.027,-1,Echolocation,/mnt/ubna_data_01_mir/recover-20220825/UBNA_002/20220823_033000.WAV,Telephone Field,recover-20220825,002,1795
678.1615,678.1697,27187,36739,Eptesicus serotinus,0.009,0.028,-1,Echolocation,/mnt/ubna_data_01_mir/recover-20220825/UBNA_002/20220823_033000.WAV,Telephone Field,recover-20220825,002,1795
678.2255,678.2338,41796,49379,Pipistrellus nathusii,0.006,0.021,-1,Echolocation,/mnt/ubna_data_01_mir/recover-20220825/UBNA_002/20220823_033000.WAV,Telephone Field,recover-20220825,002,1795
678.2265,678.233,32343,55420,Myotis brandtii,0.009,0.022,-1,Echolocation,/mnt/ubna_data_01_mir/recover-20220825/UBNA_002/20220823_033000.WAV,Telephone Field,recover-20220825,002,1795
678.2345,678.243,28046,35062,Eptesicus serotinus,0.008,0.022,-1,Echolocation,/mnt/ubna_data_01_mir/recover-20220825/UBNA_002/20220823_033000.WAV,Telephone Field,recover-20220825,002,1795
678.2475,678.2544,39218,53608,Pipistrellus nathusii,0.481,0.55,-1,Echolocation,/mnt/ubna_data_01_mir/recover-20220825/UBNA_002/20220823_033000.WAV,Telephone Field,recover-20220825,002,1795
678.2495,678.2605,16015,25429,Nyctalus noctula,0.01,0.024,-1,Echolocation,/mnt/ubna_data_01_mir/recover-20220825/UBNA_002/20220823_033000.WAV,Telephone Field,recover-20220825,002,1795
678.2565,678.2645,27187,35522,Eptesicus serotinus,0.009,0.029,-1,Echolocation,/mnt/ubna_data_01_mir/recover-20220825/UBNA_002/20220823_033000.WAV,Telephone Field,recover-20220825,002,1795
678.2795,678.2895,23750,29469,Nyctalus leisleri,0.008,0.02,-1,Echolocation,/mnt/ubna_data_01_mir/recover-20220825/UBNA_002/20220823_033000.WAV,Telephone Field,recover-20220825,002,1795
678.2865,678.3228,68437,81191,Rhinolophus ferrumequinum,0.027,0.027,-1,Echolocation,/mnt/ubna_data_01_mir/recover-20220825/UBNA_002/20220823_033000.WAV,Telephone Field,recover-20220825,002,1795
678.3005,678.3189,19453,22480,Nyctalus leisleri,0.012,0.022,-1,Echolocation,/mnt/ubna_data_01_mir/recover-20220825/UBNA_002/20220823_033000.WAV,Telephone Field,recover-20220825,002,1795
678.3045,678.3118,52109,57867,Pipistrellus pygmaeus,0.019,0.021,-1,Echolocation,/mnt/ubna_data_01_mir/recover-20220825/UBNA_002/20220823_033000.WAV,Telephone Field,recover-20220825,002,1795
678.3125,678.321,28046,37359,Eptesicus serotinus,0.007,0.022,-1,Echolocation,/mnt/ubna_data_01_mir/recover-20220825/UBNA_002/20220823_033000.WAV,Telephone Field,recover-20220825,002,1795
678.3285,678.3693,68437,83226,Rhinolophus ferrumequinum,0.036,0.036,-1,Echolocation,/mnt/ubna_data_01_mir/recover-20220825/UBNA_002/20220823_033000.WAV,Telephone Field,recover-20220825,002,1795
678.3435,678.3486,30625,69300,Myotis brandtii,0.03,0.059,-1,Echolocation,/mnt/ubna_data_01_mir/recover-20220825/UBNA_002/20220823_033000.WAV,Telephone Field,recover-20220825,002,1795
678.3455,678.3527,40937,55239,Pipistrellus nathusii,0.525,0.569,-1,Echolocation,/mnt/ubna_data_01_mir/recover-20220825/UBNA_002/20220823_033000.WAV,Telephone Field,recover-20220825,002,1795
678.3535,678.3638,23750,28589,Nyctalus leisleri,0.01,0.025,-1,Echolocation,/mnt/ubna_data_01_mir/recover-20220825/UBNA_002/20220823_033000.WAV,Telephone Field,recover-20220825,002,1795
678.3845,678.3917,54687,59792,Pipistrellus pygmaeus,0.035,0.035,-1,Echolocation,/mnt/ubna_data_01_mir/recover-20220825/UBNA_002/20220823_033000.WAV,Telephone Field,recover-20220825,002,1795
678.4255,678.4319,36640,52826,Myotis brandtii,0.009,0.021,-1,Echolocation,/mnt/ubna_data_01_mir/recover-20220825/UBNA_002/20220823_033000.WAV,Telephone Field,recover-20220825,002,1795
678.4385,678.4458,40078,55373,Pipistrellus nathusii,0.472,0.548,-1,Echolocation,/mnt/ubna_data_01_mir/recover-20220825/UBNA_002/20220823_033000.WAV,Telephone Field,recover-20220825,002,1795
678.4525,678.4866,68437,81478,Rhinolophus ferrumequinum,0.021,0.021,-1,Echolocation,/mnt/ubna_data_01_mir/recover-20220825/UBNA_002/20220823_033000.WAV,Telephone Field,recover-20220825,002,1795
678.4985,678.507,39218,46581,Pipistrellus nathusii,0.01,0.021,-1,Echolocation,/mnt/ubna_data_01_mir/recover-20220825/UBNA_002/20220823_033000.WAV,Telephone Field,recover-20220825,002,1795
678.5105,678.5187,28046,46213,Eptesicus serotinus,0.009,0.024,-1,Echolocation,/mnt/ubna_data_01_mir/recover-20220825/UBNA_002/20220823_033000.WAV,Telephone Field,recover-20220825,002,1795
678.5185,678.5527,68437,81840,Rhinolophus ferrumequinum,0.022,0.022,-1,Echolocation,/mnt/ubna_data_01_mir/recover-20220825/UBNA_002/20220823_033000.WAV,Telephone Field,recover-20220825,002,1795
678.5195,678.5283,28046,35698,Eptesicus serotinus,0.008,0.022,-1,Echolocation,/mnt/ubna_data_01_mir/recover-20220825/UBNA_002/20220823_033000.WAV,Telephone Field,recover-20220825,002,1795
678.5365,678.5449,48671,52858,Pipistrellus pipistrellus,0.013,0.023,-1,Echolocation,/mnt/ubna_data_01_mir/recover-20220825/UBNA_002/20220823_033000.WAV,Telephone Field,recover-20220825,002,1795
678.5385,678.5459,38359,57125,Pipistrellus nathusii,0.517,0.627,-1,Echolocation,/mnt/ubna_data_01_mir/recover-20220825/UBNA_002/20220823_033000.WAV,Telephone Field,recover-20220825,002,1795
678.5475,678.5541,27187,37499,Eptesicus serotinus,0.004,0.021,-1,Echolocation,/mnt/ubna_data_01_mir/recover-20220825/UBNA_002/20220823_033000.WAV,Telephone Field,recover-20220825,002,1795
678.5695,678.6041,68437,81543,Rhinolophus ferrumequinum,0.02,0.02,-1,Echolocation,/mnt/ubna_data_01_mir/recover-20220825/UBNA_002/20220823_033000.WAV,Telephone Field,recover-20220825,002,1795
678.6025,678.6347,68437,81236,Rhinolophus ferrumequinum,0.022,0.022,-1,Echolocation,/mnt/ubna_data_01_mir/recover-20220825/UBNA_002/20220823_033000.WAV,Telephone Field,recover-20220825,002,1795
678.6305,678.6641,68437,81724,Rhinolophus ferrumequinum,0.02,0.02,-1,Echolocation,/mnt/ubna_data_01_mir/recover-20220825/UBNA_002/20220823_033000.WAV,Telephone Field,recover-20220825,002,1795
678.6415,678.6508,54687,63494,Pipistrellus pygmaeus,0.023,0.024,-1,Echolocation,/mnt/ubna_data_01_mir/recover-20220825/UBNA_002/20220823_033000.WAV,Telephone Field,recover-20220825,002,1795
678.6595,678.697,68437,82348,Rhinolophus ferrumequinum,0.02,0.02,-1,Echolocation,/mnt/ubna_data_01_mir/recover-20220825/UBNA_002/20220823_033000.WAV,Telephone Field,recover-20220825,002,1795
678.6685,678.6843,23750,27083,Nyctalus leisleri,0.027,0.049,-1,Echolocation,/mnt/ubna_data_01_mir/recover-20220825/UBNA_002/20220823_033000.WAV,Telephone Field,recover-20220825,002,1795
678.6765,678.6826,40078,55085,Pipistrellus nathusii,0.517,0.555,-1,Echolocation,/mnt/ubna_data_01_mir/recover-20220825/UBNA_002/20220823_033000.WAV,Telephone Field,recover-20220825,002,1795
678.7135,678.7218,48671,54794,Pipistrellus pipistrellus,0.035,0.043,-1,Echolocation,/mnt/ubna_data_01_mir/recover-20220825/UBNA_002/20220823_033000.WAV,Telephone Field,recover-20220825,002,1795
678.7205,678.7288,28046,39508,Eptesicus serotinus,0.008,0.021,-1,Echolocation,/mnt/ubna_data_01_mir/recover-20220825/UBNA_002/20220823_033000.WAV,Telephone Field,recover-20220825,002,1795
678.7655,678.7712,28906,66921,Myotis bechsteinii,0.031,0.065,-1,Echolocation,/mnt/ubna_data_01_mir/recover-20220825/UBNA_002/20220823_033000.WAV,Telephone Field,recover-20220825,002,1795
678.7665,678.7735,37500,57565,Pipistrellus nathusii,0.445,0.537,-1,Echolocation,/mnt/ubna_data_01_mir/recover-20220825/UBNA_002/20220823_033000.WAV,Telephone Field,recover-20220825,002,1795
678.7755,678.7816,30625,44535,Myotis daubentonii,0.011,0.023,-1,Echolocation,/mnt/ubna_data_01_mir/recover-20220825/UBNA_002/20220823_033000.WAV,Telephone Field,recover-20220825,002,1795
678.8025,678.8391,68437,82032,Rhinolophus ferrumequinum,0.021,0.021,-1,Echolocation,/mnt/ubna_data_01_mir/recover-20220825/UBNA_002/20220823_033000.WAV,Telephone Field,recover-20220825,002,1795
678.8595,678.8912,68437,81242,Rhinolophus ferrumequinum,0.02,0.02,-1,Echolocation,/mnt/ubna_data_01_mir/recover-20220825/UBNA_002/20220823_033000.WAV,Telephone Field,recover-20220825,002,1795
678.8605,678.8681,37500,54760,Pipistrellus nathusii,0.612,0.68,-1,Echolocation,/mnt/ubna_data_01_mir/recover-20220825/UBNA_002/20220823_033000.WAV,Telephone Field,recover-20220825,002,1795
678.8685,678.8742,31484,45489,Myotis daubentonii,0.01,0.023,-1,Echolocation,/mnt/ubna_data_01_mir/recover-20220825/UBNA_002/20220823_033000.WAV,Telephone Field,recover-20220825,002,1795
678.8695,678.8766,27187,38843,Eptesicus serotinus,0.005,0.022,-1,Echolocation,/mnt/ubna_data_01_mir/recover-20220825/UBNA_002/20220823_033000.WAV,Telephone Field,recover-20220825,002,1795
678.8715,678.9047,68437,81188,Rhinolophus ferrumequinum,0.021,0.022,-1,Echolocation,/mnt/ubna_data_01_mir/recover-20220825/UBNA_002/20220823_033000.WAV,Telephone Field,recover-20220825,002,1795
678.8915,678.9247,68437,80803,Rhinolophus ferrumequinum,0.021,0.021,-1,Echolocation,/mnt/ubna_data_01_mir/recover-20220825/UBNA_002/20220823_033000.WAV,Telephone Field,recover-20220825,002,1795
678.9095,678.9175,55546,62834,Pipistrellus pygmaeus,0.029,0.03,-1,Echolocation,/mnt/ubna_data_01_mir/recover-20220825/UBNA_002/20220823_033000.WAV,Telephone Field,recover-20220825,002,1795
678.9115,678.9199,28046,40460,Eptesicus serotinus,0.007,0.02,-1,Echolocation,/mnt/ubna_data_01_mir/recover-20220825/UBNA_002/20220823_033000.WAV,Telephone Field,recover-20220825,002,1795
678.9345,678.9438,26328,35811,Eptesicus serotinus,0.009,0.022,-1,Echolocation,/mnt/ubna_data_01_mir/recover-20220825/UBNA_002/20220823_033000.WAV,Telephone Field,recover-20220825,002,1795
678.9455,678.9536,25468,31929,Eptesicus serotinus,0.008,0.028,-1,Echolocation,/mnt/ubna_data_01_mir/recover-20220825/UBNA_002/20220823_033000.WAV,Telephone Field,recover-20220825,002,1795
678.9595,678.9653,28906,68775,Myotis bechsteinii,0.039,0.082,-1,Echolocation,/mnt/ubna_data_01_mir/recover-20220825/UBNA_002/20220823_033000.WAV,Telephone Field,recover-20220825,002,1795
678.9605,678.9667,39218,55244,Pipistrellus nathusii,0.505,0.532,-1,Echolocation,/mnt/ubna_data_01_mir/recover-20220825/UBNA_002/20220823_033000.WAV,Telephone Field,recover-20220825,002,1795
678.9685,678.9745,30625,41954,Myotis daubentonii,0.01,0.026,-1,Echolocation,/mnt/ubna_data_01_mir/recover-20220825/UBNA_002/20220823_033000.WAV,Telephone Field,recover-20220825,002,1795
678.9715,679.0034,68437,80776,Rhinolophus ferrumequinum,0.021,0.021,-1,Echolocation,/mnt/ubna_data_01_mir/recover-20220825/UBNA_002/20220823_033000.WAV,Telephone Field,recover-20220825,002,1795
678.9795,679.0184,68437,82385,Rhinolophus ferrumequinum,0.022,0.022,-1,Echolocation,/mnt/ubna_data_01_mir/recover-20220825/UBNA_002/20220823_033000.WAV,Telephone Field,recover-20220825,002,1795
678.9895,679.0252,68437,81913,Rhinolophus ferrumequinum,0.021,0.021,-1,Echolocation,/mnt/ubna_data_01_mir/recover-20220825/UBNA_002/20220823_033000.WAV,Telephone Field,recover-20220825,002,1795
679.0005,679.0384,68437,81744,Rhinolophus ferrumequinum,0.025,0.025,-1,Echolocation,/mnt/ubna_data_01_mir/recover-20220825/UBNA_002/20220823_033000.WAV,Telephone Field,recover-20220825,002,1795
679.0195,679.0267,54687,60463,Pipistrellus pygmaeus,0.021,0.021,-1,Echolocation,/mnt/ubna_data_01_mir/recover-20220825/UBNA_002/20220823_033000.WAV,Telephone Field,recover-20220825,002,1795
679.0575,679.0633,28906,62949,Myotis bechsteinii,0.013,0.034,-1,Echolocation,/mnt/ubna_data_01_mir/recover-20220825/UBNA_002/20220823_033000.WAV,Telephone Field,recover-20220825,002,1795
679.0595,679.0669,38359,54228,Pipistrellus nathusii,0.661,0.692,-1,Echolocation,/mnt/ubna_data_01_mir/recover-20220825/UBNA_002/20220823_033000.WAV,Telephone Field,recover-20220825,002,1795
679.0625,679.0718,21171,35038,Plecotus austriacus,0.007,0.024,-1,Echolocation,/mnt/ubna_data_01_mir/recover-20220825/UBNA_002/20220823_033000.WAV,Telephone Field,recover-20220825,002,1795
679.0675,679.0746,26328,37730,Eptesicus serotinus,0.005,0.025,-1,Echolocation,/mnt/ubna_data_01_mir/recover-20220825/UBNA_002/20220823_033000.WAV,Telephone Field,recover-20220825,002,1795
679.0765,679.1114,68437,81305,Rhinolophus ferrumequinum,0.022,0.022,-1,Echolocation,/mnt/ubna_data_01_mir/recover-20220825/UBNA_002/20220823_033000.WAV,Telephone Field,recover-20220825,002,1795
679.0915,679.1018,31484,37746,Barbastellus barbastellus,0.006,0.026,-1,Echolocation,/mnt/ubna_data_01_mir/recover-20220825/UBNA_002/20220823_033000.WAV,Telephone Field,recover-20220825,002,1795
679.1055,679.1431,68437,82138,Rhinolophus ferrumequinum,0.021,0.021,-1,Echolocation,/mnt/ubna_data_01_mir/recover-20220825/UBNA_002/20220823_033000.WAV,Telephone Field,recover-20220825,002,1795
679.1635,679.171,36640,56466,Pipistrellus nathusii,0.589,0.653,-1,Echolocation,/mnt/ubna_data_01_mir/recover-20220825/UBNA_002/20220823_033000.WAV,Telephone Field,recover-20220825,002,1795
679.1715,679.1784,26328,36129,Eptesicus serotinus,0.005,0.023,-1,Echolocation,/mnt/ubna_data_01_mir/recover-20220825/UBNA_002/20220823_033000.WAV,Telephone Field,recover-20220825,002,1795
679.1735,679.2045,68437,81129,Rhinolophus ferrumequinum,0.022,0.022,-1,Echolocation,/mnt/ubna_data_01_mir/recover-20220825/UBNA_002/20220823_033000.WAV,Telephone Field,recover-20220825,002,1795
679.2015,679.239,68437,82142,Rhinolophus ferrumequinum,0.021,0.021,-1,Echolocation,/mnt/ubna_data_01_mir/recover-20220825/UBNA_002/20220823_033000.WAV,Telephone Field,recover-20220825,002,1795
679.2615,679.27,52109,56632,Pipistrellus pygmaeus,0.036,0.04,-1,Echolocation,/mnt/ubna_data_01_mir/recover-20220825/UBNA_002/20220823_033000.WAV,Telephone Field,recover-20220825,002,1795
679.2625,679.2685,28906,63057,Myotis bechsteinii,0.014,0.039,-1,Echolocation,/mnt/ubna_data_01_mir/recover-20220825/UBNA_002/20220823_033000.WAV,Telephone Field,recover-20220825,002,1795
679.2645,679.2722,36640,57486,Pipistrellus nathusii,0.648,0.701,-1,Echolocation,/mnt/ubna_data_01_mir/recover-20220825/UBNA_002/20220823_033000.WAV,Telephone Field,recover-20220825,002,1795
679.3055,679.3452,68437,82121,Rhinolophus ferrumequinum,0.021,0.021,-1,Echolocation,/mnt/ubna_data_01_mir/recover-20220825/UBNA_002/20220823_033000.WAV,Telephone Field,recover-20220825,002,1795
679.3475,679.3831,68437,81487,Rhinolophus ferrumequinum,0.021,0.021,-1,Echolocation,/mnt/ubna_data_01_mir/recover-20220825/UBNA_002/20220823_033000.WAV,Telephone Field,recover-20220825,002,1795
679.3575,679.3904,68437,80848,Rhinolophus ferrumequinum,0.022,0.022,-1,Echolocation,/mnt/ubna_data_01_mir/recover-20220825/UBNA_002/20220823_033000.WAV,Telephone Field,recover-20220825,002,1795
679.3655,679.3735,47812,54041,Pipistrellus pipistrellus,0.018,0.032,-1,Echolocation,/mnt/ubna_data_01_mir/recover-20220825/UBNA_002/20220823_033000.WAV,Telephone Field,recover-20220825,002,1795
679.3655,679.3735,37500,55054,Pipistrellus nathusii,0.655,0.696,-1,Echolocation,/mnt/ubna_data_01_mir/recover-20220825/UBNA_002/20220823_033000.WAV,Telephone Field,recover-20220825,002,1795
679.3725,679.3793000000001,26328,37762,Eptesicus serotinus,0.006,0.025,-1,Echolocation,/mnt/ubna_data_01_mir/recover-20220825/UBNA_002/20220823_033000.WAV,Telephone Field,recover-20220825,002,1795
679.3745,679.3801,34062,50158,Myotis brandtii,0.01,0.023,-1,Echolocation,/mnt/ubna_data_01_mir/recover-20220825/UBNA_002/20220823_033000.WAV,Telephone Field,recover-20220825,002,1795
679.3775,679.4067,68437,80893,Rhinolophus ferrumequinum,0.02,0.02,-1,Echolocation,/mnt/ubna_data_01_mir/recover-20220825/UBNA_002/20220823_033000.WAV,Telephone Field,recover-20220825,002,1795
679.4075,679.423,22031,25643,Nyctalus leisleri,0.013,0.022,-1,Echolocation,/mnt/ubna_data_01_mir/recover-20220825/UBNA_002/20220823_033000.WAV,Telephone Field,recover-20220825,002,1795
679.4135,679.432,20312,23546,Nyctalus leisleri,0.012,0.022,-1,Echolocation,/mnt/ubna_data_01_mir/recover-20220825/UBNA_002/20220823_033000.WAV,Telephone Field,recover-20220825,002,1795
679.4525,679.4606,28046,39257,Eptesicus serotinus,0.007,0.02,-1,Echolocation,/mnt/ubna_data_01_mir/recover-20220825/UBNA_002/20220823_033000.WAV,Telephone Field,recover-20220825,002,1795
679.4535,679.4885,68437,82276,Rhinolophus ferrumequinum,0.022,0.022,-1,Echolocation,/mnt/ubna_data_01_mir/recover-20220825/UBNA_002/20220823_033000.WAV,Telephone Field,recover-20220825,002,1795
679.4735000000001,679.5081,68437,80949,Rhinolophus ferrumequinum,0.021,0.021,-1,Echolocation,/mnt/ubna_data_01_mir/recover-20220825/UBNA_002/20220823_033000.WAV,Telephone Field,recover-20220825,002,1795
679.4985,679.5056,38359,59529,Pipistrellus nathusii,0.678,0.735,-1,Echolocation,/mnt/ubna_data_01_mir/recover-20220825/UBNA_002/20220823_033000.WAV,Telephone Field,recover-20220825,002,1795
679.5115,679.5443,68437,81244,Rhinolophus ferrumequinum,0.021,0.021,-1,Echolocation,/mnt/ubna_data_01_mir/recover-20220825/UBNA_002/20220823_033000.WAV,Telephone Field,recover-20220825,002,1795
679.5315,679.5702,68437,82689,Rhinolophus ferrumequinum,0.023,0.023,-1,Echolocation,/mnt/ubna_data_01_mir/recover-20220825/UBNA_002/20220823_033000.WAV,Telephone Field,recover-20220825,002,1795
679.5705,679.6005,68437,81079,Rhinolophus ferrumequinum,0.021,0.021,-1,Echolocation,/mnt/ubna_data_01_mir/recover-20220825/UBNA_002/20220823_033000.WAV,Telephone Field,recover-20220825,002,1795
679.5775,679.5847,45234,56549,Pipistrellus pipistrellus,0.011,0.032,-1,Echolocation,/mnt/ubna_data_01_mir/recover-20220825/UBNA_002/20220823_033000.WAV,Telephone Field,recover-20220825,002,1795
679.5805,679.5881,37500,57894,Pipistrellus nathusii,0.654,0.69,-1,Echolocation,/mnt/ubna_data_01_mir/recover-20220825/UBNA_002/20220823_033000.WAV,Telephone Field,recover-20220825,002,1795
679.5895,679.595,34921,51205,Myotis brandtii,0.012,0.025,-1,Echolocation,/mnt/ubna_data_01_mir/recover-20220825/UBNA_002/20220823_033000.WAV,Telephone Field,recover-20220825,002,1795
679.5935,679.6263,68437,81039,Rhinolophus ferrumequinum,0.024,0.025,-1,Echolocation,/mnt/ubna_data_01_mir/recover-20220825/UBNA_002/20220823_033000.WAV,Telephone Field,recover-20220825,002,1795
679.6025,679.6119,56406,62402,Pipistrellus pygmaeus,0.021,0.022,-1,Echolocation,/mnt/ubna_data_01_mir/recover-20220825/UBNA_002/20220823_033000.WAV,Telephone Field,recover-20220825,002,1795
679.6115,679.6243,22031,25981,Nyctalus leisleri,0.014,0.025,-1,Echolocation,/mnt/ubna_data_01_mir/recover-20220825/UBNA_002/20220823_033000.WAV,Telephone Field,recover-20220825,002,1795
679.6465,679.669,17734,21319,Nyctalus noctula,0.019,0.029,-1,Echolocation,/mnt/ubna_data_01_mir/recover-20220825/UBNA_002/20220823_033000.WAV,Telephone Field,recover-20220825,002,1795
679.6625,679.6714,28046,34754,Eptesicus serotinus,0.007,0.022,-1,Echolocation,/mnt/ubna_data_01_mir/recover-20220825/UBNA_002/20220823_033000.WAV,Telephone Field,recover-20220825,002,1795
679.6705,679.6785,48671,54587,Pipistrellus pipistrellus,0.015,0.027,-1,Echolocation,/mnt/ubna_data_01_mir/recover-20220825/UBNA_002/20220823_033000.WAV,Telephone Field,recover-20220825,002,1795
679.6755,679.6844,54687,59069,Pipistrellus pygmaeus,0.026,0.029,-1,Echolocation,/mnt/ubna_data_01_mir/recover-20220825/UBNA_002/20220823_033000.WAV,Telephone Field,recover-20220825,002,1795
679.6765,679.682,28046,57536,Myotis daubentonii,0.01,0.046,-1,Echolocation,/mnt/ubna_data_01_mir/recover-20220825/UBNA_002/20220823_033000.WAV,Telephone Field,recover-20220825,002,1795
679.6765,679.6844,37500,57105,Pipistrellus nathusii,0.618,0.692,-1,Echolocation,/mnt/ubna_data_01_mir/recover-20220825/UBNA_002/20220823_033000.WAV,Telephone Field,recover-20220825,002,1795
679.7825,679.7934,52968,58425,Pipistrellus pygmaeus,0.041,0.046,-1,Echolocation,/mnt/ubna_data_01_mir/recover-20220825/UBNA_002/20220823_033000.WAV,Telephone Field,recover-20220825,002,1795
679.7865,679.7934,37500,61933,Pipistrellus nathusii,0.657,0.705,-1,Echolocation,/mnt/ubna_data_01_mir/recover-20220825/UBNA_002/20220823_033000.WAV,Telephone Field,recover-20220825,002,1795
679.7955,679.8022,26328,37198,Eptesicus serotinus,0.005,0.025,-1,Echolocation,/mnt/ubna_data_01_mir/recover-20220825/UBNA_002/20220823_033000.WAV,Telephone Field,recover-20220825,002,1795
679.8005,679.8318,68437,80863,Rhinolophus ferrumequinum,0.022,0.022,-1,Echolocation,/mnt/ubna_data_01_mir/recover-20220825/UBNA_002/20220823_033000.WAV,Telephone Field,recover-20220825,002,1795
679.8295,679.8692,68437,82270,Rhinolophus ferrumequinum,0.022,0.022,-1,Echolocation,/mnt/ubna_data_01_mir/recover-20220825/UBNA_002/20220823_033000.WAV,Telephone Field,recover-20220825,002,1795
679.8325,679.8422,28046,36792,Eptesicus serotinus,0.008,0.021,-1,Echolocation,/mnt/ubna_data_01_mir/recover-20220825/UBNA_002/20220823_033000.WAV,Telephone Field,recover-20220825,002,1795
679.8605,679.8679,28046,39149,Eptesicus serotinus,0.006,0.02,-1,Echolocation,/mnt/ubna_data_01_mir/recover-20220825/UBNA_002/20220823_033000.WAV,Telephone Field,recover-20220825,002,1795
679.8705,679.9059,68437,82062,Rhinolophus ferrumequinum,0.022,0.022,-1,Echolocation,/mnt/ubna_data_01_mir/recover-20220825/UBNA_002/20220823_033000.WAV,Telephone Field,recover-20220825,002,1795
679.8875,679.8996,52968,59688,Pipistrellus pygmaeus,0.018,0.021,-1,Echolocation,/mnt/ubna_data_01_mir/recover-20220825/UBNA_002/20220823_033000.WAV,Telephone Field,recover-20220825,002,1795
679.8915,679.8994,36640,59762,Pipistrellus nathusii,0.572,0.67,-1,Echolocation,/mnt/ubna_data_01_mir/recover-20220825/UBNA_002/20220823_033000.WAV,Telephone Field,recover-20220825,002,1795
679.8925,679.8977,50390,56112,Pipistrellus pipistrellus,0.011,0.023,-1,Echolocation,/mnt/ubna_data_01_mir/recover-20220825/UBNA_002/20220823_033000.WAV,Telephone Field,recover-20220825,002,1795
679.9005,679.9066,26328,36677,Eptesicus serotinus,0.005,0.027,-1,Echolocation,/mnt/ubna_data_01_mir/recover-20220825/UBNA_002/20220823_033000.WAV,Telephone Field,recover-20220825,002,1795
679.9025,679.9324,68437,80874,Rhinolophus ferrumequinum,0.021,0.021,-1,Echolocation,/mnt/ubna_data_01_mir/recover-20220825/UBNA_002/20220823_033000.WAV,Telephone Field,recover-20220825,002,1795
679.9205,679.9319,28046,34782,Eptesicus serotinus,0.012,0.029,-1,Echolocation,/mnt/ubna_data_01_mir/recover-20220825/UBNA_002/20220823_033000.WAV,Telephone Field,recover-20220825,002,1795
679.9275,679.9363,30625,38230,Myotis daubentonii,0.007,0.029,-1,Echolocation,/mnt/ubna_data_01_mir/recover-20220825/UBNA_002/20220823_033000.WAV,Telephone Field,recover-20220825,002,1795
679.9395,679.9501,22890,27340,Nyctalus leisleri,0.009,0.021,-1,Echolocation,/mnt/ubna_data_01_mir/recover-20220825/UBNA_002/20220823_033000.WAV,Telephone Field,recover-20220825,002,1795
679.9515,679.9594,47812,56004,Pipistrellus pipistrellus,0.017,0.022,-1,Echolocation,/mnt/ubna_data_01_mir/recover-20220825/UBNA_002/20220823_033000.WAV,Telephone Field,recover-20220825,002,1795
679.9535,679.9883,68437,81733,Rhinolophus ferrumequinum,0.021,0.021,-1,Echolocation,/mnt/ubna_data_01_mir/recover-20220825/UBNA_002/20220823_033000.WAV,Telephone Field,recover-20220825,002,1795
679.9775,679.9835,36640,55223,Myotis brandtii,0.008,0.023,-1,Echolocation,/mnt/ubna_data_01_mir/recover-20220825/UBNA_002/20220823_033000.WAV,Telephone Field,recover-20220825,002,1795
679.9795,679.9851,30625,49243,Myotis daubentonii,0.01,0.023,-1,Echolocation,/mnt/ubna_data_01_mir/recover-20220825/UBNA_002/20220823_033000.WAV,Telephone Field,recover-20220825,002,1795
679.9915,679.9981,28906,62189,Myotis brandtii,0.012,0.043,-1,Echolocation,/mnt/ubna_data_01_mir/recover-20220825/UBNA_002/20220823_033000.WAV,Telephone Field,recover-20220825,002,1795
680.0015,680.0066,37500,51704,Myotis daubentonii,0.041,0.113,-1,Echolocation,/mnt/ubna_data_01_mir/recover-20220825/UBNA_002/20220823_033000.WAV,Telephone Field,recover-20220825,002,1795
680.0015,680.0095,23750,37424,Myotis nattereri,0.006,0.026,-1,Echolocation,/mnt/ubna_data_01_mir/recover-20220825/UBNA_002/20220823_033000.WAV,Telephone Field,recover-20220825,002,1795
680.0015,680.0092,46953,54218,Pipistrellus pipistrellus,0.017,0.026,-1,Echolocation,/mnt/ubna_data_01_mir/recover-20220825/UBNA_002/20220823_033000.WAV,Telephone Field,recover-20220825,002,1795
680.0015,680.0283,68437,82056,Rhinolophus ferrumequinum,0.041,0.041,-1,Echolocation,/mnt/ubna_data_01_mir/recover-20220825/UBNA_002/20220823_033000.WAV,Telephone Field,recover-20220825,002,1795
680.0085,680.0444,68437,81391,Rhinolophus ferrumequinum,0.022,0.022,-1,Echolocation,/mnt/ubna_data_01_mir/recover-20220825/UBNA_002/20220823_033000.WAV,Telephone Field,recover-20220825,002,1795
680.0115,680.0207,27187,35977,Eptesicus serotinus,0.008,0.023,-1,Echolocation,/mnt/ubna_data_01_mir/recover-20220825/UBNA_002/20220823_033000.WAV,Telephone Field,recover-20220825,002,1795
680.0405,680.0476,49531,57016,Pipistrellus pipistrellus,0.018,0.022,-1,Echolocation,/mnt/ubna_data_01_mir/recover-20220825/UBNA_002/20220823_033000.WAV,Telephone Field,recover-20220825,002,1795
680.0885,680.0987,54687,60501,Pipistrellus pygmaeus,0.05,0.053,-1,Echolocation,/mnt/ubna_data_01_mir/recover-20220825/UBNA_002/20220823_033000.WAV,Telephone Field,recover-20220825,002,1795
680.0935,680.0998,28046,74708,Myotis bechsteinii,0.041,0.075,-1,Echolocation,/mnt/ubna_data_01_mir/recover-20220825/UBNA_002/20220823_033000.WAV,Telephone Field,recover-20220825,002,1795
680.0945,680.1015,36640,68359,Pipistrellus nathusii,0.494,0.62,-1,Echolocation,/mnt/ubna_data_01_mir/recover-20220825/UBNA_002/20220823_033000.WAV,Telephone Field,recover-20220825,002,1795
680.1075,680.1145,50390,61819,Pipistrellus pipistrellus,0.016,0.022,-1,Echolocation,/mnt/ubna_data_01_mir/recover-20220825/UBNA_002/20220823_033000.WAV,Telephone Field,recover-20220825,002,1795
680.1215,680.1284,57265,64005,Pipistrellus pygmaeus,0.024,0.025,-1,Echolocation,/mnt/ubna_data_01_mir/recover-20220825/UBNA_002/20220823_033000.WAV,Telephone Field,recover-20220825,002,1795
680.1335,680.1764000000001,68437,82768,Rhinolophus ferrumequinum,0.023,0.023,-1,Echolocation,/mnt/ubna_data_01_mir/recover-20220825/UBNA_002/20220823_033000.WAV,Telephone Field,recover-20220825,002,1795
680.1455,680.1518,48671,52722,Pipistrellus pipistrellus,0.019,0.022,-1,Echolocation,/mnt/ubna_data_01_mir/recover-20220825/UBNA_002/20220823_033000.WAV,Telephone Field,recover-20220825,002,1795
680.1645,680.1724,58984,67176,Pipistrellus pygmaeus,0.041,0.042,-1,Echolocation,/mnt/ubna_data_01_mir/recover-20220825/UBNA_002/20220823_033000.WAV,Telephone Field,recover-20220825,002,1795
680.1895,680.1948,47812,67830,Myotis mystacinus,0.011,0.031,-1,Echolocation,/mnt/ubna_data_01_mir/recover-20220825/UBNA_002/20220823_033000.WAV,Telephone Field,recover-20220825,002,1795
680.1945,680.2001,28906,72896,Myotis brandtii,0.038,0.082,-1,Echolocation,/mnt/ubna_data_01_mir/recover-20220825/UBNA_002/20220823_033000.WAV,Telephone Field,recover-20220825,002,1795
680.1955,680.2023,37500,65484,Pipistrellus nathusii,0.588,0.649,-1,Echolocation,/mnt/ubna_data_01_mir/recover-20220825/UBNA_002/20220823_033000.WAV,Telephone Field,recover-20220825,002,1795
680.1965,680.2038,47812,58113,Pipistrellus pipistrellus,0.012,0.03,-1,Echolocation,/mnt/ubna_data_01_mir/recover-20220825/UBNA_002/20220823_033000.WAV,Telephone Field,recover-20220825,002,1795
680.2045,680.2113,26328,36325,Eptesicus serotinus,0.005,0.023,-1,Echolocation,/mnt/ubna_data_01_mir/recover-20220825/UBNA_002/20220823_033000.WAV,Telephone Field,recover-20220825,002,1795
680.2095,680.2434,68437,81279,Rhinolophus ferrumequinum,0.024,0.024,-1,Echolocation,/mnt/ubna_data_01_mir/recover-20220825/UBNA_002/20220823_033000.WAV,Telephone Field,recover-20220825,002,1795
680.2915,680.2978,51250,62107,Pipistrellus pipistrellus,0.028,0.055,-1,Echolocation,/mnt/ubna_data_01_mir/recover-20220825/UBNA_002/20220823_033000.WAV,Telephone Field,recover-20220825,002,1795
680.2915,680.3279,68437,82975,Rhinolophus ferrumequinum,0.026,0.026,-1,Echolocation,/mnt/ubna_data_01_mir/recover-20220825/UBNA_002/20220823_033000.WAV,Telephone Field,recover-20220825,002,1795
680.2925,680.2997,37500,68800,Pipistrellus nathusii,0.533,0.631,-1,Echolocation,/mnt/ubna_data_01_mir/recover-20220825/UBNA_002/20220823_033000.WAV,Telephone Field,recover-20220825,002,1795
680.3035,680.3344,68437,81204,Rhinolophus ferrumequinum,0.024,0.024,-1,Echolocation,/mnt/ubna_data_01_mir/recover-20220825/UBNA_002/20220823_033000.WAV,Telephone Field,recover-20220825,002,1795
680.3555,680.393,68437,80993,Rhinolophus ferrumequinum,0.022,0.022,-1,Echolocation,/mnt/ubna_data_01_mir/recover-20220825/UBNA_002/20220823_033000.WAV,Telephone Field,recover-20220825,002,1795
680.3565,680.3632,47812,55976,Pipistrellus pipistrellus,0.017,0.023,-1,Echolocation,/mnt/ubna_data_01_mir/recover-20220825/UBNA_002/20220823_033000.WAV,Telephone Field,recover-20220825,002,1795
680.3835,680.4213,68437,81551,Rhinolophus ferrumequinum,0.021,0.022,-1,Echolocation,/mnt/ubna_data_01_mir/recover-20220825/UBNA_002/20220823_033000.WAV,Telephone Field,recover-20220825,002,1795
680.4105,680.4461,68437,81581,Rhinolophus ferrumequinum,0.022,0.022,-1,Echolocation,/mnt/ubna_data_01_mir/recover-20220825/UBNA_002/20220823_033000.WAV,Telephone Field,recover-20220825,002,1795
680.4595,680.4649,36640,53644,Myotis brandtii,0.017,0.034,-1,Echolocation,/mnt/ubna_data_01_mir/recover-20220825/UBNA_002/20220823_033000.WAV,Telephone Field,recover-20220825,002,1795
680.4695,680.4776,27187,38053,Eptesicus serotinus,0.009,0.022,-1,Echolocation,/mnt/ubna_data_01_mir/recover-20220825/UBNA_002/20220823_033000.WAV,Telephone Field,recover-20220825,002,1795
680.4695,680.48,46953,50401,Pipistrellus pipistrellus,0.027,0.036,-1,Echolocation,/mnt/ubna_data_01_mir/recover-20220825/UBNA_002/20220823_033000.WAV,Telephone Field,recover-20220825,002,1795
680.5055,680.5124,50390,58880,Pipistrellus pipistrellus,0.016,0.022,-1,Echolocation,/mnt/ubna_data_01_mir/recover-20220825/UBNA_002/20220823_033000.WAV,Telephone Field,recover-20220825,002,1795
680.5115,680.5196,43515,51923,Pipistrellus nathusii,0.018,0.035,-1,Echolocation,/mnt/ubna_data_01_mir/recover-20220825/UBNA_002/20220823_033000.WAV,Telephone Field,recover-20220825,002,1795
680.5115,680.5172,32343,64182,Myotis brandtii,0.017,0.03,-1,Echolocation,/mnt/ubna_data_01_mir/recover-20220825/UBNA_002/20220823_033000.WAV,Telephone Field,recover-20220825,002,1795
680.5375,680.5427,47812,65288,Myotis brandtii,0.011,0.028,-1,Echolocation,/mnt/ubna_data_01_mir/recover-20220825/UBNA_002/20220823_033000.WAV,Telephone Field,recover-20220825,002,1795
680.5425,680.549,25468,81767,Myotis bechsteinii,0.081,0.12,-1,Echolocation,/mnt/ubna_data_01_mir/recover-20220825/UBNA_002/20220823_033000.WAV,Telephone Field,recover-20220825,002,1795
680.5425,680.5495,36640,70670,Pipistrellus nathusii,0.359,0.463,-1,Echolocation,/mnt/ubna_data_01_mir/recover-20220825/UBNA_002/20220823_033000.WAV,Telephone Field,recover-20220825,002,1795
680.5435,680.5535,54687,67582,Pipistrellus pygmaeus,0.031,0.034,-1,Echolocation,/mnt/ubna_data_01_mir/recover-20220825/UBNA_002/20220823_033000.WAV,Telephone Field,recover-20220825,002,1795
680.5535,680.5587,34921,58595,Myotis brandtii,0.018,0.028,-1,Echolocation,/mnt/ubna_data_01_mir/recover-20220825/UBNA_002/20220823_033000.WAV,Telephone Field,recover-20220825,002,1795
680.5745,680.6123,68437,82400,Rhinolophus ferrumequinum,0.022,0.022,-1,Echolocation,/mnt/ubna_data_01_mir/recover-20220825/UBNA_002/20220823_033000.WAV,Telephone Field,recover-20220825,002,1795
680.6045,680.6187,22031,26140,Nyctalus leisleri,0.015,0.029,-1,Echolocation,/mnt/ubna_data_01_mir/recover-20220825/UBNA_002/20220823_033000.WAV,Telephone Field,recover-20220825,002,1795
680.6514999999999,680.6573,34062,48921,Myotis daubentonii,0.009,0.024,-1,Echolocation,/mnt/ubna_data_01_mir/recover-20220825/UBNA_002/20220823_033000.WAV,Telephone Field,recover-20220825,002,1795
680.6525,680.6598,56406,61115,Pipistrellus pygmaeus,0.027,0.028,-1,Echolocation,/mnt/ubna_data_01_mir/recover-20220825/UBNA_002/20220823_033000.WAV,Telephone Field,recover-20220825,002,1795
680.6665,680.6945,68437,81136,Rhinolophus ferrumequinum,0.028,0.028,-1,Echolocation,/mnt/ubna_data_01_mir/recover-20220825/UBNA_002/20220823_033000.WAV,Telephone Field,recover-20220825,002,1795
680.6665,680.6745,34921,78110,Myotis brandtii,0.21,0.288,-1,Echolocation,/mnt/ubna_data_01_mir/recover-20220825/UBNA_002/20220823_033000.WAV,Telephone Field,recover-20220825,002,1795
680.6675,680.6739,25468,91127,Myotis bechsteinii,0.08,0.111,-1,Echolocation,/mnt/ubna_data_01_mir/recover-20220825/UBNA_002/20220823_033000.WAV,Telephone Field,recover-20220825,002,1795
680.6675,680.6765,50390,63657,Pipistrellus pipistrellus,0.018,0.03,-1,Echolocation,/mnt/ubna_data_01_mir/recover-20220825/UBNA_002/20220823_033000.WAV,Telephone Field,recover-20220825,002,1795
680.6755,680.682,38359,52915,Pipistrellus nathusii,0.019,0.037,-1,Echolocation,/mnt/ubna_data_01_mir/recover-20220825/UBNA_002/20220823_033000.WAV,Telephone Field,recover-20220825,002,1795
680.6805,680.7127,68437,80593,Rhinolophus ferrumequinum,0.022,0.023,-1,Echolocation,/mnt/ubna_data_01_mir/recover-20220825/UBNA_002/20220823_033000.WAV,Telephone Field,recover-20220825,002,1795
680.7155,680.7568,68437,82784,Rhinolophus ferrumequinum,0.026,0.026,-1,Echolocation,/mnt/ubna_data_01_mir/recover-20220825/UBNA_002/20220823_033000.WAV,Telephone Field,recover-20220825,002,1795
680.7185,680.7249,48671,58023,Pipistrellus pipistrellus,0.026,0.031,-1,Echolocation,/mnt/ubna_data_01_mir/recover-20220825/UBNA_002/20220823_033000.WAV,Telephone Field,recover-20220825,002,1795
680.7455,680.7508,32343,43275,Myotis daubentonii,0.009,0.023,-1,Echolocation,/mnt/ubna_data_01_mir/recover-20220825/UBNA_002/20220823_033000.WAV,Telephone Field,recover-20220825,002,1795
680.7615,680.7675,38359,66910,Pipistrellus nathusii,0.297,0.359,-1,Echolocation,/mnt/ubna_data_01_mir/recover-20220825/UBNA_002/20220823_033000.WAV,Telephone Field,recover-20220825,002,1795
680.7615,680.7684,32343,78325,Myotis brandtii,0.219,0.276,-1,Echolocation,/mnt/ubna_data_01_mir/recover-20220825/UBNA_002/20220823_033000.WAV,Telephone Field,recover-20220825,002,1795
680.7615,680.7714,49531,61288,Pipistrellus pipistrellus,0.016,0.027,-1,Echolocation,/mnt/ubna_data_01_mir/recover-20220825/UBNA_002/20220823_033000.WAV,Telephone Field,recover-20220825,002,1795
680.7695,680.7755,36640,51302,Pipistrellus nathusii,0.016,0.036,-1,Echolocation,/mnt/ubna_data_01_mir/recover-20220825/UBNA_002/20220823_033000.WAV,Telephone Field,recover-20220825,002,1795
680.7735,680.8036,68437,80487,Rhinolophus ferrumequinum,0.026,0.026,-1,Echolocation,/mnt/ubna_data_01_mir/recover-20220825/UBNA_002/20220823_033000.WAV,Telephone Field,recover-20220825,002,1795
680.8045,680.8144,28046,36862,Eptesicus serotinus,0.009,0.022,-1,Echolocation,/mnt/ubna_data_01_mir/recover-20220825/UBNA_002/20220823_033000.WAV,Telephone Field,recover-20220825,002,1795
680.8305,680.8658,68437,81417,Rhinolophus ferrumequinum,0.024,0.024,-1,Echolocation,/mnt/ubna_data_01_mir/recover-20220825/UBNA_002/20220823_033000.WAV,Telephone Field,recover-20220825,002,1795
680.8325,680.8386,47812,53872,Pipistrellus pipistrellus,0.028,0.03,-1,Echolocation,/mnt/ubna_data_01_mir/recover-20220825/UBNA_002/20220823_033000.WAV,Telephone Field,recover-20220825,002,1795
680.8645,680.8714,54687,61768,Pipistrellus pygmaeus,0.021,0.023,-1,Echolocation,/mnt/ubna_data_01_mir/recover-20220825/UBNA_002/20220823_033000.WAV,Telephone Field,recover-20220825,002,1795
680.8715,680.909,68437,81574,Rhinolophus ferrumequinum,0.023,0.023,-1,Echolocation,/mnt/ubna_data_01_mir/recover-20220825/UBNA_002/20220823_033000.WAV,Telephone Field,recover-20220825,002,1795
680.8785,680.8838,36640,58839,Myotis brandtii,0.015,0.03,-1,Echolocation,/mnt/ubna_data_01_mir/recover-20220825/UBNA_002/20220823_033000.WAV,Telephone Field,recover-20220825,002,1795
680.8945,680.932,68437,82217,Rhinolophus ferrumequinum,0.023,0.023,-1,Echolocation,/mnt/ubna_data_01_mir/recover-20220825/UBNA_002/20220823_033000.WAV,Telephone Field,recover-20220825,002,1795
680.9035,680.9444,68437,82400,Rhinolophus ferrumequinum,0.024,0.024,-1,Echolocation,/mnt/ubna_data_01_mir/recover-20220825/UBNA_002/20220823_033000.WAV,Telephone Field,recover-20220825,002,1795
680.9035,680.9117,41796,49212,Pipistrellus nathusii,0.026,0.046,-1,Echolocation,/mnt/ubna_data_01_mir/recover-20220825/UBNA_002/20220823_033000.WAV,Telephone Field,recover-20220825,002,1795
680.9285,680.9372,56406,62290,Pipistrellus pygmaeus,0.029,0.03,-1,Echolocation,/mnt/ubna_data_01_mir/recover-20220825/UBNA_002/20220823_033000.WAV,Telephone Field,recover-20220825,002,1795
680.9325,680.9399,24609,38227,Plecotus auritus,0.006,0.025,-1,Echolocation,/mnt/ubna_data_01_mir/recover-20220825/UBNA_002/20220823_033000.WAV,Telephone Field,recover-20220825,002,1795
680.9615,680.973,50390,59891,Pipistrellus pipistrellus,0.012,0.024,-1,Echolocation,/mnt/ubna_data_01_mir/recover-20220825/UBNA_002/20220823_033000.WAV,Telephone Field,recover-20220825,002,1795
680.9655,680.9765,54687,63045,Pipistrellus pygmaeus,0.024,0.027,-1,Echolocation,/mnt/ubna_data_01_mir/recover-20220825/UBNA_002/20220823_033000.WAV,Telephone Field,recover-20220825,002,1795
680.9665,680.9734,34921,68479,Myotis brandtii,0.163,0.323,-1,Echolocation,/mnt/ubna_data_01_mir/recover-20220825/UBNA_002/20220823_033000.WAV,Telephone Field,recover-20220825,002,1795
680.9675,680.9765,48671,58906,Pipistrellus pipistrellus,0.016,0.027,-1,Echolocation,/mnt/ubna_data_01_mir/recover-20220825/UBNA_002/20220823_033000.WAV,Telephone Field,recover-20220825,002,1795
681.0135,681.0242,28046,36198,Eptesicus serotinus,0.01,0.022,-1,Echolocation,/mnt/ubna_data_01_mir/recover-20220825/UBNA_002/20220823_033000.WAV,Telephone Field,recover-20220825,002,1795
681.0315,681.0675,68437,81616,Rhinolophus ferrumequinum,0.024,0.024,-1,Echolocation,/mnt/ubna_data_01_mir/recover-20220825/UBNA_002/20220823_033000.WAV,Telephone Field,recover-20220825,002,1795
681.0395,681.0471,33203,77731,Myotis brandtii,0.398,0.49,-1,Echolocation,/mnt/ubna_data_01_mir/recover-20220825/UBNA_002/20220823_033000.WAV,Telephone Field,recover-20220825,002,1795
681.0415,681.0483,48671,57296,Pipistrellus pipistrellus,0.014,0.033,-1,Echolocation,/mnt/ubna_data_01_mir/recover-20220825/UBNA_002/20220823_033000.WAV,Telephone Field,recover-20220825,002,1795
681.0475,681.0544,38359,53254,Pipistrellus nathusii,0.018,0.033,-1,Echolocation,/mnt/ubna_data_01_mir/recover-20220825/UBNA_002/20220823_033000.WAV,Telephone Field,recover-20220825,002,1795
681.0495,681.0554,28046,39538,Myotis daubentonii,0.017,0.042,-1,Echolocation,/mnt/ubna_data_01_mir/recover-20220825/UBNA_002/20220823_033000.WAV,Telephone Field,recover-20220825,002,1795
681.0535,681.0873,68437,81126,Rhinolophus ferrumequinum,0.022,0.022,-1,Echolocation,/mnt/ubna_data_01_mir/recover-20220825/UBNA_002/20220823_033000.WAV,Telephone Field,recover-20220825,002,1795
681.1165,681.1248,48671,57130,Pipistrellus pygmaeus,0.013,0.029,-1,Echolocation,/mnt/ubna_data_01_mir/recover-20220825/UBNA_002/20220823_033000.WAV,Telephone Field,recover-20220825,002,1795
681.1185,681.1257,35781,74612,Myotis brandtii,0.422,0.518,-1,Echolocation,/mnt/ubna_data_01_mir/recover-20220825/UBNA_002/20220823_033000.WAV,Telephone Field,recover-20220825,002,1795
681.1195,681.1253,24609,93975,Myotis bechsteinii,0.098,0.129,-1,Echolocation,/mnt/ubna_data_01_mir/recover-20220825/UBNA_002/20220823_033000.WAV,Telephone Field,recover-20220825,002,1795
681.1275,681.1374,53828,61953,Pipistrellus pygmaeus,0.022,0.022,-1,Echolocation,/mnt/ubna_data_01_mir/recover-20220825/UBNA_002/20220823_033000.WAV,Telephone Field,recover-20220825,002,1795
681.1285,681.134,31484,50991,Myotis daubentonii,0.011,0.025,-1,Echolocation,/mnt/ubna_data_01_mir/recover-20220825/UBNA_002/20220823_033000.WAV,Telephone Field,recover-20220825,002,1795
681.1835,681.1895,35781,71999,Myotis brandtii,0.322,0.389,-1,Echolocation,/mnt/ubna_data_01_mir/recover-20220825/UBNA_002/20220823_033000.WAV,Telephone Field,recover-20220825,002,1795
681.1835,681.1942,50390,58519,Pipistrellus pygmaeus,0.023,0.034,-1,Echolocation,/mnt/ubna_data_01_mir/recover-20220825/UBNA_002/20220823_033000.WAV,Telephone Field,recover-20220825,002,1795
681.2525,681.2593,48671,59637,Pipistrellus pipistrellus,0.031,0.084,-1,Echolocation,/mnt/ubna_data_01_mir/recover-20220825/UBNA_002/20220823_033000.WAV,Telephone Field,recover-20220825,002,1795
681.2615,681.269,34062,81218,Myotis brandtii,0.511,0.58,-1,Echolocation,/mnt/ubna_data_01_mir/recover-20220825/UBNA_002/20220823_033000.WAV,Telephone Field,recover-20220825,002,1795
681.2635,681.2726,48671,54470,Pipistrellus pipistrellus,0.026,0.047,-1,Echolocation,/mnt/ubna_data_01_mir/recover-20220825/UBNA_002/20220823_033000.WAV,Telephone Field,recover-20220825,002,1795
681.2685,681.2745,39218,58227,Myotis brandtii,0.018,0.037,-1,Echolocation,/mnt/ubna_data_01_mir/recover-20220825/UBNA_002/20220823_033000.WAV,Telephone Field,recover-20220825,002,1795
681.2885,681.3036,23750,28269,Nyctalus leisleri,0.015,0.03,-1,Echolocation,/mnt/ubna_data_01_mir/recover-20220825/UBNA_002/20220823_033000.WAV,Telephone Field,recover-20220825,002,1795
681.3435,681.3509,48671,61105,Pipistrellus pipistrellus,0.014,0.031,-1,Echolocation,/mnt/ubna_data_01_mir/recover-20220825/UBNA_002/20220823_033000.WAV,Telephone Field,recover-20220825,002,1795
681.3445,681.3501,28046,94416,Myotis brandtii,0.07,0.107,-1,Echolocation,/mnt/ubna_data_01_mir/recover-20220825/UBNA_002/20220823_033000.WAV,Telephone Field,recover-20220825,002,1795
681.3445,681.3509,36640,78916,Myotis brandtii,0.409,0.503,-1,Echolocation,/mnt/ubna_data_01_mir/recover-20220825/UBNA_002/20220823_033000.WAV,Telephone Field,recover-20220825,002,1795
681.3525,681.3584,34921,46186,Myotis daubentonii,0.01,0.024,-1,Echolocation,/mnt/ubna_data_01_mir/recover-20220825/UBNA_002/20220823_033000.WAV,Telephone Field,recover-20220825,002,1795
681.3945,681.4323,68437,82040,Rhinolophus ferrumequinum,0.023,0.023,-1,Echolocation,/mnt/ubna_data_01_mir/recover-20220825/UBNA_002/20220823_033000.WAV,Telephone Field,recover-20220825,002,1795
681.4375,681.4432,50390,57761,Pipistrellus pipistrellus,0.017,0.032,-1,Echolocation,/mnt/ubna_data_01_mir/recover-20220825/UBNA_002/20220823_033000.WAV,Telephone Field,recover-20220825,002,1795
681.4455,681.4526,34921,81317,Myotis brandtii,0.481,0.531,-1,Echolocation,/mnt/ubna_data_01_mir/recover-20220825/UBNA_002/20220823_033000.WAV,Telephone Field,recover-20220825,002,1795
681.4465,681.4534,48671,52841,Pipistrellus pipistrellus,0.024,0.045,-1,Echolocation,/mnt/ubna_data_01_mir/recover-20220825/UBNA_002/20220823_033000.WAV,Telephone Field,recover-20220825,002,1795
681.4545,681.4605,28906,46968,Myotis daubentonii,0.009,0.022,-1,Echolocation,/mnt/ubna_data_01_mir/recover-20220825/UBNA_002/20220823_033000.WAV,Telephone Field,recover-20220825,002,1795
681.4815,681.5217,68437,82564,Rhinolophus ferrumequinum,0.022,0.022,-1,Echolocation,/mnt/ubna_data_01_mir/recover-20220825/UBNA_002/20220823_033000.WAV,Telephone Field,recover-20220825,002,1795
681.4895,681.4951,40078,72732,Myotis brandtii,0.147,0.22,-1,Echolocation,/mnt/ubna_data_01_mir/recover-20220825/UBNA_002/20220823_033000.WAV,Telephone Field,recover-20220825,002,1795
681.5264999999999,681.5322,39218,69085,Myotis brandtii,0.273,0.368,-1,Echolocation,/mnt/ubna_data_01_mir/recover-20220825/UBNA_002/20220823_033000.WAV,Telephone Field,recover-20220825,002,1795
681.5535,681.5904,68437,82179,Rhinolophus ferrumequinum,0.022,0.022,-1,Echolocation,/mnt/ubna_data_01_mir/recover-20220825/UBNA_002/20220823_033000.WAV,Telephone Field,recover-20220825,002,1795
681.5705,681.5802,54687,60897,Pipistrellus pygmaeus,0.021,0.022,-1,Echolocation,/mnt/ubna_data_01_mir/recover-20220825/UBNA_002/20220823_033000.WAV,Telephone Field,recover-20220825,002,1795
681.5715,681.5774,40937,67099,Myotis brandtii,0.184,0.329,-1,Echolocation,/mnt/ubna_data_01_mir/recover-20220825/UBNA_002/20220823_033000.WAV,Telephone Field,recover-20220825,002,1795
681.5985000000001,681.6178,20312,23626,Nyctalus leisleri,0.013,0.026,-1,Echolocation,/mnt/ubna_data_01_mir/recover-20220825/UBNA_002/20220823_033000.WAV,Telephone Field,recover-20220825,002,1795
681.6285,681.6345,41796,71083,Myotis brandtii,0.183,0.293,-1,Echolocation,/mnt/ubna_data_01_mir/recover-20220825/UBNA_002/20220823_033000.WAV,Telephone Field,recover-20220825,002,1795
681.6295,681.6366,52968,61274,Pipistrellus pygmaeus,0.039,0.042,-1,Echolocation,/mnt/ubna_data_01_mir/recover-20220825/UBNA_002/20220823_033000.WAV,Telephone Field,recover-20220825,002,1795
681.6755,681.6821,28046,35566,Eptesicus serotinus,0.006,0.022,-1,Echolocation,/mnt/ubna_data_01_mir/recover-20220825/UBNA_002/20220823_033000.WAV,Telephone Field,recover-20220825,002,1795
681.6855,681.6936,49531,55931,Pipistrellus pipistrellus,0.024,0.046,-1,Echolocation,/mnt/ubna_data_01_mir/recover-20220825/UBNA_002/20220823_033000.WAV,Telephone Field,recover-20220825,002,1795
681.6895,681.6952,40937,66945,Pipistrellus nathusii,0.172,0.391,-1,Echolocation,/mnt/ubna_data_01_mir/recover-20220825/UBNA_002/20220823_033000.WAV,Telephone Field,recover-20220825,002,1795
681.7145,681.7477,68437,80265,Rhinolophus ferrumequinum,0.027,0.028,-1,Echolocation,/mnt/ubna_data_01_mir/recover-20220825/UBNA_002/20220823_033000.WAV,Telephone Field,recover-20220825,002,1795
681.7665,681.7716,27187,82748,Myotis brandtii,0.045,0.113,-1,Echolocation,/mnt/ubna_data_01_mir/recover-20220825/UBNA_002/20220823_033000.WAV,Telephone Field,recover-20220825,002,1795
681.7675,681.7728,41796,63007,Myotis brandtii,0.182,0.388,-1,Echolocation,/mnt/ubna_data_01_mir/recover-20220825/UBNA_002/20220823_033000.WAV,Telephone Field,recover-20220825,002,1795
681.7845,681.7949,28046,35191,Eptesicus serotinus,0.01,0.022,-1,Echolocation,/mnt/ubna_data_01_mir/recover-20220825/UBNA_002/20220823_033000.WAV,Telephone Field,recover-20220825,002,1795
681.8115,681.8208,28046,34696,Eptesicus serotinus,0.016,0.034,-1,Echolocation,/mnt/ubna_data_01_mir/recover-20220825/UBNA_002/20220823_033000.WAV,Telephone Field,recover-20220825,002,1795
681.8265,681.8584,68437,80914,Rhinolophus ferrumequinum,0.022,0.022,-1,Echolocation,/mnt/ubna_data_01_mir/recover-20220825/UBNA_002/20220823_033000.WAV,Telephone Field,recover-20220825,002,1795
681.8385,681.8438,40937,57442,Myotis brandtii,0.028,0.055,-1,Echolocation,/mnt/ubna_data_01_mir/recover-20220825/UBNA_002/20220823_033000.WAV,Telephone Field,recover-20220825,002,1795
681.8435,681.8507,27187,35057,Eptesicus serotinus,0.008,0.027,-1,Echolocation,/mnt/ubna_data_01_mir/recover-20220825/UBNA_002/20220823_033000.WAV,Telephone Field,recover-20220825,002,1795
681.8545,681.8626,48671,56473,Pipistrellus pipistrellus,0.016,0.035,-1,Echolocation,/mnt/ubna_data_01_mir/recover-20220825/UBNA_002/20220823_033000.WAV,Telephone Field,recover-20220825,002,1795
681.8565,681.8639000000001,35781,75984,Myotis brandtii,0.31,0.366,-1,Echolocation,/mnt/ubna_data_01_mir/recover-20220825/UBNA_002/20220823_033000.WAV,Telephone Field,recover-20220825,002,1795
681.9225,681.9284,40937,56116,Myotis brandtii,0.15,0.383,-1,Echolocation,/mnt/ubna_data_01_mir/recover-20220825/UBNA_002/20220823_033000.WAV,Telephone Field,recover-20220825,002,1795
681.9385,681.9759,68437,82229,Rhinolophus ferrumequinum,0.023,0.023,-1,Echolocation,/mnt/ubna_data_01_mir/recover-20220825/UBNA_002/20220823_033000.WAV,Telephone Field,recover-20220825,002,1795
681.9795,681.9846,27187,79803,Myotis brandtii,0.052,0.118,-1,Echolocation,/mnt/ubna_data_01_mir/recover-20220825/UBNA_002/20220823_033000.WAV,Telephone Field,recover-20220825,002,1795
681.9795,681.9866,40078,57985,Pipistrellus nathusii,0.24,0.46,-1,Echolocation,/mnt/ubna_data_01_mir/recover-20220825/UBNA_002/20220823_033000.WAV,Telephone Field,recover-20220825,002,1795
682.0015,682.0089,46093,53060,Pipistrellus pipistrellus,0.019,0.03,-1,Echolocation,/mnt/ubna_data_01_mir/recover-20220825/UBNA_002/20220823_033000.WAV,Telephone Field,recover-20220825,002,1795
682.0015,682.0312,69296,81126,Rhinolophus ferrumequinum,0.034,0.034,-1,Echolocation,/mnt/ubna_data_01_mir/recover-20220825/UBNA_002/20220823_033000.WAV,Telephone Field,recover-20220825,002,1795
682.0015,682.0103,38359,45725,Pipistrellus nathusii,0.027,0.044,-1,Echolocation,/mnt/ubna_data_01_mir/recover-20220825/UBNA_002/20220823_033000.WAV,Telephone Field,recover-20220825,002,1795
682.0055,682.0144,26328,35397,Eptesicus serotinus,0.01,0.029,-1,Echolocation,/mnt/ubna_data_01_mir/recover-20220825/UBNA_002/20220823_033000.WAV,Telephone Field,recover-20220825,002,1795
682.0115,682.0211,27187,35826,Eptesicus serotinus,0.01,0.026,-1,Echolocation,/mnt/ubna_data_01_mir/recover-20220825/UBNA_002/20220823_033000.WAV,Telephone Field,recover-20220825,002,1795
682.0125,682.0199,56406,62096,Pipistrellus pygmaeus,0.024,0.024,-1,Echolocation,/mnt/ubna_data_01_mir/recover-20220825/UBNA_002/20220823_033000.WAV,Telephone Field,recover-20220825,002,1795
682.0175,682.0269,28906,36566,Eptesicus serotinus,0.009,0.026,-1,Echolocation,/mnt/ubna_data_01_mir/recover-20220825/UBNA_002/20220823_033000.WAV,Telephone Field,recover-20220825,002,1795
682.0455,682.0584,23750,28728,Nyctalus leisleri,0.01,0.025,-1,Echolocation,/mnt/ubna_data_01_mir/recover-20220825/UBNA_002/20220823_033000.WAV,Telephone Field,recover-20220825,002,1795
682.0585,682.0643,40078,56191,Pipistrellus nathusii,0.204,0.416,-1,Echolocation,/mnt/ubna_data_01_mir/recover-20220825/UBNA_002/20220823_033000.WAV,Telephone Field,recover-20220825,002,1795
682.1385,682.1448,26328,38551,Eptesicus serotinus,0.006,0.025,-1,Echolocation,/mnt/ubna_data_01_mir/recover-20220825/UBNA_002/20220823_033000.WAV,Telephone Field,recover-20220825,002,1795
682.1435,682.1534,41796,53853,Pipistrellus nathusii,0.322,0.402,-1,Echolocation,/mnt/ubna_data_01_mir/recover-20220825/UBNA_002/20220823_033000.WAV,Telephone Field,recover-20220825,002,1795
682.1825,682.222,68437,82745,Rhinolophus ferrumequinum,0.033,0.033,-1,Echolocation,/mnt/ubna_data_01_mir/recover-20220825/UBNA_002/20220823_033000.WAV,Telephone Field,recover-20220825,002,1795
682.2115,682.2496,68437,81600,Rhinolophus ferrumequinum,0.032,0.032,-1,Echolocation,/mnt/ubna_data_01_mir/recover-20220825/UBNA_002/20220823_033000.WAV,Telephone Field,recover-20220825,002,1795
682.2145,682.2239,41796,56131,Pipistrellus nathusii,0.223,0.311,-1,Echolocation,/mnt/ubna_data_01_mir/recover-20220825/UBNA_002/20220823_033000.WAV,Telephone Field,recover-20220825,002,1795
682.2495,682.2591,28046,36414,Eptesicus serotinus,0.011,0.024,-1,Echolocation,/mnt/ubna_data_01_mir/recover-20220825/UBNA_002/20220823_033000.WAV,Telephone Field,recover-20220825,002,1795
682.2755,682.2867,40937,44121,Pipistrellus nathusii,0.047,0.055,-1,Echolocation,/mnt/ubna_data_01_mir/recover-20220825/UBNA_002/20220823_033000.WAV,Telephone Field,recover-20220825,002,1795
682.2895,682.2975,27187,37421,Eptesicus serotinus,0.008,0.025,-1,Echolocation,/mnt/ubna_data_01_mir/recover-20220825/UBNA_002/20220823_033000.WAV,Telephone Field,recover-20220825,002,1795
682.3415,682.349,40078,53479,Pipistrellus nathusii,0.218,0.362,-1,Echolocation,/mnt/ubna_data_01_mir/recover-20220825/UBNA_002/20220823_033000.WAV,Telephone Field,recover-20220825,002,1795
682.3725,682.3811,28046,37393,Eptesicus serotinus,0.01,0.028,-1,Echolocation,/mnt/ubna_data_01_mir/recover-20220825/UBNA_002/20220823_033000.WAV,Telephone Field,recover-20220825,002,1795
682.4095,682.4226,41796,48266,Pipistrellus nathusii,0.31,0.334,-1,Echolocation,/mnt/ubna_data_01_mir/recover-20220825/UBNA_002/20220823_033000.WAV,Telephone Field,recover-20220825,002,1795
682.4595,682.4655,27187,35248,Plecotus auritus,0.006,0.025,-1,Echolocation,/mnt/ubna_data_01_mir/recover-20220825/UBNA_002/20220823_033000.WAV,Telephone Field,recover-20220825,002,1795
682.4615,682.4999,68437,81930,Rhinolophus ferrumequinum,0.024,0.024,-1,Echolocation,/mnt/ubna_data_01_mir/recover-20220825/UBNA_002/20220823_033000.WAV,Telephone Field,recover-20220825,002,1795
682.4695,682.4762,40078,54649,Pipistrellus nathusii,0.095,0.219,-1,Echolocation,/mnt/ubna_data_01_mir/recover-20220825/UBNA_002/20220823_033000.WAV,Telephone Field,recover-20220825,002,1795
682.5105,682.5177,24609,34286,Plecotus auritus,0.017,0.054,-1,Echolocation,/mnt/ubna_data_01_mir/recover-20220825/UBNA_002/20220823_033000.WAV,Telephone Field,recover-20220825,002,1795
682.5125,682.522,53828,59468,Pipistrellus pygmaeus,0.025,0.027,-1,Echolocation,/mnt/ubna_data_01_mir/recover-20220825/UBNA_002/20220823_033000.WAV,Telephone Field,recover-20220825,002,1795
682.5215,682.5322,37500,42486,Pipistrellus nathusii,0.02,0.03,-1,Echolocation,/mnt/ubna_data_01_mir/recover-20220825/UBNA_002/20220823_033000.WAV,Telephone Field,recover-20220825,002,1795
682.5245,682.5602,68437,80387,Rhinolophus ferrumequinum,0.024,0.024,-1,Echolocation,/mnt/ubna_data_01_mir/recover-20220825/UBNA_002/20220823_033000.WAV,Telephone Field,recover-20220825,002,1795
682.5625,682.5831000000001,17734,21422,Nyctalus noctula,0.025,0.037,-1,Echolocation,/mnt/ubna_data_01_mir/recover-20220825/UBNA_002/20220823_033000.WAV,Telephone Field,recover-20220825,002,1795
682.5715,682.581,28046,35446,Eptesicus serotinus,0.009,0.024,-1,Echolocation,/mnt/ubna_data_01_mir/recover-20220825/UBNA_002/20220823_033000.WAV,Telephone Field,recover-20220825,002,1795
682.5955,682.6353,68437,82172,Rhinolophus ferrumequinum,0.027,0.027,-1,Echolocation,/mnt/ubna_data_01_mir/recover-20220825/UBNA_002/20220823_033000.WAV,Telephone Field,recover-20220825,002,1795
682.6215,682.6283,31484,42536,Barbastellus barbastellus,0.009,0.025,-1,Echolocation,/mnt/ubna_data_01_mir/recover-20220825/UBNA_002/20220823_033000.WAV,Telephone Field,recover-20220825,002,1795
682.6225,682.6343,21171,26954,Nyctalus leisleri,0.01,0.03,-1,Echolocation,/mnt/ubna_data_01_mir/recover-20220825/UBNA_002/20220823_033000.WAV,Telephone Field,recover-20220825,002,1795
682.6235,682.6302,27187,34978,Eptesicus serotinus,0.007,0.025,-1,Echolocation,/mnt/ubna_data_01_mir/recover-20220825/UBNA_002/20220823_033000.WAV,Telephone Field,recover-20220825,002,1795
682.6485,682.6577,28046,36459,Eptesicus serotinus,0.009,0.025,-1,Echolocation,/mnt/ubna_data_01_mir/recover-20220825/UBNA_002/20220823_033000.WAV,Telephone Field,recover-20220825,002,1795
682.6555,682.6637,28906,39048,Eptesicus serotinus,0.007,0.026,-1,Echolocation,/mnt/ubna_data_01_mir/recover-20220825/UBNA_002/20220823_033000.WAV,Telephone Field,recover-20220825,002,1795
682.6865,682.6931,41796,53849,Myotis brandtii,0.011,0.033,-1,Echolocation,/mnt/ubna_data_01_mir/recover-20220825/UBNA_002/20220823_033000.WAV,Telephone Field,recover-20220825,002,1795
682.7115,682.7187,28906,38665,Eptesicus serotinus,0.007,0.024,-1,Echolocation,/mnt/ubna_data_01_mir/recover-20220825/UBNA_002/20220823_033000.WAV,Telephone Field,recover-20220825,002,1795
682.7345,682.7451,41796,48964,Pipistrellus nathusii,0.379,0.402,-1,Echolocation,/mnt/ubna_data_01_mir/recover-20220825/UBNA_002/20220823_033000.WAV,Telephone Field,recover-20220825,002,1795
682.7855,682.793,27187,37773,Eptesicus serotinus,0.009,0.028,-1,Echolocation,/mnt/ubna_data_01_mir/recover-20220825/UBNA_002/20220823_033000.WAV,Telephone Field,recover-20220825,002,1795
682.7865,682.7952,47812,54886,Pipistrellus pipistrellus,0.042,0.052,-1,Echolocation,/mnt/ubna_data_01_mir/recover-20220825/UBNA_002/20220823_033000.WAV,Telephone Field,recover-20220825,002,1795
682.7925,682.7977,34921,58671,Myotis brandtii,0.013,0.024,-1,Echolocation,/mnt/ubna_data_01_mir/recover-20220825/UBNA_002/20220823_033000.WAV,Telephone Field,recover-20220825,002,1795
682.8165,682.8265,27187,34740,Eptesicus serotinus,0.01,0.025,-1,Echolocation,/mnt/ubna_data_01_mir/recover-20220825/UBNA_002/20220823_033000.WAV,Telephone Field,recover-20220825,002,1795
682.8265,682.8348,27187,38603,Eptesicus serotinus,0.007,0.022,-1,Echolocation,/mnt/ubna_data_01_mir/recover-20220825/UBNA_002/20220823_033000.WAV,Telephone Field,recover-20220825,002,1795
682.8545,682.8616,29765,42117,Myotis daubentonii,0.008,0.025,-1,Echolocation,/mnt/ubna_data_01_mir/recover-20220825/UBNA_002/20220823_033000.WAV,Telephone Field,recover-20220825,002,1795
682.8585,682.8703,41796,48656,Pipistrellus nathusii,0.055,0.068,-1,Echolocation,/mnt/ubna_data_01_mir/recover-20220825/UBNA_002/20220823_033000.WAV,Telephone Field,recover-20220825,002,1795
682.8915,682.9303,68437,81998,Rhinolophus ferrumequinum,0.022,0.022,-1,Echolocation,/mnt/ubna_data_01_mir/recover-20220825/UBNA_002/20220823_033000.WAV,Telephone Field,recover-20220825,002,1795
682.9295,682.966,68437,81686,Rhinolophus ferrumequinum,0.022,0.022,-1,Echolocation,/mnt/ubna_data_01_mir/recover-20220825/UBNA_002/20220823_033000.WAV,Telephone Field,recover-20220825,002,1795
682.9345,682.9506,21171,24592,Nyctalus leisleri,0.013,0.023,-1,Echolocation,/mnt/ubna_data_01_mir/recover-20220825/UBNA_002/20220823_033000.WAV,Telephone Field,recover-20220825,002,1795
682.9545,682.9634,44375,52474,Pipistrellus pipistrellus,0.013,0.025,-1,Echolocation,/mnt/ubna_data_01_mir/recover-20220825/UBNA_002/20220823_033000.WAV,Telephone Field,recover-20220825,002,1795
682.9575,682.9637,34921,48453,Myotis brandtii,0.014,0.034,-1,Echolocation,/mnt/ubna_data_01_mir/recover-20220825/UBNA_002/20220823_033000.WAV,Telephone Field,recover-20220825,002,1795
682.9665,683.0011,68437,81417,Rhinolophus ferrumequinum,0.023,0.023,-1,Echolocation,/mnt/ubna_data_01_mir/recover-20220825/UBNA_002/20220823_033000.WAV,Telephone Field,recover-20220825,002,1795
682.9865,683.0257,68437,81958,Rhinolophus ferrumequinum,0.023,0.023,-1,Echolocation,/mnt/ubna_data_01_mir/recover-20220825/UBNA_002/20220823_033000.WAV,Telephone Field,recover-20220825,002,1795
682.9875,682.9933,36640,63776,Myotis brandtii,0.012,0.023,-1,Echolocation,/mnt/ubna_data_01_mir/recover-20220825/UBNA_002/20220823_033000.WAV,Telephone Field,recover-20220825,002,1795
683.0105,683.0194,56406,61145,Pipistrellus pygmaeus,0.022,0.023,-1,Echolocation,/mnt/ubna_data_01_mir/recover-20220825/UBNA_002/20220823_033000.WAV,Telephone Field,recover-20220825,002,1795
683.0264999999999,683.0364,42656,48277,Pipistrellus nathusii,0.028,0.045,-1,Echolocation,/mnt/ubna_data_01_mir/recover-20220825/UBNA_002/20220823_033000.WAV,Telephone Field,recover-20220825,002,1795
683.0455,683.0802,68437,80495,Rhinolophus ferrumequinum,0.022,0.023,-1,Echolocation,/mnt/ubna_data_01_mir/recover-20220825/UBNA_002/20220823_033000.WAV,Telephone Field,recover-20220825,002,1795
683.0575,683.0938,68437,80947,Rhinolophus ferrumequinum,0.025,0.025,-1,Echolocation,/mnt/ubna_data_01_mir/recover-20220825/UBNA_002/20220823_033000.WAV,Telephone Field,recover-20220825,002,1795
683.1085,683.1166,28046,36188,Eptesicus serotinus,0.008,0.024,-1,Echolocation,/mnt/ubna_data_01_mir/recover-20220825/UBNA_002/20220823_033000.WAV,Telephone Field,recover-20220825,002,1795
683.1165,683.1529,68437,82050,Rhinolophus ferrumequinum,0.023,0.023,-1,Echolocation,/mnt/ubna_data_01_mir/recover-20220825/UBNA_002/20220823_033000.WAV,Telephone Field,recover-20220825,002,1795
683.1295,683.139,58125,64107,Pipistrellus pygmaeus,0.029,0.03,-1,Echolocation,/mnt/ubna_data_01_mir/recover-20220825/UBNA_002/20220823_033000.WAV,Telephone Field,recover-20220825,002,1795
683.1485,683.1557,25468,36271,Eptesicus serotinus,0.006,0.023,-1,Echolocation,/mnt/ubna_data_01_mir/recover-20220825/UBNA_002/20220823_033000.WAV,Telephone Field,recover-20220825,002,1795
683.1495,683.16,41796,47752,Pipistrellus nathusii,0.27,0.293,-1,Echolocation,/mnt/ubna_data_01_mir/recover-20220825/UBNA_002/20220823_033000.WAV,Telephone Field,recover-20220825,002,1795
683.1565,683.1879,68437,81050,Rhinolophus ferrumequinum,0.022,0.023,-1,Echolocation,/mnt/ubna_data_01_mir/recover-20220825/UBNA_002/20220823_033000.WAV,Telephone Field,recover-20220825,002,1795
683.1705,683.1775,47812,54508,Pipistrellus pipistrellus,0.02,0.023,-1,Echolocation,/mnt/ubna_data_01_mir/recover-20220825/UBNA_002/20220823_033000.WAV,Telephone Field,recover-20220825,002,1795
683.1885,683.1973,28046,38106,Eptesicus serotinus,0.009,0.023,-1,Echolocation,/mnt/ubna_data_01_mir/recover-20220825/UBNA_002/20220823_033000.WAV,Telephone Field,recover-20220825,002,1795
683.1985,683.2065,40937,46523,Pipistrellus nathusii,0.015,0.027,-1,Echolocation,/mnt/ubna_data_01_mir/recover-20220825/UBNA_002/20220823_033000.WAV,Telephone Field,recover-20220825,002,1795
683.3055,683.3452,68437,82433,Rhinolophus ferrumequinum,0.025,0.025,-1,Echolocation,/mnt/ubna_data_01_mir/recover-20220825/UBNA_002/20220823_033000.WAV,Telephone Field,recover-20220825,002,1795
683.3115,683.3199,24609,33066,Eptesicus serotinus,0.012,0.037,-1,Echolocation,/mnt/ubna_data_01_mir/recover-20220825/UBNA_002/20220823_033000.WAV,Telephone Field,recover-20220825,002,1795
683.3205,683.3298,27187,37002,Eptesicus serotinus,0.01,0.024,-1,Echolocation,/mnt/ubna_data_01_mir/recover-20220825/UBNA_002/20220823_033000.WAV,Telephone Field,recover-20220825,002,1795
683.3215,683.3318,49531,53974,Pipistrellus pipistrellus,0.016,0.028,-1,Echolocation,/mnt/ubna_data_01_mir/recover-20220825/UBNA_002/20220823_033000.WAV,Telephone Field,recover-20220825,002,1795
683.3515,683.3572,39218,55525,Pipistrellus nathusii,0.203,0.502,-1,Echolocation,/mnt/ubna_data_01_mir/recover-20220825/UBNA_002/20220823_033000.WAV,Telephone Field,recover-20220825,002,1795
683.3795,683.3935,23750,27937,Nyctalus leisleri,0.016,0.032,-1,Echolocation,/mnt/ubna_data_01_mir/recover-20220825/UBNA_002/20220823_033000.WAV,Telephone Field,recover-20220825,002,1795
683.3845,683.421,68437,80961,Rhinolophus ferrumequinum,0.023,0.024,-1,Echolocation,/mnt/ubna_data_01_mir/recover-20220825/UBNA_002/20220823_033000.WAV,Telephone Field,recover-20220825,002,1795
683.4115,683.4498,68437,82350,Rhinolophus ferrumequinum,0.023,0.023,-1,Echolocation,/mnt/ubna_data_01_mir/recover-20220825/UBNA_002/20220823_033000.WAV,Telephone Field,recover-20220825,002,1795
683.4135,683.4253,37500,41452,Pipistrellus nathusii,0.02,0.03,-1,Echolocation,/mnt/ubna_data_01_mir/recover-20220825/UBNA_002/20220823_033000.WAV,Telephone Field,recover-20220825,002,1795
683.4275,683.4328,37500,51505,Myotis brandtii,0.045,0.104,-1,Echolocation,/mnt/ubna_data_01_mir/recover-20220825/UBNA_002/20220823_033000.WAV,Telephone Field,recover-20220825,002,1795
683.4365,683.4502,23750,27836,Nyctalus leisleri,0.017,0.032,-1,Echolocation,/mnt/ubna_data_01_mir/recover-20220825/UBNA_002/20220823_033000.WAV,Telephone Field,recover-20220825,002,1795
683.4675,683.476,28046,42761,Eptesicus serotinus,0.009,0.024,-1,Echolocation,/mnt/ubna_data_01_mir/recover-20220825/UBNA_002/20220823_033000.WAV,Telephone Field,recover-20220825,002,1795
683.4765,683.485,28046,36301,Eptesicus serotinus,0.011,0.027,-1,Echolocation,/mnt/ubna_data_01_mir/recover-20220825/UBNA_002/20220823_033000.WAV,Telephone Field,recover-20220825,002,1795
683.4965,683.5015,37500,54265,Pipistrellus nathusii,0.284,0.44,-1,Echolocation,/mnt/ubna_data_01_mir/recover-20220825/UBNA_002/20220823_033000.WAV,Telephone Field,recover-20220825,002,1795
683.4965,683.5051,50390,54568,Pipistrellus pipistrellus,0.014,0.027,-1,Echolocation,/mnt/ubna_data_01_mir/recover-20220825/UBNA_002/20220823_033000.WAV,Telephone Field,recover-20220825,002,1795
683.5365,683.5503,26328,30385,Nyctalus leisleri,0.019,0.044,-1,Echolocation,/mnt/ubna_data_01_mir/recover-20220825/UBNA_002/20220823_033000.WAV,Telephone Field,recover-20220825,002,1795
683.5665,683.6037,68437,81688,Rhinolophus ferrumequinum,0.022,0.023,-1,Echolocation,/mnt/ubna_data_01_mir/recover-20220825/UBNA_002/20220823_033000.WAV,Telephone Field,recover-20220825,002,1795
683.5695,683.5761,40078,49031,Pipistrellus nathusii,0.091,0.222,-1,Echolocation,/mnt/ubna_data_01_mir/recover-20220825/UBNA_002/20220823_033000.WAV,Telephone Field,recover-20220825,002,1795
683.5835,683.6223,68437,82557,Rhinolophus ferrumequinum,0.023,0.023,-1,Echolocation,/mnt/ubna_data_01_mir/recover-20220825/UBNA_002/20220823_033000.WAV,Telephone Field,recover-20220825,002,1795
683.5915,683.6001,22890,30776,Plecotus austriacus,0.012,0.033,-1,Echolocation,/mnt/ubna_data_01_mir/recover-20220825/UBNA_002/20220823_033000.WAV,Telephone Field,recover-20220825,002,1795
683.6075,683.6177,38359,43404,Pipistrellus nathusii,0.144,0.16,-1,Echolocation,/mnt/ubna_data_01_mir/recover-20220825/UBNA_002/20220823_033000.WAV,Telephone Field,recover-20220825,002,1795
683.6535,683.6592,38359,52946,Pipistrellus nathusii,0.271,0.437,-1,Echolocation,/mnt/ubna_data_01_mir/recover-20220825/UBNA_002/20220823_033000.WAV,Telephone Field,recover-20220825,002,1795
683.6665,683.6758,27187,33926,Eptesicus serotinus,0.009,0.029,-1,Echolocation,/mnt/ubna_data_01_mir/recover-20220825/UBNA_002/20220823_033000.WAV,Telephone Field,recover-20220825,002,1795
683.6885,683.6981,28046,35997,Eptesicus serotinus,0.01,0.024,-1,Echolocation,/mnt/ubna_data_01_mir/recover-20220825/UBNA_002/20220823_033000.WAV,Telephone Field,recover-20220825,002,1795
683.7435,683.7499,40078,50523,Pipistrellus nathusii,0.137,0.324,-1,Echolocation,/mnt/ubna_data_01_mir/recover-20220825/UBNA_002/20220823_033000.WAV,Telephone Field,recover-20220825,002,1795
683.8075,683.8461,68437,82121,Rhinolophus ferrumequinum,0.025,0.025,-1,Echolocation,/mnt/ubna_data_01_mir/recover-20220825/UBNA_002/20220823_033000.WAV,Telephone Field,recover-20220825,002,1795
683.8325,683.8402,45234,50241,Pipistrellus pipistrellus,0.01,0.026,-1,Echolocation,/mnt/ubna_data_01_mir/recover-20220825/UBNA_002/20220823_033000.WAV,Telephone Field,recover-20220825,002,1795
683.8335,683.8396,36640,51087,Pipistrellus nathusii,0.236,0.527,-1,Echolocation,/mnt/ubna_data_01_mir/recover-20220825/UBNA_002/20220823_033000.WAV,Telephone Field,recover-20220825,002,1795
683.8745,683.8843,22890,29498,Nyctalus leisleri,0.008,0.024,-1,Echolocation,/mnt/ubna_data_01_mir/recover-20220825/UBNA_002/20220823_033000.WAV,Telephone Field,recover-20220825,002,1795
683.8945,683.9024,47812,57599,Pipistrellus pipistrellus,0.026,0.031,-1,Echolocation,/mnt/ubna_data_01_mir/recover-20220825/UBNA_002/20220823_033000.WAV,Telephone Field,recover-20220825,002,1795
683.9265,683.9348,26328,37191,Eptesicus serotinus,0.009,0.024,-1,Echolocation,/mnt/ubna_data_01_mir/recover-20220825/UBNA_002/20220823_033000.WAV,Telephone Field,recover-20220825,002,1795
683.9505,683.9907,68437,82754,Rhinolophus ferrumequinum,0.026,0.027,-1,Echolocation,/mnt/ubna_data_01_mir/recover-20220825/UBNA_002/20220823_033000.WAV,Telephone Field,recover-20220825,002,1795
683.9545,683.9623,28046,37060,Eptesicus serotinus,0.008,0.023,-1,Echolocation,/mnt/ubna_data_01_mir/recover-20220825/UBNA_002/20220823_033000.WAV,Telephone Field,recover-20220825,002,1795
683.9825,683.9913,26328,37068,Eptesicus serotinus,0.009,0.023,-1,Echolocation,/mnt/ubna_data_01_mir/recover-20220825/UBNA_002/20220823_033000.WAV,Telephone Field,recover-20220825,002,1795
684.0015,684.0105,26328,34480,Nyctalus leisleri,0.009,0.03,-1,Echolocation,/mnt/ubna_data_01_mir/recover-20220825/UBNA_002/20220823_033000.WAV,Telephone Field,recover-20220825,002,1795
684.0015,684.0129,21171,26378,Nyctalus leisleri,0.019,0.037,-1,Echolocation,/mnt/ubna_data_01_mir/recover-20220825/UBNA_002/20220823_033000.WAV,Telephone Field,recover-20220825,002,1795
684.0015,684.0064,40078,61910,Myotis mystacinus,0.008,0.024,-1,Echolocation,/mnt/ubna_data_01_mir/recover-20220825/UBNA_002/20220823_033000.WAV,Telephone Field,recover-20220825,002,1795
684.0015,684.0339,68437,80350,Rhinolophus ferrumequinum,0.044,0.044,-1,Echolocation,/mnt/ubna_data_01_mir/recover-20220825/UBNA_002/20220823_033000.WAV,Telephone Field,recover-20220825,002,1795
684.0105,684.0504,68437,82337,Rhinolophus ferrumequinum,0.024,0.024,-1,Echolocation,/mnt/ubna_data_01_mir/recover-20220825/UBNA_002/20220823_033000.WAV,Telephone Field,recover-20220825,002,1795
684.0145,684.0207,38359,49142,Pipistrellus nathusii,0.211,0.496,-1,Echolocation,/mnt/ubna_data_01_mir/recover-20220825/UBNA_002/20220823_033000.WAV,Telephone Field,recover-20220825,002,1795
684.0395,684.0496,28906,38152,Eptesicus serotinus,0.012,0.026,-1,Echolocation,/mnt/ubna_data_01_mir/recover-20220825/UBNA_002/20220823_033000.WAV,Telephone Field,recover-20220825,002,1795
684.0605,684.068,28046,41955,Eptesicus serotinus,0.007,0.022,-1,Echolocation,/mnt/ubna_data_01_mir/recover-20220825/UBNA_002/20220823_033000.WAV,Telephone Field,recover-20220825,002,1795
684.0605,684.0698,22890,29123,Nyctalus leisleri,0.008,0.022,-1,Echolocation,/mnt/ubna_data_01_mir/recover-20220825/UBNA_002/20220823_033000.WAV,Telephone Field,recover-20220825,002,1795
684.1125,684.1206,40078,46191,Barbastellus barbastellus,0.051,0.117,-1,Echolocation,/mnt/ubna_data_01_mir/recover-20220825/UBNA_002/20220823_033000.WAV,Telephone Field,recover-20220825,002,1795
684.1165,684.1244,26328,35916,Eptesicus serotinus,0.008,0.024,-1,Echolocation,/mnt/ubna_data_01_mir/recover-20220825/UBNA_002/20220823_033000.WAV,Telephone Field,recover-20220825,002,1795
684.1514999999999,684.1619,26328,34323,Eptesicus serotinus,0.011,0.023,-1,Echolocation,/mnt/ubna_data_01_mir/recover-20220825/UBNA_002/20220823_033000.WAV,Telephone Field,recover-20220825,002,1795
684.1945,684.2023,25468,33766,Eptesicus serotinus,0.007,0.022,-1,Echolocation,/mnt/ubna_data_01_mir/recover-20220825/UBNA_002/20220823_033000.WAV,Telephone Field,recover-20220825,002,1795
684.2055,684.2119,38359,49092,Pipistrellus nathusii,0.348,0.541,-1,Echolocation,/mnt/ubna_data_01_mir/recover-20220825/UBNA_002/20220823_033000.WAV,Telephone Field,recover-20220825,002,1795
684.2245,684.2645,68437,81969,Rhinolophus ferrumequinum,0.022,0.022,-1,Echolocation,/mnt/ubna_data_01_mir/recover-20220825/UBNA_002/20220823_033000.WAV,Telephone Field,recover-20220825,002,1795
684.2595,684.3003,68437,82757,Rhinolophus ferrumequinum,0.022,0.022,-1,Echolocation,/mnt/ubna_data_01_mir/recover-20220825/UBNA_002/20220823_033000.WAV,Telephone Field,recover-20220825,002,1795
684.2675,684.2772,28046,36485,Eptesicus serotinus,0.011,0.025,-1,Echolocation,/mnt/ubna_data_01_mir/recover-20220825/UBNA_002/20220823_033000.WAV,Telephone Field,recover-20220825,002,1795
684.2955,684.3026,38359,46958,Pipistrellus nathusii,0.267,0.428,-1,Echolocation,/mnt/ubna_data_01_mir/recover-20220825/UBNA_002/20220823_033000.WAV,Telephone Field,recover-20220825,002,1795
684.3075,684.3431,68437,81217,Rhinolophus ferrumequinum,0.023,0.023,-1,Echolocation,/mnt/ubna_data_01_mir/recover-20220825/UBNA_002/20220823_033000.WAV,Telephone Field,recover-20220825,002,1795
684.3085,684.3194,28046,34050,Eptesicus serotinus,0.01,0.025,-1,Echolocation,/mnt/ubna_data_01_mir/recover-20220825/UBNA_002/20220823_033000.WAV,Telephone Field,recover-20220825,002,1795
684.3245,684.3632,68437,82157,Rhinolophus ferrumequinum,0.023,0.023,-1,Echolocation,/mnt/ubna_data_01_mir/recover-20220825/UBNA_002/20220823_033000.WAV,Telephone Field,recover-20220825,002,1795
684.3305,684.3708,68437,82792,Rhinolophus ferrumequinum,0.024,0.024,-1,Echolocation,/mnt/ubna_data_01_mir/recover-20220825/UBNA_002/20220823_033000.WAV,Telephone Field,recover-20220825,002,1795
684.3975,684.4385,68437,82600,Rhinolophus ferrumequinum,0.025,0.025,-1,Echolocation,/mnt/ubna_data_01_mir/recover-20220825/UBNA_002/20220823_033000.WAV,Telephone Field,recover-20220825,002,1795
684.4145,684.4515,68437,81618,Rhinolophus ferrumequinum,0.022,0.022,-1,Echolocation,/mnt/ubna_data_01_mir/recover-20220825/UBNA_002/20220823_033000.WAV,Telephone Field,recover-20220825,002,1795
684.4455,684.4535,26328,34626,Eptesicus serotinus,0.008,0.021,-1,Echolocation,/mnt/ubna_data_01_mir/recover-20220825/UBNA_002/20220823_033000.WAV,Telephone Field,recover-20220825,002,1795
684.4865,684.4944,37500,48341,Pipistrellus nathusii,0.159,0.354,-1,Echolocation,/mnt/ubna_data_01_mir/recover-20220825/UBNA_002/20220823_033000.WAV,Telephone Field,recover-20220825,002,1795
684.5025,684.5401,68437,82028,Rhinolophus ferrumequinum,0.024,0.024,-1,Echolocation,/mnt/ubna_data_01_mir/recover-20220825/UBNA_002/20220823_033000.WAV,Telephone Field,recover-20220825,002,1795
684.5205,684.5608,68437,82915,Rhinolophus ferrumequinum,0.027,0.027,-1,Echolocation,/mnt/ubna_data_01_mir/recover-20220825/UBNA_002/20220823_033000.WAV,Telephone Field,recover-20220825,002,1795
684.5355,684.5482,23750,28371,Nyctalus leisleri,0.017,0.036,-1,Echolocation,/mnt/ubna_data_01_mir/recover-20220825/UBNA_002/20220823_033000.WAV,Telephone Field,recover-20220825,002,1795
684.5495,684.5831000000001,68437,80581,Rhinolophus ferrumequinum,0.022,0.023,-1,Echolocation,/mnt/ubna_data_01_mir/recover-20220825/UBNA_002/20220823_033000.WAV,Telephone Field,recover-20220825,002,1795
684.5625,684.57,38359,46373,Pipistrellus nathusii,0.073,0.117,-1,Echolocation,/mnt/ubna_data_01_mir/recover-20220825/UBNA_002/20220823_033000.WAV,Telephone Field,recover-20220825,002,1795
684.5725,684.6101,68437,82464,Rhinolophus ferrumequinum,0.024,0.024,-1,Echolocation,/mnt/ubna_data_01_mir/recover-20220825/UBNA_002/20220823_033000.WAV,Telephone Field,recover-20220825,002,1795
684.7115,684.7289,19453,23034,Nyctalus leisleri,0.009,0.021,-1,Echolocation,/mnt/ubna_data_01_mir/recover-20220825/UBNA_002/20220823_033000.WAV,Telephone Field,recover-20220825,002,1795
684.7575,684.7962,68437,81938,Rhinolophus ferrumequinum,0.029,0.029,-1,Echolocation,/mnt/ubna_data_01_mir/recover-20220825/UBNA_002/20220823_033000.WAV,Telephone Field,recover-20220825,002,1795
684.7945,684.8035,27187,36042,Eptesicus serotinus,0.01,0.024,-1,Echolocation,/mnt/ubna_data_01_mir/recover-20220825/UBNA_002/20220823_033000.WAV,Telephone Field,recover-20220825,002,1795
684.8565,684.8668,23750,29256,Nyctalus leisleri,0.009,0.023,-1,Echolocation,/mnt/ubna_data_01_mir/recover-20220825/UBNA_002/20220823_033000.WAV,Telephone Field,recover-20220825,002,1795
684.8765,684.8843,26328,34781,Eptesicus serotinus,0.008,0.023,-1,Echolocation,/mnt/ubna_data_01_mir/recover-20220825/UBNA_002/20220823_033000.WAV,Telephone Field,recover-20220825,002,1795
684.9475,684.9559,23750,31560,Plecotus austriacus,0.007,0.021,-1,Echolocation,/mnt/ubna_data_01_mir/recover-20220825/UBNA_002/20220823_033000.WAV,Telephone Field,recover-20220825,002,1795
684.9665,684.9763,28046,37233,Eptesicus serotinus,0.021,0.038,-1,Echolocation,/mnt/ubna_data_01_mir/recover-20220825/UBNA_002/20220823_033000.WAV,Telephone Field,recover-20220825,002,1795
685.0135,685.0213,48671,53034,Pipistrellus pipistrellus,0.022,0.023,-1,Echolocation,/mnt/ubna_data_01_mir/recover-20220825/UBNA_002/20220823_033000.WAV,Telephone Field,recover-20220825,002,1795
685.0195,685.0283,30625,45438,Myotis daubentonii,0.008,0.025,-1,Echolocation,/mnt/ubna_data_01_mir/recover-20220825/UBNA_002/20220823_033000.WAV,Telephone Field,recover-20220825,002,1795
685.0375,685.0758,68437,82014,Rhinolophus ferrumequinum,0.023,0.023,-1,Echolocation,/mnt/ubna_data_01_mir/recover-20220825/UBNA_002/20220823_033000.WAV,Telephone Field,recover-20220825,002,1795
685.0665,685.1065,68437,81398,Rhinolophus ferrumequinum,0.023,0.023,-1,Echolocation,/mnt/ubna_data_01_mir/recover-20220825/UBNA_002/20220823_033000.WAV,Telephone Field,recover-20220825,002,1795
685.0735,685.114,68437,82201,Rhinolophus ferrumequinum,0.025,0.025,-1,Echolocation,/mnt/ubna_data_01_mir/recover-20220825/UBNA_002/20220823_033000.WAV,Telephone Field,recover-20220825,002,1795
685.1175,685.125,28046,39546,Eptesicus serotinus,0.007,0.022,-1,Echolocation,/mnt/ubna_data_01_mir/recover-20220825/UBNA_002/20220823_033000.WAV,Telephone Field,recover-20220825,002,1795
685.1185,685.156,68437,81721,Rhinolophus ferrumequinum,0.022,0.022,-1,Echolocation,/mnt/ubna_data_01_mir/recover-20220825/UBNA_002/20220823_033000.WAV,Telephone Field,recover-20220825,002,1795
685.1315,685.1405,46953,50864,Pipistrellus pipistrellus,0.025,0.028,-1,Echolocation,/mnt/ubna_data_01_mir/recover-20220825/UBNA_002/20220823_033000.WAV,Telephone Field,recover-20220825,002,1795
685.1385,685.1458,28046,41079,Eptesicus serotinus,0.007,0.022,-1,Echolocation,/mnt/ubna_data_01_mir/recover-20220825/UBNA_002/20220823_033000.WAV,Telephone Field,recover-20220825,002,1795
685.1505,685.186,68437,81283,Rhinolophus ferrumequinum,0.022,0.022,-1,Echolocation,/mnt/ubna_data_01_mir/recover-20220825/UBNA_002/20220823_033000.WAV,Telephone Field,recover-20220825,002,1795
685.1545,685.1623,27187,36100,Eptesicus serotinus,0.014,0.033,-1,Echolocation,/mnt/ubna_data_01_mir/recover-20220825/UBNA_002/20220823_033000.WAV,Telephone Field,recover-20220825,002,1795
685.1825,685.218,68437,80910,Rhinolophus ferrumequinum,0.021,0.021,-1,Echolocation,/mnt/ubna_data_01_mir/recover-20220825/UBNA_002/20220823_033000.WAV,Telephone Field,recover-20220825,002,1795
685.1935,685.2039,28906,34090,Eptesicus serotinus,0.015,0.033,-1,Echolocation,/mnt/ubna_data_01_mir/recover-20220825/UBNA_002/20220823_033000.WAV,Telephone Field,recover-20220825,002,1795
685.2165,685.2262,22031,28659,Plecotus austriacus,0.01,0.028,-1,Echolocation,/mnt/ubna_data_01_mir/recover-20220825/UBNA_002/20220823_033000.WAV,Telephone Field,recover-20220825,002,1795
685.2445,685.2547,22031,26771,Nyctalus leisleri,0.01,0.022,-1,Echolocation,/mnt/ubna_data_01_mir/recover-20220825/UBNA_002/20220823_033000.WAV,Telephone Field,recover-20220825,002,1795
685.2535,685.2642,40937,44497,Pipistrellus nathusii,0.065,0.082,-1,Echolocation,/mnt/ubna_data_01_mir/recover-20220825/UBNA_002/20220823_033000.WAV,Telephone Field,recover-20220825,002,1795
685.3125,685.3227,28046,38250,Eptesicus serotinus,0.015,0.032,-1,Echolocation,/mnt/ubna_data_01_mir/recover-20220825/UBNA_002/20220823_033000.WAV,Telephone Field,recover-20220825,002,1795
685.3285,685.367,68437,81548,Rhinolophus ferrumequinum,0.022,0.022,-1,Echolocation,/mnt/ubna_data_01_mir/recover-20220825/UBNA_002/20220823_033000.WAV,Telephone Field,recover-20220825,002,1795
685.3305,685.346,52109,56256,Pipistrellus pygmaeus,0.022,0.028,-1,Echolocation,/mnt/ubna_data_01_mir/recover-20220825/UBNA_002/20220823_033000.WAV,Telephone Field,recover-20220825,002,1795
685.3355,685.3483,54687,59101,Pipistrellus pygmaeus,0.028,0.03,-1,Echolocation,/mnt/ubna_data_01_mir/recover-20220825/UBNA_002/20220823_033000.WAV,Telephone Field,recover-20220825,002,1795
685.3395,685.3479,28906,39246,Eptesicus serotinus,0.008,0.022,-1,Echolocation,/mnt/ubna_data_01_mir/recover-20220825/UBNA_002/20220823_033000.WAV,Telephone Field,recover-20220825,002,1795
685.3595,685.4016,68437,83036,Rhinolophus ferrumequinum,0.027,0.027,-1,Echolocation,/mnt/ubna_data_01_mir/recover-20220825/UBNA_002/20220823_033000.WAV,Telephone Field,recover-20220825,002,1795
685.3955,685.4034,28046,39062,Eptesicus serotinus,0.008,0.021,-1,Echolocation,/mnt/ubna_data_01_mir/recover-20220825/UBNA_002/20220823_033000.WAV,Telephone Field,recover-20220825,002,1795
685.4225,685.4346,23750,30034,Nyctalus leisleri,0.02,0.047,-1,Echolocation,/mnt/ubna_data_01_mir/recover-20220825/UBNA_002/20220823_033000.WAV,Telephone Field,recover-20220825,002,1795
685.4295,685.4383,37500,44486,Pipistrellus nathusii,0.008,0.021,-1,Echolocation,/mnt/ubna_data_01_mir/recover-20220825/UBNA_002/20220823_033000.WAV,Telephone Field,recover-20220825,002,1795
685.4325,685.4673,68437,81117,Rhinolophus ferrumequinum,0.021,0.021,-1,Echolocation,/mnt/ubna_data_01_mir/recover-20220825/UBNA_002/20220823_033000.WAV,Telephone Field,recover-20220825,002,1795
685.4525,685.4589,31484,44843,Myotis daubentonii,0.01,0.023,-1,Echolocation,/mnt/ubna_data_01_mir/recover-20220825/UBNA_002/20220823_033000.WAV,Telephone Field,recover-20220825,002,1795
685.4535,685.4618,27187,39888,Eptesicus serotinus,0.008,0.024,-1,Echolocation,/mnt/ubna_data_01_mir/recover-20220825/UBNA_002/20220823_033000.WAV,Telephone Field,recover-20220825,002,1795
685.4545,685.4925,68437,81679,Rhinolophus ferrumequinum,0.021,0.021,-1,Echolocation,/mnt/ubna_data_01_mir/recover-20220825/UBNA_002/20220823_033000.WAV,Telephone Field,recover-20220825,002,1795
685.4625,685.4731,27187,33779,Eptesicus serotinus,0.011,0.025,-1,Echolocation,/mnt/ubna_data_01_mir/recover-20220825/UBNA_002/20220823_033000.WAV,Telephone Field,recover-20220825,002,1795
685.4685,685.5067,68437,81938,Rhinolophus ferrumequinum,0.022,0.022,-1,Echolocation,/mnt/ubna_data_01_mir/recover-20220825/UBNA_002/20220823_033000.WAV,Telephone Field,recover-20220825,002,1795
685.4795,685.5187,68437,82265,Rhinolophus ferrumequinum,0.024,0.024,-1,Echolocation,/mnt/ubna_data_01_mir/recover-20220825/UBNA_002/20220823_033000.WAV,Telephone Field,recover-20220825,002,1795
685.4905,685.5296,68437,82931,Rhinolophus ferrumequinum,0.026,0.026,-1,Echolocation,/mnt/ubna_data_01_mir/recover-20220825/UBNA_002/20220823_033000.WAV,Telephone Field,recover-20220825,002,1795
685.5015,685.5225,19453,22672,Nyctalus noctula,0.017,0.032,-1,Echolocation,/mnt/ubna_data_01_mir/recover-20220825/UBNA_002/20220823_033000.WAV,Telephone Field,recover-20220825,002,1795
685.5205,685.56,68437,82256,Rhinolophus ferrumequinum,0.022,0.022,-1,Echolocation,/mnt/ubna_data_01_mir/recover-20220825/UBNA_002/20220823_033000.WAV,Telephone Field,recover-20220825,002,1795
685.5305,685.5669,68437,82075,Rhinolophus ferrumequinum,0.024,0.024,-1,Echolocation,/mnt/ubna_data_01_mir/recover-20220825/UBNA_002/20220823_033000.WAV,Telephone Field,recover-20220825,002,1795
685.6365,685.6486,44375,48005,Pipistrellus pipistrellus,0.05,0.055,-1,Echolocation,/mnt/ubna_data_01_mir/recover-20220825/UBNA_002/20220823_033000.WAV,Telephone Field,recover-20220825,002,1795
685.6695,685.707,68437,81564,Rhinolophus ferrumequinum,0.021,0.021,-1,Echolocation,/mnt/ubna_data_01_mir/recover-20220825/UBNA_002/20220823_033000.WAV,Telephone Field,recover-20220825,002,1795
685.6835,685.6911,28046,41763,Eptesicus serotinus,0.009,0.026,-1,Echolocation,/mnt/ubna_data_01_mir/recover-20220825/UBNA_002/20220823_033000.WAV,Telephone Field,recover-20220825,002,1795
685.7125,685.7302,20312,24323,Nyctalus leisleri,0.016,0.035,-1,Echolocation,/mnt/ubna_data_01_mir/recover-20220825/UBNA_002/20220823_033000.WAV,Telephone Field,recover-20220825,002,1795
685.7665,685.7734,27187,37058,Eptesicus serotinus,0.006,0.022,-1,Echolocation,/mnt/ubna_data_01_mir/recover-20220825/UBNA_002/20220823_033000.WAV,Telephone Field,recover-20220825,002,1795
685.7945,685.8036,27187,34820,Eptesicus serotinus,0.01,0.023,-1,Echolocation,/mnt/ubna_data_01_mir/recover-20220825/UBNA_002/20220823_033000.WAV,Telephone Field,recover-20220825,002,1795
685.8105,685.8182,26328,39977,Eptesicus serotinus,0.007,0.022,-1,Echolocation,/mnt/ubna_data_01_mir/recover-20220825/UBNA_002/20220823_033000.WAV,Telephone Field,recover-20220825,002,1795
685.8195,685.8271,50390,54561,Pipistrellus pipistrellus,0.029,0.033,-1,Echolocation,/mnt/ubna_data_01_mir/recover-20220825/UBNA_002/20220823_033000.WAV,Telephone Field,recover-20220825,002,1795
685.8305,685.8689,68437,81989,Rhinolophus ferrumequinum,0.021,0.021,-1,Echolocation,/mnt/ubna_data_01_mir/recover-20220825/UBNA_002/20220823_033000.WAV,Telephone Field,recover-20220825,002,1795
685.8315,685.8421,24609,31104,Nyctalus leisleri,0.009,0.024,-1,Echolocation,/mnt/ubna_data_01_mir/recover-20220825/UBNA_002/20220823_033000.WAV,Telephone Field,recover-20220825,002,1795
685.8425,685.8616,20312,23293,Nyctalus leisleri,0.013,0.023,-1,Echolocation,/mnt/ubna_data_01_mir/recover-20220825/UBNA_002/20220823_033000.WAV,Telephone Field,recover-20220825,002,1795
685.8855,685.9243,68437,82250,Rhinolophus ferrumequinum,0.021,0.021,-1,Echolocation,/mnt/ubna_data_01_mir/recover-20220825/UBNA_002/20220823_033000.WAV,Telephone Field,recover-20220825,002,1795
685.8965,685.9055,44375,51075,Pipistrellus pipistrellus,0.018,0.023,-1,Echolocation,/mnt/ubna_data_01_mir/recover-20220825/UBNA_002/20220823_033000.WAV,Telephone Field,recover-20220825,002,1795
685.8985,685.9067,28046,39404,Eptesicus serotinus,0.01,0.027,-1,Echolocation,/mnt/ubna_data_01_mir/recover-20220825/UBNA_002/20220823_033000.WAV,Telephone Field,recover-20220825,002,1795
685.9195,685.9588,68437,82222,Rhinolophus ferrumequinum,0.028,0.028,-1,Echolocation,/mnt/ubna_data_01_mir/recover-20220825/UBNA_002/20220823_033000.WAV,Telephone Field,recover-20220825,002,1795
685.9425,685.9516,27187,35926,Eptesicus serotinus,0.008,0.022,-1,Echolocation,/mnt/ubna_data_01_mir/recover-20220825/UBNA_002/20220823_033000.WAV,Telephone Field,recover-20220825,002,1795
685.9835,685.9895,38359,59640,Myotis brandtii,0.008,0.022,-1,Echolocation,/mnt/ubna_data_01_mir/recover-20220825/UBNA_002/20220823_033000.WAV,Telephone Field,recover-20220825,002,1795
686.0015,686.0121,22031,28219,Nyctalus leisleri,0.011,0.03,-1,Echolocation,/mnt/ubna_data_01_mir/recover-20220825/UBNA_002/20220823_033000.WAV,Telephone Field,recover-20220825,002,1795
686.0015,686.01,26328,36325,Nyctalus leisleri,0.008,0.03,-1,Echolocation,/mnt/ubna_data_01_mir/recover-20220825/UBNA_002/20220823_033000.WAV,Telephone Field,recover-20220825,002,1795
686.0075,686.0178,22031,27087,Nyctalus leisleri,0.011,0.024,-1,Echolocation,/mnt/ubna_data_01_mir/recover-20220825/UBNA_002/20220823_033000.WAV,Telephone Field,recover-20220825,002,1795
686.0635,686.1028,68437,82100,Rhinolophus ferrumequinum,0.021,0.021,-1,Echolocation,/mnt/ubna_data_01_mir/recover-20220825/UBNA_002/20220823_033000.WAV,Telephone Field,recover-20220825,002,1795
686.0865,686.124,68437,82171,Rhinolophus ferrumequinum,0.021,0.021,-1,Echolocation,/mnt/ubna_data_01_mir/recover-20220825/UBNA_002/20220823_033000.WAV,Telephone Field,recover-20220825,002,1795
686.0875,686.1048,21171,24296,Nyctalus leisleri,0.015,0.025,-1,Echolocation,/mnt/ubna_data_01_mir/recover-20220825/UBNA_002/20220823_033000.WAV,Telephone Field,recover-20220825,002,1795
686.0875,686.0948,47812,52109,Pipistrellus pipistrellus,0.028,0.029,-1,Echolocation,/mnt/ubna_data_01_mir/recover-20220825/UBNA_002/20220823_033000.WAV,Telephone Field,recover-20220825,002,1795
686.1035,686.1433,68437,82271,Rhinolophus ferrumequinum,0.038,0.038,-1,Echolocation,/mnt/ubna_data_01_mir/recover-20220825/UBNA_002/20220823_033000.WAV,Telephone Field,recover-20220825,002,1795
686.1075,686.1165,22890,29952,Plecotus austriacus,0.009,0.024,-1,Echolocation,/mnt/ubna_data_01_mir/recover-20220825/UBNA_002/20220823_033000.WAV,Telephone Field,recover-20220825,002,1795
686.1275,686.1676,68437,82407,Rhinolophus ferrumequinum,0.025,0.025,-1,Echolocation,/mnt/ubna_data_01_mir/recover-20220825/UBNA_002/20220823_033000.WAV,Telephone Field,recover-20220825,002,1795
686.1715,686.1821,23750,29668,Nyctalus leisleri,0.013,0.03,-1,Echolocation,/mnt/ubna_data_01_mir/recover-20220825/UBNA_002/20220823_033000.WAV,Telephone Field,recover-20220825,002,1795
686.2375,686.2822,68437,83685,Rhinolophus ferrumequinum,0.033,0.033,-1,Echolocation,/mnt/ubna_data_01_mir/recover-20220825/UBNA_002/20220823_033000.WAV,Telephone Field,recover-20220825,002,1795
686.3015,686.3215,21171,24294,Nyctalus leisleri,0.016,0.026,-1,Echolocation,/mnt/ubna_data_01_mir/recover-20220825/UBNA_002/20220823_033000.WAV,Telephone Field,recover-20220825,002,1795
686.3345,686.3429,28906,37188,Eptesicus serotinus,0.01,0.027,-1,Echolocation,/mnt/ubna_data_01_mir/recover-20220825/UBNA_002/20220823_033000.WAV,Telephone Field,recover-20220825,002,1795
686.3735,686.4126,68437,82371,Rhinolophus ferrumequinum,0.021,0.021,-1,Echolocation,/mnt/ubna_data_01_mir/recover-20220825/UBNA_002/20220823_033000.WAV,Telephone Field,recover-20220825,002,1795
686.3935,686.4049,22031,26216,Nyctalus leisleri,0.013,0.024,-1,Echolocation,/mnt/ubna_data_01_mir/recover-20220825/UBNA_002/20220823_033000.WAV,Telephone Field,recover-20220825,002,1795
686.4035,686.4421,68437,82193,Rhinolophus ferrumequinum,0.021,0.021,-1,Echolocation,/mnt/ubna_data_01_mir/recover-20220825/UBNA_002/20220823_033000.WAV,Telephone Field,recover-20220825,002,1795
686.4125,686.422,22890,28552,Nyctalus leisleri,0.01,0.023,-1,Echolocation,/mnt/ubna_data_01_mir/recover-20220825/UBNA_002/20220823_033000.WAV,Telephone Field,recover-20220825,002,1795
686.4425,686.4826,68437,81828,Rhinolophus ferrumequinum,0.022,0.022,-1,Echolocation,/mnt/ubna_data_01_mir/recover-20220825/UBNA_002/20220823_033000.WAV,Telephone Field,recover-20220825,002,1795
686.4455,686.4563,54687,59837,Pipistrellus pygmaeus,0.022,0.023,-1,Echolocation,/mnt/ubna_data_01_mir/recover-20220825/UBNA_002/20220823_033000.WAV,Telephone Field,recover-20220825,002,1795
686.4545,686.4917,68437,82234,Rhinolophus ferrumequinum,0.022,0.022,-1,Echolocation,/mnt/ubna_data_01_mir/recover-20220825/UBNA_002/20220823_033000.WAV,Telephone Field,recover-20220825,002,1795
686.4635,686.504,68437,82334,Rhinolophus ferrumequinum,0.021,0.021,-1,Echolocation,/mnt/ubna_data_01_mir/recover-20220825/UBNA_002/20220823_033000.WAV,Telephone Field,recover-20220825,002,1795
686.4715,686.4789,28046,38965,Eptesicus serotinus,0.008,0.025,-1,Echolocation,/mnt/ubna_data_01_mir/recover-20220825/UBNA_002/20220823_033000.WAV,Telephone Field,recover-20220825,002,1795
686.4885,686.526,68437,81863,Rhinolophus ferrumequinum,0.024,0.024,-1,Echolocation,/mnt/ubna_data_01_mir/recover-20220825/UBNA_002/20220823_033000.WAV,Telephone Field,recover-20220825,002,1795
686.4995,686.5344,68437,81156,Rhinolophus ferrumequinum,0.021,0.021,-1,Echolocation,/mnt/ubna_data_01_mir/recover-20220825/UBNA_002/20220823_033000.WAV,Telephone Field,recover-20220825,002,1795
686.5085,686.5471,68437,82204,Rhinolophus ferrumequinum,0.022,0.022,-1,Echolocation,/mnt/ubna_data_01_mir/recover-20220825/UBNA_002/20220823_033000.WAV,Telephone Field,recover-20220825,002,1795
686.5175,686.5351,22031,25454,Nyctalus leisleri,0.017,0.029,-1,Echolocation,/mnt/ubna_data_01_mir/recover-20220825/UBNA_002/20220823_033000.WAV,Telephone Field,recover-20220825,002,1795
686.5245,686.5437,21171,24461,Nyctalus leisleri,0.017,0.026,-1,Echolocation,/mnt/ubna_data_01_mir/recover-20220825/UBNA_002/20220823_033000.WAV,Telephone Field,recover-20220825,002,1795
686.6175,686.6565,68437,82296,Rhinolophus ferrumequinum,0.021,0.021,-1,Echolocation,/mnt/ubna_data_01_mir/recover-20220825/UBNA_002/20220823_033000.WAV,Telephone Field,recover-20220825,002,1795
686.6275,686.6373,28906,36530,Eptesicus serotinus,0.008,0.021,-1,Echolocation,/mnt/ubna_data_01_mir/recover-20220825/UBNA_002/20220823_033000.WAV,Telephone Field,recover-20220825,002,1795
686.6635,686.7035,68437,82484,Rhinolophus ferrumequinum,0.029,0.029,-1,Echolocation,/mnt/ubna_data_01_mir/recover-20220825/UBNA_002/20220823_033000.WAV,Telephone Field,recover-20220825,002,1795
686.8155,686.858,68437,83301,Rhinolophus ferrumequinum,0.029,0.029,-1,Echolocation,/mnt/ubna_data_01_mir/recover-20220825/UBNA_002/20220823_033000.WAV,Telephone Field,recover-20220825,002,1795
686.8265,686.8661,68437,81844,Rhinolophus ferrumequinum,0.023,0.023,-1,Echolocation,/mnt/ubna_data_01_mir/recover-20220825/UBNA_002/20220823_033000.WAV,Telephone Field,recover-20220825,002,1795
686.8445,686.8824,68437,82097,Rhinolophus ferrumequinum,0.028,0.028,-1,Echolocation,/mnt/ubna_data_01_mir/recover-20220825/UBNA_002/20220823_033000.WAV,Telephone Field,recover-20220825,002,1795
686.8705,686.9161,68437,83583,Rhinolophus ferrumequinum,0.049,0.049,-1,Echolocation,/mnt/ubna_data_01_mir/recover-20220825/UBNA_002/20220823_033000.WAV,Telephone Field,recover-20220825,002,1795
686.8835,686.8913,24609,33835,Plecotus austriacus,0.01,0.026,-1,Echolocation,/mnt/ubna_data_01_mir/recover-20220825/UBNA_002/20220823_033000.WAV,Telephone Field,recover-20220825,002,1795
686.9325,686.972,68437,82330,Rhinolophus ferrumequinum,0.022,0.023,-1,Echolocation,/mnt/ubna_data_01_mir/recover-20220825/UBNA_002/20220823_033000.WAV,Telephone Field,recover-20220825,002,1795
686.9855,687.0223,68437,81184,Rhinolophus ferrumequinum,0.021,0.021,-1,Echolocation,/mnt/ubna_data_01_mir/recover-20220825/UBNA_002/20220823_033000.WAV,Telephone Field,recover-20220825,002,1795
687.0145,687.0555,68437,82436,Rhinolophus ferrumequinum,0.042,0.042,-1,Echolocation,/mnt/ubna_data_01_mir/recover-20220825/UBNA_002/20220823_033000.WAV,Telephone Field,recover-20220825,002,1795
687.0375,687.0759,68437,82461,Rhinolophus ferrumequinum,0.023,0.023,-1,Echolocation,/mnt/ubna_data_01_mir/recover-20220825/UBNA_002/20220823_033000.WAV,Telephone Field,recover-20220825,002,1795
687.0565,687.0949,68437,81979,Rhinolophus ferrumequinum,0.023,0.023,-1,Echolocation,/mnt/ubna_data_01_mir/recover-20220825/UBNA_002/20220823_033000.WAV,Telephone Field,recover-20220825,002,1795
687.0895,687.0986,22890,31186,Plecotus austriacus,0.026,0.062,-1,Echolocation,/mnt/ubna_data_01_mir/recover-20220825/UBNA_002/20220823_033000.WAV,Telephone Field,recover-20220825,002,1795
687.0975,687.1341,68437,81455,Rhinolophus ferrumequinum,0.027,0.027,-1,Echolocation,/mnt/ubna_data_01_mir/recover-20220825/UBNA_002/20220823_033000.WAV,Telephone Field,recover-20220825,002,1795
687.1175,687.1523,68437,80659,Rhinolophus ferrumequinum,0.026,0.026,-1,Echolocation,/mnt/ubna_data_01_mir/recover-20220825/UBNA_002/20220823_033000.WAV,Telephone Field,recover-20220825,002,1795
687.1245,687.132,45234,54129,Pipistrellus pipistrellus,0.014,0.022,-1,Echolocation,/mnt/ubna_data_01_mir/recover-20220825/UBNA_002/20220823_033000.WAV,Telephone Field,recover-20220825,002,1795
687.1295,687.1683,68437,82191,Rhinolophus ferrumequinum,0.021,0.022,-1,Echolocation,/mnt/ubna_data_01_mir/recover-20220825/UBNA_002/20220823_033000.WAV,Telephone Field,recover-20220825,002,1795
687.1475,687.1848,68437,82068,Rhinolophus ferrumequinum,0.022,0.022,-1,Echolocation,/mnt/ubna_data_01_mir/recover-20220825/UBNA_002/20220823_033000.WAV,Telephone Field,recover-20220825,002,1795
687.1495,687.1652,22031,25600,Nyctalus leisleri,0.016,0.026,-1,Echolocation,/mnt/ubna_data_01_mir/recover-20220825/UBNA_002/20220823_033000.WAV,Telephone Field,recover-20220825,002,1795
687.2115,687.2241,23750,28872,Nyctalus leisleri,0.017,0.032,-1,Echolocation,/mnt/ubna_data_01_mir/recover-20220825/UBNA_002/20220823_033000.WAV,Telephone Field,recover-20220825,002,1795
687.2525,687.2606,23750,31943,Plecotus austriacus,0.008,0.021,-1,Echolocation,/mnt/ubna_data_01_mir/recover-20220825/UBNA_002/20220823_033000.WAV,Telephone Field,recover-20220825,002,1795
687.2645,687.2736,22031,28347,Plecotus austriacus,0.009,0.021,-1,Echolocation,/mnt/ubna_data_01_mir/recover-20220825/UBNA_002/20220823_033000.WAV,Telephone Field,recover-20220825,002,1795
687.2764999999999,687.3169,68437,82797,Rhinolophus ferrumequinum,0.048,0.048,-1,Echolocation,/mnt/ubna_data_01_mir/recover-20220825/UBNA_002/20220823_033000.WAV,Telephone Field,recover-20220825,002,1795
687.2865,687.2952,27187,37210,Eptesicus serotinus,0.008,0.021,-1,Echolocation,/mnt/ubna_data_01_mir/recover-20220825/UBNA_002/20220823_033000.WAV,Telephone Field,recover-20220825,002,1795
687.3115,687.3452,68437,81833,Rhinolophus ferrumequinum,0.021,0.021,-1,Echolocation,/mnt/ubna_data_01_mir/recover-20220825/UBNA_002/20220823_033000.WAV,Telephone Field,recover-20220825,002,1795
687.3465,687.3875,68437,82552,Rhinolophus ferrumequinum,0.026,0.026,-1,Echolocation,/mnt/ubna_data_01_mir/recover-20220825/UBNA_002/20220823_033000.WAV,Telephone Field,recover-20220825,002,1795
687.3815,687.4208,68437,82535,Rhinolophus ferrumequinum,0.025,0.025,-1,Echolocation,/mnt/ubna_data_01_mir/recover-20220825/UBNA_002/20220823_033000.WAV,Telephone Field,recover-20220825,002,1795
687.3875,687.3983,22890,27785,Nyctalus leisleri,0.012,0.025,-1,Echolocation,/mnt/ubna_data_01_mir/recover-20220825/UBNA_002/20220823_033000.WAV,Telephone Field,recover-20220825,002,1795
687.4075,687.4508,68437,82838,Rhinolophus ferrumequinum,0.039,0.039,-1,Echolocation,/mnt/ubna_data_01_mir/recover-20220825/UBNA_002/20220823_033000.WAV,Telephone Field,recover-20220825,002,1795
687.4155,687.4256,22890,29032,Nyctalus leisleri,0.009,0.025,-1,Echolocation,/mnt/ubna_data_01_mir/recover-20220825/UBNA_002/20220823_033000.WAV,Telephone Field,recover-20220825,002,1795
687.4255,687.4328,27187,41427,Eptesicus serotinus,0.007,0.022,-1,Echolocation,/mnt/ubna_data_01_mir/recover-20220825/UBNA_002/20220823_033000.WAV,Telephone Field,recover-20220825,002,1795
687.4325,687.4724,68437,82869,Rhinolophus ferrumequinum,0.036,0.036,-1,Echolocation,/mnt/ubna_data_01_mir/recover-20220825/UBNA_002/20220823_033000.WAV,Telephone Field,recover-20220825,002,1795
687.4605,687.4943,68437,81337,Rhinolophus ferrumequinum,0.022,0.022,-1,Echolocation,/mnt/ubna_data_01_mir/recover-20220825/UBNA_002/20220823_033000.WAV,Telephone Field,recover-20220825,002,1795
687.4955,687.5051,24609,32062,Nyctalus leisleri,0.007,0.021,-1,Echolocation,/mnt/ubna_data_01_mir/recover-20220825/UBNA_002/20220823_033000.WAV,Telephone Field,recover-20220825,002,1795
687.4975,687.5364,68437,81988,Rhinolophus ferrumequinum,0.022,0.022,-1,Echolocation,/mnt/ubna_data_01_mir/recover-20220825/UBNA_002/20220823_033000.WAV,Telephone Field,recover-20220825,002,1795
687.5525,687.5902,68437,81882,Rhinolophus ferrumequinum,0.021,0.021,-1,Echolocation,/mnt/ubna_data_01_mir/recover-20220825/UBNA_002/20220823_033000.WAV,Telephone Field,recover-20220825,002,1795
687.5725,687.6113,68437,82567,Rhinolophus ferrumequinum,0.032,0.032,-1,Echolocation,/mnt/ubna_data_01_mir/recover-20220825/UBNA_002/20220823_033000.WAV,Telephone Field,recover-20220825,002,1795
687.6055,687.6148,23750,31377,Nyctalus leisleri,0.007,0.021,-1,Echolocation,/mnt/ubna_data_01_mir/recover-20220825/UBNA_002/20220823_033000.WAV,Telephone Field,recover-20220825,002,1795
687.6215,687.6581,68437,81102,Rhinolophus ferrumequinum,0.026,0.026,-1,Echolocation,/mnt/ubna_data_01_mir/recover-20220825/UBNA_002/20220823_033000.WAV,Telephone Field,recover-20220825,002,1795
687.6305,687.643,22890,26821,Nyctalus leisleri,0.013,0.023,-1,Echolocation,/mnt/ubna_data_01_mir/recover-20220825/UBNA_002/20220823_033000.WAV,Telephone Field,recover-20220825,002,1795
687.6385,687.678,68437,82048,Rhinolophus ferrumequinum,0.023,0.023,-1,Echolocation,/mnt/ubna_data_01_mir/recover-20220825/UBNA_002/20220823_033000.WAV,Telephone Field,recover-20220825,002,1795
687.7555,687.7648,22890,29243,Plecotus austriacus,0.009,0.026,-1,Echolocation,/mnt/ubna_data_01_mir/recover-20220825/UBNA_002/20220823_033000.WAV,Telephone Field,recover-20220825,002,1795
687.7875,687.8259,68437,82308,Rhinolophus ferrumequinum,0.022,0.023,-1,Echolocation,/mnt/ubna_data_01_mir/recover-20220825/UBNA_002/20220823_033000.WAV,Telephone Field,recover-20220825,002,1795
687.8155,687.8523,68437,81808,Rhinolophus ferrumequinum,0.024,0.024,-1,Echolocation,/mnt/ubna_data_01_mir/recover-20220825/UBNA_002/20220823_033000.WAV,Telephone Field,recover-20220825,002,1795
687.8405,687.8509,44375,51525,Pipistrellus pipistrellus,0.016,0.021,-1,Echolocation,/mnt/ubna_data_01_mir/recover-20220825/UBNA_002/20220823_033000.WAV,Telephone Field,recover-20220825,002,1795
687.8685,687.9066,68437,81836,Rhinolophus ferrumequinum,0.022,0.022,-1,Echolocation,/mnt/ubna_data_01_mir/recover-20220825/UBNA_002/20220823_033000.WAV,Telephone Field,recover-20220825,002,1795
687.8695,687.8787,22890,29248,Plecotus austriacus,0.008,0.023,-1,Echolocation,/mnt/ubna_data_01_mir/recover-20220825/UBNA_002/20220823_033000.WAV,Telephone Field,recover-20220825,002,1795
687.8885,687.9298,68437,82427,Rhinolophus ferrumequinum,0.024,0.024,-1,Echolocation,/mnt/ubna_data_01_mir/recover-20220825/UBNA_002/20220823_033000.WAV,Telephone Field,recover-20220825,002,1795
687.9115,687.9504,68437,82129,Rhinolophus ferrumequinum,0.022,0.022,-1,Echolocation,/mnt/ubna_data_01_mir/recover-20220825/UBNA_002/20220823_033000.WAV,Telephone Field,recover-20220825,002,1795
687.9555,687.9951,68437,82676,Rhinolophus ferrumequinum,0.029,0.029,-1,Echolocation,/mnt/ubna_data_01_mir/recover-20220825/UBNA_002/20220823_033000.WAV,Telephone Field,recover-20220825,002,1795
687.9845,687.992,28046,39669,Eptesicus serotinus,0.008,0.026,-1,Echolocation,/mnt/ubna_data_01_mir/recover-20220825/UBNA_002/20220823_033000.WAV,Telephone Field,recover-20220825,002,1795
688.0015,688.0355,69296,80938,Rhinolophus ferrumequinum,0.058,0.058,-1,Echolocation,/mnt/ubna_data_01_mir/recover-20220825/UBNA_002/20220823_033000.WAV,Telephone Field,recover-20220825,002,1795
688.0015,688.0095,25468,35279,Nyctalus leisleri,0.007,0.025,-1,Echolocation,/mnt/ubna_data_01_mir/recover-20220825/UBNA_002/20220823_033000.WAV,Telephone Field,recover-20220825,002,1795
688.0095,688.0478,68437,81732,Rhinolophus ferrumequinum,0.023,0.023,-1,Echolocation,/mnt/ubna_data_01_mir/recover-20220825/UBNA_002/20220823_033000.WAV,Telephone Field,recover-20220825,002,1795
688.0125,688.0194,28046,40277,Eptesicus serotinus,0.006,0.022,-1,Echolocation,/mnt/ubna_data_01_mir/recover-20220825/UBNA_002/20220823_033000.WAV,Telephone Field,recover-20220825,002,1795
688.0395,688.0745,68437,81479,Rhinolophus ferrumequinum,0.021,0.021,-1,Echolocation,/mnt/ubna_data_01_mir/recover-20220825/UBNA_002/20220823_033000.WAV,Telephone Field,recover-20220825,002,1795
688.0525,688.0614,22890,29557,Plecotus austriacus,0.009,0.023,-1,Echolocation,/mnt/ubna_data_01_mir/recover-20220825/UBNA_002/20220823_033000.WAV,Telephone Field,recover-20220825,002,1795
688.0665,688.107,68437,82505,Rhinolophus ferrumequinum,0.025,0.025,-1,Echolocation,/mnt/ubna_data_01_mir/recover-20220825/UBNA_002/20220823_033000.WAV,Telephone Field,recover-20220825,002,1795
688.0705,688.0783,28046,39251,Eptesicus serotinus,0.008,0.025,-1,Echolocation,/mnt/ubna_data_01_mir/recover-20220825/UBNA_002/20220823_033000.WAV,Telephone Field,recover-20220825,002,1795
688.1075,688.1193,23750,29751,Nyctalus leisleri,0.013,0.032,-1,Echolocation,/mnt/ubna_data_01_mir/recover-20220825/UBNA_002/20220823_033000.WAV,Telephone Field,recover-20220825,002,1795
688.1125,688.1522,68437,82720,Rhinolophus ferrumequinum,0.023,0.023,-1,Echolocation,/mnt/ubna_data_01_mir/recover-20220825/UBNA_002/20220823_033000.WAV,Telephone Field,recover-20220825,002,1795
688.1325,688.1716,68437,81738,Rhinolophus ferrumequinum,0.023,0.023,-1,Echolocation,/mnt/ubna_data_01_mir/recover-20220825/UBNA_002/20220823_033000.WAV,Telephone Field,recover-20220825,002,1795
688.1765,688.187,44375,47496,Pipistrellus pipistrellus,0.04,0.043,-1,Echolocation,/mnt/ubna_data_01_mir/recover-20220825/UBNA_002/20220823_033000.WAV,Telephone Field,recover-20220825,002,1795
688.1845,688.195,23750,29436,Nyctalus leisleri,0.01,0.023,-1,Echolocation,/mnt/ubna_data_01_mir/recover-20220825/UBNA_002/20220823_033000.WAV,Telephone Field,recover-20220825,002,1795
688.1995,688.2398,68437,82460,Rhinolophus ferrumequinum,0.025,0.025,-1,Echolocation,/mnt/ubna_data_01_mir/recover-20220825/UBNA_002/20220823_033000.WAV,Telephone Field,recover-20220825,002,1795
688.2555,688.2659,23750,29320,Nyctalus leisleri,0.009,0.022,-1,Echolocation,/mnt/ubna_data_01_mir/recover-20220825/UBNA_002/20220823_033000.WAV,Telephone Field,recover-20220825,002,1795
688.2805,688.2876,23750,33126,Plecotus austriacus,0.009,0.022,-1,Echolocation,/mnt/ubna_data_01_mir/recover-20220825/UBNA_002/20220823_033000.WAV,Telephone Field,recover-20220825,002,1795
688.2965,688.3054,45234,51388,Pipistrellus pipistrellus,0.016,0.021,-1,Echolocation,/mnt/ubna_data_01_mir/recover-20220825/UBNA_002/20220823_033000.WAV,Telephone Field,recover-20220825,002,1795
688.2985,688.3408,68437,82550,Rhinolophus ferrumequinum,0.031,0.031,-1,Echolocation,/mnt/ubna_data_01_mir/recover-20220825/UBNA_002/20220823_033000.WAV,Telephone Field,recover-20220825,002,1795
688.3185,688.359,68437,82448,Rhinolophus ferrumequinum,0.022,0.022,-1,Echolocation,/mnt/ubna_data_01_mir/recover-20220825/UBNA_002/20220823_033000.WAV,Telephone Field,recover-20220825,002,1795
688.3415,688.3797,68437,82343,Rhinolophus ferrumequinum,0.025,0.025,-1,Echolocation,/mnt/ubna_data_01_mir/recover-20220825/UBNA_002/20220823_033000.WAV,Telephone Field,recover-20220825,002,1795
688.3845,688.4264000000001,68437,83017,Rhinolophus ferrumequinum,0.021,0.021,-1,Echolocation,/mnt/ubna_data_01_mir/recover-20220825/UBNA_002/20220823_033000.WAV,Telephone Field,recover-20220825,002,1795
688.3855,688.3937,45234,54591,Pipistrellus pipistrellus,0.017,0.026,-1,Echolocation,/mnt/ubna_data_01_mir/recover-20220825/UBNA_002/20220823_033000.WAV,Telephone Field,recover-20220825,002,1795
688.4055,688.4448,68437,82377,Rhinolophus ferrumequinum,0.023,0.023,-1,Echolocation,/mnt/ubna_data_01_mir/recover-20220825/UBNA_002/20220823_033000.WAV,Telephone Field,recover-20220825,002,1795
688.4195,688.4298,45234,49123,Pipistrellus pipistrellus,0.023,0.025,-1,Echolocation,/mnt/ubna_data_01_mir/recover-20220825/UBNA_002/20220823_033000.WAV,Telephone Field,recover-20220825,002,1795
688.4525,688.4939,68437,82311,Rhinolophus ferrumequinum,0.024,0.024,-1,Echolocation,/mnt/ubna_data_01_mir/recover-20220825/UBNA_002/20220823_033000.WAV,Telephone Field,recover-20220825,002,1795
688.4545,688.4639,28046,37058,Eptesicus serotinus,0.011,0.026,-1,Echolocation,/mnt/ubna_data_01_mir/recover-20220825/UBNA_002/20220823_033000.WAV,Telephone Field,recover-20220825,002,1795
688.4625,688.5048,68437,83123,Rhinolophus ferrumequinum,0.025,0.025,-1,Echolocation,/mnt/ubna_data_01_mir/recover-20220825/UBNA_002/20220823_033000.WAV,Telephone Field,recover-20220825,002,1795
688.5075,688.5483,68437,82904,Rhinolophus ferrumequinum,0.031,0.031,-1,Echolocation,/mnt/ubna_data_01_mir/recover-20220825/UBNA_002/20220823_033000.WAV,Telephone Field,recover-20220825,002,1795
688.5155,688.5259,23750,30208,Nyctalus leisleri,0.008,0.021,-1,Echolocation,/mnt/ubna_data_01_mir/recover-20220825/UBNA_002/20220823_033000.WAV,Telephone Field,recover-20220825,002,1795
688.5245,688.5360000000001,54687,59522,Pipistrellus pygmaeus,0.022,0.024,-1,Echolocation,/mnt/ubna_data_01_mir/recover-20220825/UBNA_002/20220823_033000.WAV,Telephone Field,recover-20220825,002,1795
688.5275,688.5353,24609,33918,Plecotus austriacus,0.009,0.025,-1,Echolocation,/mnt/ubna_data_01_mir/recover-20220825/UBNA_002/20220823_033000.WAV,Telephone Field,recover-20220825,002,1795
688.5355,688.5739,68437,82251,Rhinolophus ferrumequinum,0.023,0.023,-1,Echolocation,/mnt/ubna_data_01_mir/recover-20220825/UBNA_002/20220823_033000.WAV,Telephone Field,recover-20220825,002,1795
688.5415,688.5505,28906,38869,Eptesicus serotinus,0.01,0.026,-1,Echolocation,/mnt/ubna_data_01_mir/recover-20220825/UBNA_002/20220823_033000.WAV,Telephone Field,recover-20220825,002,1795
688.5675,688.6093,68437,82686,Rhinolophus ferrumequinum,0.022,0.022,-1,Echolocation,/mnt/ubna_data_01_mir/recover-20220825/UBNA_002/20220823_033000.WAV,Telephone Field,recover-20220825,002,1795
688.5795,688.6193,68437,82361,Rhinolophus ferrumequinum,0.022,0.022,-1,Echolocation,/mnt/ubna_data_01_mir/recover-20220825/UBNA_002/20220823_033000.WAV,Telephone Field,recover-20220825,002,1795
688.6455,688.6864,68437,82574,Rhinolophus ferrumequinum,0.025,0.026,-1,Echolocation,/mnt/ubna_data_01_mir/recover-20220825/UBNA_002/20220823_033000.WAV,Telephone Field,recover-20220825,002,1795
688.6585,688.699,68437,82671,Rhinolophus ferrumequinum,0.025,0.025,-1,Echolocation,/mnt/ubna_data_01_mir/recover-20220825/UBNA_002/20220823_033000.WAV,Telephone Field,recover-20220825,002,1795
688.6595,688.6693,22890,29675,Nyctalus leisleri,0.008,0.022,-1,Echolocation,/mnt/ubna_data_01_mir/recover-20220825/UBNA_002/20220823_033000.WAV,Telephone Field,recover-20220825,002,1795
688.6605,688.6688,28906,37730,Eptesicus serotinus,0.008,0.025,-1,Echolocation,/mnt/ubna_data_01_mir/recover-20220825/UBNA_002/20220823_033000.WAV,Telephone Field,recover-20220825,002,1795
688.6875,688.6954,26328,35313,Eptesicus serotinus,0.008,0.024,-1,Echolocation,/mnt/ubna_data_01_mir/recover-20220825/UBNA_002/20220823_033000.WAV,Telephone Field,recover-20220825,002,1795
688.7125,688.7219,24609,32185,Eptesicus serotinus,0.009,0.024,-1,Echolocation,/mnt/ubna_data_01_mir/recover-20220825/UBNA_002/20220823_033000.WAV,Telephone Field,recover-20220825,002,1795
688.7255,688.7487,19453,22070,Nyctalus noctula,0.032,0.055,-1,Echolocation,/mnt/ubna_data_01_mir/recover-20220825/UBNA_002/20220823_033000.WAV,Telephone Field,recover-20220825,002,1795
688.7265,688.768,68437,82631,Rhinolophus ferrumequinum,0.023,0.023,-1,Echolocation,/mnt/ubna_data_01_mir/recover-20220825/UBNA_002/20220823_033000.WAV,Telephone Field,recover-20220825,002,1795
688.7515,688.7623,28906,37304,Eptesicus serotinus,0.01,0.022,-1,Echolocation,/mnt/ubna_data_01_mir/recover-20220825/UBNA_002/20220823_033000.WAV,Telephone Field,recover-20220825,002,1795
688.7905,688.7979,28046,38935,Eptesicus serotinus,0.006,0.021,-1,Echolocation,/mnt/ubna_data_01_mir/recover-20220825/UBNA_002/20220823_033000.WAV,Telephone Field,recover-20220825,002,1795
688.8245,688.8631,68437,81677,Rhinolophus ferrumequinum,0.025,0.025,-1,Echolocation,/mnt/ubna_data_01_mir/recover-20220825/UBNA_002/20220823_033000.WAV,Telephone Field,recover-20220825,002,1795
688.8315,688.8695,68437,81717,Rhinolophus ferrumequinum,0.021,0.022,-1,Echolocation,/mnt/ubna_data_01_mir/recover-20220825/UBNA_002/20220823_033000.WAV,Telephone Field,recover-20220825,002,1795
688.8435,688.8795,68437,81945,Rhinolophus ferrumequinum,0.022,0.022,-1,Echolocation,/mnt/ubna_data_01_mir/recover-20220825/UBNA_002/20220823_033000.WAV,Telephone Field,recover-20220825,002,1795
688.8875,688.8948,28046,41777,Eptesicus serotinus,0.009,0.031,-1,Echolocation,/mnt/ubna_data_01_mir/recover-20220825/UBNA_002/20220823_033000.WAV,Telephone Field,recover-20220825,002,1795
688.8885,688.9306,68437,83515,Rhinolophus ferrumequinum,0.036,0.036,-1,Echolocation,/mnt/ubna_data_01_mir/recover-20220825/UBNA_002/20220823_033000.WAV,Telephone Field,recover-20220825,002,1795
688.9085,688.919,23750,28757,Nyctalus leisleri,0.011,0.022,-1,Echolocation,/mnt/ubna_data_01_mir/recover-20220825/UBNA_002/20220823_033000.WAV,Telephone Field,recover-20220825,002,1795
688.9125,688.9523,68437,82322,Rhinolophus ferrumequinum,0.022,0.022,-1,Echolocation,/mnt/ubna_data_01_mir/recover-20220825/UBNA_002/20220823_033000.WAV,Telephone Field,recover-20220825,002,1795
688.9205,688.9615,68437,82619,Rhinolophus ferrumequinum,0.023,0.023,-1,Echolocation,/mnt/ubna_data_01_mir/recover-20220825/UBNA_002/20220823_033000.WAV,Telephone Field,recover-20220825,002,1795
688.9495,688.9851,68437,81439,Rhinolophus ferrumequinum,0.026,0.026,-1,Echolocation,/mnt/ubna_data_01_mir/recover-20220825/UBNA_002/20220823_033000.WAV,Telephone Field,recover-20220825,002,1795
688.9885,689.0332,68437,83420,Rhinolophus ferrumequinum,0.036,0.036,-1,Echolocation,/mnt/ubna_data_01_mir/recover-20220825/UBNA_002/20220823_033000.WAV,Telephone Field,recover-20220825,002,1795
689.0025,689.0411,68437,82350,Rhinolophus ferrumequinum,0.021,0.021,-1,Echolocation,/mnt/ubna_data_01_mir/recover-20220825/UBNA_002/20220823_033000.WAV,Telephone Field,recover-20220825,002,1795
689.0245,689.0437,19453,22058,Nyctalus leisleri,0.012,0.021,-1,Echolocation,/mnt/ubna_data_01_mir/recover-20220825/UBNA_002/20220823_033000.WAV,Telephone Field,recover-20220825,002,1795
689.0735,689.1059,68437,80667,Rhinolophus ferrumequinum,0.022,0.022,-1,Echolocation,/mnt/ubna_data_01_mir/recover-20220825/UBNA_002/20220823_033000.WAV,Telephone Field,recover-20220825,002,1795
689.0985000000001,689.1404,68437,82721,Rhinolophus ferrumequinum,0.031,0.031,-1,Echolocation,/mnt/ubna_data_01_mir/recover-20220825/UBNA_002/20220823_033000.WAV,Telephone Field,recover-20220825,002,1795
689.1085,689.1424,68437,81069,Rhinolophus ferrumequinum,0.023,0.023,-1,Echolocation,/mnt/ubna_data_01_mir/recover-20220825/UBNA_002/20220823_033000.WAV,Telephone Field,recover-20220825,002,1795
689.1205,689.1313,23750,29075,Nyctalus leisleri,0.01,0.021,-1,Echolocation,/mnt/ubna_data_01_mir/recover-20220825/UBNA_002/20220823_033000.WAV,Telephone Field,recover-20220825,002,1795
689.1365,689.1755,68437,82143,Rhinolophus ferrumequinum,0.025,0.025,-1,Echolocation,/mnt/ubna_data_01_mir/recover-20220825/UBNA_002/20220823_033000.WAV,Telephone Field,recover-20220825,002,1795
689.1725,689.2097,68437,81627,Rhinolophus ferrumequinum,0.03,0.03,-1,Echolocation,/mnt/ubna_data_01_mir/recover-20220825/UBNA_002/20220823_033000.WAV,Telephone Field,recover-20220825,002,1795
689.1865,689.2247,68437,81440,Rhinolophus ferrumequinum,0.023,0.023,-1,Echolocation,/mnt/ubna_data_01_mir/recover-20220825/UBNA_002/20220823_033000.WAV,Telephone Field,recover-20220825,002,1795
689.2195,689.2592,68437,82302,Rhinolophus ferrumequinum,0.022,0.022,-1,Echolocation,/mnt/ubna_data_01_mir/recover-20220825/UBNA_002/20220823_033000.WAV,Telephone Field,recover-20220825,002,1795
689.2845,689.3286,68437,83379,Rhinolophus ferrumequinum,0.041,0.041,-1,Echolocation,/mnt/ubna_data_01_mir/recover-20220825/UBNA_002/20220823_033000.WAV,Telephone Field,recover-20220825,002,1795
689.3125,689.3508,68437,81761,Rhinolophus ferrumequinum,0.023,0.023,-1,Echolocation,/mnt/ubna_data_01_mir/recover-20220825/UBNA_002/20220823_033000.WAV,Telephone Field,recover-20220825,002,1795
689.3175,689.3259,28046,38722,Eptesicus serotinus,0.008,0.022,-1,Echolocation,/mnt/ubna_data_01_mir/recover-20220825/UBNA_002/20220823_033000.WAV,Telephone Field,recover-20220825,002,1795
689.3365,689.3475,23750,28940,Nyctalus leisleri,0.011,0.024,-1,Echolocation,/mnt/ubna_data_01_mir/recover-20220825/UBNA_002/20220823_033000.WAV,Telephone Field,recover-20220825,002,1795
689.3875,689.4253,68437,82381,Rhinolophus ferrumequinum,0.023,0.023,-1,Echolocation,/mnt/ubna_data_01_mir/recover-20220825/UBNA_002/20220823_033000.WAV,Telephone Field,recover-20220825,002,1795
689.4085,689.4193,28906,35196,Eptesicus serotinus,0.018,0.034,-1,Echolocation,/mnt/ubna_data_01_mir/recover-20220825/UBNA_002/20220823_033000.WAV,Telephone Field,recover-20220825,002,1795
689.4225,689.4578,68437,81236,Rhinolophus ferrumequinum,0.021,0.021,-1,Echolocation,/mnt/ubna_data_01_mir/recover-20220825/UBNA_002/20220823_033000.WAV,Telephone Field,recover-20220825,002,1795
689.4295,689.469,68437,81402,Rhinolophus ferrumequinum,0.021,0.021,-1,Echolocation,/mnt/ubna_data_01_mir/recover-20220825/UBNA_002/20220823_033000.WAV,Telephone Field,recover-20220825,002,1795
689.4535,689.4901,68437,81279,Rhinolophus ferrumequinum,0.022,0.022,-1,Echolocation,/mnt/ubna_data_01_mir/recover-20220825/UBNA_002/20220823_033000.WAV,Telephone Field,recover-20220825,002,1795
689.4675,689.5066,68437,82070,Rhinolophus ferrumequinum,0.023,0.023,-1,Echolocation,/mnt/ubna_data_01_mir/recover-20220825/UBNA_002/20220823_033000.WAV,Telephone Field,recover-20220825,002,1795
689.4755,689.5136,68437,82133,Rhinolophus ferrumequinum,0.026,0.026,-1,Echolocation,/mnt/ubna_data_01_mir/recover-20220825/UBNA_002/20220823_033000.WAV,Telephone Field,recover-20220825,002,1795
689.5355,689.573,68437,81796,Rhinolophus ferrumequinum,0.023,0.023,-1,Echolocation,/mnt/ubna_data_01_mir/recover-20220825/UBNA_002/20220823_033000.WAV,Telephone Field,recover-20220825,002,1795
689.5435,689.5831000000001,68437,81960,Rhinolophus ferrumequinum,0.022,0.023,-1,Echolocation,/mnt/ubna_data_01_mir/recover-20220825/UBNA_002/20220823_033000.WAV,Telephone Field,recover-20220825,002,1795
689.5535,689.5878,68437,80995,Rhinolophus ferrumequinum,0.024,0.024,-1,Echolocation,/mnt/ubna_data_01_mir/recover-20220825/UBNA_002/20220823_033000.WAV,Telephone Field,recover-20220825,002,1795
689.5705,689.6068,68437,81260,Rhinolophus ferrumequinum,0.022,0.022,-1,Echolocation,/mnt/ubna_data_01_mir/recover-20220825/UBNA_002/20220823_033000.WAV,Telephone Field,recover-20220825,002,1795
689.5835,689.5907,23750,32257,Plecotus austriacus,0.008,0.022,-1,Echolocation,/mnt/ubna_data_01_mir/recover-20220825/UBNA_002/20220823_033000.WAV,Telephone Field,recover-20220825,002,1795
689.5975,689.6038,34921,44285,Myotis daubentonii,0.007,0.025,-1,Echolocation,/mnt/ubna_data_01_mir/recover-20220825/UBNA_002/20220823_033000.WAV,Telephone Field,recover-20220825,002,1795
689.5975,689.6063,28046,41094,Eptesicus serotinus,0.016,0.035,-1,Echolocation,/mnt/ubna_data_01_mir/recover-20220825/UBNA_002/20220823_033000.WAV,Telephone Field,recover-20220825,002,1795
689.6235,689.6622,68437,82427,Rhinolophus ferrumequinum,0.024,0.024,-1,Echolocation,/mnt/ubna_data_01_mir/recover-20220825/UBNA_002/20220823_033000.WAV,Telephone Field,recover-20220825,002,1795
689.6245,689.6319,27187,39145,Eptesicus serotinus,0.006,0.021,-1,Echolocation,/mnt/ubna_data_01_mir/recover-20220825/UBNA_002/20220823_033000.WAV,Telephone Field,recover-20220825,002,1795
689.6355,689.6431,28046,37617,Eptesicus serotinus,0.008,0.021,-1,Echolocation,/mnt/ubna_data_01_mir/recover-20220825/UBNA_002/20220823_033000.WAV,Telephone Field,recover-20220825,002,1795
689.6635,689.7054,68437,82676,Rhinolophus ferrumequinum,0.023,0.023,-1,Echolocation,/mnt/ubna_data_01_mir/recover-20220825/UBNA_002/20220823_033000.WAV,Telephone Field,recover-20220825,002,1795
689.6925,689.7293,68437,81751,Rhinolophus ferrumequinum,0.022,0.022,-1,Echolocation,/mnt/ubna_data_01_mir/recover-20220825/UBNA_002/20220823_033000.WAV,Telephone Field,recover-20220825,002,1795
689.7195,689.7599,68437,82976,Rhinolophus ferrumequinum,0.027,0.027,-1,Echolocation,/mnt/ubna_data_01_mir/recover-20220825/UBNA_002/20220823_033000.WAV,Telephone Field,recover-20220825,002,1795
689.7445,689.7815,68437,81480,Rhinolophus ferrumequinum,0.021,0.021,-1,Echolocation,/mnt/ubna_data_01_mir/recover-20220825/UBNA_002/20220823_033000.WAV,Telephone Field,recover-20220825,002,1795
689.7475,689.7557,28046,40096,Eptesicus serotinus,0.01,0.027,-1,Echolocation,/mnt/ubna_data_01_mir/recover-20220825/UBNA_002/20220823_033000.WAV,Telephone Field,recover-20220825,002,1795
689.7665,689.8083,68437,82805,Rhinolophus ferrumequinum,0.023,0.023,-1,Echolocation,/mnt/ubna_data_01_mir/recover-20220825/UBNA_002/20220823_033000.WAV,Telephone Field,recover-20220825,002,1795
689.7795,689.7909,50390,56783,Pipistrellus pipistrellus,0.016,0.022,-1,Echolocation,/mnt/ubna_data_01_mir/recover-20220825/UBNA_002/20220823_033000.WAV,Telephone Field,recover-20220825,002,1795
689.8015,689.8441,68437,82993,Rhinolophus ferrumequinum,0.025,0.025,-1,Echolocation,/mnt/ubna_data_01_mir/recover-20220825/UBNA_002/20220823_033000.WAV,Telephone Field,recover-20220825,002,1795
689.8355,689.8745,68437,82445,Rhinolophus ferrumequinum,0.025,0.025,-1,Echolocation,/mnt/ubna_data_01_mir/recover-20220825/UBNA_002/20220823_033000.WAV,Telephone Field,recover-20220825,002,1795
689.8715,689.9103,68437,81861,Rhinolophus ferrumequinum,0.027,0.027,-1,Echolocation,/mnt/ubna_data_01_mir/recover-20220825/UBNA_002/20220823_033000.WAV,Telephone Field,recover-20220825,002,1795
689.9075,689.9511,68437,83532,Rhinolophus ferrumequinum,0.027,0.027,-1,Echolocation,/mnt/ubna_data_01_mir/recover-20220825/UBNA_002/20220823_033000.WAV,Telephone Field,recover-20220825,002,1795
689.9185,689.9283,44375,51160,Pipistrellus pipistrellus,0.014,0.021,-1,Echolocation,/mnt/ubna_data_01_mir/recover-20220825/UBNA_002/20220823_033000.WAV,Telephone Field,recover-20220825,002,1795
689.9415,689.9821,68437,82574,Rhinolophus ferrumequinum,0.042,0.042,-1,Echolocation,/mnt/ubna_data_01_mir/recover-20220825/UBNA_002/20220823_033000.WAV,Telephone Field,recover-20220825,002,1795
689.9595,689.9991,68437,82409,Rhinolophus ferrumequinum,0.022,0.022,-1,Echolocation,/mnt/ubna_data_01_mir/recover-20220825/UBNA_002/20220823_033000.WAV,Telephone Field,recover-20220825,002,1795
689.9745,689.9832,28906,39822,Eptesicus serotinus,0.007,0.022,-1,Echolocation,/mnt/ubna_data_01_mir/recover-20220825/UBNA_002/20220823_033000.WAV,Telephone Field,recover-20220825,002,1795
689.9825,689.9918,30625,40936,Myotis daubentonii,0.006,0.021,-1,Echolocation,/mnt/ubna_data_01_mir/recover-20220825/UBNA_002/20220823_033000.WAV,Telephone Field,recover-20220825,002,1795
690.0015,690.0079,49531,56849,Pipistrellus pipistrellus,0.018,0.026,-1,Echolocation,/mnt/ubna_data_01_mir/recover-20220825/UBNA_002/20220823_033000.WAV,Telephone Field,recover-20220825,002,1795
690.0015,690.0291,69296,81254,Rhinolophus ferrumequinum,0.035,0.035,-1,Echolocation,/mnt/ubna_data_01_mir/recover-20220825/UBNA_002/20220823_033000.WAV,Telephone Field,recover-20220825,002,1795
690.0015,690.0148,21171,26288,Nyctalus leisleri,0.014,0.032,-1,Echolocation,/mnt/ubna_data_01_mir/recover-20220825/UBNA_002/20220823_033000.WAV,Telephone Field,recover-20220825,002,1795
690.0195,690.0291,28046,35533,Eptesicus serotinus,0.01,0.024,-1,Echolocation,/mnt/ubna_data_01_mir/recover-20220825/UBNA_002/20220823_033000.WAV,Telephone Field,recover-20220825,002,1795
690.0585,690.0952,68437,81088,Rhinolophus ferrumequinum,0.021,0.022,-1,Echolocation,/mnt/ubna_data_01_mir/recover-20220825/UBNA_002/20220823_033000.WAV,Telephone Field,recover-20220825,002,1795
690.0795,690.09,24609,32371,Eptesicus serotinus,0.014,0.033,-1,Echolocation,/mnt/ubna_data_01_mir/recover-20220825/UBNA_002/20220823_033000.WAV,Telephone Field,recover-20220825,002,1795
690.1035,690.1115,27187,38133,Eptesicus serotinus,0.008,0.023,-1,Echolocation,/mnt/ubna_data_01_mir/recover-20220825/UBNA_002/20220823_033000.WAV,Telephone Field,recover-20220825,002,1795
690.1145,690.1232,28046,38309,Eptesicus serotinus,0.008,0.023,-1,Echolocation,/mnt/ubna_data_01_mir/recover-20220825/UBNA_002/20220823_033000.WAV,Telephone Field,recover-20220825,002,1795
690.1155,690.1564,68437,82796,Rhinolophus ferrumequinum,0.025,0.025,-1,Echolocation,/mnt/ubna_data_01_mir/recover-20220825/UBNA_002/20220823_033000.WAV,Telephone Field,recover-20220825,002,1795
690.1365,690.1555,17734,21678,Nyctalus noctula,0.015,0.022,-1,Echolocation,/mnt/ubna_data_01_mir/recover-20220825/UBNA_002/20220823_033000.WAV,Telephone Field,recover-20220825,002,1795
690.1395,690.1781,68437,82043,Rhinolophus ferrumequinum,0.026,0.026,-1,Echolocation,/mnt/ubna_data_01_mir/recover-20220825/UBNA_002/20220823_033000.WAV,Telephone Field,recover-20220825,002,1795
690.1405,690.1481,37500,48438,Myotis brandtii,0.008,0.028,-1,Echolocation,/mnt/ubna_data_01_mir/recover-20220825/UBNA_002/20220823_033000.WAV,Telephone Field,recover-20220825,002,1795
690.1765,690.2145,68437,81528,Rhinolophus ferrumequinum,0.023,0.023,-1,Echolocation,/mnt/ubna_data_01_mir/recover-20220825/UBNA_002/20220823_033000.WAV,Telephone Field,recover-20220825,002,1795
690.1945,690.2321,68437,81849,Rhinolophus ferrumequinum,0.023,0.023,-1,Echolocation,/mnt/ubna_data_01_mir/recover-20220825/UBNA_002/20220823_033000.WAV,Telephone Field,recover-20220825,002,1795
690.1985,690.2082,28046,37911,Eptesicus serotinus,0.012,0.027,-1,Echolocation,/mnt/ubna_data_01_mir/recover-20220825/UBNA_002/20220823_033000.WAV,Telephone Field,recover-20220825,002,1795
690.2155,690.2227,33203,42686,Barbastellus barbastellus,0.012,0.031,-1,Echolocation,/mnt/ubna_data_01_mir/recover-20220825/UBNA_002/20220823_033000.WAV,Telephone Field,recover-20220825,002,1795
690.2275,690.2369,27187,36604,Eptesicus serotinus,0.01,0.025,-1,Echolocation,/mnt/ubna_data_01_mir/recover-20220825/UBNA_002/20220823_033000.WAV,Telephone Field,recover-20220825,002,1795
690.2375,690.2468,28046,36043,Eptesicus serotinus,0.009,0.022,-1,Echolocation,/mnt/ubna_data_01_mir/recover-20220825/UBNA_002/20220823_033000.WAV,Telephone Field,recover-20220825,002,1795
690.2525,690.2622,27187,37742,Eptesicus serotinus,0.014,0.029,-1,Echolocation,/mnt/ubna_data_01_mir/recover-20220825/UBNA_002/20220823_033000.WAV,Telephone Field,recover-20220825,002,1795
690.2625,690.2735,23750,30179,Eptesicus serotinus,0.009,0.025,-1,Echolocation,/mnt/ubna_data_01_mir/recover-20220825/UBNA_002/20220823_033000.WAV,Telephone Field,recover-20220825,002,1795
690.2675,690.3005,68437,81265,Rhinolophus ferrumequinum,0.022,0.022,-1,Echolocation,/mnt/ubna_data_01_mir/recover-20220825/UBNA_002/20220823_033000.WAV,Telephone Field,recover-20220825,002,1795
690.2845,690.2943,27187,35244,Eptesicus serotinus,0.009,0.023,-1,Echolocation,/mnt/ubna_data_01_mir/recover-20220825/UBNA_002/20220823_033000.WAV,Telephone Field,recover-20220825,002,1795
690.2975,690.3352,68437,81186,Rhinolophus ferrumequinum,0.022,0.022,-1,Echolocation,/mnt/ubna_data_01_mir/recover-20220825/UBNA_002/20220823_033000.WAV,Telephone Field,recover-20220825,002,1795
690.3035,690.3403,68437,81627,Rhinolophus ferrumequinum,0.022,0.022,-1,Echolocation,/mnt/ubna_data_01_mir/recover-20220825/UBNA_002/20220823_033000.WAV,Telephone Field,recover-20220825,002,1795
690.3125,690.3202,29765,41949,Myotis daubentonii,0.013,0.039,-1,Echolocation,/mnt/ubna_data_01_mir/recover-20220825/UBNA_002/20220823_033000.WAV,Telephone Field,recover-20220825,002,1795
690.3325,690.3663,68437,80787,Rhinolophus ferrumequinum,0.022,0.022,-1,Echolocation,/mnt/ubna_data_01_mir/recover-20220825/UBNA_002/20220823_033000.WAV,Telephone Field,recover-20220825,002,1795
690.3385,690.3458,27187,41170,Eptesicus serotinus,0.015,0.042,-1,Echolocation,/mnt/ubna_data_01_mir/recover-20220825/UBNA_002/20220823_033000.WAV,Telephone Field,recover-20220825,002,1795
690.3385,690.3437,32343,45722,Myotis daubentonii,0.018,0.041,-1,Echolocation,/mnt/ubna_data_01_mir/recover-20220825/UBNA_002/20220823_033000.WAV,Telephone Field,recover-20220825,002,1795
690.3835,690.4219,68437,82379,Rhinolophus ferrumequinum,0.024,0.024,-1,Echolocation,/mnt/ubna_data_01_mir/recover-20220825/UBNA_002/20220823_033000.WAV,Telephone Field,recover-20220825,002,1795
690.4195,690.455,68437,82166,Rhinolophus ferrumequinum,0.022,0.022,-1,Echolocation,/mnt/ubna_data_01_mir/recover-20220825/UBNA_002/20220823_033000.WAV,Telephone Field,recover-20220825,002,1795
690.4415,690.4496,27187,39981,Eptesicus serotinus,0.009,0.022,-1,Echolocation,/mnt/ubna_data_01_mir/recover-20220825/UBNA_002/20220823_033000.WAV,Telephone Field,recover-20220825,002,1795
690.4565,690.4665,27187,35225,Eptesicus serotinus,0.011,0.023,-1,Echolocation,/mnt/ubna_data_01_mir/recover-20220825/UBNA_002/20220823_033000.WAV,Telephone Field,recover-20220825,002,1795
690.4625,690.4718,28046,36248,Eptesicus serotinus,0.009,0.023,-1,Echolocation,/mnt/ubna_data_01_mir/recover-20220825/UBNA_002/20220823_033000.WAV,Telephone Field,recover-20220825,002,1795
690.4985,690.5324,68437,80301,Rhinolophus ferrumequinum,0.022,0.023,-1,Echolocation,/mnt/ubna_data_01_mir/recover-20220825/UBNA_002/20220823_033000.WAV,Telephone Field,recover-20220825,002,1795
690.5045,690.5168,30625,36793,Eptesicus serotinus,0.009,0.025,-1,Echolocation,/mnt/ubna_data_01_mir/recover-20220825/UBNA_002/20220823_033000.WAV,Telephone Field,recover-20220825,002,1795
690.5125,690.5208,27187,37078,Eptesicus serotinus,0.009,0.026,-1,Echolocation,/mnt/ubna_data_01_mir/recover-20220825/UBNA_002/20220823_033000.WAV,Telephone Field,recover-20220825,002,1795
690.5255,690.5653,68437,82278,Rhinolophus ferrumequinum,0.023,0.023,-1,Echolocation,/mnt/ubna_data_01_mir/recover-20220825/UBNA_002/20220823_033000.WAV,Telephone Field,recover-20220825,002,1795
690.5555,690.564,34062,42518,Barbastellus barbastellus,0.006,0.022,-1,Echolocation,/mnt/ubna_data_01_mir/recover-20220825/UBNA_002/20220823_033000.WAV,Telephone Field,recover-20220825,002,1795
690.5635,690.6011,68437,81996,Rhinolophus ferrumequinum,0.024,0.024,-1,Echolocation,/mnt/ubna_data_01_mir/recover-20220825/UBNA_002/20220823_033000.WAV,Telephone Field,recover-20220825,002,1795
690.6005,690.6111,23750,28539,Nyctalus leisleri,0.011,0.024,-1,Echolocation,/mnt/ubna_data_01_mir/recover-20220825/UBNA_002/20220823_033000.WAV,Telephone Field,recover-20220825,002,1795
690.6175,690.6591,68437,83185,Rhinolophus ferrumequinum,0.028,0.028,-1,Echolocation,/mnt/ubna_data_01_mir/recover-20220825/UBNA_002/20220823_033000.WAV,Telephone Field,recover-20220825,002,1795
690.6225,690.6295,30625,45055,Myotis daubentonii,0.022,0.044,-1,Echolocation,/mnt/ubna_data_01_mir/recover-20220825/UBNA_002/20220823_033000.WAV,Telephone Field,recover-20220825,002,1795
690.6525,690.6586,40078,61375,Myotis brandtii,0.01,0.024,-1,Echolocation,/mnt/ubna_data_01_mir/recover-20220825/UBNA_002/20220823_033000.WAV,Telephone Field,recover-20220825,002,1795
690.6535,690.6918,68437,82627,Rhinolophus ferrumequinum,0.023,0.023,-1,Echolocation,/mnt/ubna_data_01_mir/recover-20220825/UBNA_002/20220823_033000.WAV,Telephone Field,recover-20220825,002,1795
690.6805,690.6866,26328,36769,Eptesicus serotinus,0.005,0.025,-1,Echolocation,/mnt/ubna_data_01_mir/recover-20220825/UBNA_002/20220823_033000.WAV,Telephone Field,recover-20220825,002,1795
690.6955,690.7308,68437,81347,Rhinolophus ferrumequinum,0.022,0.022,-1,Echolocation,/mnt/ubna_data_01_mir/recover-20220825/UBNA_002/20220823_033000.WAV,Telephone Field,recover-20220825,002,1795
690.7215,690.7287,27187,38976,Eptesicus serotinus,0.006,0.022,-1,Echolocation,/mnt/ubna_data_01_mir/recover-20220825/UBNA_002/20220823_033000.WAV,Telephone Field,recover-20220825,002,1795
690.7475,690.7828,68437,82029,Rhinolophus ferrumequinum,0.023,0.023,-1,Echolocation,/mnt/ubna_data_01_mir/recover-20220825/UBNA_002/20220823_033000.WAV,Telephone Field,recover-20220825,002,1795
690.7585,690.7689,27187,34473,Eptesicus serotinus,0.025,0.044,-1,Echolocation,/mnt/ubna_data_01_mir/recover-20220825/UBNA_002/20220823_033000.WAV,Telephone Field,recover-20220825,002,1795
690.7735,690.7819,27187,38751,Eptesicus serotinus,0.009,0.026,-1,Echolocation,/mnt/ubna_data_01_mir/recover-20220825/UBNA_002/20220823_033000.WAV,Telephone Field,recover-20220825,002,1795
690.8115,690.8188,26328,37444,Eptesicus serotinus,0.007,0.022,-1,Echolocation,/mnt/ubna_data_01_mir/recover-20220825/UBNA_002/20220823_033000.WAV,Telephone Field,recover-20220825,002,1795
690.8245,690.8331,21171,27837,Plecotus austriacus,0.009,0.025,-1,Echolocation,/mnt/ubna_data_01_mir/recover-20220825/UBNA_002/20220823_033000.WAV,Telephone Field,recover-20220825,002,1795
690.9795,691.0197,68437,81912,Rhinolophus ferrumequinum,0.027,0.027,-1,Echolocation,/mnt/ubna_data_01_mir/recover-20220825/UBNA_002/20220823_033000.WAV,Telephone Field,recover-20220825,002,1795
690.9995,691.0075,39218,51225,Myotis brandtii,0.006,0.022,-1,Echolocation,/mnt/ubna_data_01_mir/recover-20220825/UBNA_002/20220823_033000.WAV,Telephone Field,recover-20220825,002,1795
691.0035,691.0411,68437,82380,Rhinolophus ferrumequinum,0.023,0.023,-1,Echolocation,/mnt/ubna_data_01_mir/recover-20220825/UBNA_002/20220823_033000.WAV,Telephone Field,recover-20220825,002,1795
691.0345,691.0414,47812,51666,Pipistrellus pipistrellus,0.022,0.023,-1,Echolocation,/mnt/ubna_data_01_mir/recover-20220825/UBNA_002/20220823_033000.WAV,Telephone Field,recover-20220825,002,1795
691.0705,691.0791,25468,33595,Eptesicus serotinus,0.008,0.024,-1,Echolocation,/mnt/ubna_data_01_mir/recover-20220825/UBNA_002/20220823_033000.WAV,Telephone Field,recover-20220825,002,1795
691.0965,691.1078,27187,33063,Eptesicus serotinus,0.03,0.054,-1,Echolocation,/mnt/ubna_data_01_mir/recover-20220825/UBNA_002/20220823_033000.WAV,Telephone Field,recover-20220825,002,1795
691.1435,691.1808,68437,82061,Rhinolophus ferrumequinum,0.024,0.024,-1,Echolocation,/mnt/ubna_data_01_mir/recover-20220825/UBNA_002/20220823_033000.WAV,Telephone Field,recover-20220825,002,1795
691.1495,691.1598,23750,30362,Nyctalus leisleri,0.008,0.023,-1,Echolocation,/mnt/ubna_data_01_mir/recover-20220825/UBNA_002/20220823_033000.WAV,Telephone Field,recover-20220825,002,1795
691.1515,691.1902,68437,81770,Rhinolophus ferrumequinum,0.024,0.024,-1,Echolocation,/mnt/ubna_data_01_mir/recover-20220825/UBNA_002/20220823_033000.WAV,Telephone Field,recover-20220825,002,1795
691.1685,691.1848,22031,25943,Nyctalus leisleri,0.041,0.078,-1,Echolocation,/mnt/ubna_data_01_mir/recover-20220825/UBNA_002/20220823_033000.WAV,Telephone Field,recover-20220825,002,1795
691.1975,691.2033,39218,48856,Myotis daubentonii,0.023,0.059,-1,Echolocation,/mnt/ubna_data_01_mir/recover-20220825/UBNA_002/20220823_033000.WAV,Telephone Field,recover-20220825,002,1795
691.2195,691.2277,27187,38068,Eptesicus serotinus,0.009,0.025,-1,Echolocation,/mnt/ubna_data_01_mir/recover-20220825/UBNA_002/20220823_033000.WAV,Telephone Field,recover-20220825,002,1795
691.2225,691.2296,34062,44128,Myotis daubentonii,0.009,0.022,-1,Echolocation,/mnt/ubna_data_01_mir/recover-20220825/UBNA_002/20220823_033000.WAV,Telephone Field,recover-20220825,002,1795
691.2325,691.2391,27187,39956,Eptesicus serotinus,0.007,0.027,-1,Echolocation,/mnt/ubna_data_01_mir/recover-20220825/UBNA_002/20220823_033000.WAV,Telephone Field,recover-20220825,002,1795
691.2465,691.2555,27187,39178,Eptesicus serotinus,0.009,0.023,-1,Echolocation,/mnt/ubna_data_01_mir/recover-20220825/UBNA_002/20220823_033000.WAV,Telephone Field,recover-20220825,002,1795
691.2585,691.2737,22031,25998,Nyctalus leisleri,0.017,0.03,-1,Echolocation,/mnt/ubna_data_01_mir/recover-20220825/UBNA_002/20220823_033000.WAV,Telephone Field,recover-20220825,002,1795
691.2615,691.3008,68437,82385,Rhinolophus ferrumequinum,0.022,0.022,-1,Echolocation,/mnt/ubna_data_01_mir/recover-20220825/UBNA_002/20220823_033000.WAV,Telephone Field,recover-20220825,002,1795
691.2935,691.3008,38359,46834,Barbastellus barbastellus,0.038,0.06,-1,Echolocation,/mnt/ubna_data_01_mir/recover-20220825/UBNA_002/20220823_033000.WAV,Telephone Field,recover-20220825,002,1795
691.3485,691.387,68437,81961,Rhinolophus ferrumequinum,0.021,0.021,-1,Echolocation,/mnt/ubna_data_01_mir/recover-20220825/UBNA_002/20220823_033000.WAV,Telephone Field,recover-20220825,002,1795
691.3595,691.3681,27187,37821,Eptesicus serotinus,0.009,0.024,-1,Echolocation,/mnt/ubna_data_01_mir/recover-20220825/UBNA_002/20220823_033000.WAV,Telephone Field,recover-20220825,002,1795
691.3875,691.3961,39218,45523,Pipistrellus nathusii,0.169,0.259,-1,Echolocation,/mnt/ubna_data_01_mir/recover-20220825/UBNA_002/20220823_033000.WAV,Telephone Field,recover-20220825,002,1795
691.4685,691.5084,68437,82090,Rhinolophus ferrumequinum,0.024,0.024,-1,Echolocation,/mnt/ubna_data_01_mir/recover-20220825/UBNA_002/20220823_033000.WAV,Telephone Field,recover-20220825,002,1795
691.4785,691.4842,27187,46526,Myotis daubentonii,0.014,0.033,-1,Echolocation,/mnt/ubna_data_01_mir/recover-20220825/UBNA_002/20220823_033000.WAV,Telephone Field,recover-20220825,002,1795
691.4785,691.5188,68437,82569,Rhinolophus ferrumequinum,0.022,0.022,-1,Echolocation,/mnt/ubna_data_01_mir/recover-20220825/UBNA_002/20220823_033000.WAV,Telephone Field,recover-20220825,002,1795
691.4815,691.4892,39218,45854,Barbastellus barbastellus,0.072,0.117,-1,Echolocation,/mnt/ubna_data_01_mir/recover-20220825/UBNA_002/20220823_033000.WAV,Telephone Field,recover-20220825,002,1795
691.4845,691.523,68437,82332,Rhinolophus ferrumequinum,0.022,0.022,-1,Echolocation,/mnt/ubna_data_01_mir/recover-20220825/UBNA_002/20220823_033000.WAV,Telephone Field,recover-20220825,002,1795
691.5255,691.5656,68437,82288,Rhinolophus ferrumequinum,0.021,0.021,-1,Echolocation,/mnt/ubna_data_01_mir/recover-20220825/UBNA_002/20220823_033000.WAV,Telephone Field,recover-20220825,002,1795
691.5265,691.535,27187,40268,Eptesicus serotinus,0.008,0.022,-1,Echolocation,/mnt/ubna_data_01_mir/recover-20220825/UBNA_002/20220823_033000.WAV,Telephone Field,recover-20220825,002,1795
691.5435,691.5837,68437,82945,Rhinolophus ferrumequinum,0.031,0.031,-1,Echolocation,/mnt/ubna_data_01_mir/recover-20220825/UBNA_002/20220823_033000.WAV,Telephone Field,recover-20220825,002,1795
691.5505,691.5583,27187,37217,Eptesicus serotinus,0.007,0.022,-1,Echolocation,/mnt/ubna_data_01_mir/recover-20220825/UBNA_002/20220823_033000.WAV,Telephone Field,recover-20220825,002,1795
691.5575,691.5663,27187,36187,Eptesicus serotinus,0.008,0.022,-1,Echolocation,/mnt/ubna_data_01_mir/recover-20220825/UBNA_002/20220823_033000.WAV,Telephone Field,recover-20220825,002,1795
691.5705,691.6073,68437,81749,Rhinolophus ferrumequinum,0.022,0.022,-1,Echolocation,/mnt/ubna_data_01_mir/recover-20220825/UBNA_002/20220823_033000.WAV,Telephone Field,recover-20220825,002,1795
691.5735,691.5795,40078,48211,Pipistrellus nathusii,0.138,0.319,-1,Echolocation,/mnt/ubna_data_01_mir/recover-20220825/UBNA_002/20220823_033000.WAV,Telephone Field,recover-20220825,002,1795
691.6685,691.6753,38359,45545,Pipistrellus nathusii,0.337,0.493,-1,Echolocation,/mnt/ubna_data_01_mir/recover-20220825/UBNA_002/20220823_033000.WAV,Telephone Field,recover-20220825,002,1795
691.6775,691.6846,26328,34102,Eptesicus serotinus,0.005,0.023,-1,Echolocation,/mnt/ubna_data_01_mir/recover-20220825/UBNA_002/20220823_033000.WAV,Telephone Field,recover-20220825,002,1795
691.6865,691.7241,68437,82236,Rhinolophus ferrumequinum,0.025,0.025,-1,Echolocation,/mnt/ubna_data_01_mir/recover-20220825/UBNA_002/20220823_033000.WAV,Telephone Field,recover-20220825,002,1795
691.7095,691.72,27187,35070,Eptesicus serotinus,0.01,0.024,-1,Echolocation,/mnt/ubna_data_01_mir/recover-20220825/UBNA_002/20220823_033000.WAV,Telephone Field,recover-20220825,002,1795
691.7365,691.7423,38359,49459,Pipistrellus nathusii,0.235,0.483,-1,Echolocation,/mnt/ubna_data_01_mir/recover-20220825/UBNA_002/20220823_033000.WAV,Telephone Field,recover-20220825,002,1795
691.7695,691.7793,27187,35554,Eptesicus serotinus,0.012,0.026,-1,Echolocation,/mnt/ubna_data_01_mir/recover-20220825/UBNA_002/20220823_033000.WAV,Telephone Field,recover-20220825,002,1795
691.7975,691.8027,38359,54761,Myotis brandtii,0.145,0.45,-1,Echolocation,/mnt/ubna_data_01_mir/recover-20220825/UBNA_002/20220823_033000.WAV,Telephone Field,recover-20220825,002,1795
691.7985,691.8051,49531,53512,Pipistrellus pipistrellus,0.012,0.022,-1,Echolocation,/mnt/ubna_data_01_mir/recover-20220825/UBNA_002/20220823_033000.WAV,Telephone Field,recover-20220825,002,1795
691.8585,691.8955,68437,81604,Rhinolophus ferrumequinum,0.021,0.022,-1,Echolocation,/mnt/ubna_data_01_mir/recover-20220825/UBNA_002/20220823_033000.WAV,Telephone Field,recover-20220825,002,1795
691.8585,691.866,27187,37248,Eptesicus serotinus,0.007,0.022,-1,Echolocation,/mnt/ubna_data_01_mir/recover-20220825/UBNA_002/20220823_033000.WAV,Telephone Field,recover-20220825,002,1795
691.8725,691.8786,38359,49472,Pipistrellus nathusii,0.173,0.459,-1,Echolocation,/mnt/ubna_data_01_mir/recover-20220825/UBNA_002/20220823_033000.WAV,Telephone Field,recover-20220825,002,1795
691.8805,691.8875,26328,33516,Eptesicus serotinus,0.006,0.022,-1,Echolocation,/mnt/ubna_data_01_mir/recover-20220825/UBNA_002/20220823_033000.WAV,Telephone Field,recover-20220825,002,1795
691.9175,691.957,68437,82046,Rhinolophus ferrumequinum,0.023,0.023,-1,Echolocation,/mnt/ubna_data_01_mir/recover-20220825/UBNA_002/20220823_033000.WAV,Telephone Field,recover-20220825,002,1795
691.9185,691.9294,23750,29486,Nyctalus leisleri,0.01,0.024,-1,Echolocation,/mnt/ubna_data_01_mir/recover-20220825/UBNA_002/20220823_033000.WAV,Telephone Field,recover-20220825,002,1795
691.9485,691.9586,23750,28907,Nyctalus leisleri,0.011,0.027,-1,Echolocation,/mnt/ubna_data_01_mir/recover-20220825/UBNA_002/20220823_033000.WAV,Telephone Field,recover-20220825,002,1795
691.9595,691.9652,35781,50802,Myotis brandtii,0.12,0.421,-1,Echolocation,/mnt/ubna_data_01_mir/recover-20220825/UBNA_002/20220823_033000.WAV,Telephone Field,recover-20220825,002,1795
691.9705,691.9796,27187,33949,Eptesicus serotinus,0.008,0.028,-1,Echolocation,/mnt/ubna_data_01_mir/recover-20220825/UBNA_002/20220823_033000.WAV,Telephone Field,recover-20220825,002,1795
692.0015,692.0097,38359,47245,Pipistrellus nathusii,0.008,0.027,-1,Echolocation,/mnt/ubna_data_01_mir/recover-20220825/UBNA_002/20220823_033000.WAV,Telephone Field,recover-20220825,002,1795
692.0015,692.0102,25468,34189,Eptesicus serotinus,0.007,0.025,-1,Echolocation,/mnt/ubna_data_01_mir/recover-20220825/UBNA_002/20220823_033000.WAV,Telephone Field,recover-20220825,002,1795
692.0015,692.0333,69296,81789,Rhinolophus ferrumequinum,0.025,0.025,-1,Echolocation,/mnt/ubna_data_01_mir/recover-20220825/UBNA_002/20220823_033000.WAV,Telephone Field,recover-20220825,002,1795
692.0015,692.0093,47812,55307,Pipistrellus pipistrellus,0.015,0.025,-1,Echolocation,/mnt/ubna_data_01_mir/recover-20220825/UBNA_002/20220823_033000.WAV,Telephone Field,recover-20220825,002,1795
692.0095,692.0493,68437,81780,Rhinolophus ferrumequinum,0.026,0.026,-1,Echolocation,/mnt/ubna_data_01_mir/recover-20220825/UBNA_002/20220823_033000.WAV,Telephone Field,recover-20220825,002,1795
692.0135,692.0217,42656,46678,Pipistrellus nathusii,0.043,0.076,-1,Echolocation,/mnt/ubna_data_01_mir/recover-20220825/UBNA_002/20220823_033000.WAV,Telephone Field,recover-20220825,002,1795
692.0475,692.0887,68437,82889,Rhinolophus ferrumequinum,0.03,0.03,-1,Echolocation,/mnt/ubna_data_01_mir/recover-20220825/UBNA_002/20220823_033000.WAV,Telephone Field,recover-20220825,002,1795
692.0485,692.0576,28046,36767,Eptesicus serotinus,0.009,0.023,-1,Echolocation,/mnt/ubna_data_01_mir/recover-20220825/UBNA_002/20220823_033000.WAV,Telephone Field,recover-20220825,002,1795
692.0805,692.0861,40078,51021,Pipistrellus nathusii,0.222,0.439,-1,Echolocation,/mnt/ubna_data_01_mir/recover-20220825/UBNA_002/20220823_033000.WAV,Telephone Field,recover-20220825,002,1795
692.0855,692.1005,21171,24482,Nyctalus leisleri,0.018,0.028,-1,Echolocation,/mnt/ubna_data_01_mir/recover-20220825/UBNA_002/20220823_033000.WAV,Telephone Field,recover-20220825,002,1795
692.1265,692.1703,68437,83133,Rhinolophus ferrumequinum,0.028,0.028,-1,Echolocation,/mnt/ubna_data_01_mir/recover-20220825/UBNA_002/20220823_033000.WAV,Telephone Field,recover-20220825,002,1795
692.1375,692.1465,26328,34855,Eptesicus serotinus,0.008,0.024,-1,Echolocation,/mnt/ubna_data_01_mir/recover-20220825/UBNA_002/20220823_033000.WAV,Telephone Field,recover-20220825,002,1795
692.1605,692.1666,40078,56956,Myotis mystacinus,0.007,0.025,-1,Echolocation,/mnt/ubna_data_01_mir/recover-20220825/UBNA_002/20220823_033000.WAV,Telephone Field,recover-20220825,002,1795
692.1715,692.1787,40937,47709,Pipistrellus nathusii,0.549,0.589,-1,Echolocation,/mnt/ubna_data_01_mir/recover-20220825/UBNA_002/20220823_033000.WAV,Telephone Field,recover-20220825,002,1795
692.1975,692.2389,68437,82391,Rhinolophus ferrumequinum,0.03,0.03,-1,Echolocation,/mnt/ubna_data_01_mir/recover-20220825/UBNA_002/20220823_033000.WAV,Telephone Field,recover-20220825,002,1795
692.2085,692.2488,68437,82238,Rhinolophus ferrumequinum,0.035,0.035,-1,Echolocation,/mnt/ubna_data_01_mir/recover-20220825/UBNA_002/20220823_033000.WAV,Telephone Field,recover-20220825,002,1795
692.2475,692.2856,68437,82288,Rhinolophus ferrumequinum,0.024,0.024,-1,Echolocation,/mnt/ubna_data_01_mir/recover-20220825/UBNA_002/20220823_033000.WAV,Telephone Field,recover-20220825,002,1795
692.2515,692.2629,44375,48049,Pipistrellus pipistrellus,0.036,0.047,-1,Echolocation,/mnt/ubna_data_01_mir/recover-20220825/UBNA_002/20220823_033000.WAV,Telephone Field,recover-20220825,002,1795
692.2835,692.3206,68437,81950,Rhinolophus ferrumequinum,0.024,0.025,-1,Echolocation,/mnt/ubna_data_01_mir/recover-20220825/UBNA_002/20220823_033000.WAV,Telephone Field,recover-20220825,002,1795
692.3225,692.3586,68437,81401,Rhinolophus ferrumequinum,0.028,0.028,-1,Echolocation,/mnt/ubna_data_01_mir/recover-20220825/UBNA_002/20220823_033000.WAV,Telephone Field,recover-20220825,002,1795
692.3245,692.3334,25468,34668,Eptesicus serotinus,0.011,0.031,-1,Echolocation,/mnt/ubna_data_01_mir/recover-20220825/UBNA_002/20220823_033000.WAV,Telephone Field,recover-20220825,002,1795
692.3525,692.391,68437,82417,Rhinolophus ferrumequinum,0.024,0.024,-1,Echolocation,/mnt/ubna_data_01_mir/recover-20220825/UBNA_002/20220823_033000.WAV,Telephone Field,recover-20220825,002,1795
692.3545,692.3642,42656,51281,Pipistrellus nathusii,0.025,0.061,-1,Echolocation,/mnt/ubna_data_01_mir/recover-20220825/UBNA_002/20220823_033000.WAV,Telephone Field,recover-20220825,002,1795
692.3585,692.3641,33203,49959,Myotis daubentonii,0.013,0.024,-1,Echolocation,/mnt/ubna_data_01_mir/recover-20220825/UBNA_002/20220823_033000.WAV,Telephone Field,recover-20220825,002,1795
692.3615,692.4014,68437,82053,Rhinolophus ferrumequinum,0.024,0.024,-1,Echolocation,/mnt/ubna_data_01_mir/recover-20220825/UBNA_002/20220823_033000.WAV,Telephone Field,recover-20220825,002,1795
692.4285,692.4684,68437,82699,Rhinolophus ferrumequinum,0.032,0.032,-1,Echolocation,/mnt/ubna_data_01_mir/recover-20220825/UBNA_002/20220823_033000.WAV,Telephone Field,recover-20220825,002,1795
692.4305,692.4381,26328,38741,Eptesicus serotinus,0.007,0.024,-1,Echolocation,/mnt/ubna_data_01_mir/recover-20220825/UBNA_002/20220823_033000.WAV,Telephone Field,recover-20220825,002,1795
692.4305,692.4372,33203,44437,Myotis daubentonii,0.011,0.023,-1,Echolocation,/mnt/ubna_data_01_mir/recover-20220825/UBNA_002/20220823_033000.WAV,Telephone Field,recover-20220825,002,1795
692.4785,692.5204,68437,83359,Rhinolophus ferrumequinum,0.026,0.026,-1,Echolocation,/mnt/ubna_data_01_mir/recover-20220825/UBNA_002/20220823_033000.WAV,Telephone Field,recover-20220825,002,1795
692.6275,692.6679,68437,82441,Rhinolophus ferrumequinum,0.026,0.026,-1,Echolocation,/mnt/ubna_data_01_mir/recover-20220825/UBNA_002/20220823_033000.WAV,Telephone Field,recover-20220825,002,1795
692.6285,692.637,28046,37878,Eptesicus serotinus,0.008,0.023,-1,Echolocation,/mnt/ubna_data_01_mir/recover-20220825/UBNA_002/20220823_033000.WAV,Telephone Field,recover-20220825,002,1795
692.6705,692.7136,68437,82897,Rhinolophus ferrumequinum,0.024,0.024,-1,Echolocation,/mnt/ubna_data_01_mir/recover-20220825/UBNA_002/20220823_033000.WAV,Telephone Field,recover-20220825,002,1795
692.6795,692.6874,32343,42251,Myotis daubentonii,0.007,0.024,-1,Echolocation,/mnt/ubna_data_01_mir/recover-20220825/UBNA_002/20220823_033000.WAV,Telephone Field,recover-20220825,002,1795
692.6945,692.7347,68437,82454,Rhinolophus ferrumequinum,0.03,0.031,-1,Echolocation,/mnt/ubna_data_01_mir/recover-20220825/UBNA_002/20220823_033000.WAV,Telephone Field,recover-20220825,002,1795
692.6965,692.7058,27187,38949,Eptesicus serotinus,0.009,0.024,-1,Echolocation,/mnt/ubna_data_01_mir/recover-20220825/UBNA_002/20220823_033000.WAV,Telephone Field,recover-20220825,002,1795
692.7035,692.7173,22890,28009,Nyctalus leisleri,0.01,0.023,-1,Echolocation,/mnt/ubna_data_01_mir/recover-20220825/UBNA_002/20220823_033000.WAV,Telephone Field,recover-20220825,002,1795
692.7195,692.7295,22890,28994,Nyctalus leisleri,0.009,0.023,-1,Echolocation,/mnt/ubna_data_01_mir/recover-20220825/UBNA_002/20220823_033000.WAV,Telephone Field,recover-20220825,002,1795
692.7575,692.7665,27187,35886,Eptesicus serotinus,0.009,0.024,-1,Echolocation,/mnt/ubna_data_01_mir/recover-20220825/UBNA_002/20220823_033000.WAV,Telephone Field,recover-20220825,002,1795
692.7755,692.7825,27187,38846,Eptesicus serotinus,0.008,0.028,-1,Echolocation,/mnt/ubna_data_01_mir/recover-20220825/UBNA_002/20220823_033000.WAV,Telephone Field,recover-20220825,002,1795
692.7895,692.797,48671,54663,Pipistrellus pipistrellus,0.023,0.025,-1,Echolocation,/mnt/ubna_data_01_mir/recover-20220825/UBNA_002/20220823_033000.WAV,Telephone Field,recover-20220825,002,1795
692.8335,692.8445,23750,29476,Nyctalus leisleri,0.011,0.024,-1,Echolocation,/mnt/ubna_data_01_mir/recover-20220825/UBNA_002/20220823_033000.WAV,Telephone Field,recover-20220825,002,1795
692.8355,692.8725,68437,81185,Rhinolophus ferrumequinum,0.031,0.031,-1,Echolocation,/mnt/ubna_data_01_mir/recover-20220825/UBNA_002/20220823_033000.WAV,Telephone Field,recover-20220825,002,1795
692.8725,692.8796,28046,38276,Eptesicus serotinus,0.01,0.034,-1,Echolocation,/mnt/ubna_data_01_mir/recover-20220825/UBNA_002/20220823_033000.WAV,Telephone Field,recover-20220825,002,1795
692.8955,692.9042,27187,36717,Eptesicus serotinus,0.008,0.024,-1,Echolocation,/mnt/ubna_data_01_mir/recover-20220825/UBNA_002/20220823_033000.WAV,Telephone Field,recover-20220825,002,1795
692.8985,692.9366,68437,82406,Rhinolophus ferrumequinum,0.029,0.029,-1,Echolocation,/mnt/ubna_data_01_mir/recover-20220825/UBNA_002/20220823_033000.WAV,Telephone Field,recover-20220825,002,1795
692.9235,692.9578,68437,80625,Rhinolophus ferrumequinum,0.054,0.054,-1,Echolocation,/mnt/ubna_data_01_mir/recover-20220825/UBNA_002/20220823_033000.WAV,Telephone Field,recover-20220825,002,1795
692.9375,692.974,68437,81144,Rhinolophus ferrumequinum,0.025,0.025,-1,Echolocation,/mnt/ubna_data_01_mir/recover-20220825/UBNA_002/20220823_033000.WAV,Telephone Field,recover-20220825,002,1795
692.9555,692.9658,28046,36495,Eptesicus serotinus,0.012,0.027,-1,Echolocation,/mnt/ubna_data_01_mir/recover-20220825/UBNA_002/20220823_033000.WAV,Telephone Field,recover-20220825,002,1795
692.9695,692.9807,23750,30170,Nyctalus leisleri,0.011,0.027,-1,Echolocation,/mnt/ubna_data_01_mir/recover-20220825/UBNA_002/20220823_033000.WAV,Telephone Field,recover-20220825,002,1795
692.9765,693.0078,68437,79503,Rhinolophus ferrumequinum,0.026,0.026,-1,Echolocation,/mnt/ubna_data_01_mir/recover-20220825/UBNA_002/20220823_033000.WAV,Telephone Field,recover-20220825,002,1795
693.0095,693.017,39218,47733,Pipistrellus nathusii,0.251,0.403,-1,Echolocation,/mnt/ubna_data_01_mir/recover-20220825/UBNA_002/20220823_033000.WAV,Telephone Field,recover-20220825,002,1795
693.0315,693.0391,26328,39968,Eptesicus serotinus,0.007,0.025,-1,Echolocation,/mnt/ubna_data_01_mir/recover-20220825/UBNA_002/20220823_033000.WAV,Telephone Field,recover-20220825,002,1795
693.0385,693.0444,46093,52970,Pipistrellus pipistrellus,0.022,0.025,-1,Echolocation,/mnt/ubna_data_01_mir/recover-20220825/UBNA_002/20220823_033000.WAV,Telephone Field,recover-20220825,002,1795
693.0845,693.1254,68437,82338,Rhinolophus ferrumequinum,0.023,0.023,-1,Echolocation,/mnt/ubna_data_01_mir/recover-20220825/UBNA_002/20220823_033000.WAV,Telephone Field,recover-20220825,002,1795
693.0905,693.1007,32343,38812,Barbastellus barbastellus,0.009,0.03,-1,Echolocation,/mnt/ubna_data_01_mir/recover-20220825/UBNA_002/20220823_033000.WAV,Telephone Field,recover-20220825,002,1795
693.1235,693.1601,68437,82009,Rhinolophus ferrumequinum,0.038,0.038,-1,Echolocation,/mnt/ubna_data_01_mir/recover-20220825/UBNA_002/20220823_033000.WAV,Telephone Field,recover-20220825,002,1795
693.1395,693.1753,68437,81676,Rhinolophus ferrumequinum,0.043,0.044,-1,Echolocation,/mnt/ubna_data_01_mir/recover-20220825/UBNA_002/20220823_033000.WAV,Telephone Field,recover-20220825,002,1795
693.1735,693.2119,68437,82321,Rhinolophus ferrumequinum,0.025,0.025,-1,Echolocation,/mnt/ubna_data_01_mir/recover-20220825/UBNA_002/20220823_033000.WAV,Telephone Field,recover-20220825,002,1795
693.1965,693.2039,39218,45417,Pipistrellus nathusii,0.345,0.411,-1,Echolocation,/mnt/ubna_data_01_mir/recover-20220825/UBNA_002/20220823_033000.WAV,Telephone Field,recover-20220825,002,1795
693.2755,693.3138,68437,81487,Rhinolophus ferrumequinum,0.026,0.026,-1,Echolocation,/mnt/ubna_data_01_mir/recover-20220825/UBNA_002/20220823_033000.WAV,Telephone Field,recover-20220825,002,1795
693.2755,693.2857,29765,38896,Eptesicus serotinus,0.01,0.025,-1,Echolocation,/mnt/ubna_data_01_mir/recover-20220825/UBNA_002/20220823_033000.WAV,Telephone Field,recover-20220825,002,1795
693.3305,693.3437,54687,59327,Pipistrellus pygmaeus,0.024,0.027,-1,Echolocation,/mnt/ubna_data_01_mir/recover-20220825/UBNA_002/20220823_033000.WAV,Telephone Field,recover-20220825,002,1795
693.3665,693.4049,68437,82548,Rhinolophus ferrumequinum,0.027,0.027,-1,Echolocation,/mnt/ubna_data_01_mir/recover-20220825/UBNA_002/20220823_033000.WAV,Telephone Field,recover-20220825,002,1795
693.3975,693.437,68437,82276,Rhinolophus ferrumequinum,0.024,0.024,-1,Echolocation,/mnt/ubna_data_01_mir/recover-20220825/UBNA_002/20220823_033000.WAV,Telephone Field,recover-20220825,002,1795
693.4055,693.448,68437,82572,Rhinolophus ferrumequinum,0.023,0.023,-1,Echolocation,/mnt/ubna_data_01_mir/recover-20220825/UBNA_002/20220823_033000.WAV,Telephone Field,recover-20220825,002,1795
693.4465,693.4877,68437,83093,Rhinolophus ferrumequinum,0.04,0.04,-1,Echolocation,/mnt/ubna_data_01_mir/recover-20220825/UBNA_002/20220823_033000.WAV,Telephone Field,recover-20220825,002,1795
693.4705,693.507,68437,81370,Rhinolophus ferrumequinum,0.023,0.023,-1,Echolocation,/mnt/ubna_data_01_mir/recover-20220825/UBNA_002/20220823_033000.WAV,Telephone Field,recover-20220825,002,1795
693.5705,693.6082,68437,82329,Rhinolophus ferrumequinum,0.026,0.026,-1,Echolocation,/mnt/ubna_data_01_mir/recover-20220825/UBNA_002/20220823_033000.WAV,Telephone Field,recover-20220825,002,1795
693.5785,693.5849,38359,45660,Pipistrellus nathusii,0.201,0.411,-1,Echolocation,/mnt/ubna_data_01_mir/recover-20220825/UBNA_002/20220823_033000.WAV,Telephone Field,recover-20220825,002,1795
693.5795,693.5876,47812,52179,Pipistrellus pipistrellus,0.015,0.024,-1,Echolocation,/mnt/ubna_data_01_mir/recover-20220825/UBNA_002/20220823_033000.WAV,Telephone Field,recover-20220825,002,1795
693.6345,693.6703,68437,80523,Rhinolophus ferrumequinum,0.026,0.026,-1,Echolocation,/mnt/ubna_data_01_mir/recover-20220825/UBNA_002/20220823_033000.WAV,Telephone Field,recover-20220825,002,1795
693.6465,693.6547,26328,37491,Eptesicus serotinus,0.009,0.024,-1,Echolocation,/mnt/ubna_data_01_mir/recover-20220825/UBNA_002/20220823_033000.WAV,Telephone Field,recover-20220825,002,1795
693.6545,693.6618,26328,38308,Eptesicus serotinus,0.006,0.024,-1,Echolocation,/mnt/ubna_data_01_mir/recover-20220825/UBNA_002/20220823_033000.WAV,Telephone Field,recover-20220825,002,1795
693.7275,693.7659,68437,82434,Rhinolophus ferrumequinum,0.024,0.024,-1,Echolocation,/mnt/ubna_data_01_mir/recover-20220825/UBNA_002/20220823_033000.WAV,Telephone Field,recover-20220825,002,1795
693.7355,693.7761,68437,82812,Rhinolophus ferrumequinum,0.025,0.025,-1,Echolocation,/mnt/ubna_data_01_mir/recover-20220825/UBNA_002/20220823_033000.WAV,Telephone Field,recover-20220825,002,1795
693.7465,693.7858,68437,82818,Rhinolophus ferrumequinum,0.029,0.029,-1,Echolocation,/mnt/ubna_data_01_mir/recover-20220825/UBNA_002/20220823_033000.WAV,Telephone Field,recover-20220825,002,1795
693.7685,693.7764,36640,45173,Pipistrellus nathusii,0.22,0.371,-1,Echolocation,/mnt/ubna_data_01_mir/recover-20220825/UBNA_002/20220823_033000.WAV,Telephone Field,recover-20220825,002,1795
693.7715,693.7784,44375,52315,Pipistrellus pipistrellus,0.013,0.025,-1,Echolocation,/mnt/ubna_data_01_mir/recover-20220825/UBNA_002/20220823_033000.WAV,Telephone Field,recover-20220825,002,1795
693.7885,693.8262,68437,82079,Rhinolophus ferrumequinum,0.026,0.026,-1,Echolocation,/mnt/ubna_data_01_mir/recover-20220825/UBNA_002/20220823_033000.WAV,Telephone Field,recover-20220825,002,1795
693.8165,693.8557,68437,82583,Rhinolophus ferrumequinum,0.024,0.024,-1,Echolocation,/mnt/ubna_data_01_mir/recover-20220825/UBNA_002/20220823_033000.WAV,Telephone Field,recover-20220825,002,1795
693.8255,693.8378,25468,30934,Nyctalus leisleri,0.02,0.047,-1,Echolocation,/mnt/ubna_data_01_mir/recover-20220825/UBNA_002/20220823_033000.WAV,Telephone Field,recover-20220825,002,1795
693.8445,693.8851,68437,82987,Rhinolophus ferrumequinum,0.026,0.026,-1,Echolocation,/mnt/ubna_data_01_mir/recover-20220825/UBNA_002/20220823_033000.WAV,Telephone Field,recover-20220825,002,1795
693.8605,693.8985,68437,82127,Rhinolophus ferrumequinum,0.024,0.024,-1,Echolocation,/mnt/ubna_data_01_mir/recover-20220825/UBNA_002/20220823_033000.WAV,Telephone Field,recover-20220825,002,1795
693.8725,693.8811,28046,36201,Eptesicus serotinus,0.008,0.023,-1,Echolocation,/mnt/ubna_data_01_mir/recover-20220825/UBNA_002/20220823_033000.WAV,Telephone Field,recover-20220825,002,1795
693.8915,693.9294,68437,82254,Rhinolophus ferrumequinum,0.04,0.04,-1,Echolocation,/mnt/ubna_data_01_mir/recover-20220825/UBNA_002/20220823_033000.WAV,Telephone Field,recover-20220825,002,1795
693.9035,693.9491,68437,83342,Rhinolophus ferrumequinum,0.03,0.03,-1,Echolocation,/mnt/ubna_data_01_mir/recover-20220825/UBNA_002/20220823_033000.WAV,Telephone Field,recover-20220825,002,1795
693.9235,693.9611,68437,82180,Rhinolophus ferrumequinum,0.032,0.032,-1,Echolocation,/mnt/ubna_data_01_mir/recover-20220825/UBNA_002/20220823_033000.WAV,Telephone Field,recover-20220825,002,1795
693.9545,693.992,68437,82371,Rhinolophus ferrumequinum,0.024,0.024,-1,Echolocation,/mnt/ubna_data_01_mir/recover-20220825/UBNA_002/20220823_033000.WAV,Telephone Field,recover-20220825,002,1795
693.9695,693.992,16875,19380,Nyctalus noctula,0.032,0.054,-1,Echolocation,/mnt/ubna_data_01_mir/recover-20220825/UBNA_002/20220823_033000.WAV,Telephone Field,recover-20220825,002,1795
693.9805,693.9886,58125,63207,Pipistrellus pygmaeus,0.023,0.024,-1,Echolocation,/mnt/ubna_data_01_mir/recover-20220825/UBNA_002/20220823_033000.WAV,Telephone Field,recover-20220825,002,1795
694.0015,694.0313,69296,81041,Rhinolophus ferrumequinum,0.056,0.056,-1,Echolocation,/mnt/ubna_data_01_mir/recover-20220825/UBNA_002/20220823_033000.WAV,Telephone Field,recover-20220825,002,1795
694.0015,694.0085,22890,33310,Plecotus austriacus,0.008,0.024,-1,Echolocation,/mnt/ubna_data_01_mir/recover-20220825/UBNA_002/20220823_033000.WAV,Telephone Field,recover-20220825,002,1795
694.0035,694.0114,27187,37555,Eptesicus serotinus,0.009,0.024,-1,Echolocation,/mnt/ubna_data_01_mir/recover-20220825/UBNA_002/20220823_033000.WAV,Telephone Field,recover-20220825,002,1795
694.0265,694.0372,22890,27967,Nyctalus leisleri,0.012,0.024,-1,Echolocation,/mnt/ubna_data_01_mir/recover-20220825/UBNA_002/20220823_033000.WAV,Telephone Field,recover-20220825,002,1795
694.0555,694.0975,68437,83225,Rhinolophus ferrumequinum,0.027,0.027,-1,Echolocation,/mnt/ubna_data_01_mir/recover-20220825/UBNA_002/20220823_033000.WAV,Telephone Field,recover-20220825,002,1795
694.0625,694.1045,68437,83082,Rhinolophus ferrumequinum,0.024,0.024,-1,Echolocation,/mnt/ubna_data_01_mir/recover-20220825/UBNA_002/20220823_033000.WAV,Telephone Field,recover-20220825,002,1795
694.0675,694.0807,31484,36573,Eptesicus serotinus,0.009,0.021,-1,Echolocation,/mnt/ubna_data_01_mir/recover-20220825/UBNA_002/20220823_033000.WAV,Telephone Field,recover-20220825,002,1795
694.0775,694.0873,28906,36212,Eptesicus serotinus,0.009,0.022,-1,Echolocation,/mnt/ubna_data_01_mir/recover-20220825/UBNA_002/20220823_033000.WAV,Telephone Field,recover-20220825,002,1795
694.0955,694.1319,68437,81801,Rhinolophus ferrumequinum,0.022,0.022,-1,Echolocation,/mnt/ubna_data_01_mir/recover-20220825/UBNA_002/20220823_033000.WAV,Telephone Field,recover-20220825,002,1795
694.1005,694.1249,17734,20733,Nyctalus noctula,0.029,0.045,-1,Echolocation,/mnt/ubna_data_01_mir/recover-20220825/UBNA_002/20220823_033000.WAV,Telephone Field,recover-20220825,002,1795
694.1325,694.1402,25468,34293,Plecotus austriacus,0.014,0.038,-1,Echolocation,/mnt/ubna_data_01_mir/recover-20220825/UBNA_002/20220823_033000.WAV,Telephone Field,recover-20220825,002,1795
694.1395,694.1795,68437,82516,Rhinolophus ferrumequinum,0.027,0.027,-1,Echolocation,/mnt/ubna_data_01_mir/recover-20220825/UBNA_002/20220823_033000.WAV,Telephone Field,recover-20220825,002,1795
694.1685,694.2056,68437,82222,Rhinolophus ferrumequinum,0.022,0.022,-1,Echolocation,/mnt/ubna_data_01_mir/recover-20220825/UBNA_002/20220823_033000.WAV,Telephone Field,recover-20220825,002,1795
694.1765,694.2167,68437,82351,Rhinolophus ferrumequinum,0.025,0.025,-1,Echolocation,/mnt/ubna_data_01_mir/recover-20220825/UBNA_002/20220823_033000.WAV,Telephone Field,recover-20220825,002,1795
694.2085,694.2483,68437,82019,Rhinolophus ferrumequinum,0.023,0.023,-1,Echolocation,/mnt/ubna_data_01_mir/recover-20220825/UBNA_002/20220823_033000.WAV,Telephone Field,recover-20220825,002,1795
694.2125,694.2233,28906,35841,Eptesicus serotinus,0.016,0.031,-1,Echolocation,/mnt/ubna_data_01_mir/recover-20220825/UBNA_002/20220823_033000.WAV,Telephone Field,recover-20220825,002,1795
694.2525,694.2906,68437,82049,Rhinolophus ferrumequinum,0.022,0.022,-1,Echolocation,/mnt/ubna_data_01_mir/recover-20220825/UBNA_002/20220823_033000.WAV,Telephone Field,recover-20220825,002,1795
694.2525,694.2595,24609,34281,Plecotus austriacus,0.009,0.024,-1,Echolocation,/mnt/ubna_data_01_mir/recover-20220825/UBNA_002/20220823_033000.WAV,Telephone Field,recover-20220825,002,1795
694.2755,694.3149,68437,82354,Rhinolophus ferrumequinum,0.03,0.03,-1,Echolocation,/mnt/ubna_data_01_mir/recover-20220825/UBNA_002/20220823_033000.WAV,Telephone Field,recover-20220825,002,1795
694.2895,694.2995,22890,29149,Nyctalus leisleri,0.008,0.021,-1,Echolocation,/mnt/ubna_data_01_mir/recover-20220825/UBNA_002/20220823_033000.WAV,Telephone Field,recover-20220825,002,1795
694.2895,694.3279,68437,81552,Rhinolophus ferrumequinum,0.022,0.022,-1,Echolocation,/mnt/ubna_data_01_mir/recover-20220825/UBNA_002/20220823_033000.WAV,Telephone Field,recover-20220825,002,1795
694.2965,694.3358,68437,81835,Rhinolophus ferrumequinum,0.022,0.022,-1,Echolocation,/mnt/ubna_data_01_mir/recover-20220825/UBNA_002/20220823_033000.WAV,Telephone Field,recover-20220825,002,1795
694.3055,694.3444,68437,81949,Rhinolophus ferrumequinum,0.026,0.026,-1,Echolocation,/mnt/ubna_data_01_mir/recover-20220825/UBNA_002/20220823_033000.WAV,Telephone Field,recover-20220825,002,1795
694.3225,694.3291,28046,39828,Eptesicus serotinus,0.006,0.023,-1,Echolocation,/mnt/ubna_data_01_mir/recover-20220825/UBNA_002/20220823_033000.WAV,Telephone Field,recover-20220825,002,1795
694.3525,694.3606,44375,55517,Pipistrellus pipistrellus,0.015,0.022,-1,Echolocation,/mnt/ubna_data_01_mir/recover-20220825/UBNA_002/20220823_033000.WAV,Telephone Field,recover-20220825,002,1795
694.3565,694.3951,68437,81794,Rhinolophus ferrumequinum,0.021,0.021,-1,Echolocation,/mnt/ubna_data_01_mir/recover-20220825/UBNA_002/20220823_033000.WAV,Telephone Field,recover-20220825,002,1795
694.3815,694.4208,68437,82320,Rhinolophus ferrumequinum,0.025,0.025,-1,Echolocation,/mnt/ubna_data_01_mir/recover-20220825/UBNA_002/20220823_033000.WAV,Telephone Field,recover-20220825,002,1795
694.4325,694.4748,68437,82709,Rhinolophus ferrumequinum,0.026,0.026,-1,Echolocation,/mnt/ubna_data_01_mir/recover-20220825/UBNA_002/20220823_033000.WAV,Telephone Field,recover-20220825,002,1795
694.4425,694.4819,68437,82369,Rhinolophus ferrumequinum,0.021,0.021,-1,Echolocation,/mnt/ubna_data_01_mir/recover-20220825/UBNA_002/20220823_033000.WAV,Telephone Field,recover-20220825,002,1795
694.4775,694.4864,29765,38937,Eptesicus serotinus,0.008,0.027,-1,Echolocation,/mnt/ubna_data_01_mir/recover-20220825/UBNA_002/20220823_033000.WAV,Telephone Field,recover-20220825,002,1795
694.4825,694.5239,68437,82660,Rhinolophus ferrumequinum,0.026,0.026,-1,Echolocation,/mnt/ubna_data_01_mir/recover-20220825/UBNA_002/20220823_033000.WAV,Telephone Field,recover-20220825,002,1795
694.5215,694.5307,28046,36996,Eptesicus serotinus,0.008,0.022,-1,Echolocation,/mnt/ubna_data_01_mir/recover-20220825/UBNA_002/20220823_033000.WAV,Telephone Field,recover-20220825,002,1795
694.5345,694.5726,68437,82620,Rhinolophus ferrumequinum,0.026,0.026,-1,Echolocation,/mnt/ubna_data_01_mir/recover-20220825/UBNA_002/20220823_033000.WAV,Telephone Field,recover-20220825,002,1795
694.5425,694.5817,68437,82415,Rhinolophus ferrumequinum,0.029,0.029,-1,Echolocation,/mnt/ubna_data_01_mir/recover-20220825/UBNA_002/20220823_033000.WAV,Telephone Field,recover-20220825,002,1795
694.5435,694.5513,23750,31939,Plecotus austriacus,0.009,0.022,-1,Echolocation,/mnt/ubna_data_01_mir/recover-20220825/UBNA_002/20220823_033000.WAV,Telephone Field,recover-20220825,002,1795
694.5605,694.5963,68437,81513,Rhinolophus ferrumequinum,0.022,0.022,-1,Echolocation,/mnt/ubna_data_01_mir/recover-20220825/UBNA_002/20220823_033000.WAV,Telephone Field,recover-20220825,002,1795
694.6195,694.6612,68437,82800,Rhinolophus ferrumequinum,0.035,0.035,-1,Echolocation,/mnt/ubna_data_01_mir/recover-20220825/UBNA_002/20220823_033000.WAV,Telephone Field,recover-20220825,002,1795
694.6245,694.6366,22031,26290,Nyctalus leisleri,0.013,0.025,-1,Echolocation,/mnt/ubna_data_01_mir/recover-20220825/UBNA_002/20220823_033000.WAV,Telephone Field,recover-20220825,002,1795
694.6455,694.6862,68437,83086,Rhinolophus ferrumequinum,0.029,0.029,-1,Echolocation,/mnt/ubna_data_01_mir/recover-20220825/UBNA_002/20220823_033000.WAV,Telephone Field,recover-20220825,002,1795
694.6495,694.6653,22031,26715,Nyctalus leisleri,0.019,0.037,-1,Echolocation,/mnt/ubna_data_01_mir/recover-20220825/UBNA_002/20220823_033000.WAV,Telephone Field,recover-20220825,002,1795
694.6715,694.709,68437,81632,Rhinolophus ferrumequinum,0.022,0.022,-1,Echolocation,/mnt/ubna_data_01_mir/recover-20220825/UBNA_002/20220823_033000.WAV,Telephone Field,recover-20220825,002,1795
694.6795,694.6896,28046,35462,Eptesicus serotinus,0.009,0.022,-1,Echolocation,/mnt/ubna_data_01_mir/recover-20220825/UBNA_002/20220823_033000.WAV,Telephone Field,recover-20220825,002,1795
694.7005,694.7095,26328,35280,Eptesicus serotinus,0.009,0.021,-1,Echolocation,/mnt/ubna_data_01_mir/recover-20220825/UBNA_002/20220823_033000.WAV,Telephone Field,recover-20220825,002,1795
694.7045,694.7417,68437,82349,Rhinolophus ferrumequinum,0.021,0.021,-1,Echolocation,/mnt/ubna_data_01_mir/recover-20220825/UBNA_002/20220823_033000.WAV,Telephone Field,recover-20220825,002,1795
694.7135,694.7542,68437,82145,Rhinolophus ferrumequinum,0.024,0.024,-1,Echolocation,/mnt/ubna_data_01_mir/recover-20220825/UBNA_002/20220823_033000.WAV,Telephone Field,recover-20220825,002,1795
694.7165,694.7273,22890,28695,Nyctalus leisleri,0.012,0.028,-1,Echolocation,/mnt/ubna_data_01_mir/recover-20220825/UBNA_002/20220823_033000.WAV,Telephone Field,recover-20220825,002,1795
694.7265,694.7672,68437,83141,Rhinolophus ferrumequinum,0.037,0.037,-1,Echolocation,/mnt/ubna_data_01_mir/recover-20220825/UBNA_002/20220823_033000.WAV,Telephone Field,recover-20220825,002,1795
694.7345,694.7415,42656,46597,Pipistrellus pipistrellus,0.022,0.025,-1,Echolocation,/mnt/ubna_data_01_mir/recover-20220825/UBNA_002/20220823_033000.WAV,Telephone Field,recover-20220825,002,1795
694.7555,694.7934,68437,82060,Rhinolophus ferrumequinum,0.022,0.022,-1,Echolocation,/mnt/ubna_data_01_mir/recover-20220825/UBNA_002/20220823_033000.WAV,Telephone Field,recover-20220825,002,1795
694.7855,694.8217,68437,81436,Rhinolophus ferrumequinum,0.022,0.022,-1,Echolocation,/mnt/ubna_data_01_mir/recover-20220825/UBNA_002/20220823_033000.WAV,Telephone Field,recover-20220825,002,1795
694.8105,694.8516,68437,82642,Rhinolophus ferrumequinum,0.031,0.031,-1,Echolocation,/mnt/ubna_data_01_mir/recover-20220825/UBNA_002/20220823_033000.WAV,Telephone Field,recover-20220825,002,1795
694.8105,694.8223,22890,27664,Nyctalus leisleri,0.013,0.025,-1,Echolocation,/mnt/ubna_data_01_mir/recover-20220825/UBNA_002/20220823_033000.WAV,Telephone Field,recover-20220825,002,1795
694.8115,694.8201,45234,51991,Pipistrellus pipistrellus,0.022,0.028,-1,Echolocation,/mnt/ubna_data_01_mir/recover-20220825/UBNA_002/20220823_033000.WAV,Telephone Field,recover-20220825,002,1795
694.8465,694.8869,68437,82827,Rhinolophus ferrumequinum,0.024,0.024,-1,Echolocation,/mnt/ubna_data_01_mir/recover-20220825/UBNA_002/20220823_033000.WAV,Telephone Field,recover-20220825,002,1795
694.8805,694.9212,68437,82580,Rhinolophus ferrumequinum,0.025,0.025,-1,Echolocation,/mnt/ubna_data_01_mir/recover-20220825/UBNA_002/20220823_033000.WAV,Telephone Field,recover-20220825,002,1795
694.8955,694.9343,68437,82019,Rhinolophus ferrumequinum,0.025,0.025,-1,Echolocation,/mnt/ubna_data_01_mir/recover-20220825/UBNA_002/20220823_033000.WAV,Telephone Field,recover-20220825,002,1795
694.8985,694.9056,46953,54015,Pipistrellus pipistrellus,0.02,0.023,-1,Echolocation,/mnt/ubna_data_01_mir/recover-20220825/UBNA_002/20220823_033000.WAV,Telephone Field,recover-20220825,002,1795
694.9225,694.9609,68437,81880,Rhinolophus ferrumequinum,0.025,0.025,-1,Echolocation,/mnt/ubna_data_01_mir/recover-20220825/UBNA_002/20220823_033000.WAV,Telephone Field,recover-20220825,002,1795
694.9395,694.9467,30625,49930,Myotis daubentonii,0.009,0.022,-1,Echolocation,/mnt/ubna_data_01_mir/recover-20220825/UBNA_002/20220823_033000.WAV,Telephone Field,recover-20220825,002,1795
694.9395,694.9462,34921,47858,Myotis daubentonii,0.01,0.022,-1,Echolocation,/mnt/ubna_data_01_mir/recover-20220825/UBNA_002/20220823_033000.WAV,Telephone Field,recover-20220825,002,1795
694.9525,694.99,68437,81726,Rhinolophus ferrumequinum,0.022,0.022,-1,Echolocation,/mnt/ubna_data_01_mir/recover-20220825/UBNA_002/20220823_033000.WAV,Telephone Field,recover-20220825,002,1795
694.9595,694.9977,68437,82407,Rhinolophus ferrumequinum,0.023,0.023,-1,Echolocation,/mnt/ubna_data_01_mir/recover-20220825/UBNA_002/20220823_033000.WAV,Telephone Field,recover-20220825,002,1795
695.0015,695.0128,58984,64582,Pipistrellus pygmaeus,0.053,0.055,-1,Echolocation,/mnt/ubna_data_01_mir/recover-20220825/UBNA_002/20220823_033000.WAV,Telephone Field,recover-20220825,002,1795
695.0305,695.0726,68437,82903,Rhinolophus ferrumequinum,0.03,0.03,-1,Echolocation,/mnt/ubna_data_01_mir/recover-20220825/UBNA_002/20220823_033000.WAV,Telephone Field,recover-20220825,002,1795
695.0315,695.0394,34062,45372,Myotis daubentonii,0.008,0.023,-1,Echolocation,/mnt/ubna_data_01_mir/recover-20220825/UBNA_002/20220823_033000.WAV,Telephone Field,recover-20220825,002,1795
695.0315,695.0406,27187,41684,Eptesicus serotinus,0.011,0.03,-1,Echolocation,/mnt/ubna_data_01_mir/recover-20220825/UBNA_002/20220823_033000.WAV,Telephone Field,recover-20220825,002,1795
695.0535,695.0925,68437,82267,Rhinolophus ferrumequinum,0.031,0.031,-1,Echolocation,/mnt/ubna_data_01_mir/recover-20220825/UBNA_002/20220823_033000.WAV,Telephone Field,recover-20220825,002,1795
695.1065,695.1184,35781,40929,Pipistrellus nathusii,0.013,0.025,-1,Echolocation,/mnt/ubna_data_01_mir/recover-20220825/UBNA_002/20220823_033000.WAV,Telephone Field,recover-20220825,002,1795
695.1285,695.1662,68437,80576,Rhinolophus ferrumequinum,0.026,0.026,-1,Echolocation,/mnt/ubna_data_01_mir/recover-20220825/UBNA_002/20220823_033000.WAV,Telephone Field,recover-20220825,002,1795
695.1405,695.1741,68437,80918,Rhinolophus ferrumequinum,0.022,0.022,-1,Echolocation,/mnt/ubna_data_01_mir/recover-20220825/UBNA_002/20220823_033000.WAV,Telephone Field,recover-20220825,002,1795
695.1665,695.206,68437,82483,Rhinolophus ferrumequinum,0.021,0.021,-1,Echolocation,/mnt/ubna_data_01_mir/recover-20220825/UBNA_002/20220823_033000.WAV,Telephone Field,recover-20220825,002,1795
695.1855,695.2237,68437,82117,Rhinolophus ferrumequinum,0.023,0.023,-1,Echolocation,/mnt/ubna_data_01_mir/recover-20220825/UBNA_002/20220823_033000.WAV,Telephone Field,recover-20220825,002,1795
695.1905,695.1979,28906,37917,Eptesicus serotinus,0.006,0.021,-1,Echolocation,/mnt/ubna_data_01_mir/recover-20220825/UBNA_002/20220823_033000.WAV,Telephone Field,recover-20220825,002,1795
695.1985,695.2099,42656,44948,Pipistrellus pipistrellus,0.034,0.04,-1,Echolocation,/mnt/ubna_data_01_mir/recover-20220825/UBNA_002/20220823_033000.WAV,Telephone Field,recover-20220825,002,1795
695.2135,695.254,68437,82616,Rhinolophus ferrumequinum,0.024,0.024,-1,Echolocation,/mnt/ubna_data_01_mir/recover-20220825/UBNA_002/20220823_033000.WAV,Telephone Field,recover-20220825,002,1795
695.2225,695.2618,68437,82013,Rhinolophus ferrumequinum,0.026,0.026,-1,Echolocation,/mnt/ubna_data_01_mir/recover-20220825/UBNA_002/20220823_033000.WAV,Telephone Field,recover-20220825,002,1795
695.2275,695.236,28046,39839,Eptesicus serotinus,0.007,0.021,-1,Echolocation,/mnt/ubna_data_01_mir/recover-20220825/UBNA_002/20220823_033000.WAV,Telephone Field,recover-20220825,002,1795
695.2605,695.3023,68437,83033,Rhinolophus ferrumequinum,0.027,0.027,-1,Echolocation,/mnt/ubna_data_01_mir/recover-20220825/UBNA_002/20220823_033000.WAV,Telephone Field,recover-20220825,002,1795
695.2835,695.3174,68437,81446,Rhinolophus ferrumequinum,0.022,0.022,-1,Echolocation,/mnt/ubna_data_01_mir/recover-20220825/UBNA_002/20220823_033000.WAV,Telephone Field,recover-20220825,002,1795
695.3325,695.3399,26328,35100,Plecotus austriacus,0.013,0.038,-1,Echolocation,/mnt/ubna_data_01_mir/recover-20220825/UBNA_002/20220823_033000.WAV,Telephone Field,recover-20220825,002,1795
695.3475,695.3828,68437,81263,Rhinolophus ferrumequinum,0.023,0.023,-1,Echolocation,/mnt/ubna_data_01_mir/recover-20220825/UBNA_002/20220823_033000.WAV,Telephone Field,recover-20220825,002,1795
695.3545,695.3911,68437,81528,Rhinolophus ferrumequinum,0.023,0.023,-1,Echolocation,/mnt/ubna_data_01_mir/recover-20220825/UBNA_002/20220823_033000.WAV,Telephone Field,recover-20220825,002,1795
695.3675,695.407,68437,82483,Rhinolophus ferrumequinum,0.026,0.026,-1,Echolocation,/mnt/ubna_data_01_mir/recover-20220825/UBNA_002/20220823_033000.WAV,Telephone Field,recover-20220825,002,1795
695.3985,695.4326,68437,80962,Rhinolophus ferrumequinum,0.026,0.026,-1,Echolocation,/mnt/ubna_data_01_mir/recover-20220825/UBNA_002/20220823_033000.WAV,Telephone Field,recover-20220825,002,1795
695.4005,695.409,28046,38702,Eptesicus serotinus,0.008,0.024,-1,Echolocation,/mnt/ubna_data_01_mir/recover-20220825/UBNA_002/20220823_033000.WAV,Telephone Field,recover-20220825,002,1795
695.4125,695.4504,68437,82067,Rhinolophus ferrumequinum,0.022,0.022,-1,Echolocation,/mnt/ubna_data_01_mir/recover-20220825/UBNA_002/20220823_033000.WAV,Telephone Field,recover-20220825,002,1795
695.4375,695.4719,68437,81700,Rhinolophus ferrumequinum,0.021,0.021,-1,Echolocation,/mnt/ubna_data_01_mir/recover-20220825/UBNA_002/20220823_033000.WAV,Telephone Field,recover-20220825,002,1795
695.4475,695.4814,68437,81071,Rhinolophus ferrumequinum,0.029,0.029,-1,Echolocation,/mnt/ubna_data_01_mir/recover-20220825/UBNA_002/20220823_033000.WAV,Telephone Field,recover-20220825,002,1795
695.4585,695.4914,68437,80594,Rhinolophus ferrumequinum,0.021,0.021,-1,Echolocation,/mnt/ubna_data_01_mir/recover-20220825/UBNA_002/20220823_033000.WAV,Telephone Field,recover-20220825,002,1795
695.4795,695.5213,68437,82667,Rhinolophus ferrumequinum,0.024,0.024,-1,Echolocation,/mnt/ubna_data_01_mir/recover-20220825/UBNA_002/20220823_033000.WAV,Telephone Field,recover-20220825,002,1795
695.5025,695.5405,68437,81653,Rhinolophus ferrumequinum,0.023,0.023,-1,Echolocation,/mnt/ubna_data_01_mir/recover-20220825/UBNA_002/20220823_033000.WAV,Telephone Field,recover-20220825,002,1795
695.5025,695.512,28906,37024,Eptesicus serotinus,0.009,0.024,-1,Echolocation,/mnt/ubna_data_01_mir/recover-20220825/UBNA_002/20220823_033000.WAV,Telephone Field,recover-20220825,002,1795
695.5525,695.5599,24609,33255,Plecotus austriacus,0.009,0.023,-1,Echolocation,/mnt/ubna_data_01_mir/recover-20220825/UBNA_002/20220823_033000.WAV,Telephone Field,recover-20220825,002,1795
695.5865,695.6257,68437,82037,Rhinolophus ferrumequinum,0.021,0.021,-1,Echolocation,/mnt/ubna_data_01_mir/recover-20220825/UBNA_002/20220823_033000.WAV,Telephone Field,recover-20220825,002,1795
695.5895,695.5996,28906,37029,Eptesicus serotinus,0.011,0.027,-1,Echolocation,/mnt/ubna_data_01_mir/recover-20220825/UBNA_002/20220823_033000.WAV,Telephone Field,recover-20220825,002,1795
695.6175,695.6552,68437,81675,Rhinolophus ferrumequinum,0.021,0.021,-1,Echolocation,/mnt/ubna_data_01_mir/recover-20220825/UBNA_002/20220823_033000.WAV,Telephone Field,recover-20220825,002,1795
695.6195,695.6282,28046,39365,Eptesicus serotinus,0.009,0.025,-1,Echolocation,/mnt/ubna_data_01_mir/recover-20220825/UBNA_002/20220823_033000.WAV,Telephone Field,recover-20220825,002,1795
695.6275,695.6667,68437,82084,Rhinolophus ferrumequinum,0.021,0.021,-1,Echolocation,/mnt/ubna_data_01_mir/recover-20220825/UBNA_002/20220823_033000.WAV,Telephone Field,recover-20220825,002,1795
695.6475,695.6551,24609,33691,Plecotus austriacus,0.011,0.028,-1,Echolocation,/mnt/ubna_data_01_mir/recover-20220825/UBNA_002/20220823_033000.WAV,Telephone Field,recover-20220825,002,1795
695.6505,695.6932,68437,82827,Rhinolophus ferrumequinum,0.025,0.025,-1,Echolocation,/mnt/ubna_data_01_mir/recover-20220825/UBNA_002/20220823_033000.WAV,Telephone Field,recover-20220825,002,1795
695.6805,695.718,68437,82245,Rhinolophus ferrumequinum,0.026,0.026,-1,Echolocation,/mnt/ubna_data_01_mir/recover-20220825/UBNA_002/20220823_033000.WAV,Telephone Field,recover-20220825,002,1795
695.6935,695.7274,68437,81390,Rhinolophus ferrumequinum,0.021,0.021,-1,Echolocation,/mnt/ubna_data_01_mir/recover-20220825/UBNA_002/20220823_033000.WAV,Telephone Field,recover-20220825,002,1795
695.6945,695.7037,23750,29921,Nyctalus leisleri,0.009,0.022,-1,Echolocation,/mnt/ubna_data_01_mir/recover-20220825/UBNA_002/20220823_033000.WAV,Telephone Field,recover-20220825,002,1795
695.7045,695.7413,68437,81397,Rhinolophus ferrumequinum,0.021,0.021,-1,Echolocation,/mnt/ubna_data_01_mir/recover-20220825/UBNA_002/20220823_033000.WAV,Telephone Field,recover-20220825,002,1795
695.7235,695.7566,68437,80576,Rhinolophus ferrumequinum,0.021,0.021,-1,Echolocation,/mnt/ubna_data_01_mir/recover-20220825/UBNA_002/20220823_033000.WAV,Telephone Field,recover-20220825,002,1795
695.7375,695.7754,68437,81806,Rhinolophus ferrumequinum,0.022,0.022,-1,Echolocation,/mnt/ubna_data_01_mir/recover-20220825/UBNA_002/20220823_033000.WAV,Telephone Field,recover-20220825,002,1795
695.7785,695.8179,68437,82022,Rhinolophus ferrumequinum,0.023,0.023,-1,Echolocation,/mnt/ubna_data_01_mir/recover-20220825/UBNA_002/20220823_033000.WAV,Telephone Field,recover-20220825,002,1795
695.7925,695.8325,68437,82874,Rhinolophus ferrumequinum,0.024,0.024,-1,Echolocation,/mnt/ubna_data_01_mir/recover-20220825/UBNA_002/20220823_033000.WAV,Telephone Field,recover-20220825,002,1795
695.7955,695.8044,28046,37294,Eptesicus serotinus,0.008,0.022,-1,Echolocation,/mnt/ubna_data_01_mir/recover-20220825/UBNA_002/20220823_033000.WAV,Telephone Field,recover-20220825,002,1795
695.8085,695.8487,68437,81809,Rhinolophus ferrumequinum,0.022,0.022,-1,Echolocation,/mnt/ubna_data_01_mir/recover-20220825/UBNA_002/20220823_033000.WAV,Telephone Field,recover-20220825,002,1795
695.8275,695.8396,32343,37396,Eptesicus serotinus,0.009,0.032,-1,Echolocation,/mnt/ubna_data_01_mir/recover-20220825/UBNA_002/20220823_033000.WAV,Telephone Field,recover-20220825,002,1795
695.8285,695.8657,68437,82169,Rhinolophus ferrumequinum,0.027,0.027,-1,Echolocation,/mnt/ubna_data_01_mir/recover-20220825/UBNA_002/20220823_033000.WAV,Telephone Field,recover-20220825,002,1795
695.8515,695.8878,68437,81631,Rhinolophus ferrumequinum,0.025,0.025,-1,Echolocation,/mnt/ubna_data_01_mir/recover-20220825/UBNA_002/20220823_033000.WAV,Telephone Field,recover-20220825,002,1795
695.8735,695.8845,24609,30653,Nyctalus leisleri,0.011,0.027,-1,Echolocation,/mnt/ubna_data_01_mir/recover-20220825/UBNA_002/20220823_033000.WAV,Telephone Field,recover-20220825,002,1795
695.8795,695.9177,68437,82634,Rhinolophus ferrumequinum,0.027,0.027,-1,Echolocation,/mnt/ubna_data_01_mir/recover-20220825/UBNA_002/20220823_033000.WAV,Telephone Field,recover-20220825,002,1795
695.8885,695.9282,68437,82221,Rhinolophus ferrumequinum,0.025,0.025,-1,Echolocation,/mnt/ubna_data_01_mir/recover-20220825/UBNA_002/20220823_033000.WAV,Telephone Field,recover-20220825,002,1795
695.8935,695.9303,68437,82169,Rhinolophus ferrumequinum,0.025,0.025,-1,Echolocation,/mnt/ubna_data_01_mir/recover-20220825/UBNA_002/20220823_033000.WAV,Telephone Field,recover-20220825,002,1795
695.9065,695.9147,47812,55908,Pipistrellus pipistrellus,0.018,0.021,-1,Echolocation,/mnt/ubna_data_01_mir/recover-20220825/UBNA_002/20220823_033000.WAV,Telephone Field,recover-20220825,002,1795
695.9155,695.9251,27187,36638,Eptesicus serotinus,0.009,0.022,-1,Echolocation,/mnt/ubna_data_01_mir/recover-20220825/UBNA_002/20220823_033000.WAV,Telephone Field,recover-20220825,002,1795
695.9215,695.9576,68437,82067,Rhinolophus ferrumequinum,0.027,0.027,-1,Echolocation,/mnt/ubna_data_01_mir/recover-20220825/UBNA_002/20220823_033000.WAV,Telephone Field,recover-20220825,002,1795
695.9425,695.9532,27187,34162,Eptesicus serotinus,0.011,0.023,-1,Echolocation,/mnt/ubna_data_01_mir/recover-20220825/UBNA_002/20220823_033000.WAV,Telephone Field,recover-20220825,002,1795
695.9575,695.9972,68437,82527,Rhinolophus ferrumequinum,0.028,0.028,-1,Echolocation,/mnt/ubna_data_01_mir/recover-20220825/UBNA_002/20220823_033000.WAV,Telephone Field,recover-20220825,002,1795
696.0015,696.009,25468,35977,Nyctalus leisleri,0.007,0.028,-1,Echolocation,/mnt/ubna_data_01_mir/recover-20220825/UBNA_002/20220823_033000.WAV,Telephone Field,recover-20220825,002,1795
696.0015,696.0079,36640,53293,Myotis brandtii,0.007,0.021,-1,Echolocation,/mnt/ubna_data_01_mir/recover-20220825/UBNA_002/20220823_033000.WAV,Telephone Field,recover-20220825,002,1795
696.0015,696.0315,69296,81324,Rhinolophus ferrumequinum,0.034,0.034,-1,Echolocation,/mnt/ubna_data_01_mir/recover-20220825/UBNA_002/20220823_033000.WAV,Telephone Field,recover-20220825,002,1795
696.0185,696.0556,68437,81585,Rhinolophus ferrumequinum,0.023,0.023,-1,Echolocation,/mnt/ubna_data_01_mir/recover-20220825/UBNA_002/20220823_033000.WAV,Telephone Field,recover-20220825,002,1795
696.0515,696.0933,68437,82680,Rhinolophus ferrumequinum,0.023,0.023,-1,Echolocation,/mnt/ubna_data_01_mir/recover-20220825/UBNA_002/20220823_033000.WAV,Telephone Field,recover-20220825,002,1795
696.0635,696.1055,68437,82957,Rhinolophus ferrumequinum,0.025,0.025,-1,Echolocation,/mnt/ubna_data_01_mir/recover-20220825/UBNA_002/20220823_033000.WAV,Telephone Field,recover-20220825,002,1795
696.0835,696.1233,68437,82103,Rhinolophus ferrumequinum,0.023,0.023,-1,Echolocation,/mnt/ubna_data_01_mir/recover-20220825/UBNA_002/20220823_033000.WAV,Telephone Field,recover-20220825,002,1795
696.0895,696.1308,68437,82279,Rhinolophus ferrumequinum,0.024,0.024,-1,Echolocation,/mnt/ubna_data_01_mir/recover-20220825/UBNA_002/20220823_033000.WAV,Telephone Field,recover-20220825,002,1795
696.0955,696.1361,68437,82254,Rhinolophus ferrumequinum,0.023,0.023,-1,Echolocation,/mnt/ubna_data_01_mir/recover-20220825/UBNA_002/20220823_033000.WAV,Telephone Field,recover-20220825,002,1795
696.1055,696.1127,27187,39698,Eptesicus serotinus,0.006,0.021,-1,Echolocation,/mnt/ubna_data_01_mir/recover-20220825/UBNA_002/20220823_033000.WAV,Telephone Field,recover-20220825,002,1795
696.1655,696.2032,68437,81935,Rhinolophus ferrumequinum,0.022,0.022,-1,Echolocation,/mnt/ubna_data_01_mir/recover-20220825/UBNA_002/20220823_033000.WAV,Telephone Field,recover-20220825,002,1795
696.1985,696.2364,68437,81908,Rhinolophus ferrumequinum,0.021,0.021,-1,Echolocation,/mnt/ubna_data_01_mir/recover-20220825/UBNA_002/20220823_033000.WAV,Telephone Field,recover-20220825,002,1795
696.2065,696.2458,68437,81918,Rhinolophus ferrumequinum,0.022,0.022,-1,Echolocation,/mnt/ubna_data_01_mir/recover-20220825/UBNA_002/20220823_033000.WAV,Telephone Field,recover-20220825,002,1795
696.2225,696.264,68437,82795,Rhinolophus ferrumequinum,0.026,0.026,-1,Echolocation,/mnt/ubna_data_01_mir/recover-20220825/UBNA_002/20220823_033000.WAV,Telephone Field,recover-20220825,002,1795
696.2455,696.2876,68437,83085,Rhinolophus ferrumequinum,0.041,0.041,-1,Echolocation,/mnt/ubna_data_01_mir/recover-20220825/UBNA_002/20220823_033000.WAV,Telephone Field,recover-20220825,002,1795
696.2705,696.3106,68437,81914,Rhinolophus ferrumequinum,0.023,0.023,-1,Echolocation,/mnt/ubna_data_01_mir/recover-20220825/UBNA_002/20220823_033000.WAV,Telephone Field,recover-20220825,002,1795
696.3045,696.3147,28906,36352,Eptesicus serotinus,0.011,0.024,-1,Echolocation,/mnt/ubna_data_01_mir/recover-20220825/UBNA_002/20220823_033000.WAV,Telephone Field,recover-20220825,002,1795
696.3065,696.3145,23750,31937,Plecotus austriacus,0.012,0.025,-1,Echolocation,/mnt/ubna_data_01_mir/recover-20220825/UBNA_002/20220823_033000.WAV,Telephone Field,recover-20220825,002,1795
696.3225,696.3627,68437,82477,Rhinolophus ferrumequinum,0.024,0.024,-1,Echolocation,/mnt/ubna_data_01_mir/recover-20220825/UBNA_002/20220823_033000.WAV,Telephone Field,recover-20220825,002,1795
696.3485,696.356,28046,39437,Eptesicus serotinus,0.006,0.021,-1,Echolocation,/mnt/ubna_data_01_mir/recover-20220825/UBNA_002/20220823_033000.WAV,Telephone Field,recover-20220825,002,1795
696.4145,696.4219,28046,40678,Eptesicus serotinus,0.007,0.024,-1,Echolocation,/mnt/ubna_data_01_mir/recover-20220825/UBNA_002/20220823_033000.WAV,Telephone Field,recover-20220825,002,1795
696.4265,696.4648,68437,82469,Rhinolophus ferrumequinum,0.022,0.022,-1,Echolocation,/mnt/ubna_data_01_mir/recover-20220825/UBNA_002/20220823_033000.WAV,Telephone Field,recover-20220825,002,1795
696.4405,696.4505,22890,27919,Nyctalus leisleri,0.009,0.021,-1,Echolocation,/mnt/ubna_data_01_mir/recover-20220825/UBNA_002/20220823_033000.WAV,Telephone Field,recover-20220825,002,1795
696.4495,696.4894,68437,82540,Rhinolophus ferrumequinum,0.023,0.023,-1,Echolocation,/mnt/ubna_data_01_mir/recover-20220825/UBNA_002/20220823_033000.WAV,Telephone Field,recover-20220825,002,1795
696.4495,696.4616,22031,25664,Nyctalus leisleri,0.012,0.021,-1,Echolocation,/mnt/ubna_data_01_mir/recover-20220825/UBNA_002/20220823_033000.WAV,Telephone Field,recover-20220825,002,1795
696.4725,696.4813,27187,36482,Eptesicus serotinus,0.007,0.022,-1,Echolocation,/mnt/ubna_data_01_mir/recover-20220825/UBNA_002/20220823_033000.WAV,Telephone Field,recover-20220825,002,1795
696.4935,696.533,68437,82200,Rhinolophus ferrumequinum,0.021,0.021,-1,Echolocation,/mnt/ubna_data_01_mir/recover-20220825/UBNA_002/20220823_033000.WAV,Telephone Field,recover-20220825,002,1795
696.5005,696.5092,42656,47105,Pipistrellus pipistrellus,0.02,0.024,-1,Echolocation,/mnt/ubna_data_01_mir/recover-20220825/UBNA_002/20220823_033000.WAV,Telephone Field,recover-20220825,002,1795
696.5035,696.544,68437,83146,Rhinolophus ferrumequinum,0.031,0.031,-1,Echolocation,/mnt/ubna_data_01_mir/recover-20220825/UBNA_002/20220823_033000.WAV,Telephone Field,recover-20220825,002,1795
696.5295,696.5701,68437,82904,Rhinolophus ferrumequinum,0.027,0.028,-1,Echolocation,/mnt/ubna_data_01_mir/recover-20220825/UBNA_002/20220823_033000.WAV,Telephone Field,recover-20220825,002,1795
696.5545,696.5933,68437,82163,Rhinolophus ferrumequinum,0.021,0.021,-1,Echolocation,/mnt/ubna_data_01_mir/recover-20220825/UBNA_002/20220823_033000.WAV,Telephone Field,recover-20220825,002,1795
696.5625,696.5735,23750,28295,Nyctalus leisleri,0.016,0.028,-1,Echolocation,/mnt/ubna_data_01_mir/recover-20220825/UBNA_002/20220823_033000.WAV,Telephone Field,recover-20220825,002,1795
696.5895,696.6007,22890,27388,Nyctalus leisleri,0.012,0.022,-1,Echolocation,/mnt/ubna_data_01_mir/recover-20220825/UBNA_002/20220823_033000.WAV,Telephone Field,recover-20220825,002,1795
696.5965,696.6373,68437,82475,Rhinolophus ferrumequinum,0.024,0.024,-1,Echolocation,/mnt/ubna_data_01_mir/recover-20220825/UBNA_002/20220823_033000.WAV,Telephone Field,recover-20220825,002,1795
696.6355,696.6731,68437,82159,Rhinolophus ferrumequinum,0.024,0.024,-1,Echolocation,/mnt/ubna_data_01_mir/recover-20220825/UBNA_002/20220823_033000.WAV,Telephone Field,recover-20220825,002,1795
696.6385,696.6467,27187,35722,Eptesicus serotinus,0.01,0.026,-1,Echolocation,/mnt/ubna_data_01_mir/recover-20220825/UBNA_002/20220823_033000.WAV,Telephone Field,recover-20220825,002,1795
696.6505,696.6891,68437,81762,Rhinolophus ferrumequinum,0.021,0.021,-1,Echolocation,/mnt/ubna_data_01_mir/recover-20220825/UBNA_002/20220823_033000.WAV,Telephone Field,recover-20220825,002,1795
696.6525,696.6656,32343,37841,Eptesicus serotinus,0.01,0.035,-1,Echolocation,/mnt/ubna_data_01_mir/recover-20220825/UBNA_002/20220823_033000.WAV,Telephone Field,recover-20220825,002,1795
696.6925,696.7014,28906,37416,Eptesicus serotinus,0.007,0.021,-1,Echolocation,/mnt/ubna_data_01_mir/recover-20220825/UBNA_002/20220823_033000.WAV,Telephone Field,recover-20220825,002,1795
696.7025,696.7122,42656,48353,Pipistrellus pipistrellus,0.016,0.022,-1,Echolocation,/mnt/ubna_data_01_mir/recover-20220825/UBNA_002/20220823_033000.WAV,Telephone Field,recover-20220825,002,1795
696.7025,696.71,28046,38672,Eptesicus serotinus,0.006,0.022,-1,Echolocation,/mnt/ubna_data_01_mir/recover-20220825/UBNA_002/20220823_033000.WAV,Telephone Field,recover-20220825,002,1795
696.7115,696.7263,22890,26863,Nyctalus leisleri,0.021,0.034,-1,Echolocation,/mnt/ubna_data_01_mir/recover-20220825/UBNA_002/20220823_033000.WAV,Telephone Field,recover-20220825,002,1795
696.7325,696.7549,18593,21111,Nyctalus noctula,0.017,0.036,-1,Echolocation,/mnt/ubna_data_01_mir/recover-20220825/UBNA_002/20220823_033000.WAV,Telephone Field,recover-20220825,002,1795
696.7565,696.7989,68437,83364,Rhinolophus ferrumequinum,0.026,0.026,-1,Echolocation,/mnt/ubna_data_01_mir/recover-20220825/UBNA_002/20220823_033000.WAV,Telephone Field,recover-20220825,002,1795
696.7665,696.7756,25468,32660,Eptesicus serotinus,0.009,0.027,-1,Echolocation,/mnt/ubna_data_01_mir/recover-20220825/UBNA_002/20220823_033000.WAV,Telephone Field,recover-20220825,002,1795
696.7925,696.8017,28046,36693,Eptesicus serotinus,0.008,0.022,-1,Echolocation,/mnt/ubna_data_01_mir/recover-20220825/UBNA_002/20220823_033000.WAV,Telephone Field,recover-20220825,002,1795
696.8255,696.8629,68437,81884,Rhinolophus ferrumequinum,0.022,0.022,-1,Echolocation,/mnt/ubna_data_01_mir/recover-20220825/UBNA_002/20220823_033000.WAV,Telephone Field,recover-20220825,002,1795
696.8555,696.8625,47812,53147,Pipistrellus pipistrellus,0.023,0.025,-1,Echolocation,/mnt/ubna_data_01_mir/recover-20220825/UBNA_002/20220823_033000.WAV,Telephone Field,recover-20220825,002,1795
696.9305,696.9701,68437,82029,Rhinolophus ferrumequinum,0.026,0.026,-1,Echolocation,/mnt/ubna_data_01_mir/recover-20220825/UBNA_002/20220823_033000.WAV,Telephone Field,recover-20220825,002,1795
696.9565,696.9849,69296,80489,Rhinolophus ferrumequinum,0.025,0.025,-1,Echolocation,/mnt/ubna_data_01_mir/recover-20220825/UBNA_002/20220823_033000.WAV,Telephone Field,recover-20220825,002,1795
696.9795,696.9861,25468,36321,Plecotus austriacus,0.007,0.025,-1,Echolocation,/mnt/ubna_data_01_mir/recover-20220825/UBNA_002/20220823_033000.WAV,Telephone Field,recover-20220825,002,1795
696.9815,697.0201,68437,82808,Rhinolophus ferrumequinum,0.022,0.022,-1,Echolocation,/mnt/ubna_data_01_mir/recover-20220825/UBNA_002/20220823_033000.WAV,Telephone Field,recover-20220825,002,1795
697.0745,697.1104,68437,81678,Rhinolophus ferrumequinum,0.022,0.022,-1,Echolocation,/mnt/ubna_data_01_mir/recover-20220825/UBNA_002/20220823_033000.WAV,Telephone Field,recover-20220825,002,1795
697.0895,697.1268,68437,81802,Rhinolophus ferrumequinum,0.023,0.023,-1,Echolocation,/mnt/ubna_data_01_mir/recover-20220825/UBNA_002/20220823_033000.WAV,Telephone Field,recover-20220825,002,1795
697.1015,697.1091,27187,39214,Eptesicus serotinus,0.007,0.022,-1,Echolocation,/mnt/ubna_data_01_mir/recover-20220825/UBNA_002/20220823_033000.WAV,Telephone Field,recover-20220825,002,1795
697.1045,697.1442,68437,82660,Rhinolophus ferrumequinum,0.022,0.022,-1,Echolocation,/mnt/ubna_data_01_mir/recover-20220825/UBNA_002/20220823_033000.WAV,Telephone Field,recover-20220825,002,1795
697.1245,697.1649,68437,82040,Rhinolophus ferrumequinum,0.023,0.023,-1,Echolocation,/mnt/ubna_data_01_mir/recover-20220825/UBNA_002/20220823_033000.WAV,Telephone Field,recover-20220825,002,1795
697.1375,697.1739,68437,81419,Rhinolophus ferrumequinum,0.021,0.021,-1,Echolocation,/mnt/ubna_data_01_mir/recover-20220825/UBNA_002/20220823_033000.WAV,Telephone Field,recover-20220825,002,1795
697.2075,697.2451,68437,82652,Rhinolophus ferrumequinum,0.022,0.022,-1,Echolocation,/mnt/ubna_data_01_mir/recover-20220825/UBNA_002/20220823_033000.WAV,Telephone Field,recover-20220825,002,1795
697.2425,697.282,68437,82440,Rhinolophus ferrumequinum,0.025,0.025,-1,Echolocation,/mnt/ubna_data_01_mir/recover-20220825/UBNA_002/20220823_033000.WAV,Telephone Field,recover-20220825,002,1795
697.2575,697.265,28046,45645,Eptesicus serotinus,0.007,0.021,-1,Echolocation,/mnt/ubna_data_01_mir/recover-20220825/UBNA_002/20220823_033000.WAV,Telephone Field,recover-20220825,002,1795
697.2585,697.2652,33203,44687,Myotis daubentonii,0.012,0.026,-1,Echolocation,/mnt/ubna_data_01_mir/recover-20220825/UBNA_002/20220823_033000.WAV,Telephone Field,recover-20220825,002,1795
697.3195,697.3591,68437,82448,Rhinolophus ferrumequinum,0.023,0.023,-1,Echolocation,/mnt/ubna_data_01_mir/recover-20220825/UBNA_002/20220823_033000.WAV,Telephone Field,recover-20220825,002,1795
697.3445,697.3509,28046,41672,Eptesicus serotinus,0.006,0.022,-1,Echolocation,/mnt/ubna_data_01_mir/recover-20220825/UBNA_002/20220823_033000.WAV,Telephone Field,recover-20220825,002,1795
697.3525,697.392,68437,82245,Rhinolophus ferrumequinum,0.025,0.025,-1,Echolocation,/mnt/ubna_data_01_mir/recover-20220825/UBNA_002/20220823_033000.WAV,Telephone Field,recover-20220825,002,1795
697.3735,697.384,24609,30965,Nyctalus leisleri,0.009,0.024,-1,Echolocation,/mnt/ubna_data_01_mir/recover-20220825/UBNA_002/20220823_033000.WAV,Telephone Field,recover-20220825,002,1795
697.3825,697.3922,26328,33516,Eptesicus serotinus,0.01,0.026,-1,Echolocation,/mnt/ubna_data_01_mir/recover-20220825/UBNA_002/20220823_033000.WAV,Telephone Field,recover-20220825,002,1795
697.4075,697.4472,68437,82472,Rhinolophus ferrumequinum,0.024,0.024,-1,Echolocation,/mnt/ubna_data_01_mir/recover-20220825/UBNA_002/20220823_033000.WAV,Telephone Field,recover-20220825,002,1795
697.4215,697.4292,28906,39536,Eptesicus serotinus,0.007,0.022,-1,Echolocation,/mnt/ubna_data_01_mir/recover-20220825/UBNA_002/20220823_033000.WAV,Telephone Field,recover-20220825,002,1795
697.4235,697.461,68437,81529,Rhinolophus ferrumequinum,0.021,0.021,-1,Echolocation,/mnt/ubna_data_01_mir/recover-20220825/UBNA_002/20220823_033000.WAV,Telephone Field,recover-20220825,002,1795
697.4295,697.4644,68437,81293,Rhinolophus ferrumequinum,0.021,0.021,-1,Echolocation,/mnt/ubna_data_01_mir/recover-20220825/UBNA_002/20220823_033000.WAV,Telephone Field,recover-20220825,002,1795
697.4635,697.5056,68437,83511,Rhinolophus ferrumequinum,0.045,0.045,-1,Echolocation,/mnt/ubna_data_01_mir/recover-20220825/UBNA_002/20220823_033000.WAV,Telephone Field,recover-20220825,002,1795
697.4835,697.5226,68437,82786,Rhinolophus ferrumequinum,0.027,0.027,-1,Echolocation,/mnt/ubna_data_01_mir/recover-20220825/UBNA_002/20220823_033000.WAV,Telephone Field,recover-20220825,002,1795
697.4865,697.4932,23750,33631,Plecotus austriacus,0.012,0.027,-1,Echolocation,/mnt/ubna_data_01_mir/recover-20220825/UBNA_002/20220823_033000.WAV,Telephone Field,recover-20220825,002,1795
697.4975,697.538,68437,82510,Rhinolophus ferrumequinum,0.027,0.027,-1,Echolocation,/mnt/ubna_data_01_mir/recover-20220825/UBNA_002/20220823_033000.WAV,Telephone Field,recover-20220825,002,1795
697.5165,697.5285,28046,35225,Eptesicus serotinus,0.02,0.034,-1,Echolocation,/mnt/ubna_data_01_mir/recover-20220825/UBNA_002/20220823_033000.WAV,Telephone Field,recover-20220825,002,1795
697.5305,697.5377,27187,39429,Eptesicus serotinus,0.006,0.026,-1,Echolocation,/mnt/ubna_data_01_mir/recover-20220825/UBNA_002/20220823_033000.WAV,Telephone Field,recover-20220825,002,1795
697.5465,697.5867,68437,82098,Rhinolophus ferrumequinum,0.026,0.026,-1,Echolocation,/mnt/ubna_data_01_mir/recover-20220825/UBNA_002/20220823_033000.WAV,Telephone Field,recover-20220825,002,1795
697.5505,697.5609,23750,30663,Nyctalus leisleri,0.007,0.022,-1,Echolocation,/mnt/ubna_data_01_mir/recover-20220825/UBNA_002/20220823_033000.WAV,Telephone Field,recover-20220825,002,1795
697.5905,697.6282,68437,82064,Rhinolophus ferrumequinum,0.022,0.022,-1,Echolocation,/mnt/ubna_data_01_mir/recover-20220825/UBNA_002/20220823_033000.WAV,Telephone Field,recover-20220825,002,1795
697.5915,697.6031,23750,29008,Nyctalus leisleri,0.012,0.026,-1,Echolocation,/mnt/ubna_data_01_mir/recover-20220825/UBNA_002/20220823_033000.WAV,Telephone Field,recover-20220825,002,1795
697.6355,697.6765,68437,82231,Rhinolophus ferrumequinum,0.022,0.023,-1,Echolocation,/mnt/ubna_data_01_mir/recover-20220825/UBNA_002/20220823_033000.WAV,Telephone Field,recover-20220825,002,1795
697.6425,697.6517,28046,36565,Eptesicus serotinus,0.009,0.024,-1,Echolocation,/mnt/ubna_data_01_mir/recover-20220825/UBNA_002/20220823_033000.WAV,Telephone Field,recover-20220825,002,1795
697.6495,697.658,22890,30281,Plecotus austriacus,0.011,0.024,-1,Echolocation,/mnt/ubna_data_01_mir/recover-20220825/UBNA_002/20220823_033000.WAV,Telephone Field,recover-20220825,002,1795
697.6645,697.7035,68437,82105,Rhinolophus ferrumequinum,0.022,0.022,-1,Echolocation,/mnt/ubna_data_01_mir/recover-20220825/UBNA_002/20220823_033000.WAV,Telephone Field,recover-20220825,002,1795
697.6725,697.683,22890,28872,Nyctalus leisleri,0.01,0.024,-1,Echolocation,/mnt/ubna_data_01_mir/recover-20220825/UBNA_002/20220823_033000.WAV,Telephone Field,recover-20220825,002,1795
697.7235,697.7311,28046,38831,Eptesicus serotinus,0.012,0.03,-1,Echolocation,/mnt/ubna_data_01_mir/recover-20220825/UBNA_002/20220823_033000.WAV,Telephone Field,recover-20220825,002,1795
697.7465,697.7534,45234,51157,Pipistrellus pipistrellus,0.023,0.025,-1,Echolocation,/mnt/ubna_data_01_mir/recover-20220825/UBNA_002/20220823_033000.WAV,Telephone Field,recover-20220825,002,1795
697.7545,697.7915,68437,82424,Rhinolophus ferrumequinum,0.022,0.022,-1,Echolocation,/mnt/ubna_data_01_mir/recover-20220825/UBNA_002/20220823_033000.WAV,Telephone Field,recover-20220825,002,1795
697.7625,697.7706,28046,39082,Eptesicus serotinus,0.008,0.025,-1,Echolocation,/mnt/ubna_data_01_mir/recover-20220825/UBNA_002/20220823_033000.WAV,Telephone Field,recover-20220825,002,1795
697.7765,697.8171,68437,82650,Rhinolophus ferrumequinum,0.024,0.024,-1,Echolocation,/mnt/ubna_data_01_mir/recover-20220825/UBNA_002/20220823_033000.WAV,Telephone Field,recover-20220825,002,1795
697.8005,697.8405,68437,82341,Rhinolophus ferrumequinum,0.024,0.025,-1,Echolocation,/mnt/ubna_data_01_mir/recover-20220825/UBNA_002/20220823_033000.WAV,Telephone Field,recover-20220825,002,1795
697.8365,697.8745,68437,81739,Rhinolophus ferrumequinum,0.024,0.024,-1,Echolocation,/mnt/ubna_data_01_mir/recover-20220825/UBNA_002/20220823_033000.WAV,Telephone Field,recover-20220825,002,1795
697.8415,697.8506,25468,33682,Eptesicus serotinus,0.008,0.028,-1,Echolocation,/mnt/ubna_data_01_mir/recover-20220825/UBNA_002/20220823_033000.WAV,Telephone Field,recover-20220825,002,1795
697.8625,697.902,68437,82321,Rhinolophus ferrumequinum,0.03,0.03,-1,Echolocation,/mnt/ubna_data_01_mir/recover-20220825/UBNA_002/20220823_033000.WAV,Telephone Field,recover-20220825,002,1795
697.8865,697.8929,25468,40384,Myotis nattereri,0.005,0.023,-1,Echolocation,/mnt/ubna_data_01_mir/recover-20220825/UBNA_002/20220823_033000.WAV,Telephone Field,recover-20220825,002,1795
697.8995,697.9387,68437,83019,Rhinolophus ferrumequinum,0.022,0.022,-1,Echolocation,/mnt/ubna_data_01_mir/recover-20220825/UBNA_002/20220823_033000.WAV,Telephone Field,recover-20220825,002,1795
697.9045,697.9172,23750,27915,Nyctalus leisleri,0.014,0.026,-1,Echolocation,/mnt/ubna_data_01_mir/recover-20220825/UBNA_002/20220823_033000.WAV,Telephone Field,recover-20220825,002,1795
697.9045,697.9448,68437,82914,Rhinolophus ferrumequinum,0.022,0.022,-1,Echolocation,/mnt/ubna_data_01_mir/recover-20220825/UBNA_002/20220823_033000.WAV,Telephone Field,recover-20220825,002,1795
697.9095,697.9518,68437,83052,Rhinolophus ferrumequinum,0.022,0.022,-1,Echolocation,/mnt/ubna_data_01_mir/recover-20220825/UBNA_002/20220823_033000.WAV,Telephone Field,recover-20220825,002,1795
697.9355,697.9737,68437,82015,Rhinolophus ferrumequinum,0.022,0.022,-1,Echolocation,/mnt/ubna_data_01_mir/recover-20220825/UBNA_002/20220823_033000.WAV,Telephone Field,recover-20220825,002,1795
697.9495,697.9594,23750,30987,Nyctalus leisleri,0.007,0.022,-1,Echolocation,/mnt/ubna_data_01_mir/recover-20220825/UBNA_002/20220823_033000.WAV,Telephone Field,recover-20220825,002,1795
697.9835,697.9928,23750,30432,Nyctalus leisleri,0.008,0.022,-1,Echolocation,/mnt/ubna_data_01_mir/recover-20220825/UBNA_002/20220823_033000.WAV,Telephone Field,recover-20220825,002,1795
698.0015,698.0096,46953,53597,Pipistrellus pipistrellus,0.018,0.022,-1,Echolocation,/mnt/ubna_data_01_mir/recover-20220825/UBNA_002/20220823_033000.WAV,Telephone Field,recover-20220825,002,1795
698.0015,698.0132,21171,26697,Nyctalus leisleri,0.012,0.032,-1,Echolocation,/mnt/ubna_data_01_mir/recover-20220825/UBNA_002/20220823_033000.WAV,Telephone Field,recover-20220825,002,1795
698.0345,698.0438,28046,41369,Eptesicus serotinus,0.008,0.021,-1,Echolocation,/mnt/ubna_data_01_mir/recover-20220825/UBNA_002/20220823_033000.WAV,Telephone Field,recover-20220825,002,1795
698.0485,698.0858,68437,82167,Rhinolophus ferrumequinum,0.024,0.024,-1,Echolocation,/mnt/ubna_data_01_mir/recover-20220825/UBNA_002/20220823_033000.WAV,Telephone Field,recover-20220825,002,1795
698.0545,698.0924,68437,82230,Rhinolophus ferrumequinum,0.021,0.021,-1,Echolocation,/mnt/ubna_data_01_mir/recover-20220825/UBNA_002/20220823_033000.WAV,Telephone Field,recover-20220825,002,1795
698.0785,698.1183,68437,82373,Rhinolophus ferrumequinum,0.028,0.028,-1,Echolocation,/mnt/ubna_data_01_mir/recover-20220825/UBNA_002/20220823_033000.WAV,Telephone Field,recover-20220825,002,1795
698.0815,698.0924,34062,40669,Eptesicus serotinus,0.006,0.024,-1,Echolocation,/mnt/ubna_data_01_mir/recover-20220825/UBNA_002/20220823_033000.WAV,Telephone Field,recover-20220825,002,1795
698.0815,698.0902,28046,40060,Eptesicus serotinus,0.009,0.023,-1,Echolocation,/mnt/ubna_data_01_mir/recover-20220825/UBNA_002/20220823_033000.WAV,Telephone Field,recover-20220825,002,1795
698.0955,698.1279,68437,80737,Rhinolophus ferrumequinum,0.022,0.022,-1,Echolocation,/mnt/ubna_data_01_mir/recover-20220825/UBNA_002/20220823_033000.WAV,Telephone Field,recover-20220825,002,1795
698.1305,698.1397,26328,34136,Eptesicus serotinus,0.01,0.025,-1,Echolocation,/mnt/ubna_data_01_mir/recover-20220825/UBNA_002/20220823_033000.WAV,Telephone Field,recover-20220825,002,1795
698.1825,698.2194,68437,81663,Rhinolophus ferrumequinum,0.022,0.022,-1,Echolocation,/mnt/ubna_data_01_mir/recover-20220825/UBNA_002/20220823_033000.WAV,Telephone Field,recover-20220825,002,1795
698.1985,698.2415,68437,83120,Rhinolophus ferrumequinum,0.041,0.041,-1,Echolocation,/mnt/ubna_data_01_mir/recover-20220825/UBNA_002/20220823_033000.WAV,Telephone Field,recover-20220825,002,1795
698.2155,698.2261,28906,36932,Eptesicus serotinus,0.014,0.027,-1,Echolocation,/mnt/ubna_data_01_mir/recover-20220825/UBNA_002/20220823_033000.WAV,Telephone Field,recover-20220825,002,1795
698.2375,698.2757,68437,82089,Rhinolophus ferrumequinum,0.028,0.028,-1,Echolocation,/mnt/ubna_data_01_mir/recover-20220825/UBNA_002/20220823_033000.WAV,Telephone Field,recover-20220825,002,1795
698.2705,698.3107,68437,82468,Rhinolophus ferrumequinum,0.025,0.025,-1,Echolocation,/mnt/ubna_data_01_mir/recover-20220825/UBNA_002/20220823_033000.WAV,Telephone Field,recover-20220825,002,1795
698.2815,698.3191,68437,81791,Rhinolophus ferrumequinum,0.022,0.022,-1,Echolocation,/mnt/ubna_data_01_mir/recover-20220825/UBNA_002/20220823_033000.WAV,Telephone Field,recover-20220825,002,1795
698.3045,698.3133,49531,58615,Pipistrellus pipistrellus,0.018,0.022,-1,Echolocation,/mnt/ubna_data_01_mir/recover-20220825/UBNA_002/20220823_033000.WAV,Telephone Field,recover-20220825,002,1795
698.3265,698.3645,68437,82394,Rhinolophus ferrumequinum,0.03,0.03,-1,Echolocation,/mnt/ubna_data_01_mir/recover-20220825/UBNA_002/20220823_033000.WAV,Telephone Field,recover-20220825,002,1795
698.3405,698.384,68437,83275,Rhinolophus ferrumequinum,0.029,0.029,-1,Echolocation,/mnt/ubna_data_01_mir/recover-20220825/UBNA_002/20220823_033000.WAV,Telephone Field,recover-20220825,002,1795
698.3445,698.3624,21171,24730,Nyctalus leisleri,0.011,0.021,-1,Echolocation,/mnt/ubna_data_01_mir/recover-20220825/UBNA_002/20220823_033000.WAV,Telephone Field,recover-20220825,002,1795
698.3515,698.3581,28046,41901,Eptesicus serotinus,0.007,0.024,-1,Echolocation,/mnt/ubna_data_01_mir/recover-20220825/UBNA_002/20220823_033000.WAV,Telephone Field,recover-20220825,002,1795
698.3595,698.4003,68437,82560,Rhinolophus ferrumequinum,0.022,0.022,-1,Echolocation,/mnt/ubna_data_01_mir/recover-20220825/UBNA_002/20220823_033000.WAV,Telephone Field,recover-20220825,002,1795
698.4165,698.4558,68437,82304,Rhinolophus ferrumequinum,0.023,0.023,-1,Echolocation,/mnt/ubna_data_01_mir/recover-20220825/UBNA_002/20220823_033000.WAV,Telephone Field,recover-20220825,002,1795
698.4315,698.4722,68437,82564,Rhinolophus ferrumequinum,0.026,0.026,-1,Echolocation,/mnt/ubna_data_01_mir/recover-20220825/UBNA_002/20220823_033000.WAV,Telephone Field,recover-20220825,002,1795
698.4385,698.4495,30625,37786,Eptesicus serotinus,0.017,0.032,-1,Echolocation,/mnt/ubna_data_01_mir/recover-20220825/UBNA_002/20220823_033000.WAV,Telephone Field,recover-20220825,002,1795
698.4495,698.4852,68437,81352,Rhinolophus ferrumequinum,0.021,0.021,-1,Echolocation,/mnt/ubna_data_01_mir/recover-20220825/UBNA_002/20220823_033000.WAV,Telephone Field,recover-20220825,002,1795
698.4605,698.4986,68437,81476,Rhinolophus ferrumequinum,0.024,0.024,-1,Echolocation,/mnt/ubna_data_01_mir/recover-20220825/UBNA_002/20220823_033000.WAV,Telephone Field,recover-20220825,002,1795
698.4665,698.5047,68437,81603,Rhinolophus ferrumequinum,0.022,0.022,-1,Echolocation,/mnt/ubna_data_01_mir/recover-20220825/UBNA_002/20220823_033000.WAV,Telephone Field,recover-20220825,002,1795
698.4755,698.4848,28906,37298,Eptesicus serotinus,0.012,0.026,-1,Echolocation,/mnt/ubna_data_01_mir/recover-20220825/UBNA_002/20220823_033000.WAV,Telephone Field,recover-20220825,002,1795
698.5215,698.5591,68437,81455,Rhinolophus ferrumequinum,0.025,0.025,-1,Echolocation,/mnt/ubna_data_01_mir/recover-20220825/UBNA_002/20220823_033000.WAV,Telephone Field,recover-20220825,002,1795
698.5425,698.5824,68437,82708,Rhinolophus ferrumequinum,0.022,0.022,-1,Echolocation,/mnt/ubna_data_01_mir/recover-20220825/UBNA_002/20220823_033000.WAV,Telephone Field,recover-20220825,002,1795
698.5615,698.6013,68437,82469,Rhinolophus ferrumequinum,0.025,0.025,-1,Echolocation,/mnt/ubna_data_01_mir/recover-20220825/UBNA_002/20220823_033000.WAV,Telephone Field,recover-20220825,002,1795
698.5815,698.6206999999999,68437,82600,Rhinolophus ferrumequinum,0.021,0.021,-1,Echolocation,/mnt/ubna_data_01_mir/recover-20220825/UBNA_002/20220823_033000.WAV,Telephone Field,recover-20220825,002,1795
698.5905,698.6281,68437,82279,Rhinolophus ferrumequinum,0.023,0.023,-1,Echolocation,/mnt/ubna_data_01_mir/recover-20220825/UBNA_002/20220823_033000.WAV,Telephone Field,recover-20220825,002,1795
698.5955,698.6036,27187,41352,Eptesicus serotinus,0.007,0.021,-1,Echolocation,/mnt/ubna_data_01_mir/recover-20220825/UBNA_002/20220823_033000.WAV,Telephone Field,recover-20220825,002,1795
698.6025,698.6395,68437,82359,Rhinolophus ferrumequinum,0.022,0.022,-1,Echolocation,/mnt/ubna_data_01_mir/recover-20220825/UBNA_002/20220823_033000.WAV,Telephone Field,recover-20220825,002,1795
698.6525,698.6898,68437,81559,Rhinolophus ferrumequinum,0.027,0.027,-1,Echolocation,/mnt/ubna_data_01_mir/recover-20220825/UBNA_002/20220823_033000.WAV,Telephone Field,recover-20220825,002,1795
698.6625,698.6836,18593,22407,Nyctalus noctula,0.043,0.069,-1,Echolocation,/mnt/ubna_data_01_mir/recover-20220825/UBNA_002/20220823_033000.WAV,Telephone Field,recover-20220825,002,1795
698.6725,698.7122,68437,82382,Rhinolophus ferrumequinum,0.024,0.024,-1,Echolocation,/mnt/ubna_data_01_mir/recover-20220825/UBNA_002/20220823_033000.WAV,Telephone Field,recover-20220825,002,1795
698.6785,698.6896,28906,37439,Eptesicus serotinus,0.012,0.026,-1,Echolocation,/mnt/ubna_data_01_mir/recover-20220825/UBNA_002/20220823_033000.WAV,Telephone Field,recover-20220825,002,1795
698.6885,698.6957,27187,37046,Eptesicus serotinus,0.008,0.024,-1,Echolocation,/mnt/ubna_data_01_mir/recover-20220825/UBNA_002/20220823_033000.WAV,Telephone Field,recover-20220825,002,1795
698.6905,698.7302,68437,83020,Rhinolophus ferrumequinum,0.024,0.024,-1,Echolocation,/mnt/ubna_data_01_mir/recover-20220825/UBNA_002/20220823_033000.WAV,Telephone Field,recover-20220825,002,1795
698.7095,698.7427,68437,81748,Rhinolophus ferrumequinum,0.023,0.023,-1,Echolocation,/mnt/ubna_data_01_mir/recover-20220825/UBNA_002/20220823_033000.WAV,Telephone Field,recover-20220825,002,1795
698.7265,698.7661,68437,81895,Rhinolophus ferrumequinum,0.023,0.023,-1,Echolocation,/mnt/ubna_data_01_mir/recover-20220825/UBNA_002/20220823_033000.WAV,Telephone Field,recover-20220825,002,1795
698.7335,698.7463,23750,29903,Nyctalus leisleri,0.011,0.026,-1,Echolocation,/mnt/ubna_data_01_mir/recover-20220825/UBNA_002/20220823_033000.WAV,Telephone Field,recover-20220825,002,1795
698.7645,698.774,28906,41733,Eptesicus serotinus,0.009,0.021,-1,Echolocation,/mnt/ubna_data_01_mir/recover-20220825/UBNA_002/20220823_033000.WAV,Telephone Field,recover-20220825,002,1795
698.7685,698.8039,68437,81563,Rhinolophus ferrumequinum,0.026,0.026,-1,Echolocation,/mnt/ubna_data_01_mir/recover-20220825/UBNA_002/20220823_033000.WAV,Telephone Field,recover-20220825,002,1795
698.7715,698.7807,28906,39389,Eptesicus serotinus,0.008,0.022,-1,Echolocation,/mnt/ubna_data_01_mir/recover-20220825/UBNA_002/20220823_033000.WAV,Telephone Field,recover-20220825,002,1795
698.8225,698.842,21171,24581,Nyctalus leisleri,0.022,0.042,-1,Echolocation,/mnt/ubna_data_01_mir/recover-20220825/UBNA_002/20220823_033000.WAV,Telephone Field,recover-20220825,002,1795
698.8475,698.8883,68437,82611,Rhinolophus ferrumequinum,0.024,0.024,-1,Echolocation,/mnt/ubna_data_01_mir/recover-20220825/UBNA_002/20220823_033000.WAV,Telephone Field,recover-20220825,002,1795
698.8555,698.866,27187,36378,Eptesicus serotinus,0.015,0.029,-1,Echolocation,/mnt/ubna_data_01_mir/recover-20220825/UBNA_002/20220823_033000.WAV,Telephone Field,recover-20220825,002,1795
698.8675,698.9077,68437,82374,Rhinolophus ferrumequinum,0.024,0.024,-1,Echolocation,/mnt/ubna_data_01_mir/recover-20220825/UBNA_002/20220823_033000.WAV,Telephone Field,recover-20220825,002,1795
698.8755,698.9117,68437,81864,Rhinolophus ferrumequinum,0.023,0.023,-1,Echolocation,/mnt/ubna_data_01_mir/recover-20220825/UBNA_002/20220823_033000.WAV,Telephone Field,recover-20220825,002,1795
698.8885,698.927,68437,82228,Rhinolophus ferrumequinum,0.024,0.024,-1,Echolocation,/mnt/ubna_data_01_mir/recover-20220825/UBNA_002/20220823_033000.WAV,Telephone Field,recover-20220825,002,1795
698.9345,698.97,68437,81731,Rhinolophus ferrumequinum,0.021,0.021,-1,Echolocation,/mnt/ubna_data_01_mir/recover-20220825/UBNA_002/20220823_033000.WAV,Telephone Field,recover-20220825,002,1795
698.9745,699.012,68437,82525,Rhinolophus ferrumequinum,0.027,0.027,-1,Echolocation,/mnt/ubna_data_01_mir/recover-20220825/UBNA_002/20220823_033000.WAV,Telephone Field,recover-20220825,002,1795
698.9875,699.0266,68437,81899,Rhinolophus ferrumequinum,0.023,0.023,-1,Echolocation,/mnt/ubna_data_01_mir/recover-20220825/UBNA_002/20220823_033000.WAV,Telephone Field,recover-20220825,002,1795
698.9935,699.0017,28046,38286,Eptesicus serotinus,0.007,0.021,-1,Echolocation,/mnt/ubna_data_01_mir/recover-20220825/UBNA_002/20220823_033000.WAV,Telephone Field,recover-20220825,002,1795
699.0265,699.0356,25468,35601,Eptesicus serotinus,0.011,0.025,-1,Echolocation,/mnt/ubna_data_01_mir/recover-20220825/UBNA_002/20220823_033000.WAV,Telephone Field,recover-20220825,002,1795
699.0295,699.0359,57265,63126,Pipistrellus pygmaeus,0.021,0.022,-1,Echolocation,/mnt/ubna_data_01_mir/recover-20220825/UBNA_002/20220823_033000.WAV,Telephone Field,recover-20220825,002,1795
699.0335,699.0784,68437,83476,Rhinolophus ferrumequinum,0.036,0.036,-1,Echolocation,/mnt/ubna_data_01_mir/recover-20220825/UBNA_002/20220823_033000.WAV,Telephone Field,recover-20220825,002,1795
699.0715,699.0912,20312,23513,Nyctalus leisleri,0.024,0.046,-1,Echolocation,/mnt/ubna_data_01_mir/recover-20220825/UBNA_002/20220823_033000.WAV,Telephone Field,recover-20220825,002,1795
699.0745,699.1152,68437,82475,Rhinolophus ferrumequinum,0.023,0.023,-1,Echolocation,/mnt/ubna_data_01_mir/recover-20220825/UBNA_002/20220823_033000.WAV,Telephone Field,recover-20220825,002,1795
699.0835,699.1199,68437,81516,Rhinolophus ferrumequinum,0.023,0.023,-1,Echolocation,/mnt/ubna_data_01_mir/recover-20220825/UBNA_002/20220823_033000.WAV,Telephone Field,recover-20220825,002,1795
699.0915,699.1282,68437,82573,Rhinolophus ferrumequinum,0.022,0.022,-1,Echolocation,/mnt/ubna_data_01_mir/recover-20220825/UBNA_002/20220823_033000.WAV,Telephone Field,recover-20220825,002,1795
699.0955,699.1025,24609,34026,Plecotus austriacus,0.009,0.024,-1,Echolocation,/mnt/ubna_data_01_mir/recover-20220825/UBNA_002/20220823_033000.WAV,Telephone Field,recover-20220825,002,1795
699.1055,699.1451,68437,82184,Rhinolophus ferrumequinum,0.023,0.023,-1,Echolocation,/mnt/ubna_data_01_mir/recover-20220825/UBNA_002/20220823_033000.WAV,Telephone Field,recover-20220825,002,1795
699.1175,699.1292,23750,29694,Nyctalus leisleri,0.013,0.029,-1,Echolocation,/mnt/ubna_data_01_mir/recover-20220825/UBNA_002/20220823_033000.WAV,Telephone Field,recover-20220825,002,1795
699.1535,699.1895,68437,81781,Rhinolophus ferrumequinum,0.021,0.021,-1,Echolocation,/mnt/ubna_data_01_mir/recover-20220825/UBNA_002/20220823_033000.WAV,Telephone Field,recover-20220825,002,1795
699.1645,699.1726,23750,31729,Plecotus austriacus,0.008,0.022,-1,Echolocation,/mnt/ubna_data_01_mir/recover-20220825/UBNA_002/20220823_033000.WAV,Telephone Field,recover-20220825,002,1795
699.1955,699.2351,68437,82800,Rhinolophus ferrumequinum,0.022,0.022,-1,Echolocation,/mnt/ubna_data_01_mir/recover-20220825/UBNA_002/20220823_033000.WAV,Telephone Field,recover-20220825,002,1795
699.2175,699.257,68437,82291,Rhinolophus ferrumequinum,0.024,0.024,-1,Echolocation,/mnt/ubna_data_01_mir/recover-20220825/UBNA_002/20220823_033000.WAV,Telephone Field,recover-20220825,002,1795
699.2715,699.3112,68437,81841,Rhinolophus ferrumequinum,0.025,0.025,-1,Echolocation,/mnt/ubna_data_01_mir/recover-20220825/UBNA_002/20220823_033000.WAV,Telephone Field,recover-20220825,002,1795
699.3205,699.3283,22890,31406,Plecotus austriacus,0.01,0.023,-1,Echolocation,/mnt/ubna_data_01_mir/recover-20220825/UBNA_002/20220823_033000.WAV,Telephone Field,recover-20220825,002,1795
699.3315,699.3695,68437,82339,Rhinolophus ferrumequinum,0.023,0.023,-1,Echolocation,/mnt/ubna_data_01_mir/recover-20220825/UBNA_002/20220823_033000.WAV,Telephone Field,recover-20220825,002,1795
699.3845,699.3941,24609,32347,Eptesicus serotinus,0.007,0.021,-1,Echolocation,/mnt/ubna_data_01_mir/recover-20220825/UBNA_002/20220823_033000.WAV,Telephone Field,recover-20220825,002,1795
699.3925,699.4309,68437,81958,Rhinolophus ferrumequinum,0.022,0.022,-1,Echolocation,/mnt/ubna_data_01_mir/recover-20220825/UBNA_002/20220823_033000.WAV,Telephone Field,recover-20220825,002,1795
699.4115,699.4491,68437,82099,Rhinolophus ferrumequinum,0.022,0.022,-1,Echolocation,/mnt/ubna_data_01_mir/recover-20220825/UBNA_002/20220823_033000.WAV,Telephone Field,recover-20220825,002,1795
699.4335,699.47,68437,82228,Rhinolophus ferrumequinum,0.029,0.029,-1,Echolocation,/mnt/ubna_data_01_mir/recover-20220825/UBNA_002/20220823_033000.WAV,Telephone Field,recover-20220825,002,1795
699.4345,699.447,28906,35774,Eptesicus serotinus,0.018,0.032,-1,Echolocation,/mnt/ubna_data_01_mir/recover-20220825/UBNA_002/20220823_033000.WAV,Telephone Field,recover-20220825,002,1795
699.4545,699.4948,68437,82955,Rhinolophus ferrumequinum,0.039,0.039,-1,Echolocation,/mnt/ubna_data_01_mir/recover-20220825/UBNA_002/20220823_033000.WAV,Telephone Field,recover-20220825,002,1795
699.4775,699.515,68437,82201,Rhinolophus ferrumequinum,0.022,0.022,-1,Echolocation,/mnt/ubna_data_01_mir/recover-20220825/UBNA_002/20220823_033000.WAV,Telephone Field,recover-20220825,002,1795
699.4805,699.4888,28046,39477,Eptesicus serotinus,0.008,0.021,-1,Echolocation,/mnt/ubna_data_01_mir/recover-20220825/UBNA_002/20220823_033000.WAV,Telephone Field,recover-20220825,002,1795
699.5235,699.535,40937,45833,Pipistrellus nathusii,0.055,0.081,-1,Echolocation,/mnt/ubna_data_01_mir/recover-20220825/UBNA_002/20220823_033000.WAV,Telephone Field,recover-20220825,002,1795
699.5445,699.5554,29765,35404,Eptesicus serotinus,0.015,0.029,-1,Echolocation,/mnt/ubna_data_01_mir/recover-20220825/UBNA_002/20220823_033000.WAV,Telephone Field,recover-20220825,002,1795
699.5595,699.5934,68437,81243,Rhinolophus ferrumequinum,0.021,0.021,-1,Echolocation,/mnt/ubna_data_01_mir/recover-20220825/UBNA_002/20220823_033000.WAV,Telephone Field,recover-20220825,002,1795
699.5725,699.6074,68437,81315,Rhinolophus ferrumequinum,0.022,0.022,-1,Echolocation,/mnt/ubna_data_01_mir/recover-20220825/UBNA_002/20220823_033000.WAV,Telephone Field,recover-20220825,002,1795
699.5865,699.5929,24609,38523,Plecotus austriacus,0.017,0.048,-1,Echolocation,/mnt/ubna_data_01_mir/recover-20220825/UBNA_002/20220823_033000.WAV,Telephone Field,recover-20220825,002,1795
699.6015,699.6413,68437,82389,Rhinolophus ferrumequinum,0.028,0.028,-1,Echolocation,/mnt/ubna_data_01_mir/recover-20220825/UBNA_002/20220823_033000.WAV,Telephone Field,recover-20220825,002,1795
699.6195,699.6309,22031,25980,Nyctalus leisleri,0.012,0.021,-1,Echolocation,/mnt/ubna_data_01_mir/recover-20220825/UBNA_002/20220823_033000.WAV,Telephone Field,recover-20220825,002,1795
699.6345,699.6456,28046,34394,Eptesicus serotinus,0.015,0.027,-1,Echolocation,/mnt/ubna_data_01_mir/recover-20220825/UBNA_002/20220823_033000.WAV,Telephone Field,recover-20220825,002,1795
699.6345,699.6733,68437,82357,Rhinolophus ferrumequinum,0.021,0.021,-1,Echolocation,/mnt/ubna_data_01_mir/recover-20220825/UBNA_002/20220823_033000.WAV,Telephone Field,recover-20220825,002,1795
699.6635,699.7014,68437,82002,Rhinolophus ferrumequinum,0.021,0.021,-1,Echolocation,/mnt/ubna_data_01_mir/recover-20220825/UBNA_002/20220823_033000.WAV,Telephone Field,recover-20220825,002,1795
699.6685,699.6794,28906,36500,Eptesicus serotinus,0.013,0.026,-1,Echolocation,/mnt/ubna_data_01_mir/recover-20220825/UBNA_002/20220823_033000.WAV,Telephone Field,recover-20220825,002,1795
699.6845,699.7206,68437,82254,Rhinolophus ferrumequinum,0.026,0.027,-1,Echolocation,/mnt/ubna_data_01_mir/recover-20220825/UBNA_002/20220823_033000.WAV,Telephone Field,recover-20220825,002,1795
699.7235,699.7623,68437,81797,Rhinolophus ferrumequinum,0.022,0.023,-1,Echolocation,/mnt/ubna_data_01_mir/recover-20220825/UBNA_002/20220823_033000.WAV,Telephone Field,recover-20220825,002,1795
699.7385,699.7465,46953,55382,Pipistrellus pipistrellus,0.02,0.022,-1,Echolocation,/mnt/ubna_data_01_mir/recover-20220825/UBNA_002/20220823_033000.WAV,Telephone Field,recover-20220825,002,1795
699.7415,699.7521,24609,31877,Eptesicus serotinus,0.008,0.022,-1,Echolocation,/mnt/ubna_data_01_mir/recover-20220825/UBNA_002/20220823_033000.WAV,Telephone Field,recover-20220825,002,1795
699.7785,699.7964,22890,27235,Nyctalus leisleri,0.014,0.028,-1,Echolocation,/mnt/ubna_data_01_mir/recover-20220825/UBNA_002/20220823_033000.WAV,Telephone Field,recover-20220825,002,1795
699.7895,699.8295,68437,82885,Rhinolophus ferrumequinum,0.027,0.027,-1,Echolocation,/mnt/ubna_data_01_mir/recover-20220825/UBNA_002/20220823_033000.WAV,Telephone Field,recover-20220825,002,1795
699.8265,699.862,68437,81407,Rhinolophus ferrumequinum,0.03,0.03,-1,Echolocation,/mnt/ubna_data_01_mir/recover-20220825/UBNA_002/20220823_033000.WAV,Telephone Field,recover-20220825,002,1795
699.8355,699.8724,68437,81038,Rhinolophus ferrumequinum,0.025,0.025,-1,Echolocation,/mnt/ubna_data_01_mir/recover-20220825/UBNA_002/20220823_033000.WAV,Telephone Field,recover-20220825,002,1795
699.8415,699.8489,27187,38346,Eptesicus serotinus,0.007,0.022,-1,Echolocation,/mnt/ubna_data_01_mir/recover-20220825/UBNA_002/20220823_033000.WAV,Telephone Field,recover-20220825,002,1795
699.8715,699.8784,28046,39436,Eptesicus serotinus,0.008,0.026,-1,Echolocation,/mnt/ubna_data_01_mir/recover-20220825/UBNA_002/20220823_033000.WAV,Telephone Field,recover-20220825,002,1795
699.8875,699.8994,48671,53000,Pipistrellus pipistrellus,0.021,0.024,-1,Echolocation,/mnt/ubna_data_01_mir/recover-20220825/UBNA_002/20220823_033000.WAV,Telephone Field,recover-20220825,002,1795
699.9005,699.9367,68437,81224,Rhinolophus ferrumequinum,0.023,0.023,-1,Echolocation,/mnt/ubna_data_01_mir/recover-20220825/UBNA_002/20220823_033000.WAV,Telephone Field,recover-20220825,002,1795
699.9545,699.9948,68437,82976,Rhinolophus ferrumequinum,0.027,0.027,-1,Echolocation,/mnt/ubna_data_01_mir/recover-20220825/UBNA_002/20220823_033000.WAV,Telephone Field,recover-20220825,002,1795
699.9725,699.9816,28046,38542,Eptesicus serotinus,0.01,0.025,-1,Echolocation,/mnt/ubna_data_01_mir/recover-20220825/UBNA_002/20220823_033000.WAV,Telephone Field,recover-20220825,002,1795
700.0015,700.0082,39218,49046,Myotis brandtii,0.009,0.027,-1,Echolocation,/mnt/ubna_data_01_mir/recover-20220825/UBNA_002/20220823_033000.WAV,Telephone Field,recover-20220825,002,1795
700.0015,700.0119,24609,32213,Nyctalus leisleri,0.011,0.036,-1,Echolocation,/mnt/ubna_data_01_mir/recover-20220825/UBNA_002/20220823_033000.WAV,Telephone Field,recover-20220825,002,1795
700.0015,700.0112,49531,58974,Pipistrellus pipistrellus,0.018,0.036,-1,Echolocation,/mnt/ubna_data_01_mir/recover-20220825/UBNA_002/20220823_033000.WAV,Telephone Field,recover-20220825,002,1795
700.0165,700.0253,28046,38858,Eptesicus serotinus,0.009,0.022,-1,Echolocation,/mnt/ubna_data_01_mir/recover-20220825/UBNA_002/20220823_033000.WAV,Telephone Field,recover-20220825,002,1795
700.0175,700.0235,47812,53357,Pipistrellus pipistrellus,0.023,0.026,-1,Echolocation,/mnt/ubna_data_01_mir/recover-20220825/UBNA_002/20220823_033000.WAV,Telephone Field,recover-20220825,002,1795
700.0305,700.0404,55546,63858,Pipistrellus pygmaeus,0.023,0.023,-1,Echolocation,/mnt/ubna_data_01_mir/recover-20220825/UBNA_002/20220823_033000.WAV,Telephone Field,recover-20220825,002,1795
700.0495,700.0574,27187,38063,Eptesicus serotinus,0.009,0.026,-1,Echolocation,/mnt/ubna_data_01_mir/recover-20220825/UBNA_002/20220823_033000.WAV,Telephone Field,recover-20220825,002,1795
700.0585,700.0674,33203,39644,Barbastellus barbastellus,0.008,0.022,-1,Echolocation,/mnt/ubna_data_01_mir/recover-20220825/UBNA_002/20220823_033000.WAV,Telephone Field,recover-20220825,002,1795
700.0775,700.0854,40937,50870,Pipistrellus nathusii,0.291,0.406,-1,Echolocation,/mnt/ubna_data_01_mir/recover-20220825/UBNA_002/20220823_033000.WAV,Telephone Field,recover-20220825,002,1795
700.0905,700.0986,26328,35266,Eptesicus serotinus,0.009,0.025,-1,Echolocation,/mnt/ubna_data_01_mir/recover-20220825/UBNA_002/20220823_033000.WAV,Telephone Field,recover-20220825,002,1795
700.1085,700.1504,68437,83288,Rhinolophus ferrumequinum,0.03,0.03,-1,Echolocation,/mnt/ubna_data_01_mir/recover-20220825/UBNA_002/20220823_033000.WAV,Telephone Field,recover-20220825,002,1795
700.1155,700.1226,28906,40880,Myotis daubentonii,0.008,0.031,-1,Echolocation,/mnt/ubna_data_01_mir/recover-20220825/UBNA_002/20220823_033000.WAV,Telephone Field,recover-20220825,002,1795
700.1405,700.1466,38359,53754,Myotis brandtii,0.017,0.037,-1,Echolocation,/mnt/ubna_data_01_mir/recover-20220825/UBNA_002/20220823_033000.WAV,Telephone Field,recover-20220825,002,1795
700.1625,700.1757,15156,20587,Nyctalus noctula,0.014,0.024,-1,Echolocation,/mnt/ubna_data_01_mir/recover-20220825/UBNA_002/20220823_033000.WAV,Telephone Field,recover-20220825,002,1795
700.1705,700.178,27187,39828,Eptesicus serotinus,0.007,0.022,-1,Echolocation,/mnt/ubna_data_01_mir/recover-20220825/UBNA_002/20220823_033000.WAV,Telephone Field,recover-20220825,002,1795
700.1785,700.1862,39218,47713,Pipistrellus nathusii,0.461,0.484,-1,Echolocation,/mnt/ubna_data_01_mir/recover-20220825/UBNA_002/20220823_033000.WAV,Telephone Field,recover-20220825,002,1795
700.1895,700.199,28046,34804,Eptesicus serotinus,0.007,0.023,-1,Echolocation,/mnt/ubna_data_01_mir/recover-20220825/UBNA_002/20220823_033000.WAV,Telephone Field,recover-20220825,002,1795
700.2135,700.2242,35781,40111,Pipistrellus nathusii,0.019,0.037,-1,Echolocation,/mnt/ubna_data_01_mir/recover-20220825/UBNA_002/20220823_033000.WAV,Telephone Field,recover-20220825,002,1795
700.2145,700.222,27187,38425,Eptesicus serotinus,0.008,0.022,-1,Echolocation,/mnt/ubna_data_01_mir/recover-20220825/UBNA_002/20220823_033000.WAV,Telephone Field,recover-20220825,002,1795
700.2235,700.233,54687,59316,Pipistrellus pygmaeus,0.024,0.025,-1,Echolocation,/mnt/ubna_data_01_mir/recover-20220825/UBNA_002/20220823_033000.WAV,Telephone Field,recover-20220825,002,1795
700.2285,700.2354,32343,41468,Barbastellus barbastellus,0.016,0.029,-1,Echolocation,/mnt/ubna_data_01_mir/recover-20220825/UBNA_002/20220823_033000.WAV,Telephone Field,recover-20220825,002,1795
700.2675,700.2794,41796,46163,Pipistrellus nathusii,0.144,0.156,-1,Echolocation,/mnt/ubna_data_01_mir/recover-20220825/UBNA_002/20220823_033000.WAV,Telephone Field,recover-20220825,002,1795
700.2825,700.2897,30625,42897,Myotis daubentonii,0.014,0.041,-1,Echolocation,/mnt/ubna_data_01_mir/recover-20220825/UBNA_002/20220823_033000.WAV,Telephone Field,recover-20220825,002,1795
700.3185,700.327,48671,51974,Pipistrellus pipistrellus,0.029,0.036,-1,Echolocation,/mnt/ubna_data_01_mir/recover-20220825/UBNA_002/20220823_033000.WAV,Telephone Field,recover-20220825,002,1795
700.3325,700.3402,27187,37959,Eptesicus serotinus,0.01,0.027,-1,Echolocation,/mnt/ubna_data_01_mir/recover-20220825/UBNA_002/20220823_033000.WAV,Telephone Field,recover-20220825,002,1795
700.3335,700.3403,32343,42729,Barbastellus barbastellus,0.008,0.023,-1,Echolocation,/mnt/ubna_data_01_mir/recover-20220825/UBNA_002/20220823_033000.WAV,Telephone Field,recover-20220825,002,1795
700.3715,700.3802,40078,46885,Pipistrellus nathusii,0.237,0.291,-1,Echolocation,/mnt/ubna_data_01_mir/recover-20220825/UBNA_002/20220823_033000.WAV,Telephone Field,recover-20220825,002,1795
700.3945,700.4301,68437,81687,Rhinolophus ferrumequinum,0.022,0.022,-1,Echolocation,/mnt/ubna_data_01_mir/recover-20220825/UBNA_002/20220823_033000.WAV,Telephone Field,recover-20220825,002,1795
700.3995,700.4068,41796,51988,Pipistrellus nathusii,0.009,0.022,-1,Echolocation,/mnt/ubna_data_01_mir/recover-20220825/UBNA_002/20220823_033000.WAV,Telephone Field,recover-20220825,002,1795
700.4035,700.4155,23750,30207,Eptesicus serotinus,0.013,0.038,-1,Echolocation,/mnt/ubna_data_01_mir/recover-20220825/UBNA_002/20220823_033000.WAV,Telephone Field,recover-20220825,002,1795
700.4235,700.4314,37500,46698,Pipistrellus nathusii,0.022,0.042,-1,Echolocation,/mnt/ubna_data_01_mir/recover-20220825/UBNA_002/20220823_033000.WAV,Telephone Field,recover-20220825,002,1795
700.4275,700.4382,26328,33557,Eptesicus serotinus,0.018,0.037,-1,Echolocation,/mnt/ubna_data_01_mir/recover-20220825/UBNA_002/20220823_033000.WAV,Telephone Field,recover-20220825,002,1795
700.4385,700.4464,28046,40112,Eptesicus serotinus,0.008,0.024,-1,Echolocation,/mnt/ubna_data_01_mir/recover-20220825/UBNA_002/20220823_033000.WAV,Telephone Field,recover-20220825,002,1795
700.4615,700.4679,40078,48857,Pipistrellus nathusii,0.217,0.283,-1,Echolocation,/mnt/ubna_data_01_mir/recover-20220825/UBNA_002/20220823_033000.WAV,Telephone Field,recover-20220825,002,1795
700.4735,700.483,27187,33380,Eptesicus serotinus,0.01,0.027,-1,Echolocation,/mnt/ubna_data_01_mir/recover-20220825/UBNA_002/20220823_033000.WAV,Telephone Field,recover-20220825,002,1795
700.5435,700.55,39218,52678,Pipistrellus nathusii,0.457,0.555,-1,Echolocation,/mnt/ubna_data_01_mir/recover-20220825/UBNA_002/20220823_033000.WAV,Telephone Field,recover-20220825,002,1795
700.5735,700.5803,48671,57261,Pipistrellus pipistrellus,0.021,0.026,-1,Echolocation,/mnt/ubna_data_01_mir/recover-20220825/UBNA_002/20220823_033000.WAV,Telephone Field,recover-20220825,002,1795
700.6155,700.621,39218,55162,Pipistrellus nathusii,0.332,0.483,-1,Echolocation,/mnt/ubna_data_01_mir/recover-20220825/UBNA_002/20220823_033000.WAV,Telephone Field,recover-20220825,002,1795
700.6805,700.6883,27187,34837,Eptesicus serotinus,0.007,0.022,-1,Echolocation,/mnt/ubna_data_01_mir/recover-20220825/UBNA_002/20220823_033000.WAV,Telephone Field,recover-20220825,002,1795
700.6955,700.7015,39218,50572,Pipistrellus nathusii,0.441,0.53,-1,Echolocation,/mnt/ubna_data_01_mir/recover-20220825/UBNA_002/20220823_033000.WAV,Telephone Field,recover-20220825,002,1795
700.7065,700.7156,27187,33514,Eptesicus serotinus,0.007,0.023,-1,Echolocation,/mnt/ubna_data_01_mir/recover-20220825/UBNA_002/20220823_033000.WAV,Telephone Field,recover-20220825,002,1795
700.7375,700.7466,27187,38480,Eptesicus serotinus,0.014,0.033,-1,Echolocation,/mnt/ubna_data_01_mir/recover-20220825/UBNA_002/20220823_033000.WAV,Telephone Field,recover-20220825,002,1795
700.7405,700.7466,34062,45239,Barbastellus barbastellus,0.011,0.029,-1,Echolocation,/mnt/ubna_data_01_mir/recover-20220825/UBNA_002/20220823_033000.WAV,Telephone Field,recover-20220825,002,1795
700.7635,700.7694,39218,54285,Pipistrellus nathusii,0.296,0.492,-1,Echolocation,/mnt/ubna_data_01_mir/recover-20220825/UBNA_002/20220823_033000.WAV,Telephone Field,recover-20220825,002,1795
700.8125,700.8202,54687,62494,Pipistrellus pygmaeus,0.033,0.034,-1,Echolocation,/mnt/ubna_data_01_mir/recover-20220825/UBNA_002/20220823_033000.WAV,Telephone Field,recover-20220825,002,1795
700.8175,700.8254,27187,37146,Eptesicus serotinus,0.01,0.026,-1,Echolocation,/mnt/ubna_data_01_mir/recover-20220825/UBNA_002/20220823_033000.WAV,Telephone Field,recover-20220825,002,1795
700.8185,700.8247,39218,58244,Myotis brandtii,0.01,0.022,-1,Echolocation,/mnt/ubna_data_01_mir/recover-20220825/UBNA_002/20220823_033000.WAV,Telephone Field,recover-20220825,002,1795
700.8345,700.8406,39218,50390,Pipistrellus nathusii,0.328,0.48,-1,Echolocation,/mnt/ubna_data_01_mir/recover-20220825/UBNA_002/20220823_033000.WAV,Telephone Field,recover-20220825,002,1795
700.9215,700.9272,39218,55924,Pipistrellus nathusii,0.188,0.427,-1,Echolocation,/mnt/ubna_data_01_mir/recover-20220825/UBNA_002/20220823_033000.WAV,Telephone Field,recover-20220825,002,1795
701.0145,701.0197000000001,39218,53500,Pipistrellus nathusii,0.245,0.333,-1,Echolocation,/mnt/ubna_data_01_mir/recover-20220825/UBNA_002/20220823_033000.WAV,Telephone Field,recover-20220825,002,1795
701.0595,701.0962,68437,82058,Rhinolophus ferrumequinum,0.022,0.022,-1,Echolocation,/mnt/ubna_data_01_mir/recover-20220825/UBNA_002/20220823_033000.WAV,Telephone Field,recover-20220825,002,1795
701.0695,701.0787,26328,32978,Eptesicus serotinus,0.012,0.027,-1,Echolocation,/mnt/ubna_data_01_mir/recover-20220825/UBNA_002/20220823_033000.WAV,Telephone Field,recover-20220825,002,1795
701.0955,701.1006,39218,59135,Pipistrellus nathusii,0.195,0.398,-1,Echolocation,/mnt/ubna_data_01_mir/recover-20220825/UBNA_002/20220823_033000.WAV,Telephone Field,recover-20220825,002,1795
701.1335,701.1416,27187,39196,Eptesicus serotinus,0.008,0.023,-1,Echolocation,/mnt/ubna_data_01_mir/recover-20220825/UBNA_002/20220823_033000.WAV,Telephone Field,recover-20220825,002,1795
701.1345,701.1461,37500,42838,Pipistrellus nathusii,0.058,0.07,-1,Echolocation,/mnt/ubna_data_01_mir/recover-20220825/UBNA_002/20220823_033000.WAV,Telephone Field,recover-20220825,002,1795
701.1635,701.1694,39218,53516,Pipistrellus nathusii,0.265,0.381,-1,Echolocation,/mnt/ubna_data_01_mir/recover-20220825/UBNA_002/20220823_033000.WAV,Telephone Field,recover-20220825,002,1795
701.1725,701.1803,26328,34823,Eptesicus serotinus,0.009,0.027,-1,Echolocation,/mnt/ubna_data_01_mir/recover-20220825/UBNA_002/20220823_033000.WAV,Telephone Field,recover-20220825,002,1795
701.1815,701.1921,24609,29880,Nyctalus leisleri,0.01,0.024,-1,Echolocation,/mnt/ubna_data_01_mir/recover-20220825/UBNA_002/20220823_033000.WAV,Telephone Field,recover-20220825,002,1795
701.1895,701.1999,24609,30513,Nyctalus leisleri,0.008,0.023,-1,Echolocation,/mnt/ubna_data_01_mir/recover-20220825/UBNA_002/20220823_033000.WAV,Telephone Field,recover-20220825,002,1795
701.1965,701.2041,28046,38693,Eptesicus serotinus,0.01,0.025,-1,Echolocation,/mnt/ubna_data_01_mir/recover-20220825/UBNA_002/20220823_033000.WAV,Telephone Field,recover-20220825,002,1795
701.2315,701.2375,39218,60626,Pipistrellus nathusii,0.202,0.415,-1,Echolocation,/mnt/ubna_data_01_mir/recover-20220825/UBNA_002/20220823_033000.WAV,Telephone Field,recover-20220825,002,1795
701.2405,701.2481,27187,34206,Eptesicus serotinus,0.008,0.026,-1,Echolocation,/mnt/ubna_data_01_mir/recover-20220825/UBNA_002/20220823_033000.WAV,Telephone Field,recover-20220825,002,1795
701.2965,701.3062,46953,50191,Pipistrellus pipistrellus,0.029,0.038,-1,Echolocation,/mnt/ubna_data_01_mir/recover-20220825/UBNA_002/20220823_033000.WAV,Telephone Field,recover-20220825,002,1795
701.3075,701.3145,28046,35555,Eptesicus serotinus,0.008,0.025,-1,Echolocation,/mnt/ubna_data_01_mir/recover-20220825/UBNA_002/20220823_033000.WAV,Telephone Field,recover-20220825,002,1795
701.3195,701.3256,40078,56687,Pipistrellus nathusii,0.313,0.495,-1,Echolocation,/mnt/ubna_data_01_mir/recover-20220825/UBNA_002/20220823_033000.WAV,Telephone Field,recover-20220825,002,1795
701.3265,701.3386,16015,21737,Nyctalus noctula,0.015,0.031,-1,Echolocation,/mnt/ubna_data_01_mir/recover-20220825/UBNA_002/20220823_033000.WAV,Telephone Field,recover-20220825,002,1795
701.3275,701.3358,27187,33110,Eptesicus serotinus,0.007,0.024,-1,Echolocation,/mnt/ubna_data_01_mir/recover-20220825/UBNA_002/20220823_033000.WAV,Telephone Field,recover-20220825,002,1795
701.3325,701.3415,27187,33226,Eptesicus serotinus,0.007,0.023,-1,Echolocation,/mnt/ubna_data_01_mir/recover-20220825/UBNA_002/20220823_033000.WAV,Telephone Field,recover-20220825,002,1795
701.3755,701.3824,54687,65734,Pipistrellus pygmaeus,0.025,0.026,-1,Echolocation,/mnt/ubna_data_01_mir/recover-20220825/UBNA_002/20220823_033000.WAV,Telephone Field,recover-20220825,002,1795
701.3755,701.385,41796,51799,Pipistrellus nathusii,0.018,0.029,-1,Echolocation,/mnt/ubna_data_01_mir/recover-20220825/UBNA_002/20220823_033000.WAV,Telephone Field,recover-20220825,002,1795
701.3765,701.385,28046,35916,Eptesicus serotinus,0.01,0.028,-1,Echolocation,/mnt/ubna_data_01_mir/recover-20220825/UBNA_002/20220823_033000.WAV,Telephone Field,recover-20220825,002,1795
701.3995,701.4113,48671,54036,Pipistrellus pipistrellus,0.023,0.04,-1,Echolocation,/mnt/ubna_data_01_mir/recover-20220825/UBNA_002/20220823_033000.WAV,Telephone Field,recover-20220825,002,1795
701.4045,701.4104,39218,60197,Pipistrellus nathusii,0.17,0.401,-1,Echolocation,/mnt/ubna_data_01_mir/recover-20220825/UBNA_002/20220823_033000.WAV,Telephone Field,recover-20220825,002,1795
701.4375,701.4456,28906,37300,Eptesicus serotinus,0.01,0.025,-1,Echolocation,/mnt/ubna_data_01_mir/recover-20220825/UBNA_002/20220823_033000.WAV,Telephone Field,recover-20220825,002,1795
701.4505,701.4884,68437,82650,Rhinolophus ferrumequinum,0.03,0.03,-1,Echolocation,/mnt/ubna_data_01_mir/recover-20220825/UBNA_002/20220823_033000.WAV,Telephone Field,recover-20220825,002,1795
701.4545,701.4612,47812,55665,Pipistrellus pipistrellus,0.025,0.028,-1,Echolocation,/mnt/ubna_data_01_mir/recover-20220825/UBNA_002/20220823_033000.WAV,Telephone Field,recover-20220825,002,1795
701.4815,701.4884,47812,58390,Pipistrellus pipistrellus,0.018,0.026,-1,Echolocation,/mnt/ubna_data_01_mir/recover-20220825/UBNA_002/20220823_033000.WAV,Telephone Field,recover-20220825,002,1795
701.4845,701.4939,25468,32101,Eptesicus serotinus,0.009,0.024,-1,Echolocation,/mnt/ubna_data_01_mir/recover-20220825/UBNA_002/20220823_033000.WAV,Telephone Field,recover-20220825,002,1795
701.4965,701.5043000000001,41796,51589,Pipistrellus nathusii,0.296,0.397,-1,Echolocation,/mnt/ubna_data_01_mir/recover-20220825/UBNA_002/20220823_033000.WAV,Telephone Field,recover-20220825,002,1795
701.5425,701.5757,68437,81126,Rhinolophus ferrumequinum,0.025,0.025,-1,Echolocation,/mnt/ubna_data_01_mir/recover-20220825/UBNA_002/20220823_033000.WAV,Telephone Field,recover-20220825,002,1795
701.5725,701.5798,41796,54980,Pipistrellus nathusii,0.328,0.442,-1,Echolocation,/mnt/ubna_data_01_mir/recover-20220825/UBNA_002/20220823_033000.WAV,Telephone Field,recover-20220825,002,1795
701.6075,701.6179,28046,35467,Eptesicus serotinus,0.022,0.036,-1,Echolocation,/mnt/ubna_data_01_mir/recover-20220825/UBNA_002/20220823_033000.WAV,Telephone Field,recover-20220825,002,1795
701.6275,701.6366,15156,22037,Nyctalus noctula,0.009,0.023,-1,Echolocation,/mnt/ubna_data_01_mir/recover-20220825/UBNA_002/20220823_033000.WAV,Telephone Field,recover-20220825,002,1795
701.6365,701.6456,41796,54764,Pipistrellus nathusii,0.327,0.39,-1,Echolocation,/mnt/ubna_data_01_mir/recover-20220825/UBNA_002/20220823_033000.WAV,Telephone Field,recover-20220825,002,1795
701.6625,701.6757,56406,66675,Pipistrellus pygmaeus,0.023,0.023,-1,Echolocation,/mnt/ubna_data_01_mir/recover-20220825/UBNA_002/20220823_033000.WAV,Telephone Field,recover-20220825,002,1795
701.7085,701.7146,32343,42458,Myotis daubentonii,0.013,0.033,-1,Echolocation,/mnt/ubna_data_01_mir/recover-20220825/UBNA_002/20220823_033000.WAV,Telephone Field,recover-20220825,002,1795
701.7095,701.7161,27187,37687,Eptesicus serotinus,0.008,0.03,-1,Echolocation,/mnt/ubna_data_01_mir/recover-20220825/UBNA_002/20220823_033000.WAV,Telephone Field,recover-20220825,002,1795
701.7255,701.7367,41796,51186,Pipistrellus nathusii,0.55,0.601,-1,Echolocation,/mnt/ubna_data_01_mir/recover-20220825/UBNA_002/20220823_033000.WAV,Telephone Field,recover-20220825,002,1795
701.7575,701.7684,54687,62351,Pipistrellus pygmaeus,0.022,0.023,-1,Echolocation,/mnt/ubna_data_01_mir/recover-20220825/UBNA_002/20220823_033000.WAV,Telephone Field,recover-20220825,002,1795
701.7625,701.7701,53828,64483,Pipistrellus pygmaeus,0.019,0.022,-1,Echolocation,/mnt/ubna_data_01_mir/recover-20220825/UBNA_002/20220823_033000.WAV,Telephone Field,recover-20220825,002,1795
701.7795,701.7905,35781,40306,Pipistrellus nathusii,0.009,0.024,-1,Echolocation,/mnt/ubna_data_01_mir/recover-20220825/UBNA_002/20220823_033000.WAV,Telephone Field,recover-20220825,002,1795
701.7945,701.8042,41796,55857,Pipistrellus nathusii,0.385,0.462,-1,Echolocation,/mnt/ubna_data_01_mir/recover-20220825/UBNA_002/20220823_033000.WAV,Telephone Field,recover-20220825,002,1795
701.8065,701.8426,68437,81132,Rhinolophus ferrumequinum,0.023,0.024,-1,Echolocation,/mnt/ubna_data_01_mir/recover-20220825/UBNA_002/20220823_033000.WAV,Telephone Field,recover-20220825,002,1795
701.8605,701.8706999999999,41796,52323,Pipistrellus nathusii,0.444,0.459,-1,Echolocation,/mnt/ubna_data_01_mir/recover-20220825/UBNA_002/20220823_033000.WAV,Telephone Field,recover-20220825,002,1795
701.9025,701.9129,25468,31909,Eptesicus serotinus,0.009,0.023,-1,Echolocation,/mnt/ubna_data_01_mir/recover-20220825/UBNA_002/20220823_033000.WAV,Telephone Field,recover-20220825,002,1795
701.9155,701.9218,49531,57279,Pipistrellus pipistrellus,0.021,0.024,-1,Echolocation,/mnt/ubna_data_01_mir/recover-20220825/UBNA_002/20220823_033000.WAV,Telephone Field,recover-20220825,002,1795
701.9255,701.9351,41796,55752,Pipistrellus nathusii,0.223,0.295,-1,Echolocation,/mnt/ubna_data_01_mir/recover-20220825/UBNA_002/20220823_033000.WAV,Telephone Field,recover-20220825,002,1795
701.9495,701.9597,26328,33220,Eptesicus serotinus,0.01,0.023,-1,Echolocation,/mnt/ubna_data_01_mir/recover-20220825/UBNA_002/20220823_033000.WAV,Telephone Field,recover-20220825,002,1795
701.9745,701.9822,28046,38460,Eptesicus serotinus,0.008,0.023,-1,Echolocation,/mnt/ubna_data_01_mir/recover-20220825/UBNA_002/20220823_033000.WAV,Telephone Field,recover-20220825,002,1795
701.9805,701.9878,28046,35398,Eptesicus serotinus,0.008,0.022,-1,Echolocation,/mnt/ubna_data_01_mir/recover-20220825/UBNA_002/20220823_033000.WAV,Telephone Field,recover-20220825,002,1795
701.9935,701.9998,40937,59704,Pipistrellus nathusii,0.162,0.319,-1,Echolocation,/mnt/ubna_data_01_mir/recover-20220825/UBNA_002/20220823_033000.WAV,Telephone Field,recover-20220825,002,1795
702.0015,702.0092,46093,52543,Pipistrellus pipistrellus,0.019,0.029,-1,Echolocation,/mnt/ubna_data_01_mir/recover-20220825/UBNA_002/20220823_033000.WAV,Telephone Field,recover-20220825,002,1795
702.0015,702.01,22890,31707,Nyctalus leisleri,0.006,0.025,-1,Echolocation,/mnt/ubna_data_01_mir/recover-20220825/UBNA_002/20220823_033000.WAV,Telephone Field,recover-20220825,002,1795
702.0015,702.0328,68437,79394,Rhinolophus ferrumequinum,0.032,0.032,-1,Echolocation,/mnt/ubna_data_01_mir/recover-20220825/UBNA_002/20220823_033000.WAV,Telephone Field,recover-20220825,002,1795
702.0015,702.0094,32343,53582,Myotis brandtii,0.008,0.026,-1,Echolocation,/mnt/ubna_data_01_mir/recover-20220825/UBNA_002/20220823_033000.WAV,Telephone Field,recover-20220825,002,1795
702.0085,702.0193,54687,63141,Pipistrellus pygmaeus,0.023,0.023,-1,Echolocation,/mnt/ubna_data_01_mir/recover-20220825/UBNA_002/20220823_033000.WAV,Telephone Field,recover-20220825,002,1795
702.0125,702.02,28046,39570,Eptesicus serotinus,0.007,0.023,-1,Echolocation,/mnt/ubna_data_01_mir/recover-20220825/UBNA_002/20220823_033000.WAV,Telephone Field,recover-20220825,002,1795
702.0225,702.03,57265,63415,Pipistrellus pygmaeus,0.021,0.021,-1,Echolocation,/mnt/ubna_data_01_mir/recover-20220825/UBNA_002/20220823_033000.WAV,Telephone Field,recover-20220825,002,1795
702.0305,702.0384,49531,55981,Pipistrellus pipistrellus,0.027,0.033,-1,Echolocation,/mnt/ubna_data_01_mir/recover-20220825/UBNA_002/20220823_033000.WAV,Telephone Field,recover-20220825,002,1795
702.0375,702.0462,28046,37948,Eptesicus serotinus,0.008,0.022,-1,Echolocation,/mnt/ubna_data_01_mir/recover-20220825/UBNA_002/20220823_033000.WAV,Telephone Field,recover-20220825,002,1795
702.0615,702.0672,35781,72288,Myotis brandtii,0.063,0.116,-1,Echolocation,/mnt/ubna_data_01_mir/recover-20220825/UBNA_002/20220823_033000.WAV,Telephone Field,recover-20220825,002,1795
702.0625,702.0724,41796,56143,Pipistrellus nathusii,0.312,0.366,-1,Echolocation,/mnt/ubna_data_01_mir/recover-20220825/UBNA_002/20220823_033000.WAV,Telephone Field,recover-20220825,002,1795
702.0785,702.0869,28046,36799,Eptesicus serotinus,0.007,0.022,-1,Echolocation,/mnt/ubna_data_01_mir/recover-20220825/UBNA_002/20220823_033000.WAV,Telephone Field,recover-20220825,002,1795
702.0985,702.1064,27187,36819,Eptesicus serotinus,0.007,0.021,-1,Echolocation,/mnt/ubna_data_01_mir/recover-20220825/UBNA_002/20220823_033000.WAV,Telephone Field,recover-20220825,002,1795
702.1035,702.1099,51250,57589,Pipistrellus pipistrellus,0.067,0.074,-1,Echolocation,/mnt/ubna_data_01_mir/recover-20220825/UBNA_002/20220823_033000.WAV,Telephone Field,recover-20220825,002,1795
702.1095,702.1177,28046,39598,Eptesicus serotinus,0.007,0.021,-1,Echolocation,/mnt/ubna_data_01_mir/recover-20220825/UBNA_002/20220823_033000.WAV,Telephone Field,recover-20220825,002,1795
702.1225,702.1293000000001,27187,39696,Eptesicus serotinus,0.006,0.022,-1,Echolocation,/mnt/ubna_data_01_mir/recover-20220825/UBNA_002/20220823_033000.WAV,Telephone Field,recover-20220825,002,1795
702.1315,702.1432,44375,55838,Pipistrellus nathusii,0.421,0.47,-1,Echolocation,/mnt/ubna_data_01_mir/recover-20220825/UBNA_002/20220823_033000.WAV,Telephone Field,recover-20220825,002,1795
702.1335,702.1423,54687,60410,Pipistrellus pygmaeus,0.022,0.022,-1,Echolocation,/mnt/ubna_data_01_mir/recover-20220825/UBNA_002/20220823_033000.WAV,Telephone Field,recover-20220825,002,1795
702.1935,702.2016,50390,57978,Pipistrellus pipistrellus,0.024,0.03,-1,Echolocation,/mnt/ubna_data_01_mir/recover-20220825/UBNA_002/20220823_033000.WAV,Telephone Field,recover-20220825,002,1795
702.2155,702.2257,41796,56030,Pipistrellus nathusii,0.295,0.365,-1,Echolocation,/mnt/ubna_data_01_mir/recover-20220825/UBNA_002/20220823_033000.WAV,Telephone Field,recover-20220825,002,1795
702.2485,702.2567,28046,38315,Eptesicus serotinus,0.009,0.023,-1,Echolocation,/mnt/ubna_data_01_mir/recover-20220825/UBNA_002/20220823_033000.WAV,Telephone Field,recover-20220825,002,1795
702.2815,702.2895,42656,61170,Pipistrellus nathusii,0.31,0.431,-1,Echolocation,/mnt/ubna_data_01_mir/recover-20220825/UBNA_002/20220823_033000.WAV,Telephone Field,recover-20220825,002,1795
702.2955,702.3041,28046,36640,Eptesicus serotinus,0.008,0.025,-1,Echolocation,/mnt/ubna_data_01_mir/recover-20220825/UBNA_002/20220823_033000.WAV,Telephone Field,recover-20220825,002,1795
702.3225,702.3587,68437,81566,Rhinolophus ferrumequinum,0.023,0.023,-1,Echolocation,/mnt/ubna_data_01_mir/recover-20220825/UBNA_002/20220823_033000.WAV,Telephone Field,recover-20220825,002,1795
702.3385,702.3472,41796,58060,Pipistrellus nathusii,0.249,0.417,-1,Echolocation,/mnt/ubna_data_01_mir/recover-20220825/UBNA_002/20220823_033000.WAV,Telephone Field,recover-20220825,002,1795
702.3395,702.3446,28906,74228,Myotis brandtii,0.02,0.046,-1,Echolocation,/mnt/ubna_data_01_mir/recover-20220825/UBNA_002/20220823_033000.WAV,Telephone Field,recover-20220825,002,1795
702.3475,702.3584,57265,65535,Pipistrellus pygmaeus,0.021,0.021,-1,Echolocation,/mnt/ubna_data_01_mir/recover-20220825/UBNA_002/20220823_033000.WAV,Telephone Field,recover-20220825,002,1795
702.3605,702.3734,59843,65981,Pipistrellus pygmaeus,0.032,0.033,-1,Echolocation,/mnt/ubna_data_01_mir/recover-20220825/UBNA_002/20220823_033000.WAV,Telephone Field,recover-20220825,002,1795
702.4155,702.4208,40937,66505,Myotis brandtii,0.226,0.446,-1,Echolocation,/mnt/ubna_data_01_mir/recover-20220825/UBNA_002/20220823_033000.WAV,Telephone Field,recover-20220825,002,1795
702.4605,702.4671,28046,39523,Eptesicus serotinus,0.007,0.023,-1,Echolocation,/mnt/ubna_data_01_mir/recover-20220825/UBNA_002/20220823_033000.WAV,Telephone Field,recover-20220825,002,1795
702.4825,702.4886,40937,66464,Myotis brandtii,0.262,0.457,-1,Echolocation,/mnt/ubna_data_01_mir/recover-20220825/UBNA_002/20220823_033000.WAV,Telephone Field,recover-20220825,002,1795
702.5505,702.5575,48671,60905,Pipistrellus pipistrellus,0.016,0.034,-1,Echolocation,/mnt/ubna_data_01_mir/recover-20220825/UBNA_002/20220823_033000.WAV,Telephone Field,recover-20220825,002,1795
702.5515,702.5584,35781,79100,Myotis brandtii,0.335,0.387,-1,Echolocation,/mnt/ubna_data_01_mir/recover-20220825/UBNA_002/20220823_033000.WAV,Telephone Field,recover-20220825,002,1795
702.5535,702.5626,56406,64377,Pipistrellus pygmaeus,0.023,0.023,-1,Echolocation,/mnt/ubna_data_01_mir/recover-20220825/UBNA_002/20220823_033000.WAV,Telephone Field,recover-20220825,002,1795
702.5605,702.5657,34062,51778,Myotis brandtii,0.013,0.022,-1,Echolocation,/mnt/ubna_data_01_mir/recover-20220825/UBNA_002/20220823_033000.WAV,Telephone Field,recover-20220825,002,1795
702.5875,702.5962,27187,37684,Eptesicus serotinus,0.01,0.022,-1,Echolocation,/mnt/ubna_data_01_mir/recover-20220825/UBNA_002/20220823_033000.WAV,Telephone Field,recover-20220825,002,1795
702.5925,702.6246,68437,80590,Rhinolophus ferrumequinum,0.021,0.021,-1,Echolocation,/mnt/ubna_data_01_mir/recover-20220825/UBNA_002/20220823_033000.WAV,Telephone Field,recover-20220825,002,1795
702.6145,702.6209,37500,74748,Myotis brandtii,0.28,0.349,-1,Echolocation,/mnt/ubna_data_01_mir/recover-20220825/UBNA_002/20220823_033000.WAV,Telephone Field,recover-20220825,002,1795
702.6505,702.6573,28906,37582,Eptesicus serotinus,0.007,0.023,-1,Echolocation,/mnt/ubna_data_01_mir/recover-20220825/UBNA_002/20220823_033000.WAV,Telephone Field,recover-20220825,002,1795
702.6655,702.6712,38359,68377,Myotis brandtii,0.318,0.421,-1,Echolocation,/mnt/ubna_data_01_mir/recover-20220825/UBNA_002/20220823_033000.WAV,Telephone Field,recover-20220825,002,1795
702.7185,702.7267,24609,31745,Plecotus auritus,0.006,0.025,-1,Echolocation,/mnt/ubna_data_01_mir/recover-20220825/UBNA_002/20220823_033000.WAV,Telephone Field,recover-20220825,002,1795
702.7315,702.7376,41796,66834,Pipistrellus nathusii,0.25,0.463,-1,Echolocation,/mnt/ubna_data_01_mir/recover-20220825/UBNA_002/20220823_033000.WAV,Telephone Field,recover-20220825,002,1795
702.7845,702.7905,33203,40098,Barbastellus barbastellus,0.011,0.028,-1,Echolocation,/mnt/ubna_data_01_mir/recover-20220825/UBNA_002/20220823_033000.WAV,Telephone Field,recover-20220825,002,1795
702.7865,702.793,28046,34999,Eptesicus serotinus,0.012,0.032,-1,Echolocation,/mnt/ubna_data_01_mir/recover-20220825/UBNA_002/20220823_033000.WAV,Telephone Field,recover-20220825,002,1795
702.7895,702.8261,68437,81645,Rhinolophus ferrumequinum,0.024,0.024,-1,Echolocation,/mnt/ubna_data_01_mir/recover-20220825/UBNA_002/20220823_033000.WAV,Telephone Field,recover-20220825,002,1795
702.7995,702.8059,40078,75558,Pipistrellus nathusii,0.153,0.362,-1,Echolocation,/mnt/ubna_data_01_mir/recover-20220825/UBNA_002/20220823_033000.WAV,Telephone Field,recover-20220825,002,1795
702.8095,702.8149,34062,47262,Myotis brandtii,0.01,0.024,-1,Echolocation,/mnt/ubna_data_01_mir/recover-20220825/UBNA_002/20220823_033000.WAV,Telephone Field,recover-20220825,002,1795
702.8345,702.8689,68437,81405,Rhinolophus ferrumequinum,0.022,0.022,-1,Echolocation,/mnt/ubna_data_01_mir/recover-20220825/UBNA_002/20220823_033000.WAV,Telephone Field,recover-20220825,002,1795
702.8465,702.8838,68437,81486,Rhinolophus ferrumequinum,0.021,0.021,-1,Echolocation,/mnt/ubna_data_01_mir/recover-20220825/UBNA_002/20220823_033000.WAV,Telephone Field,recover-20220825,002,1795
702.8605,702.8663,40937,68693,Myotis brandtii,0.207,0.39,-1,Echolocation,/mnt/ubna_data_01_mir/recover-20220825/UBNA_002/20220823_033000.WAV,Telephone Field,recover-20220825,002,1795
702.9385,702.9454,35781,80038,Myotis brandtii,0.376,0.439,-1,Echolocation,/mnt/ubna_data_01_mir/recover-20220825/UBNA_002/20220823_033000.WAV,Telephone Field,recover-20220825,002,1795
702.9405,702.9494,53828,60425,Pipistrellus pygmaeus,0.033,0.035,-1,Echolocation,/mnt/ubna_data_01_mir/recover-20220825/UBNA_002/20220823_033000.WAV,Telephone Field,recover-20220825,002,1795
702.9535,702.962,27187,39144,Eptesicus serotinus,0.007,0.022,-1,Echolocation,/mnt/ubna_data_01_mir/recover-20220825/UBNA_002/20220823_033000.WAV,Telephone Field,recover-20220825,002,1795
702.9905,703.0015,37500,43304,Pipistrellus nathusii,0.053,0.065,-1,Echolocation,/mnt/ubna_data_01_mir/recover-20220825/UBNA_002/20220823_033000.WAV,Telephone Field,recover-20220825,002,1795
703.0135,703.0243,52968,58531,Pipistrellus pygmaeus,0.022,0.025,-1,Echolocation,/mnt/ubna_data_01_mir/recover-20220825/UBNA_002/20220823_033000.WAV,Telephone Field,recover-20220825,002,1795
703.0215,703.0279,38359,74169,Myotis brandtii,0.313,0.389,-1,Echolocation,/mnt/ubna_data_01_mir/recover-20220825/UBNA_002/20220823_033000.WAV,Telephone Field,recover-20220825,002,1795
703.0225,703.0279,26328,92127,Myotis bechsteinii,0.076,0.105,-1,Echolocation,/mnt/ubna_data_01_mir/recover-20220825/UBNA_002/20220823_033000.WAV,Telephone Field,recover-20220825,002,1795
703.0315,703.0373,37500,63674,Myotis brandtii,0.016,0.024,-1,Echolocation,/mnt/ubna_data_01_mir/recover-20220825/UBNA_002/20220823_033000.WAV,Telephone Field,recover-20220825,002,1795
703.1095,703.1189,50390,58695,Pipistrellus pipistrellus,0.056,0.12,-1,Echolocation,/mnt/ubna_data_01_mir/recover-20220825/UBNA_002/20220823_033000.WAV,Telephone Field,recover-20220825,002,1795
703.1125,703.1194,35781,74222,Myotis brandtii,0.362,0.466,-1,Echolocation,/mnt/ubna_data_01_mir/recover-20220825/UBNA_002/20220823_033000.WAV,Telephone Field,recover-20220825,002,1795
703.1195,703.1302,52109,58759,Pipistrellus pygmaeus,0.021,0.022,-1,Echolocation,/mnt/ubna_data_01_mir/recover-20220825/UBNA_002/20220823_033000.WAV,Telephone Field,recover-20220825,002,1795
703.1215,703.1266,34921,60425,Myotis brandtii,0.025,0.035,-1,Echolocation,/mnt/ubna_data_01_mir/recover-20220825/UBNA_002/20220823_033000.WAV,Telephone Field,recover-20220825,002,1795
703.1275,703.1612,68437,80900,Rhinolophus ferrumequinum,0.021,0.021,-1,Echolocation,/mnt/ubna_data_01_mir/recover-20220825/UBNA_002/20220823_033000.WAV,Telephone Field,recover-20220825,002,1795
703.1785,703.1858,28906,36013,Eptesicus serotinus,0.007,0.022,-1,Echolocation,/mnt/ubna_data_01_mir/recover-20220825/UBNA_002/20220823_033000.WAV,Telephone Field,recover-20220825,002,1795
703.1905,703.2003,47812,52998,Pipistrellus pipistrellus,0.038,0.071,-1,Echolocation,/mnt/ubna_data_01_mir/recover-20220825/UBNA_002/20220823_033000.WAV,Telephone Field,recover-20220825,002,1795
703.1925,703.1994,34921,81406,Myotis brandtii,0.402,0.473,-1,Echolocation,/mnt/ubna_data_01_mir/recover-20220825/UBNA_002/20220823_033000.WAV,Telephone Field,recover-20220825,002,1795
703.2175,703.227,25468,32612,Eptesicus serotinus,0.009,0.021,-1,Echolocation,/mnt/ubna_data_01_mir/recover-20220825/UBNA_002/20220823_033000.WAV,Telephone Field,recover-20220825,002,1795
703.2625,703.2728,28046,35802,Eptesicus serotinus,0.01,0.024,-1,Echolocation,/mnt/ubna_data_01_mir/recover-20220825/UBNA_002/20220823_033000.WAV,Telephone Field,recover-20220825,002,1795
703.2875,703.2965,49531,55924,Pipistrellus pipistrellus,0.028,0.051,-1,Echolocation,/mnt/ubna_data_01_mir/recover-20220825/UBNA_002/20220823_033000.WAV,Telephone Field,recover-20220825,002,1795
703.2915,703.298,34921,69759,Myotis brandtii,0.158,0.351,-1,Echolocation,/mnt/ubna_data_01_mir/recover-20220825/UBNA_002/20220823_033000.WAV,Telephone Field,recover-20220825,002,1795
703.2915,703.2974,26328,83030,Myotis bechsteinii,0.093,0.129,-1,Echolocation,/mnt/ubna_data_01_mir/recover-20220825/UBNA_002/20220823_033000.WAV,Telephone Field,recover-20220825,002,1795
703.3285,703.3658,68437,81097,Rhinolophus ferrumequinum,0.021,0.021,-1,Echolocation,/mnt/ubna_data_01_mir/recover-20220825/UBNA_002/20220823_033000.WAV,Telephone Field,recover-20220825,002,1795
703.3725,703.378,28906,36313,Plecotus auritus,0.006,0.025,-1,Echolocation,/mnt/ubna_data_01_mir/recover-20220825/UBNA_002/20220823_033000.WAV,Telephone Field,recover-20220825,002,1795
703.3845,703.3975,48671,53523,Pipistrellus pipistrellus,0.023,0.037,-1,Echolocation,/mnt/ubna_data_01_mir/recover-20220825/UBNA_002/20220823_033000.WAV,Telephone Field,recover-20220825,002,1795
703.3885,703.3945,38359,60604,Myotis brandtii,0.228,0.532,-1,Echolocation,/mnt/ubna_data_01_mir/recover-20220825/UBNA_002/20220823_033000.WAV,Telephone Field,recover-20220825,002,1795
703.3895,703.3955,27187,88400,Myotis bechsteinii,0.082,0.108,-1,Echolocation,/mnt/ubna_data_01_mir/recover-20220825/UBNA_002/20220823_033000.WAV,Telephone Field,recover-20220825,002,1795
703.3975,703.4032,35781,59048,Myotis brandtii,0.02,0.03,-1,Echolocation,/mnt/ubna_data_01_mir/recover-20220825/UBNA_002/20220823_033000.WAV,Telephone Field,recover-20220825,002,1795
703.4185,703.457,68437,81757,Rhinolophus ferrumequinum,0.021,0.021,-1,Echolocation,/mnt/ubna_data_01_mir/recover-20220825/UBNA_002/20220823_033000.WAV,Telephone Field,recover-20220825,002,1795
703.4755,703.4893,51250,55968,Pipistrellus pipistrellus,0.055,0.083,-1,Echolocation,/mnt/ubna_data_01_mir/recover-20220825/UBNA_002/20220823_033000.WAV,Telephone Field,recover-20220825,002,1795
703.4825,703.489,34062,70280,Myotis brandtii,0.196,0.325,-1,Echolocation,/mnt/ubna_data_01_mir/recover-20220825/UBNA_002/20220823_033000.WAV,Telephone Field,recover-20220825,002,1795
703.4825,703.4894,25468,83981,Myotis bechsteinii,0.124,0.161,-1,Echolocation,/mnt/ubna_data_01_mir/recover-20220825/UBNA_002/20220823_033000.WAV,Telephone Field,recover-20220825,002,1795
703.4925,703.4979,32343,57646,Myotis brandtii,0.017,0.03,-1,Echolocation,/mnt/ubna_data_01_mir/recover-20220825/UBNA_002/20220823_033000.WAV,Telephone Field,recover-20220825,002,1795
703.5315,703.5391,28046,36893,Eptesicus serotinus,0.007,0.023,-1,Echolocation,/mnt/ubna_data_01_mir/recover-20220825/UBNA_002/20220823_033000.WAV,Telephone Field,recover-20220825,002,1795
703.5575,703.5957,68437,81972,Rhinolophus ferrumequinum,0.022,0.022,-1,Echolocation,/mnt/ubna_data_01_mir/recover-20220825/UBNA_002/20220823_033000.WAV,Telephone Field,recover-20220825,002,1795
703.5655,703.6024,68437,82223,Rhinolophus ferrumequinum,0.022,0.022,-1,Echolocation,/mnt/ubna_data_01_mir/recover-20220825/UBNA_002/20220823_033000.WAV,Telephone Field,recover-20220825,002,1795
703.5825,703.5882,48671,55468,Pipistrellus pipistrellus,0.015,0.027,-1,Echolocation,/mnt/ubna_data_01_mir/recover-20220825/UBNA_002/20220823_033000.WAV,Telephone Field,recover-20220825,002,1795
703.5835,703.5894,40078,54537,Pipistrellus nathusii,0.633,0.652,-1,Echolocation,/mnt/ubna_data_01_mir/recover-20220825/UBNA_002/20220823_033000.WAV,Telephone Field,recover-20220825,002,1795
703.5955,703.6295,68437,81437,Rhinolophus ferrumequinum,0.021,0.021,-1,Echolocation,/mnt/ubna_data_01_mir/recover-20220825/UBNA_002/20220823_033000.WAV,Telephone Field,recover-20220825,002,1795
703.5955,703.6007,32343,66531,Myotis brandtii,0.018,0.033,-1,Echolocation,/mnt/ubna_data_01_mir/recover-20220825/UBNA_002/20220823_033000.WAV,Telephone Field,recover-20220825,002,1795
703.6335,703.6395,50390,57290,Pipistrellus pipistrellus,0.021,0.024,-1,Echolocation,/mnt/ubna_data_01_mir/recover-20220825/UBNA_002/20220823_033000.WAV,Telephone Field,recover-20220825,002,1795
703.6445,703.6532,46953,54352,Pipistrellus pipistrellus,0.019,0.022,-1,Echolocation,/mnt/ubna_data_01_mir/recover-20220825/UBNA_002/20220823_033000.WAV,Telephone Field,recover-20220825,002,1795
703.6685,703.6759,48671,54576,Pipistrellus pipistrellus,0.016,0.026,-1,Echolocation,/mnt/ubna_data_01_mir/recover-20220825/UBNA_002/20220823_033000.WAV,Telephone Field,recover-20220825,002,1795
703.6745,703.6818,34921,68534,Pipistrellus nathusii,0.234,0.376,-1,Echolocation,/mnt/ubna_data_01_mir/recover-20220825/UBNA_002/20220823_033000.WAV,Telephone Field,recover-20220825,002,1795
703.6745,703.6808,25468,77972,Myotis bechsteinii,0.103,0.137,-1,Echolocation,/mnt/ubna_data_01_mir/recover-20220825/UBNA_002/20220823_033000.WAV,Telephone Field,recover-20220825,002,1795
703.6765,703.7096,68437,83081,Rhinolophus ferrumequinum,0.027,0.027,-1,Echolocation,/mnt/ubna_data_01_mir/recover-20220825/UBNA_002/20220823_033000.WAV,Telephone Field,recover-20220825,002,1795
703.6855,703.6907,34062,64295,Myotis brandtii,0.017,0.028,-1,Echolocation,/mnt/ubna_data_01_mir/recover-20220825/UBNA_002/20220823_033000.WAV,Telephone Field,recover-20220825,002,1795
703.7255,703.7365,28906,36162,Eptesicus serotinus,0.012,0.027,-1,Echolocation,/mnt/ubna_data_01_mir/recover-20220825/UBNA_002/20220823_033000.WAV,Telephone Field,recover-20220825,002,1795
703.7445,703.7548,28906,36268,Eptesicus serotinus,0.009,0.022,-1,Echolocation,/mnt/ubna_data_01_mir/recover-20220825/UBNA_002/20220823_033000.WAV,Telephone Field,recover-20220825,002,1795
703.7725,703.7801,38359,48139,Pipistrellus nathusii,0.498,0.558,-1,Echolocation,/mnt/ubna_data_01_mir/recover-20220825/UBNA_002/20220823_033000.WAV,Telephone Field,recover-20220825,002,1795
703.7825,703.7882,33203,57687,Myotis brandtii,0.012,0.021,-1,Echolocation,/mnt/ubna_data_01_mir/recover-20220825/UBNA_002/20220823_033000.WAV,Telephone Field,recover-20220825,002,1795
703.8095,703.847,68437,81484,Rhinolophus ferrumequinum,0.023,0.023,-1,Echolocation,/mnt/ubna_data_01_mir/recover-20220825/UBNA_002/20220823_033000.WAV,Telephone Field,recover-20220825,002,1795
703.8145,703.8229,27187,38110,Eptesicus serotinus,0.011,0.026,-1,Echolocation,/mnt/ubna_data_01_mir/recover-20220825/UBNA_002/20220823_033000.WAV,Telephone Field,recover-20220825,002,1795
703.8595,703.8646,46093,63532,Myotis brandtii,0.008,0.029,-1,Echolocation,/mnt/ubna_data_01_mir/recover-20220825/UBNA_002/20220823_033000.WAV,Telephone Field,recover-20220825,002,1795
703.8625,703.8691,36640,61783,Pipistrellus nathusii,0.51,0.585,-1,Echolocation,/mnt/ubna_data_01_mir/recover-20220825/UBNA_002/20220823_033000.WAV,Telephone Field,recover-20220825,002,1795
703.8635,703.8701,50390,65948,Pipistrellus pipistrellus,0.01,0.026,-1,Echolocation,/mnt/ubna_data_01_mir/recover-20220825/UBNA_002/20220823_033000.WAV,Telephone Field,recover-20220825,002,1795
703.8705,703.8769,36640,49119,Myotis brandtii,0.015,0.037,-1,Echolocation,/mnt/ubna_data_01_mir/recover-20220825/UBNA_002/20220823_033000.WAV,Telephone Field,recover-20220825,002,1795
703.8925,703.8995,56406,61152,Pipistrellus pygmaeus,0.021,0.022,-1,Echolocation,/mnt/ubna_data_01_mir/recover-20220825/UBNA_002/20220823_033000.WAV,Telephone Field,recover-20220825,002,1795
703.8995,703.938,68437,82397,Rhinolophus ferrumequinum,0.022,0.023,-1,Echolocation,/mnt/ubna_data_01_mir/recover-20220825/UBNA_002/20220823_033000.WAV,Telephone Field,recover-20220825,002,1795
703.8995,703.91,28046,36867,Eptesicus serotinus,0.012,0.026,-1,Echolocation,/mnt/ubna_data_01_mir/recover-20220825/UBNA_002/20220823_033000.WAV,Telephone Field,recover-20220825,002,1795
703.9075,703.9169,55546,62422,Pipistrellus pygmaeus,0.02,0.021,-1,Echolocation,/mnt/ubna_data_01_mir/recover-20220825/UBNA_002/20220823_033000.WAV,Telephone Field,recover-20220825,002,1795
703.9125,703.9183,49531,59887,Pipistrellus pipistrellus,0.017,0.022,-1,Echolocation,/mnt/ubna_data_01_mir/recover-20220825/UBNA_002/20220823_033000.WAV,Telephone Field,recover-20220825,002,1795
703.9155,703.9548,68437,82608,Rhinolophus ferrumequinum,0.031,0.031,-1,Echolocation,/mnt/ubna_data_01_mir/recover-20220825/UBNA_002/20220823_033000.WAV,Telephone Field,recover-20220825,002,1795
703.9415,703.9774,68437,81975,Rhinolophus ferrumequinum,0.025,0.025,-1,Echolocation,/mnt/ubna_data_01_mir/recover-20220825/UBNA_002/20220823_033000.WAV,Telephone Field,recover-20220825,002,1795
703.9435,703.9494,50390,55993,Pipistrellus pipistrellus,0.026,0.037,-1,Echolocation,/mnt/ubna_data_01_mir/recover-20220825/UBNA_002/20220823_033000.WAV,Telephone Field,recover-20220825,002,1795
703.9525,703.9592,37500,59866,Pipistrellus nathusii,0.577,0.621,-1,Echolocation,/mnt/ubna_data_01_mir/recover-20220825/UBNA_002/20220823_033000.WAV,Telephone Field,recover-20220825,002,1795
703.9525,703.9588,29765,71864,Myotis brandtii,0.094,0.18,-1,Echolocation,/mnt/ubna_data_01_mir/recover-20220825/UBNA_002/20220823_033000.WAV,Telephone Field,recover-20220825,002,1795
703.9535,703.9903,68437,81913,Rhinolophus ferrumequinum,0.028,0.028,-1,Echolocation,/mnt/ubna_data_01_mir/recover-20220825/UBNA_002/20220823_033000.WAV,Telephone Field,recover-20220825,002,1795
703.9605,703.9668,36640,46368,Myotis brandtii,0.011,0.027,-1,Echolocation,/mnt/ubna_data_01_mir/recover-20220825/UBNA_002/20220823_033000.WAV,Telephone Field,recover-20220825,002,1795
703.9615,703.9664,29765,42995,Myotis daubentonii,0.007,0.024,-1,Echolocation,/mnt/ubna_data_01_mir/recover-20220825/UBNA_002/20220823_033000.WAV,Telephone Field,recover-20220825,002,1795
703.9645,703.9951,68437,80928,Rhinolophus ferrumequinum,0.026,0.026,-1,Echolocation,/mnt/ubna_data_01_mir/recover-20220825/UBNA_002/20220823_033000.WAV,Telephone Field,recover-20220825,002,1795
703.9865,703.9952,25468,37952,Eptesicus serotinus,0.008,0.022,-1,Echolocation,/mnt/ubna_data_01_mir/recover-20220825/UBNA_002/20220823_033000.WAV,Telephone Field,recover-20220825,002,1795
704.0015,704.01,46093,52052,Pipistrellus pipistrellus,0.017,0.027,-1,Echolocation,/mnt/ubna_data_01_mir/recover-20220825/UBNA_002/20220823_033000.WAV,Telephone Field,recover-20220825,002,1795
704.0015,704.0301,68437,81041,Rhinolophus ferrumequinum,0.046,0.046,-1,Echolocation,/mnt/ubna_data_01_mir/recover-20220825/UBNA_002/20220823_033000.WAV,Telephone Field,recover-20220825,002,1795
704.0015,704.0102,24609,35051,Nyctalus leisleri,0.009,0.028,-1,Echolocation,/mnt/ubna_data_01_mir/recover-20220825/UBNA_002/20220823_033000.WAV,Telephone Field,recover-20220825,002,1795
704.0335,704.0441,23750,29684,Nyctalus leisleri,0.009,0.022,-1,Echolocation,/mnt/ubna_data_01_mir/recover-20220825/UBNA_002/20220823_033000.WAV,Telephone Field,recover-20220825,002,1795
704.0355,704.0431,28906,36828,Eptesicus serotinus,0.007,0.023,-1,Echolocation,/mnt/ubna_data_01_mir/recover-20220825/UBNA_002/20220823_033000.WAV,Telephone Field,recover-20220825,002,1795
704.0365,704.0444,46953,54112,Pipistrellus pipistrellus,0.017,0.021,-1,Echolocation,/mnt/ubna_data_01_mir/recover-20220825/UBNA_002/20220823_033000.WAV,Telephone Field,recover-20220825,002,1795
704.0505,704.0564,49531,53169,Pipistrellus pipistrellus,0.013,0.024,-1,Echolocation,/mnt/ubna_data_01_mir/recover-20220825/UBNA_002/20220823_033000.WAV,Telephone Field,recover-20220825,002,1795
704.0505,704.0572,39218,55630,Pipistrellus nathusii,0.408,0.519,-1,Echolocation,/mnt/ubna_data_01_mir/recover-20220825/UBNA_002/20220823_033000.WAV,Telephone Field,recover-20220825,002,1795
704.0645,704.0998,68437,81637,Rhinolophus ferrumequinum,0.02,0.02,-1,Echolocation,/mnt/ubna_data_01_mir/recover-20220825/UBNA_002/20220823_033000.WAV,Telephone Field,recover-20220825,002,1795
704.0865,704.1253,68437,82103,Rhinolophus ferrumequinum,0.021,0.021,-1,Echolocation,/mnt/ubna_data_01_mir/recover-20220825/UBNA_002/20220823_033000.WAV,Telephone Field,recover-20220825,002,1795
704.1275,704.1365,28046,34236,Eptesicus serotinus,0.008,0.021,-1,Echolocation,/mnt/ubna_data_01_mir/recover-20220825/UBNA_002/20220823_033000.WAV,Telephone Field,recover-20220825,002,1795
704.1325,704.14,49531,54486,Pipistrellus pipistrellus,0.015,0.023,-1,Echolocation,/mnt/ubna_data_01_mir/recover-20220825/UBNA_002/20220823_033000.WAV,Telephone Field,recover-20220825,002,1795
704.1405,704.1476,38359,59975,Pipistrellus nathusii,0.741,0.76,-1,Echolocation,/mnt/ubna_data_01_mir/recover-20220825/UBNA_002/20220823_033000.WAV,Telephone Field,recover-20220825,002,1795
704.1415,704.147,50390,55431,Pipistrellus pipistrellus,0.014,0.026,-1,Echolocation,/mnt/ubna_data_01_mir/recover-20220825/UBNA_002/20220823_033000.WAV,Telephone Field,recover-20220825,002,1795
704.1495,704.1549,30625,43889,Myotis daubentonii,0.01,0.025,-1,Echolocation,/mnt/ubna_data_01_mir/recover-20220825/UBNA_002/20220823_033000.WAV,Telephone Field,recover-20220825,002,1795
704.1525,704.1867,68437,81176,Rhinolophus ferrumequinum,0.023,0.023,-1,Echolocation,/mnt/ubna_data_01_mir/recover-20220825/UBNA_002/20220823_033000.WAV,Telephone Field,recover-20220825,002,1795
704.1715,704.183,23750,28980,Nyctalus leisleri,0.01,0.025,-1,Echolocation,/mnt/ubna_data_01_mir/recover-20220825/UBNA_002/20220823_033000.WAV,Telephone Field,recover-20220825,002,1795
704.2125,704.2195,55546,62265,Pipistrellus pygmaeus,0.02,0.02,-1,Echolocation,/mnt/ubna_data_01_mir/recover-20220825/UBNA_002/20220823_033000.WAV,Telephone Field,recover-20220825,002,1795
704.2255,704.2361,24609,29976,Nyctalus leisleri,0.015,0.034,-1,Echolocation,/mnt/ubna_data_01_mir/recover-20220825/UBNA_002/20220823_033000.WAV,Telephone Field,recover-20220825,002,1795
704.2375,704.2463,54687,60716,Pipistrellus pygmaeus,0.028,0.029,-1,Echolocation,/mnt/ubna_data_01_mir/recover-20220825/UBNA_002/20220823_033000.WAV,Telephone Field,recover-20220825,002,1795
704.2395,704.2463,38359,53964,Pipistrellus nathusii,0.68,0.711,-1,Echolocation,/mnt/ubna_data_01_mir/recover-20220825/UBNA_002/20220823_033000.WAV,Telephone Field,recover-20220825,002,1795
704.2475,704.2529,31484,41566,Myotis daubentonii,0.009,0.023,-1,Echolocation,/mnt/ubna_data_01_mir/recover-20220825/UBNA_002/20220823_033000.WAV,Telephone Field,recover-20220825,002,1795
704.2615,704.2984,68437,81960,Rhinolophus ferrumequinum,0.021,0.021,-1,Echolocation,/mnt/ubna_data_01_mir/recover-20220825/UBNA_002/20220823_033000.WAV,Telephone Field,recover-20220825,002,1795
704.2885,704.2994,28046,35270,Eptesicus serotinus,0.011,0.024,-1,Echolocation,/mnt/ubna_data_01_mir/recover-20220825/UBNA_002/20220823_033000.WAV,Telephone Field,recover-20220825,002,1795
704.3075,704.3457,68437,82532,Rhinolophus ferrumequinum,0.022,0.022,-1,Echolocation,/mnt/ubna_data_01_mir/recover-20220825/UBNA_002/20220823_033000.WAV,Telephone Field,recover-20220825,002,1795
704.3275,704.3355,48671,53501,Pipistrellus pipistrellus,0.019,0.034,-1,Echolocation,/mnt/ubna_data_01_mir/recover-20220825/UBNA_002/20220823_033000.WAV,Telephone Field,recover-20220825,002,1795
704.3315,704.3387,36640,58019,Pipistrellus nathusii,0.669,0.713,-1,Echolocation,/mnt/ubna_data_01_mir/recover-20220825/UBNA_002/20220823_033000.WAV,Telephone Field,recover-20220825,002,1795
704.3405,704.3459,29765,42990,Myotis daubentonii,0.01,0.023,-1,Echolocation,/mnt/ubna_data_01_mir/recover-20220825/UBNA_002/20220823_033000.WAV,Telephone Field,recover-20220825,002,1795
704.3435,704.3742,68437,80898,Rhinolophus ferrumequinum,0.021,0.021,-1,Echolocation,/mnt/ubna_data_01_mir/recover-20220825/UBNA_002/20220823_033000.WAV,Telephone Field,recover-20220825,002,1795
704.3725,704.407,68437,82131,Rhinolophus ferrumequinum,0.021,0.021,-1,Echolocation,/mnt/ubna_data_01_mir/recover-20220825/UBNA_002/20220823_033000.WAV,Telephone Field,recover-20220825,002,1795
704.3755,704.3846,28046,36416,Eptesicus serotinus,0.009,0.024,-1,Echolocation,/mnt/ubna_data_01_mir/recover-20220825/UBNA_002/20220823_033000.WAV,Telephone Field,recover-20220825,002,1795
704.3865,704.3982,27187,32922,Eptesicus serotinus,0.01,0.022,-1,Echolocation,/mnt/ubna_data_01_mir/recover-20220825/UBNA_002/20220823_033000.WAV,Telephone Field,recover-20220825,002,1795
704.4285,704.4357,38359,50007,Pipistrellus nathusii,0.611,0.675,-1,Echolocation,/mnt/ubna_data_01_mir/recover-20220825/UBNA_002/20220823_033000.WAV,Telephone Field,recover-20220825,002,1795
704.4375,704.4747,68437,81914,Rhinolophus ferrumequinum,0.021,0.021,-1,Echolocation,/mnt/ubna_data_01_mir/recover-20220825/UBNA_002/20220823_033000.WAV,Telephone Field,recover-20220825,002,1795
704.4395,704.4484,28046,34814,Eptesicus serotinus,0.006,0.021,-1,Echolocation,/mnt/ubna_data_01_mir/recover-20220825/UBNA_002/20220823_033000.WAV,Telephone Field,recover-20220825,002,1795
704.4695,704.4783,28046,38821,Eptesicus serotinus,0.009,0.022,-1,Echolocation,/mnt/ubna_data_01_mir/recover-20220825/UBNA_002/20220823_033000.WAV,Telephone Field,recover-20220825,002,1795
704.4725,704.5092,68437,82639,Rhinolophus ferrumequinum,0.023,0.023,-1,Echolocation,/mnt/ubna_data_01_mir/recover-20220825/UBNA_002/20220823_033000.WAV,Telephone Field,recover-20220825,002,1795
704.4775,704.4875,45234,48151,Pipistrellus pipistrellus,0.032,0.039,-1,Echolocation,/mnt/ubna_data_01_mir/recover-20220825/UBNA_002/20220823_033000.WAV,Telephone Field,recover-20220825,002,1795
704.4815,704.4896,28046,38071,Eptesicus serotinus,0.007,0.021,-1,Echolocation,/mnt/ubna_data_01_mir/recover-20220825/UBNA_002/20220823_033000.WAV,Telephone Field,recover-20220825,002,1795
704.5025,704.51,28046,36769,Eptesicus serotinus,0.007,0.025,-1,Echolocation,/mnt/ubna_data_01_mir/recover-20220825/UBNA_002/20220823_033000.WAV,Telephone Field,recover-20220825,002,1795
704.5355,704.5713,68437,81976,Rhinolophus ferrumequinum,0.021,0.021,-1,Echolocation,/mnt/ubna_data_01_mir/recover-20220825/UBNA_002/20220823_033000.WAV,Telephone Field,recover-20220825,002,1795
704.5945,704.6021,50390,54711,Pipistrellus pipistrellus,0.024,0.04,-1,Echolocation,/mnt/ubna_data_01_mir/recover-20220825/UBNA_002/20220823_033000.WAV,Telephone Field,recover-20220825,002,1795
704.5975,704.6042,37500,55105,Pipistrellus nathusii,0.727,0.757,-1,Echolocation,/mnt/ubna_data_01_mir/recover-20220825/UBNA_002/20220823_033000.WAV,Telephone Field,recover-20220825,002,1795
704.6055,704.6106,29765,41382,Myotis daubentonii,0.011,0.024,-1,Echolocation,/mnt/ubna_data_01_mir/recover-20220825/UBNA_002/20220823_033000.WAV,Telephone Field,recover-20220825,002,1795
704.6165,704.6532,68437,82149,Rhinolophus ferrumequinum,0.025,0.025,-1,Echolocation,/mnt/ubna_data_01_mir/recover-20220825/UBNA_002/20220823_033000.WAV,Telephone Field,recover-20220825,002,1795
704.6995,704.7057,37500,49846,Pipistrellus nathusii,0.576,0.627,-1,Echolocation,/mnt/ubna_data_01_mir/recover-20220825/UBNA_002/20220823_033000.WAV,Telephone Field,recover-20220825,002,1795
704.7065,704.7118,30625,41708,Myotis daubentonii,0.01,0.021,-1,Echolocation,/mnt/ubna_data_01_mir/recover-20220825/UBNA_002/20220823_033000.WAV,Telephone Field,recover-20220825,002,1795
704.7245,704.7603,68437,82233,Rhinolophus ferrumequinum,0.023,0.023,-1,Echolocation,/mnt/ubna_data_01_mir/recover-20220825/UBNA_002/20220823_033000.WAV,Telephone Field,recover-20220825,002,1795
704.7295,704.742,24609,30590,Nyctalus leisleri,0.014,0.032,-1,Echolocation,/mnt/ubna_data_01_mir/recover-20220825/UBNA_002/20220823_033000.WAV,Telephone Field,recover-20220825,002,1795
704.7315,704.7685,68437,82227,Rhinolophus ferrumequinum,0.022,0.022,-1,Echolocation,/mnt/ubna_data_01_mir/recover-20220825/UBNA_002/20220823_033000.WAV,Telephone Field,recover-20220825,002,1795
704.7665,704.8022,68437,81691,Rhinolophus ferrumequinum,0.021,0.021,-1,Echolocation,/mnt/ubna_data_01_mir/recover-20220825/UBNA_002/20220823_033000.WAV,Telephone Field,recover-20220825,002,1795
704.7785,704.7847,36640,56104,Myotis brandtii,0.009,0.03,-1,Echolocation,/mnt/ubna_data_01_mir/recover-20220825/UBNA_002/20220823_033000.WAV,Telephone Field,recover-20220825,002,1795
704.7815,704.7904,28046,35503,Eptesicus serotinus,0.007,0.022,-1,Echolocation,/mnt/ubna_data_01_mir/recover-20220825/UBNA_002/20220823_033000.WAV,Telephone Field,recover-20220825,002,1795
704.7945,704.8022,37500,51592,Pipistrellus nathusii,0.628,0.69,-1,Echolocation,/mnt/ubna_data_01_mir/recover-20220825/UBNA_002/20220823_033000.WAV,Telephone Field,recover-20220825,002,1795
704.8015,704.8068,31484,43513,Myotis daubentonii,0.01,0.026,-1,Echolocation,/mnt/ubna_data_01_mir/recover-20220825/UBNA_002/20220823_033000.WAV,Telephone Field,recover-20220825,002,1795
704.8075,704.8428,68437,81089,Rhinolophus ferrumequinum,0.021,0.021,-1,Echolocation,/mnt/ubna_data_01_mir/recover-20220825/UBNA_002/20220823_033000.WAV,Telephone Field,recover-20220825,002,1795
704.8395,704.851,23750,29979,Nyctalus leisleri,0.009,0.026,-1,Echolocation,/mnt/ubna_data_01_mir/recover-20220825/UBNA_002/20220823_033000.WAV,Telephone Field,recover-20220825,002,1795
704.8655,704.8727,48671,53997,Pipistrellus pipistrellus,0.026,0.031,-1,Echolocation,/mnt/ubna_data_01_mir/recover-20220825/UBNA_002/20220823_033000.WAV,Telephone Field,recover-20220825,002,1795
704.8925,704.9002,38359,47420,Pipistrellus nathusii,0.498,0.573,-1,Echolocation,/mnt/ubna_data_01_mir/recover-20220825/UBNA_002/20220823_033000.WAV,Telephone Field,recover-20220825,002,1795
704.9265,704.9342,52109,56623,Pipistrellus pygmaeus,0.027,0.03,-1,Echolocation,/mnt/ubna_data_01_mir/recover-20220825/UBNA_002/20220823_033000.WAV,Telephone Field,recover-20220825,002,1795
704.9315,704.9657,68437,81443,Rhinolophus ferrumequinum,0.024,0.024,-1,Echolocation,/mnt/ubna_data_01_mir/recover-20220825/UBNA_002/20220823_033000.WAV,Telephone Field,recover-20220825,002,1795
704.9435,704.9781,68437,82337,Rhinolophus ferrumequinum,0.025,0.025,-1,Echolocation,/mnt/ubna_data_01_mir/recover-20220825/UBNA_002/20220823_033000.WAV,Telephone Field,recover-20220825,002,1795
704.9725,704.9811,28046,35640,Eptesicus serotinus,0.009,0.023,-1,Echolocation,/mnt/ubna_data_01_mir/recover-20220825/UBNA_002/20220823_033000.WAV,Telephone Field,recover-20220825,002,1795
704.9855,704.9915,29765,59819,Myotis bechsteinii,0.016,0.04,-1,Echolocation,/mnt/ubna_data_01_mir/recover-20220825/UBNA_002/20220823_033000.WAV,Telephone Field,recover-20220825,002,1795
704.9875,704.9945,38359,52711,Pipistrellus nathusii,0.648,0.671,-1,Echolocation,/mnt/ubna_data_01_mir/recover-20220825/UBNA_002/20220823_033000.WAV,Telephone Field,recover-20220825,002,1795
704.9945,704.9999,30625,43241,Myotis daubentonii,0.01,0.024,-1,Echolocation,/mnt/ubna_data_01_mir/recover-20220825/UBNA_002/20220823_033000.WAV,Telephone Field,recover-20220825,002,1795
705.0405,705.048,46093,51868,Pipistrellus pipistrellus,0.023,0.025,-1,Echolocation,/mnt/ubna_data_01_mir/recover-20220825/UBNA_002/20220823_033000.WAV,Telephone Field,recover-20220825,002,1795
705.0565,705.0925,68437,81421,Rhinolophus ferrumequinum,0.023,0.023,-1,Echolocation,/mnt/ubna_data_01_mir/recover-20220825/UBNA_002/20220823_033000.WAV,Telephone Field,recover-20220825,002,1795
705.0575,705.0664,28046,36368,Eptesicus serotinus,0.01,0.027,-1,Echolocation,/mnt/ubna_data_01_mir/recover-20220825/UBNA_002/20220823_033000.WAV,Telephone Field,recover-20220825,002,1795
705.0845,705.0904,35781,48709,Pipistrellus nathusii,0.334,0.564,-1,Echolocation,/mnt/ubna_data_01_mir/recover-20220825/UBNA_002/20220823_033000.WAV,Telephone Field,recover-20220825,002,1795
705.0875,705.1226,68437,81558,Rhinolophus ferrumequinum,0.021,0.021,-1,Echolocation,/mnt/ubna_data_01_mir/recover-20220825/UBNA_002/20220823_033000.WAV,Telephone Field,recover-20220825,002,1795
705.0935,705.1024,27187,34232,Eptesicus serotinus,0.007,0.022,-1,Echolocation,/mnt/ubna_data_01_mir/recover-20220825/UBNA_002/20220823_033000.WAV,Telephone Field,recover-20220825,002,1795
705.1555,705.1628,27187,38207,Eptesicus serotinus,0.006,0.023,-1,Echolocation,/mnt/ubna_data_01_mir/recover-20220825/UBNA_002/20220823_033000.WAV,Telephone Field,recover-20220825,002,1795
705.1845,705.1917,28046,37195,Eptesicus serotinus,0.007,0.025,-1,Echolocation,/mnt/ubna_data_01_mir/recover-20220825/UBNA_002/20220823_033000.WAV,Telephone Field,recover-20220825,002,1795
705.2045,705.2127,39218,48768,Pipistrellus nathusii,0.43,0.515,-1,Echolocation,/mnt/ubna_data_01_mir/recover-20220825/UBNA_002/20220823_033000.WAV,Telephone Field,recover-20220825,002,1795
705.2165,705.2274,24609,29017,Nyctalus leisleri,0.013,0.026,-1,Echolocation,/mnt/ubna_data_01_mir/recover-20220825/UBNA_002/20220823_033000.WAV,Telephone Field,recover-20220825,002,1795
705.2755,705.2818,34921,49482,Myotis daubentonii,0.008,0.023,-1,Echolocation,/mnt/ubna_data_01_mir/recover-20220825/UBNA_002/20220823_033000.WAV,Telephone Field,recover-20220825,002,1795
705.2755,705.3078,68437,81001,Rhinolophus ferrumequinum,0.021,0.021,-1,Echolocation,/mnt/ubna_data_01_mir/recover-20220825/UBNA_002/20220823_033000.WAV,Telephone Field,recover-20220825,002,1795
705.2905,705.297,36640,54151,Pipistrellus nathusii,0.405,0.464,-1,Echolocation,/mnt/ubna_data_01_mir/recover-20220825/UBNA_002/20220823_033000.WAV,Telephone Field,recover-20220825,002,1795
705.2985,705.3052,26328,36343,Eptesicus serotinus,0.005,0.024,-1,Echolocation,/mnt/ubna_data_01_mir/recover-20220825/UBNA_002/20220823_033000.WAV,Telephone Field,recover-20220825,002,1795
705.3055,705.3366,68437,80059,Rhinolophus ferrumequinum,0.02,0.021,-1,Echolocation,/mnt/ubna_data_01_mir/recover-20220825/UBNA_002/20220823_033000.WAV,Telephone Field,recover-20220825,002,1795
705.3175,705.3249,26328,35514,Eptesicus serotinus,0.006,0.021,-1,Echolocation,/mnt/ubna_data_01_mir/recover-20220825/UBNA_002/20220823_033000.WAV,Telephone Field,recover-20220825,002,1795
705.3185,705.3538,68437,81337,Rhinolophus ferrumequinum,0.021,0.021,-1,Echolocation,/mnt/ubna_data_01_mir/recover-20220825/UBNA_002/20220823_033000.WAV,Telephone Field,recover-20220825,002,1795
705.3565,705.3953,68437,82656,Rhinolophus ferrumequinum,0.031,0.031,-1,Echolocation,/mnt/ubna_data_01_mir/recover-20220825/UBNA_002/20220823_033000.WAV,Telephone Field,recover-20220825,002,1795
705.3885,705.396,39218,49004,Pipistrellus nathusii,0.523,0.551,-1,Echolocation,/mnt/ubna_data_01_mir/recover-20220825/UBNA_002/20220823_033000.WAV,Telephone Field,recover-20220825,002,1795
705.3965,705.4043,27187,36780,Eptesicus serotinus,0.005,0.02,-1,Echolocation,/mnt/ubna_data_01_mir/recover-20220825/UBNA_002/20220823_033000.WAV,Telephone Field,recover-20220825,002,1795
705.4265,705.4352,28046,44545,Eptesicus serotinus,0.008,0.021,-1,Echolocation,/mnt/ubna_data_01_mir/recover-20220825/UBNA_002/20220823_033000.WAV,Telephone Field,recover-20220825,002,1795
705.4265,705.4347,59843,67630,Pipistrellus pygmaeus,0.028,0.028,-1,Echolocation,/mnt/ubna_data_01_mir/recover-20220825/UBNA_002/20220823_033000.WAV,Telephone Field,recover-20220825,002,1795
705.4465,705.4531,31484,47499,Myotis daubentonii,0.009,0.024,-1,Echolocation,/mnt/ubna_data_01_mir/recover-20220825/UBNA_002/20220823_033000.WAV,Telephone Field,recover-20220825,002,1795
705.4475,705.4578,44375,46673,Pipistrellus pipistrellus,0.041,0.05,-1,Echolocation,/mnt/ubna_data_01_mir/recover-20220825/UBNA_002/20220823_033000.WAV,Telephone Field,recover-20220825,002,1795
705.4475,705.4839,68437,82174,Rhinolophus ferrumequinum,0.023,0.023,-1,Echolocation,/mnt/ubna_data_01_mir/recover-20220825/UBNA_002/20220823_033000.WAV,Telephone Field,recover-20220825,002,1795
705.4555,705.4637,27187,37200,Eptesicus serotinus,0.008,0.022,-1,Echolocation,/mnt/ubna_data_01_mir/recover-20220825/UBNA_002/20220823_033000.WAV,Telephone Field,recover-20220825,002,1795
705.4795,705.5143,68437,80907,Rhinolophus ferrumequinum,0.021,0.021,-1,Echolocation,/mnt/ubna_data_01_mir/recover-20220825/UBNA_002/20220823_033000.WAV,Telephone Field,recover-20220825,002,1795
705.4855,705.4912,29765,64041,Myotis bechsteinii,0.042,0.091,-1,Echolocation,/mnt/ubna_data_01_mir/recover-20220825/UBNA_002/20220823_033000.WAV,Telephone Field,recover-20220825,002,1795
705.4865,705.4933,37500,53488,Pipistrellus nathusii,0.439,0.565,-1,Echolocation,/mnt/ubna_data_01_mir/recover-20220825/UBNA_002/20220823_033000.WAV,Telephone Field,recover-20220825,002,1795
705.4865,705.5223,68437,81420,Rhinolophus ferrumequinum,0.021,0.021,-1,Echolocation,/mnt/ubna_data_01_mir/recover-20220825/UBNA_002/20220823_033000.WAV,Telephone Field,recover-20220825,002,1795
705.4955,705.5013,31484,41870,Myotis daubentonii,0.01,0.022,-1,Echolocation,/mnt/ubna_data_01_mir/recover-20220825/UBNA_002/20220823_033000.WAV,Telephone Field,recover-20220825,002,1795
705.5235,705.5318,27187,37880,Eptesicus serotinus,0.007,0.021,-1,Echolocation,/mnt/ubna_data_01_mir/recover-20220825/UBNA_002/20220823_033000.WAV,Telephone Field,recover-20220825,002,1795
705.5585,705.5679,27187,39669,Eptesicus serotinus,0.011,0.025,-1,Echolocation,/mnt/ubna_data_01_mir/recover-20220825/UBNA_002/20220823_033000.WAV,Telephone Field,recover-20220825,002,1795
705.5615,705.5694,32343,42556,Barbastellus barbastellus,0.006,0.022,-1,Echolocation,/mnt/ubna_data_01_mir/recover-20220825/UBNA_002/20220823_033000.WAV,Telephone Field,recover-20220825,002,1795
705.5745,705.5811,32343,43551,Myotis daubentonii,0.008,0.021,-1,Echolocation,/mnt/ubna_data_01_mir/recover-20220825/UBNA_002/20220823_033000.WAV,Telephone Field,recover-20220825,002,1795
705.5885,705.5951,41796,49857,Pipistrellus nathusii,0.452,0.502,-1,Echolocation,/mnt/ubna_data_01_mir/recover-20220825/UBNA_002/20220823_033000.WAV,Telephone Field,recover-20220825,002,1795
705.5985,705.6076,54687,64185,Pipistrellus pygmaeus,0.022,0.022,-1,Echolocation,/mnt/ubna_data_01_mir/recover-20220825/UBNA_002/20220823_033000.WAV,Telephone Field,recover-20220825,002,1795
705.6675,705.6751,28046,43823,Eptesicus serotinus,0.007,0.023,-1,Echolocation,/mnt/ubna_data_01_mir/recover-20220825/UBNA_002/20220823_033000.WAV,Telephone Field,recover-20220825,002,1795
705.6875,705.6929,37500,51536,Pipistrellus nathusii,0.322,0.463,-1,Echolocation,/mnt/ubna_data_01_mir/recover-20220825/UBNA_002/20220823_033000.WAV,Telephone Field,recover-20220825,002,1795
705.6885,705.6944,47812,51607,Pipistrellus pipistrellus,0.016,0.027,-1,Echolocation,/mnt/ubna_data_01_mir/recover-20220825/UBNA_002/20220823_033000.WAV,Telephone Field,recover-20220825,002,1795
705.6965,705.7023,29765,42143,Myotis daubentonii,0.009,0.022,-1,Echolocation,/mnt/ubna_data_01_mir/recover-20220825/UBNA_002/20220823_033000.WAV,Telephone Field,recover-20220825,002,1795
705.7115,705.7215,26328,33102,Eptesicus serotinus,0.009,0.024,-1,Echolocation,/mnt/ubna_data_01_mir/recover-20220825/UBNA_002/20220823_033000.WAV,Telephone Field,recover-20220825,002,1795
705.7485,705.7558,28046,37809,Eptesicus serotinus,0.007,0.022,-1,Echolocation,/mnt/ubna_data_01_mir/recover-20220825/UBNA_002/20220823_033000.WAV,Telephone Field,recover-20220825,002,1795
705.7865,705.7927,42656,49140,Pipistrellus nathusii,0.095,0.133,-1,Echolocation,/mnt/ubna_data_01_mir/recover-20220825/UBNA_002/20220823_033000.WAV,Telephone Field,recover-20220825,002,1795
705.7905,705.7974,52109,57943,Pipistrellus pygmaeus,0.02,0.021,-1,Echolocation,/mnt/ubna_data_01_mir/recover-20220825/UBNA_002/20220823_033000.WAV,Telephone Field,recover-20220825,002,1795
705.8135,705.8463,68437,81244,Rhinolophus ferrumequinum,0.02,0.021,-1,Echolocation,/mnt/ubna_data_01_mir/recover-20220825/UBNA_002/20220823_033000.WAV,Telephone Field,recover-20220825,002,1795
705.8325,705.8411,28046,38831,Eptesicus serotinus,0.008,0.021,-1,Echolocation,/mnt/ubna_data_01_mir/recover-20220825/UBNA_002/20220823_033000.WAV,Telephone Field,recover-20220825,002,1795
705.8475,705.8849,68437,81853,Rhinolophus ferrumequinum,0.02,0.02,-1,Echolocation,/mnt/ubna_data_01_mir/recover-20220825/UBNA_002/20220823_033000.WAV,Telephone Field,recover-20220825,002,1795
705.8505,705.8618,40937,45853,Pipistrellus nathusii,0.024,0.035,-1,Echolocation,/mnt/ubna_data_01_mir/recover-20220825/UBNA_002/20220823_033000.WAV,Telephone Field,recover-20220825,002,1795
705.8845,705.8916,38359,52658,Pipistrellus nathusii,0.437,0.509,-1,Echolocation,/mnt/ubna_data_01_mir/recover-20220825/UBNA_002/20220823_033000.WAV,Telephone Field,recover-20220825,002,1795
705.9635,705.9721,28046,39382,Eptesicus serotinus,0.01,0.027,-1,Echolocation,/mnt/ubna_data_01_mir/recover-20220825/UBNA_002/20220823_033000.WAV,Telephone Field,recover-20220825,002,1795
705.9685,705.9771,40078,46273,Pipistrellus nathusii,0.029,0.042,-1,Echolocation,/mnt/ubna_data_01_mir/recover-20220825/UBNA_002/20220823_033000.WAV,Telephone Field,recover-20220825,002,1795
705.9825,705.9884,41796,49565,Pipistrellus nathusii,0.446,0.479,-1,Echolocation,/mnt/ubna_data_01_mir/recover-20220825/UBNA_002/20220823_033000.WAV,Telephone Field,recover-20220825,002,1795
706.0015,706.0137,23750,28747,Nyctalus leisleri,0.03,0.061,-1,Echolocation,/mnt/ubna_data_01_mir/recover-20220825/UBNA_002/20220823_033000.WAV,Telephone Field,recover-20220825,002,1795
706.0015,706.012,38359,44037,Pipistrellus nathusii,0.048,0.059,-1,Echolocation,/mnt/ubna_data_01_mir/recover-20220825/UBNA_002/20220823_033000.WAV,Telephone Field,recover-20220825,002,1795
706.0015,706.03,68437,79072,Rhinolophus ferrumequinum,0.039,0.04,-1,Echolocation,/mnt/ubna_data_01_mir/recover-20220825/UBNA_002/20220823_033000.WAV,Telephone Field,recover-20220825,002,1795
706.0335,706.0433,28046,36127,Eptesicus serotinus,0.009,0.023,-1,Echolocation,/mnt/ubna_data_01_mir/recover-20220825/UBNA_002/20220823_033000.WAV,Telephone Field,recover-20220825,002,1795
706.0465,706.055,28046,36310,Eptesicus serotinus,0.008,0.023,-1,Echolocation,/mnt/ubna_data_01_mir/recover-20220825/UBNA_002/20220823_033000.WAV,Telephone Field,recover-20220825,002,1795
706.0495,706.0615,22890,27938,Nyctalus leisleri,0.011,0.024,-1,Echolocation,/mnt/ubna_data_01_mir/recover-20220825/UBNA_002/20220823_033000.WAV,Telephone Field,recover-20220825,002,1795
706.0555,706.0746,19453,22280,Nyctalus leisleri,0.013,0.024,-1,Echolocation,/mnt/ubna_data_01_mir/recover-20220825/UBNA_002/20220823_033000.WAV,Telephone Field,recover-20220825,002,1795
706.0775,706.0833,37500,54295,Pipistrellus nathusii,0.247,0.403,-1,Echolocation,/mnt/ubna_data_01_mir/recover-20220825/UBNA_002/20220823_033000.WAV,Telephone Field,recover-20220825,002,1795
706.1065,706.1143,28046,38438,Eptesicus serotinus,0.008,0.024,-1,Echolocation,/mnt/ubna_data_01_mir/recover-20220825/UBNA_002/20220823_033000.WAV,Telephone Field,recover-20220825,002,1795
706.1215,706.1324,28046,35420,Eptesicus serotinus,0.011,0.025,-1,Echolocation,/mnt/ubna_data_01_mir/recover-20220825/UBNA_002/20220823_033000.WAV,Telephone Field,recover-20220825,002,1795
706.1514999999999,706.1882,68437,82054,Rhinolophus ferrumequinum,0.023,0.023,-1,Echolocation,/mnt/ubna_data_01_mir/recover-20220825/UBNA_002/20220823_033000.WAV,Telephone Field,recover-20220825,002,1795
706.1595,706.1679,49531,53117,Pipistrellus pipistrellus,0.015,0.027,-1,Echolocation,/mnt/ubna_data_01_mir/recover-20220825/UBNA_002/20220823_033000.WAV,Telephone Field,recover-20220825,002,1795
706.1615,706.1673,37500,51715,Pipistrellus nathusii,0.256,0.492,-1,Echolocation,/mnt/ubna_data_01_mir/recover-20220825/UBNA_002/20220823_033000.WAV,Telephone Field,recover-20220825,002,1795
706.1705,706.208,68437,81945,Rhinolophus ferrumequinum,0.022,0.022,-1,Echolocation,/mnt/ubna_data_01_mir/recover-20220825/UBNA_002/20220823_033000.WAV,Telephone Field,recover-20220825,002,1795
706.2025,706.2414,68437,81982,Rhinolophus ferrumequinum,0.025,0.025,-1,Echolocation,/mnt/ubna_data_01_mir/recover-20220825/UBNA_002/20220823_033000.WAV,Telephone Field,recover-20220825,002,1795
706.2095,706.2477,68437,82231,Rhinolophus ferrumequinum,0.024,0.025,-1,Echolocation,/mnt/ubna_data_01_mir/recover-20220825/UBNA_002/20220823_033000.WAV,Telephone Field,recover-20220825,002,1795
706.2235000000001,706.262,68437,82027,Rhinolophus ferrumequinum,0.023,0.023,-1,Echolocation,/mnt/ubna_data_01_mir/recover-20220825/UBNA_002/20220823_033000.WAV,Telephone Field,recover-20220825,002,1795
706.2275,706.2351,26328,35370,Eptesicus serotinus,0.008,0.026,-1,Echolocation,/mnt/ubna_data_01_mir/recover-20220825/UBNA_002/20220823_033000.WAV,Telephone Field,recover-20220825,002,1795
706.2455,706.2518,38359,53326,Pipistrellus nathusii,0.302,0.518,-1,Echolocation,/mnt/ubna_data_01_mir/recover-20220825/UBNA_002/20220823_033000.WAV,Telephone Field,recover-20220825,002,1795
706.2545,706.2610999999999,25468,32365,Eptesicus serotinus,0.006,0.022,-1,Echolocation,/mnt/ubna_data_01_mir/recover-20220825/UBNA_002/20220823_033000.WAV,Telephone Field,recover-20220825,002,1795
706.2555,706.2621,34062,42404,Myotis daubentonii,0.011,0.023,-1,Echolocation,/mnt/ubna_data_01_mir/recover-20220825/UBNA_002/20220823_033000.WAV,Telephone Field,recover-20220825,002,1795
706.3075,706.3182,24609,30647,Nyctalus leisleri,0.011,0.029,-1,Echolocation,/mnt/ubna_data_01_mir/recover-20220825/UBNA_002/20220823_033000.WAV,Telephone Field,recover-20220825,002,1795
706.3325,706.3459,25468,31017,Eptesicus serotinus,0.017,0.039,-1,Echolocation,/mnt/ubna_data_01_mir/recover-20220825/UBNA_002/20220823_033000.WAV,Telephone Field,recover-20220825,002,1795
706.3335,706.3714,68437,82314,Rhinolophus ferrumequinum,0.029,0.029,-1,Echolocation,/mnt/ubna_data_01_mir/recover-20220825/UBNA_002/20220823_033000.WAV,Telephone Field,recover-20220825,002,1795
706.3415,706.347,37500,49915,Pipistrellus nathusii,0.256,0.402,-1,Echolocation,/mnt/ubna_data_01_mir/recover-20220825/UBNA_002/20220823_033000.WAV,Telephone Field,recover-20220825,002,1795
706.3855,706.3971,22890,28287,Nyctalus leisleri,0.01,0.023,-1,Echolocation,/mnt/ubna_data_01_mir/recover-20220825/UBNA_002/20220823_033000.WAV,Telephone Field,recover-20220825,002,1795
706.3945,706.4024,26328,35400,Eptesicus serotinus,0.007,0.023,-1,Echolocation,/mnt/ubna_data_01_mir/recover-20220825/UBNA_002/20220823_033000.WAV,Telephone Field,recover-20220825,002,1795
706.3965,706.4037,39218,50955,Myotis brandtii,0.008,0.023,-1,Echolocation,/mnt/ubna_data_01_mir/recover-20220825/UBNA_002/20220823_033000.WAV,Telephone Field,recover-20220825,002,1795
706.4105,706.4198,27187,35481,Eptesicus serotinus,0.012,0.027,-1,Echolocation,/mnt/ubna_data_01_mir/recover-20220825/UBNA_002/20220823_033000.WAV,Telephone Field,recover-20220825,002,1795
706.4105,706.4497,68437,82194,Rhinolophus ferrumequinum,0.024,0.025,-1,Echolocation,/mnt/ubna_data_01_mir/recover-20220825/UBNA_002/20220823_033000.WAV,Telephone Field,recover-20220825,002,1795
706.4375,706.4441,37500,51269,Pipistrellus nathusii,0.432,0.57,-1,Echolocation,/mnt/ubna_data_01_mir/recover-20220825/UBNA_002/20220823_033000.WAV,Telephone Field,recover-20220825,002,1795
706.4815,706.487,49531,58073,Pipistrellus pipistrellus,0.025,0.036,-1,Echolocation,/mnt/ubna_data_01_mir/recover-20220825/UBNA_002/20220823_033000.WAV,Telephone Field,recover-20220825,002,1795
706.4845,706.4906,37500,50829,Myotis brandtii,0.009,0.024,-1,Echolocation,/mnt/ubna_data_01_mir/recover-20220825/UBNA_002/20220823_033000.WAV,Telephone Field,recover-20220825,002,1795
706.4905,706.4982,26328,36907,Eptesicus serotinus,0.011,0.027,-1,Echolocation,/mnt/ubna_data_01_mir/recover-20220825/UBNA_002/20220823_033000.WAV,Telephone Field,recover-20220825,002,1795
706.4955,706.5041,56406,61999,Pipistrellus pygmaeus,0.034,0.035,-1,Echolocation,/mnt/ubna_data_01_mir/recover-20220825/UBNA_002/20220823_033000.WAV,Telephone Field,recover-20220825,002,1795
706.5005,706.5091,27187,34610,Eptesicus serotinus,0.011,0.027,-1,Echolocation,/mnt/ubna_data_01_mir/recover-20220825/UBNA_002/20220823_033000.WAV,Telephone Field,recover-20220825,002,1795
706.5205,706.5588,68437,82399,Rhinolophus ferrumequinum,0.023,0.023,-1,Echolocation,/mnt/ubna_data_01_mir/recover-20220825/UBNA_002/20220823_033000.WAV,Telephone Field,recover-20220825,002,1795
706.5315,706.5381,38359,48709,Pipistrellus nathusii,0.237,0.428,-1,Echolocation,/mnt/ubna_data_01_mir/recover-20220825/UBNA_002/20220823_033000.WAV,Telephone Field,recover-20220825,002,1795
706.5335,706.5406,51250,58594,Pipistrellus pipistrellus,0.012,0.023,-1,Echolocation,/mnt/ubna_data_01_mir/recover-20220825/UBNA_002/20220823_033000.WAV,Telephone Field,recover-20220825,002,1795
706.5415,706.5481,26328,34517,Eptesicus serotinus,0.006,0.022,-1,Echolocation,/mnt/ubna_data_01_mir/recover-20220825/UBNA_002/20220823_033000.WAV,Telephone Field,recover-20220825,002,1795
706.5585,706.5701,28906,35507,Eptesicus serotinus,0.016,0.029,-1,Echolocation,/mnt/ubna_data_01_mir/recover-20220825/UBNA_002/20220823_033000.WAV,Telephone Field,recover-20220825,002,1795
706.5685,706.5785,28046,35478,Eptesicus serotinus,0.008,0.023,-1,Echolocation,/mnt/ubna_data_01_mir/recover-20220825/UBNA_002/20220823_033000.WAV,Telephone Field,recover-20220825,002,1795
706.5905,706.5974,47812,55195,Pipistrellus pipistrellus,0.025,0.03,-1,Echolocation,/mnt/ubna_data_01_mir/recover-20220825/UBNA_002/20220823_033000.WAV,Telephone Field,recover-20220825,002,1795
706.5915,706.5994,27187,35376,Eptesicus serotinus,0.008,0.024,-1,Echolocation,/mnt/ubna_data_01_mir/recover-20220825/UBNA_002/20220823_033000.WAV,Telephone Field,recover-20220825,002,1795
706.6295,706.6367,37500,47062,Pipistrellus nathusii,0.353,0.534,-1,Echolocation,/mnt/ubna_data_01_mir/recover-20220825/UBNA_002/20220823_033000.WAV,Telephone Field,recover-20220825,002,1795
706.6475,706.6877,68437,82439,Rhinolophus ferrumequinum,0.024,0.024,-1,Echolocation,/mnt/ubna_data_01_mir/recover-20220825/UBNA_002/20220823_033000.WAV,Telephone Field,recover-20220825,002,1795
706.6645,706.6709,27187,42045,Eptesicus serotinus,0.009,0.033,-1,Echolocation,/mnt/ubna_data_01_mir/recover-20220825/UBNA_002/20220823_033000.WAV,Telephone Field,recover-20220825,002,1795
706.6815,706.6915,28046,35745,Eptesicus serotinus,0.012,0.025,-1,Echolocation,/mnt/ubna_data_01_mir/recover-20220825/UBNA_002/20220823_033000.WAV,Telephone Field,recover-20220825,002,1795
706.6825,706.7201,68437,81430,Rhinolophus ferrumequinum,0.025,0.025,-1,Echolocation,/mnt/ubna_data_01_mir/recover-20220825/UBNA_002/20220823_033000.WAV,Telephone Field,recover-20220825,002,1795
706.7195,706.7292,23750,31060,Nyctalus leisleri,0.007,0.025,-1,Echolocation,/mnt/ubna_data_01_mir/recover-20220825/UBNA_002/20220823_033000.WAV,Telephone Field,recover-20220825,002,1795
706.7285,706.762,68437,80843,Rhinolophus ferrumequinum,0.022,0.023,-1,Echolocation,/mnt/ubna_data_01_mir/recover-20220825/UBNA_002/20220823_033000.WAV,Telephone Field,recover-20220825,002,1795
706.7315,706.7383,40078,52224,Pipistrellus nathusii,0.406,0.559,-1,Echolocation,/mnt/ubna_data_01_mir/recover-20220825/UBNA_002/20220823_033000.WAV,Telephone Field,recover-20220825,002,1795
706.7635,706.7725,49531,53961,Pipistrellus pipistrellus,0.018,0.024,-1,Echolocation,/mnt/ubna_data_01_mir/recover-20220825/UBNA_002/20220823_033000.WAV,Telephone Field,recover-20220825,002,1795
706.8285,706.8352,39218,50929,Pipistrellus nathusii,0.35,0.507,-1,Echolocation,/mnt/ubna_data_01_mir/recover-20220825/UBNA_002/20220823_033000.WAV,Telephone Field,recover-20220825,002,1795
706.8995,706.9392,68437,82925,Rhinolophus ferrumequinum,0.028,0.028,-1,Echolocation,/mnt/ubna_data_01_mir/recover-20220825/UBNA_002/20220823_033000.WAV,Telephone Field,recover-20220825,002,1795
706.9285,706.9397,23750,30035,Nyctalus leisleri,0.013,0.03,-1,Echolocation,/mnt/ubna_data_01_mir/recover-20220825/UBNA_002/20220823_033000.WAV,Telephone Field,recover-20220825,002,1795
706.9305,706.945,41796,45428,Pipistrellus nathusii,0.05,0.064,-1,Echolocation,/mnt/ubna_data_01_mir/recover-20220825/UBNA_002/20220823_033000.WAV,Telephone Field,recover-20220825,002,1795
706.9715,706.9778,31484,47904,Myotis daubentonii,0.012,0.024,-1,Echolocation,/mnt/ubna_data_01_mir/recover-20220825/UBNA_002/20220823_033000.WAV,Telephone Field,recover-20220825,002,1795
706.9715,706.978,27187,43118,Eptesicus serotinus,0.008,0.028,-1,Echolocation,/mnt/ubna_data_01_mir/recover-20220825/UBNA_002/20220823_033000.WAV,Telephone Field,recover-20220825,002,1795
706.9835,706.9904,27187,36355,Eptesicus serotinus,0.007,0.025,-1,Echolocation,/mnt/ubna_data_01_mir/recover-20220825/UBNA_002/20220823_033000.WAV,Telephone Field,recover-20220825,002,1795
706.9885,707.028,68437,82063,Rhinolophus ferrumequinum,0.022,0.022,-1,Echolocation,/mnt/ubna_data_01_mir/recover-20220825/UBNA_002/20220823_033000.WAV,Telephone Field,recover-20220825,002,1795
707.0215,707.0273,39218,52140,Pipistrellus nathusii,0.241,0.374,-1,Echolocation,/mnt/ubna_data_01_mir/recover-20220825/UBNA_002/20220823_033000.WAV,Telephone Field,recover-20220825,002,1795
707.0565,707.0652,27187,38213,Eptesicus serotinus,0.009,0.023,-1,Echolocation,/mnt/ubna_data_01_mir/recover-20220825/UBNA_002/20220823_033000.WAV,Telephone Field,recover-20220825,002,1795
707.0805,707.0896,27187,37460,Eptesicus serotinus,0.009,0.023,-1,Echolocation,/mnt/ubna_data_01_mir/recover-20220825/UBNA_002/20220823_033000.WAV,Telephone Field,recover-20220825,002,1795
707.1065,707.1138,39218,48758,Pipistrellus nathusii,0.301,0.413,-1,Echolocation,/mnt/ubna_data_01_mir/recover-20220825/UBNA_002/20220823_033000.WAV,Telephone Field,recover-20220825,002,1795
707.1085,707.1172,54687,63083,Pipistrellus pygmaeus,0.023,0.026,-1,Echolocation,/mnt/ubna_data_01_mir/recover-20220825/UBNA_002/20220823_033000.WAV,Telephone Field,recover-20220825,002,1795
707.1555,707.1636,27187,36162,Eptesicus serotinus,0.008,0.025,-1,Echolocation,/mnt/ubna_data_01_mir/recover-20220825/UBNA_002/20220823_033000.WAV,Telephone Field,recover-20220825,002,1795
707.2135,707.2221,52968,59193,Pipistrellus pygmaeus,0.03,0.032,-1,Echolocation,/mnt/ubna_data_01_mir/recover-20220825/UBNA_002/20220823_033000.WAV,Telephone Field,recover-20220825,002,1795
707.2315,707.2395,27187,38362,Eptesicus serotinus,0.008,0.023,-1,Echolocation,/mnt/ubna_data_01_mir/recover-20220825/UBNA_002/20220823_033000.WAV,Telephone Field,recover-20220825,002,1795
707.2455,707.2821,68437,81200,Rhinolophus ferrumequinum,0.027,0.027,-1,Echolocation,/mnt/ubna_data_01_mir/recover-20220825/UBNA_002/20220823_033000.WAV,Telephone Field,recover-20220825,002,1795
707.2645,707.27,29765,41369,Barbastellus barbastellus,0.025,0.074,-1,Echolocation,/mnt/ubna_data_01_mir/recover-20220825/UBNA_002/20220823_033000.WAV,Telephone Field,recover-20220825,002,1795
707.2665,707.2745,40937,47369,Pipistrellus nathusii,0.017,0.028,-1,Echolocation,/mnt/ubna_data_01_mir/recover-20220825/UBNA_002/20220823_033000.WAV,Telephone Field,recover-20220825,002,1795
707.2735,707.3093,68437,81664,Rhinolophus ferrumequinum,0.023,0.023,-1,Echolocation,/mnt/ubna_data_01_mir/recover-20220825/UBNA_002/20220823_033000.WAV,Telephone Field,recover-20220825,002,1795
707.2985,707.3049,38359,48370,Pipistrellus nathusii,0.458,0.609,-1,Echolocation,/mnt/ubna_data_01_mir/recover-20220825/UBNA_002/20220823_033000.WAV,Telephone Field,recover-20220825,002,1795
707.3095,707.3188,27187,34531,Eptesicus serotinus,0.01,0.028,-1,Echolocation,/mnt/ubna_data_01_mir/recover-20220825/UBNA_002/20220823_033000.WAV,Telephone Field,recover-20220825,002,1795
707.3365,707.3767,68437,82638,Rhinolophus ferrumequinum,0.031,0.031,-1,Echolocation,/mnt/ubna_data_01_mir/recover-20220825/UBNA_002/20220823_033000.WAV,Telephone Field,recover-20220825,002,1795
707.3945,707.4009,38359,49363,Pipistrellus nathusii,0.482,0.593,-1,Echolocation,/mnt/ubna_data_01_mir/recover-20220825/UBNA_002/20220823_033000.WAV,Telephone Field,recover-20220825,002,1795
707.4025,707.4084,30625,40061,Myotis daubentonii,0.013,0.023,-1,Echolocation,/mnt/ubna_data_01_mir/recover-20220825/UBNA_002/20220823_033000.WAV,Telephone Field,recover-20220825,002,1795
707.4395,707.4489,49531,54364,Pipistrellus pipistrellus,0.024,0.034,-1,Echolocation,/mnt/ubna_data_01_mir/recover-20220825/UBNA_002/20220823_033000.WAV,Telephone Field,recover-20220825,002,1795
707.4595,707.499,68437,82553,Rhinolophus ferrumequinum,0.026,0.026,-1,Echolocation,/mnt/ubna_data_01_mir/recover-20220825/UBNA_002/20220823_033000.WAV,Telephone Field,recover-20220825,002,1795
707.4885,707.4956999999999,39218,49436,Pipistrellus nathusii,0.393,0.574,-1,Echolocation,/mnt/ubna_data_01_mir/recover-20220825/UBNA_002/20220823_033000.WAV,Telephone Field,recover-20220825,002,1795
707.4885,707.5013,16015,20708,Nyctalus noctula,0.01,0.023,-1,Echolocation,/mnt/ubna_data_01_mir/recover-20220825/UBNA_002/20220823_033000.WAV,Telephone Field,recover-20220825,002,1795
707.4975,707.5035,31484,41648,Myotis daubentonii,0.014,0.026,-1,Echolocation,/mnt/ubna_data_01_mir/recover-20220825/UBNA_002/20220823_033000.WAV,Telephone Field,recover-20220825,002,1795
707.5255,707.5644,68437,82184,Rhinolophus ferrumequinum,0.023,0.023,-1,Echolocation,/mnt/ubna_data_01_mir/recover-20220825/UBNA_002/20220823_033000.WAV,Telephone Field,recover-20220825,002,1795
707.5685,707.5782,48671,52766,Pipistrellus pipistrellus,0.024,0.032,-1,Echolocation,/mnt/ubna_data_01_mir/recover-20220825/UBNA_002/20220823_033000.WAV,Telephone Field,recover-20220825,002,1795
707.5835,707.6204,68437,81835,Rhinolophus ferrumequinum,0.028,0.028,-1,Echolocation,/mnt/ubna_data_01_mir/recover-20220825/UBNA_002/20220823_033000.WAV,Telephone Field,recover-20220825,002,1795
707.5885,707.5962,39218,48626,Pipistrellus nathusii,0.351,0.522,-1,Echolocation,/mnt/ubna_data_01_mir/recover-20220825/UBNA_002/20220823_033000.WAV,Telephone Field,recover-20220825,002,1795
707.6435,707.6513,27187,42419,Eptesicus serotinus,0.009,0.025,-1,Echolocation,/mnt/ubna_data_01_mir/recover-20220825/UBNA_002/20220823_033000.WAV,Telephone Field,recover-20220825,002,1795
707.6465,707.6529,32343,44136,Myotis daubentonii,0.011,0.027,-1,Echolocation,/mnt/ubna_data_01_mir/recover-20220825/UBNA_002/20220823_033000.WAV,Telephone Field,recover-20220825,002,1795
707.6645,707.6789,29765,33986,Eptesicus serotinus,0.015,0.035,-1,Echolocation,/mnt/ubna_data_01_mir/recover-20220825/UBNA_002/20220823_033000.WAV,Telephone Field,recover-20220825,002,1795
707.6785,707.715,68437,81576,Rhinolophus ferrumequinum,0.024,0.024,-1,Echolocation,/mnt/ubna_data_01_mir/recover-20220825/UBNA_002/20220823_033000.WAV,Telephone Field,recover-20220825,002,1795
707.6855,707.6922,39218,48765,Pipistrellus nathusii,0.267,0.41,-1,Echolocation,/mnt/ubna_data_01_mir/recover-20220825/UBNA_002/20220823_033000.WAV,Telephone Field,recover-20220825,002,1795
707.6875,707.702,16015,20479,Nyctalus noctula,0.016,0.03,-1,Echolocation,/mnt/ubna_data_01_mir/recover-20220825/UBNA_002/20220823_033000.WAV,Telephone Field,recover-20220825,002,1795
707.7275,707.7666,68437,82643,Rhinolophus ferrumequinum,0.024,0.024,-1,Echolocation,/mnt/ubna_data_01_mir/recover-20220825/UBNA_002/20220823_033000.WAV,Telephone Field,recover-20220825,002,1795
707.7345,707.7712,68437,81955,Rhinolophus ferrumequinum,0.023,0.023,-1,Echolocation,/mnt/ubna_data_01_mir/recover-20220825/UBNA_002/20220823_033000.WAV,Telephone Field,recover-20220825,002,1795
707.7715,707.7799,28046,37388,Eptesicus serotinus,0.009,0.025,-1,Echolocation,/mnt/ubna_data_01_mir/recover-20220825/UBNA_002/20220823_033000.WAV,Telephone Field,recover-20220825,002,1795
707.7815,707.8208,68437,82554,Rhinolophus ferrumequinum,0.026,0.026,-1,Echolocation,/mnt/ubna_data_01_mir/recover-20220825/UBNA_002/20220823_033000.WAV,Telephone Field,recover-20220825,002,1795
707.7825,707.8013,21171,25307,Nyctalus leisleri,0.013,0.028,-1,Echolocation,/mnt/ubna_data_01_mir/recover-20220825/UBNA_002/20220823_033000.WAV,Telephone Field,recover-20220825,002,1795
707.7855,707.7938,26328,34394,Eptesicus serotinus,0.009,0.028,-1,Echolocation,/mnt/ubna_data_01_mir/recover-20220825/UBNA_002/20220823_033000.WAV,Telephone Field,recover-20220825,002,1795
707.7855,707.7949,40937,46260,Pipistrellus nathusii,0.057,0.072,-1,Echolocation,/mnt/ubna_data_01_mir/recover-20220825/UBNA_002/20220823_033000.WAV,Telephone Field,recover-20220825,002,1795
707.8865,707.8964,28046,35268,Eptesicus serotinus,0.01,0.025,-1,Echolocation,/mnt/ubna_data_01_mir/recover-20220825/UBNA_002/20220823_033000.WAV,Telephone Field,recover-20220825,002,1795
707.9065,707.94,68437,81445,Rhinolophus ferrumequinum,0.022,0.022,-1,Echolocation,/mnt/ubna_data_01_mir/recover-20220825/UBNA_002/20220823_033000.WAV,Telephone Field,recover-20220825,002,1795
707.9225,707.9627,68437,82395,Rhinolophus ferrumequinum,0.025,0.025,-1,Echolocation,/mnt/ubna_data_01_mir/recover-20220825/UBNA_002/20220823_033000.WAV,Telephone Field,recover-20220825,002,1795
707.9285,707.934,39218,54226,Myotis brandtii,0.009,0.029,-1,Echolocation,/mnt/ubna_data_01_mir/recover-20220825/UBNA_002/20220823_033000.WAV,Telephone Field,recover-20220825,002,1795
707.9285,707.9359,27187,39737,Eptesicus serotinus,0.007,0.025,-1,Echolocation,/mnt/ubna_data_01_mir/recover-20220825/UBNA_002/20220823_033000.WAV,Telephone Field,recover-20220825,002,1795
707.9355,707.9427,54687,59544,Pipistrellus pygmaeus,0.026,0.026,-1,Echolocation,/mnt/ubna_data_01_mir/recover-20220825/UBNA_002/20220823_033000.WAV,Telephone Field,recover-20220825,002,1795
707.9795,707.9893,37500,44072,Pipistrellus nathusii,0.179,0.256,-1,Echolocation,/mnt/ubna_data_01_mir/recover-20220825/UBNA_002/20220823_033000.WAV,Telephone Field,recover-20220825,002,1795
707.9865,707.9938,25468,34509,Eptesicus serotinus,0.007,0.023,-1,Echolocation,/mnt/ubna_data_01_mir/recover-20220825/UBNA_002/20220823_033000.WAV,Telephone Field,recover-20220825,002,1795
708.0015,708.0098,22890,32689,Nyctalus leisleri,0.009,0.034,-1,Echolocation,/mnt/ubna_data_01_mir/recover-20220825/UBNA_002/20220823_033000.WAV,Telephone Field,recover-20220825,002,1795
708.0015,708.0294,69296,81904,Rhinolophus ferrumequinum,0.037,0.037,-1,Echolocation,/mnt/ubna_data_01_mir/recover-20220825/UBNA_002/20220823_033000.WAV,Telephone Field,recover-20220825,002,1795
708.0015,708.0104,47812,55817,Pipistrellus pipistrellus,0.015,0.029,-1,Echolocation,/mnt/ubna_data_01_mir/recover-20220825/UBNA_002/20220823_033000.WAV,Telephone Field,recover-20220825,002,1795
708.0015,708.0094,33203,42976,Myotis daubentonii,0.007,0.024,-1,Echolocation,/mnt/ubna_data_01_mir/recover-20220825/UBNA_002/20220823_033000.WAV,Telephone Field,recover-20220825,002,1795
708.0365,708.0445,44375,52122,Pipistrellus nathusii,0.02,0.04,-1,Echolocation,/mnt/ubna_data_01_mir/recover-20220825/UBNA_002/20220823_033000.WAV,Telephone Field,recover-20220825,002,1795
708.0395,708.0453,31484,52935,Myotis daubentonii,0.019,0.034,-1,Echolocation,/mnt/ubna_data_01_mir/recover-20220825/UBNA_002/20220823_033000.WAV,Telephone Field,recover-20220825,002,1795
708.0555,708.0676,24609,31740,Eptesicus serotinus,0.02,0.049,-1,Echolocation,/mnt/ubna_data_01_mir/recover-20220825/UBNA_002/20220823_033000.WAV,Telephone Field,recover-20220825,002,1795
708.0715,708.0801,26328,39808,Eptesicus serotinus,0.009,0.024,-1,Echolocation,/mnt/ubna_data_01_mir/recover-20220825/UBNA_002/20220823_033000.WAV,Telephone Field,recover-20220825,002,1795
708.0735,708.0821,42656,47946,Pipistrellus nathusii,0.03,0.044,-1,Echolocation,/mnt/ubna_data_01_mir/recover-20220825/UBNA_002/20220823_033000.WAV,Telephone Field,recover-20220825,002,1795
708.1055,708.1152,27187,35638,Eptesicus serotinus,0.011,0.027,-1,Echolocation,/mnt/ubna_data_01_mir/recover-20220825/UBNA_002/20220823_033000.WAV,Telephone Field,recover-20220825,002,1795
708.1295,708.1353,34062,53646,Myotis daubentonii,0.013,0.03,-1,Echolocation,/mnt/ubna_data_01_mir/recover-20220825/UBNA_002/20220823_033000.WAV,Telephone Field,recover-20220825,002,1795
708.1305,708.1395,26328,36311,Eptesicus serotinus,0.01,0.028,-1,Echolocation,/mnt/ubna_data_01_mir/recover-20220825/UBNA_002/20220823_033000.WAV,Telephone Field,recover-20220825,002,1795
708.1705,708.1775,40078,49116,Pipistrellus nathusii,0.343,0.524,-1,Echolocation,/mnt/ubna_data_01_mir/recover-20220825/UBNA_002/20220823_033000.WAV,Telephone Field,recover-20220825,002,1795
708.1805,708.1906,26328,32686,Eptesicus serotinus,0.011,0.029,-1,Echolocation,/mnt/ubna_data_01_mir/recover-20220825/UBNA_002/20220823_033000.WAV,Telephone Field,recover-20220825,002,1795
708.1895,708.2277,68437,81430,Rhinolophus ferrumequinum,0.024,0.024,-1,Echolocation,/mnt/ubna_data_01_mir/recover-20220825/UBNA_002/20220823_033000.WAV,Telephone Field,recover-20220825,002,1795
708.2305,708.2709,68437,83172,Rhinolophus ferrumequinum,0.027,0.027,-1,Echolocation,/mnt/ubna_data_01_mir/recover-20220825/UBNA_002/20220823_033000.WAV,Telephone Field,recover-20220825,002,1795
708.2465,708.2574,52968,57268,Pipistrellus pygmaeus,0.028,0.03,-1,Echolocation,/mnt/ubna_data_01_mir/recover-20220825/UBNA_002/20220823_033000.WAV,Telephone Field,recover-20220825,002,1795
708.2555,708.2625,40937,53465,Pipistrellus nathusii,0.192,0.299,-1,Echolocation,/mnt/ubna_data_01_mir/recover-20220825/UBNA_002/20220823_033000.WAV,Telephone Field,recover-20220825,002,1795
708.3205,708.3281,26328,36332,Eptesicus serotinus,0.007,0.024,-1,Echolocation,/mnt/ubna_data_01_mir/recover-20220825/UBNA_002/20220823_033000.WAV,Telephone Field,recover-20220825,002,1795
708.3535,708.3599,40078,47915,Pipistrellus nathusii,0.211,0.37,-1,Echolocation,/mnt/ubna_data_01_mir/recover-20220825/UBNA_002/20220823_033000.WAV,Telephone Field,recover-20220825,002,1795
708.3595,708.3713,22031,27407,Nyctalus leisleri,0.012,0.031,-1,Echolocation,/mnt/ubna_data_01_mir/recover-20220825/UBNA_002/20220823_033000.WAV,Telephone Field,recover-20220825,002,1795
708.3955,708.4018,30625,44739,Myotis daubentonii,0.014,0.027,-1,Echolocation,/mnt/ubna_data_01_mir/recover-20220825/UBNA_002/20220823_033000.WAV,Telephone Field,recover-20220825,002,1795
708.4515,708.4579,40078,50788,Pipistrellus nathusii,0.212,0.367,-1,Echolocation,/mnt/ubna_data_01_mir/recover-20220825/UBNA_002/20220823_033000.WAV,Telephone Field,recover-20220825,002,1795
708.4765,708.5197000000001,68437,83540,Rhinolophus ferrumequinum,0.037,0.037,-1,Echolocation,/mnt/ubna_data_01_mir/recover-20220825/UBNA_002/20220823_033000.WAV,Telephone Field,recover-20220825,002,1795
708.4985,708.5387,68437,82868,Rhinolophus ferrumequinum,0.025,0.025,-1,Echolocation,/mnt/ubna_data_01_mir/recover-20220825/UBNA_002/20220823_033000.WAV,Telephone Field,recover-20220825,002,1795
708.5235,708.5297,35781,52845,Myotis brandtii,0.011,0.026,-1,Echolocation,/mnt/ubna_data_01_mir/recover-20220825/UBNA_002/20220823_033000.WAV,Telephone Field,recover-20220825,002,1795
708.5505,708.5588,40937,49887,Pipistrellus nathusii,0.212,0.284,-1,Echolocation,/mnt/ubna_data_01_mir/recover-20220825/UBNA_002/20220823_033000.WAV,Telephone Field,recover-20220825,002,1795
708.5695,708.5785,27187,35337,Eptesicus serotinus,0.01,0.026,-1,Echolocation,/mnt/ubna_data_01_mir/recover-20220825/UBNA_002/20220823_033000.WAV,Telephone Field,recover-20220825,002,1795
708.5945,708.6001,46093,57622,Pipistrellus pipistrellus,0.008,0.025,-1,Echolocation,/mnt/ubna_data_01_mir/recover-20220825/UBNA_002/20220823_033000.WAV,Telephone Field,recover-20220825,002,1795
708.6095,708.6177,27187,37107,Eptesicus serotinus,0.009,0.026,-1,Echolocation,/mnt/ubna_data_01_mir/recover-20220825/UBNA_002/20220823_033000.WAV,Telephone Field,recover-20220825,002,1795
708.6475,708.6549,40078,50426,Pipistrellus nathusii,0.194,0.299,-1,Echolocation,/mnt/ubna_data_01_mir/recover-20220825/UBNA_002/20220823_033000.WAV,Telephone Field,recover-20220825,002,1795
708.7085,708.7148,31484,52511,Myotis daubentonii,0.013,0.026,-1,Echolocation,/mnt/ubna_data_01_mir/recover-20220825/UBNA_002/20220823_033000.WAV,Telephone Field,recover-20220825,002,1795
708.7085,708.7151,40937,56435,Myotis brandtii,0.014,0.033,-1,Echolocation,/mnt/ubna_data_01_mir/recover-20220825/UBNA_002/20220823_033000.WAV,Telephone Field,recover-20220825,002,1795
708.7235000000001,708.7309,26328,35526,Eptesicus serotinus,0.008,0.027,-1,Echolocation,/mnt/ubna_data_01_mir/recover-20220825/UBNA_002/20220823_033000.WAV,Telephone Field,recover-20220825,002,1795
708.7405,708.7481,41796,51823,Pipistrellus nathusii,0.032,0.065,-1,Echolocation,/mnt/ubna_data_01_mir/recover-20220825/UBNA_002/20220823_033000.WAV,Telephone Field,recover-20220825,002,1795
708.7415,708.7479,30625,57373,Myotis brandtii,0.012,0.028,-1,Echolocation,/mnt/ubna_data_01_mir/recover-20220825/UBNA_002/20220823_033000.WAV,Telephone Field,recover-20220825,002,1795
708.7535,708.7642,36640,42736,Pipistrellus nathusii,0.06,0.078,-1,Echolocation,/mnt/ubna_data_01_mir/recover-20220825/UBNA_002/20220823_033000.WAV,Telephone Field,recover-20220825,002,1795
708.7645,708.7706000000001,34921,43854,Myotis daubentonii,0.025,0.048,-1,Echolocation,/mnt/ubna_data_01_mir/recover-20220825/UBNA_002/20220823_033000.WAV,Telephone Field,recover-20220825,002,1795
708.8125,708.8232,16015,22002,Nyctalus noctula,0.012,0.028,-1,Echolocation,/mnt/ubna_data_01_mir/recover-20220825/UBNA_002/20220823_033000.WAV,Telephone Field,recover-20220825,002,1795
708.8365,708.8423,37500,54390,Myotis brandtii,0.012,0.026,-1,Echolocation,/mnt/ubna_data_01_mir/recover-20220825/UBNA_002/20220823_033000.WAV,Telephone Field,recover-20220825,002,1795
708.8525,708.8617,27187,35445,Eptesicus serotinus,0.01,0.025,-1,Echolocation,/mnt/ubna_data_01_mir/recover-20220825/UBNA_002/20220823_033000.WAV,Telephone Field,recover-20220825,002,1795
708.8785,708.8844,35781,51126,Myotis brandtii,0.013,0.028,-1,Echolocation,/mnt/ubna_data_01_mir/recover-20220825/UBNA_002/20220823_033000.WAV,Telephone Field,recover-20220825,002,1795
708.8795,708.886,30625,47400,Myotis daubentonii,0.014,0.028,-1,Echolocation,/mnt/ubna_data_01_mir/recover-20220825/UBNA_002/20220823_033000.WAV,Telephone Field,recover-20220825,002,1795
708.8905,708.928,68437,82047,Rhinolophus ferrumequinum,0.026,0.026,-1,Echolocation,/mnt/ubna_data_01_mir/recover-20220825/UBNA_002/20220823_033000.WAV,Telephone Field,recover-20220825,002,1795
708.9115,708.9501,68437,82250,Rhinolophus ferrumequinum,0.028,0.028,-1,Echolocation,/mnt/ubna_data_01_mir/recover-20220825/UBNA_002/20220823_033000.WAV,Telephone Field,recover-20220825,002,1795
708.9225,708.9298,41796,49424,Pipistrellus nathusii,0.053,0.104,-1,Echolocation,/mnt/ubna_data_01_mir/recover-20220825/UBNA_002/20220823_033000.WAV,Telephone Field,recover-20220825,002,1795
708.9225,708.9283,30625,59236,Myotis brandtii,0.019,0.042,-1,Echolocation,/mnt/ubna_data_01_mir/recover-20220825/UBNA_002/20220823_033000.WAV,Telephone Field,recover-20220825,002,1795
708.9645,708.9721,46953,50679,Pipistrellus pipistrellus,0.025,0.027,-1,Echolocation,/mnt/ubna_data_01_mir/recover-20220825/UBNA_002/20220823_033000.WAV,Telephone Field,recover-20220825,002,1795
708.9765,708.982,35781,51465,Myotis brandtii,0.01,0.025,-1,Echolocation,/mnt/ubna_data_01_mir/recover-20220825/UBNA_002/20220823_033000.WAV,Telephone Field,recover-20220825,002,1795
709.0055,709.045,68437,82143,Rhinolophus ferrumequinum,0.024,0.024,-1,Echolocation,/mnt/ubna_data_01_mir/recover-20220825/UBNA_002/20220823_033000.WAV,Telephone Field,recover-20220825,002,1795
709.0165,709.0245,41796,49638,Pipistrellus nathusii,0.083,0.14,-1,Echolocation,/mnt/ubna_data_01_mir/recover-20220825/UBNA_002/20220823_033000.WAV,Telephone Field,recover-20220825,002,1795
709.0355,709.0765,68437,82167,Rhinolophus ferrumequinum,0.024,0.024,-1,Echolocation,/mnt/ubna_data_01_mir/recover-20220825/UBNA_002/20220823_033000.WAV,Telephone Field,recover-20220825,002,1795
709.0685,709.1066,68437,82495,Rhinolophus ferrumequinum,0.024,0.024,-1,Echolocation,/mnt/ubna_data_01_mir/recover-20220825/UBNA_002/20220823_033000.WAV,Telephone Field,recover-20220825,002,1795
709.0845,709.095,27187,34709,Eptesicus serotinus,0.016,0.032,-1,Echolocation,/mnt/ubna_data_01_mir/recover-20220825/UBNA_002/20220823_033000.WAV,Telephone Field,recover-20220825,002,1795
709.0985000000001,709.1069,41796,49289,Pipistrellus nathusii,0.144,0.201,-1,Echolocation,/mnt/ubna_data_01_mir/recover-20220825/UBNA_002/20220823_033000.WAV,Telephone Field,recover-20220825,002,1795
709.1235,709.1643,68437,83257,Rhinolophus ferrumequinum,0.03,0.03,-1,Echolocation,/mnt/ubna_data_01_mir/recover-20220825/UBNA_002/20220823_033000.WAV,Telephone Field,recover-20220825,002,1795
709.1755,709.1928,21171,24884,Nyctalus leisleri,0.017,0.033,-1,Echolocation,/mnt/ubna_data_01_mir/recover-20220825/UBNA_002/20220823_033000.WAV,Telephone Field,recover-20220825,002,1795
709.1805,709.1887,40937,50494,Pipistrellus nathusii,0.216,0.262,-1,Echolocation,/mnt/ubna_data_01_mir/recover-20220825/UBNA_002/20220823_033000.WAV,Telephone Field,recover-20220825,002,1795
709.2305,709.2379,45234,53128,Pipistrellus pipistrellus,0.022,0.037,-1,Echolocation,/mnt/ubna_data_01_mir/recover-20220825/UBNA_002/20220823_033000.WAV,Telephone Field,recover-20220825,002,1795
709.2585,709.2657,40937,52895,Pipistrellus nathusii,0.085,0.146,-1,Echolocation,/mnt/ubna_data_01_mir/recover-20220825/UBNA_002/20220823_033000.WAV,Telephone Field,recover-20220825,002,1795
709.2805,709.3153,68437,82146,Rhinolophus ferrumequinum,0.024,0.024,-1,Echolocation,/mnt/ubna_data_01_mir/recover-20220825/UBNA_002/20220823_033000.WAV,Telephone Field,recover-20220825,002,1795
709.3015,709.312,24609,31492,Eptesicus serotinus,0.016,0.039,-1,Echolocation,/mnt/ubna_data_01_mir/recover-20220825/UBNA_002/20220823_033000.WAV,Telephone Field,recover-20220825,002,1795
709.3405,709.378,68437,82258,Rhinolophus ferrumequinum,0.028,0.028,-1,Echolocation,/mnt/ubna_data_01_mir/recover-20220825/UBNA_002/20220823_033000.WAV,Telephone Field,recover-20220825,002,1795
709.3485000000001,709.3543999999999,37500,50456,Myotis daubentonii,0.021,0.053,-1,Echolocation,/mnt/ubna_data_01_mir/recover-20220825/UBNA_002/20220823_033000.WAV,Telephone Field,recover-20220825,002,1795
709.3605,709.3732,53828,58217,Pipistrellus pygmaeus,0.044,0.049,-1,Echolocation,/mnt/ubna_data_01_mir/recover-20220825/UBNA_002/20220823_033000.WAV,Telephone Field,recover-20220825,002,1795
709.3735,709.3864,23750,28350,Nyctalus leisleri,0.016,0.03,-1,Echolocation,/mnt/ubna_data_01_mir/recover-20220825/UBNA_002/20220823_033000.WAV,Telephone Field,recover-20220825,002,1795
709.4014999999999,709.4085,40937,51903,Pipistrellus nathusii,0.217,0.383,-1,Echolocation,/mnt/ubna_data_01_mir/recover-20220825/UBNA_002/20220823_033000.WAV,Telephone Field,recover-20220825,002,1795
709.4285,709.4371,27187,35978,Eptesicus serotinus,0.008,0.025,-1,Echolocation,/mnt/ubna_data_01_mir/recover-20220825/UBNA_002/20220823_033000.WAV,Telephone Field,recover-20220825,002,1795
709.4365,709.4451,25468,38774,Eptesicus serotinus,0.009,0.027,-1,Echolocation,/mnt/ubna_data_01_mir/recover-20220825/UBNA_002/20220823_033000.WAV,Telephone Field,recover-20220825,002,1795
709.4375,709.4436,36640,52088,Myotis brandtii,0.011,0.028,-1,Echolocation,/mnt/ubna_data_01_mir/recover-20220825/UBNA_002/20220823_033000.WAV,Telephone Field,recover-20220825,002,1795
709.4505,709.4606,26328,34646,Eptesicus serotinus,0.011,0.026,-1,Echolocation,/mnt/ubna_data_01_mir/recover-20220825/UBNA_002/20220823_033000.WAV,Telephone Field,recover-20220825,002,1795
709.4575,709.4632,35781,57984,Myotis brandtii,0.014,0.024,-1,Echolocation,/mnt/ubna_data_01_mir/recover-20220825/UBNA_002/20220823_033000.WAV,Telephone Field,recover-20220825,002,1795
709.4765,709.4886,24609,30533,Nyctalus leisleri,0.009,0.025,-1,Echolocation,/mnt/ubna_data_01_mir/recover-20220825/UBNA_002/20220823_033000.WAV,Telephone Field,recover-20220825,002,1795
709.4945,709.5,39218,52058,Pipistrellus nathusii,0.245,0.433,-1,Echolocation,/mnt/ubna_data_01_mir/recover-20220825/UBNA_002/20220823_033000.WAV,Telephone Field,recover-20220825,002,1795
709.5405,709.5486,40937,50889,Pipistrellus nathusii,0.014,0.028,-1,Echolocation,/mnt/ubna_data_01_mir/recover-20220825/UBNA_002/20220823_033000.WAV,Telephone Field,recover-20220825,002,1795
709.5855,709.592,39218,50697,Pipistrellus nathusii,0.223,0.453,-1,Echolocation,/mnt/ubna_data_01_mir/recover-20220825/UBNA_002/20220823_033000.WAV,Telephone Field,recover-20220825,002,1795
709.6285,709.6366,26328,36470,Eptesicus serotinus,0.007,0.024,-1,Echolocation,/mnt/ubna_data_01_mir/recover-20220825/UBNA_002/20220823_033000.WAV,Telephone Field,recover-20220825,002,1795
709.6465,709.6539,47812,56497,Pipistrellus pipistrellus,0.018,0.038,-1,Echolocation,/mnt/ubna_data_01_mir/recover-20220825/UBNA_002/20220823_033000.WAV,Telephone Field,recover-20220825,002,1795
709.6485,709.6543,35781,61367,Myotis brandtii,0.016,0.025,-1,Echolocation,/mnt/ubna_data_01_mir/recover-20220825/UBNA_002/20220823_033000.WAV,Telephone Field,recover-20220825,002,1795
709.6745,709.6811,37500,51215,Pipistrellus nathusii,0.249,0.487,-1,Echolocation,/mnt/ubna_data_01_mir/recover-20220825/UBNA_002/20220823_033000.WAV,Telephone Field,recover-20220825,002,1795
709.7145,709.7219,26328,37379,Eptesicus serotinus,0.008,0.027,-1,Echolocation,/mnt/ubna_data_01_mir/recover-20220825/UBNA_002/20220823_033000.WAV,Telephone Field,recover-20220825,002,1795
709.7545,709.7636,27187,34916,Eptesicus serotinus,0.013,0.029,-1,Echolocation,/mnt/ubna_data_01_mir/recover-20220825/UBNA_002/20220823_033000.WAV,Telephone Field,recover-20220825,002,1795
709.7685,709.7746,38359,49348,Pipistrellus nathusii,0.286,0.49,-1,Echolocation,/mnt/ubna_data_01_mir/recover-20220825/UBNA_002/20220823_033000.WAV,Telephone Field,recover-20220825,002,1795
709.7764999999999,709.7828,30625,41268,Myotis daubentonii,0.015,0.025,-1,Echolocation,/mnt/ubna_data_01_mir/recover-20220825/UBNA_002/20220823_033000.WAV,Telephone Field,recover-20220825,002,1795
709.8225,709.8316,49531,54899,Pipistrellus pipistrellus,0.018,0.027,-1,Echolocation,/mnt/ubna_data_01_mir/recover-20220825/UBNA_002/20220823_033000.WAV,Telephone Field,recover-20220825,002,1795
709.8645,709.8721,26328,36096,Eptesicus serotinus,0.008,0.027,-1,Echolocation,/mnt/ubna_data_01_mir/recover-20220825/UBNA_002/20220823_033000.WAV,Telephone Field,recover-20220825,002,1795
709.8675,709.8824,16015,21072,Nyctalus noctula,0.03,0.043,-1,Echolocation,/mnt/ubna_data_01_mir/recover-20220825/UBNA_002/20220823_033000.WAV,Telephone Field,recover-20220825,002,1795
709.8945,709.9027,27187,35930,Eptesicus serotinus,0.008,0.026,-1,Echolocation,/mnt/ubna_data_01_mir/recover-20220825/UBNA_002/20220823_033000.WAV,Telephone Field,recover-20220825,002,1795
709.9575,709.9643,39218,46592,Pipistrellus nathusii,0.179,0.3,-1,Echolocation,/mnt/ubna_data_01_mir/recover-20220825/UBNA_002/20220823_033000.WAV,Telephone Field,recover-20220825,002,1795
709.9595,709.9751,15156,19668,Nyctalus noctula,0.026,0.042,-1,Echolocation,/mnt/ubna_data_01_mir/recover-20220825/UBNA_002/20220823_033000.WAV,Telephone Field,recover-20220825,002,1795
710.0015,710.0371,68437,79654,Rhinolophus ferrumequinum,0.043,0.044,-1,Echolocation,/mnt/ubna_data_01_mir/recover-20220825/UBNA_002/20220823_033000.WAV,Telephone Field,recover-20220825,002,1795
710.0015,710.0082,46093,51777,Pipistrellus pipistrellus,0.021,0.026,-1,Echolocation,/mnt/ubna_data_01_mir/recover-20220825/UBNA_002/20220823_033000.WAV,Telephone Field,recover-20220825,002,1795
710.0015,710.0096,22031,28077,Nyctalus leisleri,0.013,0.036,-1,Echolocation,/mnt/ubna_data_01_mir/recover-20220825/UBNA_002/20220823_033000.WAV,Telephone Field,recover-20220825,002,1795
710.0085,710.0515,68437,82329,Rhinolophus ferrumequinum,0.025,0.025,-1,Echolocation,/mnt/ubna_data_01_mir/recover-20220825/UBNA_002/20220823_033000.WAV,Telephone Field,recover-20220825,002,1795
710.0555,710.0649,28046,36729,Eptesicus serotinus,0.009,0.024,-1,Echolocation,/mnt/ubna_data_01_mir/recover-20220825/UBNA_002/20220823_033000.WAV,Telephone Field,recover-20220825,002,1795
710.0995,710.1392,68437,82618,Rhinolophus ferrumequinum,0.025,0.026,-1,Echolocation,/mnt/ubna_data_01_mir/recover-20220825/UBNA_002/20220823_033000.WAV,Telephone Field,recover-20220825,002,1795
710.1155,710.1539,68437,81892,Rhinolophus ferrumequinum,0.025,0.025,-1,Echolocation,/mnt/ubna_data_01_mir/recover-20220825/UBNA_002/20220823_033000.WAV,Telephone Field,recover-20220825,002,1795
710.1175,710.1279,24609,31461,Eptesicus serotinus,0.012,0.033,-1,Echolocation,/mnt/ubna_data_01_mir/recover-20220825/UBNA_002/20220823_033000.WAV,Telephone Field,recover-20220825,002,1795
710.1185,710.1265,48671,52941,Pipistrellus pipistrellus,0.022,0.023,-1,Echolocation,/mnt/ubna_data_01_mir/recover-20220825/UBNA_002/20220823_033000.WAV,Telephone Field,recover-20220825,002,1795
710.1595,710.1976,68437,82048,Rhinolophus ferrumequinum,0.024,0.024,-1,Echolocation,/mnt/ubna_data_01_mir/recover-20220825/UBNA_002/20220823_033000.WAV,Telephone Field,recover-20220825,002,1795
710.1595,710.167,46953,51157,Pipistrellus pipistrellus,0.027,0.029,-1,Echolocation,/mnt/ubna_data_01_mir/recover-20220825/UBNA_002/20220823_033000.WAV,Telephone Field,recover-20220825,002,1795
710.1985,710.2347,68437,81349,Rhinolophus ferrumequinum,0.025,0.025,-1,Echolocation,/mnt/ubna_data_01_mir/recover-20220825/UBNA_002/20220823_033000.WAV,Telephone Field,recover-20220825,002,1795
710.2075,710.2458,68437,82559,Rhinolophus ferrumequinum,0.034,0.034,-1,Echolocation,/mnt/ubna_data_01_mir/recover-20220825/UBNA_002/20220823_033000.WAV,Telephone Field,recover-20220825,002,1795
710.2265,710.2694,68437,83179,Rhinolophus ferrumequinum,0.029,0.029,-1,Echolocation,/mnt/ubna_data_01_mir/recover-20220825/UBNA_002/20220823_033000.WAV,Telephone Field,recover-20220825,002,1795
710.2575,710.2956,68437,82903,Rhinolophus ferrumequinum,0.024,0.024,-1,Echolocation,/mnt/ubna_data_01_mir/recover-20220825/UBNA_002/20220823_033000.WAV,Telephone Field,recover-20220825,002,1795
710.2715,710.3118,68437,82830,Rhinolophus ferrumequinum,0.028,0.028,-1,Echolocation,/mnt/ubna_data_01_mir/recover-20220825/UBNA_002/20220823_033000.WAV,Telephone Field,recover-20220825,002,1795
710.3045,710.3117,57265,62811,Pipistrellus pygmaeus,0.029,0.03,-1,Echolocation,/mnt/ubna_data_01_mir/recover-20220825/UBNA_002/20220823_033000.WAV,Telephone Field,recover-20220825,002,1795
710.3575,710.3982,68437,82701,Rhinolophus ferrumequinum,0.023,0.023,-1,Echolocation,/mnt/ubna_data_01_mir/recover-20220825/UBNA_002/20220823_033000.WAV,Telephone Field,recover-20220825,002,1795
710.3695,710.381,31484,37903,Eptesicus serotinus,0.01,0.025,-1,Echolocation,/mnt/ubna_data_01_mir/recover-20220825/UBNA_002/20220823_033000.WAV,Telephone Field,recover-20220825,002,1795
710.4135,710.4219,28046,38103,Eptesicus serotinus,0.008,0.023,-1,Echolocation,/mnt/ubna_data_01_mir/recover-20220825/UBNA_002/20220823_033000.WAV,Telephone Field,recover-20220825,002,1795
710.4765,710.5124,68437,81577,Rhinolophus ferrumequinum,0.023,0.023,-1,Echolocation,/mnt/ubna_data_01_mir/recover-20220825/UBNA_002/20220823_033000.WAV,Telephone Field,recover-20220825,002,1795
710.4805,710.4905,24609,31901,Nyctalus leisleri,0.007,0.024,-1,Echolocation,/mnt/ubna_data_01_mir/recover-20220825/UBNA_002/20220823_033000.WAV,Telephone Field,recover-20220825,002,1795
710.5115,710.548,68437,82568,Rhinolophus ferrumequinum,0.023,0.023,-1,Echolocation,/mnt/ubna_data_01_mir/recover-20220825/UBNA_002/20220823_033000.WAV,Telephone Field,recover-20220825,002,1795
710.5195,710.5566,68437,81801,Rhinolophus ferrumequinum,0.023,0.023,-1,Echolocation,/mnt/ubna_data_01_mir/recover-20220825/UBNA_002/20220823_033000.WAV,Telephone Field,recover-20220825,002,1795
710.5475,710.5569,44375,48057,Pipistrellus pipistrellus,0.021,0.023,-1,Echolocation,/mnt/ubna_data_01_mir/recover-20220825/UBNA_002/20220823_033000.WAV,Telephone Field,recover-20220825,002,1795
710.5555,710.5948,68437,81887,Rhinolophus ferrumequinum,0.03,0.03,-1,Echolocation,/mnt/ubna_data_01_mir/recover-20220825/UBNA_002/20220823_033000.WAV,Telephone Field,recover-20220825,002,1795
710.5555,710.566,43515,50906,Pipistrellus pipistrellus,0.021,0.032,-1,Echolocation,/mnt/ubna_data_01_mir/recover-20220825/UBNA_002/20220823_033000.WAV,Telephone Field,recover-20220825,002,1795
710.5585,710.5659,27187,43630,Eptesicus serotinus,0.008,0.023,-1,Echolocation,/mnt/ubna_data_01_mir/recover-20220825/UBNA_002/20220823_033000.WAV,Telephone Field,recover-20220825,002,1795
710.5675,710.575,27187,37795,Eptesicus serotinus,0.01,0.028,-1,Echolocation,/mnt/ubna_data_01_mir/recover-20220825/UBNA_002/20220823_033000.WAV,Telephone Field,recover-20220825,002,1795
710.5875,710.6284,68437,82303,Rhinolophus ferrumequinum,0.035,0.035,-1,Echolocation,/mnt/ubna_data_01_mir/recover-20220825/UBNA_002/20220823_033000.WAV,Telephone Field,recover-20220825,002,1795
710.6085,710.6485,68437,82682,Rhinolophus ferrumequinum,0.026,0.026,-1,Echolocation,/mnt/ubna_data_01_mir/recover-20220825/UBNA_002/20220823_033000.WAV,Telephone Field,recover-20220825,002,1795
710.6395,710.6796,68437,82332,Rhinolophus ferrumequinum,0.03,0.03,-1,Echolocation,/mnt/ubna_data_01_mir/recover-20220825/UBNA_002/20220823_033000.WAV,Telephone Field,recover-20220825,002,1795
710.6615,710.6716,33203,40384,Barbastellus barbastellus,0.007,0.026,-1,Echolocation,/mnt/ubna_data_01_mir/recover-20220825/UBNA_002/20220823_033000.WAV,Telephone Field,recover-20220825,002,1795
710.6955,710.7048,24609,31855,Nyctalus leisleri,0.008,0.028,-1,Echolocation,/mnt/ubna_data_01_mir/recover-20220825/UBNA_002/20220823_033000.WAV,Telephone Field,recover-20220825,002,1795
710.7115,710.7498,68437,82092,Rhinolophus ferrumequinum,0.03,0.03,-1,Echolocation,/mnt/ubna_data_01_mir/recover-20220825/UBNA_002/20220823_033000.WAV,Telephone Field,recover-20220825,002,1795
710.7155,710.7234,28046,39440,Eptesicus serotinus,0.007,0.023,-1,Echolocation,/mnt/ubna_data_01_mir/recover-20220825/UBNA_002/20220823_033000.WAV,Telephone Field,recover-20220825,002,1795
710.7235000000001,710.7343,22890,27855,Nyctalus leisleri,0.011,0.023,-1,Echolocation,/mnt/ubna_data_01_mir/recover-20220825/UBNA_002/20220823_033000.WAV,Telephone Field,recover-20220825,002,1795
710.7345,710.7493,21171,24144,Nyctalus leisleri,0.014,0.023,-1,Echolocation,/mnt/ubna_data_01_mir/recover-20220825/UBNA_002/20220823_033000.WAV,Telephone Field,recover-20220825,002,1795
710.7695,710.7779,27187,39554,Eptesicus serotinus,0.008,0.023,-1,Echolocation,/mnt/ubna_data_01_mir/recover-20220825/UBNA_002/20220823_033000.WAV,Telephone Field,recover-20220825,002,1795
710.7735,710.8131,68437,82603,Rhinolophus ferrumequinum,0.022,0.022,-1,Echolocation,/mnt/ubna_data_01_mir/recover-20220825/UBNA_002/20220823_033000.WAV,Telephone Field,recover-20220825,002,1795
710.7955,710.8319,68437,81761,Rhinolophus ferrumequinum,0.023,0.023,-1,Echolocation,/mnt/ubna_data_01_mir/recover-20220825/UBNA_002/20220823_033000.WAV,Telephone Field,recover-20220825,002,1795
710.8065,710.8159,28046,35902,Eptesicus serotinus,0.009,0.022,-1,Echolocation,/mnt/ubna_data_01_mir/recover-20220825/UBNA_002/20220823_033000.WAV,Telephone Field,recover-20220825,002,1795
710.8315,710.8704,68437,82558,Rhinolophus ferrumequinum,0.029,0.029,-1,Echolocation,/mnt/ubna_data_01_mir/recover-20220825/UBNA_002/20220823_033000.WAV,Telephone Field,recover-20220825,002,1795
710.8475,710.8571,29765,40316,Eptesicus serotinus,0.008,0.024,-1,Echolocation,/mnt/ubna_data_01_mir/recover-20220825/UBNA_002/20220823_033000.WAV,Telephone Field,recover-20220825,002,1795
710.8745,710.9127,68437,81658,Rhinolophus ferrumequinum,0.029,0.029,-1,Echolocation,/mnt/ubna_data_01_mir/recover-20220825/UBNA_002/20220823_033000.WAV,Telephone Field,recover-20220825,002,1795
710.8915,710.9012,22890,29048,Nyctalus leisleri,0.008,0.022,-1,Echolocation,/mnt/ubna_data_01_mir/recover-20220825/UBNA_002/20220823_033000.WAV,Telephone Field,recover-20220825,002,1795
710.9585,710.9673,28046,36068,Eptesicus serotinus,0.009,0.023,-1,Echolocation,/mnt/ubna_data_01_mir/recover-20220825/UBNA_002/20220823_033000.WAV,Telephone Field,recover-20220825,002,1795
710.9605,711.0012,68437,82785,Rhinolophus ferrumequinum,0.025,0.025,-1,Echolocation,/mnt/ubna_data_01_mir/recover-20220825/UBNA_002/20220823_033000.WAV,Telephone Field,recover-20220825,002,1795
710.9935,711.0296,68437,81250,Rhinolophus ferrumequinum,0.024,0.024,-1,Echolocation,/mnt/ubna_data_01_mir/recover-20220825/UBNA_002/20220823_033000.WAV,Telephone Field,recover-20220825,002,1795
711.0145,711.0551,68437,82886,Rhinolophus ferrumequinum,0.022,0.022,-1,Echolocation,/mnt/ubna_data_01_mir/recover-20220825/UBNA_002/20220823_033000.WAV,Telephone Field,recover-20220825,002,1795
711.0415,711.0486,47812,53459,Pipistrellus pipistrellus,0.026,0.028,-1,Echolocation,/mnt/ubna_data_01_mir/recover-20220825/UBNA_002/20220823_033000.WAV,Telephone Field,recover-20220825,002,1795
711.0635,711.0712,28046,36935,Eptesicus serotinus,0.008,0.023,-1,Echolocation,/mnt/ubna_data_01_mir/recover-20220825/UBNA_002/20220823_033000.WAV,Telephone Field,recover-20220825,002,1795
711.0895,711.1056,21171,24176,Nyctalus leisleri,0.014,0.023,-1,Echolocation,/mnt/ubna_data_01_mir/recover-20220825/UBNA_002/20220823_033000.WAV,Telephone Field,recover-20220825,002,1795
711.1505,711.1915,68437,83226,Rhinolophus ferrumequinum,0.028,0.028,-1,Echolocation,/mnt/ubna_data_01_mir/recover-20220825/UBNA_002/20220823_033000.WAV,Telephone Field,recover-20220825,002,1795
711.1615,711.1992,68437,82111,Rhinolophus ferrumequinum,0.029,0.029,-1,Echolocation,/mnt/ubna_data_01_mir/recover-20220825/UBNA_002/20220823_033000.WAV,Telephone Field,recover-20220825,002,1795
711.1715,711.1821,23750,29440,Nyctalus leisleri,0.011,0.027,-1,Echolocation,/mnt/ubna_data_01_mir/recover-20220825/UBNA_002/20220823_033000.WAV,Telephone Field,recover-20220825,002,1795
711.1975,711.233,68437,82207,Rhinolophus ferrumequinum,0.023,0.023,-1,Echolocation,/mnt/ubna_data_01_mir/recover-20220825/UBNA_002/20220823_033000.WAV,Telephone Field,recover-20220825,002,1795
711.2165,711.2247,28046,37608,Eptesicus serotinus,0.011,0.032,-1,Echolocation,/mnt/ubna_data_01_mir/recover-20220825/UBNA_002/20220823_033000.WAV,Telephone Field,recover-20220825,002,1795
711.2405,711.2807,68437,82707,Rhinolophus ferrumequinum,0.029,0.029,-1,Echolocation,/mnt/ubna_data_01_mir/recover-20220825/UBNA_002/20220823_033000.WAV,Telephone Field,recover-20220825,002,1795
711.3045,711.3416,68437,82100,Rhinolophus ferrumequinum,0.023,0.023,-1,Echolocation,/mnt/ubna_data_01_mir/recover-20220825/UBNA_002/20220823_033000.WAV,Telephone Field,recover-20220825,002,1795
711.3325,711.3741,68437,82949,Rhinolophus ferrumequinum,0.029,0.029,-1,Echolocation,/mnt/ubna_data_01_mir/recover-20220825/UBNA_002/20220823_033000.WAV,Telephone Field,recover-20220825,002,1795
711.3585,711.3686,27187,36883,Eptesicus serotinus,0.013,0.031,-1,Echolocation,/mnt/ubna_data_01_mir/recover-20220825/UBNA_002/20220823_033000.WAV,Telephone Field,recover-20220825,002,1795
711.3665,711.3791,24609,29978,Nyctalus leisleri,0.015,0.032,-1,Echolocation,/mnt/ubna_data_01_mir/recover-20220825/UBNA_002/20220823_033000.WAV,Telephone Field,recover-20220825,002,1795
711.3765,711.3819,50390,54662,Pipistrellus pipistrellus,0.022,0.023,-1,Echolocation,/mnt/ubna_data_01_mir/recover-20220825/UBNA_002/20220823_033000.WAV,Telephone Field,recover-20220825,002,1795
711.3965,711.4301,68437,81262,Rhinolophus ferrumequinum,0.024,0.024,-1,Echolocation,/mnt/ubna_data_01_mir/recover-20220825/UBNA_002/20220823_033000.WAV,Telephone Field,recover-20220825,002,1795
711.4615,711.5039,68437,83430,Rhinolophus ferrumequinum,0.043,0.043,-1,Echolocation,/mnt/ubna_data_01_mir/recover-20220825/UBNA_002/20220823_033000.WAV,Telephone Field,recover-20220825,002,1795
711.4625,711.4703,28046,40326,Eptesicus serotinus,0.007,0.023,-1,Echolocation,/mnt/ubna_data_01_mir/recover-20220825/UBNA_002/20220823_033000.WAV,Telephone Field,recover-20220825,002,1795
711.4685,711.4748,43515,55800,Myotis mystacinus,0.007,0.024,-1,Echolocation,/mnt/ubna_data_01_mir/recover-20220825/UBNA_002/20220823_033000.WAV,Telephone Field,recover-20220825,002,1795
711.4945,711.5309,68437,81640,Rhinolophus ferrumequinum,0.025,0.025,-1,Echolocation,/mnt/ubna_data_01_mir/recover-20220825/UBNA_002/20220823_033000.WAV,Telephone Field,recover-20220825,002,1795
711.5335,711.5434,23750,30810,Nyctalus leisleri,0.01,0.027,-1,Echolocation,/mnt/ubna_data_01_mir/recover-20220825/UBNA_002/20220823_033000.WAV,Telephone Field,recover-20220825,002,1795
711.5485,711.559,30625,36569,Eptesicus serotinus,0.042,0.082,-1,Echolocation,/mnt/ubna_data_01_mir/recover-20220825/UBNA_002/20220823_033000.WAV,Telephone Field,recover-20220825,002,1795
711.5645,711.5997,68437,81132,Rhinolophus ferrumequinum,0.023,0.023,-1,Echolocation,/mnt/ubna_data_01_mir/recover-20220825/UBNA_002/20220823_033000.WAV,Telephone Field,recover-20220825,002,1795
711.5685,711.5753,28046,40517,Eptesicus serotinus,0.007,0.028,-1,Echolocation,/mnt/ubna_data_01_mir/recover-20220825/UBNA_002/20220823_033000.WAV,Telephone Field,recover-20220825,002,1795
711.6405,711.6807,68437,82207,Rhinolophus ferrumequinum,0.023,0.023,-1,Echolocation,/mnt/ubna_data_01_mir/recover-20220825/UBNA_002/20220823_033000.WAV,Telephone Field,recover-20220825,002,1795
711.6475,711.6894,68437,82604,Rhinolophus ferrumequinum,0.023,0.023,-1,Echolocation,/mnt/ubna_data_01_mir/recover-20220825/UBNA_002/20220823_033000.WAV,Telephone Field,recover-20220825,002,1795
711.6665,711.6778,22890,27128,Nyctalus leisleri,0.02,0.034,-1,Echolocation,/mnt/ubna_data_01_mir/recover-20220825/UBNA_002/20220823_033000.WAV,Telephone Field,recover-20220825,002,1795
711.6795,711.686,55546,61756,Pipistrellus pygmaeus,0.03,0.031,-1,Echolocation,/mnt/ubna_data_01_mir/recover-20220825/UBNA_002/20220823_033000.WAV,Telephone Field,recover-20220825,002,1795
711.6795,711.7193,68437,82568,Rhinolophus ferrumequinum,0.029,0.029,-1,Echolocation,/mnt/ubna_data_01_mir/recover-20220825/UBNA_002/20220823_033000.WAV,Telephone Field,recover-20220825,002,1795
711.7055,711.7181,22890,27582,Nyctalus leisleri,0.013,0.025,-1,Echolocation,/mnt/ubna_data_01_mir/recover-20220825/UBNA_002/20220823_033000.WAV,Telephone Field,recover-20220825,002,1795
711.7135,711.7535,68437,82377,Rhinolophus ferrumequinum,0.027,0.027,-1,Echolocation,/mnt/ubna_data_01_mir/recover-20220825/UBNA_002/20220823_033000.WAV,Telephone Field,recover-20220825,002,1795
711.7315,711.7644,68437,81385,Rhinolophus ferrumequinum,0.039,0.039,-1,Echolocation,/mnt/ubna_data_01_mir/recover-20220825/UBNA_002/20220823_033000.WAV,Telephone Field,recover-20220825,002,1795
711.7455,711.7535,27187,36823,Eptesicus serotinus,0.012,0.031,-1,Echolocation,/mnt/ubna_data_01_mir/recover-20220825/UBNA_002/20220823_033000.WAV,Telephone Field,recover-20220825,002,1795
711.7675,711.8081,68437,82681,Rhinolophus ferrumequinum,0.028,0.028,-1,Echolocation,/mnt/ubna_data_01_mir/recover-20220825/UBNA_002/20220823_033000.WAV,Telephone Field,recover-20220825,002,1795
711.8085,711.8478,68437,82520,Rhinolophus ferrumequinum,0.026,0.026,-1,Echolocation,/mnt/ubna_data_01_mir/recover-20220825/UBNA_002/20220823_033000.WAV,Telephone Field,recover-20220825,002,1795
711.8115,711.8224,22031,26793,Nyctalus leisleri,0.011,0.024,-1,Echolocation,/mnt/ubna_data_01_mir/recover-20220825/UBNA_002/20220823_033000.WAV,Telephone Field,recover-20220825,002,1795
711.8145,711.8256,38359,43317,Pipistrellus nathusii,0.016,0.024,-1,Echolocation,/mnt/ubna_data_01_mir/recover-20220825/UBNA_002/20220823_033000.WAV,Telephone Field,recover-20220825,002,1795
711.8355,711.8767,68437,83106,Rhinolophus ferrumequinum,0.032,0.032,-1,Echolocation,/mnt/ubna_data_01_mir/recover-20220825/UBNA_002/20220823_033000.WAV,Telephone Field,recover-20220825,002,1795
711.8545,711.8617,23750,33012,Plecotus austriacus,0.009,0.023,-1,Echolocation,/mnt/ubna_data_01_mir/recover-20220825/UBNA_002/20220823_033000.WAV,Telephone Field,recover-20220825,002,1795
711.8855,711.8937,22890,30515,Plecotus austriacus,0.011,0.024,-1,Echolocation,/mnt/ubna_data_01_mir/recover-20220825/UBNA_002/20220823_033000.WAV,Telephone Field,recover-20220825,002,1795
711.9055,711.9448,68437,82626,Rhinolophus ferrumequinum,0.028,0.028,-1,Echolocation,/mnt/ubna_data_01_mir/recover-20220825/UBNA_002/20220823_033000.WAV,Telephone Field,recover-20220825,002,1795
711.9105,711.9242,22031,26982,Nyctalus leisleri,0.013,0.027,-1,Echolocation,/mnt/ubna_data_01_mir/recover-20220825/UBNA_002/20220823_033000.WAV,Telephone Field,recover-20220825,002,1795
711.9265,711.9356,27187,36793,Eptesicus serotinus,0.01,0.024,-1,Echolocation,/mnt/ubna_data_01_mir/recover-20220825/UBNA_002/20220823_033000.WAV,Telephone Field,recover-20220825,002,1795
712.0015,712.0338,68437,79607,Rhinolophus ferrumequinum,0.046,0.046,-1,Echolocation,/mnt/ubna_data_01_mir/recover-20220825/UBNA_002/20220823_033000.WAV,Telephone Field,recover-20220825,002,1795
712.0015,712.0092,47812,52370,Pipistrellus pipistrellus,0.036,0.043,-1,Echolocation,/mnt/ubna_data_01_mir/recover-20220825/UBNA_002/20220823_033000.WAV,Telephone Field,recover-20220825,002,1795
712.0015,712.0119,21171,27775,Nyctalus leisleri,0.008,0.024,-1,Echolocation,/mnt/ubna_data_01_mir/recover-20220825/UBNA_002/20220823_033000.WAV,Telephone Field,recover-20220825,002,1795
712.0345,712.0408,31484,46377,Myotis daubentonii,0.01,0.024,-1,Echolocation,/mnt/ubna_data_01_mir/recover-20220825/UBNA_002/20220823_033000.WAV,Telephone Field,recover-20220825,002,1795
712.0545,712.0939,68437,82570,Rhinolophus ferrumequinum,0.024,0.024,-1,Echolocation,/mnt/ubna_data_01_mir/recover-20220825/UBNA_002/20220823_033000.WAV,Telephone Field,recover-20220825,002,1795
712.1045,712.1141,22890,29736,Plecotus austriacus,0.008,0.027,-1,Echolocation,/mnt/ubna_data_01_mir/recover-20220825/UBNA_002/20220823_033000.WAV,Telephone Field,recover-20220825,002,1795
712.1395,712.1466,28046,38978,Eptesicus serotinus,0.009,0.03,-1,Echolocation,/mnt/ubna_data_01_mir/recover-20220825/UBNA_002/20220823_033000.WAV,Telephone Field,recover-20220825,002,1795
712.1485,712.1955,68437,84022,Rhinolophus ferrumequinum,0.048,0.048,-1,Echolocation,/mnt/ubna_data_01_mir/recover-20220825/UBNA_002/20220823_033000.WAV,Telephone Field,recover-20220825,002,1795
712.1585,712.1713,22890,28397,Nyctalus leisleri,0.018,0.035,-1,Echolocation,/mnt/ubna_data_01_mir/recover-20220825/UBNA_002/20220823_033000.WAV,Telephone Field,recover-20220825,002,1795
712.2015,712.2386,68437,81844,Rhinolophus ferrumequinum,0.022,0.022,-1,Echolocation,/mnt/ubna_data_01_mir/recover-20220825/UBNA_002/20220823_033000.WAV,Telephone Field,recover-20220825,002,1795
712.2265,712.2668,68437,82036,Rhinolophus ferrumequinum,0.023,0.023,-1,Echolocation,/mnt/ubna_data_01_mir/recover-20220825/UBNA_002/20220823_033000.WAV,Telephone Field,recover-20220825,002,1795
712.2335,712.272,68437,82301,Rhinolophus ferrumequinum,0.024,0.024,-1,Echolocation,/mnt/ubna_data_01_mir/recover-20220825/UBNA_002/20220823_033000.WAV,Telephone Field,recover-20220825,002,1795
712.2415,712.261,20312,23485,Nyctalus leisleri,0.014,0.026,-1,Echolocation,/mnt/ubna_data_01_mir/recover-20220825/UBNA_002/20220823_033000.WAV,Telephone Field,recover-20220825,002,1795
712.2435,712.2816,68437,82278,Rhinolophus ferrumequinum,0.024,0.024,-1,Echolocation,/mnt/ubna_data_01_mir/recover-20220825/UBNA_002/20220823_033000.WAV,Telephone Field,recover-20220825,002,1795
712.2595,712.2747,22031,25751,Nyctalus leisleri,0.026,0.042,-1,Echolocation,/mnt/ubna_data_01_mir/recover-20220825/UBNA_002/20220823_033000.WAV,Telephone Field,recover-20220825,002,1795
712.3065,712.3458,68437,82176,Rhinolophus ferrumequinum,0.024,0.024,-1,Echolocation,/mnt/ubna_data_01_mir/recover-20220825/UBNA_002/20220823_033000.WAV,Telephone Field,recover-20220825,002,1795
712.3415,712.3838,68437,82960,Rhinolophus ferrumequinum,0.023,0.023,-1,Echolocation,/mnt/ubna_data_01_mir/recover-20220825/UBNA_002/20220823_033000.WAV,Telephone Field,recover-20220825,002,1795
712.3425,712.3509,28906,38322,Eptesicus serotinus,0.007,0.023,-1,Echolocation,/mnt/ubna_data_01_mir/recover-20220825/UBNA_002/20220823_033000.WAV,Telephone Field,recover-20220825,002,1795
712.3745,712.385,28906,37652,Eptesicus serotinus,0.011,0.026,-1,Echolocation,/mnt/ubna_data_01_mir/recover-20220825/UBNA_002/20220823_033000.WAV,Telephone Field,recover-20220825,002,1795
712.3845,712.3941,28906,37240,Eptesicus serotinus,0.014,0.033,-1,Echolocation,/mnt/ubna_data_01_mir/recover-20220825/UBNA_002/20220823_033000.WAV,Telephone Field,recover-20220825,002,1795
712.3965,712.4375,68437,83373,Rhinolophus ferrumequinum,0.026,0.026,-1,Echolocation,/mnt/ubna_data_01_mir/recover-20220825/UBNA_002/20220823_033000.WAV,Telephone Field,recover-20220825,002,1795
712.4135,712.4492,68437,81551,Rhinolophus ferrumequinum,0.022,0.022,-1,Echolocation,/mnt/ubna_data_01_mir/recover-20220825/UBNA_002/20220823_033000.WAV,Telephone Field,recover-20220825,002,1795
712.4205,712.4287,28906,38579,Eptesicus serotinus,0.008,0.026,-1,Echolocation,/mnt/ubna_data_01_mir/recover-20220825/UBNA_002/20220823_033000.WAV,Telephone Field,recover-20220825,002,1795
712.4435,712.451,27187,36636,Eptesicus serotinus,0.007,0.022,-1,Echolocation,/mnt/ubna_data_01_mir/recover-20220825/UBNA_002/20220823_033000.WAV,Telephone Field,recover-20220825,002,1795
712.4815,712.5166,68437,81614,Rhinolophus ferrumequinum,0.029,0.029,-1,Echolocation,/mnt/ubna_data_01_mir/recover-20220825/UBNA_002/20220823_033000.WAV,Telephone Field,recover-20220825,002,1795
712.5005,712.5399,68437,82453,Rhinolophus ferrumequinum,0.027,0.027,-1,Echolocation,/mnt/ubna_data_01_mir/recover-20220825/UBNA_002/20220823_033000.WAV,Telephone Field,recover-20220825,002,1795
712.5335,712.5708,68437,81828,Rhinolophus ferrumequinum,0.022,0.022,-1,Echolocation,/mnt/ubna_data_01_mir/recover-20220825/UBNA_002/20220823_033000.WAV,Telephone Field,recover-20220825,002,1795
712.5775,712.5911,35781,40077,Pipistrellus nathusii,0.027,0.036,-1,Echolocation,/mnt/ubna_data_01_mir/recover-20220825/UBNA_002/20220823_033000.WAV,Telephone Field,recover-20220825,002,1795
712.5985000000001,712.6332,68437,81092,Rhinolophus ferrumequinum,0.022,0.022,-1,Echolocation,/mnt/ubna_data_01_mir/recover-20220825/UBNA_002/20220823_033000.WAV,Telephone Field,recover-20220825,002,1795
712.6085,712.6174,27187,36139,Eptesicus serotinus,0.008,0.022,-1,Echolocation,/mnt/ubna_data_01_mir/recover-20220825/UBNA_002/20220823_033000.WAV,Telephone Field,recover-20220825,002,1795
712.6135,712.6538,68437,82650,Rhinolophus ferrumequinum,0.024,0.024,-1,Echolocation,/mnt/ubna_data_01_mir/recover-20220825/UBNA_002/20220823_033000.WAV,Telephone Field,recover-20220825,002,1795
712.6165,712.6258,26328,35129,Eptesicus serotinus,0.011,0.025,-1,Echolocation,/mnt/ubna_data_01_mir/recover-20220825/UBNA_002/20220823_033000.WAV,Telephone Field,recover-20220825,002,1795
712.6365,712.6765,68437,83317,Rhinolophus ferrumequinum,0.033,0.033,-1,Echolocation,/mnt/ubna_data_01_mir/recover-20220825/UBNA_002/20220823_033000.WAV,Telephone Field,recover-20220825,002,1795
712.6475,712.6581,22031,26530,Nyctalus leisleri,0.012,0.024,-1,Echolocation,/mnt/ubna_data_01_mir/recover-20220825/UBNA_002/20220823_033000.WAV,Telephone Field,recover-20220825,002,1795
712.7185,712.7578,68437,82520,Rhinolophus ferrumequinum,0.033,0.033,-1,Echolocation,/mnt/ubna_data_01_mir/recover-20220825/UBNA_002/20220823_033000.WAV,Telephone Field,recover-20220825,002,1795
712.7575,712.7981,68437,82676,Rhinolophus ferrumequinum,0.025,0.025,-1,Echolocation,/mnt/ubna_data_01_mir/recover-20220825/UBNA_002/20220823_033000.WAV,Telephone Field,recover-20220825,002,1795
712.8275,712.8356,25468,34329,Eptesicus serotinus,0.006,0.023,-1,Echolocation,/mnt/ubna_data_01_mir/recover-20220825/UBNA_002/20220823_033000.WAV,Telephone Field,recover-20220825,002,1795
712.8405,712.8784,68437,81619,Rhinolophus ferrumequinum,0.023,0.023,-1,Echolocation,/mnt/ubna_data_01_mir/recover-20220825/UBNA_002/20220823_033000.WAV,Telephone Field,recover-20220825,002,1795
712.8455,712.8837,68437,81433,Rhinolophus ferrumequinum,0.023,0.023,-1,Echolocation,/mnt/ubna_data_01_mir/recover-20220825/UBNA_002/20220823_033000.WAV,Telephone Field,recover-20220825,002,1795
712.8625,712.8715,28906,42352,Eptesicus serotinus,0.009,0.025,-1,Echolocation,/mnt/ubna_data_01_mir/recover-20220825/UBNA_002/20220823_033000.WAV,Telephone Field,recover-20220825,002,1795
712.8635,712.9018,68437,82219,Rhinolophus ferrumequinum,0.023,0.023,-1,Echolocation,/mnt/ubna_data_01_mir/recover-20220825/UBNA_002/20220823_033000.WAV,Telephone Field,recover-20220825,002,1795
712.8695,712.9065,68437,82010,Rhinolophus ferrumequinum,0.022,0.022,-1,Echolocation,/mnt/ubna_data_01_mir/recover-20220825/UBNA_002/20220823_033000.WAV,Telephone Field,recover-20220825,002,1795
712.8735,712.8825,25468,34159,Eptesicus serotinus,0.008,0.023,-1,Echolocation,/mnt/ubna_data_01_mir/recover-20220825/UBNA_002/20220823_033000.WAV,Telephone Field,recover-20220825,002,1795
712.8915,712.9287,68437,81604,Rhinolophus ferrumequinum,0.024,0.024,-1,Echolocation,/mnt/ubna_data_01_mir/recover-20220825/UBNA_002/20220823_033000.WAV,Telephone Field,recover-20220825,002,1795
712.9155,712.9261,24609,31311,Nyctalus leisleri,0.009,0.025,-1,Echolocation,/mnt/ubna_data_01_mir/recover-20220825/UBNA_002/20220823_033000.WAV,Telephone Field,recover-20220825,002,1795
712.9165,712.9541,68437,82083,Rhinolophus ferrumequinum,0.025,0.025,-1,Echolocation,/mnt/ubna_data_01_mir/recover-20220825/UBNA_002/20220823_033000.WAV,Telephone Field,recover-20220825,002,1795
712.9335,712.9423,28906,37913,Eptesicus serotinus,0.01,0.025,-1,Echolocation,/mnt/ubna_data_01_mir/recover-20220825/UBNA_002/20220823_033000.WAV,Telephone Field,recover-20220825,002,1795
712.9915,713.0308,68437,81150,Rhinolophus ferrumequinum,0.024,0.024,-1,Echolocation,/mnt/ubna_data_01_mir/recover-20220825/UBNA_002/20220823_033000.WAV,Telephone Field,recover-20220825,002,1795
712.9935,713.0025,28046,39739,Eptesicus serotinus,0.008,0.023,-1,Echolocation,/mnt/ubna_data_01_mir/recover-20220825/UBNA_002/20220823_033000.WAV,Telephone Field,recover-20220825,002,1795
713.0145,713.0514000000001,68437,82078,Rhinolophus ferrumequinum,0.024,0.024,-1,Echolocation,/mnt/ubna_data_01_mir/recover-20220825/UBNA_002/20220823_033000.WAV,Telephone Field,recover-20220825,002,1795
713.0155,713.0233,28906,39201,Eptesicus serotinus,0.01,0.032,-1,Echolocation,/mnt/ubna_data_01_mir/recover-20220825/UBNA_002/20220823_033000.WAV,Telephone Field,recover-20220825,002,1795
713.0335,713.0727,68437,81936,Rhinolophus ferrumequinum,0.025,0.025,-1,Echolocation,/mnt/ubna_data_01_mir/recover-20220825/UBNA_002/20220823_033000.WAV,Telephone Field,recover-20220825,002,1795
713.1075,713.1187,22031,25975,Nyctalus leisleri,0.015,0.025,-1,Echolocation,/mnt/ubna_data_01_mir/recover-20220825/UBNA_002/20220823_033000.WAV,Telephone Field,recover-20220825,002,1795
713.1425,713.1817,68437,82634,Rhinolophus ferrumequinum,0.027,0.027,-1,Echolocation,/mnt/ubna_data_01_mir/recover-20220825/UBNA_002/20220823_033000.WAV,Telephone Field,recover-20220825,002,1795
713.1514999999999,713.1594,28046,41244,Eptesicus serotinus,0.008,0.023,-1,Echolocation,/mnt/ubna_data_01_mir/recover-20220825/UBNA_002/20220823_033000.WAV,Telephone Field,recover-20220825,002,1795
713.1815,713.1913,23750,30316,Nyctalus leisleri,0.009,0.025,-1,Echolocation,/mnt/ubna_data_01_mir/recover-20220825/UBNA_002/20220823_033000.WAV,Telephone Field,recover-20220825,002,1795
713.2195,713.2595,68437,82555,Rhinolophus ferrumequinum,0.024,0.024,-1,Echolocation,/mnt/ubna_data_01_mir/recover-20220825/UBNA_002/20220823_033000.WAV,Telephone Field,recover-20220825,002,1795
713.2605,713.2703,28046,36352,Eptesicus serotinus,0.01,0.024,-1,Echolocation,/mnt/ubna_data_01_mir/recover-20220825/UBNA_002/20220823_033000.WAV,Telephone Field,recover-20220825,002,1795
713.2875,713.3268,68437,82103,Rhinolophus ferrumequinum,0.027,0.027,-1,Echolocation,/mnt/ubna_data_01_mir/recover-20220825/UBNA_002/20220823_033000.WAV,Telephone Field,recover-20220825,002,1795
713.3245,713.3331000000001,28906,38925,Eptesicus serotinus,0.007,0.023,-1,Echolocation,/mnt/ubna_data_01_mir/recover-20220825/UBNA_002/20220823_033000.WAV,Telephone Field,recover-20220825,002,1795
713.3515,713.3915,68437,82999,Rhinolophus ferrumequinum,0.023,0.023,-1,Echolocation,/mnt/ubna_data_01_mir/recover-20220825/UBNA_002/20220823_033000.WAV,Telephone Field,recover-20220825,002,1795
713.3795,713.4171,68437,81772,Rhinolophus ferrumequinum,0.024,0.024,-1,Echolocation,/mnt/ubna_data_01_mir/recover-20220825/UBNA_002/20220823_033000.WAV,Telephone Field,recover-20220825,002,1795
713.3885,713.3955,28046,38544,Eptesicus serotinus,0.007,0.025,-1,Echolocation,/mnt/ubna_data_01_mir/recover-20220825/UBNA_002/20220823_033000.WAV,Telephone Field,recover-20220825,002,1795
713.4135,713.4236,28046,36653,Eptesicus serotinus,0.01,0.025,-1,Echolocation,/mnt/ubna_data_01_mir/recover-20220825/UBNA_002/20220823_033000.WAV,Telephone Field,recover-20220825,002,1795
713.4905,713.5285,68437,81903,Rhinolophus ferrumequinum,0.029,0.029,-1,Echolocation,/mnt/ubna_data_01_mir/recover-20220825/UBNA_002/20220823_033000.WAV,Telephone Field,recover-20220825,002,1795
713.4955,713.5067,22890,29062,Nyctalus leisleri,0.009,0.024,-1,Echolocation,/mnt/ubna_data_01_mir/recover-20220825/UBNA_002/20220823_033000.WAV,Telephone Field,recover-20220825,002,1795
713.5045,713.5154,23750,29592,Nyctalus leisleri,0.012,0.026,-1,Echolocation,/mnt/ubna_data_01_mir/recover-20220825/UBNA_002/20220823_033000.WAV,Telephone Field,recover-20220825,002,1795
713.5285,713.568,68437,82765,Rhinolophus ferrumequinum,0.036,0.036,-1,Echolocation,/mnt/ubna_data_01_mir/recover-20220825/UBNA_002/20220823_033000.WAV,Telephone Field,recover-20220825,002,1795
713.5495,713.5847,68437,81987,Rhinolophus ferrumequinum,0.023,0.023,-1,Echolocation,/mnt/ubna_data_01_mir/recover-20220825/UBNA_002/20220823_033000.WAV,Telephone Field,recover-20220825,002,1795
713.5785,713.5855,26328,39255,Plecotus austriacus,0.006,0.027,-1,Echolocation,/mnt/ubna_data_01_mir/recover-20220825/UBNA_002/20220823_033000.WAV,Telephone Field,recover-20220825,002,1795
713.6225,713.6315,28906,37865,Eptesicus serotinus,0.011,0.029,-1,Echolocation,/mnt/ubna_data_01_mir/recover-20220825/UBNA_002/20220823_033000.WAV,Telephone Field,recover-20220825,002,1795
713.6265,713.6638,68437,81545,Rhinolophus ferrumequinum,0.023,0.023,-1,Echolocation,/mnt/ubna_data_01_mir/recover-20220825/UBNA_002/20220823_033000.WAV,Telephone Field,recover-20220825,002,1795
713.6755,713.685,28906,39935,Eptesicus serotinus,0.015,0.036,-1,Echolocation,/mnt/ubna_data_01_mir/recover-20220825/UBNA_002/20220823_033000.WAV,Telephone Field,recover-20220825,002,1795
713.7265,713.7695,68437,83565,Rhinolophus ferrumequinum,0.029,0.029,-1,Echolocation,/mnt/ubna_data_01_mir/recover-20220825/UBNA_002/20220823_033000.WAV,Telephone Field,recover-20220825,002,1795
713.7375,713.7491,47812,51872,Pipistrellus pipistrellus,0.057,0.061,-1,Echolocation,/mnt/ubna_data_01_mir/recover-20220825/UBNA_002/20220823_033000.WAV,Telephone Field,recover-20220825,002,1795
713.7445,713.7632,20312,23328,Nyctalus leisleri,0.025,0.046,-1,Echolocation,/mnt/ubna_data_01_mir/recover-20220825/UBNA_002/20220823_033000.WAV,Telephone Field,recover-20220825,002,1795
713.7605,713.774,21171,24275,Nyctalus leisleri,0.018,0.028,-1,Echolocation,/mnt/ubna_data_01_mir/recover-20220825/UBNA_002/20220823_033000.WAV,Telephone Field,recover-20220825,002,1795
713.7745,713.8134,68437,81853,Rhinolophus ferrumequinum,0.027,0.027,-1,Echolocation,/mnt/ubna_data_01_mir/recover-20220825/UBNA_002/20220823_033000.WAV,Telephone Field,recover-20220825,002,1795
713.7755,713.7879,28046,34366,Eptesicus serotinus,0.016,0.03,-1,Echolocation,/mnt/ubna_data_01_mir/recover-20220825/UBNA_002/20220823_033000.WAV,Telephone Field,recover-20220825,002,1795
713.7885,713.828,68437,82491,Rhinolophus ferrumequinum,0.022,0.022,-1,Echolocation,/mnt/ubna_data_01_mir/recover-20220825/UBNA_002/20220823_033000.WAV,Telephone Field,recover-20220825,002,1795
713.7955,713.8075,23750,28565,Nyctalus leisleri,0.014,0.028,-1,Echolocation,/mnt/ubna_data_01_mir/recover-20220825/UBNA_002/20220823_033000.WAV,Telephone Field,recover-20220825,002,1795
713.7955,713.8348,68437,82034,Rhinolophus ferrumequinum,0.023,0.023,-1,Echolocation,/mnt/ubna_data_01_mir/recover-20220825/UBNA_002/20220823_033000.WAV,Telephone Field,recover-20220825,002,1795
713.8205,713.8577,68437,82281,Rhinolophus ferrumequinum,0.023,0.023,-1,Echolocation,/mnt/ubna_data_01_mir/recover-20220825/UBNA_002/20220823_033000.WAV,Telephone Field,recover-20220825,002,1795
713.8765,713.8849,25468,34327,Eptesicus serotinus,0.008,0.023,-1,Echolocation,/mnt/ubna_data_01_mir/recover-20220825/UBNA_002/20220823_033000.WAV,Telephone Field,recover-20220825,002,1795
713.8875,713.8984,24609,30254,Nyctalus leisleri,0.01,0.026,-1,Echolocation,/mnt/ubna_data_01_mir/recover-20220825/UBNA_002/20220823_033000.WAV,Telephone Field,recover-20220825,002,1795
713.8915,713.8997,40937,52735,Pipistrellus nathusii,0.007,0.023,-1,Echolocation,/mnt/ubna_data_01_mir/recover-20220825/UBNA_002/20220823_033000.WAV,Telephone Field,recover-20220825,002,1795
713.9155,713.9537,68437,81530,Rhinolophus ferrumequinum,0.022,0.022,-1,Echolocation,/mnt/ubna_data_01_mir/recover-20220825/UBNA_002/20220823_033000.WAV,Telephone Field,recover-20220825,002,1795
713.9495,713.957,28906,39411,Eptesicus serotinus,0.008,0.03,-1,Echolocation,/mnt/ubna_data_01_mir/recover-20220825/UBNA_002/20220823_033000.WAV,Telephone Field,recover-20220825,002,1795
714.0015,714.0344,68437,80910,Rhinolophus ferrumequinum,0.066,0.066,-1,Echolocation,/mnt/ubna_data_01_mir/recover-20220825/UBNA_002/20220823_033000.WAV,Telephone Field,recover-20220825,002,1795
714.0015,714.015,19453,23861,Nyctalus leisleri,0.012,0.024,-1,Echolocation,/mnt/ubna_data_01_mir/recover-20220825/UBNA_002/20220823_033000.WAV,Telephone Field,recover-20220825,002,1795
714.0245,714.0677,68437,82618,Rhinolophus ferrumequinum,0.029,0.029,-1,Echolocation,/mnt/ubna_data_01_mir/recover-20220825/UBNA_002/20220823_033000.WAV,Telephone Field,recover-20220825,002,1795
714.0335,714.0437,24609,30949,Nyctalus leisleri,0.008,0.024,-1,Echolocation,/mnt/ubna_data_01_mir/recover-20220825/UBNA_002/20220823_033000.WAV,Telephone Field,recover-20220825,002,1795
714.0385,714.0459,46093,49648,Pipistrellus pipistrellus,0.027,0.028,-1,Echolocation,/mnt/ubna_data_01_mir/recover-20220825/UBNA_002/20220823_033000.WAV,Telephone Field,recover-20220825,002,1795
714.0545,714.0971,68437,82617,Rhinolophus ferrumequinum,0.052,0.052,-1,Echolocation,/mnt/ubna_data_01_mir/recover-20220825/UBNA_002/20220823_033000.WAV,Telephone Field,recover-20220825,002,1795
714.0735,714.1151,68437,82964,Rhinolophus ferrumequinum,0.027,0.027,-1,Echolocation,/mnt/ubna_data_01_mir/recover-20220825/UBNA_002/20220823_033000.WAV,Telephone Field,recover-20220825,002,1795
714.1045,714.1423,68437,81926,Rhinolophus ferrumequinum,0.021,0.021,-1,Echolocation,/mnt/ubna_data_01_mir/recover-20220825/UBNA_002/20220823_033000.WAV,Telephone Field,recover-20220825,002,1795
714.1175,714.1581,68437,82741,Rhinolophus ferrumequinum,0.022,0.022,-1,Echolocation,/mnt/ubna_data_01_mir/recover-20220825/UBNA_002/20220823_033000.WAV,Telephone Field,recover-20220825,002,1795
714.1185,714.1327,44375,47435,Pipistrellus pipistrellus,0.028,0.03,-1,Echolocation,/mnt/ubna_data_01_mir/recover-20220825/UBNA_002/20220823_033000.WAV,Telephone Field,recover-20220825,002,1795
714.1625,714.2037,68437,82279,Rhinolophus ferrumequinum,0.023,0.023,-1,Echolocation,/mnt/ubna_data_01_mir/recover-20220825/UBNA_002/20220823_033000.WAV,Telephone Field,recover-20220825,002,1795
714.1825,714.1899,23750,33259,Plecotus austriacus,0.014,0.028,-1,Echolocation,/mnt/ubna_data_01_mir/recover-20220825/UBNA_002/20220823_033000.WAV,Telephone Field,recover-20220825,002,1795
714.1845,714.1912,28906,40881,Eptesicus serotinus,0.006,0.025,-1,Echolocation,/mnt/ubna_data_01_mir/recover-20220825/UBNA_002/20220823_033000.WAV,Telephone Field,recover-20220825,002,1795
714.1965,714.2319,68437,81356,Rhinolophus ferrumequinum,0.021,0.021,-1,Echolocation,/mnt/ubna_data_01_mir/recover-20220825/UBNA_002/20220823_033000.WAV,Telephone Field,recover-20220825,002,1795
714.2165,714.2256,22031,29601,Plecotus austriacus,0.011,0.026,-1,Echolocation,/mnt/ubna_data_01_mir/recover-20220825/UBNA_002/20220823_033000.WAV,Telephone Field,recover-20220825,002,1795
714.2185,714.2263,26328,39112,Eptesicus serotinus,0.01,0.026,-1,Echolocation,/mnt/ubna_data_01_mir/recover-20220825/UBNA_002/20220823_033000.WAV,Telephone Field,recover-20220825,002,1795
714.2325,714.2713,68437,82379,Rhinolophus ferrumequinum,0.022,0.022,-1,Echolocation,/mnt/ubna_data_01_mir/recover-20220825/UBNA_002/20220823_033000.WAV,Telephone Field,recover-20220825,002,1795
714.2405,714.2531,24609,29398,Nyctalus leisleri,0.019,0.039,-1,Echolocation,/mnt/ubna_data_01_mir/recover-20220825/UBNA_002/20220823_033000.WAV,Telephone Field,recover-20220825,002,1795
714.2575,714.3014000000001,68437,83689,Rhinolophus ferrumequinum,0.039,0.039,-1,Echolocation,/mnt/ubna_data_01_mir/recover-20220825/UBNA_002/20220823_033000.WAV,Telephone Field,recover-20220825,002,1795
714.3065,714.3483,68437,82422,Rhinolophus ferrumequinum,0.024,0.024,-1,Echolocation,/mnt/ubna_data_01_mir/recover-20220825/UBNA_002/20220823_033000.WAV,Telephone Field,recover-20220825,002,1795
714.3085,714.3191,25468,32526,Eptesicus serotinus,0.011,0.026,-1,Echolocation,/mnt/ubna_data_01_mir/recover-20220825/UBNA_002/20220823_033000.WAV,Telephone Field,recover-20220825,002,1795
714.3355,714.3751,68437,82410,Rhinolophus ferrumequinum,0.022,0.022,-1,Echolocation,/mnt/ubna_data_01_mir/recover-20220825/UBNA_002/20220823_033000.WAV,Telephone Field,recover-20220825,002,1795
714.3475,714.3558,28046,37201,Eptesicus serotinus,0.013,0.027,-1,Echolocation,/mnt/ubna_data_01_mir/recover-20220825/UBNA_002/20220823_033000.WAV,Telephone Field,recover-20220825,002,1795
714.3505,714.3901,68437,81667,Rhinolophus ferrumequinum,0.025,0.026,-1,Echolocation,/mnt/ubna_data_01_mir/recover-20220825/UBNA_002/20220823_033000.WAV,Telephone Field,recover-20220825,002,1795
714.4205,714.4628,68437,83376,Rhinolophus ferrumequinum,0.026,0.026,-1,Echolocation,/mnt/ubna_data_01_mir/recover-20220825/UBNA_002/20220823_033000.WAV,Telephone Field,recover-20220825,002,1795
714.4315,714.4736,68437,82717,Rhinolophus ferrumequinum,0.023,0.023,-1,Echolocation,/mnt/ubna_data_01_mir/recover-20220825/UBNA_002/20220823_033000.WAV,Telephone Field,recover-20220825,002,1795
714.4845,714.5236,68437,81774,Rhinolophus ferrumequinum,0.021,0.021,-1,Echolocation,/mnt/ubna_data_01_mir/recover-20220825/UBNA_002/20220823_033000.WAV,Telephone Field,recover-20220825,002,1795
714.5165,714.5575,68437,82998,Rhinolophus ferrumequinum,0.028,0.028,-1,Echolocation,/mnt/ubna_data_01_mir/recover-20220825/UBNA_002/20220823_033000.WAV,Telephone Field,recover-20220825,002,1795
714.5475,714.5874,68437,82454,Rhinolophus ferrumequinum,0.021,0.021,-1,Echolocation,/mnt/ubna_data_01_mir/recover-20220825/UBNA_002/20220823_033000.WAV,Telephone Field,recover-20220825,002,1795
714.5495,714.5603,23750,29602,Nyctalus leisleri,0.009,0.022,-1,Echolocation,/mnt/ubna_data_01_mir/recover-20220825/UBNA_002/20220823_033000.WAV,Telephone Field,recover-20220825,002,1795
714.5815,714.5905,28906,37429,Eptesicus serotinus,0.014,0.028,-1,Echolocation,/mnt/ubna_data_01_mir/recover-20220825/UBNA_002/20220823_033000.WAV,Telephone Field,recover-20220825,002,1795
714.5905,714.6313,68437,82138,Rhinolophus ferrumequinum,0.026,0.026,-1,Echolocation,/mnt/ubna_data_01_mir/recover-20220825/UBNA_002/20220823_033000.WAV,Telephone Field,recover-20220825,002,1795
714.5995,714.638,68437,81705,Rhinolophus ferrumequinum,0.021,0.021,-1,Echolocation,/mnt/ubna_data_01_mir/recover-20220825/UBNA_002/20220823_033000.WAV,Telephone Field,recover-20220825,002,1795
714.6025,714.6108,28906,38624,Eptesicus serotinus,0.008,0.022,-1,Echolocation,/mnt/ubna_data_01_mir/recover-20220825/UBNA_002/20220823_033000.WAV,Telephone Field,recover-20220825,002,1795
714.6125,714.6493,68437,82142,Rhinolophus ferrumequinum,0.024,0.024,-1,Echolocation,/mnt/ubna_data_01_mir/recover-20220825/UBNA_002/20220823_033000.WAV,Telephone Field,recover-20220825,002,1795
714.6355,714.6751,68437,82418,Rhinolophus ferrumequinum,0.023,0.023,-1,Echolocation,/mnt/ubna_data_01_mir/recover-20220825/UBNA_002/20220823_033000.WAV,Telephone Field,recover-20220825,002,1795
714.6385,714.6486,22890,28010,Nyctalus leisleri,0.01,0.022,-1,Echolocation,/mnt/ubna_data_01_mir/recover-20220825/UBNA_002/20220823_033000.WAV,Telephone Field,recover-20220825,002,1795
714.6845,714.6937,25468,33353,Eptesicus serotinus,0.007,0.022,-1,Echolocation,/mnt/ubna_data_01_mir/recover-20220825/UBNA_002/20220823_033000.WAV,Telephone Field,recover-20220825,002,1795
714.7085,714.7167,26328,38788,Eptesicus serotinus,0.007,0.021,-1,Echolocation,/mnt/ubna_data_01_mir/recover-20220825/UBNA_002/20220823_033000.WAV,Telephone Field,recover-20220825,002,1795
714.7505,714.7579,26328,37916,Eptesicus serotinus,0.008,0.025,-1,Echolocation,/mnt/ubna_data_01_mir/recover-20220825/UBNA_002/20220823_033000.WAV,Telephone Field,recover-20220825,002,1795
714.7695,714.8106,68437,82152,Rhinolophus ferrumequinum,0.065,0.065,-1,Echolocation,/mnt/ubna_data_01_mir/recover-20220825/UBNA_002/20220823_033000.WAV,Telephone Field,recover-20220825,002,1795
714.7825,714.7907,27187,39236,Eptesicus serotinus,0.008,0.021,-1,Echolocation,/mnt/ubna_data_01_mir/recover-20220825/UBNA_002/20220823_033000.WAV,Telephone Field,recover-20220825,002,1795
714.8235,714.8609,68437,81544,Rhinolophus ferrumequinum,0.022,0.022,-1,Echolocation,/mnt/ubna_data_01_mir/recover-20220825/UBNA_002/20220823_033000.WAV,Telephone Field,recover-20220825,002,1795
714.8315,714.8709,68437,82330,Rhinolophus ferrumequinum,0.022,0.022,-1,Echolocation,/mnt/ubna_data_01_mir/recover-20220825/UBNA_002/20220823_033000.WAV,Telephone Field,recover-20220825,002,1795
714.8455,714.858,22031,26741,Nyctalus leisleri,0.015,0.031,-1,Echolocation,/mnt/ubna_data_01_mir/recover-20220825/UBNA_002/20220823_033000.WAV,Telephone Field,recover-20220825,002,1795
714.8475,714.8835,68437,81955,Rhinolophus ferrumequinum,0.023,0.023,-1,Echolocation,/mnt/ubna_data_01_mir/recover-20220825/UBNA_002/20220823_033000.WAV,Telephone Field,recover-20220825,002,1795
714.8835,714.8908,28046,39188,Eptesicus serotinus,0.006,0.022,-1,Echolocation,/mnt/ubna_data_01_mir/recover-20220825/UBNA_002/20220823_033000.WAV,Telephone Field,recover-20220825,002,1795
714.8955,714.9355,68437,82404,Rhinolophus ferrumequinum,0.023,0.023,-1,Echolocation,/mnt/ubna_data_01_mir/recover-20220825/UBNA_002/20220823_033000.WAV,Telephone Field,recover-20220825,002,1795
714.8995,714.916,20312,23998,Nyctalus leisleri,0.011,0.022,-1,Echolocation,/mnt/ubna_data_01_mir/recover-20220825/UBNA_002/20220823_033000.WAV,Telephone Field,recover-20220825,002,1795
714.9395,714.978,68437,81868,Rhinolophus ferrumequinum,0.029,0.029,-1,Echolocation,/mnt/ubna_data_01_mir/recover-20220825/UBNA_002/20220823_033000.WAV,Telephone Field,recover-20220825,002,1795
714.9765,715.0215,68437,83544,Rhinolophus ferrumequinum,0.052,0.052,-1,Echolocation,/mnt/ubna_data_01_mir/recover-20220825/UBNA_002/20220823_033000.WAV,Telephone Field,recover-20220825,002,1795
715.0075,715.0487,68437,82494,Rhinolophus ferrumequinum,0.024,0.025,-1,Echolocation,/mnt/ubna_data_01_mir/recover-20220825/UBNA_002/20220823_033000.WAV,Telephone Field,recover-20220825,002,1795
715.0125,715.0499,68437,82371,Rhinolophus ferrumequinum,0.024,0.024,-1,Echolocation,/mnt/ubna_data_01_mir/recover-20220825/UBNA_002/20220823_033000.WAV,Telephone Field,recover-20220825,002,1795
715.0225,715.0332,23750,30400,Nyctalus leisleri,0.011,0.029,-1,Echolocation,/mnt/ubna_data_01_mir/recover-20220825/UBNA_002/20220823_033000.WAV,Telephone Field,recover-20220825,002,1795
715.0505,715.0838,68437,81567,Rhinolophus ferrumequinum,0.022,0.022,-1,Echolocation,/mnt/ubna_data_01_mir/recover-20220825/UBNA_002/20220823_033000.WAV,Telephone Field,recover-20220825,002,1795
715.0685,715.1072,68437,81823,Rhinolophus ferrumequinum,0.023,0.023,-1,Echolocation,/mnt/ubna_data_01_mir/recover-20220825/UBNA_002/20220823_033000.WAV,Telephone Field,recover-20220825,002,1795
715.0765,715.1143,68437,82181,Rhinolophus ferrumequinum,0.021,0.022,-1,Echolocation,/mnt/ubna_data_01_mir/recover-20220825/UBNA_002/20220823_033000.WAV,Telephone Field,recover-20220825,002,1795
715.0835,715.1221,68437,82225,Rhinolophus ferrumequinum,0.022,0.022,-1,Echolocation,/mnt/ubna_data_01_mir/recover-20220825/UBNA_002/20220823_033000.WAV,Telephone Field,recover-20220825,002,1795
715.1265,715.1677999999999,68437,82954,Rhinolophus ferrumequinum,0.025,0.025,-1,Echolocation,/mnt/ubna_data_01_mir/recover-20220825/UBNA_002/20220823_033000.WAV,Telephone Field,recover-20220825,002,1795
715.1965,715.2341,68437,81864,Rhinolophus ferrumequinum,0.027,0.027,-1,Echolocation,/mnt/ubna_data_01_mir/recover-20220825/UBNA_002/20220823_033000.WAV,Telephone Field,recover-20220825,002,1795
715.1975,715.2083,23750,28687,Nyctalus leisleri,0.013,0.024,-1,Echolocation,/mnt/ubna_data_01_mir/recover-20220825/UBNA_002/20220823_033000.WAV,Telephone Field,recover-20220825,002,1795
715.2225,715.261,68437,81925,Rhinolophus ferrumequinum,0.024,0.024,-1,Echolocation,/mnt/ubna_data_01_mir/recover-20220825/UBNA_002/20220823_033000.WAV,Telephone Field,recover-20220825,002,1795
715.2425,715.2822,68437,82617,Rhinolophus ferrumequinum,0.022,0.022,-1,Echolocation,/mnt/ubna_data_01_mir/recover-20220825/UBNA_002/20220823_033000.WAV,Telephone Field,recover-20220825,002,1795
715.2625,715.2723,26328,35316,Eptesicus serotinus,0.009,0.021,-1,Echolocation,/mnt/ubna_data_01_mir/recover-20220825/UBNA_002/20220823_033000.WAV,Telephone Field,recover-20220825,002,1795
715.2805,715.32,68437,82618,Rhinolophus ferrumequinum,0.039,0.039,-1,Echolocation,/mnt/ubna_data_01_mir/recover-20220825/UBNA_002/20220823_033000.WAV,Telephone Field,recover-20220825,002,1795
715.2845,715.2916,24609,34623,Plecotus austriacus,0.01,0.031,-1,Echolocation,/mnt/ubna_data_01_mir/recover-20220825/UBNA_002/20220823_033000.WAV,Telephone Field,recover-20220825,002,1795
715.2965,715.3339,68437,81911,Rhinolophus ferrumequinum,0.021,0.021,-1,Echolocation,/mnt/ubna_data_01_mir/recover-20220825/UBNA_002/20220823_033000.WAV,Telephone Field,recover-20220825,002,1795
715.3175,715.3593,68437,82860,Rhinolophus ferrumequinum,0.035,0.035,-1,Echolocation,/mnt/ubna_data_01_mir/recover-20220825/UBNA_002/20220823_033000.WAV,Telephone Field,recover-20220825,002,1795
715.3405,715.3508,46093,49644,Pipistrellus pipistrellus,0.045,0.047,-1,Echolocation,/mnt/ubna_data_01_mir/recover-20220825/UBNA_002/20220823_033000.WAV,Telephone Field,recover-20220825,002,1795
715.3905,715.4318,68437,82799,Rhinolophus ferrumequinum,0.024,0.024,-1,Echolocation,/mnt/ubna_data_01_mir/recover-20220825/UBNA_002/20220823_033000.WAV,Telephone Field,recover-20220825,002,1795
715.4165,715.458,68437,82439,Rhinolophus ferrumequinum,0.023,0.023,-1,Echolocation,/mnt/ubna_data_01_mir/recover-20220825/UBNA_002/20220823_033000.WAV,Telephone Field,recover-20220825,002,1795
715.4445,715.4863,68437,82445,Rhinolophus ferrumequinum,0.027,0.027,-1,Echolocation,/mnt/ubna_data_01_mir/recover-20220825/UBNA_002/20220823_033000.WAV,Telephone Field,recover-20220825,002,1795
715.4605,715.4998,68437,82908,Rhinolophus ferrumequinum,0.023,0.023,-1,Echolocation,/mnt/ubna_data_01_mir/recover-20220825/UBNA_002/20220823_033000.WAV,Telephone Field,recover-20220825,002,1795
715.4715,715.5119,68437,82947,Rhinolophus ferrumequinum,0.024,0.024,-1,Echolocation,/mnt/ubna_data_01_mir/recover-20220825/UBNA_002/20220823_033000.WAV,Telephone Field,recover-20220825,002,1795
715.5115,715.5232,22890,27852,Nyctalus leisleri,0.013,0.025,-1,Echolocation,/mnt/ubna_data_01_mir/recover-20220825/UBNA_002/20220823_033000.WAV,Telephone Field,recover-20220825,002,1795
715.5335,715.574,68437,82515,Rhinolophus ferrumequinum,0.024,0.024,-1,Echolocation,/mnt/ubna_data_01_mir/recover-20220825/UBNA_002/20220823_033000.WAV,Telephone Field,recover-20220825,002,1795
715.5405,715.5801,68437,82188,Rhinolophus ferrumequinum,0.024,0.024,-1,Echolocation,/mnt/ubna_data_01_mir/recover-20220825/UBNA_002/20220823_033000.WAV,Telephone Field,recover-20220825,002,1795
715.5825,715.6281,68437,83298,Rhinolophus ferrumequinum,0.047,0.047,-1,Echolocation,/mnt/ubna_data_01_mir/recover-20220825/UBNA_002/20220823_033000.WAV,Telephone Field,recover-20220825,002,1795
715.6165,715.6573,68437,82488,Rhinolophus ferrumequinum,0.026,0.026,-1,Echolocation,/mnt/ubna_data_01_mir/recover-20220825/UBNA_002/20220823_033000.WAV,Telephone Field,recover-20220825,002,1795
715.6514999999999,715.6674,14296,20342,Nyctalus noctula,0.023,0.031,-1,Echolocation,/mnt/ubna_data_01_mir/recover-20220825/UBNA_002/20220823_033000.WAV,Telephone Field,recover-20220825,002,1795
715.6615,715.6998,68437,82307,Rhinolophus ferrumequinum,0.024,0.024,-1,Echolocation,/mnt/ubna_data_01_mir/recover-20220825/UBNA_002/20220823_033000.WAV,Telephone Field,recover-20220825,002,1795
715.7015,715.7397,68437,82780,Rhinolophus ferrumequinum,0.025,0.025,-1,Echolocation,/mnt/ubna_data_01_mir/recover-20220825/UBNA_002/20220823_033000.WAV,Telephone Field,recover-20220825,002,1795
715.7155,715.7559,68437,83071,Rhinolophus ferrumequinum,0.024,0.024,-1,Echolocation,/mnt/ubna_data_01_mir/recover-20220825/UBNA_002/20220823_033000.WAV,Telephone Field,recover-20220825,002,1795
715.7325,715.74,29765,38687,Eptesicus serotinus,0.008,0.026,-1,Echolocation,/mnt/ubna_data_01_mir/recover-20220825/UBNA_002/20220823_033000.WAV,Telephone Field,recover-20220825,002,1795
715.7495,715.7896,68437,82190,Rhinolophus ferrumequinum,0.025,0.025,-1,Echolocation,/mnt/ubna_data_01_mir/recover-20220825/UBNA_002/20220823_033000.WAV,Telephone Field,recover-20220825,002,1795
715.7625,715.8029,68437,82334,Rhinolophus ferrumequinum,0.022,0.022,-1,Echolocation,/mnt/ubna_data_01_mir/recover-20220825/UBNA_002/20220823_033000.WAV,Telephone Field,recover-20220825,002,1795
715.7825,715.8168000000001,68437,80883,Rhinolophus ferrumequinum,0.024,0.024,-1,Echolocation,/mnt/ubna_data_01_mir/recover-20220825/UBNA_002/20220823_033000.WAV,Telephone Field,recover-20220825,002,1795
715.8045,715.8435,68437,81958,Rhinolophus ferrumequinum,0.022,0.022,-1,Echolocation,/mnt/ubna_data_01_mir/recover-20220825/UBNA_002/20220823_033000.WAV,Telephone Field,recover-20220825,002,1795
715.8225,715.8639000000001,68437,82586,Rhinolophus ferrumequinum,0.026,0.026,-1,Echolocation,/mnt/ubna_data_01_mir/recover-20220825/UBNA_002/20220823_033000.WAV,Telephone Field,recover-20220825,002,1795
715.8465,715.8866,68437,82658,Rhinolophus ferrumequinum,0.025,0.025,-1,Echolocation,/mnt/ubna_data_01_mir/recover-20220825/UBNA_002/20220823_033000.WAV,Telephone Field,recover-20220825,002,1795
715.8475,715.8588,22031,25638,Nyctalus leisleri,0.016,0.028,-1,Echolocation,/mnt/ubna_data_01_mir/recover-20220825/UBNA_002/20220823_033000.WAV,Telephone Field,recover-20220825,002,1795
715.8945,715.9017,23750,32346,Plecotus austriacus,0.01,0.022,-1,Echolocation,/mnt/ubna_data_01_mir/recover-20220825/UBNA_002/20220823_033000.WAV,Telephone Field,recover-20220825,002,1795
715.8945,715.9331999999999,68437,81349,Rhinolophus ferrumequinum,0.023,0.023,-1,Echolocation,/mnt/ubna_data_01_mir/recover-20220825/UBNA_002/20220823_033000.WAV,Telephone Field,recover-20220825,002,1795
715.9385,715.9771,68437,81728,Rhinolophus ferrumequinum,0.021,0.021,-1,Echolocation,/mnt/ubna_data_01_mir/recover-20220825/UBNA_002/20220823_033000.WAV,Telephone Field,recover-20220825,002,1795
715.9735000000001,715.9825,24609,32706,Eptesicus serotinus,0.006,0.022,-1,Echolocation,/mnt/ubna_data_01_mir/recover-20220825/UBNA_002/20220823_033000.WAV,Telephone Field,recover-20220825,002,1795
716.0015,716.0101,39218,48255,Pipistrellus nathusii,0.01,0.027,-1,Echolocation,/mnt/ubna_data_01_mir/recover-20220825/UBNA_002/20220823_033000.WAV,Telephone Field,recover-20220825,002,1795
716.0015,716.0081,46093,53685,Pipistrellus pipistrellus,0.02,0.028,-1,Echolocation,/mnt/ubna_data_01_mir/recover-20220825/UBNA_002/20220823_033000.WAV,Telephone Field,recover-20220825,002,1795
716.0015,716.0314,68437,79893,Rhinolophus ferrumequinum,0.041,0.042,-1,Echolocation,/mnt/ubna_data_01_mir/recover-20220825/UBNA_002/20220823_033000.WAV,Telephone Field,recover-20220825,002,1795
716.0015,716.0112,22890,29435,Nyctalus leisleri,0.012,0.03,-1,Echolocation,/mnt/ubna_data_01_mir/recover-20220825/UBNA_002/20220823_033000.WAV,Telephone Field,recover-20220825,002,1795
716.0565,716.0671,23750,30052,Nyctalus leisleri,0.011,0.029,-1,Echolocation,/mnt/ubna_data_01_mir/recover-20220825/UBNA_002/20220823_033000.WAV,Telephone Field,recover-20220825,002,1795
716.0625,716.0722,28906,36818,Eptesicus serotinus,0.009,0.024,-1,Echolocation,/mnt/ubna_data_01_mir/recover-20220825/UBNA_002/20220823_033000.WAV,Telephone Field,recover-20220825,002,1795
716.0905,716.0985000000001,27187,39867,Eptesicus serotinus,0.008,0.024,-1,Echolocation,/mnt/ubna_data_01_mir/recover-20220825/UBNA_002/20220823_033000.WAV,Telephone Field,recover-20220825,002,1795
716.1075,716.1483,68437,82425,Rhinolophus ferrumequinum,0.037,0.037,-1,Echolocation,/mnt/ubna_data_01_mir/recover-20220825/UBNA_002/20220823_033000.WAV,Telephone Field,recover-20220825,002,1795
716.1095,716.1181,27187,36265,Eptesicus serotinus,0.009,0.024,-1,Echolocation,/mnt/ubna_data_01_mir/recover-20220825/UBNA_002/20220823_033000.WAV,Telephone Field,recover-20220825,002,1795
716.1275,716.1643,68437,81714,Rhinolophus ferrumequinum,0.024,0.024,-1,Echolocation,/mnt/ubna_data_01_mir/recover-20220825/UBNA_002/20220823_033000.WAV,Telephone Field,recover-20220825,002,1795
716.1335,716.1729,68437,81958,Rhinolophus ferrumequinum,0.022,0.022,-1,Echolocation,/mnt/ubna_data_01_mir/recover-20220825/UBNA_002/20220823_033000.WAV,Telephone Field,recover-20220825,002,1795
716.1655,716.2067,68437,82569,Rhinolophus ferrumequinum,0.026,0.026,-1,Echolocation,/mnt/ubna_data_01_mir/recover-20220825/UBNA_002/20220823_033000.WAV,Telephone Field,recover-20220825,002,1795
716.1755,716.2178,68437,82419,Rhinolophus ferrumequinum,0.045,0.046,-1,Echolocation,/mnt/ubna_data_01_mir/recover-20220825/UBNA_002/20220823_033000.WAV,Telephone Field,recover-20220825,002,1795
716.1765,716.1938,22890,27211,Nyctalus leisleri,0.019,0.036,-1,Echolocation,/mnt/ubna_data_01_mir/recover-20220825/UBNA_002/20220823_033000.WAV,Telephone Field,recover-20220825,002,1795
716.1955,716.2326,68437,81189,Rhinolophus ferrumequinum,0.026,0.026,-1,Echolocation,/mnt/ubna_data_01_mir/recover-20220825/UBNA_002/20220823_033000.WAV,Telephone Field,recover-20220825,002,1795
716.2145,716.2238,28046,36489,Eptesicus serotinus,0.009,0.025,-1,Echolocation,/mnt/ubna_data_01_mir/recover-20220825/UBNA_002/20220823_033000.WAV,Telephone Field,recover-20220825,002,1795
716.2345,716.2455,23750,30225,Nyctalus leisleri,0.014,0.036,-1,Echolocation,/mnt/ubna_data_01_mir/recover-20220825/UBNA_002/20220823_033000.WAV,Telephone Field,recover-20220825,002,1795
716.2555,716.2629,32343,43737,Myotis daubentonii,0.009,0.025,-1,Echolocation,/mnt/ubna_data_01_mir/recover-20220825/UBNA_002/20220823_033000.WAV,Telephone Field,recover-20220825,002,1795
716.2585,716.3019,68437,83161,Rhinolophus ferrumequinum,0.034,0.034,-1,Echolocation,/mnt/ubna_data_01_mir/recover-20220825/UBNA_002/20220823_033000.WAV,Telephone Field,recover-20220825,002,1795
716.3105,716.3497,68437,81968,Rhinolophus ferrumequinum,0.027,0.027,-1,Echolocation,/mnt/ubna_data_01_mir/recover-20220825/UBNA_002/20220823_033000.WAV,Telephone Field,recover-20220825,002,1795
716.3135,716.325,22890,28030,Nyctalus leisleri,0.012,0.026,-1,Echolocation,/mnt/ubna_data_01_mir/recover-20220825/UBNA_002/20220823_033000.WAV,Telephone Field,recover-20220825,002,1795
716.3195,716.331,22031,26101,Nyctalus leisleri,0.014,0.025,-1,Echolocation,/mnt/ubna_data_01_mir/recover-20220825/UBNA_002/20220823_033000.WAV,Telephone Field,recover-20220825,002,1795
716.3475,716.3538,49531,53857,Pipistrellus pipistrellus,0.023,0.024,-1,Echolocation,/mnt/ubna_data_01_mir/recover-20220825/UBNA_002/20220823_033000.WAV,Telephone Field,recover-20220825,002,1795
716.3575,716.3945,68437,81907,Rhinolophus ferrumequinum,0.025,0.025,-1,Echolocation,/mnt/ubna_data_01_mir/recover-20220825/UBNA_002/20220823_033000.WAV,Telephone Field,recover-20220825,002,1795
716.3895,716.3999,22890,27611,Nyctalus leisleri,0.013,0.024,-1,Echolocation,/mnt/ubna_data_01_mir/recover-20220825/UBNA_002/20220823_033000.WAV,Telephone Field,recover-20220825,002,1795
716.4075,716.4165,27187,37424,Eptesicus serotinus,0.009,0.023,-1,Echolocation,/mnt/ubna_data_01_mir/recover-20220825/UBNA_002/20220823_033000.WAV,Telephone Field,recover-20220825,002,1795
716.4115,716.4211,22890,29042,Nyctalus leisleri,0.009,0.023,-1,Echolocation,/mnt/ubna_data_01_mir/recover-20220825/UBNA_002/20220823_033000.WAV,Telephone Field,recover-20220825,002,1795
716.4275,716.461,68437,80126,Rhinolophus ferrumequinum,0.027,0.027,-1,Echolocation,/mnt/ubna_data_01_mir/recover-20220825/UBNA_002/20220823_033000.WAV,Telephone Field,recover-20220825,002,1795
716.4755,716.4851,28906,37504,Myotis daubentonii,0.008,0.027,-1,Echolocation,/mnt/ubna_data_01_mir/recover-20220825/UBNA_002/20220823_033000.WAV,Telephone Field,recover-20220825,002,1795
716.5055,716.5461,68437,82669,Rhinolophus ferrumequinum,0.043,0.043,-1,Echolocation,/mnt/ubna_data_01_mir/recover-20220825/UBNA_002/20220823_033000.WAV,Telephone Field,recover-20220825,002,1795
716.5095,716.516,30625,45615,Myotis daubentonii,0.011,0.023,-1,Echolocation,/mnt/ubna_data_01_mir/recover-20220825/UBNA_002/20220823_033000.WAV,Telephone Field,recover-20220825,002,1795
716.5655,716.6011,68437,81077,Rhinolophus ferrumequinum,0.022,0.022,-1,Echolocation,/mnt/ubna_data_01_mir/recover-20220825/UBNA_002/20220823_033000.WAV,Telephone Field,recover-20220825,002,1795
716.5935,716.6316,68437,82198,Rhinolophus ferrumequinum,0.025,0.025,-1,Echolocation,/mnt/ubna_data_01_mir/recover-20220825/UBNA_002/20220823_033000.WAV,Telephone Field,recover-20220825,002,1795
716.6115,716.6195,27187,35631,Eptesicus serotinus,0.014,0.033,-1,Echolocation,/mnt/ubna_data_01_mir/recover-20220825/UBNA_002/20220823_033000.WAV,Telephone Field,recover-20220825,002,1795
716.6375,716.6772,68437,82703,Rhinolophus ferrumequinum,0.025,0.025,-1,Echolocation,/mnt/ubna_data_01_mir/recover-20220825/UBNA_002/20220823_033000.WAV,Telephone Field,recover-20220825,002,1795
716.6385,716.6453,39218,55928,Myotis brandtii,0.007,0.024,-1,Echolocation,/mnt/ubna_data_01_mir/recover-20220825/UBNA_002/20220823_033000.WAV,Telephone Field,recover-20220825,002,1795
716.6395,716.6468,30625,46378,Myotis daubentonii,0.009,0.024,-1,Echolocation,/mnt/ubna_data_01_mir/recover-20220825/UBNA_002/20220823_033000.WAV,Telephone Field,recover-20220825,002,1795
716.6625,716.6715,26328,35569,Eptesicus serotinus,0.007,0.023,-1,Echolocation,/mnt/ubna_data_01_mir/recover-20220825/UBNA_002/20220823_033000.WAV,Telephone Field,recover-20220825,002,1795
716.6635,716.708,68437,83315,Rhinolophus ferrumequinum,0.028,0.028,-1,Echolocation,/mnt/ubna_data_01_mir/recover-20220825/UBNA_002/20220823_033000.WAV,Telephone Field,recover-20220825,002,1795
716.6855,716.7265,68437,83246,Rhinolophus ferrumequinum,0.028,0.028,-1,Echolocation,/mnt/ubna_data_01_mir/recover-20220825/UBNA_002/20220823_033000.WAV,Telephone Field,recover-20220825,002,1795
716.6915,716.7313,68437,82836,Rhinolophus ferrumequinum,0.026,0.027,-1,Echolocation,/mnt/ubna_data_01_mir/recover-20220825/UBNA_002/20220823_033000.WAV,Telephone Field,recover-20220825,002,1795
716.7235000000001,716.7638,68437,82642,Rhinolophus ferrumequinum,0.027,0.027,-1,Echolocation,/mnt/ubna_data_01_mir/recover-20220825/UBNA_002/20220823_033000.WAV,Telephone Field,recover-20220825,002,1795
716.7355,716.7722,68437,81962,Rhinolophus ferrumequinum,0.022,0.022,-1,Echolocation,/mnt/ubna_data_01_mir/recover-20220825/UBNA_002/20220823_033000.WAV,Telephone Field,recover-20220825,002,1795
716.7415,716.779,68437,81896,Rhinolophus ferrumequinum,0.023,0.023,-1,Echolocation,/mnt/ubna_data_01_mir/recover-20220825/UBNA_002/20220823_033000.WAV,Telephone Field,recover-20220825,002,1795
716.7535,716.7915,68437,81990,Rhinolophus ferrumequinum,0.023,0.023,-1,Echolocation,/mnt/ubna_data_01_mir/recover-20220825/UBNA_002/20220823_033000.WAV,Telephone Field,recover-20220825,002,1795
716.7895,716.7992,25468,34119,Eptesicus serotinus,0.014,0.038,-1,Echolocation,/mnt/ubna_data_01_mir/recover-20220825/UBNA_002/20220823_033000.WAV,Telephone Field,recover-20220825,002,1795
716.8495,716.8886,68437,82008,Rhinolophus ferrumequinum,0.023,0.023,-1,Echolocation,/mnt/ubna_data_01_mir/recover-20220825/UBNA_002/20220823_033000.WAV,Telephone Field,recover-20220825,002,1795
716.8575,716.8685,28046,34255,Eptesicus serotinus,0.01,0.023,-1,Echolocation,/mnt/ubna_data_01_mir/recover-20220825/UBNA_002/20220823_033000.WAV,Telephone Field,recover-20220825,002,1795
716.8705,716.8794,25468,33597,Eptesicus serotinus,0.01,0.032,-1,Echolocation,/mnt/ubna_data_01_mir/recover-20220825/UBNA_002/20220823_033000.WAV,Telephone Field,recover-20220825,002,1795
716.9155,716.9219,30625,50815,Myotis daubentonii,0.014,0.024,-1,Echolocation,/mnt/ubna_data_01_mir/recover-20220825/UBNA_002/20220823_033000.WAV,Telephone Field,recover-20220825,002,1795
716.9155,716.9513,68437,82403,Rhinolophus ferrumequinum,0.027,0.027,-1,Echolocation,/mnt/ubna_data_01_mir/recover-20220825/UBNA_002/20220823_033000.WAV,Telephone Field,recover-20220825,002,1795
716.9165,716.9229,40937,50903,Myotis brandtii,0.006,0.025,-1,Echolocation,/mnt/ubna_data_01_mir/recover-20220825/UBNA_002/20220823_033000.WAV,Telephone Field,recover-20220825,002,1795
716.9255,716.9667,68437,82886,Rhinolophus ferrumequinum,0.033,0.033,-1,Echolocation,/mnt/ubna_data_01_mir/recover-20220825/UBNA_002/20220823_033000.WAV,Telephone Field,recover-20220825,002,1795
716.9385,716.9456,50390,57860,Pipistrellus pipistrellus,0.03,0.036,-1,Echolocation,/mnt/ubna_data_01_mir/recover-20220825/UBNA_002/20220823_033000.WAV,Telephone Field,recover-20220825,002,1795
716.9455,716.9625,14296,18920,Nyctalus noctula,0.02,0.029,-1,Echolocation,/mnt/ubna_data_01_mir/recover-20220825/UBNA_002/20220823_033000.WAV,Telephone Field,recover-20220825,002,1795
716.9555,716.9631,27187,36632,Eptesicus serotinus,0.009,0.025,-1,Echolocation,/mnt/ubna_data_01_mir/recover-20220825/UBNA_002/20220823_033000.WAV,Telephone Field,recover-20220825,002,1795
717.0185,717.0272,28046,36524,Eptesicus serotinus,0.008,0.023,-1,Echolocation,/mnt/ubna_data_01_mir/recover-20220825/UBNA_002/20220823_033000.WAV,Telephone Field,recover-20220825,002,1795
717.0485,717.0591,23750,28293,Nyctalus leisleri,0.011,0.022,-1,Echolocation,/mnt/ubna_data_01_mir/recover-20220825/UBNA_002/20220823_033000.WAV,Telephone Field,recover-20220825,002,1795
717.0625,717.0709,27187,37658,Eptesicus serotinus,0.008,0.022,-1,Echolocation,/mnt/ubna_data_01_mir/recover-20220825/UBNA_002/20220823_033000.WAV,Telephone Field,recover-20220825,002,1795
717.0725,717.1117,68437,82435,Rhinolophus ferrumequinum,0.024,0.024,-1,Echolocation,/mnt/ubna_data_01_mir/recover-20220825/UBNA_002/20220823_033000.WAV,Telephone Field,recover-20220825,002,1795
717.1125,717.1215,24609,31625,Nyctalus leisleri,0.007,0.022,-1,Echolocation,/mnt/ubna_data_01_mir/recover-20220825/UBNA_002/20220823_033000.WAV,Telephone Field,recover-20220825,002,1795
717.1295,717.1668999999999,68437,81778,Rhinolophus ferrumequinum,0.022,0.022,-1,Echolocation,/mnt/ubna_data_01_mir/recover-20220825/UBNA_002/20220823_033000.WAV,Telephone Field,recover-20220825,002,1795
717.1685,717.2095,68437,82789,Rhinolophus ferrumequinum,0.023,0.023,-1,Echolocation,/mnt/ubna_data_01_mir/recover-20220825/UBNA_002/20220823_033000.WAV,Telephone Field,recover-20220825,002,1795
717.2375,717.247,22890,29683,Nyctalus leisleri,0.007,0.023,-1,Echolocation,/mnt/ubna_data_01_mir/recover-20220825/UBNA_002/20220823_033000.WAV,Telephone Field,recover-20220825,002,1795
717.2915,717.2991,40937,49883,Pipistrellus nathusii,0.007,0.023,-1,Echolocation,/mnt/ubna_data_01_mir/recover-20220825/UBNA_002/20220823_033000.WAV,Telephone Field,recover-20220825,002,1795
717.3215,717.3599,68437,82202,Rhinolophus ferrumequinum,0.027,0.027,-1,Echolocation,/mnt/ubna_data_01_mir/recover-20220825/UBNA_002/20220823_033000.WAV,Telephone Field,recover-20220825,002,1795
717.3225,717.3302,27187,37006,Eptesicus serotinus,0.007,0.022,-1,Echolocation,/mnt/ubna_data_01_mir/recover-20220825/UBNA_002/20220823_033000.WAV,Telephone Field,recover-20220825,002,1795
717.3335,717.372,68437,82506,Rhinolophus ferrumequinum,0.023,0.023,-1,Echolocation,/mnt/ubna_data_01_mir/recover-20220825/UBNA_002/20220823_033000.WAV,Telephone Field,recover-20220825,002,1795
717.3365,717.3472,41796,45295,Pipistrellus pipistrellus,0.018,0.039,-1,Echolocation,/mnt/ubna_data_01_mir/recover-20220825/UBNA_002/20220823_033000.WAV,Telephone Field,recover-20220825,002,1795
717.3465,717.3821,68437,80871,Rhinolophus ferrumequinum,0.023,0.023,-1,Echolocation,/mnt/ubna_data_01_mir/recover-20220825/UBNA_002/20220823_033000.WAV,Telephone Field,recover-20220825,002,1795
717.3625,717.372,27187,35748,Eptesicus serotinus,0.01,0.025,-1,Echolocation,/mnt/ubna_data_01_mir/recover-20220825/UBNA_002/20220823_033000.WAV,Telephone Field,recover-20220825,002,1795
717.3645,717.3728,50390,54459,Pipistrellus pipistrellus,0.02,0.024,-1,Echolocation,/mnt/ubna_data_01_mir/recover-20220825/UBNA_002/20220823_033000.WAV,Telephone Field,recover-20220825,002,1795
717.4135,717.4238,22890,28382,Nyctalus leisleri,0.013,0.028,-1,Echolocation,/mnt/ubna_data_01_mir/recover-20220825/UBNA_002/20220823_033000.WAV,Telephone Field,recover-20220825,002,1795
717.4265,717.4368,35781,42252,Pipistrellus nathusii,0.016,0.032,-1,Echolocation,/mnt/ubna_data_01_mir/recover-20220825/UBNA_002/20220823_033000.WAV,Telephone Field,recover-20220825,002,1795
717.4315,717.4399,40937,46158,Pipistrellus nathusii,0.017,0.031,-1,Echolocation,/mnt/ubna_data_01_mir/recover-20220825/UBNA_002/20220823_033000.WAV,Telephone Field,recover-20220825,002,1795
717.4585,717.4991,68437,82574,Rhinolophus ferrumequinum,0.025,0.025,-1,Echolocation,/mnt/ubna_data_01_mir/recover-20220825/UBNA_002/20220823_033000.WAV,Telephone Field,recover-20220825,002,1795
717.4715,717.4807,25468,32526,Eptesicus serotinus,0.008,0.027,-1,Echolocation,/mnt/ubna_data_01_mir/recover-20220825/UBNA_002/20220823_033000.WAV,Telephone Field,recover-20220825,002,1795
717.4975,717.5082,23750,29343,Nyctalus leisleri,0.011,0.023,-1,Echolocation,/mnt/ubna_data_01_mir/recover-20220825/UBNA_002/20220823_033000.WAV,Telephone Field,recover-20220825,002,1795
717.5325,717.5445,40937,45080,Pipistrellus nathusii,0.127,0.15,-1,Echolocation,/mnt/ubna_data_01_mir/recover-20220825/UBNA_002/20220823_033000.WAV,Telephone Field,recover-20220825,002,1795
717.5665,717.6048,68437,82162,Rhinolophus ferrumequinum,0.028,0.028,-1,Echolocation,/mnt/ubna_data_01_mir/recover-20220825/UBNA_002/20220823_033000.WAV,Telephone Field,recover-20220825,002,1795
717.5965,717.6374,68437,82617,Rhinolophus ferrumequinum,0.028,0.028,-1,Echolocation,/mnt/ubna_data_01_mir/recover-20220825/UBNA_002/20220823_033000.WAV,Telephone Field,recover-20220825,002,1795
717.6275,717.6352,39218,47409,Pipistrellus nathusii,0.095,0.177,-1,Echolocation,/mnt/ubna_data_01_mir/recover-20220825/UBNA_002/20220823_033000.WAV,Telephone Field,recover-20220825,002,1795
717.6495,717.6597,22890,28945,Nyctalus leisleri,0.008,0.023,-1,Echolocation,/mnt/ubna_data_01_mir/recover-20220825/UBNA_002/20220823_033000.WAV,Telephone Field,recover-20220825,002,1795
717.6925,717.7074,15156,19708,Nyctalus noctula,0.015,0.024,-1,Echolocation,/mnt/ubna_data_01_mir/recover-20220825/UBNA_002/20220823_033000.WAV,Telephone Field,recover-20220825,002,1795
717.7035,717.741,68437,81825,Rhinolophus ferrumequinum,0.023,0.023,-1,Echolocation,/mnt/ubna_data_01_mir/recover-20220825/UBNA_002/20220823_033000.WAV,Telephone Field,recover-20220825,002,1795
717.7055,717.7141,26328,35431,Eptesicus serotinus,0.007,0.023,-1,Echolocation,/mnt/ubna_data_01_mir/recover-20220825/UBNA_002/20220823_033000.WAV,Telephone Field,recover-20220825,002,1795
717.7205,717.7261,40078,48647,Pipistrellus nathusii,0.13,0.312,-1,Echolocation,/mnt/ubna_data_01_mir/recover-20220825/UBNA_002/20220823_033000.WAV,Telephone Field,recover-20220825,002,1795
717.7565,717.7675,22890,28226,Nyctalus leisleri,0.014,0.031,-1,Echolocation,/mnt/ubna_data_01_mir/recover-20220825/UBNA_002/20220823_033000.WAV,Telephone Field,recover-20220825,002,1795
717.7615,717.7732,46953,50442,Pipistrellus pipistrellus,0.018,0.022,-1,Echolocation,/mnt/ubna_data_01_mir/recover-20220825/UBNA_002/20220823_033000.WAV,Telephone Field,recover-20220825,002,1795
717.8145,717.8211,39218,46902,Pipistrellus nathusii,0.167,0.361,-1,Echolocation,/mnt/ubna_data_01_mir/recover-20220825/UBNA_002/20220823_033000.WAV,Telephone Field,recover-20220825,002,1795
717.8435,717.8543,28906,36642,Eptesicus serotinus,0.013,0.028,-1,Echolocation,/mnt/ubna_data_01_mir/recover-20220825/UBNA_002/20220823_033000.WAV,Telephone Field,recover-20220825,002,1795
717.8645,717.9033,68437,82152,Rhinolophus ferrumequinum,0.023,0.023,-1,Echolocation,/mnt/ubna_data_01_mir/recover-20220825/UBNA_002/20220823_033000.WAV,Telephone Field,recover-20220825,002,1795
717.8745,717.8845,27187,33826,Eptesicus serotinus,0.015,0.032,-1,Echolocation,/mnt/ubna_data_01_mir/recover-20220825/UBNA_002/20220823_033000.WAV,Telephone Field,recover-20220825,002,1795
717.8885,717.8946,39218,51946,Pipistrellus nathusii,0.231,0.45,-1,Echolocation,/mnt/ubna_data_01_mir/recover-20220825/UBNA_002/20220823_033000.WAV,Telephone Field,recover-20220825,002,1795
717.9305,717.9699,68437,82247,Rhinolophus ferrumequinum,0.024,0.024,-1,Echolocation,/mnt/ubna_data_01_mir/recover-20220825/UBNA_002/20220823_033000.WAV,Telephone Field,recover-20220825,002,1795
717.9535,717.9586,37500,49293,Myotis daubentonii,0.123,0.347,-1,Echolocation,/mnt/ubna_data_01_mir/recover-20220825/UBNA_002/20220823_033000.WAV,Telephone Field,recover-20220825,002,1795
717.9555,717.9929,68437,82046,Rhinolophus ferrumequinum,0.024,0.024,-1,Echolocation,/mnt/ubna_data_01_mir/recover-20220825/UBNA_002/20220823_033000.WAV,Telephone Field,recover-20220825,002,1795
717.9825,717.991,27187,37893,Eptesicus serotinus,0.008,0.022,-1,Echolocation,/mnt/ubna_data_01_mir/recover-20220825/UBNA_002/20220823_033000.WAV,Telephone Field,recover-20220825,002,1795
718.0015,718.0103,23750,34134,Nyctalus leisleri,0.008,0.029,-1,Echolocation,/mnt/ubna_data_01_mir/recover-20220825/UBNA_002/20220823_033000.WAV,Telephone Field,recover-20220825,002,1795
718.0015,718.0298,69296,82345,Rhinolophus ferrumequinum,0.035,0.036,-1,Echolocation,/mnt/ubna_data_01_mir/recover-20220825/UBNA_002/20220823_033000.WAV,Telephone Field,recover-20220825,002,1795
718.0015,718.0106,41796,51043,Pipistrellus nathusii,0.012,0.025,-1,Echolocation,/mnt/ubna_data_01_mir/recover-20220825/UBNA_002/20220823_033000.WAV,Telephone Field,recover-20220825,002,1795
718.0125,718.0535,68437,83244,Rhinolophus ferrumequinum,0.028,0.028,-1,Echolocation,/mnt/ubna_data_01_mir/recover-20220825/UBNA_002/20220823_033000.WAV,Telephone Field,recover-20220825,002,1795
718.0215,718.0278,39218,47330,Pipistrellus nathusii,0.273,0.437,-1,Echolocation,/mnt/ubna_data_01_mir/recover-20220825/UBNA_002/20220823_033000.WAV,Telephone Field,recover-20220825,002,1795
718.0215,718.0645,68437,83185,Rhinolophus ferrumequinum,0.027,0.027,-1,Echolocation,/mnt/ubna_data_01_mir/recover-20220825/UBNA_002/20220823_033000.WAV,Telephone Field,recover-20220825,002,1795
718.0235,718.0298,25468,36937,Eptesicus serotinus,0.005,0.024,-1,Echolocation,/mnt/ubna_data_01_mir/recover-20220825/UBNA_002/20220823_033000.WAV,Telephone Field,recover-20220825,002,1795
718.0485,718.0577,46093,49892,Pipistrellus pipistrellus,0.021,0.025,-1,Echolocation,/mnt/ubna_data_01_mir/recover-20220825/UBNA_002/20220823_033000.WAV,Telephone Field,recover-20220825,002,1795
718.0495,718.0907,68437,82547,Rhinolophus ferrumequinum,0.03,0.03,-1,Echolocation,/mnt/ubna_data_01_mir/recover-20220825/UBNA_002/20220823_033000.WAV,Telephone Field,recover-20220825,002,1795
718.0705,718.081,28046,35491,Eptesicus serotinus,0.011,0.025,-1,Echolocation,/mnt/ubna_data_01_mir/recover-20220825/UBNA_002/20220823_033000.WAV,Telephone Field,recover-20220825,002,1795
718.0875,718.1265,68437,81842,Rhinolophus ferrumequinum,0.029,0.029,-1,Echolocation,/mnt/ubna_data_01_mir/recover-20220825/UBNA_002/20220823_033000.WAV,Telephone Field,recover-20220825,002,1795
718.1145,718.1188,35781,51277,Pipistrellus nathusii,0.118,0.394,-1,Echolocation,/mnt/ubna_data_01_mir/recover-20220825/UBNA_002/20220823_033000.WAV,Telephone Field,recover-20220825,002,1795
718.1535,718.1967,68437,83364,Rhinolophus ferrumequinum,0.042,0.042,-1,Echolocation,/mnt/ubna_data_01_mir/recover-20220825/UBNA_002/20220823_033000.WAV,Telephone Field,recover-20220825,002,1795
718.1585,718.1668999999999,26328,37590,Eptesicus serotinus,0.008,0.025,-1,Echolocation,/mnt/ubna_data_01_mir/recover-20220825/UBNA_002/20220823_033000.WAV,Telephone Field,recover-20220825,002,1795
718.1585,718.164,40078,53829,Myotis brandtii,0.008,0.024,-1,Echolocation,/mnt/ubna_data_01_mir/recover-20220825/UBNA_002/20220823_033000.WAV,Telephone Field,recover-20220825,002,1795
718.1675,718.2018,68437,81602,Rhinolophus ferrumequinum,0.024,0.024,-1,Echolocation,/mnt/ubna_data_01_mir/recover-20220825/UBNA_002/20220823_033000.WAV,Telephone Field,recover-20220825,002,1795
718.1975,718.2027,39218,53852,Pipistrellus nathusii,0.2,0.418,-1,Echolocation,/mnt/ubna_data_01_mir/recover-20220825/UBNA_002/20220823_033000.WAV,Telephone Field,recover-20220825,002,1795
718.2055,718.2124,26328,34737,Eptesicus serotinus,0.006,0.024,-1,Echolocation,/mnt/ubna_data_01_mir/recover-20220825/UBNA_002/20220823_033000.WAV,Telephone Field,recover-20220825,002,1795
718.2145,718.2292,22031,25655,Nyctalus leisleri,0.018,0.032,-1,Echolocation,/mnt/ubna_data_01_mir/recover-20220825/UBNA_002/20220823_033000.WAV,Telephone Field,recover-20220825,002,1795
718.2465,718.2541,28046,38900,Eptesicus serotinus,0.008,0.023,-1,Echolocation,/mnt/ubna_data_01_mir/recover-20220825/UBNA_002/20220823_033000.WAV,Telephone Field,recover-20220825,002,1795
718.2595,718.2804,18593,21859,Nyctalus noctula,0.022,0.036,-1,Echolocation,/mnt/ubna_data_01_mir/recover-20220825/UBNA_002/20220823_033000.WAV,Telephone Field,recover-20220825,002,1795
718.2805,718.2874,41796,52450,Pipistrellus nathusii,0.134,0.296,-1,Echolocation,/mnt/ubna_data_01_mir/recover-20220825/UBNA_002/20220823_033000.WAV,Telephone Field,recover-20220825,002,1795
718.3005,718.3415,68437,82790,Rhinolophus ferrumequinum,0.025,0.025,-1,Echolocation,/mnt/ubna_data_01_mir/recover-20220825/UBNA_002/20220823_033000.WAV,Telephone Field,recover-20220825,002,1795
718.3285,718.3696,68437,82305,Rhinolophus ferrumequinum,0.027,0.027,-1,Echolocation,/mnt/ubna_data_01_mir/recover-20220825/UBNA_002/20220823_033000.WAV,Telephone Field,recover-20220825,002,1795
718.3675,718.4107,68437,83388,Rhinolophus ferrumequinum,0.03,0.03,-1,Echolocation,/mnt/ubna_data_01_mir/recover-20220825/UBNA_002/20220823_033000.WAV,Telephone Field,recover-20220825,002,1795
718.3785,718.3843,42656,47254,Pipistrellus nathusii,0.084,0.103,-1,Echolocation,/mnt/ubna_data_01_mir/recover-20220825/UBNA_002/20220823_033000.WAV,Telephone Field,recover-20220825,002,1795
718.4005,718.4427,68437,82988,Rhinolophus ferrumequinum,0.046,0.046,-1,Echolocation,/mnt/ubna_data_01_mir/recover-20220825/UBNA_002/20220823_033000.WAV,Telephone Field,recover-20220825,002,1795
718.4465,718.4849,68437,81852,Rhinolophus ferrumequinum,0.028,0.029,-1,Echolocation,/mnt/ubna_data_01_mir/recover-20220825/UBNA_002/20220823_033000.WAV,Telephone Field,recover-20220825,002,1795
718.4615,718.5024,68437,83157,Rhinolophus ferrumequinum,0.029,0.029,-1,Echolocation,/mnt/ubna_data_01_mir/recover-20220825/UBNA_002/20220823_033000.WAV,Telephone Field,recover-20220825,002,1795
718.5015,718.5408,68437,82164,Rhinolophus ferrumequinum,0.023,0.024,-1,Echolocation,/mnt/ubna_data_01_mir/recover-20220825/UBNA_002/20220823_033000.WAV,Telephone Field,recover-20220825,002,1795
718.5205,718.5282,44375,48758,Pipistrellus nathusii,0.092,0.119,-1,Echolocation,/mnt/ubna_data_01_mir/recover-20220825/UBNA_002/20220823_033000.WAV,Telephone Field,recover-20220825,002,1795
718.5225,718.5285,30625,52439,Myotis daubentonii,0.01,0.026,-1,Echolocation,/mnt/ubna_data_01_mir/recover-20220825/UBNA_002/20220823_033000.WAV,Telephone Field,recover-20220825,002,1795
718.5225,718.5591,68437,81496,Rhinolophus ferrumequinum,0.028,0.028,-1,Echolocation,/mnt/ubna_data_01_mir/recover-20220825/UBNA_002/20220823_033000.WAV,Telephone Field,recover-20220825,002,1795
718.5585,718.5656,27187,37415,Eptesicus serotinus,0.009,0.024,-1,Echolocation,/mnt/ubna_data_01_mir/recover-20220825/UBNA_002/20220823_033000.WAV,Telephone Field,recover-20220825,002,1795
718.5765,718.5842,27187,37375,Eptesicus serotinus,0.01,0.027,-1,Echolocation,/mnt/ubna_data_01_mir/recover-20220825/UBNA_002/20220823_033000.WAV,Telephone Field,recover-20220825,002,1795
718.5905,718.6011,22890,28179,Nyctalus leisleri,0.011,0.024,-1,Echolocation,/mnt/ubna_data_01_mir/recover-20220825/UBNA_002/20220823_033000.WAV,Telephone Field,recover-20220825,002,1795
718.5915,718.6308,68437,82396,Rhinolophus ferrumequinum,0.027,0.027,-1,Echolocation,/mnt/ubna_data_01_mir/recover-20220825/UBNA_002/20220823_033000.WAV,Telephone Field,recover-20220825,002,1795
718.6575,718.694,68437,81472,Rhinolophus ferrumequinum,0.025,0.025,-1,Echolocation,/mnt/ubna_data_01_mir/recover-20220825/UBNA_002/20220823_033000.WAV,Telephone Field,recover-20220825,002,1795
718.6925,718.7004,23750,32271,Plecotus austriacus,0.009,0.026,-1,Echolocation,/mnt/ubna_data_01_mir/recover-20220825/UBNA_002/20220823_033000.WAV,Telephone Field,recover-20220825,002,1795
718.7165,718.7551,68437,82176,Rhinolophus ferrumequinum,0.024,0.024,-1,Echolocation,/mnt/ubna_data_01_mir/recover-20220825/UBNA_002/20220823_033000.WAV,Telephone Field,recover-20220825,002,1795
718.7335,718.7402,27187,37456,Eptesicus serotinus,0.006,0.023,-1,Echolocation,/mnt/ubna_data_01_mir/recover-20220825/UBNA_002/20220823_033000.WAV,Telephone Field,recover-20220825,002,1795
718.7565,718.7774,19453,22502,Nyctalus noctula,0.059,0.095,-1,Echolocation,/mnt/ubna_data_01_mir/recover-20220825/UBNA_002/20220823_033000.WAV,Telephone Field,recover-20220825,002,1795
718.7735,718.8141,68437,82834,Rhinolophus ferrumequinum,0.026,0.027,-1,Echolocation,/mnt/ubna_data_01_mir/recover-20220825/UBNA_002/20220823_033000.WAV,Telephone Field,recover-20220825,002,1795
718.7895,718.8011,42656,46392,Pipistrellus nathusii,0.025,0.046,-1,Echolocation,/mnt/ubna_data_01_mir/recover-20220825/UBNA_002/20220823_033000.WAV,Telephone Field,recover-20220825,002,1795
718.7925,718.8343,68437,82430,Rhinolophus ferrumequinum,0.022,0.022,-1,Echolocation,/mnt/ubna_data_01_mir/recover-20220825/UBNA_002/20220823_033000.WAV,Telephone Field,recover-20220825,002,1795
718.8395,718.8765,68437,81818,Rhinolophus ferrumequinum,0.026,0.026,-1,Echolocation,/mnt/ubna_data_01_mir/recover-20220825/UBNA_002/20220823_033000.WAV,Telephone Field,recover-20220825,002,1795
718.8585,718.8656,28046,37973,Eptesicus serotinus,0.009,0.029,-1,Echolocation,/mnt/ubna_data_01_mir/recover-20220825/UBNA_002/20220823_033000.WAV,Telephone Field,recover-20220825,002,1795
718.9155,718.9556,68437,82111,Rhinolophus ferrumequinum,0.024,0.025,-1,Echolocation,/mnt/ubna_data_01_mir/recover-20220825/UBNA_002/20220823_033000.WAV,Telephone Field,recover-20220825,002,1795
718.9305,718.9403,27187,37144,Eptesicus serotinus,0.01,0.023,-1,Echolocation,/mnt/ubna_data_01_mir/recover-20220825/UBNA_002/20220823_033000.WAV,Telephone Field,recover-20220825,002,1795
718.9645,718.9761,39218,43940,Pipistrellus nathusii,0.047,0.057,-1,Echolocation,/mnt/ubna_data_01_mir/recover-20220825/UBNA_002/20220823_033000.WAV,Telephone Field,recover-20220825,002,1795
718.9915,719.0291,68437,82075,Rhinolophus ferrumequinum,0.025,0.025,-1,Echolocation,/mnt/ubna_data_01_mir/recover-20220825/UBNA_002/20220823_033000.WAV,Telephone Field,recover-20220825,002,1795
718.9925,719.0002,27187,38208,Eptesicus serotinus,0.007,0.024,-1,Echolocation,/mnt/ubna_data_01_mir/recover-20220825/UBNA_002/20220823_033000.WAV,Telephone Field,recover-20220825,002,1795
719.0035,719.0136,24609,31406,Eptesicus serotinus,0.01,0.025,-1,Echolocation,/mnt/ubna_data_01_mir/recover-20220825/UBNA_002/20220823_033000.WAV,Telephone Field,recover-20220825,002,1795
719.0045,719.0412,68437,82197,Rhinolophus ferrumequinum,0.024,0.024,-1,Echolocation,/mnt/ubna_data_01_mir/recover-20220825/UBNA_002/20220823_033000.WAV,Telephone Field,recover-20220825,002,1795
719.0245,719.0581,68437,80176,Rhinolophus ferrumequinum,0.033,0.033,-1,Echolocation,/mnt/ubna_data_01_mir/recover-20220825/UBNA_002/20220823_033000.WAV,Telephone Field,recover-20220825,002,1795
719.0315,719.0385,27187,36518,Eptesicus serotinus,0.01,0.032,-1,Echolocation,/mnt/ubna_data_01_mir/recover-20220825/UBNA_002/20220823_033000.WAV,Telephone Field,recover-20220825,002,1795
719.0365,719.0747,68437,80520,Rhinolophus ferrumequinum,0.031,0.031,-1,Echolocation,/mnt/ubna_data_01_mir/recover-20220825/UBNA_002/20220823_033000.WAV,Telephone Field,recover-20220825,002,1795
719.0795,719.1161,68437,81189,Rhinolophus ferrumequinum,0.023,0.023,-1,Echolocation,/mnt/ubna_data_01_mir/recover-20220825/UBNA_002/20220823_033000.WAV,Telephone Field,recover-20220825,002,1795
719.0895,719.098,27187,40358,Eptesicus serotinus,0.01,0.025,-1,Echolocation,/mnt/ubna_data_01_mir/recover-20220825/UBNA_002/20220823_033000.WAV,Telephone Field,recover-20220825,002,1795
719.1295,719.1721,68437,82984,Rhinolophus ferrumequinum,0.03,0.03,-1,Echolocation,/mnt/ubna_data_01_mir/recover-20220825/UBNA_002/20220823_033000.WAV,Telephone Field,recover-20220825,002,1795
719.1695,719.2059,68437,80826,Rhinolophus ferrumequinum,0.023,0.023,-1,Echolocation,/mnt/ubna_data_01_mir/recover-20220825/UBNA_002/20220823_033000.WAV,Telephone Field,recover-20220825,002,1795
719.1885,719.1987,27187,34604,Eptesicus serotinus,0.013,0.027,-1,Echolocation,/mnt/ubna_data_01_mir/recover-20220825/UBNA_002/20220823_033000.WAV,Telephone Field,recover-20220825,002,1795
719.1965,719.2049,40078,45970,Pipistrellus nathusii,0.011,0.022,-1,Echolocation,/mnt/ubna_data_01_mir/recover-20220825/UBNA_002/20220823_033000.WAV,Telephone Field,recover-20220825,002,1795
719.1995,719.2079,27187,38524,Eptesicus serotinus,0.008,0.024,-1,Echolocation,/mnt/ubna_data_01_mir/recover-20220825/UBNA_002/20220823_033000.WAV,Telephone Field,recover-20220825,002,1795
719.2145,719.2538,68437,82013,Rhinolophus ferrumequinum,0.022,0.022,-1,Echolocation,/mnt/ubna_data_01_mir/recover-20220825/UBNA_002/20220823_033000.WAV,Telephone Field,recover-20220825,002,1795
719.2305,719.2698,68437,82113,Rhinolophus ferrumequinum,0.028,0.028,-1,Echolocation,/mnt/ubna_data_01_mir/recover-20220825/UBNA_002/20220823_033000.WAV,Telephone Field,recover-20220825,002,1795
719.2415,719.2581,20312,23496,Nyctalus leisleri,0.014,0.026,-1,Echolocation,/mnt/ubna_data_01_mir/recover-20220825/UBNA_002/20220823_033000.WAV,Telephone Field,recover-20220825,002,1795
719.2895,719.2976,38359,45092,Pipistrellus nathusii,0.204,0.363,-1,Echolocation,/mnt/ubna_data_01_mir/recover-20220825/UBNA_002/20220823_033000.WAV,Telephone Field,recover-20220825,002,1795
719.3435,719.3839,68437,82818,Rhinolophus ferrumequinum,0.029,0.029,-1,Echolocation,/mnt/ubna_data_01_mir/recover-20220825/UBNA_002/20220823_033000.WAV,Telephone Field,recover-20220825,002,1795
719.3585,719.3945,68437,81186,Rhinolophus ferrumequinum,0.022,0.022,-1,Echolocation,/mnt/ubna_data_01_mir/recover-20220825/UBNA_002/20220823_033000.WAV,Telephone Field,recover-20220825,002,1795
719.3665,719.3723,48671,55122,Pipistrellus pipistrellus,0.023,0.025,-1,Echolocation,/mnt/ubna_data_01_mir/recover-20220825/UBNA_002/20220823_033000.WAV,Telephone Field,recover-20220825,002,1795
719.3675,719.3735,40937,55682,Myotis brandtii,0.009,0.032,-1,Echolocation,/mnt/ubna_data_01_mir/recover-20220825/UBNA_002/20220823_033000.WAV,Telephone Field,recover-20220825,002,1795
719.3725,719.4125,68437,82333,Rhinolophus ferrumequinum,0.022,0.022,-1,Echolocation,/mnt/ubna_data_01_mir/recover-20220825/UBNA_002/20220823_033000.WAV,Telephone Field,recover-20220825,002,1795
719.3905,719.3965,37500,48520,Barbastellus barbastellus,0.081,0.128,-1,Echolocation,/mnt/ubna_data_01_mir/recover-20220825/UBNA_002/20220823_033000.WAV,Telephone Field,recover-20220825,002,1795
719.3965,719.4307,68437,81456,Rhinolophus ferrumequinum,0.027,0.028,-1,Echolocation,/mnt/ubna_data_01_mir/recover-20220825/UBNA_002/20220823_033000.WAV,Telephone Field,recover-20220825,002,1795
719.4285,719.4698,68437,82786,Rhinolophus ferrumequinum,0.026,0.026,-1,Echolocation,/mnt/ubna_data_01_mir/recover-20220825/UBNA_002/20220823_033000.WAV,Telephone Field,recover-20220825,002,1795
719.4375,719.4531,20312,23534,Nyctalus leisleri,0.013,0.023,-1,Echolocation,/mnt/ubna_data_01_mir/recover-20220825/UBNA_002/20220823_033000.WAV,Telephone Field,recover-20220825,002,1795
719.4475,719.4534,47812,58179,Pipistrellus pipistrellus,0.02,0.022,-1,Echolocation,/mnt/ubna_data_01_mir/recover-20220825/UBNA_002/20220823_033000.WAV,Telephone Field,recover-20220825,002,1795
719.4595,719.4994,68437,82463,Rhinolophus ferrumequinum,0.023,0.023,-1,Echolocation,/mnt/ubna_data_01_mir/recover-20220825/UBNA_002/20220823_033000.WAV,Telephone Field,recover-20220825,002,1795
719.4665,719.5067,68437,82601,Rhinolophus ferrumequinum,0.022,0.022,-1,Echolocation,/mnt/ubna_data_01_mir/recover-20220825/UBNA_002/20220823_033000.WAV,Telephone Field,recover-20220825,002,1795
719.4815,719.5226,68437,82860,Rhinolophus ferrumequinum,0.028,0.028,-1,Echolocation,/mnt/ubna_data_01_mir/recover-20220825/UBNA_002/20220823_033000.WAV,Telephone Field,recover-20220825,002,1795
719.4845,719.4958,40078,44376,Pipistrellus nathusii,0.089,0.103,-1,Echolocation,/mnt/ubna_data_01_mir/recover-20220825/UBNA_002/20220823_033000.WAV,Telephone Field,recover-20220825,002,1795
719.4905,719.5301,68437,82482,Rhinolophus ferrumequinum,0.032,0.032,-1,Echolocation,/mnt/ubna_data_01_mir/recover-20220825/UBNA_002/20220823_033000.WAV,Telephone Field,recover-20220825,002,1795
719.5505,719.5845,68437,80988,Rhinolophus ferrumequinum,0.027,0.027,-1,Echolocation,/mnt/ubna_data_01_mir/recover-20220825/UBNA_002/20220823_033000.WAV,Telephone Field,recover-20220825,002,1795
719.5525,719.5597,26328,41173,Eptesicus serotinus,0.008,0.026,-1,Echolocation,/mnt/ubna_data_01_mir/recover-20220825/UBNA_002/20220823_033000.WAV,Telephone Field,recover-20220825,002,1795
719.5805,719.588,39218,48519,Pipistrellus nathusii,0.269,0.489,-1,Echolocation,/mnt/ubna_data_01_mir/recover-20220825/UBNA_002/20220823_033000.WAV,Telephone Field,recover-20220825,002,1795
719.5915,719.6282,68437,82143,Rhinolophus ferrumequinum,0.027,0.027,-1,Echolocation,/mnt/ubna_data_01_mir/recover-20220825/UBNA_002/20220823_033000.WAV,Telephone Field,recover-20220825,002,1795
719.6195,719.6604,68437,81738,Rhinolophus ferrumequinum,0.023,0.024,-1,Echolocation,/mnt/ubna_data_01_mir/recover-20220825/UBNA_002/20220823_033000.WAV,Telephone Field,recover-20220825,002,1795
719.6565,719.6687,22890,27644,Nyctalus leisleri,0.031,0.08,-1,Echolocation,/mnt/ubna_data_01_mir/recover-20220825/UBNA_002/20220823_033000.WAV,Telephone Field,recover-20220825,002,1795
719.6565,719.6958,68437,82598,Rhinolophus ferrumequinum,0.023,0.023,-1,Echolocation,/mnt/ubna_data_01_mir/recover-20220825/UBNA_002/20220823_033000.WAV,Telephone Field,recover-20220825,002,1795
719.6755,719.6831999999999,28046,36562,Eptesicus serotinus,0.008,0.024,-1,Echolocation,/mnt/ubna_data_01_mir/recover-20220825/UBNA_002/20220823_033000.WAV,Telephone Field,recover-20220825,002,1795
719.6775,719.7187,68437,82832,Rhinolophus ferrumequinum,0.024,0.024,-1,Echolocation,/mnt/ubna_data_01_mir/recover-20220825/UBNA_002/20220823_033000.WAV,Telephone Field,recover-20220825,002,1795
719.7005,719.7415,68437,83355,Rhinolophus ferrumequinum,0.028,0.028,-1,Echolocation,/mnt/ubna_data_01_mir/recover-20220825/UBNA_002/20220823_033000.WAV,Telephone Field,recover-20220825,002,1795
719.7285,719.764,68437,81782,Rhinolophus ferrumequinum,0.026,0.026,-1,Echolocation,/mnt/ubna_data_01_mir/recover-20220825/UBNA_002/20220823_033000.WAV,Telephone Field,recover-20220825,002,1795
719.7415,719.7781,68437,81416,Rhinolophus ferrumequinum,0.024,0.024,-1,Echolocation,/mnt/ubna_data_01_mir/recover-20220825/UBNA_002/20220823_033000.WAV,Telephone Field,recover-20220825,002,1795
719.7425,719.75,27187,38203,Eptesicus serotinus,0.007,0.022,-1,Echolocation,/mnt/ubna_data_01_mir/recover-20220825/UBNA_002/20220823_033000.WAV,Telephone Field,recover-20220825,002,1795
719.7445,719.7537,40078,46173,Pipistrellus nathusii,0.015,0.028,-1,Echolocation,/mnt/ubna_data_01_mir/recover-20220825/UBNA_002/20220823_033000.WAV,Telephone Field,recover-20220825,002,1795
719.7655,719.8073,68437,82825,Rhinolophus ferrumequinum,0.026,0.026,-1,Echolocation,/mnt/ubna_data_01_mir/recover-20220825/UBNA_002/20220823_033000.WAV,Telephone Field,recover-20220825,002,1795
719.8045,719.8418,68437,81564,Rhinolophus ferrumequinum,0.024,0.024,-1,Echolocation,/mnt/ubna_data_01_mir/recover-20220825/UBNA_002/20220823_033000.WAV,Telephone Field,recover-20220825,002,1795
719.8295,719.8692,68437,82693,Rhinolophus ferrumequinum,0.03,0.03,-1,Echolocation,/mnt/ubna_data_01_mir/recover-20220825/UBNA_002/20220823_033000.WAV,Telephone Field,recover-20220825,002,1795
719.8305,719.8395,27187,35855,Eptesicus serotinus,0.009,0.023,-1,Echolocation,/mnt/ubna_data_01_mir/recover-20220825/UBNA_002/20220823_033000.WAV,Telephone Field,recover-20220825,002,1795
719.8605,719.8677,27187,39431,Eptesicus serotinus,0.007,0.022,-1,Echolocation,/mnt/ubna_data_01_mir/recover-20220825/UBNA_002/20220823_033000.WAV,Telephone Field,recover-20220825,002,1795
719.8685,719.8776,25468,34256,Eptesicus serotinus,0.011,0.025,-1,Echolocation,/mnt/ubna_data_01_mir/recover-20220825/UBNA_002/20220823_033000.WAV,Telephone Field,recover-20220825,002,1795
719.8735,719.9142,68437,82785,Rhinolophus ferrumequinum,0.03,0.03,-1,Echolocation,/mnt/ubna_data_01_mir/recover-20220825/UBNA_002/20220823_033000.WAV,Telephone Field,recover-20220825,002,1795
719.8765,719.8872,40078,44364,Pipistrellus nathusii,0.025,0.034,-1,Echolocation,/mnt/ubna_data_01_mir/recover-20220825/UBNA_002/20220823_033000.WAV,Telephone Field,recover-20220825,002,1795
719.8875,719.9285,68437,82348,Rhinolophus ferrumequinum,0.026,0.026,-1,Echolocation,/mnt/ubna_data_01_mir/recover-20220825/UBNA_002/20220823_033000.WAV,Telephone Field,recover-20220825,002,1795
719.9225,719.9647,68437,82924,Rhinolophus ferrumequinum,0.038,0.038,-1,Echolocation,/mnt/ubna_data_01_mir/recover-20220825/UBNA_002/20220823_033000.WAV,Telephone Field,recover-20220825,002,1795
719.9415,719.9807,68437,81893,Rhinolophus ferrumequinum,0.032,0.032,-1,Echolocation,/mnt/ubna_data_01_mir/recover-20220825/UBNA_002/20220823_033000.WAV,Telephone Field,recover-20220825,002,1795
719.9885,719.9982,25468,35439,Eptesicus serotinus,0.009,0.023,-1,Echolocation,/mnt/ubna_data_01_mir/recover-20220825/UBNA_002/20220823_033000.WAV,Telephone Field,recover-20220825,002,1795
720.0015,720.03,68437,80311,Rhinolophus ferrumequinum,0.042,0.043,-1,Echolocation,/mnt/ubna_data_01_mir/recover-20220825/UBNA_002/20220823_033000.WAV,Telephone Field,recover-20220825,002,1795
720.0015,720.0126,38359,44149,Pipistrellus nathusii,0.02,0.03,-1,Echolocation,/mnt/ubna_data_01_mir/recover-20220825/UBNA_002/20220823_033000.WAV,Telephone Field,recover-20220825,002,1795
720.0125,720.02,27187,36691,Eptesicus serotinus,0.008,0.025,-1,Echolocation,/mnt/ubna_data_01_mir/recover-20220825/UBNA_002/20220823_033000.WAV,Telephone Field,recover-20220825,002,1795
720.0155,720.024,41796,50888,Pipistrellus nathusii,0.014,0.026,-1,Echolocation,/mnt/ubna_data_01_mir/recover-20220825/UBNA_002/20220823_033000.WAV,Telephone Field,recover-20220825,002,1795
720.0515,720.06,40937,48250,Pipistrellus nathusii,0.173,0.216,-1,Echolocation,/mnt/ubna_data_01_mir/recover-20220825/UBNA_002/20220823_033000.WAV,Telephone Field,recover-20220825,002,1795
720.0715,720.1118,68437,81788,Rhinolophus ferrumequinum,0.023,0.023,-1,Echolocation,/mnt/ubna_data_01_mir/recover-20220825/UBNA_002/20220823_033000.WAV,Telephone Field,recover-20220825,002,1795
720.1005,720.1088,38359,45490,Pipistrellus nathusii,0.015,0.032,-1,Echolocation,/mnt/ubna_data_01_mir/recover-20220825/UBNA_002/20220823_033000.WAV,Telephone Field,recover-20220825,002,1795
720.1105,720.1179,52968,58492,Pipistrellus pygmaeus,0.022,0.023,-1,Echolocation,/mnt/ubna_data_01_mir/recover-20220825/UBNA_002/20220823_033000.WAV,Telephone Field,recover-20220825,002,1795
720.1215,720.1291,54687,59608,Pipistrellus pygmaeus,0.028,0.029,-1,Echolocation,/mnt/ubna_data_01_mir/recover-20220825/UBNA_002/20220823_033000.WAV,Telephone Field,recover-20220825,002,1795
720.1435,720.18,68437,81952,Rhinolophus ferrumequinum,0.026,0.026,-1,Echolocation,/mnt/ubna_data_01_mir/recover-20220825/UBNA_002/20220823_033000.WAV,Telephone Field,recover-20220825,002,1795
720.1485,720.1548,40078,52843,Pipistrellus nathusii,0.493,0.596,-1,Echolocation,/mnt/ubna_data_01_mir/recover-20220825/UBNA_002/20220823_033000.WAV,Telephone Field,recover-20220825,002,1795
720.1535,720.1615,12578,26827,Barbastellus barbastellus,0.024,0.026,-1,Echolocation,/mnt/ubna_data_01_mir/recover-20220825/UBNA_002/20220823_033000.WAV,Telephone Field,recover-20220825,002,1795
720.1825,720.2178,68437,81337,Rhinolophus ferrumequinum,0.023,0.023,-1,Echolocation,/mnt/ubna_data_01_mir/recover-20220825/UBNA_002/20220823_033000.WAV,Telephone Field,recover-20220825,002,1795
720.1825,720.1925,27187,35217,Eptesicus serotinus,0.012,0.028,-1,Echolocation,/mnt/ubna_data_01_mir/recover-20220825/UBNA_002/20220823_033000.WAV,Telephone Field,recover-20220825,002,1795
720.1865,720.1926,35781,52314,Myotis brandtii,0.011,0.024,-1,Echolocation,/mnt/ubna_data_01_mir/recover-20220825/UBNA_002/20220823_033000.WAV,Telephone Field,recover-20220825,002,1795
720.1865,720.1936,40937,52471,Pipistrellus nathusii,0.011,0.025,-1,Echolocation,/mnt/ubna_data_01_mir/recover-20220825/UBNA_002/20220823_033000.WAV,Telephone Field,recover-20220825,002,1795
720.2145,720.2509,68437,81861,Rhinolophus ferrumequinum,0.044,0.044,-1,Echolocation,/mnt/ubna_data_01_mir/recover-20220825/UBNA_002/20220823_033000.WAV,Telephone Field,recover-20220825,002,1795
720.2145,720.2223,26328,38990,Eptesicus serotinus,0.009,0.026,-1,Echolocation,/mnt/ubna_data_01_mir/recover-20220825/UBNA_002/20220823_033000.WAV,Telephone Field,recover-20220825,002,1795
720.2235,720.2292,34921,56232,Myotis brandtii,0.012,0.022,-1,Echolocation,/mnt/ubna_data_01_mir/recover-20220825/UBNA_002/20220823_033000.WAV,Telephone Field,recover-20220825,002,1795
720.2425,720.2495,40078,49232,Pipistrellus nathusii,0.428,0.525,-1,Echolocation,/mnt/ubna_data_01_mir/recover-20220825/UBNA_002/20220823_033000.WAV,Telephone Field,recover-20220825,002,1795
720.2505,720.2577,53828,62222,Pipistrellus pygmaeus,0.023,0.024,-1,Echolocation,/mnt/ubna_data_01_mir/recover-20220825/UBNA_002/20220823_033000.WAV,Telephone Field,recover-20220825,002,1795
720.2705,720.31,68437,82172,Rhinolophus ferrumequinum,0.022,0.022,-1,Echolocation,/mnt/ubna_data_01_mir/recover-20220825/UBNA_002/20220823_033000.WAV,Telephone Field,recover-20220825,002,1795
720.2855,720.2943,27187,40165,Eptesicus serotinus,0.011,0.028,-1,Echolocation,/mnt/ubna_data_01_mir/recover-20220825/UBNA_002/20220823_033000.WAV,Telephone Field,recover-20220825,002,1795
720.2905,720.2976,34062,41621,Barbastellus barbastellus,0.012,0.026,-1,Echolocation,/mnt/ubna_data_01_mir/recover-20220825/UBNA_002/20220823_033000.WAV,Telephone Field,recover-20220825,002,1795
720.3215,720.3295,37500,47770,Pipistrellus nathusii,0.008,0.025,-1,Echolocation,/mnt/ubna_data_01_mir/recover-20220825/UBNA_002/20220823_033000.WAV,Telephone Field,recover-20220825,002,1795
720.3235,720.3302,58984,65463,Pipistrellus pygmaeus,0.033,0.033,-1,Echolocation,/mnt/ubna_data_01_mir/recover-20220825/UBNA_002/20220823_033000.WAV,Telephone Field,recover-20220825,002,1795
720.3445,720.3516,39218,48161,Pipistrellus nathusii,0.32,0.469,-1,Echolocation,/mnt/ubna_data_01_mir/recover-20220825/UBNA_002/20220823_033000.WAV,Telephone Field,recover-20220825,002,1795
720.3785,720.3994,22031,25141,Nyctalus leisleri,0.041,0.081,-1,Echolocation,/mnt/ubna_data_01_mir/recover-20220825/UBNA_002/20220823_033000.WAV,Telephone Field,recover-20220825,002,1795
720.3825,720.4231,68437,82905,Rhinolophus ferrumequinum,0.028,0.028,-1,Echolocation,/mnt/ubna_data_01_mir/recover-20220825/UBNA_002/20220823_033000.WAV,Telephone Field,recover-20220825,002,1795
720.3915,720.3992,27187,37490,Eptesicus serotinus,0.007,0.022,-1,Echolocation,/mnt/ubna_data_01_mir/recover-20220825/UBNA_002/20220823_033000.WAV,Telephone Field,recover-20220825,002,1795
720.4365,720.4499,16875,22322,Nyctalus noctula,0.012,0.022,-1,Echolocation,/mnt/ubna_data_01_mir/recover-20220825/UBNA_002/20220823_033000.WAV,Telephone Field,recover-20220825,002,1795
720.4375,720.445,39218,48375,Pipistrellus nathusii,0.398,0.552,-1,Echolocation,/mnt/ubna_data_01_mir/recover-20220825/UBNA_002/20220823_033000.WAV,Telephone Field,recover-20220825,002,1795
720.4605,720.4715,24609,31332,Eptesicus serotinus,0.009,0.026,-1,Echolocation,/mnt/ubna_data_01_mir/recover-20220825/UBNA_002/20220823_033000.WAV,Telephone Field,recover-20220825,002,1795
720.4825,720.4919,27187,35596,Eptesicus serotinus,0.011,0.025,-1,Echolocation,/mnt/ubna_data_01_mir/recover-20220825/UBNA_002/20220823_033000.WAV,Telephone Field,recover-20220825,002,1795
720.5085,720.5182,27187,35067,Eptesicus serotinus,0.012,0.026,-1,Echolocation,/mnt/ubna_data_01_mir/recover-20220825/UBNA_002/20220823_033000.WAV,Telephone Field,recover-20220825,002,1795
720.5335,720.5399,41796,49305,Pipistrellus nathusii,0.491,0.545,-1,Echolocation,/mnt/ubna_data_01_mir/recover-20220825/UBNA_002/20220823_033000.WAV,Telephone Field,recover-20220825,002,1795
720.5345,720.5439,23750,28978,Nyctalus leisleri,0.01,0.025,-1,Echolocation,/mnt/ubna_data_01_mir/recover-20220825/UBNA_002/20220823_033000.WAV,Telephone Field,recover-20220825,002,1795
720.5365,720.5434,50390,54642,Pipistrellus pygmaeus,0.013,0.023,-1,Echolocation,/mnt/ubna_data_01_mir/recover-20220825/UBNA_002/20220823_033000.WAV,Telephone Field,recover-20220825,002,1795
720.5465,720.5816,68437,80887,Rhinolophus ferrumequinum,0.022,0.023,-1,Echolocation,/mnt/ubna_data_01_mir/recover-20220825/UBNA_002/20220823_033000.WAV,Telephone Field,recover-20220825,002,1795
720.6245,720.6315,39218,48206,Pipistrellus nathusii,0.316,0.419,-1,Echolocation,/mnt/ubna_data_01_mir/recover-20220825/UBNA_002/20220823_033000.WAV,Telephone Field,recover-20220825,002,1795
720.6515,720.6615,23750,29697,Nyctalus leisleri,0.008,0.023,-1,Echolocation,/mnt/ubna_data_01_mir/recover-20220825/UBNA_002/20220823_033000.WAV,Telephone Field,recover-20220825,002,1795
720.6585,720.669,22890,28062,Nyctalus leisleri,0.012,0.026,-1,Echolocation,/mnt/ubna_data_01_mir/recover-20220825/UBNA_002/20220823_033000.WAV,Telephone Field,recover-20220825,002,1795
720.6765,720.6837,40937,54634,Pipistrellus nathusii,0.009,0.023,-1,Echolocation,/mnt/ubna_data_01_mir/recover-20220825/UBNA_002/20220823_033000.WAV,Telephone Field,recover-20220825,002,1795
720.6775,720.6834,34921,50276,Myotis brandtii,0.01,0.022,-1,Echolocation,/mnt/ubna_data_01_mir/recover-20220825/UBNA_002/20220823_033000.WAV,Telephone Field,recover-20220825,002,1795
720.6865,720.7244,68437,82327,Rhinolophus ferrumequinum,0.023,0.023,-1,Echolocation,/mnt/ubna_data_01_mir/recover-20220825/UBNA_002/20220823_033000.WAV,Telephone Field,recover-20220825,002,1795
720.7165,720.7257,40078,46119,Pipistrellus nathusii,0.189,0.213,-1,Echolocation,/mnt/ubna_data_01_mir/recover-20220825/UBNA_002/20220823_033000.WAV,Telephone Field,recover-20220825,002,1795
720.7235,720.761,68437,81661,Rhinolophus ferrumequinum,0.023,0.023,-1,Echolocation,/mnt/ubna_data_01_mir/recover-20220825/UBNA_002/20220823_033000.WAV,Telephone Field,recover-20220825,002,1795
720.7385,720.7463,28046,36270,Eptesicus serotinus,0.008,0.023,-1,Echolocation,/mnt/ubna_data_01_mir/recover-20220825/UBNA_002/20220823_033000.WAV,Telephone Field,recover-20220825,002,1795
720.7825,720.8217,68437,82112,Rhinolophus ferrumequinum,0.024,0.024,-1,Echolocation,/mnt/ubna_data_01_mir/recover-20220825/UBNA_002/20220823_033000.WAV,Telephone Field,recover-20220825,002,1795
720.7885,720.7963,40078,50533,Pipistrellus nathusii,0.011,0.025,-1,Echolocation,/mnt/ubna_data_01_mir/recover-20220825/UBNA_002/20220823_033000.WAV,Telephone Field,recover-20220825,002,1795
720.8065,720.8151,42656,47858,Pipistrellus nathusii,0.032,0.042,-1,Echolocation,/mnt/ubna_data_01_mir/recover-20220825/UBNA_002/20220823_033000.WAV,Telephone Field,recover-20220825,002,1795
720.8145,720.8218,26328,37945,Eptesicus serotinus,0.007,0.023,-1,Echolocation,/mnt/ubna_data_01_mir/recover-20220825/UBNA_002/20220823_033000.WAV,Telephone Field,recover-20220825,002,1795
720.8235,720.8586,68437,81740,Rhinolophus ferrumequinum,0.024,0.024,-1,Echolocation,/mnt/ubna_data_01_mir/recover-20220825/UBNA_002/20220823_033000.WAV,Telephone Field,recover-20220825,002,1795
720.8305,720.8676,68437,81705,Rhinolophus ferrumequinum,0.023,0.023,-1,Echolocation,/mnt/ubna_data_01_mir/recover-20220825/UBNA_002/20220823_033000.WAV,Telephone Field,recover-20220825,002,1795
720.8495,720.8843,68437,81864,Rhinolophus ferrumequinum,0.022,0.022,-1,Echolocation,/mnt/ubna_data_01_mir/recover-20220825/UBNA_002/20220823_033000.WAV,Telephone Field,recover-20220825,002,1795
720.8755,720.8882,16015,20684,Nyctalus noctula,0.01,0.023,-1,Echolocation,/mnt/ubna_data_01_mir/recover-20220825/UBNA_002/20220823_033000.WAV,Telephone Field,recover-20220825,002,1795
720.8765,720.8825,38359,50514,Pipistrellus nathusii,0.434,0.555,-1,Echolocation,/mnt/ubna_data_01_mir/recover-20220825/UBNA_002/20220823_033000.WAV,Telephone Field,recover-20220825,002,1795
720.8855,720.8922,30625,39519,Myotis daubentonii,0.012,0.023,-1,Echolocation,/mnt/ubna_data_01_mir/recover-20220825/UBNA_002/20220823_033000.WAV,Telephone Field,recover-20220825,002,1795
720.9145,720.9535,68437,82451,Rhinolophus ferrumequinum,0.032,0.032,-1,Echolocation,/mnt/ubna_data_01_mir/recover-20220825/UBNA_002/20220823_033000.WAV,Telephone Field,recover-20220825,002,1795
720.9375,720.9444,39218,48989,Pipistrellus nathusii,0.29,0.387,-1,Echolocation,/mnt/ubna_data_01_mir/recover-20220825/UBNA_002/20220823_033000.WAV,Telephone Field,recover-20220825,002,1795
720.9985,721.0069,27187,35724,Eptesicus serotinus,0.009,0.022,-1,Echolocation,/mnt/ubna_data_01_mir/recover-20220825/UBNA_002/20220823_033000.WAV,Telephone Field,recover-20220825,002,1795
721.0065,721.0178,42656,48553,Pipistrellus nathusii,0.014,0.025,-1,Echolocation,/mnt/ubna_data_01_mir/recover-20220825/UBNA_002/20220823_033000.WAV,Telephone Field,recover-20220825,002,1795
721.0475,721.0551,27187,36204,Eptesicus serotinus,0.007,0.022,-1,Echolocation,/mnt/ubna_data_01_mir/recover-20220825/UBNA_002/20220823_033000.WAV,Telephone Field,recover-20220825,002,1795
721.0475,721.0552,41796,50999,Pipistrellus nathusii,0.021,0.033,-1,Echolocation,/mnt/ubna_data_01_mir/recover-20220825/UBNA_002/20220823_033000.WAV,Telephone Field,recover-20220825,002,1795
721.0685,721.1044,68437,81376,Rhinolophus ferrumequinum,0.025,0.025,-1,Echolocation,/mnt/ubna_data_01_mir/recover-20220825/UBNA_002/20220823_033000.WAV,Telephone Field,recover-20220825,002,1795
721.0975,721.105,40078,48520,Pipistrellus nathusii,0.432,0.482,-1,Echolocation,/mnt/ubna_data_01_mir/recover-20220825/UBNA_002/20220823_033000.WAV,Telephone Field,recover-20220825,002,1795
721.1035,721.1114,25468,33386,Eptesicus serotinus,0.009,0.026,-1,Echolocation,/mnt/ubna_data_01_mir/recover-20220825/UBNA_002/20220823_033000.WAV,Telephone Field,recover-20220825,002,1795
721.1065,721.143,68437,81602,Rhinolophus ferrumequinum,0.023,0.023,-1,Echolocation,/mnt/ubna_data_01_mir/recover-20220825/UBNA_002/20220823_033000.WAV,Telephone Field,recover-20220825,002,1795
721.1315,721.1724,68437,82943,Rhinolophus ferrumequinum,0.026,0.026,-1,Echolocation,/mnt/ubna_data_01_mir/recover-20220825/UBNA_002/20220823_033000.WAV,Telephone Field,recover-20220825,002,1795
721.1345,721.1463,23750,29654,Nyctalus leisleri,0.01,0.024,-1,Echolocation,/mnt/ubna_data_01_mir/recover-20220825/UBNA_002/20220823_033000.WAV,Telephone Field,recover-20220825,002,1795
721.1955,721.2038,40078,48413,Pipistrellus nathusii,0.464,0.59,-1,Echolocation,/mnt/ubna_data_01_mir/recover-20220825/UBNA_002/20220823_033000.WAV,Telephone Field,recover-20220825,002,1795
721.2495,721.2589,28046,35781,Eptesicus serotinus,0.008,0.022,-1,Echolocation,/mnt/ubna_data_01_mir/recover-20220825/UBNA_002/20220823_033000.WAV,Telephone Field,recover-20220825,002,1795
721.2845,721.2915,27187,35360,Eptesicus serotinus,0.007,0.022,-1,Echolocation,/mnt/ubna_data_01_mir/recover-20220825/UBNA_002/20220823_033000.WAV,Telephone Field,recover-20220825,002,1795
721.2965,721.3032,40078,50704,Pipistrellus nathusii,0.388,0.517,-1,Echolocation,/mnt/ubna_data_01_mir/recover-20220825/UBNA_002/20220823_033000.WAV,Telephone Field,recover-20220825,002,1795
721.3065,721.3136,26328,33774,Eptesicus serotinus,0.006,0.023,-1,Echolocation,/mnt/ubna_data_01_mir/recover-20220825/UBNA_002/20220823_033000.WAV,Telephone Field,recover-20220825,002,1795
721.3065,721.3147,55546,66364,Pipistrellus pygmaeus,0.024,0.025,-1,Echolocation,/mnt/ubna_data_01_mir/recover-20220825/UBNA_002/20220823_033000.WAV,Telephone Field,recover-20220825,002,1795
721.3425,721.3501,56406,61325,Pipistrellus pygmaeus,0.032,0.033,-1,Echolocation,/mnt/ubna_data_01_mir/recover-20220825/UBNA_002/20220823_033000.WAV,Telephone Field,recover-20220825,002,1795
721.3825,721.3894,49531,54905,Pipistrellus pipistrellus,0.014,0.023,-1,Echolocation,/mnt/ubna_data_01_mir/recover-20220825/UBNA_002/20220823_033000.WAV,Telephone Field,recover-20220825,002,1795
721.3905,721.3965,40078,51732,Pipistrellus nathusii,0.551,0.595,-1,Echolocation,/mnt/ubna_data_01_mir/recover-20220825/UBNA_002/20220823_033000.WAV,Telephone Field,recover-20220825,002,1795
721.3905,721.3961,49531,53585,Pipistrellus pipistrellus,0.014,0.024,-1,Echolocation,/mnt/ubna_data_01_mir/recover-20220825/UBNA_002/20220823_033000.WAV,Telephone Field,recover-20220825,002,1795
721.4075,721.4451,68437,82621,Rhinolophus ferrumequinum,0.033,0.033,-1,Echolocation,/mnt/ubna_data_01_mir/recover-20220825/UBNA_002/20220823_033000.WAV,Telephone Field,recover-20220825,002,1795
721.4745,721.4807,40937,49519,Pipistrellus nathusii,0.286,0.367,-1,Echolocation,/mnt/ubna_data_01_mir/recover-20220825/UBNA_002/20220823_033000.WAV,Telephone Field,recover-20220825,002,1795
721.4825,721.4898,26328,33162,Eptesicus serotinus,0.006,0.023,-1,Echolocation,/mnt/ubna_data_01_mir/recover-20220825/UBNA_002/20220823_033000.WAV,Telephone Field,recover-20220825,002,1795
721.5095,721.5184,38359,43957,Pipistrellus nathusii,0.034,0.05,-1,Echolocation,/mnt/ubna_data_01_mir/recover-20220825/UBNA_002/20220823_033000.WAV,Telephone Field,recover-20220825,002,1795
721.5335,721.5444,58125,63942,Pipistrellus pygmaeus,0.041,0.042,-1,Echolocation,/mnt/ubna_data_01_mir/recover-20220825/UBNA_002/20220823_033000.WAV,Telephone Field,recover-20220825,002,1795
721.5565,721.5941,68437,81792,Rhinolophus ferrumequinum,0.022,0.022,-1,Echolocation,/mnt/ubna_data_01_mir/recover-20220825/UBNA_002/20220823_033000.WAV,Telephone Field,recover-20220825,002,1795
721.5595,721.5681,28046,37903,Eptesicus serotinus,0.01,0.023,-1,Echolocation,/mnt/ubna_data_01_mir/recover-20220825/UBNA_002/20220823_033000.WAV,Telephone Field,recover-20220825,002,1795
721.5745,721.5807,40937,55958,Pipistrellus nathusii,0.439,0.555,-1,Echolocation,/mnt/ubna_data_01_mir/recover-20220825/UBNA_002/20220823_033000.WAV,Telephone Field,recover-20220825,002,1795
721.5755,721.5812,48671,53631,Pipistrellus pipistrellus,0.018,0.031,-1,Echolocation,/mnt/ubna_data_01_mir/recover-20220825/UBNA_002/20220823_033000.WAV,Telephone Field,recover-20220825,002,1795
721.6475,721.656,28046,35731,Eptesicus serotinus,0.01,0.022,-1,Echolocation,/mnt/ubna_data_01_mir/recover-20220825/UBNA_002/20220823_033000.WAV,Telephone Field,recover-20220825,002,1795
721.6675,721.6734,39218,53589,Pipistrellus nathusii,0.485,0.564,-1,Echolocation,/mnt/ubna_data_01_mir/recover-20220825/UBNA_002/20220823_033000.WAV,Telephone Field,recover-20220825,002,1795
721.7065,721.7154,40078,45287,Pipistrellus nathusii,0.026,0.036,-1,Echolocation,/mnt/ubna_data_01_mir/recover-20220825/UBNA_002/20220823_033000.WAV,Telephone Field,recover-20220825,002,1795
721.7085,721.7163,26328,34377,Eptesicus serotinus,0.01,0.027,-1,Echolocation,/mnt/ubna_data_01_mir/recover-20220825/UBNA_002/20220823_033000.WAV,Telephone Field,recover-20220825,002,1795
721.7085,721.7401,68437,80673,Rhinolophus ferrumequinum,0.022,0.022,-1,Echolocation,/mnt/ubna_data_01_mir/recover-20220825/UBNA_002/20220823_033000.WAV,Telephone Field,recover-20220825,002,1795
721.7115,721.7196,32343,40115,Barbastellus barbastellus,0.012,0.027,-1,Echolocation,/mnt/ubna_data_01_mir/recover-20220825/UBNA_002/20220823_033000.WAV,Telephone Field,recover-20220825,002,1795
721.7195,721.7276,25468,33556,Eptesicus serotinus,0.009,0.025,-1,Echolocation,/mnt/ubna_data_01_mir/recover-20220825/UBNA_002/20220823_033000.WAV,Telephone Field,recover-20220825,002,1795
721.7455,721.7832,68437,81718,Rhinolophus ferrumequinum,0.022,0.022,-1,Echolocation,/mnt/ubna_data_01_mir/recover-20220825/UBNA_002/20220823_033000.WAV,Telephone Field,recover-20220825,002,1795
721.7495,721.757,27187,35509,Eptesicus serotinus,0.008,0.023,-1,Echolocation,/mnt/ubna_data_01_mir/recover-20220825/UBNA_002/20220823_033000.WAV,Telephone Field,recover-20220825,002,1795
721.7615,721.769,49531,53616,Pipistrellus pipistrellus,0.01,0.022,-1,Echolocation,/mnt/ubna_data_01_mir/recover-20220825/UBNA_002/20220823_033000.WAV,Telephone Field,recover-20220825,002,1795
721.7625,721.7687,40078,56353,Pipistrellus nathusii,0.442,0.563,-1,Echolocation,/mnt/ubna_data_01_mir/recover-20220825/UBNA_002/20220823_033000.WAV,Telephone Field,recover-20220825,002,1795
721.7875,721.7953,27187,42595,Eptesicus serotinus,0.009,0.024,-1,Echolocation,/mnt/ubna_data_01_mir/recover-20220825/UBNA_002/20220823_033000.WAV,Telephone Field,recover-20220825,002,1795
721.7885,721.7946,32343,44919,Myotis daubentonii,0.009,0.026,-1,Echolocation,/mnt/ubna_data_01_mir/recover-20220825/UBNA_002/20220823_033000.WAV,Telephone Field,recover-20220825,002,1795
721.8165,721.8251,41796,48335,Pipistrellus nathusii,0.026,0.037,-1,Echolocation,/mnt/ubna_data_01_mir/recover-20220825/UBNA_002/20220823_033000.WAV,Telephone Field,recover-20220825,002,1795
721.8465,721.8527,39218,57819,Pipistrellus nathusii,0.422,0.514,-1,Echolocation,/mnt/ubna_data_01_mir/recover-20220825/UBNA_002/20220823_033000.WAV,Telephone Field,recover-20220825,002,1795
721.8475,721.8529,48671,52640,Pipistrellus pipistrellus,0.016,0.028,-1,Echolocation,/mnt/ubna_data_01_mir/recover-20220825/UBNA_002/20220823_033000.WAV,Telephone Field,recover-20220825,002,1795
721.8835,721.8931,34921,40406,Pipistrellus nathusii,0.014,0.034,-1,Echolocation,/mnt/ubna_data_01_mir/recover-20220825/UBNA_002/20220823_033000.WAV,Telephone Field,recover-20220825,002,1795
721.9455,721.952,40078,53912,Pipistrellus nathusii,0.422,0.54,-1,Echolocation,/mnt/ubna_data_01_mir/recover-20220825/UBNA_002/20220823_033000.WAV,Telephone Field,recover-20220825,002,1795
722.0015,722.0117,21171,25516,Nyctalus leisleri,0.016,0.032,-1,Echolocation,/mnt/ubna_data_01_mir/recover-20220825/UBNA_002/20220823_033000.WAV,Telephone Field,recover-20220825,002,1795
722.0015,722.03,69296,81937,Rhinolophus ferrumequinum,0.025,0.025,-1,Echolocation,/mnt/ubna_data_01_mir/recover-20220825/UBNA_002/20220823_033000.WAV,Telephone Field,recover-20220825,002,1795
722.0015,722.0074,46953,54987,Pipistrellus pipistrellus,0.016,0.022,-1,Echolocation,/mnt/ubna_data_01_mir/recover-20220825/UBNA_002/20220823_033000.WAV,Telephone Field,recover-20220825,002,1795
722.0275,722.0347,27187,37545,Eptesicus serotinus,0.007,0.024,-1,Echolocation,/mnt/ubna_data_01_mir/recover-20220825/UBNA_002/20220823_033000.WAV,Telephone Field,recover-20220825,002,1795
722.0375,722.0444,40078,57672,Pipistrellus nathusii,0.629,0.677,-1,Echolocation,/mnt/ubna_data_01_mir/recover-20220825/UBNA_002/20220823_033000.WAV,Telephone Field,recover-20220825,002,1795
722.0825,722.0936,15156,23215,Nyctalus noctula,0.016,0.028,-1,Echolocation,/mnt/ubna_data_01_mir/recover-20220825/UBNA_002/20220823_033000.WAV,Telephone Field,recover-20220825,002,1795
722.0995,722.1133,43515,47509,Pipistrellus pipistrellus,0.019,0.029,-1,Echolocation,/mnt/ubna_data_01_mir/recover-20220825/UBNA_002/20220823_033000.WAV,Telephone Field,recover-20220825,002,1795
722.1005,722.1384,68437,82711,Rhinolophus ferrumequinum,0.022,0.022,-1,Echolocation,/mnt/ubna_data_01_mir/recover-20220825/UBNA_002/20220823_033000.WAV,Telephone Field,recover-20220825,002,1795
722.1185,722.1544,68437,81781,Rhinolophus ferrumequinum,0.023,0.023,-1,Echolocation,/mnt/ubna_data_01_mir/recover-20220825/UBNA_002/20220823_033000.WAV,Telephone Field,recover-20220825,002,1795
722.1325,722.1394,49531,55290,Pipistrellus pipistrellus,0.018,0.033,-1,Echolocation,/mnt/ubna_data_01_mir/recover-20220825/UBNA_002/20220823_033000.WAV,Telephone Field,recover-20220825,002,1795
722.1345,722.1413,40078,58436,Pipistrellus nathusii,0.493,0.565,-1,Echolocation,/mnt/ubna_data_01_mir/recover-20220825/UBNA_002/20220823_033000.WAV,Telephone Field,recover-20220825,002,1795
722.1345,722.1397,30625,70415,Myotis brandtii,0.029,0.062,-1,Echolocation,/mnt/ubna_data_01_mir/recover-20220825/UBNA_002/20220823_033000.WAV,Telephone Field,recover-20220825,002,1795
722.1435,722.1516,27187,37788,Eptesicus serotinus,0.007,0.022,-1,Echolocation,/mnt/ubna_data_01_mir/recover-20220825/UBNA_002/20220823_033000.WAV,Telephone Field,recover-20220825,002,1795
722.1505,722.1809,68437,81019,Rhinolophus ferrumequinum,0.022,0.022,-1,Echolocation,/mnt/ubna_data_01_mir/recover-20220825/UBNA_002/20220823_033000.WAV,Telephone Field,recover-20220825,002,1795
722.2235,722.2292,30625,64194,Myotis brandtii,0.023,0.053,-1,Echolocation,/mnt/ubna_data_01_mir/recover-20220825/UBNA_002/20220823_033000.WAV,Telephone Field,recover-20220825,002,1795
722.2245,722.2313,40078,55432,Pipistrellus nathusii,0.659,0.678,-1,Echolocation,/mnt/ubna_data_01_mir/recover-20220825/UBNA_002/20220823_033000.WAV,Telephone Field,recover-20220825,002,1795
722.2315,722.237,31484,42726,Myotis daubentonii,0.01,0.024,-1,Echolocation,/mnt/ubna_data_01_mir/recover-20220825/UBNA_002/20220823_033000.WAV,Telephone Field,recover-20220825,002,1795
722.2475,722.2546,47812,55642,Pipistrellus pipistrellus,0.024,0.029,-1,Echolocation,/mnt/ubna_data_01_mir/recover-20220825/UBNA_002/20220823_033000.WAV,Telephone Field,recover-20220825,002,1795
722.2525,722.2603,28046,39950,Eptesicus serotinus,0.008,0.025,-1,Echolocation,/mnt/ubna_data_01_mir/recover-20220825/UBNA_002/20220823_033000.WAV,Telephone Field,recover-20220825,002,1795
722.3055,722.3414,68437,81871,Rhinolophus ferrumequinum,0.022,0.022,-1,Echolocation,/mnt/ubna_data_01_mir/recover-20220825/UBNA_002/20220823_033000.WAV,Telephone Field,recover-20220825,002,1795
722.3245,722.3321,40078,54123,Pipistrellus nathusii,0.7,0.734,-1,Echolocation,/mnt/ubna_data_01_mir/recover-20220825/UBNA_002/20220823_033000.WAV,Telephone Field,recover-20220825,002,1795
722.3675,722.4045,68437,82565,Rhinolophus ferrumequinum,0.023,0.023,-1,Echolocation,/mnt/ubna_data_01_mir/recover-20220825/UBNA_002/20220823_033000.WAV,Telephone Field,recover-20220825,002,1795
722.4205,722.429,38359,57600,Pipistrellus nathusii,0.675,0.707,-1,Echolocation,/mnt/ubna_data_01_mir/recover-20220825/UBNA_002/20220823_033000.WAV,Telephone Field,recover-20220825,002,1795
722.4265,722.4325,29765,44044,Myotis daubentonii,0.009,0.022,-1,Echolocation,/mnt/ubna_data_01_mir/recover-20220825/UBNA_002/20220823_033000.WAV,Telephone Field,recover-20220825,002,1795
722.5055,722.545,68437,83601,Rhinolophus ferrumequinum,0.05,0.05,-1,Echolocation,/mnt/ubna_data_01_mir/recover-20220825/UBNA_002/20220823_033000.WAV,Telephone Field,recover-20220825,002,1795
722.5185,722.5255,37500,49407,Pipistrellus nathusii,0.497,0.533,-1,Echolocation,/mnt/ubna_data_01_mir/recover-20220825/UBNA_002/20220823_033000.WAV,Telephone Field,recover-20220825,002,1795
722.5245,722.5316,27187,36516,Eptesicus serotinus,0.004,0.022,-1,Echolocation,/mnt/ubna_data_01_mir/recover-20220825/UBNA_002/20220823_033000.WAV,Telephone Field,recover-20220825,002,1795
722.5255,722.5335,53828,69286,Pipistrellus pygmaeus,0.019,0.022,-1,Echolocation,/mnt/ubna_data_01_mir/recover-20220825/UBNA_002/20220823_033000.WAV,Telephone Field,recover-20220825,002,1795
722.5565,722.5658,48671,56529,Pipistrellus pipistrellus,0.024,0.036,-1,Echolocation,/mnt/ubna_data_01_mir/recover-20220825/UBNA_002/20220823_033000.WAV,Telephone Field,recover-20220825,002,1795
722.5815,722.5944,22890,27179,Nyctalus leisleri,0.012,0.022,-1,Echolocation,/mnt/ubna_data_01_mir/recover-20220825/UBNA_002/20220823_033000.WAV,Telephone Field,recover-20220825,002,1795
722.5915,722.602,23750,28719,Nyctalus leisleri,0.011,0.023,-1,Echolocation,/mnt/ubna_data_01_mir/recover-20220825/UBNA_002/20220823_033000.WAV,Telephone Field,recover-20220825,002,1795
722.6025,722.6128,54687,61925,Pipistrellus pygmaeus,0.025,0.026,-1,Echolocation,/mnt/ubna_data_01_mir/recover-20220825/UBNA_002/20220823_033000.WAV,Telephone Field,recover-20220825,002,1795
722.6065,722.6144,38359,58778,Pipistrellus nathusii,0.665,0.726,-1,Echolocation,/mnt/ubna_data_01_mir/recover-20220825/UBNA_002/20220823_033000.WAV,Telephone Field,recover-20220825,002,1795
722.6075,722.6134,49531,57817,Pipistrellus pipistrellus,0.018,0.033,-1,Echolocation,/mnt/ubna_data_01_mir/recover-20220825/UBNA_002/20220823_033000.WAV,Telephone Field,recover-20220825,002,1795
722.6085,722.615,23750,53922,Myotis nattereri,0.017,0.027,-1,Echolocation,/mnt/ubna_data_01_mir/recover-20220825/UBNA_002/20220823_033000.WAV,Telephone Field,recover-20220825,002,1795
722.6155,722.6212,34921,48474,Myotis brandtii,0.012,0.027,-1,Echolocation,/mnt/ubna_data_01_mir/recover-20220825/UBNA_002/20220823_033000.WAV,Telephone Field,recover-20220825,002,1795
722.6175,722.6505,68437,81840,Rhinolophus ferrumequinum,0.026,0.027,-1,Echolocation,/mnt/ubna_data_01_mir/recover-20220825/UBNA_002/20220823_033000.WAV,Telephone Field,recover-20220825,002,1795
722.6245,722.6315,22890,32227,Plecotus austriacus,0.012,0.025,-1,Echolocation,/mnt/ubna_data_01_mir/recover-20220825/UBNA_002/20220823_033000.WAV,Telephone Field,recover-20220825,002,1795
722.6855,722.7265,68437,83272,Rhinolophus ferrumequinum,0.031,0.031,-1,Echolocation,/mnt/ubna_data_01_mir/recover-20220825/UBNA_002/20220823_033000.WAV,Telephone Field,recover-20220825,002,1795
722.7065,722.7142,38359,55956,Pipistrellus nathusii,0.626,0.698,-1,Echolocation,/mnt/ubna_data_01_mir/recover-20220825/UBNA_002/20220823_033000.WAV,Telephone Field,recover-20220825,002,1795
722.7065,722.7136,49531,55119,Pipistrellus pipistrellus,0.017,0.028,-1,Echolocation,/mnt/ubna_data_01_mir/recover-20220825/UBNA_002/20220823_033000.WAV,Telephone Field,recover-20220825,002,1795
722.7125,722.7178,29765,42451,Myotis daubentonii,0.011,0.024,-1,Echolocation,/mnt/ubna_data_01_mir/recover-20220825/UBNA_002/20220823_033000.WAV,Telephone Field,recover-20220825,002,1795
722.7185,722.7502,68437,81357,Rhinolophus ferrumequinum,0.025,0.025,-1,Echolocation,/mnt/ubna_data_01_mir/recover-20220825/UBNA_002/20220823_033000.WAV,Telephone Field,recover-20220825,002,1795
722.7385,722.7482,28906,35971,Eptesicus serotinus,0.008,0.022,-1,Echolocation,/mnt/ubna_data_01_mir/recover-20220825/UBNA_002/20220823_033000.WAV,Telephone Field,recover-20220825,002,1795
722.7495,722.7874,68437,82823,Rhinolophus ferrumequinum,0.022,0.022,-1,Echolocation,/mnt/ubna_data_01_mir/recover-20220825/UBNA_002/20220823_033000.WAV,Telephone Field,recover-20220825,002,1795
722.7715,722.7812,28046,37212,Eptesicus serotinus,0.013,0.028,-1,Echolocation,/mnt/ubna_data_01_mir/recover-20220825/UBNA_002/20220823_033000.WAV,Telephone Field,recover-20220825,002,1795
722.7815,722.7894,28046,40945,Eptesicus serotinus,0.008,0.024,-1,Echolocation,/mnt/ubna_data_01_mir/recover-20220825/UBNA_002/20220823_033000.WAV,Telephone Field,recover-20220825,002,1795
722.7965,722.8031,48671,57837,Pipistrellus pipistrellus,0.016,0.03,-1,Echolocation,/mnt/ubna_data_01_mir/recover-20220825/UBNA_002/20220823_033000.WAV,Telephone Field,recover-20220825,002,1795
722.7985,722.8058,39218,58994,Pipistrellus nathusii,0.52,0.616,-1,Echolocation,/mnt/ubna_data_01_mir/recover-20220825/UBNA_002/20220823_033000.WAV,Telephone Field,recover-20220825,002,1795
722.8075,722.8135,31484,44109,Myotis daubentonii,0.011,0.027,-1,Echolocation,/mnt/ubna_data_01_mir/recover-20220825/UBNA_002/20220823_033000.WAV,Telephone Field,recover-20220825,002,1795
722.8195,722.8297,55546,60899,Pipistrellus pygmaeus,0.023,0.024,-1,Echolocation,/mnt/ubna_data_01_mir/recover-20220825/UBNA_002/20220823_033000.WAV,Telephone Field,recover-20220825,002,1795
722.8265,722.8338,25468,36109,Plecotus austriacus,0.005,0.023,-1,Echolocation,/mnt/ubna_data_01_mir/recover-20220825/UBNA_002/20220823_033000.WAV,Telephone Field,recover-20220825,002,1795
722.8435,722.8506,25468,36975,Plecotus austriacus,0.007,0.029,-1,Echolocation,/mnt/ubna_data_01_mir/recover-20220825/UBNA_002/20220823_033000.WAV,Telephone Field,recover-20220825,002,1795
722.8505,722.8578,55546,64993,Pipistrellus pygmaeus,0.022,0.022,-1,Echolocation,/mnt/ubna_data_01_mir/recover-20220825/UBNA_002/20220823_033000.WAV,Telephone Field,recover-20220825,002,1795
722.8675,722.9058,68437,82009,Rhinolophus ferrumequinum,0.024,0.024,-1,Echolocation,/mnt/ubna_data_01_mir/recover-20220825/UBNA_002/20220823_033000.WAV,Telephone Field,recover-20220825,002,1795
722.8675,722.8764,57265,64058,Pipistrellus pygmaeus,0.029,0.029,-1,Echolocation,/mnt/ubna_data_01_mir/recover-20220825/UBNA_002/20220823_033000.WAV,Telephone Field,recover-20220825,002,1795
722.8885,722.8956,28046,43901,Eptesicus serotinus,0.007,0.023,-1,Echolocation,/mnt/ubna_data_01_mir/recover-20220825/UBNA_002/20220823_033000.WAV,Telephone Field,recover-20220825,002,1795
722.8945,722.904,52968,58309,Pipistrellus pygmaeus,0.041,0.042,-1,Echolocation,/mnt/ubna_data_01_mir/recover-20220825/UBNA_002/20220823_033000.WAV,Telephone Field,recover-20220825,002,1795
722.9015,722.9086,49531,58985,Pipistrellus pipistrellus,0.021,0.034,-1,Echolocation,/mnt/ubna_data_01_mir/recover-20220825/UBNA_002/20220823_033000.WAV,Telephone Field,recover-20220825,002,1795
722.9015,722.91,37500,58921,Pipistrellus nathusii,0.663,0.712,-1,Echolocation,/mnt/ubna_data_01_mir/recover-20220825/UBNA_002/20220823_033000.WAV,Telephone Field,recover-20220825,002,1795
722.9185,722.9531,68437,81354,Rhinolophus ferrumequinum,0.022,0.022,-1,Echolocation,/mnt/ubna_data_01_mir/recover-20220825/UBNA_002/20220823_033000.WAV,Telephone Field,recover-20220825,002,1795
722.9415,722.9806,68437,82386,Rhinolophus ferrumequinum,0.023,0.023,-1,Echolocation,/mnt/ubna_data_01_mir/recover-20220825/UBNA_002/20220823_033000.WAV,Telephone Field,recover-20220825,002,1795
722.9975,723.0069,53828,58196,Pipistrellus pygmaeus,0.05,0.055,-1,Echolocation,/mnt/ubna_data_01_mir/recover-20220825/UBNA_002/20220823_033000.WAV,Telephone Field,recover-20220825,002,1795
723.0005,723.0085,37500,56654,Pipistrellus nathusii,0.533,0.605,-1,Echolocation,/mnt/ubna_data_01_mir/recover-20220825/UBNA_002/20220823_033000.WAV,Telephone Field,recover-20220825,002,1795
723.0005,723.0064,28046,61274,Myotis daubentonii,0.016,0.058,-1,Echolocation,/mnt/ubna_data_01_mir/recover-20220825/UBNA_002/20220823_033000.WAV,Telephone Field,recover-20220825,002,1795
723.0095,723.0153,27187,38535,Eptesicus serotinus,0.006,0.034,-1,Echolocation,/mnt/ubna_data_01_mir/recover-20220825/UBNA_002/20220823_033000.WAV,Telephone Field,recover-20220825,002,1795
723.0155,723.0465,68437,81038,Rhinolophus ferrumequinum,0.022,0.022,-1,Echolocation,/mnt/ubna_data_01_mir/recover-20220825/UBNA_002/20220823_033000.WAV,Telephone Field,recover-20220825,002,1795
723.0335,723.0716,68437,82933,Rhinolophus ferrumequinum,0.022,0.022,-1,Echolocation,/mnt/ubna_data_01_mir/recover-20220825/UBNA_002/20220823_033000.WAV,Telephone Field,recover-20220825,002,1795
723.0635,723.0988,68437,81338,Rhinolophus ferrumequinum,0.022,0.022,-1,Echolocation,/mnt/ubna_data_01_mir/recover-20220825/UBNA_002/20220823_033000.WAV,Telephone Field,recover-20220825,002,1795
723.0945,723.104,52968,59693,Pipistrellus pygmaeus,0.028,0.03,-1,Echolocation,/mnt/ubna_data_01_mir/recover-20220825/UBNA_002/20220823_033000.WAV,Telephone Field,recover-20220825,002,1795
723.1035,723.1085,27187,70767,Myotis bechsteinii,0.036,0.068,-1,Echolocation,/mnt/ubna_data_01_mir/recover-20220825/UBNA_002/20220823_033000.WAV,Telephone Field,recover-20220825,002,1795
723.1035,723.1106,36640,65456,Pipistrellus nathusii,0.507,0.567,-1,Echolocation,/mnt/ubna_data_01_mir/recover-20220825/UBNA_002/20220823_033000.WAV,Telephone Field,recover-20220825,002,1795
723.1125,723.1181,25468,40403,Plecotus auritus,0.005,0.024,-1,Echolocation,/mnt/ubna_data_01_mir/recover-20220825/UBNA_002/20220823_033000.WAV,Telephone Field,recover-20220825,002,1795
723.1265,723.1331,28046,39969,Eptesicus serotinus,0.006,0.023,-1,Echolocation,/mnt/ubna_data_01_mir/recover-20220825/UBNA_002/20220823_033000.WAV,Telephone Field,recover-20220825,002,1795
723.1565,723.1758,20312,23377,Nyctalus leisleri,0.015,0.027,-1,Echolocation,/mnt/ubna_data_01_mir/recover-20220825/UBNA_002/20220823_033000.WAV,Telephone Field,recover-20220825,002,1795
723.1745,723.1807,33203,56467,Myotis brandtii,0.009,0.023,-1,Echolocation,/mnt/ubna_data_01_mir/recover-20220825/UBNA_002/20220823_033000.WAV,Telephone Field,recover-20220825,002,1795
723.1765,723.2082,68437,81973,Rhinolophus ferrumequinum,0.022,0.022,-1,Echolocation,/mnt/ubna_data_01_mir/recover-20220825/UBNA_002/20220823_033000.WAV,Telephone Field,recover-20220825,002,1795
723.2015,723.2086,48671,55877,Pipistrellus pipistrellus,0.023,0.042,-1,Echolocation,/mnt/ubna_data_01_mir/recover-20220825/UBNA_002/20220823_033000.WAV,Telephone Field,recover-20220825,002,1795
723.2055,723.2115,27187,60527,Myotis bechsteinii,0.02,0.048,-1,Echolocation,/mnt/ubna_data_01_mir/recover-20220825/UBNA_002/20220823_033000.WAV,Telephone Field,recover-20220825,002,1795
723.2065,723.2141,36640,63107,Pipistrellus nathusii,0.519,0.583,-1,Echolocation,/mnt/ubna_data_01_mir/recover-20220825/UBNA_002/20220823_033000.WAV,Telephone Field,recover-20220825,002,1795
723.2065,723.2154,52968,59679,Pipistrellus pygmaeus,0.029,0.034,-1,Echolocation,/mnt/ubna_data_01_mir/recover-20220825/UBNA_002/20220823_033000.WAV,Telephone Field,recover-20220825,002,1795
723.2565,723.2641,47812,55802,Pipistrellus pipistrellus,0.026,0.03,-1,Echolocation,/mnt/ubna_data_01_mir/recover-20220825/UBNA_002/20220823_033000.WAV,Telephone Field,recover-20220825,002,1795
723.2605,723.2982,68437,83150,Rhinolophus ferrumequinum,0.026,0.026,-1,Echolocation,/mnt/ubna_data_01_mir/recover-20220825/UBNA_002/20220823_033000.WAV,Telephone Field,recover-20220825,002,1795
723.2765,723.2845,54687,61549,Pipistrellus pygmaeus,0.021,0.022,-1,Echolocation,/mnt/ubna_data_01_mir/recover-20220825/UBNA_002/20220823_033000.WAV,Telephone Field,recover-20220825,002,1795
723.2905,723.3264,68437,82179,Rhinolophus ferrumequinum,0.023,0.023,-1,Echolocation,/mnt/ubna_data_01_mir/recover-20220825/UBNA_002/20220823_033000.WAV,Telephone Field,recover-20220825,002,1795
723.3085,723.3159,48671,56402,Pipistrellus pipistrellus,0.017,0.032,-1,Echolocation,/mnt/ubna_data_01_mir/recover-20220825/UBNA_002/20220823_033000.WAV,Telephone Field,recover-20220825,002,1795
723.3095,723.3176,37500,63488,Pipistrellus nathusii,0.502,0.572,-1,Echolocation,/mnt/ubna_data_01_mir/recover-20220825/UBNA_002/20220823_033000.WAV,Telephone Field,recover-20220825,002,1795
723.3095,723.3184,57265,66882,Pipistrellus pygmaeus,0.022,0.023,-1,Echolocation,/mnt/ubna_data_01_mir/recover-20220825/UBNA_002/20220823_033000.WAV,Telephone Field,recover-20220825,002,1795
723.3175,723.3234,26328,36982,Eptesicus serotinus,0.004,0.024,-1,Echolocation,/mnt/ubna_data_01_mir/recover-20220825/UBNA_002/20220823_033000.WAV,Telephone Field,recover-20220825,002,1795
723.3225,723.3502,68437,81050,Rhinolophus ferrumequinum,0.023,0.023,-1,Echolocation,/mnt/ubna_data_01_mir/recover-20220825/UBNA_002/20220823_033000.WAV,Telephone Field,recover-20220825,002,1795
723.3375,723.3452,23750,32180,Plecotus austriacus,0.009,0.021,-1,Echolocation,/mnt/ubna_data_01_mir/recover-20220825/UBNA_002/20220823_033000.WAV,Telephone Field,recover-20220825,002,1795
723.4015,723.4079,46953,56087,Pipistrellus pipistrellus,0.024,0.042,-1,Echolocation,/mnt/ubna_data_01_mir/recover-20220825/UBNA_002/20220823_033000.WAV,Telephone Field,recover-20220825,002,1795
723.4025,723.4087,29765,62265,Myotis bechsteinii,0.013,0.042,-1,Echolocation,/mnt/ubna_data_01_mir/recover-20220825/UBNA_002/20220823_033000.WAV,Telephone Field,recover-20220825,002,1795
723.4035,723.4117,52109,58380,Pipistrellus pygmaeus,0.025,0.042,-1,Echolocation,/mnt/ubna_data_01_mir/recover-20220825/UBNA_002/20220823_033000.WAV,Telephone Field,recover-20220825,002,1795
723.4035,723.4119,36640,62838,Pipistrellus nathusii,0.542,0.606,-1,Echolocation,/mnt/ubna_data_01_mir/recover-20220825/UBNA_002/20220823_033000.WAV,Telephone Field,recover-20220825,002,1795
723.4115,723.4176,26328,35306,Eptesicus serotinus,0.005,0.026,-1,Echolocation,/mnt/ubna_data_01_mir/recover-20220825/UBNA_002/20220823_033000.WAV,Telephone Field,recover-20220825,002,1795
723.4155,723.4469,68437,81314,Rhinolophus ferrumequinum,0.027,0.027,-1,Echolocation,/mnt/ubna_data_01_mir/recover-20220825/UBNA_002/20220823_033000.WAV,Telephone Field,recover-20220825,002,1795
723.4405,723.4723,68437,80520,Rhinolophus ferrumequinum,0.024,0.024,-1,Echolocation,/mnt/ubna_data_01_mir/recover-20220825/UBNA_002/20220823_033000.WAV,Telephone Field,recover-20220825,002,1795
723.4595,723.467,46953,52933,Pipistrellus pipistrellus,0.019,0.022,-1,Echolocation,/mnt/ubna_data_01_mir/recover-20220825/UBNA_002/20220823_033000.WAV,Telephone Field,recover-20220825,002,1795
723.4635,723.4726,25468,34791,Eptesicus serotinus,0.009,0.023,-1,Echolocation,/mnt/ubna_data_01_mir/recover-20220825/UBNA_002/20220823_033000.WAV,Telephone Field,recover-20220825,002,1795
723.4735,723.4802,56406,62131,Pipistrellus pygmaeus,0.028,0.028,-1,Echolocation,/mnt/ubna_data_01_mir/recover-20220825/UBNA_002/20220823_033000.WAV,Telephone Field,recover-20220825,002,1795
723.4945,723.5009,28046,39575,Eptesicus serotinus,0.005,0.024,-1,Echolocation,/mnt/ubna_data_01_mir/recover-20220825/UBNA_002/20220823_033000.WAV,Telephone Field,recover-20220825,002,1795
723.5015,723.5105,55546,61992,Pipistrellus pygmaeus,0.023,0.024,-1,Echolocation,/mnt/ubna_data_01_mir/recover-20220825/UBNA_002/20220823_033000.WAV,Telephone Field,recover-20220825,002,1795
723.5025,723.5079,46093,58149,Myotis mystacinus,0.007,0.022,-1,Echolocation,/mnt/ubna_data_01_mir/recover-20220825/UBNA_002/20220823_033000.WAV,Telephone Field,recover-20220825,002,1795
723.5105,723.5188,36640,64758,Pipistrellus nathusii,0.475,0.56,-1,Echolocation,/mnt/ubna_data_01_mir/recover-20220825/UBNA_002/20220823_033000.WAV,Telephone Field,recover-20220825,002,1795
723.5115,723.5184,49531,57719,Pipistrellus pipistrellus,0.018,0.032,-1,Echolocation,/mnt/ubna_data_01_mir/recover-20220825/UBNA_002/20220823_033000.WAV,Telephone Field,recover-20220825,002,1795
723.5125,723.5182,26328,65970,Myotis bechsteinii,0.023,0.05,-1,Echolocation,/mnt/ubna_data_01_mir/recover-20220825/UBNA_002/20220823_033000.WAV,Telephone Field,recover-20220825,002,1795
723.5195,723.5249,36640,50935,Myotis brandtii,0.017,0.036,-1,Echolocation,/mnt/ubna_data_01_mir/recover-20220825/UBNA_002/20220823_033000.WAV,Telephone Field,recover-20220825,002,1795
723.5205,723.5267,25468,40247,Eptesicus serotinus,0.005,0.024,-1,Echolocation,/mnt/ubna_data_01_mir/recover-20220825/UBNA_002/20220823_033000.WAV,Telephone Field,recover-20220825,002,1795
723.6135,723.6199,52109,60810,Pipistrellus pygmaeus,0.043,0.06,-1,Echolocation,/mnt/ubna_data_01_mir/recover-20220825/UBNA_002/20220823_033000.WAV,Telephone Field,recover-20220825,002,1795
723.6145,723.622,35781,64401,Pipistrellus nathusii,0.555,0.61,-1,Echolocation,/mnt/ubna_data_01_mir/recover-20220825/UBNA_002/20220823_033000.WAV,Telephone Field,recover-20220825,002,1795
723.6155,723.6207,25468,66917,Myotis bechsteinii,0.033,0.061,-1,Echolocation,/mnt/ubna_data_01_mir/recover-20220825/UBNA_002/20220823_033000.WAV,Telephone Field,recover-20220825,002,1795
723.6245,723.6301,25468,40093,Plecotus auritus,0.006,0.028,-1,Echolocation,/mnt/ubna_data_01_mir/recover-20220825/UBNA_002/20220823_033000.WAV,Telephone Field,recover-20220825,002,1795
723.6825,723.6904,54687,59657,Pipistrellus pygmaeus,0.021,0.022,-1,Echolocation,/mnt/ubna_data_01_mir/recover-20220825/UBNA_002/20220823_033000.WAV,Telephone Field,recover-20220825,002,1795
723.7115,723.7196,49531,56852,Pipistrellus pipistrellus,0.017,0.026,-1,Echolocation,/mnt/ubna_data_01_mir/recover-20220825/UBNA_002/20220823_033000.WAV,Telephone Field,recover-20220825,002,1795
723.7185,723.7256,49531,60096,Pipistrellus pipistrellus,0.019,0.034,-1,Echolocation,/mnt/ubna_data_01_mir/recover-20220825/UBNA_002/20220823_033000.WAV,Telephone Field,recover-20220825,002,1795
723.7195,723.7277,35781,67329,Pipistrellus nathusii,0.341,0.42,-1,Echolocation,/mnt/ubna_data_01_mir/recover-20220825/UBNA_002/20220823_033000.WAV,Telephone Field,recover-20220825,002,1795
723.7195,723.7255,26328,74425,Myotis bechsteinii,0.078,0.127,-1,Echolocation,/mnt/ubna_data_01_mir/recover-20220825/UBNA_002/20220823_033000.WAV,Telephone Field,recover-20220825,002,1795
723.7205,723.7278,53828,62319,Pipistrellus pygmaeus,0.023,0.031,-1,Echolocation,/mnt/ubna_data_01_mir/recover-20220825/UBNA_002/20220823_033000.WAV,Telephone Field,recover-20220825,002,1795
723.7215,723.7473,68437,80498,Rhinolophus ferrumequinum,0.032,0.032,-1,Echolocation,/mnt/ubna_data_01_mir/recover-20220825/UBNA_002/20220823_033000.WAV,Telephone Field,recover-20220825,002,1795
723.7295,723.7351,35781,47209,Myotis brandtii,0.014,0.031,-1,Echolocation,/mnt/ubna_data_01_mir/recover-20220825/UBNA_002/20220823_033000.WAV,Telephone Field,recover-20220825,002,1795
723.7305,723.737,26328,37762,Eptesicus serotinus,0.006,0.025,-1,Echolocation,/mnt/ubna_data_01_mir/recover-20220825/UBNA_002/20220823_033000.WAV,Telephone Field,recover-20220825,002,1795
723.7625,723.7714,27187,36147,Eptesicus serotinus,0.009,0.024,-1,Echolocation,/mnt/ubna_data_01_mir/recover-20220825/UBNA_002/20220823_033000.WAV,Telephone Field,recover-20220825,002,1795
723.7805,723.8202,68437,82247,Rhinolophus ferrumequinum,0.024,0.024,-1,Echolocation,/mnt/ubna_data_01_mir/recover-20220825/UBNA_002/20220823_033000.WAV,Telephone Field,recover-20220825,002,1795
723.7855,723.8257,68437,82110,Rhinolophus ferrumequinum,0.023,0.023,-1,Echolocation,/mnt/ubna_data_01_mir/recover-20220825/UBNA_002/20220823_033000.WAV,Telephone Field,recover-20220825,002,1795
723.7985,723.8049,57265,65680,Pipistrellus pygmaeus,0.021,0.021,-1,Echolocation,/mnt/ubna_data_01_mir/recover-20220825/UBNA_002/20220823_033000.WAV,Telephone Field,recover-20220825,002,1795
723.8405,723.8487,44375,50276,Pipistrellus pipistrellus,0.015,0.022,-1,Echolocation,/mnt/ubna_data_01_mir/recover-20220825/UBNA_002/20220823_033000.WAV,Telephone Field,recover-20220825,002,1795
723.8625,723.8715,28046,35475,Eptesicus serotinus,0.009,0.023,-1,Echolocation,/mnt/ubna_data_01_mir/recover-20220825/UBNA_002/20220823_033000.WAV,Telephone Field,recover-20220825,002,1795
723.8705,723.9032,68437,81269,Rhinolophus ferrumequinum,0.022,0.022,-1,Echolocation,/mnt/ubna_data_01_mir/recover-20220825/UBNA_002/20220823_033000.WAV,Telephone Field,recover-20220825,002,1795
723.8765,723.8841,52109,61921,Pipistrellus pygmaeus,0.052,0.062,-1,Echolocation,/mnt/ubna_data_01_mir/recover-20220825/UBNA_002/20220823_033000.WAV,Telephone Field,recover-20220825,002,1795
723.8785,723.8863,36640,65274,Pipistrellus nathusii,0.523,0.579,-1,Echolocation,/mnt/ubna_data_01_mir/recover-20220825/UBNA_002/20220823_033000.WAV,Telephone Field,recover-20220825,002,1795
723.8795,723.885,26328,66490,Myotis bechsteinii,0.026,0.076,-1,Echolocation,/mnt/ubna_data_01_mir/recover-20220825/UBNA_002/20220823_033000.WAV,Telephone Field,recover-20220825,002,1795
723.8905,723.917,68437,80604,Rhinolophus ferrumequinum,0.022,0.022,-1,Echolocation,/mnt/ubna_data_01_mir/recover-20220825/UBNA_002/20220823_033000.WAV,Telephone Field,recover-20220825,002,1795
723.9105,723.9213,22031,26659,Nyctalus leisleri,0.012,0.025,-1,Echolocation,/mnt/ubna_data_01_mir/recover-20220825/UBNA_002/20220823_033000.WAV,Telephone Field,recover-20220825,002,1795
723.9395,723.9466,28046,38175,Eptesicus serotinus,0.008,0.027,-1,Echolocation,/mnt/ubna_data_01_mir/recover-20220825/UBNA_002/20220823_033000.WAV,Telephone Field,recover-20220825,002,1795
723.9695,723.9759,29765,72322,Myotis brandtii,0.034,0.077,-1,Echolocation,/mnt/ubna_data_01_mir/recover-20220825/UBNA_002/20220823_033000.WAV,Telephone Field,recover-20220825,002,1795
723.9705,723.9979,68437,80749,Rhinolophus ferrumequinum,0.024,0.024,-1,Echolocation,/mnt/ubna_data_01_mir/recover-20220825/UBNA_002/20220823_033000.WAV,Telephone Field,recover-20220825,002,1795
723.9705,723.9781,37500,71237,Pipistrellus nathusii,0.615,0.648,-1,Echolocation,/mnt/ubna_data_01_mir/recover-20220825/UBNA_002/20220823_033000.WAV,Telephone Field,recover-20220825,002,1795
723.9725,723.9789,48671,56382,Pipistrellus pipistrellus,0.019,0.036,-1,Echolocation,/mnt/ubna_data_01_mir/recover-20220825/UBNA_002/20220823_033000.WAV,Telephone Field,recover-20220825,002,1795
723.9795,723.9861,37500,50713,Pipistrellus nathusii,0.015,0.033,-1,Echolocation,/mnt/ubna_data_01_mir/recover-20220825/UBNA_002/20220823_033000.WAV,Telephone Field,recover-20220825,002,1795
724.0015,724.0097,22031,32168,Plecotus austriacus,0.005,0.022,-1,Echolocation,/mnt/ubna_data_01_mir/recover-20220825/UBNA_002/20220823_033000.WAV,Telephone Field,recover-20220825,002,1795
724.0015,724.0162,57265,64860,Pipistrellus pygmaeus,0.02,0.022,-1,Echolocation,/mnt/ubna_data_01_mir/recover-20220825/UBNA_002/20220823_033000.WAV,Telephone Field,recover-20220825,002,1795
724.0015,724.0088,47812,57438,Pipistrellus pipistrellus,0.014,0.026,-1,Echolocation,/mnt/ubna_data_01_mir/recover-20220825/UBNA_002/20220823_033000.WAV,Telephone Field,recover-20220825,002,1795
724.0015,724.033,69296,81773,Rhinolophus ferrumequinum,0.035,0.035,-1,Echolocation,/mnt/ubna_data_01_mir/recover-20220825/UBNA_002/20220823_033000.WAV,Telephone Field,recover-20220825,002,1795
724.0015,724.014,37500,43471,Pipistrellus nathusii,0.037,0.056,-1,Echolocation,/mnt/ubna_data_01_mir/recover-20220825/UBNA_002/20220823_033000.WAV,Telephone Field,recover-20220825,002,1795
724.0085,724.0473,68437,80680,Rhinolophus ferrumequinum,0.022,0.022,-1,Echolocation,/mnt/ubna_data_01_mir/recover-20220825/UBNA_002/20220823_033000.WAV,Telephone Field,recover-20220825,002,1795
724.0355,724.0433,54687,61048,Pipistrellus pygmaeus,0.029,0.03,-1,Echolocation,/mnt/ubna_data_01_mir/recover-20220825/UBNA_002/20220823_033000.WAV,Telephone Field,recover-20220825,002,1795
724.0485,724.0564,28906,36199,Eptesicus serotinus,0.008,0.025,-1,Echolocation,/mnt/ubna_data_01_mir/recover-20220825/UBNA_002/20220823_033000.WAV,Telephone Field,recover-20220825,002,1795
724.0655,724.0732,31484,76779,Myotis brandtii,0.229,0.27,-1,Echolocation,/mnt/ubna_data_01_mir/recover-20220825/UBNA_002/20220823_033000.WAV,Telephone Field,recover-20220825,002,1795
724.0665,724.0797,53828,62550,Pipistrellus pygmaeus,0.017,0.022,-1,Echolocation,/mnt/ubna_data_01_mir/recover-20220825/UBNA_002/20220823_033000.WAV,Telephone Field,recover-20220825,002,1795
724.0675,724.0727,38359,63891,Pipistrellus nathusii,0.152,0.163,-1,Echolocation,/mnt/ubna_data_01_mir/recover-20220825/UBNA_002/20220823_033000.WAV,Telephone Field,recover-20220825,002,1795
724.0745,724.0821,37500,51984,Pipistrellus nathusii,0.021,0.034,-1,Echolocation,/mnt/ubna_data_01_mir/recover-20220825/UBNA_002/20220823_033000.WAV,Telephone Field,recover-20220825,002,1795
724.0765,724.0815,29765,42988,Myotis daubentonii,0.012,0.028,-1,Echolocation,/mnt/ubna_data_01_mir/recover-20220825/UBNA_002/20220823_033000.WAV,Telephone Field,recover-20220825,002,1795
724.1055,724.1153,25468,33685,Eptesicus serotinus,0.009,0.021,-1,Echolocation,/mnt/ubna_data_01_mir/recover-20220825/UBNA_002/20220823_033000.WAV,Telephone Field,recover-20220825,002,1795
724.1235,724.1334,28046,35628,Eptesicus serotinus,0.034,0.055,-1,Echolocation,/mnt/ubna_data_01_mir/recover-20220825/UBNA_002/20220823_033000.WAV,Telephone Field,recover-20220825,002,1795
724.1465,724.1558,50390,56264,Pipistrellus pipistrellus,0.019,0.026,-1,Echolocation,/mnt/ubna_data_01_mir/recover-20220825/UBNA_002/20220823_033000.WAV,Telephone Field,recover-20220825,002,1795
724.1495,724.1858,68437,81291,Rhinolophus ferrumequinum,0.02,0.02,-1,Echolocation,/mnt/ubna_data_01_mir/recover-20220825/UBNA_002/20220823_033000.WAV,Telephone Field,recover-20220825,002,1795
724.1525,724.1615,27187,37961,Eptesicus serotinus,0.01,0.026,-1,Echolocation,/mnt/ubna_data_01_mir/recover-20220825/UBNA_002/20220823_033000.WAV,Telephone Field,recover-20220825,002,1795
724.1875,724.195,37500,73651,Pipistrellus nathusii,0.169,0.295,-1,Echolocation,/mnt/ubna_data_01_mir/recover-20220825/UBNA_002/20220823_033000.WAV,Telephone Field,recover-20220825,002,1795
724.1885,724.1985,53828,62666,Pipistrellus pygmaeus,0.016,0.023,-1,Echolocation,/mnt/ubna_data_01_mir/recover-20220825/UBNA_002/20220823_033000.WAV,Telephone Field,recover-20220825,002,1795
724.1895,724.1976,11718,74103,Myotis brandtii,0.012,0.021,-1,Echolocation,/mnt/ubna_data_01_mir/recover-20220825/UBNA_002/20220823_033000.WAV,Telephone Field,recover-20220825,002,1795
724.1975,724.2035,37500,55163,Myotis brandtii,0.021,0.044,-1,Echolocation,/mnt/ubna_data_01_mir/recover-20220825/UBNA_002/20220823_033000.WAV,Telephone Field,recover-20220825,002,1795
724.2265,724.2673,68437,82319,Rhinolophus ferrumequinum,0.021,0.021,-1,Echolocation,/mnt/ubna_data_01_mir/recover-20220825/UBNA_002/20220823_033000.WAV,Telephone Field,recover-20220825,002,1795
724.2315,724.2423,25468,32801,Eptesicus serotinus,0.011,0.025,-1,Echolocation,/mnt/ubna_data_01_mir/recover-20220825/UBNA_002/20220823_033000.WAV,Telephone Field,recover-20220825,002,1795
724.2745,724.2838,52968,61200,Pipistrellus pipistrellus,0.011,0.026,-1,Echolocation,/mnt/ubna_data_01_mir/recover-20220825/UBNA_002/20220823_033000.WAV,Telephone Field,recover-20220825,002,1795
724.2765,724.2831,39218,69776,Pipistrellus nathusii,0.198,0.335,-1,Echolocation,/mnt/ubna_data_01_mir/recover-20220825/UBNA_002/20220823_033000.WAV,Telephone Field,recover-20220825,002,1795
724.2775,724.2852,30625,78242,Myotis brandtii,0.233,0.27,-1,Echolocation,/mnt/ubna_data_01_mir/recover-20220825/UBNA_002/20220823_033000.WAV,Telephone Field,recover-20220825,002,1795
724.2855,724.2916,38359,55166,Pipistrellus nathusii,0.023,0.043,-1,Echolocation,/mnt/ubna_data_01_mir/recover-20220825/UBNA_002/20220823_033000.WAV,Telephone Field,recover-20220825,002,1795
724.2915,724.3244,68437,81166,Rhinolophus ferrumequinum,0.021,0.021,-1,Echolocation,/mnt/ubna_data_01_mir/recover-20220825/UBNA_002/20220823_033000.WAV,Telephone Field,recover-20220825,002,1795
724.3485,724.3832,68437,81819,Rhinolophus ferrumequinum,0.023,0.023,-1,Echolocation,/mnt/ubna_data_01_mir/recover-20220825/UBNA_002/20220823_033000.WAV,Telephone Field,recover-20220825,002,1795
724.3715,724.3785,37500,71987,Pipistrellus nathusii,0.135,0.278,-1,Echolocation,/mnt/ubna_data_01_mir/recover-20220825/UBNA_002/20220823_033000.WAV,Telephone Field,recover-20220825,002,1795
724.3715,724.3798,31484,89028,Myotis brandtii,0.197,0.214,-1,Echolocation,/mnt/ubna_data_01_mir/recover-20220825/UBNA_002/20220823_033000.WAV,Telephone Field,recover-20220825,002,1795
724.3805,724.3856,34921,63829,Myotis brandtii,0.024,0.031,-1,Echolocation,/mnt/ubna_data_01_mir/recover-20220825/UBNA_002/20220823_033000.WAV,Telephone Field,recover-20220825,002,1795
724.3865,724.4183,68437,81122,Rhinolophus ferrumequinum,0.02,0.02,-1,Echolocation,/mnt/ubna_data_01_mir/recover-20220825/UBNA_002/20220823_033000.WAV,Telephone Field,recover-20220825,002,1795
724.4235,724.4659,68437,82918,Rhinolophus ferrumequinum,0.027,0.027,-1,Echolocation,/mnt/ubna_data_01_mir/recover-20220825/UBNA_002/20220823_033000.WAV,Telephone Field,recover-20220825,002,1795
724.4405,724.4779,68437,81798,Rhinolophus ferrumequinum,0.02,0.02,-1,Echolocation,/mnt/ubna_data_01_mir/recover-20220825/UBNA_002/20220823_033000.WAV,Telephone Field,recover-20220825,002,1795
724.4605,724.4706,51250,58941,Pipistrellus pipistrellus,0.019,0.039,-1,Echolocation,/mnt/ubna_data_01_mir/recover-20220825/UBNA_002/20220823_033000.WAV,Telephone Field,recover-20220825,002,1795
724.4655,724.4727,34921,75849,Myotis brandtii,0.261,0.337,-1,Echolocation,/mnt/ubna_data_01_mir/recover-20220825/UBNA_002/20220823_033000.WAV,Telephone Field,recover-20220825,002,1795
724.4745,724.4802999999999,34921,58952,Myotis brandtii,0.021,0.028,-1,Echolocation,/mnt/ubna_data_01_mir/recover-20220825/UBNA_002/20220823_033000.WAV,Telephone Field,recover-20220825,002,1795
724.5025,724.5142,34921,40061,Pipistrellus nathusii,0.013,0.023,-1,Echolocation,/mnt/ubna_data_01_mir/recover-20220825/UBNA_002/20220823_033000.WAV,Telephone Field,recover-20220825,002,1795
724.5345,724.5422,49531,59795,Pipistrellus pipistrellus,0.016,0.039,-1,Echolocation,/mnt/ubna_data_01_mir/recover-20220825/UBNA_002/20220823_033000.WAV,Telephone Field,recover-20220825,002,1795
724.5355,724.543,36640,72055,Myotis brandtii,0.324,0.407,-1,Echolocation,/mnt/ubna_data_01_mir/recover-20220825/UBNA_002/20220823_033000.WAV,Telephone Field,recover-20220825,002,1795
724.5455,724.5508,29765,48778,Myotis brandtii,0.01,0.025,-1,Echolocation,/mnt/ubna_data_01_mir/recover-20220825/UBNA_002/20220823_033000.WAV,Telephone Field,recover-20220825,002,1795
724.5455,724.5509,36640,64965,Myotis brandtii,0.023,0.03,-1,Echolocation,/mnt/ubna_data_01_mir/recover-20220825/UBNA_002/20220823_033000.WAV,Telephone Field,recover-20220825,002,1795
724.5465,724.558,55546,60496,Pipistrellus pygmaeus,0.02,0.021,-1,Echolocation,/mnt/ubna_data_01_mir/recover-20220825/UBNA_002/20220823_033000.WAV,Telephone Field,recover-20220825,002,1795
724.5955,724.6061,50390,55633,Pipistrellus pipistrellus,0.015,0.031,-1,Echolocation,/mnt/ubna_data_01_mir/recover-20220825/UBNA_002/20220823_033000.WAV,Telephone Field,recover-20220825,002,1795
724.6025,724.6104,33203,82390,Myotis brandtii,0.423,0.455,-1,Echolocation,/mnt/ubna_data_01_mir/recover-20220825/UBNA_002/20220823_033000.WAV,Telephone Field,recover-20220825,002,1795
724.6165,724.6263,26328,33739,Eptesicus serotinus,0.011,0.026,-1,Echolocation,/mnt/ubna_data_01_mir/recover-20220825/UBNA_002/20220823_033000.WAV,Telephone Field,recover-20220825,002,1795
724.6255,724.6329,27187,38482,Eptesicus serotinus,0.007,0.022,-1,Echolocation,/mnt/ubna_data_01_mir/recover-20220825/UBNA_002/20220823_033000.WAV,Telephone Field,recover-20220825,002,1795
724.6625,724.6686,34921,73214,Myotis brandtii,0.376,0.421,-1,Echolocation,/mnt/ubna_data_01_mir/recover-20220825/UBNA_002/20220823_033000.WAV,Telephone Field,recover-20220825,002,1795
724.6645,724.678,44375,52560,Pipistrellus nathusii,0.051,0.056,-1,Echolocation,/mnt/ubna_data_01_mir/recover-20220825/UBNA_002/20220823_033000.WAV,Telephone Field,recover-20220825,002,1795
724.7305,724.7377,54687,65086,Pipistrellus pygmaeus,0.026,0.026,-1,Echolocation,/mnt/ubna_data_01_mir/recover-20220825/UBNA_002/20220823_033000.WAV,Telephone Field,recover-20220825,002,1795
724.7325,724.7385,37500,68263,Myotis brandtii,0.02,0.025,-1,Echolocation,/mnt/ubna_data_01_mir/recover-20220825/UBNA_002/20220823_033000.WAV,Telephone Field,recover-20220825,002,1795
724.7425,724.7515,27187,35243,Eptesicus serotinus,0.009,0.021,-1,Echolocation,/mnt/ubna_data_01_mir/recover-20220825/UBNA_002/20220823_033000.WAV,Telephone Field,recover-20220825,002,1795
724.7655,724.7746,54687,63415,Pipistrellus pygmaeus,0.02,0.024,-1,Echolocation,/mnt/ubna_data_01_mir/recover-20220825/UBNA_002/20220823_033000.WAV,Telephone Field,recover-20220825,002,1795
724.7665,724.7739,36640,71997,Myotis brandtii,0.32,0.482,-1,Echolocation,/mnt/ubna_data_01_mir/recover-20220825/UBNA_002/20220823_033000.WAV,Telephone Field,recover-20220825,002,1795
724.7685,724.775,49531,55909,Pipistrellus pygmaeus,0.014,0.029,-1,Echolocation,/mnt/ubna_data_01_mir/recover-20220825/UBNA_002/20220823_033000.WAV,Telephone Field,recover-20220825,002,1795
724.7765,724.7822,28906,42102,Myotis daubentonii,0.011,0.026,-1,Echolocation,/mnt/ubna_data_01_mir/recover-20220825/UBNA_002/20220823_033000.WAV,Telephone Field,recover-20220825,002,1795
724.8075,724.8463,68437,82382,Rhinolophus ferrumequinum,0.022,0.022,-1,Echolocation,/mnt/ubna_data_01_mir/recover-20220825/UBNA_002/20220823_033000.WAV,Telephone Field,recover-20220825,002,1795
724.8095,724.8216,15156,20742,Nyctalus noctula,0.017,0.029,-1,Echolocation,/mnt/ubna_data_01_mir/recover-20220825/UBNA_002/20220823_033000.WAV,Telephone Field,recover-20220825,002,1795
724.8335,724.8397,40937,65298,Myotis brandtii,0.279,0.467,-1,Echolocation,/mnt/ubna_data_01_mir/recover-20220825/UBNA_002/20220823_033000.WAV,Telephone Field,recover-20220825,002,1795
724.8465,724.8555,27187,34929,Eptesicus serotinus,0.007,0.02,-1,Echolocation,/mnt/ubna_data_01_mir/recover-20220825/UBNA_002/20220823_033000.WAV,Telephone Field,recover-20220825,002,1795
724.8895,724.8954,39218,65137,Myotis brandtii,0.215,0.294,-1,Echolocation,/mnt/ubna_data_01_mir/recover-20220825/UBNA_002/20220823_033000.WAV,Telephone Field,recover-20220825,002,1795
724.8995,724.9069,27187,37145,Eptesicus serotinus,0.006,0.02,-1,Echolocation,/mnt/ubna_data_01_mir/recover-20220825/UBNA_002/20220823_033000.WAV,Telephone Field,recover-20220825,002,1795
724.9245,724.9333,28046,37170,Eptesicus serotinus,0.01,0.024,-1,Echolocation,/mnt/ubna_data_01_mir/recover-20220825/UBNA_002/20220823_033000.WAV,Telephone Field,recover-20220825,002,1795
724.9365,724.9453,50390,58802,Pipistrellus pipistrellus,0.024,0.031,-1,Echolocation,/mnt/ubna_data_01_mir/recover-20220825/UBNA_002/20220823_033000.WAV,Telephone Field,recover-20220825,002,1795
724.9365,724.9735,68437,82573,Rhinolophus ferrumequinum,0.023,0.023,-1,Echolocation,/mnt/ubna_data_01_mir/recover-20220825/UBNA_002/20220823_033000.WAV,Telephone Field,recover-20220825,002,1795
724.9715,724.9812,48671,53408,Pipistrellus pipistrellus,0.017,0.031,-1,Echolocation,/mnt/ubna_data_01_mir/recover-20220825/UBNA_002/20220823_033000.WAV,Telephone Field,recover-20220825,002,1795
724.9735,724.9802,38359,67300,Myotis brandtii,0.268,0.418,-1,Echolocation,/mnt/ubna_data_01_mir/recover-20220825/UBNA_002/20220823_033000.WAV,Telephone Field,recover-20220825,002,1795
724.9885,725.0018,15156,20349,Nyctalus noctula,0.014,0.023,-1,Echolocation,/mnt/ubna_data_01_mir/recover-20220825/UBNA_002/20220823_033000.WAV,Telephone Field,recover-20220825,002,1795
725.0145,725.0215,32343,42531,Barbastellus barbastellus,0.008,0.023,-1,Echolocation,/mnt/ubna_data_01_mir/recover-20220825/UBNA_002/20220823_033000.WAV,Telephone Field,recover-20220825,002,1795
725.0155,725.0228,27187,35999,Eptesicus serotinus,0.008,0.024,-1,Echolocation,/mnt/ubna_data_01_mir/recover-20220825/UBNA_002/20220823_033000.WAV,Telephone Field,recover-20220825,002,1795
725.0335,725.0389,31484,59974,Myotis brandtii,0.021,0.031,-1,Echolocation,/mnt/ubna_data_01_mir/recover-20220825/UBNA_002/20220823_033000.WAV,Telephone Field,recover-20220825,002,1795
725.0355,725.0456,42656,54858,Pipistrellus nathusii,0.376,0.402,-1,Echolocation,/mnt/ubna_data_01_mir/recover-20220825/UBNA_002/20220823_033000.WAV,Telephone Field,recover-20220825,002,1795
725.0395,725.0522,16875,23891,Nyctalus noctula,0.016,0.03,-1,Echolocation,/mnt/ubna_data_01_mir/recover-20220825/UBNA_002/20220823_033000.WAV,Telephone Field,recover-20220825,002,1795
725.0515,725.0869,68437,81829,Rhinolophus ferrumequinum,0.02,0.02,-1,Echolocation,/mnt/ubna_data_01_mir/recover-20220825/UBNA_002/20220823_033000.WAV,Telephone Field,recover-20220825,002,1795
725.0585,725.0964,68437,81853,Rhinolophus ferrumequinum,0.021,0.021,-1,Echolocation,/mnt/ubna_data_01_mir/recover-20220825/UBNA_002/20220823_033000.WAV,Telephone Field,recover-20220825,002,1795
725.0965,725.1027,41796,62673,Pipistrellus nathusii,0.572,0.607,-1,Echolocation,/mnt/ubna_data_01_mir/recover-20220825/UBNA_002/20220823_033000.WAV,Telephone Field,recover-20220825,002,1795
725.1045,725.1101,36640,55593,Myotis brandtii,0.013,0.02,-1,Echolocation,/mnt/ubna_data_01_mir/recover-20220825/UBNA_002/20220823_033000.WAV,Telephone Field,recover-20220825,002,1795
725.1645,725.1723,55546,68582,Pipistrellus pygmaeus,0.039,0.042,-1,Echolocation,/mnt/ubna_data_01_mir/recover-20220825/UBNA_002/20220823_033000.WAV,Telephone Field,recover-20220825,002,1795
725.1695,725.1796,42656,61444,Pipistrellus nathusii,0.139,0.183,-1,Echolocation,/mnt/ubna_data_01_mir/recover-20220825/UBNA_002/20220823_033000.WAV,Telephone Field,recover-20220825,002,1795
725.1915,725.1991,27187,37316,Eptesicus serotinus,0.011,0.028,-1,Echolocation,/mnt/ubna_data_01_mir/recover-20220825/UBNA_002/20220823_033000.WAV,Telephone Field,recover-20220825,002,1795
725.1995,725.2107,40078,45034,Pipistrellus nathusii,0.016,0.024,-1,Echolocation,/mnt/ubna_data_01_mir/recover-20220825/UBNA_002/20220823_033000.WAV,Telephone Field,recover-20220825,002,1795
725.2105,725.2465,68437,80759,Rhinolophus ferrumequinum,0.022,0.022,-1,Echolocation,/mnt/ubna_data_01_mir/recover-20220825/UBNA_002/20220823_033000.WAV,Telephone Field,recover-20220825,002,1795
725.2185,725.2252,28046,38882,Eptesicus serotinus,0.007,0.023,-1,Echolocation,/mnt/ubna_data_01_mir/recover-20220825/UBNA_002/20220823_033000.WAV,Telephone Field,recover-20220825,002,1795
725.2485,725.2563,49531,57625,Pipistrellus pipistrellus,0.02,0.037,-1,Echolocation,/mnt/ubna_data_01_mir/recover-20220825/UBNA_002/20220823_033000.WAV,Telephone Field,recover-20220825,002,1795
725.2545,725.2622,34921,74306,Myotis brandtii,0.334,0.387,-1,Echolocation,/mnt/ubna_data_01_mir/recover-20220825/UBNA_002/20220823_033000.WAV,Telephone Field,recover-20220825,002,1795
725.2565,725.2617,49531,54455,Pipistrellus pipistrellus,0.013,0.025,-1,Echolocation,/mnt/ubna_data_01_mir/recover-20220825/UBNA_002/20220823_033000.WAV,Telephone Field,recover-20220825,002,1795
725.2645,725.2702,29765,45352,Myotis brandtii,0.008,0.021,-1,Echolocation,/mnt/ubna_data_01_mir/recover-20220825/UBNA_002/20220823_033000.WAV,Telephone Field,recover-20220825,002,1795
725.3105,725.3497,68437,82054,Rhinolophus ferrumequinum,0.028,0.028,-1,Echolocation,/mnt/ubna_data_01_mir/recover-20220825/UBNA_002/20220823_033000.WAV,Telephone Field,recover-20220825,002,1795
725.3195,725.3251,40937,61701,Myotis brandtii,0.212,0.395,-1,Echolocation,/mnt/ubna_data_01_mir/recover-20220825/UBNA_002/20220823_033000.WAV,Telephone Field,recover-20220825,002,1795
725.3515,725.3878,68437,82123,Rhinolophus ferrumequinum,0.02,0.02,-1,Echolocation,/mnt/ubna_data_01_mir/recover-20220825/UBNA_002/20220823_033000.WAV,Telephone Field,recover-20220825,002,1795
725.3725,725.3815,40937,57653,Pipistrellus nathusii,0.268,0.38,-1,Echolocation,/mnt/ubna_data_01_mir/recover-20220825/UBNA_002/20220823_033000.WAV,Telephone Field,recover-20220825,002,1795
725.3905,725.4285,68437,81436,Rhinolophus ferrumequinum,0.021,0.021,-1,Echolocation,/mnt/ubna_data_01_mir/recover-20220825/UBNA_002/20220823_033000.WAV,Telephone Field,recover-20220825,002,1795
725.4245,725.4453,20312,23339,Nyctalus leisleri,0.012,0.021,-1,Echolocation,/mnt/ubna_data_01_mir/recover-20220825/UBNA_002/20220823_033000.WAV,Telephone Field,recover-20220825,002,1795
725.4435,725.4496,29765,42265,Myotis daubentonii,0.008,0.025,-1,Echolocation,/mnt/ubna_data_01_mir/recover-20220825/UBNA_002/20220823_033000.WAV,Telephone Field,recover-20220825,002,1795
725.4515,725.4606,40937,54952,Pipistrellus nathusii,0.311,0.432,-1,Echolocation,/mnt/ubna_data_01_mir/recover-20220825/UBNA_002/20220823_033000.WAV,Telephone Field,recover-20220825,002,1795
725.4545,725.4601,29765,79087,Myotis brandtii,0.032,0.04,-1,Echolocation,/mnt/ubna_data_01_mir/recover-20220825/UBNA_002/20220823_033000.WAV,Telephone Field,recover-20220825,002,1795
725.4695,725.4792,54687,60374,Pipistrellus pygmaeus,0.03,0.032,-1,Echolocation,/mnt/ubna_data_01_mir/recover-20220825/UBNA_002/20220823_033000.WAV,Telephone Field,recover-20220825,002,1795
725.4705,725.5137,68437,83369,Rhinolophus ferrumequinum,0.03,0.03,-1,Echolocation,/mnt/ubna_data_01_mir/recover-20220825/UBNA_002/20220823_033000.WAV,Telephone Field,recover-20220825,002,1795
725.5235,725.5304,34062,51936,Myotis brandtii,0.013,0.027,-1,Echolocation,/mnt/ubna_data_01_mir/recover-20220825/UBNA_002/20220823_033000.WAV,Telephone Field,recover-20220825,002,1795
725.5345,725.5431,43515,51346,Pipistrellus nathusii,0.071,0.103,-1,Echolocation,/mnt/ubna_data_01_mir/recover-20220825/UBNA_002/20220823_033000.WAV,Telephone Field,recover-20220825,002,1795
725.5845,725.6244,68437,82373,Rhinolophus ferrumequinum,0.022,0.022,-1,Echolocation,/mnt/ubna_data_01_mir/recover-20220825/UBNA_002/20220823_033000.WAV,Telephone Field,recover-20220825,002,1795
725.5945,725.6056,41796,49793,Pipistrellus nathusii,0.284,0.324,-1,Echolocation,/mnt/ubna_data_01_mir/recover-20220825/UBNA_002/20220823_033000.WAV,Telephone Field,recover-20220825,002,1795
725.6085,725.6159,55546,64213,Pipistrellus pygmaeus,0.021,0.022,-1,Echolocation,/mnt/ubna_data_01_mir/recover-20220825/UBNA_002/20220823_033000.WAV,Telephone Field,recover-20220825,002,1795
725.6335,725.6437,37500,45644,Pipistrellus nathusii,0.013,0.025,-1,Echolocation,/mnt/ubna_data_01_mir/recover-20220825/UBNA_002/20220823_033000.WAV,Telephone Field,recover-20220825,002,1795
725.6405,725.6477,44375,58476,Pipistrellus nathusii,0.017,0.041,-1,Echolocation,/mnt/ubna_data_01_mir/recover-20220825/UBNA_002/20220823_033000.WAV,Telephone Field,recover-20220825,002,1795
725.6495,725.6827,68437,81319,Rhinolophus ferrumequinum,0.024,0.025,-1,Echolocation,/mnt/ubna_data_01_mir/recover-20220825/UBNA_002/20220823_033000.WAV,Telephone Field,recover-20220825,002,1795
725.6515,725.6618,40078,45230,Pipistrellus nathusii,0.012,0.02,-1,Echolocation,/mnt/ubna_data_01_mir/recover-20220825/UBNA_002/20220823_033000.WAV,Telephone Field,recover-20220825,002,1795
725.6535,725.6629,15156,20839,Plecotus auritus,0.008,0.021,-1,Echolocation,/mnt/ubna_data_01_mir/recover-20220825/UBNA_002/20220823_033000.WAV,Telephone Field,recover-20220825,002,1795
725.6645,725.6706,29765,65315,Myotis brandtii,0.016,0.024,-1,Echolocation,/mnt/ubna_data_01_mir/recover-20220825/UBNA_002/20220823_033000.WAV,Telephone Field,recover-20220825,002,1795
725.6645,725.6741,42656,51190,Pipistrellus nathusii,0.025,0.038,-1,Echolocation,/mnt/ubna_data_01_mir/recover-20220825/UBNA_002/20220823_033000.WAV,Telephone Field,recover-20220825,002,1795
725.6795,725.7176,68437,82917,Rhinolophus ferrumequinum,0.026,0.026,-1,Echolocation,/mnt/ubna_data_01_mir/recover-20220825/UBNA_002/20220823_033000.WAV,Telephone Field,recover-20220825,002,1795
725.6835,725.694,39218,44451,Pipistrellus nathusii,0.023,0.033,-1,Echolocation,/mnt/ubna_data_01_mir/recover-20220825/UBNA_002/20220823_033000.WAV,Telephone Field,recover-20220825,002,1795
725.6975,725.706,51250,56858,Pipistrellus pipistrellus,0.018,0.024,-1,Echolocation,/mnt/ubna_data_01_mir/recover-20220825/UBNA_002/20220823_033000.WAV,Telephone Field,recover-20220825,002,1795
725.7365,725.7467,40078,48582,Pipistrellus nathusii,0.38,0.429,-1,Echolocation,/mnt/ubna_data_01_mir/recover-20220825/UBNA_002/20220823_033000.WAV,Telephone Field,recover-20220825,002,1795
725.7655,725.8025,68437,82048,Rhinolophus ferrumequinum,0.021,0.021,-1,Echolocation,/mnt/ubna_data_01_mir/recover-20220825/UBNA_002/20220823_033000.WAV,Telephone Field,recover-20220825,002,1795
725.7995,725.8092,44375,54515,Pipistrellus nathusii,0.018,0.049,-1,Echolocation,/mnt/ubna_data_01_mir/recover-20220825/UBNA_002/20220823_033000.WAV,Telephone Field,recover-20220825,002,1795
725.8005,725.8415,68437,82669,Rhinolophus ferrumequinum,0.03,0.03,-1,Echolocation,/mnt/ubna_data_01_mir/recover-20220825/UBNA_002/20220823_033000.WAV,Telephone Field,recover-20220825,002,1795
725.8205,725.8366,16015,21619,Nyctalus noctula,0.015,0.023,-1,Echolocation,/mnt/ubna_data_01_mir/recover-20220825/UBNA_002/20220823_033000.WAV,Telephone Field,recover-20220825,002,1795
725.8245,725.8609,68437,81361,Rhinolophus ferrumequinum,0.021,0.021,-1,Echolocation,/mnt/ubna_data_01_mir/recover-20220825/UBNA_002/20220823_033000.WAV,Telephone Field,recover-20220825,002,1795
725.8375,725.8446,40937,55020,Myotis brandtii,0.011,0.02,-1,Echolocation,/mnt/ubna_data_01_mir/recover-20220825/UBNA_002/20220823_033000.WAV,Telephone Field,recover-20220825,002,1795
725.8575,725.897,68437,82749,Rhinolophus ferrumequinum,0.021,0.021,-1,Echolocation,/mnt/ubna_data_01_mir/recover-20220825/UBNA_002/20220823_033000.WAV,Telephone Field,recover-20220825,002,1795
725.8575,725.8659,27187,39728,Eptesicus serotinus,0.008,0.02,-1,Echolocation,/mnt/ubna_data_01_mir/recover-20220825/UBNA_002/20220823_033000.WAV,Telephone Field,recover-20220825,002,1795
725.8775,725.8863,40078,46661,Pipistrellus nathusii,0.029,0.045,-1,Echolocation,/mnt/ubna_data_01_mir/recover-20220825/UBNA_002/20220823_033000.WAV,Telephone Field,recover-20220825,002,1795
725.9135,725.9198,30625,60189,Myotis brandtii,0.016,0.028,-1,Echolocation,/mnt/ubna_data_01_mir/recover-20220825/UBNA_002/20220823_033000.WAV,Telephone Field,recover-20220825,002,1795
725.9155,725.9275,41796,48050,Pipistrellus nathusii,0.389,0.425,-1,Echolocation,/mnt/ubna_data_01_mir/recover-20220825/UBNA_002/20220823_033000.WAV,Telephone Field,recover-20220825,002,1795
725.9495,725.9884,68437,82036,Rhinolophus ferrumequinum,0.021,0.021,-1,Echolocation,/mnt/ubna_data_01_mir/recover-20220825/UBNA_002/20220823_033000.WAV,Telephone Field,recover-20220825,002,1795
725.9765,725.9836,49531,57129,Pipistrellus pipistrellus,0.019,0.024,-1,Echolocation,/mnt/ubna_data_01_mir/recover-20220825/UBNA_002/20220823_033000.WAV,Telephone Field,recover-20220825,002,1795
726.0015,726.0089,46093,53069,Pipistrellus pipistrellus,0.019,0.029,-1,Echolocation,/mnt/ubna_data_01_mir/recover-20220825/UBNA_002/20220823_033000.WAV,Telephone Field,recover-20220825,002,1795
726.0015,726.0094,24609,34728,Nyctalus leisleri,0.005,0.025,-1,Echolocation,/mnt/ubna_data_01_mir/recover-20220825/UBNA_002/20220823_033000.WAV,Telephone Field,recover-20220825,002,1795
726.0015,726.031,69296,81647,Rhinolophus ferrumequinum,0.05,0.05,-1,Echolocation,/mnt/ubna_data_01_mir/recover-20220825/UBNA_002/20220823_033000.WAV,Telephone Field,recover-20220825,002,1795
726.0015,726.0094,39218,50017,Myotis brandtii,0.009,0.026,-1,Echolocation,/mnt/ubna_data_01_mir/recover-20220825/UBNA_002/20220823_033000.WAV,Telephone Field,recover-20220825,002,1795
726.0355,726.0432,26328,36788,Eptesicus serotinus,0.008,0.025,-1,Echolocation,/mnt/ubna_data_01_mir/recover-20220825/UBNA_002/20220823_033000.WAV,Telephone Field,recover-20220825,002,1795
726.0495,726.0606,23750,29295,Nyctalus leisleri,0.01,0.024,-1,Echolocation,/mnt/ubna_data_01_mir/recover-20220825/UBNA_002/20220823_033000.WAV,Telephone Field,recover-20220825,002,1795
726.0825,726.1168,68437,80801,Rhinolophus ferrumequinum,0.022,0.022,-1,Echolocation,/mnt/ubna_data_01_mir/recover-20220825/UBNA_002/20220823_033000.WAV,Telephone Field,recover-20220825,002,1795
726.0995,726.1078,40078,50664,Pipistrellus nathusii,0.18,0.251,-1,Echolocation,/mnt/ubna_data_01_mir/recover-20220825/UBNA_002/20220823_033000.WAV,Telephone Field,recover-20220825,002,1795
726.0995,726.1065,28046,46244,Myotis daubentonii,0.016,0.036,-1,Echolocation,/mnt/ubna_data_01_mir/recover-20220825/UBNA_002/20220823_033000.WAV,Telephone Field,recover-20220825,002,1795
726.1375,726.1499,22890,28055,Nyctalus leisleri,0.009,0.023,-1,Echolocation,/mnt/ubna_data_01_mir/recover-20220825/UBNA_002/20220823_033000.WAV,Telephone Field,recover-20220825,002,1795
726.1765,726.1837,27187,38039,Eptesicus serotinus,0.008,0.027,-1,Echolocation,/mnt/ubna_data_01_mir/recover-20220825/UBNA_002/20220823_033000.WAV,Telephone Field,recover-20220825,002,1795
726.1945,726.205,39218,44864,Pipistrellus nathusii,0.035,0.045,-1,Echolocation,/mnt/ubna_data_01_mir/recover-20220825/UBNA_002/20220823_033000.WAV,Telephone Field,recover-20220825,002,1795
726.2825,726.2895,39218,51647,Pipistrellus nathusii,0.117,0.229,-1,Echolocation,/mnt/ubna_data_01_mir/recover-20220825/UBNA_002/20220823_033000.WAV,Telephone Field,recover-20220825,002,1795
726.3615,726.3695,27187,37462,Eptesicus serotinus,0.007,0.022,-1,Echolocation,/mnt/ubna_data_01_mir/recover-20220825/UBNA_002/20220823_033000.WAV,Telephone Field,recover-20220825,002,1795
726.3845,726.3927,26328,36265,Eptesicus serotinus,0.008,0.022,-1,Echolocation,/mnt/ubna_data_01_mir/recover-20220825/UBNA_002/20220823_033000.WAV,Telephone Field,recover-20220825,002,1795
726.3905,726.399,40937,47141,Pipistrellus nathusii,0.142,0.165,-1,Echolocation,/mnt/ubna_data_01_mir/recover-20220825/UBNA_002/20220823_033000.WAV,Telephone Field,recover-20220825,002,1795
726.3915,726.4313,68437,82790,Rhinolophus ferrumequinum,0.024,0.024,-1,Echolocation,/mnt/ubna_data_01_mir/recover-20220825/UBNA_002/20220823_033000.WAV,Telephone Field,recover-20220825,002,1795
726.3995,726.4078,26328,34698,Eptesicus serotinus,0.008,0.024,-1,Echolocation,/mnt/ubna_data_01_mir/recover-20220825/UBNA_002/20220823_033000.WAV,Telephone Field,recover-20220825,002,1795
726.4235,726.4581,68437,81223,Rhinolophus ferrumequinum,0.024,0.024,-1,Echolocation,/mnt/ubna_data_01_mir/recover-20220825/UBNA_002/20220823_033000.WAV,Telephone Field,recover-20220825,002,1795
726.4255,726.4343,26328,39083,Eptesicus serotinus,0.008,0.022,-1,Echolocation,/mnt/ubna_data_01_mir/recover-20220825/UBNA_002/20220823_033000.WAV,Telephone Field,recover-20220825,002,1795
726.4335,726.442,27187,36679,Eptesicus serotinus,0.008,0.023,-1,Echolocation,/mnt/ubna_data_01_mir/recover-20220825/UBNA_002/20220823_033000.WAV,Telephone Field,recover-20220825,002,1795
726.4575,726.4668,25468,31883,Eptesicus serotinus,0.01,0.025,-1,Echolocation,/mnt/ubna_data_01_mir/recover-20220825/UBNA_002/20220823_033000.WAV,Telephone Field,recover-20220825,002,1795
726.4695,726.4757,13437,28365,Barbastellus barbastellus,0.018,0.023,-1,Echolocation,/mnt/ubna_data_01_mir/recover-20220825/UBNA_002/20220823_033000.WAV,Telephone Field,recover-20220825,002,1795
726.4695,726.4755,39218,52119,Pipistrellus nathusii,0.182,0.397,-1,Echolocation,/mnt/ubna_data_01_mir/recover-20220825/UBNA_002/20220823_033000.WAV,Telephone Field,recover-20220825,002,1795
726.5505,726.5554,38359,51466,Pipistrellus nathusii,0.236,0.512,-1,Echolocation,/mnt/ubna_data_01_mir/recover-20220825/UBNA_002/20220823_033000.WAV,Telephone Field,recover-20220825,002,1795
726.5655,726.6037,68437,82300,Rhinolophus ferrumequinum,0.023,0.024,-1,Echolocation,/mnt/ubna_data_01_mir/recover-20220825/UBNA_002/20220823_033000.WAV,Telephone Field,recover-20220825,002,1795
726.5905,726.5982,26328,39797,Eptesicus serotinus,0.007,0.022,-1,Echolocation,/mnt/ubna_data_01_mir/recover-20220825/UBNA_002/20220823_033000.WAV,Telephone Field,recover-20220825,002,1795
726.6045,726.6132,40937,48205,Pipistrellus nathusii,0.01,0.023,-1,Echolocation,/mnt/ubna_data_01_mir/recover-20220825/UBNA_002/20220823_033000.WAV,Telephone Field,recover-20220825,002,1795
726.6045,726.6204,16015,21633,Nyctalus noctula,0.015,0.023,-1,Echolocation,/mnt/ubna_data_01_mir/recover-20220825/UBNA_002/20220823_033000.WAV,Telephone Field,recover-20220825,002,1795
726.6185,726.6262,40937,49168,Pipistrellus nathusii,0.015,0.036,-1,Echolocation,/mnt/ubna_data_01_mir/recover-20220825/UBNA_002/20220823_033000.WAV,Telephone Field,recover-20220825,002,1795
726.6185,726.625,29765,46741,Myotis daubentonii,0.01,0.024,-1,Echolocation,/mnt/ubna_data_01_mir/recover-20220825/UBNA_002/20220823_033000.WAV,Telephone Field,recover-20220825,002,1795
726.6255,726.6611,68437,81880,Rhinolophus ferrumequinum,0.03,0.03,-1,Echolocation,/mnt/ubna_data_01_mir/recover-20220825/UBNA_002/20220823_033000.WAV,Telephone Field,recover-20220825,002,1795
726.6665,726.7045,68437,82112,Rhinolophus ferrumequinum,0.022,0.022,-1,Echolocation,/mnt/ubna_data_01_mir/recover-20220825/UBNA_002/20220823_033000.WAV,Telephone Field,recover-20220825,002,1795
726.6815,726.6876,39218,52263,Pipistrellus nathusii,0.254,0.519,-1,Echolocation,/mnt/ubna_data_01_mir/recover-20220825/UBNA_002/20220823_033000.WAV,Telephone Field,recover-20220825,002,1795
726.6835,726.6905,49531,53506,Pipistrellus pipistrellus,0.013,0.024,-1,Echolocation,/mnt/ubna_data_01_mir/recover-20220825/UBNA_002/20220823_033000.WAV,Telephone Field,recover-20220825,002,1795
726.6905,726.696,28906,38994,Myotis daubentonii,0.014,0.026,-1,Echolocation,/mnt/ubna_data_01_mir/recover-20220825/UBNA_002/20220823_033000.WAV,Telephone Field,recover-20220825,002,1795
726.7365,726.7436,25468,39929,Eptesicus serotinus,0.007,0.024,-1,Echolocation,/mnt/ubna_data_01_mir/recover-20220825/UBNA_002/20220823_033000.WAV,Telephone Field,recover-20220825,002,1795
726.7705,726.7773,40078,48756,Pipistrellus nathusii,0.01,0.032,-1,Echolocation,/mnt/ubna_data_01_mir/recover-20220825/UBNA_002/20220823_033000.WAV,Telephone Field,recover-20220825,002,1795
726.7705,726.777,34062,46381,Myotis daubentonii,0.013,0.04,-1,Echolocation,/mnt/ubna_data_01_mir/recover-20220825/UBNA_002/20220823_033000.WAV,Telephone Field,recover-20220825,002,1795
726.8055,726.8143,27187,38854,Eptesicus serotinus,0.008,0.022,-1,Echolocation,/mnt/ubna_data_01_mir/recover-20220825/UBNA_002/20220823_033000.WAV,Telephone Field,recover-20220825,002,1795
726.8205,726.8289,27187,35597,Eptesicus serotinus,0.009,0.023,-1,Echolocation,/mnt/ubna_data_01_mir/recover-20220825/UBNA_002/20220823_033000.WAV,Telephone Field,recover-20220825,002,1795
726.8235,726.8323,57265,65044,Pipistrellus pygmaeus,0.024,0.025,-1,Echolocation,/mnt/ubna_data_01_mir/recover-20220825/UBNA_002/20220823_033000.WAV,Telephone Field,recover-20220825,002,1795
726.8245,726.8631,68437,81685,Rhinolophus ferrumequinum,0.023,0.023,-1,Echolocation,/mnt/ubna_data_01_mir/recover-20220825/UBNA_002/20220823_033000.WAV,Telephone Field,recover-20220825,002,1795
726.8545,726.8604,38359,50254,Pipistrellus nathusii,0.241,0.434,-1,Echolocation,/mnt/ubna_data_01_mir/recover-20220825/UBNA_002/20220823_033000.WAV,Telephone Field,recover-20220825,002,1795
726.8645,726.8705,29765,39831,Myotis daubentonii,0.013,0.025,-1,Echolocation,/mnt/ubna_data_01_mir/recover-20220825/UBNA_002/20220823_033000.WAV,Telephone Field,recover-20220825,002,1795
726.8725,726.91,68437,82248,Rhinolophus ferrumequinum,0.026,0.026,-1,Echolocation,/mnt/ubna_data_01_mir/recover-20220825/UBNA_002/20220823_033000.WAV,Telephone Field,recover-20220825,002,1795
726.9185,726.9247,41796,55548,Myotis brandtii,0.011,0.03,-1,Echolocation,/mnt/ubna_data_01_mir/recover-20220825/UBNA_002/20220823_033000.WAV,Telephone Field,recover-20220825,002,1795
726.9185,726.9244,35781,60088,Myotis brandtii,0.013,0.023,-1,Echolocation,/mnt/ubna_data_01_mir/recover-20220825/UBNA_002/20220823_033000.WAV,Telephone Field,recover-20220825,002,1795
726.9225,726.9306,26328,36026,Eptesicus serotinus,0.007,0.022,-1,Echolocation,/mnt/ubna_data_01_mir/recover-20220825/UBNA_002/20220823_033000.WAV,Telephone Field,recover-20220825,002,1795
726.9425,726.9812,68437,82039,Rhinolophus ferrumequinum,0.023,0.023,-1,Echolocation,/mnt/ubna_data_01_mir/recover-20220825/UBNA_002/20220823_033000.WAV,Telephone Field,recover-20220825,002,1795
726.9475,726.9532,37500,51970,Myotis brandtii,0.033,0.09,-1,Echolocation,/mnt/ubna_data_01_mir/recover-20220825/UBNA_002/20220823_033000.WAV,Telephone Field,recover-20220825,002,1795
726.9655,726.9726,50390,56254,Pipistrellus pipistrellus,0.023,0.028,-1,Echolocation,/mnt/ubna_data_01_mir/recover-20220825/UBNA_002/20220823_033000.WAV,Telephone Field,recover-20220825,002,1795
727.0005,727.0364,68437,81201,Rhinolophus ferrumequinum,0.027,0.027,-1,Echolocation,/mnt/ubna_data_01_mir/recover-20220825/UBNA_002/20220823_033000.WAV,Telephone Field,recover-20220825,002,1795
727.0075,727.0151,38359,48344,Pipistrellus nathusii,0.317,0.509,-1,Echolocation,/mnt/ubna_data_01_mir/recover-20220825/UBNA_002/20220823_033000.WAV,Telephone Field,recover-20220825,002,1795
727.0725,727.0786,38359,49098,Pipistrellus nathusii,0.282,0.444,-1,Echolocation,/mnt/ubna_data_01_mir/recover-20220825/UBNA_002/20220823_033000.WAV,Telephone Field,recover-20220825,002,1795
727.0825,727.0895,25468,33639,Eptesicus serotinus,0.006,0.025,-1,Echolocation,/mnt/ubna_data_01_mir/recover-20220825/UBNA_002/20220823_033000.WAV,Telephone Field,recover-20220825,002,1795
727.0825,727.0881,31484,46600,Myotis daubentonii,0.015,0.025,-1,Echolocation,/mnt/ubna_data_01_mir/recover-20220825/UBNA_002/20220823_033000.WAV,Telephone Field,recover-20220825,002,1795
727.1065,727.1169,28046,35541,Eptesicus serotinus,0.011,0.024,-1,Echolocation,/mnt/ubna_data_01_mir/recover-20220825/UBNA_002/20220823_033000.WAV,Telephone Field,recover-20220825,002,1795
727.1275,727.1342,38359,52106,Myotis brandtii,0.01,0.026,-1,Echolocation,/mnt/ubna_data_01_mir/recover-20220825/UBNA_002/20220823_033000.WAV,Telephone Field,recover-20220825,002,1795
727.1485,727.1572,41796,46885,Pipistrellus nathusii,0.022,0.036,-1,Echolocation,/mnt/ubna_data_01_mir/recover-20220825/UBNA_002/20220823_033000.WAV,Telephone Field,recover-20220825,002,1795
727.2025,727.2408,68437,82057,Rhinolophus ferrumequinum,0.022,0.022,-1,Echolocation,/mnt/ubna_data_01_mir/recover-20220825/UBNA_002/20220823_033000.WAV,Telephone Field,recover-20220825,002,1795
727.2365,727.2422,37500,48150,Pipistrellus nathusii,0.353,0.542,-1,Echolocation,/mnt/ubna_data_01_mir/recover-20220825/UBNA_002/20220823_033000.WAV,Telephone Field,recover-20220825,002,1795
727.2455,727.2537,25468,32369,Eptesicus serotinus,0.007,0.024,-1,Echolocation,/mnt/ubna_data_01_mir/recover-20220825/UBNA_002/20220823_033000.WAV,Telephone Field,recover-20220825,002,1795
727.2665,727.2757,28046,36013,Eptesicus serotinus,0.01,0.024,-1,Echolocation,/mnt/ubna_data_01_mir/recover-20220825/UBNA_002/20220823_033000.WAV,Telephone Field,recover-20220825,002,1795
727.2805,727.2909,28046,35660,Eptesicus serotinus,0.017,0.031,-1,Echolocation,/mnt/ubna_data_01_mir/recover-20220825/UBNA_002/20220823_033000.WAV,Telephone Field,recover-20220825,002,1795
727.3025,727.3089,35781,51510,Myotis brandtii,0.011,0.026,-1,Echolocation,/mnt/ubna_data_01_mir/recover-20220825/UBNA_002/20220823_033000.WAV,Telephone Field,recover-20220825,002,1795
727.3275,727.3332,38359,49343,Pipistrellus nathusii,0.323,0.448,-1,Echolocation,/mnt/ubna_data_01_mir/recover-20220825/UBNA_002/20220823_033000.WAV,Telephone Field,recover-20220825,002,1795
727.3355,727.3421,25468,34386,Eptesicus serotinus,0.006,0.024,-1,Echolocation,/mnt/ubna_data_01_mir/recover-20220825/UBNA_002/20220823_033000.WAV,Telephone Field,recover-20220825,002,1795
727.3795,727.3886,29765,37897,Eptesicus serotinus,0.049,0.091,-1,Echolocation,/mnt/ubna_data_01_mir/recover-20220825/UBNA_002/20220823_033000.WAV,Telephone Field,recover-20220825,002,1795
727.3805,727.4238,68437,82699,Rhinolophus ferrumequinum,0.03,0.03,-1,Echolocation,/mnt/ubna_data_01_mir/recover-20220825/UBNA_002/20220823_033000.WAV,Telephone Field,recover-20220825,002,1795
727.3975,727.4061,26328,36966,Eptesicus serotinus,0.009,0.023,-1,Echolocation,/mnt/ubna_data_01_mir/recover-20220825/UBNA_002/20220823_033000.WAV,Telephone Field,recover-20220825,002,1795
727.3985,727.4065,30625,40839,Myotis daubentonii,0.006,0.022,-1,Echolocation,/mnt/ubna_data_01_mir/recover-20220825/UBNA_002/20220823_033000.WAV,Telephone Field,recover-20220825,002,1795
727.4215,727.4282,40078,49278,Pipistrellus nathusii,0.318,0.508,-1,Echolocation,/mnt/ubna_data_01_mir/recover-20220825/UBNA_002/20220823_033000.WAV,Telephone Field,recover-20220825,002,1795
727.4545,727.4618,27187,37723,Eptesicus serotinus,0.008,0.024,-1,Echolocation,/mnt/ubna_data_01_mir/recover-20220825/UBNA_002/20220823_033000.WAV,Telephone Field,recover-20220825,002,1795
727.5105,727.5262,15156,20509,Nyctalus noctula,0.017,0.027,-1,Echolocation,/mnt/ubna_data_01_mir/recover-20220825/UBNA_002/20220823_033000.WAV,Telephone Field,recover-20220825,002,1795
727.5155,727.522,38359,48634,Pipistrellus nathusii,0.362,0.522,-1,Echolocation,/mnt/ubna_data_01_mir/recover-20220825/UBNA_002/20220823_033000.WAV,Telephone Field,recover-20220825,002,1795
727.5695,727.5761,47812,52336,Pipistrellus pipistrellus,0.023,0.028,-1,Echolocation,/mnt/ubna_data_01_mir/recover-20220825/UBNA_002/20220823_033000.WAV,Telephone Field,recover-20220825,002,1795
727.5935,727.6006,27187,37842,Eptesicus serotinus,0.007,0.023,-1,Echolocation,/mnt/ubna_data_01_mir/recover-20220825/UBNA_002/20220823_033000.WAV,Telephone Field,recover-20220825,002,1795
727.6165,727.6275,23750,28897,Nyctalus leisleri,0.014,0.031,-1,Echolocation,/mnt/ubna_data_01_mir/recover-20220825/UBNA_002/20220823_033000.WAV,Telephone Field,recover-20220825,002,1795
727.6285,727.6647,68437,81986,Rhinolophus ferrumequinum,0.024,0.024,-1,Echolocation,/mnt/ubna_data_01_mir/recover-20220825/UBNA_002/20220823_033000.WAV,Telephone Field,recover-20220825,002,1795
727.6585,727.6673,26328,34541,Eptesicus serotinus,0.009,0.022,-1,Echolocation,/mnt/ubna_data_01_mir/recover-20220825/UBNA_002/20220823_033000.WAV,Telephone Field,recover-20220825,002,1795
727.6685,727.6747,31484,41587,Myotis daubentonii,0.009,0.024,-1,Echolocation,/mnt/ubna_data_01_mir/recover-20220825/UBNA_002/20220823_033000.WAV,Telephone Field,recover-20220825,002,1795
727.7025,727.709,40078,48482,Pipistrellus nathusii,0.217,0.377,-1,Echolocation,/mnt/ubna_data_01_mir/recover-20220825/UBNA_002/20220823_033000.WAV,Telephone Field,recover-20220825,002,1795
727.7125,727.7226,27187,33544,Eptesicus serotinus,0.011,0.032,-1,Echolocation,/mnt/ubna_data_01_mir/recover-20220825/UBNA_002/20220823_033000.WAV,Telephone Field,recover-20220825,002,1795
727.7385,727.747,41796,48958,Pipistrellus nathusii,0.012,0.027,-1,Echolocation,/mnt/ubna_data_01_mir/recover-20220825/UBNA_002/20220823_033000.WAV,Telephone Field,recover-20220825,002,1795
727.7425,727.7513,26328,34972,Eptesicus serotinus,0.011,0.029,-1,Echolocation,/mnt/ubna_data_01_mir/recover-20220825/UBNA_002/20220823_033000.WAV,Telephone Field,recover-20220825,002,1795
727.7535,727.7612,53828,60733,Pipistrellus pygmaeus,0.024,0.026,-1,Echolocation,/mnt/ubna_data_01_mir/recover-20220825/UBNA_002/20220823_033000.WAV,Telephone Field,recover-20220825,002,1795
727.7535,727.7607,35781,49729,Myotis brandtii,0.009,0.023,-1,Echolocation,/mnt/ubna_data_01_mir/recover-20220825/UBNA_002/20220823_033000.WAV,Telephone Field,recover-20220825,002,1795
727.7705,727.7788,27187,38543,Eptesicus serotinus,0.008,0.022,-1,Echolocation,/mnt/ubna_data_01_mir/recover-20220825/UBNA_002/20220823_033000.WAV,Telephone Field,recover-20220825,002,1795
727.7715,727.8079,68437,82330,Rhinolophus ferrumequinum,0.022,0.022,-1,Echolocation,/mnt/ubna_data_01_mir/recover-20220825/UBNA_002/20220823_033000.WAV,Telephone Field,recover-20220825,002,1795
727.7795,727.79,33203,38709,Pipistrellus nathusii,0.015,0.034,-1,Echolocation,/mnt/ubna_data_01_mir/recover-20220825/UBNA_002/20220823_033000.WAV,Telephone Field,recover-20220825,002,1795
727.8335,727.8423,27187,38976,Eptesicus serotinus,0.009,0.023,-1,Echolocation,/mnt/ubna_data_01_mir/recover-20220825/UBNA_002/20220823_033000.WAV,Telephone Field,recover-20220825,002,1795
727.8425,727.8518,24609,32828,Eptesicus serotinus,0.008,0.024,-1,Echolocation,/mnt/ubna_data_01_mir/recover-20220825/UBNA_002/20220823_033000.WAV,Telephone Field,recover-20220825,002,1795
727.8685,727.8782,28046,36497,Eptesicus serotinus,0.012,0.025,-1,Echolocation,/mnt/ubna_data_01_mir/recover-20220825/UBNA_002/20220823_033000.WAV,Telephone Field,recover-20220825,002,1795
727.8745,727.9099,68437,81183,Rhinolophus ferrumequinum,0.025,0.025,-1,Echolocation,/mnt/ubna_data_01_mir/recover-20220825/UBNA_002/20220823_033000.WAV,Telephone Field,recover-20220825,002,1795
727.8905,727.8993,40937,45594,Pipistrellus nathusii,0.02,0.032,-1,Echolocation,/mnt/ubna_data_01_mir/recover-20220825/UBNA_002/20220823_033000.WAV,Telephone Field,recover-20220825,002,1795
727.8965,727.905,27187,36006,Eptesicus serotinus,0.009,0.022,-1,Echolocation,/mnt/ubna_data_01_mir/recover-20220825/UBNA_002/20220823_033000.WAV,Telephone Field,recover-20220825,002,1795
727.9075,727.9427,68437,81325,Rhinolophus ferrumequinum,0.023,0.023,-1,Echolocation,/mnt/ubna_data_01_mir/recover-20220825/UBNA_002/20220823_033000.WAV,Telephone Field,recover-20220825,002,1795
727.9225,727.9365,22031,26018,Nyctalus leisleri,0.014,0.026,-1,Echolocation,/mnt/ubna_data_01_mir/recover-20220825/UBNA_002/20220823_033000.WAV,Telephone Field,recover-20220825,002,1795
727.9265,727.9324,40937,55793,Myotis brandtii,0.013,0.032,-1,Echolocation,/mnt/ubna_data_01_mir/recover-20220825/UBNA_002/20220823_033000.WAV,Telephone Field,recover-20220825,002,1795
727.9425,727.9505,38359,47204,Myotis brandtii,0.007,0.022,-1,Echolocation,/mnt/ubna_data_01_mir/recover-20220825/UBNA_002/20220823_033000.WAV,Telephone Field,recover-20220825,002,1795
727.9695,727.9778,42656,47918,Pipistrellus nathusii,0.037,0.06,-1,Echolocation,/mnt/ubna_data_01_mir/recover-20220825/UBNA_002/20220823_033000.WAV,Telephone Field,recover-20220825,002,1795
727.9875,727.9961,26328,37669,Eptesicus serotinus,0.011,0.027,-1,Echolocation,/mnt/ubna_data_01_mir/recover-20220825/UBNA_002/20220823_033000.WAV,Telephone Field,recover-20220825,002,1795
728.0015,728.0136,20312,25148,Nyctalus leisleri,0.01,0.024,-1,Echolocation,/mnt/ubna_data_01_mir/recover-20220825/UBNA_002/20220823_033000.WAV,Telephone Field,recover-20220825,002,1795
728.0015,728.0354,69296,81199,Rhinolophus ferrumequinum,0.035,0.035,-1,Echolocation,/mnt/ubna_data_01_mir/recover-20220825/UBNA_002/20220823_033000.WAV,Telephone Field,recover-20220825,002,1795
728.0015,728.0144,47812,52877,Pipistrellus pipistrellus,0.021,0.028,-1,Echolocation,/mnt/ubna_data_01_mir/recover-20220825/UBNA_002/20220823_033000.WAV,Telephone Field,recover-20220825,002,1795
728.0015,728.0102,26328,35967,Eptesicus serotinus,0.007,0.024,-1,Echolocation,/mnt/ubna_data_01_mir/recover-20220825/UBNA_002/20220823_033000.WAV,Telephone Field,recover-20220825,002,1795
728.0185,728.056,68437,82099,Rhinolophus ferrumequinum,0.021,0.021,-1,Echolocation,/mnt/ubna_data_01_mir/recover-20220825/UBNA_002/20220823_033000.WAV,Telephone Field,recover-20220825,002,1795
728.0325,728.0729,68437,81967,Rhinolophus ferrumequinum,0.021,0.021,-1,Echolocation,/mnt/ubna_data_01_mir/recover-20220825/UBNA_002/20220823_033000.WAV,Telephone Field,recover-20220825,002,1795
728.0895,728.0967,28046,38690,Eptesicus serotinus,0.007,0.025,-1,Echolocation,/mnt/ubna_data_01_mir/recover-20220825/UBNA_002/20220823_033000.WAV,Telephone Field,recover-20220825,002,1795
728.1165,728.1527,68437,81860,Rhinolophus ferrumequinum,0.023,0.023,-1,Echolocation,/mnt/ubna_data_01_mir/recover-20220825/UBNA_002/20220823_033000.WAV,Telephone Field,recover-20220825,002,1795
728.1355,728.1695,68437,81278,Rhinolophus ferrumequinum,0.022,0.022,-1,Echolocation,/mnt/ubna_data_01_mir/recover-20220825/UBNA_002/20220823_033000.WAV,Telephone Field,recover-20220825,002,1795
728.1585,728.1651,24609,36208,Plecotus austriacus,0.007,0.021,-1,Echolocation,/mnt/ubna_data_01_mir/recover-20220825/UBNA_002/20220823_033000.WAV,Telephone Field,recover-20220825,002,1795
728.1775,728.218,68437,82365,Rhinolophus ferrumequinum,0.025,0.025,-1,Echolocation,/mnt/ubna_data_01_mir/recover-20220825/UBNA_002/20220823_033000.WAV,Telephone Field,recover-20220825,002,1795
728.1865,728.1939,24609,34068,Plecotus austriacus,0.009,0.025,-1,Echolocation,/mnt/ubna_data_01_mir/recover-20220825/UBNA_002/20220823_033000.WAV,Telephone Field,recover-20220825,002,1795
728.2155,728.223,26328,40486,Eptesicus serotinus,0.007,0.022,-1,Echolocation,/mnt/ubna_data_01_mir/recover-20220825/UBNA_002/20220823_033000.WAV,Telephone Field,recover-20220825,002,1795
728.2345,728.2734,68437,82018,Rhinolophus ferrumequinum,0.023,0.023,-1,Echolocation,/mnt/ubna_data_01_mir/recover-20220825/UBNA_002/20220823_033000.WAV,Telephone Field,recover-20220825,002,1795
728.2795,728.32,68437,82760,Rhinolophus ferrumequinum,0.022,0.022,-1,Echolocation,/mnt/ubna_data_01_mir/recover-20220825/UBNA_002/20220823_033000.WAV,Telephone Field,recover-20220825,002,1795
728.2885,728.325,68437,81953,Rhinolophus ferrumequinum,0.022,0.022,-1,Echolocation,/mnt/ubna_data_01_mir/recover-20220825/UBNA_002/20220823_033000.WAV,Telephone Field,recover-20220825,002,1795
728.3125,728.3209,23750,32113,Plecotus austriacus,0.006,0.021,-1,Echolocation,/mnt/ubna_data_01_mir/recover-20220825/UBNA_002/20220823_033000.WAV,Telephone Field,recover-20220825,002,1795
728.3305,728.3408,28906,37192,Eptesicus serotinus,0.011,0.026,-1,Echolocation,/mnt/ubna_data_01_mir/recover-20220825/UBNA_002/20220823_033000.WAV,Telephone Field,recover-20220825,002,1795
728.3325,728.3442,33203,38996,Eptesicus serotinus,0.008,0.028,-1,Echolocation,/mnt/ubna_data_01_mir/recover-20220825/UBNA_002/20220823_033000.WAV,Telephone Field,recover-20220825,002,1795
728.3435,728.3509,49531,53938,Pipistrellus pipistrellus,0.02,0.022,-1,Echolocation,/mnt/ubna_data_01_mir/recover-20220825/UBNA_002/20220823_033000.WAV,Telephone Field,recover-20220825,002,1795
728.3915,728.4286,68437,81863,Rhinolophus ferrumequinum,0.021,0.021,-1,Echolocation,/mnt/ubna_data_01_mir/recover-20220825/UBNA_002/20220823_033000.WAV,Telephone Field,recover-20220825,002,1795
728.4085,728.4152,28906,40227,Myotis daubentonii,0.008,0.032,-1,Echolocation,/mnt/ubna_data_01_mir/recover-20220825/UBNA_002/20220823_033000.WAV,Telephone Field,recover-20220825,002,1795
728.4565,728.4931,68437,81485,Rhinolophus ferrumequinum,0.024,0.024,-1,Echolocation,/mnt/ubna_data_01_mir/recover-20220825/UBNA_002/20220823_033000.WAV,Telephone Field,recover-20220825,002,1795
728.5365,728.5741,68437,82398,Rhinolophus ferrumequinum,0.022,0.022,-1,Echolocation,/mnt/ubna_data_01_mir/recover-20220825/UBNA_002/20220823_033000.WAV,Telephone Field,recover-20220825,002,1795
728.5445,728.5524,28046,37347,Eptesicus serotinus,0.006,0.021,-1,Echolocation,/mnt/ubna_data_01_mir/recover-20220825/UBNA_002/20220823_033000.WAV,Telephone Field,recover-20220825,002,1795
728.6045,728.6454,68437,81802,Rhinolophus ferrumequinum,0.022,0.022,-1,Echolocation,/mnt/ubna_data_01_mir/recover-20220825/UBNA_002/20220823_033000.WAV,Telephone Field,recover-20220825,002,1795
728.6105,728.6506,68437,81994,Rhinolophus ferrumequinum,0.021,0.021,-1,Echolocation,/mnt/ubna_data_01_mir/recover-20220825/UBNA_002/20220823_033000.WAV,Telephone Field,recover-20220825,002,1795
728.6245,728.6355,28906,34728,Eptesicus serotinus,0.012,0.024,-1,Echolocation,/mnt/ubna_data_01_mir/recover-20220825/UBNA_002/20220823_033000.WAV,Telephone Field,recover-20220825,002,1795
728.6275,728.6374,22890,27591,Nyctalus leisleri,0.011,0.022,-1,Echolocation,/mnt/ubna_data_01_mir/recover-20220825/UBNA_002/20220823_033000.WAV,Telephone Field,recover-20220825,002,1795
728.6415,728.679,68437,81961,Rhinolophus ferrumequinum,0.024,0.024,-1,Echolocation,/mnt/ubna_data_01_mir/recover-20220825/UBNA_002/20220823_033000.WAV,Telephone Field,recover-20220825,002,1795
728.6945,728.7048,23750,30905,Nyctalus leisleri,0.013,0.037,-1,Echolocation,/mnt/ubna_data_01_mir/recover-20220825/UBNA_002/20220823_033000.WAV,Telephone Field,recover-20220825,002,1795
728.6955,728.7352,68437,82567,Rhinolophus ferrumequinum,0.021,0.021,-1,Echolocation,/mnt/ubna_data_01_mir/recover-20220825/UBNA_002/20220823_033000.WAV,Telephone Field,recover-20220825,002,1795
728.7235,728.732,28046,38155,Eptesicus serotinus,0.008,0.022,-1,Echolocation,/mnt/ubna_data_01_mir/recover-20220825/UBNA_002/20220823_033000.WAV,Telephone Field,recover-20220825,002,1795
728.7315,728.7421,28906,36328,Eptesicus serotinus,0.011,0.022,-1,Echolocation,/mnt/ubna_data_01_mir/recover-20220825/UBNA_002/20220823_033000.WAV,Telephone Field,recover-20220825,002,1795
728.7325,728.7704,68437,81160,Rhinolophus ferrumequinum,0.023,0.023,-1,Echolocation,/mnt/ubna_data_01_mir/recover-20220825/UBNA_002/20220823_033000.WAV,Telephone Field,recover-20220825,002,1795
728.7685,728.8043,68437,81367,Rhinolophus ferrumequinum,0.021,0.021,-1,Echolocation,/mnt/ubna_data_01_mir/recover-20220825/UBNA_002/20220823_033000.WAV,Telephone Field,recover-20220825,002,1795
728.8385,728.8739,68437,81007,Rhinolophus ferrumequinum,0.023,0.023,-1,Echolocation,/mnt/ubna_data_01_mir/recover-20220825/UBNA_002/20220823_033000.WAV,Telephone Field,recover-20220825,002,1795
728.8585,728.9001,68437,82702,Rhinolophus ferrumequinum,0.026,0.026,-1,Echolocation,/mnt/ubna_data_01_mir/recover-20220825/UBNA_002/20220823_033000.WAV,Telephone Field,recover-20220825,002,1795
728.8675,728.8775,22890,28664,Nyctalus leisleri,0.009,0.022,-1,Echolocation,/mnt/ubna_data_01_mir/recover-20220825/UBNA_002/20220823_033000.WAV,Telephone Field,recover-20220825,002,1795
728.8845,728.8964,28906,34994,Eptesicus serotinus,0.017,0.036,-1,Echolocation,/mnt/ubna_data_01_mir/recover-20220825/UBNA_002/20220823_033000.WAV,Telephone Field,recover-20220825,002,1795
728.8855,728.924,68437,82316,Rhinolophus ferrumequinum,0.022,0.022,-1,Echolocation,/mnt/ubna_data_01_mir/recover-20220825/UBNA_002/20220823_033000.WAV,Telephone Field,recover-20220825,002,1795
728.9095,728.9468,68437,81698,Rhinolophus ferrumequinum,0.021,0.021,-1,Echolocation,/mnt/ubna_data_01_mir/recover-20220825/UBNA_002/20220823_033000.WAV,Telephone Field,recover-20220825,002,1795
728.9175,728.9576,68437,82846,Rhinolophus ferrumequinum,0.025,0.025,-1,Echolocation,/mnt/ubna_data_01_mir/recover-20220825/UBNA_002/20220823_033000.WAV,Telephone Field,recover-20220825,002,1795
728.9635,728.9728,24609,31169,Nyctalus leisleri,0.009,0.026,-1,Echolocation,/mnt/ubna_data_01_mir/recover-20220825/UBNA_002/20220823_033000.WAV,Telephone Field,recover-20220825,002,1795
729.0115,729.0203,28046,37950,Eptesicus serotinus,0.008,0.021,-1,Echolocation,/mnt/ubna_data_01_mir/recover-20220825/UBNA_002/20220823_033000.WAV,Telephone Field,recover-20220825,002,1795
729.0165,729.0515,68437,80823,Rhinolophus ferrumequinum,0.023,0.023,-1,Echolocation,/mnt/ubna_data_01_mir/recover-20220825/UBNA_002/20220823_033000.WAV,Telephone Field,recover-20220825,002,1795
729.0615,729.101,68437,81961,Rhinolophus ferrumequinum,0.021,0.021,-1,Echolocation,/mnt/ubna_data_01_mir/recover-20220825/UBNA_002/20220823_033000.WAV,Telephone Field,recover-20220825,002,1795
729.0775,729.0837,28906,39596,Myotis daubentonii,0.007,0.03,-1,Echolocation,/mnt/ubna_data_01_mir/recover-20220825/UBNA_002/20220823_033000.WAV,Telephone Field,recover-20220825,002,1795
729.0975,729.1382,68437,82590,Rhinolophus ferrumequinum,0.022,0.022,-1,Echolocation,/mnt/ubna_data_01_mir/recover-20220825/UBNA_002/20220823_033000.WAV,Telephone Field,recover-20220825,002,1795
729.1375,729.1762,68437,81935,Rhinolophus ferrumequinum,0.021,0.021,-1,Echolocation,/mnt/ubna_data_01_mir/recover-20220825/UBNA_002/20220823_033000.WAV,Telephone Field,recover-20220825,002,1795
729.1965,729.2053,26328,34719,Eptesicus serotinus,0.013,0.032,-1,Echolocation,/mnt/ubna_data_01_mir/recover-20220825/UBNA_002/20220823_033000.WAV,Telephone Field,recover-20220825,002,1795
729.2075,729.2456999999999,68437,81983,Rhinolophus ferrumequinum,0.022,0.022,-1,Echolocation,/mnt/ubna_data_01_mir/recover-20220825/UBNA_002/20220823_033000.WAV,Telephone Field,recover-20220825,002,1795
729.2175,729.227,28046,36079,Eptesicus serotinus,0.009,0.022,-1,Echolocation,/mnt/ubna_data_01_mir/recover-20220825/UBNA_002/20220823_033000.WAV,Telephone Field,recover-20220825,002,1795
729.2275,729.2379,22031,26865,Nyctalus leisleri,0.009,0.021,-1,Echolocation,/mnt/ubna_data_01_mir/recover-20220825/UBNA_002/20220823_033000.WAV,Telephone Field,recover-20220825,002,1795
729.2435,729.2492,28906,41353,Plecotus auritus,0.005,0.027,-1,Echolocation,/mnt/ubna_data_01_mir/recover-20220825/UBNA_002/20220823_033000.WAV,Telephone Field,recover-20220825,002,1795
729.2585,729.3005,68437,83422,Rhinolophus ferrumequinum,0.04,0.04,-1,Echolocation,/mnt/ubna_data_01_mir/recover-20220825/UBNA_002/20220823_033000.WAV,Telephone Field,recover-20220825,002,1795
729.3255,729.3662,68437,82564,Rhinolophus ferrumequinum,0.021,0.021,-1,Echolocation,/mnt/ubna_data_01_mir/recover-20220825/UBNA_002/20220823_033000.WAV,Telephone Field,recover-20220825,002,1795
729.3345,729.3444,22890,28670,Nyctalus leisleri,0.009,0.022,-1,Echolocation,/mnt/ubna_data_01_mir/recover-20220825/UBNA_002/20220823_033000.WAV,Telephone Field,recover-20220825,002,1795
729.3425,729.3836,68437,82605,Rhinolophus ferrumequinum,0.022,0.022,-1,Echolocation,/mnt/ubna_data_01_mir/recover-20220825/UBNA_002/20220823_033000.WAV,Telephone Field,recover-20220825,002,1795
729.3485,729.3613,54687,61575,Pipistrellus pygmaeus,0.018,0.023,-1,Echolocation,/mnt/ubna_data_01_mir/recover-20220825/UBNA_002/20220823_033000.WAV,Telephone Field,recover-20220825,002,1795
729.3495,729.3898,68437,83215,Rhinolophus ferrumequinum,0.022,0.022,-1,Echolocation,/mnt/ubna_data_01_mir/recover-20220825/UBNA_002/20220823_033000.WAV,Telephone Field,recover-20220825,002,1795
729.3525,729.3631,27187,35083,Eptesicus serotinus,0.012,0.026,-1,Echolocation,/mnt/ubna_data_01_mir/recover-20220825/UBNA_002/20220823_033000.WAV,Telephone Field,recover-20220825,002,1795
729.4115,729.452,68437,82738,Rhinolophus ferrumequinum,0.025,0.025,-1,Echolocation,/mnt/ubna_data_01_mir/recover-20220825/UBNA_002/20220823_033000.WAV,Telephone Field,recover-20220825,002,1795
729.4265,729.4701,68437,82583,Rhinolophus ferrumequinum,0.024,0.024,-1,Echolocation,/mnt/ubna_data_01_mir/recover-20220825/UBNA_002/20220823_033000.WAV,Telephone Field,recover-20220825,002,1795
729.4535,729.4632,23750,31394,Nyctalus leisleri,0.007,0.024,-1,Echolocation,/mnt/ubna_data_01_mir/recover-20220825/UBNA_002/20220823_033000.WAV,Telephone Field,recover-20220825,002,1795
729.4685,729.5113,68437,83459,Rhinolophus ferrumequinum,0.023,0.023,-1,Echolocation,/mnt/ubna_data_01_mir/recover-20220825/UBNA_002/20220823_033000.WAV,Telephone Field,recover-20220825,002,1795
729.4765,729.4843,28046,37913,Eptesicus serotinus,0.009,0.025,-1,Echolocation,/mnt/ubna_data_01_mir/recover-20220825/UBNA_002/20220823_033000.WAV,Telephone Field,recover-20220825,002,1795
729.4775,729.4878,22890,29067,Nyctalus leisleri,0.01,0.025,-1,Echolocation,/mnt/ubna_data_01_mir/recover-20220825/UBNA_002/20220823_033000.WAV,Telephone Field,recover-20220825,002,1795
729.5425,729.5533,22890,28443,Nyctalus leisleri,0.009,0.021,-1,Echolocation,/mnt/ubna_data_01_mir/recover-20220825/UBNA_002/20220823_033000.WAV,Telephone Field,recover-20220825,002,1795
729.5515,729.5596,26328,35255,Eptesicus serotinus,0.007,0.021,-1,Echolocation,/mnt/ubna_data_01_mir/recover-20220825/UBNA_002/20220823_033000.WAV,Telephone Field,recover-20220825,002,1795
729.5645,729.6073,68437,83515,Rhinolophus ferrumequinum,0.028,0.028,-1,Echolocation,/mnt/ubna_data_01_mir/recover-20220825/UBNA_002/20220823_033000.WAV,Telephone Field,recover-20220825,002,1795
729.5845,729.5934,28906,37618,Eptesicus serotinus,0.008,0.022,-1,Echolocation,/mnt/ubna_data_01_mir/recover-20220825/UBNA_002/20220823_033000.WAV,Telephone Field,recover-20220825,002,1795
729.5995,729.6086,22890,29471,Nyctalus leisleri,0.007,0.022,-1,Echolocation,/mnt/ubna_data_01_mir/recover-20220825/UBNA_002/20220823_033000.WAV,Telephone Field,recover-20220825,002,1795
729.6365,729.6451,28046,38974,Eptesicus serotinus,0.007,0.021,-1,Echolocation,/mnt/ubna_data_01_mir/recover-20220825/UBNA_002/20220823_033000.WAV,Telephone Field,recover-20220825,002,1795
729.6435,729.6526,28046,36206,Eptesicus serotinus,0.009,0.024,-1,Echolocation,/mnt/ubna_data_01_mir/recover-20220825/UBNA_002/20220823_033000.WAV,Telephone Field,recover-20220825,002,1795
729.6535,729.6974,68437,83365,Rhinolophus ferrumequinum,0.027,0.027,-1,Echolocation,/mnt/ubna_data_01_mir/recover-20220825/UBNA_002/20220823_033000.WAV,Telephone Field,recover-20220825,002,1795
729.7475,729.7573,37500,42862,Pipistrellus nathusii,0.011,0.024,-1,Echolocation,/mnt/ubna_data_01_mir/recover-20220825/UBNA_002/20220823_033000.WAV,Telephone Field,recover-20220825,002,1795
729.7585,729.7675,26328,34634,Eptesicus serotinus,0.009,0.023,-1,Echolocation,/mnt/ubna_data_01_mir/recover-20220825/UBNA_002/20220823_033000.WAV,Telephone Field,recover-20220825,002,1795
729.7775,729.8186,68437,82892,Rhinolophus ferrumequinum,0.022,0.022,-1,Echolocation,/mnt/ubna_data_01_mir/recover-20220825/UBNA_002/20220823_033000.WAV,Telephone Field,recover-20220825,002,1795
729.7855,729.7944,25468,34149,Eptesicus serotinus,0.007,0.024,-1,Echolocation,/mnt/ubna_data_01_mir/recover-20220825/UBNA_002/20220823_033000.WAV,Telephone Field,recover-20220825,002,1795
729.8165,729.8267,28046,36542,Eptesicus serotinus,0.01,0.025,-1,Echolocation,/mnt/ubna_data_01_mir/recover-20220825/UBNA_002/20220823_033000.WAV,Telephone Field,recover-20220825,002,1795
729.8355,729.8776,68437,83300,Rhinolophus ferrumequinum,0.042,0.042,-1,Echolocation,/mnt/ubna_data_01_mir/recover-20220825/UBNA_002/20220823_033000.WAV,Telephone Field,recover-20220825,002,1795
729.8605,729.9008,68437,82361,Rhinolophus ferrumequinum,0.024,0.024,-1,Echolocation,/mnt/ubna_data_01_mir/recover-20220825/UBNA_002/20220823_033000.WAV,Telephone Field,recover-20220825,002,1795
729.8845,729.9255,68437,82599,Rhinolophus ferrumequinum,0.032,0.032,-1,Echolocation,/mnt/ubna_data_01_mir/recover-20220825/UBNA_002/20220823_033000.WAV,Telephone Field,recover-20220825,002,1795
729.9115,729.9213,22031,28046,Nyctalus leisleri,0.007,0.022,-1,Echolocation,/mnt/ubna_data_01_mir/recover-20220825/UBNA_002/20220823_033000.WAV,Telephone Field,recover-20220825,002,1795
729.9255,729.9331999999999,24609,32595,Plecotus austriacus,0.007,0.022,-1,Echolocation,/mnt/ubna_data_01_mir/recover-20220825/UBNA_002/20220823_033000.WAV,Telephone Field,recover-20220825,002,1795
729.9645,729.9721,27187,37336,Eptesicus serotinus,0.006,0.021,-1,Echolocation,/mnt/ubna_data_01_mir/recover-20220825/UBNA_002/20220823_033000.WAV,Telephone Field,recover-20220825,002,1795
729.9825,729.9903,27187,38592,Eptesicus serotinus,0.008,0.025,-1,Echolocation,/mnt/ubna_data_01_mir/recover-20220825/UBNA_002/20220823_033000.WAV,Telephone Field,recover-20220825,002,1795
730.0015,730.029,69296,82553,Rhinolophus ferrumequinum,0.031,0.031,-1,Echolocation,/mnt/ubna_data_01_mir/recover-20220825/UBNA_002/20220823_033000.WAV,Telephone Field,recover-20220825,002,1795
730.0015,730.0119,38359,44599,Pipistrellus nathusii,0.017,0.029,-1,Echolocation,/mnt/ubna_data_01_mir/recover-20220825/UBNA_002/20220823_033000.WAV,Telephone Field,recover-20220825,002,1795
730.0015,730.0086,47812,55791,Pipistrellus pipistrellus,0.015,0.027,-1,Echolocation,/mnt/ubna_data_01_mir/recover-20220825/UBNA_002/20220823_033000.WAV,Telephone Field,recover-20220825,002,1795
730.0085,730.0448,68437,81216,Rhinolophus ferrumequinum,0.021,0.022,-1,Echolocation,/mnt/ubna_data_01_mir/recover-20220825/UBNA_002/20220823_033000.WAV,Telephone Field,recover-20220825,002,1795
730.0405,730.0498,27187,35562,Eptesicus serotinus,0.009,0.022,-1,Echolocation,/mnt/ubna_data_01_mir/recover-20220825/UBNA_002/20220823_033000.WAV,Telephone Field,recover-20220825,002,1795
730.0475,730.0564,26328,34494,Eptesicus serotinus,0.008,0.023,-1,Echolocation,/mnt/ubna_data_01_mir/recover-20220825/UBNA_002/20220823_033000.WAV,Telephone Field,recover-20220825,002,1795
730.0625,730.0972,68437,81530,Rhinolophus ferrumequinum,0.022,0.022,-1,Echolocation,/mnt/ubna_data_01_mir/recover-20220825/UBNA_002/20220823_033000.WAV,Telephone Field,recover-20220825,002,1795
730.0625,730.071,28046,38258,Eptesicus serotinus,0.009,0.026,-1,Echolocation,/mnt/ubna_data_01_mir/recover-20220825/UBNA_002/20220823_033000.WAV,Telephone Field,recover-20220825,002,1795
730.0875,730.0961,27187,35958,Eptesicus serotinus,0.008,0.022,-1,Echolocation,/mnt/ubna_data_01_mir/recover-20220825/UBNA_002/20220823_033000.WAV,Telephone Field,recover-20220825,002,1795
730.1175,730.1241,27187,39483,Eptesicus serotinus,0.007,0.027,-1,Echolocation,/mnt/ubna_data_01_mir/recover-20220825/UBNA_002/20220823_033000.WAV,Telephone Field,recover-20220825,002,1795
730.2375,730.2433,35781,54546,Myotis brandtii,0.01,0.022,-1,Echolocation,/mnt/ubna_data_01_mir/recover-20220825/UBNA_002/20220823_033000.WAV,Telephone Field,recover-20220825,002,1795
730.2605,730.2967,68437,81383,Rhinolophus ferrumequinum,0.023,0.023,-1,Echolocation,/mnt/ubna_data_01_mir/recover-20220825/UBNA_002/20220823_033000.WAV,Telephone Field,recover-20220825,002,1795
730.2655,730.2716,28906,46320,Myotis daubentonii,0.017,0.039,-1,Echolocation,/mnt/ubna_data_01_mir/recover-20220825/UBNA_002/20220823_033000.WAV,Telephone Field,recover-20220825,002,1795
730.2665,730.2736,38359,49152,Myotis brandtii,0.009,0.03,-1,Echolocation,/mnt/ubna_data_01_mir/recover-20220825/UBNA_002/20220823_033000.WAV,Telephone Field,recover-20220825,002,1795
730.2915,730.3004,27187,37540,Eptesicus serotinus,0.009,0.023,-1,Echolocation,/mnt/ubna_data_01_mir/recover-20220825/UBNA_002/20220823_033000.WAV,Telephone Field,recover-20220825,002,1795
730.3025,730.3101,26328,36654,Eptesicus serotinus,0.007,0.023,-1,Echolocation,/mnt/ubna_data_01_mir/recover-20220825/UBNA_002/20220823_033000.WAV,Telephone Field,recover-20220825,002,1795
730.3255,730.3329,26328,39663,Eptesicus serotinus,0.009,0.028,-1,Echolocation,/mnt/ubna_data_01_mir/recover-20220825/UBNA_002/20220823_033000.WAV,Telephone Field,recover-20220825,002,1795
730.3335,730.3399,37500,51359,Myotis brandtii,0.01,0.022,-1,Echolocation,/mnt/ubna_data_01_mir/recover-20220825/UBNA_002/20220823_033000.WAV,Telephone Field,recover-20220825,002,1795
730.3495,730.3604,28046,34838,Eptesicus serotinus,0.013,0.027,-1,Echolocation,/mnt/ubna_data_01_mir/recover-20220825/UBNA_002/20220823_033000.WAV,Telephone Field,recover-20220825,002,1795
730.4085,730.4156,38359,46614,Pipistrellus nathusii,0.172,0.293,-1,Echolocation,/mnt/ubna_data_01_mir/recover-20220825/UBNA_002/20220823_033000.WAV,Telephone Field,recover-20220825,002,1795
730.4285,730.4363,27187,38082,Eptesicus serotinus,0.008,0.023,-1,Echolocation,/mnt/ubna_data_01_mir/recover-20220825/UBNA_002/20220823_033000.WAV,Telephone Field,recover-20220825,002,1795
730.4745,730.4814,40937,48217,Pipistrellus nathusii,0.312,0.421,-1,Echolocation,/mnt/ubna_data_01_mir/recover-20220825/UBNA_002/20220823_033000.WAV,Telephone Field,recover-20220825,002,1795
730.5125,730.5208,27187,37792,Eptesicus serotinus,0.008,0.022,-1,Echolocation,/mnt/ubna_data_01_mir/recover-20220825/UBNA_002/20220823_033000.WAV,Telephone Field,recover-20220825,002,1795
730.5555,730.5627,27187,36653,Eptesicus serotinus,0.008,0.025,-1,Echolocation,/mnt/ubna_data_01_mir/recover-20220825/UBNA_002/20220823_033000.WAV,Telephone Field,recover-20220825,002,1795
730.5635,730.599,68437,82706,Rhinolophus ferrumequinum,0.023,0.024,-1,Echolocation,/mnt/ubna_data_01_mir/recover-20220825/UBNA_002/20220823_033000.WAV,Telephone Field,recover-20220825,002,1795
730.5905,730.5961,38359,48648,Pipistrellus nathusii,0.186,0.361,-1,Echolocation,/mnt/ubna_data_01_mir/recover-20220825/UBNA_002/20220823_033000.WAV,Telephone Field,recover-20220825,002,1795
730.5985,730.6051,30625,38788,Myotis daubentonii,0.012,0.023,-1,Echolocation,/mnt/ubna_data_01_mir/recover-20220825/UBNA_002/20220823_033000.WAV,Telephone Field,recover-20220825,002,1795
730.7055,730.711,40078,52124,Myotis daubentonii,0.088,0.218,-1,Echolocation,/mnt/ubna_data_01_mir/recover-20220825/UBNA_002/20220823_033000.WAV,Telephone Field,recover-20220825,002,1795
730.8035,730.8086,39218,54133,Myotis daubentonii,0.064,0.181,-1,Echolocation,/mnt/ubna_data_01_mir/recover-20220825/UBNA_002/20220823_033000.WAV,Telephone Field,recover-20220825,002,1795
730.8055,730.8112,28046,58767,Myotis daubentonii,0.032,0.066,-1,Echolocation,/mnt/ubna_data_01_mir/recover-20220825/UBNA_002/20220823_033000.WAV,Telephone Field,recover-20220825,002,1795
730.8495,730.8568,27187,40733,Eptesicus serotinus,0.009,0.029,-1,Echolocation,/mnt/ubna_data_01_mir/recover-20220825/UBNA_002/20220823_033000.WAV,Telephone Field,recover-20220825,002,1795
730.8535,730.8889,68437,81738,Rhinolophus ferrumequinum,0.022,0.023,-1,Echolocation,/mnt/ubna_data_01_mir/recover-20220825/UBNA_002/20220823_033000.WAV,Telephone Field,recover-20220825,002,1795
730.8735,730.8798,40937,49728,Myotis daubentonii,0.066,0.211,-1,Echolocation,/mnt/ubna_data_01_mir/recover-20220825/UBNA_002/20220823_033000.WAV,Telephone Field,recover-20220825,002,1795
730.8755,730.8814,30625,60525,Myotis daubentonii,0.027,0.069,-1,Echolocation,/mnt/ubna_data_01_mir/recover-20220825/UBNA_002/20220823_033000.WAV,Telephone Field,recover-20220825,002,1795
730.8845,730.8931,27187,34534,Eptesicus serotinus,0.007,0.022,-1,Echolocation,/mnt/ubna_data_01_mir/recover-20220825/UBNA_002/20220823_033000.WAV,Telephone Field,recover-20220825,002,1795
730.9045,730.9116,48671,56056,Pipistrellus pipistrellus,0.021,0.024,-1,Echolocation,/mnt/ubna_data_01_mir/recover-20220825/UBNA_002/20220823_033000.WAV,Telephone Field,recover-20220825,002,1795
730.9345,730.9403,40937,54421,Pipistrellus nathusii,0.113,0.331,-1,Echolocation,/mnt/ubna_data_01_mir/recover-20220825/UBNA_002/20220823_033000.WAV,Telephone Field,recover-20220825,002,1795
730.9365,730.9418000000001,30625,65724,Myotis brandtii,0.033,0.067,-1,Echolocation,/mnt/ubna_data_01_mir/recover-20220825/UBNA_002/20220823_033000.WAV,Telephone Field,recover-20220825,002,1795
730.9625,730.9698,27187,38753,Eptesicus serotinus,0.008,0.023,-1,Echolocation,/mnt/ubna_data_01_mir/recover-20220825/UBNA_002/20220823_033000.WAV,Telephone Field,recover-20220825,002,1795
730.9935,730.9997,41796,54651,Pipistrellus nathusii,0.172,0.399,-1,Echolocation,/mnt/ubna_data_01_mir/recover-20220825/UBNA_002/20220823_033000.WAV,Telephone Field,recover-20220825,002,1795
730.9945,731.0005,28906,52284,Myotis daubentonii,0.017,0.033,-1,Echolocation,/mnt/ubna_data_01_mir/recover-20220825/UBNA_002/20220823_033000.WAV,Telephone Field,recover-20220825,002,1795
731.0265,731.0366,24609,31885,Eptesicus serotinus,0.015,0.037,-1,Echolocation,/mnt/ubna_data_01_mir/recover-20220825/UBNA_002/20220823_033000.WAV,Telephone Field,recover-20220825,002,1795
731.0645,731.0702,36640,56246,Myotis brandtii,0.011,0.024,-1,Echolocation,/mnt/ubna_data_01_mir/recover-20220825/UBNA_002/20220823_033000.WAV,Telephone Field,recover-20220825,002,1795
731.0905,731.0968,40937,53348,Pipistrellus nathusii,0.227,0.45,-1,Echolocation,/mnt/ubna_data_01_mir/recover-20220825/UBNA_002/20220823_033000.WAV,Telephone Field,recover-20220825,002,1795
731.0935,731.099,28046,58205,Myotis daubentonii,0.021,0.038,-1,Echolocation,/mnt/ubna_data_01_mir/recover-20220825/UBNA_002/20220823_033000.WAV,Telephone Field,recover-20220825,002,1795
731.1455,731.1843,68437,82357,Rhinolophus ferrumequinum,0.024,0.024,-1,Echolocation,/mnt/ubna_data_01_mir/recover-20220825/UBNA_002/20220823_033000.WAV,Telephone Field,recover-20220825,002,1795
731.1465,731.1569,32343,38011,Barbastellus barbastellus,0.008,0.024,-1,Echolocation,/mnt/ubna_data_01_mir/recover-20220825/UBNA_002/20220823_033000.WAV,Telephone Field,recover-20220825,002,1795
731.1715,731.1789,28046,35984,Eptesicus serotinus,0.011,0.028,-1,Echolocation,/mnt/ubna_data_01_mir/recover-20220825/UBNA_002/20220823_033000.WAV,Telephone Field,recover-20220825,002,1795
731.1845,731.191,40937,54503,Pipistrellus nathusii,0.297,0.485,-1,Echolocation,/mnt/ubna_data_01_mir/recover-20220825/UBNA_002/20220823_033000.WAV,Telephone Field,recover-20220825,002,1795
731.2445,731.2536,28046,35996,Eptesicus serotinus,0.008,0.022,-1,Echolocation,/mnt/ubna_data_01_mir/recover-20220825/UBNA_002/20220823_033000.WAV,Telephone Field,recover-20220825,002,1795
731.2805,731.2859,40078,61569,Myotis brandtii,0.146,0.42,-1,Echolocation,/mnt/ubna_data_01_mir/recover-20220825/UBNA_002/20220823_033000.WAV,Telephone Field,recover-20220825,002,1795
731.2905,731.3008,23750,28167,Nyctalus leisleri,0.011,0.022,-1,Echolocation,/mnt/ubna_data_01_mir/recover-20220825/UBNA_002/20220823_033000.WAV,Telephone Field,recover-20220825,002,1795
731.3215,731.3266,36640,49559,Myotis daubentonii,0.01,0.024,-1,Echolocation,/mnt/ubna_data_01_mir/recover-20220825/UBNA_002/20220823_033000.WAV,Telephone Field,recover-20220825,002,1795
731.3365,731.3434,50390,55397,Pipistrellus pipistrellus,0.023,0.025,-1,Echolocation,/mnt/ubna_data_01_mir/recover-20220825/UBNA_002/20220823_033000.WAV,Telephone Field,recover-20220825,002,1795
731.3475,731.3577,26328,35373,Eptesicus serotinus,0.012,0.026,-1,Echolocation,/mnt/ubna_data_01_mir/recover-20220825/UBNA_002/20220823_033000.WAV,Telephone Field,recover-20220825,002,1795
731.3485,731.3561,34921,42108,Barbastellus barbastellus,0.01,0.023,-1,Echolocation,/mnt/ubna_data_01_mir/recover-20220825/UBNA_002/20220823_033000.WAV,Telephone Field,recover-20220825,002,1795
731.3625,731.399,68437,81568,Rhinolophus ferrumequinum,0.022,0.022,-1,Echolocation,/mnt/ubna_data_01_mir/recover-20220825/UBNA_002/20220823_033000.WAV,Telephone Field,recover-20220825,002,1795
731.3785,731.3836,37500,54800,Myotis brandtii,0.119,0.357,-1,Echolocation,/mnt/ubna_data_01_mir/recover-20220825/UBNA_002/20220823_033000.WAV,Telephone Field,recover-20220825,002,1795
731.3995,731.4073,28046,37285,Eptesicus serotinus,0.01,0.029,-1,Echolocation,/mnt/ubna_data_01_mir/recover-20220825/UBNA_002/20220823_033000.WAV,Telephone Field,recover-20220825,002,1795
731.4225,731.4296,32343,42764,Myotis daubentonii,0.007,0.023,-1,Echolocation,/mnt/ubna_data_01_mir/recover-20220825/UBNA_002/20220823_033000.WAV,Telephone Field,recover-20220825,002,1795
731.4415,731.455,22890,27077,Nyctalus leisleri,0.012,0.023,-1,Echolocation,/mnt/ubna_data_01_mir/recover-20220825/UBNA_002/20220823_033000.WAV,Telephone Field,recover-20220825,002,1795
731.4715,731.477,37500,57793,Myotis brandtii,0.143,0.382,-1,Echolocation,/mnt/ubna_data_01_mir/recover-20220825/UBNA_002/20220823_033000.WAV,Telephone Field,recover-20220825,002,1795
731.4805,731.4863,31484,41175,Myotis daubentonii,0.011,0.022,-1,Echolocation,/mnt/ubna_data_01_mir/recover-20220825/UBNA_002/20220823_033000.WAV,Telephone Field,recover-20220825,002,1795
731.5045,731.5159,27187,35259,Eptesicus serotinus,0.017,0.031,-1,Echolocation,/mnt/ubna_data_01_mir/recover-20220825/UBNA_002/20220823_033000.WAV,Telephone Field,recover-20220825,002,1795
731.5235,731.5326,42656,49394,Pipistrellus nathusii,0.017,0.03,-1,Echolocation,/mnt/ubna_data_01_mir/recover-20220825/UBNA_002/20220823_033000.WAV,Telephone Field,recover-20220825,002,1795
731.5485,731.5882,68437,82868,Rhinolophus ferrumequinum,0.029,0.029,-1,Echolocation,/mnt/ubna_data_01_mir/recover-20220825/UBNA_002/20220823_033000.WAV,Telephone Field,recover-20220825,002,1795
731.5665,731.5711,34921,53639,Myotis brandtii,0.135,0.342,-1,Echolocation,/mnt/ubna_data_01_mir/recover-20220825/UBNA_002/20220823_033000.WAV,Telephone Field,recover-20220825,002,1795
731.5765,731.5861,25468,30854,Nyctalus leisleri,0.009,0.024,-1,Echolocation,/mnt/ubna_data_01_mir/recover-20220825/UBNA_002/20220823_033000.WAV,Telephone Field,recover-20220825,002,1795
731.6295,731.6391,27187,35544,Eptesicus serotinus,0.011,0.023,-1,Echolocation,/mnt/ubna_data_01_mir/recover-20220825/UBNA_002/20220823_033000.WAV,Telephone Field,recover-20220825,002,1795
731.6375,731.6455,22031,29011,Plecotus austriacus,0.007,0.023,-1,Echolocation,/mnt/ubna_data_01_mir/recover-20220825/UBNA_002/20220823_033000.WAV,Telephone Field,recover-20220825,002,1795
731.6425,731.6494,27187,34799,Eptesicus serotinus,0.007,0.023,-1,Echolocation,/mnt/ubna_data_01_mir/recover-20220825/UBNA_002/20220823_033000.WAV,Telephone Field,recover-20220825,002,1795
731.6435,731.6492,39218,64826,Myotis brandtii,0.011,0.027,-1,Echolocation,/mnt/ubna_data_01_mir/recover-20220825/UBNA_002/20220823_033000.WAV,Telephone Field,recover-20220825,002,1795
731.6555,731.6606,38359,53854,Pipistrellus nathusii,0.213,0.448,-1,Echolocation,/mnt/ubna_data_01_mir/recover-20220825/UBNA_002/20220823_033000.WAV,Telephone Field,recover-20220825,002,1795
731.6705,731.7083,68437,82006,Rhinolophus ferrumequinum,0.026,0.026,-1,Echolocation,/mnt/ubna_data_01_mir/recover-20220825/UBNA_002/20220823_033000.WAV,Telephone Field,recover-20220825,002,1795
731.7165,731.7238,28046,36722,Eptesicus serotinus,0.008,0.027,-1,Echolocation,/mnt/ubna_data_01_mir/recover-20220825/UBNA_002/20220823_033000.WAV,Telephone Field,recover-20220825,002,1795
731.7325,731.7376,36640,55501,Pipistrellus nathusii,0.127,0.406,-1,Echolocation,/mnt/ubna_data_01_mir/recover-20220825/UBNA_002/20220823_033000.WAV,Telephone Field,recover-20220825,002,1795
731.7455,731.7568,23750,27892,Nyctalus leisleri,0.017,0.033,-1,Echolocation,/mnt/ubna_data_01_mir/recover-20220825/UBNA_002/20220823_033000.WAV,Telephone Field,recover-20220825,002,1795
731.7625,731.7725,26328,34271,Eptesicus serotinus,0.011,0.023,-1,Echolocation,/mnt/ubna_data_01_mir/recover-20220825/UBNA_002/20220823_033000.WAV,Telephone Field,recover-20220825,002,1795
731.7835,731.7922,28046,36293,Eptesicus serotinus,0.009,0.024,-1,Echolocation,/mnt/ubna_data_01_mir/recover-20220825/UBNA_002/20220823_033000.WAV,Telephone Field,recover-20220825,002,1795
731.8035,731.8105,28906,36288,Myotis daubentonii,0.006,0.024,-1,Echolocation,/mnt/ubna_data_01_mir/recover-20220825/UBNA_002/20220823_033000.WAV,Telephone Field,recover-20220825,002,1795
731.8125,731.8219,49531,53660,Pipistrellus pipistrellus,0.037,0.064,-1,Echolocation,/mnt/ubna_data_01_mir/recover-20220825/UBNA_002/20220823_033000.WAV,Telephone Field,recover-20220825,002,1795
731.8165,731.8224,36640,59542,Myotis brandtii,0.161,0.413,-1,Echolocation,/mnt/ubna_data_01_mir/recover-20220825/UBNA_002/20220823_033000.WAV,Telephone Field,recover-20220825,002,1795
731.8245,731.8304,35781,46924,Myotis daubentonii,0.01,0.024,-1,Echolocation,/mnt/ubna_data_01_mir/recover-20220825/UBNA_002/20220823_033000.WAV,Telephone Field,recover-20220825,002,1795
731.8695,731.8794,28046,35812,Eptesicus serotinus,0.01,0.023,-1,Echolocation,/mnt/ubna_data_01_mir/recover-20220825/UBNA_002/20220823_033000.WAV,Telephone Field,recover-20220825,002,1795
731.9095,731.9161,42656,54420,Pipistrellus nathusii,0.289,0.456,-1,Echolocation,/mnt/ubna_data_01_mir/recover-20220825/UBNA_002/20220823_033000.WAV,Telephone Field,recover-20220825,002,1795
731.9125,731.9194,24609,35678,Eptesicus serotinus,0.006,0.026,-1,Echolocation,/mnt/ubna_data_01_mir/recover-20220825/UBNA_002/20220823_033000.WAV,Telephone Field,recover-20220825,002,1795
731.9275,731.9353,27187,38010,Eptesicus serotinus,0.008,0.023,-1,Echolocation,/mnt/ubna_data_01_mir/recover-20220825/UBNA_002/20220823_033000.WAV,Telephone Field,recover-20220825,002,1795
731.9365,731.9439,27187,40843,Eptesicus serotinus,0.007,0.022,-1,Echolocation,/mnt/ubna_data_01_mir/recover-20220825/UBNA_002/20220823_033000.WAV,Telephone Field,recover-20220825,002,1795
731.9485,731.985,68437,82060,Rhinolophus ferrumequinum,0.022,0.022,-1,Echolocation,/mnt/ubna_data_01_mir/recover-20220825/UBNA_002/20220823_033000.WAV,Telephone Field,recover-20220825,002,1795
731.9605,731.9708,36640,41535,Pipistrellus nathusii,0.01,0.025,-1,Echolocation,/mnt/ubna_data_01_mir/recover-20220825/UBNA_002/20220823_033000.WAV,Telephone Field,recover-20220825,002,1795
731.9625,731.9707,27187,37714,Eptesicus serotinus,0.008,0.023,-1,Echolocation,/mnt/ubna_data_01_mir/recover-20220825/UBNA_002/20220823_033000.WAV,Telephone Field,recover-20220825,002,1795
731.9795,731.9885,27187,35348,Eptesicus serotinus,0.01,0.024,-1,Echolocation,/mnt/ubna_data_01_mir/recover-20220825/UBNA_002/20220823_033000.WAV,Telephone Field,recover-20220825,002,1795
732.0015,732.0105,23750,33682,Nyctalus leisleri,0.008,0.026,-1,Echolocation,/mnt/ubna_data_01_mir/recover-20220825/UBNA_002/20220823_033000.WAV,Telephone Field,recover-20220825,002,1795
732.0015,732.0089,48671,57414,Pipistrellus pipistrellus,0.014,0.022,-1,Echolocation,/mnt/ubna_data_01_mir/recover-20220825/UBNA_002/20220823_033000.WAV,Telephone Field,recover-20220825,002,1795
732.0015,732.0333,69296,81312,Rhinolophus ferrumequinum,0.033,0.033,-1,Echolocation,/mnt/ubna_data_01_mir/recover-20220825/UBNA_002/20220823_033000.WAV,Telephone Field,recover-20220825,002,1795
732.0085,732.053,68437,81926,Rhinolophus ferrumequinum,0.024,0.024,-1,Echolocation,/mnt/ubna_data_01_mir/recover-20220825/UBNA_002/20220823_033000.WAV,Telephone Field,recover-20220825,002,1795
732.0105,732.0194,28046,36418,Eptesicus serotinus,0.008,0.022,-1,Echolocation,/mnt/ubna_data_01_mir/recover-20220825/UBNA_002/20220823_033000.WAV,Telephone Field,recover-20220825,002,1795
732.0305,732.0358,40078,59146,Myotis brandtii,0.21,0.393,-1,Echolocation,/mnt/ubna_data_01_mir/recover-20220825/UBNA_002/20220823_033000.WAV,Telephone Field,recover-20220825,002,1795
732.0635,732.0744,24609,30136,Nyctalus leisleri,0.008,0.023,-1,Echolocation,/mnt/ubna_data_01_mir/recover-20220825/UBNA_002/20220823_033000.WAV,Telephone Field,recover-20220825,002,1795
732.1195,732.1295,41796,59788,Pipistrellus nathusii,0.261,0.392,-1,Echolocation,/mnt/ubna_data_01_mir/recover-20220825/UBNA_002/20220823_033000.WAV,Telephone Field,recover-20220825,002,1795
732.1205,732.1599,68437,82957,Rhinolophus ferrumequinum,0.022,0.022,-1,Echolocation,/mnt/ubna_data_01_mir/recover-20220825/UBNA_002/20220823_033000.WAV,Telephone Field,recover-20220825,002,1795
732.1215,732.1295,54687,60445,Pipistrellus pygmaeus,0.029,0.03,-1,Echolocation,/mnt/ubna_data_01_mir/recover-20220825/UBNA_002/20220823_033000.WAV,Telephone Field,recover-20220825,002,1795
732.1285,732.1378,22890,30759,Nyctalus leisleri,0.007,0.03,-1,Echolocation,/mnt/ubna_data_01_mir/recover-20220825/UBNA_002/20220823_033000.WAV,Telephone Field,recover-20220825,002,1795
732.1675,732.2074,68437,82278,Rhinolophus ferrumequinum,0.022,0.022,-1,Echolocation,/mnt/ubna_data_01_mir/recover-20220825/UBNA_002/20220823_033000.WAV,Telephone Field,recover-20220825,002,1795
732.1685,732.1752,28046,37282,Eptesicus serotinus,0.006,0.024,-1,Echolocation,/mnt/ubna_data_01_mir/recover-20220825/UBNA_002/20220823_033000.WAV,Telephone Field,recover-20220825,002,1795
732.1755,732.1851,43515,50353,Pipistrellus pipistrellus,0.022,0.034,-1,Echolocation,/mnt/ubna_data_01_mir/recover-20220825/UBNA_002/20220823_033000.WAV,Telephone Field,recover-20220825,002,1795
732.1965,732.2336,68437,81737,Rhinolophus ferrumequinum,0.026,0.026,-1,Echolocation,/mnt/ubna_data_01_mir/recover-20220825/UBNA_002/20220823_033000.WAV,Telephone Field,recover-20220825,002,1795
732.2025,732.2101,27187,39864,Eptesicus serotinus,0.008,0.022,-1,Echolocation,/mnt/ubna_data_01_mir/recover-20220825/UBNA_002/20220823_033000.WAV,Telephone Field,recover-20220825,002,1795
732.2115,732.2236,40937,47602,Pipistrellus nathusii,0.335,0.368,-1,Echolocation,/mnt/ubna_data_01_mir/recover-20220825/UBNA_002/20220823_033000.WAV,Telephone Field,recover-20220825,002,1795
732.2145,732.2205,28046,68338,Myotis brandtii,0.017,0.037,-1,Echolocation,/mnt/ubna_data_01_mir/recover-20220825/UBNA_002/20220823_033000.WAV,Telephone Field,recover-20220825,002,1795
732.2665,732.2736,50390,59303,Pipistrellus pipistrellus,0.019,0.022,-1,Echolocation,/mnt/ubna_data_01_mir/recover-20220825/UBNA_002/20220823_033000.WAV,Telephone Field,recover-20220825,002,1795
732.2675,732.2739,27187,39799,Eptesicus serotinus,0.005,0.022,-1,Echolocation,/mnt/ubna_data_01_mir/recover-20220825/UBNA_002/20220823_033000.WAV,Telephone Field,recover-20220825,002,1795
732.2825,732.3198,68437,81408,Rhinolophus ferrumequinum,0.022,0.022,-1,Echolocation,/mnt/ubna_data_01_mir/recover-20220825/UBNA_002/20220823_033000.WAV,Telephone Field,recover-20220825,002,1795
732.3035,732.3124,40937,58837,Pipistrellus nathusii,0.192,0.362,-1,Echolocation,/mnt/ubna_data_01_mir/recover-20220825/UBNA_002/20220823_033000.WAV,Telephone Field,recover-20220825,002,1795
732.3335,732.3726,68437,82081,Rhinolophus ferrumequinum,0.022,0.022,-1,Echolocation,/mnt/ubna_data_01_mir/recover-20220825/UBNA_002/20220823_033000.WAV,Telephone Field,recover-20220825,002,1795
732.3985,732.4061,40078,57152,Myotis brandtii,0.111,0.262,-1,Echolocation,/mnt/ubna_data_01_mir/recover-20220825/UBNA_002/20220823_033000.WAV,Telephone Field,recover-20220825,002,1795
732.4345,732.443,50390,61036,Pipistrellus pipistrellus,0.022,0.033,-1,Echolocation,/mnt/ubna_data_01_mir/recover-20220825/UBNA_002/20220823_033000.WAV,Telephone Field,recover-20220825,002,1795
732.4605,732.4681,51250,59795,Pipistrellus pipistrellus,0.018,0.023,-1,Echolocation,/mnt/ubna_data_01_mir/recover-20220825/UBNA_002/20220823_033000.WAV,Telephone Field,recover-20220825,002,1795
732.4635,732.4702,27187,42031,Eptesicus serotinus,0.006,0.022,-1,Echolocation,/mnt/ubna_data_01_mir/recover-20220825/UBNA_002/20220823_033000.WAV,Telephone Field,recover-20220825,002,1795
732.4655,732.5078,68437,82976,Rhinolophus ferrumequinum,0.046,0.046,-1,Echolocation,/mnt/ubna_data_01_mir/recover-20220825/UBNA_002/20220823_033000.WAV,Telephone Field,recover-20220825,002,1795
732.4955,732.5049,41796,58449,Pipistrellus nathusii,0.331,0.441,-1,Echolocation,/mnt/ubna_data_01_mir/recover-20220825/UBNA_002/20220823_033000.WAV,Telephone Field,recover-20220825,002,1795
732.5265,732.5358,27187,36331,Eptesicus serotinus,0.009,0.021,-1,Echolocation,/mnt/ubna_data_01_mir/recover-20220825/UBNA_002/20220823_033000.WAV,Telephone Field,recover-20220825,002,1795
732.5305,732.5365,49531,56888,Pipistrellus pipistrellus,0.019,0.022,-1,Echolocation,/mnt/ubna_data_01_mir/recover-20220825/UBNA_002/20220823_033000.WAV,Telephone Field,recover-20220825,002,1795
732.5355,732.5746,68437,81558,Rhinolophus ferrumequinum,0.022,0.022,-1,Echolocation,/mnt/ubna_data_01_mir/recover-20220825/UBNA_002/20220823_033000.WAV,Telephone Field,recover-20220825,002,1795
732.5625,732.5705,55546,63329,Pipistrellus pygmaeus,0.022,0.023,-1,Echolocation,/mnt/ubna_data_01_mir/recover-20220825/UBNA_002/20220823_033000.WAV,Telephone Field,recover-20220825,002,1795
732.5625,732.6009,68437,82174,Rhinolophus ferrumequinum,0.022,0.022,-1,Echolocation,/mnt/ubna_data_01_mir/recover-20220825/UBNA_002/20220823_033000.WAV,Telephone Field,recover-20220825,002,1795
732.5835,732.6193,68437,81593,Rhinolophus ferrumequinum,0.022,0.022,-1,Echolocation,/mnt/ubna_data_01_mir/recover-20220825/UBNA_002/20220823_033000.WAV,Telephone Field,recover-20220825,002,1795
732.5915,732.6007,40937,53391,Pipistrellus nathusii,0.216,0.322,-1,Echolocation,/mnt/ubna_data_01_mir/recover-20220825/UBNA_002/20220823_033000.WAV,Telephone Field,recover-20220825,002,1795
732.6105,732.6206,51250,58866,Pipistrellus pygmaeus,0.013,0.026,-1,Echolocation,/mnt/ubna_data_01_mir/recover-20220825/UBNA_002/20220823_033000.WAV,Telephone Field,recover-20220825,002,1795
732.6395,732.6481,45234,55341,Pipistrellus pipistrellus,0.013,0.022,-1,Echolocation,/mnt/ubna_data_01_mir/recover-20220825/UBNA_002/20220823_033000.WAV,Telephone Field,recover-20220825,002,1795
732.6415,732.6797,68437,81608,Rhinolophus ferrumequinum,0.024,0.024,-1,Echolocation,/mnt/ubna_data_01_mir/recover-20220825/UBNA_002/20220823_033000.WAV,Telephone Field,recover-20220825,002,1795
732.6515,732.6911,68437,82245,Rhinolophus ferrumequinum,0.024,0.024,-1,Echolocation,/mnt/ubna_data_01_mir/recover-20220825/UBNA_002/20220823_033000.WAV,Telephone Field,recover-20220825,002,1795
732.6605,732.699,68437,82630,Rhinolophus ferrumequinum,0.03,0.03,-1,Echolocation,/mnt/ubna_data_01_mir/recover-20220825/UBNA_002/20220823_033000.WAV,Telephone Field,recover-20220825,002,1795
732.6815,732.7215,68437,82768,Rhinolophus ferrumequinum,0.022,0.022,-1,Echolocation,/mnt/ubna_data_01_mir/recover-20220825/UBNA_002/20220823_033000.WAV,Telephone Field,recover-20220825,002,1795
732.6865,732.6972,41796,54816,Pipistrellus nathusii,0.269,0.322,-1,Echolocation,/mnt/ubna_data_01_mir/recover-20220825/UBNA_002/20220823_033000.WAV,Telephone Field,recover-20220825,002,1795
732.6865,732.692,29765,74769,Myotis brandtii,0.027,0.04,-1,Echolocation,/mnt/ubna_data_01_mir/recover-20220825/UBNA_002/20220823_033000.WAV,Telephone Field,recover-20220825,002,1795
732.7025,732.7161,15156,21613,Nyctalus noctula,0.015,0.024,-1,Echolocation,/mnt/ubna_data_01_mir/recover-20220825/UBNA_002/20220823_033000.WAV,Telephone Field,recover-20220825,002,1795
732.7375,732.7747,68437,82294,Rhinolophus ferrumequinum,0.023,0.023,-1,Echolocation,/mnt/ubna_data_01_mir/recover-20220825/UBNA_002/20220823_033000.WAV,Telephone Field,recover-20220825,002,1795
732.7445,732.7832,68437,82303,Rhinolophus ferrumequinum,0.022,0.022,-1,Echolocation,/mnt/ubna_data_01_mir/recover-20220825/UBNA_002/20220823_033000.WAV,Telephone Field,recover-20220825,002,1795
732.7645,732.8007,68437,81766,Rhinolophus ferrumequinum,0.023,0.023,-1,Echolocation,/mnt/ubna_data_01_mir/recover-20220825/UBNA_002/20220823_033000.WAV,Telephone Field,recover-20220825,002,1795
732.7685,732.7763,46953,53483,Pipistrellus pipistrellus,0.029,0.031,-1,Echolocation,/mnt/ubna_data_01_mir/recover-20220825/UBNA_002/20220823_033000.WAV,Telephone Field,recover-20220825,002,1795
732.7955,732.8312,68437,81711,Rhinolophus ferrumequinum,0.022,0.022,-1,Echolocation,/mnt/ubna_data_01_mir/recover-20220825/UBNA_002/20220823_033000.WAV,Telephone Field,recover-20220825,002,1795
732.8075,732.8183,40078,48910,Pipistrellus nathusii,0.25,0.306,-1,Echolocation,/mnt/ubna_data_01_mir/recover-20220825/UBNA_002/20220823_033000.WAV,Telephone Field,recover-20220825,002,1795
732.8505,732.8578,28046,39026,Eptesicus serotinus,0.007,0.022,-1,Echolocation,/mnt/ubna_data_01_mir/recover-20220825/UBNA_002/20220823_033000.WAV,Telephone Field,recover-20220825,002,1795
732.8565,732.8648,55546,63975,Pipistrellus pygmaeus,0.021,0.023,-1,Echolocation,/mnt/ubna_data_01_mir/recover-20220825/UBNA_002/20220823_033000.WAV,Telephone Field,recover-20220825,002,1795
732.8585,732.8643,33203,56610,Myotis brandtii,0.013,0.026,-1,Echolocation,/mnt/ubna_data_01_mir/recover-20220825/UBNA_002/20220823_033000.WAV,Telephone Field,recover-20220825,002,1795
732.8665,732.9051,68437,81955,Rhinolophus ferrumequinum,0.023,0.023,-1,Echolocation,/mnt/ubna_data_01_mir/recover-20220825/UBNA_002/20220823_033000.WAV,Telephone Field,recover-20220825,002,1795
732.8975,732.9026,31484,78204,Myotis brandtii,0.062,0.074,-1,Echolocation,/mnt/ubna_data_01_mir/recover-20220825/UBNA_002/20220823_033000.WAV,Telephone Field,recover-20220825,002,1795
732.8975,732.9044,41796,61612,Pipistrellus nathusii,0.147,0.368,-1,Echolocation,/mnt/ubna_data_01_mir/recover-20220825/UBNA_002/20220823_033000.WAV,Telephone Field,recover-20220825,002,1795
732.9355,732.9759,68437,81953,Rhinolophus ferrumequinum,0.023,0.023,-1,Echolocation,/mnt/ubna_data_01_mir/recover-20220825/UBNA_002/20220823_033000.WAV,Telephone Field,recover-20220825,002,1795
732.9795,732.9902,48671,56614,Pipistrellus pipistrellus,0.014,0.029,-1,Echolocation,/mnt/ubna_data_01_mir/recover-20220825/UBNA_002/20220823_033000.WAV,Telephone Field,recover-20220825,002,1795
732.9795,732.9852,38359,69665,Myotis brandtii,0.322,0.422,-1,Echolocation,/mnt/ubna_data_01_mir/recover-20220825/UBNA_002/20220823_033000.WAV,Telephone Field,recover-20220825,002,1795
733.0025,733.0388,68437,81775,Rhinolophus ferrumequinum,0.023,0.023,-1,Echolocation,/mnt/ubna_data_01_mir/recover-20220825/UBNA_002/20220823_033000.WAV,Telephone Field,recover-20220825,002,1795
733.0335,733.0413,23750,32043,Plecotus austriacus,0.011,0.029,-1,Echolocation,/mnt/ubna_data_01_mir/recover-20220825/UBNA_002/20220823_033000.WAV,Telephone Field,recover-20220825,002,1795
733.0485,733.086,68437,81917,Rhinolophus ferrumequinum,0.022,0.022,-1,Echolocation,/mnt/ubna_data_01_mir/recover-20220825/UBNA_002/20220823_033000.WAV,Telephone Field,recover-20220825,002,1795
733.0505,733.0558,36640,52291,Myotis brandtii,0.014,0.031,-1,Echolocation,/mnt/ubna_data_01_mir/recover-20220825/UBNA_002/20220823_033000.WAV,Telephone Field,recover-20220825,002,1795
733.0615,733.0998,68437,82140,Rhinolophus ferrumequinum,0.023,0.023,-1,Echolocation,/mnt/ubna_data_01_mir/recover-20220825/UBNA_002/20220823_033000.WAV,Telephone Field,recover-20220825,002,1795
733.0825,733.0901,46093,56265,Pipistrellus pipistrellus,0.016,0.025,-1,Echolocation,/mnt/ubna_data_01_mir/recover-20220825/UBNA_002/20220823_033000.WAV,Telephone Field,recover-20220825,002,1795
733.0875,733.1245,68437,81932,Rhinolophus ferrumequinum,0.022,0.022,-1,Echolocation,/mnt/ubna_data_01_mir/recover-20220825/UBNA_002/20220823_033000.WAV,Telephone Field,recover-20220825,002,1795
733.1105,733.1176,38359,79205,Myotis brandtii,0.402,0.457,-1,Echolocation,/mnt/ubna_data_01_mir/recover-20220825/UBNA_002/20220823_033000.WAV,Telephone Field,recover-20220825,002,1795
733.1625,733.1725,28906,36995,Eptesicus serotinus,0.009,0.022,-1,Echolocation,/mnt/ubna_data_01_mir/recover-20220825/UBNA_002/20220823_033000.WAV,Telephone Field,recover-20220825,002,1795
733.1635,733.2081,68437,83122,Rhinolophus ferrumequinum,0.044,0.044,-1,Echolocation,/mnt/ubna_data_01_mir/recover-20220825/UBNA_002/20220823_033000.WAV,Telephone Field,recover-20220825,002,1795
733.1915,733.1977,49531,65405,Pipistrellus pipistrellus,0.009,0.026,-1,Echolocation,/mnt/ubna_data_01_mir/recover-20220825/UBNA_002/20220823_033000.WAV,Telephone Field,recover-20220825,002,1795
733.1985,733.2055,35781,74897,Myotis brandtii,0.358,0.429,-1,Echolocation,/mnt/ubna_data_01_mir/recover-20220825/UBNA_002/20220823_033000.WAV,Telephone Field,recover-20220825,002,1795
733.1985,733.2064,49531,60461,Pipistrellus pipistrellus,0.013,0.025,-1,Echolocation,/mnt/ubna_data_01_mir/recover-20220825/UBNA_002/20220823_033000.WAV,Telephone Field,recover-20220825,002,1795
733.2085,733.214,33203,49488,Myotis brandtii,0.011,0.023,-1,Echolocation,/mnt/ubna_data_01_mir/recover-20220825/UBNA_002/20220823_033000.WAV,Telephone Field,recover-20220825,002,1795
733.2705,733.2764,28046,36311,Eptesicus serotinus,0.007,0.025,-1,Echolocation,/mnt/ubna_data_01_mir/recover-20220825/UBNA_002/20220823_033000.WAV,Telephone Field,recover-20220825,002,1795
733.2795,733.289,52109,59737,Pipistrellus pygmaeus,0.016,0.037,-1,Echolocation,/mnt/ubna_data_01_mir/recover-20220825/UBNA_002/20220823_033000.WAV,Telephone Field,recover-20220825,002,1795
733.2855,733.2921,40078,71877,Pipistrellus nathusii,0.264,0.538,-1,Echolocation,/mnt/ubna_data_01_mir/recover-20220825/UBNA_002/20220823_033000.WAV,Telephone Field,recover-20220825,002,1795
733.2865,733.2918,26328,82606,Myotis bechsteinii,0.048,0.108,-1,Echolocation,/mnt/ubna_data_01_mir/recover-20220825/UBNA_002/20220823_033000.WAV,Telephone Field,recover-20220825,002,1795
733.2875,733.292,49531,58681,Pipistrellus pipistrellus,0.021,0.039,-1,Echolocation,/mnt/ubna_data_01_mir/recover-20220825/UBNA_002/20220823_033000.WAV,Telephone Field,recover-20220825,002,1795
733.2945,733.3003,37500,55235,Myotis brandtii,0.014,0.022,-1,Echolocation,/mnt/ubna_data_01_mir/recover-20220825/UBNA_002/20220823_033000.WAV,Telephone Field,recover-20220825,002,1795
733.3735,733.3804,34921,77281,Myotis brandtii,0.419,0.464,-1,Echolocation,/mnt/ubna_data_01_mir/recover-20220825/UBNA_002/20220823_033000.WAV,Telephone Field,recover-20220825,002,1795
733.3755,733.386,48671,55160,Pipistrellus pipistrellus,0.038,0.059,-1,Echolocation,/mnt/ubna_data_01_mir/recover-20220825/UBNA_002/20220823_033000.WAV,Telephone Field,recover-20220825,002,1795
733.3835,733.3892,35781,60493,Myotis brandtii,0.016,0.022,-1,Echolocation,/mnt/ubna_data_01_mir/recover-20220825/UBNA_002/20220823_033000.WAV,Telephone Field,recover-20220825,002,1795
733.4645,733.4708,38359,70124,Myotis brandtii,0.301,0.419,-1,Echolocation,/mnt/ubna_data_01_mir/recover-20220825/UBNA_002/20220823_033000.WAV,Telephone Field,recover-20220825,002,1795
733.4655,733.4996,68437,82697,Rhinolophus ferrumequinum,0.022,0.022,-1,Echolocation,/mnt/ubna_data_01_mir/recover-20220825/UBNA_002/20220823_033000.WAV,Telephone Field,recover-20220825,002,1795
733.4805,733.5193,68437,82377,Rhinolophus ferrumequinum,0.024,0.024,-1,Echolocation,/mnt/ubna_data_01_mir/recover-20220825/UBNA_002/20220823_033000.WAV,Telephone Field,recover-20220825,002,1795
733.5495,733.5615,57265,64127,Pipistrellus pygmaeus,0.041,0.042,-1,Echolocation,/mnt/ubna_data_01_mir/recover-20220825/UBNA_002/20220823_033000.WAV,Telephone Field,recover-20220825,002,1795
733.5575,733.5643,34921,82205,Myotis brandtii,0.513,0.562,-1,Echolocation,/mnt/ubna_data_01_mir/recover-20220825/UBNA_002/20220823_033000.WAV,Telephone Field,recover-20220825,002,1795
733.5585,733.5646,49531,58066,Pipistrellus pipistrellus,0.042,0.074,-1,Echolocation,/mnt/ubna_data_01_mir/recover-20220825/UBNA_002/20220823_033000.WAV,Telephone Field,recover-20220825,002,1795
733.6505,733.6567,36640,68802,Myotis brandtii,0.374,0.492,-1,Echolocation,/mnt/ubna_data_01_mir/recover-20220825/UBNA_002/20220823_033000.WAV,Telephone Field,recover-20220825,002,1795
733.6595,733.6664,46093,51060,Pipistrellus pipistrellus,0.018,0.03,-1,Echolocation,/mnt/ubna_data_01_mir/recover-20220825/UBNA_002/20220823_033000.WAV,Telephone Field,recover-20220825,002,1795
733.6745,733.6842,24609,32073,Eptesicus serotinus,0.008,0.022,-1,Echolocation,/mnt/ubna_data_01_mir/recover-20220825/UBNA_002/20220823_033000.WAV,Telephone Field,recover-20220825,002,1795
733.7355,733.743,34921,71113,Myotis brandtii,0.324,0.451,-1,Echolocation,/mnt/ubna_data_01_mir/recover-20220825/UBNA_002/20220823_033000.WAV,Telephone Field,recover-20220825,002,1795
733.7365,733.7441,47812,53876,Pipistrellus pipistrellus,0.027,0.047,-1,Echolocation,/mnt/ubna_data_01_mir/recover-20220825/UBNA_002/20220823_033000.WAV,Telephone Field,recover-20220825,002,1795
733.7445,733.7545,46093,49726,Pipistrellus pipistrellus,0.017,0.026,-1,Echolocation,/mnt/ubna_data_01_mir/recover-20220825/UBNA_002/20220823_033000.WAV,Telephone Field,recover-20220825,002,1795
733.7455,733.7509,33203,57995,Myotis brandtii,0.018,0.027,-1,Echolocation,/mnt/ubna_data_01_mir/recover-20220825/UBNA_002/20220823_033000.WAV,Telephone Field,recover-20220825,002,1795
733.7515,733.7843,68437,80483,Rhinolophus ferrumequinum,0.021,0.022,-1,Echolocation,/mnt/ubna_data_01_mir/recover-20220825/UBNA_002/20220823_033000.WAV,Telephone Field,recover-20220825,002,1795
733.7865,733.8266,68437,82756,Rhinolophus ferrumequinum,0.031,0.031,-1,Echolocation,/mnt/ubna_data_01_mir/recover-20220825/UBNA_002/20220823_033000.WAV,Telephone Field,recover-20220825,002,1795
733.7875,733.7976,22890,28351,Nyctalus leisleri,0.009,0.022,-1,Echolocation,/mnt/ubna_data_01_mir/recover-20220825/UBNA_002/20220823_033000.WAV,Telephone Field,recover-20220825,002,1795
733.8105,733.8169,28046,38219,Eptesicus serotinus,0.005,0.023,-1,Echolocation,/mnt/ubna_data_01_mir/recover-20220825/UBNA_002/20220823_033000.WAV,Telephone Field,recover-20220825,002,1795
733.8345,733.8442,25468,35441,Eptesicus serotinus,0.01,0.023,-1,Echolocation,/mnt/ubna_data_01_mir/recover-20220825/UBNA_002/20220823_033000.WAV,Telephone Field,recover-20220825,002,1795
733.8365,733.8739,68437,82061,Rhinolophus ferrumequinum,0.023,0.023,-1,Echolocation,/mnt/ubna_data_01_mir/recover-20220825/UBNA_002/20220823_033000.WAV,Telephone Field,recover-20220825,002,1795
733.8625,733.8682,40937,64744,Myotis brandtii,0.106,0.249,-1,Echolocation,/mnt/ubna_data_01_mir/recover-20220825/UBNA_002/20220823_033000.WAV,Telephone Field,recover-20220825,002,1795
733.8635,733.8693,50390,63053,Pipistrellus pipistrellus,0.016,0.031,-1,Echolocation,/mnt/ubna_data_01_mir/recover-20220825/UBNA_002/20220823_033000.WAV,Telephone Field,recover-20220825,002,1795
733.8635,733.8703,34062,82069,Myotis brandtii,0.34,0.376,-1,Echolocation,/mnt/ubna_data_01_mir/recover-20220825/UBNA_002/20220823_033000.WAV,Telephone Field,recover-20220825,002,1795
733.8845,733.8939,26328,36068,Eptesicus serotinus,0.01,0.024,-1,Echolocation,/mnt/ubna_data_01_mir/recover-20220825/UBNA_002/20220823_033000.WAV,Telephone Field,recover-20220825,002,1795
733.9005,733.909,28046,38671,Eptesicus serotinus,0.01,0.023,-1,Echolocation,/mnt/ubna_data_01_mir/recover-20220825/UBNA_002/20220823_033000.WAV,Telephone Field,recover-20220825,002,1795
733.9185,733.9573,68437,82198,Rhinolophus ferrumequinum,0.022,0.022,-1,Echolocation,/mnt/ubna_data_01_mir/recover-20220825/UBNA_002/20220823_033000.WAV,Telephone Field,recover-20220825,002,1795
733.9285,733.9386,26328,31087,Nyctalus leisleri,0.01,0.025,-1,Echolocation,/mnt/ubna_data_01_mir/recover-20220825/UBNA_002/20220823_033000.WAV,Telephone Field,recover-20220825,002,1795
733.9395,733.9501,48671,58729,Pipistrellus pipistrellus,0.022,0.046,-1,Echolocation,/mnt/ubna_data_01_mir/recover-20220825/UBNA_002/20220823_033000.WAV,Telephone Field,recover-20220825,002,1795
733.9455,733.9524,32343,77578,Myotis brandtii,0.325,0.398,-1,Echolocation,/mnt/ubna_data_01_mir/recover-20220825/UBNA_002/20220823_033000.WAV,Telephone Field,recover-20220825,002,1795
733.9565,733.964,29765,40532,Myotis daubentonii,0.012,0.037,-1,Echolocation,/mnt/ubna_data_01_mir/recover-20220825/UBNA_002/20220823_033000.WAV,Telephone Field,recover-20220825,002,1795
733.9855,733.9966,27187,35740,Eptesicus serotinus,0.013,0.029,-1,Echolocation,/mnt/ubna_data_01_mir/recover-20220825/UBNA_002/20220823_033000.WAV,Telephone Field,recover-20220825,002,1795
733.9885,733.9968,51250,60580,Pipistrellus pygmaeus,0.017,0.032,-1,Echolocation,/mnt/ubna_data_01_mir/recover-20220825/UBNA_002/20220823_033000.WAV,Telephone Field,recover-20220825,002,1795
734.0015,734.0088,47812,56689,Pipistrellus pipistrellus,0.015,0.025,-1,Echolocation,/mnt/ubna_data_01_mir/recover-20220825/UBNA_002/20220823_033000.WAV,Telephone Field,recover-20220825,002,1795
734.0015,734.0086,23750,35043,Plecotus austriacus,0.007,0.022,-1,Echolocation,/mnt/ubna_data_01_mir/recover-20220825/UBNA_002/20220823_033000.WAV,Telephone Field,recover-20220825,002,1795
734.0015,734.0314,69296,82354,Rhinolophus ferrumequinum,0.037,0.037,-1,Echolocation,/mnt/ubna_data_01_mir/recover-20220825/UBNA_002/20220823_033000.WAV,Telephone Field,recover-20220825,002,1795
734.0185,734.0255,28906,36151,Eptesicus serotinus,0.007,0.025,-1,Echolocation,/mnt/ubna_data_01_mir/recover-20220825/UBNA_002/20220823_033000.WAV,Telephone Field,recover-20220825,002,1795
734.0295,734.041,50390,54749,Pipistrellus pygmaeus,0.139,0.169,-1,Echolocation,/mnt/ubna_data_01_mir/recover-20220825/UBNA_002/20220823_033000.WAV,Telephone Field,recover-20220825,002,1795
734.0325,734.0391,27187,85912,Myotis bechsteinii,0.133,0.161,-1,Echolocation,/mnt/ubna_data_01_mir/recover-20220825/UBNA_002/20220823_033000.WAV,Telephone Field,recover-20220825,002,1795
734.0335,734.0406,35781,69576,Pipistrellus nathusii,0.223,0.448,-1,Echolocation,/mnt/ubna_data_01_mir/recover-20220825/UBNA_002/20220823_033000.WAV,Telephone Field,recover-20220825,002,1795
734.0435,734.0488,32343,57774,Myotis brandtii,0.022,0.037,-1,Echolocation,/mnt/ubna_data_01_mir/recover-20220825/UBNA_002/20220823_033000.WAV,Telephone Field,recover-20220825,002,1795
734.0765,734.0851,56406,65194,Pipistrellus pygmaeus,0.027,0.028,-1,Echolocation,/mnt/ubna_data_01_mir/recover-20220825/UBNA_002/20220823_033000.WAV,Telephone Field,recover-20220825,002,1795
734.1115,734.1523,68437,83264,Rhinolophus ferrumequinum,0.025,0.025,-1,Echolocation,/mnt/ubna_data_01_mir/recover-20220825/UBNA_002/20220823_033000.WAV,Telephone Field,recover-20220825,002,1795
734.1305,734.1369,38359,64335,Pipistrellus nathusii,0.223,0.374,-1,Echolocation,/mnt/ubna_data_01_mir/recover-20220825/UBNA_002/20220823_033000.WAV,Telephone Field,recover-20220825,002,1795
734.1305,734.1367,27187,85044,Myotis bechsteinii,0.162,0.194,-1,Echolocation,/mnt/ubna_data_01_mir/recover-20220825/UBNA_002/20220823_033000.WAV,Telephone Field,recover-20220825,002,1795
734.1405,734.1458,30625,47490,Myotis daubentonii,0.008,0.023,-1,Echolocation,/mnt/ubna_data_01_mir/recover-20220825/UBNA_002/20220823_033000.WAV,Telephone Field,recover-20220825,002,1795
734.1545,734.1679,23750,28240,Nyctalus leisleri,0.012,0.023,-1,Echolocation,/mnt/ubna_data_01_mir/recover-20220825/UBNA_002/20220823_033000.WAV,Telephone Field,recover-20220825,002,1795
734.1675,734.177,49531,54155,Pipistrellus pipistrellus,0.028,0.035,-1,Echolocation,/mnt/ubna_data_01_mir/recover-20220825/UBNA_002/20220823_033000.WAV,Telephone Field,recover-20220825,002,1795
734.1715,734.1789,26328,38322,Eptesicus serotinus,0.006,0.022,-1,Echolocation,/mnt/ubna_data_01_mir/recover-20220825/UBNA_002/20220823_033000.WAV,Telephone Field,recover-20220825,002,1795
734.2045,734.2378,68437,80984,Rhinolophus ferrumequinum,0.022,0.022,-1,Echolocation,/mnt/ubna_data_01_mir/recover-20220825/UBNA_002/20220823_033000.WAV,Telephone Field,recover-20220825,002,1795
734.2235,734.2304,26328,82461,Myotis bechsteinii,0.144,0.179,-1,Echolocation,/mnt/ubna_data_01_mir/recover-20220825/UBNA_002/20220823_033000.WAV,Telephone Field,recover-20220825,002,1795
734.2245,734.2318,33203,69553,Pipistrellus nathusii,0.173,0.369,-1,Echolocation,/mnt/ubna_data_01_mir/recover-20220825/UBNA_002/20220823_033000.WAV,Telephone Field,recover-20220825,002,1795
734.2335,734.2401,38359,51710,Pipistrellus nathusii,0.015,0.031,-1,Echolocation,/mnt/ubna_data_01_mir/recover-20220825/UBNA_002/20220823_033000.WAV,Telephone Field,recover-20220825,002,1795
734.2335,734.2385,30625,42590,Myotis daubentonii,0.008,0.034,-1,Echolocation,/mnt/ubna_data_01_mir/recover-20220825/UBNA_002/20220823_033000.WAV,Telephone Field,recover-20220825,002,1795
734.2385,734.2698,68437,80903,Rhinolophus ferrumequinum,0.022,0.022,-1,Echolocation,/mnt/ubna_data_01_mir/recover-20220825/UBNA_002/20220823_033000.WAV,Telephone Field,recover-20220825,002,1795
734.2535,734.2637,26328,33364,Eptesicus serotinus,0.008,0.022,-1,Echolocation,/mnt/ubna_data_01_mir/recover-20220825/UBNA_002/20220823_033000.WAV,Telephone Field,recover-20220825,002,1795
734.3265,734.3335,38359,57838,Pipistrellus nathusii,0.413,0.575,-1,Echolocation,/mnt/ubna_data_01_mir/recover-20220825/UBNA_002/20220823_033000.WAV,Telephone Field,recover-20220825,002,1795
734.3275,734.3333,29765,72389,Myotis bechsteinii,0.059,0.095,-1,Echolocation,/mnt/ubna_data_01_mir/recover-20220825/UBNA_002/20220823_033000.WAV,Telephone Field,recover-20220825,002,1795
734.3365,734.3419,32343,51960,Myotis brandtii,0.011,0.026,-1,Echolocation,/mnt/ubna_data_01_mir/recover-20220825/UBNA_002/20220823_033000.WAV,Telephone Field,recover-20220825,002,1795
734.3455,734.3873,68437,83016,Rhinolophus ferrumequinum,0.024,0.024,-1,Echolocation,/mnt/ubna_data_01_mir/recover-20220825/UBNA_002/20220823_033000.WAV,Telephone Field,recover-20220825,002,1795
734.3885,734.3945,28906,76665,Myotis bechsteinii,0.104,0.148,-1,Echolocation,/mnt/ubna_data_01_mir/recover-20220825/UBNA_002/20220823_033000.WAV,Telephone Field,recover-20220825,002,1795
734.3895,734.3961,37500,59008,Pipistrellus nathusii,0.4,0.564,-1,Echolocation,/mnt/ubna_data_01_mir/recover-20220825/UBNA_002/20220823_033000.WAV,Telephone Field,recover-20220825,002,1795
734.3985,734.4038,33203,50491,Myotis brandtii,0.011,0.024,-1,Echolocation,/mnt/ubna_data_01_mir/recover-20220825/UBNA_002/20220823_033000.WAV,Telephone Field,recover-20220825,002,1795
734.3985,734.4046,26328,40937,Plecotus auritus,0.004,0.023,-1,Echolocation,/mnt/ubna_data_01_mir/recover-20220825/UBNA_002/20220823_033000.WAV,Telephone Field,recover-20220825,002,1795
734.4435,734.4495,28906,70514,Myotis bechsteinii,0.046,0.074,-1,Echolocation,/mnt/ubna_data_01_mir/recover-20220825/UBNA_002/20220823_033000.WAV,Telephone Field,recover-20220825,002,1795
734.4445,734.4506,36640,60803,Pipistrellus nathusii,0.485,0.586,-1,Echolocation,/mnt/ubna_data_01_mir/recover-20220825/UBNA_002/20220823_033000.WAV,Telephone Field,recover-20220825,002,1795
734.4535,734.4587,31484,55105,Myotis brandtii,0.016,0.032,-1,Echolocation,/mnt/ubna_data_01_mir/recover-20220825/UBNA_002/20220823_033000.WAV,Telephone Field,recover-20220825,002,1795
734.5025,734.5142,48671,52183,Pipistrellus pipistrellus,0.013,0.025,-1,Echolocation,/mnt/ubna_data_01_mir/recover-20220825/UBNA_002/20220823_033000.WAV,Telephone Field,recover-20220825,002,1795
734.5085,734.514,28906,78137,Myotis bechsteinii,0.066,0.092,-1,Echolocation,/mnt/ubna_data_01_mir/recover-20220825/UBNA_002/20220823_033000.WAV,Telephone Field,recover-20220825,002,1795
734.5095,734.516,38359,62897,Pipistrellus nathusii,0.56,0.64,-1,Echolocation,/mnt/ubna_data_01_mir/recover-20220825/UBNA_002/20220823_033000.WAV,Telephone Field,recover-20220825,002,1795
734.5195,734.5247,34062,55905,Myotis brandtii,0.016,0.027,-1,Echolocation,/mnt/ubna_data_01_mir/recover-20220825/UBNA_002/20220823_033000.WAV,Telephone Field,recover-20220825,002,1795
734.5205,734.5501,68437,81228,Rhinolophus ferrumequinum,0.022,0.023,-1,Echolocation,/mnt/ubna_data_01_mir/recover-20220825/UBNA_002/20220823_033000.WAV,Telephone Field,recover-20220825,002,1795
734.5725,734.6045,68437,81836,Rhinolophus ferrumequinum,0.027,0.027,-1,Echolocation,/mnt/ubna_data_01_mir/recover-20220825/UBNA_002/20220823_033000.WAV,Telephone Field,recover-20220825,002,1795
734.5745,734.5823,37500,68130,Pipistrellus nathusii,0.367,0.465,-1,Echolocation,/mnt/ubna_data_01_mir/recover-20220825/UBNA_002/20220823_033000.WAV,Telephone Field,recover-20220825,002,1795
734.5745,734.581,28046,82929,Myotis bechsteinii,0.099,0.132,-1,Echolocation,/mnt/ubna_data_01_mir/recover-20220825/UBNA_002/20220823_033000.WAV,Telephone Field,recover-20220825,002,1795
734.5755,734.5857,51250,61614,Pipistrellus pipistrellus,0.017,0.027,-1,Echolocation,/mnt/ubna_data_01_mir/recover-20220825/UBNA_002/20220823_033000.WAV,Telephone Field,recover-20220825,002,1795
734.5835,734.5895,37500,49906,Pipistrellus nathusii,0.02,0.043,-1,Echolocation,/mnt/ubna_data_01_mir/recover-20220825/UBNA_002/20220823_033000.WAV,Telephone Field,recover-20220825,002,1795
734.5845,734.5907,26328,43491,Plecotus auritus,0.004,0.023,-1,Echolocation,/mnt/ubna_data_01_mir/recover-20220825/UBNA_002/20220823_033000.WAV,Telephone Field,recover-20220825,002,1795
734.5895,734.6202,68437,81216,Rhinolophus ferrumequinum,0.021,0.022,-1,Echolocation,/mnt/ubna_data_01_mir/recover-20220825/UBNA_002/20220823_033000.WAV,Telephone Field,recover-20220825,002,1795
734.6455,734.6519,28906,75392,Myotis bechsteinii,0.057,0.077,-1,Echolocation,/mnt/ubna_data_01_mir/recover-20220825/UBNA_002/20220823_033000.WAV,Telephone Field,recover-20220825,002,1795
734.6455,734.6527,38359,59930,Pipistrellus nathusii,0.593,0.63,-1,Echolocation,/mnt/ubna_data_01_mir/recover-20220825/UBNA_002/20220823_033000.WAV,Telephone Field,recover-20220825,002,1795
734.6465,734.6555,47812,56754,Pipistrellus pipistrellus,0.012,0.028,-1,Echolocation,/mnt/ubna_data_01_mir/recover-20220825/UBNA_002/20220823_033000.WAV,Telephone Field,recover-20220825,002,1795
734.6615,734.6917,68437,80323,Rhinolophus ferrumequinum,0.022,0.022,-1,Echolocation,/mnt/ubna_data_01_mir/recover-20220825/UBNA_002/20220823_033000.WAV,Telephone Field,recover-20220825,002,1795
734.6885,734.6955,47812,55243,Pipistrellus pipistrellus,0.023,0.028,-1,Echolocation,/mnt/ubna_data_01_mir/recover-20220825/UBNA_002/20220823_033000.WAV,Telephone Field,recover-20220825,002,1795
734.7035,734.7086,40078,58419,Pipistrellus nathusii,0.157,0.326,-1,Echolocation,/mnt/ubna_data_01_mir/recover-20220825/UBNA_002/20220823_033000.WAV,Telephone Field,recover-20220825,002,1795
734.7145,734.7254,28046,33707,Eptesicus serotinus,0.012,0.028,-1,Echolocation,/mnt/ubna_data_01_mir/recover-20220825/UBNA_002/20220823_033000.WAV,Telephone Field,recover-20220825,002,1795
734.7185,734.7575,68437,82403,Rhinolophus ferrumequinum,0.023,0.023,-1,Echolocation,/mnt/ubna_data_01_mir/recover-20220825/UBNA_002/20220823_033000.WAV,Telephone Field,recover-20220825,002,1795
734.7465,734.7516,30625,85453,Myotis bechsteinii,0.049,0.102,-1,Echolocation,/mnt/ubna_data_01_mir/recover-20220825/UBNA_002/20220823_033000.WAV,Telephone Field,recover-20220825,002,1795
734.7465,734.7517,40078,58921,Myotis brandtii,0.121,0.235,-1,Echolocation,/mnt/ubna_data_01_mir/recover-20220825/UBNA_002/20220823_033000.WAV,Telephone Field,recover-20220825,002,1795
734.7575,734.7939,68437,82011,Rhinolophus ferrumequinum,0.022,0.022,-1,Echolocation,/mnt/ubna_data_01_mir/recover-20220825/UBNA_002/20220823_033000.WAV,Telephone Field,recover-20220825,002,1795
734.8185,734.8246,28906,73156,Myotis bechsteinii,0.049,0.069,-1,Echolocation,/mnt/ubna_data_01_mir/recover-20220825/UBNA_002/20220823_033000.WAV,Telephone Field,recover-20220825,002,1795
734.8185,734.8257,37500,69754,Pipistrellus nathusii,0.516,0.653,-1,Echolocation,/mnt/ubna_data_01_mir/recover-20220825/UBNA_002/20220823_033000.WAV,Telephone Field,recover-20220825,002,1795
734.8205,734.8259,50390,57086,Pipistrellus pipistrellus,0.02,0.035,-1,Echolocation,/mnt/ubna_data_01_mir/recover-20220825/UBNA_002/20220823_033000.WAV,Telephone Field,recover-20220825,002,1795
734.8265,734.8315,25468,48812,Plecotus auritus,0.008,0.023,-1,Echolocation,/mnt/ubna_data_01_mir/recover-20220825/UBNA_002/20220823_033000.WAV,Telephone Field,recover-20220825,002,1795
734.8295,734.8349,34062,59931,Myotis brandtii,0.017,0.029,-1,Echolocation,/mnt/ubna_data_01_mir/recover-20220825/UBNA_002/20220823_033000.WAV,Telephone Field,recover-20220825,002,1795
734.9095,734.9167,27187,71067,Myotis bechsteinii,0.084,0.114,-1,Echolocation,/mnt/ubna_data_01_mir/recover-20220825/UBNA_002/20220823_033000.WAV,Telephone Field,recover-20220825,002,1795
734.9105,734.9186,34921,57574,Pipistrellus nathusii,0.425,0.541,-1,Echolocation,/mnt/ubna_data_01_mir/recover-20220825/UBNA_002/20220823_033000.WAV,Telephone Field,recover-20220825,002,1795
734.9215,734.927,29765,46874,Myotis daubentonii,0.01,0.027,-1,Echolocation,/mnt/ubna_data_01_mir/recover-20220825/UBNA_002/20220823_033000.WAV,Telephone Field,recover-20220825,002,1795
734.9585,734.9983,68437,82550,Rhinolophus ferrumequinum,0.026,0.026,-1,Echolocation,/mnt/ubna_data_01_mir/recover-20220825/UBNA_002/20220823_033000.WAV,Telephone Field,recover-20220825,002,1795
734.9985,735.0066,40937,54020,Pipistrellus nathusii,0.009,0.023,-1,Echolocation,/mnt/ubna_data_01_mir/recover-20220825/UBNA_002/20220823_033000.WAV,Telephone Field,recover-20220825,002,1795
735.0315,735.0379,28046,78371,Myotis bechsteinii,0.089,0.119,-1,Echolocation,/mnt/ubna_data_01_mir/recover-20220825/UBNA_002/20220823_033000.WAV,Telephone Field,recover-20220825,002,1795
735.0325,735.0398,36640,67060,Pipistrellus nathusii,0.453,0.519,-1,Echolocation,/mnt/ubna_data_01_mir/recover-20220825/UBNA_002/20220823_033000.WAV,Telephone Field,recover-20220825,002,1795
735.0405,735.0458,35781,48624,Myotis brandtii,0.015,0.032,-1,Echolocation,/mnt/ubna_data_01_mir/recover-20220825/UBNA_002/20220823_033000.WAV,Telephone Field,recover-20220825,002,1795
735.0425,735.072,68437,81159,Rhinolophus ferrumequinum,0.022,0.022,-1,Echolocation,/mnt/ubna_data_01_mir/recover-20220825/UBNA_002/20220823_033000.WAV,Telephone Field,recover-20220825,002,1795
735.0435,735.0496,26328,40544,Plecotus auritus,0.007,0.027,-1,Echolocation,/mnt/ubna_data_01_mir/recover-20220825/UBNA_002/20220823_033000.WAV,Telephone Field,recover-20220825,002,1795
735.0775,735.1151,68437,82570,Rhinolophus ferrumequinum,0.028,0.028,-1,Echolocation,/mnt/ubna_data_01_mir/recover-20220825/UBNA_002/20220823_033000.WAV,Telephone Field,recover-20220825,002,1795
735.1065,735.1134,26328,83226,Myotis bechsteinii,0.167,0.202,-1,Echolocation,/mnt/ubna_data_01_mir/recover-20220825/UBNA_002/20220823_033000.WAV,Telephone Field,recover-20220825,002,1795
735.1065,735.1372,68437,81890,Rhinolophus ferrumequinum,0.024,0.024,-1,Echolocation,/mnt/ubna_data_01_mir/recover-20220825/UBNA_002/20220823_033000.WAV,Telephone Field,recover-20220825,002,1795
735.1075,735.1151,34062,72855,Pipistrellus nathusii,0.174,0.278,-1,Echolocation,/mnt/ubna_data_01_mir/recover-20220825/UBNA_002/20220823_033000.WAV,Telephone Field,recover-20220825,002,1795
735.1085,735.117,49531,55753,Pipistrellus pipistrellus,0.018,0.027,-1,Echolocation,/mnt/ubna_data_01_mir/recover-20220825/UBNA_002/20220823_033000.WAV,Telephone Field,recover-20220825,002,1795
735.1155,735.1214,36640,52167,Myotis brandtii,0.014,0.03,-1,Echolocation,/mnt/ubna_data_01_mir/recover-20220825/UBNA_002/20220823_033000.WAV,Telephone Field,recover-20220825,002,1795
735.1545,735.1616,49531,55239,Pipistrellus pipistrellus,0.022,0.026,-1,Echolocation,/mnt/ubna_data_01_mir/recover-20220825/UBNA_002/20220823_033000.WAV,Telephone Field,recover-20220825,002,1795
735.1605,735.1765,21171,24196,Nyctalus leisleri,0.017,0.026,-1,Echolocation,/mnt/ubna_data_01_mir/recover-20220825/UBNA_002/20220823_033000.WAV,Telephone Field,recover-20220825,002,1795
735.1775,735.1843,45234,56740,Pipistrellus pipistrellus,0.01,0.026,-1,Echolocation,/mnt/ubna_data_01_mir/recover-20220825/UBNA_002/20220823_033000.WAV,Telephone Field,recover-20220825,002,1795
735.1795,735.1859,28906,71206,Myotis bechsteinii,0.059,0.09,-1,Echolocation,/mnt/ubna_data_01_mir/recover-20220825/UBNA_002/20220823_033000.WAV,Telephone Field,recover-20220825,002,1795
735.1795,735.187,35781,58471,Pipistrellus nathusii,0.473,0.568,-1,Echolocation,/mnt/ubna_data_01_mir/recover-20220825/UBNA_002/20220823_033000.WAV,Telephone Field,recover-20220825,002,1795
735.1885,735.1955,26328,40451,Eptesicus serotinus,0.007,0.026,-1,Echolocation,/mnt/ubna_data_01_mir/recover-20220825/UBNA_002/20220823_033000.WAV,Telephone Field,recover-20220825,002,1795
735.2435,735.2766,68437,81088,Rhinolophus ferrumequinum,0.022,0.022,-1,Echolocation,/mnt/ubna_data_01_mir/recover-20220825/UBNA_002/20220823_033000.WAV,Telephone Field,recover-20220825,002,1795
735.2545,735.2623,34062,67583,Pipistrellus nathusii,0.211,0.366,-1,Echolocation,/mnt/ubna_data_01_mir/recover-20220825/UBNA_002/20220823_033000.WAV,Telephone Field,recover-20220825,002,1795
735.2545,735.2613,26328,78564,Myotis bechsteinii,0.125,0.153,-1,Echolocation,/mnt/ubna_data_01_mir/recover-20220825/UBNA_002/20220823_033000.WAV,Telephone Field,recover-20220825,002,1795
735.2565,735.2643,46953,57257,Pipistrellus pipistrellus,0.008,0.023,-1,Echolocation,/mnt/ubna_data_01_mir/recover-20220825/UBNA_002/20220823_033000.WAV,Telephone Field,recover-20220825,002,1795
735.2635,735.27,38359,50675,Pipistrellus nathusii,0.021,0.041,-1,Echolocation,/mnt/ubna_data_01_mir/recover-20220825/UBNA_002/20220823_033000.WAV,Telephone Field,recover-20220825,002,1795
735.2645,735.2713,26328,36560,Eptesicus serotinus,0.006,0.029,-1,Echolocation,/mnt/ubna_data_01_mir/recover-20220825/UBNA_002/20220823_033000.WAV,Telephone Field,recover-20220825,002,1795
735.3015,735.3388,68437,82088,Rhinolophus ferrumequinum,0.022,0.022,-1,Echolocation,/mnt/ubna_data_01_mir/recover-20220825/UBNA_002/20220823_033000.WAV,Telephone Field,recover-20220825,002,1795
735.3315,735.3376,32343,55528,Myotis brandtii,0.013,0.024,-1,Echolocation,/mnt/ubna_data_01_mir/recover-20220825/UBNA_002/20220823_033000.WAV,Telephone Field,recover-20220825,002,1795
735.3425,735.3495,35781,58585,Pipistrellus nathusii,0.341,0.494,-1,Echolocation,/mnt/ubna_data_01_mir/recover-20220825/UBNA_002/20220823_033000.WAV,Telephone Field,recover-20220825,002,1795
735.3545,735.3877,68437,80190,Rhinolophus ferrumequinum,0.027,0.027,-1,Echolocation,/mnt/ubna_data_01_mir/recover-20220825/UBNA_002/20220823_033000.WAV,Telephone Field,recover-20220825,002,1795
735.4075,735.4158,48671,56537,Pipistrellus pipistrellus,0.02,0.027,-1,Echolocation,/mnt/ubna_data_01_mir/recover-20220825/UBNA_002/20220823_033000.WAV,Telephone Field,recover-20220825,002,1795
735.4245,735.4317,50390,54517,Pipistrellus pipistrellus,0.016,0.025,-1,Echolocation,/mnt/ubna_data_01_mir/recover-20220825/UBNA_002/20220823_033000.WAV,Telephone Field,recover-20220825,002,1795
735.4295,735.4362,28046,74332,Myotis bechsteinii,0.088,0.116,-1,Echolocation,/mnt/ubna_data_01_mir/recover-20220825/UBNA_002/20220823_033000.WAV,Telephone Field,recover-20220825,002,1795
735.4305,735.4376,35781,63399,Pipistrellus nathusii,0.507,0.599,-1,Echolocation,/mnt/ubna_data_01_mir/recover-20220825/UBNA_002/20220823_033000.WAV,Telephone Field,recover-20220825,002,1795
735.4315,735.4381,48671,62110,Pipistrellus pipistrellus,0.017,0.034,-1,Echolocation,/mnt/ubna_data_01_mir/recover-20220825/UBNA_002/20220823_033000.WAV,Telephone Field,recover-20220825,002,1795
735.4405,735.4459,33203,51748,Myotis brandtii,0.015,0.033,-1,Echolocation,/mnt/ubna_data_01_mir/recover-20220825/UBNA_002/20220823_033000.WAV,Telephone Field,recover-20220825,002,1795
735.4795,735.4874,28046,36398,Eptesicus serotinus,0.007,0.023,-1,Echolocation,/mnt/ubna_data_01_mir/recover-20220825/UBNA_002/20220823_033000.WAV,Telephone Field,recover-20220825,002,1795
735.4955,735.504,49531,56431,Pipistrellus pipistrellus,0.023,0.03,-1,Echolocation,/mnt/ubna_data_01_mir/recover-20220825/UBNA_002/20220823_033000.WAV,Telephone Field,recover-20220825,002,1795
735.5315,735.5377,29765,66481,Myotis bechsteinii,0.028,0.054,-1,Echolocation,/mnt/ubna_data_01_mir/recover-20220825/UBNA_002/20220823_033000.WAV,Telephone Field,recover-20220825,002,1795
735.5325,735.5389,40078,53507,Pipistrellus nathusii,0.461,0.519,-1,Echolocation,/mnt/ubna_data_01_mir/recover-20220825/UBNA_002/20220823_033000.WAV,Telephone Field,recover-20220825,002,1795
735.5525,735.5923,68437,82863,Rhinolophus ferrumequinum,0.028,0.028,-1,Echolocation,/mnt/ubna_data_01_mir/recover-20220825/UBNA_002/20220823_033000.WAV,Telephone Field,recover-20220825,002,1795
735.5745,735.612,68437,82555,Rhinolophus ferrumequinum,0.022,0.022,-1,Echolocation,/mnt/ubna_data_01_mir/recover-20220825/UBNA_002/20220823_033000.WAV,Telephone Field,recover-20220825,002,1795
735.6285,735.6656,68437,81784,Rhinolophus ferrumequinum,0.022,0.022,-1,Echolocation,/mnt/ubna_data_01_mir/recover-20220825/UBNA_002/20220823_033000.WAV,Telephone Field,recover-20220825,002,1795
735.6605,735.6683,28046,72244,Myotis bechsteinii,0.082,0.117,-1,Echolocation,/mnt/ubna_data_01_mir/recover-20220825/UBNA_002/20220823_033000.WAV,Telephone Field,recover-20220825,002,1795
735.6605,735.6682,36640,60683,Pipistrellus nathusii,0.452,0.561,-1,Echolocation,/mnt/ubna_data_01_mir/recover-20220825/UBNA_002/20220823_033000.WAV,Telephone Field,recover-20220825,002,1795
735.6705,735.6782,27187,40343,Eptesicus serotinus,0.009,0.034,-1,Echolocation,/mnt/ubna_data_01_mir/recover-20220825/UBNA_002/20220823_033000.WAV,Telephone Field,recover-20220825,002,1795
735.6995,735.7366,68437,82729,Rhinolophus ferrumequinum,0.024,0.024,-1,Echolocation,/mnt/ubna_data_01_mir/recover-20220825/UBNA_002/20220823_033000.WAV,Telephone Field,recover-20220825,002,1795
735.7455,735.7544,28046,37665,Eptesicus serotinus,0.007,0.022,-1,Echolocation,/mnt/ubna_data_01_mir/recover-20220825/UBNA_002/20220823_033000.WAV,Telephone Field,recover-20220825,002,1795
735.7595,735.7661,36640,51116,Pipistrellus nathusii,0.475,0.586,-1,Echolocation,/mnt/ubna_data_01_mir/recover-20220825/UBNA_002/20220823_033000.WAV,Telephone Field,recover-20220825,002,1795
735.7705,735.7761,33203,58302,Myotis brandtii,0.014,0.026,-1,Echolocation,/mnt/ubna_data_01_mir/recover-20220825/UBNA_002/20220823_033000.WAV,Telephone Field,recover-20220825,002,1795
735.7715,735.7787,54687,64609,Pipistrellus pygmaeus,0.021,0.022,-1,Echolocation,/mnt/ubna_data_01_mir/recover-20220825/UBNA_002/20220823_033000.WAV,Telephone Field,recover-20220825,002,1795
735.8505,735.8582,48671,54487,Pipistrellus pipistrellus,0.024,0.039,-1,Echolocation,/mnt/ubna_data_01_mir/recover-20220825/UBNA_002/20220823_033000.WAV,Telephone Field,recover-20220825,002,1795
735.8515,735.8582,28906,70521,Myotis bechsteinii,0.048,0.07,-1,Echolocation,/mnt/ubna_data_01_mir/recover-20220825/UBNA_002/20220823_033000.WAV,Telephone Field,recover-20220825,002,1795
735.8535,735.8599,35781,58635,Pipistrellus nathusii,0.497,0.598,-1,Echolocation,/mnt/ubna_data_01_mir/recover-20220825/UBNA_002/20220823_033000.WAV,Telephone Field,recover-20220825,002,1795
735.8975,735.906,26328,37224,Eptesicus serotinus,0.007,0.022,-1,Echolocation,/mnt/ubna_data_01_mir/recover-20220825/UBNA_002/20220823_033000.WAV,Telephone Field,recover-20220825,002,1795
735.9455,735.9524,44375,54917,Pipistrellus pipistrellus,0.01,0.027,-1,Echolocation,/mnt/ubna_data_01_mir/recover-20220825/UBNA_002/20220823_033000.WAV,Telephone Field,recover-20220825,002,1795
735.9465,735.9527,28906,68738,Myotis bechsteinii,0.046,0.082,-1,Echolocation,/mnt/ubna_data_01_mir/recover-20220825/UBNA_002/20220823_033000.WAV,Telephone Field,recover-20220825,002,1795
735.9475,735.9551,35781,51804,Pipistrellus nathusii,0.328,0.514,-1,Echolocation,/mnt/ubna_data_01_mir/recover-20220825/UBNA_002/20220823_033000.WAV,Telephone Field,recover-20220825,002,1795
735.9575,735.9659,27187,36943,Eptesicus serotinus,0.009,0.027,-1,Echolocation,/mnt/ubna_data_01_mir/recover-20220825/UBNA_002/20220823_033000.WAV,Telephone Field,recover-20220825,002,1795
736.0015,736.0305,68437,80152,Rhinolophus ferrumequinum,0.036,0.037,-1,Echolocation,/mnt/ubna_data_01_mir/recover-20220825/UBNA_002/20220823_033000.WAV,Telephone Field,recover-20220825,002,1795
736.0015,736.0161,58984,67603,Pipistrellus pygmaeus,0.021,0.023,-1,Echolocation,/mnt/ubna_data_01_mir/recover-20220825/UBNA_002/20220823_033000.WAV,Telephone Field,recover-20220825,002,1795
736.0015,736.0094,29765,39454,Myotis daubentonii,0.007,0.023,-1,Echolocation,/mnt/ubna_data_01_mir/recover-20220825/UBNA_002/20220823_033000.WAV,Telephone Field,recover-20220825,002,1795
736.0015,736.0104,22031,28046,Nyctalus leisleri,0.009,0.024,-1,Echolocation,/mnt/ubna_data_01_mir/recover-20220825/UBNA_002/20220823_033000.WAV,Telephone Field,recover-20220825,002,1795
736.0255,736.0337,28046,36019,Eptesicus serotinus,0.007,0.023,-1,Echolocation,/mnt/ubna_data_01_mir/recover-20220825/UBNA_002/20220823_033000.WAV,Telephone Field,recover-20220825,002,1795
736.0255,736.0632,68437,82200,Rhinolophus ferrumequinum,0.027,0.027,-1,Echolocation,/mnt/ubna_data_01_mir/recover-20220825/UBNA_002/20220823_033000.WAV,Telephone Field,recover-20220825,002,1795
736.0395,736.0456,35781,52414,Pipistrellus nathusii,0.378,0.587,-1,Echolocation,/mnt/ubna_data_01_mir/recover-20220825/UBNA_002/20220823_033000.WAV,Telephone Field,recover-20220825,002,1795
736.0495,736.0552,29765,39723,Myotis daubentonii,0.012,0.026,-1,Echolocation,/mnt/ubna_data_01_mir/recover-20220825/UBNA_002/20220823_033000.WAV,Telephone Field,recover-20220825,002,1795
736.0695,736.0801,28046,35724,Eptesicus serotinus,0.011,0.023,-1,Echolocation,/mnt/ubna_data_01_mir/recover-20220825/UBNA_002/20220823_033000.WAV,Telephone Field,recover-20220825,002,1795
736.1005,736.1095,28046,38120,Eptesicus serotinus,0.009,0.025,-1,Echolocation,/mnt/ubna_data_01_mir/recover-20220825/UBNA_002/20220823_033000.WAV,Telephone Field,recover-20220825,002,1795
736.1295,736.1394,54687,62179,Pipistrellus pygmaeus,0.023,0.023,-1,Echolocation,/mnt/ubna_data_01_mir/recover-20220825/UBNA_002/20220823_033000.WAV,Telephone Field,recover-20220825,002,1795
736.1345,736.1411,40078,54161,Pipistrellus nathusii,0.255,0.362,-1,Echolocation,/mnt/ubna_data_01_mir/recover-20220825/UBNA_002/20220823_033000.WAV,Telephone Field,recover-20220825,002,1795
736.1355,736.1474,16015,21171,Nyctalus noctula,0.012,0.027,-1,Echolocation,/mnt/ubna_data_01_mir/recover-20220825/UBNA_002/20220823_033000.WAV,Telephone Field,recover-20220825,002,1795
736.1585,736.1935,68437,81177,Rhinolophus ferrumequinum,0.025,0.025,-1,Echolocation,/mnt/ubna_data_01_mir/recover-20220825/UBNA_002/20220823_033000.WAV,Telephone Field,recover-20220825,002,1795
736.2295,736.2354,36640,49691,Pipistrellus nathusii,0.464,0.632,-1,Echolocation,/mnt/ubna_data_01_mir/recover-20220825/UBNA_002/20220823_033000.WAV,Telephone Field,recover-20220825,002,1795
736.2375,736.243,30625,41318,Myotis daubentonii,0.013,0.027,-1,Echolocation,/mnt/ubna_data_01_mir/recover-20220825/UBNA_002/20220823_033000.WAV,Telephone Field,recover-20220825,002,1795
736.2965,736.3052,46093,53229,Pipistrellus pipistrellus,0.019,0.023,-1,Echolocation,/mnt/ubna_data_01_mir/recover-20220825/UBNA_002/20220823_033000.WAV,Telephone Field,recover-20220825,002,1795
736.3225,736.3297,39218,52772,Pipistrellus nathusii,0.413,0.514,-1,Echolocation,/mnt/ubna_data_01_mir/recover-20220825/UBNA_002/20220823_033000.WAV,Telephone Field,recover-20220825,002,1795
736.3605,736.3969,68437,81919,Rhinolophus ferrumequinum,0.022,0.022,-1,Echolocation,/mnt/ubna_data_01_mir/recover-20220825/UBNA_002/20220823_033000.WAV,Telephone Field,recover-20220825,002,1795
736.4115,736.4177,27187,50703,Myotis daubentonii,0.01,0.049,-1,Echolocation,/mnt/ubna_data_01_mir/recover-20220825/UBNA_002/20220823_033000.WAV,Telephone Field,recover-20220825,002,1795
736.4125,736.4191,44375,52837,Pipistrellus nathusii,0.026,0.053,-1,Echolocation,/mnt/ubna_data_01_mir/recover-20220825/UBNA_002/20220823_033000.WAV,Telephone Field,recover-20220825,002,1795
736.4135,736.4203,36640,52859,Pipistrellus nathusii,0.467,0.649,-1,Echolocation,/mnt/ubna_data_01_mir/recover-20220825/UBNA_002/20220823_033000.WAV,Telephone Field,recover-20220825,002,1795
736.4215,736.4276,26328,35332,Myotis daubentonii,0.007,0.028,-1,Echolocation,/mnt/ubna_data_01_mir/recover-20220825/UBNA_002/20220823_033000.WAV,Telephone Field,recover-20220825,002,1795
736.4465,736.4535,49531,55601,Pipistrellus pipistrellus,0.022,0.026,-1,Echolocation,/mnt/ubna_data_01_mir/recover-20220825/UBNA_002/20220823_033000.WAV,Telephone Field,recover-20220825,002,1795
736.4965,736.5018,37500,57295,Myotis brandtii,0.008,0.023,-1,Echolocation,/mnt/ubna_data_01_mir/recover-20220825/UBNA_002/20220823_033000.WAV,Telephone Field,recover-20220825,002,1795
736.5115,736.5178,37500,51399,Pipistrellus nathusii,0.486,0.63,-1,Echolocation,/mnt/ubna_data_01_mir/recover-20220825/UBNA_002/20220823_033000.WAV,Telephone Field,recover-20220825,002,1795
736.5205,736.5269,29765,39035,Myotis daubentonii,0.012,0.025,-1,Echolocation,/mnt/ubna_data_01_mir/recover-20220825/UBNA_002/20220823_033000.WAV,Telephone Field,recover-20220825,002,1795
736.5365,736.5489,23750,27874,Nyctalus leisleri,0.024,0.041,-1,Echolocation,/mnt/ubna_data_01_mir/recover-20220825/UBNA_002/20220823_033000.WAV,Telephone Field,recover-20220825,002,1795
736.6025,736.6091,37500,52906,Pipistrellus nathusii,0.644,0.67,-1,Echolocation,/mnt/ubna_data_01_mir/recover-20220825/UBNA_002/20220823_033000.WAV,Telephone Field,recover-20220825,002,1795
736.6095,736.6154,28906,40057,Myotis daubentonii,0.01,0.023,-1,Echolocation,/mnt/ubna_data_01_mir/recover-20220825/UBNA_002/20220823_033000.WAV,Telephone Field,recover-20220825,002,1795
736.6595,736.669,28046,36758,Eptesicus serotinus,0.009,0.023,-1,Echolocation,/mnt/ubna_data_01_mir/recover-20220825/UBNA_002/20220823_033000.WAV,Telephone Field,recover-20220825,002,1795
736.6795,736.7194,68437,83328,Rhinolophus ferrumequinum,0.028,0.028,-1,Echolocation,/mnt/ubna_data_01_mir/recover-20220825/UBNA_002/20220823_033000.WAV,Telephone Field,recover-20220825,002,1795
736.6865,736.6957,25468,33336,Eptesicus serotinus,0.009,0.025,-1,Echolocation,/mnt/ubna_data_01_mir/recover-20220825/UBNA_002/20220823_033000.WAV,Telephone Field,recover-20220825,002,1795
736.7065,736.7142,28046,35289,Eptesicus serotinus,0.009,0.026,-1,Echolocation,/mnt/ubna_data_01_mir/recover-20220825/UBNA_002/20220823_033000.WAV,Telephone Field,recover-20220825,002,1795
736.7165,736.7256,49531,52988,Pipistrellus pipistrellus,0.012,0.022,-1,Echolocation,/mnt/ubna_data_01_mir/recover-20220825/UBNA_002/20220823_033000.WAV,Telephone Field,recover-20220825,002,1795
736.7205,736.7263,38359,54955,Pipistrellus nathusii,0.502,0.645,-1,Echolocation,/mnt/ubna_data_01_mir/recover-20220825/UBNA_002/20220823_033000.WAV,Telephone Field,recover-20220825,002,1795
736.7295,736.7348,29765,40694,Myotis daubentonii,0.012,0.025,-1,Echolocation,/mnt/ubna_data_01_mir/recover-20220825/UBNA_002/20220823_033000.WAV,Telephone Field,recover-20220825,002,1795
736.7995,736.8055,49531,52781,Pipistrellus pipistrellus,0.021,0.035,-1,Echolocation,/mnt/ubna_data_01_mir/recover-20220825/UBNA_002/20220823_033000.WAV,Telephone Field,recover-20220825,002,1795
736.7995,736.8059,38359,54719,Pipistrellus nathusii,0.589,0.666,-1,Echolocation,/mnt/ubna_data_01_mir/recover-20220825/UBNA_002/20220823_033000.WAV,Telephone Field,recover-20220825,002,1795
736.8085,736.8146,31484,43082,Myotis daubentonii,0.012,0.024,-1,Echolocation,/mnt/ubna_data_01_mir/recover-20220825/UBNA_002/20220823_033000.WAV,Telephone Field,recover-20220825,002,1795
736.8615,736.8721,28046,35933,Eptesicus serotinus,0.02,0.037,-1,Echolocation,/mnt/ubna_data_01_mir/recover-20220825/UBNA_002/20220823_033000.WAV,Telephone Field,recover-20220825,002,1795
736.8975,736.9043,36640,50570,Pipistrellus nathusii,0.396,0.544,-1,Echolocation,/mnt/ubna_data_01_mir/recover-20220825/UBNA_002/20220823_033000.WAV,Telephone Field,recover-20220825,002,1795
736.9055,736.9115,29765,40945,Myotis daubentonii,0.012,0.024,-1,Echolocation,/mnt/ubna_data_01_mir/recover-20220825/UBNA_002/20220823_033000.WAV,Telephone Field,recover-20220825,002,1795
736.9785,736.9865,28046,36011,Eptesicus serotinus,0.008,0.022,-1,Echolocation,/mnt/ubna_data_01_mir/recover-20220825/UBNA_002/20220823_033000.WAV,Telephone Field,recover-20220825,002,1795
736.9935,736.9994,37500,53348,Pipistrellus nathusii,0.51,0.593,-1,Echolocation,/mnt/ubna_data_01_mir/recover-20220825/UBNA_002/20220823_033000.WAV,Telephone Field,recover-20220825,002,1795
737.0025,737.0078,30625,42161,Myotis daubentonii,0.013,0.027,-1,Echolocation,/mnt/ubna_data_01_mir/recover-20220825/UBNA_002/20220823_033000.WAV,Telephone Field,recover-20220825,002,1795
737.0235,737.0324,28046,36475,Eptesicus serotinus,0.007,0.022,-1,Echolocation,/mnt/ubna_data_01_mir/recover-20220825/UBNA_002/20220823_033000.WAV,Telephone Field,recover-20220825,002,1795
737.0435,737.0798,68437,81601,Rhinolophus ferrumequinum,0.023,0.023,-1,Echolocation,/mnt/ubna_data_01_mir/recover-20220825/UBNA_002/20220823_033000.WAV,Telephone Field,recover-20220825,002,1795
737.0535,737.0912,68437,82003,Rhinolophus ferrumequinum,0.022,0.022,-1,Echolocation,/mnt/ubna_data_01_mir/recover-20220825/UBNA_002/20220823_033000.WAV,Telephone Field,recover-20220825,002,1795
737.0585,737.0965,68437,81736,Rhinolophus ferrumequinum,0.023,0.023,-1,Echolocation,/mnt/ubna_data_01_mir/recover-20220825/UBNA_002/20220823_033000.WAV,Telephone Field,recover-20220825,002,1795
737.0905,737.0999,54687,59566,Pipistrellus pygmaeus,0.021,0.022,-1,Echolocation,/mnt/ubna_data_01_mir/recover-20220825/UBNA_002/20220823_033000.WAV,Telephone Field,recover-20220825,002,1795
737.0955,737.1022,38359,52723,Pipistrellus nathusii,0.471,0.582,-1,Echolocation,/mnt/ubna_data_01_mir/recover-20220825/UBNA_002/20220823_033000.WAV,Telephone Field,recover-20220825,002,1795
737.1295,737.1677,68437,81974,Rhinolophus ferrumequinum,0.023,0.023,-1,Echolocation,/mnt/ubna_data_01_mir/recover-20220825/UBNA_002/20220823_033000.WAV,Telephone Field,recover-20220825,002,1795
737.1815,737.2149,68437,81374,Rhinolophus ferrumequinum,0.022,0.022,-1,Echolocation,/mnt/ubna_data_01_mir/recover-20220825/UBNA_002/20220823_033000.WAV,Telephone Field,recover-20220825,002,1795
737.1965,737.2039,38359,53721,Pipistrellus nathusii,0.681,0.725,-1,Echolocation,/mnt/ubna_data_01_mir/recover-20220825/UBNA_002/20220823_033000.WAV,Telephone Field,recover-20220825,002,1795
737.2045,737.2103,31484,43083,Myotis daubentonii,0.011,0.022,-1,Echolocation,/mnt/ubna_data_01_mir/recover-20220825/UBNA_002/20220823_033000.WAV,Telephone Field,recover-20220825,002,1795
737.2985,737.3067,39218,50709,Pipistrellus nathusii,0.403,0.568,-1,Echolocation,/mnt/ubna_data_01_mir/recover-20220825/UBNA_002/20220823_033000.WAV,Telephone Field,recover-20220825,002,1795
737.3085,737.3178,27187,34207,Eptesicus serotinus,0.008,0.027,-1,Echolocation,/mnt/ubna_data_01_mir/recover-20220825/UBNA_002/20220823_033000.WAV,Telephone Field,recover-20220825,002,1795
737.3355,737.3453,28046,35975,Eptesicus serotinus,0.009,0.022,-1,Echolocation,/mnt/ubna_data_01_mir/recover-20220825/UBNA_002/20220823_033000.WAV,Telephone Field,recover-20220825,002,1795
737.3635,737.3714,28906,43472,Myotis daubentonii,0.007,0.022,-1,Echolocation,/mnt/ubna_data_01_mir/recover-20220825/UBNA_002/20220823_033000.WAV,Telephone Field,recover-20220825,002,1795
737.3685,737.3759,57265,65923,Pipistrellus pygmaeus,0.026,0.026,-1,Echolocation,/mnt/ubna_data_01_mir/recover-20220825/UBNA_002/20220823_033000.WAV,Telephone Field,recover-20220825,002,1795
737.3775,737.3843,27187,42829,Eptesicus serotinus,0.011,0.035,-1,Echolocation,/mnt/ubna_data_01_mir/recover-20220825/UBNA_002/20220823_033000.WAV,Telephone Field,recover-20220825,002,1795
737.3785,737.3837,32343,43150,Myotis daubentonii,0.016,0.035,-1,Echolocation,/mnt/ubna_data_01_mir/recover-20220825/UBNA_002/20220823_033000.WAV,Telephone Field,recover-20220825,002,1795
737.3965,737.4047,38359,51263,Pipistrellus nathusii,0.482,0.598,-1,Echolocation,/mnt/ubna_data_01_mir/recover-20220825/UBNA_002/20220823_033000.WAV,Telephone Field,recover-20220825,002,1795
737.4275,737.4359,28046,36751,Eptesicus serotinus,0.009,0.026,-1,Echolocation,/mnt/ubna_data_01_mir/recover-20220825/UBNA_002/20220823_033000.WAV,Telephone Field,recover-20220825,002,1795
737.4365,737.4718,68437,82443,Rhinolophus ferrumequinum,0.024,0.024,-1,Echolocation,/mnt/ubna_data_01_mir/recover-20220825/UBNA_002/20220823_033000.WAV,Telephone Field,recover-20220825,002,1795
737.4595,737.4969,68437,82554,Rhinolophus ferrumequinum,0.028,0.028,-1,Echolocation,/mnt/ubna_data_01_mir/recover-20220825/UBNA_002/20220823_033000.WAV,Telephone Field,recover-20220825,002,1795
737.4835,737.4913,28046,35919,Eptesicus serotinus,0.01,0.025,-1,Echolocation,/mnt/ubna_data_01_mir/recover-20220825/UBNA_002/20220823_033000.WAV,Telephone Field,recover-20220825,002,1795
737.4975,737.5049,40937,49417,Pipistrellus nathusii,0.429,0.553,-1,Echolocation,/mnt/ubna_data_01_mir/recover-20220825/UBNA_002/20220823_033000.WAV,Telephone Field,recover-20220825,002,1795
737.5005,737.5088,12578,23012,Barbastellus barbastellus,0.022,0.024,-1,Echolocation,/mnt/ubna_data_01_mir/recover-20220825/UBNA_002/20220823_033000.WAV,Telephone Field,recover-20220825,002,1795
737.5725,737.6091,68437,81799,Rhinolophus ferrumequinum,0.022,0.022,-1,Echolocation,/mnt/ubna_data_01_mir/recover-20220825/UBNA_002/20220823_033000.WAV,Telephone Field,recover-20220825,002,1795
737.5785,737.5856,28046,36102,Eptesicus serotinus,0.009,0.027,-1,Echolocation,/mnt/ubna_data_01_mir/recover-20220825/UBNA_002/20220823_033000.WAV,Telephone Field,recover-20220825,002,1795
737.5945,737.6004,37500,53621,Pipistrellus nathusii,0.305,0.47,-1,Echolocation,/mnt/ubna_data_01_mir/recover-20220825/UBNA_002/20220823_033000.WAV,Telephone Field,recover-20220825,002,1795
737.5955,737.6304,68437,81345,Rhinolophus ferrumequinum,0.024,0.024,-1,Echolocation,/mnt/ubna_data_01_mir/recover-20220825/UBNA_002/20220823_033000.WAV,Telephone Field,recover-20220825,002,1795
737.6035,737.6097,29765,39772,Myotis daubentonii,0.013,0.024,-1,Echolocation,/mnt/ubna_data_01_mir/recover-20220825/UBNA_002/20220823_033000.WAV,Telephone Field,recover-20220825,002,1795
737.6285,737.6377,28046,36566,Eptesicus serotinus,0.01,0.024,-1,Echolocation,/mnt/ubna_data_01_mir/recover-20220825/UBNA_002/20220823_033000.WAV,Telephone Field,recover-20220825,002,1795
737.6395,737.6482,28046,37291,Eptesicus serotinus,0.01,0.026,-1,Echolocation,/mnt/ubna_data_01_mir/recover-20220825/UBNA_002/20220823_033000.WAV,Telephone Field,recover-20220825,002,1795
737.6465,737.6551,28046,36360,Eptesicus serotinus,0.009,0.025,-1,Echolocation,/mnt/ubna_data_01_mir/recover-20220825/UBNA_002/20220823_033000.WAV,Telephone Field,recover-20220825,002,1795
737.6545,737.6646,28046,36111,Eptesicus serotinus,0.009,0.023,-1,Echolocation,/mnt/ubna_data_01_mir/recover-20220825/UBNA_002/20220823_033000.WAV,Telephone Field,recover-20220825,002,1795
737.6755,737.6892,24609,28704,Nyctalus leisleri,0.018,0.036,-1,Echolocation,/mnt/ubna_data_01_mir/recover-20220825/UBNA_002/20220823_033000.WAV,Telephone Field,recover-20220825,002,1795
737.6945,737.7009,40078,50546,Pipistrellus nathusii,0.049,0.121,-1,Echolocation,/mnt/ubna_data_01_mir/recover-20220825/UBNA_002/20220823_033000.WAV,Telephone Field,recover-20220825,002,1795
737.7135,737.7544,68437,82743,Rhinolophus ferrumequinum,0.025,0.025,-1,Echolocation,/mnt/ubna_data_01_mir/recover-20220825/UBNA_002/20220823_033000.WAV,Telephone Field,recover-20220825,002,1795
737.7215,737.7292,28046,40456,Eptesicus serotinus,0.007,0.022,-1,Echolocation,/mnt/ubna_data_01_mir/recover-20220825/UBNA_002/20220823_033000.WAV,Telephone Field,recover-20220825,002,1795
737.7375,737.746,25468,34056,Eptesicus serotinus,0.006,0.023,-1,Echolocation,/mnt/ubna_data_01_mir/recover-20220825/UBNA_002/20220823_033000.WAV,Telephone Field,recover-20220825,002,1795
737.7395,737.7473,55546,62885,Pipistrellus pygmaeus,0.027,0.028,-1,Echolocation,/mnt/ubna_data_01_mir/recover-20220825/UBNA_002/20220823_033000.WAV,Telephone Field,recover-20220825,002,1795
737.7465,737.7548,37500,44289,Pipistrellus nathusii,0.019,0.03,-1,Echolocation,/mnt/ubna_data_01_mir/recover-20220825/UBNA_002/20220823_033000.WAV,Telephone Field,recover-20220825,002,1795
737.7655,737.8018,68437,81915,Rhinolophus ferrumequinum,0.022,0.022,-1,Echolocation,/mnt/ubna_data_01_mir/recover-20220825/UBNA_002/20220823_033000.WAV,Telephone Field,recover-20220825,002,1795
737.7665,737.775,40937,50118,Pipistrellus nathusii,0.011,0.025,-1,Echolocation,/mnt/ubna_data_01_mir/recover-20220825/UBNA_002/20220823_033000.WAV,Telephone Field,recover-20220825,002,1795
737.7685,737.7743,35781,52231,Myotis brandtii,0.01,0.024,-1,Echolocation,/mnt/ubna_data_01_mir/recover-20220825/UBNA_002/20220823_033000.WAV,Telephone Field,recover-20220825,002,1795
737.7705,737.7767,27187,41853,Myotis daubentonii,0.007,0.028,-1,Echolocation,/mnt/ubna_data_01_mir/recover-20220825/UBNA_002/20220823_033000.WAV,Telephone Field,recover-20220825,002,1795
737.7885,737.7951,37500,52087,Pipistrellus nathusii,0.264,0.473,-1,Echolocation,/mnt/ubna_data_01_mir/recover-20220825/UBNA_002/20220823_033000.WAV,Telephone Field,recover-20220825,002,1795
737.8035,737.8147,28046,34494,Eptesicus serotinus,0.015,0.034,-1,Echolocation,/mnt/ubna_data_01_mir/recover-20220825/UBNA_002/20220823_033000.WAV,Telephone Field,recover-20220825,002,1795
737.8795,737.886,39218,50190,Pipistrellus nathusii,0.25,0.38,-1,Echolocation,/mnt/ubna_data_01_mir/recover-20220825/UBNA_002/20220823_033000.WAV,Telephone Field,recover-20220825,002,1795
737.9255,737.9345,41796,48838,Pipistrellus nathusii,0.016,0.03,-1,Echolocation,/mnt/ubna_data_01_mir/recover-20220825/UBNA_002/20220823_033000.WAV,Telephone Field,recover-20220825,002,1795
737.9315,737.9395,37500,43658,Pipistrellus nathusii,0.011,0.027,-1,Echolocation,/mnt/ubna_data_01_mir/recover-20220825/UBNA_002/20220823_033000.WAV,Telephone Field,recover-20220825,002,1795
737.9455,737.9533,26328,37766,Eptesicus serotinus,0.007,0.023,-1,Echolocation,/mnt/ubna_data_01_mir/recover-20220825/UBNA_002/20220823_033000.WAV,Telephone Field,recover-20220825,002,1795
737.9675,737.9776,34062,39048,Barbastellus barbastellus,0.007,0.022,-1,Echolocation,/mnt/ubna_data_01_mir/recover-20220825/UBNA_002/20220823_033000.WAV,Telephone Field,recover-20220825,002,1795
737.9695,737.9771,28906,35354,Eptesicus serotinus,0.007,0.024,-1,Echolocation,/mnt/ubna_data_01_mir/recover-20220825/UBNA_002/20220823_033000.WAV,Telephone Field,recover-20220825,002,1795
737.9845,737.9893,40937,54374,Pipistrellus nathusii,0.22,0.305,-1,Echolocation,/mnt/ubna_data_01_mir/recover-20220825/UBNA_002/20220823_033000.WAV,Telephone Field,recover-20220825,002,1795
738.0015,738.0129,46953,53265,Pipistrellus pipistrellus,0.026,0.037,-1,Echolocation,/mnt/ubna_data_01_mir/recover-20220825/UBNA_002/20220823_033000.WAV,Telephone Field,recover-20220825,002,1795
738.0015,738.0313,68437,79980,Rhinolophus ferrumequinum,0.031,0.031,-1,Echolocation,/mnt/ubna_data_01_mir/recover-20220825/UBNA_002/20220823_033000.WAV,Telephone Field,recover-20220825,002,1795
738.0015,738.0104,22031,28672,Nyctalus leisleri,0.007,0.022,-1,Echolocation,/mnt/ubna_data_01_mir/recover-20220825/UBNA_002/20220823_033000.WAV,Telephone Field,recover-20220825,002,1795
738.0445,738.0528,42656,52928,Pipistrellus nathusii,0.009,0.024,-1,Echolocation,/mnt/ubna_data_01_mir/recover-20220825/UBNA_002/20220823_033000.WAV,Telephone Field,recover-20220825,002,1795
738.0525,738.0645,23750,30050,Eptesicus serotinus,0.009,0.025,-1,Echolocation,/mnt/ubna_data_01_mir/recover-20220825/UBNA_002/20220823_033000.WAV,Telephone Field,recover-20220825,002,1795
738.0715,738.1072,68437,81415,Rhinolophus ferrumequinum,0.022,0.022,-1,Echolocation,/mnt/ubna_data_01_mir/recover-20220825/UBNA_002/20220823_033000.WAV,Telephone Field,recover-20220825,002,1795
738.0755,738.0825,38359,50609,Pipistrellus nathusii,0.22,0.45,-1,Echolocation,/mnt/ubna_data_01_mir/recover-20220825/UBNA_002/20220823_033000.WAV,Telephone Field,recover-20220825,002,1795
738.0855,738.0936,26328,33920,Eptesicus serotinus,0.008,0.024,-1,Echolocation,/mnt/ubna_data_01_mir/recover-20220825/UBNA_002/20220823_033000.WAV,Telephone Field,recover-20220825,002,1795
738.0925,738.1022,24609,30557,Eptesicus serotinus,0.009,0.023,-1,Echolocation,/mnt/ubna_data_01_mir/recover-20220825/UBNA_002/20220823_033000.WAV,Telephone Field,recover-20220825,002,1795
738.1085,738.1449,68437,81879,Rhinolophus ferrumequinum,0.023,0.023,-1,Echolocation,/mnt/ubna_data_01_mir/recover-20220825/UBNA_002/20220823_033000.WAV,Telephone Field,recover-20220825,002,1795
738.1335,738.1742,68437,82081,Rhinolophus ferrumequinum,0.022,0.022,-1,Echolocation,/mnt/ubna_data_01_mir/recover-20220825/UBNA_002/20220823_033000.WAV,Telephone Field,recover-20220825,002,1795
738.1535,738.1915,68437,81996,Rhinolophus ferrumequinum,0.022,0.022,-1,Echolocation,/mnt/ubna_data_01_mir/recover-20220825/UBNA_002/20220823_033000.WAV,Telephone Field,recover-20220825,002,1795
738.1555,738.163,37500,48553,Pipistrellus nathusii,0.28,0.5,-1,Echolocation,/mnt/ubna_data_01_mir/recover-20220825/UBNA_002/20220823_033000.WAV,Telephone Field,recover-20220825,002,1795
738.2275,738.2646,68437,82122,Rhinolophus ferrumequinum,0.031,0.031,-1,Echolocation,/mnt/ubna_data_01_mir/recover-20220825/UBNA_002/20220823_033000.WAV,Telephone Field,recover-20220825,002,1795
738.2295,738.2364,38359,46870,Pipistrellus nathusii,0.316,0.457,-1,Echolocation,/mnt/ubna_data_01_mir/recover-20220825/UBNA_002/20220823_033000.WAV,Telephone Field,recover-20220825,002,1795
738.2635,738.2718,26328,36662,Eptesicus serotinus,0.008,0.024,-1,Echolocation,/mnt/ubna_data_01_mir/recover-20220825/UBNA_002/20220823_033000.WAV,Telephone Field,recover-20220825,002,1795
738.2975,738.3052,23750,32497,Plecotus austriacus,0.007,0.025,-1,Echolocation,/mnt/ubna_data_01_mir/recover-20220825/UBNA_002/20220823_033000.WAV,Telephone Field,recover-20220825,002,1795
738.3115,738.3208,28046,35417,Eptesicus serotinus,0.012,0.024,-1,Echolocation,/mnt/ubna_data_01_mir/recover-20220825/UBNA_002/20220823_033000.WAV,Telephone Field,recover-20220825,002,1795
738.3275,738.3337,39218,52810,Pipistrellus nathusii,0.347,0.522,-1,Echolocation,/mnt/ubna_data_01_mir/recover-20220825/UBNA_002/20220823_033000.WAV,Telephone Field,recover-20220825,002,1795
738.3775,738.3847,27187,39060,Eptesicus serotinus,0.008,0.025,-1,Echolocation,/mnt/ubna_data_01_mir/recover-20220825/UBNA_002/20220823_033000.WAV,Telephone Field,recover-20220825,002,1795
738.3955,738.4342,68437,82077,Rhinolophus ferrumequinum,0.022,0.022,-1,Echolocation,/mnt/ubna_data_01_mir/recover-20220825/UBNA_002/20220823_033000.WAV,Telephone Field,recover-20220825,002,1795
738.4225,738.4305,38359,49521,Pipistrellus nathusii,0.327,0.514,-1,Echolocation,/mnt/ubna_data_01_mir/recover-20220825/UBNA_002/20220823_033000.WAV,Telephone Field,recover-20220825,002,1795
738.5015,738.5108,25468,32701,Eptesicus serotinus,0.008,0.023,-1,Echolocation,/mnt/ubna_data_01_mir/recover-20220825/UBNA_002/20220823_033000.WAV,Telephone Field,recover-20220825,002,1795
738.5195,738.5596,68437,82600,Rhinolophus ferrumequinum,0.024,0.024,-1,Echolocation,/mnt/ubna_data_01_mir/recover-20220825/UBNA_002/20220823_033000.WAV,Telephone Field,recover-20220825,002,1795
738.5525,738.5635,55546,60696,Pipistrellus pygmaeus,0.022,0.023,-1,Echolocation,/mnt/ubna_data_01_mir/recover-20220825/UBNA_002/20220823_033000.WAV,Telephone Field,recover-20220825,002,1795
738.5655,738.5963,68437,80112,Rhinolophus ferrumequinum,0.025,0.025,-1,Echolocation,/mnt/ubna_data_01_mir/recover-20220825/UBNA_002/20220823_033000.WAV,Telephone Field,recover-20220825,002,1795
738.5875,738.595,26328,42713,Eptesicus serotinus,0.008,0.024,-1,Echolocation,/mnt/ubna_data_01_mir/recover-20220825/UBNA_002/20220823_033000.WAV,Telephone Field,recover-20220825,002,1795
738.6105,738.6506,68437,82869,Rhinolophus ferrumequinum,0.024,0.024,-1,Echolocation,/mnt/ubna_data_01_mir/recover-20220825/UBNA_002/20220823_033000.WAV,Telephone Field,recover-20220825,002,1795
738.6155,738.6231,26328,37987,Eptesicus serotinus,0.007,0.023,-1,Echolocation,/mnt/ubna_data_01_mir/recover-20220825/UBNA_002/20220823_033000.WAV,Telephone Field,recover-20220825,002,1795
738.6165,738.6252,39218,45408,Pipistrellus nathusii,0.054,0.087,-1,Echolocation,/mnt/ubna_data_01_mir/recover-20220825/UBNA_002/20220823_033000.WAV,Telephone Field,recover-20220825,002,1795
738.7035,738.7114,27187,38349,Eptesicus serotinus,0.008,0.022,-1,Echolocation,/mnt/ubna_data_01_mir/recover-20220825/UBNA_002/20220823_033000.WAV,Telephone Field,recover-20220825,002,1795
738.7395,738.7807,68437,82990,Rhinolophus ferrumequinum,0.027,0.027,-1,Echolocation,/mnt/ubna_data_01_mir/recover-20220825/UBNA_002/20220823_033000.WAV,Telephone Field,recover-20220825,002,1795
738.7405,738.7483,27187,35648,Eptesicus serotinus,0.008,0.022,-1,Echolocation,/mnt/ubna_data_01_mir/recover-20220825/UBNA_002/20220823_033000.WAV,Telephone Field,recover-20220825,002,1795
738.8125,738.8198,36640,43303,Barbastellus barbastellus,0.078,0.108,-1,Echolocation,/mnt/ubna_data_01_mir/recover-20220825/UBNA_002/20220823_033000.WAV,Telephone Field,recover-20220825,002,1795
738.8135,738.8209,25468,36948,Eptesicus serotinus,0.007,0.023,-1,Echolocation,/mnt/ubna_data_01_mir/recover-20220825/UBNA_002/20220823_033000.WAV,Telephone Field,recover-20220825,002,1795
738.8225,738.8311,43515,52562,Pipistrellus pipistrellus,0.01,0.024,-1,Echolocation,/mnt/ubna_data_01_mir/recover-20220825/UBNA_002/20220823_033000.WAV,Telephone Field,recover-20220825,002,1795
738.8275,738.836,27187,36548,Eptesicus serotinus,0.008,0.022,-1,Echolocation,/mnt/ubna_data_01_mir/recover-20220825/UBNA_002/20220823_033000.WAV,Telephone Field,recover-20220825,002,1795
738.8805,738.8884,27187,38276,Eptesicus serotinus,0.008,0.022,-1,Echolocation,/mnt/ubna_data_01_mir/recover-20220825/UBNA_002/20220823_033000.WAV,Telephone Field,recover-20220825,002,1795
738.9355,738.9444,28046,37574,Eptesicus serotinus,0.008,0.022,-1,Echolocation,/mnt/ubna_data_01_mir/recover-20220825/UBNA_002/20220823_033000.WAV,Telephone Field,recover-20220825,002,1795
738.9435,738.9531,28046,35626,Eptesicus serotinus,0.009,0.022,-1,Echolocation,/mnt/ubna_data_01_mir/recover-20220825/UBNA_002/20220823_033000.WAV,Telephone Field,recover-20220825,002,1795
738.9565,738.9655,27187,35463,Eptesicus serotinus,0.009,0.023,-1,Echolocation,/mnt/ubna_data_01_mir/recover-20220825/UBNA_002/20220823_033000.WAV,Telephone Field,recover-20220825,002,1795
738.9645,738.9734,41796,48673,Pipistrellus nathusii,0.017,0.029,-1,Echolocation,/mnt/ubna_data_01_mir/recover-20220825/UBNA_002/20220823_033000.WAV,Telephone Field,recover-20220825,002,1795
738.9835,738.9912,50390,54358,Pipistrellus pipistrellus,0.024,0.028,-1,Echolocation,/mnt/ubna_data_01_mir/recover-20220825/UBNA_002/20220823_033000.WAV,Telephone Field,recover-20220825,002,1795
738.9865,738.9972,24609,31311,Eptesicus serotinus,0.01,0.024,-1,Echolocation,/mnt/ubna_data_01_mir/recover-20220825/UBNA_002/20220823_033000.WAV,Telephone Field,recover-20220825,002,1795
738.9915,739.0023,24609,30754,Eptesicus serotinus,0.009,0.025,-1,Echolocation,/mnt/ubna_data_01_mir/recover-20220825/UBNA_002/20220823_033000.WAV,Telephone Field,recover-20220825,002,1795
739.0045,739.0399,68437,81630,Rhinolophus ferrumequinum,0.023,0.023,-1,Echolocation,/mnt/ubna_data_01_mir/recover-20220825/UBNA_002/20220823_033000.WAV,Telephone Field,recover-20220825,002,1795
739.0165,739.027,38359,44537,Pipistrellus nathusii,0.044,0.057,-1,Echolocation,/mnt/ubna_data_01_mir/recover-20220825/UBNA_002/20220823_033000.WAV,Telephone Field,recover-20220825,002,1795
739.0715,739.0798,31484,43393,Myotis daubentonii,0.007,0.025,-1,Echolocation,/mnt/ubna_data_01_mir/recover-20220825/UBNA_002/20220823_033000.WAV,Telephone Field,recover-20220825,002,1795
739.1035,739.1099,38359,49103,Barbastellus barbastellus,0.027,0.062,-1,Echolocation,/mnt/ubna_data_01_mir/recover-20220825/UBNA_002/20220823_033000.WAV,Telephone Field,recover-20220825,002,1795
739.1055,739.112,30625,47063,Myotis daubentonii,0.011,0.033,-1,Echolocation,/mnt/ubna_data_01_mir/recover-20220825/UBNA_002/20220823_033000.WAV,Telephone Field,recover-20220825,002,1795
739.1135,739.1538,68437,82488,Rhinolophus ferrumequinum,0.024,0.024,-1,Echolocation,/mnt/ubna_data_01_mir/recover-20220825/UBNA_002/20220823_033000.WAV,Telephone Field,recover-20220825,002,1795
739.1725,739.1808,27187,41645,Eptesicus serotinus,0.008,0.023,-1,Echolocation,/mnt/ubna_data_01_mir/recover-20220825/UBNA_002/20220823_033000.WAV,Telephone Field,recover-20220825,002,1795
739.1785,739.1871,40937,45306,Pipistrellus nathusii,0.019,0.03,-1,Echolocation,/mnt/ubna_data_01_mir/recover-20220825/UBNA_002/20220823_033000.WAV,Telephone Field,recover-20220825,002,1795
739.1985,739.2049,37500,48061,Pipistrellus nathusii,0.394,0.517,-1,Echolocation,/mnt/ubna_data_01_mir/recover-20220825/UBNA_002/20220823_033000.WAV,Telephone Field,recover-20220825,002,1795
739.2155,739.2541,68437,82155,Rhinolophus ferrumequinum,0.022,0.022,-1,Echolocation,/mnt/ubna_data_01_mir/recover-20220825/UBNA_002/20220823_033000.WAV,Telephone Field,recover-20220825,002,1795
739.2155,739.2251,28046,36200,Eptesicus serotinus,0.009,0.022,-1,Echolocation,/mnt/ubna_data_01_mir/recover-20220825/UBNA_002/20220823_033000.WAV,Telephone Field,recover-20220825,002,1795
739.2515,739.2931,68437,83638,Rhinolophus ferrumequinum,0.027,0.027,-1,Echolocation,/mnt/ubna_data_01_mir/recover-20220825/UBNA_002/20220823_033000.WAV,Telephone Field,recover-20220825,002,1795
739.2715,739.2777,36640,50860,Myotis brandtii,0.009,0.025,-1,Echolocation,/mnt/ubna_data_01_mir/recover-20220825/UBNA_002/20220823_033000.WAV,Telephone Field,recover-20220825,002,1795
739.2745,739.2827,28046,36866,Eptesicus serotinus,0.012,0.031,-1,Echolocation,/mnt/ubna_data_01_mir/recover-20220825/UBNA_002/20220823_033000.WAV,Telephone Field,recover-20220825,002,1795
739.2895,739.2961,39218,48543,Pipistrellus nathusii,0.445,0.575,-1,Echolocation,/mnt/ubna_data_01_mir/recover-20220825/UBNA_002/20220823_033000.WAV,Telephone Field,recover-20220825,002,1795
739.3395,739.3482,50390,56789,Pipistrellus pipistrellus,0.018,0.024,-1,Echolocation,/mnt/ubna_data_01_mir/recover-20220825/UBNA_002/20220823_033000.WAV,Telephone Field,recover-20220825,002,1795
739.3895,739.3955,37500,47836,Pipistrellus nathusii,0.181,0.415,-1,Echolocation,/mnt/ubna_data_01_mir/recover-20220825/UBNA_002/20220823_033000.WAV,Telephone Field,recover-20220825,002,1795
739.4335,739.4718,68437,82168,Rhinolophus ferrumequinum,0.024,0.024,-1,Echolocation,/mnt/ubna_data_01_mir/recover-20220825/UBNA_002/20220823_033000.WAV,Telephone Field,recover-20220825,002,1795
739.4355,739.4444,25468,34310,Eptesicus serotinus,0.01,0.022,-1,Echolocation,/mnt/ubna_data_01_mir/recover-20220825/UBNA_002/20220823_033000.WAV,Telephone Field,recover-20220825,002,1795
739.4425,739.4512,27187,36934,Eptesicus serotinus,0.008,0.022,-1,Echolocation,/mnt/ubna_data_01_mir/recover-20220825/UBNA_002/20220823_033000.WAV,Telephone Field,recover-20220825,002,1795
739.4475,739.4835,68437,82257,Rhinolophus ferrumequinum,0.022,0.022,-1,Echolocation,/mnt/ubna_data_01_mir/recover-20220825/UBNA_002/20220823_033000.WAV,Telephone Field,recover-20220825,002,1795
739.4665,739.4782,28906,34691,Eptesicus serotinus,0.014,0.027,-1,Echolocation,/mnt/ubna_data_01_mir/recover-20220825/UBNA_002/20220823_033000.WAV,Telephone Field,recover-20220825,002,1795
739.4825,739.4901,37500,47465,Pipistrellus nathusii,0.124,0.273,-1,Echolocation,/mnt/ubna_data_01_mir/recover-20220825/UBNA_002/20220823_033000.WAV,Telephone Field,recover-20220825,002,1795
739.5305,739.5407,27187,36082,Eptesicus serotinus,0.014,0.027,-1,Echolocation,/mnt/ubna_data_01_mir/recover-20220825/UBNA_002/20220823_033000.WAV,Telephone Field,recover-20220825,002,1795
739.5525,739.5633,25468,31992,Eptesicus serotinus,0.012,0.029,-1,Echolocation,/mnt/ubna_data_01_mir/recover-20220825/UBNA_002/20220823_033000.WAV,Telephone Field,recover-20220825,002,1795
739.5555,739.5936,68437,82329,Rhinolophus ferrumequinum,0.023,0.023,-1,Echolocation,/mnt/ubna_data_01_mir/recover-20220825/UBNA_002/20220823_033000.WAV,Telephone Field,recover-20220825,002,1795
739.5635,739.571,40078,47336,Pipistrellus nathusii,0.191,0.301,-1,Echolocation,/mnt/ubna_data_01_mir/recover-20220825/UBNA_002/20220823_033000.WAV,Telephone Field,recover-20220825,002,1795
739.5685,739.5751,48671,52581,Pipistrellus pipistrellus,0.013,0.022,-1,Echolocation,/mnt/ubna_data_01_mir/recover-20220825/UBNA_002/20220823_033000.WAV,Telephone Field,recover-20220825,002,1795
739.5805,739.6182,68437,82233,Rhinolophus ferrumequinum,0.022,0.022,-1,Echolocation,/mnt/ubna_data_01_mir/recover-20220825/UBNA_002/20220823_033000.WAV,Telephone Field,recover-20220825,002,1795
739.5845,739.5966,23750,29016,Nyctalus leisleri,0.01,0.022,-1,Echolocation,/mnt/ubna_data_01_mir/recover-20220825/UBNA_002/20220823_033000.WAV,Telephone Field,recover-20220825,002,1795
739.6015,739.6363,68437,81695,Rhinolophus ferrumequinum,0.023,0.023,-1,Echolocation,/mnt/ubna_data_01_mir/recover-20220825/UBNA_002/20220823_033000.WAV,Telephone Field,recover-20220825,002,1795
739.6025,739.6184,21171,25069,Nyctalus leisleri,0.015,0.033,-1,Echolocation,/mnt/ubna_data_01_mir/recover-20220825/UBNA_002/20220823_033000.WAV,Telephone Field,recover-20220825,002,1795
739.6315,739.6412,24609,31184,Eptesicus serotinus,0.008,0.024,-1,Echolocation,/mnt/ubna_data_01_mir/recover-20220825/UBNA_002/20220823_033000.WAV,Telephone Field,recover-20220825,002,1795
739.6595,739.6674,27187,38929,Eptesicus serotinus,0.008,0.023,-1,Echolocation,/mnt/ubna_data_01_mir/recover-20220825/UBNA_002/20220823_033000.WAV,Telephone Field,recover-20220825,002,1795
739.6735,739.6828,39218,44768,Pipistrellus nathusii,0.09,0.149,-1,Echolocation,/mnt/ubna_data_01_mir/recover-20220825/UBNA_002/20220823_033000.WAV,Telephone Field,recover-20220825,002,1795
739.7195,739.7261,31484,44026,Myotis daubentonii,0.014,0.03,-1,Echolocation,/mnt/ubna_data_01_mir/recover-20220825/UBNA_002/20220823_033000.WAV,Telephone Field,recover-20220825,002,1795
739.7195,739.7268,26328,39954,Eptesicus serotinus,0.01,0.031,-1,Echolocation,/mnt/ubna_data_01_mir/recover-20220825/UBNA_002/20220823_033000.WAV,Telephone Field,recover-20220825,002,1795
739.7455,739.7544,27187,35337,Eptesicus serotinus,0.01,0.024,-1,Echolocation,/mnt/ubna_data_01_mir/recover-20220825/UBNA_002/20220823_033000.WAV,Telephone Field,recover-20220825,002,1795
739.7555,739.7952,68437,82882,Rhinolophus ferrumequinum,0.024,0.024,-1,Echolocation,/mnt/ubna_data_01_mir/recover-20220825/UBNA_002/20220823_033000.WAV,Telephone Field,recover-20220825,002,1795
739.7905,739.8012,26328,33624,Eptesicus serotinus,0.013,0.027,-1,Echolocation,/mnt/ubna_data_01_mir/recover-20220825/UBNA_002/20220823_033000.WAV,Telephone Field,recover-20220825,002,1795
739.8095,739.8184,49531,54508,Pipistrellus pipistrellus,0.023,0.031,-1,Echolocation,/mnt/ubna_data_01_mir/recover-20220825/UBNA_002/20220823_033000.WAV,Telephone Field,recover-20220825,002,1795
739.8105,739.8478,68437,82360,Rhinolophus ferrumequinum,0.023,0.023,-1,Echolocation,/mnt/ubna_data_01_mir/recover-20220825/UBNA_002/20220823_033000.WAV,Telephone Field,recover-20220825,002,1795
739.8345,739.8434,45234,47860,Pipistrellus pipistrellus,0.021,0.026,-1,Echolocation,/mnt/ubna_data_01_mir/recover-20220825/UBNA_002/20220823_033000.WAV,Telephone Field,recover-20220825,002,1795
739.8345,739.8441,27187,34407,Eptesicus serotinus,0.012,0.026,-1,Echolocation,/mnt/ubna_data_01_mir/recover-20220825/UBNA_002/20220823_033000.WAV,Telephone Field,recover-20220825,002,1795
739.8515,739.8622,25468,32909,Eptesicus serotinus,0.011,0.027,-1,Echolocation,/mnt/ubna_data_01_mir/recover-20220825/UBNA_002/20220823_033000.WAV,Telephone Field,recover-20220825,002,1795
739.8625,739.8973,68437,81437,Rhinolophus ferrumequinum,0.022,0.022,-1,Echolocation,/mnt/ubna_data_01_mir/recover-20220825/UBNA_002/20220823_033000.WAV,Telephone Field,recover-20220825,002,1795
739.8785,739.8898,55546,60803,Pipistrellus pygmaeus,0.028,0.028,-1,Echolocation,/mnt/ubna_data_01_mir/recover-20220825/UBNA_002/20220823_033000.WAV,Telephone Field,recover-20220825,002,1795
739.8815,739.8888,27187,38665,Eptesicus serotinus,0.007,0.023,-1,Echolocation,/mnt/ubna_data_01_mir/recover-20220825/UBNA_002/20220823_033000.WAV,Telephone Field,recover-20220825,002,1795
739.8845,739.9029,20312,23330,Nyctalus leisleri,0.018,0.032,-1,Echolocation,/mnt/ubna_data_01_mir/recover-20220825/UBNA_002/20220823_033000.WAV,Telephone Field,recover-20220825,002,1795
739.9285,739.938,36640,41518,Pipistrellus nathusii,0.058,0.091,-1,Echolocation,/mnt/ubna_data_01_mir/recover-20220825/UBNA_002/20220823_033000.WAV,Telephone Field,recover-20220825,002,1795
739.9565,739.965,27187,37500,Eptesicus serotinus,0.009,0.023,-1,Echolocation,/mnt/ubna_data_01_mir/recover-20220825/UBNA_002/20220823_033000.WAV,Telephone Field,recover-20220825,002,1795
739.9755,739.9832,28046,39782,Eptesicus serotinus,0.009,0.025,-1,Echolocation,/mnt/ubna_data_01_mir/recover-20220825/UBNA_002/20220823_033000.WAV,Telephone Field,recover-20220825,002,1795
739.9855,739.9933,48671,57257,Pipistrellus pipistrellus,0.012,0.023,-1,Echolocation,/mnt/ubna_data_01_mir/recover-20220825/UBNA_002/20220823_033000.WAV,Telephone Field,recover-20220825,002,1795
739.9885,739.9956,39218,52514,Pipistrellus nathusii,0.129,0.257,-1,Echolocation,/mnt/ubna_data_01_mir/recover-20220825/UBNA_002/20220823_033000.WAV,Telephone Field,recover-20220825,002,1795
740.0015,740.0125,51250,58747,Pipistrellus pygmaeus,0.017,0.025,-1,Echolocation,/mnt/ubna_data_01_mir/recover-20220825/UBNA_002/20220823_033000.WAV,Telephone Field,recover-20220825,002,1795
740.0015,740.0278,68437,79823,Rhinolophus ferrumequinum,0.032,0.033,-1,Echolocation,/mnt/ubna_data_01_mir/recover-20220825/UBNA_002/20220823_033000.WAV,Telephone Field,recover-20220825,002,1795
740.0015,740.0161,19453,24857,Nyctalus noctula,0.014,0.035,-1,Echolocation,/mnt/ubna_data_01_mir/recover-20220825/UBNA_002/20220823_033000.WAV,Telephone Field,recover-20220825,002,1795
740.0125,740.0294,20312,24491,Nyctalus leisleri,0.011,0.025,-1,Echolocation,/mnt/ubna_data_01_mir/recover-20220825/UBNA_002/20220823_033000.WAV,Telephone Field,recover-20220825,002,1795
740.0145,740.0227,27187,37129,Eptesicus serotinus,0.011,0.033,-1,Echolocation,/mnt/ubna_data_01_mir/recover-20220825/UBNA_002/20220823_033000.WAV,Telephone Field,recover-20220825,002,1795
740.0355,740.0427999999999,34062,42740,Barbastellus barbastellus,0.009,0.024,-1,Echolocation,/mnt/ubna_data_01_mir/recover-20220825/UBNA_002/20220823_033000.WAV,Telephone Field,recover-20220825,002,1795
740.0555,740.0642,38359,44607,Pipistrellus nathusii,0.01,0.028,-1,Echolocation,/mnt/ubna_data_01_mir/recover-20220825/UBNA_002/20220823_033000.WAV,Telephone Field,recover-20220825,002,1795
740.0765,740.0876,25468,32091,Eptesicus serotinus,0.012,0.029,-1,Echolocation,/mnt/ubna_data_01_mir/recover-20220825/UBNA_002/20220823_033000.WAV,Telephone Field,recover-20220825,002,1795
740.0895,740.1259,68437,81635,Rhinolophus ferrumequinum,0.025,0.025,-1,Echolocation,/mnt/ubna_data_01_mir/recover-20220825/UBNA_002/20220823_033000.WAV,Telephone Field,recover-20220825,002,1795
740.1225,740.1566,68437,81717,Rhinolophus ferrumequinum,0.024,0.024,-1,Echolocation,/mnt/ubna_data_01_mir/recover-20220825/UBNA_002/20220823_033000.WAV,Telephone Field,recover-20220825,002,1795
740.1325,740.1388,38359,50499,Pipistrellus nathusii,0.089,0.263,-1,Echolocation,/mnt/ubna_data_01_mir/recover-20220825/UBNA_002/20220823_033000.WAV,Telephone Field,recover-20220825,002,1795
740.1625,740.1716,28046,39203,Eptesicus serotinus,0.012,0.029,-1,Echolocation,/mnt/ubna_data_01_mir/recover-20220825/UBNA_002/20220823_033000.WAV,Telephone Field,recover-20220825,002,1795
740.1995,740.2404,68437,82800,Rhinolophus ferrumequinum,0.025,0.025,-1,Echolocation,/mnt/ubna_data_01_mir/recover-20220825/UBNA_002/20220823_033000.WAV,Telephone Field,recover-20220825,002,1795
740.2095,740.25,68437,82854,Rhinolophus ferrumequinum,0.03,0.03,-1,Echolocation,/mnt/ubna_data_01_mir/recover-20220825/UBNA_002/20220823_033000.WAV,Telephone Field,recover-20220825,002,1795
740.2185,740.2238,37500,52357,Myotis brandtii,0.091,0.232,-1,Echolocation,/mnt/ubna_data_01_mir/recover-20220825/UBNA_002/20220823_033000.WAV,Telephone Field,recover-20220825,002,1795
740.2285,740.2406,33203,37114,Pipistrellus nathusii,0.024,0.055,-1,Echolocation,/mnt/ubna_data_01_mir/recover-20220825/UBNA_002/20220823_033000.WAV,Telephone Field,recover-20220825,002,1795
740.2415,740.2759,68437,80787,Rhinolophus ferrumequinum,0.025,0.025,-1,Echolocation,/mnt/ubna_data_01_mir/recover-20220825/UBNA_002/20220823_033000.WAV,Telephone Field,recover-20220825,002,1795
740.3065,740.3142,40937,48084,Pipistrellus nathusii,0.26,0.453,-1,Echolocation,/mnt/ubna_data_01_mir/recover-20220825/UBNA_002/20220823_033000.WAV,Telephone Field,recover-20220825,002,1795
740.3205,740.329,27187,34041,Eptesicus serotinus,0.008,0.024,-1,Echolocation,/mnt/ubna_data_01_mir/recover-20220825/UBNA_002/20220823_033000.WAV,Telephone Field,recover-20220825,002,1795
740.3315,740.3447,22890,27868,Nyctalus leisleri,0.014,0.03,-1,Echolocation,/mnt/ubna_data_01_mir/recover-20220825/UBNA_002/20220823_033000.WAV,Telephone Field,recover-20220825,002,1795
740.3535,740.366,22890,27233,Nyctalus leisleri,0.015,0.029,-1,Echolocation,/mnt/ubna_data_01_mir/recover-20220825/UBNA_002/20220823_033000.WAV,Telephone Field,recover-20220825,002,1795
740.3815,740.3875,40078,61797,Myotis brandtii,0.016,0.036,-1,Echolocation,/mnt/ubna_data_01_mir/recover-20220825/UBNA_002/20220823_033000.WAV,Telephone Field,recover-20220825,002,1795
740.3925,740.3995,40078,47483,Pipistrellus nathusii,0.12,0.321,-1,Echolocation,/mnt/ubna_data_01_mir/recover-20220825/UBNA_002/20220823_033000.WAV,Telephone Field,recover-20220825,002,1795
740.4315,740.4387,26328,36578,Eptesicus serotinus,0.008,0.026,-1,Echolocation,/mnt/ubna_data_01_mir/recover-20220825/UBNA_002/20220823_033000.WAV,Telephone Field,recover-20220825,002,1795
740.4535,740.4686,15156,20646,Nyctalus noctula,0.022,0.032,-1,Echolocation,/mnt/ubna_data_01_mir/recover-20220825/UBNA_002/20220823_033000.WAV,Telephone Field,recover-20220825,002,1795
740.4615,740.4987,68437,81164,Rhinolophus ferrumequinum,0.032,0.032,-1,Echolocation,/mnt/ubna_data_01_mir/recover-20220825/UBNA_002/20220823_033000.WAV,Telephone Field,recover-20220825,002,1795
740.4635,740.4713,38359,47161,Barbastellus barbastellus,0.01,0.038,-1,Echolocation,/mnt/ubna_data_01_mir/recover-20220825/UBNA_002/20220823_033000.WAV,Telephone Field,recover-20220825,002,1795
740.4665,740.4723,31484,44577,Myotis daubentonii,0.017,0.041,-1,Echolocation,/mnt/ubna_data_01_mir/recover-20220825/UBNA_002/20220823_033000.WAV,Telephone Field,recover-20220825,002,1795
740.4865,740.4956999999999,41796,49590,Pipistrellus nathusii,0.088,0.126,-1,Echolocation,/mnt/ubna_data_01_mir/recover-20220825/UBNA_002/20220823_033000.WAV,Telephone Field,recover-20220825,002,1795
740.4885,740.4945,28906,47730,Myotis daubentonii,0.012,0.03,-1,Echolocation,/mnt/ubna_data_01_mir/recover-20220825/UBNA_002/20220823_033000.WAV,Telephone Field,recover-20220825,002,1795
740.5085,740.5219,26328,32588,Eptesicus serotinus,0.046,0.075,-1,Echolocation,/mnt/ubna_data_01_mir/recover-20220825/UBNA_002/20220823_033000.WAV,Telephone Field,recover-20220825,002,1795
740.5215,740.5628,68437,82482,Rhinolophus ferrumequinum,0.027,0.027,-1,Echolocation,/mnt/ubna_data_01_mir/recover-20220825/UBNA_002/20220823_033000.WAV,Telephone Field,recover-20220825,002,1795
740.5285,740.5359,25468,36349,Eptesicus serotinus,0.007,0.024,-1,Echolocation,/mnt/ubna_data_01_mir/recover-20220825/UBNA_002/20220823_033000.WAV,Telephone Field,recover-20220825,002,1795
740.5305,740.5383,34921,40448,Barbastellus barbastellus,0.036,0.05,-1,Echolocation,/mnt/ubna_data_01_mir/recover-20220825/UBNA_002/20220823_033000.WAV,Telephone Field,recover-20220825,002,1795
740.5825,740.5896,40937,48952,Pipistrellus nathusii,0.072,0.217,-1,Echolocation,/mnt/ubna_data_01_mir/recover-20220825/UBNA_002/20220823_033000.WAV,Telephone Field,recover-20220825,002,1795
740.5995,740.6093,27187,35986,Eptesicus serotinus,0.013,0.028,-1,Echolocation,/mnt/ubna_data_01_mir/recover-20220825/UBNA_002/20220823_033000.WAV,Telephone Field,recover-20220825,002,1795
740.6455,740.651,36640,49517,Myotis brandtii,0.024,0.063,-1,Echolocation,/mnt/ubna_data_01_mir/recover-20220825/UBNA_002/20220823_033000.WAV,Telephone Field,recover-20220825,002,1795
740.6735,740.6806,40937,51751,Pipistrellus nathusii,0.041,0.121,-1,Echolocation,/mnt/ubna_data_01_mir/recover-20220825/UBNA_002/20220823_033000.WAV,Telephone Field,recover-20220825,002,1795
740.6745,740.6801,31484,58300,Myotis brandtii,0.023,0.041,-1,Echolocation,/mnt/ubna_data_01_mir/recover-20220825/UBNA_002/20220823_033000.WAV,Telephone Field,recover-20220825,002,1795
740.7015,740.7094,38359,46786,Pipistrellus nathusii,0.012,0.027,-1,Echolocation,/mnt/ubna_data_01_mir/recover-20220825/UBNA_002/20220823_033000.WAV,Telephone Field,recover-20220825,002,1795
740.7195,740.7298,23750,29225,Nyctalus leisleri,0.011,0.027,-1,Echolocation,/mnt/ubna_data_01_mir/recover-20220825/UBNA_002/20220823_033000.WAV,Telephone Field,recover-20220825,002,1795
740.7255,740.7317,36640,50447,Myotis brandtii,0.012,0.033,-1,Echolocation,/mnt/ubna_data_01_mir/recover-20220825/UBNA_002/20220823_033000.WAV,Telephone Field,recover-20220825,002,1795
740.7465,740.7849,68437,81818,Rhinolophus ferrumequinum,0.028,0.028,-1,Echolocation,/mnt/ubna_data_01_mir/recover-20220825/UBNA_002/20220823_033000.WAV,Telephone Field,recover-20220825,002,1795
740.7505,740.7575,40937,55756,Pipistrellus nathusii,0.017,0.049,-1,Echolocation,/mnt/ubna_data_01_mir/recover-20220825/UBNA_002/20220823_033000.WAV,Telephone Field,recover-20220825,002,1795
740.7525,740.7612,23750,31345,Eptesicus serotinus,0.012,0.039,-1,Echolocation,/mnt/ubna_data_01_mir/recover-20220825/UBNA_002/20220823_033000.WAV,Telephone Field,recover-20220825,002,1795
740.7605,740.8014000000001,68437,83119,Rhinolophus ferrumequinum,0.031,0.031,-1,Echolocation,/mnt/ubna_data_01_mir/recover-20220825/UBNA_002/20220823_033000.WAV,Telephone Field,recover-20220825,002,1795
740.7645,740.7714,29765,43301,Barbastellus barbastellus,0.01,0.03,-1,Echolocation,/mnt/ubna_data_01_mir/recover-20220825/UBNA_002/20220823_033000.WAV,Telephone Field,recover-20220825,002,1795
740.7665,740.7764,41796,45795,Pipistrellus nathusii,0.142,0.165,-1,Echolocation,/mnt/ubna_data_01_mir/recover-20220825/UBNA_002/20220823_033000.WAV,Telephone Field,recover-20220825,002,1795
740.8065,740.814,27187,36399,Eptesicus serotinus,0.007,0.024,-1,Echolocation,/mnt/ubna_data_01_mir/recover-20220825/UBNA_002/20220823_033000.WAV,Telephone Field,recover-20220825,002,1795
740.8115,740.8216,37500,41824,Pipistrellus nathusii,0.041,0.055,-1,Echolocation,/mnt/ubna_data_01_mir/recover-20220825/UBNA_002/20220823_033000.WAV,Telephone Field,recover-20220825,002,1795
740.8225,740.8655,68437,83576,Rhinolophus ferrumequinum,0.046,0.046,-1,Echolocation,/mnt/ubna_data_01_mir/recover-20220825/UBNA_002/20220823_033000.WAV,Telephone Field,recover-20220825,002,1795
740.8545,740.8613,40937,51052,Pipistrellus nathusii,0.025,0.076,-1,Echolocation,/mnt/ubna_data_01_mir/recover-20220825/UBNA_002/20220823_033000.WAV,Telephone Field,recover-20220825,002,1795
740.9045,740.9124,27187,38584,Eptesicus serotinus,0.01,0.027,-1,Echolocation,/mnt/ubna_data_01_mir/recover-20220825/UBNA_002/20220823_033000.WAV,Telephone Field,recover-20220825,002,1795
740.9065,740.942,68437,81689,Rhinolophus ferrumequinum,0.028,0.028,-1,Echolocation,/mnt/ubna_data_01_mir/recover-20220825/UBNA_002/20220823_033000.WAV,Telephone Field,recover-20220825,002,1795
740.9465,740.9527,40937,50874,Pipistrellus nathusii,0.265,0.409,-1,Echolocation,/mnt/ubna_data_01_mir/recover-20220825/UBNA_002/20220823_033000.WAV,Telephone Field,recover-20220825,002,1795
741.0075,741.0476,68437,82515,Rhinolophus ferrumequinum,0.028,0.028,-1,Echolocation,/mnt/ubna_data_01_mir/recover-20220825/UBNA_002/20220823_033000.WAV,Telephone Field,recover-20220825,002,1795
741.0425,741.0522,40937,51074,Pipistrellus nathusii,0.206,0.248,-1,Echolocation,/mnt/ubna_data_01_mir/recover-20220825/UBNA_002/20220823_033000.WAV,Telephone Field,recover-20220825,002,1795
741.0915,741.1014,22890,28921,Nyctalus leisleri,0.011,0.027,-1,Echolocation,/mnt/ubna_data_01_mir/recover-20220825/UBNA_002/20220823_033000.WAV,Telephone Field,recover-20220825,002,1795
741.0925,741.099,27187,36994,Eptesicus serotinus,0.006,0.025,-1,Echolocation,/mnt/ubna_data_01_mir/recover-20220825/UBNA_002/20220823_033000.WAV,Telephone Field,recover-20220825,002,1795
741.1275,741.1367,26328,35501,Eptesicus serotinus,0.011,0.026,-1,Echolocation,/mnt/ubna_data_01_mir/recover-20220825/UBNA_002/20220823_033000.WAV,Telephone Field,recover-20220825,002,1795
741.1365,741.1423,40937,52492,Pipistrellus nathusii,0.187,0.325,-1,Echolocation,/mnt/ubna_data_01_mir/recover-20220825/UBNA_002/20220823_033000.WAV,Telephone Field,recover-20220825,002,1795
741.1755,741.2141,68437,82623,Rhinolophus ferrumequinum,0.025,0.025,-1,Echolocation,/mnt/ubna_data_01_mir/recover-20220825/UBNA_002/20220823_033000.WAV,Telephone Field,recover-20220825,002,1795
741.2235000000001,741.2289,40937,49312,Pipistrellus nathusii,0.232,0.344,-1,Echolocation,/mnt/ubna_data_01_mir/recover-20220825/UBNA_002/20220823_033000.WAV,Telephone Field,recover-20220825,002,1795
741.2775,741.2907,30625,36157,Eptesicus serotinus,0.02,0.047,-1,Echolocation,/mnt/ubna_data_01_mir/recover-20220825/UBNA_002/20220823_033000.WAV,Telephone Field,recover-20220825,002,1795
741.3195,741.3248,35781,49571,Barbastellus barbastellus,0.185,0.409,-1,Echolocation,/mnt/ubna_data_01_mir/recover-20220825/UBNA_002/20220823_033000.WAV,Telephone Field,recover-20220825,002,1795
741.3795,741.4188,68437,82762,Rhinolophus ferrumequinum,0.028,0.028,-1,Echolocation,/mnt/ubna_data_01_mir/recover-20220825/UBNA_002/20220823_033000.WAV,Telephone Field,recover-20220825,002,1795
741.3845,741.3928,25468,36385,Eptesicus serotinus,0.009,0.025,-1,Echolocation,/mnt/ubna_data_01_mir/recover-20220825/UBNA_002/20220823_033000.WAV,Telephone Field,recover-20220825,002,1795
741.4055,741.4455,68437,82990,Rhinolophus ferrumequinum,0.045,0.045,-1,Echolocation,/mnt/ubna_data_01_mir/recover-20220825/UBNA_002/20220823_033000.WAV,Telephone Field,recover-20220825,002,1795
741.4125,741.4179,36640,51372,Pipistrellus nathusii,0.217,0.465,-1,Echolocation,/mnt/ubna_data_01_mir/recover-20220825/UBNA_002/20220823_033000.WAV,Telephone Field,recover-20220825,002,1795
741.4535,741.4595,46093,49939,Pipistrellus pipistrellus,0.05,0.055,-1,Echolocation,/mnt/ubna_data_01_mir/recover-20220825/UBNA_002/20220823_033000.WAV,Telephone Field,recover-20220825,002,1795
741.5135,741.5203,39218,45898,Barbastellus barbastellus,0.05,0.101,-1,Echolocation,/mnt/ubna_data_01_mir/recover-20220825/UBNA_002/20220823_033000.WAV,Telephone Field,recover-20220825,002,1795
741.5165,741.5229,25468,36039,Eptesicus serotinus,0.007,0.027,-1,Echolocation,/mnt/ubna_data_01_mir/recover-20220825/UBNA_002/20220823_033000.WAV,Telephone Field,recover-20220825,002,1795
741.5875,741.6008,33203,37932,Pipistrellus nathusii,0.049,0.073,-1,Echolocation,/mnt/ubna_data_01_mir/recover-20220825/UBNA_002/20220823_033000.WAV,Telephone Field,recover-20220825,002,1795
741.5895,741.6254,68437,82115,Rhinolophus ferrumequinum,0.03,0.03,-1,Echolocation,/mnt/ubna_data_01_mir/recover-20220825/UBNA_002/20220823_033000.WAV,Telephone Field,recover-20220825,002,1795
741.6045,741.6112,38359,46164,Pipistrellus nathusii,0.28,0.495,-1,Echolocation,/mnt/ubna_data_01_mir/recover-20220825/UBNA_002/20220823_033000.WAV,Telephone Field,recover-20220825,002,1795
741.6175,741.6565,68437,82183,Rhinolophus ferrumequinum,0.026,0.026,-1,Echolocation,/mnt/ubna_data_01_mir/recover-20220825/UBNA_002/20220823_033000.WAV,Telephone Field,recover-20220825,002,1795
741.6175,741.6286,22890,25851,Nyctalus leisleri,0.025,0.038,-1,Echolocation,/mnt/ubna_data_01_mir/recover-20220825/UBNA_002/20220823_033000.WAV,Telephone Field,recover-20220825,002,1795
741.6335,741.6431,27187,35561,Eptesicus serotinus,0.011,0.026,-1,Echolocation,/mnt/ubna_data_01_mir/recover-20220825/UBNA_002/20220823_033000.WAV,Telephone Field,recover-20220825,002,1795
741.6485,741.687,68437,81999,Rhinolophus ferrumequinum,0.027,0.027,-1,Echolocation,/mnt/ubna_data_01_mir/recover-20220825/UBNA_002/20220823_033000.WAV,Telephone Field,recover-20220825,002,1795
741.6965,741.7021,36640,46077,Pipistrellus nathusii,0.228,0.487,-1,Echolocation,/mnt/ubna_data_01_mir/recover-20220825/UBNA_002/20220823_033000.WAV,Telephone Field,recover-20220825,002,1795
741.7325,741.7409,26328,37065,Eptesicus serotinus,0.01,0.026,-1,Echolocation,/mnt/ubna_data_01_mir/recover-20220825/UBNA_002/20220823_033000.WAV,Telephone Field,recover-20220825,002,1795
741.7985,741.805,27187,38983,Eptesicus serotinus,0.007,0.026,-1,Echolocation,/mnt/ubna_data_01_mir/recover-20220825/UBNA_002/20220823_033000.WAV,Telephone Field,recover-20220825,002,1795
741.8975,741.9046,40078,48388,Pipistrellus nathusii,0.01,0.03,-1,Echolocation,/mnt/ubna_data_01_mir/recover-20220825/UBNA_002/20220823_033000.WAV,Telephone Field,recover-20220825,002,1795
741.9005,741.9071,27187,43232,Myotis daubentonii,0.009,0.025,-1,Echolocation,/mnt/ubna_data_01_mir/recover-20220825/UBNA_002/20220823_033000.WAV,Telephone Field,recover-20220825,002,1795
741.9305,741.9368,27187,36710,Eptesicus serotinus,0.008,0.03,-1,Echolocation,/mnt/ubna_data_01_mir/recover-20220825/UBNA_002/20220823_033000.WAV,Telephone Field,recover-20220825,002,1795
741.9425,741.9487,40937,55151,Myotis brandtii,0.012,0.031,-1,Echolocation,/mnt/ubna_data_01_mir/recover-20220825/UBNA_002/20220823_033000.WAV,Telephone Field,recover-20220825,002,1795
741.9535,741.9939,68437,82700,Rhinolophus ferrumequinum,0.025,0.025,-1,Echolocation,/mnt/ubna_data_01_mir/recover-20220825/UBNA_002/20220823_033000.WAV,Telephone Field,recover-20220825,002,1795
741.9535,741.9633,38359,44863,Pipistrellus nathusii,0.015,0.025,-1,Echolocation,/mnt/ubna_data_01_mir/recover-20220825/UBNA_002/20220823_033000.WAV,Telephone Field,recover-20220825,002,1795
741.9855,741.9952,25468,36292,Eptesicus serotinus,0.011,0.027,-1,Echolocation,/mnt/ubna_data_01_mir/recover-20220825/UBNA_002/20220823_033000.WAV,Telephone Field,recover-20220825,002,1795
742.0015,742.0098,24609,35111,Nyctalus leisleri,0.005,0.022,-1,Echolocation,/mnt/ubna_data_01_mir/recover-20220825/UBNA_002/20220823_033000.WAV,Telephone Field,recover-20220825,002,1795
742.0015,742.0079,46093,53107,Pipistrellus pipistrellus,0.019,0.024,-1,Echolocation,/mnt/ubna_data_01_mir/recover-20220825/UBNA_002/20220823_033000.WAV,Telephone Field,recover-20220825,002,1795
742.0015,742.0105,37500,43910,Pipistrellus nathusii,0.011,0.024,-1,Echolocation,/mnt/ubna_data_01_mir/recover-20220825/UBNA_002/20220823_033000.WAV,Telephone Field,recover-20220825,002,1795
742.0015,742.0315,69296,81160,Rhinolophus ferrumequinum,0.026,0.026,-1,Echolocation,/mnt/ubna_data_01_mir/recover-20220825/UBNA_002/20220823_033000.WAV,Telephone Field,recover-20220825,002,1795
742.0315,742.0681,68437,81201,Rhinolophus ferrumequinum,0.021,0.021,-1,Echolocation,/mnt/ubna_data_01_mir/recover-20220825/UBNA_002/20220823_033000.WAV,Telephone Field,recover-20220825,002,1795
742.0525,742.0896,68437,82285,Rhinolophus ferrumequinum,0.023,0.023,-1,Echolocation,/mnt/ubna_data_01_mir/recover-20220825/UBNA_002/20220823_033000.WAV,Telephone Field,recover-20220825,002,1795
742.0635,742.0734,23750,29970,Nyctalus leisleri,0.007,0.022,-1,Echolocation,/mnt/ubna_data_01_mir/recover-20220825/UBNA_002/20220823_033000.WAV,Telephone Field,recover-20220825,002,1795
742.0705,742.1064,68437,81371,Rhinolophus ferrumequinum,0.022,0.022,-1,Echolocation,/mnt/ubna_data_01_mir/recover-20220825/UBNA_002/20220823_033000.WAV,Telephone Field,recover-20220825,002,1795
742.1785,742.2226,68437,82895,Rhinolophus ferrumequinum,0.033,0.033,-1,Echolocation,/mnt/ubna_data_01_mir/recover-20220825/UBNA_002/20220823_033000.WAV,Telephone Field,recover-20220825,002,1795
742.1795,742.187,23750,32126,Plecotus austriacus,0.009,0.022,-1,Echolocation,/mnt/ubna_data_01_mir/recover-20220825/UBNA_002/20220823_033000.WAV,Telephone Field,recover-20220825,002,1795
742.1955,742.2043,28906,37123,Eptesicus serotinus,0.008,0.026,-1,Echolocation,/mnt/ubna_data_01_mir/recover-20220825/UBNA_002/20220823_033000.WAV,Telephone Field,recover-20220825,002,1795
742.1975,742.2348,68437,82433,Rhinolophus ferrumequinum,0.022,0.022,-1,Echolocation,/mnt/ubna_data_01_mir/recover-20220825/UBNA_002/20220823_033000.WAV,Telephone Field,recover-20220825,002,1795
742.2105,742.2523,68437,82761,Rhinolophus ferrumequinum,0.023,0.023,-1,Echolocation,/mnt/ubna_data_01_mir/recover-20220825/UBNA_002/20220823_033000.WAV,Telephone Field,recover-20220825,002,1795
742.2285,742.2377,46093,49469,Pipistrellus pipistrellus,0.024,0.025,-1,Echolocation,/mnt/ubna_data_01_mir/recover-20220825/UBNA_002/20220823_033000.WAV,Telephone Field,recover-20220825,002,1795
742.2445,742.2829,68437,82054,Rhinolophus ferrumequinum,0.021,0.021,-1,Echolocation,/mnt/ubna_data_01_mir/recover-20220825/UBNA_002/20220823_033000.WAV,Telephone Field,recover-20220825,002,1795
742.2715,742.3094,68437,81948,Rhinolophus ferrumequinum,0.022,0.022,-1,Echolocation,/mnt/ubna_data_01_mir/recover-20220825/UBNA_002/20220823_033000.WAV,Telephone Field,recover-20220825,002,1795
742.3025,742.3157,34921,39541,Eptesicus serotinus,0.005,0.022,-1,Echolocation,/mnt/ubna_data_01_mir/recover-20220825/UBNA_002/20220823_033000.WAV,Telephone Field,recover-20220825,002,1795
742.3215,742.332,28906,35382,Eptesicus serotinus,0.009,0.022,-1,Echolocation,/mnt/ubna_data_01_mir/recover-20220825/UBNA_002/20220823_033000.WAV,Telephone Field,recover-20220825,002,1795
742.3235,742.3604,68437,81311,Rhinolophus ferrumequinum,0.022,0.022,-1,Echolocation,/mnt/ubna_data_01_mir/recover-20220825/UBNA_002/20220823_033000.WAV,Telephone Field,recover-20220825,002,1795
742.3285,742.3671,68437,81692,Rhinolophus ferrumequinum,0.022,0.022,-1,Echolocation,/mnt/ubna_data_01_mir/recover-20220825/UBNA_002/20220823_033000.WAV,Telephone Field,recover-20220825,002,1795
742.3355,742.3744,68437,82298,Rhinolophus ferrumequinum,0.022,0.022,-1,Echolocation,/mnt/ubna_data_01_mir/recover-20220825/UBNA_002/20220823_033000.WAV,Telephone Field,recover-20220825,002,1795
742.3415,742.3508,28906,37225,Eptesicus serotinus,0.008,0.022,-1,Echolocation,/mnt/ubna_data_01_mir/recover-20220825/UBNA_002/20220823_033000.WAV,Telephone Field,recover-20220825,002,1795
742.3635,742.3998,68437,82043,Rhinolophus ferrumequinum,0.023,0.023,-1,Echolocation,/mnt/ubna_data_01_mir/recover-20220825/UBNA_002/20220823_033000.WAV,Telephone Field,recover-20220825,002,1795
742.3715,742.4089,68437,81918,Rhinolophus ferrumequinum,0.021,0.021,-1,Echolocation,/mnt/ubna_data_01_mir/recover-20220825/UBNA_002/20220823_033000.WAV,Telephone Field,recover-20220825,002,1795
742.3775,742.4158,68437,81771,Rhinolophus ferrumequinum,0.021,0.021,-1,Echolocation,/mnt/ubna_data_01_mir/recover-20220825/UBNA_002/20220823_033000.WAV,Telephone Field,recover-20220825,002,1795
742.3825,742.3906,26328,35295,Eptesicus serotinus,0.01,0.028,-1,Echolocation,/mnt/ubna_data_01_mir/recover-20220825/UBNA_002/20220823_033000.WAV,Telephone Field,recover-20220825,002,1795
742.3975,742.4381,68437,83486,Rhinolophus ferrumequinum,0.033,0.033,-1,Echolocation,/mnt/ubna_data_01_mir/recover-20220825/UBNA_002/20220823_033000.WAV,Telephone Field,recover-20220825,002,1795
742.4455,742.482,68437,80904,Rhinolophus ferrumequinum,0.024,0.024,-1,Echolocation,/mnt/ubna_data_01_mir/recover-20220825/UBNA_002/20220823_033000.WAV,Telephone Field,recover-20220825,002,1795
742.4455,742.4569,23750,28685,Nyctalus leisleri,0.01,0.021,-1,Echolocation,/mnt/ubna_data_01_mir/recover-20220825/UBNA_002/20220823_033000.WAV,Telephone Field,recover-20220825,002,1795
742.4595,742.4976,68437,82619,Rhinolophus ferrumequinum,0.026,0.026,-1,Echolocation,/mnt/ubna_data_01_mir/recover-20220825/UBNA_002/20220823_033000.WAV,Telephone Field,recover-20220825,002,1795
742.4655,742.4777,22890,27443,Nyctalus leisleri,0.012,0.022,-1,Echolocation,/mnt/ubna_data_01_mir/recover-20220825/UBNA_002/20220823_033000.WAV,Telephone Field,recover-20220825,002,1795
742.4865,742.5278,68437,82966,Rhinolophus ferrumequinum,0.03,0.03,-1,Echolocation,/mnt/ubna_data_01_mir/recover-20220825/UBNA_002/20220823_033000.WAV,Telephone Field,recover-20220825,002,1795
742.5595,742.5985000000001,68437,82168,Rhinolophus ferrumequinum,0.033,0.033,-1,Echolocation,/mnt/ubna_data_01_mir/recover-20220825/UBNA_002/20220823_033000.WAV,Telephone Field,recover-20220825,002,1795
742.5595,742.5669,28046,40490,Eptesicus serotinus,0.006,0.023,-1,Echolocation,/mnt/ubna_data_01_mir/recover-20220825/UBNA_002/20220823_033000.WAV,Telephone Field,recover-20220825,002,1795
742.5605,742.5687,23750,32257,Plecotus austriacus,0.009,0.023,-1,Echolocation,/mnt/ubna_data_01_mir/recover-20220825/UBNA_002/20220823_033000.WAV,Telephone Field,recover-20220825,002,1795
742.5905,742.6009,23750,29001,Nyctalus leisleri,0.014,0.031,-1,Echolocation,/mnt/ubna_data_01_mir/recover-20220825/UBNA_002/20220823_033000.WAV,Telephone Field,recover-20220825,002,1795
742.6005,742.6404,68437,82655,Rhinolophus ferrumequinum,0.022,0.022,-1,Echolocation,/mnt/ubna_data_01_mir/recover-20220825/UBNA_002/20220823_033000.WAV,Telephone Field,recover-20220825,002,1795
742.6075,742.6457,68437,81910,Rhinolophus ferrumequinum,0.022,0.022,-1,Echolocation,/mnt/ubna_data_01_mir/recover-20220825/UBNA_002/20220823_033000.WAV,Telephone Field,recover-20220825,002,1795
742.6125,742.6222,25468,32234,Nyctalus leisleri,0.008,0.023,-1,Echolocation,/mnt/ubna_data_01_mir/recover-20220825/UBNA_002/20220823_033000.WAV,Telephone Field,recover-20220825,002,1795
742.6385,742.6775,68437,81725,Rhinolophus ferrumequinum,0.022,0.022,-1,Echolocation,/mnt/ubna_data_01_mir/recover-20220825/UBNA_002/20220823_033000.WAV,Telephone Field,recover-20220825,002,1795
742.6655,742.7078,68437,82128,Rhinolophus ferrumequinum,0.022,0.022,-1,Echolocation,/mnt/ubna_data_01_mir/recover-20220825/UBNA_002/20220823_033000.WAV,Telephone Field,recover-20220825,002,1795
742.6715,742.7113,68437,82627,Rhinolophus ferrumequinum,0.021,0.021,-1,Echolocation,/mnt/ubna_data_01_mir/recover-20220825/UBNA_002/20220823_033000.WAV,Telephone Field,recover-20220825,002,1795
742.6715,742.6827,31484,40097,Eptesicus serotinus,0.021,0.045,-1,Echolocation,/mnt/ubna_data_01_mir/recover-20220825/UBNA_002/20220823_033000.WAV,Telephone Field,recover-20220825,002,1795
742.6965,742.7336,68437,82137,Rhinolophus ferrumequinum,0.033,0.033,-1,Echolocation,/mnt/ubna_data_01_mir/recover-20220825/UBNA_002/20220823_033000.WAV,Telephone Field,recover-20220825,002,1795
742.7085,742.7188,21171,26422,Nyctalus leisleri,0.01,0.025,-1,Echolocation,/mnt/ubna_data_01_mir/recover-20220825/UBNA_002/20220823_033000.WAV,Telephone Field,recover-20220825,002,1795
742.7245,742.7349,28046,35537,Eptesicus serotinus,0.01,0.024,-1,Echolocation,/mnt/ubna_data_01_mir/recover-20220825/UBNA_002/20220823_033000.WAV,Telephone Field,recover-20220825,002,1795
742.7565,742.7948,68437,82491,Rhinolophus ferrumequinum,0.021,0.022,-1,Echolocation,/mnt/ubna_data_01_mir/recover-20220825/UBNA_002/20220823_033000.WAV,Telephone Field,recover-20220825,002,1795
742.7725,742.8119,68437,82385,Rhinolophus ferrumequinum,0.031,0.031,-1,Echolocation,/mnt/ubna_data_01_mir/recover-20220825/UBNA_002/20220823_033000.WAV,Telephone Field,recover-20220825,002,1795
742.7865,742.8081999999999,19453,22358,Nyctalus leisleri,0.012,0.023,-1,Echolocation,/mnt/ubna_data_01_mir/recover-20220825/UBNA_002/20220823_033000.WAV,Telephone Field,recover-20220825,002,1795
742.8205,742.8598,68437,82876,Rhinolophus ferrumequinum,0.028,0.028,-1,Echolocation,/mnt/ubna_data_01_mir/recover-20220825/UBNA_002/20220823_033000.WAV,Telephone Field,recover-20220825,002,1795
742.8625,742.8729,27187,34781,Eptesicus serotinus,0.011,0.023,-1,Echolocation,/mnt/ubna_data_01_mir/recover-20220825/UBNA_002/20220823_033000.WAV,Telephone Field,recover-20220825,002,1795
742.8665,742.8768,22890,28411,Nyctalus leisleri,0.01,0.022,-1,Echolocation,/mnt/ubna_data_01_mir/recover-20220825/UBNA_002/20220823_033000.WAV,Telephone Field,recover-20220825,002,1795
742.8775,742.8881,22890,28606,Nyctalus leisleri,0.011,0.025,-1,Echolocation,/mnt/ubna_data_01_mir/recover-20220825/UBNA_002/20220823_033000.WAV,Telephone Field,recover-20220825,002,1795
742.8795,742.9166,68437,82047,Rhinolophus ferrumequinum,0.023,0.023,-1,Echolocation,/mnt/ubna_data_01_mir/recover-20220825/UBNA_002/20220823_033000.WAV,Telephone Field,recover-20220825,002,1795
742.8875,742.9282,68437,82603,Rhinolophus ferrumequinum,0.026,0.026,-1,Echolocation,/mnt/ubna_data_01_mir/recover-20220825/UBNA_002/20220823_033000.WAV,Telephone Field,recover-20220825,002,1795
742.9065,742.9153,46953,52619,Pipistrellus pipistrellus,0.02,0.021,-1,Echolocation,/mnt/ubna_data_01_mir/recover-20220825/UBNA_002/20220823_033000.WAV,Telephone Field,recover-20220825,002,1795
742.9405,742.9491,28046,38690,Eptesicus serotinus,0.007,0.021,-1,Echolocation,/mnt/ubna_data_01_mir/recover-20220825/UBNA_002/20220823_033000.WAV,Telephone Field,recover-20220825,002,1795
742.9905,742.9972,27187,38412,Eptesicus serotinus,0.005,0.021,-1,Echolocation,/mnt/ubna_data_01_mir/recover-20220825/UBNA_002/20220823_033000.WAV,Telephone Field,recover-20220825,002,1795
743.0045,743.0125,28046,37167,Eptesicus serotinus,0.007,0.022,-1,Echolocation,/mnt/ubna_data_01_mir/recover-20220825/UBNA_002/20220823_033000.WAV,Telephone Field,recover-20220825,002,1795
743.0505,743.0926,68437,82804,Rhinolophus ferrumequinum,0.028,0.028,-1,Echolocation,/mnt/ubna_data_01_mir/recover-20220825/UBNA_002/20220823_033000.WAV,Telephone Field,recover-20220825,002,1795
743.0765,743.1138,68437,81853,Rhinolophus ferrumequinum,0.022,0.022,-1,Echolocation,/mnt/ubna_data_01_mir/recover-20220825/UBNA_002/20220823_033000.WAV,Telephone Field,recover-20220825,002,1795
743.0985000000001,743.1368,68437,82311,Rhinolophus ferrumequinum,0.025,0.025,-1,Echolocation,/mnt/ubna_data_01_mir/recover-20220825/UBNA_002/20220823_033000.WAV,Telephone Field,recover-20220825,002,1795
743.1195,743.1587,68437,81989,Rhinolophus ferrumequinum,0.022,0.022,-1,Echolocation,/mnt/ubna_data_01_mir/recover-20220825/UBNA_002/20220823_033000.WAV,Telephone Field,recover-20220825,002,1795
743.1605,743.2005,68437,82208,Rhinolophus ferrumequinum,0.024,0.024,-1,Echolocation,/mnt/ubna_data_01_mir/recover-20220825/UBNA_002/20220823_033000.WAV,Telephone Field,recover-20220825,002,1795
743.2205,743.2634,68437,83297,Rhinolophus ferrumequinum,0.034,0.034,-1,Echolocation,/mnt/ubna_data_01_mir/recover-20220825/UBNA_002/20220823_033000.WAV,Telephone Field,recover-20220825,002,1795
743.2445,743.2833,68437,82343,Rhinolophus ferrumequinum,0.023,0.023,-1,Echolocation,/mnt/ubna_data_01_mir/recover-20220825/UBNA_002/20220823_033000.WAV,Telephone Field,recover-20220825,002,1795
743.2495,743.2588,28046,37549,Eptesicus serotinus,0.008,0.022,-1,Echolocation,/mnt/ubna_data_01_mir/recover-20220825/UBNA_002/20220823_033000.WAV,Telephone Field,recover-20220825,002,1795
743.2625,743.2696,28046,38324,Eptesicus serotinus,0.006,0.021,-1,Echolocation,/mnt/ubna_data_01_mir/recover-20220825/UBNA_002/20220823_033000.WAV,Telephone Field,recover-20220825,002,1795
743.2775,743.3153,68437,82400,Rhinolophus ferrumequinum,0.022,0.022,-1,Echolocation,/mnt/ubna_data_01_mir/recover-20220825/UBNA_002/20220823_033000.WAV,Telephone Field,recover-20220825,002,1795
743.2865,743.3263,68437,81971,Rhinolophus ferrumequinum,0.021,0.021,-1,Echolocation,/mnt/ubna_data_01_mir/recover-20220825/UBNA_002/20220823_033000.WAV,Telephone Field,recover-20220825,002,1795
743.2905,743.301,33203,39842,Barbastellus barbastellus,0.007,0.027,-1,Echolocation,/mnt/ubna_data_01_mir/recover-20220825/UBNA_002/20220823_033000.WAV,Telephone Field,recover-20220825,002,1795
743.3035,743.3417,68437,82146,Rhinolophus ferrumequinum,0.023,0.023,-1,Echolocation,/mnt/ubna_data_01_mir/recover-20220825/UBNA_002/20220823_033000.WAV,Telephone Field,recover-20220825,002,1795
743.3445,743.3551,27187,35567,Eptesicus serotinus,0.01,0.024,-1,Echolocation,/mnt/ubna_data_01_mir/recover-20220825/UBNA_002/20220823_033000.WAV,Telephone Field,recover-20220825,002,1795
743.3835,743.3946,22031,26310,Nyctalus leisleri,0.013,0.024,-1,Echolocation,/mnt/ubna_data_01_mir/recover-20220825/UBNA_002/20220823_033000.WAV,Telephone Field,recover-20220825,002,1795
743.4055,743.4411,68437,82065,Rhinolophus ferrumequinum,0.025,0.025,-1,Echolocation,/mnt/ubna_data_01_mir/recover-20220825/UBNA_002/20220823_033000.WAV,Telephone Field,recover-20220825,002,1795
743.4295,743.4626,68437,80447,Rhinolophus ferrumequinum,0.029,0.029,-1,Echolocation,/mnt/ubna_data_01_mir/recover-20220825/UBNA_002/20220823_033000.WAV,Telephone Field,recover-20220825,002,1795
743.4385,743.4466,28046,37747,Eptesicus serotinus,0.009,0.026,-1,Echolocation,/mnt/ubna_data_01_mir/recover-20220825/UBNA_002/20220823_033000.WAV,Telephone Field,recover-20220825,002,1795
743.4555,743.4627,27187,40625,Eptesicus serotinus,0.006,0.021,-1,Echolocation,/mnt/ubna_data_01_mir/recover-20220825/UBNA_002/20220823_033000.WAV,Telephone Field,recover-20220825,002,1795
743.4595,743.4992,68437,82650,Rhinolophus ferrumequinum,0.026,0.026,-1,Echolocation,/mnt/ubna_data_01_mir/recover-20220825/UBNA_002/20220823_033000.WAV,Telephone Field,recover-20220825,002,1795
743.4655,743.5053,68437,82527,Rhinolophus ferrumequinum,0.023,0.023,-1,Echolocation,/mnt/ubna_data_01_mir/recover-20220825/UBNA_002/20220823_033000.WAV,Telephone Field,recover-20220825,002,1795
743.4965,743.5319,68437,80550,Rhinolophus ferrumequinum,0.021,0.021,-1,Echolocation,/mnt/ubna_data_01_mir/recover-20220825/UBNA_002/20220823_033000.WAV,Telephone Field,recover-20220825,002,1795
743.5525,743.5931,68437,82330,Rhinolophus ferrumequinum,0.025,0.025,-1,Echolocation,/mnt/ubna_data_01_mir/recover-20220825/UBNA_002/20220823_033000.WAV,Telephone Field,recover-20220825,002,1795
743.5615,743.6005,68437,82462,Rhinolophus ferrumequinum,0.024,0.024,-1,Echolocation,/mnt/ubna_data_01_mir/recover-20220825/UBNA_002/20220823_033000.WAV,Telephone Field,recover-20220825,002,1795
743.5725,743.5811,28046,37103,Eptesicus serotinus,0.008,0.021,-1,Echolocation,/mnt/ubna_data_01_mir/recover-20220825/UBNA_002/20220823_033000.WAV,Telephone Field,recover-20220825,002,1795
743.5995,743.6391,68437,82348,Rhinolophus ferrumequinum,0.024,0.024,-1,Echolocation,/mnt/ubna_data_01_mir/recover-20220825/UBNA_002/20220823_033000.WAV,Telephone Field,recover-20220825,002,1795
743.6025,743.6125,26328,34419,Eptesicus serotinus,0.012,0.025,-1,Echolocation,/mnt/ubna_data_01_mir/recover-20220825/UBNA_002/20220823_033000.WAV,Telephone Field,recover-20220825,002,1795
743.6235,743.6305,28046,37472,Eptesicus serotinus,0.006,0.022,-1,Echolocation,/mnt/ubna_data_01_mir/recover-20220825/UBNA_002/20220823_033000.WAV,Telephone Field,recover-20220825,002,1795
743.6525,743.665,23750,28791,Nyctalus leisleri,0.014,0.025,-1,Echolocation,/mnt/ubna_data_01_mir/recover-20220825/UBNA_002/20220823_033000.WAV,Telephone Field,recover-20220825,002,1795
743.6555,743.6921,68437,81763,Rhinolophus ferrumequinum,0.021,0.022,-1,Echolocation,/mnt/ubna_data_01_mir/recover-20220825/UBNA_002/20220823_033000.WAV,Telephone Field,recover-20220825,002,1795
743.7345,743.7716,68437,81793,Rhinolophus ferrumequinum,0.028,0.028,-1,Echolocation,/mnt/ubna_data_01_mir/recover-20220825/UBNA_002/20220823_033000.WAV,Telephone Field,recover-20220825,002,1795
743.7605,743.7719,28906,35823,Eptesicus serotinus,0.014,0.028,-1,Echolocation,/mnt/ubna_data_01_mir/recover-20220825/UBNA_002/20220823_033000.WAV,Telephone Field,recover-20220825,002,1795
743.7685,743.8066,68437,81697,Rhinolophus ferrumequinum,0.023,0.023,-1,Echolocation,/mnt/ubna_data_01_mir/recover-20220825/UBNA_002/20220823_033000.WAV,Telephone Field,recover-20220825,002,1795
743.7885,743.7984,22890,29044,Nyctalus leisleri,0.008,0.022,-1,Echolocation,/mnt/ubna_data_01_mir/recover-20220825/UBNA_002/20220823_033000.WAV,Telephone Field,recover-20220825,002,1795
743.7965,743.833,68437,81669,Rhinolophus ferrumequinum,0.022,0.022,-1,Echolocation,/mnt/ubna_data_01_mir/recover-20220825/UBNA_002/20220823_033000.WAV,Telephone Field,recover-20220825,002,1795
743.8525,743.8738,19453,22477,Nyctalus leisleri,0.013,0.028,-1,Echolocation,/mnt/ubna_data_01_mir/recover-20220825/UBNA_002/20220823_033000.WAV,Telephone Field,recover-20220825,002,1795
743.8995,743.9084,24609,32768,Nyctalus leisleri,0.006,0.021,-1,Echolocation,/mnt/ubna_data_01_mir/recover-20220825/UBNA_002/20220823_033000.WAV,Telephone Field,recover-20220825,002,1795
743.9145,743.9509,68437,81726,Rhinolophus ferrumequinum,0.028,0.028,-1,Echolocation,/mnt/ubna_data_01_mir/recover-20220825/UBNA_002/20220823_033000.WAV,Telephone Field,recover-20220825,002,1795
743.9215,743.9314,23750,31342,Nyctalus leisleri,0.007,0.022,-1,Echolocation,/mnt/ubna_data_01_mir/recover-20220825/UBNA_002/20220823_033000.WAV,Telephone Field,recover-20220825,002,1795
743.9315,743.9395,25468,34001,Eptesicus serotinus,0.01,0.034,-1,Echolocation,/mnt/ubna_data_01_mir/recover-20220825/UBNA_002/20220823_033000.WAV,Telephone Field,recover-20220825,002,1795
744.0015,744.0328,69296,81347,Rhinolophus ferrumequinum,0.03,0.03,-1,Echolocation,/mnt/ubna_data_01_mir/recover-20220825/UBNA_002/20220823_033000.WAV,Telephone Field,recover-20220825,002,1795
744.0015,744.01,32343,39484,Barbastellus barbastellus,0.007,0.028,-1,Echolocation,/mnt/ubna_data_01_mir/recover-20220825/UBNA_002/20220823_033000.WAV,Telephone Field,recover-20220825,002,1795
744.0015,744.01,26328,37845,Eptesicus serotinus,0.011,0.035,-1,Echolocation,/mnt/ubna_data_01_mir/recover-20220825/UBNA_002/20220823_033000.WAV,Telephone Field,recover-20220825,002,1795
744.0125,744.0507,68437,82492,Rhinolophus ferrumequinum,0.022,0.022,-1,Echolocation,/mnt/ubna_data_01_mir/recover-20220825/UBNA_002/20220823_033000.WAV,Telephone Field,recover-20220825,002,1795
744.0275,744.0674,68437,82910,Rhinolophus ferrumequinum,0.022,0.022,-1,Echolocation,/mnt/ubna_data_01_mir/recover-20220825/UBNA_002/20220823_033000.WAV,Telephone Field,recover-20220825,002,1795
744.0395,744.0488,28906,37160,Eptesicus serotinus,0.008,0.021,-1,Echolocation,/mnt/ubna_data_01_mir/recover-20220825/UBNA_002/20220823_033000.WAV,Telephone Field,recover-20220825,002,1795
744.0635,744.0752,22031,26613,Nyctalus leisleri,0.011,0.022,-1,Echolocation,/mnt/ubna_data_01_mir/recover-20220825/UBNA_002/20220823_033000.WAV,Telephone Field,recover-20220825,002,1795
744.0675,744.0992,68437,80662,Rhinolophus ferrumequinum,0.022,0.022,-1,Echolocation,/mnt/ubna_data_01_mir/recover-20220825/UBNA_002/20220823_033000.WAV,Telephone Field,recover-20220825,002,1795
744.1115,744.1514999999999,68437,81486,Rhinolophus ferrumequinum,0.022,0.022,-1,Echolocation,/mnt/ubna_data_01_mir/recover-20220825/UBNA_002/20220823_033000.WAV,Telephone Field,recover-20220825,002,1795
744.1145,744.1212,28046,39085,Eptesicus serotinus,0.007,0.023,-1,Echolocation,/mnt/ubna_data_01_mir/recover-20220825/UBNA_002/20220823_033000.WAV,Telephone Field,recover-20220825,002,1795
744.1525,744.1917,68437,82636,Rhinolophus ferrumequinum,0.023,0.023,-1,Echolocation,/mnt/ubna_data_01_mir/recover-20220825/UBNA_002/20220823_033000.WAV,Telephone Field,recover-20220825,002,1795
744.1795,744.1878,28906,38852,Eptesicus serotinus,0.009,0.026,-1,Echolocation,/mnt/ubna_data_01_mir/recover-20220825/UBNA_002/20220823_033000.WAV,Telephone Field,recover-20220825,002,1795
744.2265,744.237,26328,34236,Eptesicus serotinus,0.013,0.028,-1,Echolocation,/mnt/ubna_data_01_mir/recover-20220825/UBNA_002/20220823_033000.WAV,Telephone Field,recover-20220825,002,1795
744.2405,744.2781,68437,81972,Rhinolophus ferrumequinum,0.022,0.022,-1,Echolocation,/mnt/ubna_data_01_mir/recover-20220825/UBNA_002/20220823_033000.WAV,Telephone Field,recover-20220825,002,1795
744.2725,744.281,22890,30388,Plecotus austriacus,0.011,0.026,-1,Echolocation,/mnt/ubna_data_01_mir/recover-20220825/UBNA_002/20220823_033000.WAV,Telephone Field,recover-20220825,002,1795
744.2805,744.3181,68437,82029,Rhinolophus ferrumequinum,0.023,0.023,-1,Echolocation,/mnt/ubna_data_01_mir/recover-20220825/UBNA_002/20220823_033000.WAV,Telephone Field,recover-20220825,002,1795
744.2865,744.3267,68437,82257,Rhinolophus ferrumequinum,0.022,0.022,-1,Echolocation,/mnt/ubna_data_01_mir/recover-20220825/UBNA_002/20220823_033000.WAV,Telephone Field,recover-20220825,002,1795
744.3075,744.3448,68437,81270,Rhinolophus ferrumequinum,0.024,0.024,-1,Echolocation,/mnt/ubna_data_01_mir/recover-20220825/UBNA_002/20220823_033000.WAV,Telephone Field,recover-20220825,002,1795
744.3225,744.3308,24609,32908,Eptesicus serotinus,0.006,0.022,-1,Echolocation,/mnt/ubna_data_01_mir/recover-20220825/UBNA_002/20220823_033000.WAV,Telephone Field,recover-20220825,002,1795
744.3405,744.3805,68437,83032,Rhinolophus ferrumequinum,0.033,0.033,-1,Echolocation,/mnt/ubna_data_01_mir/recover-20220825/UBNA_002/20220823_033000.WAV,Telephone Field,recover-20220825,002,1795
744.4055,744.4196,22890,27534,Nyctalus leisleri,0.012,0.024,-1,Echolocation,/mnt/ubna_data_01_mir/recover-20220825/UBNA_002/20220823_033000.WAV,Telephone Field,recover-20220825,002,1795
744.4675,744.4761,28906,38561,Eptesicus serotinus,0.008,0.021,-1,Echolocation,/mnt/ubna_data_01_mir/recover-20220825/UBNA_002/20220823_033000.WAV,Telephone Field,recover-20220825,002,1795
744.5155,744.5243,28906,36571,Eptesicus serotinus,0.008,0.023,-1,Echolocation,/mnt/ubna_data_01_mir/recover-20220825/UBNA_002/20220823_033000.WAV,Telephone Field,recover-20220825,002,1795
744.5295,744.5385,45234,55350,Pipistrellus pipistrellus,0.016,0.03,-1,Echolocation,/mnt/ubna_data_01_mir/recover-20220825/UBNA_002/20220823_033000.WAV,Telephone Field,recover-20220825,002,1795
744.5485,744.5859,68437,81639,Rhinolophus ferrumequinum,0.023,0.023,-1,Echolocation,/mnt/ubna_data_01_mir/recover-20220825/UBNA_002/20220823_033000.WAV,Telephone Field,recover-20220825,002,1795
744.5745,744.5936,21171,24057,Nyctalus leisleri,0.086,0.129,-1,Echolocation,/mnt/ubna_data_01_mir/recover-20220825/UBNA_002/20220823_033000.WAV,Telephone Field,recover-20220825,002,1795
744.5885,744.5962,28906,38456,Eptesicus serotinus,0.007,0.023,-1,Echolocation,/mnt/ubna_data_01_mir/recover-20220825/UBNA_002/20220823_033000.WAV,Telephone Field,recover-20220825,002,1795
744.5995,744.6113,40937,46835,Pipistrellus nathusii,0.017,0.035,-1,Echolocation,/mnt/ubna_data_01_mir/recover-20220825/UBNA_002/20220823_033000.WAV,Telephone Field,recover-20220825,002,1795
744.6015,744.6427,68437,82448,Rhinolophus ferrumequinum,0.022,0.022,-1,Echolocation,/mnt/ubna_data_01_mir/recover-20220825/UBNA_002/20220823_033000.WAV,Telephone Field,recover-20220825,002,1795
744.6205,744.6585,68437,82471,Rhinolophus ferrumequinum,0.024,0.024,-1,Echolocation,/mnt/ubna_data_01_mir/recover-20220825/UBNA_002/20220823_033000.WAV,Telephone Field,recover-20220825,002,1795
744.6855,744.6939,28906,38727,Eptesicus serotinus,0.006,0.022,-1,Echolocation,/mnt/ubna_data_01_mir/recover-20220825/UBNA_002/20220823_033000.WAV,Telephone Field,recover-20220825,002,1795
744.7285,744.7684,68437,81952,Rhinolophus ferrumequinum,0.024,0.024,-1,Echolocation,/mnt/ubna_data_01_mir/recover-20220825/UBNA_002/20220823_033000.WAV,Telephone Field,recover-20220825,002,1795
744.7405,744.752,22890,28184,Nyctalus leisleri,0.013,0.028,-1,Echolocation,/mnt/ubna_data_01_mir/recover-20220825/UBNA_002/20220823_033000.WAV,Telephone Field,recover-20220825,002,1795
744.7475,744.7867,68437,82784,Rhinolophus ferrumequinum,0.023,0.023,-1,Echolocation,/mnt/ubna_data_01_mir/recover-20220825/UBNA_002/20220823_033000.WAV,Telephone Field,recover-20220825,002,1795
744.7565,744.7935,68437,81868,Rhinolophus ferrumequinum,0.022,0.022,-1,Echolocation,/mnt/ubna_data_01_mir/recover-20220825/UBNA_002/20220823_033000.WAV,Telephone Field,recover-20220825,002,1795
744.7725,744.7813,26328,34485,Eptesicus serotinus,0.009,0.023,-1,Echolocation,/mnt/ubna_data_01_mir/recover-20220825/UBNA_002/20220823_033000.WAV,Telephone Field,recover-20220825,002,1795
744.7915,744.8008,28046,39003,Eptesicus serotinus,0.008,0.021,-1,Echolocation,/mnt/ubna_data_01_mir/recover-20220825/UBNA_002/20220823_033000.WAV,Telephone Field,recover-20220825,002,1795
744.8065,744.8441,68437,81250,Rhinolophus ferrumequinum,0.025,0.026,-1,Echolocation,/mnt/ubna_data_01_mir/recover-20220825/UBNA_002/20220823_033000.WAV,Telephone Field,recover-20220825,002,1795
744.8155,744.8569,68437,82773,Rhinolophus ferrumequinum,0.029,0.029,-1,Echolocation,/mnt/ubna_data_01_mir/recover-20220825/UBNA_002/20220823_033000.WAV,Telephone Field,recover-20220825,002,1795
744.8555,744.8934,68437,82623,Rhinolophus ferrumequinum,0.022,0.022,-1,Echolocation,/mnt/ubna_data_01_mir/recover-20220825/UBNA_002/20220823_033000.WAV,Telephone Field,recover-20220825,002,1795
744.8805,744.9205,68437,82887,Rhinolophus ferrumequinum,0.029,0.03,-1,Echolocation,/mnt/ubna_data_01_mir/recover-20220825/UBNA_002/20220823_033000.WAV,Telephone Field,recover-20220825,002,1795
744.8945,744.9379,68437,83641,Rhinolophus ferrumequinum,0.024,0.024,-1,Echolocation,/mnt/ubna_data_01_mir/recover-20220825/UBNA_002/20220823_033000.WAV,Telephone Field,recover-20220825,002,1795
744.9275,744.9679,68437,82383,Rhinolophus ferrumequinum,0.025,0.025,-1,Echolocation,/mnt/ubna_data_01_mir/recover-20220825/UBNA_002/20220823_033000.WAV,Telephone Field,recover-20220825,002,1795
744.9295,744.9389,28906,37237,Eptesicus serotinus,0.009,0.021,-1,Echolocation,/mnt/ubna_data_01_mir/recover-20220825/UBNA_002/20220823_033000.WAV,Telephone Field,recover-20220825,002,1795
744.9525,744.9631,22890,28532,Nyctalus leisleri,0.011,0.023,-1,Echolocation,/mnt/ubna_data_01_mir/recover-20220825/UBNA_002/20220823_033000.WAV,Telephone Field,recover-20220825,002,1795
744.9935,745.003,22890,29269,Nyctalus leisleri,0.007,0.022,-1,Echolocation,/mnt/ubna_data_01_mir/recover-20220825/UBNA_002/20220823_033000.WAV,Telephone Field,recover-20220825,002,1795
745.0095,745.0472,68437,81764,Rhinolophus ferrumequinum,0.021,0.021,-1,Echolocation,/mnt/ubna_data_01_mir/recover-20220825/UBNA_002/20220823_033000.WAV,Telephone Field,recover-20220825,002,1795
745.0355,745.043,46953,51025,Pipistrellus pipistrellus,0.03,0.032,-1,Echolocation,/mnt/ubna_data_01_mir/recover-20220825/UBNA_002/20220823_033000.WAV,Telephone Field,recover-20220825,002,1795
745.0365,745.0462,28906,36859,Eptesicus serotinus,0.01,0.026,-1,Echolocation,/mnt/ubna_data_01_mir/recover-20220825/UBNA_002/20220823_033000.WAV,Telephone Field,recover-20220825,002,1795
745.0525,745.0921,68437,82366,Rhinolophus ferrumequinum,0.022,0.022,-1,Echolocation,/mnt/ubna_data_01_mir/recover-20220825/UBNA_002/20220823_033000.WAV,Telephone Field,recover-20220825,002,1795
745.0885,745.0979,28046,37413,Eptesicus serotinus,0.008,0.022,-1,Echolocation,/mnt/ubna_data_01_mir/recover-20220825/UBNA_002/20220823_033000.WAV,Telephone Field,recover-20220825,002,1795
745.0955,745.1071,25468,31503,Eptesicus serotinus,0.01,0.023,-1,Echolocation,/mnt/ubna_data_01_mir/recover-20220825/UBNA_002/20220823_033000.WAV,Telephone Field,recover-20220825,002,1795
745.1045,745.1422,68437,81152,Rhinolophus ferrumequinum,0.021,0.021,-1,Echolocation,/mnt/ubna_data_01_mir/recover-20220825/UBNA_002/20220823_033000.WAV,Telephone Field,recover-20220825,002,1795
745.1595,745.1662,34062,42934,Myotis daubentonii,0.008,0.023,-1,Echolocation,/mnt/ubna_data_01_mir/recover-20220825/UBNA_002/20220823_033000.WAV,Telephone Field,recover-20220825,002,1795
745.1605,745.1673,24609,37197,Plecotus austriacus,0.006,0.022,-1,Echolocation,/mnt/ubna_data_01_mir/recover-20220825/UBNA_002/20220823_033000.WAV,Telephone Field,recover-20220825,002,1795
745.2085,745.2506,68437,82737,Rhinolophus ferrumequinum,0.023,0.023,-1,Echolocation,/mnt/ubna_data_01_mir/recover-20220825/UBNA_002/20220823_033000.WAV,Telephone Field,recover-20220825,002,1795
745.2135,745.222,24609,32538,Eptesicus serotinus,0.007,0.024,-1,Echolocation,/mnt/ubna_data_01_mir/recover-20220825/UBNA_002/20220823_033000.WAV,Telephone Field,recover-20220825,002,1795
745.2385,745.2473,28906,37867,Eptesicus serotinus,0.012,0.027,-1,Echolocation,/mnt/ubna_data_01_mir/recover-20220825/UBNA_002/20220823_033000.WAV,Telephone Field,recover-20220825,002,1795
745.2985,745.3401,68437,82909,Rhinolophus ferrumequinum,0.026,0.026,-1,Echolocation,/mnt/ubna_data_01_mir/recover-20220825/UBNA_002/20220823_033000.WAV,Telephone Field,recover-20220825,002,1795
745.3405,745.3849,68437,83323,Rhinolophus ferrumequinum,0.035,0.035,-1,Echolocation,/mnt/ubna_data_01_mir/recover-20220825/UBNA_002/20220823_033000.WAV,Telephone Field,recover-20220825,002,1795
745.3745,745.3854,22890,27427,Nyctalus leisleri,0.013,0.023,-1,Echolocation,/mnt/ubna_data_01_mir/recover-20220825/UBNA_002/20220823_033000.WAV,Telephone Field,recover-20220825,002,1795
745.3865,745.3971,25468,33144,Eptesicus serotinus,0.01,0.023,-1,Echolocation,/mnt/ubna_data_01_mir/recover-20220825/UBNA_002/20220823_033000.WAV,Telephone Field,recover-20220825,002,1795
745.4075,745.4177,22890,29004,Nyctalus leisleri,0.009,0.023,-1,Echolocation,/mnt/ubna_data_01_mir/recover-20220825/UBNA_002/20220823_033000.WAV,Telephone Field,recover-20220825,002,1795
745.4085,745.4168999999999,28046,38654,Eptesicus serotinus,0.007,0.021,-1,Echolocation,/mnt/ubna_data_01_mir/recover-20220825/UBNA_002/20220823_033000.WAV,Telephone Field,recover-20220825,002,1795
745.4325,745.4746,68437,82681,Rhinolophus ferrumequinum,0.025,0.025,-1,Echolocation,/mnt/ubna_data_01_mir/recover-20220825/UBNA_002/20220823_033000.WAV,Telephone Field,recover-20220825,002,1795
745.4425,745.4536,26328,33471,Eptesicus serotinus,0.011,0.023,-1,Echolocation,/mnt/ubna_data_01_mir/recover-20220825/UBNA_002/20220823_033000.WAV,Telephone Field,recover-20220825,002,1795
745.4725,745.5147,68437,82378,Rhinolophus ferrumequinum,0.036,0.036,-1,Echolocation,/mnt/ubna_data_01_mir/recover-20220825/UBNA_002/20220823_033000.WAV,Telephone Field,recover-20220825,002,1795
745.4755,745.4835,27187,39913,Eptesicus serotinus,0.006,0.025,-1,Echolocation,/mnt/ubna_data_01_mir/recover-20220825/UBNA_002/20220823_033000.WAV,Telephone Field,recover-20220825,002,1795
745.4865,745.5257,68437,81919,Rhinolophus ferrumequinum,0.022,0.022,-1,Echolocation,/mnt/ubna_data_01_mir/recover-20220825/UBNA_002/20220823_033000.WAV,Telephone Field,recover-20220825,002,1795
745.5305,745.539,45234,48410,Pipistrellus pipistrellus,0.026,0.027,-1,Echolocation,/mnt/ubna_data_01_mir/recover-20220825/UBNA_002/20220823_033000.WAV,Telephone Field,recover-20220825,002,1795
745.5325,745.5405,28906,39527,Eptesicus serotinus,0.007,0.021,-1,Echolocation,/mnt/ubna_data_01_mir/recover-20220825/UBNA_002/20220823_033000.WAV,Telephone Field,recover-20220825,002,1795
745.5525,745.5899,68437,81245,Rhinolophus ferrumequinum,0.021,0.021,-1,Echolocation,/mnt/ubna_data_01_mir/recover-20220825/UBNA_002/20220823_033000.WAV,Telephone Field,recover-20220825,002,1795
745.5715,745.5802,28046,36369,Eptesicus serotinus,0.007,0.021,-1,Echolocation,/mnt/ubna_data_01_mir/recover-20220825/UBNA_002/20220823_033000.WAV,Telephone Field,recover-20220825,002,1795
745.6155,745.625,28906,37612,Eptesicus serotinus,0.009,0.023,-1,Echolocation,/mnt/ubna_data_01_mir/recover-20220825/UBNA_002/20220823_033000.WAV,Telephone Field,recover-20220825,002,1795
745.6445,745.6815,68437,81678,Rhinolophus ferrumequinum,0.022,0.022,-1,Echolocation,/mnt/ubna_data_01_mir/recover-20220825/UBNA_002/20220823_033000.WAV,Telephone Field,recover-20220825,002,1795
745.6795,745.7195,68437,82284,Rhinolophus ferrumequinum,0.026,0.026,-1,Echolocation,/mnt/ubna_data_01_mir/recover-20220825/UBNA_002/20220823_033000.WAV,Telephone Field,recover-20220825,002,1795
745.6865,745.6932,27187,41403,Eptesicus serotinus,0.007,0.024,-1,Echolocation,/mnt/ubna_data_01_mir/recover-20220825/UBNA_002/20220823_033000.WAV,Telephone Field,recover-20220825,002,1795
745.7065,745.7399,68437,80604,Rhinolophus ferrumequinum,0.035,0.036,-1,Echolocation,/mnt/ubna_data_01_mir/recover-20220825/UBNA_002/20220823_033000.WAV,Telephone Field,recover-20220825,002,1795
745.7155,745.7255,28906,36694,Eptesicus serotinus,0.011,0.023,-1,Echolocation,/mnt/ubna_data_01_mir/recover-20220825/UBNA_002/20220823_033000.WAV,Telephone Field,recover-20220825,002,1795
745.7165,745.751,68437,81560,Rhinolophus ferrumequinum,0.023,0.023,-1,Echolocation,/mnt/ubna_data_01_mir/recover-20220825/UBNA_002/20220823_033000.WAV,Telephone Field,recover-20220825,002,1795
745.7475,745.7882,68437,82536,Rhinolophus ferrumequinum,0.025,0.025,-1,Echolocation,/mnt/ubna_data_01_mir/recover-20220825/UBNA_002/20220823_033000.WAV,Telephone Field,recover-20220825,002,1795
745.7515,745.7608,28046,35788,Eptesicus serotinus,0.008,0.022,-1,Echolocation,/mnt/ubna_data_01_mir/recover-20220825/UBNA_002/20220823_033000.WAV,Telephone Field,recover-20220825,002,1795
745.7785,745.8138,68437,81728,Rhinolophus ferrumequinum,0.022,0.022,-1,Echolocation,/mnt/ubna_data_01_mir/recover-20220825/UBNA_002/20220823_033000.WAV,Telephone Field,recover-20220825,002,1795
745.7975,745.8159,21171,24514,Nyctalus leisleri,0.025,0.047,-1,Echolocation,/mnt/ubna_data_01_mir/recover-20220825/UBNA_002/20220823_033000.WAV,Telephone Field,recover-20220825,002,1795
745.8005,745.8375,68437,82378,Rhinolophus ferrumequinum,0.021,0.021,-1,Echolocation,/mnt/ubna_data_01_mir/recover-20220825/UBNA_002/20220823_033000.WAV,Telephone Field,recover-20220825,002,1795
745.8075,745.8192,22031,26365,Nyctalus leisleri,0.012,0.022,-1,Echolocation,/mnt/ubna_data_01_mir/recover-20220825/UBNA_002/20220823_033000.WAV,Telephone Field,recover-20220825,002,1795
745.8205,745.86,68437,82042,Rhinolophus ferrumequinum,0.021,0.021,-1,Echolocation,/mnt/ubna_data_01_mir/recover-20220825/UBNA_002/20220823_033000.WAV,Telephone Field,recover-20220825,002,1795
745.8555,745.866,22890,27989,Nyctalus leisleri,0.01,0.022,-1,Echolocation,/mnt/ubna_data_01_mir/recover-20220825/UBNA_002/20220823_033000.WAV,Telephone Field,recover-20220825,002,1795
745.8825,745.9267,68437,83855,Rhinolophus ferrumequinum,0.031,0.031,-1,Echolocation,/mnt/ubna_data_01_mir/recover-20220825/UBNA_002/20220823_033000.WAV,Telephone Field,recover-20220825,002,1795
745.8835,745.8928,30625,40525,Eptesicus serotinus,0.007,0.022,-1,Echolocation,/mnt/ubna_data_01_mir/recover-20220825/UBNA_002/20220823_033000.WAV,Telephone Field,recover-20220825,002,1795
745.8915,745.9366,68437,83601,Rhinolophus ferrumequinum,0.035,0.035,-1,Echolocation,/mnt/ubna_data_01_mir/recover-20220825/UBNA_002/20220823_033000.WAV,Telephone Field,recover-20220825,002,1795
745.9365,745.9439,28906,38878,Eptesicus serotinus,0.009,0.029,-1,Echolocation,/mnt/ubna_data_01_mir/recover-20220825/UBNA_002/20220823_033000.WAV,Telephone Field,recover-20220825,002,1795
745.9485,745.9889000000001,68437,82673,Rhinolophus ferrumequinum,0.022,0.022,-1,Echolocation,/mnt/ubna_data_01_mir/recover-20220825/UBNA_002/20220823_033000.WAV,Telephone Field,recover-20220825,002,1795
745.9575,745.9745,20312,23518,Nyctalus leisleri,0.015,0.025,-1,Echolocation,/mnt/ubna_data_01_mir/recover-20220825/UBNA_002/20220823_033000.WAV,Telephone Field,recover-20220825,002,1795
746.0015,746.0104,22031,28539,Nyctalus leisleri,0.009,0.027,-1,Echolocation,/mnt/ubna_data_01_mir/recover-20220825/UBNA_002/20220823_033000.WAV,Telephone Field,recover-20220825,002,1795
746.0015,746.034,68437,80670,Rhinolophus ferrumequinum,0.043,0.043,-1,Echolocation,/mnt/ubna_data_01_mir/recover-20220825/UBNA_002/20220823_033000.WAV,Telephone Field,recover-20220825,002,1795
746.0115,746.053,68437,82129,Rhinolophus ferrumequinum,0.027,0.027,-1,Echolocation,/mnt/ubna_data_01_mir/recover-20220825/UBNA_002/20220823_033000.WAV,Telephone Field,recover-20220825,002,1795
746.0264999999999,746.0351,28046,37399,Eptesicus serotinus,0.008,0.022,-1,Echolocation,/mnt/ubna_data_01_mir/recover-20220825/UBNA_002/20220823_033000.WAV,Telephone Field,recover-20220825,002,1795
746.0465,746.0525,34062,45762,Myotis daubentonii,0.01,0.032,-1,Echolocation,/mnt/ubna_data_01_mir/recover-20220825/UBNA_002/20220823_033000.WAV,Telephone Field,recover-20220825,002,1795
746.0475,746.0537,27187,44385,Eptesicus serotinus,0.006,0.026,-1,Echolocation,/mnt/ubna_data_01_mir/recover-20220825/UBNA_002/20220823_033000.WAV,Telephone Field,recover-20220825,002,1795
746.0595,746.101,68437,82722,Rhinolophus ferrumequinum,0.037,0.037,-1,Echolocation,/mnt/ubna_data_01_mir/recover-20220825/UBNA_002/20220823_033000.WAV,Telephone Field,recover-20220825,002,1795
746.0775,746.0877,23750,30291,Nyctalus leisleri,0.01,0.027,-1,Echolocation,/mnt/ubna_data_01_mir/recover-20220825/UBNA_002/20220823_033000.WAV,Telephone Field,recover-20220825,002,1795
746.0895,746.1274,68437,82483,Rhinolophus ferrumequinum,0.026,0.026,-1,Echolocation,/mnt/ubna_data_01_mir/recover-20220825/UBNA_002/20220823_033000.WAV,Telephone Field,recover-20220825,002,1795
746.1045,746.1423,68437,81641,Rhinolophus ferrumequinum,0.024,0.024,-1,Echolocation,/mnt/ubna_data_01_mir/recover-20220825/UBNA_002/20220823_033000.WAV,Telephone Field,recover-20220825,002,1795
746.1125,746.1523,68437,82666,Rhinolophus ferrumequinum,0.024,0.024,-1,Echolocation,/mnt/ubna_data_01_mir/recover-20220825/UBNA_002/20220823_033000.WAV,Telephone Field,recover-20220825,002,1795
746.1355,746.1432,28906,39412,Eptesicus serotinus,0.008,0.024,-1,Echolocation,/mnt/ubna_data_01_mir/recover-20220825/UBNA_002/20220823_033000.WAV,Telephone Field,recover-20220825,002,1795
746.1505,746.1939,68437,82877,Rhinolophus ferrumequinum,0.048,0.048,-1,Echolocation,/mnt/ubna_data_01_mir/recover-20220825/UBNA_002/20220823_033000.WAV,Telephone Field,recover-20220825,002,1795
746.1645,746.2038,68437,82143,Rhinolophus ferrumequinum,0.028,0.028,-1,Echolocation,/mnt/ubna_data_01_mir/recover-20220825/UBNA_002/20220823_033000.WAV,Telephone Field,recover-20220825,002,1795
746.2065,746.2474,68437,82544,Rhinolophus ferrumequinum,0.029,0.029,-1,Echolocation,/mnt/ubna_data_01_mir/recover-20220825/UBNA_002/20220823_033000.WAV,Telephone Field,recover-20220825,002,1795
746.2555,746.2971,68437,82750,Rhinolophus ferrumequinum,0.034,0.034,-1,Echolocation,/mnt/ubna_data_01_mir/recover-20220825/UBNA_002/20220823_033000.WAV,Telephone Field,recover-20220825,002,1795
746.3445,746.3828,68437,81903,Rhinolophus ferrumequinum,0.022,0.022,-1,Echolocation,/mnt/ubna_data_01_mir/recover-20220825/UBNA_002/20220823_033000.WAV,Telephone Field,recover-20220825,002,1795
746.3595,746.3672,28906,41505,Eptesicus serotinus,0.008,0.024,-1,Echolocation,/mnt/ubna_data_01_mir/recover-20220825/UBNA_002/20220823_033000.WAV,Telephone Field,recover-20220825,002,1795
746.3665,746.405,68437,82210,Rhinolophus ferrumequinum,0.022,0.022,-1,Echolocation,/mnt/ubna_data_01_mir/recover-20220825/UBNA_002/20220823_033000.WAV,Telephone Field,recover-20220825,002,1795
746.3875,746.4283,68437,82706,Rhinolophus ferrumequinum,0.031,0.031,-1,Echolocation,/mnt/ubna_data_01_mir/recover-20220825/UBNA_002/20220823_033000.WAV,Telephone Field,recover-20220825,002,1795
746.3915,746.4063,22890,26806,Nyctalus leisleri,0.015,0.026,-1,Echolocation,/mnt/ubna_data_01_mir/recover-20220825/UBNA_002/20220823_033000.WAV,Telephone Field,recover-20220825,002,1795
746.4165,746.4539,68437,81273,Rhinolophus ferrumequinum,0.023,0.023,-1,Echolocation,/mnt/ubna_data_01_mir/recover-20220825/UBNA_002/20220823_033000.WAV,Telephone Field,recover-20220825,002,1795
746.4625,746.5085,68437,83309,Rhinolophus ferrumequinum,0.094,0.094,-1,Echolocation,/mnt/ubna_data_01_mir/recover-20220825/UBNA_002/20220823_033000.WAV,Telephone Field,recover-20220825,002,1795
746.4835,746.4936,25468,33046,Eptesicus serotinus,0.01,0.025,-1,Echolocation,/mnt/ubna_data_01_mir/recover-20220825/UBNA_002/20220823_033000.WAV,Telephone Field,recover-20220825,002,1795
746.4975,746.5385,68437,82709,Rhinolophus ferrumequinum,0.026,0.026,-1,Echolocation,/mnt/ubna_data_01_mir/recover-20220825/UBNA_002/20220823_033000.WAV,Telephone Field,recover-20220825,002,1795
746.5005,746.5126,25468,30893,Nyctalus leisleri,0.013,0.032,-1,Echolocation,/mnt/ubna_data_01_mir/recover-20220825/UBNA_002/20220823_033000.WAV,Telephone Field,recover-20220825,002,1795
746.5235,746.5635,68437,81947,Rhinolophus ferrumequinum,0.03,0.03,-1,Echolocation,/mnt/ubna_data_01_mir/recover-20220825/UBNA_002/20220823_033000.WAV,Telephone Field,recover-20220825,002,1795
746.5325,746.5441,28046,35244,Eptesicus serotinus,0.013,0.029,-1,Echolocation,/mnt/ubna_data_01_mir/recover-20220825/UBNA_002/20220823_033000.WAV,Telephone Field,recover-20220825,002,1795
746.5425,746.5533,23750,29776,Nyctalus leisleri,0.01,0.026,-1,Echolocation,/mnt/ubna_data_01_mir/recover-20220825/UBNA_002/20220823_033000.WAV,Telephone Field,recover-20220825,002,1795
746.5665,746.5768,22031,26927,Nyctalus leisleri,0.011,0.022,-1,Echolocation,/mnt/ubna_data_01_mir/recover-20220825/UBNA_002/20220823_033000.WAV,Telephone Field,recover-20220825,002,1795
746.5745,746.6158,68437,82514,Rhinolophus ferrumequinum,0.026,0.026,-1,Echolocation,/mnt/ubna_data_01_mir/recover-20220825/UBNA_002/20220823_033000.WAV,Telephone Field,recover-20220825,002,1795
746.5955,746.6367,68437,82500,Rhinolophus ferrumequinum,0.028,0.028,-1,Echolocation,/mnt/ubna_data_01_mir/recover-20220825/UBNA_002/20220823_033000.WAV,Telephone Field,recover-20220825,002,1795
746.6215,746.6610000000001,68437,82524,Rhinolophus ferrumequinum,0.031,0.031,-1,Echolocation,/mnt/ubna_data_01_mir/recover-20220825/UBNA_002/20220823_033000.WAV,Telephone Field,recover-20220825,002,1795
746.6305,746.6436,55546,61760,Pipistrellus pygmaeus,0.037,0.038,-1,Echolocation,/mnt/ubna_data_01_mir/recover-20220825/UBNA_002/20220823_033000.WAV,Telephone Field,recover-20220825,002,1795
746.6325,746.6437,28906,35904,Eptesicus serotinus,0.012,0.025,-1,Echolocation,/mnt/ubna_data_01_mir/recover-20220825/UBNA_002/20220823_033000.WAV,Telephone Field,recover-20220825,002,1795
746.6825,746.7216,68437,81772,Rhinolophus ferrumequinum,0.024,0.024,-1,Echolocation,/mnt/ubna_data_01_mir/recover-20220825/UBNA_002/20220823_033000.WAV,Telephone Field,recover-20220825,002,1795
746.6835,746.6955,40937,45555,Pipistrellus nathusii,0.011,0.023,-1,Echolocation,/mnt/ubna_data_01_mir/recover-20220825/UBNA_002/20220823_033000.WAV,Telephone Field,recover-20220825,002,1795
746.7515,746.7581,28046,42679,Eptesicus serotinus,0.008,0.025,-1,Echolocation,/mnt/ubna_data_01_mir/recover-20220825/UBNA_002/20220823_033000.WAV,Telephone Field,recover-20220825,002,1795
746.7595,746.8001,68437,82557,Rhinolophus ferrumequinum,0.022,0.022,-1,Echolocation,/mnt/ubna_data_01_mir/recover-20220825/UBNA_002/20220823_033000.WAV,Telephone Field,recover-20220825,002,1795
746.7785,746.7896,25468,32179,Eptesicus serotinus,0.013,0.031,-1,Echolocation,/mnt/ubna_data_01_mir/recover-20220825/UBNA_002/20220823_033000.WAV,Telephone Field,recover-20220825,002,1795
746.8005,746.844,68437,82988,Rhinolophus ferrumequinum,0.054,0.054,-1,Echolocation,/mnt/ubna_data_01_mir/recover-20220825/UBNA_002/20220823_033000.WAV,Telephone Field,recover-20220825,002,1795
746.8745,746.9161,68437,82397,Rhinolophus ferrumequinum,0.069,0.069,-1,Echolocation,/mnt/ubna_data_01_mir/recover-20220825/UBNA_002/20220823_033000.WAV,Telephone Field,recover-20220825,002,1795
746.9255,746.963,68437,82021,Rhinolophus ferrumequinum,0.026,0.026,-1,Echolocation,/mnt/ubna_data_01_mir/recover-20220825/UBNA_002/20220823_033000.WAV,Telephone Field,recover-20220825,002,1795
746.9405,746.9513,23750,30511,Nyctalus leisleri,0.012,0.029,-1,Echolocation,/mnt/ubna_data_01_mir/recover-20220825/UBNA_002/20220823_033000.WAV,Telephone Field,recover-20220825,002,1795
746.9595,746.9976,68437,81812,Rhinolophus ferrumequinum,0.022,0.022,-1,Echolocation,/mnt/ubna_data_01_mir/recover-20220825/UBNA_002/20220823_033000.WAV,Telephone Field,recover-20220825,002,1795
746.9835,747.0242,68437,82368,Rhinolophus ferrumequinum,0.023,0.023,-1,Echolocation,/mnt/ubna_data_01_mir/recover-20220825/UBNA_002/20220823_033000.WAV,Telephone Field,recover-20220825,002,1795
747.0115,747.0497,68437,82495,Rhinolophus ferrumequinum,0.023,0.023,-1,Echolocation,/mnt/ubna_data_01_mir/recover-20220825/UBNA_002/20220823_033000.WAV,Telephone Field,recover-20220825,002,1795
747.0295,747.0386,46953,51541,Pipistrellus pipistrellus,0.022,0.024,-1,Echolocation,/mnt/ubna_data_01_mir/recover-20220825/UBNA_002/20220823_033000.WAV,Telephone Field,recover-20220825,002,1795
747.0315,747.069,68437,81794,Rhinolophus ferrumequinum,0.025,0.025,-1,Echolocation,/mnt/ubna_data_01_mir/recover-20220825/UBNA_002/20220823_033000.WAV,Telephone Field,recover-20220825,002,1795
747.0485,747.0608,35781,42833,Pipistrellus nathusii,0.009,0.026,-1,Echolocation,/mnt/ubna_data_01_mir/recover-20220825/UBNA_002/20220823_033000.WAV,Telephone Field,recover-20220825,002,1795
747.0495,747.0581999999999,22890,30606,Plecotus austriacus,0.01,0.025,-1,Echolocation,/mnt/ubna_data_01_mir/recover-20220825/UBNA_002/20220823_033000.WAV,Telephone Field,recover-20220825,002,1795
747.0675,747.0768,46093,48759,Pipistrellus pipistrellus,0.02,0.022,-1,Echolocation,/mnt/ubna_data_01_mir/recover-20220825/UBNA_002/20220823_033000.WAV,Telephone Field,recover-20220825,002,1795
747.0865,747.124,68437,82045,Rhinolophus ferrumequinum,0.024,0.024,-1,Echolocation,/mnt/ubna_data_01_mir/recover-20220825/UBNA_002/20220823_033000.WAV,Telephone Field,recover-20220825,002,1795
747.1045,747.1426,68437,82054,Rhinolophus ferrumequinum,0.023,0.023,-1,Echolocation,/mnt/ubna_data_01_mir/recover-20220825/UBNA_002/20220823_033000.WAV,Telephone Field,recover-20220825,002,1795
747.1105,747.1481,68437,81761,Rhinolophus ferrumequinum,0.022,0.022,-1,Echolocation,/mnt/ubna_data_01_mir/recover-20220825/UBNA_002/20220823_033000.WAV,Telephone Field,recover-20220825,002,1795
747.1385,747.1757,68437,82007,Rhinolophus ferrumequinum,0.023,0.023,-1,Echolocation,/mnt/ubna_data_01_mir/recover-20220825/UBNA_002/20220823_033000.WAV,Telephone Field,recover-20220825,002,1795
747.1495,747.1887,68437,82783,Rhinolophus ferrumequinum,0.028,0.028,-1,Echolocation,/mnt/ubna_data_01_mir/recover-20220825/UBNA_002/20220823_033000.WAV,Telephone Field,recover-20220825,002,1795
747.1885,747.2256,68437,81696,Rhinolophus ferrumequinum,0.022,0.022,-1,Echolocation,/mnt/ubna_data_01_mir/recover-20220825/UBNA_002/20220823_033000.WAV,Telephone Field,recover-20220825,002,1795
747.2025,747.2089,24609,35906,Plecotus auritus,0.014,0.039,-1,Echolocation,/mnt/ubna_data_01_mir/recover-20220825/UBNA_002/20220823_033000.WAV,Telephone Field,recover-20220825,002,1795
747.2185,747.2265,28046,40738,Eptesicus serotinus,0.008,0.022,-1,Echolocation,/mnt/ubna_data_01_mir/recover-20220825/UBNA_002/20220823_033000.WAV,Telephone Field,recover-20220825,002,1795
747.2205,747.2593,68437,82775,Rhinolophus ferrumequinum,0.029,0.029,-1,Echolocation,/mnt/ubna_data_01_mir/recover-20220825/UBNA_002/20220823_033000.WAV,Telephone Field,recover-20220825,002,1795
747.2305,747.2695,68437,82385,Rhinolophus ferrumequinum,0.022,0.022,-1,Echolocation,/mnt/ubna_data_01_mir/recover-20220825/UBNA_002/20220823_033000.WAV,Telephone Field,recover-20220825,002,1795
747.2395,747.2502,28046,35808,Eptesicus serotinus,0.023,0.038,-1,Echolocation,/mnt/ubna_data_01_mir/recover-20220825/UBNA_002/20220823_033000.WAV,Telephone Field,recover-20220825,002,1795
747.2615,747.3019,68437,82940,Rhinolophus ferrumequinum,0.024,0.024,-1,Echolocation,/mnt/ubna_data_01_mir/recover-20220825/UBNA_002/20220823_033000.WAV,Telephone Field,recover-20220825,002,1795
747.2725,747.2884,19453,22967,Nyctalus leisleri,0.012,0.023,-1,Echolocation,/mnt/ubna_data_01_mir/recover-20220825/UBNA_002/20220823_033000.WAV,Telephone Field,recover-20220825,002,1795
747.2835,747.3191,68437,82202,Rhinolophus ferrumequinum,0.024,0.024,-1,Echolocation,/mnt/ubna_data_01_mir/recover-20220825/UBNA_002/20220823_033000.WAV,Telephone Field,recover-20220825,002,1795
747.2985,747.3378,68437,82405,Rhinolophus ferrumequinum,0.037,0.037,-1,Echolocation,/mnt/ubna_data_01_mir/recover-20220825/UBNA_002/20220823_033000.WAV,Telephone Field,recover-20220825,002,1795
747.3235,747.3675,68437,83020,Rhinolophus ferrumequinum,0.031,0.031,-1,Echolocation,/mnt/ubna_data_01_mir/recover-20220825/UBNA_002/20220823_033000.WAV,Telephone Field,recover-20220825,002,1795
747.3345,747.3512,22031,25350,Nyctalus leisleri,0.047,0.076,-1,Echolocation,/mnt/ubna_data_01_mir/recover-20220825/UBNA_002/20220823_033000.WAV,Telephone Field,recover-20220825,002,1795
747.3745,747.4152,68437,82863,Rhinolophus ferrumequinum,0.029,0.029,-1,Echolocation,/mnt/ubna_data_01_mir/recover-20220825/UBNA_002/20220823_033000.WAV,Telephone Field,recover-20220825,002,1795
747.4025,747.4421,68437,82457,Rhinolophus ferrumequinum,0.024,0.024,-1,Echolocation,/mnt/ubna_data_01_mir/recover-20220825/UBNA_002/20220823_033000.WAV,Telephone Field,recover-20220825,002,1795
747.4135,747.4225,28906,38490,Eptesicus serotinus,0.009,0.023,-1,Echolocation,/mnt/ubna_data_01_mir/recover-20220825/UBNA_002/20220823_033000.WAV,Telephone Field,recover-20220825,002,1795
747.4285,747.4644,68437,81137,Rhinolophus ferrumequinum,0.024,0.025,-1,Echolocation,/mnt/ubna_data_01_mir/recover-20220825/UBNA_002/20220823_033000.WAV,Telephone Field,recover-20220825,002,1795
747.4355,747.4738,68437,81439,Rhinolophus ferrumequinum,0.025,0.025,-1,Echolocation,/mnt/ubna_data_01_mir/recover-20220825/UBNA_002/20220823_033000.WAV,Telephone Field,recover-20220825,002,1795
747.4485,747.4879,68437,82766,Rhinolophus ferrumequinum,0.036,0.036,-1,Echolocation,/mnt/ubna_data_01_mir/recover-20220825/UBNA_002/20220823_033000.WAV,Telephone Field,recover-20220825,002,1795
747.4925,747.5295,68437,81641,Rhinolophus ferrumequinum,0.023,0.023,-1,Echolocation,/mnt/ubna_data_01_mir/recover-20220825/UBNA_002/20220823_033000.WAV,Telephone Field,recover-20220825,002,1795
747.5485,747.59,68437,82638,Rhinolophus ferrumequinum,0.023,0.023,-1,Echolocation,/mnt/ubna_data_01_mir/recover-20220825/UBNA_002/20220823_033000.WAV,Telephone Field,recover-20220825,002,1795
747.5505,747.5626,38359,43078,Pipistrellus nathusii,0.006,0.023,-1,Echolocation,/mnt/ubna_data_01_mir/recover-20220825/UBNA_002/20220823_033000.WAV,Telephone Field,recover-20220825,002,1795
747.5595,747.5977,68437,81940,Rhinolophus ferrumequinum,0.024,0.024,-1,Echolocation,/mnt/ubna_data_01_mir/recover-20220825/UBNA_002/20220823_033000.WAV,Telephone Field,recover-20220825,002,1795
747.5695,747.5801,28906,36048,Eptesicus serotinus,0.012,0.025,-1,Echolocation,/mnt/ubna_data_01_mir/recover-20220825/UBNA_002/20220823_033000.WAV,Telephone Field,recover-20220825,002,1795
747.5965,747.6354,68437,82087,Rhinolophus ferrumequinum,0.023,0.023,-1,Echolocation,/mnt/ubna_data_01_mir/recover-20220825/UBNA_002/20220823_033000.WAV,Telephone Field,recover-20220825,002,1795
747.6545,747.6615,47812,56561,Pipistrellus pipistrellus,0.021,0.023,-1,Echolocation,/mnt/ubna_data_01_mir/recover-20220825/UBNA_002/20220823_033000.WAV,Telephone Field,recover-20220825,002,1795
747.6555,747.698,68437,83419,Rhinolophus ferrumequinum,0.033,0.033,-1,Echolocation,/mnt/ubna_data_01_mir/recover-20220825/UBNA_002/20220823_033000.WAV,Telephone Field,recover-20220825,002,1795
747.6685,747.7083,68437,82773,Rhinolophus ferrumequinum,0.028,0.028,-1,Echolocation,/mnt/ubna_data_01_mir/recover-20220825/UBNA_002/20220823_033000.WAV,Telephone Field,recover-20220825,002,1795
747.6965,747.7358,68437,81947,Rhinolophus ferrumequinum,0.024,0.024,-1,Echolocation,/mnt/ubna_data_01_mir/recover-20220825/UBNA_002/20220823_033000.WAV,Telephone Field,recover-20220825,002,1795
747.7295,747.7684,68437,82714,Rhinolophus ferrumequinum,0.025,0.025,-1,Echolocation,/mnt/ubna_data_01_mir/recover-20220825/UBNA_002/20220823_033000.WAV,Telephone Field,recover-20220825,002,1795
747.7645,747.8033,68437,82169,Rhinolophus ferrumequinum,0.022,0.022,-1,Echolocation,/mnt/ubna_data_01_mir/recover-20220825/UBNA_002/20220823_033000.WAV,Telephone Field,recover-20220825,002,1795
747.7695,747.8078,68437,81998,Rhinolophus ferrumequinum,0.022,0.022,-1,Echolocation,/mnt/ubna_data_01_mir/recover-20220825/UBNA_002/20220823_033000.WAV,Telephone Field,recover-20220825,002,1795
747.7935,747.8328,68437,82354,Rhinolophus ferrumequinum,0.025,0.025,-1,Echolocation,/mnt/ubna_data_01_mir/recover-20220825/UBNA_002/20220823_033000.WAV,Telephone Field,recover-20220825,002,1795
747.8055,747.8142,28046,38632,Eptesicus serotinus,0.01,0.024,-1,Echolocation,/mnt/ubna_data_01_mir/recover-20220825/UBNA_002/20220823_033000.WAV,Telephone Field,recover-20220825,002,1795
747.8165,747.8565,68437,82394,Rhinolophus ferrumequinum,0.024,0.024,-1,Echolocation,/mnt/ubna_data_01_mir/recover-20220825/UBNA_002/20220823_033000.WAV,Telephone Field,recover-20220825,002,1795
747.8245,747.8621,68437,81899,Rhinolophus ferrumequinum,0.022,0.022,-1,Echolocation,/mnt/ubna_data_01_mir/recover-20220825/UBNA_002/20220823_033000.WAV,Telephone Field,recover-20220825,002,1795
747.8245,747.8303,49531,55115,Pipistrellus pipistrellus,0.02,0.022,-1,Echolocation,/mnt/ubna_data_01_mir/recover-20220825/UBNA_002/20220823_033000.WAV,Telephone Field,recover-20220825,002,1795
747.8375,747.8757,68437,81664,Rhinolophus ferrumequinum,0.023,0.024,-1,Echolocation,/mnt/ubna_data_01_mir/recover-20220825/UBNA_002/20220823_033000.WAV,Telephone Field,recover-20220825,002,1795
747.8905,747.9302,68437,82650,Rhinolophus ferrumequinum,0.025,0.025,-1,Echolocation,/mnt/ubna_data_01_mir/recover-20220825/UBNA_002/20220823_033000.WAV,Telephone Field,recover-20220825,002,1795
747.9115,747.9498,68437,82042,Rhinolophus ferrumequinum,0.023,0.023,-1,Echolocation,/mnt/ubna_data_01_mir/recover-20220825/UBNA_002/20220823_033000.WAV,Telephone Field,recover-20220825,002,1795
747.9215,747.9297,25468,34192,Eptesicus serotinus,0.007,0.022,-1,Echolocation,/mnt/ubna_data_01_mir/recover-20220825/UBNA_002/20220823_033000.WAV,Telephone Field,recover-20220825,002,1795
747.9235,747.9655,68437,82822,Rhinolophus ferrumequinum,0.03,0.03,-1,Echolocation,/mnt/ubna_data_01_mir/recover-20220825/UBNA_002/20220823_033000.WAV,Telephone Field,recover-20220825,002,1795
747.9425,747.981,68437,82108,Rhinolophus ferrumequinum,0.025,0.025,-1,Echolocation,/mnt/ubna_data_01_mir/recover-20220825/UBNA_002/20220823_033000.WAV,Telephone Field,recover-20220825,002,1795
747.9545,747.9907,68437,82137,Rhinolophus ferrumequinum,0.023,0.023,-1,Echolocation,/mnt/ubna_data_01_mir/recover-20220825/UBNA_002/20220823_033000.WAV,Telephone Field,recover-20220825,002,1795
747.9855,747.9947,25468,34349,Eptesicus serotinus,0.009,0.023,-1,Echolocation,/mnt/ubna_data_01_mir/recover-20220825/UBNA_002/20220823_033000.WAV,Telephone Field,recover-20220825,002,1795
748.0015,748.0279,69296,80616,Rhinolophus ferrumequinum,0.043,0.044,-1,Echolocation,/mnt/ubna_data_01_mir/recover-20220825/UBNA_002/20220823_033000.WAV,Telephone Field,recover-20220825,002,1795
748.0015,748.0106,47812,55398,Pipistrellus pipistrellus,0.015,0.022,-1,Echolocation,/mnt/ubna_data_01_mir/recover-20220825/UBNA_002/20220823_033000.WAV,Telephone Field,recover-20220825,002,1795
748.0025,748.0155,28906,35064,Eptesicus serotinus,0.015,0.029,-1,Echolocation,/mnt/ubna_data_01_mir/recover-20220825/UBNA_002/20220823_033000.WAV,Telephone Field,recover-20220825,002,1795
748.0125,748.0542,68437,82763,Rhinolophus ferrumequinum,0.026,0.026,-1,Echolocation,/mnt/ubna_data_01_mir/recover-20220825/UBNA_002/20220823_033000.WAV,Telephone Field,recover-20220825,002,1795
748.0285,748.0633,68437,81515,Rhinolophus ferrumequinum,0.022,0.022,-1,Echolocation,/mnt/ubna_data_01_mir/recover-20220825/UBNA_002/20220823_033000.WAV,Telephone Field,recover-20220825,002,1795
748.0605,748.0681,40937,49373,Pipistrellus nathusii,0.017,0.032,-1,Echolocation,/mnt/ubna_data_01_mir/recover-20220825/UBNA_002/20220823_033000.WAV,Telephone Field,recover-20220825,002,1795
748.1135,748.1503,68437,82490,Rhinolophus ferrumequinum,0.023,0.023,-1,Echolocation,/mnt/ubna_data_01_mir/recover-20220825/UBNA_002/20220823_033000.WAV,Telephone Field,recover-20220825,002,1795
748.1345,748.1452,28046,35710,Eptesicus serotinus,0.013,0.027,-1,Echolocation,/mnt/ubna_data_01_mir/recover-20220825/UBNA_002/20220823_033000.WAV,Telephone Field,recover-20220825,002,1795
748.1485,748.1572,50390,57723,Pipistrellus pipistrellus,0.024,0.036,-1,Echolocation,/mnt/ubna_data_01_mir/recover-20220825/UBNA_002/20220823_033000.WAV,Telephone Field,recover-20220825,002,1795
748.2335,748.2731,68437,82910,Rhinolophus ferrumequinum,0.026,0.026,-1,Echolocation,/mnt/ubna_data_01_mir/recover-20220825/UBNA_002/20220823_033000.WAV,Telephone Field,recover-20220825,002,1795
748.2695,748.3078,68437,82528,Rhinolophus ferrumequinum,0.023,0.023,-1,Echolocation,/mnt/ubna_data_01_mir/recover-20220825/UBNA_002/20220823_033000.WAV,Telephone Field,recover-20220825,002,1795
748.2975,748.3062,27187,37290,Eptesicus serotinus,0.01,0.026,-1,Echolocation,/mnt/ubna_data_01_mir/recover-20220825/UBNA_002/20220823_033000.WAV,Telephone Field,recover-20220825,002,1795
748.3225,748.3579,68437,81855,Rhinolophus ferrumequinum,0.022,0.022,-1,Echolocation,/mnt/ubna_data_01_mir/recover-20220825/UBNA_002/20220823_033000.WAV,Telephone Field,recover-20220825,002,1795
748.4025,748.4102,25468,34300,Eptesicus serotinus,0.012,0.036,-1,Echolocation,/mnt/ubna_data_01_mir/recover-20220825/UBNA_002/20220823_033000.WAV,Telephone Field,recover-20220825,002,1795
748.4175,748.4261,40937,46476,Pipistrellus nathusii,0.011,0.025,-1,Echolocation,/mnt/ubna_data_01_mir/recover-20220825/UBNA_002/20220823_033000.WAV,Telephone Field,recover-20220825,002,1795
748.4345,748.4768,68437,83130,Rhinolophus ferrumequinum,0.029,0.029,-1,Echolocation,/mnt/ubna_data_01_mir/recover-20220825/UBNA_002/20220823_033000.WAV,Telephone Field,recover-20220825,002,1795
748.4385,748.4455,46953,52085,Pipistrellus pipistrellus,0.028,0.031,-1,Echolocation,/mnt/ubna_data_01_mir/recover-20220825/UBNA_002/20220823_033000.WAV,Telephone Field,recover-20220825,002,1795
748.4775,748.4849,57265,63600,Pipistrellus pygmaeus,0.022,0.022,-1,Echolocation,/mnt/ubna_data_01_mir/recover-20220825/UBNA_002/20220823_033000.WAV,Telephone Field,recover-20220825,002,1795
748.4905,748.4986,29765,38966,Eptesicus serotinus,0.017,0.038,-1,Echolocation,/mnt/ubna_data_01_mir/recover-20220825/UBNA_002/20220823_033000.WAV,Telephone Field,recover-20220825,002,1795
748.5235,748.532,41796,47432,Pipistrellus nathusii,0.009,0.023,-1,Echolocation,/mnt/ubna_data_01_mir/recover-20220825/UBNA_002/20220823_033000.WAV,Telephone Field,recover-20220825,002,1795
748.5305,748.5381,41796,49030,Pipistrellus nathusii,0.007,0.023,-1,Echolocation,/mnt/ubna_data_01_mir/recover-20220825/UBNA_002/20220823_033000.WAV,Telephone Field,recover-20220825,002,1795
748.5535,748.5634,22890,29071,Nyctalus leisleri,0.009,0.027,-1,Echolocation,/mnt/ubna_data_01_mir/recover-20220825/UBNA_002/20220823_033000.WAV,Telephone Field,recover-20220825,002,1795
748.6165,748.6582,68437,83035,Rhinolophus ferrumequinum,0.03,0.03,-1,Echolocation,/mnt/ubna_data_01_mir/recover-20220825/UBNA_002/20220823_033000.WAV,Telephone Field,recover-20220825,002,1795
748.6565,748.6673,41796,49746,Pipistrellus nathusii,0.012,0.023,-1,Echolocation,/mnt/ubna_data_01_mir/recover-20220825/UBNA_002/20220823_033000.WAV,Telephone Field,recover-20220825,002,1795
748.6565,748.6957,68437,82134,Rhinolophus ferrumequinum,0.022,0.022,-1,Echolocation,/mnt/ubna_data_01_mir/recover-20220825/UBNA_002/20220823_033000.WAV,Telephone Field,recover-20220825,002,1795
748.6935,748.7338,68437,83088,Rhinolophus ferrumequinum,0.031,0.031,-1,Echolocation,/mnt/ubna_data_01_mir/recover-20220825/UBNA_002/20220823_033000.WAV,Telephone Field,recover-20220825,002,1795
748.7515,748.791,68437,82541,Rhinolophus ferrumequinum,0.028,0.029,-1,Echolocation,/mnt/ubna_data_01_mir/recover-20220825/UBNA_002/20220823_033000.WAV,Telephone Field,recover-20220825,002,1795
748.7805,748.7905,38359,43444,Pipistrellus nathusii,0.034,0.051,-1,Echolocation,/mnt/ubna_data_01_mir/recover-20220825/UBNA_002/20220823_033000.WAV,Telephone Field,recover-20220825,002,1795
748.7855,748.7927999999999,26328,38624,Eptesicus serotinus,0.007,0.023,-1,Echolocation,/mnt/ubna_data_01_mir/recover-20220825/UBNA_002/20220823_033000.WAV,Telephone Field,recover-20220825,002,1795
748.8115,748.8204,39218,44742,Pipistrellus nathusii,0.086,0.165,-1,Echolocation,/mnt/ubna_data_01_mir/recover-20220825/UBNA_002/20220823_033000.WAV,Telephone Field,recover-20220825,002,1795
748.8135,748.8211,24609,36133,Eptesicus serotinus,0.009,0.027,-1,Echolocation,/mnt/ubna_data_01_mir/recover-20220825/UBNA_002/20220823_033000.WAV,Telephone Field,recover-20220825,002,1795
748.8535,748.8637,22890,27943,Nyctalus leisleri,0.01,0.022,-1,Echolocation,/mnt/ubna_data_01_mir/recover-20220825/UBNA_002/20220823_033000.WAV,Telephone Field,recover-20220825,002,1795
748.8635,748.8709,40937,50672,Pipistrellus nathusii,0.011,0.028,-1,Echolocation,/mnt/ubna_data_01_mir/recover-20220825/UBNA_002/20220823_033000.WAV,Telephone Field,recover-20220825,002,1795
748.8785,748.9132,68437,81848,Rhinolophus ferrumequinum,0.025,0.025,-1,Echolocation,/mnt/ubna_data_01_mir/recover-20220825/UBNA_002/20220823_033000.WAV,Telephone Field,recover-20220825,002,1795
748.8855,748.8932,32343,43163,Barbastellus barbastellus,0.008,0.024,-1,Echolocation,/mnt/ubna_data_01_mir/recover-20220825/UBNA_002/20220823_033000.WAV,Telephone Field,recover-20220825,002,1795
748.8995,748.9154,40937,43879,Pipistrellus nathusii,0.056,0.061,-1,Echolocation,/mnt/ubna_data_01_mir/recover-20220825/UBNA_002/20220823_033000.WAV,Telephone Field,recover-20220825,002,1795
748.9175,748.961,68437,82735,Rhinolophus ferrumequinum,0.036,0.036,-1,Echolocation,/mnt/ubna_data_01_mir/recover-20220825/UBNA_002/20220823_033000.WAV,Telephone Field,recover-20220825,002,1795
748.9225,748.9305,27187,40161,Eptesicus serotinus,0.009,0.024,-1,Echolocation,/mnt/ubna_data_01_mir/recover-20220825/UBNA_002/20220823_033000.WAV,Telephone Field,recover-20220825,002,1795
748.9495,748.9602,23750,29880,Nyctalus leisleri,0.01,0.026,-1,Echolocation,/mnt/ubna_data_01_mir/recover-20220825/UBNA_002/20220823_033000.WAV,Telephone Field,recover-20220825,002,1795
748.9725,748.981,27187,34918,Eptesicus serotinus,0.011,0.024,-1,Echolocation,/mnt/ubna_data_01_mir/recover-20220825/UBNA_002/20220823_033000.WAV,Telephone Field,recover-20220825,002,1795
748.9855,748.9922,40078,47471,Pipistrellus nathusii,0.139,0.273,-1,Echolocation,/mnt/ubna_data_01_mir/recover-20220825/UBNA_002/20220823_033000.WAV,Telephone Field,recover-20220825,002,1795
749.0085,749.0178,22031,27357,Nyctalus leisleri,0.009,0.022,-1,Echolocation,/mnt/ubna_data_01_mir/recover-20220825/UBNA_002/20220823_033000.WAV,Telephone Field,recover-20220825,002,1795
749.0385,749.0755,68437,81871,Rhinolophus ferrumequinum,0.022,0.023,-1,Echolocation,/mnt/ubna_data_01_mir/recover-20220825/UBNA_002/20220823_033000.WAV,Telephone Field,recover-20220825,002,1795
749.0715,749.0809,27187,38848,Eptesicus serotinus,0.011,0.023,-1,Echolocation,/mnt/ubna_data_01_mir/recover-20220825/UBNA_002/20220823_033000.WAV,Telephone Field,recover-20220825,002,1795
749.0745,749.1165,68437,82465,Rhinolophus ferrumequinum,0.023,0.023,-1,Echolocation,/mnt/ubna_data_01_mir/recover-20220825/UBNA_002/20220823_033000.WAV,Telephone Field,recover-20220825,002,1795
749.0955,749.1037,40937,49173,Pipistrellus nathusii,0.013,0.026,-1,Echolocation,/mnt/ubna_data_01_mir/recover-20220825/UBNA_002/20220823_033000.WAV,Telephone Field,recover-20220825,002,1795
749.1205,749.1579,68437,82161,Rhinolophus ferrumequinum,0.026,0.026,-1,Echolocation,/mnt/ubna_data_01_mir/recover-20220825/UBNA_002/20220823_033000.WAV,Telephone Field,recover-20220825,002,1795
749.1245,749.1333,25468,34532,Eptesicus serotinus,0.01,0.025,-1,Echolocation,/mnt/ubna_data_01_mir/recover-20220825/UBNA_002/20220823_033000.WAV,Telephone Field,recover-20220825,002,1795
749.1565,749.1672,23750,28501,Nyctalus leisleri,0.011,0.023,-1,Echolocation,/mnt/ubna_data_01_mir/recover-20220825/UBNA_002/20220823_033000.WAV,Telephone Field,recover-20220825,002,1795
749.1595,749.1707,41796,45692,Pipistrellus nathusii,0.145,0.16,-1,Echolocation,/mnt/ubna_data_01_mir/recover-20220825/UBNA_002/20220823_033000.WAV,Telephone Field,recover-20220825,002,1795
749.1835,749.2188,68437,81533,Rhinolophus ferrumequinum,0.024,0.024,-1,Echolocation,/mnt/ubna_data_01_mir/recover-20220825/UBNA_002/20220823_033000.WAV,Telephone Field,recover-20220825,002,1795
749.1935,749.2011,44375,47832,Pipistrellus pipistrellus,0.029,0.035,-1,Echolocation,/mnt/ubna_data_01_mir/recover-20220825/UBNA_002/20220823_033000.WAV,Telephone Field,recover-20220825,002,1795
749.2015,749.2157,16015,21212,Nyctalus noctula,0.014,0.022,-1,Echolocation,/mnt/ubna_data_01_mir/recover-20220825/UBNA_002/20220823_033000.WAV,Telephone Field,recover-20220825,002,1795
749.2195,749.2553,68437,81942,Rhinolophus ferrumequinum,0.022,0.022,-1,Echolocation,/mnt/ubna_data_01_mir/recover-20220825/UBNA_002/20220823_033000.WAV,Telephone Field,recover-20220825,002,1795
749.2275,749.2346,27187,35764,Eptesicus serotinus,0.008,0.025,-1,Echolocation,/mnt/ubna_data_01_mir/recover-20220825/UBNA_002/20220823_033000.WAV,Telephone Field,recover-20220825,002,1795
749.2555,749.2664,39218,43650,Pipistrellus nathusii,0.024,0.038,-1,Echolocation,/mnt/ubna_data_01_mir/recover-20220825/UBNA_002/20220823_033000.WAV,Telephone Field,recover-20220825,002,1795
749.2555,749.2623,26328,37173,Eptesicus serotinus,0.007,0.023,-1,Echolocation,/mnt/ubna_data_01_mir/recover-20220825/UBNA_002/20220823_033000.WAV,Telephone Field,recover-20220825,002,1795
749.3085,749.3465,68437,81811,Rhinolophus ferrumequinum,0.023,0.023,-1,Echolocation,/mnt/ubna_data_01_mir/recover-20220825/UBNA_002/20220823_033000.WAV,Telephone Field,recover-20220825,002,1795
749.3145,749.3545,68437,82323,Rhinolophus ferrumequinum,0.023,0.023,-1,Echolocation,/mnt/ubna_data_01_mir/recover-20220825/UBNA_002/20220823_033000.WAV,Telephone Field,recover-20220825,002,1795
749.3405,749.3478,27187,35906,Eptesicus serotinus,0.008,0.022,-1,Echolocation,/mnt/ubna_data_01_mir/recover-20220825/UBNA_002/20220823_033000.WAV,Telephone Field,recover-20220825,002,1795
749.3505,749.3603,40078,45564,Pipistrellus nathusii,0.245,0.287,-1,Echolocation,/mnt/ubna_data_01_mir/recover-20220825/UBNA_002/20220823_033000.WAV,Telephone Field,recover-20220825,002,1795
749.3615,749.3685,26328,34603,Eptesicus serotinus,0.01,0.03,-1,Echolocation,/mnt/ubna_data_01_mir/recover-20220825/UBNA_002/20220823_033000.WAV,Telephone Field,recover-20220825,002,1795
749.3995,749.4047,35781,53009,Myotis brandtii,0.012,0.025,-1,Echolocation,/mnt/ubna_data_01_mir/recover-20220825/UBNA_002/20220823_033000.WAV,Telephone Field,recover-20220825,002,1795
749.3995,749.4058,27187,39906,Eptesicus serotinus,0.008,0.028,-1,Echolocation,/mnt/ubna_data_01_mir/recover-20220825/UBNA_002/20220823_033000.WAV,Telephone Field,recover-20220825,002,1795
749.4445,749.4524,40078,46274,Pipistrellus nathusii,0.338,0.494,-1,Echolocation,/mnt/ubna_data_01_mir/recover-20220825/UBNA_002/20220823_033000.WAV,Telephone Field,recover-20220825,002,1795
749.4605,749.4976,68437,81747,Rhinolophus ferrumequinum,0.023,0.023,-1,Echolocation,/mnt/ubna_data_01_mir/recover-20220825/UBNA_002/20220823_033000.WAV,Telephone Field,recover-20220825,002,1795
749.4655,749.5037,68437,82062,Rhinolophus ferrumequinum,0.023,0.023,-1,Echolocation,/mnt/ubna_data_01_mir/recover-20220825/UBNA_002/20220823_033000.WAV,Telephone Field,recover-20220825,002,1795
749.4805,749.492,22890,28096,Nyctalus leisleri,0.013,0.026,-1,Echolocation,/mnt/ubna_data_01_mir/recover-20220825/UBNA_002/20220823_033000.WAV,Telephone Field,recover-20220825,002,1795
749.4965,749.5351,68437,82020,Rhinolophus ferrumequinum,0.027,0.027,-1,Echolocation,/mnt/ubna_data_01_mir/recover-20220825/UBNA_002/20220823_033000.WAV,Telephone Field,recover-20220825,002,1795
749.4985,749.5063,41796,47539,Pipistrellus nathusii,0.089,0.117,-1,Echolocation,/mnt/ubna_data_01_mir/recover-20220825/UBNA_002/20220823_033000.WAV,Telephone Field,recover-20220825,002,1795
749.4995,749.5059,31484,47084,Barbastellus barbastellus,0.009,0.025,-1,Echolocation,/mnt/ubna_data_01_mir/recover-20220825/UBNA_002/20220823_033000.WAV,Telephone Field,recover-20220825,002,1795
749.5215,749.5321,23750,29216,Nyctalus leisleri,0.009,0.023,-1,Echolocation,/mnt/ubna_data_01_mir/recover-20220825/UBNA_002/20220823_033000.WAV,Telephone Field,recover-20220825,002,1795
749.5975,749.603,40078,48765,Pipistrellus nathusii,0.173,0.386,-1,Echolocation,/mnt/ubna_data_01_mir/recover-20220825/UBNA_002/20220823_033000.WAV,Telephone Field,recover-20220825,002,1795
749.6075,749.617,27187,33693,Eptesicus serotinus,0.009,0.025,-1,Echolocation,/mnt/ubna_data_01_mir/recover-20220825/UBNA_002/20220823_033000.WAV,Telephone Field,recover-20220825,002,1795
749.6405,749.6766,68437,82182,Rhinolophus ferrumequinum,0.022,0.022,-1,Echolocation,/mnt/ubna_data_01_mir/recover-20220825/UBNA_002/20220823_033000.WAV,Telephone Field,recover-20220825,002,1795
749.6605,749.6679,27187,35329,Eptesicus serotinus,0.008,0.023,-1,Echolocation,/mnt/ubna_data_01_mir/recover-20220825/UBNA_002/20220823_033000.WAV,Telephone Field,recover-20220825,002,1795
749.6665,749.7051,68437,82105,Rhinolophus ferrumequinum,0.022,0.022,-1,Echolocation,/mnt/ubna_data_01_mir/recover-20220825/UBNA_002/20220823_033000.WAV,Telephone Field,recover-20220825,002,1795
749.6685,749.6756,40078,47458,Pipistrellus nathusii,0.422,0.536,-1,Echolocation,/mnt/ubna_data_01_mir/recover-20220825/UBNA_002/20220823_033000.WAV,Telephone Field,recover-20220825,002,1795
749.7045,749.7144,24609,32469,Eptesicus serotinus,0.01,0.023,-1,Echolocation,/mnt/ubna_data_01_mir/recover-20220825/UBNA_002/20220823_033000.WAV,Telephone Field,recover-20220825,002,1795
749.7125,749.7223,27187,35067,Eptesicus serotinus,0.012,0.023,-1,Echolocation,/mnt/ubna_data_01_mir/recover-20220825/UBNA_002/20220823_033000.WAV,Telephone Field,recover-20220825,002,1795
749.7365,749.7497,15156,20119,Nyctalus noctula,0.014,0.025,-1,Echolocation,/mnt/ubna_data_01_mir/recover-20220825/UBNA_002/20220823_033000.WAV,Telephone Field,recover-20220825,002,1795
749.7405,749.7466,39218,48165,Pipistrellus nathusii,0.228,0.423,-1,Echolocation,/mnt/ubna_data_01_mir/recover-20220825/UBNA_002/20220823_033000.WAV,Telephone Field,recover-20220825,002,1795
749.7725,749.7832,24609,31343,Eptesicus serotinus,0.009,0.023,-1,Echolocation,/mnt/ubna_data_01_mir/recover-20220825/UBNA_002/20220823_033000.WAV,Telephone Field,recover-20220825,002,1795
749.7825,749.8209,68437,82008,Rhinolophus ferrumequinum,0.023,0.023,-1,Echolocation,/mnt/ubna_data_01_mir/recover-20220825/UBNA_002/20220823_033000.WAV,Telephone Field,recover-20220825,002,1795
749.7895,749.8286,68437,82426,Rhinolophus ferrumequinum,0.023,0.024,-1,Echolocation,/mnt/ubna_data_01_mir/recover-20220825/UBNA_002/20220823_033000.WAV,Telephone Field,recover-20220825,002,1795
749.8125,749.8206,47812,54393,Pipistrellus pipistrellus,0.017,0.024,-1,Echolocation,/mnt/ubna_data_01_mir/recover-20220825/UBNA_002/20220823_033000.WAV,Telephone Field,recover-20220825,002,1795
749.8215,749.827,37500,50170,Pipistrellus nathusii,0.187,0.413,-1,Echolocation,/mnt/ubna_data_01_mir/recover-20220825/UBNA_002/20220823_033000.WAV,Telephone Field,recover-20220825,002,1795
749.8225,749.8622,68437,82257,Rhinolophus ferrumequinum,0.026,0.026,-1,Echolocation,/mnt/ubna_data_01_mir/recover-20220825/UBNA_002/20220823_033000.WAV,Telephone Field,recover-20220825,002,1795
749.8955,749.9333,68437,81745,Rhinolophus ferrumequinum,0.023,0.023,-1,Echolocation,/mnt/ubna_data_01_mir/recover-20220825/UBNA_002/20220823_033000.WAV,Telephone Field,recover-20220825,002,1795
749.9014999999999,749.9084,40937,51315,Pipistrellus nathusii,0.246,0.478,-1,Echolocation,/mnt/ubna_data_01_mir/recover-20220825/UBNA_002/20220823_033000.WAV,Telephone Field,recover-20220825,002,1795
749.9185,749.9559,68437,82022,Rhinolophus ferrumequinum,0.023,0.023,-1,Echolocation,/mnt/ubna_data_01_mir/recover-20220825/UBNA_002/20220823_033000.WAV,Telephone Field,recover-20220825,002,1795
749.9375,749.9749,68437,82152,Rhinolophus ferrumequinum,0.023,0.023,-1,Echolocation,/mnt/ubna_data_01_mir/recover-20220825/UBNA_002/20220823_033000.WAV,Telephone Field,recover-20220825,002,1795
749.9765,749.9824,40078,49740,Pipistrellus nathusii,0.207,0.392,-1,Echolocation,/mnt/ubna_data_01_mir/recover-20220825/UBNA_002/20220823_033000.WAV,Telephone Field,recover-20220825,002,1795
749.9895,749.9983,27187,34900,Eptesicus serotinus,0.008,0.023,-1,Echolocation,/mnt/ubna_data_01_mir/recover-20220825/UBNA_002/20220823_033000.WAV,Telephone Field,recover-20220825,002,1795
750.0015,750.0116,22031,27673,Nyctalus leisleri,0.011,0.028,-1,Echolocation,/mnt/ubna_data_01_mir/recover-20220825/UBNA_002/20220823_033000.WAV,Telephone Field,recover-20220825,002,1795
750.0015,750.0141,51250,60880,Pipistrellus pygmaeus,0.014,0.026,-1,Echolocation,/mnt/ubna_data_01_mir/recover-20220825/UBNA_002/20220823_033000.WAV,Telephone Field,recover-20220825,002,1795
750.0015,750.0312,68437,80054,Rhinolophus ferrumequinum,0.041,0.041,-1,Echolocation,/mnt/ubna_data_01_mir/recover-20220825/UBNA_002/20220823_033000.WAV,Telephone Field,recover-20220825,002,1795
750.0015,750.0108,38359,44245,Pipistrellus nathusii,0.014,0.029,-1,Echolocation,/mnt/ubna_data_01_mir/recover-20220825/UBNA_002/20220823_033000.WAV,Telephone Field,recover-20220825,002,1795
750.0155,750.0617,68437,82718,Rhinolophus ferrumequinum,0.032,0.033,-1,Echolocation,/mnt/ubna_data_01_mir/recover-20220825/UBNA_002/20220823_033000.WAV,Telephone Field,recover-20220825,002,1795
750.0485,750.0539,37500,50125,Myotis daubentonii,0.035,0.064,-1,Echolocation,/mnt/ubna_data_01_mir/recover-20220825/UBNA_002/20220823_033000.WAV,Telephone Field,recover-20220825,002,1795
750.0895,750.0989,28906,37476,Eptesicus serotinus,0.01,0.025,-1,Echolocation,/mnt/ubna_data_01_mir/recover-20220825/UBNA_002/20220823_033000.WAV,Telephone Field,recover-20220825,002,1795
750.1005,750.1101,40937,47150,Pipistrellus nathusii,0.035,0.051,-1,Echolocation,/mnt/ubna_data_01_mir/recover-20220825/UBNA_002/20220823_033000.WAV,Telephone Field,recover-20220825,002,1795
750.1295,750.1384,41796,47567,Pipistrellus nathusii,0.127,0.19,-1,Echolocation,/mnt/ubna_data_01_mir/recover-20220825/UBNA_002/20220823_033000.WAV,Telephone Field,recover-20220825,002,1795
750.1795,750.1875,28046,36601,Eptesicus serotinus,0.01,0.026,-1,Echolocation,/mnt/ubna_data_01_mir/recover-20220825/UBNA_002/20220823_033000.WAV,Telephone Field,recover-20220825,002,1795
750.2175,750.2282,42656,48516,Pipistrellus nathusii,0.021,0.034,-1,Echolocation,/mnt/ubna_data_01_mir/recover-20220825/UBNA_002/20220823_033000.WAV,Telephone Field,recover-20220825,002,1795
750.2375,750.2759,68437,82256,Rhinolophus ferrumequinum,0.029,0.029,-1,Echolocation,/mnt/ubna_data_01_mir/recover-20220825/UBNA_002/20220823_033000.WAV,Telephone Field,recover-20220825,002,1795
750.2895,750.3001,56406,61318,Pipistrellus pygmaeus,0.026,0.027,-1,Echolocation,/mnt/ubna_data_01_mir/recover-20220825/UBNA_002/20220823_033000.WAV,Telephone Field,recover-20220825,002,1795
750.3045,750.3119,40937,49817,Pipistrellus nathusii,0.151,0.321,-1,Echolocation,/mnt/ubna_data_01_mir/recover-20220825/UBNA_002/20220823_033000.WAV,Telephone Field,recover-20220825,002,1795
750.3065,750.3127,28046,49314,Myotis daubentonii,0.015,0.033,-1,Echolocation,/mnt/ubna_data_01_mir/recover-20220825/UBNA_002/20220823_033000.WAV,Telephone Field,recover-20220825,002,1795
750.3175,750.3277,28046,34052,Eptesicus serotinus,0.018,0.037,-1,Echolocation,/mnt/ubna_data_01_mir/recover-20220825/UBNA_002/20220823_033000.WAV,Telephone Field,recover-20220825,002,1795
750.3435,750.3849,68437,82947,Rhinolophus ferrumequinum,0.025,0.025,-1,Echolocation,/mnt/ubna_data_01_mir/recover-20220825/UBNA_002/20220823_033000.WAV,Telephone Field,recover-20220825,002,1795
750.3875,750.4032,16015,21332,Nyctalus noctula,0.017,0.025,-1,Echolocation,/mnt/ubna_data_01_mir/recover-20220825/UBNA_002/20220823_033000.WAV,Telephone Field,recover-20220825,002,1795
750.4685,750.5069,68437,82011,Rhinolophus ferrumequinum,0.024,0.024,-1,Echolocation,/mnt/ubna_data_01_mir/recover-20220825/UBNA_002/20220823_033000.WAV,Telephone Field,recover-20220825,002,1795
750.5065,750.5138,27187,39703,Eptesicus serotinus,0.007,0.025,-1,Echolocation,/mnt/ubna_data_01_mir/recover-20220825/UBNA_002/20220823_033000.WAV,Telephone Field,recover-20220825,002,1795
750.5315,750.5676,68437,80859,Rhinolophus ferrumequinum,0.025,0.025,-1,Echolocation,/mnt/ubna_data_01_mir/recover-20220825/UBNA_002/20220823_033000.WAV,Telephone Field,recover-20220825,002,1795
750.5615,750.6029,68437,82822,Rhinolophus ferrumequinum,0.025,0.025,-1,Echolocation,/mnt/ubna_data_01_mir/recover-20220825/UBNA_002/20220823_033000.WAV,Telephone Field,recover-20220825,002,1795
750.5755,750.618,68437,82852,Rhinolophus ferrumequinum,0.029,0.029,-1,Echolocation,/mnt/ubna_data_01_mir/recover-20220825/UBNA_002/20220823_033000.WAV,Telephone Field,recover-20220825,002,1795
750.5825,750.5887,32343,45212,Myotis daubentonii,0.014,0.03,-1,Echolocation,/mnt/ubna_data_01_mir/recover-20220825/UBNA_002/20220823_033000.WAV,Telephone Field,recover-20220825,002,1795
750.5875,750.5965,24609,32243,Eptesicus serotinus,0.007,0.024,-1,Echolocation,/mnt/ubna_data_01_mir/recover-20220825/UBNA_002/20220823_033000.WAV,Telephone Field,recover-20220825,002,1795
750.6055,750.6158,27187,33761,Eptesicus serotinus,0.017,0.035,-1,Echolocation,/mnt/ubna_data_01_mir/recover-20220825/UBNA_002/20220823_033000.WAV,Telephone Field,recover-20220825,002,1795
750.6135,750.6251,32343,37535,Pipistrellus nathusii,0.008,0.029,-1,Echolocation,/mnt/ubna_data_01_mir/recover-20220825/UBNA_002/20220823_033000.WAV,Telephone Field,recover-20220825,002,1795
750.6565,750.6609,27187,39884,Plecotus auritus,0.089,0.154,-1,Echolocation,/mnt/ubna_data_01_mir/recover-20220825/UBNA_002/20220823_033000.WAV,Telephone Field,recover-20220825,002,1795
750.6845,750.7196,68437,81257,Rhinolophus ferrumequinum,0.027,0.028,-1,Echolocation,/mnt/ubna_data_01_mir/recover-20220825/UBNA_002/20220823_033000.WAV,Telephone Field,recover-20220825,002,1795
750.6885,750.694,38359,50691,Myotis daubentonii,0.013,0.038,-1,Echolocation,/mnt/ubna_data_01_mir/recover-20220825/UBNA_002/20220823_033000.WAV,Telephone Field,recover-20220825,002,1795
750.6915,750.6984,26328,37260,Eptesicus serotinus,0.007,0.025,-1,Echolocation,/mnt/ubna_data_01_mir/recover-20220825/UBNA_002/20220823_033000.WAV,Telephone Field,recover-20220825,002,1795
750.7095,750.7507,68437,82828,Rhinolophus ferrumequinum,0.024,0.024,-1,Echolocation,/mnt/ubna_data_01_mir/recover-20220825/UBNA_002/20220823_033000.WAV,Telephone Field,recover-20220825,002,1795
750.7565,750.7643,27187,41804,Eptesicus serotinus,0.008,0.023,-1,Echolocation,/mnt/ubna_data_01_mir/recover-20220825/UBNA_002/20220823_033000.WAV,Telephone Field,recover-20220825,002,1795
750.7565,750.7957,68437,82681,Rhinolophus ferrumequinum,0.025,0.025,-1,Echolocation,/mnt/ubna_data_01_mir/recover-20220825/UBNA_002/20220823_033000.WAV,Telephone Field,recover-20220825,002,1795
750.8025,750.8116,40078,46176,Pipistrellus nathusii,0.017,0.036,-1,Echolocation,/mnt/ubna_data_01_mir/recover-20220825/UBNA_002/20220823_033000.WAV,Telephone Field,recover-20220825,002,1795
750.8065,750.8141,26328,39116,Eptesicus serotinus,0.01,0.028,-1,Echolocation,/mnt/ubna_data_01_mir/recover-20220825/UBNA_002/20220823_033000.WAV,Telephone Field,recover-20220825,002,1795
750.8725,750.9142,68437,82612,Rhinolophus ferrumequinum,0.031,0.031,-1,Echolocation,/mnt/ubna_data_01_mir/recover-20220825/UBNA_002/20220823_033000.WAV,Telephone Field,recover-20220825,002,1795
750.9585,750.9672,27187,38014,Eptesicus serotinus,0.01,0.025,-1,Echolocation,/mnt/ubna_data_01_mir/recover-20220825/UBNA_002/20220823_033000.WAV,Telephone Field,recover-20220825,002,1795
750.9785,751.0156,68437,81828,Rhinolophus ferrumequinum,0.024,0.024,-1,Echolocation,/mnt/ubna_data_01_mir/recover-20220825/UBNA_002/20220823_033000.WAV,Telephone Field,recover-20220825,002,1795
750.9885,750.9961,40078,46362,Pipistrellus nathusii,0.155,0.316,-1,Echolocation,/mnt/ubna_data_01_mir/recover-20220825/UBNA_002/20220823_033000.WAV,Telephone Field,recover-20220825,002,1795
751.0035,751.0131,27187,34645,Eptesicus serotinus,0.009,0.023,-1,Echolocation,/mnt/ubna_data_01_mir/recover-20220825/UBNA_002/20220823_033000.WAV,Telephone Field,recover-20220825,002,1795
751.0135,751.0219,27187,36669,Eptesicus serotinus,0.01,0.023,-1,Echolocation,/mnt/ubna_data_01_mir/recover-20220825/UBNA_002/20220823_033000.WAV,Telephone Field,recover-20220825,002,1795
751.0295,751.0397,27187,33249,Eptesicus serotinus,0.023,0.046,-1,Echolocation,/mnt/ubna_data_01_mir/recover-20220825/UBNA_002/20220823_033000.WAV,Telephone Field,recover-20220825,002,1795
751.0295,751.0701,68437,82389,Rhinolophus ferrumequinum,0.025,0.025,-1,Echolocation,/mnt/ubna_data_01_mir/recover-20220825/UBNA_002/20220823_033000.WAV,Telephone Field,recover-20220825,002,1795
751.0625,751.0777,16875,22606,Nyctalus noctula,0.017,0.025,-1,Echolocation,/mnt/ubna_data_01_mir/recover-20220825/UBNA_002/20220823_033000.WAV,Telephone Field,recover-20220825,002,1795
751.0825,751.0892,38359,46219,Pipistrellus nathusii,0.302,0.476,-1,Echolocation,/mnt/ubna_data_01_mir/recover-20220825/UBNA_002/20220823_033000.WAV,Telephone Field,recover-20220825,002,1795
751.1075,751.1267,18593,21827,Nyctalus noctula,0.01,0.023,-1,Echolocation,/mnt/ubna_data_01_mir/recover-20220825/UBNA_002/20220823_033000.WAV,Telephone Field,recover-20220825,002,1795
751.1195,751.1589,68437,82304,Rhinolophus ferrumequinum,0.026,0.026,-1,Echolocation,/mnt/ubna_data_01_mir/recover-20220825/UBNA_002/20220823_033000.WAV,Telephone Field,recover-20220825,002,1795
751.1495,751.1919,68437,82933,Rhinolophus ferrumequinum,0.026,0.026,-1,Echolocation,/mnt/ubna_data_01_mir/recover-20220825/UBNA_002/20220823_033000.WAV,Telephone Field,recover-20220825,002,1795
751.1905,751.1983,27187,38366,Eptesicus serotinus,0.009,0.024,-1,Echolocation,/mnt/ubna_data_01_mir/recover-20220825/UBNA_002/20220823_033000.WAV,Telephone Field,recover-20220825,002,1795
751.2075,751.2138,27187,37673,Eptesicus serotinus,0.007,0.03,-1,Echolocation,/mnt/ubna_data_01_mir/recover-20220825/UBNA_002/20220823_033000.WAV,Telephone Field,recover-20220825,002,1795
751.2345,751.2753,68437,83134,Rhinolophus ferrumequinum,0.024,0.024,-1,Echolocation,/mnt/ubna_data_01_mir/recover-20220825/UBNA_002/20220823_033000.WAV,Telephone Field,recover-20220825,002,1795
751.2425,751.2521,28046,36676,Eptesicus serotinus,0.011,0.025,-1,Echolocation,/mnt/ubna_data_01_mir/recover-20220825/UBNA_002/20220823_033000.WAV,Telephone Field,recover-20220825,002,1795
751.2575,751.2634,38359,48896,Myotis daubentonii,0.018,0.035,-1,Echolocation,/mnt/ubna_data_01_mir/recover-20220825/UBNA_002/20220823_033000.WAV,Telephone Field,recover-20220825,002,1795
751.2765,751.2867,25468,35205,Eptesicus serotinus,0.013,0.035,-1,Echolocation,/mnt/ubna_data_01_mir/recover-20220825/UBNA_002/20220823_033000.WAV,Telephone Field,recover-20220825,002,1795
751.2805,751.2868,33203,45460,Myotis daubentonii,0.022,0.04,-1,Echolocation,/mnt/ubna_data_01_mir/recover-20220825/UBNA_002/20220823_033000.WAV,Telephone Field,recover-20220825,002,1795
751.2935,751.3035,27187,34944,Eptesicus serotinus,0.009,0.023,-1,Echolocation,/mnt/ubna_data_01_mir/recover-20220825/UBNA_002/20220823_033000.WAV,Telephone Field,recover-20220825,002,1795
751.3475,751.3559,28046,38138,Eptesicus serotinus,0.009,0.025,-1,Echolocation,/mnt/ubna_data_01_mir/recover-20220825/UBNA_002/20220823_033000.WAV,Telephone Field,recover-20220825,002,1795
751.3675,751.3757,27187,36874,Eptesicus serotinus,0.011,0.026,-1,Echolocation,/mnt/ubna_data_01_mir/recover-20220825/UBNA_002/20220823_033000.WAV,Telephone Field,recover-20220825,002,1795
751.3775,751.3925,37500,40956,Pipistrellus nathusii,0.065,0.072,-1,Echolocation,/mnt/ubna_data_01_mir/recover-20220825/UBNA_002/20220823_033000.WAV,Telephone Field,recover-20220825,002,1795
751.4005,751.4117,23750,30268,Nyctalus leisleri,0.01,0.026,-1,Echolocation,/mnt/ubna_data_01_mir/recover-20220825/UBNA_002/20220823_033000.WAV,Telephone Field,recover-20220825,002,1795
751.4105,751.4501,68437,82492,Rhinolophus ferrumequinum,0.025,0.025,-1,Echolocation,/mnt/ubna_data_01_mir/recover-20220825/UBNA_002/20220823_033000.WAV,Telephone Field,recover-20220825,002,1795
751.4125,751.4205,26328,35731,Eptesicus serotinus,0.012,0.032,-1,Echolocation,/mnt/ubna_data_01_mir/recover-20220825/UBNA_002/20220823_033000.WAV,Telephone Field,recover-20220825,002,1795
751.4605,751.4999,68437,82837,Rhinolophus ferrumequinum,0.025,0.025,-1,Echolocation,/mnt/ubna_data_01_mir/recover-20220825/UBNA_002/20220823_033000.WAV,Telephone Field,recover-20220825,002,1795
751.4655,751.5076,68437,82689,Rhinolophus ferrumequinum,0.026,0.026,-1,Echolocation,/mnt/ubna_data_01_mir/recover-20220825/UBNA_002/20220823_033000.WAV,Telephone Field,recover-20220825,002,1795
751.4985,751.5067,24609,33850,Eptesicus serotinus,0.007,0.027,-1,Echolocation,/mnt/ubna_data_01_mir/recover-20220825/UBNA_002/20220823_033000.WAV,Telephone Field,recover-20220825,002,1795
751.5345,751.5445,23750,31037,Nyctalus leisleri,0.008,0.023,-1,Echolocation,/mnt/ubna_data_01_mir/recover-20220825/UBNA_002/20220823_033000.WAV,Telephone Field,recover-20220825,002,1795
751.5545,751.5754,17734,21143,Nyctalus noctula,0.014,0.024,-1,Echolocation,/mnt/ubna_data_01_mir/recover-20220825/UBNA_002/20220823_033000.WAV,Telephone Field,recover-20220825,002,1795
751.5885,751.5952,27187,37507,Eptesicus serotinus,0.01,0.034,-1,Echolocation,/mnt/ubna_data_01_mir/recover-20220825/UBNA_002/20220823_033000.WAV,Telephone Field,recover-20220825,002,1795
751.6075,751.6184,23750,30442,Nyctalus leisleri,0.009,0.025,-1,Echolocation,/mnt/ubna_data_01_mir/recover-20220825/UBNA_002/20220823_033000.WAV,Telephone Field,recover-20220825,002,1795
751.6135,751.6517,68437,81855,Rhinolophus ferrumequinum,0.025,0.025,-1,Echolocation,/mnt/ubna_data_01_mir/recover-20220825/UBNA_002/20220823_033000.WAV,Telephone Field,recover-20220825,002,1795
751.6755,751.7159,68437,82516,Rhinolophus ferrumequinum,0.025,0.025,-1,Echolocation,/mnt/ubna_data_01_mir/recover-20220825/UBNA_002/20220823_033000.WAV,Telephone Field,recover-20220825,002,1795
751.7225,751.7311,26328,35640,Eptesicus serotinus,0.008,0.023,-1,Echolocation,/mnt/ubna_data_01_mir/recover-20220825/UBNA_002/20220823_033000.WAV,Telephone Field,recover-20220825,002,1795
751.7435,751.7884,68437,83488,Rhinolophus ferrumequinum,0.03,0.03,-1,Echolocation,/mnt/ubna_data_01_mir/recover-20220825/UBNA_002/20220823_033000.WAV,Telephone Field,recover-20220825,002,1795
751.7885,751.8011,23750,29000,Nyctalus leisleri,0.017,0.034,-1,Echolocation,/mnt/ubna_data_01_mir/recover-20220825/UBNA_002/20220823_033000.WAV,Telephone Field,recover-20220825,002,1795
751.8285,751.838,28046,36716,Eptesicus serotinus,0.012,0.027,-1,Echolocation,/mnt/ubna_data_01_mir/recover-20220825/UBNA_002/20220823_033000.WAV,Telephone Field,recover-20220825,002,1795
751.8575,751.8634,40937,50514,Pipistrellus nathusii,0.439,0.515,-1,Echolocation,/mnt/ubna_data_01_mir/recover-20220825/UBNA_002/20220823_033000.WAV,Telephone Field,recover-20220825,002,1795
751.9175,751.9277,28046,35270,Eptesicus serotinus,0.01,0.023,-1,Echolocation,/mnt/ubna_data_01_mir/recover-20220825/UBNA_002/20220823_033000.WAV,Telephone Field,recover-20220825,002,1795
751.9355,751.9511,23750,29136,Nyctalus leisleri,0.015,0.035,-1,Echolocation,/mnt/ubna_data_01_mir/recover-20220825/UBNA_002/20220823_033000.WAV,Telephone Field,recover-20220825,002,1795
751.9415,751.9495,40078,46535,Pipistrellus nathusii,0.352,0.432,-1,Echolocation,/mnt/ubna_data_01_mir/recover-20220825/UBNA_002/20220823_033000.WAV,Telephone Field,recover-20220825,002,1795
751.9425,751.9552,22890,28975,Nyctalus leisleri,0.014,0.033,-1,Echolocation,/mnt/ubna_data_01_mir/recover-20220825/UBNA_002/20220823_033000.WAV,Telephone Field,recover-20220825,002,1795
751.9445,751.9502,28046,48040,Myotis daubentonii,0.017,0.031,-1,Echolocation,/mnt/ubna_data_01_mir/recover-20220825/UBNA_002/20220823_033000.WAV,Telephone Field,recover-20220825,002,1795
751.9595,751.9985,68437,82452,Rhinolophus ferrumequinum,0.026,0.027,-1,Echolocation,/mnt/ubna_data_01_mir/recover-20220825/UBNA_002/20220823_033000.WAV,Telephone Field,recover-20220825,002,1795
751.9835,751.9932,28046,36614,Eptesicus serotinus,0.011,0.026,-1,Echolocation,/mnt/ubna_data_01_mir/recover-20220825/UBNA_002/20220823_033000.WAV,Telephone Field,recover-20220825,002,1795
752.0015,752.01,22031,30176,Nyctalus leisleri,0.009,0.033,-1,Echolocation,/mnt/ubna_data_01_mir/recover-20220825/UBNA_002/20220823_033000.WAV,Telephone Field,recover-20220825,002,1795
752.0015,752.0126,37500,42884,Pipistrellus nathusii,0.057,0.073,-1,Echolocation,/mnt/ubna_data_01_mir/recover-20220825/UBNA_002/20220823_033000.WAV,Telephone Field,recover-20220825,002,1795
752.0465,752.0525,40078,49507,Pipistrellus nathusii,0.52,0.572,-1,Echolocation,/mnt/ubna_data_01_mir/recover-20220825/UBNA_002/20220823_033000.WAV,Telephone Field,recover-20220825,002,1795
752.0995,752.107,27187,38355,Eptesicus serotinus,0.008,0.025,-1,Echolocation,/mnt/ubna_data_01_mir/recover-20220825/UBNA_002/20220823_033000.WAV,Telephone Field,recover-20220825,002,1795
752.1095,752.1166,40078,51642,Pipistrellus nathusii,0.009,0.023,-1,Echolocation,/mnt/ubna_data_01_mir/recover-20220825/UBNA_002/20220823_033000.WAV,Telephone Field,recover-20220825,002,1795
752.1185,752.1259,27187,39658,Eptesicus serotinus,0.008,0.024,-1,Echolocation,/mnt/ubna_data_01_mir/recover-20220825/UBNA_002/20220823_033000.WAV,Telephone Field,recover-20220825,002,1795
752.1395,752.1464,39218,49775,Pipistrellus nathusii,0.452,0.546,-1,Echolocation,/mnt/ubna_data_01_mir/recover-20220825/UBNA_002/20220823_033000.WAV,Telephone Field,recover-20220825,002,1795
752.1865,752.198,39218,43965,Pipistrellus nathusii,0.169,0.189,-1,Echolocation,/mnt/ubna_data_01_mir/recover-20220825/UBNA_002/20220823_033000.WAV,Telephone Field,recover-20220825,002,1795
752.2045,752.2126,27187,37306,Eptesicus serotinus,0.009,0.027,-1,Echolocation,/mnt/ubna_data_01_mir/recover-20220825/UBNA_002/20220823_033000.WAV,Telephone Field,recover-20220825,002,1795
752.2405,752.2478,40078,49964,Pipistrellus nathusii,0.327,0.455,-1,Echolocation,/mnt/ubna_data_01_mir/recover-20220825/UBNA_002/20220823_033000.WAV,Telephone Field,recover-20220825,002,1795
752.2515,752.2614,23750,28418,Nyctalus leisleri,0.011,0.025,-1,Echolocation,/mnt/ubna_data_01_mir/recover-20220825/UBNA_002/20220823_033000.WAV,Telephone Field,recover-20220825,002,1795
752.3055,752.3137,27187,38046,Eptesicus serotinus,0.008,0.024,-1,Echolocation,/mnt/ubna_data_01_mir/recover-20220825/UBNA_002/20220823_033000.WAV,Telephone Field,recover-20220825,002,1795
752.3215,752.3594,68437,82023,Rhinolophus ferrumequinum,0.024,0.024,-1,Echolocation,/mnt/ubna_data_01_mir/recover-20220825/UBNA_002/20220823_033000.WAV,Telephone Field,recover-20220825,002,1795
752.3325,752.3391,39218,47552,Pipistrellus nathusii,0.421,0.498,-1,Echolocation,/mnt/ubna_data_01_mir/recover-20220825/UBNA_002/20220823_033000.WAV,Telephone Field,recover-20220825,002,1795
752.3695,752.3796,23750,31070,Nyctalus leisleri,0.008,0.026,-1,Echolocation,/mnt/ubna_data_01_mir/recover-20220825/UBNA_002/20220823_033000.WAV,Telephone Field,recover-20220825,002,1795
752.3935,752.4011,41796,51358,Pipistrellus nathusii,0.016,0.027,-1,Echolocation,/mnt/ubna_data_01_mir/recover-20220825/UBNA_002/20220823_033000.WAV,Telephone Field,recover-20220825,002,1795
752.4045,752.444,68437,82927,Rhinolophus ferrumequinum,0.024,0.024,-1,Echolocation,/mnt/ubna_data_01_mir/recover-20220825/UBNA_002/20220823_033000.WAV,Telephone Field,recover-20220825,002,1795
752.4235,752.4309,40937,49364,Pipistrellus nathusii,0.301,0.458,-1,Echolocation,/mnt/ubna_data_01_mir/recover-20220825/UBNA_002/20220823_033000.WAV,Telephone Field,recover-20220825,002,1795
752.4375,752.4744,68437,82601,Rhinolophus ferrumequinum,0.025,0.025,-1,Echolocation,/mnt/ubna_data_01_mir/recover-20220825/UBNA_002/20220823_033000.WAV,Telephone Field,recover-20220825,002,1795
752.4665,752.4744,28046,38553,Eptesicus serotinus,0.01,0.027,-1,Echolocation,/mnt/ubna_data_01_mir/recover-20220825/UBNA_002/20220823_033000.WAV,Telephone Field,recover-20220825,002,1795
752.4845,752.4917,41796,50956,Pipistrellus nathusii,0.009,0.026,-1,Echolocation,/mnt/ubna_data_01_mir/recover-20220825/UBNA_002/20220823_033000.WAV,Telephone Field,recover-20220825,002,1795
752.5185,752.5258,40078,50089,Pipistrellus nathusii,0.441,0.499,-1,Echolocation,/mnt/ubna_data_01_mir/recover-20220825/UBNA_002/20220823_033000.WAV,Telephone Field,recover-20220825,002,1795
752.5465,752.5844,68437,82267,Rhinolophus ferrumequinum,0.023,0.023,-1,Echolocation,/mnt/ubna_data_01_mir/recover-20220825/UBNA_002/20220823_033000.WAV,Telephone Field,recover-20220825,002,1795
752.5745,752.5816,40937,49433,Pipistrellus nathusii,0.012,0.027,-1,Echolocation,/mnt/ubna_data_01_mir/recover-20220825/UBNA_002/20220823_033000.WAV,Telephone Field,recover-20220825,002,1795
752.5775,752.5855,26328,40544,Eptesicus serotinus,0.01,0.028,-1,Echolocation,/mnt/ubna_data_01_mir/recover-20220825/UBNA_002/20220823_033000.WAV,Telephone Field,recover-20220825,002,1795
752.5785,752.5853,34062,42454,Barbastellus barbastellus,0.016,0.031,-1,Echolocation,/mnt/ubna_data_01_mir/recover-20220825/UBNA_002/20220823_033000.WAV,Telephone Field,recover-20220825,002,1795
752.6035,752.6399,68437,81807,Rhinolophus ferrumequinum,0.023,0.023,-1,Echolocation,/mnt/ubna_data_01_mir/recover-20220825/UBNA_002/20220823_033000.WAV,Telephone Field,recover-20220825,002,1795
752.6165,752.6236,41796,50175,Pipistrellus nathusii,0.01,0.025,-1,Echolocation,/mnt/ubna_data_01_mir/recover-20220825/UBNA_002/20220823_033000.WAV,Telephone Field,recover-20220825,002,1795
752.6595,752.6677,39218,46206,Pipistrellus nathusii,0.01,0.023,-1,Echolocation,/mnt/ubna_data_01_mir/recover-20220825/UBNA_002/20220823_033000.WAV,Telephone Field,recover-20220825,002,1795
752.6625,752.6699,56406,66462,Pipistrellus pygmaeus,0.036,0.036,-1,Echolocation,/mnt/ubna_data_01_mir/recover-20220825/UBNA_002/20220823_033000.WAV,Telephone Field,recover-20220825,002,1795
752.6865,752.6956,35781,41525,Pipistrellus nathusii,0.017,0.043,-1,Echolocation,/mnt/ubna_data_01_mir/recover-20220825/UBNA_002/20220823_033000.WAV,Telephone Field,recover-20220825,002,1795
752.7045,752.7112,39218,47025,Pipistrellus nathusii,0.422,0.455,-1,Echolocation,/mnt/ubna_data_01_mir/recover-20220825/UBNA_002/20220823_033000.WAV,Telephone Field,recover-20220825,002,1795
752.7715,752.7812,37500,42418,Pipistrellus nathusii,0.02,0.035,-1,Echolocation,/mnt/ubna_data_01_mir/recover-20220825/UBNA_002/20220823_033000.WAV,Telephone Field,recover-20220825,002,1795
752.7775,752.785,31484,38252,Barbastellus barbastellus,0.026,0.038,-1,Echolocation,/mnt/ubna_data_01_mir/recover-20220825/UBNA_002/20220823_033000.WAV,Telephone Field,recover-20220825,002,1795
752.8055,752.8123,40078,50423,Pipistrellus nathusii,0.041,0.072,-1,Echolocation,/mnt/ubna_data_01_mir/recover-20220825/UBNA_002/20220823_033000.WAV,Telephone Field,recover-20220825,002,1795
752.8565,752.8647,51250,56706,Pipistrellus pygmaeus,0.023,0.032,-1,Echolocation,/mnt/ubna_data_01_mir/recover-20220825/UBNA_002/20220823_033000.WAV,Telephone Field,recover-20220825,002,1795
752.8835,752.8903,41796,52764,Pipistrellus nathusii,0.018,0.037,-1,Echolocation,/mnt/ubna_data_01_mir/recover-20220825/UBNA_002/20220823_033000.WAV,Telephone Field,recover-20220825,002,1795
752.8875,752.8945,53828,59021,Pipistrellus pygmaeus,0.038,0.038,-1,Echolocation,/mnt/ubna_data_01_mir/recover-20220825/UBNA_002/20220823_033000.WAV,Telephone Field,recover-20220825,002,1795
752.8995,752.9086,41796,45978,Pipistrellus nathusii,0.053,0.063,-1,Echolocation,/mnt/ubna_data_01_mir/recover-20220825/UBNA_002/20220823_033000.WAV,Telephone Field,recover-20220825,002,1795
752.9015,752.9104,26328,37009,Eptesicus serotinus,0.009,0.024,-1,Echolocation,/mnt/ubna_data_01_mir/recover-20220825/UBNA_002/20220823_033000.WAV,Telephone Field,recover-20220825,002,1795
752.9795,752.988,48671,56000,Pipistrellus pipistrellus,0.027,0.035,-1,Echolocation,/mnt/ubna_data_01_mir/recover-20220825/UBNA_002/20220823_033000.WAV,Telephone Field,recover-20220825,002,1795
753.0045,753.0119,40078,51849,Pipistrellus nathusii,0.393,0.548,-1,Echolocation,/mnt/ubna_data_01_mir/recover-20220825/UBNA_002/20220823_033000.WAV,Telephone Field,recover-20220825,002,1795
753.0365,753.0426,32343,49269,Myotis daubentonii,0.008,0.024,-1,Echolocation,/mnt/ubna_data_01_mir/recover-20220825/UBNA_002/20220823_033000.WAV,Telephone Field,recover-20220825,002,1795
753.0365,753.0442,41796,49086,Pipistrellus nathusii,0.014,0.025,-1,Echolocation,/mnt/ubna_data_01_mir/recover-20220825/UBNA_002/20220823_033000.WAV,Telephone Field,recover-20220825,002,1795
753.0385,753.0445,36640,48900,Myotis brandtii,0.008,0.024,-1,Echolocation,/mnt/ubna_data_01_mir/recover-20220825/UBNA_002/20220823_033000.WAV,Telephone Field,recover-20220825,002,1795
753.0575,753.0643,32343,42297,Barbastellus barbastellus,0.017,0.032,-1,Echolocation,/mnt/ubna_data_01_mir/recover-20220825/UBNA_002/20220823_033000.WAV,Telephone Field,recover-20220825,002,1795
753.0585,753.0662,27187,38047,Eptesicus serotinus,0.012,0.031,-1,Echolocation,/mnt/ubna_data_01_mir/recover-20220825/UBNA_002/20220823_033000.WAV,Telephone Field,recover-20220825,002,1795
753.0595,753.0671,40937,52109,Pipistrellus nathusii,0.013,0.028,-1,Echolocation,/mnt/ubna_data_01_mir/recover-20220825/UBNA_002/20220823_033000.WAV,Telephone Field,recover-20220825,002,1795
753.1025,753.1096,40078,51059,Pipistrellus nathusii,0.293,0.373,-1,Echolocation,/mnt/ubna_data_01_mir/recover-20220825/UBNA_002/20220823_033000.WAV,Telephone Field,recover-20220825,002,1795
753.1535,753.1955,68437,83222,Rhinolophus ferrumequinum,0.04,0.04,-1,Echolocation,/mnt/ubna_data_01_mir/recover-20220825/UBNA_002/20220823_033000.WAV,Telephone Field,recover-20220825,002,1795
753.1575,753.1648,55546,62689,Pipistrellus pygmaeus,0.025,0.025,-1,Echolocation,/mnt/ubna_data_01_mir/recover-20220825/UBNA_002/20220823_033000.WAV,Telephone Field,recover-20220825,002,1795
753.2075,753.2139,39218,51088,Pipistrellus nathusii,0.448,0.519,-1,Echolocation,/mnt/ubna_data_01_mir/recover-20220825/UBNA_002/20220823_033000.WAV,Telephone Field,recover-20220825,002,1795
753.2505,753.2571,47812,55016,Pipistrellus pipistrellus,0.025,0.031,-1,Echolocation,/mnt/ubna_data_01_mir/recover-20220825/UBNA_002/20220823_033000.WAV,Telephone Field,recover-20220825,002,1795
753.2785,753.2901,32343,38010,Barbastellus barbastellus,0.01,0.038,-1,Echolocation,/mnt/ubna_data_01_mir/recover-20220825/UBNA_002/20220823_033000.WAV,Telephone Field,recover-20220825,002,1795
753.3025,753.3102,39218,51116,Pipistrellus nathusii,0.365,0.518,-1,Echolocation,/mnt/ubna_data_01_mir/recover-20220825/UBNA_002/20220823_033000.WAV,Telephone Field,recover-20220825,002,1795
753.3745,753.384,40937,46840,Pipistrellus nathusii,0.024,0.034,-1,Echolocation,/mnt/ubna_data_01_mir/recover-20220825/UBNA_002/20220823_033000.WAV,Telephone Field,recover-20220825,002,1795
753.3765,753.3827,56406,63402,Pipistrellus pygmaeus,0.025,0.025,-1,Echolocation,/mnt/ubna_data_01_mir/recover-20220825/UBNA_002/20220823_033000.WAV,Telephone Field,recover-20220825,002,1795
753.3865,753.3946,32343,38632,Barbastellus barbastellus,0.01,0.024,-1,Echolocation,/mnt/ubna_data_01_mir/recover-20220825/UBNA_002/20220823_033000.WAV,Telephone Field,recover-20220825,002,1795
753.4025,753.4095,40937,55027,Pipistrellus nathusii,0.409,0.55,-1,Echolocation,/mnt/ubna_data_01_mir/recover-20220825/UBNA_002/20220823_033000.WAV,Telephone Field,recover-20220825,002,1795
753.4325,753.4711,68437,81800,Rhinolophus ferrumequinum,0.025,0.025,-1,Echolocation,/mnt/ubna_data_01_mir/recover-20220825/UBNA_002/20220823_033000.WAV,Telephone Field,recover-20220825,002,1795
753.4555,753.4638,50390,56821,Pipistrellus pipistrellus,0.027,0.035,-1,Echolocation,/mnt/ubna_data_01_mir/recover-20220825/UBNA_002/20220823_033000.WAV,Telephone Field,recover-20220825,002,1795
753.4635,753.4712,27187,41104,Eptesicus serotinus,0.009,0.025,-1,Echolocation,/mnt/ubna_data_01_mir/recover-20220825/UBNA_002/20220823_033000.WAV,Telephone Field,recover-20220825,002,1795
753.4845,753.4949,23750,28993,Nyctalus leisleri,0.014,0.031,-1,Echolocation,/mnt/ubna_data_01_mir/recover-20220825/UBNA_002/20220823_033000.WAV,Telephone Field,recover-20220825,002,1795
753.4895,753.5014,16015,21623,Nyctalus noctula,0.016,0.029,-1,Echolocation,/mnt/ubna_data_01_mir/recover-20220825/UBNA_002/20220823_033000.WAV,Telephone Field,recover-20220825,002,1795
753.4935,753.4996,39218,53514,Pipistrellus nathusii,0.482,0.556,-1,Echolocation,/mnt/ubna_data_01_mir/recover-20220825/UBNA_002/20220823_033000.WAV,Telephone Field,recover-20220825,002,1795
753.5105,753.5202,25468,31737,Nyctalus leisleri,0.011,0.03,-1,Echolocation,/mnt/ubna_data_01_mir/recover-20220825/UBNA_002/20220823_033000.WAV,Telephone Field,recover-20220825,002,1795
753.5475,753.5586,27187,33993,Eptesicus serotinus,0.012,0.024,-1,Echolocation,/mnt/ubna_data_01_mir/recover-20220825/UBNA_002/20220823_033000.WAV,Telephone Field,recover-20220825,002,1795
753.5755,753.5821,38359,52774,Myotis brandtii,0.009,0.024,-1,Echolocation,/mnt/ubna_data_01_mir/recover-20220825/UBNA_002/20220823_033000.WAV,Telephone Field,recover-20220825,002,1795
753.5915,753.5988,40937,56861,Pipistrellus nathusii,0.41,0.535,-1,Echolocation,/mnt/ubna_data_01_mir/recover-20220825/UBNA_002/20220823_033000.WAV,Telephone Field,recover-20220825,002,1795
753.6355,753.6434,27187,37089,Eptesicus serotinus,0.012,0.031,-1,Echolocation,/mnt/ubna_data_01_mir/recover-20220825/UBNA_002/20220823_033000.WAV,Telephone Field,recover-20220825,002,1795
753.6365,753.6432,31484,42469,Barbastellus barbastellus,0.011,0.03,-1,Echolocation,/mnt/ubna_data_01_mir/recover-20220825/UBNA_002/20220823_033000.WAV,Telephone Field,recover-20220825,002,1795
753.6465,753.6791,68437,80247,Rhinolophus ferrumequinum,0.027,0.027,-1,Echolocation,/mnt/ubna_data_01_mir/recover-20220825/UBNA_002/20220823_033000.WAV,Telephone Field,recover-20220825,002,1795
753.6475,753.6536,30625,50751,Myotis daubentonii,0.015,0.03,-1,Echolocation,/mnt/ubna_data_01_mir/recover-20220825/UBNA_002/20220823_033000.WAV,Telephone Field,recover-20220825,002,1795
753.6805,753.6889,53828,62014,Pipistrellus pygmaeus,0.027,0.028,-1,Echolocation,/mnt/ubna_data_01_mir/recover-20220825/UBNA_002/20220823_033000.WAV,Telephone Field,recover-20220825,002,1795
753.6865,753.6931,40078,55115,Pipistrellus nathusii,0.523,0.612,-1,Echolocation,/mnt/ubna_data_01_mir/recover-20220825/UBNA_002/20220823_033000.WAV,Telephone Field,recover-20220825,002,1795
753.6865,753.6926,49531,53191,Pipistrellus pipistrellus,0.016,0.028,-1,Echolocation,/mnt/ubna_data_01_mir/recover-20220825/UBNA_002/20220823_033000.WAV,Telephone Field,recover-20220825,002,1795
753.6925,753.7009,12578,24809,Barbastellus barbastellus,0.045,0.049,-1,Echolocation,/mnt/ubna_data_01_mir/recover-20220825/UBNA_002/20220823_033000.WAV,Telephone Field,recover-20220825,002,1795
753.7865,753.7928,40937,54417,Pipistrellus nathusii,0.399,0.481,-1,Echolocation,/mnt/ubna_data_01_mir/recover-20220825/UBNA_002/20220823_033000.WAV,Telephone Field,recover-20220825,002,1795
753.8585,753.8677,40937,48604,Pipistrellus nathusii,0.039,0.051,-1,Echolocation,/mnt/ubna_data_01_mir/recover-20220825/UBNA_002/20220823_033000.WAV,Telephone Field,recover-20220825,002,1795
753.8825,753.8889,39218,57796,Pipistrellus nathusii,0.465,0.538,-1,Echolocation,/mnt/ubna_data_01_mir/recover-20220825/UBNA_002/20220823_033000.WAV,Telephone Field,recover-20220825,002,1795
753.8865,753.893,24609,42046,Eptesicus serotinus,0.006,0.025,-1,Echolocation,/mnt/ubna_data_01_mir/recover-20220825/UBNA_002/20220823_033000.WAV,Telephone Field,recover-20220825,002,1795
753.9415,753.9522,52968,57437,Pipistrellus pygmaeus,0.024,0.026,-1,Echolocation,/mnt/ubna_data_01_mir/recover-20220825/UBNA_002/20220823_033000.WAV,Telephone Field,recover-20220825,002,1795
753.9665,753.9729,39218,57691,Pipistrellus nathusii,0.288,0.464,-1,Echolocation,/mnt/ubna_data_01_mir/recover-20220825/UBNA_002/20220823_033000.WAV,Telephone Field,recover-20220825,002,1795
753.9765,753.9846,27187,33694,Eptesicus serotinus,0.007,0.025,-1,Echolocation,/mnt/ubna_data_01_mir/recover-20220825/UBNA_002/20220823_033000.WAV,Telephone Field,recover-20220825,002,1795
754.0015,754.029,69296,81428,Rhinolophus ferrumequinum,0.033,0.033,-1,Echolocation,/mnt/ubna_data_01_mir/recover-20220825/UBNA_002/20220823_033000.WAV,Telephone Field,recover-20220825,002,1795
754.0015,754.0097,23750,32362,Nyctalus leisleri,0.008,0.028,-1,Echolocation,/mnt/ubna_data_01_mir/recover-20220825/UBNA_002/20220823_033000.WAV,Telephone Field,recover-20220825,002,1795
754.0015,754.0084,48671,55242,Pipistrellus pipistrellus,0.019,0.025,-1,Echolocation,/mnt/ubna_data_01_mir/recover-20220825/UBNA_002/20220823_033000.WAV,Telephone Field,recover-20220825,002,1795
754.0265,754.0386,40078,44274,Pipistrellus nathusii,0.027,0.036,-1,Echolocation,/mnt/ubna_data_01_mir/recover-20220825/UBNA_002/20220823_033000.WAV,Telephone Field,recover-20220825,002,1795
754.0395,754.0496,55546,63457,Pipistrellus pygmaeus,0.023,0.023,-1,Echolocation,/mnt/ubna_data_01_mir/recover-20220825/UBNA_002/20220823_033000.WAV,Telephone Field,recover-20220825,002,1795
754.0435,754.0536,41796,46899,Pipistrellus nathusii,0.02,0.036,-1,Echolocation,/mnt/ubna_data_01_mir/recover-20220825/UBNA_002/20220823_033000.WAV,Telephone Field,recover-20220825,002,1795
754.0485,754.0544,32343,43545,Myotis daubentonii,0.009,0.025,-1,Echolocation,/mnt/ubna_data_01_mir/recover-20220825/UBNA_002/20220823_033000.WAV,Telephone Field,recover-20220825,002,1795
754.0625,754.0702,48671,55213,Pipistrellus pipistrellus,0.014,0.027,-1,Echolocation,/mnt/ubna_data_01_mir/recover-20220825/UBNA_002/20220823_033000.WAV,Telephone Field,recover-20220825,002,1795
754.0655,754.0708,29765,70000,Myotis brandtii,0.016,0.038,-1,Echolocation,/mnt/ubna_data_01_mir/recover-20220825/UBNA_002/20220823_033000.WAV,Telephone Field,recover-20220825,002,1795
754.0665,754.074,40937,53356,Pipistrellus nathusii,0.639,0.648,-1,Echolocation,/mnt/ubna_data_01_mir/recover-20220825/UBNA_002/20220823_033000.WAV,Telephone Field,recover-20220825,002,1795
754.1045,754.1326,68437,79763,Rhinolophus ferrumequinum,0.034,0.034,-1,Echolocation,/mnt/ubna_data_01_mir/recover-20220825/UBNA_002/20220823_033000.WAV,Telephone Field,recover-20220825,002,1795
754.1135,754.1238,26328,31941,Nyctalus leisleri,0.009,0.025,-1,Echolocation,/mnt/ubna_data_01_mir/recover-20220825/UBNA_002/20220823_033000.WAV,Telephone Field,recover-20220825,002,1795
754.1455,754.1813,68437,81624,Rhinolophus ferrumequinum,0.023,0.023,-1,Echolocation,/mnt/ubna_data_01_mir/recover-20220825/UBNA_002/20220823_033000.WAV,Telephone Field,recover-20220825,002,1795
754.1465,754.1537,31484,39822,Myotis daubentonii,0.009,0.027,-1,Echolocation,/mnt/ubna_data_01_mir/recover-20220825/UBNA_002/20220823_033000.WAV,Telephone Field,recover-20220825,002,1795
754.1535,754.1626,53828,60834,Pipistrellus pygmaeus,0.025,0.026,-1,Echolocation,/mnt/ubna_data_01_mir/recover-20220825/UBNA_002/20220823_033000.WAV,Telephone Field,recover-20220825,002,1795
754.1605,754.1681,39218,55605,Pipistrellus nathusii,0.497,0.611,-1,Echolocation,/mnt/ubna_data_01_mir/recover-20220825/UBNA_002/20220823_033000.WAV,Telephone Field,recover-20220825,002,1795
754.2175,754.2256,47812,52549,Pipistrellus pipistrellus,0.022,0.028,-1,Echolocation,/mnt/ubna_data_01_mir/recover-20220825/UBNA_002/20220823_033000.WAV,Telephone Field,recover-20220825,002,1795
754.2515,754.2599,28046,35521,Eptesicus serotinus,0.008,0.023,-1,Echolocation,/mnt/ubna_data_01_mir/recover-20220825/UBNA_002/20220823_033000.WAV,Telephone Field,recover-20220825,002,1795
754.2555,754.2643,53828,61058,Pipistrellus pygmaeus,0.023,0.025,-1,Echolocation,/mnt/ubna_data_01_mir/recover-20220825/UBNA_002/20220823_033000.WAV,Telephone Field,recover-20220825,002,1795
754.2645,754.2716,40078,55271,Pipistrellus nathusii,0.654,0.685,-1,Echolocation,/mnt/ubna_data_01_mir/recover-20220825/UBNA_002/20220823_033000.WAV,Telephone Field,recover-20220825,002,1795
754.2725,754.2781,34921,47913,Myotis brandtii,0.011,0.023,-1,Echolocation,/mnt/ubna_data_01_mir/recover-20220825/UBNA_002/20220823_033000.WAV,Telephone Field,recover-20220825,002,1795
754.2875,754.2974,55546,61466,Pipistrellus pygmaeus,0.023,0.024,-1,Echolocation,/mnt/ubna_data_01_mir/recover-20220825/UBNA_002/20220823_033000.WAV,Telephone Field,recover-20220825,002,1795
754.3215,754.3297,59843,67126,Pipistrellus pygmaeus,0.029,0.029,-1,Echolocation,/mnt/ubna_data_01_mir/recover-20220825/UBNA_002/20220823_033000.WAV,Telephone Field,recover-20220825,002,1795
754.3365,754.3444,47812,54526,Pipistrellus pipistrellus,0.033,0.036,-1,Echolocation,/mnt/ubna_data_01_mir/recover-20220825/UBNA_002/20220823_033000.WAV,Telephone Field,recover-20220825,002,1795
754.3495,754.359,28906,34113,Eptesicus serotinus,0.01,0.024,-1,Echolocation,/mnt/ubna_data_01_mir/recover-20220825/UBNA_002/20220823_033000.WAV,Telephone Field,recover-20220825,002,1795
754.3585,754.3674,52968,58220,Pipistrellus pygmaeus,0.042,0.046,-1,Echolocation,/mnt/ubna_data_01_mir/recover-20220825/UBNA_002/20220823_033000.WAV,Telephone Field,recover-20220825,002,1795
754.3625,754.3702,38359,55878,Pipistrellus nathusii,0.664,0.69,-1,Echolocation,/mnt/ubna_data_01_mir/recover-20220825/UBNA_002/20220823_033000.WAV,Telephone Field,recover-20220825,002,1795
754.4035,754.4134,53828,58997,Pipistrellus pygmaeus,0.032,0.035,-1,Echolocation,/mnt/ubna_data_01_mir/recover-20220825/UBNA_002/20220823_033000.WAV,Telephone Field,recover-20220825,002,1795
754.4505,754.458,28046,39016,Eptesicus serotinus,0.01,0.028,-1,Echolocation,/mnt/ubna_data_01_mir/recover-20220825/UBNA_002/20220823_033000.WAV,Telephone Field,recover-20220825,002,1795
754.4605,754.4671,50390,56873,Pipistrellus pipistrellus,0.014,0.024,-1,Echolocation,/mnt/ubna_data_01_mir/recover-20220825/UBNA_002/20220823_033000.WAV,Telephone Field,recover-20220825,002,1795
754.4635,754.4707,38359,56188,Pipistrellus nathusii,0.684,0.712,-1,Echolocation,/mnt/ubna_data_01_mir/recover-20220825/UBNA_002/20220823_033000.WAV,Telephone Field,recover-20220825,002,1795
754.4715,754.4771,30625,43440,Myotis daubentonii,0.008,0.023,-1,Echolocation,/mnt/ubna_data_01_mir/recover-20220825/UBNA_002/20220823_033000.WAV,Telephone Field,recover-20220825,002,1795
754.4765,754.5091,68437,80832,Rhinolophus ferrumequinum,0.023,0.023,-1,Echolocation,/mnt/ubna_data_01_mir/recover-20220825/UBNA_002/20220823_033000.WAV,Telephone Field,recover-20220825,002,1795
754.4945,754.5027,26328,35693,Eptesicus serotinus,0.008,0.025,-1,Echolocation,/mnt/ubna_data_01_mir/recover-20220825/UBNA_002/20220823_033000.WAV,Telephone Field,recover-20220825,002,1795
754.4965,754.5036,54687,61352,Pipistrellus pygmaeus,0.027,0.028,-1,Echolocation,/mnt/ubna_data_01_mir/recover-20220825/UBNA_002/20220823_033000.WAV,Telephone Field,recover-20220825,002,1795
754.5385,754.5478,41796,47530,Pipistrellus pipistrellus,0.015,0.027,-1,Echolocation,/mnt/ubna_data_01_mir/recover-20220825/UBNA_002/20220823_033000.WAV,Telephone Field,recover-20220825,002,1795
754.5575,754.5658,37500,56377,Pipistrellus nathusii,0.604,0.679,-1,Echolocation,/mnt/ubna_data_01_mir/recover-20220825/UBNA_002/20220823_033000.WAV,Telephone Field,recover-20220825,002,1795
754.5665,754.5746,27187,34104,Eptesicus serotinus,0.006,0.025,-1,Echolocation,/mnt/ubna_data_01_mir/recover-20220825/UBNA_002/20220823_033000.WAV,Telephone Field,recover-20220825,002,1795
754.5815,754.5884,54687,62255,Pipistrellus pygmaeus,0.026,0.027,-1,Echolocation,/mnt/ubna_data_01_mir/recover-20220825/UBNA_002/20220823_033000.WAV,Telephone Field,recover-20220825,002,1795
754.6295,754.6379,51250,55321,Pipistrellus pygmaeus,0.043,0.054,-1,Echolocation,/mnt/ubna_data_01_mir/recover-20220825/UBNA_002/20220823_033000.WAV,Telephone Field,recover-20220825,002,1795
754.6335,754.6402,30625,59786,Myotis bechsteinii,0.011,0.037,-1,Echolocation,/mnt/ubna_data_01_mir/recover-20220825/UBNA_002/20220823_033000.WAV,Telephone Field,recover-20220825,002,1795
754.6345,754.6429,38359,57724,Pipistrellus nathusii,0.683,0.74,-1,Echolocation,/mnt/ubna_data_01_mir/recover-20220825/UBNA_002/20220823_033000.WAV,Telephone Field,recover-20220825,002,1795
754.6425,754.6493,27187,37898,Eptesicus serotinus,0.005,0.024,-1,Echolocation,/mnt/ubna_data_01_mir/recover-20220825/UBNA_002/20220823_033000.WAV,Telephone Field,recover-20220825,002,1795
754.7025,754.7116,53828,59535,Pipistrellus pygmaeus,0.046,0.05,-1,Echolocation,/mnt/ubna_data_01_mir/recover-20220825/UBNA_002/20220823_033000.WAV,Telephone Field,recover-20220825,002,1795
754.7065,754.714,37500,58499,Pipistrellus nathusii,0.587,0.631,-1,Echolocation,/mnt/ubna_data_01_mir/recover-20220825/UBNA_002/20220823_033000.WAV,Telephone Field,recover-20220825,002,1795
754.7145,754.7216,27187,38606,Eptesicus serotinus,0.007,0.027,-1,Echolocation,/mnt/ubna_data_01_mir/recover-20220825/UBNA_002/20220823_033000.WAV,Telephone Field,recover-20220825,002,1795
754.7395,754.7497,27187,34758,Eptesicus serotinus,0.011,0.025,-1,Echolocation,/mnt/ubna_data_01_mir/recover-20220825/UBNA_002/20220823_033000.WAV,Telephone Field,recover-20220825,002,1795
754.7625,754.7706,24609,31609,Plecotus austriacus,0.008,0.029,-1,Echolocation,/mnt/ubna_data_01_mir/recover-20220825/UBNA_002/20220823_033000.WAV,Telephone Field,recover-20220825,002,1795
754.7745,754.7816,48671,53788,Pipistrellus pipistrellus,0.014,0.025,-1,Echolocation,/mnt/ubna_data_01_mir/recover-20220825/UBNA_002/20220823_033000.WAV,Telephone Field,recover-20220825,002,1795
754.7765,754.7828,30625,63215,Myotis brandtii,0.019,0.054,-1,Echolocation,/mnt/ubna_data_01_mir/recover-20220825/UBNA_002/20220823_033000.WAV,Telephone Field,recover-20220825,002,1795
754.7775,754.7838,38359,56070,Pipistrellus nathusii,0.612,0.661,-1,Echolocation,/mnt/ubna_data_01_mir/recover-20220825/UBNA_002/20220823_033000.WAV,Telephone Field,recover-20220825,002,1795
754.7855,754.791,30625,46144,Myotis daubentonii,0.009,0.024,-1,Echolocation,/mnt/ubna_data_01_mir/recover-20220825/UBNA_002/20220823_033000.WAV,Telephone Field,recover-20220825,002,1795
754.7865,754.7934,26328,40630,Eptesicus serotinus,0.006,0.025,-1,Echolocation,/mnt/ubna_data_01_mir/recover-20220825/UBNA_002/20220823_033000.WAV,Telephone Field,recover-20220825,002,1795
754.8055,754.8127,49531,54589,Pipistrellus pipistrellus,0.024,0.027,-1,Echolocation,/mnt/ubna_data_01_mir/recover-20220825/UBNA_002/20220823_033000.WAV,Telephone Field,recover-20220825,002,1795
754.8185,754.8287,28906,35774,Eptesicus serotinus,0.009,0.022,-1,Echolocation,/mnt/ubna_data_01_mir/recover-20220825/UBNA_002/20220823_033000.WAV,Telephone Field,recover-20220825,002,1795
754.8295,754.8376,57265,63172,Pipistrellus pygmaeus,0.034,0.034,-1,Echolocation,/mnt/ubna_data_01_mir/recover-20220825/UBNA_002/20220823_033000.WAV,Telephone Field,recover-20220825,002,1795
754.8315,754.839,33203,41920,Myotis daubentonii,0.009,0.028,-1,Echolocation,/mnt/ubna_data_01_mir/recover-20220825/UBNA_002/20220823_033000.WAV,Telephone Field,recover-20220825,002,1795
754.8325,754.8397,28906,37716,Eptesicus serotinus,0.009,0.027,-1,Echolocation,/mnt/ubna_data_01_mir/recover-20220825/UBNA_002/20220823_033000.WAV,Telephone Field,recover-20220825,002,1795
754.8485,754.8558,39218,54674,Pipistrellus nathusii,0.556,0.603,-1,Echolocation,/mnt/ubna_data_01_mir/recover-20220825/UBNA_002/20220823_033000.WAV,Telephone Field,recover-20220825,002,1795
754.8575,754.8629,30625,46820,Myotis daubentonii,0.009,0.024,-1,Echolocation,/mnt/ubna_data_01_mir/recover-20220825/UBNA_002/20220823_033000.WAV,Telephone Field,recover-20220825,002,1795
754.9225,754.9303,39218,59365,Pipistrellus nathusii,0.569,0.641,-1,Echolocation,/mnt/ubna_data_01_mir/recover-20220825/UBNA_002/20220823_033000.WAV,Telephone Field,recover-20220825,002,1795
754.9235,754.9296,48671,54231,Pipistrellus pipistrellus,0.016,0.03,-1,Echolocation,/mnt/ubna_data_01_mir/recover-20220825/UBNA_002/20220823_033000.WAV,Telephone Field,recover-20220825,002,1795
754.9375,754.9715,68437,81510,Rhinolophus ferrumequinum,0.025,0.025,-1,Echolocation,/mnt/ubna_data_01_mir/recover-20220825/UBNA_002/20220823_033000.WAV,Telephone Field,recover-20220825,002,1795
754.9535,754.9617,52968,57985,Pipistrellus pygmaeus,0.046,0.05,-1,Echolocation,/mnt/ubna_data_01_mir/recover-20220825/UBNA_002/20220823_033000.WAV,Telephone Field,recover-20220825,002,1795
754.9795,754.9873,41796,50860,Pipistrellus nathusii,0.01,0.027,-1,Echolocation,/mnt/ubna_data_01_mir/recover-20220825/UBNA_002/20220823_033000.WAV,Telephone Field,recover-20220825,002,1795
754.9795,754.9857,32343,59115,Myotis brandtii,0.012,0.027,-1,Echolocation,/mnt/ubna_data_01_mir/recover-20220825/UBNA_002/20220823_033000.WAV,Telephone Field,recover-20220825,002,1795
755.0105,755.0188,28046,35070,Eptesicus serotinus,0.012,0.028,-1,Echolocation,/mnt/ubna_data_01_mir/recover-20220825/UBNA_002/20220823_033000.WAV,Telephone Field,recover-20220825,002,1795
755.0215,755.0298,48671,56707,Pipistrellus pipistrellus,0.015,0.033,-1,Echolocation,/mnt/ubna_data_01_mir/recover-20220825/UBNA_002/20220823_033000.WAV,Telephone Field,recover-20220825,002,1795
755.0255,755.0314,28906,76205,Myotis bechsteinii,0.033,0.065,-1,Echolocation,/mnt/ubna_data_01_mir/recover-20220825/UBNA_002/20220823_033000.WAV,Telephone Field,recover-20220825,002,1795
755.0255,755.0326,39218,66739,Pipistrellus nathusii,0.586,0.644,-1,Echolocation,/mnt/ubna_data_01_mir/recover-20220825/UBNA_002/20220823_033000.WAV,Telephone Field,recover-20220825,002,1795
755.0275,755.0336,49531,56028,Pipistrellus pipistrellus,0.018,0.035,-1,Echolocation,/mnt/ubna_data_01_mir/recover-20220825/UBNA_002/20220823_033000.WAV,Telephone Field,recover-20220825,002,1795
755.0915,755.0972,48671,57980,Pipistrellus pipistrellus,0.054,0.073,-1,Echolocation,/mnt/ubna_data_01_mir/recover-20220825/UBNA_002/20220823_033000.WAV,Telephone Field,recover-20220825,002,1795
755.1015,755.1112,54687,60488,Pipistrellus pygmaeus,0.028,0.03,-1,Echolocation,/mnt/ubna_data_01_mir/recover-20220825/UBNA_002/20220823_033000.WAV,Telephone Field,recover-20220825,002,1795
755.1025,755.1089,40078,58677,Pipistrellus nathusii,0.612,0.631,-1,Echolocation,/mnt/ubna_data_01_mir/recover-20220825/UBNA_002/20220823_033000.WAV,Telephone Field,recover-20220825,002,1795
755.1025,755.1086,29765,65398,Myotis brandtii,0.025,0.06,-1,Echolocation,/mnt/ubna_data_01_mir/recover-20220825/UBNA_002/20220823_033000.WAV,Telephone Field,recover-20220825,002,1795
755.1105,755.1159,32343,46202,Myotis brandtii,0.009,0.023,-1,Echolocation,/mnt/ubna_data_01_mir/recover-20220825/UBNA_002/20220823_033000.WAV,Telephone Field,recover-20220825,002,1795
755.1185,755.1525,68437,81633,Rhinolophus ferrumequinum,0.023,0.023,-1,Echolocation,/mnt/ubna_data_01_mir/recover-20220825/UBNA_002/20220823_033000.WAV,Telephone Field,recover-20220825,002,1795
755.1825,755.1892,39218,67753,Pipistrellus nathusii,0.605,0.631,-1,Echolocation,/mnt/ubna_data_01_mir/recover-20220825/UBNA_002/20220823_033000.WAV,Telephone Field,recover-20220825,002,1795
755.1825,755.1886,27187,78033,Myotis bechsteinii,0.051,0.097,-1,Echolocation,/mnt/ubna_data_01_mir/recover-20220825/UBNA_002/20220823_033000.WAV,Telephone Field,recover-20220825,002,1795
755.1835,755.1911,52109,58416,Pipistrellus pipistrellus,0.018,0.032,-1,Echolocation,/mnt/ubna_data_01_mir/recover-20220825/UBNA_002/20220823_033000.WAV,Telephone Field,recover-20220825,002,1795
755.1915,755.1984,38359,50099,Pipistrellus nathusii,0.017,0.036,-1,Echolocation,/mnt/ubna_data_01_mir/recover-20220825/UBNA_002/20220823_033000.WAV,Telephone Field,recover-20220825,002,1795
755.1915,755.1996,27187,36953,Eptesicus serotinus,0.011,0.039,-1,Echolocation,/mnt/ubna_data_01_mir/recover-20220825/UBNA_002/20220823_033000.WAV,Telephone Field,recover-20220825,002,1795
755.1935,755.2245,68437,80901,Rhinolophus ferrumequinum,0.025,0.025,-1,Echolocation,/mnt/ubna_data_01_mir/recover-20220825/UBNA_002/20220823_033000.WAV,Telephone Field,recover-20220825,002,1795
755.2125,755.2239,28906,34425,Eptesicus serotinus,0.011,0.026,-1,Echolocation,/mnt/ubna_data_01_mir/recover-20220825/UBNA_002/20220823_033000.WAV,Telephone Field,recover-20220825,002,1795
755.2355,755.2448,39218,44333,Pipistrellus nathusii,0.014,0.026,-1,Echolocation,/mnt/ubna_data_01_mir/recover-20220825/UBNA_002/20220823_033000.WAV,Telephone Field,recover-20220825,002,1795
755.2375,755.2464,57265,64506,Pipistrellus pygmaeus,0.026,0.027,-1,Echolocation,/mnt/ubna_data_01_mir/recover-20220825/UBNA_002/20220823_033000.WAV,Telephone Field,recover-20220825,002,1795
755.2635,755.2754,53828,61813,Pipistrellus pygmaeus,0.033,0.036,-1,Echolocation,/mnt/ubna_data_01_mir/recover-20220825/UBNA_002/20220823_033000.WAV,Telephone Field,recover-20220825,002,1795
755.2675,755.2738,28906,72266,Myotis brandtii,0.047,0.1,-1,Echolocation,/mnt/ubna_data_01_mir/recover-20220825/UBNA_002/20220823_033000.WAV,Telephone Field,recover-20220825,002,1795
755.2675,755.2747,40078,62439,Pipistrellus nathusii,0.569,0.596,-1,Echolocation,/mnt/ubna_data_01_mir/recover-20220825/UBNA_002/20220823_033000.WAV,Telephone Field,recover-20220825,002,1795
755.3315,755.341,45234,51645,Pipistrellus pipistrellus,0.026,0.029,-1,Echolocation,/mnt/ubna_data_01_mir/recover-20220825/UBNA_002/20220823_033000.WAV,Telephone Field,recover-20220825,002,1795
755.3575,755.3649,39218,67589,Pipistrellus nathusii,0.612,0.642,-1,Echolocation,/mnt/ubna_data_01_mir/recover-20220825/UBNA_002/20220823_033000.WAV,Telephone Field,recover-20220825,002,1795
755.3585,755.3644,52109,59023,Pipistrellus pipistrellus,0.015,0.031,-1,Echolocation,/mnt/ubna_data_01_mir/recover-20220825/UBNA_002/20220823_033000.WAV,Telephone Field,recover-20220825,002,1795
755.3585,755.3642,28046,72586,Myotis bechsteinii,0.026,0.058,-1,Echolocation,/mnt/ubna_data_01_mir/recover-20220825/UBNA_002/20220823_033000.WAV,Telephone Field,recover-20220825,002,1795
755.3675,755.3738,38359,52289,Myotis brandtii,0.013,0.026,-1,Echolocation,/mnt/ubna_data_01_mir/recover-20220825/UBNA_002/20220823_033000.WAV,Telephone Field,recover-20220825,002,1795
755.4045,755.4134,28906,36701,Eptesicus serotinus,0.009,0.025,-1,Echolocation,/mnt/ubna_data_01_mir/recover-20220825/UBNA_002/20220823_033000.WAV,Telephone Field,recover-20220825,002,1795
755.4445,755.4509,39218,63647,Pipistrellus nathusii,0.46,0.492,-1,Echolocation,/mnt/ubna_data_01_mir/recover-20220825/UBNA_002/20220823_033000.WAV,Telephone Field,recover-20220825,002,1795
755.4445,755.4503,26328,75994,Myotis bechsteinii,0.053,0.106,-1,Echolocation,/mnt/ubna_data_01_mir/recover-20220825/UBNA_002/20220823_033000.WAV,Telephone Field,recover-20220825,002,1795
755.4455,755.4523,56406,62017,Pipistrellus pygmaeus,0.026,0.027,-1,Echolocation,/mnt/ubna_data_01_mir/recover-20220825/UBNA_002/20220823_033000.WAV,Telephone Field,recover-20220825,002,1795
755.4525,755.4597,40078,54663,Pipistrellus nathusii,0.031,0.044,-1,Echolocation,/mnt/ubna_data_01_mir/recover-20220825/UBNA_002/20220823_033000.WAV,Telephone Field,recover-20220825,002,1795
755.4545,755.4596,32343,58283,Myotis brandtii,0.016,0.028,-1,Echolocation,/mnt/ubna_data_01_mir/recover-20220825/UBNA_002/20220823_033000.WAV,Telephone Field,recover-20220825,002,1795
755.4545,755.4615,26328,36984,Eptesicus serotinus,0.005,0.023,-1,Echolocation,/mnt/ubna_data_01_mir/recover-20220825/UBNA_002/20220823_033000.WAV,Telephone Field,recover-20220825,002,1795
755.4875,755.5236,68437,81314,Rhinolophus ferrumequinum,0.024,0.024,-1,Echolocation,/mnt/ubna_data_01_mir/recover-20220825/UBNA_002/20220823_033000.WAV,Telephone Field,recover-20220825,002,1795
755.5075,755.516,15156,24961,Plecotus auritus,0.012,0.023,-1,Echolocation,/mnt/ubna_data_01_mir/recover-20220825/UBNA_002/20220823_033000.WAV,Telephone Field,recover-20220825,002,1795
755.5175,755.526,46093,51432,Pipistrellus pipistrellus,0.02,0.023,-1,Echolocation,/mnt/ubna_data_01_mir/recover-20220825/UBNA_002/20220823_033000.WAV,Telephone Field,recover-20220825,002,1795
755.5475,755.5547,39218,68450,Pipistrellus nathusii,0.677,0.701,-1,Echolocation,/mnt/ubna_data_01_mir/recover-20220825/UBNA_002/20220823_033000.WAV,Telephone Field,recover-20220825,002,1795
755.5485,755.5545,30625,67340,Myotis brandtii,0.014,0.041,-1,Echolocation,/mnt/ubna_data_01_mir/recover-20220825/UBNA_002/20220823_033000.WAV,Telephone Field,recover-20220825,002,1795
755.5485,755.5558,50390,57067,Pipistrellus pipistrellus,0.013,0.027,-1,Echolocation,/mnt/ubna_data_01_mir/recover-20220825/UBNA_002/20220823_033000.WAV,Telephone Field,recover-20220825,002,1795
755.5565,755.5627,37500,51059,Myotis brandtii,0.014,0.027,-1,Echolocation,/mnt/ubna_data_01_mir/recover-20220825/UBNA_002/20220823_033000.WAV,Telephone Field,recover-20220825,002,1795
755.5965,755.6344,68437,82407,Rhinolophus ferrumequinum,0.022,0.022,-1,Echolocation,/mnt/ubna_data_01_mir/recover-20220825/UBNA_002/20220823_033000.WAV,Telephone Field,recover-20220825,002,1795
755.6015,755.608,56406,62288,Pipistrellus pygmaeus,0.033,0.033,-1,Echolocation,/mnt/ubna_data_01_mir/recover-20220825/UBNA_002/20220823_033000.WAV,Telephone Field,recover-20220825,002,1795
755.6365,755.6466,53828,61057,Pipistrellus pygmaeus,0.051,0.056,-1,Echolocation,/mnt/ubna_data_01_mir/recover-20220825/UBNA_002/20220823_033000.WAV,Telephone Field,recover-20220825,002,1795
755.6395,755.6472,39218,63946,Pipistrellus nathusii,0.62,0.649,-1,Echolocation,/mnt/ubna_data_01_mir/recover-20220825/UBNA_002/20220823_033000.WAV,Telephone Field,recover-20220825,002,1795
755.6485,755.6536,29765,43465,Myotis daubentonii,0.009,0.024,-1,Echolocation,/mnt/ubna_data_01_mir/recover-20220825/UBNA_002/20220823_033000.WAV,Telephone Field,recover-20220825,002,1795
755.7255,755.7355,42656,48069,Pipistrellus pipistrellus,0.014,0.025,-1,Echolocation,/mnt/ubna_data_01_mir/recover-20220825/UBNA_002/20220823_033000.WAV,Telephone Field,recover-20220825,002,1795
755.7415,755.7531,53828,60504,Pipistrellus pygmaeus,0.03,0.031,-1,Echolocation,/mnt/ubna_data_01_mir/recover-20220825/UBNA_002/20220823_033000.WAV,Telephone Field,recover-20220825,002,1795
755.7485,755.759,57265,64851,Pipistrellus pygmaeus,0.021,0.022,-1,Echolocation,/mnt/ubna_data_01_mir/recover-20220825/UBNA_002/20220823_033000.WAV,Telephone Field,recover-20220825,002,1795
755.7495,755.7564,28906,64399,Myotis brandtii,0.011,0.03,-1,Echolocation,/mnt/ubna_data_01_mir/recover-20220825/UBNA_002/20220823_033000.WAV,Telephone Field,recover-20220825,002,1795
755.7495,755.7567,40078,66377,Pipistrellus nathusii,0.694,0.699,-1,Echolocation,/mnt/ubna_data_01_mir/recover-20220825/UBNA_002/20220823_033000.WAV,Telephone Field,recover-20220825,002,1795
755.7495,755.7568,51250,58247,Pipistrellus pipistrellus,0.015,0.028,-1,Echolocation,/mnt/ubna_data_01_mir/recover-20220825/UBNA_002/20220823_033000.WAV,Telephone Field,recover-20220825,002,1795
755.7575,755.77,53828,63451,Pipistrellus pygmaeus,0.022,0.023,-1,Echolocation,/mnt/ubna_data_01_mir/recover-20220825/UBNA_002/20220823_033000.WAV,Telephone Field,recover-20220825,002,1795
755.7585,755.7645,37500,53473,Myotis brandtii,0.017,0.032,-1,Echolocation,/mnt/ubna_data_01_mir/recover-20220825/UBNA_002/20220823_033000.WAV,Telephone Field,recover-20220825,002,1795
755.7835,755.7945,28906,36635,Eptesicus serotinus,0.016,0.034,-1,Echolocation,/mnt/ubna_data_01_mir/recover-20220825/UBNA_002/20220823_033000.WAV,Telephone Field,recover-20220825,002,1795
755.7965,755.806,27187,36982,Eptesicus serotinus,0.01,0.024,-1,Echolocation,/mnt/ubna_data_01_mir/recover-20220825/UBNA_002/20220823_033000.WAV,Telephone Field,recover-20220825,002,1795
755.8035,755.8107,54687,59944,Pipistrellus pygmaeus,0.022,0.022,-1,Echolocation,/mnt/ubna_data_01_mir/recover-20220825/UBNA_002/20220823_033000.WAV,Telephone Field,recover-20220825,002,1795
755.8465,755.8539,39218,65710,Pipistrellus nathusii,0.622,0.646,-1,Echolocation,/mnt/ubna_data_01_mir/recover-20220825/UBNA_002/20220823_033000.WAV,Telephone Field,recover-20220825,002,1795
755.8475,755.8538,31484,63723,Myotis brandtii,0.086,0.208,-1,Echolocation,/mnt/ubna_data_01_mir/recover-20220825/UBNA_002/20220823_033000.WAV,Telephone Field,recover-20220825,002,1795
755.8475,755.857,55546,63019,Pipistrellus pygmaeus,0.03,0.032,-1,Echolocation,/mnt/ubna_data_01_mir/recover-20220825/UBNA_002/20220823_033000.WAV,Telephone Field,recover-20220825,002,1795
755.8525,755.8594,47812,60389,Pipistrellus pygmaeus,0.016,0.026,-1,Echolocation,/mnt/ubna_data_01_mir/recover-20220825/UBNA_002/20220823_033000.WAV,Telephone Field,recover-20220825,002,1795
755.8575,755.8653,27187,35036,Eptesicus serotinus,0.006,0.023,-1,Echolocation,/mnt/ubna_data_01_mir/recover-20220825/UBNA_002/20220823_033000.WAV,Telephone Field,recover-20220825,002,1795
755.8645,755.8753,24609,30037,Nyctalus leisleri,0.01,0.024,-1,Echolocation,/mnt/ubna_data_01_mir/recover-20220825/UBNA_002/20220823_033000.WAV,Telephone Field,recover-20220825,002,1795
755.8835,755.8934,28906,36467,Eptesicus serotinus,0.008,0.024,-1,Echolocation,/mnt/ubna_data_01_mir/recover-20220825/UBNA_002/20220823_033000.WAV,Telephone Field,recover-20220825,002,1795
755.9105,755.9173,53828,63063,Pipistrellus pygmaeus,0.022,0.023,-1,Echolocation,/mnt/ubna_data_01_mir/recover-20220825/UBNA_002/20220823_033000.WAV,Telephone Field,recover-20220825,002,1795
755.9315,755.94,26328,32760,Eptesicus serotinus,0.009,0.025,-1,Echolocation,/mnt/ubna_data_01_mir/recover-20220825/UBNA_002/20220823_033000.WAV,Telephone Field,recover-20220825,002,1795
755.9425,755.9499,40078,71017,Pipistrellus nathusii,0.639,0.651,-1,Echolocation,/mnt/ubna_data_01_mir/recover-20220825/UBNA_002/20220823_033000.WAV,Telephone Field,recover-20220825,002,1795
755.9425,755.9501,29765,74157,Myotis brandtii,0.043,0.072,-1,Echolocation,/mnt/ubna_data_01_mir/recover-20220825/UBNA_002/20220823_033000.WAV,Telephone Field,recover-20220825,002,1795
755.9435,755.9494,53828,61036,Pipistrellus pygmaeus,0.025,0.042,-1,Echolocation,/mnt/ubna_data_01_mir/recover-20220825/UBNA_002/20220823_033000.WAV,Telephone Field,recover-20220825,002,1795
755.9515,755.9575,38359,53504,Pipistrellus nathusii,0.018,0.035,-1,Echolocation,/mnt/ubna_data_01_mir/recover-20220825/UBNA_002/20220823_033000.WAV,Telephone Field,recover-20220825,002,1795
755.9515,755.9587,48671,58742,Pipistrellus pygmaeus,0.03,0.047,-1,Echolocation,/mnt/ubna_data_01_mir/recover-20220825/UBNA_002/20220823_033000.WAV,Telephone Field,recover-20220825,002,1795
755.9735,755.9838,27187,36196,Eptesicus serotinus,0.01,0.024,-1,Echolocation,/mnt/ubna_data_01_mir/recover-20220825/UBNA_002/20220823_033000.WAV,Telephone Field,recover-20220825,002,1795
755.9805,755.991,27187,35983,Eptesicus serotinus,0.011,0.025,-1,Echolocation,/mnt/ubna_data_01_mir/recover-20220825/UBNA_002/20220823_033000.WAV,Telephone Field,recover-20220825,002,1795
756.0015,756.0092,28906,35142,Barbastellus barbastellus,0.006,0.026,-1,Echolocation,/mnt/ubna_data_01_mir/recover-20220825/UBNA_002/20220823_033000.WAV,Telephone Field,recover-20220825,002,1795
756.0015,756.0102,22890,28283,Nyctalus leisleri,0.019,0.04,-1,Echolocation,/mnt/ubna_data_01_mir/recover-20220825/UBNA_002/20220823_033000.WAV,Telephone Field,recover-20220825,002,1795
756.0025,756.0287,69296,81980,Rhinolophus ferrumequinum,0.02,0.023,-1,Echolocation,/mnt/ubna_data_01_mir/recover-20220825/UBNA_002/20220823_033000.WAV,Telephone Field,recover-20220825,002,1795
756.0135,756.0194,25468,89086,Myotis bechsteinii,0.115,0.161,-1,Echolocation,/mnt/ubna_data_01_mir/recover-20220825/UBNA_002/20220823_033000.WAV,Telephone Field,recover-20220825,002,1795
756.0135,756.0207,34921,74119,Myotis brandtii,0.172,0.315,-1,Echolocation,/mnt/ubna_data_01_mir/recover-20220825/UBNA_002/20220823_033000.WAV,Telephone Field,recover-20220825,002,1795
756.0145,756.0248,58125,65708,Pipistrellus pygmaeus,0.02,0.022,-1,Echolocation,/mnt/ubna_data_01_mir/recover-20220825/UBNA_002/20220823_033000.WAV,Telephone Field,recover-20220825,002,1795
756.0215,756.0284,46093,59480,Pipistrellus pipistrellus,0.011,0.021,-1,Echolocation,/mnt/ubna_data_01_mir/recover-20220825/UBNA_002/20220823_033000.WAV,Telephone Field,recover-20220825,002,1795
756.0245,756.0294,32343,49271,Myotis brandtii,0.011,0.021,-1,Echolocation,/mnt/ubna_data_01_mir/recover-20220825/UBNA_002/20220823_033000.WAV,Telephone Field,recover-20220825,002,1795
756.0885,756.1216,68437,82257,Rhinolophus ferrumequinum,0.021,0.021,-1,Echolocation,/mnt/ubna_data_01_mir/recover-20220825/UBNA_002/20220823_033000.WAV,Telephone Field,recover-20220825,002,1795
756.0885,756.0959,31484,84164,Myotis brandtii,0.142,0.185,-1,Echolocation,/mnt/ubna_data_01_mir/recover-20220825/UBNA_002/20220823_033000.WAV,Telephone Field,recover-20220825,002,1795
756.0885,756.0947,40078,67902,Pipistrellus nathusii,0.588,0.603,-1,Echolocation,/mnt/ubna_data_01_mir/recover-20220825/UBNA_002/20220823_033000.WAV,Telephone Field,recover-20220825,002,1795
756.0895,756.1005,52109,59616,Pipistrellus pipistrellus,0.015,0.027,-1,Echolocation,/mnt/ubna_data_01_mir/recover-20220825/UBNA_002/20220823_033000.WAV,Telephone Field,recover-20220825,002,1795
756.0965,756.1038,39218,52486,Pipistrellus nathusii,0.028,0.043,-1,Echolocation,/mnt/ubna_data_01_mir/recover-20220825/UBNA_002/20220823_033000.WAV,Telephone Field,recover-20220825,002,1795
756.0985,756.1036,32343,53008,Myotis brandtii,0.014,0.025,-1,Echolocation,/mnt/ubna_data_01_mir/recover-20220825/UBNA_002/20220823_033000.WAV,Telephone Field,recover-20220825,002,1795
756.0995,756.1323,68437,81065,Rhinolophus ferrumequinum,0.026,0.026,-1,Echolocation,/mnt/ubna_data_01_mir/recover-20220825/UBNA_002/20220823_033000.WAV,Telephone Field,recover-20220825,002,1795
756.1075,756.1137,27187,39086,Plecotus auritus,0.006,0.023,-1,Echolocation,/mnt/ubna_data_01_mir/recover-20220825/UBNA_002/20220823_033000.WAV,Telephone Field,recover-20220825,002,1795
756.1225,756.1593,68437,81910,Rhinolophus ferrumequinum,0.032,0.032,-1,Echolocation,/mnt/ubna_data_01_mir/recover-20220825/UBNA_002/20220823_033000.WAV,Telephone Field,recover-20220825,002,1795
756.1445,756.1536,51250,58079,Pipistrellus pipistrellus,0.011,0.021,-1,Echolocation,/mnt/ubna_data_01_mir/recover-20220825/UBNA_002/20220823_033000.WAV,Telephone Field,recover-20220825,002,1795
756.1455,756.1598,30625,35955,Eptesicus serotinus,0.01,0.028,-1,Echolocation,/mnt/ubna_data_01_mir/recover-20220825/UBNA_002/20220823_033000.WAV,Telephone Field,recover-20220825,002,1795
756.1705,756.1767,26328,89651,Myotis bechsteinii,0.108,0.171,-1,Echolocation,/mnt/ubna_data_01_mir/recover-20220825/UBNA_002/20220823_033000.WAV,Telephone Field,recover-20220825,002,1795
756.1705,756.1766,40078,68798,Pipistrellus nathusii,0.466,0.502,-1,Echolocation,/mnt/ubna_data_01_mir/recover-20220825/UBNA_002/20220823_033000.WAV,Telephone Field,recover-20220825,002,1795
756.1715,756.1822,53828,63531,Pipistrellus pygmaeus,0.019,0.026,-1,Echolocation,/mnt/ubna_data_01_mir/recover-20220825/UBNA_002/20220823_033000.WAV,Telephone Field,recover-20220825,002,1795
756.1895,756.2251,68437,81687,Rhinolophus ferrumequinum,0.021,0.021,-1,Echolocation,/mnt/ubna_data_01_mir/recover-20220825/UBNA_002/20220823_033000.WAV,Telephone Field,recover-20220825,002,1795
756.2005,756.2392,68437,83649,Rhinolophus ferrumequinum,0.033,0.033,-1,Echolocation,/mnt/ubna_data_01_mir/recover-20220825/UBNA_002/20220823_033000.WAV,Telephone Field,recover-20220825,002,1795
756.2035,756.2105,26328,38908,Eptesicus serotinus,0.006,0.021,-1,Echolocation,/mnt/ubna_data_01_mir/recover-20220825/UBNA_002/20220823_033000.WAV,Telephone Field,recover-20220825,002,1795
756.2615,756.2899,68437,85963,Rhinolophus ferrumequinum,0.021,0.021,-1,Echolocation,/mnt/ubna_data_01_mir/recover-20220825/UBNA_002/20220823_033000.WAV,Telephone Field,recover-20220825,002,1795
756.2615,756.2678,40937,67503,Pipistrellus nathusii,0.53,0.561,-1,Echolocation,/mnt/ubna_data_01_mir/recover-20220825/UBNA_002/20220823_033000.WAV,Telephone Field,recover-20220825,002,1795
756.2615,756.2676,26328,89152,Myotis bechsteinii,0.092,0.149,-1,Echolocation,/mnt/ubna_data_01_mir/recover-20220825/UBNA_002/20220823_033000.WAV,Telephone Field,recover-20220825,002,1795
756.2625,756.2713,55546,69760,Pipistrellus pygmaeus,0.032,0.037,-1,Echolocation,/mnt/ubna_data_01_mir/recover-20220825/UBNA_002/20220823_033000.WAV,Telephone Field,recover-20220825,002,1795
756.2735,756.3019,68437,80882,Rhinolophus ferrumequinum,0.025,0.026,-1,Echolocation,/mnt/ubna_data_01_mir/recover-20220825/UBNA_002/20220823_033000.WAV,Telephone Field,recover-20220825,002,1795
756.2775,756.2873,25468,33395,Eptesicus serotinus,0.013,0.028,-1,Echolocation,/mnt/ubna_data_01_mir/recover-20220825/UBNA_002/20220823_033000.WAV,Telephone Field,recover-20220825,002,1795
756.3015,756.3085,39218,46062,Pipistrellus nathusii,0.008,0.026,-1,Echolocation,/mnt/ubna_data_01_mir/recover-20220825/UBNA_002/20220823_033000.WAV,Telephone Field,recover-20220825,002,1795
756.3355,756.3441,27187,34600,Eptesicus serotinus,0.01,0.021,-1,Echolocation,/mnt/ubna_data_01_mir/recover-20220825/UBNA_002/20220823_033000.WAV,Telephone Field,recover-20220825,002,1795
756.3515,756.3596,48671,61419,Pipistrellus pipistrellus,0.025,0.062,-1,Echolocation,/mnt/ubna_data_01_mir/recover-20220825/UBNA_002/20220823_033000.WAV,Telephone Field,recover-20220825,002,1795
756.3535,756.3611,36640,86219,Myotis brandtii,0.277,0.322,-1,Echolocation,/mnt/ubna_data_01_mir/recover-20220825/UBNA_002/20220823_033000.WAV,Telephone Field,recover-20220825,002,1795
756.3615,756.3676,40078,53841,Pipistrellus nathusii,0.031,0.046,-1,Echolocation,/mnt/ubna_data_01_mir/recover-20220825/UBNA_002/20220823_033000.WAV,Telephone Field,recover-20220825,002,1795
756.3645,756.3704,29765,46578,Myotis brandtii,0.008,0.021,-1,Echolocation,/mnt/ubna_data_01_mir/recover-20220825/UBNA_002/20220823_033000.WAV,Telephone Field,recover-20220825,002,1795
756.3845,756.4213,68437,81919,Rhinolophus ferrumequinum,0.021,0.021,-1,Echolocation,/mnt/ubna_data_01_mir/recover-20220825/UBNA_002/20220823_033000.WAV,Telephone Field,recover-20220825,002,1795
756.4065,756.414,24609,33781,Plecotus auritus,0.006,0.021,-1,Echolocation,/mnt/ubna_data_01_mir/recover-20220825/UBNA_002/20220823_033000.WAV,Telephone Field,recover-20220825,002,1795
756.4195,756.4501,68437,81117,Rhinolophus ferrumequinum,0.022,0.022,-1,Echolocation,/mnt/ubna_data_01_mir/recover-20220825/UBNA_002/20220823_033000.WAV,Telephone Field,recover-20220825,002,1795
756.4275,756.4335,32343,39717,Barbastellus barbastellus,0.007,0.022,-1,Echolocation,/mnt/ubna_data_01_mir/recover-20220825/UBNA_002/20220823_033000.WAV,Telephone Field,recover-20220825,002,1795
756.4285,756.4352,28046,34133,Eptesicus serotinus,0.007,0.022,-1,Echolocation,/mnt/ubna_data_01_mir/recover-20220825/UBNA_002/20220823_033000.WAV,Telephone Field,recover-20220825,002,1795
756.4375,756.449,48671,54448,Pipistrellus pipistrellus,0.025,0.052,-1,Echolocation,/mnt/ubna_data_01_mir/recover-20220825/UBNA_002/20220823_033000.WAV,Telephone Field,recover-20220825,002,1795
756.4405,756.4471,39218,70665,Myotis brandtii,0.287,0.475,-1,Echolocation,/mnt/ubna_data_01_mir/recover-20220825/UBNA_002/20220823_033000.WAV,Telephone Field,recover-20220825,002,1795
756.4415,756.4476,25468,95871,Myotis bechsteinii,0.094,0.114,-1,Echolocation,/mnt/ubna_data_01_mir/recover-20220825/UBNA_002/20220823_033000.WAV,Telephone Field,recover-20220825,002,1795
756.4505,756.4591,26328,36738,Eptesicus serotinus,0.009,0.025,-1,Echolocation,/mnt/ubna_data_01_mir/recover-20220825/UBNA_002/20220823_033000.WAV,Telephone Field,recover-20220825,002,1795
756.4555,756.4916,68437,81556,Rhinolophus ferrumequinum,0.024,0.024,-1,Echolocation,/mnt/ubna_data_01_mir/recover-20220825/UBNA_002/20220823_033000.WAV,Telephone Field,recover-20220825,002,1795
756.4855,756.4937,28046,33663,Eptesicus serotinus,0.008,0.022,-1,Echolocation,/mnt/ubna_data_01_mir/recover-20220825/UBNA_002/20220823_033000.WAV,Telephone Field,recover-20220825,002,1795
756.4935,756.4998,49531,55590,Pipistrellus pipistrellus,0.01,0.028,-1,Echolocation,/mnt/ubna_data_01_mir/recover-20220825/UBNA_002/20220823_033000.WAV,Telephone Field,recover-20220825,002,1795
756.4985,756.5059,35781,80973,Myotis brandtii,0.359,0.405,-1,Echolocation,/mnt/ubna_data_01_mir/recover-20220825/UBNA_002/20220823_033000.WAV,Telephone Field,recover-20220825,002,1795
756.5005,756.5077,49531,54589,Pipistrellus pipistrellus,0.017,0.034,-1,Echolocation,/mnt/ubna_data_01_mir/recover-20220825/UBNA_002/20220823_033000.WAV,Telephone Field,recover-20220825,002,1795
756.5085,756.5151,28906,45298,Myotis brandtii,0.006,0.021,-1,Echolocation,/mnt/ubna_data_01_mir/recover-20220825/UBNA_002/20220823_033000.WAV,Telephone Field,recover-20220825,002,1795
756.5385,756.5479,36640,42326,Pipistrellus nathusii,0.015,0.029,-1,Echolocation,/mnt/ubna_data_01_mir/recover-20220825/UBNA_002/20220823_033000.WAV,Telephone Field,recover-20220825,002,1795
756.5415,756.5495,27187,39604,Eptesicus serotinus,0.01,0.026,-1,Echolocation,/mnt/ubna_data_01_mir/recover-20220825/UBNA_002/20220823_033000.WAV,Telephone Field,recover-20220825,002,1795
756.5705,756.5799,50390,59034,Pipistrellus pipistrellus,0.031,0.067,-1,Echolocation,/mnt/ubna_data_01_mir/recover-20220825/UBNA_002/20220823_033000.WAV,Telephone Field,recover-20220825,002,1795
756.5725,756.5805,34062,86634,Myotis brandtii,0.456,0.491,-1,Echolocation,/mnt/ubna_data_01_mir/recover-20220825/UBNA_002/20220823_033000.WAV,Telephone Field,recover-20220825,002,1795
756.5745,756.5796,40937,60249,Pipistrellus nathusii,0.059,0.068,-1,Echolocation,/mnt/ubna_data_01_mir/recover-20220825/UBNA_002/20220823_033000.WAV,Telephone Field,recover-20220825,002,1795
756.6415,756.6533,47812,52635,Pipistrellus pipistrellus,0.031,0.058,-1,Echolocation,/mnt/ubna_data_01_mir/recover-20220825/UBNA_002/20220823_033000.WAV,Telephone Field,recover-20220825,002,1795
756.6435,756.6503,36640,76541,Myotis brandtii,0.411,0.478,-1,Echolocation,/mnt/ubna_data_01_mir/recover-20220825/UBNA_002/20220823_033000.WAV,Telephone Field,recover-20220825,002,1795
756.6785,756.7179,68437,82397,Rhinolophus ferrumequinum,0.023,0.023,-1,Echolocation,/mnt/ubna_data_01_mir/recover-20220825/UBNA_002/20220823_033000.WAV,Telephone Field,recover-20220825,002,1795
756.6865,756.7264,68437,82424,Rhinolophus ferrumequinum,0.022,0.022,-1,Echolocation,/mnt/ubna_data_01_mir/recover-20220825/UBNA_002/20220823_033000.WAV,Telephone Field,recover-20220825,002,1795
756.6895,756.6968,28046,40035,Eptesicus serotinus,0.008,0.023,-1,Echolocation,/mnt/ubna_data_01_mir/recover-20220825/UBNA_002/20220823_033000.WAV,Telephone Field,recover-20220825,002,1795
756.7035,756.713,15156,22774,Plecotus auritus,0.009,0.022,-1,Echolocation,/mnt/ubna_data_01_mir/recover-20220825/UBNA_002/20220823_033000.WAV,Telephone Field,recover-20220825,002,1795
756.7425,756.7514,27187,34541,Eptesicus serotinus,0.009,0.022,-1,Echolocation,/mnt/ubna_data_01_mir/recover-20220825/UBNA_002/20220823_033000.WAV,Telephone Field,recover-20220825,002,1795
756.7585,756.7661,36640,80019,Myotis brandtii,0.338,0.396,-1,Echolocation,/mnt/ubna_data_01_mir/recover-20220825/UBNA_002/20220823_033000.WAV,Telephone Field,recover-20220825,002,1795
756.7605,756.7687,55546,61354,Pipistrellus pygmaeus,0.057,0.06,-1,Echolocation,/mnt/ubna_data_01_mir/recover-20220825/UBNA_002/20220823_033000.WAV,Telephone Field,recover-20220825,002,1795
756.7675,756.773,35781,50543,Myotis brandtii,0.012,0.022,-1,Echolocation,/mnt/ubna_data_01_mir/recover-20220825/UBNA_002/20220823_033000.WAV,Telephone Field,recover-20220825,002,1795
756.8285,756.8343,40078,63331,Myotis brandtii,0.208,0.353,-1,Echolocation,/mnt/ubna_data_01_mir/recover-20220825/UBNA_002/20220823_033000.WAV,Telephone Field,recover-20220825,002,1795
756.8295,756.8349,27187,84550,Myotis bechsteinii,0.038,0.069,-1,Echolocation,/mnt/ubna_data_01_mir/recover-20220825/UBNA_002/20220823_033000.WAV,Telephone Field,recover-20220825,002,1795
756.8365,756.8447,54687,66080,Pipistrellus pygmaeus,0.026,0.027,-1,Echolocation,/mnt/ubna_data_01_mir/recover-20220825/UBNA_002/20220823_033000.WAV,Telephone Field,recover-20220825,002,1795
756.8695,756.9067,68437,82809,Rhinolophus ferrumequinum,0.023,0.023,-1,Echolocation,/mnt/ubna_data_01_mir/recover-20220825/UBNA_002/20220823_033000.WAV,Telephone Field,recover-20220825,002,1795
756.8795,756.8869,50390,55778,Pipistrellus pipistrellus,0.014,0.028,-1,Echolocation,/mnt/ubna_data_01_mir/recover-20220825/UBNA_002/20220823_033000.WAV,Telephone Field,recover-20220825,002,1795
756.8865,756.8917,26328,84401,Myotis bechsteinii,0.072,0.104,-1,Echolocation,/mnt/ubna_data_01_mir/recover-20220825/UBNA_002/20220823_033000.WAV,Telephone Field,recover-20220825,002,1795
756.8865,756.8921,40937,67126,Myotis brandtii,0.218,0.388,-1,Echolocation,/mnt/ubna_data_01_mir/recover-20220825/UBNA_002/20220823_033000.WAV,Telephone Field,recover-20220825,002,1795
756.9015,756.9106,28046,35915,Eptesicus serotinus,0.007,0.023,-1,Echolocation,/mnt/ubna_data_01_mir/recover-20220825/UBNA_002/20220823_033000.WAV,Telephone Field,recover-20220825,002,1795
756.9025,756.9378,68437,81754,Rhinolophus ferrumequinum,0.021,0.021,-1,Echolocation,/mnt/ubna_data_01_mir/recover-20220825/UBNA_002/20220823_033000.WAV,Telephone Field,recover-20220825,002,1795
756.9545,756.9607,42656,58029,Pipistrellus nathusii,0.284,0.501,-1,Echolocation,/mnt/ubna_data_01_mir/recover-20220825/UBNA_002/20220823_033000.WAV,Telephone Field,recover-20220825,002,1795
756.9715,757.011,68437,83174,Rhinolophus ferrumequinum,0.023,0.023,-1,Echolocation,/mnt/ubna_data_01_mir/recover-20220825/UBNA_002/20220823_033000.WAV,Telephone Field,recover-20220825,002,1795
757.0175,757.0537,68437,81994,Rhinolophus ferrumequinum,0.021,0.021,-1,Echolocation,/mnt/ubna_data_01_mir/recover-20220825/UBNA_002/20220823_033000.WAV,Telephone Field,recover-20220825,002,1795
757.0445,757.0516,38359,71825,Myotis brandtii,0.246,0.391,-1,Echolocation,/mnt/ubna_data_01_mir/recover-20220825/UBNA_002/20220823_033000.WAV,Telephone Field,recover-20220825,002,1795
757.0715,757.1102,68437,82450,Rhinolophus ferrumequinum,0.021,0.021,-1,Echolocation,/mnt/ubna_data_01_mir/recover-20220825/UBNA_002/20220823_033000.WAV,Telephone Field,recover-20220825,002,1795
757.0865,757.0978,58125,66719,Pipistrellus pygmaeus,0.021,0.021,-1,Echolocation,/mnt/ubna_data_01_mir/recover-20220825/UBNA_002/20220823_033000.WAV,Telephone Field,recover-20220825,002,1795
757.1115,757.1184,40937,60631,Pipistrellus nathusii,0.209,0.442,-1,Echolocation,/mnt/ubna_data_01_mir/recover-20220825/UBNA_002/20220823_033000.WAV,Telephone Field,recover-20220825,002,1795
757.1125,757.1174,27187,82623,Myotis bechsteinii,0.046,0.085,-1,Echolocation,/mnt/ubna_data_01_mir/recover-20220825/UBNA_002/20220823_033000.WAV,Telephone Field,recover-20220825,002,1795
757.1155,757.1313,18593,28651,Nyctalus noctula,0.015,0.021,-1,Echolocation,/mnt/ubna_data_01_mir/recover-20220825/UBNA_002/20220823_033000.WAV,Telephone Field,recover-20220825,002,1795
757.1585,757.1652,55546,63691,Pipistrellus pygmaeus,0.023,0.024,-1,Echolocation,/mnt/ubna_data_01_mir/recover-20220825/UBNA_002/20220823_033000.WAV,Telephone Field,recover-20220825,002,1795
757.1725,757.1784,40078,63039,Myotis brandtii,0.216,0.351,-1,Echolocation,/mnt/ubna_data_01_mir/recover-20220825/UBNA_002/20220823_033000.WAV,Telephone Field,recover-20220825,002,1795
757.1735,757.1788,26328,87580,Myotis bechsteinii,0.067,0.097,-1,Echolocation,/mnt/ubna_data_01_mir/recover-20220825/UBNA_002/20220823_033000.WAV,Telephone Field,recover-20220825,002,1795
757.1865,757.1946,27187,35133,Eptesicus serotinus,0.007,0.021,-1,Echolocation,/mnt/ubna_data_01_mir/recover-20220825/UBNA_002/20220823_033000.WAV,Telephone Field,recover-20220825,002,1795
757.1935,757.2311,68437,81781,Rhinolophus ferrumequinum,0.022,0.023,-1,Echolocation,/mnt/ubna_data_01_mir/recover-20220825/UBNA_002/20220823_033000.WAV,Telephone Field,recover-20220825,002,1795
757.2065,757.2249,21171,24506,Nyctalus leisleri,0.016,0.031,-1,Echolocation,/mnt/ubna_data_01_mir/recover-20220825/UBNA_002/20220823_033000.WAV,Telephone Field,recover-20220825,002,1795
757.2395,757.2502,42656,52140,Pipistrellus nathusii,0.327,0.348,-1,Echolocation,/mnt/ubna_data_01_mir/recover-20220825/UBNA_002/20220823_033000.WAV,Telephone Field,recover-20220825,002,1795
757.2495,757.281,68437,82067,Rhinolophus ferrumequinum,0.028,0.028,-1,Echolocation,/mnt/ubna_data_01_mir/recover-20220825/UBNA_002/20220823_033000.WAV,Telephone Field,recover-20220825,002,1795
757.2565,757.2641,28046,39879,Eptesicus serotinus,0.009,0.023,-1,Echolocation,/mnt/ubna_data_01_mir/recover-20220825/UBNA_002/20220823_033000.WAV,Telephone Field,recover-20220825,002,1795
757.2905,757.2972,49531,58360,Pipistrellus pipistrellus,0.027,0.042,-1,Echolocation,/mnt/ubna_data_01_mir/recover-20220825/UBNA_002/20220823_033000.WAV,Telephone Field,recover-20220825,002,1795
757.3155,757.3252,41796,54738,Pipistrellus nathusii,0.42,0.489,-1,Echolocation,/mnt/ubna_data_01_mir/recover-20220825/UBNA_002/20220823_033000.WAV,Telephone Field,recover-20220825,002,1795
757.3265,757.3632,68437,82361,Rhinolophus ferrumequinum,0.027,0.027,-1,Echolocation,/mnt/ubna_data_01_mir/recover-20220825/UBNA_002/20220823_033000.WAV,Telephone Field,recover-20220825,002,1795
757.3565,757.3648,55546,62023,Pipistrellus pygmaeus,0.036,0.037,-1,Echolocation,/mnt/ubna_data_01_mir/recover-20220825/UBNA_002/20220823_033000.WAV,Telephone Field,recover-20220825,002,1795
757.3765,757.3841,52968,58148,Pipistrellus pygmaeus,0.025,0.027,-1,Echolocation,/mnt/ubna_data_01_mir/recover-20220825/UBNA_002/20220823_033000.WAV,Telephone Field,recover-20220825,002,1795
757.3785,757.3841,26328,41388,Plecotus auritus,0.007,0.023,-1,Echolocation,/mnt/ubna_data_01_mir/recover-20220825/UBNA_002/20220823_033000.WAV,Telephone Field,recover-20220825,002,1795
757.3945,757.4014,48671,58490,Pipistrellus pipistrellus,0.021,0.026,-1,Echolocation,/mnt/ubna_data_01_mir/recover-20220825/UBNA_002/20220823_033000.WAV,Telephone Field,recover-20220825,002,1795
757.4035,757.4205,42656,47469,Pipistrellus nathusii,0.048,0.062,-1,Echolocation,/mnt/ubna_data_01_mir/recover-20220825/UBNA_002/20220823_033000.WAV,Telephone Field,recover-20220825,002,1795
757.4855,757.4921,55546,63463,Pipistrellus pygmaeus,0.029,0.029,-1,Echolocation,/mnt/ubna_data_01_mir/recover-20220825/UBNA_002/20220823_033000.WAV,Telephone Field,recover-20220825,002,1795
757.4885,757.524,68437,81183,Rhinolophus ferrumequinum,0.022,0.022,-1,Echolocation,/mnt/ubna_data_01_mir/recover-20220825/UBNA_002/20220823_033000.WAV,Telephone Field,recover-20220825,002,1795
757.4935,757.5037,40937,53884,Pipistrellus nathusii,0.24,0.316,-1,Echolocation,/mnt/ubna_data_01_mir/recover-20220825/UBNA_002/20220823_033000.WAV,Telephone Field,recover-20220825,002,1795
757.5145,757.5544,68437,82517,Rhinolophus ferrumequinum,0.023,0.023,-1,Echolocation,/mnt/ubna_data_01_mir/recover-20220825/UBNA_002/20220823_033000.WAV,Telephone Field,recover-20220825,002,1795
757.5315,757.541,56406,64643,Pipistrellus pygmaeus,0.022,0.022,-1,Echolocation,/mnt/ubna_data_01_mir/recover-20220825/UBNA_002/20220823_033000.WAV,Telephone Field,recover-20220825,002,1795
757.5605,757.5973,68437,81032,Rhinolophus ferrumequinum,0.021,0.022,-1,Echolocation,/mnt/ubna_data_01_mir/recover-20220825/UBNA_002/20220823_033000.WAV,Telephone Field,recover-20220825,002,1795
757.5605,757.5683,31484,44606,Barbastellus barbastellus,0.009,0.027,-1,Echolocation,/mnt/ubna_data_01_mir/recover-20220825/UBNA_002/20220823_033000.WAV,Telephone Field,recover-20220825,002,1795
757.5805,757.5908,45234,49871,Pipistrellus pipistrellus,0.017,0.022,-1,Echolocation,/mnt/ubna_data_01_mir/recover-20220825/UBNA_002/20220823_033000.WAV,Telephone Field,recover-20220825,002,1795
757.5925,757.6045,43515,48775,Pipistrellus pipistrellus,0.012,0.032,-1,Echolocation,/mnt/ubna_data_01_mir/recover-20220825/UBNA_002/20220823_033000.WAV,Telephone Field,recover-20220825,002,1795
757.6195,757.6562,68437,82351,Rhinolophus ferrumequinum,0.022,0.022,-1,Echolocation,/mnt/ubna_data_01_mir/recover-20220825/UBNA_002/20220823_033000.WAV,Telephone Field,recover-20220825,002,1795
757.6305,757.6377,49531,55776,Pipistrellus pipistrellus,0.021,0.024,-1,Echolocation,/mnt/ubna_data_01_mir/recover-20220825/UBNA_002/20220823_033000.WAV,Telephone Field,recover-20220825,002,1795
757.6385,757.6461,46093,52917,Pipistrellus pipistrellus,0.02,0.022,-1,Echolocation,/mnt/ubna_data_01_mir/recover-20220825/UBNA_002/20220823_033000.WAV,Telephone Field,recover-20220825,002,1795
757.6655,757.6766,43515,52137,Pipistrellus nathusii,0.075,0.093,-1,Echolocation,/mnt/ubna_data_01_mir/recover-20220825/UBNA_002/20220823_033000.WAV,Telephone Field,recover-20220825,002,1795
757.6825,757.6933,40937,50719,Pipistrellus nathusii,0.323,0.371,-1,Echolocation,/mnt/ubna_data_01_mir/recover-20220825/UBNA_002/20220823_033000.WAV,Telephone Field,recover-20220825,002,1795
757.6945,757.701,55546,64636,Pipistrellus pygmaeus,0.024,0.025,-1,Echolocation,/mnt/ubna_data_01_mir/recover-20220825/UBNA_002/20220823_033000.WAV,Telephone Field,recover-20220825,002,1795
757.7065,757.7387,68437,80901,Rhinolophus ferrumequinum,0.025,0.025,-1,Echolocation,/mnt/ubna_data_01_mir/recover-20220825/UBNA_002/20220823_033000.WAV,Telephone Field,recover-20220825,002,1795
757.7245,757.7329,27187,38536,Eptesicus serotinus,0.01,0.025,-1,Echolocation,/mnt/ubna_data_01_mir/recover-20220825/UBNA_002/20220823_033000.WAV,Telephone Field,recover-20220825,002,1795
757.7265,757.7329,40078,56685,Myotis brandtii,0.011,0.023,-1,Echolocation,/mnt/ubna_data_01_mir/recover-20220825/UBNA_002/20220823_033000.WAV,Telephone Field,recover-20220825,002,1795
757.7475,757.7561,26328,39148,Eptesicus serotinus,0.01,0.024,-1,Echolocation,/mnt/ubna_data_01_mir/recover-20220825/UBNA_002/20220823_033000.WAV,Telephone Field,recover-20220825,002,1795
757.7645,757.7749,41796,53999,Pipistrellus nathusii,0.011,0.021,-1,Echolocation,/mnt/ubna_data_01_mir/recover-20220825/UBNA_002/20220823_033000.WAV,Telephone Field,recover-20220825,002,1795
757.7765,757.7853,42656,56351,Pipistrellus nathusii,0.018,0.033,-1,Echolocation,/mnt/ubna_data_01_mir/recover-20220825/UBNA_002/20220823_033000.WAV,Telephone Field,recover-20220825,002,1795
757.7845,757.7952,41796,49277,Pipistrellus nathusii,0.018,0.03,-1,Echolocation,/mnt/ubna_data_01_mir/recover-20220825/UBNA_002/20220823_033000.WAV,Telephone Field,recover-20220825,002,1795
757.7845,757.8015,22031,26162,Nyctalus noctula,0.102,0.18,-1,Echolocation,/mnt/ubna_data_01_mir/recover-20220825/UBNA_002/20220823_033000.WAV,Telephone Field,recover-20220825,002,1795
757.8395,757.8478,55546,65506,Pipistrellus pygmaeus,0.025,0.026,-1,Echolocation,/mnt/ubna_data_01_mir/recover-20220825/UBNA_002/20220823_033000.WAV,Telephone Field,recover-20220825,002,1795
757.8435,757.8525,23750,31426,Eptesicus serotinus,0.015,0.045,-1,Echolocation,/mnt/ubna_data_01_mir/recover-20220825/UBNA_002/20220823_033000.WAV,Telephone Field,recover-20220825,002,1795
757.8575,757.872,16875,23196,Nyctalus noctula,0.014,0.021,-1,Echolocation,/mnt/ubna_data_01_mir/recover-20220825/UBNA_002/20220823_033000.WAV,Telephone Field,recover-20220825,002,1795
757.8665,757.8756,40937,51703,Pipistrellus nathusii,0.392,0.43,-1,Echolocation,/mnt/ubna_data_01_mir/recover-20220825/UBNA_002/20220823_033000.WAV,Telephone Field,recover-20220825,002,1795
757.8965,757.9063,28046,36619,Eptesicus serotinus,0.01,0.022,-1,Echolocation,/mnt/ubna_data_01_mir/recover-20220825/UBNA_002/20220823_033000.WAV,Telephone Field,recover-20220825,002,1795
757.9075,757.9183,15156,21147,Nyctalus noctula,0.012,0.024,-1,Echolocation,/mnt/ubna_data_01_mir/recover-20220825/UBNA_002/20220823_033000.WAV,Telephone Field,recover-20220825,002,1795
757.9105,757.9513,68437,82085,Rhinolophus ferrumequinum,0.025,0.025,-1,Echolocation,/mnt/ubna_data_01_mir/recover-20220825/UBNA_002/20220823_033000.WAV,Telephone Field,recover-20220825,002,1795
757.9135,757.9234,25468,32928,Eptesicus serotinus,0.01,0.023,-1,Echolocation,/mnt/ubna_data_01_mir/recover-20220825/UBNA_002/20220823_033000.WAV,Telephone Field,recover-20220825,002,1795
757.9375,757.9758,68437,81878,Rhinolophus ferrumequinum,0.023,0.023,-1,Echolocation,/mnt/ubna_data_01_mir/recover-20220825/UBNA_002/20220823_033000.WAV,Telephone Field,recover-20220825,002,1795
757.9385,757.946,27187,41949,Eptesicus serotinus,0.007,0.024,-1,Echolocation,/mnt/ubna_data_01_mir/recover-20220825/UBNA_002/20220823_033000.WAV,Telephone Field,recover-20220825,002,1795
757.9475,757.9573,41796,50348,Pipistrellus nathusii,0.011,0.023,-1,Echolocation,/mnt/ubna_data_01_mir/recover-20220825/UBNA_002/20220823_033000.WAV,Telephone Field,recover-20220825,002,1795
757.9495,757.9836,68437,81919,Rhinolophus ferrumequinum,0.021,0.021,-1,Echolocation,/mnt/ubna_data_01_mir/recover-20220825/UBNA_002/20220823_033000.WAV,Telephone Field,recover-20220825,002,1795
757.9665,757.9727,30625,60725,Myotis brandtii,0.012,0.022,-1,Echolocation,/mnt/ubna_data_01_mir/recover-20220825/UBNA_002/20220823_033000.WAV,Telephone Field,recover-20220825,002,1795
757.9675,757.9798,42656,47617,Pipistrellus nathusii,0.069,0.081,-1,Echolocation,/mnt/ubna_data_01_mir/recover-20220825/UBNA_002/20220823_033000.WAV,Telephone Field,recover-20220825,002,1795
757.9855,757.9933,27187,38020,Eptesicus serotinus,0.009,0.024,-1,Echolocation,/mnt/ubna_data_01_mir/recover-20220825/UBNA_002/20220823_033000.WAV,Telephone Field,recover-20220825,002,1795
758.0015,758.0103,38359,46784,Pipistrellus nathusii,0.01,0.025,-1,Echolocation,/mnt/ubna_data_01_mir/recover-20220825/UBNA_002/20220823_033000.WAV,Telephone Field,recover-20220825,002,1795
758.0015,758.0098,47812,55890,Pipistrellus pipistrellus,0.013,0.023,-1,Echolocation,/mnt/ubna_data_01_mir/recover-20220825/UBNA_002/20220823_033000.WAV,Telephone Field,recover-20220825,002,1795
758.0015,758.0141,22031,28590,Nyctalus leisleri,0.02,0.055,-1,Echolocation,/mnt/ubna_data_01_mir/recover-20220825/UBNA_002/20220823_033000.WAV,Telephone Field,recover-20220825,002,1795
758.0015,758.031,68437,80584,Rhinolophus ferrumequinum,0.049,0.049,-1,Echolocation,/mnt/ubna_data_01_mir/recover-20220825/UBNA_002/20220823_033000.WAV,Telephone Field,recover-20220825,002,1795
758.0185,758.0279,28046,36879,Eptesicus serotinus,0.01,0.027,-1,Echolocation,/mnt/ubna_data_01_mir/recover-20220825/UBNA_002/20220823_033000.WAV,Telephone Field,recover-20220825,002,1795
758.0505,758.0612,40937,47436,Pipistrellus nathusii,0.048,0.063,-1,Echolocation,/mnt/ubna_data_01_mir/recover-20220825/UBNA_002/20220823_033000.WAV,Telephone Field,recover-20220825,002,1795
758.0725,758.0792,39218,51300,Myotis brandtii,0.008,0.024,-1,Echolocation,/mnt/ubna_data_01_mir/recover-20220825/UBNA_002/20220823_033000.WAV,Telephone Field,recover-20220825,002,1795
758.1275,758.1339,28906,40391,Myotis daubentonii,0.015,0.038,-1,Echolocation,/mnt/ubna_data_01_mir/recover-20220825/UBNA_002/20220823_033000.WAV,Telephone Field,recover-20220825,002,1795
758.1385,758.1472,27187,35621,Eptesicus serotinus,0.008,0.024,-1,Echolocation,/mnt/ubna_data_01_mir/recover-20220825/UBNA_002/20220823_033000.WAV,Telephone Field,recover-20220825,002,1795
758.1485,758.1559,28906,40007,Myotis daubentonii,0.011,0.027,-1,Echolocation,/mnt/ubna_data_01_mir/recover-20220825/UBNA_002/20220823_033000.WAV,Telephone Field,recover-20220825,002,1795
758.1485,758.1568,40937,49055,Pipistrellus nathusii,0.012,0.028,-1,Echolocation,/mnt/ubna_data_01_mir/recover-20220825/UBNA_002/20220823_033000.WAV,Telephone Field,recover-20220825,002,1795
758.1495,758.1562,33203,44391,Myotis daubentonii,0.01,0.027,-1,Echolocation,/mnt/ubna_data_01_mir/recover-20220825/UBNA_002/20220823_033000.WAV,Telephone Field,recover-20220825,002,1795
758.1775,758.1836,30625,50621,Myotis daubentonii,0.018,0.033,-1,Echolocation,/mnt/ubna_data_01_mir/recover-20220825/UBNA_002/20220823_033000.WAV,Telephone Field,recover-20220825,002,1795
758.1795,758.1852,39218,53108,Myotis brandtii,0.016,0.043,-1,Echolocation,/mnt/ubna_data_01_mir/recover-20220825/UBNA_002/20220823_033000.WAV,Telephone Field,recover-20220825,002,1795
758.1955,758.237,68437,82111,Rhinolophus ferrumequinum,0.025,0.025,-1,Echolocation,/mnt/ubna_data_01_mir/recover-20220825/UBNA_002/20220823_033000.WAV,Telephone Field,recover-20220825,002,1795
758.1965,758.2043,57265,62724,Pipistrellus pygmaeus,0.042,0.042,-1,Echolocation,/mnt/ubna_data_01_mir/recover-20220825/UBNA_002/20220823_033000.WAV,Telephone Field,recover-20220825,002,1795
758.1985,758.2122,23750,29418,Nyctalus leisleri,0.021,0.053,-1,Echolocation,/mnt/ubna_data_01_mir/recover-20220825/UBNA_002/20220823_033000.WAV,Telephone Field,recover-20220825,002,1795
758.2395,758.2456999999999,34062,46905,Myotis daubentonii,0.034,0.106,-1,Echolocation,/mnt/ubna_data_01_mir/recover-20220825/UBNA_002/20220823_033000.WAV,Telephone Field,recover-20220825,002,1795
758.3105,758.3189,40078,48839,Pipistrellus nathusii,0.018,0.034,-1,Echolocation,/mnt/ubna_data_01_mir/recover-20220825/UBNA_002/20220823_033000.WAV,Telephone Field,recover-20220825,002,1795
758.3495,758.3559,37500,53821,Myotis brandtii,0.012,0.023,-1,Echolocation,/mnt/ubna_data_01_mir/recover-20220825/UBNA_002/20220823_033000.WAV,Telephone Field,recover-20220825,002,1795
758.3545,758.3627,25468,34433,Eptesicus serotinus,0.007,0.023,-1,Echolocation,/mnt/ubna_data_01_mir/recover-20220825/UBNA_002/20220823_033000.WAV,Telephone Field,recover-20220825,002,1795
758.3965,758.4042,40078,48912,Pipistrellus nathusii,0.055,0.124,-1,Echolocation,/mnt/ubna_data_01_mir/recover-20220825/UBNA_002/20220823_033000.WAV,Telephone Field,recover-20220825,002,1795
758.3985,758.4046,29765,46869,Myotis daubentonii,0.016,0.035,-1,Echolocation,/mnt/ubna_data_01_mir/recover-20220825/UBNA_002/20220823_033000.WAV,Telephone Field,recover-20220825,002,1795
758.4515,758.4571,39218,52278,Myotis brandtii,0.084,0.286,-1,Echolocation,/mnt/ubna_data_01_mir/recover-20220825/UBNA_002/20220823_033000.WAV,Telephone Field,recover-20220825,002,1795
758.4865,758.4946,29765,41412,Myotis daubentonii,0.009,0.024,-1,Echolocation,/mnt/ubna_data_01_mir/recover-20220825/UBNA_002/20220823_033000.WAV,Telephone Field,recover-20220825,002,1795
758.4975,758.5061,27187,35123,Eptesicus serotinus,0.012,0.03,-1,Echolocation,/mnt/ubna_data_01_mir/recover-20220825/UBNA_002/20220823_033000.WAV,Telephone Field,recover-20220825,002,1795
758.5135,758.5191,38359,51105,Pipistrellus nathusii,0.138,0.444,-1,Echolocation,/mnt/ubna_data_01_mir/recover-20220825/UBNA_002/20220823_033000.WAV,Telephone Field,recover-20220825,002,1795
758.5355,758.5435,26328,36519,Eptesicus serotinus,0.008,0.024,-1,Echolocation,/mnt/ubna_data_01_mir/recover-20220825/UBNA_002/20220823_033000.WAV,Telephone Field,recover-20220825,002,1795
758.5635,758.5703,28906,39382,Myotis daubentonii,0.01,0.027,-1,Echolocation,/mnt/ubna_data_01_mir/recover-20220825/UBNA_002/20220823_033000.WAV,Telephone Field,recover-20220825,002,1795
758.5715,758.5798,40937,50016,Pipistrellus nathusii,0.015,0.031,-1,Echolocation,/mnt/ubna_data_01_mir/recover-20220825/UBNA_002/20220823_033000.WAV,Telephone Field,recover-20220825,002,1795
758.5965,758.6022,37500,52232,Pipistrellus nathusii,0.162,0.463,-1,Echolocation,/mnt/ubna_data_01_mir/recover-20220825/UBNA_002/20220823_033000.WAV,Telephone Field,recover-20220825,002,1795
758.6065,758.6128,31484,43693,Myotis daubentonii,0.016,0.025,-1,Echolocation,/mnt/ubna_data_01_mir/recover-20220825/UBNA_002/20220823_033000.WAV,Telephone Field,recover-20220825,002,1795
758.6215,758.6598,68437,81960,Rhinolophus ferrumequinum,0.025,0.025,-1,Echolocation,/mnt/ubna_data_01_mir/recover-20220825/UBNA_002/20220823_033000.WAV,Telephone Field,recover-20220825,002,1795
758.6455,758.6568,26328,33087,Eptesicus serotinus,0.021,0.039,-1,Echolocation,/mnt/ubna_data_01_mir/recover-20220825/UBNA_002/20220823_033000.WAV,Telephone Field,recover-20220825,002,1795
758.6775,758.6864,27187,35169,Eptesicus serotinus,0.007,0.023,-1,Echolocation,/mnt/ubna_data_01_mir/recover-20220825/UBNA_002/20220823_033000.WAV,Telephone Field,recover-20220825,002,1795
758.6905,758.6958,37500,49556,Myotis daubentonii,0.063,0.138,-1,Echolocation,/mnt/ubna_data_01_mir/recover-20220825/UBNA_002/20220823_033000.WAV,Telephone Field,recover-20220825,002,1795
758.7195,758.728,50390,56761,Pipistrellus pipistrellus,0.02,0.029,-1,Echolocation,/mnt/ubna_data_01_mir/recover-20220825/UBNA_002/20220823_033000.WAV,Telephone Field,recover-20220825,002,1795
758.7235,758.7301,34921,54348,Myotis brandtii,0.013,0.025,-1,Echolocation,/mnt/ubna_data_01_mir/recover-20220825/UBNA_002/20220823_033000.WAV,Telephone Field,recover-20220825,002,1795
758.7265,758.7367,24609,31962,Eptesicus serotinus,0.011,0.028,-1,Echolocation,/mnt/ubna_data_01_mir/recover-20220825/UBNA_002/20220823_033000.WAV,Telephone Field,recover-20220825,002,1795
758.7385,758.746,26328,38512,Eptesicus serotinus,0.007,0.024,-1,Echolocation,/mnt/ubna_data_01_mir/recover-20220825/UBNA_002/20220823_033000.WAV,Telephone Field,recover-20220825,002,1795
758.7585,758.7649,49531,55801,Pipistrellus pipistrellus,0.049,0.062,-1,Echolocation,/mnt/ubna_data_01_mir/recover-20220825/UBNA_002/20220823_033000.WAV,Telephone Field,recover-20220825,002,1795
758.7595,758.7677,26328,34848,Eptesicus serotinus,0.008,0.025,-1,Echolocation,/mnt/ubna_data_01_mir/recover-20220825/UBNA_002/20220823_033000.WAV,Telephone Field,recover-20220825,002,1795
758.7705,758.778,26328,35274,Eptesicus serotinus,0.008,0.025,-1,Echolocation,/mnt/ubna_data_01_mir/recover-20220825/UBNA_002/20220823_033000.WAV,Telephone Field,recover-20220825,002,1795
758.7835,758.824,68437,82675,Rhinolophus ferrumequinum,0.026,0.026,-1,Echolocation,/mnt/ubna_data_01_mir/recover-20220825/UBNA_002/20220823_033000.WAV,Telephone Field,recover-20220825,002,1795
758.7845,758.7901,37500,53185,Myotis brandtii,0.153,0.46,-1,Echolocation,/mnt/ubna_data_01_mir/recover-20220825/UBNA_002/20220823_033000.WAV,Telephone Field,recover-20220825,002,1795
758.7945,758.8004,31484,44859,Myotis daubentonii,0.017,0.026,-1,Echolocation,/mnt/ubna_data_01_mir/recover-20220825/UBNA_002/20220823_033000.WAV,Telephone Field,recover-20220825,002,1795
758.8405,758.8503,25468,32281,Eptesicus serotinus,0.013,0.034,-1,Echolocation,/mnt/ubna_data_01_mir/recover-20220825/UBNA_002/20220823_033000.WAV,Telephone Field,recover-20220825,002,1795
758.8435,758.8512,40078,49337,Pipistrellus nathusii,0.014,0.033,-1,Echolocation,/mnt/ubna_data_01_mir/recover-20220825/UBNA_002/20220823_033000.WAV,Telephone Field,recover-20220825,002,1795
758.8765,758.8815,37500,50378,Pipistrellus nathusii,0.258,0.516,-1,Echolocation,/mnt/ubna_data_01_mir/recover-20220825/UBNA_002/20220823_033000.WAV,Telephone Field,recover-20220825,002,1795
758.8875,758.9021,16015,20851,Nyctalus noctula,0.014,0.025,-1,Echolocation,/mnt/ubna_data_01_mir/recover-20220825/UBNA_002/20220823_033000.WAV,Telephone Field,recover-20220825,002,1795
758.8935,758.9299,68437,81406,Rhinolophus ferrumequinum,0.024,0.024,-1,Echolocation,/mnt/ubna_data_01_mir/recover-20220825/UBNA_002/20220823_033000.WAV,Telephone Field,recover-20220825,002,1795
758.8975,758.9039,46953,56138,Pipistrellus pipistrellus,0.018,0.024,-1,Echolocation,/mnt/ubna_data_01_mir/recover-20220825/UBNA_002/20220823_033000.WAV,Telephone Field,recover-20220825,002,1795
758.9035,758.9161,22031,27018,Nyctalus leisleri,0.011,0.025,-1,Echolocation,/mnt/ubna_data_01_mir/recover-20220825/UBNA_002/20220823_033000.WAV,Telephone Field,recover-20220825,002,1795
758.9305,758.9381,42656,54314,Pipistrellus nathusii,0.008,0.023,-1,Echolocation,/mnt/ubna_data_01_mir/recover-20220825/UBNA_002/20220823_033000.WAV,Telephone Field,recover-20220825,002,1795
758.9315,758.9388,26328,36844,Eptesicus serotinus,0.008,0.025,-1,Echolocation,/mnt/ubna_data_01_mir/recover-20220825/UBNA_002/20220823_033000.WAV,Telephone Field,recover-20220825,002,1795
758.9645,758.9707,40937,52628,Pipistrellus nathusii,0.102,0.2,-1,Echolocation,/mnt/ubna_data_01_mir/recover-20220825/UBNA_002/20220823_033000.WAV,Telephone Field,recover-20220825,002,1795
758.9775,758.9879,22890,28281,Nyctalus leisleri,0.012,0.027,-1,Echolocation,/mnt/ubna_data_01_mir/recover-20220825/UBNA_002/20220823_033000.WAV,Telephone Field,recover-20220825,002,1795
758.9955,759.0032,37500,47036,Myotis daubentonii,0.007,0.024,-1,Echolocation,/mnt/ubna_data_01_mir/recover-20220825/UBNA_002/20220823_033000.WAV,Telephone Field,recover-20220825,002,1795
758.9965,759.0053,27187,39230,Eptesicus serotinus,0.008,0.023,-1,Echolocation,/mnt/ubna_data_01_mir/recover-20220825/UBNA_002/20220823_033000.WAV,Telephone Field,recover-20220825,002,1795
759.0305,759.0373,40078,50325,Pipistrellus nathusii,0.207,0.435,-1,Echolocation,/mnt/ubna_data_01_mir/recover-20220825/UBNA_002/20220823_033000.WAV,Telephone Field,recover-20220825,002,1795
759.0385,759.0465,54687,60219,Pipistrellus pygmaeus,0.028,0.03,-1,Echolocation,/mnt/ubna_data_01_mir/recover-20220825/UBNA_002/20220823_033000.WAV,Telephone Field,recover-20220825,002,1795
759.0415,759.0508,26328,33148,Eptesicus serotinus,0.008,0.023,-1,Echolocation,/mnt/ubna_data_01_mir/recover-20220825/UBNA_002/20220823_033000.WAV,Telephone Field,recover-20220825,002,1795
759.0555,759.0635,26328,35623,Eptesicus serotinus,0.008,0.024,-1,Echolocation,/mnt/ubna_data_01_mir/recover-20220825/UBNA_002/20220823_033000.WAV,Telephone Field,recover-20220825,002,1795
759.0735,759.0801,27187,36727,Eptesicus serotinus,0.007,0.029,-1,Echolocation,/mnt/ubna_data_01_mir/recover-20220825/UBNA_002/20220823_033000.WAV,Telephone Field,recover-20220825,002,1795
759.0845,759.0912,37500,48208,Pipistrellus nathusii,0.132,0.349,-1,Echolocation,/mnt/ubna_data_01_mir/recover-20220825/UBNA_002/20220823_033000.WAV,Telephone Field,recover-20220825,002,1795
759.1425,759.1483,37500,52780,Myotis brandtii,0.082,0.247,-1,Echolocation,/mnt/ubna_data_01_mir/recover-20220825/UBNA_002/20220823_033000.WAV,Telephone Field,recover-20220825,002,1795
759.1585,759.1956,68437,81574,Rhinolophus ferrumequinum,0.023,0.023,-1,Echolocation,/mnt/ubna_data_01_mir/recover-20220825/UBNA_002/20220823_033000.WAV,Telephone Field,recover-20220825,002,1795
759.1635,759.1711,26328,38687,Eptesicus serotinus,0.008,0.023,-1,Echolocation,/mnt/ubna_data_01_mir/recover-20220825/UBNA_002/20220823_033000.WAV,Telephone Field,recover-20220825,002,1795
759.2235,759.2311,27187,38648,Eptesicus serotinus,0.008,0.027,-1,Echolocation,/mnt/ubna_data_01_mir/recover-20220825/UBNA_002/20220823_033000.WAV,Telephone Field,recover-20220825,002,1795
759.2285,759.2349,40937,54291,Myotis brandtii,0.011,0.032,-1,Echolocation,/mnt/ubna_data_01_mir/recover-20220825/UBNA_002/20220823_033000.WAV,Telephone Field,recover-20220825,002,1795
759.2455,759.2552,28046,34988,Eptesicus serotinus,0.013,0.028,-1,Echolocation,/mnt/ubna_data_01_mir/recover-20220825/UBNA_002/20220823_033000.WAV,Telephone Field,recover-20220825,002,1795
759.2665,759.2723,40078,49898,Pipistrellus nathusii,0.17,0.375,-1,Echolocation,/mnt/ubna_data_01_mir/recover-20220825/UBNA_002/20220823_033000.WAV,Telephone Field,recover-20220825,002,1795
759.2835,759.2908,26328,37137,Eptesicus serotinus,0.008,0.024,-1,Echolocation,/mnt/ubna_data_01_mir/recover-20220825/UBNA_002/20220823_033000.WAV,Telephone Field,recover-20220825,002,1795
759.3015,759.3089,27187,38693,Eptesicus serotinus,0.008,0.025,-1,Echolocation,/mnt/ubna_data_01_mir/recover-20220825/UBNA_002/20220823_033000.WAV,Telephone Field,recover-20220825,002,1795
759.3165,759.3234,26328,35131,Eptesicus serotinus,0.007,0.025,-1,Echolocation,/mnt/ubna_data_01_mir/recover-20220825/UBNA_002/20220823_033000.WAV,Telephone Field,recover-20220825,002,1795
759.3265,759.3328,40078,50269,Pipistrellus nathusii,0.199,0.34,-1,Echolocation,/mnt/ubna_data_01_mir/recover-20220825/UBNA_002/20220823_033000.WAV,Telephone Field,recover-20220825,002,1795
759.3425,759.3639,18593,21166,Nyctalus noctula,0.014,0.029,-1,Echolocation,/mnt/ubna_data_01_mir/recover-20220825/UBNA_002/20220823_033000.WAV,Telephone Field,recover-20220825,002,1795
759.3505,759.3919,68437,82971,Rhinolophus ferrumequinum,0.024,0.024,-1,Echolocation,/mnt/ubna_data_01_mir/recover-20220825/UBNA_002/20220823_033000.WAV,Telephone Field,recover-20220825,002,1795
759.3625,759.3739,27187,34557,Eptesicus serotinus,0.014,0.03,-1,Echolocation,/mnt/ubna_data_01_mir/recover-20220825/UBNA_002/20220823_033000.WAV,Telephone Field,recover-20220825,002,1795
759.3725,759.3842,32343,37208,Barbastellus barbastellus,0.016,0.048,-1,Echolocation,/mnt/ubna_data_01_mir/recover-20220825/UBNA_002/20220823_033000.WAV,Telephone Field,recover-20220825,002,1795
759.3945,759.3997,38359,49967,Pipistrellus nathusii,0.128,0.358,-1,Echolocation,/mnt/ubna_data_01_mir/recover-20220825/UBNA_002/20220823_033000.WAV,Telephone Field,recover-20220825,002,1795
759.4595,759.465,36640,50891,Myotis daubentonii,0.112,0.377,-1,Echolocation,/mnt/ubna_data_01_mir/recover-20220825/UBNA_002/20220823_033000.WAV,Telephone Field,recover-20220825,002,1795
759.4625,759.4694,13437,26831,Barbastellus barbastellus,0.027,0.03,-1,Echolocation,/mnt/ubna_data_01_mir/recover-20220825/UBNA_002/20220823_033000.WAV,Telephone Field,recover-20220825,002,1795
759.4725,759.5036,68437,79779,Rhinolophus ferrumequinum,0.024,0.025,-1,Echolocation,/mnt/ubna_data_01_mir/recover-20220825/UBNA_002/20220823_033000.WAV,Telephone Field,recover-20220825,002,1795
759.5005,759.5081,26328,39482,Eptesicus serotinus,0.008,0.028,-1,Echolocation,/mnt/ubna_data_01_mir/recover-20220825/UBNA_002/20220823_033000.WAV,Telephone Field,recover-20220825,002,1795
759.5015,759.51,35781,44876,Pipistrellus nathusii,0.015,0.04,-1,Echolocation,/mnt/ubna_data_01_mir/recover-20220825/UBNA_002/20220823_033000.WAV,Telephone Field,recover-20220825,002,1795
759.5145,759.5228,27187,34612,Eptesicus serotinus,0.009,0.023,-1,Echolocation,/mnt/ubna_data_01_mir/recover-20220825/UBNA_002/20220823_033000.WAV,Telephone Field,recover-20220825,002,1795
759.5285,759.5343,40078,53035,Pipistrellus nathusii,0.328,0.572,-1,Echolocation,/mnt/ubna_data_01_mir/recover-20220825/UBNA_002/20220823_033000.WAV,Telephone Field,recover-20220825,002,1795
759.5365,759.5421,33203,43366,Myotis daubentonii,0.013,0.023,-1,Echolocation,/mnt/ubna_data_01_mir/recover-20220825/UBNA_002/20220823_033000.WAV,Telephone Field,recover-20220825,002,1795
759.5635,759.571,26328,38353,Eptesicus serotinus,0.008,0.024,-1,Echolocation,/mnt/ubna_data_01_mir/recover-20220825/UBNA_002/20220823_033000.WAV,Telephone Field,recover-20220825,002,1795
759.5795,759.5893,36640,43338,Pipistrellus nathusii,0.008,0.024,-1,Echolocation,/mnt/ubna_data_01_mir/recover-20220825/UBNA_002/20220823_033000.WAV,Telephone Field,recover-20220825,002,1795
759.6025,759.6091,40078,51072,Pipistrellus nathusii,0.445,0.597,-1,Echolocation,/mnt/ubna_data_01_mir/recover-20220825/UBNA_002/20220823_033000.WAV,Telephone Field,recover-20220825,002,1795
759.6425,759.652,27187,34868,Eptesicus serotinus,0.016,0.031,-1,Echolocation,/mnt/ubna_data_01_mir/recover-20220825/UBNA_002/20220823_033000.WAV,Telephone Field,recover-20220825,002,1795
759.6545,759.6622,26328,38646,Eptesicus serotinus,0.008,0.025,-1,Echolocation,/mnt/ubna_data_01_mir/recover-20220825/UBNA_002/20220823_033000.WAV,Telephone Field,recover-20220825,002,1795
759.7055,759.715,27187,34873,Eptesicus serotinus,0.011,0.027,-1,Echolocation,/mnt/ubna_data_01_mir/recover-20220825/UBNA_002/20220823_033000.WAV,Telephone Field,recover-20220825,002,1795
759.7185,759.7236,38359,52585,Pipistrellus nathusii,0.233,0.488,-1,Echolocation,/mnt/ubna_data_01_mir/recover-20220825/UBNA_002/20220823_033000.WAV,Telephone Field,recover-20220825,002,1795
759.7265,759.7324,28906,38873,Myotis daubentonii,0.013,0.024,-1,Echolocation,/mnt/ubna_data_01_mir/recover-20220825/UBNA_002/20220823_033000.WAV,Telephone Field,recover-20220825,002,1795
759.7555,759.765,27187,37918,Eptesicus serotinus,0.011,0.026,-1,Echolocation,/mnt/ubna_data_01_mir/recover-20220825/UBNA_002/20220823_033000.WAV,Telephone Field,recover-20220825,002,1795
759.7665,759.7769,27187,35965,Eptesicus serotinus,0.013,0.029,-1,Echolocation,/mnt/ubna_data_01_mir/recover-20220825/UBNA_002/20220823_033000.WAV,Telephone Field,recover-20220825,002,1795
759.7785,759.7874,28046,36088,Eptesicus serotinus,0.011,0.029,-1,Echolocation,/mnt/ubna_data_01_mir/recover-20220825/UBNA_002/20220823_033000.WAV,Telephone Field,recover-20220825,002,1795
759.7795,759.7883,33203,38814,Barbastellus barbastellus,0.011,0.025,-1,Echolocation,/mnt/ubna_data_01_mir/recover-20220825/UBNA_002/20220823_033000.WAV,Telephone Field,recover-20220825,002,1795
759.7925,759.7984,40078,52278,Pipistrellus nathusii,0.287,0.5,-1,Echolocation,/mnt/ubna_data_01_mir/recover-20220825/UBNA_002/20220823_033000.WAV,Telephone Field,recover-20220825,002,1795
759.8185,759.8281,24609,31722,Eptesicus serotinus,0.008,0.025,-1,Echolocation,/mnt/ubna_data_01_mir/recover-20220825/UBNA_002/20220823_033000.WAV,Telephone Field,recover-20220825,002,1795
759.8415,759.883,68437,82345,Rhinolophus ferrumequinum,0.024,0.024,-1,Echolocation,/mnt/ubna_data_01_mir/recover-20220825/UBNA_002/20220823_033000.WAV,Telephone Field,recover-20220825,002,1795
759.8655,759.8712,40078,53337,Pipistrellus nathusii,0.255,0.447,-1,Echolocation,/mnt/ubna_data_01_mir/recover-20220825/UBNA_002/20220823_033000.WAV,Telephone Field,recover-20220825,002,1795
759.8965,759.9062,27187,36349,Eptesicus serotinus,0.01,0.024,-1,Echolocation,/mnt/ubna_data_01_mir/recover-20220825/UBNA_002/20220823_033000.WAV,Telephone Field,recover-20220825,002,1795
759.8995,759.9076,48671,54774,Pipistrellus pipistrellus,0.019,0.028,-1,Echolocation,/mnt/ubna_data_01_mir/recover-20220825/UBNA_002/20220823_033000.WAV,Telephone Field,recover-20220825,002,1795
759.9235,759.9365,15156,20410,Nyctalus noctula,0.017,0.028,-1,Echolocation,/mnt/ubna_data_01_mir/recover-20220825/UBNA_002/20220823_033000.WAV,Telephone Field,recover-20220825,002,1795
759.9335,759.9391,39218,52684,Myotis brandtii,0.139,0.423,-1,Echolocation,/mnt/ubna_data_01_mir/recover-20220825/UBNA_002/20220823_033000.WAV,Telephone Field,recover-20220825,002,1795
759.9825,759.9915,41796,47659,Pipistrellus nathusii,0.012,0.026,-1,Echolocation,/mnt/ubna_data_01_mir/recover-20220825/UBNA_002/20220823_033000.WAV,Telephone Field,recover-20220825,002,1795
759.9845,759.9934,26328,37481,Eptesicus serotinus,0.01,0.025,-1,Echolocation,/mnt/ubna_data_01_mir/recover-20220825/UBNA_002/20220823_033000.WAV,Telephone Field,recover-20220825,002,1795
760.0015,760.0316,68437,80256,Rhinolophus ferrumequinum,0.045,0.045,-1,Echolocation,/mnt/ubna_data_01_mir/recover-20220825/UBNA_002/20220823_033000.WAV,Telephone Field,recover-20220825,002,1795
760.0035,760.0087,39218,51654,Myotis daubentonii,0.172,0.322,-1,Echolocation,/mnt/ubna_data_01_mir/recover-20220825/UBNA_002/20220823_033000.WAV,Telephone Field,recover-20220825,002,1795
760.0505,760.0882,68437,82435,Rhinolophus ferrumequinum,0.024,0.024,-1,Echolocation,/mnt/ubna_data_01_mir/recover-20220825/UBNA_002/20220823_033000.WAV,Telephone Field,recover-20220825,002,1795
760.0645,760.103,68437,81772,Rhinolophus ferrumequinum,0.023,0.023,-1,Echolocation,/mnt/ubna_data_01_mir/recover-20220825/UBNA_002/20220823_033000.WAV,Telephone Field,recover-20220825,002,1795
760.0665,760.0725,40078,47760,Myotis daubentonii,0.153,0.291,-1,Echolocation,/mnt/ubna_data_01_mir/recover-20220825/UBNA_002/20220823_033000.WAV,Telephone Field,recover-20220825,002,1795
760.0675,760.0733,28906,64296,Myotis brandtii,0.021,0.055,-1,Echolocation,/mnt/ubna_data_01_mir/recover-20220825/UBNA_002/20220823_033000.WAV,Telephone Field,recover-20220825,002,1795
760.1265,760.1303,39218,52989,Myotis daubentonii,0.127,0.204,-1,Echolocation,/mnt/ubna_data_01_mir/recover-20220825/UBNA_002/20220823_033000.WAV,Telephone Field,recover-20220825,002,1795
760.1265,760.1319,29765,69452,Myotis daubentonii,0.034,0.08,-1,Echolocation,/mnt/ubna_data_01_mir/recover-20220825/UBNA_002/20220823_033000.WAV,Telephone Field,recover-20220825,002,1795
760.1625,760.1718,28046,38116,Eptesicus serotinus,0.008,0.023,-1,Echolocation,/mnt/ubna_data_01_mir/recover-20220825/UBNA_002/20220823_033000.WAV,Telephone Field,recover-20220825,002,1795
760.1825,760.1869,38359,52219,Myotis daubentonii,0.054,0.082,-1,Echolocation,/mnt/ubna_data_01_mir/recover-20220825/UBNA_002/20220823_033000.WAV,Telephone Field,recover-20220825,002,1795
760.2335,760.2393,38359,51118,Myotis daubentonii,0.011,0.029,-1,Echolocation,/mnt/ubna_data_01_mir/recover-20220825/UBNA_002/20220823_033000.WAV,Telephone Field,recover-20220825,002,1795
760.2335,760.2396,30625,56468,Myotis daubentonii,0.018,0.032,-1,Echolocation,/mnt/ubna_data_01_mir/recover-20220825/UBNA_002/20220823_033000.WAV,Telephone Field,recover-20220825,002,1795
760.2465,760.2888,68437,82853,Rhinolophus ferrumequinum,0.022,0.022,-1,Echolocation,/mnt/ubna_data_01_mir/recover-20220825/UBNA_002/20220823_033000.WAV,Telephone Field,recover-20220825,002,1795
760.3155,760.3525,68437,81984,Rhinolophus ferrumequinum,0.025,0.025,-1,Echolocation,/mnt/ubna_data_01_mir/recover-20220825/UBNA_002/20220823_033000.WAV,Telephone Field,recover-20220825,002,1795
760.3925,760.4025,24609,31660,Nyctalus leisleri,0.008,0.023,-1,Echolocation,/mnt/ubna_data_01_mir/recover-20220825/UBNA_002/20220823_033000.WAV,Telephone Field,recover-20220825,002,1795
760.4565,760.4949,68437,81795,Rhinolophus ferrumequinum,0.025,0.025,-1,Echolocation,/mnt/ubna_data_01_mir/recover-20220825/UBNA_002/20220823_033000.WAV,Telephone Field,recover-20220825,002,1795
760.4695,760.4793,24609,30784,Nyctalus leisleri,0.009,0.027,-1,Echolocation,/mnt/ubna_data_01_mir/recover-20220825/UBNA_002/20220823_033000.WAV,Telephone Field,recover-20220825,002,1795
760.4795,760.5158,68437,81701,Rhinolophus ferrumequinum,0.023,0.023,-1,Echolocation,/mnt/ubna_data_01_mir/recover-20220825/UBNA_002/20220823_033000.WAV,Telephone Field,recover-20220825,002,1795
760.4935,760.5323,68437,82491,Rhinolophus ferrumequinum,0.027,0.027,-1,Echolocation,/mnt/ubna_data_01_mir/recover-20220825/UBNA_002/20220823_033000.WAV,Telephone Field,recover-20220825,002,1795
760.6025,760.6143,44375,49259,Pipistrellus pipistrellus,0.018,0.044,-1,Echolocation,/mnt/ubna_data_01_mir/recover-20220825/UBNA_002/20220823_033000.WAV,Telephone Field,recover-20220825,002,1795
760.6095,760.617,27187,43077,Eptesicus serotinus,0.007,0.026,-1,Echolocation,/mnt/ubna_data_01_mir/recover-20220825/UBNA_002/20220823_033000.WAV,Telephone Field,recover-20220825,002,1795
760.6775,760.6965,18593,21942,Nyctalus noctula,0.014,0.025,-1,Echolocation,/mnt/ubna_data_01_mir/recover-20220825/UBNA_002/20220823_033000.WAV,Telephone Field,recover-20220825,002,1795
760.7105,760.7222,24609,31362,Nyctalus leisleri,0.013,0.033,-1,Echolocation,/mnt/ubna_data_01_mir/recover-20220825/UBNA_002/20220823_033000.WAV,Telephone Field,recover-20220825,002,1795
760.7675,760.8085,68437,82178,Rhinolophus ferrumequinum,0.025,0.025,-1,Echolocation,/mnt/ubna_data_01_mir/recover-20220825/UBNA_002/20220823_033000.WAV,Telephone Field,recover-20220825,002,1795
760.7825,760.7911,40937,48597,Pipistrellus nathusii,0.011,0.028,-1,Echolocation,/mnt/ubna_data_01_mir/recover-20220825/UBNA_002/20220823_033000.WAV,Telephone Field,recover-20220825,002,1795
760.8035,760.8459,68437,83244,Rhinolophus ferrumequinum,0.03,0.03,-1,Echolocation,/mnt/ubna_data_01_mir/recover-20220825/UBNA_002/20220823_033000.WAV,Telephone Field,recover-20220825,002,1795
760.8315,760.8691,68437,81461,Rhinolophus ferrumequinum,0.024,0.024,-1,Echolocation,/mnt/ubna_data_01_mir/recover-20220825/UBNA_002/20220823_033000.WAV,Telephone Field,recover-20220825,002,1795
760.8415,760.8816,68437,82582,Rhinolophus ferrumequinum,0.023,0.023,-1,Echolocation,/mnt/ubna_data_01_mir/recover-20220825/UBNA_002/20220823_033000.WAV,Telephone Field,recover-20220825,002,1795
760.8445,760.8537,28046,39269,Eptesicus serotinus,0.008,0.023,-1,Echolocation,/mnt/ubna_data_01_mir/recover-20220825/UBNA_002/20220823_033000.WAV,Telephone Field,recover-20220825,002,1795
760.8625,760.8705,27187,36851,Eptesicus serotinus,0.007,0.023,-1,Echolocation,/mnt/ubna_data_01_mir/recover-20220825/UBNA_002/20220823_033000.WAV,Telephone Field,recover-20220825,002,1795
760.8895,760.8975,28046,39714,Eptesicus serotinus,0.008,0.025,-1,Echolocation,/mnt/ubna_data_01_mir/recover-20220825/UBNA_002/20220823_033000.WAV,Telephone Field,recover-20220825,002,1795
760.9105,760.951,68437,82644,Rhinolophus ferrumequinum,0.023,0.023,-1,Echolocation,/mnt/ubna_data_01_mir/recover-20220825/UBNA_002/20220823_033000.WAV,Telephone Field,recover-20220825,002,1795
760.9255,760.9692,68437,82938,Rhinolophus ferrumequinum,0.029,0.029,-1,Echolocation,/mnt/ubna_data_01_mir/recover-20220825/UBNA_002/20220823_033000.WAV,Telephone Field,recover-20220825,002,1795
760.9325,760.9758,68437,83254,Rhinolophus ferrumequinum,0.028,0.028,-1,Echolocation,/mnt/ubna_data_01_mir/recover-20220825/UBNA_002/20220823_033000.WAV,Telephone Field,recover-20220825,002,1795
760.9335,760.9431,24609,32154,Nyctalus leisleri,0.008,0.025,-1,Echolocation,/mnt/ubna_data_01_mir/recover-20220825/UBNA_002/20220823_033000.WAV,Telephone Field,recover-20220825,002,1795
760.9385,760.9796,68437,82902,Rhinolophus ferrumequinum,0.028,0.028,-1,Echolocation,/mnt/ubna_data_01_mir/recover-20220825/UBNA_002/20220823_033000.WAV,Telephone Field,recover-20220825,002,1795
760.9445,760.9576,25468,30557,Nyctalus leisleri,0.016,0.035,-1,Echolocation,/mnt/ubna_data_01_mir/recover-20220825/UBNA_002/20220823_033000.WAV,Telephone Field,recover-20220825,002,1795
760.9635,761.005,68437,82601,Rhinolophus ferrumequinum,0.024,0.024,-1,Echolocation,/mnt/ubna_data_01_mir/recover-20220825/UBNA_002/20220823_033000.WAV,Telephone Field,recover-20220825,002,1795
760.9825,760.989,46093,50379,Pipistrellus pipistrellus,0.024,0.025,-1,Echolocation,/mnt/ubna_data_01_mir/recover-20220825/UBNA_002/20220823_033000.WAV,Telephone Field,recover-20220825,002,1795
761.0065,761.0192,28046,33780,Eptesicus serotinus,0.015,0.03,-1,Echolocation,/mnt/ubna_data_01_mir/recover-20220825/UBNA_002/20220823_033000.WAV,Telephone Field,recover-20220825,002,1795
761.0315,761.0746,68437,82682,Rhinolophus ferrumequinum,0.023,0.023,-1,Echolocation,/mnt/ubna_data_01_mir/recover-20220825/UBNA_002/20220823_033000.WAV,Telephone Field,recover-20220825,002,1795
761.0415,761.0819,68437,82871,Rhinolophus ferrumequinum,0.025,0.025,-1,Echolocation,/mnt/ubna_data_01_mir/recover-20220825/UBNA_002/20220823_033000.WAV,Telephone Field,recover-20220825,002,1795
761.0685,761.1091,68437,82608,Rhinolophus ferrumequinum,0.024,0.024,-1,Echolocation,/mnt/ubna_data_01_mir/recover-20220825/UBNA_002/20220823_033000.WAV,Telephone Field,recover-20220825,002,1795
761.1475,761.1833,68437,82201,Rhinolophus ferrumequinum,0.023,0.023,-1,Echolocation,/mnt/ubna_data_01_mir/recover-20220825/UBNA_002/20220823_033000.WAV,Telephone Field,recover-20220825,002,1795
761.1595,761.1733,23750,28940,Nyctalus leisleri,0.014,0.027,-1,Echolocation,/mnt/ubna_data_01_mir/recover-20220825/UBNA_002/20220823_033000.WAV,Telephone Field,recover-20220825,002,1795
761.1765,761.1912,22890,26267,Nyctalus leisleri,0.029,0.047,-1,Echolocation,/mnt/ubna_data_01_mir/recover-20220825/UBNA_002/20220823_033000.WAV,Telephone Field,recover-20220825,002,1795
761.2195,761.2286,27187,35915,Eptesicus serotinus,0.009,0.026,-1,Echolocation,/mnt/ubna_data_01_mir/recover-20220825/UBNA_002/20220823_033000.WAV,Telephone Field,recover-20220825,002,1795
761.2415,761.2851,68437,83048,Rhinolophus ferrumequinum,0.04,0.04,-1,Echolocation,/mnt/ubna_data_01_mir/recover-20220825/UBNA_002/20220823_033000.WAV,Telephone Field,recover-20220825,002,1795
761.2975,761.3045,23750,33416,Plecotus austriacus,0.011,0.027,-1,Echolocation,/mnt/ubna_data_01_mir/recover-20220825/UBNA_002/20220823_033000.WAV,Telephone Field,recover-20220825,002,1795
761.3085,761.3193,28906,34973,Eptesicus serotinus,0.009,0.023,-1,Echolocation,/mnt/ubna_data_01_mir/recover-20220825/UBNA_002/20220823_033000.WAV,Telephone Field,recover-20220825,002,1795
761.3195,761.3272,47812,53158,Pipistrellus pipistrellus,0.021,0.024,-1,Echolocation,/mnt/ubna_data_01_mir/recover-20220825/UBNA_002/20220823_033000.WAV,Telephone Field,recover-20220825,002,1795
761.3365,761.3797,68437,83708,Rhinolophus ferrumequinum,0.027,0.027,-1,Echolocation,/mnt/ubna_data_01_mir/recover-20220825/UBNA_002/20220823_033000.WAV,Telephone Field,recover-20220825,002,1795
761.3805,761.4216,68437,82638,Rhinolophus ferrumequinum,0.026,0.026,-1,Echolocation,/mnt/ubna_data_01_mir/recover-20220825/UBNA_002/20220823_033000.WAV,Telephone Field,recover-20220825,002,1795
761.4365,761.4756,68437,81949,Rhinolophus ferrumequinum,0.023,0.023,-1,Echolocation,/mnt/ubna_data_01_mir/recover-20220825/UBNA_002/20220823_033000.WAV,Telephone Field,recover-20220825,002,1795
761.4405,761.4471,24609,34929,Plecotus austriacus,0.007,0.024,-1,Echolocation,/mnt/ubna_data_01_mir/recover-20220825/UBNA_002/20220823_033000.WAV,Telephone Field,recover-20220825,002,1795
761.4535,761.4632,28046,36907,Eptesicus serotinus,0.009,0.023,-1,Echolocation,/mnt/ubna_data_01_mir/recover-20220825/UBNA_002/20220823_033000.WAV,Telephone Field,recover-20220825,002,1795
761.4685,761.5056,68437,82010,Rhinolophus ferrumequinum,0.023,0.023,-1,Echolocation,/mnt/ubna_data_01_mir/recover-20220825/UBNA_002/20220823_033000.WAV,Telephone Field,recover-20220825,002,1795
761.4815,761.4894,27187,38377,Eptesicus serotinus,0.009,0.027,-1,Echolocation,/mnt/ubna_data_01_mir/recover-20220825/UBNA_002/20220823_033000.WAV,Telephone Field,recover-20220825,002,1795
761.4815,761.5244,68437,82892,Rhinolophus ferrumequinum,0.05,0.05,-1,Echolocation,/mnt/ubna_data_01_mir/recover-20220825/UBNA_002/20220823_033000.WAV,Telephone Field,recover-20220825,002,1795
761.5345,761.543,28046,37136,Eptesicus serotinus,0.009,0.024,-1,Echolocation,/mnt/ubna_data_01_mir/recover-20220825/UBNA_002/20220823_033000.WAV,Telephone Field,recover-20220825,002,1795
761.5645,761.6029,68437,81672,Rhinolophus ferrumequinum,0.023,0.023,-1,Echolocation,/mnt/ubna_data_01_mir/recover-20220825/UBNA_002/20220823_033000.WAV,Telephone Field,recover-20220825,002,1795
761.5815,761.6221,68437,82723,Rhinolophus ferrumequinum,0.024,0.024,-1,Echolocation,/mnt/ubna_data_01_mir/recover-20220825/UBNA_002/20220823_033000.WAV,Telephone Field,recover-20220825,002,1795
761.6125,761.6214,23750,31451,Plecotus austriacus,0.011,0.036,-1,Echolocation,/mnt/ubna_data_01_mir/recover-20220825/UBNA_002/20220823_033000.WAV,Telephone Field,recover-20220825,002,1795
761.6295,761.6371,27187,36596,Eptesicus serotinus,0.007,0.024,-1,Echolocation,/mnt/ubna_data_01_mir/recover-20220825/UBNA_002/20220823_033000.WAV,Telephone Field,recover-20220825,002,1795
761.6695,761.6771,28046,37553,Eptesicus serotinus,0.008,0.027,-1,Echolocation,/mnt/ubna_data_01_mir/recover-20220825/UBNA_002/20220823_033000.WAV,Telephone Field,recover-20220825,002,1795
761.6755,761.6852,46093,51839,Pipistrellus pipistrellus,0.022,0.025,-1,Echolocation,/mnt/ubna_data_01_mir/recover-20220825/UBNA_002/20220823_033000.WAV,Telephone Field,recover-20220825,002,1795
761.7025,761.7122,26328,33158,Eptesicus serotinus,0.011,0.026,-1,Echolocation,/mnt/ubna_data_01_mir/recover-20220825/UBNA_002/20220823_033000.WAV,Telephone Field,recover-20220825,002,1795
761.7345,761.7733,68437,82324,Rhinolophus ferrumequinum,0.024,0.024,-1,Echolocation,/mnt/ubna_data_01_mir/recover-20220825/UBNA_002/20220823_033000.WAV,Telephone Field,recover-20220825,002,1795
761.7455,761.7563,22890,28261,Nyctalus leisleri,0.01,0.023,-1,Echolocation,/mnt/ubna_data_01_mir/recover-20220825/UBNA_002/20220823_033000.WAV,Telephone Field,recover-20220825,002,1795
761.7725,761.7817,28046,36927,Eptesicus serotinus,0.009,0.024,-1,Echolocation,/mnt/ubna_data_01_mir/recover-20220825/UBNA_002/20220823_033000.WAV,Telephone Field,recover-20220825,002,1795
761.7815,761.7904,27187,37605,Eptesicus serotinus,0.008,0.025,-1,Echolocation,/mnt/ubna_data_01_mir/recover-20220825/UBNA_002/20220823_033000.WAV,Telephone Field,recover-20220825,002,1795
761.8155,761.8219,27187,38686,Eptesicus serotinus,0.005,0.025,-1,Echolocation,/mnt/ubna_data_01_mir/recover-20220825/UBNA_002/20220823_033000.WAV,Telephone Field,recover-20220825,002,1795
761.8305,761.8382,27187,38956,Eptesicus serotinus,0.009,0.029,-1,Echolocation,/mnt/ubna_data_01_mir/recover-20220825/UBNA_002/20220823_033000.WAV,Telephone Field,recover-20220825,002,1795
761.8365,761.8457,41796,46493,Pipistrellus nathusii,0.049,0.108,-1,Echolocation,/mnt/ubna_data_01_mir/recover-20220825/UBNA_002/20220823_033000.WAV,Telephone Field,recover-20220825,002,1795
761.8455,761.8551,26328,34944,Eptesicus serotinus,0.01,0.026,-1,Echolocation,/mnt/ubna_data_01_mir/recover-20220825/UBNA_002/20220823_033000.WAV,Telephone Field,recover-20220825,002,1795
761.8595,761.8935,68437,81330,Rhinolophus ferrumequinum,0.023,0.023,-1,Echolocation,/mnt/ubna_data_01_mir/recover-20220825/UBNA_002/20220823_033000.WAV,Telephone Field,recover-20220825,002,1795
761.9015,761.9456,68437,83367,Rhinolophus ferrumequinum,0.035,0.035,-1,Echolocation,/mnt/ubna_data_01_mir/recover-20220825/UBNA_002/20220823_033000.WAV,Telephone Field,recover-20220825,002,1795
761.9255,761.969,68437,83556,Rhinolophus ferrumequinum,0.043,0.043,-1,Echolocation,/mnt/ubna_data_01_mir/recover-20220825/UBNA_002/20220823_033000.WAV,Telephone Field,recover-20220825,002,1795
761.9525,761.965,24609,30168,Nyctalus leisleri,0.013,0.027,-1,Echolocation,/mnt/ubna_data_01_mir/recover-20220825/UBNA_002/20220823_033000.WAV,Telephone Field,recover-20220825,002,1795
761.9645,761.9712,39218,48978,Myotis daubentonii,0.01,0.028,-1,Echolocation,/mnt/ubna_data_01_mir/recover-20220825/UBNA_002/20220823_033000.WAV,Telephone Field,recover-20220825,002,1795
761.9665,761.9735,30625,54992,Myotis daubentonii,0.016,0.027,-1,Echolocation,/mnt/ubna_data_01_mir/recover-20220825/UBNA_002/20220823_033000.WAV,Telephone Field,recover-20220825,002,1795
762.0015,762.0316,68437,79656,Rhinolophus ferrumequinum,0.035,0.036,-1,Echolocation,/mnt/ubna_data_01_mir/recover-20220825/UBNA_002/20220823_033000.WAV,Telephone Field,recover-20220825,002,1795
762.0015,762.0147,54687,60777,Pipistrellus pygmaeus,0.025,0.027,-1,Echolocation,/mnt/ubna_data_01_mir/recover-20220825/UBNA_002/20220823_033000.WAV,Telephone Field,recover-20220825,002,1795
762.0015,762.0119,47812,56236,Pipistrellus pipistrellus,0.014,0.024,-1,Echolocation,/mnt/ubna_data_01_mir/recover-20220825/UBNA_002/20220823_033000.WAV,Telephone Field,recover-20220825,002,1795
762.0015,762.0099,22031,27541,Nyctalus leisleri,0.011,0.029,-1,Echolocation,/mnt/ubna_data_01_mir/recover-20220825/UBNA_002/20220823_033000.WAV,Telephone Field,recover-20220825,002,1795
762.0455,762.0854,68437,82842,Rhinolophus ferrumequinum,0.023,0.023,-1,Echolocation,/mnt/ubna_data_01_mir/recover-20220825/UBNA_002/20220823_033000.WAV,Telephone Field,recover-20220825,002,1795
762.0625,762.1012,68437,81916,Rhinolophus ferrumequinum,0.024,0.024,-1,Echolocation,/mnt/ubna_data_01_mir/recover-20220825/UBNA_002/20220823_033000.WAV,Telephone Field,recover-20220825,002,1795
762.0685,762.0772,38359,43941,Pipistrellus nathusii,0.096,0.173,-1,Echolocation,/mnt/ubna_data_01_mir/recover-20220825/UBNA_002/20220823_033000.WAV,Telephone Field,recover-20220825,002,1795
762.0695,762.0772,26328,37028,Eptesicus serotinus,0.007,0.024,-1,Echolocation,/mnt/ubna_data_01_mir/recover-20220825/UBNA_002/20220823_033000.WAV,Telephone Field,recover-20220825,002,1795
762.0695,762.1075,68437,82012,Rhinolophus ferrumequinum,0.023,0.023,-1,Echolocation,/mnt/ubna_data_01_mir/recover-20220825/UBNA_002/20220823_033000.WAV,Telephone Field,recover-20220825,002,1795
762.0915,762.1278,68437,80748,Rhinolophus ferrumequinum,0.024,0.024,-1,Echolocation,/mnt/ubna_data_01_mir/recover-20220825/UBNA_002/20220823_033000.WAV,Telephone Field,recover-20220825,002,1795
762.0945,762.1011,35781,45729,Barbastellus barbastellus,0.016,0.033,-1,Echolocation,/mnt/ubna_data_01_mir/recover-20220825/UBNA_002/20220823_033000.WAV,Telephone Field,recover-20220825,002,1795
762.0945,762.1019,26328,38458,Eptesicus serotinus,0.007,0.023,-1,Echolocation,/mnt/ubna_data_01_mir/recover-20220825/UBNA_002/20220823_033000.WAV,Telephone Field,recover-20220825,002,1795
762.1105,762.1463,68437,81300,Rhinolophus ferrumequinum,0.023,0.023,-1,Echolocation,/mnt/ubna_data_01_mir/recover-20220825/UBNA_002/20220823_033000.WAV,Telephone Field,recover-20220825,002,1795
762.1285,762.144,20312,24213,Nyctalus leisleri,0.015,0.031,-1,Echolocation,/mnt/ubna_data_01_mir/recover-20220825/UBNA_002/20220823_033000.WAV,Telephone Field,recover-20220825,002,1795
762.1375,762.1465,54687,59206,Pipistrellus pygmaeus,0.027,0.028,-1,Echolocation,/mnt/ubna_data_01_mir/recover-20220825/UBNA_002/20220823_033000.WAV,Telephone Field,recover-20220825,002,1795
762.1455,762.153,46093,53043,Pipistrellus pipistrellus,0.019,0.024,-1,Echolocation,/mnt/ubna_data_01_mir/recover-20220825/UBNA_002/20220823_033000.WAV,Telephone Field,recover-20220825,002,1795
762.1555,762.1639,27187,35802,Eptesicus serotinus,0.009,0.026,-1,Echolocation,/mnt/ubna_data_01_mir/recover-20220825/UBNA_002/20220823_033000.WAV,Telephone Field,recover-20220825,002,1795
762.1735,762.1798,40937,49477,Pipistrellus nathusii,0.414,0.48,-1,Echolocation,/mnt/ubna_data_01_mir/recover-20220825/UBNA_002/20220823_033000.WAV,Telephone Field,recover-20220825,002,1795
762.1765,762.1831999999999,25468,35535,Eptesicus serotinus,0.006,0.022,-1,Echolocation,/mnt/ubna_data_01_mir/recover-20220825/UBNA_002/20220823_033000.WAV,Telephone Field,recover-20220825,002,1795
762.1915,762.2279,68437,82278,Rhinolophus ferrumequinum,0.023,0.023,-1,Echolocation,/mnt/ubna_data_01_mir/recover-20220825/UBNA_002/20220823_033000.WAV,Telephone Field,recover-20220825,002,1795
762.2055,762.2144,27187,36520,Eptesicus serotinus,0.011,0.026,-1,Echolocation,/mnt/ubna_data_01_mir/recover-20220825/UBNA_002/20220823_033000.WAV,Telephone Field,recover-20220825,002,1795
762.2305,762.2384,55546,60822,Pipistrellus pygmaeus,0.024,0.025,-1,Echolocation,/mnt/ubna_data_01_mir/recover-20220825/UBNA_002/20220823_033000.WAV,Telephone Field,recover-20220825,002,1795
762.2605,762.2954,68437,81051,Rhinolophus ferrumequinum,0.028,0.028,-1,Echolocation,/mnt/ubna_data_01_mir/recover-20220825/UBNA_002/20220823_033000.WAV,Telephone Field,recover-20220825,002,1795
762.2655,762.2858,19453,22393,Nyctalus leisleri,0.012,0.024,-1,Echolocation,/mnt/ubna_data_01_mir/recover-20220825/UBNA_002/20220823_033000.WAV,Telephone Field,recover-20220825,002,1795
762.2715,762.2776,39218,51662,Pipistrellus nathusii,0.203,0.31,-1,Echolocation,/mnt/ubna_data_01_mir/recover-20220825/UBNA_002/20220823_033000.WAV,Telephone Field,recover-20220825,002,1795
762.3085,762.3152,30625,39796,Barbastellus barbastellus,0.01,0.029,-1,Echolocation,/mnt/ubna_data_01_mir/recover-20220825/UBNA_002/20220823_033000.WAV,Telephone Field,recover-20220825,002,1795
762.3365,762.3457,27187,38354,Eptesicus serotinus,0.01,0.023,-1,Echolocation,/mnt/ubna_data_01_mir/recover-20220825/UBNA_002/20220823_033000.WAV,Telephone Field,recover-20220825,002,1795
762.3795,762.3908,22890,29363,Nyctalus leisleri,0.012,0.037,-1,Echolocation,/mnt/ubna_data_01_mir/recover-20220825/UBNA_002/20220823_033000.WAV,Telephone Field,recover-20220825,002,1795
762.3915,762.4062,22031,25525,Nyctalus leisleri,0.015,0.024,-1,Echolocation,/mnt/ubna_data_01_mir/recover-20220825/UBNA_002/20220823_033000.WAV,Telephone Field,recover-20220825,002,1795
762.4165,762.4297,54687,60616,Pipistrellus pygmaeus,0.027,0.027,-1,Echolocation,/mnt/ubna_data_01_mir/recover-20220825/UBNA_002/20220823_033000.WAV,Telephone Field,recover-20220825,002,1795
762.4175,762.4236,30625,48564,Myotis daubentonii,0.01,0.023,-1,Echolocation,/mnt/ubna_data_01_mir/recover-20220825/UBNA_002/20220823_033000.WAV,Telephone Field,recover-20220825,002,1795
762.4525,762.4621,41796,49352,Pipistrellus nathusii,0.015,0.027,-1,Echolocation,/mnt/ubna_data_01_mir/recover-20220825/UBNA_002/20220823_033000.WAV,Telephone Field,recover-20220825,002,1795
762.4535,762.4601,27187,36652,Eptesicus serotinus,0.008,0.026,-1,Echolocation,/mnt/ubna_data_01_mir/recover-20220825/UBNA_002/20220823_033000.WAV,Telephone Field,recover-20220825,002,1795
762.4745,762.5147,68437,82540,Rhinolophus ferrumequinum,0.035,0.035,-1,Echolocation,/mnt/ubna_data_01_mir/recover-20220825/UBNA_002/20220823_033000.WAV,Telephone Field,recover-20220825,002,1795
762.4805,762.4869,55546,61779,Pipistrellus pygmaeus,0.025,0.025,-1,Echolocation,/mnt/ubna_data_01_mir/recover-20220825/UBNA_002/20220823_033000.WAV,Telephone Field,recover-20220825,002,1795
762.4815,762.4878,40937,51554,Pipistrellus nathusii,0.073,0.135,-1,Echolocation,/mnt/ubna_data_01_mir/recover-20220825/UBNA_002/20220823_033000.WAV,Telephone Field,recover-20220825,002,1795
762.4815,762.4877,34062,50680,Barbastellus barbastellus,0.031,0.109,-1,Echolocation,/mnt/ubna_data_01_mir/recover-20220825/UBNA_002/20220823_033000.WAV,Telephone Field,recover-20220825,002,1795
762.5035,762.5339,68437,80567,Rhinolophus ferrumequinum,0.025,0.025,-1,Echolocation,/mnt/ubna_data_01_mir/recover-20220825/UBNA_002/20220823_033000.WAV,Telephone Field,recover-20220825,002,1795
762.5125,762.5464,68437,81464,Rhinolophus ferrumequinum,0.023,0.023,-1,Echolocation,/mnt/ubna_data_01_mir/recover-20220825/UBNA_002/20220823_033000.WAV,Telephone Field,recover-20220825,002,1795
762.5295,762.57,68437,82980,Rhinolophus ferrumequinum,0.026,0.026,-1,Echolocation,/mnt/ubna_data_01_mir/recover-20220825/UBNA_002/20220823_033000.WAV,Telephone Field,recover-20220825,002,1795
762.5305,762.5385,27187,37113,Eptesicus serotinus,0.008,0.025,-1,Echolocation,/mnt/ubna_data_01_mir/recover-20220825/UBNA_002/20220823_033000.WAV,Telephone Field,recover-20220825,002,1795
762.5625,762.5697,50390,58489,Pipistrellus pipistrellus,0.027,0.035,-1,Echolocation,/mnt/ubna_data_01_mir/recover-20220825/UBNA_002/20220823_033000.WAV,Telephone Field,recover-20220825,002,1795
762.5645,762.5738,25468,34281,Eptesicus serotinus,0.01,0.024,-1,Echolocation,/mnt/ubna_data_01_mir/recover-20220825/UBNA_002/20220823_033000.WAV,Telephone Field,recover-20220825,002,1795
762.5745,762.5822000000001,53828,62458,Pipistrellus pygmaeus,0.029,0.03,-1,Echolocation,/mnt/ubna_data_01_mir/recover-20220825/UBNA_002/20220823_033000.WAV,Telephone Field,recover-20220825,002,1795
762.5915,762.6287,68437,82150,Rhinolophus ferrumequinum,0.022,0.023,-1,Echolocation,/mnt/ubna_data_01_mir/recover-20220825/UBNA_002/20220823_033000.WAV,Telephone Field,recover-20220825,002,1795
762.6065,762.6128,40937,48057,Pipistrellus nathusii,0.538,0.571,-1,Echolocation,/mnt/ubna_data_01_mir/recover-20220825/UBNA_002/20220823_033000.WAV,Telephone Field,recover-20220825,002,1795
762.6485,762.6876,68437,82356,Rhinolophus ferrumequinum,0.024,0.024,-1,Echolocation,/mnt/ubna_data_01_mir/recover-20220825/UBNA_002/20220823_033000.WAV,Telephone Field,recover-20220825,002,1795
762.7225,762.7298,40078,48129,Pipistrellus nathusii,0.547,0.66,-1,Echolocation,/mnt/ubna_data_01_mir/recover-20220825/UBNA_002/20220823_033000.WAV,Telephone Field,recover-20220825,002,1795
762.8015,762.8433,68437,83034,Rhinolophus ferrumequinum,0.028,0.028,-1,Echolocation,/mnt/ubna_data_01_mir/recover-20220825/UBNA_002/20220823_033000.WAV,Telephone Field,recover-20220825,002,1795
762.8195,762.8302,22890,28315,Nyctalus leisleri,0.011,0.023,-1,Echolocation,/mnt/ubna_data_01_mir/recover-20220825/UBNA_002/20220823_033000.WAV,Telephone Field,recover-20220825,002,1795
762.8265,762.8339,38359,47225,Pipistrellus nathusii,0.297,0.403,-1,Echolocation,/mnt/ubna_data_01_mir/recover-20220825/UBNA_002/20220823_033000.WAV,Telephone Field,recover-20220825,002,1795
762.8665,762.8757,27187,35530,Eptesicus serotinus,0.01,0.024,-1,Echolocation,/mnt/ubna_data_01_mir/recover-20220825/UBNA_002/20220823_033000.WAV,Telephone Field,recover-20220825,002,1795
762.9065,762.9463,68437,82708,Rhinolophus ferrumequinum,0.029,0.029,-1,Echolocation,/mnt/ubna_data_01_mir/recover-20220825/UBNA_002/20220823_033000.WAV,Telephone Field,recover-20220825,002,1795
762.9285,762.9348,40078,49912,Pipistrellus nathusii,0.412,0.465,-1,Echolocation,/mnt/ubna_data_01_mir/recover-20220825/UBNA_002/20220823_033000.WAV,Telephone Field,recover-20220825,002,1795
762.9645,763.0024,68437,82261,Rhinolophus ferrumequinum,0.024,0.025,-1,Echolocation,/mnt/ubna_data_01_mir/recover-20220825/UBNA_002/20220823_033000.WAV,Telephone Field,recover-20220825,002,1795
762.9715,763.0136,68437,82939,Rhinolophus ferrumequinum,0.024,0.024,-1,Echolocation,/mnt/ubna_data_01_mir/recover-20220825/UBNA_002/20220823_033000.WAV,Telephone Field,recover-20220825,002,1795
762.9955,763.0083,22890,27479,Nyctalus leisleri,0.022,0.046,-1,Echolocation,/mnt/ubna_data_01_mir/recover-20220825/UBNA_002/20220823_033000.WAV,Telephone Field,recover-20220825,002,1795
762.9995,763.0396,68437,82934,Rhinolophus ferrumequinum,0.026,0.026,-1,Echolocation,/mnt/ubna_data_01_mir/recover-20220825/UBNA_002/20220823_033000.WAV,Telephone Field,recover-20220825,002,1795
763.0295,763.0366,39218,50393,Pipistrellus nathusii,0.385,0.54,-1,Echolocation,/mnt/ubna_data_01_mir/recover-20220825/UBNA_002/20220823_033000.WAV,Telephone Field,recover-20220825,002,1795
763.0365,763.0438,47812,53347,Pipistrellus pipistrellus,0.016,0.026,-1,Echolocation,/mnt/ubna_data_01_mir/recover-20220825/UBNA_002/20220823_033000.WAV,Telephone Field,recover-20220825,002,1795
763.0365,763.0497,16015,20654,Nyctalus noctula,0.013,0.023,-1,Echolocation,/mnt/ubna_data_01_mir/recover-20220825/UBNA_002/20220823_033000.WAV,Telephone Field,recover-20220825,002,1795
763.0745,763.1092,68437,81676,Rhinolophus ferrumequinum,0.026,0.026,-1,Echolocation,/mnt/ubna_data_01_mir/recover-20220825/UBNA_002/20220823_033000.WAV,Telephone Field,recover-20220825,002,1795
763.0785,763.0862,27187,38663,Eptesicus serotinus,0.009,0.026,-1,Echolocation,/mnt/ubna_data_01_mir/recover-20220825/UBNA_002/20220823_033000.WAV,Telephone Field,recover-20220825,002,1795
763.1045,763.1419,68437,82068,Rhinolophus ferrumequinum,0.024,0.024,-1,Echolocation,/mnt/ubna_data_01_mir/recover-20220825/UBNA_002/20220823_033000.WAV,Telephone Field,recover-20220825,002,1795
763.1285,763.1709,68437,83175,Rhinolophus ferrumequinum,0.03,0.03,-1,Echolocation,/mnt/ubna_data_01_mir/recover-20220825/UBNA_002/20220823_033000.WAV,Telephone Field,recover-20220825,002,1795
763.1415,763.178,68437,81872,Rhinolophus ferrumequinum,0.023,0.024,-1,Echolocation,/mnt/ubna_data_01_mir/recover-20220825/UBNA_002/20220823_033000.WAV,Telephone Field,recover-20220825,002,1795
763.1485,763.1559,39218,48230,Pipistrellus nathusii,0.263,0.433,-1,Echolocation,/mnt/ubna_data_01_mir/recover-20220825/UBNA_002/20220823_033000.WAV,Telephone Field,recover-20220825,002,1795
763.1935,763.2037,28046,35037,Eptesicus serotinus,0.012,0.028,-1,Echolocation,/mnt/ubna_data_01_mir/recover-20220825/UBNA_002/20220823_033000.WAV,Telephone Field,recover-20220825,002,1795
763.2065,763.2473,68437,82622,Rhinolophus ferrumequinum,0.027,0.028,-1,Echolocation,/mnt/ubna_data_01_mir/recover-20220825/UBNA_002/20220823_033000.WAV,Telephone Field,recover-20220825,002,1795
763.2615,763.2685,38359,46302,Pipistrellus nathusii,0.27,0.378,-1,Echolocation,/mnt/ubna_data_01_mir/recover-20220825/UBNA_002/20220823_033000.WAV,Telephone Field,recover-20220825,002,1795
763.2615,763.3003,68437,82463,Rhinolophus ferrumequinum,0.024,0.024,-1,Echolocation,/mnt/ubna_data_01_mir/recover-20220825/UBNA_002/20220823_033000.WAV,Telephone Field,recover-20220825,002,1795
763.2755,763.3176,68437,83384,Rhinolophus ferrumequinum,0.028,0.028,-1,Echolocation,/mnt/ubna_data_01_mir/recover-20220825/UBNA_002/20220823_033000.WAV,Telephone Field,recover-20220825,002,1795
763.3055,763.3112,32343,43232,Myotis daubentonii,0.01,0.024,-1,Echolocation,/mnt/ubna_data_01_mir/recover-20220825/UBNA_002/20220823_033000.WAV,Telephone Field,recover-20220825,002,1795
763.3095,763.3195,22890,27527,Nyctalus leisleri,0.012,0.024,-1,Echolocation,/mnt/ubna_data_01_mir/recover-20220825/UBNA_002/20220823_033000.WAV,Telephone Field,recover-20220825,002,1795
763.3145,763.32,35781,54836,Myotis brandtii,0.012,0.024,-1,Echolocation,/mnt/ubna_data_01_mir/recover-20220825/UBNA_002/20220823_033000.WAV,Telephone Field,recover-20220825,002,1795
763.3425,763.3828,68437,82458,Rhinolophus ferrumequinum,0.023,0.023,-1,Echolocation,/mnt/ubna_data_01_mir/recover-20220825/UBNA_002/20220823_033000.WAV,Telephone Field,recover-20220825,002,1795
763.3555,763.3624,26328,34617,Eptesicus serotinus,0.007,0.023,-1,Echolocation,/mnt/ubna_data_01_mir/recover-20220825/UBNA_002/20220823_033000.WAV,Telephone Field,recover-20220825,002,1795
763.3805,763.3884,27187,41850,Eptesicus serotinus,0.01,0.028,-1,Echolocation,/mnt/ubna_data_01_mir/recover-20220825/UBNA_002/20220823_033000.WAV,Telephone Field,recover-20220825,002,1795
763.4665,763.476,28046,35486,Eptesicus serotinus,0.009,0.024,-1,Echolocation,/mnt/ubna_data_01_mir/recover-20220825/UBNA_002/20220823_033000.WAV,Telephone Field,recover-20220825,002,1795
763.4745,763.485,40078,43957,Pipistrellus nathusii,0.025,0.039,-1,Echolocation,/mnt/ubna_data_01_mir/recover-20220825/UBNA_002/20220823_033000.WAV,Telephone Field,recover-20220825,002,1795
763.5115,763.5321,21171,24496,Nyctalus leisleri,0.036,0.072,-1,Echolocation,/mnt/ubna_data_01_mir/recover-20220825/UBNA_002/20220823_033000.WAV,Telephone Field,recover-20220825,002,1795
763.5615,763.5709,28046,36771,Eptesicus serotinus,0.01,0.024,-1,Echolocation,/mnt/ubna_data_01_mir/recover-20220825/UBNA_002/20220823_033000.WAV,Telephone Field,recover-20220825,002,1795
763.5795,763.6138,68437,80904,Rhinolophus ferrumequinum,0.027,0.027,-1,Echolocation,/mnt/ubna_data_01_mir/recover-20220825/UBNA_002/20220823_033000.WAV,Telephone Field,recover-20220825,002,1795
763.5835,763.5888,38359,47225,Pipistrellus nathusii,0.201,0.339,-1,Echolocation,/mnt/ubna_data_01_mir/recover-20220825/UBNA_002/20220823_033000.WAV,Telephone Field,recover-20220825,002,1795
763.5925,763.6017,26328,32451,Eptesicus serotinus,0.008,0.024,-1,Echolocation,/mnt/ubna_data_01_mir/recover-20220825/UBNA_002/20220823_033000.WAV,Telephone Field,recover-20220825,002,1795
763.6625,763.6728,24609,31283,Eptesicus serotinus,0.01,0.028,-1,Echolocation,/mnt/ubna_data_01_mir/recover-20220825/UBNA_002/20220823_033000.WAV,Telephone Field,recover-20220825,002,1795
763.6835,763.7242,68437,82685,Rhinolophus ferrumequinum,0.023,0.023,-1,Echolocation,/mnt/ubna_data_01_mir/recover-20220825/UBNA_002/20220823_033000.WAV,Telephone Field,recover-20220825,002,1795
763.6925,763.7007,40078,46927,Pipistrellus nathusii,0.063,0.091,-1,Echolocation,/mnt/ubna_data_01_mir/recover-20220825/UBNA_002/20220823_033000.WAV,Telephone Field,recover-20220825,002,1795
763.6945,763.7055,54687,60739,Pipistrellus pygmaeus,0.072,0.073,-1,Echolocation,/mnt/ubna_data_01_mir/recover-20220825/UBNA_002/20220823_033000.WAV,Telephone Field,recover-20220825,002,1795
763.6985,763.7069,27187,35472,Eptesicus serotinus,0.011,0.028,-1,Echolocation,/mnt/ubna_data_01_mir/recover-20220825/UBNA_002/20220823_033000.WAV,Telephone Field,recover-20220825,002,1795
763.7255,763.7329,54687,58732,Pipistrellus pygmaeus,0.028,0.029,-1,Echolocation,/mnt/ubna_data_01_mir/recover-20220825/UBNA_002/20220823_033000.WAV,Telephone Field,recover-20220825,002,1795
763.7275,763.7386,28046,35351,Eptesicus serotinus,0.012,0.025,-1,Echolocation,/mnt/ubna_data_01_mir/recover-20220825/UBNA_002/20220823_033000.WAV,Telephone Field,recover-20220825,002,1795
763.7675,763.7731,41796,55592,Myotis brandtii,0.011,0.034,-1,Echolocation,/mnt/ubna_data_01_mir/recover-20220825/UBNA_002/20220823_033000.WAV,Telephone Field,recover-20220825,002,1795
763.7745,763.7844,28046,34336,Eptesicus serotinus,0.016,0.032,-1,Echolocation,/mnt/ubna_data_01_mir/recover-20220825/UBNA_002/20220823_033000.WAV,Telephone Field,recover-20220825,002,1795
763.7885,763.7956,40078,47336,Pipistrellus nathusii,0.516,0.556,-1,Echolocation,/mnt/ubna_data_01_mir/recover-20220825/UBNA_002/20220823_033000.WAV,Telephone Field,recover-20220825,002,1795
763.7895,763.8244,68437,81402,Rhinolophus ferrumequinum,0.026,0.026,-1,Echolocation,/mnt/ubna_data_01_mir/recover-20220825/UBNA_002/20220823_033000.WAV,Telephone Field,recover-20220825,002,1795
763.8215,763.8294,27187,40506,Eptesicus serotinus,0.009,0.026,-1,Echolocation,/mnt/ubna_data_01_mir/recover-20220825/UBNA_002/20220823_033000.WAV,Telephone Field,recover-20220825,002,1795
763.8225,763.8316,47812,54292,Pipistrellus pipistrellus,0.025,0.03,-1,Echolocation,/mnt/ubna_data_01_mir/recover-20220825/UBNA_002/20220823_033000.WAV,Telephone Field,recover-20220825,002,1795
763.8405,763.8774,68437,81160,Rhinolophus ferrumequinum,0.022,0.023,-1,Echolocation,/mnt/ubna_data_01_mir/recover-20220825/UBNA_002/20220823_033000.WAV,Telephone Field,recover-20220825,002,1795
763.8605,763.8965,68437,82073,Rhinolophus ferrumequinum,0.024,0.024,-1,Echolocation,/mnt/ubna_data_01_mir/recover-20220825/UBNA_002/20220823_033000.WAV,Telephone Field,recover-20220825,002,1795
763.8935,763.8999,40078,49709,Pipistrellus nathusii,0.436,0.51,-1,Echolocation,/mnt/ubna_data_01_mir/recover-20220825/UBNA_002/20220823_033000.WAV,Telephone Field,recover-20220825,002,1795
763.8965,763.9048,25468,34049,Eptesicus serotinus,0.01,0.027,-1,Echolocation,/mnt/ubna_data_01_mir/recover-20220825/UBNA_002/20220823_033000.WAV,Telephone Field,recover-20220825,002,1795
763.9015,763.9103,58125,66255,Pipistrellus pygmaeus,0.048,0.048,-1,Echolocation,/mnt/ubna_data_01_mir/recover-20220825/UBNA_002/20220823_033000.WAV,Telephone Field,recover-20220825,002,1795
763.9275,763.946,20312,23181,Nyctalus leisleri,0.015,0.028,-1,Echolocation,/mnt/ubna_data_01_mir/recover-20220825/UBNA_002/20220823_033000.WAV,Telephone Field,recover-20220825,002,1795
763.9295,763.9668,68437,81846,Rhinolophus ferrumequinum,0.022,0.023,-1,Echolocation,/mnt/ubna_data_01_mir/recover-20220825/UBNA_002/20220823_033000.WAV,Telephone Field,recover-20220825,002,1795
763.9385,763.9481,28046,35787,Eptesicus serotinus,0.01,0.023,-1,Echolocation,/mnt/ubna_data_01_mir/recover-20220825/UBNA_002/20220823_033000.WAV,Telephone Field,recover-20220825,002,1795
763.9515,763.962,41796,45818,Pipistrellus nathusii,0.058,0.07,-1,Echolocation,/mnt/ubna_data_01_mir/recover-20220825/UBNA_002/20220823_033000.WAV,Telephone Field,recover-20220825,002,1795
763.9545,763.9613,31484,42877,Barbastellus barbastellus,0.007,0.022,-1,Echolocation,/mnt/ubna_data_01_mir/recover-20220825/UBNA_002/20220823_033000.WAV,Telephone Field,recover-20220825,002,1795
764.0015,764.0092,22031,35471,Plecotus austriacus,0.005,0.023,-1,Echolocation,/mnt/ubna_data_01_mir/recover-20220825/UBNA_002/20220823_033000.WAV,Telephone Field,recover-20220825,002,1795
764.0015,764.014,17734,24565,Nyctalus noctula,0.009,0.022,-1,Echolocation,/mnt/ubna_data_01_mir/recover-20220825/UBNA_002/20220823_033000.WAV,Telephone Field,recover-20220825,002,1795
764.0055,764.0123,38359,46711,Pipistrellus nathusii,0.449,0.481,-1,Echolocation,/mnt/ubna_data_01_mir/recover-20220825/UBNA_002/20220823_033000.WAV,Telephone Field,recover-20220825,002,1795
764.0255,764.0619,68437,81445,Rhinolophus ferrumequinum,0.022,0.022,-1,Echolocation,/mnt/ubna_data_01_mir/recover-20220825/UBNA_002/20220823_033000.WAV,Telephone Field,recover-20220825,002,1795
764.0665,764.1011,68437,80802,Rhinolophus ferrumequinum,0.022,0.022,-1,Echolocation,/mnt/ubna_data_01_mir/recover-20220825/UBNA_002/20220823_033000.WAV,Telephone Field,recover-20220825,002,1795
764.0675,764.0755,58125,65189,Pipistrellus pygmaeus,0.082,0.083,-1,Echolocation,/mnt/ubna_data_01_mir/recover-20220825/UBNA_002/20220823_033000.WAV,Telephone Field,recover-20220825,002,1795
764.1005,764.1087,39218,47237,Pipistrellus nathusii,0.514,0.584,-1,Echolocation,/mnt/ubna_data_01_mir/recover-20220825/UBNA_002/20220823_033000.WAV,Telephone Field,recover-20220825,002,1795
764.1265,764.1349,48671,59085,Pipistrellus pipistrellus,0.017,0.025,-1,Echolocation,/mnt/ubna_data_01_mir/recover-20220825/UBNA_002/20220823_033000.WAV,Telephone Field,recover-20220825,002,1795
764.1345,764.1455,23750,29463,Nyctalus leisleri,0.01,0.024,-1,Echolocation,/mnt/ubna_data_01_mir/recover-20220825/UBNA_002/20220823_033000.WAV,Telephone Field,recover-20220825,002,1795
764.1425,764.1538,25468,31095,Eptesicus serotinus,0.009,0.025,-1,Echolocation,/mnt/ubna_data_01_mir/recover-20220825/UBNA_002/20220823_033000.WAV,Telephone Field,recover-20220825,002,1795
764.1445,764.1807,68437,81685,Rhinolophus ferrumequinum,0.022,0.022,-1,Echolocation,/mnt/ubna_data_01_mir/recover-20220825/UBNA_002/20220823_033000.WAV,Telephone Field,recover-20220825,002,1795
764.1535,764.1623,40937,48703,Pipistrellus nathusii,0.019,0.032,-1,Echolocation,/mnt/ubna_data_01_mir/recover-20220825/UBNA_002/20220823_033000.WAV,Telephone Field,recover-20220825,002,1795
764.1705,764.2058,68437,81822,Rhinolophus ferrumequinum,0.021,0.021,-1,Echolocation,/mnt/ubna_data_01_mir/recover-20220825/UBNA_002/20220823_033000.WAV,Telephone Field,recover-20220825,002,1795
764.1955,764.2259,68437,81075,Rhinolophus ferrumequinum,0.021,0.021,-1,Echolocation,/mnt/ubna_data_01_mir/recover-20220825/UBNA_002/20220823_033000.WAV,Telephone Field,recover-20220825,002,1795
764.2025,764.2086,38359,54959,Pipistrellus nathusii,0.421,0.547,-1,Echolocation,/mnt/ubna_data_01_mir/recover-20220825/UBNA_002/20220823_033000.WAV,Telephone Field,recover-20220825,002,1795
764.2105,764.219,53828,63200,Pipistrellus pygmaeus,0.023,0.024,-1,Echolocation,/mnt/ubna_data_01_mir/recover-20220825/UBNA_002/20220823_033000.WAV,Telephone Field,recover-20220825,002,1795
764.2205,764.2589,68437,82409,Rhinolophus ferrumequinum,0.023,0.023,-1,Echolocation,/mnt/ubna_data_01_mir/recover-20220825/UBNA_002/20220823_033000.WAV,Telephone Field,recover-20220825,002,1795
764.2555,764.2668,33203,37028,Pipistrellus nathusii,0.02,0.032,-1,Echolocation,/mnt/ubna_data_01_mir/recover-20220825/UBNA_002/20220823_033000.WAV,Telephone Field,recover-20220825,002,1795
764.2675,764.302,68437,81283,Rhinolophus ferrumequinum,0.021,0.021,-1,Echolocation,/mnt/ubna_data_01_mir/recover-20220825/UBNA_002/20220823_033000.WAV,Telephone Field,recover-20220825,002,1795
764.2705,764.2805,41796,47695,Pipistrellus nathusii,0.016,0.03,-1,Echolocation,/mnt/ubna_data_01_mir/recover-20220825/UBNA_002/20220823_033000.WAV,Telephone Field,recover-20220825,002,1795
764.2785,764.2871,28906,38876,Eptesicus serotinus,0.007,0.021,-1,Echolocation,/mnt/ubna_data_01_mir/recover-20220825/UBNA_002/20220823_033000.WAV,Telephone Field,recover-20220825,002,1795
764.2915,764.332,68437,82370,Rhinolophus ferrumequinum,0.023,0.023,-1,Echolocation,/mnt/ubna_data_01_mir/recover-20220825/UBNA_002/20220823_033000.WAV,Telephone Field,recover-20220825,002,1795
764.2935,764.3033,43515,49645,Pipistrellus pipistrellus,0.013,0.025,-1,Echolocation,/mnt/ubna_data_01_mir/recover-20220825/UBNA_002/20220823_033000.WAV,Telephone Field,recover-20220825,002,1795
764.2985,764.3069,48671,54076,Pipistrellus pipistrellus,0.02,0.031,-1,Echolocation,/mnt/ubna_data_01_mir/recover-20220825/UBNA_002/20220823_033000.WAV,Telephone Field,recover-20220825,002,1795
764.3015,764.3107,25468,33128,Eptesicus serotinus,0.009,0.024,-1,Echolocation,/mnt/ubna_data_01_mir/recover-20220825/UBNA_002/20220823_033000.WAV,Telephone Field,recover-20220825,002,1795
764.3065,764.3132,54687,61787,Pipistrellus pygmaeus,0.021,0.021,-1,Echolocation,/mnt/ubna_data_01_mir/recover-20220825/UBNA_002/20220823_033000.WAV,Telephone Field,recover-20220825,002,1795
764.3155,764.3233,27187,37458,Eptesicus serotinus,0.008,0.022,-1,Echolocation,/mnt/ubna_data_01_mir/recover-20220825/UBNA_002/20220823_033000.WAV,Telephone Field,recover-20220825,002,1795
764.3295,764.3375,40078,51085,Pipistrellus nathusii,0.341,0.473,-1,Echolocation,/mnt/ubna_data_01_mir/recover-20220825/UBNA_002/20220823_033000.WAV,Telephone Field,recover-20220825,002,1795
764.3385,764.3442,30625,40844,Myotis daubentonii,0.012,0.025,-1,Echolocation,/mnt/ubna_data_01_mir/recover-20220825/UBNA_002/20220823_033000.WAV,Telephone Field,recover-20220825,002,1795
764.3595,764.3696,38359,41999,Pipistrellus nathusii,0.015,0.022,-1,Echolocation,/mnt/ubna_data_01_mir/recover-20220825/UBNA_002/20220823_033000.WAV,Telephone Field,recover-20220825,002,1795
764.3615,764.3713,25468,33639,Eptesicus serotinus,0.01,0.024,-1,Echolocation,/mnt/ubna_data_01_mir/recover-20220825/UBNA_002/20220823_033000.WAV,Telephone Field,recover-20220825,002,1795
764.3635,764.3981,68437,81018,Rhinolophus ferrumequinum,0.023,0.023,-1,Echolocation,/mnt/ubna_data_01_mir/recover-20220825/UBNA_002/20220823_033000.WAV,Telephone Field,recover-20220825,002,1795
764.3685,764.3749,49531,57224,Pipistrellus pipistrellus,0.018,0.024,-1,Echolocation,/mnt/ubna_data_01_mir/recover-20220825/UBNA_002/20220823_033000.WAV,Telephone Field,recover-20220825,002,1795
764.3705,764.4047,68437,81398,Rhinolophus ferrumequinum,0.022,0.022,-1,Echolocation,/mnt/ubna_data_01_mir/recover-20220825/UBNA_002/20220823_033000.WAV,Telephone Field,recover-20220825,002,1795
764.3955,764.4021,37500,52610,Myotis brandtii,0.01,0.021,-1,Echolocation,/mnt/ubna_data_01_mir/recover-20220825/UBNA_002/20220823_033000.WAV,Telephone Field,recover-20220825,002,1795
764.4045,764.4375,68437,82189,Rhinolophus ferrumequinum,0.024,0.024,-1,Echolocation,/mnt/ubna_data_01_mir/recover-20220825/UBNA_002/20220823_033000.WAV,Telephone Field,recover-20220825,002,1795
764.4385,764.4449,39218,57004,Pipistrellus nathusii,0.414,0.514,-1,Echolocation,/mnt/ubna_data_01_mir/recover-20220825/UBNA_002/20220823_033000.WAV,Telephone Field,recover-20220825,002,1795
764.4385,764.4476,48671,52714,Pipistrellus pipistrellus,0.015,0.027,-1,Echolocation,/mnt/ubna_data_01_mir/recover-20220825/UBNA_002/20220823_033000.WAV,Telephone Field,recover-20220825,002,1795
764.4495,764.4595,24609,29638,Nyctalus leisleri,0.008,0.021,-1,Echolocation,/mnt/ubna_data_01_mir/recover-20220825/UBNA_002/20220823_033000.WAV,Telephone Field,recover-20220825,002,1795
764.4805,764.4865,36640,51007,Myotis brandtii,0.009,0.023,-1,Echolocation,/mnt/ubna_data_01_mir/recover-20220825/UBNA_002/20220823_033000.WAV,Telephone Field,recover-20220825,002,1795
764.4805,764.4875,46953,50996,Pipistrellus pipistrellus,0.015,0.021,-1,Echolocation,/mnt/ubna_data_01_mir/recover-20220825/UBNA_002/20220823_033000.WAV,Telephone Field,recover-20220825,002,1795
764.5015,764.5103,28046,37452,Eptesicus serotinus,0.01,0.025,-1,Echolocation,/mnt/ubna_data_01_mir/recover-20220825/UBNA_002/20220823_033000.WAV,Telephone Field,recover-20220825,002,1795
764.5465,764.5539,40078,53460,Pipistrellus nathusii,0.482,0.555,-1,Echolocation,/mnt/ubna_data_01_mir/recover-20220825/UBNA_002/20220823_033000.WAV,Telephone Field,recover-20220825,002,1795
764.5545,764.5609,27187,36695,Nyctalus leisleri,0.004,0.022,-1,Echolocation,/mnt/ubna_data_01_mir/recover-20220825/UBNA_002/20220823_033000.WAV,Telephone Field,recover-20220825,002,1795
764.5905,764.5995,47812,52951,Pipistrellus pipistrellus,0.022,0.026,-1,Echolocation,/mnt/ubna_data_01_mir/recover-20220825/UBNA_002/20220823_033000.WAV,Telephone Field,recover-20220825,002,1795
764.5975,764.614,22890,26807,Nyctalus leisleri,0.014,0.024,-1,Echolocation,/mnt/ubna_data_01_mir/recover-20220825/UBNA_002/20220823_033000.WAV,Telephone Field,recover-20220825,002,1795
764.6125,764.6444,68437,80888,Rhinolophus ferrumequinum,0.021,0.021,-1,Echolocation,/mnt/ubna_data_01_mir/recover-20220825/UBNA_002/20220823_033000.WAV,Telephone Field,recover-20220825,002,1795
764.6505,764.6574,37500,56963,Pipistrellus nathusii,0.364,0.514,-1,Echolocation,/mnt/ubna_data_01_mir/recover-20220825/UBNA_002/20220823_033000.WAV,Telephone Field,recover-20220825,002,1795
764.6505,764.6561,29765,67210,Myotis bechsteinii,0.039,0.083,-1,Echolocation,/mnt/ubna_data_01_mir/recover-20220825/UBNA_002/20220823_033000.WAV,Telephone Field,recover-20220825,002,1795
764.6515,764.6578,48671,53379,Pipistrellus pipistrellus,0.014,0.025,-1,Echolocation,/mnt/ubna_data_01_mir/recover-20220825/UBNA_002/20220823_033000.WAV,Telephone Field,recover-20220825,002,1795
764.6585,764.6681,57265,63452,Pipistrellus pygmaeus,0.031,0.031,-1,Echolocation,/mnt/ubna_data_01_mir/recover-20220825/UBNA_002/20220823_033000.WAV,Telephone Field,recover-20220825,002,1795
764.6595,764.6667,26328,36215,Eptesicus serotinus,0.005,0.022,-1,Echolocation,/mnt/ubna_data_01_mir/recover-20220825/UBNA_002/20220823_033000.WAV,Telephone Field,recover-20220825,002,1795
764.7045,764.7404,68437,81940,Rhinolophus ferrumequinum,0.022,0.023,-1,Echolocation,/mnt/ubna_data_01_mir/recover-20220825/UBNA_002/20220823_033000.WAV,Telephone Field,recover-20220825,002,1795
764.7045,764.7186,22890,27058,Nyctalus leisleri,0.015,0.027,-1,Echolocation,/mnt/ubna_data_01_mir/recover-20220825/UBNA_002/20220823_033000.WAV,Telephone Field,recover-20220825,002,1795
764.7445,764.7508,39218,54642,Pipistrellus nathusii,0.462,0.517,-1,Echolocation,/mnt/ubna_data_01_mir/recover-20220825/UBNA_002/20220823_033000.WAV,Telephone Field,recover-20220825,002,1795
764.7525,764.7577,31484,44368,Myotis daubentonii,0.009,0.022,-1,Echolocation,/mnt/ubna_data_01_mir/recover-20220825/UBNA_002/20220823_033000.WAV,Telephone Field,recover-20220825,002,1795
764.7715,764.7823,25468,32170,Eptesicus serotinus,0.013,0.035,-1,Echolocation,/mnt/ubna_data_01_mir/recover-20220825/UBNA_002/20220823_033000.WAV,Telephone Field,recover-20220825,002,1795
764.7715,764.8101,68437,81902,Rhinolophus ferrumequinum,0.021,0.021,-1,Echolocation,/mnt/ubna_data_01_mir/recover-20220825/UBNA_002/20220823_033000.WAV,Telephone Field,recover-20220825,002,1795
764.7775,764.8132,68437,81447,Rhinolophus ferrumequinum,0.021,0.021,-1,Echolocation,/mnt/ubna_data_01_mir/recover-20220825/UBNA_002/20220823_033000.WAV,Telephone Field,recover-20220825,002,1795
764.8185,764.829,54687,63114,Pipistrellus pygmaeus,0.026,0.027,-1,Echolocation,/mnt/ubna_data_01_mir/recover-20220825/UBNA_002/20220823_033000.WAV,Telephone Field,recover-20220825,002,1795
764.8205,764.8295,25468,33562,Eptesicus serotinus,0.007,0.023,-1,Echolocation,/mnt/ubna_data_01_mir/recover-20220825/UBNA_002/20220823_033000.WAV,Telephone Field,recover-20220825,002,1795
764.8515,764.858,39218,57648,Pipistrellus nathusii,0.494,0.585,-1,Echolocation,/mnt/ubna_data_01_mir/recover-20220825/UBNA_002/20220823_033000.WAV,Telephone Field,recover-20220825,002,1795
764.8605,764.8672,31484,42777,Myotis daubentonii,0.008,0.021,-1,Echolocation,/mnt/ubna_data_01_mir/recover-20220825/UBNA_002/20220823_033000.WAV,Telephone Field,recover-20220825,002,1795
764.8615,764.8689,27187,37021,Eptesicus serotinus,0.006,0.022,-1,Echolocation,/mnt/ubna_data_01_mir/recover-20220825/UBNA_002/20220823_033000.WAV,Telephone Field,recover-20220825,002,1795
764.8805,764.9197,68437,82995,Rhinolophus ferrumequinum,0.027,0.027,-1,Echolocation,/mnt/ubna_data_01_mir/recover-20220825/UBNA_002/20220823_033000.WAV,Telephone Field,recover-20220825,002,1795
764.9325,764.9709,68437,82611,Rhinolophus ferrumequinum,0.032,0.032,-1,Echolocation,/mnt/ubna_data_01_mir/recover-20220825/UBNA_002/20220823_033000.WAV,Telephone Field,recover-20220825,002,1795
764.9515,764.9581,38359,53007,Pipistrellus nathusii,0.54,0.591,-1,Echolocation,/mnt/ubna_data_01_mir/recover-20220825/UBNA_002/20220823_033000.WAV,Telephone Field,recover-20220825,002,1795
764.9595,764.968,27187,34783,Eptesicus serotinus,0.007,0.023,-1,Echolocation,/mnt/ubna_data_01_mir/recover-20220825/UBNA_002/20220823_033000.WAV,Telephone Field,recover-20220825,002,1795
765.0155,765.0519,68437,81784,Rhinolophus ferrumequinum,0.022,0.022,-1,Echolocation,/mnt/ubna_data_01_mir/recover-20220825/UBNA_002/20220823_033000.WAV,Telephone Field,recover-20220825,002,1795
765.0195,765.0316,23750,28355,Nyctalus leisleri,0.01,0.022,-1,Echolocation,/mnt/ubna_data_01_mir/recover-20220825/UBNA_002/20220823_033000.WAV,Telephone Field,recover-20220825,002,1795
765.0255,765.0341,42656,50441,Pipistrellus nathusii,0.018,0.033,-1,Echolocation,/mnt/ubna_data_01_mir/recover-20220825/UBNA_002/20220823_033000.WAV,Telephone Field,recover-20220825,002,1795
765.0265,765.0329,34062,55782,Myotis brandtii,0.012,0.026,-1,Echolocation,/mnt/ubna_data_01_mir/recover-20220825/UBNA_002/20220823_033000.WAV,Telephone Field,recover-20220825,002,1795
765.0335,765.052,19453,22732,Nyctalus leisleri,0.01,0.021,-1,Echolocation,/mnt/ubna_data_01_mir/recover-20220825/UBNA_002/20220823_033000.WAV,Telephone Field,recover-20220825,002,1795
765.0355,765.07,68437,81427,Rhinolophus ferrumequinum,0.021,0.021,-1,Echolocation,/mnt/ubna_data_01_mir/recover-20220825/UBNA_002/20220823_033000.WAV,Telephone Field,recover-20220825,002,1795
765.0635,765.0708,40937,47410,Pipistrellus nathusii,0.01,0.026,-1,Echolocation,/mnt/ubna_data_01_mir/recover-20220825/UBNA_002/20220823_033000.WAV,Telephone Field,recover-20220825,002,1795
765.0675,765.0762,27187,38050,Eptesicus serotinus,0.008,0.023,-1,Echolocation,/mnt/ubna_data_01_mir/recover-20220825/UBNA_002/20220823_033000.WAV,Telephone Field,recover-20220825,002,1795
765.0965,765.1045,40937,54266,Pipistrellus nathusii,0.552,0.604,-1,Echolocation,/mnt/ubna_data_01_mir/recover-20220825/UBNA_002/20220823_033000.WAV,Telephone Field,recover-20220825,002,1795
765.0965,765.1021,31484,58108,Myotis brandtii,0.015,0.04,-1,Echolocation,/mnt/ubna_data_01_mir/recover-20220825/UBNA_002/20220823_033000.WAV,Telephone Field,recover-20220825,002,1795
765.1005,765.1326,68437,81313,Rhinolophus ferrumequinum,0.021,0.021,-1,Echolocation,/mnt/ubna_data_01_mir/recover-20220825/UBNA_002/20220823_033000.WAV,Telephone Field,recover-20220825,002,1795
765.1245,765.132,28046,40805,Eptesicus serotinus,0.008,0.023,-1,Echolocation,/mnt/ubna_data_01_mir/recover-20220825/UBNA_002/20220823_033000.WAV,Telephone Field,recover-20220825,002,1795
765.1305,765.137,49531,54743,Pipistrellus pipistrellus,0.021,0.027,-1,Echolocation,/mnt/ubna_data_01_mir/recover-20220825/UBNA_002/20220823_033000.WAV,Telephone Field,recover-20220825,002,1795
765.1625,765.2037,68437,82708,Rhinolophus ferrumequinum,0.03,0.03,-1,Echolocation,/mnt/ubna_data_01_mir/recover-20220825/UBNA_002/20220823_033000.WAV,Telephone Field,recover-20220825,002,1795
765.1725,765.2065,68437,81918,Rhinolophus ferrumequinum,0.021,0.021,-1,Echolocation,/mnt/ubna_data_01_mir/recover-20220825/UBNA_002/20220823_033000.WAV,Telephone Field,recover-20220825,002,1795
765.1815,765.1903,40937,47615,Pipistrellus nathusii,0.011,0.023,-1,Echolocation,/mnt/ubna_data_01_mir/recover-20220825/UBNA_002/20220823_033000.WAV,Telephone Field,recover-20220825,002,1795
765.1875,765.2193,68437,81460,Rhinolophus ferrumequinum,0.028,0.028,-1,Echolocation,/mnt/ubna_data_01_mir/recover-20220825/UBNA_002/20220823_033000.WAV,Telephone Field,recover-20220825,002,1795
765.2125,765.219,38359,52338,Pipistrellus nathusii,0.487,0.523,-1,Echolocation,/mnt/ubna_data_01_mir/recover-20220825/UBNA_002/20220823_033000.WAV,Telephone Field,recover-20220825,002,1795
765.2205,765.2281,27187,35821,Nyctalus leisleri,0.006,0.024,-1,Echolocation,/mnt/ubna_data_01_mir/recover-20220825/UBNA_002/20220823_033000.WAV,Telephone Field,recover-20220825,002,1795
765.2395,765.2481,27187,36078,Eptesicus serotinus,0.008,0.022,-1,Echolocation,/mnt/ubna_data_01_mir/recover-20220825/UBNA_002/20220823_033000.WAV,Telephone Field,recover-20220825,002,1795
765.2535,765.2845,68437,80539,Rhinolophus ferrumequinum,0.021,0.021,-1,Echolocation,/mnt/ubna_data_01_mir/recover-20220825/UBNA_002/20220823_033000.WAV,Telephone Field,recover-20220825,002,1795
765.2805,765.3161,68437,81327,Rhinolophus ferrumequinum,0.021,0.022,-1,Echolocation,/mnt/ubna_data_01_mir/recover-20220825/UBNA_002/20220823_033000.WAV,Telephone Field,recover-20220825,002,1795
765.2815,765.2897,44375,50664,Pipistrellus pipistrellus,0.012,0.027,-1,Echolocation,/mnt/ubna_data_01_mir/recover-20220825/UBNA_002/20220823_033000.WAV,Telephone Field,recover-20220825,002,1795
765.2855,765.2938,27187,40278,Eptesicus serotinus,0.01,0.026,-1,Echolocation,/mnt/ubna_data_01_mir/recover-20220825/UBNA_002/20220823_033000.WAV,Telephone Field,recover-20220825,002,1795
765.3135,765.3243,55546,61087,Pipistrellus pygmaeus,0.031,0.032,-1,Echolocation,/mnt/ubna_data_01_mir/recover-20220825/UBNA_002/20220823_033000.WAV,Telephone Field,recover-20220825,002,1795
765.3185,765.3251,39218,59179,Pipistrellus nathusii,0.611,0.66,-1,Echolocation,/mnt/ubna_data_01_mir/recover-20220825/UBNA_002/20220823_033000.WAV,Telephone Field,recover-20220825,002,1795
765.3275,765.3344,38359,50945,Pipistrellus nathusii,0.016,0.035,-1,Echolocation,/mnt/ubna_data_01_mir/recover-20220825/UBNA_002/20220823_033000.WAV,Telephone Field,recover-20220825,002,1795
765.3275,765.3343,26328,36521,Eptesicus serotinus,0.005,0.022,-1,Echolocation,/mnt/ubna_data_01_mir/recover-20220825/UBNA_002/20220823_033000.WAV,Telephone Field,recover-20220825,002,1795
765.3545,765.3939,68437,82500,Rhinolophus ferrumequinum,0.022,0.022,-1,Echolocation,/mnt/ubna_data_01_mir/recover-20220825/UBNA_002/20220823_033000.WAV,Telephone Field,recover-20220825,002,1795
765.3855,765.4243,68437,82218,Rhinolophus ferrumequinum,0.022,0.022,-1,Echolocation,/mnt/ubna_data_01_mir/recover-20220825/UBNA_002/20220823_033000.WAV,Telephone Field,recover-20220825,002,1795
765.4155,765.4253,28906,33934,Eptesicus serotinus,0.007,0.021,-1,Echolocation,/mnt/ubna_data_01_mir/recover-20220825/UBNA_002/20220823_033000.WAV,Telephone Field,recover-20220825,002,1795
765.4285,765.4364,38359,51772,Pipistrellus nathusii,0.687,0.7,-1,Echolocation,/mnt/ubna_data_01_mir/recover-20220825/UBNA_002/20220823_033000.WAV,Telephone Field,recover-20220825,002,1795
765.4335,765.4436,23750,29956,Nyctalus leisleri,0.009,0.023,-1,Echolocation,/mnt/ubna_data_01_mir/recover-20220825/UBNA_002/20220823_033000.WAV,Telephone Field,recover-20220825,002,1795
765.4665,765.4764,28046,36043,Eptesicus serotinus,0.009,0.021,-1,Echolocation,/mnt/ubna_data_01_mir/recover-20220825/UBNA_002/20220823_033000.WAV,Telephone Field,recover-20220825,002,1795
765.4705,765.509,68437,82581,Rhinolophus ferrumequinum,0.021,0.021,-1,Echolocation,/mnt/ubna_data_01_mir/recover-20220825/UBNA_002/20220823_033000.WAV,Telephone Field,recover-20220825,002,1795
765.4975,765.5038,35781,49310,Myotis brandtii,0.01,0.021,-1,Echolocation,/mnt/ubna_data_01_mir/recover-20220825/UBNA_002/20220823_033000.WAV,Telephone Field,recover-20220825,002,1795
765.5375,765.5442,36640,56152,Pipistrellus nathusii,0.644,0.687,-1,Echolocation,/mnt/ubna_data_01_mir/recover-20220825/UBNA_002/20220823_033000.WAV,Telephone Field,recover-20220825,002,1795
765.5405,765.5512,15156,21094,Nyctalus noctula,0.011,0.028,-1,Echolocation,/mnt/ubna_data_01_mir/recover-20220825/UBNA_002/20220823_033000.WAV,Telephone Field,recover-20220825,002,1795
765.5455,765.5508,30625,41042,Myotis daubentonii,0.009,0.021,-1,Echolocation,/mnt/ubna_data_01_mir/recover-20220825/UBNA_002/20220823_033000.WAV,Telephone Field,recover-20220825,002,1795
765.5455,765.5528,26328,34684,Eptesicus serotinus,0.005,0.021,-1,Echolocation,/mnt/ubna_data_01_mir/recover-20220825/UBNA_002/20220823_033000.WAV,Telephone Field,recover-20220825,002,1795
765.5595,765.5981,68437,83095,Rhinolophus ferrumequinum,0.031,0.031,-1,Echolocation,/mnt/ubna_data_01_mir/recover-20220825/UBNA_002/20220823_033000.WAV,Telephone Field,recover-20220825,002,1795
765.6125,765.621,27187,39147,Eptesicus serotinus,0.008,0.021,-1,Echolocation,/mnt/ubna_data_01_mir/recover-20220825/UBNA_002/20220823_033000.WAV,Telephone Field,recover-20220825,002,1795
765.6215,765.6318,57265,64168,Pipistrellus pygmaeus,0.022,0.022,-1,Echolocation,/mnt/ubna_data_01_mir/recover-20220825/UBNA_002/20220823_033000.WAV,Telephone Field,recover-20220825,002,1795
765.6475,765.6535,29765,57976,Barbastellus barbastellus,0.01,0.035,-1,Echolocation,/mnt/ubna_data_01_mir/recover-20220825/UBNA_002/20220823_033000.WAV,Telephone Field,recover-20220825,002,1795
765.6485,765.6558,37500,56245,Pipistrellus nathusii,0.676,0.729,-1,Echolocation,/mnt/ubna_data_01_mir/recover-20220825/UBNA_002/20220823_033000.WAV,Telephone Field,recover-20220825,002,1795
765.6575,765.6628,30625,40975,Myotis daubentonii,0.012,0.029,-1,Echolocation,/mnt/ubna_data_01_mir/recover-20220825/UBNA_002/20220823_033000.WAV,Telephone Field,recover-20220825,002,1795
765.6735,765.6851,24609,30309,Nyctalus leisleri,0.009,0.024,-1,Echolocation,/mnt/ubna_data_01_mir/recover-20220825/UBNA_002/20220823_033000.WAV,Telephone Field,recover-20220825,002,1795
765.7145,765.7518,68437,82198,Rhinolophus ferrumequinum,0.022,0.022,-1,Echolocation,/mnt/ubna_data_01_mir/recover-20220825/UBNA_002/20220823_033000.WAV,Telephone Field,recover-20220825,002,1795
765.7175,765.7244,28046,41394,Eptesicus serotinus,0.006,0.021,-1,Echolocation,/mnt/ubna_data_01_mir/recover-20220825/UBNA_002/20220823_033000.WAV,Telephone Field,recover-20220825,002,1795
765.7385,765.7477,25468,33871,Eptesicus serotinus,0.009,0.021,-1,Echolocation,/mnt/ubna_data_01_mir/recover-20220825/UBNA_002/20220823_033000.WAV,Telephone Field,recover-20220825,002,1795
765.7615,765.7695,36640,58447,Pipistrellus nathusii,0.599,0.66,-1,Echolocation,/mnt/ubna_data_01_mir/recover-20220825/UBNA_002/20220823_033000.WAV,Telephone Field,recover-20220825,002,1795
765.7615,765.77,49531,55914,Pipistrellus pipistrellus,0.019,0.03,-1,Echolocation,/mnt/ubna_data_01_mir/recover-20220825/UBNA_002/20220823_033000.WAV,Telephone Field,recover-20220825,002,1795
765.7705,765.7774,27187,38445,Eptesicus serotinus,0.007,0.028,-1,Echolocation,/mnt/ubna_data_01_mir/recover-20220825/UBNA_002/20220823_033000.WAV,Telephone Field,recover-20220825,002,1795
765.7775,765.813,68437,81479,Rhinolophus ferrumequinum,0.024,0.024,-1,Echolocation,/mnt/ubna_data_01_mir/recover-20220825/UBNA_002/20220823_033000.WAV,Telephone Field,recover-20220825,002,1795
765.8095,765.816,49531,56279,Pipistrellus pipistrellus,0.017,0.021,-1,Echolocation,/mnt/ubna_data_01_mir/recover-20220825/UBNA_002/20220823_033000.WAV,Telephone Field,recover-20220825,002,1795
765.8215,765.8575,68437,81671,Rhinolophus ferrumequinum,0.021,0.021,-1,Echolocation,/mnt/ubna_data_01_mir/recover-20220825/UBNA_002/20220823_033000.WAV,Telephone Field,recover-20220825,002,1795
765.8295,765.8371,54687,61201,Pipistrellus pygmaeus,0.026,0.026,-1,Echolocation,/mnt/ubna_data_01_mir/recover-20220825/UBNA_002/20220823_033000.WAV,Telephone Field,recover-20220825,002,1795
765.8435,765.8807,68437,81850,Rhinolophus ferrumequinum,0.022,0.022,-1,Echolocation,/mnt/ubna_data_01_mir/recover-20220825/UBNA_002/20220823_033000.WAV,Telephone Field,recover-20220825,002,1795
765.8555,765.8641,28046,36747,Eptesicus serotinus,0.007,0.021,-1,Echolocation,/mnt/ubna_data_01_mir/recover-20220825/UBNA_002/20220823_033000.WAV,Telephone Field,recover-20220825,002,1795
765.8685,765.8751,44375,55959,Pipistrellus nathusii,0.026,0.058,-1,Echolocation,/mnt/ubna_data_01_mir/recover-20220825/UBNA_002/20220823_033000.WAV,Telephone Field,recover-20220825,002,1795
765.8685,765.8754,28046,58120,Myotis bechsteinii,0.018,0.04,-1,Echolocation,/mnt/ubna_data_01_mir/recover-20220825/UBNA_002/20220823_033000.WAV,Telephone Field,recover-20220825,002,1795
765.8705,765.8787,34921,56178,Pipistrellus nathusii,0.598,0.648,-1,Echolocation,/mnt/ubna_data_01_mir/recover-20220825/UBNA_002/20220823_033000.WAV,Telephone Field,recover-20220825,002,1795
765.8855,765.9199,68437,82083,Rhinolophus ferrumequinum,0.031,0.031,-1,Echolocation,/mnt/ubna_data_01_mir/recover-20220825/UBNA_002/20220823_033000.WAV,Telephone Field,recover-20220825,002,1795
765.9015,765.9369,68437,82613,Rhinolophus ferrumequinum,0.022,0.022,-1,Echolocation,/mnt/ubna_data_01_mir/recover-20220825/UBNA_002/20220823_033000.WAV,Telephone Field,recover-20220825,002,1795
765.9335,765.9402,55546,63390,Pipistrellus pygmaeus,0.021,0.022,-1,Echolocation,/mnt/ubna_data_01_mir/recover-20220825/UBNA_002/20220823_033000.WAV,Telephone Field,recover-20220825,002,1795
765.9345,765.9413,40937,53081,Pipistrellus nathusii,0.008,0.024,-1,Echolocation,/mnt/ubna_data_01_mir/recover-20220825/UBNA_002/20220823_033000.WAV,Telephone Field,recover-20220825,002,1795
765.9415,765.9739,68437,80591,Rhinolophus ferrumequinum,0.022,0.022,-1,Echolocation,/mnt/ubna_data_01_mir/recover-20220825/UBNA_002/20220823_033000.WAV,Telephone Field,recover-20220825,002,1795
765.9565,765.9945,68437,82306,Rhinolophus ferrumequinum,0.024,0.025,-1,Echolocation,/mnt/ubna_data_01_mir/recover-20220825/UBNA_002/20220823_033000.WAV,Telephone Field,recover-20220825,002,1795
765.9815,765.9889,41796,50080,Pipistrellus nathusii,0.012,0.031,-1,Echolocation,/mnt/ubna_data_01_mir/recover-20220825/UBNA_002/20220823_033000.WAV,Telephone Field,recover-20220825,002,1795
765.9825,765.9904,27187,47528,Eptesicus serotinus,0.008,0.023,-1,Echolocation,/mnt/ubna_data_01_mir/recover-20220825/UBNA_002/20220823_033000.WAV,Telephone Field,recover-20220825,002,1795
765.9825,765.9896,31484,51228,Myotis brandtii,0.008,0.022,-1,Echolocation,/mnt/ubna_data_01_mir/recover-20220825/UBNA_002/20220823_033000.WAV,Telephone Field,recover-20220825,002,1795
766.0015,766.0102,26328,37363,Eptesicus serotinus,0.007,0.025,-1,Echolocation,/mnt/ubna_data_01_mir/recover-20220825/UBNA_002/20220823_033000.WAV,Telephone Field,recover-20220825,002,1795
766.0015,766.0102,47812,58312,Pipistrellus pipistrellus,0.012,0.024,-1,Echolocation,/mnt/ubna_data_01_mir/recover-20220825/UBNA_002/20220823_033000.WAV,Telephone Field,recover-20220825,002,1795
766.0015,766.0092,41796,58746,Myotis brandtii,0.008,0.024,-1,Echolocation,/mnt/ubna_data_01_mir/recover-20220825/UBNA_002/20220823_033000.WAV,Telephone Field,recover-20220825,002,1795
766.0015,766.0346,68437,80221,Rhinolophus ferrumequinum,0.036,0.037,-1,Echolocation,/mnt/ubna_data_01_mir/recover-20220825/UBNA_002/20220823_033000.WAV,Telephone Field,recover-20220825,002,1795
766.0015,766.0113,21171,27792,Nyctalus leisleri,0.008,0.024,-1,Echolocation,/mnt/ubna_data_01_mir/recover-20220825/UBNA_002/20220823_033000.WAV,Telephone Field,recover-20220825,002,1795
766.0085,766.017,58984,64865,Pipistrellus pygmaeus,0.023,0.024,-1,Echolocation,/mnt/ubna_data_01_mir/recover-20220825/UBNA_002/20220823_033000.WAV,Telephone Field,recover-20220825,002,1795
766.0105,766.0461,68437,81837,Rhinolophus ferrumequinum,0.021,0.021,-1,Echolocation,/mnt/ubna_data_01_mir/recover-20220825/UBNA_002/20220823_033000.WAV,Telephone Field,recover-20220825,002,1795
766.0155,766.0248,52109,56419,Pipistrellus pygmaeus,0.034,0.067,-1,Echolocation,/mnt/ubna_data_01_mir/recover-20220825/UBNA_002/20220823_033000.WAV,Telephone Field,recover-20220825,002,1795
766.0225,766.0296,37500,64683,Pipistrellus nathusii,0.603,0.7,-1,Echolocation,/mnt/ubna_data_01_mir/recover-20220825/UBNA_002/20220823_033000.WAV,Telephone Field,recover-20220825,002,1795
766.0225,766.0284,52968,60801,Pipistrellus pygmaeus,0.045,0.054,-1,Echolocation,/mnt/ubna_data_01_mir/recover-20220825/UBNA_002/20220823_033000.WAV,Telephone Field,recover-20220825,002,1795
766.0315,766.0372,29765,43525,Myotis daubentonii,0.012,0.027,-1,Echolocation,/mnt/ubna_data_01_mir/recover-20220825/UBNA_002/20220823_033000.WAV,Telephone Field,recover-20220825,002,1795
766.0335,766.0392,34062,57688,Myotis brandtii,0.015,0.027,-1,Echolocation,/mnt/ubna_data_01_mir/recover-20220825/UBNA_002/20220823_033000.WAV,Telephone Field,recover-20220825,002,1795
766.0345,766.063,68437,80455,Rhinolophus ferrumequinum,0.026,0.027,-1,Echolocation,/mnt/ubna_data_01_mir/recover-20220825/UBNA_002/20220823_033000.WAV,Telephone Field,recover-20220825,002,1795
766.0635,766.1023,68437,82836,Rhinolophus ferrumequinum,0.033,0.033,-1,Echolocation,/mnt/ubna_data_01_mir/recover-20220825/UBNA_002/20220823_033000.WAV,Telephone Field,recover-20220825,002,1795
766.0845,766.0937,46093,51440,Pipistrellus pipistrellus,0.019,0.021,-1,Echolocation,/mnt/ubna_data_01_mir/recover-20220825/UBNA_002/20220823_033000.WAV,Telephone Field,recover-20220825,002,1795
766.0925,766.1303,68437,82375,Rhinolophus ferrumequinum,0.022,0.022,-1,Echolocation,/mnt/ubna_data_01_mir/recover-20220825/UBNA_002/20220823_033000.WAV,Telephone Field,recover-20220825,002,1795
766.1035,766.1415,68437,81819,Rhinolophus ferrumequinum,0.022,0.022,-1,Echolocation,/mnt/ubna_data_01_mir/recover-20220825/UBNA_002/20220823_033000.WAV,Telephone Field,recover-20220825,002,1795
766.1265,766.1319,42656,63727,Myotis mystacinus,0.008,0.025,-1,Echolocation,/mnt/ubna_data_01_mir/recover-20220825/UBNA_002/20220823_033000.WAV,Telephone Field,recover-20220825,002,1795
766.1345,766.1418,37500,67317,Pipistrellus nathusii,0.385,0.512,-1,Echolocation,/mnt/ubna_data_01_mir/recover-20220825/UBNA_002/20220823_033000.WAV,Telephone Field,recover-20220825,002,1795
766.1355,766.1416,26328,81700,Myotis bechsteinii,0.103,0.156,-1,Echolocation,/mnt/ubna_data_01_mir/recover-20220825/UBNA_002/20220823_033000.WAV,Telephone Field,recover-20220825,002,1795
766.1355,766.1418,51250,62170,Pipistrellus pipistrellus,0.017,0.035,-1,Echolocation,/mnt/ubna_data_01_mir/recover-20220825/UBNA_002/20220823_033000.WAV,Telephone Field,recover-20220825,002,1795
766.1445,766.1506,38359,53886,Myotis brandtii,0.015,0.03,-1,Echolocation,/mnt/ubna_data_01_mir/recover-20220825/UBNA_002/20220823_033000.WAV,Telephone Field,recover-20220825,002,1795
766.1495,766.1799,68437,80702,Rhinolophus ferrumequinum,0.024,0.024,-1,Echolocation,/mnt/ubna_data_01_mir/recover-20220825/UBNA_002/20220823_033000.WAV,Telephone Field,recover-20220825,002,1795
766.1755,766.2188,68437,83646,Rhinolophus ferrumequinum,0.025,0.025,-1,Echolocation,/mnt/ubna_data_01_mir/recover-20220825/UBNA_002/20220823_033000.WAV,Telephone Field,recover-20220825,002,1795
766.2375,766.2696,68437,80936,Rhinolophus ferrumequinum,0.022,0.022,-1,Echolocation,/mnt/ubna_data_01_mir/recover-20220825/UBNA_002/20220823_033000.WAV,Telephone Field,recover-20220825,002,1795
766.2455,766.2572,55546,65644,Pipistrellus pygmaeus,0.023,0.025,-1,Echolocation,/mnt/ubna_data_01_mir/recover-20220825/UBNA_002/20220823_033000.WAV,Telephone Field,recover-20220825,002,1795
766.2455,766.252,27187,76907,Myotis bechsteinii,0.073,0.117,-1,Echolocation,/mnt/ubna_data_01_mir/recover-20220825/UBNA_002/20220823_033000.WAV,Telephone Field,recover-20220825,002,1795
766.2465,766.2529,50390,62373,Pipistrellus pipistrellus,0.012,0.028,-1,Echolocation,/mnt/ubna_data_01_mir/recover-20220825/UBNA_002/20220823_033000.WAV,Telephone Field,recover-20220825,002,1795
766.2465,766.2535,35781,65140,Pipistrellus nathusii,0.442,0.562,-1,Echolocation,/mnt/ubna_data_01_mir/recover-20220825/UBNA_002/20220823_033000.WAV,Telephone Field,recover-20220825,002,1795
766.2565,766.2616,29765,43349,Myotis daubentonii,0.009,0.023,-1,Echolocation,/mnt/ubna_data_01_mir/recover-20220825/UBNA_002/20220823_033000.WAV,Telephone Field,recover-20220825,002,1795
766.2615,766.292,68437,80884,Rhinolophus ferrumequinum,0.022,0.022,-1,Echolocation,/mnt/ubna_data_01_mir/recover-20220825/UBNA_002/20220823_033000.WAV,Telephone Field,recover-20220825,002,1795
766.2975,766.3058,59843,65496,Pipistrellus pygmaeus,0.032,0.033,-1,Echolocation,/mnt/ubna_data_01_mir/recover-20220825/UBNA_002/20220823_033000.WAV,Telephone Field,recover-20220825,002,1795
766.3375,766.3484,54687,58754,Pipistrellus pygmaeus,0.022,0.025,-1,Echolocation,/mnt/ubna_data_01_mir/recover-20220825/UBNA_002/20220823_033000.WAV,Telephone Field,recover-20220825,002,1795
766.3485000000001,766.3576,23750,29581,Nyctalus leisleri,0.007,0.022,-1,Echolocation,/mnt/ubna_data_01_mir/recover-20220825/UBNA_002/20220823_033000.WAV,Telephone Field,recover-20220825,002,1795
766.3635,766.3702,50390,63018,Pipistrellus pipistrellus,0.016,0.03,-1,Echolocation,/mnt/ubna_data_01_mir/recover-20220825/UBNA_002/20220823_033000.WAV,Telephone Field,recover-20220825,002,1795
766.3645,766.3719,37500,72869,Pipistrellus nathusii,0.472,0.604,-1,Echolocation,/mnt/ubna_data_01_mir/recover-20220825/UBNA_002/20220823_033000.WAV,Telephone Field,recover-20220825,002,1795
766.3645,766.3702,28046,83501,Myotis bechsteinii,0.044,0.08,-1,Echolocation,/mnt/ubna_data_01_mir/recover-20220825/UBNA_002/20220823_033000.WAV,Telephone Field,recover-20220825,002,1795
766.3665,766.3741,46093,60424,Pipistrellus pipistrellus,0.012,0.03,-1,Echolocation,/mnt/ubna_data_01_mir/recover-20220825/UBNA_002/20220823_033000.WAV,Telephone Field,recover-20220825,002,1795
766.4315,766.4685,68437,82540,Rhinolophus ferrumequinum,0.022,0.022,-1,Echolocation,/mnt/ubna_data_01_mir/recover-20220825/UBNA_002/20220823_033000.WAV,Telephone Field,recover-20220825,002,1795
766.4605,766.4669,47812,54911,Pipistrellus pipistrellus,0.056,0.079,-1,Echolocation,/mnt/ubna_data_01_mir/recover-20220825/UBNA_002/20220823_033000.WAV,Telephone Field,recover-20220825,002,1795
766.4675,766.4747,35781,67786,Pipistrellus nathusii,0.351,0.46,-1,Echolocation,/mnt/ubna_data_01_mir/recover-20220825/UBNA_002/20220823_033000.WAV,Telephone Field,recover-20220825,002,1795
766.4775,766.5053,68437,80995,Rhinolophus ferrumequinum,0.025,0.025,-1,Echolocation,/mnt/ubna_data_01_mir/recover-20220825/UBNA_002/20220823_033000.WAV,Telephone Field,recover-20220825,002,1795
766.4785,766.4838,29765,48920,Myotis daubentonii,0.01,0.021,-1,Echolocation,/mnt/ubna_data_01_mir/recover-20220825/UBNA_002/20220823_033000.WAV,Telephone Field,recover-20220825,002,1795
766.5285,766.5645,68437,81844,Rhinolophus ferrumequinum,0.022,0.023,-1,Echolocation,/mnt/ubna_data_01_mir/recover-20220825/UBNA_002/20220823_033000.WAV,Telephone Field,recover-20220825,002,1795
766.5665,766.5732,49531,57094,Pipistrellus pipistrellus,0.031,0.057,-1,Echolocation,/mnt/ubna_data_01_mir/recover-20220825/UBNA_002/20220823_033000.WAV,Telephone Field,recover-20220825,002,1795
766.5725,766.5799,34921,66215,Pipistrellus nathusii,0.32,0.468,-1,Echolocation,/mnt/ubna_data_01_mir/recover-20220825/UBNA_002/20220823_033000.WAV,Telephone Field,recover-20220825,002,1795
766.5725,766.5789,26328,79093,Myotis bechsteinii,0.094,0.137,-1,Echolocation,/mnt/ubna_data_01_mir/recover-20220825/UBNA_002/20220823_033000.WAV,Telephone Field,recover-20220825,002,1795
766.5735,766.5813,49531,61448,Pipistrellus pipistrellus,0.033,0.059,-1,Echolocation,/mnt/ubna_data_01_mir/recover-20220825/UBNA_002/20220823_033000.WAV,Telephone Field,recover-20220825,002,1795
766.6514999999999,766.6652,34921,39287,Pipistrellus nathusii,0.023,0.031,-1,Echolocation,/mnt/ubna_data_01_mir/recover-20220825/UBNA_002/20220823_033000.WAV,Telephone Field,recover-20220825,002,1795
766.6645,766.6714,24609,38193,Plecotus auritus,0.006,0.025,-1,Echolocation,/mnt/ubna_data_01_mir/recover-20220825/UBNA_002/20220823_033000.WAV,Telephone Field,recover-20220825,002,1795
766.7065,766.7169,22890,28218,Nyctalus leisleri,0.01,0.022,-1,Echolocation,/mnt/ubna_data_01_mir/recover-20220825/UBNA_002/20220823_033000.WAV,Telephone Field,recover-20220825,002,1795
766.7085,766.7195,43515,47779,Pipistrellus pipistrellus,0.013,0.023,-1,Echolocation,/mnt/ubna_data_01_mir/recover-20220825/UBNA_002/20220823_033000.WAV,Telephone Field,recover-20220825,002,1795
766.7355,766.7696,68437,81697,Rhinolophus ferrumequinum,0.022,0.022,-1,Echolocation,/mnt/ubna_data_01_mir/recover-20220825/UBNA_002/20220823_033000.WAV,Telephone Field,recover-20220825,002,1795
766.7425,766.7506,36640,72634,Pipistrellus nathusii,0.433,0.527,-1,Echolocation,/mnt/ubna_data_01_mir/recover-20220825/UBNA_002/20220823_033000.WAV,Telephone Field,recover-20220825,002,1795
766.7435,766.7515,57265,69802,Pipistrellus pygmaeus,0.014,0.024,-1,Echolocation,/mnt/ubna_data_01_mir/recover-20220825/UBNA_002/20220823_033000.WAV,Telephone Field,recover-20220825,002,1795
766.7435,766.7496,26328,85998,Myotis bechsteinii,0.08,0.118,-1,Echolocation,/mnt/ubna_data_01_mir/recover-20220825/UBNA_002/20220823_033000.WAV,Telephone Field,recover-20220825,002,1795
766.7445,766.7524,47812,60597,Pipistrellus pipistrellus,0.023,0.041,-1,Echolocation,/mnt/ubna_data_01_mir/recover-20220825/UBNA_002/20220823_033000.WAV,Telephone Field,recover-20220825,002,1795
766.7515,766.7577,38359,52340,Pipistrellus nathusii,0.024,0.046,-1,Echolocation,/mnt/ubna_data_01_mir/recover-20220825/UBNA_002/20220823_033000.WAV,Telephone Field,recover-20220825,002,1795
766.8115,766.819,54687,59705,Pipistrellus pygmaeus,0.024,0.025,-1,Echolocation,/mnt/ubna_data_01_mir/recover-20220825/UBNA_002/20220823_033000.WAV,Telephone Field,recover-20220825,002,1795
766.8415,766.8459,48671,64800,Myotis mystacinus,0.014,0.044,-1,Echolocation,/mnt/ubna_data_01_mir/recover-20220825/UBNA_002/20220823_033000.WAV,Telephone Field,recover-20220825,002,1795
766.8465,766.854,35781,68150,Pipistrellus nathusii,0.304,0.377,-1,Echolocation,/mnt/ubna_data_01_mir/recover-20220825/UBNA_002/20220823_033000.WAV,Telephone Field,recover-20220825,002,1795
766.8475,766.8539,24609,86170,Myotis bechsteinii,0.169,0.207,-1,Echolocation,/mnt/ubna_data_01_mir/recover-20220825/UBNA_002/20220823_033000.WAV,Telephone Field,recover-20220825,002,1795
766.8555,766.8617,36640,49360,Myotis brandtii,0.012,0.028,-1,Echolocation,/mnt/ubna_data_01_mir/recover-20220825/UBNA_002/20220823_033000.WAV,Telephone Field,recover-20220825,002,1795
766.8575,766.8627,28906,40824,Myotis daubentonii,0.009,0.026,-1,Echolocation,/mnt/ubna_data_01_mir/recover-20220825/UBNA_002/20220823_033000.WAV,Telephone Field,recover-20220825,002,1795
766.8595,766.8877,68437,81449,Rhinolophus ferrumequinum,0.026,0.026,-1,Echolocation,/mnt/ubna_data_01_mir/recover-20220825/UBNA_002/20220823_033000.WAV,Telephone Field,recover-20220825,002,1795
766.9005,766.9378,68437,82022,Rhinolophus ferrumequinum,0.021,0.022,-1,Echolocation,/mnt/ubna_data_01_mir/recover-20220825/UBNA_002/20220823_033000.WAV,Telephone Field,recover-20220825,002,1795
766.9425,766.9511,50390,56882,Pipistrellus pipistrellus,0.022,0.037,-1,Echolocation,/mnt/ubna_data_01_mir/recover-20220825/UBNA_002/20220823_033000.WAV,Telephone Field,recover-20220825,002,1795
766.9505,766.9571,38359,65744,Pipistrellus nathusii,0.455,0.485,-1,Echolocation,/mnt/ubna_data_01_mir/recover-20220825/UBNA_002/20220823_033000.WAV,Telephone Field,recover-20220825,002,1795
766.9515,766.9586,50390,60380,Pipistrellus pipistrellus,0.02,0.036,-1,Echolocation,/mnt/ubna_data_01_mir/recover-20220825/UBNA_002/20220823_033000.WAV,Telephone Field,recover-20220825,002,1795
766.9595,766.9667,38359,51961,Pipistrellus nathusii,0.021,0.04,-1,Echolocation,/mnt/ubna_data_01_mir/recover-20220825/UBNA_002/20220823_033000.WAV,Telephone Field,recover-20220825,002,1795
766.9605,766.9656,32343,52160,Myotis brandtii,0.011,0.024,-1,Echolocation,/mnt/ubna_data_01_mir/recover-20220825/UBNA_002/20220823_033000.WAV,Telephone Field,recover-20220825,002,1795
766.9965,767.0065,26328,35965,Eptesicus serotinus,0.013,0.028,-1,Echolocation,/mnt/ubna_data_01_mir/recover-20220825/UBNA_002/20220823_033000.WAV,Telephone Field,recover-20220825,002,1795
767.0465,767.0793,68437,80972,Rhinolophus ferrumequinum,0.023,0.024,-1,Echolocation,/mnt/ubna_data_01_mir/recover-20220825/UBNA_002/20220823_033000.WAV,Telephone Field,recover-20220825,002,1795
767.0505,767.0579,50390,64153,Pipistrellus pygmaeus,0.039,0.079,-1,Echolocation,/mnt/ubna_data_01_mir/recover-20220825/UBNA_002/20220823_033000.WAV,Telephone Field,recover-20220825,002,1795
767.0515,767.0583,24609,83090,Myotis bechsteinii,0.135,0.171,-1,Echolocation,/mnt/ubna_data_01_mir/recover-20220825/UBNA_002/20220823_033000.WAV,Telephone Field,recover-20220825,002,1795
767.0525,767.0595,32343,69242,Myotis brandtii,0.192,0.347,-1,Echolocation,/mnt/ubna_data_01_mir/recover-20220825/UBNA_002/20220823_033000.WAV,Telephone Field,recover-20220825,002,1795
767.0605,767.0665,37500,55391,Myotis brandtii,0.013,0.029,-1,Echolocation,/mnt/ubna_data_01_mir/recover-20220825/UBNA_002/20220823_033000.WAV,Telephone Field,recover-20220825,002,1795
767.0625,767.0678,32343,59353,Myotis brandtii,0.015,0.028,-1,Echolocation,/mnt/ubna_data_01_mir/recover-20220825/UBNA_002/20220823_033000.WAV,Telephone Field,recover-20220825,002,1795
767.0625,767.0685,27187,40727,Myotis daubentonii,0.007,0.03,-1,Echolocation,/mnt/ubna_data_01_mir/recover-20220825/UBNA_002/20220823_033000.WAV,Telephone Field,recover-20220825,002,1795
767.0635,767.0969,68437,81638,Rhinolophus ferrumequinum,0.024,0.024,-1,Echolocation,/mnt/ubna_data_01_mir/recover-20220825/UBNA_002/20220823_033000.WAV,Telephone Field,recover-20220825,002,1795
767.1395,767.1791,68437,82012,Rhinolophus ferrumequinum,0.027,0.027,-1,Echolocation,/mnt/ubna_data_01_mir/recover-20220825/UBNA_002/20220823_033000.WAV,Telephone Field,recover-20220825,002,1795
767.1605,767.1674,52109,62128,Pipistrellus pygmaeus,0.023,0.037,-1,Echolocation,/mnt/ubna_data_01_mir/recover-20220825/UBNA_002/20220823_033000.WAV,Telephone Field,recover-20220825,002,1795
767.1625,767.1688,25468,88267,Myotis bechsteinii,0.145,0.2,-1,Echolocation,/mnt/ubna_data_01_mir/recover-20220825/UBNA_002/20220823_033000.WAV,Telephone Field,recover-20220825,002,1795
767.1625,767.1698,34921,73370,Myotis brandtii,0.224,0.394,-1,Echolocation,/mnt/ubna_data_01_mir/recover-20220825/UBNA_002/20220823_033000.WAV,Telephone Field,recover-20220825,002,1795
767.1705,767.1777,38359,53797,Myotis brandtii,0.012,0.027,-1,Echolocation,/mnt/ubna_data_01_mir/recover-20220825/UBNA_002/20220823_033000.WAV,Telephone Field,recover-20220825,002,1795
767.1715,767.1797,43515,52735,Pipistrellus pipistrellus,0.017,0.031,-1,Echolocation,/mnt/ubna_data_01_mir/recover-20220825/UBNA_002/20220823_033000.WAV,Telephone Field,recover-20220825,002,1795
767.1725,767.1779,32343,53951,Myotis brandtii,0.012,0.025,-1,Echolocation,/mnt/ubna_data_01_mir/recover-20220825/UBNA_002/20220823_033000.WAV,Telephone Field,recover-20220825,002,1795
767.2035,767.2402,68437,82170,Rhinolophus ferrumequinum,0.031,0.031,-1,Echolocation,/mnt/ubna_data_01_mir/recover-20220825/UBNA_002/20220823_033000.WAV,Telephone Field,recover-20220825,002,1795
767.2625,767.2722,49531,61372,Pipistrellus pipistrellus,0.022,0.048,-1,Echolocation,/mnt/ubna_data_01_mir/recover-20220825/UBNA_002/20220823_033000.WAV,Telephone Field,recover-20220825,002,1795
767.2645,767.2721,35781,74766,Pipistrellus nathusii,0.275,0.45,-1,Echolocation,/mnt/ubna_data_01_mir/recover-20220825/UBNA_002/20220823_033000.WAV,Telephone Field,recover-20220825,002,1795
767.2645,767.271,26328,93534,Myotis bechsteinii,0.114,0.152,-1,Echolocation,/mnt/ubna_data_01_mir/recover-20220825/UBNA_002/20220823_033000.WAV,Telephone Field,recover-20220825,002,1795
767.2725,767.2782,37500,55553,Myotis brandtii,0.017,0.034,-1,Echolocation,/mnt/ubna_data_01_mir/recover-20220825/UBNA_002/20220823_033000.WAV,Telephone Field,recover-20220825,002,1795
767.2775,767.3079,68437,80584,Rhinolophus ferrumequinum,0.021,0.021,-1,Echolocation,/mnt/ubna_data_01_mir/recover-20220825/UBNA_002/20220823_033000.WAV,Telephone Field,recover-20220825,002,1795
767.3625,767.372,49531,56347,Pipistrellus pipistrellus,0.024,0.049,-1,Echolocation,/mnt/ubna_data_01_mir/recover-20220825/UBNA_002/20220823_033000.WAV,Telephone Field,recover-20220825,002,1795
767.3645,767.3716,36640,70923,Myotis brandtii,0.22,0.389,-1,Echolocation,/mnt/ubna_data_01_mir/recover-20220825/UBNA_002/20220823_033000.WAV,Telephone Field,recover-20220825,002,1795
767.3655,767.3717,25468,91762,Myotis bechsteinii,0.165,0.202,-1,Echolocation,/mnt/ubna_data_01_mir/recover-20220825/UBNA_002/20220823_033000.WAV,Telephone Field,recover-20220825,002,1795
767.3745,767.3822,26328,37324,Eptesicus serotinus,0.007,0.022,-1,Echolocation,/mnt/ubna_data_01_mir/recover-20220825/UBNA_002/20220823_033000.WAV,Telephone Field,recover-20220825,002,1795
767.3825,767.3916,28046,36718,Eptesicus serotinus,0.008,0.022,-1,Echolocation,/mnt/ubna_data_01_mir/recover-20220825/UBNA_002/20220823_033000.WAV,Telephone Field,recover-20220825,002,1795
767.3945,767.4384,68437,83322,Rhinolophus ferrumequinum,0.035,0.035,-1,Echolocation,/mnt/ubna_data_01_mir/recover-20220825/UBNA_002/20220823_033000.WAV,Telephone Field,recover-20220825,002,1795
767.4535,767.462,49531,57568,Pipistrellus pipistrellus,0.015,0.028,-1,Echolocation,/mnt/ubna_data_01_mir/recover-20220825/UBNA_002/20220823_033000.WAV,Telephone Field,recover-20220825,002,1795
767.4595,767.4674,49531,60408,Pipistrellus pipistrellus,0.01,0.028,-1,Echolocation,/mnt/ubna_data_01_mir/recover-20220825/UBNA_002/20220823_033000.WAV,Telephone Field,recover-20220825,002,1795
767.4605,767.4683,35781,80048,Myotis brandtii,0.415,0.507,-1,Echolocation,/mnt/ubna_data_01_mir/recover-20220825/UBNA_002/20220823_033000.WAV,Telephone Field,recover-20220825,002,1795
767.4685,767.4756,40937,54661,Pipistrellus nathusii,0.027,0.04,-1,Echolocation,/mnt/ubna_data_01_mir/recover-20220825/UBNA_002/20220823_033000.WAV,Telephone Field,recover-20220825,002,1795
767.4895,767.5284,68437,82412,Rhinolophus ferrumequinum,0.022,0.022,-1,Echolocation,/mnt/ubna_data_01_mir/recover-20220825/UBNA_002/20220823_033000.WAV,Telephone Field,recover-20220825,002,1795
767.5195,767.5583,68437,83063,Rhinolophus ferrumequinum,0.023,0.023,-1,Echolocation,/mnt/ubna_data_01_mir/recover-20220825/UBNA_002/20220823_033000.WAV,Telephone Field,recover-20220825,002,1795
767.5575,767.5652,34062,79980,Myotis brandtii,0.397,0.465,-1,Echolocation,/mnt/ubna_data_01_mir/recover-20220825/UBNA_002/20220823_033000.WAV,Telephone Field,recover-20220825,002,1795
767.5595,767.5648,46093,54764,Pipistrellus pipistrellus,0.024,0.041,-1,Echolocation,/mnt/ubna_data_01_mir/recover-20220825/UBNA_002/20220823_033000.WAV,Telephone Field,recover-20220825,002,1795
767.5655,767.5714,40078,57386,Pipistrellus nathusii,0.014,0.029,-1,Echolocation,/mnt/ubna_data_01_mir/recover-20220825/UBNA_002/20220823_033000.WAV,Telephone Field,recover-20220825,002,1795
767.5675,767.573,31484,54764,Myotis brandtii,0.011,0.025,-1,Echolocation,/mnt/ubna_data_01_mir/recover-20220825/UBNA_002/20220823_033000.WAV,Telephone Field,recover-20220825,002,1795
767.5675,767.5759,26328,34254,Eptesicus serotinus,0.008,0.025,-1,Echolocation,/mnt/ubna_data_01_mir/recover-20220825/UBNA_002/20220823_033000.WAV,Telephone Field,recover-20220825,002,1795
767.5715,767.6038,68437,80904,Rhinolophus ferrumequinum,0.022,0.022,-1,Echolocation,/mnt/ubna_data_01_mir/recover-20220825/UBNA_002/20220823_033000.WAV,Telephone Field,recover-20220825,002,1795
767.6295,767.6704,68437,83418,Rhinolophus ferrumequinum,0.029,0.029,-1,Echolocation,/mnt/ubna_data_01_mir/recover-20220825/UBNA_002/20220823_033000.WAV,Telephone Field,recover-20220825,002,1795
767.6595,767.6684,46093,55701,Pipistrellus pipistrellus,0.015,0.026,-1,Echolocation,/mnt/ubna_data_01_mir/recover-20220825/UBNA_002/20220823_033000.WAV,Telephone Field,recover-20220825,002,1795
767.6715,767.6772,38359,53437,Myotis brandtii,0.009,0.024,-1,Echolocation,/mnt/ubna_data_01_mir/recover-20220825/UBNA_002/20220823_033000.WAV,Telephone Field,recover-20220825,002,1795
767.6775,767.6891,54687,63836,Pipistrellus pygmaeus,0.029,0.029,-1,Echolocation,/mnt/ubna_data_01_mir/recover-20220825/UBNA_002/20220823_033000.WAV,Telephone Field,recover-20220825,002,1795
767.6835,767.721,68437,82093,Rhinolophus ferrumequinum,0.026,0.026,-1,Echolocation,/mnt/ubna_data_01_mir/recover-20220825/UBNA_002/20220823_033000.WAV,Telephone Field,recover-20220825,002,1795
767.6905,767.7286,68437,82242,Rhinolophus ferrumequinum,0.027,0.027,-1,Echolocation,/mnt/ubna_data_01_mir/recover-20220825/UBNA_002/20220823_033000.WAV,Telephone Field,recover-20220825,002,1795
767.7075,767.7139999999999,36640,77374,Myotis brandtii,0.259,0.315,-1,Echolocation,/mnt/ubna_data_01_mir/recover-20220825/UBNA_002/20220823_033000.WAV,Telephone Field,recover-20220825,002,1795
767.7555,767.7632,56406,61501,Pipistrellus pygmaeus,0.021,0.023,-1,Echolocation,/mnt/ubna_data_01_mir/recover-20220825/UBNA_002/20220823_033000.WAV,Telephone Field,recover-20220825,002,1795
767.7885,767.7966,46953,54764,Pipistrellus pipistrellus,0.02,0.022,-1,Echolocation,/mnt/ubna_data_01_mir/recover-20220825/UBNA_002/20220823_033000.WAV,Telephone Field,recover-20220825,002,1795
767.8135,767.8502,68437,82362,Rhinolophus ferrumequinum,0.025,0.025,-1,Echolocation,/mnt/ubna_data_01_mir/recover-20220825/UBNA_002/20220823_033000.WAV,Telephone Field,recover-20220825,002,1795
767.8245,767.8312,39218,64008,Myotis brandtii,0.231,0.45,-1,Echolocation,/mnt/ubna_data_01_mir/recover-20220825/UBNA_002/20220823_033000.WAV,Telephone Field,recover-20220825,002,1795
767.8635,767.8722,28046,36392,Eptesicus serotinus,0.016,0.032,-1,Echolocation,/mnt/ubna_data_01_mir/recover-20220825/UBNA_002/20220823_033000.WAV,Telephone Field,recover-20220825,002,1795
767.8815,767.8905,28046,39468,Eptesicus serotinus,0.01,0.025,-1,Echolocation,/mnt/ubna_data_01_mir/recover-20220825/UBNA_002/20220823_033000.WAV,Telephone Field,recover-20220825,002,1795
767.9005,767.9089,26328,33668,Eptesicus serotinus,0.011,0.027,-1,Echolocation,/mnt/ubna_data_01_mir/recover-20220825/UBNA_002/20220823_033000.WAV,Telephone Field,recover-20220825,002,1795
767.9045,767.9116,56406,65587,Pipistrellus pygmaeus,0.038,0.04,-1,Echolocation,/mnt/ubna_data_01_mir/recover-20220825/UBNA_002/20220823_033000.WAV,Telephone Field,recover-20220825,002,1795
767.9295,767.9341,43515,62812,Pipistrellus nathusii,0.398,0.456,-1,Echolocation,/mnt/ubna_data_01_mir/recover-20220825/UBNA_002/20220823_033000.WAV,Telephone Field,recover-20220825,002,1795
767.9365,767.943,34062,48091,Myotis brandtii,0.009,0.022,-1,Echolocation,/mnt/ubna_data_01_mir/recover-20220825/UBNA_002/20220823_033000.WAV,Telephone Field,recover-20220825,002,1795
767.9455,767.9872,68437,82878,Rhinolophus ferrumequinum,0.027,0.027,-1,Echolocation,/mnt/ubna_data_01_mir/recover-20220825/UBNA_002/20220823_033000.WAV,Telephone Field,recover-20220825,002,1795
767.9845,767.9952,32343,39004,Barbastellus barbastellus,0.01,0.037,-1,Echolocation,/mnt/ubna_data_01_mir/recover-20220825/UBNA_002/20220823_033000.WAV,Telephone Field,recover-20220825,002,1795
767.9895,767.9989,42656,52344,Pipistrellus nathusii,0.018,0.029,-1,Echolocation,/mnt/ubna_data_01_mir/recover-20220825/UBNA_002/20220823_033000.WAV,Telephone Field,recover-20220825,002,1795
768.0015,768.0114,47812,55129,Pipistrellus pipistrellus,0.021,0.029,-1,Echolocation,/mnt/ubna_data_01_mir/recover-20220825/UBNA_002/20220823_033000.WAV,Telephone Field,recover-20220825,002,1795
768.0015,768.0149,21171,26912,Nyctalus leisleri,0.022,0.052,-1,Echolocation,/mnt/ubna_data_01_mir/recover-20220825/UBNA_002/20220823_033000.WAV,Telephone Field,recover-20220825,002,1795
768.0015,768.0348,68437,79824,Rhinolophus ferrumequinum,0.056,0.056,-1,Echolocation,/mnt/ubna_data_01_mir/recover-20220825/UBNA_002/20220823_033000.WAV,Telephone Field,recover-20220825,002,1795
768.0015,768.0103,34062,42710,Pipistrellus nathusii,0.008,0.024,-1,Echolocation,/mnt/ubna_data_01_mir/recover-20220825/UBNA_002/20220823_033000.WAV,Telephone Field,recover-20220825,002,1795
768.0145,768.0561,68437,82343,Rhinolophus ferrumequinum,0.024,0.024,-1,Echolocation,/mnt/ubna_data_01_mir/recover-20220825/UBNA_002/20220823_033000.WAV,Telephone Field,recover-20220825,002,1795
768.0295,768.0366,46093,62265,Myotis mystacinus,0.01,0.03,-1,Echolocation,/mnt/ubna_data_01_mir/recover-20220825/UBNA_002/20220823_033000.WAV,Telephone Field,recover-20220825,002,1795
768.0305,768.0408,51250,56381,Pipistrellus pipistrellus,0.02,0.036,-1,Echolocation,/mnt/ubna_data_01_mir/recover-20220825/UBNA_002/20220823_033000.WAV,Telephone Field,recover-20220825,002,1795
768.0375,768.0443,32343,76807,Myotis brandtii,0.459,0.525,-1,Echolocation,/mnt/ubna_data_01_mir/recover-20220825/UBNA_002/20220823_033000.WAV,Telephone Field,recover-20220825,002,1795
768.0395,768.0462,45234,50223,Pipistrellus pipistrellus,0.027,0.041,-1,Echolocation,/mnt/ubna_data_01_mir/recover-20220825/UBNA_002/20220823_033000.WAV,Telephone Field,recover-20220825,002,1795
768.0465,768.0523,31484,45710,Myotis daubentonii,0.009,0.02,-1,Echolocation,/mnt/ubna_data_01_mir/recover-20220825/UBNA_002/20220823_033000.WAV,Telephone Field,recover-20220825,002,1795
768.0525,768.0894,68437,81732,Rhinolophus ferrumequinum,0.021,0.021,-1,Echolocation,/mnt/ubna_data_01_mir/recover-20220825/UBNA_002/20220823_033000.WAV,Telephone Field,recover-20220825,002,1795
768.0985000000001,768.1385,68437,82163,Rhinolophus ferrumequinum,0.022,0.022,-1,Echolocation,/mnt/ubna_data_01_mir/recover-20220825/UBNA_002/20220823_033000.WAV,Telephone Field,recover-20220825,002,1795
768.1395,768.1448,39218,60302,Myotis brandtii,0.187,0.442,-1,Echolocation,/mnt/ubna_data_01_mir/recover-20220825/UBNA_002/20220823_033000.WAV,Telephone Field,recover-20220825,002,1795
768.1395,768.1442,28046,77758,Myotis brandtii,0.036,0.076,-1,Echolocation,/mnt/ubna_data_01_mir/recover-20220825/UBNA_002/20220823_033000.WAV,Telephone Field,recover-20220825,002,1795
768.1575,768.2007,68437,83599,Rhinolophus ferrumequinum,0.037,0.037,-1,Echolocation,/mnt/ubna_data_01_mir/recover-20220825/UBNA_002/20220823_033000.WAV,Telephone Field,recover-20220825,002,1795
768.1825,768.1877,46093,59874,Myotis mystacinus,0.01,0.033,-1,Echolocation,/mnt/ubna_data_01_mir/recover-20220825/UBNA_002/20220823_033000.WAV,Telephone Field,recover-20220825,002,1795
768.1845,768.1912,38359,53100,Pipistrellus nathusii,0.012,0.031,-1,Echolocation,/mnt/ubna_data_01_mir/recover-20220825/UBNA_002/20220823_033000.WAV,Telephone Field,recover-20220825,002,1795
768.2215,768.2284,27187,38066,Eptesicus serotinus,0.008,0.023,-1,Echolocation,/mnt/ubna_data_01_mir/recover-20220825/UBNA_002/20220823_033000.WAV,Telephone Field,recover-20220825,002,1795
768.2275,768.266,68437,82356,Rhinolophus ferrumequinum,0.024,0.024,-1,Echolocation,/mnt/ubna_data_01_mir/recover-20220825/UBNA_002/20220823_033000.WAV,Telephone Field,recover-20220825,002,1795
768.2375,768.2435,39218,53461,Pipistrellus nathusii,0.219,0.431,-1,Echolocation,/mnt/ubna_data_01_mir/recover-20220825/UBNA_002/20220823_033000.WAV,Telephone Field,recover-20220825,002,1795
768.2455,768.2804,68437,81619,Rhinolophus ferrumequinum,0.022,0.022,-1,Echolocation,/mnt/ubna_data_01_mir/recover-20220825/UBNA_002/20220823_033000.WAV,Telephone Field,recover-20220825,002,1795
768.2685,768.2797,23750,28808,Nyctalus leisleri,0.009,0.022,-1,Echolocation,/mnt/ubna_data_01_mir/recover-20220825/UBNA_002/20220823_033000.WAV,Telephone Field,recover-20220825,002,1795
768.2715,768.3106,68437,82435,Rhinolophus ferrumequinum,0.026,0.026,-1,Echolocation,/mnt/ubna_data_01_mir/recover-20220825/UBNA_002/20220823_033000.WAV,Telephone Field,recover-20220825,002,1795
768.3395,768.3531,42656,47859,Pipistrellus nathusii,0.376,0.392,-1,Echolocation,/mnt/ubna_data_01_mir/recover-20220825/UBNA_002/20220823_033000.WAV,Telephone Field,recover-20220825,002,1795
768.3655,768.406,68437,82002,Rhinolophus ferrumequinum,0.023,0.023,-1,Echolocation,/mnt/ubna_data_01_mir/recover-20220825/UBNA_002/20220823_033000.WAV,Telephone Field,recover-20220825,002,1795
768.3735,768.4135,68437,81960,Rhinolophus ferrumequinum,0.022,0.022,-1,Echolocation,/mnt/ubna_data_01_mir/recover-20220825/UBNA_002/20220823_033000.WAV,Telephone Field,recover-20220825,002,1795
768.3795,768.419,68437,81811,Rhinolophus ferrumequinum,0.021,0.021,-1,Echolocation,/mnt/ubna_data_01_mir/recover-20220825/UBNA_002/20220823_033000.WAV,Telephone Field,recover-20220825,002,1795
768.3855,768.4225,68437,81233,Rhinolophus ferrumequinum,0.02,0.02,-1,Echolocation,/mnt/ubna_data_01_mir/recover-20220825/UBNA_002/20220823_033000.WAV,Telephone Field,recover-20220825,002,1795
768.3895,768.4037,21171,24879,Nyctalus leisleri,0.012,0.021,-1,Echolocation,/mnt/ubna_data_01_mir/recover-20220825/UBNA_002/20220823_033000.WAV,Telephone Field,recover-20220825,002,1795
768.3915,768.3991,27187,36433,Eptesicus serotinus,0.006,0.021,-1,Echolocation,/mnt/ubna_data_01_mir/recover-20220825/UBNA_002/20220823_033000.WAV,Telephone Field,recover-20220825,002,1795
768.4175,768.4247,60703,66526,Pipistrellus pygmaeus,0.052,0.054,-1,Echolocation,/mnt/ubna_data_01_mir/recover-20220825/UBNA_002/20220823_033000.WAV,Telephone Field,recover-20220825,002,1795
768.4505,768.49,68437,83006,Rhinolophus ferrumequinum,0.024,0.024,-1,Echolocation,/mnt/ubna_data_01_mir/recover-20220825/UBNA_002/20220823_033000.WAV,Telephone Field,recover-20220825,002,1795
768.4655,768.5047,68437,82145,Rhinolophus ferrumequinum,0.02,0.02,-1,Echolocation,/mnt/ubna_data_01_mir/recover-20220825/UBNA_002/20220823_033000.WAV,Telephone Field,recover-20220825,002,1795
768.4835,768.4926,40937,50827,Pipistrellus nathusii,0.202,0.266,-1,Echolocation,/mnt/ubna_data_01_mir/recover-20220825/UBNA_002/20220823_033000.WAV,Telephone Field,recover-20220825,002,1795
768.5075,768.546,68437,82277,Rhinolophus ferrumequinum,0.021,0.021,-1,Echolocation,/mnt/ubna_data_01_mir/recover-20220825/UBNA_002/20220823_033000.WAV,Telephone Field,recover-20220825,002,1795
768.5145,768.553,68437,82188,Rhinolophus ferrumequinum,0.021,0.021,-1,Echolocation,/mnt/ubna_data_01_mir/recover-20220825/UBNA_002/20220823_033000.WAV,Telephone Field,recover-20220825,002,1795
768.5285,768.5671,68437,82237,Rhinolophus ferrumequinum,0.022,0.022,-1,Echolocation,/mnt/ubna_data_01_mir/recover-20220825/UBNA_002/20220823_033000.WAV,Telephone Field,recover-20220825,002,1795
768.5595,768.5666,46093,53732,Pipistrellus pipistrellus,0.017,0.023,-1,Echolocation,/mnt/ubna_data_01_mir/recover-20220825/UBNA_002/20220823_033000.WAV,Telephone Field,recover-20220825,002,1795
768.5605,768.5668000000001,40937,55540,Myotis brandtii,0.009,0.023,-1,Echolocation,/mnt/ubna_data_01_mir/recover-20220825/UBNA_002/20220823_033000.WAV,Telephone Field,recover-20220825,002,1795
768.5625,768.5697,26328,39150,Eptesicus serotinus,0.006,0.02,-1,Echolocation,/mnt/ubna_data_01_mir/recover-20220825/UBNA_002/20220823_033000.WAV,Telephone Field,recover-20220825,002,1795
768.5785,768.6163,68437,81177,Rhinolophus ferrumequinum,0.021,0.021,-1,Echolocation,/mnt/ubna_data_01_mir/recover-20220825/UBNA_002/20220823_033000.WAV,Telephone Field,recover-20220825,002,1795
768.5965,768.6035,26328,38440,Eptesicus serotinus,0.006,0.02,-1,Echolocation,/mnt/ubna_data_01_mir/recover-20220825/UBNA_002/20220823_033000.WAV,Telephone Field,recover-20220825,002,1795
768.5965,768.6034,40937,53686,Myotis brandtii,0.009,0.022,-1,Echolocation,/mnt/ubna_data_01_mir/recover-20220825/UBNA_002/20220823_033000.WAV,Telephone Field,recover-20220825,002,1795
768.6115,768.6204,27187,35856,Eptesicus serotinus,0.007,0.022,-1,Echolocation,/mnt/ubna_data_01_mir/recover-20220825/UBNA_002/20220823_033000.WAV,Telephone Field,recover-20220825,002,1795
768.6635,768.671,26328,35113,Eptesicus serotinus,0.007,0.022,-1,Echolocation,/mnt/ubna_data_01_mir/recover-20220825/UBNA_002/20220823_033000.WAV,Telephone Field,recover-20220825,002,1795
768.6665,768.7069,68437,82871,Rhinolophus ferrumequinum,0.024,0.024,-1,Echolocation,/mnt/ubna_data_01_mir/recover-20220825/UBNA_002/20220823_033000.WAV,Telephone Field,recover-20220825,002,1795
768.6835,768.6916,40078,50123,Pipistrellus nathusii,0.121,0.2,-1,Echolocation,/mnt/ubna_data_01_mir/recover-20220825/UBNA_002/20220823_033000.WAV,Telephone Field,recover-20220825,002,1795
768.6845,768.7239,68437,82662,Rhinolophus ferrumequinum,0.021,0.021,-1,Echolocation,/mnt/ubna_data_01_mir/recover-20220825/UBNA_002/20220823_033000.WAV,Telephone Field,recover-20220825,002,1795
768.6995,768.7079,27187,35808,Eptesicus serotinus,0.01,0.026,-1,Echolocation,/mnt/ubna_data_01_mir/recover-20220825/UBNA_002/20220823_033000.WAV,Telephone Field,recover-20220825,002,1795
768.7165,768.724,48671,54003,Pipistrellus pipistrellus,0.019,0.022,-1,Echolocation,/mnt/ubna_data_01_mir/recover-20220825/UBNA_002/20220823_033000.WAV,Telephone Field,recover-20220825,002,1795
768.7465,768.7899,68437,82976,Rhinolophus ferrumequinum,0.03,0.03,-1,Echolocation,/mnt/ubna_data_01_mir/recover-20220825/UBNA_002/20220823_033000.WAV,Telephone Field,recover-20220825,002,1795
768.7485,768.759,26328,32745,Eptesicus serotinus,0.009,0.022,-1,Echolocation,/mnt/ubna_data_01_mir/recover-20220825/UBNA_002/20220823_033000.WAV,Telephone Field,recover-20220825,002,1795
768.7665,768.7725,36640,50734,Myotis brandtii,0.01,0.02,-1,Echolocation,/mnt/ubna_data_01_mir/recover-20220825/UBNA_002/20220823_033000.WAV,Telephone Field,recover-20220825,002,1795
768.7685,768.7758,26328,37911,Eptesicus serotinus,0.007,0.021,-1,Echolocation,/mnt/ubna_data_01_mir/recover-20220825/UBNA_002/20220823_033000.WAV,Telephone Field,recover-20220825,002,1795
768.7935,768.8035,40937,47266,Pipistrellus nathusii,0.012,0.022,-1,Echolocation,/mnt/ubna_data_01_mir/recover-20220825/UBNA_002/20220823_033000.WAV,Telephone Field,recover-20220825,002,1795
768.7995,768.8401,68437,82758,Rhinolophus ferrumequinum,0.024,0.024,-1,Echolocation,/mnt/ubna_data_01_mir/recover-20220825/UBNA_002/20220823_033000.WAV,Telephone Field,recover-20220825,002,1795
768.8265,768.8322000000001,38359,56012,Myotis brandtii,0.011,0.023,-1,Echolocation,/mnt/ubna_data_01_mir/recover-20220825/UBNA_002/20220823_033000.WAV,Telephone Field,recover-20220825,002,1795
768.8335,768.8667,68437,81065,Rhinolophus ferrumequinum,0.024,0.024,-1,Echolocation,/mnt/ubna_data_01_mir/recover-20220825/UBNA_002/20220823_033000.WAV,Telephone Field,recover-20220825,002,1795
768.8515,768.8897,68437,82201,Rhinolophus ferrumequinum,0.022,0.022,-1,Echolocation,/mnt/ubna_data_01_mir/recover-20220825/UBNA_002/20220823_033000.WAV,Telephone Field,recover-20220825,002,1795
768.8715,768.9053,68437,80773,Rhinolophus ferrumequinum,0.027,0.027,-1,Echolocation,/mnt/ubna_data_01_mir/recover-20220825/UBNA_002/20220823_033000.WAV,Telephone Field,recover-20220825,002,1795
768.9005,768.9127,40937,45550,Pipistrellus nathusii,0.086,0.097,-1,Echolocation,/mnt/ubna_data_01_mir/recover-20220825/UBNA_002/20220823_033000.WAV,Telephone Field,recover-20220825,002,1795
768.9055,768.9456,68437,82643,Rhinolophus ferrumequinum,0.023,0.023,-1,Echolocation,/mnt/ubna_data_01_mir/recover-20220825/UBNA_002/20220823_033000.WAV,Telephone Field,recover-20220825,002,1795
768.9715,769.0088,68437,81622,Rhinolophus ferrumequinum,0.024,0.024,-1,Echolocation,/mnt/ubna_data_01_mir/recover-20220825/UBNA_002/20220823_033000.WAV,Telephone Field,recover-20220825,002,1795
768.9905,769.0005,44375,49849,Pipistrellus pipistrellus,0.02,0.026,-1,Echolocation,/mnt/ubna_data_01_mir/recover-20220825/UBNA_002/20220823_033000.WAV,Telephone Field,recover-20220825,002,1795
769.0155,769.0262,27187,35032,Eptesicus serotinus,0.01,0.025,-1,Echolocation,/mnt/ubna_data_01_mir/recover-20220825/UBNA_002/20220823_033000.WAV,Telephone Field,recover-20220825,002,1795
769.0235,769.0345,28046,33535,Eptesicus serotinus,0.01,0.025,-1,Echolocation,/mnt/ubna_data_01_mir/recover-20220825/UBNA_002/20220823_033000.WAV,Telephone Field,recover-20220825,002,1795
769.0485,769.0857,68437,81336,Rhinolophus ferrumequinum,0.023,0.023,-1,Echolocation,/mnt/ubna_data_01_mir/recover-20220825/UBNA_002/20220823_033000.WAV,Telephone Field,recover-20220825,002,1795
769.0565,769.0935,68437,81001,Rhinolophus ferrumequinum,0.022,0.022,-1,Echolocation,/mnt/ubna_data_01_mir/recover-20220825/UBNA_002/20220823_033000.WAV,Telephone Field,recover-20220825,002,1795
769.0935,769.0991,35781,54545,Myotis brandtii,0.011,0.022,-1,Echolocation,/mnt/ubna_data_01_mir/recover-20220825/UBNA_002/20220823_033000.WAV,Telephone Field,recover-20220825,002,1795
769.1275,769.1652,68437,81488,Rhinolophus ferrumequinum,0.02,0.02,-1,Echolocation,/mnt/ubna_data_01_mir/recover-20220825/UBNA_002/20220823_033000.WAV,Telephone Field,recover-20220825,002,1795
769.1335,769.1414,40078,54703,Pipistrellus nathusii,0.258,0.35,-1,Echolocation,/mnt/ubna_data_01_mir/recover-20220825/UBNA_002/20220823_033000.WAV,Telephone Field,recover-20220825,002,1795
769.1795,769.2208,68437,82511,Rhinolophus ferrumequinum,0.023,0.023,-1,Echolocation,/mnt/ubna_data_01_mir/recover-20220825/UBNA_002/20220823_033000.WAV,Telephone Field,recover-20220825,002,1795
769.1825,769.1924,25468,32670,Eptesicus serotinus,0.008,0.022,-1,Echolocation,/mnt/ubna_data_01_mir/recover-20220825/UBNA_002/20220823_033000.WAV,Telephone Field,recover-20220825,002,1795
769.1915,769.2318,68437,82088,Rhinolophus ferrumequinum,0.022,0.022,-1,Echolocation,/mnt/ubna_data_01_mir/recover-20220825/UBNA_002/20220823_033000.WAV,Telephone Field,recover-20220825,002,1795
769.1975,769.2358,68437,82458,Rhinolophus ferrumequinum,0.021,0.021,-1,Echolocation,/mnt/ubna_data_01_mir/recover-20220825/UBNA_002/20220823_033000.WAV,Telephone Field,recover-20220825,002,1795
769.2485,769.2573,26328,36347,Eptesicus serotinus,0.009,0.023,-1,Echolocation,/mnt/ubna_data_01_mir/recover-20220825/UBNA_002/20220823_033000.WAV,Telephone Field,recover-20220825,002,1795
769.2515,769.2923,68437,82683,Rhinolophus ferrumequinum,0.025,0.025,-1,Echolocation,/mnt/ubna_data_01_mir/recover-20220825/UBNA_002/20220823_033000.WAV,Telephone Field,recover-20220825,002,1795
769.2525,769.2608,40937,48102,Pipistrellus nathusii,0.012,0.025,-1,Echolocation,/mnt/ubna_data_01_mir/recover-20220825/UBNA_002/20220823_033000.WAV,Telephone Field,recover-20220825,002,1795
769.2575,769.2652,26328,36148,Eptesicus serotinus,0.007,0.022,-1,Echolocation,/mnt/ubna_data_01_mir/recover-20220825/UBNA_002/20220823_033000.WAV,Telephone Field,recover-20220825,002,1795
769.2775,769.3148,68437,81408,Rhinolophus ferrumequinum,0.02,0.02,-1,Echolocation,/mnt/ubna_data_01_mir/recover-20220825/UBNA_002/20220823_033000.WAV,Telephone Field,recover-20220825,002,1795
769.3095,769.3471,68437,82091,Rhinolophus ferrumequinum,0.022,0.022,-1,Echolocation,/mnt/ubna_data_01_mir/recover-20220825/UBNA_002/20220823_033000.WAV,Telephone Field,recover-20220825,002,1795
769.3145,769.321,27187,36197,Eptesicus serotinus,0.005,0.021,-1,Echolocation,/mnt/ubna_data_01_mir/recover-20220825/UBNA_002/20220823_033000.WAV,Telephone Field,recover-20220825,002,1795
769.3315,769.3383,40078,51926,Pipistrellus nathusii,0.186,0.388,-1,Echolocation,/mnt/ubna_data_01_mir/recover-20220825/UBNA_002/20220823_033000.WAV,Telephone Field,recover-20220825,002,1795
769.3445,769.352,26328,35259,Eptesicus serotinus,0.006,0.021,-1,Echolocation,/mnt/ubna_data_01_mir/recover-20220825/UBNA_002/20220823_033000.WAV,Telephone Field,recover-20220825,002,1795
769.3455,769.3558,58125,64045,Pipistrellus pygmaeus,0.022,0.022,-1,Echolocation,/mnt/ubna_data_01_mir/recover-20220825/UBNA_002/20220823_033000.WAV,Telephone Field,recover-20220825,002,1795
769.3555,769.3633,28046,35737,Eptesicus serotinus,0.008,0.021,-1,Echolocation,/mnt/ubna_data_01_mir/recover-20220825/UBNA_002/20220823_033000.WAV,Telephone Field,recover-20220825,002,1795
769.3585,769.3674,22031,27950,Plecotus austriacus,0.007,0.021,-1,Echolocation,/mnt/ubna_data_01_mir/recover-20220825/UBNA_002/20220823_033000.WAV,Telephone Field,recover-20220825,002,1795
769.3615,769.3722,53828,58203,Pipistrellus pygmaeus,0.02,0.024,-1,Echolocation,/mnt/ubna_data_01_mir/recover-20220825/UBNA_002/20220823_033000.WAV,Telephone Field,recover-20220825,002,1795
769.3825,769.4218,68437,81819,Rhinolophus ferrumequinum,0.021,0.021,-1,Echolocation,/mnt/ubna_data_01_mir/recover-20220825/UBNA_002/20220823_033000.WAV,Telephone Field,recover-20220825,002,1795
769.4225,769.4601,68437,81303,Rhinolophus ferrumequinum,0.021,0.021,-1,Echolocation,/mnt/ubna_data_01_mir/recover-20220825/UBNA_002/20220823_033000.WAV,Telephone Field,recover-20220825,002,1795
769.4325,769.4381,39218,55519,Myotis brandtii,0.179,0.459,-1,Echolocation,/mnt/ubna_data_01_mir/recover-20220825/UBNA_002/20220823_033000.WAV,Telephone Field,recover-20220825,002,1795
769.4415,769.449,26328,35931,Eptesicus serotinus,0.007,0.025,-1,Echolocation,/mnt/ubna_data_01_mir/recover-20220825/UBNA_002/20220823_033000.WAV,Telephone Field,recover-20220825,002,1795
769.4785,769.4847,37500,48356,Myotis brandtii,0.009,0.023,-1,Echolocation,/mnt/ubna_data_01_mir/recover-20220825/UBNA_002/20220823_033000.WAV,Telephone Field,recover-20220825,002,1795
769.4965,769.5049,27187,35914,Eptesicus serotinus,0.007,0.021,-1,Echolocation,/mnt/ubna_data_01_mir/recover-20220825/UBNA_002/20220823_033000.WAV,Telephone Field,recover-20220825,002,1795
769.5305,769.5354,39218,54516,Myotis brandtii,0.107,0.234,-1,Echolocation,/mnt/ubna_data_01_mir/recover-20220825/UBNA_002/20220823_033000.WAV,Telephone Field,recover-20220825,002,1795
769.5465,769.5556,28046,36135,Eptesicus serotinus,0.008,0.022,-1,Echolocation,/mnt/ubna_data_01_mir/recover-20220825/UBNA_002/20220823_033000.WAV,Telephone Field,recover-20220825,002,1795
769.5715,769.6104,68437,82214,Rhinolophus ferrumequinum,0.021,0.022,-1,Echolocation,/mnt/ubna_data_01_mir/recover-20220825/UBNA_002/20220823_033000.WAV,Telephone Field,recover-20220825,002,1795
769.5855,769.5919,27187,38837,Eptesicus serotinus,0.006,0.024,-1,Echolocation,/mnt/ubna_data_01_mir/recover-20220825/UBNA_002/20220823_033000.WAV,Telephone Field,recover-20220825,002,1795
769.6055,769.6161,38359,42774,Pipistrellus nathusii,0.017,0.027,-1,Echolocation,/mnt/ubna_data_01_mir/recover-20220825/UBNA_002/20220823_033000.WAV,Telephone Field,recover-20220825,002,1795
769.6215,769.6263,38359,52094,Pipistrellus nathusii,0.298,0.521,-1,Echolocation,/mnt/ubna_data_01_mir/recover-20220825/UBNA_002/20220823_033000.WAV,Telephone Field,recover-20220825,002,1795
769.6345,769.6738,68437,81977,Rhinolophus ferrumequinum,0.022,0.022,-1,Echolocation,/mnt/ubna_data_01_mir/recover-20220825/UBNA_002/20220823_033000.WAV,Telephone Field,recover-20220825,002,1795
769.6395,769.6781,68437,81773,Rhinolophus ferrumequinum,0.022,0.022,-1,Echolocation,/mnt/ubna_data_01_mir/recover-20220825/UBNA_002/20220823_033000.WAV,Telephone Field,recover-20220825,002,1795
769.6595,769.6997,68437,82515,Rhinolophus ferrumequinum,0.025,0.025,-1,Echolocation,/mnt/ubna_data_01_mir/recover-20220825/UBNA_002/20220823_033000.WAV,Telephone Field,recover-20220825,002,1795
769.6765,769.717,68437,82093,Rhinolophus ferrumequinum,0.021,0.021,-1,Echolocation,/mnt/ubna_data_01_mir/recover-20220825/UBNA_002/20220823_033000.WAV,Telephone Field,recover-20220825,002,1795
769.6995,769.7078,39218,47948,Pipistrellus nathusii,0.016,0.028,-1,Echolocation,/mnt/ubna_data_01_mir/recover-20220825/UBNA_002/20220823_033000.WAV,Telephone Field,recover-20220825,002,1795
769.7185,769.7236,37500,51620,Myotis brandtii,0.085,0.234,-1,Echolocation,/mnt/ubna_data_01_mir/recover-20220825/UBNA_002/20220823_033000.WAV,Telephone Field,recover-20220825,002,1795
769.7295,769.7379,27187,33930,Eptesicus serotinus,0.006,0.021,-1,Echolocation,/mnt/ubna_data_01_mir/recover-20220825/UBNA_002/20220823_033000.WAV,Telephone Field,recover-20220825,002,1795
769.7755,769.8177,68437,82597,Rhinolophus ferrumequinum,0.032,0.032,-1,Echolocation,/mnt/ubna_data_01_mir/recover-20220825/UBNA_002/20220823_033000.WAV,Telephone Field,recover-20220825,002,1795
769.7925,769.8301,68437,81860,Rhinolophus ferrumequinum,0.021,0.021,-1,Echolocation,/mnt/ubna_data_01_mir/recover-20220825/UBNA_002/20220823_033000.WAV,Telephone Field,recover-20220825,002,1795
769.8065,769.8124,36640,51890,Pipistrellus nathusii,0.226,0.497,-1,Echolocation,/mnt/ubna_data_01_mir/recover-20220825/UBNA_002/20220823_033000.WAV,Telephone Field,recover-20220825,002,1795
769.8165,769.8226,30625,42725,Myotis daubentonii,0.012,0.022,-1,Echolocation,/mnt/ubna_data_01_mir/recover-20220825/UBNA_002/20220823_033000.WAV,Telephone Field,recover-20220825,002,1795
769.8475,769.8834,68437,81001,Rhinolophus ferrumequinum,0.02,0.021,-1,Echolocation,/mnt/ubna_data_01_mir/recover-20220825/UBNA_002/20220823_033000.WAV,Telephone Field,recover-20220825,002,1795
769.8565,769.8948,68437,81710,Rhinolophus ferrumequinum,0.026,0.026,-1,Echolocation,/mnt/ubna_data_01_mir/recover-20220825/UBNA_002/20220823_033000.WAV,Telephone Field,recover-20220825,002,1795
769.8945,769.9348,68437,82473,Rhinolophus ferrumequinum,0.023,0.023,-1,Echolocation,/mnt/ubna_data_01_mir/recover-20220825/UBNA_002/20220823_033000.WAV,Telephone Field,recover-20220825,002,1795
769.9014999999999,769.9062,26328,66196,Myotis bechsteinii,0.061,0.129,-1,Echolocation,/mnt/ubna_data_01_mir/recover-20220825/UBNA_002/20220823_033000.WAV,Telephone Field,recover-20220825,002,1795
769.9014999999999,769.9068,36640,51787,Pipistrellus nathusii,0.225,0.503,-1,Echolocation,/mnt/ubna_data_01_mir/recover-20220825/UBNA_002/20220823_033000.WAV,Telephone Field,recover-20220825,002,1795
769.9105,769.918,26328,35645,Eptesicus serotinus,0.006,0.022,-1,Echolocation,/mnt/ubna_data_01_mir/recover-20220825/UBNA_002/20220823_033000.WAV,Telephone Field,recover-20220825,002,1795
769.9285,769.9706,68437,83044,Rhinolophus ferrumequinum,0.033,0.033,-1,Echolocation,/mnt/ubna_data_01_mir/recover-20220825/UBNA_002/20220823_033000.WAV,Telephone Field,recover-20220825,002,1795
769.9295,769.939,28046,35975,Eptesicus serotinus,0.008,0.02,-1,Echolocation,/mnt/ubna_data_01_mir/recover-20220825/UBNA_002/20220823_033000.WAV,Telephone Field,recover-20220825,002,1795
769.9475,769.9812,68437,79873,Rhinolophus ferrumequinum,0.023,0.024,-1,Echolocation,/mnt/ubna_data_01_mir/recover-20220825/UBNA_002/20220823_033000.WAV,Telephone Field,recover-20220825,002,1795
769.9545,769.9927,68437,81739,Rhinolophus ferrumequinum,0.022,0.022,-1,Echolocation,/mnt/ubna_data_01_mir/recover-20220825/UBNA_002/20220823_033000.WAV,Telephone Field,recover-20220825,002,1795
769.9835,769.9914,24609,35392,Myotis nattereri,0.005,0.022,-1,Echolocation,/mnt/ubna_data_01_mir/recover-20220825/UBNA_002/20220823_033000.WAV,Telephone Field,recover-20220825,002,1795
770.0015,770.0337,68437,79602,Rhinolophus ferrumequinum,0.034,0.034,-1,Echolocation,/mnt/ubna_data_01_mir/recover-20220825/UBNA_002/20220823_033000.WAV,Telephone Field,recover-20220825,002,1795
770.0045,770.0155,28046,36315,Eptesicus serotinus,0.018,0.037,-1,Echolocation,/mnt/ubna_data_01_mir/recover-20220825/UBNA_002/20220823_033000.WAV,Telephone Field,recover-20220825,002,1795
770.0075,770.0494,68437,82756,Rhinolophus ferrumequinum,0.027,0.027,-1,Echolocation,/mnt/ubna_data_01_mir/recover-20220825/UBNA_002/20220823_033000.WAV,Telephone Field,recover-20220825,002,1795
770.0155,770.0567,68437,82436,Rhinolophus ferrumequinum,0.025,0.025,-1,Echolocation,/mnt/ubna_data_01_mir/recover-20220825/UBNA_002/20220823_033000.WAV,Telephone Field,recover-20220825,002,1795
770.0165,770.0237,29765,39796,Eptesicus serotinus,0.011,0.04,-1,Echolocation,/mnt/ubna_data_01_mir/recover-20220825/UBNA_002/20220823_033000.WAV,Telephone Field,recover-20220825,002,1795
770.0535,770.0932,68437,82447,Rhinolophus ferrumequinum,0.022,0.022,-1,Echolocation,/mnt/ubna_data_01_mir/recover-20220825/UBNA_002/20220823_033000.WAV,Telephone Field,recover-20220825,002,1795
770.0605,770.0982,68437,82230,Rhinolophus ferrumequinum,0.021,0.021,-1,Echolocation,/mnt/ubna_data_01_mir/recover-20220825/UBNA_002/20220823_033000.WAV,Telephone Field,recover-20220825,002,1795
770.0865,770.1242,68437,81514,Rhinolophus ferrumequinum,0.023,0.023,-1,Echolocation,/mnt/ubna_data_01_mir/recover-20220825/UBNA_002/20220823_033000.WAV,Telephone Field,recover-20220825,002,1795
770.1115,770.1514999999999,68437,82363,Rhinolophus ferrumequinum,0.024,0.024,-1,Echolocation,/mnt/ubna_data_01_mir/recover-20220825/UBNA_002/20220823_033000.WAV,Telephone Field,recover-20220825,002,1795
770.1205,770.1582,68437,81569,Rhinolophus ferrumequinum,0.022,0.022,-1,Echolocation,/mnt/ubna_data_01_mir/recover-20220825/UBNA_002/20220823_033000.WAV,Telephone Field,recover-20220825,002,1795
770.1215,770.1268,35781,49508,Myotis daubentonii,0.153,0.429,-1,Echolocation,/mnt/ubna_data_01_mir/recover-20220825/UBNA_002/20220823_033000.WAV,Telephone Field,recover-20220825,002,1795
770.1305,770.1389,26328,33814,Eptesicus serotinus,0.006,0.022,-1,Echolocation,/mnt/ubna_data_01_mir/recover-20220825/UBNA_002/20220823_033000.WAV,Telephone Field,recover-20220825,002,1795
770.1815,770.2198,68437,81860,Rhinolophus ferrumequinum,0.021,0.021,-1,Echolocation,/mnt/ubna_data_01_mir/recover-20220825/UBNA_002/20220823_033000.WAV,Telephone Field,recover-20220825,002,1795
770.1885,770.2013,22031,25586,Nyctalus leisleri,0.016,0.026,-1,Echolocation,/mnt/ubna_data_01_mir/recover-20220825/UBNA_002/20220823_033000.WAV,Telephone Field,recover-20220825,002,1795
770.2125,770.2182,36640,46198,Barbastellus barbastellus,0.151,0.354,-1,Echolocation,/mnt/ubna_data_01_mir/recover-20220825/UBNA_002/20220823_033000.WAV,Telephone Field,recover-20220825,002,1795
770.2165,770.2239,47812,52149,Pipistrellus pipistrellus,0.016,0.024,-1,Echolocation,/mnt/ubna_data_01_mir/recover-20220825/UBNA_002/20220823_033000.WAV,Telephone Field,recover-20220825,002,1795
770.2764999999999,770.3167,68437,81871,Rhinolophus ferrumequinum,0.022,0.022,-1,Echolocation,/mnt/ubna_data_01_mir/recover-20220825/UBNA_002/20220823_033000.WAV,Telephone Field,recover-20220825,002,1795
770.2835,770.2908,27187,39328,Eptesicus serotinus,0.008,0.026,-1,Echolocation,/mnt/ubna_data_01_mir/recover-20220825/UBNA_002/20220823_033000.WAV,Telephone Field,recover-20220825,002,1795
770.2995,770.308,15156,22943,Plecotus auritus,0.018,0.034,-1,Echolocation,/mnt/ubna_data_01_mir/recover-20220825/UBNA_002/20220823_033000.WAV,Telephone Field,recover-20220825,002,1795
770.3145,770.3203,36640,44360,Barbastellus barbastellus,0.089,0.114,-1,Echolocation,/mnt/ubna_data_01_mir/recover-20220825/UBNA_002/20220823_033000.WAV,Telephone Field,recover-20220825,002,1795
770.3455,770.3835,68437,81495,Rhinolophus ferrumequinum,0.022,0.022,-1,Echolocation,/mnt/ubna_data_01_mir/recover-20220825/UBNA_002/20220823_033000.WAV,Telephone Field,recover-20220825,002,1795
770.3515,770.3903,68437,81705,Rhinolophus ferrumequinum,0.022,0.022,-1,Echolocation,/mnt/ubna_data_01_mir/recover-20220825/UBNA_002/20220823_033000.WAV,Telephone Field,recover-20220825,002,1795
770.3715,770.3801,28046,40254,Eptesicus serotinus,0.007,0.021,-1,Echolocation,/mnt/ubna_data_01_mir/recover-20220825/UBNA_002/20220823_033000.WAV,Telephone Field,recover-20220825,002,1795
770.4095,770.4155,36640,46854,Myotis daubentonii,0.185,0.455,-1,Echolocation,/mnt/ubna_data_01_mir/recover-20220825/UBNA_002/20220823_033000.WAV,Telephone Field,recover-20220825,002,1795
770.4115,770.4454,68437,81073,Rhinolophus ferrumequinum,0.021,0.021,-1,Echolocation,/mnt/ubna_data_01_mir/recover-20220825/UBNA_002/20220823_033000.WAV,Telephone Field,recover-20220825,002,1795
770.4395,770.4796,68437,82914,Rhinolophus ferrumequinum,0.022,0.022,-1,Echolocation,/mnt/ubna_data_01_mir/recover-20220825/UBNA_002/20220823_033000.WAV,Telephone Field,recover-20220825,002,1795
770.4505,770.4898,68437,82371,Rhinolophus ferrumequinum,0.022,0.022,-1,Echolocation,/mnt/ubna_data_01_mir/recover-20220825/UBNA_002/20220823_033000.WAV,Telephone Field,recover-20220825,002,1795
770.4875,770.507,19453,22135,Nyctalus leisleri,0.013,0.022,-1,Echolocation,/mnt/ubna_data_01_mir/recover-20220825/UBNA_002/20220823_033000.WAV,Telephone Field,recover-20220825,002,1795
770.4885,770.5285,68437,81680,Rhinolophus ferrumequinum,0.029,0.029,-1,Echolocation,/mnt/ubna_data_01_mir/recover-20220825/UBNA_002/20220823_033000.WAV,Telephone Field,recover-20220825,002,1795
770.5025,770.5084,36640,49275,Pipistrellus nathusii,0.134,0.404,-1,Echolocation,/mnt/ubna_data_01_mir/recover-20220825/UBNA_002/20220823_033000.WAV,Telephone Field,recover-20220825,002,1795
770.5415,770.5506,28906,36643,Eptesicus serotinus,0.008,0.023,-1,Echolocation,/mnt/ubna_data_01_mir/recover-20220825/UBNA_002/20220823_033000.WAV,Telephone Field,recover-20220825,002,1795
770.5435,770.5836,68437,81544,Rhinolophus ferrumequinum,0.022,0.022,-1,Echolocation,/mnt/ubna_data_01_mir/recover-20220825/UBNA_002/20220823_033000.WAV,Telephone Field,recover-20220825,002,1795
770.5685,770.6086,68437,81714,Rhinolophus ferrumequinum,0.028,0.028,-1,Echolocation,/mnt/ubna_data_01_mir/recover-20220825/UBNA_002/20220823_033000.WAV,Telephone Field,recover-20220825,002,1795
770.5745,770.5845,28046,37188,Eptesicus serotinus,0.009,0.025,-1,Echolocation,/mnt/ubna_data_01_mir/recover-20220825/UBNA_002/20220823_033000.WAV,Telephone Field,recover-20220825,002,1795
770.6205,770.66,68437,81836,Rhinolophus ferrumequinum,0.023,0.023,-1,Echolocation,/mnt/ubna_data_01_mir/recover-20220825/UBNA_002/20220823_033000.WAV,Telephone Field,recover-20220825,002,1795
770.6665,770.6767,54687,60632,Pipistrellus pygmaeus,0.021,0.023,-1,Echolocation,/mnt/ubna_data_01_mir/recover-20220825/UBNA_002/20220823_033000.WAV,Telephone Field,recover-20220825,002,1795
770.6725,770.6787,50390,56405,Pipistrellus pipistrellus,0.017,0.021,-1,Echolocation,/mnt/ubna_data_01_mir/recover-20220825/UBNA_002/20220823_033000.WAV,Telephone Field,recover-20220825,002,1795
770.6745,770.6816,27187,37274,Eptesicus serotinus,0.008,0.03,-1,Echolocation,/mnt/ubna_data_01_mir/recover-20220825/UBNA_002/20220823_033000.WAV,Telephone Field,recover-20220825,002,1795
770.7235000000001,770.7302999999999,26328,40330,Eptesicus serotinus,0.006,0.023,-1,Echolocation,/mnt/ubna_data_01_mir/recover-20220825/UBNA_002/20220823_033000.WAV,Telephone Field,recover-20220825,002,1795
770.7305,770.7645,68437,80357,Rhinolophus ferrumequinum,0.023,0.023,-1,Echolocation,/mnt/ubna_data_01_mir/recover-20220825/UBNA_002/20220823_033000.WAV,Telephone Field,recover-20220825,002,1795
770.7435,770.7519,27187,38861,Eptesicus serotinus,0.009,0.023,-1,Echolocation,/mnt/ubna_data_01_mir/recover-20220825/UBNA_002/20220823_033000.WAV,Telephone Field,recover-20220825,002,1795
770.7445,770.7854,68437,82754,Rhinolophus ferrumequinum,0.031,0.031,-1,Echolocation,/mnt/ubna_data_01_mir/recover-20220825/UBNA_002/20220823_033000.WAV,Telephone Field,recover-20220825,002,1795
770.7505,770.7582,27187,38498,Eptesicus serotinus,0.007,0.021,-1,Echolocation,/mnt/ubna_data_01_mir/recover-20220825/UBNA_002/20220823_033000.WAV,Telephone Field,recover-20220825,002,1795
770.7935,770.8074,22031,25994,Nyctalus leisleri,0.013,0.025,-1,Echolocation,/mnt/ubna_data_01_mir/recover-20220825/UBNA_002/20220823_033000.WAV,Telephone Field,recover-20220825,002,1795
770.8045,770.8116,26328,40017,Eptesicus serotinus,0.006,0.022,-1,Echolocation,/mnt/ubna_data_01_mir/recover-20220825/UBNA_002/20220823_033000.WAV,Telephone Field,recover-20220825,002,1795
770.8065,770.8155,39218,44739,Pipistrellus nathusii,0.126,0.268,-1,Echolocation,/mnt/ubna_data_01_mir/recover-20220825/UBNA_002/20220823_033000.WAV,Telephone Field,recover-20220825,002,1795
770.8115,770.8182,25468,35840,Eptesicus serotinus,0.005,0.022,-1,Echolocation,/mnt/ubna_data_01_mir/recover-20220825/UBNA_002/20220823_033000.WAV,Telephone Field,recover-20220825,002,1795
770.8135,770.8522,68437,82119,Rhinolophus ferrumequinum,0.031,0.031,-1,Echolocation,/mnt/ubna_data_01_mir/recover-20220825/UBNA_002/20220823_033000.WAV,Telephone Field,recover-20220825,002,1795
770.8225,770.8619,68437,82589,Rhinolophus ferrumequinum,0.022,0.022,-1,Echolocation,/mnt/ubna_data_01_mir/recover-20220825/UBNA_002/20220823_033000.WAV,Telephone Field,recover-20220825,002,1795
770.8705,770.8786,22890,29880,Plecotus austriacus,0.007,0.022,-1,Echolocation,/mnt/ubna_data_01_mir/recover-20220825/UBNA_002/20220823_033000.WAV,Telephone Field,recover-20220825,002,1795
770.8725,770.8825,39218,44633,Pipistrellus nathusii,0.073,0.132,-1,Echolocation,/mnt/ubna_data_01_mir/recover-20220825/UBNA_002/20220823_033000.WAV,Telephone Field,recover-20220825,002,1795
770.8875,770.8976,27187,35285,Eptesicus serotinus,0.011,0.025,-1,Echolocation,/mnt/ubna_data_01_mir/recover-20220825/UBNA_002/20220823_033000.WAV,Telephone Field,recover-20220825,002,1795
770.9025,770.9402,68437,81847,Rhinolophus ferrumequinum,0.022,0.022,-1,Echolocation,/mnt/ubna_data_01_mir/recover-20220825/UBNA_002/20220823_033000.WAV,Telephone Field,recover-20220825,002,1795
770.9335,770.9764,68437,83136,Rhinolophus ferrumequinum,0.025,0.025,-1,Echolocation,/mnt/ubna_data_01_mir/recover-20220825/UBNA_002/20220823_033000.WAV,Telephone Field,recover-20220825,002,1795
770.9415,770.9471,36640,47753,Myotis daubentonii,0.076,0.175,-1,Echolocation,/mnt/ubna_data_01_mir/recover-20220825/UBNA_002/20220823_033000.WAV,Telephone Field,recover-20220825,002,1795
770.9805,771.024,68437,83363,Rhinolophus ferrumequinum,0.037,0.037,-1,Echolocation,/mnt/ubna_data_01_mir/recover-20220825/UBNA_002/20220823_033000.WAV,Telephone Field,recover-20220825,002,1795
771.0065,771.0485,68437,82656,Rhinolophus ferrumequinum,0.031,0.031,-1,Echolocation,/mnt/ubna_data_01_mir/recover-20220825/UBNA_002/20220823_033000.WAV,Telephone Field,recover-20220825,002,1795
771.0945,771.102,50390,56950,Pipistrellus pipistrellus,0.019,0.022,-1,Echolocation,/mnt/ubna_data_01_mir/recover-20220825/UBNA_002/20220823_033000.WAV,Telephone Field,recover-20220825,002,1795
771.0965,771.1378,68437,82698,Rhinolophus ferrumequinum,0.023,0.023,-1,Echolocation,/mnt/ubna_data_01_mir/recover-20220825/UBNA_002/20220823_033000.WAV,Telephone Field,recover-20220825,002,1795
771.1205,771.1279,28046,39744,Eptesicus serotinus,0.007,0.021,-1,Echolocation,/mnt/ubna_data_01_mir/recover-20220825/UBNA_002/20220823_033000.WAV,Telephone Field,recover-20220825,002,1795
771.1405,771.1836,68437,83270,Rhinolophus ferrumequinum,0.03,0.03,-1,Echolocation,/mnt/ubna_data_01_mir/recover-20220825/UBNA_002/20220823_033000.WAV,Telephone Field,recover-20220825,002,1795
771.1655,771.171,49531,53073,Pipistrellus pipistrellus,0.02,0.022,-1,Echolocation,/mnt/ubna_data_01_mir/recover-20220825/UBNA_002/20220823_033000.WAV,Telephone Field,recover-20220825,002,1795
771.1725,771.212,68437,82045,Rhinolophus ferrumequinum,0.024,0.025,-1,Echolocation,/mnt/ubna_data_01_mir/recover-20220825/UBNA_002/20220823_033000.WAV,Telephone Field,recover-20220825,002,1795
771.1915,771.1985,27187,37421,Eptesicus serotinus,0.006,0.022,-1,Echolocation,/mnt/ubna_data_01_mir/recover-20220825/UBNA_002/20220823_033000.WAV,Telephone Field,recover-20220825,002,1795
771.2825,771.3271,68437,83452,Rhinolophus ferrumequinum,0.027,0.027,-1,Echolocation,/mnt/ubna_data_01_mir/recover-20220825/UBNA_002/20220823_033000.WAV,Telephone Field,recover-20220825,002,1795
771.2905,771.3324,68437,82654,Rhinolophus ferrumequinum,0.024,0.024,-1,Echolocation,/mnt/ubna_data_01_mir/recover-20220825/UBNA_002/20220823_033000.WAV,Telephone Field,recover-20220825,002,1795
771.3445,771.3532,49531,52859,Pipistrellus pipistrellus,0.018,0.022,-1,Echolocation,/mnt/ubna_data_01_mir/recover-20220825/UBNA_002/20220823_033000.WAV,Telephone Field,recover-20220825,002,1795
771.3465,771.3561,25468,32500,Eptesicus serotinus,0.008,0.021,-1,Echolocation,/mnt/ubna_data_01_mir/recover-20220825/UBNA_002/20220823_033000.WAV,Telephone Field,recover-20220825,002,1795
771.4185,771.4537,68437,81405,Rhinolophus ferrumequinum,0.021,0.021,-1,Echolocation,/mnt/ubna_data_01_mir/recover-20220825/UBNA_002/20220823_033000.WAV,Telephone Field,recover-20220825,002,1795
771.4215,771.4433,18593,21189,Nyctalus noctula,0.016,0.032,-1,Echolocation,/mnt/ubna_data_01_mir/recover-20220825/UBNA_002/20220823_033000.WAV,Telephone Field,recover-20220825,002,1795
771.4275,771.4681,68437,82770,Rhinolophus ferrumequinum,0.025,0.025,-1,Echolocation,/mnt/ubna_data_01_mir/recover-20220825/UBNA_002/20220823_033000.WAV,Telephone Field,recover-20220825,002,1795
771.4695,771.4775,26328,36745,Eptesicus serotinus,0.007,0.021,-1,Echolocation,/mnt/ubna_data_01_mir/recover-20220825/UBNA_002/20220823_033000.WAV,Telephone Field,recover-20220825,002,1795
771.5205,771.5292,28046,36725,Eptesicus serotinus,0.009,0.023,-1,Echolocation,/mnt/ubna_data_01_mir/recover-20220825/UBNA_002/20220823_033000.WAV,Telephone Field,recover-20220825,002,1795
771.5385,771.5469,25468,34892,Eptesicus serotinus,0.01,0.024,-1,Echolocation,/mnt/ubna_data_01_mir/recover-20220825/UBNA_002/20220823_033000.WAV,Telephone Field,recover-20220825,002,1795
771.5685,771.5862,19453,23187,Nyctalus leisleri,0.012,0.025,-1,Echolocation,/mnt/ubna_data_01_mir/recover-20220825/UBNA_002/20220823_033000.WAV,Telephone Field,recover-20220825,002,1795
771.6175,771.6576,68437,82224,Rhinolophus ferrumequinum,0.021,0.021,-1,Echolocation,/mnt/ubna_data_01_mir/recover-20220825/UBNA_002/20220823_033000.WAV,Telephone Field,recover-20220825,002,1795
771.6555,771.6641,27187,37740,Eptesicus serotinus,0.008,0.022,-1,Echolocation,/mnt/ubna_data_01_mir/recover-20220825/UBNA_002/20220823_033000.WAV,Telephone Field,recover-20220825,002,1795
771.7425,771.7531,25468,31820,Eptesicus serotinus,0.01,0.024,-1,Echolocation,/mnt/ubna_data_01_mir/recover-20220825/UBNA_002/20220823_033000.WAV,Telephone Field,recover-20220825,002,1795
771.7575,771.7964,68437,82063,Rhinolophus ferrumequinum,0.022,0.022,-1,Echolocation,/mnt/ubna_data_01_mir/recover-20220825/UBNA_002/20220823_033000.WAV,Telephone Field,recover-20220825,002,1795
771.7625,771.802,68437,82775,Rhinolophus ferrumequinum,0.021,0.021,-1,Echolocation,/mnt/ubna_data_01_mir/recover-20220825/UBNA_002/20220823_033000.WAV,Telephone Field,recover-20220825,002,1795
771.7975,771.8102,22031,25794,Nyctalus leisleri,0.013,0.021,-1,Echolocation,/mnt/ubna_data_01_mir/recover-20220825/UBNA_002/20220823_033000.WAV,Telephone Field,recover-20220825,002,1795
771.8225,771.8307,23750,31899,Plecotus austriacus,0.009,0.023,-1,Echolocation,/mnt/ubna_data_01_mir/recover-20220825/UBNA_002/20220823_033000.WAV,Telephone Field,recover-20220825,002,1795
771.8665,771.8763,22890,28604,Nyctalus leisleri,0.008,0.023,-1,Echolocation,/mnt/ubna_data_01_mir/recover-20220825/UBNA_002/20220823_033000.WAV,Telephone Field,recover-20220825,002,1795
771.8775,771.8859,28046,38671,Eptesicus serotinus,0.01,0.028,-1,Echolocation,/mnt/ubna_data_01_mir/recover-20220825/UBNA_002/20220823_033000.WAV,Telephone Field,recover-20220825,002,1795
771.8985,771.9385,68437,82485,Rhinolophus ferrumequinum,0.028,0.028,-1,Echolocation,/mnt/ubna_data_01_mir/recover-20220825/UBNA_002/20220823_033000.WAV,Telephone Field,recover-20220825,002,1795
771.9055,771.9146,24609,32785,Eptesicus serotinus,0.007,0.021,-1,Echolocation,/mnt/ubna_data_01_mir/recover-20220825/UBNA_002/20220823_033000.WAV,Telephone Field,recover-20220825,002,1795
771.9255,771.931,46953,52872,Pipistrellus pipistrellus,0.026,0.028,-1,Echolocation,/mnt/ubna_data_01_mir/recover-20220825/UBNA_002/20220823_033000.WAV,Telephone Field,recover-20220825,002,1795
771.9265,771.9688,68437,82969,Rhinolophus ferrumequinum,0.028,0.028,-1,Echolocation,/mnt/ubna_data_01_mir/recover-20220825/UBNA_002/20220823_033000.WAV,Telephone Field,recover-20220825,002,1795
771.9265,771.9351,26328,37903,Eptesicus serotinus,0.007,0.021,-1,Echolocation,/mnt/ubna_data_01_mir/recover-20220825/UBNA_002/20220823_033000.WAV,Telephone Field,recover-20220825,002,1795
771.9605,771.9681,26328,37720,Eptesicus serotinus,0.006,0.022,-1,Echolocation,/mnt/ubna_data_01_mir/recover-20220825/UBNA_002/20220823_033000.WAV,Telephone Field,recover-20220825,002,1795
771.9775,771.9883,28906,37117,Eptesicus serotinus,0.013,0.03,-1,Echolocation,/mnt/ubna_data_01_mir/recover-20220825/UBNA_002/20220823_033000.WAV,Telephone Field,recover-20220825,002,1795
772.0015,772.0332,69296,80684,Rhinolophus ferrumequinum,0.03,0.03,-1,Echolocation,/mnt/ubna_data_01_mir/recover-20220825/UBNA_002/20220823_033000.WAV,Telephone Field,recover-20220825,002,1795
772.0015,772.0102,26328,37197,Nyctalus leisleri,0.007,0.028,-1,Echolocation,/mnt/ubna_data_01_mir/recover-20220825/UBNA_002/20220823_033000.WAV,Telephone Field,recover-20220825,002,1795
772.0015,772.012,21171,27721,Nyctalus leisleri,0.01,0.025,-1,Echolocation,/mnt/ubna_data_01_mir/recover-20220825/UBNA_002/20220823_033000.WAV,Telephone Field,recover-20220825,002,1795
772.0545,772.0944,68437,82318,Rhinolophus ferrumequinum,0.022,0.022,-1,Echolocation,/mnt/ubna_data_01_mir/recover-20220825/UBNA_002/20220823_033000.WAV,Telephone Field,recover-20220825,002,1795
772.1085,772.1479,68437,82570,Rhinolophus ferrumequinum,0.022,0.023,-1,Echolocation,/mnt/ubna_data_01_mir/recover-20220825/UBNA_002/20220823_033000.WAV,Telephone Field,recover-20220825,002,1795
772.1255,772.1383,22031,25952,Nyctalus leisleri,0.014,0.024,-1,Echolocation,/mnt/ubna_data_01_mir/recover-20220825/UBNA_002/20220823_033000.WAV,Telephone Field,recover-20220825,002,1795
772.1505,772.1906,68437,82432,Rhinolophus ferrumequinum,0.031,0.031,-1,Echolocation,/mnt/ubna_data_01_mir/recover-20220825/UBNA_002/20220823_033000.WAV,Telephone Field,recover-20220825,002,1795
772.1765,772.1861,22031,28287,Plecotus austriacus,0.009,0.022,-1,Echolocation,/mnt/ubna_data_01_mir/recover-20220825/UBNA_002/20220823_033000.WAV,Telephone Field,recover-20220825,002,1795
772.1765,772.2191,68437,83034,Rhinolophus ferrumequinum,0.022,0.022,-1,Echolocation,/mnt/ubna_data_01_mir/recover-20220825/UBNA_002/20220823_033000.WAV,Telephone Field,recover-20220825,002,1795
772.1875,772.2285,68437,82708,Rhinolophus ferrumequinum,0.024,0.024,-1,Echolocation,/mnt/ubna_data_01_mir/recover-20220825/UBNA_002/20220823_033000.WAV,Telephone Field,recover-20220825,002,1795
772.1975,772.2061,29765,37179,Eptesicus serotinus,0.01,0.024,-1,Echolocation,/mnt/ubna_data_01_mir/recover-20220825/UBNA_002/20220823_033000.WAV,Telephone Field,recover-20220825,002,1795
772.2925,772.2995,28046,41858,Eptesicus serotinus,0.006,0.021,-1,Echolocation,/mnt/ubna_data_01_mir/recover-20220825/UBNA_002/20220823_033000.WAV,Telephone Field,recover-20220825,002,1795
772.2925,772.3325,68437,82046,Rhinolophus ferrumequinum,0.025,0.025,-1,Echolocation,/mnt/ubna_data_01_mir/recover-20220825/UBNA_002/20220823_033000.WAV,Telephone Field,recover-20220825,002,1795
772.2995,772.3402,68437,82105,Rhinolophus ferrumequinum,0.025,0.025,-1,Echolocation,/mnt/ubna_data_01_mir/recover-20220825/UBNA_002/20220823_033000.WAV,Telephone Field,recover-20220825,002,1795
772.3085,772.3217,22890,26792,Nyctalus leisleri,0.014,0.024,-1,Echolocation,/mnt/ubna_data_01_mir/recover-20220825/UBNA_002/20220823_033000.WAV,Telephone Field,recover-20220825,002,1795
772.3465,772.3907,68437,83658,Rhinolophus ferrumequinum,0.034,0.034,-1,Echolocation,/mnt/ubna_data_01_mir/recover-20220825/UBNA_002/20220823_033000.WAV,Telephone Field,recover-20220825,002,1795
772.3755,772.3882,53828,57675,Pipistrellus pygmaeus,0.022,0.026,-1,Echolocation,/mnt/ubna_data_01_mir/recover-20220825/UBNA_002/20220823_033000.WAV,Telephone Field,recover-20220825,002,1795
772.3785,772.42,68437,82542,Rhinolophus ferrumequinum,0.023,0.023,-1,Echolocation,/mnt/ubna_data_01_mir/recover-20220825/UBNA_002/20220823_033000.WAV,Telephone Field,recover-20220825,002,1795
772.4065,772.4148,15156,24411,Plecotus auritus,0.022,0.04,-1,Echolocation,/mnt/ubna_data_01_mir/recover-20220825/UBNA_002/20220823_033000.WAV,Telephone Field,recover-20220825,002,1795
772.4215,772.4596,68437,81757,Rhinolophus ferrumequinum,0.023,0.023,-1,Echolocation,/mnt/ubna_data_01_mir/recover-20220825/UBNA_002/20220823_033000.WAV,Telephone Field,recover-20220825,002,1795
772.4505,772.4585,28906,41108,Eptesicus serotinus,0.007,0.022,-1,Echolocation,/mnt/ubna_data_01_mir/recover-20220825/UBNA_002/20220823_033000.WAV,Telephone Field,recover-20220825,002,1795
772.4605,772.5005,68437,82452,Rhinolophus ferrumequinum,0.06,0.06,-1,Echolocation,/mnt/ubna_data_01_mir/recover-20220825/UBNA_002/20220823_033000.WAV,Telephone Field,recover-20220825,002,1795
772.4655,772.4756,22890,29527,Nyctalus leisleri,0.008,0.025,-1,Echolocation,/mnt/ubna_data_01_mir/recover-20220825/UBNA_002/20220823_033000.WAV,Telephone Field,recover-20220825,002,1795
772.4885,772.5255,68437,81975,Rhinolophus ferrumequinum,0.021,0.021,-1,Echolocation,/mnt/ubna_data_01_mir/recover-20220825/UBNA_002/20220823_033000.WAV,Telephone Field,recover-20220825,002,1795
772.4965,772.5289,68437,80902,Rhinolophus ferrumequinum,0.025,0.025,-1,Echolocation,/mnt/ubna_data_01_mir/recover-20220825/UBNA_002/20220823_033000.WAV,Telephone Field,recover-20220825,002,1795
772.5125,772.5439,68437,81063,Rhinolophus ferrumequinum,0.022,0.022,-1,Echolocation,/mnt/ubna_data_01_mir/recover-20220825/UBNA_002/20220823_033000.WAV,Telephone Field,recover-20220825,002,1795
772.5295,772.5692,68437,82630,Rhinolophus ferrumequinum,0.026,0.026,-1,Echolocation,/mnt/ubna_data_01_mir/recover-20220825/UBNA_002/20220823_033000.WAV,Telephone Field,recover-20220825,002,1795
772.5725,772.5843,43515,46457,Pipistrellus pipistrellus,0.022,0.024,-1,Echolocation,/mnt/ubna_data_01_mir/recover-20220825/UBNA_002/20220823_033000.WAV,Telephone Field,recover-20220825,002,1795
772.5735,772.6133,68437,82248,Rhinolophus ferrumequinum,0.026,0.026,-1,Echolocation,/mnt/ubna_data_01_mir/recover-20220825/UBNA_002/20220823_033000.WAV,Telephone Field,recover-20220825,002,1795
772.6325,772.642,28906,38582,Eptesicus serotinus,0.009,0.022,-1,Echolocation,/mnt/ubna_data_01_mir/recover-20220825/UBNA_002/20220823_033000.WAV,Telephone Field,recover-20220825,002,1795
772.6355,772.6779,68437,82646,Rhinolophus ferrumequinum,0.024,0.024,-1,Echolocation,/mnt/ubna_data_01_mir/recover-20220825/UBNA_002/20220823_033000.WAV,Telephone Field,recover-20220825,002,1795
772.6405,772.6505,28906,36231,Eptesicus serotinus,0.009,0.022,-1,Echolocation,/mnt/ubna_data_01_mir/recover-20220825/UBNA_002/20220823_033000.WAV,Telephone Field,recover-20220825,002,1795
772.6675,772.7109,68437,82939,Rhinolophus ferrumequinum,0.036,0.036,-1,Echolocation,/mnt/ubna_data_01_mir/recover-20220825/UBNA_002/20220823_033000.WAV,Telephone Field,recover-20220825,002,1795
772.6835,772.7218,68437,82601,Rhinolophus ferrumequinum,0.022,0.022,-1,Echolocation,/mnt/ubna_data_01_mir/recover-20220825/UBNA_002/20220823_033000.WAV,Telephone Field,recover-20220825,002,1795
772.7355,772.7531,21171,23907,Nyctalus leisleri,0.015,0.024,-1,Echolocation,/mnt/ubna_data_01_mir/recover-20220825/UBNA_002/20220823_033000.WAV,Telephone Field,recover-20220825,002,1795
772.7455,772.7549,51250,56479,Pipistrellus pipistrellus,0.038,0.044,-1,Echolocation,/mnt/ubna_data_01_mir/recover-20220825/UBNA_002/20220823_033000.WAV,Telephone Field,recover-20220825,002,1795
772.7925,772.8257,68437,81564,Rhinolophus ferrumequinum,0.028,0.028,-1,Echolocation,/mnt/ubna_data_01_mir/recover-20220825/UBNA_002/20220823_033000.WAV,Telephone Field,recover-20220825,002,1795
772.8015,772.8423,68437,82448,Rhinolophus ferrumequinum,0.022,0.022,-1,Echolocation,/mnt/ubna_data_01_mir/recover-20220825/UBNA_002/20220823_033000.WAV,Telephone Field,recover-20220825,002,1795
772.8435,772.8825,68437,81975,Rhinolophus ferrumequinum,0.022,0.022,-1,Echolocation,/mnt/ubna_data_01_mir/recover-20220825/UBNA_002/20220823_033000.WAV,Telephone Field,recover-20220825,002,1795
772.8525,772.8598,28046,38446,Eptesicus serotinus,0.006,0.021,-1,Echolocation,/mnt/ubna_data_01_mir/recover-20220825/UBNA_002/20220823_033000.WAV,Telephone Field,recover-20220825,002,1795
772.8605,772.8994,68437,82514,Rhinolophus ferrumequinum,0.022,0.022,-1,Echolocation,/mnt/ubna_data_01_mir/recover-20220825/UBNA_002/20220823_033000.WAV,Telephone Field,recover-20220825,002,1795
772.8885,772.9308,68437,83125,Rhinolophus ferrumequinum,0.036,0.036,-1,Echolocation,/mnt/ubna_data_01_mir/recover-20220825/UBNA_002/20220823_033000.WAV,Telephone Field,recover-20220825,002,1795
772.9075,772.9236,21171,23856,Nyctalus leisleri,0.018,0.028,-1,Echolocation,/mnt/ubna_data_01_mir/recover-20220825/UBNA_002/20220823_033000.WAV,Telephone Field,recover-20220825,002,1795
772.9085,772.9496,68437,82441,Rhinolophus ferrumequinum,0.032,0.032,-1,Echolocation,/mnt/ubna_data_01_mir/recover-20220825/UBNA_002/20220823_033000.WAV,Telephone Field,recover-20220825,002,1795
772.9255,772.9319,28046,39741,Eptesicus serotinus,0.005,0.022,-1,Echolocation,/mnt/ubna_data_01_mir/recover-20220825/UBNA_002/20220823_033000.WAV,Telephone Field,recover-20220825,002,1795
772.9605,773.0012,68437,82491,Rhinolophus ferrumequinum,0.022,0.022,-1,Echolocation,/mnt/ubna_data_01_mir/recover-20220825/UBNA_002/20220823_033000.WAV,Telephone Field,recover-20220825,002,1795
773.0155,773.0572,68437,82840,Rhinolophus ferrumequinum,0.024,0.024,-1,Echolocation,/mnt/ubna_data_01_mir/recover-20220825/UBNA_002/20220823_033000.WAV,Telephone Field,recover-20220825,002,1795
773.0365,773.0443,28046,39408,Eptesicus serotinus,0.008,0.022,-1,Echolocation,/mnt/ubna_data_01_mir/recover-20220825/UBNA_002/20220823_033000.WAV,Telephone Field,recover-20220825,002,1795
773.0885,773.0961,24609,33845,Plecotus austriacus,0.009,0.028,-1,Echolocation,/mnt/ubna_data_01_mir/recover-20220825/UBNA_002/20220823_033000.WAV,Telephone Field,recover-20220825,002,1795
773.1025,773.113,22890,28352,Nyctalus leisleri,0.011,0.026,-1,Echolocation,/mnt/ubna_data_01_mir/recover-20220825/UBNA_002/20220823_033000.WAV,Telephone Field,recover-20220825,002,1795
773.1075,773.1485,68437,82882,Rhinolophus ferrumequinum,0.029,0.029,-1,Echolocation,/mnt/ubna_data_01_mir/recover-20220825/UBNA_002/20220823_033000.WAV,Telephone Field,recover-20220825,002,1795
773.1445,773.1824,68437,82341,Rhinolophus ferrumequinum,0.022,0.022,-1,Echolocation,/mnt/ubna_data_01_mir/recover-20220825/UBNA_002/20220823_033000.WAV,Telephone Field,recover-20220825,002,1795
773.1665,773.2032,68437,81286,Rhinolophus ferrumequinum,0.022,0.022,-1,Echolocation,/mnt/ubna_data_01_mir/recover-20220825/UBNA_002/20220823_033000.WAV,Telephone Field,recover-20220825,002,1795
773.1835,773.2246,68437,82460,Rhinolophus ferrumequinum,0.023,0.023,-1,Echolocation,/mnt/ubna_data_01_mir/recover-20220825/UBNA_002/20220823_033000.WAV,Telephone Field,recover-20220825,002,1795
773.2345,773.2422,27187,38061,Eptesicus serotinus,0.009,0.022,-1,Echolocation,/mnt/ubna_data_01_mir/recover-20220825/UBNA_002/20220823_033000.WAV,Telephone Field,recover-20220825,002,1795
773.2355,773.2756,68437,82240,Rhinolophus ferrumequinum,0.022,0.022,-1,Echolocation,/mnt/ubna_data_01_mir/recover-20220825/UBNA_002/20220823_033000.WAV,Telephone Field,recover-20220825,002,1795
773.2895,773.2997,22890,30488,Plecotus austriacus,0.012,0.038,-1,Echolocation,/mnt/ubna_data_01_mir/recover-20220825/UBNA_002/20220823_033000.WAV,Telephone Field,recover-20220825,002,1795
773.3025,773.3237,20312,23472,Nyctalus leisleri,0.016,0.035,-1,Echolocation,/mnt/ubna_data_01_mir/recover-20220825/UBNA_002/20220823_033000.WAV,Telephone Field,recover-20220825,002,1795
773.3215,773.3606,68437,82088,Rhinolophus ferrumequinum,0.023,0.023,-1,Echolocation,/mnt/ubna_data_01_mir/recover-20220825/UBNA_002/20220823_033000.WAV,Telephone Field,recover-20220825,002,1795
773.3545,773.3956000000001,68437,82985,Rhinolophus ferrumequinum,0.029,0.029,-1,Echolocation,/mnt/ubna_data_01_mir/recover-20220825/UBNA_002/20220823_033000.WAV,Telephone Field,recover-20220825,002,1795
773.3975,773.4371,68437,81727,Rhinolophus ferrumequinum,0.03,0.03,-1,Echolocation,/mnt/ubna_data_01_mir/recover-20220825/UBNA_002/20220823_033000.WAV,Telephone Field,recover-20220825,002,1795
773.4275,773.4669,68437,82614,Rhinolophus ferrumequinum,0.024,0.024,-1,Echolocation,/mnt/ubna_data_01_mir/recover-20220825/UBNA_002/20220823_033000.WAV,Telephone Field,recover-20220825,002,1795
773.4795,773.4897,24609,32403,Eptesicus serotinus,0.008,0.023,-1,Echolocation,/mnt/ubna_data_01_mir/recover-20220825/UBNA_002/20220823_033000.WAV,Telephone Field,recover-20220825,002,1795
773.4935,773.5313,68437,82306,Rhinolophus ferrumequinum,0.027,0.027,-1,Echolocation,/mnt/ubna_data_01_mir/recover-20220825/UBNA_002/20220823_033000.WAV,Telephone Field,recover-20220825,002,1795
773.4985,773.5063,26328,35756,Eptesicus serotinus,0.007,0.022,-1,Echolocation,/mnt/ubna_data_01_mir/recover-20220825/UBNA_002/20220823_033000.WAV,Telephone Field,recover-20220825,002,1795
773.5325,773.5712,68437,82290,Rhinolophus ferrumequinum,0.027,0.027,-1,Echolocation,/mnt/ubna_data_01_mir/recover-20220825/UBNA_002/20220823_033000.WAV,Telephone Field,recover-20220825,002,1795
773.5405,773.5793,68437,81931,Rhinolophus ferrumequinum,0.024,0.024,-1,Echolocation,/mnt/ubna_data_01_mir/recover-20220825/UBNA_002/20220823_033000.WAV,Telephone Field,recover-20220825,002,1795
773.5655,773.6043999999999,68437,82490,Rhinolophus ferrumequinum,0.021,0.021,-1,Echolocation,/mnt/ubna_data_01_mir/recover-20220825/UBNA_002/20220823_033000.WAV,Telephone Field,recover-20220825,002,1795
773.5775,773.5851,23750,32099,Plecotus austriacus,0.012,0.026,-1,Echolocation,/mnt/ubna_data_01_mir/recover-20220825/UBNA_002/20220823_033000.WAV,Telephone Field,recover-20220825,002,1795
773.5895,773.6316,68437,82322,Rhinolophus ferrumequinum,0.03,0.03,-1,Echolocation,/mnt/ubna_data_01_mir/recover-20220825/UBNA_002/20220823_033000.WAV,Telephone Field,recover-20220825,002,1795
773.6135,773.6511,68437,82052,Rhinolophus ferrumequinum,0.022,0.022,-1,Echolocation,/mnt/ubna_data_01_mir/recover-20220825/UBNA_002/20220823_033000.WAV,Telephone Field,recover-20220825,002,1795
773.6295,773.6386,28906,37387,Eptesicus serotinus,0.009,0.024,-1,Echolocation,/mnt/ubna_data_01_mir/recover-20220825/UBNA_002/20220823_033000.WAV,Telephone Field,recover-20220825,002,1795
773.6295,773.669,68437,82146,Rhinolophus ferrumequinum,0.023,0.023,-1,Echolocation,/mnt/ubna_data_01_mir/recover-20220825/UBNA_002/20220823_033000.WAV,Telephone Field,recover-20220825,002,1795
773.6305,773.6431,35781,39996,Pipistrellus nathusii,0.006,0.024,-1,Echolocation,/mnt/ubna_data_01_mir/recover-20220825/UBNA_002/20220823_033000.WAV,Telephone Field,recover-20220825,002,1795
773.6455,773.684,68437,82027,Rhinolophus ferrumequinum,0.021,0.022,-1,Echolocation,/mnt/ubna_data_01_mir/recover-20220825/UBNA_002/20220823_033000.WAV,Telephone Field,recover-20220825,002,1795
773.6545,773.6936,68437,82573,Rhinolophus ferrumequinum,0.026,0.026,-1,Echolocation,/mnt/ubna_data_01_mir/recover-20220825/UBNA_002/20220823_033000.WAV,Telephone Field,recover-20220825,002,1795
773.6625,773.6696,28906,39518,Eptesicus serotinus,0.006,0.024,-1,Echolocation,/mnt/ubna_data_01_mir/recover-20220825/UBNA_002/20220823_033000.WAV,Telephone Field,recover-20220825,002,1795
773.7445,773.7833,68437,82477,Rhinolophus ferrumequinum,0.025,0.025,-1,Echolocation,/mnt/ubna_data_01_mir/recover-20220825/UBNA_002/20220823_033000.WAV,Telephone Field,recover-20220825,002,1795
773.7735,773.8118,68437,81936,Rhinolophus ferrumequinum,0.022,0.022,-1,Echolocation,/mnt/ubna_data_01_mir/recover-20220825/UBNA_002/20220823_033000.WAV,Telephone Field,recover-20220825,002,1795
773.7785,773.7857,28046,40704,Eptesicus serotinus,0.009,0.025,-1,Echolocation,/mnt/ubna_data_01_mir/recover-20220825/UBNA_002/20220823_033000.WAV,Telephone Field,recover-20220825,002,1795
773.7955,773.8346,68437,82077,Rhinolophus ferrumequinum,0.022,0.022,-1,Echolocation,/mnt/ubna_data_01_mir/recover-20220825/UBNA_002/20220823_033000.WAV,Telephone Field,recover-20220825,002,1795
773.8355,773.8735,68437,82304,Rhinolophus ferrumequinum,0.027,0.027,-1,Echolocation,/mnt/ubna_data_01_mir/recover-20220825/UBNA_002/20220823_033000.WAV,Telephone Field,recover-20220825,002,1795
773.8465,773.8545,27187,38592,Eptesicus serotinus,0.007,0.025,-1,Echolocation,/mnt/ubna_data_01_mir/recover-20220825/UBNA_002/20220823_033000.WAV,Telephone Field,recover-20220825,002,1795
773.8485000000001,773.8584,22890,29063,Nyctalus leisleri,0.009,0.024,-1,Echolocation,/mnt/ubna_data_01_mir/recover-20220825/UBNA_002/20220823_033000.WAV,Telephone Field,recover-20220825,002,1795
773.8615,773.9019,68437,82659,Rhinolophus ferrumequinum,0.021,0.021,-1,Echolocation,/mnt/ubna_data_01_mir/recover-20220825/UBNA_002/20220823_033000.WAV,Telephone Field,recover-20220825,002,1795
773.8695,773.9116,68437,82584,Rhinolophus ferrumequinum,0.024,0.024,-1,Echolocation,/mnt/ubna_data_01_mir/recover-20220825/UBNA_002/20220823_033000.WAV,Telephone Field,recover-20220825,002,1795
773.8805,773.8873,24609,33853,Plecotus austriacus,0.011,0.027,-1,Echolocation,/mnt/ubna_data_01_mir/recover-20220825/UBNA_002/20220823_033000.WAV,Telephone Field,recover-20220825,002,1795
773.9195,773.9304,22890,28390,Nyctalus leisleri,0.012,0.026,-1,Echolocation,/mnt/ubna_data_01_mir/recover-20220825/UBNA_002/20220823_033000.WAV,Telephone Field,recover-20220825,002,1795
773.9205,773.9584,68437,81949,Rhinolophus ferrumequinum,0.022,0.022,-1,Echolocation,/mnt/ubna_data_01_mir/recover-20220825/UBNA_002/20220823_033000.WAV,Telephone Field,recover-20220825,002,1795
773.9885,773.9987,26328,35727,Eptesicus serotinus,0.01,0.021,-1,Echolocation,/mnt/ubna_data_01_mir/recover-20220825/UBNA_002/20220823_033000.WAV,Telephone Field,recover-20220825,002,1795
774.0015,774.0351,68437,79804,Rhinolophus ferrumequinum,0.033,0.034,-1,Echolocation,/mnt/ubna_data_01_mir/recover-20220825/UBNA_002/20220823_033000.WAV,Telephone Field,recover-20220825,002,1795
774.0015,774.0097,26328,34971,Nyctalus leisleri,0.014,0.052,-1,Echolocation,/mnt/ubna_data_01_mir/recover-20220825/UBNA_002/20220823_033000.WAV,Telephone Field,recover-20220825,002,1795
774.0325,774.0502,20312,23086,Nyctalus leisleri,0.017,0.029,-1,Echolocation,/mnt/ubna_data_01_mir/recover-20220825/UBNA_002/20220823_033000.WAV,Telephone Field,recover-20220825,002,1795
774.0995,774.1381,68437,82376,Rhinolophus ferrumequinum,0.023,0.023,-1,Echolocation,/mnt/ubna_data_01_mir/recover-20220825/UBNA_002/20220823_033000.WAV,Telephone Field,recover-20220825,002,1795
774.1155,774.1229,26328,37343,Eptesicus serotinus,0.006,0.023,-1,Echolocation,/mnt/ubna_data_01_mir/recover-20220825/UBNA_002/20220823_033000.WAV,Telephone Field,recover-20220825,002,1795
774.1585,774.1664,27187,37193,Eptesicus serotinus,0.008,0.026,-1,Echolocation,/mnt/ubna_data_01_mir/recover-20220825/UBNA_002/20220823_033000.WAV,Telephone Field,recover-20220825,002,1795
774.1705,774.1773,36640,49299,Myotis daubentonii,0.01,0.031,-1,Echolocation,/mnt/ubna_data_01_mir/recover-20220825/UBNA_002/20220823_033000.WAV,Telephone Field,recover-20220825,002,1795
774.1995,774.2388,68437,81939,Rhinolophus ferrumequinum,0.022,0.022,-1,Echolocation,/mnt/ubna_data_01_mir/recover-20220825/UBNA_002/20220823_033000.WAV,Telephone Field,recover-20220825,002,1795
774.1995,774.2071,27187,40497,Eptesicus serotinus,0.007,0.023,-1,Echolocation,/mnt/ubna_data_01_mir/recover-20220825/UBNA_002/20220823_033000.WAV,Telephone Field,recover-20220825,002,1795
774.2565,774.2966,68437,82822,Rhinolophus ferrumequinum,0.024,0.024,-1,Echolocation,/mnt/ubna_data_01_mir/recover-20220825/UBNA_002/20220823_033000.WAV,Telephone Field,recover-20220825,002,1795
774.2925,774.2997,26328,35962,Eptesicus serotinus,0.006,0.022,-1,Echolocation,/mnt/ubna_data_01_mir/recover-20220825/UBNA_002/20220823_033000.WAV,Telephone Field,recover-20220825,002,1795
774.3035,774.3433,68437,82462,Rhinolophus ferrumequinum,0.027,0.027,-1,Echolocation,/mnt/ubna_data_01_mir/recover-20220825/UBNA_002/20220823_033000.WAV,Telephone Field,recover-20220825,002,1795
774.3215,774.3329,24609,31112,Nyctalus leisleri,0.014,0.04,-1,Echolocation,/mnt/ubna_data_01_mir/recover-20220825/UBNA_002/20220823_033000.WAV,Telephone Field,recover-20220825,002,1795
774.3335,774.3717,68437,82139,Rhinolophus ferrumequinum,0.023,0.023,-1,Echolocation,/mnt/ubna_data_01_mir/recover-20220825/UBNA_002/20220823_033000.WAV,Telephone Field,recover-20220825,002,1795
774.3575,774.3931,68437,81362,Rhinolophus ferrumequinum,0.025,0.025,-1,Echolocation,/mnt/ubna_data_01_mir/recover-20220825/UBNA_002/20220823_033000.WAV,Telephone Field,recover-20220825,002,1795
774.3845,774.3945,25468,32927,Eptesicus serotinus,0.012,0.029,-1,Echolocation,/mnt/ubna_data_01_mir/recover-20220825/UBNA_002/20220823_033000.WAV,Telephone Field,recover-20220825,002,1795
774.3985,774.4058,27187,39686,Eptesicus serotinus,0.007,0.023,-1,Echolocation,/mnt/ubna_data_01_mir/recover-20220825/UBNA_002/20220823_033000.WAV,Telephone Field,recover-20220825,002,1795
774.4185,774.4614,68437,83416,Rhinolophus ferrumequinum,0.045,0.045,-1,Echolocation,/mnt/ubna_data_01_mir/recover-20220825/UBNA_002/20220823_033000.WAV,Telephone Field,recover-20220825,002,1795
774.4495,774.4879,68437,81868,Rhinolophus ferrumequinum,0.022,0.022,-1,Echolocation,/mnt/ubna_data_01_mir/recover-20220825/UBNA_002/20220823_033000.WAV,Telephone Field,recover-20220825,002,1795
774.4525,774.458,40937,49298,Pipistrellus nathusii,0.161,0.358,-1,Echolocation,/mnt/ubna_data_01_mir/recover-20220825/UBNA_002/20220823_033000.WAV,Telephone Field,recover-20220825,002,1795
774.4835,774.4907,27187,37338,Eptesicus serotinus,0.007,0.027,-1,Echolocation,/mnt/ubna_data_01_mir/recover-20220825/UBNA_002/20220823_033000.WAV,Telephone Field,recover-20220825,002,1795
774.4845,774.5241,68437,82703,Rhinolophus ferrumequinum,0.034,0.034,-1,Echolocation,/mnt/ubna_data_01_mir/recover-20220825/UBNA_002/20220823_033000.WAV,Telephone Field,recover-20220825,002,1795
774.5264999999999,774.535,27187,35557,Eptesicus serotinus,0.012,0.028,-1,Echolocation,/mnt/ubna_data_01_mir/recover-20220825/UBNA_002/20220823_033000.WAV,Telephone Field,recover-20220825,002,1795
774.5385,774.5453,40937,47962,Pipistrellus nathusii,0.233,0.421,-1,Echolocation,/mnt/ubna_data_01_mir/recover-20220825/UBNA_002/20220823_033000.WAV,Telephone Field,recover-20220825,002,1795
774.5425,774.5764,68437,81372,Rhinolophus ferrumequinum,0.023,0.023,-1,Echolocation,/mnt/ubna_data_01_mir/recover-20220825/UBNA_002/20220823_033000.WAV,Telephone Field,recover-20220825,002,1795
774.5495,774.5834,68437,80866,Rhinolophus ferrumequinum,0.022,0.022,-1,Echolocation,/mnt/ubna_data_01_mir/recover-20220825/UBNA_002/20220823_033000.WAV,Telephone Field,recover-20220825,002,1795
774.5915,774.6004,27187,39239,Eptesicus serotinus,0.009,0.025,-1,Echolocation,/mnt/ubna_data_01_mir/recover-20220825/UBNA_002/20220823_033000.WAV,Telephone Field,recover-20220825,002,1795
774.6265,774.667,68437,82387,Rhinolophus ferrumequinum,0.023,0.023,-1,Echolocation,/mnt/ubna_data_01_mir/recover-20220825/UBNA_002/20220823_033000.WAV,Telephone Field,recover-20220825,002,1795
774.6355,774.6416,40078,49243,Pipistrellus nathusii,0.17,0.392,-1,Echolocation,/mnt/ubna_data_01_mir/recover-20220825/UBNA_002/20220823_033000.WAV,Telephone Field,recover-20220825,002,1795
774.6455,774.6863,68437,82722,Rhinolophus ferrumequinum,0.028,0.028,-1,Echolocation,/mnt/ubna_data_01_mir/recover-20220825/UBNA_002/20220823_033000.WAV,Telephone Field,recover-20220825,002,1795
774.6735,774.7117,68437,82643,Rhinolophus ferrumequinum,0.027,0.027,-1,Echolocation,/mnt/ubna_data_01_mir/recover-20220825/UBNA_002/20220823_033000.WAV,Telephone Field,recover-20220825,002,1795
774.6755,774.6839,26328,35413,Eptesicus serotinus,0.007,0.022,-1,Echolocation,/mnt/ubna_data_01_mir/recover-20220825/UBNA_002/20220823_033000.WAV,Telephone Field,recover-20220825,002,1795
774.6825,774.6927,27187,35320,Eptesicus serotinus,0.009,0.024,-1,Echolocation,/mnt/ubna_data_01_mir/recover-20220825/UBNA_002/20220823_033000.WAV,Telephone Field,recover-20220825,002,1795
774.6935,774.6998,26328,44707,Eptesicus serotinus,0.008,0.031,-1,Echolocation,/mnt/ubna_data_01_mir/recover-20220825/UBNA_002/20220823_033000.WAV,Telephone Field,recover-20220825,002,1795
774.7055,774.7152,25468,32659,Eptesicus serotinus,0.011,0.027,-1,Echolocation,/mnt/ubna_data_01_mir/recover-20220825/UBNA_002/20220823_033000.WAV,Telephone Field,recover-20220825,002,1795
774.7245,774.7314,39218,46158,Pipistrellus nathusii,0.356,0.463,-1,Echolocation,/mnt/ubna_data_01_mir/recover-20220825/UBNA_002/20220823_033000.WAV,Telephone Field,recover-20220825,002,1795
774.7255,774.7319,25468,38482,Eptesicus serotinus,0.006,0.027,-1,Echolocation,/mnt/ubna_data_01_mir/recover-20220825/UBNA_002/20220823_033000.WAV,Telephone Field,recover-20220825,002,1795
774.7285,774.7673,68437,82341,Rhinolophus ferrumequinum,0.023,0.023,-1,Echolocation,/mnt/ubna_data_01_mir/recover-20220825/UBNA_002/20220823_033000.WAV,Telephone Field,recover-20220825,002,1795
774.7815,774.7883,29765,45675,Myotis daubentonii,0.011,0.024,-1,Echolocation,/mnt/ubna_data_01_mir/recover-20220825/UBNA_002/20220823_033000.WAV,Telephone Field,recover-20220825,002,1795
774.7855,774.7983,15156,20813,Nyctalus noctula,0.021,0.033,-1,Echolocation,/mnt/ubna_data_01_mir/recover-20220825/UBNA_002/20220823_033000.WAV,Telephone Field,recover-20220825,002,1795
774.8025,774.8113,27187,37772,Eptesicus serotinus,0.008,0.022,-1,Echolocation,/mnt/ubna_data_01_mir/recover-20220825/UBNA_002/20220823_033000.WAV,Telephone Field,recover-20220825,002,1795
774.8145,774.8538,68437,82015,Rhinolophus ferrumequinum,0.027,0.027,-1,Echolocation,/mnt/ubna_data_01_mir/recover-20220825/UBNA_002/20220823_033000.WAV,Telephone Field,recover-20220825,002,1795
774.8625,774.9011,68437,81770,Rhinolophus ferrumequinum,0.026,0.026,-1,Echolocation,/mnt/ubna_data_01_mir/recover-20220825/UBNA_002/20220823_033000.WAV,Telephone Field,recover-20220825,002,1795
774.8815,774.9179,68437,81928,Rhinolophus ferrumequinum,0.022,0.022,-1,Echolocation,/mnt/ubna_data_01_mir/recover-20220825/UBNA_002/20220823_033000.WAV,Telephone Field,recover-20220825,002,1795
774.9035,774.9124,40078,46566,Pipistrellus nathusii,0.137,0.177,-1,Echolocation,/mnt/ubna_data_01_mir/recover-20220825/UBNA_002/20220823_033000.WAV,Telephone Field,recover-20220825,002,1795
774.9045,774.9117,27187,43561,Myotis daubentonii,0.013,0.028,-1,Echolocation,/mnt/ubna_data_01_mir/recover-20220825/UBNA_002/20220823_033000.WAV,Telephone Field,recover-20220825,002,1795
774.9215,774.9607,68437,82442,Rhinolophus ferrumequinum,0.026,0.026,-1,Echolocation,/mnt/ubna_data_01_mir/recover-20220825/UBNA_002/20220823_033000.WAV,Telephone Field,recover-20220825,002,1795
774.9295,774.9635,68437,81324,Rhinolophus ferrumequinum,0.022,0.022,-1,Echolocation,/mnt/ubna_data_01_mir/recover-20220825/UBNA_002/20220823_033000.WAV,Telephone Field,recover-20220825,002,1795
774.9455,774.9535,26328,37853,Eptesicus serotinus,0.008,0.023,-1,Echolocation,/mnt/ubna_data_01_mir/recover-20220825/UBNA_002/20220823_033000.WAV,Telephone Field,recover-20220825,002,1795
774.9695,774.9774,27187,38048,Eptesicus serotinus,0.008,0.022,-1,Echolocation,/mnt/ubna_data_01_mir/recover-20220825/UBNA_002/20220823_033000.WAV,Telephone Field,recover-20220825,002,1795
775.0035,775.0459,68437,82735,Rhinolophus ferrumequinum,0.039,0.039,-1,Echolocation,/mnt/ubna_data_01_mir/recover-20220825/UBNA_002/20220823_033000.WAV,Telephone Field,recover-20220825,002,1795
775.0205,775.0261,41796,55493,Myotis daubentonii,0.013,0.042,-1,Echolocation,/mnt/ubna_data_01_mir/recover-20220825/UBNA_002/20220823_033000.WAV,Telephone Field,recover-20220825,002,1795
775.1165,775.129,24609,29509,Nyctalus leisleri,0.012,0.024,-1,Echolocation,/mnt/ubna_data_01_mir/recover-20220825/UBNA_002/20220823_033000.WAV,Telephone Field,recover-20220825,002,1795
775.1255,775.1652,68437,82549,Rhinolophus ferrumequinum,0.027,0.027,-1,Echolocation,/mnt/ubna_data_01_mir/recover-20220825/UBNA_002/20220823_033000.WAV,Telephone Field,recover-20220825,002,1795
775.1495,775.1876,68437,82323,Rhinolophus ferrumequinum,0.022,0.022,-1,Echolocation,/mnt/ubna_data_01_mir/recover-20220825/UBNA_002/20220823_033000.WAV,Telephone Field,recover-20220825,002,1795
775.1655,775.1743,27187,37074,Eptesicus serotinus,0.008,0.023,-1,Echolocation,/mnt/ubna_data_01_mir/recover-20220825/UBNA_002/20220823_033000.WAV,Telephone Field,recover-20220825,002,1795
775.2015,775.2399,68437,82078,Rhinolophus ferrumequinum,0.023,0.023,-1,Echolocation,/mnt/ubna_data_01_mir/recover-20220825/UBNA_002/20220823_033000.WAV,Telephone Field,recover-20220825,002,1795
775.2265,775.2361,40078,47414,Pipistrellus nathusii,0.013,0.027,-1,Echolocation,/mnt/ubna_data_01_mir/recover-20220825/UBNA_002/20220823_033000.WAV,Telephone Field,recover-20220825,002,1795
775.2495,775.2571,27187,36597,Eptesicus serotinus,0.007,0.027,-1,Echolocation,/mnt/ubna_data_01_mir/recover-20220825/UBNA_002/20220823_033000.WAV,Telephone Field,recover-20220825,002,1795
775.2845,775.2915,27187,42041,Eptesicus serotinus,0.007,0.023,-1,Echolocation,/mnt/ubna_data_01_mir/recover-20220825/UBNA_002/20220823_033000.WAV,Telephone Field,recover-20220825,002,1795
775.2935,775.3012,27187,38118,Eptesicus serotinus,0.008,0.023,-1,Echolocation,/mnt/ubna_data_01_mir/recover-20220825/UBNA_002/20220823_033000.WAV,Telephone Field,recover-20220825,002,1795
775.3075,775.3473,68437,82510,Rhinolophus ferrumequinum,0.036,0.036,-1,Echolocation,/mnt/ubna_data_01_mir/recover-20220825/UBNA_002/20220823_033000.WAV,Telephone Field,recover-20220825,002,1795
775.3105,775.3181,24609,33357,Plecotus austriacus,0.007,0.025,-1,Echolocation,/mnt/ubna_data_01_mir/recover-20220825/UBNA_002/20220823_033000.WAV,Telephone Field,recover-20220825,002,1795
775.3365,775.3471,51250,56160,Pipistrellus pipistrellus,0.02,0.031,-1,Echolocation,/mnt/ubna_data_01_mir/recover-20220825/UBNA_002/20220823_033000.WAV,Telephone Field,recover-20220825,002,1795
775.3425,775.3501,31484,42906,Myotis daubentonii,0.013,0.031,-1,Echolocation,/mnt/ubna_data_01_mir/recover-20220825/UBNA_002/20220823_033000.WAV,Telephone Field,recover-20220825,002,1795
775.3795,775.3878,27187,36723,Eptesicus serotinus,0.007,0.022,-1,Echolocation,/mnt/ubna_data_01_mir/recover-20220825/UBNA_002/20220823_033000.WAV,Telephone Field,recover-20220825,002,1795
775.3885,775.4295,68437,82695,Rhinolophus ferrumequinum,0.048,0.048,-1,Echolocation,/mnt/ubna_data_01_mir/recover-20220825/UBNA_002/20220823_033000.WAV,Telephone Field,recover-20220825,002,1795
775.4115,775.4174,30625,50024,Myotis daubentonii,0.017,0.028,-1,Echolocation,/mnt/ubna_data_01_mir/recover-20220825/UBNA_002/20220823_033000.WAV,Telephone Field,recover-20220825,002,1795
775.4425,775.4835,68437,82519,Rhinolophus ferrumequinum,0.024,0.024,-1,Echolocation,/mnt/ubna_data_01_mir/recover-20220825/UBNA_002/20220823_033000.WAV,Telephone Field,recover-20220825,002,1795
775.4635,775.5026,68437,82603,Rhinolophus ferrumequinum,0.023,0.023,-1,Echolocation,/mnt/ubna_data_01_mir/recover-20220825/UBNA_002/20220823_033000.WAV,Telephone Field,recover-20220825,002,1795
775.4655,775.4752,25468,32444,Nyctalus leisleri,0.008,0.025,-1,Echolocation,/mnt/ubna_data_01_mir/recover-20220825/UBNA_002/20220823_033000.WAV,Telephone Field,recover-20220825,002,1795
775.4715,775.5106,68437,82726,Rhinolophus ferrumequinum,0.023,0.023,-1,Echolocation,/mnt/ubna_data_01_mir/recover-20220825/UBNA_002/20220823_033000.WAV,Telephone Field,recover-20220825,002,1795
775.4795,775.5193,68437,82668,Rhinolophus ferrumequinum,0.022,0.022,-1,Echolocation,/mnt/ubna_data_01_mir/recover-20220825/UBNA_002/20220823_033000.WAV,Telephone Field,recover-20220825,002,1795
775.4815,775.4916,34062,39562,Pipistrellus nathusii,0.009,0.025,-1,Echolocation,/mnt/ubna_data_01_mir/recover-20220825/UBNA_002/20220823_033000.WAV,Telephone Field,recover-20220825,002,1795
775.4815,775.4892,27187,36220,Eptesicus serotinus,0.007,0.023,-1,Echolocation,/mnt/ubna_data_01_mir/recover-20220825/UBNA_002/20220823_033000.WAV,Telephone Field,recover-20220825,002,1795
775.4995,775.5081,27187,36206,Eptesicus serotinus,0.007,0.022,-1,Echolocation,/mnt/ubna_data_01_mir/recover-20220825/UBNA_002/20220823_033000.WAV,Telephone Field,recover-20220825,002,1795
775.5195,775.5308,23750,29299,Nyctalus leisleri,0.013,0.028,-1,Echolocation,/mnt/ubna_data_01_mir/recover-20220825/UBNA_002/20220823_033000.WAV,Telephone Field,recover-20220825,002,1795
775.5295,775.5373,27187,39479,Eptesicus serotinus,0.007,0.022,-1,Echolocation,/mnt/ubna_data_01_mir/recover-20220825/UBNA_002/20220823_033000.WAV,Telephone Field,recover-20220825,002,1795
775.5385,775.5778,68437,82640,Rhinolophus ferrumequinum,0.022,0.022,-1,Echolocation,/mnt/ubna_data_01_mir/recover-20220825/UBNA_002/20220823_033000.WAV,Telephone Field,recover-20220825,002,1795
775.5485,775.5574,26328,35457,Eptesicus serotinus,0.007,0.022,-1,Echolocation,/mnt/ubna_data_01_mir/recover-20220825/UBNA_002/20220823_033000.WAV,Telephone Field,recover-20220825,002,1795
775.5585,775.5675,28046,35623,Eptesicus serotinus,0.007,0.022,-1,Echolocation,/mnt/ubna_data_01_mir/recover-20220825/UBNA_002/20220823_033000.WAV,Telephone Field,recover-20220825,002,1795
775.6045,775.6474,68437,83197,Rhinolophus ferrumequinum,0.031,0.031,-1,Echolocation,/mnt/ubna_data_01_mir/recover-20220825/UBNA_002/20220823_033000.WAV,Telephone Field,recover-20220825,002,1795
775.6605,775.6679,38359,47476,Pipistrellus nathusii,0.228,0.388,-1,Echolocation,/mnt/ubna_data_01_mir/recover-20220825/UBNA_002/20220823_033000.WAV,Telephone Field,recover-20220825,002,1795
775.6715,775.6813,28046,35185,Eptesicus serotinus,0.008,0.025,-1,Echolocation,/mnt/ubna_data_01_mir/recover-20220825/UBNA_002/20220823_033000.WAV,Telephone Field,recover-20220825,002,1795
775.6785,775.7181,68437,81704,Rhinolophus ferrumequinum,0.023,0.023,-1,Echolocation,/mnt/ubna_data_01_mir/recover-20220825/UBNA_002/20220823_033000.WAV,Telephone Field,recover-20220825,002,1795
775.6965,775.7369,68437,82653,Rhinolophus ferrumequinum,0.025,0.025,-1,Echolocation,/mnt/ubna_data_01_mir/recover-20220825/UBNA_002/20220823_033000.WAV,Telephone Field,recover-20220825,002,1795
775.7045,775.7113,43515,52580,Pipistrellus pipistrellus,0.011,0.022,-1,Echolocation,/mnt/ubna_data_01_mir/recover-20220825/UBNA_002/20220823_033000.WAV,Telephone Field,recover-20220825,002,1795
775.7095,775.7201,26328,33682,Eptesicus serotinus,0.01,0.023,-1,Echolocation,/mnt/ubna_data_01_mir/recover-20220825/UBNA_002/20220823_033000.WAV,Telephone Field,recover-20220825,002,1795
775.7235000000001,775.7583,68437,81804,Rhinolophus ferrumequinum,0.028,0.028,-1,Echolocation,/mnt/ubna_data_01_mir/recover-20220825/UBNA_002/20220823_033000.WAV,Telephone Field,recover-20220825,002,1795
775.7235000000001,775.7305,27187,36503,Eptesicus serotinus,0.006,0.022,-1,Echolocation,/mnt/ubna_data_01_mir/recover-20220825/UBNA_002/20220823_033000.WAV,Telephone Field,recover-20220825,002,1795
775.7375,775.7488,22890,27490,Nyctalus leisleri,0.014,0.025,-1,Echolocation,/mnt/ubna_data_01_mir/recover-20220825/UBNA_002/20220823_033000.WAV,Telephone Field,recover-20220825,002,1795
775.7485,775.7557,40078,46891,Pipistrellus nathusii,0.248,0.376,-1,Echolocation,/mnt/ubna_data_01_mir/recover-20220825/UBNA_002/20220823_033000.WAV,Telephone Field,recover-20220825,002,1795
775.7785,775.8157,68437,81853,Rhinolophus ferrumequinum,0.03,0.03,-1,Echolocation,/mnt/ubna_data_01_mir/recover-20220825/UBNA_002/20220823_033000.WAV,Telephone Field,recover-20220825,002,1795
775.7795,775.7876,27187,37935,Eptesicus serotinus,0.007,0.022,-1,Echolocation,/mnt/ubna_data_01_mir/recover-20220825/UBNA_002/20220823_033000.WAV,Telephone Field,recover-20220825,002,1795
775.8045,775.8428,68437,82268,Rhinolophus ferrumequinum,0.023,0.023,-1,Echolocation,/mnt/ubna_data_01_mir/recover-20220825/UBNA_002/20220823_033000.WAV,Telephone Field,recover-20220825,002,1795
775.8105,775.8443,68437,81711,Rhinolophus ferrumequinum,0.022,0.022,-1,Echolocation,/mnt/ubna_data_01_mir/recover-20220825/UBNA_002/20220823_033000.WAV,Telephone Field,recover-20220825,002,1795
775.8145,775.82,38359,47954,Myotis daubentonii,0.043,0.085,-1,Echolocation,/mnt/ubna_data_01_mir/recover-20220825/UBNA_002/20220823_033000.WAV,Telephone Field,recover-20220825,002,1795
775.8625,775.9022,68437,82431,Rhinolophus ferrumequinum,0.023,0.023,-1,Echolocation,/mnt/ubna_data_01_mir/recover-20220825/UBNA_002/20220823_033000.WAV,Telephone Field,recover-20220825,002,1795
775.8875,775.9234,68437,81238,Rhinolophus ferrumequinum,0.022,0.022,-1,Echolocation,/mnt/ubna_data_01_mir/recover-20220825/UBNA_002/20220823_033000.WAV,Telephone Field,recover-20220825,002,1795
775.9005,775.9403,68437,83056,Rhinolophus ferrumequinum,0.044,0.044,-1,Echolocation,/mnt/ubna_data_01_mir/recover-20220825/UBNA_002/20220823_033000.WAV,Telephone Field,recover-20220825,002,1795
775.9215,775.9285,39218,48966,Pipistrellus nathusii,0.384,0.564,-1,Echolocation,/mnt/ubna_data_01_mir/recover-20220825/UBNA_002/20220823_033000.WAV,Telephone Field,recover-20220825,002,1795
775.9335,775.9701,68437,81803,Rhinolophus ferrumequinum,0.022,0.022,-1,Echolocation,/mnt/ubna_data_01_mir/recover-20220825/UBNA_002/20220823_033000.WAV,Telephone Field,recover-20220825,002,1795
775.9735000000001,775.982,28046,36380,Eptesicus serotinus,0.007,0.023,-1,Echolocation,/mnt/ubna_data_01_mir/recover-20220825/UBNA_002/20220823_033000.WAV,Telephone Field,recover-20220825,002,1795
775.9905,775.9989,25468,35970,Eptesicus serotinus,0.007,0.022,-1,Echolocation,/mnt/ubna_data_01_mir/recover-20220825/UBNA_002/20220823_033000.WAV,Telephone Field,recover-20220825,002,1795
776.0015,776.0322,68437,79543,Rhinolophus ferrumequinum,0.048,0.048,-1,Echolocation,/mnt/ubna_data_01_mir/recover-20220825/UBNA_002/20220823_033000.WAV,Telephone Field,recover-20220825,002,1795
776.0015,776.009,47812,58943,Pipistrellus pipistrellus,0.012,0.031,-1,Echolocation,/mnt/ubna_data_01_mir/recover-20220825/UBNA_002/20220823_033000.WAV,Telephone Field,recover-20220825,002,1795
776.0015,776.0095,23750,30531,Nyctalus leisleri,0.011,0.034,-1,Echolocation,/mnt/ubna_data_01_mir/recover-20220825/UBNA_002/20220823_033000.WAV,Telephone Field,recover-20220825,002,1795
776.0015,776.0079,37500,66378,Myotis brandtii,0.025,0.055,-1,Echolocation,/mnt/ubna_data_01_mir/recover-20220825/UBNA_002/20220823_033000.WAV,Telephone Field,recover-20220825,002,1795
776.0175,776.0235,38359,49941,Pipistrellus nathusii,0.242,0.466,-1,Echolocation,/mnt/ubna_data_01_mir/recover-20220825/UBNA_002/20220823_033000.WAV,Telephone Field,recover-20220825,002,1795
776.0255,776.0311,30625,41070,Myotis daubentonii,0.014,0.024,-1,Echolocation,/mnt/ubna_data_01_mir/recover-20220825/UBNA_002/20220823_033000.WAV,Telephone Field,recover-20220825,002,1795
776.0315,776.0701,68437,82036,Rhinolophus ferrumequinum,0.029,0.029,-1,Echolocation,/mnt/ubna_data_01_mir/recover-20220825/UBNA_002/20220823_033000.WAV,Telephone Field,recover-20220825,002,1795
776.1035,776.1084,36640,51880,Pipistrellus nathusii,0.307,0.472,-1,Echolocation,/mnt/ubna_data_01_mir/recover-20220825/UBNA_002/20220823_033000.WAV,Telephone Field,recover-20220825,002,1795
776.1055,776.1355,68437,80833,Rhinolophus ferrumequinum,0.037,0.037,-1,Echolocation,/mnt/ubna_data_01_mir/recover-20220825/UBNA_002/20220823_033000.WAV,Telephone Field,recover-20220825,002,1795
776.1125,776.1179,28906,39517,Myotis daubentonii,0.015,0.029,-1,Echolocation,/mnt/ubna_data_01_mir/recover-20220825/UBNA_002/20220823_033000.WAV,Telephone Field,recover-20220825,002,1795
776.1145,776.1483,68437,81197,Rhinolophus ferrumequinum,0.026,0.026,-1,Echolocation,/mnt/ubna_data_01_mir/recover-20220825/UBNA_002/20220823_033000.WAV,Telephone Field,recover-20220825,002,1795
776.1745,776.2151,68437,82093,Rhinolophus ferrumequinum,0.038,0.038,-1,Echolocation,/mnt/ubna_data_01_mir/recover-20220825/UBNA_002/20220823_033000.WAV,Telephone Field,recover-20220825,002,1795
776.2055,776.2449,68437,82588,Rhinolophus ferrumequinum,0.026,0.026,-1,Echolocation,/mnt/ubna_data_01_mir/recover-20220825/UBNA_002/20220823_033000.WAV,Telephone Field,recover-20220825,002,1795
776.2105,776.2173,40937,49919,Pipistrellus nathusii,0.318,0.53,-1,Echolocation,/mnt/ubna_data_01_mir/recover-20220825/UBNA_002/20220823_033000.WAV,Telephone Field,recover-20220825,002,1795
776.2735,776.2804,41796,50481,Pipistrellus nathusii,0.192,0.339,-1,Echolocation,/mnt/ubna_data_01_mir/recover-20220825/UBNA_002/20220823_033000.WAV,Telephone Field,recover-20220825,002,1795
776.3045,776.3095,50390,57789,Pipistrellus pipistrellus,0.049,0.067,-1,Echolocation,/mnt/ubna_data_01_mir/recover-20220825/UBNA_002/20220823_033000.WAV,Telephone Field,recover-20220825,002,1795
776.3125,776.3205,25468,36117,Eptesicus serotinus,0.008,0.026,-1,Echolocation,/mnt/ubna_data_01_mir/recover-20220825/UBNA_002/20220823_033000.WAV,Telephone Field,recover-20220825,002,1795
776.3235,776.362,68437,82084,Rhinolophus ferrumequinum,0.027,0.027,-1,Echolocation,/mnt/ubna_data_01_mir/recover-20220825/UBNA_002/20220823_033000.WAV,Telephone Field,recover-20220825,002,1795
776.3625,776.3746,57265,63682,Pipistrellus pygmaeus,0.023,0.024,-1,Echolocation,/mnt/ubna_data_01_mir/recover-20220825/UBNA_002/20220823_033000.WAV,Telephone Field,recover-20220825,002,1795
776.3685,776.3768,41796,49786,Pipistrellus nathusii,0.023,0.037,-1,Echolocation,/mnt/ubna_data_01_mir/recover-20220825/UBNA_002/20220823_033000.WAV,Telephone Field,recover-20220825,002,1795
776.3705,776.3786,28046,42644,Myotis daubentonii,0.01,0.024,-1,Echolocation,/mnt/ubna_data_01_mir/recover-20220825/UBNA_002/20220823_033000.WAV,Telephone Field,recover-20220825,002,1795
776.4105,776.4171,40078,51398,Myotis brandtii,0.023,0.068,-1,Echolocation,/mnt/ubna_data_01_mir/recover-20220825/UBNA_002/20220823_033000.WAV,Telephone Field,recover-20220825,002,1795
776.4745,776.4807,29765,53821,Myotis daubentonii,0.018,0.03,-1,Echolocation,/mnt/ubna_data_01_mir/recover-20220825/UBNA_002/20220823_033000.WAV,Telephone Field,recover-20220825,002,1795
776.5045,776.5147,23750,30487,Nyctalus leisleri,0.009,0.028,-1,Echolocation,/mnt/ubna_data_01_mir/recover-20220825/UBNA_002/20220823_033000.WAV,Telephone Field,recover-20220825,002,1795
776.5435,776.5802,68437,81712,Rhinolophus ferrumequinum,0.024,0.024,-1,Echolocation,/mnt/ubna_data_01_mir/recover-20220825/UBNA_002/20220823_033000.WAV,Telephone Field,recover-20220825,002,1795
776.5705,776.5829,22890,27248,Nyctalus leisleri,0.012,0.025,-1,Echolocation,/mnt/ubna_data_01_mir/recover-20220825/UBNA_002/20220823_033000.WAV,Telephone Field,recover-20220825,002,1795
776.5785,776.5883,34062,42226,Barbastellus barbastellus,0.008,0.026,-1,Echolocation,/mnt/ubna_data_01_mir/recover-20220825/UBNA_002/20220823_033000.WAV,Telephone Field,recover-20220825,002,1795
776.6175,776.6261,27187,38621,Eptesicus serotinus,0.009,0.024,-1,Echolocation,/mnt/ubna_data_01_mir/recover-20220825/UBNA_002/20220823_033000.WAV,Telephone Field,recover-20220825,002,1795
776.6635,776.7024,68437,82661,Rhinolophus ferrumequinum,0.024,0.024,-1,Echolocation,/mnt/ubna_data_01_mir/recover-20220825/UBNA_002/20220823_033000.WAV,Telephone Field,recover-20220825,002,1795
776.7135,776.7233,27187,36367,Eptesicus serotinus,0.013,0.029,-1,Echolocation,/mnt/ubna_data_01_mir/recover-20220825/UBNA_002/20220823_033000.WAV,Telephone Field,recover-20220825,002,1795
776.7855,776.8224,68437,81988,Rhinolophus ferrumequinum,0.032,0.032,-1,Echolocation,/mnt/ubna_data_01_mir/recover-20220825/UBNA_002/20220823_033000.WAV,Telephone Field,recover-20220825,002,1795
776.8085,776.8171,35781,46558,Myotis daubentonii,0.007,0.024,-1,Echolocation,/mnt/ubna_data_01_mir/recover-20220825/UBNA_002/20220823_033000.WAV,Telephone Field,recover-20220825,002,1795
776.8195,776.826,33203,41316,Myotis daubentonii,0.013,0.028,-1,Echolocation,/mnt/ubna_data_01_mir/recover-20220825/UBNA_002/20220823_033000.WAV,Telephone Field,recover-20220825,002,1795
776.8275,776.84,23750,28527,Nyctalus leisleri,0.018,0.036,-1,Echolocation,/mnt/ubna_data_01_mir/recover-20220825/UBNA_002/20220823_033000.WAV,Telephone Field,recover-20220825,002,1795
776.8915,776.9324,68437,82193,Rhinolophus ferrumequinum,0.025,0.025,-1,Echolocation,/mnt/ubna_data_01_mir/recover-20220825/UBNA_002/20220823_033000.WAV,Telephone Field,recover-20220825,002,1795
776.9145,776.9226,25468,36263,Eptesicus serotinus,0.008,0.024,-1,Echolocation,/mnt/ubna_data_01_mir/recover-20220825/UBNA_002/20220823_033000.WAV,Telephone Field,recover-20220825,002,1795
776.9805,776.9867,27187,43989,Myotis daubentonii,0.018,0.037,-1,Echolocation,/mnt/ubna_data_01_mir/recover-20220825/UBNA_002/20220823_033000.WAV,Telephone Field,recover-20220825,002,1795
776.9805,776.9917,41796,48069,Pipistrellus nathusii,0.04,0.051,-1,Echolocation,/mnt/ubna_data_01_mir/recover-20220825/UBNA_002/20220823_033000.WAV,Telephone Field,recover-20220825,002,1795
777.0385,777.0459,27187,36156,Eptesicus serotinus,0.007,0.024,-1,Echolocation,/mnt/ubna_data_01_mir/recover-20220825/UBNA_002/20220823_033000.WAV,Telephone Field,recover-20220825,002,1795
777.0725,777.0826,27187,35380,Eptesicus serotinus,0.01,0.024,-1,Echolocation,/mnt/ubna_data_01_mir/recover-20220825/UBNA_002/20220823_033000.WAV,Telephone Field,recover-20220825,002,1795
777.1435,777.1526,51250,55411,Pipistrellus pygmaeus,0.014,0.024,-1,Echolocation,/mnt/ubna_data_01_mir/recover-20220825/UBNA_002/20220823_033000.WAV,Telephone Field,recover-20220825,002,1795
777.1675,777.2078,68437,81978,Rhinolophus ferrumequinum,0.03,0.03,-1,Echolocation,/mnt/ubna_data_01_mir/recover-20220825/UBNA_002/20220823_033000.WAV,Telephone Field,recover-20220825,002,1795
777.1685,777.1754,36640,52052,Myotis brandtii,0.01,0.025,-1,Echolocation,/mnt/ubna_data_01_mir/recover-20220825/UBNA_002/20220823_033000.WAV,Telephone Field,recover-20220825,002,1795
777.1715,777.1781,31484,44671,Myotis daubentonii,0.013,0.027,-1,Echolocation,/mnt/ubna_data_01_mir/recover-20220825/UBNA_002/20220823_033000.WAV,Telephone Field,recover-20220825,002,1795
777.1765,777.1836,26328,36901,Eptesicus serotinus,0.007,0.024,-1,Echolocation,/mnt/ubna_data_01_mir/recover-20220825/UBNA_002/20220823_033000.WAV,Telephone Field,recover-20220825,002,1795
777.1795,777.1863,40078,48270,Myotis daubentonii,0.012,0.025,-1,Echolocation,/mnt/ubna_data_01_mir/recover-20220825/UBNA_002/20220823_033000.WAV,Telephone Field,recover-20220825,002,1795
777.2335,777.2715,68437,81818,Rhinolophus ferrumequinum,0.03,0.03,-1,Echolocation,/mnt/ubna_data_01_mir/recover-20220825/UBNA_002/20220823_033000.WAV,Telephone Field,recover-20220825,002,1795
777.2405,777.2494,26328,38973,Eptesicus serotinus,0.009,0.024,-1,Echolocation,/mnt/ubna_data_01_mir/recover-20220825/UBNA_002/20220823_033000.WAV,Telephone Field,recover-20220825,002,1795
777.2705,777.2766,36640,48357,Pipistrellus nathusii,0.246,0.48,-1,Echolocation,/mnt/ubna_data_01_mir/recover-20220825/UBNA_002/20220823_033000.WAV,Telephone Field,recover-20220825,002,1795
777.2825,777.2953,16015,20762,Nyctalus noctula,0.021,0.035,-1,Echolocation,/mnt/ubna_data_01_mir/recover-20220825/UBNA_002/20220823_033000.WAV,Telephone Field,recover-20220825,002,1795
777.3005,777.3079,32343,43774,Myotis daubentonii,0.011,0.024,-1,Echolocation,/mnt/ubna_data_01_mir/recover-20220825/UBNA_002/20220823_033000.WAV,Telephone Field,recover-20220825,002,1795
777.4055,777.4132,26328,38276,Eptesicus serotinus,0.007,0.024,-1,Echolocation,/mnt/ubna_data_01_mir/recover-20220825/UBNA_002/20220823_033000.WAV,Telephone Field,recover-20220825,002,1795
777.4325,777.4433,26328,35136,Eptesicus serotinus,0.013,0.028,-1,Echolocation,/mnt/ubna_data_01_mir/recover-20220825/UBNA_002/20220823_033000.WAV,Telephone Field,recover-20220825,002,1795
777.4675,777.4748,40078,48023,Pipistrellus nathusii,0.196,0.365,-1,Echolocation,/mnt/ubna_data_01_mir/recover-20220825/UBNA_002/20220823_033000.WAV,Telephone Field,recover-20220825,002,1795
777.4695,777.4754,28046,47430,Myotis daubentonii,0.026,0.046,-1,Echolocation,/mnt/ubna_data_01_mir/recover-20220825/UBNA_002/20220823_033000.WAV,Telephone Field,recover-20220825,002,1795
777.4975,777.512,22031,26401,Nyctalus leisleri,0.016,0.031,-1,Echolocation,/mnt/ubna_data_01_mir/recover-20220825/UBNA_002/20220823_033000.WAV,Telephone Field,recover-20220825,002,1795
777.5305,777.5379,26328,36754,Eptesicus serotinus,0.007,0.026,-1,Echolocation,/mnt/ubna_data_01_mir/recover-20220825/UBNA_002/20220823_033000.WAV,Telephone Field,recover-20220825,002,1795
777.5645,777.5716,26328,36461,Eptesicus serotinus,0.007,0.024,-1,Echolocation,/mnt/ubna_data_01_mir/recover-20220825/UBNA_002/20220823_033000.WAV,Telephone Field,recover-20220825,002,1795
777.5935,777.601,27187,40244,Eptesicus serotinus,0.008,0.026,-1,Echolocation,/mnt/ubna_data_01_mir/recover-20220825/UBNA_002/20220823_033000.WAV,Telephone Field,recover-20220825,002,1795
777.6575,777.6635,38359,52140,Pipistrellus nathusii,0.097,0.333,-1,Echolocation,/mnt/ubna_data_01_mir/recover-20220825/UBNA_002/20220823_033000.WAV,Telephone Field,recover-20220825,002,1795
777.6795,777.7176,68437,82367,Rhinolophus ferrumequinum,0.027,0.027,-1,Echolocation,/mnt/ubna_data_01_mir/recover-20220825/UBNA_002/20220823_033000.WAV,Telephone Field,recover-20220825,002,1795
777.7215,777.7579,68437,82103,Rhinolophus ferrumequinum,0.024,0.024,-1,Echolocation,/mnt/ubna_data_01_mir/recover-20220825/UBNA_002/20220823_033000.WAV,Telephone Field,recover-20220825,002,1795
777.7295,777.74,22890,28728,Nyctalus leisleri,0.014,0.032,-1,Echolocation,/mnt/ubna_data_01_mir/recover-20220825/UBNA_002/20220823_033000.WAV,Telephone Field,recover-20220825,002,1795
777.7505,777.7593,24609,32534,Eptesicus serotinus,0.007,0.024,-1,Echolocation,/mnt/ubna_data_01_mir/recover-20220825/UBNA_002/20220823_033000.WAV,Telephone Field,recover-20220825,002,1795
777.7545,777.7896,68437,81181,Rhinolophus ferrumequinum,0.024,0.024,-1,Echolocation,/mnt/ubna_data_01_mir/recover-20220825/UBNA_002/20220823_033000.WAV,Telephone Field,recover-20220825,002,1795
777.7755,777.7831,27187,37415,Eptesicus serotinus,0.009,0.029,-1,Echolocation,/mnt/ubna_data_01_mir/recover-20220825/UBNA_002/20220823_033000.WAV,Telephone Field,recover-20220825,002,1795
777.7875,777.8302,68437,83258,Rhinolophus ferrumequinum,0.035,0.035,-1,Echolocation,/mnt/ubna_data_01_mir/recover-20220825/UBNA_002/20220823_033000.WAV,Telephone Field,recover-20220825,002,1795
777.8165,777.8515,68437,81885,Rhinolophus ferrumequinum,0.024,0.024,-1,Echolocation,/mnt/ubna_data_01_mir/recover-20220825/UBNA_002/20220823_033000.WAV,Telephone Field,recover-20220825,002,1795
777.8165,777.8293,11718,21642,Eptesicus serotinus,0.011,0.026,-1,Echolocation,/mnt/ubna_data_01_mir/recover-20220825/UBNA_002/20220823_033000.WAV,Telephone Field,recover-20220825,002,1795
777.8285,777.8357,28906,39531,Myotis daubentonii,0.011,0.031,-1,Echolocation,/mnt/ubna_data_01_mir/recover-20220825/UBNA_002/20220823_033000.WAV,Telephone Field,recover-20220825,002,1795
777.8585,777.8658,38359,47833,Pipistrellus nathusii,0.368,0.499,-1,Echolocation,/mnt/ubna_data_01_mir/recover-20220825/UBNA_002/20220823_033000.WAV,Telephone Field,recover-20220825,002,1795
777.9135,777.925,22031,26924,Nyctalus leisleri,0.012,0.024,-1,Echolocation,/mnt/ubna_data_01_mir/recover-20220825/UBNA_002/20220823_033000.WAV,Telephone Field,recover-20220825,002,1795
777.9585,777.9642,29765,49937,Myotis daubentonii,0.012,0.024,-1,Echolocation,/mnt/ubna_data_01_mir/recover-20220825/UBNA_002/20220823_033000.WAV,Telephone Field,recover-20220825,002,1795
777.9585,777.9673,39218,45879,Pipistrellus nathusii,0.149,0.197,-1,Echolocation,/mnt/ubna_data_01_mir/recover-20220825/UBNA_002/20220823_033000.WAV,Telephone Field,recover-20220825,002,1795
777.9595,777.9933,68437,80601,Rhinolophus ferrumequinum,0.024,0.024,-1,Echolocation,/mnt/ubna_data_01_mir/recover-20220825/UBNA_002/20220823_033000.WAV,Telephone Field,recover-20220825,002,1795
777.9625,777.9692,25468,37531,Eptesicus serotinus,0.006,0.025,-1,Echolocation,/mnt/ubna_data_01_mir/recover-20220825/UBNA_002/20220823_033000.WAV,Telephone Field,recover-20220825,002,1795
777.9845,777.9955,23750,30175,Nyctalus leisleri,0.01,0.026,-1,Echolocation,/mnt/ubna_data_01_mir/recover-20220825/UBNA_002/20220823_033000.WAV,Telephone Field,recover-20220825,002,1795
778.0015,778.01,47812,53859,Pipistrellus pipistrellus,0.023,0.029,-1,Echolocation,/mnt/ubna_data_01_mir/recover-20220825/UBNA_002/20220823_033000.WAV,Telephone Field,recover-20220825,002,1795
778.0015,778.0106,26328,35826,Nyctalus leisleri,0.008,0.03,-1,Echolocation,/mnt/ubna_data_01_mir/recover-20220825/UBNA_002/20220823_033000.WAV,Telephone Field,recover-20220825,002,1795
778.0015,778.0338,68437,80174,Rhinolophus ferrumequinum,0.037,0.037,-1,Echolocation,/mnt/ubna_data_01_mir/recover-20220825/UBNA_002/20220823_033000.WAV,Telephone Field,recover-20220825,002,1795
778.0895,778.1319,68437,83750,Rhinolophus ferrumequinum,0.053,0.053,-1,Echolocation,/mnt/ubna_data_01_mir/recover-20220825/UBNA_002/20220823_033000.WAV,Telephone Field,recover-20220825,002,1795
778.1065,778.1191,36640,42168,Pipistrellus nathusii,0.018,0.038,-1,Echolocation,/mnt/ubna_data_01_mir/recover-20220825/UBNA_002/20220823_033000.WAV,Telephone Field,recover-20220825,002,1795
778.1275,778.134,27187,39343,Eptesicus serotinus,0.011,0.036,-1,Echolocation,/mnt/ubna_data_01_mir/recover-20220825/UBNA_002/20220823_033000.WAV,Telephone Field,recover-20220825,002,1795
778.1285,778.1693,68437,82954,Rhinolophus ferrumequinum,0.024,0.024,-1,Echolocation,/mnt/ubna_data_01_mir/recover-20220825/UBNA_002/20220823_033000.WAV,Telephone Field,recover-20220825,002,1795
778.1565,778.1644,38359,45004,Pipistrellus nathusii,0.103,0.176,-1,Echolocation,/mnt/ubna_data_01_mir/recover-20220825/UBNA_002/20220823_033000.WAV,Telephone Field,recover-20220825,002,1795
778.1585,778.1652,26328,44412,Eptesicus serotinus,0.007,0.023,-1,Echolocation,/mnt/ubna_data_01_mir/recover-20220825/UBNA_002/20220823_033000.WAV,Telephone Field,recover-20220825,002,1795
778.1815,778.189,26328,36612,Eptesicus serotinus,0.007,0.021,-1,Echolocation,/mnt/ubna_data_01_mir/recover-20220825/UBNA_002/20220823_033000.WAV,Telephone Field,recover-20220825,002,1795
778.1925,778.2291,68437,81777,Rhinolophus ferrumequinum,0.021,0.021,-1,Echolocation,/mnt/ubna_data_01_mir/recover-20220825/UBNA_002/20220823_033000.WAV,Telephone Field,recover-20220825,002,1795
778.1975,778.2341,68437,81721,Rhinolophus ferrumequinum,0.021,0.021,-1,Echolocation,/mnt/ubna_data_01_mir/recover-20220825/UBNA_002/20220823_033000.WAV,Telephone Field,recover-20220825,002,1795
778.2015,778.2097,28046,39744,Eptesicus serotinus,0.008,0.023,-1,Echolocation,/mnt/ubna_data_01_mir/recover-20220825/UBNA_002/20220823_033000.WAV,Telephone Field,recover-20220825,002,1795
778.2885,778.2975,28046,36621,Eptesicus serotinus,0.009,0.022,-1,Echolocation,/mnt/ubna_data_01_mir/recover-20220825/UBNA_002/20220823_033000.WAV,Telephone Field,recover-20220825,002,1795
778.3025,778.3421,68437,82120,Rhinolophus ferrumequinum,0.021,0.021,-1,Echolocation,/mnt/ubna_data_01_mir/recover-20220825/UBNA_002/20220823_033000.WAV,Telephone Field,recover-20220825,002,1795
778.3425,778.3511,28046,37372,Eptesicus serotinus,0.009,0.025,-1,Echolocation,/mnt/ubna_data_01_mir/recover-20220825/UBNA_002/20220823_033000.WAV,Telephone Field,recover-20220825,002,1795
778.3975,778.4051,25468,38790,Eptesicus serotinus,0.006,0.022,-1,Echolocation,/mnt/ubna_data_01_mir/recover-20220825/UBNA_002/20220823_033000.WAV,Telephone Field,recover-20220825,002,1795
778.4325,778.4428,28906,36167,Eptesicus serotinus,0.009,0.024,-1,Echolocation,/mnt/ubna_data_01_mir/recover-20220825/UBNA_002/20220823_033000.WAV,Telephone Field,recover-20220825,002,1795
778.4485,778.4589,22890,28271,Nyctalus leisleri,0.01,0.023,-1,Echolocation,/mnt/ubna_data_01_mir/recover-20220825/UBNA_002/20220823_033000.WAV,Telephone Field,recover-20220825,002,1795
778.4825,778.4929,23750,30472,Eptesicus serotinus,0.009,0.025,-1,Echolocation,/mnt/ubna_data_01_mir/recover-20220825/UBNA_002/20220823_033000.WAV,Telephone Field,recover-20220825,002,1795
778.5065,778.5422,68437,81477,Rhinolophus ferrumequinum,0.024,0.024,-1,Echolocation,/mnt/ubna_data_01_mir/recover-20220825/UBNA_002/20220823_033000.WAV,Telephone Field,recover-20220825,002,1795
778.5405,778.5802,68437,82395,Rhinolophus ferrumequinum,0.022,0.022,-1,Echolocation,/mnt/ubna_data_01_mir/recover-20220825/UBNA_002/20220823_033000.WAV,Telephone Field,recover-20220825,002,1795
778.5655,778.6066,68437,82757,Rhinolophus ferrumequinum,0.021,0.021,-1,Echolocation,/mnt/ubna_data_01_mir/recover-20220825/UBNA_002/20220823_033000.WAV,Telephone Field,recover-20220825,002,1795
778.5695,778.5781,23750,31304,Plecotus austriacus,0.007,0.024,-1,Echolocation,/mnt/ubna_data_01_mir/recover-20220825/UBNA_002/20220823_033000.WAV,Telephone Field,recover-20220825,002,1795
778.5775,778.6178,68437,82661,Rhinolophus ferrumequinum,0.023,0.023,-1,Echolocation,/mnt/ubna_data_01_mir/recover-20220825/UBNA_002/20220823_033000.WAV,Telephone Field,recover-20220825,002,1795
778.6005,778.6089,27187,41289,Eptesicus serotinus,0.008,0.022,-1,Echolocation,/mnt/ubna_data_01_mir/recover-20220825/UBNA_002/20220823_033000.WAV,Telephone Field,recover-20220825,002,1795
778.6255,778.6336,26328,35182,Eptesicus serotinus,0.008,0.021,-1,Echolocation,/mnt/ubna_data_01_mir/recover-20220825/UBNA_002/20220823_033000.WAV,Telephone Field,recover-20220825,002,1795
778.6485,778.6581,28046,36958,Eptesicus serotinus,0.01,0.023,-1,Echolocation,/mnt/ubna_data_01_mir/recover-20220825/UBNA_002/20220823_033000.WAV,Telephone Field,recover-20220825,002,1795
778.6945,778.7327,68437,81988,Rhinolophus ferrumequinum,0.022,0.022,-1,Echolocation,/mnt/ubna_data_01_mir/recover-20220825/UBNA_002/20220823_033000.WAV,Telephone Field,recover-20220825,002,1795
778.7395,778.7506,23750,29677,Nyctalus leisleri,0.012,0.026,-1,Echolocation,/mnt/ubna_data_01_mir/recover-20220825/UBNA_002/20220823_033000.WAV,Telephone Field,recover-20220825,002,1795
778.7865,778.7957,27187,37509,Eptesicus serotinus,0.009,0.023,-1,Echolocation,/mnt/ubna_data_01_mir/recover-20220825/UBNA_002/20220823_033000.WAV,Telephone Field,recover-20220825,002,1795
778.8075,778.8146,28046,38568,Eptesicus serotinus,0.007,0.022,-1,Echolocation,/mnt/ubna_data_01_mir/recover-20220825/UBNA_002/20220823_033000.WAV,Telephone Field,recover-20220825,002,1795
778.8185,778.8285,24609,31785,Eptesicus serotinus,0.008,0.022,-1,Echolocation,/mnt/ubna_data_01_mir/recover-20220825/UBNA_002/20220823_033000.WAV,Telephone Field,recover-20220825,002,1795
778.8265,778.8356,25468,33662,Eptesicus serotinus,0.008,0.021,-1,Echolocation,/mnt/ubna_data_01_mir/recover-20220825/UBNA_002/20220823_033000.WAV,Telephone Field,recover-20220825,002,1795
778.8275,778.8644,68437,81908,Rhinolophus ferrumequinum,0.021,0.021,-1,Echolocation,/mnt/ubna_data_01_mir/recover-20220825/UBNA_002/20220823_033000.WAV,Telephone Field,recover-20220825,002,1795
778.8475,778.8561,28046,37503,Eptesicus serotinus,0.008,0.021,-1,Echolocation,/mnt/ubna_data_01_mir/recover-20220825/UBNA_002/20220823_033000.WAV,Telephone Field,recover-20220825,002,1795
778.8605,778.8701,23750,30258,Nyctalus leisleri,0.008,0.021,-1,Echolocation,/mnt/ubna_data_01_mir/recover-20220825/UBNA_002/20220823_033000.WAV,Telephone Field,recover-20220825,002,1795
778.8635,778.9044,68437,82679,Rhinolophus ferrumequinum,0.021,0.021,-1,Echolocation,/mnt/ubna_data_01_mir/recover-20220825/UBNA_002/20220823_033000.WAV,Telephone Field,recover-20220825,002,1795
778.8725,778.8809,26328,36610,Eptesicus serotinus,0.009,0.023,-1,Echolocation,/mnt/ubna_data_01_mir/recover-20220825/UBNA_002/20220823_033000.WAV,Telephone Field,recover-20220825,002,1795
778.8865,778.8963,25468,33090,Eptesicus serotinus,0.012,0.031,-1,Echolocation,/mnt/ubna_data_01_mir/recover-20220825/UBNA_002/20220823_033000.WAV,Telephone Field,recover-20220825,002,1795
778.8955,778.9347,68437,82088,Rhinolophus ferrumequinum,0.022,0.022,-1,Echolocation,/mnt/ubna_data_01_mir/recover-20220825/UBNA_002/20220823_033000.WAV,Telephone Field,recover-20220825,002,1795
778.9065,778.9465,68437,82818,Rhinolophus ferrumequinum,0.024,0.024,-1,Echolocation,/mnt/ubna_data_01_mir/recover-20220825/UBNA_002/20220823_033000.WAV,Telephone Field,recover-20220825,002,1795
778.9995,779.0089,28046,39011,Eptesicus serotinus,0.01,0.022,-1,Echolocation,/mnt/ubna_data_01_mir/recover-20220825/UBNA_002/20220823_033000.WAV,Telephone Field,recover-20220825,002,1795
779.0255,779.0662,68437,82647,Rhinolophus ferrumequinum,0.027,0.027,-1,Echolocation,/mnt/ubna_data_01_mir/recover-20220825/UBNA_002/20220823_033000.WAV,Telephone Field,recover-20220825,002,1795
779.0375,779.0481,28046,35609,Eptesicus serotinus,0.01,0.021,-1,Echolocation,/mnt/ubna_data_01_mir/recover-20220825/UBNA_002/20220823_033000.WAV,Telephone Field,recover-20220825,002,1795
779.0385,779.0764,68437,81554,Rhinolophus ferrumequinum,0.023,0.023,-1,Echolocation,/mnt/ubna_data_01_mir/recover-20220825/UBNA_002/20220823_033000.WAV,Telephone Field,recover-20220825,002,1795
779.0805,779.1199,68437,81982,Rhinolophus ferrumequinum,0.021,0.021,-1,Echolocation,/mnt/ubna_data_01_mir/recover-20220825/UBNA_002/20220823_033000.WAV,Telephone Field,recover-20220825,002,1795
779.0865,779.1256,68437,82367,Rhinolophus ferrumequinum,0.022,0.022,-1,Echolocation,/mnt/ubna_data_01_mir/recover-20220825/UBNA_002/20220823_033000.WAV,Telephone Field,recover-20220825,002,1795
779.0965,779.1091,21171,25191,Nyctalus leisleri,0.012,0.021,-1,Echolocation,/mnt/ubna_data_01_mir/recover-20220825/UBNA_002/20220823_033000.WAV,Telephone Field,recover-20220825,002,1795
779.1315,779.1499,20312,23172,Nyctalus leisleri,0.017,0.029,-1,Echolocation,/mnt/ubna_data_01_mir/recover-20220825/UBNA_002/20220823_033000.WAV,Telephone Field,recover-20220825,002,1795
779.1325,779.1685,68437,80905,Rhinolophus ferrumequinum,0.021,0.021,-1,Echolocation,/mnt/ubna_data_01_mir/recover-20220825/UBNA_002/20220823_033000.WAV,Telephone Field,recover-20220825,002,1795
779.1575,779.197,68437,82047,Rhinolophus ferrumequinum,0.021,0.021,-1,Echolocation,/mnt/ubna_data_01_mir/recover-20220825/UBNA_002/20220823_033000.WAV,Telephone Field,recover-20220825,002,1795
779.1745,779.1837,28906,38210,Eptesicus serotinus,0.017,0.032,-1,Echolocation,/mnt/ubna_data_01_mir/recover-20220825/UBNA_002/20220823_033000.WAV,Telephone Field,recover-20220825,002,1795
779.2135,779.2216,28046,39806,Eptesicus serotinus,0.009,0.024,-1,Echolocation,/mnt/ubna_data_01_mir/recover-20220825/UBNA_002/20220823_033000.WAV,Telephone Field,recover-20220825,002,1795
779.2385,779.2503,23750,29137,Nyctalus leisleri,0.012,0.025,-1,Echolocation,/mnt/ubna_data_01_mir/recover-20220825/UBNA_002/20220823_033000.WAV,Telephone Field,recover-20220825,002,1795
779.2505,779.2892,68437,82098,Rhinolophus ferrumequinum,0.025,0.025,-1,Echolocation,/mnt/ubna_data_01_mir/recover-20220825/UBNA_002/20220823_033000.WAV,Telephone Field,recover-20220825,002,1795
779.2865,779.2947,25468,34405,Eptesicus serotinus,0.006,0.021,-1,Echolocation,/mnt/ubna_data_01_mir/recover-20220825/UBNA_002/20220823_033000.WAV,Telephone Field,recover-20220825,002,1795
779.2925,779.3329,68437,82667,Rhinolophus ferrumequinum,0.023,0.023,-1,Echolocation,/mnt/ubna_data_01_mir/recover-20220825/UBNA_002/20220823_033000.WAV,Telephone Field,recover-20220825,002,1795
779.3555,779.3961,68437,82969,Rhinolophus ferrumequinum,0.022,0.022,-1,Echolocation,/mnt/ubna_data_01_mir/recover-20220825/UBNA_002/20220823_033000.WAV,Telephone Field,recover-20220825,002,1795
779.3565,779.3675,22890,28031,Nyctalus leisleri,0.011,0.022,-1,Echolocation,/mnt/ubna_data_01_mir/recover-20220825/UBNA_002/20220823_033000.WAV,Telephone Field,recover-20220825,002,1795
779.3845,779.424,68437,82439,Rhinolophus ferrumequinum,0.022,0.022,-1,Echolocation,/mnt/ubna_data_01_mir/recover-20220825/UBNA_002/20220823_033000.WAV,Telephone Field,recover-20220825,002,1795
779.4155,779.4231,28046,39767,Eptesicus serotinus,0.009,0.026,-1,Echolocation,/mnt/ubna_data_01_mir/recover-20220825/UBNA_002/20220823_033000.WAV,Telephone Field,recover-20220825,002,1795
779.4295,779.4661,68437,81797,Rhinolophus ferrumequinum,0.021,0.021,-1,Echolocation,/mnt/ubna_data_01_mir/recover-20220825/UBNA_002/20220823_033000.WAV,Telephone Field,recover-20220825,002,1795
779.4505,779.4886,68437,82125,Rhinolophus ferrumequinum,0.021,0.021,-1,Echolocation,/mnt/ubna_data_01_mir/recover-20220825/UBNA_002/20220823_033000.WAV,Telephone Field,recover-20220825,002,1795
779.4605,779.4993,68437,82069,Rhinolophus ferrumequinum,0.022,0.022,-1,Echolocation,/mnt/ubna_data_01_mir/recover-20220825/UBNA_002/20220823_033000.WAV,Telephone Field,recover-20220825,002,1795
779.4635,779.4714,28906,38302,Eptesicus serotinus,0.007,0.022,-1,Echolocation,/mnt/ubna_data_01_mir/recover-20220825/UBNA_002/20220823_033000.WAV,Telephone Field,recover-20220825,002,1795
779.4695,779.4782,28906,38147,Eptesicus serotinus,0.008,0.022,-1,Echolocation,/mnt/ubna_data_01_mir/recover-20220825/UBNA_002/20220823_033000.WAV,Telephone Field,recover-20220825,002,1795
779.4765,779.5192,68437,83041,Rhinolophus ferrumequinum,0.023,0.023,-1,Echolocation,/mnt/ubna_data_01_mir/recover-20220825/UBNA_002/20220823_033000.WAV,Telephone Field,recover-20220825,002,1795
779.5185,779.556,68437,81951,Rhinolophus ferrumequinum,0.021,0.021,-1,Echolocation,/mnt/ubna_data_01_mir/recover-20220825/UBNA_002/20220823_033000.WAV,Telephone Field,recover-20220825,002,1795
779.5615,779.5745,22890,27148,Nyctalus leisleri,0.014,0.025,-1,Echolocation,/mnt/ubna_data_01_mir/recover-20220825/UBNA_002/20220823_033000.WAV,Telephone Field,recover-20220825,002,1795
779.6195,779.6579,68437,82289,Rhinolophus ferrumequinum,0.021,0.021,-1,Echolocation,/mnt/ubna_data_01_mir/recover-20220825/UBNA_002/20220823_033000.WAV,Telephone Field,recover-20220825,002,1795
779.6275,779.6662,68437,82449,Rhinolophus ferrumequinum,0.023,0.023,-1,Echolocation,/mnt/ubna_data_01_mir/recover-20220825/UBNA_002/20220823_033000.WAV,Telephone Field,recover-20220825,002,1795
779.6405,779.6494,22890,29957,Plecotus austriacus,0.008,0.023,-1,Echolocation,/mnt/ubna_data_01_mir/recover-20220825/UBNA_002/20220823_033000.WAV,Telephone Field,recover-20220825,002,1795
779.6535,779.6945,68437,83115,Rhinolophus ferrumequinum,0.029,0.029,-1,Echolocation,/mnt/ubna_data_01_mir/recover-20220825/UBNA_002/20220823_033000.WAV,Telephone Field,recover-20220825,002,1795
779.6675,779.6732,34921,47111,Myotis daubentonii,0.014,0.024,-1,Echolocation,/mnt/ubna_data_01_mir/recover-20220825/UBNA_002/20220823_033000.WAV,Telephone Field,recover-20220825,002,1795
779.6685,779.6748,27187,45221,Eptesicus serotinus,0.006,0.022,-1,Echolocation,/mnt/ubna_data_01_mir/recover-20220825/UBNA_002/20220823_033000.WAV,Telephone Field,recover-20220825,002,1795
779.6795,779.7198,68437,82058,Rhinolophus ferrumequinum,0.021,0.021,-1,Echolocation,/mnt/ubna_data_01_mir/recover-20220825/UBNA_002/20220823_033000.WAV,Telephone Field,recover-20220825,002,1795
779.7025,779.7119,28046,36999,Eptesicus serotinus,0.009,0.021,-1,Echolocation,/mnt/ubna_data_01_mir/recover-20220825/UBNA_002/20220823_033000.WAV,Telephone Field,recover-20220825,002,1795
779.7155,779.7529,68437,81357,Rhinolophus ferrumequinum,0.022,0.022,-1,Echolocation,/mnt/ubna_data_01_mir/recover-20220825/UBNA_002/20220823_033000.WAV,Telephone Field,recover-20220825,002,1795
779.7155,779.7239,28046,39607,Eptesicus serotinus,0.008,0.022,-1,Echolocation,/mnt/ubna_data_01_mir/recover-20220825/UBNA_002/20220823_033000.WAV,Telephone Field,recover-20220825,002,1795
779.7255,779.757,68437,79978,Rhinolophus ferrumequinum,0.023,0.023,-1,Echolocation,/mnt/ubna_data_01_mir/recover-20220825/UBNA_002/20220823_033000.WAV,Telephone Field,recover-20220825,002,1795
779.7585,779.7938,68437,80794,Rhinolophus ferrumequinum,0.023,0.023,-1,Echolocation,/mnt/ubna_data_01_mir/recover-20220825/UBNA_002/20220823_033000.WAV,Telephone Field,recover-20220825,002,1795
779.7685,779.775,28046,39700,Eptesicus serotinus,0.006,0.024,-1,Echolocation,/mnt/ubna_data_01_mir/recover-20220825/UBNA_002/20220823_033000.WAV,Telephone Field,recover-20220825,002,1795
779.7775,779.8189,68437,83055,Rhinolophus ferrumequinum,0.024,0.024,-1,Echolocation,/mnt/ubna_data_01_mir/recover-20220825/UBNA_002/20220823_033000.WAV,Telephone Field,recover-20220825,002,1795
779.7925,779.8033,27187,36473,Eptesicus serotinus,0.01,0.022,-1,Echolocation,/mnt/ubna_data_01_mir/recover-20220825/UBNA_002/20220823_033000.WAV,Telephone Field,recover-20220825,002,1795
779.8595,779.8732,57265,62395,Pipistrellus pygmaeus,0.022,0.023,-1,Echolocation,/mnt/ubna_data_01_mir/recover-20220825/UBNA_002/20220823_033000.WAV,Telephone Field,recover-20220825,002,1795
779.8715,779.8804,28046,40626,Eptesicus serotinus,0.009,0.023,-1,Echolocation,/mnt/ubna_data_01_mir/recover-20220825/UBNA_002/20220823_033000.WAV,Telephone Field,recover-20220825,002,1795
779.8945,779.9065,22031,26144,Nyctalus leisleri,0.016,0.029,-1,Echolocation,/mnt/ubna_data_01_mir/recover-20220825/UBNA_002/20220823_033000.WAV,Telephone Field,recover-20220825,002,1795
779.9195,779.9584,68437,82601,Rhinolophus ferrumequinum,0.021,0.021,-1,Echolocation,/mnt/ubna_data_01_mir/recover-20220825/UBNA_002/20220823_033000.WAV,Telephone Field,recover-20220825,002,1795
779.9255,779.935,25468,33396,Nyctalus leisleri,0.013,0.041,-1,Echolocation,/mnt/ubna_data_01_mir/recover-20220825/UBNA_002/20220823_033000.WAV,Telephone Field,recover-20220825,002,1795
779.9305,779.9412,41796,46536,Pipistrellus nathusii,0.012,0.026,-1,Echolocation,/mnt/ubna_data_01_mir/recover-20220825/UBNA_002/20220823_033000.WAV,Telephone Field,recover-20220825,002,1795
779.9895,779.9995,27187,36543,Eptesicus serotinus,0.011,0.024,-1,Echolocation,/mnt/ubna_data_01_mir/recover-20220825/UBNA_002/20220823_033000.WAV,Telephone Field,recover-20220825,002,1795
780.0015,780.0113,35781,43564,Pipistrellus nathusii,0.012,0.028,-1,Echolocation,/mnt/ubna_data_01_mir/recover-20220825/UBNA_002/20220823_033000.WAV,Telephone Field,recover-20220825,002,1795
780.0015,780.0091,25468,37402,Eptesicus serotinus,0.005,0.026,-1,Echolocation,/mnt/ubna_data_01_mir/recover-20220825/UBNA_002/20220823_033000.WAV,Telephone Field,recover-20220825,002,1795
780.0015,780.0335,68437,79544,Rhinolophus ferrumequinum,0.032,0.033,-1,Echolocation,/mnt/ubna_data_01_mir/recover-20220825/UBNA_002/20220823_033000.WAV,Telephone Field,recover-20220825,002,1795
780.0085,780.0173,28046,37189,Myotis daubentonii,0.007,0.022,-1,Echolocation,/mnt/ubna_data_01_mir/recover-20220825/UBNA_002/20220823_033000.WAV,Telephone Field,recover-20220825,002,1795
780.0495,780.0886,68437,82650,Rhinolophus ferrumequinum,0.024,0.024,-1,Echolocation,/mnt/ubna_data_01_mir/recover-20220825/UBNA_002/20220823_033000.WAV,Telephone Field,recover-20220825,002,1795
780.0645,780.1049,68437,81904,Rhinolophus ferrumequinum,0.022,0.022,-1,Echolocation,/mnt/ubna_data_01_mir/recover-20220825/UBNA_002/20220823_033000.WAV,Telephone Field,recover-20220825,002,1795
780.0835,780.0931,22890,28494,Nyctalus leisleri,0.008,0.022,-1,Echolocation,/mnt/ubna_data_01_mir/recover-20220825/UBNA_002/20220823_033000.WAV,Telephone Field,recover-20220825,002,1795
780.0855,780.1057,18593,21684,Nyctalus noctula,0.012,0.023,-1,Echolocation,/mnt/ubna_data_01_mir/recover-20220825/UBNA_002/20220823_033000.WAV,Telephone Field,recover-20220825,002,1795
780.0995,780.1063,28046,41432,Eptesicus serotinus,0.006,0.022,-1,Echolocation,/mnt/ubna_data_01_mir/recover-20220825/UBNA_002/20220823_033000.WAV,Telephone Field,recover-20220825,002,1795
780.1005,780.1401,68437,82672,Rhinolophus ferrumequinum,0.025,0.025,-1,Echolocation,/mnt/ubna_data_01_mir/recover-20220825/UBNA_002/20220823_033000.WAV,Telephone Field,recover-20220825,002,1795
780.1075,780.1463,68437,81848,Rhinolophus ferrumequinum,0.025,0.025,-1,Echolocation,/mnt/ubna_data_01_mir/recover-20220825/UBNA_002/20220823_033000.WAV,Telephone Field,recover-20220825,002,1795
780.1255,780.1645,68437,82656,Rhinolophus ferrumequinum,0.025,0.025,-1,Echolocation,/mnt/ubna_data_01_mir/recover-20220825/UBNA_002/20220823_033000.WAV,Telephone Field,recover-20220825,002,1795
780.1515,780.1645,23750,28305,Nyctalus leisleri,0.014,0.027,-1,Echolocation,/mnt/ubna_data_01_mir/recover-20220825/UBNA_002/20220823_033000.WAV,Telephone Field,recover-20220825,002,1795
780.1575,780.196,68437,81977,Rhinolophus ferrumequinum,0.022,0.022,-1,Echolocation,/mnt/ubna_data_01_mir/recover-20220825/UBNA_002/20220823_033000.WAV,Telephone Field,recover-20220825,002,1795
780.1795,780.2172,68437,82080,Rhinolophus ferrumequinum,0.022,0.022,-1,Echolocation,/mnt/ubna_data_01_mir/recover-20220825/UBNA_002/20220823_033000.WAV,Telephone Field,recover-20220825,002,1795
780.1965,780.2051,24609,32883,Eptesicus serotinus,0.006,0.021,-1,Echolocation,/mnt/ubna_data_01_mir/recover-20220825/UBNA_002/20220823_033000.WAV,Telephone Field,recover-20220825,002,1795
780.2155,780.2528,68437,82368,Rhinolophus ferrumequinum,0.022,0.022,-1,Echolocation,/mnt/ubna_data_01_mir/recover-20220825/UBNA_002/20220823_033000.WAV,Telephone Field,recover-20220825,002,1795
780.2395,780.2473,36640,44003,Myotis daubentonii,0.007,0.024,-1,Echolocation,/mnt/ubna_data_01_mir/recover-20220825/UBNA_002/20220823_033000.WAV,Telephone Field,recover-20220825,002,1795
780.2415,780.2478,28046,41056,Plecotus auritus,0.009,0.036,-1,Echolocation,/mnt/ubna_data_01_mir/recover-20220825/UBNA_002/20220823_033000.WAV,Telephone Field,recover-20220825,002,1795
780.2535,780.2597,49531,53867,Pipistrellus pipistrellus,0.021,0.022,-1,Echolocation,/mnt/ubna_data_01_mir/recover-20220825/UBNA_002/20220823_033000.WAV,Telephone Field,recover-20220825,002,1795
780.2605,780.2771,20312,23448,Nyctalus leisleri,0.013,0.023,-1,Echolocation,/mnt/ubna_data_01_mir/recover-20220825/UBNA_002/20220823_033000.WAV,Telephone Field,recover-20220825,002,1795
780.2895,780.3253,68437,81392,Rhinolophus ferrumequinum,0.022,0.022,-1,Echolocation,/mnt/ubna_data_01_mir/recover-20220825/UBNA_002/20220823_033000.WAV,Telephone Field,recover-20220825,002,1795
780.2955,780.3295,68437,81702,Rhinolophus ferrumequinum,0.023,0.023,-1,Echolocation,/mnt/ubna_data_01_mir/recover-20220825/UBNA_002/20220823_033000.WAV,Telephone Field,recover-20220825,002,1795
780.3095,780.3481,68437,81858,Rhinolophus ferrumequinum,0.022,0.022,-1,Echolocation,/mnt/ubna_data_01_mir/recover-20220825/UBNA_002/20220823_033000.WAV,Telephone Field,recover-20220825,002,1795
780.3185,780.3565,68437,82062,Rhinolophus ferrumequinum,0.022,0.022,-1,Echolocation,/mnt/ubna_data_01_mir/recover-20220825/UBNA_002/20220823_033000.WAV,Telephone Field,recover-20220825,002,1795
780.3405,780.3486,27187,36922,Eptesicus serotinus,0.01,0.023,-1,Echolocation,/mnt/ubna_data_01_mir/recover-20220825/UBNA_002/20220823_033000.WAV,Telephone Field,recover-20220825,002,1795
780.3725,780.4119,68437,82117,Rhinolophus ferrumequinum,0.028,0.028,-1,Echolocation,/mnt/ubna_data_01_mir/recover-20220825/UBNA_002/20220823_033000.WAV,Telephone Field,recover-20220825,002,1795
780.3905,780.4001,26328,33254,Eptesicus serotinus,0.007,0.021,-1,Echolocation,/mnt/ubna_data_01_mir/recover-20220825/UBNA_002/20220823_033000.WAV,Telephone Field,recover-20220825,002,1795
780.4235,780.4326,28046,36893,Eptesicus serotinus,0.012,0.024,-1,Echolocation,/mnt/ubna_data_01_mir/recover-20220825/UBNA_002/20220823_033000.WAV,Telephone Field,recover-20220825,002,1795
780.4255,780.4638,68437,81188,Rhinolophus ferrumequinum,0.026,0.027,-1,Echolocation,/mnt/ubna_data_01_mir/recover-20220825/UBNA_002/20220823_033000.WAV,Telephone Field,recover-20220825,002,1795
780.4305,780.4401,27187,36535,Eptesicus serotinus,0.009,0.021,-1,Echolocation,/mnt/ubna_data_01_mir/recover-20220825/UBNA_002/20220823_033000.WAV,Telephone Field,recover-20220825,002,1795
780.4345,780.4718,68437,81755,Rhinolophus ferrumequinum,0.027,0.027,-1,Echolocation,/mnt/ubna_data_01_mir/recover-20220825/UBNA_002/20220823_033000.WAV,Telephone Field,recover-20220825,002,1795
780.4385,780.4463,27187,38900,Eptesicus serotinus,0.007,0.022,-1,Echolocation,/mnt/ubna_data_01_mir/recover-20220825/UBNA_002/20220823_033000.WAV,Telephone Field,recover-20220825,002,1795
780.4635,780.4738,22031,27362,Nyctalus leisleri,0.009,0.021,-1,Echolocation,/mnt/ubna_data_01_mir/recover-20220825/UBNA_002/20220823_033000.WAV,Telephone Field,recover-20220825,002,1795
780.5315,780.5399,48671,55410,Pipistrellus pipistrellus,0.028,0.032,-1,Echolocation,/mnt/ubna_data_01_mir/recover-20220825/UBNA_002/20220823_033000.WAV,Telephone Field,recover-20220825,002,1795
780.5905,780.6267,68437,81939,Rhinolophus ferrumequinum,0.022,0.022,-1,Echolocation,/mnt/ubna_data_01_mir/recover-20220825/UBNA_002/20220823_033000.WAV,Telephone Field,recover-20220825,002,1795
780.6145,780.6511,68437,81541,Rhinolophus ferrumequinum,0.021,0.021,-1,Echolocation,/mnt/ubna_data_01_mir/recover-20220825/UBNA_002/20220823_033000.WAV,Telephone Field,recover-20220825,002,1795
780.6325,780.6423,28906,36244,Eptesicus serotinus,0.008,0.021,-1,Echolocation,/mnt/ubna_data_01_mir/recover-20220825/UBNA_002/20220823_033000.WAV,Telephone Field,recover-20220825,002,1795
780.6375,780.6788,68437,82370,Rhinolophus ferrumequinum,0.022,0.023,-1,Echolocation,/mnt/ubna_data_01_mir/recover-20220825/UBNA_002/20220823_033000.WAV,Telephone Field,recover-20220825,002,1795
780.6455,780.6817,68437,82449,Rhinolophus ferrumequinum,0.024,0.024,-1,Echolocation,/mnt/ubna_data_01_mir/recover-20220825/UBNA_002/20220823_033000.WAV,Telephone Field,recover-20220825,002,1795
780.6665,780.7043,68437,81986,Rhinolophus ferrumequinum,0.022,0.022,-1,Echolocation,/mnt/ubna_data_01_mir/recover-20220825/UBNA_002/20220823_033000.WAV,Telephone Field,recover-20220825,002,1795
780.6755,780.6962,17734,20880,Nyctalus noctula,0.014,0.024,-1,Echolocation,/mnt/ubna_data_01_mir/recover-20220825/UBNA_002/20220823_033000.WAV,Telephone Field,recover-20220825,002,1795
780.7095,780.7428,68437,80977,Rhinolophus ferrumequinum,0.021,0.021,-1,Echolocation,/mnt/ubna_data_01_mir/recover-20220825/UBNA_002/20220823_033000.WAV,Telephone Field,recover-20220825,002,1795
780.7185,780.7566,68437,82324,Rhinolophus ferrumequinum,0.025,0.025,-1,Echolocation,/mnt/ubna_data_01_mir/recover-20220825/UBNA_002/20220823_033000.WAV,Telephone Field,recover-20220825,002,1795
780.7215,780.7319,22890,27835,Nyctalus leisleri,0.011,0.022,-1,Echolocation,/mnt/ubna_data_01_mir/recover-20220825/UBNA_002/20220823_033000.WAV,Telephone Field,recover-20220825,002,1795
780.7545,780.7927,68437,82345,Rhinolophus ferrumequinum,0.029,0.029,-1,Echolocation,/mnt/ubna_data_01_mir/recover-20220825/UBNA_002/20220823_033000.WAV,Telephone Field,recover-20220825,002,1795
780.7635,780.8005,68437,81947,Rhinolophus ferrumequinum,0.021,0.021,-1,Echolocation,/mnt/ubna_data_01_mir/recover-20220825/UBNA_002/20220823_033000.WAV,Telephone Field,recover-20220825,002,1795
780.7905,780.8,22031,29424,Plecotus austriacus,0.013,0.032,-1,Echolocation,/mnt/ubna_data_01_mir/recover-20220825/UBNA_002/20220823_033000.WAV,Telephone Field,recover-20220825,002,1795
780.8105,780.8481,68437,82356,Rhinolophus ferrumequinum,0.023,0.023,-1,Echolocation,/mnt/ubna_data_01_mir/recover-20220825/UBNA_002/20220823_033000.WAV,Telephone Field,recover-20220825,002,1795
780.8445,780.8871,68437,82833,Rhinolophus ferrumequinum,0.035,0.035,-1,Echolocation,/mnt/ubna_data_01_mir/recover-20220825/UBNA_002/20220823_033000.WAV,Telephone Field,recover-20220825,002,1795
780.8655,780.9001,68437,81546,Rhinolophus ferrumequinum,0.024,0.024,-1,Echolocation,/mnt/ubna_data_01_mir/recover-20220825/UBNA_002/20220823_033000.WAV,Telephone Field,recover-20220825,002,1795
780.8745,780.886,28906,36026,Eptesicus serotinus,0.013,0.025,-1,Echolocation,/mnt/ubna_data_01_mir/recover-20220825/UBNA_002/20220823_033000.WAV,Telephone Field,recover-20220825,002,1795
780.8795,780.893,51250,54884,Pipistrellus pygmaeus,0.014,0.022,-1,Echolocation,/mnt/ubna_data_01_mir/recover-20220825/UBNA_002/20220823_033000.WAV,Telephone Field,recover-20220825,002,1795
780.8845,780.8954,22031,27159,Nyctalus leisleri,0.012,0.027,-1,Echolocation,/mnt/ubna_data_01_mir/recover-20220825/UBNA_002/20220823_033000.WAV,Telephone Field,recover-20220825,002,1795
780.8935,780.9163,18593,21425,Nyctalus noctula,0.012,0.026,-1,Echolocation,/mnt/ubna_data_01_mir/recover-20220825/UBNA_002/20220823_033000.WAV,Telephone Field,recover-20220825,002,1795
780.8975,780.9381,68437,83445,Rhinolophus ferrumequinum,0.028,0.028,-1,Echolocation,/mnt/ubna_data_01_mir/recover-20220825/UBNA_002/20220823_033000.WAV,Telephone Field,recover-20220825,002,1795
780.9295,780.9651,68437,81065,Rhinolophus ferrumequinum,0.023,0.023,-1,Echolocation,/mnt/ubna_data_01_mir/recover-20220825/UBNA_002/20220823_033000.WAV,Telephone Field,recover-20220825,002,1795
780.9485,780.9607,22031,26549,Nyctalus leisleri,0.011,0.023,-1,Echolocation,/mnt/ubna_data_01_mir/recover-20220825/UBNA_002/20220823_033000.WAV,Telephone Field,recover-20220825,002,1795
780.9765,780.9853,26328,35164,Eptesicus serotinus,0.014,0.032,-1,Echolocation,/mnt/ubna_data_01_mir/recover-20220825/UBNA_002/20220823_033000.WAV,Telephone Field,recover-20220825,002,1795
781.0155,781.0543,68437,82299,Rhinolophus ferrumequinum,0.022,0.022,-1,Echolocation,/mnt/ubna_data_01_mir/recover-20220825/UBNA_002/20220823_033000.WAV,Telephone Field,recover-20220825,002,1795
781.0285,781.07,68437,82856,Rhinolophus ferrumequinum,0.054,0.054,-1,Echolocation,/mnt/ubna_data_01_mir/recover-20220825/UBNA_002/20220823_033000.WAV,Telephone Field,recover-20220825,002,1795
781.0295,781.0374,27187,36427,Eptesicus serotinus,0.01,0.024,-1,Echolocation,/mnt/ubna_data_01_mir/recover-20220825/UBNA_002/20220823_033000.WAV,Telephone Field,recover-20220825,002,1795
781.0535,781.0915,68437,82389,Rhinolophus ferrumequinum,0.023,0.023,-1,Echolocation,/mnt/ubna_data_01_mir/recover-20220825/UBNA_002/20220823_033000.WAV,Telephone Field,recover-20220825,002,1795
781.0555,781.0659,28906,38548,Eptesicus serotinus,0.014,0.028,-1,Echolocation,/mnt/ubna_data_01_mir/recover-20220825/UBNA_002/20220823_033000.WAV,Telephone Field,recover-20220825,002,1795
781.1045,781.1157,22890,27919,Nyctalus leisleri,0.01,0.022,-1,Echolocation,/mnt/ubna_data_01_mir/recover-20220825/UBNA_002/20220823_033000.WAV,Telephone Field,recover-20220825,002,1795
781.1125,781.151,68437,82557,Rhinolophus ferrumequinum,0.023,0.023,-1,Echolocation,/mnt/ubna_data_01_mir/recover-20220825/UBNA_002/20220823_033000.WAV,Telephone Field,recover-20220825,002,1795
781.1175,781.1242,28906,41935,Eptesicus serotinus,0.006,0.025,-1,Echolocation,/mnt/ubna_data_01_mir/recover-20220825/UBNA_002/20220823_033000.WAV,Telephone Field,recover-20220825,002,1795
781.1515,781.1593,23750,31909,Plecotus austriacus,0.009,0.022,-1,Echolocation,/mnt/ubna_data_01_mir/recover-20220825/UBNA_002/20220823_033000.WAV,Telephone Field,recover-20220825,002,1795
781.1685,781.2053,68437,81984,Rhinolophus ferrumequinum,0.025,0.025,-1,Echolocation,/mnt/ubna_data_01_mir/recover-20220825/UBNA_002/20220823_033000.WAV,Telephone Field,recover-20220825,002,1795
781.1835,781.2238,68437,82737,Rhinolophus ferrumequinum,0.025,0.025,-1,Echolocation,/mnt/ubna_data_01_mir/recover-20220825/UBNA_002/20220823_033000.WAV,Telephone Field,recover-20220825,002,1795
781.2185,781.2563,68437,81687,Rhinolophus ferrumequinum,0.021,0.022,-1,Echolocation,/mnt/ubna_data_01_mir/recover-20220825/UBNA_002/20220823_033000.WAV,Telephone Field,recover-20220825,002,1795
781.2385,781.276,68437,82472,Rhinolophus ferrumequinum,0.021,0.021,-1,Echolocation,/mnt/ubna_data_01_mir/recover-20220825/UBNA_002/20220823_033000.WAV,Telephone Field,recover-20220825,002,1795
781.2465,781.2857,68437,82512,Rhinolophus ferrumequinum,0.027,0.027,-1,Echolocation,/mnt/ubna_data_01_mir/recover-20220825/UBNA_002/20220823_033000.WAV,Telephone Field,recover-20220825,002,1795
781.2525,781.2606,28046,41044,Eptesicus serotinus,0.007,0.021,-1,Echolocation,/mnt/ubna_data_01_mir/recover-20220825/UBNA_002/20220823_033000.WAV,Telephone Field,recover-20220825,002,1795
781.2575,781.2715,37500,41892,Pipistrellus nathusii,0.024,0.035,-1,Echolocation,/mnt/ubna_data_01_mir/recover-20220825/UBNA_002/20220823_033000.WAV,Telephone Field,recover-20220825,002,1795
781.2715,781.3078,68437,81590,Rhinolophus ferrumequinum,0.022,0.022,-1,Echolocation,/mnt/ubna_data_01_mir/recover-20220825/UBNA_002/20220823_033000.WAV,Telephone Field,recover-20220825,002,1795
781.3255,781.3637,68437,81857,Rhinolophus ferrumequinum,0.022,0.023,-1,Echolocation,/mnt/ubna_data_01_mir/recover-20220825/UBNA_002/20220823_033000.WAV,Telephone Field,recover-20220825,002,1795
781.3335,781.368,68437,81311,Rhinolophus ferrumequinum,0.022,0.022,-1,Echolocation,/mnt/ubna_data_01_mir/recover-20220825/UBNA_002/20220823_033000.WAV,Telephone Field,recover-20220825,002,1795
781.3465,781.3821,68437,81867,Rhinolophus ferrumequinum,0.026,0.026,-1,Echolocation,/mnt/ubna_data_01_mir/recover-20220825/UBNA_002/20220823_033000.WAV,Telephone Field,recover-20220825,002,1795
781.3875,781.4283,68437,82136,Rhinolophus ferrumequinum,0.029,0.029,-1,Echolocation,/mnt/ubna_data_01_mir/recover-20220825/UBNA_002/20220823_033000.WAV,Telephone Field,recover-20220825,002,1795
781.3905,781.3996,46953,51213,Pipistrellus pipistrellus,0.019,0.021,-1,Echolocation,/mnt/ubna_data_01_mir/recover-20220825/UBNA_002/20220823_033000.WAV,Telephone Field,recover-20220825,002,1795
781.4385,781.4787,68437,82675,Rhinolophus ferrumequinum,0.027,0.027,-1,Echolocation,/mnt/ubna_data_01_mir/recover-20220825/UBNA_002/20220823_033000.WAV,Telephone Field,recover-20220825,002,1795
781.4865,781.4966,23750,31013,Nyctalus leisleri,0.009,0.026,-1,Echolocation,/mnt/ubna_data_01_mir/recover-20220825/UBNA_002/20220823_033000.WAV,Telephone Field,recover-20220825,002,1795
781.5515,781.5595,28046,40922,Eptesicus serotinus,0.008,0.021,-1,Echolocation,/mnt/ubna_data_01_mir/recover-20220825/UBNA_002/20220823_033000.WAV,Telephone Field,recover-20220825,002,1795
781.5675,781.5796,25468,31182,Nyctalus leisleri,0.019,0.047,-1,Echolocation,/mnt/ubna_data_01_mir/recover-20220825/UBNA_002/20220823_033000.WAV,Telephone Field,recover-20220825,002,1795
781.5855,781.6241,68437,82531,Rhinolophus ferrumequinum,0.027,0.027,-1,Echolocation,/mnt/ubna_data_01_mir/recover-20220825/UBNA_002/20220823_033000.WAV,Telephone Field,recover-20220825,002,1795
781.6285,781.6376,51250,56046,Pipistrellus pipistrellus,0.019,0.026,-1,Echolocation,/mnt/ubna_data_01_mir/recover-20220825/UBNA_002/20220823_033000.WAV,Telephone Field,recover-20220825,002,1795
781.6555,781.6673,24609,31836,Eptesicus serotinus,0.014,0.033,-1,Echolocation,/mnt/ubna_data_01_mir/recover-20220825/UBNA_002/20220823_033000.WAV,Telephone Field,recover-20220825,002,1795
781.7055,781.7452,68437,81874,Rhinolophus ferrumequinum,0.024,0.024,-1,Echolocation,/mnt/ubna_data_01_mir/recover-20220825/UBNA_002/20220823_033000.WAV,Telephone Field,recover-20220825,002,1795
781.7325,781.7423,28046,35611,Eptesicus serotinus,0.011,0.024,-1,Echolocation,/mnt/ubna_data_01_mir/recover-20220825/UBNA_002/20220823_033000.WAV,Telephone Field,recover-20220825,002,1795
781.7515,781.7581,28046,40954,Eptesicus serotinus,0.008,0.027,-1,Echolocation,/mnt/ubna_data_01_mir/recover-20220825/UBNA_002/20220823_033000.WAV,Telephone Field,recover-20220825,002,1795
781.7765,781.7845,23750,32364,Plecotus austriacus,0.008,0.021,-1,Echolocation,/mnt/ubna_data_01_mir/recover-20220825/UBNA_002/20220823_033000.WAV,Telephone Field,recover-20220825,002,1795
781.8275,781.8648,68437,82446,Rhinolophus ferrumequinum,0.022,0.022,-1,Echolocation,/mnt/ubna_data_01_mir/recover-20220825/UBNA_002/20220823_033000.WAV,Telephone Field,recover-20220825,002,1795
781.8355,781.8448,54687,59086,Pipistrellus pygmaeus,0.038,0.041,-1,Echolocation,/mnt/ubna_data_01_mir/recover-20220825/UBNA_002/20220823_033000.WAV,Telephone Field,recover-20220825,002,1795
781.8645,781.905,68437,82287,Rhinolophus ferrumequinum,0.022,0.022,-1,Echolocation,/mnt/ubna_data_01_mir/recover-20220825/UBNA_002/20220823_033000.WAV,Telephone Field,recover-20220825,002,1795
781.8985,781.9352,68437,81625,Rhinolophus ferrumequinum,0.022,0.022,-1,Echolocation,/mnt/ubna_data_01_mir/recover-20220825/UBNA_002/20220823_033000.WAV,Telephone Field,recover-20220825,002,1795
781.9195,781.9266,50390,56052,Pipistrellus pipistrellus,0.022,0.024,-1,Echolocation,/mnt/ubna_data_01_mir/recover-20220825/UBNA_002/20220823_033000.WAV,Telephone Field,recover-20220825,002,1795
781.9375,781.9455,27187,38328,Eptesicus serotinus,0.008,0.022,-1,Echolocation,/mnt/ubna_data_01_mir/recover-20220825/UBNA_002/20220823_033000.WAV,Telephone Field,recover-20220825,002,1795
781.9875,781.9961,28046,37828,Eptesicus serotinus,0.009,0.023,-1,Echolocation,/mnt/ubna_data_01_mir/recover-20220825/UBNA_002/20220823_033000.WAV,Telephone Field,recover-20220825,002,1795
782.0015,782.0105,22890,29442,Nyctalus leisleri,0.009,0.024,-1,Echolocation,/mnt/ubna_data_01_mir/recover-20220825/UBNA_002/20220823_033000.WAV,Telephone Field,recover-20220825,002,1795
782.0015,782.0361,68437,80379,Rhinolophus ferrumequinum,0.053,0.053,-1,Echolocation,/mnt/ubna_data_01_mir/recover-20220825/UBNA_002/20220823_033000.WAV,Telephone Field,recover-20220825,002,1795
782.0085,782.0561,68437,83274,Rhinolophus ferrumequinum,0.036,0.036,-1,Echolocation,/mnt/ubna_data_01_mir/recover-20220825/UBNA_002/20220823_033000.WAV,Telephone Field,recover-20220825,002,1795
782.0585,782.0654,26328,38098,Eptesicus serotinus,0.005,0.02,-1,Echolocation,/mnt/ubna_data_01_mir/recover-20220825/UBNA_002/20220823_033000.WAV,Telephone Field,recover-20220825,002,1795
782.0945,782.133,68437,81790,Rhinolophus ferrumequinum,0.021,0.021,-1,Echolocation,/mnt/ubna_data_01_mir/recover-20220825/UBNA_002/20220823_033000.WAV,Telephone Field,recover-20220825,002,1795
782.1195,782.1579,68437,81793,Rhinolophus ferrumequinum,0.02,0.02,-1,Echolocation,/mnt/ubna_data_01_mir/recover-20220825/UBNA_002/20220823_033000.WAV,Telephone Field,recover-20220825,002,1795
782.1605,782.1948,68437,81542,Rhinolophus ferrumequinum,0.02,0.02,-1,Echolocation,/mnt/ubna_data_01_mir/recover-20220825/UBNA_002/20220823_033000.WAV,Telephone Field,recover-20220825,002,1795
782.2215,782.2311,25468,32441,Eptesicus serotinus,0.008,0.022,-1,Echolocation,/mnt/ubna_data_01_mir/recover-20220825/UBNA_002/20220823_033000.WAV,Telephone Field,recover-20220825,002,1795
782.2525,782.2933,68437,82849,Rhinolophus ferrumequinum,0.03,0.03,-1,Echolocation,/mnt/ubna_data_01_mir/recover-20220825/UBNA_002/20220823_033000.WAV,Telephone Field,recover-20220825,002,1795
782.3075,782.3424,68437,81126,Rhinolophus ferrumequinum,0.023,0.023,-1,Echolocation,/mnt/ubna_data_01_mir/recover-20220825/UBNA_002/20220823_033000.WAV,Telephone Field,recover-20220825,002,1795
782.3185,782.3315,23750,29620,Nyctalus leisleri,0.014,0.032,-1,Echolocation,/mnt/ubna_data_01_mir/recover-20220825/UBNA_002/20220823_033000.WAV,Telephone Field,recover-20220825,002,1795
782.3335,782.37,68437,82367,Rhinolophus ferrumequinum,0.03,0.03,-1,Echolocation,/mnt/ubna_data_01_mir/recover-20220825/UBNA_002/20220823_033000.WAV,Telephone Field,recover-20220825,002,1795
782.3575,782.3684,22890,28084,Nyctalus leisleri,0.011,0.023,-1,Echolocation,/mnt/ubna_data_01_mir/recover-20220825/UBNA_002/20220823_033000.WAV,Telephone Field,recover-20220825,002,1795
782.3645,782.3995,68437,82012,Rhinolophus ferrumequinum,0.022,0.022,-1,Echolocation,/mnt/ubna_data_01_mir/recover-20220825/UBNA_002/20220823_033000.WAV,Telephone Field,recover-20220825,002,1795
782.3715,782.4115,68437,82022,Rhinolophus ferrumequinum,0.022,0.022,-1,Echolocation,/mnt/ubna_data_01_mir/recover-20220825/UBNA_002/20220823_033000.WAV,Telephone Field,recover-20220825,002,1795
782.3885,782.3974,28046,38101,Eptesicus serotinus,0.007,0.02,-1,Echolocation,/mnt/ubna_data_01_mir/recover-20220825/UBNA_002/20220823_033000.WAV,Telephone Field,recover-20220825,002,1795
782.4425,782.48,68437,81231,Rhinolophus ferrumequinum,0.02,0.02,-1,Echolocation,/mnt/ubna_data_01_mir/recover-20220825/UBNA_002/20220823_033000.WAV,Telephone Field,recover-20220825,002,1795
782.4595,782.4979,68437,81575,Rhinolophus ferrumequinum,0.023,0.023,-1,Echolocation,/mnt/ubna_data_01_mir/recover-20220825/UBNA_002/20220823_033000.WAV,Telephone Field,recover-20220825,002,1795
782.4635,782.4712,27187,37265,Eptesicus serotinus,0.008,0.024,-1,Echolocation,/mnt/ubna_data_01_mir/recover-20220825/UBNA_002/20220823_033000.WAV,Telephone Field,recover-20220825,002,1795
782.4865,782.5217,68437,80593,Rhinolophus ferrumequinum,0.022,0.022,-1,Echolocation,/mnt/ubna_data_01_mir/recover-20220825/UBNA_002/20220823_033000.WAV,Telephone Field,recover-20220825,002,1795
782.4985,782.5071,25468,36949,Eptesicus serotinus,0.006,0.02,-1,Echolocation,/mnt/ubna_data_01_mir/recover-20220825/UBNA_002/20220823_033000.WAV,Telephone Field,recover-20220825,002,1795
782.5035,782.5402,68437,81703,Rhinolophus ferrumequinum,0.022,0.022,-1,Echolocation,/mnt/ubna_data_01_mir/recover-20220825/UBNA_002/20220823_033000.WAV,Telephone Field,recover-20220825,002,1795
782.5255,782.5652,68437,82892,Rhinolophus ferrumequinum,0.022,0.022,-1,Echolocation,/mnt/ubna_data_01_mir/recover-20220825/UBNA_002/20220823_033000.WAV,Telephone Field,recover-20220825,002,1795
782.5315,782.5399,22890,30345,Plecotus austriacus,0.009,0.022,-1,Echolocation,/mnt/ubna_data_01_mir/recover-20220825/UBNA_002/20220823_033000.WAV,Telephone Field,recover-20220825,002,1795
782.5505,782.5884,68437,82224,Rhinolophus ferrumequinum,0.024,0.024,-1,Echolocation,/mnt/ubna_data_01_mir/recover-20220825/UBNA_002/20220823_033000.WAV,Telephone Field,recover-20220825,002,1795
782.5745,782.5865,22890,28415,Nyctalus leisleri,0.015,0.03,-1,Echolocation,/mnt/ubna_data_01_mir/recover-20220825/UBNA_002/20220823_033000.WAV,Telephone Field,recover-20220825,002,1795
782.5985,782.6345,68437,81542,Rhinolophus ferrumequinum,0.02,0.02,-1,Echolocation,/mnt/ubna_data_01_mir/recover-20220825/UBNA_002/20220823_033000.WAV,Telephone Field,recover-20220825,002,1795
782.6075,782.6169,28046,38671,Eptesicus serotinus,0.007,0.02,-1,Echolocation,/mnt/ubna_data_01_mir/recover-20220825/UBNA_002/20220823_033000.WAV,Telephone Field,recover-20220825,002,1795
782.6325,782.64,27187,38190,Eptesicus serotinus,0.006,0.02,-1,Echolocation,/mnt/ubna_data_01_mir/recover-20220825/UBNA_002/20220823_033000.WAV,Telephone Field,recover-20220825,002,1795
782.6515,782.6619,30625,36926,Eptesicus serotinus,0.019,0.041,-1,Echolocation,/mnt/ubna_data_01_mir/recover-20220825/UBNA_002/20220823_033000.WAV,Telephone Field,recover-20220825,002,1795
782.6555,782.6929,68437,82303,Rhinolophus ferrumequinum,0.021,0.021,-1,Echolocation,/mnt/ubna_data_01_mir/recover-20220825/UBNA_002/20220823_033000.WAV,Telephone Field,recover-20220825,002,1795
782.6815,782.7218,68437,82226,Rhinolophus ferrumequinum,0.024,0.024,-1,Echolocation,/mnt/ubna_data_01_mir/recover-20220825/UBNA_002/20220823_033000.WAV,Telephone Field,recover-20220825,002,1795
782.6835,782.6929,28046,42061,Eptesicus serotinus,0.009,0.021,-1,Echolocation,/mnt/ubna_data_01_mir/recover-20220825/UBNA_002/20220823_033000.WAV,Telephone Field,recover-20220825,002,1795
782.7055,782.7411,68437,81396,Rhinolophus ferrumequinum,0.025,0.025,-1,Echolocation,/mnt/ubna_data_01_mir/recover-20220825/UBNA_002/20220823_033000.WAV,Telephone Field,recover-20220825,002,1795
782.7195,782.7552,68437,82373,Rhinolophus ferrumequinum,0.02,0.02,-1,Echolocation,/mnt/ubna_data_01_mir/recover-20220825/UBNA_002/20220823_033000.WAV,Telephone Field,recover-20220825,002,1795
782.7285,782.7364,26328,37168,Eptesicus serotinus,0.006,0.022,-1,Echolocation,/mnt/ubna_data_01_mir/recover-20220825/UBNA_002/20220823_033000.WAV,Telephone Field,recover-20220825,002,1795
782.7575,782.7927,68437,81008,Rhinolophus ferrumequinum,0.022,0.022,-1,Echolocation,/mnt/ubna_data_01_mir/recover-20220825/UBNA_002/20220823_033000.WAV,Telephone Field,recover-20220825,002,1795
782.7795,782.8166,68437,82233,Rhinolophus ferrumequinum,0.02,0.02,-1,Echolocation,/mnt/ubna_data_01_mir/recover-20220825/UBNA_002/20220823_033000.WAV,Telephone Field,recover-20220825,002,1795
782.7825,782.7902,26328,38411,Eptesicus serotinus,0.006,0.02,-1,Echolocation,/mnt/ubna_data_01_mir/recover-20220825/UBNA_002/20220823_033000.WAV,Telephone Field,recover-20220825,002,1795
782.7925,782.8321,68437,82414,Rhinolophus ferrumequinum,0.021,0.021,-1,Echolocation,/mnt/ubna_data_01_mir/recover-20220825/UBNA_002/20220823_033000.WAV,Telephone Field,recover-20220825,002,1795
782.7955,782.8047,24609,32170,Eptesicus serotinus,0.007,0.023,-1,Echolocation,/mnt/ubna_data_01_mir/recover-20220825/UBNA_002/20220823_033000.WAV,Telephone Field,recover-20220825,002,1795
782.8395,782.8532,24609,29696,Nyctalus leisleri,0.022,0.051,-1,Echolocation,/mnt/ubna_data_01_mir/recover-20220825/UBNA_002/20220823_033000.WAV,Telephone Field,recover-20220825,002,1795
782.8525,782.8948,68437,83000,Rhinolophus ferrumequinum,0.036,0.036,-1,Echolocation,/mnt/ubna_data_01_mir/recover-20220825/UBNA_002/20220823_033000.WAV,Telephone Field,recover-20220825,002,1795
782.8795,782.9158,68437,81115,Rhinolophus ferrumequinum,0.022,0.022,-1,Echolocation,/mnt/ubna_data_01_mir/recover-20220825/UBNA_002/20220823_033000.WAV,Telephone Field,recover-20220825,002,1795
782.8875,782.9245,68437,82070,Rhinolophus ferrumequinum,0.021,0.021,-1,Echolocation,/mnt/ubna_data_01_mir/recover-20220825/UBNA_002/20220823_033000.WAV,Telephone Field,recover-20220825,002,1795
782.8955,782.9329,68437,82216,Rhinolophus ferrumequinum,0.021,0.021,-1,Echolocation,/mnt/ubna_data_01_mir/recover-20220825/UBNA_002/20220823_033000.WAV,Telephone Field,recover-20220825,002,1795
782.9245,782.9621,68437,82128,Rhinolophus ferrumequinum,0.02,0.02,-1,Echolocation,/mnt/ubna_data_01_mir/recover-20220825/UBNA_002/20220823_033000.WAV,Telephone Field,recover-20220825,002,1795
782.9395,782.9503,23750,29984,Nyctalus leisleri,0.009,0.022,-1,Echolocation,/mnt/ubna_data_01_mir/recover-20220825/UBNA_002/20220823_033000.WAV,Telephone Field,recover-20220825,002,1795
782.9395,782.9757,68437,81506,Rhinolophus ferrumequinum,0.022,0.022,-1,Echolocation,/mnt/ubna_data_01_mir/recover-20220825/UBNA_002/20220823_033000.WAV,Telephone Field,recover-20220825,002,1795
782.9525,782.9899,68437,82452,Rhinolophus ferrumequinum,0.02,0.02,-1,Echolocation,/mnt/ubna_data_01_mir/recover-20220825/UBNA_002/20220823_033000.WAV,Telephone Field,recover-20220825,002,1795
782.9685,783.0075,68437,82174,Rhinolophus ferrumequinum,0.021,0.021,-1,Echolocation,/mnt/ubna_data_01_mir/recover-20220825/UBNA_002/20220823_033000.WAV,Telephone Field,recover-20220825,002,1795
782.9755,782.9869,23750,29773,Nyctalus leisleri,0.009,0.022,-1,Echolocation,/mnt/ubna_data_01_mir/recover-20220825/UBNA_002/20220823_033000.WAV,Telephone Field,recover-20220825,002,1795
782.9975,783.0355,68437,81729,Rhinolophus ferrumequinum,0.021,0.021,-1,Echolocation,/mnt/ubna_data_01_mir/recover-20220825/UBNA_002/20220823_033000.WAV,Telephone Field,recover-20220825,002,1795
783.0285,783.0447,21171,24413,Nyctalus leisleri,0.015,0.026,-1,Echolocation,/mnt/ubna_data_01_mir/recover-20220825/UBNA_002/20220823_033000.WAV,Telephone Field,recover-20220825,002,1795
783.0315,783.0741,68437,83327,Rhinolophus ferrumequinum,0.028,0.028,-1,Echolocation,/mnt/ubna_data_01_mir/recover-20220825/UBNA_002/20220823_033000.WAV,Telephone Field,recover-20220825,002,1795
783.0705,783.1089,68437,81637,Rhinolophus ferrumequinum,0.022,0.022,-1,Echolocation,/mnt/ubna_data_01_mir/recover-20220825/UBNA_002/20220823_033000.WAV,Telephone Field,recover-20220825,002,1795
783.0845,783.0923,25468,34413,Eptesicus serotinus,0.007,0.021,-1,Echolocation,/mnt/ubna_data_01_mir/recover-20220825/UBNA_002/20220823_033000.WAV,Telephone Field,recover-20220825,002,1795
783.0975,783.1098,22890,28114,Nyctalus leisleri,0.012,0.024,-1,Echolocation,/mnt/ubna_data_01_mir/recover-20220825/UBNA_002/20220823_033000.WAV,Telephone Field,recover-20220825,002,1795
783.1095,783.1514,68437,82898,Rhinolophus ferrumequinum,0.021,0.021,-1,Echolocation,/mnt/ubna_data_01_mir/recover-20220825/UBNA_002/20220823_033000.WAV,Telephone Field,recover-20220825,002,1795
783.1315,783.1689,68437,81702,Rhinolophus ferrumequinum,0.021,0.021,-1,Echolocation,/mnt/ubna_data_01_mir/recover-20220825/UBNA_002/20220823_033000.WAV,Telephone Field,recover-20220825,002,1795
783.1505,783.159,28046,36801,Eptesicus serotinus,0.009,0.023,-1,Echolocation,/mnt/ubna_data_01_mir/recover-20220825/UBNA_002/20220823_033000.WAV,Telephone Field,recover-20220825,002,1795
783.1935,783.205,42656,47608,Pipistrellus pipistrellus,0.015,0.023,-1,Echolocation,/mnt/ubna_data_01_mir/recover-20220825/UBNA_002/20220823_033000.WAV,Telephone Field,recover-20220825,002,1795
783.1945,783.2333,68437,81815,Rhinolophus ferrumequinum,0.02,0.02,-1,Echolocation,/mnt/ubna_data_01_mir/recover-20220825/UBNA_002/20220823_033000.WAV,Telephone Field,recover-20220825,002,1795
783.1995,783.2362,68437,81978,Rhinolophus ferrumequinum,0.021,0.021,-1,Echolocation,/mnt/ubna_data_01_mir/recover-20220825/UBNA_002/20220823_033000.WAV,Telephone Field,recover-20220825,002,1795
783.2075,783.2462,68437,82132,Rhinolophus ferrumequinum,0.02,0.02,-1,Echolocation,/mnt/ubna_data_01_mir/recover-20220825/UBNA_002/20220823_033000.WAV,Telephone Field,recover-20220825,002,1795
783.2395,783.2754,68437,81720,Rhinolophus ferrumequinum,0.02,0.02,-1,Echolocation,/mnt/ubna_data_01_mir/recover-20220825/UBNA_002/20220823_033000.WAV,Telephone Field,recover-20220825,002,1795
783.3025,783.343,68437,82269,Rhinolophus ferrumequinum,0.023,0.023,-1,Echolocation,/mnt/ubna_data_01_mir/recover-20220825/UBNA_002/20220823_033000.WAV,Telephone Field,recover-20220825,002,1795
783.3205,783.3624,68437,82666,Rhinolophus ferrumequinum,0.026,0.026,-1,Echolocation,/mnt/ubna_data_01_mir/recover-20220825/UBNA_002/20220823_033000.WAV,Telephone Field,recover-20220825,002,1795
783.3395,783.3762,68437,81983,Rhinolophus ferrumequinum,0.028,0.028,-1,Echolocation,/mnt/ubna_data_01_mir/recover-20220825/UBNA_002/20220823_033000.WAV,Telephone Field,recover-20220825,002,1795
783.3725,783.382,23750,30652,Nyctalus leisleri,0.007,0.021,-1,Echolocation,/mnt/ubna_data_01_mir/recover-20220825/UBNA_002/20220823_033000.WAV,Telephone Field,recover-20220825,002,1795
783.3925,783.4017,28046,37762,Eptesicus serotinus,0.008,0.022,-1,Echolocation,/mnt/ubna_data_01_mir/recover-20220825/UBNA_002/20220823_033000.WAV,Telephone Field,recover-20220825,002,1795
783.4165,783.4528,68437,81833,Rhinolophus ferrumequinum,0.022,0.022,-1,Echolocation,/mnt/ubna_data_01_mir/recover-20220825/UBNA_002/20220823_033000.WAV,Telephone Field,recover-20220825,002,1795
783.4295,783.4398,23750,30265,Nyctalus leisleri,0.007,0.02,-1,Echolocation,/mnt/ubna_data_01_mir/recover-20220825/UBNA_002/20220823_033000.WAV,Telephone Field,recover-20220825,002,1795
783.4595,783.4984,68437,82178,Rhinolophus ferrumequinum,0.022,0.022,-1,Echolocation,/mnt/ubna_data_01_mir/recover-20220825/UBNA_002/20220823_033000.WAV,Telephone Field,recover-20220825,002,1795
783.5355,783.5733,68437,81526,Rhinolophus ferrumequinum,0.021,0.021,-1,Echolocation,/mnt/ubna_data_01_mir/recover-20220825/UBNA_002/20220823_033000.WAV,Telephone Field,recover-20220825,002,1795
783.5615,783.5737,56406,61378,Pipistrellus pygmaeus,0.022,0.023,-1,Echolocation,/mnt/ubna_data_01_mir/recover-20220825/UBNA_002/20220823_033000.WAV,Telephone Field,recover-20220825,002,1795
783.6025,783.6424,68437,82845,Rhinolophus ferrumequinum,0.027,0.027,-1,Echolocation,/mnt/ubna_data_01_mir/recover-20220825/UBNA_002/20220823_033000.WAV,Telephone Field,recover-20220825,002,1795
783.6245,783.6665,68437,82537,Rhinolophus ferrumequinum,0.02,0.02,-1,Echolocation,/mnt/ubna_data_01_mir/recover-20220825/UBNA_002/20220823_033000.WAV,Telephone Field,recover-20220825,002,1795
783.6345,783.6721,68437,82330,Rhinolophus ferrumequinum,0.02,0.02,-1,Echolocation,/mnt/ubna_data_01_mir/recover-20220825/UBNA_002/20220823_033000.WAV,Telephone Field,recover-20220825,002,1795
783.6435,783.6507,24609,33696,Plecotus austriacus,0.007,0.02,-1,Echolocation,/mnt/ubna_data_01_mir/recover-20220825/UBNA_002/20220823_033000.WAV,Telephone Field,recover-20220825,002,1795
783.6455,783.6528,28906,39680,Eptesicus serotinus,0.006,0.02,-1,Echolocation,/mnt/ubna_data_01_mir/recover-20220825/UBNA_002/20220823_033000.WAV,Telephone Field,recover-20220825,002,1795
783.6675,783.6783,22890,28668,Nyctalus leisleri,0.01,0.025,-1,Echolocation,/mnt/ubna_data_01_mir/recover-20220825/UBNA_002/20220823_033000.WAV,Telephone Field,recover-20220825,002,1795
783.6865,783.7268,68437,82061,Rhinolophus ferrumequinum,0.022,0.022,-1,Echolocation,/mnt/ubna_data_01_mir/recover-20220825/UBNA_002/20220823_033000.WAV,Telephone Field,recover-20220825,002,1795
783.7065,783.7466,68437,81953,Rhinolophus ferrumequinum,0.022,0.022,-1,Echolocation,/mnt/ubna_data_01_mir/recover-20220825/UBNA_002/20220823_033000.WAV,Telephone Field,recover-20220825,002,1795
783.7295,783.7426,40078,42780,Pipistrellus nathusii,0.018,0.027,-1,Echolocation,/mnt/ubna_data_01_mir/recover-20220825/UBNA_002/20220823_033000.WAV,Telephone Field,recover-20220825,002,1795
783.7635,783.7728,28906,38861,Eptesicus serotinus,0.015,0.035,-1,Echolocation,/mnt/ubna_data_01_mir/recover-20220825/UBNA_002/20220823_033000.WAV,Telephone Field,recover-20220825,002,1795
783.7835,783.8211,68437,81473,Rhinolophus ferrumequinum,0.022,0.022,-1,Echolocation,/mnt/ubna_data_01_mir/recover-20220825/UBNA_002/20220823_033000.WAV,Telephone Field,recover-20220825,002,1795
783.8035,783.8452,68437,83425,Rhinolophus ferrumequinum,0.034,0.034,-1,Echolocation,/mnt/ubna_data_01_mir/recover-20220825/UBNA_002/20220823_033000.WAV,Telephone Field,recover-20220825,002,1795
783.8325,783.8413,28906,37946,Eptesicus serotinus,0.008,0.024,-1,Echolocation,/mnt/ubna_data_01_mir/recover-20220825/UBNA_002/20220823_033000.WAV,Telephone Field,recover-20220825,002,1795
783.8395,783.8764,68437,81957,Rhinolophus ferrumequinum,0.023,0.023,-1,Echolocation,/mnt/ubna_data_01_mir/recover-20220825/UBNA_002/20220823_033000.WAV,Telephone Field,recover-20220825,002,1795
783.8485,783.8601,24609,30299,Nyctalus leisleri,0.009,0.024,-1,Echolocation,/mnt/ubna_data_01_mir/recover-20220825/UBNA_002/20220823_033000.WAV,Telephone Field,recover-20220825,002,1795
783.8765,783.886,28046,36315,Eptesicus serotinus,0.009,0.02,-1,Echolocation,/mnt/ubna_data_01_mir/recover-20220825/UBNA_002/20220823_033000.WAV,Telephone Field,recover-20220825,002,1795
783.9155,783.9314,20312,24035,Nyctalus leisleri,0.015,0.026,-1,Echolocation,/mnt/ubna_data_01_mir/recover-20220825/UBNA_002/20220823_033000.WAV,Telephone Field,recover-20220825,002,1795
783.9435,783.98,68437,82300,Rhinolophus ferrumequinum,0.02,0.02,-1,Echolocation,/mnt/ubna_data_01_mir/recover-20220825/UBNA_002/20220823_033000.WAV,Telephone Field,recover-20220825,002,1795
783.9535,783.9613,28046,40044,Eptesicus serotinus,0.007,0.021,-1,Echolocation,/mnt/ubna_data_01_mir/recover-20220825/UBNA_002/20220823_033000.WAV,Telephone Field,recover-20220825,002,1795
783.9845,783.991,24609,34941,Plecotus austriacus,0.016,0.035,-1,Echolocation,/mnt/ubna_data_01_mir/recover-20220825/UBNA_002/20220823_033000.WAV,Telephone Field,recover-20220825,002,1795
784.0015,784.0301,69296,81263,Rhinolophus ferrumequinum,0.023,0.023,-1,Echolocation,/mnt/ubna_data_01_mir/recover-20220825/UBNA_002/20220823_033000.WAV,Telephone Field,recover-20220825,002,1795
784.0015,784.0077,24609,36480,Plecotus austriacus,0.005,0.023,-1,Echolocation,/mnt/ubna_data_01_mir/recover-20220825/UBNA_002/20220823_033000.WAV,Telephone Field,recover-20220825,002,1795
784.0215,784.0288,27187,38905,Eptesicus serotinus,0.006,0.022,-1,Echolocation,/mnt/ubna_data_01_mir/recover-20220825/UBNA_002/20220823_033000.WAV,Telephone Field,recover-20220825,002,1795
784.0465,784.0546,27187,37630,Eptesicus serotinus,0.009,0.026,-1,Echolocation,/mnt/ubna_data_01_mir/recover-20220825/UBNA_002/20220823_033000.WAV,Telephone Field,recover-20220825,002,1795
784.0715,784.0778,30625,48472,Myotis daubentonii,0.015,0.028,-1,Echolocation,/mnt/ubna_data_01_mir/recover-20220825/UBNA_002/20220823_033000.WAV,Telephone Field,recover-20220825,002,1795
784.0885,784.1272,68437,82894,Rhinolophus ferrumequinum,0.023,0.023,-1,Echolocation,/mnt/ubna_data_01_mir/recover-20220825/UBNA_002/20220823_033000.WAV,Telephone Field,recover-20220825,002,1795
784.1355,784.1534,22031,25746,Nyctalus leisleri,0.012,0.021,-1,Echolocation,/mnt/ubna_data_01_mir/recover-20220825/UBNA_002/20220823_033000.WAV,Telephone Field,recover-20220825,002,1795
784.1465,784.1524,31484,46788,Myotis daubentonii,0.012,0.026,-1,Echolocation,/mnt/ubna_data_01_mir/recover-20220825/UBNA_002/20220823_033000.WAV,Telephone Field,recover-20220825,002,1795
784.2185,784.2267,27187,36082,Eptesicus serotinus,0.008,0.023,-1,Echolocation,/mnt/ubna_data_01_mir/recover-20220825/UBNA_002/20220823_033000.WAV,Telephone Field,recover-20220825,002,1795
784.2375,784.2441,26328,39799,Eptesicus serotinus,0.006,0.021,-1,Echolocation,/mnt/ubna_data_01_mir/recover-20220825/UBNA_002/20220823_033000.WAV,Telephone Field,recover-20220825,002,1795
784.2485,784.2559,27187,38103,Eptesicus serotinus,0.007,0.021,-1,Echolocation,/mnt/ubna_data_01_mir/recover-20220825/UBNA_002/20220823_033000.WAV,Telephone Field,recover-20220825,002,1795
784.2895,784.2963,26328,41455,Eptesicus serotinus,0.006,0.021,-1,Echolocation,/mnt/ubna_data_01_mir/recover-20220825/UBNA_002/20220823_033000.WAV,Telephone Field,recover-20220825,002,1795
784.2905,784.2992,40937,48752,Pipistrellus nathusii,0.015,0.033,-1,Echolocation,/mnt/ubna_data_01_mir/recover-20220825/UBNA_002/20220823_033000.WAV,Telephone Field,recover-20220825,002,1795
784.3035,784.3213,19453,22299,Nyctalus leisleri,0.015,0.027,-1,Echolocation,/mnt/ubna_data_01_mir/recover-20220825/UBNA_002/20220823_033000.WAV,Telephone Field,recover-20220825,002,1795
784.3515,784.3587,26328,38938,Eptesicus serotinus,0.007,0.021,-1,Echolocation,/mnt/ubna_data_01_mir/recover-20220825/UBNA_002/20220823_033000.WAV,Telephone Field,recover-20220825,002,1795
784.3715,784.3802,27187,38414,Eptesicus serotinus,0.023,0.05,-1,Echolocation,/mnt/ubna_data_01_mir/recover-20220825/UBNA_002/20220823_033000.WAV,Telephone Field,recover-20220825,002,1795
784.3915,784.3972,38359,56649,Myotis brandtii,0.009,0.022,-1,Echolocation,/mnt/ubna_data_01_mir/recover-20220825/UBNA_002/20220823_033000.WAV,Telephone Field,recover-20220825,002,1795
784.4695,784.4791,23750,29975,Nyctalus leisleri,0.007,0.021,-1,Echolocation,/mnt/ubna_data_01_mir/recover-20220825/UBNA_002/20220823_033000.WAV,Telephone Field,recover-20220825,002,1795
784.4875,784.5286,68437,82633,Rhinolophus ferrumequinum,0.035,0.035,-1,Echolocation,/mnt/ubna_data_01_mir/recover-20220825/UBNA_002/20220823_033000.WAV,Telephone Field,recover-20220825,002,1795
784.4965,784.5018,34062,50714,Myotis daubentonii,0.029,0.063,-1,Echolocation,/mnt/ubna_data_01_mir/recover-20220825/UBNA_002/20220823_033000.WAV,Telephone Field,recover-20220825,002,1795
784.5195,784.5271,28046,39357,Eptesicus serotinus,0.009,0.025,-1,Echolocation,/mnt/ubna_data_01_mir/recover-20220825/UBNA_002/20220823_033000.WAV,Telephone Field,recover-20220825,002,1795
784.5315,784.5376,47812,51913,Pipistrellus pipistrellus,0.025,0.027,-1,Echolocation,/mnt/ubna_data_01_mir/recover-20220825/UBNA_002/20220823_033000.WAV,Telephone Field,recover-20220825,002,1795
784.5655,784.5714,28046,37328,Eptesicus serotinus,0.008,0.028,-1,Echolocation,/mnt/ubna_data_01_mir/recover-20220825/UBNA_002/20220823_033000.WAV,Telephone Field,recover-20220825,002,1795
784.6005,784.6092,27187,35292,Eptesicus serotinus,0.008,0.022,-1,Echolocation,/mnt/ubna_data_01_mir/recover-20220825/UBNA_002/20220823_033000.WAV,Telephone Field,recover-20220825,002,1795
784.6305,784.6387,28046,37250,Eptesicus serotinus,0.007,0.021,-1,Echolocation,/mnt/ubna_data_01_mir/recover-20220825/UBNA_002/20220823_033000.WAV,Telephone Field,recover-20220825,002,1795
784.6805,784.6873,40078,54035,Pipistrellus nathusii,0.058,0.176,-1,Echolocation,/mnt/ubna_data_01_mir/recover-20220825/UBNA_002/20220823_033000.WAV,Telephone Field,recover-20220825,002,1795
784.7305,784.7696,68437,82672,Rhinolophus ferrumequinum,0.026,0.026,-1,Echolocation,/mnt/ubna_data_01_mir/recover-20220825/UBNA_002/20220823_033000.WAV,Telephone Field,recover-20220825,002,1795
784.7305,784.7386,26328,37043,Eptesicus serotinus,0.008,0.024,-1,Echolocation,/mnt/ubna_data_01_mir/recover-20220825/UBNA_002/20220823_033000.WAV,Telephone Field,recover-20220825,002,1795
784.7565,784.7633,40078,48619,Pipistrellus nathusii,0.092,0.258,-1,Echolocation,/mnt/ubna_data_01_mir/recover-20220825/UBNA_002/20220823_033000.WAV,Telephone Field,recover-20220825,002,1795
784.7875,784.7977,27187,35463,Eptesicus serotinus,0.013,0.03,-1,Echolocation,/mnt/ubna_data_01_mir/recover-20220825/UBNA_002/20220823_033000.WAV,Telephone Field,recover-20220825,002,1795
784.8085,784.8481,68437,82408,Rhinolophus ferrumequinum,0.024,0.024,-1,Echolocation,/mnt/ubna_data_01_mir/recover-20220825/UBNA_002/20220823_033000.WAV,Telephone Field,recover-20220825,002,1795
784.8315,784.8671,68437,81631,Rhinolophus ferrumequinum,0.021,0.021,-1,Echolocation,/mnt/ubna_data_01_mir/recover-20220825/UBNA_002/20220823_033000.WAV,Telephone Field,recover-20220825,002,1795
784.8345,784.8413,37500,48185,Pipistrellus nathusii,0.132,0.373,-1,Echolocation,/mnt/ubna_data_01_mir/recover-20220825/UBNA_002/20220823_033000.WAV,Telephone Field,recover-20220825,002,1795
784.8695,784.8803,23750,29337,Nyctalus leisleri,0.01,0.023,-1,Echolocation,/mnt/ubna_data_01_mir/recover-20220825/UBNA_002/20220823_033000.WAV,Telephone Field,recover-20220825,002,1795
784.8735,784.9107,68437,81381,Rhinolophus ferrumequinum,0.021,0.022,-1,Echolocation,/mnt/ubna_data_01_mir/recover-20220825/UBNA_002/20220823_033000.WAV,Telephone Field,recover-20220825,002,1795
784.9195,784.9253,39218,50594,Pipistrellus nathusii,0.156,0.393,-1,Echolocation,/mnt/ubna_data_01_mir/recover-20220825/UBNA_002/20220823_033000.WAV,Telephone Field,recover-20220825,002,1795
784.9625,784.9703,27187,37487,Eptesicus serotinus,0.006,0.021,-1,Echolocation,/mnt/ubna_data_01_mir/recover-20220825/UBNA_002/20220823_033000.WAV,Telephone Field,recover-20220825,002,1795
785.0125,785.0195,39218,49253,Pipistrellus nathusii,0.27,0.455,-1,Echolocation,/mnt/ubna_data_01_mir/recover-20220825/UBNA_002/20220823_033000.WAV,Telephone Field,recover-20220825,002,1795
785.0155,785.0216,28906,46476,Myotis daubentonii,0.012,0.026,-1,Echolocation,/mnt/ubna_data_01_mir/recover-20220825/UBNA_002/20220823_033000.WAV,Telephone Field,recover-20220825,002,1795
785.0835,785.0911,27187,37247,Eptesicus serotinus,0.007,0.024,-1,Echolocation,/mnt/ubna_data_01_mir/recover-20220825/UBNA_002/20220823_033000.WAV,Telephone Field,recover-20220825,002,1795
785.1095,785.1159,39218,50869,Pipistrellus nathusii,0.222,0.427,-1,Echolocation,/mnt/ubna_data_01_mir/recover-20220825/UBNA_002/20220823_033000.WAV,Telephone Field,recover-20220825,002,1795
785.1185,785.1238,32343,43141,Myotis daubentonii,0.013,0.024,-1,Echolocation,/mnt/ubna_data_01_mir/recover-20220825/UBNA_002/20220823_033000.WAV,Telephone Field,recover-20220825,002,1795
785.1315,785.1387,26328,35497,Eptesicus serotinus,0.006,0.022,-1,Echolocation,/mnt/ubna_data_01_mir/recover-20220825/UBNA_002/20220823_033000.WAV,Telephone Field,recover-20220825,002,1795
785.2005,785.2069,37500,52884,Pipistrellus nathusii,0.171,0.426,-1,Echolocation,/mnt/ubna_data_01_mir/recover-20220825/UBNA_002/20220823_033000.WAV,Telephone Field,recover-20220825,002,1795
785.2095,785.2163,26328,35666,Eptesicus serotinus,0.006,0.024,-1,Echolocation,/mnt/ubna_data_01_mir/recover-20220825/UBNA_002/20220823_033000.WAV,Telephone Field,recover-20220825,002,1795
785.2095,785.2152,30625,41677,Myotis daubentonii,0.012,0.023,-1,Echolocation,/mnt/ubna_data_01_mir/recover-20220825/UBNA_002/20220823_033000.WAV,Telephone Field,recover-20220825,002,1795
785.2925,785.2973,37500,53652,Myotis brandtii,0.164,0.473,-1,Echolocation,/mnt/ubna_data_01_mir/recover-20220825/UBNA_002/20220823_033000.WAV,Telephone Field,recover-20220825,002,1795
785.3005,785.3067,30625,39602,Myotis daubentonii,0.012,0.022,-1,Echolocation,/mnt/ubna_data_01_mir/recover-20220825/UBNA_002/20220823_033000.WAV,Telephone Field,recover-20220825,002,1795
785.3695,785.379,22890,27953,Nyctalus leisleri,0.007,0.024,-1,Echolocation,/mnt/ubna_data_01_mir/recover-20220825/UBNA_002/20220823_033000.WAV,Telephone Field,recover-20220825,002,1795
785.3695,785.4087,68437,81832,Rhinolophus ferrumequinum,0.022,0.022,-1,Echolocation,/mnt/ubna_data_01_mir/recover-20220825/UBNA_002/20220823_033000.WAV,Telephone Field,recover-20220825,002,1795
785.3835,785.3898,39218,52835,Pipistrellus nathusii,0.157,0.395,-1,Echolocation,/mnt/ubna_data_01_mir/recover-20220825/UBNA_002/20220823_033000.WAV,Telephone Field,recover-20220825,002,1795
785.3995,785.409,27187,37375,Eptesicus serotinus,0.009,0.022,-1,Echolocation,/mnt/ubna_data_01_mir/recover-20220825/UBNA_002/20220823_033000.WAV,Telephone Field,recover-20220825,002,1795
785.4055,785.4137,27187,37687,Eptesicus serotinus,0.008,0.022,-1,Echolocation,/mnt/ubna_data_01_mir/recover-20220825/UBNA_002/20220823_033000.WAV,Telephone Field,recover-20220825,002,1795
785.4305,785.4377,28046,42566,Myotis daubentonii,0.011,0.027,-1,Echolocation,/mnt/ubna_data_01_mir/recover-20220825/UBNA_002/20220823_033000.WAV,Telephone Field,recover-20220825,002,1795
785.4725,785.5105,68437,82548,Rhinolophus ferrumequinum,0.023,0.023,-1,Echolocation,/mnt/ubna_data_01_mir/recover-20220825/UBNA_002/20220823_033000.WAV,Telephone Field,recover-20220825,002,1795
785.4975,785.5076,24609,31804,Eptesicus serotinus,0.016,0.043,-1,Echolocation,/mnt/ubna_data_01_mir/recover-20220825/UBNA_002/20220823_033000.WAV,Telephone Field,recover-20220825,002,1795
785.5225,785.5322,29765,38275,Eptesicus serotinus,0.007,0.021,-1,Echolocation,/mnt/ubna_data_01_mir/recover-20220825/UBNA_002/20220823_033000.WAV,Telephone Field,recover-20220825,002,1795
785.5645,785.5711,30625,49367,Myotis daubentonii,0.011,0.024,-1,Echolocation,/mnt/ubna_data_01_mir/recover-20220825/UBNA_002/20220823_033000.WAV,Telephone Field,recover-20220825,002,1795
785.6075,785.6168,37500,46631,Myotis daubentonii,0.006,0.021,-1,Echolocation,/mnt/ubna_data_01_mir/recover-20220825/UBNA_002/20220823_033000.WAV,Telephone Field,recover-20220825,002,1795
785.6485,785.6591,44375,48275,Pipistrellus pipistrellus,0.019,0.026,-1,Echolocation,/mnt/ubna_data_01_mir/recover-20220825/UBNA_002/20220823_033000.WAV,Telephone Field,recover-20220825,002,1795
785.6495,785.6572,22890,31288,Plecotus austriacus,0.009,0.026,-1,Echolocation,/mnt/ubna_data_01_mir/recover-20220825/UBNA_002/20220823_033000.WAV,Telephone Field,recover-20220825,002,1795
785.6515,785.658,27187,38022,Eptesicus serotinus,0.008,0.029,-1,Echolocation,/mnt/ubna_data_01_mir/recover-20220825/UBNA_002/20220823_033000.WAV,Telephone Field,recover-20220825,002,1795
785.6745,785.7124,68437,81998,Rhinolophus ferrumequinum,0.028,0.028,-1,Echolocation,/mnt/ubna_data_01_mir/recover-20220825/UBNA_002/20220823_033000.WAV,Telephone Field,recover-20220825,002,1795
785.6865,785.6975,24609,30012,Nyctalus leisleri,0.015,0.036,-1,Echolocation,/mnt/ubna_data_01_mir/recover-20220825/UBNA_002/20220823_033000.WAV,Telephone Field,recover-20220825,002,1795
785.7555,785.7641,43515,51316,Pipistrellus nathusii,0.037,0.063,-1,Echolocation,/mnt/ubna_data_01_mir/recover-20220825/UBNA_002/20220823_033000.WAV,Telephone Field,recover-20220825,002,1795
785.8095,785.8507,68437,83330,Rhinolophus ferrumequinum,0.027,0.027,-1,Echolocation,/mnt/ubna_data_01_mir/recover-20220825/UBNA_002/20220823_033000.WAV,Telephone Field,recover-20220825,002,1795
785.8755,785.8842,27187,37645,Eptesicus serotinus,0.008,0.022,-1,Echolocation,/mnt/ubna_data_01_mir/recover-20220825/UBNA_002/20220823_033000.WAV,Telephone Field,recover-20220825,002,1795
785.8845,785.8951,24609,31407,Eptesicus serotinus,0.009,0.027,-1,Echolocation,/mnt/ubna_data_01_mir/recover-20220825/UBNA_002/20220823_033000.WAV,Telephone Field,recover-20220825,002,1795
785.9035,785.9118,27187,37760,Eptesicus serotinus,0.009,0.026,-1,Echolocation,/mnt/ubna_data_01_mir/recover-20220825/UBNA_002/20220823_033000.WAV,Telephone Field,recover-20220825,002,1795
785.9465,785.9547,41796,46496,Pipistrellus nathusii,0.011,0.026,-1,Echolocation,/mnt/ubna_data_01_mir/recover-20220825/UBNA_002/20220823_033000.WAV,Telephone Field,recover-20220825,002,1795
785.9465,785.9567,46953,49758,Pipistrellus pipistrellus,0.02,0.033,-1,Echolocation,/mnt/ubna_data_01_mir/recover-20220825/UBNA_002/20220823_033000.WAV,Telephone Field,recover-20220825,002,1795
785.9495,785.9559,31484,46703,Myotis daubentonii,0.012,0.024,-1,Echolocation,/mnt/ubna_data_01_mir/recover-20220825/UBNA_002/20220823_033000.WAV,Telephone Field,recover-20220825,002,1795
785.9645,785.9716,27187,38272,Eptesicus serotinus,0.007,0.023,-1,Echolocation,/mnt/ubna_data_01_mir/recover-20220825/UBNA_002/20220823_033000.WAV,Telephone Field,recover-20220825,002,1795
786.0015,786.0103,25468,33519,Nyctalus leisleri,0.008,0.025,-1,Echolocation,/mnt/ubna_data_01_mir/recover-20220825/UBNA_002/20220823_033000.WAV,Telephone Field,recover-20220825,002,1795
786.0015,786.0162,19453,23473,Nyctalus leisleri,0.014,0.031,-1,Echolocation,/mnt/ubna_data_01_mir/recover-20220825/UBNA_002/20220823_033000.WAV,Telephone Field,recover-20220825,002,1795
786.0015,786.0125,52109,58940,Pipistrellus pygmaeus,0.015,0.026,-1,Echolocation,/mnt/ubna_data_01_mir/recover-20220825/UBNA_002/20220823_033000.WAV,Telephone Field,recover-20220825,002,1795
786.0015,786.0104,39218,45351,Pipistrellus nathusii,0.022,0.041,-1,Echolocation,/mnt/ubna_data_01_mir/recover-20220825/UBNA_002/20220823_033000.WAV,Telephone Field,recover-20220825,002,1795
786.0015,786.011,46953,55082,Pipistrellus pipistrellus,0.018,0.025,-1,Echolocation,/mnt/ubna_data_01_mir/recover-20220825/UBNA_002/20220823_033000.WAV,Telephone Field,recover-20220825,002,1795
786.0015,786.0339,68437,80083,Rhinolophus ferrumequinum,0.05,0.05,-1,Echolocation,/mnt/ubna_data_01_mir/recover-20220825/UBNA_002/20220823_033000.WAV,Telephone Field,recover-20220825,002,1795
786.0085,786.0517,68437,82820,Rhinolophus ferrumequinum,0.028,0.028,-1,Echolocation,/mnt/ubna_data_01_mir/recover-20220825/UBNA_002/20220823_033000.WAV,Telephone Field,recover-20220825,002,1795
786.0195,786.0331,32343,36400,Pipistrellus nathusii,0.022,0.043,-1,Echolocation,/mnt/ubna_data_01_mir/recover-20220825/UBNA_002/20220823_033000.WAV,Telephone Field,recover-20220825,002,1795
786.0305,786.0384,58125,64381,Pipistrellus pygmaeus,0.029,0.029,-1,Echolocation,/mnt/ubna_data_01_mir/recover-20220825/UBNA_002/20220823_033000.WAV,Telephone Field,recover-20220825,002,1795
786.0725,786.0789,29765,49103,Myotis daubentonii,0.013,0.023,-1,Echolocation,/mnt/ubna_data_01_mir/recover-20220825/UBNA_002/20220823_033000.WAV,Telephone Field,recover-20220825,002,1795
786.0855,786.0963,28046,34407,Eptesicus serotinus,0.012,0.025,-1,Echolocation,/mnt/ubna_data_01_mir/recover-20220825/UBNA_002/20220823_033000.WAV,Telephone Field,recover-20220825,002,1795
786.0915,786.1054,48671,52354,Pipistrellus pipistrellus,0.031,0.042,-1,Echolocation,/mnt/ubna_data_01_mir/recover-20220825/UBNA_002/20220823_033000.WAV,Telephone Field,recover-20220825,002,1795
786.1545,786.166,41796,45936,Pipistrellus nathusii,0.026,0.035,-1,Echolocation,/mnt/ubna_data_01_mir/recover-20220825/UBNA_002/20220823_033000.WAV,Telephone Field,recover-20220825,002,1795
786.1665,786.1762,15156,20860,Nyctalus noctula,0.008,0.023,-1,Echolocation,/mnt/ubna_data_01_mir/recover-20220825/UBNA_002/20220823_033000.WAV,Telephone Field,recover-20220825,002,1795
786.1695,786.1771,55546,60871,Pipistrellus pygmaeus,0.022,0.022,-1,Echolocation,/mnt/ubna_data_01_mir/recover-20220825/UBNA_002/20220823_033000.WAV,Telephone Field,recover-20220825,002,1795
786.1895,786.1979,33203,39957,Barbastellus barbastellus,0.022,0.038,-1,Echolocation,/mnt/ubna_data_01_mir/recover-20220825/UBNA_002/20220823_033000.WAV,Telephone Field,recover-20220825,002,1795
786.1905,786.1992,26328,37067,Eptesicus serotinus,0.016,0.036,-1,Echolocation,/mnt/ubna_data_01_mir/recover-20220825/UBNA_002/20220823_033000.WAV,Telephone Field,recover-20220825,002,1795
786.2235,786.244,20312,23138,Nyctalus leisleri,0.016,0.028,-1,Echolocation,/mnt/ubna_data_01_mir/recover-20220825/UBNA_002/20220823_033000.WAV,Telephone Field,recover-20220825,002,1795
786.2265,786.264,68437,81700,Rhinolophus ferrumequinum,0.023,0.023,-1,Echolocation,/mnt/ubna_data_01_mir/recover-20220825/UBNA_002/20220823_033000.WAV,Telephone Field,recover-20220825,002,1795
786.2335,786.273,68437,82036,Rhinolophus ferrumequinum,0.023,0.023,-1,Echolocation,/mnt/ubna_data_01_mir/recover-20220825/UBNA_002/20220823_033000.WAV,Telephone Field,recover-20220825,002,1795
786.2335,786.2389,33203,56316,Myotis daubentonii,0.016,0.035,-1,Echolocation,/mnt/ubna_data_01_mir/recover-20220825/UBNA_002/20220823_033000.WAV,Telephone Field,recover-20220825,002,1795
786.2495,786.2601,23750,28510,Nyctalus leisleri,0.01,0.022,-1,Echolocation,/mnt/ubna_data_01_mir/recover-20220825/UBNA_002/20220823_033000.WAV,Telephone Field,recover-20220825,002,1795
786.2705,786.3096,68437,82331,Rhinolophus ferrumequinum,0.024,0.024,-1,Echolocation,/mnt/ubna_data_01_mir/recover-20220825/UBNA_002/20220823_033000.WAV,Telephone Field,recover-20220825,002,1795
786.2755,786.2848,27187,36648,Eptesicus serotinus,0.012,0.027,-1,Echolocation,/mnt/ubna_data_01_mir/recover-20220825/UBNA_002/20220823_033000.WAV,Telephone Field,recover-20220825,002,1795
786.2775,786.3168,68437,82262,Rhinolophus ferrumequinum,0.024,0.024,-1,Echolocation,/mnt/ubna_data_01_mir/recover-20220825/UBNA_002/20220823_033000.WAV,Telephone Field,recover-20220825,002,1795
786.2815,786.2925,23750,29734,Nyctalus leisleri,0.011,0.027,-1,Echolocation,/mnt/ubna_data_01_mir/recover-20220825/UBNA_002/20220823_033000.WAV,Telephone Field,recover-20220825,002,1795
786.3065,786.3457,68437,82584,Rhinolophus ferrumequinum,0.026,0.026,-1,Echolocation,/mnt/ubna_data_01_mir/recover-20220825/UBNA_002/20220823_033000.WAV,Telephone Field,recover-20220825,002,1795
786.3225,786.3285,37500,50478,Myotis daubentonii,0.011,0.026,-1,Echolocation,/mnt/ubna_data_01_mir/recover-20220825/UBNA_002/20220823_033000.WAV,Telephone Field,recover-20220825,002,1795
786.3235,786.3307,26328,37110,Eptesicus serotinus,0.007,0.025,-1,Echolocation,/mnt/ubna_data_01_mir/recover-20220825/UBNA_002/20220823_033000.WAV,Telephone Field,recover-20220825,002,1795
786.3405,786.3813,68437,82693,Rhinolophus ferrumequinum,0.029,0.029,-1,Echolocation,/mnt/ubna_data_01_mir/recover-20220825/UBNA_002/20220823_033000.WAV,Telephone Field,recover-20220825,002,1795
786.3645,786.3721,27187,37106,Eptesicus serotinus,0.008,0.029,-1,Echolocation,/mnt/ubna_data_01_mir/recover-20220825/UBNA_002/20220823_033000.WAV,Telephone Field,recover-20220825,002,1795
786.3715,786.38,54687,61743,Pipistrellus pygmaeus,0.022,0.022,-1,Echolocation,/mnt/ubna_data_01_mir/recover-20220825/UBNA_002/20220823_033000.WAV,Telephone Field,recover-20220825,002,1795
786.3915,786.3987,37500,49140,Pipistrellus nathusii,0.216,0.385,-1,Echolocation,/mnt/ubna_data_01_mir/recover-20220825/UBNA_002/20220823_033000.WAV,Telephone Field,recover-20220825,002,1795
786.4355,786.4445,44375,49494,Pipistrellus pipistrellus,0.02,0.03,-1,Echolocation,/mnt/ubna_data_01_mir/recover-20220825/UBNA_002/20220823_033000.WAV,Telephone Field,recover-20220825,002,1795
786.4355,786.4753,68437,82806,Rhinolophus ferrumequinum,0.024,0.024,-1,Echolocation,/mnt/ubna_data_01_mir/recover-20220825/UBNA_002/20220823_033000.WAV,Telephone Field,recover-20220825,002,1795
786.4565,786.4689,52968,57234,Pipistrellus pygmaeus,0.037,0.04,-1,Echolocation,/mnt/ubna_data_01_mir/recover-20220825/UBNA_002/20220823_033000.WAV,Telephone Field,recover-20220825,002,1795
786.4805,786.4905,28046,34751,Eptesicus serotinus,0.009,0.025,-1,Echolocation,/mnt/ubna_data_01_mir/recover-20220825/UBNA_002/20220823_033000.WAV,Telephone Field,recover-20220825,002,1795
786.4895,786.4988,38359,44512,Pipistrellus nathusii,0.032,0.083,-1,Echolocation,/mnt/ubna_data_01_mir/recover-20220825/UBNA_002/20220823_033000.WAV,Telephone Field,recover-20220825,002,1795
786.5175,786.5551,68437,82029,Rhinolophus ferrumequinum,0.022,0.022,-1,Echolocation,/mnt/ubna_data_01_mir/recover-20220825/UBNA_002/20220823_033000.WAV,Telephone Field,recover-20220825,002,1795
786.5185,786.5252,27187,37240,Eptesicus serotinus,0.007,0.026,-1,Echolocation,/mnt/ubna_data_01_mir/recover-20220825/UBNA_002/20220823_033000.WAV,Telephone Field,recover-20220825,002,1795
786.5505,786.5879,68437,81970,Rhinolophus ferrumequinum,0.024,0.024,-1,Echolocation,/mnt/ubna_data_01_mir/recover-20220825/UBNA_002/20220823_033000.WAV,Telephone Field,recover-20220825,002,1795
786.5715,786.608,68437,81734,Rhinolophus ferrumequinum,0.022,0.022,-1,Echolocation,/mnt/ubna_data_01_mir/recover-20220825/UBNA_002/20220823_033000.WAV,Telephone Field,recover-20220825,002,1795
786.5865,786.5939,38359,50443,Pipistrellus nathusii,0.322,0.422,-1,Echolocation,/mnt/ubna_data_01_mir/recover-20220825/UBNA_002/20220823_033000.WAV,Telephone Field,recover-20220825,002,1795
786.5885,786.6222,68437,81517,Rhinolophus ferrumequinum,0.026,0.026,-1,Echolocation,/mnt/ubna_data_01_mir/recover-20220825/UBNA_002/20220823_033000.WAV,Telephone Field,recover-20220825,002,1795
786.6265,786.6633,68437,81914,Rhinolophus ferrumequinum,0.023,0.023,-1,Echolocation,/mnt/ubna_data_01_mir/recover-20220825/UBNA_002/20220823_033000.WAV,Telephone Field,recover-20220825,002,1795
786.6455,786.6829,68437,81686,Rhinolophus ferrumequinum,0.022,0.022,-1,Echolocation,/mnt/ubna_data_01_mir/recover-20220825/UBNA_002/20220823_033000.WAV,Telephone Field,recover-20220825,002,1795
786.6525,786.6876,68437,81458,Rhinolophus ferrumequinum,0.023,0.023,-1,Echolocation,/mnt/ubna_data_01_mir/recover-20220825/UBNA_002/20220823_033000.WAV,Telephone Field,recover-20220825,002,1795
786.6615,786.6699,28046,37101,Eptesicus serotinus,0.007,0.023,-1,Echolocation,/mnt/ubna_data_01_mir/recover-20220825/UBNA_002/20220823_033000.WAV,Telephone Field,recover-20220825,002,1795
786.7085,786.7173,23750,30755,Nyctalus leisleri,0.006,0.024,-1,Echolocation,/mnt/ubna_data_01_mir/recover-20220825/UBNA_002/20220823_033000.WAV,Telephone Field,recover-20220825,002,1795
786.7425,786.7504,27187,38231,Eptesicus serotinus,0.009,0.03,-1,Echolocation,/mnt/ubna_data_01_mir/recover-20220825/UBNA_002/20220823_033000.WAV,Telephone Field,recover-20220825,002,1795
786.7535,786.7629,26328,34195,Eptesicus serotinus,0.011,0.027,-1,Echolocation,/mnt/ubna_data_01_mir/recover-20220825/UBNA_002/20220823_033000.WAV,Telephone Field,recover-20220825,002,1795
786.7705,786.7777,40078,49815,Pipistrellus nathusii,0.179,0.253,-1,Echolocation,/mnt/ubna_data_01_mir/recover-20220825/UBNA_002/20220823_033000.WAV,Telephone Field,recover-20220825,002,1795
786.7925,786.8303,68437,81467,Rhinolophus ferrumequinum,0.024,0.025,-1,Echolocation,/mnt/ubna_data_01_mir/recover-20220825/UBNA_002/20220823_033000.WAV,Telephone Field,recover-20220825,002,1795
786.7995,786.8352,68437,81172,Rhinolophus ferrumequinum,0.023,0.023,-1,Echolocation,/mnt/ubna_data_01_mir/recover-20220825/UBNA_002/20220823_033000.WAV,Telephone Field,recover-20220825,002,1795
786.8205,786.8298,28046,35491,Eptesicus serotinus,0.023,0.043,-1,Echolocation,/mnt/ubna_data_01_mir/recover-20220825/UBNA_002/20220823_033000.WAV,Telephone Field,recover-20220825,002,1795
786.8665,786.874,39218,50472,Pipistrellus nathusii,0.275,0.324,-1,Echolocation,/mnt/ubna_data_01_mir/recover-20220825/UBNA_002/20220823_033000.WAV,Telephone Field,recover-20220825,002,1795
786.8735,786.9027,68437,80454,Rhinolophus ferrumequinum,0.025,0.025,-1,Echolocation,/mnt/ubna_data_01_mir/recover-20220825/UBNA_002/20220823_033000.WAV,Telephone Field,recover-20220825,002,1795
786.9035,786.9419,68437,82279,Rhinolophus ferrumequinum,0.029,0.029,-1,Echolocation,/mnt/ubna_data_01_mir/recover-20220825/UBNA_002/20220823_033000.WAV,Telephone Field,recover-20220825,002,1795
786.9125,786.9514,68437,83113,Rhinolophus ferrumequinum,0.027,0.027,-1,Echolocation,/mnt/ubna_data_01_mir/recover-20220825/UBNA_002/20220823_033000.WAV,Telephone Field,recover-20220825,002,1795
786.9675,786.9734,37500,52505,Myotis brandtii,0.01,0.028,-1,Echolocation,/mnt/ubna_data_01_mir/recover-20220825/UBNA_002/20220823_033000.WAV,Telephone Field,recover-20220825,002,1795
786.9685,786.9757,30625,41761,Myotis daubentonii,0.015,0.044,-1,Echolocation,/mnt/ubna_data_01_mir/recover-20220825/UBNA_002/20220823_033000.WAV,Telephone Field,recover-20220825,002,1795
786.9975,787.0064,28046,36425,Eptesicus serotinus,0.011,0.029,-1,Echolocation,/mnt/ubna_data_01_mir/recover-20220825/UBNA_002/20220823_033000.WAV,Telephone Field,recover-20220825,002,1795
786.9995,787.0366,68437,81742,Rhinolophus ferrumequinum,0.024,0.024,-1,Echolocation,/mnt/ubna_data_01_mir/recover-20220825/UBNA_002/20220823_033000.WAV,Telephone Field,recover-20220825,002,1795
787.0285,787.0376,28046,35331,Eptesicus serotinus,0.009,0.023,-1,Echolocation,/mnt/ubna_data_01_mir/recover-20220825/UBNA_002/20220823_033000.WAV,Telephone Field,recover-20220825,002,1795
787.0295,787.0692,68437,82727,Rhinolophus ferrumequinum,0.025,0.025,-1,Echolocation,/mnt/ubna_data_01_mir/recover-20220825/UBNA_002/20220823_033000.WAV,Telephone Field,recover-20220825,002,1795
787.0385,787.0783,68437,82863,Rhinolophus ferrumequinum,0.025,0.025,-1,Echolocation,/mnt/ubna_data_01_mir/recover-20220825/UBNA_002/20220823_033000.WAV,Telephone Field,recover-20220825,002,1795
787.0405,787.0463,36640,49827,Myotis brandtii,0.01,0.025,-1,Echolocation,/mnt/ubna_data_01_mir/recover-20220825/UBNA_002/20220823_033000.WAV,Telephone Field,recover-20220825,002,1795
787.0695,787.109,68437,81949,Rhinolophus ferrumequinum,0.022,0.022,-1,Echolocation,/mnt/ubna_data_01_mir/recover-20220825/UBNA_002/20220823_033000.WAV,Telephone Field,recover-20220825,002,1795
787.0755,787.1119,68437,81229,Rhinolophus ferrumequinum,0.022,0.022,-1,Echolocation,/mnt/ubna_data_01_mir/recover-20220825/UBNA_002/20220823_033000.WAV,Telephone Field,recover-20220825,002,1795
787.0795,787.0854,33203,55224,Myotis brandtii,0.012,0.031,-1,Echolocation,/mnt/ubna_data_01_mir/recover-20220825/UBNA_002/20220823_033000.WAV,Telephone Field,recover-20220825,002,1795
787.0945,787.1325,68437,82678,Rhinolophus ferrumequinum,0.033,0.033,-1,Echolocation,/mnt/ubna_data_01_mir/recover-20220825/UBNA_002/20220823_033000.WAV,Telephone Field,recover-20220825,002,1795
787.1415,787.1521,28046,34895,Eptesicus serotinus,0.011,0.025,-1,Echolocation,/mnt/ubna_data_01_mir/recover-20220825/UBNA_002/20220823_033000.WAV,Telephone Field,recover-20220825,002,1795
787.1535,787.1639,56406,63406,Pipistrellus pygmaeus,0.025,0.025,-1,Echolocation,/mnt/ubna_data_01_mir/recover-20220825/UBNA_002/20220823_033000.WAV,Telephone Field,recover-20220825,002,1795
787.1545,787.1907,68437,81505,Rhinolophus ferrumequinum,0.022,0.022,-1,Echolocation,/mnt/ubna_data_01_mir/recover-20220825/UBNA_002/20220823_033000.WAV,Telephone Field,recover-20220825,002,1795
787.1585,787.1652,39218,49988,Pipistrellus nathusii,0.314,0.407,-1,Echolocation,/mnt/ubna_data_01_mir/recover-20220825/UBNA_002/20220823_033000.WAV,Telephone Field,recover-20220825,002,1795
787.2145,787.2203,29765,46282,Myotis daubentonii,0.016,0.031,-1,Echolocation,/mnt/ubna_data_01_mir/recover-20220825/UBNA_002/20220823_033000.WAV,Telephone Field,recover-20220825,002,1795
787.2225,787.2569,68437,81941,Rhinolophus ferrumequinum,0.022,0.022,-1,Echolocation,/mnt/ubna_data_01_mir/recover-20220825/UBNA_002/20220823_033000.WAV,Telephone Field,recover-20220825,002,1795
787.2255,787.2351,27187,35329,Eptesicus serotinus,0.009,0.023,-1,Echolocation,/mnt/ubna_data_01_mir/recover-20220825/UBNA_002/20220823_033000.WAV,Telephone Field,recover-20220825,002,1795
787.2305,787.2408,27187,34116,Eptesicus serotinus,0.01,0.023,-1,Echolocation,/mnt/ubna_data_01_mir/recover-20220825/UBNA_002/20220823_033000.WAV,Telephone Field,recover-20220825,002,1795
787.2365,787.2741,68437,82188,Rhinolophus ferrumequinum,0.022,0.022,-1,Echolocation,/mnt/ubna_data_01_mir/recover-20220825/UBNA_002/20220823_033000.WAV,Telephone Field,recover-20220825,002,1795
787.2435,787.2514,28046,36860,Eptesicus serotinus,0.008,0.025,-1,Echolocation,/mnt/ubna_data_01_mir/recover-20220825/UBNA_002/20220823_033000.WAV,Telephone Field,recover-20220825,002,1795
787.2555,787.2624,40078,49974,Pipistrellus nathusii,0.447,0.5,-1,Echolocation,/mnt/ubna_data_01_mir/recover-20220825/UBNA_002/20220823_033000.WAV,Telephone Field,recover-20220825,002,1795
787.2845,787.3228,68437,81931,Rhinolophus ferrumequinum,0.022,0.022,-1,Echolocation,/mnt/ubna_data_01_mir/recover-20220825/UBNA_002/20220823_033000.WAV,Telephone Field,recover-20220825,002,1795
787.3085,787.3162,28046,36347,Eptesicus serotinus,0.007,0.023,-1,Echolocation,/mnt/ubna_data_01_mir/recover-20220825/UBNA_002/20220823_033000.WAV,Telephone Field,recover-20220825,002,1795
787.3225,787.3634,68437,82496,Rhinolophus ferrumequinum,0.023,0.023,-1,Echolocation,/mnt/ubna_data_01_mir/recover-20220825/UBNA_002/20220823_033000.WAV,Telephone Field,recover-20220825,002,1795
787.3275,787.3351,32343,44870,Myotis daubentonii,0.011,0.025,-1,Echolocation,/mnt/ubna_data_01_mir/recover-20220825/UBNA_002/20220823_033000.WAV,Telephone Field,recover-20220825,002,1795
787.3395,787.3487,40937,48670,Pipistrellus nathusii,0.014,0.028,-1,Echolocation,/mnt/ubna_data_01_mir/recover-20220825/UBNA_002/20220823_033000.WAV,Telephone Field,recover-20220825,002,1795
787.3425,787.3514,46093,49500,Pipistrellus pipistrellus,0.029,0.032,-1,Echolocation,/mnt/ubna_data_01_mir/recover-20220825/UBNA_002/20220823_033000.WAV,Telephone Field,recover-20220825,002,1795
787.3515,787.3885,68437,81379,Rhinolophus ferrumequinum,0.025,0.025,-1,Echolocation,/mnt/ubna_data_01_mir/recover-20220825/UBNA_002/20220823_033000.WAV,Telephone Field,recover-20220825,002,1795
787.3535,787.361,39218,48141,Pipistrellus nathusii,0.324,0.505,-1,Echolocation,/mnt/ubna_data_01_mir/recover-20220825/UBNA_002/20220823_033000.WAV,Telephone Field,recover-20220825,002,1795
787.3875,787.4269,68437,82642,Rhinolophus ferrumequinum,0.023,0.023,-1,Echolocation,/mnt/ubna_data_01_mir/recover-20220825/UBNA_002/20220823_033000.WAV,Telephone Field,recover-20220825,002,1795
787.4015,787.4112,56406,63350,Pipistrellus pygmaeus,0.04,0.04,-1,Echolocation,/mnt/ubna_data_01_mir/recover-20220825/UBNA_002/20220823_033000.WAV,Telephone Field,recover-20220825,002,1795
787.4035,787.4117,26328,39536,Eptesicus serotinus,0.009,0.026,-1,Echolocation,/mnt/ubna_data_01_mir/recover-20220825/UBNA_002/20220823_033000.WAV,Telephone Field,recover-20220825,002,1795
787.4135,787.4225,27187,35890,Eptesicus serotinus,0.009,0.025,-1,Echolocation,/mnt/ubna_data_01_mir/recover-20220825/UBNA_002/20220823_033000.WAV,Telephone Field,recover-20220825,002,1795
787.4165,787.4283,22890,27823,Nyctalus leisleri,0.012,0.024,-1,Echolocation,/mnt/ubna_data_01_mir/recover-20220825/UBNA_002/20220823_033000.WAV,Telephone Field,recover-20220825,002,1795
787.4355,787.4419,37500,57158,Myotis brandtii,0.009,0.023,-1,Echolocation,/mnt/ubna_data_01_mir/recover-20220825/UBNA_002/20220823_033000.WAV,Telephone Field,recover-20220825,002,1795
787.4465,787.4544,40078,48881,Pipistrellus nathusii,0.419,0.521,-1,Echolocation,/mnt/ubna_data_01_mir/recover-20220825/UBNA_002/20220823_033000.WAV,Telephone Field,recover-20220825,002,1795
787.4735,787.4815,47812,55144,Pipistrellus pipistrellus,0.022,0.027,-1,Echolocation,/mnt/ubna_data_01_mir/recover-20220825/UBNA_002/20220823_033000.WAV,Telephone Field,recover-20220825,002,1795
787.4755,787.5157,68437,82341,Rhinolophus ferrumequinum,0.023,0.023,-1,Echolocation,/mnt/ubna_data_01_mir/recover-20220825/UBNA_002/20220823_033000.WAV,Telephone Field,recover-20220825,002,1795
787.4845,787.4941,26328,34166,Eptesicus serotinus,0.009,0.023,-1,Echolocation,/mnt/ubna_data_01_mir/recover-20220825/UBNA_002/20220823_033000.WAV,Telephone Field,recover-20220825,002,1795
787.5295,787.5621,68437,80790,Rhinolophus ferrumequinum,0.025,0.025,-1,Echolocation,/mnt/ubna_data_01_mir/recover-20220825/UBNA_002/20220823_033000.WAV,Telephone Field,recover-20220825,002,1795
787.5395,787.5464,39218,48380,Pipistrellus nathusii,0.532,0.573,-1,Echolocation,/mnt/ubna_data_01_mir/recover-20220825/UBNA_002/20220823_033000.WAV,Telephone Field,recover-20220825,002,1795
787.5525,787.5604,27187,35129,Eptesicus serotinus,0.007,0.024,-1,Echolocation,/mnt/ubna_data_01_mir/recover-20220825/UBNA_002/20220823_033000.WAV,Telephone Field,recover-20220825,002,1795
787.5755,787.5886,53828,59481,Pipistrellus pygmaeus,0.027,0.028,-1,Echolocation,/mnt/ubna_data_01_mir/recover-20220825/UBNA_002/20220823_033000.WAV,Telephone Field,recover-20220825,002,1795
787.5865,787.6039,22031,25129,Nyctalus leisleri,0.023,0.038,-1,Echolocation,/mnt/ubna_data_01_mir/recover-20220825/UBNA_002/20220823_033000.WAV,Telephone Field,recover-20220825,002,1795
787.6055,787.6148,42656,47152,Pipistrellus nathusii,0.032,0.051,-1,Echolocation,/mnt/ubna_data_01_mir/recover-20220825/UBNA_002/20220823_033000.WAV,Telephone Field,recover-20220825,002,1795
787.6145,787.6503,68437,81540,Rhinolophus ferrumequinum,0.022,0.022,-1,Echolocation,/mnt/ubna_data_01_mir/recover-20220825/UBNA_002/20220823_033000.WAV,Telephone Field,recover-20220825,002,1795
787.6785,787.6853,40937,52700,Pipistrellus nathusii,0.314,0.492,-1,Echolocation,/mnt/ubna_data_01_mir/recover-20220825/UBNA_002/20220823_033000.WAV,Telephone Field,recover-20220825,002,1795
787.6965,787.7347,68437,82563,Rhinolophus ferrumequinum,0.023,0.023,-1,Echolocation,/mnt/ubna_data_01_mir/recover-20220825/UBNA_002/20220823_033000.WAV,Telephone Field,recover-20220825,002,1795
787.7045,787.7152,56406,62427,Pipistrellus pygmaeus,0.032,0.033,-1,Echolocation,/mnt/ubna_data_01_mir/recover-20220825/UBNA_002/20220823_033000.WAV,Telephone Field,recover-20220825,002,1795
787.7095,787.7494,68437,82089,Rhinolophus ferrumequinum,0.024,0.024,-1,Echolocation,/mnt/ubna_data_01_mir/recover-20220825/UBNA_002/20220823_033000.WAV,Telephone Field,recover-20220825,002,1795
787.7425,787.7782,68437,81888,Rhinolophus ferrumequinum,0.022,0.022,-1,Echolocation,/mnt/ubna_data_01_mir/recover-20220825/UBNA_002/20220823_033000.WAV,Telephone Field,recover-20220825,002,1795
787.7505,787.7574,40078,52181,Pipistrellus nathusii,0.365,0.516,-1,Echolocation,/mnt/ubna_data_01_mir/recover-20220825/UBNA_002/20220823_033000.WAV,Telephone Field,recover-20220825,002,1795
787.8135,787.8231,27187,35055,Eptesicus serotinus,0.009,0.023,-1,Echolocation,/mnt/ubna_data_01_mir/recover-20220825/UBNA_002/20220823_033000.WAV,Telephone Field,recover-20220825,002,1795
787.8245,787.8325,40078,50236,Pipistrellus nathusii,0.078,0.125,-1,Echolocation,/mnt/ubna_data_01_mir/recover-20220825/UBNA_002/20220823_033000.WAV,Telephone Field,recover-20220825,002,1795
787.8435,787.8521,36640,44286,Pipistrellus nathusii,0.009,0.023,-1,Echolocation,/mnt/ubna_data_01_mir/recover-20220825/UBNA_002/20220823_033000.WAV,Telephone Field,recover-20220825,002,1795
787.8465,787.8821,68437,80996,Rhinolophus ferrumequinum,0.022,0.022,-1,Echolocation,/mnt/ubna_data_01_mir/recover-20220825/UBNA_002/20220823_033000.WAV,Telephone Field,recover-20220825,002,1795
787.8485,787.857,27187,36397,Eptesicus serotinus,0.008,0.024,-1,Echolocation,/mnt/ubna_data_01_mir/recover-20220825/UBNA_002/20220823_033000.WAV,Telephone Field,recover-20220825,002,1795
787.8665,787.8788,23750,27870,Nyctalus leisleri,0.017,0.031,-1,Echolocation,/mnt/ubna_data_01_mir/recover-20220825/UBNA_002/20220823_033000.WAV,Telephone Field,recover-20220825,002,1795
787.8865,787.8967,45234,48996,Pipistrellus pipistrellus,0.023,0.028,-1,Echolocation,/mnt/ubna_data_01_mir/recover-20220825/UBNA_002/20220823_033000.WAV,Telephone Field,recover-20220825,002,1795
787.8875,787.9235,68437,81752,Rhinolophus ferrumequinum,0.023,0.023,-1,Echolocation,/mnt/ubna_data_01_mir/recover-20220825/UBNA_002/20220823_033000.WAV,Telephone Field,recover-20220825,002,1795
787.8995,787.9082,44375,53757,Pipistrellus pipistrellus,0.013,0.024,-1,Echolocation,/mnt/ubna_data_01_mir/recover-20220825/UBNA_002/20220823_033000.WAV,Telephone Field,recover-20220825,002,1795
787.9025,787.9096,27187,35433,Eptesicus serotinus,0.007,0.022,-1,Echolocation,/mnt/ubna_data_01_mir/recover-20220825/UBNA_002/20220823_033000.WAV,Telephone Field,recover-20220825,002,1795
787.9065,787.9177,40937,45710,Pipistrellus nathusii,0.017,0.025,-1,Echolocation,/mnt/ubna_data_01_mir/recover-20220825/UBNA_002/20220823_033000.WAV,Telephone Field,recover-20220825,002,1795
787.9235,787.9316,27187,35816,Eptesicus serotinus,0.007,0.022,-1,Echolocation,/mnt/ubna_data_01_mir/recover-20220825/UBNA_002/20220823_033000.WAV,Telephone Field,recover-20220825,002,1795
787.9835,787.9926,28046,37186,Eptesicus serotinus,0.013,0.031,-1,Echolocation,/mnt/ubna_data_01_mir/recover-20220825/UBNA_002/20220823_033000.WAV,Telephone Field,recover-20220825,002,1795
788.0015,788.0282,68437,80162,Rhinolophus ferrumequinum,0.021,0.022,-1,Echolocation,/mnt/ubna_data_01_mir/recover-20220825/UBNA_002/20220823_033000.WAV,Telephone Field,recover-20220825,002,1795
788.0045,788.0095,39218,47692,Barbastellus barbastellus,0.237,0.344,-1,Echolocation,/mnt/ubna_data_01_mir/recover-20220825/UBNA_002/20220823_033000.WAV,Telephone Field,recover-20220825,002,1795
788.0365,788.075,68437,82987,Rhinolophus ferrumequinum,0.025,0.025,-1,Echolocation,/mnt/ubna_data_01_mir/recover-20220825/UBNA_002/20220823_033000.WAV,Telephone Field,recover-20220825,002,1795
788.0465,788.0548,22890,30350,Plecotus austriacus,0.008,0.022,-1,Echolocation,/mnt/ubna_data_01_mir/recover-20220825/UBNA_002/20220823_033000.WAV,Telephone Field,recover-20220825,002,1795
788.1015,788.1413,68437,82240,Rhinolophus ferrumequinum,0.025,0.025,-1,Echolocation,/mnt/ubna_data_01_mir/recover-20220825/UBNA_002/20220823_033000.WAV,Telephone Field,recover-20220825,002,1795
788.1475,788.1861,68437,82244,Rhinolophus ferrumequinum,0.023,0.023,-1,Echolocation,/mnt/ubna_data_01_mir/recover-20220825/UBNA_002/20220823_033000.WAV,Telephone Field,recover-20220825,002,1795
788.1525,788.1613,22890,30523,Plecotus austriacus,0.009,0.024,-1,Echolocation,/mnt/ubna_data_01_mir/recover-20220825/UBNA_002/20220823_033000.WAV,Telephone Field,recover-20220825,002,1795
788.1595,788.1672,27187,38581,Eptesicus serotinus,0.008,0.021,-1,Echolocation,/mnt/ubna_data_01_mir/recover-20220825/UBNA_002/20220823_033000.WAV,Telephone Field,recover-20220825,002,1795
788.1715,788.2073,68437,81651,Rhinolophus ferrumequinum,0.023,0.024,-1,Echolocation,/mnt/ubna_data_01_mir/recover-20220825/UBNA_002/20220823_033000.WAV,Telephone Field,recover-20220825,002,1795
788.1775,788.2137,68437,82237,Rhinolophus ferrumequinum,0.022,0.022,-1,Echolocation,/mnt/ubna_data_01_mir/recover-20220825/UBNA_002/20220823_033000.WAV,Telephone Field,recover-20220825,002,1795
788.2075,788.2148,38359,50465,Myotis brandtii,0.007,0.022,-1,Echolocation,/mnt/ubna_data_01_mir/recover-20220825/UBNA_002/20220823_033000.WAV,Telephone Field,recover-20220825,002,1795
788.2125,788.2194,27187,39948,Eptesicus serotinus,0.007,0.023,-1,Echolocation,/mnt/ubna_data_01_mir/recover-20220825/UBNA_002/20220823_033000.WAV,Telephone Field,recover-20220825,002,1795
788.2295,788.2405,25468,31082,Eptesicus serotinus,0.011,0.029,-1,Echolocation,/mnt/ubna_data_01_mir/recover-20220825/UBNA_002/20220823_033000.WAV,Telephone Field,recover-20220825,002,1795
788.2835,788.3204,68437,81979,Rhinolophus ferrumequinum,0.023,0.023,-1,Echolocation,/mnt/ubna_data_01_mir/recover-20220825/UBNA_002/20220823_033000.WAV,Telephone Field,recover-20220825,002,1795
788.2845,788.2952,23750,29676,Nyctalus leisleri,0.009,0.023,-1,Echolocation,/mnt/ubna_data_01_mir/recover-20220825/UBNA_002/20220823_033000.WAV,Telephone Field,recover-20220825,002,1795
788.3095,788.3161,40078,46753,Pipistrellus nathusii,0.358,0.488,-1,Echolocation,/mnt/ubna_data_01_mir/recover-20220825/UBNA_002/20220823_033000.WAV,Telephone Field,recover-20220825,002,1795
788.3345,788.3421,26328,34612,Eptesicus serotinus,0.008,0.023,-1,Echolocation,/mnt/ubna_data_01_mir/recover-20220825/UBNA_002/20220823_033000.WAV,Telephone Field,recover-20220825,002,1795
788.3465,788.3835,68437,81435,Rhinolophus ferrumequinum,0.022,0.022,-1,Echolocation,/mnt/ubna_data_01_mir/recover-20220825/UBNA_002/20220823_033000.WAV,Telephone Field,recover-20220825,002,1795
788.3525,788.3878,68437,80829,Rhinolophus ferrumequinum,0.022,0.022,-1,Echolocation,/mnt/ubna_data_01_mir/recover-20220825/UBNA_002/20220823_033000.WAV,Telephone Field,recover-20220825,002,1795
788.3715,788.3776,28046,39925,Eptesicus serotinus,0.008,0.031,-1,Echolocation,/mnt/ubna_data_01_mir/recover-20220825/UBNA_002/20220823_033000.WAV,Telephone Field,recover-20220825,002,1795
788.3925,788.401,26328,34368,Eptesicus serotinus,0.01,0.025,-1,Echolocation,/mnt/ubna_data_01_mir/recover-20220825/UBNA_002/20220823_033000.WAV,Telephone Field,recover-20220825,002,1795
788.4065,788.4132,39218,49851,Pipistrellus nathusii,0.505,0.591,-1,Echolocation,/mnt/ubna_data_01_mir/recover-20220825/UBNA_002/20220823_033000.WAV,Telephone Field,recover-20220825,002,1795
788.4245,788.4338,28046,36889,Eptesicus serotinus,0.014,0.029,-1,Echolocation,/mnt/ubna_data_01_mir/recover-20220825/UBNA_002/20220823_033000.WAV,Telephone Field,recover-20220825,002,1795
788.4915,788.4995,39218,50941,Pipistrellus nathusii,0.493,0.598,-1,Echolocation,/mnt/ubna_data_01_mir/recover-20220825/UBNA_002/20220823_033000.WAV,Telephone Field,recover-20220825,002,1795
788.4945,788.5118,16875,21418,Nyctalus noctula,0.015,0.023,-1,Echolocation,/mnt/ubna_data_01_mir/recover-20220825/UBNA_002/20220823_033000.WAV,Telephone Field,recover-20220825,002,1795
788.5285,788.5691,68437,82573,Rhinolophus ferrumequinum,0.024,0.024,-1,Echolocation,/mnt/ubna_data_01_mir/recover-20220825/UBNA_002/20220823_033000.WAV,Telephone Field,recover-20220825,002,1795
788.5465,788.5553,28046,38661,Eptesicus serotinus,0.008,0.022,-1,Echolocation,/mnt/ubna_data_01_mir/recover-20220825/UBNA_002/20220823_033000.WAV,Telephone Field,recover-20220825,002,1795
788.5875,788.595,40078,49992,Pipistrellus nathusii,0.317,0.49,-1,Echolocation,/mnt/ubna_data_01_mir/recover-20220825/UBNA_002/20220823_033000.WAV,Telephone Field,recover-20220825,002,1795
788.5965,788.6321,68437,81605,Rhinolophus ferrumequinum,0.022,0.022,-1,Echolocation,/mnt/ubna_data_01_mir/recover-20220825/UBNA_002/20220823_033000.WAV,Telephone Field,recover-20220825,002,1795
788.6075,788.617,25468,32789,Eptesicus serotinus,0.01,0.023,-1,Echolocation,/mnt/ubna_data_01_mir/recover-20220825/UBNA_002/20220823_033000.WAV,Telephone Field,recover-20220825,002,1795
788.6105,788.6169,50390,58525,Pipistrellus pipistrellus,0.016,0.022,-1,Echolocation,/mnt/ubna_data_01_mir/recover-20220825/UBNA_002/20220823_033000.WAV,Telephone Field,recover-20220825,002,1795
788.6425,788.6782,68437,81910,Rhinolophus ferrumequinum,0.022,0.022,-1,Echolocation,/mnt/ubna_data_01_mir/recover-20220825/UBNA_002/20220823_033000.WAV,Telephone Field,recover-20220825,002,1795
788.6505,788.658,37500,47141,Myotis daubentonii,0.085,0.293,-1,Echolocation,/mnt/ubna_data_01_mir/recover-20220825/UBNA_002/20220823_033000.WAV,Telephone Field,recover-20220825,002,1795
788.6935,788.7016,28046,37354,Eptesicus serotinus,0.008,0.022,-1,Echolocation,/mnt/ubna_data_01_mir/recover-20220825/UBNA_002/20220823_033000.WAV,Telephone Field,recover-20220825,002,1795
788.7055,788.7124,40078,49269,Pipistrellus nathusii,0.061,0.145,-1,Echolocation,/mnt/ubna_data_01_mir/recover-20220825/UBNA_002/20220823_033000.WAV,Telephone Field,recover-20220825,002,1795
788.7075,788.7164,25468,33239,Eptesicus serotinus,0.009,0.024,-1,Echolocation,/mnt/ubna_data_01_mir/recover-20220825/UBNA_002/20220823_033000.WAV,Telephone Field,recover-20220825,002,1795
788.7875,788.8298,68437,82927,Rhinolophus ferrumequinum,0.023,0.023,-1,Echolocation,/mnt/ubna_data_01_mir/recover-20220825/UBNA_002/20220823_033000.WAV,Telephone Field,recover-20220825,002,1795
788.8455,788.8527,27187,37878,Eptesicus serotinus,0.007,0.023,-1,Echolocation,/mnt/ubna_data_01_mir/recover-20220825/UBNA_002/20220823_033000.WAV,Telephone Field,recover-20220825,002,1795
788.8815,788.8892,28046,39809,Eptesicus serotinus,0.009,0.026,-1,Echolocation,/mnt/ubna_data_01_mir/recover-20220825/UBNA_002/20220823_033000.WAV,Telephone Field,recover-20220825,002,1795
788.8815,788.919,68437,82286,Rhinolophus ferrumequinum,0.022,0.022,-1,Echolocation,/mnt/ubna_data_01_mir/recover-20220825/UBNA_002/20220823_033000.WAV,Telephone Field,recover-20220825,002,1795
788.9055,788.9124,28046,39140,Eptesicus serotinus,0.007,0.023,-1,Echolocation,/mnt/ubna_data_01_mir/recover-20220825/UBNA_002/20220823_033000.WAV,Telephone Field,recover-20220825,002,1795
789.1075,789.1154,25468,34522,Eptesicus serotinus,0.007,0.022,-1,Echolocation,/mnt/ubna_data_01_mir/recover-20220825/UBNA_002/20220823_033000.WAV,Telephone Field,recover-20220825,002,1795
789.1115,789.1539,68437,83258,Rhinolophus ferrumequinum,0.038,0.038,-1,Echolocation,/mnt/ubna_data_01_mir/recover-20220825/UBNA_002/20220823_033000.WAV,Telephone Field,recover-20220825,002,1795
789.1395,789.148,28046,37794,Eptesicus serotinus,0.011,0.026,-1,Echolocation,/mnt/ubna_data_01_mir/recover-20220825/UBNA_002/20220823_033000.WAV,Telephone Field,recover-20220825,002,1795
789.1455,789.1828,68437,82062,Rhinolophus ferrumequinum,0.022,0.022,-1,Echolocation,/mnt/ubna_data_01_mir/recover-20220825/UBNA_002/20220823_033000.WAV,Telephone Field,recover-20220825,002,1795
789.1525,789.1901,68437,82204,Rhinolophus ferrumequinum,0.023,0.023,-1,Echolocation,/mnt/ubna_data_01_mir/recover-20220825/UBNA_002/20220823_033000.WAV,Telephone Field,recover-20220825,002,1795
789.1705,789.2068,68437,81187,Rhinolophus ferrumequinum,0.022,0.022,-1,Echolocation,/mnt/ubna_data_01_mir/recover-20220825/UBNA_002/20220823_033000.WAV,Telephone Field,recover-20220825,002,1795
789.2135,789.2518,68437,82389,Rhinolophus ferrumequinum,0.025,0.025,-1,Echolocation,/mnt/ubna_data_01_mir/recover-20220825/UBNA_002/20220823_033000.WAV,Telephone Field,recover-20220825,002,1795
789.2405,789.2761,68437,81719,Rhinolophus ferrumequinum,0.024,0.024,-1,Echolocation,/mnt/ubna_data_01_mir/recover-20220825/UBNA_002/20220823_033000.WAV,Telephone Field,recover-20220825,002,1795
789.2485,789.2548,26328,38892,Plecotus auritus,0.006,0.026,-1,Echolocation,/mnt/ubna_data_01_mir/recover-20220825/UBNA_002/20220823_033000.WAV,Telephone Field,recover-20220825,002,1795
789.3085,789.3167,26328,38737,Eptesicus serotinus,0.008,0.022,-1,Echolocation,/mnt/ubna_data_01_mir/recover-20220825/UBNA_002/20220823_033000.WAV,Telephone Field,recover-20220825,002,1795
789.3135,789.3193,38359,53359,Myotis brandtii,0.009,0.022,-1,Echolocation,/mnt/ubna_data_01_mir/recover-20220825/UBNA_002/20220823_033000.WAV,Telephone Field,recover-20220825,002,1795
789.3205,789.3276,28046,39899,Eptesicus serotinus,0.007,0.023,-1,Echolocation,/mnt/ubna_data_01_mir/recover-20220825/UBNA_002/20220823_033000.WAV,Telephone Field,recover-20220825,002,1795
789.3615,789.3713,27187,36079,Eptesicus serotinus,0.015,0.029,-1,Echolocation,/mnt/ubna_data_01_mir/recover-20220825/UBNA_002/20220823_033000.WAV,Telephone Field,recover-20220825,002,1795
789.3815,789.418,68437,81685,Rhinolophus ferrumequinum,0.022,0.022,-1,Echolocation,/mnt/ubna_data_01_mir/recover-20220825/UBNA_002/20220823_033000.WAV,Telephone Field,recover-20220825,002,1795
789.4035,789.4172,22031,25941,Nyctalus leisleri,0.018,0.03,-1,Echolocation,/mnt/ubna_data_01_mir/recover-20220825/UBNA_002/20220823_033000.WAV,Telephone Field,recover-20220825,002,1795
789.4175,789.4241,27187,39457,Eptesicus serotinus,0.007,0.024,-1,Echolocation,/mnt/ubna_data_01_mir/recover-20220825/UBNA_002/20220823_033000.WAV,Telephone Field,recover-20220825,002,1795
789.4285,789.4678,68437,82047,Rhinolophus ferrumequinum,0.022,0.022,-1,Echolocation,/mnt/ubna_data_01_mir/recover-20220825/UBNA_002/20220823_033000.WAV,Telephone Field,recover-20220825,002,1795
789.4345,789.4421,28046,40664,Eptesicus serotinus,0.007,0.023,-1,Echolocation,/mnt/ubna_data_01_mir/recover-20220825/UBNA_002/20220823_033000.WAV,Telephone Field,recover-20220825,002,1795
789.4455,789.4542,40078,45586,Pipistrellus nathusii,0.01,0.022,-1,Echolocation,/mnt/ubna_data_01_mir/recover-20220825/UBNA_002/20220823_033000.WAV,Telephone Field,recover-20220825,002,1795
789.4505,789.4582,27187,39537,Eptesicus serotinus,0.008,0.022,-1,Echolocation,/mnt/ubna_data_01_mir/recover-20220825/UBNA_002/20220823_033000.WAV,Telephone Field,recover-20220825,002,1795
789.4865,789.4952,28046,40385,Eptesicus serotinus,0.01,0.025,-1,Echolocation,/mnt/ubna_data_01_mir/recover-20220825/UBNA_002/20220823_033000.WAV,Telephone Field,recover-20220825,002,1795
789.4965,789.5359,68437,82032,Rhinolophus ferrumequinum,0.022,0.022,-1,Echolocation,/mnt/ubna_data_01_mir/recover-20220825/UBNA_002/20220823_033000.WAV,Telephone Field,recover-20220825,002,1795
789.5065,789.5149,27187,35650,Eptesicus serotinus,0.01,0.023,-1,Echolocation,/mnt/ubna_data_01_mir/recover-20220825/UBNA_002/20220823_033000.WAV,Telephone Field,recover-20220825,002,1795
789.5185,789.5567,68437,82060,Rhinolophus ferrumequinum,0.045,0.045,-1,Echolocation,/mnt/ubna_data_01_mir/recover-20220825/UBNA_002/20220823_033000.WAV,Telephone Field,recover-20220825,002,1795
789.5265,789.5371,22890,28238,Nyctalus leisleri,0.011,0.025,-1,Echolocation,/mnt/ubna_data_01_mir/recover-20220825/UBNA_002/20220823_033000.WAV,Telephone Field,recover-20220825,002,1795
789.5435,789.5856,68437,82723,Rhinolophus ferrumequinum,0.039,0.039,-1,Echolocation,/mnt/ubna_data_01_mir/recover-20220825/UBNA_002/20220823_033000.WAV,Telephone Field,recover-20220825,002,1795
789.6335,789.6695,68437,81656,Rhinolophus ferrumequinum,0.022,0.022,-1,Echolocation,/mnt/ubna_data_01_mir/recover-20220825/UBNA_002/20220823_033000.WAV,Telephone Field,recover-20220825,002,1795
789.8225,789.8314,46093,50730,Pipistrellus pipistrellus,0.021,0.023,-1,Echolocation,/mnt/ubna_data_01_mir/recover-20220825/UBNA_002/20220823_033000.WAV,Telephone Field,recover-20220825,002,1795
789.8265,789.8362,28906,36782,Eptesicus serotinus,0.009,0.022,-1,Echolocation,/mnt/ubna_data_01_mir/recover-20220825/UBNA_002/20220823_033000.WAV,Telephone Field,recover-20220825,002,1795
789.8355,789.8426,28046,37144,Eptesicus serotinus,0.008,0.023,-1,Echolocation,/mnt/ubna_data_01_mir/recover-20220825/UBNA_002/20220823_033000.WAV,Telephone Field,recover-20220825,002,1795
789.8605,789.8975,68437,82043,Rhinolophus ferrumequinum,0.022,0.022,-1,Echolocation,/mnt/ubna_data_01_mir/recover-20220825/UBNA_002/20220823_033000.WAV,Telephone Field,recover-20220825,002,1795
789.8635,789.8717,26328,36608,Eptesicus serotinus,0.01,0.025,-1,Echolocation,/mnt/ubna_data_01_mir/recover-20220825/UBNA_002/20220823_033000.WAV,Telephone Field,recover-20220825,002,1795
789.8795,789.9161,68437,82047,Rhinolophus ferrumequinum,0.022,0.022,-1,Echolocation,/mnt/ubna_data_01_mir/recover-20220825/UBNA_002/20220823_033000.WAV,Telephone Field,recover-20220825,002,1795
789.8975,789.934,68437,82629,Rhinolophus ferrumequinum,0.023,0.023,-1,Echolocation,/mnt/ubna_data_01_mir/recover-20220825/UBNA_002/20220823_033000.WAV,Telephone Field,recover-20220825,002,1795
789.9195,789.9588,68437,82579,Rhinolophus ferrumequinum,0.025,0.025,-1,Echolocation,/mnt/ubna_data_01_mir/recover-20220825/UBNA_002/20220823_033000.WAV,Telephone Field,recover-20220825,002,1795
789.9325,789.9418000000001,27187,36806,Eptesicus serotinus,0.008,0.022,-1,Echolocation,/mnt/ubna_data_01_mir/recover-20220825/UBNA_002/20220823_033000.WAV,Telephone Field,recover-20220825,002,1795
789.9595,789.9662,48671,52249,Pipistrellus pipistrellus,0.022,0.024,-1,Echolocation,/mnt/ubna_data_01_mir/recover-20220825/UBNA_002/20220823_033000.WAV,Telephone Field,recover-20220825,002,1795
789.9765,789.9836,31484,42690,Myotis daubentonii,0.01,0.029,-1,Echolocation,/mnt/ubna_data_01_mir/recover-20220825/UBNA_002/20220823_033000.WAV,Telephone Field,recover-20220825,002,1795
789.9845,789.9953,28046,35083,Eptesicus serotinus,0.016,0.029,-1,Echolocation,/mnt/ubna_data_01_mir/recover-20220825/UBNA_002/20220823_033000.WAV,Telephone Field,recover-20220825,002,1795
790.0015,790.0101,40078,49354,Pipistrellus nathusii,0.017,0.037,-1,Echolocation,/mnt/ubna_data_01_mir/recover-20220825/UBNA_002/20220823_033000.WAV,Telephone Field,recover-20220825,002,1795
790.0015,790.0319,68437,79892,Rhinolophus ferrumequinum,0.029,0.029,-1,Echolocation,/mnt/ubna_data_01_mir/recover-20220825/UBNA_002/20220823_033000.WAV,Telephone Field,recover-20220825,002,1795
790.0015,790.0124,51250,57947,Pipistrellus pygmaeus,0.018,0.024,-1,Echolocation,/mnt/ubna_data_01_mir/recover-20220825/UBNA_002/20220823_033000.WAV,Telephone Field,recover-20220825,002,1795
790.0035,790.0125,28906,38222,Myotis daubentonii,0.012,0.028,-1,Echolocation,/mnt/ubna_data_01_mir/recover-20220825/UBNA_002/20220823_033000.WAV,Telephone Field,recover-20220825,002,1795
790.0265,790.0352,42656,51317,Pipistrellus nathusii,0.013,0.028,-1,Echolocation,/mnt/ubna_data_01_mir/recover-20220825/UBNA_002/20220823_033000.WAV,Telephone Field,recover-20220825,002,1795
790.0295,790.0374,27187,39384,Eptesicus serotinus,0.011,0.031,-1,Echolocation,/mnt/ubna_data_01_mir/recover-20220825/UBNA_002/20220823_033000.WAV,Telephone Field,recover-20220825,002,1795
790.0495,790.0568,26328,38250,Eptesicus serotinus,0.008,0.024,-1,Echolocation,/mnt/ubna_data_01_mir/recover-20220825/UBNA_002/20220823_033000.WAV,Telephone Field,recover-20220825,002,1795
790.0565,790.066,39218,44630,Pipistrellus nathusii,0.029,0.044,-1,Echolocation,/mnt/ubna_data_01_mir/recover-20220825/UBNA_002/20220823_033000.WAV,Telephone Field,recover-20220825,002,1795
790.0585,790.0658,26328,39254,Eptesicus serotinus,0.008,0.024,-1,Echolocation,/mnt/ubna_data_01_mir/recover-20220825/UBNA_002/20220823_033000.WAV,Telephone Field,recover-20220825,002,1795
790.0805,790.0866,34921,48977,Myotis daubentonii,0.01,0.027,-1,Echolocation,/mnt/ubna_data_01_mir/recover-20220825/UBNA_002/20220823_033000.WAV,Telephone Field,recover-20220825,002,1795
790.0815,790.0884,22890,37073,Myotis nattereri,0.01,0.027,-1,Echolocation,/mnt/ubna_data_01_mir/recover-20220825/UBNA_002/20220823_033000.WAV,Telephone Field,recover-20220825,002,1795
790.1005,790.1131,15156,21564,Nyctalus noctula,0.016,0.027,-1,Echolocation,/mnt/ubna_data_01_mir/recover-20220825/UBNA_002/20220823_033000.WAV,Telephone Field,recover-20220825,002,1795
790.1025,790.1085,33203,53708,Myotis brandtii,0.015,0.026,-1,Echolocation,/mnt/ubna_data_01_mir/recover-20220825/UBNA_002/20220823_033000.WAV,Telephone Field,recover-20220825,002,1795
790.1035,790.1099,42656,54717,Pipistrellus nathusii,0.016,0.044,-1,Echolocation,/mnt/ubna_data_01_mir/recover-20220825/UBNA_002/20220823_033000.WAV,Telephone Field,recover-20220825,002,1795
790.1385,790.1734,68437,81660,Rhinolophus ferrumequinum,0.023,0.023,-1,Echolocation,/mnt/ubna_data_01_mir/recover-20220825/UBNA_002/20220823_033000.WAV,Telephone Field,recover-20220825,002,1795
790.1385,790.1478,40078,45600,Pipistrellus nathusii,0.022,0.032,-1,Echolocation,/mnt/ubna_data_01_mir/recover-20220825/UBNA_002/20220823_033000.WAV,Telephone Field,recover-20220825,002,1795
790.1555,790.1971,68437,82293,Rhinolophus ferrumequinum,0.023,0.023,-1,Echolocation,/mnt/ubna_data_01_mir/recover-20220825/UBNA_002/20220823_033000.WAV,Telephone Field,recover-20220825,002,1795
790.2415,790.25,42656,48024,Pipistrellus nathusii,0.268,0.3,-1,Echolocation,/mnt/ubna_data_01_mir/recover-20220825/UBNA_002/20220823_033000.WAV,Telephone Field,recover-20220825,002,1795
790.2525,790.2598,53828,61317,Pipistrellus pygmaeus,0.034,0.035,-1,Echolocation,/mnt/ubna_data_01_mir/recover-20220825/UBNA_002/20220823_033000.WAV,Telephone Field,recover-20220825,002,1795
790.2675,790.2783,24609,31105,Nyctalus leisleri,0.008,0.023,-1,Echolocation,/mnt/ubna_data_01_mir/recover-20220825/UBNA_002/20220823_033000.WAV,Telephone Field,recover-20220825,002,1795
790.2985,790.3077,28046,35593,Eptesicus serotinus,0.013,0.031,-1,Echolocation,/mnt/ubna_data_01_mir/recover-20220825/UBNA_002/20220823_033000.WAV,Telephone Field,recover-20220825,002,1795
790.3065,790.3154,40937,46354,Pipistrellus nathusii,0.012,0.025,-1,Echolocation,/mnt/ubna_data_01_mir/recover-20220825/UBNA_002/20220823_033000.WAV,Telephone Field,recover-20220825,002,1795
790.3775,790.3876,25468,32644,Nyctalus leisleri,0.009,0.026,-1,Echolocation,/mnt/ubna_data_01_mir/recover-20220825/UBNA_002/20220823_033000.WAV,Telephone Field,recover-20220825,002,1795
790.4345,790.4399,36640,51914,Myotis brandtii,0.013,0.029,-1,Echolocation,/mnt/ubna_data_01_mir/recover-20220825/UBNA_002/20220823_033000.WAV,Telephone Field,recover-20220825,002,1795
790.4355,790.4446,42656,51032,Pipistrellus nathusii,0.019,0.035,-1,Echolocation,/mnt/ubna_data_01_mir/recover-20220825/UBNA_002/20220823_033000.WAV,Telephone Field,recover-20220825,002,1795
790.4375,790.4444,26328,40884,Eptesicus serotinus,0.007,0.024,-1,Echolocation,/mnt/ubna_data_01_mir/recover-20220825/UBNA_002/20220823_033000.WAV,Telephone Field,recover-20220825,002,1795
790.4715,790.4814,24609,31908,Eptesicus serotinus,0.008,0.024,-1,Echolocation,/mnt/ubna_data_01_mir/recover-20220825/UBNA_002/20220823_033000.WAV,Telephone Field,recover-20220825,002,1795
790.4995,790.5058,41796,53868,Pipistrellus nathusii,0.042,0.102,-1,Echolocation,/mnt/ubna_data_01_mir/recover-20220825/UBNA_002/20220823_033000.WAV,Telephone Field,recover-20220825,002,1795
790.5005,790.5061,32343,65953,Myotis brandtii,0.025,0.039,-1,Echolocation,/mnt/ubna_data_01_mir/recover-20220825/UBNA_002/20220823_033000.WAV,Telephone Field,recover-20220825,002,1795
790.5485,790.5591,35781,41244,Pipistrellus nathusii,0.09,0.123,-1,Echolocation,/mnt/ubna_data_01_mir/recover-20220825/UBNA_002/20220823_033000.WAV,Telephone Field,recover-20220825,002,1795
790.5805,790.5879,27187,40164,Eptesicus serotinus,0.01,0.027,-1,Echolocation,/mnt/ubna_data_01_mir/recover-20220825/UBNA_002/20220823_033000.WAV,Telephone Field,recover-20220825,002,1795
790.6015,790.6077,40078,50850,Pipistrellus nathusii,0.089,0.273,-1,Echolocation,/mnt/ubna_data_01_mir/recover-20220825/UBNA_002/20220823_033000.WAV,Telephone Field,recover-20220825,002,1795
790.6175,790.6566,68437,82031,Rhinolophus ferrumequinum,0.023,0.023,-1,Echolocation,/mnt/ubna_data_01_mir/recover-20220825/UBNA_002/20220823_033000.WAV,Telephone Field,recover-20220825,002,1795
790.6385,790.6468,27187,37082,Eptesicus serotinus,0.009,0.025,-1,Echolocation,/mnt/ubna_data_01_mir/recover-20220825/UBNA_002/20220823_033000.WAV,Telephone Field,recover-20220825,002,1795
790.6655,790.6732,27187,39760,Eptesicus serotinus,0.008,0.024,-1,Echolocation,/mnt/ubna_data_01_mir/recover-20220825/UBNA_002/20220823_033000.WAV,Telephone Field,recover-20220825,002,1795
790.6705,790.6807,24609,30456,Nyctalus leisleri,0.01,0.025,-1,Echolocation,/mnt/ubna_data_01_mir/recover-20220825/UBNA_002/20220823_033000.WAV,Telephone Field,recover-20220825,002,1795
790.7065,790.7135,41796,52523,Pipistrellus nathusii,0.299,0.452,-1,Echolocation,/mnt/ubna_data_01_mir/recover-20220825/UBNA_002/20220823_033000.WAV,Telephone Field,recover-20220825,002,1795
790.7285,790.7348,27187,42749,Eptesicus serotinus,0.009,0.036,-1,Echolocation,/mnt/ubna_data_01_mir/recover-20220825/UBNA_002/20220823_033000.WAV,Telephone Field,recover-20220825,002,1795
790.7285,790.7333,31484,48687,Myotis daubentonii,0.01,0.034,-1,Echolocation,/mnt/ubna_data_01_mir/recover-20220825/UBNA_002/20220823_033000.WAV,Telephone Field,recover-20220825,002,1795
790.7785,790.7847,26328,42548,Eptesicus serotinus,0.006,0.028,-1,Echolocation,/mnt/ubna_data_01_mir/recover-20220825/UBNA_002/20220823_033000.WAV,Telephone Field,recover-20220825,002,1795
790.7805,790.7875,41796,54396,Pipistrellus nathusii,0.012,0.029,-1,Echolocation,/mnt/ubna_data_01_mir/recover-20220825/UBNA_002/20220823_033000.WAV,Telephone Field,recover-20220825,002,1795
790.8295,790.835,38359,51763,Pipistrellus nathusii,0.234,0.421,-1,Echolocation,/mnt/ubna_data_01_mir/recover-20220825/UBNA_002/20220823_033000.WAV,Telephone Field,recover-20220825,002,1795
790.8375,790.8446,26328,34302,Eptesicus serotinus,0.006,0.023,-1,Echolocation,/mnt/ubna_data_01_mir/recover-20220825/UBNA_002/20220823_033000.WAV,Telephone Field,recover-20220825,002,1795
790.8395,790.8454,31484,41125,Myotis daubentonii,0.012,0.023,-1,Echolocation,/mnt/ubna_data_01_mir/recover-20220825/UBNA_002/20220823_033000.WAV,Telephone Field,recover-20220825,002,1795
790.9315,790.9375,40078,54151,Pipistrellus nathusii,0.306,0.525,-1,Echolocation,/mnt/ubna_data_01_mir/recover-20220825/UBNA_002/20220823_033000.WAV,Telephone Field,recover-20220825,002,1795
791.0105,791.0186,26328,38995,Eptesicus serotinus,0.008,0.023,-1,Echolocation,/mnt/ubna_data_01_mir/recover-20220825/UBNA_002/20220823_033000.WAV,Telephone Field,recover-20220825,002,1795
791.0125,791.0182,36640,53655,Myotis brandtii,0.012,0.026,-1,Echolocation,/mnt/ubna_data_01_mir/recover-20220825/UBNA_002/20220823_033000.WAV,Telephone Field,recover-20220825,002,1795
791.0145,791.0521,68437,82433,Rhinolophus ferrumequinum,0.027,0.027,-1,Echolocation,/mnt/ubna_data_01_mir/recover-20220825/UBNA_002/20220823_033000.WAV,Telephone Field,recover-20220825,002,1795
791.0165,791.0245,44375,53655,Pipistrellus pipistrellus,0.011,0.024,-1,Echolocation,/mnt/ubna_data_01_mir/recover-20220825/UBNA_002/20220823_033000.WAV,Telephone Field,recover-20220825,002,1795
791.0245,791.0341,27187,34532,Eptesicus serotinus,0.011,0.024,-1,Echolocation,/mnt/ubna_data_01_mir/recover-20220825/UBNA_002/20220823_033000.WAV,Telephone Field,recover-20220825,002,1795
791.0415,791.0483,41796,50847,Pipistrellus nathusii,0.41,0.507,-1,Echolocation,/mnt/ubna_data_01_mir/recover-20220825/UBNA_002/20220823_033000.WAV,Telephone Field,recover-20220825,002,1795
791.0795,791.1204,68437,82383,Rhinolophus ferrumequinum,0.027,0.027,-1,Echolocation,/mnt/ubna_data_01_mir/recover-20220825/UBNA_002/20220823_033000.WAV,Telephone Field,recover-20220825,002,1795
791.1425,791.1481,40937,56579,Pipistrellus nathusii,0.245,0.463,-1,Echolocation,/mnt/ubna_data_01_mir/recover-20220825/UBNA_002/20220823_033000.WAV,Telephone Field,recover-20220825,002,1795
791.1435,791.1494,49531,52862,Pipistrellus pipistrellus,0.018,0.032,-1,Echolocation,/mnt/ubna_data_01_mir/recover-20220825/UBNA_002/20220823_033000.WAV,Telephone Field,recover-20220825,002,1795
791.1815,791.1911,33203,40077,Pipistrellus nathusii,0.009,0.027,-1,Echolocation,/mnt/ubna_data_01_mir/recover-20220825/UBNA_002/20220823_033000.WAV,Telephone Field,recover-20220825,002,1795
791.2395,791.2452,28906,65077,Myotis brandtii,0.022,0.049,-1,Echolocation,/mnt/ubna_data_01_mir/recover-20220825/UBNA_002/20220823_033000.WAV,Telephone Field,recover-20220825,002,1795
791.2405,791.2456,40078,59750,Pipistrellus nathusii,0.336,0.516,-1,Echolocation,/mnt/ubna_data_01_mir/recover-20220825/UBNA_002/20220823_033000.WAV,Telephone Field,recover-20220825,002,1795
791.2855,791.2912,40937,52286,Pipistrellus nathusii,0.319,0.471,-1,Echolocation,/mnt/ubna_data_01_mir/recover-20220825/UBNA_002/20220823_033000.WAV,Telephone Field,recover-20220825,002,1795
791.2865,791.2927,49531,54160,Pipistrellus pipistrellus,0.013,0.025,-1,Echolocation,/mnt/ubna_data_01_mir/recover-20220825/UBNA_002/20220823_033000.WAV,Telephone Field,recover-20220825,002,1795
791.2995,791.31,24609,30527,Nyctalus leisleri,0.009,0.026,-1,Echolocation,/mnt/ubna_data_01_mir/recover-20220825/UBNA_002/20220823_033000.WAV,Telephone Field,recover-20220825,002,1795
791.3255,791.3306,40937,56207,Pipistrellus nathusii,0.19,0.425,-1,Echolocation,/mnt/ubna_data_01_mir/recover-20220825/UBNA_002/20220823_033000.WAV,Telephone Field,recover-20220825,002,1795
791.3645,791.3725,27187,40303,Eptesicus serotinus,0.009,0.024,-1,Echolocation,/mnt/ubna_data_01_mir/recover-20220825/UBNA_002/20220823_033000.WAV,Telephone Field,recover-20220825,002,1795
791.3885,791.3966,47812,54075,Pipistrellus pipistrellus,0.022,0.027,-1,Echolocation,/mnt/ubna_data_01_mir/recover-20220825/UBNA_002/20220823_033000.WAV,Telephone Field,recover-20220825,002,1795
791.4235,791.4299,40937,56999,Pipistrellus nathusii,0.312,0.476,-1,Echolocation,/mnt/ubna_data_01_mir/recover-20220825/UBNA_002/20220823_033000.WAV,Telephone Field,recover-20220825,002,1795
791.4485,791.4675,16015,21041,Nyctalus noctula,0.024,0.031,-1,Echolocation,/mnt/ubna_data_01_mir/recover-20220825/UBNA_002/20220823_033000.WAV,Telephone Field,recover-20220825,002,1795
791.4495,791.4917,68437,83024,Rhinolophus ferrumequinum,0.029,0.029,-1,Echolocation,/mnt/ubna_data_01_mir/recover-20220825/UBNA_002/20220823_033000.WAV,Telephone Field,recover-20220825,002,1795
791.4785,791.4883,40937,50135,Pipistrellus nathusii,0.037,0.049,-1,Echolocation,/mnt/ubna_data_01_mir/recover-20220825/UBNA_002/20220823_033000.WAV,Telephone Field,recover-20220825,002,1795
791.4835,791.49,26328,39563,Eptesicus serotinus,0.006,0.024,-1,Echolocation,/mnt/ubna_data_01_mir/recover-20220825/UBNA_002/20220823_033000.WAV,Telephone Field,recover-20220825,002,1795
791.4985,791.5394,68437,82770,Rhinolophus ferrumequinum,0.024,0.024,-1,Echolocation,/mnt/ubna_data_01_mir/recover-20220825/UBNA_002/20220823_033000.WAV,Telephone Field,recover-20220825,002,1795
791.5205,791.5264,40937,59707,Pipistrellus nathusii,0.24,0.453,-1,Echolocation,/mnt/ubna_data_01_mir/recover-20220825/UBNA_002/20220823_033000.WAV,Telephone Field,recover-20220825,002,1795
791.5665,791.5778,28046,36076,Eptesicus serotinus,0.022,0.035,-1,Echolocation,/mnt/ubna_data_01_mir/recover-20220825/UBNA_002/20220823_033000.WAV,Telephone Field,recover-20220825,002,1795
791.5665,791.6051,68437,82433,Rhinolophus ferrumequinum,0.025,0.025,-1,Echolocation,/mnt/ubna_data_01_mir/recover-20220825/UBNA_002/20220823_033000.WAV,Telephone Field,recover-20220825,002,1795
791.5855,791.5933,53828,60101,Pipistrellus pygmaeus,0.024,0.025,-1,Echolocation,/mnt/ubna_data_01_mir/recover-20220825/UBNA_002/20220823_033000.WAV,Telephone Field,recover-20220825,002,1795
791.5955,791.6061,40078,43878,Pipistrellus nathusii,0.066,0.074,-1,Echolocation,/mnt/ubna_data_01_mir/recover-20220825/UBNA_002/20220823_033000.WAV,Telephone Field,recover-20220825,002,1795
791.6215,791.6275,40078,56862,Pipistrellus nathusii,0.163,0.31,-1,Echolocation,/mnt/ubna_data_01_mir/recover-20220825/UBNA_002/20220823_033000.WAV,Telephone Field,recover-20220825,002,1795
791.6365,791.646,28046,34428,Eptesicus serotinus,0.01,0.029,-1,Echolocation,/mnt/ubna_data_01_mir/recover-20220825/UBNA_002/20220823_033000.WAV,Telephone Field,recover-20220825,002,1795
791.6585,791.6993,68437,82352,Rhinolophus ferrumequinum,0.025,0.025,-1,Echolocation,/mnt/ubna_data_01_mir/recover-20220825/UBNA_002/20220823_033000.WAV,Telephone Field,recover-20220825,002,1795
791.6715,791.6802,28046,38691,Eptesicus serotinus,0.01,0.025,-1,Echolocation,/mnt/ubna_data_01_mir/recover-20220825/UBNA_002/20220823_033000.WAV,Telephone Field,recover-20220825,002,1795
791.6885,791.6967,46953,51833,Pipistrellus pipistrellus,0.048,0.064,-1,Echolocation,/mnt/ubna_data_01_mir/recover-20220825/UBNA_002/20220823_033000.WAV,Telephone Field,recover-20220825,002,1795
791.7305,791.7362,39218,56761,Pipistrellus nathusii,0.278,0.45,-1,Echolocation,/mnt/ubna_data_01_mir/recover-20220825/UBNA_002/20220823_033000.WAV,Telephone Field,recover-20220825,002,1795
791.8055,791.8471,68437,83087,Rhinolophus ferrumequinum,0.028,0.028,-1,Echolocation,/mnt/ubna_data_01_mir/recover-20220825/UBNA_002/20220823_033000.WAV,Telephone Field,recover-20220825,002,1795
791.8265,791.8349,49531,53308,Pipistrellus pipistrellus,0.019,0.033,-1,Echolocation,/mnt/ubna_data_01_mir/recover-20220825/UBNA_002/20220823_033000.WAV,Telephone Field,recover-20220825,002,1795
791.8285,791.8343,39218,54145,Pipistrellus nathusii,0.214,0.357,-1,Echolocation,/mnt/ubna_data_01_mir/recover-20220825/UBNA_002/20220823_033000.WAV,Telephone Field,recover-20220825,002,1795
791.8375,791.8442,26328,35372,Eptesicus serotinus,0.005,0.026,-1,Echolocation,/mnt/ubna_data_01_mir/recover-20220825/UBNA_002/20220823_033000.WAV,Telephone Field,recover-20220825,002,1795
791.8855,791.8925,27187,39114,Eptesicus serotinus,0.006,0.023,-1,Echolocation,/mnt/ubna_data_01_mir/recover-20220825/UBNA_002/20220823_033000.WAV,Telephone Field,recover-20220825,002,1795
791.8895,791.8996,41796,45775,Pipistrellus nathusii,0.04,0.051,-1,Echolocation,/mnt/ubna_data_01_mir/recover-20220825/UBNA_002/20220823_033000.WAV,Telephone Field,recover-20220825,002,1795
791.9075,791.9182,28046,35288,Eptesicus serotinus,0.015,0.031,-1,Echolocation,/mnt/ubna_data_01_mir/recover-20220825/UBNA_002/20220823_033000.WAV,Telephone Field,recover-20220825,002,1795
791.9245,791.9302,36640,58659,Pipistrellus nathusii,0.174,0.403,-1,Echolocation,/mnt/ubna_data_01_mir/recover-20220825/UBNA_002/20220823_033000.WAV,Telephone Field,recover-20220825,002,1795
792.0015,792.0313,69296,82127,Rhinolophus ferrumequinum,0.031,0.031,-1,Echolocation,/mnt/ubna_data_01_mir/recover-20220825/UBNA_002/20220823_033000.WAV,Telephone Field,recover-20220825,002,1795
792.0015,792.0075,48671,56034,Pipistrellus pipistrellus,0.015,0.023,-1,Echolocation,/mnt/ubna_data_01_mir/recover-20220825/UBNA_002/20220823_033000.WAV,Telephone Field,recover-20220825,002,1795
792.0015,792.0099,26328,36816,Nyctalus leisleri,0.008,0.027,-1,Echolocation,/mnt/ubna_data_01_mir/recover-20220825/UBNA_002/20220823_033000.WAV,Telephone Field,recover-20220825,002,1795
792.0345,792.0399,30625,70461,Myotis brandtii,0.032,0.071,-1,Echolocation,/mnt/ubna_data_01_mir/recover-20220825/UBNA_002/20220823_033000.WAV,Telephone Field,recover-20220825,002,1795
792.0355,792.0418,41796,56570,Pipistrellus nathusii,0.381,0.425,-1,Echolocation,/mnt/ubna_data_01_mir/recover-20220825/UBNA_002/20220823_033000.WAV,Telephone Field,recover-20220825,002,1795
792.0365,792.0415,48671,53682,Pipistrellus pipistrellus,0.012,0.035,-1,Echolocation,/mnt/ubna_data_01_mir/recover-20220825/UBNA_002/20220823_033000.WAV,Telephone Field,recover-20220825,002,1795
792.0725,792.0815,28046,40372,Eptesicus serotinus,0.009,0.022,-1,Echolocation,/mnt/ubna_data_01_mir/recover-20220825/UBNA_002/20220823_033000.WAV,Telephone Field,recover-20220825,002,1795
792.1235,792.1309,48671,57022,Pipistrellus pipistrellus,0.017,0.022,-1,Echolocation,/mnt/ubna_data_01_mir/recover-20220825/UBNA_002/20220823_033000.WAV,Telephone Field,recover-20220825,002,1795
792.1585,792.1641,30625,72247,Myotis bechsteinii,0.025,0.058,-1,Echolocation,/mnt/ubna_data_01_mir/recover-20220825/UBNA_002/20220823_033000.WAV,Telephone Field,recover-20220825,002,1795
792.1585,792.1651,48671,53122,Pipistrellus pipistrellus,0.014,0.026,-1,Echolocation,/mnt/ubna_data_01_mir/recover-20220825/UBNA_002/20220823_033000.WAV,Telephone Field,recover-20220825,002,1795
792.1595,792.1662,40078,56119,Pipistrellus nathusii,0.465,0.488,-1,Echolocation,/mnt/ubna_data_01_mir/recover-20220825/UBNA_002/20220823_033000.WAV,Telephone Field,recover-20220825,002,1795
792.1745,792.1853,27187,34291,Eptesicus serotinus,0.01,0.022,-1,Echolocation,/mnt/ubna_data_01_mir/recover-20220825/UBNA_002/20220823_033000.WAV,Telephone Field,recover-20220825,002,1795
792.2175,792.2253,47812,54928,Pipistrellus pipistrellus,0.026,0.03,-1,Echolocation,/mnt/ubna_data_01_mir/recover-20220825/UBNA_002/20220823_033000.WAV,Telephone Field,recover-20220825,002,1795
792.2215,792.2317,25468,33637,Eptesicus serotinus,0.009,0.023,-1,Echolocation,/mnt/ubna_data_01_mir/recover-20220825/UBNA_002/20220823_033000.WAV,Telephone Field,recover-20220825,002,1795
792.2675,792.274,40078,51586,Pipistrellus nathusii,0.578,0.597,-1,Echolocation,/mnt/ubna_data_01_mir/recover-20220825/UBNA_002/20220823_033000.WAV,Telephone Field,recover-20220825,002,1795
792.2835,792.3192,68437,81669,Rhinolophus ferrumequinum,0.022,0.022,-1,Echolocation,/mnt/ubna_data_01_mir/recover-20220825/UBNA_002/20220823_033000.WAV,Telephone Field,recover-20220825,002,1795
792.3705,792.3784,39218,53913,Pipistrellus nathusii,0.65,0.674,-1,Echolocation,/mnt/ubna_data_01_mir/recover-20220825/UBNA_002/20220823_033000.WAV,Telephone Field,recover-20220825,002,1795
792.3715,792.3778,49531,54093,Pipistrellus pipistrellus,0.012,0.024,-1,Echolocation,/mnt/ubna_data_01_mir/recover-20220825/UBNA_002/20220823_033000.WAV,Telephone Field,recover-20220825,002,1795
792.3715,792.3797,22890,35705,Myotis nattereri,0.007,0.023,-1,Echolocation,/mnt/ubna_data_01_mir/recover-20220825/UBNA_002/20220823_033000.WAV,Telephone Field,recover-20220825,002,1795
792.3775,792.3848,28046,38319,Eptesicus serotinus,0.006,0.026,-1,Echolocation,/mnt/ubna_data_01_mir/recover-20220825/UBNA_002/20220823_033000.WAV,Telephone Field,recover-20220825,002,1795
792.3885,792.4234,68437,82377,Rhinolophus ferrumequinum,0.025,0.025,-1,Echolocation,/mnt/ubna_data_01_mir/recover-20220825/UBNA_002/20220823_033000.WAV,Telephone Field,recover-20220825,002,1795
792.3975,792.4365,68437,82869,Rhinolophus ferrumequinum,0.024,0.024,-1,Echolocation,/mnt/ubna_data_01_mir/recover-20220825/UBNA_002/20220823_033000.WAV,Telephone Field,recover-20220825,002,1795
792.4705,792.478,39218,59866,Pipistrellus nathusii,0.639,0.7,-1,Echolocation,/mnt/ubna_data_01_mir/recover-20220825/UBNA_002/20220823_033000.WAV,Telephone Field,recover-20220825,002,1795
792.4775,792.4841,27187,37752,Eptesicus serotinus,0.005,0.024,-1,Echolocation,/mnt/ubna_data_01_mir/recover-20220825/UBNA_002/20220823_033000.WAV,Telephone Field,recover-20220825,002,1795
792.4835,792.5194,68437,81410,Rhinolophus ferrumequinum,0.022,0.022,-1,Echolocation,/mnt/ubna_data_01_mir/recover-20220825/UBNA_002/20220823_033000.WAV,Telephone Field,recover-20220825,002,1795
792.5485,792.5588,25468,33971,Eptesicus serotinus,0.009,0.022,-1,Echolocation,/mnt/ubna_data_01_mir/recover-20220825/UBNA_002/20220823_033000.WAV,Telephone Field,recover-20220825,002,1795
792.5545,792.5612,33203,44925,Myotis daubentonii,0.008,0.022,-1,Echolocation,/mnt/ubna_data_01_mir/recover-20220825/UBNA_002/20220823_033000.WAV,Telephone Field,recover-20220825,002,1795
792.5775,792.5845,38359,58120,Pipistrellus nathusii,0.625,0.652,-1,Echolocation,/mnt/ubna_data_01_mir/recover-20220825/UBNA_002/20220823_033000.WAV,Telephone Field,recover-20220825,002,1795
792.5855,792.5926,27187,35940,Eptesicus serotinus,0.007,0.026,-1,Echolocation,/mnt/ubna_data_01_mir/recover-20220825/UBNA_002/20220823_033000.WAV,Telephone Field,recover-20220825,002,1795
792.5905,792.6241,68437,81635,Rhinolophus ferrumequinum,0.028,0.028,-1,Echolocation,/mnt/ubna_data_01_mir/recover-20220825/UBNA_002/20220823_033000.WAV,Telephone Field,recover-20220825,002,1795
792.5935,792.6063,22890,26947,Nyctalus leisleri,0.016,0.033,-1,Echolocation,/mnt/ubna_data_01_mir/recover-20220825/UBNA_002/20220823_033000.WAV,Telephone Field,recover-20220825,002,1795
792.6695,792.6787,47812,51856,Pipistrellus pipistrellus,0.018,0.029,-1,Echolocation,/mnt/ubna_data_01_mir/recover-20220825/UBNA_002/20220823_033000.WAV,Telephone Field,recover-20220825,002,1795
792.6725,792.6854,15156,21733,Nyctalus noctula,0.014,0.024,-1,Echolocation,/mnt/ubna_data_01_mir/recover-20220825/UBNA_002/20220823_033000.WAV,Telephone Field,recover-20220825,002,1795
792.6725,792.6801,37500,59895,Pipistrellus nathusii,0.473,0.612,-1,Echolocation,/mnt/ubna_data_01_mir/recover-20220825/UBNA_002/20220823_033000.WAV,Telephone Field,recover-20220825,002,1795
792.6815,792.7094,68437,81136,Rhinolophus ferrumequinum,0.022,0.022,-1,Echolocation,/mnt/ubna_data_01_mir/recover-20220825/UBNA_002/20220823_033000.WAV,Telephone Field,recover-20220825,002,1795
792.7215,792.7317,28046,36567,Eptesicus serotinus,0.011,0.022,-1,Echolocation,/mnt/ubna_data_01_mir/recover-20220825/UBNA_002/20220823_033000.WAV,Telephone Field,recover-20220825,002,1795
792.7415,792.7497,44375,52544,Pipistrellus pipistrellus,0.02,0.026,-1,Echolocation,/mnt/ubna_data_01_mir/recover-20220825/UBNA_002/20220823_033000.WAV,Telephone Field,recover-20220825,002,1795
792.7695,792.7773,47812,54094,Pipistrellus pipistrellus,0.013,0.026,-1,Echolocation,/mnt/ubna_data_01_mir/recover-20220825/UBNA_002/20220823_033000.WAV,Telephone Field,recover-20220825,002,1795
792.7715,792.7802,38359,59353,Pipistrellus nathusii,0.6,0.661,-1,Echolocation,/mnt/ubna_data_01_mir/recover-20220825/UBNA_002/20220823_033000.WAV,Telephone Field,recover-20220825,002,1795
792.7765,792.785,21171,36329,Myotis nattereri,0.008,0.025,-1,Echolocation,/mnt/ubna_data_01_mir/recover-20220825/UBNA_002/20220823_033000.WAV,Telephone Field,recover-20220825,002,1795
792.8115,792.8482,68437,82791,Rhinolophus ferrumequinum,0.025,0.025,-1,Echolocation,/mnt/ubna_data_01_mir/recover-20220825/UBNA_002/20220823_033000.WAV,Telephone Field,recover-20220825,002,1795
792.8165,792.8221,33203,44878,Myotis daubentonii,0.008,0.023,-1,Echolocation,/mnt/ubna_data_01_mir/recover-20220825/UBNA_002/20220823_033000.WAV,Telephone Field,recover-20220825,002,1795
792.8165,792.8236,28046,41174,Eptesicus serotinus,0.008,0.027,-1,Echolocation,/mnt/ubna_data_01_mir/recover-20220825/UBNA_002/20220823_033000.WAV,Telephone Field,recover-20220825,002,1795
792.8705,792.8789,48671,53555,Pipistrellus pipistrellus,0.02,0.032,-1,Echolocation,/mnt/ubna_data_01_mir/recover-20220825/UBNA_002/20220823_033000.WAV,Telephone Field,recover-20220825,002,1795
792.8715,792.8784,37500,60590,Pipistrellus nathusii,0.639,0.673,-1,Echolocation,/mnt/ubna_data_01_mir/recover-20220825/UBNA_002/20220823_033000.WAV,Telephone Field,recover-20220825,002,1795
792.8795,792.8856,26328,37265,Eptesicus serotinus,0.004,0.022,-1,Echolocation,/mnt/ubna_data_01_mir/recover-20220825/UBNA_002/20220823_033000.WAV,Telephone Field,recover-20220825,002,1795
792.9025,792.9109,28046,39417,Eptesicus serotinus,0.009,0.024,-1,Echolocation,/mnt/ubna_data_01_mir/recover-20220825/UBNA_002/20220823_033000.WAV,Telephone Field,recover-20220825,002,1795
792.9685,792.9765,48671,52490,Pipistrellus pipistrellus,0.02,0.035,-1,Echolocation,/mnt/ubna_data_01_mir/recover-20220825/UBNA_002/20220823_033000.WAV,Telephone Field,recover-20220825,002,1795
792.9715,792.9775,30625,75034,Myotis bechsteinii,0.049,0.087,-1,Echolocation,/mnt/ubna_data_01_mir/recover-20220825/UBNA_002/20220823_033000.WAV,Telephone Field,recover-20220825,002,1795
792.9735,792.98,37500,60709,Pipistrellus nathusii,0.569,0.631,-1,Echolocation,/mnt/ubna_data_01_mir/recover-20220825/UBNA_002/20220823_033000.WAV,Telephone Field,recover-20220825,002,1795
792.9825,792.9888,30625,41276,Myotis daubentonii,0.011,0.025,-1,Echolocation,/mnt/ubna_data_01_mir/recover-20220825/UBNA_002/20220823_033000.WAV,Telephone Field,recover-20220825,002,1795
792.9855,793.0184,68437,81321,Rhinolophus ferrumequinum,0.026,0.026,-1,Echolocation,/mnt/ubna_data_01_mir/recover-20220825/UBNA_002/20220823_033000.WAV,Telephone Field,recover-20220825,002,1795
793.0035,793.0132,27187,36669,Eptesicus serotinus,0.009,0.023,-1,Echolocation,/mnt/ubna_data_01_mir/recover-20220825/UBNA_002/20220823_033000.WAV,Telephone Field,recover-20220825,002,1795
793.0075,793.0167,36640,42503,Pipistrellus nathusii,0.015,0.027,-1,Echolocation,/mnt/ubna_data_01_mir/recover-20220825/UBNA_002/20220823_033000.WAV,Telephone Field,recover-20220825,002,1795
793.0085,793.0166,28046,46232,Eptesicus serotinus,0.008,0.022,-1,Echolocation,/mnt/ubna_data_01_mir/recover-20220825/UBNA_002/20220823_033000.WAV,Telephone Field,recover-20220825,002,1795
793.0495,793.0586,38359,44024,Pipistrellus nathusii,0.012,0.025,-1,Echolocation,/mnt/ubna_data_01_mir/recover-20220825/UBNA_002/20220823_033000.WAV,Telephone Field,recover-20220825,002,1795
793.0515,793.0593,28046,44326,Eptesicus serotinus,0.008,0.023,-1,Echolocation,/mnt/ubna_data_01_mir/recover-20220825/UBNA_002/20220823_033000.WAV,Telephone Field,recover-20220825,002,1795
793.0755,793.0838,28046,35373,Eptesicus serotinus,0.007,0.022,-1,Echolocation,/mnt/ubna_data_01_mir/recover-20220825/UBNA_002/20220823_033000.WAV,Telephone Field,recover-20220825,002,1795
793.0875,793.0929,29765,73218,Myotis bechsteinii,0.032,0.057,-1,Echolocation,/mnt/ubna_data_01_mir/recover-20220825/UBNA_002/20220823_033000.WAV,Telephone Field,recover-20220825,002,1795
793.0895,793.098,48671,53505,Pipistrellus pipistrellus,0.016,0.025,-1,Echolocation,/mnt/ubna_data_01_mir/recover-20220825/UBNA_002/20220823_033000.WAV,Telephone Field,recover-20220825,002,1795
793.0895,793.0965,38359,59789,Pipistrellus nathusii,0.634,0.671,-1,Echolocation,/mnt/ubna_data_01_mir/recover-20220825/UBNA_002/20220823_033000.WAV,Telephone Field,recover-20220825,002,1795
793.1665,793.1727,41796,52341,Myotis daubentonii,0.009,0.031,-1,Echolocation,/mnt/ubna_data_01_mir/recover-20220825/UBNA_002/20220823_033000.WAV,Telephone Field,recover-20220825,002,1795
793.1855,793.1909,28906,66723,Myotis bechsteinii,0.027,0.063,-1,Echolocation,/mnt/ubna_data_01_mir/recover-20220825/UBNA_002/20220823_033000.WAV,Telephone Field,recover-20220825,002,1795
793.1865,793.1934,37500,61242,Pipistrellus nathusii,0.603,0.657,-1,Echolocation,/mnt/ubna_data_01_mir/recover-20220825/UBNA_002/20220823_033000.WAV,Telephone Field,recover-20220825,002,1795
793.1875,793.1925,49531,54684,Pipistrellus pipistrellus,0.014,0.027,-1,Echolocation,/mnt/ubna_data_01_mir/recover-20220825/UBNA_002/20220823_033000.WAV,Telephone Field,recover-20220825,002,1795
793.1955,793.2018,26328,38913,Eptesicus serotinus,0.005,0.025,-1,Echolocation,/mnt/ubna_data_01_mir/recover-20220825/UBNA_002/20220823_033000.WAV,Telephone Field,recover-20220825,002,1795
793.2045,793.2392,68437,81927,Rhinolophus ferrumequinum,0.025,0.025,-1,Echolocation,/mnt/ubna_data_01_mir/recover-20220825/UBNA_002/20220823_033000.WAV,Telephone Field,recover-20220825,002,1795
793.2245,793.2355,28046,35449,Eptesicus serotinus,0.011,0.025,-1,Echolocation,/mnt/ubna_data_01_mir/recover-20220825/UBNA_002/20220823_033000.WAV,Telephone Field,recover-20220825,002,1795
793.2845,793.2939,40937,47260,Pipistrellus nathusii,0.032,0.044,-1,Echolocation,/mnt/ubna_data_01_mir/recover-20220825/UBNA_002/20220823_033000.WAV,Telephone Field,recover-20220825,002,1795
793.2915,793.3,28046,44359,Eptesicus serotinus,0.01,0.023,-1,Echolocation,/mnt/ubna_data_01_mir/recover-20220825/UBNA_002/20220823_033000.WAV,Telephone Field,recover-20220825,002,1795
793.3005,793.3109,28046,36186,Eptesicus serotinus,0.012,0.026,-1,Echolocation,/mnt/ubna_data_01_mir/recover-20220825/UBNA_002/20220823_033000.WAV,Telephone Field,recover-20220825,002,1795
793.3175,793.3255,48671,55011,Pipistrellus pipistrellus,0.032,0.06,-1,Echolocation,/mnt/ubna_data_01_mir/recover-20220825/UBNA_002/20220823_033000.WAV,Telephone Field,recover-20220825,002,1795
793.3205,793.3271,30625,71407,Myotis bechsteinii,0.038,0.077,-1,Echolocation,/mnt/ubna_data_01_mir/recover-20220825/UBNA_002/20220823_033000.WAV,Telephone Field,recover-20220825,002,1795
793.3215,793.3283,38359,61428,Pipistrellus nathusii,0.569,0.637,-1,Echolocation,/mnt/ubna_data_01_mir/recover-20220825/UBNA_002/20220823_033000.WAV,Telephone Field,recover-20220825,002,1795
793.3305,793.3365,26328,39887,Eptesicus serotinus,0.005,0.024,-1,Echolocation,/mnt/ubna_data_01_mir/recover-20220825/UBNA_002/20220823_033000.WAV,Telephone Field,recover-20220825,002,1795
793.4225,793.4286,28906,73961,Myotis bechsteinii,0.032,0.058,-1,Echolocation,/mnt/ubna_data_01_mir/recover-20220825/UBNA_002/20220823_033000.WAV,Telephone Field,recover-20220825,002,1795
793.4225,793.4302,36640,63812,Pipistrellus nathusii,0.532,0.611,-1,Echolocation,/mnt/ubna_data_01_mir/recover-20220825/UBNA_002/20220823_033000.WAV,Telephone Field,recover-20220825,002,1795
793.4315,793.4395,39218,47943,Pipistrellus nathusii,0.016,0.03,-1,Echolocation,/mnt/ubna_data_01_mir/recover-20220825/UBNA_002/20220823_033000.WAV,Telephone Field,recover-20220825,002,1795
793.4985,793.5077,43515,51379,Pipistrellus pipistrellus,0.017,0.026,-1,Echolocation,/mnt/ubna_data_01_mir/recover-20220825/UBNA_002/20220823_033000.WAV,Telephone Field,recover-20220825,002,1795
793.5255,793.5344,53828,59742,Pipistrellus pygmaeus,0.079,0.084,-1,Echolocation,/mnt/ubna_data_01_mir/recover-20220825/UBNA_002/20220823_033000.WAV,Telephone Field,recover-20220825,002,1795
793.5265,793.5341,36640,61463,Pipistrellus nathusii,0.515,0.587,-1,Echolocation,/mnt/ubna_data_01_mir/recover-20220825/UBNA_002/20220823_033000.WAV,Telephone Field,recover-20220825,002,1795
793.5355,793.5421,26328,35969,Eptesicus serotinus,0.005,0.023,-1,Echolocation,/mnt/ubna_data_01_mir/recover-20220825/UBNA_002/20220823_033000.WAV,Telephone Field,recover-20220825,002,1795
793.5355,793.5411,34062,47817,Myotis daubentonii,0.01,0.027,-1,Echolocation,/mnt/ubna_data_01_mir/recover-20220825/UBNA_002/20220823_033000.WAV,Telephone Field,recover-20220825,002,1795
793.5695,793.5801,22890,28124,Nyctalus leisleri,0.009,0.023,-1,Echolocation,/mnt/ubna_data_01_mir/recover-20220825/UBNA_002/20220823_033000.WAV,Telephone Field,recover-20220825,002,1795
793.5935,793.6038,54687,61611,Pipistrellus pygmaeus,0.029,0.029,-1,Echolocation,/mnt/ubna_data_01_mir/recover-20220825/UBNA_002/20220823_033000.WAV,Telephone Field,recover-20220825,002,1795
793.5995,793.6055,28046,79143,Myotis bechsteinii,0.113,0.172,-1,Echolocation,/mnt/ubna_data_01_mir/recover-20220825/UBNA_002/20220823_033000.WAV,Telephone Field,recover-20220825,002,1795
793.6005,793.6075,35781,64990,Pipistrellus nathusii,0.376,0.452,-1,Echolocation,/mnt/ubna_data_01_mir/recover-20220825/UBNA_002/20220823_033000.WAV,Telephone Field,recover-20220825,002,1795
793.6105,793.6178,27187,36978,Eptesicus serotinus,0.01,0.036,-1,Echolocation,/mnt/ubna_data_01_mir/recover-20220825/UBNA_002/20220823_033000.WAV,Telephone Field,recover-20220825,002,1795
793.6695,793.6769,39218,62436,Pipistrellus nathusii,0.607,0.635,-1,Echolocation,/mnt/ubna_data_01_mir/recover-20220825/UBNA_002/20220823_033000.WAV,Telephone Field,recover-20220825,002,1795
793.6785,793.6852,38359,49944,Myotis brandtii,0.01,0.022,-1,Echolocation,/mnt/ubna_data_01_mir/recover-20220825/UBNA_002/20220823_033000.WAV,Telephone Field,recover-20220825,002,1795
793.7625,793.7689,28046,77788,Myotis bechsteinii,0.093,0.132,-1,Echolocation,/mnt/ubna_data_01_mir/recover-20220825/UBNA_002/20220823_033000.WAV,Telephone Field,recover-20220825,002,1795
793.7625,793.7691,46953,56979,Pipistrellus pipistrellus,0.028,0.05,-1,Echolocation,/mnt/ubna_data_01_mir/recover-20220825/UBNA_002/20220823_033000.WAV,Telephone Field,recover-20220825,002,1795
793.7635,793.7704,35781,64138,Pipistrellus nathusii,0.436,0.569,-1,Echolocation,/mnt/ubna_data_01_mir/recover-20220825/UBNA_002/20220823_033000.WAV,Telephone Field,recover-20220825,002,1795
793.7735,793.7795,30625,42719,Myotis daubentonii,0.011,0.023,-1,Echolocation,/mnt/ubna_data_01_mir/recover-20220825/UBNA_002/20220823_033000.WAV,Telephone Field,recover-20220825,002,1795
793.8245,793.8432,19453,23372,Nyctalus noctula,0.014,0.028,-1,Echolocation,/mnt/ubna_data_01_mir/recover-20220825/UBNA_002/20220823_033000.WAV,Telephone Field,recover-20220825,002,1795
793.8265,793.8349,28046,38279,Eptesicus serotinus,0.01,0.025,-1,Echolocation,/mnt/ubna_data_01_mir/recover-20220825/UBNA_002/20220823_033000.WAV,Telephone Field,recover-20220825,002,1795
793.8545,793.8625,36640,63683,Pipistrellus nathusii,0.487,0.565,-1,Echolocation,/mnt/ubna_data_01_mir/recover-20220825/UBNA_002/20220823_033000.WAV,Telephone Field,recover-20220825,002,1795
793.8645,793.8699,29765,42589,Myotis daubentonii,0.011,0.025,-1,Echolocation,/mnt/ubna_data_01_mir/recover-20220825/UBNA_002/20220823_033000.WAV,Telephone Field,recover-20220825,002,1795
793.9145,793.9253,28046,35557,Eptesicus serotinus,0.016,0.032,-1,Echolocation,/mnt/ubna_data_01_mir/recover-20220825/UBNA_002/20220823_033000.WAV,Telephone Field,recover-20220825,002,1795
793.9475,793.9575,51250,60679,Pipistrellus pygmaeus,0.026,0.031,-1,Echolocation,/mnt/ubna_data_01_mir/recover-20220825/UBNA_002/20220823_033000.WAV,Telephone Field,recover-20220825,002,1795
793.9495,793.9561,29765,70653,Myotis bechsteinii,0.031,0.076,-1,Echolocation,/mnt/ubna_data_01_mir/recover-20220825/UBNA_002/20220823_033000.WAV,Telephone Field,recover-20220825,002,1795
793.9505,793.958,37500,67445,Pipistrellus nathusii,0.481,0.535,-1,Echolocation,/mnt/ubna_data_01_mir/recover-20220825/UBNA_002/20220823_033000.WAV,Telephone Field,recover-20220825,002,1795
793.9535,793.9591,48671,55871,Pipistrellus pipistrellus,0.013,0.033,-1,Echolocation,/mnt/ubna_data_01_mir/recover-20220825/UBNA_002/20220823_033000.WAV,Telephone Field,recover-20220825,002,1795
793.9595,793.9654,37500,51493,Myotis brandtii,0.02,0.041,-1,Echolocation,/mnt/ubna_data_01_mir/recover-20220825/UBNA_002/20220823_033000.WAV,Telephone Field,recover-20220825,002,1795
793.9625,793.9912,68437,80518,Rhinolophus ferrumequinum,0.024,0.024,-1,Echolocation,/mnt/ubna_data_01_mir/recover-20220825/UBNA_002/20220823_033000.WAV,Telephone Field,recover-20220825,002,1795
794.0015,794.0328,68437,80549,Rhinolophus ferrumequinum,0.033,0.033,-1,Echolocation,/mnt/ubna_data_01_mir/recover-20220825/UBNA_002/20220823_033000.WAV,Telephone Field,recover-20220825,002,1795
794.0015,794.0084,45234,52801,Pipistrellus pipistrellus,0.016,0.025,-1,Echolocation,/mnt/ubna_data_01_mir/recover-20220825/UBNA_002/20220823_033000.WAV,Telephone Field,recover-20220825,002,1795
794.0015,794.0089,22890,34294,Plecotus austriacus,0.009,0.03,-1,Echolocation,/mnt/ubna_data_01_mir/recover-20220825/UBNA_002/20220823_033000.WAV,Telephone Field,recover-20220825,002,1795
794.0095,794.0511,68437,81403,Rhinolophus ferrumequinum,0.021,0.021,-1,Echolocation,/mnt/ubna_data_01_mir/recover-20220825/UBNA_002/20220823_033000.WAV,Telephone Field,recover-20220825,002,1795
794.0255,794.0314,29765,47081,Myotis daubentonii,0.015,0.039,-1,Echolocation,/mnt/ubna_data_01_mir/recover-20220825/UBNA_002/20220823_033000.WAV,Telephone Field,recover-20220825,002,1795
794.0435,794.0496,46953,56659,Pipistrellus pipistrellus,0.012,0.021,-1,Echolocation,/mnt/ubna_data_01_mir/recover-20220825/UBNA_002/20220823_033000.WAV,Telephone Field,recover-20220825,002,1795
794.0525,794.0591,37500,58976,Pipistrellus nathusii,0.337,0.556,-1,Echolocation,/mnt/ubna_data_01_mir/recover-20220825/UBNA_002/20220823_033000.WAV,Telephone Field,recover-20220825,002,1795
794.0535,794.0626,48671,57168,Pipistrellus pipistrellus,0.025,0.041,-1,Echolocation,/mnt/ubna_data_01_mir/recover-20220825/UBNA_002/20220823_033000.WAV,Telephone Field,recover-20220825,002,1795
794.0625,794.068,31484,54942,Myotis brandtii,0.011,0.023,-1,Echolocation,/mnt/ubna_data_01_mir/recover-20220825/UBNA_002/20220823_033000.WAV,Telephone Field,recover-20220825,002,1795
794.0665,794.1009,68437,81462,Rhinolophus ferrumequinum,0.022,0.022,-1,Echolocation,/mnt/ubna_data_01_mir/recover-20220825/UBNA_002/20220823_033000.WAV,Telephone Field,recover-20220825,002,1795
794.1085,794.1517,68437,83604,Rhinolophus ferrumequinum,0.024,0.024,-1,Echolocation,/mnt/ubna_data_01_mir/recover-20220825/UBNA_002/20220823_033000.WAV,Telephone Field,recover-20220825,002,1795
794.1395,794.1517,52968,59469,Pipistrellus pygmaeus,0.038,0.041,-1,Echolocation,/mnt/ubna_data_01_mir/recover-20220825/UBNA_002/20220823_033000.WAV,Telephone Field,recover-20220825,002,1795
794.1405,794.1471,37500,64083,Pipistrellus nathusii,0.234,0.462,-1,Echolocation,/mnt/ubna_data_01_mir/recover-20220825/UBNA_002/20220823_033000.WAV,Telephone Field,recover-20220825,002,1795
794.1405,794.147,26328,81905,Myotis bechsteinii,0.225,0.309,-1,Echolocation,/mnt/ubna_data_01_mir/recover-20220825/UBNA_002/20220823_033000.WAV,Telephone Field,recover-20220825,002,1795
794.1505,794.1559,32343,54123,Myotis brandtii,0.012,0.023,-1,Echolocation,/mnt/ubna_data_01_mir/recover-20220825/UBNA_002/20220823_033000.WAV,Telephone Field,recover-20220825,002,1795
794.1525,794.1868,68437,81201,Rhinolophus ferrumequinum,0.025,0.025,-1,Echolocation,/mnt/ubna_data_01_mir/recover-20220825/UBNA_002/20220823_033000.WAV,Telephone Field,recover-20220825,002,1795
794.2665,794.2785,52968,57905,Pipistrellus pygmaeus,0.024,0.026,-1,Echolocation,/mnt/ubna_data_01_mir/recover-20220825/UBNA_002/20220823_033000.WAV,Telephone Field,recover-20220825,002,1795
794.2675,794.2738,39218,59722,Pipistrellus nathusii,0.496,0.606,-1,Echolocation,/mnt/ubna_data_01_mir/recover-20220825/UBNA_002/20220823_033000.WAV,Telephone Field,recover-20220825,002,1795
794.2675,794.2726,28046,79186,Myotis bechsteinii,0.054,0.097,-1,Echolocation,/mnt/ubna_data_01_mir/recover-20220825/UBNA_002/20220823_033000.WAV,Telephone Field,recover-20220825,002,1795
794.2765,794.2825,30625,51505,Myotis brandtii,0.01,0.024,-1,Echolocation,/mnt/ubna_data_01_mir/recover-20220825/UBNA_002/20220823_033000.WAV,Telephone Field,recover-20220825,002,1795
794.3025,794.3106,28046,40718,Eptesicus serotinus,0.01,0.028,-1,Echolocation,/mnt/ubna_data_01_mir/recover-20220825/UBNA_002/20220823_033000.WAV,Telephone Field,recover-20220825,002,1795
794.3285,794.3342,35781,53194,Myotis brandtii,0.01,0.025,-1,Echolocation,/mnt/ubna_data_01_mir/recover-20220825/UBNA_002/20220823_033000.WAV,Telephone Field,recover-20220825,002,1795
794.3295,794.3357,30625,51451,Myotis daubentonii,0.012,0.025,-1,Echolocation,/mnt/ubna_data_01_mir/recover-20220825/UBNA_002/20220823_033000.WAV,Telephone Field,recover-20220825,002,1795
794.3475,794.3547,34062,83662,Myotis brandtii,0.272,0.34,-1,Echolocation,/mnt/ubna_data_01_mir/recover-20220825/UBNA_002/20220823_033000.WAV,Telephone Field,recover-20220825,002,1795
794.3575,794.3627,34062,56311,Myotis brandtii,0.012,0.022,-1,Echolocation,/mnt/ubna_data_01_mir/recover-20220825/UBNA_002/20220823_033000.WAV,Telephone Field,recover-20220825,002,1795
794.3965,794.4384,68437,83050,Rhinolophus ferrumequinum,0.028,0.028,-1,Echolocation,/mnt/ubna_data_01_mir/recover-20220825/UBNA_002/20220823_033000.WAV,Telephone Field,recover-20220825,002,1795
794.3975,794.4072,28906,36749,Eptesicus serotinus,0.008,0.021,-1,Echolocation,/mnt/ubna_data_01_mir/recover-20220825/UBNA_002/20220823_033000.WAV,Telephone Field,recover-20220825,002,1795
794.4485,794.4549,34921,65480,Myotis brandtii,0.29,0.414,-1,Echolocation,/mnt/ubna_data_01_mir/recover-20220825/UBNA_002/20220823_033000.WAV,Telephone Field,recover-20220825,002,1795
794.4575,794.4638,30625,45278,Myotis daubentonii,0.011,0.025,-1,Echolocation,/mnt/ubna_data_01_mir/recover-20220825/UBNA_002/20220823_033000.WAV,Telephone Field,recover-20220825,002,1795
794.5315,794.5389,45234,50987,Pipistrellus pipistrellus,0.021,0.024,-1,Echolocation,/mnt/ubna_data_01_mir/recover-20220825/UBNA_002/20220823_033000.WAV,Telephone Field,recover-20220825,002,1795
794.5495,794.5563,34921,74641,Myotis brandtii,0.28,0.429,-1,Echolocation,/mnt/ubna_data_01_mir/recover-20220825/UBNA_002/20220823_033000.WAV,Telephone Field,recover-20220825,002,1795
794.5495,794.5562,27187,90166,Myotis bechsteinii,0.135,0.18,-1,Echolocation,/mnt/ubna_data_01_mir/recover-20220825/UBNA_002/20220823_033000.WAV,Telephone Field,recover-20220825,002,1795
794.5515,794.5564,52109,58671,Pipistrellus pygmaeus,0.032,0.037,-1,Echolocation,/mnt/ubna_data_01_mir/recover-20220825/UBNA_002/20220823_033000.WAV,Telephone Field,recover-20220825,002,1795
794.5585,794.5638,36640,55916,Myotis brandtii,0.015,0.027,-1,Echolocation,/mnt/ubna_data_01_mir/recover-20220825/UBNA_002/20220823_033000.WAV,Telephone Field,recover-20220825,002,1795
794.5895,794.6283,68437,81995,Rhinolophus ferrumequinum,0.022,0.022,-1,Echolocation,/mnt/ubna_data_01_mir/recover-20220825/UBNA_002/20220823_033000.WAV,Telephone Field,recover-20220825,002,1795
794.6355,794.6716,68437,81443,Rhinolophus ferrumequinum,0.021,0.021,-1,Echolocation,/mnt/ubna_data_01_mir/recover-20220825/UBNA_002/20220823_033000.WAV,Telephone Field,recover-20220825,002,1795
794.6455,794.6546,52109,58242,Pipistrellus pygmaeus,0.028,0.032,-1,Echolocation,/mnt/ubna_data_01_mir/recover-20220825/UBNA_002/20220823_033000.WAV,Telephone Field,recover-20220825,002,1795
794.6465,794.6531,38359,65287,Pipistrellus nathusii,0.219,0.448,-1,Echolocation,/mnt/ubna_data_01_mir/recover-20220825/UBNA_002/20220823_033000.WAV,Telephone Field,recover-20220825,002,1795
794.6555,794.6612,34921,51929,Myotis brandtii,0.013,0.027,-1,Echolocation,/mnt/ubna_data_01_mir/recover-20220825/UBNA_002/20220823_033000.WAV,Telephone Field,recover-20220825,002,1795
794.6635,794.6722,28906,36221,Eptesicus serotinus,0.009,0.027,-1,Echolocation,/mnt/ubna_data_01_mir/recover-20220825/UBNA_002/20220823_033000.WAV,Telephone Field,recover-20220825,002,1795
794.7265,794.7348,43515,54391,Pipistrellus nathusii,0.008,0.032,-1,Echolocation,/mnt/ubna_data_01_mir/recover-20220825/UBNA_002/20220823_033000.WAV,Telephone Field,recover-20220825,002,1795
794.7385,794.7456,28046,35276,Eptesicus serotinus,0.006,0.023,-1,Echolocation,/mnt/ubna_data_01_mir/recover-20220825/UBNA_002/20220823_033000.WAV,Telephone Field,recover-20220825,002,1795
794.7505,794.7571,26328,81134,Myotis bechsteinii,0.131,0.165,-1,Echolocation,/mnt/ubna_data_01_mir/recover-20220825/UBNA_002/20220823_033000.WAV,Telephone Field,recover-20220825,002,1795
794.7505,794.7572,34921,68173,Myotis brandtii,0.138,0.472,-1,Echolocation,/mnt/ubna_data_01_mir/recover-20220825/UBNA_002/20220823_033000.WAV,Telephone Field,recover-20220825,002,1795
794.7515,794.7596,50390,57613,Pipistrellus pipistrellus,0.019,0.035,-1,Echolocation,/mnt/ubna_data_01_mir/recover-20220825/UBNA_002/20220823_033000.WAV,Telephone Field,recover-20220825,002,1795
794.7615,794.7666,32343,57600,Myotis brandtii,0.017,0.033,-1,Echolocation,/mnt/ubna_data_01_mir/recover-20220825/UBNA_002/20220823_033000.WAV,Telephone Field,recover-20220825,002,1795
794.8275,794.8359,28906,36672,Eptesicus serotinus,0.007,0.023,-1,Echolocation,/mnt/ubna_data_01_mir/recover-20220825/UBNA_002/20220823_033000.WAV,Telephone Field,recover-20220825,002,1795
794.8405,794.85,48671,52787,Pipistrellus pipistrellus,0.021,0.03,-1,Echolocation,/mnt/ubna_data_01_mir/recover-20220825/UBNA_002/20220823_033000.WAV,Telephone Field,recover-20220825,002,1795
794.8445,794.8505,28906,76752,Myotis bechsteinii,0.107,0.155,-1,Echolocation,/mnt/ubna_data_01_mir/recover-20220825/UBNA_002/20220823_033000.WAV,Telephone Field,recover-20220825,002,1795
794.8455,794.8516,36640,60394,Pipistrellus nathusii,0.204,0.55,-1,Echolocation,/mnt/ubna_data_01_mir/recover-20220825/UBNA_002/20220823_033000.WAV,Telephone Field,recover-20220825,002,1795
794.8545,794.8603,33203,58525,Myotis brandtii,0.018,0.036,-1,Echolocation,/mnt/ubna_data_01_mir/recover-20220825/UBNA_002/20220823_033000.WAV,Telephone Field,recover-20220825,002,1795
794.8755,794.9145,68437,81950,Rhinolophus ferrumequinum,0.021,0.021,-1,Echolocation,/mnt/ubna_data_01_mir/recover-20220825/UBNA_002/20220823_033000.WAV,Telephone Field,recover-20220825,002,1795
794.8805,794.918,68437,82198,Rhinolophus ferrumequinum,0.021,0.021,-1,Echolocation,/mnt/ubna_data_01_mir/recover-20220825/UBNA_002/20220823_033000.WAV,Telephone Field,recover-20220825,002,1795
794.9235,794.9299,28906,36753,Eptesicus serotinus,0.005,0.022,-1,Echolocation,/mnt/ubna_data_01_mir/recover-20220825/UBNA_002/20220823_033000.WAV,Telephone Field,recover-20220825,002,1795
794.9325,794.9398,48671,57567,Pipistrellus pipistrellus,0.02,0.032,-1,Echolocation,/mnt/ubna_data_01_mir/recover-20220825/UBNA_002/20220823_033000.WAV,Telephone Field,recover-20220825,002,1795
794.9365,794.9429,37500,60212,Pipistrellus nathusii,0.263,0.555,-1,Echolocation,/mnt/ubna_data_01_mir/recover-20220825/UBNA_002/20220823_033000.WAV,Telephone Field,recover-20220825,002,1795
794.9365,794.9423,29765,78056,Myotis bechsteinii,0.09,0.124,-1,Echolocation,/mnt/ubna_data_01_mir/recover-20220825/UBNA_002/20220823_033000.WAV,Telephone Field,recover-20220825,002,1795
794.9425,794.9748,68437,80971,Rhinolophus ferrumequinum,0.021,0.021,-1,Echolocation,/mnt/ubna_data_01_mir/recover-20220825/UBNA_002/20220823_033000.WAV,Telephone Field,recover-20220825,002,1795
794.9465,794.952,32343,55785,Myotis brandtii,0.013,0.03,-1,Echolocation,/mnt/ubna_data_01_mir/recover-20220825/UBNA_002/20220823_033000.WAV,Telephone Field,recover-20220825,002,1795
794.9755,794.9826,50390,56399,Pipistrellus pipistrellus,0.032,0.036,-1,Echolocation,/mnt/ubna_data_01_mir/recover-20220825/UBNA_002/20220823_033000.WAV,Telephone Field,recover-20220825,002,1795
795.0215,795.0274,27187,82992,Myotis bechsteinii,0.124,0.189,-1,Echolocation,/mnt/ubna_data_01_mir/recover-20220825/UBNA_002/20220823_033000.WAV,Telephone Field,recover-20220825,002,1795
795.0225,795.0291,34921,69109,Myotis brandtii,0.26,0.411,-1,Echolocation,/mnt/ubna_data_01_mir/recover-20220825/UBNA_002/20220823_033000.WAV,Telephone Field,recover-20220825,002,1795
795.0235,795.0319,46953,52907,Pipistrellus pipistrellus,0.02,0.03,-1,Echolocation,/mnt/ubna_data_01_mir/recover-20220825/UBNA_002/20220823_033000.WAV,Telephone Field,recover-20220825,002,1795
795.0325,795.0379,32343,54120,Myotis brandtii,0.011,0.023,-1,Echolocation,/mnt/ubna_data_01_mir/recover-20220825/UBNA_002/20220823_033000.WAV,Telephone Field,recover-20220825,002,1795
795.0355,795.0694,68437,80925,Rhinolophus ferrumequinum,0.022,0.022,-1,Echolocation,/mnt/ubna_data_01_mir/recover-20220825/UBNA_002/20220823_033000.WAV,Telephone Field,recover-20220825,002,1795
795.0665,795.0766,35781,42419,Pipistrellus nathusii,0.022,0.034,-1,Echolocation,/mnt/ubna_data_01_mir/recover-20220825/UBNA_002/20220823_033000.WAV,Telephone Field,recover-20220825,002,1795
795.0775,795.0875,27187,34470,Eptesicus serotinus,0.01,0.021,-1,Echolocation,/mnt/ubna_data_01_mir/recover-20220825/UBNA_002/20220823_033000.WAV,Telephone Field,recover-20220825,002,1795
795.1045,795.1099,27187,81282,Myotis bechsteinii,0.149,0.189,-1,Echolocation,/mnt/ubna_data_01_mir/recover-20220825/UBNA_002/20220823_033000.WAV,Telephone Field,recover-20220825,002,1795
795.1045,795.1106,36640,62419,Pipistrellus nathusii,0.228,0.543,-1,Echolocation,/mnt/ubna_data_01_mir/recover-20220825/UBNA_002/20220823_033000.WAV,Telephone Field,recover-20220825,002,1795
795.1135,795.1187,34062,51670,Myotis brandtii,0.012,0.026,-1,Echolocation,/mnt/ubna_data_01_mir/recover-20220825/UBNA_002/20220823_033000.WAV,Telephone Field,recover-20220825,002,1795
795.1445,795.1519,50390,57630,Pipistrellus pipistrellus,0.019,0.025,-1,Echolocation,/mnt/ubna_data_01_mir/recover-20220825/UBNA_002/20220823_033000.WAV,Telephone Field,recover-20220825,002,1795
795.1555,795.1748,21171,24189,Nyctalus leisleri,0.012,0.021,-1,Echolocation,/mnt/ubna_data_01_mir/recover-20220825/UBNA_002/20220823_033000.WAV,Telephone Field,recover-20220825,002,1795
795.1845,795.1912,28046,38038,Eptesicus serotinus,0.006,0.026,-1,Echolocation,/mnt/ubna_data_01_mir/recover-20220825/UBNA_002/20220823_033000.WAV,Telephone Field,recover-20220825,002,1795
795.1985,795.205,35781,64987,Myotis brandtii,0.235,0.498,-1,Echolocation,/mnt/ubna_data_01_mir/recover-20220825/UBNA_002/20220823_033000.WAV,Telephone Field,recover-20220825,002,1795
795.1985,795.2046,27187,88963,Myotis bechsteinii,0.136,0.173,-1,Echolocation,/mnt/ubna_data_01_mir/recover-20220825/UBNA_002/20220823_033000.WAV,Telephone Field,recover-20220825,002,1795
795.1995,795.2077,47812,55627,Pipistrellus pipistrellus,0.02,0.031,-1,Echolocation,/mnt/ubna_data_01_mir/recover-20220825/UBNA_002/20220823_033000.WAV,Telephone Field,recover-20220825,002,1795
795.2085,795.2141,33203,55260,Myotis brandtii,0.014,0.03,-1,Echolocation,/mnt/ubna_data_01_mir/recover-20220825/UBNA_002/20220823_033000.WAV,Telephone Field,recover-20220825,002,1795
795.2135,795.2477,68437,80899,Rhinolophus ferrumequinum,0.021,0.021,-1,Echolocation,/mnt/ubna_data_01_mir/recover-20220825/UBNA_002/20220823_033000.WAV,Telephone Field,recover-20220825,002,1795
795.2625,795.2719,46093,53902,Pipistrellus pipistrellus,0.033,0.04,-1,Echolocation,/mnt/ubna_data_01_mir/recover-20220825/UBNA_002/20220823_033000.WAV,Telephone Field,recover-20220825,002,1795
795.2925,795.2985,28906,84714,Myotis bechsteinii,0.09,0.144,-1,Echolocation,/mnt/ubna_data_01_mir/recover-20220825/UBNA_002/20220823_033000.WAV,Telephone Field,recover-20220825,002,1795
795.2925,795.299,36640,66449,Pipistrellus nathusii,0.159,0.505,-1,Echolocation,/mnt/ubna_data_01_mir/recover-20220825/UBNA_002/20220823_033000.WAV,Telephone Field,recover-20220825,002,1795
795.2935,795.3008,47812,55538,Pipistrellus pipistrellus,0.021,0.035,-1,Echolocation,/mnt/ubna_data_01_mir/recover-20220825/UBNA_002/20220823_033000.WAV,Telephone Field,recover-20220825,002,1795
795.3025,795.3081,32343,51528,Myotis brandtii,0.009,0.022,-1,Echolocation,/mnt/ubna_data_01_mir/recover-20220825/UBNA_002/20220823_033000.WAV,Telephone Field,recover-20220825,002,1795
795.3125,795.3474,68437,81462,Rhinolophus ferrumequinum,0.021,0.021,-1,Echolocation,/mnt/ubna_data_01_mir/recover-20220825/UBNA_002/20220823_033000.WAV,Telephone Field,recover-20220825,002,1795
795.4035,795.4096,31484,59635,Myotis brandtii,0.009,0.022,-1,Echolocation,/mnt/ubna_data_01_mir/recover-20220825/UBNA_002/20220823_033000.WAV,Telephone Field,recover-20220825,002,1795
795.4135,795.4245,27187,34152,Eptesicus serotinus,0.01,0.021,-1,Echolocation,/mnt/ubna_data_01_mir/recover-20220825/UBNA_002/20220823_033000.WAV,Telephone Field,recover-20220825,002,1795
795.4155,795.4291,45234,49420,Pipistrellus pipistrellus,0.027,0.033,-1,Echolocation,/mnt/ubna_data_01_mir/recover-20220825/UBNA_002/20220823_033000.WAV,Telephone Field,recover-20220825,002,1795
795.4385,795.4464,49531,58514,Pipistrellus pipistrellus,0.021,0.037,-1,Echolocation,/mnt/ubna_data_01_mir/recover-20220825/UBNA_002/20220823_033000.WAV,Telephone Field,recover-20220825,002,1795
795.4395,795.4457,39218,69709,Myotis brandtii,0.127,0.34,-1,Echolocation,/mnt/ubna_data_01_mir/recover-20220825/UBNA_002/20220823_033000.WAV,Telephone Field,recover-20220825,002,1795
795.4395,795.4454,28046,91469,Myotis bechsteinii,0.114,0.194,-1,Echolocation,/mnt/ubna_data_01_mir/recover-20220825/UBNA_002/20220823_033000.WAV,Telephone Field,recover-20220825,002,1795
795.4485,795.4541,38359,55323,Myotis brandtii,0.015,0.026,-1,Echolocation,/mnt/ubna_data_01_mir/recover-20220825/UBNA_002/20220823_033000.WAV,Telephone Field,recover-20220825,002,1795
795.4495,795.4556,30625,42374,Myotis daubentonii,0.013,0.031,-1,Echolocation,/mnt/ubna_data_01_mir/recover-20220825/UBNA_002/20220823_033000.WAV,Telephone Field,recover-20220825,002,1795
795.4595,795.4977,68437,81590,Rhinolophus ferrumequinum,0.021,0.021,-1,Echolocation,/mnt/ubna_data_01_mir/recover-20220825/UBNA_002/20220823_033000.WAV,Telephone Field,recover-20220825,002,1795
795.5235,795.5311,28046,35048,Eptesicus serotinus,0.006,0.022,-1,Echolocation,/mnt/ubna_data_01_mir/recover-20220825/UBNA_002/20220823_033000.WAV,Telephone Field,recover-20220825,002,1795
795.5325,795.5444,52109,58694,Pipistrellus pipistrellus,0.019,0.037,-1,Echolocation,/mnt/ubna_data_01_mir/recover-20220825/UBNA_002/20220823_033000.WAV,Telephone Field,recover-20220825,002,1795
795.5365,795.5427999999999,27187,86086,Myotis bechsteinii,0.175,0.244,-1,Echolocation,/mnt/ubna_data_01_mir/recover-20220825/UBNA_002/20220823_033000.WAV,Telephone Field,recover-20220825,002,1795
795.5365,795.543,35781,66579,Myotis brandtii,0.159,0.383,-1,Echolocation,/mnt/ubna_data_01_mir/recover-20220825/UBNA_002/20220823_033000.WAV,Telephone Field,recover-20220825,002,1795
795.5465,795.5517,34062,66745,Myotis brandtii,0.028,0.045,-1,Echolocation,/mnt/ubna_data_01_mir/recover-20220825/UBNA_002/20220823_033000.WAV,Telephone Field,recover-20220825,002,1795
795.5565,795.5634,26328,34838,Eptesicus serotinus,0.006,0.024,-1,Echolocation,/mnt/ubna_data_01_mir/recover-20220825/UBNA_002/20220823_033000.WAV,Telephone Field,recover-20220825,002,1795
795.6225,795.631,28046,36366,Eptesicus serotinus,0.007,0.022,-1,Echolocation,/mnt/ubna_data_01_mir/recover-20220825/UBNA_002/20220823_033000.WAV,Telephone Field,recover-20220825,002,1795
795.6415,795.6474,37500,65447,Myotis brandtii,0.154,0.408,-1,Echolocation,/mnt/ubna_data_01_mir/recover-20220825/UBNA_002/20220823_033000.WAV,Telephone Field,recover-20220825,002,1795
795.6415,795.6476,28046,86022,Myotis bechsteinii,0.155,0.222,-1,Echolocation,/mnt/ubna_data_01_mir/recover-20220825/UBNA_002/20220823_033000.WAV,Telephone Field,recover-20220825,002,1795
795.6505,795.6558,32343,59892,Myotis brandtii,0.021,0.048,-1,Echolocation,/mnt/ubna_data_01_mir/recover-20220825/UBNA_002/20220823_033000.WAV,Telephone Field,recover-20220825,002,1795
795.7205,795.7554,68437,81239,Rhinolophus ferrumequinum,0.021,0.021,-1,Echolocation,/mnt/ubna_data_01_mir/recover-20220825/UBNA_002/20220823_033000.WAV,Telephone Field,recover-20220825,002,1795
795.7215,795.7293,27187,34614,Eptesicus serotinus,0.006,0.021,-1,Echolocation,/mnt/ubna_data_01_mir/recover-20220825/UBNA_002/20220823_033000.WAV,Telephone Field,recover-20220825,002,1795
795.7355,795.7426,33203,80524,Myotis brandtii,0.34,0.451,-1,Echolocation,/mnt/ubna_data_01_mir/recover-20220825/UBNA_002/20220823_033000.WAV,Telephone Field,recover-20220825,002,1795
795.7445,795.7488,31484,68238,Myotis brandtii,0.063,0.116,-1,Echolocation,/mnt/ubna_data_01_mir/recover-20220825/UBNA_002/20220823_033000.WAV,Telephone Field,recover-20220825,002,1795
795.7865,795.7979,27187,33935,Eptesicus serotinus,0.011,0.024,-1,Echolocation,/mnt/ubna_data_01_mir/recover-20220825/UBNA_002/20220823_033000.WAV,Telephone Field,recover-20220825,002,1795
795.8215,795.832,48671,56671,Pipistrellus pipistrellus,0.02,0.037,-1,Echolocation,/mnt/ubna_data_01_mir/recover-20220825/UBNA_002/20220823_033000.WAV,Telephone Field,recover-20220825,002,1795
795.8265,795.8333,34921,76303,Myotis brandtii,0.328,0.451,-1,Echolocation,/mnt/ubna_data_01_mir/recover-20220825/UBNA_002/20220823_033000.WAV,Telephone Field,recover-20220825,002,1795
795.8285,795.8385,48671,54387,Pipistrellus pipistrellus,0.018,0.031,-1,Echolocation,/mnt/ubna_data_01_mir/recover-20220825/UBNA_002/20220823_033000.WAV,Telephone Field,recover-20220825,002,1795
795.8355,795.8412,35781,55681,Myotis brandtii,0.014,0.025,-1,Echolocation,/mnt/ubna_data_01_mir/recover-20220825/UBNA_002/20220823_033000.WAV,Telephone Field,recover-20220825,002,1795
795.8595,795.8659,48671,55365,Pipistrellus pipistrellus,0.02,0.022,-1,Echolocation,/mnt/ubna_data_01_mir/recover-20220825/UBNA_002/20220823_033000.WAV,Telephone Field,recover-20220825,002,1795
795.8595,795.8679,27187,37251,Eptesicus serotinus,0.011,0.027,-1,Echolocation,/mnt/ubna_data_01_mir/recover-20220825/UBNA_002/20220823_033000.WAV,Telephone Field,recover-20220825,002,1795
795.9015,795.9092,46953,56464,Pipistrellus pipistrellus,0.021,0.045,-1,Echolocation,/mnt/ubna_data_01_mir/recover-20220825/UBNA_002/20220823_033000.WAV,Telephone Field,recover-20220825,002,1795
795.9045,795.9109,34062,78935,Myotis brandtii,0.319,0.444,-1,Echolocation,/mnt/ubna_data_01_mir/recover-20220825/UBNA_002/20220823_033000.WAV,Telephone Field,recover-20220825,002,1795
795.9125,795.9176,36640,61917,Myotis brandtii,0.019,0.035,-1,Echolocation,/mnt/ubna_data_01_mir/recover-20220825/UBNA_002/20220823_033000.WAV,Telephone Field,recover-20220825,002,1795
795.9175,795.9533,68437,81695,Rhinolophus ferrumequinum,0.021,0.021,-1,Echolocation,/mnt/ubna_data_01_mir/recover-20220825/UBNA_002/20220823_033000.WAV,Telephone Field,recover-20220825,002,1795
795.9385,795.9453,28046,35994,Eptesicus serotinus,0.006,0.021,-1,Echolocation,/mnt/ubna_data_01_mir/recover-20220825/UBNA_002/20220823_033000.WAV,Telephone Field,recover-20220825,002,1795
795.9515,795.9577,37500,74897,Myotis brandtii,0.317,0.419,-1,Echolocation,/mnt/ubna_data_01_mir/recover-20220825/UBNA_002/20220823_033000.WAV,Telephone Field,recover-20220825,002,1795
795.9905,795.9962,38359,74394,Myotis brandtii,0.244,0.367,-1,Echolocation,/mnt/ubna_data_01_mir/recover-20220825/UBNA_002/20220823_033000.WAV,Telephone Field,recover-20220825,002,1795
796.0015,796.0166,20312,28571,Nyctalus noctula,0.008,0.021,-1,Echolocation,/mnt/ubna_data_01_mir/recover-20220825/UBNA_002/20220823_033000.WAV,Telephone Field,recover-20220825,002,1795
796.0015,796.0315,68437,82884,Rhinolophus ferrumequinum,0.058,0.058,-1,Echolocation,/mnt/ubna_data_01_mir/recover-20220825/UBNA_002/20220823_033000.WAV,Telephone Field,recover-20220825,002,1795
796.0075,796.0481,68437,82924,Rhinolophus ferrumequinum,0.027,0.027,-1,Echolocation,/mnt/ubna_data_01_mir/recover-20220825/UBNA_002/20220823_033000.WAV,Telephone Field,recover-20220825,002,1795
796.0075,796.0119,40078,70254,Myotis brandtii,0.25,0.364,-1,Echolocation,/mnt/ubna_data_01_mir/recover-20220825/UBNA_002/20220823_033000.WAV,Telephone Field,recover-20220825,002,1795
796.0115,796.0255,20312,27564,Nyctalus noctula,0.012,0.021,-1,Echolocation,/mnt/ubna_data_01_mir/recover-20220825/UBNA_002/20220823_033000.WAV,Telephone Field,recover-20220825,002,1795
796.0225,796.0276,35781,73647,Myotis brandtii,0.192,0.246,-1,Echolocation,/mnt/ubna_data_01_mir/recover-20220825/UBNA_002/20220823_033000.WAV,Telephone Field,recover-20220825,002,1795
796.0305,796.0396,27187,35922,Eptesicus serotinus,0.008,0.021,-1,Echolocation,/mnt/ubna_data_01_mir/recover-20220825/UBNA_002/20220823_033000.WAV,Telephone Field,recover-20220825,002,1795
796.0315,796.0645,68437,81418,Rhinolophus ferrumequinum,0.022,0.022,-1,Echolocation,/mnt/ubna_data_01_mir/recover-20220825/UBNA_002/20220823_033000.WAV,Telephone Field,recover-20220825,002,1795
796.0485,796.0536,40937,64288,Myotis brandtii,0.04,0.067,-1,Echolocation,/mnt/ubna_data_01_mir/recover-20220825/UBNA_002/20220823_033000.WAV,Telephone Field,recover-20220825,002,1795
796.0595,796.0648,41796,64417,Myotis brandtii,0.208,0.333,-1,Echolocation,/mnt/ubna_data_01_mir/recover-20220825/UBNA_002/20220823_033000.WAV,Telephone Field,recover-20220825,002,1795
796.0705,796.0763,41796,57670,Myotis brandtii,0.036,0.071,-1,Echolocation,/mnt/ubna_data_01_mir/recover-20220825/UBNA_002/20220823_033000.WAV,Telephone Field,recover-20220825,002,1795
796.0715,796.0773,30625,77100,Myotis brandtii,0.025,0.04,-1,Echolocation,/mnt/ubna_data_01_mir/recover-20220825/UBNA_002/20220823_033000.WAV,Telephone Field,recover-20220825,002,1795
796.0845,796.0912,44375,53648,Pipistrellus nathusii,0.04,0.059,-1,Echolocation,/mnt/ubna_data_01_mir/recover-20220825/UBNA_002/20220823_033000.WAV,Telephone Field,recover-20220825,002,1795
796.0845,796.0896,34921,80129,Myotis brandtii,0.052,0.066,-1,Echolocation,/mnt/ubna_data_01_mir/recover-20220825/UBNA_002/20220823_033000.WAV,Telephone Field,recover-20220825,002,1795
796.0945,796.0998,38359,66928,Myotis brandtii,0.032,0.064,-1,Echolocation,/mnt/ubna_data_01_mir/recover-20220825/UBNA_002/20220823_033000.WAV,Telephone Field,recover-20220825,002,1795
796.1045,796.1121,44375,54692,Pipistrellus nathusii,0.032,0.064,-1,Echolocation,/mnt/ubna_data_01_mir/recover-20220825/UBNA_002/20220823_033000.WAV,Telephone Field,recover-20220825,002,1795
796.1045,796.1099,37500,70502,Myotis brandtii,0.036,0.059,-1,Echolocation,/mnt/ubna_data_01_mir/recover-20220825/UBNA_002/20220823_033000.WAV,Telephone Field,recover-20220825,002,1795
796.1055,796.111,31484,78375,Myotis brandtii,0.035,0.052,-1,Echolocation,/mnt/ubna_data_01_mir/recover-20220825/UBNA_002/20220823_033000.WAV,Telephone Field,recover-20220825,002,1795
796.1145,796.1206999999999,43515,52143,Pipistrellus nathusii,0.025,0.057,-1,Echolocation,/mnt/ubna_data_01_mir/recover-20220825/UBNA_002/20220823_033000.WAV,Telephone Field,recover-20220825,002,1795
796.1175,796.1232,31484,77535,Myotis brandtii,0.023,0.034,-1,Echolocation,/mnt/ubna_data_01_mir/recover-20220825/UBNA_002/20220823_033000.WAV,Telephone Field,recover-20220825,002,1795
796.1225,796.1285,40078,60521,Myotis daubentonii,0.014,0.031,-1,Echolocation,/mnt/ubna_data_01_mir/recover-20220825/UBNA_002/20220823_033000.WAV,Telephone Field,recover-20220825,002,1795
796.1365,796.1425,30625,76632,Myotis brandtii,0.027,0.055,-1,Echolocation,/mnt/ubna_data_01_mir/recover-20220825/UBNA_002/20220823_033000.WAV,Telephone Field,recover-20220825,002,1795
796.1485,796.1545,25468,51845,Myotis nattereri,0.01,0.027,-1,Echolocation,/mnt/ubna_data_01_mir/recover-20220825/UBNA_002/20220823_033000.WAV,Telephone Field,recover-20220825,002,1795
796.1615,796.1664,23750,42044,Myotis nattereri,0.011,0.033,-1,Echolocation,/mnt/ubna_data_01_mir/recover-20220825/UBNA_002/20220823_033000.WAV,Telephone Field,recover-20220825,002,1795
796.1745,796.2146,68437,82090,Rhinolophus ferrumequinum,0.021,0.021,-1,Echolocation,/mnt/ubna_data_01_mir/recover-20220825/UBNA_002/20220823_033000.WAV,Telephone Field,recover-20220825,002,1795
796.1805,796.188,51250,59452,Pipistrellus pipistrellus,0.013,0.021,-1,Echolocation,/mnt/ubna_data_01_mir/recover-20220825/UBNA_002/20220823_033000.WAV,Telephone Field,recover-20220825,002,1795
796.1895,796.1957,24609,35778,Plecotus auritus,0.004,0.021,-1,Echolocation,/mnt/ubna_data_01_mir/recover-20220825/UBNA_002/20220823_033000.WAV,Telephone Field,recover-20220825,002,1795
796.1995,796.2083,45234,55107,Pipistrellus pipistrellus,0.012,0.024,-1,Echolocation,/mnt/ubna_data_01_mir/recover-20220825/UBNA_002/20220823_033000.WAV,Telephone Field,recover-20220825,002,1795
796.2235000000001,796.2315,42656,52734,Pipistrellus nathusii,0.006,0.021,-1,Echolocation,/mnt/ubna_data_01_mir/recover-20220825/UBNA_002/20220823_033000.WAV,Telephone Field,recover-20220825,002,1795
796.2555,796.2637,28906,41038,Myotis daubentonii,0.006,0.021,-1,Echolocation,/mnt/ubna_data_01_mir/recover-20220825/UBNA_002/20220823_033000.WAV,Telephone Field,recover-20220825,002,1795
796.2675,796.2747,42656,58099,Myotis brandtii,0.013,0.03,-1,Echolocation,/mnt/ubna_data_01_mir/recover-20220825/UBNA_002/20220823_033000.WAV,Telephone Field,recover-20220825,002,1795
796.2685,796.2742,34062,60783,Myotis brandtii,0.015,0.025,-1,Echolocation,/mnt/ubna_data_01_mir/recover-20220825/UBNA_002/20220823_033000.WAV,Telephone Field,recover-20220825,002,1795
796.2725,796.2801,57265,67239,Pipistrellus pygmaeus,0.026,0.026,-1,Echolocation,/mnt/ubna_data_01_mir/recover-20220825/UBNA_002/20220823_033000.WAV,Telephone Field,recover-20220825,002,1795
796.3135,796.32,39218,67720,Myotis brandtii,0.219,0.345,-1,Echolocation,/mnt/ubna_data_01_mir/recover-20220825/UBNA_002/20220823_033000.WAV,Telephone Field,recover-20220825,002,1795
796.3675,796.3751,56406,60747,Pipistrellus pygmaeus,0.041,0.042,-1,Echolocation,/mnt/ubna_data_01_mir/recover-20220825/UBNA_002/20220823_033000.WAV,Telephone Field,recover-20220825,002,1795
796.3755,796.3823,27187,38450,Eptesicus serotinus,0.007,0.022,-1,Echolocation,/mnt/ubna_data_01_mir/recover-20220825/UBNA_002/20220823_033000.WAV,Telephone Field,recover-20220825,002,1795
796.3795,796.4181,68437,82120,Rhinolophus ferrumequinum,0.02,0.02,-1,Echolocation,/mnt/ubna_data_01_mir/recover-20220825/UBNA_002/20220823_033000.WAV,Telephone Field,recover-20220825,002,1795
796.3965,796.4036,39218,71877,Pipistrellus nathusii,0.266,0.471,-1,Echolocation,/mnt/ubna_data_01_mir/recover-20220825/UBNA_002/20220823_033000.WAV,Telephone Field,recover-20220825,002,1795
796.3975,796.4072,56406,63158,Pipistrellus pygmaeus,0.02,0.021,-1,Echolocation,/mnt/ubna_data_01_mir/recover-20220825/UBNA_002/20220823_033000.WAV,Telephone Field,recover-20220825,002,1795
796.4045,796.4098,35781,63757,Myotis brandtii,0.031,0.043,-1,Echolocation,/mnt/ubna_data_01_mir/recover-20220825/UBNA_002/20220823_033000.WAV,Telephone Field,recover-20220825,002,1795
796.4085,796.4172,27187,37982,Eptesicus serotinus,0.007,0.022,-1,Echolocation,/mnt/ubna_data_01_mir/recover-20220825/UBNA_002/20220823_033000.WAV,Telephone Field,recover-20220825,002,1795
796.4295,796.4374,28046,37182,Eptesicus serotinus,0.01,0.027,-1,Echolocation,/mnt/ubna_data_01_mir/recover-20220825/UBNA_002/20220823_033000.WAV,Telephone Field,recover-20220825,002,1795
796.4975,796.5037,34921,54334,Myotis brandtii,0.01,0.024,-1,Echolocation,/mnt/ubna_data_01_mir/recover-20220825/UBNA_002/20220823_033000.WAV,Telephone Field,recover-20220825,002,1795
796.5165,796.5261,51250,62367,Pipistrellus pygmaeus,0.018,0.039,-1,Echolocation,/mnt/ubna_data_01_mir/recover-20220825/UBNA_002/20220823_033000.WAV,Telephone Field,recover-20220825,002,1795
796.5195,796.5267,36640,76996,Myotis brandtii,0.317,0.387,-1,Echolocation,/mnt/ubna_data_01_mir/recover-20220825/UBNA_002/20220823_033000.WAV,Telephone Field,recover-20220825,002,1795
796.5305,796.54,27187,35980,Eptesicus serotinus,0.008,0.021,-1,Echolocation,/mnt/ubna_data_01_mir/recover-20220825/UBNA_002/20220823_033000.WAV,Telephone Field,recover-20220825,002,1795
796.5865,796.5931,30625,37406,Myotis daubentonii,0.008,0.022,-1,Echolocation,/mnt/ubna_data_01_mir/recover-20220825/UBNA_002/20220823_033000.WAV,Telephone Field,recover-20220825,002,1795
796.6015,796.6091,36640,76859,Myotis brandtii,0.363,0.426,-1,Echolocation,/mnt/ubna_data_01_mir/recover-20220825/UBNA_002/20220823_033000.WAV,Telephone Field,recover-20220825,002,1795
796.6375,796.6436,48671,56031,Pipistrellus pipistrellus,0.029,0.032,-1,Echolocation,/mnt/ubna_data_01_mir/recover-20220825/UBNA_002/20220823_033000.WAV,Telephone Field,recover-20220825,002,1795
796.6385,796.6456000000001,56406,62759,Pipistrellus pygmaeus,0.027,0.027,-1,Echolocation,/mnt/ubna_data_01_mir/recover-20220825/UBNA_002/20220823_033000.WAV,Telephone Field,recover-20220825,002,1795
796.6395,796.6799,68437,82713,Rhinolophus ferrumequinum,0.021,0.021,-1,Echolocation,/mnt/ubna_data_01_mir/recover-20220825/UBNA_002/20220823_033000.WAV,Telephone Field,recover-20220825,002,1795
796.6485,796.6859,68437,81919,Rhinolophus ferrumequinum,0.021,0.021,-1,Echolocation,/mnt/ubna_data_01_mir/recover-20220825/UBNA_002/20220823_033000.WAV,Telephone Field,recover-20220825,002,1795
796.6525,796.6601,49531,56979,Pipistrellus pipistrellus,0.021,0.025,-1,Echolocation,/mnt/ubna_data_01_mir/recover-20220825/UBNA_002/20220823_033000.WAV,Telephone Field,recover-20220825,002,1795
796.6965,796.7055,49531,62629,Pipistrellus pygmaeus,0.014,0.043,-1,Echolocation,/mnt/ubna_data_01_mir/recover-20220825/UBNA_002/20220823_033000.WAV,Telephone Field,recover-20220825,002,1795
796.7005,796.7067,25468,89642,Myotis bechsteinii,0.074,0.098,-1,Echolocation,/mnt/ubna_data_01_mir/recover-20220825/UBNA_002/20220823_033000.WAV,Telephone Field,recover-20220825,002,1795
796.7005,796.7074,38359,74957,Pipistrellus nathusii,0.252,0.445,-1,Echolocation,/mnt/ubna_data_01_mir/recover-20220825/UBNA_002/20220823_033000.WAV,Telephone Field,recover-20220825,002,1795
796.7265,796.7354,25468,33870,Eptesicus serotinus,0.007,0.021,-1,Echolocation,/mnt/ubna_data_01_mir/recover-20220825/UBNA_002/20220823_033000.WAV,Telephone Field,recover-20220825,002,1795
796.7545,796.7641,27187,37858,Eptesicus serotinus,0.013,0.027,-1,Echolocation,/mnt/ubna_data_01_mir/recover-20220825/UBNA_002/20220823_033000.WAV,Telephone Field,recover-20220825,002,1795
796.7815,796.7902,49531,62946,Pipistrellus pipistrellus,0.011,0.026,-1,Echolocation,/mnt/ubna_data_01_mir/recover-20220825/UBNA_002/20220823_033000.WAV,Telephone Field,recover-20220825,002,1795
796.7825,796.794,53828,65020,Pipistrellus pygmaeus,0.02,0.025,-1,Echolocation,/mnt/ubna_data_01_mir/recover-20220825/UBNA_002/20220823_033000.WAV,Telephone Field,recover-20220825,002,1795
796.7825,796.7906,35781,83543,Myotis brandtii,0.282,0.349,-1,Echolocation,/mnt/ubna_data_01_mir/recover-20220825/UBNA_002/20220823_033000.WAV,Telephone Field,recover-20220825,002,1795
796.7905,796.796,38359,53771,Myotis brandtii,0.018,0.035,-1,Echolocation,/mnt/ubna_data_01_mir/recover-20220825/UBNA_002/20220823_033000.WAV,Telephone Field,recover-20220825,002,1795
796.7925,796.7986,32343,44652,Myotis daubentonii,0.013,0.03,-1,Echolocation,/mnt/ubna_data_01_mir/recover-20220825/UBNA_002/20220823_033000.WAV,Telephone Field,recover-20220825,002,1795
796.8845,796.8921,37500,56624,Myotis brandtii,0.018,0.03,-1,Echolocation,/mnt/ubna_data_01_mir/recover-20220825/UBNA_002/20220823_033000.WAV,Telephone Field,recover-20220825,002,1795
796.8965,796.9319,68437,81293,Rhinolophus ferrumequinum,0.022,0.022,-1,Echolocation,/mnt/ubna_data_01_mir/recover-20220825/UBNA_002/20220823_033000.WAV,Telephone Field,recover-20220825,002,1795
796.9005,796.9088,46093,51993,Pipistrellus pipistrellus,0.018,0.023,-1,Echolocation,/mnt/ubna_data_01_mir/recover-20220825/UBNA_002/20220823_033000.WAV,Telephone Field,recover-20220825,002,1795
796.9005,796.9057,29765,38223,Myotis daubentonii,0.009,0.024,-1,Echolocation,/mnt/ubna_data_01_mir/recover-20220825/UBNA_002/20220823_033000.WAV,Telephone Field,recover-20220825,002,1795
796.9105,796.9214,53828,64820,Pipistrellus pygmaeus,0.029,0.034,-1,Echolocation,/mnt/ubna_data_01_mir/recover-20220825/UBNA_002/20220823_033000.WAV,Telephone Field,recover-20220825,002,1795
796.9125,796.9207,36640,85497,Myotis brandtii,0.292,0.331,-1,Echolocation,/mnt/ubna_data_01_mir/recover-20220825/UBNA_002/20220823_033000.WAV,Telephone Field,recover-20220825,002,1795
797.0035,797.0224,63281,72954,Rhinolophus ferrumequinum,0.016,0.021,-1,Echolocation,/mnt/ubna_data_01_mir/recover-20220825/UBNA_002/20220823_033000.WAV,Telephone Field,recover-20220825,002,1795
797.0035,797.0124,33203,92375,Myotis brandtii,0.343,0.374,-1,Echolocation,/mnt/ubna_data_01_mir/recover-20220825/UBNA_002/20220823_033000.WAV,Telephone Field,recover-20220825,002,1795
797.0125,797.0191,38359,51713,Pipistrellus nathusii,0.015,0.027,-1,Echolocation,/mnt/ubna_data_01_mir/recover-20220825/UBNA_002/20220823_033000.WAV,Telephone Field,recover-20220825,002,1795
797.0515,797.0613,28046,36770,Eptesicus serotinus,0.019,0.037,-1,Echolocation,/mnt/ubna_data_01_mir/recover-20220825/UBNA_002/20220823_033000.WAV,Telephone Field,recover-20220825,002,1795
797.0695,797.0775,46093,51127,Pipistrellus pipistrellus,0.028,0.033,-1,Echolocation,/mnt/ubna_data_01_mir/recover-20220825/UBNA_002/20220823_033000.WAV,Telephone Field,recover-20220825,002,1795
797.0725,797.1138,68437,82509,Rhinolophus ferrumequinum,0.022,0.022,-1,Echolocation,/mnt/ubna_data_01_mir/recover-20220825/UBNA_002/20220823_033000.WAV,Telephone Field,recover-20220825,002,1795
797.0965,797.1102,54687,63802,Pipistrellus pygmaeus,0.018,0.024,-1,Echolocation,/mnt/ubna_data_01_mir/recover-20220825/UBNA_002/20220823_033000.WAV,Telephone Field,recover-20220825,002,1795
797.0965,797.1048,34062,86454,Myotis brandtii,0.292,0.343,-1,Echolocation,/mnt/ubna_data_01_mir/recover-20220825/UBNA_002/20220823_033000.WAV,Telephone Field,recover-20220825,002,1795
797.0965,797.1359,68437,83271,Rhinolophus ferrumequinum,0.048,0.048,-1,Echolocation,/mnt/ubna_data_01_mir/recover-20220825/UBNA_002/20220823_033000.WAV,Telephone Field,recover-20220825,002,1795
797.1045,797.1108,38359,54203,Pipistrellus nathusii,0.014,0.029,-1,Echolocation,/mnt/ubna_data_01_mir/recover-20220825/UBNA_002/20220823_033000.WAV,Telephone Field,recover-20220825,002,1795
797.1065,797.138,68437,80417,Rhinolophus ferrumequinum,0.023,0.023,-1,Echolocation,/mnt/ubna_data_01_mir/recover-20220825/UBNA_002/20220823_033000.WAV,Telephone Field,recover-20220825,002,1795
797.1295,797.1717,68437,83014,Rhinolophus ferrumequinum,0.023,0.023,-1,Echolocation,/mnt/ubna_data_01_mir/recover-20220825/UBNA_002/20220823_033000.WAV,Telephone Field,recover-20220825,002,1795
797.1905,797.2067,62421,77285,Rhinolophus ferrumequinum,0.013,0.025,-1,Echolocation,/mnt/ubna_data_01_mir/recover-20220825/UBNA_002/20220823_033000.WAV,Telephone Field,recover-20220825,002,1795
797.1905,797.199,34062,87908,Myotis brandtii,0.351,0.38,-1,Echolocation,/mnt/ubna_data_01_mir/recover-20220825/UBNA_002/20220823_033000.WAV,Telephone Field,recover-20220825,002,1795
797.1915,797.2024,55546,67975,Pipistrellus pygmaeus,0.027,0.03,-1,Echolocation,/mnt/ubna_data_01_mir/recover-20220825/UBNA_002/20220823_033000.WAV,Telephone Field,recover-20220825,002,1795
797.2005,797.2065,30625,42776,Myotis daubentonii,0.009,0.027,-1,Echolocation,/mnt/ubna_data_01_mir/recover-20220825/UBNA_002/20220823_033000.WAV,Telephone Field,recover-20220825,002,1795
797.2475,797.2573,27187,35736,Eptesicus serotinus,0.009,0.021,-1,Echolocation,/mnt/ubna_data_01_mir/recover-20220825/UBNA_002/20220823_033000.WAV,Telephone Field,recover-20220825,002,1795
797.3045,797.3105,41796,72008,Pipistrellus nathusii,0.103,0.203,-1,Echolocation,/mnt/ubna_data_01_mir/recover-20220825/UBNA_002/20220823_033000.WAV,Telephone Field,recover-20220825,002,1795
797.3065,797.3149,34062,94724,Myotis brandtii,0.3,0.322,-1,Echolocation,/mnt/ubna_data_01_mir/recover-20220825/UBNA_002/20220823_033000.WAV,Telephone Field,recover-20220825,002,1795
797.3735,797.383,58125,63914,Pipistrellus pygmaeus,0.021,0.022,-1,Echolocation,/mnt/ubna_data_01_mir/recover-20220825/UBNA_002/20220823_033000.WAV,Telephone Field,recover-20220825,002,1795
797.4025,797.4114,34921,85632,Myotis brandtii,0.251,0.278,-1,Echolocation,/mnt/ubna_data_01_mir/recover-20220825/UBNA_002/20220823_033000.WAV,Telephone Field,recover-20220825,002,1795
797.4035,797.4096,26328,92396,Myotis bechsteinii,0.086,0.178,-1,Echolocation,/mnt/ubna_data_01_mir/recover-20220825/UBNA_002/20220823_033000.WAV,Telephone Field,recover-20220825,002,1795
797.4105,797.4163,38359,59034,Myotis brandtii,0.02,0.035,-1,Echolocation,/mnt/ubna_data_01_mir/recover-20220825/UBNA_002/20220823_033000.WAV,Telephone Field,recover-20220825,002,1795
797.4185,797.4523,68437,80774,Rhinolophus ferrumequinum,0.021,0.021,-1,Echolocation,/mnt/ubna_data_01_mir/recover-20220825/UBNA_002/20220823_033000.WAV,Telephone Field,recover-20220825,002,1795
797.4505,797.4873,68437,81177,Rhinolophus ferrumequinum,0.02,0.021,-1,Echolocation,/mnt/ubna_data_01_mir/recover-20220825/UBNA_002/20220823_033000.WAV,Telephone Field,recover-20220825,002,1795
797.4925,797.5007,31484,94790,Myotis brandtii,0.193,0.203,-1,Echolocation,/mnt/ubna_data_01_mir/recover-20220825/UBNA_002/20220823_033000.WAV,Telephone Field,recover-20220825,002,1795
797.4935,797.4997,40937,66850,Pipistrellus nathusii,0.607,0.613,-1,Echolocation,/mnt/ubna_data_01_mir/recover-20220825/UBNA_002/20220823_033000.WAV,Telephone Field,recover-20220825,002,1795
797.4935,797.5003,11718,84084,Myotis bechsteinii,0.016,0.036,-1,Echolocation,/mnt/ubna_data_01_mir/recover-20220825/UBNA_002/20220823_033000.WAV,Telephone Field,recover-20220825,002,1795
797.5015,797.5067,33203,57849,Myotis brandtii,0.015,0.022,-1,Echolocation,/mnt/ubna_data_01_mir/recover-20220825/UBNA_002/20220823_033000.WAV,Telephone Field,recover-20220825,002,1795
797.5015,797.5082,40078,53168,Pipistrellus nathusii,0.048,0.058,-1,Echolocation,/mnt/ubna_data_01_mir/recover-20220825/UBNA_002/20220823_033000.WAV,Telephone Field,recover-20220825,002,1795
797.5045,797.5145,15156,28261,Nyctalus noctula,0.01,0.021,-1,Echolocation,/mnt/ubna_data_01_mir/recover-20220825/UBNA_002/20220823_033000.WAV,Telephone Field,recover-20220825,002,1795
797.5225,797.5578,68437,81209,Rhinolophus ferrumequinum,0.021,0.021,-1,Echolocation,/mnt/ubna_data_01_mir/recover-20220825/UBNA_002/20220823_033000.WAV,Telephone Field,recover-20220825,002,1795
797.5325,797.5396,27187,37440,Eptesicus serotinus,0.006,0.02,-1,Echolocation,/mnt/ubna_data_01_mir/recover-20220825/UBNA_002/20220823_033000.WAV,Telephone Field,recover-20220825,002,1795
797.5535,797.5632,27187,36942,Eptesicus serotinus,0.013,0.028,-1,Echolocation,/mnt/ubna_data_01_mir/recover-20220825/UBNA_002/20220823_033000.WAV,Telephone Field,recover-20220825,002,1795
797.5825,797.5899,37500,73660,Pipistrellus nathusii,0.342,0.443,-1,Echolocation,/mnt/ubna_data_01_mir/recover-20220825/UBNA_002/20220823_033000.WAV,Telephone Field,recover-20220825,002,1795
797.5825,797.5919,49531,62033,Pipistrellus pipistrellus,0.017,0.031,-1,Echolocation,/mnt/ubna_data_01_mir/recover-20220825/UBNA_002/20220823_033000.WAV,Telephone Field,recover-20220825,002,1795
797.5905,797.5965,38359,58243,Myotis brandtii,0.02,0.037,-1,Echolocation,/mnt/ubna_data_01_mir/recover-20220825/UBNA_002/20220823_033000.WAV,Telephone Field,recover-20220825,002,1795
797.5985000000001,797.6055,47812,54088,Pipistrellus pipistrellus,0.018,0.022,-1,Echolocation,/mnt/ubna_data_01_mir/recover-20220825/UBNA_002/20220823_033000.WAV,Telephone Field,recover-20220825,002,1795
797.5995,797.6048,35781,59895,Myotis brandtii,0.012,0.023,-1,Echolocation,/mnt/ubna_data_01_mir/recover-20220825/UBNA_002/20220823_033000.WAV,Telephone Field,recover-20220825,002,1795
797.6205,797.6312,28046,35772,Eptesicus serotinus,0.01,0.023,-1,Echolocation,/mnt/ubna_data_01_mir/recover-20220825/UBNA_002/20220823_033000.WAV,Telephone Field,recover-20220825,002,1795
797.6425,797.6799,68437,81616,Rhinolophus ferrumequinum,0.021,0.021,-1,Echolocation,/mnt/ubna_data_01_mir/recover-20220825/UBNA_002/20220823_033000.WAV,Telephone Field,recover-20220825,002,1795
797.6465,797.6575,48671,56309,Pipistrellus pipistrellus,0.013,0.024,-1,Echolocation,/mnt/ubna_data_01_mir/recover-20220825/UBNA_002/20220823_033000.WAV,Telephone Field,recover-20220825,002,1795
797.6535,797.6607,39218,71017,Myotis brandtii,0.181,0.359,-1,Echolocation,/mnt/ubna_data_01_mir/recover-20220825/UBNA_002/20220823_033000.WAV,Telephone Field,recover-20220825,002,1795
797.6555,797.6610000000001,48671,56097,Pipistrellus pipistrellus,0.018,0.033,-1,Echolocation,/mnt/ubna_data_01_mir/recover-20220825/UBNA_002/20220823_033000.WAV,Telephone Field,recover-20220825,002,1795
797.6625,797.6681,37500,65402,Myotis brandtii,0.019,0.025,-1,Echolocation,/mnt/ubna_data_01_mir/recover-20220825/UBNA_002/20220823_033000.WAV,Telephone Field,recover-20220825,002,1795
797.7155,797.7222,28046,35831,Eptesicus serotinus,0.006,0.02,-1,Echolocation,/mnt/ubna_data_01_mir/recover-20220825/UBNA_002/20220823_033000.WAV,Telephone Field,recover-20220825,002,1795
797.7295,797.7369,40078,73912,Pipistrellus nathusii,0.34,0.487,-1,Echolocation,/mnt/ubna_data_01_mir/recover-20220825/UBNA_002/20220823_033000.WAV,Telephone Field,recover-20220825,002,1795
797.7425,797.7746,68437,80372,Rhinolophus ferrumequinum,0.023,0.023,-1,Echolocation,/mnt/ubna_data_01_mir/recover-20220825/UBNA_002/20220823_033000.WAV,Telephone Field,recover-20220825,002,1795
797.7625,797.7997,68437,81468,Rhinolophus ferrumequinum,0.021,0.021,-1,Echolocation,/mnt/ubna_data_01_mir/recover-20220825/UBNA_002/20220823_033000.WAV,Telephone Field,recover-20220825,002,1795
797.8145,797.8214,34921,52385,Myotis brandtii,0.009,0.021,-1,Echolocation,/mnt/ubna_data_01_mir/recover-20220825/UBNA_002/20220823_033000.WAV,Telephone Field,recover-20220825,002,1795
797.8185,797.837,20312,24827,Nyctalus noctula,0.014,0.03,-1,Echolocation,/mnt/ubna_data_01_mir/recover-20220825/UBNA_002/20220823_033000.WAV,Telephone Field,recover-20220825,002,1795
797.8365,797.8427,33203,62603,Myotis brandtii,0.012,0.021,-1,Echolocation,/mnt/ubna_data_01_mir/recover-20220825/UBNA_002/20220823_033000.WAV,Telephone Field,recover-20220825,002,1795
797.8635,797.871,36640,72265,Pipistrellus nathusii,0.17,0.36,-1,Echolocation,/mnt/ubna_data_01_mir/recover-20220825/UBNA_002/20220823_033000.WAV,Telephone Field,recover-20220825,002,1795
797.8735,797.8785,33203,60303,Myotis brandtii,0.021,0.03,-1,Echolocation,/mnt/ubna_data_01_mir/recover-20220825/UBNA_002/20220823_033000.WAV,Telephone Field,recover-20220825,002,1795
797.9155,797.9264000000001,51250,57849,Pipistrellus pipistrellus,0.009,0.021,-1,Echolocation,/mnt/ubna_data_01_mir/recover-20220825/UBNA_002/20220823_033000.WAV,Telephone Field,recover-20220825,002,1795
797.9225,797.9297,34062,83221,Myotis brandtii,0.365,0.412,-1,Echolocation,/mnt/ubna_data_01_mir/recover-20220825/UBNA_002/20220823_033000.WAV,Telephone Field,recover-20220825,002,1795
797.9305,797.936,34062,64539,Myotis brandtii,0.024,0.033,-1,Echolocation,/mnt/ubna_data_01_mir/recover-20220825/UBNA_002/20220823_033000.WAV,Telephone Field,recover-20220825,002,1795
797.9745,797.9837,28046,34959,Eptesicus serotinus,0.008,0.022,-1,Echolocation,/mnt/ubna_data_01_mir/recover-20220825/UBNA_002/20220823_033000.WAV,Telephone Field,recover-20220825,002,1795
797.9815,797.9902,50390,56254,Pipistrellus pipistrellus,0.013,0.022,-1,Echolocation,/mnt/ubna_data_01_mir/recover-20220825/UBNA_002/20220823_033000.WAV,Telephone Field,recover-20220825,002,1795
797.9895,797.9968,37500,72163,Myotis brandtii,0.166,0.356,-1,Echolocation,/mnt/ubna_data_01_mir/recover-20220825/UBNA_002/20220823_033000.WAV,Telephone Field,recover-20220825,002,1795
797.9905,797.9967,26328,92569,Myotis bechsteinii,0.047,0.095,-1,Echolocation,/mnt/ubna_data_01_mir/recover-20220825/UBNA_002/20220823_033000.WAV,Telephone Field,recover-20220825,002,1795
798.0015,798.0286,68437,80578,Rhinolophus ferrumequinum,0.027,0.028,-1,Echolocation,/mnt/ubna_data_01_mir/recover-20220825/UBNA_002/20220823_033000.WAV,Telephone Field,recover-20220825,002,1795
798.0015,798.0108,24609,38133,Nyctalus leisleri,0.009,0.037,-1,Echolocation,/mnt/ubna_data_01_mir/recover-20220825/UBNA_002/20220823_033000.WAV,Telephone Field,recover-20220825,002,1795
798.0015,798.0077,34062,65610,Myotis brandtii,0.032,0.053,-1,Echolocation,/mnt/ubna_data_01_mir/recover-20220825/UBNA_002/20220823_033000.WAV,Telephone Field,recover-20220825,002,1795
798.0015,798.0066,40937,60878,Myotis brandtii,0.041,0.076,-1,Echolocation,/mnt/ubna_data_01_mir/recover-20220825/UBNA_002/20220823_033000.WAV,Telephone Field,recover-20220825,002,1795
798.0015,798.0135,16875,26120,Nyctalus noctula,0.013,0.026,-1,Echolocation,/mnt/ubna_data_01_mir/recover-20220825/UBNA_002/20220823_033000.WAV,Telephone Field,recover-20220825,002,1795
798.0155,798.0269,28046,34513,Eptesicus serotinus,0.01,0.022,-1,Echolocation,/mnt/ubna_data_01_mir/recover-20220825/UBNA_002/20220823_033000.WAV,Telephone Field,recover-20220825,002,1795
798.0715,798.1119,68437,82890,Rhinolophus ferrumequinum,0.03,0.03,-1,Echolocation,/mnt/ubna_data_01_mir/recover-20220825/UBNA_002/20220823_033000.WAV,Telephone Field,recover-20220825,002,1795
798.0785,798.0887,50390,57078,Pipistrellus pygmaeus,0.021,0.037,-1,Echolocation,/mnt/ubna_data_01_mir/recover-20220825/UBNA_002/20220823_033000.WAV,Telephone Field,recover-20220825,002,1795
798.0805,798.0872,37500,66631,Pipistrellus nathusii,0.193,0.442,-1,Echolocation,/mnt/ubna_data_01_mir/recover-20220825/UBNA_002/20220823_033000.WAV,Telephone Field,recover-20220825,002,1795
798.0815,798.0868,27187,81219,Myotis bechsteinii,0.11,0.139,-1,Echolocation,/mnt/ubna_data_01_mir/recover-20220825/UBNA_002/20220823_033000.WAV,Telephone Field,recover-20220825,002,1795
798.0905,798.096,33203,57585,Myotis brandtii,0.017,0.033,-1,Echolocation,/mnt/ubna_data_01_mir/recover-20220825/UBNA_002/20220823_033000.WAV,Telephone Field,recover-20220825,002,1795
798.1555,798.1635,28046,34363,Eptesicus serotinus,0.008,0.023,-1,Echolocation,/mnt/ubna_data_01_mir/recover-20220825/UBNA_002/20220823_033000.WAV,Telephone Field,recover-20220825,002,1795
798.1645,798.1819,78750,95394,Rhinolophus hipposideros,0.026,0.026,-1,Echolocation,/mnt/ubna_data_01_mir/recover-20220825/UBNA_002/20220823_033000.WAV,Telephone Field,recover-20220825,002,1795
798.1665,798.177,48671,54243,Pipistrellus pipistrellus,0.018,0.038,-1,Echolocation,/mnt/ubna_data_01_mir/recover-20220825/UBNA_002/20220823_033000.WAV,Telephone Field,recover-20220825,002,1795
798.1685,798.1744,26328,83871,Myotis bechsteinii,0.169,0.217,-1,Echolocation,/mnt/ubna_data_01_mir/recover-20220825/UBNA_002/20220823_033000.WAV,Telephone Field,recover-20220825,002,1795
798.1685,798.1749,38359,67264,Pipistrellus nathusii,0.193,0.402,-1,Echolocation,/mnt/ubna_data_01_mir/recover-20220825/UBNA_002/20220823_033000.WAV,Telephone Field,recover-20220825,002,1795
798.1795,798.1846,32343,66677,Myotis brandtii,0.032,0.05,-1,Echolocation,/mnt/ubna_data_01_mir/recover-20220825/UBNA_002/20220823_033000.WAV,Telephone Field,recover-20220825,002,1795
798.1825,798.2138,68437,80861,Rhinolophus ferrumequinum,0.023,0.023,-1,Echolocation,/mnt/ubna_data_01_mir/recover-20220825/UBNA_002/20220823_033000.WAV,Telephone Field,recover-20220825,002,1795
798.2585,798.2699,48671,53771,Pipistrellus pipistrellus,0.018,0.032,-1,Echolocation,/mnt/ubna_data_01_mir/recover-20220825/UBNA_002/20220823_033000.WAV,Telephone Field,recover-20220825,002,1795
798.2595,798.2654,26328,89617,Myotis bechsteinii,0.095,0.123,-1,Echolocation,/mnt/ubna_data_01_mir/recover-20220825/UBNA_002/20220823_033000.WAV,Telephone Field,recover-20220825,002,1795
798.2595,798.2654,37500,62851,Pipistrellus nathusii,0.344,0.521,-1,Echolocation,/mnt/ubna_data_01_mir/recover-20220825/UBNA_002/20220823_033000.WAV,Telephone Field,recover-20220825,002,1795
798.2695,798.2748,28906,44518,Myotis daubentonii,0.01,0.024,-1,Echolocation,/mnt/ubna_data_01_mir/recover-20220825/UBNA_002/20220823_033000.WAV,Telephone Field,recover-20220825,002,1795
798.3115,798.3208,26328,33700,Eptesicus serotinus,0.012,0.026,-1,Echolocation,/mnt/ubna_data_01_mir/recover-20220825/UBNA_002/20220823_033000.WAV,Telephone Field,recover-20220825,002,1795
798.3465,798.3542,50390,59584,Pipistrellus pipistrellus,0.026,0.057,-1,Echolocation,/mnt/ubna_data_01_mir/recover-20220825/UBNA_002/20220823_033000.WAV,Telephone Field,recover-20220825,002,1795
798.3475,798.3541,37500,69922,Pipistrellus nathusii,0.31,0.451,-1,Echolocation,/mnt/ubna_data_01_mir/recover-20220825/UBNA_002/20220823_033000.WAV,Telephone Field,recover-20220825,002,1795
798.3485000000001,798.3545,26328,75316,Myotis bechsteinii,0.065,0.089,-1,Echolocation,/mnt/ubna_data_01_mir/recover-20220825/UBNA_002/20220823_033000.WAV,Telephone Field,recover-20220825,002,1795
798.3595,798.365,32343,69340,Myotis brandtii,0.037,0.051,-1,Echolocation,/mnt/ubna_data_01_mir/recover-20220825/UBNA_002/20220823_033000.WAV,Telephone Field,recover-20220825,002,1795
798.4055,798.4146,37500,43264,Pipistrellus nathusii,0.014,0.024,-1,Echolocation,/mnt/ubna_data_01_mir/recover-20220825/UBNA_002/20220823_033000.WAV,Telephone Field,recover-20220825,002,1795
798.4365,798.4438,48671,54882,Pipistrellus pipistrellus,0.013,0.024,-1,Echolocation,/mnt/ubna_data_01_mir/recover-20220825/UBNA_002/20220823_033000.WAV,Telephone Field,recover-20220825,002,1795
798.4385,798.4445,37500,59061,Pipistrellus nathusii,0.334,0.532,-1,Echolocation,/mnt/ubna_data_01_mir/recover-20220825/UBNA_002/20220823_033000.WAV,Telephone Field,recover-20220825,002,1795
798.4475,798.4553,26328,37628,Eptesicus serotinus,0.005,0.022,-1,Echolocation,/mnt/ubna_data_01_mir/recover-20220825/UBNA_002/20220823_033000.WAV,Telephone Field,recover-20220825,002,1795
798.4495,798.4553,34062,60483,Myotis brandtii,0.017,0.027,-1,Echolocation,/mnt/ubna_data_01_mir/recover-20220825/UBNA_002/20220823_033000.WAV,Telephone Field,recover-20220825,002,1795
798.4685,798.4847,22031,26886,Nyctalus noctula,0.02,0.047,-1,Echolocation,/mnt/ubna_data_01_mir/recover-20220825/UBNA_002/20220823_033000.WAV,Telephone Field,recover-20220825,002,1795
798.4755,798.4838,49531,54998,Pipistrellus pipistrellus,0.018,0.025,-1,Echolocation,/mnt/ubna_data_01_mir/recover-20220825/UBNA_002/20220823_033000.WAV,Telephone Field,recover-20220825,002,1795
798.4965,798.5053,28046,40371,Eptesicus serotinus,0.008,0.022,-1,Echolocation,/mnt/ubna_data_01_mir/recover-20220825/UBNA_002/20220823_033000.WAV,Telephone Field,recover-20220825,002,1795
798.5275,798.5342,36640,62017,Pipistrellus nathusii,0.427,0.593,-1,Echolocation,/mnt/ubna_data_01_mir/recover-20220825/UBNA_002/20220823_033000.WAV,Telephone Field,recover-20220825,002,1795
798.5375,798.5435,31484,47436,Myotis brandtii,0.009,0.025,-1,Echolocation,/mnt/ubna_data_01_mir/recover-20220825/UBNA_002/20220823_033000.WAV,Telephone Field,recover-20220825,002,1795
798.6165,798.6231,38359,51391,Pipistrellus nathusii,0.489,0.554,-1,Echolocation,/mnt/ubna_data_01_mir/recover-20220825/UBNA_002/20220823_033000.WAV,Telephone Field,recover-20220825,002,1795
798.6375,798.6463,54687,61714,Pipistrellus pygmaeus,0.023,0.024,-1,Echolocation,/mnt/ubna_data_01_mir/recover-20220825/UBNA_002/20220823_033000.WAV,Telephone Field,recover-20220825,002,1795
798.6835,798.6904,27187,39993,Eptesicus serotinus,0.006,0.021,-1,Echolocation,/mnt/ubna_data_01_mir/recover-20220825/UBNA_002/20220823_033000.WAV,Telephone Field,recover-20220825,002,1795
798.6985,798.7071,37500,46541,Pipistrellus nathusii,0.038,0.064,-1,Echolocation,/mnt/ubna_data_01_mir/recover-20220825/UBNA_002/20220823_033000.WAV,Telephone Field,recover-20220825,002,1795
798.7275,798.7372,23750,30199,Nyctalus leisleri,0.007,0.024,-1,Echolocation,/mnt/ubna_data_01_mir/recover-20220825/UBNA_002/20220823_033000.WAV,Telephone Field,recover-20220825,002,1795
798.7545,798.763,27187,37564,Eptesicus serotinus,0.01,0.024,-1,Echolocation,/mnt/ubna_data_01_mir/recover-20220825/UBNA_002/20220823_033000.WAV,Telephone Field,recover-20220825,002,1795
798.7815,798.7897,49531,53673,Pipistrellus pipistrellus,0.037,0.055,-1,Echolocation,/mnt/ubna_data_01_mir/recover-20220825/UBNA_002/20220823_033000.WAV,Telephone Field,recover-20220825,002,1795
798.7865,798.7934,35781,66899,Pipistrellus nathusii,0.304,0.493,-1,Echolocation,/mnt/ubna_data_01_mir/recover-20220825/UBNA_002/20220823_033000.WAV,Telephone Field,recover-20220825,002,1795
798.7865,798.7927999999999,26328,80145,Myotis bechsteinii,0.1,0.142,-1,Echolocation,/mnt/ubna_data_01_mir/recover-20220825/UBNA_002/20220823_033000.WAV,Telephone Field,recover-20220825,002,1795
798.7975,798.8031,31484,52906,Myotis brandtii,0.012,0.025,-1,Echolocation,/mnt/ubna_data_01_mir/recover-20220825/UBNA_002/20220823_033000.WAV,Telephone Field,recover-20220825,002,1795
798.8015,798.8364,68437,81435,Rhinolophus ferrumequinum,0.021,0.021,-1,Echolocation,/mnt/ubna_data_01_mir/recover-20220825/UBNA_002/20220823_033000.WAV,Telephone Field,recover-20220825,002,1795
798.8785,798.8848,37500,58210,Pipistrellus nathusii,0.236,0.506,-1,Echolocation,/mnt/ubna_data_01_mir/recover-20220825/UBNA_002/20220823_033000.WAV,Telephone Field,recover-20220825,002,1795
798.8795,798.8845,28046,77209,Myotis bechsteinii,0.085,0.131,-1,Echolocation,/mnt/ubna_data_01_mir/recover-20220825/UBNA_002/20220823_033000.WAV,Telephone Field,recover-20220825,002,1795
798.8805,798.8941,15156,22811,Nyctalus noctula,0.016,0.029,-1,Echolocation,/mnt/ubna_data_01_mir/recover-20220825/UBNA_002/20220823_033000.WAV,Telephone Field,recover-20220825,002,1795
798.8885,798.8942,30625,41923,Myotis daubentonii,0.01,0.023,-1,Echolocation,/mnt/ubna_data_01_mir/recover-20220825/UBNA_002/20220823_033000.WAV,Telephone Field,recover-20220825,002,1795
798.9065,798.9151,28046,36127,Eptesicus serotinus,0.011,0.026,-1,Echolocation,/mnt/ubna_data_01_mir/recover-20220825/UBNA_002/20220823_033000.WAV,Telephone Field,recover-20220825,002,1795
798.9645,798.9717,48671,56585,Pipistrellus pipistrellus,0.03,0.053,-1,Echolocation,/mnt/ubna_data_01_mir/recover-20220825/UBNA_002/20220823_033000.WAV,Telephone Field,recover-20220825,002,1795
798.9695,798.9758,36640,62889,Pipistrellus nathusii,0.201,0.482,-1,Echolocation,/mnt/ubna_data_01_mir/recover-20220825/UBNA_002/20220823_033000.WAV,Telephone Field,recover-20220825,002,1795
798.9695,798.9754,25468,75480,Myotis bechsteinii,0.143,0.182,-1,Echolocation,/mnt/ubna_data_01_mir/recover-20220825/UBNA_002/20220823_033000.WAV,Telephone Field,recover-20220825,002,1795
798.9785,798.9837,29765,45231,Myotis daubentonii,0.009,0.024,-1,Echolocation,/mnt/ubna_data_01_mir/recover-20220825/UBNA_002/20220823_033000.WAV,Telephone Field,recover-20220825,002,1795
799.0315,799.039,27187,36807,Eptesicus serotinus,0.007,0.022,-1,Echolocation,/mnt/ubna_data_01_mir/recover-20220825/UBNA_002/20220823_033000.WAV,Telephone Field,recover-20220825,002,1795
799.0505,799.0587,46953,54952,Pipistrellus pipistrellus,0.017,0.031,-1,Echolocation,/mnt/ubna_data_01_mir/recover-20220825/UBNA_002/20220823_033000.WAV,Telephone Field,recover-20220825,002,1795
799.0515,799.0616,52968,57904,Pipistrellus pygmaeus,0.03,0.034,-1,Echolocation,/mnt/ubna_data_01_mir/recover-20220825/UBNA_002/20220823_033000.WAV,Telephone Field,recover-20220825,002,1795
799.0515,799.0583,35781,64386,Pipistrellus nathusii,0.258,0.503,-1,Echolocation,/mnt/ubna_data_01_mir/recover-20220825/UBNA_002/20220823_033000.WAV,Telephone Field,recover-20220825,002,1795
799.0515,799.0571,26328,86074,Myotis bechsteinii,0.134,0.171,-1,Echolocation,/mnt/ubna_data_01_mir/recover-20220825/UBNA_002/20220823_033000.WAV,Telephone Field,recover-20220825,002,1795
799.0615,799.0668000000001,28906,46289,Myotis daubentonii,0.01,0.027,-1,Echolocation,/mnt/ubna_data_01_mir/recover-20220825/UBNA_002/20220823_033000.WAV,Telephone Field,recover-20220825,002,1795
799.0875,799.1269,68437,82505,Rhinolophus ferrumequinum,0.022,0.022,-1,Echolocation,/mnt/ubna_data_01_mir/recover-20220825/UBNA_002/20220823_033000.WAV,Telephone Field,recover-20220825,002,1795
799.0945,799.107,22031,26083,Nyctalus leisleri,0.012,0.023,-1,Echolocation,/mnt/ubna_data_01_mir/recover-20220825/UBNA_002/20220823_033000.WAV,Telephone Field,recover-20220825,002,1795
799.1115,799.1516,68437,82359,Rhinolophus ferrumequinum,0.023,0.023,-1,Echolocation,/mnt/ubna_data_01_mir/recover-20220825/UBNA_002/20220823_033000.WAV,Telephone Field,recover-20220825,002,1795
799.1165,799.1573,68437,82723,Rhinolophus ferrumequinum,0.024,0.024,-1,Echolocation,/mnt/ubna_data_01_mir/recover-20220825/UBNA_002/20220823_033000.WAV,Telephone Field,recover-20220825,002,1795
799.1305,799.1373,57265,62803,Pipistrellus pygmaeus,0.026,0.026,-1,Echolocation,/mnt/ubna_data_01_mir/recover-20220825/UBNA_002/20220823_033000.WAV,Telephone Field,recover-20220825,002,1795
799.1415,799.1498,38359,48687,Pipistrellus nathusii,0.228,0.328,-1,Echolocation,/mnt/ubna_data_01_mir/recover-20220825/UBNA_002/20220823_033000.WAV,Telephone Field,recover-20220825,002,1795
799.1475,799.1875,68437,82441,Rhinolophus ferrumequinum,0.024,0.024,-1,Echolocation,/mnt/ubna_data_01_mir/recover-20220825/UBNA_002/20220823_033000.WAV,Telephone Field,recover-20220825,002,1795
799.1585,799.17,30625,36698,Eptesicus serotinus,0.007,0.025,-1,Echolocation,/mnt/ubna_data_01_mir/recover-20220825/UBNA_002/20220823_033000.WAV,Telephone Field,recover-20220825,002,1795
799.2015,799.2099,50390,59331,Pipistrellus pipistrellus,0.018,0.024,-1,Echolocation,/mnt/ubna_data_01_mir/recover-20220825/UBNA_002/20220823_033000.WAV,Telephone Field,recover-20220825,002,1795
799.2035,799.2099,30625,45840,Myotis daubentonii,0.008,0.024,-1,Echolocation,/mnt/ubna_data_01_mir/recover-20220825/UBNA_002/20220823_033000.WAV,Telephone Field,recover-20220825,002,1795
799.2305,799.2381,51250,57695,Pipistrellus pygmaeus,0.056,0.079,-1,Echolocation,/mnt/ubna_data_01_mir/recover-20220825/UBNA_002/20220823_033000.WAV,Telephone Field,recover-20220825,002,1795
799.2335,799.2404,37500,59902,Pipistrellus nathusii,0.534,0.627,-1,Echolocation,/mnt/ubna_data_01_mir/recover-20220825/UBNA_002/20220823_033000.WAV,Telephone Field,recover-20220825,002,1795
799.2435,799.2497,31484,53748,Myotis brandtii,0.011,0.025,-1,Echolocation,/mnt/ubna_data_01_mir/recover-20220825/UBNA_002/20220823_033000.WAV,Telephone Field,recover-20220825,002,1795
799.2855,799.2913,47812,54043,Pipistrellus pipistrellus,0.017,0.022,-1,Echolocation,/mnt/ubna_data_01_mir/recover-20220825/UBNA_002/20220823_033000.WAV,Telephone Field,recover-20220825,002,1795
799.2985,799.3357,68437,81961,Rhinolophus ferrumequinum,0.022,0.022,-1,Echolocation,/mnt/ubna_data_01_mir/recover-20220825/UBNA_002/20220823_033000.WAV,Telephone Field,recover-20220825,002,1795
799.3255,799.3349,38359,51599,Pipistrellus nathusii,0.427,0.528,-1,Echolocation,/mnt/ubna_data_01_mir/recover-20220825/UBNA_002/20220823_033000.WAV,Telephone Field,recover-20220825,002,1795
799.3465,799.3835,68437,81690,Rhinolophus ferrumequinum,0.023,0.023,-1,Echolocation,/mnt/ubna_data_01_mir/recover-20220825/UBNA_002/20220823_033000.WAV,Telephone Field,recover-20220825,002,1795
799.3495,799.3573,27187,39236,Eptesicus serotinus,0.008,0.024,-1,Echolocation,/mnt/ubna_data_01_mir/recover-20220825/UBNA_002/20220823_033000.WAV,Telephone Field,recover-20220825,002,1795
799.3525,799.3599,33203,42440,Barbastellus barbastellus,0.007,0.022,-1,Echolocation,/mnt/ubna_data_01_mir/recover-20220825/UBNA_002/20220823_033000.WAV,Telephone Field,recover-20220825,002,1795
799.3705,799.3797,47812,53909,Pipistrellus pipistrellus,0.045,0.051,-1,Echolocation,/mnt/ubna_data_01_mir/recover-20220825/UBNA_002/20220823_033000.WAV,Telephone Field,recover-20220825,002,1795
799.3985,799.4106,41796,45565,Pipistrellus nathusii,0.013,0.024,-1,Echolocation,/mnt/ubna_data_01_mir/recover-20220825/UBNA_002/20220823_033000.WAV,Telephone Field,recover-20220825,002,1795
799.4485,799.4574,52968,57333,Pipistrellus pygmaeus,0.023,0.025,-1,Echolocation,/mnt/ubna_data_01_mir/recover-20220825/UBNA_002/20220823_033000.WAV,Telephone Field,recover-20220825,002,1795
799.4495,799.457,39218,57932,Pipistrellus nathusii,0.521,0.652,-1,Echolocation,/mnt/ubna_data_01_mir/recover-20220825/UBNA_002/20220823_033000.WAV,Telephone Field,recover-20220825,002,1795
799.4605,799.4685,27187,36184,Eptesicus serotinus,0.005,0.022,-1,Echolocation,/mnt/ubna_data_01_mir/recover-20220825/UBNA_002/20220823_033000.WAV,Telephone Field,recover-20220825,002,1795
799.4675,799.4775,28906,36281,Eptesicus serotinus,0.01,0.027,-1,Echolocation,/mnt/ubna_data_01_mir/recover-20220825/UBNA_002/20220823_033000.WAV,Telephone Field,recover-20220825,002,1795
799.5065,799.512,32343,53553,Myotis brandtii,0.013,0.028,-1,Echolocation,/mnt/ubna_data_01_mir/recover-20220825/UBNA_002/20220823_033000.WAV,Telephone Field,recover-20220825,002,1795
799.5264999999999,799.5624,68437,82333,Rhinolophus ferrumequinum,0.03,0.03,-1,Echolocation,/mnt/ubna_data_01_mir/recover-20220825/UBNA_002/20220823_033000.WAV,Telephone Field,recover-20220825,002,1795
799.5315,799.5382,36640,54857,Pipistrellus nathusii,0.471,0.607,-1,Echolocation,/mnt/ubna_data_01_mir/recover-20220825/UBNA_002/20220823_033000.WAV,Telephone Field,recover-20220825,002,1795
799.5315,799.5371,28046,68153,Myotis bechsteinii,0.047,0.072,-1,Echolocation,/mnt/ubna_data_01_mir/recover-20220825/UBNA_002/20220823_033000.WAV,Telephone Field,recover-20220825,002,1795
799.5405,799.5462,28906,44292,Myotis daubentonii,0.01,0.024,-1,Echolocation,/mnt/ubna_data_01_mir/recover-20220825/UBNA_002/20220823_033000.WAV,Telephone Field,recover-20220825,002,1795
799.5995,799.6064,27187,35566,Eptesicus serotinus,0.007,0.023,-1,Echolocation,/mnt/ubna_data_01_mir/recover-20220825/UBNA_002/20220823_033000.WAV,Telephone Field,recover-20220825,002,1795
799.6135,799.6206,38359,50981,Pipistrellus nathusii,0.46,0.598,-1,Echolocation,/mnt/ubna_data_01_mir/recover-20220825/UBNA_002/20220823_033000.WAV,Telephone Field,recover-20220825,002,1795
799.6235,799.631,38359,49732,Pipistrellus nathusii,0.017,0.035,-1,Echolocation,/mnt/ubna_data_01_mir/recover-20220825/UBNA_002/20220823_033000.WAV,Telephone Field,recover-20220825,002,1795
799.6965,799.7072000000001,54687,62816,Pipistrellus pygmaeus,0.021,0.022,-1,Echolocation,/mnt/ubna_data_01_mir/recover-20220825/UBNA_002/20220823_033000.WAV,Telephone Field,recover-20220825,002,1795
799.6995,799.7057,28046,69281,Myotis bechsteinii,0.051,0.095,-1,Echolocation,/mnt/ubna_data_01_mir/recover-20220825/UBNA_002/20220823_033000.WAV,Telephone Field,recover-20220825,002,1795
799.6995,799.7065,36640,54718,Pipistrellus nathusii,0.418,0.506,-1,Echolocation,/mnt/ubna_data_01_mir/recover-20220825/UBNA_002/20220823_033000.WAV,Telephone Field,recover-20220825,002,1795
799.7015,799.7129,16015,26565,Nyctalus noctula,0.014,0.025,-1,Echolocation,/mnt/ubna_data_01_mir/recover-20220825/UBNA_002/20220823_033000.WAV,Telephone Field,recover-20220825,002,1795
799.7095,799.7172,26328,36221,Eptesicus serotinus,0.007,0.025,-1,Echolocation,/mnt/ubna_data_01_mir/recover-20220825/UBNA_002/20220823_033000.WAV,Telephone Field,recover-20220825,002,1795
799.7315,799.7435,28046,36013,Eptesicus serotinus,0.016,0.031,-1,Echolocation,/mnt/ubna_data_01_mir/recover-20220825/UBNA_002/20220823_033000.WAV,Telephone Field,recover-20220825,002,1795
799.7665,799.803,68437,82428,Rhinolophus ferrumequinum,0.021,0.021,-1,Echolocation,/mnt/ubna_data_01_mir/recover-20220825/UBNA_002/20220823_033000.WAV,Telephone Field,recover-20220825,002,1795
799.7925,799.7996,37500,50262,Pipistrellus nathusii,0.613,0.669,-1,Echolocation,/mnt/ubna_data_01_mir/recover-20220825/UBNA_002/20220823_033000.WAV,Telephone Field,recover-20220825,002,1795
799.8195,799.856,68437,80708,Rhinolophus ferrumequinum,0.023,0.023,-1,Echolocation,/mnt/ubna_data_01_mir/recover-20220825/UBNA_002/20220823_033000.WAV,Telephone Field,recover-20220825,002,1795
799.8615,799.8675,30625,65704,Myotis brandtii,0.018,0.035,-1,Echolocation,/mnt/ubna_data_01_mir/recover-20220825/UBNA_002/20220823_033000.WAV,Telephone Field,recover-20220825,002,1795
799.8625,799.8701,40937,58438,Pipistrellus nathusii,0.012,0.029,-1,Echolocation,/mnt/ubna_data_01_mir/recover-20220825/UBNA_002/20220823_033000.WAV,Telephone Field,recover-20220825,002,1795
799.8715,799.8915,20312,23174,Nyctalus leisleri,0.032,0.068,-1,Echolocation,/mnt/ubna_data_01_mir/recover-20220825/UBNA_002/20220823_033000.WAV,Telephone Field,recover-20220825,002,1795
799.8845,799.8911,37500,53567,Pipistrellus nathusii,0.482,0.591,-1,Echolocation,/mnt/ubna_data_01_mir/recover-20220825/UBNA_002/20220823_033000.WAV,Telephone Field,recover-20220825,002,1795
799.8945,799.9014,30625,48248,Myotis daubentonii,0.01,0.023,-1,Echolocation,/mnt/ubna_data_01_mir/recover-20220825/UBNA_002/20220823_033000.WAV,Telephone Field,recover-20220825,002,1795
799.9245,799.9327,28046,39887,Eptesicus serotinus,0.007,0.022,-1,Echolocation,/mnt/ubna_data_01_mir/recover-20220825/UBNA_002/20220823_033000.WAV,Telephone Field,recover-20220825,002,1795
799.9475,799.9874,68437,82770,Rhinolophus ferrumequinum,0.028,0.028,-1,Echolocation,/mnt/ubna_data_01_mir/recover-20220825/UBNA_002/20220823_033000.WAV,Telephone Field,recover-20220825,002,1795
799.9865,799.9927,37500,48587,Pipistrellus nathusii,0.383,0.519,-1,Echolocation,/mnt/ubna_data_01_mir/recover-20220825/UBNA_002/20220823_033000.WAV,Telephone Field,recover-20220825,002,1795
800.0015,800.012,23750,29367,Nyctalus leisleri,0.019,0.04,-1,Echolocation,/mnt/ubna_data_01_mir/recover-20220825/UBNA_002/20220823_033000.WAV,Telephone Field,recover-20220825,002,1795
800.0015,800.0108,37500,44557,Pipistrellus nathusii,0.02,0.031,-1,Echolocation,/mnt/ubna_data_01_mir/recover-20220825/UBNA_002/20220823_033000.WAV,Telephone Field,recover-20220825,002,1795
800.0015,800.03,69296,82710,Rhinolophus ferrumequinum,0.024,0.024,-1,Echolocation,/mnt/ubna_data_01_mir/recover-20220825/UBNA_002/20220823_033000.WAV,Telephone Field,recover-20220825,002,1795
800.0115,800.0199,38359,43771,Pipistrellus nathusii,0.022,0.033,-1,Echolocation,/mnt/ubna_data_01_mir/recover-20220825/UBNA_002/20220823_033000.WAV,Telephone Field,recover-20220825,002,1795
800.0125,800.02,28046,40986,Eptesicus serotinus,0.008,0.022,-1,Echolocation,/mnt/ubna_data_01_mir/recover-20220825/UBNA_002/20220823_033000.WAV,Telephone Field,recover-20220825,002,1795
800.0195,800.0269,55546,65044,Pipistrellus pygmaeus,0.024,0.024,-1,Echolocation,/mnt/ubna_data_01_mir/recover-20220825/UBNA_002/20220823_033000.WAV,Telephone Field,recover-20220825,002,1795
800.0365,800.0741,68437,82147,Rhinolophus ferrumequinum,0.023,0.023,-1,Echolocation,/mnt/ubna_data_01_mir/recover-20220825/UBNA_002/20220823_033000.WAV,Telephone Field,recover-20220825,002,1795
800.0495,800.0569,28906,42369,Eptesicus serotinus,0.008,0.026,-1,Echolocation,/mnt/ubna_data_01_mir/recover-20220825/UBNA_002/20220823_033000.WAV,Telephone Field,recover-20220825,002,1795
800.0715,800.0787,49531,52815,Pipistrellus pipistrellus,0.018,0.033,-1,Echolocation,/mnt/ubna_data_01_mir/recover-20220825/UBNA_002/20220823_033000.WAV,Telephone Field,recover-20220825,002,1795
800.0765,800.0839,37500,53858,Pipistrellus nathusii,0.559,0.641,-1,Echolocation,/mnt/ubna_data_01_mir/recover-20220825/UBNA_002/20220823_033000.WAV,Telephone Field,recover-20220825,002,1795
800.0855,800.0919,29765,40466,Myotis daubentonii,0.011,0.026,-1,Echolocation,/mnt/ubna_data_01_mir/recover-20220825/UBNA_002/20220823_033000.WAV,Telephone Field,recover-20220825,002,1795
800.1125,800.1198,58125,65856,Pipistrellus pygmaeus,0.055,0.055,-1,Echolocation,/mnt/ubna_data_01_mir/recover-20220825/UBNA_002/20220823_033000.WAV,Telephone Field,recover-20220825,002,1795
800.1665,800.1727,36640,55115,Pipistrellus nathusii,0.547,0.631,-1,Echolocation,/mnt/ubna_data_01_mir/recover-20220825/UBNA_002/20220823_033000.WAV,Telephone Field,recover-20220825,002,1795
800.1885,800.1975,15156,22590,Plecotus auritus,0.01,0.023,-1,Echolocation,/mnt/ubna_data_01_mir/recover-20220825/UBNA_002/20220823_033000.WAV,Telephone Field,recover-20220825,002,1795
800.2455,800.254,37500,44338,Pipistrellus nathusii,0.017,0.028,-1,Echolocation,/mnt/ubna_data_01_mir/recover-20220825/UBNA_002/20220823_033000.WAV,Telephone Field,recover-20220825,002,1795
800.2455,800.2534,30625,40951,Myotis daubentonii,0.008,0.027,-1,Echolocation,/mnt/ubna_data_01_mir/recover-20220825/UBNA_002/20220823_033000.WAV,Telephone Field,recover-20220825,002,1795
800.2555,800.2917,68437,81782,Rhinolophus ferrumequinum,0.028,0.028,-1,Echolocation,/mnt/ubna_data_01_mir/recover-20220825/UBNA_002/20220823_033000.WAV,Telephone Field,recover-20220825,002,1795
800.2625,800.2691,38359,50758,Pipistrellus nathusii,0.601,0.649,-1,Echolocation,/mnt/ubna_data_01_mir/recover-20220825/UBNA_002/20220823_033000.WAV,Telephone Field,recover-20220825,002,1795
800.2725,800.2814,27187,33901,Eptesicus serotinus,0.006,0.022,-1,Echolocation,/mnt/ubna_data_01_mir/recover-20220825/UBNA_002/20220823_033000.WAV,Telephone Field,recover-20220825,002,1795
800.2845,800.2938,48671,57563,Pipistrellus pipistrellus,0.018,0.028,-1,Echolocation,/mnt/ubna_data_01_mir/recover-20220825/UBNA_002/20220823_033000.WAV,Telephone Field,recover-20220825,002,1795
800.3365,800.3468,27187,34108,Eptesicus serotinus,0.01,0.023,-1,Echolocation,/mnt/ubna_data_01_mir/recover-20220825/UBNA_002/20220823_033000.WAV,Telephone Field,recover-20220825,002,1795
800.3625,800.3679,38359,52427,Pipistrellus nathusii,0.505,0.571,-1,Echolocation,/mnt/ubna_data_01_mir/recover-20220825/UBNA_002/20220823_033000.WAV,Telephone Field,recover-20220825,002,1795
800.3725,800.3804,27187,36919,Eptesicus serotinus,0.007,0.027,-1,Echolocation,/mnt/ubna_data_01_mir/recover-20220825/UBNA_002/20220823_033000.WAV,Telephone Field,recover-20220825,002,1795
800.3815,800.3918,25468,30908,Nyctalus leisleri,0.008,0.023,-1,Echolocation,/mnt/ubna_data_01_mir/recover-20220825/UBNA_002/20220823_033000.WAV,Telephone Field,recover-20220825,002,1795
800.4275,800.4643,68437,82005,Rhinolophus ferrumequinum,0.023,0.023,-1,Echolocation,/mnt/ubna_data_01_mir/recover-20220825/UBNA_002/20220823_033000.WAV,Telephone Field,recover-20220825,002,1795
800.4315,800.4387,54687,63045,Pipistrellus pygmaeus,0.023,0.023,-1,Echolocation,/mnt/ubna_data_01_mir/recover-20220825/UBNA_002/20220823_033000.WAV,Telephone Field,recover-20220825,002,1795
800.4395,800.4471,44375,53865,Pipistrellus pipistrellus,0.017,0.023,-1,Echolocation,/mnt/ubna_data_01_mir/recover-20220825/UBNA_002/20220823_033000.WAV,Telephone Field,recover-20220825,002,1795
800.4395,800.4461,27187,38253,Eptesicus serotinus,0.005,0.024,-1,Echolocation,/mnt/ubna_data_01_mir/recover-20220825/UBNA_002/20220823_033000.WAV,Telephone Field,recover-20220825,002,1795
800.4525,800.4602,37500,53630,Pipistrellus nathusii,0.427,0.606,-1,Echolocation,/mnt/ubna_data_01_mir/recover-20220825/UBNA_002/20220823_033000.WAV,Telephone Field,recover-20220825,002,1795
800.4625,800.468,32343,46012,Myotis daubentonii,0.009,0.025,-1,Echolocation,/mnt/ubna_data_01_mir/recover-20220825/UBNA_002/20220823_033000.WAV,Telephone Field,recover-20220825,002,1795
800.5335,800.5434,28046,33173,Eptesicus serotinus,0.011,0.027,-1,Echolocation,/mnt/ubna_data_01_mir/recover-20220825/UBNA_002/20220823_033000.WAV,Telephone Field,recover-20220825,002,1795
800.5445,800.551,36640,50481,Pipistrellus nathusii,0.256,0.477,-1,Echolocation,/mnt/ubna_data_01_mir/recover-20220825/UBNA_002/20220823_033000.WAV,Telephone Field,recover-20220825,002,1795
800.5535,800.5601,27187,36987,Eptesicus serotinus,0.007,0.027,-1,Echolocation,/mnt/ubna_data_01_mir/recover-20220825/UBNA_002/20220823_033000.WAV,Telephone Field,recover-20220825,002,1795
800.5595,800.5945,68437,80829,Rhinolophus ferrumequinum,0.023,0.023,-1,Echolocation,/mnt/ubna_data_01_mir/recover-20220825/UBNA_002/20220823_033000.WAV,Telephone Field,recover-20220825,002,1795
800.5745,800.5817,30625,36744,Barbastellus barbastellus,0.03,0.045,-1,Echolocation,/mnt/ubna_data_01_mir/recover-20220825/UBNA_002/20220823_033000.WAV,Telephone Field,recover-20220825,002,1795
800.5995,800.6359,68437,81665,Rhinolophus ferrumequinum,0.023,0.023,-1,Echolocation,/mnt/ubna_data_01_mir/recover-20220825/UBNA_002/20220823_033000.WAV,Telephone Field,recover-20220825,002,1795
800.6185,800.6272,44375,47404,Pipistrellus pipistrellus,0.039,0.044,-1,Echolocation,/mnt/ubna_data_01_mir/recover-20220825/UBNA_002/20220823_033000.WAV,Telephone Field,recover-20220825,002,1795
800.6195,800.6289,27187,33759,Eptesicus serotinus,0.01,0.024,-1,Echolocation,/mnt/ubna_data_01_mir/recover-20220825/UBNA_002/20220823_033000.WAV,Telephone Field,recover-20220825,002,1795
800.6355,800.6424,48671,52962,Pipistrellus pipistrellus,0.022,0.033,-1,Echolocation,/mnt/ubna_data_01_mir/recover-20220825/UBNA_002/20220823_033000.WAV,Telephone Field,recover-20220825,002,1795
800.6365,800.6436,37500,55110,Pipistrellus nathusii,0.492,0.622,-1,Echolocation,/mnt/ubna_data_01_mir/recover-20220825/UBNA_002/20220823_033000.WAV,Telephone Field,recover-20220825,002,1795
800.6465,800.6526,32343,45898,Myotis daubentonii,0.009,0.023,-1,Echolocation,/mnt/ubna_data_01_mir/recover-20220825/UBNA_002/20220823_033000.WAV,Telephone Field,recover-20220825,002,1795
800.6465,800.6536,27187,36486,Eptesicus serotinus,0.006,0.023,-1,Echolocation,/mnt/ubna_data_01_mir/recover-20220825/UBNA_002/20220823_033000.WAV,Telephone Field,recover-20220825,002,1795
800.7235000000001,800.7293,37500,50886,Pipistrellus nathusii,0.501,0.544,-1,Echolocation,/mnt/ubna_data_01_mir/recover-20220825/UBNA_002/20220823_033000.WAV,Telephone Field,recover-20220825,002,1795
800.7235000000001,800.7386,18593,24150,Nyctalus noctula,0.016,0.033,-1,Echolocation,/mnt/ubna_data_01_mir/recover-20220825/UBNA_002/20220823_033000.WAV,Telephone Field,recover-20220825,002,1795
800.7315,800.7385,30625,40467,Myotis daubentonii,0.009,0.024,-1,Echolocation,/mnt/ubna_data_01_mir/recover-20220825/UBNA_002/20220823_033000.WAV,Telephone Field,recover-20220825,002,1795
800.7355,800.7443,26328,34140,Eptesicus serotinus,0.007,0.024,-1,Echolocation,/mnt/ubna_data_01_mir/recover-20220825/UBNA_002/20220823_033000.WAV,Telephone Field,recover-20220825,002,1795
800.7415,800.7478,32343,60058,Myotis brandtii,0.009,0.023,-1,Echolocation,/mnt/ubna_data_01_mir/recover-20220825/UBNA_002/20220823_033000.WAV,Telephone Field,recover-20220825,002,1795
800.7425,800.7486,47812,56299,Pipistrellus pipistrellus,0.031,0.039,-1,Echolocation,/mnt/ubna_data_01_mir/recover-20220825/UBNA_002/20220823_033000.WAV,Telephone Field,recover-20220825,002,1795
800.7685,800.7884,21171,24268,Nyctalus leisleri,0.021,0.036,-1,Echolocation,/mnt/ubna_data_01_mir/recover-20220825/UBNA_002/20220823_033000.WAV,Telephone Field,recover-20220825,002,1795
800.7795,800.7884,54687,61418,Pipistrellus pygmaeus,0.042,0.043,-1,Echolocation,/mnt/ubna_data_01_mir/recover-20220825/UBNA_002/20220823_033000.WAV,Telephone Field,recover-20220825,002,1795
800.7905,800.7987,28046,36667,Eptesicus serotinus,0.008,0.026,-1,Echolocation,/mnt/ubna_data_01_mir/recover-20220825/UBNA_002/20220823_033000.WAV,Telephone Field,recover-20220825,002,1795
800.8085,800.8169,42656,48827,Pipistrellus nathusii,0.02,0.039,-1,Echolocation,/mnt/ubna_data_01_mir/recover-20220825/UBNA_002/20220823_033000.WAV,Telephone Field,recover-20220825,002,1795
800.8275,800.8353,28046,34711,Eptesicus serotinus,0.008,0.023,-1,Echolocation,/mnt/ubna_data_01_mir/recover-20220825/UBNA_002/20220823_033000.WAV,Telephone Field,recover-20220825,002,1795
800.8405,800.8466,39218,53234,Pipistrellus nathusii,0.49,0.576,-1,Echolocation,/mnt/ubna_data_01_mir/recover-20220825/UBNA_002/20220823_033000.WAV,Telephone Field,recover-20220825,002,1795
800.8515,800.8582,31484,42995,Myotis daubentonii,0.011,0.03,-1,Echolocation,/mnt/ubna_data_01_mir/recover-20220825/UBNA_002/20220823_033000.WAV,Telephone Field,recover-20220825,002,1795
800.8765,800.8852,28046,39737,Eptesicus serotinus,0.009,0.023,-1,Echolocation,/mnt/ubna_data_01_mir/recover-20220825/UBNA_002/20220823_033000.WAV,Telephone Field,recover-20220825,002,1795
800.8985,800.9073,58125,64857,Pipistrellus pygmaeus,0.024,0.024,-1,Echolocation,/mnt/ubna_data_01_mir/recover-20220825/UBNA_002/20220823_033000.WAV,Telephone Field,recover-20220825,002,1795
800.9235,800.9294,30625,64324,Myotis bechsteinii,0.028,0.07,-1,Echolocation,/mnt/ubna_data_01_mir/recover-20220825/UBNA_002/20220823_033000.WAV,Telephone Field,recover-20220825,002,1795
800.9255,800.9317,37500,53972,Pipistrellus nathusii,0.554,0.642,-1,Echolocation,/mnt/ubna_data_01_mir/recover-20220825/UBNA_002/20220823_033000.WAV,Telephone Field,recover-20220825,002,1795
800.9345,800.9649,68437,80555,Rhinolophus ferrumequinum,0.022,0.022,-1,Echolocation,/mnt/ubna_data_01_mir/recover-20220825/UBNA_002/20220823_033000.WAV,Telephone Field,recover-20220825,002,1795
800.9345,800.9406,34921,45799,Myotis brandtii,0.01,0.025,-1,Echolocation,/mnt/ubna_data_01_mir/recover-20220825/UBNA_002/20220823_033000.WAV,Telephone Field,recover-20220825,002,1795
800.9675,801.0007,68437,81420,Rhinolophus ferrumequinum,0.022,0.022,-1,Echolocation,/mnt/ubna_data_01_mir/recover-20220825/UBNA_002/20220823_033000.WAV,Telephone Field,recover-20220825,002,1795
800.9795,801.012,68437,80571,Rhinolophus ferrumequinum,0.022,0.022,-1,Echolocation,/mnt/ubna_data_01_mir/recover-20220825/UBNA_002/20220823_033000.WAV,Telephone Field,recover-20220825,002,1795
801.0085,801.0196,54687,60170,Pipistrellus pygmaeus,0.026,0.028,-1,Echolocation,/mnt/ubna_data_01_mir/recover-20220825/UBNA_002/20220823_033000.WAV,Telephone Field,recover-20220825,002,1795
801.0135,801.0217,48671,53764,Pipistrellus pipistrellus,0.029,0.043,-1,Echolocation,/mnt/ubna_data_01_mir/recover-20220825/UBNA_002/20220823_033000.WAV,Telephone Field,recover-20220825,002,1795
801.0135,801.0201,37500,57428,Pipistrellus nathusii,0.612,0.664,-1,Echolocation,/mnt/ubna_data_01_mir/recover-20220825/UBNA_002/20220823_033000.WAV,Telephone Field,recover-20220825,002,1795
801.0225,801.0287,34062,47949,Myotis brandtii,0.011,0.027,-1,Echolocation,/mnt/ubna_data_01_mir/recover-20220825/UBNA_002/20220823_033000.WAV,Telephone Field,recover-20220825,002,1795
801.0475,801.0579,25468,31664,Nyctalus leisleri,0.009,0.025,-1,Echolocation,/mnt/ubna_data_01_mir/recover-20220825/UBNA_002/20220823_033000.WAV,Telephone Field,recover-20220825,002,1795
801.0525,801.0923,68437,82706,Rhinolophus ferrumequinum,0.032,0.032,-1,Echolocation,/mnt/ubna_data_01_mir/recover-20220825/UBNA_002/20220823_033000.WAV,Telephone Field,recover-20220825,002,1795
801.0745,801.0813,34921,50810,Myotis brandtii,0.016,0.054,-1,Echolocation,/mnt/ubna_data_01_mir/recover-20220825/UBNA_002/20220823_033000.WAV,Telephone Field,recover-20220825,002,1795
801.0775,801.0888,54687,63626,Pipistrellus pygmaeus,0.028,0.029,-1,Echolocation,/mnt/ubna_data_01_mir/recover-20220825/UBNA_002/20220823_033000.WAV,Telephone Field,recover-20220825,002,1795
801.0885,801.0955,45234,54586,Pipistrellus pipistrellus,0.009,0.039,-1,Echolocation,/mnt/ubna_data_01_mir/recover-20220825/UBNA_002/20220823_033000.WAV,Telephone Field,recover-20220825,002,1795
801.0905,801.0974,36640,56180,Pipistrellus nathusii,0.526,0.629,-1,Echolocation,/mnt/ubna_data_01_mir/recover-20220825/UBNA_002/20220823_033000.WAV,Telephone Field,recover-20220825,002,1795
801.1065,801.1377,68437,80111,Rhinolophus ferrumequinum,0.023,0.023,-1,Echolocation,/mnt/ubna_data_01_mir/recover-20220825/UBNA_002/20220823_033000.WAV,Telephone Field,recover-20220825,002,1795
801.1445,801.1504,33203,46586,Myotis daubentonii,0.008,0.022,-1,Echolocation,/mnt/ubna_data_01_mir/recover-20220825/UBNA_002/20220823_033000.WAV,Telephone Field,recover-20220825,002,1795
801.1485,801.1562,28046,35326,Eptesicus serotinus,0.007,0.023,-1,Echolocation,/mnt/ubna_data_01_mir/recover-20220825/UBNA_002/20220823_033000.WAV,Telephone Field,recover-20220825,002,1795
801.1585,801.1668,48671,53197,Pipistrellus pipistrellus,0.023,0.038,-1,Echolocation,/mnt/ubna_data_01_mir/recover-20220825/UBNA_002/20220823_033000.WAV,Telephone Field,recover-20220825,002,1795
801.1615,801.1681,37500,56309,Pipistrellus nathusii,0.368,0.525,-1,Echolocation,/mnt/ubna_data_01_mir/recover-20220825/UBNA_002/20220823_033000.WAV,Telephone Field,recover-20220825,002,1795
801.1705,801.1757,31484,43747,Myotis daubentonii,0.009,0.026,-1,Echolocation,/mnt/ubna_data_01_mir/recover-20220825/UBNA_002/20220823_033000.WAV,Telephone Field,recover-20220825,002,1795
801.2025,801.2384,68437,81284,Rhinolophus ferrumequinum,0.024,0.025,-1,Echolocation,/mnt/ubna_data_01_mir/recover-20220825/UBNA_002/20220823_033000.WAV,Telephone Field,recover-20220825,002,1795
801.2045,801.2142,26328,33103,Eptesicus serotinus,0.009,0.023,-1,Echolocation,/mnt/ubna_data_01_mir/recover-20220825/UBNA_002/20220823_033000.WAV,Telephone Field,recover-20220825,002,1795
801.2275,801.2343,36640,54884,Pipistrellus nathusii,0.439,0.564,-1,Echolocation,/mnt/ubna_data_01_mir/recover-20220825/UBNA_002/20220823_033000.WAV,Telephone Field,recover-20220825,002,1795
801.2825,801.2906,28046,34838,Eptesicus serotinus,0.008,0.022,-1,Echolocation,/mnt/ubna_data_01_mir/recover-20220825/UBNA_002/20220823_033000.WAV,Telephone Field,recover-20220825,002,1795
801.2885,801.2965,48671,57242,Pipistrellus pipistrellus,0.018,0.036,-1,Echolocation,/mnt/ubna_data_01_mir/recover-20220825/UBNA_002/20220823_033000.WAV,Telephone Field,recover-20220825,002,1795
801.2955,801.302,49531,55145,Pipistrellus pipistrellus,0.015,0.026,-1,Echolocation,/mnt/ubna_data_01_mir/recover-20220825/UBNA_002/20220823_033000.WAV,Telephone Field,recover-20220825,002,1795
801.2955,801.3012,38359,55980,Pipistrellus nathusii,0.484,0.549,-1,Echolocation,/mnt/ubna_data_01_mir/recover-20220825/UBNA_002/20220823_033000.WAV,Telephone Field,recover-20220825,002,1795
801.2955,801.301,29765,64506,Myotis bechsteinii,0.036,0.107,-1,Echolocation,/mnt/ubna_data_01_mir/recover-20220825/UBNA_002/20220823_033000.WAV,Telephone Field,recover-20220825,002,1795
801.3045,801.3101,31484,42363,Myotis daubentonii,0.011,0.029,-1,Echolocation,/mnt/ubna_data_01_mir/recover-20220825/UBNA_002/20220823_033000.WAV,Telephone Field,recover-20220825,002,1795
801.3265,801.3368,25468,32358,Eptesicus serotinus,0.01,0.026,-1,Echolocation,/mnt/ubna_data_01_mir/recover-20220825/UBNA_002/20220823_033000.WAV,Telephone Field,recover-20220825,002,1795
801.3395,801.3769,68437,81135,Rhinolophus ferrumequinum,0.033,0.033,-1,Echolocation,/mnt/ubna_data_01_mir/recover-20220825/UBNA_002/20220823_033000.WAV,Telephone Field,recover-20220825,002,1795
801.3435,801.3551,28906,33267,Eptesicus serotinus,0.015,0.031,-1,Echolocation,/mnt/ubna_data_01_mir/recover-20220825/UBNA_002/20220823_033000.WAV,Telephone Field,recover-20220825,002,1795
801.3575,801.3645,39218,55023,Pipistrellus nathusii,0.42,0.565,-1,Echolocation,/mnt/ubna_data_01_mir/recover-20220825/UBNA_002/20220823_033000.WAV,Telephone Field,recover-20220825,002,1795
801.3665,801.3742,27187,34750,Eptesicus serotinus,0.007,0.025,-1,Echolocation,/mnt/ubna_data_01_mir/recover-20220825/UBNA_002/20220823_033000.WAV,Telephone Field,recover-20220825,002,1795
801.3705,801.3763,32343,57714,Myotis brandtii,0.012,0.027,-1,Echolocation,/mnt/ubna_data_01_mir/recover-20220825/UBNA_002/20220823_033000.WAV,Telephone Field,recover-20220825,002,1795
801.4005,801.407,55546,61286,Pipistrellus pygmaeus,0.026,0.026,-1,Echolocation,/mnt/ubna_data_01_mir/recover-20220825/UBNA_002/20220823_033000.WAV,Telephone Field,recover-20220825,002,1795
801.4275,801.4336,39218,54226,Pipistrellus nathusii,0.44,0.543,-1,Echolocation,/mnt/ubna_data_01_mir/recover-20220825/UBNA_002/20220823_033000.WAV,Telephone Field,recover-20220825,002,1795
801.4395,801.4483,28046,34318,Eptesicus serotinus,0.007,0.025,-1,Echolocation,/mnt/ubna_data_01_mir/recover-20220825/UBNA_002/20220823_033000.WAV,Telephone Field,recover-20220825,002,1795
801.4575,801.4968,68437,82839,Rhinolophus ferrumequinum,0.023,0.023,-1,Echolocation,/mnt/ubna_data_01_mir/recover-20220825/UBNA_002/20220823_033000.WAV,Telephone Field,recover-20220825,002,1795
801.4835,801.4898,40078,52922,Pipistrellus nathusii,0.382,0.49,-1,Echolocation,/mnt/ubna_data_01_mir/recover-20220825/UBNA_002/20220823_033000.WAV,Telephone Field,recover-20220825,002,1795
801.5465,801.5532,40937,54868,Pipistrellus nathusii,0.319,0.467,-1,Echolocation,/mnt/ubna_data_01_mir/recover-20220825/UBNA_002/20220823_033000.WAV,Telephone Field,recover-20220825,002,1795
801.5535,801.5641,16015,21974,Nyctalus noctula,0.01,0.025,-1,Echolocation,/mnt/ubna_data_01_mir/recover-20220825/UBNA_002/20220823_033000.WAV,Telephone Field,recover-20220825,002,1795
801.5585,801.5677,27187,33256,Eptesicus serotinus,0.008,0.024,-1,Echolocation,/mnt/ubna_data_01_mir/recover-20220825/UBNA_002/20220823_033000.WAV,Telephone Field,recover-20220825,002,1795
801.5625,801.5695,44375,51789,Pipistrellus pipistrellus,0.021,0.027,-1,Echolocation,/mnt/ubna_data_01_mir/recover-20220825/UBNA_002/20220823_033000.WAV,Telephone Field,recover-20220825,002,1795
801.5955,801.6037,28046,35188,Eptesicus serotinus,0.008,0.023,-1,Echolocation,/mnt/ubna_data_01_mir/recover-20220825/UBNA_002/20220823_033000.WAV,Telephone Field,recover-20220825,002,1795
801.5965,801.6023,56406,62869,Pipistrellus pygmaeus,0.022,0.022,-1,Echolocation,/mnt/ubna_data_01_mir/recover-20220825/UBNA_002/20220823_033000.WAV,Telephone Field,recover-20220825,002,1795
801.6095,801.6159,40078,54789,Pipistrellus nathusii,0.471,0.54,-1,Echolocation,/mnt/ubna_data_01_mir/recover-20220825/UBNA_002/20220823_033000.WAV,Telephone Field,recover-20220825,002,1795
801.6185,801.6297,22890,27281,Nyctalus leisleri,0.012,0.028,-1,Echolocation,/mnt/ubna_data_01_mir/recover-20220825/UBNA_002/20220823_033000.WAV,Telephone Field,recover-20220825,002,1795
801.6425,801.6514,28046,36627,Eptesicus serotinus,0.01,0.024,-1,Echolocation,/mnt/ubna_data_01_mir/recover-20220825/UBNA_002/20220823_033000.WAV,Telephone Field,recover-20220825,002,1795
801.6585,801.6979,68437,82680,Rhinolophus ferrumequinum,0.023,0.023,-1,Echolocation,/mnt/ubna_data_01_mir/recover-20220825/UBNA_002/20220823_033000.WAV,Telephone Field,recover-20220825,002,1795
801.6585,801.6736,22031,25523,Nyctalus leisleri,0.015,0.026,-1,Echolocation,/mnt/ubna_data_01_mir/recover-20220825/UBNA_002/20220823_033000.WAV,Telephone Field,recover-20220825,002,1795
801.6685,801.6748,40937,54171,Pipistrellus nathusii,0.38,0.517,-1,Echolocation,/mnt/ubna_data_01_mir/recover-20220825/UBNA_002/20220823_033000.WAV,Telephone Field,recover-20220825,002,1795
801.6765,801.6821,32343,41364,Myotis daubentonii,0.011,0.024,-1,Echolocation,/mnt/ubna_data_01_mir/recover-20220825/UBNA_002/20220823_033000.WAV,Telephone Field,recover-20220825,002,1795
801.7045,801.7126,28046,38294,Eptesicus serotinus,0.008,0.024,-1,Echolocation,/mnt/ubna_data_01_mir/recover-20220825/UBNA_002/20220823_033000.WAV,Telephone Field,recover-20220825,002,1795
801.7045,801.7116,49531,56348,Pipistrellus pipistrellus,0.021,0.027,-1,Echolocation,/mnt/ubna_data_01_mir/recover-20220825/UBNA_002/20220823_033000.WAV,Telephone Field,recover-20220825,002,1795
801.7325,801.7383,39218,55868,Pipistrellus nathusii,0.333,0.45,-1,Echolocation,/mnt/ubna_data_01_mir/recover-20220825/UBNA_002/20220823_033000.WAV,Telephone Field,recover-20220825,002,1795
801.7555,801.7628,27187,40020,Eptesicus serotinus,0.006,0.022,-1,Echolocation,/mnt/ubna_data_01_mir/recover-20220825/UBNA_002/20220823_033000.WAV,Telephone Field,recover-20220825,002,1795
801.7745,801.7831,27187,37285,Eptesicus serotinus,0.009,0.023,-1,Echolocation,/mnt/ubna_data_01_mir/recover-20220825/UBNA_002/20220823_033000.WAV,Telephone Field,recover-20220825,002,1795
801.7945,801.8261,68437,80654,Rhinolophus ferrumequinum,0.022,0.022,-1,Echolocation,/mnt/ubna_data_01_mir/recover-20220825/UBNA_002/20220823_033000.WAV,Telephone Field,recover-20220825,002,1795
801.8055,801.8108,38359,59996,Pipistrellus nathusii,0.24,0.456,-1,Echolocation,/mnt/ubna_data_01_mir/recover-20220825/UBNA_002/20220823_033000.WAV,Telephone Field,recover-20220825,002,1795
801.8065,801.8129,49531,54074,Pipistrellus pipistrellus,0.014,0.025,-1,Echolocation,/mnt/ubna_data_01_mir/recover-20220825/UBNA_002/20220823_033000.WAV,Telephone Field,recover-20220825,002,1795
801.8415,801.8481,49531,56166,Pipistrellus pipistrellus,0.02,0.023,-1,Echolocation,/mnt/ubna_data_01_mir/recover-20220825/UBNA_002/20220823_033000.WAV,Telephone Field,recover-20220825,002,1795
801.8675,801.8771,34921,40945,Pipistrellus nathusii,0.013,0.031,-1,Echolocation,/mnt/ubna_data_01_mir/recover-20220825/UBNA_002/20220823_033000.WAV,Telephone Field,recover-20220825,002,1795
801.8735,801.8806,48671,57275,Pipistrellus pipistrellus,0.013,0.028,-1,Echolocation,/mnt/ubna_data_01_mir/recover-20220825/UBNA_002/20220823_033000.WAV,Telephone Field,recover-20220825,002,1795
801.8785,801.8845,37500,62366,Pipistrellus nathusii,0.239,0.451,-1,Echolocation,/mnt/ubna_data_01_mir/recover-20220825/UBNA_002/20220823_033000.WAV,Telephone Field,recover-20220825,002,1795
801.8875,801.8946,27187,35726,Eptesicus serotinus,0.005,0.022,-1,Echolocation,/mnt/ubna_data_01_mir/recover-20220825/UBNA_002/20220823_033000.WAV,Telephone Field,recover-20220825,002,1795
801.9145,801.9231,28046,37998,Eptesicus serotinus,0.009,0.023,-1,Echolocation,/mnt/ubna_data_01_mir/recover-20220825/UBNA_002/20220823_033000.WAV,Telephone Field,recover-20220825,002,1795
801.9275,801.9347,39218,51369,Myotis brandtii,0.007,0.023,-1,Echolocation,/mnt/ubna_data_01_mir/recover-20220825/UBNA_002/20220823_033000.WAV,Telephone Field,recover-20220825,002,1795
801.9275,801.9354,27187,45048,Eptesicus serotinus,0.009,0.023,-1,Echolocation,/mnt/ubna_data_01_mir/recover-20220825/UBNA_002/20220823_033000.WAV,Telephone Field,recover-20220825,002,1795
801.9555,801.9612,32343,42404,Myotis daubentonii,0.009,0.024,-1,Echolocation,/mnt/ubna_data_01_mir/recover-20220825/UBNA_002/20220823_033000.WAV,Telephone Field,recover-20220825,002,1795
801.9675,801.9738,39218,57962,Pipistrellus nathusii,0.298,0.448,-1,Echolocation,/mnt/ubna_data_01_mir/recover-20220825/UBNA_002/20220823_033000.WAV,Telephone Field,recover-20220825,002,1795
801.9765,801.9816,31484,44140,Myotis daubentonii,0.011,0.025,-1,Echolocation,/mnt/ubna_data_01_mir/recover-20220825/UBNA_002/20220823_033000.WAV,Telephone Field,recover-20220825,002,1795
802.0015,802.0122,23750,31237,Nyctalus leisleri,0.01,0.028,-1,Echolocation,/mnt/ubna_data_01_mir/recover-20220825/UBNA_002/20220823_033000.WAV,Telephone Field,recover-20220825,002,1795
802.0015,802.0303,69296,81584,Rhinolophus ferrumequinum,0.031,0.032,-1,Echolocation,/mnt/ubna_data_01_mir/recover-20220825/UBNA_002/20220823_033000.WAV,Telephone Field,recover-20220825,002,1795
802.0015,802.0121,46093,52447,Pipistrellus pipistrellus,0.019,0.027,-1,Echolocation,/mnt/ubna_data_01_mir/recover-20220825/UBNA_002/20220823_033000.WAV,Telephone Field,recover-20220825,002,1795
802.0125,802.023,25468,33498,Eptesicus serotinus,0.012,0.026,-1,Echolocation,/mnt/ubna_data_01_mir/recover-20220825/UBNA_002/20220823_033000.WAV,Telephone Field,recover-20220825,002,1795
802.0135,802.0222,49531,55490,Pipistrellus pipistrellus,0.024,0.029,-1,Echolocation,/mnt/ubna_data_01_mir/recover-20220825/UBNA_002/20220823_033000.WAV,Telephone Field,recover-20220825,002,1795
802.0445,802.051,29765,39229,Myotis daubentonii,0.013,0.031,-1,Echolocation,/mnt/ubna_data_01_mir/recover-20220825/UBNA_002/20220823_033000.WAV,Telephone Field,recover-20220825,002,1795
802.0535,802.062,48671,53676,Pipistrellus pipistrellus,0.018,0.037,-1,Echolocation,/mnt/ubna_data_01_mir/recover-20220825/UBNA_002/20220823_033000.WAV,Telephone Field,recover-20220825,002,1795
802.0565,802.0634,39218,59000,Pipistrellus nathusii,0.256,0.482,-1,Echolocation,/mnt/ubna_data_01_mir/recover-20220825/UBNA_002/20220823_033000.WAV,Telephone Field,recover-20220825,002,1795
802.0655,802.073,26328,40122,Eptesicus serotinus,0.006,0.021,-1,Echolocation,/mnt/ubna_data_01_mir/recover-20220825/UBNA_002/20220823_033000.WAV,Telephone Field,recover-20220825,002,1795
802.0725,802.1081,68437,81854,Rhinolophus ferrumequinum,0.023,0.023,-1,Echolocation,/mnt/ubna_data_01_mir/recover-20220825/UBNA_002/20220823_033000.WAV,Telephone Field,recover-20220825,002,1795
802.0935,802.1295,68437,81456,Rhinolophus ferrumequinum,0.022,0.022,-1,Echolocation,/mnt/ubna_data_01_mir/recover-20220825/UBNA_002/20220823_033000.WAV,Telephone Field,recover-20220825,002,1795
802.0975,802.1085,27187,34457,Eptesicus serotinus,0.011,0.024,-1,Echolocation,/mnt/ubna_data_01_mir/recover-20220825/UBNA_002/20220823_033000.WAV,Telephone Field,recover-20220825,002,1795
802.1135,802.1212,28046,40625,Eptesicus serotinus,0.008,0.021,-1,Echolocation,/mnt/ubna_data_01_mir/recover-20220825/UBNA_002/20220823_033000.WAV,Telephone Field,recover-20220825,002,1795
802.1305,802.1645,68437,81668,Rhinolophus ferrumequinum,0.021,0.021,-1,Echolocation,/mnt/ubna_data_01_mir/recover-20220825/UBNA_002/20220823_033000.WAV,Telephone Field,recover-20220825,002,1795
802.1455,802.1549,47812,52447,Pipistrellus pipistrellus,0.018,0.034,-1,Echolocation,/mnt/ubna_data_01_mir/recover-20220825/UBNA_002/20220823_033000.WAV,Telephone Field,recover-20220825,002,1795
802.1495,802.1555,40078,62786,Pipistrellus nathusii,0.439,0.479,-1,Echolocation,/mnt/ubna_data_01_mir/recover-20220825/UBNA_002/20220823_033000.WAV,Telephone Field,recover-20220825,002,1795
802.1495,802.1554,28906,85661,Myotis bechsteinii,0.057,0.096,-1,Echolocation,/mnt/ubna_data_01_mir/recover-20220825/UBNA_002/20220823_033000.WAV,Telephone Field,recover-20220825,002,1795
802.1575,802.1644,27187,40308,Eptesicus serotinus,0.006,0.023,-1,Echolocation,/mnt/ubna_data_01_mir/recover-20220825/UBNA_002/20220823_033000.WAV,Telephone Field,recover-20220825,002,1795
802.1655,802.2017,68437,81533,Rhinolophus ferrumequinum,0.026,0.026,-1,Echolocation,/mnt/ubna_data_01_mir/recover-20220825/UBNA_002/20220823_033000.WAV,Telephone Field,recover-20220825,002,1795
802.1795,802.1875,50390,58579,Pipistrellus pipistrellus,0.021,0.027,-1,Echolocation,/mnt/ubna_data_01_mir/recover-20220825/UBNA_002/20220823_033000.WAV,Telephone Field,recover-20220825,002,1795
802.2035,802.209,31484,67531,Myotis brandtii,0.016,0.037,-1,Echolocation,/mnt/ubna_data_01_mir/recover-20220825/UBNA_002/20220823_033000.WAV,Telephone Field,recover-20220825,002,1795
802.2045,802.2101,37500,53922,Myotis daubentonii,0.015,0.038,-1,Echolocation,/mnt/ubna_data_01_mir/recover-20220825/UBNA_002/20220823_033000.WAV,Telephone Field,recover-20220825,002,1795
802.2405,802.2459,28906,79674,Myotis bechsteinii,0.057,0.104,-1,Echolocation,/mnt/ubna_data_01_mir/recover-20220825/UBNA_002/20220823_033000.WAV,Telephone Field,recover-20220825,002,1795
802.2405,802.2473,39218,57436,Pipistrellus nathusii,0.333,0.548,-1,Echolocation,/mnt/ubna_data_01_mir/recover-20220825/UBNA_002/20220823_033000.WAV,Telephone Field,recover-20220825,002,1795
802.2495,802.2542,30625,54300,Myotis daubentonii,0.012,0.03,-1,Echolocation,/mnt/ubna_data_01_mir/recover-20220825/UBNA_002/20220823_033000.WAV,Telephone Field,recover-20220825,002,1795
802.2725,802.309,68437,81037,Rhinolophus ferrumequinum,0.023,0.023,-1,Echolocation,/mnt/ubna_data_01_mir/recover-20220825/UBNA_002/20220823_033000.WAV,Telephone Field,recover-20220825,002,1795
802.3035,802.3127,28046,39687,Eptesicus serotinus,0.008,0.022,-1,Echolocation,/mnt/ubna_data_01_mir/recover-20220825/UBNA_002/20220823_033000.WAV,Telephone Field,recover-20220825,002,1795
802.3065,802.3151,49531,57283,Pipistrellus pipistrellus,0.02,0.025,-1,Echolocation,/mnt/ubna_data_01_mir/recover-20220825/UBNA_002/20220823_033000.WAV,Telephone Field,recover-20220825,002,1795
802.3355,802.3422,40937,59816,Pipistrellus nathusii,0.516,0.566,-1,Echolocation,/mnt/ubna_data_01_mir/recover-20220825/UBNA_002/20220823_033000.WAV,Telephone Field,recover-20220825,002,1795
802.3445,802.3511,29765,52655,Myotis daubentonii,0.012,0.048,-1,Echolocation,/mnt/ubna_data_01_mir/recover-20220825/UBNA_002/20220823_033000.WAV,Telephone Field,recover-20220825,002,1795
802.3445,802.3518,40078,52697,Pipistrellus nathusii,0.027,0.043,-1,Echolocation,/mnt/ubna_data_01_mir/recover-20220825/UBNA_002/20220823_033000.WAV,Telephone Field,recover-20220825,002,1795
802.3985,802.4373,68437,82432,Rhinolophus ferrumequinum,0.025,0.025,-1,Echolocation,/mnt/ubna_data_01_mir/recover-20220825/UBNA_002/20220823_033000.WAV,Telephone Field,recover-20220825,002,1795
802.4014999999999,802.4077,49531,57349,Pipistrellus pipistrellus,0.029,0.032,-1,Echolocation,/mnt/ubna_data_01_mir/recover-20220825/UBNA_002/20220823_033000.WAV,Telephone Field,recover-20220825,002,1795
802.4115,802.4172,32343,43686,Myotis daubentonii,0.008,0.021,-1,Echolocation,/mnt/ubna_data_01_mir/recover-20220825/UBNA_002/20220823_033000.WAV,Telephone Field,recover-20220825,002,1795
802.4125,802.4199,28046,35174,Eptesicus serotinus,0.006,0.021,-1,Echolocation,/mnt/ubna_data_01_mir/recover-20220825/UBNA_002/20220823_033000.WAV,Telephone Field,recover-20220825,002,1795
802.4235,802.4349,52968,59197,Pipistrellus pygmaeus,0.044,0.05,-1,Echolocation,/mnt/ubna_data_01_mir/recover-20220825/UBNA_002/20220823_033000.WAV,Telephone Field,recover-20220825,002,1795
802.4255,802.4587,68437,81451,Rhinolophus ferrumequinum,0.021,0.021,-1,Echolocation,/mnt/ubna_data_01_mir/recover-20220825/UBNA_002/20220823_033000.WAV,Telephone Field,recover-20220825,002,1795
802.4275,802.4341,39218,64757,Pipistrellus nathusii,0.493,0.533,-1,Echolocation,/mnt/ubna_data_01_mir/recover-20220825/UBNA_002/20220823_033000.WAV,Telephone Field,recover-20220825,002,1795
802.4715,802.4789,50390,56877,Pipistrellus pipistrellus,0.02,0.023,-1,Echolocation,/mnt/ubna_data_01_mir/recover-20220825/UBNA_002/20220823_033000.WAV,Telephone Field,recover-20220825,002,1795
802.4885,802.5277,68437,82849,Rhinolophus ferrumequinum,0.022,0.022,-1,Echolocation,/mnt/ubna_data_01_mir/recover-20220825/UBNA_002/20220823_033000.WAV,Telephone Field,recover-20220825,002,1795
802.5135,802.5205,39218,63243,Pipistrellus nathusii,0.387,0.497,-1,Echolocation,/mnt/ubna_data_01_mir/recover-20220825/UBNA_002/20220823_033000.WAV,Telephone Field,recover-20220825,002,1795
802.5135,802.525,52968,59060,Pipistrellus pygmaeus,0.05,0.054,-1,Echolocation,/mnt/ubna_data_01_mir/recover-20220825/UBNA_002/20220823_033000.WAV,Telephone Field,recover-20220825,002,1795
802.5235,802.5303,39218,53033,Pipistrellus nathusii,0.096,0.118,-1,Echolocation,/mnt/ubna_data_01_mir/recover-20220825/UBNA_002/20220823_033000.WAV,Telephone Field,recover-20220825,002,1795
802.5245,802.5295,33203,65095,Myotis brandtii,0.044,0.076,-1,Echolocation,/mnt/ubna_data_01_mir/recover-20220825/UBNA_002/20220823_033000.WAV,Telephone Field,recover-20220825,002,1795
802.6015,802.6135,52968,58851,Pipistrellus pygmaeus,0.039,0.042,-1,Echolocation,/mnt/ubna_data_01_mir/recover-20220825/UBNA_002/20220823_033000.WAV,Telephone Field,recover-20220825,002,1795
802.6035,802.6103,38359,66414,Pipistrellus nathusii,0.392,0.439,-1,Echolocation,/mnt/ubna_data_01_mir/recover-20220825/UBNA_002/20220823_033000.WAV,Telephone Field,recover-20220825,002,1795
802.6125,802.6183,36640,58307,Myotis brandtii,0.055,0.129,-1,Echolocation,/mnt/ubna_data_01_mir/recover-20220825/UBNA_002/20220823_033000.WAV,Telephone Field,recover-20220825,002,1795
802.6725,802.7107,68437,82127,Rhinolophus ferrumequinum,0.021,0.021,-1,Echolocation,/mnt/ubna_data_01_mir/recover-20220825/UBNA_002/20220823_033000.WAV,Telephone Field,recover-20220825,002,1795
802.6895,802.6966,48671,55162,Pipistrellus pipistrellus,0.02,0.039,-1,Echolocation,/mnt/ubna_data_01_mir/recover-20220825/UBNA_002/20220823_033000.WAV,Telephone Field,recover-20220825,002,1795
802.6935,802.7012,35781,67474,Pipistrellus nathusii,0.26,0.424,-1,Echolocation,/mnt/ubna_data_01_mir/recover-20220825/UBNA_002/20220823_033000.WAV,Telephone Field,recover-20220825,002,1795
802.6955,802.7026,48671,54645,Pipistrellus pipistrellus,0.02,0.033,-1,Echolocation,/mnt/ubna_data_01_mir/recover-20220825/UBNA_002/20220823_033000.WAV,Telephone Field,recover-20220825,002,1795
802.7045,802.7118,29765,47394,Myotis daubentonii,0.013,0.029,-1,Echolocation,/mnt/ubna_data_01_mir/recover-20220825/UBNA_002/20220823_033000.WAV,Telephone Field,recover-20220825,002,1795
802.7135,802.7212,25468,35884,Eptesicus serotinus,0.005,0.022,-1,Echolocation,/mnt/ubna_data_01_mir/recover-20220825/UBNA_002/20220823_033000.WAV,Telephone Field,recover-20220825,002,1795
802.7805,802.787,49531,56695,Pipistrellus pipistrellus,0.021,0.039,-1,Echolocation,/mnt/ubna_data_01_mir/recover-20220825/UBNA_002/20220823_033000.WAV,Telephone Field,recover-20220825,002,1795
802.7845,802.7916,38359,63686,Pipistrellus nathusii,0.254,0.404,-1,Echolocation,/mnt/ubna_data_01_mir/recover-20220825/UBNA_002/20220823_033000.WAV,Telephone Field,recover-20220825,002,1795
802.7955,802.8041,27187,36922,Eptesicus serotinus,0.012,0.031,-1,Echolocation,/mnt/ubna_data_01_mir/recover-20220825/UBNA_002/20220823_033000.WAV,Telephone Field,recover-20220825,002,1795
802.8165,802.8583,68437,82914,Rhinolophus ferrumequinum,0.022,0.022,-1,Echolocation,/mnt/ubna_data_01_mir/recover-20220825/UBNA_002/20220823_033000.WAV,Telephone Field,recover-20220825,002,1795
802.8515,802.86,28046,38073,Eptesicus serotinus,0.008,0.022,-1,Echolocation,/mnt/ubna_data_01_mir/recover-20220825/UBNA_002/20220823_033000.WAV,Telephone Field,recover-20220825,002,1795
802.8525,802.8606,54687,61421,Pipistrellus pygmaeus,0.023,0.024,-1,Echolocation,/mnt/ubna_data_01_mir/recover-20220825/UBNA_002/20220823_033000.WAV,Telephone Field,recover-20220825,002,1795
802.8765,802.8846,37500,63895,Pipistrellus nathusii,0.546,0.574,-1,Echolocation,/mnt/ubna_data_01_mir/recover-20220825/UBNA_002/20220823_033000.WAV,Telephone Field,recover-20220825,002,1795
802.8875,802.9209,68437,81252,Rhinolophus ferrumequinum,0.022,0.023,-1,Echolocation,/mnt/ubna_data_01_mir/recover-20220825/UBNA_002/20220823_033000.WAV,Telephone Field,recover-20220825,002,1795
802.9165,802.9236,24609,32623,Plecotus austriacus,0.007,0.021,-1,Echolocation,/mnt/ubna_data_01_mir/recover-20220825/UBNA_002/20220823_033000.WAV,Telephone Field,recover-20220825,002,1795
802.9485,802.9607,32343,36764,Pipistrellus nathusii,0.025,0.044,-1,Echolocation,/mnt/ubna_data_01_mir/recover-20220825/UBNA_002/20220823_033000.WAV,Telephone Field,recover-20220825,002,1795
802.9555,802.962,49531,58641,Pipistrellus pipistrellus,0.027,0.039,-1,Echolocation,/mnt/ubna_data_01_mir/recover-20220825/UBNA_002/20220823_033000.WAV,Telephone Field,recover-20220825,002,1795
802.9655,802.9733,39218,65007,Pipistrellus nathusii,0.478,0.554,-1,Echolocation,/mnt/ubna_data_01_mir/recover-20220825/UBNA_002/20220823_033000.WAV,Telephone Field,recover-20220825,002,1795
802.9675,802.9741,48671,56465,Pipistrellus pipistrellus,0.023,0.037,-1,Echolocation,/mnt/ubna_data_01_mir/recover-20220825/UBNA_002/20220823_033000.WAV,Telephone Field,recover-20220825,002,1795
802.9745,802.9806,38359,52901,Myotis brandtii,0.013,0.025,-1,Echolocation,/mnt/ubna_data_01_mir/recover-20220825/UBNA_002/20220823_033000.WAV,Telephone Field,recover-20220825,002,1795
802.9765,802.9818,33203,55533,Myotis brandtii,0.012,0.023,-1,Echolocation,/mnt/ubna_data_01_mir/recover-20220825/UBNA_002/20220823_033000.WAV,Telephone Field,recover-20220825,002,1795
803.0085,803.0166,50390,57239,Pipistrellus pipistrellus,0.028,0.034,-1,Echolocation,/mnt/ubna_data_01_mir/recover-20220825/UBNA_002/20220823_033000.WAV,Telephone Field,recover-20220825,002,1795
803.0485,803.0546,37500,60277,Myotis brandtii,0.011,0.022,-1,Echolocation,/mnt/ubna_data_01_mir/recover-20220825/UBNA_002/20220823_033000.WAV,Telephone Field,recover-20220825,002,1795
803.0735,803.1138,68437,82234,Rhinolophus ferrumequinum,0.021,0.021,-1,Echolocation,/mnt/ubna_data_01_mir/recover-20220825/UBNA_002/20220823_033000.WAV,Telephone Field,recover-20220825,002,1795
803.0735,803.0824,55546,62448,Pipistrellus pygmaeus,0.029,0.031,-1,Echolocation,/mnt/ubna_data_01_mir/recover-20220825/UBNA_002/20220823_033000.WAV,Telephone Field,recover-20220825,002,1795
803.0775,803.0836,32343,66607,Myotis brandtii,0.015,0.029,-1,Echolocation,/mnt/ubna_data_01_mir/recover-20220825/UBNA_002/20220823_033000.WAV,Telephone Field,recover-20220825,002,1795
803.0775,803.0858,43515,55220,Pipistrellus nathusii,0.013,0.029,-1,Echolocation,/mnt/ubna_data_01_mir/recover-20220825/UBNA_002/20220823_033000.WAV,Telephone Field,recover-20220825,002,1795
803.0865,803.0946,28046,37013,Eptesicus serotinus,0.009,0.024,-1,Echolocation,/mnt/ubna_data_01_mir/recover-20220825/UBNA_002/20220823_033000.WAV,Telephone Field,recover-20220825,002,1795
803.1445,803.1549,45234,50128,Pipistrellus pipistrellus,0.019,0.028,-1,Echolocation,/mnt/ubna_data_01_mir/recover-20220825/UBNA_002/20220823_033000.WAV,Telephone Field,recover-20220825,002,1795
803.1475,803.1584,24609,31744,Eptesicus serotinus,0.008,0.021,-1,Echolocation,/mnt/ubna_data_01_mir/recover-20220825/UBNA_002/20220823_033000.WAV,Telephone Field,recover-20220825,002,1795
803.1545,803.1882,68437,81221,Rhinolophus ferrumequinum,0.021,0.021,-1,Echolocation,/mnt/ubna_data_01_mir/recover-20220825/UBNA_002/20220823_033000.WAV,Telephone Field,recover-20220825,002,1795
803.1645,803.1759,56406,62272,Pipistrellus pygmaeus,0.021,0.022,-1,Echolocation,/mnt/ubna_data_01_mir/recover-20220825/UBNA_002/20220823_033000.WAV,Telephone Field,recover-20220825,002,1795
803.1705,803.1813,40937,46020,Pipistrellus nathusii,0.028,0.039,-1,Echolocation,/mnt/ubna_data_01_mir/recover-20220825/UBNA_002/20220823_033000.WAV,Telephone Field,recover-20220825,002,1795
803.1945,803.2064,43515,47926,Pipistrellus pipistrellus,0.01,0.023,-1,Echolocation,/mnt/ubna_data_01_mir/recover-20220825/UBNA_002/20220823_033000.WAV,Telephone Field,recover-20220825,002,1795
803.2035,803.2087,30625,40581,Myotis daubentonii,0.014,0.032,-1,Echolocation,/mnt/ubna_data_01_mir/recover-20220825/UBNA_002/20220823_033000.WAV,Telephone Field,recover-20220825,002,1795
803.2155,803.2254,52109,58399,Pipistrellus pygmaeus,0.028,0.034,-1,Echolocation,/mnt/ubna_data_01_mir/recover-20220825/UBNA_002/20220823_033000.WAV,Telephone Field,recover-20220825,002,1795
803.2195,803.2265,40078,64417,Pipistrellus nathusii,0.194,0.24,-1,Echolocation,/mnt/ubna_data_01_mir/recover-20220825/UBNA_002/20220823_033000.WAV,Telephone Field,recover-20220825,002,1795
803.2195,803.2267,34921,75078,Myotis brandtii,0.214,0.297,-1,Echolocation,/mnt/ubna_data_01_mir/recover-20220825/UBNA_002/20220823_033000.WAV,Telephone Field,recover-20220825,002,1795
803.2215,803.2276,50390,55903,Pipistrellus pipistrellus,0.019,0.034,-1,Echolocation,/mnt/ubna_data_01_mir/recover-20220825/UBNA_002/20220823_033000.WAV,Telephone Field,recover-20220825,002,1795
803.2295,803.2357,30625,44156,Myotis daubentonii,0.01,0.022,-1,Echolocation,/mnt/ubna_data_01_mir/recover-20220825/UBNA_002/20220823_033000.WAV,Telephone Field,recover-20220825,002,1795
803.2735,803.2828,23750,31469,Eptesicus serotinus,0.007,0.023,-1,Echolocation,/mnt/ubna_data_01_mir/recover-20220825/UBNA_002/20220823_033000.WAV,Telephone Field,recover-20220825,002,1795
803.2925,803.2987,35781,63590,Myotis brandtii,0.016,0.024,-1,Echolocation,/mnt/ubna_data_01_mir/recover-20220825/UBNA_002/20220823_033000.WAV,Telephone Field,recover-20220825,002,1795
803.3165,803.3216,32343,44112,Barbastellus barbastellus,0.012,0.034,-1,Echolocation,/mnt/ubna_data_01_mir/recover-20220825/UBNA_002/20220823_033000.WAV,Telephone Field,recover-20220825,002,1795
803.3315,803.3381,27187,89077,Myotis bechsteinii,0.087,0.119,-1,Echolocation,/mnt/ubna_data_01_mir/recover-20220825/UBNA_002/20220823_033000.WAV,Telephone Field,recover-20220825,002,1795
803.3315,803.3393,36640,73789,Pipistrellus nathusii,0.198,0.28,-1,Echolocation,/mnt/ubna_data_01_mir/recover-20220825/UBNA_002/20220823_033000.WAV,Telephone Field,recover-20220825,002,1795
803.3325,803.3389999999999,51250,58200,Pipistrellus pipistrellus,0.02,0.039,-1,Echolocation,/mnt/ubna_data_01_mir/recover-20220825/UBNA_002/20220823_033000.WAV,Telephone Field,recover-20220825,002,1795
803.3395,803.3466,39218,52415,Pipistrellus nathusii,0.019,0.036,-1,Echolocation,/mnt/ubna_data_01_mir/recover-20220825/UBNA_002/20220823_033000.WAV,Telephone Field,recover-20220825,002,1795
803.3415,803.3486,26328,40044,Eptesicus serotinus,0.006,0.022,-1,Echolocation,/mnt/ubna_data_01_mir/recover-20220825/UBNA_002/20220823_033000.WAV,Telephone Field,recover-20220825,002,1795
803.3425,803.3482,32343,57493,Myotis brandtii,0.011,0.023,-1,Echolocation,/mnt/ubna_data_01_mir/recover-20220825/UBNA_002/20220823_033000.WAV,Telephone Field,recover-20220825,002,1795
803.4045,803.4110000000001,28046,84044,Myotis bechsteinii,0.062,0.113,-1,Echolocation,/mnt/ubna_data_01_mir/recover-20220825/UBNA_002/20220823_033000.WAV,Telephone Field,recover-20220825,002,1795
803.4045,803.4114,40078,69451,Pipistrellus nathusii,0.514,0.538,-1,Echolocation,/mnt/ubna_data_01_mir/recover-20220825/UBNA_002/20220823_033000.WAV,Telephone Field,recover-20220825,002,1795
803.4135,803.4205,39218,53173,Myotis brandtii,0.012,0.028,-1,Echolocation,/mnt/ubna_data_01_mir/recover-20220825/UBNA_002/20220823_033000.WAV,Telephone Field,recover-20220825,002,1795
803.4145,803.4205,29765,42452,Myotis daubentonii,0.011,0.025,-1,Echolocation,/mnt/ubna_data_01_mir/recover-20220825/UBNA_002/20220823_033000.WAV,Telephone Field,recover-20220825,002,1795
803.4805,803.4887,37500,76724,Pipistrellus nathusii,0.313,0.388,-1,Echolocation,/mnt/ubna_data_01_mir/recover-20220825/UBNA_002/20220823_033000.WAV,Telephone Field,recover-20220825,002,1795
803.4815,803.4879,28906,84066,Myotis bechsteinii,0.05,0.1,-1,Echolocation,/mnt/ubna_data_01_mir/recover-20220825/UBNA_002/20220823_033000.WAV,Telephone Field,recover-20220825,002,1795
803.4895,803.4974,40937,58495,Pipistrellus nathusii,0.039,0.056,-1,Echolocation,/mnt/ubna_data_01_mir/recover-20220825/UBNA_002/20220823_033000.WAV,Telephone Field,recover-20220825,002,1795
803.5685,803.5755,48671,60360,Pipistrellus pipistrellus,0.023,0.046,-1,Echolocation,/mnt/ubna_data_01_mir/recover-20220825/UBNA_002/20220823_033000.WAV,Telephone Field,recover-20220825,002,1795
803.5715,803.5789,32343,78251,Myotis brandtii,0.211,0.311,-1,Echolocation,/mnt/ubna_data_01_mir/recover-20220825/UBNA_002/20220823_033000.WAV,Telephone Field,recover-20220825,002,1795
803.5715,803.601,68437,81872,Rhinolophus ferrumequinum,0.026,0.026,-1,Echolocation,/mnt/ubna_data_01_mir/recover-20220825/UBNA_002/20220823_033000.WAV,Telephone Field,recover-20220825,002,1795
803.5795,803.5864,38359,51416,Pipistrellus nathusii,0.022,0.037,-1,Echolocation,/mnt/ubna_data_01_mir/recover-20220825/UBNA_002/20220823_033000.WAV,Telephone Field,recover-20220825,002,1795
803.5845,803.617,68437,80964,Rhinolophus ferrumequinum,0.022,0.022,-1,Echolocation,/mnt/ubna_data_01_mir/recover-20220825/UBNA_002/20220823_033000.WAV,Telephone Field,recover-20220825,002,1795
803.6675,803.6736,28046,86899,Myotis bechsteinii,0.103,0.195,-1,Echolocation,/mnt/ubna_data_01_mir/recover-20220825/UBNA_002/20220823_033000.WAV,Telephone Field,recover-20220825,002,1795
803.6675,803.6758,38359,69990,Pipistrellus nathusii,0.48,0.523,-1,Echolocation,/mnt/ubna_data_01_mir/recover-20220825/UBNA_002/20220823_033000.WAV,Telephone Field,recover-20220825,002,1795
803.6765,803.6833,40078,58541,Pipistrellus nathusii,0.033,0.05,-1,Echolocation,/mnt/ubna_data_01_mir/recover-20220825/UBNA_002/20220823_033000.WAV,Telephone Field,recover-20220825,002,1795
803.6775,803.6849,26328,38225,Eptesicus serotinus,0.007,0.023,-1,Echolocation,/mnt/ubna_data_01_mir/recover-20220825/UBNA_002/20220823_033000.WAV,Telephone Field,recover-20220825,002,1795
803.7265,803.7354,28046,36915,Eptesicus serotinus,0.008,0.021,-1,Echolocation,/mnt/ubna_data_01_mir/recover-20220825/UBNA_002/20220823_033000.WAV,Telephone Field,recover-20220825,002,1795
803.7295,803.7386,54687,60298,Pipistrellus pygmaeus,0.028,0.029,-1,Echolocation,/mnt/ubna_data_01_mir/recover-20220825/UBNA_002/20220823_033000.WAV,Telephone Field,recover-20220825,002,1795
803.7325,803.7413,27187,37431,Eptesicus serotinus,0.008,0.021,-1,Echolocation,/mnt/ubna_data_01_mir/recover-20220825/UBNA_002/20220823_033000.WAV,Telephone Field,recover-20220825,002,1795
803.7545,803.7607,31484,40935,Myotis daubentonii,0.01,0.025,-1,Echolocation,/mnt/ubna_data_01_mir/recover-20220825/UBNA_002/20220823_033000.WAV,Telephone Field,recover-20220825,002,1795
803.7695,803.7764,39218,69924,Pipistrellus nathusii,0.668,0.688,-1,Echolocation,/mnt/ubna_data_01_mir/recover-20220825/UBNA_002/20220823_033000.WAV,Telephone Field,recover-20220825,002,1795
803.7695,803.7764999999999,50390,61492,Pipistrellus pipistrellus,0.021,0.039,-1,Echolocation,/mnt/ubna_data_01_mir/recover-20220825/UBNA_002/20220823_033000.WAV,Telephone Field,recover-20220825,002,1795
803.7695,803.7755,28046,85965,Myotis bechsteinii,0.079,0.145,-1,Echolocation,/mnt/ubna_data_01_mir/recover-20220825/UBNA_002/20220823_033000.WAV,Telephone Field,recover-20220825,002,1795
803.7785,803.7849,38359,52587,Pipistrellus nathusii,0.018,0.036,-1,Echolocation,/mnt/ubna_data_01_mir/recover-20220825/UBNA_002/20220823_033000.WAV,Telephone Field,recover-20220825,002,1795
803.7785,803.7857,27187,41135,Eptesicus serotinus,0.006,0.022,-1,Echolocation,/mnt/ubna_data_01_mir/recover-20220825/UBNA_002/20220823_033000.WAV,Telephone Field,recover-20220825,002,1795
803.7815,803.8124,68437,80118,Rhinolophus ferrumequinum,0.021,0.021,-1,Echolocation,/mnt/ubna_data_01_mir/recover-20220825/UBNA_002/20220823_033000.WAV,Telephone Field,recover-20220825,002,1795
803.8585,803.8642,32343,41964,Myotis daubentonii,0.008,0.022,-1,Echolocation,/mnt/ubna_data_01_mir/recover-20220825/UBNA_002/20220823_033000.WAV,Telephone Field,recover-20220825,002,1795
803.8715,803.8808,50390,62276,Pipistrellus pipistrellus,0.017,0.029,-1,Echolocation,/mnt/ubna_data_01_mir/recover-20220825/UBNA_002/20220823_033000.WAV,Telephone Field,recover-20220825,002,1795
803.8715,803.8788,39218,70064,Pipistrellus nathusii,0.425,0.464,-1,Echolocation,/mnt/ubna_data_01_mir/recover-20220825/UBNA_002/20220823_033000.WAV,Telephone Field,recover-20220825,002,1795
803.8715,803.8782,28906,90979,Myotis bechsteinii,0.067,0.114,-1,Echolocation,/mnt/ubna_data_01_mir/recover-20220825/UBNA_002/20220823_033000.WAV,Telephone Field,recover-20220825,002,1795
803.8815,803.8864,34062,59438,Myotis brandtii,0.02,0.032,-1,Echolocation,/mnt/ubna_data_01_mir/recover-20220825/UBNA_002/20220823_033000.WAV,Telephone Field,recover-20220825,002,1795
803.8855,803.9177999999999,68437,80983,Rhinolophus ferrumequinum,0.023,0.023,-1,Echolocation,/mnt/ubna_data_01_mir/recover-20220825/UBNA_002/20220823_033000.WAV,Telephone Field,recover-20220825,002,1795
803.9235,803.9304,28046,35737,Eptesicus serotinus,0.007,0.021,-1,Echolocation,/mnt/ubna_data_01_mir/recover-20220825/UBNA_002/20220823_033000.WAV,Telephone Field,recover-20220825,002,1795
803.9365,803.9436,40078,68018,Pipistrellus nathusii,0.401,0.427,-1,Echolocation,/mnt/ubna_data_01_mir/recover-20220825/UBNA_002/20220823_033000.WAV,Telephone Field,recover-20220825,002,1795
803.9365,803.944,30625,91350,Myotis brandtii,0.118,0.168,-1,Echolocation,/mnt/ubna_data_01_mir/recover-20220825/UBNA_002/20220823_033000.WAV,Telephone Field,recover-20220825,002,1795
803.9445,803.9515,40937,53882,Pipistrellus nathusii,0.061,0.068,-1,Echolocation,/mnt/ubna_data_01_mir/recover-20220825/UBNA_002/20220823_033000.WAV,Telephone Field,recover-20220825,002,1795
803.9455,803.9506,32343,54065,Myotis brandtii,0.015,0.032,-1,Echolocation,/mnt/ubna_data_01_mir/recover-20220825/UBNA_002/20220823_033000.WAV,Telephone Field,recover-20220825,002,1795
804.0015,804.0195,71875,88353,Rhinolophus ferrumequinum,0.033,0.034,-1,Echolocation,/mnt/ubna_data_01_mir/recover-20220825/UBNA_002/20220823_033000.WAV,Telephone Field,recover-20220825,002,1795
804.0065,804.0131,40078,68783,Pipistrellus nathusii,0.728,0.768,-1,Echolocation,/mnt/ubna_data_01_mir/recover-20220825/UBNA_002/20220823_033000.WAV,Telephone Field,recover-20220825,002,1795
804.0065,804.0126,28046,80863,Myotis brandtii,0.069,0.133,-1,Echolocation,/mnt/ubna_data_01_mir/recover-20220825/UBNA_002/20220823_033000.WAV,Telephone Field,recover-20220825,002,1795
804.0155,804.0231,38359,48342,Pipistrellus nathusii,0.024,0.041,-1,Echolocation,/mnt/ubna_data_01_mir/recover-20220825/UBNA_002/20220823_033000.WAV,Telephone Field,recover-20220825,002,1795
804.0165,804.0215,33203,50543,Myotis brandtii,0.012,0.024,-1,Echolocation,/mnt/ubna_data_01_mir/recover-20220825/UBNA_002/20220823_033000.WAV,Telephone Field,recover-20220825,002,1795
804.0815,804.0905,28046,33503,Eptesicus serotinus,0.012,0.028,-1,Echolocation,/mnt/ubna_data_01_mir/recover-20220825/UBNA_002/20220823_033000.WAV,Telephone Field,recover-20220825,002,1795
804.0865,804.0939,49531,54832,Pipistrellus pipistrellus,0.013,0.026,-1,Echolocation,/mnt/ubna_data_01_mir/recover-20220825/UBNA_002/20220823_033000.WAV,Telephone Field,recover-20220825,002,1795
804.0935,804.104,48671,57848,Pipistrellus pipistrellus,0.019,0.03,-1,Echolocation,/mnt/ubna_data_01_mir/recover-20220825/UBNA_002/20220823_033000.WAV,Telephone Field,recover-20220825,002,1795
804.0945,804.1013,35781,73495,Myotis brandtii,0.31,0.469,-1,Echolocation,/mnt/ubna_data_01_mir/recover-20220825/UBNA_002/20220823_033000.WAV,Telephone Field,recover-20220825,002,1795
804.0945,804.1005,25468,89834,Myotis bechsteinii,0.096,0.123,-1,Echolocation,/mnt/ubna_data_01_mir/recover-20220825/UBNA_002/20220823_033000.WAV,Telephone Field,recover-20220825,002,1795
804.1585,804.1944,68437,81789,Rhinolophus ferrumequinum,0.025,0.025,-1,Echolocation,/mnt/ubna_data_01_mir/recover-20220825/UBNA_002/20220823_033000.WAV,Telephone Field,recover-20220825,002,1795
804.1605,804.1689,28046,36594,Eptesicus serotinus,0.008,0.021,-1,Echolocation,/mnt/ubna_data_01_mir/recover-20220825/UBNA_002/20220823_033000.WAV,Telephone Field,recover-20220825,002,1795
804.1695,804.2019,68437,80571,Rhinolophus ferrumequinum,0.022,0.023,-1,Echolocation,/mnt/ubna_data_01_mir/recover-20220825/UBNA_002/20220823_033000.WAV,Telephone Field,recover-20220825,002,1795
804.1935,804.2037,47812,56868,Pipistrellus pipistrellus,0.026,0.045,-1,Echolocation,/mnt/ubna_data_01_mir/recover-20220825/UBNA_002/20220823_033000.WAV,Telephone Field,recover-20220825,002,1795
804.1955,804.2034,34062,79832,Myotis brandtii,0.296,0.359,-1,Echolocation,/mnt/ubna_data_01_mir/recover-20220825/UBNA_002/20220823_033000.WAV,Telephone Field,recover-20220825,002,1795
804.2115,804.2471,68437,80902,Rhinolophus ferrumequinum,0.023,0.023,-1,Echolocation,/mnt/ubna_data_01_mir/recover-20220825/UBNA_002/20220823_033000.WAV,Telephone Field,recover-20220825,002,1795
804.2315,804.27,68437,81871,Rhinolophus ferrumequinum,0.022,0.022,-1,Echolocation,/mnt/ubna_data_01_mir/recover-20220825/UBNA_002/20220823_033000.WAV,Telephone Field,recover-20220825,002,1795
804.2475,804.2584,23750,30406,Eptesicus serotinus,0.008,0.023,-1,Echolocation,/mnt/ubna_data_01_mir/recover-20220825/UBNA_002/20220823_033000.WAV,Telephone Field,recover-20220825,002,1795
804.2525,804.2606,27187,35716,Eptesicus serotinus,0.008,0.022,-1,Echolocation,/mnt/ubna_data_01_mir/recover-20220825/UBNA_002/20220823_033000.WAV,Telephone Field,recover-20220825,002,1795
804.2815,804.2879,35781,74341,Myotis brandtii,0.388,0.474,-1,Echolocation,/mnt/ubna_data_01_mir/recover-20220825/UBNA_002/20220823_033000.WAV,Telephone Field,recover-20220825,002,1795
804.2825,804.2876,25468,86080,Myotis bechsteinii,0.066,0.097,-1,Echolocation,/mnt/ubna_data_01_mir/recover-20220825/UBNA_002/20220823_033000.WAV,Telephone Field,recover-20220825,002,1795
804.2835,804.2906,43515,57322,Pipistrellus nathusii,0.064,0.078,-1,Echolocation,/mnt/ubna_data_01_mir/recover-20220825/UBNA_002/20220823_033000.WAV,Telephone Field,recover-20220825,002,1795
804.3095,804.3457,68437,81420,Rhinolophus ferrumequinum,0.021,0.021,-1,Echolocation,/mnt/ubna_data_01_mir/recover-20220825/UBNA_002/20220823_033000.WAV,Telephone Field,recover-20220825,002,1795
804.3155,804.3535,68437,81359,Rhinolophus ferrumequinum,0.021,0.021,-1,Echolocation,/mnt/ubna_data_01_mir/recover-20220825/UBNA_002/20220823_033000.WAV,Telephone Field,recover-20220825,002,1795
804.3225,804.3294,28046,38433,Eptesicus serotinus,0.013,0.033,-1,Echolocation,/mnt/ubna_data_01_mir/recover-20220825/UBNA_002/20220823_033000.WAV,Telephone Field,recover-20220825,002,1795
804.3755,804.4154,68437,82469,Rhinolophus ferrumequinum,0.021,0.021,-1,Echolocation,/mnt/ubna_data_01_mir/recover-20220825/UBNA_002/20220823_033000.WAV,Telephone Field,recover-20220825,002,1795
804.3965,804.4092,50390,58671,Pipistrellus pygmaeus,0.024,0.05,-1,Echolocation,/mnt/ubna_data_01_mir/recover-20220825/UBNA_002/20220823_033000.WAV,Telephone Field,recover-20220825,002,1795
804.3985,804.4051,35781,65166,Myotis brandtii,0.258,0.471,-1,Echolocation,/mnt/ubna_data_01_mir/recover-20220825/UBNA_002/20220823_033000.WAV,Telephone Field,recover-20220825,002,1795
804.4085,804.4143,29765,41488,Myotis daubentonii,0.011,0.026,-1,Echolocation,/mnt/ubna_data_01_mir/recover-20220825/UBNA_002/20220823_033000.WAV,Telephone Field,recover-20220825,002,1795
804.4685,804.4749,28046,34551,Eptesicus serotinus,0.007,0.023,-1,Echolocation,/mnt/ubna_data_01_mir/recover-20220825/UBNA_002/20220823_033000.WAV,Telephone Field,recover-20220825,002,1795
804.4725,804.4817,54687,60502,Pipistrellus pygmaeus,0.031,0.032,-1,Echolocation,/mnt/ubna_data_01_mir/recover-20220825/UBNA_002/20220823_033000.WAV,Telephone Field,recover-20220825,002,1795
804.4795,804.4856,40937,70388,Pipistrellus nathusii,0.244,0.482,-1,Echolocation,/mnt/ubna_data_01_mir/recover-20220825/UBNA_002/20220823_033000.WAV,Telephone Field,recover-20220825,002,1795
804.5345,804.5455,55546,63365,Pipistrellus pygmaeus,0.027,0.028,-1,Echolocation,/mnt/ubna_data_01_mir/recover-20220825/UBNA_002/20220823_033000.WAV,Telephone Field,recover-20220825,002,1795
804.5815,804.5913,47812,57926,Pipistrellus pipistrellus,0.026,0.06,-1,Echolocation,/mnt/ubna_data_01_mir/recover-20220825/UBNA_002/20220823_033000.WAV,Telephone Field,recover-20220825,002,1795
804.5845,804.5908,36640,74959,Myotis brandtii,0.34,0.409,-1,Echolocation,/mnt/ubna_data_01_mir/recover-20220825/UBNA_002/20220823_033000.WAV,Telephone Field,recover-20220825,002,1795
804.5935,804.5993,32343,44906,Myotis daubentonii,0.009,0.023,-1,Echolocation,/mnt/ubna_data_01_mir/recover-20220825/UBNA_002/20220823_033000.WAV,Telephone Field,recover-20220825,002,1795
804.6015,804.6399,68437,82212,Rhinolophus ferrumequinum,0.023,0.023,-1,Echolocation,/mnt/ubna_data_01_mir/recover-20220825/UBNA_002/20220823_033000.WAV,Telephone Field,recover-20220825,002,1795
804.6605,804.6661,41796,60791,Pipistrellus nathusii,0.157,0.342,-1,Echolocation,/mnt/ubna_data_01_mir/recover-20220825/UBNA_002/20220823_033000.WAV,Telephone Field,recover-20220825,002,1795
804.6835,804.6944,27187,34308,Eptesicus serotinus,0.013,0.024,-1,Echolocation,/mnt/ubna_data_01_mir/recover-20220825/UBNA_002/20220823_033000.WAV,Telephone Field,recover-20220825,002,1795
804.7105,804.75,68437,82719,Rhinolophus ferrumequinum,0.024,0.024,-1,Echolocation,/mnt/ubna_data_01_mir/recover-20220825/UBNA_002/20220823_033000.WAV,Telephone Field,recover-20220825,002,1795
804.7275,804.767,68437,82419,Rhinolophus ferrumequinum,0.02,0.02,-1,Echolocation,/mnt/ubna_data_01_mir/recover-20220825/UBNA_002/20220823_033000.WAV,Telephone Field,recover-20220825,002,1795
804.7285,804.7386,41796,51870,Pipistrellus nathusii,0.028,0.038,-1,Echolocation,/mnt/ubna_data_01_mir/recover-20220825/UBNA_002/20220823_033000.WAV,Telephone Field,recover-20220825,002,1795
804.7325,804.744,15156,21940,Nyctalus noctula,0.015,0.026,-1,Echolocation,/mnt/ubna_data_01_mir/recover-20220825/UBNA_002/20220823_033000.WAV,Telephone Field,recover-20220825,002,1795
804.7505,804.7562,40937,66484,Myotis brandtii,0.174,0.393,-1,Echolocation,/mnt/ubna_data_01_mir/recover-20220825/UBNA_002/20220823_033000.WAV,Telephone Field,recover-20220825,002,1795
804.7515,804.7581,52968,57590,Pipistrellus pygmaeus,0.034,0.04,-1,Echolocation,/mnt/ubna_data_01_mir/recover-20220825/UBNA_002/20220823_033000.WAV,Telephone Field,recover-20220825,002,1795
804.7675,804.8078,68437,82362,Rhinolophus ferrumequinum,0.022,0.022,-1,Echolocation,/mnt/ubna_data_01_mir/recover-20220825/UBNA_002/20220823_033000.WAV,Telephone Field,recover-20220825,002,1795
804.7715,804.7799,27187,37228,Eptesicus serotinus,0.008,0.02,-1,Echolocation,/mnt/ubna_data_01_mir/recover-20220825/UBNA_002/20220823_033000.WAV,Telephone Field,recover-20220825,002,1795
804.7985,804.8372,68437,81924,Rhinolophus ferrumequinum,0.02,0.02,-1,Echolocation,/mnt/ubna_data_01_mir/recover-20220825/UBNA_002/20220823_033000.WAV,Telephone Field,recover-20220825,002,1795
804.8115,804.8177,43515,64485,Pipistrellus nathusii,0.289,0.44,-1,Echolocation,/mnt/ubna_data_01_mir/recover-20220825/UBNA_002/20220823_033000.WAV,Telephone Field,recover-20220825,002,1795
804.8785,804.8852,34062,73316,Myotis brandtii,0.367,0.438,-1,Echolocation,/mnt/ubna_data_01_mir/recover-20220825/UBNA_002/20220823_033000.WAV,Telephone Field,recover-20220825,002,1795
804.8795,804.8929,48671,54594,Pipistrellus pipistrellus,0.02,0.036,-1,Echolocation,/mnt/ubna_data_01_mir/recover-20220825/UBNA_002/20220823_033000.WAV,Telephone Field,recover-20220825,002,1795
804.8885,804.894,32343,51062,Myotis brandtii,0.011,0.023,-1,Echolocation,/mnt/ubna_data_01_mir/recover-20220825/UBNA_002/20220823_033000.WAV,Telephone Field,recover-20220825,002,1795
804.9465,804.9526,36640,67061,Myotis brandtii,0.365,0.469,-1,Echolocation,/mnt/ubna_data_01_mir/recover-20220825/UBNA_002/20220823_033000.WAV,Telephone Field,recover-20220825,002,1795
804.9465,804.952,28046,87808,Myotis brandtii,0.066,0.139,-1,Echolocation,/mnt/ubna_data_01_mir/recover-20220825/UBNA_002/20220823_033000.WAV,Telephone Field,recover-20220825,002,1795
804.9675,804.9792,24609,29934,Nyctalus leisleri,0.011,0.026,-1,Echolocation,/mnt/ubna_data_01_mir/recover-20220825/UBNA_002/20220823_033000.WAV,Telephone Field,recover-20220825,002,1795
805.0005,805.0057,39218,61112,Myotis brandtii,0.234,0.446,-1,Echolocation,/mnt/ubna_data_01_mir/recover-20220825/UBNA_002/20220823_033000.WAV,Telephone Field,recover-20220825,002,1795
805.0145,805.0247,28046,35591,Eptesicus serotinus,0.009,0.024,-1,Echolocation,/mnt/ubna_data_01_mir/recover-20220825/UBNA_002/20220823_033000.WAV,Telephone Field,recover-20220825,002,1795
805.0635,805.0765,44375,49802,Pipistrellus pipistrellus,0.022,0.036,-1,Echolocation,/mnt/ubna_data_01_mir/recover-20220825/UBNA_002/20220823_033000.WAV,Telephone Field,recover-20220825,002,1795
805.0755,805.0818,27187,39137,Eptesicus serotinus,0.007,0.025,-1,Echolocation,/mnt/ubna_data_01_mir/recover-20220825/UBNA_002/20220823_033000.WAV,Telephone Field,recover-20220825,002,1795
805.0865,805.0973,38359,43412,Pipistrellus nathusii,0.013,0.021,-1,Echolocation,/mnt/ubna_data_01_mir/recover-20220825/UBNA_002/20220823_033000.WAV,Telephone Field,recover-20220825,002,1795
805.1025,805.111,46093,52018,Pipistrellus pipistrellus,0.025,0.034,-1,Echolocation,/mnt/ubna_data_01_mir/recover-20220825/UBNA_002/20220823_033000.WAV,Telephone Field,recover-20220825,002,1795
805.1175,805.158,68437,82656,Rhinolophus ferrumequinum,0.021,0.021,-1,Echolocation,/mnt/ubna_data_01_mir/recover-20220825/UBNA_002/20220823_033000.WAV,Telephone Field,recover-20220825,002,1795
805.1205,805.1302,24609,32558,Eptesicus serotinus,0.011,0.027,-1,Echolocation,/mnt/ubna_data_01_mir/recover-20220825/UBNA_002/20220823_033000.WAV,Telephone Field,recover-20220825,002,1795
805.1365,805.1446,39218,50368,Myotis brandtii,0.006,0.024,-1,Echolocation,/mnt/ubna_data_01_mir/recover-20220825/UBNA_002/20220823_033000.WAV,Telephone Field,recover-20220825,002,1795
805.1405,805.147,27187,37117,Eptesicus serotinus,0.005,0.021,-1,Echolocation,/mnt/ubna_data_01_mir/recover-20220825/UBNA_002/20220823_033000.WAV,Telephone Field,recover-20220825,002,1795
805.1495,805.1588,41796,51466,Pipistrellus nathusii,0.379,0.411,-1,Echolocation,/mnt/ubna_data_01_mir/recover-20220825/UBNA_002/20220823_033000.WAV,Telephone Field,recover-20220825,002,1795
805.2115,805.2217,27187,34912,Eptesicus serotinus,0.008,0.021,-1,Echolocation,/mnt/ubna_data_01_mir/recover-20220825/UBNA_002/20220823_033000.WAV,Telephone Field,recover-20220825,002,1795
805.2135,805.2192,46093,62177,Pipistrellus pipistrellus,0.01,0.026,-1,Echolocation,/mnt/ubna_data_01_mir/recover-20220825/UBNA_002/20220823_033000.WAV,Telephone Field,recover-20220825,002,1795
805.2135,805.2197,37500,68700,Myotis brandtii,0.014,0.022,-1,Echolocation,/mnt/ubna_data_01_mir/recover-20220825/UBNA_002/20220823_033000.WAV,Telephone Field,recover-20220825,002,1795
805.2455,805.2551,43515,51334,Pipistrellus nathusii,0.096,0.137,-1,Echolocation,/mnt/ubna_data_01_mir/recover-20220825/UBNA_002/20220823_033000.WAV,Telephone Field,recover-20220825,002,1795
805.2455,805.2844,68437,81872,Rhinolophus ferrumequinum,0.021,0.021,-1,Echolocation,/mnt/ubna_data_01_mir/recover-20220825/UBNA_002/20220823_033000.WAV,Telephone Field,recover-20220825,002,1795
805.2835,805.3214,68437,82360,Rhinolophus ferrumequinum,0.021,0.021,-1,Echolocation,/mnt/ubna_data_01_mir/recover-20220825/UBNA_002/20220823_033000.WAV,Telephone Field,recover-20220825,002,1795
805.2835,805.2905,43515,56692,Pipistrellus pipistrellus,0.008,0.021,-1,Echolocation,/mnt/ubna_data_01_mir/recover-20220825/UBNA_002/20220823_033000.WAV,Telephone Field,recover-20220825,002,1795
805.2915,805.3306,68437,82396,Rhinolophus ferrumequinum,0.022,0.022,-1,Echolocation,/mnt/ubna_data_01_mir/recover-20220825/UBNA_002/20220823_033000.WAV,Telephone Field,recover-20220825,002,1795
805.3075,805.3451,68437,82176,Rhinolophus ferrumequinum,0.021,0.021,-1,Echolocation,/mnt/ubna_data_01_mir/recover-20220825/UBNA_002/20220823_033000.WAV,Telephone Field,recover-20220825,002,1795
805.3335,805.3455,40937,50008,Pipistrellus nathusii,0.291,0.345,-1,Echolocation,/mnt/ubna_data_01_mir/recover-20220825/UBNA_002/20220823_033000.WAV,Telephone Field,recover-20220825,002,1795
805.3635,805.3719,55546,62315,Pipistrellus pygmaeus,0.02,0.021,-1,Echolocation,/mnt/ubna_data_01_mir/recover-20220825/UBNA_002/20220823_033000.WAV,Telephone Field,recover-20220825,002,1795
805.4115,805.4186,28046,38428,Eptesicus serotinus,0.007,0.024,-1,Echolocation,/mnt/ubna_data_01_mir/recover-20220825/UBNA_002/20220823_033000.WAV,Telephone Field,recover-20220825,002,1795
805.4275,805.4396,42656,47462,Pipistrellus nathusii,0.099,0.115,-1,Echolocation,/mnt/ubna_data_01_mir/recover-20220825/UBNA_002/20220823_033000.WAV,Telephone Field,recover-20220825,002,1795
805.4605,805.4682,55546,62105,Pipistrellus pygmaeus,0.025,0.026,-1,Echolocation,/mnt/ubna_data_01_mir/recover-20220825/UBNA_002/20220823_033000.WAV,Telephone Field,recover-20220825,002,1795
805.4785,805.5155,68437,81170,Rhinolophus ferrumequinum,0.023,0.023,-1,Echolocation,/mnt/ubna_data_01_mir/recover-20220825/UBNA_002/20220823_033000.WAV,Telephone Field,recover-20220825,002,1795
805.4785,805.4846,47812,55326,Pipistrellus pipistrellus,0.03,0.036,-1,Echolocation,/mnt/ubna_data_01_mir/recover-20220825/UBNA_002/20220823_033000.WAV,Telephone Field,recover-20220825,002,1795
805.4795,805.4852,34921,66161,Myotis brandtii,0.018,0.025,-1,Echolocation,/mnt/ubna_data_01_mir/recover-20220825/UBNA_002/20220823_033000.WAV,Telephone Field,recover-20220825,002,1795
805.5195,805.5304,40078,49445,Pipistrellus nathusii,0.326,0.37,-1,Echolocation,/mnt/ubna_data_01_mir/recover-20220825/UBNA_002/20220823_033000.WAV,Telephone Field,recover-20220825,002,1795
805.5275,805.5638,68437,81706,Rhinolophus ferrumequinum,0.022,0.022,-1,Echolocation,/mnt/ubna_data_01_mir/recover-20220825/UBNA_002/20220823_033000.WAV,Telephone Field,recover-20220825,002,1795
805.5635,805.6038,68437,82665,Rhinolophus ferrumequinum,0.022,0.022,-1,Echolocation,/mnt/ubna_data_01_mir/recover-20220825/UBNA_002/20220823_033000.WAV,Telephone Field,recover-20220825,002,1795
805.5915,805.6276,68437,81728,Rhinolophus ferrumequinum,0.021,0.021,-1,Echolocation,/mnt/ubna_data_01_mir/recover-20220825/UBNA_002/20220823_033000.WAV,Telephone Field,recover-20220825,002,1795
805.5975,805.6331,68437,80750,Rhinolophus ferrumequinum,0.021,0.021,-1,Echolocation,/mnt/ubna_data_01_mir/recover-20220825/UBNA_002/20220823_033000.WAV,Telephone Field,recover-20220825,002,1795
805.6075,805.6142,31484,59392,Myotis brandtii,0.01,0.022,-1,Echolocation,/mnt/ubna_data_01_mir/recover-20220825/UBNA_002/20220823_033000.WAV,Telephone Field,recover-20220825,002,1795
805.6105,805.6253,41796,48023,Pipistrellus nathusii,0.091,0.102,-1,Echolocation,/mnt/ubna_data_01_mir/recover-20220825/UBNA_002/20220823_033000.WAV,Telephone Field,recover-20220825,002,1795
805.6165,805.6525,68437,82198,Rhinolophus ferrumequinum,0.022,0.023,-1,Echolocation,/mnt/ubna_data_01_mir/recover-20220825/UBNA_002/20220823_033000.WAV,Telephone Field,recover-20220825,002,1795
805.6195,805.6279,27187,36691,Eptesicus serotinus,0.007,0.021,-1,Echolocation,/mnt/ubna_data_01_mir/recover-20220825/UBNA_002/20220823_033000.WAV,Telephone Field,recover-20220825,002,1795
805.6395,805.6759,68437,81533,Rhinolophus ferrumequinum,0.021,0.021,-1,Echolocation,/mnt/ubna_data_01_mir/recover-20220825/UBNA_002/20220823_033000.WAV,Telephone Field,recover-20220825,002,1795
805.6415,805.6496,28046,38216,Eptesicus serotinus,0.009,0.023,-1,Echolocation,/mnt/ubna_data_01_mir/recover-20220825/UBNA_002/20220823_033000.WAV,Telephone Field,recover-20220825,002,1795
805.6795,805.6855,29765,63794,Myotis brandtii,0.018,0.037,-1,Echolocation,/mnt/ubna_data_01_mir/recover-20220825/UBNA_002/20220823_033000.WAV,Telephone Field,recover-20220825,002,1795
805.6805,805.6925,40937,47626,Pipistrellus nathusii,0.075,0.092,-1,Echolocation,/mnt/ubna_data_01_mir/recover-20220825/UBNA_002/20220823_033000.WAV,Telephone Field,recover-20220825,002,1795
805.6975,805.7358,68437,81789,Rhinolophus ferrumequinum,0.022,0.022,-1,Echolocation,/mnt/ubna_data_01_mir/recover-20220825/UBNA_002/20220823_033000.WAV,Telephone Field,recover-20220825,002,1795
805.7065,805.7188,23750,28619,Nyctalus leisleri,0.01,0.021,-1,Echolocation,/mnt/ubna_data_01_mir/recover-20220825/UBNA_002/20220823_033000.WAV,Telephone Field,recover-20220825,002,1795
805.7145,805.7233,50390,58065,Pipistrellus pipistrellus,0.015,0.023,-1,Echolocation,/mnt/ubna_data_01_mir/recover-20220825/UBNA_002/20220823_033000.WAV,Telephone Field,recover-20220825,002,1795
805.7385,805.7473,40937,50314,Pipistrellus nathusii,0.227,0.273,-1,Echolocation,/mnt/ubna_data_01_mir/recover-20220825/UBNA_002/20220823_033000.WAV,Telephone Field,recover-20220825,002,1795
805.8115,805.8487,68437,81137,Rhinolophus ferrumequinum,0.02,0.02,-1,Echolocation,/mnt/ubna_data_01_mir/recover-20220825/UBNA_002/20220823_033000.WAV,Telephone Field,recover-20220825,002,1795
805.8235,805.8315,44375,54061,Pipistrellus pipistrellus,0.01,0.021,-1,Echolocation,/mnt/ubna_data_01_mir/recover-20220825/UBNA_002/20220823_033000.WAV,Telephone Field,recover-20220825,002,1795
805.8365,805.8746,68437,81880,Rhinolophus ferrumequinum,0.024,0.024,-1,Echolocation,/mnt/ubna_data_01_mir/recover-20220825/UBNA_002/20220823_033000.WAV,Telephone Field,recover-20220825,002,1795
805.8495,805.8864,68437,81846,Rhinolophus ferrumequinum,0.02,0.02,-1,Echolocation,/mnt/ubna_data_01_mir/recover-20220825/UBNA_002/20220823_033000.WAV,Telephone Field,recover-20220825,002,1795
805.8825,805.8889,30625,41676,Myotis daubentonii,0.007,0.024,-1,Echolocation,/mnt/ubna_data_01_mir/recover-20220825/UBNA_002/20220823_033000.WAV,Telephone Field,recover-20220825,002,1795
805.8955,805.9154,18593,22147,Nyctalus noctula,0.014,0.025,-1,Echolocation,/mnt/ubna_data_01_mir/recover-20220825/UBNA_002/20220823_033000.WAV,Telephone Field,recover-20220825,002,1795
805.8995,805.9138,42656,48736,Pipistrellus nathusii,0.119,0.13,-1,Echolocation,/mnt/ubna_data_01_mir/recover-20220825/UBNA_002/20220823_033000.WAV,Telephone Field,recover-20220825,002,1795
805.9005,805.9379,68437,81996,Rhinolophus ferrumequinum,0.023,0.023,-1,Echolocation,/mnt/ubna_data_01_mir/recover-20220825/UBNA_002/20220823_033000.WAV,Telephone Field,recover-20220825,002,1795
805.9395,805.9457,36640,63860,Myotis brandtii,0.016,0.024,-1,Echolocation,/mnt/ubna_data_01_mir/recover-20220825/UBNA_002/20220823_033000.WAV,Telephone Field,recover-20220825,002,1795
805.9465,805.9548,28046,36382,Eptesicus serotinus,0.011,0.028,-1,Echolocation,/mnt/ubna_data_01_mir/recover-20220825/UBNA_002/20220823_033000.WAV,Telephone Field,recover-20220825,002,1795
805.9525,805.9925,68437,82542,Rhinolophus ferrumequinum,0.022,0.022,-1,Echolocation,/mnt/ubna_data_01_mir/recover-20220825/UBNA_002/20220823_033000.WAV,Telephone Field,recover-20220825,002,1795
805.9565,805.9702,36640,40015,Pipistrellus nathusii,0.032,0.044,-1,Echolocation,/mnt/ubna_data_01_mir/recover-20220825/UBNA_002/20220823_033000.WAV,Telephone Field,recover-20220825,002,1795
806.0015,806.0297,68437,79487,Rhinolophus ferrumequinum,0.035,0.036,-1,Echolocation,/mnt/ubna_data_01_mir/recover-20220825/UBNA_002/20220823_033000.WAV,Telephone Field,recover-20220825,002,1795
806.0015,806.0103,48671,55905,Pipistrellus pipistrellus,0.019,0.031,-1,Echolocation,/mnt/ubna_data_01_mir/recover-20220825/UBNA_002/20220823_033000.WAV,Telephone Field,recover-20220825,002,1795
806.0015,806.0094,27187,37556,Eptesicus serotinus,0.008,0.029,-1,Echolocation,/mnt/ubna_data_01_mir/recover-20220825/UBNA_002/20220823_033000.WAV,Telephone Field,recover-20220825,002,1795
806.0365,806.0496,28046,34708,Eptesicus serotinus,0.021,0.034,-1,Echolocation,/mnt/ubna_data_01_mir/recover-20220825/UBNA_002/20220823_033000.WAV,Telephone Field,recover-20220825,002,1795
806.0905,806.1288,68437,82434,Rhinolophus ferrumequinum,0.022,0.022,-1,Echolocation,/mnt/ubna_data_01_mir/recover-20220825/UBNA_002/20220823_033000.WAV,Telephone Field,recover-20220825,002,1795
806.0955,806.1024,27187,37535,Eptesicus serotinus,0.008,0.025,-1,Echolocation,/mnt/ubna_data_01_mir/recover-20220825/UBNA_002/20220823_033000.WAV,Telephone Field,recover-20220825,002,1795
806.1005,806.113,41796,46442,Pipistrellus nathusii,0.288,0.301,-1,Echolocation,/mnt/ubna_data_01_mir/recover-20220825/UBNA_002/20220823_033000.WAV,Telephone Field,recover-20220825,002,1795
806.1675,806.2049,68437,82228,Rhinolophus ferrumequinum,0.024,0.024,-1,Echolocation,/mnt/ubna_data_01_mir/recover-20220825/UBNA_002/20220823_033000.WAV,Telephone Field,recover-20220825,002,1795
806.1755,806.182,40078,52354,Pipistrellus nathusii,0.171,0.354,-1,Echolocation,/mnt/ubna_data_01_mir/recover-20220825/UBNA_002/20220823_033000.WAV,Telephone Field,recover-20220825,002,1795
806.2445,806.2526,41796,47390,Pipistrellus nathusii,0.057,0.087,-1,Echolocation,/mnt/ubna_data_01_mir/recover-20220825/UBNA_002/20220823_033000.WAV,Telephone Field,recover-20220825,002,1795
806.2465,806.252,35781,49726,Myotis brandtii,0.027,0.064,-1,Echolocation,/mnt/ubna_data_01_mir/recover-20220825/UBNA_002/20220823_033000.WAV,Telephone Field,recover-20220825,002,1795
806.3085,806.3471,68437,81905,Rhinolophus ferrumequinum,0.024,0.024,-1,Echolocation,/mnt/ubna_data_01_mir/recover-20220825/UBNA_002/20220823_033000.WAV,Telephone Field,recover-20220825,002,1795
806.3105,806.3191,27187,37277,Eptesicus serotinus,0.008,0.023,-1,Echolocation,/mnt/ubna_data_01_mir/recover-20220825/UBNA_002/20220823_033000.WAV,Telephone Field,recover-20220825,002,1795
806.3355,806.3446,27187,36922,Eptesicus serotinus,0.011,0.026,-1,Echolocation,/mnt/ubna_data_01_mir/recover-20220825/UBNA_002/20220823_033000.WAV,Telephone Field,recover-20220825,002,1795
806.3795,806.3846,39218,52191,Pipistrellus nathusii,0.253,0.476,-1,Echolocation,/mnt/ubna_data_01_mir/recover-20220825/UBNA_002/20220823_033000.WAV,Telephone Field,recover-20220825,002,1795
806.3875,806.3933,31484,41612,Myotis daubentonii,0.011,0.022,-1,Echolocation,/mnt/ubna_data_01_mir/recover-20220825/UBNA_002/20220823_033000.WAV,Telephone Field,recover-20220825,002,1795
806.3885,806.3968,27187,34679,Eptesicus serotinus,0.007,0.023,-1,Echolocation,/mnt/ubna_data_01_mir/recover-20220825/UBNA_002/20220823_033000.WAV,Telephone Field,recover-20220825,002,1795
806.4085,806.4173,50390,60373,Pipistrellus pipistrellus,0.019,0.025,-1,Echolocation,/mnt/ubna_data_01_mir/recover-20220825/UBNA_002/20220823_033000.WAV,Telephone Field,recover-20220825,002,1795
806.4355,806.4428,28906,39498,Eptesicus serotinus,0.006,0.022,-1,Echolocation,/mnt/ubna_data_01_mir/recover-20220825/UBNA_002/20220823_033000.WAV,Telephone Field,recover-20220825,002,1795
806.4475,806.454,40937,49288,Pipistrellus nathusii,0.209,0.355,-1,Echolocation,/mnt/ubna_data_01_mir/recover-20220825/UBNA_002/20220823_033000.WAV,Telephone Field,recover-20220825,002,1795
806.4765,806.4838,28046,40570,Eptesicus serotinus,0.007,0.022,-1,Echolocation,/mnt/ubna_data_01_mir/recover-20220825/UBNA_002/20220823_033000.WAV,Telephone Field,recover-20220825,002,1795
806.5015,806.5112,28046,35787,Eptesicus serotinus,0.009,0.022,-1,Echolocation,/mnt/ubna_data_01_mir/recover-20220825/UBNA_002/20220823_033000.WAV,Telephone Field,recover-20220825,002,1795
806.5375,806.5508,40078,44507,Pipistrellus nathusii,0.133,0.14,-1,Echolocation,/mnt/ubna_data_01_mir/recover-20220825/UBNA_002/20220823_033000.WAV,Telephone Field,recover-20220825,002,1795
806.5395,806.5476,28906,41143,Eptesicus serotinus,0.006,0.024,-1,Echolocation,/mnt/ubna_data_01_mir/recover-20220825/UBNA_002/20220823_033000.WAV,Telephone Field,recover-20220825,002,1795
806.5595,806.5696,27187,36366,Eptesicus serotinus,0.012,0.029,-1,Echolocation,/mnt/ubna_data_01_mir/recover-20220825/UBNA_002/20220823_033000.WAV,Telephone Field,recover-20220825,002,1795
806.5815,806.5878,56406,63120,Pipistrellus pygmaeus,0.027,0.028,-1,Echolocation,/mnt/ubna_data_01_mir/recover-20220825/UBNA_002/20220823_033000.WAV,Telephone Field,recover-20220825,002,1795
806.6295,806.6356,36640,50385,Myotis brandtii,0.009,0.023,-1,Echolocation,/mnt/ubna_data_01_mir/recover-20220825/UBNA_002/20220823_033000.WAV,Telephone Field,recover-20220825,002,1795
806.6445,806.6511,39218,48418,Pipistrellus nathusii,0.284,0.441,-1,Echolocation,/mnt/ubna_data_01_mir/recover-20220825/UBNA_002/20220823_033000.WAV,Telephone Field,recover-20220825,002,1795
806.6835,806.6935,28046,35476,Eptesicus serotinus,0.012,0.025,-1,Echolocation,/mnt/ubna_data_01_mir/recover-20220825/UBNA_002/20220823_033000.WAV,Telephone Field,recover-20220825,002,1795
806.6845,806.7201,68437,81632,Rhinolophus ferrumequinum,0.022,0.022,-1,Echolocation,/mnt/ubna_data_01_mir/recover-20220825/UBNA_002/20220823_033000.WAV,Telephone Field,recover-20220825,002,1795
806.7145,806.7217,27187,39462,Eptesicus serotinus,0.007,0.023,-1,Echolocation,/mnt/ubna_data_01_mir/recover-20220825/UBNA_002/20220823_033000.WAV,Telephone Field,recover-20220825,002,1795
806.7325,806.7722,68437,82747,Rhinolophus ferrumequinum,0.022,0.022,-1,Echolocation,/mnt/ubna_data_01_mir/recover-20220825/UBNA_002/20220823_033000.WAV,Telephone Field,recover-20220825,002,1795
806.7395,806.7474,41796,48336,Pipistrellus nathusii,0.063,0.107,-1,Echolocation,/mnt/ubna_data_01_mir/recover-20220825/UBNA_002/20220823_033000.WAV,Telephone Field,recover-20220825,002,1795
806.7405,806.7471,28906,46743,Myotis daubentonii,0.012,0.03,-1,Echolocation,/mnt/ubna_data_01_mir/recover-20220825/UBNA_002/20220823_033000.WAV,Telephone Field,recover-20220825,002,1795
806.7485,806.7561,27187,38091,Eptesicus serotinus,0.008,0.024,-1,Echolocation,/mnt/ubna_data_01_mir/recover-20220825/UBNA_002/20220823_033000.WAV,Telephone Field,recover-20220825,002,1795
806.8025,806.8402,68437,82901,Rhinolophus ferrumequinum,0.024,0.024,-1,Echolocation,/mnt/ubna_data_01_mir/recover-20220825/UBNA_002/20220823_033000.WAV,Telephone Field,recover-20220825,002,1795
806.8185,806.8597,68437,82518,Rhinolophus ferrumequinum,0.022,0.022,-1,Echolocation,/mnt/ubna_data_01_mir/recover-20220825/UBNA_002/20220823_033000.WAV,Telephone Field,recover-20220825,002,1795
806.8285,806.8347,37500,50139,Pipistrellus nathusii,0.165,0.448,-1,Echolocation,/mnt/ubna_data_01_mir/recover-20220825/UBNA_002/20220823_033000.WAV,Telephone Field,recover-20220825,002,1795
806.8325,806.8689,68437,82426,Rhinolophus ferrumequinum,0.022,0.023,-1,Echolocation,/mnt/ubna_data_01_mir/recover-20220825/UBNA_002/20220823_033000.WAV,Telephone Field,recover-20220825,002,1795
806.8375,806.8441,26328,34786,Eptesicus serotinus,0.006,0.023,-1,Echolocation,/mnt/ubna_data_01_mir/recover-20220825/UBNA_002/20220823_033000.WAV,Telephone Field,recover-20220825,002,1795
806.8405,806.8761,68437,81274,Rhinolophus ferrumequinum,0.022,0.022,-1,Echolocation,/mnt/ubna_data_01_mir/recover-20220825/UBNA_002/20220823_033000.WAV,Telephone Field,recover-20220825,002,1795
806.8755,806.8860999999999,22890,28123,Nyctalus leisleri,0.009,0.024,-1,Echolocation,/mnt/ubna_data_01_mir/recover-20220825/UBNA_002/20220823_033000.WAV,Telephone Field,recover-20220825,002,1795
806.8785,806.9174,68437,82960,Rhinolophus ferrumequinum,0.022,0.022,-1,Echolocation,/mnt/ubna_data_01_mir/recover-20220825/UBNA_002/20220823_033000.WAV,Telephone Field,recover-20220825,002,1795
806.9014999999999,806.9069,35781,52627,Pipistrellus nathusii,0.155,0.388,-1,Echolocation,/mnt/ubna_data_01_mir/recover-20220825/UBNA_002/20220823_033000.WAV,Telephone Field,recover-20220825,002,1795
806.9105,806.9162,31484,42856,Myotis daubentonii,0.012,0.026,-1,Echolocation,/mnt/ubna_data_01_mir/recover-20220825/UBNA_002/20220823_033000.WAV,Telephone Field,recover-20220825,002,1795
806.9315,806.9392,27187,38080,Eptesicus serotinus,0.008,0.023,-1,Echolocation,/mnt/ubna_data_01_mir/recover-20220825/UBNA_002/20220823_033000.WAV,Telephone Field,recover-20220825,002,1795
806.9645,806.9699,38359,48273,Pipistrellus nathusii,0.228,0.431,-1,Echolocation,/mnt/ubna_data_01_mir/recover-20220825/UBNA_002/20220823_033000.WAV,Telephone Field,recover-20220825,002,1795
806.9725,806.9798,26328,35663,Eptesicus serotinus,0.008,0.027,-1,Echolocation,/mnt/ubna_data_01_mir/recover-20220825/UBNA_002/20220823_033000.WAV,Telephone Field,recover-20220825,002,1795
806.9755,807.0107,68437,81897,Rhinolophus ferrumequinum,0.022,0.022,-1,Echolocation,/mnt/ubna_data_01_mir/recover-20220825/UBNA_002/20220823_033000.WAV,Telephone Field,recover-20220825,002,1795
806.9855,806.9905,50390,57381,Pipistrellus pipistrellus,0.018,0.023,-1,Echolocation,/mnt/ubna_data_01_mir/recover-20220825/UBNA_002/20220823_033000.WAV,Telephone Field,recover-20220825,002,1795
807.0005,807.0106,28046,34966,Eptesicus serotinus,0.01,0.022,-1,Echolocation,/mnt/ubna_data_01_mir/recover-20220825/UBNA_002/20220823_033000.WAV,Telephone Field,recover-20220825,002,1795
807.0145,807.02,40937,54567,Myotis brandtii,0.067,0.196,-1,Echolocation,/mnt/ubna_data_01_mir/recover-20220825/UBNA_002/20220823_033000.WAV,Telephone Field,recover-20220825,002,1795
807.0155,807.0216,30625,61188,Myotis brandtii,0.035,0.066,-1,Echolocation,/mnt/ubna_data_01_mir/recover-20220825/UBNA_002/20220823_033000.WAV,Telephone Field,recover-20220825,002,1795
807.0715,807.1114,68437,82384,Rhinolophus ferrumequinum,0.022,0.022,-1,Echolocation,/mnt/ubna_data_01_mir/recover-20220825/UBNA_002/20220823_033000.WAV,Telephone Field,recover-20220825,002,1795
807.0775,807.0836,37500,52524,Myotis brandtii,0.092,0.281,-1,Echolocation,/mnt/ubna_data_01_mir/recover-20220825/UBNA_002/20220823_033000.WAV,Telephone Field,recover-20220825,002,1795
807.1025,807.1127,25468,32626,Eptesicus serotinus,0.01,0.024,-1,Echolocation,/mnt/ubna_data_01_mir/recover-20220825/UBNA_002/20220823_033000.WAV,Telephone Field,recover-20220825,002,1795
807.1095,807.1167,38359,50155,Myotis brandtii,0.01,0.027,-1,Echolocation,/mnt/ubna_data_01_mir/recover-20220825/UBNA_002/20220823_033000.WAV,Telephone Field,recover-20220825,002,1795
807.1275,807.1673,68437,82584,Rhinolophus ferrumequinum,0.027,0.027,-1,Echolocation,/mnt/ubna_data_01_mir/recover-20220825/UBNA_002/20220823_033000.WAV,Telephone Field,recover-20220825,002,1795
807.1525,807.1592,28046,39915,Eptesicus serotinus,0.006,0.023,-1,Echolocation,/mnt/ubna_data_01_mir/recover-20220825/UBNA_002/20220823_033000.WAV,Telephone Field,recover-20220825,002,1795
807.1965,807.2143,20312,23860,Nyctalus leisleri,0.01,0.023,-1,Echolocation,/mnt/ubna_data_01_mir/recover-20220825/UBNA_002/20220823_033000.WAV,Telephone Field,recover-20220825,002,1795
807.2195,807.2302999999999,33203,39705,Pipistrellus nathusii,0.009,0.029,-1,Echolocation,/mnt/ubna_data_01_mir/recover-20220825/UBNA_002/20220823_033000.WAV,Telephone Field,recover-20220825,002,1795
807.2225,807.2316,28046,36245,Eptesicus serotinus,0.01,0.026,-1,Echolocation,/mnt/ubna_data_01_mir/recover-20220825/UBNA_002/20220823_033000.WAV,Telephone Field,recover-20220825,002,1795
807.2325,807.2418,27187,35519,Eptesicus serotinus,0.009,0.025,-1,Echolocation,/mnt/ubna_data_01_mir/recover-20220825/UBNA_002/20220823_033000.WAV,Telephone Field,recover-20220825,002,1795
807.2455,807.253,46953,56356,Pipistrellus pipistrellus,0.017,0.023,-1,Echolocation,/mnt/ubna_data_01_mir/recover-20220825/UBNA_002/20220823_033000.WAV,Telephone Field,recover-20220825,002,1795
807.2515,807.2591,28046,43707,Eptesicus serotinus,0.008,0.023,-1,Echolocation,/mnt/ubna_data_01_mir/recover-20220825/UBNA_002/20220823_033000.WAV,Telephone Field,recover-20220825,002,1795
807.2965,807.3052,47812,53018,Pipistrellus pipistrellus,0.02,0.024,-1,Echolocation,/mnt/ubna_data_01_mir/recover-20220825/UBNA_002/20220823_033000.WAV,Telephone Field,recover-20220825,002,1795
807.2985,807.3058,28046,37779,Eptesicus serotinus,0.008,0.023,-1,Echolocation,/mnt/ubna_data_01_mir/recover-20220825/UBNA_002/20220823_033000.WAV,Telephone Field,recover-20220825,002,1795
807.3155,807.3213,38359,50752,Pipistrellus nathusii,0.374,0.567,-1,Echolocation,/mnt/ubna_data_01_mir/recover-20220825/UBNA_002/20220823_033000.WAV,Telephone Field,recover-20220825,002,1795
807.3325,807.373,68437,82708,Rhinolophus ferrumequinum,0.022,0.022,-1,Echolocation,/mnt/ubna_data_01_mir/recover-20220825/UBNA_002/20220823_033000.WAV,Telephone Field,recover-20220825,002,1795
807.3335,807.3453,15156,21598,Nyctalus noctula,0.017,0.028,-1,Echolocation,/mnt/ubna_data_01_mir/recover-20220825/UBNA_002/20220823_033000.WAV,Telephone Field,recover-20220825,002,1795
807.3415,807.3807,68437,82510,Rhinolophus ferrumequinum,0.023,0.023,-1,Echolocation,/mnt/ubna_data_01_mir/recover-20220825/UBNA_002/20220823_033000.WAV,Telephone Field,recover-20220825,002,1795
807.3745,807.3824,28046,38914,Eptesicus serotinus,0.008,0.022,-1,Echolocation,/mnt/ubna_data_01_mir/recover-20220825/UBNA_002/20220823_033000.WAV,Telephone Field,recover-20220825,002,1795
807.4005,807.4114,31484,37906,Eptesicus serotinus,0.006,0.024,-1,Echolocation,/mnt/ubna_data_01_mir/recover-20220825/UBNA_002/20220823_033000.WAV,Telephone Field,recover-20220825,002,1795
807.4115,807.4492,68437,81569,Rhinolophus ferrumequinum,0.028,0.028,-1,Echolocation,/mnt/ubna_data_01_mir/recover-20220825/UBNA_002/20220823_033000.WAV,Telephone Field,recover-20220825,002,1795
807.4235,807.431,28046,39386,Eptesicus serotinus,0.007,0.022,-1,Echolocation,/mnt/ubna_data_01_mir/recover-20220825/UBNA_002/20220823_033000.WAV,Telephone Field,recover-20220825,002,1795
807.4415,807.4792,68437,81860,Rhinolophus ferrumequinum,0.022,0.022,-1,Echolocation,/mnt/ubna_data_01_mir/recover-20220825/UBNA_002/20220823_033000.WAV,Telephone Field,recover-20220825,002,1795
807.4475,807.4586,29765,36628,Eptesicus serotinus,0.009,0.028,-1,Echolocation,/mnt/ubna_data_01_mir/recover-20220825/UBNA_002/20220823_033000.WAV,Telephone Field,recover-20220825,002,1795
807.5005,807.5081,37500,46323,Pipistrellus nathusii,0.106,0.197,-1,Echolocation,/mnt/ubna_data_01_mir/recover-20220825/UBNA_002/20220823_033000.WAV,Telephone Field,recover-20220825,002,1795
807.5335,807.5422,27187,36171,Eptesicus serotinus,0.009,0.023,-1,Echolocation,/mnt/ubna_data_01_mir/recover-20220825/UBNA_002/20220823_033000.WAV,Telephone Field,recover-20220825,002,1795
807.5445,807.5515,26328,39511,Eptesicus serotinus,0.007,0.022,-1,Echolocation,/mnt/ubna_data_01_mir/recover-20220825/UBNA_002/20220823_033000.WAV,Telephone Field,recover-20220825,002,1795
807.6315,807.6372,36640,54890,Myotis brandtii,0.011,0.023,-1,Echolocation,/mnt/ubna_data_01_mir/recover-20220825/UBNA_002/20220823_033000.WAV,Telephone Field,recover-20220825,002,1795
807.6445,807.6525,28046,36871,Eptesicus serotinus,0.01,0.027,-1,Echolocation,/mnt/ubna_data_01_mir/recover-20220825/UBNA_002/20220823_033000.WAV,Telephone Field,recover-20220825,002,1795
807.6555,807.6948,68437,82313,Rhinolophus ferrumequinum,0.022,0.022,-1,Echolocation,/mnt/ubna_data_01_mir/recover-20220825/UBNA_002/20220823_033000.WAV,Telephone Field,recover-20220825,002,1795
807.6905,807.6992,37500,45668,Pipistrellus nathusii,0.019,0.045,-1,Echolocation,/mnt/ubna_data_01_mir/recover-20220825/UBNA_002/20220823_033000.WAV,Telephone Field,recover-20220825,002,1795
807.6955,807.7006,23750,42759,Plecotus auritus,0.017,0.051,-1,Echolocation,/mnt/ubna_data_01_mir/recover-20220825/UBNA_002/20220823_033000.WAV,Telephone Field,recover-20220825,002,1795
807.7115,807.7195,26328,38617,Eptesicus serotinus,0.009,0.024,-1,Echolocation,/mnt/ubna_data_01_mir/recover-20220825/UBNA_002/20220823_033000.WAV,Telephone Field,recover-20220825,002,1795
807.7535,807.7609,28046,40087,Eptesicus serotinus,0.007,0.022,-1,Echolocation,/mnt/ubna_data_01_mir/recover-20220825/UBNA_002/20220823_033000.WAV,Telephone Field,recover-20220825,002,1795
807.7535,807.7875,68437,81389,Rhinolophus ferrumequinum,0.022,0.022,-1,Echolocation,/mnt/ubna_data_01_mir/recover-20220825/UBNA_002/20220823_033000.WAV,Telephone Field,recover-20220825,002,1795
807.7635,807.7751,15156,20529,Nyctalus noctula,0.014,0.025,-1,Echolocation,/mnt/ubna_data_01_mir/recover-20220825/UBNA_002/20220823_033000.WAV,Telephone Field,recover-20220825,002,1795
807.7764999999999,807.814,68437,82604,Rhinolophus ferrumequinum,0.022,0.022,-1,Echolocation,/mnt/ubna_data_01_mir/recover-20220825/UBNA_002/20220823_033000.WAV,Telephone Field,recover-20220825,002,1795
807.7845,807.8233,68437,81843,Rhinolophus ferrumequinum,0.022,0.022,-1,Echolocation,/mnt/ubna_data_01_mir/recover-20220825/UBNA_002/20220823_033000.WAV,Telephone Field,recover-20220825,002,1795
807.8425,807.8837,68437,82460,Rhinolophus ferrumequinum,0.022,0.022,-1,Echolocation,/mnt/ubna_data_01_mir/recover-20220825/UBNA_002/20220823_033000.WAV,Telephone Field,recover-20220825,002,1795
807.8455,807.8534,26328,42118,Eptesicus serotinus,0.009,0.023,-1,Echolocation,/mnt/ubna_data_01_mir/recover-20220825/UBNA_002/20220823_033000.WAV,Telephone Field,recover-20220825,002,1795
807.8555,807.8639000000001,28046,36298,Eptesicus serotinus,0.008,0.022,-1,Echolocation,/mnt/ubna_data_01_mir/recover-20220825/UBNA_002/20220823_033000.WAV,Telephone Field,recover-20220825,002,1795
807.9075,807.945,68437,82098,Rhinolophus ferrumequinum,0.023,0.023,-1,Echolocation,/mnt/ubna_data_01_mir/recover-20220825/UBNA_002/20220823_033000.WAV,Telephone Field,recover-20220825,002,1795
807.9085,807.9156,27187,40228,Eptesicus serotinus,0.007,0.022,-1,Echolocation,/mnt/ubna_data_01_mir/recover-20220825/UBNA_002/20220823_033000.WAV,Telephone Field,recover-20220825,002,1795
807.9875,807.997,27187,37344,Eptesicus serotinus,0.011,0.024,-1,Echolocation,/mnt/ubna_data_01_mir/recover-20220825/UBNA_002/20220823_033000.WAV,Telephone Field,recover-20220825,002,1795
808.0015,808.0149,47812,52927,Pipistrellus pipistrellus,0.018,0.028,-1,Echolocation,/mnt/ubna_data_01_mir/recover-20220825/UBNA_002/20220823_033000.WAV,Telephone Field,recover-20220825,002,1795
808.0015,808.0127,22031,27669,Nyctalus leisleri,0.013,0.03,-1,Echolocation,/mnt/ubna_data_01_mir/recover-20220825/UBNA_002/20220823_033000.WAV,Telephone Field,recover-20220825,002,1795
808.0015,808.0341,69296,81280,Rhinolophus ferrumequinum,0.024,0.024,-1,Echolocation,/mnt/ubna_data_01_mir/recover-20220825/UBNA_002/20220823_033000.WAV,Telephone Field,recover-20220825,002,1795
808.0075,808.0169,46953,52217,Pipistrellus pipistrellus,0.013,0.021,-1,Echolocation,/mnt/ubna_data_01_mir/recover-20220825/UBNA_002/20220823_033000.WAV,Telephone Field,recover-20220825,002,1795
808.0145,808.0255,22890,27640,Nyctalus leisleri,0.01,0.021,-1,Echolocation,/mnt/ubna_data_01_mir/recover-20220825/UBNA_002/20220823_033000.WAV,Telephone Field,recover-20220825,002,1795
808.1165,808.1553,68437,82966,Rhinolophus ferrumequinum,0.021,0.021,-1,Echolocation,/mnt/ubna_data_01_mir/recover-20220825/UBNA_002/20220823_033000.WAV,Telephone Field,recover-20220825,002,1795
808.1335,808.1421,29765,38082,Eptesicus serotinus,0.014,0.034,-1,Echolocation,/mnt/ubna_data_01_mir/recover-20220825/UBNA_002/20220823_033000.WAV,Telephone Field,recover-20220825,002,1795
808.1485,808.1884,68437,82478,Rhinolophus ferrumequinum,0.026,0.026,-1,Echolocation,/mnt/ubna_data_01_mir/recover-20220825/UBNA_002/20220823_033000.WAV,Telephone Field,recover-20220825,002,1795
808.1935,808.2305,68437,81583,Rhinolophus ferrumequinum,0.021,0.021,-1,Echolocation,/mnt/ubna_data_01_mir/recover-20220825/UBNA_002/20220823_033000.WAV,Telephone Field,recover-20220825,002,1795
808.1985,808.2102,23750,29906,Nyctalus leisleri,0.01,0.024,-1,Echolocation,/mnt/ubna_data_01_mir/recover-20220825/UBNA_002/20220823_033000.WAV,Telephone Field,recover-20220825,002,1795
808.2095,808.2511,68437,83381,Rhinolophus ferrumequinum,0.031,0.031,-1,Echolocation,/mnt/ubna_data_01_mir/recover-20220825/UBNA_002/20220823_033000.WAV,Telephone Field,recover-20220825,002,1795
808.2465,808.2848,68437,80849,Rhinolophus ferrumequinum,0.023,0.023,-1,Echolocation,/mnt/ubna_data_01_mir/recover-20220825/UBNA_002/20220823_033000.WAV,Telephone Field,recover-20220825,002,1795
808.2755,808.3106,68437,81642,Rhinolophus ferrumequinum,0.021,0.021,-1,Echolocation,/mnt/ubna_data_01_mir/recover-20220825/UBNA_002/20220823_033000.WAV,Telephone Field,recover-20220825,002,1795
808.2835,808.2943,23750,30415,Nyctalus leisleri,0.009,0.023,-1,Echolocation,/mnt/ubna_data_01_mir/recover-20220825/UBNA_002/20220823_033000.WAV,Telephone Field,recover-20220825,002,1795
808.2945,808.3319,68437,81499,Rhinolophus ferrumequinum,0.021,0.021,-1,Echolocation,/mnt/ubna_data_01_mir/recover-20220825/UBNA_002/20220823_033000.WAV,Telephone Field,recover-20220825,002,1795
808.3155,808.3556,68437,82830,Rhinolophus ferrumequinum,0.028,0.028,-1,Echolocation,/mnt/ubna_data_01_mir/recover-20220825/UBNA_002/20220823_033000.WAV,Telephone Field,recover-20220825,002,1795
808.3645,808.372,27187,41023,Eptesicus serotinus,0.007,0.022,-1,Echolocation,/mnt/ubna_data_01_mir/recover-20220825/UBNA_002/20220823_033000.WAV,Telephone Field,recover-20220825,002,1795
808.4485,808.4856,68437,81517,Rhinolophus ferrumequinum,0.021,0.021,-1,Echolocation,/mnt/ubna_data_01_mir/recover-20220825/UBNA_002/20220823_033000.WAV,Telephone Field,recover-20220825,002,1795
808.4775,808.5189,68437,82939,Rhinolophus ferrumequinum,0.03,0.03,-1,Echolocation,/mnt/ubna_data_01_mir/recover-20220825/UBNA_002/20220823_033000.WAV,Telephone Field,recover-20220825,002,1795
808.5015,808.5103,27187,37616,Eptesicus serotinus,0.007,0.021,-1,Echolocation,/mnt/ubna_data_01_mir/recover-20220825/UBNA_002/20220823_033000.WAV,Telephone Field,recover-20220825,002,1795
808.5165,808.5504,68437,80993,Rhinolophus ferrumequinum,0.021,0.021,-1,Echolocation,/mnt/ubna_data_01_mir/recover-20220825/UBNA_002/20220823_033000.WAV,Telephone Field,recover-20220825,002,1795
808.5255,808.5319,45234,51095,Pipistrellus pipistrellus,0.021,0.023,-1,Echolocation,/mnt/ubna_data_01_mir/recover-20220825/UBNA_002/20220823_033000.WAV,Telephone Field,recover-20220825,002,1795
808.5355,808.5456,25468,33692,Eptesicus serotinus,0.01,0.023,-1,Echolocation,/mnt/ubna_data_01_mir/recover-20220825/UBNA_002/20220823_033000.WAV,Telephone Field,recover-20220825,002,1795
808.5635,808.6035,68437,82746,Rhinolophus ferrumequinum,0.024,0.024,-1,Echolocation,/mnt/ubna_data_01_mir/recover-20220825/UBNA_002/20220823_033000.WAV,Telephone Field,recover-20220825,002,1795
808.5745,808.5855,22890,27359,Nyctalus leisleri,0.011,0.021,-1,Echolocation,/mnt/ubna_data_01_mir/recover-20220825/UBNA_002/20220823_033000.WAV,Telephone Field,recover-20220825,002,1795
808.6075,808.6154,28046,38842,Eptesicus serotinus,0.01,0.027,-1,Echolocation,/mnt/ubna_data_01_mir/recover-20220825/UBNA_002/20220823_033000.WAV,Telephone Field,recover-20220825,002,1795
808.6365,808.6719,68437,81865,Rhinolophus ferrumequinum,0.022,0.022,-1,Echolocation,/mnt/ubna_data_01_mir/recover-20220825/UBNA_002/20220823_033000.WAV,Telephone Field,recover-20220825,002,1795
808.6415,808.6793,68437,82048,Rhinolophus ferrumequinum,0.021,0.022,-1,Echolocation,/mnt/ubna_data_01_mir/recover-20220825/UBNA_002/20220823_033000.WAV,Telephone Field,recover-20220825,002,1795
808.6675,808.7056,68437,81862,Rhinolophus ferrumequinum,0.021,0.021,-1,Echolocation,/mnt/ubna_data_01_mir/recover-20220825/UBNA_002/20220823_033000.WAV,Telephone Field,recover-20220825,002,1795
808.6905,808.7258,68437,81495,Rhinolophus ferrumequinum,0.021,0.021,-1,Echolocation,/mnt/ubna_data_01_mir/recover-20220825/UBNA_002/20220823_033000.WAV,Telephone Field,recover-20220825,002,1795
808.7045,808.7135,22890,29101,Nyctalus leisleri,0.008,0.022,-1,Echolocation,/mnt/ubna_data_01_mir/recover-20220825/UBNA_002/20220823_033000.WAV,Telephone Field,recover-20220825,002,1795
808.7305,808.771,68437,82210,Rhinolophus ferrumequinum,0.021,0.021,-1,Echolocation,/mnt/ubna_data_01_mir/recover-20220825/UBNA_002/20220823_033000.WAV,Telephone Field,recover-20220825,002,1795
808.7385,808.7475,21171,26808,Plecotus austriacus,0.009,0.022,-1,Echolocation,/mnt/ubna_data_01_mir/recover-20220825/UBNA_002/20220823_033000.WAV,Telephone Field,recover-20220825,002,1795
808.7565,808.7654,27187,36151,Eptesicus serotinus,0.009,0.022,-1,Echolocation,/mnt/ubna_data_01_mir/recover-20220825/UBNA_002/20220823_033000.WAV,Telephone Field,recover-20220825,002,1795
808.7715,808.8089,68437,81576,Rhinolophus ferrumequinum,0.022,0.022,-1,Echolocation,/mnt/ubna_data_01_mir/recover-20220825/UBNA_002/20220823_033000.WAV,Telephone Field,recover-20220825,002,1795
808.7995,808.8332,68437,80283,Rhinolophus ferrumequinum,0.033,0.033,-1,Echolocation,/mnt/ubna_data_01_mir/recover-20220825/UBNA_002/20220823_033000.WAV,Telephone Field,recover-20220825,002,1795
808.8355,808.8438,27187,38639,Eptesicus serotinus,0.007,0.021,-1,Echolocation,/mnt/ubna_data_01_mir/recover-20220825/UBNA_002/20220823_033000.WAV,Telephone Field,recover-20220825,002,1795
808.8745,808.8816,28046,38967,Eptesicus serotinus,0.005,0.022,-1,Echolocation,/mnt/ubna_data_01_mir/recover-20220825/UBNA_002/20220823_033000.WAV,Telephone Field,recover-20220825,002,1795
808.8785,808.8896,22031,26353,Nyctalus leisleri,0.013,0.025,-1,Echolocation,/mnt/ubna_data_01_mir/recover-20220825/UBNA_002/20220823_033000.WAV,Telephone Field,recover-20220825,002,1795
808.9085,808.946,68437,81901,Rhinolophus ferrumequinum,0.022,0.022,-1,Echolocation,/mnt/ubna_data_01_mir/recover-20220825/UBNA_002/20220823_033000.WAV,Telephone Field,recover-20220825,002,1795
808.9195,808.9271,29765,41576,Eptesicus serotinus,0.007,0.024,-1,Echolocation,/mnt/ubna_data_01_mir/recover-20220825/UBNA_002/20220823_033000.WAV,Telephone Field,recover-20220825,002,1795
808.9345,808.973,68437,81550,Rhinolophus ferrumequinum,0.023,0.023,-1,Echolocation,/mnt/ubna_data_01_mir/recover-20220825/UBNA_002/20220823_033000.WAV,Telephone Field,recover-20220825,002,1795
808.9405,808.9483,25468,34153,Eptesicus serotinus,0.006,0.021,-1,Echolocation,/mnt/ubna_data_01_mir/recover-20220825/UBNA_002/20220823_033000.WAV,Telephone Field,recover-20220825,002,1795
808.9485,808.9901,68437,83023,Rhinolophus ferrumequinum,0.036,0.036,-1,Echolocation,/mnt/ubna_data_01_mir/recover-20220825/UBNA_002/20220823_033000.WAV,Telephone Field,recover-20220825,002,1795
808.9615,808.9712,48671,54221,Pipistrellus pipistrellus,0.023,0.028,-1,Echolocation,/mnt/ubna_data_01_mir/recover-20220825/UBNA_002/20220823_033000.WAV,Telephone Field,recover-20220825,002,1795
809.0005,809.0398,68437,82132,Rhinolophus ferrumequinum,0.037,0.037,-1,Echolocation,/mnt/ubna_data_01_mir/recover-20220825/UBNA_002/20220823_033000.WAV,Telephone Field,recover-20220825,002,1795
809.0105,809.0524,68437,83262,Rhinolophus ferrumequinum,0.03,0.03,-1,Echolocation,/mnt/ubna_data_01_mir/recover-20220825/UBNA_002/20220823_033000.WAV,Telephone Field,recover-20220825,002,1795
809.0355,809.0427,27187,38052,Eptesicus serotinus,0.008,0.024,-1,Echolocation,/mnt/ubna_data_01_mir/recover-20220825/UBNA_002/20220823_033000.WAV,Telephone Field,recover-20220825,002,1795
809.0395,809.0797,68437,82902,Rhinolophus ferrumequinum,0.025,0.025,-1,Echolocation,/mnt/ubna_data_01_mir/recover-20220825/UBNA_002/20220823_033000.WAV,Telephone Field,recover-20220825,002,1795
809.1195,809.1267,26328,38102,Eptesicus serotinus,0.007,0.023,-1,Echolocation,/mnt/ubna_data_01_mir/recover-20220825/UBNA_002/20220823_033000.WAV,Telephone Field,recover-20220825,002,1795
809.1765,809.2183,68437,83553,Rhinolophus ferrumequinum,0.023,0.023,-1,Echolocation,/mnt/ubna_data_01_mir/recover-20220825/UBNA_002/20220823_033000.WAV,Telephone Field,recover-20220825,002,1795
809.1845,809.1911,27187,46300,Eptesicus serotinus,0.007,0.022,-1,Echolocation,/mnt/ubna_data_01_mir/recover-20220825/UBNA_002/20220823_033000.WAV,Telephone Field,recover-20220825,002,1795
809.2035,809.2116,26328,38230,Eptesicus serotinus,0.007,0.021,-1,Echolocation,/mnt/ubna_data_01_mir/recover-20220825/UBNA_002/20220823_033000.WAV,Telephone Field,recover-20220825,002,1795
809.2105,809.2183,28046,36807,Eptesicus serotinus,0.007,0.023,-1,Echolocation,/mnt/ubna_data_01_mir/recover-20220825/UBNA_002/20220823_033000.WAV,Telephone Field,recover-20220825,002,1795
809.2195,809.2619,68437,82646,Rhinolophus ferrumequinum,0.026,0.026,-1,Echolocation,/mnt/ubna_data_01_mir/recover-20220825/UBNA_002/20220823_033000.WAV,Telephone Field,recover-20220825,002,1795
809.2445,809.2877,68437,82724,Rhinolophus ferrumequinum,0.022,0.022,-1,Echolocation,/mnt/ubna_data_01_mir/recover-20220825/UBNA_002/20220823_033000.WAV,Telephone Field,recover-20220825,002,1795
809.2655,809.3062,68437,82606,Rhinolophus ferrumequinum,0.022,0.022,-1,Echolocation,/mnt/ubna_data_01_mir/recover-20220825/UBNA_002/20220823_033000.WAV,Telephone Field,recover-20220825,002,1795
809.2705,809.2764,39218,47226,Barbastellus barbastellus,0.052,0.088,-1,Echolocation,/mnt/ubna_data_01_mir/recover-20220825/UBNA_002/20220823_033000.WAV,Telephone Field,recover-20220825,002,1795
809.2715,809.2764999999999,34921,49456,Myotis daubentonii,0.029,0.087,-1,Echolocation,/mnt/ubna_data_01_mir/recover-20220825/UBNA_002/20220823_033000.WAV,Telephone Field,recover-20220825,002,1795
809.2825,809.2951,27187,32065,Eptesicus serotinus,0.031,0.063,-1,Echolocation,/mnt/ubna_data_01_mir/recover-20220825/UBNA_002/20220823_033000.WAV,Telephone Field,recover-20220825,002,1795
809.2985,809.3071,22890,30272,Plecotus austriacus,0.009,0.024,-1,Echolocation,/mnt/ubna_data_01_mir/recover-20220825/UBNA_002/20220823_033000.WAV,Telephone Field,recover-20220825,002,1795
809.3575,809.3952,68437,82306,Rhinolophus ferrumequinum,0.022,0.022,-1,Echolocation,/mnt/ubna_data_01_mir/recover-20220825/UBNA_002/20220823_033000.WAV,Telephone Field,recover-20220825,002,1795
809.3945,809.4345,68437,82381,Rhinolophus ferrumequinum,0.021,0.021,-1,Echolocation,/mnt/ubna_data_01_mir/recover-20220825/UBNA_002/20220823_033000.WAV,Telephone Field,recover-20220825,002,1795
809.4195,809.4548,68437,81829,Rhinolophus ferrumequinum,0.023,0.023,-1,Echolocation,/mnt/ubna_data_01_mir/recover-20220825/UBNA_002/20220823_033000.WAV,Telephone Field,recover-20220825,002,1795
809.4635,809.5027,68437,82394,Rhinolophus ferrumequinum,0.024,0.024,-1,Echolocation,/mnt/ubna_data_01_mir/recover-20220825/UBNA_002/20220823_033000.WAV,Telephone Field,recover-20220825,002,1795
809.4765,809.4846,26328,35239,Eptesicus serotinus,0.009,0.024,-1,Echolocation,/mnt/ubna_data_01_mir/recover-20220825/UBNA_002/20220823_033000.WAV,Telephone Field,recover-20220825,002,1795
809.4875,809.531,68437,83410,Rhinolophus ferrumequinum,0.056,0.056,-1,Echolocation,/mnt/ubna_data_01_mir/recover-20220825/UBNA_002/20220823_033000.WAV,Telephone Field,recover-20220825,002,1795
809.5155,809.5552,68437,82352,Rhinolophus ferrumequinum,0.024,0.024,-1,Echolocation,/mnt/ubna_data_01_mir/recover-20220825/UBNA_002/20220823_033000.WAV,Telephone Field,recover-20220825,002,1795
809.5275,809.5378,22890,28930,Nyctalus leisleri,0.011,0.027,-1,Echolocation,/mnt/ubna_data_01_mir/recover-20220825/UBNA_002/20220823_033000.WAV,Telephone Field,recover-20220825,002,1795
809.5305,809.568,68437,82177,Rhinolophus ferrumequinum,0.023,0.023,-1,Echolocation,/mnt/ubna_data_01_mir/recover-20220825/UBNA_002/20220823_033000.WAV,Telephone Field,recover-20220825,002,1795
809.5575,809.5977,68437,82348,Rhinolophus ferrumequinum,0.022,0.022,-1,Echolocation,/mnt/ubna_data_01_mir/recover-20220825/UBNA_002/20220823_033000.WAV,Telephone Field,recover-20220825,002,1795
809.5615,809.5678,24609,34364,Plecotus austriacus,0.017,0.038,-1,Echolocation,/mnt/ubna_data_01_mir/recover-20220825/UBNA_002/20220823_033000.WAV,Telephone Field,recover-20220825,002,1795
809.5835,809.5919,27187,39996,Eptesicus serotinus,0.012,0.033,-1,Echolocation,/mnt/ubna_data_01_mir/recover-20220825/UBNA_002/20220823_033000.WAV,Telephone Field,recover-20220825,002,1795
809.6285,809.6363,27187,37030,Eptesicus serotinus,0.007,0.022,-1,Echolocation,/mnt/ubna_data_01_mir/recover-20220825/UBNA_002/20220823_033000.WAV,Telephone Field,recover-20220825,002,1795
809.6355,809.6744,68437,82734,Rhinolophus ferrumequinum,0.023,0.023,-1,Echolocation,/mnt/ubna_data_01_mir/recover-20220825/UBNA_002/20220823_033000.WAV,Telephone Field,recover-20220825,002,1795
809.7005,809.7181,19453,22599,Nyctalus leisleri,0.014,0.029,-1,Echolocation,/mnt/ubna_data_01_mir/recover-20220825/UBNA_002/20220823_033000.WAV,Telephone Field,recover-20220825,002,1795
809.7105,809.718,27187,37866,Eptesicus serotinus,0.006,0.021,-1,Echolocation,/mnt/ubna_data_01_mir/recover-20220825/UBNA_002/20220823_033000.WAV,Telephone Field,recover-20220825,002,1795
809.7755,809.7861,28046,38062,Eptesicus serotinus,0.015,0.033,-1,Echolocation,/mnt/ubna_data_01_mir/recover-20220825/UBNA_002/20220823_033000.WAV,Telephone Field,recover-20220825,002,1795
809.8095,809.8168000000001,28046,40176,Eptesicus serotinus,0.007,0.023,-1,Echolocation,/mnt/ubna_data_01_mir/recover-20220825/UBNA_002/20220823_033000.WAV,Telephone Field,recover-20220825,002,1795
809.8225,809.8611,68437,82231,Rhinolophus ferrumequinum,0.021,0.021,-1,Echolocation,/mnt/ubna_data_01_mir/recover-20220825/UBNA_002/20220823_033000.WAV,Telephone Field,recover-20220825,002,1795
809.8325,809.8414,28046,36888,Eptesicus serotinus,0.008,0.021,-1,Echolocation,/mnt/ubna_data_01_mir/recover-20220825/UBNA_002/20220823_033000.WAV,Telephone Field,recover-20220825,002,1795
809.8485000000001,809.8858,68437,81686,Rhinolophus ferrumequinum,0.023,0.023,-1,Echolocation,/mnt/ubna_data_01_mir/recover-20220825/UBNA_002/20220823_033000.WAV,Telephone Field,recover-20220825,002,1795
809.9425,809.9805,68437,81926,Rhinolophus ferrumequinum,0.022,0.022,-1,Echolocation,/mnt/ubna_data_01_mir/recover-20220825/UBNA_002/20220823_033000.WAV,Telephone Field,recover-20220825,002,1795
809.9495,809.9625,15156,21570,Nyctalus noctula,0.015,0.023,-1,Echolocation,/mnt/ubna_data_01_mir/recover-20220825/UBNA_002/20220823_033000.WAV,Telephone Field,recover-20220825,002,1795
809.9825,809.9898,27187,38808,Eptesicus serotinus,0.008,0.027,-1,Echolocation,/mnt/ubna_data_01_mir/recover-20220825/UBNA_002/20220823_033000.WAV,Telephone Field,recover-20220825,002,1795
810.0015,810.0336,68437,80045,Rhinolophus ferrumequinum,0.03,0.031,-1,Echolocation,/mnt/ubna_data_01_mir/recover-20220825/UBNA_002/20220823_033000.WAV,Telephone Field,recover-20220825,002,1795
810.0015,810.0106,23750,31764,Nyctalus leisleri,0.011,0.03,-1,Echolocation,/mnt/ubna_data_01_mir/recover-20220825/UBNA_002/20220823_033000.WAV,Telephone Field,recover-20220825,002,1795
810.0135,810.0535,68437,82773,Rhinolophus ferrumequinum,0.023,0.023,-1,Echolocation,/mnt/ubna_data_01_mir/recover-20220825/UBNA_002/20220823_033000.WAV,Telephone Field,recover-20220825,002,1795
810.0305,810.0677,68437,81942,Rhinolophus ferrumequinum,0.024,0.024,-1,Echolocation,/mnt/ubna_data_01_mir/recover-20220825/UBNA_002/20220823_033000.WAV,Telephone Field,recover-20220825,002,1795
810.0355,810.0418,28046,40776,Eptesicus serotinus,0.006,0.027,-1,Echolocation,/mnt/ubna_data_01_mir/recover-20220825/UBNA_002/20220823_033000.WAV,Telephone Field,recover-20220825,002,1795
810.0405,810.0523,22031,27147,Nyctalus leisleri,0.018,0.052,-1,Echolocation,/mnt/ubna_data_01_mir/recover-20220825/UBNA_002/20220823_033000.WAV,Telephone Field,recover-20220825,002,1795
810.0405,810.0805,68437,82059,Rhinolophus ferrumequinum,0.023,0.023,-1,Echolocation,/mnt/ubna_data_01_mir/recover-20220825/UBNA_002/20220823_033000.WAV,Telephone Field,recover-20220825,002,1795
810.0905,810.1257,68437,81422,Rhinolophus ferrumequinum,0.024,0.024,-1,Echolocation,/mnt/ubna_data_01_mir/recover-20220825/UBNA_002/20220823_033000.WAV,Telephone Field,recover-20220825,002,1795
810.1095,810.1456,68437,81912,Rhinolophus ferrumequinum,0.021,0.021,-1,Echolocation,/mnt/ubna_data_01_mir/recover-20220825/UBNA_002/20220823_033000.WAV,Telephone Field,recover-20220825,002,1795
810.1135,810.1236,23750,30180,Nyctalus leisleri,0.009,0.023,-1,Echolocation,/mnt/ubna_data_01_mir/recover-20220825/UBNA_002/20220823_033000.WAV,Telephone Field,recover-20220825,002,1795
810.1435,810.1503,28046,39532,Eptesicus serotinus,0.007,0.024,-1,Echolocation,/mnt/ubna_data_01_mir/recover-20220825/UBNA_002/20220823_033000.WAV,Telephone Field,recover-20220825,002,1795
810.1595,810.1703,22890,28361,Nyctalus leisleri,0.011,0.025,-1,Echolocation,/mnt/ubna_data_01_mir/recover-20220825/UBNA_002/20220823_033000.WAV,Telephone Field,recover-20220825,002,1795
810.1635,810.1702,28906,41447,Eptesicus serotinus,0.007,0.028,-1,Echolocation,/mnt/ubna_data_01_mir/recover-20220825/UBNA_002/20220823_033000.WAV,Telephone Field,recover-20220825,002,1795
810.3175,810.3557,68437,82519,Rhinolophus ferrumequinum,0.022,0.022,-1,Echolocation,/mnt/ubna_data_01_mir/recover-20220825/UBNA_002/20220823_033000.WAV,Telephone Field,recover-20220825,002,1795
810.3315,810.3421,22890,28451,Nyctalus leisleri,0.012,0.028,-1,Echolocation,/mnt/ubna_data_01_mir/recover-20220825/UBNA_002/20220823_033000.WAV,Telephone Field,recover-20220825,002,1795
810.3905,810.3991,25468,34037,Eptesicus serotinus,0.008,0.023,-1,Echolocation,/mnt/ubna_data_01_mir/recover-20220825/UBNA_002/20220823_033000.WAV,Telephone Field,recover-20220825,002,1795
810.3945,810.4323,68437,82562,Rhinolophus ferrumequinum,0.022,0.022,-1,Echolocation,/mnt/ubna_data_01_mir/recover-20220825/UBNA_002/20220823_033000.WAV,Telephone Field,recover-20220825,002,1795
810.4135,810.4508,68437,81922,Rhinolophus ferrumequinum,0.023,0.023,-1,Echolocation,/mnt/ubna_data_01_mir/recover-20220825/UBNA_002/20220823_033000.WAV,Telephone Field,recover-20220825,002,1795
810.4505,810.4923,68437,82753,Rhinolophus ferrumequinum,0.022,0.022,-1,Echolocation,/mnt/ubna_data_01_mir/recover-20220825/UBNA_002/20220823_033000.WAV,Telephone Field,recover-20220825,002,1795
810.4585,810.4984,68437,82869,Rhinolophus ferrumequinum,0.022,0.022,-1,Echolocation,/mnt/ubna_data_01_mir/recover-20220825/UBNA_002/20220823_033000.WAV,Telephone Field,recover-20220825,002,1795
810.4655,810.472,28906,40252,Eptesicus serotinus,0.005,0.021,-1,Echolocation,/mnt/ubna_data_01_mir/recover-20220825/UBNA_002/20220823_033000.WAV,Telephone Field,recover-20220825,002,1795
810.5205,810.5419,21171,24578,Nyctalus leisleri,0.023,0.047,-1,Echolocation,/mnt/ubna_data_01_mir/recover-20220825/UBNA_002/20220823_033000.WAV,Telephone Field,recover-20220825,002,1795
810.5585,810.5693,28906,36538,Eptesicus serotinus,0.012,0.025,-1,Echolocation,/mnt/ubna_data_01_mir/recover-20220825/UBNA_002/20220823_033000.WAV,Telephone Field,recover-20220825,002,1795
810.5615,810.6001,68437,82764,Rhinolophus ferrumequinum,0.023,0.023,-1,Echolocation,/mnt/ubna_data_01_mir/recover-20220825/UBNA_002/20220823_033000.WAV,Telephone Field,recover-20220825,002,1795
810.5705,810.5801,23750,30892,Nyctalus leisleri,0.008,0.024,-1,Echolocation,/mnt/ubna_data_01_mir/recover-20220825/UBNA_002/20220823_033000.WAV,Telephone Field,recover-20220825,002,1795
810.5875,810.5952,26328,35515,Eptesicus serotinus,0.008,0.025,-1,Echolocation,/mnt/ubna_data_01_mir/recover-20220825/UBNA_002/20220823_033000.WAV,Telephone Field,recover-20220825,002,1795
810.6025,810.6377,68437,81466,Rhinolophus ferrumequinum,0.021,0.021,-1,Echolocation,/mnt/ubna_data_01_mir/recover-20220825/UBNA_002/20220823_033000.WAV,Telephone Field,recover-20220825,002,1795
810.6245,810.6339,28046,38211,Eptesicus serotinus,0.008,0.022,-1,Echolocation,/mnt/ubna_data_01_mir/recover-20220825/UBNA_002/20220823_033000.WAV,Telephone Field,recover-20220825,002,1795
810.6495,810.6613,22031,26181,Nyctalus leisleri,0.016,0.029,-1,Echolocation,/mnt/ubna_data_01_mir/recover-20220825/UBNA_002/20220823_033000.WAV,Telephone Field,recover-20220825,002,1795
810.6535,810.6895,68437,82150,Rhinolophus ferrumequinum,0.025,0.025,-1,Echolocation,/mnt/ubna_data_01_mir/recover-20220825/UBNA_002/20220823_033000.WAV,Telephone Field,recover-20220825,002,1795
810.6595,810.6965,68437,81478,Rhinolophus ferrumequinum,0.024,0.024,-1,Echolocation,/mnt/ubna_data_01_mir/recover-20220825/UBNA_002/20220823_033000.WAV,Telephone Field,recover-20220825,002,1795
810.6855,810.7263,68437,82263,Rhinolophus ferrumequinum,0.024,0.024,-1,Echolocation,/mnt/ubna_data_01_mir/recover-20220825/UBNA_002/20220823_033000.WAV,Telephone Field,recover-20220825,002,1795
810.7045,810.7407,68437,81831,Rhinolophus ferrumequinum,0.023,0.023,-1,Echolocation,/mnt/ubna_data_01_mir/recover-20220825/UBNA_002/20220823_033000.WAV,Telephone Field,recover-20220825,002,1795
810.7495,810.7866,68437,81808,Rhinolophus ferrumequinum,0.023,0.023,-1,Echolocation,/mnt/ubna_data_01_mir/recover-20220825/UBNA_002/20220823_033000.WAV,Telephone Field,recover-20220825,002,1795
810.7575,810.7939,68437,80945,Rhinolophus ferrumequinum,0.021,0.021,-1,Echolocation,/mnt/ubna_data_01_mir/recover-20220825/UBNA_002/20220823_033000.WAV,Telephone Field,recover-20220825,002,1795
810.7905,810.8297,68437,81852,Rhinolophus ferrumequinum,0.024,0.024,-1,Echolocation,/mnt/ubna_data_01_mir/recover-20220825/UBNA_002/20220823_033000.WAV,Telephone Field,recover-20220825,002,1795
810.7965,810.8046,26328,38978,Eptesicus serotinus,0.009,0.027,-1,Echolocation,/mnt/ubna_data_01_mir/recover-20220825/UBNA_002/20220823_033000.WAV,Telephone Field,recover-20220825,002,1795
810.8005,810.8346,68437,81553,Rhinolophus ferrumequinum,0.023,0.023,-1,Echolocation,/mnt/ubna_data_01_mir/recover-20220825/UBNA_002/20220823_033000.WAV,Telephone Field,recover-20220825,002,1795
810.8245,810.8635,68437,82289,Rhinolophus ferrumequinum,0.024,0.024,-1,Echolocation,/mnt/ubna_data_01_mir/recover-20220825/UBNA_002/20220823_033000.WAV,Telephone Field,recover-20220825,002,1795
810.8265,810.8347,27187,38434,Eptesicus serotinus,0.007,0.021,-1,Echolocation,/mnt/ubna_data_01_mir/recover-20220825/UBNA_002/20220823_033000.WAV,Telephone Field,recover-20220825,002,1795
810.8545,810.8633,27187,35992,Eptesicus serotinus,0.008,0.023,-1,Echolocation,/mnt/ubna_data_01_mir/recover-20220825/UBNA_002/20220823_033000.WAV,Telephone Field,recover-20220825,002,1795
810.8625,810.8999,68437,82024,Rhinolophus ferrumequinum,0.021,0.021,-1,Echolocation,/mnt/ubna_data_01_mir/recover-20220825/UBNA_002/20220823_033000.WAV,Telephone Field,recover-20220825,002,1795
810.8835,810.9279,68437,83019,Rhinolophus ferrumequinum,0.027,0.027,-1,Echolocation,/mnt/ubna_data_01_mir/recover-20220825/UBNA_002/20220823_033000.WAV,Telephone Field,recover-20220825,002,1795
810.9125,810.9184,36640,47114,Myotis daubentonii,0.008,0.027,-1,Echolocation,/mnt/ubna_data_01_mir/recover-20220825/UBNA_002/20220823_033000.WAV,Telephone Field,recover-20220825,002,1795
810.9145,810.9212,31484,46426,Myotis daubentonii,0.012,0.027,-1,Echolocation,/mnt/ubna_data_01_mir/recover-20220825/UBNA_002/20220823_033000.WAV,Telephone Field,recover-20220825,002,1795
810.9145,810.9508,68437,81930,Rhinolophus ferrumequinum,0.021,0.021,-1,Echolocation,/mnt/ubna_data_01_mir/recover-20220825/UBNA_002/20220823_033000.WAV,Telephone Field,recover-20220825,002,1795
810.9475,810.9552,28046,40287,Eptesicus serotinus,0.008,0.023,-1,Echolocation,/mnt/ubna_data_01_mir/recover-20220825/UBNA_002/20220823_033000.WAV,Telephone Field,recover-20220825,002,1795
810.9605,810.9979,68437,82185,Rhinolophus ferrumequinum,0.025,0.025,-1,Echolocation,/mnt/ubna_data_01_mir/recover-20220825/UBNA_002/20220823_033000.WAV,Telephone Field,recover-20220825,002,1795
810.9755,811.0132,68437,82119,Rhinolophus ferrumequinum,0.022,0.022,-1,Echolocation,/mnt/ubna_data_01_mir/recover-20220825/UBNA_002/20220823_033000.WAV,Telephone Field,recover-20220825,002,1795
811.0015,811.0097,24609,32922,Nyctalus leisleri,0.005,0.022,-1,Echolocation,/mnt/ubna_data_01_mir/recover-20220825/UBNA_002/20220823_033000.WAV,Telephone Field,recover-20220825,002,1795
811.0155,811.0329,22031,25238,Nyctalus leisleri,0.02,0.033,-1,Echolocation,/mnt/ubna_data_01_mir/recover-20220825/UBNA_002/20220823_033000.WAV,Telephone Field,recover-20220825,002,1795
811.0245,811.035,22890,27350,Nyctalus leisleri,0.011,0.021,-1,Echolocation,/mnt/ubna_data_01_mir/recover-20220825/UBNA_002/20220823_033000.WAV,Telephone Field,recover-20220825,002,1795
811.0375,811.0774,68437,82641,Rhinolophus ferrumequinum,0.025,0.025,-1,Echolocation,/mnt/ubna_data_01_mir/recover-20220825/UBNA_002/20220823_033000.WAV,Telephone Field,recover-20220825,002,1795
811.0635,811.0703,28046,39978,Eptesicus serotinus,0.011,0.035,-1,Echolocation,/mnt/ubna_data_01_mir/recover-20220825/UBNA_002/20220823_033000.WAV,Telephone Field,recover-20220825,002,1795
811.0815,811.0924,22890,27052,Nyctalus leisleri,0.014,0.024,-1,Echolocation,/mnt/ubna_data_01_mir/recover-20220825/UBNA_002/20220823_033000.WAV,Telephone Field,recover-20220825,002,1795
811.1145,811.1528,68437,81149,Rhinolophus ferrumequinum,0.023,0.023,-1,Echolocation,/mnt/ubna_data_01_mir/recover-20220825/UBNA_002/20220823_033000.WAV,Telephone Field,recover-20220825,002,1795
811.1195,811.155,68437,81850,Rhinolophus ferrumequinum,0.022,0.022,-1,Echolocation,/mnt/ubna_data_01_mir/recover-20220825/UBNA_002/20220823_033000.WAV,Telephone Field,recover-20220825,002,1795
811.1485,811.184,68437,81574,Rhinolophus ferrumequinum,0.022,0.022,-1,Echolocation,/mnt/ubna_data_01_mir/recover-20220825/UBNA_002/20220823_033000.WAV,Telephone Field,recover-20220825,002,1795
811.1685,811.1792,22031,26373,Nyctalus leisleri,0.011,0.021,-1,Echolocation,/mnt/ubna_data_01_mir/recover-20220825/UBNA_002/20220823_033000.WAV,Telephone Field,recover-20220825,002,1795
811.1915,811.2312,68437,82558,Rhinolophus ferrumequinum,0.024,0.024,-1,Echolocation,/mnt/ubna_data_01_mir/recover-20220825/UBNA_002/20220823_033000.WAV,Telephone Field,recover-20220825,002,1795
811.2025,811.2386,68437,81752,Rhinolophus ferrumequinum,0.021,0.021,-1,Echolocation,/mnt/ubna_data_01_mir/recover-20220825/UBNA_002/20220823_033000.WAV,Telephone Field,recover-20220825,002,1795
811.2325,811.2707,68437,81921,Rhinolophus ferrumequinum,0.022,0.022,-1,Echolocation,/mnt/ubna_data_01_mir/recover-20220825/UBNA_002/20220823_033000.WAV,Telephone Field,recover-20220825,002,1795
811.2335,811.2409,28046,39285,Eptesicus serotinus,0.009,0.027,-1,Echolocation,/mnt/ubna_data_01_mir/recover-20220825/UBNA_002/20220823_033000.WAV,Telephone Field,recover-20220825,002,1795
811.2445,811.2855,68437,82456,Rhinolophus ferrumequinum,0.024,0.024,-1,Echolocation,/mnt/ubna_data_01_mir/recover-20220825/UBNA_002/20220823_033000.WAV,Telephone Field,recover-20220825,002,1795
811.2855,811.3267,68437,83246,Rhinolophus ferrumequinum,0.029,0.029,-1,Echolocation,/mnt/ubna_data_01_mir/recover-20220825/UBNA_002/20220823_033000.WAV,Telephone Field,recover-20220825,002,1795
811.3045,811.3166,16015,21969,Nyctalus noctula,0.022,0.037,-1,Echolocation,/mnt/ubna_data_01_mir/recover-20220825/UBNA_002/20220823_033000.WAV,Telephone Field,recover-20220825,002,1795
811.3375,811.3445,34062,42679,Myotis daubentonii,0.012,0.032,-1,Echolocation,/mnt/ubna_data_01_mir/recover-20220825/UBNA_002/20220823_033000.WAV,Telephone Field,recover-20220825,002,1795
811.3385,811.3749,68437,81800,Rhinolophus ferrumequinum,0.021,0.021,-1,Echolocation,/mnt/ubna_data_01_mir/recover-20220825/UBNA_002/20220823_033000.WAV,Telephone Field,recover-20220825,002,1795
811.3505,811.3899,68437,82820,Rhinolophus ferrumequinum,0.026,0.026,-1,Echolocation,/mnt/ubna_data_01_mir/recover-20220825/UBNA_002/20220823_033000.WAV,Telephone Field,recover-20220825,002,1795
811.4205,811.4592,68437,82449,Rhinolophus ferrumequinum,0.03,0.03,-1,Echolocation,/mnt/ubna_data_01_mir/recover-20220825/UBNA_002/20220823_033000.WAV,Telephone Field,recover-20220825,002,1795
811.4365,811.4532,14296,17641,Nyctalus noctula,0.024,0.037,-1,Echolocation,/mnt/ubna_data_01_mir/recover-20220825/UBNA_002/20220823_033000.WAV,Telephone Field,recover-20220825,002,1795
811.4635,811.4699,28046,41427,Eptesicus serotinus,0.02,0.058,-1,Echolocation,/mnt/ubna_data_01_mir/recover-20220825/UBNA_002/20220823_033000.WAV,Telephone Field,recover-20220825,002,1795
811.4785,811.5155,68437,81764,Rhinolophus ferrumequinum,0.022,0.022,-1,Echolocation,/mnt/ubna_data_01_mir/recover-20220825/UBNA_002/20220823_033000.WAV,Telephone Field,recover-20220825,002,1795
811.4955,811.5329,68437,81941,Rhinolophus ferrumequinum,0.022,0.022,-1,Echolocation,/mnt/ubna_data_01_mir/recover-20220825/UBNA_002/20220823_033000.WAV,Telephone Field,recover-20220825,002,1795
811.5405,811.5769,68437,81138,Rhinolophus ferrumequinum,0.022,0.022,-1,Echolocation,/mnt/ubna_data_01_mir/recover-20220825/UBNA_002/20220823_033000.WAV,Telephone Field,recover-20220825,002,1795
811.5565,811.5654,25468,34185,Eptesicus serotinus,0.007,0.021,-1,Echolocation,/mnt/ubna_data_01_mir/recover-20220825/UBNA_002/20220823_033000.WAV,Telephone Field,recover-20220825,002,1795
811.5905,811.6306,68437,82257,Rhinolophus ferrumequinum,0.023,0.023,-1,Echolocation,/mnt/ubna_data_01_mir/recover-20220825/UBNA_002/20220823_033000.WAV,Telephone Field,recover-20220825,002,1795
811.6005,811.6383,68437,82222,Rhinolophus ferrumequinum,0.022,0.022,-1,Echolocation,/mnt/ubna_data_01_mir/recover-20220825/UBNA_002/20220823_033000.WAV,Telephone Field,recover-20220825,002,1795
811.6185,811.6565,68437,81744,Rhinolophus ferrumequinum,0.022,0.022,-1,Echolocation,/mnt/ubna_data_01_mir/recover-20220825/UBNA_002/20220823_033000.WAV,Telephone Field,recover-20220825,002,1795
811.6205,811.6287,28046,40303,Eptesicus serotinus,0.007,0.022,-1,Echolocation,/mnt/ubna_data_01_mir/recover-20220825/UBNA_002/20220823_033000.WAV,Telephone Field,recover-20220825,002,1795
811.6435,811.6517,30625,42151,Eptesicus serotinus,0.007,0.026,-1,Echolocation,/mnt/ubna_data_01_mir/recover-20220825/UBNA_002/20220823_033000.WAV,Telephone Field,recover-20220825,002,1795
811.6575,811.6954,68437,81715,Rhinolophus ferrumequinum,0.022,0.022,-1,Echolocation,/mnt/ubna_data_01_mir/recover-20220825/UBNA_002/20220823_033000.WAV,Telephone Field,recover-20220825,002,1795
811.6795,811.6878,28046,40124,Eptesicus serotinus,0.007,0.022,-1,Echolocation,/mnt/ubna_data_01_mir/recover-20220825/UBNA_002/20220823_033000.WAV,Telephone Field,recover-20220825,002,1795
811.6825,811.7201,68437,82236,Rhinolophus ferrumequinum,0.029,0.029,-1,Echolocation,/mnt/ubna_data_01_mir/recover-20220825/UBNA_002/20220823_033000.WAV,Telephone Field,recover-20220825,002,1795
811.6915,811.7294,68437,82146,Rhinolophus ferrumequinum,0.022,0.022,-1,Echolocation,/mnt/ubna_data_01_mir/recover-20220825/UBNA_002/20220823_033000.WAV,Telephone Field,recover-20220825,002,1795
811.7265,811.7665,68437,82634,Rhinolophus ferrumequinum,0.024,0.024,-1,Echolocation,/mnt/ubna_data_01_mir/recover-20220825/UBNA_002/20220823_033000.WAV,Telephone Field,recover-20220825,002,1795
811.7515,811.7902,68437,82223,Rhinolophus ferrumequinum,0.023,0.023,-1,Echolocation,/mnt/ubna_data_01_mir/recover-20220825/UBNA_002/20220823_033000.WAV,Telephone Field,recover-20220825,002,1795
811.7755,811.8176,68437,83267,Rhinolophus ferrumequinum,0.033,0.033,-1,Echolocation,/mnt/ubna_data_01_mir/recover-20220825/UBNA_002/20220823_033000.WAV,Telephone Field,recover-20220825,002,1795
811.7925,811.8019,28906,36983,Eptesicus serotinus,0.009,0.023,-1,Echolocation,/mnt/ubna_data_01_mir/recover-20220825/UBNA_002/20220823_033000.WAV,Telephone Field,recover-20220825,002,1795
811.8115,811.822,45234,49679,Pipistrellus pipistrellus,0.023,0.028,-1,Echolocation,/mnt/ubna_data_01_mir/recover-20220825/UBNA_002/20220823_033000.WAV,Telephone Field,recover-20220825,002,1795
811.8145,811.8244,23750,30332,Nyctalus leisleri,0.007,0.022,-1,Echolocation,/mnt/ubna_data_01_mir/recover-20220825/UBNA_002/20220823_033000.WAV,Telephone Field,recover-20220825,002,1795
811.8385,811.8491,43515,48736,Pipistrellus pipistrellus,0.019,0.027,-1,Echolocation,/mnt/ubna_data_01_mir/recover-20220825/UBNA_002/20220823_033000.WAV,Telephone Field,recover-20220825,002,1795
811.8405,811.8853,68437,83969,Rhinolophus ferrumequinum,0.045,0.045,-1,Echolocation,/mnt/ubna_data_01_mir/recover-20220825/UBNA_002/20220823_033000.WAV,Telephone Field,recover-20220825,002,1795
811.8435,811.8499,24609,38808,Plecotus austriacus,0.013,0.037,-1,Echolocation,/mnt/ubna_data_01_mir/recover-20220825/UBNA_002/20220823_033000.WAV,Telephone Field,recover-20220825,002,1795
811.8735,811.9135,68437,82626,Rhinolophus ferrumequinum,0.028,0.028,-1,Echolocation,/mnt/ubna_data_01_mir/recover-20220825/UBNA_002/20220823_033000.WAV,Telephone Field,recover-20220825,002,1795
811.9005,811.9076,28906,39143,Eptesicus serotinus,0.005,0.021,-1,Echolocation,/mnt/ubna_data_01_mir/recover-20220825/UBNA_002/20220823_033000.WAV,Telephone Field,recover-20220825,002,1795
811.9085,811.9454,68437,81009,Rhinolophus ferrumequinum,0.024,0.024,-1,Echolocation,/mnt/ubna_data_01_mir/recover-20220825/UBNA_002/20220823_033000.WAV,Telephone Field,recover-20220825,002,1795
811.9415,811.9494,28046,39992,Eptesicus serotinus,0.01,0.028,-1,Echolocation,/mnt/ubna_data_01_mir/recover-20220825/UBNA_002/20220823_033000.WAV,Telephone Field,recover-20220825,002,1795
811.9585,811.9962,68437,82022,Rhinolophus ferrumequinum,0.022,0.022,-1,Echolocation,/mnt/ubna_data_01_mir/recover-20220825/UBNA_002/20220823_033000.WAV,Telephone Field,recover-20220825,002,1795
812.0015,812.0159,16875,22097,Nyctalus noctula,0.009,0.021,-1,Echolocation,/mnt/ubna_data_01_mir/recover-20220825/UBNA_002/20220823_033000.WAV,Telephone Field,recover-20220825,002,1795
812.0015,812.0108,23750,31156,Nyctalus leisleri,0.007,0.025,-1,Echolocation,/mnt/ubna_data_01_mir/recover-20220825/UBNA_002/20220823_033000.WAV,Telephone Field,recover-20220825,002,1795
812.0015,812.0312,68437,80543,Rhinolophus ferrumequinum,0.039,0.039,-1,Echolocation,/mnt/ubna_data_01_mir/recover-20220825/UBNA_002/20220823_033000.WAV,Telephone Field,recover-20220825,002,1795
812.0075,812.0461,68437,81538,Rhinolophus ferrumequinum,0.022,0.022,-1,Echolocation,/mnt/ubna_data_01_mir/recover-20220825/UBNA_002/20220823_033000.WAV,Telephone Field,recover-20220825,002,1795
812.0135,812.0536,68437,82293,Rhinolophus ferrumequinum,0.021,0.022,-1,Echolocation,/mnt/ubna_data_01_mir/recover-20220825/UBNA_002/20220823_033000.WAV,Telephone Field,recover-20220825,002,1795
812.0245,812.0455,18593,21340,Nyctalus noctula,0.012,0.023,-1,Echolocation,/mnt/ubna_data_01_mir/recover-20220825/UBNA_002/20220823_033000.WAV,Telephone Field,recover-20220825,002,1795
812.0455,812.0871,68437,82971,Rhinolophus ferrumequinum,0.027,0.027,-1,Echolocation,/mnt/ubna_data_01_mir/recover-20220825/UBNA_002/20220823_033000.WAV,Telephone Field,recover-20220825,002,1795
812.0785,812.118,68437,82024,Rhinolophus ferrumequinum,0.021,0.021,-1,Echolocation,/mnt/ubna_data_01_mir/recover-20220825/UBNA_002/20220823_033000.WAV,Telephone Field,recover-20220825,002,1795
812.1575,812.1643,27187,41255,Eptesicus serotinus,0.006,0.022,-1,Echolocation,/mnt/ubna_data_01_mir/recover-20220825/UBNA_002/20220823_033000.WAV,Telephone Field,recover-20220825,002,1795
812.1645,812.1692,37500,50652,Myotis daubentonii,0.007,0.023,-1,Echolocation,/mnt/ubna_data_01_mir/recover-20220825/UBNA_002/20220823_033000.WAV,Telephone Field,recover-20220825,002,1795
812.1645,812.1711,27187,39180,Eptesicus serotinus,0.006,0.025,-1,Echolocation,/mnt/ubna_data_01_mir/recover-20220825/UBNA_002/20220823_033000.WAV,Telephone Field,recover-20220825,002,1795
812.1895,812.197,27187,38523,Eptesicus serotinus,0.007,0.021,-1,Echolocation,/mnt/ubna_data_01_mir/recover-20220825/UBNA_002/20220823_033000.WAV,Telephone Field,recover-20220825,002,1795
812.2075,812.217,22031,27771,Plecotus austriacus,0.007,0.021,-1,Echolocation,/mnt/ubna_data_01_mir/recover-20220825/UBNA_002/20220823_033000.WAV,Telephone Field,recover-20220825,002,1795
812.2515,812.287,68437,81624,Rhinolophus ferrumequinum,0.023,0.023,-1,Echolocation,/mnt/ubna_data_01_mir/recover-20220825/UBNA_002/20220823_033000.WAV,Telephone Field,recover-20220825,002,1795
812.2605,812.2999,68437,82301,Rhinolophus ferrumequinum,0.024,0.025,-1,Echolocation,/mnt/ubna_data_01_mir/recover-20220825/UBNA_002/20220823_033000.WAV,Telephone Field,recover-20220825,002,1795
812.3115,812.3506,68437,82131,Rhinolophus ferrumequinum,0.021,0.021,-1,Echolocation,/mnt/ubna_data_01_mir/recover-20220825/UBNA_002/20220823_033000.WAV,Telephone Field,recover-20220825,002,1795
812.3355,812.3482,40937,44852,Pipistrellus nathusii,0.021,0.031,-1,Echolocation,/mnt/ubna_data_01_mir/recover-20220825/UBNA_002/20220823_033000.WAV,Telephone Field,recover-20220825,002,1795
812.3385,812.3734,68437,81397,Rhinolophus ferrumequinum,0.022,0.022,-1,Echolocation,/mnt/ubna_data_01_mir/recover-20220825/UBNA_002/20220823_033000.WAV,Telephone Field,recover-20220825,002,1795
812.3825,812.4203,68437,82047,Rhinolophus ferrumequinum,0.024,0.024,-1,Echolocation,/mnt/ubna_data_01_mir/recover-20220825/UBNA_002/20220823_033000.WAV,Telephone Field,recover-20220825,002,1795
812.4005,812.41,27187,36164,Eptesicus serotinus,0.018,0.037,-1,Echolocation,/mnt/ubna_data_01_mir/recover-20220825/UBNA_002/20220823_033000.WAV,Telephone Field,recover-20220825,002,1795
812.4415,812.4495,27187,39460,Eptesicus serotinus,0.008,0.025,-1,Echolocation,/mnt/ubna_data_01_mir/recover-20220825/UBNA_002/20220823_033000.WAV,Telephone Field,recover-20220825,002,1795
812.4735,812.5151,68437,83102,Rhinolophus ferrumequinum,0.023,0.023,-1,Echolocation,/mnt/ubna_data_01_mir/recover-20220825/UBNA_002/20220823_033000.WAV,Telephone Field,recover-20220825,002,1795
812.5195,812.5284,22890,30451,Plecotus austriacus,0.011,0.032,-1,Echolocation,/mnt/ubna_data_01_mir/recover-20220825/UBNA_002/20220823_033000.WAV,Telephone Field,recover-20220825,002,1795
812.5525,812.5628,28046,36783,Eptesicus serotinus,0.009,0.021,-1,Echolocation,/mnt/ubna_data_01_mir/recover-20220825/UBNA_002/20220823_033000.WAV,Telephone Field,recover-20220825,002,1795
812.5715,812.6112,68437,82179,Rhinolophus ferrumequinum,0.023,0.023,-1,Echolocation,/mnt/ubna_data_01_mir/recover-20220825/UBNA_002/20220823_033000.WAV,Telephone Field,recover-20220825,002,1795
812.5735,812.5812,27187,36941,Eptesicus serotinus,0.009,0.026,-1,Echolocation,/mnt/ubna_data_01_mir/recover-20220825/UBNA_002/20220823_033000.WAV,Telephone Field,recover-20220825,002,1795
812.6325,812.6737,68437,82602,Rhinolophus ferrumequinum,0.022,0.022,-1,Echolocation,/mnt/ubna_data_01_mir/recover-20220825/UBNA_002/20220823_033000.WAV,Telephone Field,recover-20220825,002,1795
812.6685,812.676,28046,39019,Eptesicus serotinus,0.008,0.025,-1,Echolocation,/mnt/ubna_data_01_mir/recover-20220825/UBNA_002/20220823_033000.WAV,Telephone Field,recover-20220825,002,1795
812.6895,812.7284,68437,81674,Rhinolophus ferrumequinum,0.021,0.021,-1,Echolocation,/mnt/ubna_data_01_mir/recover-20220825/UBNA_002/20220823_033000.WAV,Telephone Field,recover-20220825,002,1795
812.8505,812.8882,68437,81749,Rhinolophus ferrumequinum,0.022,0.022,-1,Echolocation,/mnt/ubna_data_01_mir/recover-20220825/UBNA_002/20220823_033000.WAV,Telephone Field,recover-20220825,002,1795
812.8575,812.8966,68437,82460,Rhinolophus ferrumequinum,0.023,0.023,-1,Echolocation,/mnt/ubna_data_01_mir/recover-20220825/UBNA_002/20220823_033000.WAV,Telephone Field,recover-20220825,002,1795
812.8615,812.8813,21171,24180,Nyctalus leisleri,0.036,0.057,-1,Echolocation,/mnt/ubna_data_01_mir/recover-20220825/UBNA_002/20220823_033000.WAV,Telephone Field,recover-20220825,002,1795
812.8755,812.8853,28046,36287,Eptesicus serotinus,0.009,0.022,-1,Echolocation,/mnt/ubna_data_01_mir/recover-20220825/UBNA_002/20220823_033000.WAV,Telephone Field,recover-20220825,002,1795
812.9875,813.0285,68437,82589,Rhinolophus ferrumequinum,0.021,0.021,-1,Echolocation,/mnt/ubna_data_01_mir/recover-20220825/UBNA_002/20220823_033000.WAV,Telephone Field,recover-20220825,002,1795
813.0015,813.043,68437,83019,Rhinolophus ferrumequinum,0.024,0.024,-1,Echolocation,/mnt/ubna_data_01_mir/recover-20220825/UBNA_002/20220823_033000.WAV,Telephone Field,recover-20220825,002,1795
813.0035,813.0112,22890,31172,Plecotus austriacus,0.013,0.027,-1,Echolocation,/mnt/ubna_data_01_mir/recover-20220825/UBNA_002/20220823_033000.WAV,Telephone Field,recover-20220825,002,1795
813.0305,813.0678,68437,81683,Rhinolophus ferrumequinum,0.021,0.021,-1,Echolocation,/mnt/ubna_data_01_mir/recover-20220825/UBNA_002/20220823_033000.WAV,Telephone Field,recover-20220825,002,1795
813.0405,813.0484,27187,39186,Eptesicus serotinus,0.007,0.021,-1,Echolocation,/mnt/ubna_data_01_mir/recover-20220825/UBNA_002/20220823_033000.WAV,Telephone Field,recover-20220825,002,1795
813.0415,813.0806,68437,82683,Rhinolophus ferrumequinum,0.021,0.021,-1,Echolocation,/mnt/ubna_data_01_mir/recover-20220825/UBNA_002/20220823_033000.WAV,Telephone Field,recover-20220825,002,1795
813.0825,813.1224,68437,82840,Rhinolophus ferrumequinum,0.024,0.024,-1,Echolocation,/mnt/ubna_data_01_mir/recover-20220825/UBNA_002/20220823_033000.WAV,Telephone Field,recover-20220825,002,1795
813.1265,813.134,23750,32280,Plecotus austriacus,0.014,0.029,-1,Echolocation,/mnt/ubna_data_01_mir/recover-20220825/UBNA_002/20220823_033000.WAV,Telephone Field,recover-20220825,002,1795
813.1775,813.1893,28906,35294,Eptesicus serotinus,0.012,0.029,-1,Echolocation,/mnt/ubna_data_01_mir/recover-20220825/UBNA_002/20220823_033000.WAV,Telephone Field,recover-20220825,002,1795
813.1975,813.2374,68437,82502,Rhinolophus ferrumequinum,0.024,0.024,-1,Echolocation,/mnt/ubna_data_01_mir/recover-20220825/UBNA_002/20220823_033000.WAV,Telephone Field,recover-20220825,002,1795
813.2435,813.2502,28046,40685,Eptesicus serotinus,0.006,0.024,-1,Echolocation,/mnt/ubna_data_01_mir/recover-20220825/UBNA_002/20220823_033000.WAV,Telephone Field,recover-20220825,002,1795
813.2685,813.3085,68437,82130,Rhinolophus ferrumequinum,0.025,0.025,-1,Echolocation,/mnt/ubna_data_01_mir/recover-20220825/UBNA_002/20220823_033000.WAV,Telephone Field,recover-20220825,002,1795
813.3535,813.3611,26328,37212,Eptesicus serotinus,0.006,0.023,-1,Echolocation,/mnt/ubna_data_01_mir/recover-20220825/UBNA_002/20220823_033000.WAV,Telephone Field,recover-20220825,002,1795
813.3995,813.4095,22031,28529,Plecotus austriacus,0.011,0.03,-1,Echolocation,/mnt/ubna_data_01_mir/recover-20220825/UBNA_002/20220823_033000.WAV,Telephone Field,recover-20220825,002,1795
813.3995,813.4056,28046,38140,Eptesicus serotinus,0.006,0.026,-1,Echolocation,/mnt/ubna_data_01_mir/recover-20220825/UBNA_002/20220823_033000.WAV,Telephone Field,recover-20220825,002,1795
813.4445,813.4557,24609,30285,Nyctalus leisleri,0.009,0.022,-1,Echolocation,/mnt/ubna_data_01_mir/recover-20220825/UBNA_002/20220823_033000.WAV,Telephone Field,recover-20220825,002,1795
813.4865,813.5242,68437,81972,Rhinolophus ferrumequinum,0.022,0.022,-1,Echolocation,/mnt/ubna_data_01_mir/recover-20220825/UBNA_002/20220823_033000.WAV,Telephone Field,recover-20220825,002,1795
813.5505,813.5593,27187,38370,Eptesicus serotinus,0.01,0.025,-1,Echolocation,/mnt/ubna_data_01_mir/recover-20220825/UBNA_002/20220823_033000.WAV,Telephone Field,recover-20220825,002,1795
813.5565,813.5941,68437,81186,Rhinolophus ferrumequinum,0.022,0.022,-1,Echolocation,/mnt/ubna_data_01_mir/recover-20220825/UBNA_002/20220823_033000.WAV,Telephone Field,recover-20220825,002,1795
813.5745,813.5797,37500,46079,Myotis daubentonii,0.012,0.032,-1,Echolocation,/mnt/ubna_data_01_mir/recover-20220825/UBNA_002/20220823_033000.WAV,Telephone Field,recover-20220825,002,1795
813.5765,813.5829,26328,40537,Eptesicus serotinus,0.005,0.021,-1,Echolocation,/mnt/ubna_data_01_mir/recover-20220825/UBNA_002/20220823_033000.WAV,Telephone Field,recover-20220825,002,1795
813.6675,813.6766,39218,46435,Myotis daubentonii,0.013,0.045,-1,Echolocation,/mnt/ubna_data_01_mir/recover-20220825/UBNA_002/20220823_033000.WAV,Telephone Field,recover-20220825,002,1795
813.6715,813.6779,31484,44528,Myotis daubentonii,0.012,0.032,-1,Echolocation,/mnt/ubna_data_01_mir/recover-20220825/UBNA_002/20220823_033000.WAV,Telephone Field,recover-20220825,002,1795
813.7515,813.7916,68437,82338,Rhinolophus ferrumequinum,0.025,0.025,-1,Echolocation,/mnt/ubna_data_01_mir/recover-20220825/UBNA_002/20220823_033000.WAV,Telephone Field,recover-20220825,002,1795
813.7585,813.7652,37500,44549,Barbastellus barbastellus,0.029,0.057,-1,Echolocation,/mnt/ubna_data_01_mir/recover-20220825/UBNA_002/20220823_033000.WAV,Telephone Field,recover-20220825,002,1795
813.8095,813.8513,68437,83193,Rhinolophus ferrumequinum,0.022,0.022,-1,Echolocation,/mnt/ubna_data_01_mir/recover-20220825/UBNA_002/20220823_033000.WAV,Telephone Field,recover-20220825,002,1795
813.8175,813.8253,27187,36170,Eptesicus serotinus,0.008,0.021,-1,Echolocation,/mnt/ubna_data_01_mir/recover-20220825/UBNA_002/20220823_033000.WAV,Telephone Field,recover-20220825,002,1795
813.8365,813.8467,22031,27709,Nyctalus leisleri,0.009,0.022,-1,Echolocation,/mnt/ubna_data_01_mir/recover-20220825/UBNA_002/20220823_033000.WAV,Telephone Field,recover-20220825,002,1795
813.8575,813.8662,26328,34534,Eptesicus serotinus,0.009,0.024,-1,Echolocation,/mnt/ubna_data_01_mir/recover-20220825/UBNA_002/20220823_033000.WAV,Telephone Field,recover-20220825,002,1795
813.8965,813.9063,22890,29505,Nyctalus leisleri,0.008,0.023,-1,Echolocation,/mnt/ubna_data_01_mir/recover-20220825/UBNA_002/20220823_033000.WAV,Telephone Field,recover-20220825,002,1795
813.9055,813.9449,68437,83010,Rhinolophus ferrumequinum,0.021,0.021,-1,Echolocation,/mnt/ubna_data_01_mir/recover-20220825/UBNA_002/20220823_033000.WAV,Telephone Field,recover-20220825,002,1795
813.9095,813.9193,28906,36370,Eptesicus serotinus,0.008,0.022,-1,Echolocation,/mnt/ubna_data_01_mir/recover-20220825/UBNA_002/20220823_033000.WAV,Telephone Field,recover-20220825,002,1795
813.9365,813.9458,37500,44474,Myotis daubentonii,0.007,0.022,-1,Echolocation,/mnt/ubna_data_01_mir/recover-20220825/UBNA_002/20220823_033000.WAV,Telephone Field,recover-20220825,002,1795
813.9515,813.9586,23750,32640,Plecotus austriacus,0.014,0.03,-1,Echolocation,/mnt/ubna_data_01_mir/recover-20220825/UBNA_002/20220823_033000.WAV,Telephone Field,recover-20220825,002,1795
813.9835,813.9926,24609,33360,Eptesicus serotinus,0.007,0.024,-1,Echolocation,/mnt/ubna_data_01_mir/recover-20220825/UBNA_002/20220823_033000.WAV,Telephone Field,recover-20220825,002,1795
814.0015,814.0101,36640,45620,Pipistrellus nathusii,0.012,0.031,-1,Echolocation,/mnt/ubna_data_01_mir/recover-20220825/UBNA_002/20220823_033000.WAV,Telephone Field,recover-20220825,002,1795
814.0015,814.0316,68437,79515,Rhinolophus ferrumequinum,0.035,0.035,-1,Echolocation,/mnt/ubna_data_01_mir/recover-20220825/UBNA_002/20220823_033000.WAV,Telephone Field,recover-20220825,002,1795
814.0075,814.0189,27187,34123,Eptesicus serotinus,0.02,0.036,-1,Echolocation,/mnt/ubna_data_01_mir/recover-20220825/UBNA_002/20220823_033000.WAV,Telephone Field,recover-20220825,002,1795
814.0125,814.0249,15156,21373,Nyctalus noctula,0.017,0.026,-1,Echolocation,/mnt/ubna_data_01_mir/recover-20220825/UBNA_002/20220823_033000.WAV,Telephone Field,recover-20220825,002,1795
814.0245,814.0319,27187,37759,Eptesicus serotinus,0.007,0.022,-1,Echolocation,/mnt/ubna_data_01_mir/recover-20220825/UBNA_002/20220823_033000.WAV,Telephone Field,recover-20220825,002,1795
814.0315,814.0404,39218,45211,Pipistrellus nathusii,0.029,0.04,-1,Echolocation,/mnt/ubna_data_01_mir/recover-20220825/UBNA_002/20220823_033000.WAV,Telephone Field,recover-20220825,002,1795
814.0365,814.0444,27187,36710,Eptesicus serotinus,0.01,0.026,-1,Echolocation,/mnt/ubna_data_01_mir/recover-20220825/UBNA_002/20220823_033000.WAV,Telephone Field,recover-20220825,002,1795
814.0455,814.0815,68437,81964,Rhinolophus ferrumequinum,0.022,0.022,-1,Echolocation,/mnt/ubna_data_01_mir/recover-20220825/UBNA_002/20220823_033000.WAV,Telephone Field,recover-20220825,002,1795
814.0545,814.0619,30625,40906,Myotis daubentonii,0.008,0.025,-1,Echolocation,/mnt/ubna_data_01_mir/recover-20220825/UBNA_002/20220823_033000.WAV,Telephone Field,recover-20220825,002,1795
814.0555,814.0659,22890,29238,Nyctalus leisleri,0.009,0.025,-1,Echolocation,/mnt/ubna_data_01_mir/recover-20220825/UBNA_002/20220823_033000.WAV,Telephone Field,recover-20220825,002,1795
814.0695,814.0777,40937,46786,Pipistrellus nathusii,0.026,0.037,-1,Echolocation,/mnt/ubna_data_01_mir/recover-20220825/UBNA_002/20220823_033000.WAV,Telephone Field,recover-20220825,002,1795
814.1075,814.1161,27187,37843,Eptesicus serotinus,0.014,0.029,-1,Echolocation,/mnt/ubna_data_01_mir/recover-20220825/UBNA_002/20220823_033000.WAV,Telephone Field,recover-20220825,002,1795
814.1245,814.1623,68437,82354,Rhinolophus ferrumequinum,0.022,0.022,-1,Echolocation,/mnt/ubna_data_01_mir/recover-20220825/UBNA_002/20220823_033000.WAV,Telephone Field,recover-20220825,002,1795
814.1305,814.1364,39218,49534,Pipistrellus nathusii,0.17,0.221,-1,Echolocation,/mnt/ubna_data_01_mir/recover-20220825/UBNA_002/20220823_033000.WAV,Telephone Field,recover-20220825,002,1795
814.1515,814.1889,68437,82362,Rhinolophus ferrumequinum,0.021,0.021,-1,Echolocation,/mnt/ubna_data_01_mir/recover-20220825/UBNA_002/20220823_033000.WAV,Telephone Field,recover-20220825,002,1795
814.1875,814.1951,27187,37169,Eptesicus serotinus,0.01,0.026,-1,Echolocation,/mnt/ubna_data_01_mir/recover-20220825/UBNA_002/20220823_033000.WAV,Telephone Field,recover-20220825,002,1795
814.2005,814.2075,27187,36604,Eptesicus serotinus,0.007,0.023,-1,Echolocation,/mnt/ubna_data_01_mir/recover-20220825/UBNA_002/20220823_033000.WAV,Telephone Field,recover-20220825,002,1795
814.2185,814.2265,12578,22946,Barbastellus barbastellus,0.027,0.03,-1,Echolocation,/mnt/ubna_data_01_mir/recover-20220825/UBNA_002/20220823_033000.WAV,Telephone Field,recover-20220825,002,1795
814.2205,814.2292,38359,45150,Pipistrellus nathusii,0.365,0.415,-1,Echolocation,/mnt/ubna_data_01_mir/recover-20220825/UBNA_002/20220823_033000.WAV,Telephone Field,recover-20220825,002,1795
814.2445,814.2832,68437,82306,Rhinolophus ferrumequinum,0.023,0.023,-1,Echolocation,/mnt/ubna_data_01_mir/recover-20220825/UBNA_002/20220823_033000.WAV,Telephone Field,recover-20220825,002,1795
814.2935,814.3018,27187,38075,Eptesicus serotinus,0.009,0.023,-1,Echolocation,/mnt/ubna_data_01_mir/recover-20220825/UBNA_002/20220823_033000.WAV,Telephone Field,recover-20220825,002,1795
814.3155,814.3223,37500,46098,Pipistrellus nathusii,0.307,0.413,-1,Echolocation,/mnt/ubna_data_01_mir/recover-20220825/UBNA_002/20220823_033000.WAV,Telephone Field,recover-20220825,002,1795
814.3175,814.3245,25468,35858,Eptesicus serotinus,0.005,0.022,-1,Echolocation,/mnt/ubna_data_01_mir/recover-20220825/UBNA_002/20220823_033000.WAV,Telephone Field,recover-20220825,002,1795
814.3205,814.33,55546,65671,Pipistrellus pygmaeus,0.024,0.024,-1,Echolocation,/mnt/ubna_data_01_mir/recover-20220825/UBNA_002/20220823_033000.WAV,Telephone Field,recover-20220825,002,1795
814.3495,814.3569,32343,38721,Barbastellus barbastellus,0.058,0.075,-1,Echolocation,/mnt/ubna_data_01_mir/recover-20220825/UBNA_002/20220823_033000.WAV,Telephone Field,recover-20220825,002,1795
814.3595,814.3658,28046,37593,Eptesicus serotinus,0.011,0.036,-1,Echolocation,/mnt/ubna_data_01_mir/recover-20220825/UBNA_002/20220823_033000.WAV,Telephone Field,recover-20220825,002,1795
814.4025,814.4097,57265,66645,Pipistrellus pygmaeus,0.028,0.029,-1,Echolocation,/mnt/ubna_data_01_mir/recover-20220825/UBNA_002/20220823_033000.WAV,Telephone Field,recover-20220825,002,1795
814.4085,814.4197,38359,44598,Pipistrellus nathusii,0.311,0.33,-1,Echolocation,/mnt/ubna_data_01_mir/recover-20220825/UBNA_002/20220823_033000.WAV,Telephone Field,recover-20220825,002,1795
814.4105,814.4186,52968,58428,Pipistrellus pygmaeus,0.024,0.028,-1,Echolocation,/mnt/ubna_data_01_mir/recover-20220825/UBNA_002/20220823_033000.WAV,Telephone Field,recover-20220825,002,1795
814.4615,814.4743,23750,28183,Nyctalus leisleri,0.014,0.026,-1,Echolocation,/mnt/ubna_data_01_mir/recover-20220825/UBNA_002/20220823_033000.WAV,Telephone Field,recover-20220825,002,1795
814.5065,814.5144,39218,49964,Pipistrellus nathusii,0.262,0.331,-1,Echolocation,/mnt/ubna_data_01_mir/recover-20220825/UBNA_002/20220823_033000.WAV,Telephone Field,recover-20220825,002,1795
814.5315,814.5403,28046,38264,Eptesicus serotinus,0.01,0.027,-1,Echolocation,/mnt/ubna_data_01_mir/recover-20220825/UBNA_002/20220823_033000.WAV,Telephone Field,recover-20220825,002,1795
814.5435,814.5517,28046,37305,Eptesicus serotinus,0.009,0.026,-1,Echolocation,/mnt/ubna_data_01_mir/recover-20220825/UBNA_002/20220823_033000.WAV,Telephone Field,recover-20220825,002,1795
814.5505,814.5598,31484,37540,Barbastellus barbastellus,0.008,0.024,-1,Echolocation,/mnt/ubna_data_01_mir/recover-20220825/UBNA_002/20220823_033000.WAV,Telephone Field,recover-20220825,002,1795
814.5585,814.5675,27187,33948,Eptesicus serotinus,0.009,0.024,-1,Echolocation,/mnt/ubna_data_01_mir/recover-20220825/UBNA_002/20220823_033000.WAV,Telephone Field,recover-20220825,002,1795
814.5995,814.6054,38359,51093,Pipistrellus nathusii,0.102,0.171,-1,Echolocation,/mnt/ubna_data_01_mir/recover-20220825/UBNA_002/20220823_033000.WAV,Telephone Field,recover-20220825,002,1795
814.6105,814.6186,27187,35447,Eptesicus serotinus,0.008,0.025,-1,Echolocation,/mnt/ubna_data_01_mir/recover-20220825/UBNA_002/20220823_033000.WAV,Telephone Field,recover-20220825,002,1795
814.6205,814.6564,68437,82380,Rhinolophus ferrumequinum,0.022,0.022,-1,Echolocation,/mnt/ubna_data_01_mir/recover-20220825/UBNA_002/20220823_033000.WAV,Telephone Field,recover-20220825,002,1795
814.6235,814.6317,49531,55619,Pipistrellus pipistrellus,0.027,0.033,-1,Echolocation,/mnt/ubna_data_01_mir/recover-20220825/UBNA_002/20220823_033000.WAV,Telephone Field,recover-20220825,002,1795
814.6315,814.6711,68437,82429,Rhinolophus ferrumequinum,0.021,0.021,-1,Echolocation,/mnt/ubna_data_01_mir/recover-20220825/UBNA_002/20220823_033000.WAV,Telephone Field,recover-20220825,002,1795
814.6335,814.644,15156,20854,Nyctalus noctula,0.011,0.022,-1,Echolocation,/mnt/ubna_data_01_mir/recover-20220825/UBNA_002/20220823_033000.WAV,Telephone Field,recover-20220825,002,1795
814.6435,814.6532,24609,30313,Eptesicus serotinus,0.008,0.022,-1,Echolocation,/mnt/ubna_data_01_mir/recover-20220825/UBNA_002/20220823_033000.WAV,Telephone Field,recover-20220825,002,1795
814.6935,814.7016,40078,50514,Pipistrellus nathusii,0.462,0.554,-1,Echolocation,/mnt/ubna_data_01_mir/recover-20220825/UBNA_002/20220823_033000.WAV,Telephone Field,recover-20220825,002,1795
814.7025,814.738,68437,81225,Rhinolophus ferrumequinum,0.024,0.024,-1,Echolocation,/mnt/ubna_data_01_mir/recover-20220825/UBNA_002/20220823_033000.WAV,Telephone Field,recover-20220825,002,1795
814.7035,814.7144,56406,64508,Pipistrellus pygmaeus,0.029,0.03,-1,Echolocation,/mnt/ubna_data_01_mir/recover-20220825/UBNA_002/20220823_033000.WAV,Telephone Field,recover-20220825,002,1795
814.7305,814.7398,27187,39188,Eptesicus serotinus,0.012,0.026,-1,Echolocation,/mnt/ubna_data_01_mir/recover-20220825/UBNA_002/20220823_033000.WAV,Telephone Field,recover-20220825,002,1795
814.7435,814.7544,25468,31557,Eptesicus serotinus,0.015,0.032,-1,Echolocation,/mnt/ubna_data_01_mir/recover-20220825/UBNA_002/20220823_033000.WAV,Telephone Field,recover-20220825,002,1795
814.7825,814.7917,26328,34022,Eptesicus serotinus,0.008,0.022,-1,Echolocation,/mnt/ubna_data_01_mir/recover-20220825/UBNA_002/20220823_033000.WAV,Telephone Field,recover-20220825,002,1795
814.7885,814.7967,40078,49843,Pipistrellus nathusii,0.414,0.466,-1,Echolocation,/mnt/ubna_data_01_mir/recover-20220825/UBNA_002/20220823_033000.WAV,Telephone Field,recover-20220825,002,1795
814.7935,814.8007,25468,33236,Eptesicus serotinus,0.007,0.025,-1,Echolocation,/mnt/ubna_data_01_mir/recover-20220825/UBNA_002/20220823_033000.WAV,Telephone Field,recover-20220825,002,1795
814.8345,814.8426,43515,53050,Pipistrellus nathusii,0.012,0.033,-1,Echolocation,/mnt/ubna_data_01_mir/recover-20220825/UBNA_002/20220823_033000.WAV,Telephone Field,recover-20220825,002,1795
814.8425,814.8551,25468,30799,Eptesicus serotinus,0.018,0.043,-1,Echolocation,/mnt/ubna_data_01_mir/recover-20220825/UBNA_002/20220823_033000.WAV,Telephone Field,recover-20220825,002,1795
814.8615,814.8696,53828,60191,Pipistrellus pygmaeus,0.025,0.025,-1,Echolocation,/mnt/ubna_data_01_mir/recover-20220825/UBNA_002/20220823_033000.WAV,Telephone Field,recover-20220825,002,1795
814.8895,814.8982,40078,50646,Pipistrellus nathusii,0.512,0.587,-1,Echolocation,/mnt/ubna_data_01_mir/recover-20220825/UBNA_002/20220823_033000.WAV,Telephone Field,recover-20220825,002,1795
814.8945,814.9017,55546,67531,Pipistrellus pygmaeus,0.021,0.022,-1,Echolocation,/mnt/ubna_data_01_mir/recover-20220825/UBNA_002/20220823_033000.WAV,Telephone Field,recover-20220825,002,1795
814.9665,814.9727,39218,54592,Pipistrellus nathusii,0.447,0.541,-1,Echolocation,/mnt/ubna_data_01_mir/recover-20220825/UBNA_002/20220823_033000.WAV,Telephone Field,recover-20220825,002,1795
815.0195,815.0265,49531,57190,Pipistrellus pipistrellus,0.015,0.022,-1,Echolocation,/mnt/ubna_data_01_mir/recover-20220825/UBNA_002/20220823_033000.WAV,Telephone Field,recover-20220825,002,1795
815.0215,815.0289,26328,35974,Eptesicus serotinus,0.007,0.024,-1,Echolocation,/mnt/ubna_data_01_mir/recover-20220825/UBNA_002/20220823_033000.WAV,Telephone Field,recover-20220825,002,1795
815.0235,815.0302,30625,44112,Myotis daubentonii,0.008,0.024,-1,Echolocation,/mnt/ubna_data_01_mir/recover-20220825/UBNA_002/20220823_033000.WAV,Telephone Field,recover-20220825,002,1795
815.0575,815.0981,68437,82467,Rhinolophus ferrumequinum,0.032,0.032,-1,Echolocation,/mnt/ubna_data_01_mir/recover-20220825/UBNA_002/20220823_033000.WAV,Telephone Field,recover-20220825,002,1795
815.0585,815.065,39218,52627,Pipistrellus nathusii,0.554,0.62,-1,Echolocation,/mnt/ubna_data_01_mir/recover-20220825/UBNA_002/20220823_033000.WAV,Telephone Field,recover-20220825,002,1795
815.1005,815.1162,15156,20249,Nyctalus noctula,0.021,0.03,-1,Echolocation,/mnt/ubna_data_01_mir/recover-20220825/UBNA_002/20220823_033000.WAV,Telephone Field,recover-20220825,002,1795
815.1385,815.146,39218,52172,Pipistrellus nathusii,0.431,0.598,-1,Echolocation,/mnt/ubna_data_01_mir/recover-20220825/UBNA_002/20220823_033000.WAV,Telephone Field,recover-20220825,002,1795
815.1515,815.1901,68437,82572,Rhinolophus ferrumequinum,0.025,0.025,-1,Echolocation,/mnt/ubna_data_01_mir/recover-20220825/UBNA_002/20220823_033000.WAV,Telephone Field,recover-20220825,002,1795
815.1605,815.1715,24609,31195,Nyctalus leisleri,0.009,0.028,-1,Echolocation,/mnt/ubna_data_01_mir/recover-20220825/UBNA_002/20220823_033000.WAV,Telephone Field,recover-20220825,002,1795
815.1735,815.1848,22031,26204,Nyctalus leisleri,0.011,0.021,-1,Echolocation,/mnt/ubna_data_01_mir/recover-20220825/UBNA_002/20220823_033000.WAV,Telephone Field,recover-20220825,002,1795
815.1925,815.2302,68437,82369,Rhinolophus ferrumequinum,0.024,0.024,-1,Echolocation,/mnt/ubna_data_01_mir/recover-20220825/UBNA_002/20220823_033000.WAV,Telephone Field,recover-20220825,002,1795
815.2055,815.2149,39218,44160,Pipistrellus nathusii,0.021,0.03,-1,Echolocation,/mnt/ubna_data_01_mir/recover-20220825/UBNA_002/20220823_033000.WAV,Telephone Field,recover-20220825,002,1795
815.2195,815.2288,28046,34677,Eptesicus serotinus,0.011,0.024,-1,Echolocation,/mnt/ubna_data_01_mir/recover-20220825/UBNA_002/20220823_033000.WAV,Telephone Field,recover-20220825,002,1795
815.2315,815.2391,39218,51514,Pipistrellus nathusii,0.589,0.663,-1,Echolocation,/mnt/ubna_data_01_mir/recover-20220825/UBNA_002/20220823_033000.WAV,Telephone Field,recover-20220825,002,1795
815.2645,815.2718,28046,38565,Eptesicus serotinus,0.007,0.021,-1,Echolocation,/mnt/ubna_data_01_mir/recover-20220825/UBNA_002/20220823_033000.WAV,Telephone Field,recover-20220825,002,1795
815.3315,815.3386,39218,50714,Pipistrellus nathusii,0.521,0.588,-1,Echolocation,/mnt/ubna_data_01_mir/recover-20220825/UBNA_002/20220823_033000.WAV,Telephone Field,recover-20220825,002,1795
815.3425,815.3801,68437,82127,Rhinolophus ferrumequinum,0.023,0.023,-1,Echolocation,/mnt/ubna_data_01_mir/recover-20220825/UBNA_002/20220823_033000.WAV,Telephone Field,recover-20220825,002,1795
815.3655,815.4038,68437,83031,Rhinolophus ferrumequinum,0.032,0.032,-1,Echolocation,/mnt/ubna_data_01_mir/recover-20220825/UBNA_002/20220823_033000.WAV,Telephone Field,recover-20220825,002,1795
815.3805,815.3887,28046,35696,Eptesicus serotinus,0.007,0.022,-1,Echolocation,/mnt/ubna_data_01_mir/recover-20220825/UBNA_002/20220823_033000.WAV,Telephone Field,recover-20220825,002,1795
815.4235,815.4303,39218,52148,Pipistrellus nathusii,0.535,0.608,-1,Echolocation,/mnt/ubna_data_01_mir/recover-20220825/UBNA_002/20220823_033000.WAV,Telephone Field,recover-20220825,002,1795
815.4325,815.4399,26328,33071,Eptesicus serotinus,0.006,0.023,-1,Echolocation,/mnt/ubna_data_01_mir/recover-20220825/UBNA_002/20220823_033000.WAV,Telephone Field,recover-20220825,002,1795
815.4605,815.4984,68437,81615,Rhinolophus ferrumequinum,0.023,0.023,-1,Echolocation,/mnt/ubna_data_01_mir/recover-20220825/UBNA_002/20220823_033000.WAV,Telephone Field,recover-20220825,002,1795
815.4615,815.4688,53828,60687,Pipistrellus pygmaeus,0.022,0.022,-1,Echolocation,/mnt/ubna_data_01_mir/recover-20220825/UBNA_002/20220823_033000.WAV,Telephone Field,recover-20220825,002,1795
815.4665,815.4745,27187,38805,Eptesicus serotinus,0.008,0.022,-1,Echolocation,/mnt/ubna_data_01_mir/recover-20220825/UBNA_002/20220823_033000.WAV,Telephone Field,recover-20220825,002,1795
815.4755,815.5169,68437,82816,Rhinolophus ferrumequinum,0.029,0.029,-1,Echolocation,/mnt/ubna_data_01_mir/recover-20220825/UBNA_002/20220823_033000.WAV,Telephone Field,recover-20220825,002,1795
815.5075,815.5162,28046,36344,Eptesicus serotinus,0.01,0.023,-1,Echolocation,/mnt/ubna_data_01_mir/recover-20220825/UBNA_002/20220823_033000.WAV,Telephone Field,recover-20220825,002,1795
815.5215,815.5292,39218,48378,Pipistrellus nathusii,0.358,0.521,-1,Echolocation,/mnt/ubna_data_01_mir/recover-20220825/UBNA_002/20220823_033000.WAV,Telephone Field,recover-20220825,002,1795
815.5485,815.5562,47812,54927,Pipistrellus pipistrellus,0.02,0.032,-1,Echolocation,/mnt/ubna_data_01_mir/recover-20220825/UBNA_002/20220823_033000.WAV,Telephone Field,recover-20220825,002,1795
815.5725,815.6046,68437,80627,Rhinolophus ferrumequinum,0.022,0.022,-1,Echolocation,/mnt/ubna_data_01_mir/recover-20220825/UBNA_002/20220823_033000.WAV,Telephone Field,recover-20220825,002,1795
815.5735,815.5824,27187,35797,Eptesicus serotinus,0.009,0.022,-1,Echolocation,/mnt/ubna_data_01_mir/recover-20220825/UBNA_002/20220823_033000.WAV,Telephone Field,recover-20220825,002,1795
815.5735,815.5825,32343,38265,Barbastellus barbastellus,0.008,0.022,-1,Echolocation,/mnt/ubna_data_01_mir/recover-20220825/UBNA_002/20220823_033000.WAV,Telephone Field,recover-20220825,002,1795
815.5885,815.6239,68437,81469,Rhinolophus ferrumequinum,0.022,0.022,-1,Echolocation,/mnt/ubna_data_01_mir/recover-20220825/UBNA_002/20220823_033000.WAV,Telephone Field,recover-20220825,002,1795
815.5955,815.6052,27187,36225,Eptesicus serotinus,0.011,0.024,-1,Echolocation,/mnt/ubna_data_01_mir/recover-20220825/UBNA_002/20220823_033000.WAV,Telephone Field,recover-20220825,002,1795
815.6145,815.6203,38359,48039,Pipistrellus nathusii,0.377,0.506,-1,Echolocation,/mnt/ubna_data_01_mir/recover-20220825/UBNA_002/20220823_033000.WAV,Telephone Field,recover-20220825,002,1795
815.6165,815.6551,68437,81929,Rhinolophus ferrumequinum,0.027,0.027,-1,Echolocation,/mnt/ubna_data_01_mir/recover-20220825/UBNA_002/20220823_033000.WAV,Telephone Field,recover-20220825,002,1795
815.6205,815.6305,53828,60287,Pipistrellus pygmaeus,0.024,0.025,-1,Echolocation,/mnt/ubna_data_01_mir/recover-20220825/UBNA_002/20220823_033000.WAV,Telephone Field,recover-20220825,002,1795
815.6495,815.6872,68437,81748,Rhinolophus ferrumequinum,0.026,0.026,-1,Echolocation,/mnt/ubna_data_01_mir/recover-20220825/UBNA_002/20220823_033000.WAV,Telephone Field,recover-20220825,002,1795
815.6555,815.6634,28046,39764,Eptesicus serotinus,0.01,0.028,-1,Echolocation,/mnt/ubna_data_01_mir/recover-20220825/UBNA_002/20220823_033000.WAV,Telephone Field,recover-20220825,002,1795
815.6985,815.7086,27187,36694,Eptesicus serotinus,0.011,0.026,-1,Echolocation,/mnt/ubna_data_01_mir/recover-20220825/UBNA_002/20220823_033000.WAV,Telephone Field,recover-20220825,002,1795
815.7715,815.7775,36640,51168,Myotis brandtii,0.011,0.029,-1,Echolocation,/mnt/ubna_data_01_mir/recover-20220825/UBNA_002/20220823_033000.WAV,Telephone Field,recover-20220825,002,1795
815.7735,815.78,27187,38862,Eptesicus serotinus,0.006,0.023,-1,Echolocation,/mnt/ubna_data_01_mir/recover-20220825/UBNA_002/20220823_033000.WAV,Telephone Field,recover-20220825,002,1795
815.8165,815.8224,31484,44992,Myotis daubentonii,0.012,0.031,-1,Echolocation,/mnt/ubna_data_01_mir/recover-20220825/UBNA_002/20220823_033000.WAV,Telephone Field,recover-20220825,002,1795
815.8165,815.8229,26328,42634,Plecotus auritus,0.007,0.029,-1,Echolocation,/mnt/ubna_data_01_mir/recover-20220825/UBNA_002/20220823_033000.WAV,Telephone Field,recover-20220825,002,1795
815.8235,815.8633,68437,83030,Rhinolophus ferrumequinum,0.026,0.026,-1,Echolocation,/mnt/ubna_data_01_mir/recover-20220825/UBNA_002/20220823_033000.WAV,Telephone Field,recover-20220825,002,1795
815.8265,815.8364,27187,34311,Eptesicus serotinus,0.019,0.035,-1,Echolocation,/mnt/ubna_data_01_mir/recover-20220825/UBNA_002/20220823_033000.WAV,Telephone Field,recover-20220825,002,1795
815.8545,815.8872,68437,81105,Rhinolophus ferrumequinum,0.024,0.024,-1,Echolocation,/mnt/ubna_data_01_mir/recover-20220825/UBNA_002/20220823_033000.WAV,Telephone Field,recover-20220825,002,1795
815.8875,815.8978,32343,38434,Pipistrellus nathusii,0.009,0.029,-1,Echolocation,/mnt/ubna_data_01_mir/recover-20220825/UBNA_002/20220823_033000.WAV,Telephone Field,recover-20220825,002,1795
815.9065,815.9416,68437,80941,Rhinolophus ferrumequinum,0.025,0.025,-1,Echolocation,/mnt/ubna_data_01_mir/recover-20220825/UBNA_002/20220823_033000.WAV,Telephone Field,recover-20220825,002,1795
815.9085,815.9157,37500,46516,Pipistrellus nathusii,0.298,0.456,-1,Echolocation,/mnt/ubna_data_01_mir/recover-20220825/UBNA_002/20220823_033000.WAV,Telephone Field,recover-20220825,002,1795
815.9115,815.9241,49531,54033,Pipistrellus pygmaeus,0.03,0.055,-1,Echolocation,/mnt/ubna_data_01_mir/recover-20220825/UBNA_002/20220823_033000.WAV,Telephone Field,recover-20220825,002,1795
815.9525,815.9602,28046,42511,Eptesicus serotinus,0.007,0.021,-1,Echolocation,/mnt/ubna_data_01_mir/recover-20220825/UBNA_002/20220823_033000.WAV,Telephone Field,recover-20220825,002,1795
815.9525,815.9953,68437,83324,Rhinolophus ferrumequinum,0.03,0.03,-1,Echolocation,/mnt/ubna_data_01_mir/recover-20220825/UBNA_002/20220823_033000.WAV,Telephone Field,recover-20220825,002,1795
816.0015,816.0111,23750,29997,Nyctalus leisleri,0.014,0.035,-1,Echolocation,/mnt/ubna_data_01_mir/recover-20220825/UBNA_002/20220823_033000.WAV,Telephone Field,recover-20220825,002,1795
816.0015,816.0305,68437,80740,Rhinolophus ferrumequinum,0.031,0.032,-1,Echolocation,/mnt/ubna_data_01_mir/recover-20220825/UBNA_002/20220823_033000.WAV,Telephone Field,recover-20220825,002,1795
816.0395,816.0715,68437,81279,Rhinolophus ferrumequinum,0.029,0.029,-1,Echolocation,/mnt/ubna_data_01_mir/recover-20220825/UBNA_002/20220823_033000.WAV,Telephone Field,recover-20220825,002,1795
816.0535,816.0612,41796,53843,Pipistrellus nathusii,0.01,0.025,-1,Echolocation,/mnt/ubna_data_01_mir/recover-20220825/UBNA_002/20220823_033000.WAV,Telephone Field,recover-20220825,002,1795
816.0545,816.0617,46093,52679,Pipistrellus pipistrellus,0.017,0.024,-1,Echolocation,/mnt/ubna_data_01_mir/recover-20220825/UBNA_002/20220823_033000.WAV,Telephone Field,recover-20220825,002,1795
816.0555,816.062,30625,45037,Myotis daubentonii,0.008,0.025,-1,Echolocation,/mnt/ubna_data_01_mir/recover-20220825/UBNA_002/20220823_033000.WAV,Telephone Field,recover-20220825,002,1795
816.0755,816.0828,29765,41202,Myotis daubentonii,0.01,0.027,-1,Echolocation,/mnt/ubna_data_01_mir/recover-20220825/UBNA_002/20220823_033000.WAV,Telephone Field,recover-20220825,002,1795
816.1035,816.111,40078,49247,Pipistrellus nathusii,0.138,0.172,-1,Echolocation,/mnt/ubna_data_01_mir/recover-20220825/UBNA_002/20220823_033000.WAV,Telephone Field,recover-20220825,002,1795
816.1355,816.1419,35781,44338,Myotis daubentonii,0.011,0.026,-1,Echolocation,/mnt/ubna_data_01_mir/recover-20220825/UBNA_002/20220823_033000.WAV,Telephone Field,recover-20220825,002,1795
816.1385,816.1459,54687,62016,Pipistrellus pygmaeus,0.028,0.028,-1,Echolocation,/mnt/ubna_data_01_mir/recover-20220825/UBNA_002/20220823_033000.WAV,Telephone Field,recover-20220825,002,1795
816.1435,816.1517,28046,38352,Eptesicus serotinus,0.01,0.028,-1,Echolocation,/mnt/ubna_data_01_mir/recover-20220825/UBNA_002/20220823_033000.WAV,Telephone Field,recover-20220825,002,1795
816.1895,816.197,56406,64216,Pipistrellus pygmaeus,0.023,0.023,-1,Echolocation,/mnt/ubna_data_01_mir/recover-20220825/UBNA_002/20220823_033000.WAV,Telephone Field,recover-20220825,002,1795
816.1915,816.1979,39218,53666,Myotis brandtii,0.01,0.026,-1,Echolocation,/mnt/ubna_data_01_mir/recover-20220825/UBNA_002/20220823_033000.WAV,Telephone Field,recover-20220825,002,1795
816.1925,816.1985,31484,42967,Barbastellus barbastellus,0.026,0.058,-1,Echolocation,/mnt/ubna_data_01_mir/recover-20220825/UBNA_002/20220823_033000.WAV,Telephone Field,recover-20220825,002,1795
816.2905,816.2983,28046,41403,Barbastellus barbastellus,0.01,0.031,-1,Echolocation,/mnt/ubna_data_01_mir/recover-20220825/UBNA_002/20220823_033000.WAV,Telephone Field,recover-20220825,002,1795
816.2905,816.2974,40078,48805,Pipistrellus nathusii,0.488,0.56,-1,Echolocation,/mnt/ubna_data_01_mir/recover-20220825/UBNA_002/20220823_033000.WAV,Telephone Field,recover-20220825,002,1795
816.3155,816.3233,26328,35491,Eptesicus serotinus,0.017,0.041,-1,Echolocation,/mnt/ubna_data_01_mir/recover-20220825/UBNA_002/20220823_033000.WAV,Telephone Field,recover-20220825,002,1795
816.3495,816.3615,38359,43212,Pipistrellus nathusii,0.032,0.042,-1,Echolocation,/mnt/ubna_data_01_mir/recover-20220825/UBNA_002/20220823_033000.WAV,Telephone Field,recover-20220825,002,1795
816.3675,816.4025,68437,81564,Rhinolophus ferrumequinum,0.024,0.024,-1,Echolocation,/mnt/ubna_data_01_mir/recover-20220825/UBNA_002/20220823_033000.WAV,Telephone Field,recover-20220825,002,1795
816.3735,816.3798,32343,43122,Myotis daubentonii,0.01,0.025,-1,Echolocation,/mnt/ubna_data_01_mir/recover-20220825/UBNA_002/20220823_033000.WAV,Telephone Field,recover-20220825,002,1795
816.3735,816.3811,27187,38386,Eptesicus serotinus,0.009,0.027,-1,Echolocation,/mnt/ubna_data_01_mir/recover-20220825/UBNA_002/20220823_033000.WAV,Telephone Field,recover-20220825,002,1795
816.3865,816.3927,40078,51904,Pipistrellus nathusii,0.512,0.554,-1,Echolocation,/mnt/ubna_data_01_mir/recover-20220825/UBNA_002/20220823_033000.WAV,Telephone Field,recover-20220825,002,1795
816.4115,816.4419,68437,80944,Rhinolophus ferrumequinum,0.023,0.024,-1,Echolocation,/mnt/ubna_data_01_mir/recover-20220825/UBNA_002/20220823_033000.WAV,Telephone Field,recover-20220825,002,1795
816.4185,816.4274,27187,34934,Eptesicus serotinus,0.01,0.024,-1,Echolocation,/mnt/ubna_data_01_mir/recover-20220825/UBNA_002/20220823_033000.WAV,Telephone Field,recover-20220825,002,1795
816.4295,816.437,36640,47433,Pipistrellus nathusii,0.007,0.026,-1,Echolocation,/mnt/ubna_data_01_mir/recover-20220825/UBNA_002/20220823_033000.WAV,Telephone Field,recover-20220825,002,1795
816.4415,816.4515,40937,47448,Pipistrellus nathusii,0.016,0.026,-1,Echolocation,/mnt/ubna_data_01_mir/recover-20220825/UBNA_002/20220823_033000.WAV,Telephone Field,recover-20220825,002,1795
816.4525,816.4616,27187,35901,Eptesicus serotinus,0.011,0.026,-1,Echolocation,/mnt/ubna_data_01_mir/recover-20220825/UBNA_002/20220823_033000.WAV,Telephone Field,recover-20220825,002,1795
816.4565,816.4642,40937,50500,Pipistrellus nathusii,0.011,0.027,-1,Echolocation,/mnt/ubna_data_01_mir/recover-20220825/UBNA_002/20220823_033000.WAV,Telephone Field,recover-20220825,002,1795
816.4785,816.4846,38359,49174,Pipistrellus nathusii,0.271,0.406,-1,Echolocation,/mnt/ubna_data_01_mir/recover-20220825/UBNA_002/20220823_033000.WAV,Telephone Field,recover-20220825,002,1795
816.4835,816.4938,21171,27706,Nyctalus noctula,0.008,0.029,-1,Echolocation,/mnt/ubna_data_01_mir/recover-20220825/UBNA_002/20220823_033000.WAV,Telephone Field,recover-20220825,002,1795
816.4905,816.498,54687,65399,Pipistrellus pygmaeus,0.04,0.041,-1,Echolocation,/mnt/ubna_data_01_mir/recover-20220825/UBNA_002/20220823_033000.WAV,Telephone Field,recover-20220825,002,1795
816.5305,816.5397,28046,35818,Eptesicus serotinus,0.01,0.025,-1,Echolocation,/mnt/ubna_data_01_mir/recover-20220825/UBNA_002/20220823_033000.WAV,Telephone Field,recover-20220825,002,1795
816.5465,816.554,38359,51681,Pipistrellus nathusii,0.499,0.607,-1,Echolocation,/mnt/ubna_data_01_mir/recover-20220825/UBNA_002/20220823_033000.WAV,Telephone Field,recover-20220825,002,1795
816.6085,816.6147,39218,48874,Pipistrellus nathusii,0.42,0.497,-1,Echolocation,/mnt/ubna_data_01_mir/recover-20220825/UBNA_002/20220823_033000.WAV,Telephone Field,recover-20220825,002,1795
816.6435,816.6594,16875,21514,Nyctalus noctula,0.022,0.033,-1,Echolocation,/mnt/ubna_data_01_mir/recover-20220825/UBNA_002/20220823_033000.WAV,Telephone Field,recover-20220825,002,1795
816.6575,816.6667,39218,48753,Pipistrellus nathusii,0.025,0.04,-1,Echolocation,/mnt/ubna_data_01_mir/recover-20220825/UBNA_002/20220823_033000.WAV,Telephone Field,recover-20220825,002,1795
816.6685,816.6752,41796,46764,Pipistrellus nathusii,0.041,0.069,-1,Echolocation,/mnt/ubna_data_01_mir/recover-20220825/UBNA_002/20220823_033000.WAV,Telephone Field,recover-20220825,002,1795
816.6935,816.7031,39218,44364,Pipistrellus nathusii,0.023,0.032,-1,Echolocation,/mnt/ubna_data_01_mir/recover-20220825/UBNA_002/20220823_033000.WAV,Telephone Field,recover-20220825,002,1795
816.6975,816.7353,68437,82623,Rhinolophus ferrumequinum,0.028,0.028,-1,Echolocation,/mnt/ubna_data_01_mir/recover-20220825/UBNA_002/20220823_033000.WAV,Telephone Field,recover-20220825,002,1795
816.7285,816.7372,35781,44088,Pipistrellus nathusii,0.143,0.207,-1,Echolocation,/mnt/ubna_data_01_mir/recover-20220825/UBNA_002/20220823_033000.WAV,Telephone Field,recover-20220825,002,1795
816.7615,816.7674,33203,52583,Myotis brandtii,0.01,0.024,-1,Echolocation,/mnt/ubna_data_01_mir/recover-20220825/UBNA_002/20220823_033000.WAV,Telephone Field,recover-20220825,002,1795
816.7645,816.7708,40078,52101,Pipistrellus nathusii,0.01,0.026,-1,Echolocation,/mnt/ubna_data_01_mir/recover-20220825/UBNA_002/20220823_033000.WAV,Telephone Field,recover-20220825,002,1795
816.7825,816.7913,28046,35790,Eptesicus serotinus,0.011,0.026,-1,Echolocation,/mnt/ubna_data_01_mir/recover-20220825/UBNA_002/20220823_033000.WAV,Telephone Field,recover-20220825,002,1795
816.7945,816.8014,40078,46918,Pipistrellus nathusii,0.416,0.457,-1,Echolocation,/mnt/ubna_data_01_mir/recover-20220825/UBNA_002/20220823_033000.WAV,Telephone Field,recover-20220825,002,1795
816.8175,816.8246,26328,38026,Eptesicus serotinus,0.009,0.028,-1,Echolocation,/mnt/ubna_data_01_mir/recover-20220825/UBNA_002/20220823_033000.WAV,Telephone Field,recover-20220825,002,1795
816.8405,816.8489,27187,35219,Eptesicus serotinus,0.011,0.027,-1,Echolocation,/mnt/ubna_data_01_mir/recover-20220825/UBNA_002/20220823_033000.WAV,Telephone Field,recover-20220825,002,1795
816.8405,816.8513,34921,40120,Barbastellus barbastellus,0.013,0.035,-1,Echolocation,/mnt/ubna_data_01_mir/recover-20220825/UBNA_002/20220823_033000.WAV,Telephone Field,recover-20220825,002,1795
816.8595,816.868,40937,48186,Pipistrellus nathusii,0.323,0.353,-1,Echolocation,/mnt/ubna_data_01_mir/recover-20220825/UBNA_002/20220823_033000.WAV,Telephone Field,recover-20220825,002,1795
816.8865,816.8939,46093,51350,Pipistrellus pipistrellus,0.033,0.036,-1,Echolocation,/mnt/ubna_data_01_mir/recover-20220825/UBNA_002/20220823_033000.WAV,Telephone Field,recover-20220825,002,1795
816.9265,816.9322,40937,51156,Pipistrellus nathusii,0.501,0.531,-1,Echolocation,/mnt/ubna_data_01_mir/recover-20220825/UBNA_002/20220823_033000.WAV,Telephone Field,recover-20220825,002,1795
817.0045,817.01,40937,53174,Pipistrellus nathusii,0.632,0.654,-1,Echolocation,/mnt/ubna_data_01_mir/recover-20220825/UBNA_002/20220823_033000.WAV,Telephone Field,recover-20220825,002,1795
817.0325,817.0692,68437,82650,Rhinolophus ferrumequinum,0.031,0.031,-1,Echolocation,/mnt/ubna_data_01_mir/recover-20220825/UBNA_002/20220823_033000.WAV,Telephone Field,recover-20220825,002,1795
817.0395,817.0738,68437,81767,Rhinolophus ferrumequinum,0.025,0.026,-1,Echolocation,/mnt/ubna_data_01_mir/recover-20220825/UBNA_002/20220823_033000.WAV,Telephone Field,recover-20220825,002,1795
817.0595,817.0669,40937,49635,Pipistrellus nathusii,0.009,0.025,-1,Echolocation,/mnt/ubna_data_01_mir/recover-20220825/UBNA_002/20220823_033000.WAV,Telephone Field,recover-20220825,002,1795
817.0895,817.096,40937,54800,Pipistrellus nathusii,0.304,0.481,-1,Echolocation,/mnt/ubna_data_01_mir/recover-20220825/UBNA_002/20220823_033000.WAV,Telephone Field,recover-20220825,002,1795
817.0995,817.1075,27187,34426,Eptesicus serotinus,0.008,0.025,-1,Echolocation,/mnt/ubna_data_01_mir/recover-20220825/UBNA_002/20220823_033000.WAV,Telephone Field,recover-20220825,002,1795
817.1395,817.1469,27187,39254,Eptesicus serotinus,0.01,0.029,-1,Echolocation,/mnt/ubna_data_01_mir/recover-20220825/UBNA_002/20220823_033000.WAV,Telephone Field,recover-20220825,002,1795
817.1425,817.1506,45234,48576,Pipistrellus pipistrellus,0.021,0.027,-1,Echolocation,/mnt/ubna_data_01_mir/recover-20220825/UBNA_002/20220823_033000.WAV,Telephone Field,recover-20220825,002,1795
817.1765,817.182,40078,52689,Pipistrellus nathusii,0.423,0.458,-1,Echolocation,/mnt/ubna_data_01_mir/recover-20220825/UBNA_002/20220823_033000.WAV,Telephone Field,recover-20220825,002,1795
817.2045,817.2139,28046,37078,Eptesicus serotinus,0.014,0.026,-1,Echolocation,/mnt/ubna_data_01_mir/recover-20220825/UBNA_002/20220823_033000.WAV,Telephone Field,recover-20220825,002,1795
817.2355,817.2722,68437,82296,Rhinolophus ferrumequinum,0.026,0.026,-1,Echolocation,/mnt/ubna_data_01_mir/recover-20220825/UBNA_002/20220823_033000.WAV,Telephone Field,recover-20220825,002,1795
817.2355,817.2422,34921,47523,Myotis brandtii,0.008,0.029,-1,Echolocation,/mnt/ubna_data_01_mir/recover-20220825/UBNA_002/20220823_033000.WAV,Telephone Field,recover-20220825,002,1795
817.2375,817.2452,41796,45726,Pipistrellus nathusii,0.031,0.045,-1,Echolocation,/mnt/ubna_data_01_mir/recover-20220825/UBNA_002/20220823_033000.WAV,Telephone Field,recover-20220825,002,1795
817.2375,817.2458,26328,40071,Eptesicus serotinus,0.01,0.027,-1,Echolocation,/mnt/ubna_data_01_mir/recover-20220825/UBNA_002/20220823_033000.WAV,Telephone Field,recover-20220825,002,1795
817.2485,817.2576,26328,32297,Eptesicus serotinus,0.01,0.024,-1,Echolocation,/mnt/ubna_data_01_mir/recover-20220825/UBNA_002/20220823_033000.WAV,Telephone Field,recover-20220825,002,1795
817.2645,817.2704,40078,56565,Pipistrellus nathusii,0.435,0.488,-1,Echolocation,/mnt/ubna_data_01_mir/recover-20220825/UBNA_002/20220823_033000.WAV,Telephone Field,recover-20220825,002,1795
817.3025,817.3108,28046,37274,Eptesicus serotinus,0.011,0.026,-1,Echolocation,/mnt/ubna_data_01_mir/recover-20220825/UBNA_002/20220823_033000.WAV,Telephone Field,recover-20220825,002,1795
817.3245,817.3639,68437,82663,Rhinolophus ferrumequinum,0.024,0.024,-1,Echolocation,/mnt/ubna_data_01_mir/recover-20220825/UBNA_002/20220823_033000.WAV,Telephone Field,recover-20220825,002,1795
817.3295,817.3378,27187,38313,Eptesicus serotinus,0.009,0.024,-1,Echolocation,/mnt/ubna_data_01_mir/recover-20220825/UBNA_002/20220823_033000.WAV,Telephone Field,recover-20220825,002,1795
817.3295,817.3367,31484,43151,Barbastellus barbastellus,0.008,0.024,-1,Echolocation,/mnt/ubna_data_01_mir/recover-20220825/UBNA_002/20220823_033000.WAV,Telephone Field,recover-20220825,002,1795
817.3325,817.34,40078,50093,Pipistrellus nathusii,0.012,0.028,-1,Echolocation,/mnt/ubna_data_01_mir/recover-20220825/UBNA_002/20220823_033000.WAV,Telephone Field,recover-20220825,002,1795
817.3515,817.3583,40078,55735,Pipistrellus nathusii,0.653,0.689,-1,Echolocation,/mnt/ubna_data_01_mir/recover-20220825/UBNA_002/20220823_033000.WAV,Telephone Field,recover-20220825,002,1795
817.3605,817.3675,38359,48047,Myotis brandtii,0.01,0.026,-1,Echolocation,/mnt/ubna_data_01_mir/recover-20220825/UBNA_002/20220823_033000.WAV,Telephone Field,recover-20220825,002,1795
817.4315,817.4368,36640,51879,Myotis daubentonii,0.01,0.025,-1,Echolocation,/mnt/ubna_data_01_mir/recover-20220825/UBNA_002/20220823_033000.WAV,Telephone Field,recover-20220825,002,1795
817.4465,817.4534,40078,54220,Pipistrellus nathusii,0.572,0.646,-1,Echolocation,/mnt/ubna_data_01_mir/recover-20220825/UBNA_002/20220823_033000.WAV,Telephone Field,recover-20220825,002,1795
817.4845,817.4919,48671,54997,Pipistrellus pipistrellus,0.022,0.027,-1,Echolocation,/mnt/ubna_data_01_mir/recover-20220825/UBNA_002/20220823_033000.WAV,Telephone Field,recover-20220825,002,1795
817.5225,817.528,38359,57207,Myotis brandtii,0.011,0.028,-1,Echolocation,/mnt/ubna_data_01_mir/recover-20220825/UBNA_002/20220823_033000.WAV,Telephone Field,recover-20220825,002,1795
817.5385,817.545,39218,56016,Pipistrellus nathusii,0.63,0.68,-1,Echolocation,/mnt/ubna_data_01_mir/recover-20220825/UBNA_002/20220823_033000.WAV,Telephone Field,recover-20220825,002,1795
817.5455,817.5512,31484,39056,Myotis daubentonii,0.012,0.025,-1,Echolocation,/mnt/ubna_data_01_mir/recover-20220825/UBNA_002/20220823_033000.WAV,Telephone Field,recover-20220825,002,1795
817.5475,817.5568,27187,32678,Nyctalus leisleri,0.007,0.025,-1,Echolocation,/mnt/ubna_data_01_mir/recover-20220825/UBNA_002/20220823_033000.WAV,Telephone Field,recover-20220825,002,1795
817.5665,817.5741,40078,49307,Pipistrellus nathusii,0.01,0.023,-1,Echolocation,/mnt/ubna_data_01_mir/recover-20220825/UBNA_002/20220823_033000.WAV,Telephone Field,recover-20220825,002,1795
817.5935,817.6032,34921,39761,Barbastellus barbastellus,0.015,0.032,-1,Echolocation,/mnt/ubna_data_01_mir/recover-20220825/UBNA_002/20220823_033000.WAV,Telephone Field,recover-20220825,002,1795
817.5935,817.6028,27187,36132,Eptesicus serotinus,0.01,0.026,-1,Echolocation,/mnt/ubna_data_01_mir/recover-20220825/UBNA_002/20220823_033000.WAV,Telephone Field,recover-20220825,002,1795
817.6055,817.6158,27187,34492,Eptesicus serotinus,0.014,0.028,-1,Echolocation,/mnt/ubna_data_01_mir/recover-20220825/UBNA_002/20220823_033000.WAV,Telephone Field,recover-20220825,002,1795
817.6085,817.6134,37500,64557,Myotis brandtii,0.016,0.035,-1,Echolocation,/mnt/ubna_data_01_mir/recover-20220825/UBNA_002/20220823_033000.WAV,Telephone Field,recover-20220825,002,1795
817.6245,817.6322,40078,51309,Pipistrellus nathusii,0.502,0.591,-1,Echolocation,/mnt/ubna_data_01_mir/recover-20220825/UBNA_002/20220823_033000.WAV,Telephone Field,recover-20220825,002,1795
817.6325,817.6399,55546,64202,Pipistrellus pygmaeus,0.023,0.024,-1,Echolocation,/mnt/ubna_data_01_mir/recover-20220825/UBNA_002/20220823_033000.WAV,Telephone Field,recover-20220825,002,1795
817.6335,817.6391,31484,43233,Myotis daubentonii,0.012,0.03,-1,Echolocation,/mnt/ubna_data_01_mir/recover-20220825/UBNA_002/20220823_033000.WAV,Telephone Field,recover-20220825,002,1795
817.6595,817.6674,41796,48655,Pipistrellus nathusii,0.018,0.03,-1,Echolocation,/mnt/ubna_data_01_mir/recover-20220825/UBNA_002/20220823_033000.WAV,Telephone Field,recover-20220825,002,1795
817.6975,817.7077,27187,36949,Eptesicus serotinus,0.02,0.037,-1,Echolocation,/mnt/ubna_data_01_mir/recover-20220825/UBNA_002/20220823_033000.WAV,Telephone Field,recover-20220825,002,1795
817.7045,817.7108,32343,40392,Barbastellus barbastellus,0.011,0.027,-1,Echolocation,/mnt/ubna_data_01_mir/recover-20220825/UBNA_002/20220823_033000.WAV,Telephone Field,recover-20220825,002,1795
817.7185,817.751,68437,80474,Rhinolophus ferrumequinum,0.025,0.025,-1,Echolocation,/mnt/ubna_data_01_mir/recover-20220825/UBNA_002/20220823_033000.WAV,Telephone Field,recover-20220825,002,1795
817.7235,817.7305,39218,55583,Pipistrellus nathusii,0.685,0.723,-1,Echolocation,/mnt/ubna_data_01_mir/recover-20220825/UBNA_002/20220823_033000.WAV,Telephone Field,recover-20220825,002,1795
817.8115,817.818,49531,53879,Pipistrellus pipistrellus,0.016,0.028,-1,Echolocation,/mnt/ubna_data_01_mir/recover-20220825/UBNA_002/20220823_033000.WAV,Telephone Field,recover-20220825,002,1795
817.8125,817.8188,39218,56394,Pipistrellus nathusii,0.625,0.672,-1,Echolocation,/mnt/ubna_data_01_mir/recover-20220825/UBNA_002/20220823_033000.WAV,Telephone Field,recover-20220825,002,1795
817.8465,817.8547,27187,39390,Eptesicus serotinus,0.011,0.028,-1,Echolocation,/mnt/ubna_data_01_mir/recover-20220825/UBNA_002/20220823_033000.WAV,Telephone Field,recover-20220825,002,1795
817.8465,817.8644,17734,22565,Nyctalus noctula,0.022,0.034,-1,Echolocation,/mnt/ubna_data_01_mir/recover-20220825/UBNA_002/20220823_033000.WAV,Telephone Field,recover-20220825,002,1795
817.8695,817.8777,41796,49441,Pipistrellus nathusii,0.019,0.032,-1,Echolocation,/mnt/ubna_data_01_mir/recover-20220825/UBNA_002/20220823_033000.WAV,Telephone Field,recover-20220825,002,1795
817.8935,817.9005,38359,51192,Myotis brandtii,0.009,0.026,-1,Echolocation,/mnt/ubna_data_01_mir/recover-20220825/UBNA_002/20220823_033000.WAV,Telephone Field,recover-20220825,002,1795
817.8975,817.9084,25468,30942,Nyctalus leisleri,0.015,0.036,-1,Echolocation,/mnt/ubna_data_01_mir/recover-20220825/UBNA_002/20220823_033000.WAV,Telephone Field,recover-20220825,002,1795
817.9115,817.9182,39218,51970,Pipistrellus nathusii,0.567,0.632,-1,Echolocation,/mnt/ubna_data_01_mir/recover-20220825/UBNA_002/20220823_033000.WAV,Telephone Field,recover-20220825,002,1795
817.9565,817.9939,68437,83083,Rhinolophus ferrumequinum,0.028,0.028,-1,Echolocation,/mnt/ubna_data_01_mir/recover-20220825/UBNA_002/20220823_033000.WAV,Telephone Field,recover-20220825,002,1795
817.9625,817.9705,28046,39277,Eptesicus serotinus,0.009,0.026,-1,Echolocation,/mnt/ubna_data_01_mir/recover-20220825/UBNA_002/20220823_033000.WAV,Telephone Field,recover-20220825,002,1795
817.9845,817.9926,27187,39311,Eptesicus serotinus,0.01,0.025,-1,Echolocation,/mnt/ubna_data_01_mir/recover-20220825/UBNA_002/20220823_033000.WAV,Telephone Field,recover-20220825,002,1795
817.9905,817.9986,27187,38326,Eptesicus serotinus,0.009,0.024,-1,Echolocation,/mnt/ubna_data_01_mir/recover-20220825/UBNA_002/20220823_033000.WAV,Telephone Field,recover-20220825,002,1795
818.0015,818.0268,69296,82967,Rhinolophus ferrumequinum,0.026,0.026,-1,Echolocation,/mnt/ubna_data_01_mir/recover-20220825/UBNA_002/20220823_033000.WAV,Telephone Field,recover-20220825,002,1795
818.0015,818.0095,22890,31481,Nyctalus leisleri,0.011,0.031,-1,Echolocation,/mnt/ubna_data_01_mir/recover-20220825/UBNA_002/20220823_033000.WAV,Telephone Field,recover-20220825,002,1795
818.0015,818.0084,45234,67087,Myotis mystacinus,0.014,0.036,-1,Echolocation,/mnt/ubna_data_01_mir/recover-20220825/UBNA_002/20220823_033000.WAV,Telephone Field,recover-20220825,002,1795
818.0095,818.0155,28046,62659,Myotis daubentonii,0.014,0.029,-1,Echolocation,/mnt/ubna_data_01_mir/recover-20220825/UBNA_002/20220823_033000.WAV,Telephone Field,recover-20220825,002,1795
818.0115,818.0187,38359,55909,Pipistrellus nathusii,0.575,0.659,-1,Echolocation,/mnt/ubna_data_01_mir/recover-20220825/UBNA_002/20220823_033000.WAV,Telephone Field,recover-20220825,002,1795
818.0195,818.0254,30625,42462,Myotis daubentonii,0.011,0.021,-1,Echolocation,/mnt/ubna_data_01_mir/recover-20220825/UBNA_002/20220823_033000.WAV,Telephone Field,recover-20220825,002,1795
818.0195,818.05,68437,81444,Rhinolophus ferrumequinum,0.021,0.021,-1,Echolocation,/mnt/ubna_data_01_mir/recover-20220825/UBNA_002/20220823_033000.WAV,Telephone Field,recover-20220825,002,1795
818.0545,818.0659,57265,64206,Pipistrellus pygmaeus,0.031,0.032,-1,Echolocation,/mnt/ubna_data_01_mir/recover-20220825/UBNA_002/20220823_033000.WAV,Telephone Field,recover-20220825,002,1795
818.0815,818.0889,27187,36272,Eptesicus serotinus,0.006,0.022,-1,Echolocation,/mnt/ubna_data_01_mir/recover-20220825/UBNA_002/20220823_033000.WAV,Telephone Field,recover-20220825,002,1795
818.0935,818.0993,28906,71711,Myotis bechsteinii,0.04,0.077,-1,Echolocation,/mnt/ubna_data_01_mir/recover-20220825/UBNA_002/20220823_033000.WAV,Telephone Field,recover-20220825,002,1795
818.0945,818.1008,37500,61756,Pipistrellus nathusii,0.484,0.654,-1,Echolocation,/mnt/ubna_data_01_mir/recover-20220825/UBNA_002/20220823_033000.WAV,Telephone Field,recover-20220825,002,1795
818.0965,818.1101,15156,23347,Nyctalus noctula,0.017,0.031,-1,Echolocation,/mnt/ubna_data_01_mir/recover-20220825/UBNA_002/20220823_033000.WAV,Telephone Field,recover-20220825,002,1795
818.1035,818.1102,26328,36927,Eptesicus serotinus,0.006,0.023,-1,Echolocation,/mnt/ubna_data_01_mir/recover-20220825/UBNA_002/20220823_033000.WAV,Telephone Field,recover-20220825,002,1795
818.1045,818.1101,34921,52385,Myotis brandtii,0.013,0.029,-1,Echolocation,/mnt/ubna_data_01_mir/recover-20220825/UBNA_002/20220823_033000.WAV,Telephone Field,recover-20220825,002,1795
818.1505,818.1573,50390,58528,Pipistrellus pipistrellus,0.026,0.032,-1,Echolocation,/mnt/ubna_data_01_mir/recover-20220825/UBNA_002/20220823_033000.WAV,Telephone Field,recover-20220825,002,1795
818.1505,818.1873,68437,82406,Rhinolophus ferrumequinum,0.023,0.023,-1,Echolocation,/mnt/ubna_data_01_mir/recover-20220825/UBNA_002/20220823_033000.WAV,Telephone Field,recover-20220825,002,1795
818.1755,818.1813,29765,67912,Myotis brandtii,0.024,0.06,-1,Echolocation,/mnt/ubna_data_01_mir/recover-20220825/UBNA_002/20220823_033000.WAV,Telephone Field,recover-20220825,002,1795
818.1765,818.1837,38359,54589,Pipistrellus nathusii,0.459,0.602,-1,Echolocation,/mnt/ubna_data_01_mir/recover-20220825/UBNA_002/20220823_033000.WAV,Telephone Field,recover-20220825,002,1795
818.1845,818.19,29765,43704,Myotis daubentonii,0.014,0.028,-1,Echolocation,/mnt/ubna_data_01_mir/recover-20220825/UBNA_002/20220823_033000.WAV,Telephone Field,recover-20220825,002,1795
818.1895,818.2192,68437,80738,Rhinolophus ferrumequinum,0.022,0.022,-1,Echolocation,/mnt/ubna_data_01_mir/recover-20220825/UBNA_002/20220823_033000.WAV,Telephone Field,recover-20220825,002,1795
818.1955,818.2026,46953,57154,Pipistrellus pipistrellus,0.028,0.037,-1,Echolocation,/mnt/ubna_data_01_mir/recover-20220825/UBNA_002/20220823_033000.WAV,Telephone Field,recover-20220825,002,1795
818.2135,818.2201,48671,54607,Pipistrellus pipistrellus,0.02,0.024,-1,Echolocation,/mnt/ubna_data_01_mir/recover-20220825/UBNA_002/20220823_033000.WAV,Telephone Field,recover-20220825,002,1795
818.2565,818.2621,29765,72211,Myotis bechsteinii,0.034,0.071,-1,Echolocation,/mnt/ubna_data_01_mir/recover-20220825/UBNA_002/20220823_033000.WAV,Telephone Field,recover-20220825,002,1795
818.2575,818.2644,38359,57872,Pipistrellus nathusii,0.518,0.611,-1,Echolocation,/mnt/ubna_data_01_mir/recover-20220825/UBNA_002/20220823_033000.WAV,Telephone Field,recover-20220825,002,1795
818.2645,818.2936,68437,81712,Rhinolophus ferrumequinum,0.022,0.022,-1,Echolocation,/mnt/ubna_data_01_mir/recover-20220825/UBNA_002/20220823_033000.WAV,Telephone Field,recover-20220825,002,1795
818.2715,818.2804,28046,34919,Eptesicus serotinus,0.011,0.028,-1,Echolocation,/mnt/ubna_data_01_mir/recover-20220825/UBNA_002/20220823_033000.WAV,Telephone Field,recover-20220825,002,1795
818.3465,818.3535,37500,50467,Pipistrellus nathusii,0.548,0.62,-1,Echolocation,/mnt/ubna_data_01_mir/recover-20220825/UBNA_002/20220823_033000.WAV,Telephone Field,recover-20220825,002,1795
818.3545,818.3631,27187,35068,Eptesicus serotinus,0.008,0.026,-1,Echolocation,/mnt/ubna_data_01_mir/recover-20220825/UBNA_002/20220823_033000.WAV,Telephone Field,recover-20220825,002,1795
818.3575,818.3909,68437,81069,Rhinolophus ferrumequinum,0.026,0.026,-1,Echolocation,/mnt/ubna_data_01_mir/recover-20220825/UBNA_002/20220823_033000.WAV,Telephone Field,recover-20220825,002,1795
818.3645,818.374,28046,35043,Eptesicus serotinus,0.008,0.025,-1,Echolocation,/mnt/ubna_data_01_mir/recover-20220825/UBNA_002/20220823_033000.WAV,Telephone Field,recover-20220825,002,1795
818.3765,818.3836,43515,49679,Pipistrellus pipistrellus,0.016,0.024,-1,Echolocation,/mnt/ubna_data_01_mir/recover-20220825/UBNA_002/20220823_033000.WAV,Telephone Field,recover-20220825,002,1795
818.3905,818.3987,28046,43175,Eptesicus serotinus,0.009,0.024,-1,Echolocation,/mnt/ubna_data_01_mir/recover-20220825/UBNA_002/20220823_033000.WAV,Telephone Field,recover-20220825,002,1795
818.4295,818.4349,50390,57780,Pipistrellus pipistrellus,0.023,0.038,-1,Echolocation,/mnt/ubna_data_01_mir/recover-20220825/UBNA_002/20220823_033000.WAV,Telephone Field,recover-20220825,002,1795
818.4345,818.442,37500,64692,Pipistrellus nathusii,0.54,0.624,-1,Echolocation,/mnt/ubna_data_01_mir/recover-20220825/UBNA_002/20220823_033000.WAV,Telephone Field,recover-20220825,002,1795
818.4435,818.45,25468,40889,Eptesicus serotinus,0.005,0.023,-1,Echolocation,/mnt/ubna_data_01_mir/recover-20220825/UBNA_002/20220823_033000.WAV,Telephone Field,recover-20220825,002,1795
818.4435,818.4707,68437,81469,Rhinolophus ferrumequinum,0.024,0.025,-1,Echolocation,/mnt/ubna_data_01_mir/recover-20220825/UBNA_002/20220823_033000.WAV,Telephone Field,recover-20220825,002,1795
818.4505,818.4866,68437,81970,Rhinolophus ferrumequinum,0.028,0.028,-1,Echolocation,/mnt/ubna_data_01_mir/recover-20220825/UBNA_002/20220823_033000.WAV,Telephone Field,recover-20220825,002,1795
818.4915,818.4993,27187,39176,Eptesicus serotinus,0.007,0.022,-1,Echolocation,/mnt/ubna_data_01_mir/recover-20220825/UBNA_002/20220823_033000.WAV,Telephone Field,recover-20220825,002,1795
818.5305,818.5374,47812,57431,Pipistrellus pipistrellus,0.028,0.052,-1,Echolocation,/mnt/ubna_data_01_mir/recover-20220825/UBNA_002/20220823_033000.WAV,Telephone Field,recover-20220825,002,1795
818.5325,818.5396,38359,62952,Pipistrellus nathusii,0.511,0.603,-1,Echolocation,/mnt/ubna_data_01_mir/recover-20220825/UBNA_002/20220823_033000.WAV,Telephone Field,recover-20220825,002,1795
818.5325,818.5379,27187,70429,Myotis bechsteinii,0.033,0.081,-1,Echolocation,/mnt/ubna_data_01_mir/recover-20220825/UBNA_002/20220823_033000.WAV,Telephone Field,recover-20220825,002,1795
818.5415,818.5471,29765,45463,Myotis daubentonii,0.013,0.027,-1,Echolocation,/mnt/ubna_data_01_mir/recover-20220825/UBNA_002/20220823_033000.WAV,Telephone Field,recover-20220825,002,1795
818.5445,818.577,68437,81089,Rhinolophus ferrumequinum,0.021,0.022,-1,Echolocation,/mnt/ubna_data_01_mir/recover-20220825/UBNA_002/20220823_033000.WAV,Telephone Field,recover-20220825,002,1795
818.5535,818.5893,68437,82041,Rhinolophus ferrumequinum,0.022,0.022,-1,Echolocation,/mnt/ubna_data_01_mir/recover-20220825/UBNA_002/20220823_033000.WAV,Telephone Field,recover-20220825,002,1795
818.6135,818.6187,34062,57148,Myotis brandtii,0.009,0.021,-1,Echolocation,/mnt/ubna_data_01_mir/recover-20220825/UBNA_002/20220823_033000.WAV,Telephone Field,recover-20220825,002,1795
818.6255,818.6388,55546,61913,Pipistrellus pygmaeus,0.021,0.022,-1,Echolocation,/mnt/ubna_data_01_mir/recover-20220825/UBNA_002/20220823_033000.WAV,Telephone Field,recover-20220825,002,1795
818.6315,818.6383,28906,67418,Myotis bechsteinii,0.04,0.088,-1,Echolocation,/mnt/ubna_data_01_mir/recover-20220825/UBNA_002/20220823_033000.WAV,Telephone Field,recover-20220825,002,1795
818.6325,818.6654,68437,82297,Rhinolophus ferrumequinum,0.022,0.022,-1,Echolocation,/mnt/ubna_data_01_mir/recover-20220825/UBNA_002/20220823_033000.WAV,Telephone Field,recover-20220825,002,1795
818.6325,818.6404,35781,61452,Pipistrellus nathusii,0.451,0.56,-1,Echolocation,/mnt/ubna_data_01_mir/recover-20220825/UBNA_002/20220823_033000.WAV,Telephone Field,recover-20220825,002,1795
818.6425,818.6481,29765,42323,Myotis daubentonii,0.011,0.023,-1,Echolocation,/mnt/ubna_data_01_mir/recover-20220825/UBNA_002/20220823_033000.WAV,Telephone Field,recover-20220825,002,1795
818.6875,818.6943,58125,65938,Pipistrellus pygmaeus,0.021,0.021,-1,Echolocation,/mnt/ubna_data_01_mir/recover-20220825/UBNA_002/20220823_033000.WAV,Telephone Field,recover-20220825,002,1795
818.7175,818.7251,47812,52833,Pipistrellus pipistrellus,0.02,0.023,-1,Echolocation,/mnt/ubna_data_01_mir/recover-20220825/UBNA_002/20220823_033000.WAV,Telephone Field,recover-20220825,002,1795
818.7385,818.7464,48671,56398,Pipistrellus pipistrellus,0.022,0.037,-1,Echolocation,/mnt/ubna_data_01_mir/recover-20220825/UBNA_002/20220823_033000.WAV,Telephone Field,recover-20220825,002,1795
818.7395,818.7469,36640,62161,Pipistrellus nathusii,0.496,0.605,-1,Echolocation,/mnt/ubna_data_01_mir/recover-20220825/UBNA_002/20220823_033000.WAV,Telephone Field,recover-20220825,002,1795
818.7485,818.7555,30625,42642,Myotis daubentonii,0.011,0.027,-1,Echolocation,/mnt/ubna_data_01_mir/recover-20220825/UBNA_002/20220823_033000.WAV,Telephone Field,recover-20220825,002,1795
818.7945,818.8041,50390,57020,Pipistrellus pipistrellus,0.019,0.036,-1,Echolocation,/mnt/ubna_data_01_mir/recover-20220825/UBNA_002/20220823_033000.WAV,Telephone Field,recover-20220825,002,1795
818.8295,818.8443,54687,63604,Pipistrellus pygmaeus,0.032,0.034,-1,Echolocation,/mnt/ubna_data_01_mir/recover-20220825/UBNA_002/20220823_033000.WAV,Telephone Field,recover-20220825,002,1795
818.8315,818.8363,24609,54857,Myotis nattereri,0.009,0.022,-1,Echolocation,/mnt/ubna_data_01_mir/recover-20220825/UBNA_002/20220823_033000.WAV,Telephone Field,recover-20220825,002,1795
818.8355,818.8431,36640,63795,Pipistrellus nathusii,0.509,0.603,-1,Echolocation,/mnt/ubna_data_01_mir/recover-20220825/UBNA_002/20220823_033000.WAV,Telephone Field,recover-20220825,002,1795
818.8495,818.8859,68437,82436,Rhinolophus ferrumequinum,0.023,0.024,-1,Echolocation,/mnt/ubna_data_01_mir/recover-20220825/UBNA_002/20220823_033000.WAV,Telephone Field,recover-20220825,002,1795
818.8675,818.9099,68437,83332,Rhinolophus ferrumequinum,0.024,0.024,-1,Echolocation,/mnt/ubna_data_01_mir/recover-20220825/UBNA_002/20220823_033000.WAV,Telephone Field,recover-20220825,002,1795
818.8795,818.8891,26328,33332,Eptesicus serotinus,0.011,0.023,-1,Echolocation,/mnt/ubna_data_01_mir/recover-20220825/UBNA_002/20220823_033000.WAV,Telephone Field,recover-20220825,002,1795
818.9055,818.9127,28046,41088,Eptesicus serotinus,0.008,0.025,-1,Echolocation,/mnt/ubna_data_01_mir/recover-20220825/UBNA_002/20220823_033000.WAV,Telephone Field,recover-20220825,002,1795
818.9345,818.9424,35781,63069,Pipistrellus nathusii,0.538,0.593,-1,Echolocation,/mnt/ubna_data_01_mir/recover-20220825/UBNA_002/20220823_033000.WAV,Telephone Field,recover-20220825,002,1795
818.9345,818.9416,52109,60785,Pipistrellus pygmaeus,0.023,0.045,-1,Echolocation,/mnt/ubna_data_01_mir/recover-20220825/UBNA_002/20220823_033000.WAV,Telephone Field,recover-20220825,002,1795
818.9355,818.9416,26328,74056,Myotis bechsteinii,0.039,0.062,-1,Echolocation,/mnt/ubna_data_01_mir/recover-20220825/UBNA_002/20220823_033000.WAV,Telephone Field,recover-20220825,002,1795
818.9455,818.9511,28906,41463,Myotis daubentonii,0.012,0.027,-1,Echolocation,/mnt/ubna_data_01_mir/recover-20220825/UBNA_002/20220823_033000.WAV,Telephone Field,recover-20220825,002,1795
818.9505,818.9816,68437,80778,Rhinolophus ferrumequinum,0.022,0.022,-1,Echolocation,/mnt/ubna_data_01_mir/recover-20220825/UBNA_002/20220823_033000.WAV,Telephone Field,recover-20220825,002,1795
819.0215,819.0336,54687,60817,Pipistrellus pygmaeus,0.031,0.034,-1,Echolocation,/mnt/ubna_data_01_mir/recover-20220825/UBNA_002/20220823_033000.WAV,Telephone Field,recover-20220825,002,1795
819.0265,819.0338,35781,62907,Pipistrellus nathusii,0.53,0.586,-1,Echolocation,/mnt/ubna_data_01_mir/recover-20220825/UBNA_002/20220823_033000.WAV,Telephone Field,recover-20220825,002,1795
819.0275,819.0331,25468,71153,Myotis bechsteinii,0.046,0.073,-1,Echolocation,/mnt/ubna_data_01_mir/recover-20220825/UBNA_002/20220823_033000.WAV,Telephone Field,recover-20220825,002,1795
819.0355,819.0408,28046,41192,Myotis daubentonii,0.009,0.023,-1,Echolocation,/mnt/ubna_data_01_mir/recover-20220825/UBNA_002/20220823_033000.WAV,Telephone Field,recover-20220825,002,1795
819.0915,819.101,28046,35972,Eptesicus serotinus,0.015,0.031,-1,Echolocation,/mnt/ubna_data_01_mir/recover-20220825/UBNA_002/20220823_033000.WAV,Telephone Field,recover-20220825,002,1795
819.1185,819.1241,50390,54766,Pipistrellus pipistrellus,0.025,0.037,-1,Echolocation,/mnt/ubna_data_01_mir/recover-20220825/UBNA_002/20220823_033000.WAV,Telephone Field,recover-20220825,002,1795
819.1185,819.1478,68437,80825,Rhinolophus ferrumequinum,0.021,0.021,-1,Echolocation,/mnt/ubna_data_01_mir/recover-20220825/UBNA_002/20220823_033000.WAV,Telephone Field,recover-20220825,002,1795
819.1215,819.1286,46093,58593,Pipistrellus pipistrellus,0.013,0.038,-1,Echolocation,/mnt/ubna_data_01_mir/recover-20220825/UBNA_002/20220823_033000.WAV,Telephone Field,recover-20220825,002,1795
819.1235,819.131,36640,66077,Pipistrellus nathusii,0.56,0.614,-1,Echolocation,/mnt/ubna_data_01_mir/recover-20220825/UBNA_002/20220823_033000.WAV,Telephone Field,recover-20220825,002,1795
819.1325,819.14,26328,35792,Eptesicus serotinus,0.009,0.03,-1,Echolocation,/mnt/ubna_data_01_mir/recover-20220825/UBNA_002/20220823_033000.WAV,Telephone Field,recover-20220825,002,1795
819.1345,819.1402,35781,56956,Myotis brandtii,0.015,0.028,-1,Echolocation,/mnt/ubna_data_01_mir/recover-20220825/UBNA_002/20220823_033000.WAV,Telephone Field,recover-20220825,002,1795
819.1375,819.149,25468,29900,Nyctalus leisleri,0.013,0.028,-1,Echolocation,/mnt/ubna_data_01_mir/recover-20220825/UBNA_002/20220823_033000.WAV,Telephone Field,recover-20220825,002,1795
819.1375,819.1688,68437,80887,Rhinolophus ferrumequinum,0.021,0.021,-1,Echolocation,/mnt/ubna_data_01_mir/recover-20220825/UBNA_002/20220823_033000.WAV,Telephone Field,recover-20220825,002,1795
819.1545,819.1907,68437,81757,Rhinolophus ferrumequinum,0.021,0.021,-1,Echolocation,/mnt/ubna_data_01_mir/recover-20220825/UBNA_002/20220823_033000.WAV,Telephone Field,recover-20220825,002,1795
819.1575,819.1682,28906,36928,Eptesicus serotinus,0.009,0.025,-1,Echolocation,/mnt/ubna_data_01_mir/recover-20220825/UBNA_002/20220823_033000.WAV,Telephone Field,recover-20220825,002,1795
819.2275,819.2351,37500,62382,Pipistrellus nathusii,0.471,0.552,-1,Echolocation,/mnt/ubna_data_01_mir/recover-20220825/UBNA_002/20220823_033000.WAV,Telephone Field,recover-20220825,002,1795
819.2285,819.2342,50390,59225,Pipistrellus pipistrellus,0.01,0.026,-1,Echolocation,/mnt/ubna_data_01_mir/recover-20220825/UBNA_002/20220823_033000.WAV,Telephone Field,recover-20220825,002,1795
819.2285,819.2342,27187,70445,Myotis bechsteinii,0.028,0.067,-1,Echolocation,/mnt/ubna_data_01_mir/recover-20220825/UBNA_002/20220823_033000.WAV,Telephone Field,recover-20220825,002,1795
819.2375,819.2439,26328,38063,Eptesicus serotinus,0.005,0.021,-1,Echolocation,/mnt/ubna_data_01_mir/recover-20220825/UBNA_002/20220823_033000.WAV,Telephone Field,recover-20220825,002,1795
819.2395,819.2734,68437,81601,Rhinolophus ferrumequinum,0.023,0.023,-1,Echolocation,/mnt/ubna_data_01_mir/recover-20220825/UBNA_002/20220823_033000.WAV,Telephone Field,recover-20220825,002,1795
819.2905,819.2989,27187,46572,Eptesicus serotinus,0.01,0.024,-1,Echolocation,/mnt/ubna_data_01_mir/recover-20220825/UBNA_002/20220823_033000.WAV,Telephone Field,recover-20220825,002,1795
819.2915,819.3008,56406,64942,Pipistrellus pygmaeus,0.023,0.023,-1,Echolocation,/mnt/ubna_data_01_mir/recover-20220825/UBNA_002/20220823_033000.WAV,Telephone Field,recover-20220825,002,1795
819.2915,819.3,48671,55866,Pipistrellus pipistrellus,0.016,0.024,-1,Echolocation,/mnt/ubna_data_01_mir/recover-20220825/UBNA_002/20220823_033000.WAV,Telephone Field,recover-20220825,002,1795
819.3185,819.3259,36640,66590,Pipistrellus nathusii,0.414,0.517,-1,Echolocation,/mnt/ubna_data_01_mir/recover-20220825/UBNA_002/20220823_033000.WAV,Telephone Field,recover-20220825,002,1795
819.3185,819.3247,50390,62296,Pipistrellus pipistrellus,0.022,0.043,-1,Echolocation,/mnt/ubna_data_01_mir/recover-20220825/UBNA_002/20220823_033000.WAV,Telephone Field,recover-20220825,002,1795
819.3275,819.3333,36640,52570,Myotis brandtii,0.018,0.036,-1,Echolocation,/mnt/ubna_data_01_mir/recover-20220825/UBNA_002/20220823_033000.WAV,Telephone Field,recover-20220825,002,1795
819.3295,819.3345,25468,38319,Myotis nattereri,0.005,0.024,-1,Echolocation,/mnt/ubna_data_01_mir/recover-20220825/UBNA_002/20220823_033000.WAV,Telephone Field,recover-20220825,002,1795
819.3325,819.3656,68437,81265,Rhinolophus ferrumequinum,0.022,0.022,-1,Echolocation,/mnt/ubna_data_01_mir/recover-20220825/UBNA_002/20220823_033000.WAV,Telephone Field,recover-20220825,002,1795
819.3895,819.4026,25468,31029,Eptesicus serotinus,0.019,0.049,-1,Echolocation,/mnt/ubna_data_01_mir/recover-20220825/UBNA_002/20220823_033000.WAV,Telephone Field,recover-20220825,002,1795
819.4105,819.4408,68437,80990,Rhinolophus ferrumequinum,0.021,0.021,-1,Echolocation,/mnt/ubna_data_01_mir/recover-20220825/UBNA_002/20220823_033000.WAV,Telephone Field,recover-20220825,002,1795
819.4145,819.4219,49531,57936,Pipistrellus pipistrellus,0.017,0.028,-1,Echolocation,/mnt/ubna_data_01_mir/recover-20220825/UBNA_002/20220823_033000.WAV,Telephone Field,recover-20220825,002,1795
819.4185,819.4285,58125,66165,Pipistrellus pygmaeus,0.029,0.032,-1,Echolocation,/mnt/ubna_data_01_mir/recover-20220825/UBNA_002/20220823_033000.WAV,Telephone Field,recover-20220825,002,1795
819.4215,819.4285,36640,68887,Pipistrellus nathusii,0.299,0.373,-1,Echolocation,/mnt/ubna_data_01_mir/recover-20220825/UBNA_002/20220823_033000.WAV,Telephone Field,recover-20220825,002,1795
819.4225,819.4299,48671,59725,Pipistrellus pipistrellus,0.018,0.034,-1,Echolocation,/mnt/ubna_data_01_mir/recover-20220825/UBNA_002/20220823_033000.WAV,Telephone Field,recover-20220825,002,1795
819.4305,819.4369,37500,51640,Pipistrellus nathusii,0.018,0.041,-1,Echolocation,/mnt/ubna_data_01_mir/recover-20220825/UBNA_002/20220823_033000.WAV,Telephone Field,recover-20220825,002,1795
819.4325,819.4376,28906,43874,Myotis daubentonii,0.01,0.025,-1,Echolocation,/mnt/ubna_data_01_mir/recover-20220825/UBNA_002/20220823_033000.WAV,Telephone Field,recover-20220825,002,1795
819.4365,819.4688,68437,81251,Rhinolophus ferrumequinum,0.024,0.024,-1,Echolocation,/mnt/ubna_data_01_mir/recover-20220825/UBNA_002/20220823_033000.WAV,Telephone Field,recover-20220825,002,1795
819.4765,819.5174,68437,82612,Rhinolophus ferrumequinum,0.022,0.022,-1,Echolocation,/mnt/ubna_data_01_mir/recover-20220825/UBNA_002/20220823_033000.WAV,Telephone Field,recover-20220825,002,1795
819.4825,819.5229,68437,82579,Rhinolophus ferrumequinum,0.022,0.022,-1,Echolocation,/mnt/ubna_data_01_mir/recover-20220825/UBNA_002/20220823_033000.WAV,Telephone Field,recover-20220825,002,1795
819.4825,819.4937,23750,29646,Nyctalus leisleri,0.009,0.024,-1,Echolocation,/mnt/ubna_data_01_mir/recover-20220825/UBNA_002/20220823_033000.WAV,Telephone Field,recover-20220825,002,1795
819.5025,819.5084,33203,43190,Myotis daubentonii,0.011,0.027,-1,Echolocation,/mnt/ubna_data_01_mir/recover-20220825/UBNA_002/20220823_033000.WAV,Telephone Field,recover-20220825,002,1795
819.5165,819.522,49531,56094,Pipistrellus pipistrellus,0.018,0.027,-1,Echolocation,/mnt/ubna_data_01_mir/recover-20220825/UBNA_002/20220823_033000.WAV,Telephone Field,recover-20220825,002,1795
819.5245,819.5321,37500,67466,Pipistrellus nathusii,0.656,0.689,-1,Echolocation,/mnt/ubna_data_01_mir/recover-20220825/UBNA_002/20220823_033000.WAV,Telephone Field,recover-20220825,002,1795
819.5255,819.5314,48671,58582,Pipistrellus pipistrellus,0.011,0.034,-1,Echolocation,/mnt/ubna_data_01_mir/recover-20220825/UBNA_002/20220823_033000.WAV,Telephone Field,recover-20220825,002,1795
819.5335,819.5411,26328,36291,Eptesicus serotinus,0.008,0.025,-1,Echolocation,/mnt/ubna_data_01_mir/recover-20220825/UBNA_002/20220823_033000.WAV,Telephone Field,recover-20220825,002,1795
819.5345,819.5398,35781,56025,Myotis brandtii,0.015,0.027,-1,Echolocation,/mnt/ubna_data_01_mir/recover-20220825/UBNA_002/20220823_033000.WAV,Telephone Field,recover-20220825,002,1795
819.5365,819.5668000000001,68437,80586,Rhinolophus ferrumequinum,0.027,0.027,-1,Echolocation,/mnt/ubna_data_01_mir/recover-20220825/UBNA_002/20220823_033000.WAV,Telephone Field,recover-20220825,002,1795
819.5605,819.5713,25468,33370,Eptesicus serotinus,0.009,0.022,-1,Echolocation,/mnt/ubna_data_01_mir/recover-20220825/UBNA_002/20220823_033000.WAV,Telephone Field,recover-20220825,002,1795
819.5665,819.5769,26328,33822,Eptesicus serotinus,0.009,0.022,-1,Echolocation,/mnt/ubna_data_01_mir/recover-20220825/UBNA_002/20220823_033000.WAV,Telephone Field,recover-20220825,002,1795
819.6215,819.6285,51250,61702,Pipistrellus pipistrellus,0.019,0.04,-1,Echolocation,/mnt/ubna_data_01_mir/recover-20220825/UBNA_002/20220823_033000.WAV,Telephone Field,recover-20220825,002,1795
819.6225,819.6287,28906,64782,Barbastellus barbastellus,0.023,0.066,-1,Echolocation,/mnt/ubna_data_01_mir/recover-20220825/UBNA_002/20220823_033000.WAV,Telephone Field,recover-20220825,002,1795
819.6235,819.631,36640,64782,Pipistrellus nathusii,0.56,0.604,-1,Echolocation,/mnt/ubna_data_01_mir/recover-20220825/UBNA_002/20220823_033000.WAV,Telephone Field,recover-20220825,002,1795
819.6315,819.6379,37500,51637,Pipistrellus nathusii,0.016,0.036,-1,Echolocation,/mnt/ubna_data_01_mir/recover-20220825/UBNA_002/20220823_033000.WAV,Telephone Field,recover-20220825,002,1795
819.6335,819.6385,28906,42355,Myotis daubentonii,0.01,0.029,-1,Echolocation,/mnt/ubna_data_01_mir/recover-20220825/UBNA_002/20220823_033000.WAV,Telephone Field,recover-20220825,002,1795
819.6645,819.6759,28906,38890,Eptesicus serotinus,0.011,0.024,-1,Echolocation,/mnt/ubna_data_01_mir/recover-20220825/UBNA_002/20220823_033000.WAV,Telephone Field,recover-20220825,002,1795
819.6835,819.721,68437,82223,Rhinolophus ferrumequinum,0.022,0.022,-1,Echolocation,/mnt/ubna_data_01_mir/recover-20220825/UBNA_002/20220823_033000.WAV,Telephone Field,recover-20220825,002,1795
819.7175,819.7308,53828,62463,Pipistrellus pygmaeus,0.025,0.028,-1,Echolocation,/mnt/ubna_data_01_mir/recover-20220825/UBNA_002/20220823_033000.WAV,Telephone Field,recover-20220825,002,1795
819.7225,819.7292,37500,68679,Pipistrellus nathusii,0.555,0.59,-1,Echolocation,/mnt/ubna_data_01_mir/recover-20220825/UBNA_002/20220823_033000.WAV,Telephone Field,recover-20220825,002,1795
819.7235,819.7308,49531,58486,Pipistrellus pipistrellus,0.018,0.034,-1,Echolocation,/mnt/ubna_data_01_mir/recover-20220825/UBNA_002/20220823_033000.WAV,Telephone Field,recover-20220825,002,1795
819.7305,819.7377,38359,52543,Pipistrellus nathusii,0.026,0.045,-1,Echolocation,/mnt/ubna_data_01_mir/recover-20220825/UBNA_002/20220823_033000.WAV,Telephone Field,recover-20220825,002,1795
819.7315,819.7368,28906,44299,Myotis daubentonii,0.013,0.029,-1,Echolocation,/mnt/ubna_data_01_mir/recover-20220825/UBNA_002/20220823_033000.WAV,Telephone Field,recover-20220825,002,1795
819.7345,819.761,68437,80526,Rhinolophus ferrumequinum,0.024,0.025,-1,Echolocation,/mnt/ubna_data_01_mir/recover-20220825/UBNA_002/20220823_033000.WAV,Telephone Field,recover-20220825,002,1795
819.7665,819.7758,28046,36088,Eptesicus serotinus,0.01,0.025,-1,Echolocation,/mnt/ubna_data_01_mir/recover-20220825/UBNA_002/20220823_033000.WAV,Telephone Field,recover-20220825,002,1795
819.7795,819.8189,68437,82506,Rhinolophus ferrumequinum,0.025,0.025,-1,Echolocation,/mnt/ubna_data_01_mir/recover-20220825/UBNA_002/20220823_033000.WAV,Telephone Field,recover-20220825,002,1795
819.8265,819.8386,53828,64695,Pipistrellus pygmaeus,0.043,0.048,-1,Echolocation,/mnt/ubna_data_01_mir/recover-20220825/UBNA_002/20220823_033000.WAV,Telephone Field,recover-20220825,002,1795
819.8265,819.8324,27187,79553,Myotis bechsteinii,0.075,0.138,-1,Echolocation,/mnt/ubna_data_01_mir/recover-20220825/UBNA_002/20220823_033000.WAV,Telephone Field,recover-20220825,002,1795
819.8265,819.834,34062,70588,Pipistrellus nathusii,0.255,0.419,-1,Echolocation,/mnt/ubna_data_01_mir/recover-20220825/UBNA_002/20220823_033000.WAV,Telephone Field,recover-20220825,002,1795
819.8355,819.8421,39218,58400,Pipistrellus nathusii,0.027,0.051,-1,Echolocation,/mnt/ubna_data_01_mir/recover-20220825/UBNA_002/20220823_033000.WAV,Telephone Field,recover-20220825,002,1795
819.8805,819.8923,28906,35109,Eptesicus serotinus,0.01,0.023,-1,Echolocation,/mnt/ubna_data_01_mir/recover-20220825/UBNA_002/20220823_033000.WAV,Telephone Field,recover-20220825,002,1795
819.9155,819.9497,68437,81593,Rhinolophus ferrumequinum,0.022,0.022,-1,Echolocation,/mnt/ubna_data_01_mir/recover-20220825/UBNA_002/20220823_033000.WAV,Telephone Field,recover-20220825,002,1795
819.9225,819.9297,41796,54187,Pipistrellus nathusii,0.122,0.161,-1,Echolocation,/mnt/ubna_data_01_mir/recover-20220825/UBNA_002/20220823_033000.WAV,Telephone Field,recover-20220825,002,1795
819.9275,819.9371,55546,63209,Pipistrellus pygmaeus,0.119,0.127,-1,Echolocation,/mnt/ubna_data_01_mir/recover-20220825/UBNA_002/20220823_033000.WAV,Telephone Field,recover-20220825,002,1795
819.9305,819.9367,38359,67561,Pipistrellus nathusii,0.264,0.326,-1,Echolocation,/mnt/ubna_data_01_mir/recover-20220825/UBNA_002/20220823_033000.WAV,Telephone Field,recover-20220825,002,1795
819.9415,819.9694,68437,80646,Rhinolophus ferrumequinum,0.023,0.023,-1,Echolocation,/mnt/ubna_data_01_mir/recover-20220825/UBNA_002/20220823_033000.WAV,Telephone Field,recover-20220825,002,1795
819.9615,819.9989,68437,82116,Rhinolophus ferrumequinum,0.021,0.021,-1,Echolocation,/mnt/ubna_data_01_mir/recover-20220825/UBNA_002/20220823_033000.WAV,Telephone Field,recover-20220825,002,1795
819.9905,819.9979,38359,71770,Pipistrellus nathusii,0.415,0.484,-1,Echolocation,/mnt/ubna_data_01_mir/recover-20220825/UBNA_002/20220823_033000.WAV,Telephone Field,recover-20220825,002,1795
820.0015,820.03,69296,81138,Rhinolophus ferrumequinum,0.041,0.041,-1,Echolocation,/mnt/ubna_data_01_mir/recover-20220825/UBNA_002/20220823_033000.WAV,Telephone Field,recover-20220825,002,1795
820.0015,820.0083,40078,54032,Pipistrellus nathusii,0.025,0.059,-1,Echolocation,/mnt/ubna_data_01_mir/recover-20220825/UBNA_002/20220823_033000.WAV,Telephone Field,recover-20220825,002,1795
820.0015,820.0094,24609,37105,Myotis nattereri,0.007,0.028,-1,Echolocation,/mnt/ubna_data_01_mir/recover-20220825/UBNA_002/20220823_033000.WAV,Telephone Field,recover-20220825,002,1795
820.0085,820.0479,68437,80396,Rhinolophus ferrumequinum,0.025,0.025,-1,Echolocation,/mnt/ubna_data_01_mir/recover-20220825/UBNA_002/20220823_033000.WAV,Telephone Field,recover-20220825,002,1795
820.0355,820.0448,54687,60747,Pipistrellus pygmaeus,0.027,0.028,-1,Echolocation,/mnt/ubna_data_01_mir/recover-20220825/UBNA_002/20220823_033000.WAV,Telephone Field,recover-20220825,002,1795
820.0785,820.0862,38359,77925,Pipistrellus nathusii,0.303,0.446,-1,Echolocation,/mnt/ubna_data_01_mir/recover-20220825/UBNA_002/20220823_033000.WAV,Telephone Field,recover-20220825,002,1795
820.0785,820.1092,68437,81364,Rhinolophus ferrumequinum,0.021,0.021,-1,Echolocation,/mnt/ubna_data_01_mir/recover-20220825/UBNA_002/20220823_033000.WAV,Telephone Field,recover-20220825,002,1795
820.0795,820.0881,51250,64449,Pipistrellus pipistrellus,0.02,0.032,-1,Echolocation,/mnt/ubna_data_01_mir/recover-20220825/UBNA_002/20220823_033000.WAV,Telephone Field,recover-20220825,002,1795
820.0795,820.0853,26328,85406,Myotis bechsteinii,0.065,0.111,-1,Echolocation,/mnt/ubna_data_01_mir/recover-20220825/UBNA_002/20220823_033000.WAV,Telephone Field,recover-20220825,002,1795
820.0875,820.0934,39218,51741,Myotis brandtii,0.014,0.034,-1,Echolocation,/mnt/ubna_data_01_mir/recover-20220825/UBNA_002/20220823_033000.WAV,Telephone Field,recover-20220825,002,1795
820.1145,820.1503,68437,82088,Rhinolophus ferrumequinum,0.024,0.024,-1,Echolocation,/mnt/ubna_data_01_mir/recover-20220825/UBNA_002/20220823_033000.WAV,Telephone Field,recover-20220825,002,1795
820.1505,820.1578,33203,79200,Myotis brandtii,0.272,0.314,-1,Echolocation,/mnt/ubna_data_01_mir/recover-20220825/UBNA_002/20220823_033000.WAV,Telephone Field,recover-20220825,002,1795
820.1515,820.1577,51250,60511,Pipistrellus pipistrellus,0.014,0.028,-1,Echolocation,/mnt/ubna_data_01_mir/recover-20220825/UBNA_002/20220823_033000.WAV,Telephone Field,recover-20220825,002,1795
820.1585,820.164,39218,57550,Myotis brandtii,0.02,0.036,-1,Echolocation,/mnt/ubna_data_01_mir/recover-20220825/UBNA_002/20220823_033000.WAV,Telephone Field,recover-20220825,002,1795
820.1585,820.1645,45234,57134,Pipistrellus pipistrellus,0.015,0.028,-1,Echolocation,/mnt/ubna_data_01_mir/recover-20220825/UBNA_002/20220823_033000.WAV,Telephone Field,recover-20220825,002,1795
820.1605,820.1658,31484,46160,Myotis brandtii,0.014,0.033,-1,Echolocation,/mnt/ubna_data_01_mir/recover-20220825/UBNA_002/20220823_033000.WAV,Telephone Field,recover-20220825,002,1795
820.1955,820.2046,28046,37746,Eptesicus serotinus,0.009,0.022,-1,Echolocation,/mnt/ubna_data_01_mir/recover-20220825/UBNA_002/20220823_033000.WAV,Telephone Field,recover-20220825,002,1795
820.2365,820.2434,37500,68253,Myotis brandtii,0.24,0.485,-1,Echolocation,/mnt/ubna_data_01_mir/recover-20220825/UBNA_002/20220823_033000.WAV,Telephone Field,recover-20220825,002,1795
820.2565,820.2929,68437,81855,Rhinolophus ferrumequinum,0.023,0.023,-1,Echolocation,/mnt/ubna_data_01_mir/recover-20220825/UBNA_002/20220823_033000.WAV,Telephone Field,recover-20220825,002,1795
820.2605,820.2698,28046,36658,Eptesicus serotinus,0.009,0.023,-1,Echolocation,/mnt/ubna_data_01_mir/recover-20220825/UBNA_002/20220823_033000.WAV,Telephone Field,recover-20220825,002,1795
820.2825,820.3234,68437,82324,Rhinolophus ferrumequinum,0.026,0.026,-1,Echolocation,/mnt/ubna_data_01_mir/recover-20220825/UBNA_002/20220823_033000.WAV,Telephone Field,recover-20220825,002,1795
820.3185,820.3248,40078,69584,Pipistrellus nathusii,0.216,0.331,-1,Echolocation,/mnt/ubna_data_01_mir/recover-20220825/UBNA_002/20220823_033000.WAV,Telephone Field,recover-20220825,002,1795
820.3205,820.3265,48671,62831,Pipistrellus pipistrellus,0.009,0.022,-1,Echolocation,/mnt/ubna_data_01_mir/recover-20220825/UBNA_002/20220823_033000.WAV,Telephone Field,recover-20220825,002,1795
820.3275,820.3343,39218,56490,Pipistrellus nathusii,0.02,0.034,-1,Echolocation,/mnt/ubna_data_01_mir/recover-20220825/UBNA_002/20220823_033000.WAV,Telephone Field,recover-20220825,002,1795
820.3285,820.3337,28906,46601,Myotis daubentonii,0.01,0.024,-1,Echolocation,/mnt/ubna_data_01_mir/recover-20220825/UBNA_002/20220823_033000.WAV,Telephone Field,recover-20220825,002,1795
820.3525,820.3901,68437,81393,Rhinolophus ferrumequinum,0.022,0.022,-1,Echolocation,/mnt/ubna_data_01_mir/recover-20220825/UBNA_002/20220823_033000.WAV,Telephone Field,recover-20220825,002,1795
820.3615,820.398,68437,81823,Rhinolophus ferrumequinum,0.021,0.021,-1,Echolocation,/mnt/ubna_data_01_mir/recover-20220825/UBNA_002/20220823_033000.WAV,Telephone Field,recover-20220825,002,1795
820.3795,820.3871,28046,35825,Eptesicus serotinus,0.007,0.024,-1,Echolocation,/mnt/ubna_data_01_mir/recover-20220825/UBNA_002/20220823_033000.WAV,Telephone Field,recover-20220825,002,1795
820.3945,820.4015,36640,73254,Myotis brandtii,0.356,0.433,-1,Echolocation,/mnt/ubna_data_01_mir/recover-20220825/UBNA_002/20220823_033000.WAV,Telephone Field,recover-20220825,002,1795
820.3965,820.4082,54687,64269,Pipistrellus pygmaeus,0.021,0.022,-1,Echolocation,/mnt/ubna_data_01_mir/recover-20220825/UBNA_002/20220823_033000.WAV,Telephone Field,recover-20220825,002,1795
820.3965,820.4023,25468,88276,Myotis bechsteinii,0.073,0.101,-1,Echolocation,/mnt/ubna_data_01_mir/recover-20220825/UBNA_002/20220823_033000.WAV,Telephone Field,recover-20220825,002,1795
820.4045,820.4102,37500,68914,Myotis brandtii,0.028,0.035,-1,Echolocation,/mnt/ubna_data_01_mir/recover-20220825/UBNA_002/20220823_033000.WAV,Telephone Field,recover-20220825,002,1795
820.4045,820.4103,28906,44318,Myotis daubentonii,0.009,0.025,-1,Echolocation,/mnt/ubna_data_01_mir/recover-20220825/UBNA_002/20220823_033000.WAV,Telephone Field,recover-20220825,002,1795
820.4055,820.4147,53828,58883,Pipistrellus pygmaeus,0.028,0.029,-1,Echolocation,/mnt/ubna_data_01_mir/recover-20220825/UBNA_002/20220823_033000.WAV,Telephone Field,recover-20220825,002,1795
820.4245,820.4605,68437,82021,Rhinolophus ferrumequinum,0.021,0.021,-1,Echolocation,/mnt/ubna_data_01_mir/recover-20220825/UBNA_002/20220823_033000.WAV,Telephone Field,recover-20220825,002,1795
820.4795,820.4855,47812,56526,Pipistrellus pipistrellus,0.015,0.023,-1,Echolocation,/mnt/ubna_data_01_mir/recover-20220825/UBNA_002/20220823_033000.WAV,Telephone Field,recover-20220825,002,1795
820.4815,820.4902,40937,51936,Pipistrellus nathusii,0.03,0.044,-1,Echolocation,/mnt/ubna_data_01_mir/recover-20220825/UBNA_002/20220823_033000.WAV,Telephone Field,recover-20220825,002,1795
820.5045,820.5123,27187,40176,Eptesicus serotinus,0.008,0.025,-1,Echolocation,/mnt/ubna_data_01_mir/recover-20220825/UBNA_002/20220823_033000.WAV,Telephone Field,recover-20220825,002,1795
820.5395,820.5469,34062,79622,Myotis brandtii,0.364,0.42,-1,Echolocation,/mnt/ubna_data_01_mir/recover-20220825/UBNA_002/20220823_033000.WAV,Telephone Field,recover-20220825,002,1795
820.5405,820.5524,49531,55593,Pipistrellus pipistrellus,0.021,0.033,-1,Echolocation,/mnt/ubna_data_01_mir/recover-20220825/UBNA_002/20220823_033000.WAV,Telephone Field,recover-20220825,002,1795
820.5495,820.5554,28906,44762,Myotis daubentonii,0.01,0.024,-1,Echolocation,/mnt/ubna_data_01_mir/recover-20220825/UBNA_002/20220823_033000.WAV,Telephone Field,recover-20220825,002,1795
820.5945,820.6018,58125,64535,Pipistrellus pygmaeus,0.039,0.039,-1,Echolocation,/mnt/ubna_data_01_mir/recover-20220825/UBNA_002/20220823_033000.WAV,Telephone Field,recover-20220825,002,1795
820.5975,820.6075,23750,29495,Nyctalus leisleri,0.007,0.021,-1,Echolocation,/mnt/ubna_data_01_mir/recover-20220825/UBNA_002/20220823_033000.WAV,Telephone Field,recover-20220825,002,1795
820.6095,820.6155,36640,72424,Myotis brandtii,0.291,0.367,-1,Echolocation,/mnt/ubna_data_01_mir/recover-20220825/UBNA_002/20220823_033000.WAV,Telephone Field,recover-20220825,002,1795
820.6095,820.6151,28046,89355,Myotis brandtii,0.076,0.122,-1,Echolocation,/mnt/ubna_data_01_mir/recover-20220825/UBNA_002/20220823_033000.WAV,Telephone Field,recover-20220825,002,1795
820.6235,820.6577,68437,81108,Rhinolophus ferrumequinum,0.023,0.023,-1,Echolocation,/mnt/ubna_data_01_mir/recover-20220825/UBNA_002/20220823_033000.WAV,Telephone Field,recover-20220825,002,1795
820.7195,820.7266,34921,73709,Myotis brandtii,0.33,0.385,-1,Echolocation,/mnt/ubna_data_01_mir/recover-20220825/UBNA_002/20220823_033000.WAV,Telephone Field,recover-20220825,002,1795
820.7295,820.7358,30625,45597,Myotis brandtii,0.009,0.024,-1,Echolocation,/mnt/ubna_data_01_mir/recover-20220825/UBNA_002/20220823_033000.WAV,Telephone Field,recover-20220825,002,1795
820.7825,820.7881,41796,62397,Myotis brandtii,0.176,0.33,-1,Echolocation,/mnt/ubna_data_01_mir/recover-20220825/UBNA_002/20220823_033000.WAV,Telephone Field,recover-20220825,002,1795
820.8435,820.8494,36640,72998,Myotis brandtii,0.314,0.375,-1,Echolocation,/mnt/ubna_data_01_mir/recover-20220825/UBNA_002/20220823_033000.WAV,Telephone Field,recover-20220825,002,1795
820.8445,820.8499,28046,88083,Myotis brandtii,0.058,0.107,-1,Echolocation,/mnt/ubna_data_01_mir/recover-20220825/UBNA_002/20220823_033000.WAV,Telephone Field,recover-20220825,002,1795
820.8445,820.8571,47812,53306,Pipistrellus pipistrellus,0.023,0.04,-1,Echolocation,/mnt/ubna_data_01_mir/recover-20220825/UBNA_002/20220823_033000.WAV,Telephone Field,recover-20220825,002,1795
820.9145,820.9515,68437,81836,Rhinolophus ferrumequinum,0.022,0.022,-1,Echolocation,/mnt/ubna_data_01_mir/recover-20220825/UBNA_002/20220823_033000.WAV,Telephone Field,recover-20220825,002,1795
820.9215,820.9275,41796,61981,Myotis brandtii,0.126,0.253,-1,Echolocation,/mnt/ubna_data_01_mir/recover-20220825/UBNA_002/20220823_033000.WAV,Telephone Field,recover-20220825,002,1795
820.9495,820.9573,52109,60114,Pipistrellus pipistrellus,0.028,0.038,-1,Echolocation,/mnt/ubna_data_01_mir/recover-20220825/UBNA_002/20220823_033000.WAV,Telephone Field,recover-20220825,002,1795
820.9775,820.9856,58125,64343,Pipistrellus pygmaeus,0.026,0.026,-1,Echolocation,/mnt/ubna_data_01_mir/recover-20220825/UBNA_002/20220823_033000.WAV,Telephone Field,recover-20220825,002,1795
821.0015,821.0069,33203,56055,Myotis brandtii,0.014,0.024,-1,Echolocation,/mnt/ubna_data_01_mir/recover-20220825/UBNA_002/20220823_033000.WAV,Telephone Field,recover-20220825,002,1795
821.0255,821.0318,40078,66668,Myotis brandtii,0.157,0.386,-1,Echolocation,/mnt/ubna_data_01_mir/recover-20220825/UBNA_002/20220823_033000.WAV,Telephone Field,recover-20220825,002,1795
821.0495,821.057,26328,36145,Eptesicus serotinus,0.008,0.022,-1,Echolocation,/mnt/ubna_data_01_mir/recover-20220825/UBNA_002/20220823_033000.WAV,Telephone Field,recover-20220825,002,1795
821.0855,821.1257,68437,83463,Rhinolophus ferrumequinum,0.031,0.031,-1,Echolocation,/mnt/ubna_data_01_mir/recover-20220825/UBNA_002/20220823_033000.WAV,Telephone Field,recover-20220825,002,1795
821.1075,821.1127,28906,83895,Myotis brandtii,0.045,0.066,-1,Echolocation,/mnt/ubna_data_01_mir/recover-20220825/UBNA_002/20220823_033000.WAV,Telephone Field,recover-20220825,002,1795
821.1085,821.1136,40078,55331,Myotis brandtii,0.183,0.439,-1,Echolocation,/mnt/ubna_data_01_mir/recover-20220825/UBNA_002/20220823_033000.WAV,Telephone Field,recover-20220825,002,1795
821.1515,821.1884,68437,81918,Rhinolophus ferrumequinum,0.021,0.021,-1,Echolocation,/mnt/ubna_data_01_mir/recover-20220825/UBNA_002/20220823_033000.WAV,Telephone Field,recover-20220825,002,1795
821.1665,821.2029,68437,82226,Rhinolophus ferrumequinum,0.021,0.021,-1,Echolocation,/mnt/ubna_data_01_mir/recover-20220825/UBNA_002/20220823_033000.WAV,Telephone Field,recover-20220825,002,1795
821.1905,821.2009,49531,56011,Pipistrellus pipistrellus,0.023,0.037,-1,Echolocation,/mnt/ubna_data_01_mir/recover-20220825/UBNA_002/20220823_033000.WAV,Telephone Field,recover-20220825,002,1795
821.1995,821.2057,37500,67969,Myotis brandtii,0.254,0.389,-1,Echolocation,/mnt/ubna_data_01_mir/recover-20220825/UBNA_002/20220823_033000.WAV,Telephone Field,recover-20220825,002,1795
821.2575,821.2951,68437,82350,Rhinolophus ferrumequinum,0.024,0.024,-1,Echolocation,/mnt/ubna_data_01_mir/recover-20220825/UBNA_002/20220823_033000.WAV,Telephone Field,recover-20220825,002,1795
821.2605,821.2708,42656,55298,Pipistrellus nathusii,0.056,0.084,-1,Echolocation,/mnt/ubna_data_01_mir/recover-20220825/UBNA_002/20220823_033000.WAV,Telephone Field,recover-20220825,002,1795
821.2615,821.2669,32343,70377,Myotis brandtii,0.023,0.032,-1,Echolocation,/mnt/ubna_data_01_mir/recover-20220825/UBNA_002/20220823_033000.WAV,Telephone Field,recover-20220825,002,1795
821.2795,821.3148,68437,81199,Rhinolophus ferrumequinum,0.021,0.022,-1,Echolocation,/mnt/ubna_data_01_mir/recover-20220825/UBNA_002/20220823_033000.WAV,Telephone Field,recover-20220825,002,1795
821.3155,821.3292,28046,33810,Eptesicus serotinus,0.02,0.034,-1,Echolocation,/mnt/ubna_data_01_mir/recover-20220825/UBNA_002/20220823_033000.WAV,Telephone Field,recover-20220825,002,1795
821.3185,821.3544,68437,82295,Rhinolophus ferrumequinum,0.021,0.021,-1,Echolocation,/mnt/ubna_data_01_mir/recover-20220825/UBNA_002/20220823_033000.WAV,Telephone Field,recover-20220825,002,1795
821.3255,821.3357,26328,37694,Eptesicus serotinus,0.011,0.024,-1,Echolocation,/mnt/ubna_data_01_mir/recover-20220825/UBNA_002/20220823_033000.WAV,Telephone Field,recover-20220825,002,1795
821.3305,821.3389,27187,39308,Eptesicus serotinus,0.009,0.024,-1,Echolocation,/mnt/ubna_data_01_mir/recover-20220825/UBNA_002/20220823_033000.WAV,Telephone Field,recover-20220825,002,1795
821.3485,821.3882,68437,81531,Rhinolophus ferrumequinum,0.024,0.024,-1,Echolocation,/mnt/ubna_data_01_mir/recover-20220825/UBNA_002/20220823_033000.WAV,Telephone Field,recover-20220825,002,1795
821.3585,821.3979,68437,82833,Rhinolophus ferrumequinum,0.022,0.022,-1,Echolocation,/mnt/ubna_data_01_mir/recover-20220825/UBNA_002/20220823_033000.WAV,Telephone Field,recover-20220825,002,1795
821.4095,821.4215,40937,53176,Pipistrellus nathusii,0.333,0.366,-1,Echolocation,/mnt/ubna_data_01_mir/recover-20220825/UBNA_002/20220823_033000.WAV,Telephone Field,recover-20220825,002,1795
821.4315,821.4397,47812,55699,Pipistrellus pipistrellus,0.02,0.023,-1,Echolocation,/mnt/ubna_data_01_mir/recover-20220825/UBNA_002/20220823_033000.WAV,Telephone Field,recover-20220825,002,1795
821.4585,821.4665,47812,52936,Pipistrellus pipistrellus,0.02,0.023,-1,Echolocation,/mnt/ubna_data_01_mir/recover-20220825/UBNA_002/20220823_033000.WAV,Telephone Field,recover-20220825,002,1795
821.4615,821.4959,68437,80846,Rhinolophus ferrumequinum,0.021,0.021,-1,Echolocation,/mnt/ubna_data_01_mir/recover-20220825/UBNA_002/20220823_033000.WAV,Telephone Field,recover-20220825,002,1795
821.4625,821.4699,27187,39330,Eptesicus serotinus,0.007,0.021,-1,Echolocation,/mnt/ubna_data_01_mir/recover-20220825/UBNA_002/20220823_033000.WAV,Telephone Field,recover-20220825,002,1795
821.4825,821.4924,41796,48498,Pipistrellus nathusii,0.327,0.373,-1,Echolocation,/mnt/ubna_data_01_mir/recover-20220825/UBNA_002/20220823_033000.WAV,Telephone Field,recover-20220825,002,1795
821.5015,821.5097,28046,37281,Eptesicus serotinus,0.008,0.022,-1,Echolocation,/mnt/ubna_data_01_mir/recover-20220825/UBNA_002/20220823_033000.WAV,Telephone Field,recover-20220825,002,1795
821.5435,821.5552,43515,50258,Pipistrellus nathusii,0.178,0.21,-1,Echolocation,/mnt/ubna_data_01_mir/recover-20220825/UBNA_002/20220823_033000.WAV,Telephone Field,recover-20220825,002,1795
821.5455,821.5518,30625,63817,Myotis brandtii,0.013,0.023,-1,Echolocation,/mnt/ubna_data_01_mir/recover-20220825/UBNA_002/20220823_033000.WAV,Telephone Field,recover-20220825,002,1795
821.5655,821.5739,28046,38845,Eptesicus serotinus,0.008,0.022,-1,Echolocation,/mnt/ubna_data_01_mir/recover-20220825/UBNA_002/20220823_033000.WAV,Telephone Field,recover-20220825,002,1795
821.6035,821.6404,68437,81625,Rhinolophus ferrumequinum,0.021,0.021,-1,Echolocation,/mnt/ubna_data_01_mir/recover-20220825/UBNA_002/20220823_033000.WAV,Telephone Field,recover-20220825,002,1795
821.6065,821.6156,41796,53271,Pipistrellus nathusii,0.216,0.286,-1,Echolocation,/mnt/ubna_data_01_mir/recover-20220825/UBNA_002/20220823_033000.WAV,Telephone Field,recover-20220825,002,1795
821.6415,821.6493,50390,57818,Pipistrellus pipistrellus,0.014,0.021,-1,Echolocation,/mnt/ubna_data_01_mir/recover-20220825/UBNA_002/20220823_033000.WAV,Telephone Field,recover-20220825,002,1795
821.6425,821.6495,55546,61159,Pipistrellus pygmaeus,0.021,0.022,-1,Echolocation,/mnt/ubna_data_01_mir/recover-20220825/UBNA_002/20220823_033000.WAV,Telephone Field,recover-20220825,002,1795
821.6715,821.6809,40937,48902,Pipistrellus nathusii,0.013,0.025,-1,Echolocation,/mnt/ubna_data_01_mir/recover-20220825/UBNA_002/20220823_033000.WAV,Telephone Field,recover-20220825,002,1795
821.6965,821.7077,43515,51365,Pipistrellus nathusii,0.024,0.04,-1,Echolocation,/mnt/ubna_data_01_mir/recover-20220825/UBNA_002/20220823_033000.WAV,Telephone Field,recover-20220825,002,1795
821.7705,821.8074,68437,82565,Rhinolophus ferrumequinum,0.023,0.023,-1,Echolocation,/mnt/ubna_data_01_mir/recover-20220825/UBNA_002/20220823_033000.WAV,Telephone Field,recover-20220825,002,1795
821.7845,821.7929,40937,50584,Pipistrellus nathusii,0.432,0.463,-1,Echolocation,/mnt/ubna_data_01_mir/recover-20220825/UBNA_002/20220823_033000.WAV,Telephone Field,recover-20220825,002,1795
821.8745,821.8852,40937,53672,Pipistrellus nathusii,0.199,0.236,-1,Echolocation,/mnt/ubna_data_01_mir/recover-20220825/UBNA_002/20220823_033000.WAV,Telephone Field,recover-20220825,002,1795
821.8755,821.8816,30625,61070,Myotis brandtii,0.014,0.025,-1,Echolocation,/mnt/ubna_data_01_mir/recover-20220825/UBNA_002/20220823_033000.WAV,Telephone Field,recover-20220825,002,1795
821.8795,821.8879,57265,65476,Pipistrellus pygmaeus,0.022,0.022,-1,Echolocation,/mnt/ubna_data_01_mir/recover-20220825/UBNA_002/20220823_033000.WAV,Telephone Field,recover-20220825,002,1795
821.9005,821.9108,24609,31193,Eptesicus serotinus,0.008,0.024,-1,Echolocation,/mnt/ubna_data_01_mir/recover-20220825/UBNA_002/20220823_033000.WAV,Telephone Field,recover-20220825,002,1795
821.9215,821.9603,68437,82415,Rhinolophus ferrumequinum,0.021,0.021,-1,Echolocation,/mnt/ubna_data_01_mir/recover-20220825/UBNA_002/20220823_033000.WAV,Telephone Field,recover-20220825,002,1795
821.9275,821.9323,37500,61949,Myotis brandtii,0.03,0.051,-1,Echolocation,/mnt/ubna_data_01_mir/recover-20220825/UBNA_002/20220823_033000.WAV,Telephone Field,recover-20220825,002,1795
821.9425,821.9512,42656,51032,Pipistrellus nathusii,0.011,0.025,-1,Echolocation,/mnt/ubna_data_01_mir/recover-20220825/UBNA_002/20220823_033000.WAV,Telephone Field,recover-20220825,002,1795
821.9465,821.9529,37500,51550,Myotis brandtii,0.01,0.022,-1,Echolocation,/mnt/ubna_data_01_mir/recover-20220825/UBNA_002/20220823_033000.WAV,Telephone Field,recover-20220825,002,1795
821.9675,821.9787,42656,50724,Pipistrellus nathusii,0.031,0.042,-1,Echolocation,/mnt/ubna_data_01_mir/recover-20220825/UBNA_002/20220823_033000.WAV,Telephone Field,recover-20220825,002,1795
822.0015,822.009,22890,32462,Plecotus austriacus,0.008,0.032,-1,Echolocation,/mnt/ubna_data_01_mir/recover-20220825/UBNA_002/20220823_033000.WAV,Telephone Field,recover-20220825,002,1795
822.0015,822.034,68437,79910,Rhinolophus ferrumequinum,0.056,0.056,-1,Echolocation,/mnt/ubna_data_01_mir/recover-20220825/UBNA_002/20220823_033000.WAV,Telephone Field,recover-20220825,002,1795
822.0075,822.015,31484,43687,Myotis daubentonii,0.01,0.024,-1,Echolocation,/mnt/ubna_data_01_mir/recover-20220825/UBNA_002/20220823_033000.WAV,Telephone Field,recover-20220825,002,1795
822.0385,822.0456,27187,36965,Eptesicus serotinus,0.007,0.025,-1,Echolocation,/mnt/ubna_data_01_mir/recover-20220825/UBNA_002/20220823_033000.WAV,Telephone Field,recover-20220825,002,1795
822.0565,822.065,40937,49271,Pipistrellus nathusii,0.253,0.297,-1,Echolocation,/mnt/ubna_data_01_mir/recover-20220825/UBNA_002/20220823_033000.WAV,Telephone Field,recover-20220825,002,1795
822.1545,822.1637,27187,36011,Eptesicus serotinus,0.014,0.034,-1,Echolocation,/mnt/ubna_data_01_mir/recover-20220825/UBNA_002/20220823_033000.WAV,Telephone Field,recover-20220825,002,1795
822.1735,822.1822,43515,49406,Pipistrellus nathusii,0.019,0.043,-1,Echolocation,/mnt/ubna_data_01_mir/recover-20220825/UBNA_002/20220823_033000.WAV,Telephone Field,recover-20220825,002,1795
822.2075,822.2146,54687,59418,Pipistrellus pygmaeus,0.025,0.026,-1,Echolocation,/mnt/ubna_data_01_mir/recover-20220825/UBNA_002/20220823_033000.WAV,Telephone Field,recover-20220825,002,1795
822.2145,822.2228,26328,39504,Eptesicus serotinus,0.009,0.024,-1,Echolocation,/mnt/ubna_data_01_mir/recover-20220825/UBNA_002/20220823_033000.WAV,Telephone Field,recover-20220825,002,1795
822.2365,822.2481,41796,47909,Pipistrellus nathusii,0.179,0.205,-1,Echolocation,/mnt/ubna_data_01_mir/recover-20220825/UBNA_002/20220823_033000.WAV,Telephone Field,recover-20220825,002,1795
822.2405,822.2575,19453,23668,Nyctalus leisleri,0.01,0.023,-1,Echolocation,/mnt/ubna_data_01_mir/recover-20220825/UBNA_002/20220823_033000.WAV,Telephone Field,recover-20220825,002,1795
822.2485,822.2549,28046,42720,Myotis daubentonii,0.014,0.023,-1,Echolocation,/mnt/ubna_data_01_mir/recover-20220825/UBNA_002/20220823_033000.WAV,Telephone Field,recover-20220825,002,1795
822.2505,822.2582,42656,52725,Pipistrellus nathusii,0.011,0.03,-1,Echolocation,/mnt/ubna_data_01_mir/recover-20220825/UBNA_002/20220823_033000.WAV,Telephone Field,recover-20220825,002,1795
822.2935,822.302,26328,35588,Eptesicus serotinus,0.009,0.023,-1,Echolocation,/mnt/ubna_data_01_mir/recover-20220825/UBNA_002/20220823_033000.WAV,Telephone Field,recover-20220825,002,1795
822.3155,822.3242,41796,47232,Pipistrellus nathusii,0.017,0.03,-1,Echolocation,/mnt/ubna_data_01_mir/recover-20220825/UBNA_002/20220823_033000.WAV,Telephone Field,recover-20220825,002,1795
822.3405,822.346,36640,54794,Myotis brandtii,0.014,0.033,-1,Echolocation,/mnt/ubna_data_01_mir/recover-20220825/UBNA_002/20220823_033000.WAV,Telephone Field,recover-20220825,002,1795
822.3795,822.3912,28046,34478,Eptesicus serotinus,0.014,0.03,-1,Echolocation,/mnt/ubna_data_01_mir/recover-20220825/UBNA_002/20220823_033000.WAV,Telephone Field,recover-20220825,002,1795
822.4315,822.4375,40078,52163,Pipistrellus nathusii,0.242,0.505,-1,Echolocation,/mnt/ubna_data_01_mir/recover-20220825/UBNA_002/20220823_033000.WAV,Telephone Field,recover-20220825,002,1795
822.4615,822.4719,28046,35480,Eptesicus serotinus,0.013,0.025,-1,Echolocation,/mnt/ubna_data_01_mir/recover-20220825/UBNA_002/20220823_033000.WAV,Telephone Field,recover-20220825,002,1795
822.4825,822.4921,35781,42331,Pipistrellus nathusii,0.015,0.028,-1,Echolocation,/mnt/ubna_data_01_mir/recover-20220825/UBNA_002/20220823_033000.WAV,Telephone Field,recover-20220825,002,1795
822.4865,822.4941,26328,35349,Eptesicus serotinus,0.007,0.024,-1,Echolocation,/mnt/ubna_data_01_mir/recover-20220825/UBNA_002/20220823_033000.WAV,Telephone Field,recover-20220825,002,1795
822.5135,822.5199,40078,47999,Pipistrellus nathusii,0.254,0.423,-1,Echolocation,/mnt/ubna_data_01_mir/recover-20220825/UBNA_002/20220823_033000.WAV,Telephone Field,recover-20220825,002,1795
822.5465,822.5552,26328,36498,Eptesicus serotinus,0.009,0.025,-1,Echolocation,/mnt/ubna_data_01_mir/recover-20220825/UBNA_002/20220823_033000.WAV,Telephone Field,recover-20220825,002,1795
822.5675,822.5747,45234,55357,Pipistrellus pipistrellus,0.009,0.026,-1,Echolocation,/mnt/ubna_data_01_mir/recover-20220825/UBNA_002/20220823_033000.WAV,Telephone Field,recover-20220825,002,1795
822.5695,822.5758,37500,57459,Myotis brandtii,0.012,0.024,-1,Echolocation,/mnt/ubna_data_01_mir/recover-20220825/UBNA_002/20220823_033000.WAV,Telephone Field,recover-20220825,002,1795
822.5835,822.6223,68437,82030,Rhinolophus ferrumequinum,0.023,0.024,-1,Echolocation,/mnt/ubna_data_01_mir/recover-20220825/UBNA_002/20220823_033000.WAV,Telephone Field,recover-20220825,002,1795
822.5905,822.6305,68437,82483,Rhinolophus ferrumequinum,0.023,0.023,-1,Echolocation,/mnt/ubna_data_01_mir/recover-20220825/UBNA_002/20220823_033000.WAV,Telephone Field,recover-20220825,002,1795
822.5935,822.5997,39218,52792,Pipistrellus nathusii,0.249,0.505,-1,Echolocation,/mnt/ubna_data_01_mir/recover-20220825/UBNA_002/20220823_033000.WAV,Telephone Field,recover-20220825,002,1795
822.6165,822.6552,68437,82004,Rhinolophus ferrumequinum,0.024,0.024,-1,Echolocation,/mnt/ubna_data_01_mir/recover-20220825/UBNA_002/20220823_033000.WAV,Telephone Field,recover-20220825,002,1795
822.6575,822.6647,41796,51254,Pipistrellus nathusii,0.162,0.303,-1,Echolocation,/mnt/ubna_data_01_mir/recover-20220825/UBNA_002/20220823_033000.WAV,Telephone Field,recover-20220825,002,1795
822.6915,822.6978,40078,50740,Pipistrellus nathusii,0.106,0.288,-1,Echolocation,/mnt/ubna_data_01_mir/recover-20220825/UBNA_002/20220823_033000.WAV,Telephone Field,recover-20220825,002,1795
822.7075,822.7187,25468,30827,Nyctalus leisleri,0.015,0.036,-1,Echolocation,/mnt/ubna_data_01_mir/recover-20220825/UBNA_002/20220823_033000.WAV,Telephone Field,recover-20220825,002,1795
822.7245,822.73,39218,51995,Pipistrellus nathusii,0.408,0.54,-1,Echolocation,/mnt/ubna_data_01_mir/recover-20220825/UBNA_002/20220823_033000.WAV,Telephone Field,recover-20220825,002,1795
822.7325,822.7384,28046,40755,Myotis daubentonii,0.013,0.025,-1,Echolocation,/mnt/ubna_data_01_mir/recover-20220825/UBNA_002/20220823_033000.WAV,Telephone Field,recover-20220825,002,1795
822.7435,822.7836,68437,82422,Rhinolophus ferrumequinum,0.023,0.023,-1,Echolocation,/mnt/ubna_data_01_mir/recover-20220825/UBNA_002/20220823_033000.WAV,Telephone Field,recover-20220825,002,1795
822.7485,822.7573,28046,37003,Eptesicus serotinus,0.009,0.024,-1,Echolocation,/mnt/ubna_data_01_mir/recover-20220825/UBNA_002/20220823_033000.WAV,Telephone Field,recover-20220825,002,1795
822.7615,822.7693,27187,39815,Eptesicus serotinus,0.009,0.025,-1,Echolocation,/mnt/ubna_data_01_mir/recover-20220825/UBNA_002/20220823_033000.WAV,Telephone Field,recover-20220825,002,1795
822.7775,822.8136,68437,81825,Rhinolophus ferrumequinum,0.023,0.023,-1,Echolocation,/mnt/ubna_data_01_mir/recover-20220825/UBNA_002/20220823_033000.WAV,Telephone Field,recover-20220825,002,1795
822.7785,822.7889,25468,32394,Eptesicus serotinus,0.013,0.029,-1,Echolocation,/mnt/ubna_data_01_mir/recover-20220825/UBNA_002/20220823_033000.WAV,Telephone Field,recover-20220825,002,1795
822.7865,822.7934,27187,38927,Eptesicus serotinus,0.008,0.027,-1,Echolocation,/mnt/ubna_data_01_mir/recover-20220825/UBNA_002/20220823_033000.WAV,Telephone Field,recover-20220825,002,1795
822.8055,822.8116,40078,52144,Pipistrellus nathusii,0.126,0.237,-1,Echolocation,/mnt/ubna_data_01_mir/recover-20220825/UBNA_002/20220823_033000.WAV,Telephone Field,recover-20220825,002,1795
822.8555,822.8629,30625,42879,Myotis daubentonii,0.011,0.026,-1,Echolocation,/mnt/ubna_data_01_mir/recover-20220825/UBNA_002/20220823_033000.WAV,Telephone Field,recover-20220825,002,1795
822.8765,822.8858,27187,35281,Eptesicus serotinus,0.01,0.023,-1,Echolocation,/mnt/ubna_data_01_mir/recover-20220825/UBNA_002/20220823_033000.WAV,Telephone Field,recover-20220825,002,1795
822.8815,822.9205,68437,82017,Rhinolophus ferrumequinum,0.025,0.025,-1,Echolocation,/mnt/ubna_data_01_mir/recover-20220825/UBNA_002/20220823_033000.WAV,Telephone Field,recover-20220825,002,1795
822.8895,822.8956,38359,53127,Pipistrellus nathusii,0.273,0.495,-1,Echolocation,/mnt/ubna_data_01_mir/recover-20220825/UBNA_002/20220823_033000.WAV,Telephone Field,recover-20220825,002,1795
822.8985,822.9039,32343,44592,Myotis daubentonii,0.013,0.024,-1,Echolocation,/mnt/ubna_data_01_mir/recover-20220825/UBNA_002/20220823_033000.WAV,Telephone Field,recover-20220825,002,1795
822.9195,822.9317,27187,34121,Eptesicus serotinus,0.024,0.041,-1,Echolocation,/mnt/ubna_data_01_mir/recover-20220825/UBNA_002/20220823_033000.WAV,Telephone Field,recover-20220825,002,1795
822.9475,822.9554,26328,41524,Eptesicus serotinus,0.008,0.023,-1,Echolocation,/mnt/ubna_data_01_mir/recover-20220825/UBNA_002/20220823_033000.WAV,Telephone Field,recover-20220825,002,1795
822.9515,822.9576,42656,54906,Myotis brandtii,0.014,0.038,-1,Echolocation,/mnt/ubna_data_01_mir/recover-20220825/UBNA_002/20220823_033000.WAV,Telephone Field,recover-20220825,002,1795
822.9625,822.969,29765,42560,Myotis daubentonii,0.013,0.027,-1,Echolocation,/mnt/ubna_data_01_mir/recover-20220825/UBNA_002/20220823_033000.WAV,Telephone Field,recover-20220825,002,1795
822.9675,822.9734,39218,63552,Myotis brandtii,0.015,0.031,-1,Echolocation,/mnt/ubna_data_01_mir/recover-20220825/UBNA_002/20220823_033000.WAV,Telephone Field,recover-20220825,002,1795
822.9785,822.9846,39218,50485,Pipistrellus nathusii,0.382,0.521,-1,Echolocation,/mnt/ubna_data_01_mir/recover-20220825/UBNA_002/20220823_033000.WAV,Telephone Field,recover-20220825,002,1795
822.9785,823.0141,68437,81940,Rhinolophus ferrumequinum,0.023,0.023,-1,Echolocation,/mnt/ubna_data_01_mir/recover-20220825/UBNA_002/20220823_033000.WAV,Telephone Field,recover-20220825,002,1795
822.9865,822.9918,30625,41541,Myotis daubentonii,0.016,0.026,-1,Echolocation,/mnt/ubna_data_01_mir/recover-20220825/UBNA_002/20220823_033000.WAV,Telephone Field,recover-20220825,002,1795
823.0005,823.0445,68437,83218,Rhinolophus ferrumequinum,0.023,0.023,-1,Echolocation,/mnt/ubna_data_01_mir/recover-20220825/UBNA_002/20220823_033000.WAV,Telephone Field,recover-20220825,002,1795
823.0215,823.0615,68437,82838,Rhinolophus ferrumequinum,0.023,0.023,-1,Echolocation,/mnt/ubna_data_01_mir/recover-20220825/UBNA_002/20220823_033000.WAV,Telephone Field,recover-20220825,002,1795
823.0355,823.041,30625,46860,Myotis daubentonii,0.026,0.041,-1,Echolocation,/mnt/ubna_data_01_mir/recover-20220825/UBNA_002/20220823_033000.WAV,Telephone Field,recover-20220825,002,1795
823.0625,823.0698,57265,65030,Pipistrellus pygmaeus,0.025,0.026,-1,Echolocation,/mnt/ubna_data_01_mir/recover-20220825/UBNA_002/20220823_033000.WAV,Telephone Field,recover-20220825,002,1795
823.0645,823.0703,35781,52382,Myotis brandtii,0.059,0.139,-1,Echolocation,/mnt/ubna_data_01_mir/recover-20220825/UBNA_002/20220823_033000.WAV,Telephone Field,recover-20220825,002,1795
823.0735,823.0817,26328,33972,Eptesicus serotinus,0.007,0.025,-1,Echolocation,/mnt/ubna_data_01_mir/recover-20220825/UBNA_002/20220823_033000.WAV,Telephone Field,recover-20220825,002,1795
823.0995,823.1102,24609,31441,Nyctalus leisleri,0.01,0.029,-1,Echolocation,/mnt/ubna_data_01_mir/recover-20220825/UBNA_002/20220823_033000.WAV,Telephone Field,recover-20220825,002,1795
823.1195,823.1252,39218,49989,Pipistrellus nathusii,0.226,0.356,-1,Echolocation,/mnt/ubna_data_01_mir/recover-20220825/UBNA_002/20220823_033000.WAV,Telephone Field,recover-20220825,002,1795
823.1655,823.1743,48671,54506,Pipistrellus pipistrellus,0.026,0.033,-1,Echolocation,/mnt/ubna_data_01_mir/recover-20220825/UBNA_002/20220823_033000.WAV,Telephone Field,recover-20220825,002,1795
823.1835,823.1915,26328,37195,Eptesicus serotinus,0.008,0.024,-1,Echolocation,/mnt/ubna_data_01_mir/recover-20220825/UBNA_002/20220823_033000.WAV,Telephone Field,recover-20220825,002,1795
823.1935,823.1997,38359,47769,Pipistrellus nathusii,0.398,0.579,-1,Echolocation,/mnt/ubna_data_01_mir/recover-20220825/UBNA_002/20220823_033000.WAV,Telephone Field,recover-20220825,002,1795
823.2165,823.2308,22031,25776,Nyctalus leisleri,0.016,0.027,-1,Echolocation,/mnt/ubna_data_01_mir/recover-20220825/UBNA_002/20220823_033000.WAV,Telephone Field,recover-20220825,002,1795
823.2435,823.2506,27187,38352,Eptesicus serotinus,0.007,0.024,-1,Echolocation,/mnt/ubna_data_01_mir/recover-20220825/UBNA_002/20220823_033000.WAV,Telephone Field,recover-20220825,002,1795
823.2535,823.2962,68437,82510,Rhinolophus ferrumequinum,0.025,0.025,-1,Echolocation,/mnt/ubna_data_01_mir/recover-20220825/UBNA_002/20220823_033000.WAV,Telephone Field,recover-20220825,002,1795
823.2575,823.2684,23750,29009,Nyctalus leisleri,0.01,0.025,-1,Echolocation,/mnt/ubna_data_01_mir/recover-20220825/UBNA_002/20220823_033000.WAV,Telephone Field,recover-20220825,002,1795
823.2635,823.272,27187,36719,Eptesicus serotinus,0.009,0.025,-1,Echolocation,/mnt/ubna_data_01_mir/recover-20220825/UBNA_002/20220823_033000.WAV,Telephone Field,recover-20220825,002,1795
823.2805,823.2887,37500,47309,Pipistrellus nathusii,0.107,0.279,-1,Echolocation,/mnt/ubna_data_01_mir/recover-20220825/UBNA_002/20220823_033000.WAV,Telephone Field,recover-20220825,002,1795
823.3075,823.3482,68437,82853,Rhinolophus ferrumequinum,0.023,0.023,-1,Echolocation,/mnt/ubna_data_01_mir/recover-20220825/UBNA_002/20220823_033000.WAV,Telephone Field,recover-20220825,002,1795
823.3115,823.318,30625,46154,Myotis daubentonii,0.014,0.026,-1,Echolocation,/mnt/ubna_data_01_mir/recover-20220825/UBNA_002/20220823_033000.WAV,Telephone Field,recover-20220825,002,1795
823.3315,823.3415,24609,31651,Eptesicus serotinus,0.008,0.024,-1,Echolocation,/mnt/ubna_data_01_mir/recover-20220825/UBNA_002/20220823_033000.WAV,Telephone Field,recover-20220825,002,1795
823.3455,823.3538,28046,36333,Eptesicus serotinus,0.011,0.028,-1,Echolocation,/mnt/ubna_data_01_mir/recover-20220825/UBNA_002/20220823_033000.WAV,Telephone Field,recover-20220825,002,1795
823.3635,823.3702,39218,49323,Pipistrellus nathusii,0.302,0.467,-1,Echolocation,/mnt/ubna_data_01_mir/recover-20220825/UBNA_002/20220823_033000.WAV,Telephone Field,recover-20220825,002,1795
823.4335,823.4499,16015,21318,Nyctalus noctula,0.016,0.024,-1,Echolocation,/mnt/ubna_data_01_mir/recover-20220825/UBNA_002/20220823_033000.WAV,Telephone Field,recover-20220825,002,1795
823.4355,823.4428,39218,47750,Pipistrellus nathusii,0.098,0.232,-1,Echolocation,/mnt/ubna_data_01_mir/recover-20220825/UBNA_002/20220823_033000.WAV,Telephone Field,recover-20220825,002,1795
823.4955,823.504,27187,37584,Eptesicus serotinus,0.008,0.024,-1,Echolocation,/mnt/ubna_data_01_mir/recover-20220825/UBNA_002/20220823_033000.WAV,Telephone Field,recover-20220825,002,1795
823.5395,823.5457,38359,49582,Pipistrellus nathusii,0.403,0.537,-1,Echolocation,/mnt/ubna_data_01_mir/recover-20220825/UBNA_002/20220823_033000.WAV,Telephone Field,recover-20220825,002,1795
823.6375,823.645,37500,48071,Myotis brandtii,0.008,0.032,-1,Echolocation,/mnt/ubna_data_01_mir/recover-20220825/UBNA_002/20220823_033000.WAV,Telephone Field,recover-20220825,002,1795
823.6405,823.6472,30625,48103,Myotis daubentonii,0.015,0.029,-1,Echolocation,/mnt/ubna_data_01_mir/recover-20220825/UBNA_002/20220823_033000.WAV,Telephone Field,recover-20220825,002,1795
823.6435,823.6516,25468,34695,Eptesicus serotinus,0.008,0.025,-1,Echolocation,/mnt/ubna_data_01_mir/recover-20220825/UBNA_002/20220823_033000.WAV,Telephone Field,recover-20220825,002,1795
823.6835,823.6917,27187,37572,Eptesicus serotinus,0.009,0.024,-1,Echolocation,/mnt/ubna_data_01_mir/recover-20220825/UBNA_002/20220823_033000.WAV,Telephone Field,recover-20220825,002,1795
823.7245,823.7307,38359,51439,Myotis brandtii,0.008,0.023,-1,Echolocation,/mnt/ubna_data_01_mir/recover-20220825/UBNA_002/20220823_033000.WAV,Telephone Field,recover-20220825,002,1795
823.7265,823.7335,26328,37681,Eptesicus serotinus,0.007,0.026,-1,Echolocation,/mnt/ubna_data_01_mir/recover-20220825/UBNA_002/20220823_033000.WAV,Telephone Field,recover-20220825,002,1795
823.7505,823.756,35781,50589,Myotis brandtii,0.018,0.051,-1,Echolocation,/mnt/ubna_data_01_mir/recover-20220825/UBNA_002/20220823_033000.WAV,Telephone Field,recover-20220825,002,1795
823.7515,823.759,25468,43805,Eptesicus serotinus,0.013,0.035,-1,Echolocation,/mnt/ubna_data_01_mir/recover-20220825/UBNA_002/20220823_033000.WAV,Telephone Field,recover-20220825,002,1795
823.7695,823.8087,68437,82397,Rhinolophus ferrumequinum,0.023,0.023,-1,Echolocation,/mnt/ubna_data_01_mir/recover-20220825/UBNA_002/20220823_033000.WAV,Telephone Field,recover-20220825,002,1795
823.7745,823.7823,31484,43050,Myotis daubentonii,0.007,0.023,-1,Echolocation,/mnt/ubna_data_01_mir/recover-20220825/UBNA_002/20220823_033000.WAV,Telephone Field,recover-20220825,002,1795
823.8285,823.8344,37500,51361,Myotis brandtii,0.012,0.028,-1,Echolocation,/mnt/ubna_data_01_mir/recover-20220825/UBNA_002/20220823_033000.WAV,Telephone Field,recover-20220825,002,1795
823.8525,823.8584,31484,41975,Myotis daubentonii,0.022,0.043,-1,Echolocation,/mnt/ubna_data_01_mir/recover-20220825/UBNA_002/20220823_033000.WAV,Telephone Field,recover-20220825,002,1795
823.8625,823.87,49531,56082,Pipistrellus pipistrellus,0.026,0.035,-1,Echolocation,/mnt/ubna_data_01_mir/recover-20220825/UBNA_002/20220823_033000.WAV,Telephone Field,recover-20220825,002,1795
823.8625,823.902,68437,82405,Rhinolophus ferrumequinum,0.024,0.024,-1,Echolocation,/mnt/ubna_data_01_mir/recover-20220825/UBNA_002/20220823_033000.WAV,Telephone Field,recover-20220825,002,1795
823.8785,823.9,20312,23868,Nyctalus noctula,0.023,0.049,-1,Echolocation,/mnt/ubna_data_01_mir/recover-20220825/UBNA_002/20220823_033000.WAV,Telephone Field,recover-20220825,002,1795
823.8885,823.8998,37500,43117,Pipistrellus nathusii,0.025,0.036,-1,Echolocation,/mnt/ubna_data_01_mir/recover-20220825/UBNA_002/20220823_033000.WAV,Telephone Field,recover-20220825,002,1795
823.9015,823.9112,27187,35625,Eptesicus serotinus,0.013,0.032,-1,Echolocation,/mnt/ubna_data_01_mir/recover-20220825/UBNA_002/20220823_033000.WAV,Telephone Field,recover-20220825,002,1795
823.9255,823.9647,68437,83021,Rhinolophus ferrumequinum,0.025,0.025,-1,Echolocation,/mnt/ubna_data_01_mir/recover-20220825/UBNA_002/20220823_033000.WAV,Telephone Field,recover-20220825,002,1795
823.9865,823.9956,26328,35837,Eptesicus serotinus,0.012,0.031,-1,Echolocation,/mnt/ubna_data_01_mir/recover-20220825/UBNA_002/20220823_033000.WAV,Telephone Field,recover-20220825,002,1795
824.0015,824.0182,18593,23394,Nyctalus noctula,0.028,0.052,-1,Echolocation,/mnt/ubna_data_01_mir/recover-20220825/UBNA_002/20220823_033000.WAV,Telephone Field,recover-20220825,002,1795
824.0015,824.0334,68437,80028,Rhinolophus ferrumequinum,0.028,0.029,-1,Echolocation,/mnt/ubna_data_01_mir/recover-20220825/UBNA_002/20220823_033000.WAV,Telephone Field,recover-20220825,002,1795
824.0095,824.0531,68437,81940,Rhinolophus ferrumequinum,0.025,0.025,-1,Echolocation,/mnt/ubna_data_01_mir/recover-20220825/UBNA_002/20220823_033000.WAV,Telephone Field,recover-20220825,002,1795
824.0145,824.0217,27187,40737,Eptesicus serotinus,0.006,0.021,-1,Echolocation,/mnt/ubna_data_01_mir/recover-20220825/UBNA_002/20220823_033000.WAV,Telephone Field,recover-20220825,002,1795
824.0485,824.0917,68437,82919,Rhinolophus ferrumequinum,0.028,0.028,-1,Echolocation,/mnt/ubna_data_01_mir/recover-20220825/UBNA_002/20220823_033000.WAV,Telephone Field,recover-20220825,002,1795
824.0845,824.1204,68437,81684,Rhinolophus ferrumequinum,0.021,0.022,-1,Echolocation,/mnt/ubna_data_01_mir/recover-20220825/UBNA_002/20220823_033000.WAV,Telephone Field,recover-20220825,002,1795
824.1335,824.1683,68437,81152,Rhinolophus ferrumequinum,0.021,0.021,-1,Echolocation,/mnt/ubna_data_01_mir/recover-20220825/UBNA_002/20220823_033000.WAV,Telephone Field,recover-20220825,002,1795
824.2505,824.2631,22890,27798,Nyctalus leisleri,0.018,0.033,-1,Echolocation,/mnt/ubna_data_01_mir/recover-20220825/UBNA_002/20220823_033000.WAV,Telephone Field,recover-20220825,002,1795
824.2745,824.2849,29765,37934,Eptesicus serotinus,0.011,0.023,-1,Echolocation,/mnt/ubna_data_01_mir/recover-20220825/UBNA_002/20220823_033000.WAV,Telephone Field,recover-20220825,002,1795
824.2795,824.2882,28046,37287,Eptesicus serotinus,0.009,0.023,-1,Echolocation,/mnt/ubna_data_01_mir/recover-20220825/UBNA_002/20220823_033000.WAV,Telephone Field,recover-20220825,002,1795
824.3025,824.3119,22890,29173,Nyctalus leisleri,0.007,0.024,-1,Echolocation,/mnt/ubna_data_01_mir/recover-20220825/UBNA_002/20220823_033000.WAV,Telephone Field,recover-20220825,002,1795
824.3415,824.3485,28906,40373,Eptesicus serotinus,0.007,0.024,-1,Echolocation,/mnt/ubna_data_01_mir/recover-20220825/UBNA_002/20220823_033000.WAV,Telephone Field,recover-20220825,002,1795
824.3605,824.3712,28046,35590,Eptesicus serotinus,0.009,0.021,-1,Echolocation,/mnt/ubna_data_01_mir/recover-20220825/UBNA_002/20220823_033000.WAV,Telephone Field,recover-20220825,002,1795
824.3625,824.3998,68437,82220,Rhinolophus ferrumequinum,0.021,0.021,-1,Echolocation,/mnt/ubna_data_01_mir/recover-20220825/UBNA_002/20220823_033000.WAV,Telephone Field,recover-20220825,002,1795
824.3765,824.3869,22890,27972,Nyctalus leisleri,0.011,0.023,-1,Echolocation,/mnt/ubna_data_01_mir/recover-20220825/UBNA_002/20220823_033000.WAV,Telephone Field,recover-20220825,002,1795
824.3875,824.4016,21171,24483,Nyctalus leisleri,0.021,0.034,-1,Echolocation,/mnt/ubna_data_01_mir/recover-20220825/UBNA_002/20220823_033000.WAV,Telephone Field,recover-20220825,002,1795
824.3975,824.4373,68437,82536,Rhinolophus ferrumequinum,0.023,0.023,-1,Echolocation,/mnt/ubna_data_01_mir/recover-20220825/UBNA_002/20220823_033000.WAV,Telephone Field,recover-20220825,002,1795
824.4145,824.423,27187,37159,Eptesicus serotinus,0.008,0.021,-1,Echolocation,/mnt/ubna_data_01_mir/recover-20220825/UBNA_002/20220823_033000.WAV,Telephone Field,recover-20220825,002,1795
824.4435,824.4807,68437,82452,Rhinolophus ferrumequinum,0.021,0.021,-1,Echolocation,/mnt/ubna_data_01_mir/recover-20220825/UBNA_002/20220823_033000.WAV,Telephone Field,recover-20220825,002,1795
824.4535,824.4681,16015,21310,Nyctalus noctula,0.017,0.025,-1,Echolocation,/mnt/ubna_data_01_mir/recover-20220825/UBNA_002/20220823_033000.WAV,Telephone Field,recover-20220825,002,1795
824.4575,824.4667,22890,29807,Plecotus austriacus,0.007,0.022,-1,Echolocation,/mnt/ubna_data_01_mir/recover-20220825/UBNA_002/20220823_033000.WAV,Telephone Field,recover-20220825,002,1795
824.4655,824.4754,24609,32309,Eptesicus serotinus,0.009,0.025,-1,Echolocation,/mnt/ubna_data_01_mir/recover-20220825/UBNA_002/20220823_033000.WAV,Telephone Field,recover-20220825,002,1795
824.4695,824.5064,68437,81625,Rhinolophus ferrumequinum,0.021,0.021,-1,Echolocation,/mnt/ubna_data_01_mir/recover-20220825/UBNA_002/20220823_033000.WAV,Telephone Field,recover-20220825,002,1795
824.4865,824.5248,68437,82462,Rhinolophus ferrumequinum,0.021,0.021,-1,Echolocation,/mnt/ubna_data_01_mir/recover-20220825/UBNA_002/20220823_033000.WAV,Telephone Field,recover-20220825,002,1795
824.5115,824.5198,28046,39407,Eptesicus serotinus,0.008,0.022,-1,Echolocation,/mnt/ubna_data_01_mir/recover-20220825/UBNA_002/20220823_033000.WAV,Telephone Field,recover-20220825,002,1795
824.5275,824.5664,68437,81718,Rhinolophus ferrumequinum,0.021,0.021,-1,Echolocation,/mnt/ubna_data_01_mir/recover-20220825/UBNA_002/20220823_033000.WAV,Telephone Field,recover-20220825,002,1795
824.5315,824.542,22890,28855,Nyctalus leisleri,0.01,0.023,-1,Echolocation,/mnt/ubna_data_01_mir/recover-20220825/UBNA_002/20220823_033000.WAV,Telephone Field,recover-20220825,002,1795
824.5445,824.5564,23750,28266,Nyctalus leisleri,0.014,0.028,-1,Echolocation,/mnt/ubna_data_01_mir/recover-20220825/UBNA_002/20220823_033000.WAV,Telephone Field,recover-20220825,002,1795
824.5575,824.5944,68437,81863,Rhinolophus ferrumequinum,0.021,0.021,-1,Echolocation,/mnt/ubna_data_01_mir/recover-20220825/UBNA_002/20220823_033000.WAV,Telephone Field,recover-20220825,002,1795
824.5645,824.6016,68437,81892,Rhinolophus ferrumequinum,0.021,0.021,-1,Echolocation,/mnt/ubna_data_01_mir/recover-20220825/UBNA_002/20220823_033000.WAV,Telephone Field,recover-20220825,002,1795
824.6255,824.6619,68437,81854,Rhinolophus ferrumequinum,0.021,0.021,-1,Echolocation,/mnt/ubna_data_01_mir/recover-20220825/UBNA_002/20220823_033000.WAV,Telephone Field,recover-20220825,002,1795
824.6445,824.6522,28046,38490,Eptesicus serotinus,0.007,0.021,-1,Echolocation,/mnt/ubna_data_01_mir/recover-20220825/UBNA_002/20220823_033000.WAV,Telephone Field,recover-20220825,002,1795
824.6465,824.6855,68437,82378,Rhinolophus ferrumequinum,0.032,0.032,-1,Echolocation,/mnt/ubna_data_01_mir/recover-20220825/UBNA_002/20220823_033000.WAV,Telephone Field,recover-20220825,002,1795
824.6515,824.6607,39218,48291,Pipistrellus nathusii,0.011,0.024,-1,Echolocation,/mnt/ubna_data_01_mir/recover-20220825/UBNA_002/20220823_033000.WAV,Telephone Field,recover-20220825,002,1795
824.6845,824.7039,17734,20712,Nyctalus noctula,0.014,0.026,-1,Echolocation,/mnt/ubna_data_01_mir/recover-20220825/UBNA_002/20220823_033000.WAV,Telephone Field,recover-20220825,002,1795
824.6995,824.7085,22890,28594,Nyctalus leisleri,0.007,0.021,-1,Echolocation,/mnt/ubna_data_01_mir/recover-20220825/UBNA_002/20220823_033000.WAV,Telephone Field,recover-20220825,002,1795
824.7125,824.7525,68437,82714,Rhinolophus ferrumequinum,0.021,0.021,-1,Echolocation,/mnt/ubna_data_01_mir/recover-20220825/UBNA_002/20220823_033000.WAV,Telephone Field,recover-20220825,002,1795
824.7155,824.7238,27187,37170,Eptesicus serotinus,0.02,0.042,-1,Echolocation,/mnt/ubna_data_01_mir/recover-20220825/UBNA_002/20220823_033000.WAV,Telephone Field,recover-20220825,002,1795
824.7385,824.7507,34062,38790,Pipistrellus nathusii,0.007,0.021,-1,Echolocation,/mnt/ubna_data_01_mir/recover-20220825/UBNA_002/20220823_033000.WAV,Telephone Field,recover-20220825,002,1795
824.7585,824.7713,14296,20036,Nyctalus noctula,0.013,0.021,-1,Echolocation,/mnt/ubna_data_01_mir/recover-20220825/UBNA_002/20220823_033000.WAV,Telephone Field,recover-20220825,002,1795
824.7595,824.7952,68437,81285,Rhinolophus ferrumequinum,0.022,0.022,-1,Echolocation,/mnt/ubna_data_01_mir/recover-20220825/UBNA_002/20220823_033000.WAV,Telephone Field,recover-20220825,002,1795
824.7915,824.8235,68437,79600,Rhinolophus ferrumequinum,0.021,0.021,-1,Echolocation,/mnt/ubna_data_01_mir/recover-20220825/UBNA_002/20220823_033000.WAV,Telephone Field,recover-20220825,002,1795
824.8115,824.8204,28046,37027,Eptesicus serotinus,0.008,0.021,-1,Echolocation,/mnt/ubna_data_01_mir/recover-20220825/UBNA_002/20220823_033000.WAV,Telephone Field,recover-20220825,002,1795
824.8765,824.9173,68437,82873,Rhinolophus ferrumequinum,0.028,0.028,-1,Echolocation,/mnt/ubna_data_01_mir/recover-20220825/UBNA_002/20220823_033000.WAV,Telephone Field,recover-20220825,002,1795
824.8835,824.9213,68437,82468,Rhinolophus ferrumequinum,0.021,0.021,-1,Echolocation,/mnt/ubna_data_01_mir/recover-20220825/UBNA_002/20220823_033000.WAV,Telephone Field,recover-20220825,002,1795
824.8975,824.9071,47812,54717,Pipistrellus pipistrellus,0.025,0.028,-1,Echolocation,/mnt/ubna_data_01_mir/recover-20220825/UBNA_002/20220823_033000.WAV,Telephone Field,recover-20220825,002,1795
824.9325,824.9719,68437,81946,Rhinolophus ferrumequinum,0.022,0.022,-1,Echolocation,/mnt/ubna_data_01_mir/recover-20220825/UBNA_002/20220823_033000.WAV,Telephone Field,recover-20220825,002,1795
824.9515,824.9901,68437,82263,Rhinolophus ferrumequinum,0.025,0.025,-1,Echolocation,/mnt/ubna_data_01_mir/recover-20220825/UBNA_002/20220823_033000.WAV,Telephone Field,recover-20220825,002,1795
824.9875,825.0257,68437,81939,Rhinolophus ferrumequinum,0.022,0.022,-1,Echolocation,/mnt/ubna_data_01_mir/recover-20220825/UBNA_002/20220823_033000.WAV,Telephone Field,recover-20220825,002,1795
825.0045,825.0123,27187,38997,Eptesicus serotinus,0.008,0.021,-1,Echolocation,/mnt/ubna_data_01_mir/recover-20220825/UBNA_002/20220823_033000.WAV,Telephone Field,recover-20220825,002,1795
825.0335,825.0754,68437,82533,Rhinolophus ferrumequinum,0.021,0.021,-1,Echolocation,/mnt/ubna_data_01_mir/recover-20220825/UBNA_002/20220823_033000.WAV,Telephone Field,recover-20220825,002,1795
825.0405,825.047,31484,42394,Myotis daubentonii,0.01,0.024,-1,Echolocation,/mnt/ubna_data_01_mir/recover-20220825/UBNA_002/20220823_033000.WAV,Telephone Field,recover-20220825,002,1795
825.0685,825.106,68437,82018,Rhinolophus ferrumequinum,0.023,0.023,-1,Echolocation,/mnt/ubna_data_01_mir/recover-20220825/UBNA_002/20220823_033000.WAV,Telephone Field,recover-20220825,002,1795
825.0735,825.0824,28046,37779,Eptesicus serotinus,0.009,0.022,-1,Echolocation,/mnt/ubna_data_01_mir/recover-20220825/UBNA_002/20220823_033000.WAV,Telephone Field,recover-20220825,002,1795
825.1175,825.1581,68437,82441,Rhinolophus ferrumequinum,0.022,0.022,-1,Echolocation,/mnt/ubna_data_01_mir/recover-20220825/UBNA_002/20220823_033000.WAV,Telephone Field,recover-20220825,002,1795
825.1645,825.1718,23750,33648,Plecotus austriacus,0.008,0.022,-1,Echolocation,/mnt/ubna_data_01_mir/recover-20220825/UBNA_002/20220823_033000.WAV,Telephone Field,recover-20220825,002,1795
825.2055,825.2137,25468,37741,Eptesicus serotinus,0.006,0.021,-1,Echolocation,/mnt/ubna_data_01_mir/recover-20220825/UBNA_002/20220823_033000.WAV,Telephone Field,recover-20220825,002,1795
825.2285,825.2673,68437,82151,Rhinolophus ferrumequinum,0.023,0.023,-1,Echolocation,/mnt/ubna_data_01_mir/recover-20220825/UBNA_002/20220823_033000.WAV,Telephone Field,recover-20220825,002,1795
825.2385,825.2783,68437,82035,Rhinolophus ferrumequinum,0.021,0.021,-1,Echolocation,/mnt/ubna_data_01_mir/recover-20220825/UBNA_002/20220823_033000.WAV,Telephone Field,recover-20220825,002,1795
825.2765,825.2865,28046,36192,Eptesicus serotinus,0.009,0.021,-1,Echolocation,/mnt/ubna_data_01_mir/recover-20220825/UBNA_002/20220823_033000.WAV,Telephone Field,recover-20220825,002,1795
825.2985,825.3067,47812,53137,Pipistrellus pipistrellus,0.034,0.037,-1,Echolocation,/mnt/ubna_data_01_mir/recover-20220825/UBNA_002/20220823_033000.WAV,Telephone Field,recover-20220825,002,1795
825.3125,825.3559,68437,83195,Rhinolophus ferrumequinum,0.03,0.03,-1,Echolocation,/mnt/ubna_data_01_mir/recover-20220825/UBNA_002/20220823_033000.WAV,Telephone Field,recover-20220825,002,1795
825.3395,825.3789,68437,82325,Rhinolophus ferrumequinum,0.026,0.026,-1,Echolocation,/mnt/ubna_data_01_mir/recover-20220825/UBNA_002/20220823_033000.WAV,Telephone Field,recover-20220825,002,1795
825.3445,825.355,22031,27885,Nyctalus leisleri,0.012,0.028,-1,Echolocation,/mnt/ubna_data_01_mir/recover-20220825/UBNA_002/20220823_033000.WAV,Telephone Field,recover-20220825,002,1795
825.3465,825.3874,68437,82306,Rhinolophus ferrumequinum,0.025,0.025,-1,Echolocation,/mnt/ubna_data_01_mir/recover-20220825/UBNA_002/20220823_033000.WAV,Telephone Field,recover-20220825,002,1795
825.3575,825.3968,68437,82935,Rhinolophus ferrumequinum,0.021,0.021,-1,Echolocation,/mnt/ubna_data_01_mir/recover-20220825/UBNA_002/20220823_033000.WAV,Telephone Field,recover-20220825,002,1795
825.3595,825.3682,28906,38034,Eptesicus serotinus,0.01,0.026,-1,Echolocation,/mnt/ubna_data_01_mir/recover-20220825/UBNA_002/20220823_033000.WAV,Telephone Field,recover-20220825,002,1795
825.3745,825.4115,68437,81827,Rhinolophus ferrumequinum,0.021,0.021,-1,Echolocation,/mnt/ubna_data_01_mir/recover-20220825/UBNA_002/20220823_033000.WAV,Telephone Field,recover-20220825,002,1795
825.3775,825.3924,23750,29439,Nyctalus leisleri,0.043,0.095,-1,Echolocation,/mnt/ubna_data_01_mir/recover-20220825/UBNA_002/20220823_033000.WAV,Telephone Field,recover-20220825,002,1795
825.3955,825.4328,68437,82074,Rhinolophus ferrumequinum,0.037,0.037,-1,Echolocation,/mnt/ubna_data_01_mir/recover-20220825/UBNA_002/20220823_033000.WAV,Telephone Field,recover-20220825,002,1795
825.4155,825.4232,26328,35276,Eptesicus serotinus,0.008,0.021,-1,Echolocation,/mnt/ubna_data_01_mir/recover-20220825/UBNA_002/20220823_033000.WAV,Telephone Field,recover-20220825,002,1795
825.4375,825.4442,48671,53138,Pipistrellus pipistrellus,0.022,0.023,-1,Echolocation,/mnt/ubna_data_01_mir/recover-20220825/UBNA_002/20220823_033000.WAV,Telephone Field,recover-20220825,002,1795
825.4825,825.4936,28906,34852,Eptesicus serotinus,0.011,0.022,-1,Echolocation,/mnt/ubna_data_01_mir/recover-20220825/UBNA_002/20220823_033000.WAV,Telephone Field,recover-20220825,002,1795
825.5515,825.5581,23750,32778,Plecotus austriacus,0.011,0.024,-1,Echolocation,/mnt/ubna_data_01_mir/recover-20220825/UBNA_002/20220823_033000.WAV,Telephone Field,recover-20220825,002,1795
825.6395,825.6481,25468,33080,Eptesicus serotinus,0.007,0.023,-1,Echolocation,/mnt/ubna_data_01_mir/recover-20220825/UBNA_002/20220823_033000.WAV,Telephone Field,recover-20220825,002,1795
825.6595,825.6996,68437,82163,Rhinolophus ferrumequinum,0.022,0.022,-1,Echolocation,/mnt/ubna_data_01_mir/recover-20220825/UBNA_002/20220823_033000.WAV,Telephone Field,recover-20220825,002,1795
825.7335,825.7674,68437,81140,Rhinolophus ferrumequinum,0.022,0.022,-1,Echolocation,/mnt/ubna_data_01_mir/recover-20220825/UBNA_002/20220823_033000.WAV,Telephone Field,recover-20220825,002,1795
825.7345,825.7412,27187,41959,Eptesicus serotinus,0.007,0.024,-1,Echolocation,/mnt/ubna_data_01_mir/recover-20220825/UBNA_002/20220823_033000.WAV,Telephone Field,recover-20220825,002,1795
825.7475,825.7844,68437,82345,Rhinolophus ferrumequinum,0.022,0.022,-1,Echolocation,/mnt/ubna_data_01_mir/recover-20220825/UBNA_002/20220823_033000.WAV,Telephone Field,recover-20220825,002,1795
825.7675,825.7751,27187,39653,Eptesicus serotinus,0.006,0.021,-1,Echolocation,/mnt/ubna_data_01_mir/recover-20220825/UBNA_002/20220823_033000.WAV,Telephone Field,recover-20220825,002,1795
825.7825,825.8225,68437,82282,Rhinolophus ferrumequinum,0.023,0.023,-1,Echolocation,/mnt/ubna_data_01_mir/recover-20220825/UBNA_002/20220823_033000.WAV,Telephone Field,recover-20220825,002,1795
825.8025,825.8393,68437,82635,Rhinolophus ferrumequinum,0.024,0.024,-1,Echolocation,/mnt/ubna_data_01_mir/recover-20220825/UBNA_002/20220823_033000.WAV,Telephone Field,recover-20220825,002,1795
825.8305,825.869,68437,82210,Rhinolophus ferrumequinum,0.021,0.021,-1,Echolocation,/mnt/ubna_data_01_mir/recover-20220825/UBNA_002/20220823_033000.WAV,Telephone Field,recover-20220825,002,1795
825.8425,825.8823,68437,82499,Rhinolophus ferrumequinum,0.022,0.022,-1,Echolocation,/mnt/ubna_data_01_mir/recover-20220825/UBNA_002/20220823_033000.WAV,Telephone Field,recover-20220825,002,1795
825.8665,825.9027,68437,81214,Rhinolophus ferrumequinum,0.023,0.023,-1,Echolocation,/mnt/ubna_data_01_mir/recover-20220825/UBNA_002/20220823_033000.WAV,Telephone Field,recover-20220825,002,1795
825.8935,825.901,28046,39338,Eptesicus serotinus,0.007,0.022,-1,Echolocation,/mnt/ubna_data_01_mir/recover-20220825/UBNA_002/20220823_033000.WAV,Telephone Field,recover-20220825,002,1795
825.8935,825.9301,68437,81481,Rhinolophus ferrumequinum,0.021,0.021,-1,Echolocation,/mnt/ubna_data_01_mir/recover-20220825/UBNA_002/20220823_033000.WAV,Telephone Field,recover-20220825,002,1795
825.9055,825.9426,68437,82450,Rhinolophus ferrumequinum,0.022,0.022,-1,Echolocation,/mnt/ubna_data_01_mir/recover-20220825/UBNA_002/20220823_033000.WAV,Telephone Field,recover-20220825,002,1795
825.9655,825.9982,68437,80522,Rhinolophus ferrumequinum,0.021,0.021,-1,Echolocation,/mnt/ubna_data_01_mir/recover-20220825/UBNA_002/20220823_033000.WAV,Telephone Field,recover-20220825,002,1795
826.0015,826.0159,19453,24758,Nyctalus leisleri,0.01,0.026,-1,Echolocation,/mnt/ubna_data_01_mir/recover-20220825/UBNA_002/20220823_033000.WAV,Telephone Field,recover-20220825,002,1795
826.0015,826.0108,30625,37581,Eptesicus serotinus,0.007,0.025,-1,Echolocation,/mnt/ubna_data_01_mir/recover-20220825/UBNA_002/20220823_033000.WAV,Telephone Field,recover-20220825,002,1795
826.0015,826.0345,69296,81953,Rhinolophus ferrumequinum,0.034,0.034,-1,Echolocation,/mnt/ubna_data_01_mir/recover-20220825/UBNA_002/20220823_033000.WAV,Telephone Field,recover-20220825,002,1795
826.0165,826.0602,68437,83625,Rhinolophus ferrumequinum,0.046,0.046,-1,Echolocation,/mnt/ubna_data_01_mir/recover-20220825/UBNA_002/20220823_033000.WAV,Telephone Field,recover-20220825,002,1795
826.1035,826.1494,68437,83369,Rhinolophus ferrumequinum,0.056,0.056,-1,Echolocation,/mnt/ubna_data_01_mir/recover-20220825/UBNA_002/20220823_033000.WAV,Telephone Field,recover-20220825,002,1795
826.1275,826.1681,68437,82451,Rhinolophus ferrumequinum,0.023,0.023,-1,Echolocation,/mnt/ubna_data_01_mir/recover-20220825/UBNA_002/20220823_033000.WAV,Telephone Field,recover-20220825,002,1795
826.1575,826.1954,68437,81388,Rhinolophus ferrumequinum,0.024,0.024,-1,Echolocation,/mnt/ubna_data_01_mir/recover-20220825/UBNA_002/20220823_033000.WAV,Telephone Field,recover-20220825,002,1795
826.1915,826.2302999999999,68437,82489,Rhinolophus ferrumequinum,0.025,0.025,-1,Echolocation,/mnt/ubna_data_01_mir/recover-20220825/UBNA_002/20220823_033000.WAV,Telephone Field,recover-20220825,002,1795
826.1995,826.2358,68437,81952,Rhinolophus ferrumequinum,0.033,0.033,-1,Echolocation,/mnt/ubna_data_01_mir/recover-20220825/UBNA_002/20220823_033000.WAV,Telephone Field,recover-20220825,002,1795
826.2075,826.2461,68437,82270,Rhinolophus ferrumequinum,0.023,0.023,-1,Echolocation,/mnt/ubna_data_01_mir/recover-20220825/UBNA_002/20220823_033000.WAV,Telephone Field,recover-20220825,002,1795
826.2125,826.2204,28906,41390,Eptesicus serotinus,0.007,0.022,-1,Echolocation,/mnt/ubna_data_01_mir/recover-20220825/UBNA_002/20220823_033000.WAV,Telephone Field,recover-20220825,002,1795
826.2315,826.2707,68437,83163,Rhinolophus ferrumequinum,0.027,0.027,-1,Echolocation,/mnt/ubna_data_01_mir/recover-20220825/UBNA_002/20220823_033000.WAV,Telephone Field,recover-20220825,002,1795
826.2915,826.3276,68437,81452,Rhinolophus ferrumequinum,0.029,0.029,-1,Echolocation,/mnt/ubna_data_01_mir/recover-20220825/UBNA_002/20220823_033000.WAV,Telephone Field,recover-20220825,002,1795
826.2985,826.3063,28906,38455,Eptesicus serotinus,0.007,0.022,-1,Echolocation,/mnt/ubna_data_01_mir/recover-20220825/UBNA_002/20220823_033000.WAV,Telephone Field,recover-20220825,002,1795
826.3025,826.3129,22031,26209,Nyctalus leisleri,0.01,0.021,-1,Echolocation,/mnt/ubna_data_01_mir/recover-20220825/UBNA_002/20220823_033000.WAV,Telephone Field,recover-20220825,002,1795
826.3215,826.3643,68437,83150,Rhinolophus ferrumequinum,0.029,0.029,-1,Echolocation,/mnt/ubna_data_01_mir/recover-20220825/UBNA_002/20220823_033000.WAV,Telephone Field,recover-20220825,002,1795
826.3325,826.3404,28906,39311,Eptesicus serotinus,0.007,0.021,-1,Echolocation,/mnt/ubna_data_01_mir/recover-20220825/UBNA_002/20220823_033000.WAV,Telephone Field,recover-20220825,002,1795
826.3425,826.3798,68437,81850,Rhinolophus ferrumequinum,0.021,0.021,-1,Echolocation,/mnt/ubna_data_01_mir/recover-20220825/UBNA_002/20220823_033000.WAV,Telephone Field,recover-20220825,002,1795
826.3455,826.3537,28046,38827,Eptesicus serotinus,0.01,0.024,-1,Echolocation,/mnt/ubna_data_01_mir/recover-20220825/UBNA_002/20220823_033000.WAV,Telephone Field,recover-20220825,002,1795
826.3595,826.3984,68437,81787,Rhinolophus ferrumequinum,0.021,0.021,-1,Echolocation,/mnt/ubna_data_01_mir/recover-20220825/UBNA_002/20220823_033000.WAV,Telephone Field,recover-20220825,002,1795
826.3725,826.3828,22031,28212,Nyctalus leisleri,0.01,0.031,-1,Echolocation,/mnt/ubna_data_01_mir/recover-20220825/UBNA_002/20220823_033000.WAV,Telephone Field,recover-20220825,002,1795
826.4014999999999,826.4104,22890,29620,Plecotus austriacus,0.009,0.023,-1,Echolocation,/mnt/ubna_data_01_mir/recover-20220825/UBNA_002/20220823_033000.WAV,Telephone Field,recover-20220825,002,1795
826.4235,826.4641,68437,82428,Rhinolophus ferrumequinum,0.024,0.024,-1,Echolocation,/mnt/ubna_data_01_mir/recover-20220825/UBNA_002/20220823_033000.WAV,Telephone Field,recover-20220825,002,1795
826.4545,826.496,68437,82655,Rhinolophus ferrumequinum,0.021,0.021,-1,Echolocation,/mnt/ubna_data_01_mir/recover-20220825/UBNA_002/20220823_033000.WAV,Telephone Field,recover-20220825,002,1795
826.4775,826.5149,68437,81593,Rhinolophus ferrumequinum,0.023,0.023,-1,Echolocation,/mnt/ubna_data_01_mir/recover-20220825/UBNA_002/20220823_033000.WAV,Telephone Field,recover-20220825,002,1795
826.4955,826.506,28906,35710,Eptesicus serotinus,0.013,0.026,-1,Echolocation,/mnt/ubna_data_01_mir/recover-20220825/UBNA_002/20220823_033000.WAV,Telephone Field,recover-20220825,002,1795
826.4955,826.506,54687,58777,Pipistrellus pygmaeus,0.032,0.033,-1,Echolocation,/mnt/ubna_data_01_mir/recover-20220825/UBNA_002/20220823_033000.WAV,Telephone Field,recover-20220825,002,1795
826.5615,826.5705,23750,31389,Plecotus austriacus,0.007,0.021,-1,Echolocation,/mnt/ubna_data_01_mir/recover-20220825/UBNA_002/20220823_033000.WAV,Telephone Field,recover-20220825,002,1795
826.5645,826.6048,68437,82794,Rhinolophus ferrumequinum,0.025,0.025,-1,Echolocation,/mnt/ubna_data_01_mir/recover-20220825/UBNA_002/20220823_033000.WAV,Telephone Field,recover-20220825,002,1795
826.5715,826.6138,68437,83091,Rhinolophus ferrumequinum,0.024,0.024,-1,Echolocation,/mnt/ubna_data_01_mir/recover-20220825/UBNA_002/20220823_033000.WAV,Telephone Field,recover-20220825,002,1795
826.5925,826.6307,68437,81701,Rhinolophus ferrumequinum,0.023,0.023,-1,Echolocation,/mnt/ubna_data_01_mir/recover-20220825/UBNA_002/20220823_033000.WAV,Telephone Field,recover-20220825,002,1795
826.5995,826.6385,68437,82708,Rhinolophus ferrumequinum,0.024,0.024,-1,Echolocation,/mnt/ubna_data_01_mir/recover-20220825/UBNA_002/20220823_033000.WAV,Telephone Field,recover-20220825,002,1795
826.6125,826.651,68437,82805,Rhinolophus ferrumequinum,0.026,0.026,-1,Echolocation,/mnt/ubna_data_01_mir/recover-20220825/UBNA_002/20220823_033000.WAV,Telephone Field,recover-20220825,002,1795
826.6215,826.6385,21171,24973,Nyctalus leisleri,0.026,0.053,-1,Echolocation,/mnt/ubna_data_01_mir/recover-20220825/UBNA_002/20220823_033000.WAV,Telephone Field,recover-20220825,002,1795
826.6415,826.6837,68437,83177,Rhinolophus ferrumequinum,0.033,0.033,-1,Echolocation,/mnt/ubna_data_01_mir/recover-20220825/UBNA_002/20220823_033000.WAV,Telephone Field,recover-20220825,002,1795
826.6425,826.6497,26328,35469,Eptesicus serotinus,0.006,0.021,-1,Echolocation,/mnt/ubna_data_01_mir/recover-20220825/UBNA_002/20220823_033000.WAV,Telephone Field,recover-20220825,002,1795
826.6525,826.6622,22890,28513,Nyctalus leisleri,0.009,0.021,-1,Echolocation,/mnt/ubna_data_01_mir/recover-20220825/UBNA_002/20220823_033000.WAV,Telephone Field,recover-20220825,002,1795
826.6565,826.6654,29765,39514,Eptesicus serotinus,0.008,0.021,-1,Echolocation,/mnt/ubna_data_01_mir/recover-20220825/UBNA_002/20220823_033000.WAV,Telephone Field,recover-20220825,002,1795
826.7055,826.7499,68437,83738,Rhinolophus ferrumequinum,0.045,0.045,-1,Echolocation,/mnt/ubna_data_01_mir/recover-20220825/UBNA_002/20220823_033000.WAV,Telephone Field,recover-20220825,002,1795
826.7095,826.7186,22890,30431,Plecotus austriacus,0.007,0.021,-1,Echolocation,/mnt/ubna_data_01_mir/recover-20220825/UBNA_002/20220823_033000.WAV,Telephone Field,recover-20220825,002,1795
826.7405,826.7793,68437,82065,Rhinolophus ferrumequinum,0.021,0.021,-1,Echolocation,/mnt/ubna_data_01_mir/recover-20220825/UBNA_002/20220823_033000.WAV,Telephone Field,recover-20220825,002,1795
826.7645,826.7744,25468,33462,Eptesicus serotinus,0.01,0.024,-1,Echolocation,/mnt/ubna_data_01_mir/recover-20220825/UBNA_002/20220823_033000.WAV,Telephone Field,recover-20220825,002,1795
826.7675,826.8069,68437,82677,Rhinolophus ferrumequinum,0.023,0.023,-1,Echolocation,/mnt/ubna_data_01_mir/recover-20220825/UBNA_002/20220823_033000.WAV,Telephone Field,recover-20220825,002,1795
826.7795,826.7886,24609,32282,Eptesicus serotinus,0.009,0.022,-1,Echolocation,/mnt/ubna_data_01_mir/recover-20220825/UBNA_002/20220823_033000.WAV,Telephone Field,recover-20220825,002,1795
826.8085,826.8464,68437,81752,Rhinolophus ferrumequinum,0.021,0.021,-1,Echolocation,/mnt/ubna_data_01_mir/recover-20220825/UBNA_002/20220823_033000.WAV,Telephone Field,recover-20220825,002,1795
826.8195,826.8571,68437,82294,Rhinolophus ferrumequinum,0.021,0.021,-1,Echolocation,/mnt/ubna_data_01_mir/recover-20220825/UBNA_002/20220823_033000.WAV,Telephone Field,recover-20220825,002,1795
826.8195,826.8287,28046,38018,Eptesicus serotinus,0.013,0.026,-1,Echolocation,/mnt/ubna_data_01_mir/recover-20220825/UBNA_002/20220823_033000.WAV,Telephone Field,recover-20220825,002,1795
826.8395,826.8773,68437,82136,Rhinolophus ferrumequinum,0.024,0.024,-1,Echolocation,/mnt/ubna_data_01_mir/recover-20220825/UBNA_002/20220823_033000.WAV,Telephone Field,recover-20220825,002,1795
826.8705,826.909,68437,82395,Rhinolophus ferrumequinum,0.023,0.023,-1,Echolocation,/mnt/ubna_data_01_mir/recover-20220825/UBNA_002/20220823_033000.WAV,Telephone Field,recover-20220825,002,1795
826.8715,826.8814,28906,37550,Eptesicus serotinus,0.015,0.027,-1,Echolocation,/mnt/ubna_data_01_mir/recover-20220825/UBNA_002/20220823_033000.WAV,Telephone Field,recover-20220825,002,1795
826.9045,826.9118,50390,58982,Pipistrellus pipistrellus,0.023,0.028,-1,Echolocation,/mnt/ubna_data_01_mir/recover-20220825/UBNA_002/20220823_033000.WAV,Telephone Field,recover-20220825,002,1795
826.9045,826.946,68437,82674,Rhinolophus ferrumequinum,0.024,0.024,-1,Echolocation,/mnt/ubna_data_01_mir/recover-20220825/UBNA_002/20220823_033000.WAV,Telephone Field,recover-20220825,002,1795
826.9285,826.9412,33203,38389,Eptesicus serotinus,0.013,0.034,-1,Echolocation,/mnt/ubna_data_01_mir/recover-20220825/UBNA_002/20220823_033000.WAV,Telephone Field,recover-20220825,002,1795
826.9485,826.991,68437,83065,Rhinolophus ferrumequinum,0.025,0.025,-1,Echolocation,/mnt/ubna_data_01_mir/recover-20220825/UBNA_002/20220823_033000.WAV,Telephone Field,recover-20220825,002,1795
826.9685,827.0082,68437,82128,Rhinolophus ferrumequinum,0.024,0.024,-1,Echolocation,/mnt/ubna_data_01_mir/recover-20220825/UBNA_002/20220823_033000.WAV,Telephone Field,recover-20220825,002,1795
826.9925,827.0372,68437,82999,Rhinolophus ferrumequinum,0.024,0.024,-1,Echolocation,/mnt/ubna_data_01_mir/recover-20220825/UBNA_002/20220823_033000.WAV,Telephone Field,recover-20220825,002,1795
826.9995,827.0418,68437,83133,Rhinolophus ferrumequinum,0.024,0.024,-1,Echolocation,/mnt/ubna_data_01_mir/recover-20220825/UBNA_002/20220823_033000.WAV,Telephone Field,recover-20220825,002,1795
827.0335,827.0754,68437,83128,Rhinolophus ferrumequinum,0.023,0.023,-1,Echolocation,/mnt/ubna_data_01_mir/recover-20220825/UBNA_002/20220823_033000.WAV,Telephone Field,recover-20220825,002,1795
827.0445,827.0879,68437,83689,Rhinolophus ferrumequinum,0.029,0.029,-1,Echolocation,/mnt/ubna_data_01_mir/recover-20220825/UBNA_002/20220823_033000.WAV,Telephone Field,recover-20220825,002,1795
827.0515,827.0702,19453,22120,Nyctalus leisleri,0.012,0.021,-1,Echolocation,/mnt/ubna_data_01_mir/recover-20220825/UBNA_002/20220823_033000.WAV,Telephone Field,recover-20220825,002,1795
827.0695,827.1089,68437,82620,Rhinolophus ferrumequinum,0.027,0.027,-1,Echolocation,/mnt/ubna_data_01_mir/recover-20220825/UBNA_002/20220823_033000.WAV,Telephone Field,recover-20220825,002,1795
827.0775,827.115,68437,81433,Rhinolophus ferrumequinum,0.021,0.022,-1,Echolocation,/mnt/ubna_data_01_mir/recover-20220825/UBNA_002/20220823_033000.WAV,Telephone Field,recover-20220825,002,1795
827.0905,827.1302,68437,82103,Rhinolophus ferrumequinum,0.022,0.022,-1,Echolocation,/mnt/ubna_data_01_mir/recover-20220825/UBNA_002/20220823_033000.WAV,Telephone Field,recover-20220825,002,1795
827.1065,827.1437,68437,81880,Rhinolophus ferrumequinum,0.022,0.022,-1,Echolocation,/mnt/ubna_data_01_mir/recover-20220825/UBNA_002/20220823_033000.WAV,Telephone Field,recover-20220825,002,1795
827.1225,827.1634,68437,82441,Rhinolophus ferrumequinum,0.022,0.022,-1,Echolocation,/mnt/ubna_data_01_mir/recover-20220825/UBNA_002/20220823_033000.WAV,Telephone Field,recover-20220825,002,1795
827.1535,827.1906,68437,81986,Rhinolophus ferrumequinum,0.025,0.025,-1,Echolocation,/mnt/ubna_data_01_mir/recover-20220825/UBNA_002/20220823_033000.WAV,Telephone Field,recover-20220825,002,1795
827.1765,827.2156,68437,82599,Rhinolophus ferrumequinum,0.024,0.024,-1,Echolocation,/mnt/ubna_data_01_mir/recover-20220825/UBNA_002/20220823_033000.WAV,Telephone Field,recover-20220825,002,1795
827.1855,827.2255,68437,82581,Rhinolophus ferrumequinum,0.022,0.022,-1,Echolocation,/mnt/ubna_data_01_mir/recover-20220825/UBNA_002/20220823_033000.WAV,Telephone Field,recover-20220825,002,1795
827.1935,827.2041,38359,42163,Pipistrellus nathusii,0.026,0.036,-1,Echolocation,/mnt/ubna_data_01_mir/recover-20220825/UBNA_002/20220823_033000.WAV,Telephone Field,recover-20220825,002,1795
827.2235000000001,827.2347,22031,26592,Nyctalus leisleri,0.011,0.023,-1,Echolocation,/mnt/ubna_data_01_mir/recover-20220825/UBNA_002/20220823_033000.WAV,Telephone Field,recover-20220825,002,1795
827.2325,827.2429,23750,29888,Nyctalus leisleri,0.009,0.023,-1,Echolocation,/mnt/ubna_data_01_mir/recover-20220825/UBNA_002/20220823_033000.WAV,Telephone Field,recover-20220825,002,1795
827.2335,827.2723,68437,82336,Rhinolophus ferrumequinum,0.026,0.026,-1,Echolocation,/mnt/ubna_data_01_mir/recover-20220825/UBNA_002/20220823_033000.WAV,Telephone Field,recover-20220825,002,1795
827.2615,827.2978,68437,81817,Rhinolophus ferrumequinum,0.022,0.022,-1,Echolocation,/mnt/ubna_data_01_mir/recover-20220825/UBNA_002/20220823_033000.WAV,Telephone Field,recover-20220825,002,1795
827.2785,827.288,28906,39135,Eptesicus serotinus,0.009,0.02,-1,Echolocation,/mnt/ubna_data_01_mir/recover-20220825/UBNA_002/20220823_033000.WAV,Telephone Field,recover-20220825,002,1795
827.3345,827.3767,68437,83080,Rhinolophus ferrumequinum,0.022,0.022,-1,Echolocation,/mnt/ubna_data_01_mir/recover-20220825/UBNA_002/20220823_033000.WAV,Telephone Field,recover-20220825,002,1795
827.3385,827.3449,25468,35901,Plecotus austriacus,0.011,0.033,-1,Echolocation,/mnt/ubna_data_01_mir/recover-20220825/UBNA_002/20220823_033000.WAV,Telephone Field,recover-20220825,002,1795
827.3655,827.4075,68437,82823,Rhinolophus ferrumequinum,0.023,0.023,-1,Echolocation,/mnt/ubna_data_01_mir/recover-20220825/UBNA_002/20220823_033000.WAV,Telephone Field,recover-20220825,002,1795
827.3915,827.4305,68437,82065,Rhinolophus ferrumequinum,0.023,0.023,-1,Echolocation,/mnt/ubna_data_01_mir/recover-20220825/UBNA_002/20220823_033000.WAV,Telephone Field,recover-20220825,002,1795
827.4135,827.4516,68437,81856,Rhinolophus ferrumequinum,0.022,0.022,-1,Echolocation,/mnt/ubna_data_01_mir/recover-20220825/UBNA_002/20220823_033000.WAV,Telephone Field,recover-20220825,002,1795
827.4195,827.4292,22890,28958,Nyctalus leisleri,0.008,0.022,-1,Echolocation,/mnt/ubna_data_01_mir/recover-20220825/UBNA_002/20220823_033000.WAV,Telephone Field,recover-20220825,002,1795
827.4485,827.4869,68437,82305,Rhinolophus ferrumequinum,0.024,0.024,-1,Echolocation,/mnt/ubna_data_01_mir/recover-20220825/UBNA_002/20220823_033000.WAV,Telephone Field,recover-20220825,002,1795
827.4915,827.5008,25468,33565,Eptesicus serotinus,0.008,0.021,-1,Echolocation,/mnt/ubna_data_01_mir/recover-20220825/UBNA_002/20220823_033000.WAV,Telephone Field,recover-20220825,002,1795
827.5565,827.5982,68437,82527,Rhinolophus ferrumequinum,0.023,0.023,-1,Echolocation,/mnt/ubna_data_01_mir/recover-20220825/UBNA_002/20220823_033000.WAV,Telephone Field,recover-20220825,002,1795
827.5815,827.6245,68437,83126,Rhinolophus ferrumequinum,0.032,0.032,-1,Echolocation,/mnt/ubna_data_01_mir/recover-20220825/UBNA_002/20220823_033000.WAV,Telephone Field,recover-20220825,002,1795
827.5895,827.5969,24609,34004,Plecotus auritus,0.009,0.029,-1,Echolocation,/mnt/ubna_data_01_mir/recover-20220825/UBNA_002/20220823_033000.WAV,Telephone Field,recover-20220825,002,1795
827.6065,827.6154,25468,34935,Eptesicus serotinus,0.008,0.021,-1,Echolocation,/mnt/ubna_data_01_mir/recover-20220825/UBNA_002/20220823_033000.WAV,Telephone Field,recover-20220825,002,1795
827.6135,827.6511,68437,82454,Rhinolophus ferrumequinum,0.021,0.021,-1,Echolocation,/mnt/ubna_data_01_mir/recover-20220825/UBNA_002/20220823_033000.WAV,Telephone Field,recover-20220825,002,1795
827.6525,827.6885,68437,81785,Rhinolophus ferrumequinum,0.023,0.023,-1,Echolocation,/mnt/ubna_data_01_mir/recover-20220825/UBNA_002/20220823_033000.WAV,Telephone Field,recover-20220825,002,1795
827.6595,827.6961,68437,82234,Rhinolophus ferrumequinum,0.022,0.022,-1,Echolocation,/mnt/ubna_data_01_mir/recover-20220825/UBNA_002/20220823_033000.WAV,Telephone Field,recover-20220825,002,1795
827.6665,827.7031,68437,81522,Rhinolophus ferrumequinum,0.021,0.021,-1,Echolocation,/mnt/ubna_data_01_mir/recover-20220825/UBNA_002/20220823_033000.WAV,Telephone Field,recover-20220825,002,1795
827.6855,827.6949,28906,36573,Eptesicus serotinus,0.009,0.021,-1,Echolocation,/mnt/ubna_data_01_mir/recover-20220825/UBNA_002/20220823_033000.WAV,Telephone Field,recover-20220825,002,1795
827.7065,827.7194,58984,64452,Pipistrellus pygmaeus,0.04,0.047,-1,Echolocation,/mnt/ubna_data_01_mir/recover-20220825/UBNA_002/20220823_033000.WAV,Telephone Field,recover-20220825,002,1795
827.7425,827.7499,28906,37533,Eptesicus serotinus,0.008,0.021,-1,Echolocation,/mnt/ubna_data_01_mir/recover-20220825/UBNA_002/20220823_033000.WAV,Telephone Field,recover-20220825,002,1795
827.7815,827.818,68437,81521,Rhinolophus ferrumequinum,0.021,0.021,-1,Echolocation,/mnt/ubna_data_01_mir/recover-20220825/UBNA_002/20220823_033000.WAV,Telephone Field,recover-20220825,002,1795
827.7895,827.8267,68437,81538,Rhinolophus ferrumequinum,0.022,0.022,-1,Echolocation,/mnt/ubna_data_01_mir/recover-20220825/UBNA_002/20220823_033000.WAV,Telephone Field,recover-20220825,002,1795
827.7905,827.7975,24609,37018,Plecotus austriacus,0.012,0.033,-1,Echolocation,/mnt/ubna_data_01_mir/recover-20220825/UBNA_002/20220823_033000.WAV,Telephone Field,recover-20220825,002,1795
827.8075,827.844,68437,82225,Rhinolophus ferrumequinum,0.022,0.022,-1,Echolocation,/mnt/ubna_data_01_mir/recover-20220825/UBNA_002/20220823_033000.WAV,Telephone Field,recover-20220825,002,1795
827.8365,827.8768,68437,82803,Rhinolophus ferrumequinum,0.024,0.024,-1,Echolocation,/mnt/ubna_data_01_mir/recover-20220825/UBNA_002/20220823_033000.WAV,Telephone Field,recover-20220825,002,1795
827.8735,827.9154,68437,82916,Rhinolophus ferrumequinum,0.027,0.027,-1,Echolocation,/mnt/ubna_data_01_mir/recover-20220825/UBNA_002/20220823_033000.WAV,Telephone Field,recover-20220825,002,1795
827.8755,827.8854,28906,36813,Eptesicus serotinus,0.015,0.029,-1,Echolocation,/mnt/ubna_data_01_mir/recover-20220825/UBNA_002/20220823_033000.WAV,Telephone Field,recover-20220825,002,1795
827.8935,827.9041,24609,30204,Nyctalus leisleri,0.009,0.022,-1,Echolocation,/mnt/ubna_data_01_mir/recover-20220825/UBNA_002/20220823_033000.WAV,Telephone Field,recover-20220825,002,1795
827.9105,827.9195,28906,39489,Eptesicus serotinus,0.01,0.024,-1,Echolocation,/mnt/ubna_data_01_mir/recover-20220825/UBNA_002/20220823_033000.WAV,Telephone Field,recover-20220825,002,1795
827.9805,827.9926,57265,62624,Pipistrellus pygmaeus,0.024,0.025,-1,Echolocation,/mnt/ubna_data_01_mir/recover-20220825/UBNA_002/20220823_033000.WAV,Telephone Field,recover-20220825,002,1795
827.9805,827.9894,50390,58146,Pipistrellus pipistrellus,0.015,0.021,-1,Echolocation,/mnt/ubna_data_01_mir/recover-20220825/UBNA_002/20220823_033000.WAV,Telephone Field,recover-20220825,002,1795
827.9855,827.9952,27187,38390,Eptesicus serotinus,0.011,0.023,-1,Echolocation,/mnt/ubna_data_01_mir/recover-20220825/UBNA_002/20220823_033000.WAV,Telephone Field,recover-20220825,002,1795
828.0015,828.0094,25468,35710,Nyctalus leisleri,0.007,0.029,-1,Echolocation,/mnt/ubna_data_01_mir/recover-20220825/UBNA_002/20220823_033000.WAV,Telephone Field,recover-20220825,002,1795
828.0015,828.0081,47812,54404,Pipistrellus pipistrellus,0.016,0.023,-1,Echolocation,/mnt/ubna_data_01_mir/recover-20220825/UBNA_002/20220823_033000.WAV,Telephone Field,recover-20220825,002,1795
828.0015,828.0326,69296,81316,Rhinolophus ferrumequinum,0.034,0.034,-1,Echolocation,/mnt/ubna_data_01_mir/recover-20220825/UBNA_002/20220823_033000.WAV,Telephone Field,recover-20220825,002,1795
828.0185,828.0241,32343,44301,Myotis daubentonii,0.013,0.027,-1,Echolocation,/mnt/ubna_data_01_mir/recover-20220825/UBNA_002/20220823_033000.WAV,Telephone Field,recover-20220825,002,1795
828.0185,828.0249,28046,41602,Eptesicus serotinus,0.007,0.028,-1,Echolocation,/mnt/ubna_data_01_mir/recover-20220825/UBNA_002/20220823_033000.WAV,Telephone Field,recover-20220825,002,1795
828.0305,828.0712,68437,82693,Rhinolophus ferrumequinum,0.023,0.023,-1,Echolocation,/mnt/ubna_data_01_mir/recover-20220825/UBNA_002/20220823_033000.WAV,Telephone Field,recover-20220825,002,1795
828.0385,828.0483,27187,34864,Eptesicus serotinus,0.009,0.024,-1,Echolocation,/mnt/ubna_data_01_mir/recover-20220825/UBNA_002/20220823_033000.WAV,Telephone Field,recover-20220825,002,1795
828.2745,828.2814,28046,39536,Eptesicus serotinus,0.007,0.026,-1,Echolocation,/mnt/ubna_data_01_mir/recover-20220825/UBNA_002/20220823_033000.WAV,Telephone Field,recover-20220825,002,1795
828.2905,828.2992,27187,40275,Eptesicus serotinus,0.009,0.023,-1,Echolocation,/mnt/ubna_data_01_mir/recover-20220825/UBNA_002/20220823_033000.WAV,Telephone Field,recover-20220825,002,1795
828.3265,828.3664,68437,81796,Rhinolophus ferrumequinum,0.024,0.024,-1,Echolocation,/mnt/ubna_data_01_mir/recover-20220825/UBNA_002/20220823_033000.WAV,Telephone Field,recover-20220825,002,1795
828.3305,828.3384,28046,37542,Eptesicus serotinus,0.008,0.026,-1,Echolocation,/mnt/ubna_data_01_mir/recover-20220825/UBNA_002/20220823_033000.WAV,Telephone Field,recover-20220825,002,1795
828.3795,828.3869,28046,44037,Eptesicus serotinus,0.007,0.025,-1,Echolocation,/mnt/ubna_data_01_mir/recover-20220825/UBNA_002/20220823_033000.WAV,Telephone Field,recover-20220825,002,1795
828.4035,828.4124,26328,34964,Eptesicus serotinus,0.01,0.025,-1,Echolocation,/mnt/ubna_data_01_mir/recover-20220825/UBNA_002/20220823_033000.WAV,Telephone Field,recover-20220825,002,1795
828.4085,828.4158,28046,40467,Eptesicus serotinus,0.007,0.026,-1,Echolocation,/mnt/ubna_data_01_mir/recover-20220825/UBNA_002/20220823_033000.WAV,Telephone Field,recover-20220825,002,1795
828.4405,828.4808,68437,82897,Rhinolophus ferrumequinum,0.029,0.029,-1,Echolocation,/mnt/ubna_data_01_mir/recover-20220825/UBNA_002/20220823_033000.WAV,Telephone Field,recover-20220825,002,1795
828.4595,828.4666,30625,41421,Myotis daubentonii,0.009,0.026,-1,Echolocation,/mnt/ubna_data_01_mir/recover-20220825/UBNA_002/20220823_033000.WAV,Telephone Field,recover-20220825,002,1795
828.4805,828.4882,28046,37902,Eptesicus serotinus,0.008,0.024,-1,Echolocation,/mnt/ubna_data_01_mir/recover-20220825/UBNA_002/20220823_033000.WAV,Telephone Field,recover-20220825,002,1795
828.4865,828.4935,24609,34249,Plecotus austriacus,0.009,0.024,-1,Echolocation,/mnt/ubna_data_01_mir/recover-20220825/UBNA_002/20220823_033000.WAV,Telephone Field,recover-20220825,002,1795
828.5405,828.5496,28046,38040,Eptesicus serotinus,0.009,0.023,-1,Echolocation,/mnt/ubna_data_01_mir/recover-20220825/UBNA_002/20220823_033000.WAV,Telephone Field,recover-20220825,002,1795
828.5635,828.5857,17734,21055,Nyctalus noctula,0.066,0.092,-1,Echolocation,/mnt/ubna_data_01_mir/recover-20220825/UBNA_002/20220823_033000.WAV,Telephone Field,recover-20220825,002,1795
828.6645,828.68,16015,21427,Nyctalus noctula,0.018,0.025,-1,Echolocation,/mnt/ubna_data_01_mir/recover-20220825/UBNA_002/20220823_033000.WAV,Telephone Field,recover-20220825,002,1795
828.6885,828.6975,25468,33841,Eptesicus serotinus,0.01,0.027,-1,Echolocation,/mnt/ubna_data_01_mir/recover-20220825/UBNA_002/20220823_033000.WAV,Telephone Field,recover-20220825,002,1795
828.6885,828.7266,68437,81847,Rhinolophus ferrumequinum,0.028,0.028,-1,Echolocation,/mnt/ubna_data_01_mir/recover-20220825/UBNA_002/20220823_033000.WAV,Telephone Field,recover-20220825,002,1795
828.7045,828.7425,68437,82419,Rhinolophus ferrumequinum,0.024,0.024,-1,Echolocation,/mnt/ubna_data_01_mir/recover-20220825/UBNA_002/20220823_033000.WAV,Telephone Field,recover-20220825,002,1795
828.7205,828.7282,25468,37290,Eptesicus serotinus,0.006,0.023,-1,Echolocation,/mnt/ubna_data_01_mir/recover-20220825/UBNA_002/20220823_033000.WAV,Telephone Field,recover-20220825,002,1795
828.7415,828.7829,68437,81900,Rhinolophus ferrumequinum,0.025,0.025,-1,Echolocation,/mnt/ubna_data_01_mir/recover-20220825/UBNA_002/20220823_033000.WAV,Telephone Field,recover-20220825,002,1795
828.8375,828.8477,36640,43164,Pipistrellus nathusii,0.012,0.027,-1,Echolocation,/mnt/ubna_data_01_mir/recover-20220825/UBNA_002/20220823_033000.WAV,Telephone Field,recover-20220825,002,1795
828.8675,828.8759,28906,43523,Eptesicus serotinus,0.007,0.023,-1,Echolocation,/mnt/ubna_data_01_mir/recover-20220825/UBNA_002/20220823_033000.WAV,Telephone Field,recover-20220825,002,1795
828.8745,828.8860999999999,14296,23149,Nyctalus noctula,0.015,0.024,-1,Echolocation,/mnt/ubna_data_01_mir/recover-20220825/UBNA_002/20220823_033000.WAV,Telephone Field,recover-20220825,002,1795
828.8805,828.8878,27187,37419,Eptesicus serotinus,0.006,0.023,-1,Echolocation,/mnt/ubna_data_01_mir/recover-20220825/UBNA_002/20220823_033000.WAV,Telephone Field,recover-20220825,002,1795
828.8915,828.9275,68437,82251,Rhinolophus ferrumequinum,0.024,0.024,-1,Echolocation,/mnt/ubna_data_01_mir/recover-20220825/UBNA_002/20220823_033000.WAV,Telephone Field,recover-20220825,002,1795
828.8985,828.9035,33203,47556,Myotis daubentonii,0.045,0.095,-1,Echolocation,/mnt/ubna_data_01_mir/recover-20220825/UBNA_002/20220823_033000.WAV,Telephone Field,recover-20220825,002,1795
828.9025,828.9427,68437,82352,Rhinolophus ferrumequinum,0.025,0.025,-1,Echolocation,/mnt/ubna_data_01_mir/recover-20220825/UBNA_002/20220823_033000.WAV,Telephone Field,recover-20220825,002,1795
828.9275,828.9347,28046,43179,Eptesicus serotinus,0.007,0.024,-1,Echolocation,/mnt/ubna_data_01_mir/recover-20220825/UBNA_002/20220823_033000.WAV,Telephone Field,recover-20220825,002,1795
828.9355,828.9751,68437,83082,Rhinolophus ferrumequinum,0.025,0.025,-1,Echolocation,/mnt/ubna_data_01_mir/recover-20220825/UBNA_002/20220823_033000.WAV,Telephone Field,recover-20220825,002,1795
828.9545,828.9636,27187,39585,Eptesicus serotinus,0.008,0.025,-1,Echolocation,/mnt/ubna_data_01_mir/recover-20220825/UBNA_002/20220823_033000.WAV,Telephone Field,recover-20220825,002,1795
828.9705,828.9778,28046,41178,Eptesicus serotinus,0.009,0.028,-1,Echolocation,/mnt/ubna_data_01_mir/recover-20220825/UBNA_002/20220823_033000.WAV,Telephone Field,recover-20220825,002,1795
828.9715,829.0121,68437,82681,Rhinolophus ferrumequinum,0.023,0.023,-1,Echolocation,/mnt/ubna_data_01_mir/recover-20220825/UBNA_002/20220823_033000.WAV,Telephone Field,recover-20220825,002,1795
829.0535,829.06,28046,39511,Eptesicus serotinus,0.006,0.025,-1,Echolocation,/mnt/ubna_data_01_mir/recover-20220825/UBNA_002/20220823_033000.WAV,Telephone Field,recover-20220825,002,1795
829.0805,829.0923,26328,33263,Eptesicus serotinus,0.013,0.027,-1,Echolocation,/mnt/ubna_data_01_mir/recover-20220825/UBNA_002/20220823_033000.WAV,Telephone Field,recover-20220825,002,1795
829.1285,829.14,22890,28901,Nyctalus leisleri,0.01,0.025,-1,Echolocation,/mnt/ubna_data_01_mir/recover-20220825/UBNA_002/20220823_033000.WAV,Telephone Field,recover-20220825,002,1795
829.1665,829.2054,68437,82586,Rhinolophus ferrumequinum,0.023,0.023,-1,Echolocation,/mnt/ubna_data_01_mir/recover-20220825/UBNA_002/20220823_033000.WAV,Telephone Field,recover-20220825,002,1795
829.1785,829.195,29765,34111,Eptesicus serotinus,0.029,0.057,-1,Echolocation,/mnt/ubna_data_01_mir/recover-20220825/UBNA_002/20220823_033000.WAV,Telephone Field,recover-20220825,002,1795
829.2095,829.2463,68437,82254,Rhinolophus ferrumequinum,0.024,0.024,-1,Echolocation,/mnt/ubna_data_01_mir/recover-20220825/UBNA_002/20220823_033000.WAV,Telephone Field,recover-20220825,002,1795
829.2205,829.2267,49531,54346,Pipistrellus pipistrellus,0.025,0.027,-1,Echolocation,/mnt/ubna_data_01_mir/recover-20220825/UBNA_002/20220823_033000.WAV,Telephone Field,recover-20220825,002,1795
829.2205,829.2289,43515,54934,Pipistrellus pipistrellus,0.021,0.043,-1,Echolocation,/mnt/ubna_data_01_mir/recover-20220825/UBNA_002/20220823_033000.WAV,Telephone Field,recover-20220825,002,1795
829.2325,829.2693,68437,81258,Rhinolophus ferrumequinum,0.023,0.023,-1,Echolocation,/mnt/ubna_data_01_mir/recover-20220825/UBNA_002/20220823_033000.WAV,Telephone Field,recover-20220825,002,1795
829.2675,829.2741,27187,40383,Eptesicus serotinus,0.018,0.054,-1,Echolocation,/mnt/ubna_data_01_mir/recover-20220825/UBNA_002/20220823_033000.WAV,Telephone Field,recover-20220825,002,1795
829.3175,829.357,68437,82937,Rhinolophus ferrumequinum,0.032,0.032,-1,Echolocation,/mnt/ubna_data_01_mir/recover-20220825/UBNA_002/20220823_033000.WAV,Telephone Field,recover-20220825,002,1795
829.3395,829.3473,28046,37657,Eptesicus serotinus,0.008,0.024,-1,Echolocation,/mnt/ubna_data_01_mir/recover-20220825/UBNA_002/20220823_033000.WAV,Telephone Field,recover-20220825,002,1795
829.3465,829.3551,27187,36748,Eptesicus serotinus,0.009,0.025,-1,Echolocation,/mnt/ubna_data_01_mir/recover-20220825/UBNA_002/20220823_033000.WAV,Telephone Field,recover-20220825,002,1795
829.3665,829.4074,68437,82920,Rhinolophus ferrumequinum,0.025,0.025,-1,Echolocation,/mnt/ubna_data_01_mir/recover-20220825/UBNA_002/20220823_033000.WAV,Telephone Field,recover-20220825,002,1795
829.3955,829.4306,68437,81440,Rhinolophus ferrumequinum,0.023,0.023,-1,Echolocation,/mnt/ubna_data_01_mir/recover-20220825/UBNA_002/20220823_033000.WAV,Telephone Field,recover-20220825,002,1795
829.4095,829.4481,68437,82087,Rhinolophus ferrumequinum,0.024,0.024,-1,Echolocation,/mnt/ubna_data_01_mir/recover-20220825/UBNA_002/20220823_033000.WAV,Telephone Field,recover-20220825,002,1795
829.4295,829.4691,68437,82351,Rhinolophus ferrumequinum,0.024,0.024,-1,Echolocation,/mnt/ubna_data_01_mir/recover-20220825/UBNA_002/20220823_033000.WAV,Telephone Field,recover-20220825,002,1795
829.4415,829.452,24609,31916,Eptesicus serotinus,0.008,0.024,-1,Echolocation,/mnt/ubna_data_01_mir/recover-20220825/UBNA_002/20220823_033000.WAV,Telephone Field,recover-20220825,002,1795
829.4815,829.5012,20312,23318,Nyctalus leisleri,0.013,0.023,-1,Echolocation,/mnt/ubna_data_01_mir/recover-20220825/UBNA_002/20220823_033000.WAV,Telephone Field,recover-20220825,002,1795
829.5005,829.5085,46093,54620,Pipistrellus pipistrellus,0.016,0.029,-1,Echolocation,/mnt/ubna_data_01_mir/recover-20220825/UBNA_002/20220823_033000.WAV,Telephone Field,recover-20220825,002,1795
829.5055,829.5153,28046,36746,Eptesicus serotinus,0.012,0.029,-1,Echolocation,/mnt/ubna_data_01_mir/recover-20220825/UBNA_002/20220823_033000.WAV,Telephone Field,recover-20220825,002,1795
829.5345,829.5439,28906,37198,Eptesicus serotinus,0.01,0.025,-1,Echolocation,/mnt/ubna_data_01_mir/recover-20220825/UBNA_002/20220823_033000.WAV,Telephone Field,recover-20220825,002,1795
829.5585,829.5661,27187,37669,Eptesicus serotinus,0.011,0.034,-1,Echolocation,/mnt/ubna_data_01_mir/recover-20220825/UBNA_002/20220823_033000.WAV,Telephone Field,recover-20220825,002,1795
829.6285,829.6658,68437,81592,Rhinolophus ferrumequinum,0.029,0.029,-1,Echolocation,/mnt/ubna_data_01_mir/recover-20220825/UBNA_002/20220823_033000.WAV,Telephone Field,recover-20220825,002,1795
829.6305,829.6392,28046,40144,Eptesicus serotinus,0.008,0.023,-1,Echolocation,/mnt/ubna_data_01_mir/recover-20220825/UBNA_002/20220823_033000.WAV,Telephone Field,recover-20220825,002,1795
829.6545,829.6722,21171,24468,Nyctalus leisleri,0.022,0.041,-1,Echolocation,/mnt/ubna_data_01_mir/recover-20220825/UBNA_002/20220823_033000.WAV,Telephone Field,recover-20220825,002,1795
829.6855,829.692,39218,46483,Barbastellus barbastellus,0.11,0.243,-1,Echolocation,/mnt/ubna_data_01_mir/recover-20220825/UBNA_002/20220823_033000.WAV,Telephone Field,recover-20220825,002,1795
829.7225,829.7313,28046,38031,Eptesicus serotinus,0.008,0.024,-1,Echolocation,/mnt/ubna_data_01_mir/recover-20220825/UBNA_002/20220823_033000.WAV,Telephone Field,recover-20220825,002,1795
829.7325,829.7708,68437,82542,Rhinolophus ferrumequinum,0.024,0.024,-1,Echolocation,/mnt/ubna_data_01_mir/recover-20220825/UBNA_002/20220823_033000.WAV,Telephone Field,recover-20220825,002,1795
829.8265,829.8688,68437,82991,Rhinolophus ferrumequinum,0.03,0.03,-1,Echolocation,/mnt/ubna_data_01_mir/recover-20220825/UBNA_002/20220823_033000.WAV,Telephone Field,recover-20220825,002,1795
829.8285,829.8368,28046,43303,Eptesicus serotinus,0.008,0.024,-1,Echolocation,/mnt/ubna_data_01_mir/recover-20220825/UBNA_002/20220823_033000.WAV,Telephone Field,recover-20220825,002,1795
829.8455,829.8562,22890,28663,Nyctalus leisleri,0.009,0.023,-1,Echolocation,/mnt/ubna_data_01_mir/recover-20220825/UBNA_002/20220823_033000.WAV,Telephone Field,recover-20220825,002,1795
829.8735,829.8795,40078,54062,Myotis daubentonii,0.063,0.21,-1,Echolocation,/mnt/ubna_data_01_mir/recover-20220825/UBNA_002/20220823_033000.WAV,Telephone Field,recover-20220825,002,1795
829.8745,829.881,29765,53155,Myotis daubentonii,0.028,0.053,-1,Echolocation,/mnt/ubna_data_01_mir/recover-20220825/UBNA_002/20220823_033000.WAV,Telephone Field,recover-20220825,002,1795
829.8855,829.8959,24609,30789,Nyctalus leisleri,0.01,0.025,-1,Echolocation,/mnt/ubna_data_01_mir/recover-20220825/UBNA_002/20220823_033000.WAV,Telephone Field,recover-20220825,002,1795
829.9165,829.9265,28046,36719,Eptesicus serotinus,0.01,0.025,-1,Echolocation,/mnt/ubna_data_01_mir/recover-20220825/UBNA_002/20220823_033000.WAV,Telephone Field,recover-20220825,002,1795
829.9185,829.9596,68437,83149,Rhinolophus ferrumequinum,0.028,0.028,-1,Echolocation,/mnt/ubna_data_01_mir/recover-20220825/UBNA_002/20220823_033000.WAV,Telephone Field,recover-20220825,002,1795
829.9245,829.9359,22890,28174,Nyctalus leisleri,0.013,0.028,-1,Echolocation,/mnt/ubna_data_01_mir/recover-20220825/UBNA_002/20220823_033000.WAV,Telephone Field,recover-20220825,002,1795
829.9265,829.9667,68437,83031,Rhinolophus ferrumequinum,0.025,0.025,-1,Echolocation,/mnt/ubna_data_01_mir/recover-20220825/UBNA_002/20220823_033000.WAV,Telephone Field,recover-20220825,002,1795
829.9365,829.9753,68437,82421,Rhinolophus ferrumequinum,0.025,0.025,-1,Echolocation,/mnt/ubna_data_01_mir/recover-20220825/UBNA_002/20220823_033000.WAV,Telephone Field,recover-20220825,002,1795
829.9505,829.9878,68437,81986,Rhinolophus ferrumequinum,0.024,0.024,-1,Echolocation,/mnt/ubna_data_01_mir/recover-20220825/UBNA_002/20220823_033000.WAV,Telephone Field,recover-20220825,002,1795
829.9575,829.9642,39218,47401,Myotis daubentonii,0.044,0.122,-1,Echolocation,/mnt/ubna_data_01_mir/recover-20220825/UBNA_002/20220823_033000.WAV,Telephone Field,recover-20220825,002,1795
830.0015,830.0284,69296,80291,Rhinolophus ferrumequinum,0.025,0.026,-1,Echolocation,/mnt/ubna_data_01_mir/recover-20220825/UBNA_002/20220823_033000.WAV,Telephone Field,recover-20220825,002,1795
830.0015,830.0104,23750,33360,Nyctalus leisleri,0.008,0.027,-1,Echolocation,/mnt/ubna_data_01_mir/recover-20220825/UBNA_002/20220823_033000.WAV,Telephone Field,recover-20220825,002,1795
830.0075,830.0437,68437,80703,Rhinolophus ferrumequinum,0.021,0.021,-1,Echolocation,/mnt/ubna_data_01_mir/recover-20220825/UBNA_002/20220823_033000.WAV,Telephone Field,recover-20220825,002,1795
830.0075,830.0138,34062,50006,Myotis daubentonii,0.013,0.027,-1,Echolocation,/mnt/ubna_data_01_mir/recover-20220825/UBNA_002/20220823_033000.WAV,Telephone Field,recover-20220825,002,1795
830.0135,830.0234,48671,52384,Pipistrellus pipistrellus,0.013,0.023,-1,Echolocation,/mnt/ubna_data_01_mir/recover-20220825/UBNA_002/20220823_033000.WAV,Telephone Field,recover-20220825,002,1795
830.0135,830.0221,27187,36168,Eptesicus serotinus,0.008,0.024,-1,Echolocation,/mnt/ubna_data_01_mir/recover-20220825/UBNA_002/20220823_033000.WAV,Telephone Field,recover-20220825,002,1795
830.0565,830.093,68437,81370,Rhinolophus ferrumequinum,0.021,0.021,-1,Echolocation,/mnt/ubna_data_01_mir/recover-20220825/UBNA_002/20220823_033000.WAV,Telephone Field,recover-20220825,002,1795
830.0585,830.0665,26328,37714,Eptesicus serotinus,0.008,0.023,-1,Echolocation,/mnt/ubna_data_01_mir/recover-20220825/UBNA_002/20220823_033000.WAV,Telephone Field,recover-20220825,002,1795
830.0585,830.067,41796,50079,Pipistrellus nathusii,0.015,0.027,-1,Echolocation,/mnt/ubna_data_01_mir/recover-20220825/UBNA_002/20220823_033000.WAV,Telephone Field,recover-20220825,002,1795
830.1065,830.1159,28906,37206,Eptesicus serotinus,0.01,0.023,-1,Echolocation,/mnt/ubna_data_01_mir/recover-20220825/UBNA_002/20220823_033000.WAV,Telephone Field,recover-20220825,002,1795
830.1135,830.1528,68437,82416,Rhinolophus ferrumequinum,0.023,0.023,-1,Echolocation,/mnt/ubna_data_01_mir/recover-20220825/UBNA_002/20220823_033000.WAV,Telephone Field,recover-20220825,002,1795
830.1395,830.1791,68437,81469,Rhinolophus ferrumequinum,0.022,0.022,-1,Echolocation,/mnt/ubna_data_01_mir/recover-20220825/UBNA_002/20220823_033000.WAV,Telephone Field,recover-20220825,002,1795
830.1505,830.1585,40078,46218,Pipistrellus nathusii,0.031,0.043,-1,Echolocation,/mnt/ubna_data_01_mir/recover-20220825/UBNA_002/20220823_033000.WAV,Telephone Field,recover-20220825,002,1795
830.1595,830.1696,28046,37538,Eptesicus serotinus,0.012,0.025,-1,Echolocation,/mnt/ubna_data_01_mir/recover-20220825/UBNA_002/20220823_033000.WAV,Telephone Field,recover-20220825,002,1795
830.1885,830.2006,15156,20854,Nyctalus noctula,0.014,0.023,-1,Echolocation,/mnt/ubna_data_01_mir/recover-20220825/UBNA_002/20220823_033000.WAV,Telephone Field,recover-20220825,002,1795
830.2255,830.2671,68437,83110,Rhinolophus ferrumequinum,0.024,0.024,-1,Echolocation,/mnt/ubna_data_01_mir/recover-20220825/UBNA_002/20220823_033000.WAV,Telephone Field,recover-20220825,002,1795
830.2275,830.2378,39218,47141,Pipistrellus nathusii,0.013,0.021,-1,Echolocation,/mnt/ubna_data_01_mir/recover-20220825/UBNA_002/20220823_033000.WAV,Telephone Field,recover-20220825,002,1795
830.2485,830.2563,38359,45279,Pipistrellus nathusii,0.267,0.424,-1,Echolocation,/mnt/ubna_data_01_mir/recover-20220825/UBNA_002/20220823_033000.WAV,Telephone Field,recover-20220825,002,1795
830.2755,830.288,30625,37334,Eptesicus serotinus,0.009,0.028,-1,Echolocation,/mnt/ubna_data_01_mir/recover-20220825/UBNA_002/20220823_033000.WAV,Telephone Field,recover-20220825,002,1795
830.3415,830.3496,38359,47418,Pipistrellus nathusii,0.264,0.308,-1,Echolocation,/mnt/ubna_data_01_mir/recover-20220825/UBNA_002/20220823_033000.WAV,Telephone Field,recover-20220825,002,1795
830.3425,830.3503,56406,64880,Pipistrellus pygmaeus,0.033,0.033,-1,Echolocation,/mnt/ubna_data_01_mir/recover-20220825/UBNA_002/20220823_033000.WAV,Telephone Field,recover-20220825,002,1795
830.3795,830.3897,24609,31645,Eptesicus serotinus,0.011,0.031,-1,Echolocation,/mnt/ubna_data_01_mir/recover-20220825/UBNA_002/20220823_033000.WAV,Telephone Field,recover-20220825,002,1795
830.4145,830.422,25468,34580,Eptesicus serotinus,0.008,0.022,-1,Echolocation,/mnt/ubna_data_01_mir/recover-20220825/UBNA_002/20220823_033000.WAV,Telephone Field,recover-20220825,002,1795
830.4455,830.4843,68437,81996,Rhinolophus ferrumequinum,0.023,0.023,-1,Echolocation,/mnt/ubna_data_01_mir/recover-20220825/UBNA_002/20220823_033000.WAV,Telephone Field,recover-20220825,002,1795
830.4745,830.4852,40078,43924,Pipistrellus nathusii,0.034,0.041,-1,Echolocation,/mnt/ubna_data_01_mir/recover-20220825/UBNA_002/20220823_033000.WAV,Telephone Field,recover-20220825,002,1795
830.5375,830.5749,68437,81428,Rhinolophus ferrumequinum,0.022,0.022,-1,Echolocation,/mnt/ubna_data_01_mir/recover-20220825/UBNA_002/20220823_033000.WAV,Telephone Field,recover-20220825,002,1795
830.5575,830.5661,49531,53905,Pipistrellus pipistrellus,0.026,0.032,-1,Echolocation,/mnt/ubna_data_01_mir/recover-20220825/UBNA_002/20220823_033000.WAV,Telephone Field,recover-20220825,002,1795
830.5605,830.5807,18593,22007,Nyctalus noctula,0.023,0.041,-1,Echolocation,/mnt/ubna_data_01_mir/recover-20220825/UBNA_002/20220823_033000.WAV,Telephone Field,recover-20220825,002,1795
830.5755,830.6107,68437,81511,Rhinolophus ferrumequinum,0.021,0.021,-1,Echolocation,/mnt/ubna_data_01_mir/recover-20220825/UBNA_002/20220823_033000.WAV,Telephone Field,recover-20220825,002,1795
830.6005,830.6411,68437,82344,Rhinolophus ferrumequinum,0.024,0.024,-1,Echolocation,/mnt/ubna_data_01_mir/recover-20220825/UBNA_002/20220823_033000.WAV,Telephone Field,recover-20220825,002,1795
830.6295,830.6404,27187,34490,Eptesicus serotinus,0.018,0.031,-1,Echolocation,/mnt/ubna_data_01_mir/recover-20220825/UBNA_002/20220823_033000.WAV,Telephone Field,recover-20220825,002,1795
830.6675,830.6741,39218,50107,Pipistrellus nathusii,0.458,0.578,-1,Echolocation,/mnt/ubna_data_01_mir/recover-20220825/UBNA_002/20220823_033000.WAV,Telephone Field,recover-20220825,002,1795
830.7245,830.7616,68437,80806,Rhinolophus ferrumequinum,0.024,0.024,-1,Echolocation,/mnt/ubna_data_01_mir/recover-20220825/UBNA_002/20220823_033000.WAV,Telephone Field,recover-20220825,002,1795
830.7275,830.7376,27187,34989,Eptesicus serotinus,0.013,0.027,-1,Echolocation,/mnt/ubna_data_01_mir/recover-20220825/UBNA_002/20220823_033000.WAV,Telephone Field,recover-20220825,002,1795
830.7625,830.7697000000001,40078,50877,Pipistrellus nathusii,0.491,0.601,-1,Echolocation,/mnt/ubna_data_01_mir/recover-20220825/UBNA_002/20220823_033000.WAV,Telephone Field,recover-20220825,002,1795
830.7715,830.8081,68437,81720,Rhinolophus ferrumequinum,0.021,0.021,-1,Echolocation,/mnt/ubna_data_01_mir/recover-20220825/UBNA_002/20220823_033000.WAV,Telephone Field,recover-20220825,002,1795
830.7935,830.801,48671,54998,Pipistrellus pipistrellus,0.018,0.022,-1,Echolocation,/mnt/ubna_data_01_mir/recover-20220825/UBNA_002/20220823_033000.WAV,Telephone Field,recover-20220825,002,1795
830.8095,830.8475,68437,82080,Rhinolophus ferrumequinum,0.021,0.021,-1,Echolocation,/mnt/ubna_data_01_mir/recover-20220825/UBNA_002/20220823_033000.WAV,Telephone Field,recover-20220825,002,1795
830.8255,830.8602,68437,81205,Rhinolophus ferrumequinum,0.021,0.021,-1,Echolocation,/mnt/ubna_data_01_mir/recover-20220825/UBNA_002/20220823_033000.WAV,Telephone Field,recover-20220825,002,1795
830.8565,830.8954,68437,81844,Rhinolophus ferrumequinum,0.028,0.028,-1,Echolocation,/mnt/ubna_data_01_mir/recover-20220825/UBNA_002/20220823_033000.WAV,Telephone Field,recover-20220825,002,1795
830.8625,830.8697,29765,44123,Myotis daubentonii,0.008,0.022,-1,Echolocation,/mnt/ubna_data_01_mir/recover-20220825/UBNA_002/20220823_033000.WAV,Telephone Field,recover-20220825,002,1795
830.8635,830.8704,40078,52005,Pipistrellus nathusii,0.498,0.584,-1,Echolocation,/mnt/ubna_data_01_mir/recover-20220825/UBNA_002/20220823_033000.WAV,Telephone Field,recover-20220825,002,1795
830.8995,830.9098,24609,30713,Nyctalus leisleri,0.009,0.026,-1,Echolocation,/mnt/ubna_data_01_mir/recover-20220825/UBNA_002/20220823_033000.WAV,Telephone Field,recover-20220825,002,1795
830.9165,830.951,68437,82020,Rhinolophus ferrumequinum,0.024,0.024,-1,Echolocation,/mnt/ubna_data_01_mir/recover-20220825/UBNA_002/20220823_033000.WAV,Telephone Field,recover-20220825,002,1795
830.9165,830.9253,27187,37802,Eptesicus serotinus,0.01,0.021,-1,Echolocation,/mnt/ubna_data_01_mir/recover-20220825/UBNA_002/20220823_033000.WAV,Telephone Field,recover-20220825,002,1795
830.9225,830.9597,68437,82598,Rhinolophus ferrumequinum,0.023,0.023,-1,Echolocation,/mnt/ubna_data_01_mir/recover-20220825/UBNA_002/20220823_033000.WAV,Telephone Field,recover-20220825,002,1795
830.9465,830.9551,27187,36098,Eptesicus serotinus,0.008,0.021,-1,Echolocation,/mnt/ubna_data_01_mir/recover-20220825/UBNA_002/20220823_033000.WAV,Telephone Field,recover-20220825,002,1795
830.9575,830.9646,40078,47980,Pipistrellus nathusii,0.381,0.559,-1,Echolocation,/mnt/ubna_data_01_mir/recover-20220825/UBNA_002/20220823_033000.WAV,Telephone Field,recover-20220825,002,1795
830.9805,830.9911,23750,28873,Nyctalus leisleri,0.011,0.024,-1,Echolocation,/mnt/ubna_data_01_mir/recover-20220825/UBNA_002/20220823_033000.WAV,Telephone Field,recover-20220825,002,1795
831.0035,831.0422,68437,82403,Rhinolophus ferrumequinum,0.021,0.021,-1,Echolocation,/mnt/ubna_data_01_mir/recover-20220825/UBNA_002/20220823_033000.WAV,Telephone Field,recover-20220825,002,1795
831.0235,831.033,34921,41153,Barbastellus barbastellus,0.012,0.026,-1,Echolocation,/mnt/ubna_data_01_mir/recover-20220825/UBNA_002/20220823_033000.WAV,Telephone Field,recover-20220825,002,1795
831.0245,831.0332,28046,37428,Eptesicus serotinus,0.009,0.026,-1,Echolocation,/mnt/ubna_data_01_mir/recover-20220825/UBNA_002/20220823_033000.WAV,Telephone Field,recover-20220825,002,1795
831.0575,831.0648,40078,47972,Pipistrellus nathusii,0.428,0.565,-1,Echolocation,/mnt/ubna_data_01_mir/recover-20220825/UBNA_002/20220823_033000.WAV,Telephone Field,recover-20220825,002,1795
831.0895,831.1006,28046,35449,Eptesicus serotinus,0.012,0.022,-1,Echolocation,/mnt/ubna_data_01_mir/recover-20220825/UBNA_002/20220823_033000.WAV,Telephone Field,recover-20220825,002,1795
831.0955,831.1041,28046,37085,Eptesicus serotinus,0.008,0.022,-1,Echolocation,/mnt/ubna_data_01_mir/recover-20220825/UBNA_002/20220823_033000.WAV,Telephone Field,recover-20220825,002,1795
831.1405,831.1816,68437,82210,Rhinolophus ferrumequinum,0.035,0.035,-1,Echolocation,/mnt/ubna_data_01_mir/recover-20220825/UBNA_002/20220823_033000.WAV,Telephone Field,recover-20220825,002,1795
831.1495,831.1612,22031,27203,Nyctalus leisleri,0.009,0.023,-1,Echolocation,/mnt/ubna_data_01_mir/recover-20220825/UBNA_002/20220823_033000.WAV,Telephone Field,recover-20220825,002,1795
831.1505,831.1574,39218,51827,Pipistrellus nathusii,0.434,0.563,-1,Echolocation,/mnt/ubna_data_01_mir/recover-20220825/UBNA_002/20220823_033000.WAV,Telephone Field,recover-20220825,002,1795
831.2065,831.2156,27187,36698,Eptesicus serotinus,0.012,0.027,-1,Echolocation,/mnt/ubna_data_01_mir/recover-20220825/UBNA_002/20220823_033000.WAV,Telephone Field,recover-20220825,002,1795
831.2475,831.2538,41796,53083,Pipistrellus nathusii,0.36,0.439,-1,Echolocation,/mnt/ubna_data_01_mir/recover-20220825/UBNA_002/20220823_033000.WAV,Telephone Field,recover-20220825,002,1795
831.2535,831.29,68437,81695,Rhinolophus ferrumequinum,0.026,0.026,-1,Echolocation,/mnt/ubna_data_01_mir/recover-20220825/UBNA_002/20220823_033000.WAV,Telephone Field,recover-20220825,002,1795
831.2585,831.2678,27187,34017,Eptesicus serotinus,0.01,0.025,-1,Echolocation,/mnt/ubna_data_01_mir/recover-20220825/UBNA_002/20220823_033000.WAV,Telephone Field,recover-20220825,002,1795
831.2665,831.2757,26328,34165,Eptesicus serotinus,0.009,0.021,-1,Echolocation,/mnt/ubna_data_01_mir/recover-20220825/UBNA_002/20220823_033000.WAV,Telephone Field,recover-20220825,002,1795
831.2965,831.3037,30625,42447,Myotis daubentonii,0.01,0.024,-1,Echolocation,/mnt/ubna_data_01_mir/recover-20220825/UBNA_002/20220823_033000.WAV,Telephone Field,recover-20220825,002,1795
831.2985,831.3386,68437,82872,Rhinolophus ferrumequinum,0.022,0.022,-1,Echolocation,/mnt/ubna_data_01_mir/recover-20220825/UBNA_002/20220823_033000.WAV,Telephone Field,recover-20220825,002,1795
831.3045,831.3437,68437,82129,Rhinolophus ferrumequinum,0.021,0.022,-1,Echolocation,/mnt/ubna_data_01_mir/recover-20220825/UBNA_002/20220823_033000.WAV,Telephone Field,recover-20220825,002,1795
831.3055,831.3147,41796,52735,Pipistrellus nathusii,0.018,0.029,-1,Echolocation,/mnt/ubna_data_01_mir/recover-20220825/UBNA_002/20220823_033000.WAV,Telephone Field,recover-20220825,002,1795
831.3065,831.3146,26328,35751,Eptesicus serotinus,0.007,0.021,-1,Echolocation,/mnt/ubna_data_01_mir/recover-20220825/UBNA_002/20220823_033000.WAV,Telephone Field,recover-20220825,002,1795
831.3375,831.3449,40078,50725,Pipistrellus nathusii,0.448,0.556,-1,Echolocation,/mnt/ubna_data_01_mir/recover-20220825/UBNA_002/20220823_033000.WAV,Telephone Field,recover-20220825,002,1795
831.3725,831.4106,68437,81705,Rhinolophus ferrumequinum,0.022,0.022,-1,Echolocation,/mnt/ubna_data_01_mir/recover-20220825/UBNA_002/20220823_033000.WAV,Telephone Field,recover-20220825,002,1795
831.4005,831.4351,68437,81106,Rhinolophus ferrumequinum,0.024,0.025,-1,Echolocation,/mnt/ubna_data_01_mir/recover-20220825/UBNA_002/20220823_033000.WAV,Telephone Field,recover-20220825,002,1795
831.4255,831.4656,68437,82591,Rhinolophus ferrumequinum,0.023,0.023,-1,Echolocation,/mnt/ubna_data_01_mir/recover-20220825/UBNA_002/20220823_033000.WAV,Telephone Field,recover-20220825,002,1795
831.4515,831.4606,28046,35988,Eptesicus serotinus,0.01,0.022,-1,Echolocation,/mnt/ubna_data_01_mir/recover-20220825/UBNA_002/20220823_033000.WAV,Telephone Field,recover-20220825,002,1795
831.4685,831.4762,28046,37670,Eptesicus serotinus,0.007,0.021,-1,Echolocation,/mnt/ubna_data_01_mir/recover-20220825/UBNA_002/20220823_033000.WAV,Telephone Field,recover-20220825,002,1795
831.5085,831.5168,49531,56580,Pipistrellus pipistrellus,0.017,0.025,-1,Echolocation,/mnt/ubna_data_01_mir/recover-20220825/UBNA_002/20220823_033000.WAV,Telephone Field,recover-20220825,002,1795
831.5395,831.5776,68437,82020,Rhinolophus ferrumequinum,0.022,0.022,-1,Echolocation,/mnt/ubna_data_01_mir/recover-20220825/UBNA_002/20220823_033000.WAV,Telephone Field,recover-20220825,002,1795
831.5475,831.5573,25468,32393,Eptesicus serotinus,0.009,0.021,-1,Echolocation,/mnt/ubna_data_01_mir/recover-20220825/UBNA_002/20220823_033000.WAV,Telephone Field,recover-20220825,002,1795
831.5955,831.6047,27187,37577,Eptesicus serotinus,0.008,0.021,-1,Echolocation,/mnt/ubna_data_01_mir/recover-20220825/UBNA_002/20220823_033000.WAV,Telephone Field,recover-20220825,002,1795
831.6135,831.6221,26328,38419,Eptesicus serotinus,0.009,0.022,-1,Echolocation,/mnt/ubna_data_01_mir/recover-20220825/UBNA_002/20220823_033000.WAV,Telephone Field,recover-20220825,002,1795
831.6165,831.6252,40078,46437,Pipistrellus nathusii,0.041,0.051,-1,Echolocation,/mnt/ubna_data_01_mir/recover-20220825/UBNA_002/20220823_033000.WAV,Telephone Field,recover-20220825,002,1795
831.6595,831.6656,40937,52716,Myotis brandtii,0.009,0.028,-1,Echolocation,/mnt/ubna_data_01_mir/recover-20220825/UBNA_002/20220823_033000.WAV,Telephone Field,recover-20220825,002,1795
831.6875,831.7254,68437,82251,Rhinolophus ferrumequinum,0.022,0.022,-1,Echolocation,/mnt/ubna_data_01_mir/recover-20220825/UBNA_002/20220823_033000.WAV,Telephone Field,recover-20220825,002,1795
831.7165,831.7266,27187,35088,Eptesicus serotinus,0.016,0.031,-1,Echolocation,/mnt/ubna_data_01_mir/recover-20220825/UBNA_002/20220823_033000.WAV,Telephone Field,recover-20220825,002,1795
831.7235000000001,831.7355,25468,31290,Eptesicus serotinus,0.012,0.031,-1,Echolocation,/mnt/ubna_data_01_mir/recover-20220825/UBNA_002/20220823_033000.WAV,Telephone Field,recover-20220825,002,1795
831.7515,831.792,68437,82580,Rhinolophus ferrumequinum,0.024,0.024,-1,Echolocation,/mnt/ubna_data_01_mir/recover-20220825/UBNA_002/20220823_033000.WAV,Telephone Field,recover-20220825,002,1795
831.7565,831.7647,27187,38144,Eptesicus serotinus,0.009,0.023,-1,Echolocation,/mnt/ubna_data_01_mir/recover-20220825/UBNA_002/20220823_033000.WAV,Telephone Field,recover-20220825,002,1795
831.7585,831.7981,68437,82110,Rhinolophus ferrumequinum,0.022,0.022,-1,Echolocation,/mnt/ubna_data_01_mir/recover-20220825/UBNA_002/20220823_033000.WAV,Telephone Field,recover-20220825,002,1795
831.7615,831.7696,41796,50922,Pipistrellus nathusii,0.01,0.024,-1,Echolocation,/mnt/ubna_data_01_mir/recover-20220825/UBNA_002/20220823_033000.WAV,Telephone Field,recover-20220825,002,1795
831.7975,831.8055,41796,50171,Pipistrellus nathusii,0.016,0.031,-1,Echolocation,/mnt/ubna_data_01_mir/recover-20220825/UBNA_002/20220823_033000.WAV,Telephone Field,recover-20220825,002,1795
831.8065,831.8157,27187,37195,Eptesicus serotinus,0.013,0.032,-1,Echolocation,/mnt/ubna_data_01_mir/recover-20220825/UBNA_002/20220823_033000.WAV,Telephone Field,recover-20220825,002,1795
831.8105,831.843,68437,81268,Rhinolophus ferrumequinum,0.021,0.021,-1,Echolocation,/mnt/ubna_data_01_mir/recover-20220825/UBNA_002/20220823_033000.WAV,Telephone Field,recover-20220825,002,1795
831.8665,831.877,23750,29219,Nyctalus leisleri,0.009,0.022,-1,Echolocation,/mnt/ubna_data_01_mir/recover-20220825/UBNA_002/20220823_033000.WAV,Telephone Field,recover-20220825,002,1795
831.8935,831.9036,37500,43453,Pipistrellus nathusii,0.026,0.038,-1,Echolocation,/mnt/ubna_data_01_mir/recover-20220825/UBNA_002/20220823_033000.WAV,Telephone Field,recover-20220825,002,1795
831.8975,831.9049,26328,36919,Eptesicus serotinus,0.008,0.023,-1,Echolocation,/mnt/ubna_data_01_mir/recover-20220825/UBNA_002/20220823_033000.WAV,Telephone Field,recover-20220825,002,1795
831.9095,831.9483,68437,82491,Rhinolophus ferrumequinum,0.021,0.021,-1,Echolocation,/mnt/ubna_data_01_mir/recover-20220825/UBNA_002/20220823_033000.WAV,Telephone Field,recover-20220825,002,1795
831.9235,831.931,27187,37857,Eptesicus serotinus,0.009,0.024,-1,Echolocation,/mnt/ubna_data_01_mir/recover-20220825/UBNA_002/20220823_033000.WAV,Telephone Field,recover-20220825,002,1795
831.9325,831.9392,40078,53057,Pipistrellus nathusii,0.381,0.511,-1,Echolocation,/mnt/ubna_data_01_mir/recover-20220825/UBNA_002/20220823_033000.WAV,Telephone Field,recover-20220825,002,1795
832.0015,832.0109,37500,46961,Pipistrellus nathusii,0.015,0.033,-1,Echolocation,/mnt/ubna_data_01_mir/recover-20220825/UBNA_002/20220823_033000.WAV,Telephone Field,recover-20220825,002,1795
832.0015,832.0162,55546,63007,Pipistrellus pygmaeus,0.037,0.042,-1,Echolocation,/mnt/ubna_data_01_mir/recover-20220825/UBNA_002/20220823_033000.WAV,Telephone Field,recover-20220825,002,1795
832.0015,832.0347,68437,80124,Rhinolophus ferrumequinum,0.043,0.043,-1,Echolocation,/mnt/ubna_data_01_mir/recover-20220825/UBNA_002/20220823_033000.WAV,Telephone Field,recover-20220825,002,1795
832.0015,832.0098,25468,38308,Eptesicus serotinus,0.006,0.027,-1,Echolocation,/mnt/ubna_data_01_mir/recover-20220825/UBNA_002/20220823_033000.WAV,Telephone Field,recover-20220825,002,1795
832.0185,832.0255,41796,46179,Pipistrellus nathusii,0.175,0.19,-1,Echolocation,/mnt/ubna_data_01_mir/recover-20220825/UBNA_002/20220823_033000.WAV,Telephone Field,recover-20220825,002,1795
832.0264999999999,832.0344,54687,62920,Pipistrellus pygmaeus,0.023,0.024,-1,Echolocation,/mnt/ubna_data_01_mir/recover-20220825/UBNA_002/20220823_033000.WAV,Telephone Field,recover-20220825,002,1795
832.0805,832.0899,28046,35423,Eptesicus serotinus,0.008,0.022,-1,Echolocation,/mnt/ubna_data_01_mir/recover-20220825/UBNA_002/20220823_033000.WAV,Telephone Field,recover-20220825,002,1795
832.0985000000001,832.1065,27187,38295,Eptesicus serotinus,0.008,0.025,-1,Echolocation,/mnt/ubna_data_01_mir/recover-20220825/UBNA_002/20220823_033000.WAV,Telephone Field,recover-20220825,002,1795
832.0995,832.1094,41796,47873,Pipistrellus nathusii,0.026,0.038,-1,Echolocation,/mnt/ubna_data_01_mir/recover-20220825/UBNA_002/20220823_033000.WAV,Telephone Field,recover-20220825,002,1795
832.1105,832.12,58125,66229,Pipistrellus pygmaeus,0.022,0.022,-1,Echolocation,/mnt/ubna_data_01_mir/recover-20220825/UBNA_002/20220823_033000.WAV,Telephone Field,recover-20220825,002,1795
832.1175,832.1253,40078,47999,Pipistrellus nathusii,0.522,0.564,-1,Echolocation,/mnt/ubna_data_01_mir/recover-20220825/UBNA_002/20220823_033000.WAV,Telephone Field,recover-20220825,002,1795
832.1375,832.1463,46093,51048,Pipistrellus pipistrellus,0.026,0.037,-1,Echolocation,/mnt/ubna_data_01_mir/recover-20220825/UBNA_002/20220823_033000.WAV,Telephone Field,recover-20220825,002,1795
832.1385,832.1456000000001,27187,39807,Eptesicus serotinus,0.008,0.024,-1,Echolocation,/mnt/ubna_data_01_mir/recover-20220825/UBNA_002/20220823_033000.WAV,Telephone Field,recover-20220825,002,1795
832.1815,832.1901,41796,48379,Pipistrellus nathusii,0.355,0.41,-1,Echolocation,/mnt/ubna_data_01_mir/recover-20220825/UBNA_002/20220823_033000.WAV,Telephone Field,recover-20220825,002,1795
832.1825,832.1906,53828,59182,Pipistrellus pygmaeus,0.023,0.025,-1,Echolocation,/mnt/ubna_data_01_mir/recover-20220825/UBNA_002/20220823_033000.WAV,Telephone Field,recover-20220825,002,1795
832.1845,832.1908,30625,46403,Barbastellus barbastellus,0.02,0.042,-1,Echolocation,/mnt/ubna_data_01_mir/recover-20220825/UBNA_002/20220823_033000.WAV,Telephone Field,recover-20220825,002,1795
832.2385,832.2442,40078,50378,Pipistrellus nathusii,0.18,0.286,-1,Echolocation,/mnt/ubna_data_01_mir/recover-20220825/UBNA_002/20220823_033000.WAV,Telephone Field,recover-20220825,002,1795
832.2485,832.2601,24609,28424,Nyctalus leisleri,0.014,0.028,-1,Echolocation,/mnt/ubna_data_01_mir/recover-20220825/UBNA_002/20220823_033000.WAV,Telephone Field,recover-20220825,002,1795
832.2665,832.2745,28046,37009,Eptesicus serotinus,0.008,0.025,-1,Echolocation,/mnt/ubna_data_01_mir/recover-20220825/UBNA_002/20220823_033000.WAV,Telephone Field,recover-20220825,002,1795
832.2745,832.2878,24609,29561,Nyctalus leisleri,0.012,0.026,-1,Echolocation,/mnt/ubna_data_01_mir/recover-20220825/UBNA_002/20220823_033000.WAV,Telephone Field,recover-20220825,002,1795
832.2985,832.3052,40937,48697,Pipistrellus nathusii,0.22,0.308,-1,Echolocation,/mnt/ubna_data_01_mir/recover-20220825/UBNA_002/20220823_033000.WAV,Telephone Field,recover-20220825,002,1795
832.3145,832.3278,28046,33000,Eptesicus serotinus,0.023,0.041,-1,Echolocation,/mnt/ubna_data_01_mir/recover-20220825/UBNA_002/20220823_033000.WAV,Telephone Field,recover-20220825,002,1795
832.3205,832.3275,46953,53138,Pipistrellus pipistrellus,0.034,0.038,-1,Echolocation,/mnt/ubna_data_01_mir/recover-20220825/UBNA_002/20220823_033000.WAV,Telephone Field,recover-20220825,002,1795
832.3315,832.3402,28046,37693,Eptesicus serotinus,0.01,0.026,-1,Echolocation,/mnt/ubna_data_01_mir/recover-20220825/UBNA_002/20220823_033000.WAV,Telephone Field,recover-20220825,002,1795
832.3545,832.363,38359,50972,Pipistrellus nathusii,0.01,0.022,-1,Echolocation,/mnt/ubna_data_01_mir/recover-20220825/UBNA_002/20220823_033000.WAV,Telephone Field,recover-20220825,002,1795
832.3555,832.3889,68437,81455,Rhinolophus ferrumequinum,0.023,0.023,-1,Echolocation,/mnt/ubna_data_01_mir/recover-20220825/UBNA_002/20220823_033000.WAV,Telephone Field,recover-20220825,002,1795
832.3975,832.4047,40078,47994,Pipistrellus nathusii,0.494,0.535,-1,Echolocation,/mnt/ubna_data_01_mir/recover-20220825/UBNA_002/20220823_033000.WAV,Telephone Field,recover-20220825,002,1795
832.4035,832.4116,52109,59101,Pipistrellus pygmaeus,0.022,0.028,-1,Echolocation,/mnt/ubna_data_01_mir/recover-20220825/UBNA_002/20220823_033000.WAV,Telephone Field,recover-20220825,002,1795
832.4085,832.4288,17734,21400,Nyctalus noctula,0.075,0.111,-1,Echolocation,/mnt/ubna_data_01_mir/recover-20220825/UBNA_002/20220823_033000.WAV,Telephone Field,recover-20220825,002,1795
832.4375,832.4762,68437,82424,Rhinolophus ferrumequinum,0.024,0.024,-1,Echolocation,/mnt/ubna_data_01_mir/recover-20220825/UBNA_002/20220823_033000.WAV,Telephone Field,recover-20220825,002,1795
832.4385,832.445,50390,56217,Pipistrellus pipistrellus,0.015,0.023,-1,Echolocation,/mnt/ubna_data_01_mir/recover-20220825/UBNA_002/20220823_033000.WAV,Telephone Field,recover-20220825,002,1795
832.4605,832.499,68437,82543,Rhinolophus ferrumequinum,0.024,0.024,-1,Echolocation,/mnt/ubna_data_01_mir/recover-20220825/UBNA_002/20220823_033000.WAV,Telephone Field,recover-20220825,002,1795
832.4895,832.4961,40078,55632,Pipistrellus nathusii,0.531,0.594,-1,Echolocation,/mnt/ubna_data_01_mir/recover-20220825/UBNA_002/20220823_033000.WAV,Telephone Field,recover-20220825,002,1795
832.5275,832.5349,40078,48231,Pipistrellus nathusii,0.01,0.023,-1,Echolocation,/mnt/ubna_data_01_mir/recover-20220825/UBNA_002/20220823_033000.WAV,Telephone Field,recover-20220825,002,1795
832.5335,832.5395,26328,37000,Plecotus auritus,0.013,0.042,-1,Echolocation,/mnt/ubna_data_01_mir/recover-20220825/UBNA_002/20220823_033000.WAV,Telephone Field,recover-20220825,002,1795
832.5415,832.5503,43515,50583,Pipistrellus pipistrellus,0.012,0.023,-1,Echolocation,/mnt/ubna_data_01_mir/recover-20220825/UBNA_002/20220823_033000.WAV,Telephone Field,recover-20220825,002,1795
832.5715,832.5842,22031,27460,Nyctalus noctula,0.012,0.032,-1,Echolocation,/mnt/ubna_data_01_mir/recover-20220825/UBNA_002/20220823_033000.WAV,Telephone Field,recover-20220825,002,1795
832.5805,832.5874,39218,54157,Pipistrellus nathusii,0.417,0.547,-1,Echolocation,/mnt/ubna_data_01_mir/recover-20220825/UBNA_002/20220823_033000.WAV,Telephone Field,recover-20220825,002,1795
832.5885,832.5943,31484,40515,Myotis daubentonii,0.012,0.024,-1,Echolocation,/mnt/ubna_data_01_mir/recover-20220825/UBNA_002/20220823_033000.WAV,Telephone Field,recover-20220825,002,1795
832.6245,832.6342,54687,60444,Pipistrellus pygmaeus,0.027,0.027,-1,Echolocation,/mnt/ubna_data_01_mir/recover-20220825/UBNA_002/20220823_033000.WAV,Telephone Field,recover-20220825,002,1795
832.6265,832.635,27187,39665,Eptesicus serotinus,0.01,0.024,-1,Echolocation,/mnt/ubna_data_01_mir/recover-20220825/UBNA_002/20220823_033000.WAV,Telephone Field,recover-20220825,002,1795
832.6315,832.6391,40078,52508,Pipistrellus nathusii,0.011,0.025,-1,Echolocation,/mnt/ubna_data_01_mir/recover-20220825/UBNA_002/20220823_033000.WAV,Telephone Field,recover-20220825,002,1795
832.6795,832.6852,40937,55823,Pipistrellus nathusii,0.564,0.595,-1,Echolocation,/mnt/ubna_data_01_mir/recover-20220825/UBNA_002/20220823_033000.WAV,Telephone Field,recover-20220825,002,1795
832.7235000000001,832.7309,31484,44300,Myotis daubentonii,0.007,0.022,-1,Echolocation,/mnt/ubna_data_01_mir/recover-20220825/UBNA_002/20220823_033000.WAV,Telephone Field,recover-20220825,002,1795
832.7465,832.7539,27187,45134,Eptesicus serotinus,0.008,0.024,-1,Echolocation,/mnt/ubna_data_01_mir/recover-20220825/UBNA_002/20220823_033000.WAV,Telephone Field,recover-20220825,002,1795
832.7675,832.7737,40078,55275,Pipistrellus nathusii,0.405,0.498,-1,Echolocation,/mnt/ubna_data_01_mir/recover-20220825/UBNA_002/20220823_033000.WAV,Telephone Field,recover-20220825,002,1795
832.7764999999999,832.7843,27187,34842,Eptesicus serotinus,0.007,0.024,-1,Echolocation,/mnt/ubna_data_01_mir/recover-20220825/UBNA_002/20220823_033000.WAV,Telephone Field,recover-20220825,002,1795
832.8045,832.842,68437,82102,Rhinolophus ferrumequinum,0.023,0.023,-1,Echolocation,/mnt/ubna_data_01_mir/recover-20220825/UBNA_002/20220823_033000.WAV,Telephone Field,recover-20220825,002,1795
832.8345,832.8708,68437,81630,Rhinolophus ferrumequinum,0.022,0.023,-1,Echolocation,/mnt/ubna_data_01_mir/recover-20220825/UBNA_002/20220823_033000.WAV,Telephone Field,recover-20220825,002,1795
832.8415,832.8517,30625,36315,Barbastellus barbastellus,0.013,0.035,-1,Echolocation,/mnt/ubna_data_01_mir/recover-20220825/UBNA_002/20220823_033000.WAV,Telephone Field,recover-20220825,002,1795
832.8455,832.8534,40937,50825,Pipistrellus nathusii,0.014,0.03,-1,Echolocation,/mnt/ubna_data_01_mir/recover-20220825/UBNA_002/20220823_033000.WAV,Telephone Field,recover-20220825,002,1795
832.8505,832.86,28046,32915,Eptesicus serotinus,0.012,0.028,-1,Echolocation,/mnt/ubna_data_01_mir/recover-20220825/UBNA_002/20220823_033000.WAV,Telephone Field,recover-20220825,002,1795
832.8635,832.8705,40078,55727,Pipistrellus nathusii,0.57,0.623,-1,Echolocation,/mnt/ubna_data_01_mir/recover-20220825/UBNA_002/20220823_033000.WAV,Telephone Field,recover-20220825,002,1795
832.8995,832.9074,27187,38463,Eptesicus serotinus,0.01,0.028,-1,Echolocation,/mnt/ubna_data_01_mir/recover-20220825/UBNA_002/20220823_033000.WAV,Telephone Field,recover-20220825,002,1795
832.9535,832.9602,40078,52481,Pipistrellus nathusii,0.554,0.59,-1,Echolocation,/mnt/ubna_data_01_mir/recover-20220825/UBNA_002/20220823_033000.WAV,Telephone Field,recover-20220825,002,1795
832.9615,832.9668,32343,43163,Myotis daubentonii,0.011,0.027,-1,Echolocation,/mnt/ubna_data_01_mir/recover-20220825/UBNA_002/20220823_033000.WAV,Telephone Field,recover-20220825,002,1795
833.0065,833.0144,28046,39770,Eptesicus serotinus,0.009,0.025,-1,Echolocation,/mnt/ubna_data_01_mir/recover-20220825/UBNA_002/20220823_033000.WAV,Telephone Field,recover-20220825,002,1795
833.0465,833.0529,38359,56895,Pipistrellus nathusii,0.328,0.476,-1,Echolocation,/mnt/ubna_data_01_mir/recover-20220825/UBNA_002/20220823_033000.WAV,Telephone Field,recover-20220825,002,1795
833.0555,833.0623,34062,42348,Myotis daubentonii,0.009,0.028,-1,Echolocation,/mnt/ubna_data_01_mir/recover-20220825/UBNA_002/20220823_033000.WAV,Telephone Field,recover-20220825,002,1795
833.0685,833.0773,26328,36832,Eptesicus serotinus,0.011,0.028,-1,Echolocation,/mnt/ubna_data_01_mir/recover-20220825/UBNA_002/20220823_033000.WAV,Telephone Field,recover-20220825,002,1795
833.1395,833.146,40078,55149,Pipistrellus nathusii,0.523,0.559,-1,Echolocation,/mnt/ubna_data_01_mir/recover-20220825/UBNA_002/20220823_033000.WAV,Telephone Field,recover-20220825,002,1795
833.1615,833.1689,28046,39627,Eptesicus serotinus,0.01,0.031,-1,Echolocation,/mnt/ubna_data_01_mir/recover-20220825/UBNA_002/20220823_033000.WAV,Telephone Field,recover-20220825,002,1795
833.1995,833.2057,34062,43330,Myotis daubentonii,0.01,0.024,-1,Echolocation,/mnt/ubna_data_01_mir/recover-20220825/UBNA_002/20220823_033000.WAV,Telephone Field,recover-20220825,002,1795
833.2025,833.2098,28046,35941,Eptesicus serotinus,0.007,0.023,-1,Echolocation,/mnt/ubna_data_01_mir/recover-20220825/UBNA_002/20220823_033000.WAV,Telephone Field,recover-20220825,002,1795
833.2135,833.2233,16015,22436,Plecotus auritus,0.008,0.024,-1,Echolocation,/mnt/ubna_data_01_mir/recover-20220825/UBNA_002/20220823_033000.WAV,Telephone Field,recover-20220825,002,1795
833.2155,833.2233,39218,53852,Pipistrellus nathusii,0.53,0.584,-1,Echolocation,/mnt/ubna_data_01_mir/recover-20220825/UBNA_002/20220823_033000.WAV,Telephone Field,recover-20220825,002,1795
833.2155,833.2213,48671,52803,Pipistrellus pipistrellus,0.013,0.023,-1,Echolocation,/mnt/ubna_data_01_mir/recover-20220825/UBNA_002/20220823_033000.WAV,Telephone Field,recover-20220825,002,1795
833.2275,833.2374,28046,34690,Eptesicus serotinus,0.011,0.028,-1,Echolocation,/mnt/ubna_data_01_mir/recover-20220825/UBNA_002/20220823_033000.WAV,Telephone Field,recover-20220825,002,1795
833.2535,833.2645,26328,32480,Eptesicus serotinus,0.011,0.026,-1,Echolocation,/mnt/ubna_data_01_mir/recover-20220825/UBNA_002/20220823_033000.WAV,Telephone Field,recover-20220825,002,1795
833.2675,833.2754,38359,46578,Pipistrellus nathusii,0.01,0.026,-1,Echolocation,/mnt/ubna_data_01_mir/recover-20220825/UBNA_002/20220823_033000.WAV,Telephone Field,recover-20220825,002,1795
833.2855,833.2912,40078,53867,Pipistrellus nathusii,0.656,0.677,-1,Echolocation,/mnt/ubna_data_01_mir/recover-20220825/UBNA_002/20220823_033000.WAV,Telephone Field,recover-20220825,002,1795
833.2935,833.3002,38359,48828,Myotis brandtii,0.01,0.023,-1,Echolocation,/mnt/ubna_data_01_mir/recover-20220825/UBNA_002/20220823_033000.WAV,Telephone Field,recover-20220825,002,1795
833.3265,833.3328,28906,41371,Myotis daubentonii,0.007,0.029,-1,Echolocation,/mnt/ubna_data_01_mir/recover-20220825/UBNA_002/20220823_033000.WAV,Telephone Field,recover-20220825,002,1795
833.3435,833.3512,34921,44619,Myotis brandtii,0.008,0.023,-1,Echolocation,/mnt/ubna_data_01_mir/recover-20220825/UBNA_002/20220823_033000.WAV,Telephone Field,recover-20220825,002,1795
833.3495,833.361,22031,25895,Nyctalus leisleri,0.012,0.023,-1,Echolocation,/mnt/ubna_data_01_mir/recover-20220825/UBNA_002/20220823_033000.WAV,Telephone Field,recover-20220825,002,1795
833.3625,833.3702,39218,56629,Pipistrellus nathusii,0.448,0.565,-1,Echolocation,/mnt/ubna_data_01_mir/recover-20220825/UBNA_002/20220823_033000.WAV,Telephone Field,recover-20220825,002,1795
833.3815,833.4183,68437,81701,Rhinolophus ferrumequinum,0.022,0.022,-1,Echolocation,/mnt/ubna_data_01_mir/recover-20220825/UBNA_002/20220823_033000.WAV,Telephone Field,recover-20220825,002,1795
833.4195,833.427,40937,51156,Myotis brandtii,0.009,0.025,-1,Echolocation,/mnt/ubna_data_01_mir/recover-20220825/UBNA_002/20220823_033000.WAV,Telephone Field,recover-20220825,002,1795
833.4225,833.4293,47812,54262,Pipistrellus pipistrellus,0.015,0.025,-1,Echolocation,/mnt/ubna_data_01_mir/recover-20220825/UBNA_002/20220823_033000.WAV,Telephone Field,recover-20220825,002,1795
833.4375,833.4723,68437,81069,Rhinolophus ferrumequinum,0.023,0.023,-1,Echolocation,/mnt/ubna_data_01_mir/recover-20220825/UBNA_002/20220823_033000.WAV,Telephone Field,recover-20220825,002,1795
833.4505,833.4578,50390,55001,Pipistrellus pipistrellus,0.02,0.035,-1,Echolocation,/mnt/ubna_data_01_mir/recover-20220825/UBNA_002/20220823_033000.WAV,Telephone Field,recover-20220825,002,1795
833.4525,833.46,39218,57837,Pipistrellus nathusii,0.649,0.705,-1,Echolocation,/mnt/ubna_data_01_mir/recover-20220825/UBNA_002/20220823_033000.WAV,Telephone Field,recover-20220825,002,1795
833.5015,833.5082,28046,38724,Eptesicus serotinus,0.01,0.03,-1,Echolocation,/mnt/ubna_data_01_mir/recover-20220825/UBNA_002/20220823_033000.WAV,Telephone Field,recover-20220825,002,1795
833.5255,833.5329,45234,49220,Pipistrellus pipistrellus,0.017,0.024,-1,Echolocation,/mnt/ubna_data_01_mir/recover-20220825/UBNA_002/20220823_033000.WAV,Telephone Field,recover-20220825,002,1795
833.5355,833.5426,30625,41473,Myotis daubentonii,0.007,0.022,-1,Echolocation,/mnt/ubna_data_01_mir/recover-20220825/UBNA_002/20220823_033000.WAV,Telephone Field,recover-20220825,002,1795
833.5505,833.5579,38359,58004,Pipistrellus nathusii,0.696,0.738,-1,Echolocation,/mnt/ubna_data_01_mir/recover-20220825/UBNA_002/20220823_033000.WAV,Telephone Field,recover-20220825,002,1795
833.5595,833.5657,36640,49249,Myotis brandtii,0.013,0.028,-1,Echolocation,/mnt/ubna_data_01_mir/recover-20220825/UBNA_002/20220823_033000.WAV,Telephone Field,recover-20220825,002,1795
833.5615,833.5715,28046,33529,Eptesicus serotinus,0.006,0.022,-1,Echolocation,/mnt/ubna_data_01_mir/recover-20220825/UBNA_002/20220823_033000.WAV,Telephone Field,recover-20220825,002,1795
833.5905,833.599,28046,38113,Eptesicus serotinus,0.009,0.023,-1,Echolocation,/mnt/ubna_data_01_mir/recover-20220825/UBNA_002/20220823_033000.WAV,Telephone Field,recover-20220825,002,1795
833.6185,833.6264,48671,57226,Pipistrellus pipistrellus,0.014,0.027,-1,Echolocation,/mnt/ubna_data_01_mir/recover-20220825/UBNA_002/20220823_033000.WAV,Telephone Field,recover-20220825,002,1795
833.6225,833.6298,53828,60025,Pipistrellus pygmaeus,0.03,0.031,-1,Echolocation,/mnt/ubna_data_01_mir/recover-20220825/UBNA_002/20220823_033000.WAV,Telephone Field,recover-20220825,002,1795
833.6435,833.6499,30625,55406,Myotis brandtii,0.009,0.024,-1,Echolocation,/mnt/ubna_data_01_mir/recover-20220825/UBNA_002/20220823_033000.WAV,Telephone Field,recover-20220825,002,1795
833.6475,833.6548,38359,52747,Pipistrellus nathusii,0.646,0.695,-1,Echolocation,/mnt/ubna_data_01_mir/recover-20220825/UBNA_002/20220823_033000.WAV,Telephone Field,recover-20220825,002,1795
833.6545,833.6597,31484,41608,Myotis daubentonii,0.011,0.022,-1,Echolocation,/mnt/ubna_data_01_mir/recover-20220825/UBNA_002/20220823_033000.WAV,Telephone Field,recover-20220825,002,1795
833.6765,833.6849,27187,38156,Eptesicus serotinus,0.01,0.026,-1,Echolocation,/mnt/ubna_data_01_mir/recover-20220825/UBNA_002/20220823_033000.WAV,Telephone Field,recover-20220825,002,1795
833.6915,833.6981,46953,52606,Pipistrellus pipistrellus,0.022,0.03,-1,Echolocation,/mnt/ubna_data_01_mir/recover-20220825/UBNA_002/20220823_033000.WAV,Telephone Field,recover-20220825,002,1795
833.7015,833.7098,41796,48615,Pipistrellus nathusii,0.018,0.033,-1,Echolocation,/mnt/ubna_data_01_mir/recover-20220825/UBNA_002/20220823_033000.WAV,Telephone Field,recover-20220825,002,1795
833.7305,833.7374,49531,54374,Pipistrellus pipistrellus,0.015,0.027,-1,Echolocation,/mnt/ubna_data_01_mir/recover-20220825/UBNA_002/20220823_033000.WAV,Telephone Field,recover-20220825,002,1795
833.7335,833.739,40078,57103,Pipistrellus nathusii,0.576,0.59,-1,Echolocation,/mnt/ubna_data_01_mir/recover-20220825/UBNA_002/20220823_033000.WAV,Telephone Field,recover-20220825,002,1795
833.7405,833.7478,26328,35829,Eptesicus serotinus,0.007,0.023,-1,Echolocation,/mnt/ubna_data_01_mir/recover-20220825/UBNA_002/20220823_033000.WAV,Telephone Field,recover-20220825,002,1795
833.7415,833.7482,38359,50459,Myotis brandtii,0.011,0.023,-1,Echolocation,/mnt/ubna_data_01_mir/recover-20220825/UBNA_002/20220823_033000.WAV,Telephone Field,recover-20220825,002,1795
833.7685,833.7795,28046,34532,Eptesicus serotinus,0.022,0.044,-1,Echolocation,/mnt/ubna_data_01_mir/recover-20220825/UBNA_002/20220823_033000.WAV,Telephone Field,recover-20220825,002,1795
833.8055,833.814,27187,38369,Eptesicus serotinus,0.009,0.024,-1,Echolocation,/mnt/ubna_data_01_mir/recover-20220825/UBNA_002/20220823_033000.WAV,Telephone Field,recover-20220825,002,1795
833.8095,833.817,40937,54687,Pipistrellus nathusii,0.01,0.028,-1,Echolocation,/mnt/ubna_data_01_mir/recover-20220825/UBNA_002/20220823_033000.WAV,Telephone Field,recover-20220825,002,1795
833.8135,833.8209,27187,38857,Eptesicus serotinus,0.007,0.024,-1,Echolocation,/mnt/ubna_data_01_mir/recover-20220825/UBNA_002/20220823_033000.WAV,Telephone Field,recover-20220825,002,1795
833.8145,833.8199,33203,55123,Myotis brandtii,0.012,0.027,-1,Echolocation,/mnt/ubna_data_01_mir/recover-20220825/UBNA_002/20220823_033000.WAV,Telephone Field,recover-20220825,002,1795
833.8315,833.8388,49531,53677,Pipistrellus pipistrellus,0.014,0.024,-1,Echolocation,/mnt/ubna_data_01_mir/recover-20220825/UBNA_002/20220823_033000.WAV,Telephone Field,recover-20220825,002,1795
833.8315,833.8396,37500,54220,Pipistrellus nathusii,0.671,0.704,-1,Echolocation,/mnt/ubna_data_01_mir/recover-20220825/UBNA_002/20220823_033000.WAV,Telephone Field,recover-20220825,002,1795
833.8335,833.8679,68437,82308,Rhinolophus ferrumequinum,0.023,0.023,-1,Echolocation,/mnt/ubna_data_01_mir/recover-20220825/UBNA_002/20220823_033000.WAV,Telephone Field,recover-20220825,002,1795
833.8395,833.8449,30625,39627,Myotis daubentonii,0.01,0.023,-1,Echolocation,/mnt/ubna_data_01_mir/recover-20220825/UBNA_002/20220823_033000.WAV,Telephone Field,recover-20220825,002,1795
833.9025,833.9112,27187,38146,Eptesicus serotinus,0.008,0.023,-1,Echolocation,/mnt/ubna_data_01_mir/recover-20220825/UBNA_002/20220823_033000.WAV,Telephone Field,recover-20220825,002,1795
833.9055,833.9126,39218,51639,Pipistrellus nathusii,0.008,0.024,-1,Echolocation,/mnt/ubna_data_01_mir/recover-20220825/UBNA_002/20220823_033000.WAV,Telephone Field,recover-20220825,002,1795
833.9245,833.9329,37500,56681,Pipistrellus nathusii,0.647,0.693,-1,Echolocation,/mnt/ubna_data_01_mir/recover-20220825/UBNA_002/20220823_033000.WAV,Telephone Field,recover-20220825,002,1795
833.9665,833.9734,34921,48872,Myotis brandtii,0.01,0.024,-1,Echolocation,/mnt/ubna_data_01_mir/recover-20220825/UBNA_002/20220823_033000.WAV,Telephone Field,recover-20220825,002,1795
833.9685,833.977,28046,41130,Eptesicus serotinus,0.009,0.024,-1,Echolocation,/mnt/ubna_data_01_mir/recover-20220825/UBNA_002/20220823_033000.WAV,Telephone Field,recover-20220825,002,1795
833.9805,833.9859,34062,62128,Myotis brandtii,0.015,0.029,-1,Echolocation,/mnt/ubna_data_01_mir/recover-20220825/UBNA_002/20220823_033000.WAV,Telephone Field,recover-20220825,002,1795
833.9885,833.9978,41796,47290,Pipistrellus nathusii,0.034,0.044,-1,Echolocation,/mnt/ubna_data_01_mir/recover-20220825/UBNA_002/20220823_033000.WAV,Telephone Field,recover-20220825,002,1795
833.9895,833.999,25468,35431,Eptesicus serotinus,0.009,0.023,-1,Echolocation,/mnt/ubna_data_01_mir/recover-20220825/UBNA_002/20220823_033000.WAV,Telephone Field,recover-20220825,002,1795
834.0015,834.0314,68437,79608,Rhinolophus ferrumequinum,0.048,0.048,-1,Echolocation,/mnt/ubna_data_01_mir/recover-20220825/UBNA_002/20220823_033000.WAV,Telephone Field,recover-20220825,002,1795
834.0015,834.0132,17734,23119,Nyctalus noctula,0.009,0.024,-1,Echolocation,/mnt/ubna_data_01_mir/recover-20220825/UBNA_002/20220823_033000.WAV,Telephone Field,recover-20220825,002,1795
834.0015,834.0103,26328,33744,Eptesicus serotinus,0.014,0.046,-1,Echolocation,/mnt/ubna_data_01_mir/recover-20220825/UBNA_002/20220823_033000.WAV,Telephone Field,recover-20220825,002,1795
834.0145,834.0204,48671,55618,Pipistrellus pipistrellus,0.016,0.027,-1,Echolocation,/mnt/ubna_data_01_mir/recover-20220825/UBNA_002/20220823_033000.WAV,Telephone Field,recover-20220825,002,1795
834.0155,834.0219,38359,59252,Pipistrellus nathusii,0.67,0.701,-1,Echolocation,/mnt/ubna_data_01_mir/recover-20220825/UBNA_002/20220823_033000.WAV,Telephone Field,recover-20220825,002,1795
834.1105,834.1216,16015,27787,Nyctalus noctula,0.01,0.022,-1,Echolocation,/mnt/ubna_data_01_mir/recover-20220825/UBNA_002/20220823_033000.WAV,Telephone Field,recover-20220825,002,1795
834.1115,834.1185,37500,61986,Pipistrellus nathusii,0.566,0.664,-1,Echolocation,/mnt/ubna_data_01_mir/recover-20220825/UBNA_002/20220823_033000.WAV,Telephone Field,recover-20220825,002,1795
834.1115,834.1183,49531,55817,Pipistrellus pipistrellus,0.015,0.026,-1,Echolocation,/mnt/ubna_data_01_mir/recover-20220825/UBNA_002/20220823_033000.WAV,Telephone Field,recover-20220825,002,1795
834.1205,834.128,26328,39260,Eptesicus serotinus,0.008,0.025,-1,Echolocation,/mnt/ubna_data_01_mir/recover-20220825/UBNA_002/20220823_033000.WAV,Telephone Field,recover-20220825,002,1795
834.1255,834.1574,68437,81136,Rhinolophus ferrumequinum,0.023,0.023,-1,Echolocation,/mnt/ubna_data_01_mir/recover-20220825/UBNA_002/20220823_033000.WAV,Telephone Field,recover-20220825,002,1795
834.2035,834.2096,28046,62860,Myotis bechsteinii,0.023,0.054,-1,Echolocation,/mnt/ubna_data_01_mir/recover-20220825/UBNA_002/20220823_033000.WAV,Telephone Field,recover-20220825,002,1795
834.2045,834.2121,52109,58761,Pipistrellus pygmaeus,0.019,0.03,-1,Echolocation,/mnt/ubna_data_01_mir/recover-20220825/UBNA_002/20220823_033000.WAV,Telephone Field,recover-20220825,002,1795
834.2045,834.212,36640,61257,Pipistrellus nathusii,0.559,0.645,-1,Echolocation,/mnt/ubna_data_01_mir/recover-20220825/UBNA_002/20220823_033000.WAV,Telephone Field,recover-20220825,002,1795
834.2125,834.2189,25468,39282,Eptesicus serotinus,0.006,0.025,-1,Echolocation,/mnt/ubna_data_01_mir/recover-20220825/UBNA_002/20220823_033000.WAV,Telephone Field,recover-20220825,002,1795
834.2385,834.2784,68437,82108,Rhinolophus ferrumequinum,0.025,0.025,-1,Echolocation,/mnt/ubna_data_01_mir/recover-20220825/UBNA_002/20220823_033000.WAV,Telephone Field,recover-20220825,002,1795
834.2975,834.3044,28046,38002,Eptesicus serotinus,0.007,0.023,-1,Echolocation,/mnt/ubna_data_01_mir/recover-20220825/UBNA_002/20220823_033000.WAV,Telephone Field,recover-20220825,002,1795
834.3085,834.315,50390,60320,Pipistrellus pipistrellus,0.023,0.048,-1,Echolocation,/mnt/ubna_data_01_mir/recover-20220825/UBNA_002/20220823_033000.WAV,Telephone Field,recover-20220825,002,1795
834.3115,834.3189,36640,66133,Pipistrellus nathusii,0.569,0.643,-1,Echolocation,/mnt/ubna_data_01_mir/recover-20220825/UBNA_002/20220823_033000.WAV,Telephone Field,recover-20220825,002,1795
834.3215,834.3268,34062,53717,Myotis brandtii,0.016,0.033,-1,Echolocation,/mnt/ubna_data_01_mir/recover-20220825/UBNA_002/20220823_033000.WAV,Telephone Field,recover-20220825,002,1795
834.3275,834.3599,68437,81205,Rhinolophus ferrumequinum,0.022,0.022,-1,Echolocation,/mnt/ubna_data_01_mir/recover-20220825/UBNA_002/20220823_033000.WAV,Telephone Field,recover-20220825,002,1795
834.3745,834.3814,56406,65643,Pipistrellus pygmaeus,0.024,0.024,-1,Echolocation,/mnt/ubna_data_01_mir/recover-20220825/UBNA_002/20220823_033000.WAV,Telephone Field,recover-20220825,002,1795
834.4085,834.4141,48671,61503,Pipistrellus pipistrellus,0.015,0.05,-1,Echolocation,/mnt/ubna_data_01_mir/recover-20220825/UBNA_002/20220823_033000.WAV,Telephone Field,recover-20220825,002,1795
834.4095,834.416,28906,67169,Myotis bechsteinii,0.02,0.046,-1,Echolocation,/mnt/ubna_data_01_mir/recover-20220825/UBNA_002/20220823_033000.WAV,Telephone Field,recover-20220825,002,1795
834.4115,834.4197,36640,63896,Pipistrellus nathusii,0.604,0.66,-1,Echolocation,/mnt/ubna_data_01_mir/recover-20220825/UBNA_002/20220823_033000.WAV,Telephone Field,recover-20220825,002,1795
834.4195,834.4254,25468,38751,Plecotus auritus,0.005,0.023,-1,Echolocation,/mnt/ubna_data_01_mir/recover-20220825/UBNA_002/20220823_033000.WAV,Telephone Field,recover-20220825,002,1795
834.4555,834.462,31484,45036,Barbastellus barbastellus,0.009,0.027,-1,Echolocation,/mnt/ubna_data_01_mir/recover-20220825/UBNA_002/20220823_033000.WAV,Telephone Field,recover-20220825,002,1795
834.5135,834.5209,37500,65196,Pipistrellus nathusii,0.571,0.653,-1,Echolocation,/mnt/ubna_data_01_mir/recover-20220825/UBNA_002/20220823_033000.WAV,Telephone Field,recover-20220825,002,1795
834.5145,834.5205,50390,57262,Pipistrellus pipistrellus,0.018,0.034,-1,Echolocation,/mnt/ubna_data_01_mir/recover-20220825/UBNA_002/20220823_033000.WAV,Telephone Field,recover-20220825,002,1795
834.5235,834.5312,26328,37452,Eptesicus serotinus,0.008,0.024,-1,Echolocation,/mnt/ubna_data_01_mir/recover-20220825/UBNA_002/20220823_033000.WAV,Telephone Field,recover-20220825,002,1795
834.6105,834.6169,48671,57837,Pipistrellus pipistrellus,0.022,0.038,-1,Echolocation,/mnt/ubna_data_01_mir/recover-20220825/UBNA_002/20220823_033000.WAV,Telephone Field,recover-20220825,002,1795
834.6115,834.6199,36640,67443,Pipistrellus nathusii,0.629,0.683,-1,Echolocation,/mnt/ubna_data_01_mir/recover-20220825/UBNA_002/20220823_033000.WAV,Telephone Field,recover-20220825,002,1795
834.6215,834.6268,29765,44837,Myotis daubentonii,0.01,0.025,-1,Echolocation,/mnt/ubna_data_01_mir/recover-20220825/UBNA_002/20220823_033000.WAV,Telephone Field,recover-20220825,002,1795
834.6445,834.6572,32343,37457,Pipistrellus nathusii,0.011,0.032,-1,Echolocation,/mnt/ubna_data_01_mir/recover-20220825/UBNA_002/20220823_033000.WAV,Telephone Field,recover-20220825,002,1795
834.6815,834.69,56406,64896,Pipistrellus pygmaeus,0.027,0.027,-1,Echolocation,/mnt/ubna_data_01_mir/recover-20220825/UBNA_002/20220823_033000.WAV,Telephone Field,recover-20220825,002,1795
834.6855,834.6929,27187,45022,Eptesicus serotinus,0.009,0.022,-1,Echolocation,/mnt/ubna_data_01_mir/recover-20220825/UBNA_002/20220823_033000.WAV,Telephone Field,recover-20220825,002,1795
834.7085,834.7163,52109,60737,Pipistrellus pygmaeus,0.048,0.057,-1,Echolocation,/mnt/ubna_data_01_mir/recover-20220825/UBNA_002/20220823_033000.WAV,Telephone Field,recover-20220825,002,1795
834.7095,834.7175,36640,68818,Pipistrellus nathusii,0.537,0.601,-1,Echolocation,/mnt/ubna_data_01_mir/recover-20220825/UBNA_002/20220823_033000.WAV,Telephone Field,recover-20220825,002,1795
834.7775,834.7904,23750,28713,Nyctalus leisleri,0.015,0.031,-1,Echolocation,/mnt/ubna_data_01_mir/recover-20220825/UBNA_002/20220823_033000.WAV,Telephone Field,recover-20220825,002,1795
834.8105,834.8184,48671,59204,Pipistrellus pipistrellus,0.019,0.031,-1,Echolocation,/mnt/ubna_data_01_mir/recover-20220825/UBNA_002/20220823_033000.WAV,Telephone Field,recover-20220825,002,1795
834.8105,834.8179,36640,65137,Pipistrellus nathusii,0.529,0.58,-1,Echolocation,/mnt/ubna_data_01_mir/recover-20220825/UBNA_002/20220823_033000.WAV,Telephone Field,recover-20220825,002,1795
834.8385,834.8788,68437,82558,Rhinolophus ferrumequinum,0.023,0.023,-1,Echolocation,/mnt/ubna_data_01_mir/recover-20220825/UBNA_002/20220823_033000.WAV,Telephone Field,recover-20220825,002,1795
834.8735,834.8808,49531,57219,Pipistrellus pipistrellus,0.018,0.023,-1,Echolocation,/mnt/ubna_data_01_mir/recover-20220825/UBNA_002/20220823_033000.WAV,Telephone Field,recover-20220825,002,1795
834.8975,834.9056,55546,63590,Pipistrellus pygmaeus,0.023,0.024,-1,Echolocation,/mnt/ubna_data_01_mir/recover-20220825/UBNA_002/20220823_033000.WAV,Telephone Field,recover-20220825,002,1795
834.9105,834.918,52968,66371,Pipistrellus pygmaeus,0.02,0.039,-1,Echolocation,/mnt/ubna_data_01_mir/recover-20220825/UBNA_002/20220823_033000.WAV,Telephone Field,recover-20220825,002,1795
834.9115,834.9183,27187,75765,Myotis bechsteinii,0.036,0.077,-1,Echolocation,/mnt/ubna_data_01_mir/recover-20220825/UBNA_002/20220823_033000.WAV,Telephone Field,recover-20220825,002,1795
834.9115,834.9196,36640,68436,Pipistrellus nathusii,0.53,0.568,-1,Echolocation,/mnt/ubna_data_01_mir/recover-20220825/UBNA_002/20220823_033000.WAV,Telephone Field,recover-20220825,002,1795
834.9195,834.9257,37500,49797,Pipistrellus nathusii,0.016,0.035,-1,Echolocation,/mnt/ubna_data_01_mir/recover-20220825/UBNA_002/20220823_033000.WAV,Telephone Field,recover-20220825,002,1795
834.9225,834.9297,26328,35294,Eptesicus serotinus,0.008,0.027,-1,Echolocation,/mnt/ubna_data_01_mir/recover-20220825/UBNA_002/20220823_033000.WAV,Telephone Field,recover-20220825,002,1795
834.9275,834.9382,23750,29981,Nyctalus leisleri,0.008,0.025,-1,Echolocation,/mnt/ubna_data_01_mir/recover-20220825/UBNA_002/20220823_033000.WAV,Telephone Field,recover-20220825,002,1795
834.9915,834.9978,27187,85122,Myotis bechsteinii,0.081,0.112,-1,Echolocation,/mnt/ubna_data_01_mir/recover-20220825/UBNA_002/20220823_033000.WAV,Telephone Field,recover-20220825,002,1795
834.9915,834.9995,34921,69759,Pipistrellus nathusii,0.277,0.429,-1,Echolocation,/mnt/ubna_data_01_mir/recover-20220825/UBNA_002/20220823_033000.WAV,Telephone Field,recover-20220825,002,1795
834.9915,834.9993,52968,63849,Pipistrellus pygmaeus,0.035,0.042,-1,Echolocation,/mnt/ubna_data_01_mir/recover-20220825/UBNA_002/20220823_033000.WAV,Telephone Field,recover-20220825,002,1795
835.0005,835.0075,40937,54892,Pipistrellus nathusii,0.025,0.04,-1,Echolocation,/mnt/ubna_data_01_mir/recover-20220825/UBNA_002/20220823_033000.WAV,Telephone Field,recover-20220825,002,1795
835.0245,835.0681,68437,83513,Rhinolophus ferrumequinum,0.029,0.029,-1,Echolocation,/mnt/ubna_data_01_mir/recover-20220825/UBNA_002/20220823_033000.WAV,Telephone Field,recover-20220825,002,1795
835.0785,835.0862,49531,63794,Pipistrellus pipistrellus,0.022,0.04,-1,Echolocation,/mnt/ubna_data_01_mir/recover-20220825/UBNA_002/20220823_033000.WAV,Telephone Field,recover-20220825,002,1795
835.0795,835.0875,38359,76163,Pipistrellus nathusii,0.58,0.657,-1,Echolocation,/mnt/ubna_data_01_mir/recover-20220825/UBNA_002/20220823_033000.WAV,Telephone Field,recover-20220825,002,1795
835.0805,835.0865,26328,81871,Myotis bechsteinii,0.046,0.063,-1,Echolocation,/mnt/ubna_data_01_mir/recover-20220825/UBNA_002/20220823_033000.WAV,Telephone Field,recover-20220825,002,1795
835.0925,835.1227,68437,80004,Rhinolophus ferrumequinum,0.022,0.022,-1,Echolocation,/mnt/ubna_data_01_mir/recover-20220825/UBNA_002/20220823_033000.WAV,Telephone Field,recover-20220825,002,1795
835.1265,835.1335,49531,58095,Pipistrellus pipistrellus,0.018,0.024,-1,Echolocation,/mnt/ubna_data_01_mir/recover-20220825/UBNA_002/20220823_033000.WAV,Telephone Field,recover-20220825,002,1795
835.1325,835.145,23750,30519,Eptesicus serotinus,0.017,0.041,-1,Echolocation,/mnt/ubna_data_01_mir/recover-20220825/UBNA_002/20220823_033000.WAV,Telephone Field,recover-20220825,002,1795
835.1685,835.1759,52109,64926,Pipistrellus pygmaeus,0.039,0.046,-1,Echolocation,/mnt/ubna_data_01_mir/recover-20220825/UBNA_002/20220823_033000.WAV,Telephone Field,recover-20220825,002,1795
835.1705,835.1778,38359,74161,Pipistrellus nathusii,0.541,0.586,-1,Echolocation,/mnt/ubna_data_01_mir/recover-20220825/UBNA_002/20220823_033000.WAV,Telephone Field,recover-20220825,002,1795
835.1785,835.184,30625,46888,Myotis daubentonii,0.007,0.025,-1,Echolocation,/mnt/ubna_data_01_mir/recover-20220825/UBNA_002/20220823_033000.WAV,Telephone Field,recover-20220825,002,1795
835.2255,835.2336,27187,34298,Eptesicus serotinus,0.015,0.034,-1,Echolocation,/mnt/ubna_data_01_mir/recover-20220825/UBNA_002/20220823_033000.WAV,Telephone Field,recover-20220825,002,1795
835.2365,835.2448,27187,41583,Eptesicus serotinus,0.01,0.025,-1,Echolocation,/mnt/ubna_data_01_mir/recover-20220825/UBNA_002/20220823_033000.WAV,Telephone Field,recover-20220825,002,1795
835.2715,835.2798,39218,73930,Pipistrellus nathusii,0.574,0.607,-1,Echolocation,/mnt/ubna_data_01_mir/recover-20220825/UBNA_002/20220823_033000.WAV,Telephone Field,recover-20220825,002,1795
835.2725,835.2789,28046,84001,Myotis bechsteinii,0.076,0.123,-1,Echolocation,/mnt/ubna_data_01_mir/recover-20220825/UBNA_002/20220823_033000.WAV,Telephone Field,recover-20220825,002,1795
835.2725,835.2798,52968,67773,Pipistrellus pygmaeus,0.021,0.043,-1,Echolocation,/mnt/ubna_data_01_mir/recover-20220825/UBNA_002/20220823_033000.WAV,Telephone Field,recover-20220825,002,1795
835.2805,835.2922,52968,65227,Pipistrellus pygmaeus,0.022,0.023,-1,Echolocation,/mnt/ubna_data_01_mir/recover-20220825/UBNA_002/20220823_033000.WAV,Telephone Field,recover-20220825,002,1795
835.2805,835.2868,39218,54522,Pipistrellus nathusii,0.033,0.057,-1,Echolocation,/mnt/ubna_data_01_mir/recover-20220825/UBNA_002/20220823_033000.WAV,Telephone Field,recover-20220825,002,1795
835.2825,835.3066,68437,80376,Rhinolophus ferrumequinum,0.028,0.029,-1,Echolocation,/mnt/ubna_data_01_mir/recover-20220825/UBNA_002/20220823_033000.WAV,Telephone Field,recover-20220825,002,1795
835.2975,835.3105,14296,18774,Nyctalus noctula,0.017,0.033,-1,Echolocation,/mnt/ubna_data_01_mir/recover-20220825/UBNA_002/20220823_033000.WAV,Telephone Field,recover-20220825,002,1795
835.3495,835.3552,32343,58687,Myotis brandtii,0.012,0.025,-1,Echolocation,/mnt/ubna_data_01_mir/recover-20220825/UBNA_002/20220823_033000.WAV,Telephone Field,recover-20220825,002,1795
835.3515,835.3588,39218,51114,Myotis brandtii,0.009,0.024,-1,Echolocation,/mnt/ubna_data_01_mir/recover-20220825/UBNA_002/20220823_033000.WAV,Telephone Field,recover-20220825,002,1795
835.3745,835.3848,52109,61412,Pipistrellus pygmaeus,0.069,0.083,-1,Echolocation,/mnt/ubna_data_01_mir/recover-20220825/UBNA_002/20220823_033000.WAV,Telephone Field,recover-20220825,002,1795
835.3775,835.384,39218,69488,Pipistrellus nathusii,0.428,0.459,-1,Echolocation,/mnt/ubna_data_01_mir/recover-20220825/UBNA_002/20220823_033000.WAV,Telephone Field,recover-20220825,002,1795
835.3855,835.3926,39218,51654,Pipistrellus nathusii,0.027,0.045,-1,Echolocation,/mnt/ubna_data_01_mir/recover-20220825/UBNA_002/20220823_033000.WAV,Telephone Field,recover-20220825,002,1795
835.4525,835.4675,19453,24253,Nyctalus noctula,0.012,0.024,-1,Echolocation,/mnt/ubna_data_01_mir/recover-20220825/UBNA_002/20220823_033000.WAV,Telephone Field,recover-20220825,002,1795
835.4615,835.4733,51250,57954,Pipistrellus pygmaeus,0.035,0.046,-1,Echolocation,/mnt/ubna_data_01_mir/recover-20220825/UBNA_002/20220823_033000.WAV,Telephone Field,recover-20220825,002,1795
835.4655,835.4713,28046,70753,Myotis bechsteinii,0.032,0.065,-1,Echolocation,/mnt/ubna_data_01_mir/recover-20220825/UBNA_002/20220823_033000.WAV,Telephone Field,recover-20220825,002,1795
835.4655,835.4717,39218,63051,Pipistrellus nathusii,0.627,0.664,-1,Echolocation,/mnt/ubna_data_01_mir/recover-20220825/UBNA_002/20220823_033000.WAV,Telephone Field,recover-20220825,002,1795
835.4735000000001,835.4801,38359,55746,Pipistrellus nathusii,0.021,0.04,-1,Echolocation,/mnt/ubna_data_01_mir/recover-20220825/UBNA_002/20220823_033000.WAV,Telephone Field,recover-20220825,002,1795
835.4745,835.4796,31484,57067,Myotis brandtii,0.018,0.03,-1,Echolocation,/mnt/ubna_data_01_mir/recover-20220825/UBNA_002/20220823_033000.WAV,Telephone Field,recover-20220825,002,1795
835.4845,835.498,22031,25391,Nyctalus leisleri,0.014,0.023,-1,Echolocation,/mnt/ubna_data_01_mir/recover-20220825/UBNA_002/20220823_033000.WAV,Telephone Field,recover-20220825,002,1795
835.5005,835.5099,28046,40222,Eptesicus serotinus,0.01,0.023,-1,Echolocation,/mnt/ubna_data_01_mir/recover-20220825/UBNA_002/20220823_033000.WAV,Telephone Field,recover-20220825,002,1795
835.5625,835.5703,37500,73631,Pipistrellus nathusii,0.379,0.466,-1,Echolocation,/mnt/ubna_data_01_mir/recover-20220825/UBNA_002/20220823_033000.WAV,Telephone Field,recover-20220825,002,1795
835.5635,835.5693,27187,80023,Myotis bechsteinii,0.066,0.097,-1,Echolocation,/mnt/ubna_data_01_mir/recover-20220825/UBNA_002/20220823_033000.WAV,Telephone Field,recover-20220825,002,1795
835.5705,835.5771,40078,55138,Pipistrellus nathusii,0.041,0.054,-1,Echolocation,/mnt/ubna_data_01_mir/recover-20220825/UBNA_002/20220823_033000.WAV,Telephone Field,recover-20220825,002,1795
835.5725,835.5777,32343,57686,Myotis brandtii,0.015,0.025,-1,Echolocation,/mnt/ubna_data_01_mir/recover-20220825/UBNA_002/20220823_033000.WAV,Telephone Field,recover-20220825,002,1795
835.6345,835.6414,28046,36450,Eptesicus serotinus,0.007,0.024,-1,Echolocation,/mnt/ubna_data_01_mir/recover-20220825/UBNA_002/20220823_033000.WAV,Telephone Field,recover-20220825,002,1795
835.6345,835.6407,32343,42008,Myotis daubentonii,0.009,0.024,-1,Echolocation,/mnt/ubna_data_01_mir/recover-20220825/UBNA_002/20220823_033000.WAV,Telephone Field,recover-20220825,002,1795
835.6505,835.6569,26328,83921,Myotis bechsteinii,0.082,0.114,-1,Echolocation,/mnt/ubna_data_01_mir/recover-20220825/UBNA_002/20220823_033000.WAV,Telephone Field,recover-20220825,002,1795
835.6505,835.6574,39218,72270,Pipistrellus nathusii,0.553,0.572,-1,Echolocation,/mnt/ubna_data_01_mir/recover-20220825/UBNA_002/20220823_033000.WAV,Telephone Field,recover-20220825,002,1795
835.6514999999999,835.6602,54687,65152,Pipistrellus pygmaeus,0.02,0.026,-1,Echolocation,/mnt/ubna_data_01_mir/recover-20220825/UBNA_002/20220823_033000.WAV,Telephone Field,recover-20220825,002,1795
835.6595,835.6659,38359,54531,Pipistrellus nathusii,0.015,0.032,-1,Echolocation,/mnt/ubna_data_01_mir/recover-20220825/UBNA_002/20220823_033000.WAV,Telephone Field,recover-20220825,002,1795
835.6595,835.6648,31484,49272,Myotis brandtii,0.013,0.025,-1,Echolocation,/mnt/ubna_data_01_mir/recover-20220825/UBNA_002/20220823_033000.WAV,Telephone Field,recover-20220825,002,1795
835.7365,835.7471,49531,57416,Pipistrellus pygmaeus,0.044,0.057,-1,Echolocation,/mnt/ubna_data_01_mir/recover-20220825/UBNA_002/20220823_033000.WAV,Telephone Field,recover-20220825,002,1795
835.7395,835.7463,25468,93551,Myotis bechsteinii,0.168,0.193,-1,Echolocation,/mnt/ubna_data_01_mir/recover-20220825/UBNA_002/20220823_033000.WAV,Telephone Field,recover-20220825,002,1795
835.7395,835.7464,35781,70566,Pipistrellus nathusii,0.304,0.506,-1,Echolocation,/mnt/ubna_data_01_mir/recover-20220825/UBNA_002/20220823_033000.WAV,Telephone Field,recover-20220825,002,1795
835.7495,835.7551,32343,56194,Myotis brandtii,0.015,0.027,-1,Echolocation,/mnt/ubna_data_01_mir/recover-20220825/UBNA_002/20220823_033000.WAV,Telephone Field,recover-20220825,002,1795
835.7735,835.7833,25468,34042,Eptesicus serotinus,0.012,0.025,-1,Echolocation,/mnt/ubna_data_01_mir/recover-20220825/UBNA_002/20220823_033000.WAV,Telephone Field,recover-20220825,002,1795
835.8165,835.8259,49531,56765,Pipistrellus pygmaeus,0.032,0.074,-1,Echolocation,/mnt/ubna_data_01_mir/recover-20220825/UBNA_002/20220823_033000.WAV,Telephone Field,recover-20220825,002,1795
835.8205,835.8275,38359,71423,Pipistrellus nathusii,0.216,0.353,-1,Echolocation,/mnt/ubna_data_01_mir/recover-20220825/UBNA_002/20220823_033000.WAV,Telephone Field,recover-20220825,002,1795
835.8205,835.8269,27187,90402,Myotis bechsteinii,0.099,0.14,-1,Echolocation,/mnt/ubna_data_01_mir/recover-20220825/UBNA_002/20220823_033000.WAV,Telephone Field,recover-20220825,002,1795
835.8285,835.8349,40078,55231,Pipistrellus nathusii,0.018,0.034,-1,Echolocation,/mnt/ubna_data_01_mir/recover-20220825/UBNA_002/20220823_033000.WAV,Telephone Field,recover-20220825,002,1795
835.8305,835.8614,68437,81081,Rhinolophus ferrumequinum,0.026,0.026,-1,Echolocation,/mnt/ubna_data_01_mir/recover-20220825/UBNA_002/20220823_033000.WAV,Telephone Field,recover-20220825,002,1795
835.8925,835.9002,34921,77633,Myotis brandtii,0.309,0.391,-1,Echolocation,/mnt/ubna_data_01_mir/recover-20220825/UBNA_002/20220823_033000.WAV,Telephone Field,recover-20220825,002,1795
835.8925,835.899,27187,83398,Myotis bechsteinii,0.091,0.143,-1,Echolocation,/mnt/ubna_data_01_mir/recover-20220825/UBNA_002/20220823_033000.WAV,Telephone Field,recover-20220825,002,1795
835.8955,835.9024,42656,55061,Pipistrellus nathusii,0.13,0.135,-1,Echolocation,/mnt/ubna_data_01_mir/recover-20220825/UBNA_002/20220823_033000.WAV,Telephone Field,recover-20220825,002,1795
835.9375,835.9468,58984,65726,Pipistrellus pygmaeus,0.055,0.056,-1,Echolocation,/mnt/ubna_data_01_mir/recover-20220825/UBNA_002/20220823_033000.WAV,Telephone Field,recover-20220825,002,1795
835.9675,835.9818,49531,55723,Pipistrellus pygmaeus,0.025,0.038,-1,Echolocation,/mnt/ubna_data_01_mir/recover-20220825/UBNA_002/20220823_033000.WAV,Telephone Field,recover-20220825,002,1795
835.9715,835.9777,26328,93443,Myotis bechsteinii,0.124,0.154,-1,Echolocation,/mnt/ubna_data_01_mir/recover-20220825/UBNA_002/20220823_033000.WAV,Telephone Field,recover-20220825,002,1795
835.9715,835.9783,34921,72960,Myotis brandtii,0.386,0.494,-1,Echolocation,/mnt/ubna_data_01_mir/recover-20220825/UBNA_002/20220823_033000.WAV,Telephone Field,recover-20220825,002,1795
836.0015,836.0093,37500,49138,Myotis brandtii,0.009,0.026,-1,Echolocation,/mnt/ubna_data_01_mir/recover-20220825/UBNA_002/20220823_033000.WAV,Telephone Field,recover-20220825,002,1795
836.0015,836.0107,26328,34839,Nyctalus leisleri,0.009,0.027,-1,Echolocation,/mnt/ubna_data_01_mir/recover-20220825/UBNA_002/20220823_033000.WAV,Telephone Field,recover-20220825,002,1795
836.0015,836.033,69296,81582,Rhinolophus ferrumequinum,0.029,0.029,-1,Echolocation,/mnt/ubna_data_01_mir/recover-20220825/UBNA_002/20220823_033000.WAV,Telephone Field,recover-20220825,002,1795
836.0015,836.0092,46093,52722,Pipistrellus pipistrellus,0.031,0.04,-1,Echolocation,/mnt/ubna_data_01_mir/recover-20220825/UBNA_002/20220823_033000.WAV,Telephone Field,recover-20220825,002,1795
836.0105,836.0182,50390,57324,Pipistrellus pipistrellus,0.017,0.023,-1,Echolocation,/mnt/ubna_data_01_mir/recover-20220825/UBNA_002/20220823_033000.WAV,Telephone Field,recover-20220825,002,1795
836.0115,836.0213,28046,36376,Eptesicus serotinus,0.012,0.028,-1,Echolocation,/mnt/ubna_data_01_mir/recover-20220825/UBNA_002/20220823_033000.WAV,Telephone Field,recover-20220825,002,1795
836.0585,836.0665,28046,36181,Eptesicus serotinus,0.009,0.027,-1,Echolocation,/mnt/ubna_data_01_mir/recover-20220825/UBNA_002/20220823_033000.WAV,Telephone Field,recover-20220825,002,1795
836.0715,836.0793,48671,54726,Pipistrellus pipistrellus,0.039,0.062,-1,Echolocation,/mnt/ubna_data_01_mir/recover-20220825/UBNA_002/20220823_033000.WAV,Telephone Field,recover-20220825,002,1795
836.0725,836.0789,38359,66052,Myotis brandtii,0.199,0.431,-1,Echolocation,/mnt/ubna_data_01_mir/recover-20220825/UBNA_002/20220823_033000.WAV,Telephone Field,recover-20220825,002,1795
836.1435,836.1492,40937,61631,Pipistrellus nathusii,0.177,0.389,-1,Echolocation,/mnt/ubna_data_01_mir/recover-20220825/UBNA_002/20220823_033000.WAV,Telephone Field,recover-20220825,002,1795
836.1845,836.195,26328,32566,Eptesicus serotinus,0.02,0.041,-1,Echolocation,/mnt/ubna_data_01_mir/recover-20220825/UBNA_002/20220823_033000.WAV,Telephone Field,recover-20220825,002,1795
836.1985,836.2068,50390,55122,Pipistrellus pipistrellus,0.019,0.032,-1,Echolocation,/mnt/ubna_data_01_mir/recover-20220825/UBNA_002/20220823_033000.WAV,Telephone Field,recover-20220825,002,1795
836.2045,836.2095,40937,62916,Pipistrellus nathusii,0.208,0.452,-1,Echolocation,/mnt/ubna_data_01_mir/recover-20220825/UBNA_002/20220823_033000.WAV,Telephone Field,recover-20220825,002,1795
836.2405,836.2792,68437,82459,Rhinolophus ferrumequinum,0.027,0.027,-1,Echolocation,/mnt/ubna_data_01_mir/recover-20220825/UBNA_002/20220823_033000.WAV,Telephone Field,recover-20220825,002,1795
836.2645,836.276,56406,61580,Pipistrellus pygmaeus,0.033,0.034,-1,Echolocation,/mnt/ubna_data_01_mir/recover-20220825/UBNA_002/20220823_033000.WAV,Telephone Field,recover-20220825,002,1795
836.2705,836.2775,49531,57772,Pipistrellus pipistrellus,0.019,0.048,-1,Echolocation,/mnt/ubna_data_01_mir/recover-20220825/UBNA_002/20220823_033000.WAV,Telephone Field,recover-20220825,002,1795
836.2745,836.28,39218,66980,Pipistrellus nathusii,0.16,0.367,-1,Echolocation,/mnt/ubna_data_01_mir/recover-20220825/UBNA_002/20220823_033000.WAV,Telephone Field,recover-20220825,002,1795
836.2835,836.289,32343,45951,Myotis daubentonii,0.009,0.025,-1,Echolocation,/mnt/ubna_data_01_mir/recover-20220825/UBNA_002/20220823_033000.WAV,Telephone Field,recover-20220825,002,1795
836.3005,836.3095,27187,38552,Eptesicus serotinus,0.01,0.024,-1,Echolocation,/mnt/ubna_data_01_mir/recover-20220825/UBNA_002/20220823_033000.WAV,Telephone Field,recover-20220825,002,1795
836.3215,836.3304,58125,65972,Pipistrellus pygmaeus,0.024,0.024,-1,Echolocation,/mnt/ubna_data_01_mir/recover-20220825/UBNA_002/20220823_033000.WAV,Telephone Field,recover-20220825,002,1795
836.3295,836.3343,49531,59708,Pipistrellus pipistrellus,0.018,0.029,-1,Echolocation,/mnt/ubna_data_01_mir/recover-20220825/UBNA_002/20220823_033000.WAV,Telephone Field,recover-20220825,002,1795
836.3335,836.3397,41796,57925,Pipistrellus nathusii,0.165,0.342,-1,Echolocation,/mnt/ubna_data_01_mir/recover-20220825/UBNA_002/20220823_033000.WAV,Telephone Field,recover-20220825,002,1795
836.3555,836.3955,68437,82308,Rhinolophus ferrumequinum,0.024,0.024,-1,Echolocation,/mnt/ubna_data_01_mir/recover-20220825/UBNA_002/20220823_033000.WAV,Telephone Field,recover-20220825,002,1795
836.3555,836.3641,28046,35520,Eptesicus serotinus,0.013,0.029,-1,Echolocation,/mnt/ubna_data_01_mir/recover-20220825/UBNA_002/20220823_033000.WAV,Telephone Field,recover-20220825,002,1795
836.3815,836.3897,28046,32932,Eptesicus serotinus,0.009,0.025,-1,Echolocation,/mnt/ubna_data_01_mir/recover-20220825/UBNA_002/20220823_033000.WAV,Telephone Field,recover-20220825,002,1795
836.3915,836.3977,38359,65073,Myotis brandtii,0.205,0.44,-1,Echolocation,/mnt/ubna_data_01_mir/recover-20220825/UBNA_002/20220823_033000.WAV,Telephone Field,recover-20220825,002,1795
836.4195,836.4254,31484,43072,Myotis daubentonii,0.02,0.056,-1,Echolocation,/mnt/ubna_data_01_mir/recover-20220825/UBNA_002/20220823_033000.WAV,Telephone Field,recover-20220825,002,1795
836.4425,836.4546,22890,28743,Nyctalus leisleri,0.013,0.04,-1,Echolocation,/mnt/ubna_data_01_mir/recover-20220825/UBNA_002/20220823_033000.WAV,Telephone Field,recover-20220825,002,1795
836.4595,836.4986,68437,82799,Rhinolophus ferrumequinum,0.023,0.024,-1,Echolocation,/mnt/ubna_data_01_mir/recover-20220825/UBNA_002/20220823_033000.WAV,Telephone Field,recover-20220825,002,1795
836.4735000000001,836.4792,40078,58536,Myotis brandtii,0.19,0.458,-1,Echolocation,/mnt/ubna_data_01_mir/recover-20220825/UBNA_002/20220823_033000.WAV,Telephone Field,recover-20220825,002,1795
836.5235,836.5291,35781,65987,Myotis brandtii,0.023,0.034,-1,Echolocation,/mnt/ubna_data_01_mir/recover-20220825/UBNA_002/20220823_033000.WAV,Telephone Field,recover-20220825,002,1795
836.5585,836.5677,47812,53972,Pipistrellus pipistrellus,0.027,0.048,-1,Echolocation,/mnt/ubna_data_01_mir/recover-20220825/UBNA_002/20220823_033000.WAV,Telephone Field,recover-20220825,002,1795
836.5605,836.5662,34921,67455,Myotis brandtii,0.293,0.363,-1,Echolocation,/mnt/ubna_data_01_mir/recover-20220825/UBNA_002/20220823_033000.WAV,Telephone Field,recover-20220825,002,1795
836.6125,836.6514999999999,68437,82346,Rhinolophus ferrumequinum,0.024,0.024,-1,Echolocation,/mnt/ubna_data_01_mir/recover-20220825/UBNA_002/20220823_033000.WAV,Telephone Field,recover-20220825,002,1795
836.6355,836.6469,43515,48552,Pipistrellus nathusii,0.339,0.369,-1,Echolocation,/mnt/ubna_data_01_mir/recover-20220825/UBNA_002/20220823_033000.WAV,Telephone Field,recover-20220825,002,1795
836.6385,836.6447000000001,30625,61754,Myotis brandtii,0.015,0.031,-1,Echolocation,/mnt/ubna_data_01_mir/recover-20220825/UBNA_002/20220823_033000.WAV,Telephone Field,recover-20220825,002,1795
836.6725,836.7092,68437,81557,Rhinolophus ferrumequinum,0.023,0.024,-1,Echolocation,/mnt/ubna_data_01_mir/recover-20220825/UBNA_002/20220823_033000.WAV,Telephone Field,recover-20220825,002,1795
836.6905,836.6971,37500,49030,Pipistrellus nathusii,0.019,0.064,-1,Echolocation,/mnt/ubna_data_01_mir/recover-20220825/UBNA_002/20220823_033000.WAV,Telephone Field,recover-20220825,002,1795
836.7015,836.7123,41796,48772,Pipistrellus nathusii,0.235,0.272,-1,Echolocation,/mnt/ubna_data_01_mir/recover-20220825/UBNA_002/20220823_033000.WAV,Telephone Field,recover-20220825,002,1795
836.7725,836.7815,43515,49923,Pipistrellus pipistrellus,0.012,0.024,-1,Echolocation,/mnt/ubna_data_01_mir/recover-20220825/UBNA_002/20220823_033000.WAV,Telephone Field,recover-20220825,002,1795
836.7745,836.7809,34921,47413,Myotis brandtii,0.009,0.023,-1,Echolocation,/mnt/ubna_data_01_mir/recover-20220825/UBNA_002/20220823_033000.WAV,Telephone Field,recover-20220825,002,1795
836.8025,836.8175,22890,26494,Nyctalus leisleri,0.017,0.034,-1,Echolocation,/mnt/ubna_data_01_mir/recover-20220825/UBNA_002/20220823_033000.WAV,Telephone Field,recover-20220825,002,1795
836.8055,836.8446,68437,82517,Rhinolophus ferrumequinum,0.033,0.033,-1,Echolocation,/mnt/ubna_data_01_mir/recover-20220825/UBNA_002/20220823_033000.WAV,Telephone Field,recover-20220825,002,1795
836.8305,836.8419,41796,48146,Pipistrellus nathusii,0.293,0.323,-1,Echolocation,/mnt/ubna_data_01_mir/recover-20220825/UBNA_002/20220823_033000.WAV,Telephone Field,recover-20220825,002,1795
836.8345,836.8421,26328,40196,Eptesicus serotinus,0.008,0.023,-1,Echolocation,/mnt/ubna_data_01_mir/recover-20220825/UBNA_002/20220823_033000.WAV,Telephone Field,recover-20220825,002,1795
836.8565,836.8641,28046,40303,Eptesicus serotinus,0.008,0.024,-1,Echolocation,/mnt/ubna_data_01_mir/recover-20220825/UBNA_002/20220823_033000.WAV,Telephone Field,recover-20220825,002,1795
836.9065,836.9119,33203,46254,Myotis daubentonii,0.023,0.052,-1,Echolocation,/mnt/ubna_data_01_mir/recover-20220825/UBNA_002/20220823_033000.WAV,Telephone Field,recover-20220825,002,1795
836.9415,836.9495,41796,53585,Pipistrellus nathusii,0.019,0.049,-1,Echolocation,/mnt/ubna_data_01_mir/recover-20220825/UBNA_002/20220823_033000.WAV,Telephone Field,recover-20220825,002,1795
836.9825,836.9888,49531,56820,Pipistrellus pipistrellus,0.021,0.026,-1,Echolocation,/mnt/ubna_data_01_mir/recover-20220825/UBNA_002/20220823_033000.WAV,Telephone Field,recover-20220825,002,1795
836.9885,837.0017,15156,20815,Nyctalus noctula,0.018,0.027,-1,Echolocation,/mnt/ubna_data_01_mir/recover-20220825/UBNA_002/20220823_033000.WAV,Telephone Field,recover-20220825,002,1795
837.0205,837.0355,41796,46922,Pipistrellus nathusii,0.279,0.313,-1,Echolocation,/mnt/ubna_data_01_mir/recover-20220825/UBNA_002/20220823_033000.WAV,Telephone Field,recover-20220825,002,1795
837.0295,837.0678,68437,82409,Rhinolophus ferrumequinum,0.031,0.031,-1,Echolocation,/mnt/ubna_data_01_mir/recover-20220825/UBNA_002/20220823_033000.WAV,Telephone Field,recover-20220825,002,1795
837.0465,837.0522,31484,63747,Myotis brandtii,0.013,0.028,-1,Echolocation,/mnt/ubna_data_01_mir/recover-20220825/UBNA_002/20220823_033000.WAV,Telephone Field,recover-20220825,002,1795
837.0475,837.0532,39218,57064,Myotis brandtii,0.013,0.032,-1,Echolocation,/mnt/ubna_data_01_mir/recover-20220825/UBNA_002/20220823_033000.WAV,Telephone Field,recover-20220825,002,1795
837.1065,837.1448,68437,81933,Rhinolophus ferrumequinum,0.024,0.024,-1,Echolocation,/mnt/ubna_data_01_mir/recover-20220825/UBNA_002/20220823_033000.WAV,Telephone Field,recover-20220825,002,1795
837.1505,837.1837,68437,81295,Rhinolophus ferrumequinum,0.032,0.032,-1,Echolocation,/mnt/ubna_data_01_mir/recover-20220825/UBNA_002/20220823_033000.WAV,Telephone Field,recover-20220825,002,1795
837.1615,837.1671,30625,61372,Myotis brandtii,0.016,0.032,-1,Echolocation,/mnt/ubna_data_01_mir/recover-20220825/UBNA_002/20220823_033000.WAV,Telephone Field,recover-20220825,002,1795
837.1625,837.1723,40937,47521,Pipistrellus nathusii,0.399,0.428,-1,Echolocation,/mnt/ubna_data_01_mir/recover-20220825/UBNA_002/20220823_033000.WAV,Telephone Field,recover-20220825,002,1795
837.1875,837.1976,51250,56990,Pipistrellus pipistrellus,0.026,0.036,-1,Echolocation,/mnt/ubna_data_01_mir/recover-20220825/UBNA_002/20220823_033000.WAV,Telephone Field,recover-20220825,002,1795
837.1885,837.2318,68437,82262,Rhinolophus ferrumequinum,0.04,0.04,-1,Echolocation,/mnt/ubna_data_01_mir/recover-20220825/UBNA_002/20220823_033000.WAV,Telephone Field,recover-20220825,002,1795
837.2465,837.2543000000001,27187,35995,Eptesicus serotinus,0.01,0.027,-1,Echolocation,/mnt/ubna_data_01_mir/recover-20220825/UBNA_002/20220823_033000.WAV,Telephone Field,recover-20220825,002,1795
837.2885,837.3272,68437,82216,Rhinolophus ferrumequinum,0.023,0.023,-1,Echolocation,/mnt/ubna_data_01_mir/recover-20220825/UBNA_002/20220823_033000.WAV,Telephone Field,recover-20220825,002,1795
837.3025,837.3101,27187,39589,Eptesicus serotinus,0.009,0.026,-1,Echolocation,/mnt/ubna_data_01_mir/recover-20220825/UBNA_002/20220823_033000.WAV,Telephone Field,recover-20220825,002,1795
837.3165,837.3274,25468,29751,Nyctalus leisleri,0.01,0.023,-1,Echolocation,/mnt/ubna_data_01_mir/recover-20220825/UBNA_002/20220823_033000.WAV,Telephone Field,recover-20220825,002,1795
837.3295,837.3414,41796,48674,Pipistrellus nathusii,0.106,0.13,-1,Echolocation,/mnt/ubna_data_01_mir/recover-20220825/UBNA_002/20220823_033000.WAV,Telephone Field,recover-20220825,002,1795
837.3645,837.3719,27187,41494,Eptesicus serotinus,0.008,0.024,-1,Echolocation,/mnt/ubna_data_01_mir/recover-20220825/UBNA_002/20220823_033000.WAV,Telephone Field,recover-20220825,002,1795
837.3645,837.371,32343,43568,Myotis daubentonii,0.009,0.024,-1,Echolocation,/mnt/ubna_data_01_mir/recover-20220825/UBNA_002/20220823_033000.WAV,Telephone Field,recover-20220825,002,1795
837.4065,837.4479,68437,83230,Rhinolophus ferrumequinum,0.026,0.026,-1,Echolocation,/mnt/ubna_data_01_mir/recover-20220825/UBNA_002/20220823_033000.WAV,Telephone Field,recover-20220825,002,1795
837.4165,837.4225,37500,52395,Myotis brandtii,0.011,0.029,-1,Echolocation,/mnt/ubna_data_01_mir/recover-20220825/UBNA_002/20220823_033000.WAV,Telephone Field,recover-20220825,002,1795
837.4185,837.4245,30625,52691,Myotis daubentonii,0.009,0.024,-1,Echolocation,/mnt/ubna_data_01_mir/recover-20220825/UBNA_002/20220823_033000.WAV,Telephone Field,recover-20220825,002,1795
837.4945,837.5015,28046,39309,Eptesicus serotinus,0.006,0.024,-1,Echolocation,/mnt/ubna_data_01_mir/recover-20220825/UBNA_002/20220823_033000.WAV,Telephone Field,recover-20220825,002,1795
837.5185,837.5503,68437,81143,Rhinolophus ferrumequinum,0.024,0.024,-1,Echolocation,/mnt/ubna_data_01_mir/recover-20220825/UBNA_002/20220823_033000.WAV,Telephone Field,recover-20220825,002,1795
837.5205,837.5315,40937,50534,Pipistrellus nathusii,0.281,0.305,-1,Echolocation,/mnt/ubna_data_01_mir/recover-20220825/UBNA_002/20220823_033000.WAV,Telephone Field,recover-20220825,002,1795
837.5355,837.543,40937,49395,Pipistrellus nathusii,0.012,0.031,-1,Echolocation,/mnt/ubna_data_01_mir/recover-20220825/UBNA_002/20220823_033000.WAV,Telephone Field,recover-20220825,002,1795
837.5475,837.5588,58984,65080,Pipistrellus pygmaeus,0.034,0.034,-1,Echolocation,/mnt/ubna_data_01_mir/recover-20220825/UBNA_002/20220823_033000.WAV,Telephone Field,recover-20220825,002,1795
837.5585,837.5683,28046,36479,Eptesicus serotinus,0.01,0.023,-1,Echolocation,/mnt/ubna_data_01_mir/recover-20220825/UBNA_002/20220823_033000.WAV,Telephone Field,recover-20220825,002,1795
837.6265,837.6396,43515,48641,Pipistrellus nathusii,0.054,0.069,-1,Echolocation,/mnt/ubna_data_01_mir/recover-20220825/UBNA_002/20220823_033000.WAV,Telephone Field,recover-20220825,002,1795
837.6315,837.64,23750,32777,Eptesicus serotinus,0.01,0.033,-1,Echolocation,/mnt/ubna_data_01_mir/recover-20220825/UBNA_002/20220823_033000.WAV,Telephone Field,recover-20220825,002,1795
837.6465,837.6828,68437,82283,Rhinolophus ferrumequinum,0.026,0.026,-1,Echolocation,/mnt/ubna_data_01_mir/recover-20220825/UBNA_002/20220823_033000.WAV,Telephone Field,recover-20220825,002,1795
837.6555,837.6624,27187,38108,Eptesicus serotinus,0.008,0.027,-1,Echolocation,/mnt/ubna_data_01_mir/recover-20220825/UBNA_002/20220823_033000.WAV,Telephone Field,recover-20220825,002,1795
837.6945,837.7293999999999,68437,81255,Rhinolophus ferrumequinum,0.026,0.026,-1,Echolocation,/mnt/ubna_data_01_mir/recover-20220825/UBNA_002/20220823_033000.WAV,Telephone Field,recover-20220825,002,1795
837.7125,837.7246,41796,46632,Pipistrellus nathusii,0.163,0.183,-1,Echolocation,/mnt/ubna_data_01_mir/recover-20220825/UBNA_002/20220823_033000.WAV,Telephone Field,recover-20220825,002,1795
837.7325,837.7383,29765,48471,Myotis daubentonii,0.011,0.031,-1,Echolocation,/mnt/ubna_data_01_mir/recover-20220825/UBNA_002/20220823_033000.WAV,Telephone Field,recover-20220825,002,1795
837.7565,837.7633,24609,33357,Plecotus austriacus,0.01,0.028,-1,Echolocation,/mnt/ubna_data_01_mir/recover-20220825/UBNA_002/20220823_033000.WAV,Telephone Field,recover-20220825,002,1795
837.7895,837.7954,39218,54652,Pipistrellus nathusii,0.233,0.505,-1,Echolocation,/mnt/ubna_data_01_mir/recover-20220825/UBNA_002/20220823_033000.WAV,Telephone Field,recover-20220825,002,1795
837.8075,837.8445,68437,82255,Rhinolophus ferrumequinum,0.023,0.023,-1,Echolocation,/mnt/ubna_data_01_mir/recover-20220825/UBNA_002/20220823_033000.WAV,Telephone Field,recover-20220825,002,1795
837.8465,837.8858,68437,82051,Rhinolophus ferrumequinum,0.023,0.023,-1,Echolocation,/mnt/ubna_data_01_mir/recover-20220825/UBNA_002/20220823_033000.WAV,Telephone Field,recover-20220825,002,1795
837.8505,837.8567,40937,52786,Pipistrellus nathusii,0.2,0.412,-1,Echolocation,/mnt/ubna_data_01_mir/recover-20220825/UBNA_002/20220823_033000.WAV,Telephone Field,recover-20220825,002,1795
837.8605,837.8684,27187,36017,Eptesicus serotinus,0.008,0.023,-1,Echolocation,/mnt/ubna_data_01_mir/recover-20220825/UBNA_002/20220823_033000.WAV,Telephone Field,recover-20220825,002,1795
837.8805,837.8881,27187,39735,Eptesicus serotinus,0.008,0.025,-1,Echolocation,/mnt/ubna_data_01_mir/recover-20220825/UBNA_002/20220823_033000.WAV,Telephone Field,recover-20220825,002,1795
837.8815,837.8899,51250,60228,Pipistrellus pipistrellus,0.018,0.028,-1,Echolocation,/mnt/ubna_data_01_mir/recover-20220825/UBNA_002/20220823_033000.WAV,Telephone Field,recover-20220825,002,1795
837.9085,837.9137,39218,54402,Pipistrellus nathusii,0.254,0.456,-1,Echolocation,/mnt/ubna_data_01_mir/recover-20220825/UBNA_002/20220823_033000.WAV,Telephone Field,recover-20220825,002,1795
837.9885,837.996,40078,51031,Pipistrellus nathusii,0.073,0.122,-1,Echolocation,/mnt/ubna_data_01_mir/recover-20220825/UBNA_002/20220823_033000.WAV,Telephone Field,recover-20220825,002,1795
838.0015,838.0296,69296,82155,Rhinolophus ferrumequinum,0.046,0.046,-1,Echolocation,/mnt/ubna_data_01_mir/recover-20220825/UBNA_002/20220823_033000.WAV,Telephone Field,recover-20220825,002,1795
838.0015,838.01,24609,33974,Eptesicus serotinus,0.007,0.028,-1,Echolocation,/mnt/ubna_data_01_mir/recover-20220825/UBNA_002/20220823_033000.WAV,Telephone Field,recover-20220825,002,1795
838.0165,838.0249,31484,43543,Myotis daubentonii,0.008,0.026,-1,Echolocation,/mnt/ubna_data_01_mir/recover-20220825/UBNA_002/20220823_033000.WAV,Telephone Field,recover-20220825,002,1795
838.0765,838.0827,39218,52447,Pipistrellus nathusii,0.221,0.467,-1,Echolocation,/mnt/ubna_data_01_mir/recover-20220825/UBNA_002/20220823_033000.WAV,Telephone Field,recover-20220825,002,1795
838.1795,838.1854,40078,50364,Pipistrellus nathusii,0.128,0.385,-1,Echolocation,/mnt/ubna_data_01_mir/recover-20220825/UBNA_002/20220823_033000.WAV,Telephone Field,recover-20220825,002,1795
838.2315,838.2385,40937,51213,Pipistrellus nathusii,0.041,0.088,-1,Echolocation,/mnt/ubna_data_01_mir/recover-20220825/UBNA_002/20220823_033000.WAV,Telephone Field,recover-20220825,002,1795
838.2695,838.275,38359,50199,Pipistrellus nathusii,0.285,0.454,-1,Echolocation,/mnt/ubna_data_01_mir/recover-20220825/UBNA_002/20220823_033000.WAV,Telephone Field,recover-20220825,002,1795
838.2785,838.284,30625,42523,Myotis daubentonii,0.017,0.026,-1,Echolocation,/mnt/ubna_data_01_mir/recover-20220825/UBNA_002/20220823_033000.WAV,Telephone Field,recover-20220825,002,1795
838.2915,838.3008,50390,55151,Pipistrellus pipistrellus,0.026,0.036,-1,Echolocation,/mnt/ubna_data_01_mir/recover-20220825/UBNA_002/20220823_033000.WAV,Telephone Field,recover-20220825,002,1795
838.3035,838.3094,31484,50590,Myotis daubentonii,0.019,0.033,-1,Echolocation,/mnt/ubna_data_01_mir/recover-20220825/UBNA_002/20220823_033000.WAV,Telephone Field,recover-20220825,002,1795
838.3275,838.335,25468,35231,Eptesicus serotinus,0.009,0.029,-1,Echolocation,/mnt/ubna_data_01_mir/recover-20220825/UBNA_002/20220823_033000.WAV,Telephone Field,recover-20220825,002,1795
838.3445,838.3502,36640,59504,Myotis brandtii,0.017,0.032,-1,Echolocation,/mnt/ubna_data_01_mir/recover-20220825/UBNA_002/20220823_033000.WAV,Telephone Field,recover-20220825,002,1795
838.3605,838.3654,38359,51604,Pipistrellus nathusii,0.316,0.488,-1,Echolocation,/mnt/ubna_data_01_mir/recover-20220825/UBNA_002/20220823_033000.WAV,Telephone Field,recover-20220825,002,1795
838.4255,838.4338,27187,38709,Eptesicus serotinus,0.012,0.027,-1,Echolocation,/mnt/ubna_data_01_mir/recover-20220825/UBNA_002/20220823_033000.WAV,Telephone Field,recover-20220825,002,1795
838.4585,838.4664,35781,44576,Pipistrellus nathusii,0.031,0.085,-1,Echolocation,/mnt/ubna_data_01_mir/recover-20220825/UBNA_002/20220823_033000.WAV,Telephone Field,recover-20220825,002,1795
838.4975,838.5058,27187,35404,Eptesicus serotinus,0.009,0.027,-1,Echolocation,/mnt/ubna_data_01_mir/recover-20220825/UBNA_002/20220823_033000.WAV,Telephone Field,recover-20220825,002,1795
838.5115,838.5171,35781,50747,Myotis daubentonii,0.04,0.088,-1,Echolocation,/mnt/ubna_data_01_mir/recover-20220825/UBNA_002/20220823_033000.WAV,Telephone Field,recover-20220825,002,1795
838.5455,838.5516,33203,47139,Myotis daubentonii,0.018,0.035,-1,Echolocation,/mnt/ubna_data_01_mir/recover-20220825/UBNA_002/20220823_033000.WAV,Telephone Field,recover-20220825,002,1795
838.5755,838.5812,38359,50182,Pipistrellus nathusii,0.353,0.554,-1,Echolocation,/mnt/ubna_data_01_mir/recover-20220825/UBNA_002/20220823_033000.WAV,Telephone Field,recover-20220825,002,1795
838.5845,838.5909,29765,39731,Myotis daubentonii,0.016,0.025,-1,Echolocation,/mnt/ubna_data_01_mir/recover-20220825/UBNA_002/20220823_033000.WAV,Telephone Field,recover-20220825,002,1795
838.6215,838.6276,30625,45241,Myotis daubentonii,0.017,0.035,-1,Echolocation,/mnt/ubna_data_01_mir/recover-20220825/UBNA_002/20220823_033000.WAV,Telephone Field,recover-20220825,002,1795
838.6535,838.6588,37500,50750,Pipistrellus nathusii,0.2,0.457,-1,Echolocation,/mnt/ubna_data_01_mir/recover-20220825/UBNA_002/20220823_033000.WAV,Telephone Field,recover-20220825,002,1795
838.6855,838.6926,25468,35171,Eptesicus serotinus,0.008,0.028,-1,Echolocation,/mnt/ubna_data_01_mir/recover-20220825/UBNA_002/20220823_033000.WAV,Telephone Field,recover-20220825,002,1795
838.7055,838.7133,27187,36876,Eptesicus serotinus,0.009,0.025,-1,Echolocation,/mnt/ubna_data_01_mir/recover-20220825/UBNA_002/20220823_033000.WAV,Telephone Field,recover-20220825,002,1795
838.7155,838.7226,35781,49125,Myotis brandtii,0.011,0.03,-1,Echolocation,/mnt/ubna_data_01_mir/recover-20220825/UBNA_002/20220823_033000.WAV,Telephone Field,recover-20220825,002,1795
838.7185,838.7258,40937,50882,Pipistrellus nathusii,0.012,0.026,-1,Echolocation,/mnt/ubna_data_01_mir/recover-20220825/UBNA_002/20220823_033000.WAV,Telephone Field,recover-20220825,002,1795
838.7455,838.755,27187,35308,Eptesicus serotinus,0.011,0.026,-1,Echolocation,/mnt/ubna_data_01_mir/recover-20220825/UBNA_002/20220823_033000.WAV,Telephone Field,recover-20220825,002,1795
838.7575,838.7642,40937,52376,Pipistrellus nathusii,0.18,0.312,-1,Echolocation,/mnt/ubna_data_01_mir/recover-20220825/UBNA_002/20220823_033000.WAV,Telephone Field,recover-20220825,002,1795
838.7595,838.7655,28046,45191,Myotis daubentonii,0.026,0.05,-1,Echolocation,/mnt/ubna_data_01_mir/recover-20220825/UBNA_002/20220823_033000.WAV,Telephone Field,recover-20220825,002,1795
838.7695,838.7801,23750,28992,Nyctalus leisleri,0.014,0.035,-1,Echolocation,/mnt/ubna_data_01_mir/recover-20220825/UBNA_002/20220823_033000.WAV,Telephone Field,recover-20220825,002,1795
838.8005,838.8067,36640,48777,Pipistrellus nathusii,0.228,0.471,-1,Echolocation,/mnt/ubna_data_01_mir/recover-20220825/UBNA_002/20220823_033000.WAV,Telephone Field,recover-20220825,002,1795
838.8395,838.8457,41796,53574,Pipistrellus nathusii,0.238,0.407,-1,Echolocation,/mnt/ubna_data_01_mir/recover-20220825/UBNA_002/20220823_033000.WAV,Telephone Field,recover-20220825,002,1795
838.9025,838.9082,36640,51977,Myotis daubentonii,0.029,0.067,-1,Echolocation,/mnt/ubna_data_01_mir/recover-20220825/UBNA_002/20220823_033000.WAV,Telephone Field,recover-20220825,002,1795
838.9255,838.9309,40937,54244,Pipistrellus nathusii,0.304,0.48,-1,Echolocation,/mnt/ubna_data_01_mir/recover-20220825/UBNA_002/20220823_033000.WAV,Telephone Field,recover-20220825,002,1795
838.9365,838.9444,24609,35115,Eptesicus serotinus,0.008,0.026,-1,Echolocation,/mnt/ubna_data_01_mir/recover-20220825/UBNA_002/20220823_033000.WAV,Telephone Field,recover-20220825,002,1795
838.9375,838.9442,39218,49793,Myotis daubentonii,0.015,0.048,-1,Echolocation,/mnt/ubna_data_01_mir/recover-20220825/UBNA_002/20220823_033000.WAV,Telephone Field,recover-20220825,002,1795
838.9835,839.0262,68437,82974,Rhinolophus ferrumequinum,0.038,0.038,-1,Echolocation,/mnt/ubna_data_01_mir/recover-20220825/UBNA_002/20220823_033000.WAV,Telephone Field,recover-20220825,002,1795
838.9835,838.9898,40937,58264,Myotis brandtii,0.015,0.032,-1,Echolocation,/mnt/ubna_data_01_mir/recover-20220825/UBNA_002/20220823_033000.WAV,Telephone Field,recover-20220825,002,1795
839.0085,839.0174,36640,45931,Pipistrellus nathusii,0.033,0.089,-1,Echolocation,/mnt/ubna_data_01_mir/recover-20220825/UBNA_002/20220823_033000.WAV,Telephone Field,recover-20220825,002,1795
839.0115,839.0176,32343,48733,Myotis daubentonii,0.037,0.081,-1,Echolocation,/mnt/ubna_data_01_mir/recover-20220825/UBNA_002/20220823_033000.WAV,Telephone Field,recover-20220825,002,1795
839.0215,839.0285,55546,62295,Pipistrellus pygmaeus,0.027,0.027,-1,Echolocation,/mnt/ubna_data_01_mir/recover-20220825/UBNA_002/20220823_033000.WAV,Telephone Field,recover-20220825,002,1795
839.0315,839.0462,22031,26511,Nyctalus leisleri,0.012,0.029,-1,Echolocation,/mnt/ubna_data_01_mir/recover-20220825/UBNA_002/20220823_033000.WAV,Telephone Field,recover-20220825,002,1795
839.0355,839.0418999999999,28046,43721,Myotis daubentonii,0.013,0.027,-1,Echolocation,/mnt/ubna_data_01_mir/recover-20220825/UBNA_002/20220823_033000.WAV,Telephone Field,recover-20220825,002,1795
839.0355,839.0421,34921,51114,Myotis brandtii,0.011,0.025,-1,Echolocation,/mnt/ubna_data_01_mir/recover-20220825/UBNA_002/20220823_033000.WAV,Telephone Field,recover-20220825,002,1795
839.0585,839.064,37500,52474,Myotis brandtii,0.01,0.026,-1,Echolocation,/mnt/ubna_data_01_mir/recover-20220825/UBNA_002/20220823_033000.WAV,Telephone Field,recover-20220825,002,1795
839.0635,839.0691,31484,46294,Myotis daubentonii,0.017,0.031,-1,Echolocation,/mnt/ubna_data_01_mir/recover-20220825/UBNA_002/20220823_033000.WAV,Telephone Field,recover-20220825,002,1795
839.0945,839.1018,40937,54452,Pipistrellus nathusii,0.063,0.134,-1,Echolocation,/mnt/ubna_data_01_mir/recover-20220825/UBNA_002/20220823_033000.WAV,Telephone Field,recover-20220825,002,1795
839.1085,839.1285,19453,22757,Nyctalus noctula,0.014,0.029,-1,Echolocation,/mnt/ubna_data_01_mir/recover-20220825/UBNA_002/20220823_033000.WAV,Telephone Field,recover-20220825,002,1795
839.1165,839.1255,34921,42278,Barbastellus barbastellus,0.011,0.034,-1,Echolocation,/mnt/ubna_data_01_mir/recover-20220825/UBNA_002/20220823_033000.WAV,Telephone Field,recover-20220825,002,1795
839.1185,839.1249,25468,35837,Eptesicus serotinus,0.006,0.026,-1,Echolocation,/mnt/ubna_data_01_mir/recover-20220825/UBNA_002/20220823_033000.WAV,Telephone Field,recover-20220825,002,1795
839.1375,839.1456000000001,40937,47005,Pipistrellus nathusii,0.017,0.034,-1,Echolocation,/mnt/ubna_data_01_mir/recover-20220825/UBNA_002/20220823_033000.WAV,Telephone Field,recover-20220825,002,1795
839.1385,839.1451,32343,44482,Myotis daubentonii,0.014,0.028,-1,Echolocation,/mnt/ubna_data_01_mir/recover-20220825/UBNA_002/20220823_033000.WAV,Telephone Field,recover-20220825,002,1795
839.1514999999999,839.1595,42656,48003,Pipistrellus nathusii,0.029,0.05,-1,Echolocation,/mnt/ubna_data_01_mir/recover-20220825/UBNA_002/20220823_033000.WAV,Telephone Field,recover-20220825,002,1795
839.1905,839.1985,34062,45170,Myotis brandtii,0.011,0.036,-1,Echolocation,/mnt/ubna_data_01_mir/recover-20220825/UBNA_002/20220823_033000.WAV,Telephone Field,recover-20220825,002,1795
839.1925,839.2006,25468,35981,Eptesicus serotinus,0.011,0.032,-1,Echolocation,/mnt/ubna_data_01_mir/recover-20220825/UBNA_002/20220823_033000.WAV,Telephone Field,recover-20220825,002,1795
839.2205,839.2265,38359,49234,Pipistrellus nathusii,0.133,0.391,-1,Echolocation,/mnt/ubna_data_01_mir/recover-20220825/UBNA_002/20220823_033000.WAV,Telephone Field,recover-20220825,002,1795
839.2764999999999,839.282,35781,55711,Myotis brandtii,0.011,0.029,-1,Echolocation,/mnt/ubna_data_01_mir/recover-20220825/UBNA_002/20220823_033000.WAV,Telephone Field,recover-20220825,002,1795
839.2935,839.3013,40937,47521,Pipistrellus nathusii,0.355,0.497,-1,Echolocation,/mnt/ubna_data_01_mir/recover-20220825/UBNA_002/20220823_033000.WAV,Telephone Field,recover-20220825,002,1795
839.3465,839.3552,26328,35752,Eptesicus serotinus,0.009,0.026,-1,Echolocation,/mnt/ubna_data_01_mir/recover-20220825/UBNA_002/20220823_033000.WAV,Telephone Field,recover-20220825,002,1795
839.3775,839.3835,32343,59019,Myotis brandtii,0.014,0.028,-1,Echolocation,/mnt/ubna_data_01_mir/recover-20220825/UBNA_002/20220823_033000.WAV,Telephone Field,recover-20220825,002,1795
839.4025,839.4427,68437,82694,Rhinolophus ferrumequinum,0.025,0.025,-1,Echolocation,/mnt/ubna_data_01_mir/recover-20220825/UBNA_002/20220823_033000.WAV,Telephone Field,recover-20220825,002,1795
839.4085,839.414,38359,51215,Myotis daubentonii,0.024,0.05,-1,Echolocation,/mnt/ubna_data_01_mir/recover-20220825/UBNA_002/20220823_033000.WAV,Telephone Field,recover-20220825,002,1795
839.4375,839.4439,38359,50688,Myotis brandtii,0.031,0.085,-1,Echolocation,/mnt/ubna_data_01_mir/recover-20220825/UBNA_002/20220823_033000.WAV,Telephone Field,recover-20220825,002,1795
839.4465,839.4537,25468,35557,Eptesicus serotinus,0.007,0.026,-1,Echolocation,/mnt/ubna_data_01_mir/recover-20220825/UBNA_002/20220823_033000.WAV,Telephone Field,recover-20220825,002,1795
839.4675,839.4752,32343,43045,Myotis daubentonii,0.011,0.026,-1,Echolocation,/mnt/ubna_data_01_mir/recover-20220825/UBNA_002/20220823_033000.WAV,Telephone Field,recover-20220825,002,1795
839.4975,839.5036,40078,50170,Myotis daubentonii,0.126,0.345,-1,Echolocation,/mnt/ubna_data_01_mir/recover-20220825/UBNA_002/20220823_033000.WAV,Telephone Field,recover-20220825,002,1795
839.5195,839.538,20312,23262,Nyctalus leisleri,0.013,0.027,-1,Echolocation,/mnt/ubna_data_01_mir/recover-20220825/UBNA_002/20220823_033000.WAV,Telephone Field,recover-20220825,002,1795
839.5305,839.5395,38359,45077,Pipistrellus nathusii,0.021,0.043,-1,Echolocation,/mnt/ubna_data_01_mir/recover-20220825/UBNA_002/20220823_033000.WAV,Telephone Field,recover-20220825,002,1795
839.5335,839.5406,30625,43239,Myotis daubentonii,0.013,0.026,-1,Echolocation,/mnt/ubna_data_01_mir/recover-20220825/UBNA_002/20220823_033000.WAV,Telephone Field,recover-20220825,002,1795
839.5335,839.5413,25468,36441,Eptesicus serotinus,0.009,0.026,-1,Echolocation,/mnt/ubna_data_01_mir/recover-20220825/UBNA_002/20220823_033000.WAV,Telephone Field,recover-20220825,002,1795
839.5425,839.5532,22890,28088,Nyctalus leisleri,0.013,0.031,-1,Echolocation,/mnt/ubna_data_01_mir/recover-20220825/UBNA_002/20220823_033000.WAV,Telephone Field,recover-20220825,002,1795
839.5575,839.565,26328,36316,Eptesicus serotinus,0.008,0.026,-1,Echolocation,/mnt/ubna_data_01_mir/recover-20220825/UBNA_002/20220823_033000.WAV,Telephone Field,recover-20220825,002,1795
839.5645,839.5741,22890,28732,Nyctalus leisleri,0.009,0.027,-1,Echolocation,/mnt/ubna_data_01_mir/recover-20220825/UBNA_002/20220823_033000.WAV,Telephone Field,recover-20220825,002,1795
839.5755,839.5821,41796,51827,Pipistrellus nathusii,0.158,0.243,-1,Echolocation,/mnt/ubna_data_01_mir/recover-20220825/UBNA_002/20220823_033000.WAV,Telephone Field,recover-20220825,002,1795
839.6235,839.6303,41796,54201,Myotis brandtii,0.01,0.029,-1,Echolocation,/mnt/ubna_data_01_mir/recover-20220825/UBNA_002/20220823_033000.WAV,Telephone Field,recover-20220825,002,1795
839.6435,839.6631,19453,23433,Nyctalus noctula,0.027,0.043,-1,Echolocation,/mnt/ubna_data_01_mir/recover-20220825/UBNA_002/20220823_033000.WAV,Telephone Field,recover-20220825,002,1795
839.6655,839.672,42656,50402,Pipistrellus nathusii,0.152,0.259,-1,Echolocation,/mnt/ubna_data_01_mir/recover-20220825/UBNA_002/20220823_033000.WAV,Telephone Field,recover-20220825,002,1795
839.6865,839.6925,34921,44381,Myotis daubentonii,0.011,0.03,-1,Echolocation,/mnt/ubna_data_01_mir/recover-20220825/UBNA_002/20220823_033000.WAV,Telephone Field,recover-20220825,002,1795
839.6875,839.6942,25468,36666,Eptesicus serotinus,0.011,0.042,-1,Echolocation,/mnt/ubna_data_01_mir/recover-20220825/UBNA_002/20220823_033000.WAV,Telephone Field,recover-20220825,002,1795
839.6955,839.7019,58125,65486,Pipistrellus pygmaeus,0.038,0.038,-1,Echolocation,/mnt/ubna_data_01_mir/recover-20220825/UBNA_002/20220823_033000.WAV,Telephone Field,recover-20220825,002,1795
839.6985,839.706,26328,38419,Eptesicus serotinus,0.009,0.028,-1,Echolocation,/mnt/ubna_data_01_mir/recover-20220825/UBNA_002/20220823_033000.WAV,Telephone Field,recover-20220825,002,1795
839.6995,839.7072000000001,36640,44614,Pipistrellus nathusii,0.009,0.026,-1,Echolocation,/mnt/ubna_data_01_mir/recover-20220825/UBNA_002/20220823_033000.WAV,Telephone Field,recover-20220825,002,1795
839.7005,839.7082,32343,40147,Barbastellus barbastellus,0.009,0.027,-1,Echolocation,/mnt/ubna_data_01_mir/recover-20220825/UBNA_002/20220823_033000.WAV,Telephone Field,recover-20220825,002,1795
839.7305,839.7375,41796,53589,Pipistrellus nathusii,0.29,0.474,-1,Echolocation,/mnt/ubna_data_01_mir/recover-20220825/UBNA_002/20220823_033000.WAV,Telephone Field,recover-20220825,002,1795
839.7715,839.8136,68437,82955,Rhinolophus ferrumequinum,0.031,0.031,-1,Echolocation,/mnt/ubna_data_01_mir/recover-20220825/UBNA_002/20220823_033000.WAV,Telephone Field,recover-20220825,002,1795
839.7805,839.7863,40078,49897,Pipistrellus nathusii,0.212,0.466,-1,Echolocation,/mnt/ubna_data_01_mir/recover-20220825/UBNA_002/20220823_033000.WAV,Telephone Field,recover-20220825,002,1795
839.8205,839.8391,19453,23798,Nyctalus noctula,0.013,0.026,-1,Echolocation,/mnt/ubna_data_01_mir/recover-20220825/UBNA_002/20220823_033000.WAV,Telephone Field,recover-20220825,002,1795
839.8255,839.8315,39218,52220,Pipistrellus nathusii,0.139,0.357,-1,Echolocation,/mnt/ubna_data_01_mir/recover-20220825/UBNA_002/20220823_033000.WAV,Telephone Field,recover-20220825,002,1795
839.8465,839.8552999999999,45234,47632,Pipistrellus pipistrellus,0.021,0.025,-1,Echolocation,/mnt/ubna_data_01_mir/recover-20220825/UBNA_002/20220823_033000.WAV,Telephone Field,recover-20220825,002,1795
839.8665,839.8735,42656,50559,Pipistrellus nathusii,0.138,0.229,-1,Echolocation,/mnt/ubna_data_01_mir/recover-20220825/UBNA_002/20220823_033000.WAV,Telephone Field,recover-20220825,002,1795
839.8695,839.8751,28906,51122,Myotis daubentonii,0.025,0.046,-1,Echolocation,/mnt/ubna_data_01_mir/recover-20220825/UBNA_002/20220823_033000.WAV,Telephone Field,recover-20220825,002,1795
839.9035,839.9089,37500,57600,Myotis brandtii,0.024,0.044,-1,Echolocation,/mnt/ubna_data_01_mir/recover-20220825/UBNA_002/20220823_033000.WAV,Telephone Field,recover-20220825,002,1795
839.9655,839.9709,34062,50345,Myotis daubentonii,0.023,0.051,-1,Echolocation,/mnt/ubna_data_01_mir/recover-20220825/UBNA_002/20220823_033000.WAV,Telephone Field,recover-20220825,002,1795
839.9655,839.9727,25468,36829,Eptesicus serotinus,0.013,0.043,-1,Echolocation,/mnt/ubna_data_01_mir/recover-20220825/UBNA_002/20220823_033000.WAV,Telephone Field,recover-20220825,002,1795
839.9655,839.9711,41796,53705,Myotis brandtii,0.015,0.038,-1,Echolocation,/mnt/ubna_data_01_mir/recover-20220825/UBNA_002/20220823_033000.WAV,Telephone Field,recover-20220825,002,1795
839.9875,839.9975,24609,32914,Eptesicus serotinus,0.014,0.037,-1,Echolocation,/mnt/ubna_data_01_mir/recover-20220825/UBNA_002/20220823_033000.WAV,Telephone Field,recover-20220825,002,1795
840.0015,840.0122,49531,56879,Pipistrellus pygmaeus,0.015,0.027,-1,Echolocation,/mnt/ubna_data_01_mir/recover-20220825/UBNA_002/20220823_033000.WAV,Telephone Field,recover-20220825,002,1795
840.0015,840.0109,34921,44398,Pipistrellus nathusii,0.007,0.024,-1,Echolocation,/mnt/ubna_data_01_mir/recover-20220825/UBNA_002/20220823_033000.WAV,Telephone Field,recover-20220825,002,1795
840.0015,840.0342,68437,79974,Rhinolophus ferrumequinum,0.038,0.038,-1,Echolocation,/mnt/ubna_data_01_mir/recover-20220825/UBNA_002/20220823_033000.WAV,Telephone Field,recover-20220825,002,1795
840.0015,840.014,21171,26010,Nyctalus leisleri,0.015,0.037,-1,Echolocation,/mnt/ubna_data_01_mir/recover-20220825/UBNA_002/20220823_033000.WAV,Telephone Field,recover-20220825,002,1795
840.0135,840.0207,40078,48003,Pipistrellus nathusii,0.03,0.058,-1,Echolocation,/mnt/ubna_data_01_mir/recover-20220825/UBNA_002/20220823_033000.WAV,Telephone Field,recover-20220825,002,1795
840.0145,840.02,30625,57218,Myotis daubentonii,0.03,0.05,-1,Echolocation,/mnt/ubna_data_01_mir/recover-20220825/UBNA_002/20220823_033000.WAV,Telephone Field,recover-20220825,002,1795
840.0485,840.0561,26328,39581,Eptesicus serotinus,0.01,0.032,-1,Echolocation,/mnt/ubna_data_01_mir/recover-20220825/UBNA_002/20220823_033000.WAV,Telephone Field,recover-20220825,002,1795
840.0555,840.0626,47812,53210,Pipistrellus pipistrellus,0.021,0.025,-1,Echolocation,/mnt/ubna_data_01_mir/recover-20220825/UBNA_002/20220823_033000.WAV,Telephone Field,recover-20220825,002,1795
840.0755,840.0839,40078,47798,Pipistrellus nathusii,0.204,0.228,-1,Echolocation,/mnt/ubna_data_01_mir/recover-20220825/UBNA_002/20220823_033000.WAV,Telephone Field,recover-20220825,002,1795
840.1015,840.1113,28046,36033,Eptesicus serotinus,0.01,0.022,-1,Echolocation,/mnt/ubna_data_01_mir/recover-20220825/UBNA_002/20220823_033000.WAV,Telephone Field,recover-20220825,002,1795
840.1375,840.1455,40937,48913,Pipistrellus nathusii,0.141,0.165,-1,Echolocation,/mnt/ubna_data_01_mir/recover-20220825/UBNA_002/20220823_033000.WAV,Telephone Field,recover-20220825,002,1795
840.2025,840.2104,53828,62644,Pipistrellus pygmaeus,0.025,0.026,-1,Echolocation,/mnt/ubna_data_01_mir/recover-20220825/UBNA_002/20220823_033000.WAV,Telephone Field,recover-20220825,002,1795
840.2075,840.2147,40078,51126,Pipistrellus nathusii,0.008,0.022,-1,Echolocation,/mnt/ubna_data_01_mir/recover-20220825/UBNA_002/20220823_033000.WAV,Telephone Field,recover-20220825,002,1795
840.2275,840.2368,40078,45639,Pipistrellus nathusii,0.07,0.088,-1,Echolocation,/mnt/ubna_data_01_mir/recover-20220825/UBNA_002/20220823_033000.WAV,Telephone Field,recover-20220825,002,1795
840.2345,840.2428,27187,37603,Eptesicus serotinus,0.009,0.024,-1,Echolocation,/mnt/ubna_data_01_mir/recover-20220825/UBNA_002/20220823_033000.WAV,Telephone Field,recover-20220825,002,1795
840.2805,840.2893,56406,62070,Pipistrellus pygmaeus,0.025,0.025,-1,Echolocation,/mnt/ubna_data_01_mir/recover-20220825/UBNA_002/20220823_033000.WAV,Telephone Field,recover-20220825,002,1795
840.2895,840.2979,41796,48885,Pipistrellus nathusii,0.012,0.026,-1,Echolocation,/mnt/ubna_data_01_mir/recover-20220825/UBNA_002/20220823_033000.WAV,Telephone Field,recover-20220825,002,1795
840.2965,840.3089,23750,28714,Nyctalus leisleri,0.011,0.025,-1,Echolocation,/mnt/ubna_data_01_mir/recover-20220825/UBNA_002/20220823_033000.WAV,Telephone Field,recover-20220825,002,1795
840.3285,840.3367,27187,36020,Eptesicus serotinus,0.009,0.023,-1,Echolocation,/mnt/ubna_data_01_mir/recover-20220825/UBNA_002/20220823_033000.WAV,Telephone Field,recover-20220825,002,1795
840.3535,840.3607,41796,50941,Pipistrellus nathusii,0.007,0.023,-1,Echolocation,/mnt/ubna_data_01_mir/recover-20220825/UBNA_002/20220823_033000.WAV,Telephone Field,recover-20220825,002,1795
840.3565,840.363,31484,47042,Myotis daubentonii,0.011,0.025,-1,Echolocation,/mnt/ubna_data_01_mir/recover-20220825/UBNA_002/20220823_033000.WAV,Telephone Field,recover-20220825,002,1795
840.3815,840.4179,68437,82262,Rhinolophus ferrumequinum,0.025,0.025,-1,Echolocation,/mnt/ubna_data_01_mir/recover-20220825/UBNA_002/20220823_033000.WAV,Telephone Field,recover-20220825,002,1795
840.4395,840.4455,36640,55709,Myotis brandtii,0.01,0.022,-1,Echolocation,/mnt/ubna_data_01_mir/recover-20220825/UBNA_002/20220823_033000.WAV,Telephone Field,recover-20220825,002,1795
840.4395,840.4497,27187,37374,Eptesicus serotinus,0.014,0.03,-1,Echolocation,/mnt/ubna_data_01_mir/recover-20220825/UBNA_002/20220823_033000.WAV,Telephone Field,recover-20220825,002,1795
840.4515,840.4616,42656,47063,Pipistrellus nathusii,0.024,0.033,-1,Echolocation,/mnt/ubna_data_01_mir/recover-20220825/UBNA_002/20220823_033000.WAV,Telephone Field,recover-20220825,002,1795
840.5365,840.5479,42656,47499,Pipistrellus nathusii,0.058,0.07,-1,Echolocation,/mnt/ubna_data_01_mir/recover-20220825/UBNA_002/20220823_033000.WAV,Telephone Field,recover-20220825,002,1795
840.5405,840.5466,29765,52288,Myotis daubentonii,0.011,0.026,-1,Echolocation,/mnt/ubna_data_01_mir/recover-20220825/UBNA_002/20220823_033000.WAV,Telephone Field,recover-20220825,002,1795
840.5505,840.5604,28046,38156,Eptesicus serotinus,0.009,0.022,-1,Echolocation,/mnt/ubna_data_01_mir/recover-20220825/UBNA_002/20220823_033000.WAV,Telephone Field,recover-20220825,002,1795
840.5935,840.6023,27187,37941,Eptesicus serotinus,0.009,0.022,-1,Echolocation,/mnt/ubna_data_01_mir/recover-20220825/UBNA_002/20220823_033000.WAV,Telephone Field,recover-20220825,002,1795
840.6065,840.6143,28046,39456,Eptesicus serotinus,0.007,0.022,-1,Echolocation,/mnt/ubna_data_01_mir/recover-20220825/UBNA_002/20220823_033000.WAV,Telephone Field,recover-20220825,002,1795
840.6105,840.6467,68437,81974,Rhinolophus ferrumequinum,0.023,0.023,-1,Echolocation,/mnt/ubna_data_01_mir/recover-20220825/UBNA_002/20220823_033000.WAV,Telephone Field,recover-20220825,002,1795
840.6295,840.6388,41796,47654,Pipistrellus nathusii,0.026,0.042,-1,Echolocation,/mnt/ubna_data_01_mir/recover-20220825/UBNA_002/20220823_033000.WAV,Telephone Field,recover-20220825,002,1795
840.6545,840.6663,28046,35160,Eptesicus serotinus,0.027,0.043,-1,Echolocation,/mnt/ubna_data_01_mir/recover-20220825/UBNA_002/20220823_033000.WAV,Telephone Field,recover-20220825,002,1795
840.7275,840.7354,34921,41651,Barbastellus barbastellus,0.036,0.057,-1,Echolocation,/mnt/ubna_data_01_mir/recover-20220825/UBNA_002/20220823_033000.WAV,Telephone Field,recover-20220825,002,1795
840.7515,840.7589,41796,50416,Pipistrellus nathusii,0.01,0.026,-1,Echolocation,/mnt/ubna_data_01_mir/recover-20220825/UBNA_002/20220823_033000.WAV,Telephone Field,recover-20220825,002,1795
840.7625,840.7733,22890,27595,Nyctalus leisleri,0.011,0.023,-1,Echolocation,/mnt/ubna_data_01_mir/recover-20220825/UBNA_002/20220823_033000.WAV,Telephone Field,recover-20220825,002,1795
840.7685,840.8072,68437,82903,Rhinolophus ferrumequinum,0.025,0.025,-1,Echolocation,/mnt/ubna_data_01_mir/recover-20220825/UBNA_002/20220823_033000.WAV,Telephone Field,recover-20220825,002,1795
840.7755,840.7856,27187,35907,Eptesicus serotinus,0.015,0.031,-1,Echolocation,/mnt/ubna_data_01_mir/recover-20220825/UBNA_002/20220823_033000.WAV,Telephone Field,recover-20220825,002,1795
840.7785,840.7864,40078,48025,Pipistrellus nathusii,0.011,0.024,-1,Echolocation,/mnt/ubna_data_01_mir/recover-20220825/UBNA_002/20220823_033000.WAV,Telephone Field,recover-20220825,002,1795
840.8175,840.8241,40078,54689,Pipistrellus nathusii,0.318,0.475,-1,Echolocation,/mnt/ubna_data_01_mir/recover-20220825/UBNA_002/20220823_033000.WAV,Telephone Field,recover-20220825,002,1795
840.8675,840.9072,68437,82715,Rhinolophus ferrumequinum,0.023,0.023,-1,Echolocation,/mnt/ubna_data_01_mir/recover-20220825/UBNA_002/20220823_033000.WAV,Telephone Field,recover-20220825,002,1795
840.8905,840.8979,41796,49822,Pipistrellus nathusii,0.377,0.468,-1,Echolocation,/mnt/ubna_data_01_mir/recover-20220825/UBNA_002/20220823_033000.WAV,Telephone Field,recover-20220825,002,1795
840.8925,840.9034,16015,20919,Nyctalus noctula,0.007,0.023,-1,Echolocation,/mnt/ubna_data_01_mir/recover-20220825/UBNA_002/20220823_033000.WAV,Telephone Field,recover-20220825,002,1795
840.9605,840.9675,40937,54130,Pipistrellus nathusii,0.566,0.636,-1,Echolocation,/mnt/ubna_data_01_mir/recover-20220825/UBNA_002/20220823_033000.WAV,Telephone Field,recover-20220825,002,1795
840.9625,840.9687,29765,47238,Myotis daubentonii,0.013,0.024,-1,Echolocation,/mnt/ubna_data_01_mir/recover-20220825/UBNA_002/20220823_033000.WAV,Telephone Field,recover-20220825,002,1795
840.9895,840.9976,37500,46462,Pipistrellus nathusii,0.014,0.028,-1,Echolocation,/mnt/ubna_data_01_mir/recover-20220825/UBNA_002/20220823_033000.WAV,Telephone Field,recover-20220825,002,1795
841.0405,841.047,40937,49522,Pipistrellus nathusii,0.495,0.554,-1,Echolocation,/mnt/ubna_data_01_mir/recover-20220825/UBNA_002/20220823_033000.WAV,Telephone Field,recover-20220825,002,1795
841.0515,841.0605,27187,35067,Eptesicus serotinus,0.008,0.022,-1,Echolocation,/mnt/ubna_data_01_mir/recover-20220825/UBNA_002/20220823_033000.WAV,Telephone Field,recover-20220825,002,1795
841.1025,841.1088,40078,53967,Pipistrellus nathusii,0.539,0.584,-1,Echolocation,/mnt/ubna_data_01_mir/recover-20220825/UBNA_002/20220823_033000.WAV,Telephone Field,recover-20220825,002,1795
841.1095,841.1151,31484,42834,Myotis daubentonii,0.014,0.023,-1,Echolocation,/mnt/ubna_data_01_mir/recover-20220825/UBNA_002/20220823_033000.WAV,Telephone Field,recover-20220825,002,1795
841.1305,841.1386,28046,38465,Eptesicus serotinus,0.01,0.025,-1,Echolocation,/mnt/ubna_data_01_mir/recover-20220825/UBNA_002/20220823_033000.WAV,Telephone Field,recover-20220825,002,1795
841.1755,841.1819,28906,55511,Myotis daubentonii,0.017,0.031,-1,Echolocation,/mnt/ubna_data_01_mir/recover-20220825/UBNA_002/20220823_033000.WAV,Telephone Field,recover-20220825,002,1795
841.1775,841.1843,40937,52414,Pipistrellus nathusii,0.521,0.552,-1,Echolocation,/mnt/ubna_data_01_mir/recover-20220825/UBNA_002/20220823_033000.WAV,Telephone Field,recover-20220825,002,1795
841.1845,841.2225,68437,81576,Rhinolophus ferrumequinum,0.022,0.022,-1,Echolocation,/mnt/ubna_data_01_mir/recover-20220825/UBNA_002/20220823_033000.WAV,Telephone Field,recover-20220825,002,1795
841.2215,841.2339,57265,63306,Pipistrellus pygmaeus,0.062,0.063,-1,Echolocation,/mnt/ubna_data_01_mir/recover-20220825/UBNA_002/20220823_033000.WAV,Telephone Field,recover-20220825,002,1795
841.2445,841.2598,14296,18542,Nyctalus noctula,0.02,0.033,-1,Echolocation,/mnt/ubna_data_01_mir/recover-20220825/UBNA_002/20220823_033000.WAV,Telephone Field,recover-20220825,002,1795
841.2515,841.2582,38359,52213,Myotis brandtii,0.008,0.022,-1,Echolocation,/mnt/ubna_data_01_mir/recover-20220825/UBNA_002/20220823_033000.WAV,Telephone Field,recover-20220825,002,1795
841.2525,841.261,28046,35913,Eptesicus serotinus,0.013,0.03,-1,Echolocation,/mnt/ubna_data_01_mir/recover-20220825/UBNA_002/20220823_033000.WAV,Telephone Field,recover-20220825,002,1795
841.2655,841.2726,40937,53711,Pipistrellus nathusii,0.361,0.516,-1,Echolocation,/mnt/ubna_data_01_mir/recover-20220825/UBNA_002/20220823_033000.WAV,Telephone Field,recover-20220825,002,1795
841.2775,841.312,68437,80915,Rhinolophus ferrumequinum,0.023,0.024,-1,Echolocation,/mnt/ubna_data_01_mir/recover-20220825/UBNA_002/20220823_033000.WAV,Telephone Field,recover-20220825,002,1795
841.3255,841.3318,40937,57565,Pipistrellus nathusii,0.269,0.406,-1,Echolocation,/mnt/ubna_data_01_mir/recover-20220825/UBNA_002/20220823_033000.WAV,Telephone Field,recover-20220825,002,1795
841.3335,841.3394,33203,42772,Myotis daubentonii,0.013,0.023,-1,Echolocation,/mnt/ubna_data_01_mir/recover-20220825/UBNA_002/20220823_033000.WAV,Telephone Field,recover-20220825,002,1795
841.3735,841.3799,40937,57514,Pipistrellus nathusii,0.331,0.451,-1,Echolocation,/mnt/ubna_data_01_mir/recover-20220825/UBNA_002/20220823_033000.WAV,Telephone Field,recover-20220825,002,1795
841.4215,841.4292,27187,42842,Eptesicus serotinus,0.009,0.023,-1,Echolocation,/mnt/ubna_data_01_mir/recover-20220825/UBNA_002/20220823_033000.WAV,Telephone Field,recover-20220825,002,1795
841.4215,841.4283,34921,45408,Myotis daubentonii,0.009,0.023,-1,Echolocation,/mnt/ubna_data_01_mir/recover-20220825/UBNA_002/20220823_033000.WAV,Telephone Field,recover-20220825,002,1795
841.4345,841.443,27187,36986,Eptesicus serotinus,0.01,0.027,-1,Echolocation,/mnt/ubna_data_01_mir/recover-20220825/UBNA_002/20220823_033000.WAV,Telephone Field,recover-20220825,002,1795
841.4355,841.4428,33203,42201,Barbastellus barbastellus,0.011,0.029,-1,Echolocation,/mnt/ubna_data_01_mir/recover-20220825/UBNA_002/20220823_033000.WAV,Telephone Field,recover-20220825,002,1795
841.4505,841.4573,40937,54076,Pipistrellus nathusii,0.309,0.483,-1,Echolocation,/mnt/ubna_data_01_mir/recover-20220825/UBNA_002/20220823_033000.WAV,Telephone Field,recover-20220825,002,1795
841.4635,841.4754,29765,34661,Eptesicus serotinus,0.009,0.023,-1,Echolocation,/mnt/ubna_data_01_mir/recover-20220825/UBNA_002/20220823_033000.WAV,Telephone Field,recover-20220825,002,1795
841.5235,841.5318,28046,35920,Eptesicus serotinus,0.008,0.023,-1,Echolocation,/mnt/ubna_data_01_mir/recover-20220825/UBNA_002/20220823_033000.WAV,Telephone Field,recover-20220825,002,1795
841.5395,841.5454,39218,52822,Pipistrellus nathusii,0.221,0.402,-1,Echolocation,/mnt/ubna_data_01_mir/recover-20220825/UBNA_002/20220823_033000.WAV,Telephone Field,recover-20220825,002,1795
841.5545,841.5637,26328,33915,Eptesicus serotinus,0.013,0.03,-1,Echolocation,/mnt/ubna_data_01_mir/recover-20220825/UBNA_002/20220823_033000.WAV,Telephone Field,recover-20220825,002,1795
841.5715,841.5795,41796,46274,Pipistrellus nathusii,0.056,0.067,-1,Echolocation,/mnt/ubna_data_01_mir/recover-20220825/UBNA_002/20220823_033000.WAV,Telephone Field,recover-20220825,002,1795
841.6175,841.6237,40937,54798,Pipistrellus nathusii,0.44,0.501,-1,Echolocation,/mnt/ubna_data_01_mir/recover-20220825/UBNA_002/20220823_033000.WAV,Telephone Field,recover-20220825,002,1795
841.6765,841.6827,40937,55225,Pipistrellus nathusii,0.149,0.189,-1,Echolocation,/mnt/ubna_data_01_mir/recover-20220825/UBNA_002/20220823_033000.WAV,Telephone Field,recover-20220825,002,1795
841.6855,841.6917,49531,54225,Pipistrellus pipistrellus,0.014,0.024,-1,Echolocation,/mnt/ubna_data_01_mir/recover-20220825/UBNA_002/20220823_033000.WAV,Telephone Field,recover-20220825,002,1795
841.6855,841.6932,40078,54088,Pipistrellus nathusii,0.333,0.376,-1,Echolocation,/mnt/ubna_data_01_mir/recover-20220825/UBNA_002/20220823_033000.WAV,Telephone Field,recover-20220825,002,1795
841.7075,841.7173,26328,34441,Eptesicus serotinus,0.009,0.022,-1,Echolocation,/mnt/ubna_data_01_mir/recover-20220825/UBNA_002/20220823_033000.WAV,Telephone Field,recover-20220825,002,1795
841.7315,841.7392,56406,61948,Pipistrellus pygmaeus,0.036,0.036,-1,Echolocation,/mnt/ubna_data_01_mir/recover-20220825/UBNA_002/20220823_033000.WAV,Telephone Field,recover-20220825,002,1795
841.7335,841.7424,28046,35184,Eptesicus serotinus,0.012,0.025,-1,Echolocation,/mnt/ubna_data_01_mir/recover-20220825/UBNA_002/20220823_033000.WAV,Telephone Field,recover-20220825,002,1795
841.7465,841.7526,40078,55864,Pipistrellus nathusii,0.369,0.444,-1,Echolocation,/mnt/ubna_data_01_mir/recover-20220825/UBNA_002/20220823_033000.WAV,Telephone Field,recover-20220825,002,1795
841.7555,841.7622,33203,42950,Myotis daubentonii,0.011,0.023,-1,Echolocation,/mnt/ubna_data_01_mir/recover-20220825/UBNA_002/20220823_033000.WAV,Telephone Field,recover-20220825,002,1795
841.7655,841.7736,25468,34225,Eptesicus serotinus,0.006,0.022,-1,Echolocation,/mnt/ubna_data_01_mir/recover-20220825/UBNA_002/20220823_033000.WAV,Telephone Field,recover-20220825,002,1795
841.7995,841.8072,27187,36616,Eptesicus serotinus,0.011,0.029,-1,Echolocation,/mnt/ubna_data_01_mir/recover-20220825/UBNA_002/20220823_033000.WAV,Telephone Field,recover-20220825,002,1795
841.7995,841.805,33203,42785,Myotis daubentonii,0.009,0.025,-1,Echolocation,/mnt/ubna_data_01_mir/recover-20220825/UBNA_002/20220823_033000.WAV,Telephone Field,recover-20220825,002,1795
841.8175,841.8247,39218,55725,Pipistrellus nathusii,0.475,0.624,-1,Echolocation,/mnt/ubna_data_01_mir/recover-20220825/UBNA_002/20220823_033000.WAV,Telephone Field,recover-20220825,002,1795
841.8275,841.8332,29765,42187,Myotis daubentonii,0.012,0.023,-1,Echolocation,/mnt/ubna_data_01_mir/recover-20220825/UBNA_002/20220823_033000.WAV,Telephone Field,recover-20220825,002,1795
841.8895,841.8977,40078,51217,Pipistrellus nathusii,0.009,0.026,-1,Echolocation,/mnt/ubna_data_01_mir/recover-20220825/UBNA_002/20220823_033000.WAV,Telephone Field,recover-20220825,002,1795
841.8905,841.8979,27187,38975,Eptesicus serotinus,0.007,0.022,-1,Echolocation,/mnt/ubna_data_01_mir/recover-20220825/UBNA_002/20220823_033000.WAV,Telephone Field,recover-20220825,002,1795
841.9015,841.9068,40937,55692,Pipistrellus nathusii,0.383,0.466,-1,Echolocation,/mnt/ubna_data_01_mir/recover-20220825/UBNA_002/20220823_033000.WAV,Telephone Field,recover-20220825,002,1795
841.9405,841.947,34062,47190,Myotis daubentonii,0.009,0.023,-1,Echolocation,/mnt/ubna_data_01_mir/recover-20220825/UBNA_002/20220823_033000.WAV,Telephone Field,recover-20220825,002,1795
841.9905,841.9993,48671,53814,Pipistrellus pipistrellus,0.018,0.035,-1,Echolocation,/mnt/ubna_data_01_mir/recover-20220825/UBNA_002/20220823_033000.WAV,Telephone Field,recover-20220825,002,1795
841.9925,841.9981,40078,59143,Pipistrellus nathusii,0.315,0.493,-1,Echolocation,/mnt/ubna_data_01_mir/recover-20220825/UBNA_002/20220823_033000.WAV,Telephone Field,recover-20220825,002,1795
842.0015,842.0093,39218,46391,Pipistrellus nathusii,0.011,0.025,-1,Echolocation,/mnt/ubna_data_01_mir/recover-20220825/UBNA_002/20220823_033000.WAV,Telephone Field,recover-20220825,002,1795
842.0015,842.0101,46953,55348,Pipistrellus pipistrellus,0.014,0.024,-1,Echolocation,/mnt/ubna_data_01_mir/recover-20220825/UBNA_002/20220823_033000.WAV,Telephone Field,recover-20220825,002,1795
842.0015,842.0146,59843,71941,Pipistrellus pygmaeus,0.029,0.03,-1,Echolocation,/mnt/ubna_data_01_mir/recover-20220825/UBNA_002/20220823_033000.WAV,Telephone Field,recover-20220825,002,1795
842.0015,842.0097,25468,36993,Nyctalus leisleri,0.005,0.024,-1,Echolocation,/mnt/ubna_data_01_mir/recover-20220825/UBNA_002/20220823_033000.WAV,Telephone Field,recover-20220825,002,1795
842.0015,842.0109,17734,25965,Nyctalus noctula,0.008,0.024,-1,Echolocation,/mnt/ubna_data_01_mir/recover-20220825/UBNA_002/20220823_033000.WAV,Telephone Field,recover-20220825,002,1795
842.0015,842.0263,69296,83782,Rhinolophus ferrumequinum,0.028,0.029,-1,Echolocation,/mnt/ubna_data_01_mir/recover-20220825/UBNA_002/20220823_033000.WAV,Telephone Field,recover-20220825,002,1795
842.0085,842.0195,61562,69758,Pipistrellus pygmaeus,0.024,0.024,-1,Echolocation,/mnt/ubna_data_01_mir/recover-20220825/UBNA_002/20220823_033000.WAV,Telephone Field,recover-20220825,002,1795
842.0125,842.021,49531,58083,Pipistrellus pipistrellus,0.017,0.024,-1,Echolocation,/mnt/ubna_data_01_mir/recover-20220825/UBNA_002/20220823_033000.WAV,Telephone Field,recover-20220825,002,1795
842.0155,842.0256,22890,27913,Nyctalus leisleri,0.01,0.023,-1,Echolocation,/mnt/ubna_data_01_mir/recover-20220825/UBNA_002/20220823_033000.WAV,Telephone Field,recover-20220825,002,1795
842.0305,842.0394,46093,51919,Pipistrellus pipistrellus,0.034,0.04,-1,Echolocation,/mnt/ubna_data_01_mir/recover-20220825/UBNA_002/20220823_033000.WAV,Telephone Field,recover-20220825,002,1795
842.0385,842.0441,32343,62155,Myotis brandtii,0.014,0.031,-1,Echolocation,/mnt/ubna_data_01_mir/recover-20220825/UBNA_002/20220823_033000.WAV,Telephone Field,recover-20220825,002,1795
842.0415,842.0499,56406,66635,Pipistrellus pygmaeus,0.028,0.028,-1,Echolocation,/mnt/ubna_data_01_mir/recover-20220825/UBNA_002/20220823_033000.WAV,Telephone Field,recover-20220825,002,1795
842.0445,842.0524,23750,37304,Myotis nattereri,0.007,0.023,-1,Echolocation,/mnt/ubna_data_01_mir/recover-20220825/UBNA_002/20220823_033000.WAV,Telephone Field,recover-20220825,002,1795
842.0635,842.0752,39218,46886,Pipistrellus nathusii,0.015,0.025,-1,Echolocation,/mnt/ubna_data_01_mir/recover-20220825/UBNA_002/20220823_033000.WAV,Telephone Field,recover-20220825,002,1795
842.0755,842.0808,30625,66637,Myotis bechsteinii,0.021,0.05,-1,Echolocation,/mnt/ubna_data_01_mir/recover-20220825/UBNA_002/20220823_033000.WAV,Telephone Field,recover-20220825,002,1795
842.0775,842.0846,40078,53707,Pipistrellus nathusii,0.66,0.674,-1,Echolocation,/mnt/ubna_data_01_mir/recover-20220825/UBNA_002/20220823_033000.WAV,Telephone Field,recover-20220825,002,1795
842.0935,842.1305,68437,82063,Rhinolophus ferrumequinum,0.03,0.03,-1,Echolocation,/mnt/ubna_data_01_mir/recover-20220825/UBNA_002/20220823_033000.WAV,Telephone Field,recover-20220825,002,1795
842.1515,842.1569,38359,57071,Myotis brandtii,0.01,0.035,-1,Echolocation,/mnt/ubna_data_01_mir/recover-20220825/UBNA_002/20220823_033000.WAV,Telephone Field,recover-20220825,002,1795
842.1545,842.1606,23750,37593,Plecotus austriacus,0.014,0.037,-1,Echolocation,/mnt/ubna_data_01_mir/recover-20220825/UBNA_002/20220823_033000.WAV,Telephone Field,recover-20220825,002,1795
842.1665,842.1736,30625,62742,Myotis bechsteinii,0.01,0.026,-1,Echolocation,/mnt/ubna_data_01_mir/recover-20220825/UBNA_002/20220823_033000.WAV,Telephone Field,recover-20220825,002,1795
842.1685,842.1762,39218,54485,Pipistrellus nathusii,0.72,0.735,-1,Echolocation,/mnt/ubna_data_01_mir/recover-20220825/UBNA_002/20220823_033000.WAV,Telephone Field,recover-20220825,002,1795
842.1765,842.1825,37500,52244,Myotis brandtii,0.014,0.025,-1,Echolocation,/mnt/ubna_data_01_mir/recover-20220825/UBNA_002/20220823_033000.WAV,Telephone Field,recover-20220825,002,1795
842.2515,842.2568,28906,71928,Myotis bechsteinii,0.043,0.073,-1,Echolocation,/mnt/ubna_data_01_mir/recover-20220825/UBNA_002/20220823_033000.WAV,Telephone Field,recover-20220825,002,1795
842.2525,842.2591,39218,55436,Pipistrellus nathusii,0.589,0.629,-1,Echolocation,/mnt/ubna_data_01_mir/recover-20220825/UBNA_002/20220823_033000.WAV,Telephone Field,recover-20220825,002,1795
842.2605,842.2684,27187,39079,Eptesicus serotinus,0.007,0.027,-1,Echolocation,/mnt/ubna_data_01_mir/recover-20220825/UBNA_002/20220823_033000.WAV,Telephone Field,recover-20220825,002,1795
842.3155,842.3219,48671,56522,Pipistrellus pipistrellus,0.015,0.024,-1,Echolocation,/mnt/ubna_data_01_mir/recover-20220825/UBNA_002/20220823_033000.WAV,Telephone Field,recover-20220825,002,1795
842.3245,842.3318,39218,59691,Pipistrellus nathusii,0.646,0.682,-1,Echolocation,/mnt/ubna_data_01_mir/recover-20220825/UBNA_002/20220823_033000.WAV,Telephone Field,recover-20220825,002,1795
842.3245,842.3307,30625,68035,Myotis bechsteinii,0.021,0.043,-1,Echolocation,/mnt/ubna_data_01_mir/recover-20220825/UBNA_002/20220823_033000.WAV,Telephone Field,recover-20220825,002,1795
842.3335,842.3389,33203,55727,Myotis brandtii,0.012,0.024,-1,Echolocation,/mnt/ubna_data_01_mir/recover-20220825/UBNA_002/20220823_033000.WAV,Telephone Field,recover-20220825,002,1795
842.3445,842.3825,68437,82316,Rhinolophus ferrumequinum,0.024,0.024,-1,Echolocation,/mnt/ubna_data_01_mir/recover-20220825/UBNA_002/20220823_033000.WAV,Telephone Field,recover-20220825,002,1795
842.3945,842.404,40078,46623,Pipistrellus nathusii,0.01,0.024,-1,Echolocation,/mnt/ubna_data_01_mir/recover-20220825/UBNA_002/20220823_033000.WAV,Telephone Field,recover-20220825,002,1795
842.4175,842.4231,32343,55986,Myotis daubentonii,0.008,0.026,-1,Echolocation,/mnt/ubna_data_01_mir/recover-20220825/UBNA_002/20220823_033000.WAV,Telephone Field,recover-20220825,002,1795
842.4195,842.4265,23750,37409,Myotis nattereri,0.009,0.026,-1,Echolocation,/mnt/ubna_data_01_mir/recover-20220825/UBNA_002/20220823_033000.WAV,Telephone Field,recover-20220825,002,1795
842.4385,842.4436,29765,70794,Myotis brandtii,0.018,0.043,-1,Echolocation,/mnt/ubna_data_01_mir/recover-20220825/UBNA_002/20220823_033000.WAV,Telephone Field,recover-20220825,002,1795
842.4395,842.4495,53828,59202,Pipistrellus pygmaeus,0.023,0.025,-1,Echolocation,/mnt/ubna_data_01_mir/recover-20220825/UBNA_002/20220823_033000.WAV,Telephone Field,recover-20220825,002,1795
842.4395,842.447,40078,56502,Pipistrellus nathusii,0.632,0.665,-1,Echolocation,/mnt/ubna_data_01_mir/recover-20220825/UBNA_002/20220823_033000.WAV,Telephone Field,recover-20220825,002,1795
842.4395,842.4455,48671,55087,Pipistrellus pipistrellus,0.017,0.031,-1,Echolocation,/mnt/ubna_data_01_mir/recover-20220825/UBNA_002/20220823_033000.WAV,Telephone Field,recover-20220825,002,1795
842.4555,842.4829,68437,79523,Rhinolophus ferrumequinum,0.025,0.026,-1,Echolocation,/mnt/ubna_data_01_mir/recover-20220825/UBNA_002/20220823_033000.WAV,Telephone Field,recover-20220825,002,1795
842.4835,842.4898,32343,61753,Myotis brandtii,0.012,0.028,-1,Echolocation,/mnt/ubna_data_01_mir/recover-20220825/UBNA_002/20220823_033000.WAV,Telephone Field,recover-20220825,002,1795
842.5155,842.5233,48671,56130,Pipistrellus pipistrellus,0.019,0.028,-1,Echolocation,/mnt/ubna_data_01_mir/recover-20220825/UBNA_002/20220823_033000.WAV,Telephone Field,recover-20220825,002,1795
842.5225,842.5287,29765,68644,Myotis bechsteinii,0.018,0.037,-1,Echolocation,/mnt/ubna_data_01_mir/recover-20220825/UBNA_002/20220823_033000.WAV,Telephone Field,recover-20220825,002,1795
842.5235,842.5314,39218,60531,Pipistrellus nathusii,0.647,0.681,-1,Echolocation,/mnt/ubna_data_01_mir/recover-20220825/UBNA_002/20220823_033000.WAV,Telephone Field,recover-20220825,002,1795
842.5245,842.5315,49531,54857,Pipistrellus pipistrellus,0.014,0.026,-1,Echolocation,/mnt/ubna_data_01_mir/recover-20220825/UBNA_002/20220823_033000.WAV,Telephone Field,recover-20220825,002,1795
842.5315,842.539,27187,44579,Eptesicus serotinus,0.007,0.026,-1,Echolocation,/mnt/ubna_data_01_mir/recover-20220825/UBNA_002/20220823_033000.WAV,Telephone Field,recover-20220825,002,1795
842.5335,842.5397,38359,53833,Myotis brandtii,0.013,0.024,-1,Echolocation,/mnt/ubna_data_01_mir/recover-20220825/UBNA_002/20220823_033000.WAV,Telephone Field,recover-20220825,002,1795
842.6005,842.6067,39218,59780,Myotis mystacinus,0.009,0.025,-1,Echolocation,/mnt/ubna_data_01_mir/recover-20220825/UBNA_002/20220823_033000.WAV,Telephone Field,recover-20220825,002,1795
842.6145,842.6204,28906,70800,Myotis bechsteinii,0.059,0.098,-1,Echolocation,/mnt/ubna_data_01_mir/recover-20220825/UBNA_002/20220823_033000.WAV,Telephone Field,recover-20220825,002,1795
842.6145,842.6222,39218,58955,Pipistrellus nathusii,0.39,0.518,-1,Echolocation,/mnt/ubna_data_01_mir/recover-20220825/UBNA_002/20220823_033000.WAV,Telephone Field,recover-20220825,002,1795
842.6155,842.6227,48671,53162,Pipistrellus pipistrellus,0.022,0.037,-1,Echolocation,/mnt/ubna_data_01_mir/recover-20220825/UBNA_002/20220823_033000.WAV,Telephone Field,recover-20220825,002,1795
842.6235,842.6292,33203,48425,Myotis brandtii,0.012,0.03,-1,Echolocation,/mnt/ubna_data_01_mir/recover-20220825/UBNA_002/20220823_033000.WAV,Telephone Field,recover-20220825,002,1795
842.6285,842.6593,68437,81024,Rhinolophus ferrumequinum,0.025,0.025,-1,Echolocation,/mnt/ubna_data_01_mir/recover-20220825/UBNA_002/20220823_033000.WAV,Telephone Field,recover-20220825,002,1795
842.7055,842.7133,39218,62032,Pipistrellus nathusii,0.472,0.578,-1,Echolocation,/mnt/ubna_data_01_mir/recover-20220825/UBNA_002/20220823_033000.WAV,Telephone Field,recover-20220825,002,1795
842.7055,842.7107,29765,76571,Myotis bechsteinii,0.07,0.108,-1,Echolocation,/mnt/ubna_data_01_mir/recover-20220825/UBNA_002/20220823_033000.WAV,Telephone Field,recover-20220825,002,1795
842.7075,842.7134,49531,54889,Pipistrellus pipistrellus,0.018,0.036,-1,Echolocation,/mnt/ubna_data_01_mir/recover-20220825/UBNA_002/20220823_033000.WAV,Telephone Field,recover-20220825,002,1795
842.7145,842.7234,27187,35318,Nyctalus leisleri,0.009,0.029,-1,Echolocation,/mnt/ubna_data_01_mir/recover-20220825/UBNA_002/20220823_033000.WAV,Telephone Field,recover-20220825,002,1795
842.7145,842.7204,34921,48158,Myotis brandtii,0.012,0.03,-1,Echolocation,/mnt/ubna_data_01_mir/recover-20220825/UBNA_002/20220823_033000.WAV,Telephone Field,recover-20220825,002,1795
842.7905,842.7987,53828,59358,Pipistrellus pygmaeus,0.029,0.03,-1,Echolocation,/mnt/ubna_data_01_mir/recover-20220825/UBNA_002/20220823_033000.WAV,Telephone Field,recover-20220825,002,1795
842.7905,842.7968,49531,56529,Pipistrellus pipistrellus,0.017,0.029,-1,Echolocation,/mnt/ubna_data_01_mir/recover-20220825/UBNA_002/20220823_033000.WAV,Telephone Field,recover-20220825,002,1795
842.7935,842.8,45234,58111,Pipistrellus pipistrellus,0.008,0.026,-1,Echolocation,/mnt/ubna_data_01_mir/recover-20220825/UBNA_002/20220823_033000.WAV,Telephone Field,recover-20220825,002,1795
842.7945,842.8013,30625,67479,Myotis bechsteinii,0.024,0.046,-1,Echolocation,/mnt/ubna_data_01_mir/recover-20220825/UBNA_002/20220823_033000.WAV,Telephone Field,recover-20220825,002,1795
842.7965,842.8054,37500,62079,Pipistrellus nathusii,0.687,0.711,-1,Echolocation,/mnt/ubna_data_01_mir/recover-20220825/UBNA_002/20220823_033000.WAV,Telephone Field,recover-20220825,002,1795
842.7965,842.8026,50390,56736,Pipistrellus pipistrellus,0.014,0.026,-1,Echolocation,/mnt/ubna_data_01_mir/recover-20220825/UBNA_002/20220823_033000.WAV,Telephone Field,recover-20220825,002,1795
842.8085,842.8374,68437,80820,Rhinolophus ferrumequinum,0.025,0.026,-1,Echolocation,/mnt/ubna_data_01_mir/recover-20220825/UBNA_002/20220823_033000.WAV,Telephone Field,recover-20220825,002,1795
842.8175,842.8507,68437,81726,Rhinolophus ferrumequinum,0.026,0.027,-1,Echolocation,/mnt/ubna_data_01_mir/recover-20220825/UBNA_002/20220823_033000.WAV,Telephone Field,recover-20220825,002,1795
842.8355,842.8452,29765,37197,Eptesicus serotinus,0.01,0.03,-1,Echolocation,/mnt/ubna_data_01_mir/recover-20220825/UBNA_002/20220823_033000.WAV,Telephone Field,recover-20220825,002,1795
842.8855,842.8928,36640,68173,Pipistrellus nathusii,0.382,0.491,-1,Echolocation,/mnt/ubna_data_01_mir/recover-20220825/UBNA_002/20220823_033000.WAV,Telephone Field,recover-20220825,002,1795
842.8855,842.8913,27187,78699,Myotis bechsteinii,0.113,0.15,-1,Echolocation,/mnt/ubna_data_01_mir/recover-20220825/UBNA_002/20220823_033000.WAV,Telephone Field,recover-20220825,002,1795
842.8865,842.8942,52109,59282,Pipistrellus pygmaeus,0.02,0.025,-1,Echolocation,/mnt/ubna_data_01_mir/recover-20220825/UBNA_002/20220823_033000.WAV,Telephone Field,recover-20220825,002,1795
842.8955,842.9011,31484,46418,Myotis daubentonii,0.009,0.026,-1,Echolocation,/mnt/ubna_data_01_mir/recover-20220825/UBNA_002/20220823_033000.WAV,Telephone Field,recover-20220825,002,1795
842.8955,842.9018,26328,39634,Plecotus auritus,0.005,0.025,-1,Echolocation,/mnt/ubna_data_01_mir/recover-20220825/UBNA_002/20220823_033000.WAV,Telephone Field,recover-20220825,002,1795
842.9165,842.9279,22031,26847,Nyctalus leisleri,0.011,0.025,-1,Echolocation,/mnt/ubna_data_01_mir/recover-20220825/UBNA_002/20220823_033000.WAV,Telephone Field,recover-20220825,002,1795
842.9185,842.9298,56406,61723,Pipistrellus pygmaeus,0.051,0.052,-1,Echolocation,/mnt/ubna_data_01_mir/recover-20220825/UBNA_002/20220823_033000.WAV,Telephone Field,recover-20220825,002,1795
842.9785,842.9851,49531,57273,Pipistrellus pipistrellus,0.026,0.045,-1,Echolocation,/mnt/ubna_data_01_mir/recover-20220825/UBNA_002/20220823_033000.WAV,Telephone Field,recover-20220825,002,1795
842.9795,842.9855,28906,74828,Myotis bechsteinii,0.081,0.11,-1,Echolocation,/mnt/ubna_data_01_mir/recover-20220825/UBNA_002/20220823_033000.WAV,Telephone Field,recover-20220825,002,1795
842.9805,842.9888,35781,64481,Pipistrellus nathusii,0.502,0.558,-1,Echolocation,/mnt/ubna_data_01_mir/recover-20220825/UBNA_002/20220823_033000.WAV,Telephone Field,recover-20220825,002,1795
843.0005,843.0383,68437,82845,Rhinolophus ferrumequinum,0.056,0.056,-1,Echolocation,/mnt/ubna_data_01_mir/recover-20220825/UBNA_002/20220823_033000.WAV,Telephone Field,recover-20220825,002,1795
843.0265,843.0673,68437,83242,Rhinolophus ferrumequinum,0.037,0.037,-1,Echolocation,/mnt/ubna_data_01_mir/recover-20220825/UBNA_002/20220823_033000.WAV,Telephone Field,recover-20220825,002,1795
843.0675,843.0742,48671,57373,Pipistrellus pipistrellus,0.026,0.051,-1,Echolocation,/mnt/ubna_data_01_mir/recover-20220825/UBNA_002/20220823_033000.WAV,Telephone Field,recover-20220825,002,1795
843.0675,843.0733,28906,80007,Myotis bechsteinii,0.105,0.157,-1,Echolocation,/mnt/ubna_data_01_mir/recover-20220825/UBNA_002/20220823_033000.WAV,Telephone Field,recover-20220825,002,1795
843.0685,843.0764,36640,64180,Pipistrellus nathusii,0.543,0.597,-1,Echolocation,/mnt/ubna_data_01_mir/recover-20220825/UBNA_002/20220823_033000.WAV,Telephone Field,recover-20220825,002,1795
843.0785,843.0843,34062,50115,Myotis brandtii,0.011,0.025,-1,Echolocation,/mnt/ubna_data_01_mir/recover-20220825/UBNA_002/20220823_033000.WAV,Telephone Field,recover-20220825,002,1795
843.0785,843.0864,27187,36683,Eptesicus serotinus,0.008,0.026,-1,Echolocation,/mnt/ubna_data_01_mir/recover-20220825/UBNA_002/20220823_033000.WAV,Telephone Field,recover-20220825,002,1795
843.1425,843.15,57265,67305,Pipistrellus pygmaeus,0.026,0.027,-1,Echolocation,/mnt/ubna_data_01_mir/recover-20220825/UBNA_002/20220823_033000.WAV,Telephone Field,recover-20220825,002,1795
843.1645,843.1714,52109,58028,Pipistrellus pygmaeus,0.09,0.102,-1,Echolocation,/mnt/ubna_data_01_mir/recover-20220825/UBNA_002/20220823_033000.WAV,Telephone Field,recover-20220825,002,1795
843.1645,843.1707,28906,74611,Myotis bechsteinii,0.096,0.132,-1,Echolocation,/mnt/ubna_data_01_mir/recover-20220825/UBNA_002/20220823_033000.WAV,Telephone Field,recover-20220825,002,1795
843.1655,843.1729,36640,64351,Pipistrellus nathusii,0.481,0.55,-1,Echolocation,/mnt/ubna_data_01_mir/recover-20220825/UBNA_002/20220823_033000.WAV,Telephone Field,recover-20220825,002,1795
843.2255,843.2343,28046,44449,Eptesicus serotinus,0.009,0.023,-1,Echolocation,/mnt/ubna_data_01_mir/recover-20220825/UBNA_002/20220823_033000.WAV,Telephone Field,recover-20220825,002,1795
843.2545,843.2616,49531,54911,Pipistrellus pipistrellus,0.021,0.038,-1,Echolocation,/mnt/ubna_data_01_mir/recover-20220825/UBNA_002/20220823_033000.WAV,Telephone Field,recover-20220825,002,1795
843.2565,843.263,29765,71294,Myotis bechsteinii,0.068,0.1,-1,Echolocation,/mnt/ubna_data_01_mir/recover-20220825/UBNA_002/20220823_033000.WAV,Telephone Field,recover-20220825,002,1795
843.2575,843.2648,37500,60760,Pipistrellus nathusii,0.5,0.575,-1,Echolocation,/mnt/ubna_data_01_mir/recover-20220825/UBNA_002/20220823_033000.WAV,Telephone Field,recover-20220825,002,1795
843.2675,843.2747,27187,38292,Eptesicus serotinus,0.007,0.026,-1,Echolocation,/mnt/ubna_data_01_mir/recover-20220825/UBNA_002/20220823_033000.WAV,Telephone Field,recover-20220825,002,1795
843.2765,843.283,57265,63339,Pipistrellus pygmaeus,0.025,0.026,-1,Echolocation,/mnt/ubna_data_01_mir/recover-20220825/UBNA_002/20220823_033000.WAV,Telephone Field,recover-20220825,002,1795
843.2865,843.2962,24609,31288,Nyctalus leisleri,0.008,0.024,-1,Echolocation,/mnt/ubna_data_01_mir/recover-20220825/UBNA_002/20220823_033000.WAV,Telephone Field,recover-20220825,002,1795
843.2915,843.2972,55546,62264,Pipistrellus pygmaeus,0.024,0.025,-1,Echolocation,/mnt/ubna_data_01_mir/recover-20220825/UBNA_002/20220823_033000.WAV,Telephone Field,recover-20220825,002,1795
843.3305,843.3404,22890,27819,Nyctalus leisleri,0.01,0.025,-1,Echolocation,/mnt/ubna_data_01_mir/recover-20220825/UBNA_002/20220823_033000.WAV,Telephone Field,recover-20220825,002,1795
843.3395,843.3494,51250,57979,Pipistrellus pygmaeus,0.029,0.033,-1,Echolocation,/mnt/ubna_data_01_mir/recover-20220825/UBNA_002/20220823_033000.WAV,Telephone Field,recover-20220825,002,1795
843.3425,843.3483,28046,77391,Myotis bechsteinii,0.078,0.113,-1,Echolocation,/mnt/ubna_data_01_mir/recover-20220825/UBNA_002/20220823_033000.WAV,Telephone Field,recover-20220825,002,1795
843.3425,843.3499,38359,64639,Pipistrellus nathusii,0.478,0.526,-1,Echolocation,/mnt/ubna_data_01_mir/recover-20220825/UBNA_002/20220823_033000.WAV,Telephone Field,recover-20220825,002,1795
843.3515,843.3578,38359,52278,Myotis brandtii,0.014,0.028,-1,Echolocation,/mnt/ubna_data_01_mir/recover-20220825/UBNA_002/20220823_033000.WAV,Telephone Field,recover-20220825,002,1795
843.3525,843.3593,26328,39924,Eptesicus serotinus,0.005,0.025,-1,Echolocation,/mnt/ubna_data_01_mir/recover-20220825/UBNA_002/20220823_033000.WAV,Telephone Field,recover-20220825,002,1795
843.3555,843.3871,68437,81383,Rhinolophus ferrumequinum,0.033,0.033,-1,Echolocation,/mnt/ubna_data_01_mir/recover-20220825/UBNA_002/20220823_033000.WAV,Telephone Field,recover-20220825,002,1795
843.3935,843.4013,28046,38608,Eptesicus serotinus,0.007,0.024,-1,Echolocation,/mnt/ubna_data_01_mir/recover-20220825/UBNA_002/20220823_033000.WAV,Telephone Field,recover-20220825,002,1795
843.4265,843.4331,28046,38029,Eptesicus serotinus,0.006,0.027,-1,Echolocation,/mnt/ubna_data_01_mir/recover-20220825/UBNA_002/20220823_033000.WAV,Telephone Field,recover-20220825,002,1795
843.4415,843.4477,28906,67980,Myotis bechsteinii,0.028,0.054,-1,Echolocation,/mnt/ubna_data_01_mir/recover-20220825/UBNA_002/20220823_033000.WAV,Telephone Field,recover-20220825,002,1795
843.4415,843.4508,52968,58308,Pipistrellus pygmaeus,0.025,0.029,-1,Echolocation,/mnt/ubna_data_01_mir/recover-20220825/UBNA_002/20220823_033000.WAV,Telephone Field,recover-20220825,002,1795
843.4425,843.4498,38359,64914,Pipistrellus nathusii,0.613,0.685,-1,Echolocation,/mnt/ubna_data_01_mir/recover-20220825/UBNA_002/20220823_033000.WAV,Telephone Field,recover-20220825,002,1795
843.4515,843.4576,26328,41374,Plecotus auritus,0.005,0.026,-1,Echolocation,/mnt/ubna_data_01_mir/recover-20220825/UBNA_002/20220823_033000.WAV,Telephone Field,recover-20220825,002,1795
843.4515,843.4593,38359,51542,Pipistrellus nathusii,0.021,0.042,-1,Echolocation,/mnt/ubna_data_01_mir/recover-20220825/UBNA_002/20220823_033000.WAV,Telephone Field,recover-20220825,002,1795
843.5345,843.5422,36640,59604,Pipistrellus nathusii,0.53,0.6,-1,Echolocation,/mnt/ubna_data_01_mir/recover-20220825/UBNA_002/20220823_033000.WAV,Telephone Field,recover-20220825,002,1795
843.5355,843.5405,48671,56734,Pipistrellus pipistrellus,0.02,0.035,-1,Echolocation,/mnt/ubna_data_01_mir/recover-20220825/UBNA_002/20220823_033000.WAV,Telephone Field,recover-20220825,002,1795
843.5355,843.5409,24609,71595,Myotis bechsteinii,0.032,0.061,-1,Echolocation,/mnt/ubna_data_01_mir/recover-20220825/UBNA_002/20220823_033000.WAV,Telephone Field,recover-20220825,002,1795
843.5425,843.5479,25468,43196,Plecotus auritus,0.009,0.028,-1,Echolocation,/mnt/ubna_data_01_mir/recover-20220825/UBNA_002/20220823_033000.WAV,Telephone Field,recover-20220825,002,1795
843.5505,843.5826,68437,81862,Rhinolophus ferrumequinum,0.035,0.035,-1,Echolocation,/mnt/ubna_data_01_mir/recover-20220825/UBNA_002/20220823_033000.WAV,Telephone Field,recover-20220825,002,1795
843.5705,843.5818,22031,25954,Nyctalus leisleri,0.014,0.024,-1,Echolocation,/mnt/ubna_data_01_mir/recover-20220825/UBNA_002/20220823_033000.WAV,Telephone Field,recover-20220825,002,1795
843.5715,843.5788,49531,56939,Pipistrellus pipistrellus,0.019,0.023,-1,Echolocation,/mnt/ubna_data_01_mir/recover-20220825/UBNA_002/20220823_033000.WAV,Telephone Field,recover-20220825,002,1795
843.6195,843.6269,49531,56593,Pipistrellus pipistrellus,0.026,0.044,-1,Echolocation,/mnt/ubna_data_01_mir/recover-20220825/UBNA_002/20220823_033000.WAV,Telephone Field,recover-20220825,002,1795
843.6235,843.6291,28046,72796,Myotis bechsteinii,0.074,0.112,-1,Echolocation,/mnt/ubna_data_01_mir/recover-20220825/UBNA_002/20220823_033000.WAV,Telephone Field,recover-20220825,002,1795
843.6245,843.6303,50390,56710,Pipistrellus pipistrellus,0.026,0.048,-1,Echolocation,/mnt/ubna_data_01_mir/recover-20220825/UBNA_002/20220823_033000.WAV,Telephone Field,recover-20220825,002,1795
843.6245,843.6319,35781,59865,Pipistrellus nathusii,0.548,0.597,-1,Echolocation,/mnt/ubna_data_01_mir/recover-20220825/UBNA_002/20220823_033000.WAV,Telephone Field,recover-20220825,002,1795
843.6345,843.6401,33203,53524,Myotis brandtii,0.013,0.024,-1,Echolocation,/mnt/ubna_data_01_mir/recover-20220825/UBNA_002/20220823_033000.WAV,Telephone Field,recover-20220825,002,1795
843.6355,843.6624,68437,80651,Rhinolophus ferrumequinum,0.026,0.027,-1,Echolocation,/mnt/ubna_data_01_mir/recover-20220825/UBNA_002/20220823_033000.WAV,Telephone Field,recover-20220825,002,1795
843.6715,843.6823,22031,27703,Nyctalus leisleri,0.01,0.027,-1,Echolocation,/mnt/ubna_data_01_mir/recover-20220825/UBNA_002/20220823_033000.WAV,Telephone Field,recover-20220825,002,1795
843.7115,843.7176,49531,55589,Pipistrellus pipistrellus,0.027,0.052,-1,Echolocation,/mnt/ubna_data_01_mir/recover-20220825/UBNA_002/20220823_033000.WAV,Telephone Field,recover-20220825,002,1795
843.7135,843.7205,28906,68411,Myotis bechsteinii,0.037,0.066,-1,Echolocation,/mnt/ubna_data_01_mir/recover-20220825/UBNA_002/20220823_033000.WAV,Telephone Field,recover-20220825,002,1795
843.7155,843.7235,35781,63086,Pipistrellus nathusii,0.585,0.622,-1,Echolocation,/mnt/ubna_data_01_mir/recover-20220825/UBNA_002/20220823_033000.WAV,Telephone Field,recover-20220825,002,1795
843.7245,843.731,26328,42249,Eptesicus serotinus,0.006,0.026,-1,Echolocation,/mnt/ubna_data_01_mir/recover-20220825/UBNA_002/20220823_033000.WAV,Telephone Field,recover-20220825,002,1795
843.7295,843.7585,68437,80863,Rhinolophus ferrumequinum,0.023,0.023,-1,Echolocation,/mnt/ubna_data_01_mir/recover-20220825/UBNA_002/20220823_033000.WAV,Telephone Field,recover-20220825,002,1795
843.7595,843.7954,68437,82175,Rhinolophus ferrumequinum,0.025,0.025,-1,Echolocation,/mnt/ubna_data_01_mir/recover-20220825/UBNA_002/20220823_033000.WAV,Telephone Field,recover-20220825,002,1795
843.7995,843.806,49531,58360,Pipistrellus pygmaeus,0.019,0.038,-1,Echolocation,/mnt/ubna_data_01_mir/recover-20220825/UBNA_002/20220823_033000.WAV,Telephone Field,recover-20220825,002,1795
843.8015,843.8078,27187,77007,Myotis bechsteinii,0.091,0.117,-1,Echolocation,/mnt/ubna_data_01_mir/recover-20220825/UBNA_002/20220823_033000.WAV,Telephone Field,recover-20220825,002,1795
843.8025,843.8098,34921,67654,Pipistrellus nathusii,0.361,0.474,-1,Echolocation,/mnt/ubna_data_01_mir/recover-20220825/UBNA_002/20220823_033000.WAV,Telephone Field,recover-20220825,002,1795
843.8055,843.8169,16015,31053,Nyctalus noctula,0.015,0.025,-1,Echolocation,/mnt/ubna_data_01_mir/recover-20220825/UBNA_002/20220823_033000.WAV,Telephone Field,recover-20220825,002,1795
843.8115,843.8179,36640,50723,Myotis brandtii,0.012,0.026,-1,Echolocation,/mnt/ubna_data_01_mir/recover-20220825/UBNA_002/20220823_033000.WAV,Telephone Field,recover-20220825,002,1795
843.8125,843.8183,26328,39310,Plecotus auritus,0.005,0.024,-1,Echolocation,/mnt/ubna_data_01_mir/recover-20220825/UBNA_002/20220823_033000.WAV,Telephone Field,recover-20220825,002,1795
843.8495,843.8568,49531,59069,Pipistrellus pipistrellus,0.033,0.045,-1,Echolocation,/mnt/ubna_data_01_mir/recover-20220825/UBNA_002/20220823_033000.WAV,Telephone Field,recover-20220825,002,1795
843.8515,843.8614,36640,42385,Pipistrellus nathusii,0.029,0.04,-1,Echolocation,/mnt/ubna_data_01_mir/recover-20220825/UBNA_002/20220823_033000.WAV,Telephone Field,recover-20220825,002,1795
843.8685,843.9029,68437,80878,Rhinolophus ferrumequinum,0.026,0.026,-1,Echolocation,/mnt/ubna_data_01_mir/recover-20220825/UBNA_002/20220823_033000.WAV,Telephone Field,recover-20220825,002,1795
843.8935,843.8997,50390,59588,Pipistrellus pipistrellus,0.028,0.048,-1,Echolocation,/mnt/ubna_data_01_mir/recover-20220825/UBNA_002/20220823_033000.WAV,Telephone Field,recover-20220825,002,1795
843.8935,843.9022,37500,66215,Pipistrellus nathusii,0.561,0.61,-1,Echolocation,/mnt/ubna_data_01_mir/recover-20220825/UBNA_002/20220823_033000.WAV,Telephone Field,recover-20220825,002,1795
843.9025,843.9092,36640,48146,Myotis brandtii,0.015,0.038,-1,Echolocation,/mnt/ubna_data_01_mir/recover-20220825/UBNA_002/20220823_033000.WAV,Telephone Field,recover-20220825,002,1795
843.9035,843.9107,27187,42876,Eptesicus serotinus,0.01,0.036,-1,Echolocation,/mnt/ubna_data_01_mir/recover-20220825/UBNA_002/20220823_033000.WAV,Telephone Field,recover-20220825,002,1795
843.9075,843.9349,68437,81279,Rhinolophus ferrumequinum,0.03,0.03,-1,Echolocation,/mnt/ubna_data_01_mir/recover-20220825/UBNA_002/20220823_033000.WAV,Telephone Field,recover-20220825,002,1795
843.9595,843.9989,68437,82327,Rhinolophus ferrumequinum,0.024,0.024,-1,Echolocation,/mnt/ubna_data_01_mir/recover-20220825/UBNA_002/20220823_033000.WAV,Telephone Field,recover-20220825,002,1795
843.9705,843.9774,48671,54888,Pipistrellus pipistrellus,0.02,0.037,-1,Echolocation,/mnt/ubna_data_01_mir/recover-20220825/UBNA_002/20220823_033000.WAV,Telephone Field,recover-20220825,002,1795
843.9765,843.9825,27187,78038,Myotis bechsteinii,0.147,0.186,-1,Echolocation,/mnt/ubna_data_01_mir/recover-20220825/UBNA_002/20220823_033000.WAV,Telephone Field,recover-20220825,002,1795
843.9765,843.9842,37500,63914,Pipistrellus nathusii,0.325,0.451,-1,Echolocation,/mnt/ubna_data_01_mir/recover-20220825/UBNA_002/20220823_033000.WAV,Telephone Field,recover-20220825,002,1795
843.9865,843.9922,26328,42048,Plecotus auritus,0.008,0.034,-1,Echolocation,/mnt/ubna_data_01_mir/recover-20220825/UBNA_002/20220823_033000.WAV,Telephone Field,recover-20220825,002,1795
844.0015,844.0337,69296,81154,Rhinolophus ferrumequinum,0.026,0.026,-1,Echolocation,/mnt/ubna_data_01_mir/recover-20220825/UBNA_002/20220823_033000.WAV,Telephone Field,recover-20220825,002,1795
844.0015,844.0104,23750,34895,Nyctalus leisleri,0.007,0.032,-1,Echolocation,/mnt/ubna_data_01_mir/recover-20220825/UBNA_002/20220823_033000.WAV,Telephone Field,recover-20220825,002,1795
844.0015,844.0096,46953,56520,Pipistrellus pipistrellus,0.012,0.023,-1,Echolocation,/mnt/ubna_data_01_mir/recover-20220825/UBNA_002/20220823_033000.WAV,Telephone Field,recover-20220825,002,1795
844.0015,844.009,31484,46903,Myotis daubentonii,0.01,0.028,-1,Echolocation,/mnt/ubna_data_01_mir/recover-20220825/UBNA_002/20220823_033000.WAV,Telephone Field,recover-20220825,002,1795
844.0015,844.0155,55546,62620,Pipistrellus pygmaeus,0.039,0.042,-1,Echolocation,/mnt/ubna_data_01_mir/recover-20220825/UBNA_002/20220823_033000.WAV,Telephone Field,recover-20220825,002,1795
844.0715,844.0773,26328,77015,Myotis bechsteinii,0.048,0.07,-1,Echolocation,/mnt/ubna_data_01_mir/recover-20220825/UBNA_002/20220823_033000.WAV,Telephone Field,recover-20220825,002,1795
844.0715,844.0786,37500,67621,Pipistrellus nathusii,0.384,0.5,-1,Echolocation,/mnt/ubna_data_01_mir/recover-20220825/UBNA_002/20220823_033000.WAV,Telephone Field,recover-20220825,002,1795
844.0715,844.0782,50390,59706,Pipistrellus pipistrellus,0.024,0.044,-1,Echolocation,/mnt/ubna_data_01_mir/recover-20220825/UBNA_002/20220823_033000.WAV,Telephone Field,recover-20220825,002,1795
844.0825,844.0879,32343,59413,Myotis brandtii,0.02,0.033,-1,Echolocation,/mnt/ubna_data_01_mir/recover-20220825/UBNA_002/20220823_033000.WAV,Telephone Field,recover-20220825,002,1795
844.1315,844.148,22031,26225,Nyctalus leisleri,0.011,0.023,-1,Echolocation,/mnt/ubna_data_01_mir/recover-20220825/UBNA_002/20220823_033000.WAV,Telephone Field,recover-20220825,002,1795
844.1535,844.1599,48671,54097,Pipistrellus pipistrellus,0.034,0.061,-1,Echolocation,/mnt/ubna_data_01_mir/recover-20220825/UBNA_002/20220823_033000.WAV,Telephone Field,recover-20220825,002,1795
844.1575,844.1651,37500,69972,Pipistrellus nathusii,0.554,0.595,-1,Echolocation,/mnt/ubna_data_01_mir/recover-20220825/UBNA_002/20220823_033000.WAV,Telephone Field,recover-20220825,002,1795
844.1665,844.1723,38359,55075,Myotis brandtii,0.017,0.03,-1,Echolocation,/mnt/ubna_data_01_mir/recover-20220825/UBNA_002/20220823_033000.WAV,Telephone Field,recover-20220825,002,1795
844.1665,844.1737,25468,38213,Eptesicus serotinus,0.006,0.024,-1,Echolocation,/mnt/ubna_data_01_mir/recover-20220825/UBNA_002/20220823_033000.WAV,Telephone Field,recover-20220825,002,1795
844.2015,844.2093,28046,36541,Eptesicus serotinus,0.008,0.024,-1,Echolocation,/mnt/ubna_data_01_mir/recover-20220825/UBNA_002/20220823_033000.WAV,Telephone Field,recover-20220825,002,1795
844.2195,844.2259,27187,87921,Myotis bechsteinii,0.054,0.077,-1,Echolocation,/mnt/ubna_data_01_mir/recover-20220825/UBNA_002/20220823_033000.WAV,Telephone Field,recover-20220825,002,1795
844.2195,844.2268,35781,76177,Pipistrellus nathusii,0.212,0.342,-1,Echolocation,/mnt/ubna_data_01_mir/recover-20220825/UBNA_002/20220823_033000.WAV,Telephone Field,recover-20220825,002,1795
844.2205,844.2278,48671,54259,Pipistrellus pipistrellus,0.026,0.042,-1,Echolocation,/mnt/ubna_data_01_mir/recover-20220825/UBNA_002/20220823_033000.WAV,Telephone Field,recover-20220825,002,1795
844.2275,844.2339,38359,51563,Myotis brandtii,0.013,0.028,-1,Echolocation,/mnt/ubna_data_01_mir/recover-20220825/UBNA_002/20220823_033000.WAV,Telephone Field,recover-20220825,002,1795
844.2295,844.2375,27187,35964,Eptesicus serotinus,0.009,0.025,-1,Echolocation,/mnt/ubna_data_01_mir/recover-20220825/UBNA_002/20220823_033000.WAV,Telephone Field,recover-20220825,002,1795
844.2705,844.2775,48671,62333,Pipistrellus pygmaeus,0.046,0.1,-1,Echolocation,/mnt/ubna_data_01_mir/recover-20220825/UBNA_002/20220823_033000.WAV,Telephone Field,recover-20220825,002,1795
844.2725,844.2793,27187,82296,Myotis bechsteinii,0.053,0.079,-1,Echolocation,/mnt/ubna_data_01_mir/recover-20220825/UBNA_002/20220823_033000.WAV,Telephone Field,recover-20220825,002,1795
844.2735,844.2812,34921,72950,Pipistrellus nathusii,0.299,0.47,-1,Echolocation,/mnt/ubna_data_01_mir/recover-20220825/UBNA_002/20220823_033000.WAV,Telephone Field,recover-20220825,002,1795
844.2815,844.2891,48671,54313,Pipistrellus pygmaeus,0.026,0.036,-1,Echolocation,/mnt/ubna_data_01_mir/recover-20220825/UBNA_002/20220823_033000.WAV,Telephone Field,recover-20220825,002,1795
844.2815,844.2876,36640,52559,Pipistrellus nathusii,0.014,0.032,-1,Echolocation,/mnt/ubna_data_01_mir/recover-20220825/UBNA_002/20220823_033000.WAV,Telephone Field,recover-20220825,002,1795
844.3435,844.352,35781,75423,Pipistrellus nathusii,0.372,0.476,-1,Echolocation,/mnt/ubna_data_01_mir/recover-20220825/UBNA_002/20220823_033000.WAV,Telephone Field,recover-20220825,002,1795
844.3435,844.35,49531,59111,Pipistrellus pipistrellus,0.031,0.054,-1,Echolocation,/mnt/ubna_data_01_mir/recover-20220825/UBNA_002/20220823_033000.WAV,Telephone Field,recover-20220825,002,1795
844.3435,844.3507,27187,89433,Myotis bechsteinii,0.04,0.055,-1,Echolocation,/mnt/ubna_data_01_mir/recover-20220825/UBNA_002/20220823_033000.WAV,Telephone Field,recover-20220825,002,1795
844.3515,844.3578,39218,53224,Pipistrellus nathusii,0.032,0.054,-1,Echolocation,/mnt/ubna_data_01_mir/recover-20220825/UBNA_002/20220823_033000.WAV,Telephone Field,recover-20220825,002,1795
844.3555,844.3835,68437,80799,Rhinolophus ferrumequinum,0.023,0.023,-1,Echolocation,/mnt/ubna_data_01_mir/recover-20220825/UBNA_002/20220823_033000.WAV,Telephone Field,recover-20220825,002,1795
844.3835,844.3926,27187,37645,Eptesicus serotinus,0.01,0.023,-1,Echolocation,/mnt/ubna_data_01_mir/recover-20220825/UBNA_002/20220823_033000.WAV,Telephone Field,recover-20220825,002,1795
844.4125,844.4172,58125,64641,Pipistrellus pygmaeus,0.024,0.025,-1,Echolocation,/mnt/ubna_data_01_mir/recover-20220825/UBNA_002/20220823_033000.WAV,Telephone Field,recover-20220825,002,1795
844.4125,844.417,51250,57832,Myotis mystacinus,0.01,0.039,-1,Echolocation,/mnt/ubna_data_01_mir/recover-20220825/UBNA_002/20220823_033000.WAV,Telephone Field,recover-20220825,002,1795
844.4205,844.4278,32343,79274,Myotis brandtii,0.133,0.168,-1,Echolocation,/mnt/ubna_data_01_mir/recover-20220825/UBNA_002/20220823_033000.WAV,Telephone Field,recover-20220825,002,1795
844.4205,844.427,40937,69244,Pipistrellus nathusii,0.46,0.485,-1,Echolocation,/mnt/ubna_data_01_mir/recover-20220825/UBNA_002/20220823_033000.WAV,Telephone Field,recover-20220825,002,1795
844.4285,844.4348,37500,55454,Myotis brandtii,0.015,0.028,-1,Echolocation,/mnt/ubna_data_01_mir/recover-20220825/UBNA_002/20220823_033000.WAV,Telephone Field,recover-20220825,002,1795
844.4305,844.4368,29765,41178,Myotis daubentonii,0.008,0.025,-1,Echolocation,/mnt/ubna_data_01_mir/recover-20220825/UBNA_002/20220823_033000.WAV,Telephone Field,recover-20220825,002,1795
844.5065,844.5156,50390,56073,Pipistrellus pipistrellus,0.038,0.077,-1,Echolocation,/mnt/ubna_data_01_mir/recover-20220825/UBNA_002/20220823_033000.WAV,Telephone Field,recover-20220825,002,1795
844.5085,844.5166,35781,74444,Pipistrellus nathusii,0.334,0.45,-1,Echolocation,/mnt/ubna_data_01_mir/recover-20220825/UBNA_002/20220823_033000.WAV,Telephone Field,recover-20220825,002,1795
844.5085,844.5153,27187,86719,Myotis bechsteinii,0.062,0.088,-1,Echolocation,/mnt/ubna_data_01_mir/recover-20220825/UBNA_002/20220823_033000.WAV,Telephone Field,recover-20220825,002,1795
844.5165,844.5221,37500,54593,Myotis brandtii,0.018,0.034,-1,Echolocation,/mnt/ubna_data_01_mir/recover-20220825/UBNA_002/20220823_033000.WAV,Telephone Field,recover-20220825,002,1795
844.5185,844.5272,48671,58967,Pipistrellus pygmaeus,0.022,0.025,-1,Echolocation,/mnt/ubna_data_01_mir/recover-20220825/UBNA_002/20220823_033000.WAV,Telephone Field,recover-20220825,002,1795
844.5245,844.5583,68437,81255,Rhinolophus ferrumequinum,0.022,0.022,-1,Echolocation,/mnt/ubna_data_01_mir/recover-20220825/UBNA_002/20220823_033000.WAV,Telephone Field,recover-20220825,002,1795
844.5465,844.5565,27187,34052,Eptesicus serotinus,0.011,0.024,-1,Echolocation,/mnt/ubna_data_01_mir/recover-20220825/UBNA_002/20220823_033000.WAV,Telephone Field,recover-20220825,002,1795
844.5465,844.5618,57265,63942,Pipistrellus pygmaeus,0.026,0.026,-1,Echolocation,/mnt/ubna_data_01_mir/recover-20220825/UBNA_002/20220823_033000.WAV,Telephone Field,recover-20220825,002,1795
844.5865,844.5967,56406,63160,Pipistrellus pygmaeus,0.025,0.025,-1,Echolocation,/mnt/ubna_data_01_mir/recover-20220825/UBNA_002/20220823_033000.WAV,Telephone Field,recover-20220825,002,1795
844.5955,844.6032,37500,74640,Pipistrellus nathusii,0.254,0.324,-1,Echolocation,/mnt/ubna_data_01_mir/recover-20220825/UBNA_002/20220823_033000.WAV,Telephone Field,recover-20220825,002,1795
844.5965,844.603,26328,86231,Myotis bechsteinii,0.139,0.213,-1,Echolocation,/mnt/ubna_data_01_mir/recover-20220825/UBNA_002/20220823_033000.WAV,Telephone Field,recover-20220825,002,1795
844.6855,844.6923,37500,63614,Pipistrellus nathusii,0.414,0.528,-1,Echolocation,/mnt/ubna_data_01_mir/recover-20220825/UBNA_002/20220823_033000.WAV,Telephone Field,recover-20220825,002,1795
844.6855,844.6915,26328,79485,Myotis bechsteinii,0.062,0.083,-1,Echolocation,/mnt/ubna_data_01_mir/recover-20220825/UBNA_002/20220823_033000.WAV,Telephone Field,recover-20220825,002,1795
844.6865,844.6939,47812,56091,Pipistrellus pipistrellus,0.023,0.038,-1,Echolocation,/mnt/ubna_data_01_mir/recover-20220825/UBNA_002/20220823_033000.WAV,Telephone Field,recover-20220825,002,1795
844.6955,844.701,32343,54366,Myotis brandtii,0.013,0.024,-1,Echolocation,/mnt/ubna_data_01_mir/recover-20220825/UBNA_002/20220823_033000.WAV,Telephone Field,recover-20220825,002,1795
844.7195,844.7613,68437,82672,Rhinolophus ferrumequinum,0.024,0.024,-1,Echolocation,/mnt/ubna_data_01_mir/recover-20220825/UBNA_002/20220823_033000.WAV,Telephone Field,recover-20220825,002,1795
844.7235,844.7338,28046,35932,Eptesicus serotinus,0.01,0.022,-1,Echolocation,/mnt/ubna_data_01_mir/recover-20220825/UBNA_002/20220823_033000.WAV,Telephone Field,recover-20220825,002,1795
844.7505,844.7584,38359,73449,Pipistrellus nathusii,0.594,0.634,-1,Echolocation,/mnt/ubna_data_01_mir/recover-20220825/UBNA_002/20220823_033000.WAV,Telephone Field,recover-20220825,002,1795
844.7505,844.7573,27187,87295,Myotis bechsteinii,0.058,0.078,-1,Echolocation,/mnt/ubna_data_01_mir/recover-20220825/UBNA_002/20220823_033000.WAV,Telephone Field,recover-20220825,002,1795
844.7515,844.7576,61562,73087,Pipistrellus pygmaeus,0.032,0.034,-1,Echolocation,/mnt/ubna_data_01_mir/recover-20220825/UBNA_002/20220823_033000.WAV,Telephone Field,recover-20220825,002,1795
844.7515,844.7587,52109,62830,Pipistrellus pygmaeus,0.018,0.029,-1,Echolocation,/mnt/ubna_data_01_mir/recover-20220825/UBNA_002/20220823_033000.WAV,Telephone Field,recover-20220825,002,1795
844.7585,844.7646,39218,52721,Pipistrellus nathusii,0.03,0.051,-1,Echolocation,/mnt/ubna_data_01_mir/recover-20220825/UBNA_002/20220823_033000.WAV,Telephone Field,recover-20220825,002,1795
844.8025,844.8334,68437,81654,Rhinolophus ferrumequinum,0.024,0.024,-1,Echolocation,/mnt/ubna_data_01_mir/recover-20220825/UBNA_002/20220823_033000.WAV,Telephone Field,recover-20220825,002,1795
844.8035,844.8119,50390,61913,Pipistrellus pipistrellus,0.02,0.035,-1,Echolocation,/mnt/ubna_data_01_mir/recover-20220825/UBNA_002/20220823_033000.WAV,Telephone Field,recover-20220825,002,1795
844.8035,844.811,37500,72660,Pipistrellus nathusii,0.397,0.434,-1,Echolocation,/mnt/ubna_data_01_mir/recover-20220825/UBNA_002/20220823_033000.WAV,Telephone Field,recover-20220825,002,1795
844.8095,844.8219,54687,64885,Pipistrellus pygmaeus,0.028,0.029,-1,Echolocation,/mnt/ubna_data_01_mir/recover-20220825/UBNA_002/20220823_033000.WAV,Telephone Field,recover-20220825,002,1795
844.8115,844.818,38359,52395,Pipistrellus nathusii,0.021,0.037,-1,Echolocation,/mnt/ubna_data_01_mir/recover-20220825/UBNA_002/20220823_033000.WAV,Telephone Field,recover-20220825,002,1795
844.8145,844.8224,26328,39024,Eptesicus serotinus,0.009,0.024,-1,Echolocation,/mnt/ubna_data_01_mir/recover-20220825/UBNA_002/20220823_033000.WAV,Telephone Field,recover-20220825,002,1795
844.8705,844.8779,49531,58145,Pipistrellus pipistrellus,0.02,0.039,-1,Echolocation,/mnt/ubna_data_01_mir/recover-20220825/UBNA_002/20220823_033000.WAV,Telephone Field,recover-20220825,002,1795
844.8755,844.8825,27187,78290,Myotis bechsteinii,0.079,0.113,-1,Echolocation,/mnt/ubna_data_01_mir/recover-20220825/UBNA_002/20220823_033000.WAV,Telephone Field,recover-20220825,002,1795
844.8765,844.8839,34921,64517,Pipistrellus nathusii,0.31,0.426,-1,Echolocation,/mnt/ubna_data_01_mir/recover-20220825/UBNA_002/20220823_033000.WAV,Telephone Field,recover-20220825,002,1795
844.8805,844.8927,16015,27626,Nyctalus noctula,0.024,0.038,-1,Echolocation,/mnt/ubna_data_01_mir/recover-20220825/UBNA_002/20220823_033000.WAV,Telephone Field,recover-20220825,002,1795
844.8865,844.9144,68437,81294,Rhinolophus ferrumequinum,0.025,0.026,-1,Echolocation,/mnt/ubna_data_01_mir/recover-20220825/UBNA_002/20220823_033000.WAV,Telephone Field,recover-20220825,002,1795
844.8875,844.893,34921,67830,Myotis brandtii,0.023,0.031,-1,Echolocation,/mnt/ubna_data_01_mir/recover-20220825/UBNA_002/20220823_033000.WAV,Telephone Field,recover-20220825,002,1795
844.8895,844.8985,47812,52550,Pipistrellus pipistrellus,0.015,0.023,-1,Echolocation,/mnt/ubna_data_01_mir/recover-20220825/UBNA_002/20220823_033000.WAV,Telephone Field,recover-20220825,002,1795
844.9275,844.9375,50390,55930,Pipistrellus pipistrellus,0.018,0.027,-1,Echolocation,/mnt/ubna_data_01_mir/recover-20220825/UBNA_002/20220823_033000.WAV,Telephone Field,recover-20220825,002,1795
844.9515,844.9839,68437,82407,Rhinolophus ferrumequinum,0.023,0.023,-1,Echolocation,/mnt/ubna_data_01_mir/recover-20220825/UBNA_002/20220823_033000.WAV,Telephone Field,recover-20220825,002,1795
844.9515,844.9589,26328,87221,Myotis bechsteinii,0.099,0.138,-1,Echolocation,/mnt/ubna_data_01_mir/recover-20220825/UBNA_002/20220823_033000.WAV,Telephone Field,recover-20220825,002,1795
844.9525,844.9598,32343,81245,Myotis brandtii,0.182,0.24,-1,Echolocation,/mnt/ubna_data_01_mir/recover-20220825/UBNA_002/20220823_033000.WAV,Telephone Field,recover-20220825,002,1795
844.9605,844.9671,38359,54844,Pipistrellus nathusii,0.021,0.039,-1,Echolocation,/mnt/ubna_data_01_mir/recover-20220825/UBNA_002/20220823_033000.WAV,Telephone Field,recover-20220825,002,1795
844.9625,844.968,32343,59243,Myotis brandtii,0.022,0.038,-1,Echolocation,/mnt/ubna_data_01_mir/recover-20220825/UBNA_002/20220823_033000.WAV,Telephone Field,recover-20220825,002,1795
845.0035,845.0163,30625,35924,Eptesicus serotinus,0.009,0.031,-1,Echolocation,/mnt/ubna_data_01_mir/recover-20220825/UBNA_002/20220823_033000.WAV,Telephone Field,recover-20220825,002,1795
845.0185,845.0251,50390,57168,Pipistrellus pipistrellus,0.016,0.023,-1,Echolocation,/mnt/ubna_data_01_mir/recover-20220825/UBNA_002/20220823_033000.WAV,Telephone Field,recover-20220825,002,1795
845.0465,845.0535,27187,85795,Myotis bechsteinii,0.082,0.117,-1,Echolocation,/mnt/ubna_data_01_mir/recover-20220825/UBNA_002/20220823_033000.WAV,Telephone Field,recover-20220825,002,1795
845.0465,845.0544,34921,71406,Pipistrellus nathusii,0.21,0.407,-1,Echolocation,/mnt/ubna_data_01_mir/recover-20220825/UBNA_002/20220823_033000.WAV,Telephone Field,recover-20220825,002,1795
845.0475,845.0541,50390,61685,Pipistrellus pipistrellus,0.019,0.035,-1,Echolocation,/mnt/ubna_data_01_mir/recover-20220825/UBNA_002/20220823_033000.WAV,Telephone Field,recover-20220825,002,1795
845.0545,845.0606,39218,55552,Pipistrellus nathusii,0.022,0.04,-1,Echolocation,/mnt/ubna_data_01_mir/recover-20220825/UBNA_002/20220823_033000.WAV,Telephone Field,recover-20220825,002,1795
845.0585,845.0672,27187,35019,Eptesicus serotinus,0.008,0.024,-1,Echolocation,/mnt/ubna_data_01_mir/recover-20220825/UBNA_002/20220823_033000.WAV,Telephone Field,recover-20220825,002,1795
845.0955,845.1044,28046,37719,Eptesicus serotinus,0.009,0.023,-1,Echolocation,/mnt/ubna_data_01_mir/recover-20220825/UBNA_002/20220823_033000.WAV,Telephone Field,recover-20220825,002,1795
845.1175,845.124,33203,41924,Barbastellus barbastellus,0.017,0.034,-1,Echolocation,/mnt/ubna_data_01_mir/recover-20220825/UBNA_002/20220823_033000.WAV,Telephone Field,recover-20220825,002,1795
845.1365,845.1438,36640,60874,Pipistrellus nathusii,0.5,0.601,-1,Echolocation,/mnt/ubna_data_01_mir/recover-20220825/UBNA_002/20220823_033000.WAV,Telephone Field,recover-20220825,002,1795
845.1365,845.1423,47812,57795,Pipistrellus pipistrellus,0.019,0.034,-1,Echolocation,/mnt/ubna_data_01_mir/recover-20220825/UBNA_002/20220823_033000.WAV,Telephone Field,recover-20220825,002,1795
845.1365,845.1433,28906,72283,Myotis bechsteinii,0.035,0.076,-1,Echolocation,/mnt/ubna_data_01_mir/recover-20220825/UBNA_002/20220823_033000.WAV,Telephone Field,recover-20220825,002,1795
845.1465,845.1533,25468,38071,Eptesicus serotinus,0.007,0.023,-1,Echolocation,/mnt/ubna_data_01_mir/recover-20220825/UBNA_002/20220823_033000.WAV,Telephone Field,recover-20220825,002,1795
845.1685,845.1788,22890,30005,Eptesicus serotinus,0.07,0.189,-1,Echolocation,/mnt/ubna_data_01_mir/recover-20220825/UBNA_002/20220823_033000.WAV,Telephone Field,recover-20220825,002,1795
845.2195,845.2281,50390,54003,Pipistrellus pygmaeus,0.031,0.055,-1,Echolocation,/mnt/ubna_data_01_mir/recover-20220825/UBNA_002/20220823_033000.WAV,Telephone Field,recover-20220825,002,1795
845.2265,845.2327,38359,60817,Pipistrellus nathusii,0.286,0.347,-1,Echolocation,/mnt/ubna_data_01_mir/recover-20220825/UBNA_002/20220823_033000.WAV,Telephone Field,recover-20220825,002,1795
845.2265,845.2335,32343,73246,Myotis brandtii,0.177,0.248,-1,Echolocation,/mnt/ubna_data_01_mir/recover-20220825/UBNA_002/20220823_033000.WAV,Telephone Field,recover-20220825,002,1795
845.2265,845.234,50390,57516,Pipistrellus pipistrellus,0.023,0.044,-1,Echolocation,/mnt/ubna_data_01_mir/recover-20220825/UBNA_002/20220823_033000.WAV,Telephone Field,recover-20220825,002,1795
845.2345,845.2416,37500,52435,Pipistrellus nathusii,0.017,0.032,-1,Echolocation,/mnt/ubna_data_01_mir/recover-20220825/UBNA_002/20220823_033000.WAV,Telephone Field,recover-20220825,002,1795
845.2365,845.2416,32343,59470,Myotis brandtii,0.017,0.028,-1,Echolocation,/mnt/ubna_data_01_mir/recover-20220825/UBNA_002/20220823_033000.WAV,Telephone Field,recover-20220825,002,1795
845.2365,845.2436,26328,40217,Eptesicus serotinus,0.007,0.024,-1,Echolocation,/mnt/ubna_data_01_mir/recover-20220825/UBNA_002/20220823_033000.WAV,Telephone Field,recover-20220825,002,1795
845.2745,845.282,56406,63328,Pipistrellus pygmaeus,0.022,0.023,-1,Echolocation,/mnt/ubna_data_01_mir/recover-20220825/UBNA_002/20220823_033000.WAV,Telephone Field,recover-20220825,002,1795
845.3065,845.3136,37500,70907,Pipistrellus nathusii,0.315,0.423,-1,Echolocation,/mnt/ubna_data_01_mir/recover-20220825/UBNA_002/20220823_033000.WAV,Telephone Field,recover-20220825,002,1795
845.3155,845.322,38359,53254,Pipistrellus nathusii,0.017,0.034,-1,Echolocation,/mnt/ubna_data_01_mir/recover-20220825/UBNA_002/20220823_033000.WAV,Telephone Field,recover-20220825,002,1795
845.3545,845.362,28046,35551,Eptesicus serotinus,0.01,0.024,-1,Echolocation,/mnt/ubna_data_01_mir/recover-20220825/UBNA_002/20220823_033000.WAV,Telephone Field,recover-20220825,002,1795
845.3675,845.3733,28906,70478,Myotis brandtii,0.016,0.036,-1,Echolocation,/mnt/ubna_data_01_mir/recover-20220825/UBNA_002/20220823_033000.WAV,Telephone Field,recover-20220825,002,1795
845.3695,845.3749,40078,58146,Pipistrellus nathusii,0.68,0.695,-1,Echolocation,/mnt/ubna_data_01_mir/recover-20220825/UBNA_002/20220823_033000.WAV,Telephone Field,recover-20220825,002,1795
845.3825,845.3902,47812,54658,Pipistrellus pipistrellus,0.012,0.022,-1,Echolocation,/mnt/ubna_data_01_mir/recover-20220825/UBNA_002/20220823_033000.WAV,Telephone Field,recover-20220825,002,1795
845.4115,845.419,28046,35312,Eptesicus serotinus,0.007,0.022,-1,Echolocation,/mnt/ubna_data_01_mir/recover-20220825/UBNA_002/20220823_033000.WAV,Telephone Field,recover-20220825,002,1795
845.4275,845.4347,49531,56456,Pipistrellus pipistrellus,0.014,0.025,-1,Echolocation,/mnt/ubna_data_01_mir/recover-20220825/UBNA_002/20220823_033000.WAV,Telephone Field,recover-20220825,002,1795
845.4275,845.4348,38359,63771,Pipistrellus nathusii,0.344,0.419,-1,Echolocation,/mnt/ubna_data_01_mir/recover-20220825/UBNA_002/20220823_033000.WAV,Telephone Field,recover-20220825,002,1795
845.4695,845.4761,36640,48489,Myotis brandtii,0.008,0.022,-1,Echolocation,/mnt/ubna_data_01_mir/recover-20220825/UBNA_002/20220823_033000.WAV,Telephone Field,recover-20220825,002,1795
845.4695,845.4779,27187,36855,Eptesicus serotinus,0.012,0.027,-1,Echolocation,/mnt/ubna_data_01_mir/recover-20220825/UBNA_002/20220823_033000.WAV,Telephone Field,recover-20220825,002,1795
845.4895,845.5244,68437,81035,Rhinolophus ferrumequinum,0.023,0.023,-1,Echolocation,/mnt/ubna_data_01_mir/recover-20220825/UBNA_002/20220823_033000.WAV,Telephone Field,recover-20220825,002,1795
845.4985,845.5053,50390,56444,Pipistrellus pipistrellus,0.016,0.022,-1,Echolocation,/mnt/ubna_data_01_mir/recover-20220825/UBNA_002/20220823_033000.WAV,Telephone Field,recover-20220825,002,1795
845.5075,845.5145,38359,51095,Pipistrellus nathusii,0.456,0.565,-1,Echolocation,/mnt/ubna_data_01_mir/recover-20220825/UBNA_002/20220823_033000.WAV,Telephone Field,recover-20220825,002,1795
845.5165,845.5525,68437,82215,Rhinolophus ferrumequinum,0.029,0.029,-1,Echolocation,/mnt/ubna_data_01_mir/recover-20220825/UBNA_002/20220823_033000.WAV,Telephone Field,recover-20220825,002,1795
845.5175,845.5232,31484,56870,Myotis brandtii,0.012,0.023,-1,Echolocation,/mnt/ubna_data_01_mir/recover-20220825/UBNA_002/20220823_033000.WAV,Telephone Field,recover-20220825,002,1795
845.5595,845.5671,50390,57331,Pipistrellus pipistrellus,0.018,0.024,-1,Echolocation,/mnt/ubna_data_01_mir/recover-20220825/UBNA_002/20220823_033000.WAV,Telephone Field,recover-20220825,002,1795
845.5915,845.598,27187,88332,Myotis bechsteinii,0.078,0.106,-1,Echolocation,/mnt/ubna_data_01_mir/recover-20220825/UBNA_002/20220823_033000.WAV,Telephone Field,recover-20220825,002,1795
845.5925,845.5996,38359,61304,Pipistrellus nathusii,0.558,0.621,-1,Echolocation,/mnt/ubna_data_01_mir/recover-20220825/UBNA_002/20220823_033000.WAV,Telephone Field,recover-20220825,002,1795
845.6015,845.6065,31484,46411,Myotis daubentonii,0.008,0.023,-1,Echolocation,/mnt/ubna_data_01_mir/recover-20220825/UBNA_002/20220823_033000.WAV,Telephone Field,recover-20220825,002,1795
845.6055,845.6364,68437,80634,Rhinolophus ferrumequinum,0.022,0.022,-1,Echolocation,/mnt/ubna_data_01_mir/recover-20220825/UBNA_002/20220823_033000.WAV,Telephone Field,recover-20220825,002,1795
845.6395,845.6464,54687,64692,Pipistrellus pygmaeus,0.022,0.023,-1,Echolocation,/mnt/ubna_data_01_mir/recover-20220825/UBNA_002/20220823_033000.WAV,Telephone Field,recover-20220825,002,1795
845.6485,845.655,57265,64999,Pipistrellus pygmaeus,0.023,0.024,-1,Echolocation,/mnt/ubna_data_01_mir/recover-20220825/UBNA_002/20220823_033000.WAV,Telephone Field,recover-20220825,002,1795
845.6645,845.7011,68437,82350,Rhinolophus ferrumequinum,0.024,0.024,-1,Echolocation,/mnt/ubna_data_01_mir/recover-20220825/UBNA_002/20220823_033000.WAV,Telephone Field,recover-20220825,002,1795
845.6905,845.6976,37500,51238,Pipistrellus nathusii,0.357,0.491,-1,Echolocation,/mnt/ubna_data_01_mir/recover-20220825/UBNA_002/20220823_033000.WAV,Telephone Field,recover-20220825,002,1795
845.7045,845.7131,27187,35424,Eptesicus serotinus,0.007,0.023,-1,Echolocation,/mnt/ubna_data_01_mir/recover-20220825/UBNA_002/20220823_033000.WAV,Telephone Field,recover-20220825,002,1795
845.7065,845.7409,68437,81702,Rhinolophus ferrumequinum,0.022,0.022,-1,Echolocation,/mnt/ubna_data_01_mir/recover-20220825/UBNA_002/20220823_033000.WAV,Telephone Field,recover-20220825,002,1795
845.7135,845.7201,45234,54043,Pipistrellus pipistrellus,0.018,0.023,-1,Echolocation,/mnt/ubna_data_01_mir/recover-20220825/UBNA_002/20220823_033000.WAV,Telephone Field,recover-20220825,002,1795
845.7245,845.7323,36640,43112,Barbastellus barbastellus,0.016,0.028,-1,Echolocation,/mnt/ubna_data_01_mir/recover-20220825/UBNA_002/20220823_033000.WAV,Telephone Field,recover-20220825,002,1795
845.7275,845.7359,27187,38306,Eptesicus serotinus,0.007,0.023,-1,Echolocation,/mnt/ubna_data_01_mir/recover-20220825/UBNA_002/20220823_033000.WAV,Telephone Field,recover-20220825,002,1795
845.7525,845.7591,40078,55473,Pipistrellus nathusii,0.284,0.498,-1,Echolocation,/mnt/ubna_data_01_mir/recover-20220825/UBNA_002/20220823_033000.WAV,Telephone Field,recover-20220825,002,1795
845.7625,845.7684,33203,54618,Myotis brandtii,0.012,0.024,-1,Echolocation,/mnt/ubna_data_01_mir/recover-20220825/UBNA_002/20220823_033000.WAV,Telephone Field,recover-20220825,002,1795
845.8125,845.8204,40078,50800,Pipistrellus nathusii,0.237,0.393,-1,Echolocation,/mnt/ubna_data_01_mir/recover-20220825/UBNA_002/20220823_033000.WAV,Telephone Field,recover-20220825,002,1795
845.8225,845.8282,31484,49598,Myotis daubentonii,0.008,0.022,-1,Echolocation,/mnt/ubna_data_01_mir/recover-20220825/UBNA_002/20220823_033000.WAV,Telephone Field,recover-20220825,002,1795
845.8475,845.8546,52968,61820,Pipistrellus pygmaeus,0.026,0.028,-1,Echolocation,/mnt/ubna_data_01_mir/recover-20220825/UBNA_002/20220823_033000.WAV,Telephone Field,recover-20220825,002,1795
845.8805,845.8895,48671,52676,Pipistrellus pipistrellus,0.023,0.037,-1,Echolocation,/mnt/ubna_data_01_mir/recover-20220825/UBNA_002/20220823_033000.WAV,Telephone Field,recover-20220825,002,1795
845.8855,845.893,38359,57590,Pipistrellus nathusii,0.365,0.471,-1,Echolocation,/mnt/ubna_data_01_mir/recover-20220825/UBNA_002/20220823_033000.WAV,Telephone Field,recover-20220825,002,1795
845.8855,845.8914,28046,78486,Myotis bechsteinii,0.072,0.11,-1,Echolocation,/mnt/ubna_data_01_mir/recover-20220825/UBNA_002/20220823_033000.WAV,Telephone Field,recover-20220825,002,1795
845.9195,845.93,36640,40425,Pipistrellus nathusii,0.012,0.028,-1,Echolocation,/mnt/ubna_data_01_mir/recover-20220825/UBNA_002/20220823_033000.WAV,Telephone Field,recover-20220825,002,1795
845.9205,845.9279,57265,65096,Pipistrellus pygmaeus,0.023,0.023,-1,Echolocation,/mnt/ubna_data_01_mir/recover-20220825/UBNA_002/20220823_033000.WAV,Telephone Field,recover-20220825,002,1795
845.9305,845.9376,49531,57334,Pipistrellus pipistrellus,0.02,0.025,-1,Echolocation,/mnt/ubna_data_01_mir/recover-20220825/UBNA_002/20220823_033000.WAV,Telephone Field,recover-20220825,002,1795
845.9555,845.9637,37500,46351,Pipistrellus nathusii,0.01,0.024,-1,Echolocation,/mnt/ubna_data_01_mir/recover-20220825/UBNA_002/20220823_033000.WAV,Telephone Field,recover-20220825,002,1795
845.9805,845.9885,39218,48983,Pipistrellus nathusii,0.244,0.338,-1,Echolocation,/mnt/ubna_data_01_mir/recover-20220825/UBNA_002/20220823_033000.WAV,Telephone Field,recover-20220825,002,1795
846.0015,846.0127,40078,45950,Pipistrellus nathusii,0.059,0.074,-1,Echolocation,/mnt/ubna_data_01_mir/recover-20220825/UBNA_002/20220823_033000.WAV,Telephone Field,recover-20220825,002,1795
846.0015,846.0131,21171,26256,Nyctalus leisleri,0.014,0.032,-1,Echolocation,/mnt/ubna_data_01_mir/recover-20220825/UBNA_002/20220823_033000.WAV,Telephone Field,recover-20220825,002,1795
846.0015,846.0329,68437,79496,Rhinolophus ferrumequinum,0.041,0.041,-1,Echolocation,/mnt/ubna_data_01_mir/recover-20220825/UBNA_002/20220823_033000.WAV,Telephone Field,recover-20220825,002,1795
846.0075,846.0173,41796,48936,Pipistrellus nathusii,0.039,0.05,-1,Echolocation,/mnt/ubna_data_01_mir/recover-20220825/UBNA_002/20220823_033000.WAV,Telephone Field,recover-20220825,002,1795
846.0115,846.0569,68437,83807,Rhinolophus ferrumequinum,0.028,0.028,-1,Echolocation,/mnt/ubna_data_01_mir/recover-20220825/UBNA_002/20220823_033000.WAV,Telephone Field,recover-20220825,002,1795
846.0265,846.0342,41796,49926,Pipistrellus nathusii,0.016,0.031,-1,Echolocation,/mnt/ubna_data_01_mir/recover-20220825/UBNA_002/20220823_033000.WAV,Telephone Field,recover-20220825,002,1795
846.0455,846.0531,40937,48702,Pipistrellus nathusii,0.399,0.425,-1,Echolocation,/mnt/ubna_data_01_mir/recover-20220825/UBNA_002/20220823_033000.WAV,Telephone Field,recover-20220825,002,1795
846.0705,846.0768,37500,54707,Pipistrellus nathusii,0.342,0.52,-1,Echolocation,/mnt/ubna_data_01_mir/recover-20220825/UBNA_002/20220823_033000.WAV,Telephone Field,recover-20220825,002,1795
846.0735,846.0807,12578,29297,Barbastellus barbastellus,0.034,0.036,-1,Echolocation,/mnt/ubna_data_01_mir/recover-20220825/UBNA_002/20220823_033000.WAV,Telephone Field,recover-20220825,002,1795
846.0825,846.0922,27187,32443,Eptesicus serotinus,0.009,0.03,-1,Echolocation,/mnt/ubna_data_01_mir/recover-20220825/UBNA_002/20220823_033000.WAV,Telephone Field,recover-20220825,002,1795
846.1145,846.124,52109,59221,Pipistrellus pygmaeus,0.034,0.038,-1,Echolocation,/mnt/ubna_data_01_mir/recover-20220825/UBNA_002/20220823_033000.WAV,Telephone Field,recover-20220825,002,1795
846.1195,846.1262,40937,52915,Pipistrellus nathusii,0.014,0.028,-1,Echolocation,/mnt/ubna_data_01_mir/recover-20220825/UBNA_002/20220823_033000.WAV,Telephone Field,recover-20220825,002,1795
846.1595,846.1653,40078,55023,Pipistrellus nathusii,0.565,0.595,-1,Echolocation,/mnt/ubna_data_01_mir/recover-20220825/UBNA_002/20220823_033000.WAV,Telephone Field,recover-20220825,002,1795
846.2015,846.2102,56406,65450,Pipistrellus pygmaeus,0.033,0.033,-1,Echolocation,/mnt/ubna_data_01_mir/recover-20220825/UBNA_002/20220823_033000.WAV,Telephone Field,recover-20220825,002,1795
846.2195,846.2286,40937,46446,Pipistrellus nathusii,0.054,0.068,-1,Echolocation,/mnt/ubna_data_01_mir/recover-20220825/UBNA_002/20220823_033000.WAV,Telephone Field,recover-20220825,002,1795
846.2575,846.2631,40937,52713,Pipistrellus nathusii,0.521,0.573,-1,Echolocation,/mnt/ubna_data_01_mir/recover-20220825/UBNA_002/20220823_033000.WAV,Telephone Field,recover-20220825,002,1795
846.2605,846.2728,20312,25238,Nyctalus leisleri,0.013,0.037,-1,Echolocation,/mnt/ubna_data_01_mir/recover-20220825/UBNA_002/20220823_033000.WAV,Telephone Field,recover-20220825,002,1795
846.2855,846.2929,41796,52919,Pipistrellus nathusii,0.015,0.03,-1,Echolocation,/mnt/ubna_data_01_mir/recover-20220825/UBNA_002/20220823_033000.WAV,Telephone Field,recover-20220825,002,1795
846.3195,846.3253,43515,52054,Pipistrellus nathusii,0.174,0.198,-1,Echolocation,/mnt/ubna_data_01_mir/recover-20220825/UBNA_002/20220823_033000.WAV,Telephone Field,recover-20220825,002,1795
846.3745,846.3807,43515,50111,Pipistrellus nathusii,0.228,0.247,-1,Echolocation,/mnt/ubna_data_01_mir/recover-20220825/UBNA_002/20220823_033000.WAV,Telephone Field,recover-20220825,002,1795
846.3875,846.3962,26328,32305,Eptesicus serotinus,0.016,0.035,-1,Echolocation,/mnt/ubna_data_01_mir/recover-20220825/UBNA_002/20220823_033000.WAV,Telephone Field,recover-20220825,002,1795
846.4025,846.4098,40937,51809,Pipistrellus nathusii,0.36,0.419,-1,Echolocation,/mnt/ubna_data_01_mir/recover-20220825/UBNA_002/20220823_033000.WAV,Telephone Field,recover-20220825,002,1795
846.4515,846.4574,38359,52078,Pipistrellus nathusii,0.425,0.545,-1,Echolocation,/mnt/ubna_data_01_mir/recover-20220825/UBNA_002/20220823_033000.WAV,Telephone Field,recover-20220825,002,1795
846.4925,846.5008,42656,46395,Pipistrellus nathusii,0.026,0.036,-1,Echolocation,/mnt/ubna_data_01_mir/recover-20220825/UBNA_002/20220823_033000.WAV,Telephone Field,recover-20220825,002,1795
846.5335,846.54,38359,50815,Pipistrellus nathusii,0.319,0.446,-1,Echolocation,/mnt/ubna_data_01_mir/recover-20220825/UBNA_002/20220823_033000.WAV,Telephone Field,recover-20220825,002,1795
846.5935,846.6004,39218,47441,Pipistrellus nathusii,0.342,0.432,-1,Echolocation,/mnt/ubna_data_01_mir/recover-20220825/UBNA_002/20220823_033000.WAV,Telephone Field,recover-20220825,002,1795
846.6305,846.6388,40078,44874,Pipistrellus nathusii,0.017,0.029,-1,Echolocation,/mnt/ubna_data_01_mir/recover-20220825/UBNA_002/20220823_033000.WAV,Telephone Field,recover-20220825,002,1795
846.6505,846.6577,49531,58221,Pipistrellus pipistrellus,0.015,0.029,-1,Echolocation,/mnt/ubna_data_01_mir/recover-20220825/UBNA_002/20220823_033000.WAV,Telephone Field,recover-20220825,002,1795
846.6845,846.6916,40078,48287,Pipistrellus nathusii,0.293,0.357,-1,Echolocation,/mnt/ubna_data_01_mir/recover-20220825/UBNA_002/20220823_033000.WAV,Telephone Field,recover-20220825,002,1795
846.7205,846.7301,27187,36107,Eptesicus serotinus,0.012,0.028,-1,Echolocation,/mnt/ubna_data_01_mir/recover-20220825/UBNA_002/20220823_033000.WAV,Telephone Field,recover-20220825,002,1795
846.7415,846.7488,46953,52952,Pipistrellus pipistrellus,0.04,0.059,-1,Echolocation,/mnt/ubna_data_01_mir/recover-20220825/UBNA_002/20220823_033000.WAV,Telephone Field,recover-20220825,002,1795
846.7555,846.7634,31484,40083,Barbastellus barbastellus,0.017,0.034,-1,Echolocation,/mnt/ubna_data_01_mir/recover-20220825/UBNA_002/20220823_033000.WAV,Telephone Field,recover-20220825,002,1795
846.7555,846.7636,41796,49634,Pipistrellus nathusii,0.036,0.044,-1,Echolocation,/mnt/ubna_data_01_mir/recover-20220825/UBNA_002/20220823_033000.WAV,Telephone Field,recover-20220825,002,1795
846.7745,846.7813,40937,52322,Pipistrellus nathusii,0.456,0.577,-1,Echolocation,/mnt/ubna_data_01_mir/recover-20220825/UBNA_002/20220823_033000.WAV,Telephone Field,recover-20220825,002,1795
846.8075,846.8157,54687,64444,Pipistrellus pygmaeus,0.03,0.031,-1,Echolocation,/mnt/ubna_data_01_mir/recover-20220825/UBNA_002/20220823_033000.WAV,Telephone Field,recover-20220825,002,1795
846.8145,846.8224,41796,52881,Pipistrellus nathusii,0.015,0.028,-1,Echolocation,/mnt/ubna_data_01_mir/recover-20220825/UBNA_002/20220823_033000.WAV,Telephone Field,recover-20220825,002,1795
846.8425,846.8499,38359,50120,Pipistrellus nathusii,0.011,0.031,-1,Echolocation,/mnt/ubna_data_01_mir/recover-20220825/UBNA_002/20220823_033000.WAV,Telephone Field,recover-20220825,002,1795
846.8695,846.8756,39218,48019,Pipistrellus nathusii,0.464,0.546,-1,Echolocation,/mnt/ubna_data_01_mir/recover-20220825/UBNA_002/20220823_033000.WAV,Telephone Field,recover-20220825,002,1795
846.9235,846.9313,27187,34104,Eptesicus serotinus,0.012,0.03,-1,Echolocation,/mnt/ubna_data_01_mir/recover-20220825/UBNA_002/20220823_033000.WAV,Telephone Field,recover-20220825,002,1795
846.9385,846.9443,40078,50977,Pipistrellus nathusii,0.436,0.521,-1,Echolocation,/mnt/ubna_data_01_mir/recover-20220825/UBNA_002/20220823_033000.WAV,Telephone Field,recover-20220825,002,1795
846.9585,846.9644,40078,50983,Pipistrellus nathusii,0.402,0.464,-1,Echolocation,/mnt/ubna_data_01_mir/recover-20220825/UBNA_002/20220823_033000.WAV,Telephone Field,recover-20220825,002,1795
846.9625,846.97,12578,26568,Barbastellus barbastellus,0.036,0.038,-1,Echolocation,/mnt/ubna_data_01_mir/recover-20220825/UBNA_002/20220823_033000.WAV,Telephone Field,recover-20220825,002,1795
847.0205,847.0278,41796,52831,Pipistrellus nathusii,0.247,0.327,-1,Echolocation,/mnt/ubna_data_01_mir/recover-20220825/UBNA_002/20220823_033000.WAV,Telephone Field,recover-20220825,002,1795
847.0215,847.0276,28906,44843,Barbastellus barbastellus,0.014,0.033,-1,Echolocation,/mnt/ubna_data_01_mir/recover-20220825/UBNA_002/20220823_033000.WAV,Telephone Field,recover-20220825,002,1795
847.0495,847.0558,39218,50938,Pipistrellus nathusii,0.468,0.535,-1,Echolocation,/mnt/ubna_data_01_mir/recover-20220825/UBNA_002/20220823_033000.WAV,Telephone Field,recover-20220825,002,1795
847.0765,847.0836,48671,53411,Pipistrellus pipistrellus,0.032,0.052,-1,Echolocation,/mnt/ubna_data_01_mir/recover-20220825/UBNA_002/20220823_033000.WAV,Telephone Field,recover-20220825,002,1795
847.0985,847.104,40078,51154,Pipistrellus nathusii,0.234,0.394,-1,Echolocation,/mnt/ubna_data_01_mir/recover-20220825/UBNA_002/20220823_033000.WAV,Telephone Field,recover-20220825,002,1795
847.1425,847.1475,38359,52821,Pipistrellus nathusii,0.304,0.452,-1,Echolocation,/mnt/ubna_data_01_mir/recover-20220825/UBNA_002/20220823_033000.WAV,Telephone Field,recover-20220825,002,1795
847.1465,847.1538,13437,26302,Barbastellus barbastellus,0.025,0.028,-1,Echolocation,/mnt/ubna_data_01_mir/recover-20220825/UBNA_002/20220823_033000.WAV,Telephone Field,recover-20220825,002,1795
847.1525,847.1617,27187,33100,Eptesicus serotinus,0.011,0.029,-1,Echolocation,/mnt/ubna_data_01_mir/recover-20220825/UBNA_002/20220823_033000.WAV,Telephone Field,recover-20220825,002,1795
847.1925,847.1985,40078,55693,Pipistrellus nathusii,0.483,0.585,-1,Echolocation,/mnt/ubna_data_01_mir/recover-20220825/UBNA_002/20220823_033000.WAV,Telephone Field,recover-20220825,002,1795
847.1945,847.2022,12578,26484,Barbastellus barbastellus,0.046,0.049,-1,Echolocation,/mnt/ubna_data_01_mir/recover-20220825/UBNA_002/20220823_033000.WAV,Telephone Field,recover-20220825,002,1795
847.2335,847.2387,38359,51837,Pipistrellus nathusii,0.339,0.383,-1,Echolocation,/mnt/ubna_data_01_mir/recover-20220825/UBNA_002/20220823_033000.WAV,Telephone Field,recover-20220825,002,1795
847.2795,847.2849,40937,53965,Pipistrellus nathusii,0.32,0.423,-1,Echolocation,/mnt/ubna_data_01_mir/recover-20220825/UBNA_002/20220823_033000.WAV,Telephone Field,recover-20220825,002,1795
847.2945,847.3021,32343,38300,Barbastellus barbastellus,0.02,0.029,-1,Echolocation,/mnt/ubna_data_01_mir/recover-20220825/UBNA_002/20220823_033000.WAV,Telephone Field,recover-20220825,002,1795
847.3195,847.3259,40937,53179,Pipistrellus nathusii,0.24,0.323,-1,Echolocation,/mnt/ubna_data_01_mir/recover-20220825/UBNA_002/20220823_033000.WAV,Telephone Field,recover-20220825,002,1795
847.3215,847.3306,12578,21982,Barbastellus barbastellus,0.027,0.03,-1,Echolocation,/mnt/ubna_data_01_mir/recover-20220825/UBNA_002/20220823_033000.WAV,Telephone Field,recover-20220825,002,1795
847.3365,847.3424,53828,59692,Pipistrellus pygmaeus,0.031,0.034,-1,Echolocation,/mnt/ubna_data_01_mir/recover-20220825/UBNA_002/20220823_033000.WAV,Telephone Field,recover-20220825,002,1795
847.3575,847.364,13437,26324,Barbastellus barbastellus,0.028,0.031,-1,Echolocation,/mnt/ubna_data_01_mir/recover-20220825/UBNA_002/20220823_033000.WAV,Telephone Field,recover-20220825,002,1795
847.3595,847.3651,40078,52711,Pipistrellus nathusii,0.375,0.466,-1,Echolocation,/mnt/ubna_data_01_mir/recover-20220825/UBNA_002/20220823_033000.WAV,Telephone Field,recover-20220825,002,1795
847.3895,847.3955,32343,43024,Barbastellus barbastellus,0.02,0.036,-1,Echolocation,/mnt/ubna_data_01_mir/recover-20220825/UBNA_002/20220823_033000.WAV,Telephone Field,recover-20220825,002,1795
847.3955,847.4026,54687,64343,Pipistrellus pygmaeus,0.028,0.029,-1,Echolocation,/mnt/ubna_data_01_mir/recover-20220825/UBNA_002/20220823_033000.WAV,Telephone Field,recover-20220825,002,1795
847.4115,847.4177999999999,41796,50343,Pipistrellus nathusii,0.298,0.329,-1,Echolocation,/mnt/ubna_data_01_mir/recover-20220825/UBNA_002/20220823_033000.WAV,Telephone Field,recover-20220825,002,1795
847.4135,847.4215,13437,20375,Barbastellus barbastellus,0.032,0.035,-1,Echolocation,/mnt/ubna_data_01_mir/recover-20220825/UBNA_002/20220823_033000.WAV,Telephone Field,recover-20220825,002,1795
847.4395,847.4465,38359,52782,Pipistrellus nathusii,0.343,0.505,-1,Echolocation,/mnt/ubna_data_01_mir/recover-20220825/UBNA_002/20220823_033000.WAV,Telephone Field,recover-20220825,002,1795
847.4735,847.4808,40937,51860,Pipistrellus nathusii,0.014,0.028,-1,Echolocation,/mnt/ubna_data_01_mir/recover-20220825/UBNA_002/20220823_033000.WAV,Telephone Field,recover-20220825,002,1795
847.4745,847.4823,31484,40764,Barbastellus barbastellus,0.012,0.03,-1,Echolocation,/mnt/ubna_data_01_mir/recover-20220825/UBNA_002/20220823_033000.WAV,Telephone Field,recover-20220825,002,1795
847.4855,847.4925,52968,62444,Pipistrellus pygmaeus,0.028,0.029,-1,Echolocation,/mnt/ubna_data_01_mir/recover-20220825/UBNA_002/20220823_033000.WAV,Telephone Field,recover-20220825,002,1795
847.4945,847.5078,14296,18800,Nyctalus noctula,0.015,0.033,-1,Echolocation,/mnt/ubna_data_01_mir/recover-20220825/UBNA_002/20220823_033000.WAV,Telephone Field,recover-20220825,002,1795
847.4995,847.5099,42656,46296,Pipistrellus nathusii,0.047,0.056,-1,Echolocation,/mnt/ubna_data_01_mir/recover-20220825/UBNA_002/20220823_033000.WAV,Telephone Field,recover-20220825,002,1795
847.5145,847.5245,28046,33790,Eptesicus serotinus,0.022,0.044,-1,Echolocation,/mnt/ubna_data_01_mir/recover-20220825/UBNA_002/20220823_033000.WAV,Telephone Field,recover-20220825,002,1795
847.5275,847.5337,40937,53157,Pipistrellus nathusii,0.435,0.516,-1,Echolocation,/mnt/ubna_data_01_mir/recover-20220825/UBNA_002/20220823_033000.WAV,Telephone Field,recover-20220825,002,1795
847.5695,847.5766,31484,43068,Barbastellus barbastellus,0.013,0.031,-1,Echolocation,/mnt/ubna_data_01_mir/recover-20220825/UBNA_002/20220823_033000.WAV,Telephone Field,recover-20220825,002,1795
847.5715,847.5793,41796,49515,Pipistrellus nathusii,0.023,0.037,-1,Echolocation,/mnt/ubna_data_01_mir/recover-20220825/UBNA_002/20220823_033000.WAV,Telephone Field,recover-20220825,002,1795
847.6145,847.6202,40078,54531,Pipistrellus nathusii,0.362,0.467,-1,Echolocation,/mnt/ubna_data_01_mir/recover-20220825/UBNA_002/20220823_033000.WAV,Telephone Field,recover-20220825,002,1795
847.6435,847.6499,37500,50136,Myotis brandtii,0.011,0.032,-1,Echolocation,/mnt/ubna_data_01_mir/recover-20220825/UBNA_002/20220823_033000.WAV,Telephone Field,recover-20220825,002,1795
847.6725,847.6785,40937,54769,Pipistrellus nathusii,0.376,0.484,-1,Echolocation,/mnt/ubna_data_01_mir/recover-20220825/UBNA_002/20220823_033000.WAV,Telephone Field,recover-20220825,002,1795
847.7085,847.7165,42656,49226,Pipistrellus nathusii,0.039,0.047,-1,Echolocation,/mnt/ubna_data_01_mir/recover-20220825/UBNA_002/20220823_033000.WAV,Telephone Field,recover-20220825,002,1795
847.7335,847.7403,40937,51348,Pipistrellus nathusii,0.341,0.46,-1,Echolocation,/mnt/ubna_data_01_mir/recover-20220825/UBNA_002/20220823_033000.WAV,Telephone Field,recover-20220825,002,1795
847.8035,847.8102,41796,54842,Pipistrellus nathusii,0.399,0.502,-1,Echolocation,/mnt/ubna_data_01_mir/recover-20220825/UBNA_002/20220823_033000.WAV,Telephone Field,recover-20220825,002,1795
847.8555,847.8941,68437,82048,Rhinolophus ferrumequinum,0.029,0.029,-1,Echolocation,/mnt/ubna_data_01_mir/recover-20220825/UBNA_002/20220823_033000.WAV,Telephone Field,recover-20220825,002,1795
847.8565,847.8646,40937,49432,Pipistrellus nathusii,0.023,0.033,-1,Echolocation,/mnt/ubna_data_01_mir/recover-20220825/UBNA_002/20220823_033000.WAV,Telephone Field,recover-20220825,002,1795
847.8855,847.8924,40937,51087,Pipistrellus nathusii,0.389,0.488,-1,Echolocation,/mnt/ubna_data_01_mir/recover-20220825/UBNA_002/20220823_033000.WAV,Telephone Field,recover-20220825,002,1795
847.9165,847.9265,25468,30924,Nyctalus leisleri,0.01,0.028,-1,Echolocation,/mnt/ubna_data_01_mir/recover-20220825/UBNA_002/20220823_033000.WAV,Telephone Field,recover-20220825,002,1795
847.9255,847.9325,49531,55316,Pipistrellus pygmaeus,0.022,0.029,-1,Echolocation,/mnt/ubna_data_01_mir/recover-20220825/UBNA_002/20220823_033000.WAV,Telephone Field,recover-20220825,002,1795
847.9255,847.9451,20312,24104,Nyctalus noctula,0.015,0.033,-1,Echolocation,/mnt/ubna_data_01_mir/recover-20220825/UBNA_002/20220823_033000.WAV,Telephone Field,recover-20220825,002,1795
847.9515,847.9594,54687,66521,Pipistrellus pygmaeus,0.033,0.034,-1,Echolocation,/mnt/ubna_data_01_mir/recover-20220825/UBNA_002/20220823_033000.WAV,Telephone Field,recover-20220825,002,1795
847.9545,847.9618,43515,55356,Pipistrellus nathusii,0.035,0.047,-1,Echolocation,/mnt/ubna_data_01_mir/recover-20220825/UBNA_002/20220823_033000.WAV,Telephone Field,recover-20220825,002,1795
847.9545,847.9616,33203,43089,Barbastellus barbastellus,0.034,0.05,-1,Echolocation,/mnt/ubna_data_01_mir/recover-20220825/UBNA_002/20220823_033000.WAV,Telephone Field,recover-20220825,002,1795
847.9575,847.9634,49531,56660,Pipistrellus pipistrellus,0.026,0.041,-1,Echolocation,/mnt/ubna_data_01_mir/recover-20220825/UBNA_002/20220823_033000.WAV,Telephone Field,recover-20220825,002,1795
847.9765,847.9827,36640,48708,Myotis brandtii,0.013,0.034,-1,Echolocation,/mnt/ubna_data_01_mir/recover-20220825/UBNA_002/20220823_033000.WAV,Telephone Field,recover-20220825,002,1795
847.9765,847.984,43515,51795,Pipistrellus nathusii,0.025,0.036,-1,Echolocation,/mnt/ubna_data_01_mir/recover-20220825/UBNA_002/20220823_033000.WAV,Telephone Field,recover-20220825,002,1795
847.9815,847.9893,43515,52939,Pipistrellus nathusii,0.025,0.035,-1,Echolocation,/mnt/ubna_data_01_mir/recover-20220825/UBNA_002/20220823_033000.WAV,Telephone Field,recover-20220825,002,1795
848.0015,848.0255,69296,83736,Rhinolophus ferrumequinum,0.032,0.033,-1,Echolocation,/mnt/ubna_data_01_mir/recover-20220825/UBNA_002/20220823_033000.WAV,Telephone Field,recover-20220825,002,1795
848.0025,848.0091,41796,54702,Pipistrellus nathusii,0.562,0.571,-1,Echolocation,/mnt/ubna_data_01_mir/recover-20220825/UBNA_002/20220823_033000.WAV,Telephone Field,recover-20220825,002,1795
848.0095,848.0173,40078,46462,Pipistrellus nathusii,0.129,0.14,-1,Echolocation,/mnt/ubna_data_01_mir/recover-20220825/UBNA_002/20220823_033000.WAV,Telephone Field,recover-20220825,002,1795
848.0295,848.0366,48671,55016,Pipistrellus pipistrellus,0.02,0.024,-1,Echolocation,/mnt/ubna_data_01_mir/recover-20220825/UBNA_002/20220823_033000.WAV,Telephone Field,recover-20220825,002,1795
848.0365,848.0475,32343,37969,Eptesicus serotinus,0.044,0.117,-1,Echolocation,/mnt/ubna_data_01_mir/recover-20220825/UBNA_002/20220823_033000.WAV,Telephone Field,recover-20220825,002,1795
848.0625,848.0686,49531,55166,Pipistrellus pipistrellus,0.023,0.026,-1,Echolocation,/mnt/ubna_data_01_mir/recover-20220825/UBNA_002/20220823_033000.WAV,Telephone Field,recover-20220825,002,1795
848.0785,848.0835,29765,81420,Myotis bechsteinii,0.063,0.113,-1,Echolocation,/mnt/ubna_data_01_mir/recover-20220825/UBNA_002/20220823_033000.WAV,Telephone Field,recover-20220825,002,1795
848.0785,848.085,40937,57466,Pipistrellus nathusii,0.462,0.528,-1,Echolocation,/mnt/ubna_data_01_mir/recover-20220825/UBNA_002/20220823_033000.WAV,Telephone Field,recover-20220825,002,1795
848.1315,848.1384,53828,60485,Pipistrellus pygmaeus,0.028,0.029,-1,Echolocation,/mnt/ubna_data_01_mir/recover-20220825/UBNA_002/20220823_033000.WAV,Telephone Field,recover-20220825,002,1795
848.1405,848.1461,34062,56008,Myotis brandtii,0.021,0.049,-1,Echolocation,/mnt/ubna_data_01_mir/recover-20220825/UBNA_002/20220823_033000.WAV,Telephone Field,recover-20220825,002,1795
848.1555,848.1782,18593,21972,Nyctalus noctula,0.015,0.025,-1,Echolocation,/mnt/ubna_data_01_mir/recover-20220825/UBNA_002/20220823_033000.WAV,Telephone Field,recover-20220825,002,1795
848.1635,848.1717,49531,55504,Pipistrellus pipistrellus,0.017,0.03,-1,Echolocation,/mnt/ubna_data_01_mir/recover-20220825/UBNA_002/20220823_033000.WAV,Telephone Field,recover-20220825,002,1795
848.1685,848.1756,40078,54417,Pipistrellus nathusii,0.25,0.439,-1,Echolocation,/mnt/ubna_data_01_mir/recover-20220825/UBNA_002/20220823_033000.WAV,Telephone Field,recover-20220825,002,1795
848.1795,848.2086,68437,81072,Rhinolophus ferrumequinum,0.025,0.025,-1,Echolocation,/mnt/ubna_data_01_mir/recover-20220825/UBNA_002/20220823_033000.WAV,Telephone Field,recover-20220825,002,1795
848.1795,848.1851,32343,57510,Myotis daubentonii,0.013,0.032,-1,Echolocation,/mnt/ubna_data_01_mir/recover-20220825/UBNA_002/20220823_033000.WAV,Telephone Field,recover-20220825,002,1795
848.2595,848.2647,29765,74566,Myotis bechsteinii,0.037,0.072,-1,Echolocation,/mnt/ubna_data_01_mir/recover-20220825/UBNA_002/20220823_033000.WAV,Telephone Field,recover-20220825,002,1795
848.2595,848.2668,39218,62418,Pipistrellus nathusii,0.531,0.592,-1,Echolocation,/mnt/ubna_data_01_mir/recover-20220825/UBNA_002/20220823_033000.WAV,Telephone Field,recover-20220825,002,1795
848.2695,848.2767,39218,53994,Pipistrellus nathusii,0.122,0.163,-1,Echolocation,/mnt/ubna_data_01_mir/recover-20220825/UBNA_002/20220823_033000.WAV,Telephone Field,recover-20220825,002,1795
848.3335,848.3439,40937,51259,Pipistrellus nathusii,0.011,0.029,-1,Echolocation,/mnt/ubna_data_01_mir/recover-20220825/UBNA_002/20220823_033000.WAV,Telephone Field,recover-20220825,002,1795
848.3475,848.3592,16015,25390,Nyctalus noctula,0.014,0.026,-1,Echolocation,/mnt/ubna_data_01_mir/recover-20220825/UBNA_002/20220823_033000.WAV,Telephone Field,recover-20220825,002,1795
848.3475,848.3567,53828,61031,Pipistrellus pygmaeus,0.074,0.077,-1,Echolocation,/mnt/ubna_data_01_mir/recover-20220825/UBNA_002/20220823_033000.WAV,Telephone Field,recover-20220825,002,1795
848.3485,848.3544,29765,72362,Myotis bechsteinii,0.05,0.091,-1,Echolocation,/mnt/ubna_data_01_mir/recover-20220825/UBNA_002/20220823_033000.WAV,Telephone Field,recover-20220825,002,1795
848.3495,848.3565,37500,58688,Pipistrellus nathusii,0.249,0.397,-1,Echolocation,/mnt/ubna_data_01_mir/recover-20220825/UBNA_002/20220823_033000.WAV,Telephone Field,recover-20220825,002,1795
848.3595,848.3662,27187,43142,Eptesicus serotinus,0.007,0.028,-1,Echolocation,/mnt/ubna_data_01_mir/recover-20220825/UBNA_002/20220823_033000.WAV,Telephone Field,recover-20220825,002,1795
848.3825,848.3896,46953,54371,Pipistrellus pipistrellus,0.038,0.041,-1,Echolocation,/mnt/ubna_data_01_mir/recover-20220825/UBNA_002/20220823_033000.WAV,Telephone Field,recover-20220825,002,1795
848.3825,848.3912,28046,36855,Eptesicus serotinus,0.009,0.024,-1,Echolocation,/mnt/ubna_data_01_mir/recover-20220825/UBNA_002/20220823_033000.WAV,Telephone Field,recover-20220825,002,1795
848.4085,848.418,54687,62931,Pipistrellus pygmaeus,0.057,0.059,-1,Echolocation,/mnt/ubna_data_01_mir/recover-20220825/UBNA_002/20220823_033000.WAV,Telephone Field,recover-20220825,002,1795
848.4135,848.4207,28046,44616,Eptesicus serotinus,0.008,0.028,-1,Echolocation,/mnt/ubna_data_01_mir/recover-20220825/UBNA_002/20220823_033000.WAV,Telephone Field,recover-20220825,002,1795
848.4345,848.4445,47812,53199,Pipistrellus pipistrellus,0.036,0.049,-1,Echolocation,/mnt/ubna_data_01_mir/recover-20220825/UBNA_002/20220823_033000.WAV,Telephone Field,recover-20220825,002,1795
848.4415,848.4472,28906,71094,Myotis bechsteinii,0.056,0.083,-1,Echolocation,/mnt/ubna_data_01_mir/recover-20220825/UBNA_002/20220823_033000.WAV,Telephone Field,recover-20220825,002,1795
848.4415,848.449,36640,53409,Pipistrellus nathusii,0.321,0.497,-1,Echolocation,/mnt/ubna_data_01_mir/recover-20220825/UBNA_002/20220823_033000.WAV,Telephone Field,recover-20220825,002,1795
848.4505,848.459,39218,48503,Pipistrellus nathusii,0.036,0.053,-1,Echolocation,/mnt/ubna_data_01_mir/recover-20220825/UBNA_002/20220823_033000.WAV,Telephone Field,recover-20220825,002,1795
848.4545,848.4874,68437,81334,Rhinolophus ferrumequinum,0.027,0.028,-1,Echolocation,/mnt/ubna_data_01_mir/recover-20220825/UBNA_002/20220823_033000.WAV,Telephone Field,recover-20220825,002,1795
848.4875,848.4991,30625,37294,Eptesicus serotinus,0.007,0.026,-1,Echolocation,/mnt/ubna_data_01_mir/recover-20220825/UBNA_002/20220823_033000.WAV,Telephone Field,recover-20220825,002,1795
848.4875,848.4953,48671,55707,Pipistrellus pipistrellus,0.021,0.024,-1,Echolocation,/mnt/ubna_data_01_mir/recover-20220825/UBNA_002/20220823_033000.WAV,Telephone Field,recover-20220825,002,1795
848.5105,848.5182,28046,35263,Eptesicus serotinus,0.008,0.024,-1,Echolocation,/mnt/ubna_data_01_mir/recover-20220825/UBNA_002/20220823_033000.WAV,Telephone Field,recover-20220825,002,1795
848.5155,848.5229,48671,55247,Pipistrellus pipistrellus,0.016,0.027,-1,Echolocation,/mnt/ubna_data_01_mir/recover-20220825/UBNA_002/20220823_033000.WAV,Telephone Field,recover-20220825,002,1795
848.5225,848.5282,29765,75261,Myotis bechsteinii,0.046,0.079,-1,Echolocation,/mnt/ubna_data_01_mir/recover-20220825/UBNA_002/20220823_033000.WAV,Telephone Field,recover-20220825,002,1795
848.5235,848.53,39218,61350,Pipistrellus nathusii,0.463,0.543,-1,Echolocation,/mnt/ubna_data_01_mir/recover-20220825/UBNA_002/20220823_033000.WAV,Telephone Field,recover-20220825,002,1795
848.5335,848.5397,38359,53625,Pipistrellus nathusii,0.061,0.112,-1,Echolocation,/mnt/ubna_data_01_mir/recover-20220825/UBNA_002/20220823_033000.WAV,Telephone Field,recover-20220825,002,1795
848.5345,848.5403,31484,58935,Myotis brandtii,0.026,0.058,-1,Echolocation,/mnt/ubna_data_01_mir/recover-20220825/UBNA_002/20220823_033000.WAV,Telephone Field,recover-20220825,002,1795
848.5585,848.5663,48671,54183,Pipistrellus pipistrellus,0.026,0.029,-1,Echolocation,/mnt/ubna_data_01_mir/recover-20220825/UBNA_002/20220823_033000.WAV,Telephone Field,recover-20220825,002,1795
848.6175,848.63,53828,61112,Pipistrellus pygmaeus,0.023,0.025,-1,Echolocation,/mnt/ubna_data_01_mir/recover-20220825/UBNA_002/20220823_033000.WAV,Telephone Field,recover-20220825,002,1795
848.6215,848.6282,39218,64163,Pipistrellus nathusii,0.452,0.52,-1,Echolocation,/mnt/ubna_data_01_mir/recover-20220825/UBNA_002/20220823_033000.WAV,Telephone Field,recover-20220825,002,1795
848.6235,848.6285,28046,76540,Myotis bechsteinii,0.051,0.093,-1,Echolocation,/mnt/ubna_data_01_mir/recover-20220825/UBNA_002/20220823_033000.WAV,Telephone Field,recover-20220825,002,1795
848.6315,848.6379,38359,55943,Pipistrellus nathusii,0.125,0.189,-1,Echolocation,/mnt/ubna_data_01_mir/recover-20220825/UBNA_002/20220823_033000.WAV,Telephone Field,recover-20220825,002,1795
848.6955,848.7254,68437,80594,Rhinolophus ferrumequinum,0.025,0.025,-1,Echolocation,/mnt/ubna_data_01_mir/recover-20220825/UBNA_002/20220823_033000.WAV,Telephone Field,recover-20220825,002,1795
848.6975,848.705,47812,57583,Pipistrellus pipistrellus,0.024,0.044,-1,Echolocation,/mnt/ubna_data_01_mir/recover-20220825/UBNA_002/20220823_033000.WAV,Telephone Field,recover-20220825,002,1795
848.6995,848.7056,29765,70223,Myotis bechsteinii,0.039,0.08,-1,Echolocation,/mnt/ubna_data_01_mir/recover-20220825/UBNA_002/20220823_033000.WAV,Telephone Field,recover-20220825,002,1795
848.6995,848.7065,38359,65354,Pipistrellus nathusii,0.482,0.569,-1,Echolocation,/mnt/ubna_data_01_mir/recover-20220825/UBNA_002/20220823_033000.WAV,Telephone Field,recover-20220825,002,1795
848.7095,848.7147,35781,64530,Myotis brandtii,0.122,0.179,-1,Echolocation,/mnt/ubna_data_01_mir/recover-20220825/UBNA_002/20220823_033000.WAV,Telephone Field,recover-20220825,002,1795
848.7585,848.7659,48671,56002,Pipistrellus pipistrellus,0.02,0.037,-1,Echolocation,/mnt/ubna_data_01_mir/recover-20220825/UBNA_002/20220823_033000.WAV,Telephone Field,recover-20220825,002,1795
848.7615,848.7674,40937,64227,Pipistrellus nathusii,0.649,0.666,-1,Echolocation,/mnt/ubna_data_01_mir/recover-20220825/UBNA_002/20220823_033000.WAV,Telephone Field,recover-20220825,002,1795
848.7625,848.7679,30625,72923,Myotis brandtii,0.027,0.058,-1,Echolocation,/mnt/ubna_data_01_mir/recover-20220825/UBNA_002/20220823_033000.WAV,Telephone Field,recover-20220825,002,1795
848.7705,848.7773,37500,53546,Pipistrellus nathusii,0.111,0.169,-1,Echolocation,/mnt/ubna_data_01_mir/recover-20220825/UBNA_002/20220823_033000.WAV,Telephone Field,recover-20220825,002,1795
848.7735,848.8049,68437,80975,Rhinolophus ferrumequinum,0.024,0.024,-1,Echolocation,/mnt/ubna_data_01_mir/recover-20220825/UBNA_002/20220823_033000.WAV,Telephone Field,recover-20220825,002,1795
848.8205,848.8283,52109,59023,Pipistrellus pygmaeus,0.039,0.044,-1,Echolocation,/mnt/ubna_data_01_mir/recover-20220825/UBNA_002/20220823_033000.WAV,Telephone Field,recover-20220825,002,1795
848.8235,848.83,40078,62268,Pipistrellus nathusii,0.517,0.619,-1,Echolocation,/mnt/ubna_data_01_mir/recover-20220825/UBNA_002/20220823_033000.WAV,Telephone Field,recover-20220825,002,1795
848.8235,848.8288,30625,71137,Myotis bechsteinii,0.038,0.069,-1,Echolocation,/mnt/ubna_data_01_mir/recover-20220825/UBNA_002/20220823_033000.WAV,Telephone Field,recover-20220825,002,1795
848.8325,848.8379,27187,51467,Myotis bechsteinii,0.005,0.027,-1,Echolocation,/mnt/ubna_data_01_mir/recover-20220825/UBNA_002/20220823_033000.WAV,Telephone Field,recover-20220825,002,1795
848.8345,848.8407,34062,55643,Myotis brandtii,0.015,0.028,-1,Echolocation,/mnt/ubna_data_01_mir/recover-20220825/UBNA_002/20220823_033000.WAV,Telephone Field,recover-20220825,002,1795
848.8745,848.8845,36640,40846,Pipistrellus nathusii,0.041,0.052,-1,Echolocation,/mnt/ubna_data_01_mir/recover-20220825/UBNA_002/20220823_033000.WAV,Telephone Field,recover-20220825,002,1795
848.8755,848.8846,27187,38046,Eptesicus serotinus,0.009,0.024,-1,Echolocation,/mnt/ubna_data_01_mir/recover-20220825/UBNA_002/20220823_033000.WAV,Telephone Field,recover-20220825,002,1795
848.8875,848.8941,35781,61512,Myotis brandtii,0.011,0.025,-1,Echolocation,/mnt/ubna_data_01_mir/recover-20220825/UBNA_002/20220823_033000.WAV,Telephone Field,recover-20220825,002,1795
848.9015,848.9094,49531,55752,Pipistrellus pipistrellus,0.026,0.044,-1,Echolocation,/mnt/ubna_data_01_mir/recover-20220825/UBNA_002/20220823_033000.WAV,Telephone Field,recover-20220825,002,1795
848.9055,848.9129,37500,55393,Pipistrellus nathusii,0.484,0.614,-1,Echolocation,/mnt/ubna_data_01_mir/recover-20220825/UBNA_002/20220823_033000.WAV,Telephone Field,recover-20220825,002,1795
848.9615,848.9688,49531,58250,Pipistrellus pipistrellus,0.03,0.035,-1,Echolocation,/mnt/ubna_data_01_mir/recover-20220825/UBNA_002/20220823_033000.WAV,Telephone Field,recover-20220825,002,1795
848.9715,848.9806,28906,37415,Eptesicus serotinus,0.011,0.029,-1,Echolocation,/mnt/ubna_data_01_mir/recover-20220825/UBNA_002/20220823_033000.WAV,Telephone Field,recover-20220825,002,1795
848.9965,849.0044,54687,60154,Pipistrellus pygmaeus,0.086,0.09,-1,Echolocation,/mnt/ubna_data_01_mir/recover-20220825/UBNA_002/20220823_033000.WAV,Telephone Field,recover-20220825,002,1795
848.9965,849.0023,27187,75669,Myotis bechsteinii,0.054,0.084,-1,Echolocation,/mnt/ubna_data_01_mir/recover-20220825/UBNA_002/20220823_033000.WAV,Telephone Field,recover-20220825,002,1795
848.9975,849.0039,35781,61350,Pipistrellus nathusii,0.48,0.594,-1,Echolocation,/mnt/ubna_data_01_mir/recover-20220825/UBNA_002/20220823_033000.WAV,Telephone Field,recover-20220825,002,1795
849.0065,849.0126,34062,55014,Myotis brandtii,0.015,0.031,-1,Echolocation,/mnt/ubna_data_01_mir/recover-20220825/UBNA_002/20220823_033000.WAV,Telephone Field,recover-20220825,002,1795
849.0065,849.014,26328,38830,Eptesicus serotinus,0.008,0.032,-1,Echolocation,/mnt/ubna_data_01_mir/recover-20220825/UBNA_002/20220823_033000.WAV,Telephone Field,recover-20220825,002,1795
849.0195,849.0323,58125,65055,Pipistrellus pygmaeus,0.034,0.034,-1,Echolocation,/mnt/ubna_data_01_mir/recover-20220825/UBNA_002/20220823_033000.WAV,Telephone Field,recover-20220825,002,1795
849.0615,849.0691,39218,51438,Pipistrellus nathusii,0.559,0.634,-1,Echolocation,/mnt/ubna_data_01_mir/recover-20220825/UBNA_002/20220823_033000.WAV,Telephone Field,recover-20220825,002,1795
849.0715,849.0773,31484,58651,Myotis brandtii,0.012,0.026,-1,Echolocation,/mnt/ubna_data_01_mir/recover-20220825/UBNA_002/20220823_033000.WAV,Telephone Field,recover-20220825,002,1795
849.0785,849.0853,47812,54703,Pipistrellus pipistrellus,0.019,0.025,-1,Echolocation,/mnt/ubna_data_01_mir/recover-20220825/UBNA_002/20220823_033000.WAV,Telephone Field,recover-20220825,002,1795
849.0925,849.1008,47812,55853,Pipistrellus pipistrellus,0.022,0.027,-1,Echolocation,/mnt/ubna_data_01_mir/recover-20220825/UBNA_002/20220823_033000.WAV,Telephone Field,recover-20220825,002,1795
849.0995,849.1404,68437,82940,Rhinolophus ferrumequinum,0.032,0.032,-1,Echolocation,/mnt/ubna_data_01_mir/recover-20220825/UBNA_002/20220823_033000.WAV,Telephone Field,recover-20220825,002,1795
849.1015,849.111,54687,62267,Pipistrellus pygmaeus,0.025,0.026,-1,Echolocation,/mnt/ubna_data_01_mir/recover-20220825/UBNA_002/20220823_033000.WAV,Telephone Field,recover-20220825,002,1795
849.1025,849.1096,46093,53704,Pipistrellus pipistrellus,0.023,0.027,-1,Echolocation,/mnt/ubna_data_01_mir/recover-20220825/UBNA_002/20220823_033000.WAV,Telephone Field,recover-20220825,002,1795
849.1235,849.1331,52109,58895,Pipistrellus pygmaeus,0.025,0.027,-1,Echolocation,/mnt/ubna_data_01_mir/recover-20220825/UBNA_002/20220823_033000.WAV,Telephone Field,recover-20220825,002,1795
849.1275,849.1342,39218,60500,Pipistrellus nathusii,0.506,0.588,-1,Echolocation,/mnt/ubna_data_01_mir/recover-20220825/UBNA_002/20220823_033000.WAV,Telephone Field,recover-20220825,002,1795
849.1355,849.1437,22031,35462,Plecotus austriacus,0.008,0.025,-1,Echolocation,/mnt/ubna_data_01_mir/recover-20220825/UBNA_002/20220823_033000.WAV,Telephone Field,recover-20220825,002,1795
849.1385,849.1453,33203,52907,Myotis brandtii,0.014,0.03,-1,Echolocation,/mnt/ubna_data_01_mir/recover-20220825/UBNA_002/20220823_033000.WAV,Telephone Field,recover-20220825,002,1795
849.1415,849.1737,68437,81298,Rhinolophus ferrumequinum,0.026,0.026,-1,Echolocation,/mnt/ubna_data_01_mir/recover-20220825/UBNA_002/20220823_033000.WAV,Telephone Field,recover-20220825,002,1795
849.1915,849.1982,48671,57175,Pipistrellus pipistrellus,0.035,0.064,-1,Echolocation,/mnt/ubna_data_01_mir/recover-20220825/UBNA_002/20220823_033000.WAV,Telephone Field,recover-20220825,002,1795
849.1945,849.2008,27187,75556,Myotis bechsteinii,0.083,0.117,-1,Echolocation,/mnt/ubna_data_01_mir/recover-20220825/UBNA_002/20220823_033000.WAV,Telephone Field,recover-20220825,002,1795
849.1955,849.2026,35781,65190,Pipistrellus nathusii,0.454,0.542,-1,Echolocation,/mnt/ubna_data_01_mir/recover-20220825/UBNA_002/20220823_033000.WAV,Telephone Field,recover-20220825,002,1795
849.2055,849.2151,14296,24906,Plecotus auritus,0.01,0.025,-1,Echolocation,/mnt/ubna_data_01_mir/recover-20220825/UBNA_002/20220823_033000.WAV,Telephone Field,recover-20220825,002,1795
849.2075,849.2132,32343,58522,Myotis brandtii,0.014,0.033,-1,Echolocation,/mnt/ubna_data_01_mir/recover-20220825/UBNA_002/20220823_033000.WAV,Telephone Field,recover-20220825,002,1795
849.2355,849.2456999999999,55546,62915,Pipistrellus pygmaeus,0.026,0.027,-1,Echolocation,/mnt/ubna_data_01_mir/recover-20220825/UBNA_002/20220823_033000.WAV,Telephone Field,recover-20220825,002,1795
849.2605,849.2679,27187,35630,Eptesicus serotinus,0.009,0.026,-1,Echolocation,/mnt/ubna_data_01_mir/recover-20220825/UBNA_002/20220823_033000.WAV,Telephone Field,recover-20220825,002,1795
849.2735,849.2798,49531,56930,Pipistrellus pipistrellus,0.028,0.056,-1,Echolocation,/mnt/ubna_data_01_mir/recover-20220825/UBNA_002/20220823_033000.WAV,Telephone Field,recover-20220825,002,1795
849.2755,849.2811,28046,77494,Myotis bechsteinii,0.059,0.091,-1,Echolocation,/mnt/ubna_data_01_mir/recover-20220825/UBNA_002/20220823_033000.WAV,Telephone Field,recover-20220825,002,1795
849.2765,849.2844,37500,67188,Pipistrellus nathusii,0.495,0.545,-1,Echolocation,/mnt/ubna_data_01_mir/recover-20220825/UBNA_002/20220823_033000.WAV,Telephone Field,recover-20220825,002,1795
849.2855,849.2923,26328,40645,Eptesicus serotinus,0.006,0.026,-1,Echolocation,/mnt/ubna_data_01_mir/recover-20220825/UBNA_002/20220823_033000.WAV,Telephone Field,recover-20220825,002,1795
849.2865,849.2921,34062,51978,Myotis brandtii,0.013,0.029,-1,Echolocation,/mnt/ubna_data_01_mir/recover-20220825/UBNA_002/20220823_033000.WAV,Telephone Field,recover-20220825,002,1795
849.3095,849.3203,48671,56286,Pipistrellus pipistrellus,0.018,0.024,-1,Echolocation,/mnt/ubna_data_01_mir/recover-20220825/UBNA_002/20220823_033000.WAV,Telephone Field,recover-20220825,002,1795
849.3225,849.3302,55546,63913,Pipistrellus pygmaeus,0.023,0.024,-1,Echolocation,/mnt/ubna_data_01_mir/recover-20220825/UBNA_002/20220823_033000.WAV,Telephone Field,recover-20220825,002,1795
849.3415,849.3479,35781,64246,Myotis brandtii,0.011,0.025,-1,Echolocation,/mnt/ubna_data_01_mir/recover-20220825/UBNA_002/20220823_033000.WAV,Telephone Field,recover-20220825,002,1795
849.3555,849.3629,39218,46388,Pipistrellus nathusii,0.457,0.489,-1,Echolocation,/mnt/ubna_data_01_mir/recover-20220825/UBNA_002/20220823_033000.WAV,Telephone Field,recover-20220825,002,1795
849.3675,849.3753,52968,62048,Pipistrellus pygmaeus,0.088,0.093,-1,Echolocation,/mnt/ubna_data_01_mir/recover-20220825/UBNA_002/20220823_033000.WAV,Telephone Field,recover-20220825,002,1795
849.3695,849.3747,28906,79982,Myotis bechsteinii,0.072,0.12,-1,Echolocation,/mnt/ubna_data_01_mir/recover-20220825/UBNA_002/20220823_033000.WAV,Telephone Field,recover-20220825,002,1795
849.3705,849.3767,35781,66976,Pipistrellus nathusii,0.119,0.234,-1,Echolocation,/mnt/ubna_data_01_mir/recover-20220825/UBNA_002/20220823_033000.WAV,Telephone Field,recover-20220825,002,1795
849.3705,849.3834,15156,27045,Nyctalus noctula,0.017,0.029,-1,Echolocation,/mnt/ubna_data_01_mir/recover-20220825/UBNA_002/20220823_033000.WAV,Telephone Field,recover-20220825,002,1795
849.3865,849.3992,23750,27912,Nyctalus leisleri,0.015,0.029,-1,Echolocation,/mnt/ubna_data_01_mir/recover-20220825/UBNA_002/20220823_033000.WAV,Telephone Field,recover-20220825,002,1795
849.4315,849.4395,51250,55726,Pipistrellus pygmaeus,0.015,0.027,-1,Echolocation,/mnt/ubna_data_01_mir/recover-20220825/UBNA_002/20220823_033000.WAV,Telephone Field,recover-20220825,002,1795
849.4425,849.4518,52968,58851,Pipistrellus pygmaeus,0.07,0.076,-1,Echolocation,/mnt/ubna_data_01_mir/recover-20220825/UBNA_002/20220823_033000.WAV,Telephone Field,recover-20220825,002,1795
849.4435,849.4492,27187,86762,Myotis bechsteinii,0.135,0.172,-1,Echolocation,/mnt/ubna_data_01_mir/recover-20220825/UBNA_002/20220823_033000.WAV,Telephone Field,recover-20220825,002,1795
849.4435,849.4503,38359,63979,Pipistrellus nathusii,0.367,0.473,-1,Echolocation,/mnt/ubna_data_01_mir/recover-20220825/UBNA_002/20220823_033000.WAV,Telephone Field,recover-20220825,002,1795
849.4545,849.4625,40937,51887,Pipistrellus nathusii,0.029,0.041,-1,Echolocation,/mnt/ubna_data_01_mir/recover-20220825/UBNA_002/20220823_033000.WAV,Telephone Field,recover-20220825,002,1795
849.4545,849.4602,31484,59699,Myotis brandtii,0.015,0.03,-1,Echolocation,/mnt/ubna_data_01_mir/recover-20220825/UBNA_002/20220823_033000.WAV,Telephone Field,recover-20220825,002,1795
849.5335,849.5443,52109,57415,Pipistrellus pygmaeus,0.06,0.069,-1,Echolocation,/mnt/ubna_data_01_mir/recover-20220825/UBNA_002/20220823_033000.WAV,Telephone Field,recover-20220825,002,1795
849.5375,849.5433,29765,74008,Myotis bechsteinii,0.052,0.088,-1,Echolocation,/mnt/ubna_data_01_mir/recover-20220825/UBNA_002/20220823_033000.WAV,Telephone Field,recover-20220825,002,1795
849.5375,849.5446,37500,65114,Pipistrellus nathusii,0.465,0.575,-1,Echolocation,/mnt/ubna_data_01_mir/recover-20220825/UBNA_002/20220823_033000.WAV,Telephone Field,recover-20220825,002,1795
849.5485,849.5581999999999,15156,26172,Nyctalus noctula,0.013,0.028,-1,Echolocation,/mnt/ubna_data_01_mir/recover-20220825/UBNA_002/20220823_033000.WAV,Telephone Field,recover-20220825,002,1795
849.5495,849.557,39218,51087,Pipistrellus nathusii,0.043,0.059,-1,Echolocation,/mnt/ubna_data_01_mir/recover-20220825/UBNA_002/20220823_033000.WAV,Telephone Field,recover-20220825,002,1795
849.5585,849.5681,23750,31538,Plecotus austriacus,0.009,0.032,-1,Echolocation,/mnt/ubna_data_01_mir/recover-20220825/UBNA_002/20220823_033000.WAV,Telephone Field,recover-20220825,002,1795
849.5785,849.5874,59843,66952,Pipistrellus pygmaeus,0.029,0.029,-1,Echolocation,/mnt/ubna_data_01_mir/recover-20220825/UBNA_002/20220823_033000.WAV,Telephone Field,recover-20220825,002,1795
849.5805,849.5888,28046,36945,Eptesicus serotinus,0.009,0.027,-1,Echolocation,/mnt/ubna_data_01_mir/recover-20220825/UBNA_002/20220823_033000.WAV,Telephone Field,recover-20220825,002,1795
849.5805,849.5875,32343,43349,Myotis daubentonii,0.01,0.027,-1,Echolocation,/mnt/ubna_data_01_mir/recover-20220825/UBNA_002/20220823_033000.WAV,Telephone Field,recover-20220825,002,1795
849.5835,849.5912,49531,59912,Pipistrellus pipistrellus,0.026,0.036,-1,Echolocation,/mnt/ubna_data_01_mir/recover-20220825/UBNA_002/20220823_033000.WAV,Telephone Field,recover-20220825,002,1795
849.6225,849.6335,54687,60677,Pipistrellus pygmaeus,0.064,0.069,-1,Echolocation,/mnt/ubna_data_01_mir/recover-20220825/UBNA_002/20220823_033000.WAV,Telephone Field,recover-20220825,002,1795
849.6225,849.6289,34921,68396,Myotis brandtii,0.191,0.332,-1,Echolocation,/mnt/ubna_data_01_mir/recover-20220825/UBNA_002/20220823_033000.WAV,Telephone Field,recover-20220825,002,1795
849.6345,849.6406,33203,60531,Myotis brandtii,0.014,0.027,-1,Echolocation,/mnt/ubna_data_01_mir/recover-20220825/UBNA_002/20220823_033000.WAV,Telephone Field,recover-20220825,002,1795
849.6845,849.6952,52109,57888,Pipistrellus pygmaeus,0.046,0.049,-1,Echolocation,/mnt/ubna_data_01_mir/recover-20220825/UBNA_002/20220823_033000.WAV,Telephone Field,recover-20220825,002,1795
849.7135,849.7231,47812,53956,Pipistrellus pipistrellus,0.03,0.057,-1,Echolocation,/mnt/ubna_data_01_mir/recover-20220825/UBNA_002/20220823_033000.WAV,Telephone Field,recover-20220825,002,1795
849.7165,849.7233,35781,66926,Pipistrellus nathusii,0.277,0.464,-1,Echolocation,/mnt/ubna_data_01_mir/recover-20220825/UBNA_002/20220823_033000.WAV,Telephone Field,recover-20220825,002,1795
849.7165,849.7226,26328,83708,Myotis bechsteinii,0.176,0.215,-1,Echolocation,/mnt/ubna_data_01_mir/recover-20220825/UBNA_002/20220823_033000.WAV,Telephone Field,recover-20220825,002,1795
849.7255,849.7338,40078,52624,Pipistrellus nathusii,0.023,0.034,-1,Echolocation,/mnt/ubna_data_01_mir/recover-20220825/UBNA_002/20220823_033000.WAV,Telephone Field,recover-20220825,002,1795
849.7265,849.7324,32343,57354,Myotis brandtii,0.014,0.032,-1,Echolocation,/mnt/ubna_data_01_mir/recover-20220825/UBNA_002/20220823_033000.WAV,Telephone Field,recover-20220825,002,1795
849.7295,849.7624,68437,81174,Rhinolophus ferrumequinum,0.025,0.026,-1,Echolocation,/mnt/ubna_data_01_mir/recover-20220825/UBNA_002/20220823_033000.WAV,Telephone Field,recover-20220825,002,1795
849.7655,849.7731,57265,65498,Pipistrellus pygmaeus,0.035,0.035,-1,Echolocation,/mnt/ubna_data_01_mir/recover-20220825/UBNA_002/20220823_033000.WAV,Telephone Field,recover-20220825,002,1795
849.7985,849.8081,54687,62520,Pipistrellus pygmaeus,0.037,0.038,-1,Echolocation,/mnt/ubna_data_01_mir/recover-20220825/UBNA_002/20220823_033000.WAV,Telephone Field,recover-20220825,002,1795
849.8015,849.8088,47812,56944,Pipistrellus pipistrellus,0.055,0.104,-1,Echolocation,/mnt/ubna_data_01_mir/recover-20220825/UBNA_002/20220823_033000.WAV,Telephone Field,recover-20220825,002,1795
849.8035,849.8107,34921,77637,Myotis brandtii,0.181,0.312,-1,Echolocation,/mnt/ubna_data_01_mir/recover-20220825/UBNA_002/20220823_033000.WAV,Telephone Field,recover-20220825,002,1795
849.8045,849.8104,26328,88350,Myotis bechsteinii,0.178,0.21,-1,Echolocation,/mnt/ubna_data_01_mir/recover-20220825/UBNA_002/20220823_033000.WAV,Telephone Field,recover-20220825,002,1795
849.8055,849.8161,56406,63518,Pipistrellus pygmaeus,0.038,0.041,-1,Echolocation,/mnt/ubna_data_01_mir/recover-20220825/UBNA_002/20220823_033000.WAV,Telephone Field,recover-20220825,002,1795
849.8125,849.8202,40078,54062,Pipistrellus nathusii,0.017,0.031,-1,Echolocation,/mnt/ubna_data_01_mir/recover-20220825/UBNA_002/20220823_033000.WAV,Telephone Field,recover-20220825,002,1795
849.8145,849.8219,27187,37070,Eptesicus serotinus,0.008,0.029,-1,Echolocation,/mnt/ubna_data_01_mir/recover-20220825/UBNA_002/20220823_033000.WAV,Telephone Field,recover-20220825,002,1795
849.8775,849.8836,33203,43926,Myotis daubentonii,0.008,0.026,-1,Echolocation,/mnt/ubna_data_01_mir/recover-20220825/UBNA_002/20220823_033000.WAV,Telephone Field,recover-20220825,002,1795
849.8885,849.895,48671,59056,Pipistrellus pipistrellus,0.022,0.046,-1,Echolocation,/mnt/ubna_data_01_mir/recover-20220825/UBNA_002/20220823_033000.WAV,Telephone Field,recover-20220825,002,1795
849.8895,849.8957,29765,79059,Myotis bechsteinii,0.05,0.085,-1,Echolocation,/mnt/ubna_data_01_mir/recover-20220825/UBNA_002/20220823_033000.WAV,Telephone Field,recover-20220825,002,1795
849.8905,849.8977,37500,71475,Pipistrellus nathusii,0.416,0.502,-1,Echolocation,/mnt/ubna_data_01_mir/recover-20220825/UBNA_002/20220823_033000.WAV,Telephone Field,recover-20220825,002,1795
849.8915,849.9226,68437,81572,Rhinolophus ferrumequinum,0.026,0.026,-1,Echolocation,/mnt/ubna_data_01_mir/recover-20220825/UBNA_002/20220823_033000.WAV,Telephone Field,recover-20220825,002,1795
849.8985,849.9057,39218,50467,Pipistrellus nathusii,0.025,0.045,-1,Echolocation,/mnt/ubna_data_01_mir/recover-20220825/UBNA_002/20220823_033000.WAV,Telephone Field,recover-20220825,002,1795
849.9345,849.9432,28906,37679,Eptesicus serotinus,0.009,0.025,-1,Echolocation,/mnt/ubna_data_01_mir/recover-20220825/UBNA_002/20220823_033000.WAV,Telephone Field,recover-20220825,002,1795
849.9605,849.997,68437,82331,Rhinolophus ferrumequinum,0.027,0.027,-1,Echolocation,/mnt/ubna_data_01_mir/recover-20220825/UBNA_002/20220823_033000.WAV,Telephone Field,recover-20220825,002,1795
849.9695,849.9823,57265,65012,Pipistrellus pygmaeus,0.033,0.034,-1,Echolocation,/mnt/ubna_data_01_mir/recover-20220825/UBNA_002/20220823_033000.WAV,Telephone Field,recover-20220825,002,1795
849.9735,849.9806,34921,70475,Pipistrellus nathusii,0.185,0.404,-1,Echolocation,/mnt/ubna_data_01_mir/recover-20220825/UBNA_002/20220823_033000.WAV,Telephone Field,recover-20220825,002,1795
849.9735,849.9794,27187,85551,Myotis bechsteinii,0.127,0.171,-1,Echolocation,/mnt/ubna_data_01_mir/recover-20220825/UBNA_002/20220823_033000.WAV,Telephone Field,recover-20220825,002,1795
849.9755,849.9834,58125,65659,Pipistrellus pygmaeus,0.034,0.035,-1,Echolocation,/mnt/ubna_data_01_mir/recover-20220825/UBNA_002/20220823_033000.WAV,Telephone Field,recover-20220825,002,1795
849.9805,849.987,46093,57485,Pipistrellus pygmaeus,0.013,0.027,-1,Echolocation,/mnt/ubna_data_01_mir/recover-20220825/UBNA_002/20220823_033000.WAV,Telephone Field,recover-20220825,002,1795
849.9815,849.9885,39218,49368,Pipistrellus nathusii,0.018,0.033,-1,Echolocation,/mnt/ubna_data_01_mir/recover-20220825/UBNA_002/20220823_033000.WAV,Telephone Field,recover-20220825,002,1795
849.9835,849.9892,33203,49665,Myotis brandtii,0.013,0.028,-1,Echolocation,/mnt/ubna_data_01_mir/recover-20220825/UBNA_002/20220823_033000.WAV,Telephone Field,recover-20220825,002,1795
850.0015,850.0315,69296,82486,Rhinolophus ferrumequinum,0.029,0.029,-1,Echolocation,/mnt/ubna_data_01_mir/recover-20220825/UBNA_002/20220823_033000.WAV,Telephone Field,recover-20220825,002,1795
850.0015,850.0128,52968,60474,Pipistrellus pygmaeus,0.019,0.025,-1,Echolocation,/mnt/ubna_data_01_mir/recover-20220825/UBNA_002/20220823_033000.WAV,Telephone Field,recover-20220825,002,1795
850.0015,850.0111,37500,46154,Pipistrellus nathusii,0.022,0.038,-1,Echolocation,/mnt/ubna_data_01_mir/recover-20220825/UBNA_002/20220823_033000.WAV,Telephone Field,recover-20220825,002,1795
850.0085,850.0169,38359,42975,Pipistrellus nathusii,0.015,0.025,-1,Echolocation,/mnt/ubna_data_01_mir/recover-20220825/UBNA_002/20220823_033000.WAV,Telephone Field,recover-20220825,002,1795
850.0225,850.0301,26328,45563,Eptesicus serotinus,0.008,0.024,-1,Echolocation,/mnt/ubna_data_01_mir/recover-20220825/UBNA_002/20220823_033000.WAV,Telephone Field,recover-20220825,002,1795
850.0235,850.0329,40078,45599,Pipistrellus nathusii,0.094,0.117,-1,Echolocation,/mnt/ubna_data_01_mir/recover-20220825/UBNA_002/20220823_033000.WAV,Telephone Field,recover-20220825,002,1795
850.0585,850.0677,48671,56208,Pipistrellus pipistrellus,0.027,0.057,-1,Echolocation,/mnt/ubna_data_01_mir/recover-20220825/UBNA_002/20220823_033000.WAV,Telephone Field,recover-20220825,002,1795
850.0615,850.0687,35781,70856,Pipistrellus nathusii,0.243,0.415,-1,Echolocation,/mnt/ubna_data_01_mir/recover-20220825/UBNA_002/20220823_033000.WAV,Telephone Field,recover-20220825,002,1795
850.0695,850.0754,40078,53654,Pipistrellus nathusii,0.014,0.031,-1,Echolocation,/mnt/ubna_data_01_mir/recover-20220825/UBNA_002/20220823_033000.WAV,Telephone Field,recover-20220825,002,1795
850.0935,850.1334,68437,82701,Rhinolophus ferrumequinum,0.021,0.021,-1,Echolocation,/mnt/ubna_data_01_mir/recover-20220825/UBNA_002/20220823_033000.WAV,Telephone Field,recover-20220825,002,1795
850.0955,850.1055,27187,35260,Eptesicus serotinus,0.009,0.022,-1,Echolocation,/mnt/ubna_data_01_mir/recover-20220825/UBNA_002/20220823_033000.WAV,Telephone Field,recover-20220825,002,1795
850.1015,850.1092,57265,64270,Pipistrellus pygmaeus,0.039,0.04,-1,Echolocation,/mnt/ubna_data_01_mir/recover-20220825/UBNA_002/20220823_033000.WAV,Telephone Field,recover-20220825,002,1795
850.1235,850.1317,28046,37840,Eptesicus serotinus,0.009,0.023,-1,Echolocation,/mnt/ubna_data_01_mir/recover-20220825/UBNA_002/20220823_033000.WAV,Telephone Field,recover-20220825,002,1795
850.1535,850.1595,27187,75655,Myotis bechsteinii,0.066,0.095,-1,Echolocation,/mnt/ubna_data_01_mir/recover-20220825/UBNA_002/20220823_033000.WAV,Telephone Field,recover-20220825,002,1795
850.1535,850.1607,35781,71336,Pipistrellus nathusii,0.259,0.378,-1,Echolocation,/mnt/ubna_data_01_mir/recover-20220825/UBNA_002/20220823_033000.WAV,Telephone Field,recover-20220825,002,1795
850.1875,850.1965,28046,36985,Eptesicus serotinus,0.008,0.023,-1,Echolocation,/mnt/ubna_data_01_mir/recover-20220825/UBNA_002/20220823_033000.WAV,Telephone Field,recover-20220825,002,1795
850.2375,850.2437,28046,80327,Myotis bechsteinii,0.066,0.108,-1,Echolocation,/mnt/ubna_data_01_mir/recover-20220825/UBNA_002/20220823_033000.WAV,Telephone Field,recover-20220825,002,1795
850.2375,850.2469,48671,55163,Pipistrellus pipistrellus,0.024,0.036,-1,Echolocation,/mnt/ubna_data_01_mir/recover-20220825/UBNA_002/20220823_033000.WAV,Telephone Field,recover-20220825,002,1795
850.2375,850.2446,36640,67628,Pipistrellus nathusii,0.346,0.445,-1,Echolocation,/mnt/ubna_data_01_mir/recover-20220825/UBNA_002/20220823_033000.WAV,Telephone Field,recover-20220825,002,1795
850.2455,850.2518,38359,53133,Pipistrellus nathusii,0.027,0.048,-1,Echolocation,/mnt/ubna_data_01_mir/recover-20220825/UBNA_002/20220823_033000.WAV,Telephone Field,recover-20220825,002,1795
850.3165,850.3244,45234,58542,Pipistrellus nathusii,0.021,0.062,-1,Echolocation,/mnt/ubna_data_01_mir/recover-20220825/UBNA_002/20220823_033000.WAV,Telephone Field,recover-20220825,002,1795
850.3175,850.3242,27187,88980,Myotis bechsteinii,0.097,0.13,-1,Echolocation,/mnt/ubna_data_01_mir/recover-20220825/UBNA_002/20220823_033000.WAV,Telephone Field,recover-20220825,002,1795
850.3185,850.3365,77031,95019,Rhinolophus hipposideros,0.029,0.029,-1,Echolocation,/mnt/ubna_data_01_mir/recover-20220825/UBNA_002/20220823_033000.WAV,Telephone Field,recover-20220825,002,1795
850.3185,850.3256,35781,72173,Pipistrellus nathusii,0.221,0.45,-1,Echolocation,/mnt/ubna_data_01_mir/recover-20220825/UBNA_002/20220823_033000.WAV,Telephone Field,recover-20220825,002,1795
850.3265,850.3326,40078,54805,Pipistrellus nathusii,0.018,0.035,-1,Echolocation,/mnt/ubna_data_01_mir/recover-20220825/UBNA_002/20220823_033000.WAV,Telephone Field,recover-20220825,002,1795
850.3275,850.333,46093,51553,Pipistrellus pipistrellus,0.017,0.03,-1,Echolocation,/mnt/ubna_data_01_mir/recover-20220825/UBNA_002/20220823_033000.WAV,Telephone Field,recover-20220825,002,1795
850.3285,850.334,30625,42411,Myotis daubentonii,0.012,0.03,-1,Echolocation,/mnt/ubna_data_01_mir/recover-20220825/UBNA_002/20220823_033000.WAV,Telephone Field,recover-20220825,002,1795
850.3675,850.376,57265,64286,Pipistrellus pygmaeus,0.023,0.023,-1,Echolocation,/mnt/ubna_data_01_mir/recover-20220825/UBNA_002/20220823_033000.WAV,Telephone Field,recover-20220825,002,1795
850.3865,850.3938,47812,55716,Pipistrellus pipistrellus,0.019,0.034,-1,Echolocation,/mnt/ubna_data_01_mir/recover-20220825/UBNA_002/20220823_033000.WAV,Telephone Field,recover-20220825,002,1795
850.3885,850.3948,28906,72452,Myotis bechsteinii,0.031,0.061,-1,Echolocation,/mnt/ubna_data_01_mir/recover-20220825/UBNA_002/20220823_033000.WAV,Telephone Field,recover-20220825,002,1795
850.3895,850.3946,38359,57620,Pipistrellus nathusii,0.57,0.614,-1,Echolocation,/mnt/ubna_data_01_mir/recover-20220825/UBNA_002/20220823_033000.WAV,Telephone Field,recover-20220825,002,1795
850.3985,850.4056,26328,39440,Eptesicus serotinus,0.006,0.022,-1,Echolocation,/mnt/ubna_data_01_mir/recover-20220825/UBNA_002/20220823_033000.WAV,Telephone Field,recover-20220825,002,1795
850.4035,850.4367,68437,81042,Rhinolophus ferrumequinum,0.021,0.021,-1,Echolocation,/mnt/ubna_data_01_mir/recover-20220825/UBNA_002/20220823_033000.WAV,Telephone Field,recover-20220825,002,1795
850.4255,850.4357,28046,38590,Eptesicus serotinus,0.01,0.021,-1,Echolocation,/mnt/ubna_data_01_mir/recover-20220825/UBNA_002/20220823_033000.WAV,Telephone Field,recover-20220825,002,1795
850.4335,850.4431,28046,36161,Eptesicus serotinus,0.009,0.022,-1,Echolocation,/mnt/ubna_data_01_mir/recover-20220825/UBNA_002/20220823_033000.WAV,Telephone Field,recover-20220825,002,1795
850.4615,850.4683,46953,51585,Pipistrellus pipistrellus,0.025,0.028,-1,Echolocation,/mnt/ubna_data_01_mir/recover-20220825/UBNA_002/20220823_033000.WAV,Telephone Field,recover-20220825,002,1795
850.4935,850.5258,68437,82067,Rhinolophus ferrumequinum,0.033,0.033,-1,Echolocation,/mnt/ubna_data_01_mir/recover-20220825/UBNA_002/20220823_033000.WAV,Telephone Field,recover-20220825,002,1795
850.4945,850.5019,37500,70357,Pipistrellus nathusii,0.345,0.453,-1,Echolocation,/mnt/ubna_data_01_mir/recover-20220825/UBNA_002/20220823_033000.WAV,Telephone Field,recover-20220825,002,1795
850.4945,850.5008,28046,81756,Myotis bechsteinii,0.092,0.132,-1,Echolocation,/mnt/ubna_data_01_mir/recover-20220825/UBNA_002/20220823_033000.WAV,Telephone Field,recover-20220825,002,1795
850.4965,850.5033,51250,60213,Pipistrellus pipistrellus,0.024,0.042,-1,Echolocation,/mnt/ubna_data_01_mir/recover-20220825/UBNA_002/20220823_033000.WAV,Telephone Field,recover-20220825,002,1795
850.5035,850.5103,39218,53419,Pipistrellus nathusii,0.023,0.041,-1,Echolocation,/mnt/ubna_data_01_mir/recover-20220825/UBNA_002/20220823_033000.WAV,Telephone Field,recover-20220825,002,1795
850.5465,850.5549,28046,34364,Eptesicus serotinus,0.011,0.027,-1,Echolocation,/mnt/ubna_data_01_mir/recover-20220825/UBNA_002/20220823_033000.WAV,Telephone Field,recover-20220825,002,1795
850.5585,850.5713,52109,58254,Pipistrellus pygmaeus,0.039,0.051,-1,Echolocation,/mnt/ubna_data_01_mir/recover-20220825/UBNA_002/20220823_033000.WAV,Telephone Field,recover-20220825,002,1795
850.5605,850.5672,38359,66586,Pipistrellus nathusii,0.329,0.47,-1,Echolocation,/mnt/ubna_data_01_mir/recover-20220825/UBNA_002/20220823_033000.WAV,Telephone Field,recover-20220825,002,1795
850.5615,850.5673,28046,82227,Myotis bechsteinii,0.052,0.078,-1,Echolocation,/mnt/ubna_data_01_mir/recover-20220825/UBNA_002/20220823_033000.WAV,Telephone Field,recover-20220825,002,1795
850.5705,850.5759,33203,53691,Myotis brandtii,0.013,0.027,-1,Echolocation,/mnt/ubna_data_01_mir/recover-20220825/UBNA_002/20220823_033000.WAV,Telephone Field,recover-20220825,002,1795
850.6045,850.6145,56406,64371,Pipistrellus pygmaeus,0.046,0.047,-1,Echolocation,/mnt/ubna_data_01_mir/recover-20220825/UBNA_002/20220823_033000.WAV,Telephone Field,recover-20220825,002,1795
850.6285,850.6355,37500,58821,Pipistrellus nathusii,0.361,0.55,-1,Echolocation,/mnt/ubna_data_01_mir/recover-20220825/UBNA_002/20220823_033000.WAV,Telephone Field,recover-20220825,002,1795
850.6285,850.6349,28906,72224,Myotis bechsteinii,0.027,0.054,-1,Echolocation,/mnt/ubna_data_01_mir/recover-20220825/UBNA_002/20220823_033000.WAV,Telephone Field,recover-20220825,002,1795
850.6385,850.6442,34062,52052,Myotis brandtii,0.015,0.027,-1,Echolocation,/mnt/ubna_data_01_mir/recover-20220825/UBNA_002/20220823_033000.WAV,Telephone Field,recover-20220825,002,1795
850.6495,850.6597,25468,32435,Eptesicus serotinus,0.009,0.024,-1,Echolocation,/mnt/ubna_data_01_mir/recover-20220825/UBNA_002/20220823_033000.WAV,Telephone Field,recover-20220825,002,1795
850.6555,850.6641,47812,54240,Pipistrellus pipistrellus,0.015,0.022,-1,Echolocation,/mnt/ubna_data_01_mir/recover-20220825/UBNA_002/20220823_033000.WAV,Telephone Field,recover-20220825,002,1795
850.6625,850.6703,31484,38745,Barbastellus barbastellus,0.011,0.027,-1,Echolocation,/mnt/ubna_data_01_mir/recover-20220825/UBNA_002/20220823_033000.WAV,Telephone Field,recover-20220825,002,1795
850.6625,850.6702,40937,48669,Pipistrellus nathusii,0.012,0.023,-1,Echolocation,/mnt/ubna_data_01_mir/recover-20220825/UBNA_002/20220823_033000.WAV,Telephone Field,recover-20220825,002,1795
850.6715,850.6803,28046,38876,Eptesicus serotinus,0.008,0.022,-1,Echolocation,/mnt/ubna_data_01_mir/recover-20220825/UBNA_002/20220823_033000.WAV,Telephone Field,recover-20220825,002,1795
850.7005,850.707,27187,80811,Myotis bechsteinii,0.078,0.11,-1,Echolocation,/mnt/ubna_data_01_mir/recover-20220825/UBNA_002/20220823_033000.WAV,Telephone Field,recover-20220825,002,1795
850.7005,850.7075,35781,69342,Pipistrellus nathusii,0.435,0.569,-1,Echolocation,/mnt/ubna_data_01_mir/recover-20220825/UBNA_002/20220823_033000.WAV,Telephone Field,recover-20220825,002,1795
850.7015,850.7102,48671,56548,Pipistrellus pipistrellus,0.029,0.043,-1,Echolocation,/mnt/ubna_data_01_mir/recover-20220825/UBNA_002/20220823_033000.WAV,Telephone Field,recover-20220825,002,1795
850.7115,850.7177,30625,41125,Myotis daubentonii,0.016,0.031,-1,Echolocation,/mnt/ubna_data_01_mir/recover-20220825/UBNA_002/20220823_033000.WAV,Telephone Field,recover-20220825,002,1795
850.7545,850.7661,28046,35887,Eptesicus serotinus,0.012,0.023,-1,Echolocation,/mnt/ubna_data_01_mir/recover-20220825/UBNA_002/20220823_033000.WAV,Telephone Field,recover-20220825,002,1795
850.7815,850.7879,27187,79014,Myotis bechsteinii,0.083,0.119,-1,Echolocation,/mnt/ubna_data_01_mir/recover-20220825/UBNA_002/20220823_033000.WAV,Telephone Field,recover-20220825,002,1795
850.7825,850.7894,34921,66257,Pipistrellus nathusii,0.31,0.525,-1,Echolocation,/mnt/ubna_data_01_mir/recover-20220825/UBNA_002/20220823_033000.WAV,Telephone Field,recover-20220825,002,1795
850.7985,850.8318,68437,81256,Rhinolophus ferrumequinum,0.021,0.021,-1,Echolocation,/mnt/ubna_data_01_mir/recover-20220825/UBNA_002/20220823_033000.WAV,Telephone Field,recover-20220825,002,1795
850.8105,850.8506,68437,82292,Rhinolophus ferrumequinum,0.021,0.021,-1,Echolocation,/mnt/ubna_data_01_mir/recover-20220825/UBNA_002/20220823_033000.WAV,Telephone Field,recover-20220825,002,1795
850.8285,850.8676,68437,82147,Rhinolophus ferrumequinum,0.024,0.024,-1,Echolocation,/mnt/ubna_data_01_mir/recover-20220825/UBNA_002/20220823_033000.WAV,Telephone Field,recover-20220825,002,1795
850.8745,850.8814,37500,54983,Pipistrellus nathusii,0.477,0.55,-1,Echolocation,/mnt/ubna_data_01_mir/recover-20220825/UBNA_002/20220823_033000.WAV,Telephone Field,recover-20220825,002,1795
850.8745,850.9055,68437,80766,Rhinolophus ferrumequinum,0.021,0.021,-1,Echolocation,/mnt/ubna_data_01_mir/recover-20220825/UBNA_002/20220823_033000.WAV,Telephone Field,recover-20220825,002,1795
850.8765,850.8853,46093,53387,Pipistrellus pipistrellus,0.009,0.026,-1,Echolocation,/mnt/ubna_data_01_mir/recover-20220825/UBNA_002/20220823_033000.WAV,Telephone Field,recover-20220825,002,1795
850.8855,850.8911,32343,57293,Myotis brandtii,0.015,0.027,-1,Echolocation,/mnt/ubna_data_01_mir/recover-20220825/UBNA_002/20220823_033000.WAV,Telephone Field,recover-20220825,002,1795
850.8935,850.9012,46093,49555,Pipistrellus pipistrellus,0.028,0.043,-1,Echolocation,/mnt/ubna_data_01_mir/recover-20220825/UBNA_002/20220823_033000.WAV,Telephone Field,recover-20220825,002,1795
850.9325,850.9392,47812,54804,Pipistrellus pipistrellus,0.018,0.022,-1,Echolocation,/mnt/ubna_data_01_mir/recover-20220825/UBNA_002/20220823_033000.WAV,Telephone Field,recover-20220825,002,1795
850.9575,850.9655,49531,55956,Pipistrellus pipistrellus,0.033,0.06,-1,Echolocation,/mnt/ubna_data_01_mir/recover-20220825/UBNA_002/20220823_033000.WAV,Telephone Field,recover-20220825,002,1795
850.9605,850.9669,37500,62794,Pipistrellus nathusii,0.224,0.359,-1,Echolocation,/mnt/ubna_data_01_mir/recover-20220825/UBNA_002/20220823_033000.WAV,Telephone Field,recover-20220825,002,1795
850.9685,850.9755,38359,53070,Pipistrellus nathusii,0.022,0.039,-1,Echolocation,/mnt/ubna_data_01_mir/recover-20220825/UBNA_002/20220823_033000.WAV,Telephone Field,recover-20220825,002,1795
850.9705,850.9756,32343,55518,Myotis brandtii,0.018,0.033,-1,Echolocation,/mnt/ubna_data_01_mir/recover-20220825/UBNA_002/20220823_033000.WAV,Telephone Field,recover-20220825,002,1795
851.0035,851.012,26328,36151,Eptesicus serotinus,0.008,0.021,-1,Echolocation,/mnt/ubna_data_01_mir/recover-20220825/UBNA_002/20220823_033000.WAV,Telephone Field,recover-20220825,002,1795
851.0505,851.0567,28906,73769,Myotis bechsteinii,0.032,0.066,-1,Echolocation,/mnt/ubna_data_01_mir/recover-20220825/UBNA_002/20220823_033000.WAV,Telephone Field,recover-20220825,002,1795
851.0515,851.0577,37500,63368,Pipistrellus nathusii,0.501,0.591,-1,Echolocation,/mnt/ubna_data_01_mir/recover-20220825/UBNA_002/20220823_033000.WAV,Telephone Field,recover-20220825,002,1795
851.0855,851.0939,34921,39987,Pipistrellus nathusii,0.007,0.022,-1,Echolocation,/mnt/ubna_data_01_mir/recover-20220825/UBNA_002/20220823_033000.WAV,Telephone Field,recover-20220825,002,1795
851.0885,851.0972,28046,37988,Eptesicus serotinus,0.007,0.022,-1,Echolocation,/mnt/ubna_data_01_mir/recover-20220825/UBNA_002/20220823_033000.WAV,Telephone Field,recover-20220825,002,1795
851.1235,851.1596,68437,81850,Rhinolophus ferrumequinum,0.021,0.021,-1,Echolocation,/mnt/ubna_data_01_mir/recover-20220825/UBNA_002/20220823_033000.WAV,Telephone Field,recover-20220825,002,1795
851.1275,851.138,37500,41991,Pipistrellus nathusii,0.036,0.046,-1,Echolocation,/mnt/ubna_data_01_mir/recover-20220825/UBNA_002/20220823_033000.WAV,Telephone Field,recover-20220825,002,1795
851.1415,851.1494,39218,48810,Pipistrellus nathusii,0.414,0.486,-1,Echolocation,/mnt/ubna_data_01_mir/recover-20220825/UBNA_002/20220823_033000.WAV,Telephone Field,recover-20220825,002,1795
851.1445,851.1541,54687,63939,Pipistrellus pygmaeus,0.021,0.022,-1,Echolocation,/mnt/ubna_data_01_mir/recover-20220825/UBNA_002/20220823_033000.WAV,Telephone Field,recover-20220825,002,1795
851.1755,851.1836,28046,38883,Eptesicus serotinus,0.008,0.024,-1,Echolocation,/mnt/ubna_data_01_mir/recover-20220825/UBNA_002/20220823_033000.WAV,Telephone Field,recover-20220825,002,1795
851.1765,851.2178,68437,83025,Rhinolophus ferrumequinum,0.025,0.025,-1,Echolocation,/mnt/ubna_data_01_mir/recover-20220825/UBNA_002/20220823_033000.WAV,Telephone Field,recover-20220825,002,1795
851.1885,851.1958,48671,56895,Pipistrellus pipistrellus,0.016,0.022,-1,Echolocation,/mnt/ubna_data_01_mir/recover-20220825/UBNA_002/20220823_033000.WAV,Telephone Field,recover-20220825,002,1795
851.2195,851.2271,26328,33675,Eptesicus serotinus,0.01,0.027,-1,Echolocation,/mnt/ubna_data_01_mir/recover-20220825/UBNA_002/20220823_033000.WAV,Telephone Field,recover-20220825,002,1795
851.2295,851.2355,27187,77101,Myotis bechsteinii,0.069,0.108,-1,Echolocation,/mnt/ubna_data_01_mir/recover-20220825/UBNA_002/20220823_033000.WAV,Telephone Field,recover-20220825,002,1795
851.2305,851.2371,37500,60054,Pipistrellus nathusii,0.329,0.474,-1,Echolocation,/mnt/ubna_data_01_mir/recover-20220825/UBNA_002/20220823_033000.WAV,Telephone Field,recover-20220825,002,1795
851.2315,851.2375,49531,56097,Pipistrellus pipistrellus,0.015,0.028,-1,Echolocation,/mnt/ubna_data_01_mir/recover-20220825/UBNA_002/20220823_033000.WAV,Telephone Field,recover-20220825,002,1795
851.2405,851.2459,31484,45837,Myotis daubentonii,0.009,0.024,-1,Echolocation,/mnt/ubna_data_01_mir/recover-20220825/UBNA_002/20220823_033000.WAV,Telephone Field,recover-20220825,002,1795
851.2775,851.3139,68437,82147,Rhinolophus ferrumequinum,0.023,0.023,-1,Echolocation,/mnt/ubna_data_01_mir/recover-20220825/UBNA_002/20220823_033000.WAV,Telephone Field,recover-20220825,002,1795
851.3175,851.3539,68437,81683,Rhinolophus ferrumequinum,0.021,0.021,-1,Echolocation,/mnt/ubna_data_01_mir/recover-20220825/UBNA_002/20220823_033000.WAV,Telephone Field,recover-20220825,002,1795
851.3195,851.3288,48671,53118,Pipistrellus pipistrellus,0.016,0.024,-1,Echolocation,/mnt/ubna_data_01_mir/recover-20220825/UBNA_002/20220823_033000.WAV,Telephone Field,recover-20220825,002,1795
851.3275,851.3335,37500,50381,Pipistrellus nathusii,0.354,0.525,-1,Echolocation,/mnt/ubna_data_01_mir/recover-20220825/UBNA_002/20220823_033000.WAV,Telephone Field,recover-20220825,002,1795
851.3365,851.3423,29765,41696,Myotis daubentonii,0.009,0.023,-1,Echolocation,/mnt/ubna_data_01_mir/recover-20220825/UBNA_002/20220823_033000.WAV,Telephone Field,recover-20220825,002,1795
851.3575,851.3688,56406,64799,Pipistrellus pygmaeus,0.023,0.023,-1,Echolocation,/mnt/ubna_data_01_mir/recover-20220825/UBNA_002/20220823_033000.WAV,Telephone Field,recover-20220825,002,1795
851.3925,851.4054,22890,26890,Nyctalus leisleri,0.012,0.021,-1,Echolocation,/mnt/ubna_data_01_mir/recover-20220825/UBNA_002/20220823_033000.WAV,Telephone Field,recover-20220825,002,1795
851.4135,851.4231,49531,53969,Pipistrellus pipistrellus,0.017,0.033,-1,Echolocation,/mnt/ubna_data_01_mir/recover-20220825/UBNA_002/20220823_033000.WAV,Telephone Field,recover-20220825,002,1795
851.4165,851.4225,28906,72058,Myotis bechsteinii,0.039,0.073,-1,Echolocation,/mnt/ubna_data_01_mir/recover-20220825/UBNA_002/20220823_033000.WAV,Telephone Field,recover-20220825,002,1795
851.4165,851.4229,37500,55622,Pipistrellus nathusii,0.359,0.57,-1,Echolocation,/mnt/ubna_data_01_mir/recover-20220825/UBNA_002/20220823_033000.WAV,Telephone Field,recover-20220825,002,1795
851.4255,851.4307,30625,47027,Myotis daubentonii,0.007,0.025,-1,Echolocation,/mnt/ubna_data_01_mir/recover-20220825/UBNA_002/20220823_033000.WAV,Telephone Field,recover-20220825,002,1795
851.4325,851.4661,68437,81896,Rhinolophus ferrumequinum,0.022,0.023,-1,Echolocation,/mnt/ubna_data_01_mir/recover-20220825/UBNA_002/20220823_033000.WAV,Telephone Field,recover-20220825,002,1795
851.4675,851.477,56406,63257,Pipistrellus pygmaeus,0.044,0.045,-1,Echolocation,/mnt/ubna_data_01_mir/recover-20220825/UBNA_002/20220823_033000.WAV,Telephone Field,recover-20220825,002,1795
851.4875,851.5276,68437,82306,Rhinolophus ferrumequinum,0.024,0.024,-1,Echolocation,/mnt/ubna_data_01_mir/recover-20220825/UBNA_002/20220823_033000.WAV,Telephone Field,recover-20220825,002,1795
851.4905,851.5018,40937,45083,Pipistrellus nathusii,0.035,0.044,-1,Echolocation,/mnt/ubna_data_01_mir/recover-20220825/UBNA_002/20220823_033000.WAV,Telephone Field,recover-20220825,002,1795
851.5115,851.5173,38359,51633,Pipistrellus nathusii,0.393,0.506,-1,Echolocation,/mnt/ubna_data_01_mir/recover-20220825/UBNA_002/20220823_033000.WAV,Telephone Field,recover-20220825,002,1795
851.5225,851.5317,27187,35264,Eptesicus serotinus,0.011,0.029,-1,Echolocation,/mnt/ubna_data_01_mir/recover-20220825/UBNA_002/20220823_033000.WAV,Telephone Field,recover-20220825,002,1795
851.5505,851.5596,27187,36168,Eptesicus serotinus,0.015,0.031,-1,Echolocation,/mnt/ubna_data_01_mir/recover-20220825/UBNA_002/20220823_033000.WAV,Telephone Field,recover-20220825,002,1795
851.5785,851.5857,56406,62602,Pipistrellus pygmaeus,0.028,0.028,-1,Echolocation,/mnt/ubna_data_01_mir/recover-20220825/UBNA_002/20220823_033000.WAV,Telephone Field,recover-20220825,002,1795
851.5835,851.5889,34921,55902,Myotis brandtii,0.01,0.022,-1,Echolocation,/mnt/ubna_data_01_mir/recover-20220825/UBNA_002/20220823_033000.WAV,Telephone Field,recover-20220825,002,1795
851.5875,851.5954,28046,34638,Eptesicus serotinus,0.008,0.024,-1,Echolocation,/mnt/ubna_data_01_mir/recover-20220825/UBNA_002/20220823_033000.WAV,Telephone Field,recover-20220825,002,1795
851.5885,851.5957,50390,55860,Pipistrellus pipistrellus,0.019,0.027,-1,Echolocation,/mnt/ubna_data_01_mir/recover-20220825/UBNA_002/20220823_033000.WAV,Telephone Field,recover-20220825,002,1795
851.6015,851.6086,39218,52916,Pipistrellus nathusii,0.435,0.628,-1,Echolocation,/mnt/ubna_data_01_mir/recover-20220825/UBNA_002/20220823_033000.WAV,Telephone Field,recover-20220825,002,1795
851.6095,851.6149,31484,46960,Myotis daubentonii,0.009,0.026,-1,Echolocation,/mnt/ubna_data_01_mir/recover-20220825/UBNA_002/20220823_033000.WAV,Telephone Field,recover-20220825,002,1795
851.6145,851.6493,68437,81174,Rhinolophus ferrumequinum,0.022,0.022,-1,Echolocation,/mnt/ubna_data_01_mir/recover-20220825/UBNA_002/20220823_033000.WAV,Telephone Field,recover-20220825,002,1795
851.6375,851.6459,26328,37040,Eptesicus serotinus,0.008,0.021,-1,Echolocation,/mnt/ubna_data_01_mir/recover-20220825/UBNA_002/20220823_033000.WAV,Telephone Field,recover-20220825,002,1795
851.6815,851.6893,24609,37083,Eptesicus serotinus,0.005,0.024,-1,Echolocation,/mnt/ubna_data_01_mir/recover-20220825/UBNA_002/20220823_033000.WAV,Telephone Field,recover-20220825,002,1795
851.6835,851.6908,40937,53420,Pipistrellus nathusii,0.335,0.45,-1,Echolocation,/mnt/ubna_data_01_mir/recover-20220825/UBNA_002/20220823_033000.WAV,Telephone Field,recover-20220825,002,1795
851.6985,851.7053,40078,50124,Pipistrellus nathusii,0.358,0.395,-1,Echolocation,/mnt/ubna_data_01_mir/recover-20220825/UBNA_002/20220823_033000.WAV,Telephone Field,recover-20220825,002,1795
851.7045,851.7129,55546,68848,Pipistrellus pygmaeus,0.021,0.022,-1,Echolocation,/mnt/ubna_data_01_mir/recover-20220825/UBNA_002/20220823_033000.WAV,Telephone Field,recover-20220825,002,1795
851.7285,851.7366,48671,57510,Pipistrellus pipistrellus,0.021,0.03,-1,Echolocation,/mnt/ubna_data_01_mir/recover-20220825/UBNA_002/20220823_033000.WAV,Telephone Field,recover-20220825,002,1795
851.7465,851.7845,68437,82781,Rhinolophus ferrumequinum,0.022,0.022,-1,Echolocation,/mnt/ubna_data_01_mir/recover-20220825/UBNA_002/20220823_033000.WAV,Telephone Field,recover-20220825,002,1795
851.7585,851.7651,39218,54709,Pipistrellus nathusii,0.49,0.634,-1,Echolocation,/mnt/ubna_data_01_mir/recover-20220825/UBNA_002/20220823_033000.WAV,Telephone Field,recover-20220825,002,1795
851.7865,851.7927999999999,36640,56045,Pipistrellus nathusii,0.424,0.556,-1,Echolocation,/mnt/ubna_data_01_mir/recover-20220825/UBNA_002/20220823_033000.WAV,Telephone Field,recover-20220825,002,1795
851.8005,851.837,68437,81116,Rhinolophus ferrumequinum,0.021,0.021,-1,Echolocation,/mnt/ubna_data_01_mir/recover-20220825/UBNA_002/20220823_033000.WAV,Telephone Field,recover-20220825,002,1795
851.8405,851.8546,15156,20213,Nyctalus noctula,0.015,0.026,-1,Echolocation,/mnt/ubna_data_01_mir/recover-20220825/UBNA_002/20220823_033000.WAV,Telephone Field,recover-20220825,002,1795
851.8455,851.8512,40078,52520,Pipistrellus nathusii,0.428,0.498,-1,Echolocation,/mnt/ubna_data_01_mir/recover-20220825/UBNA_002/20220823_033000.WAV,Telephone Field,recover-20220825,002,1795
851.8615,851.9006,68437,82825,Rhinolophus ferrumequinum,0.029,0.029,-1,Echolocation,/mnt/ubna_data_01_mir/recover-20220825/UBNA_002/20220823_033000.WAV,Telephone Field,recover-20220825,002,1795
851.8775,851.8868,55546,60497,Pipistrellus pygmaeus,0.03,0.031,-1,Echolocation,/mnt/ubna_data_01_mir/recover-20220825/UBNA_002/20220823_033000.WAV,Telephone Field,recover-20220825,002,1795
851.8875,851.8947000000001,39218,52343,Pipistrellus nathusii,0.56,0.645,-1,Echolocation,/mnt/ubna_data_01_mir/recover-20220825/UBNA_002/20220823_033000.WAV,Telephone Field,recover-20220825,002,1795
851.9325,851.9402,50390,57210,Pipistrellus pipistrellus,0.011,0.022,-1,Echolocation,/mnt/ubna_data_01_mir/recover-20220825/UBNA_002/20220823_033000.WAV,Telephone Field,recover-20220825,002,1795
851.9385,851.9458,38359,51910,Pipistrellus nathusii,0.341,0.544,-1,Echolocation,/mnt/ubna_data_01_mir/recover-20220825/UBNA_002/20220823_033000.WAV,Telephone Field,recover-20220825,002,1795
851.9485,851.9558,26328,36773,Eptesicus serotinus,0.006,0.022,-1,Echolocation,/mnt/ubna_data_01_mir/recover-20220825/UBNA_002/20220823_033000.WAV,Telephone Field,recover-20220825,002,1795
851.9825,851.9887,37500,54354,Pipistrellus nathusii,0.461,0.611,-1,Echolocation,/mnt/ubna_data_01_mir/recover-20220825/UBNA_002/20220823_033000.WAV,Telephone Field,recover-20220825,002,1795
852.0015,852.0298,69296,82657,Rhinolophus ferrumequinum,0.043,0.043,-1,Echolocation,/mnt/ubna_data_01_mir/recover-20220825/UBNA_002/20220823_033000.WAV,Telephone Field,recover-20220825,002,1795
852.0015,852.0097,23750,35526,Nyctalus leisleri,0.006,0.024,-1,Echolocation,/mnt/ubna_data_01_mir/recover-20220825/UBNA_002/20220823_033000.WAV,Telephone Field,recover-20220825,002,1795
852.0015,852.0151,56406,66197,Pipistrellus pygmaeus,0.029,0.031,-1,Echolocation,/mnt/ubna_data_01_mir/recover-20220825/UBNA_002/20220823_033000.WAV,Telephone Field,recover-20220825,002,1795
852.0015,852.0125,46953,53536,Pipistrellus pipistrellus,0.021,0.032,-1,Echolocation,/mnt/ubna_data_01_mir/recover-20220825/UBNA_002/20220823_033000.WAV,Telephone Field,recover-20220825,002,1795
852.0015,852.008,36640,51928,Myotis brandtii,0.013,0.035,-1,Echolocation,/mnt/ubna_data_01_mir/recover-20220825/UBNA_002/20220823_033000.WAV,Telephone Field,recover-20220825,002,1795
852.0095,852.0186,28046,37323,Eptesicus serotinus,0.008,0.024,-1,Echolocation,/mnt/ubna_data_01_mir/recover-20220825/UBNA_002/20220823_033000.WAV,Telephone Field,recover-20220825,002,1795
852.0165,852.0235,47812,59395,Pipistrellus pipistrellus,0.021,0.026,-1,Echolocation,/mnt/ubna_data_01_mir/recover-20220825/UBNA_002/20220823_033000.WAV,Telephone Field,recover-20220825,002,1795
852.0195,852.0252,32343,61505,Myotis brandtii,0.017,0.036,-1,Echolocation,/mnt/ubna_data_01_mir/recover-20220825/UBNA_002/20220823_033000.WAV,Telephone Field,recover-20220825,002,1795
852.0375,852.047,41796,46816,Pipistrellus nathusii,0.026,0.04,-1,Echolocation,/mnt/ubna_data_01_mir/recover-20220825/UBNA_002/20220823_033000.WAV,Telephone Field,recover-20220825,002,1795
852.0435,852.0513,47812,56369,Pipistrellus pipistrellus,0.019,0.022,-1,Echolocation,/mnt/ubna_data_01_mir/recover-20220825/UBNA_002/20220823_033000.WAV,Telephone Field,recover-20220825,002,1795
852.0675,852.0737,26328,39015,Plecotus auritus,0.009,0.025,-1,Echolocation,/mnt/ubna_data_01_mir/recover-20220825/UBNA_002/20220823_033000.WAV,Telephone Field,recover-20220825,002,1795
852.0745,852.083,40937,49064,Pipistrellus nathusii,0.081,0.107,-1,Echolocation,/mnt/ubna_data_01_mir/recover-20220825/UBNA_002/20220823_033000.WAV,Telephone Field,recover-20220825,002,1795
852.1105,852.1193,47812,55664,Pipistrellus pipistrellus,0.027,0.031,-1,Echolocation,/mnt/ubna_data_01_mir/recover-20220825/UBNA_002/20220823_033000.WAV,Telephone Field,recover-20220825,002,1795
852.1355,852.1428,37500,44695,Barbastellus barbastellus,0.068,0.16,-1,Echolocation,/mnt/ubna_data_01_mir/recover-20220825/UBNA_002/20220823_033000.WAV,Telephone Field,recover-20220825,002,1795
852.1465,852.1557,28046,35008,Eptesicus serotinus,0.011,0.029,-1,Echolocation,/mnt/ubna_data_01_mir/recover-20220825/UBNA_002/20220823_033000.WAV,Telephone Field,recover-20220825,002,1795
852.1485,852.1549,37500,61194,Myotis brandtii,0.011,0.023,-1,Echolocation,/mnt/ubna_data_01_mir/recover-20220825/UBNA_002/20220823_033000.WAV,Telephone Field,recover-20220825,002,1795
852.1605,852.1669,29765,69005,Myotis bechsteinii,0.058,0.095,-1,Echolocation,/mnt/ubna_data_01_mir/recover-20220825/UBNA_002/20220823_033000.WAV,Telephone Field,recover-20220825,002,1795
852.1615,852.1687,37500,51500,Pipistrellus nathusii,0.42,0.566,-1,Echolocation,/mnt/ubna_data_01_mir/recover-20220825/UBNA_002/20220823_033000.WAV,Telephone Field,recover-20220825,002,1795
852.1695,852.1751,30625,48377,Myotis daubentonii,0.01,0.025,-1,Echolocation,/mnt/ubna_data_01_mir/recover-20220825/UBNA_002/20220823_033000.WAV,Telephone Field,recover-20220825,002,1795
852.2075,852.2139,42656,58071,Myotis brandtii,0.012,0.041,-1,Echolocation,/mnt/ubna_data_01_mir/recover-20220825/UBNA_002/20220823_033000.WAV,Telephone Field,recover-20220825,002,1795
852.2085,852.2139,33203,69480,Myotis brandtii,0.019,0.032,-1,Echolocation,/mnt/ubna_data_01_mir/recover-20220825/UBNA_002/20220823_033000.WAV,Telephone Field,recover-20220825,002,1795
852.2175,852.2521,68437,81822,Rhinolophus ferrumequinum,0.022,0.022,-1,Echolocation,/mnt/ubna_data_01_mir/recover-20220825/UBNA_002/20220823_033000.WAV,Telephone Field,recover-20220825,002,1795
852.2285,852.2364,48671,56529,Pipistrellus pipistrellus,0.026,0.034,-1,Echolocation,/mnt/ubna_data_01_mir/recover-20220825/UBNA_002/20220823_033000.WAV,Telephone Field,recover-20220825,002,1795
852.2555,852.2622,37500,58421,Pipistrellus nathusii,0.365,0.581,-1,Echolocation,/mnt/ubna_data_01_mir/recover-20220825/UBNA_002/20220823_033000.WAV,Telephone Field,recover-20220825,002,1795
852.2555,852.2613,29765,74381,Myotis bechsteinii,0.066,0.119,-1,Echolocation,/mnt/ubna_data_01_mir/recover-20220825/UBNA_002/20220823_033000.WAV,Telephone Field,recover-20220825,002,1795
852.2655,852.2729,27187,39185,Eptesicus serotinus,0.008,0.025,-1,Echolocation,/mnt/ubna_data_01_mir/recover-20220825/UBNA_002/20220823_033000.WAV,Telephone Field,recover-20220825,002,1795
852.2655,852.2712,31484,46169,Myotis daubentonii,0.008,0.027,-1,Echolocation,/mnt/ubna_data_01_mir/recover-20220825/UBNA_002/20220823_033000.WAV,Telephone Field,recover-20220825,002,1795
852.2675,852.2997,68437,81107,Rhinolophus ferrumequinum,0.025,0.025,-1,Echolocation,/mnt/ubna_data_01_mir/recover-20220825/UBNA_002/20220823_033000.WAV,Telephone Field,recover-20220825,002,1795
852.3265,852.3322000000001,29765,70011,Myotis bechsteinii,0.052,0.106,-1,Echolocation,/mnt/ubna_data_01_mir/recover-20220825/UBNA_002/20220823_033000.WAV,Telephone Field,recover-20220825,002,1795
852.3265,852.3325,37500,51179,Pipistrellus nathusii,0.124,0.371,-1,Echolocation,/mnt/ubna_data_01_mir/recover-20220825/UBNA_002/20220823_033000.WAV,Telephone Field,recover-20220825,002,1795
852.3385,852.3723,68437,81635,Rhinolophus ferrumequinum,0.024,0.025,-1,Echolocation,/mnt/ubna_data_01_mir/recover-20220825/UBNA_002/20220823_033000.WAV,Telephone Field,recover-20220825,002,1795
852.3915,852.4022,40937,50293,Pipistrellus nathusii,0.011,0.023,-1,Echolocation,/mnt/ubna_data_01_mir/recover-20220825/UBNA_002/20220823_033000.WAV,Telephone Field,recover-20220825,002,1795
852.3965,852.4046,27187,37435,Eptesicus serotinus,0.008,0.024,-1,Echolocation,/mnt/ubna_data_01_mir/recover-20220825/UBNA_002/20220823_033000.WAV,Telephone Field,recover-20220825,002,1795
852.4375,852.4433,29765,73652,Myotis bechsteinii,0.089,0.143,-1,Echolocation,/mnt/ubna_data_01_mir/recover-20220825/UBNA_002/20220823_033000.WAV,Telephone Field,recover-20220825,002,1795
852.4375,852.4442,37500,58856,Pipistrellus nathusii,0.378,0.576,-1,Echolocation,/mnt/ubna_data_01_mir/recover-20220825/UBNA_002/20220823_033000.WAV,Telephone Field,recover-20220825,002,1795
852.4825,852.4931,28046,35275,Eptesicus serotinus,0.017,0.031,-1,Echolocation,/mnt/ubna_data_01_mir/recover-20220825/UBNA_002/20220823_033000.WAV,Telephone Field,recover-20220825,002,1795
852.5275,852.5339,49531,55960,Pipistrellus pipistrellus,0.015,0.027,-1,Echolocation,/mnt/ubna_data_01_mir/recover-20220825/UBNA_002/20220823_033000.WAV,Telephone Field,recover-20220825,002,1795
852.5295,852.5359,29765,70045,Myotis bechsteinii,0.058,0.097,-1,Echolocation,/mnt/ubna_data_01_mir/recover-20220825/UBNA_002/20220823_033000.WAV,Telephone Field,recover-20220825,002,1795
852.5305,852.538,36640,60160,Pipistrellus nathusii,0.414,0.567,-1,Echolocation,/mnt/ubna_data_01_mir/recover-20220825/UBNA_002/20220823_033000.WAV,Telephone Field,recover-20220825,002,1795
852.6225,852.6289,39218,58745,Pipistrellus nathusii,0.305,0.512,-1,Echolocation,/mnt/ubna_data_01_mir/recover-20220825/UBNA_002/20220823_033000.WAV,Telephone Field,recover-20220825,002,1795
852.6235,852.6288,28906,75755,Myotis bechsteinii,0.084,0.123,-1,Echolocation,/mnt/ubna_data_01_mir/recover-20220825/UBNA_002/20220823_033000.WAV,Telephone Field,recover-20220825,002,1795
852.6335,852.6666,68437,81188,Rhinolophus ferrumequinum,0.023,0.023,-1,Echolocation,/mnt/ubna_data_01_mir/recover-20220825/UBNA_002/20220823_033000.WAV,Telephone Field,recover-20220825,002,1795
852.6345,852.6411,33203,57281,Myotis brandtii,0.013,0.024,-1,Echolocation,/mnt/ubna_data_01_mir/recover-20220825/UBNA_002/20220823_033000.WAV,Telephone Field,recover-20220825,002,1795
852.6815,852.6912,57265,64828,Pipistrellus pygmaeus,0.023,0.024,-1,Echolocation,/mnt/ubna_data_01_mir/recover-20220825/UBNA_002/20220823_033000.WAV,Telephone Field,recover-20220825,002,1795
852.6905,852.7218,68437,80488,Rhinolophus ferrumequinum,0.022,0.022,-1,Echolocation,/mnt/ubna_data_01_mir/recover-20220825/UBNA_002/20220823_033000.WAV,Telephone Field,recover-20220825,002,1795
852.6995,852.7068,50390,58052,Pipistrellus pipistrellus,0.019,0.032,-1,Echolocation,/mnt/ubna_data_01_mir/recover-20220825/UBNA_002/20220823_033000.WAV,Telephone Field,recover-20220825,002,1795
852.7015,852.708,39218,64688,Pipistrellus nathusii,0.285,0.483,-1,Echolocation,/mnt/ubna_data_01_mir/recover-20220825/UBNA_002/20220823_033000.WAV,Telephone Field,recover-20220825,002,1795
852.7135,852.7188,33203,56640,Myotis brandtii,0.015,0.034,-1,Echolocation,/mnt/ubna_data_01_mir/recover-20220825/UBNA_002/20220823_033000.WAV,Telephone Field,recover-20220825,002,1795
852.7565,852.7647,49531,55277,Pipistrellus pipistrellus,0.014,0.024,-1,Echolocation,/mnt/ubna_data_01_mir/recover-20220825/UBNA_002/20220823_033000.WAV,Telephone Field,recover-20220825,002,1795
852.7605,852.7675,38359,54272,Pipistrellus nathusii,0.235,0.47,-1,Echolocation,/mnt/ubna_data_01_mir/recover-20220825/UBNA_002/20220823_033000.WAV,Telephone Field,recover-20220825,002,1795
852.7615,852.767,29765,70662,Myotis bechsteinii,0.081,0.125,-1,Echolocation,/mnt/ubna_data_01_mir/recover-20220825/UBNA_002/20220823_033000.WAV,Telephone Field,recover-20220825,002,1795
852.7715,852.7773,34062,60579,Myotis brandtii,0.015,0.029,-1,Echolocation,/mnt/ubna_data_01_mir/recover-20220825/UBNA_002/20220823_033000.WAV,Telephone Field,recover-20220825,002,1795
852.7735,852.8057,68437,81447,Rhinolophus ferrumequinum,0.023,0.023,-1,Echolocation,/mnt/ubna_data_01_mir/recover-20220825/UBNA_002/20220823_033000.WAV,Telephone Field,recover-20220825,002,1795
852.7785,852.8142,68437,81718,Rhinolophus ferrumequinum,0.023,0.023,-1,Echolocation,/mnt/ubna_data_01_mir/recover-20220825/UBNA_002/20220823_033000.WAV,Telephone Field,recover-20220825,002,1795
852.7975,852.8323,68437,81379,Rhinolophus ferrumequinum,0.022,0.023,-1,Echolocation,/mnt/ubna_data_01_mir/recover-20220825/UBNA_002/20220823_033000.WAV,Telephone Field,recover-20220825,002,1795
852.8055,852.8217,19453,24148,Nyctalus noctula,0.011,0.024,-1,Echolocation,/mnt/ubna_data_01_mir/recover-20220825/UBNA_002/20220823_033000.WAV,Telephone Field,recover-20220825,002,1795
852.8075,852.8411,68437,81816,Rhinolophus ferrumequinum,0.023,0.023,-1,Echolocation,/mnt/ubna_data_01_mir/recover-20220825/UBNA_002/20220823_033000.WAV,Telephone Field,recover-20220825,002,1795
852.8195,852.8267,50390,56430,Pipistrellus pipistrellus,0.037,0.06,-1,Echolocation,/mnt/ubna_data_01_mir/recover-20220825/UBNA_002/20220823_033000.WAV,Telephone Field,recover-20220825,002,1795
852.8235,852.83,36640,63316,Pipistrellus nathusii,0.295,0.512,-1,Echolocation,/mnt/ubna_data_01_mir/recover-20220825/UBNA_002/20220823_033000.WAV,Telephone Field,recover-20220825,002,1795
852.8235,852.8295,28906,76968,Myotis bechsteinii,0.076,0.12,-1,Echolocation,/mnt/ubna_data_01_mir/recover-20220825/UBNA_002/20220823_033000.WAV,Telephone Field,recover-20220825,002,1795
852.8335,852.8386,29765,48957,Myotis daubentonii,0.009,0.03,-1,Echolocation,/mnt/ubna_data_01_mir/recover-20220825/UBNA_002/20220823_033000.WAV,Telephone Field,recover-20220825,002,1795
852.8645,852.8725,54687,60268,Pipistrellus pygmaeus,0.024,0.025,-1,Echolocation,/mnt/ubna_data_01_mir/recover-20220825/UBNA_002/20220823_033000.WAV,Telephone Field,recover-20220825,002,1795
852.8965,852.906,52968,59699,Pipistrellus pygmaeus,0.032,0.036,-1,Echolocation,/mnt/ubna_data_01_mir/recover-20220825/UBNA_002/20220823_033000.WAV,Telephone Field,recover-20220825,002,1795
852.8985,852.9038,28046,74600,Myotis bechsteinii,0.037,0.061,-1,Echolocation,/mnt/ubna_data_01_mir/recover-20220825/UBNA_002/20220823_033000.WAV,Telephone Field,recover-20220825,002,1795
852.8995,852.9067,36640,68193,Pipistrellus nathusii,0.47,0.529,-1,Echolocation,/mnt/ubna_data_01_mir/recover-20220825/UBNA_002/20220823_033000.WAV,Telephone Field,recover-20220825,002,1795
852.9085,852.9164,38359,53527,Pipistrellus nathusii,0.034,0.066,-1,Echolocation,/mnt/ubna_data_01_mir/recover-20220825/UBNA_002/20220823_033000.WAV,Telephone Field,recover-20220825,002,1795
852.9085,852.9145,26328,42535,Plecotus auritus,0.007,0.032,-1,Echolocation,/mnt/ubna_data_01_mir/recover-20220825/UBNA_002/20220823_033000.WAV,Telephone Field,recover-20220825,002,1795
852.9105,852.9409,68437,81314,Rhinolophus ferrumequinum,0.022,0.022,-1,Echolocation,/mnt/ubna_data_01_mir/recover-20220825/UBNA_002/20220823_033000.WAV,Telephone Field,recover-20220825,002,1795
852.9385,852.9494,28046,35982,Eptesicus serotinus,0.013,0.027,-1,Echolocation,/mnt/ubna_data_01_mir/recover-20220825/UBNA_002/20220823_033000.WAV,Telephone Field,recover-20220825,002,1795
852.9395,852.9477,49531,55837,Pipistrellus pipistrellus,0.018,0.023,-1,Echolocation,/mnt/ubna_data_01_mir/recover-20220825/UBNA_002/20220823_033000.WAV,Telephone Field,recover-20220825,002,1795
852.9675,852.9743,49531,55151,Pipistrellus pipistrellus,0.03,0.051,-1,Echolocation,/mnt/ubna_data_01_mir/recover-20220825/UBNA_002/20220823_033000.WAV,Telephone Field,recover-20220825,002,1795
852.9705,852.9771,35781,66660,Pipistrellus nathusii,0.273,0.489,-1,Echolocation,/mnt/ubna_data_01_mir/recover-20220825/UBNA_002/20220823_033000.WAV,Telephone Field,recover-20220825,002,1795
852.9705,852.9768,28046,77242,Myotis bechsteinii,0.083,0.107,-1,Echolocation,/mnt/ubna_data_01_mir/recover-20220825/UBNA_002/20220823_033000.WAV,Telephone Field,recover-20220825,002,1795
852.9795,852.9847,25468,48483,Plecotus auritus,0.011,0.031,-1,Echolocation,/mnt/ubna_data_01_mir/recover-20220825/UBNA_002/20220823_033000.WAV,Telephone Field,recover-20220825,002,1795
852.9815,852.9878,34921,59170,Myotis brandtii,0.022,0.037,-1,Echolocation,/mnt/ubna_data_01_mir/recover-20220825/UBNA_002/20220823_033000.WAV,Telephone Field,recover-20220825,002,1795
852.9995,853.039,68437,82972,Rhinolophus ferrumequinum,0.023,0.023,-1,Echolocation,/mnt/ubna_data_01_mir/recover-20220825/UBNA_002/20220823_033000.WAV,Telephone Field,recover-20220825,002,1795
853.0345,853.0415,38359,61686,Pipistrellus nathusii,0.401,0.564,-1,Echolocation,/mnt/ubna_data_01_mir/recover-20220825/UBNA_002/20220823_033000.WAV,Telephone Field,recover-20220825,002,1795
853.0345,853.0403,28906,72721,Myotis bechsteinii,0.059,0.087,-1,Echolocation,/mnt/ubna_data_01_mir/recover-20220825/UBNA_002/20220823_033000.WAV,Telephone Field,recover-20220825,002,1795
853.0365,853.0441,49531,54450,Pipistrellus pipistrellus,0.015,0.027,-1,Echolocation,/mnt/ubna_data_01_mir/recover-20220825/UBNA_002/20220823_033000.WAV,Telephone Field,recover-20220825,002,1795
853.0455,853.0515,34921,61123,Myotis brandtii,0.039,0.06,-1,Echolocation,/mnt/ubna_data_01_mir/recover-20220825/UBNA_002/20220823_033000.WAV,Telephone Field,recover-20220825,002,1795
853.0485,853.0814,68437,81121,Rhinolophus ferrumequinum,0.024,0.025,-1,Echolocation,/mnt/ubna_data_01_mir/recover-20220825/UBNA_002/20220823_033000.WAV,Telephone Field,recover-20220825,002,1795
853.0695,853.0822000000001,25468,31004,Eptesicus serotinus,0.013,0.032,-1,Echolocation,/mnt/ubna_data_01_mir/recover-20220825/UBNA_002/20220823_033000.WAV,Telephone Field,recover-20220825,002,1795
853.0715,853.0803,50390,56295,Pipistrellus pipistrellus,0.033,0.041,-1,Echolocation,/mnt/ubna_data_01_mir/recover-20220825/UBNA_002/20220823_033000.WAV,Telephone Field,recover-20220825,002,1795
853.0925,853.1256,68437,81151,Rhinolophus ferrumequinum,0.022,0.022,-1,Echolocation,/mnt/ubna_data_01_mir/recover-20220825/UBNA_002/20220823_033000.WAV,Telephone Field,recover-20220825,002,1795
853.1075,853.1145,38359,61185,Pipistrellus nathusii,0.552,0.616,-1,Echolocation,/mnt/ubna_data_01_mir/recover-20220825/UBNA_002/20220823_033000.WAV,Telephone Field,recover-20220825,002,1795
853.1075,853.1137,49531,55007,Pipistrellus pipistrellus,0.018,0.029,-1,Echolocation,/mnt/ubna_data_01_mir/recover-20220825/UBNA_002/20220823_033000.WAV,Telephone Field,recover-20220825,002,1795
853.1175,853.1236,32343,55032,Myotis brandtii,0.012,0.027,-1,Echolocation,/mnt/ubna_data_01_mir/recover-20220825/UBNA_002/20220823_033000.WAV,Telephone Field,recover-20220825,002,1795
853.1575,853.1691,24609,29282,Nyctalus leisleri,0.01,0.023,-1,Echolocation,/mnt/ubna_data_01_mir/recover-20220825/UBNA_002/20220823_033000.WAV,Telephone Field,recover-20220825,002,1795
853.1615,853.1997,68437,82509,Rhinolophus ferrumequinum,0.022,0.022,-1,Echolocation,/mnt/ubna_data_01_mir/recover-20220825/UBNA_002/20220823_033000.WAV,Telephone Field,recover-20220825,002,1795
853.1895,853.1986,52109,57122,Pipistrellus pygmaeus,0.021,0.032,-1,Echolocation,/mnt/ubna_data_01_mir/recover-20220825/UBNA_002/20220823_033000.WAV,Telephone Field,recover-20220825,002,1795
853.1935,853.1989,28046,78394,Myotis bechsteinii,0.101,0.141,-1,Echolocation,/mnt/ubna_data_01_mir/recover-20220825/UBNA_002/20220823_033000.WAV,Telephone Field,recover-20220825,002,1795
853.1935,853.2005,37500,66987,Pipistrellus nathusii,0.353,0.541,-1,Echolocation,/mnt/ubna_data_01_mir/recover-20220825/UBNA_002/20220823_033000.WAV,Telephone Field,recover-20220825,002,1795
853.2035,853.2114,27187,37188,Eptesicus serotinus,0.009,0.03,-1,Echolocation,/mnt/ubna_data_01_mir/recover-20220825/UBNA_002/20220823_033000.WAV,Telephone Field,recover-20220825,002,1795
853.2075,853.2209,21171,25536,Nyctalus leisleri,0.013,0.03,-1,Echolocation,/mnt/ubna_data_01_mir/recover-20220825/UBNA_002/20220823_033000.WAV,Telephone Field,recover-20220825,002,1795
853.2215,853.2277,33203,41866,Myotis daubentonii,0.008,0.024,-1,Echolocation,/mnt/ubna_data_01_mir/recover-20220825/UBNA_002/20220823_033000.WAV,Telephone Field,recover-20220825,002,1795
853.2795,853.2856,49531,58200,Pipistrellus pipistrellus,0.02,0.032,-1,Echolocation,/mnt/ubna_data_01_mir/recover-20220825/UBNA_002/20220823_033000.WAV,Telephone Field,recover-20220825,002,1795
853.2845,853.2913,35781,62749,Pipistrellus nathusii,0.339,0.529,-1,Echolocation,/mnt/ubna_data_01_mir/recover-20220825/UBNA_002/20220823_033000.WAV,Telephone Field,recover-20220825,002,1795
853.2845,853.2903,27187,82080,Myotis bechsteinii,0.144,0.182,-1,Echolocation,/mnt/ubna_data_01_mir/recover-20220825/UBNA_002/20220823_033000.WAV,Telephone Field,recover-20220825,002,1795
853.2945,853.3001,33203,52717,Myotis brandtii,0.01,0.023,-1,Echolocation,/mnt/ubna_data_01_mir/recover-20220825/UBNA_002/20220823_033000.WAV,Telephone Field,recover-20220825,002,1795
853.3335,853.3409,49531,54104,Pipistrellus pipistrellus,0.021,0.024,-1,Echolocation,/mnt/ubna_data_01_mir/recover-20220825/UBNA_002/20220823_033000.WAV,Telephone Field,recover-20220825,002,1795
853.3745,853.3811,38359,68049,Pipistrellus nathusii,0.332,0.505,-1,Echolocation,/mnt/ubna_data_01_mir/recover-20220825/UBNA_002/20220823_033000.WAV,Telephone Field,recover-20220825,002,1795
853.3745,853.3801,28046,76269,Myotis bechsteinii,0.068,0.101,-1,Echolocation,/mnt/ubna_data_01_mir/recover-20220825/UBNA_002/20220823_033000.WAV,Telephone Field,recover-20220825,002,1795
853.3765,853.3835,48671,57794,Pipistrellus pipistrellus,0.014,0.03,-1,Echolocation,/mnt/ubna_data_01_mir/recover-20220825/UBNA_002/20220823_033000.WAV,Telephone Field,recover-20220825,002,1795
853.3845,853.3908,26328,39266,Eptesicus serotinus,0.005,0.027,-1,Echolocation,/mnt/ubna_data_01_mir/recover-20220825/UBNA_002/20220823_033000.WAV,Telephone Field,recover-20220825,002,1795
853.3855,853.3912,34062,56962,Myotis brandtii,0.02,0.035,-1,Echolocation,/mnt/ubna_data_01_mir/recover-20220825/UBNA_002/20220823_033000.WAV,Telephone Field,recover-20220825,002,1795
853.3895,853.4208,68437,80872,Rhinolophus ferrumequinum,0.024,0.024,-1,Echolocation,/mnt/ubna_data_01_mir/recover-20220825/UBNA_002/20220823_033000.WAV,Telephone Field,recover-20220825,002,1795
853.4385,853.4461,27187,41412,Eptesicus serotinus,0.008,0.023,-1,Echolocation,/mnt/ubna_data_01_mir/recover-20220825/UBNA_002/20220823_033000.WAV,Telephone Field,recover-20220825,002,1795
853.4565,853.4651,49531,55591,Pipistrellus pipistrellus,0.024,0.041,-1,Echolocation,/mnt/ubna_data_01_mir/recover-20220825/UBNA_002/20220823_033000.WAV,Telephone Field,recover-20220825,002,1795
853.4585,853.4689,56406,62735,Pipistrellus pygmaeus,0.035,0.036,-1,Echolocation,/mnt/ubna_data_01_mir/recover-20220825/UBNA_002/20220823_033000.WAV,Telephone Field,recover-20220825,002,1795
853.4605,853.4673,38359,66198,Pipistrellus nathusii,0.193,0.364,-1,Echolocation,/mnt/ubna_data_01_mir/recover-20220825/UBNA_002/20220823_033000.WAV,Telephone Field,recover-20220825,002,1795
853.4615,853.4672,28046,80369,Myotis bechsteinii,0.124,0.179,-1,Echolocation,/mnt/ubna_data_01_mir/recover-20220825/UBNA_002/20220823_033000.WAV,Telephone Field,recover-20220825,002,1795
853.4625,853.4721,47812,57065,Pipistrellus pipistrellus,0.024,0.038,-1,Echolocation,/mnt/ubna_data_01_mir/recover-20220825/UBNA_002/20220823_033000.WAV,Telephone Field,recover-20220825,002,1795
853.4935,853.5342,68437,82632,Rhinolophus ferrumequinum,0.026,0.026,-1,Echolocation,/mnt/ubna_data_01_mir/recover-20220825/UBNA_002/20220823_033000.WAV,Telephone Field,recover-20220825,002,1795
853.5415,853.548,50390,57733,Pipistrellus pipistrellus,0.021,0.042,-1,Echolocation,/mnt/ubna_data_01_mir/recover-20220825/UBNA_002/20220823_033000.WAV,Telephone Field,recover-20220825,002,1795
853.5485,853.5555,34062,73291,Myotis brandtii,0.224,0.347,-1,Echolocation,/mnt/ubna_data_01_mir/recover-20220825/UBNA_002/20220823_033000.WAV,Telephone Field,recover-20220825,002,1795
853.5485,853.5545,27187,86427,Myotis bechsteinii,0.187,0.235,-1,Echolocation,/mnt/ubna_data_01_mir/recover-20220825/UBNA_002/20220823_033000.WAV,Telephone Field,recover-20220825,002,1795
853.5575,853.5637,32343,53197,Myotis brandtii,0.009,0.022,-1,Echolocation,/mnt/ubna_data_01_mir/recover-20220825/UBNA_002/20220823_033000.WAV,Telephone Field,recover-20220825,002,1795
853.5575,853.5645,27187,37904,Eptesicus serotinus,0.006,0.023,-1,Echolocation,/mnt/ubna_data_01_mir/recover-20220825/UBNA_002/20220823_033000.WAV,Telephone Field,recover-20220825,002,1795
853.5915,853.6002,27187,36109,Eptesicus serotinus,0.01,0.023,-1,Echolocation,/mnt/ubna_data_01_mir/recover-20220825/UBNA_002/20220823_033000.WAV,Telephone Field,recover-20220825,002,1795
853.6285,853.6343,47812,58380,Pipistrellus pipistrellus,0.031,0.05,-1,Echolocation,/mnt/ubna_data_01_mir/recover-20220825/UBNA_002/20220823_033000.WAV,Telephone Field,recover-20220825,002,1795
853.6345,853.6412,27187,80983,Myotis bechsteinii,0.129,0.158,-1,Echolocation,/mnt/ubna_data_01_mir/recover-20220825/UBNA_002/20220823_033000.WAV,Telephone Field,recover-20220825,002,1795
853.6355,853.6428,34921,73714,Pipistrellus nathusii,0.217,0.426,-1,Echolocation,/mnt/ubna_data_01_mir/recover-20220825/UBNA_002/20220823_033000.WAV,Telephone Field,recover-20220825,002,1795
853.6365,853.6442,48671,56593,Pipistrellus pipistrellus,0.013,0.028,-1,Echolocation,/mnt/ubna_data_01_mir/recover-20220825/UBNA_002/20220823_033000.WAV,Telephone Field,recover-20220825,002,1795
853.6925,853.6992,54687,64138,Pipistrellus pygmaeus,0.024,0.025,-1,Echolocation,/mnt/ubna_data_01_mir/recover-20220825/UBNA_002/20220823_033000.WAV,Telephone Field,recover-20220825,002,1795
853.7005,853.7088,27187,37704,Eptesicus serotinus,0.009,0.024,-1,Echolocation,/mnt/ubna_data_01_mir/recover-20220825/UBNA_002/20220823_033000.WAV,Telephone Field,recover-20220825,002,1795
853.7075,853.7159,28046,36294,Eptesicus serotinus,0.008,0.023,-1,Echolocation,/mnt/ubna_data_01_mir/recover-20220825/UBNA_002/20220823_033000.WAV,Telephone Field,recover-20220825,002,1795
853.7275,853.7342,34062,74288,Myotis brandtii,0.213,0.307,-1,Echolocation,/mnt/ubna_data_01_mir/recover-20220825/UBNA_002/20220823_033000.WAV,Telephone Field,recover-20220825,002,1795
853.7275,853.7335,27187,83366,Myotis bechsteinii,0.149,0.195,-1,Echolocation,/mnt/ubna_data_01_mir/recover-20220825/UBNA_002/20220823_033000.WAV,Telephone Field,recover-20220825,002,1795
853.7355,853.7429,38359,50738,Myotis brandtii,0.012,0.03,-1,Echolocation,/mnt/ubna_data_01_mir/recover-20220825/UBNA_002/20220823_033000.WAV,Telephone Field,recover-20220825,002,1795
853.7375,853.7433,28906,41009,Myotis daubentonii,0.009,0.028,-1,Echolocation,/mnt/ubna_data_01_mir/recover-20220825/UBNA_002/20220823_033000.WAV,Telephone Field,recover-20220825,002,1795
853.7615,853.8004,68437,82322,Rhinolophus ferrumequinum,0.025,0.025,-1,Echolocation,/mnt/ubna_data_01_mir/recover-20220825/UBNA_002/20220823_033000.WAV,Telephone Field,recover-20220825,002,1795
853.7875,853.7973,24609,31296,Eptesicus serotinus,0.01,0.025,-1,Echolocation,/mnt/ubna_data_01_mir/recover-20220825/UBNA_002/20220823_033000.WAV,Telephone Field,recover-20220825,002,1795
853.8065,853.8139,48671,56815,Pipistrellus pipistrellus,0.037,0.069,-1,Echolocation,/mnt/ubna_data_01_mir/recover-20220825/UBNA_002/20220823_033000.WAV,Telephone Field,recover-20220825,002,1795
853.8075,853.8146,34062,73385,Myotis brandtii,0.181,0.308,-1,Echolocation,/mnt/ubna_data_01_mir/recover-20220825/UBNA_002/20220823_033000.WAV,Telephone Field,recover-20220825,002,1795
853.8085,853.8145,26328,88602,Myotis bechsteinii,0.181,0.22,-1,Echolocation,/mnt/ubna_data_01_mir/recover-20220825/UBNA_002/20220823_033000.WAV,Telephone Field,recover-20220825,002,1795
853.8185,853.8241,29765,47640,Myotis daubentonii,0.013,0.032,-1,Echolocation,/mnt/ubna_data_01_mir/recover-20220825/UBNA_002/20220823_033000.WAV,Telephone Field,recover-20220825,002,1795
853.8185,853.8268,40078,55178,Pipistrellus nathusii,0.02,0.033,-1,Echolocation,/mnt/ubna_data_01_mir/recover-20220825/UBNA_002/20220823_033000.WAV,Telephone Field,recover-20220825,002,1795
853.8695,853.8805,55546,61704,Pipistrellus pygmaeus,0.029,0.03,-1,Echolocation,/mnt/ubna_data_01_mir/recover-20220825/UBNA_002/20220823_033000.WAV,Telephone Field,recover-20220825,002,1795
853.8755,853.8812,46093,62327,Pipistrellus pipistrellus,0.011,0.049,-1,Echolocation,/mnt/ubna_data_01_mir/recover-20220825/UBNA_002/20220823_033000.WAV,Telephone Field,recover-20220825,002,1795
853.8775,853.8847,35781,72160,Pipistrellus nathusii,0.242,0.404,-1,Echolocation,/mnt/ubna_data_01_mir/recover-20220825/UBNA_002/20220823_033000.WAV,Telephone Field,recover-20220825,002,1795
853.8775,853.8835,28046,83304,Myotis bechsteinii,0.155,0.2,-1,Echolocation,/mnt/ubna_data_01_mir/recover-20220825/UBNA_002/20220823_033000.WAV,Telephone Field,recover-20220825,002,1795
853.8895,853.8965,38359,58790,Pipistrellus nathusii,0.056,0.105,-1,Echolocation,/mnt/ubna_data_01_mir/recover-20220825/UBNA_002/20220823_033000.WAV,Telephone Field,recover-20220825,002,1795
853.9455,853.9557,55546,62713,Pipistrellus pygmaeus,0.031,0.032,-1,Echolocation,/mnt/ubna_data_01_mir/recover-20220825/UBNA_002/20220823_033000.WAV,Telephone Field,recover-20220825,002,1795
853.9525,853.9598,47812,58731,Pipistrellus pipistrellus,0.033,0.062,-1,Echolocation,/mnt/ubna_data_01_mir/recover-20220825/UBNA_002/20220823_033000.WAV,Telephone Field,recover-20220825,002,1795
853.9525,853.9596,34921,78657,Myotis brandtii,0.224,0.333,-1,Echolocation,/mnt/ubna_data_01_mir/recover-20220825/UBNA_002/20220823_033000.WAV,Telephone Field,recover-20220825,002,1795
853.9535,853.9594,27187,88752,Myotis bechsteinii,0.141,0.183,-1,Echolocation,/mnt/ubna_data_01_mir/recover-20220825/UBNA_002/20220823_033000.WAV,Telephone Field,recover-20220825,002,1795
853.9615,853.9699,40937,52938,Pipistrellus nathusii,0.019,0.033,-1,Echolocation,/mnt/ubna_data_01_mir/recover-20220825/UBNA_002/20220823_033000.WAV,Telephone Field,recover-20220825,002,1795
853.9635,853.9696,33203,60580,Myotis brandtii,0.018,0.032,-1,Echolocation,/mnt/ubna_data_01_mir/recover-20220825/UBNA_002/20220823_033000.WAV,Telephone Field,recover-20220825,002,1795
853.9855,853.995,27187,41359,Eptesicus serotinus,0.016,0.031,-1,Echolocation,/mnt/ubna_data_01_mir/recover-20220825/UBNA_002/20220823_033000.WAV,Telephone Field,recover-20220825,002,1795
854.0015,854.0103,36640,46519,Pipistrellus nathusii,0.009,0.023,-1,Echolocation,/mnt/ubna_data_01_mir/recover-20220825/UBNA_002/20220823_033000.WAV,Telephone Field,recover-20220825,002,1795
854.0015,854.0294,68437,80060,Rhinolophus ferrumequinum,0.032,0.033,-1,Echolocation,/mnt/ubna_data_01_mir/recover-20220825/UBNA_002/20220823_033000.WAV,Telephone Field,recover-20220825,002,1795
854.0015,854.012,47812,57427,Pipistrellus pipistrellus,0.011,0.024,-1,Echolocation,/mnt/ubna_data_01_mir/recover-20220825/UBNA_002/20220823_033000.WAV,Telephone Field,recover-20220825,002,1795
854.0015,854.0096,26328,33635,Nyctalus leisleri,0.008,0.026,-1,Echolocation,/mnt/ubna_data_01_mir/recover-20220825/UBNA_002/20220823_033000.WAV,Telephone Field,recover-20220825,002,1795
854.0015,854.0158,52968,60422,Pipistrellus pygmaeus,0.019,0.025,-1,Echolocation,/mnt/ubna_data_01_mir/recover-20220825/UBNA_002/20220823_033000.WAV,Telephone Field,recover-20220825,002,1795
854.0175,854.0246,35781,76719,Myotis brandtii,0.233,0.313,-1,Echolocation,/mnt/ubna_data_01_mir/recover-20220825/UBNA_002/20220823_033000.WAV,Telephone Field,recover-20220825,002,1795
854.0265,854.0325,34062,48800,Myotis brandtii,0.009,0.022,-1,Echolocation,/mnt/ubna_data_01_mir/recover-20220825/UBNA_002/20220823_033000.WAV,Telephone Field,recover-20220825,002,1795
854.0815,854.0893,28046,36506,Eptesicus serotinus,0.011,0.025,-1,Echolocation,/mnt/ubna_data_01_mir/recover-20220825/UBNA_002/20220823_033000.WAV,Telephone Field,recover-20220825,002,1795
854.0935,854.1078,58125,65805,Pipistrellus pygmaeus,0.021,0.021,-1,Echolocation,/mnt/ubna_data_01_mir/recover-20220825/UBNA_002/20220823_033000.WAV,Telephone Field,recover-20220825,002,1795
854.0995,854.1072,35781,79498,Myotis brandtii,0.228,0.33,-1,Echolocation,/mnt/ubna_data_01_mir/recover-20220825/UBNA_002/20220823_033000.WAV,Telephone Field,recover-20220825,002,1795
854.1005,854.1094,50390,55881,Pipistrellus pipistrellus,0.028,0.045,-1,Echolocation,/mnt/ubna_data_01_mir/recover-20220825/UBNA_002/20220823_033000.WAV,Telephone Field,recover-20220825,002,1795
854.1095,854.1153,34062,63871,Myotis brandtii,0.019,0.029,-1,Echolocation,/mnt/ubna_data_01_mir/recover-20220825/UBNA_002/20220823_033000.WAV,Telephone Field,recover-20220825,002,1795
854.1265,854.1622,68437,81228,Rhinolophus ferrumequinum,0.022,0.022,-1,Echolocation,/mnt/ubna_data_01_mir/recover-20220825/UBNA_002/20220823_033000.WAV,Telephone Field,recover-20220825,002,1795
854.1725,854.1799,27187,33367,Eptesicus serotinus,0.012,0.031,-1,Echolocation,/mnt/ubna_data_01_mir/recover-20220825/UBNA_002/20220823_033000.WAV,Telephone Field,recover-20220825,002,1795
854.1845,854.1921,35781,73365,Pipistrellus nathusii,0.279,0.455,-1,Echolocation,/mnt/ubna_data_01_mir/recover-20220825/UBNA_002/20220823_033000.WAV,Telephone Field,recover-20220825,002,1795
854.1925,854.199,38359,54603,Myotis brandtii,0.015,0.031,-1,Echolocation,/mnt/ubna_data_01_mir/recover-20220825/UBNA_002/20220823_033000.WAV,Telephone Field,recover-20220825,002,1795
854.2465,854.2546,28046,37715,Eptesicus serotinus,0.009,0.024,-1,Echolocation,/mnt/ubna_data_01_mir/recover-20220825/UBNA_002/20220823_033000.WAV,Telephone Field,recover-20220825,002,1795
854.2625,854.27,38359,76097,Pipistrellus nathusii,0.302,0.408,-1,Echolocation,/mnt/ubna_data_01_mir/recover-20220825/UBNA_002/20220823_033000.WAV,Telephone Field,recover-20220825,002,1795
854.2625,854.2689,27187,87035,Myotis bechsteinii,0.085,0.138,-1,Echolocation,/mnt/ubna_data_01_mir/recover-20220825/UBNA_002/20220823_033000.WAV,Telephone Field,recover-20220825,002,1795
854.2635,854.2705,49531,61024,Pipistrellus pipistrellus,0.025,0.042,-1,Echolocation,/mnt/ubna_data_01_mir/recover-20220825/UBNA_002/20220823_033000.WAV,Telephone Field,recover-20220825,002,1795
854.2645,854.2709,55546,64204,Pipistrellus pygmaeus,0.039,0.041,-1,Echolocation,/mnt/ubna_data_01_mir/recover-20220825/UBNA_002/20220823_033000.WAV,Telephone Field,recover-20220825,002,1795
854.2705,854.2789,52968,62218,Pipistrellus pygmaeus,0.022,0.023,-1,Echolocation,/mnt/ubna_data_01_mir/recover-20220825/UBNA_002/20220823_033000.WAV,Telephone Field,recover-20220825,002,1795
854.2705,854.2766,39218,54635,Myotis brandtii,0.018,0.039,-1,Echolocation,/mnt/ubna_data_01_mir/recover-20220825/UBNA_002/20220823_033000.WAV,Telephone Field,recover-20220825,002,1795
854.3185,854.3255,46093,60193,Pipistrellus pipistrellus,0.026,0.057,-1,Echolocation,/mnt/ubna_data_01_mir/recover-20220825/UBNA_002/20220823_033000.WAV,Telephone Field,recover-20220825,002,1795
854.3195,854.3272,34921,81405,Myotis brandtii,0.341,0.419,-1,Echolocation,/mnt/ubna_data_01_mir/recover-20220825/UBNA_002/20220823_033000.WAV,Telephone Field,recover-20220825,002,1795
854.3205,854.3272,26328,89740,Myotis bechsteinii,0.108,0.135,-1,Echolocation,/mnt/ubna_data_01_mir/recover-20220825/UBNA_002/20220823_033000.WAV,Telephone Field,recover-20220825,002,1795
854.3275,854.3356,45234,49678,Pipistrellus pipistrellus,0.017,0.029,-1,Echolocation,/mnt/ubna_data_01_mir/recover-20220825/UBNA_002/20220823_033000.WAV,Telephone Field,recover-20220825,002,1795
854.3295,854.3348,32343,56467,Myotis brandtii,0.019,0.036,-1,Echolocation,/mnt/ubna_data_01_mir/recover-20220825/UBNA_002/20220823_033000.WAV,Telephone Field,recover-20220825,002,1795
854.3615,854.3706,48671,58618,Pipistrellus pipistrellus,0.024,0.05,-1,Echolocation,/mnt/ubna_data_01_mir/recover-20220825/UBNA_002/20220823_033000.WAV,Telephone Field,recover-20220825,002,1795
854.3625,854.3701,34062,82678,Myotis brandtii,0.354,0.432,-1,Echolocation,/mnt/ubna_data_01_mir/recover-20220825/UBNA_002/20220823_033000.WAV,Telephone Field,recover-20220825,002,1795
854.3625,854.3694,25468,92429,Myotis bechsteinii,0.176,0.21,-1,Echolocation,/mnt/ubna_data_01_mir/recover-20220825/UBNA_002/20220823_033000.WAV,Telephone Field,recover-20220825,002,1795
854.3635,854.3743,56406,64873,Pipistrellus pygmaeus,0.021,0.022,-1,Echolocation,/mnt/ubna_data_01_mir/recover-20220825/UBNA_002/20220823_033000.WAV,Telephone Field,recover-20220825,002,1795
854.3705,854.3786,45234,51323,Pipistrellus pipistrellus,0.011,0.021,-1,Echolocation,/mnt/ubna_data_01_mir/recover-20220825/UBNA_002/20220823_033000.WAV,Telephone Field,recover-20220825,002,1795
854.3725,854.3778,33203,56300,Myotis brandtii,0.015,0.029,-1,Echolocation,/mnt/ubna_data_01_mir/recover-20220825/UBNA_002/20220823_033000.WAV,Telephone Field,recover-20220825,002,1795
854.4215,854.4282,27187,89806,Myotis bechsteinii,0.082,0.114,-1,Echolocation,/mnt/ubna_data_01_mir/recover-20220825/UBNA_002/20220823_033000.WAV,Telephone Field,recover-20220825,002,1795
854.4215,854.4288,36640,76580,Pipistrellus nathusii,0.189,0.407,-1,Echolocation,/mnt/ubna_data_01_mir/recover-20220825/UBNA_002/20220823_033000.WAV,Telephone Field,recover-20220825,002,1795
854.4235,854.4306,48671,55517,Pipistrellus pipistrellus,0.031,0.049,-1,Echolocation,/mnt/ubna_data_01_mir/recover-20220825/UBNA_002/20220823_033000.WAV,Telephone Field,recover-20220825,002,1795
854.4295,854.4357,39218,54703,Pipistrellus nathusii,0.025,0.045,-1,Echolocation,/mnt/ubna_data_01_mir/recover-20220825/UBNA_002/20220823_033000.WAV,Telephone Field,recover-20220825,002,1795
854.4795,854.4873,38359,75886,Pipistrellus nathusii,0.372,0.462,-1,Echolocation,/mnt/ubna_data_01_mir/recover-20220825/UBNA_002/20220823_033000.WAV,Telephone Field,recover-20220825,002,1795
854.4805,854.4877,51250,61631,Pipistrellus pipistrellus,0.018,0.03,-1,Echolocation,/mnt/ubna_data_01_mir/recover-20220825/UBNA_002/20220823_033000.WAV,Telephone Field,recover-20220825,002,1795
854.4875,854.4937,38359,51492,Pipistrellus nathusii,0.016,0.038,-1,Echolocation,/mnt/ubna_data_01_mir/recover-20220825/UBNA_002/20220823_033000.WAV,Telephone Field,recover-20220825,002,1795
854.5145,854.5503,68437,82128,Rhinolophus ferrumequinum,0.025,0.025,-1,Echolocation,/mnt/ubna_data_01_mir/recover-20220825/UBNA_002/20220823_033000.WAV,Telephone Field,recover-20220825,002,1795
854.5175,854.5256,36640,41729,Pipistrellus nathusii,0.008,0.022,-1,Echolocation,/mnt/ubna_data_01_mir/recover-20220825/UBNA_002/20220823_033000.WAV,Telephone Field,recover-20220825,002,1795
854.5185,854.5283,27187,38708,Eptesicus serotinus,0.009,0.021,-1,Echolocation,/mnt/ubna_data_01_mir/recover-20220825/UBNA_002/20220823_033000.WAV,Telephone Field,recover-20220825,002,1795
854.5255,854.5636,68437,81919,Rhinolophus ferrumequinum,0.024,0.024,-1,Echolocation,/mnt/ubna_data_01_mir/recover-20220825/UBNA_002/20220823_033000.WAV,Telephone Field,recover-20220825,002,1795
854.5575,854.5638,27187,83891,Myotis bechsteinii,0.07,0.102,-1,Echolocation,/mnt/ubna_data_01_mir/recover-20220825/UBNA_002/20220823_033000.WAV,Telephone Field,recover-20220825,002,1795
854.5585,854.5651,36640,64277,Pipistrellus nathusii,0.359,0.521,-1,Echolocation,/mnt/ubna_data_01_mir/recover-20220825/UBNA_002/20220823_033000.WAV,Telephone Field,recover-20220825,002,1795
854.5595,854.5672,48671,58538,Pipistrellus pipistrellus,0.019,0.035,-1,Echolocation,/mnt/ubna_data_01_mir/recover-20220825/UBNA_002/20220823_033000.WAV,Telephone Field,recover-20220825,002,1795
854.5685,854.574,32343,53757,Myotis brandtii,0.013,0.029,-1,Echolocation,/mnt/ubna_data_01_mir/recover-20220825/UBNA_002/20220823_033000.WAV,Telephone Field,recover-20220825,002,1795
854.6455,854.6524,40078,73886,Pipistrellus nathusii,0.135,0.202,-1,Echolocation,/mnt/ubna_data_01_mir/recover-20220825/UBNA_002/20220823_033000.WAV,Telephone Field,recover-20220825,002,1795
854.6465,854.6543,33203,85451,Myotis brandtii,0.214,0.262,-1,Echolocation,/mnt/ubna_data_01_mir/recover-20220825/UBNA_002/20220823_033000.WAV,Telephone Field,recover-20220825,002,1795
854.6475,854.6541,52109,64924,Pipistrellus pygmaeus,0.02,0.038,-1,Echolocation,/mnt/ubna_data_01_mir/recover-20220825/UBNA_002/20220823_033000.WAV,Telephone Field,recover-20220825,002,1795
854.6535,854.6601,40078,50759,Pipistrellus nathusii,0.036,0.052,-1,Echolocation,/mnt/ubna_data_01_mir/recover-20220825/UBNA_002/20220823_033000.WAV,Telephone Field,recover-20220825,002,1795
854.6835,854.6937,28046,35488,Eptesicus serotinus,0.014,0.031,-1,Echolocation,/mnt/ubna_data_01_mir/recover-20220825/UBNA_002/20220823_033000.WAV,Telephone Field,recover-20220825,002,1795
854.7005,854.7372,68437,81993,Rhinolophus ferrumequinum,0.022,0.022,-1,Echolocation,/mnt/ubna_data_01_mir/recover-20220825/UBNA_002/20220823_033000.WAV,Telephone Field,recover-20220825,002,1795
854.7325,854.7423,53828,67468,Pipistrellus pygmaeus,0.034,0.038,-1,Echolocation,/mnt/ubna_data_01_mir/recover-20220825/UBNA_002/20220823_033000.WAV,Telephone Field,recover-20220825,002,1795
854.7375,854.7441,27187,84113,Myotis bechsteinii,0.074,0.105,-1,Echolocation,/mnt/ubna_data_01_mir/recover-20220825/UBNA_002/20220823_033000.WAV,Telephone Field,recover-20220825,002,1795
854.7375,854.7442,35781,67299,Pipistrellus nathusii,0.308,0.443,-1,Echolocation,/mnt/ubna_data_01_mir/recover-20220825/UBNA_002/20220823_033000.WAV,Telephone Field,recover-20220825,002,1795
854.7395,854.7458,47812,59247,Pipistrellus pipistrellus,0.021,0.041,-1,Echolocation,/mnt/ubna_data_01_mir/recover-20220825/UBNA_002/20220823_033000.WAV,Telephone Field,recover-20220825,002,1795
854.7455,854.7525,46093,57381,Pipistrellus pipistrellus,0.013,0.026,-1,Echolocation,/mnt/ubna_data_01_mir/recover-20220825/UBNA_002/20220823_033000.WAV,Telephone Field,recover-20220825,002,1795
854.7555,854.7624,47812,55440,Pipistrellus pipistrellus,0.028,0.033,-1,Echolocation,/mnt/ubna_data_01_mir/recover-20220825/UBNA_002/20220823_033000.WAV,Telephone Field,recover-20220825,002,1795
854.8095,854.816,28046,37322,Eptesicus serotinus,0.006,0.023,-1,Echolocation,/mnt/ubna_data_01_mir/recover-20220825/UBNA_002/20220823_033000.WAV,Telephone Field,recover-20220825,002,1795
854.8225,854.8334,52109,57690,Pipistrellus pygmaeus,0.043,0.048,-1,Echolocation,/mnt/ubna_data_01_mir/recover-20220825/UBNA_002/20220823_033000.WAV,Telephone Field,recover-20220825,002,1795
854.8265,854.8328,26328,88527,Myotis bechsteinii,0.077,0.11,-1,Echolocation,/mnt/ubna_data_01_mir/recover-20220825/UBNA_002/20220823_033000.WAV,Telephone Field,recover-20220825,002,1795
854.8265,854.8338,34921,76162,Myotis brandtii,0.265,0.394,-1,Echolocation,/mnt/ubna_data_01_mir/recover-20220825/UBNA_002/20220823_033000.WAV,Telephone Field,recover-20220825,002,1795
854.8365,854.8417,34062,67939,Myotis brandtii,0.032,0.046,-1,Echolocation,/mnt/ubna_data_01_mir/recover-20220825/UBNA_002/20220823_033000.WAV,Telephone Field,recover-20220825,002,1795
854.8685,854.9088,68437,82656,Rhinolophus ferrumequinum,0.021,0.021,-1,Echolocation,/mnt/ubna_data_01_mir/recover-20220825/UBNA_002/20220823_033000.WAV,Telephone Field,recover-20220825,002,1795
854.8945,854.9019,38359,72824,Pipistrellus nathusii,0.21,0.294,-1,Echolocation,/mnt/ubna_data_01_mir/recover-20220825/UBNA_002/20220823_033000.WAV,Telephone Field,recover-20220825,002,1795
854.8965,854.905,50390,61066,Pipistrellus pipistrellus,0.014,0.026,-1,Echolocation,/mnt/ubna_data_01_mir/recover-20220825/UBNA_002/20220823_033000.WAV,Telephone Field,recover-20220825,002,1795
854.9035,854.9098,45234,56091,Pipistrellus pipistrellus,0.016,0.028,-1,Echolocation,/mnt/ubna_data_01_mir/recover-20220825/UBNA_002/20220823_033000.WAV,Telephone Field,recover-20220825,002,1795
854.9415,854.9542,49531,53678,Pipistrellus pipistrellus,0.019,0.036,-1,Echolocation,/mnt/ubna_data_01_mir/recover-20220825/UBNA_002/20220823_033000.WAV,Telephone Field,recover-20220825,002,1795
854.9475,854.9549,34062,74244,Myotis brandtii,0.282,0.373,-1,Echolocation,/mnt/ubna_data_01_mir/recover-20220825/UBNA_002/20220823_033000.WAV,Telephone Field,recover-20220825,002,1795
854.9565,854.962,34062,63851,Myotis brandtii,0.023,0.033,-1,Echolocation,/mnt/ubna_data_01_mir/recover-20220825/UBNA_002/20220823_033000.WAV,Telephone Field,recover-20220825,002,1795
854.9945,855.0234,68437,80056,Rhinolophus ferrumequinum,0.021,0.021,-1,Echolocation,/mnt/ubna_data_01_mir/recover-20220825/UBNA_002/20220823_033000.WAV,Telephone Field,recover-20220825,002,1795
855.0145,855.0205,37500,59231,Pipistrellus nathusii,0.394,0.501,-1,Echolocation,/mnt/ubna_data_01_mir/recover-20220825/UBNA_002/20220823_033000.WAV,Telephone Field,recover-20220825,002,1795
855.0235,855.0288,33203,53307,Myotis brandtii,0.013,0.027,-1,Echolocation,/mnt/ubna_data_01_mir/recover-20220825/UBNA_002/20220823_033000.WAV,Telephone Field,recover-20220825,002,1795
855.0615,855.0964,68437,81146,Rhinolophus ferrumequinum,0.021,0.021,-1,Echolocation,/mnt/ubna_data_01_mir/recover-20220825/UBNA_002/20220823_033000.WAV,Telephone Field,recover-20220825,002,1795
855.0825,855.0897,28046,37041,Eptesicus serotinus,0.007,0.022,-1,Echolocation,/mnt/ubna_data_01_mir/recover-20220825/UBNA_002/20220823_033000.WAV,Telephone Field,recover-20220825,002,1795
855.0985,855.1056,34062,71882,Myotis brandtii,0.191,0.36,-1,Echolocation,/mnt/ubna_data_01_mir/recover-20220825/UBNA_002/20220823_033000.WAV,Telephone Field,recover-20220825,002,1795
855.1065,855.1117,32343,47773,Myotis brandtii,0.009,0.025,-1,Echolocation,/mnt/ubna_data_01_mir/recover-20220825/UBNA_002/20220823_033000.WAV,Telephone Field,recover-20220825,002,1795
855.1835,855.1902,39218,65355,Pipistrellus nathusii,0.176,0.307,-1,Echolocation,/mnt/ubna_data_01_mir/recover-20220825/UBNA_002/20220823_033000.WAV,Telephone Field,recover-20220825,002,1795
855.2075,855.2168,27187,35682,Eptesicus serotinus,0.011,0.023,-1,Echolocation,/mnt/ubna_data_01_mir/recover-20220825/UBNA_002/20220823_033000.WAV,Telephone Field,recover-20220825,002,1795
855.2485,855.2819,68437,80820,Rhinolophus ferrumequinum,0.022,0.022,-1,Echolocation,/mnt/ubna_data_01_mir/recover-20220825/UBNA_002/20220823_033000.WAV,Telephone Field,recover-20220825,002,1795
855.2515,855.2603,28046,38499,Eptesicus serotinus,0.009,0.023,-1,Echolocation,/mnt/ubna_data_01_mir/recover-20220825/UBNA_002/20220823_033000.WAV,Telephone Field,recover-20220825,002,1795
855.2575,855.2665,33203,38347,Barbastellus barbastellus,0.009,0.025,-1,Echolocation,/mnt/ubna_data_01_mir/recover-20220825/UBNA_002/20220823_033000.WAV,Telephone Field,recover-20220825,002,1795
855.2575,855.2936,68437,81730,Rhinolophus ferrumequinum,0.021,0.021,-1,Echolocation,/mnt/ubna_data_01_mir/recover-20220825/UBNA_002/20220823_033000.WAV,Telephone Field,recover-20220825,002,1795
855.2755,855.2821,37500,53818,Pipistrellus nathusii,0.447,0.559,-1,Echolocation,/mnt/ubna_data_01_mir/recover-20220825/UBNA_002/20220823_033000.WAV,Telephone Field,recover-20220825,002,1795
855.2845,855.2922,27187,40251,Eptesicus serotinus,0.006,0.022,-1,Echolocation,/mnt/ubna_data_01_mir/recover-20220825/UBNA_002/20220823_033000.WAV,Telephone Field,recover-20220825,002,1795
855.2905,855.3076,21171,24763,Nyctalus leisleri,0.013,0.023,-1,Echolocation,/mnt/ubna_data_01_mir/recover-20220825/UBNA_002/20220823_033000.WAV,Telephone Field,recover-20220825,002,1795
855.3225,855.3573,68437,81458,Rhinolophus ferrumequinum,0.021,0.021,-1,Echolocation,/mnt/ubna_data_01_mir/recover-20220825/UBNA_002/20220823_033000.WAV,Telephone Field,recover-20220825,002,1795
855.3325,855.3406,27187,36967,Eptesicus serotinus,0.008,0.021,-1,Echolocation,/mnt/ubna_data_01_mir/recover-20220825/UBNA_002/20220823_033000.WAV,Telephone Field,recover-20220825,002,1795
855.3625,855.3727,48671,53635,Pipistrellus pipistrellus,0.018,0.033,-1,Echolocation,/mnt/ubna_data_01_mir/recover-20220825/UBNA_002/20220823_033000.WAV,Telephone Field,recover-20220825,002,1795
855.3645,855.3741,54687,64416,Pipistrellus pygmaeus,0.02,0.021,-1,Echolocation,/mnt/ubna_data_01_mir/recover-20220825/UBNA_002/20220823_033000.WAV,Telephone Field,recover-20220825,002,1795
855.3655,855.372,38359,61861,Pipistrellus nathusii,0.374,0.544,-1,Echolocation,/mnt/ubna_data_01_mir/recover-20220825/UBNA_002/20220823_033000.WAV,Telephone Field,recover-20220825,002,1795
855.3655,855.3717,28046,84586,Myotis bechsteinii,0.059,0.095,-1,Echolocation,/mnt/ubna_data_01_mir/recover-20220825/UBNA_002/20220823_033000.WAV,Telephone Field,recover-20220825,002,1795
855.3745,855.3803,30625,45626,Myotis daubentonii,0.008,0.022,-1,Echolocation,/mnt/ubna_data_01_mir/recover-20220825/UBNA_002/20220823_033000.WAV,Telephone Field,recover-20220825,002,1795
855.3945,855.4039,28046,35840,Eptesicus serotinus,0.008,0.022,-1,Echolocation,/mnt/ubna_data_01_mir/recover-20220825/UBNA_002/20220823_033000.WAV,Telephone Field,recover-20220825,002,1795
855.4095,855.4163,49531,57683,Pipistrellus pipistrellus,0.017,0.021,-1,Echolocation,/mnt/ubna_data_01_mir/recover-20220825/UBNA_002/20220823_033000.WAV,Telephone Field,recover-20220825,002,1795
855.4675,855.4726,29765,51946,Barbastellus barbastellus,0.009,0.034,-1,Echolocation,/mnt/ubna_data_01_mir/recover-20220825/UBNA_002/20220823_033000.WAV,Telephone Field,recover-20220825,002,1795
855.4705,855.4776,40078,50865,Pipistrellus nathusii,0.408,0.552,-1,Echolocation,/mnt/ubna_data_01_mir/recover-20220825/UBNA_002/20220823_033000.WAV,Telephone Field,recover-20220825,002,1795
855.4975,855.505,50390,57267,Pipistrellus pipistrellus,0.024,0.03,-1,Echolocation,/mnt/ubna_data_01_mir/recover-20220825/UBNA_002/20220823_033000.WAV,Telephone Field,recover-20220825,002,1795
855.5025,855.5425,68437,82089,Rhinolophus ferrumequinum,0.021,0.021,-1,Echolocation,/mnt/ubna_data_01_mir/recover-20220825/UBNA_002/20220823_033000.WAV,Telephone Field,recover-20220825,002,1795
855.5455,855.5547,26328,34615,Eptesicus serotinus,0.01,0.024,-1,Echolocation,/mnt/ubna_data_01_mir/recover-20220825/UBNA_002/20220823_033000.WAV,Telephone Field,recover-20220825,002,1795
855.5785,855.5857,55546,64421,Pipistrellus pygmaeus,0.064,0.065,-1,Echolocation,/mnt/ubna_data_01_mir/recover-20220825/UBNA_002/20220823_033000.WAV,Telephone Field,recover-20220825,002,1795
855.5805,855.5875,40937,56628,Myotis brandtii,0.011,0.026,-1,Echolocation,/mnt/ubna_data_01_mir/recover-20220825/UBNA_002/20220823_033000.WAV,Telephone Field,recover-20220825,002,1795
855.5835,855.5899,29765,59188,Myotis daubentonii,0.009,0.025,-1,Echolocation,/mnt/ubna_data_01_mir/recover-20220825/UBNA_002/20220823_033000.WAV,Telephone Field,recover-20220825,002,1795
855.6095,855.6459,68437,82311,Rhinolophus ferrumequinum,0.021,0.021,-1,Echolocation,/mnt/ubna_data_01_mir/recover-20220825/UBNA_002/20220823_033000.WAV,Telephone Field,recover-20220825,002,1795
855.6135,855.6219,41796,50855,Pipistrellus nathusii,0.015,0.029,-1,Echolocation,/mnt/ubna_data_01_mir/recover-20220825/UBNA_002/20220823_033000.WAV,Telephone Field,recover-20220825,002,1795
855.6155,855.6231,27187,40428,Eptesicus serotinus,0.021,0.048,-1,Echolocation,/mnt/ubna_data_01_mir/recover-20220825/UBNA_002/20220823_033000.WAV,Telephone Field,recover-20220825,002,1795
855.6195,855.6554,68437,81404,Rhinolophus ferrumequinum,0.021,0.021,-1,Echolocation,/mnt/ubna_data_01_mir/recover-20220825/UBNA_002/20220823_033000.WAV,Telephone Field,recover-20220825,002,1795
855.6245,855.6611,68437,81542,Rhinolophus ferrumequinum,0.021,0.021,-1,Echolocation,/mnt/ubna_data_01_mir/recover-20220825/UBNA_002/20220823_033000.WAV,Telephone Field,recover-20220825,002,1795
855.6285,855.6356,49531,57563,Pipistrellus pipistrellus,0.015,0.021,-1,Echolocation,/mnt/ubna_data_01_mir/recover-20220825/UBNA_002/20220823_033000.WAV,Telephone Field,recover-20220825,002,1795
855.6585,855.6691,48671,53695,Pipistrellus pipistrellus,0.02,0.039,-1,Echolocation,/mnt/ubna_data_01_mir/recover-20220825/UBNA_002/20220823_033000.WAV,Telephone Field,recover-20220825,002,1795
855.6605,855.6669,40078,62947,Pipistrellus nathusii,0.349,0.601,-1,Echolocation,/mnt/ubna_data_01_mir/recover-20220825/UBNA_002/20220823_033000.WAV,Telephone Field,recover-20220825,002,1795
855.6695,855.6752,37500,56879,Myotis brandtii,0.015,0.023,-1,Echolocation,/mnt/ubna_data_01_mir/recover-20220825/UBNA_002/20220823_033000.WAV,Telephone Field,recover-20220825,002,1795
855.6795,855.7176,68437,82584,Rhinolophus ferrumequinum,0.023,0.023,-1,Echolocation,/mnt/ubna_data_01_mir/recover-20220825/UBNA_002/20220823_033000.WAV,Telephone Field,recover-20220825,002,1795
855.6865,855.6946,24609,32763,Plecotus austriacus,0.006,0.021,-1,Echolocation,/mnt/ubna_data_01_mir/recover-20220825/UBNA_002/20220823_033000.WAV,Telephone Field,recover-20220825,002,1795
855.7485,855.7557,40937,47463,Pipistrellus nathusii,0.582,0.603,-1,Echolocation,/mnt/ubna_data_01_mir/recover-20220825/UBNA_002/20220823_033000.WAV,Telephone Field,recover-20220825,002,1795
855.7755,855.7851,46953,50933,Pipistrellus pipistrellus,0.034,0.038,-1,Echolocation,/mnt/ubna_data_01_mir/recover-20220825/UBNA_002/20220823_033000.WAV,Telephone Field,recover-20220825,002,1795
855.7825,855.8181,68437,80939,Rhinolophus ferrumequinum,0.021,0.021,-1,Echolocation,/mnt/ubna_data_01_mir/recover-20220825/UBNA_002/20220823_033000.WAV,Telephone Field,recover-20220825,002,1795
855.7925,855.8307,68437,81929,Rhinolophus ferrumequinum,0.021,0.021,-1,Echolocation,/mnt/ubna_data_01_mir/recover-20220825/UBNA_002/20220823_033000.WAV,Telephone Field,recover-20220825,002,1795
855.7955,855.8065,28046,33102,Eptesicus serotinus,0.028,0.051,-1,Echolocation,/mnt/ubna_data_01_mir/recover-20220825/UBNA_002/20220823_033000.WAV,Telephone Field,recover-20220825,002,1795
855.8145,855.8528,68437,82000,Rhinolophus ferrumequinum,0.024,0.024,-1,Echolocation,/mnt/ubna_data_01_mir/recover-20220825/UBNA_002/20220823_033000.WAV,Telephone Field,recover-20220825,002,1795
855.8245,855.8309,31484,44558,Barbastellus barbastellus,0.008,0.027,-1,Echolocation,/mnt/ubna_data_01_mir/recover-20220825/UBNA_002/20220823_033000.WAV,Telephone Field,recover-20220825,002,1795
855.8365,855.8449,50390,54338,Pipistrellus pygmaeus,0.016,0.028,-1,Echolocation,/mnt/ubna_data_01_mir/recover-20220825/UBNA_002/20220823_033000.WAV,Telephone Field,recover-20220825,002,1795
855.8425,855.8482,40078,55017,Pipistrellus nathusii,0.426,0.555,-1,Echolocation,/mnt/ubna_data_01_mir/recover-20220825/UBNA_002/20220823_033000.WAV,Telephone Field,recover-20220825,002,1795
855.8635,855.8998,68437,81958,Rhinolophus ferrumequinum,0.024,0.024,-1,Echolocation,/mnt/ubna_data_01_mir/recover-20220825/UBNA_002/20220823_033000.WAV,Telephone Field,recover-20220825,002,1795
855.8665,855.8747,50390,59163,Pipistrellus pipistrellus,0.022,0.029,-1,Echolocation,/mnt/ubna_data_01_mir/recover-20220825/UBNA_002/20220823_033000.WAV,Telephone Field,recover-20220825,002,1795
855.8845,855.8918,47812,55095,Pipistrellus pipistrellus,0.017,0.022,-1,Echolocation,/mnt/ubna_data_01_mir/recover-20220825/UBNA_002/20220823_033000.WAV,Telephone Field,recover-20220825,002,1795
855.8975,855.9039,39218,48662,Pipistrellus nathusii,0.534,0.568,-1,Echolocation,/mnt/ubna_data_01_mir/recover-20220825/UBNA_002/20220823_033000.WAV,Telephone Field,recover-20220825,002,1795
855.9035,855.9146,54687,67496,Pipistrellus pygmaeus,0.027,0.029,-1,Echolocation,/mnt/ubna_data_01_mir/recover-20220825/UBNA_002/20220823_033000.WAV,Telephone Field,recover-20220825,002,1795
855.9075,855.9137,33203,55174,Myotis brandtii,0.01,0.021,-1,Echolocation,/mnt/ubna_data_01_mir/recover-20220825/UBNA_002/20220823_033000.WAV,Telephone Field,recover-20220825,002,1795
855.9305,855.9384,42656,55951,Pipistrellus nathusii,0.016,0.036,-1,Echolocation,/mnt/ubna_data_01_mir/recover-20220825/UBNA_002/20220823_033000.WAV,Telephone Field,recover-20220825,002,1795
855.9345,855.9417,31484,43989,Barbastellus barbastellus,0.013,0.03,-1,Echolocation,/mnt/ubna_data_01_mir/recover-20220825/UBNA_002/20220823_033000.WAV,Telephone Field,recover-20220825,002,1795
855.9345,855.9419,49531,57795,Pipistrellus pipistrellus,0.045,0.081,-1,Echolocation,/mnt/ubna_data_01_mir/recover-20220825/UBNA_002/20220823_033000.WAV,Telephone Field,recover-20220825,002,1795
855.9645,855.9709,40078,50940,Pipistrellus nathusii,0.543,0.565,-1,Echolocation,/mnt/ubna_data_01_mir/recover-20220825/UBNA_002/20220823_033000.WAV,Telephone Field,recover-20220825,002,1795
855.9755,855.9806,32343,62885,Myotis brandtii,0.014,0.024,-1,Echolocation,/mnt/ubna_data_01_mir/recover-20220825/UBNA_002/20220823_033000.WAV,Telephone Field,recover-20220825,002,1795
856.0015,856.0134,52968,60938,Pipistrellus pygmaeus,0.058,0.069,-1,Echolocation,/mnt/ubna_data_01_mir/recover-20220825/UBNA_002/20220823_033000.WAV,Telephone Field,recover-20220825,002,1795
856.0015,856.0274,69296,83092,Rhinolophus ferrumequinum,0.054,0.055,-1,Echolocation,/mnt/ubna_data_01_mir/recover-20220825/UBNA_002/20220823_033000.WAV,Telephone Field,recover-20220825,002,1795
856.0015,856.0102,34062,44276,Pipistrellus nathusii,0.008,0.027,-1,Echolocation,/mnt/ubna_data_01_mir/recover-20220825/UBNA_002/20220823_033000.WAV,Telephone Field,recover-20220825,002,1795
856.0015,856.0102,24609,35159,Nyctalus leisleri,0.008,0.029,-1,Echolocation,/mnt/ubna_data_01_mir/recover-20220825/UBNA_002/20220823_033000.WAV,Telephone Field,recover-20220825,002,1795
856.0205,856.0291,41796,48941,Pipistrellus nathusii,0.013,0.026,-1,Echolocation,/mnt/ubna_data_01_mir/recover-20220825/UBNA_002/20220823_033000.WAV,Telephone Field,recover-20220825,002,1795
856.0615,856.0674,40078,53205,Pipistrellus nathusii,0.475,0.57,-1,Echolocation,/mnt/ubna_data_01_mir/recover-20220825/UBNA_002/20220823_033000.WAV,Telephone Field,recover-20220825,002,1795
856.1285,856.1374,26328,36308,Eptesicus serotinus,0.011,0.027,-1,Echolocation,/mnt/ubna_data_01_mir/recover-20220825/UBNA_002/20220823_033000.WAV,Telephone Field,recover-20220825,002,1795
856.1375,856.1458,56406,61378,Pipistrellus pygmaeus,0.03,0.03,-1,Echolocation,/mnt/ubna_data_01_mir/recover-20220825/UBNA_002/20220823_033000.WAV,Telephone Field,recover-20220825,002,1795
856.1545,856.1616,39218,48743,Pipistrellus nathusii,0.443,0.571,-1,Echolocation,/mnt/ubna_data_01_mir/recover-20220825/UBNA_002/20220823_033000.WAV,Telephone Field,recover-20220825,002,1795
856.2225,856.2311,42656,52317,Pipistrellus nathusii,0.012,0.026,-1,Echolocation,/mnt/ubna_data_01_mir/recover-20220825/UBNA_002/20220823_033000.WAV,Telephone Field,recover-20220825,002,1795
856.2455,856.2514,40078,50036,Pipistrellus nathusii,0.485,0.559,-1,Echolocation,/mnt/ubna_data_01_mir/recover-20220825/UBNA_002/20220823_033000.WAV,Telephone Field,recover-20220825,002,1795
856.2465,856.2825,68437,82003,Rhinolophus ferrumequinum,0.024,0.024,-1,Echolocation,/mnt/ubna_data_01_mir/recover-20220825/UBNA_002/20220823_033000.WAV,Telephone Field,recover-20220825,002,1795
856.2785,856.2872,28046,37014,Eptesicus serotinus,0.01,0.027,-1,Echolocation,/mnt/ubna_data_01_mir/recover-20220825/UBNA_002/20220823_033000.WAV,Telephone Field,recover-20220825,002,1795
856.2855,856.2927999999999,54687,59906,Pipistrellus pygmaeus,0.028,0.029,-1,Echolocation,/mnt/ubna_data_01_mir/recover-20220825/UBNA_002/20220823_033000.WAV,Telephone Field,recover-20220825,002,1795
856.3415,856.3477,40078,53097,Pipistrellus nathusii,0.336,0.516,-1,Echolocation,/mnt/ubna_data_01_mir/recover-20220825/UBNA_002/20220823_033000.WAV,Telephone Field,recover-20220825,002,1795
856.3855,856.3931,34062,41851,Barbastellus barbastellus,0.014,0.027,-1,Echolocation,/mnt/ubna_data_01_mir/recover-20220825/UBNA_002/20220823_033000.WAV,Telephone Field,recover-20220825,002,1795
856.3865,856.395,28906,40263,Myotis daubentonii,0.008,0.025,-1,Echolocation,/mnt/ubna_data_01_mir/recover-20220825/UBNA_002/20220823_033000.WAV,Telephone Field,recover-20220825,002,1795
856.4255,856.4316,40078,52906,Pipistrellus nathusii,0.499,0.578,-1,Echolocation,/mnt/ubna_data_01_mir/recover-20220825/UBNA_002/20220823_033000.WAV,Telephone Field,recover-20220825,002,1795
856.4335,856.4391,30625,40710,Myotis daubentonii,0.014,0.028,-1,Echolocation,/mnt/ubna_data_01_mir/recover-20220825/UBNA_002/20220823_033000.WAV,Telephone Field,recover-20220825,002,1795
856.4465,856.4856,68437,82749,Rhinolophus ferrumequinum,0.024,0.024,-1,Echolocation,/mnt/ubna_data_01_mir/recover-20220825/UBNA_002/20220823_033000.WAV,Telephone Field,recover-20220825,002,1795
856.5145,856.5271,15156,20313,Nyctalus noctula,0.02,0.034,-1,Echolocation,/mnt/ubna_data_01_mir/recover-20220825/UBNA_002/20220823_033000.WAV,Telephone Field,recover-20220825,002,1795
856.5315,856.54,28906,37540,Eptesicus serotinus,0.01,0.029,-1,Echolocation,/mnt/ubna_data_01_mir/recover-20220825/UBNA_002/20220823_033000.WAV,Telephone Field,recover-20220825,002,1795
856.5665,856.5733,41796,49626,Pipistrellus nathusii,0.266,0.415,-1,Echolocation,/mnt/ubna_data_01_mir/recover-20220825/UBNA_002/20220823_033000.WAV,Telephone Field,recover-20220825,002,1795
856.6205,856.6275,26328,38133,Eptesicus serotinus,0.007,0.025,-1,Echolocation,/mnt/ubna_data_01_mir/recover-20220825/UBNA_002/20220823_033000.WAV,Telephone Field,recover-20220825,002,1795
856.6335,856.6454,24609,29896,Nyctalus leisleri,0.011,0.028,-1,Echolocation,/mnt/ubna_data_01_mir/recover-20220825/UBNA_002/20220823_033000.WAV,Telephone Field,recover-20220825,002,1795
856.6525,856.6598,42656,49180,Pipistrellus nathusii,0.167,0.225,-1,Echolocation,/mnt/ubna_data_01_mir/recover-20220825/UBNA_002/20220823_033000.WAV,Telephone Field,recover-20220825,002,1795
856.6755,856.6833,55546,61243,Pipistrellus pygmaeus,0.033,0.034,-1,Echolocation,/mnt/ubna_data_01_mir/recover-20220825/UBNA_002/20220823_033000.WAV,Telephone Field,recover-20220825,002,1795
856.6895,856.725,68437,81582,Rhinolophus ferrumequinum,0.026,0.026,-1,Echolocation,/mnt/ubna_data_01_mir/recover-20220825/UBNA_002/20220823_033000.WAV,Telephone Field,recover-20220825,002,1795
856.6895,856.6981,34062,43237,Pipistrellus nathusii,0.008,0.028,-1,Echolocation,/mnt/ubna_data_01_mir/recover-20220825/UBNA_002/20220823_033000.WAV,Telephone Field,recover-20220825,002,1795
856.7135,856.7222,55546,62777,Pipistrellus pygmaeus,0.024,0.025,-1,Echolocation,/mnt/ubna_data_01_mir/recover-20220825/UBNA_002/20220823_033000.WAV,Telephone Field,recover-20220825,002,1795
856.7205,856.7292,40937,47211,Pipistrellus nathusii,0.017,0.027,-1,Echolocation,/mnt/ubna_data_01_mir/recover-20220825/UBNA_002/20220823_033000.WAV,Telephone Field,recover-20220825,002,1795
856.7425,856.7484,37500,52735,Pipistrellus nathusii,0.257,0.438,-1,Echolocation,/mnt/ubna_data_01_mir/recover-20220825/UBNA_002/20220823_033000.WAV,Telephone Field,recover-20220825,002,1795
856.7785,856.7918999999999,23750,29025,Nyctalus leisleri,0.011,0.025,-1,Echolocation,/mnt/ubna_data_01_mir/recover-20220825/UBNA_002/20220823_033000.WAV,Telephone Field,recover-20220825,002,1795
856.7845,856.7938,47812,51455,Pipistrellus pipistrellus,0.025,0.032,-1,Echolocation,/mnt/ubna_data_01_mir/recover-20220825/UBNA_002/20220823_033000.WAV,Telephone Field,recover-20220825,002,1795
856.8045,856.8146,38359,43192,Pipistrellus nathusii,0.047,0.064,-1,Echolocation,/mnt/ubna_data_01_mir/recover-20220825/UBNA_002/20220823_033000.WAV,Telephone Field,recover-20220825,002,1795
856.8095,856.8449,68437,81783,Rhinolophus ferrumequinum,0.029,0.029,-1,Echolocation,/mnt/ubna_data_01_mir/recover-20220825/UBNA_002/20220823_033000.WAV,Telephone Field,recover-20220825,002,1795
856.8185,856.8246,41796,58977,Myotis brandtii,0.013,0.028,-1,Echolocation,/mnt/ubna_data_01_mir/recover-20220825/UBNA_002/20220823_033000.WAV,Telephone Field,recover-20220825,002,1795
856.8185,856.824,34062,58474,Myotis brandtii,0.015,0.031,-1,Echolocation,/mnt/ubna_data_01_mir/recover-20220825/UBNA_002/20220823_033000.WAV,Telephone Field,recover-20220825,002,1795
856.8335,856.8409,41796,50329,Pipistrellus nathusii,0.263,0.346,-1,Echolocation,/mnt/ubna_data_01_mir/recover-20220825/UBNA_002/20220823_033000.WAV,Telephone Field,recover-20220825,002,1795
856.9285,856.9352,40937,50184,Pipistrellus nathusii,0.408,0.476,-1,Echolocation,/mnt/ubna_data_01_mir/recover-20220825/UBNA_002/20220823_033000.WAV,Telephone Field,recover-20220825,002,1795
856.9605,856.9696,28046,35509,Eptesicus serotinus,0.009,0.025,-1,Echolocation,/mnt/ubna_data_01_mir/recover-20220825/UBNA_002/20220823_033000.WAV,Telephone Field,recover-20220825,002,1795
857.0035,857.0104,54687,60753,Pipistrellus pygmaeus,0.034,0.034,-1,Echolocation,/mnt/ubna_data_01_mir/recover-20220825/UBNA_002/20220823_033000.WAV,Telephone Field,recover-20220825,002,1795
857.0195,857.0263,40078,47197,Pipistrellus nathusii,0.054,0.094,-1,Echolocation,/mnt/ubna_data_01_mir/recover-20220825/UBNA_002/20220823_033000.WAV,Telephone Field,recover-20220825,002,1795
857.0305,857.0698,68437,82202,Rhinolophus ferrumequinum,0.024,0.024,-1,Echolocation,/mnt/ubna_data_01_mir/recover-20220825/UBNA_002/20220823_033000.WAV,Telephone Field,recover-20220825,002,1795
857.0715,857.08,28046,40119,Eptesicus serotinus,0.027,0.059,-1,Echolocation,/mnt/ubna_data_01_mir/recover-20220825/UBNA_002/20220823_033000.WAV,Telephone Field,recover-20220825,002,1795
857.1015,857.1112,25468,32555,Eptesicus serotinus,0.019,0.038,-1,Echolocation,/mnt/ubna_data_01_mir/recover-20220825/UBNA_002/20220823_033000.WAV,Telephone Field,recover-20220825,002,1795
857.1035,857.112,16015,23504,Nyctalus noctula,0.014,0.036,-1,Echolocation,/mnt/ubna_data_01_mir/recover-20220825/UBNA_002/20220823_033000.WAV,Telephone Field,recover-20220825,002,1795
857.1095,857.115,40937,51484,Pipistrellus nathusii,0.221,0.329,-1,Echolocation,/mnt/ubna_data_01_mir/recover-20220825/UBNA_002/20220823_033000.WAV,Telephone Field,recover-20220825,002,1795
857.1175,857.1257,56406,65998,Pipistrellus pygmaeus,0.025,0.025,-1,Echolocation,/mnt/ubna_data_01_mir/recover-20220825/UBNA_002/20220823_033000.WAV,Telephone Field,recover-20220825,002,1795
857.1425,857.182,68437,82683,Rhinolophus ferrumequinum,0.034,0.034,-1,Echolocation,/mnt/ubna_data_01_mir/recover-20220825/UBNA_002/20220823_033000.WAV,Telephone Field,recover-20220825,002,1795
857.1765,857.1834,41796,51910,Pipistrellus nathusii,0.202,0.353,-1,Echolocation,/mnt/ubna_data_01_mir/recover-20220825/UBNA_002/20220823_033000.WAV,Telephone Field,recover-20220825,002,1795
857.2325,857.2391,40078,51596,Pipistrellus nathusii,0.298,0.435,-1,Echolocation,/mnt/ubna_data_01_mir/recover-20220825/UBNA_002/20220823_033000.WAV,Telephone Field,recover-20220825,002,1795
857.2345,857.2446,12578,18309,Barbastellus barbastellus,0.03,0.037,-1,Echolocation,/mnt/ubna_data_01_mir/recover-20220825/UBNA_002/20220823_033000.WAV,Telephone Field,recover-20220825,002,1795
857.2465,857.2867,68437,82451,Rhinolophus ferrumequinum,0.032,0.032,-1,Echolocation,/mnt/ubna_data_01_mir/recover-20220825/UBNA_002/20220823_033000.WAV,Telephone Field,recover-20220825,002,1795
857.2725,857.28,58984,64817,Pipistrellus pygmaeus,0.04,0.04,-1,Echolocation,/mnt/ubna_data_01_mir/recover-20220825/UBNA_002/20220823_033000.WAV,Telephone Field,recover-20220825,002,1795
857.2905,857.2984,54687,60560,Pipistrellus pygmaeus,0.025,0.026,-1,Echolocation,/mnt/ubna_data_01_mir/recover-20220825/UBNA_002/20220823_033000.WAV,Telephone Field,recover-20220825,002,1795
857.2915,857.2985,30625,46656,Myotis daubentonii,0.012,0.027,-1,Echolocation,/mnt/ubna_data_01_mir/recover-20220825/UBNA_002/20220823_033000.WAV,Telephone Field,recover-20220825,002,1795
857.2915,857.2978,34921,50073,Myotis brandtii,0.012,0.027,-1,Echolocation,/mnt/ubna_data_01_mir/recover-20220825/UBNA_002/20220823_033000.WAV,Telephone Field,recover-20220825,002,1795
857.3085,857.3191,40937,44969,Pipistrellus nathusii,0.047,0.057,-1,Echolocation,/mnt/ubna_data_01_mir/recover-20220825/UBNA_002/20220823_033000.WAV,Telephone Field,recover-20220825,002,1795
857.3505,857.359,42656,51619,Pipistrellus nathusii,0.01,0.024,-1,Echolocation,/mnt/ubna_data_01_mir/recover-20220825/UBNA_002/20220823_033000.WAV,Telephone Field,recover-20220825,002,1795
857.3785,857.3851,40078,51066,Pipistrellus nathusii,0.321,0.476,-1,Echolocation,/mnt/ubna_data_01_mir/recover-20220825/UBNA_002/20220823_033000.WAV,Telephone Field,recover-20220825,002,1795
857.4115,857.4494,68437,82159,Rhinolophus ferrumequinum,0.025,0.025,-1,Echolocation,/mnt/ubna_data_01_mir/recover-20220825/UBNA_002/20220823_033000.WAV,Telephone Field,recover-20220825,002,1795
857.4155,857.4289,24609,29382,Nyctalus leisleri,0.015,0.03,-1,Echolocation,/mnt/ubna_data_01_mir/recover-20220825/UBNA_002/20220823_033000.WAV,Telephone Field,recover-20220825,002,1795
857.4415,857.4479,39218,48908,Pipistrellus nathusii,0.191,0.323,-1,Echolocation,/mnt/ubna_data_01_mir/recover-20220825/UBNA_002/20220823_033000.WAV,Telephone Field,recover-20220825,002,1795
857.5065,857.5136,40937,51125,Pipistrellus nathusii,0.231,0.348,-1,Echolocation,/mnt/ubna_data_01_mir/recover-20220825/UBNA_002/20220823_033000.WAV,Telephone Field,recover-20220825,002,1795
857.5835,857.5979,15156,20006,Nyctalus noctula,0.02,0.031,-1,Echolocation,/mnt/ubna_data_01_mir/recover-20220825/UBNA_002/20220823_033000.WAV,Telephone Field,recover-20220825,002,1795
857.5915,857.5979,34921,46511,Myotis daubentonii,0.01,0.028,-1,Echolocation,/mnt/ubna_data_01_mir/recover-20220825/UBNA_002/20220823_033000.WAV,Telephone Field,recover-20220825,002,1795
857.6065,857.6153,57265,64568,Pipistrellus pygmaeus,0.033,0.034,-1,Echolocation,/mnt/ubna_data_01_mir/recover-20220825/UBNA_002/20220823_033000.WAV,Telephone Field,recover-20220825,002,1795
857.6405,857.648,27187,35618,Eptesicus serotinus,0.008,0.024,-1,Echolocation,/mnt/ubna_data_01_mir/recover-20220825/UBNA_002/20220823_033000.WAV,Telephone Field,recover-20220825,002,1795
857.6595,857.6655,35781,51879,Myotis brandtii,0.012,0.028,-1,Echolocation,/mnt/ubna_data_01_mir/recover-20220825/UBNA_002/20220823_033000.WAV,Telephone Field,recover-20220825,002,1795
857.6605,857.667,31484,42869,Myotis daubentonii,0.012,0.03,-1,Echolocation,/mnt/ubna_data_01_mir/recover-20220825/UBNA_002/20220823_033000.WAV,Telephone Field,recover-20220825,002,1795
857.6655,857.6742,24609,31968,Eptesicus serotinus,0.009,0.027,-1,Echolocation,/mnt/ubna_data_01_mir/recover-20220825/UBNA_002/20220823_033000.WAV,Telephone Field,recover-20220825,002,1795
857.6745,857.6816,40937,52373,Pipistrellus nathusii,0.282,0.424,-1,Echolocation,/mnt/ubna_data_01_mir/recover-20220825/UBNA_002/20220823_033000.WAV,Telephone Field,recover-20220825,002,1795
857.7595,857.7687,40078,45668,Pipistrellus nathusii,0.083,0.102,-1,Echolocation,/mnt/ubna_data_01_mir/recover-20220825/UBNA_002/20220823_033000.WAV,Telephone Field,recover-20220825,002,1795
857.7605,857.8003,68437,82121,Rhinolophus ferrumequinum,0.036,0.036,-1,Echolocation,/mnt/ubna_data_01_mir/recover-20220825/UBNA_002/20220823_033000.WAV,Telephone Field,recover-20220825,002,1795
857.7635,857.7704,25468,36782,Eptesicus serotinus,0.008,0.028,-1,Echolocation,/mnt/ubna_data_01_mir/recover-20220825/UBNA_002/20220823_033000.WAV,Telephone Field,recover-20220825,002,1795
857.7935,857.8031,25468,34329,Eptesicus serotinus,0.01,0.025,-1,Echolocation,/mnt/ubna_data_01_mir/recover-20220825/UBNA_002/20220823_033000.WAV,Telephone Field,recover-20220825,002,1795
857.8265,857.8344,42656,48500,Pipistrellus nathusii,0.283,0.337,-1,Echolocation,/mnt/ubna_data_01_mir/recover-20220825/UBNA_002/20220823_033000.WAV,Telephone Field,recover-20220825,002,1795
857.8885,857.894,40078,50297,Pipistrellus nathusii,0.172,0.3,-1,Echolocation,/mnt/ubna_data_01_mir/recover-20220825/UBNA_002/20220823_033000.WAV,Telephone Field,recover-20220825,002,1795
857.9115,857.9193,40078,47483,Pipistrellus nathusii,0.022,0.035,-1,Echolocation,/mnt/ubna_data_01_mir/recover-20220825/UBNA_002/20220823_033000.WAV,Telephone Field,recover-20220825,002,1795
857.9265,857.9373,23750,30311,Nyctalus leisleri,0.009,0.025,-1,Echolocation,/mnt/ubna_data_01_mir/recover-20220825/UBNA_002/20220823_033000.WAV,Telephone Field,recover-20220825,002,1795
857.9525,857.959,40078,49100,Pipistrellus nathusii,0.293,0.407,-1,Echolocation,/mnt/ubna_data_01_mir/recover-20220825/UBNA_002/20220823_033000.WAV,Telephone Field,recover-20220825,002,1795
857.9765,857.986,58125,64230,Pipistrellus pygmaeus,0.039,0.04,-1,Echolocation,/mnt/ubna_data_01_mir/recover-20220825/UBNA_002/20220823_033000.WAV,Telephone Field,recover-20220825,002,1795
857.9885,857.9984,27187,36822,Eptesicus serotinus,0.012,0.026,-1,Echolocation,/mnt/ubna_data_01_mir/recover-20220825/UBNA_002/20220823_033000.WAV,Telephone Field,recover-20220825,002,1795
858.0015,858.0158,53828,61033,Pipistrellus pygmaeus,0.019,0.024,-1,Echolocation,/mnt/ubna_data_01_mir/recover-20220825/UBNA_002/20220823_033000.WAV,Telephone Field,recover-20220825,002,1795
858.0015,858.0298,68437,78983,Rhinolophus ferrumequinum,0.03,0.031,-1,Echolocation,/mnt/ubna_data_01_mir/recover-20220825/UBNA_002/20220823_033000.WAV,Telephone Field,recover-20220825,002,1795
858.0015,858.0110999999999,25468,32470,Nyctalus leisleri,0.014,0.034,-1,Echolocation,/mnt/ubna_data_01_mir/recover-20220825/UBNA_002/20220823_033000.WAV,Telephone Field,recover-20220825,002,1795
858.0225,858.0603,68437,82062,Rhinolophus ferrumequinum,0.026,0.026,-1,Echolocation,/mnt/ubna_data_01_mir/recover-20220825/UBNA_002/20220823_033000.WAV,Telephone Field,recover-20220825,002,1795
858.0245,858.0346,38359,43489,Pipistrellus nathusii,0.037,0.047,-1,Echolocation,/mnt/ubna_data_01_mir/recover-20220825/UBNA_002/20220823_033000.WAV,Telephone Field,recover-20220825,002,1795
858.0295,858.0665,68437,82283,Rhinolophus ferrumequinum,0.026,0.026,-1,Echolocation,/mnt/ubna_data_01_mir/recover-20220825/UBNA_002/20220823_033000.WAV,Telephone Field,recover-20220825,002,1795
858.0315,858.0416,42656,48806,Pipistrellus nathusii,0.029,0.042,-1,Echolocation,/mnt/ubna_data_01_mir/recover-20220825/UBNA_002/20220823_033000.WAV,Telephone Field,recover-20220825,002,1795
858.0735,858.0823,26328,35892,Eptesicus serotinus,0.008,0.023,-1,Echolocation,/mnt/ubna_data_01_mir/recover-20220825/UBNA_002/20220823_033000.WAV,Telephone Field,recover-20220825,002,1795
858.1135,858.1525,68437,82255,Rhinolophus ferrumequinum,0.023,0.023,-1,Echolocation,/mnt/ubna_data_01_mir/recover-20220825/UBNA_002/20220823_033000.WAV,Telephone Field,recover-20220825,002,1795
858.1225,858.1312,40937,45336,Pipistrellus nathusii,0.023,0.035,-1,Echolocation,/mnt/ubna_data_01_mir/recover-20220825/UBNA_002/20220823_033000.WAV,Telephone Field,recover-20220825,002,1795
858.1235,858.1296,29765,42206,Myotis daubentonii,0.04,0.087,-1,Echolocation,/mnt/ubna_data_01_mir/recover-20220825/UBNA_002/20220823_033000.WAV,Telephone Field,recover-20220825,002,1795
858.1605,858.1706,23750,29775,Nyctalus leisleri,0.009,0.026,-1,Echolocation,/mnt/ubna_data_01_mir/recover-20220825/UBNA_002/20220823_033000.WAV,Telephone Field,recover-20220825,002,1795
858.1625,858.1709,41796,46144,Pipistrellus nathusii,0.052,0.064,-1,Echolocation,/mnt/ubna_data_01_mir/recover-20220825/UBNA_002/20220823_033000.WAV,Telephone Field,recover-20220825,002,1795
858.1865,858.1951,46093,50227,Pipistrellus pipistrellus,0.018,0.025,-1,Echolocation,/mnt/ubna_data_01_mir/recover-20220825/UBNA_002/20220823_033000.WAV,Telephone Field,recover-20220825,002,1795
858.2215,858.2298,26328,35203,Eptesicus serotinus,0.01,0.028,-1,Echolocation,/mnt/ubna_data_01_mir/recover-20220825/UBNA_002/20220823_033000.WAV,Telephone Field,recover-20220825,002,1795
858.2265,858.2328,48671,54228,Pipistrellus pipistrellus,0.022,0.029,-1,Echolocation,/mnt/ubna_data_01_mir/recover-20220825/UBNA_002/20220823_033000.WAV,Telephone Field,recover-20220825,002,1795
858.2275,858.234,38359,51816,Pipistrellus nathusii,0.014,0.043,-1,Echolocation,/mnt/ubna_data_01_mir/recover-20220825/UBNA_002/20220823_033000.WAV,Telephone Field,recover-20220825,002,1795
858.2635,858.2712,27187,38274,Eptesicus serotinus,0.009,0.025,-1,Echolocation,/mnt/ubna_data_01_mir/recover-20220825/UBNA_002/20220823_033000.WAV,Telephone Field,recover-20220825,002,1795
858.3025,858.3097,40078,51724,Pipistrellus nathusii,0.023,0.062,-1,Echolocation,/mnt/ubna_data_01_mir/recover-20220825/UBNA_002/20220823_033000.WAV,Telephone Field,recover-20220825,002,1795
858.3335,858.3422,26328,38214,Eptesicus serotinus,0.009,0.024,-1,Echolocation,/mnt/ubna_data_01_mir/recover-20220825/UBNA_002/20220823_033000.WAV,Telephone Field,recover-20220825,002,1795
858.3415,858.349,55546,64293,Pipistrellus pygmaeus,0.022,0.023,-1,Echolocation,/mnt/ubna_data_01_mir/recover-20220825/UBNA_002/20220823_033000.WAV,Telephone Field,recover-20220825,002,1795
858.3425,858.3524,27187,35215,Eptesicus serotinus,0.012,0.027,-1,Echolocation,/mnt/ubna_data_01_mir/recover-20220825/UBNA_002/20220823_033000.WAV,Telephone Field,recover-20220825,002,1795
858.3905,858.3998,40078,44993,Pipistrellus nathusii,0.061,0.076,-1,Echolocation,/mnt/ubna_data_01_mir/recover-20220825/UBNA_002/20220823_033000.WAV,Telephone Field,recover-20220825,002,1795
858.3915,858.3988,26328,37639,Eptesicus serotinus,0.007,0.024,-1,Echolocation,/mnt/ubna_data_01_mir/recover-20220825/UBNA_002/20220823_033000.WAV,Telephone Field,recover-20220825,002,1795
858.4875,858.4956999999999,38359,44353,Pipistrellus nathusii,0.165,0.226,-1,Echolocation,/mnt/ubna_data_01_mir/recover-20220825/UBNA_002/20220823_033000.WAV,Telephone Field,recover-20220825,002,1795
858.4895,858.4976,25468,35344,Eptesicus serotinus,0.009,0.025,-1,Echolocation,/mnt/ubna_data_01_mir/recover-20220825/UBNA_002/20220823_033000.WAV,Telephone Field,recover-20220825,002,1795
858.5435,858.5501,38359,50926,Pipistrellus nathusii,0.019,0.053,-1,Echolocation,/mnt/ubna_data_01_mir/recover-20220825/UBNA_002/20220823_033000.WAV,Telephone Field,recover-20220825,002,1795
858.5545,858.5626,26328,34698,Eptesicus serotinus,0.007,0.023,-1,Echolocation,/mnt/ubna_data_01_mir/recover-20220825/UBNA_002/20220823_033000.WAV,Telephone Field,recover-20220825,002,1795
858.5725,858.5783,36640,48492,Myotis daubentonii,0.024,0.066,-1,Echolocation,/mnt/ubna_data_01_mir/recover-20220825/UBNA_002/20220823_033000.WAV,Telephone Field,recover-20220825,002,1795
858.5825,858.5906,40078,47106,Pipistrellus nathusii,0.029,0.062,-1,Echolocation,/mnt/ubna_data_01_mir/recover-20220825/UBNA_002/20220823_033000.WAV,Telephone Field,recover-20220825,002,1795
858.6235,858.6298,41796,52875,Myotis brandtii,0.008,0.025,-1,Echolocation,/mnt/ubna_data_01_mir/recover-20220825/UBNA_002/20220823_033000.WAV,Telephone Field,recover-20220825,002,1795
858.6635,858.6727,42656,51874,Pipistrellus nathusii,0.034,0.055,-1,Echolocation,/mnt/ubna_data_01_mir/recover-20220825/UBNA_002/20220823_033000.WAV,Telephone Field,recover-20220825,002,1795
858.6785,858.6864,39218,47907,Pipistrellus nathusii,0.011,0.024,-1,Echolocation,/mnt/ubna_data_01_mir/recover-20220825/UBNA_002/20220823_033000.WAV,Telephone Field,recover-20220825,002,1795
858.7505,858.758,37500,48475,Pipistrellus nathusii,0.278,0.461,-1,Echolocation,/mnt/ubna_data_01_mir/recover-20220825/UBNA_002/20220823_033000.WAV,Telephone Field,recover-20220825,002,1795
858.8025,858.8144,24609,30844,Eptesicus serotinus,0.012,0.031,-1,Echolocation,/mnt/ubna_data_01_mir/recover-20220825/UBNA_002/20220823_033000.WAV,Telephone Field,recover-20220825,002,1795
858.8445,858.8804,68437,80957,Rhinolophus ferrumequinum,0.025,0.025,-1,Echolocation,/mnt/ubna_data_01_mir/recover-20220825/UBNA_002/20220823_033000.WAV,Telephone Field,recover-20220825,002,1795
858.8735,858.882,40937,46094,Pipistrellus nathusii,0.012,0.024,-1,Echolocation,/mnt/ubna_data_01_mir/recover-20220825/UBNA_002/20220823_033000.WAV,Telephone Field,recover-20220825,002,1795
858.8745,858.8829,27187,36287,Eptesicus serotinus,0.009,0.025,-1,Echolocation,/mnt/ubna_data_01_mir/recover-20220825/UBNA_002/20220823_033000.WAV,Telephone Field,recover-20220825,002,1795
858.9145,858.9262,39218,43729,Pipistrellus nathusii,0.027,0.035,-1,Echolocation,/mnt/ubna_data_01_mir/recover-20220825/UBNA_002/20220823_033000.WAV,Telephone Field,recover-20220825,002,1795
858.9275,858.962,68437,81875,Rhinolophus ferrumequinum,0.025,0.025,-1,Echolocation,/mnt/ubna_data_01_mir/recover-20220825/UBNA_002/20220823_033000.WAV,Telephone Field,recover-20220825,002,1795
858.9625,858.9708,40078,46574,Pipistrellus nathusii,0.247,0.285,-1,Echolocation,/mnt/ubna_data_01_mir/recover-20220825/UBNA_002/20220823_033000.WAV,Telephone Field,recover-20220825,002,1795
858.9755,858.9875,21171,26835,Nyctalus noctula,0.017,0.045,-1,Echolocation,/mnt/ubna_data_01_mir/recover-20220825/UBNA_002/20220823_033000.WAV,Telephone Field,recover-20220825,002,1795
858.9895,859.0286,68437,82433,Rhinolophus ferrumequinum,0.024,0.024,-1,Echolocation,/mnt/ubna_data_01_mir/recover-20220825/UBNA_002/20220823_033000.WAV,Telephone Field,recover-20220825,002,1795
858.9935,859.0021,54687,63375,Pipistrellus pygmaeus,0.022,0.023,-1,Echolocation,/mnt/ubna_data_01_mir/recover-20220825/UBNA_002/20220823_033000.WAV,Telephone Field,recover-20220825,002,1795
859.0065,859.0163,37500,42936,Pipistrellus nathusii,0.013,0.025,-1,Echolocation,/mnt/ubna_data_01_mir/recover-20220825/UBNA_002/20220823_033000.WAV,Telephone Field,recover-20220825,002,1795
859.0165,859.0252,40078,47010,Pipistrellus nathusii,0.016,0.027,-1,Echolocation,/mnt/ubna_data_01_mir/recover-20220825/UBNA_002/20220823_033000.WAV,Telephone Field,recover-20220825,002,1795
859.0175,859.058,68437,82371,Rhinolophus ferrumequinum,0.028,0.028,-1,Echolocation,/mnt/ubna_data_01_mir/recover-20220825/UBNA_002/20220823_033000.WAV,Telephone Field,recover-20220825,002,1795
859.0495,859.0561,39218,47893,Pipistrellus nathusii,0.215,0.325,-1,Echolocation,/mnt/ubna_data_01_mir/recover-20220825/UBNA_002/20220823_033000.WAV,Telephone Field,recover-20220825,002,1795
859.0505,859.0589,24609,33613,Eptesicus serotinus,0.009,0.026,-1,Echolocation,/mnt/ubna_data_01_mir/recover-20220825/UBNA_002/20220823_033000.WAV,Telephone Field,recover-20220825,002,1795
859.0625,859.0705,26328,37592,Eptesicus serotinus,0.01,0.03,-1,Echolocation,/mnt/ubna_data_01_mir/recover-20220825/UBNA_002/20220823_033000.WAV,Telephone Field,recover-20220825,002,1795
859.0795,859.12,68437,82542,Rhinolophus ferrumequinum,0.026,0.026,-1,Echolocation,/mnt/ubna_data_01_mir/recover-20220825/UBNA_002/20220823_033000.WAV,Telephone Field,recover-20220825,002,1795
859.0955,859.1061,26328,33365,Eptesicus serotinus,0.018,0.035,-1,Echolocation,/mnt/ubna_data_01_mir/recover-20220825/UBNA_002/20220823_033000.WAV,Telephone Field,recover-20220825,002,1795
859.1285,859.1362,40078,46624,Pipistrellus nathusii,0.212,0.288,-1,Echolocation,/mnt/ubna_data_01_mir/recover-20220825/UBNA_002/20220823_033000.WAV,Telephone Field,recover-20220825,002,1795
859.1445,859.1841,68437,81645,Rhinolophus ferrumequinum,0.024,0.024,-1,Echolocation,/mnt/ubna_data_01_mir/recover-20220825/UBNA_002/20220823_033000.WAV,Telephone Field,recover-20220825,002,1795
859.1965,859.202,34921,59440,Myotis brandtii,0.012,0.025,-1,Echolocation,/mnt/ubna_data_01_mir/recover-20220825/UBNA_002/20220823_033000.WAV,Telephone Field,recover-20220825,002,1795
859.2095,859.2163,40078,50073,Pipistrellus nathusii,0.216,0.432,-1,Echolocation,/mnt/ubna_data_01_mir/recover-20220825/UBNA_002/20220823_033000.WAV,Telephone Field,recover-20220825,002,1795
859.2885,859.2955,39218,47537,Pipistrellus nathusii,0.312,0.489,-1,Echolocation,/mnt/ubna_data_01_mir/recover-20220825/UBNA_002/20220823_033000.WAV,Telephone Field,recover-20220825,002,1795
859.3145,859.3473,68437,81293,Rhinolophus ferrumequinum,0.026,0.026,-1,Echolocation,/mnt/ubna_data_01_mir/recover-20220825/UBNA_002/20220823_033000.WAV,Telephone Field,recover-20220825,002,1795
859.3345,859.3741,68437,82621,Rhinolophus ferrumequinum,0.025,0.025,-1,Echolocation,/mnt/ubna_data_01_mir/recover-20220825/UBNA_002/20220823_033000.WAV,Telephone Field,recover-20220825,002,1795
859.3635,859.3703,40078,50867,Pipistrellus nathusii,0.268,0.46,-1,Echolocation,/mnt/ubna_data_01_mir/recover-20220825/UBNA_002/20220823_033000.WAV,Telephone Field,recover-20220825,002,1795
859.3895,859.3967,38359,47442,Pipistrellus nathusii,0.008,0.024,-1,Echolocation,/mnt/ubna_data_01_mir/recover-20220825/UBNA_002/20220823_033000.WAV,Telephone Field,recover-20220825,002,1795
859.4105,859.4204,40937,46616,Pipistrellus nathusii,0.023,0.034,-1,Echolocation,/mnt/ubna_data_01_mir/recover-20220825/UBNA_002/20220823_033000.WAV,Telephone Field,recover-20220825,002,1795
859.4165,859.4333,22890,26804,Nyctalus leisleri,0.014,0.027,-1,Echolocation,/mnt/ubna_data_01_mir/recover-20220825/UBNA_002/20220823_033000.WAV,Telephone Field,recover-20220825,002,1795
859.4485,859.4555,40078,51687,Pipistrellus nathusii,0.349,0.537,-1,Echolocation,/mnt/ubna_data_01_mir/recover-20220825/UBNA_002/20220823_033000.WAV,Telephone Field,recover-20220825,002,1795
859.4565,859.4653,53828,61067,Pipistrellus pygmaeus,0.018,0.024,-1,Echolocation,/mnt/ubna_data_01_mir/recover-20220825/UBNA_002/20220823_033000.WAV,Telephone Field,recover-20220825,002,1795
859.4735000000001,859.4848,26328,32785,Eptesicus serotinus,0.012,0.027,-1,Echolocation,/mnt/ubna_data_01_mir/recover-20220825/UBNA_002/20220823_033000.WAV,Telephone Field,recover-20220825,002,1795
859.5045,859.5418,68437,81549,Rhinolophus ferrumequinum,0.023,0.023,-1,Echolocation,/mnt/ubna_data_01_mir/recover-20220825/UBNA_002/20220823_033000.WAV,Telephone Field,recover-20220825,002,1795
859.5345,859.5408,40078,50706,Pipistrellus nathusii,0.276,0.459,-1,Echolocation,/mnt/ubna_data_01_mir/recover-20220825/UBNA_002/20220823_033000.WAV,Telephone Field,recover-20220825,002,1795
859.5355,859.5413,27187,52545,Myotis daubentonii,0.017,0.039,-1,Echolocation,/mnt/ubna_data_01_mir/recover-20220825/UBNA_002/20220823_033000.WAV,Telephone Field,recover-20220825,002,1795
859.5905,859.5989,27187,38223,Eptesicus serotinus,0.008,0.023,-1,Echolocation,/mnt/ubna_data_01_mir/recover-20220825/UBNA_002/20220823_033000.WAV,Telephone Field,recover-20220825,002,1795
859.5955,859.6038,41796,47494,Pipistrellus nathusii,0.015,0.029,-1,Echolocation,/mnt/ubna_data_01_mir/recover-20220825/UBNA_002/20220823_033000.WAV,Telephone Field,recover-20220825,002,1795
859.6225,859.6289,39218,52313,Pipistrellus nathusii,0.249,0.453,-1,Echolocation,/mnt/ubna_data_01_mir/recover-20220825/UBNA_002/20220823_033000.WAV,Telephone Field,recover-20220825,002,1795
859.6715,859.683,23750,29609,Nyctalus leisleri,0.01,0.025,-1,Echolocation,/mnt/ubna_data_01_mir/recover-20220825/UBNA_002/20220823_033000.WAV,Telephone Field,recover-20220825,002,1795
859.6955,859.7058,37500,43327,Pipistrellus nathusii,0.028,0.042,-1,Echolocation,/mnt/ubna_data_01_mir/recover-20220825/UBNA_002/20220823_033000.WAV,Telephone Field,recover-20220825,002,1795
859.7125,859.7207,40078,46332,Pipistrellus nathusii,0.21,0.27,-1,Echolocation,/mnt/ubna_data_01_mir/recover-20220825/UBNA_002/20220823_033000.WAV,Telephone Field,recover-20220825,002,1795
859.7395,859.749,27187,35863,Eptesicus serotinus,0.009,0.023,-1,Echolocation,/mnt/ubna_data_01_mir/recover-20220825/UBNA_002/20220823_033000.WAV,Telephone Field,recover-20220825,002,1795
859.7735,859.7841,27187,34178,Eptesicus serotinus,0.011,0.024,-1,Echolocation,/mnt/ubna_data_01_mir/recover-20220825/UBNA_002/20220823_033000.WAV,Telephone Field,recover-20220825,002,1795
859.7915,859.8103,20312,23620,Nyctalus leisleri,0.012,0.025,-1,Echolocation,/mnt/ubna_data_01_mir/recover-20220825/UBNA_002/20220823_033000.WAV,Telephone Field,recover-20220825,002,1795
859.7975,859.8035,40937,49238,Pipistrellus nathusii,0.227,0.387,-1,Echolocation,/mnt/ubna_data_01_mir/recover-20220825/UBNA_002/20220823_033000.WAV,Telephone Field,recover-20220825,002,1795
859.8315,859.8389999999999,27187,37117,Eptesicus serotinus,0.009,0.027,-1,Echolocation,/mnt/ubna_data_01_mir/recover-20220825/UBNA_002/20220823_033000.WAV,Telephone Field,recover-20220825,002,1795
859.8445,859.8826,68437,82288,Rhinolophus ferrumequinum,0.023,0.023,-1,Echolocation,/mnt/ubna_data_01_mir/recover-20220825/UBNA_002/20220823_033000.WAV,Telephone Field,recover-20220825,002,1795
859.8795,859.89,43515,50265,Pipistrellus nathusii,0.019,0.038,-1,Echolocation,/mnt/ubna_data_01_mir/recover-20220825/UBNA_002/20220823_033000.WAV,Telephone Field,recover-20220825,002,1795
859.9185,859.9293,23750,30261,Nyctalus leisleri,0.008,0.023,-1,Echolocation,/mnt/ubna_data_01_mir/recover-20220825/UBNA_002/20220823_033000.WAV,Telephone Field,recover-20220825,002,1795
859.9245,859.9634,68437,82474,Rhinolophus ferrumequinum,0.032,0.032,-1,Echolocation,/mnt/ubna_data_01_mir/recover-20220825/UBNA_002/20220823_033000.WAV,Telephone Field,recover-20220825,002,1795
859.9465,859.957,27187,35799,Eptesicus serotinus,0.013,0.028,-1,Echolocation,/mnt/ubna_data_01_mir/recover-20220825/UBNA_002/20220823_033000.WAV,Telephone Field,recover-20220825,002,1795
859.9545,859.9646,28046,35359,Eptesicus serotinus,0.011,0.026,-1,Echolocation,/mnt/ubna_data_01_mir/recover-20220825/UBNA_002/20220823_033000.WAV,Telephone Field,recover-20220825,002,1795
859.9785,859.9843,38359,51183,Myotis daubentonii,0.013,0.033,-1,Echolocation,/mnt/ubna_data_01_mir/recover-20220825/UBNA_002/20220823_033000.WAV,Telephone Field,recover-20220825,002,1795
860.0015,860.0096,24609,35259,Eptesicus serotinus,0.005,0.025,-1,Echolocation,/mnt/ubna_data_01_mir/recover-20220825/UBNA_002/20220823_033000.WAV,Telephone Field,recover-20220825,002,1795
860.0015,860.0101,49531,56047,Pipistrellus pipistrellus,0.018,0.028,-1,Echolocation,/mnt/ubna_data_01_mir/recover-20220825/UBNA_002/20220823_033000.WAV,Telephone Field,recover-20220825,002,1795
860.0015,860.0334,68437,79411,Rhinolophus ferrumequinum,0.039,0.04,-1,Echolocation,/mnt/ubna_data_01_mir/recover-20220825/UBNA_002/20220823_033000.WAV,Telephone Field,recover-20220825,002,1795
860.0135,860.0607,68437,84184,Rhinolophus ferrumequinum,0.029,0.029,-1,Echolocation,/mnt/ubna_data_01_mir/recover-20220825/UBNA_002/20220823_033000.WAV,Telephone Field,recover-20220825,002,1795
860.0275,860.0672,68437,82740,Rhinolophus ferrumequinum,0.027,0.027,-1,Echolocation,/mnt/ubna_data_01_mir/recover-20220825/UBNA_002/20220823_033000.WAV,Telephone Field,recover-20220825,002,1795
860.0285,860.0418,51250,54584,Pipistrellus pygmaeus,0.028,0.038,-1,Echolocation,/mnt/ubna_data_01_mir/recover-20220825/UBNA_002/20220823_033000.WAV,Telephone Field,recover-20220825,002,1795
860.0755,860.084,27187,36989,Eptesicus serotinus,0.01,0.03,-1,Echolocation,/mnt/ubna_data_01_mir/recover-20220825/UBNA_002/20220823_033000.WAV,Telephone Field,recover-20220825,002,1795
860.1065,860.1459,68437,82524,Rhinolophus ferrumequinum,0.031,0.031,-1,Echolocation,/mnt/ubna_data_01_mir/recover-20220825/UBNA_002/20220823_033000.WAV,Telephone Field,recover-20220825,002,1795
860.1375,860.1755,68437,82174,Rhinolophus ferrumequinum,0.028,0.028,-1,Echolocation,/mnt/ubna_data_01_mir/recover-20220825/UBNA_002/20220823_033000.WAV,Telephone Field,recover-20220825,002,1795
860.1435,860.1795,68437,81712,Rhinolophus ferrumequinum,0.024,0.024,-1,Echolocation,/mnt/ubna_data_01_mir/recover-20220825/UBNA_002/20220823_033000.WAV,Telephone Field,recover-20220825,002,1795
860.1514999999999,860.1888,68437,81832,Rhinolophus ferrumequinum,0.024,0.024,-1,Echolocation,/mnt/ubna_data_01_mir/recover-20220825/UBNA_002/20220823_033000.WAV,Telephone Field,recover-20220825,002,1795
860.1535,860.1639,22890,28502,Nyctalus leisleri,0.01,0.024,-1,Echolocation,/mnt/ubna_data_01_mir/recover-20220825/UBNA_002/20220823_033000.WAV,Telephone Field,recover-20220825,002,1795
860.1645,860.1729,28046,36714,Eptesicus serotinus,0.008,0.023,-1,Echolocation,/mnt/ubna_data_01_mir/recover-20220825/UBNA_002/20220823_033000.WAV,Telephone Field,recover-20220825,002,1795
860.2145,860.2214,26328,36975,Eptesicus serotinus,0.006,0.023,-1,Echolocation,/mnt/ubna_data_01_mir/recover-20220825/UBNA_002/20220823_033000.WAV,Telephone Field,recover-20220825,002,1795
860.2185,860.2278,39218,45012,Pipistrellus nathusii,0.018,0.037,-1,Echolocation,/mnt/ubna_data_01_mir/recover-20220825/UBNA_002/20220823_033000.WAV,Telephone Field,recover-20220825,002,1795
860.2205,860.2266,29765,45299,Myotis daubentonii,0.013,0.025,-1,Echolocation,/mnt/ubna_data_01_mir/recover-20220825/UBNA_002/20220823_033000.WAV,Telephone Field,recover-20220825,002,1795
860.2805,860.3128,68437,80766,Rhinolophus ferrumequinum,0.023,0.023,-1,Echolocation,/mnt/ubna_data_01_mir/recover-20220825/UBNA_002/20220823_033000.WAV,Telephone Field,recover-20220825,002,1795
860.3365,860.3752,68437,82219,Rhinolophus ferrumequinum,0.024,0.024,-1,Echolocation,/mnt/ubna_data_01_mir/recover-20220825/UBNA_002/20220823_033000.WAV,Telephone Field,recover-20220825,002,1795
860.3645,860.3752,24609,32416,Eptesicus serotinus,0.013,0.037,-1,Echolocation,/mnt/ubna_data_01_mir/recover-20220825/UBNA_002/20220823_033000.WAV,Telephone Field,recover-20220825,002,1795
860.3835,860.39,37500,55464,Myotis daubentonii,0.009,0.024,-1,Echolocation,/mnt/ubna_data_01_mir/recover-20220825/UBNA_002/20220823_033000.WAV,Telephone Field,recover-20220825,002,1795
860.4035,860.4112,27187,36930,Eptesicus serotinus,0.009,0.028,-1,Echolocation,/mnt/ubna_data_01_mir/recover-20220825/UBNA_002/20220823_033000.WAV,Telephone Field,recover-20220825,002,1795
860.4205,860.4295,27187,36786,Eptesicus serotinus,0.01,0.027,-1,Echolocation,/mnt/ubna_data_01_mir/recover-20220825/UBNA_002/20220823_033000.WAV,Telephone Field,recover-20220825,002,1795
860.4295,860.4448,22031,25913,Nyctalus leisleri,0.012,0.023,-1,Echolocation,/mnt/ubna_data_01_mir/recover-20220825/UBNA_002/20220823_033000.WAV,Telephone Field,recover-20220825,002,1795
860.4635,860.4711,26328,36887,Eptesicus serotinus,0.007,0.024,-1,Echolocation,/mnt/ubna_data_01_mir/recover-20220825/UBNA_002/20220823_033000.WAV,Telephone Field,recover-20220825,002,1795
860.4785,860.5117,68437,81566,Rhinolophus ferrumequinum,0.037,0.038,-1,Echolocation,/mnt/ubna_data_01_mir/recover-20220825/UBNA_002/20220823_033000.WAV,Telephone Field,recover-20220825,002,1795
860.4965,860.5038,34921,51880,Myotis daubentonii,0.01,0.023,-1,Echolocation,/mnt/ubna_data_01_mir/recover-20220825/UBNA_002/20220823_033000.WAV,Telephone Field,recover-20220825,002,1795
860.5155,860.5225,27187,36858,Eptesicus serotinus,0.007,0.026,-1,Echolocation,/mnt/ubna_data_01_mir/recover-20220825/UBNA_002/20220823_033000.WAV,Telephone Field,recover-20220825,002,1795
860.5495,860.5884,68437,81923,Rhinolophus ferrumequinum,0.024,0.024,-1,Echolocation,/mnt/ubna_data_01_mir/recover-20220825/UBNA_002/20220823_033000.WAV,Telephone Field,recover-20220825,002,1795
860.5735,860.5801,27187,38448,Eptesicus serotinus,0.006,0.024,-1,Echolocation,/mnt/ubna_data_01_mir/recover-20220825/UBNA_002/20220823_033000.WAV,Telephone Field,recover-20220825,002,1795
860.5885,860.5967,39218,45861,Pipistrellus nathusii,0.128,0.327,-1,Echolocation,/mnt/ubna_data_01_mir/recover-20220825/UBNA_002/20220823_033000.WAV,Telephone Field,recover-20220825,002,1795
860.6085,860.6458,68437,81713,Rhinolophus ferrumequinum,0.023,0.023,-1,Echolocation,/mnt/ubna_data_01_mir/recover-20220825/UBNA_002/20220823_033000.WAV,Telephone Field,recover-20220825,002,1795
860.6935,860.703,28906,37161,Eptesicus serotinus,0.01,0.026,-1,Echolocation,/mnt/ubna_data_01_mir/recover-20220825/UBNA_002/20220823_033000.WAV,Telephone Field,recover-20220825,002,1795
860.7295,860.77,68437,82463,Rhinolophus ferrumequinum,0.025,0.025,-1,Echolocation,/mnt/ubna_data_01_mir/recover-20220825/UBNA_002/20220823_033000.WAV,Telephone Field,recover-20220825,002,1795
860.7695,860.7754,38359,48658,Pipistrellus nathusii,0.2,0.363,-1,Echolocation,/mnt/ubna_data_01_mir/recover-20220825/UBNA_002/20220823_033000.WAV,Telephone Field,recover-20220825,002,1795
860.8265,860.8324,28046,43655,Myotis daubentonii,0.02,0.038,-1,Echolocation,/mnt/ubna_data_01_mir/recover-20220825/UBNA_002/20220823_033000.WAV,Telephone Field,recover-20220825,002,1795
860.8685,860.874,39218,51461,Myotis daubentonii,0.153,0.441,-1,Echolocation,/mnt/ubna_data_01_mir/recover-20220825/UBNA_002/20220823_033000.WAV,Telephone Field,recover-20220825,002,1795
860.8765,860.8944,19453,23485,Nyctalus noctula,0.013,0.03,-1,Echolocation,/mnt/ubna_data_01_mir/recover-20220825/UBNA_002/20220823_033000.WAV,Telephone Field,recover-20220825,002,1795
860.9095,860.917,27187,38598,Eptesicus serotinus,0.009,0.031,-1,Echolocation,/mnt/ubna_data_01_mir/recover-20220825/UBNA_002/20220823_033000.WAV,Telephone Field,recover-20220825,002,1795
860.9355,860.9755,68437,83085,Rhinolophus ferrumequinum,0.034,0.034,-1,Echolocation,/mnt/ubna_data_01_mir/recover-20220825/UBNA_002/20220823_033000.WAV,Telephone Field,recover-20220825,002,1795
860.9975,861.0069,27187,36312,Eptesicus serotinus,0.009,0.023,-1,Echolocation,/mnt/ubna_data_01_mir/recover-20220825/UBNA_002/20220823_033000.WAV,Telephone Field,recover-20220825,002,1795
861.0355,861.0502,22031,25265,Nyctalus leisleri,0.019,0.031,-1,Echolocation,/mnt/ubna_data_01_mir/recover-20220825/UBNA_002/20220823_033000.WAV,Telephone Field,recover-20220825,002,1795
861.0385,861.0763,68437,82419,Rhinolophus ferrumequinum,0.023,0.023,-1,Echolocation,/mnt/ubna_data_01_mir/recover-20220825/UBNA_002/20220823_033000.WAV,Telephone Field,recover-20220825,002,1795
861.0475,861.0525,37500,51933,Myotis daubentonii,0.042,0.08,-1,Echolocation,/mnt/ubna_data_01_mir/recover-20220825/UBNA_002/20220823_033000.WAV,Telephone Field,recover-20220825,002,1795
861.0475,861.0528,30625,65288,Myotis daubentonii,0.03,0.066,-1,Echolocation,/mnt/ubna_data_01_mir/recover-20220825/UBNA_002/20220823_033000.WAV,Telephone Field,recover-20220825,002,1795
861.0905,861.1001,23750,30492,Nyctalus leisleri,0.008,0.024,-1,Echolocation,/mnt/ubna_data_01_mir/recover-20220825/UBNA_002/20220823_033000.WAV,Telephone Field,recover-20220825,002,1795
861.1395,861.1459,28906,53708,Myotis daubentonii,0.01,0.024,-1,Echolocation,/mnt/ubna_data_01_mir/recover-20220825/UBNA_002/20220823_033000.WAV,Telephone Field,recover-20220825,002,1795
861.1415,861.1472,38359,47311,Myotis daubentonii,0.027,0.058,-1,Echolocation,/mnt/ubna_data_01_mir/recover-20220825/UBNA_002/20220823_033000.WAV,Telephone Field,recover-20220825,002,1795
861.1815,861.2206,68437,82187,Rhinolophus ferrumequinum,0.025,0.025,-1,Echolocation,/mnt/ubna_data_01_mir/recover-20220825/UBNA_002/20220823_033000.WAV,Telephone Field,recover-20220825,002,1795
861.2145,861.2218,38359,45084,Pipistrellus nathusii,0.201,0.326,-1,Echolocation,/mnt/ubna_data_01_mir/recover-20220825/UBNA_002/20220823_033000.WAV,Telephone Field,recover-20220825,002,1795
861.2365,861.2768,68437,83191,Rhinolophus ferrumequinum,0.025,0.025,-1,Echolocation,/mnt/ubna_data_01_mir/recover-20220825/UBNA_002/20220823_033000.WAV,Telephone Field,recover-20220825,002,1795
861.2695,861.3118,68437,83687,Rhinolophus ferrumequinum,0.052,0.052,-1,Echolocation,/mnt/ubna_data_01_mir/recover-20220825/UBNA_002/20220823_033000.WAV,Telephone Field,recover-20220825,002,1795
861.2745,861.2831,28046,36977,Eptesicus serotinus,0.008,0.025,-1,Echolocation,/mnt/ubna_data_01_mir/recover-20220825/UBNA_002/20220823_033000.WAV,Telephone Field,recover-20220825,002,1795
861.3035,861.3419,68437,82214,Rhinolophus ferrumequinum,0.029,0.029,-1,Echolocation,/mnt/ubna_data_01_mir/recover-20220825/UBNA_002/20220823_033000.WAV,Telephone Field,recover-20220825,002,1795
861.3035,861.3104,28906,48015,Myotis daubentonii,0.017,0.031,-1,Echolocation,/mnt/ubna_data_01_mir/recover-20220825/UBNA_002/20220823_033000.WAV,Telephone Field,recover-20220825,002,1795
861.3065,861.3133,39218,48983,Myotis daubentonii,0.017,0.033,-1,Echolocation,/mnt/ubna_data_01_mir/recover-20220825/UBNA_002/20220823_033000.WAV,Telephone Field,recover-20220825,002,1795
861.3415,861.3781,68437,81954,Rhinolophus ferrumequinum,0.032,0.032,-1,Echolocation,/mnt/ubna_data_01_mir/recover-20220825/UBNA_002/20220823_033000.WAV,Telephone Field,recover-20220825,002,1795
861.3475,861.3864,68437,82079,Rhinolophus ferrumequinum,0.025,0.025,-1,Echolocation,/mnt/ubna_data_01_mir/recover-20220825/UBNA_002/20220823_033000.WAV,Telephone Field,recover-20220825,002,1795
861.3745,861.3855,39218,44172,Pipistrellus nathusii,0.046,0.065,-1,Echolocation,/mnt/ubna_data_01_mir/recover-20220825/UBNA_002/20220823_033000.WAV,Telephone Field,recover-20220825,002,1795
861.3775,861.3842,26328,39425,Eptesicus serotinus,0.009,0.036,-1,Echolocation,/mnt/ubna_data_01_mir/recover-20220825/UBNA_002/20220823_033000.WAV,Telephone Field,recover-20220825,002,1795
861.4045,861.4138,28046,36607,Eptesicus serotinus,0.009,0.023,-1,Echolocation,/mnt/ubna_data_01_mir/recover-20220825/UBNA_002/20220823_033000.WAV,Telephone Field,recover-20220825,002,1795
861.4315,861.4737,68437,82993,Rhinolophus ferrumequinum,0.03,0.03,-1,Echolocation,/mnt/ubna_data_01_mir/recover-20220825/UBNA_002/20220823_033000.WAV,Telephone Field,recover-20220825,002,1795
861.4675,861.4729,34062,46049,Myotis daubentonii,0.017,0.03,-1,Echolocation,/mnt/ubna_data_01_mir/recover-20220825/UBNA_002/20220823_033000.WAV,Telephone Field,recover-20220825,002,1795
861.5275,861.5344,25468,35911,Eptesicus serotinus,0.005,0.023,-1,Echolocation,/mnt/ubna_data_01_mir/recover-20220825/UBNA_002/20220823_033000.WAV,Telephone Field,recover-20220825,002,1795
861.5535,861.5628,23750,31130,Eptesicus serotinus,0.01,0.039,-1,Echolocation,/mnt/ubna_data_01_mir/recover-20220825/UBNA_002/20220823_033000.WAV,Telephone Field,recover-20220825,002,1795
861.6315,861.6685,68437,80924,Rhinolophus ferrumequinum,0.026,0.026,-1,Echolocation,/mnt/ubna_data_01_mir/recover-20220825/UBNA_002/20220823_033000.WAV,Telephone Field,recover-20220825,002,1795
861.6475,861.6574,28046,36234,Eptesicus serotinus,0.014,0.031,-1,Echolocation,/mnt/ubna_data_01_mir/recover-20220825/UBNA_002/20220823_033000.WAV,Telephone Field,recover-20220825,002,1795
861.6625,861.6696,41796,47853,Pipistrellus nathusii,0.036,0.077,-1,Echolocation,/mnt/ubna_data_01_mir/recover-20220825/UBNA_002/20220823_033000.WAV,Telephone Field,recover-20220825,002,1795
861.6815,861.692,25468,33539,Eptesicus serotinus,0.011,0.025,-1,Echolocation,/mnt/ubna_data_01_mir/recover-20220825/UBNA_002/20220823_033000.WAV,Telephone Field,recover-20220825,002,1795
861.7255,861.7311,37500,50231,Myotis daubentonii,0.016,0.031,-1,Echolocation,/mnt/ubna_data_01_mir/recover-20220825/UBNA_002/20220823_033000.WAV,Telephone Field,recover-20220825,002,1795
861.7445,861.7519,37500,46269,Myotis daubentonii,0.019,0.059,-1,Echolocation,/mnt/ubna_data_01_mir/recover-20220825/UBNA_002/20220823_033000.WAV,Telephone Field,recover-20220825,002,1795
861.7705,861.8114,68437,82127,Rhinolophus ferrumequinum,0.023,0.023,-1,Echolocation,/mnt/ubna_data_01_mir/recover-20220825/UBNA_002/20220823_033000.WAV,Telephone Field,recover-20220825,002,1795
861.7764999999999,861.7956,21171,25046,Nyctalus leisleri,0.019,0.036,-1,Echolocation,/mnt/ubna_data_01_mir/recover-20220825/UBNA_002/20220823_033000.WAV,Telephone Field,recover-20220825,002,1795
861.7775,861.8173,68437,82242,Rhinolophus ferrumequinum,0.025,0.025,-1,Echolocation,/mnt/ubna_data_01_mir/recover-20220825/UBNA_002/20220823_033000.WAV,Telephone Field,recover-20220825,002,1795
861.7945,861.8004,31484,52772,Myotis daubentonii,0.023,0.039,-1,Echolocation,/mnt/ubna_data_01_mir/recover-20220825/UBNA_002/20220823_033000.WAV,Telephone Field,recover-20220825,002,1795
861.8015,861.8392,68437,82385,Rhinolophus ferrumequinum,0.023,0.023,-1,Echolocation,/mnt/ubna_data_01_mir/recover-20220825/UBNA_002/20220823_033000.WAV,Telephone Field,recover-20220825,002,1795
861.8165,861.8565,68437,81799,Rhinolophus ferrumequinum,0.023,0.023,-1,Echolocation,/mnt/ubna_data_01_mir/recover-20220825/UBNA_002/20220823_033000.WAV,Telephone Field,recover-20220825,002,1795
861.8895,861.9263,68437,81899,Rhinolophus ferrumequinum,0.024,0.024,-1,Echolocation,/mnt/ubna_data_01_mir/recover-20220825/UBNA_002/20220823_033000.WAV,Telephone Field,recover-20220825,002,1795
861.9165,861.9264000000001,26328,34737,Eptesicus serotinus,0.01,0.023,-1,Echolocation,/mnt/ubna_data_01_mir/recover-20220825/UBNA_002/20220823_033000.WAV,Telephone Field,recover-20220825,002,1795
861.9345,861.9758,68437,83042,Rhinolophus ferrumequinum,0.028,0.028,-1,Echolocation,/mnt/ubna_data_01_mir/recover-20220825/UBNA_002/20220823_033000.WAV,Telephone Field,recover-20220825,002,1795
861.9585,861.9966,68437,82630,Rhinolophus ferrumequinum,0.024,0.024,-1,Echolocation,/mnt/ubna_data_01_mir/recover-20220825/UBNA_002/20220823_033000.WAV,Telephone Field,recover-20220825,002,1795
862.0015,862.028,69296,82624,Rhinolophus ferrumequinum,0.024,0.024,-1,Echolocation,/mnt/ubna_data_01_mir/recover-20220825/UBNA_002/20220823_033000.WAV,Telephone Field,recover-20220825,002,1795
862.0015,862.0092,40078,49863,Pipistrellus nathusii,0.011,0.032,-1,Echolocation,/mnt/ubna_data_01_mir/recover-20220825/UBNA_002/20220823_033000.WAV,Telephone Field,recover-20220825,002,1795
862.0015,862.0102,21171,28995,Nyctalus leisleri,0.009,0.028,-1,Echolocation,/mnt/ubna_data_01_mir/recover-20220825/UBNA_002/20220823_033000.WAV,Telephone Field,recover-20220825,002,1795
862.0185,862.0299,23750,27927,Nyctalus leisleri,0.016,0.031,-1,Echolocation,/mnt/ubna_data_01_mir/recover-20220825/UBNA_002/20220823_033000.WAV,Telephone Field,recover-20220825,002,1795
862.0365,862.0463,27187,34240,Eptesicus serotinus,0.01,0.026,-1,Echolocation,/mnt/ubna_data_01_mir/recover-20220825/UBNA_002/20220823_033000.WAV,Telephone Field,recover-20220825,002,1795
862.0725,862.0791,41796,54006,Pipistrellus nathusii,0.427,0.547,-1,Echolocation,/mnt/ubna_data_01_mir/recover-20220825/UBNA_002/20220823_033000.WAV,Telephone Field,recover-20220825,002,1795
862.1065,862.1142,27187,38031,Eptesicus serotinus,0.007,0.023,-1,Echolocation,/mnt/ubna_data_01_mir/recover-20220825/UBNA_002/20220823_033000.WAV,Telephone Field,recover-20220825,002,1795
862.1215,862.1297,34062,41396,Pipistrellus nathusii,0.007,0.028,-1,Echolocation,/mnt/ubna_data_01_mir/recover-20220825/UBNA_002/20220823_033000.WAV,Telephone Field,recover-20220825,002,1795
862.1385,862.1477,27187,38041,Eptesicus serotinus,0.009,0.022,-1,Echolocation,/mnt/ubna_data_01_mir/recover-20220825/UBNA_002/20220823_033000.WAV,Telephone Field,recover-20220825,002,1795
862.1615,862.1679,40937,52041,Pipistrellus nathusii,0.223,0.274,-1,Echolocation,/mnt/ubna_data_01_mir/recover-20220825/UBNA_002/20220823_033000.WAV,Telephone Field,recover-20220825,002,1795
862.1785,862.1847,34921,46898,Myotis daubentonii,0.016,0.024,-1,Echolocation,/mnt/ubna_data_01_mir/recover-20220825/UBNA_002/20220823_033000.WAV,Telephone Field,recover-20220825,002,1795
862.1805,862.1873,30625,43446,Myotis daubentonii,0.014,0.024,-1,Echolocation,/mnt/ubna_data_01_mir/recover-20220825/UBNA_002/20220823_033000.WAV,Telephone Field,recover-20220825,002,1795
862.2165,862.226,28046,36180,Eptesicus serotinus,0.009,0.023,-1,Echolocation,/mnt/ubna_data_01_mir/recover-20220825/UBNA_002/20220823_033000.WAV,Telephone Field,recover-20220825,002,1795
862.2175,862.2281,34062,39492,Pipistrellus nathusii,0.011,0.025,-1,Echolocation,/mnt/ubna_data_01_mir/recover-20220825/UBNA_002/20220823_033000.WAV,Telephone Field,recover-20220825,002,1795
862.2535,862.2609,40937,52035,Pipistrellus nathusii,0.354,0.493,-1,Echolocation,/mnt/ubna_data_01_mir/recover-20220825/UBNA_002/20220823_033000.WAV,Telephone Field,recover-20220825,002,1795
862.3375,862.3452,40937,54129,Pipistrellus nathusii,0.442,0.591,-1,Echolocation,/mnt/ubna_data_01_mir/recover-20220825/UBNA_002/20220823_033000.WAV,Telephone Field,recover-20220825,002,1795
862.3445,862.3503,31484,40477,Myotis daubentonii,0.014,0.022,-1,Echolocation,/mnt/ubna_data_01_mir/recover-20220825/UBNA_002/20220823_033000.WAV,Telephone Field,recover-20220825,002,1795
862.3645,862.3722,58125,64386,Pipistrellus pygmaeus,0.024,0.024,-1,Echolocation,/mnt/ubna_data_01_mir/recover-20220825/UBNA_002/20220823_033000.WAV,Telephone Field,recover-20220825,002,1795
862.4125,862.4187,32343,46023,Myotis daubentonii,0.011,0.023,-1,Echolocation,/mnt/ubna_data_01_mir/recover-20220825/UBNA_002/20220823_033000.WAV,Telephone Field,recover-20220825,002,1795
862.4255,862.4336,40937,49237,Pipistrellus nathusii,0.38,0.469,-1,Echolocation,/mnt/ubna_data_01_mir/recover-20220825/UBNA_002/20220823_033000.WAV,Telephone Field,recover-20220825,002,1795
862.4635,862.4737,26328,34574,Eptesicus serotinus,0.01,0.024,-1,Echolocation,/mnt/ubna_data_01_mir/recover-20220825/UBNA_002/20220823_033000.WAV,Telephone Field,recover-20220825,002,1795
862.4755,862.4833,28046,38522,Eptesicus serotinus,0.008,0.025,-1,Echolocation,/mnt/ubna_data_01_mir/recover-20220825/UBNA_002/20220823_033000.WAV,Telephone Field,recover-20220825,002,1795
862.5145,862.5215,40937,57400,Pipistrellus nathusii,0.513,0.608,-1,Echolocation,/mnt/ubna_data_01_mir/recover-20220825/UBNA_002/20220823_033000.WAV,Telephone Field,recover-20220825,002,1795
862.5145,862.521,28046,52614,Myotis daubentonii,0.016,0.024,-1,Echolocation,/mnt/ubna_data_01_mir/recover-20220825/UBNA_002/20220823_033000.WAV,Telephone Field,recover-20220825,002,1795
862.5155,862.5217,48671,53464,Pipistrellus pipistrellus,0.02,0.037,-1,Echolocation,/mnt/ubna_data_01_mir/recover-20220825/UBNA_002/20220823_033000.WAV,Telephone Field,recover-20220825,002,1795
862.5205,862.5271,31484,41962,Myotis daubentonii,0.013,0.023,-1,Echolocation,/mnt/ubna_data_01_mir/recover-20220825/UBNA_002/20220823_033000.WAV,Telephone Field,recover-20220825,002,1795
862.5675,862.6047,68437,81408,Rhinolophus ferrumequinum,0.022,0.022,-1,Echolocation,/mnt/ubna_data_01_mir/recover-20220825/UBNA_002/20220823_033000.WAV,Telephone Field,recover-20220825,002,1795
862.5685,862.5754,30625,48153,Myotis daubentonii,0.01,0.022,-1,Echolocation,/mnt/ubna_data_01_mir/recover-20220825/UBNA_002/20220823_033000.WAV,Telephone Field,recover-20220825,002,1795
862.5785,862.586,30625,41769,Myotis daubentonii,0.011,0.028,-1,Echolocation,/mnt/ubna_data_01_mir/recover-20220825/UBNA_002/20220823_033000.WAV,Telephone Field,recover-20220825,002,1795
862.6065,862.6132,39218,49395,Pipistrellus nathusii,0.007,0.026,-1,Echolocation,/mnt/ubna_data_01_mir/recover-20220825/UBNA_002/20220823_033000.WAV,Telephone Field,recover-20220825,002,1795
862.6255,862.6319,41796,52070,Pipistrellus nathusii,0.556,0.597,-1,Echolocation,/mnt/ubna_data_01_mir/recover-20220825/UBNA_002/20220823_033000.WAV,Telephone Field,recover-20220825,002,1795
862.6265,862.6326,30625,46025,Myotis daubentonii,0.015,0.024,-1,Echolocation,/mnt/ubna_data_01_mir/recover-20220825/UBNA_002/20220823_033000.WAV,Telephone Field,recover-20220825,002,1795
862.6265,862.6324,48671,53558,Pipistrellus pipistrellus,0.014,0.025,-1,Echolocation,/mnt/ubna_data_01_mir/recover-20220825/UBNA_002/20220823_033000.WAV,Telephone Field,recover-20220825,002,1795
862.6295,862.6367,53828,61313,Pipistrellus pygmaeus,0.031,0.032,-1,Echolocation,/mnt/ubna_data_01_mir/recover-20220825/UBNA_002/20220823_033000.WAV,Telephone Field,recover-20220825,002,1795
862.6335,862.6424,26328,33611,Eptesicus serotinus,0.01,0.032,-1,Echolocation,/mnt/ubna_data_01_mir/recover-20220825/UBNA_002/20220823_033000.WAV,Telephone Field,recover-20220825,002,1795
862.6525,862.66,40937,51947,Pipistrellus nathusii,0.01,0.023,-1,Echolocation,/mnt/ubna_data_01_mir/recover-20220825/UBNA_002/20220823_033000.WAV,Telephone Field,recover-20220825,002,1795
862.6585,862.6677,28046,36620,Eptesicus serotinus,0.009,0.024,-1,Echolocation,/mnt/ubna_data_01_mir/recover-20220825/UBNA_002/20220823_033000.WAV,Telephone Field,recover-20220825,002,1795
862.6635,862.6723,58125,64238,Pipistrellus pygmaeus,0.024,0.024,-1,Echolocation,/mnt/ubna_data_01_mir/recover-20220825/UBNA_002/20220823_033000.WAV,Telephone Field,recover-20220825,002,1795
862.6895,862.7078,21171,25450,Nyctalus noctula,0.02,0.045,-1,Echolocation,/mnt/ubna_data_01_mir/recover-20220825/UBNA_002/20220823_033000.WAV,Telephone Field,recover-20220825,002,1795
862.7205,862.728,40937,55536,Pipistrellus nathusii,0.487,0.64,-1,Echolocation,/mnt/ubna_data_01_mir/recover-20220825/UBNA_002/20220823_033000.WAV,Telephone Field,recover-20220825,002,1795
862.7215,862.7282,28906,47923,Myotis daubentonii,0.014,0.026,-1,Echolocation,/mnt/ubna_data_01_mir/recover-20220825/UBNA_002/20220823_033000.WAV,Telephone Field,recover-20220825,002,1795
862.7295,862.7357,31484,38935,Myotis daubentonii,0.013,0.024,-1,Echolocation,/mnt/ubna_data_01_mir/recover-20220825/UBNA_002/20220823_033000.WAV,Telephone Field,recover-20220825,002,1795
862.7365,862.7467,28046,34959,Eptesicus serotinus,0.01,0.024,-1,Echolocation,/mnt/ubna_data_01_mir/recover-20220825/UBNA_002/20220823_033000.WAV,Telephone Field,recover-20220825,002,1795
862.8065,862.8272,19453,22754,Nyctalus leisleri,0.017,0.034,-1,Echolocation,/mnt/ubna_data_01_mir/recover-20220825/UBNA_002/20220823_033000.WAV,Telephone Field,recover-20220825,002,1795
862.8135,862.8207,39218,52483,Pipistrellus nathusii,0.358,0.522,-1,Echolocation,/mnt/ubna_data_01_mir/recover-20220825/UBNA_002/20220823_033000.WAV,Telephone Field,recover-20220825,002,1795
862.8155,862.8218,49531,51972,Pipistrellus pipistrellus,0.025,0.045,-1,Echolocation,/mnt/ubna_data_01_mir/recover-20220825/UBNA_002/20220823_033000.WAV,Telephone Field,recover-20220825,002,1795
862.8245,862.8325,27187,34299,Eptesicus serotinus,0.008,0.025,-1,Echolocation,/mnt/ubna_data_01_mir/recover-20220825/UBNA_002/20220823_033000.WAV,Telephone Field,recover-20220825,002,1795
862.8695,862.8768,42656,50522,Pipistrellus nathusii,0.14,0.18,-1,Echolocation,/mnt/ubna_data_01_mir/recover-20220825/UBNA_002/20220823_033000.WAV,Telephone Field,recover-20220825,002,1795
862.8805,862.8887,53828,58751,Pipistrellus pygmaeus,0.028,0.028,-1,Echolocation,/mnt/ubna_data_01_mir/recover-20220825/UBNA_002/20220823_033000.WAV,Telephone Field,recover-20220825,002,1795
862.9185,862.9274,27187,34820,Eptesicus serotinus,0.007,0.022,-1,Echolocation,/mnt/ubna_data_01_mir/recover-20220825/UBNA_002/20220823_033000.WAV,Telephone Field,recover-20220825,002,1795
862.9275,862.9338,41796,53520,Pipistrellus nathusii,0.289,0.446,-1,Echolocation,/mnt/ubna_data_01_mir/recover-20220825/UBNA_002/20220823_033000.WAV,Telephone Field,recover-20220825,002,1795
862.9575,862.9706,21171,25443,Nyctalus leisleri,0.011,0.024,-1,Echolocation,/mnt/ubna_data_01_mir/recover-20220825/UBNA_002/20220823_033000.WAV,Telephone Field,recover-20220825,002,1795
862.9585,862.9945,68437,81883,Rhinolophus ferrumequinum,0.022,0.022,-1,Echolocation,/mnt/ubna_data_01_mir/recover-20220825/UBNA_002/20220823_033000.WAV,Telephone Field,recover-20220825,002,1795
862.9865,862.9923,40937,57296,Pipistrellus nathusii,0.333,0.459,-1,Echolocation,/mnt/ubna_data_01_mir/recover-20220825/UBNA_002/20220823_033000.WAV,Telephone Field,recover-20220825,002,1795
862.9875,862.9937,49531,53094,Pipistrellus pipistrellus,0.02,0.035,-1,Echolocation,/mnt/ubna_data_01_mir/recover-20220825/UBNA_002/20220823_033000.WAV,Telephone Field,recover-20220825,002,1795
863.0025,863.0116,26328,34178,Eptesicus serotinus,0.009,0.023,-1,Echolocation,/mnt/ubna_data_01_mir/recover-20220825/UBNA_002/20220823_033000.WAV,Telephone Field,recover-20220825,002,1795
863.0385,863.0445,40937,56460,Pipistrellus nathusii,0.377,0.466,-1,Echolocation,/mnt/ubna_data_01_mir/recover-20220825/UBNA_002/20220823_033000.WAV,Telephone Field,recover-20220825,002,1795
863.0395,863.0452,49531,53296,Pipistrellus pipistrellus,0.012,0.023,-1,Echolocation,/mnt/ubna_data_01_mir/recover-20220825/UBNA_002/20220823_033000.WAV,Telephone Field,recover-20220825,002,1795
863.0425,863.0537,16015,20600,Nyctalus noctula,0.01,0.031,-1,Echolocation,/mnt/ubna_data_01_mir/recover-20220825/UBNA_002/20220823_033000.WAV,Telephone Field,recover-20220825,002,1795
863.0565,863.0644,38359,44685,Pipistrellus nathusii,0.012,0.024,-1,Echolocation,/mnt/ubna_data_01_mir/recover-20220825/UBNA_002/20220823_033000.WAV,Telephone Field,recover-20220825,002,1795
863.0595,863.0677,27187,38627,Eptesicus serotinus,0.009,0.024,-1,Echolocation,/mnt/ubna_data_01_mir/recover-20220825/UBNA_002/20220823_033000.WAV,Telephone Field,recover-20220825,002,1795
863.0735,863.09,22031,26077,Nyctalus leisleri,0.014,0.028,-1,Echolocation,/mnt/ubna_data_01_mir/recover-20220825/UBNA_002/20220823_033000.WAV,Telephone Field,recover-20220825,002,1795
863.1075,863.1437,68437,81981,Rhinolophus ferrumequinum,0.022,0.022,-1,Echolocation,/mnt/ubna_data_01_mir/recover-20220825/UBNA_002/20220823_033000.WAV,Telephone Field,recover-20220825,002,1795
863.1175,863.1269,55546,61550,Pipistrellus pygmaeus,0.024,0.025,-1,Echolocation,/mnt/ubna_data_01_mir/recover-20220825/UBNA_002/20220823_033000.WAV,Telephone Field,recover-20220825,002,1795
863.1185,863.1242,40078,54873,Pipistrellus nathusii,0.38,0.525,-1,Echolocation,/mnt/ubna_data_01_mir/recover-20220825/UBNA_002/20220823_033000.WAV,Telephone Field,recover-20220825,002,1795
863.1805,863.187,41796,51017,Pipistrellus nathusii,0.351,0.421,-1,Echolocation,/mnt/ubna_data_01_mir/recover-20220825/UBNA_002/20220823_033000.WAV,Telephone Field,recover-20220825,002,1795
863.2415,863.2489,40937,52544,Pipistrellus nathusii,0.372,0.506,-1,Echolocation,/mnt/ubna_data_01_mir/recover-20220825/UBNA_002/20220823_033000.WAV,Telephone Field,recover-20220825,002,1795
863.2425,863.2565,16015,21108,Nyctalus noctula,0.012,0.029,-1,Echolocation,/mnt/ubna_data_01_mir/recover-20220825/UBNA_002/20220823_033000.WAV,Telephone Field,recover-20220825,002,1795
863.2925,863.3018,28046,37200,Eptesicus serotinus,0.011,0.026,-1,Echolocation,/mnt/ubna_data_01_mir/recover-20220825/UBNA_002/20220823_033000.WAV,Telephone Field,recover-20220825,002,1795
863.3205,863.3277,40078,54010,Pipistrellus nathusii,0.369,0.539,-1,Echolocation,/mnt/ubna_data_01_mir/recover-20220825/UBNA_002/20220823_033000.WAV,Telephone Field,recover-20220825,002,1795
863.3285,863.3342,31484,40639,Myotis daubentonii,0.013,0.023,-1,Echolocation,/mnt/ubna_data_01_mir/recover-20220825/UBNA_002/20220823_033000.WAV,Telephone Field,recover-20220825,002,1795
863.3365,863.375,68437,82207,Rhinolophus ferrumequinum,0.024,0.024,-1,Echolocation,/mnt/ubna_data_01_mir/recover-20220825/UBNA_002/20220823_033000.WAV,Telephone Field,recover-20220825,002,1795
863.4035,863.4101,49531,53123,Pipistrellus pipistrellus,0.017,0.028,-1,Echolocation,/mnt/ubna_data_01_mir/recover-20220825/UBNA_002/20220823_033000.WAV,Telephone Field,recover-20220825,002,1795
863.4045,863.4113,39218,57588,Pipistrellus nathusii,0.487,0.587,-1,Echolocation,/mnt/ubna_data_01_mir/recover-20220825/UBNA_002/20220823_033000.WAV,Telephone Field,recover-20220825,002,1795
863.4155,863.4247,27187,33562,Eptesicus serotinus,0.007,0.022,-1,Echolocation,/mnt/ubna_data_01_mir/recover-20220825/UBNA_002/20220823_033000.WAV,Telephone Field,recover-20220825,002,1795
863.4525,863.4582,31484,48139,Myotis daubentonii,0.014,0.026,-1,Echolocation,/mnt/ubna_data_01_mir/recover-20220825/UBNA_002/20220823_033000.WAV,Telephone Field,recover-20220825,002,1795
863.4535,863.4599,27187,43953,Eptesicus serotinus,0.007,0.027,-1,Echolocation,/mnt/ubna_data_01_mir/recover-20220825/UBNA_002/20220823_033000.WAV,Telephone Field,recover-20220825,002,1795
863.4835,863.4897,30625,38005,Myotis daubentonii,0.009,0.025,-1,Echolocation,/mnt/ubna_data_01_mir/recover-20220825/UBNA_002/20220823_033000.WAV,Telephone Field,recover-20220825,002,1795
863.4955,863.5016,39218,59124,Pipistrellus nathusii,0.406,0.593,-1,Echolocation,/mnt/ubna_data_01_mir/recover-20220825/UBNA_002/20220823_033000.WAV,Telephone Field,recover-20220825,002,1795
863.5045,863.5106,30625,39299,Myotis daubentonii,0.011,0.023,-1,Echolocation,/mnt/ubna_data_01_mir/recover-20220825/UBNA_002/20220823_033000.WAV,Telephone Field,recover-20220825,002,1795
863.5695,863.5752,35781,59303,Myotis brandtii,0.009,0.022,-1,Echolocation,/mnt/ubna_data_01_mir/recover-20220825/UBNA_002/20220823_033000.WAV,Telephone Field,recover-20220825,002,1795
863.5705,863.578,28046,36729,Eptesicus serotinus,0.007,0.022,-1,Echolocation,/mnt/ubna_data_01_mir/recover-20220825/UBNA_002/20220823_033000.WAV,Telephone Field,recover-20220825,002,1795
863.5825,863.5893,40937,54231,Pipistrellus nathusii,0.382,0.485,-1,Echolocation,/mnt/ubna_data_01_mir/recover-20220825/UBNA_002/20220823_033000.WAV,Telephone Field,recover-20220825,002,1795
863.5945,863.6032,28046,34944,Eptesicus serotinus,0.006,0.022,-1,Echolocation,/mnt/ubna_data_01_mir/recover-20220825/UBNA_002/20220823_033000.WAV,Telephone Field,recover-20220825,002,1795
863.6455,863.6821,68437,81050,Rhinolophus ferrumequinum,0.024,0.024,-1,Echolocation,/mnt/ubna_data_01_mir/recover-20220825/UBNA_002/20220823_033000.WAV,Telephone Field,recover-20220825,002,1795
863.6505,863.6583,25468,36034,Eptesicus serotinus,0.007,0.024,-1,Echolocation,/mnt/ubna_data_01_mir/recover-20220825/UBNA_002/20220823_033000.WAV,Telephone Field,recover-20220825,002,1795
863.6615,863.6981,68437,82092,Rhinolophus ferrumequinum,0.022,0.022,-1,Echolocation,/mnt/ubna_data_01_mir/recover-20220825/UBNA_002/20220823_033000.WAV,Telephone Field,recover-20220825,002,1795
863.6705,863.6802,53828,58810,Pipistrellus pygmaeus,0.025,0.026,-1,Echolocation,/mnt/ubna_data_01_mir/recover-20220825/UBNA_002/20220823_033000.WAV,Telephone Field,recover-20220825,002,1795
863.6715,863.6788,49531,54025,Pipistrellus pipistrellus,0.012,0.023,-1,Echolocation,/mnt/ubna_data_01_mir/recover-20220825/UBNA_002/20220823_033000.WAV,Telephone Field,recover-20220825,002,1795
863.6775,863.6838,39218,54659,Pipistrellus nathusii,0.566,0.635,-1,Echolocation,/mnt/ubna_data_01_mir/recover-20220825/UBNA_002/20220823_033000.WAV,Telephone Field,recover-20220825,002,1795
863.6775,863.6837,50390,54515,Pipistrellus pipistrellus,0.012,0.022,-1,Echolocation,/mnt/ubna_data_01_mir/recover-20220825/UBNA_002/20220823_033000.WAV,Telephone Field,recover-20220825,002,1795
863.7505,863.7573,52968,58750,Pipistrellus pygmaeus,0.021,0.022,-1,Echolocation,/mnt/ubna_data_01_mir/recover-20220825/UBNA_002/20220823_033000.WAV,Telephone Field,recover-20220825,002,1795
863.7535,863.7594,35781,52856,Myotis brandtii,0.01,0.023,-1,Echolocation,/mnt/ubna_data_01_mir/recover-20220825/UBNA_002/20220823_033000.WAV,Telephone Field,recover-20220825,002,1795
863.7655,863.7745,52109,56322,Pipistrellus pygmaeus,0.027,0.033,-1,Echolocation,/mnt/ubna_data_01_mir/recover-20220825/UBNA_002/20220823_033000.WAV,Telephone Field,recover-20220825,002,1795
863.7685,863.7757,39218,57863,Pipistrellus nathusii,0.473,0.606,-1,Echolocation,/mnt/ubna_data_01_mir/recover-20220825/UBNA_002/20220823_033000.WAV,Telephone Field,recover-20220825,002,1795
863.8305,863.8401,40078,45097,Pipistrellus nathusii,0.016,0.026,-1,Echolocation,/mnt/ubna_data_01_mir/recover-20220825/UBNA_002/20220823_033000.WAV,Telephone Field,recover-20220825,002,1795
863.8665,863.8734,40078,57699,Pipistrellus nathusii,0.583,0.669,-1,Echolocation,/mnt/ubna_data_01_mir/recover-20220825/UBNA_002/20220823_033000.WAV,Telephone Field,recover-20220825,002,1795
863.8775,863.9132,68437,81243,Rhinolophus ferrumequinum,0.025,0.025,-1,Echolocation,/mnt/ubna_data_01_mir/recover-20220825/UBNA_002/20220823_033000.WAV,Telephone Field,recover-20220825,002,1795
863.8935,863.9078,23750,28215,Nyctalus leisleri,0.014,0.029,-1,Echolocation,/mnt/ubna_data_01_mir/recover-20220825/UBNA_002/20220823_033000.WAV,Telephone Field,recover-20220825,002,1795
863.9135,863.9228,28046,37687,Eptesicus serotinus,0.01,0.024,-1,Echolocation,/mnt/ubna_data_01_mir/recover-20220825/UBNA_002/20220823_033000.WAV,Telephone Field,recover-20220825,002,1795
863.9555,863.9641,54687,59641,Pipistrellus pygmaeus,0.031,0.033,-1,Echolocation,/mnt/ubna_data_01_mir/recover-20220825/UBNA_002/20220823_033000.WAV,Telephone Field,recover-20220825,002,1795
863.9585,863.9647,39218,58808,Pipistrellus nathusii,0.476,0.612,-1,Echolocation,/mnt/ubna_data_01_mir/recover-20220825/UBNA_002/20220823_033000.WAV,Telephone Field,recover-20220825,002,1795
864.0015,864.0110999999999,19453,24315,Nyctalus leisleri,0.009,0.023,-1,Echolocation,/mnt/ubna_data_01_mir/recover-20220825/UBNA_002/20220823_033000.WAV,Telephone Field,recover-20220825,002,1795
864.0015,864.0304,69296,81772,Rhinolophus ferrumequinum,0.032,0.032,-1,Echolocation,/mnt/ubna_data_01_mir/recover-20220825/UBNA_002/20220823_033000.WAV,Telephone Field,recover-20220825,002,1795
864.0015,864.0086,46093,54576,Pipistrellus pipistrellus,0.013,0.021,-1,Echolocation,/mnt/ubna_data_01_mir/recover-20220825/UBNA_002/20220823_033000.WAV,Telephone Field,recover-20220825,002,1795
864.0065,864.0422,68437,80897,Rhinolophus ferrumequinum,0.025,0.025,-1,Echolocation,/mnt/ubna_data_01_mir/recover-20220825/UBNA_002/20220823_033000.WAV,Telephone Field,recover-20220825,002,1795
864.0205,864.027,28046,42735,Eptesicus serotinus,0.005,0.022,-1,Echolocation,/mnt/ubna_data_01_mir/recover-20220825/UBNA_002/20220823_033000.WAV,Telephone Field,recover-20220825,002,1795
864.0405,864.0743,68437,81705,Rhinolophus ferrumequinum,0.021,0.021,-1,Echolocation,/mnt/ubna_data_01_mir/recover-20220825/UBNA_002/20220823_033000.WAV,Telephone Field,recover-20220825,002,1795
864.0595,864.0653,30625,54551,Myotis brandtii,0.009,0.027,-1,Echolocation,/mnt/ubna_data_01_mir/recover-20220825/UBNA_002/20220823_033000.WAV,Telephone Field,recover-20220825,002,1795
864.0615,864.0681,46093,57018,Pipistrellus pipistrellus,0.01,0.029,-1,Echolocation,/mnt/ubna_data_01_mir/recover-20220825/UBNA_002/20220823_033000.WAV,Telephone Field,recover-20220825,002,1795
864.0625,864.0717,39218,58074,Pipistrellus nathusii,0.492,0.57,-1,Echolocation,/mnt/ubna_data_01_mir/recover-20220825/UBNA_002/20220823_033000.WAV,Telephone Field,recover-20220825,002,1795
864.0715,864.077,31484,40091,Myotis daubentonii,0.01,0.022,-1,Echolocation,/mnt/ubna_data_01_mir/recover-20220825/UBNA_002/20220823_033000.WAV,Telephone Field,recover-20220825,002,1795
864.1555,864.1612,29765,54627,Myotis brandtii,0.006,0.022,-1,Echolocation,/mnt/ubna_data_01_mir/recover-20220825/UBNA_002/20220823_033000.WAV,Telephone Field,recover-20220825,002,1795
864.1575,864.165,39218,58554,Pipistrellus nathusii,0.626,0.672,-1,Echolocation,/mnt/ubna_data_01_mir/recover-20220825/UBNA_002/20220823_033000.WAV,Telephone Field,recover-20220825,002,1795
864.1575,864.1643,49531,58801,Pipistrellus pipistrellus,0.016,0.028,-1,Echolocation,/mnt/ubna_data_01_mir/recover-20220825/UBNA_002/20220823_033000.WAV,Telephone Field,recover-20220825,002,1795
864.2115,864.2183,28046,37315,Eptesicus serotinus,0.007,0.026,-1,Echolocation,/mnt/ubna_data_01_mir/recover-20220825/UBNA_002/20220823_033000.WAV,Telephone Field,recover-20220825,002,1795
864.2125,864.2439,68437,81217,Rhinolophus ferrumequinum,0.021,0.021,-1,Echolocation,/mnt/ubna_data_01_mir/recover-20220825/UBNA_002/20220823_033000.WAV,Telephone Field,recover-20220825,002,1795
864.2215,864.2559,68437,81103,Rhinolophus ferrumequinum,0.022,0.022,-1,Echolocation,/mnt/ubna_data_01_mir/recover-20220825/UBNA_002/20220823_033000.WAV,Telephone Field,recover-20220825,002,1795
864.2365,864.2426,32343,41852,Myotis daubentonii,0.013,0.027,-1,Echolocation,/mnt/ubna_data_01_mir/recover-20220825/UBNA_002/20220823_033000.WAV,Telephone Field,recover-20220825,002,1795
864.2375,864.2729,68437,81964,Rhinolophus ferrumequinum,0.025,0.025,-1,Echolocation,/mnt/ubna_data_01_mir/recover-20220825/UBNA_002/20220823_033000.WAV,Telephone Field,recover-20220825,002,1795
864.2395,864.2453,27187,39969,Plecotus auritus,0.005,0.025,-1,Echolocation,/mnt/ubna_data_01_mir/recover-20220825/UBNA_002/20220823_033000.WAV,Telephone Field,recover-20220825,002,1795
864.2515,864.2806,68437,80238,Rhinolophus ferrumequinum,0.021,0.021,-1,Echolocation,/mnt/ubna_data_01_mir/recover-20220825/UBNA_002/20220823_033000.WAV,Telephone Field,recover-20220825,002,1795
864.2525,864.2588,30625,51710,Barbastellus barbastellus,0.013,0.031,-1,Echolocation,/mnt/ubna_data_01_mir/recover-20220825/UBNA_002/20220823_033000.WAV,Telephone Field,recover-20220825,002,1795
864.2535,864.2619,38359,57055,Pipistrellus nathusii,0.541,0.589,-1,Echolocation,/mnt/ubna_data_01_mir/recover-20220825/UBNA_002/20220823_033000.WAV,Telephone Field,recover-20220825,002,1795
864.2535,864.2601,49531,57619,Pipistrellus pipistrellus,0.02,0.036,-1,Echolocation,/mnt/ubna_data_01_mir/recover-20220825/UBNA_002/20220823_033000.WAV,Telephone Field,recover-20220825,002,1795
864.2775,864.2859,27187,35860,Eptesicus serotinus,0.008,0.021,-1,Echolocation,/mnt/ubna_data_01_mir/recover-20220825/UBNA_002/20220823_033000.WAV,Telephone Field,recover-20220825,002,1795
864.2875,864.2981,28906,36494,Eptesicus serotinus,0.016,0.029,-1,Echolocation,/mnt/ubna_data_01_mir/recover-20220825/UBNA_002/20220823_033000.WAV,Telephone Field,recover-20220825,002,1795
864.3155,864.3482,68437,81298,Rhinolophus ferrumequinum,0.021,0.021,-1,Echolocation,/mnt/ubna_data_01_mir/recover-20220825/UBNA_002/20220823_033000.WAV,Telephone Field,recover-20220825,002,1795
864.3235,864.356,68437,81854,Rhinolophus ferrumequinum,0.024,0.024,-1,Echolocation,/mnt/ubna_data_01_mir/recover-20220825/UBNA_002/20220823_033000.WAV,Telephone Field,recover-20220825,002,1795
864.3495,864.3581,39218,57803,Pipistrellus nathusii,0.458,0.572,-1,Echolocation,/mnt/ubna_data_01_mir/recover-20220825/UBNA_002/20220823_033000.WAV,Telephone Field,recover-20220825,002,1795
864.3505,864.357,49531,55076,Pipistrellus pipistrellus,0.019,0.034,-1,Echolocation,/mnt/ubna_data_01_mir/recover-20220825/UBNA_002/20220823_033000.WAV,Telephone Field,recover-20220825,002,1795
864.3605,864.3691,28046,33762,Eptesicus serotinus,0.006,0.023,-1,Echolocation,/mnt/ubna_data_01_mir/recover-20220825/UBNA_002/20220823_033000.WAV,Telephone Field,recover-20220825,002,1795
864.3825,864.4201,68437,82212,Rhinolophus ferrumequinum,0.04,0.04,-1,Echolocation,/mnt/ubna_data_01_mir/recover-20220825/UBNA_002/20220823_033000.WAV,Telephone Field,recover-20220825,002,1795
864.3955,864.4331,68437,83088,Rhinolophus ferrumequinum,0.023,0.023,-1,Echolocation,/mnt/ubna_data_01_mir/recover-20220825/UBNA_002/20220823_033000.WAV,Telephone Field,recover-20220825,002,1795
864.4445,864.4538,38359,49174,Pipistrellus nathusii,0.448,0.538,-1,Echolocation,/mnt/ubna_data_01_mir/recover-20220825/UBNA_002/20220823_033000.WAV,Telephone Field,recover-20220825,002,1795
864.4485,864.4558,55546,64998,Pipistrellus pygmaeus,0.025,0.026,-1,Echolocation,/mnt/ubna_data_01_mir/recover-20220825/UBNA_002/20220823_033000.WAV,Telephone Field,recover-20220825,002,1795
864.4515,864.4576,30625,39439,Myotis daubentonii,0.01,0.022,-1,Echolocation,/mnt/ubna_data_01_mir/recover-20220825/UBNA_002/20220823_033000.WAV,Telephone Field,recover-20220825,002,1795
864.4555,864.4871,68437,80777,Rhinolophus ferrumequinum,0.021,0.021,-1,Echolocation,/mnt/ubna_data_01_mir/recover-20220825/UBNA_002/20220823_033000.WAV,Telephone Field,recover-20220825,002,1795
864.4975,864.5337,68437,81536,Rhinolophus ferrumequinum,0.023,0.024,-1,Echolocation,/mnt/ubna_data_01_mir/recover-20220825/UBNA_002/20220823_033000.WAV,Telephone Field,recover-20220825,002,1795
864.5215,864.5324,39218,43439,Pipistrellus nathusii,0.018,0.028,-1,Echolocation,/mnt/ubna_data_01_mir/recover-20220825/UBNA_002/20220823_033000.WAV,Telephone Field,recover-20220825,002,1795
864.5395,864.5461,39218,50020,Pipistrellus nathusii,0.37,0.435,-1,Echolocation,/mnt/ubna_data_01_mir/recover-20220825/UBNA_002/20220823_033000.WAV,Telephone Field,recover-20220825,002,1795
864.5435,864.5509,56406,66505,Pipistrellus pygmaeus,0.025,0.026,-1,Echolocation,/mnt/ubna_data_01_mir/recover-20220825/UBNA_002/20220823_033000.WAV,Telephone Field,recover-20220825,002,1795
864.5475,864.5556,27187,34196,Eptesicus serotinus,0.008,0.028,-1,Echolocation,/mnt/ubna_data_01_mir/recover-20220825/UBNA_002/20220823_033000.WAV,Telephone Field,recover-20220825,002,1795
864.5555,864.5894,68437,81621,Rhinolophus ferrumequinum,0.023,0.023,-1,Echolocation,/mnt/ubna_data_01_mir/recover-20220825/UBNA_002/20220823_033000.WAV,Telephone Field,recover-20220825,002,1795
864.5725,864.6086,68437,82097,Rhinolophus ferrumequinum,0.021,0.021,-1,Echolocation,/mnt/ubna_data_01_mir/recover-20220825/UBNA_002/20220823_033000.WAV,Telephone Field,recover-20220825,002,1795
864.5965,864.6043,28046,37822,Eptesicus serotinus,0.01,0.025,-1,Echolocation,/mnt/ubna_data_01_mir/recover-20220825/UBNA_002/20220823_033000.WAV,Telephone Field,recover-20220825,002,1795
864.6285,864.6359,51250,55406,Pipistrellus pygmaeus,0.037,0.056,-1,Echolocation,/mnt/ubna_data_01_mir/recover-20220825/UBNA_002/20220823_033000.WAV,Telephone Field,recover-20220825,002,1795
864.6305,864.6371,38359,57696,Pipistrellus nathusii,0.499,0.559,-1,Echolocation,/mnt/ubna_data_01_mir/recover-20220825/UBNA_002/20220823_033000.WAV,Telephone Field,recover-20220825,002,1795
864.6395,864.6452,30625,39830,Myotis daubentonii,0.01,0.024,-1,Echolocation,/mnt/ubna_data_01_mir/recover-20220825/UBNA_002/20220823_033000.WAV,Telephone Field,recover-20220825,002,1795
864.7045,864.7426,68437,82192,Rhinolophus ferrumequinum,0.022,0.022,-1,Echolocation,/mnt/ubna_data_01_mir/recover-20220825/UBNA_002/20220823_033000.WAV,Telephone Field,recover-20220825,002,1795
864.7285,864.7345,30625,61585,Myotis bechsteinii,0.016,0.04,-1,Echolocation,/mnt/ubna_data_01_mir/recover-20220825/UBNA_002/20220823_033000.WAV,Telephone Field,recover-20220825,002,1795
864.7295,864.7372,38359,63480,Pipistrellus nathusii,0.471,0.524,-1,Echolocation,/mnt/ubna_data_01_mir/recover-20220825/UBNA_002/20220823_033000.WAV,Telephone Field,recover-20220825,002,1795
864.7375,864.743,30625,41961,Myotis daubentonii,0.009,0.023,-1,Echolocation,/mnt/ubna_data_01_mir/recover-20220825/UBNA_002/20220823_033000.WAV,Telephone Field,recover-20220825,002,1795
864.7705,864.8041,68437,81477,Rhinolophus ferrumequinum,0.021,0.021,-1,Echolocation,/mnt/ubna_data_01_mir/recover-20220825/UBNA_002/20220823_033000.WAV,Telephone Field,recover-20220825,002,1795
864.7905,864.8265,68437,82375,Rhinolophus ferrumequinum,0.026,0.026,-1,Echolocation,/mnt/ubna_data_01_mir/recover-20220825/UBNA_002/20220823_033000.WAV,Telephone Field,recover-20220825,002,1795
864.7945,864.8029,47812,55137,Pipistrellus pipistrellus,0.023,0.028,-1,Echolocation,/mnt/ubna_data_01_mir/recover-20220825/UBNA_002/20220823_033000.WAV,Telephone Field,recover-20220825,002,1795
864.8305,864.837,50390,57708,Pipistrellus pipistrellus,0.036,0.062,-1,Echolocation,/mnt/ubna_data_01_mir/recover-20220825/UBNA_002/20220823_033000.WAV,Telephone Field,recover-20220825,002,1795
864.8325,864.8388,30625,59460,Myotis bechsteinii,0.012,0.034,-1,Echolocation,/mnt/ubna_data_01_mir/recover-20220825/UBNA_002/20220823_033000.WAV,Telephone Field,recover-20220825,002,1795
864.8335,864.842,38359,61557,Pipistrellus nathusii,0.558,0.612,-1,Echolocation,/mnt/ubna_data_01_mir/recover-20220825/UBNA_002/20220823_033000.WAV,Telephone Field,recover-20220825,002,1795
864.8415,864.8472,30625,40892,Myotis daubentonii,0.011,0.025,-1,Echolocation,/mnt/ubna_data_01_mir/recover-20220825/UBNA_002/20220823_033000.WAV,Telephone Field,recover-20220825,002,1795
864.8995,864.9075,54687,64280,Pipistrellus pygmaeus,0.025,0.025,-1,Echolocation,/mnt/ubna_data_01_mir/recover-20220825/UBNA_002/20220823_033000.WAV,Telephone Field,recover-20220825,002,1795
864.9125,864.9204,28046,39011,Eptesicus serotinus,0.009,0.025,-1,Echolocation,/mnt/ubna_data_01_mir/recover-20220825/UBNA_002/20220823_033000.WAV,Telephone Field,recover-20220825,002,1795
864.9125,864.9213,40937,47494,Pipistrellus nathusii,0.008,0.021,-1,Echolocation,/mnt/ubna_data_01_mir/recover-20220825/UBNA_002/20220823_033000.WAV,Telephone Field,recover-20220825,002,1795
864.9425,864.949,52968,59070,Pipistrellus pygmaeus,0.022,0.028,-1,Echolocation,/mnt/ubna_data_01_mir/recover-20220825/UBNA_002/20220823_033000.WAV,Telephone Field,recover-20220825,002,1795
864.9435,864.9535,39218,62083,Pipistrellus nathusii,0.414,0.508,-1,Echolocation,/mnt/ubna_data_01_mir/recover-20220825/UBNA_002/20220823_033000.WAV,Telephone Field,recover-20220825,002,1795
864.9445,864.9502,30625,60274,Myotis brandtii,0.014,0.046,-1,Echolocation,/mnt/ubna_data_01_mir/recover-20220825/UBNA_002/20220823_033000.WAV,Telephone Field,recover-20220825,002,1795
864.9545,864.9602,33203,45143,Myotis daubentonii,0.009,0.028,-1,Echolocation,/mnt/ubna_data_01_mir/recover-20220825/UBNA_002/20220823_033000.WAV,Telephone Field,recover-20220825,002,1795
864.9705,864.982,29765,36149,Eptesicus serotinus,0.011,0.025,-1,Echolocation,/mnt/ubna_data_01_mir/recover-20220825/UBNA_002/20220823_033000.WAV,Telephone Field,recover-20220825,002,1795
864.9845,864.9949,49531,55891,Pipistrellus pipistrellus,0.023,0.035,-1,Echolocation,/mnt/ubna_data_01_mir/recover-20220825/UBNA_002/20220823_033000.WAV,Telephone Field,recover-20220825,002,1795
864.9865,864.9951,28046,41977,Eptesicus serotinus,0.009,0.022,-1,Echolocation,/mnt/ubna_data_01_mir/recover-20220825/UBNA_002/20220823_033000.WAV,Telephone Field,recover-20220825,002,1795
865.0235,865.0578,68437,81117,Rhinolophus ferrumequinum,0.022,0.022,-1,Echolocation,/mnt/ubna_data_01_mir/recover-20220825/UBNA_002/20220823_033000.WAV,Telephone Field,recover-20220825,002,1795
865.0385,865.0487,54687,62131,Pipistrellus pygmaeus,0.021,0.022,-1,Echolocation,/mnt/ubna_data_01_mir/recover-20220825/UBNA_002/20220823_033000.WAV,Telephone Field,recover-20220825,002,1795
865.0425,865.052,38359,58843,Pipistrellus nathusii,0.478,0.551,-1,Echolocation,/mnt/ubna_data_01_mir/recover-20220825/UBNA_002/20220823_033000.WAV,Telephone Field,recover-20220825,002,1795
865.0505,865.0567,29765,39523,Myotis daubentonii,0.011,0.027,-1,Echolocation,/mnt/ubna_data_01_mir/recover-20220825/UBNA_002/20220823_033000.WAV,Telephone Field,recover-20220825,002,1795
865.0805,865.09,27187,35513,Eptesicus serotinus,0.009,0.022,-1,Echolocation,/mnt/ubna_data_01_mir/recover-20220825/UBNA_002/20220823_033000.WAV,Telephone Field,recover-20220825,002,1795
865.1065,865.1141,28906,39519,Eptesicus serotinus,0.008,0.024,-1,Echolocation,/mnt/ubna_data_01_mir/recover-20220825/UBNA_002/20220823_033000.WAV,Telephone Field,recover-20220825,002,1795
865.1135,865.1199,48671,54681,Pipistrellus pipistrellus,0.023,0.028,-1,Echolocation,/mnt/ubna_data_01_mir/recover-20220825/UBNA_002/20220823_033000.WAV,Telephone Field,recover-20220825,002,1795
865.1385,865.1518,54687,59707,Pipistrellus pygmaeus,0.027,0.029,-1,Echolocation,/mnt/ubna_data_01_mir/recover-20220825/UBNA_002/20220823_033000.WAV,Telephone Field,recover-20220825,002,1795
865.1435,865.1518,39218,59005,Pipistrellus nathusii,0.554,0.607,-1,Echolocation,/mnt/ubna_data_01_mir/recover-20220825/UBNA_002/20220823_033000.WAV,Telephone Field,recover-20220825,002,1795
865.1875,865.2187,68437,81379,Rhinolophus ferrumequinum,0.029,0.029,-1,Echolocation,/mnt/ubna_data_01_mir/recover-20220825/UBNA_002/20220823_033000.WAV,Telephone Field,recover-20220825,002,1795
865.1895,865.1962,54687,63553,Pipistrellus pygmaeus,0.021,0.021,-1,Echolocation,/mnt/ubna_data_01_mir/recover-20220825/UBNA_002/20220823_033000.WAV,Telephone Field,recover-20220825,002,1795
865.1965,865.2318,68437,82228,Rhinolophus ferrumequinum,0.033,0.033,-1,Echolocation,/mnt/ubna_data_01_mir/recover-20220825/UBNA_002/20220823_033000.WAV,Telephone Field,recover-20220825,002,1795
865.2285,865.2616,68437,81298,Rhinolophus ferrumequinum,0.021,0.021,-1,Echolocation,/mnt/ubna_data_01_mir/recover-20220825/UBNA_002/20220823_033000.WAV,Telephone Field,recover-20220825,002,1795
865.2325,865.239,48671,56704,Pipistrellus pipistrellus,0.016,0.028,-1,Echolocation,/mnt/ubna_data_01_mir/recover-20220825/UBNA_002/20220823_033000.WAV,Telephone Field,recover-20220825,002,1795
865.2365,865.2456999999999,54687,61105,Pipistrellus pygmaeus,0.021,0.023,-1,Echolocation,/mnt/ubna_data_01_mir/recover-20220825/UBNA_002/20220823_033000.WAV,Telephone Field,recover-20220825,002,1795
865.2385,865.2472,39218,59997,Pipistrellus nathusii,0.574,0.639,-1,Echolocation,/mnt/ubna_data_01_mir/recover-20220825/UBNA_002/20220823_033000.WAV,Telephone Field,recover-20220825,002,1795
865.2475,865.2542,27187,34570,Eptesicus serotinus,0.006,0.024,-1,Echolocation,/mnt/ubna_data_01_mir/recover-20220825/UBNA_002/20220823_033000.WAV,Telephone Field,recover-20220825,002,1795
865.2485,865.254,31484,42122,Myotis daubentonii,0.01,0.023,-1,Echolocation,/mnt/ubna_data_01_mir/recover-20220825/UBNA_002/20220823_033000.WAV,Telephone Field,recover-20220825,002,1795
865.3035,865.3395,68437,81527,Rhinolophus ferrumequinum,0.022,0.022,-1,Echolocation,/mnt/ubna_data_01_mir/recover-20220825/UBNA_002/20220823_033000.WAV,Telephone Field,recover-20220825,002,1795
865.3185,865.3253,49531,56496,Pipistrellus pipistrellus,0.017,0.022,-1,Echolocation,/mnt/ubna_data_01_mir/recover-20220825/UBNA_002/20220823_033000.WAV,Telephone Field,recover-20220825,002,1795
865.3295,865.3404,54687,60199,Pipistrellus pygmaeus,0.021,0.022,-1,Echolocation,/mnt/ubna_data_01_mir/recover-20220825/UBNA_002/20220823_033000.WAV,Telephone Field,recover-20220825,002,1795
865.3315,865.3626,68437,80090,Rhinolophus ferrumequinum,0.022,0.022,-1,Echolocation,/mnt/ubna_data_01_mir/recover-20220825/UBNA_002/20220823_033000.WAV,Telephone Field,recover-20220825,002,1795
865.3375,865.3438,30625,52276,Barbastellus barbastellus,0.011,0.029,-1,Echolocation,/mnt/ubna_data_01_mir/recover-20220825/UBNA_002/20220823_033000.WAV,Telephone Field,recover-20220825,002,1795
865.3385,865.3468,38359,63738,Pipistrellus nathusii,0.602,0.642,-1,Echolocation,/mnt/ubna_data_01_mir/recover-20220825/UBNA_002/20220823_033000.WAV,Telephone Field,recover-20220825,002,1795
865.3495,865.3552999999999,29765,47085,Myotis daubentonii,0.011,0.027,-1,Echolocation,/mnt/ubna_data_01_mir/recover-20220825/UBNA_002/20220823_033000.WAV,Telephone Field,recover-20220825,002,1795
865.3615,865.3689,56406,62566,Pipistrellus pygmaeus,0.023,0.025,-1,Echolocation,/mnt/ubna_data_01_mir/recover-20220825/UBNA_002/20220823_033000.WAV,Telephone Field,recover-20220825,002,1795
865.3865,865.4032,22031,24963,Nyctalus leisleri,0.013,0.022,-1,Echolocation,/mnt/ubna_data_01_mir/recover-20220825/UBNA_002/20220823_033000.WAV,Telephone Field,recover-20220825,002,1795
865.3875,865.4231,68437,81805,Rhinolophus ferrumequinum,0.021,0.021,-1,Echolocation,/mnt/ubna_data_01_mir/recover-20220825/UBNA_002/20220823_033000.WAV,Telephone Field,recover-20220825,002,1795
865.3885,865.3972,47812,53475,Pipistrellus pipistrellus,0.027,0.031,-1,Echolocation,/mnt/ubna_data_01_mir/recover-20220825/UBNA_002/20220823_033000.WAV,Telephone Field,recover-20220825,002,1795
865.4135,865.4205,28046,39627,Eptesicus serotinus,0.007,0.024,-1,Echolocation,/mnt/ubna_data_01_mir/recover-20220825/UBNA_002/20220823_033000.WAV,Telephone Field,recover-20220825,002,1795
865.4295,865.4383,52109,56703,Pipistrellus pygmaeus,0.084,0.094,-1,Echolocation,/mnt/ubna_data_01_mir/recover-20220825/UBNA_002/20220823_033000.WAV,Telephone Field,recover-20220825,002,1795
865.4335,865.4415,38359,58419,Pipistrellus nathusii,0.607,0.66,-1,Echolocation,/mnt/ubna_data_01_mir/recover-20220825/UBNA_002/20220823_033000.WAV,Telephone Field,recover-20220825,002,1795
865.4415,865.4468,32343,43428,Myotis daubentonii,0.008,0.026,-1,Echolocation,/mnt/ubna_data_01_mir/recover-20220825/UBNA_002/20220823_033000.WAV,Telephone Field,recover-20220825,002,1795
865.4535,865.4896,68437,81687,Rhinolophus ferrumequinum,0.023,0.023,-1,Echolocation,/mnt/ubna_data_01_mir/recover-20220825/UBNA_002/20220823_033000.WAV,Telephone Field,recover-20220825,002,1795
865.4715,865.4811,23750,29433,Nyctalus leisleri,0.008,0.025,-1,Echolocation,/mnt/ubna_data_01_mir/recover-20220825/UBNA_002/20220823_033000.WAV,Telephone Field,recover-20220825,002,1795
865.4995,865.5104,24609,31405,Nyctalus leisleri,0.009,0.025,-1,Echolocation,/mnt/ubna_data_01_mir/recover-20220825/UBNA_002/20220823_033000.WAV,Telephone Field,recover-20220825,002,1795
865.5235,865.5297,50390,58981,Pipistrellus pygmaeus,0.024,0.05,-1,Echolocation,/mnt/ubna_data_01_mir/recover-20220825/UBNA_002/20220823_033000.WAV,Telephone Field,recover-20220825,002,1795
865.5264999999999,865.5351,38359,62576,Pipistrellus nathusii,0.546,0.602,-1,Echolocation,/mnt/ubna_data_01_mir/recover-20220825/UBNA_002/20220823_033000.WAV,Telephone Field,recover-20220825,002,1795
865.5375,865.5429,31484,41914,Myotis daubentonii,0.009,0.026,-1,Echolocation,/mnt/ubna_data_01_mir/recover-20220825/UBNA_002/20220823_033000.WAV,Telephone Field,recover-20220825,002,1795
865.5415,865.5707,68437,80709,Rhinolophus ferrumequinum,0.021,0.021,-1,Echolocation,/mnt/ubna_data_01_mir/recover-20220825/UBNA_002/20220823_033000.WAV,Telephone Field,recover-20220825,002,1795
865.5755,865.5845,28906,35581,Eptesicus serotinus,0.022,0.042,-1,Echolocation,/mnt/ubna_data_01_mir/recover-20220825/UBNA_002/20220823_033000.WAV,Telephone Field,recover-20220825,002,1795
865.6155,865.6226,49531,59304,Pipistrellus pipistrellus,0.062,0.11,-1,Echolocation,/mnt/ubna_data_01_mir/recover-20220825/UBNA_002/20220823_033000.WAV,Telephone Field,recover-20220825,002,1795
865.6165,865.6226,28906,58715,Barbastellus barbastellus,0.015,0.044,-1,Echolocation,/mnt/ubna_data_01_mir/recover-20220825/UBNA_002/20220823_033000.WAV,Telephone Field,recover-20220825,002,1795
865.6175,865.6258,36640,63302,Pipistrellus nathusii,0.459,0.512,-1,Echolocation,/mnt/ubna_data_01_mir/recover-20220825/UBNA_002/20220823_033000.WAV,Telephone Field,recover-20220825,002,1795
865.6285,865.634,30625,42420,Myotis daubentonii,0.009,0.023,-1,Echolocation,/mnt/ubna_data_01_mir/recover-20220825/UBNA_002/20220823_033000.WAV,Telephone Field,recover-20220825,002,1795
865.6305,865.6625,68437,81196,Rhinolophus ferrumequinum,0.022,0.022,-1,Echolocation,/mnt/ubna_data_01_mir/recover-20220825/UBNA_002/20220823_033000.WAV,Telephone Field,recover-20220825,002,1795
865.6535,865.689,68437,82161,Rhinolophus ferrumequinum,0.022,0.022,-1,Echolocation,/mnt/ubna_data_01_mir/recover-20220825/UBNA_002/20220823_033000.WAV,Telephone Field,recover-20220825,002,1795
865.6545,865.6628,28046,37287,Eptesicus serotinus,0.008,0.022,-1,Echolocation,/mnt/ubna_data_01_mir/recover-20220825/UBNA_002/20220823_033000.WAV,Telephone Field,recover-20220825,002,1795
865.6785,865.7162,68437,82257,Rhinolophus ferrumequinum,0.022,0.022,-1,Echolocation,/mnt/ubna_data_01_mir/recover-20220825/UBNA_002/20220823_033000.WAV,Telephone Field,recover-20220825,002,1795
865.6845,865.7216,68437,82296,Rhinolophus ferrumequinum,0.021,0.021,-1,Echolocation,/mnt/ubna_data_01_mir/recover-20220825/UBNA_002/20220823_033000.WAV,Telephone Field,recover-20220825,002,1795
865.7105,865.7167,50390,57446,Pipistrellus pipistrellus,0.035,0.059,-1,Echolocation,/mnt/ubna_data_01_mir/recover-20220825/UBNA_002/20220823_033000.WAV,Telephone Field,recover-20220825,002,1795
865.7125,865.7181,29765,55664,Myotis bechsteinii,0.008,0.027,-1,Echolocation,/mnt/ubna_data_01_mir/recover-20220825/UBNA_002/20220823_033000.WAV,Telephone Field,recover-20220825,002,1795
865.7135,865.7227,38359,65211,Pipistrellus nathusii,0.514,0.613,-1,Echolocation,/mnt/ubna_data_01_mir/recover-20220825/UBNA_002/20220823_033000.WAV,Telephone Field,recover-20220825,002,1795
865.7155,865.74,68437,81608,Rhinolophus ferrumequinum,0.018,0.023,-1,Echolocation,/mnt/ubna_data_01_mir/recover-20220825/UBNA_002/20220823_033000.WAV,Telephone Field,recover-20220825,002,1795
865.7225,865.7279,32343,43022,Myotis daubentonii,0.008,0.025,-1,Echolocation,/mnt/ubna_data_01_mir/recover-20220825/UBNA_002/20220823_033000.WAV,Telephone Field,recover-20220825,002,1795
865.7475,865.7588,23750,29162,Nyctalus leisleri,0.011,0.024,-1,Echolocation,/mnt/ubna_data_01_mir/recover-20220825/UBNA_002/20220823_033000.WAV,Telephone Field,recover-20220825,002,1795
865.7625,865.7718,53828,61167,Pipistrellus pygmaeus,0.023,0.025,-1,Echolocation,/mnt/ubna_data_01_mir/recover-20220825/UBNA_002/20220823_033000.WAV,Telephone Field,recover-20220825,002,1795
865.7635,865.7726,27187,34096,Eptesicus serotinus,0.01,0.025,-1,Echolocation,/mnt/ubna_data_01_mir/recover-20220825/UBNA_002/20220823_033000.WAV,Telephone Field,recover-20220825,002,1795
865.7745,865.8072,68437,81419,Rhinolophus ferrumequinum,0.021,0.021,-1,Echolocation,/mnt/ubna_data_01_mir/recover-20220825/UBNA_002/20220823_033000.WAV,Telephone Field,recover-20220825,002,1795
865.7775,865.7855,55546,61162,Pipistrellus pygmaeus,0.043,0.043,-1,Echolocation,/mnt/ubna_data_01_mir/recover-20220825/UBNA_002/20220823_033000.WAV,Telephone Field,recover-20220825,002,1795
865.7935,865.7991,26328,37344,Plecotus auritus,0.007,0.027,-1,Echolocation,/mnt/ubna_data_01_mir/recover-20220825/UBNA_002/20220823_033000.WAV,Telephone Field,recover-20220825,002,1795
865.8045,865.8104,49531,59029,Pipistrellus pipistrellus,0.021,0.041,-1,Echolocation,/mnt/ubna_data_01_mir/recover-20220825/UBNA_002/20220823_033000.WAV,Telephone Field,recover-20220825,002,1795
865.8065,865.8151,38359,63823,Pipistrellus nathusii,0.58,0.619,-1,Echolocation,/mnt/ubna_data_01_mir/recover-20220825/UBNA_002/20220823_033000.WAV,Telephone Field,recover-20220825,002,1795
865.8155,865.8226,38359,49119,Pipistrellus nathusii,0.015,0.037,-1,Echolocation,/mnt/ubna_data_01_mir/recover-20220825/UBNA_002/20220823_033000.WAV,Telephone Field,recover-20220825,002,1795
865.8635,865.8979,68437,81905,Rhinolophus ferrumequinum,0.024,0.024,-1,Echolocation,/mnt/ubna_data_01_mir/recover-20220825/UBNA_002/20220823_033000.WAV,Telephone Field,recover-20220825,002,1795
865.8685,865.8753,49531,54506,Pipistrellus pipistrellus,0.033,0.037,-1,Echolocation,/mnt/ubna_data_01_mir/recover-20220825/UBNA_002/20220823_033000.WAV,Telephone Field,recover-20220825,002,1795
865.9185,865.952,68437,81048,Rhinolophus ferrumequinum,0.021,0.021,-1,Echolocation,/mnt/ubna_data_01_mir/recover-20220825/UBNA_002/20220823_033000.WAV,Telephone Field,recover-20220825,002,1795
865.9205,865.9268,30625,54614,Myotis bechsteinii,0.006,0.024,-1,Echolocation,/mnt/ubna_data_01_mir/recover-20220825/UBNA_002/20220823_033000.WAV,Telephone Field,recover-20220825,002,1795
865.9235,865.9329,38359,64470,Pipistrellus nathusii,0.557,0.604,-1,Echolocation,/mnt/ubna_data_01_mir/recover-20220825/UBNA_002/20220823_033000.WAV,Telephone Field,recover-20220825,002,1795
865.9235,865.9299,49531,58020,Pipistrellus pipistrellus,0.013,0.028,-1,Echolocation,/mnt/ubna_data_01_mir/recover-20220825/UBNA_002/20220823_033000.WAV,Telephone Field,recover-20220825,002,1795
865.9335,865.9413,27187,32435,Nyctalus leisleri,0.005,0.022,-1,Echolocation,/mnt/ubna_data_01_mir/recover-20220825/UBNA_002/20220823_033000.WAV,Telephone Field,recover-20220825,002,1795
865.9855,865.995,28046,38056,Eptesicus serotinus,0.016,0.033,-1,Echolocation,/mnt/ubna_data_01_mir/recover-20220825/UBNA_002/20220823_033000.WAV,Telephone Field,recover-20220825,002,1795
866.0015,866.0085,24609,35940,Nyctalus leisleri,0.007,0.035,-1,Echolocation,/mnt/ubna_data_01_mir/recover-20220825/UBNA_002/20220823_033000.WAV,Telephone Field,recover-20220825,002,1795
866.0015,866.0076,29765,40899,Myotis daubentonii,0.01,0.03,-1,Echolocation,/mnt/ubna_data_01_mir/recover-20220825/UBNA_002/20220823_033000.WAV,Telephone Field,recover-20220825,002,1795
866.0015,866.0082,41796,62274,Myotis brandtii,0.009,0.027,-1,Echolocation,/mnt/ubna_data_01_mir/recover-20220825/UBNA_002/20220823_033000.WAV,Telephone Field,recover-20220825,002,1795
866.0015,866.0249,69296,81298,Rhinolophus ferrumequinum,0.024,0.025,-1,Echolocation,/mnt/ubna_data_01_mir/recover-20220825/UBNA_002/20220823_033000.WAV,Telephone Field,recover-20220825,002,1795
866.0015,866.0103,34921,45122,Pipistrellus nathusii,0.015,0.037,-1,Echolocation,/mnt/ubna_data_01_mir/recover-20220825/UBNA_002/20220823_033000.WAV,Telephone Field,recover-20220825,002,1795
866.0135,866.0214,38359,60544,Pipistrellus nathusii,0.415,0.594,-1,Echolocation,/mnt/ubna_data_01_mir/recover-20220825/UBNA_002/20220823_033000.WAV,Telephone Field,recover-20220825,002,1795
866.0264999999999,866.0339,26328,35015,Eptesicus serotinus,0.006,0.025,-1,Echolocation,/mnt/ubna_data_01_mir/recover-20220825/UBNA_002/20220823_033000.WAV,Telephone Field,recover-20220825,002,1795
866.0415,866.0486,30625,46486,Myotis daubentonii,0.012,0.024,-1,Echolocation,/mnt/ubna_data_01_mir/recover-20220825/UBNA_002/20220823_033000.WAV,Telephone Field,recover-20220825,002,1795
866.0875,866.0961,49531,53595,Pipistrellus pipistrellus,0.014,0.024,-1,Echolocation,/mnt/ubna_data_01_mir/recover-20220825/UBNA_002/20220823_033000.WAV,Telephone Field,recover-20220825,002,1795
866.0895,866.0961,38359,60816,Pipistrellus nathusii,0.295,0.559,-1,Echolocation,/mnt/ubna_data_01_mir/recover-20220825/UBNA_002/20220823_033000.WAV,Telephone Field,recover-20220825,002,1795
866.0915,866.1033,15156,21394,Nyctalus noctula,0.013,0.025,-1,Echolocation,/mnt/ubna_data_01_mir/recover-20220825/UBNA_002/20220823_033000.WAV,Telephone Field,recover-20220825,002,1795
866.1265,866.1373,37500,42144,Pipistrellus nathusii,0.018,0.029,-1,Echolocation,/mnt/ubna_data_01_mir/recover-20220825/UBNA_002/20220823_033000.WAV,Telephone Field,recover-20220825,002,1795
866.1545,866.1603,38359,60312,Pipistrellus nathusii,0.236,0.439,-1,Echolocation,/mnt/ubna_data_01_mir/recover-20220825/UBNA_002/20220823_033000.WAV,Telephone Field,recover-20220825,002,1795
866.1545,866.1597,28046,72791,Myotis brandtii,0.024,0.053,-1,Echolocation,/mnt/ubna_data_01_mir/recover-20220825/UBNA_002/20220823_033000.WAV,Telephone Field,recover-20220825,002,1795
866.2245,866.2293,28046,73229,Myotis bechsteinii,0.043,0.104,-1,Echolocation,/mnt/ubna_data_01_mir/recover-20220825/UBNA_002/20220823_033000.WAV,Telephone Field,recover-20220825,002,1795
866.2245,866.23,37500,54810,Pipistrellus nathusii,0.136,0.357,-1,Echolocation,/mnt/ubna_data_01_mir/recover-20220825/UBNA_002/20220823_033000.WAV,Telephone Field,recover-20220825,002,1795
866.2335,866.2412,27187,36155,Eptesicus serotinus,0.009,0.028,-1,Echolocation,/mnt/ubna_data_01_mir/recover-20220825/UBNA_002/20220823_033000.WAV,Telephone Field,recover-20220825,002,1795
866.2525,866.259,27187,36696,Eptesicus serotinus,0.017,0.047,-1,Echolocation,/mnt/ubna_data_01_mir/recover-20220825/UBNA_002/20220823_033000.WAV,Telephone Field,recover-20220825,002,1795
866.2865,866.2921,39218,55992,Pipistrellus nathusii,0.15,0.372,-1,Echolocation,/mnt/ubna_data_01_mir/recover-20220825/UBNA_002/20220823_033000.WAV,Telephone Field,recover-20220825,002,1795
866.3395,866.3447,40078,52140,Pipistrellus nathusii,0.087,0.23,-1,Echolocation,/mnt/ubna_data_01_mir/recover-20220825/UBNA_002/20220823_033000.WAV,Telephone Field,recover-20220825,002,1795
866.3395,866.345,29765,67046,Myotis brandtii,0.028,0.069,-1,Echolocation,/mnt/ubna_data_01_mir/recover-20220825/UBNA_002/20220823_033000.WAV,Telephone Field,recover-20220825,002,1795
866.3885,866.3961,42656,49399,Pipistrellus nathusii,0.16,0.249,-1,Echolocation,/mnt/ubna_data_01_mir/recover-20220825/UBNA_002/20220823_033000.WAV,Telephone Field,recover-20220825,002,1795
866.4005,866.4094,55546,62074,Pipistrellus pygmaeus,0.041,0.042,-1,Echolocation,/mnt/ubna_data_01_mir/recover-20220825/UBNA_002/20220823_033000.WAV,Telephone Field,recover-20220825,002,1795
866.4235,866.4314,27187,38819,Eptesicus serotinus,0.011,0.028,-1,Echolocation,/mnt/ubna_data_01_mir/recover-20220825/UBNA_002/20220823_033000.WAV,Telephone Field,recover-20220825,002,1795
866.4475,866.4545,55546,62635,Pipistrellus pygmaeus,0.023,0.024,-1,Echolocation,/mnt/ubna_data_01_mir/recover-20220825/UBNA_002/20220823_033000.WAV,Telephone Field,recover-20220825,002,1795
866.4585,866.4653,40937,53782,Pipistrellus nathusii,0.122,0.21,-1,Echolocation,/mnt/ubna_data_01_mir/recover-20220825/UBNA_002/20220823_033000.WAV,Telephone Field,recover-20220825,002,1795
866.4745,866.4846,28046,37833,Eptesicus serotinus,0.013,0.028,-1,Echolocation,/mnt/ubna_data_01_mir/recover-20220825/UBNA_002/20220823_033000.WAV,Telephone Field,recover-20220825,002,1795
866.5015,866.5093,27187,39125,Eptesicus serotinus,0.008,0.025,-1,Echolocation,/mnt/ubna_data_01_mir/recover-20220825/UBNA_002/20220823_033000.WAV,Telephone Field,recover-20220825,002,1795
866.5065,866.5136,26328,41929,Eptesicus serotinus,0.007,0.025,-1,Echolocation,/mnt/ubna_data_01_mir/recover-20220825/UBNA_002/20220823_033000.WAV,Telephone Field,recover-20220825,002,1795
866.5075,866.5139,31484,45963,Myotis daubentonii,0.011,0.028,-1,Echolocation,/mnt/ubna_data_01_mir/recover-20220825/UBNA_002/20220823_033000.WAV,Telephone Field,recover-20220825,002,1795
866.5095,866.5181,42656,51169,Pipistrellus nathusii,0.019,0.038,-1,Echolocation,/mnt/ubna_data_01_mir/recover-20220825/UBNA_002/20220823_033000.WAV,Telephone Field,recover-20220825,002,1795
866.5095,866.5181,54687,60082,Pipistrellus pygmaeus,0.027,0.027,-1,Echolocation,/mnt/ubna_data_01_mir/recover-20220825/UBNA_002/20220823_033000.WAV,Telephone Field,recover-20220825,002,1795
866.5125,866.5182,35781,55510,Myotis brandtii,0.012,0.027,-1,Echolocation,/mnt/ubna_data_01_mir/recover-20220825/UBNA_002/20220823_033000.WAV,Telephone Field,recover-20220825,002,1795
866.5275,866.5339,35781,43026,Barbastellus barbastellus,0.047,0.063,-1,Echolocation,/mnt/ubna_data_01_mir/recover-20220825/UBNA_002/20220823_033000.WAV,Telephone Field,recover-20220825,002,1795
866.5285,866.5345,28046,41240,Myotis daubentonii,0.022,0.058,-1,Echolocation,/mnt/ubna_data_01_mir/recover-20220825/UBNA_002/20220823_033000.WAV,Telephone Field,recover-20220825,002,1795
866.5365,866.5441,54687,62906,Pipistrellus pygmaeus,0.034,0.036,-1,Echolocation,/mnt/ubna_data_01_mir/recover-20220825/UBNA_002/20220823_033000.WAV,Telephone Field,recover-20220825,002,1795
866.5405,866.5484,28046,35695,Eptesicus serotinus,0.012,0.029,-1,Echolocation,/mnt/ubna_data_01_mir/recover-20220825/UBNA_002/20220823_033000.WAV,Telephone Field,recover-20220825,002,1795
866.5535,866.564,58125,64448,Pipistrellus pygmaeus,0.028,0.028,-1,Echolocation,/mnt/ubna_data_01_mir/recover-20220825/UBNA_002/20220823_033000.WAV,Telephone Field,recover-20220825,002,1795
866.5635,866.5703,28046,37800,Eptesicus serotinus,0.007,0.026,-1,Echolocation,/mnt/ubna_data_01_mir/recover-20220825/UBNA_002/20220823_033000.WAV,Telephone Field,recover-20220825,002,1795
866.5955,866.6022,40078,52266,Pipistrellus nathusii,0.01,0.035,-1,Echolocation,/mnt/ubna_data_01_mir/recover-20220825/UBNA_002/20220823_033000.WAV,Telephone Field,recover-20220825,002,1795
866.6025,866.6105,41796,49939,Pipistrellus nathusii,0.012,0.028,-1,Echolocation,/mnt/ubna_data_01_mir/recover-20220825/UBNA_002/20220823_033000.WAV,Telephone Field,recover-20220825,002,1795
866.6275,866.6381,28046,35143,Eptesicus serotinus,0.017,0.034,-1,Echolocation,/mnt/ubna_data_01_mir/recover-20220825/UBNA_002/20220823_033000.WAV,Telephone Field,recover-20220825,002,1795
866.6545,866.6631,40937,46637,Pipistrellus nathusii,0.024,0.036,-1,Echolocation,/mnt/ubna_data_01_mir/recover-20220825/UBNA_002/20220823_033000.WAV,Telephone Field,recover-20220825,002,1795
866.6625,866.6689,31484,44982,Myotis daubentonii,0.015,0.033,-1,Echolocation,/mnt/ubna_data_01_mir/recover-20220825/UBNA_002/20220823_033000.WAV,Telephone Field,recover-20220825,002,1795
866.6945,866.7029,41796,51102,Pipistrellus nathusii,0.014,0.028,-1,Echolocation,/mnt/ubna_data_01_mir/recover-20220825/UBNA_002/20220823_033000.WAV,Telephone Field,recover-20220825,002,1795
866.7235000000001,866.7302999999999,40078,67049,Pipistrellus nathusii,0.55,0.649,-1,Echolocation,/mnt/ubna_data_01_mir/recover-20220825/UBNA_002/20220823_033000.WAV,Telephone Field,recover-20220825,002,1795
866.7825,866.7909,27187,35883,Eptesicus serotinus,0.009,0.025,-1,Echolocation,/mnt/ubna_data_01_mir/recover-20220825/UBNA_002/20220823_033000.WAV,Telephone Field,recover-20220825,002,1795
866.7985,866.8058,49531,56216,Pipistrellus pipistrellus,0.03,0.056,-1,Echolocation,/mnt/ubna_data_01_mir/recover-20220825/UBNA_002/20220823_033000.WAV,Telephone Field,recover-20220825,002,1795
866.7995,866.8062,38359,62644,Pipistrellus nathusii,0.336,0.555,-1,Echolocation,/mnt/ubna_data_01_mir/recover-20220825/UBNA_002/20220823_033000.WAV,Telephone Field,recover-20220825,002,1795
866.8105,866.8156,32343,46267,Myotis daubentonii,0.011,0.033,-1,Echolocation,/mnt/ubna_data_01_mir/recover-20220825/UBNA_002/20220823_033000.WAV,Telephone Field,recover-20220825,002,1795
866.8655,866.8757,25468,32142,Eptesicus serotinus,0.013,0.029,-1,Echolocation,/mnt/ubna_data_01_mir/recover-20220825/UBNA_002/20220823_033000.WAV,Telephone Field,recover-20220825,002,1795
866.8915,866.8985,38359,55597,Pipistrellus nathusii,0.399,0.539,-1,Echolocation,/mnt/ubna_data_01_mir/recover-20220825/UBNA_002/20220823_033000.WAV,Telephone Field,recover-20220825,002,1795
866.9715,866.9784,31484,38618,Barbastellus barbastellus,0.01,0.027,-1,Echolocation,/mnt/ubna_data_01_mir/recover-20220825/UBNA_002/20220823_033000.WAV,Telephone Field,recover-20220825,002,1795
866.9835,866.9929,53828,58610,Pipistrellus pygmaeus,0.041,0.046,-1,Echolocation,/mnt/ubna_data_01_mir/recover-20220825/UBNA_002/20220823_033000.WAV,Telephone Field,recover-20220825,002,1795
866.9865,866.9929,35781,65781,Pipistrellus nathusii,0.268,0.5,-1,Echolocation,/mnt/ubna_data_01_mir/recover-20220825/UBNA_002/20220823_033000.WAV,Telephone Field,recover-20220825,002,1795
866.9965,867.0021,31484,42945,Myotis daubentonii,0.012,0.024,-1,Echolocation,/mnt/ubna_data_01_mir/recover-20220825/UBNA_002/20220823_033000.WAV,Telephone Field,recover-20220825,002,1795
867.0665,867.0734,40937,49170,Pipistrellus nathusii,0.539,0.599,-1,Echolocation,/mnt/ubna_data_01_mir/recover-20220825/UBNA_002/20220823_033000.WAV,Telephone Field,recover-20220825,002,1795
867.0865,867.0926,40078,56268,Pipistrellus nathusii,0.319,0.459,-1,Echolocation,/mnt/ubna_data_01_mir/recover-20220825/UBNA_002/20220823_033000.WAV,Telephone Field,recover-20220825,002,1795
867.1025,867.11,47812,55624,Pipistrellus pipistrellus,0.023,0.029,-1,Echolocation,/mnt/ubna_data_01_mir/recover-20220825/UBNA_002/20220823_033000.WAV,Telephone Field,recover-20220825,002,1795
867.1295,867.1378,28046,37195,Eptesicus serotinus,0.011,0.027,-1,Echolocation,/mnt/ubna_data_01_mir/recover-20220825/UBNA_002/20220823_033000.WAV,Telephone Field,recover-20220825,002,1795
867.1375,867.148,55546,61437,Pipistrellus pygmaeus,0.034,0.035,-1,Echolocation,/mnt/ubna_data_01_mir/recover-20220825/UBNA_002/20220823_033000.WAV,Telephone Field,recover-20220825,002,1795
867.1465,867.1539,41796,47817,Pipistrellus nathusii,0.144,0.188,-1,Echolocation,/mnt/ubna_data_01_mir/recover-20220825/UBNA_002/20220823_033000.WAV,Telephone Field,recover-20220825,002,1795
867.1495,867.1557,30625,50375,Myotis daubentonii,0.013,0.029,-1,Echolocation,/mnt/ubna_data_01_mir/recover-20220825/UBNA_002/20220823_033000.WAV,Telephone Field,recover-20220825,002,1795
867.1635,867.1722,28046,34723,Eptesicus serotinus,0.012,0.028,-1,Echolocation,/mnt/ubna_data_01_mir/recover-20220825/UBNA_002/20220823_033000.WAV,Telephone Field,recover-20220825,002,1795
867.1735,867.1805,52109,56480,Pipistrellus pipistrellus,0.04,0.078,-1,Echolocation,/mnt/ubna_data_01_mir/recover-20220825/UBNA_002/20220823_033000.WAV,Telephone Field,recover-20220825,002,1795
867.1775,867.184,35781,64505,Pipistrellus nathusii,0.342,0.524,-1,Echolocation,/mnt/ubna_data_01_mir/recover-20220825/UBNA_002/20220823_033000.WAV,Telephone Field,recover-20220825,002,1795
867.1935,867.2044,22890,27308,Nyctalus leisleri,0.012,0.026,-1,Echolocation,/mnt/ubna_data_01_mir/recover-20220825/UBNA_002/20220823_033000.WAV,Telephone Field,recover-20220825,002,1795
867.2025,867.2091,32343,43951,Myotis daubentonii,0.012,0.024,-1,Echolocation,/mnt/ubna_data_01_mir/recover-20220825/UBNA_002/20220823_033000.WAV,Telephone Field,recover-20220825,002,1795
867.2595,867.2667,27187,34291,Eptesicus serotinus,0.008,0.025,-1,Echolocation,/mnt/ubna_data_01_mir/recover-20220825/UBNA_002/20220823_033000.WAV,Telephone Field,recover-20220825,002,1795
867.2705,867.2786,39218,59458,Pipistrellus nathusii,0.487,0.578,-1,Echolocation,/mnt/ubna_data_01_mir/recover-20220825/UBNA_002/20220823_033000.WAV,Telephone Field,recover-20220825,002,1795
867.2835,867.2894,29765,51212,Myotis daubentonii,0.015,0.028,-1,Echolocation,/mnt/ubna_data_01_mir/recover-20220825/UBNA_002/20220823_033000.WAV,Telephone Field,recover-20220825,002,1795
867.2845,867.292,40937,51394,Pipistrellus nathusii,0.016,0.029,-1,Echolocation,/mnt/ubna_data_01_mir/recover-20220825/UBNA_002/20220823_033000.WAV,Telephone Field,recover-20220825,002,1795
867.2985,867.3062,26328,37848,Eptesicus serotinus,0.007,0.024,-1,Echolocation,/mnt/ubna_data_01_mir/recover-20220825/UBNA_002/20220823_033000.WAV,Telephone Field,recover-20220825,002,1795
867.3305,867.3382,27187,37557,Eptesicus serotinus,0.009,0.025,-1,Echolocation,/mnt/ubna_data_01_mir/recover-20220825/UBNA_002/20220823_033000.WAV,Telephone Field,recover-20220825,002,1795
867.3605,867.3672,41796,55085,Pipistrellus nathusii,0.339,0.432,-1,Echolocation,/mnt/ubna_data_01_mir/recover-20220825/UBNA_002/20220823_033000.WAV,Telephone Field,recover-20220825,002,1795
867.3715,867.3789,26328,40738,Eptesicus serotinus,0.008,0.024,-1,Echolocation,/mnt/ubna_data_01_mir/recover-20220825/UBNA_002/20220823_033000.WAV,Telephone Field,recover-20220825,002,1795
867.3935,867.4025,27187,35480,Eptesicus serotinus,0.01,0.024,-1,Echolocation,/mnt/ubna_data_01_mir/recover-20220825/UBNA_002/20220823_033000.WAV,Telephone Field,recover-20220825,002,1795
867.4055,867.4146,27187,36972,Eptesicus serotinus,0.012,0.027,-1,Echolocation,/mnt/ubna_data_01_mir/recover-20220825/UBNA_002/20220823_033000.WAV,Telephone Field,recover-20220825,002,1795
867.4075,867.4162,33203,40103,Barbastellus barbastellus,0.01,0.025,-1,Echolocation,/mnt/ubna_data_01_mir/recover-20220825/UBNA_002/20220823_033000.WAV,Telephone Field,recover-20220825,002,1795
867.4325,867.4398,41796,49311,Pipistrellus nathusii,0.206,0.36,-1,Echolocation,/mnt/ubna_data_01_mir/recover-20220825/UBNA_002/20220823_033000.WAV,Telephone Field,recover-20220825,002,1795
867.4425,867.4499,27187,34455,Eptesicus serotinus,0.008,0.025,-1,Echolocation,/mnt/ubna_data_01_mir/recover-20220825/UBNA_002/20220823_033000.WAV,Telephone Field,recover-20220825,002,1795
867.4555,867.4619,37500,50580,Pipistrellus nathusii,0.477,0.591,-1,Echolocation,/mnt/ubna_data_01_mir/recover-20220825/UBNA_002/20220823_033000.WAV,Telephone Field,recover-20220825,002,1795
867.5045,867.5101,40937,52414,Pipistrellus nathusii,0.339,0.494,-1,Echolocation,/mnt/ubna_data_01_mir/recover-20220825/UBNA_002/20220823_033000.WAV,Telephone Field,recover-20220825,002,1795
867.5285,867.5356,28046,38263,Eptesicus serotinus,0.008,0.025,-1,Echolocation,/mnt/ubna_data_01_mir/recover-20220825/UBNA_002/20220823_033000.WAV,Telephone Field,recover-20220825,002,1795
867.5405,867.5474,38359,46910,Pipistrellus nathusii,0.113,0.206,-1,Echolocation,/mnt/ubna_data_01_mir/recover-20220825/UBNA_002/20220823_033000.WAV,Telephone Field,recover-20220825,002,1795
867.5545,867.5607,40937,48294,Pipistrellus nathusii,0.186,0.283,-1,Echolocation,/mnt/ubna_data_01_mir/recover-20220825/UBNA_002/20220823_033000.WAV,Telephone Field,recover-20220825,002,1795
867.5875,867.5941,27187,37432,Eptesicus serotinus,0.012,0.039,-1,Echolocation,/mnt/ubna_data_01_mir/recover-20220825/UBNA_002/20220823_033000.WAV,Telephone Field,recover-20220825,002,1795
867.6015,867.6088,42656,49528,Pipistrellus nathusii,0.275,0.352,-1,Echolocation,/mnt/ubna_data_01_mir/recover-20220825/UBNA_002/20220823_033000.WAV,Telephone Field,recover-20220825,002,1795
867.6155,867.6235,27187,36027,Eptesicus serotinus,0.008,0.025,-1,Echolocation,/mnt/ubna_data_01_mir/recover-20220825/UBNA_002/20220823_033000.WAV,Telephone Field,recover-20220825,002,1795
867.6255,867.6322,40078,49556,Pipistrellus nathusii,0.174,0.368,-1,Echolocation,/mnt/ubna_data_01_mir/recover-20220825/UBNA_002/20220823_033000.WAV,Telephone Field,recover-20220825,002,1795
867.6355,867.6704,68437,81441,Rhinolophus ferrumequinum,0.024,0.024,-1,Echolocation,/mnt/ubna_data_01_mir/recover-20220825/UBNA_002/20220823_033000.WAV,Telephone Field,recover-20220825,002,1795
867.6465,867.6579,23750,30115,Eptesicus serotinus,0.01,0.029,-1,Echolocation,/mnt/ubna_data_01_mir/recover-20220825/UBNA_002/20220823_033000.WAV,Telephone Field,recover-20220825,002,1795
867.6535,867.6593,41796,50556,Pipistrellus nathusii,0.134,0.174,-1,Echolocation,/mnt/ubna_data_01_mir/recover-20220825/UBNA_002/20220823_033000.WAV,Telephone Field,recover-20220825,002,1795
867.6685,867.6752,58125,64815,Pipistrellus pygmaeus,0.024,0.024,-1,Echolocation,/mnt/ubna_data_01_mir/recover-20220825/UBNA_002/20220823_033000.WAV,Telephone Field,recover-20220825,002,1795
867.6925,867.6981,40937,53795,Pipistrellus nathusii,0.251,0.379,-1,Echolocation,/mnt/ubna_data_01_mir/recover-20220825/UBNA_002/20220823_033000.WAV,Telephone Field,recover-20220825,002,1795
867.7195,867.7275,27187,37692,Eptesicus serotinus,0.009,0.024,-1,Echolocation,/mnt/ubna_data_01_mir/recover-20220825/UBNA_002/20220823_033000.WAV,Telephone Field,recover-20220825,002,1795
867.7585,867.766,27187,38438,Eptesicus serotinus,0.009,0.025,-1,Echolocation,/mnt/ubna_data_01_mir/recover-20220825/UBNA_002/20220823_033000.WAV,Telephone Field,recover-20220825,002,1795
867.7595,867.7654,34062,44209,Myotis daubentonii,0.01,0.027,-1,Echolocation,/mnt/ubna_data_01_mir/recover-20220825/UBNA_002/20220823_033000.WAV,Telephone Field,recover-20220825,002,1795
867.7725,867.7777,40937,52110,Pipistrellus nathusii,0.246,0.385,-1,Echolocation,/mnt/ubna_data_01_mir/recover-20220825/UBNA_002/20220823_033000.WAV,Telephone Field,recover-20220825,002,1795
867.7805,867.7902,23750,31011,Eptesicus serotinus,0.009,0.029,-1,Echolocation,/mnt/ubna_data_01_mir/recover-20220825/UBNA_002/20220823_033000.WAV,Telephone Field,recover-20220825,002,1795
867.7935,867.8006,49531,56615,Pipistrellus pipistrellus,0.02,0.026,-1,Echolocation,/mnt/ubna_data_01_mir/recover-20220825/UBNA_002/20220823_033000.WAV,Telephone Field,recover-20220825,002,1795
867.8265,867.8339,40937,49867,Pipistrellus nathusii,0.009,0.024,-1,Echolocation,/mnt/ubna_data_01_mir/recover-20220825/UBNA_002/20220823_033000.WAV,Telephone Field,recover-20220825,002,1795
867.8765,867.8839,28906,42715,Barbastellus barbastellus,0.027,0.063,-1,Echolocation,/mnt/ubna_data_01_mir/recover-20220825/UBNA_002/20220823_033000.WAV,Telephone Field,recover-20220825,002,1795
867.8765,867.8827,41796,51325,Pipistrellus nathusii,0.293,0.464,-1,Echolocation,/mnt/ubna_data_01_mir/recover-20220825/UBNA_002/20220823_033000.WAV,Telephone Field,recover-20220825,002,1795
867.9315,867.9398,42656,51709,Pipistrellus nathusii,0.122,0.161,-1,Echolocation,/mnt/ubna_data_01_mir/recover-20220825/UBNA_002/20220823_033000.WAV,Telephone Field,recover-20220825,002,1795
867.9475,867.9541,41796,52575,Pipistrellus nathusii,0.193,0.304,-1,Echolocation,/mnt/ubna_data_01_mir/recover-20220825/UBNA_002/20220823_033000.WAV,Telephone Field,recover-20220825,002,1795
867.9865,867.9921,30625,47278,Myotis daubentonii,0.01,0.025,-1,Echolocation,/mnt/ubna_data_01_mir/recover-20220825/UBNA_002/20220823_033000.WAV,Telephone Field,recover-20220825,002,1795
868.0015,868.011,23750,28794,Nyctalus leisleri,0.016,0.036,-1,Echolocation,/mnt/ubna_data_01_mir/recover-20220825/UBNA_002/20220823_033000.WAV,Telephone Field,recover-20220825,002,1795
868.0205,868.027,40937,51855,Pipistrellus nathusii,0.274,0.425,-1,Echolocation,/mnt/ubna_data_01_mir/recover-20220825/UBNA_002/20220823_033000.WAV,Telephone Field,recover-20220825,002,1795
868.0335,868.0434,28046,33570,Eptesicus serotinus,0.013,0.033,-1,Echolocation,/mnt/ubna_data_01_mir/recover-20220825/UBNA_002/20220823_033000.WAV,Telephone Field,recover-20220825,002,1795
868.0445,868.0516,55546,61203,Pipistrellus pygmaeus,0.026,0.027,-1,Echolocation,/mnt/ubna_data_01_mir/recover-20220825/UBNA_002/20220823_033000.WAV,Telephone Field,recover-20220825,002,1795
868.0745,868.0823,41796,48959,Pipistrellus nathusii,0.442,0.511,-1,Echolocation,/mnt/ubna_data_01_mir/recover-20220825/UBNA_002/20220823_033000.WAV,Telephone Field,recover-20220825,002,1795
868.0935,868.103,56406,61425,Pipistrellus pygmaeus,0.076,0.077,-1,Echolocation,/mnt/ubna_data_01_mir/recover-20220825/UBNA_002/20220823_033000.WAV,Telephone Field,recover-20220825,002,1795
868.1045,868.141,68437,80948,Rhinolophus ferrumequinum,0.027,0.027,-1,Echolocation,/mnt/ubna_data_01_mir/recover-20220825/UBNA_002/20220823_033000.WAV,Telephone Field,recover-20220825,002,1795
868.1265,868.1332,41796,52314,Pipistrellus nathusii,0.525,0.622,-1,Echolocation,/mnt/ubna_data_01_mir/recover-20220825/UBNA_002/20220823_033000.WAV,Telephone Field,recover-20220825,002,1795
868.1765,868.1819,38359,54711,Myotis brandtii,0.013,0.032,-1,Echolocation,/mnt/ubna_data_01_mir/recover-20220825/UBNA_002/20220823_033000.WAV,Telephone Field,recover-20220825,002,1795
868.1915,868.1988,41796,54355,Pipistrellus nathusii,0.43,0.484,-1,Echolocation,/mnt/ubna_data_01_mir/recover-20220825/UBNA_002/20220823_033000.WAV,Telephone Field,recover-20220825,002,1795
868.2305,868.237,32343,44926,Myotis daubentonii,0.008,0.026,-1,Echolocation,/mnt/ubna_data_01_mir/recover-20220825/UBNA_002/20220823_033000.WAV,Telephone Field,recover-20220825,002,1795
868.2335,868.2415,39218,47324,Pipistrellus nathusii,0.019,0.031,-1,Echolocation,/mnt/ubna_data_01_mir/recover-20220825/UBNA_002/20220823_033000.WAV,Telephone Field,recover-20220825,002,1795
868.2655,868.2729,52109,57694,Pipistrellus pygmaeus,0.037,0.05,-1,Echolocation,/mnt/ubna_data_01_mir/recover-20220825/UBNA_002/20220823_033000.WAV,Telephone Field,recover-20220825,002,1795
868.2685,868.2746,40078,57793,Pipistrellus nathusii,0.43,0.569,-1,Echolocation,/mnt/ubna_data_01_mir/recover-20220825/UBNA_002/20220823_033000.WAV,Telephone Field,recover-20220825,002,1795
868.3105,868.32,37500,41296,Pipistrellus nathusii,0.03,0.051,-1,Echolocation,/mnt/ubna_data_01_mir/recover-20220825/UBNA_002/20220823_033000.WAV,Telephone Field,recover-20220825,002,1795
868.3225,868.3281,31484,46740,Myotis daubentonii,0.013,0.027,-1,Echolocation,/mnt/ubna_data_01_mir/recover-20220825/UBNA_002/20220823_033000.WAV,Telephone Field,recover-20220825,002,1795
868.3315,868.3405,40937,49131,Pipistrellus nathusii,0.011,0.025,-1,Echolocation,/mnt/ubna_data_01_mir/recover-20220825/UBNA_002/20220823_033000.WAV,Telephone Field,recover-20220825,002,1795
868.3375,868.3456,28046,35383,Eptesicus serotinus,0.009,0.027,-1,Echolocation,/mnt/ubna_data_01_mir/recover-20220825/UBNA_002/20220823_033000.WAV,Telephone Field,recover-20220825,002,1795
868.3495,868.3573,50390,54252,Pipistrellus pygmaeus,0.026,0.044,-1,Echolocation,/mnt/ubna_data_01_mir/recover-20220825/UBNA_002/20220823_033000.WAV,Telephone Field,recover-20220825,002,1795
868.3515,868.3572,38359,55663,Pipistrellus nathusii,0.209,0.463,-1,Echolocation,/mnt/ubna_data_01_mir/recover-20220825/UBNA_002/20220823_033000.WAV,Telephone Field,recover-20220825,002,1795
868.3625,868.3684,30625,46396,Myotis daubentonii,0.016,0.028,-1,Echolocation,/mnt/ubna_data_01_mir/recover-20220825/UBNA_002/20220823_033000.WAV,Telephone Field,recover-20220825,002,1795
868.3855,868.4277,68437,82794,Rhinolophus ferrumequinum,0.033,0.034,-1,Echolocation,/mnt/ubna_data_01_mir/recover-20220825/UBNA_002/20220823_033000.WAV,Telephone Field,recover-20220825,002,1795
868.4115,868.4202,56406,63004,Pipistrellus pygmaeus,0.032,0.032,-1,Echolocation,/mnt/ubna_data_01_mir/recover-20220825/UBNA_002/20220823_033000.WAV,Telephone Field,recover-20220825,002,1795
868.4275,868.4363,27187,33311,Eptesicus serotinus,0.012,0.026,-1,Echolocation,/mnt/ubna_data_01_mir/recover-20220825/UBNA_002/20220823_033000.WAV,Telephone Field,recover-20220825,002,1795
868.4365,868.4439,50390,54651,Pipistrellus pygmaeus,0.021,0.033,-1,Echolocation,/mnt/ubna_data_01_mir/recover-20220825/UBNA_002/20220823_033000.WAV,Telephone Field,recover-20220825,002,1795
868.4395,868.4448,38359,57303,Pipistrellus nathusii,0.285,0.523,-1,Echolocation,/mnt/ubna_data_01_mir/recover-20220825/UBNA_002/20220823_033000.WAV,Telephone Field,recover-20220825,002,1795
868.4525,868.4912,68437,81894,Rhinolophus ferrumequinum,0.029,0.029,-1,Echolocation,/mnt/ubna_data_01_mir/recover-20220825/UBNA_002/20220823_033000.WAV,Telephone Field,recover-20220825,002,1795
868.4925,868.4997,53828,61344,Pipistrellus pygmaeus,0.028,0.029,-1,Echolocation,/mnt/ubna_data_01_mir/recover-20220825/UBNA_002/20220823_033000.WAV,Telephone Field,recover-20220825,002,1795
868.4935,868.5042,29765,37495,Eptesicus serotinus,0.015,0.032,-1,Echolocation,/mnt/ubna_data_01_mir/recover-20220825/UBNA_002/20220823_033000.WAV,Telephone Field,recover-20220825,002,1795
868.5285,868.5352,49531,54932,Pipistrellus pipistrellus,0.019,0.031,-1,Echolocation,/mnt/ubna_data_01_mir/recover-20220825/UBNA_002/20220823_033000.WAV,Telephone Field,recover-20220825,002,1795
868.5295,868.5359,39218,59105,Pipistrellus nathusii,0.411,0.554,-1,Echolocation,/mnt/ubna_data_01_mir/recover-20220825/UBNA_002/20220823_033000.WAV,Telephone Field,recover-20220825,002,1795
868.5665,868.5753,55546,60225,Pipistrellus pygmaeus,0.033,0.033,-1,Echolocation,/mnt/ubna_data_01_mir/recover-20220825/UBNA_002/20220823_033000.WAV,Telephone Field,recover-20220825,002,1795
868.5965,868.6043999999999,50390,56818,Pipistrellus pipistrellus,0.02,0.03,-1,Echolocation,/mnt/ubna_data_01_mir/recover-20220825/UBNA_002/20220823_033000.WAV,Telephone Field,recover-20220825,002,1795
868.6155,868.624,39218,45867,Pipistrellus nathusii,0.012,0.026,-1,Echolocation,/mnt/ubna_data_01_mir/recover-20220825/UBNA_002/20220823_033000.WAV,Telephone Field,recover-20220825,002,1795
868.6265,868.6335,49531,55363,Pipistrellus pipistrellus,0.017,0.032,-1,Echolocation,/mnt/ubna_data_01_mir/recover-20220825/UBNA_002/20220823_033000.WAV,Telephone Field,recover-20220825,002,1795
868.6275,868.6335,40937,60799,Pipistrellus nathusii,0.445,0.56,-1,Echolocation,/mnt/ubna_data_01_mir/recover-20220825/UBNA_002/20220823_033000.WAV,Telephone Field,recover-20220825,002,1795
868.6375,868.6448,39218,52397,Pipistrellus nathusii,0.045,0.085,-1,Echolocation,/mnt/ubna_data_01_mir/recover-20220825/UBNA_002/20220823_033000.WAV,Telephone Field,recover-20220825,002,1795
868.6905,868.6976,27187,39088,Eptesicus serotinus,0.008,0.027,-1,Echolocation,/mnt/ubna_data_01_mir/recover-20220825/UBNA_002/20220823_033000.WAV,Telephone Field,recover-20220825,002,1795
868.6965,868.7053,42656,46935,Pipistrellus nathusii,0.291,0.305,-1,Echolocation,/mnt/ubna_data_01_mir/recover-20220825/UBNA_002/20220823_033000.WAV,Telephone Field,recover-20220825,002,1795
868.7065,868.7155,26328,33382,Eptesicus serotinus,0.019,0.038,-1,Echolocation,/mnt/ubna_data_01_mir/recover-20220825/UBNA_002/20220823_033000.WAV,Telephone Field,recover-20220825,002,1795
868.7265,868.7321,40937,55679,Pipistrellus nathusii,0.364,0.453,-1,Echolocation,/mnt/ubna_data_01_mir/recover-20220825/UBNA_002/20220823_033000.WAV,Telephone Field,recover-20220825,002,1795
868.7885,868.7948,30625,45346,Myotis daubentonii,0.012,0.028,-1,Echolocation,/mnt/ubna_data_01_mir/recover-20220825/UBNA_002/20220823_033000.WAV,Telephone Field,recover-20220825,002,1795
868.7895,868.7977,52109,57896,Pipistrellus pygmaeus,0.11,0.115,-1,Echolocation,/mnt/ubna_data_01_mir/recover-20220825/UBNA_002/20220823_033000.WAV,Telephone Field,recover-20220825,002,1795
868.7935,868.8018,41796,50280,Pipistrellus nathusii,0.014,0.028,-1,Echolocation,/mnt/ubna_data_01_mir/recover-20220825/UBNA_002/20220823_033000.WAV,Telephone Field,recover-20220825,002,1795
868.8225,868.8299,27187,38637,Eptesicus serotinus,0.009,0.026,-1,Echolocation,/mnt/ubna_data_01_mir/recover-20220825/UBNA_002/20220823_033000.WAV,Telephone Field,recover-20220825,002,1795
868.8265,868.8321,32343,42203,Myotis daubentonii,0.009,0.026,-1,Echolocation,/mnt/ubna_data_01_mir/recover-20220825/UBNA_002/20220823_033000.WAV,Telephone Field,recover-20220825,002,1795
868.8415,868.8488,41796,53924,Pipistrellus nathusii,0.395,0.48,-1,Echolocation,/mnt/ubna_data_01_mir/recover-20220825/UBNA_002/20220823_033000.WAV,Telephone Field,recover-20220825,002,1795
868.8505,868.8565,30625,42538,Barbastellus barbastellus,0.014,0.036,-1,Echolocation,/mnt/ubna_data_01_mir/recover-20220825/UBNA_002/20220823_033000.WAV,Telephone Field,recover-20220825,002,1795
868.8735,868.8837,54687,62423,Pipistrellus pygmaeus,0.038,0.039,-1,Echolocation,/mnt/ubna_data_01_mir/recover-20220825/UBNA_002/20220823_033000.WAV,Telephone Field,recover-20220825,002,1795
868.8965,868.9042,58125,64214,Pipistrellus pygmaeus,0.068,0.068,-1,Echolocation,/mnt/ubna_data_01_mir/recover-20220825/UBNA_002/20220823_033000.WAV,Telephone Field,recover-20220825,002,1795
868.9285,868.9427,15156,19771,Nyctalus noctula,0.03,0.049,-1,Echolocation,/mnt/ubna_data_01_mir/recover-20220825/UBNA_002/20220823_033000.WAV,Telephone Field,recover-20220825,002,1795
868.9305,868.9372,41796,51638,Pipistrellus nathusii,0.519,0.598,-1,Echolocation,/mnt/ubna_data_01_mir/recover-20220825/UBNA_002/20220823_033000.WAV,Telephone Field,recover-20220825,002,1795
868.9885,868.9961,40937,48970,Pipistrellus nathusii,0.012,0.029,-1,Echolocation,/mnt/ubna_data_01_mir/recover-20220825/UBNA_002/20220823_033000.WAV,Telephone Field,recover-20220825,002,1795
868.9885,868.9964,28046,37913,Eptesicus serotinus,0.009,0.027,-1,Echolocation,/mnt/ubna_data_01_mir/recover-20220825/UBNA_002/20220823_033000.WAV,Telephone Field,recover-20220825,002,1795
869.0015,869.0088,42656,50305,Pipistrellus nathusii,0.27,0.309,-1,Echolocation,/mnt/ubna_data_01_mir/recover-20220825/UBNA_002/20220823_033000.WAV,Telephone Field,recover-20220825,002,1795
869.0035,869.0099,30625,44026,Barbastellus barbastellus,0.014,0.031,-1,Echolocation,/mnt/ubna_data_01_mir/recover-20220825/UBNA_002/20220823_033000.WAV,Telephone Field,recover-20220825,002,1795
869.0245,869.0315,40078,52015,Pipistrellus nathusii,0.439,0.561,-1,Echolocation,/mnt/ubna_data_01_mir/recover-20220825/UBNA_002/20220823_033000.WAV,Telephone Field,recover-20220825,002,1795
869.0355,869.0411,31484,45804,Myotis daubentonii,0.013,0.026,-1,Echolocation,/mnt/ubna_data_01_mir/recover-20220825/UBNA_002/20220823_033000.WAV,Telephone Field,recover-20220825,002,1795
869.0555,869.0667,26328,32284,Eptesicus serotinus,0.016,0.033,-1,Echolocation,/mnt/ubna_data_01_mir/recover-20220825/UBNA_002/20220823_033000.WAV,Telephone Field,recover-20220825,002,1795
869.0925,869.0998,42656,50669,Pipistrellus nathusii,0.081,0.106,-1,Echolocation,/mnt/ubna_data_01_mir/recover-20220825/UBNA_002/20220823_033000.WAV,Telephone Field,recover-20220825,002,1795
869.1035,869.1104,34062,43906,Myotis daubentonii,0.012,0.027,-1,Echolocation,/mnt/ubna_data_01_mir/recover-20220825/UBNA_002/20220823_033000.WAV,Telephone Field,recover-20220825,002,1795
869.1215,869.1283,39218,52118,Pipistrellus nathusii,0.347,0.47,-1,Echolocation,/mnt/ubna_data_01_mir/recover-20220825/UBNA_002/20220823_033000.WAV,Telephone Field,recover-20220825,002,1795
869.1355,869.1462,25468,31979,Eptesicus serotinus,0.02,0.044,-1,Echolocation,/mnt/ubna_data_01_mir/recover-20220825/UBNA_002/20220823_033000.WAV,Telephone Field,recover-20220825,002,1795
869.1715,869.1801,40937,46407,Pipistrellus nathusii,0.014,0.025,-1,Echolocation,/mnt/ubna_data_01_mir/recover-20220825/UBNA_002/20220823_033000.WAV,Telephone Field,recover-20220825,002,1795
869.1915,869.1981,57265,62554,Pipistrellus pygmaeus,0.061,0.061,-1,Echolocation,/mnt/ubna_data_01_mir/recover-20220825/UBNA_002/20220823_033000.WAV,Telephone Field,recover-20220825,002,1795
869.2005,869.2091,27187,35304,Eptesicus serotinus,0.011,0.026,-1,Echolocation,/mnt/ubna_data_01_mir/recover-20220825/UBNA_002/20220823_033000.WAV,Telephone Field,recover-20220825,002,1795
869.2175,869.2226,39218,53489,Pipistrellus nathusii,0.28,0.375,-1,Echolocation,/mnt/ubna_data_01_mir/recover-20220825/UBNA_002/20220823_033000.WAV,Telephone Field,recover-20220825,002,1795
869.2965,869.3022,37500,51585,Myotis brandtii,0.014,0.038,-1,Echolocation,/mnt/ubna_data_01_mir/recover-20220825/UBNA_002/20220823_033000.WAV,Telephone Field,recover-20220825,002,1795
869.3135,869.32,39218,50852,Pipistrellus nathusii,0.326,0.487,-1,Echolocation,/mnt/ubna_data_01_mir/recover-20220825/UBNA_002/20220823_033000.WAV,Telephone Field,recover-20220825,002,1795
869.3245,869.3301,30625,50044,Myotis daubentonii,0.017,0.028,-1,Echolocation,/mnt/ubna_data_01_mir/recover-20220825/UBNA_002/20220823_033000.WAV,Telephone Field,recover-20220825,002,1795
869.3625,869.3706999999999,27187,35251,Eptesicus serotinus,0.011,0.026,-1,Echolocation,/mnt/ubna_data_01_mir/recover-20220825/UBNA_002/20220823_033000.WAV,Telephone Field,recover-20220825,002,1795
869.3795,869.386,37500,52406,Myotis brandtii,0.014,0.035,-1,Echolocation,/mnt/ubna_data_01_mir/recover-20220825/UBNA_002/20220823_033000.WAV,Telephone Field,recover-20220825,002,1795
869.3875,869.3967,42656,47822,Pipistrellus nathusii,0.051,0.062,-1,Echolocation,/mnt/ubna_data_01_mir/recover-20220825/UBNA_002/20220823_033000.WAV,Telephone Field,recover-20220825,002,1795
869.4065,869.4132,40078,49434,Pipistrellus nathusii,0.178,0.282,-1,Echolocation,/mnt/ubna_data_01_mir/recover-20220825/UBNA_002/20220823_033000.WAV,Telephone Field,recover-20220825,002,1795
869.4395,869.445,33203,47261,Myotis daubentonii,0.018,0.05,-1,Echolocation,/mnt/ubna_data_01_mir/recover-20220825/UBNA_002/20220823_033000.WAV,Telephone Field,recover-20220825,002,1795
869.4395,869.4468,41796,49595,Pipistrellus nathusii,0.02,0.032,-1,Echolocation,/mnt/ubna_data_01_mir/recover-20220825/UBNA_002/20220823_033000.WAV,Telephone Field,recover-20220825,002,1795
869.4455,869.4537,53828,60196,Pipistrellus pygmaeus,0.039,0.04,-1,Echolocation,/mnt/ubna_data_01_mir/recover-20220825/UBNA_002/20220823_033000.WAV,Telephone Field,recover-20220825,002,1795
869.4555,869.463,49531,57250,Pipistrellus pipistrellus,0.017,0.025,-1,Echolocation,/mnt/ubna_data_01_mir/recover-20220825/UBNA_002/20220823_033000.WAV,Telephone Field,recover-20220825,002,1795
869.4975,869.5044,40078,51247,Pipistrellus nathusii,0.424,0.574,-1,Echolocation,/mnt/ubna_data_01_mir/recover-20220825/UBNA_002/20220823_033000.WAV,Telephone Field,recover-20220825,002,1795
869.5065,869.512,31484,43031,Myotis daubentonii,0.013,0.027,-1,Echolocation,/mnt/ubna_data_01_mir/recover-20220825/UBNA_002/20220823_033000.WAV,Telephone Field,recover-20220825,002,1795
869.5255,869.5331,50390,56782,Pipistrellus pipistrellus,0.016,0.026,-1,Echolocation,/mnt/ubna_data_01_mir/recover-20220825/UBNA_002/20220823_033000.WAV,Telephone Field,recover-20220825,002,1795
869.5445,869.5521,32343,42291,Barbastellus barbastellus,0.015,0.034,-1,Echolocation,/mnt/ubna_data_01_mir/recover-20220825/UBNA_002/20220823_033000.WAV,Telephone Field,recover-20220825,002,1795
869.5455,869.5528,46953,53069,Pipistrellus pipistrellus,0.016,0.026,-1,Echolocation,/mnt/ubna_data_01_mir/recover-20220825/UBNA_002/20220823_033000.WAV,Telephone Field,recover-20220825,002,1795
869.5455,869.5527,40937,52636,Pipistrellus nathusii,0.01,0.026,-1,Echolocation,/mnt/ubna_data_01_mir/recover-20220825/UBNA_002/20220823_033000.WAV,Telephone Field,recover-20220825,002,1795
869.5465,869.5551,27187,35303,Eptesicus serotinus,0.011,0.028,-1,Echolocation,/mnt/ubna_data_01_mir/recover-20220825/UBNA_002/20220823_033000.WAV,Telephone Field,recover-20220825,002,1795
869.5545,869.565,28046,33377,Eptesicus serotinus,0.011,0.026,-1,Echolocation,/mnt/ubna_data_01_mir/recover-20220825/UBNA_002/20220823_033000.WAV,Telephone Field,recover-20220825,002,1795
869.5665,869.5723,40937,51314,Pipistrellus nathusii,0.271,0.328,-1,Echolocation,/mnt/ubna_data_01_mir/recover-20220825/UBNA_002/20220823_033000.WAV,Telephone Field,recover-20220825,002,1795
869.5675,869.5773,23750,30811,Eptesicus serotinus,0.008,0.029,-1,Echolocation,/mnt/ubna_data_01_mir/recover-20220825/UBNA_002/20220823_033000.WAV,Telephone Field,recover-20220825,002,1795
869.5805,869.5871,27187,38826,Myotis daubentonii,0.008,0.026,-1,Echolocation,/mnt/ubna_data_01_mir/recover-20220825/UBNA_002/20220823_033000.WAV,Telephone Field,recover-20220825,002,1795
869.5825,869.5888,40937,52160,Pipistrellus nathusii,0.454,0.534,-1,Echolocation,/mnt/ubna_data_01_mir/recover-20220825/UBNA_002/20220823_033000.WAV,Telephone Field,recover-20220825,002,1795
869.6315,869.638,40937,49383,Pipistrellus nathusii,0.411,0.494,-1,Echolocation,/mnt/ubna_data_01_mir/recover-20220825/UBNA_002/20220823_033000.WAV,Telephone Field,recover-20220825,002,1795
869.6555,869.6615,40937,49928,Pipistrellus nathusii,0.406,0.451,-1,Echolocation,/mnt/ubna_data_01_mir/recover-20220825/UBNA_002/20220823_033000.WAV,Telephone Field,recover-20220825,002,1795
869.6955,869.703,40078,48291,Pipistrellus nathusii,0.31,0.472,-1,Echolocation,/mnt/ubna_data_01_mir/recover-20220825/UBNA_002/20220823_033000.WAV,Telephone Field,recover-20220825,002,1795
869.7035,869.7131,55546,66841,Pipistrellus pygmaeus,0.024,0.026,-1,Echolocation,/mnt/ubna_data_01_mir/recover-20220825/UBNA_002/20220823_033000.WAV,Telephone Field,recover-20220825,002,1795
869.7255,869.7317,28046,43606,Myotis daubentonii,0.009,0.026,-1,Echolocation,/mnt/ubna_data_01_mir/recover-20220825/UBNA_002/20220823_033000.WAV,Telephone Field,recover-20220825,002,1795
869.7255,869.7321,40937,53298,Pipistrellus nathusii,0.425,0.549,-1,Echolocation,/mnt/ubna_data_01_mir/recover-20220825/UBNA_002/20220823_033000.WAV,Telephone Field,recover-20220825,002,1795
869.7495,869.7577,38359,44041,Pipistrellus nathusii,0.015,0.028,-1,Echolocation,/mnt/ubna_data_01_mir/recover-20220825/UBNA_002/20220823_033000.WAV,Telephone Field,recover-20220825,002,1795
869.7685,869.7752,40937,49103,Pipistrellus nathusii,0.286,0.376,-1,Echolocation,/mnt/ubna_data_01_mir/recover-20220825/UBNA_002/20220823_033000.WAV,Telephone Field,recover-20220825,002,1795
869.7725,869.7803,55546,64673,Pipistrellus pygmaeus,0.024,0.026,-1,Echolocation,/mnt/ubna_data_01_mir/recover-20220825/UBNA_002/20220823_033000.WAV,Telephone Field,recover-20220825,002,1795
869.7795,869.7864,46953,50745,Pipistrellus pipistrellus,0.031,0.042,-1,Echolocation,/mnt/ubna_data_01_mir/recover-20220825/UBNA_002/20220823_033000.WAV,Telephone Field,recover-20220825,002,1795
869.8145,869.82,40078,55585,Pipistrellus nathusii,0.431,0.529,-1,Echolocation,/mnt/ubna_data_01_mir/recover-20220825/UBNA_002/20220823_033000.WAV,Telephone Field,recover-20220825,002,1795
869.8255,869.8312,30625,46504,Myotis daubentonii,0.015,0.028,-1,Echolocation,/mnt/ubna_data_01_mir/recover-20220825/UBNA_002/20220823_033000.WAV,Telephone Field,recover-20220825,002,1795
869.8285,869.8364,40937,46242,Pipistrellus nathusii,0.04,0.054,-1,Echolocation,/mnt/ubna_data_01_mir/recover-20220825/UBNA_002/20220823_033000.WAV,Telephone Field,recover-20220825,002,1795
869.8675,869.8748,34062,42056,Barbastellus barbastellus,0.011,0.026,-1,Echolocation,/mnt/ubna_data_01_mir/recover-20220825/UBNA_002/20220823_033000.WAV,Telephone Field,recover-20220825,002,1795
869.8725,869.8816,55546,63964,Pipistrellus pygmaeus,0.031,0.031,-1,Echolocation,/mnt/ubna_data_01_mir/recover-20220825/UBNA_002/20220823_033000.WAV,Telephone Field,recover-20220825,002,1795
869.8925,869.9014999999999,40937,49402,Pipistrellus nathusii,0.061,0.093,-1,Echolocation,/mnt/ubna_data_01_mir/recover-20220825/UBNA_002/20220823_033000.WAV,Telephone Field,recover-20220825,002,1795
869.9045,869.9106,40078,51294,Pipistrellus nathusii,0.326,0.487,-1,Echolocation,/mnt/ubna_data_01_mir/recover-20220825/UBNA_002/20220823_033000.WAV,Telephone Field,recover-20220825,002,1795
869.9325,869.9501,20312,24394,Nyctalus leisleri,0.012,0.026,-1,Echolocation,/mnt/ubna_data_01_mir/recover-20220825/UBNA_002/20220823_033000.WAV,Telephone Field,recover-20220825,002,1795
869.9525,869.9633,58125,63581,Pipistrellus pygmaeus,0.159,0.161,-1,Echolocation,/mnt/ubna_data_01_mir/recover-20220825/UBNA_002/20220823_033000.WAV,Telephone Field,recover-20220825,002,1795
869.9565,869.9645,42656,48831,Pipistrellus nathusii,0.026,0.035,-1,Echolocation,/mnt/ubna_data_01_mir/recover-20220825/UBNA_002/20220823_033000.WAV,Telephone Field,recover-20220825,002,1795
869.9575,869.9664,26328,33476,Eptesicus serotinus,0.011,0.026,-1,Echolocation,/mnt/ubna_data_01_mir/recover-20220825/UBNA_002/20220823_033000.WAV,Telephone Field,recover-20220825,002,1795
869.9865,869.9931,35781,43669,Barbastellus barbastellus,0.079,0.104,-1,Echolocation,/mnt/ubna_data_01_mir/recover-20220825/UBNA_002/20220823_033000.WAV,Telephone Field,recover-20220825,002,1795
870.0015,870.0289,68437,79794,Rhinolophus ferrumequinum,0.056,0.057,-1,Echolocation,/mnt/ubna_data_01_mir/recover-20220825/UBNA_002/20220823_033000.WAV,Telephone Field,recover-20220825,002,1795
870.0015,870.0063,40078,49011,Pipistrellus nathusii,0.282,0.319,-1,Echolocation,/mnt/ubna_data_01_mir/recover-20220825/UBNA_002/20220823_033000.WAV,Telephone Field,recover-20220825,002,1795
870.0535,870.0598,42656,54487,Pipistrellus nathusii,0.386,0.47,-1,Echolocation,/mnt/ubna_data_01_mir/recover-20220825/UBNA_002/20220823_033000.WAV,Telephone Field,recover-20220825,002,1795
870.0685,870.0763,40078,46145,Pipistrellus nathusii,0.016,0.033,-1,Echolocation,/mnt/ubna_data_01_mir/recover-20220825/UBNA_002/20220823_033000.WAV,Telephone Field,recover-20220825,002,1795
870.1105,870.1159,31484,44234,Myotis daubentonii,0.014,0.032,-1,Echolocation,/mnt/ubna_data_01_mir/recover-20220825/UBNA_002/20220823_033000.WAV,Telephone Field,recover-20220825,002,1795
870.1305,870.1383,41796,47550,Pipistrellus nathusii,0.02,0.032,-1,Echolocation,/mnt/ubna_data_01_mir/recover-20220825/UBNA_002/20220823_033000.WAV,Telephone Field,recover-20220825,002,1795
870.1585,870.1663,40937,50431,Pipistrellus nathusii,0.013,0.029,-1,Echolocation,/mnt/ubna_data_01_mir/recover-20220825/UBNA_002/20220823_033000.WAV,Telephone Field,recover-20220825,002,1795
870.1765,870.1829,40937,55220,Pipistrellus nathusii,0.353,0.559,-1,Echolocation,/mnt/ubna_data_01_mir/recover-20220825/UBNA_002/20220823_033000.WAV,Telephone Field,recover-20220825,002,1795
870.2185,870.2296,23750,29122,Nyctalus leisleri,0.012,0.028,-1,Echolocation,/mnt/ubna_data_01_mir/recover-20220825/UBNA_002/20220823_033000.WAV,Telephone Field,recover-20220825,002,1795
870.2455,870.2523,41796,51270,Pipistrellus nathusii,0.353,0.488,-1,Echolocation,/mnt/ubna_data_01_mir/recover-20220825/UBNA_002/20220823_033000.WAV,Telephone Field,recover-20220825,002,1795
870.2835,870.2907,26328,35749,Eptesicus serotinus,0.009,0.028,-1,Echolocation,/mnt/ubna_data_01_mir/recover-20220825/UBNA_002/20220823_033000.WAV,Telephone Field,recover-20220825,002,1795
870.3165,870.3224,41796,49984,Pipistrellus nathusii,0.29,0.396,-1,Echolocation,/mnt/ubna_data_01_mir/recover-20220825/UBNA_002/20220823_033000.WAV,Telephone Field,recover-20220825,002,1795
870.3295,870.3369,54687,63874,Pipistrellus pygmaeus,0.039,0.039,-1,Echolocation,/mnt/ubna_data_01_mir/recover-20220825/UBNA_002/20220823_033000.WAV,Telephone Field,recover-20220825,002,1795
870.3715,870.3779,34062,46395,Myotis daubentonii,0.01,0.026,-1,Echolocation,/mnt/ubna_data_01_mir/recover-20220825/UBNA_002/20220823_033000.WAV,Telephone Field,recover-20220825,002,1795
870.3785,870.3843,31484,44799,Myotis daubentonii,0.013,0.028,-1,Echolocation,/mnt/ubna_data_01_mir/recover-20220825/UBNA_002/20220823_033000.WAV,Telephone Field,recover-20220825,002,1795
870.3835,870.39,26328,37500,Eptesicus serotinus,0.007,0.026,-1,Echolocation,/mnt/ubna_data_01_mir/recover-20220825/UBNA_002/20220823_033000.WAV,Telephone Field,recover-20220825,002,1795
870.4045,870.4107,37500,55400,Pipistrellus nathusii,0.296,0.505,-1,Echolocation,/mnt/ubna_data_01_mir/recover-20220825/UBNA_002/20220823_033000.WAV,Telephone Field,recover-20220825,002,1795
870.4155,870.4218,31484,43291,Myotis daubentonii,0.017,0.03,-1,Echolocation,/mnt/ubna_data_01_mir/recover-20220825/UBNA_002/20220823_033000.WAV,Telephone Field,recover-20220825,002,1795
870.4505,870.4627,40937,45590,Pipistrellus nathusii,0.049,0.058,-1,Echolocation,/mnt/ubna_data_01_mir/recover-20220825/UBNA_002/20220823_033000.WAV,Telephone Field,recover-20220825,002,1795
870.4655,870.4724,42656,53130,Pipistrellus nathusii,0.025,0.048,-1,Echolocation,/mnt/ubna_data_01_mir/recover-20220825/UBNA_002/20220823_033000.WAV,Telephone Field,recover-20220825,002,1795
870.4715,870.4778,34062,46537,Myotis daubentonii,0.012,0.03,-1,Echolocation,/mnt/ubna_data_01_mir/recover-20220825/UBNA_002/20220823_033000.WAV,Telephone Field,recover-20220825,002,1795
870.4755,870.483,40937,52884,Pipistrellus nathusii,0.016,0.032,-1,Echolocation,/mnt/ubna_data_01_mir/recover-20220825/UBNA_002/20220823_033000.WAV,Telephone Field,recover-20220825,002,1795
870.4935,870.4993,38359,53451,Pipistrellus nathusii,0.277,0.4,-1,Echolocation,/mnt/ubna_data_01_mir/recover-20220825/UBNA_002/20220823_033000.WAV,Telephone Field,recover-20220825,002,1795
870.5435,870.5507,38359,50514,Myotis brandtii,0.01,0.029,-1,Echolocation,/mnt/ubna_data_01_mir/recover-20220825/UBNA_002/20220823_033000.WAV,Telephone Field,recover-20220825,002,1795
870.5575,870.5636,40078,51819,Pipistrellus nathusii,0.183,0.285,-1,Echolocation,/mnt/ubna_data_01_mir/recover-20220825/UBNA_002/20220823_033000.WAV,Telephone Field,recover-20220825,002,1795
870.5685,870.5749,29765,37757,Myotis daubentonii,0.015,0.027,-1,Echolocation,/mnt/ubna_data_01_mir/recover-20220825/UBNA_002/20220823_033000.WAV,Telephone Field,recover-20220825,002,1795
870.5725,870.58,40937,53558,Pipistrellus nathusii,0.009,0.026,-1,Echolocation,/mnt/ubna_data_01_mir/recover-20220825/UBNA_002/20220823_033000.WAV,Telephone Field,recover-20220825,002,1795
870.6135,870.6203,40937,50690,Pipistrellus nathusii,0.281,0.417,-1,Echolocation,/mnt/ubna_data_01_mir/recover-20220825/UBNA_002/20220823_033000.WAV,Telephone Field,recover-20220825,002,1795
870.6405,870.6474,38359,46913,Pipistrellus nathusii,0.184,0.256,-1,Echolocation,/mnt/ubna_data_01_mir/recover-20220825/UBNA_002/20220823_033000.WAV,Telephone Field,recover-20220825,002,1795
870.6515,870.6906,68437,82029,Rhinolophus ferrumequinum,0.026,0.026,-1,Echolocation,/mnt/ubna_data_01_mir/recover-20220825/UBNA_002/20220823_033000.WAV,Telephone Field,recover-20220825,002,1795
870.6895,870.696,39218,54941,Pipistrellus nathusii,0.35,0.501,-1,Echolocation,/mnt/ubna_data_01_mir/recover-20220825/UBNA_002/20220823_033000.WAV,Telephone Field,recover-20220825,002,1795
870.7355,870.7423,41796,47874,Pipistrellus nathusii,0.136,0.161,-1,Echolocation,/mnt/ubna_data_01_mir/recover-20220825/UBNA_002/20220823_033000.WAV,Telephone Field,recover-20220825,002,1795
870.7525,870.7592,41796,52194,Pipistrellus nathusii,0.018,0.042,-1,Echolocation,/mnt/ubna_data_01_mir/recover-20220825/UBNA_002/20220823_033000.WAV,Telephone Field,recover-20220825,002,1795
870.7615,870.7683,42656,48893,Pipistrellus nathusii,0.074,0.097,-1,Echolocation,/mnt/ubna_data_01_mir/recover-20220825/UBNA_002/20220823_033000.WAV,Telephone Field,recover-20220825,002,1795
870.7625,870.7694,36640,46140,Pipistrellus nathusii,0.049,0.102,-1,Echolocation,/mnt/ubna_data_01_mir/recover-20220825/UBNA_002/20220823_033000.WAV,Telephone Field,recover-20220825,002,1795
870.8005,870.8079,55546,65438,Pipistrellus pygmaeus,0.026,0.026,-1,Echolocation,/mnt/ubna_data_01_mir/recover-20220825/UBNA_002/20220823_033000.WAV,Telephone Field,recover-20220825,002,1795
870.8035,870.8124,40937,50071,Pipistrellus nathusii,0.08,0.114,-1,Echolocation,/mnt/ubna_data_01_mir/recover-20220825/UBNA_002/20220823_033000.WAV,Telephone Field,recover-20220825,002,1795
870.8375,870.8436,40078,48270,Pipistrellus nathusii,0.374,0.423,-1,Echolocation,/mnt/ubna_data_01_mir/recover-20220825/UBNA_002/20220823_033000.WAV,Telephone Field,recover-20220825,002,1795
870.8695,870.8779,39218,44809,Pipistrellus nathusii,0.033,0.061,-1,Echolocation,/mnt/ubna_data_01_mir/recover-20220825/UBNA_002/20220823_033000.WAV,Telephone Field,recover-20220825,002,1795
870.8715,870.8779,32343,43072,Barbastellus barbastellus,0.021,0.049,-1,Echolocation,/mnt/ubna_data_01_mir/recover-20220825/UBNA_002/20220823_033000.WAV,Telephone Field,recover-20220825,002,1795
870.9005,870.9098,41796,46399,Pipistrellus nathusii,0.07,0.085,-1,Echolocation,/mnt/ubna_data_01_mir/recover-20220825/UBNA_002/20220823_033000.WAV,Telephone Field,recover-20220825,002,1795
870.9015,870.9075,31484,46102,Myotis daubentonii,0.016,0.033,-1,Echolocation,/mnt/ubna_data_01_mir/recover-20220825/UBNA_002/20220823_033000.WAV,Telephone Field,recover-20220825,002,1795
870.9095,870.9168,55546,62549,Pipistrellus pygmaeus,0.026,0.026,-1,Echolocation,/mnt/ubna_data_01_mir/recover-20220825/UBNA_002/20220823_033000.WAV,Telephone Field,recover-20220825,002,1795
870.9145,870.9221,42656,54496,Pipistrellus nathusii,0.015,0.034,-1,Echolocation,/mnt/ubna_data_01_mir/recover-20220825/UBNA_002/20220823_033000.WAV,Telephone Field,recover-20220825,002,1795
870.9165,870.9235,36640,50412,Pipistrellus nathusii,0.011,0.033,-1,Echolocation,/mnt/ubna_data_01_mir/recover-20220825/UBNA_002/20220823_033000.WAV,Telephone Field,recover-20220825,002,1795
870.9295,870.9369,58125,66288,Pipistrellus pygmaeus,0.026,0.026,-1,Echolocation,/mnt/ubna_data_01_mir/recover-20220825/UBNA_002/20220823_033000.WAV,Telephone Field,recover-20220825,002,1795
870.9335,870.9394,38359,50159,Pipistrellus nathusii,0.227,0.384,-1,Echolocation,/mnt/ubna_data_01_mir/recover-20220825/UBNA_002/20220823_033000.WAV,Telephone Field,recover-20220825,002,1795
870.9505,870.9578,30625,38696,Myotis daubentonii,0.011,0.027,-1,Echolocation,/mnt/ubna_data_01_mir/recover-20220825/UBNA_002/20220823_033000.WAV,Telephone Field,recover-20220825,002,1795
870.9635,870.9697,39218,49269,Pipistrellus nathusii,0.033,0.106,-1,Echolocation,/mnt/ubna_data_01_mir/recover-20220825/UBNA_002/20220823_033000.WAV,Telephone Field,recover-20220825,002,1795
870.9845,870.9928,26328,35823,Eptesicus serotinus,0.009,0.026,-1,Echolocation,/mnt/ubna_data_01_mir/recover-20220825/UBNA_002/20220823_033000.WAV,Telephone Field,recover-20220825,002,1795
870.9925,871.0001,40078,50214,Pipistrellus nathusii,0.012,0.034,-1,Echolocation,/mnt/ubna_data_01_mir/recover-20220825/UBNA_002/20220823_033000.WAV,Telephone Field,recover-20220825,002,1795
871.0075,871.0152,40937,47783,Pipistrellus nathusii,0.019,0.033,-1,Echolocation,/mnt/ubna_data_01_mir/recover-20220825/UBNA_002/20220823_033000.WAV,Telephone Field,recover-20220825,002,1795
871.0215,871.0288,58125,63797,Pipistrellus pygmaeus,0.052,0.053,-1,Echolocation,/mnt/ubna_data_01_mir/recover-20220825/UBNA_002/20220823_033000.WAV,Telephone Field,recover-20220825,002,1795
871.0285,871.0346,39218,50258,Pipistrellus nathusii,0.342,0.463,-1,Echolocation,/mnt/ubna_data_01_mir/recover-20220825/UBNA_002/20220823_033000.WAV,Telephone Field,recover-20220825,002,1795
871.0565,871.0622,30625,48141,Myotis daubentonii,0.016,0.029,-1,Echolocation,/mnt/ubna_data_01_mir/recover-20220825/UBNA_002/20220823_033000.WAV,Telephone Field,recover-20220825,002,1795
871.0605,871.0674,41796,53431,Pipistrellus nathusii,0.014,0.034,-1,Echolocation,/mnt/ubna_data_01_mir/recover-20220825/UBNA_002/20220823_033000.WAV,Telephone Field,recover-20220825,002,1795
871.0925,871.0986,28046,46731,Myotis daubentonii,0.018,0.033,-1,Echolocation,/mnt/ubna_data_01_mir/recover-20220825/UBNA_002/20220823_033000.WAV,Telephone Field,recover-20220825,002,1795
871.0935,871.1003,39218,47200,Pipistrellus nathusii,0.061,0.098,-1,Echolocation,/mnt/ubna_data_01_mir/recover-20220825/UBNA_002/20220823_033000.WAV,Telephone Field,recover-20220825,002,1795
871.1035,871.1112,40937,48727,Pipistrellus nathusii,0.19,0.258,-1,Echolocation,/mnt/ubna_data_01_mir/recover-20220825/UBNA_002/20220823_033000.WAV,Telephone Field,recover-20220825,002,1795
871.1065,871.1149,22890,30040,Eptesicus serotinus,0.008,0.026,-1,Echolocation,/mnt/ubna_data_01_mir/recover-20220825/UBNA_002/20220823_033000.WAV,Telephone Field,recover-20220825,002,1795
871.1325,871.1386,39218,50980,Pipistrellus nathusii,0.396,0.497,-1,Echolocation,/mnt/ubna_data_01_mir/recover-20220825/UBNA_002/20220823_033000.WAV,Telephone Field,recover-20220825,002,1795
871.1615,871.1683,40937,51220,Pipistrellus nathusii,0.144,0.251,-1,Echolocation,/mnt/ubna_data_01_mir/recover-20220825/UBNA_002/20220823_033000.WAV,Telephone Field,recover-20220825,002,1795
871.1785,871.1863,26328,34668,Eptesicus serotinus,0.008,0.026,-1,Echolocation,/mnt/ubna_data_01_mir/recover-20220825/UBNA_002/20220823_033000.WAV,Telephone Field,recover-20220825,002,1795
871.1895,871.1952,37500,46529,Barbastellus barbastellus,0.136,0.204,-1,Echolocation,/mnt/ubna_data_01_mir/recover-20220825/UBNA_002/20220823_033000.WAV,Telephone Field,recover-20220825,002,1795
871.2195,871.2265,40078,51524,Pipistrellus nathusii,0.009,0.025,-1,Echolocation,/mnt/ubna_data_01_mir/recover-20220825/UBNA_002/20220823_033000.WAV,Telephone Field,recover-20220825,002,1795
871.2335,871.241,40937,51840,Pipistrellus nathusii,0.278,0.443,-1,Echolocation,/mnt/ubna_data_01_mir/recover-20220825/UBNA_002/20220823_033000.WAV,Telephone Field,recover-20220825,002,1795
871.2765,871.2832,40078,47986,Pipistrellus nathusii,0.45,0.53,-1,Echolocation,/mnt/ubna_data_01_mir/recover-20220825/UBNA_002/20220823_033000.WAV,Telephone Field,recover-20220825,002,1795
871.3165,871.3225,40937,53086,Pipistrellus nathusii,0.337,0.485,-1,Echolocation,/mnt/ubna_data_01_mir/recover-20220825/UBNA_002/20220823_033000.WAV,Telephone Field,recover-20220825,002,1795
871.3485,871.355,40078,49800,Pipistrellus nathusii,0.409,0.55,-1,Echolocation,/mnt/ubna_data_01_mir/recover-20220825/UBNA_002/20220823_033000.WAV,Telephone Field,recover-20220825,002,1795
871.3585,871.3653,41796,50024,Pipistrellus nathusii,0.02,0.044,-1,Echolocation,/mnt/ubna_data_01_mir/recover-20220825/UBNA_002/20220823_033000.WAV,Telephone Field,recover-20220825,002,1795
871.3585,871.3646,33203,50832,Myotis daubentonii,0.02,0.043,-1,Echolocation,/mnt/ubna_data_01_mir/recover-20220825/UBNA_002/20220823_033000.WAV,Telephone Field,recover-20220825,002,1795
871.3885,871.42,68437,80257,Rhinolophus ferrumequinum,0.026,0.026,-1,Echolocation,/mnt/ubna_data_01_mir/recover-20220825/UBNA_002/20220823_033000.WAV,Telephone Field,recover-20220825,002,1795
871.3905,871.3984,42656,50897,Pipistrellus nathusii,0.037,0.048,-1,Echolocation,/mnt/ubna_data_01_mir/recover-20220825/UBNA_002/20220823_033000.WAV,Telephone Field,recover-20220825,002,1795
871.3905,871.3978,36640,46387,Pipistrellus nathusii,0.011,0.041,-1,Echolocation,/mnt/ubna_data_01_mir/recover-20220825/UBNA_002/20220823_033000.WAV,Telephone Field,recover-20220825,002,1795
871.4215,871.4282,40078,50260,Pipistrellus nathusii,0.416,0.537,-1,Echolocation,/mnt/ubna_data_01_mir/recover-20220825/UBNA_002/20220823_033000.WAV,Telephone Field,recover-20220825,002,1795
871.4295,871.4355,30625,41535,Myotis daubentonii,0.017,0.03,-1,Echolocation,/mnt/ubna_data_01_mir/recover-20220825/UBNA_002/20220823_033000.WAV,Telephone Field,recover-20220825,002,1795
871.4555,871.461,40937,55608,Pipistrellus nathusii,0.167,0.303,-1,Echolocation,/mnt/ubna_data_01_mir/recover-20220825/UBNA_002/20220823_033000.WAV,Telephone Field,recover-20220825,002,1795
871.4575,871.4676,21171,25887,Nyctalus leisleri,0.011,0.026,-1,Echolocation,/mnt/ubna_data_01_mir/recover-20220825/UBNA_002/20220823_033000.WAV,Telephone Field,recover-20220825,002,1795
871.4875,871.494,40078,53383,Pipistrellus nathusii,0.041,0.098,-1,Echolocation,/mnt/ubna_data_01_mir/recover-20220825/UBNA_002/20220823_033000.WAV,Telephone Field,recover-20220825,002,1795
871.4975,871.5045,40078,48744,Pipistrellus nathusii,0.243,0.43,-1,Echolocation,/mnt/ubna_data_01_mir/recover-20220825/UBNA_002/20220823_033000.WAV,Telephone Field,recover-20220825,002,1795
871.5285,871.5337,40937,54787,Pipistrellus nathusii,0.398,0.451,-1,Echolocation,/mnt/ubna_data_01_mir/recover-20220825/UBNA_002/20220823_033000.WAV,Telephone Field,recover-20220825,002,1795
871.5385,871.5449,34921,47467,Myotis daubentonii,0.014,0.025,-1,Echolocation,/mnt/ubna_data_01_mir/recover-20220825/UBNA_002/20220823_033000.WAV,Telephone Field,recover-20220825,002,1795
871.5675,871.5737,38359,54445,Pipistrellus nathusii,0.295,0.477,-1,Echolocation,/mnt/ubna_data_01_mir/recover-20220825/UBNA_002/20220823_033000.WAV,Telephone Field,recover-20220825,002,1795
871.5775,871.5836,31484,41324,Myotis daubentonii,0.015,0.027,-1,Echolocation,/mnt/ubna_data_01_mir/recover-20220825/UBNA_002/20220823_033000.WAV,Telephone Field,recover-20220825,002,1795
871.6075,871.6136,41796,53814,Pipistrellus nathusii,0.327,0.445,-1,Echolocation,/mnt/ubna_data_01_mir/recover-20220825/UBNA_002/20220823_033000.WAV,Telephone Field,recover-20220825,002,1795
871.6535,871.6595,37500,52053,Pipistrellus nathusii,0.189,0.304,-1,Echolocation,/mnt/ubna_data_01_mir/recover-20220825/UBNA_002/20220823_033000.WAV,Telephone Field,recover-20220825,002,1795
871.6955,871.7016,40078,57166,Pipistrellus nathusii,0.291,0.494,-1,Echolocation,/mnt/ubna_data_01_mir/recover-20220825/UBNA_002/20220823_033000.WAV,Telephone Field,recover-20220825,002,1795
871.7425,871.7489,40937,52865,Pipistrellus nathusii,0.348,0.472,-1,Echolocation,/mnt/ubna_data_01_mir/recover-20220825/UBNA_002/20220823_033000.WAV,Telephone Field,recover-20220825,002,1795
871.7785,871.7843,28906,54269,Myotis daubentonii,0.016,0.027,-1,Echolocation,/mnt/ubna_data_01_mir/recover-20220825/UBNA_002/20220823_033000.WAV,Telephone Field,recover-20220825,002,1795
871.7785,871.7844,40937,58659,Pipistrellus nathusii,0.361,0.558,-1,Echolocation,/mnt/ubna_data_01_mir/recover-20220825/UBNA_002/20220823_033000.WAV,Telephone Field,recover-20220825,002,1795
871.8045,871.8106,32343,44181,Myotis daubentonii,0.015,0.029,-1,Echolocation,/mnt/ubna_data_01_mir/recover-20220825/UBNA_002/20220823_033000.WAV,Telephone Field,recover-20220825,002,1795
871.8405,871.8467,40078,52045,Pipistrellus nathusii,0.282,0.442,-1,Echolocation,/mnt/ubna_data_01_mir/recover-20220825/UBNA_002/20220823_033000.WAV,Telephone Field,recover-20220825,002,1795
871.8425,871.848,28906,46815,Myotis daubentonii,0.014,0.027,-1,Echolocation,/mnt/ubna_data_01_mir/recover-20220825/UBNA_002/20220823_033000.WAV,Telephone Field,recover-20220825,002,1795
871.8655,871.8717,40937,53884,Pipistrellus nathusii,0.367,0.495,-1,Echolocation,/mnt/ubna_data_01_mir/recover-20220825/UBNA_002/20220823_033000.WAV,Telephone Field,recover-20220825,002,1795
871.8955,871.9038,53828,61050,Pipistrellus pygmaeus,0.041,0.042,-1,Echolocation,/mnt/ubna_data_01_mir/recover-20220825/UBNA_002/20220823_033000.WAV,Telephone Field,recover-20220825,002,1795
871.9065,871.9149,40937,48418,Pipistrellus nathusii,0.016,0.03,-1,Echolocation,/mnt/ubna_data_01_mir/recover-20220825/UBNA_002/20220823_033000.WAV,Telephone Field,recover-20220825,002,1795
871.9085,871.915,32343,42634,Barbastellus barbastellus,0.019,0.038,-1,Echolocation,/mnt/ubna_data_01_mir/recover-20220825/UBNA_002/20220823_033000.WAV,Telephone Field,recover-20220825,002,1795
871.9265,871.9362,40937,45435,Pipistrellus nathusii,0.027,0.038,-1,Echolocation,/mnt/ubna_data_01_mir/recover-20220825/UBNA_002/20220823_033000.WAV,Telephone Field,recover-20220825,002,1795
871.9595,871.9653,40078,53773,Pipistrellus nathusii,0.445,0.54,-1,Echolocation,/mnt/ubna_data_01_mir/recover-20220825/UBNA_002/20220823_033000.WAV,Telephone Field,recover-20220825,002,1795
871.9895,871.9957,39218,50427,Pipistrellus nathusii,0.19,0.299,-1,Echolocation,/mnt/ubna_data_01_mir/recover-20220825/UBNA_002/20220823_033000.WAV,Telephone Field,recover-20220825,002,1795
872.0015,872.0098,39218,47872,Pipistrellus nathusii,0.015,0.03,-1,Echolocation,/mnt/ubna_data_01_mir/recover-20220825/UBNA_002/20220823_033000.WAV,Telephone Field,recover-20220825,002,1795
872.0015,872.0326,68437,79196,Rhinolophus ferrumequinum,0.033,0.034,-1,Echolocation,/mnt/ubna_data_01_mir/recover-20220825/UBNA_002/20220823_033000.WAV,Telephone Field,recover-20220825,002,1795
872.0015,872.0087,24609,37482,Plecotus austriacus,0.005,0.025,-1,Echolocation,/mnt/ubna_data_01_mir/recover-20220825/UBNA_002/20220823_033000.WAV,Telephone Field,recover-20220825,002,1795
872.0335,872.04,33203,57690,Myotis brandtii,0.013,0.025,-1,Echolocation,/mnt/ubna_data_01_mir/recover-20220825/UBNA_002/20220823_033000.WAV,Telephone Field,recover-20220825,002,1795
872.0335,872.0409,40937,54631,Pipistrellus nathusii,0.013,0.033,-1,Echolocation,/mnt/ubna_data_01_mir/recover-20220825/UBNA_002/20220823_033000.WAV,Telephone Field,recover-20220825,002,1795
872.0345,872.0406,48671,54905,Pipistrellus pipistrellus,0.019,0.028,-1,Echolocation,/mnt/ubna_data_01_mir/recover-20220825/UBNA_002/20220823_033000.WAV,Telephone Field,recover-20220825,002,1795
872.0545,872.0615,40078,54213,Pipistrellus nathusii,0.472,0.599,-1,Echolocation,/mnt/ubna_data_01_mir/recover-20220825/UBNA_002/20220823_033000.WAV,Telephone Field,recover-20220825,002,1795
872.1105,872.1194,46093,49846,Pipistrellus pipistrellus,0.019,0.03,-1,Echolocation,/mnt/ubna_data_01_mir/recover-20220825/UBNA_002/20220823_033000.WAV,Telephone Field,recover-20220825,002,1795
872.1185,872.154,68437,81671,Rhinolophus ferrumequinum,0.027,0.027,-1,Echolocation,/mnt/ubna_data_01_mir/recover-20220825/UBNA_002/20220823_033000.WAV,Telephone Field,recover-20220825,002,1795
872.1245,872.1324,27187,36474,Eptesicus serotinus,0.009,0.026,-1,Echolocation,/mnt/ubna_data_01_mir/recover-20220825/UBNA_002/20220823_033000.WAV,Telephone Field,recover-20220825,002,1795
872.1325,872.1438,41796,46008,Pipistrellus nathusii,0.062,0.071,-1,Echolocation,/mnt/ubna_data_01_mir/recover-20220825/UBNA_002/20220823_033000.WAV,Telephone Field,recover-20220825,002,1795
872.1525,872.1593,39218,55101,Pipistrellus nathusii,0.544,0.638,-1,Echolocation,/mnt/ubna_data_01_mir/recover-20220825/UBNA_002/20220823_033000.WAV,Telephone Field,recover-20220825,002,1795
872.1645,872.1743,23750,28952,Nyctalus leisleri,0.009,0.024,-1,Echolocation,/mnt/ubna_data_01_mir/recover-20220825/UBNA_002/20220823_033000.WAV,Telephone Field,recover-20220825,002,1795
872.1725,872.1803,38359,44174,Pipistrellus nathusii,0.145,0.164,-1,Echolocation,/mnt/ubna_data_01_mir/recover-20220825/UBNA_002/20220823_033000.WAV,Telephone Field,recover-20220825,002,1795
872.2045,872.213,41796,51315,Pipistrellus nathusii,0.01,0.025,-1,Echolocation,/mnt/ubna_data_01_mir/recover-20220825/UBNA_002/20220823_033000.WAV,Telephone Field,recover-20220825,002,1795
872.2315,872.2418,57265,63614,Pipistrellus pygmaeus,0.023,0.023,-1,Echolocation,/mnt/ubna_data_01_mir/recover-20220825/UBNA_002/20220823_033000.WAV,Telephone Field,recover-20220825,002,1795
872.2325,872.2389,35781,48622,Myotis brandtii,0.008,0.024,-1,Echolocation,/mnt/ubna_data_01_mir/recover-20220825/UBNA_002/20220823_033000.WAV,Telephone Field,recover-20220825,002,1795
872.2465,872.2526,40078,55002,Pipistrellus nathusii,0.493,0.59,-1,Echolocation,/mnt/ubna_data_01_mir/recover-20220825/UBNA_002/20220823_033000.WAV,Telephone Field,recover-20220825,002,1795
872.2485,872.2627,15156,19747,Nyctalus noctula,0.014,0.028,-1,Echolocation,/mnt/ubna_data_01_mir/recover-20220825/UBNA_002/20220823_033000.WAV,Telephone Field,recover-20220825,002,1795
872.2565,872.2635,26328,33355,Eptesicus serotinus,0.008,0.027,-1,Echolocation,/mnt/ubna_data_01_mir/recover-20220825/UBNA_002/20220823_033000.WAV,Telephone Field,recover-20220825,002,1795
872.3045,872.3104,30625,43486,Myotis daubentonii,0.011,0.025,-1,Echolocation,/mnt/ubna_data_01_mir/recover-20220825/UBNA_002/20220823_033000.WAV,Telephone Field,recover-20220825,002,1795
872.3045,872.3212,20312,24433,Nyctalus leisleri,0.012,0.027,-1,Echolocation,/mnt/ubna_data_01_mir/recover-20220825/UBNA_002/20220823_033000.WAV,Telephone Field,recover-20220825,002,1795
872.3115,872.3216,40937,45528,Pipistrellus nathusii,0.038,0.049,-1,Echolocation,/mnt/ubna_data_01_mir/recover-20220825/UBNA_002/20220823_033000.WAV,Telephone Field,recover-20220825,002,1795
872.3605,872.3681,38359,53294,Pipistrellus nathusii,0.441,0.565,-1,Echolocation,/mnt/ubna_data_01_mir/recover-20220825/UBNA_002/20220823_033000.WAV,Telephone Field,recover-20220825,002,1795
872.3695,872.3773,27187,35033,Eptesicus serotinus,0.008,0.03,-1,Echolocation,/mnt/ubna_data_01_mir/recover-20220825/UBNA_002/20220823_033000.WAV,Telephone Field,recover-20220825,002,1795
872.4475,872.4544,40078,55087,Pipistrellus nathusii,0.363,0.49,-1,Echolocation,/mnt/ubna_data_01_mir/recover-20220825/UBNA_002/20220823_033000.WAV,Telephone Field,recover-20220825,002,1795
872.4735,872.4809,26328,35631,Eptesicus serotinus,0.006,0.023,-1,Echolocation,/mnt/ubna_data_01_mir/recover-20220825/UBNA_002/20220823_033000.WAV,Telephone Field,recover-20220825,002,1795
872.5055,872.5135,40937,45282,Pipistrellus nathusii,0.144,0.157,-1,Echolocation,/mnt/ubna_data_01_mir/recover-20220825/UBNA_002/20220823_033000.WAV,Telephone Field,recover-20220825,002,1795
872.5085,872.5428,68437,81183,Rhinolophus ferrumequinum,0.024,0.024,-1,Echolocation,/mnt/ubna_data_01_mir/recover-20220825/UBNA_002/20220823_033000.WAV,Telephone Field,recover-20220825,002,1795
872.5355,872.5421,40078,54228,Pipistrellus nathusii,0.369,0.486,-1,Echolocation,/mnt/ubna_data_01_mir/recover-20220825/UBNA_002/20220823_033000.WAV,Telephone Field,recover-20220825,002,1795
872.5455,872.5512,31484,43501,Myotis daubentonii,0.012,0.024,-1,Echolocation,/mnt/ubna_data_01_mir/recover-20220825/UBNA_002/20220823_033000.WAV,Telephone Field,recover-20220825,002,1795
872.5945,872.6083,23750,28316,Nyctalus leisleri,0.019,0.038,-1,Echolocation,/mnt/ubna_data_01_mir/recover-20220825/UBNA_002/20220823_033000.WAV,Telephone Field,recover-20220825,002,1795
872.5965,872.6031,32343,42043,Myotis daubentonii,0.01,0.025,-1,Echolocation,/mnt/ubna_data_01_mir/recover-20220825/UBNA_002/20220823_033000.WAV,Telephone Field,recover-20220825,002,1795
872.6115,872.6176,40937,59127,Pipistrellus nathusii,0.367,0.468,-1,Echolocation,/mnt/ubna_data_01_mir/recover-20220825/UBNA_002/20220823_033000.WAV,Telephone Field,recover-20220825,002,1795
872.6525,872.6613,28046,34741,Eptesicus serotinus,0.01,0.025,-1,Echolocation,/mnt/ubna_data_01_mir/recover-20220825/UBNA_002/20220823_033000.WAV,Telephone Field,recover-20220825,002,1795
872.6675,872.6736,38359,56451,Pipistrellus nathusii,0.392,0.526,-1,Echolocation,/mnt/ubna_data_01_mir/recover-20220825/UBNA_002/20220823_033000.WAV,Telephone Field,recover-20220825,002,1795
872.6765,872.683,26328,40682,Eptesicus serotinus,0.007,0.029,-1,Echolocation,/mnt/ubna_data_01_mir/recover-20220825/UBNA_002/20220823_033000.WAV,Telephone Field,recover-20220825,002,1795
872.7375,872.7731,68437,81413,Rhinolophus ferrumequinum,0.029,0.03,-1,Echolocation,/mnt/ubna_data_01_mir/recover-20220825/UBNA_002/20220823_033000.WAV,Telephone Field,recover-20220825,002,1795
872.7375,872.7436,40078,56061,Pipistrellus nathusii,0.33,0.415,-1,Echolocation,/mnt/ubna_data_01_mir/recover-20220825/UBNA_002/20220823_033000.WAV,Telephone Field,recover-20220825,002,1795
872.7455,872.751,31484,44817,Myotis daubentonii,0.01,0.026,-1,Echolocation,/mnt/ubna_data_01_mir/recover-20220825/UBNA_002/20220823_033000.WAV,Telephone Field,recover-20220825,002,1795
872.7775,872.79,30625,35431,Eptesicus serotinus,0.013,0.044,-1,Echolocation,/mnt/ubna_data_01_mir/recover-20220825/UBNA_002/20220823_033000.WAV,Telephone Field,recover-20220825,002,1795
872.7875,872.7956,28046,36938,Eptesicus serotinus,0.011,0.028,-1,Echolocation,/mnt/ubna_data_01_mir/recover-20220825/UBNA_002/20220823_033000.WAV,Telephone Field,recover-20220825,002,1795
872.8115,872.8197,37500,43955,Pipistrellus nathusii,0.012,0.026,-1,Echolocation,/mnt/ubna_data_01_mir/recover-20220825/UBNA_002/20220823_033000.WAV,Telephone Field,recover-20220825,002,1795
872.8135,872.8218,27187,34074,Eptesicus serotinus,0.01,0.028,-1,Echolocation,/mnt/ubna_data_01_mir/recover-20220825/UBNA_002/20220823_033000.WAV,Telephone Field,recover-20220825,002,1795
872.8195,872.8295,51250,58122,Pipistrellus pygmaeus,0.021,0.025,-1,Echolocation,/mnt/ubna_data_01_mir/recover-20220825/UBNA_002/20220823_033000.WAV,Telephone Field,recover-20220825,002,1795
872.8255,872.8322,39218,59191,Pipistrellus nathusii,0.449,0.508,-1,Echolocation,/mnt/ubna_data_01_mir/recover-20220825/UBNA_002/20220823_033000.WAV,Telephone Field,recover-20220825,002,1795
872.8335,872.8387,31484,49968,Myotis daubentonii,0.017,0.052,-1,Echolocation,/mnt/ubna_data_01_mir/recover-20220825/UBNA_002/20220823_033000.WAV,Telephone Field,recover-20220825,002,1795
872.8555,872.8649,28046,36585,Eptesicus serotinus,0.01,0.024,-1,Echolocation,/mnt/ubna_data_01_mir/recover-20220825/UBNA_002/20220823_033000.WAV,Telephone Field,recover-20220825,002,1795
872.8785,872.8873,40078,47276,Pipistrellus nathusii,0.104,0.121,-1,Echolocation,/mnt/ubna_data_01_mir/recover-20220825/UBNA_002/20220823_033000.WAV,Telephone Field,recover-20220825,002,1795
872.8795,872.8876,55546,64172,Pipistrellus pygmaeus,0.03,0.03,-1,Echolocation,/mnt/ubna_data_01_mir/recover-20220825/UBNA_002/20220823_033000.WAV,Telephone Field,recover-20220825,002,1795
872.9175,872.9243,40078,57589,Pipistrellus nathusii,0.482,0.545,-1,Echolocation,/mnt/ubna_data_01_mir/recover-20220825/UBNA_002/20220823_033000.WAV,Telephone Field,recover-20220825,002,1795
872.9185,872.9237,50390,55886,Pipistrellus pipistrellus,0.014,0.025,-1,Echolocation,/mnt/ubna_data_01_mir/recover-20220825/UBNA_002/20220823_033000.WAV,Telephone Field,recover-20220825,002,1795
872.9265,872.9351,25468,33231,Nyctalus leisleri,0.009,0.027,-1,Echolocation,/mnt/ubna_data_01_mir/recover-20220825/UBNA_002/20220823_033000.WAV,Telephone Field,recover-20220825,002,1795
872.9485,872.9592,58984,65175,Pipistrellus pygmaeus,0.025,0.025,-1,Echolocation,/mnt/ubna_data_01_mir/recover-20220825/UBNA_002/20220823_033000.WAV,Telephone Field,recover-20220825,002,1795
872.9765,872.9826,42656,49580,Pipistrellus nathusii,0.27,0.29,-1,Echolocation,/mnt/ubna_data_01_mir/recover-20220825/UBNA_002/20220823_033000.WAV,Telephone Field,recover-20220825,002,1795
872.9795,872.9887,57265,63143,Pipistrellus pygmaeus,0.024,0.025,-1,Echolocation,/mnt/ubna_data_01_mir/recover-20220825/UBNA_002/20220823_033000.WAV,Telephone Field,recover-20220825,002,1795
873.0075,873.0142,38359,54686,Pipistrellus nathusii,0.553,0.617,-1,Echolocation,/mnt/ubna_data_01_mir/recover-20220825/UBNA_002/20220823_033000.WAV,Telephone Field,recover-20220825,002,1795
873.0165,873.025,40078,47351,Pipistrellus nathusii,0.059,0.07,-1,Echolocation,/mnt/ubna_data_01_mir/recover-20220825/UBNA_002/20220823_033000.WAV,Telephone Field,recover-20220825,002,1795
873.0175,873.0239,26328,36903,Eptesicus serotinus,0.006,0.026,-1,Echolocation,/mnt/ubna_data_01_mir/recover-20220825/UBNA_002/20220823_033000.WAV,Telephone Field,recover-20220825,002,1795
873.0245,873.0346,22890,27413,Nyctalus leisleri,0.011,0.025,-1,Echolocation,/mnt/ubna_data_01_mir/recover-20220825/UBNA_002/20220823_033000.WAV,Telephone Field,recover-20220825,002,1795
873.0475,873.0579,54687,60594,Pipistrellus pygmaeus,0.028,0.028,-1,Echolocation,/mnt/ubna_data_01_mir/recover-20220825/UBNA_002/20220823_033000.WAV,Telephone Field,recover-20220825,002,1795
873.0725,873.0808,37500,47649,Pipistrellus nathusii,0.013,0.03,-1,Echolocation,/mnt/ubna_data_01_mir/recover-20220825/UBNA_002/20220823_033000.WAV,Telephone Field,recover-20220825,002,1795
873.0935,873.1,49531,54091,Pipistrellus pipistrellus,0.02,0.032,-1,Echolocation,/mnt/ubna_data_01_mir/recover-20220825/UBNA_002/20220823_033000.WAV,Telephone Field,recover-20220825,002,1795
873.0935,873.1004,39218,54589,Pipistrellus nathusii,0.383,0.435,-1,Echolocation,/mnt/ubna_data_01_mir/recover-20220825/UBNA_002/20220823_033000.WAV,Telephone Field,recover-20220825,002,1795
873.1025,873.1103,39218,49204,Pipistrellus nathusii,0.078,0.092,-1,Echolocation,/mnt/ubna_data_01_mir/recover-20220825/UBNA_002/20220823_033000.WAV,Telephone Field,recover-20220825,002,1795
873.1465,873.1555,59843,69201,Pipistrellus pygmaeus,0.026,0.027,-1,Echolocation,/mnt/ubna_data_01_mir/recover-20220825/UBNA_002/20220823_033000.WAV,Telephone Field,recover-20220825,002,1795
873.1595,873.1681,41796,46473,Pipistrellus nathusii,0.229,0.238,-1,Echolocation,/mnt/ubna_data_01_mir/recover-20220825/UBNA_002/20220823_033000.WAV,Telephone Field,recover-20220825,002,1795
873.1675,873.1762,54687,60573,Pipistrellus pygmaeus,0.06,0.061,-1,Echolocation,/mnt/ubna_data_01_mir/recover-20220825/UBNA_002/20220823_033000.WAV,Telephone Field,recover-20220825,002,1795
873.1735,873.1799,48671,58657,Pipistrellus pipistrellus,0.03,0.058,-1,Echolocation,/mnt/ubna_data_01_mir/recover-20220825/UBNA_002/20220823_033000.WAV,Telephone Field,recover-20220825,002,1795
873.1735,873.1797,40078,63991,Pipistrellus nathusii,0.451,0.503,-1,Echolocation,/mnt/ubna_data_01_mir/recover-20220825/UBNA_002/20220823_033000.WAV,Telephone Field,recover-20220825,002,1795
873.1825,873.1906,40078,52121,Pipistrellus nathusii,0.114,0.136,-1,Echolocation,/mnt/ubna_data_01_mir/recover-20220825/UBNA_002/20220823_033000.WAV,Telephone Field,recover-20220825,002,1795
873.2035,873.2425,68437,82626,Rhinolophus ferrumequinum,0.025,0.025,-1,Echolocation,/mnt/ubna_data_01_mir/recover-20220825/UBNA_002/20220823_033000.WAV,Telephone Field,recover-20220825,002,1795
873.2205,873.2277,28046,35634,Eptesicus serotinus,0.009,0.025,-1,Echolocation,/mnt/ubna_data_01_mir/recover-20220825/UBNA_002/20220823_033000.WAV,Telephone Field,recover-20220825,002,1795
873.2315,873.2385,39218,51831,Pipistrellus nathusii,0.417,0.516,-1,Echolocation,/mnt/ubna_data_01_mir/recover-20220825/UBNA_002/20220823_033000.WAV,Telephone Field,recover-20220825,002,1795
873.2585,873.2649,48671,55502,Pipistrellus pipistrellus,0.019,0.026,-1,Echolocation,/mnt/ubna_data_01_mir/recover-20220825/UBNA_002/20220823_033000.WAV,Telephone Field,recover-20220825,002,1795
873.2745,873.2819,38359,55093,Pipistrellus nathusii,0.633,0.672,-1,Echolocation,/mnt/ubna_data_01_mir/recover-20220825/UBNA_002/20220823_033000.WAV,Telephone Field,recover-20220825,002,1795
873.2845,873.2921,38359,50423,Pipistrellus nathusii,0.111,0.136,-1,Echolocation,/mnt/ubna_data_01_mir/recover-20220825/UBNA_002/20220823_033000.WAV,Telephone Field,recover-20220825,002,1795
873.2875,873.3008,52109,62071,Pipistrellus pygmaeus,0.021,0.023,-1,Echolocation,/mnt/ubna_data_01_mir/recover-20220825/UBNA_002/20220823_033000.WAV,Telephone Field,recover-20220825,002,1795
873.2965,873.3037,39218,47650,Pipistrellus nathusii,0.135,0.154,-1,Echolocation,/mnt/ubna_data_01_mir/recover-20220825/UBNA_002/20220823_033000.WAV,Telephone Field,recover-20220825,002,1795
873.3175,873.3262,53828,59366,Pipistrellus pygmaeus,0.089,0.09,-1,Echolocation,/mnt/ubna_data_01_mir/recover-20220825/UBNA_002/20220823_033000.WAV,Telephone Field,recover-20220825,002,1795
873.3185,873.3265,40937,49565,Pipistrellus nathusii,0.016,0.03,-1,Echolocation,/mnt/ubna_data_01_mir/recover-20220825/UBNA_002/20220823_033000.WAV,Telephone Field,recover-20220825,002,1795
873.3485,873.3541,34921,52077,Myotis brandtii,0.01,0.023,-1,Echolocation,/mnt/ubna_data_01_mir/recover-20220825/UBNA_002/20220823_033000.WAV,Telephone Field,recover-20220825,002,1795
873.3675,873.373,40078,57834,Pipistrellus nathusii,0.637,0.66,-1,Echolocation,/mnt/ubna_data_01_mir/recover-20220825/UBNA_002/20220823_033000.WAV,Telephone Field,recover-20220825,002,1795
873.3675,873.374,49531,53802,Pipistrellus pipistrellus,0.015,0.026,-1,Echolocation,/mnt/ubna_data_01_mir/recover-20220825/UBNA_002/20220823_033000.WAV,Telephone Field,recover-20220825,002,1795
873.3775,873.3859,40078,49389,Pipistrellus nathusii,0.117,0.126,-1,Echolocation,/mnt/ubna_data_01_mir/recover-20220825/UBNA_002/20220823_033000.WAV,Telephone Field,recover-20220825,002,1795
873.3785,873.3841,29765,48836,Myotis daubentonii,0.018,0.032,-1,Echolocation,/mnt/ubna_data_01_mir/recover-20220825/UBNA_002/20220823_033000.WAV,Telephone Field,recover-20220825,002,1795
873.3925,873.4022,54687,62208,Pipistrellus pygmaeus,0.026,0.027,-1,Echolocation,/mnt/ubna_data_01_mir/recover-20220825/UBNA_002/20220823_033000.WAV,Telephone Field,recover-20220825,002,1795
873.3925,873.4032,28046,35286,Eptesicus serotinus,0.012,0.025,-1,Echolocation,/mnt/ubna_data_01_mir/recover-20220825/UBNA_002/20220823_033000.WAV,Telephone Field,recover-20220825,002,1795
873.4445,873.4541,41796,48377,Pipistrellus nathusii,0.03,0.041,-1,Echolocation,/mnt/ubna_data_01_mir/recover-20220825/UBNA_002/20220823_033000.WAV,Telephone Field,recover-20220825,002,1795
873.4685,873.4752,50390,54883,Pipistrellus pipistrellus,0.041,0.066,-1,Echolocation,/mnt/ubna_data_01_mir/recover-20220825/UBNA_002/20220823_033000.WAV,Telephone Field,recover-20220825,002,1795
873.4705,873.4774,37500,61274,Pipistrellus nathusii,0.558,0.623,-1,Echolocation,/mnt/ubna_data_01_mir/recover-20220825/UBNA_002/20220823_033000.WAV,Telephone Field,recover-20220825,002,1795
873.5035,873.5107,40078,50915,Pipistrellus nathusii,0.013,0.025,-1,Echolocation,/mnt/ubna_data_01_mir/recover-20220825/UBNA_002/20220823_033000.WAV,Telephone Field,recover-20220825,002,1795
873.5385,873.5483,58125,66945,Pipistrellus pygmaeus,0.023,0.023,-1,Echolocation,/mnt/ubna_data_01_mir/recover-20220825/UBNA_002/20220823_033000.WAV,Telephone Field,recover-20220825,002,1795
873.5635,873.5711,36640,59168,Pipistrellus nathusii,0.478,0.549,-1,Echolocation,/mnt/ubna_data_01_mir/recover-20220825/UBNA_002/20220823_033000.WAV,Telephone Field,recover-20220825,002,1795
873.5635,873.5725,53828,58119,Pipistrellus pygmaeus,0.028,0.032,-1,Echolocation,/mnt/ubna_data_01_mir/recover-20220825/UBNA_002/20220823_033000.WAV,Telephone Field,recover-20220825,002,1795
873.5745,873.5815,34921,49720,Myotis brandtii,0.013,0.031,-1,Echolocation,/mnt/ubna_data_01_mir/recover-20220825/UBNA_002/20220823_033000.WAV,Telephone Field,recover-20220825,002,1795
873.5935,873.5999,24609,34703,Plecotus austriacus,0.019,0.046,-1,Echolocation,/mnt/ubna_data_01_mir/recover-20220825/UBNA_002/20220823_033000.WAV,Telephone Field,recover-20220825,002,1795
873.6365,873.6442,27187,37525,Eptesicus serotinus,0.009,0.026,-1,Echolocation,/mnt/ubna_data_01_mir/recover-20220825/UBNA_002/20220823_033000.WAV,Telephone Field,recover-20220825,002,1795
873.6455,873.6534,39218,47988,Pipistrellus nathusii,0.394,0.41,-1,Echolocation,/mnt/ubna_data_01_mir/recover-20220825/UBNA_002/20220823_033000.WAV,Telephone Field,recover-20220825,002,1795
873.6545,873.6633,52109,56525,Pipistrellus pygmaeus,0.032,0.036,-1,Echolocation,/mnt/ubna_data_01_mir/recover-20220825/UBNA_002/20220823_033000.WAV,Telephone Field,recover-20220825,002,1795
873.6565,873.6638,38359,50748,Pipistrellus nathusii,0.493,0.531,-1,Echolocation,/mnt/ubna_data_01_mir/recover-20220825/UBNA_002/20220823_033000.WAV,Telephone Field,recover-20220825,002,1795
873.6625,873.6735,15156,19914,Nyctalus noctula,0.011,0.026,-1,Echolocation,/mnt/ubna_data_01_mir/recover-20220825/UBNA_002/20220823_033000.WAV,Telephone Field,recover-20220825,002,1795
873.7015,873.7138,28046,34102,Eptesicus serotinus,0.014,0.028,-1,Echolocation,/mnt/ubna_data_01_mir/recover-20220825/UBNA_002/20220823_033000.WAV,Telephone Field,recover-20220825,002,1795
873.7265,873.7345,53828,60016,Pipistrellus pygmaeus,0.023,0.024,-1,Echolocation,/mnt/ubna_data_01_mir/recover-20220825/UBNA_002/20220823_033000.WAV,Telephone Field,recover-20220825,002,1795
873.7275,873.7359,12578,25723,Barbastellus barbastellus,0.022,0.025,-1,Echolocation,/mnt/ubna_data_01_mir/recover-20220825/UBNA_002/20220823_033000.WAV,Telephone Field,recover-20220825,002,1795
873.7275,873.7334,40937,51168,Pipistrellus nathusii,0.396,0.432,-1,Echolocation,/mnt/ubna_data_01_mir/recover-20220825/UBNA_002/20220823_033000.WAV,Telephone Field,recover-20220825,002,1795
873.7385,873.7477,53828,62795,Pipistrellus pygmaeus,0.033,0.034,-1,Echolocation,/mnt/ubna_data_01_mir/recover-20220825/UBNA_002/20220823_033000.WAV,Telephone Field,recover-20220825,002,1795
873.7435,873.7508,39218,52628,Pipistrellus nathusii,0.303,0.361,-1,Echolocation,/mnt/ubna_data_01_mir/recover-20220825/UBNA_002/20220823_033000.WAV,Telephone Field,recover-20220825,002,1795
873.7525,873.7599,27187,35751,Eptesicus serotinus,0.007,0.032,-1,Echolocation,/mnt/ubna_data_01_mir/recover-20220825/UBNA_002/20220823_033000.WAV,Telephone Field,recover-20220825,002,1795
873.7535,873.7625,40937,49382,Pipistrellus nathusii,0.018,0.03,-1,Echolocation,/mnt/ubna_data_01_mir/recover-20220825/UBNA_002/20220823_033000.WAV,Telephone Field,recover-20220825,002,1795
873.7935,873.8004,53828,61870,Pipistrellus pygmaeus,0.028,0.029,-1,Echolocation,/mnt/ubna_data_01_mir/recover-20220825/UBNA_002/20220823_033000.WAV,Telephone Field,recover-20220825,002,1795
873.7945,873.8023,32343,41363,Barbastellus barbastellus,0.009,0.024,-1,Echolocation,/mnt/ubna_data_01_mir/recover-20220825/UBNA_002/20220823_033000.WAV,Telephone Field,recover-20220825,002,1795
873.8265,873.8335,40078,47710,Pipistrellus nathusii,0.372,0.469,-1,Echolocation,/mnt/ubna_data_01_mir/recover-20220825/UBNA_002/20220823_033000.WAV,Telephone Field,recover-20220825,002,1795
873.8425,873.8505,27187,33710,Eptesicus serotinus,0.007,0.023,-1,Echolocation,/mnt/ubna_data_01_mir/recover-20220825/UBNA_002/20220823_033000.WAV,Telephone Field,recover-20220825,002,1795
873.8555,873.8624,52109,56841,Pipistrellus pygmaeus,0.096,0.112,-1,Echolocation,/mnt/ubna_data_01_mir/recover-20220825/UBNA_002/20220823_033000.WAV,Telephone Field,recover-20220825,002,1795
873.8565,873.8627,39218,58634,Pipistrellus nathusii,0.421,0.533,-1,Echolocation,/mnt/ubna_data_01_mir/recover-20220825/UBNA_002/20220823_033000.WAV,Telephone Field,recover-20220825,002,1795
873.8575,873.8909,68437,82435,Rhinolophus ferrumequinum,0.03,0.03,-1,Echolocation,/mnt/ubna_data_01_mir/recover-20220825/UBNA_002/20220823_033000.WAV,Telephone Field,recover-20220825,002,1795
873.8655,873.871,32343,44934,Myotis daubentonii,0.01,0.027,-1,Echolocation,/mnt/ubna_data_01_mir/recover-20220825/UBNA_002/20220823_033000.WAV,Telephone Field,recover-20220825,002,1795
873.8845,873.8921,40078,46791,Pipistrellus nathusii,0.011,0.025,-1,Echolocation,/mnt/ubna_data_01_mir/recover-20220825/UBNA_002/20220823_033000.WAV,Telephone Field,recover-20220825,002,1795
873.8875,873.8935,32343,41315,Barbastellus barbastellus,0.027,0.067,-1,Echolocation,/mnt/ubna_data_01_mir/recover-20220825/UBNA_002/20220823_033000.WAV,Telephone Field,recover-20220825,002,1795
873.9215,873.9293,39218,47455,Pipistrellus nathusii,0.379,0.41,-1,Echolocation,/mnt/ubna_data_01_mir/recover-20220825/UBNA_002/20220823_033000.WAV,Telephone Field,recover-20220825,002,1795
873.9335,873.94,37500,53615,Pipistrellus nathusii,0.123,0.224,-1,Echolocation,/mnt/ubna_data_01_mir/recover-20220825/UBNA_002/20220823_033000.WAV,Telephone Field,recover-20220825,002,1795
874.0015,874.0116,51250,58237,Pipistrellus pygmaeus,0.014,0.023,-1,Echolocation,/mnt/ubna_data_01_mir/recover-20220825/UBNA_002/20220823_033000.WAV,Telephone Field,recover-20220825,002,1795
874.0015,874.031,69296,82404,Rhinolophus ferrumequinum,0.051,0.051,-1,Echolocation,/mnt/ubna_data_01_mir/recover-20220825/UBNA_002/20220823_033000.WAV,Telephone Field,recover-20220825,002,1795
874.0015,874.0108,25468,33105,Eptesicus serotinus,0.014,0.038,-1,Echolocation,/mnt/ubna_data_01_mir/recover-20220825/UBNA_002/20220823_033000.WAV,Telephone Field,recover-20220825,002,1795
874.0215,874.029,40078,53739,Pipistrellus nathusii,0.418,0.557,-1,Echolocation,/mnt/ubna_data_01_mir/recover-20220825/UBNA_002/20220823_033000.WAV,Telephone Field,recover-20220825,002,1795
874.0235,874.0327,25468,33087,Eptesicus serotinus,0.011,0.033,-1,Echolocation,/mnt/ubna_data_01_mir/recover-20220825/UBNA_002/20220823_033000.WAV,Telephone Field,recover-20220825,002,1795
874.1155,874.1228,39218,48955,Pipistrellus nathusii,0.474,0.561,-1,Echolocation,/mnt/ubna_data_01_mir/recover-20220825/UBNA_002/20220823_033000.WAV,Telephone Field,recover-20220825,002,1795
874.1265,874.1334,30625,41613,Myotis daubentonii,0.012,0.023,-1,Echolocation,/mnt/ubna_data_01_mir/recover-20220825/UBNA_002/20220823_033000.WAV,Telephone Field,recover-20220825,002,1795
874.1555,874.166,24609,32019,Eptesicus serotinus,0.011,0.026,-1,Echolocation,/mnt/ubna_data_01_mir/recover-20220825/UBNA_002/20220823_033000.WAV,Telephone Field,recover-20220825,002,1795
874.1895,874.1962,40078,55323,Pipistrellus nathusii,0.482,0.559,-1,Echolocation,/mnt/ubna_data_01_mir/recover-20220825/UBNA_002/20220823_033000.WAV,Telephone Field,recover-20220825,002,1795
874.1905,874.1963,48671,54437,Pipistrellus pipistrellus,0.02,0.033,-1,Echolocation,/mnt/ubna_data_01_mir/recover-20220825/UBNA_002/20220823_033000.WAV,Telephone Field,recover-20220825,002,1795
874.2115,874.2178,40937,49927,Pipistrellus nathusii,0.247,0.275,-1,Echolocation,/mnt/ubna_data_01_mir/recover-20220825/UBNA_002/20220823_033000.WAV,Telephone Field,recover-20220825,002,1795
874.2805,874.2885,41796,49665,Pipistrellus nathusii,0.032,0.044,-1,Echolocation,/mnt/ubna_data_01_mir/recover-20220825/UBNA_002/20220823_033000.WAV,Telephone Field,recover-20220825,002,1795
874.2805,874.2882,26328,37739,Eptesicus serotinus,0.009,0.025,-1,Echolocation,/mnt/ubna_data_01_mir/recover-20220825/UBNA_002/20220823_033000.WAV,Telephone Field,recover-20220825,002,1795
874.2875,874.2946,40937,50559,Pipistrellus nathusii,0.032,0.046,-1,Echolocation,/mnt/ubna_data_01_mir/recover-20220825/UBNA_002/20220823_033000.WAV,Telephone Field,recover-20220825,002,1795
874.2905,874.2985,54687,65038,Pipistrellus pygmaeus,0.026,0.026,-1,Echolocation,/mnt/ubna_data_01_mir/recover-20220825/UBNA_002/20220823_033000.WAV,Telephone Field,recover-20220825,002,1795
874.3055,874.3162,40937,45241,Pipistrellus nathusii,0.031,0.04,-1,Echolocation,/mnt/ubna_data_01_mir/recover-20220825/UBNA_002/20220823_033000.WAV,Telephone Field,recover-20220825,002,1795
874.3215,874.3289,40937,49109,Pipistrellus nathusii,0.135,0.165,-1,Echolocation,/mnt/ubna_data_01_mir/recover-20220825/UBNA_002/20220823_033000.WAV,Telephone Field,recover-20220825,002,1795
874.3545,874.3617,58125,63647,Pipistrellus pygmaeus,0.055,0.056,-1,Echolocation,/mnt/ubna_data_01_mir/recover-20220825/UBNA_002/20220823_033000.WAV,Telephone Field,recover-20220825,002,1795
874.3905,874.3971,40078,57418,Pipistrellus nathusii,0.321,0.449,-1,Echolocation,/mnt/ubna_data_01_mir/recover-20220825/UBNA_002/20220823_033000.WAV,Telephone Field,recover-20220825,002,1795
874.4165,874.4223,30625,46338,Myotis daubentonii,0.011,0.025,-1,Echolocation,/mnt/ubna_data_01_mir/recover-20220825/UBNA_002/20220823_033000.WAV,Telephone Field,recover-20220825,002,1795
874.4465,874.4541,40078,51785,Pipistrellus nathusii,0.013,0.028,-1,Echolocation,/mnt/ubna_data_01_mir/recover-20220825/UBNA_002/20220823_033000.WAV,Telephone Field,recover-20220825,002,1795
874.4575,874.4656,55546,62361,Pipistrellus pygmaeus,0.023,0.023,-1,Echolocation,/mnt/ubna_data_01_mir/recover-20220825/UBNA_002/20220823_033000.WAV,Telephone Field,recover-20220825,002,1795
874.4665,874.474,43515,48326,Pipistrellus nathusii,0.09,0.102,-1,Echolocation,/mnt/ubna_data_01_mir/recover-20220825/UBNA_002/20220823_033000.WAV,Telephone Field,recover-20220825,002,1795
874.4665,874.4727,34062,50101,Myotis brandtii,0.02,0.049,-1,Echolocation,/mnt/ubna_data_01_mir/recover-20220825/UBNA_002/20220823_033000.WAV,Telephone Field,recover-20220825,002,1795
874.4885,874.4958,38359,47754,Pipistrellus nathusii,0.414,0.487,-1,Echolocation,/mnt/ubna_data_01_mir/recover-20220825/UBNA_002/20220823_033000.WAV,Telephone Field,recover-20220825,002,1795
874.4925,874.5007,52109,57523,Pipistrellus pygmaeus,0.021,0.024,-1,Echolocation,/mnt/ubna_data_01_mir/recover-20220825/UBNA_002/20220823_033000.WAV,Telephone Field,recover-20220825,002,1795
874.5375,874.5467,26328,36550,Eptesicus serotinus,0.011,0.027,-1,Echolocation,/mnt/ubna_data_01_mir/recover-20220825/UBNA_002/20220823_033000.WAV,Telephone Field,recover-20220825,002,1795
874.5525,874.5606,36640,48093,Myotis brandtii,0.008,0.023,-1,Echolocation,/mnt/ubna_data_01_mir/recover-20220825/UBNA_002/20220823_033000.WAV,Telephone Field,recover-20220825,002,1795
874.5675,874.5747,52109,57662,Pipistrellus pygmaeus,0.021,0.023,-1,Echolocation,/mnt/ubna_data_01_mir/recover-20220825/UBNA_002/20220823_033000.WAV,Telephone Field,recover-20220825,002,1795
874.5675,874.5765,28046,36243,Eptesicus serotinus,0.008,0.023,-1,Echolocation,/mnt/ubna_data_01_mir/recover-20220825/UBNA_002/20220823_033000.WAV,Telephone Field,recover-20220825,002,1795
874.5765,874.583,42656,52169,Pipistrellus nathusii,0.133,0.185,-1,Echolocation,/mnt/ubna_data_01_mir/recover-20220825/UBNA_002/20220823_033000.WAV,Telephone Field,recover-20220825,002,1795
874.6285,874.668,68437,82163,Rhinolophus ferrumequinum,0.023,0.023,-1,Echolocation,/mnt/ubna_data_01_mir/recover-20220825/UBNA_002/20220823_033000.WAV,Telephone Field,recover-20220825,002,1795
874.6355,874.6455,43515,49340,Pipistrellus nathusii,0.062,0.07,-1,Echolocation,/mnt/ubna_data_01_mir/recover-20220825/UBNA_002/20220823_033000.WAV,Telephone Field,recover-20220825,002,1795
874.6925,874.7011,43515,52986,Pipistrellus pipistrellus,0.009,0.024,-1,Echolocation,/mnt/ubna_data_01_mir/recover-20220825/UBNA_002/20220823_033000.WAV,Telephone Field,recover-20220825,002,1795
874.7005,874.7078,40937,47113,Pipistrellus nathusii,0.007,0.023,-1,Echolocation,/mnt/ubna_data_01_mir/recover-20220825/UBNA_002/20220823_033000.WAV,Telephone Field,recover-20220825,002,1795
874.7385,874.7469,27187,36688,Eptesicus serotinus,0.008,0.024,-1,Echolocation,/mnt/ubna_data_01_mir/recover-20220825/UBNA_002/20220823_033000.WAV,Telephone Field,recover-20220825,002,1795
874.7615,874.771,25468,32573,Eptesicus serotinus,0.009,0.025,-1,Echolocation,/mnt/ubna_data_01_mir/recover-20220825/UBNA_002/20220823_033000.WAV,Telephone Field,recover-20220825,002,1795
874.7785,874.7868,28046,36390,Eptesicus serotinus,0.009,0.025,-1,Echolocation,/mnt/ubna_data_01_mir/recover-20220825/UBNA_002/20220823_033000.WAV,Telephone Field,recover-20220825,002,1795
874.7905,874.7976,39218,51709,Pipistrellus nathusii,0.365,0.516,-1,Echolocation,/mnt/ubna_data_01_mir/recover-20220825/UBNA_002/20220823_033000.WAV,Telephone Field,recover-20220825,002,1795
874.8105,874.8171,45234,52310,Pipistrellus pipistrellus,0.016,0.023,-1,Echolocation,/mnt/ubna_data_01_mir/recover-20220825/UBNA_002/20220823_033000.WAV,Telephone Field,recover-20220825,002,1795
874.8415,874.8516,50390,53633,Pipistrellus pygmaeus,0.037,0.049,-1,Echolocation,/mnt/ubna_data_01_mir/recover-20220825/UBNA_002/20220823_033000.WAV,Telephone Field,recover-20220825,002,1795
874.8675,874.8769,41796,45386,Pipistrellus nathusii,0.116,0.123,-1,Echolocation,/mnt/ubna_data_01_mir/recover-20220825/UBNA_002/20220823_033000.WAV,Telephone Field,recover-20220825,002,1795
874.8715,874.88,51250,59917,Pipistrellus pygmaeus,0.028,0.032,-1,Echolocation,/mnt/ubna_data_01_mir/recover-20220825/UBNA_002/20220823_033000.WAV,Telephone Field,recover-20220825,002,1795
874.8775,874.8849,41796,52256,Pipistrellus nathusii,0.013,0.029,-1,Echolocation,/mnt/ubna_data_01_mir/recover-20220825/UBNA_002/20220823_033000.WAV,Telephone Field,recover-20220825,002,1795
874.8805,874.8882,27187,40524,Eptesicus serotinus,0.007,0.024,-1,Echolocation,/mnt/ubna_data_01_mir/recover-20220825/UBNA_002/20220823_033000.WAV,Telephone Field,recover-20220825,002,1795
874.8975,874.9047,48671,55298,Pipistrellus pipistrellus,0.019,0.025,-1,Echolocation,/mnt/ubna_data_01_mir/recover-20220825/UBNA_002/20220823_033000.WAV,Telephone Field,recover-20220825,002,1795
874.9025,874.911,52109,58710,Pipistrellus pygmaeus,0.022,0.025,-1,Echolocation,/mnt/ubna_data_01_mir/recover-20220825/UBNA_002/20220823_033000.WAV,Telephone Field,recover-20220825,002,1795
874.9285,874.9666,68437,82453,Rhinolophus ferrumequinum,0.023,0.023,-1,Echolocation,/mnt/ubna_data_01_mir/recover-20220825/UBNA_002/20220823_033000.WAV,Telephone Field,recover-20220825,002,1795
874.9365,874.9442,39218,49563,Pipistrellus nathusii,0.393,0.507,-1,Echolocation,/mnt/ubna_data_01_mir/recover-20220825/UBNA_002/20220823_033000.WAV,Telephone Field,recover-20220825,002,1795
874.9755,874.9861,28046,35361,Eptesicus serotinus,0.012,0.027,-1,Echolocation,/mnt/ubna_data_01_mir/recover-20220825/UBNA_002/20220823_033000.WAV,Telephone Field,recover-20220825,002,1795
874.9905,874.9995,41796,48682,Pipistrellus nathusii,0.021,0.034,-1,Echolocation,/mnt/ubna_data_01_mir/recover-20220825/UBNA_002/20220823_033000.WAV,Telephone Field,recover-20220825,002,1795
874.9915,874.9994,27187,38580,Eptesicus serotinus,0.008,0.023,-1,Echolocation,/mnt/ubna_data_01_mir/recover-20220825/UBNA_002/20220823_033000.WAV,Telephone Field,recover-20220825,002,1795
875.0005,875.0121,40078,44923,Pipistrellus nathusii,0.025,0.034,-1,Echolocation,/mnt/ubna_data_01_mir/recover-20220825/UBNA_002/20220823_033000.WAV,Telephone Field,recover-20220825,002,1795
875.0125,875.02,40078,48592,Pipistrellus nathusii,0.455,0.506,-1,Echolocation,/mnt/ubna_data_01_mir/recover-20220825/UBNA_002/20220823_033000.WAV,Telephone Field,recover-20220825,002,1795
875.0225,875.0303,55546,62330,Pipistrellus pygmaeus,0.047,0.047,-1,Echolocation,/mnt/ubna_data_01_mir/recover-20220825/UBNA_002/20220823_033000.WAV,Telephone Field,recover-20220825,002,1795
875.0755,875.0855,27187,34910,Eptesicus serotinus,0.013,0.03,-1,Echolocation,/mnt/ubna_data_01_mir/recover-20220825/UBNA_002/20220823_033000.WAV,Telephone Field,recover-20220825,002,1795
875.1105,875.1178,40937,53772,Pipistrellus nathusii,0.411,0.547,-1,Echolocation,/mnt/ubna_data_01_mir/recover-20220825/UBNA_002/20220823_033000.WAV,Telephone Field,recover-20220825,002,1795
875.1585,875.198,68437,82197,Rhinolophus ferrumequinum,0.039,0.039,-1,Echolocation,/mnt/ubna_data_01_mir/recover-20220825/UBNA_002/20220823_033000.WAV,Telephone Field,recover-20220825,002,1795
875.1875,875.1951,28046,37046,Eptesicus serotinus,0.012,0.028,-1,Echolocation,/mnt/ubna_data_01_mir/recover-20220825/UBNA_002/20220823_033000.WAV,Telephone Field,recover-20220825,002,1795
875.2015,875.2079,40078,51913,Pipistrellus nathusii,0.501,0.573,-1,Echolocation,/mnt/ubna_data_01_mir/recover-20220825/UBNA_002/20220823_033000.WAV,Telephone Field,recover-20220825,002,1795
875.2825,875.2902,55546,63460,Pipistrellus pygmaeus,0.025,0.025,-1,Echolocation,/mnt/ubna_data_01_mir/recover-20220825/UBNA_002/20220823_033000.WAV,Telephone Field,recover-20220825,002,1795
875.2845,875.2942,23750,30414,Nyctalus leisleri,0.009,0.027,-1,Echolocation,/mnt/ubna_data_01_mir/recover-20220825/UBNA_002/20220823_033000.WAV,Telephone Field,recover-20220825,002,1795
875.2955,875.3021,40937,56778,Pipistrellus nathusii,0.461,0.587,-1,Echolocation,/mnt/ubna_data_01_mir/recover-20220825/UBNA_002/20220823_033000.WAV,Telephone Field,recover-20220825,002,1795
875.2995,875.3136,16015,20569,Nyctalus noctula,0.013,0.027,-1,Echolocation,/mnt/ubna_data_01_mir/recover-20220825/UBNA_002/20220823_033000.WAV,Telephone Field,recover-20220825,002,1795
875.3085,875.3181,24609,30600,Nyctalus leisleri,0.011,0.027,-1,Echolocation,/mnt/ubna_data_01_mir/recover-20220825/UBNA_002/20220823_033000.WAV,Telephone Field,recover-20220825,002,1795
875.3475,875.3551,28046,38936,Eptesicus serotinus,0.008,0.023,-1,Echolocation,/mnt/ubna_data_01_mir/recover-20220825/UBNA_002/20220823_033000.WAV,Telephone Field,recover-20220825,002,1795
875.3905,875.3964,40937,52325,Pipistrellus nathusii,0.545,0.579,-1,Echolocation,/mnt/ubna_data_01_mir/recover-20220825/UBNA_002/20220823_033000.WAV,Telephone Field,recover-20220825,002,1795
875.4225,875.4341,36640,42052,Pipistrellus nathusii,0.024,0.035,-1,Echolocation,/mnt/ubna_data_01_mir/recover-20220825/UBNA_002/20220823_033000.WAV,Telephone Field,recover-20220825,002,1795
875.4515,875.4584,40937,53403,Pipistrellus nathusii,0.008,0.023,-1,Echolocation,/mnt/ubna_data_01_mir/recover-20220825/UBNA_002/20220823_033000.WAV,Telephone Field,recover-20220825,002,1795
875.4875,875.4944,40937,57107,Pipistrellus nathusii,0.551,0.595,-1,Echolocation,/mnt/ubna_data_01_mir/recover-20220825/UBNA_002/20220823_033000.WAV,Telephone Field,recover-20220825,002,1795
875.4995,875.5131,23750,27943,Nyctalus leisleri,0.021,0.049,-1,Echolocation,/mnt/ubna_data_01_mir/recover-20220825/UBNA_002/20220823_033000.WAV,Telephone Field,recover-20220825,002,1795
875.5575,875.5937,68437,82365,Rhinolophus ferrumequinum,0.023,0.023,-1,Echolocation,/mnt/ubna_data_01_mir/recover-20220825/UBNA_002/20220823_033000.WAV,Telephone Field,recover-20220825,002,1795
875.5715,875.5786,26328,34763,Eptesicus serotinus,0.007,0.023,-1,Echolocation,/mnt/ubna_data_01_mir/recover-20220825/UBNA_002/20220823_033000.WAV,Telephone Field,recover-20220825,002,1795
875.5805,875.5878,49531,54249,Pipistrellus pipistrellus,0.011,0.025,-1,Echolocation,/mnt/ubna_data_01_mir/recover-20220825/UBNA_002/20220823_033000.WAV,Telephone Field,recover-20220825,002,1795
875.5805,875.5868,39218,54239,Pipistrellus nathusii,0.364,0.47,-1,Echolocation,/mnt/ubna_data_01_mir/recover-20220825/UBNA_002/20220823_033000.WAV,Telephone Field,recover-20220825,002,1795
875.6605,875.6681,27187,34400,Eptesicus serotinus,0.008,0.023,-1,Echolocation,/mnt/ubna_data_01_mir/recover-20220825/UBNA_002/20220823_033000.WAV,Telephone Field,recover-20220825,002,1795
875.6715,875.6785,39218,57227,Pipistrellus nathusii,0.396,0.55,-1,Echolocation,/mnt/ubna_data_01_mir/recover-20220825/UBNA_002/20220823_033000.WAV,Telephone Field,recover-20220825,002,1795
875.6745,875.686,16015,21281,Nyctalus noctula,0.01,0.026,-1,Echolocation,/mnt/ubna_data_01_mir/recover-20220825/UBNA_002/20220823_033000.WAV,Telephone Field,recover-20220825,002,1795
875.6815,875.6873,31484,41110,Myotis daubentonii,0.012,0.023,-1,Echolocation,/mnt/ubna_data_01_mir/recover-20220825/UBNA_002/20220823_033000.WAV,Telephone Field,recover-20220825,002,1795
875.6965,875.7118,21171,25505,Nyctalus leisleri,0.02,0.043,-1,Echolocation,/mnt/ubna_data_01_mir/recover-20220825/UBNA_002/20220823_033000.WAV,Telephone Field,recover-20220825,002,1795
875.7425,875.7789,68437,82608,Rhinolophus ferrumequinum,0.023,0.023,-1,Echolocation,/mnt/ubna_data_01_mir/recover-20220825/UBNA_002/20220823_033000.WAV,Telephone Field,recover-20220825,002,1795
875.7555,875.7612,39218,59631,Myotis brandtii,0.012,0.025,-1,Echolocation,/mnt/ubna_data_01_mir/recover-20220825/UBNA_002/20220823_033000.WAV,Telephone Field,recover-20220825,002,1795
875.7705,875.7768,40078,56651,Pipistrellus nathusii,0.543,0.611,-1,Echolocation,/mnt/ubna_data_01_mir/recover-20220825/UBNA_002/20220823_033000.WAV,Telephone Field,recover-20220825,002,1795
875.7735,875.7812,12578,25583,Barbastellus barbastellus,0.03,0.032,-1,Echolocation,/mnt/ubna_data_01_mir/recover-20220825/UBNA_002/20220823_033000.WAV,Telephone Field,recover-20220825,002,1795
875.8275,875.8353,55546,64836,Pipistrellus pygmaeus,0.023,0.023,-1,Echolocation,/mnt/ubna_data_01_mir/recover-20220825/UBNA_002/20220823_033000.WAV,Telephone Field,recover-20220825,002,1795
875.8605,875.8753,16015,20279,Nyctalus noctula,0.02,0.036,-1,Echolocation,/mnt/ubna_data_01_mir/recover-20220825/UBNA_002/20220823_033000.WAV,Telephone Field,recover-20220825,002,1795
875.8615,875.8685,39218,53521,Pipistrellus nathusii,0.489,0.591,-1,Echolocation,/mnt/ubna_data_01_mir/recover-20220825/UBNA_002/20220823_033000.WAV,Telephone Field,recover-20220825,002,1795
875.9485,875.9587,28046,33035,Eptesicus serotinus,0.013,0.029,-1,Echolocation,/mnt/ubna_data_01_mir/recover-20220825/UBNA_002/20220823_033000.WAV,Telephone Field,recover-20220825,002,1795
875.9585,875.9655,49531,54014,Pipistrellus pipistrellus,0.013,0.026,-1,Echolocation,/mnt/ubna_data_01_mir/recover-20220825/UBNA_002/20220823_033000.WAV,Telephone Field,recover-20220825,002,1795
875.9605,875.9672,40078,56411,Pipistrellus nathusii,0.61,0.656,-1,Echolocation,/mnt/ubna_data_01_mir/recover-20220825/UBNA_002/20220823_033000.WAV,Telephone Field,recover-20220825,002,1795
875.9815,875.9899,27187,38410,Eptesicus serotinus,0.008,0.023,-1,Echolocation,/mnt/ubna_data_01_mir/recover-20220825/UBNA_002/20220823_033000.WAV,Telephone Field,recover-20220825,002,1795
876.0015,876.0313,69296,81927,Rhinolophus ferrumequinum,0.026,0.026,-1,Echolocation,/mnt/ubna_data_01_mir/recover-20220825/UBNA_002/20220823_033000.WAV,Telephone Field,recover-20220825,002,1795
876.0015,876.0105,22031,27687,Nyctalus leisleri,0.015,0.033,-1,Echolocation,/mnt/ubna_data_01_mir/recover-20220825/UBNA_002/20220823_033000.WAV,Telephone Field,recover-20220825,002,1795
876.0345,876.071,68437,81784,Rhinolophus ferrumequinum,0.022,0.022,-1,Echolocation,/mnt/ubna_data_01_mir/recover-20220825/UBNA_002/20220823_033000.WAV,Telephone Field,recover-20220825,002,1795
876.0465,876.0551,54687,63313,Pipistrellus pygmaeus,0.024,0.024,-1,Echolocation,/mnt/ubna_data_01_mir/recover-20220825/UBNA_002/20220823_033000.WAV,Telephone Field,recover-20220825,002,1795
876.0515,876.0583,48671,57105,Pipistrellus pipistrellus,0.015,0.028,-1,Echolocation,/mnt/ubna_data_01_mir/recover-20220825/UBNA_002/20220823_033000.WAV,Telephone Field,recover-20220825,002,1795
876.0545,876.062,39218,56644,Pipistrellus nathusii,0.65,0.674,-1,Echolocation,/mnt/ubna_data_01_mir/recover-20220825/UBNA_002/20220823_033000.WAV,Telephone Field,recover-20220825,002,1795
876.0995,876.1329,68437,82014,Rhinolophus ferrumequinum,0.023,0.023,-1,Echolocation,/mnt/ubna_data_01_mir/recover-20220825/UBNA_002/20220823_033000.WAV,Telephone Field,recover-20220825,002,1795
876.1075,876.115,25468,35524,Plecotus austriacus,0.005,0.023,-1,Echolocation,/mnt/ubna_data_01_mir/recover-20220825/UBNA_002/20220823_033000.WAV,Telephone Field,recover-20220825,002,1795
876.1105,876.1176,54687,61563,Pipistrellus pygmaeus,0.033,0.034,-1,Echolocation,/mnt/ubna_data_01_mir/recover-20220825/UBNA_002/20220823_033000.WAV,Telephone Field,recover-20220825,002,1795
876.1215,876.1282,32343,59216,Myotis brandtii,0.008,0.023,-1,Echolocation,/mnt/ubna_data_01_mir/recover-20220825/UBNA_002/20220823_033000.WAV,Telephone Field,recover-20220825,002,1795
876.1255,876.1561,68437,81334,Rhinolophus ferrumequinum,0.022,0.022,-1,Echolocation,/mnt/ubna_data_01_mir/recover-20220825/UBNA_002/20220823_033000.WAV,Telephone Field,recover-20220825,002,1795
876.1305,876.1635,68437,81520,Rhinolophus ferrumequinum,0.022,0.022,-1,Echolocation,/mnt/ubna_data_01_mir/recover-20220825/UBNA_002/20220823_033000.WAV,Telephone Field,recover-20220825,002,1795
876.1315,876.1391,40937,49981,Pipistrellus nathusii,0.007,0.026,-1,Echolocation,/mnt/ubna_data_01_mir/recover-20220825/UBNA_002/20220823_033000.WAV,Telephone Field,recover-20220825,002,1795
876.1355,876.1441,28046,37767,Eptesicus serotinus,0.007,0.022,-1,Echolocation,/mnt/ubna_data_01_mir/recover-20220825/UBNA_002/20220823_033000.WAV,Telephone Field,recover-20220825,002,1795
876.1485,876.1558,40078,52958,Pipistrellus nathusii,0.699,0.716,-1,Echolocation,/mnt/ubna_data_01_mir/recover-20220825/UBNA_002/20220823_033000.WAV,Telephone Field,recover-20220825,002,1795
876.1525,876.1612,23750,35040,Myotis nattereri,0.007,0.023,-1,Echolocation,/mnt/ubna_data_01_mir/recover-20220825/UBNA_002/20220823_033000.WAV,Telephone Field,recover-20220825,002,1795
876.1525,876.1584,28906,53367,Myotis daubentonii,0.014,0.023,-1,Echolocation,/mnt/ubna_data_01_mir/recover-20220825/UBNA_002/20220823_033000.WAV,Telephone Field,recover-20220825,002,1795
876.1595,876.1672,54687,64701,Pipistrellus pygmaeus,0.022,0.023,-1,Echolocation,/mnt/ubna_data_01_mir/recover-20220825/UBNA_002/20220823_033000.WAV,Telephone Field,recover-20220825,002,1795
876.1665,876.2039,68437,82388,Rhinolophus ferrumequinum,0.023,0.023,-1,Echolocation,/mnt/ubna_data_01_mir/recover-20220825/UBNA_002/20220823_033000.WAV,Telephone Field,recover-20220825,002,1795
876.2095,876.2165,45234,53560,Pipistrellus pipistrellus,0.017,0.024,-1,Echolocation,/mnt/ubna_data_01_mir/recover-20220825/UBNA_002/20220823_033000.WAV,Telephone Field,recover-20220825,002,1795
876.2255,876.2336,41796,49698,Pipistrellus nathusii,0.006,0.022,-1,Echolocation,/mnt/ubna_data_01_mir/recover-20220825/UBNA_002/20220823_033000.WAV,Telephone Field,recover-20220825,002,1795
876.2275,876.2333,33203,53426,Myotis brandtii,0.013,0.032,-1,Echolocation,/mnt/ubna_data_01_mir/recover-20220825/UBNA_002/20220823_033000.WAV,Telephone Field,recover-20220825,002,1795
876.2325,876.2648,68437,81329,Rhinolophus ferrumequinum,0.022,0.022,-1,Echolocation,/mnt/ubna_data_01_mir/recover-20220825/UBNA_002/20220823_033000.WAV,Telephone Field,recover-20220825,002,1795
876.2435,876.25,50390,57113,Pipistrellus pipistrellus,0.013,0.022,-1,Echolocation,/mnt/ubna_data_01_mir/recover-20220825/UBNA_002/20220823_033000.WAV,Telephone Field,recover-20220825,002,1795
876.2445,876.2514,31484,60759,Myotis bechsteinii,0.013,0.031,-1,Echolocation,/mnt/ubna_data_01_mir/recover-20220825/UBNA_002/20220823_033000.WAV,Telephone Field,recover-20220825,002,1795
876.2475,876.2542,39218,53731,Pipistrellus nathusii,0.723,0.735,-1,Echolocation,/mnt/ubna_data_01_mir/recover-20220825/UBNA_002/20220823_033000.WAV,Telephone Field,recover-20220825,002,1795
876.2545,876.26,30625,45418,Myotis daubentonii,0.01,0.023,-1,Echolocation,/mnt/ubna_data_01_mir/recover-20220825/UBNA_002/20220823_033000.WAV,Telephone Field,recover-20220825,002,1795
876.2555,876.2617,38359,53132,Myotis brandtii,0.015,0.03,-1,Echolocation,/mnt/ubna_data_01_mir/recover-20220825/UBNA_002/20220823_033000.WAV,Telephone Field,recover-20220825,002,1795
876.2925,876.3003,49531,57656,Pipistrellus pipistrellus,0.021,0.027,-1,Echolocation,/mnt/ubna_data_01_mir/recover-20220825/UBNA_002/20220823_033000.WAV,Telephone Field,recover-20220825,002,1795
876.3075,876.3468,68437,82613,Rhinolophus ferrumequinum,0.027,0.027,-1,Echolocation,/mnt/ubna_data_01_mir/recover-20220825/UBNA_002/20220823_033000.WAV,Telephone Field,recover-20220825,002,1795
876.3215,876.3561,68437,81903,Rhinolophus ferrumequinum,0.023,0.023,-1,Echolocation,/mnt/ubna_data_01_mir/recover-20220825/UBNA_002/20220823_033000.WAV,Telephone Field,recover-20220825,002,1795
876.3305,876.3368,31484,60475,Myotis brandtii,0.016,0.036,-1,Echolocation,/mnt/ubna_data_01_mir/recover-20220825/UBNA_002/20220823_033000.WAV,Telephone Field,recover-20220825,002,1795
876.3315,876.3396,39218,61817,Pipistrellus nathusii,0.687,0.715,-1,Echolocation,/mnt/ubna_data_01_mir/recover-20220825/UBNA_002/20220823_033000.WAV,Telephone Field,recover-20220825,002,1795
876.3325,876.3397,48671,54467,Pipistrellus pipistrellus,0.014,0.025,-1,Echolocation,/mnt/ubna_data_01_mir/recover-20220825/UBNA_002/20220823_033000.WAV,Telephone Field,recover-20220825,002,1795
876.3405,876.3468,37500,50077,Myotis brandtii,0.011,0.022,-1,Echolocation,/mnt/ubna_data_01_mir/recover-20220825/UBNA_002/20220823_033000.WAV,Telephone Field,recover-20220825,002,1795
876.3485,876.3597,26328,31243,Nyctalus leisleri,0.015,0.03,-1,Echolocation,/mnt/ubna_data_01_mir/recover-20220825/UBNA_002/20220823_033000.WAV,Telephone Field,recover-20220825,002,1795
876.3585,876.3682,28046,36594,Eptesicus serotinus,0.008,0.023,-1,Echolocation,/mnt/ubna_data_01_mir/recover-20220825/UBNA_002/20220823_033000.WAV,Telephone Field,recover-20220825,002,1795
876.3755,876.4117,68437,82045,Rhinolophus ferrumequinum,0.024,0.024,-1,Echolocation,/mnt/ubna_data_01_mir/recover-20220825/UBNA_002/20220823_033000.WAV,Telephone Field,recover-20220825,002,1795
876.4355,876.4415,30625,58499,Myotis daubentonii,0.009,0.036,-1,Echolocation,/mnt/ubna_data_01_mir/recover-20220825/UBNA_002/20220823_033000.WAV,Telephone Field,recover-20220825,002,1795
876.4365,876.445,38359,55128,Pipistrellus nathusii,0.639,0.674,-1,Echolocation,/mnt/ubna_data_01_mir/recover-20220825/UBNA_002/20220823_033000.WAV,Telephone Field,recover-20220825,002,1795
876.4385,876.4476,22031,32747,Plecotus austriacus,0.008,0.023,-1,Echolocation,/mnt/ubna_data_01_mir/recover-20220825/UBNA_002/20220823_033000.WAV,Telephone Field,recover-20220825,002,1795
876.4435,876.4497,29765,44392,Myotis daubentonii,0.013,0.026,-1,Echolocation,/mnt/ubna_data_01_mir/recover-20220825/UBNA_002/20220823_033000.WAV,Telephone Field,recover-20220825,002,1795
876.4445,876.4503,34062,46642,Myotis brandtii,0.01,0.028,-1,Echolocation,/mnt/ubna_data_01_mir/recover-20220825/UBNA_002/20220823_033000.WAV,Telephone Field,recover-20220825,002,1795
876.4635,876.4695,45234,54494,Pipistrellus pipistrellus,0.017,0.031,-1,Echolocation,/mnt/ubna_data_01_mir/recover-20220825/UBNA_002/20220823_033000.WAV,Telephone Field,recover-20220825,002,1795
876.4845,876.5205,68437,82245,Rhinolophus ferrumequinum,0.026,0.026,-1,Echolocation,/mnt/ubna_data_01_mir/recover-20220825/UBNA_002/20220823_033000.WAV,Telephone Field,recover-20220825,002,1795
876.4915,876.5301,68437,82630,Rhinolophus ferrumequinum,0.024,0.024,-1,Echolocation,/mnt/ubna_data_01_mir/recover-20220825/UBNA_002/20220823_033000.WAV,Telephone Field,recover-20220825,002,1795
876.5275,876.5334,30625,63807,Myotis bechsteinii,0.019,0.04,-1,Echolocation,/mnt/ubna_data_01_mir/recover-20220825/UBNA_002/20220823_033000.WAV,Telephone Field,recover-20220825,002,1795
876.5275,876.5344,49531,56975,Pipistrellus pipistrellus,0.023,0.04,-1,Echolocation,/mnt/ubna_data_01_mir/recover-20220825/UBNA_002/20220823_033000.WAV,Telephone Field,recover-20220825,002,1795
876.5295,876.5375,38359,58868,Pipistrellus nathusii,0.66,0.703,-1,Echolocation,/mnt/ubna_data_01_mir/recover-20220825/UBNA_002/20220823_033000.WAV,Telephone Field,recover-20220825,002,1795
876.5325,876.5425,22031,27819,Nyctalus leisleri,0.007,0.025,-1,Echolocation,/mnt/ubna_data_01_mir/recover-20220825/UBNA_002/20220823_033000.WAV,Telephone Field,recover-20220825,002,1795
876.5595,876.5707,28046,34980,Eptesicus serotinus,0.01,0.024,-1,Echolocation,/mnt/ubna_data_01_mir/recover-20220825/UBNA_002/20220823_033000.WAV,Telephone Field,recover-20220825,002,1795
876.5635,876.6014,68437,82577,Rhinolophus ferrumequinum,0.023,0.023,-1,Echolocation,/mnt/ubna_data_01_mir/recover-20220825/UBNA_002/20220823_033000.WAV,Telephone Field,recover-20220825,002,1795
876.5875,876.5938,27187,37247,Eptesicus serotinus,0.006,0.028,-1,Echolocation,/mnt/ubna_data_01_mir/recover-20220825/UBNA_002/20220823_033000.WAV,Telephone Field,recover-20220825,002,1795
876.5985,876.6045,49531,56377,Pipistrellus pipistrellus,0.024,0.027,-1,Echolocation,/mnt/ubna_data_01_mir/recover-20220825/UBNA_002/20220823_033000.WAV,Telephone Field,recover-20220825,002,1795
876.6085,876.6147,36640,51633,Myotis brandtii,0.007,0.023,-1,Echolocation,/mnt/ubna_data_01_mir/recover-20220825/UBNA_002/20220823_033000.WAV,Telephone Field,recover-20220825,002,1795
876.6135,876.6223,55546,62490,Pipistrellus pygmaeus,0.026,0.026,-1,Echolocation,/mnt/ubna_data_01_mir/recover-20220825/UBNA_002/20220823_033000.WAV,Telephone Field,recover-20220825,002,1795
876.6245,876.6311,48671,54661,Pipistrellus pipistrellus,0.018,0.032,-1,Echolocation,/mnt/ubna_data_01_mir/recover-20220825/UBNA_002/20220823_033000.WAV,Telephone Field,recover-20220825,002,1795
876.6265,876.653,68437,80753,Rhinolophus ferrumequinum,0.027,0.027,-1,Echolocation,/mnt/ubna_data_01_mir/recover-20220825/UBNA_002/20220823_033000.WAV,Telephone Field,recover-20220825,002,1795
876.6265,876.6353,37500,58537,Pipistrellus nathusii,0.556,0.652,-1,Echolocation,/mnt/ubna_data_01_mir/recover-20220825/UBNA_002/20220823_033000.WAV,Telephone Field,recover-20220825,002,1795
876.6275,876.6329,28906,55154,Myotis daubentonii,0.009,0.031,-1,Echolocation,/mnt/ubna_data_01_mir/recover-20220825/UBNA_002/20220823_033000.WAV,Telephone Field,recover-20220825,002,1795
876.6325,876.6421,21171,28464,Plecotus austriacus,0.009,0.025,-1,Echolocation,/mnt/ubna_data_01_mir/recover-20220825/UBNA_002/20220823_033000.WAV,Telephone Field,recover-20220825,002,1795
876.6335,876.6385,28046,39697,Myotis daubentonii,0.009,0.025,-1,Echolocation,/mnt/ubna_data_01_mir/recover-20220825/UBNA_002/20220823_033000.WAV,Telephone Field,recover-20220825,002,1795
876.6375,876.6665,68437,80871,Rhinolophus ferrumequinum,0.023,0.023,-1,Echolocation,/mnt/ubna_data_01_mir/recover-20220825/UBNA_002/20220823_033000.WAV,Telephone Field,recover-20220825,002,1795
876.6785,876.6881,28046,39959,Eptesicus serotinus,0.009,0.022,-1,Echolocation,/mnt/ubna_data_01_mir/recover-20220825/UBNA_002/20220823_033000.WAV,Telephone Field,recover-20220825,002,1795
876.7005,876.7367,68437,81726,Rhinolophus ferrumequinum,0.022,0.022,-1,Echolocation,/mnt/ubna_data_01_mir/recover-20220825/UBNA_002/20220823_033000.WAV,Telephone Field,recover-20220825,002,1795
876.7015,876.7096,43515,54906,Pipistrellus pipistrellus,0.013,0.026,-1,Echolocation,/mnt/ubna_data_01_mir/recover-20220825/UBNA_002/20220823_033000.WAV,Telephone Field,recover-20220825,002,1795
876.7155,876.7215,29765,61727,Myotis bechsteinii,0.013,0.034,-1,Echolocation,/mnt/ubna_data_01_mir/recover-20220825/UBNA_002/20220823_033000.WAV,Telephone Field,recover-20220825,002,1795
876.7165,876.7236,49531,55266,Pipistrellus pipistrellus,0.019,0.031,-1,Echolocation,/mnt/ubna_data_01_mir/recover-20220825/UBNA_002/20220823_033000.WAV,Telephone Field,recover-20220825,002,1795
876.7195,876.7304,55546,60984,Pipistrellus pygmaeus,0.023,0.024,-1,Echolocation,/mnt/ubna_data_01_mir/recover-20220825/UBNA_002/20220823_033000.WAV,Telephone Field,recover-20220825,002,1795
876.7195,876.7283,38359,60001,Pipistrellus nathusii,0.695,0.725,-1,Echolocation,/mnt/ubna_data_01_mir/recover-20220825/UBNA_002/20220823_033000.WAV,Telephone Field,recover-20220825,002,1795
876.7215,876.7311,21171,34713,Plecotus austriacus,0.007,0.024,-1,Echolocation,/mnt/ubna_data_01_mir/recover-20220825/UBNA_002/20220823_033000.WAV,Telephone Field,recover-20220825,002,1795
876.7265,876.7332,26328,36324,Eptesicus serotinus,0.005,0.025,-1,Echolocation,/mnt/ubna_data_01_mir/recover-20220825/UBNA_002/20220823_033000.WAV,Telephone Field,recover-20220825,002,1795
876.7465,876.7857,68437,81944,Rhinolophus ferrumequinum,0.021,0.021,-1,Echolocation,/mnt/ubna_data_01_mir/recover-20220825/UBNA_002/20220823_033000.WAV,Telephone Field,recover-20220825,002,1795
876.7565,876.764,24609,34235,Plecotus austriacus,0.008,0.022,-1,Echolocation,/mnt/ubna_data_01_mir/recover-20220825/UBNA_002/20220823_033000.WAV,Telephone Field,recover-20220825,002,1795
876.8055,876.8172,54687,61280,Pipistrellus pygmaeus,0.033,0.034,-1,Echolocation,/mnt/ubna_data_01_mir/recover-20220825/UBNA_002/20220823_033000.WAV,Telephone Field,recover-20220825,002,1795
876.8115,876.8199,49531,55571,Pipistrellus pipistrellus,0.017,0.028,-1,Echolocation,/mnt/ubna_data_01_mir/recover-20220825/UBNA_002/20220823_033000.WAV,Telephone Field,recover-20220825,002,1795
876.8115,876.8196,37500,62109,Pipistrellus nathusii,0.642,0.682,-1,Echolocation,/mnt/ubna_data_01_mir/recover-20220825/UBNA_002/20220823_033000.WAV,Telephone Field,recover-20220825,002,1795
876.8285,876.8615,68437,81614,Rhinolophus ferrumequinum,0.025,0.025,-1,Echolocation,/mnt/ubna_data_01_mir/recover-20220825/UBNA_002/20220823_033000.WAV,Telephone Field,recover-20220825,002,1795
876.8315,876.8375,25468,52763,Myotis nattereri,0.015,0.024,-1,Echolocation,/mnt/ubna_data_01_mir/recover-20220825/UBNA_002/20220823_033000.WAV,Telephone Field,recover-20220825,002,1795
876.8485,876.8596,28906,34872,Eptesicus serotinus,0.01,0.024,-1,Echolocation,/mnt/ubna_data_01_mir/recover-20220825/UBNA_002/20220823_033000.WAV,Telephone Field,recover-20220825,002,1795
876.9055,876.9117,33203,56838,Myotis brandtii,0.008,0.022,-1,Echolocation,/mnt/ubna_data_01_mir/recover-20220825/UBNA_002/20220823_033000.WAV,Telephone Field,recover-20220825,002,1795
876.9145,876.9204,30625,65077,Myotis brandtii,0.011,0.033,-1,Echolocation,/mnt/ubna_data_01_mir/recover-20220825/UBNA_002/20220823_033000.WAV,Telephone Field,recover-20220825,002,1795
876.9165,876.9245,49531,55440,Pipistrellus pipistrellus,0.018,0.03,-1,Echolocation,/mnt/ubna_data_01_mir/recover-20220825/UBNA_002/20220823_033000.WAV,Telephone Field,recover-20220825,002,1795
876.9175,876.9257,38359,60853,Pipistrellus nathusii,0.723,0.745,-1,Echolocation,/mnt/ubna_data_01_mir/recover-20220825/UBNA_002/20220823_033000.WAV,Telephone Field,recover-20220825,002,1795
876.9205,876.9296,21171,37195,Plecotus austriacus,0.007,0.023,-1,Echolocation,/mnt/ubna_data_01_mir/recover-20220825/UBNA_002/20220823_033000.WAV,Telephone Field,recover-20220825,002,1795
876.9255,876.9315,28906,41418,Myotis daubentonii,0.01,0.025,-1,Echolocation,/mnt/ubna_data_01_mir/recover-20220825/UBNA_002/20220823_033000.WAV,Telephone Field,recover-20220825,002,1795
876.9265,876.9325,34921,48804,Myotis brandtii,0.013,0.029,-1,Echolocation,/mnt/ubna_data_01_mir/recover-20220825/UBNA_002/20220823_033000.WAV,Telephone Field,recover-20220825,002,1795
876.9315,876.9673,68437,81854,Rhinolophus ferrumequinum,0.03,0.03,-1,Echolocation,/mnt/ubna_data_01_mir/recover-20220825/UBNA_002/20220823_033000.WAV,Telephone Field,recover-20220825,002,1795
876.9585,876.996,68437,82678,Rhinolophus ferrumequinum,0.024,0.024,-1,Echolocation,/mnt/ubna_data_01_mir/recover-20220825/UBNA_002/20220823_033000.WAV,Telephone Field,recover-20220825,002,1795
876.9775,876.9839,49531,55259,Pipistrellus pipistrellus,0.019,0.022,-1,Echolocation,/mnt/ubna_data_01_mir/recover-20220825/UBNA_002/20220823_033000.WAV,Telephone Field,recover-20220825,002,1795
877.0015,877.009,43515,57368,Pipistrellus pipistrellus,0.02,0.042,-1,Echolocation,/mnt/ubna_data_01_mir/recover-20220825/UBNA_002/20220823_033000.WAV,Telephone Field,recover-20220825,002,1795
877.0125,877.0206,53828,60670,Pipistrellus pygmaeus,0.026,0.029,-1,Echolocation,/mnt/ubna_data_01_mir/recover-20220825/UBNA_002/20220823_033000.WAV,Telephone Field,recover-20220825,002,1795
877.0135,877.0214,37500,60256,Pipistrellus nathusii,0.631,0.672,-1,Echolocation,/mnt/ubna_data_01_mir/recover-20220825/UBNA_002/20220823_033000.WAV,Telephone Field,recover-20220825,002,1795
877.0155,877.0214,46093,55671,Pipistrellus pipistrellus,0.014,0.037,-1,Echolocation,/mnt/ubna_data_01_mir/recover-20220825/UBNA_002/20220823_033000.WAV,Telephone Field,recover-20220825,002,1795
877.1135,877.1215,46953,55345,Pipistrellus pipistrellus,0.021,0.043,-1,Echolocation,/mnt/ubna_data_01_mir/recover-20220825/UBNA_002/20220823_033000.WAV,Telephone Field,recover-20220825,002,1795
877.1175,877.126,36640,63157,Pipistrellus nathusii,0.585,0.623,-1,Echolocation,/mnt/ubna_data_01_mir/recover-20220825/UBNA_002/20220823_033000.WAV,Telephone Field,recover-20220825,002,1795
877.1925,877.2017,56406,62260,Pipistrellus pygmaeus,0.027,0.027,-1,Echolocation,/mnt/ubna_data_01_mir/recover-20220825/UBNA_002/20220823_033000.WAV,Telephone Field,recover-20220825,002,1795
877.2195,877.2249,28046,65992,Myotis brandtii,0.012,0.042,-1,Echolocation,/mnt/ubna_data_01_mir/recover-20220825/UBNA_002/20220823_033000.WAV,Telephone Field,recover-20220825,002,1795
877.2205,877.229,37500,64122,Pipistrellus nathusii,0.658,0.706,-1,Echolocation,/mnt/ubna_data_01_mir/recover-20220825/UBNA_002/20220823_033000.WAV,Telephone Field,recover-20220825,002,1795
877.2205,877.2275,52109,59151,Pipistrellus pygmaeus,0.021,0.033,-1,Echolocation,/mnt/ubna_data_01_mir/recover-20220825/UBNA_002/20220823_033000.WAV,Telephone Field,recover-20220825,002,1795
877.2295,877.2351,28906,40671,Myotis daubentonii,0.01,0.024,-1,Echolocation,/mnt/ubna_data_01_mir/recover-20220825/UBNA_002/20220823_033000.WAV,Telephone Field,recover-20220825,002,1795
877.2305,877.2361,34921,50182,Myotis brandtii,0.013,0.028,-1,Echolocation,/mnt/ubna_data_01_mir/recover-20220825/UBNA_002/20220823_033000.WAV,Telephone Field,recover-20220825,002,1795
877.2335,877.2621,68437,81239,Rhinolophus ferrumequinum,0.024,0.024,-1,Echolocation,/mnt/ubna_data_01_mir/recover-20220825/UBNA_002/20220823_033000.WAV,Telephone Field,recover-20220825,002,1795
877.2465,877.2858,68437,82668,Rhinolophus ferrumequinum,0.023,0.023,-1,Echolocation,/mnt/ubna_data_01_mir/recover-20220825/UBNA_002/20220823_033000.WAV,Telephone Field,recover-20220825,002,1795
877.2585,877.2655,55546,63144,Pipistrellus pygmaeus,0.022,0.023,-1,Echolocation,/mnt/ubna_data_01_mir/recover-20220825/UBNA_002/20220823_033000.WAV,Telephone Field,recover-20220825,002,1795
877.2805,877.3174,68437,82533,Rhinolophus ferrumequinum,0.022,0.022,-1,Echolocation,/mnt/ubna_data_01_mir/recover-20220825/UBNA_002/20220823_033000.WAV,Telephone Field,recover-20220825,002,1795
877.3025,877.3109,28046,36434,Eptesicus serotinus,0.009,0.026,-1,Echolocation,/mnt/ubna_data_01_mir/recover-20220825/UBNA_002/20220823_033000.WAV,Telephone Field,recover-20220825,002,1795
877.3105,877.3218,53828,60705,Pipistrellus pygmaeus,0.033,0.034,-1,Echolocation,/mnt/ubna_data_01_mir/recover-20220825/UBNA_002/20220823_033000.WAV,Telephone Field,recover-20220825,002,1795
877.3185,877.3242,27187,62538,Myotis bechsteinii,0.012,0.039,-1,Echolocation,/mnt/ubna_data_01_mir/recover-20220825/UBNA_002/20220823_033000.WAV,Telephone Field,recover-20220825,002,1795
877.3185,877.3267,36640,63862,Pipistrellus nathusii,0.639,0.681,-1,Echolocation,/mnt/ubna_data_01_mir/recover-20220825/UBNA_002/20220823_033000.WAV,Telephone Field,recover-20220825,002,1795
877.3195,877.3245,49531,57768,Pipistrellus pipistrellus,0.018,0.038,-1,Echolocation,/mnt/ubna_data_01_mir/recover-20220825/UBNA_002/20220823_033000.WAV,Telephone Field,recover-20220825,002,1795
877.3355,877.3663,68437,81572,Rhinolophus ferrumequinum,0.024,0.024,-1,Echolocation,/mnt/ubna_data_01_mir/recover-20220825/UBNA_002/20220823_033000.WAV,Telephone Field,recover-20220825,002,1795
877.3785,877.4135,68437,81346,Rhinolophus ferrumequinum,0.026,0.026,-1,Echolocation,/mnt/ubna_data_01_mir/recover-20220825/UBNA_002/20220823_033000.WAV,Telephone Field,recover-20220825,002,1795
877.4005,877.4316,68437,80545,Rhinolophus ferrumequinum,0.023,0.023,-1,Echolocation,/mnt/ubna_data_01_mir/recover-20220825/UBNA_002/20220823_033000.WAV,Telephone Field,recover-20220825,002,1795
877.4085,877.4202,52968,60926,Pipistrellus pygmaeus,0.032,0.034,-1,Echolocation,/mnt/ubna_data_01_mir/recover-20220825/UBNA_002/20220823_033000.WAV,Telephone Field,recover-20220825,002,1795
877.4135,877.4216,36640,58995,Pipistrellus nathusii,0.585,0.619,-1,Echolocation,/mnt/ubna_data_01_mir/recover-20220825/UBNA_002/20220823_033000.WAV,Telephone Field,recover-20220825,002,1795
877.4155,877.4231,46953,54359,Pipistrellus pipistrellus,0.009,0.026,-1,Echolocation,/mnt/ubna_data_01_mir/recover-20220825/UBNA_002/20220823_033000.WAV,Telephone Field,recover-20220825,002,1795
877.4185,877.4239,28906,45311,Myotis daubentonii,0.011,0.025,-1,Echolocation,/mnt/ubna_data_01_mir/recover-20220825/UBNA_002/20220823_033000.WAV,Telephone Field,recover-20220825,002,1795
877.4665,877.4735,46953,52586,Pipistrellus pipistrellus,0.023,0.025,-1,Echolocation,/mnt/ubna_data_01_mir/recover-20220825/UBNA_002/20220823_033000.WAV,Telephone Field,recover-20220825,002,1795
877.5095,877.5166,52968,60789,Pipistrellus pygmaeus,0.05,0.059,-1,Echolocation,/mnt/ubna_data_01_mir/recover-20220825/UBNA_002/20220823_033000.WAV,Telephone Field,recover-20220825,002,1795
877.5105,877.5191,36640,63854,Pipistrellus nathusii,0.596,0.629,-1,Echolocation,/mnt/ubna_data_01_mir/recover-20220825/UBNA_002/20220823_033000.WAV,Telephone Field,recover-20220825,002,1795
877.5115,877.5169,26328,62693,Myotis daubentonii,0.014,0.052,-1,Echolocation,/mnt/ubna_data_01_mir/recover-20220825/UBNA_002/20220823_033000.WAV,Telephone Field,recover-20220825,002,1795
877.5225,877.5481,68437,80568,Rhinolophus ferrumequinum,0.021,0.022,-1,Echolocation,/mnt/ubna_data_01_mir/recover-20220825/UBNA_002/20220823_033000.WAV,Telephone Field,recover-20220825,002,1795
877.5645,877.5716,47812,56088,Pipistrellus pipistrellus,0.02,0.024,-1,Echolocation,/mnt/ubna_data_01_mir/recover-20220825/UBNA_002/20220823_033000.WAV,Telephone Field,recover-20220825,002,1795
877.5825,877.6192,68437,81423,Rhinolophus ferrumequinum,0.023,0.023,-1,Echolocation,/mnt/ubna_data_01_mir/recover-20220825/UBNA_002/20220823_033000.WAV,Telephone Field,recover-20220825,002,1795
877.6105,877.6158,28906,62977,Myotis brandtii,0.011,0.04,-1,Echolocation,/mnt/ubna_data_01_mir/recover-20220825/UBNA_002/20220823_033000.WAV,Telephone Field,recover-20220825,002,1795
877.6115,877.6189,48671,57615,Pipistrellus pipistrellus,0.02,0.033,-1,Echolocation,/mnt/ubna_data_01_mir/recover-20220825/UBNA_002/20220823_033000.WAV,Telephone Field,recover-20220825,002,1795
877.6115,877.62,37500,63790,Pipistrellus nathusii,0.614,0.664,-1,Echolocation,/mnt/ubna_data_01_mir/recover-20220825/UBNA_002/20220823_033000.WAV,Telephone Field,recover-20220825,002,1795
877.6195,877.6252,28046,45885,Myotis daubentonii,0.011,0.024,-1,Echolocation,/mnt/ubna_data_01_mir/recover-20220825/UBNA_002/20220823_033000.WAV,Telephone Field,recover-20220825,002,1795
877.6205,877.6268,38359,51815,Pipistrellus nathusii,0.02,0.042,-1,Echolocation,/mnt/ubna_data_01_mir/recover-20220825/UBNA_002/20220823_033000.WAV,Telephone Field,recover-20220825,002,1795
877.6235,877.6498,68437,81037,Rhinolophus ferrumequinum,0.022,0.022,-1,Echolocation,/mnt/ubna_data_01_mir/recover-20220825/UBNA_002/20220823_033000.WAV,Telephone Field,recover-20220825,002,1795
877.6455,877.6786,68437,81981,Rhinolophus ferrumequinum,0.023,0.023,-1,Echolocation,/mnt/ubna_data_01_mir/recover-20220825/UBNA_002/20220823_033000.WAV,Telephone Field,recover-20220825,002,1795
877.6515,877.6585,30625,47313,Myotis daubentonii,0.014,0.026,-1,Echolocation,/mnt/ubna_data_01_mir/recover-20220825/UBNA_002/20220823_033000.WAV,Telephone Field,recover-20220825,002,1795
877.6625,877.6708,46953,53744,Pipistrellus pipistrellus,0.019,0.024,-1,Echolocation,/mnt/ubna_data_01_mir/recover-20220825/UBNA_002/20220823_033000.WAV,Telephone Field,recover-20220825,002,1795
877.6785,877.6934,22031,25841,Nyctalus leisleri,0.012,0.023,-1,Echolocation,/mnt/ubna_data_01_mir/recover-20220825/UBNA_002/20220823_033000.WAV,Telephone Field,recover-20220825,002,1795
877.6825,877.7198,68437,81859,Rhinolophus ferrumequinum,0.022,0.022,-1,Echolocation,/mnt/ubna_data_01_mir/recover-20220825/UBNA_002/20220823_033000.WAV,Telephone Field,recover-20220825,002,1795
877.6845,877.6992,21171,24373,Nyctalus leisleri,0.015,0.023,-1,Echolocation,/mnt/ubna_data_01_mir/recover-20220825/UBNA_002/20220823_033000.WAV,Telephone Field,recover-20220825,002,1795
877.7105,877.7185,36640,64622,Pipistrellus nathusii,0.552,0.589,-1,Echolocation,/mnt/ubna_data_01_mir/recover-20220825/UBNA_002/20220823_033000.WAV,Telephone Field,recover-20220825,002,1795
877.7115,877.7163,50390,57339,Pipistrellus pipistrellus,0.024,0.047,-1,Echolocation,/mnt/ubna_data_01_mir/recover-20220825/UBNA_002/20220823_033000.WAV,Telephone Field,recover-20220825,002,1795
877.7185,877.7246,36640,49560,Myotis brandtii,0.016,0.035,-1,Echolocation,/mnt/ubna_data_01_mir/recover-20220825/UBNA_002/20220823_033000.WAV,Telephone Field,recover-20220825,002,1795
877.7205,877.7287,27187,35782,Eptesicus serotinus,0.009,0.033,-1,Echolocation,/mnt/ubna_data_01_mir/recover-20220825/UBNA_002/20220823_033000.WAV,Telephone Field,recover-20220825,002,1795
877.7225,877.7524,68437,80833,Rhinolophus ferrumequinum,0.03,0.03,-1,Echolocation,/mnt/ubna_data_01_mir/recover-20220825/UBNA_002/20220823_033000.WAV,Telephone Field,recover-20220825,002,1795
877.8115,877.8192,27187,34437,Eptesicus serotinus,0.007,0.023,-1,Echolocation,/mnt/ubna_data_01_mir/recover-20220825/UBNA_002/20220823_033000.WAV,Telephone Field,recover-20220825,002,1795
877.8225,877.8312,37500,69450,Pipistrellus nathusii,0.612,0.64,-1,Echolocation,/mnt/ubna_data_01_mir/recover-20220825/UBNA_002/20220823_033000.WAV,Telephone Field,recover-20220825,002,1795
877.8245,877.8308,50390,61083,Pipistrellus pipistrellus,0.015,0.033,-1,Echolocation,/mnt/ubna_data_01_mir/recover-20220825/UBNA_002/20220823_033000.WAV,Telephone Field,recover-20220825,002,1795
877.8295,877.8381,52109,68452,Pipistrellus pygmaeus,0.027,0.03,-1,Echolocation,/mnt/ubna_data_01_mir/recover-20220825/UBNA_002/20220823_033000.WAV,Telephone Field,recover-20220825,002,1795
877.8315,877.8384,38359,48469,Pipistrellus nathusii,0.026,0.044,-1,Echolocation,/mnt/ubna_data_01_mir/recover-20220825/UBNA_002/20220823_033000.WAV,Telephone Field,recover-20220825,002,1795
877.8335,877.8414,27187,35394,Eptesicus serotinus,0.009,0.031,-1,Echolocation,/mnt/ubna_data_01_mir/recover-20220825/UBNA_002/20220823_033000.WAV,Telephone Field,recover-20220825,002,1795
877.8595,877.8682,28046,47408,Eptesicus serotinus,0.008,0.023,-1,Echolocation,/mnt/ubna_data_01_mir/recover-20220825/UBNA_002/20220823_033000.WAV,Telephone Field,recover-20220825,002,1795
877.8705,877.9074,68437,81893,Rhinolophus ferrumequinum,0.023,0.023,-1,Echolocation,/mnt/ubna_data_01_mir/recover-20220825/UBNA_002/20220823_033000.WAV,Telephone Field,recover-20220825,002,1795
877.9105,877.9186,46953,53558,Pipistrellus pipistrellus,0.021,0.036,-1,Echolocation,/mnt/ubna_data_01_mir/recover-20220825/UBNA_002/20220823_033000.WAV,Telephone Field,recover-20220825,002,1795
877.9175,877.9251,38359,63068,Pipistrellus nathusii,0.433,0.457,-1,Echolocation,/mnt/ubna_data_01_mir/recover-20220825/UBNA_002/20220823_033000.WAV,Telephone Field,recover-20220825,002,1795
877.9175,877.924,30625,61509,Pipistrellus nathusii,0.134,0.384,-1,Echolocation,/mnt/ubna_data_01_mir/recover-20220825/UBNA_002/20220823_033000.WAV,Telephone Field,recover-20220825,002,1795
877.9255,877.9334,37500,47114,Pipistrellus nathusii,0.054,0.07,-1,Echolocation,/mnt/ubna_data_01_mir/recover-20220825/UBNA_002/20220823_033000.WAV,Telephone Field,recover-20220825,002,1795
877.9655,877.9735,25468,36368,Myotis nattereri,0.005,0.022,-1,Echolocation,/mnt/ubna_data_01_mir/recover-20220825/UBNA_002/20220823_033000.WAV,Telephone Field,recover-20220825,002,1795
877.9755,877.9832,27187,36603,Eptesicus serotinus,0.007,0.023,-1,Echolocation,/mnt/ubna_data_01_mir/recover-20220825/UBNA_002/20220823_033000.WAV,Telephone Field,recover-20220825,002,1795
877.9755,877.9922,20312,24419,Nyctalus leisleri,0.009,0.022,-1,Echolocation,/mnt/ubna_data_01_mir/recover-20220825/UBNA_002/20220823_033000.WAV,Telephone Field,recover-20220825,002,1795
877.9855,877.9916,33203,55741,Myotis brandtii,0.01,0.025,-1,Echolocation,/mnt/ubna_data_01_mir/recover-20220825/UBNA_002/20220823_033000.WAV,Telephone Field,recover-20220825,002,1795
878.0015,878.0293,68437,80052,Rhinolophus ferrumequinum,0.067,0.067,-1,Echolocation,/mnt/ubna_data_01_mir/recover-20220825/UBNA_002/20220823_033000.WAV,Telephone Field,recover-20220825,002,1795
878.0015,878.0106,24609,30311,Nyctalus leisleri,0.013,0.033,-1,Echolocation,/mnt/ubna_data_01_mir/recover-20220825/UBNA_002/20220823_033000.WAV,Telephone Field,recover-20220825,002,1795
878.0085,878.0484,67578,79664,Rhinolophus ferrumequinum,0.02,0.022,-1,Echolocation,/mnt/ubna_data_01_mir/recover-20220825/UBNA_002/20220823_033000.WAV,Telephone Field,recover-20220825,002,1795
878.0145,878.0216,38359,68718,Pipistrellus nathusii,0.193,0.359,-1,Echolocation,/mnt/ubna_data_01_mir/recover-20220825/UBNA_002/20220823_033000.WAV,Telephone Field,recover-20220825,002,1795
878.0155,878.0213,26328,84848,Myotis bechsteinii,0.096,0.163,-1,Echolocation,/mnt/ubna_data_01_mir/recover-20220825/UBNA_002/20220823_033000.WAV,Telephone Field,recover-20220825,002,1795
878.0155,878.0266,52109,65160,Pipistrellus pipistrellus,0.011,0.021,-1,Echolocation,/mnt/ubna_data_01_mir/recover-20220825/UBNA_002/20220823_033000.WAV,Telephone Field,recover-20220825,002,1795
878.0245,878.0304,37500,51923,Myotis brandtii,0.012,0.023,-1,Echolocation,/mnt/ubna_data_01_mir/recover-20220825/UBNA_002/20220823_033000.WAV,Telephone Field,recover-20220825,002,1795
878.0255,878.0305,30625,44788,Myotis daubentonii,0.009,0.023,-1,Echolocation,/mnt/ubna_data_01_mir/recover-20220825/UBNA_002/20220823_033000.WAV,Telephone Field,recover-20220825,002,1795
878.0295,878.0625,68437,80713,Rhinolophus ferrumequinum,0.021,0.021,-1,Echolocation,/mnt/ubna_data_01_mir/recover-20220825/UBNA_002/20220823_033000.WAV,Telephone Field,recover-20220825,002,1795
878.1165,878.1238,38359,63918,Pipistrellus nathusii,0.47,0.582,-1,Echolocation,/mnt/ubna_data_01_mir/recover-20220825/UBNA_002/20220823_033000.WAV,Telephone Field,recover-20220825,002,1795
878.1255,878.1336,37500,49265,Pipistrellus nathusii,0.048,0.071,-1,Echolocation,/mnt/ubna_data_01_mir/recover-20220825/UBNA_002/20220823_033000.WAV,Telephone Field,recover-20220825,002,1795
878.1495,878.1854,68437,81493,Rhinolophus ferrumequinum,0.023,0.023,-1,Echolocation,/mnt/ubna_data_01_mir/recover-20220825/UBNA_002/20220823_033000.WAV,Telephone Field,recover-20220825,002,1795
878.1655,878.1752,28046,36431,Eptesicus serotinus,0.01,0.024,-1,Echolocation,/mnt/ubna_data_01_mir/recover-20220825/UBNA_002/20220823_033000.WAV,Telephone Field,recover-20220825,002,1795
878.1665,878.2011,68437,80805,Rhinolophus ferrumequinum,0.02,0.021,-1,Echolocation,/mnt/ubna_data_01_mir/recover-20220825/UBNA_002/20220823_033000.WAV,Telephone Field,recover-20220825,002,1795
878.2115,878.2189,37500,71322,Pipistrellus nathusii,0.33,0.474,-1,Echolocation,/mnt/ubna_data_01_mir/recover-20220825/UBNA_002/20220823_033000.WAV,Telephone Field,recover-20220825,002,1795
878.2115,878.2177,27187,85828,Myotis bechsteinii,0.072,0.107,-1,Echolocation,/mnt/ubna_data_01_mir/recover-20220825/UBNA_002/20220823_033000.WAV,Telephone Field,recover-20220825,002,1795
878.2485,878.2863,68437,81919,Rhinolophus ferrumequinum,0.021,0.021,-1,Echolocation,/mnt/ubna_data_01_mir/recover-20220825/UBNA_002/20220823_033000.WAV,Telephone Field,recover-20220825,002,1795
878.2505,878.2599,28046,41072,Eptesicus serotinus,0.009,0.023,-1,Echolocation,/mnt/ubna_data_01_mir/recover-20220825/UBNA_002/20220823_033000.WAV,Telephone Field,recover-20220825,002,1795
878.2505,878.2653,58984,64934,Pipistrellus pygmaeus,0.056,0.057,-1,Echolocation,/mnt/ubna_data_01_mir/recover-20220825/UBNA_002/20220823_033000.WAV,Telephone Field,recover-20220825,002,1795
878.2525,878.263,34921,39839,Pipistrellus nathusii,0.014,0.027,-1,Echolocation,/mnt/ubna_data_01_mir/recover-20220825/UBNA_002/20220823_033000.WAV,Telephone Field,recover-20220825,002,1795
878.3005,878.3068,28046,34952,Eptesicus serotinus,0.005,0.023,-1,Echolocation,/mnt/ubna_data_01_mir/recover-20220825/UBNA_002/20220823_033000.WAV,Telephone Field,recover-20220825,002,1795
878.3125,878.319,40078,71982,Pipistrellus nathusii,0.185,0.307,-1,Echolocation,/mnt/ubna_data_01_mir/recover-20220825/UBNA_002/20220823_033000.WAV,Telephone Field,recover-20220825,002,1795
878.3135,878.3212,30625,90569,Myotis brandtii,0.155,0.185,-1,Echolocation,/mnt/ubna_data_01_mir/recover-20220825/UBNA_002/20220823_033000.WAV,Telephone Field,recover-20220825,002,1795
878.3215,878.3277,39218,58180,Pipistrellus nathusii,0.019,0.038,-1,Echolocation,/mnt/ubna_data_01_mir/recover-20220825/UBNA_002/20220823_033000.WAV,Telephone Field,recover-20220825,002,1795
878.3225,878.3279,31484,52926,Myotis brandtii,0.015,0.025,-1,Echolocation,/mnt/ubna_data_01_mir/recover-20220825/UBNA_002/20220823_033000.WAV,Telephone Field,recover-20220825,002,1795
878.3505,878.3603,27187,35833,Eptesicus serotinus,0.01,0.024,-1,Echolocation,/mnt/ubna_data_01_mir/recover-20220825/UBNA_002/20220823_033000.WAV,Telephone Field,recover-20220825,002,1795
878.3795,878.4074,68437,79800,Rhinolophus ferrumequinum,0.022,0.022,-1,Echolocation,/mnt/ubna_data_01_mir/recover-20220825/UBNA_002/20220823_033000.WAV,Telephone Field,recover-20220825,002,1795
878.3885,878.3949,50390,58290,Pipistrellus pipistrellus,0.021,0.055,-1,Echolocation,/mnt/ubna_data_01_mir/recover-20220825/UBNA_002/20220823_033000.WAV,Telephone Field,recover-20220825,002,1795
878.3895,878.4049,77031,91866,Rhinolophus hipposideros,0.023,0.023,-1,Echolocation,/mnt/ubna_data_01_mir/recover-20220825/UBNA_002/20220823_033000.WAV,Telephone Field,recover-20220825,002,1795
878.3945,878.4019,36640,78412,Myotis brandtii,0.288,0.395,-1,Echolocation,/mnt/ubna_data_01_mir/recover-20220825/UBNA_002/20220823_033000.WAV,Telephone Field,recover-20220825,002,1795
878.4045,878.4104,28906,44177,Myotis daubentonii,0.008,0.023,-1,Echolocation,/mnt/ubna_data_01_mir/recover-20220825/UBNA_002/20220823_033000.WAV,Telephone Field,recover-20220825,002,1795
878.4125,878.4481,68437,81601,Rhinolophus ferrumequinum,0.021,0.021,-1,Echolocation,/mnt/ubna_data_01_mir/recover-20220825/UBNA_002/20220823_033000.WAV,Telephone Field,recover-20220825,002,1795
878.4295,878.4377,25468,33932,Eptesicus serotinus,0.009,0.022,-1,Echolocation,/mnt/ubna_data_01_mir/recover-20220825/UBNA_002/20220823_033000.WAV,Telephone Field,recover-20220825,002,1795
878.4585,878.4657,35781,80913,Myotis brandtii,0.255,0.323,-1,Echolocation,/mnt/ubna_data_01_mir/recover-20220825/UBNA_002/20220823_033000.WAV,Telephone Field,recover-20220825,002,1795
878.4595,878.4658,27187,91557,Myotis bechsteinii,0.096,0.162,-1,Echolocation,/mnt/ubna_data_01_mir/recover-20220825/UBNA_002/20220823_033000.WAV,Telephone Field,recover-20220825,002,1795
878.5055,878.5405,68437,81084,Rhinolophus ferrumequinum,0.021,0.022,-1,Echolocation,/mnt/ubna_data_01_mir/recover-20220825/UBNA_002/20220823_033000.WAV,Telephone Field,recover-20220825,002,1795
878.5135,878.5341,20312,23640,Nyctalus leisleri,0.01,0.021,-1,Echolocation,/mnt/ubna_data_01_mir/recover-20220825/UBNA_002/20220823_033000.WAV,Telephone Field,recover-20220825,002,1795
878.5385,878.5459,34921,83218,Myotis brandtii,0.271,0.311,-1,Echolocation,/mnt/ubna_data_01_mir/recover-20220825/UBNA_002/20220823_033000.WAV,Telephone Field,recover-20220825,002,1795
878.5405,878.549,49531,55109,Pipistrellus pipistrellus,0.018,0.031,-1,Echolocation,/mnt/ubna_data_01_mir/recover-20220825/UBNA_002/20220823_033000.WAV,Telephone Field,recover-20220825,002,1795
878.5535,878.5657,25468,30417,Nyctalus leisleri,0.012,0.029,-1,Echolocation,/mnt/ubna_data_01_mir/recover-20220825/UBNA_002/20220823_033000.WAV,Telephone Field,recover-20220825,002,1795
878.6075,878.6139,28046,36140,Eptesicus serotinus,0.005,0.021,-1,Echolocation,/mnt/ubna_data_01_mir/recover-20220825/UBNA_002/20220823_033000.WAV,Telephone Field,recover-20220825,002,1795
878.6205,878.6375,47812,56393,Pipistrellus pipistrellus,0.018,0.04,-1,Echolocation,/mnt/ubna_data_01_mir/recover-20220825/UBNA_002/20220823_033000.WAV,Telephone Field,recover-20220825,002,1795
878.6225,878.6291,36640,71238,Myotis brandtii,0.39,0.475,-1,Echolocation,/mnt/ubna_data_01_mir/recover-20220825/UBNA_002/20220823_033000.WAV,Telephone Field,recover-20220825,002,1795
878.6235,878.6294,25468,95417,Myotis bechsteinii,0.099,0.125,-1,Echolocation,/mnt/ubna_data_01_mir/recover-20220825/UBNA_002/20220823_033000.WAV,Telephone Field,recover-20220825,002,1795
878.6415,878.6816,68437,82379,Rhinolophus ferrumequinum,0.024,0.024,-1,Echolocation,/mnt/ubna_data_01_mir/recover-20220825/UBNA_002/20220823_033000.WAV,Telephone Field,recover-20220825,002,1795
878.7225,878.7311,33203,37759,Barbastellus barbastellus,0.009,0.022,-1,Echolocation,/mnt/ubna_data_01_mir/recover-20220825/UBNA_002/20220823_033000.WAV,Telephone Field,recover-20220825,002,1795
878.7225,878.7297,28046,33918,Eptesicus serotinus,0.009,0.025,-1,Echolocation,/mnt/ubna_data_01_mir/recover-20220825/UBNA_002/20220823_033000.WAV,Telephone Field,recover-20220825,002,1795
878.7345,878.7413,37500,74855,Myotis brandtii,0.305,0.404,-1,Echolocation,/mnt/ubna_data_01_mir/recover-20220825/UBNA_002/20220823_033000.WAV,Telephone Field,recover-20220825,002,1795
878.7345,878.7443,48671,55426,Pipistrellus pipistrellus,0.02,0.033,-1,Echolocation,/mnt/ubna_data_01_mir/recover-20220825/UBNA_002/20220823_033000.WAV,Telephone Field,recover-20220825,002,1795
878.7355,878.7413,27187,94532,Myotis bechsteinii,0.068,0.117,-1,Echolocation,/mnt/ubna_data_01_mir/recover-20220825/UBNA_002/20220823_033000.WAV,Telephone Field,recover-20220825,002,1795
878.7435,878.7488,37500,61583,Myotis brandtii,0.021,0.027,-1,Echolocation,/mnt/ubna_data_01_mir/recover-20220825/UBNA_002/20220823_033000.WAV,Telephone Field,recover-20220825,002,1795
878.7595,878.7703,28046,35695,Eptesicus serotinus,0.013,0.026,-1,Echolocation,/mnt/ubna_data_01_mir/recover-20220825/UBNA_002/20220823_033000.WAV,Telephone Field,recover-20220825,002,1795
878.8025,878.8075,38359,64694,Myotis brandtii,0.208,0.271,-1,Echolocation,/mnt/ubna_data_01_mir/recover-20220825/UBNA_002/20220823_033000.WAV,Telephone Field,recover-20220825,002,1795
878.8635,878.8694,38359,66504,Myotis brandtii,0.25,0.348,-1,Echolocation,/mnt/ubna_data_01_mir/recover-20220825/UBNA_002/20220823_033000.WAV,Telephone Field,recover-20220825,002,1795
878.9375,878.9437,42656,61719,Pipistrellus nathusii,0.254,0.415,-1,Echolocation,/mnt/ubna_data_01_mir/recover-20220825/UBNA_002/20220823_033000.WAV,Telephone Field,recover-20220825,002,1795
878.9475,878.9535,39218,66139,Myotis brandtii,0.018,0.027,-1,Echolocation,/mnt/ubna_data_01_mir/recover-20220825/UBNA_002/20220823_033000.WAV,Telephone Field,recover-20220825,002,1795
878.9475,878.9555,55546,62806,Pipistrellus pygmaeus,0.022,0.022,-1,Echolocation,/mnt/ubna_data_01_mir/recover-20220825/UBNA_002/20220823_033000.WAV,Telephone Field,recover-20220825,002,1795
878.9565,878.9959,68437,81789,Rhinolophus ferrumequinum,0.024,0.024,-1,Echolocation,/mnt/ubna_data_01_mir/recover-20220825/UBNA_002/20220823_033000.WAV,Telephone Field,recover-20220825,002,1795
878.9585,878.9662,28046,38006,Eptesicus serotinus,0.007,0.021,-1,Echolocation,/mnt/ubna_data_01_mir/recover-20220825/UBNA_002/20220823_033000.WAV,Telephone Field,recover-20220825,002,1795
878.9925,878.9992,37500,51093,Myotis brandtii,0.01,0.026,-1,Echolocation,/mnt/ubna_data_01_mir/recover-20220825/UBNA_002/20220823_033000.WAV,Telephone Field,recover-20220825,002,1795
878.9935,879.0305,68437,81421,Rhinolophus ferrumequinum,0.021,0.021,-1,Echolocation,/mnt/ubna_data_01_mir/recover-20220825/UBNA_002/20220823_033000.WAV,Telephone Field,recover-20220825,002,1795
879.0175,879.0245,28046,35717,Eptesicus serotinus,0.006,0.022,-1,Echolocation,/mnt/ubna_data_01_mir/recover-20220825/UBNA_002/20220823_033000.WAV,Telephone Field,recover-20220825,002,1795
879.0235,879.0313,49531,55837,Pipistrellus pipistrellus,0.014,0.031,-1,Echolocation,/mnt/ubna_data_01_mir/recover-20220825/UBNA_002/20220823_033000.WAV,Telephone Field,recover-20220825,002,1795
879.0295,879.036,40078,66526,Pipistrellus nathusii,0.192,0.46,-1,Echolocation,/mnt/ubna_data_01_mir/recover-20220825/UBNA_002/20220823_033000.WAV,Telephone Field,recover-20220825,002,1795
879.0305,879.0357,27187,87310,Myotis bechsteinii,0.053,0.088,-1,Echolocation,/mnt/ubna_data_01_mir/recover-20220825/UBNA_002/20220823_033000.WAV,Telephone Field,recover-20220825,002,1795
879.0395,879.0456,38359,54756,Myotis brandtii,0.013,0.021,-1,Echolocation,/mnt/ubna_data_01_mir/recover-20220825/UBNA_002/20220823_033000.WAV,Telephone Field,recover-20220825,002,1795
879.0595,879.1001,68437,82947,Rhinolophus ferrumequinum,0.026,0.026,-1,Echolocation,/mnt/ubna_data_01_mir/recover-20220825/UBNA_002/20220823_033000.WAV,Telephone Field,recover-20220825,002,1795
879.0915,879.0967,27187,83537,Myotis bechsteinii,0.055,0.095,-1,Echolocation,/mnt/ubna_data_01_mir/recover-20220825/UBNA_002/20220823_033000.WAV,Telephone Field,recover-20220825,002,1795
879.0915,879.0968,40078,60094,Myotis brandtii,0.194,0.385,-1,Echolocation,/mnt/ubna_data_01_mir/recover-20220825/UBNA_002/20220823_033000.WAV,Telephone Field,recover-20220825,002,1795
879.1015,879.1087,54687,63682,Pipistrellus pygmaeus,0.026,0.026,-1,Echolocation,/mnt/ubna_data_01_mir/recover-20220825/UBNA_002/20220823_033000.WAV,Telephone Field,recover-20220825,002,1795
879.1435,879.155,50390,55582,Pipistrellus pygmaeus,0.024,0.043,-1,Echolocation,/mnt/ubna_data_01_mir/recover-20220825/UBNA_002/20220823_033000.WAV,Telephone Field,recover-20220825,002,1795
879.1485,879.1564,34062,83471,Myotis brandtii,0.382,0.424,-1,Echolocation,/mnt/ubna_data_01_mir/recover-20220825/UBNA_002/20220823_033000.WAV,Telephone Field,recover-20220825,002,1795
879.2015,879.2142,48671,55796,Pipistrellus pipistrellus,0.019,0.041,-1,Echolocation,/mnt/ubna_data_01_mir/recover-20220825/UBNA_002/20220823_033000.WAV,Telephone Field,recover-20220825,002,1795
879.2065,879.2173,49531,54463,Pipistrellus pygmaeus,0.019,0.038,-1,Echolocation,/mnt/ubna_data_01_mir/recover-20220825/UBNA_002/20220823_033000.WAV,Telephone Field,recover-20220825,002,1795
879.2085,879.215,36640,71051,Myotis brandtii,0.29,0.361,-1,Echolocation,/mnt/ubna_data_01_mir/recover-20220825/UBNA_002/20220823_033000.WAV,Telephone Field,recover-20220825,002,1795
879.2255,879.2679,68437,82562,Rhinolophus ferrumequinum,0.036,0.036,-1,Echolocation,/mnt/ubna_data_01_mir/recover-20220825/UBNA_002/20220823_033000.WAV,Telephone Field,recover-20220825,002,1795
879.2505,879.2648,47812,54124,Pipistrellus pipistrellus,0.039,0.067,-1,Echolocation,/mnt/ubna_data_01_mir/recover-20220825/UBNA_002/20220823_033000.WAV,Telephone Field,recover-20220825,002,1795
879.2575,879.2631,38359,63829,Myotis brandtii,0.257,0.397,-1,Echolocation,/mnt/ubna_data_01_mir/recover-20220825/UBNA_002/20220823_033000.WAV,Telephone Field,recover-20220825,002,1795
879.2575,879.2632,26328,86194,Myotis bechsteinii,0.086,0.125,-1,Echolocation,/mnt/ubna_data_01_mir/recover-20220825/UBNA_002/20220823_033000.WAV,Telephone Field,recover-20220825,002,1795
879.2755,879.3183,68437,83289,Rhinolophus ferrumequinum,0.027,0.027,-1,Echolocation,/mnt/ubna_data_01_mir/recover-20220825/UBNA_002/20220823_033000.WAV,Telephone Field,recover-20220825,002,1795
879.2895,879.2982,51250,59440,Pipistrellus pipistrellus,0.052,0.064,-1,Echolocation,/mnt/ubna_data_01_mir/recover-20220825/UBNA_002/20220823_033000.WAV,Telephone Field,recover-20220825,002,1795
879.3275,879.3342,35781,64456,Myotis brandtii,0.027,0.039,-1,Echolocation,/mnt/ubna_data_01_mir/recover-20220825/UBNA_002/20220823_033000.WAV,Telephone Field,recover-20220825,002,1795
879.3285,879.3379,43515,51838,Pipistrellus nathusii,0.079,0.094,-1,Echolocation,/mnt/ubna_data_01_mir/recover-20220825/UBNA_002/20220823_033000.WAV,Telephone Field,recover-20220825,002,1795
879.3575,879.3927,68437,81926,Rhinolophus ferrumequinum,0.026,0.026,-1,Echolocation,/mnt/ubna_data_01_mir/recover-20220825/UBNA_002/20220823_033000.WAV,Telephone Field,recover-20220825,002,1795
879.3775,879.386,56406,61891,Pipistrellus pygmaeus,0.04,0.04,-1,Echolocation,/mnt/ubna_data_01_mir/recover-20220825/UBNA_002/20220823_033000.WAV,Telephone Field,recover-20220825,002,1795
879.3805,879.4201,68437,82148,Rhinolophus ferrumequinum,0.021,0.021,-1,Echolocation,/mnt/ubna_data_01_mir/recover-20220825/UBNA_002/20220823_033000.WAV,Telephone Field,recover-20220825,002,1795
879.3815,879.3944,42656,49342,Pipistrellus nathusii,0.064,0.078,-1,Echolocation,/mnt/ubna_data_01_mir/recover-20220825/UBNA_002/20220823_033000.WAV,Telephone Field,recover-20220825,002,1795
879.3845,879.3939,26328,36315,Eptesicus serotinus,0.013,0.031,-1,Echolocation,/mnt/ubna_data_01_mir/recover-20220825/UBNA_002/20220823_033000.WAV,Telephone Field,recover-20220825,002,1795
879.3975,879.4378,68437,82744,Rhinolophus ferrumequinum,0.021,0.021,-1,Echolocation,/mnt/ubna_data_01_mir/recover-20220825/UBNA_002/20220823_033000.WAV,Telephone Field,recover-20220825,002,1795
879.3995,879.4097,28906,35617,Eptesicus serotinus,0.018,0.037,-1,Echolocation,/mnt/ubna_data_01_mir/recover-20220825/UBNA_002/20220823_033000.WAV,Telephone Field,recover-20220825,002,1795
879.4235,879.46,68437,81607,Rhinolophus ferrumequinum,0.023,0.023,-1,Echolocation,/mnt/ubna_data_01_mir/recover-20220825/UBNA_002/20220823_033000.WAV,Telephone Field,recover-20220825,002,1795
879.4235,879.4315,28046,36353,Eptesicus serotinus,0.009,0.022,-1,Echolocation,/mnt/ubna_data_01_mir/recover-20220825/UBNA_002/20220823_033000.WAV,Telephone Field,recover-20220825,002,1795
879.4375,879.4479,41796,50571,Pipistrellus nathusii,0.408,0.453,-1,Echolocation,/mnt/ubna_data_01_mir/recover-20220825/UBNA_002/20220823_033000.WAV,Telephone Field,recover-20220825,002,1795
879.4635,879.4975,68437,81205,Rhinolophus ferrumequinum,0.021,0.021,-1,Echolocation,/mnt/ubna_data_01_mir/recover-20220825/UBNA_002/20220823_033000.WAV,Telephone Field,recover-20220825,002,1795
879.4635,879.4709,54687,63678,Pipistrellus pygmaeus,0.02,0.021,-1,Echolocation,/mnt/ubna_data_01_mir/recover-20220825/UBNA_002/20220823_033000.WAV,Telephone Field,recover-20220825,002,1795
879.4715,879.4832,27187,35056,Eptesicus serotinus,0.027,0.044,-1,Echolocation,/mnt/ubna_data_01_mir/recover-20220825/UBNA_002/20220823_033000.WAV,Telephone Field,recover-20220825,002,1795
879.4875,879.4949,47812,59479,Pipistrellus pipistrellus,0.013,0.024,-1,Echolocation,/mnt/ubna_data_01_mir/recover-20220825/UBNA_002/20220823_033000.WAV,Telephone Field,recover-20220825,002,1795
879.4935,879.5306,68437,82156,Rhinolophus ferrumequinum,0.021,0.021,-1,Echolocation,/mnt/ubna_data_01_mir/recover-20220825/UBNA_002/20220823_033000.WAV,Telephone Field,recover-20220825,002,1795
879.4985,879.5121,42656,47176,Pipistrellus nathusii,0.144,0.155,-1,Echolocation,/mnt/ubna_data_01_mir/recover-20220825/UBNA_002/20220823_033000.WAV,Telephone Field,recover-20220825,002,1795
879.5015,879.508,30625,60307,Myotis brandtii,0.012,0.023,-1,Echolocation,/mnt/ubna_data_01_mir/recover-20220825/UBNA_002/20220823_033000.WAV,Telephone Field,recover-20220825,002,1795
879.5595,879.5703,44375,51583,Pipistrellus nathusii,0.049,0.076,-1,Echolocation,/mnt/ubna_data_01_mir/recover-20220825/UBNA_002/20220823_033000.WAV,Telephone Field,recover-20220825,002,1795
879.5605,879.5667,31484,61062,Myotis brandtii,0.013,0.022,-1,Echolocation,/mnt/ubna_data_01_mir/recover-20220825/UBNA_002/20220823_033000.WAV,Telephone Field,recover-20220825,002,1795
879.5655,879.5719,38359,52732,Myotis brandtii,0.009,0.023,-1,Echolocation,/mnt/ubna_data_01_mir/recover-20220825/UBNA_002/20220823_033000.WAV,Telephone Field,recover-20220825,002,1795
879.5695,879.578,25468,35171,Eptesicus serotinus,0.008,0.023,-1,Echolocation,/mnt/ubna_data_01_mir/recover-20220825/UBNA_002/20220823_033000.WAV,Telephone Field,recover-20220825,002,1795
879.5975,879.6043,56406,65247,Pipistrellus pygmaeus,0.021,0.021,-1,Echolocation,/mnt/ubna_data_01_mir/recover-20220825/UBNA_002/20220823_033000.WAV,Telephone Field,recover-20220825,002,1795
879.6115,879.6267,15156,20193,Nyctalus noctula,0.016,0.024,-1,Echolocation,/mnt/ubna_data_01_mir/recover-20220825/UBNA_002/20220823_033000.WAV,Telephone Field,recover-20220825,002,1795
879.6295,879.6396,41796,49094,Pipistrellus nathusii,0.384,0.404,-1,Echolocation,/mnt/ubna_data_01_mir/recover-20220825/UBNA_002/20220823_033000.WAV,Telephone Field,recover-20220825,002,1795
879.6505,879.6579,28046,38771,Eptesicus serotinus,0.007,0.021,-1,Echolocation,/mnt/ubna_data_01_mir/recover-20220825/UBNA_002/20220823_033000.WAV,Telephone Field,recover-20220825,002,1795
879.6815,879.6888,50390,60716,Pipistrellus pipistrellus,0.014,0.021,-1,Echolocation,/mnt/ubna_data_01_mir/recover-20220825/UBNA_002/20220823_033000.WAV,Telephone Field,recover-20220825,002,1795
879.6865,879.7252,68437,80967,Rhinolophus ferrumequinum,0.024,0.024,-1,Echolocation,/mnt/ubna_data_01_mir/recover-20220825/UBNA_002/20220823_033000.WAV,Telephone Field,recover-20220825,002,1795
879.6885,879.6978,46953,56076,Pipistrellus pipistrellus,0.015,0.023,-1,Echolocation,/mnt/ubna_data_01_mir/recover-20220825/UBNA_002/20220823_033000.WAV,Telephone Field,recover-20220825,002,1795
879.7185,879.7292,40937,50400,Pipistrellus nathusii,0.015,0.025,-1,Echolocation,/mnt/ubna_data_01_mir/recover-20220825/UBNA_002/20220823_033000.WAV,Telephone Field,recover-20220825,002,1795
879.7235,879.7324,40937,50662,Pipistrellus nathusii,0.011,0.027,-1,Echolocation,/mnt/ubna_data_01_mir/recover-20220825/UBNA_002/20220823_033000.WAV,Telephone Field,recover-20220825,002,1795
879.7395,879.7456,31484,63138,Myotis brandtii,0.013,0.025,-1,Echolocation,/mnt/ubna_data_01_mir/recover-20220825/UBNA_002/20220823_033000.WAV,Telephone Field,recover-20220825,002,1795
879.7515,879.7886,68437,81489,Rhinolophus ferrumequinum,0.021,0.022,-1,Echolocation,/mnt/ubna_data_01_mir/recover-20220825/UBNA_002/20220823_033000.WAV,Telephone Field,recover-20220825,002,1795
879.7795,879.7884,28046,37133,Eptesicus serotinus,0.008,0.022,-1,Echolocation,/mnt/ubna_data_01_mir/recover-20220825/UBNA_002/20220823_033000.WAV,Telephone Field,recover-20220825,002,1795
879.7845,879.7909,54687,59408,Pipistrellus pygmaeus,0.033,0.034,-1,Echolocation,/mnt/ubna_data_01_mir/recover-20220825/UBNA_002/20220823_033000.WAV,Telephone Field,recover-20220825,002,1795
879.7855,879.7948,28046,34632,Eptesicus serotinus,0.01,0.022,-1,Echolocation,/mnt/ubna_data_01_mir/recover-20220825/UBNA_002/20220823_033000.WAV,Telephone Field,recover-20220825,002,1795
879.7885,879.8264,68437,81564,Rhinolophus ferrumequinum,0.021,0.021,-1,Echolocation,/mnt/ubna_data_01_mir/recover-20220825/UBNA_002/20220823_033000.WAV,Telephone Field,recover-20220825,002,1795
879.7985,879.8078,40937,51552,Pipistrellus nathusii,0.355,0.385,-1,Echolocation,/mnt/ubna_data_01_mir/recover-20220825/UBNA_002/20220823_033000.WAV,Telephone Field,recover-20220825,002,1795
879.7985,879.8337,68437,82402,Rhinolophus ferrumequinum,0.022,0.022,-1,Echolocation,/mnt/ubna_data_01_mir/recover-20220825/UBNA_002/20220823_033000.WAV,Telephone Field,recover-20220825,002,1795
879.8385,879.8494,25468,32038,Eptesicus serotinus,0.01,0.024,-1,Echolocation,/mnt/ubna_data_01_mir/recover-20220825/UBNA_002/20220823_033000.WAV,Telephone Field,recover-20220825,002,1795
879.8405,879.8463,36640,64239,Myotis brandtii,0.014,0.022,-1,Echolocation,/mnt/ubna_data_01_mir/recover-20220825/UBNA_002/20220823_033000.WAV,Telephone Field,recover-20220825,002,1795
879.8815,879.9188,68437,81886,Rhinolophus ferrumequinum,0.022,0.022,-1,Echolocation,/mnt/ubna_data_01_mir/recover-20220825/UBNA_002/20220823_033000.WAV,Telephone Field,recover-20220825,002,1795
879.9055,879.9454,68437,82624,Rhinolophus ferrumequinum,0.023,0.023,-1,Echolocation,/mnt/ubna_data_01_mir/recover-20220825/UBNA_002/20220823_033000.WAV,Telephone Field,recover-20220825,002,1795
879.9255,879.9329,27187,39402,Eptesicus serotinus,0.006,0.021,-1,Echolocation,/mnt/ubna_data_01_mir/recover-20220825/UBNA_002/20220823_033000.WAV,Telephone Field,recover-20220825,002,1795
879.9685,879.9791,25468,31136,Eptesicus serotinus,0.009,0.024,-1,Echolocation,/mnt/ubna_data_01_mir/recover-20220825/UBNA_002/20220823_033000.WAV,Telephone Field,recover-20220825,002,1795
879.9735,879.9812,27187,37254,Eptesicus serotinus,0.007,0.024,-1,Echolocation,/mnt/ubna_data_01_mir/recover-20220825/UBNA_002/20220823_033000.WAV,Telephone Field,recover-20220825,002,1795
879.9855,879.9967,40937,50649,Pipistrellus nathusii,0.221,0.253,-1,Echolocation,/mnt/ubna_data_01_mir/recover-20220825/UBNA_002/20220823_033000.WAV,Telephone Field,recover-20220825,002,1795
880.0015,880.0087,22890,31115,Plecotus austriacus,0.009,0.035,-1,Echolocation,/mnt/ubna_data_01_mir/recover-20220825/UBNA_002/20220823_033000.WAV,Telephone Field,recover-20220825,002,1795
880.0015,880.0126,18593,24079,Nyctalus noctula,0.012,0.035,-1,Echolocation,/mnt/ubna_data_01_mir/recover-20220825/UBNA_002/20220823_033000.WAV,Telephone Field,recover-20220825,002,1795
880.0015,880.008,40078,49180,Pipistrellus nathusii,0.02,0.038,-1,Echolocation,/mnt/ubna_data_01_mir/recover-20220825/UBNA_002/20220823_033000.WAV,Telephone Field,recover-20220825,002,1795
880.0015,880.0307,68437,80787,Rhinolophus ferrumequinum,0.039,0.039,-1,Echolocation,/mnt/ubna_data_01_mir/recover-20220825/UBNA_002/20220823_033000.WAV,Telephone Field,recover-20220825,002,1795
880.0015,880.0116,49531,58181,Pipistrellus pygmaeus,0.026,0.047,-1,Echolocation,/mnt/ubna_data_01_mir/recover-20220825/UBNA_002/20220823_033000.WAV,Telephone Field,recover-20220825,002,1795
880.0085,880.0157,26328,36057,Eptesicus serotinus,0.008,0.023,-1,Echolocation,/mnt/ubna_data_01_mir/recover-20220825/UBNA_002/20220823_033000.WAV,Telephone Field,recover-20220825,002,1795
880.0095,880.049,68437,82261,Rhinolophus ferrumequinum,0.023,0.023,-1,Echolocation,/mnt/ubna_data_01_mir/recover-20220825/UBNA_002/20220823_033000.WAV,Telephone Field,recover-20220825,002,1795
880.0755,880.0824,39218,49779,Myotis brandtii,0.008,0.025,-1,Echolocation,/mnt/ubna_data_01_mir/recover-20220825/UBNA_002/20220823_033000.WAV,Telephone Field,recover-20220825,002,1795
880.0775,880.1149,68437,82174,Rhinolophus ferrumequinum,0.024,0.024,-1,Echolocation,/mnt/ubna_data_01_mir/recover-20220825/UBNA_002/20220823_033000.WAV,Telephone Field,recover-20220825,002,1795
880.0775,880.0862,26328,37756,Eptesicus serotinus,0.011,0.029,-1,Echolocation,/mnt/ubna_data_01_mir/recover-20220825/UBNA_002/20220823_033000.WAV,Telephone Field,recover-20220825,002,1795
880.0835,880.0923,41796,48056,Pipistrellus nathusii,0.011,0.025,-1,Echolocation,/mnt/ubna_data_01_mir/recover-20220825/UBNA_002/20220823_033000.WAV,Telephone Field,recover-20220825,002,1795
880.1155,880.1574,68437,83268,Rhinolophus ferrumequinum,0.031,0.031,-1,Echolocation,/mnt/ubna_data_01_mir/recover-20220825/UBNA_002/20220823_033000.WAV,Telephone Field,recover-20220825,002,1795
880.1215,880.1299,37500,45678,Barbastellus barbastellus,0.012,0.027,-1,Echolocation,/mnt/ubna_data_01_mir/recover-20220825/UBNA_002/20220823_033000.WAV,Telephone Field,recover-20220825,002,1795
880.1215,880.1285,26328,39643,Eptesicus serotinus,0.008,0.022,-1,Echolocation,/mnt/ubna_data_01_mir/recover-20220825/UBNA_002/20220823_033000.WAV,Telephone Field,recover-20220825,002,1795
880.1745,880.184,41796,50561,Pipistrellus nathusii,0.093,0.116,-1,Echolocation,/mnt/ubna_data_01_mir/recover-20220825/UBNA_002/20220823_033000.WAV,Telephone Field,recover-20220825,002,1795
880.1755,880.1812,28906,46867,Myotis daubentonii,0.013,0.045,-1,Echolocation,/mnt/ubna_data_01_mir/recover-20220825/UBNA_002/20220823_033000.WAV,Telephone Field,recover-20220825,002,1795
880.2205,880.2607,68437,82359,Rhinolophus ferrumequinum,0.022,0.022,-1,Echolocation,/mnt/ubna_data_01_mir/recover-20220825/UBNA_002/20220823_033000.WAV,Telephone Field,recover-20220825,002,1795
880.2425,880.2784,68437,81990,Rhinolophus ferrumequinum,0.023,0.023,-1,Echolocation,/mnt/ubna_data_01_mir/recover-20220825/UBNA_002/20220823_033000.WAV,Telephone Field,recover-20220825,002,1795
880.2455,880.2546,37500,44896,Pipistrellus nathusii,0.011,0.025,-1,Echolocation,/mnt/ubna_data_01_mir/recover-20220825/UBNA_002/20220823_033000.WAV,Telephone Field,recover-20220825,002,1795
880.2555,880.2612,38359,54119,Myotis brandtii,0.012,0.022,-1,Echolocation,/mnt/ubna_data_01_mir/recover-20220825/UBNA_002/20220823_033000.WAV,Telephone Field,recover-20220825,002,1795
880.2835,880.2904,25468,40145,Eptesicus serotinus,0.006,0.023,-1,Echolocation,/mnt/ubna_data_01_mir/recover-20220825/UBNA_002/20220823_033000.WAV,Telephone Field,recover-20220825,002,1795
880.2835,880.2899,39218,53476,Pipistrellus nathusii,0.05,0.095,-1,Echolocation,/mnt/ubna_data_01_mir/recover-20220825/UBNA_002/20220823_033000.WAV,Telephone Field,recover-20220825,002,1795
880.3315,880.3391,27187,38720,Eptesicus serotinus,0.008,0.023,-1,Echolocation,/mnt/ubna_data_01_mir/recover-20220825/UBNA_002/20220823_033000.WAV,Telephone Field,recover-20220825,002,1795
880.3595,880.3647,40078,55087,Pipistrellus nathusii,0.135,0.327,-1,Echolocation,/mnt/ubna_data_01_mir/recover-20220825/UBNA_002/20220823_033000.WAV,Telephone Field,recover-20220825,002,1795
880.3825,880.3894,26328,34953,Eptesicus serotinus,0.007,0.023,-1,Echolocation,/mnt/ubna_data_01_mir/recover-20220825/UBNA_002/20220823_033000.WAV,Telephone Field,recover-20220825,002,1795
880.3835,880.4177999999999,68437,81758,Rhinolophus ferrumequinum,0.03,0.03,-1,Echolocation,/mnt/ubna_data_01_mir/recover-20220825/UBNA_002/20220823_033000.WAV,Telephone Field,recover-20220825,002,1795
880.4005,880.4119,28046,35113,Eptesicus serotinus,0.012,0.022,-1,Echolocation,/mnt/ubna_data_01_mir/recover-20220825/UBNA_002/20220823_033000.WAV,Telephone Field,recover-20220825,002,1795
880.4215,880.4583,68437,81321,Rhinolophus ferrumequinum,0.023,0.023,-1,Echolocation,/mnt/ubna_data_01_mir/recover-20220825/UBNA_002/20220823_033000.WAV,Telephone Field,recover-20220825,002,1795
880.4335,880.4384,39218,50016,Pipistrellus nathusii,0.279,0.474,-1,Echolocation,/mnt/ubna_data_01_mir/recover-20220825/UBNA_002/20220823_033000.WAV,Telephone Field,recover-20220825,002,1795
880.4965,880.502,36640,54454,Pipistrellus nathusii,0.197,0.434,-1,Echolocation,/mnt/ubna_data_01_mir/recover-20220825/UBNA_002/20220823_033000.WAV,Telephone Field,recover-20220825,002,1795
880.5065,880.5127,30625,43212,Myotis daubentonii,0.012,0.026,-1,Echolocation,/mnt/ubna_data_01_mir/recover-20220825/UBNA_002/20220823_033000.WAV,Telephone Field,recover-20220825,002,1795
880.5475,880.5529,27187,74213,Myotis bechsteinii,0.05,0.109,-1,Echolocation,/mnt/ubna_data_01_mir/recover-20220825/UBNA_002/20220823_033000.WAV,Telephone Field,recover-20220825,002,1795
880.5475,880.5537,37500,60947,Pipistrellus nathusii,0.193,0.473,-1,Echolocation,/mnt/ubna_data_01_mir/recover-20220825/UBNA_002/20220823_033000.WAV,Telephone Field,recover-20220825,002,1795
880.5825,880.5926,27187,35346,Eptesicus serotinus,0.01,0.022,-1,Echolocation,/mnt/ubna_data_01_mir/recover-20220825/UBNA_002/20220823_033000.WAV,Telephone Field,recover-20220825,002,1795
880.6155,880.6204,37500,53630,Pipistrellus nathusii,0.154,0.442,-1,Echolocation,/mnt/ubna_data_01_mir/recover-20220825/UBNA_002/20220823_033000.WAV,Telephone Field,recover-20220825,002,1795
880.6245,880.6319,26328,34675,Eptesicus serotinus,0.007,0.022,-1,Echolocation,/mnt/ubna_data_01_mir/recover-20220825/UBNA_002/20220823_033000.WAV,Telephone Field,recover-20220825,002,1795
880.6655,880.7065,68437,82921,Rhinolophus ferrumequinum,0.036,0.036,-1,Echolocation,/mnt/ubna_data_01_mir/recover-20220825/UBNA_002/20220823_033000.WAV,Telephone Field,recover-20220825,002,1795
880.6785,880.6835,39218,48869,Barbastellus barbastellus,0.143,0.296,-1,Echolocation,/mnt/ubna_data_01_mir/recover-20220825/UBNA_002/20220823_033000.WAV,Telephone Field,recover-20220825,002,1795
880.7075,880.7151,26328,36899,Eptesicus serotinus,0.008,0.022,-1,Echolocation,/mnt/ubna_data_01_mir/recover-20220825/UBNA_002/20220823_033000.WAV,Telephone Field,recover-20220825,002,1795
880.7225,880.7271,39218,54829,Myotis brandtii,0.147,0.347,-1,Echolocation,/mnt/ubna_data_01_mir/recover-20220825/UBNA_002/20220823_033000.WAV,Telephone Field,recover-20220825,002,1795
880.7525,880.793,68437,81952,Rhinolophus ferrumequinum,0.022,0.022,-1,Echolocation,/mnt/ubna_data_01_mir/recover-20220825/UBNA_002/20220823_033000.WAV,Telephone Field,recover-20220825,002,1795
880.7545,880.762,26328,41521,Eptesicus serotinus,0.007,0.022,-1,Echolocation,/mnt/ubna_data_01_mir/recover-20220825/UBNA_002/20220823_033000.WAV,Telephone Field,recover-20220825,002,1795
880.7555,880.7634,30625,43176,Myotis daubentonii,0.008,0.022,-1,Echolocation,/mnt/ubna_data_01_mir/recover-20220825/UBNA_002/20220823_033000.WAV,Telephone Field,recover-20220825,002,1795
880.7585,880.7985,68437,82580,Rhinolophus ferrumequinum,0.022,0.022,-1,Echolocation,/mnt/ubna_data_01_mir/recover-20220825/UBNA_002/20220823_033000.WAV,Telephone Field,recover-20220825,002,1795
880.7795,880.7942,22031,25851,Nyctalus leisleri,0.013,0.024,-1,Echolocation,/mnt/ubna_data_01_mir/recover-20220825/UBNA_002/20220823_033000.WAV,Telephone Field,recover-20220825,002,1795
880.7825,880.7897,35781,51367,Myotis brandtii,0.012,0.026,-1,Echolocation,/mnt/ubna_data_01_mir/recover-20220825/UBNA_002/20220823_033000.WAV,Telephone Field,recover-20220825,002,1795
880.8235,880.8621,68437,82082,Rhinolophus ferrumequinum,0.023,0.023,-1,Echolocation,/mnt/ubna_data_01_mir/recover-20220825/UBNA_002/20220823_033000.WAV,Telephone Field,recover-20220825,002,1795
880.8355,880.8421,27187,40415,Eptesicus serotinus,0.009,0.028,-1,Echolocation,/mnt/ubna_data_01_mir/recover-20220825/UBNA_002/20220823_033000.WAV,Telephone Field,recover-20220825,002,1795
880.8465,880.8544,27187,35727,Eptesicus serotinus,0.008,0.022,-1,Echolocation,/mnt/ubna_data_01_mir/recover-20220825/UBNA_002/20220823_033000.WAV,Telephone Field,recover-20220825,002,1795
880.8515,880.8604,24609,30528,Nyctalus leisleri,0.008,0.023,-1,Echolocation,/mnt/ubna_data_01_mir/recover-20220825/UBNA_002/20220823_033000.WAV,Telephone Field,recover-20220825,002,1795
880.8655,880.871,27187,68063,Myotis bechsteinii,0.071,0.125,-1,Echolocation,/mnt/ubna_data_01_mir/recover-20220825/UBNA_002/20220823_033000.WAV,Telephone Field,recover-20220825,002,1795
880.8655,880.8706,36640,54388,Myotis brandtii,0.168,0.469,-1,Echolocation,/mnt/ubna_data_01_mir/recover-20220825/UBNA_002/20220823_033000.WAV,Telephone Field,recover-20220825,002,1795
880.8745,880.8829,26328,35408,Eptesicus serotinus,0.009,0.028,-1,Echolocation,/mnt/ubna_data_01_mir/recover-20220825/UBNA_002/20220823_033000.WAV,Telephone Field,recover-20220825,002,1795
880.9195,880.9565,68437,81093,Rhinolophus ferrumequinum,0.022,0.022,-1,Echolocation,/mnt/ubna_data_01_mir/recover-20220825/UBNA_002/20220823_033000.WAV,Telephone Field,recover-20220825,002,1795
880.9215,880.9302,26328,35195,Eptesicus serotinus,0.013,0.028,-1,Echolocation,/mnt/ubna_data_01_mir/recover-20220825/UBNA_002/20220823_033000.WAV,Telephone Field,recover-20220825,002,1795
880.9585,880.9636,39218,47962,Barbastellus barbastellus,0.213,0.357,-1,Echolocation,/mnt/ubna_data_01_mir/recover-20220825/UBNA_002/20220823_033000.WAV,Telephone Field,recover-20220825,002,1795
880.9915,880.9995,26328,38004,Eptesicus serotinus,0.01,0.025,-1,Echolocation,/mnt/ubna_data_01_mir/recover-20220825/UBNA_002/20220823_033000.WAV,Telephone Field,recover-20220825,002,1795
881.0025,881.0098,27187,39182,Eptesicus serotinus,0.007,0.022,-1,Echolocation,/mnt/ubna_data_01_mir/recover-20220825/UBNA_002/20220823_033000.WAV,Telephone Field,recover-20220825,002,1795
881.0125,881.0214,27187,35499,Eptesicus serotinus,0.009,0.022,-1,Echolocation,/mnt/ubna_data_01_mir/recover-20220825/UBNA_002/20220823_033000.WAV,Telephone Field,recover-20220825,002,1795
881.0275,881.0655,68437,82542,Rhinolophus ferrumequinum,0.024,0.024,-1,Echolocation,/mnt/ubna_data_01_mir/recover-20220825/UBNA_002/20220823_033000.WAV,Telephone Field,recover-20220825,002,1795
881.0465,881.0524,37500,52407,Pipistrellus nathusii,0.2,0.493,-1,Echolocation,/mnt/ubna_data_01_mir/recover-20220825/UBNA_002/20220823_033000.WAV,Telephone Field,recover-20220825,002,1795
881.0565,881.0636,26328,34418,Eptesicus serotinus,0.007,0.025,-1,Echolocation,/mnt/ubna_data_01_mir/recover-20220825/UBNA_002/20220823_033000.WAV,Telephone Field,recover-20220825,002,1795
881.0755,881.111,68437,82064,Rhinolophus ferrumequinum,0.023,0.023,-1,Echolocation,/mnt/ubna_data_01_mir/recover-20220825/UBNA_002/20220823_033000.WAV,Telephone Field,recover-20220825,002,1795
881.0855,881.094,49531,55246,Pipistrellus pipistrellus,0.027,0.033,-1,Echolocation,/mnt/ubna_data_01_mir/recover-20220825/UBNA_002/20220823_033000.WAV,Telephone Field,recover-20220825,002,1795
881.1365,881.1427,25468,39699,Plecotus auritus,0.006,0.026,-1,Echolocation,/mnt/ubna_data_01_mir/recover-20220825/UBNA_002/20220823_033000.WAV,Telephone Field,recover-20220825,002,1795
881.1405,881.1473,39218,46108,Barbastellus barbastellus,0.086,0.166,-1,Echolocation,/mnt/ubna_data_01_mir/recover-20220825/UBNA_002/20220823_033000.WAV,Telephone Field,recover-20220825,002,1795
881.1605,881.1691,25468,33476,Eptesicus serotinus,0.009,0.022,-1,Echolocation,/mnt/ubna_data_01_mir/recover-20220825/UBNA_002/20220823_033000.WAV,Telephone Field,recover-20220825,002,1795
881.1685,881.176,27187,37896,Eptesicus serotinus,0.008,0.023,-1,Echolocation,/mnt/ubna_data_01_mir/recover-20220825/UBNA_002/20220823_033000.WAV,Telephone Field,recover-20220825,002,1795
881.1845,881.1901,36640,54936,Myotis brandtii,0.013,0.024,-1,Echolocation,/mnt/ubna_data_01_mir/recover-20220825/UBNA_002/20220823_033000.WAV,Telephone Field,recover-20220825,002,1795
881.1855,881.2237,68437,81888,Rhinolophus ferrumequinum,0.025,0.025,-1,Echolocation,/mnt/ubna_data_01_mir/recover-20220825/UBNA_002/20220823_033000.WAV,Telephone Field,recover-20220825,002,1795
881.1915,881.2272,68437,82121,Rhinolophus ferrumequinum,0.023,0.023,-1,Echolocation,/mnt/ubna_data_01_mir/recover-20220825/UBNA_002/20220823_033000.WAV,Telephone Field,recover-20220825,002,1795
881.1955,881.2032,27187,37477,Eptesicus serotinus,0.012,0.027,-1,Echolocation,/mnt/ubna_data_01_mir/recover-20220825/UBNA_002/20220823_033000.WAV,Telephone Field,recover-20220825,002,1795
881.2065,881.2155,27187,37160,Eptesicus serotinus,0.009,0.023,-1,Echolocation,/mnt/ubna_data_01_mir/recover-20220825/UBNA_002/20220823_033000.WAV,Telephone Field,recover-20220825,002,1795
881.2165,881.2583,68437,83079,Rhinolophus ferrumequinum,0.044,0.044,-1,Echolocation,/mnt/ubna_data_01_mir/recover-20220825/UBNA_002/20220823_033000.WAV,Telephone Field,recover-20220825,002,1795
881.2305,881.237,38359,49894,Pipistrellus nathusii,0.239,0.476,-1,Echolocation,/mnt/ubna_data_01_mir/recover-20220825/UBNA_002/20220823_033000.WAV,Telephone Field,recover-20220825,002,1795
881.2765,881.2852,28046,36017,Eptesicus serotinus,0.009,0.023,-1,Echolocation,/mnt/ubna_data_01_mir/recover-20220825/UBNA_002/20220823_033000.WAV,Telephone Field,recover-20220825,002,1795
881.2775,881.289,34062,38817,Barbastellus barbastellus,0.007,0.027,-1,Echolocation,/mnt/ubna_data_01_mir/recover-20220825/UBNA_002/20220823_033000.WAV,Telephone Field,recover-20220825,002,1795
881.3145,881.3203,37500,51015,Pipistrellus nathusii,0.172,0.486,-1,Echolocation,/mnt/ubna_data_01_mir/recover-20220825/UBNA_002/20220823_033000.WAV,Telephone Field,recover-20220825,002,1795
881.3235,881.3292,30625,41334,Myotis daubentonii,0.011,0.022,-1,Echolocation,/mnt/ubna_data_01_mir/recover-20220825/UBNA_002/20220823_033000.WAV,Telephone Field,recover-20220825,002,1795
881.3235,881.3315,25468,32493,Eptesicus serotinus,0.007,0.024,-1,Echolocation,/mnt/ubna_data_01_mir/recover-20220825/UBNA_002/20220823_033000.WAV,Telephone Field,recover-20220825,002,1795
881.3295,881.3677,68437,82131,Rhinolophus ferrumequinum,0.022,0.022,-1,Echolocation,/mnt/ubna_data_01_mir/recover-20220825/UBNA_002/20220823_033000.WAV,Telephone Field,recover-20220825,002,1795
881.3455,881.3549,28046,36990,Eptesicus serotinus,0.011,0.024,-1,Echolocation,/mnt/ubna_data_01_mir/recover-20220825/UBNA_002/20220823_033000.WAV,Telephone Field,recover-20220825,002,1795
881.3655,881.4052,68437,82613,Rhinolophus ferrumequinum,0.024,0.024,-1,Echolocation,/mnt/ubna_data_01_mir/recover-20220825/UBNA_002/20220823_033000.WAV,Telephone Field,recover-20220825,002,1795
881.3715,881.3795,26328,38817,Eptesicus serotinus,0.01,0.026,-1,Echolocation,/mnt/ubna_data_01_mir/recover-20220825/UBNA_002/20220823_033000.WAV,Telephone Field,recover-20220825,002,1795
881.3905,881.3968,38359,52017,Myotis brandtii,0.014,0.03,-1,Echolocation,/mnt/ubna_data_01_mir/recover-20220825/UBNA_002/20220823_033000.WAV,Telephone Field,recover-20220825,002,1795
881.4225,881.4297,39218,49327,Myotis brandtii,0.008,0.023,-1,Echolocation,/mnt/ubna_data_01_mir/recover-20220825/UBNA_002/20220823_033000.WAV,Telephone Field,recover-20220825,002,1795
881.4785,881.4864,55546,62332,Pipistrellus pygmaeus,0.02,0.022,-1,Echolocation,/mnt/ubna_data_01_mir/recover-20220825/UBNA_002/20220823_033000.WAV,Telephone Field,recover-20220825,002,1795
881.4995,881.506,38359,50302,Pipistrellus nathusii,0.276,0.507,-1,Echolocation,/mnt/ubna_data_01_mir/recover-20220825/UBNA_002/20220823_033000.WAV,Telephone Field,recover-20220825,002,1795
881.5185,881.5576,68437,82733,Rhinolophus ferrumequinum,0.023,0.023,-1,Echolocation,/mnt/ubna_data_01_mir/recover-20220825/UBNA_002/20220823_033000.WAV,Telephone Field,recover-20220825,002,1795
881.5375,881.5444,26328,39450,Eptesicus serotinus,0.007,0.024,-1,Echolocation,/mnt/ubna_data_01_mir/recover-20220825/UBNA_002/20220823_033000.WAV,Telephone Field,recover-20220825,002,1795
881.5985,881.6052999999999,38359,45595,Barbastellus barbastellus,0.113,0.173,-1,Echolocation,/mnt/ubna_data_01_mir/recover-20220825/UBNA_002/20220823_033000.WAV,Telephone Field,recover-20220825,002,1795
881.6305,881.6433,15156,22807,Nyctalus noctula,0.019,0.029,-1,Echolocation,/mnt/ubna_data_01_mir/recover-20220825/UBNA_002/20220823_033000.WAV,Telephone Field,recover-20220825,002,1795
881.6925,881.6984,39218,52996,Pipistrellus nathusii,0.067,0.206,-1,Echolocation,/mnt/ubna_data_01_mir/recover-20220825/UBNA_002/20220823_033000.WAV,Telephone Field,recover-20220825,002,1795
881.7455,881.7548,39218,49055,Pipistrellus nathusii,0.016,0.027,-1,Echolocation,/mnt/ubna_data_01_mir/recover-20220825/UBNA_002/20220823_033000.WAV,Telephone Field,recover-20220825,002,1795
881.7465,881.7855,68437,81611,Rhinolophus ferrumequinum,0.024,0.024,-1,Echolocation,/mnt/ubna_data_01_mir/recover-20220825/UBNA_002/20220823_033000.WAV,Telephone Field,recover-20220825,002,1795
881.7855,881.7953,36640,43152,Pipistrellus nathusii,0.028,0.065,-1,Echolocation,/mnt/ubna_data_01_mir/recover-20220825/UBNA_002/20220823_033000.WAV,Telephone Field,recover-20220825,002,1795
881.8145,881.8492,68437,81678,Rhinolophus ferrumequinum,0.023,0.023,-1,Echolocation,/mnt/ubna_data_01_mir/recover-20220825/UBNA_002/20220823_033000.WAV,Telephone Field,recover-20220825,002,1795
881.8325,881.8391,27187,38773,Eptesicus serotinus,0.008,0.024,-1,Echolocation,/mnt/ubna_data_01_mir/recover-20220825/UBNA_002/20220823_033000.WAV,Telephone Field,recover-20220825,002,1795
881.8675,881.9036,68437,81690,Rhinolophus ferrumequinum,0.022,0.022,-1,Echolocation,/mnt/ubna_data_01_mir/recover-20220825/UBNA_002/20220823_033000.WAV,Telephone Field,recover-20220825,002,1795
881.8805,881.9211,68437,83023,Rhinolophus ferrumequinum,0.027,0.027,-1,Echolocation,/mnt/ubna_data_01_mir/recover-20220825/UBNA_002/20220823_033000.WAV,Telephone Field,recover-20220825,002,1795
881.9375,881.9451,44375,55718,Pipistrellus nathusii,0.005,0.023,-1,Echolocation,/mnt/ubna_data_01_mir/recover-20220825/UBNA_002/20220823_033000.WAV,Telephone Field,recover-20220825,002,1795
881.9405,881.9482,26328,39589,Eptesicus serotinus,0.008,0.023,-1,Echolocation,/mnt/ubna_data_01_mir/recover-20220825/UBNA_002/20220823_033000.WAV,Telephone Field,recover-20220825,002,1795
881.9425,881.948,37500,54217,Myotis brandtii,0.011,0.022,-1,Echolocation,/mnt/ubna_data_01_mir/recover-20220825/UBNA_002/20220823_033000.WAV,Telephone Field,recover-20220825,002,1795
881.9855,881.9966,23750,30880,Eptesicus serotinus,0.011,0.027,-1,Echolocation,/mnt/ubna_data_01_mir/recover-20220825/UBNA_002/20220823_033000.WAV,Telephone Field,recover-20220825,002,1795
882.0015,882.032,69296,81804,Rhinolophus ferrumequinum,0.033,0.033,-1,Echolocation,/mnt/ubna_data_01_mir/recover-20220825/UBNA_002/20220823_033000.WAV,Telephone Field,recover-20220825,002,1795
882.0015,882.0154,46953,51396,Pipistrellus pipistrellus,0.031,0.039,-1,Echolocation,/mnt/ubna_data_01_mir/recover-20220825/UBNA_002/20220823_033000.WAV,Telephone Field,recover-20220825,002,1795
882.0015,882.0093,25468,36360,Nyctalus leisleri,0.005,0.024,-1,Echolocation,/mnt/ubna_data_01_mir/recover-20220825/UBNA_002/20220823_033000.WAV,Telephone Field,recover-20220825,002,1795
882.0095,882.0527,68437,82102,Rhinolophus ferrumequinum,0.023,0.023,-1,Echolocation,/mnt/ubna_data_01_mir/recover-20220825/UBNA_002/20220823_033000.WAV,Telephone Field,recover-20220825,002,1795
882.0195,882.0553,68437,81457,Rhinolophus ferrumequinum,0.023,0.023,-1,Echolocation,/mnt/ubna_data_01_mir/recover-20220825/UBNA_002/20220823_033000.WAV,Telephone Field,recover-20220825,002,1795
882.0395,882.0474,27187,36818,Eptesicus serotinus,0.01,0.026,-1,Echolocation,/mnt/ubna_data_01_mir/recover-20220825/UBNA_002/20220823_033000.WAV,Telephone Field,recover-20220825,002,1795
882.0435,882.0789,68437,81385,Rhinolophus ferrumequinum,0.021,0.021,-1,Echolocation,/mnt/ubna_data_01_mir/recover-20220825/UBNA_002/20220823_033000.WAV,Telephone Field,recover-20220825,002,1795
882.0745,882.085,22031,26234,Nyctalus leisleri,0.012,0.022,-1,Echolocation,/mnt/ubna_data_01_mir/recover-20220825/UBNA_002/20220823_033000.WAV,Telephone Field,recover-20220825,002,1795
882.0785,882.116,68437,81935,Rhinolophus ferrumequinum,0.024,0.024,-1,Echolocation,/mnt/ubna_data_01_mir/recover-20220825/UBNA_002/20220823_033000.WAV,Telephone Field,recover-20220825,002,1795
882.1635,882.172,46953,50394,Pipistrellus pipistrellus,0.022,0.024,-1,Echolocation,/mnt/ubna_data_01_mir/recover-20220825/UBNA_002/20220823_033000.WAV,Telephone Field,recover-20220825,002,1795
882.1785,882.1881,24609,32391,Eptesicus serotinus,0.009,0.022,-1,Echolocation,/mnt/ubna_data_01_mir/recover-20220825/UBNA_002/20220823_033000.WAV,Telephone Field,recover-20220825,002,1795
882.1925,882.2348,68437,83211,Rhinolophus ferrumequinum,0.031,0.031,-1,Echolocation,/mnt/ubna_data_01_mir/recover-20220825/UBNA_002/20220823_033000.WAV,Telephone Field,recover-20220825,002,1795
882.2015,882.2149,22890,27068,Nyctalus leisleri,0.017,0.03,-1,Echolocation,/mnt/ubna_data_01_mir/recover-20220825/UBNA_002/20220823_033000.WAV,Telephone Field,recover-20220825,002,1795
882.2215,882.2573,68437,81433,Rhinolophus ferrumequinum,0.022,0.022,-1,Echolocation,/mnt/ubna_data_01_mir/recover-20220825/UBNA_002/20220823_033000.WAV,Telephone Field,recover-20220825,002,1795
882.2355,882.2773,68437,82525,Rhinolophus ferrumequinum,0.026,0.026,-1,Echolocation,/mnt/ubna_data_01_mir/recover-20220825/UBNA_002/20220823_033000.WAV,Telephone Field,recover-20220825,002,1795
882.2725,882.3113,68437,81909,Rhinolophus ferrumequinum,0.023,0.023,-1,Echolocation,/mnt/ubna_data_01_mir/recover-20220825/UBNA_002/20220823_033000.WAV,Telephone Field,recover-20220825,002,1795
882.2775,882.285,28046,41976,Eptesicus serotinus,0.008,0.022,-1,Echolocation,/mnt/ubna_data_01_mir/recover-20220825/UBNA_002/20220823_033000.WAV,Telephone Field,recover-20220825,002,1795
882.3145,882.354,68437,82430,Rhinolophus ferrumequinum,0.022,0.022,-1,Echolocation,/mnt/ubna_data_01_mir/recover-20220825/UBNA_002/20220823_033000.WAV,Telephone Field,recover-20220825,002,1795
882.3305,882.3372,25468,39094,Plecotus austriacus,0.005,0.023,-1,Echolocation,/mnt/ubna_data_01_mir/recover-20220825/UBNA_002/20220823_033000.WAV,Telephone Field,recover-20220825,002,1795
882.3405,882.3809,68437,82271,Rhinolophus ferrumequinum,0.022,0.022,-1,Echolocation,/mnt/ubna_data_01_mir/recover-20220825/UBNA_002/20220823_033000.WAV,Telephone Field,recover-20220825,002,1795
882.3695,882.3794,28906,36624,Eptesicus serotinus,0.009,0.023,-1,Echolocation,/mnt/ubna_data_01_mir/recover-20220825/UBNA_002/20220823_033000.WAV,Telephone Field,recover-20220825,002,1795
882.4465,882.4544,28046,40610,Eptesicus serotinus,0.009,0.024,-1,Echolocation,/mnt/ubna_data_01_mir/recover-20220825/UBNA_002/20220823_033000.WAV,Telephone Field,recover-20220825,002,1795
882.4595,882.5013,68437,82595,Rhinolophus ferrumequinum,0.031,0.031,-1,Echolocation,/mnt/ubna_data_01_mir/recover-20220825/UBNA_002/20220823_033000.WAV,Telephone Field,recover-20220825,002,1795
882.4835,882.52,68437,81841,Rhinolophus ferrumequinum,0.027,0.027,-1,Echolocation,/mnt/ubna_data_01_mir/recover-20220825/UBNA_002/20220823_033000.WAV,Telephone Field,recover-20220825,002,1795
882.5055,882.5139,31484,40054,Myotis daubentonii,0.008,0.025,-1,Echolocation,/mnt/ubna_data_01_mir/recover-20220825/UBNA_002/20220823_033000.WAV,Telephone Field,recover-20220825,002,1795
882.5065,882.5445,68437,81900,Rhinolophus ferrumequinum,0.022,0.022,-1,Echolocation,/mnt/ubna_data_01_mir/recover-20220825/UBNA_002/20220823_033000.WAV,Telephone Field,recover-20220825,002,1795
882.5125,882.5231,22890,28144,Nyctalus leisleri,0.012,0.025,-1,Echolocation,/mnt/ubna_data_01_mir/recover-20220825/UBNA_002/20220823_033000.WAV,Telephone Field,recover-20220825,002,1795
882.5315,882.574,68437,83473,Rhinolophus ferrumequinum,0.043,0.043,-1,Echolocation,/mnt/ubna_data_01_mir/recover-20220825/UBNA_002/20220823_033000.WAV,Telephone Field,recover-20220825,002,1795
882.5525,882.5933,68437,82503,Rhinolophus ferrumequinum,0.027,0.027,-1,Echolocation,/mnt/ubna_data_01_mir/recover-20220825/UBNA_002/20220823_033000.WAV,Telephone Field,recover-20220825,002,1795
882.5525,882.5625,27187,34831,Eptesicus serotinus,0.011,0.024,-1,Echolocation,/mnt/ubna_data_01_mir/recover-20220825/UBNA_002/20220823_033000.WAV,Telephone Field,recover-20220825,002,1795
882.6055,882.6163,47812,52263,Pipistrellus pipistrellus,0.031,0.034,-1,Echolocation,/mnt/ubna_data_01_mir/recover-20220825/UBNA_002/20220823_033000.WAV,Telephone Field,recover-20220825,002,1795
882.6515,882.6909,68437,82446,Rhinolophus ferrumequinum,0.023,0.023,-1,Echolocation,/mnt/ubna_data_01_mir/recover-20220825/UBNA_002/20220823_033000.WAV,Telephone Field,recover-20220825,002,1795
882.6605,882.7006,68437,82447,Rhinolophus ferrumequinum,0.023,0.023,-1,Echolocation,/mnt/ubna_data_01_mir/recover-20220825/UBNA_002/20220823_033000.WAV,Telephone Field,recover-20220825,002,1795
882.7175,882.7614,68437,83603,Rhinolophus ferrumequinum,0.03,0.03,-1,Echolocation,/mnt/ubna_data_01_mir/recover-20220825/UBNA_002/20220823_033000.WAV,Telephone Field,recover-20220825,002,1795
882.7455,882.7809,68437,81792,Rhinolophus ferrumequinum,0.022,0.022,-1,Echolocation,/mnt/ubna_data_01_mir/recover-20220825/UBNA_002/20220823_033000.WAV,Telephone Field,recover-20220825,002,1795
882.8075,882.8422,68437,81604,Rhinolophus ferrumequinum,0.022,0.023,-1,Echolocation,/mnt/ubna_data_01_mir/recover-20220825/UBNA_002/20220823_033000.WAV,Telephone Field,recover-20220825,002,1795
882.8195,882.8289,28906,37420,Eptesicus serotinus,0.012,0.025,-1,Echolocation,/mnt/ubna_data_01_mir/recover-20220825/UBNA_002/20220823_033000.WAV,Telephone Field,recover-20220825,002,1795
882.8235,882.8613,68437,81711,Rhinolophus ferrumequinum,0.023,0.023,-1,Echolocation,/mnt/ubna_data_01_mir/recover-20220825/UBNA_002/20220823_033000.WAV,Telephone Field,recover-20220825,002,1795
882.8335,882.8687,68437,82117,Rhinolophus ferrumequinum,0.023,0.023,-1,Echolocation,/mnt/ubna_data_01_mir/recover-20220825/UBNA_002/20220823_033000.WAV,Telephone Field,recover-20220825,002,1795
882.8405,882.8788,68437,82535,Rhinolophus ferrumequinum,0.022,0.022,-1,Echolocation,/mnt/ubna_data_01_mir/recover-20220825/UBNA_002/20220823_033000.WAV,Telephone Field,recover-20220825,002,1795
882.8465,882.8862,68437,82417,Rhinolophus ferrumequinum,0.021,0.021,-1,Echolocation,/mnt/ubna_data_01_mir/recover-20220825/UBNA_002/20220823_033000.WAV,Telephone Field,recover-20220825,002,1795
882.8545,882.8633,24609,32661,Eptesicus serotinus,0.008,0.023,-1,Echolocation,/mnt/ubna_data_01_mir/recover-20220825/UBNA_002/20220823_033000.WAV,Telephone Field,recover-20220825,002,1795
882.8595,882.9013,68437,82877,Rhinolophus ferrumequinum,0.028,0.028,-1,Echolocation,/mnt/ubna_data_01_mir/recover-20220825/UBNA_002/20220823_033000.WAV,Telephone Field,recover-20220825,002,1795
882.8755,882.8958,20312,23572,Nyctalus leisleri,0.018,0.034,-1,Echolocation,/mnt/ubna_data_01_mir/recover-20220825/UBNA_002/20220823_033000.WAV,Telephone Field,recover-20220825,002,1795
882.8825,882.9203,68437,82582,Rhinolophus ferrumequinum,0.023,0.023,-1,Echolocation,/mnt/ubna_data_01_mir/recover-20220825/UBNA_002/20220823_033000.WAV,Telephone Field,recover-20220825,002,1795
882.9345,882.9752,68437,82342,Rhinolophus ferrumequinum,0.033,0.033,-1,Echolocation,/mnt/ubna_data_01_mir/recover-20220825/UBNA_002/20220823_033000.WAV,Telephone Field,recover-20220825,002,1795
882.9745,882.9841,25468,32685,Eptesicus serotinus,0.01,0.029,-1,Echolocation,/mnt/ubna_data_01_mir/recover-20220825/UBNA_002/20220823_033000.WAV,Telephone Field,recover-20220825,002,1795
882.9905,883.0348,68437,83738,Rhinolophus ferrumequinum,0.032,0.032,-1,Echolocation,/mnt/ubna_data_01_mir/recover-20220825/UBNA_002/20220823_033000.WAV,Telephone Field,recover-20220825,002,1795
882.9945,883.0034,28906,39504,Eptesicus serotinus,0.008,0.022,-1,Echolocation,/mnt/ubna_data_01_mir/recover-20220825/UBNA_002/20220823_033000.WAV,Telephone Field,recover-20220825,002,1795
883.0285,883.0658,68437,81832,Rhinolophus ferrumequinum,0.023,0.023,-1,Echolocation,/mnt/ubna_data_01_mir/recover-20220825/UBNA_002/20220823_033000.WAV,Telephone Field,recover-20220825,002,1795
883.0465,883.057,22890,27868,Nyctalus leisleri,0.011,0.021,-1,Echolocation,/mnt/ubna_data_01_mir/recover-20220825/UBNA_002/20220823_033000.WAV,Telephone Field,recover-20220825,002,1795
883.0575,883.0649,27187,37554,Eptesicus serotinus,0.008,0.023,-1,Echolocation,/mnt/ubna_data_01_mir/recover-20220825/UBNA_002/20220823_033000.WAV,Telephone Field,recover-20220825,002,1795
883.0595,883.0924,68437,80536,Rhinolophus ferrumequinum,0.022,0.022,-1,Echolocation,/mnt/ubna_data_01_mir/recover-20220825/UBNA_002/20220823_033000.WAV,Telephone Field,recover-20220825,002,1795
883.1345,883.1699,68437,81150,Rhinolophus ferrumequinum,0.021,0.021,-1,Echolocation,/mnt/ubna_data_01_mir/recover-20220825/UBNA_002/20220823_033000.WAV,Telephone Field,recover-20220825,002,1795
883.1465,883.1544,28046,36567,Eptesicus serotinus,0.008,0.021,-1,Echolocation,/mnt/ubna_data_01_mir/recover-20220825/UBNA_002/20220823_033000.WAV,Telephone Field,recover-20220825,002,1795
883.1705,883.205,68437,81285,Rhinolophus ferrumequinum,0.021,0.021,-1,Echolocation,/mnt/ubna_data_01_mir/recover-20220825/UBNA_002/20220823_033000.WAV,Telephone Field,recover-20220825,002,1795
883.1775,883.2115,68437,81696,Rhinolophus ferrumequinum,0.021,0.021,-1,Echolocation,/mnt/ubna_data_01_mir/recover-20220825/UBNA_002/20220823_033000.WAV,Telephone Field,recover-20220825,002,1795
883.1855,883.2235,68437,81965,Rhinolophus ferrumequinum,0.023,0.023,-1,Echolocation,/mnt/ubna_data_01_mir/recover-20220825/UBNA_002/20220823_033000.WAV,Telephone Field,recover-20220825,002,1795
883.2275,883.2352,28046,40142,Eptesicus serotinus,0.008,0.023,-1,Echolocation,/mnt/ubna_data_01_mir/recover-20220825/UBNA_002/20220823_033000.WAV,Telephone Field,recover-20220825,002,1795
883.2665,883.3048,68437,82416,Rhinolophus ferrumequinum,0.026,0.026,-1,Echolocation,/mnt/ubna_data_01_mir/recover-20220825/UBNA_002/20220823_033000.WAV,Telephone Field,recover-20220825,002,1795
883.3325,883.3734,68437,82904,Rhinolophus ferrumequinum,0.03,0.03,-1,Echolocation,/mnt/ubna_data_01_mir/recover-20220825/UBNA_002/20220823_033000.WAV,Telephone Field,recover-20220825,002,1795
883.4515,883.4623,23750,29708,Nyctalus leisleri,0.01,0.022,-1,Echolocation,/mnt/ubna_data_01_mir/recover-20220825/UBNA_002/20220823_033000.WAV,Telephone Field,recover-20220825,002,1795
883.4655,883.4729,28046,40324,Eptesicus serotinus,0.009,0.026,-1,Echolocation,/mnt/ubna_data_01_mir/recover-20220825/UBNA_002/20220823_033000.WAV,Telephone Field,recover-20220825,002,1795
883.5115,883.5556,68437,83393,Rhinolophus ferrumequinum,0.053,0.053,-1,Echolocation,/mnt/ubna_data_01_mir/recover-20220825/UBNA_002/20220823_033000.WAV,Telephone Field,recover-20220825,002,1795
883.5505,883.5581999999999,28046,39924,Eptesicus serotinus,0.007,0.022,-1,Echolocation,/mnt/ubna_data_01_mir/recover-20220825/UBNA_002/20220823_033000.WAV,Telephone Field,recover-20220825,002,1795
883.5755,883.6144,68437,82595,Rhinolophus ferrumequinum,0.023,0.023,-1,Echolocation,/mnt/ubna_data_01_mir/recover-20220825/UBNA_002/20220823_033000.WAV,Telephone Field,recover-20220825,002,1795
883.5985,883.6397,68437,82860,Rhinolophus ferrumequinum,0.027,0.027,-1,Echolocation,/mnt/ubna_data_01_mir/recover-20220825/UBNA_002/20220823_033000.WAV,Telephone Field,recover-20220825,002,1795
883.6355,883.6778,68437,83708,Rhinolophus ferrumequinum,0.028,0.028,-1,Echolocation,/mnt/ubna_data_01_mir/recover-20220825/UBNA_002/20220823_033000.WAV,Telephone Field,recover-20220825,002,1795
883.6355,883.6453,22890,29788,Nyctalus leisleri,0.01,0.03,-1,Echolocation,/mnt/ubna_data_01_mir/recover-20220825/UBNA_002/20220823_033000.WAV,Telephone Field,recover-20220825,002,1795
883.6655,883.7043,68437,82316,Rhinolophus ferrumequinum,0.023,0.023,-1,Echolocation,/mnt/ubna_data_01_mir/recover-20220825/UBNA_002/20220823_033000.WAV,Telephone Field,recover-20220825,002,1795
883.6735,883.6841,27187,35838,Eptesicus serotinus,0.009,0.025,-1,Echolocation,/mnt/ubna_data_01_mir/recover-20220825/UBNA_002/20220823_033000.WAV,Telephone Field,recover-20220825,002,1795
883.6845,883.6938,27187,35856,Eptesicus serotinus,0.01,0.024,-1,Echolocation,/mnt/ubna_data_01_mir/recover-20220825/UBNA_002/20220823_033000.WAV,Telephone Field,recover-20220825,002,1795
883.7035,883.7145,22890,27525,Nyctalus leisleri,0.011,0.022,-1,Echolocation,/mnt/ubna_data_01_mir/recover-20220825/UBNA_002/20220823_033000.WAV,Telephone Field,recover-20220825,002,1795
883.7265,883.7366,28046,37506,Eptesicus serotinus,0.012,0.023,-1,Echolocation,/mnt/ubna_data_01_mir/recover-20220825/UBNA_002/20220823_033000.WAV,Telephone Field,recover-20220825,002,1795
883.7435,883.779,68437,82157,Rhinolophus ferrumequinum,0.022,0.022,-1,Echolocation,/mnt/ubna_data_01_mir/recover-20220825/UBNA_002/20220823_033000.WAV,Telephone Field,recover-20220825,002,1795
883.7665,883.8043,68437,82078,Rhinolophus ferrumequinum,0.023,0.023,-1,Echolocation,/mnt/ubna_data_01_mir/recover-20220825/UBNA_002/20220823_033000.WAV,Telephone Field,recover-20220825,002,1795
883.7885,883.7991,41796,44714,Pipistrellus pipistrellus,0.018,0.025,-1,Echolocation,/mnt/ubna_data_01_mir/recover-20220825/UBNA_002/20220823_033000.WAV,Telephone Field,recover-20220825,002,1795
883.8195,883.8572,68437,82060,Rhinolophus ferrumequinum,0.022,0.022,-1,Echolocation,/mnt/ubna_data_01_mir/recover-20220825/UBNA_002/20220823_033000.WAV,Telephone Field,recover-20220825,002,1795
883.8255,883.8331,27187,38868,Eptesicus serotinus,0.009,0.026,-1,Echolocation,/mnt/ubna_data_01_mir/recover-20220825/UBNA_002/20220823_033000.WAV,Telephone Field,recover-20220825,002,1795
883.8725,883.883,26328,34737,Eptesicus serotinus,0.012,0.025,-1,Echolocation,/mnt/ubna_data_01_mir/recover-20220825/UBNA_002/20220823_033000.WAV,Telephone Field,recover-20220825,002,1795
883.9035,883.9408,68437,81919,Rhinolophus ferrumequinum,0.025,0.025,-1,Echolocation,/mnt/ubna_data_01_mir/recover-20220825/UBNA_002/20220823_033000.WAV,Telephone Field,recover-20220825,002,1795
883.9065,883.9173,28906,35803,Eptesicus serotinus,0.011,0.024,-1,Echolocation,/mnt/ubna_data_01_mir/recover-20220825/UBNA_002/20220823_033000.WAV,Telephone Field,recover-20220825,002,1795
883.9135,883.9538,68437,82367,Rhinolophus ferrumequinum,0.025,0.025,-1,Echolocation,/mnt/ubna_data_01_mir/recover-20220825/UBNA_002/20220823_033000.WAV,Telephone Field,recover-20220825,002,1795
883.9325,883.9685,68437,81233,Rhinolophus ferrumequinum,0.022,0.022,-1,Echolocation,/mnt/ubna_data_01_mir/recover-20220825/UBNA_002/20220823_033000.WAV,Telephone Field,recover-20220825,002,1795
883.9345,883.945,28046,35253,Eptesicus serotinus,0.016,0.031,-1,Echolocation,/mnt/ubna_data_01_mir/recover-20220825/UBNA_002/20220823_033000.WAV,Telephone Field,recover-20220825,002,1795
883.9395,883.9764,68437,81833,Rhinolophus ferrumequinum,0.022,0.022,-1,Echolocation,/mnt/ubna_data_01_mir/recover-20220825/UBNA_002/20220823_033000.WAV,Telephone Field,recover-20220825,002,1795
884.0015,884.0306,68437,79773,Rhinolophus ferrumequinum,0.042,0.042,-1,Echolocation,/mnt/ubna_data_01_mir/recover-20220825/UBNA_002/20220823_033000.WAV,Telephone Field,recover-20220825,002,1795
884.0015,884.0094,23750,35388,Plecotus austriacus,0.007,0.027,-1,Echolocation,/mnt/ubna_data_01_mir/recover-20220825/UBNA_002/20220823_033000.WAV,Telephone Field,recover-20220825,002,1795
884.0015,884.0121,47812,52304,Pipistrellus pipistrellus,0.019,0.025,-1,Echolocation,/mnt/ubna_data_01_mir/recover-20220825/UBNA_002/20220823_033000.WAV,Telephone Field,recover-20220825,002,1795
884.0085,884.0486,68437,82156,Rhinolophus ferrumequinum,0.022,0.022,-1,Echolocation,/mnt/ubna_data_01_mir/recover-20220825/UBNA_002/20220823_033000.WAV,Telephone Field,recover-20220825,002,1795
884.0115,884.0198,27187,35742,Eptesicus serotinus,0.009,0.021,-1,Echolocation,/mnt/ubna_data_01_mir/recover-20220825/UBNA_002/20220823_033000.WAV,Telephone Field,recover-20220825,002,1795
884.0415,884.0495,28046,39579,Eptesicus serotinus,0.008,0.021,-1,Echolocation,/mnt/ubna_data_01_mir/recover-20220825/UBNA_002/20220823_033000.WAV,Telephone Field,recover-20220825,002,1795
884.0725,884.0814,25468,34021,Eptesicus serotinus,0.008,0.022,-1,Echolocation,/mnt/ubna_data_01_mir/recover-20220825/UBNA_002/20220823_033000.WAV,Telephone Field,recover-20220825,002,1795
884.1035,884.1141,22890,28251,Nyctalus leisleri,0.01,0.022,-1,Echolocation,/mnt/ubna_data_01_mir/recover-20220825/UBNA_002/20220823_033000.WAV,Telephone Field,recover-20220825,002,1795
884.1225,884.1643,68437,82717,Rhinolophus ferrumequinum,0.025,0.025,-1,Echolocation,/mnt/ubna_data_01_mir/recover-20220825/UBNA_002/20220823_033000.WAV,Telephone Field,recover-20220825,002,1795
884.1355,884.1756,68437,82078,Rhinolophus ferrumequinum,0.026,0.026,-1,Echolocation,/mnt/ubna_data_01_mir/recover-20220825/UBNA_002/20220823_033000.WAV,Telephone Field,recover-20220825,002,1795
884.1435,884.1857,68437,82761,Rhinolophus ferrumequinum,0.023,0.023,-1,Echolocation,/mnt/ubna_data_01_mir/recover-20220825/UBNA_002/20220823_033000.WAV,Telephone Field,recover-20220825,002,1795
884.1665,884.2036,68437,82202,Rhinolophus ferrumequinum,0.025,0.025,-1,Echolocation,/mnt/ubna_data_01_mir/recover-20220825/UBNA_002/20220823_033000.WAV,Telephone Field,recover-20220825,002,1795
884.1765,884.1845,27187,38816,Eptesicus serotinus,0.007,0.021,-1,Echolocation,/mnt/ubna_data_01_mir/recover-20220825/UBNA_002/20220823_033000.WAV,Telephone Field,recover-20220825,002,1795
884.2255,884.2653,68437,82701,Rhinolophus ferrumequinum,0.024,0.024,-1,Echolocation,/mnt/ubna_data_01_mir/recover-20220825/UBNA_002/20220823_033000.WAV,Telephone Field,recover-20220825,002,1795
884.2605,884.2993,68437,82243,Rhinolophus ferrumequinum,0.02,0.02,-1,Echolocation,/mnt/ubna_data_01_mir/recover-20220825/UBNA_002/20220823_033000.WAV,Telephone Field,recover-20220825,002,1795
884.2775,884.3181,68437,82613,Rhinolophus ferrumequinum,0.024,0.024,-1,Echolocation,/mnt/ubna_data_01_mir/recover-20220825/UBNA_002/20220823_033000.WAV,Telephone Field,recover-20220825,002,1795
884.2875,884.3228,68437,80175,Rhinolophus ferrumequinum,0.021,0.021,-1,Echolocation,/mnt/ubna_data_01_mir/recover-20220825/UBNA_002/20220823_033000.WAV,Telephone Field,recover-20220825,002,1795
884.3005,884.3357,68437,80950,Rhinolophus ferrumequinum,0.021,0.021,-1,Echolocation,/mnt/ubna_data_01_mir/recover-20220825/UBNA_002/20220823_033000.WAV,Telephone Field,recover-20220825,002,1795
884.3055,884.3165,23750,30509,Nyctalus leisleri,0.011,0.027,-1,Echolocation,/mnt/ubna_data_01_mir/recover-20220825/UBNA_002/20220823_033000.WAV,Telephone Field,recover-20220825,002,1795
884.3285,884.3339,40078,51754,Myotis daubentonii,0.008,0.032,-1,Echolocation,/mnt/ubna_data_01_mir/recover-20220825/UBNA_002/20220823_033000.WAV,Telephone Field,recover-20220825,002,1795
884.3305,884.3354,31484,62471,Myotis daubentonii,0.011,0.034,-1,Echolocation,/mnt/ubna_data_01_mir/recover-20220825/UBNA_002/20220823_033000.WAV,Telephone Field,recover-20220825,002,1795
884.3465,884.384,68437,81956,Rhinolophus ferrumequinum,0.021,0.021,-1,Echolocation,/mnt/ubna_data_01_mir/recover-20220825/UBNA_002/20220823_033000.WAV,Telephone Field,recover-20220825,002,1795
884.3575,884.3658,26328,38033,Eptesicus serotinus,0.007,0.021,-1,Echolocation,/mnt/ubna_data_01_mir/recover-20220825/UBNA_002/20220823_033000.WAV,Telephone Field,recover-20220825,002,1795
884.3605,884.4003,68437,82751,Rhinolophus ferrumequinum,0.028,0.028,-1,Echolocation,/mnt/ubna_data_01_mir/recover-20220825/UBNA_002/20220823_033000.WAV,Telephone Field,recover-20220825,002,1795
884.3745,884.4108,68437,81320,Rhinolophus ferrumequinum,0.021,0.021,-1,Echolocation,/mnt/ubna_data_01_mir/recover-20220825/UBNA_002/20220823_033000.WAV,Telephone Field,recover-20220825,002,1795
884.3825,884.4222,68437,82019,Rhinolophus ferrumequinum,0.02,0.02,-1,Echolocation,/mnt/ubna_data_01_mir/recover-20220825/UBNA_002/20220823_033000.WAV,Telephone Field,recover-20220825,002,1795
884.4345,884.4434,28906,38680,Eptesicus serotinus,0.009,0.025,-1,Echolocation,/mnt/ubna_data_01_mir/recover-20220825/UBNA_002/20220823_033000.WAV,Telephone Field,recover-20220825,002,1795
884.4425,884.4841,68437,82733,Rhinolophus ferrumequinum,0.035,0.035,-1,Echolocation,/mnt/ubna_data_01_mir/recover-20220825/UBNA_002/20220823_033000.WAV,Telephone Field,recover-20220825,002,1795
884.4475,884.4599,23750,28172,Nyctalus leisleri,0.013,0.024,-1,Echolocation,/mnt/ubna_data_01_mir/recover-20220825/UBNA_002/20220823_033000.WAV,Telephone Field,recover-20220825,002,1795
884.4595,884.5007,68437,82850,Rhinolophus ferrumequinum,0.023,0.023,-1,Echolocation,/mnt/ubna_data_01_mir/recover-20220825/UBNA_002/20220823_033000.WAV,Telephone Field,recover-20220825,002,1795
884.4795,884.4893,28906,35713,Eptesicus serotinus,0.011,0.024,-1,Echolocation,/mnt/ubna_data_01_mir/recover-20220825/UBNA_002/20220823_033000.WAV,Telephone Field,recover-20220825,002,1795
884.5375,884.5462,28906,37015,Eptesicus serotinus,0.008,0.022,-1,Echolocation,/mnt/ubna_data_01_mir/recover-20220825/UBNA_002/20220823_033000.WAV,Telephone Field,recover-20220825,002,1795
884.5975,884.6385,68437,82933,Rhinolophus ferrumequinum,0.024,0.024,-1,Echolocation,/mnt/ubna_data_01_mir/recover-20220825/UBNA_002/20220823_033000.WAV,Telephone Field,recover-20220825,002,1795
884.6165,884.659,68437,82934,Rhinolophus ferrumequinum,0.023,0.023,-1,Echolocation,/mnt/ubna_data_01_mir/recover-20220825/UBNA_002/20220823_033000.WAV,Telephone Field,recover-20220825,002,1795
884.6325,884.6701,68437,81571,Rhinolophus ferrumequinum,0.023,0.023,-1,Echolocation,/mnt/ubna_data_01_mir/recover-20220825/UBNA_002/20220823_033000.WAV,Telephone Field,recover-20220825,002,1795
884.6595,884.6685,28906,39290,Eptesicus serotinus,0.008,0.021,-1,Echolocation,/mnt/ubna_data_01_mir/recover-20220825/UBNA_002/20220823_033000.WAV,Telephone Field,recover-20220825,002,1795
884.6675,884.7066,68437,82148,Rhinolophus ferrumequinum,0.021,0.021,-1,Echolocation,/mnt/ubna_data_01_mir/recover-20220825/UBNA_002/20220823_033000.WAV,Telephone Field,recover-20220825,002,1795
884.6825,884.7202,68437,81901,Rhinolophus ferrumequinum,0.022,0.022,-1,Echolocation,/mnt/ubna_data_01_mir/recover-20220825/UBNA_002/20220823_033000.WAV,Telephone Field,recover-20220825,002,1795
884.7205,884.73,22890,29292,Nyctalus leisleri,0.008,0.021,-1,Echolocation,/mnt/ubna_data_01_mir/recover-20220825/UBNA_002/20220823_033000.WAV,Telephone Field,recover-20220825,002,1795
884.7215,884.761,68437,81880,Rhinolophus ferrumequinum,0.02,0.021,-1,Echolocation,/mnt/ubna_data_01_mir/recover-20220825/UBNA_002/20220823_033000.WAV,Telephone Field,recover-20220825,002,1795
884.7325,884.7676,68437,82552,Rhinolophus ferrumequinum,0.021,0.021,-1,Echolocation,/mnt/ubna_data_01_mir/recover-20220825/UBNA_002/20220823_033000.WAV,Telephone Field,recover-20220825,002,1795
884.7525,884.7613,25468,33970,Eptesicus serotinus,0.009,0.024,-1,Echolocation,/mnt/ubna_data_01_mir/recover-20220825/UBNA_002/20220823_033000.WAV,Telephone Field,recover-20220825,002,1795
884.7655,884.8039,68437,82407,Rhinolophus ferrumequinum,0.022,0.022,-1,Echolocation,/mnt/ubna_data_01_mir/recover-20220825/UBNA_002/20220823_033000.WAV,Telephone Field,recover-20220825,002,1795
884.7875,884.8288,68437,82390,Rhinolophus ferrumequinum,0.023,0.023,-1,Echolocation,/mnt/ubna_data_01_mir/recover-20220825/UBNA_002/20220823_033000.WAV,Telephone Field,recover-20220825,002,1795
884.7975,884.8066,14296,21084,Nyctalus noctula,0.013,0.032,-1,Echolocation,/mnt/ubna_data_01_mir/recover-20220825/UBNA_002/20220823_033000.WAV,Telephone Field,recover-20220825,002,1795
884.8155,884.8484,68437,80868,Rhinolophus ferrumequinum,0.034,0.034,-1,Echolocation,/mnt/ubna_data_01_mir/recover-20220825/UBNA_002/20220823_033000.WAV,Telephone Field,recover-20220825,002,1795
884.8475,884.8886,68437,82823,Rhinolophus ferrumequinum,0.023,0.023,-1,Echolocation,/mnt/ubna_data_01_mir/recover-20220825/UBNA_002/20220823_033000.WAV,Telephone Field,recover-20220825,002,1795
884.8615,884.8691,27187,36579,Eptesicus serotinus,0.007,0.022,-1,Echolocation,/mnt/ubna_data_01_mir/recover-20220825/UBNA_002/20220823_033000.WAV,Telephone Field,recover-20220825,002,1795
884.8745,884.9143,68437,82476,Rhinolophus ferrumequinum,0.021,0.021,-1,Echolocation,/mnt/ubna_data_01_mir/recover-20220825/UBNA_002/20220823_033000.WAV,Telephone Field,recover-20220825,002,1795
884.8885,884.9278,68437,82012,Rhinolophus ferrumequinum,0.022,0.023,-1,Echolocation,/mnt/ubna_data_01_mir/recover-20220825/UBNA_002/20220823_033000.WAV,Telephone Field,recover-20220825,002,1795
884.9015,884.9088,28906,39380,Eptesicus serotinus,0.008,0.024,-1,Echolocation,/mnt/ubna_data_01_mir/recover-20220825/UBNA_002/20220823_033000.WAV,Telephone Field,recover-20220825,002,1795
884.9275,884.9662,68437,82423,Rhinolophus ferrumequinum,0.026,0.026,-1,Echolocation,/mnt/ubna_data_01_mir/recover-20220825/UBNA_002/20220823_033000.WAV,Telephone Field,recover-20220825,002,1795
884.9495,884.9885,68437,82458,Rhinolophus ferrumequinum,0.025,0.025,-1,Echolocation,/mnt/ubna_data_01_mir/recover-20220825/UBNA_002/20220823_033000.WAV,Telephone Field,recover-20220825,002,1795
884.9705,884.9817,23750,28240,Nyctalus leisleri,0.01,0.021,-1,Echolocation,/mnt/ubna_data_01_mir/recover-20220825/UBNA_002/20220823_033000.WAV,Telephone Field,recover-20220825,002,1795
884.9905,885.0308,68437,82286,Rhinolophus ferrumequinum,0.021,0.021,-1,Echolocation,/mnt/ubna_data_01_mir/recover-20220825/UBNA_002/20220823_033000.WAV,Telephone Field,recover-20220825,002,1795
884.9905,884.9997,49531,54595,Pipistrellus pipistrellus,0.025,0.028,-1,Echolocation,/mnt/ubna_data_01_mir/recover-20220825/UBNA_002/20220823_033000.WAV,Telephone Field,recover-20220825,002,1795
885.0155,885.0535,68437,80803,Rhinolophus ferrumequinum,0.026,0.027,-1,Echolocation,/mnt/ubna_data_01_mir/recover-20220825/UBNA_002/20220823_033000.WAV,Telephone Field,recover-20220825,002,1795
885.0195,885.0267,23750,33816,Plecotus austriacus,0.015,0.031,-1,Echolocation,/mnt/ubna_data_01_mir/recover-20220825/UBNA_002/20220823_033000.WAV,Telephone Field,recover-20220825,002,1795
885.0415,885.0776,68437,81958,Rhinolophus ferrumequinum,0.022,0.022,-1,Echolocation,/mnt/ubna_data_01_mir/recover-20220825/UBNA_002/20220823_033000.WAV,Telephone Field,recover-20220825,002,1795
885.0615,885.1051,68437,83500,Rhinolophus ferrumequinum,0.038,0.038,-1,Echolocation,/mnt/ubna_data_01_mir/recover-20220825/UBNA_002/20220823_033000.WAV,Telephone Field,recover-20220825,002,1795
885.1025,885.1426,68437,82216,Rhinolophus ferrumequinum,0.022,0.022,-1,Echolocation,/mnt/ubna_data_01_mir/recover-20220825/UBNA_002/20220823_033000.WAV,Telephone Field,recover-20220825,002,1795
885.1095,885.1493,68437,83026,Rhinolophus ferrumequinum,0.023,0.023,-1,Echolocation,/mnt/ubna_data_01_mir/recover-20220825/UBNA_002/20220823_033000.WAV,Telephone Field,recover-20220825,002,1795
885.1165,885.1542,68437,82553,Rhinolophus ferrumequinum,0.023,0.023,-1,Echolocation,/mnt/ubna_data_01_mir/recover-20220825/UBNA_002/20220823_033000.WAV,Telephone Field,recover-20220825,002,1795
885.1575,885.2006,68437,83266,Rhinolophus ferrumequinum,0.036,0.036,-1,Echolocation,/mnt/ubna_data_01_mir/recover-20220825/UBNA_002/20220823_033000.WAV,Telephone Field,recover-20220825,002,1795
885.1605,885.1681,28046,38787,Eptesicus serotinus,0.007,0.021,-1,Echolocation,/mnt/ubna_data_01_mir/recover-20220825/UBNA_002/20220823_033000.WAV,Telephone Field,recover-20220825,002,1795
885.1925,885.2294,68437,81623,Rhinolophus ferrumequinum,0.02,0.02,-1,Echolocation,/mnt/ubna_data_01_mir/recover-20220825/UBNA_002/20220823_033000.WAV,Telephone Field,recover-20220825,002,1795
885.2135,885.2543000000001,68437,82538,Rhinolophus ferrumequinum,0.027,0.027,-1,Echolocation,/mnt/ubna_data_01_mir/recover-20220825/UBNA_002/20220823_033000.WAV,Telephone Field,recover-20220825,002,1795
885.2355,885.2439,27187,37112,Eptesicus serotinus,0.01,0.024,-1,Echolocation,/mnt/ubna_data_01_mir/recover-20220825/UBNA_002/20220823_033000.WAV,Telephone Field,recover-20220825,002,1795
885.2355,885.271,68437,81689,Rhinolophus ferrumequinum,0.021,0.021,-1,Echolocation,/mnt/ubna_data_01_mir/recover-20220825/UBNA_002/20220823_033000.WAV,Telephone Field,recover-20220825,002,1795
885.2535,885.2678,32343,37351,Eptesicus serotinus,0.008,0.025,-1,Echolocation,/mnt/ubna_data_01_mir/recover-20220825/UBNA_002/20220823_033000.WAV,Telephone Field,recover-20220825,002,1795
885.2605,885.2973,68437,81788,Rhinolophus ferrumequinum,0.02,0.021,-1,Echolocation,/mnt/ubna_data_01_mir/recover-20220825/UBNA_002/20220823_033000.WAV,Telephone Field,recover-20220825,002,1795
885.2755,885.2871,23750,28996,Nyctalus leisleri,0.012,0.026,-1,Echolocation,/mnt/ubna_data_01_mir/recover-20220825/UBNA_002/20220823_033000.WAV,Telephone Field,recover-20220825,002,1795
885.2785,885.3227,68437,83500,Rhinolophus ferrumequinum,0.027,0.027,-1,Echolocation,/mnt/ubna_data_01_mir/recover-20220825/UBNA_002/20220823_033000.WAV,Telephone Field,recover-20220825,002,1795
885.3005,885.3106,28046,36579,Eptesicus serotinus,0.009,0.021,-1,Echolocation,/mnt/ubna_data_01_mir/recover-20220825/UBNA_002/20220823_033000.WAV,Telephone Field,recover-20220825,002,1795
885.3005,885.3418,68437,82899,Rhinolophus ferrumequinum,0.026,0.026,-1,Echolocation,/mnt/ubna_data_01_mir/recover-20220825/UBNA_002/20220823_033000.WAV,Telephone Field,recover-20220825,002,1795
885.3075,885.3501,68437,83116,Rhinolophus ferrumequinum,0.029,0.029,-1,Echolocation,/mnt/ubna_data_01_mir/recover-20220825/UBNA_002/20220823_033000.WAV,Telephone Field,recover-20220825,002,1795
885.3255,885.3662,68437,82661,Rhinolophus ferrumequinum,0.024,0.024,-1,Echolocation,/mnt/ubna_data_01_mir/recover-20220825/UBNA_002/20220823_033000.WAV,Telephone Field,recover-20220825,002,1795
885.3505,885.3936,68437,83515,Rhinolophus ferrumequinum,0.025,0.025,-1,Echolocation,/mnt/ubna_data_01_mir/recover-20220825/UBNA_002/20220823_033000.WAV,Telephone Field,recover-20220825,002,1795
885.3605,885.4008,68437,82134,Rhinolophus ferrumequinum,0.022,0.022,-1,Echolocation,/mnt/ubna_data_01_mir/recover-20220825/UBNA_002/20220823_033000.WAV,Telephone Field,recover-20220825,002,1795
885.3845,885.3907,34921,45070,Myotis daubentonii,0.008,0.021,-1,Echolocation,/mnt/ubna_data_01_mir/recover-20220825/UBNA_002/20220823_033000.WAV,Telephone Field,recover-20220825,002,1795
885.4275,885.4698,68437,82860,Rhinolophus ferrumequinum,0.022,0.022,-1,Echolocation,/mnt/ubna_data_01_mir/recover-20220825/UBNA_002/20220823_033000.WAV,Telephone Field,recover-20220825,002,1795
885.4335,885.4729,68437,82518,Rhinolophus ferrumequinum,0.021,0.021,-1,Echolocation,/mnt/ubna_data_01_mir/recover-20220825/UBNA_002/20220823_033000.WAV,Telephone Field,recover-20220825,002,1795
885.4505,885.4605,32343,39645,Eptesicus serotinus,0.006,0.021,-1,Echolocation,/mnt/ubna_data_01_mir/recover-20220825/UBNA_002/20220823_033000.WAV,Telephone Field,recover-20220825,002,1795
885.4795,885.4877,28906,39202,Eptesicus serotinus,0.009,0.025,-1,Echolocation,/mnt/ubna_data_01_mir/recover-20220825/UBNA_002/20220823_033000.WAV,Telephone Field,recover-20220825,002,1795
885.4955,885.5353,68437,82792,Rhinolophus ferrumequinum,0.026,0.026,-1,Echolocation,/mnt/ubna_data_01_mir/recover-20220825/UBNA_002/20220823_033000.WAV,Telephone Field,recover-20220825,002,1795
885.5205,885.5586,68437,81746,Rhinolophus ferrumequinum,0.02,0.02,-1,Echolocation,/mnt/ubna_data_01_mir/recover-20220825/UBNA_002/20220823_033000.WAV,Telephone Field,recover-20220825,002,1795
885.5865,885.5949,28046,39311,Eptesicus serotinus,0.008,0.022,-1,Echolocation,/mnt/ubna_data_01_mir/recover-20220825/UBNA_002/20220823_033000.WAV,Telephone Field,recover-20220825,002,1795
885.5975,885.6341,68437,81254,Rhinolophus ferrumequinum,0.021,0.021,-1,Echolocation,/mnt/ubna_data_01_mir/recover-20220825/UBNA_002/20220823_033000.WAV,Telephone Field,recover-20220825,002,1795
885.6195,885.6275,28906,38216,Eptesicus serotinus,0.007,0.021,-1,Echolocation,/mnt/ubna_data_01_mir/recover-20220825/UBNA_002/20220823_033000.WAV,Telephone Field,recover-20220825,002,1795
885.6685,885.7048,68437,81538,Rhinolophus ferrumequinum,0.021,0.021,-1,Echolocation,/mnt/ubna_data_01_mir/recover-20220825/UBNA_002/20220823_033000.WAV,Telephone Field,recover-20220825,002,1795
885.6815,885.7201,68437,81815,Rhinolophus ferrumequinum,0.021,0.021,-1,Echolocation,/mnt/ubna_data_01_mir/recover-20220825/UBNA_002/20220823_033000.WAV,Telephone Field,recover-20220825,002,1795
885.6935,885.7351,68437,83469,Rhinolophus ferrumequinum,0.028,0.028,-1,Echolocation,/mnt/ubna_data_01_mir/recover-20220825/UBNA_002/20220823_033000.WAV,Telephone Field,recover-20220825,002,1795
885.7555,885.7936,68437,82264,Rhinolophus ferrumequinum,0.036,0.036,-1,Echolocation,/mnt/ubna_data_01_mir/recover-20220825/UBNA_002/20220823_033000.WAV,Telephone Field,recover-20220825,002,1795
885.7775,885.7872,28046,39016,Eptesicus serotinus,0.009,0.02,-1,Echolocation,/mnt/ubna_data_01_mir/recover-20220825/UBNA_002/20220823_033000.WAV,Telephone Field,recover-20220825,002,1795
885.8175,885.8558,68437,82659,Rhinolophus ferrumequinum,0.023,0.023,-1,Echolocation,/mnt/ubna_data_01_mir/recover-20220825/UBNA_002/20220823_033000.WAV,Telephone Field,recover-20220825,002,1795
885.8575,885.8968,68437,82451,Rhinolophus ferrumequinum,0.023,0.023,-1,Echolocation,/mnt/ubna_data_01_mir/recover-20220825/UBNA_002/20220823_033000.WAV,Telephone Field,recover-20220825,002,1795
885.8985,885.9375,68437,82371,Rhinolophus ferrumequinum,0.02,0.02,-1,Echolocation,/mnt/ubna_data_01_mir/recover-20220825/UBNA_002/20220823_033000.WAV,Telephone Field,recover-20220825,002,1795
885.9145,885.9588,68437,83224,Rhinolophus ferrumequinum,0.035,0.035,-1,Echolocation,/mnt/ubna_data_01_mir/recover-20220825/UBNA_002/20220823_033000.WAV,Telephone Field,recover-20220825,002,1795
885.9215,885.9342,23750,29136,Nyctalus leisleri,0.018,0.036,-1,Echolocation,/mnt/ubna_data_01_mir/recover-20220825/UBNA_002/20220823_033000.WAV,Telephone Field,recover-20220825,002,1795
885.9335,885.9693,68437,81773,Rhinolophus ferrumequinum,0.02,0.02,-1,Echolocation,/mnt/ubna_data_01_mir/recover-20220825/UBNA_002/20220823_033000.WAV,Telephone Field,recover-20220825,002,1795
886.0015,886.0326,69296,81369,Rhinolophus ferrumequinum,0.023,0.023,-1,Echolocation,/mnt/ubna_data_01_mir/recover-20220825/UBNA_002/20220823_033000.WAV,Telephone Field,recover-20220825,002,1795
886.0015,886.0104,22031,28265,Nyctalus leisleri,0.01,0.028,-1,Echolocation,/mnt/ubna_data_01_mir/recover-20220825/UBNA_002/20220823_033000.WAV,Telephone Field,recover-20220825,002,1795
886.0365,886.0778,68437,82513,Rhinolophus ferrumequinum,0.023,0.023,-1,Echolocation,/mnt/ubna_data_01_mir/recover-20220825/UBNA_002/20220823_033000.WAV,Telephone Field,recover-20220825,002,1795
886.0835,886.0942,23750,29674,Nyctalus leisleri,0.011,0.026,-1,Echolocation,/mnt/ubna_data_01_mir/recover-20220825/UBNA_002/20220823_033000.WAV,Telephone Field,recover-20220825,002,1795
886.0915,886.0989,28046,37492,Eptesicus serotinus,0.008,0.024,-1,Echolocation,/mnt/ubna_data_01_mir/recover-20220825/UBNA_002/20220823_033000.WAV,Telephone Field,recover-20220825,002,1795
886.1195,886.1576,68437,82339,Rhinolophus ferrumequinum,0.023,0.023,-1,Echolocation,/mnt/ubna_data_01_mir/recover-20220825/UBNA_002/20220823_033000.WAV,Telephone Field,recover-20220825,002,1795
886.1765,886.1872,23750,30031,Nyctalus leisleri,0.01,0.026,-1,Echolocation,/mnt/ubna_data_01_mir/recover-20220825/UBNA_002/20220823_033000.WAV,Telephone Field,recover-20220825,002,1795
886.2125,886.2188,47812,51958,Pipistrellus pipistrellus,0.027,0.028,-1,Echolocation,/mnt/ubna_data_01_mir/recover-20220825/UBNA_002/20220823_033000.WAV,Telephone Field,recover-20220825,002,1795
886.2375,886.2757,68437,82111,Rhinolophus ferrumequinum,0.023,0.023,-1,Echolocation,/mnt/ubna_data_01_mir/recover-20220825/UBNA_002/20220823_033000.WAV,Telephone Field,recover-20220825,002,1795
886.2615,886.3001,68437,82519,Rhinolophus ferrumequinum,0.022,0.022,-1,Echolocation,/mnt/ubna_data_01_mir/recover-20220825/UBNA_002/20220823_033000.WAV,Telephone Field,recover-20220825,002,1795
886.3145,886.3514,68437,81906,Rhinolophus ferrumequinum,0.022,0.022,-1,Echolocation,/mnt/ubna_data_01_mir/recover-20220825/UBNA_002/20220823_033000.WAV,Telephone Field,recover-20220825,002,1795
886.3155,886.3249,28046,37139,Eptesicus serotinus,0.012,0.026,-1,Echolocation,/mnt/ubna_data_01_mir/recover-20220825/UBNA_002/20220823_033000.WAV,Telephone Field,recover-20220825,002,1795
886.3235,886.3351,28906,35313,Eptesicus serotinus,0.014,0.028,-1,Echolocation,/mnt/ubna_data_01_mir/recover-20220825/UBNA_002/20220823_033000.WAV,Telephone Field,recover-20220825,002,1795
886.3335,886.3441,22890,28267,Nyctalus leisleri,0.013,0.028,-1,Echolocation,/mnt/ubna_data_01_mir/recover-20220825/UBNA_002/20220823_033000.WAV,Telephone Field,recover-20220825,002,1795
886.3505,886.3874,68437,81468,Rhinolophus ferrumequinum,0.025,0.025,-1,Echolocation,/mnt/ubna_data_01_mir/recover-20220825/UBNA_002/20220823_033000.WAV,Telephone Field,recover-20220825,002,1795
886.3585,886.3678,26328,34979,Eptesicus serotinus,0.01,0.025,-1,Echolocation,/mnt/ubna_data_01_mir/recover-20220825/UBNA_002/20220823_033000.WAV,Telephone Field,recover-20220825,002,1795
886.3985,886.4071,26328,34367,Eptesicus serotinus,0.013,0.03,-1,Echolocation,/mnt/ubna_data_01_mir/recover-20220825/UBNA_002/20220823_033000.WAV,Telephone Field,recover-20220825,002,1795
886.4595,886.4678,46953,52028,Pipistrellus pipistrellus,0.022,0.024,-1,Echolocation,/mnt/ubna_data_01_mir/recover-20220825/UBNA_002/20220823_033000.WAV,Telephone Field,recover-20220825,002,1795
886.4775,886.5208,68437,83332,Rhinolophus ferrumequinum,0.034,0.034,-1,Echolocation,/mnt/ubna_data_01_mir/recover-20220825/UBNA_002/20220823_033000.WAV,Telephone Field,recover-20220825,002,1795
886.4815,886.4924,22890,28214,Nyctalus leisleri,0.014,0.03,-1,Echolocation,/mnt/ubna_data_01_mir/recover-20220825/UBNA_002/20220823_033000.WAV,Telephone Field,recover-20220825,002,1795
886.5245,886.5346,24609,31616,Nyctalus leisleri,0.009,0.027,-1,Echolocation,/mnt/ubna_data_01_mir/recover-20220825/UBNA_002/20220823_033000.WAV,Telephone Field,recover-20220825,002,1795
886.5515,886.5603,23750,31536,Plecotus austriacus,0.01,0.03,-1,Echolocation,/mnt/ubna_data_01_mir/recover-20220825/UBNA_002/20220823_033000.WAV,Telephone Field,recover-20220825,002,1795
886.5645,886.6062,68437,83846,Rhinolophus ferrumequinum,0.025,0.025,-1,Echolocation,/mnt/ubna_data_01_mir/recover-20220825/UBNA_002/20220823_033000.WAV,Telephone Field,recover-20220825,002,1795
886.6065,886.6456000000001,68437,81743,Rhinolophus ferrumequinum,0.023,0.023,-1,Echolocation,/mnt/ubna_data_01_mir/recover-20220825/UBNA_002/20220823_033000.WAV,Telephone Field,recover-20220825,002,1795
886.6415,886.649,31484,45156,Myotis daubentonii,0.011,0.027,-1,Echolocation,/mnt/ubna_data_01_mir/recover-20220825/UBNA_002/20220823_033000.WAV,Telephone Field,recover-20220825,002,1795
886.7185,886.7559,68437,80949,Rhinolophus ferrumequinum,0.022,0.022,-1,Echolocation,/mnt/ubna_data_01_mir/recover-20220825/UBNA_002/20220823_033000.WAV,Telephone Field,recover-20220825,002,1795
886.7345,886.7437,25468,33558,Eptesicus serotinus,0.007,0.024,-1,Echolocation,/mnt/ubna_data_01_mir/recover-20220825/UBNA_002/20220823_033000.WAV,Telephone Field,recover-20220825,002,1795
886.7885,886.7967,23750,31134,Plecotus austriacus,0.008,0.023,-1,Echolocation,/mnt/ubna_data_01_mir/recover-20220825/UBNA_002/20220823_033000.WAV,Telephone Field,recover-20220825,002,1795
886.8195,886.8574,68437,82283,Rhinolophus ferrumequinum,0.024,0.024,-1,Echolocation,/mnt/ubna_data_01_mir/recover-20220825/UBNA_002/20220823_033000.WAV,Telephone Field,recover-20220825,002,1795
886.8205,886.827,27187,41056,Eptesicus serotinus,0.005,0.022,-1,Echolocation,/mnt/ubna_data_01_mir/recover-20220825/UBNA_002/20220823_033000.WAV,Telephone Field,recover-20220825,002,1795
886.8365,886.8775,68437,82866,Rhinolophus ferrumequinum,0.023,0.023,-1,Echolocation,/mnt/ubna_data_01_mir/recover-20220825/UBNA_002/20220823_033000.WAV,Telephone Field,recover-20220825,002,1795
886.8595,886.8968,68437,81706,Rhinolophus ferrumequinum,0.022,0.022,-1,Echolocation,/mnt/ubna_data_01_mir/recover-20220825/UBNA_002/20220823_033000.WAV,Telephone Field,recover-20220825,002,1795
886.8725,886.8811,28046,38154,Eptesicus serotinus,0.008,0.022,-1,Echolocation,/mnt/ubna_data_01_mir/recover-20220825/UBNA_002/20220823_033000.WAV,Telephone Field,recover-20220825,002,1795
886.8875,886.8955,28046,40267,Eptesicus serotinus,0.008,0.022,-1,Echolocation,/mnt/ubna_data_01_mir/recover-20220825/UBNA_002/20220823_033000.WAV,Telephone Field,recover-20220825,002,1795
886.8965,886.934,68437,81972,Rhinolophus ferrumequinum,0.023,0.023,-1,Echolocation,/mnt/ubna_data_01_mir/recover-20220825/UBNA_002/20220823_033000.WAV,Telephone Field,recover-20220825,002,1795
886.9065,886.9444,68437,81687,Rhinolophus ferrumequinum,0.022,0.022,-1,Echolocation,/mnt/ubna_data_01_mir/recover-20220825/UBNA_002/20220823_033000.WAV,Telephone Field,recover-20220825,002,1795
886.9345,886.9726,68437,82527,Rhinolophus ferrumequinum,0.022,0.022,-1,Echolocation,/mnt/ubna_data_01_mir/recover-20220825/UBNA_002/20220823_033000.WAV,Telephone Field,recover-20220825,002,1795
886.9365,886.9429,27187,37137,Plecotus auritus,0.01,0.033,-1,Echolocation,/mnt/ubna_data_01_mir/recover-20220825/UBNA_002/20220823_033000.WAV,Telephone Field,recover-20220825,002,1795
886.9595,886.9693,22890,29545,Nyctalus leisleri,0.009,0.026,-1,Echolocation,/mnt/ubna_data_01_mir/recover-20220825/UBNA_002/20220823_033000.WAV,Telephone Field,recover-20220825,002,1795
886.9685,887.0078,68437,81815,Rhinolophus ferrumequinum,0.023,0.023,-1,Echolocation,/mnt/ubna_data_01_mir/recover-20220825/UBNA_002/20220823_033000.WAV,Telephone Field,recover-20220825,002,1795
886.9955,887.0324,68437,81769,Rhinolophus ferrumequinum,0.023,0.023,-1,Echolocation,/mnt/ubna_data_01_mir/recover-20220825/UBNA_002/20220823_033000.WAV,Telephone Field,recover-20220825,002,1795
887.0065,887.0149,50390,55290,Pipistrellus pipistrellus,0.019,0.024,-1,Echolocation,/mnt/ubna_data_01_mir/recover-20220825/UBNA_002/20220823_033000.WAV,Telephone Field,recover-20220825,002,1795
887.0185,887.0259,23750,32673,Plecotus austriacus,0.009,0.023,-1,Echolocation,/mnt/ubna_data_01_mir/recover-20220825/UBNA_002/20220823_033000.WAV,Telephone Field,recover-20220825,002,1795
887.0355,887.0754,68437,82697,Rhinolophus ferrumequinum,0.024,0.024,-1,Echolocation,/mnt/ubna_data_01_mir/recover-20220825/UBNA_002/20220823_033000.WAV,Telephone Field,recover-20220825,002,1795
887.0835,887.0929,28046,36557,Eptesicus serotinus,0.009,0.023,-1,Echolocation,/mnt/ubna_data_01_mir/recover-20220825/UBNA_002/20220823_033000.WAV,Telephone Field,recover-20220825,002,1795
887.1295,887.1696,68437,82844,Rhinolophus ferrumequinum,0.024,0.024,-1,Echolocation,/mnt/ubna_data_01_mir/recover-20220825/UBNA_002/20220823_033000.WAV,Telephone Field,recover-20220825,002,1795
887.1545,887.1622,27187,39289,Eptesicus serotinus,0.008,0.025,-1,Echolocation,/mnt/ubna_data_01_mir/recover-20220825/UBNA_002/20220823_033000.WAV,Telephone Field,recover-20220825,002,1795
887.1785,887.221,68437,83178,Rhinolophus ferrumequinum,0.029,0.029,-1,Echolocation,/mnt/ubna_data_01_mir/recover-20220825/UBNA_002/20220823_033000.WAV,Telephone Field,recover-20220825,002,1795
887.1965,887.2094,22031,25678,Nyctalus leisleri,0.016,0.026,-1,Echolocation,/mnt/ubna_data_01_mir/recover-20220825/UBNA_002/20220823_033000.WAV,Telephone Field,recover-20220825,002,1795
887.2605,887.2976,68437,82095,Rhinolophus ferrumequinum,0.024,0.024,-1,Echolocation,/mnt/ubna_data_01_mir/recover-20220825/UBNA_002/20220823_033000.WAV,Telephone Field,recover-20220825,002,1795
887.3015,887.3396,68437,82563,Rhinolophus ferrumequinum,0.023,0.023,-1,Echolocation,/mnt/ubna_data_01_mir/recover-20220825/UBNA_002/20220823_033000.WAV,Telephone Field,recover-20220825,002,1795
887.3275,887.3698,68437,82819,Rhinolophus ferrumequinum,0.03,0.03,-1,Echolocation,/mnt/ubna_data_01_mir/recover-20220825/UBNA_002/20220823_033000.WAV,Telephone Field,recover-20220825,002,1795
887.3295,887.3368,26328,37452,Eptesicus serotinus,0.009,0.026,-1,Echolocation,/mnt/ubna_data_01_mir/recover-20220825/UBNA_002/20220823_033000.WAV,Telephone Field,recover-20220825,002,1795
887.3985,887.4059,28046,39732,Eptesicus serotinus,0.008,0.022,-1,Echolocation,/mnt/ubna_data_01_mir/recover-20220825/UBNA_002/20220823_033000.WAV,Telephone Field,recover-20220825,002,1795
887.4205,887.4273,27187,39294,Eptesicus serotinus,0.009,0.025,-1,Echolocation,/mnt/ubna_data_01_mir/recover-20220825/UBNA_002/20220823_033000.WAV,Telephone Field,recover-20220825,002,1795
887.4305,887.4696,68437,83093,Rhinolophus ferrumequinum,0.025,0.025,-1,Echolocation,/mnt/ubna_data_01_mir/recover-20220825/UBNA_002/20220823_033000.WAV,Telephone Field,recover-20220825,002,1795
887.4805,887.4905,28046,37971,Eptesicus serotinus,0.011,0.024,-1,Echolocation,/mnt/ubna_data_01_mir/recover-20220825/UBNA_002/20220823_033000.WAV,Telephone Field,recover-20220825,002,1795
887.5175,887.5568,68437,82266,Rhinolophus ferrumequinum,0.025,0.025,-1,Echolocation,/mnt/ubna_data_01_mir/recover-20220825/UBNA_002/20220823_033000.WAV,Telephone Field,recover-20220825,002,1795
887.5775,887.5869,21171,26958,Plecotus austriacus,0.012,0.03,-1,Echolocation,/mnt/ubna_data_01_mir/recover-20220825/UBNA_002/20220823_033000.WAV,Telephone Field,recover-20220825,002,1795
887.5835,887.625,68437,82807,Rhinolophus ferrumequinum,0.025,0.025,-1,Echolocation,/mnt/ubna_data_01_mir/recover-20220825/UBNA_002/20220823_033000.WAV,Telephone Field,recover-20220825,002,1795
887.5895,887.6296,68437,82968,Rhinolophus ferrumequinum,0.022,0.022,-1,Echolocation,/mnt/ubna_data_01_mir/recover-20220825/UBNA_002/20220823_033000.WAV,Telephone Field,recover-20220825,002,1795
887.6665,887.6778,22031,26943,Nyctalus leisleri,0.013,0.029,-1,Echolocation,/mnt/ubna_data_01_mir/recover-20220825/UBNA_002/20220823_033000.WAV,Telephone Field,recover-20220825,002,1795
887.6935,887.7006,28046,42919,Eptesicus serotinus,0.008,0.026,-1,Echolocation,/mnt/ubna_data_01_mir/recover-20220825/UBNA_002/20220823_033000.WAV,Telephone Field,recover-20220825,002,1795
887.7265,887.762,68437,81459,Rhinolophus ferrumequinum,0.023,0.023,-1,Echolocation,/mnt/ubna_data_01_mir/recover-20220825/UBNA_002/20220823_033000.WAV,Telephone Field,recover-20220825,002,1795
887.8845,887.8936,28046,40825,Eptesicus serotinus,0.009,0.023,-1,Echolocation,/mnt/ubna_data_01_mir/recover-20220825/UBNA_002/20220823_033000.WAV,Telephone Field,recover-20220825,002,1795
887.9365,887.9774,68437,82512,Rhinolophus ferrumequinum,0.025,0.025,-1,Echolocation,/mnt/ubna_data_01_mir/recover-20220825/UBNA_002/20220823_033000.WAV,Telephone Field,recover-20220825,002,1795
887.9425,887.9814,68437,82438,Rhinolophus ferrumequinum,0.028,0.028,-1,Echolocation,/mnt/ubna_data_01_mir/recover-20220825/UBNA_002/20220823_033000.WAV,Telephone Field,recover-20220825,002,1795
887.9685,887.9762,24609,34113,Plecotus austriacus,0.006,0.023,-1,Echolocation,/mnt/ubna_data_01_mir/recover-20220825/UBNA_002/20220823_033000.WAV,Telephone Field,recover-20220825,002,1795
888.0015,888.0089,22890,31714,Plecotus austriacus,0.008,0.025,-1,Echolocation,/mnt/ubna_data_01_mir/recover-20220825/UBNA_002/20220823_033000.WAV,Telephone Field,recover-20220825,002,1795
888.0025,888.0408,68437,81359,Rhinolophus ferrumequinum,0.025,0.026,-1,Echolocation,/mnt/ubna_data_01_mir/recover-20220825/UBNA_002/20220823_033000.WAV,Telephone Field,recover-20220825,002,1795
888.0095,888.0495,68437,81660,Rhinolophus ferrumequinum,0.023,0.023,-1,Echolocation,/mnt/ubna_data_01_mir/recover-20220825/UBNA_002/20220823_033000.WAV,Telephone Field,recover-20220825,002,1795
888.0145,888.0236,54687,59296,Pipistrellus pygmaeus,0.019,0.023,-1,Echolocation,/mnt/ubna_data_01_mir/recover-20220825/UBNA_002/20220823_033000.WAV,Telephone Field,recover-20220825,002,1795
888.0425,888.0832,68437,83341,Rhinolophus ferrumequinum,0.023,0.023,-1,Echolocation,/mnt/ubna_data_01_mir/recover-20220825/UBNA_002/20220823_033000.WAV,Telephone Field,recover-20220825,002,1795
888.0715,888.0787,28046,39390,Eptesicus serotinus,0.007,0.024,-1,Echolocation,/mnt/ubna_data_01_mir/recover-20220825/UBNA_002/20220823_033000.WAV,Telephone Field,recover-20220825,002,1795
888.0955,888.1381,68437,82454,Rhinolophus ferrumequinum,0.024,0.024,-1,Echolocation,/mnt/ubna_data_01_mir/recover-20220825/UBNA_002/20220823_033000.WAV,Telephone Field,recover-20220825,002,1795
888.1065,888.1137,28046,40173,Eptesicus serotinus,0.006,0.021,-1,Echolocation,/mnt/ubna_data_01_mir/recover-20220825/UBNA_002/20220823_033000.WAV,Telephone Field,recover-20220825,002,1795
888.1075,888.1458,68437,82313,Rhinolophus ferrumequinum,0.024,0.024,-1,Echolocation,/mnt/ubna_data_01_mir/recover-20220825/UBNA_002/20220823_033000.WAV,Telephone Field,recover-20220825,002,1795
888.1315,888.1438,37500,42589,Pipistrellus nathusii,0.028,0.046,-1,Echolocation,/mnt/ubna_data_01_mir/recover-20220825/UBNA_002/20220823_033000.WAV,Telephone Field,recover-20220825,002,1795
888.1335,888.1774,68437,83582,Rhinolophus ferrumequinum,0.06,0.06,-1,Echolocation,/mnt/ubna_data_01_mir/recover-20220825/UBNA_002/20220823_033000.WAV,Telephone Field,recover-20220825,002,1795
888.1745,888.2123,68437,82673,Rhinolophus ferrumequinum,0.023,0.023,-1,Echolocation,/mnt/ubna_data_01_mir/recover-20220825/UBNA_002/20220823_033000.WAV,Telephone Field,recover-20220825,002,1795
888.1995,888.2378,68437,81881,Rhinolophus ferrumequinum,0.02,0.021,-1,Echolocation,/mnt/ubna_data_01_mir/recover-20220825/UBNA_002/20220823_033000.WAV,Telephone Field,recover-20220825,002,1795
888.2375,888.2817,68437,83148,Rhinolophus ferrumequinum,0.04,0.04,-1,Echolocation,/mnt/ubna_data_01_mir/recover-20220825/UBNA_002/20220823_033000.WAV,Telephone Field,recover-20220825,002,1795
888.2675,888.3035,68437,80932,Rhinolophus ferrumequinum,0.021,0.022,-1,Echolocation,/mnt/ubna_data_01_mir/recover-20220825/UBNA_002/20220823_033000.WAV,Telephone Field,recover-20220825,002,1795
888.3055,888.3418,68437,81513,Rhinolophus ferrumequinum,0.024,0.024,-1,Echolocation,/mnt/ubna_data_01_mir/recover-20220825/UBNA_002/20220823_033000.WAV,Telephone Field,recover-20220825,002,1795
888.3265,888.3643,68437,81913,Rhinolophus ferrumequinum,0.021,0.021,-1,Echolocation,/mnt/ubna_data_01_mir/recover-20220825/UBNA_002/20220823_033000.WAV,Telephone Field,recover-20220825,002,1795
888.3875,888.4021,22890,26477,Nyctalus leisleri,0.019,0.031,-1,Echolocation,/mnt/ubna_data_01_mir/recover-20220825/UBNA_002/20220823_033000.WAV,Telephone Field,recover-20220825,002,1795
888.3965,888.4156,20312,23229,Nyctalus leisleri,0.014,0.023,-1,Echolocation,/mnt/ubna_data_01_mir/recover-20220825/UBNA_002/20220823_033000.WAV,Telephone Field,recover-20220825,002,1795
888.4195,888.459,68437,81992,Rhinolophus ferrumequinum,0.022,0.022,-1,Echolocation,/mnt/ubna_data_01_mir/recover-20220825/UBNA_002/20220823_033000.WAV,Telephone Field,recover-20220825,002,1795
888.5105,888.5487,68437,81576,Rhinolophus ferrumequinum,0.03,0.03,-1,Echolocation,/mnt/ubna_data_01_mir/recover-20220825/UBNA_002/20220823_033000.WAV,Telephone Field,recover-20220825,002,1795
888.5135,888.5258,23750,28840,Nyctalus leisleri,0.017,0.034,-1,Echolocation,/mnt/ubna_data_01_mir/recover-20220825/UBNA_002/20220823_033000.WAV,Telephone Field,recover-20220825,002,1795
888.5325,888.5715,68437,82038,Rhinolophus ferrumequinum,0.028,0.028,-1,Echolocation,/mnt/ubna_data_01_mir/recover-20220825/UBNA_002/20220823_033000.WAV,Telephone Field,recover-20220825,002,1795
888.5375,888.5469,28046,38449,Eptesicus serotinus,0.033,0.053,-1,Echolocation,/mnt/ubna_data_01_mir/recover-20220825/UBNA_002/20220823_033000.WAV,Telephone Field,recover-20220825,002,1795
888.6445,888.651,47812,54002,Pipistrellus pipistrellus,0.039,0.041,-1,Echolocation,/mnt/ubna_data_01_mir/recover-20220825/UBNA_002/20220823_033000.WAV,Telephone Field,recover-20220825,002,1795
888.6485,888.6883,68437,83010,Rhinolophus ferrumequinum,0.026,0.026,-1,Echolocation,/mnt/ubna_data_01_mir/recover-20220825/UBNA_002/20220823_033000.WAV,Telephone Field,recover-20220825,002,1795
888.6675,888.6811,56406,60945,Pipistrellus pygmaeus,0.031,0.032,-1,Echolocation,/mnt/ubna_data_01_mir/recover-20220825/UBNA_002/20220823_033000.WAV,Telephone Field,recover-20220825,002,1795
888.6775,888.6853,22890,30697,Plecotus austriacus,0.011,0.025,-1,Echolocation,/mnt/ubna_data_01_mir/recover-20220825/UBNA_002/20220823_033000.WAV,Telephone Field,recover-20220825,002,1795
888.6945,888.7028,28046,39835,Eptesicus serotinus,0.009,0.023,-1,Echolocation,/mnt/ubna_data_01_mir/recover-20220825/UBNA_002/20220823_033000.WAV,Telephone Field,recover-20220825,002,1795
888.7025,888.7104,28906,38868,Eptesicus serotinus,0.007,0.022,-1,Echolocation,/mnt/ubna_data_01_mir/recover-20220825/UBNA_002/20220823_033000.WAV,Telephone Field,recover-20220825,002,1795
888.7435,888.7875,68437,83364,Rhinolophus ferrumequinum,0.04,0.04,-1,Echolocation,/mnt/ubna_data_01_mir/recover-20220825/UBNA_002/20220823_033000.WAV,Telephone Field,recover-20220825,002,1795
888.7865,888.8255,68437,82304,Rhinolophus ferrumequinum,0.033,0.033,-1,Echolocation,/mnt/ubna_data_01_mir/recover-20220825/UBNA_002/20220823_033000.WAV,Telephone Field,recover-20220825,002,1795
888.7925,888.8032,22890,28014,Nyctalus leisleri,0.011,0.024,-1,Echolocation,/mnt/ubna_data_01_mir/recover-20220825/UBNA_002/20220823_033000.WAV,Telephone Field,recover-20220825,002,1795
888.8115,888.85,68437,81873,Rhinolophus ferrumequinum,0.031,0.031,-1,Echolocation,/mnt/ubna_data_01_mir/recover-20220825/UBNA_002/20220823_033000.WAV,Telephone Field,recover-20220825,002,1795
888.8355,888.841,33203,45898,Myotis daubentonii,0.01,0.025,-1,Echolocation,/mnt/ubna_data_01_mir/recover-20220825/UBNA_002/20220823_033000.WAV,Telephone Field,recover-20220825,002,1795
888.8365,888.8421,28046,45902,Eptesicus serotinus,0.006,0.029,-1,Echolocation,/mnt/ubna_data_01_mir/recover-20220825/UBNA_002/20220823_033000.WAV,Telephone Field,recover-20220825,002,1795
888.8455,888.8873,68437,82309,Rhinolophus ferrumequinum,0.028,0.028,-1,Echolocation,/mnt/ubna_data_01_mir/recover-20220825/UBNA_002/20220823_033000.WAV,Telephone Field,recover-20220825,002,1795
888.8575,888.8973,68437,82009,Rhinolophus ferrumequinum,0.021,0.021,-1,Echolocation,/mnt/ubna_data_01_mir/recover-20220825/UBNA_002/20220823_033000.WAV,Telephone Field,recover-20220825,002,1795
888.8675,888.9055,68437,82343,Rhinolophus ferrumequinum,0.021,0.021,-1,Echolocation,/mnt/ubna_data_01_mir/recover-20220825/UBNA_002/20220823_033000.WAV,Telephone Field,recover-20220825,002,1795
888.8715,888.8837,55546,61263,Pipistrellus pygmaeus,0.025,0.03,-1,Echolocation,/mnt/ubna_data_01_mir/recover-20220825/UBNA_002/20220823_033000.WAV,Telephone Field,recover-20220825,002,1795
888.9195,888.9579,68437,82252,Rhinolophus ferrumequinum,0.021,0.021,-1,Echolocation,/mnt/ubna_data_01_mir/recover-20220825/UBNA_002/20220823_033000.WAV,Telephone Field,recover-20220825,002,1795
888.9205,888.9277,28046,40300,Eptesicus serotinus,0.006,0.02,-1,Echolocation,/mnt/ubna_data_01_mir/recover-20220825/UBNA_002/20220823_033000.WAV,Telephone Field,recover-20220825,002,1795
888.9345,888.9734,68437,82327,Rhinolophus ferrumequinum,0.025,0.025,-1,Echolocation,/mnt/ubna_data_01_mir/recover-20220825/UBNA_002/20220823_033000.WAV,Telephone Field,recover-20220825,002,1795
888.9415,888.9807,68437,82360,Rhinolophus ferrumequinum,0.022,0.022,-1,Echolocation,/mnt/ubna_data_01_mir/recover-20220825/UBNA_002/20220823_033000.WAV,Telephone Field,recover-20220825,002,1795
888.9975,889.0159,21171,23948,Nyctalus leisleri,0.022,0.037,-1,Echolocation,/mnt/ubna_data_01_mir/recover-20220825/UBNA_002/20220823_033000.WAV,Telephone Field,recover-20220825,002,1795
889.0425,889.082,68437,82377,Rhinolophus ferrumequinum,0.022,0.022,-1,Echolocation,/mnt/ubna_data_01_mir/recover-20220825/UBNA_002/20220823_033000.WAV,Telephone Field,recover-20220825,002,1795
889.0805,889.1196,68437,82305,Rhinolophus ferrumequinum,0.022,0.022,-1,Echolocation,/mnt/ubna_data_01_mir/recover-20220825/UBNA_002/20220823_033000.WAV,Telephone Field,recover-20220825,002,1795
889.1035,889.1414,68437,82193,Rhinolophus ferrumequinum,0.023,0.023,-1,Echolocation,/mnt/ubna_data_01_mir/recover-20220825/UBNA_002/20220823_033000.WAV,Telephone Field,recover-20220825,002,1795
889.1085,889.1198,23750,29470,Nyctalus leisleri,0.012,0.027,-1,Echolocation,/mnt/ubna_data_01_mir/recover-20220825/UBNA_002/20220823_033000.WAV,Telephone Field,recover-20220825,002,1795
889.1545,889.1965,68437,82900,Rhinolophus ferrumequinum,0.023,0.023,-1,Echolocation,/mnt/ubna_data_01_mir/recover-20220825/UBNA_002/20220823_033000.WAV,Telephone Field,recover-20220825,002,1795
889.1805,889.2209,68437,82011,Rhinolophus ferrumequinum,0.026,0.026,-1,Echolocation,/mnt/ubna_data_01_mir/recover-20220825/UBNA_002/20220823_033000.WAV,Telephone Field,recover-20220825,002,1795
889.1905,889.1992,28046,38837,Eptesicus serotinus,0.009,0.023,-1,Echolocation,/mnt/ubna_data_01_mir/recover-20220825/UBNA_002/20220823_033000.WAV,Telephone Field,recover-20220825,002,1795
889.2005,889.2083,51250,56112,Pipistrellus pipistrellus,0.017,0.021,-1,Echolocation,/mnt/ubna_data_01_mir/recover-20220825/UBNA_002/20220823_033000.WAV,Telephone Field,recover-20220825,002,1795
889.2165,889.2553,68437,81714,Rhinolophus ferrumequinum,0.021,0.021,-1,Echolocation,/mnt/ubna_data_01_mir/recover-20220825/UBNA_002/20220823_033000.WAV,Telephone Field,recover-20220825,002,1795
889.2465,889.2561,28046,37768,Eptesicus serotinus,0.01,0.021,-1,Echolocation,/mnt/ubna_data_01_mir/recover-20220825/UBNA_002/20220823_033000.WAV,Telephone Field,recover-20220825,002,1795
889.2475,889.2875,68437,82648,Rhinolophus ferrumequinum,0.021,0.021,-1,Echolocation,/mnt/ubna_data_01_mir/recover-20220825/UBNA_002/20220823_033000.WAV,Telephone Field,recover-20220825,002,1795
889.2855,889.3237,68437,82000,Rhinolophus ferrumequinum,0.021,0.021,-1,Echolocation,/mnt/ubna_data_01_mir/recover-20220825/UBNA_002/20220823_033000.WAV,Telephone Field,recover-20220825,002,1795
889.3335,889.3431,28906,36315,Eptesicus serotinus,0.009,0.022,-1,Echolocation,/mnt/ubna_data_01_mir/recover-20220825/UBNA_002/20220823_033000.WAV,Telephone Field,recover-20220825,002,1795
889.3425,889.3824,68437,82495,Rhinolophus ferrumequinum,0.025,0.025,-1,Echolocation,/mnt/ubna_data_01_mir/recover-20220825/UBNA_002/20220823_033000.WAV,Telephone Field,recover-20220825,002,1795
889.3935,889.4067,23750,29035,Nyctalus leisleri,0.032,0.073,-1,Echolocation,/mnt/ubna_data_01_mir/recover-20220825/UBNA_002/20220823_033000.WAV,Telephone Field,recover-20220825,002,1795
889.3945,889.4354,68437,82266,Rhinolophus ferrumequinum,0.021,0.021,-1,Echolocation,/mnt/ubna_data_01_mir/recover-20220825/UBNA_002/20220823_033000.WAV,Telephone Field,recover-20220825,002,1795
889.4195,889.4589,68437,82460,Rhinolophus ferrumequinum,0.021,0.021,-1,Echolocation,/mnt/ubna_data_01_mir/recover-20220825/UBNA_002/20220823_033000.WAV,Telephone Field,recover-20220825,002,1795
889.4255,889.4463,20312,23390,Nyctalus leisleri,0.014,0.024,-1,Echolocation,/mnt/ubna_data_01_mir/recover-20220825/UBNA_002/20220823_033000.WAV,Telephone Field,recover-20220825,002,1795
889.4395,889.4473,28046,39389,Eptesicus serotinus,0.007,0.021,-1,Echolocation,/mnt/ubna_data_01_mir/recover-20220825/UBNA_002/20220823_033000.WAV,Telephone Field,recover-20220825,002,1795
889.4845,889.499,28906,34977,Eptesicus serotinus,0.018,0.03,-1,Echolocation,/mnt/ubna_data_01_mir/recover-20220825/UBNA_002/20220823_033000.WAV,Telephone Field,recover-20220825,002,1795
889.4855,889.5269,68437,82994,Rhinolophus ferrumequinum,0.026,0.026,-1,Echolocation,/mnt/ubna_data_01_mir/recover-20220825/UBNA_002/20220823_033000.WAV,Telephone Field,recover-20220825,002,1795
889.5225,889.5663,68437,82899,Rhinolophus ferrumequinum,0.025,0.025,-1,Echolocation,/mnt/ubna_data_01_mir/recover-20220825/UBNA_002/20220823_033000.WAV,Telephone Field,recover-20220825,002,1795
889.5315,889.5705,68437,82371,Rhinolophus ferrumequinum,0.023,0.024,-1,Echolocation,/mnt/ubna_data_01_mir/recover-20220825/UBNA_002/20220823_033000.WAV,Telephone Field,recover-20220825,002,1795
889.6125,889.6521,68437,82416,Rhinolophus ferrumequinum,0.022,0.022,-1,Echolocation,/mnt/ubna_data_01_mir/recover-20220825/UBNA_002/20220823_033000.WAV,Telephone Field,recover-20220825,002,1795
889.6145,889.6219,28046,41225,Eptesicus serotinus,0.007,0.021,-1,Echolocation,/mnt/ubna_data_01_mir/recover-20220825/UBNA_002/20220823_033000.WAV,Telephone Field,recover-20220825,002,1795
889.6195,889.6605,68437,82977,Rhinolophus ferrumequinum,0.024,0.024,-1,Echolocation,/mnt/ubna_data_01_mir/recover-20220825/UBNA_002/20220823_033000.WAV,Telephone Field,recover-20220825,002,1795
889.6275,889.6677999999999,68437,82768,Rhinolophus ferrumequinum,0.024,0.025,-1,Echolocation,/mnt/ubna_data_01_mir/recover-20220825/UBNA_002/20220823_033000.WAV,Telephone Field,recover-20220825,002,1795
889.6795,889.6881,28906,38113,Eptesicus serotinus,0.008,0.021,-1,Echolocation,/mnt/ubna_data_01_mir/recover-20220825/UBNA_002/20220823_033000.WAV,Telephone Field,recover-20220825,002,1795
889.7165,889.7557,68437,82249,Rhinolophus ferrumequinum,0.021,0.021,-1,Echolocation,/mnt/ubna_data_01_mir/recover-20220825/UBNA_002/20220823_033000.WAV,Telephone Field,recover-20220825,002,1795
889.7175,889.7267,28046,37064,Eptesicus serotinus,0.008,0.021,-1,Echolocation,/mnt/ubna_data_01_mir/recover-20220825/UBNA_002/20220823_033000.WAV,Telephone Field,recover-20220825,002,1795
889.7335,889.7742,68437,82772,Rhinolophus ferrumequinum,0.022,0.022,-1,Echolocation,/mnt/ubna_data_01_mir/recover-20220825/UBNA_002/20220823_033000.WAV,Telephone Field,recover-20220825,002,1795
889.7385,889.7462,28046,38470,Eptesicus serotinus,0.007,0.022,-1,Echolocation,/mnt/ubna_data_01_mir/recover-20220825/UBNA_002/20220823_033000.WAV,Telephone Field,recover-20220825,002,1795
889.7425,889.7805,68437,82748,Rhinolophus ferrumequinum,0.023,0.023,-1,Echolocation,/mnt/ubna_data_01_mir/recover-20220825/UBNA_002/20220823_033000.WAV,Telephone Field,recover-20220825,002,1795
889.7575,889.7988,68437,82935,Rhinolophus ferrumequinum,0.022,0.022,-1,Echolocation,/mnt/ubna_data_01_mir/recover-20220825/UBNA_002/20220823_033000.WAV,Telephone Field,recover-20220825,002,1795
889.7935,889.8016,25468,34058,Eptesicus serotinus,0.006,0.023,-1,Echolocation,/mnt/ubna_data_01_mir/recover-20220825/UBNA_002/20220823_033000.WAV,Telephone Field,recover-20220825,002,1795
889.8115,889.8534,68437,83368,Rhinolophus ferrumequinum,0.04,0.04,-1,Echolocation,/mnt/ubna_data_01_mir/recover-20220825/UBNA_002/20220823_033000.WAV,Telephone Field,recover-20220825,002,1795
889.8535,889.8911,68437,82795,Rhinolophus ferrumequinum,0.021,0.021,-1,Echolocation,/mnt/ubna_data_01_mir/recover-20220825/UBNA_002/20220823_033000.WAV,Telephone Field,recover-20220825,002,1795
889.8615,889.9024,68437,82573,Rhinolophus ferrumequinum,0.021,0.021,-1,Echolocation,/mnt/ubna_data_01_mir/recover-20220825/UBNA_002/20220823_033000.WAV,Telephone Field,recover-20220825,002,1795
889.8845,889.9192,68437,81432,Rhinolophus ferrumequinum,0.021,0.021,-1,Echolocation,/mnt/ubna_data_01_mir/recover-20220825/UBNA_002/20220823_033000.WAV,Telephone Field,recover-20220825,002,1795
889.9014999999999,889.9421,68437,82588,Rhinolophus ferrumequinum,0.033,0.033,-1,Echolocation,/mnt/ubna_data_01_mir/recover-20220825/UBNA_002/20220823_033000.WAV,Telephone Field,recover-20220825,002,1795
889.9645,889.9746,27187,36752,Eptesicus serotinus,0.01,0.023,-1,Echolocation,/mnt/ubna_data_01_mir/recover-20220825/UBNA_002/20220823_033000.WAV,Telephone Field,recover-20220825,002,1795
889.9715,889.9817,25468,31908,Eptesicus serotinus,0.009,0.025,-1,Echolocation,/mnt/ubna_data_01_mir/recover-20220825/UBNA_002/20220823_033000.WAV,Telephone Field,recover-20220825,002,1795
889.9865,889.9961,28046,38034,Eptesicus serotinus,0.009,0.022,-1,Echolocation,/mnt/ubna_data_01_mir/recover-20220825/UBNA_002/20220823_033000.WAV,Telephone Field,recover-20220825,002,1795
890.0015,890.0113,27187,38611,Eptesicus serotinus,0.01,0.034,-1,Echolocation,/mnt/ubna_data_01_mir/recover-20220825/UBNA_002/20220823_033000.WAV,Telephone Field,recover-20220825,002,1795
890.0015,890.0331,69296,80610,Rhinolophus ferrumequinum,0.035,0.035,-1,Echolocation,/mnt/ubna_data_01_mir/recover-20220825/UBNA_002/20220823_033000.WAV,Telephone Field,recover-20220825,002,1795
890.0075,890.0179,28046,37310,Eptesicus serotinus,0.012,0.026,-1,Echolocation,/mnt/ubna_data_01_mir/recover-20220825/UBNA_002/20220823_033000.WAV,Telephone Field,recover-20220825,002,1795
890.0885,890.1236,68437,81695,Rhinolophus ferrumequinum,0.022,0.022,-1,Echolocation,/mnt/ubna_data_01_mir/recover-20220825/UBNA_002/20220823_033000.WAV,Telephone Field,recover-20220825,002,1795
890.0905,890.0998,24609,32405,Eptesicus serotinus,0.007,0.022,-1,Echolocation,/mnt/ubna_data_01_mir/recover-20220825/UBNA_002/20220823_033000.WAV,Telephone Field,recover-20220825,002,1795
890.1045,890.1176,34921,39895,Pipistrellus nathusii,0.017,0.041,-1,Echolocation,/mnt/ubna_data_01_mir/recover-20220825/UBNA_002/20220823_033000.WAV,Telephone Field,recover-20220825,002,1795
890.1225,890.1615,68437,81613,Rhinolophus ferrumequinum,0.022,0.022,-1,Echolocation,/mnt/ubna_data_01_mir/recover-20220825/UBNA_002/20220823_033000.WAV,Telephone Field,recover-20220825,002,1795
890.1835,890.2229,68437,82338,Rhinolophus ferrumequinum,0.025,0.025,-1,Echolocation,/mnt/ubna_data_01_mir/recover-20220825/UBNA_002/20220823_033000.WAV,Telephone Field,recover-20220825,002,1795
890.2115,890.2511,68437,81926,Rhinolophus ferrumequinum,0.022,0.022,-1,Echolocation,/mnt/ubna_data_01_mir/recover-20220825/UBNA_002/20220823_033000.WAV,Telephone Field,recover-20220825,002,1795
890.2325,890.2416,26328,39012,Eptesicus serotinus,0.008,0.023,-1,Echolocation,/mnt/ubna_data_01_mir/recover-20220825/UBNA_002/20220823_033000.WAV,Telephone Field,recover-20220825,002,1795
890.2515,890.2589,27187,36598,Eptesicus serotinus,0.009,0.027,-1,Echolocation,/mnt/ubna_data_01_mir/recover-20220825/UBNA_002/20220823_033000.WAV,Telephone Field,recover-20220825,002,1795
890.2764999999999,890.3133,68437,82143,Rhinolophus ferrumequinum,0.028,0.028,-1,Echolocation,/mnt/ubna_data_01_mir/recover-20220825/UBNA_002/20220823_033000.WAV,Telephone Field,recover-20220825,002,1795
890.3205,890.3322000000001,55546,60456,Pipistrellus pygmaeus,0.022,0.023,-1,Echolocation,/mnt/ubna_data_01_mir/recover-20220825/UBNA_002/20220823_033000.WAV,Telephone Field,recover-20220825,002,1795
890.3225,890.3656,68437,82285,Rhinolophus ferrumequinum,0.028,0.028,-1,Echolocation,/mnt/ubna_data_01_mir/recover-20220825/UBNA_002/20220823_033000.WAV,Telephone Field,recover-20220825,002,1795
890.3485000000001,890.3551,27187,42097,Eptesicus serotinus,0.007,0.025,-1,Echolocation,/mnt/ubna_data_01_mir/recover-20220825/UBNA_002/20220823_033000.WAV,Telephone Field,recover-20220825,002,1795
890.3635,890.376,22890,28008,Nyctalus leisleri,0.014,0.033,-1,Echolocation,/mnt/ubna_data_01_mir/recover-20220825/UBNA_002/20220823_033000.WAV,Telephone Field,recover-20220825,002,1795
890.3745,890.4118,68437,81862,Rhinolophus ferrumequinum,0.022,0.022,-1,Echolocation,/mnt/ubna_data_01_mir/recover-20220825/UBNA_002/20220823_033000.WAV,Telephone Field,recover-20220825,002,1795
890.3935,890.4331999999999,68437,81926,Rhinolophus ferrumequinum,0.045,0.045,-1,Echolocation,/mnt/ubna_data_01_mir/recover-20220825/UBNA_002/20220823_033000.WAV,Telephone Field,recover-20220825,002,1795
890.3995,890.41,22890,28098,Nyctalus leisleri,0.011,0.024,-1,Echolocation,/mnt/ubna_data_01_mir/recover-20220825/UBNA_002/20220823_033000.WAV,Telephone Field,recover-20220825,002,1795
890.4145,890.4548,68437,82613,Rhinolophus ferrumequinum,0.026,0.026,-1,Echolocation,/mnt/ubna_data_01_mir/recover-20220825/UBNA_002/20220823_033000.WAV,Telephone Field,recover-20220825,002,1795
890.4345,890.4457,22031,26988,Nyctalus leisleri,0.012,0.024,-1,Echolocation,/mnt/ubna_data_01_mir/recover-20220825/UBNA_002/20220823_033000.WAV,Telephone Field,recover-20220825,002,1795
890.4725,890.5123,68437,82414,Rhinolophus ferrumequinum,0.022,0.022,-1,Echolocation,/mnt/ubna_data_01_mir/recover-20220825/UBNA_002/20220823_033000.WAV,Telephone Field,recover-20220825,002,1795
890.4985,890.5058,23750,32473,Plecotus austriacus,0.011,0.027,-1,Echolocation,/mnt/ubna_data_01_mir/recover-20220825/UBNA_002/20220823_033000.WAV,Telephone Field,recover-20220825,002,1795
890.5115,890.5206000000001,29765,39564,Eptesicus serotinus,0.01,0.026,-1,Echolocation,/mnt/ubna_data_01_mir/recover-20220825/UBNA_002/20220823_033000.WAV,Telephone Field,recover-20220825,002,1795
890.5595,890.5695,28046,37289,Eptesicus serotinus,0.01,0.024,-1,Echolocation,/mnt/ubna_data_01_mir/recover-20220825/UBNA_002/20220823_033000.WAV,Telephone Field,recover-20220825,002,1795
890.6115,890.6191,28046,45575,Eptesicus serotinus,0.008,0.023,-1,Echolocation,/mnt/ubna_data_01_mir/recover-20220825/UBNA_002/20220823_033000.WAV,Telephone Field,recover-20220825,002,1795
890.6625,890.6751,22890,26794,Nyctalus leisleri,0.012,0.022,-1,Echolocation,/mnt/ubna_data_01_mir/recover-20220825/UBNA_002/20220823_033000.WAV,Telephone Field,recover-20220825,002,1795
890.6705,890.6777,28046,44342,Eptesicus serotinus,0.006,0.023,-1,Echolocation,/mnt/ubna_data_01_mir/recover-20220825/UBNA_002/20220823_033000.WAV,Telephone Field,recover-20220825,002,1795
890.6715,890.7105,68437,82572,Rhinolophus ferrumequinum,0.023,0.023,-1,Echolocation,/mnt/ubna_data_01_mir/recover-20220825/UBNA_002/20220823_033000.WAV,Telephone Field,recover-20220825,002,1795
890.6895,890.7333,68437,83426,Rhinolophus ferrumequinum,0.031,0.031,-1,Echolocation,/mnt/ubna_data_01_mir/recover-20220825/UBNA_002/20220823_033000.WAV,Telephone Field,recover-20220825,002,1795
890.7095,890.7193,28046,36589,Eptesicus serotinus,0.009,0.023,-1,Echolocation,/mnt/ubna_data_01_mir/recover-20220825/UBNA_002/20220823_033000.WAV,Telephone Field,recover-20220825,002,1795
890.7345,890.7744,68437,82504,Rhinolophus ferrumequinum,0.027,0.027,-1,Echolocation,/mnt/ubna_data_01_mir/recover-20220825/UBNA_002/20220823_033000.WAV,Telephone Field,recover-20220825,002,1795
890.8185,890.8257,28046,37614,Eptesicus serotinus,0.006,0.023,-1,Echolocation,/mnt/ubna_data_01_mir/recover-20220825/UBNA_002/20220823_033000.WAV,Telephone Field,recover-20220825,002,1795
890.8285,890.87,68437,82657,Rhinolophus ferrumequinum,0.024,0.024,-1,Echolocation,/mnt/ubna_data_01_mir/recover-20220825/UBNA_002/20220823_033000.WAV,Telephone Field,recover-20220825,002,1795
890.8645,890.8754,23750,30161,Nyctalus leisleri,0.009,0.021,-1,Echolocation,/mnt/ubna_data_01_mir/recover-20220825/UBNA_002/20220823_033000.WAV,Telephone Field,recover-20220825,002,1795
890.8845,890.9225,68437,82035,Rhinolophus ferrumequinum,0.022,0.022,-1,Echolocation,/mnt/ubna_data_01_mir/recover-20220825/UBNA_002/20220823_033000.WAV,Telephone Field,recover-20220825,002,1795
890.8895,890.9282,68437,82530,Rhinolophus ferrumequinum,0.022,0.022,-1,Echolocation,/mnt/ubna_data_01_mir/recover-20220825/UBNA_002/20220823_033000.WAV,Telephone Field,recover-20220825,002,1795
890.8925,890.9043,38359,43620,Pipistrellus nathusii,0.007,0.024,-1,Echolocation,/mnt/ubna_data_01_mir/recover-20220825/UBNA_002/20220823_033000.WAV,Telephone Field,recover-20220825,002,1795
890.9185,890.9577,68437,82016,Rhinolophus ferrumequinum,0.022,0.022,-1,Echolocation,/mnt/ubna_data_01_mir/recover-20220825/UBNA_002/20220823_033000.WAV,Telephone Field,recover-20220825,002,1795
890.9835,890.9943,22890,28064,Nyctalus leisleri,0.011,0.021,-1,Echolocation,/mnt/ubna_data_01_mir/recover-20220825/UBNA_002/20220823_033000.WAV,Telephone Field,recover-20220825,002,1795
890.9975,891.0064,24609,32120,Nyctalus leisleri,0.006,0.023,-1,Echolocation,/mnt/ubna_data_01_mir/recover-20220825/UBNA_002/20220823_033000.WAV,Telephone Field,recover-20220825,002,1795
891.0085,891.0178,14296,22126,Nyctalus noctula,0.012,0.024,-1,Echolocation,/mnt/ubna_data_01_mir/recover-20220825/UBNA_002/20220823_033000.WAV,Telephone Field,recover-20220825,002,1795
891.0575,891.064,45234,54435,Pipistrellus pipistrellus,0.026,0.033,-1,Echolocation,/mnt/ubna_data_01_mir/recover-20220825/UBNA_002/20220823_033000.WAV,Telephone Field,recover-20220825,002,1795
891.1025,891.1454,68437,83855,Rhinolophus ferrumequinum,0.024,0.024,-1,Echolocation,/mnt/ubna_data_01_mir/recover-20220825/UBNA_002/20220823_033000.WAV,Telephone Field,recover-20220825,002,1795
891.1115,891.1537,68437,82694,Rhinolophus ferrumequinum,0.022,0.022,-1,Echolocation,/mnt/ubna_data_01_mir/recover-20220825/UBNA_002/20220823_033000.WAV,Telephone Field,recover-20220825,002,1795
891.1195,891.1278,28046,39732,Eptesicus serotinus,0.008,0.022,-1,Echolocation,/mnt/ubna_data_01_mir/recover-20220825/UBNA_002/20220823_033000.WAV,Telephone Field,recover-20220825,002,1795
891.1365,891.173,68437,81988,Rhinolophus ferrumequinum,0.024,0.024,-1,Echolocation,/mnt/ubna_data_01_mir/recover-20220825/UBNA_002/20220823_033000.WAV,Telephone Field,recover-20220825,002,1795
891.1425,891.1479,24609,41845,Myotis nattereri,0.009,0.029,-1,Echolocation,/mnt/ubna_data_01_mir/recover-20220825/UBNA_002/20220823_033000.WAV,Telephone Field,recover-20220825,002,1795
891.1435,891.1815,68437,82345,Rhinolophus ferrumequinum,0.025,0.025,-1,Echolocation,/mnt/ubna_data_01_mir/recover-20220825/UBNA_002/20220823_033000.WAV,Telephone Field,recover-20220825,002,1795
891.1525,891.162,28046,35772,Eptesicus serotinus,0.009,0.021,-1,Echolocation,/mnt/ubna_data_01_mir/recover-20220825/UBNA_002/20220823_033000.WAV,Telephone Field,recover-20220825,002,1795
891.1595,891.1683,28046,38047,Eptesicus serotinus,0.007,0.021,-1,Echolocation,/mnt/ubna_data_01_mir/recover-20220825/UBNA_002/20220823_033000.WAV,Telephone Field,recover-20220825,002,1795
891.1625,891.1742,54687,59122,Pipistrellus pygmaeus,0.024,0.027,-1,Echolocation,/mnt/ubna_data_01_mir/recover-20220825/UBNA_002/20220823_033000.WAV,Telephone Field,recover-20220825,002,1795
891.1825,891.1918000000001,22031,28324,Plecotus austriacus,0.009,0.023,-1,Echolocation,/mnt/ubna_data_01_mir/recover-20220825/UBNA_002/20220823_033000.WAV,Telephone Field,recover-20220825,002,1795
891.2335,891.2721,68437,82080,Rhinolophus ferrumequinum,0.022,0.022,-1,Echolocation,/mnt/ubna_data_01_mir/recover-20220825/UBNA_002/20220823_033000.WAV,Telephone Field,recover-20220825,002,1795
891.3165,891.3519,68437,81592,Rhinolophus ferrumequinum,0.022,0.022,-1,Echolocation,/mnt/ubna_data_01_mir/recover-20220825/UBNA_002/20220823_033000.WAV,Telephone Field,recover-20220825,002,1795
891.3485000000001,891.3563,47812,51635,Pipistrellus pipistrellus,0.049,0.052,-1,Echolocation,/mnt/ubna_data_01_mir/recover-20220825/UBNA_002/20220823_033000.WAV,Telephone Field,recover-20220825,002,1795
891.3615,891.4028,68437,82702,Rhinolophus ferrumequinum,0.035,0.035,-1,Echolocation,/mnt/ubna_data_01_mir/recover-20220825/UBNA_002/20220823_033000.WAV,Telephone Field,recover-20220825,002,1795
891.3635,891.3727,25468,34207,Eptesicus serotinus,0.01,0.026,-1,Echolocation,/mnt/ubna_data_01_mir/recover-20220825/UBNA_002/20220823_033000.WAV,Telephone Field,recover-20220825,002,1795
891.4045,891.4418000000001,68437,82274,Rhinolophus ferrumequinum,0.022,0.022,-1,Echolocation,/mnt/ubna_data_01_mir/recover-20220825/UBNA_002/20220823_033000.WAV,Telephone Field,recover-20220825,002,1795
891.4515,891.4901,68437,82209,Rhinolophus ferrumequinum,0.024,0.024,-1,Echolocation,/mnt/ubna_data_01_mir/recover-20220825/UBNA_002/20220823_033000.WAV,Telephone Field,recover-20220825,002,1795
891.4565,891.4692,38359,44010,Pipistrellus nathusii,0.021,0.047,-1,Echolocation,/mnt/ubna_data_01_mir/recover-20220825/UBNA_002/20220823_033000.WAV,Telephone Field,recover-20220825,002,1795
891.5115,891.5202,27187,39218,Eptesicus serotinus,0.008,0.022,-1,Echolocation,/mnt/ubna_data_01_mir/recover-20220825/UBNA_002/20220823_033000.WAV,Telephone Field,recover-20220825,002,1795
891.5264999999999,891.5359,28046,36491,Eptesicus serotinus,0.008,0.023,-1,Echolocation,/mnt/ubna_data_01_mir/recover-20220825/UBNA_002/20220823_033000.WAV,Telephone Field,recover-20220825,002,1795
891.5505,891.5903,68437,82694,Rhinolophus ferrumequinum,0.021,0.021,-1,Echolocation,/mnt/ubna_data_01_mir/recover-20220825/UBNA_002/20220823_033000.WAV,Telephone Field,recover-20220825,002,1795
891.5605,891.5707,24609,32313,Eptesicus serotinus,0.01,0.022,-1,Echolocation,/mnt/ubna_data_01_mir/recover-20220825/UBNA_002/20220823_033000.WAV,Telephone Field,recover-20220825,002,1795
891.5615,891.6016,68437,81585,Rhinolophus ferrumequinum,0.022,0.022,-1,Echolocation,/mnt/ubna_data_01_mir/recover-20220825/UBNA_002/20220823_033000.WAV,Telephone Field,recover-20220825,002,1795
891.6165,891.6604,68437,83673,Rhinolophus ferrumequinum,0.049,0.049,-1,Echolocation,/mnt/ubna_data_01_mir/recover-20220825/UBNA_002/20220823_033000.WAV,Telephone Field,recover-20220825,002,1795
891.6375,891.6765,68437,82398,Rhinolophus ferrumequinum,0.021,0.021,-1,Echolocation,/mnt/ubna_data_01_mir/recover-20220825/UBNA_002/20220823_033000.WAV,Telephone Field,recover-20220825,002,1795
891.6535,891.6905,68437,82359,Rhinolophus ferrumequinum,0.022,0.022,-1,Echolocation,/mnt/ubna_data_01_mir/recover-20220825/UBNA_002/20220823_033000.WAV,Telephone Field,recover-20220825,002,1795
891.6815,891.7218,68437,82104,Rhinolophus ferrumequinum,0.023,0.023,-1,Echolocation,/mnt/ubna_data_01_mir/recover-20220825/UBNA_002/20220823_033000.WAV,Telephone Field,recover-20220825,002,1795
891.7125,891.7231,22031,26963,Nyctalus leisleri,0.011,0.022,-1,Echolocation,/mnt/ubna_data_01_mir/recover-20220825/UBNA_002/20220823_033000.WAV,Telephone Field,recover-20220825,002,1795
891.7265,891.7656,68437,82577,Rhinolophus ferrumequinum,0.023,0.023,-1,Echolocation,/mnt/ubna_data_01_mir/recover-20220825/UBNA_002/20220823_033000.WAV,Telephone Field,recover-20220825,002,1795
891.7555,891.7655,28046,36433,Eptesicus serotinus,0.008,0.021,-1,Echolocation,/mnt/ubna_data_01_mir/recover-20220825/UBNA_002/20220823_033000.WAV,Telephone Field,recover-20220825,002,1795
891.7595,891.7966,68437,82304,Rhinolophus ferrumequinum,0.022,0.022,-1,Echolocation,/mnt/ubna_data_01_mir/recover-20220825/UBNA_002/20220823_033000.WAV,Telephone Field,recover-20220825,002,1795
891.7815,891.8197,68437,82510,Rhinolophus ferrumequinum,0.023,0.023,-1,Echolocation,/mnt/ubna_data_01_mir/recover-20220825/UBNA_002/20220823_033000.WAV,Telephone Field,recover-20220825,002,1795
891.7895,891.8289,68437,82515,Rhinolophus ferrumequinum,0.022,0.022,-1,Echolocation,/mnt/ubna_data_01_mir/recover-20220825/UBNA_002/20220823_033000.WAV,Telephone Field,recover-20220825,002,1795
891.8135,891.8533,68437,82386,Rhinolophus ferrumequinum,0.021,0.022,-1,Echolocation,/mnt/ubna_data_01_mir/recover-20220825/UBNA_002/20220823_033000.WAV,Telephone Field,recover-20220825,002,1795
891.8165,891.8232,55546,65632,Pipistrellus pygmaeus,0.025,0.028,-1,Echolocation,/mnt/ubna_data_01_mir/recover-20220825/UBNA_002/20220823_033000.WAV,Telephone Field,recover-20220825,002,1795
891.8315,891.8384,28046,38208,Eptesicus serotinus,0.006,0.022,-1,Echolocation,/mnt/ubna_data_01_mir/recover-20220825/UBNA_002/20220823_033000.WAV,Telephone Field,recover-20220825,002,1795
891.9035,891.9136,22031,27712,Nyctalus leisleri,0.009,0.023,-1,Echolocation,/mnt/ubna_data_01_mir/recover-20220825/UBNA_002/20220823_033000.WAV,Telephone Field,recover-20220825,002,1795
891.9185,891.958,68437,82534,Rhinolophus ferrumequinum,0.022,0.022,-1,Echolocation,/mnt/ubna_data_01_mir/recover-20220825/UBNA_002/20220823_033000.WAV,Telephone Field,recover-20220825,002,1795
891.9655,891.9706,38359,56797,Myotis mystacinus,0.009,0.025,-1,Echolocation,/mnt/ubna_data_01_mir/recover-20220825/UBNA_002/20220823_033000.WAV,Telephone Field,recover-20220825,002,1795
891.9855,891.9988,15156,21311,Nyctalus noctula,0.029,0.041,-1,Echolocation,/mnt/ubna_data_01_mir/recover-20220825/UBNA_002/20220823_033000.WAV,Telephone Field,recover-20220825,002,1795
892.0015,892.0346,68437,80001,Rhinolophus ferrumequinum,0.044,0.044,-1,Echolocation,/mnt/ubna_data_01_mir/recover-20220825/UBNA_002/20220823_033000.WAV,Telephone Field,recover-20220825,002,1795
892.0015,892.0093,24609,35390,Nyctalus leisleri,0.006,0.025,-1,Echolocation,/mnt/ubna_data_01_mir/recover-20220825/UBNA_002/20220823_033000.WAV,Telephone Field,recover-20220825,002,1795
892.0075,892.0504,68437,81604,Rhinolophus ferrumequinum,0.025,0.025,-1,Echolocation,/mnt/ubna_data_01_mir/recover-20220825/UBNA_002/20220823_033000.WAV,Telephone Field,recover-20220825,002,1795
892.0375,892.0481,15156,21912,Nyctalus noctula,0.013,0.023,-1,Echolocation,/mnt/ubna_data_01_mir/recover-20220825/UBNA_002/20220823_033000.WAV,Telephone Field,recover-20220825,002,1795
892.0715,892.0781,27187,39135,Eptesicus serotinus,0.008,0.024,-1,Echolocation,/mnt/ubna_data_01_mir/recover-20220825/UBNA_002/20220823_033000.WAV,Telephone Field,recover-20220825,002,1795
892.0875,892.0962,27187,35254,Eptesicus serotinus,0.01,0.023,-1,Echolocation,/mnt/ubna_data_01_mir/recover-20220825/UBNA_002/20220823_033000.WAV,Telephone Field,recover-20220825,002,1795
892.0985000000001,892.1087,24609,31155,Eptesicus serotinus,0.01,0.028,-1,Echolocation,/mnt/ubna_data_01_mir/recover-20220825/UBNA_002/20220823_033000.WAV,Telephone Field,recover-20220825,002,1795
892.1365,892.1451,40937,46546,Pipistrellus nathusii,0.018,0.032,-1,Echolocation,/mnt/ubna_data_01_mir/recover-20220825/UBNA_002/20220823_033000.WAV,Telephone Field,recover-20220825,002,1795
892.1395,892.15,24609,31508,Nyctalus leisleri,0.01,0.026,-1,Echolocation,/mnt/ubna_data_01_mir/recover-20220825/UBNA_002/20220823_033000.WAV,Telephone Field,recover-20220825,002,1795
892.1705,892.1774,46093,53348,Pipistrellus pipistrellus,0.019,0.024,-1,Echolocation,/mnt/ubna_data_01_mir/recover-20220825/UBNA_002/20220823_033000.WAV,Telephone Field,recover-20220825,002,1795
892.1875,892.228,68437,82724,Rhinolophus ferrumequinum,0.023,0.023,-1,Echolocation,/mnt/ubna_data_01_mir/recover-20220825/UBNA_002/20220823_033000.WAV,Telephone Field,recover-20220825,002,1795
892.2085,892.2483,68437,82424,Rhinolophus ferrumequinum,0.027,0.027,-1,Echolocation,/mnt/ubna_data_01_mir/recover-20220825/UBNA_002/20220823_033000.WAV,Telephone Field,recover-20220825,002,1795
892.2095,892.2173,39218,48100,Pipistrellus nathusii,0.233,0.338,-1,Echolocation,/mnt/ubna_data_01_mir/recover-20220825/UBNA_002/20220823_033000.WAV,Telephone Field,recover-20220825,002,1795
892.2325,892.2415,28046,36069,Eptesicus serotinus,0.009,0.022,-1,Echolocation,/mnt/ubna_data_01_mir/recover-20220825/UBNA_002/20220823_033000.WAV,Telephone Field,recover-20220825,002,1795
892.2705,892.3081999999999,68437,82629,Rhinolophus ferrumequinum,0.023,0.023,-1,Echolocation,/mnt/ubna_data_01_mir/recover-20220825/UBNA_002/20220823_033000.WAV,Telephone Field,recover-20220825,002,1795
892.2715,892.2792,39218,46377,Pipistrellus nathusii,0.183,0.403,-1,Echolocation,/mnt/ubna_data_01_mir/recover-20220825/UBNA_002/20220823_033000.WAV,Telephone Field,recover-20220825,002,1795
892.2755,892.2841,54687,62894,Pipistrellus pygmaeus,0.025,0.026,-1,Echolocation,/mnt/ubna_data_01_mir/recover-20220825/UBNA_002/20220823_033000.WAV,Telephone Field,recover-20220825,002,1795
892.3055,892.3146,28046,36785,Eptesicus serotinus,0.01,0.025,-1,Echolocation,/mnt/ubna_data_01_mir/recover-20220825/UBNA_002/20220823_033000.WAV,Telephone Field,recover-20220825,002,1795
892.3145,892.323,54687,60332,Pipistrellus pygmaeus,0.023,0.024,-1,Echolocation,/mnt/ubna_data_01_mir/recover-20220825/UBNA_002/20220823_033000.WAV,Telephone Field,recover-20220825,002,1795
892.3365,892.3428,39218,48370,Pipistrellus nathusii,0.322,0.428,-1,Echolocation,/mnt/ubna_data_01_mir/recover-20220825/UBNA_002/20220823_033000.WAV,Telephone Field,recover-20220825,002,1795
892.3585,892.3719,23750,27343,Nyctalus leisleri,0.018,0.03,-1,Echolocation,/mnt/ubna_data_01_mir/recover-20220825/UBNA_002/20220823_033000.WAV,Telephone Field,recover-20220825,002,1795
892.4055,892.4449,68437,83211,Rhinolophus ferrumequinum,0.024,0.024,-1,Echolocation,/mnt/ubna_data_01_mir/recover-20220825/UBNA_002/20220823_033000.WAV,Telephone Field,recover-20220825,002,1795
892.4105,892.4185,27187,39585,Eptesicus serotinus,0.008,0.023,-1,Echolocation,/mnt/ubna_data_01_mir/recover-20220825/UBNA_002/20220823_033000.WAV,Telephone Field,recover-20220825,002,1795
892.4645,892.5021,68437,81818,Rhinolophus ferrumequinum,0.03,0.03,-1,Echolocation,/mnt/ubna_data_01_mir/recover-20220825/UBNA_002/20220823_033000.WAV,Telephone Field,recover-20220825,002,1795
892.4745,892.5074,68437,81500,Rhinolophus ferrumequinum,0.024,0.024,-1,Echolocation,/mnt/ubna_data_01_mir/recover-20220825/UBNA_002/20220823_033000.WAV,Telephone Field,recover-20220825,002,1795
892.4955,892.5009,40078,47623,Pipistrellus nathusii,0.314,0.368,-1,Echolocation,/mnt/ubna_data_01_mir/recover-20220825/UBNA_002/20220823_033000.WAV,Telephone Field,recover-20220825,002,1795
892.5215,892.5319,23750,29291,Nyctalus leisleri,0.009,0.024,-1,Echolocation,/mnt/ubna_data_01_mir/recover-20220825/UBNA_002/20220823_033000.WAV,Telephone Field,recover-20220825,002,1795
892.5555,892.5965,68437,82570,Rhinolophus ferrumequinum,0.023,0.023,-1,Echolocation,/mnt/ubna_data_01_mir/recover-20220825/UBNA_002/20220823_033000.WAV,Telephone Field,recover-20220825,002,1795
892.5585,892.5685,28906,36960,Eptesicus serotinus,0.009,0.025,-1,Echolocation,/mnt/ubna_data_01_mir/recover-20220825/UBNA_002/20220823_033000.WAV,Telephone Field,recover-20220825,002,1795
892.5755,892.5817,40937,52984,Pipistrellus nathusii,0.011,0.034,-1,Echolocation,/mnt/ubna_data_01_mir/recover-20220825/UBNA_002/20220823_033000.WAV,Telephone Field,recover-20220825,002,1795
892.5835,892.5903,40937,51162,Myotis brandtii,0.006,0.023,-1,Echolocation,/mnt/ubna_data_01_mir/recover-20220825/UBNA_002/20220823_033000.WAV,Telephone Field,recover-20220825,002,1795
892.5855,892.5927,26328,38818,Eptesicus serotinus,0.008,0.025,-1,Echolocation,/mnt/ubna_data_01_mir/recover-20220825/UBNA_002/20220823_033000.WAV,Telephone Field,recover-20220825,002,1795
892.6355,892.646,34921,40220,Barbastellus barbastellus,0.008,0.026,-1,Echolocation,/mnt/ubna_data_01_mir/recover-20220825/UBNA_002/20220823_033000.WAV,Telephone Field,recover-20220825,002,1795
892.6645,892.6718,38359,45738,Barbastellus barbastellus,0.066,0.107,-1,Echolocation,/mnt/ubna_data_01_mir/recover-20220825/UBNA_002/20220823_033000.WAV,Telephone Field,recover-20220825,002,1795
892.6945,892.7049,27187,35433,Eptesicus serotinus,0.011,0.025,-1,Echolocation,/mnt/ubna_data_01_mir/recover-20220825/UBNA_002/20220823_033000.WAV,Telephone Field,recover-20220825,002,1795
892.7395,892.7468,27187,37878,Eptesicus serotinus,0.007,0.023,-1,Echolocation,/mnt/ubna_data_01_mir/recover-20220825/UBNA_002/20220823_033000.WAV,Telephone Field,recover-20220825,002,1795
892.7525,892.7638,15156,21281,Nyctalus noctula,0.014,0.025,-1,Echolocation,/mnt/ubna_data_01_mir/recover-20220825/UBNA_002/20220823_033000.WAV,Telephone Field,recover-20220825,002,1795
892.7675,892.8092,68437,82955,Rhinolophus ferrumequinum,0.035,0.035,-1,Echolocation,/mnt/ubna_data_01_mir/recover-20220825/UBNA_002/20220823_033000.WAV,Telephone Field,recover-20220825,002,1795
892.8045,892.8447,68437,82497,Rhinolophus ferrumequinum,0.023,0.023,-1,Echolocation,/mnt/ubna_data_01_mir/recover-20220825/UBNA_002/20220823_033000.WAV,Telephone Field,recover-20220825,002,1795
892.8195,892.8265,35781,46550,Myotis brandtii,0.006,0.024,-1,Echolocation,/mnt/ubna_data_01_mir/recover-20220825/UBNA_002/20220823_033000.WAV,Telephone Field,recover-20220825,002,1795
892.8505,892.8619,40078,43357,Pipistrellus nathusii,0.044,0.053,-1,Echolocation,/mnt/ubna_data_01_mir/recover-20220825/UBNA_002/20220823_033000.WAV,Telephone Field,recover-20220825,002,1795
892.8785,892.9153,68437,81859,Rhinolophus ferrumequinum,0.026,0.026,-1,Echolocation,/mnt/ubna_data_01_mir/recover-20220825/UBNA_002/20220823_033000.WAV,Telephone Field,recover-20220825,002,1795
892.9265,892.9361,25468,33812,Eptesicus serotinus,0.011,0.025,-1,Echolocation,/mnt/ubna_data_01_mir/recover-20220825/UBNA_002/20220823_033000.WAV,Telephone Field,recover-20220825,002,1795
892.9375,892.9454,27187,37771,Eptesicus serotinus,0.008,0.025,-1,Echolocation,/mnt/ubna_data_01_mir/recover-20220825/UBNA_002/20220823_033000.WAV,Telephone Field,recover-20220825,002,1795
892.9495,892.9573,39218,45971,Pipistrellus nathusii,0.016,0.03,-1,Echolocation,/mnt/ubna_data_01_mir/recover-20220825/UBNA_002/20220823_033000.WAV,Telephone Field,recover-20220825,002,1795
892.9735000000001,893.0072,68437,80374,Rhinolophus ferrumequinum,0.023,0.023,-1,Echolocation,/mnt/ubna_data_01_mir/recover-20220825/UBNA_002/20220823_033000.WAV,Telephone Field,recover-20220825,002,1795
893.0315,893.038,34921,45947,Barbastellus barbastellus,0.015,0.038,-1,Echolocation,/mnt/ubna_data_01_mir/recover-20220825/UBNA_002/20220823_033000.WAV,Telephone Field,recover-20220825,002,1795
893.0325,893.0394,25468,40223,Eptesicus serotinus,0.008,0.028,-1,Echolocation,/mnt/ubna_data_01_mir/recover-20220825/UBNA_002/20220823_033000.WAV,Telephone Field,recover-20220825,002,1795
893.0865,893.1271,68437,82389,Rhinolophus ferrumequinum,0.024,0.024,-1,Echolocation,/mnt/ubna_data_01_mir/recover-20220825/UBNA_002/20220823_033000.WAV,Telephone Field,recover-20220825,002,1795
893.1115,893.1189,29765,42917,Myotis daubentonii,0.009,0.028,-1,Echolocation,/mnt/ubna_data_01_mir/recover-20220825/UBNA_002/20220823_033000.WAV,Telephone Field,recover-20220825,002,1795
893.1495,893.1604,40078,44202,Pipistrellus nathusii,0.023,0.032,-1,Echolocation,/mnt/ubna_data_01_mir/recover-20220825/UBNA_002/20220823_033000.WAV,Telephone Field,recover-20220825,002,1795
893.1805,893.1901,23750,30867,Nyctalus leisleri,0.007,0.024,-1,Echolocation,/mnt/ubna_data_01_mir/recover-20220825/UBNA_002/20220823_033000.WAV,Telephone Field,recover-20220825,002,1795
893.2015,893.2383,68437,82129,Rhinolophus ferrumequinum,0.023,0.023,-1,Echolocation,/mnt/ubna_data_01_mir/recover-20220825/UBNA_002/20220823_033000.WAV,Telephone Field,recover-20220825,002,1795
893.2795,893.299,18593,22321,Nyctalus noctula,0.023,0.037,-1,Echolocation,/mnt/ubna_data_01_mir/recover-20220825/UBNA_002/20220823_033000.WAV,Telephone Field,recover-20220825,002,1795
893.2805,893.289,50390,59296,Pipistrellus pipistrellus,0.016,0.023,-1,Echolocation,/mnt/ubna_data_01_mir/recover-20220825/UBNA_002/20220823_033000.WAV,Telephone Field,recover-20220825,002,1795
893.2875,893.2953,28046,36928,Eptesicus serotinus,0.008,0.023,-1,Echolocation,/mnt/ubna_data_01_mir/recover-20220825/UBNA_002/20220823_033000.WAV,Telephone Field,recover-20220825,002,1795
893.3065,893.3428,68437,82083,Rhinolophus ferrumequinum,0.024,0.024,-1,Echolocation,/mnt/ubna_data_01_mir/recover-20220825/UBNA_002/20220823_033000.WAV,Telephone Field,recover-20220825,002,1795
893.3155,893.323,39218,46403,Barbastellus barbastellus,0.018,0.039,-1,Echolocation,/mnt/ubna_data_01_mir/recover-20220825/UBNA_002/20220823_033000.WAV,Telephone Field,recover-20220825,002,1795
893.3155,893.3215,30625,46035,Barbastellus barbastellus,0.022,0.06,-1,Echolocation,/mnt/ubna_data_01_mir/recover-20220825/UBNA_002/20220823_033000.WAV,Telephone Field,recover-20220825,002,1795
893.3315,893.3384,55546,60521,Pipistrellus pygmaeus,0.024,0.024,-1,Echolocation,/mnt/ubna_data_01_mir/recover-20220825/UBNA_002/20220823_033000.WAV,Telephone Field,recover-20220825,002,1795
893.3415,893.3782,68437,81483,Rhinolophus ferrumequinum,0.023,0.023,-1,Echolocation,/mnt/ubna_data_01_mir/recover-20220825/UBNA_002/20220823_033000.WAV,Telephone Field,recover-20220825,002,1795
893.3655,893.3725,26328,35525,Eptesicus serotinus,0.009,0.028,-1,Echolocation,/mnt/ubna_data_01_mir/recover-20220825/UBNA_002/20220823_033000.WAV,Telephone Field,recover-20220825,002,1795
893.4055,893.4126,39218,49350,Pipistrellus nathusii,0.078,0.184,-1,Echolocation,/mnt/ubna_data_01_mir/recover-20220825/UBNA_002/20220823_033000.WAV,Telephone Field,recover-20220825,002,1795
893.4385,893.4463,56406,63893,Pipistrellus pygmaeus,0.035,0.036,-1,Echolocation,/mnt/ubna_data_01_mir/recover-20220825/UBNA_002/20220823_033000.WAV,Telephone Field,recover-20220825,002,1795
893.4465,893.4545,27187,37130,Eptesicus serotinus,0.01,0.024,-1,Echolocation,/mnt/ubna_data_01_mir/recover-20220825/UBNA_002/20220823_033000.WAV,Telephone Field,recover-20220825,002,1795
893.4855,893.493,40078,47044,Pipistrellus nathusii,0.212,0.316,-1,Echolocation,/mnt/ubna_data_01_mir/recover-20220825/UBNA_002/20220823_033000.WAV,Telephone Field,recover-20220825,002,1795
893.5205,893.5275,55546,62123,Pipistrellus pygmaeus,0.023,0.024,-1,Echolocation,/mnt/ubna_data_01_mir/recover-20220825/UBNA_002/20220823_033000.WAV,Telephone Field,recover-20220825,002,1795
893.5825,893.5891,39218,46597,Pipistrellus nathusii,0.178,0.297,-1,Echolocation,/mnt/ubna_data_01_mir/recover-20220825/UBNA_002/20220823_033000.WAV,Telephone Field,recover-20220825,002,1795
893.6055,893.6441,68437,82095,Rhinolophus ferrumequinum,0.024,0.024,-1,Echolocation,/mnt/ubna_data_01_mir/recover-20220825/UBNA_002/20220823_033000.WAV,Telephone Field,recover-20220825,002,1795
893.6095,893.6173,34062,40790,Barbastellus barbastellus,0.009,0.024,-1,Echolocation,/mnt/ubna_data_01_mir/recover-20220825/UBNA_002/20220823_033000.WAV,Telephone Field,recover-20220825,002,1795
893.6125,893.6204,28046,36501,Eptesicus serotinus,0.011,0.029,-1,Echolocation,/mnt/ubna_data_01_mir/recover-20220825/UBNA_002/20220823_033000.WAV,Telephone Field,recover-20220825,002,1795
893.6385,893.6446,36640,51145,Myotis brandtii,0.008,0.022,-1,Echolocation,/mnt/ubna_data_01_mir/recover-20220825/UBNA_002/20220823_033000.WAV,Telephone Field,recover-20220825,002,1795
893.6535,893.6595,40078,47502,Pipistrellus nathusii,0.355,0.431,-1,Echolocation,/mnt/ubna_data_01_mir/recover-20220825/UBNA_002/20220823_033000.WAV,Telephone Field,recover-20220825,002,1795
893.7165,893.7242,40078,46276,Barbastellus barbastellus,0.091,0.21,-1,Echolocation,/mnt/ubna_data_01_mir/recover-20220825/UBNA_002/20220823_033000.WAV,Telephone Field,recover-20220825,002,1795
893.7465,893.7853,68437,81775,Rhinolophus ferrumequinum,0.024,0.024,-1,Echolocation,/mnt/ubna_data_01_mir/recover-20220825/UBNA_002/20220823_033000.WAV,Telephone Field,recover-20220825,002,1795
893.7515,893.7584,30625,43946,Myotis daubentonii,0.009,0.025,-1,Echolocation,/mnt/ubna_data_01_mir/recover-20220825/UBNA_002/20220823_033000.WAV,Telephone Field,recover-20220825,002,1795
893.7825,893.8222,68437,82561,Rhinolophus ferrumequinum,0.029,0.029,-1,Echolocation,/mnt/ubna_data_01_mir/recover-20220825/UBNA_002/20220823_033000.WAV,Telephone Field,recover-20220825,002,1795
893.7955,893.8018,39218,48705,Pipistrellus nathusii,0.333,0.479,-1,Echolocation,/mnt/ubna_data_01_mir/recover-20220825/UBNA_002/20220823_033000.WAV,Telephone Field,recover-20220825,002,1795
893.8195,893.8555,68437,82034,Rhinolophus ferrumequinum,0.024,0.024,-1,Echolocation,/mnt/ubna_data_01_mir/recover-20220825/UBNA_002/20220823_033000.WAV,Telephone Field,recover-20220825,002,1795
893.8345,893.8426,40078,47568,Pipistrellus nathusii,0.009,0.025,-1,Echolocation,/mnt/ubna_data_01_mir/recover-20220825/UBNA_002/20220823_033000.WAV,Telephone Field,recover-20220825,002,1795
893.8765,893.883,58125,64521,Pipistrellus pygmaeus,0.036,0.037,-1,Echolocation,/mnt/ubna_data_01_mir/recover-20220825/UBNA_002/20220823_033000.WAV,Telephone Field,recover-20220825,002,1795
893.8825,893.8894,39218,47967,Pipistrellus nathusii,0.419,0.55,-1,Echolocation,/mnt/ubna_data_01_mir/recover-20220825/UBNA_002/20220823_033000.WAV,Telephone Field,recover-20220825,002,1795
893.8845,893.9201,68437,81337,Rhinolophus ferrumequinum,0.022,0.022,-1,Echolocation,/mnt/ubna_data_01_mir/recover-20220825/UBNA_002/20220823_033000.WAV,Telephone Field,recover-20220825,002,1795
893.9505,893.9904,68437,82345,Rhinolophus ferrumequinum,0.025,0.025,-1,Echolocation,/mnt/ubna_data_01_mir/recover-20220825/UBNA_002/20220823_033000.WAV,Telephone Field,recover-20220825,002,1795
893.9575,893.9647,23750,32353,Plecotus austriacus,0.009,0.029,-1,Echolocation,/mnt/ubna_data_01_mir/recover-20220825/UBNA_002/20220823_033000.WAV,Telephone Field,recover-20220825,002,1795
893.9625,893.9677,37500,67117,Myotis brandtii,0.015,0.027,-1,Echolocation,/mnt/ubna_data_01_mir/recover-20220825/UBNA_002/20220823_033000.WAV,Telephone Field,recover-20220825,002,1795
893.9745,893.9903,17734,22925,Nyctalus noctula,0.013,0.024,-1,Echolocation,/mnt/ubna_data_01_mir/recover-20220825/UBNA_002/20220823_033000.WAV,Telephone Field,recover-20220825,002,1795
893.9765,893.983,39218,54042,Pipistrellus nathusii,0.239,0.457,-1,Echolocation,/mnt/ubna_data_01_mir/recover-20220825/UBNA_002/20220823_033000.WAV,Telephone Field,recover-20220825,002,1795
893.9865,893.9938,26328,35684,Eptesicus serotinus,0.007,0.023,-1,Echolocation,/mnt/ubna_data_01_mir/recover-20220825/UBNA_002/20220823_033000.WAV,Telephone Field,recover-20220825,002,1795
894.0015,894.013,46093,52860,Pipistrellus pipistrellus,0.02,0.027,-1,Echolocation,/mnt/ubna_data_01_mir/recover-20220825/UBNA_002/20220823_033000.WAV,Telephone Field,recover-20220825,002,1795
894.0015,894.0332,68437,79841,Rhinolophus ferrumequinum,0.041,0.041,-1,Echolocation,/mnt/ubna_data_01_mir/recover-20220825/UBNA_002/20220823_033000.WAV,Telephone Field,recover-20220825,002,1795
894.0015,894.0108,22031,28605,Nyctalus leisleri,0.009,0.026,-1,Echolocation,/mnt/ubna_data_01_mir/recover-20220825/UBNA_002/20220823_033000.WAV,Telephone Field,recover-20220825,002,1795
894.0025,894.0186,11718,17633,Nyctalus leisleri,0.075,0.086,-1,Echolocation,/mnt/ubna_data_01_mir/recover-20220825/UBNA_002/20220823_033000.WAV,Telephone Field,recover-20220825,002,1795
894.0085,894.0184,44375,53846,Pipistrellus pipistrellus,0.017,0.028,-1,Echolocation,/mnt/ubna_data_01_mir/recover-20220825/UBNA_002/20220823_033000.WAV,Telephone Field,recover-20220825,002,1795
894.0135,894.0244,28046,36502,Eptesicus serotinus,0.015,0.032,-1,Echolocation,/mnt/ubna_data_01_mir/recover-20220825/UBNA_002/20220823_033000.WAV,Telephone Field,recover-20220825,002,1795
894.0365,894.0772,68437,82455,Rhinolophus ferrumequinum,0.023,0.023,-1,Echolocation,/mnt/ubna_data_01_mir/recover-20220825/UBNA_002/20220823_033000.WAV,Telephone Field,recover-20220825,002,1795
894.0615,894.0678,39218,51807,Pipistrellus nathusii,0.285,0.419,-1,Echolocation,/mnt/ubna_data_01_mir/recover-20220825/UBNA_002/20220823_033000.WAV,Telephone Field,recover-20220825,002,1795
894.1315,894.1702,68437,82292,Rhinolophus ferrumequinum,0.028,0.028,-1,Echolocation,/mnt/ubna_data_01_mir/recover-20220825/UBNA_002/20220823_033000.WAV,Telephone Field,recover-20220825,002,1795
894.1395,894.1485,24609,30570,Nyctalus leisleri,0.008,0.023,-1,Echolocation,/mnt/ubna_data_01_mir/recover-20220825/UBNA_002/20220823_033000.WAV,Telephone Field,recover-20220825,002,1795
894.1505,894.1554,36640,51488,Pipistrellus nathusii,0.144,0.435,-1,Echolocation,/mnt/ubna_data_01_mir/recover-20220825/UBNA_002/20220823_033000.WAV,Telephone Field,recover-20220825,002,1795
894.1795,894.2157,68437,80958,Rhinolophus ferrumequinum,0.04,0.041,-1,Echolocation,/mnt/ubna_data_01_mir/recover-20220825/UBNA_002/20220823_033000.WAV,Telephone Field,recover-20220825,002,1795
894.2365,894.2417,35781,58162,Myotis brandtii,0.15,0.347,-1,Echolocation,/mnt/ubna_data_01_mir/recover-20220825/UBNA_002/20220823_033000.WAV,Telephone Field,recover-20220825,002,1795
894.2605,894.2948,68437,81859,Rhinolophus ferrumequinum,0.023,0.023,-1,Echolocation,/mnt/ubna_data_01_mir/recover-20220825/UBNA_002/20220823_033000.WAV,Telephone Field,recover-20220825,002,1795
894.2915,894.3323,68437,82267,Rhinolophus ferrumequinum,0.023,0.023,-1,Echolocation,/mnt/ubna_data_01_mir/recover-20220825/UBNA_002/20220823_033000.WAV,Telephone Field,recover-20220825,002,1795
894.3005,894.3423,68437,83020,Rhinolophus ferrumequinum,0.028,0.028,-1,Echolocation,/mnt/ubna_data_01_mir/recover-20220825/UBNA_002/20220823_033000.WAV,Telephone Field,recover-20220825,002,1795
894.3065,894.3148,26328,34470,Eptesicus serotinus,0.01,0.031,-1,Echolocation,/mnt/ubna_data_01_mir/recover-20220825/UBNA_002/20220823_033000.WAV,Telephone Field,recover-20220825,002,1795
894.3245,894.3316,41796,48160,Pipistrellus nathusii,0.418,0.486,-1,Echolocation,/mnt/ubna_data_01_mir/recover-20220825/UBNA_002/20220823_033000.WAV,Telephone Field,recover-20220825,002,1795
894.3335,894.3439,27187,33402,Eptesicus serotinus,0.011,0.025,-1,Echolocation,/mnt/ubna_data_01_mir/recover-20220825/UBNA_002/20220823_033000.WAV,Telephone Field,recover-20220825,002,1795
894.3795,894.4215,68437,83834,Rhinolophus ferrumequinum,0.036,0.036,-1,Echolocation,/mnt/ubna_data_01_mir/recover-20220825/UBNA_002/20220823_033000.WAV,Telephone Field,recover-20220825,002,1795
894.4175,894.4257,42656,49330,Pipistrellus nathusii,0.026,0.041,-1,Echolocation,/mnt/ubna_data_01_mir/recover-20220825/UBNA_002/20220823_033000.WAV,Telephone Field,recover-20220825,002,1795
894.4185,894.425,26328,39183,Eptesicus serotinus,0.005,0.024,-1,Echolocation,/mnt/ubna_data_01_mir/recover-20220825/UBNA_002/20220823_033000.WAV,Telephone Field,recover-20220825,002,1795
894.4575,894.4661,52968,58371,Pipistrellus pygmaeus,0.025,0.027,-1,Echolocation,/mnt/ubna_data_01_mir/recover-20220825/UBNA_002/20220823_033000.WAV,Telephone Field,recover-20220825,002,1795
894.4595,894.5022,68437,83166,Rhinolophus ferrumequinum,0.041,0.041,-1,Echolocation,/mnt/ubna_data_01_mir/recover-20220825/UBNA_002/20220823_033000.WAV,Telephone Field,recover-20220825,002,1795
894.4615,894.4702,37500,44951,Pipistrellus nathusii,0.012,0.029,-1,Echolocation,/mnt/ubna_data_01_mir/recover-20220825/UBNA_002/20220823_033000.WAV,Telephone Field,recover-20220825,002,1795
894.4795,894.5159,68437,81404,Rhinolophus ferrumequinum,0.023,0.023,-1,Echolocation,/mnt/ubna_data_01_mir/recover-20220825/UBNA_002/20220823_033000.WAV,Telephone Field,recover-20220825,002,1795
894.4825,894.4933,23750,30782,Nyctalus leisleri,0.01,0.03,-1,Echolocation,/mnt/ubna_data_01_mir/recover-20220825/UBNA_002/20220823_033000.WAV,Telephone Field,recover-20220825,002,1795
894.5015,894.5095,40078,50660,Pipistrellus nathusii,0.013,0.029,-1,Echolocation,/mnt/ubna_data_01_mir/recover-20220825/UBNA_002/20220823_033000.WAV,Telephone Field,recover-20220825,002,1795
894.5055,894.5392,68437,80463,Rhinolophus ferrumequinum,0.023,0.023,-1,Echolocation,/mnt/ubna_data_01_mir/recover-20220825/UBNA_002/20220823_033000.WAV,Telephone Field,recover-20220825,002,1795
894.5135,894.5458,68437,80839,Rhinolophus ferrumequinum,0.022,0.023,-1,Echolocation,/mnt/ubna_data_01_mir/recover-20220825/UBNA_002/20220823_033000.WAV,Telephone Field,recover-20220825,002,1795
894.5325,894.5394,27187,38902,Eptesicus serotinus,0.007,0.023,-1,Echolocation,/mnt/ubna_data_01_mir/recover-20220825/UBNA_002/20220823_033000.WAV,Telephone Field,recover-20220825,002,1795
894.5355,894.5719,68437,82172,Rhinolophus ferrumequinum,0.024,0.024,-1,Echolocation,/mnt/ubna_data_01_mir/recover-20220825/UBNA_002/20220823_033000.WAV,Telephone Field,recover-20220825,002,1795
894.5655,894.5752,27187,35810,Eptesicus serotinus,0.011,0.025,-1,Echolocation,/mnt/ubna_data_01_mir/recover-20220825/UBNA_002/20220823_033000.WAV,Telephone Field,recover-20220825,002,1795
894.6015,894.6349,68437,80725,Rhinolophus ferrumequinum,0.023,0.023,-1,Echolocation,/mnt/ubna_data_01_mir/recover-20220825/UBNA_002/20220823_033000.WAV,Telephone Field,recover-20220825,002,1795
894.6105,894.6475,68437,82075,Rhinolophus ferrumequinum,0.028,0.028,-1,Echolocation,/mnt/ubna_data_01_mir/recover-20220825/UBNA_002/20220823_033000.WAV,Telephone Field,recover-20220825,002,1795
894.6175,894.6257,26328,37089,Eptesicus serotinus,0.009,0.023,-1,Echolocation,/mnt/ubna_data_01_mir/recover-20220825/UBNA_002/20220823_033000.WAV,Telephone Field,recover-20220825,002,1795
894.6355,894.6737,68437,82271,Rhinolophus ferrumequinum,0.024,0.024,-1,Echolocation,/mnt/ubna_data_01_mir/recover-20220825/UBNA_002/20220823_033000.WAV,Telephone Field,recover-20220825,002,1795
894.6625,894.6812,20312,24045,Nyctalus noctula,0.043,0.087,-1,Echolocation,/mnt/ubna_data_01_mir/recover-20220825/UBNA_002/20220823_033000.WAV,Telephone Field,recover-20220825,002,1795
894.6665,894.6743,39218,51191,Pipistrellus nathusii,0.009,0.027,-1,Echolocation,/mnt/ubna_data_01_mir/recover-20220825/UBNA_002/20220823_033000.WAV,Telephone Field,recover-20220825,002,1795
894.7095,894.7478,68437,82219,Rhinolophus ferrumequinum,0.023,0.023,-1,Echolocation,/mnt/ubna_data_01_mir/recover-20220825/UBNA_002/20220823_033000.WAV,Telephone Field,recover-20220825,002,1795
894.7475,894.7552,27187,36252,Eptesicus serotinus,0.011,0.028,-1,Echolocation,/mnt/ubna_data_01_mir/recover-20220825/UBNA_002/20220823_033000.WAV,Telephone Field,recover-20220825,002,1795
894.7835,894.8225,68437,82187,Rhinolophus ferrumequinum,0.023,0.023,-1,Echolocation,/mnt/ubna_data_01_mir/recover-20220825/UBNA_002/20220823_033000.WAV,Telephone Field,recover-20220825,002,1795
894.8025,894.8134,24609,31373,Eptesicus serotinus,0.01,0.024,-1,Echolocation,/mnt/ubna_data_01_mir/recover-20220825/UBNA_002/20220823_033000.WAV,Telephone Field,recover-20220825,002,1795
894.8325,894.8661,68437,81383,Rhinolophus ferrumequinum,0.023,0.023,-1,Echolocation,/mnt/ubna_data_01_mir/recover-20220825/UBNA_002/20220823_033000.WAV,Telephone Field,recover-20220825,002,1795
894.8435,894.862,20312,23769,Nyctalus leisleri,0.014,0.03,-1,Echolocation,/mnt/ubna_data_01_mir/recover-20220825/UBNA_002/20220823_033000.WAV,Telephone Field,recover-20220825,002,1795
894.8585,894.8976,68437,82212,Rhinolophus ferrumequinum,0.023,0.023,-1,Echolocation,/mnt/ubna_data_01_mir/recover-20220825/UBNA_002/20220823_033000.WAV,Telephone Field,recover-20220825,002,1795
894.8635,894.8691,24609,35925,Plecotus auritus,0.022,0.061,-1,Echolocation,/mnt/ubna_data_01_mir/recover-20220825/UBNA_002/20220823_033000.WAV,Telephone Field,recover-20220825,002,1795
894.8745,894.8859,22890,26986,Nyctalus leisleri,0.018,0.031,-1,Echolocation,/mnt/ubna_data_01_mir/recover-20220825/UBNA_002/20220823_033000.WAV,Telephone Field,recover-20220825,002,1795
894.8815,894.9196,68437,82168,Rhinolophus ferrumequinum,0.023,0.023,-1,Echolocation,/mnt/ubna_data_01_mir/recover-20220825/UBNA_002/20220823_033000.WAV,Telephone Field,recover-20220825,002,1795
894.8895,894.8961,28046,40619,Eptesicus serotinus,0.006,0.023,-1,Echolocation,/mnt/ubna_data_01_mir/recover-20220825/UBNA_002/20220823_033000.WAV,Telephone Field,recover-20220825,002,1795
894.9135,894.919,28046,41364,Myotis daubentonii,0.007,0.034,-1,Echolocation,/mnt/ubna_data_01_mir/recover-20220825/UBNA_002/20220823_033000.WAV,Telephone Field,recover-20220825,002,1795
894.9475,894.9549,27187,38863,Eptesicus serotinus,0.008,0.024,-1,Echolocation,/mnt/ubna_data_01_mir/recover-20220825/UBNA_002/20220823_033000.WAV,Telephone Field,recover-20220825,002,1795
894.9715,894.981,27187,36222,Eptesicus serotinus,0.011,0.026,-1,Echolocation,/mnt/ubna_data_01_mir/recover-20220825/UBNA_002/20220823_033000.WAV,Telephone Field,recover-20220825,002,1795
894.9845,895.0215,68437,82174,Rhinolophus ferrumequinum,0.023,0.023,-1,Echolocation,/mnt/ubna_data_01_mir/recover-20220825/UBNA_002/20220823_033000.WAV,Telephone Field,recover-20220825,002,1795
894.9915,895.0006,25468,32729,Eptesicus serotinus,0.009,0.025,-1,Echolocation,/mnt/ubna_data_01_mir/recover-20220825/UBNA_002/20220823_033000.WAV,Telephone Field,recover-20220825,002,1795
895.0365,895.0436,26328,37628,Eptesicus serotinus,0.007,0.028,-1,Echolocation,/mnt/ubna_data_01_mir/recover-20220825/UBNA_002/20220823_033000.WAV,Telephone Field,recover-20220825,002,1795
895.0565,895.0954,68437,82109,Rhinolophus ferrumequinum,0.024,0.024,-1,Echolocation,/mnt/ubna_data_01_mir/recover-20220825/UBNA_002/20220823_033000.WAV,Telephone Field,recover-20220825,002,1795
895.1105,895.1177,57265,61876,Pipistrellus pygmaeus,0.027,0.028,-1,Echolocation,/mnt/ubna_data_01_mir/recover-20220825/UBNA_002/20220823_033000.WAV,Telephone Field,recover-20220825,002,1795
895.1375,895.1471,41796,47421,Pipistrellus nathusii,0.023,0.039,-1,Echolocation,/mnt/ubna_data_01_mir/recover-20220825/UBNA_002/20220823_033000.WAV,Telephone Field,recover-20220825,002,1795
895.1605,895.1714,40078,44711,Pipistrellus nathusii,0.138,0.156,-1,Echolocation,/mnt/ubna_data_01_mir/recover-20220825/UBNA_002/20220823_033000.WAV,Telephone Field,recover-20220825,002,1795
895.1755,895.186,28046,36702,Eptesicus serotinus,0.025,0.042,-1,Echolocation,/mnt/ubna_data_01_mir/recover-20220825/UBNA_002/20220823_033000.WAV,Telephone Field,recover-20220825,002,1795
895.2105,895.2243,23750,27584,Nyctalus leisleri,0.043,0.082,-1,Echolocation,/mnt/ubna_data_01_mir/recover-20220825/UBNA_002/20220823_033000.WAV,Telephone Field,recover-20220825,002,1795
895.2425,895.2511,44375,54323,Pipistrellus pipistrellus,0.01,0.024,-1,Echolocation,/mnt/ubna_data_01_mir/recover-20220825/UBNA_002/20220823_033000.WAV,Telephone Field,recover-20220825,002,1795
895.3045,895.3141,28046,37818,Eptesicus serotinus,0.01,0.024,-1,Echolocation,/mnt/ubna_data_01_mir/recover-20220825/UBNA_002/20220823_033000.WAV,Telephone Field,recover-20220825,002,1795
895.3055,895.3164,32343,39533,Eptesicus serotinus,0.006,0.026,-1,Echolocation,/mnt/ubna_data_01_mir/recover-20220825/UBNA_002/20220823_033000.WAV,Telephone Field,recover-20220825,002,1795
895.3485000000001,895.3591,39218,45231,Pipistrellus nathusii,0.304,0.353,-1,Echolocation,/mnt/ubna_data_01_mir/recover-20220825/UBNA_002/20220823_033000.WAV,Telephone Field,recover-20220825,002,1795
895.3925,895.4321,68437,82541,Rhinolophus ferrumequinum,0.03,0.03,-1,Echolocation,/mnt/ubna_data_01_mir/recover-20220825/UBNA_002/20220823_033000.WAV,Telephone Field,recover-20220825,002,1795
895.4065,895.4177999999999,15156,21075,Nyctalus noctula,0.018,0.029,-1,Echolocation,/mnt/ubna_data_01_mir/recover-20220825/UBNA_002/20220823_033000.WAV,Telephone Field,recover-20220825,002,1795
895.4085,895.416,27187,40904,Eptesicus serotinus,0.009,0.028,-1,Echolocation,/mnt/ubna_data_01_mir/recover-20220825/UBNA_002/20220823_033000.WAV,Telephone Field,recover-20220825,002,1795
895.4085,895.4194,37500,43311,Pipistrellus nathusii,0.018,0.033,-1,Echolocation,/mnt/ubna_data_01_mir/recover-20220825/UBNA_002/20220823_033000.WAV,Telephone Field,recover-20220825,002,1795
895.4445,895.4537,39218,46912,Pipistrellus nathusii,0.014,0.03,-1,Echolocation,/mnt/ubna_data_01_mir/recover-20220825/UBNA_002/20220823_033000.WAV,Telephone Field,recover-20220825,002,1795
895.4475,895.454,31484,45800,Myotis daubentonii,0.014,0.031,-1,Echolocation,/mnt/ubna_data_01_mir/recover-20220825/UBNA_002/20220823_033000.WAV,Telephone Field,recover-20220825,002,1795
895.4525,895.4946,68437,82524,Rhinolophus ferrumequinum,0.025,0.025,-1,Echolocation,/mnt/ubna_data_01_mir/recover-20220825/UBNA_002/20220823_033000.WAV,Telephone Field,recover-20220825,002,1795
895.4985,895.5085,24609,32051,Nyctalus leisleri,0.008,0.026,-1,Echolocation,/mnt/ubna_data_01_mir/recover-20220825/UBNA_002/20220823_033000.WAV,Telephone Field,recover-20220825,002,1795
895.5345,895.5427,41796,50277,Pipistrellus nathusii,0.011,0.026,-1,Echolocation,/mnt/ubna_data_01_mir/recover-20220825/UBNA_002/20220823_033000.WAV,Telephone Field,recover-20220825,002,1795
895.5525,895.5898,68437,82301,Rhinolophus ferrumequinum,0.024,0.024,-1,Echolocation,/mnt/ubna_data_01_mir/recover-20220825/UBNA_002/20220823_033000.WAV,Telephone Field,recover-20220825,002,1795
895.6155,895.6545,68437,82682,Rhinolophus ferrumequinum,0.027,0.027,-1,Echolocation,/mnt/ubna_data_01_mir/recover-20220825/UBNA_002/20220823_033000.WAV,Telephone Field,recover-20220825,002,1795
895.6355,895.6457,39218,43627,Pipistrellus nathusii,0.042,0.056,-1,Echolocation,/mnt/ubna_data_01_mir/recover-20220825/UBNA_002/20220823_033000.WAV,Telephone Field,recover-20220825,002,1795
895.6975,895.7061,27187,37708,Eptesicus serotinus,0.008,0.024,-1,Echolocation,/mnt/ubna_data_01_mir/recover-20220825/UBNA_002/20220823_033000.WAV,Telephone Field,recover-20220825,002,1795
895.7275,895.7678,68437,81837,Rhinolophus ferrumequinum,0.023,0.023,-1,Echolocation,/mnt/ubna_data_01_mir/recover-20220825/UBNA_002/20220823_033000.WAV,Telephone Field,recover-20220825,002,1795
895.7415,895.7593,20312,23878,Nyctalus leisleri,0.015,0.029,-1,Echolocation,/mnt/ubna_data_01_mir/recover-20220825/UBNA_002/20220823_033000.WAV,Telephone Field,recover-20220825,002,1795
895.7575,895.7683,22890,28774,Nyctalus leisleri,0.011,0.028,-1,Echolocation,/mnt/ubna_data_01_mir/recover-20220825/UBNA_002/20220823_033000.WAV,Telephone Field,recover-20220825,002,1795
895.7735,895.7819,26328,34690,Eptesicus serotinus,0.01,0.024,-1,Echolocation,/mnt/ubna_data_01_mir/recover-20220825/UBNA_002/20220823_033000.WAV,Telephone Field,recover-20220825,002,1795
895.8035,895.8433,68437,82068,Rhinolophus ferrumequinum,0.026,0.026,-1,Echolocation,/mnt/ubna_data_01_mir/recover-20220825/UBNA_002/20220823_033000.WAV,Telephone Field,recover-20220825,002,1795
895.8215,895.8285,37500,45451,Pipistrellus nathusii,0.39,0.539,-1,Echolocation,/mnt/ubna_data_01_mir/recover-20220825/UBNA_002/20220823_033000.WAV,Telephone Field,recover-20220825,002,1795
895.8465,895.8548,22890,30764,Plecotus austriacus,0.019,0.053,-1,Echolocation,/mnt/ubna_data_01_mir/recover-20220825/UBNA_002/20220823_033000.WAV,Telephone Field,recover-20220825,002,1795
895.8465,895.8883,68437,82789,Rhinolophus ferrumequinum,0.036,0.036,-1,Echolocation,/mnt/ubna_data_01_mir/recover-20220825/UBNA_002/20220823_033000.WAV,Telephone Field,recover-20220825,002,1795
895.8915,895.9014,27187,35913,Eptesicus serotinus,0.026,0.042,-1,Echolocation,/mnt/ubna_data_01_mir/recover-20220825/UBNA_002/20220823_033000.WAV,Telephone Field,recover-20220825,002,1795
895.8995,895.9384,68437,82244,Rhinolophus ferrumequinum,0.023,0.023,-1,Echolocation,/mnt/ubna_data_01_mir/recover-20220825/UBNA_002/20220823_033000.WAV,Telephone Field,recover-20220825,002,1795
895.9135,895.9494,68437,81930,Rhinolophus ferrumequinum,0.023,0.023,-1,Echolocation,/mnt/ubna_data_01_mir/recover-20220825/UBNA_002/20220823_033000.WAV,Telephone Field,recover-20220825,002,1795
895.9225,895.9299,40078,48851,Myotis daubentonii,0.009,0.028,-1,Echolocation,/mnt/ubna_data_01_mir/recover-20220825/UBNA_002/20220823_033000.WAV,Telephone Field,recover-20220825,002,1795
895.9475,895.9864,68437,82392,Rhinolophus ferrumequinum,0.023,0.023,-1,Echolocation,/mnt/ubna_data_01_mir/recover-20220825/UBNA_002/20220823_033000.WAV,Telephone Field,recover-20220825,002,1795
895.9705,895.9791,26328,35534,Eptesicus serotinus,0.011,0.034,-1,Echolocation,/mnt/ubna_data_01_mir/recover-20220825/UBNA_002/20220823_033000.WAV,Telephone Field,recover-20220825,002,1795
896.0015,896.0098,23750,33112,Nyctalus leisleri,0.009,0.031,-1,Echolocation,/mnt/ubna_data_01_mir/recover-20220825/UBNA_002/20220823_033000.WAV,Telephone Field,recover-20220825,002,1795
896.0015,896.0319,68437,79735,Rhinolophus ferrumequinum,0.023,0.023,-1,Echolocation,/mnt/ubna_data_01_mir/recover-20220825/UBNA_002/20220823_033000.WAV,Telephone Field,recover-20220825,002,1795
896.0015,896.0081,46093,51140,Pipistrellus pipistrellus,0.014,0.021,-1,Echolocation,/mnt/ubna_data_01_mir/recover-20220825/UBNA_002/20220823_033000.WAV,Telephone Field,recover-20220825,002,1795
896.0315,896.0378,27187,44887,Eptesicus serotinus,0.007,0.026,-1,Echolocation,/mnt/ubna_data_01_mir/recover-20220825/UBNA_002/20220823_033000.WAV,Telephone Field,recover-20220825,002,1795
896.0395,896.0797,68437,82600,Rhinolophus ferrumequinum,0.023,0.023,-1,Echolocation,/mnt/ubna_data_01_mir/recover-20220825/UBNA_002/20220823_033000.WAV,Telephone Field,recover-20220825,002,1795
896.0505,896.09,68437,82430,Rhinolophus ferrumequinum,0.027,0.027,-1,Echolocation,/mnt/ubna_data_01_mir/recover-20220825/UBNA_002/20220823_033000.WAV,Telephone Field,recover-20220825,002,1795
896.0745,896.1123,68437,82232,Rhinolophus ferrumequinum,0.023,0.023,-1,Echolocation,/mnt/ubna_data_01_mir/recover-20220825/UBNA_002/20220823_033000.WAV,Telephone Field,recover-20220825,002,1795
896.0905,896.1047,26328,30567,Nyctalus leisleri,0.016,0.035,-1,Echolocation,/mnt/ubna_data_01_mir/recover-20220825/UBNA_002/20220823_033000.WAV,Telephone Field,recover-20220825,002,1795
896.1215,896.1397,20312,23284,Nyctalus leisleri,0.012,0.022,-1,Echolocation,/mnt/ubna_data_01_mir/recover-20220825/UBNA_002/20220823_033000.WAV,Telephone Field,recover-20220825,002,1795
896.1795,896.2209,68437,82681,Rhinolophus ferrumequinum,0.029,0.029,-1,Echolocation,/mnt/ubna_data_01_mir/recover-20220825/UBNA_002/20220823_033000.WAV,Telephone Field,recover-20220825,002,1795
896.1865,896.2271,68437,82740,Rhinolophus ferrumequinum,0.026,0.026,-1,Echolocation,/mnt/ubna_data_01_mir/recover-20220825/UBNA_002/20220823_033000.WAV,Telephone Field,recover-20220825,002,1795
896.2115,896.2208,37500,43915,Pipistrellus nathusii,0.019,0.045,-1,Echolocation,/mnt/ubna_data_01_mir/recover-20220825/UBNA_002/20220823_033000.WAV,Telephone Field,recover-20220825,002,1795
896.2285,896.2662,68437,81758,Rhinolophus ferrumequinum,0.022,0.022,-1,Echolocation,/mnt/ubna_data_01_mir/recover-20220825/UBNA_002/20220823_033000.WAV,Telephone Field,recover-20220825,002,1795
896.2325,896.2399,28046,39291,Eptesicus serotinus,0.006,0.022,-1,Echolocation,/mnt/ubna_data_01_mir/recover-20220825/UBNA_002/20220823_033000.WAV,Telephone Field,recover-20220825,002,1795
896.2585,896.2785,22031,25900,Nyctalus leisleri,0.027,0.049,-1,Echolocation,/mnt/ubna_data_01_mir/recover-20220825/UBNA_002/20220823_033000.WAV,Telephone Field,recover-20220825,002,1795
896.2705,896.2827,23750,28069,Nyctalus leisleri,0.013,0.024,-1,Echolocation,/mnt/ubna_data_01_mir/recover-20220825/UBNA_002/20220823_033000.WAV,Telephone Field,recover-20220825,002,1795
896.2925,896.3005,28046,38300,Eptesicus serotinus,0.007,0.021,-1,Echolocation,/mnt/ubna_data_01_mir/recover-20220825/UBNA_002/20220823_033000.WAV,Telephone Field,recover-20220825,002,1795
896.3135,896.3211,23750,32960,Plecotus austriacus,0.011,0.024,-1,Echolocation,/mnt/ubna_data_01_mir/recover-20220825/UBNA_002/20220823_033000.WAV,Telephone Field,recover-20220825,002,1795
896.3145,896.3211,28046,42869,Eptesicus serotinus,0.006,0.023,-1,Echolocation,/mnt/ubna_data_01_mir/recover-20220825/UBNA_002/20220823_033000.WAV,Telephone Field,recover-20220825,002,1795
896.3265,896.3673,68437,82344,Rhinolophus ferrumequinum,0.025,0.025,-1,Echolocation,/mnt/ubna_data_01_mir/recover-20220825/UBNA_002/20220823_033000.WAV,Telephone Field,recover-20220825,002,1795
896.3335,896.3405,27187,38549,Eptesicus serotinus,0.005,0.021,-1,Echolocation,/mnt/ubna_data_01_mir/recover-20220825/UBNA_002/20220823_033000.WAV,Telephone Field,recover-20220825,002,1795
896.3575,896.3992,68437,82452,Rhinolophus ferrumequinum,0.023,0.023,-1,Echolocation,/mnt/ubna_data_01_mir/recover-20220825/UBNA_002/20220823_033000.WAV,Telephone Field,recover-20220825,002,1795
896.4045,896.4123,46093,50651,Pipistrellus pipistrellus,0.027,0.029,-1,Echolocation,/mnt/ubna_data_01_mir/recover-20220825/UBNA_002/20220823_033000.WAV,Telephone Field,recover-20220825,002,1795
896.4205,896.4583,68437,82005,Rhinolophus ferrumequinum,0.021,0.021,-1,Echolocation,/mnt/ubna_data_01_mir/recover-20220825/UBNA_002/20220823_033000.WAV,Telephone Field,recover-20220825,002,1795
896.4575,896.468,44375,49232,Pipistrellus pipistrellus,0.025,0.03,-1,Echolocation,/mnt/ubna_data_01_mir/recover-20220825/UBNA_002/20220823_033000.WAV,Telephone Field,recover-20220825,002,1795
896.4725,896.4802999999999,27187,37226,Eptesicus serotinus,0.008,0.023,-1,Echolocation,/mnt/ubna_data_01_mir/recover-20220825/UBNA_002/20220823_033000.WAV,Telephone Field,recover-20220825,002,1795
896.4875,896.526,68437,82146,Rhinolophus ferrumequinum,0.021,0.021,-1,Echolocation,/mnt/ubna_data_01_mir/recover-20220825/UBNA_002/20220823_033000.WAV,Telephone Field,recover-20220825,002,1795
896.4975,896.535,68437,82289,Rhinolophus ferrumequinum,0.023,0.023,-1,Echolocation,/mnt/ubna_data_01_mir/recover-20220825/UBNA_002/20220823_033000.WAV,Telephone Field,recover-20220825,002,1795
896.5105,896.5445,68437,81108,Rhinolophus ferrumequinum,0.024,0.024,-1,Echolocation,/mnt/ubna_data_01_mir/recover-20220825/UBNA_002/20220823_033000.WAV,Telephone Field,recover-20220825,002,1795
896.5485,896.5555,34921,43309,Myotis daubentonii,0.012,0.029,-1,Echolocation,/mnt/ubna_data_01_mir/recover-20220825/UBNA_002/20220823_033000.WAV,Telephone Field,recover-20220825,002,1795
896.5495,896.5574,27187,38180,Eptesicus serotinus,0.007,0.021,-1,Echolocation,/mnt/ubna_data_01_mir/recover-20220825/UBNA_002/20220823_033000.WAV,Telephone Field,recover-20220825,002,1795
896.5535,896.5917,68437,82186,Rhinolophus ferrumequinum,0.023,0.023,-1,Echolocation,/mnt/ubna_data_01_mir/recover-20220825/UBNA_002/20220823_033000.WAV,Telephone Field,recover-20220825,002,1795
896.6055,896.615,50390,54051,Pipistrellus pipistrellus,0.021,0.024,-1,Echolocation,/mnt/ubna_data_01_mir/recover-20220825/UBNA_002/20220823_033000.WAV,Telephone Field,recover-20220825,002,1795
896.6425,896.6822,68437,82490,Rhinolophus ferrumequinum,0.023,0.023,-1,Echolocation,/mnt/ubna_data_01_mir/recover-20220825/UBNA_002/20220823_033000.WAV,Telephone Field,recover-20220825,002,1795
896.6535,896.6654,23750,29370,Nyctalus leisleri,0.017,0.038,-1,Echolocation,/mnt/ubna_data_01_mir/recover-20220825/UBNA_002/20220823_033000.WAV,Telephone Field,recover-20220825,002,1795
896.6645,896.7021,68437,81896,Rhinolophus ferrumequinum,0.023,0.023,-1,Echolocation,/mnt/ubna_data_01_mir/recover-20220825/UBNA_002/20220823_033000.WAV,Telephone Field,recover-20220825,002,1795
896.7125,896.7504,68437,81828,Rhinolophus ferrumequinum,0.023,0.023,-1,Echolocation,/mnt/ubna_data_01_mir/recover-20220825/UBNA_002/20220823_033000.WAV,Telephone Field,recover-20220825,002,1795
896.7315,896.7429,39218,43927,Pipistrellus nathusii,0.017,0.03,-1,Echolocation,/mnt/ubna_data_01_mir/recover-20220825/UBNA_002/20220823_033000.WAV,Telephone Field,recover-20220825,002,1795
896.7575,896.7935,68437,82148,Rhinolophus ferrumequinum,0.029,0.029,-1,Echolocation,/mnt/ubna_data_01_mir/recover-20220825/UBNA_002/20220823_033000.WAV,Telephone Field,recover-20220825,002,1795
896.8545,896.8656,22890,27537,Nyctalus leisleri,0.014,0.026,-1,Echolocation,/mnt/ubna_data_01_mir/recover-20220825/UBNA_002/20220823_033000.WAV,Telephone Field,recover-20220825,002,1795
896.8565,896.8959,68437,82305,Rhinolophus ferrumequinum,0.021,0.021,-1,Echolocation,/mnt/ubna_data_01_mir/recover-20220825/UBNA_002/20220823_033000.WAV,Telephone Field,recover-20220825,002,1795
896.8825,896.8934,23750,30099,Nyctalus leisleri,0.01,0.027,-1,Echolocation,/mnt/ubna_data_01_mir/recover-20220825/UBNA_002/20220823_033000.WAV,Telephone Field,recover-20220825,002,1795
896.8905,896.9264000000001,68437,81424,Rhinolophus ferrumequinum,0.021,0.021,-1,Echolocation,/mnt/ubna_data_01_mir/recover-20220825/UBNA_002/20220823_033000.WAV,Telephone Field,recover-20220825,002,1795
896.8995,896.9387,68437,81297,Rhinolophus ferrumequinum,0.025,0.025,-1,Echolocation,/mnt/ubna_data_01_mir/recover-20220825/UBNA_002/20220823_033000.WAV,Telephone Field,recover-20220825,002,1795
896.9265,896.935,46093,50167,Pipistrellus pipistrellus,0.022,0.023,-1,Echolocation,/mnt/ubna_data_01_mir/recover-20220825/UBNA_002/20220823_033000.WAV,Telephone Field,recover-20220825,002,1795
896.9365,896.9446,29765,37384,Eptesicus serotinus,0.006,0.021,-1,Echolocation,/mnt/ubna_data_01_mir/recover-20220825/UBNA_002/20220823_033000.WAV,Telephone Field,recover-20220825,002,1795
896.9365,896.9435,24609,33709,Plecotus austriacus,0.009,0.023,-1,Echolocation,/mnt/ubna_data_01_mir/recover-20220825/UBNA_002/20220823_033000.WAV,Telephone Field,recover-20220825,002,1795
896.9565,896.998,68437,82341,Rhinolophus ferrumequinum,0.024,0.024,-1,Echolocation,/mnt/ubna_data_01_mir/recover-20220825/UBNA_002/20220823_033000.WAV,Telephone Field,recover-20220825,002,1795
896.9655,897.0047,68437,82053,Rhinolophus ferrumequinum,0.023,0.023,-1,Echolocation,/mnt/ubna_data_01_mir/recover-20220825/UBNA_002/20220823_033000.WAV,Telephone Field,recover-20220825,002,1795
896.9905,897.0291,68437,82862,Rhinolophus ferrumequinum,0.023,0.023,-1,Echolocation,/mnt/ubna_data_01_mir/recover-20220825/UBNA_002/20220823_033000.WAV,Telephone Field,recover-20220825,002,1795
897.0055,897.0149,25468,33843,Eptesicus serotinus,0.008,0.021,-1,Echolocation,/mnt/ubna_data_01_mir/recover-20220825/UBNA_002/20220823_033000.WAV,Telephone Field,recover-20220825,002,1795
897.0245,897.0677,68437,82905,Rhinolophus ferrumequinum,0.038,0.038,-1,Echolocation,/mnt/ubna_data_01_mir/recover-20220825/UBNA_002/20220823_033000.WAV,Telephone Field,recover-20220825,002,1795
897.0395,897.0476,27187,38811,Eptesicus serotinus,0.007,0.023,-1,Echolocation,/mnt/ubna_data_01_mir/recover-20220825/UBNA_002/20220823_033000.WAV,Telephone Field,recover-20220825,002,1795
897.0575,897.0992,68437,82568,Rhinolophus ferrumequinum,0.03,0.03,-1,Echolocation,/mnt/ubna_data_01_mir/recover-20220825/UBNA_002/20220823_033000.WAV,Telephone Field,recover-20220825,002,1795
897.0925,897.1311,68437,82678,Rhinolophus ferrumequinum,0.022,0.023,-1,Echolocation,/mnt/ubna_data_01_mir/recover-20220825/UBNA_002/20220823_033000.WAV,Telephone Field,recover-20220825,002,1795
897.1055,897.1434,68437,82471,Rhinolophus ferrumequinum,0.022,0.022,-1,Echolocation,/mnt/ubna_data_01_mir/recover-20220825/UBNA_002/20220823_033000.WAV,Telephone Field,recover-20220825,002,1795
897.1675,897.2107,68437,82714,Rhinolophus ferrumequinum,0.058,0.058,-1,Echolocation,/mnt/ubna_data_01_mir/recover-20220825/UBNA_002/20220823_033000.WAV,Telephone Field,recover-20220825,002,1795
897.1815,897.1869,28906,40618,Plecotus auritus,0.006,0.031,-1,Echolocation,/mnt/ubna_data_01_mir/recover-20220825/UBNA_002/20220823_033000.WAV,Telephone Field,recover-20220825,002,1795
897.2395,897.2793,68437,82377,Rhinolophus ferrumequinum,0.031,0.031,-1,Echolocation,/mnt/ubna_data_01_mir/recover-20220825/UBNA_002/20220823_033000.WAV,Telephone Field,recover-20220825,002,1795
897.2445,897.2552,22890,28635,Nyctalus leisleri,0.011,0.022,-1,Echolocation,/mnt/ubna_data_01_mir/recover-20220825/UBNA_002/20220823_033000.WAV,Telephone Field,recover-20220825,002,1795
897.2965,897.3165,18593,21386,Nyctalus noctula,0.014,0.025,-1,Echolocation,/mnt/ubna_data_01_mir/recover-20220825/UBNA_002/20220823_033000.WAV,Telephone Field,recover-20220825,002,1795
897.3405,897.3799,68437,82660,Rhinolophus ferrumequinum,0.023,0.023,-1,Echolocation,/mnt/ubna_data_01_mir/recover-20220825/UBNA_002/20220823_033000.WAV,Telephone Field,recover-20220825,002,1795
897.3685,897.4068,68437,81871,Rhinolophus ferrumequinum,0.022,0.022,-1,Echolocation,/mnt/ubna_data_01_mir/recover-20220825/UBNA_002/20220823_033000.WAV,Telephone Field,recover-20220825,002,1795
897.3705,897.3816,44375,49718,Pipistrellus pipistrellus,0.048,0.055,-1,Echolocation,/mnt/ubna_data_01_mir/recover-20220825/UBNA_002/20220823_033000.WAV,Telephone Field,recover-20220825,002,1795
897.3795,897.3894,24609,31162,Nyctalus leisleri,0.007,0.021,-1,Echolocation,/mnt/ubna_data_01_mir/recover-20220825/UBNA_002/20220823_033000.WAV,Telephone Field,recover-20220825,002,1795
897.3945,897.4344,68437,82621,Rhinolophus ferrumequinum,0.042,0.042,-1,Echolocation,/mnt/ubna_data_01_mir/recover-20220825/UBNA_002/20220823_033000.WAV,Telephone Field,recover-20220825,002,1795
897.3955,897.4028,28046,39099,Eptesicus serotinus,0.008,0.028,-1,Echolocation,/mnt/ubna_data_01_mir/recover-20220825/UBNA_002/20220823_033000.WAV,Telephone Field,recover-20220825,002,1795
897.4305,897.4704,68437,81959,Rhinolophus ferrumequinum,0.025,0.025,-1,Echolocation,/mnt/ubna_data_01_mir/recover-20220825/UBNA_002/20220823_033000.WAV,Telephone Field,recover-20220825,002,1795
897.4595,897.4673,28046,37088,Eptesicus serotinus,0.008,0.022,-1,Echolocation,/mnt/ubna_data_01_mir/recover-20220825/UBNA_002/20220823_033000.WAV,Telephone Field,recover-20220825,002,1795
897.5035,897.5166,28046,33505,Eptesicus serotinus,0.027,0.05,-1,Echolocation,/mnt/ubna_data_01_mir/recover-20220825/UBNA_002/20220823_033000.WAV,Telephone Field,recover-20220825,002,1795
897.5045,897.5398,68437,81505,Rhinolophus ferrumequinum,0.024,0.024,-1,Echolocation,/mnt/ubna_data_01_mir/recover-20220825/UBNA_002/20220823_033000.WAV,Telephone Field,recover-20220825,002,1795
897.5485,897.5565,26328,35474,Eptesicus serotinus,0.009,0.025,-1,Echolocation,/mnt/ubna_data_01_mir/recover-20220825/UBNA_002/20220823_033000.WAV,Telephone Field,recover-20220825,002,1795
897.5495,897.5862,68437,81604,Rhinolophus ferrumequinum,0.022,0.022,-1,Echolocation,/mnt/ubna_data_01_mir/recover-20220825/UBNA_002/20220823_033000.WAV,Telephone Field,recover-20220825,002,1795
897.5795,897.614,68437,81342,Rhinolophus ferrumequinum,0.021,0.021,-1,Echolocation,/mnt/ubna_data_01_mir/recover-20220825/UBNA_002/20220823_033000.WAV,Telephone Field,recover-20220825,002,1795
897.5825,897.595,21171,24441,Nyctalus leisleri,0.014,0.022,-1,Echolocation,/mnt/ubna_data_01_mir/recover-20220825/UBNA_002/20220823_033000.WAV,Telephone Field,recover-20220825,002,1795
897.5905,897.6286,68437,82016,Rhinolophus ferrumequinum,0.026,0.026,-1,Echolocation,/mnt/ubna_data_01_mir/recover-20220825/UBNA_002/20220823_033000.WAV,Telephone Field,recover-20220825,002,1795
897.5995,897.6067,30625,41440,Myotis daubentonii,0.011,0.024,-1,Echolocation,/mnt/ubna_data_01_mir/recover-20220825/UBNA_002/20220823_033000.WAV,Telephone Field,recover-20220825,002,1795
897.6605,897.6971,68437,81836,Rhinolophus ferrumequinum,0.021,0.021,-1,Echolocation,/mnt/ubna_data_01_mir/recover-20220825/UBNA_002/20220823_033000.WAV,Telephone Field,recover-20220825,002,1795
897.6805,897.7192,68437,81578,Rhinolophus ferrumequinum,0.023,0.023,-1,Echolocation,/mnt/ubna_data_01_mir/recover-20220825/UBNA_002/20220823_033000.WAV,Telephone Field,recover-20220825,002,1795
897.7275,897.737,24609,33072,Nyctalus leisleri,0.006,0.022,-1,Echolocation,/mnt/ubna_data_01_mir/recover-20220825/UBNA_002/20220823_033000.WAV,Telephone Field,recover-20220825,002,1795
897.7545,897.7647,28046,37640,Eptesicus serotinus,0.029,0.047,-1,Echolocation,/mnt/ubna_data_01_mir/recover-20220825/UBNA_002/20220823_033000.WAV,Telephone Field,recover-20220825,002,1795
897.7545,897.7926,68437,82283,Rhinolophus ferrumequinum,0.023,0.024,-1,Echolocation,/mnt/ubna_data_01_mir/recover-20220825/UBNA_002/20220823_033000.WAV,Telephone Field,recover-20220825,002,1795
897.8305,897.8711,68437,82362,Rhinolophus ferrumequinum,0.027,0.027,-1,Echolocation,/mnt/ubna_data_01_mir/recover-20220825/UBNA_002/20220823_033000.WAV,Telephone Field,recover-20220825,002,1795
897.8445,897.8533,23750,31396,Plecotus austriacus,0.007,0.024,-1,Echolocation,/mnt/ubna_data_01_mir/recover-20220825/UBNA_002/20220823_033000.WAV,Telephone Field,recover-20220825,002,1795
897.8545,897.8907,68437,81834,Rhinolophus ferrumequinum,0.022,0.022,-1,Echolocation,/mnt/ubna_data_01_mir/recover-20220825/UBNA_002/20220823_033000.WAV,Telephone Field,recover-20220825,002,1795
897.8775,897.9153,68437,82644,Rhinolophus ferrumequinum,0.022,0.022,-1,Echolocation,/mnt/ubna_data_01_mir/recover-20220825/UBNA_002/20220823_033000.WAV,Telephone Field,recover-20220825,002,1795
897.9045,897.9149,23750,29251,Nyctalus leisleri,0.011,0.025,-1,Echolocation,/mnt/ubna_data_01_mir/recover-20220825/UBNA_002/20220823_033000.WAV,Telephone Field,recover-20220825,002,1795
897.9045,897.9432,68437,82840,Rhinolophus ferrumequinum,0.024,0.024,-1,Echolocation,/mnt/ubna_data_01_mir/recover-20220825/UBNA_002/20220823_033000.WAV,Telephone Field,recover-20220825,002,1795
897.9665,897.9769,25468,32761,Eptesicus serotinus,0.011,0.028,-1,Echolocation,/mnt/ubna_data_01_mir/recover-20220825/UBNA_002/20220823_033000.WAV,Telephone Field,recover-20220825,002,1795
897.9815,897.9918,26328,36160,Eptesicus serotinus,0.014,0.027,-1,Echolocation,/mnt/ubna_data_01_mir/recover-20220825/UBNA_002/20220823_033000.WAV,Telephone Field,recover-20220825,002,1795
898.0015,898.0110999999999,22031,27627,Nyctalus leisleri,0.009,0.024,-1,Echolocation,/mnt/ubna_data_01_mir/recover-20220825/UBNA_002/20220823_033000.WAV,Telephone Field,recover-20220825,002,1795
898.0015,898.0377,68437,79935,Rhinolophus ferrumequinum,0.04,0.04,-1,Echolocation,/mnt/ubna_data_01_mir/recover-20220825/UBNA_002/20220823_033000.WAV,Telephone Field,recover-20220825,002,1795
898.0015,898.009,47812,54631,Pipistrellus pipistrellus,0.018,0.024,-1,Echolocation,/mnt/ubna_data_01_mir/recover-20220825/UBNA_002/20220823_033000.WAV,Telephone Field,recover-20220825,002,1795
898.0085,898.0512,68437,82490,Rhinolophus ferrumequinum,0.022,0.022,-1,Echolocation,/mnt/ubna_data_01_mir/recover-20220825/UBNA_002/20220823_033000.WAV,Telephone Field,recover-20220825,002,1795
898.0195,898.0604,68437,82868,Rhinolophus ferrumequinum,0.022,0.022,-1,Echolocation,/mnt/ubna_data_01_mir/recover-20220825/UBNA_002/20220823_033000.WAV,Telephone Field,recover-20220825,002,1795
898.0455,898.0573,22031,27562,Nyctalus leisleri,0.015,0.038,-1,Echolocation,/mnt/ubna_data_01_mir/recover-20220825/UBNA_002/20220823_033000.WAV,Telephone Field,recover-20220825,002,1795
898.0615,898.1043,68437,83109,Rhinolophus ferrumequinum,0.026,0.026,-1,Echolocation,/mnt/ubna_data_01_mir/recover-20220825/UBNA_002/20220823_033000.WAV,Telephone Field,recover-20220825,002,1795
898.0825,898.1216,68437,82511,Rhinolophus ferrumequinum,0.021,0.021,-1,Echolocation,/mnt/ubna_data_01_mir/recover-20220825/UBNA_002/20220823_033000.WAV,Telephone Field,recover-20220825,002,1795
898.1095,898.15,68437,82155,Rhinolophus ferrumequinum,0.026,0.026,-1,Echolocation,/mnt/ubna_data_01_mir/recover-20220825/UBNA_002/20220823_033000.WAV,Telephone Field,recover-20220825,002,1795
898.1175,898.1268,24609,31677,Eptesicus serotinus,0.007,0.021,-1,Echolocation,/mnt/ubna_data_01_mir/recover-20220825/UBNA_002/20220823_033000.WAV,Telephone Field,recover-20220825,002,1795
898.1395,898.147,27187,39377,Eptesicus serotinus,0.006,0.021,-1,Echolocation,/mnt/ubna_data_01_mir/recover-20220825/UBNA_002/20220823_033000.WAV,Telephone Field,recover-20220825,002,1795
898.1545,898.1663,15156,21232,Nyctalus noctula,0.016,0.026,-1,Echolocation,/mnt/ubna_data_01_mir/recover-20220825/UBNA_002/20220823_033000.WAV,Telephone Field,recover-20220825,002,1795
898.1745,898.2119,68437,81907,Rhinolophus ferrumequinum,0.021,0.022,-1,Echolocation,/mnt/ubna_data_01_mir/recover-20220825/UBNA_002/20220823_033000.WAV,Telephone Field,recover-20220825,002,1795
898.1885,898.2247,68437,81191,Rhinolophus ferrumequinum,0.02,0.02,-1,Echolocation,/mnt/ubna_data_01_mir/recover-20220825/UBNA_002/20220823_033000.WAV,Telephone Field,recover-20220825,002,1795
898.1965,898.2314,68437,80955,Rhinolophus ferrumequinum,0.021,0.021,-1,Echolocation,/mnt/ubna_data_01_mir/recover-20220825/UBNA_002/20220823_033000.WAV,Telephone Field,recover-20220825,002,1795
898.2105,898.2256,14296,19367,Nyctalus noctula,0.015,0.023,-1,Echolocation,/mnt/ubna_data_01_mir/recover-20220825/UBNA_002/20220823_033000.WAV,Telephone Field,recover-20220825,002,1795
898.2145,898.2518,68437,82206,Rhinolophus ferrumequinum,0.025,0.025,-1,Echolocation,/mnt/ubna_data_01_mir/recover-20220825/UBNA_002/20220823_033000.WAV,Telephone Field,recover-20220825,002,1795
898.2225,898.2604,68437,81674,Rhinolophus ferrumequinum,0.023,0.023,-1,Echolocation,/mnt/ubna_data_01_mir/recover-20220825/UBNA_002/20220823_033000.WAV,Telephone Field,recover-20220825,002,1795
898.2775,898.3163,68437,82467,Rhinolophus ferrumequinum,0.022,0.022,-1,Echolocation,/mnt/ubna_data_01_mir/recover-20220825/UBNA_002/20220823_033000.WAV,Telephone Field,recover-20220825,002,1795
898.2875,898.294,28046,40644,Eptesicus serotinus,0.007,0.026,-1,Echolocation,/mnt/ubna_data_01_mir/recover-20220825/UBNA_002/20220823_033000.WAV,Telephone Field,recover-20220825,002,1795
898.2895,898.3322000000001,68437,82971,Rhinolophus ferrumequinum,0.025,0.025,-1,Echolocation,/mnt/ubna_data_01_mir/recover-20220825/UBNA_002/20220823_033000.WAV,Telephone Field,recover-20220825,002,1795
898.3115,898.3221,24609,30463,Nyctalus leisleri,0.008,0.02,-1,Echolocation,/mnt/ubna_data_01_mir/recover-20220825/UBNA_002/20220823_033000.WAV,Telephone Field,recover-20220825,002,1795
898.3205,898.3305,44375,50293,Pipistrellus pipistrellus,0.018,0.023,-1,Echolocation,/mnt/ubna_data_01_mir/recover-20220825/UBNA_002/20220823_033000.WAV,Telephone Field,recover-20220825,002,1795
898.4045,898.4434,68437,81720,Rhinolophus ferrumequinum,0.02,0.02,-1,Echolocation,/mnt/ubna_data_01_mir/recover-20220825/UBNA_002/20220823_033000.WAV,Telephone Field,recover-20220825,002,1795
898.4315,898.4724,68437,83364,Rhinolophus ferrumequinum,0.03,0.03,-1,Echolocation,/mnt/ubna_data_01_mir/recover-20220825/UBNA_002/20220823_033000.WAV,Telephone Field,recover-20220825,002,1795
898.4625,898.4698,50390,58256,Pipistrellus pipistrellus,0.016,0.021,-1,Echolocation,/mnt/ubna_data_01_mir/recover-20220825/UBNA_002/20220823_033000.WAV,Telephone Field,recover-20220825,002,1795
898.4955,898.504,28046,36306,Eptesicus serotinus,0.008,0.022,-1,Echolocation,/mnt/ubna_data_01_mir/recover-20220825/UBNA_002/20220823_033000.WAV,Telephone Field,recover-20220825,002,1795
898.4995,898.5364,68437,81800,Rhinolophus ferrumequinum,0.022,0.022,-1,Echolocation,/mnt/ubna_data_01_mir/recover-20220825/UBNA_002/20220823_033000.WAV,Telephone Field,recover-20220825,002,1795
898.5465,898.5826,68437,81593,Rhinolophus ferrumequinum,0.021,0.021,-1,Echolocation,/mnt/ubna_data_01_mir/recover-20220825/UBNA_002/20220823_033000.WAV,Telephone Field,recover-20220825,002,1795
898.5575,898.5945,68437,81597,Rhinolophus ferrumequinum,0.021,0.021,-1,Echolocation,/mnt/ubna_data_01_mir/recover-20220825/UBNA_002/20220823_033000.WAV,Telephone Field,recover-20220825,002,1795
898.5695,898.6085,68437,82312,Rhinolophus ferrumequinum,0.022,0.022,-1,Echolocation,/mnt/ubna_data_01_mir/recover-20220825/UBNA_002/20220823_033000.WAV,Telephone Field,recover-20220825,002,1795
898.5955,898.6023,28046,39119,Eptesicus serotinus,0.006,0.022,-1,Echolocation,/mnt/ubna_data_01_mir/recover-20220825/UBNA_002/20220823_033000.WAV,Telephone Field,recover-20220825,002,1795
898.6155,898.6237,27187,39522,Eptesicus serotinus,0.007,0.021,-1,Echolocation,/mnt/ubna_data_01_mir/recover-20220825/UBNA_002/20220823_033000.WAV,Telephone Field,recover-20220825,002,1795
898.6705,898.71,68437,81844,Rhinolophus ferrumequinum,0.022,0.022,-1,Echolocation,/mnt/ubna_data_01_mir/recover-20220825/UBNA_002/20220823_033000.WAV,Telephone Field,recover-20220825,002,1795
898.6915,898.7308,68437,82701,Rhinolophus ferrumequinum,0.022,0.022,-1,Echolocation,/mnt/ubna_data_01_mir/recover-20220825/UBNA_002/20220823_033000.WAV,Telephone Field,recover-20220825,002,1795
898.6965,898.7356,68437,82401,Rhinolophus ferrumequinum,0.022,0.022,-1,Echolocation,/mnt/ubna_data_01_mir/recover-20220825/UBNA_002/20220823_033000.WAV,Telephone Field,recover-20220825,002,1795
898.7815,898.8183,68437,81918,Rhinolophus ferrumequinum,0.024,0.024,-1,Echolocation,/mnt/ubna_data_01_mir/recover-20220825/UBNA_002/20220823_033000.WAV,Telephone Field,recover-20220825,002,1795
898.8305,898.868,68437,81851,Rhinolophus ferrumequinum,0.022,0.022,-1,Echolocation,/mnt/ubna_data_01_mir/recover-20220825/UBNA_002/20220823_033000.WAV,Telephone Field,recover-20220825,002,1795
898.8395,898.8507,23750,29776,Nyctalus leisleri,0.01,0.026,-1,Echolocation,/mnt/ubna_data_01_mir/recover-20220825/UBNA_002/20220823_033000.WAV,Telephone Field,recover-20220825,002,1795
898.8395,898.875,68437,81586,Rhinolophus ferrumequinum,0.021,0.021,-1,Echolocation,/mnt/ubna_data_01_mir/recover-20220825/UBNA_002/20220823_033000.WAV,Telephone Field,recover-20220825,002,1795
898.8555,898.8961,68437,82344,Rhinolophus ferrumequinum,0.027,0.027,-1,Echolocation,/mnt/ubna_data_01_mir/recover-20220825/UBNA_002/20220823_033000.WAV,Telephone Field,recover-20220825,002,1795
898.9005,898.9388,68437,81921,Rhinolophus ferrumequinum,0.022,0.022,-1,Echolocation,/mnt/ubna_data_01_mir/recover-20220825/UBNA_002/20220823_033000.WAV,Telephone Field,recover-20220825,002,1795
898.9305,898.9384,27187,37604,Eptesicus serotinus,0.006,0.021,-1,Echolocation,/mnt/ubna_data_01_mir/recover-20220825/UBNA_002/20220823_033000.WAV,Telephone Field,recover-20220825,002,1795
898.9405,898.9515,28046,34297,Eptesicus serotinus,0.012,0.026,-1,Echolocation,/mnt/ubna_data_01_mir/recover-20220825/UBNA_002/20220823_033000.WAV,Telephone Field,recover-20220825,002,1795
898.9555,898.9633,28046,40347,Eptesicus serotinus,0.007,0.022,-1,Echolocation,/mnt/ubna_data_01_mir/recover-20220825/UBNA_002/20220823_033000.WAV,Telephone Field,recover-20220825,002,1795
898.9865,899.0291,68437,82292,Rhinolophus ferrumequinum,0.023,0.023,-1,Echolocation,/mnt/ubna_data_01_mir/recover-20220825/UBNA_002/20220823_033000.WAV,Telephone Field,recover-20220825,002,1795
899.0045,899.0431,68437,82134,Rhinolophus ferrumequinum,0.022,0.023,-1,Echolocation,/mnt/ubna_data_01_mir/recover-20220825/UBNA_002/20220823_033000.WAV,Telephone Field,recover-20220825,002,1795
899.0145,899.0225,26328,35503,Eptesicus serotinus,0.007,0.02,-1,Echolocation,/mnt/ubna_data_01_mir/recover-20220825/UBNA_002/20220823_033000.WAV,Telephone Field,recover-20220825,002,1795
899.0355,899.0725,68437,82379,Rhinolophus ferrumequinum,0.022,0.022,-1,Echolocation,/mnt/ubna_data_01_mir/recover-20220825/UBNA_002/20220823_033000.WAV,Telephone Field,recover-20220825,002,1795
899.0555,899.092,68437,81775,Rhinolophus ferrumequinum,0.02,0.02,-1,Echolocation,/mnt/ubna_data_01_mir/recover-20220825/UBNA_002/20220823_033000.WAV,Telephone Field,recover-20220825,002,1795
899.0625,899.1023,68437,82289,Rhinolophus ferrumequinum,0.022,0.022,-1,Echolocation,/mnt/ubna_data_01_mir/recover-20220825/UBNA_002/20220823_033000.WAV,Telephone Field,recover-20220825,002,1795
899.0745,899.1136,68437,82163,Rhinolophus ferrumequinum,0.023,0.023,-1,Echolocation,/mnt/ubna_data_01_mir/recover-20220825/UBNA_002/20220823_033000.WAV,Telephone Field,recover-20220825,002,1795
899.0745,899.0818,26328,39857,Eptesicus serotinus,0.007,0.022,-1,Echolocation,/mnt/ubna_data_01_mir/recover-20220825/UBNA_002/20220823_033000.WAV,Telephone Field,recover-20220825,002,1795
899.1045,899.1148,28046,36518,Eptesicus serotinus,0.014,0.026,-1,Echolocation,/mnt/ubna_data_01_mir/recover-20220825/UBNA_002/20220823_033000.WAV,Telephone Field,recover-20220825,002,1795
899.1055,899.1175,14296,20627,Nyctalus noctula,0.013,0.021,-1,Echolocation,/mnt/ubna_data_01_mir/recover-20220825/UBNA_002/20220823_033000.WAV,Telephone Field,recover-20220825,002,1795
899.1195,899.1605,68437,82399,Rhinolophus ferrumequinum,0.021,0.021,-1,Echolocation,/mnt/ubna_data_01_mir/recover-20220825/UBNA_002/20220823_033000.WAV,Telephone Field,recover-20220825,002,1795
899.1525,899.1939,68437,82646,Rhinolophus ferrumequinum,0.023,0.023,-1,Echolocation,/mnt/ubna_data_01_mir/recover-20220825/UBNA_002/20220823_033000.WAV,Telephone Field,recover-20220825,002,1795
899.1565,899.1638,27187,38555,Eptesicus serotinus,0.008,0.026,-1,Echolocation,/mnt/ubna_data_01_mir/recover-20220825/UBNA_002/20220823_033000.WAV,Telephone Field,recover-20220825,002,1795
899.1715,899.1791,28046,39367,Eptesicus serotinus,0.007,0.021,-1,Echolocation,/mnt/ubna_data_01_mir/recover-20220825/UBNA_002/20220823_033000.WAV,Telephone Field,recover-20220825,002,1795
899.1945,899.2321,68437,81868,Rhinolophus ferrumequinum,0.023,0.023,-1,Echolocation,/mnt/ubna_data_01_mir/recover-20220825/UBNA_002/20220823_033000.WAV,Telephone Field,recover-20220825,002,1795
899.2175,899.2573,68437,82398,Rhinolophus ferrumequinum,0.021,0.021,-1,Echolocation,/mnt/ubna_data_01_mir/recover-20220825/UBNA_002/20220823_033000.WAV,Telephone Field,recover-20220825,002,1795
899.2565,899.2958,68437,81731,Rhinolophus ferrumequinum,0.024,0.024,-1,Echolocation,/mnt/ubna_data_01_mir/recover-20220825/UBNA_002/20220823_033000.WAV,Telephone Field,recover-20220825,002,1795
899.2735,899.314,68437,82217,Rhinolophus ferrumequinum,0.022,0.022,-1,Echolocation,/mnt/ubna_data_01_mir/recover-20220825/UBNA_002/20220823_033000.WAV,Telephone Field,recover-20220825,002,1795
899.3035,899.3405,68437,82199,Rhinolophus ferrumequinum,0.021,0.022,-1,Echolocation,/mnt/ubna_data_01_mir/recover-20220825/UBNA_002/20220823_033000.WAV,Telephone Field,recover-20220825,002,1795
899.3205,899.3615,68437,82625,Rhinolophus ferrumequinum,0.022,0.022,-1,Echolocation,/mnt/ubna_data_01_mir/recover-20220825/UBNA_002/20220823_033000.WAV,Telephone Field,recover-20220825,002,1795
899.3245,899.3318,28046,41565,Eptesicus serotinus,0.009,0.025,-1,Echolocation,/mnt/ubna_data_01_mir/recover-20220825/UBNA_002/20220823_033000.WAV,Telephone Field,recover-20220825,002,1795
899.3875,899.4276,68437,82913,Rhinolophus ferrumequinum,0.02,0.02,-1,Echolocation,/mnt/ubna_data_01_mir/recover-20220825/UBNA_002/20220823_033000.WAV,Telephone Field,recover-20220825,002,1795
899.3985,899.4386,68437,82629,Rhinolophus ferrumequinum,0.032,0.032,-1,Echolocation,/mnt/ubna_data_01_mir/recover-20220825/UBNA_002/20220823_033000.WAV,Telephone Field,recover-20220825,002,1795
899.4275,899.4599,68437,80284,Rhinolophus ferrumequinum,0.021,0.021,-1,Echolocation,/mnt/ubna_data_01_mir/recover-20220825/UBNA_002/20220823_033000.WAV,Telephone Field,recover-20220825,002,1795
899.4305,899.4409,22031,26835,Nyctalus leisleri,0.01,0.022,-1,Echolocation,/mnt/ubna_data_01_mir/recover-20220825/UBNA_002/20220823_033000.WAV,Telephone Field,recover-20220825,002,1795
899.4755,899.5122,68437,81378,Rhinolophus ferrumequinum,0.02,0.02,-1,Echolocation,/mnt/ubna_data_01_mir/recover-20220825/UBNA_002/20220823_033000.WAV,Telephone Field,recover-20220825,002,1795
899.5115,899.551,68437,83079,Rhinolophus ferrumequinum,0.035,0.035,-1,Echolocation,/mnt/ubna_data_01_mir/recover-20220825/UBNA_002/20220823_033000.WAV,Telephone Field,recover-20220825,002,1795
899.5485,899.5552,40078,52792,Myotis brandtii,0.005,0.021,-1,Echolocation,/mnt/ubna_data_01_mir/recover-20220825/UBNA_002/20220823_033000.WAV,Telephone Field,recover-20220825,002,1795
899.5635,899.6033,68437,82711,Rhinolophus ferrumequinum,0.027,0.027,-1,Echolocation,/mnt/ubna_data_01_mir/recover-20220825/UBNA_002/20220823_033000.WAV,Telephone Field,recover-20220825,002,1795
899.5795,899.6168,68437,81804,Rhinolophus ferrumequinum,0.02,0.02,-1,Echolocation,/mnt/ubna_data_01_mir/recover-20220825/UBNA_002/20220823_033000.WAV,Telephone Field,recover-20220825,002,1795
899.6385,899.6482,28046,36837,Eptesicus serotinus,0.01,0.023,-1,Echolocation,/mnt/ubna_data_01_mir/recover-20220825/UBNA_002/20220823_033000.WAV,Telephone Field,recover-20220825,002,1795
899.6525,899.6605,50390,55537,Pipistrellus pipistrellus,0.018,0.02,-1,Echolocation,/mnt/ubna_data_01_mir/recover-20220825/UBNA_002/20220823_033000.WAV,Telephone Field,recover-20220825,002,1795
899.6695,899.7073,68437,81063,Rhinolophus ferrumequinum,0.023,0.023,-1,Echolocation,/mnt/ubna_data_01_mir/recover-20220825/UBNA_002/20220823_033000.WAV,Telephone Field,recover-20220825,002,1795
899.6805,899.7187,68437,82116,Rhinolophus ferrumequinum,0.021,0.021,-1,Echolocation,/mnt/ubna_data_01_mir/recover-20220825/UBNA_002/20220823_033000.WAV,Telephone Field,recover-20220825,002,1795
899.6935,899.7373,68437,83413,Rhinolophus ferrumequinum,0.023,0.023,-1,Echolocation,/mnt/ubna_data_01_mir/recover-20220825/UBNA_002/20220823_033000.WAV,Telephone Field,recover-20220825,002,1795
899.7025,899.7136,22031,26971,Nyctalus leisleri,0.013,0.026,-1,Echolocation,/mnt/ubna_data_01_mir/recover-20220825/UBNA_002/20220823_033000.WAV,Telephone Field,recover-20220825,002,1795
899.7215,899.7292,22890,30582,Plecotus austriacus,0.01,0.022,-1,Echolocation,/mnt/ubna_data_01_mir/recover-20220825/UBNA_002/20220823_033000.WAV,Telephone Field,recover-20220825,002,1795
899.7275,899.7667,68437,81806,Rhinolophus ferrumequinum,0.023,0.023,-1,Echolocation,/mnt/ubna_data_01_mir/recover-20220825/UBNA_002/20220823_033000.WAV,Telephone Field,recover-20220825,002,1795
899.7515,899.791,68437,82219,Rhinolophus ferrumequinum,0.023,0.023,-1,Echolocation,/mnt/ubna_data_01_mir/recover-20220825/UBNA_002/20220823_033000.WAV,Telephone Field,recover-20220825,002,1795
899.8005,899.8367,68437,81241,Rhinolophus ferrumequinum,0.02,0.02,-1,Echolocation,/mnt/ubna_data_01_mir/recover-20220825/UBNA_002/20220823_033000.WAV,Telephone Field,recover-20220825,002,1795
899.8055,899.8417,68437,81365,Rhinolophus ferrumequinum,0.021,0.021,-1,Echolocation,/mnt/ubna_data_01_mir/recover-20220825/UBNA_002/20220823_033000.WAV,Telephone Field,recover-20220825,002,1795
899.8285,899.8383,28046,35469,Eptesicus serotinus,0.017,0.033,-1,Echolocation,/mnt/ubna_data_01_mir/recover-20220825/UBNA_002/20220823_033000.WAV,Telephone Field,recover-20220825,002,1795
899.8495,899.8893,68437,82470,Rhinolophus ferrumequinum,0.021,0.021,-1,Echolocation,/mnt/ubna_data_01_mir/recover-20220825/UBNA_002/20220823_033000.WAV,Telephone Field,recover-20220825,002,1795
899.8665,899.9054,68437,82105,Rhinolophus ferrumequinum,0.021,0.021,-1,Echolocation,/mnt/ubna_data_01_mir/recover-20220825/UBNA_002/20220823_033000.WAV,Telephone Field,recover-20220825,002,1795
899.8745,899.8949,18593,21666,Nyctalus noctula,0.013,0.024,-1,Echolocation,/mnt/ubna_data_01_mir/recover-20220825/UBNA_002/20220823_033000.WAV,Telephone Field,recover-20220825,002,1795
899.8905,899.9279,68437,81964,Rhinolophus ferrumequinum,0.023,0.024,-1,Echolocation,/mnt/ubna_data_01_mir/recover-20220825/UBNA_002/20220823_033000.WAV,Telephone Field,recover-20220825,002,1795
899.9005,899.9077,34062,41673,Myotis daubentonii,0.008,0.02,-1,Echolocation,/mnt/ubna_data_01_mir/recover-20220825/UBNA_002/20220823_033000.WAV,Telephone Field,recover-20220825,002,1795
899.9035,899.9107,28046,37143,Eptesicus serotinus,0.006,0.02,-1,Echolocation,/mnt/ubna_data_01_mir/recover-20220825/UBNA_002/20220823_033000.WAV,Telephone Field,recover-20220825,002,1795
899.9145,899.9532,68437,82766,Rhinolophus ferrumequinum,0.024,0.024,-1,Echolocation,/mnt/ubna_data_01_mir/recover-20220825/UBNA_002/20220823_033000.WAV,Telephone Field,recover-20220825,002,1795
899.9435,899.9809,68437,82559,Rhinolophus ferrumequinum,0.024,0.025,-1,Echolocation,/mnt/ubna_data_01_mir/recover-20220825/UBNA_002/20220823_033000.WAV,Telephone Field,recover-20220825,002,1795
899.9565,899.9939,68437,81885,Rhinolophus ferrumequinum,0.021,0.021,-1,Echolocation,/mnt/ubna_data_01_mir/recover-20220825/UBNA_002/20220823_033000.WAV,Telephone Field,recover-20220825,002,1795
900.0015,900.0316,69296,82541,Rhinolophus ferrumequinum,0.051,0.051,-1,Echolocation,/mnt/ubna_data_01_mir/recover-20220825/UBNA_002/20220823_033000.WAV,Telephone Field,recover-20220825,002,1795
900.0015,900.0109,47812,52098,Pipistrellus pipistrellus,0.018,0.024,-1,Echolocation,/mnt/ubna_data_01_mir/recover-20220825/UBNA_002/20220823_033000.WAV,Telephone Field,recover-20220825,002,1795
900.0015,900.0101,26328,35608,Eptesicus serotinus,0.006,0.024,-1,Echolocation,/mnt/ubna_data_01_mir/recover-20220825/UBNA_002/20220823_033000.WAV,Telephone Field,recover-20220825,002,1795
900.0065,900.0171,28046,35996,Eptesicus serotinus,0.01,0.023,-1,Echolocation,/mnt/ubna_data_01_mir/recover-20220825/UBNA_002/20220823_033000.WAV,Telephone Field,recover-20220825,002,1795
900.0115,900.0485,68437,81999,Rhinolophus ferrumequinum,0.021,0.021,-1,Echolocation,/mnt/ubna_data_01_mir/recover-20220825/UBNA_002/20220823_033000.WAV,Telephone Field,recover-20220825,002,1795
900.0505,900.0903,68437,81972,Rhinolophus ferrumequinum,0.024,0.024,-1,Echolocation,/mnt/ubna_data_01_mir/recover-20220825/UBNA_002/20220823_033000.WAV,Telephone Field,recover-20220825,002,1795
900.0635,900.1022,68437,82087,Rhinolophus ferrumequinum,0.021,0.021,-1,Echolocation,/mnt/ubna_data_01_mir/recover-20220825/UBNA_002/20220823_033000.WAV,Telephone Field,recover-20220825,002,1795
900.0825,900.089,25468,40343,Plecotus austriacus,0.008,0.03,-1,Echolocation,/mnt/ubna_data_01_mir/recover-20220825/UBNA_002/20220823_033000.WAV,Telephone Field,recover-20220825,002,1795
900.0905,900.1277,68437,81861,Rhinolophus ferrumequinum,0.022,0.022,-1,Echolocation,/mnt/ubna_data_01_mir/recover-20220825/UBNA_002/20220823_033000.WAV,Telephone Field,recover-20220825,002,1795
900.1115,900.147,68437,81297,Rhinolophus ferrumequinum,0.021,0.021,-1,Echolocation,/mnt/ubna_data_01_mir/recover-20220825/UBNA_002/20220823_033000.WAV,Telephone Field,recover-20220825,002,1795
900.1655,900.2049,68437,82207,Rhinolophus ferrumequinum,0.023,0.023,-1,Echolocation,/mnt/ubna_data_01_mir/recover-20220825/UBNA_002/20220823_033000.WAV,Telephone Field,recover-20220825,002,1795
900.1665,900.1746,26328,37213,Eptesicus serotinus,0.007,0.023,-1,Echolocation,/mnt/ubna_data_01_mir/recover-20220825/UBNA_002/20220823_033000.WAV,Telephone Field,recover-20220825,002,1795
900.2285,900.2683,68437,82840,Rhinolophus ferrumequinum,0.022,0.022,-1,Echolocation,/mnt/ubna_data_01_mir/recover-20220825/UBNA_002/20220823_033000.WAV,Telephone Field,recover-20220825,002,1795
900.2305,900.239,51250,56865,Pipistrellus pipistrellus,0.025,0.029,-1,Echolocation,/mnt/ubna_data_01_mir/recover-20220825/UBNA_002/20220823_033000.WAV,Telephone Field,recover-20220825,002,1795
900.2475,900.2862,68437,82487,Rhinolophus ferrumequinum,0.023,0.023,-1,Echolocation,/mnt/ubna_data_01_mir/recover-20220825/UBNA_002/20220823_033000.WAV,Telephone Field,recover-20220825,002,1795
900.2595,900.2693,28046,36115,Eptesicus serotinus,0.01,0.025,-1,Echolocation,/mnt/ubna_data_01_mir/recover-20220825/UBNA_002/20220823_033000.WAV,Telephone Field,recover-20220825,002,1795
900.3175,900.3251,28046,39965,Eptesicus serotinus,0.008,0.025,-1,Echolocation,/mnt/ubna_data_01_mir/recover-20220825/UBNA_002/20220823_033000.WAV,Telephone Field,recover-20220825,002,1795
900.3535,900.3613,24609,33156,Plecotus austriacus,0.008,0.022,-1,Echolocation,/mnt/ubna_data_01_mir/recover-20220825/UBNA_002/20220823_033000.WAV,Telephone Field,recover-20220825,002,1795
900.3565,900.3646,29765,39064,Eptesicus serotinus,0.008,0.024,-1,Echolocation,/mnt/ubna_data_01_mir/recover-20220825/UBNA_002/20220823_033000.WAV,Telephone Field,recover-20220825,002,1795
900.4245,900.4652,68437,82156,Rhinolophus ferrumequinum,0.026,0.026,-1,Echolocation,/mnt/ubna_data_01_mir/recover-20220825/UBNA_002/20220823_033000.WAV,Telephone Field,recover-20220825,002,1795
900.4315,900.4725,68437,82719,Rhinolophus ferrumequinum,0.026,0.026,-1,Echolocation,/mnt/ubna_data_01_mir/recover-20220825/UBNA_002/20220823_033000.WAV,Telephone Field,recover-20220825,002,1795
900.4545,900.4977,68437,83387,Rhinolophus ferrumequinum,0.035,0.035,-1,Echolocation,/mnt/ubna_data_01_mir/recover-20220825/UBNA_002/20220823_033000.WAV,Telephone Field,recover-20220825,002,1795
900.4835,900.4908,48671,53076,Pipistrellus pipistrellus,0.02,0.022,-1,Echolocation,/mnt/ubna_data_01_mir/recover-20220825/UBNA_002/20220823_033000.WAV,Telephone Field,recover-20220825,002,1795
900.4875,900.4953,23750,31901,Plecotus austriacus,0.008,0.021,-1,Echolocation,/mnt/ubna_data_01_mir/recover-20220825/UBNA_002/20220823_033000.WAV,Telephone Field,recover-20220825,002,1795
900.5625,900.6035,68437,82351,Rhinolophus ferrumequinum,0.022,0.022,-1,Echolocation,/mnt/ubna_data_01_mir/recover-20220825/UBNA_002/20220823_033000.WAV,Telephone Field,recover-20220825,002,1795
900.5715,900.6121,68437,83307,Rhinolophus ferrumequinum,0.023,0.023,-1,Echolocation,/mnt/ubna_data_01_mir/recover-20220825/UBNA_002/20220823_033000.WAV,Telephone Field,recover-20220825,002,1795
900.7035,900.7423,68437,82061,Rhinolophus ferrumequinum,0.021,0.021,-1,Echolocation,/mnt/ubna_data_01_mir/recover-20220825/UBNA_002/20220823_033000.WAV,Telephone Field,recover-20220825,002,1795
900.7315,900.7387,24609,34514,Plecotus austriacus,0.008,0.022,-1,Echolocation,/mnt/ubna_data_01_mir/recover-20220825/UBNA_002/20220823_033000.WAV,Telephone Field,recover-20220825,002,1795
900.7435,900.7828,68437,81929,Rhinolophus ferrumequinum,0.023,0.023,-1,Echolocation,/mnt/ubna_data_01_mir/recover-20220825/UBNA_002/20220823_033000.WAV,Telephone Field,recover-20220825,002,1795
900.7705,900.8076,68437,81663,Rhinolophus ferrumequinum,0.022,0.022,-1,Echolocation,/mnt/ubna_data_01_mir/recover-20220825/UBNA_002/20220823_033000.WAV,Telephone Field,recover-20220825,002,1795
900.7935,900.834,68437,82460,Rhinolophus ferrumequinum,0.021,0.021,-1,Echolocation,/mnt/ubna_data_01_mir/recover-20220825/UBNA_002/20220823_033000.WAV,Telephone Field,recover-20220825,002,1795
900.7945,900.805,28046,35484,Eptesicus serotinus,0.009,0.021,-1,Echolocation,/mnt/ubna_data_01_mir/recover-20220825/UBNA_002/20220823_033000.WAV,Telephone Field,recover-20220825,002,1795
900.8495,900.8907,68437,82842,Rhinolophus ferrumequinum,0.035,0.035,-1,Echolocation,/mnt/ubna_data_01_mir/recover-20220825/UBNA_002/20220823_033000.WAV,Telephone Field,recover-20220825,002,1795
900.8505,900.8613,23750,30678,Nyctalus leisleri,0.009,0.023,-1,Echolocation,/mnt/ubna_data_01_mir/recover-20220825/UBNA_002/20220823_033000.WAV,Telephone Field,recover-20220825,002,1795
900.8555,900.8638,23750,31695,Plecotus austriacus,0.008,0.023,-1,Echolocation,/mnt/ubna_data_01_mir/recover-20220825/UBNA_002/20220823_033000.WAV,Telephone Field,recover-20220825,002,1795
900.8745,900.9154,68437,81759,Rhinolophus ferrumequinum,0.023,0.024,-1,Echolocation,/mnt/ubna_data_01_mir/recover-20220825/UBNA_002/20220823_033000.WAV,Telephone Field,recover-20220825,002,1795
900.9035,900.9424,68437,82266,Rhinolophus ferrumequinum,0.022,0.022,-1,Echolocation,/mnt/ubna_data_01_mir/recover-20220825/UBNA_002/20220823_033000.WAV,Telephone Field,recover-20220825,002,1795
900.9465,900.9552,28906,39027,Eptesicus serotinus,0.01,0.026,-1,Echolocation,/mnt/ubna_data_01_mir/recover-20220825/UBNA_002/20220823_033000.WAV,Telephone Field,recover-20220825,002,1795
900.9635,901.0025,68437,82014,Rhinolophus ferrumequinum,0.022,0.022,-1,Echolocation,/mnt/ubna_data_01_mir/recover-20220825/UBNA_002/20220823_033000.WAV,Telephone Field,recover-20220825,002,1795
900.9965,901.0348,68437,82294,Rhinolophus ferrumequinum,0.025,0.025,-1,Echolocation,/mnt/ubna_data_01_mir/recover-20220825/UBNA_002/20220823_033000.WAV,Telephone Field,recover-20220825,002,1795
901.0515,901.0622,23750,30005,Nyctalus leisleri,0.01,0.026,-1,Echolocation,/mnt/ubna_data_01_mir/recover-20220825/UBNA_002/20220823_033000.WAV,Telephone Field,recover-20220825,002,1795
901.1005,901.1368,68437,81748,Rhinolophus ferrumequinum,0.022,0.022,-1,Echolocation,/mnt/ubna_data_01_mir/recover-20220825/UBNA_002/20220823_033000.WAV,Telephone Field,recover-20220825,002,1795
901.1135,901.1214,24609,33612,Plecotus austriacus,0.009,0.026,-1,Echolocation,/mnt/ubna_data_01_mir/recover-20220825/UBNA_002/20220823_033000.WAV,Telephone Field,recover-20220825,002,1795
901.1195,901.1282,46953,50552,Pipistrellus pipistrellus,0.023,0.024,-1,Echolocation,/mnt/ubna_data_01_mir/recover-20220825/UBNA_002/20220823_033000.WAV,Telephone Field,recover-20220825,002,1795
901.1535,901.1596,46093,52383,Pipistrellus pipistrellus,0.018,0.021,-1,Echolocation,/mnt/ubna_data_01_mir/recover-20220825/UBNA_002/20220823_033000.WAV,Telephone Field,recover-20220825,002,1795
901.1775,901.1855,28046,38895,Eptesicus serotinus,0.007,0.021,-1,Echolocation,/mnt/ubna_data_01_mir/recover-20220825/UBNA_002/20220823_033000.WAV,Telephone Field,recover-20220825,002,1795
901.2075,901.2484,68437,82650,Rhinolophus ferrumequinum,0.022,0.022,-1,Echolocation,/mnt/ubna_data_01_mir/recover-20220825/UBNA_002/20220823_033000.WAV,Telephone Field,recover-20220825,002,1795
901.2185,901.2582,68437,82466,Rhinolophus ferrumequinum,0.024,0.024,-1,Echolocation,/mnt/ubna_data_01_mir/recover-20220825/UBNA_002/20220823_033000.WAV,Telephone Field,recover-20220825,002,1795
901.2235,901.2629,68437,82596,Rhinolophus ferrumequinum,0.024,0.024,-1,Echolocation,/mnt/ubna_data_01_mir/recover-20220825/UBNA_002/20220823_033000.WAV,Telephone Field,recover-20220825,002,1795
901.2355,901.2429,23750,32165,Plecotus austriacus,0.01,0.023,-1,Echolocation,/mnt/ubna_data_01_mir/recover-20220825/UBNA_002/20220823_033000.WAV,Telephone Field,recover-20220825,002,1795
901.2535,901.2639,28906,35673,Eptesicus serotinus,0.011,0.026,-1,Echolocation,/mnt/ubna_data_01_mir/recover-20220825/UBNA_002/20220823_033000.WAV,Telephone Field,recover-20220825,002,1795
901.3255,901.3684,68437,83240,Rhinolophus ferrumequinum,0.027,0.027,-1,Echolocation,/mnt/ubna_data_01_mir/recover-20220825/UBNA_002/20220823_033000.WAV,Telephone Field,recover-20220825,002,1795
901.3305,901.3395,28046,38049,Eptesicus serotinus,0.008,0.021,-1,Echolocation,/mnt/ubna_data_01_mir/recover-20220825/UBNA_002/20220823_033000.WAV,Telephone Field,recover-20220825,002,1795
901.3455,901.3849,68437,82861,Rhinolophus ferrumequinum,0.034,0.034,-1,Echolocation,/mnt/ubna_data_01_mir/recover-20220825/UBNA_002/20220823_033000.WAV,Telephone Field,recover-20220825,002,1795
901.3675,901.4048,68437,81861,Rhinolophus ferrumequinum,0.022,0.022,-1,Echolocation,/mnt/ubna_data_01_mir/recover-20220825/UBNA_002/20220823_033000.WAV,Telephone Field,recover-20220825,002,1795
901.3745,901.4138,68437,81821,Rhinolophus ferrumequinum,0.021,0.021,-1,Echolocation,/mnt/ubna_data_01_mir/recover-20220825/UBNA_002/20220823_033000.WAV,Telephone Field,recover-20220825,002,1795
901.3875,901.3962,28046,38701,Eptesicus serotinus,0.01,0.027,-1,Echolocation,/mnt/ubna_data_01_mir/recover-20220825/UBNA_002/20220823_033000.WAV,Telephone Field,recover-20220825,002,1795
901.3875,901.3948,45234,52282,Pipistrellus pipistrellus,0.021,0.022,-1,Echolocation,/mnt/ubna_data_01_mir/recover-20220825/UBNA_002/20220823_033000.WAV,Telephone Field,recover-20220825,002,1795
901.4115,901.4214,26328,33415,Eptesicus serotinus,0.01,0.023,-1,Echolocation,/mnt/ubna_data_01_mir/recover-20220825/UBNA_002/20220823_033000.WAV,Telephone Field,recover-20220825,002,1795
901.4505,901.4593,28906,38812,Eptesicus serotinus,0.041,0.068,-1,Echolocation,/mnt/ubna_data_01_mir/recover-20220825/UBNA_002/20220823_033000.WAV,Telephone Field,recover-20220825,002,1795
901.4905,901.5298,68437,81666,Rhinolophus ferrumequinum,0.021,0.021,-1,Echolocation,/mnt/ubna_data_01_mir/recover-20220825/UBNA_002/20220823_033000.WAV,Telephone Field,recover-20220825,002,1795
901.4975,901.5084,27187,36056,Eptesicus serotinus,0.011,0.025,-1,Echolocation,/mnt/ubna_data_01_mir/recover-20220825/UBNA_002/20220823_033000.WAV,Telephone Field,recover-20220825,002,1795
901.6745,901.7154,68437,82252,Rhinolophus ferrumequinum,0.021,0.021,-1,Echolocation,/mnt/ubna_data_01_mir/recover-20220825/UBNA_002/20220823_033000.WAV,Telephone Field,recover-20220825,002,1795
901.6845,901.7246,68437,82818,Rhinolophus ferrumequinum,0.022,0.022,-1,Echolocation,/mnt/ubna_data_01_mir/recover-20220825/UBNA_002/20220823_033000.WAV,Telephone Field,recover-20220825,002,1795
901.7125,901.7532,68437,82171,Rhinolophus ferrumequinum,0.022,0.022,-1,Echolocation,/mnt/ubna_data_01_mir/recover-20220825/UBNA_002/20220823_033000.WAV,Telephone Field,recover-20220825,002,1795
901.7375,901.7534,14296,18206,Nyctalus noctula,0.021,0.032,-1,Echolocation,/mnt/ubna_data_01_mir/recover-20220825/UBNA_002/20220823_033000.WAV,Telephone Field,recover-20220825,002,1795
901.7395,901.7789,68437,82494,Rhinolophus ferrumequinum,0.021,0.021,-1,Echolocation,/mnt/ubna_data_01_mir/recover-20220825/UBNA_002/20220823_033000.WAV,Telephone Field,recover-20220825,002,1795
901.8155,901.8593,68437,83582,Rhinolophus ferrumequinum,0.041,0.041,-1,Echolocation,/mnt/ubna_data_01_mir/recover-20220825/UBNA_002/20220823_033000.WAV,Telephone Field,recover-20220825,002,1795
901.8485,901.8553,27187,37746,Eptesicus serotinus,0.008,0.023,-1,Echolocation,/mnt/ubna_data_01_mir/recover-20220825/UBNA_002/20220823_033000.WAV,Telephone Field,recover-20220825,002,1795
901.8525,901.8645,44375,47970,Pipistrellus pipistrellus,0.04,0.049,-1,Echolocation,/mnt/ubna_data_01_mir/recover-20220825/UBNA_002/20220823_033000.WAV,Telephone Field,recover-20220825,002,1795
901.8805,901.924,68437,83531,Rhinolophus ferrumequinum,0.053,0.053,-1,Echolocation,/mnt/ubna_data_01_mir/recover-20220825/UBNA_002/20220823_033000.WAV,Telephone Field,recover-20220825,002,1795
901.9725,901.9834,28046,35751,Eptesicus serotinus,0.013,0.027,-1,Echolocation,/mnt/ubna_data_01_mir/recover-20220825/UBNA_002/20220823_033000.WAV,Telephone Field,recover-20220825,002,1795
901.9865,901.9963,44375,51838,Pipistrellus pipistrellus,0.018,0.024,-1,Echolocation,/mnt/ubna_data_01_mir/recover-20220825/UBNA_002/20220823_033000.WAV,Telephone Field,recover-20220825,002,1795
901.9875,901.9967,28046,39948,Eptesicus serotinus,0.01,0.023,-1,Echolocation,/mnt/ubna_data_01_mir/recover-20220825/UBNA_002/20220823_033000.WAV,Telephone Field,recover-20220825,002,1795
902.0015,902.0321,68437,79521,Rhinolophus ferrumequinum,0.038,0.038,-1,Echolocation,/mnt/ubna_data_01_mir/recover-20220825/UBNA_002/20220823_033000.WAV,Telephone Field,recover-20220825,002,1795
902.0015,902.0097,39218,47637,Pipistrellus nathusii,0.01,0.025,-1,Echolocation,/mnt/ubna_data_01_mir/recover-20220825/UBNA_002/20220823_033000.WAV,Telephone Field,recover-20220825,002,1795
902.0015,902.0138,55546,62446,Pipistrellus pygmaeus,0.032,0.035,-1,Echolocation,/mnt/ubna_data_01_mir/recover-20220825/UBNA_002/20220823_033000.WAV,Telephone Field,recover-20220825,002,1795
902.0015,902.0098,25468,37503,Eptesicus serotinus,0.005,0.029,-1,Echolocation,/mnt/ubna_data_01_mir/recover-20220825/UBNA_002/20220823_033000.WAV,Telephone Field,recover-20220825,002,1795
902.0415,902.0472,31484,50955,Myotis daubentonii,0.013,0.024,-1,Echolocation,/mnt/ubna_data_01_mir/recover-20220825/UBNA_002/20220823_033000.WAV,Telephone Field,recover-20220825,002,1795
902.0915,902.0976,26328,39445,Eptesicus serotinus,0.006,0.024,-1,Echolocation,/mnt/ubna_data_01_mir/recover-20220825/UBNA_002/20220823_033000.WAV,Telephone Field,recover-20220825,002,1795
902.1105,902.1192,26328,37001,Eptesicus serotinus,0.009,0.022,-1,Echolocation,/mnt/ubna_data_01_mir/recover-20220825/UBNA_002/20220823_033000.WAV,Telephone Field,recover-20220825,002,1795
902.1175,902.125,26328,36063,Eptesicus serotinus,0.008,0.023,-1,Echolocation,/mnt/ubna_data_01_mir/recover-20220825/UBNA_002/20220823_033000.WAV,Telephone Field,recover-20220825,002,1795
902.1265,902.1337,26328,36972,Eptesicus serotinus,0.006,0.022,-1,Echolocation,/mnt/ubna_data_01_mir/recover-20220825/UBNA_002/20220823_033000.WAV,Telephone Field,recover-20220825,002,1795
902.1275,902.1372,40937,49894,Pipistrellus nathusii,0.017,0.03,-1,Echolocation,/mnt/ubna_data_01_mir/recover-20220825/UBNA_002/20220823_033000.WAV,Telephone Field,recover-20220825,002,1795
902.1335,902.1409,26328,39848,Eptesicus serotinus,0.007,0.022,-1,Echolocation,/mnt/ubna_data_01_mir/recover-20220825/UBNA_002/20220823_033000.WAV,Telephone Field,recover-20220825,002,1795
902.1725,902.2091,68437,81850,Rhinolophus ferrumequinum,0.031,0.031,-1,Echolocation,/mnt/ubna_data_01_mir/recover-20220825/UBNA_002/20220823_033000.WAV,Telephone Field,recover-20220825,002,1795
902.2285,902.2357,28046,36423,Eptesicus serotinus,0.008,0.023,-1,Echolocation,/mnt/ubna_data_01_mir/recover-20220825/UBNA_002/20220823_033000.WAV,Telephone Field,recover-20220825,002,1795
902.2505,902.2618,23750,29022,Nyctalus leisleri,0.01,0.023,-1,Echolocation,/mnt/ubna_data_01_mir/recover-20220825/UBNA_002/20220823_033000.WAV,Telephone Field,recover-20220825,002,1795
902.2585,902.2662,28046,39272,Eptesicus serotinus,0.007,0.022,-1,Echolocation,/mnt/ubna_data_01_mir/recover-20220825/UBNA_002/20220823_033000.WAV,Telephone Field,recover-20220825,002,1795
902.2845,902.2957,22031,27042,Nyctalus leisleri,0.01,0.022,-1,Echolocation,/mnt/ubna_data_01_mir/recover-20220825/UBNA_002/20220823_033000.WAV,Telephone Field,recover-20220825,002,1795
902.2975,902.3078,24609,31450,Eptesicus serotinus,0.011,0.028,-1,Echolocation,/mnt/ubna_data_01_mir/recover-20220825/UBNA_002/20220823_033000.WAV,Telephone Field,recover-20220825,002,1795
902.2995,902.3357,68437,81763,Rhinolophus ferrumequinum,0.021,0.022,-1,Echolocation,/mnt/ubna_data_01_mir/recover-20220825/UBNA_002/20220823_033000.WAV,Telephone Field,recover-20220825,002,1795
902.3445,902.386,68437,82418,Rhinolophus ferrumequinum,0.025,0.025,-1,Echolocation,/mnt/ubna_data_01_mir/recover-20220825/UBNA_002/20220823_033000.WAV,Telephone Field,recover-20220825,002,1795
902.4265,902.4653,68437,82435,Rhinolophus ferrumequinum,0.022,0.022,-1,Echolocation,/mnt/ubna_data_01_mir/recover-20220825/UBNA_002/20220823_033000.WAV,Telephone Field,recover-20220825,002,1795
902.4335,902.443,40078,44714,Pipistrellus nathusii,0.087,0.104,-1,Echolocation,/mnt/ubna_data_01_mir/recover-20220825/UBNA_002/20220823_033000.WAV,Telephone Field,recover-20220825,002,1795
902.4385,902.4463,27187,35183,Eptesicus serotinus,0.007,0.023,-1,Echolocation,/mnt/ubna_data_01_mir/recover-20220825/UBNA_002/20220823_033000.WAV,Telephone Field,recover-20220825,002,1795
902.5175,902.557,68437,82492,Rhinolophus ferrumequinum,0.026,0.026,-1,Echolocation,/mnt/ubna_data_01_mir/recover-20220825/UBNA_002/20220823_033000.WAV,Telephone Field,recover-20220825,002,1795
902.5235,902.5322,26328,35317,Eptesicus serotinus,0.008,0.023,-1,Echolocation,/mnt/ubna_data_01_mir/recover-20220825/UBNA_002/20220823_033000.WAV,Telephone Field,recover-20220825,002,1795
902.5355,902.5409,37500,48903,Myotis daubentonii,0.017,0.038,-1,Echolocation,/mnt/ubna_data_01_mir/recover-20220825/UBNA_002/20220823_033000.WAV,Telephone Field,recover-20220825,002,1795
902.5585,902.5668,26328,36596,Eptesicus serotinus,0.008,0.022,-1,Echolocation,/mnt/ubna_data_01_mir/recover-20220825/UBNA_002/20220823_033000.WAV,Telephone Field,recover-20220825,002,1795
902.5585,902.5974,68437,82206,Rhinolophus ferrumequinum,0.026,0.026,-1,Echolocation,/mnt/ubna_data_01_mir/recover-20220825/UBNA_002/20220823_033000.WAV,Telephone Field,recover-20220825,002,1795
902.6185,902.6255,35781,49759,Myotis brandtii,0.01,0.028,-1,Echolocation,/mnt/ubna_data_01_mir/recover-20220825/UBNA_002/20220823_033000.WAV,Telephone Field,recover-20220825,002,1795
902.6285,902.6366,41796,46551,Pipistrellus nathusii,0.017,0.032,-1,Echolocation,/mnt/ubna_data_01_mir/recover-20220825/UBNA_002/20220823_033000.WAV,Telephone Field,recover-20220825,002,1795
902.6305,902.6375,35781,44365,Barbastellus barbastellus,0.013,0.036,-1,Echolocation,/mnt/ubna_data_01_mir/recover-20220825/UBNA_002/20220823_033000.WAV,Telephone Field,recover-20220825,002,1795
902.6335,902.6404,25468,37991,Eptesicus serotinus,0.007,0.023,-1,Echolocation,/mnt/ubna_data_01_mir/recover-20220825/UBNA_002/20220823_033000.WAV,Telephone Field,recover-20220825,002,1795
902.6515,902.6587,31484,44306,Myotis daubentonii,0.01,0.026,-1,Echolocation,/mnt/ubna_data_01_mir/recover-20220825/UBNA_002/20220823_033000.WAV,Telephone Field,recover-20220825,002,1795
902.6755,902.6825,27187,36300,Eptesicus serotinus,0.009,0.027,-1,Echolocation,/mnt/ubna_data_01_mir/recover-20220825/UBNA_002/20220823_033000.WAV,Telephone Field,recover-20220825,002,1795
902.6895,902.6968,26328,35989,Eptesicus serotinus,0.007,0.025,-1,Echolocation,/mnt/ubna_data_01_mir/recover-20220825/UBNA_002/20220823_033000.WAV,Telephone Field,recover-20220825,002,1795
902.7285,902.7348,36640,44748,Barbastellus barbastellus,0.039,0.059,-1,Echolocation,/mnt/ubna_data_01_mir/recover-20220825/UBNA_002/20220823_033000.WAV,Telephone Field,recover-20220825,002,1795
902.7435,902.7538,26328,34159,Eptesicus serotinus,0.013,0.026,-1,Echolocation,/mnt/ubna_data_01_mir/recover-20220825/UBNA_002/20220823_033000.WAV,Telephone Field,recover-20220825,002,1795
902.7515,902.7579,28046,38113,Eptesicus serotinus,0.008,0.028,-1,Echolocation,/mnt/ubna_data_01_mir/recover-20220825/UBNA_002/20220823_033000.WAV,Telephone Field,recover-20220825,002,1795
902.7785,902.7885,24609,30961,Nyctalus leisleri,0.007,0.021,-1,Echolocation,/mnt/ubna_data_01_mir/recover-20220825/UBNA_002/20220823_033000.WAV,Telephone Field,recover-20220825,002,1795
902.7815,902.8159,68437,81592,Rhinolophus ferrumequinum,0.022,0.022,-1,Echolocation,/mnt/ubna_data_01_mir/recover-20220825/UBNA_002/20220823_033000.WAV,Telephone Field,recover-20220825,002,1795
902.8225,902.8296,26328,36995,Eptesicus serotinus,0.007,0.023,-1,Echolocation,/mnt/ubna_data_01_mir/recover-20220825/UBNA_002/20220823_033000.WAV,Telephone Field,recover-20220825,002,1795
902.8295,902.835,38359,49580,Myotis brandtii,0.03,0.078,-1,Echolocation,/mnt/ubna_data_01_mir/recover-20220825/UBNA_002/20220823_033000.WAV,Telephone Field,recover-20220825,002,1795
902.8505,902.891,68437,82818,Rhinolophus ferrumequinum,0.022,0.022,-1,Echolocation,/mnt/ubna_data_01_mir/recover-20220825/UBNA_002/20220823_033000.WAV,Telephone Field,recover-20220825,002,1795
902.8635,902.8711,48671,52495,Pipistrellus pipistrellus,0.039,0.043,-1,Echolocation,/mnt/ubna_data_01_mir/recover-20220825/UBNA_002/20220823_033000.WAV,Telephone Field,recover-20220825,002,1795
902.8635,902.8753,24609,31547,Eptesicus serotinus,0.011,0.028,-1,Echolocation,/mnt/ubna_data_01_mir/recover-20220825/UBNA_002/20220823_033000.WAV,Telephone Field,recover-20220825,002,1795
902.8845,902.8952,26328,33639,Eptesicus serotinus,0.01,0.023,-1,Echolocation,/mnt/ubna_data_01_mir/recover-20220825/UBNA_002/20220823_033000.WAV,Telephone Field,recover-20220825,002,1795
902.9175,902.9244,26328,37288,Eptesicus serotinus,0.007,0.023,-1,Echolocation,/mnt/ubna_data_01_mir/recover-20220825/UBNA_002/20220823_033000.WAV,Telephone Field,recover-20220825,002,1795
902.9255,902.9329,40937,47457,Pipistrellus nathusii,0.066,0.146,-1,Echolocation,/mnt/ubna_data_01_mir/recover-20220825/UBNA_002/20220823_033000.WAV,Telephone Field,recover-20220825,002,1795
902.9255,902.9609,68437,81842,Rhinolophus ferrumequinum,0.022,0.022,-1,Echolocation,/mnt/ubna_data_01_mir/recover-20220825/UBNA_002/20220823_033000.WAV,Telephone Field,recover-20220825,002,1795
902.9365,902.9469,27187,33866,Eptesicus serotinus,0.009,0.022,-1,Echolocation,/mnt/ubna_data_01_mir/recover-20220825/UBNA_002/20220823_033000.WAV,Telephone Field,recover-20220825,002,1795
902.9415,902.9503,28046,35115,Eptesicus serotinus,0.008,0.022,-1,Echolocation,/mnt/ubna_data_01_mir/recover-20220825/UBNA_002/20220823_033000.WAV,Telephone Field,recover-20220825,002,1795
902.9715,903.0106,68437,82195,Rhinolophus ferrumequinum,0.022,0.022,-1,Echolocation,/mnt/ubna_data_01_mir/recover-20220825/UBNA_002/20220823_033000.WAV,Telephone Field,recover-20220825,002,1795
903.0175,903.0249,40937,48470,Pipistrellus nathusii,0.144,0.332,-1,Echolocation,/mnt/ubna_data_01_mir/recover-20220825/UBNA_002/20220823_033000.WAV,Telephone Field,recover-20220825,002,1795
903.0405,903.0796,68437,82596,Rhinolophus ferrumequinum,0.023,0.023,-1,Echolocation,/mnt/ubna_data_01_mir/recover-20220825/UBNA_002/20220823_033000.WAV,Telephone Field,recover-20220825,002,1795
903.0505,903.0618,23750,29562,Nyctalus leisleri,0.011,0.027,-1,Echolocation,/mnt/ubna_data_01_mir/recover-20220825/UBNA_002/20220823_033000.WAV,Telephone Field,recover-20220825,002,1795
903.0555,903.0666,22890,28106,Nyctalus leisleri,0.013,0.028,-1,Echolocation,/mnt/ubna_data_01_mir/recover-20220825/UBNA_002/20220823_033000.WAV,Telephone Field,recover-20220825,002,1795
903.0615,903.0683,27187,39998,Eptesicus serotinus,0.008,0.031,-1,Echolocation,/mnt/ubna_data_01_mir/recover-20220825/UBNA_002/20220823_033000.WAV,Telephone Field,recover-20220825,002,1795
903.0705,903.1135,68437,82956,Rhinolophus ferrumequinum,0.037,0.037,-1,Echolocation,/mnt/ubna_data_01_mir/recover-20220825/UBNA_002/20220823_033000.WAV,Telephone Field,recover-20220825,002,1795
903.1085,903.1505,68437,82552,Rhinolophus ferrumequinum,0.024,0.024,-1,Echolocation,/mnt/ubna_data_01_mir/recover-20220825/UBNA_002/20220823_033000.WAV,Telephone Field,recover-20220825,002,1795
903.1155,903.1218,39218,47563,Pipistrellus nathusii,0.272,0.439,-1,Echolocation,/mnt/ubna_data_01_mir/recover-20220825/UBNA_002/20220823_033000.WAV,Telephone Field,recover-20220825,002,1795
903.1495,903.1586,57265,62704,Pipistrellus pygmaeus,0.021,0.021,-1,Echolocation,/mnt/ubna_data_01_mir/recover-20220825/UBNA_002/20220823_033000.WAV,Telephone Field,recover-20220825,002,1795
903.1505,903.1581,27187,38783,Eptesicus serotinus,0.007,0.022,-1,Echolocation,/mnt/ubna_data_01_mir/recover-20220825/UBNA_002/20220823_033000.WAV,Telephone Field,recover-20220825,002,1795
903.1915,903.1981,38359,47280,Pipistrellus nathusii,0.145,0.428,-1,Echolocation,/mnt/ubna_data_01_mir/recover-20220825/UBNA_002/20220823_033000.WAV,Telephone Field,recover-20220825,002,1795
903.2035,903.2122,26328,33049,Eptesicus serotinus,0.007,0.022,-1,Echolocation,/mnt/ubna_data_01_mir/recover-20220825/UBNA_002/20220823_033000.WAV,Telephone Field,recover-20220825,002,1795
903.2285,903.2365,27187,38627,Eptesicus serotinus,0.009,0.023,-1,Echolocation,/mnt/ubna_data_01_mir/recover-20220825/UBNA_002/20220823_033000.WAV,Telephone Field,recover-20220825,002,1795
903.2515,903.2612,24609,30022,Nyctalus leisleri,0.011,0.027,-1,Echolocation,/mnt/ubna_data_01_mir/recover-20220825/UBNA_002/20220823_033000.WAV,Telephone Field,recover-20220825,002,1795
903.2645,903.2697,38359,51932,Pipistrellus nathusii,0.273,0.428,-1,Echolocation,/mnt/ubna_data_01_mir/recover-20220825/UBNA_002/20220823_033000.WAV,Telephone Field,recover-20220825,002,1795
903.2735,903.2811,26328,33357,Eptesicus serotinus,0.007,0.023,-1,Echolocation,/mnt/ubna_data_01_mir/recover-20220825/UBNA_002/20220823_033000.WAV,Telephone Field,recover-20220825,002,1795
903.3355,903.3422,39218,50595,Pipistrellus nathusii,0.111,0.383,-1,Echolocation,/mnt/ubna_data_01_mir/recover-20220825/UBNA_002/20220823_033000.WAV,Telephone Field,recover-20220825,002,1795
903.3385,903.3435,28046,46764,Myotis daubentonii,0.035,0.067,-1,Echolocation,/mnt/ubna_data_01_mir/recover-20220825/UBNA_002/20220823_033000.WAV,Telephone Field,recover-20220825,002,1795
903.3765,903.3821,26328,36221,Plecotus auritus,0.007,0.026,-1,Echolocation,/mnt/ubna_data_01_mir/recover-20220825/UBNA_002/20220823_033000.WAV,Telephone Field,recover-20220825,002,1795
903.4095,903.4149,36640,52329,Pipistrellus nathusii,0.157,0.424,-1,Echolocation,/mnt/ubna_data_01_mir/recover-20220825/UBNA_002/20220823_033000.WAV,Telephone Field,recover-20220825,002,1795
903.4185,903.4239,31484,42774,Myotis daubentonii,0.012,0.024,-1,Echolocation,/mnt/ubna_data_01_mir/recover-20220825/UBNA_002/20220823_033000.WAV,Telephone Field,recover-20220825,002,1795
903.4405,903.4839,68437,83182,Rhinolophus ferrumequinum,0.033,0.033,-1,Echolocation,/mnt/ubna_data_01_mir/recover-20220825/UBNA_002/20220823_033000.WAV,Telephone Field,recover-20220825,002,1795
903.4605,903.4684,26328,37416,Eptesicus serotinus,0.007,0.023,-1,Echolocation,/mnt/ubna_data_01_mir/recover-20220825/UBNA_002/20220823_033000.WAV,Telephone Field,recover-20220825,002,1795
903.5015,903.5072,39218,47846,Barbastellus barbastellus,0.119,0.214,-1,Echolocation,/mnt/ubna_data_01_mir/recover-20220825/UBNA_002/20220823_033000.WAV,Telephone Field,recover-20220825,002,1795
903.5215,903.5609,68437,82375,Rhinolophus ferrumequinum,0.023,0.023,-1,Echolocation,/mnt/ubna_data_01_mir/recover-20220825/UBNA_002/20220823_033000.WAV,Telephone Field,recover-20220825,002,1795
903.5865,903.5945,40078,46074,Pipistrellus nathusii,0.011,0.022,-1,Echolocation,/mnt/ubna_data_01_mir/recover-20220825/UBNA_002/20220823_033000.WAV,Telephone Field,recover-20220825,002,1795
903.5915,903.6309,68437,81566,Rhinolophus ferrumequinum,0.023,0.023,-1,Echolocation,/mnt/ubna_data_01_mir/recover-20220825/UBNA_002/20220823_033000.WAV,Telephone Field,recover-20220825,002,1795
903.5965,903.6353,68437,81996,Rhinolophus ferrumequinum,0.023,0.023,-1,Echolocation,/mnt/ubna_data_01_mir/recover-20220825/UBNA_002/20220823_033000.WAV,Telephone Field,recover-20220825,002,1795
903.6125,903.6332,22890,25955,Nyctalus leisleri,0.032,0.052,-1,Echolocation,/mnt/ubna_data_01_mir/recover-20220825/UBNA_002/20220823_033000.WAV,Telephone Field,recover-20220825,002,1795
903.6135,903.6527,68437,82309,Rhinolophus ferrumequinum,0.023,0.023,-1,Echolocation,/mnt/ubna_data_01_mir/recover-20220825/UBNA_002/20220823_033000.WAV,Telephone Field,recover-20220825,002,1795
903.6405,903.6479,27187,37420,Eptesicus serotinus,0.006,0.022,-1,Echolocation,/mnt/ubna_data_01_mir/recover-20220825/UBNA_002/20220823_033000.WAV,Telephone Field,recover-20220825,002,1795
903.6735,903.714,68437,82440,Rhinolophus ferrumequinum,0.022,0.022,-1,Echolocation,/mnt/ubna_data_01_mir/recover-20220825/UBNA_002/20220823_033000.WAV,Telephone Field,recover-20220825,002,1795
903.6765,903.685,44375,51517,Pipistrellus pipistrellus,0.013,0.021,-1,Echolocation,/mnt/ubna_data_01_mir/recover-20220825/UBNA_002/20220823_033000.WAV,Telephone Field,recover-20220825,002,1795
903.6835,903.6907,26328,37820,Eptesicus serotinus,0.006,0.023,-1,Echolocation,/mnt/ubna_data_01_mir/recover-20220825/UBNA_002/20220823_033000.WAV,Telephone Field,recover-20220825,002,1795
903.7085,903.7149,30625,46046,Myotis daubentonii,0.011,0.024,-1,Echolocation,/mnt/ubna_data_01_mir/recover-20220825/UBNA_002/20220823_033000.WAV,Telephone Field,recover-20220825,002,1795
903.7515,903.7933,68437,83188,Rhinolophus ferrumequinum,0.029,0.029,-1,Echolocation,/mnt/ubna_data_01_mir/recover-20220825/UBNA_002/20220823_033000.WAV,Telephone Field,recover-20220825,002,1795
903.7905,903.7996,42656,50128,Pipistrellus pipistrellus,0.009,0.026,-1,Echolocation,/mnt/ubna_data_01_mir/recover-20220825/UBNA_002/20220823_033000.WAV,Telephone Field,recover-20220825,002,1795
903.8465,903.8609,22031,26685,Nyctalus leisleri,0.016,0.033,-1,Echolocation,/mnt/ubna_data_01_mir/recover-20220825/UBNA_002/20220823_033000.WAV,Telephone Field,recover-20220825,002,1795
903.8845,903.8984,24609,29405,Eptesicus serotinus,0.067,0.14,-1,Echolocation,/mnt/ubna_data_01_mir/recover-20220825/UBNA_002/20220823_033000.WAV,Telephone Field,recover-20220825,002,1795
903.9065,903.915,27187,38223,Eptesicus serotinus,0.009,0.023,-1,Echolocation,/mnt/ubna_data_01_mir/recover-20220825/UBNA_002/20220823_033000.WAV,Telephone Field,recover-20220825,002,1795
903.9785,903.9859,27187,36958,Eptesicus serotinus,0.007,0.022,-1,Echolocation,/mnt/ubna_data_01_mir/recover-20220825/UBNA_002/20220823_033000.WAV,Telephone Field,recover-20220825,002,1795
904.0015,904.0103,46093,51747,Pipistrellus pipistrellus,0.014,0.024,-1,Echolocation,/mnt/ubna_data_01_mir/recover-20220825/UBNA_002/20220823_033000.WAV,Telephone Field,recover-20220825,002,1795
904.0015,904.0342,68437,79650,Rhinolophus ferrumequinum,0.033,0.033,-1,Echolocation,/mnt/ubna_data_01_mir/recover-20220825/UBNA_002/20220823_033000.WAV,Telephone Field,recover-20220825,002,1795
904.0015,904.0119,25468,34194,Eptesicus serotinus,0.014,0.037,-1,Echolocation,/mnt/ubna_data_01_mir/recover-20220825/UBNA_002/20220823_033000.WAV,Telephone Field,recover-20220825,002,1795
904.0545,904.0642,27187,35776,Eptesicus serotinus,0.01,0.024,-1,Echolocation,/mnt/ubna_data_01_mir/recover-20220825/UBNA_002/20220823_033000.WAV,Telephone Field,recover-20220825,002,1795
904.1235,904.1347,22890,28323,Nyctalus leisleri,0.011,0.024,-1,Echolocation,/mnt/ubna_data_01_mir/recover-20220825/UBNA_002/20220823_033000.WAV,Telephone Field,recover-20220825,002,1795
904.1385,904.1494,24609,29966,Nyctalus leisleri,0.013,0.03,-1,Echolocation,/mnt/ubna_data_01_mir/recover-20220825/UBNA_002/20220823_033000.WAV,Telephone Field,recover-20220825,002,1795
904.2105,904.2167,26328,40724,Eptesicus serotinus,0.006,0.028,-1,Echolocation,/mnt/ubna_data_01_mir/recover-20220825/UBNA_002/20220823_033000.WAV,Telephone Field,recover-20220825,002,1795
904.2115,904.2182,31484,44734,Myotis daubentonii,0.012,0.026,-1,Echolocation,/mnt/ubna_data_01_mir/recover-20220825/UBNA_002/20220823_033000.WAV,Telephone Field,recover-20220825,002,1795
904.2355,904.2426,28046,36965,Eptesicus serotinus,0.008,0.028,-1,Echolocation,/mnt/ubna_data_01_mir/recover-20220825/UBNA_002/20220823_033000.WAV,Telephone Field,recover-20220825,002,1795
904.2875,904.2964,27187,35710,Eptesicus serotinus,0.012,0.03,-1,Echolocation,/mnt/ubna_data_01_mir/recover-20220825/UBNA_002/20220823_033000.WAV,Telephone Field,recover-20220825,002,1795
904.3005,904.3132,28906,33346,Eptesicus serotinus,0.012,0.028,-1,Echolocation,/mnt/ubna_data_01_mir/recover-20220825/UBNA_002/20220823_033000.WAV,Telephone Field,recover-20220825,002,1795
904.3085,904.3195,26328,31902,Nyctalus leisleri,0.012,0.032,-1,Echolocation,/mnt/ubna_data_01_mir/recover-20220825/UBNA_002/20220823_033000.WAV,Telephone Field,recover-20220825,002,1795
904.3325,904.3412,28046,37451,Eptesicus serotinus,0.012,0.027,-1,Echolocation,/mnt/ubna_data_01_mir/recover-20220825/UBNA_002/20220823_033000.WAV,Telephone Field,recover-20220825,002,1795
904.3465,904.3846,68437,82181,Rhinolophus ferrumequinum,0.03,0.03,-1,Echolocation,/mnt/ubna_data_01_mir/recover-20220825/UBNA_002/20220823_033000.WAV,Telephone Field,recover-20220825,002,1795
904.3685,904.381,28046,34342,Eptesicus serotinus,0.014,0.027,-1,Echolocation,/mnt/ubna_data_01_mir/recover-20220825/UBNA_002/20220823_033000.WAV,Telephone Field,recover-20220825,002,1795
904.3755,904.3848,28046,36422,Eptesicus serotinus,0.01,0.027,-1,Echolocation,/mnt/ubna_data_01_mir/recover-20220825/UBNA_002/20220823_033000.WAV,Telephone Field,recover-20220825,002,1795
904.3915,904.4287,68437,82655,Rhinolophus ferrumequinum,0.023,0.023,-1,Echolocation,/mnt/ubna_data_01_mir/recover-20220825/UBNA_002/20220823_033000.WAV,Telephone Field,recover-20220825,002,1795
904.4195,904.4592,68437,83116,Rhinolophus ferrumequinum,0.029,0.029,-1,Echolocation,/mnt/ubna_data_01_mir/recover-20220825/UBNA_002/20220823_033000.WAV,Telephone Field,recover-20220825,002,1795
904.4505,904.4906,68437,82102,Rhinolophus ferrumequinum,0.023,0.023,-1,Echolocation,/mnt/ubna_data_01_mir/recover-20220825/UBNA_002/20220823_033000.WAV,Telephone Field,recover-20220825,002,1795
904.4585,904.4993,68437,82667,Rhinolophus ferrumequinum,0.023,0.023,-1,Echolocation,/mnt/ubna_data_01_mir/recover-20220825/UBNA_002/20220823_033000.WAV,Telephone Field,recover-20220825,002,1795
904.4665,904.48,23750,29161,Nyctalus leisleri,0.011,0.025,-1,Echolocation,/mnt/ubna_data_01_mir/recover-20220825/UBNA_002/20220823_033000.WAV,Telephone Field,recover-20220825,002,1795
904.5305,904.5371,39218,48452,Pipistrellus nathusii,0.126,0.244,-1,Echolocation,/mnt/ubna_data_01_mir/recover-20220825/UBNA_002/20220823_033000.WAV,Telephone Field,recover-20220825,002,1795
904.5315,904.5372,28906,54202,Myotis daubentonii,0.026,0.047,-1,Echolocation,/mnt/ubna_data_01_mir/recover-20220825/UBNA_002/20220823_033000.WAV,Telephone Field,recover-20220825,002,1795
904.5515,904.5924,68437,82822,Rhinolophus ferrumequinum,0.027,0.027,-1,Echolocation,/mnt/ubna_data_01_mir/recover-20220825/UBNA_002/20220823_033000.WAV,Telephone Field,recover-20220825,002,1795
904.5515,904.5618,28046,35957,Eptesicus serotinus,0.01,0.023,-1,Echolocation,/mnt/ubna_data_01_mir/recover-20220825/UBNA_002/20220823_033000.WAV,Telephone Field,recover-20220825,002,1795
904.6015,904.612,23750,29952,Nyctalus leisleri,0.011,0.026,-1,Echolocation,/mnt/ubna_data_01_mir/recover-20220825/UBNA_002/20220823_033000.WAV,Telephone Field,recover-20220825,002,1795
904.6285,904.6716,68437,83242,Rhinolophus ferrumequinum,0.037,0.037,-1,Echolocation,/mnt/ubna_data_01_mir/recover-20220825/UBNA_002/20220823_033000.WAV,Telephone Field,recover-20220825,002,1795
904.6335,904.6725,68437,83185,Rhinolophus ferrumequinum,0.036,0.036,-1,Echolocation,/mnt/ubna_data_01_mir/recover-20220825/UBNA_002/20220823_033000.WAV,Telephone Field,recover-20220825,002,1795
904.6585,904.6707,38359,43303,Pipistrellus nathusii,0.022,0.034,-1,Echolocation,/mnt/ubna_data_01_mir/recover-20220825/UBNA_002/20220823_033000.WAV,Telephone Field,recover-20220825,002,1795
904.6795,904.6892,24609,31995,Nyctalus leisleri,0.01,0.031,-1,Echolocation,/mnt/ubna_data_01_mir/recover-20220825/UBNA_002/20220823_033000.WAV,Telephone Field,recover-20220825,002,1795
904.7065,904.7152,26328,37135,Eptesicus serotinus,0.008,0.023,-1,Echolocation,/mnt/ubna_data_01_mir/recover-20220825/UBNA_002/20220823_033000.WAV,Telephone Field,recover-20220825,002,1795
904.7305,904.7393,38359,46878,Pipistrellus nathusii,0.211,0.282,-1,Echolocation,/mnt/ubna_data_01_mir/recover-20220825/UBNA_002/20220823_033000.WAV,Telephone Field,recover-20220825,002,1795
904.7305,904.77,68437,82348,Rhinolophus ferrumequinum,0.025,0.025,-1,Echolocation,/mnt/ubna_data_01_mir/recover-20220825/UBNA_002/20220823_033000.WAV,Telephone Field,recover-20220825,002,1795
904.7505,904.7882,68437,81735,Rhinolophus ferrumequinum,0.025,0.025,-1,Echolocation,/mnt/ubna_data_01_mir/recover-20220825/UBNA_002/20220823_033000.WAV,Telephone Field,recover-20220825,002,1795
904.7865,904.7944,46953,51159,Pipistrellus pipistrellus,0.023,0.024,-1,Echolocation,/mnt/ubna_data_01_mir/recover-20220825/UBNA_002/20220823_033000.WAV,Telephone Field,recover-20220825,002,1795
904.7895,904.7965,27187,38985,Eptesicus serotinus,0.006,0.024,-1,Echolocation,/mnt/ubna_data_01_mir/recover-20220825/UBNA_002/20220823_033000.WAV,Telephone Field,recover-20220825,002,1795
904.8255,904.8354,27187,38042,Eptesicus serotinus,0.011,0.028,-1,Echolocation,/mnt/ubna_data_01_mir/recover-20220825/UBNA_002/20220823_033000.WAV,Telephone Field,recover-20220825,002,1795
904.8475,904.8864,68437,82372,Rhinolophus ferrumequinum,0.023,0.023,-1,Echolocation,/mnt/ubna_data_01_mir/recover-20220825/UBNA_002/20220823_033000.WAV,Telephone Field,recover-20220825,002,1795
904.8805,904.8895,35781,43333,Barbastellus barbastellus,0.016,0.053,-1,Echolocation,/mnt/ubna_data_01_mir/recover-20220825/UBNA_002/20220823_033000.WAV,Telephone Field,recover-20220825,002,1795
904.9175,904.9276,22890,28697,Nyctalus leisleri,0.012,0.028,-1,Echolocation,/mnt/ubna_data_01_mir/recover-20220825/UBNA_002/20220823_033000.WAV,Telephone Field,recover-20220825,002,1795
904.9345,904.9438,26328,34769,Eptesicus serotinus,0.013,0.028,-1,Echolocation,/mnt/ubna_data_01_mir/recover-20220825/UBNA_002/20220823_033000.WAV,Telephone Field,recover-20220825,002,1795
905.0105,905.0525,68437,83130,Rhinolophus ferrumequinum,0.025,0.025,-1,Echolocation,/mnt/ubna_data_01_mir/recover-20220825/UBNA_002/20220823_033000.WAV,Telephone Field,recover-20220825,002,1795
905.0255,905.0357,28046,35312,Eptesicus serotinus,0.014,0.028,-1,Echolocation,/mnt/ubna_data_01_mir/recover-20220825/UBNA_002/20220823_033000.WAV,Telephone Field,recover-20220825,002,1795
905.0345,905.0435,38359,46510,Pipistrellus nathusii,0.021,0.048,-1,Echolocation,/mnt/ubna_data_01_mir/recover-20220825/UBNA_002/20220823_033000.WAV,Telephone Field,recover-20220825,002,1795
905.0425,905.0482,48671,54676,Pipistrellus pipistrellus,0.024,0.027,-1,Echolocation,/mnt/ubna_data_01_mir/recover-20220825/UBNA_002/20220823_033000.WAV,Telephone Field,recover-20220825,002,1795
905.0435,905.0486,43515,55981,Myotis mystacinus,0.007,0.023,-1,Echolocation,/mnt/ubna_data_01_mir/recover-20220825/UBNA_002/20220823_033000.WAV,Telephone Field,recover-20220825,002,1795
905.0865,905.1237,68437,81706,Rhinolophus ferrumequinum,0.023,0.023,-1,Echolocation,/mnt/ubna_data_01_mir/recover-20220825/UBNA_002/20220823_033000.WAV,Telephone Field,recover-20220825,002,1795
905.0965,905.103,30625,43058,Myotis daubentonii,0.019,0.033,-1,Echolocation,/mnt/ubna_data_01_mir/recover-20220825/UBNA_002/20220823_033000.WAV,Telephone Field,recover-20220825,002,1795
905.1135,905.1241,28046,36341,Eptesicus serotinus,0.012,0.027,-1,Echolocation,/mnt/ubna_data_01_mir/recover-20220825/UBNA_002/20220823_033000.WAV,Telephone Field,recover-20220825,002,1795
905.1305,905.1692,68437,82052,Rhinolophus ferrumequinum,0.023,0.023,-1,Echolocation,/mnt/ubna_data_01_mir/recover-20220825/UBNA_002/20220823_033000.WAV,Telephone Field,recover-20220825,002,1795
905.1355,905.1748,68437,82632,Rhinolophus ferrumequinum,0.023,0.023,-1,Echolocation,/mnt/ubna_data_01_mir/recover-20220825/UBNA_002/20220823_033000.WAV,Telephone Field,recover-20220825,002,1795
905.1865,905.2281,68437,82465,Rhinolophus ferrumequinum,0.024,0.024,-1,Echolocation,/mnt/ubna_data_01_mir/recover-20220825/UBNA_002/20220823_033000.WAV,Telephone Field,recover-20220825,002,1795
905.2155,905.2262,27187,35358,Eptesicus serotinus,0.013,0.026,-1,Echolocation,/mnt/ubna_data_01_mir/recover-20220825/UBNA_002/20220823_033000.WAV,Telephone Field,recover-20220825,002,1795
905.2465,905.2513,37500,50875,Myotis daubentonii,0.041,0.088,-1,Echolocation,/mnt/ubna_data_01_mir/recover-20220825/UBNA_002/20220823_033000.WAV,Telephone Field,recover-20220825,002,1795
905.2745,905.2818,46953,50759,Pipistrellus pipistrellus,0.04,0.042,-1,Echolocation,/mnt/ubna_data_01_mir/recover-20220825/UBNA_002/20220823_033000.WAV,Telephone Field,recover-20220825,002,1795
905.2755,905.3159,68437,82785,Rhinolophus ferrumequinum,0.042,0.042,-1,Echolocation,/mnt/ubna_data_01_mir/recover-20220825/UBNA_002/20220823_033000.WAV,Telephone Field,recover-20220825,002,1795
905.3045,905.3152,23750,30786,Nyctalus leisleri,0.011,0.029,-1,Echolocation,/mnt/ubna_data_01_mir/recover-20220825/UBNA_002/20220823_033000.WAV,Telephone Field,recover-20220825,002,1795
905.3245,905.3632,68437,82061,Rhinolophus ferrumequinum,0.024,0.024,-1,Echolocation,/mnt/ubna_data_01_mir/recover-20220825/UBNA_002/20220823_033000.WAV,Telephone Field,recover-20220825,002,1795
905.3425,905.3491,27187,38781,Eptesicus serotinus,0.009,0.034,-1,Echolocation,/mnt/ubna_data_01_mir/recover-20220825/UBNA_002/20220823_033000.WAV,Telephone Field,recover-20220825,002,1795
905.3815,905.4188,68437,82641,Rhinolophus ferrumequinum,0.022,0.022,-1,Echolocation,/mnt/ubna_data_01_mir/recover-20220825/UBNA_002/20220823_033000.WAV,Telephone Field,recover-20220825,002,1795
905.4285,905.4685,68437,82224,Rhinolophus ferrumequinum,0.023,0.023,-1,Echolocation,/mnt/ubna_data_01_mir/recover-20220825/UBNA_002/20220823_033000.WAV,Telephone Field,recover-20220825,002,1795
905.4315,905.4388,27187,39655,Eptesicus serotinus,0.008,0.026,-1,Echolocation,/mnt/ubna_data_01_mir/recover-20220825/UBNA_002/20220823_033000.WAV,Telephone Field,recover-20220825,002,1795
905.4545,905.4942,68437,81938,Rhinolophus ferrumequinum,0.024,0.024,-1,Echolocation,/mnt/ubna_data_01_mir/recover-20220825/UBNA_002/20220823_033000.WAV,Telephone Field,recover-20220825,002,1795
905.4635,905.475,22890,27939,Nyctalus leisleri,0.012,0.024,-1,Echolocation,/mnt/ubna_data_01_mir/recover-20220825/UBNA_002/20220823_033000.WAV,Telephone Field,recover-20220825,002,1795
905.4695,905.4797,23750,29716,Nyctalus leisleri,0.01,0.024,-1,Echolocation,/mnt/ubna_data_01_mir/recover-20220825/UBNA_002/20220823_033000.WAV,Telephone Field,recover-20220825,002,1795
905.5045,905.5131,39218,44826,Pipistrellus nathusii,0.136,0.207,-1,Echolocation,/mnt/ubna_data_01_mir/recover-20220825/UBNA_002/20220823_033000.WAV,Telephone Field,recover-20220825,002,1795
905.5385,905.5486,28046,36276,Eptesicus serotinus,0.014,0.031,-1,Echolocation,/mnt/ubna_data_01_mir/recover-20220825/UBNA_002/20220823_033000.WAV,Telephone Field,recover-20220825,002,1795
905.5655,905.5719,49531,55445,Pipistrellus pipistrellus,0.029,0.034,-1,Echolocation,/mnt/ubna_data_01_mir/recover-20220825/UBNA_002/20220823_033000.WAV,Telephone Field,recover-20220825,002,1795
905.5815,905.6203,68437,82452,Rhinolophus ferrumequinum,0.025,0.025,-1,Echolocation,/mnt/ubna_data_01_mir/recover-20220825/UBNA_002/20220823_033000.WAV,Telephone Field,recover-20220825,002,1795
905.5905,905.5957,39218,53034,Myotis daubentonii,0.042,0.127,-1,Echolocation,/mnt/ubna_data_01_mir/recover-20220825/UBNA_002/20220823_033000.WAV,Telephone Field,recover-20220825,002,1795
905.6905,905.705,25468,32879,Eptesicus serotinus,0.048,0.1,-1,Echolocation,/mnt/ubna_data_01_mir/recover-20220825/UBNA_002/20220823_033000.WAV,Telephone Field,recover-20220825,002,1795
905.7075,905.7168,28046,38681,Eptesicus serotinus,0.012,0.03,-1,Echolocation,/mnt/ubna_data_01_mir/recover-20220825/UBNA_002/20220823_033000.WAV,Telephone Field,recover-20220825,002,1795
905.7265,905.7645,68437,82661,Rhinolophus ferrumequinum,0.025,0.025,-1,Echolocation,/mnt/ubna_data_01_mir/recover-20220825/UBNA_002/20220823_033000.WAV,Telephone Field,recover-20220825,002,1795
905.7635,905.8044,68437,82573,Rhinolophus ferrumequinum,0.025,0.025,-1,Echolocation,/mnt/ubna_data_01_mir/recover-20220825/UBNA_002/20220823_033000.WAV,Telephone Field,recover-20220825,002,1795
905.7805,905.7877,40937,47568,Pipistrellus nathusii,0.356,0.411,-1,Echolocation,/mnt/ubna_data_01_mir/recover-20220825/UBNA_002/20220823_033000.WAV,Telephone Field,recover-20220825,002,1795
905.8005,905.8438,68437,82899,Rhinolophus ferrumequinum,0.031,0.031,-1,Echolocation,/mnt/ubna_data_01_mir/recover-20220825/UBNA_002/20220823_033000.WAV,Telephone Field,recover-20220825,002,1795
905.8245,905.8324,31484,43819,Myotis daubentonii,0.011,0.024,-1,Echolocation,/mnt/ubna_data_01_mir/recover-20220825/UBNA_002/20220823_033000.WAV,Telephone Field,recover-20220825,002,1795
905.8245,905.8645,68437,82495,Rhinolophus ferrumequinum,0.023,0.023,-1,Echolocation,/mnt/ubna_data_01_mir/recover-20220825/UBNA_002/20220823_033000.WAV,Telephone Field,recover-20220825,002,1795
905.8275,905.8344,26328,43470,Eptesicus serotinus,0.007,0.025,-1,Echolocation,/mnt/ubna_data_01_mir/recover-20220825/UBNA_002/20220823_033000.WAV,Telephone Field,recover-20220825,002,1795
905.8685,905.8775,40078,45434,Pipistrellus nathusii,0.034,0.071,-1,Echolocation,/mnt/ubna_data_01_mir/recover-20220825/UBNA_002/20220823_033000.WAV,Telephone Field,recover-20220825,002,1795
905.8685,905.9088,68437,82811,Rhinolophus ferrumequinum,0.029,0.029,-1,Echolocation,/mnt/ubna_data_01_mir/recover-20220825/UBNA_002/20220823_033000.WAV,Telephone Field,recover-20220825,002,1795
905.9235,905.961,68437,81846,Rhinolophus ferrumequinum,0.022,0.022,-1,Echolocation,/mnt/ubna_data_01_mir/recover-20220825/UBNA_002/20220823_033000.WAV,Telephone Field,recover-20220825,002,1795
905.9265,905.9318,34062,54537,Myotis daubentonii,0.024,0.046,-1,Echolocation,/mnt/ubna_data_01_mir/recover-20220825/UBNA_002/20220823_033000.WAV,Telephone Field,recover-20220825,002,1795
905.9625,905.9792,24609,28514,Nyctalus leisleri,0.043,0.078,-1,Echolocation,/mnt/ubna_data_01_mir/recover-20220825/UBNA_002/20220823_033000.WAV,Telephone Field,recover-20220825,002,1795
905.9665,905.9751,44375,49077,Pipistrellus pipistrellus,0.02,0.032,-1,Echolocation,/mnt/ubna_data_01_mir/recover-20220825/UBNA_002/20220823_033000.WAV,Telephone Field,recover-20220825,002,1795
906.0015,906.03,69296,81612,Rhinolophus ferrumequinum,0.034,0.034,-1,Echolocation,/mnt/ubna_data_01_mir/recover-20220825/UBNA_002/20220823_033000.WAV,Telephone Field,recover-20220825,002,1795
906.0015,906.0105,21171,27190,Nyctalus leisleri,0.009,0.025,-1,Echolocation,/mnt/ubna_data_01_mir/recover-20220825/UBNA_002/20220823_033000.WAV,Telephone Field,recover-20220825,002,1795
906.0185,906.0297,40937,45241,Pipistrellus nathusii,0.031,0.041,-1,Echolocation,/mnt/ubna_data_01_mir/recover-20220825/UBNA_002/20220823_033000.WAV,Telephone Field,recover-20220825,002,1795
906.0385,906.0745,68437,81286,Rhinolophus ferrumequinum,0.022,0.023,-1,Echolocation,/mnt/ubna_data_01_mir/recover-20220825/UBNA_002/20220823_033000.WAV,Telephone Field,recover-20220825,002,1795
906.0405,906.0494,37500,46790,Pipistrellus nathusii,0.014,0.026,-1,Echolocation,/mnt/ubna_data_01_mir/recover-20220825/UBNA_002/20220823_033000.WAV,Telephone Field,recover-20220825,002,1795
906.1155,906.1228,40937,51550,Pipistrellus nathusii,0.007,0.023,-1,Echolocation,/mnt/ubna_data_01_mir/recover-20220825/UBNA_002/20220823_033000.WAV,Telephone Field,recover-20220825,002,1795
906.1495,906.1564,26328,45342,Eptesicus serotinus,0.007,0.023,-1,Echolocation,/mnt/ubna_data_01_mir/recover-20220825/UBNA_002/20220823_033000.WAV,Telephone Field,recover-20220825,002,1795
906.1505,906.1599,39218,44531,Pipistrellus nathusii,0.065,0.092,-1,Echolocation,/mnt/ubna_data_01_mir/recover-20220825/UBNA_002/20220823_033000.WAV,Telephone Field,recover-20220825,002,1795
906.1875,906.2001,32343,36508,Pipistrellus nathusii,0.02,0.05,-1,Echolocation,/mnt/ubna_data_01_mir/recover-20220825/UBNA_002/20220823_033000.WAV,Telephone Field,recover-20220825,002,1795
906.2115,906.2211,27187,35181,Eptesicus serotinus,0.008,0.021,-1,Echolocation,/mnt/ubna_data_01_mir/recover-20220825/UBNA_002/20220823_033000.WAV,Telephone Field,recover-20220825,002,1795
906.2125,906.2504,68437,82409,Rhinolophus ferrumequinum,0.026,0.026,-1,Echolocation,/mnt/ubna_data_01_mir/recover-20220825/UBNA_002/20220823_033000.WAV,Telephone Field,recover-20220825,002,1795
906.2385,906.278,68437,82480,Rhinolophus ferrumequinum,0.023,0.023,-1,Echolocation,/mnt/ubna_data_01_mir/recover-20220825/UBNA_002/20220823_033000.WAV,Telephone Field,recover-20220825,002,1795
906.2455,906.2821,68437,82094,Rhinolophus ferrumequinum,0.023,0.023,-1,Echolocation,/mnt/ubna_data_01_mir/recover-20220825/UBNA_002/20220823_033000.WAV,Telephone Field,recover-20220825,002,1795
906.2525,906.2891,68437,81870,Rhinolophus ferrumequinum,0.025,0.025,-1,Echolocation,/mnt/ubna_data_01_mir/recover-20220825/UBNA_002/20220823_033000.WAV,Telephone Field,recover-20220825,002,1795
906.2655,906.275,41796,48976,Pipistrellus nathusii,0.017,0.03,-1,Echolocation,/mnt/ubna_data_01_mir/recover-20220825/UBNA_002/20220823_033000.WAV,Telephone Field,recover-20220825,002,1795
906.2795,906.3167,68437,81555,Rhinolophus ferrumequinum,0.022,0.022,-1,Echolocation,/mnt/ubna_data_01_mir/recover-20220825/UBNA_002/20220823_033000.WAV,Telephone Field,recover-20220825,002,1795
906.2825,906.2907,27187,39853,Eptesicus serotinus,0.008,0.022,-1,Echolocation,/mnt/ubna_data_01_mir/recover-20220825/UBNA_002/20220823_033000.WAV,Telephone Field,recover-20220825,002,1795
906.3025,906.3091,41796,52738,Myotis brandtii,0.006,0.022,-1,Echolocation,/mnt/ubna_data_01_mir/recover-20220825/UBNA_002/20220823_033000.WAV,Telephone Field,recover-20220825,002,1795
906.3025,906.3082,34062,55935,Myotis brandtii,0.009,0.023,-1,Echolocation,/mnt/ubna_data_01_mir/recover-20220825/UBNA_002/20220823_033000.WAV,Telephone Field,recover-20220825,002,1795
906.3395,906.3732,68437,81690,Rhinolophus ferrumequinum,0.021,0.022,-1,Echolocation,/mnt/ubna_data_01_mir/recover-20220825/UBNA_002/20220823_033000.WAV,Telephone Field,recover-20220825,002,1795
906.3625,906.3717,26328,34650,Eptesicus serotinus,0.01,0.023,-1,Echolocation,/mnt/ubna_data_01_mir/recover-20220825/UBNA_002/20220823_033000.WAV,Telephone Field,recover-20220825,002,1795
906.3755,906.4144,68437,82516,Rhinolophus ferrumequinum,0.024,0.024,-1,Echolocation,/mnt/ubna_data_01_mir/recover-20220825/UBNA_002/20220823_033000.WAV,Telephone Field,recover-20220825,002,1795
906.3785,906.387,26328,36967,Eptesicus serotinus,0.01,0.025,-1,Echolocation,/mnt/ubna_data_01_mir/recover-20220825/UBNA_002/20220823_033000.WAV,Telephone Field,recover-20220825,002,1795
906.3815,906.42,68437,83178,Rhinolophus ferrumequinum,0.023,0.023,-1,Echolocation,/mnt/ubna_data_01_mir/recover-20220825/UBNA_002/20220823_033000.WAV,Telephone Field,recover-20220825,002,1795
906.4075,906.4138,32343,42914,Myotis daubentonii,0.008,0.023,-1,Echolocation,/mnt/ubna_data_01_mir/recover-20220825/UBNA_002/20220823_033000.WAV,Telephone Field,recover-20220825,002,1795
906.4085,906.4155,28046,38207,Eptesicus serotinus,0.006,0.021,-1,Echolocation,/mnt/ubna_data_01_mir/recover-20220825/UBNA_002/20220823_033000.WAV,Telephone Field,recover-20220825,002,1795
906.4225,906.4296,39218,51577,Pipistrellus nathusii,0.35,0.484,-1,Echolocation,/mnt/ubna_data_01_mir/recover-20220825/UBNA_002/20220823_033000.WAV,Telephone Field,recover-20220825,002,1795
906.4235,906.4313,48671,52290,Pipistrellus pipistrellus,0.014,0.023,-1,Echolocation,/mnt/ubna_data_01_mir/recover-20220825/UBNA_002/20220823_033000.WAV,Telephone Field,recover-20220825,002,1795
906.4495,906.4567,55546,62831,Pipistrellus pygmaeus,0.022,0.023,-1,Echolocation,/mnt/ubna_data_01_mir/recover-20220825/UBNA_002/20220823_033000.WAV,Telephone Field,recover-20220825,002,1795
906.4595,906.4687,45234,48342,Pipistrellus pipistrellus,0.014,0.022,-1,Echolocation,/mnt/ubna_data_01_mir/recover-20220825/UBNA_002/20220823_033000.WAV,Telephone Field,recover-20220825,002,1795
906.4665,906.4742,27187,37182,Eptesicus serotinus,0.008,0.021,-1,Echolocation,/mnt/ubna_data_01_mir/recover-20220825/UBNA_002/20220823_033000.WAV,Telephone Field,recover-20220825,002,1795
906.4865,906.4967,28046,34783,Eptesicus serotinus,0.009,0.022,-1,Echolocation,/mnt/ubna_data_01_mir/recover-20220825/UBNA_002/20220823_033000.WAV,Telephone Field,recover-20220825,002,1795
906.4955,906.5308,68437,82091,Rhinolophus ferrumequinum,0.023,0.023,-1,Echolocation,/mnt/ubna_data_01_mir/recover-20220825/UBNA_002/20220823_033000.WAV,Telephone Field,recover-20220825,002,1795
906.4965,906.5101,15156,21232,Nyctalus noctula,0.014,0.024,-1,Echolocation,/mnt/ubna_data_01_mir/recover-20220825/UBNA_002/20220823_033000.WAV,Telephone Field,recover-20220825,002,1795
906.5015,906.5084,52968,56594,Pipistrellus pygmaeus,0.048,0.054,-1,Echolocation,/mnt/ubna_data_01_mir/recover-20220825/UBNA_002/20220823_033000.WAV,Telephone Field,recover-20220825,002,1795
906.5015,906.5084,40078,53516,Pipistrellus nathusii,0.473,0.584,-1,Echolocation,/mnt/ubna_data_01_mir/recover-20220825/UBNA_002/20220823_033000.WAV,Telephone Field,recover-20220825,002,1795
906.5415,906.5578,24609,30010,Eptesicus serotinus,0.054,0.113,-1,Echolocation,/mnt/ubna_data_01_mir/recover-20220825/UBNA_002/20220823_033000.WAV,Telephone Field,recover-20220825,002,1795
906.5655,906.5731,54687,63644,Pipistrellus pygmaeus,0.028,0.029,-1,Echolocation,/mnt/ubna_data_01_mir/recover-20220825/UBNA_002/20220823_033000.WAV,Telephone Field,recover-20220825,002,1795
906.5715,906.58,27187,35526,Eptesicus serotinus,0.009,0.023,-1,Echolocation,/mnt/ubna_data_01_mir/recover-20220825/UBNA_002/20220823_033000.WAV,Telephone Field,recover-20220825,002,1795
906.5715,906.5776,47812,55496,Pipistrellus pipistrellus,0.019,0.025,-1,Echolocation,/mnt/ubna_data_01_mir/recover-20220825/UBNA_002/20220823_033000.WAV,Telephone Field,recover-20220825,002,1795
906.5765,906.592,21171,24872,Nyctalus leisleri,0.013,0.024,-1,Echolocation,/mnt/ubna_data_01_mir/recover-20220825/UBNA_002/20220823_033000.WAV,Telephone Field,recover-20220825,002,1795
906.5775,906.586,41796,45477,Pipistrellus nathusii,0.028,0.04,-1,Echolocation,/mnt/ubna_data_01_mir/recover-20220825/UBNA_002/20220823_033000.WAV,Telephone Field,recover-20220825,002,1795
906.6055,906.6123,47812,52237,Pipistrellus pipistrellus,0.022,0.032,-1,Echolocation,/mnt/ubna_data_01_mir/recover-20220825/UBNA_002/20220823_033000.WAV,Telephone Field,recover-20220825,002,1795
906.6065,906.6151,27187,39262,Eptesicus serotinus,0.009,0.025,-1,Echolocation,/mnt/ubna_data_01_mir/recover-20220825/UBNA_002/20220823_033000.WAV,Telephone Field,recover-20220825,002,1795
906.6465,906.6806,68437,80990,Rhinolophus ferrumequinum,0.024,0.024,-1,Echolocation,/mnt/ubna_data_01_mir/recover-20220825/UBNA_002/20220823_033000.WAV,Telephone Field,recover-20220825,002,1795
906.6485,906.6549,40078,51372,Pipistrellus nathusii,0.349,0.412,-1,Echolocation,/mnt/ubna_data_01_mir/recover-20220825/UBNA_002/20220823_033000.WAV,Telephone Field,recover-20220825,002,1795
906.6585,906.6664,55546,65850,Pipistrellus pygmaeus,0.023,0.023,-1,Echolocation,/mnt/ubna_data_01_mir/recover-20220825/UBNA_002/20220823_033000.WAV,Telephone Field,recover-20220825,002,1795
906.6635,906.6744,28046,34876,Eptesicus serotinus,0.011,0.024,-1,Echolocation,/mnt/ubna_data_01_mir/recover-20220825/UBNA_002/20220823_033000.WAV,Telephone Field,recover-20220825,002,1795
906.6845,906.6924,54687,61501,Pipistrellus pygmaeus,0.033,0.034,-1,Echolocation,/mnt/ubna_data_01_mir/recover-20220825/UBNA_002/20220823_033000.WAV,Telephone Field,recover-20220825,002,1795
906.7045,906.7103,30625,45446,Myotis daubentonii,0.013,0.035,-1,Echolocation,/mnt/ubna_data_01_mir/recover-20220825/UBNA_002/20220823_033000.WAV,Telephone Field,recover-20220825,002,1795
906.7275,906.7346,40078,49738,Pipistrellus nathusii,0.536,0.584,-1,Echolocation,/mnt/ubna_data_01_mir/recover-20220825/UBNA_002/20220823_033000.WAV,Telephone Field,recover-20220825,002,1795
906.7475,906.7543,46093,55597,Pipistrellus pipistrellus,0.016,0.022,-1,Echolocation,/mnt/ubna_data_01_mir/recover-20220825/UBNA_002/20220823_033000.WAV,Telephone Field,recover-20220825,002,1795
906.7595,906.7662,52968,57523,Pipistrellus pygmaeus,0.029,0.031,-1,Echolocation,/mnt/ubna_data_01_mir/recover-20220825/UBNA_002/20220823_033000.WAV,Telephone Field,recover-20220825,002,1795
906.7595,906.7651,34921,59478,Myotis brandtii,0.012,0.027,-1,Echolocation,/mnt/ubna_data_01_mir/recover-20220825/UBNA_002/20220823_033000.WAV,Telephone Field,recover-20220825,002,1795
906.7665,906.775,28046,38183,Eptesicus serotinus,0.01,0.025,-1,Echolocation,/mnt/ubna_data_01_mir/recover-20220825/UBNA_002/20220823_033000.WAV,Telephone Field,recover-20220825,002,1795
906.7825,906.791,27187,37310,Eptesicus serotinus,0.008,0.021,-1,Echolocation,/mnt/ubna_data_01_mir/recover-20220825/UBNA_002/20220823_033000.WAV,Telephone Field,recover-20220825,002,1795
906.8075,906.8452,68437,82265,Rhinolophus ferrumequinum,0.025,0.025,-1,Echolocation,/mnt/ubna_data_01_mir/recover-20220825/UBNA_002/20220823_033000.WAV,Telephone Field,recover-20220825,002,1795
906.8215,906.828,49531,53512,Pipistrellus pipistrellus,0.012,0.022,-1,Echolocation,/mnt/ubna_data_01_mir/recover-20220825/UBNA_002/20220823_033000.WAV,Telephone Field,recover-20220825,002,1795
906.8225,906.8285,40078,52358,Pipistrellus nathusii,0.371,0.488,-1,Echolocation,/mnt/ubna_data_01_mir/recover-20220825/UBNA_002/20220823_033000.WAV,Telephone Field,recover-20220825,002,1795
906.8315,906.8393,27187,33565,Eptesicus serotinus,0.006,0.022,-1,Echolocation,/mnt/ubna_data_01_mir/recover-20220825/UBNA_002/20220823_033000.WAV,Telephone Field,recover-20220825,002,1795
906.8505,906.8692,18593,22252,Nyctalus noctula,0.022,0.042,-1,Echolocation,/mnt/ubna_data_01_mir/recover-20220825/UBNA_002/20220823_033000.WAV,Telephone Field,recover-20220825,002,1795
906.8555,906.8621,30625,47725,Myotis daubentonii,0.01,0.026,-1,Echolocation,/mnt/ubna_data_01_mir/recover-20220825/UBNA_002/20220823_033000.WAV,Telephone Field,recover-20220825,002,1795
906.8645,906.9009,68437,81741,Rhinolophus ferrumequinum,0.022,0.022,-1,Echolocation,/mnt/ubna_data_01_mir/recover-20220825/UBNA_002/20220823_033000.WAV,Telephone Field,recover-20220825,002,1795
906.8695,906.8776,28046,36522,Eptesicus serotinus,0.008,0.023,-1,Echolocation,/mnt/ubna_data_01_mir/recover-20220825/UBNA_002/20220823_033000.WAV,Telephone Field,recover-20220825,002,1795
906.8785,906.9137,68437,81611,Rhinolophus ferrumequinum,0.022,0.022,-1,Echolocation,/mnt/ubna_data_01_mir/recover-20220825/UBNA_002/20220823_033000.WAV,Telephone Field,recover-20220825,002,1795
906.8945,906.9035,26328,34602,Eptesicus serotinus,0.012,0.027,-1,Echolocation,/mnt/ubna_data_01_mir/recover-20220825/UBNA_002/20220823_033000.WAV,Telephone Field,recover-20220825,002,1795
906.9165,906.9241,40078,51755,Pipistrellus nathusii,0.403,0.527,-1,Echolocation,/mnt/ubna_data_01_mir/recover-20220825/UBNA_002/20220823_033000.WAV,Telephone Field,recover-20220825,002,1795
907.0155,907.0221,40078,56065,Pipistrellus nathusii,0.466,0.54,-1,Echolocation,/mnt/ubna_data_01_mir/recover-20220825/UBNA_002/20220823_033000.WAV,Telephone Field,recover-20220825,002,1795
907.0165,907.0218,49531,53447,Pipistrellus pipistrellus,0.012,0.023,-1,Echolocation,/mnt/ubna_data_01_mir/recover-20220825/UBNA_002/20220823_033000.WAV,Telephone Field,recover-20220825,002,1795
907.0215,907.0363,17734,22245,Nyctalus noctula,0.01,0.022,-1,Echolocation,/mnt/ubna_data_01_mir/recover-20220825/UBNA_002/20220823_033000.WAV,Telephone Field,recover-20220825,002,1795
907.0425,907.0528,28046,35764,Eptesicus serotinus,0.012,0.026,-1,Echolocation,/mnt/ubna_data_01_mir/recover-20220825/UBNA_002/20220823_033000.WAV,Telephone Field,recover-20220825,002,1795
907.0545,907.0931,68437,81583,Rhinolophus ferrumequinum,0.021,0.021,-1,Echolocation,/mnt/ubna_data_01_mir/recover-20220825/UBNA_002/20220823_033000.WAV,Telephone Field,recover-20220825,002,1795
907.0635,907.1012,68437,82255,Rhinolophus ferrumequinum,0.022,0.022,-1,Echolocation,/mnt/ubna_data_01_mir/recover-20220825/UBNA_002/20220823_033000.WAV,Telephone Field,recover-20220825,002,1795
907.0805,907.091,61562,69475,Pipistrellus pygmaeus,0.022,0.023,-1,Echolocation,/mnt/ubna_data_01_mir/recover-20220825/UBNA_002/20220823_033000.WAV,Telephone Field,recover-20220825,002,1795
907.0905,907.0983,28046,38503,Eptesicus serotinus,0.008,0.026,-1,Echolocation,/mnt/ubna_data_01_mir/recover-20220825/UBNA_002/20220823_033000.WAV,Telephone Field,recover-20220825,002,1795
907.1105,907.1165,40078,53598,Pipistrellus nathusii,0.429,0.508,-1,Echolocation,/mnt/ubna_data_01_mir/recover-20220825/UBNA_002/20220823_033000.WAV,Telephone Field,recover-20220825,002,1795
907.1285,907.1373,56406,63815,Pipistrellus pygmaeus,0.022,0.023,-1,Echolocation,/mnt/ubna_data_01_mir/recover-20220825/UBNA_002/20220823_033000.WAV,Telephone Field,recover-20220825,002,1795
907.1475,907.1571,28046,35874,Eptesicus serotinus,0.011,0.024,-1,Echolocation,/mnt/ubna_data_01_mir/recover-20220825/UBNA_002/20220823_033000.WAV,Telephone Field,recover-20220825,002,1795
907.2025,907.2093,40078,54695,Pipistrellus nathusii,0.536,0.641,-1,Echolocation,/mnt/ubna_data_01_mir/recover-20220825/UBNA_002/20220823_033000.WAV,Telephone Field,recover-20220825,002,1795
907.2035,907.2092,48671,52490,Pipistrellus pipistrellus,0.013,0.025,-1,Echolocation,/mnt/ubna_data_01_mir/recover-20220825/UBNA_002/20220823_033000.WAV,Telephone Field,recover-20220825,002,1795
907.2265,907.233,53828,60300,Pipistrellus pygmaeus,0.022,0.023,-1,Echolocation,/mnt/ubna_data_01_mir/recover-20220825/UBNA_002/20220823_033000.WAV,Telephone Field,recover-20220825,002,1795
907.2365,907.2756,68437,82159,Rhinolophus ferrumequinum,0.026,0.026,-1,Echolocation,/mnt/ubna_data_01_mir/recover-20220825/UBNA_002/20220823_033000.WAV,Telephone Field,recover-20220825,002,1795
907.2665,907.2744,55546,63774,Pipistrellus pygmaeus,0.03,0.03,-1,Echolocation,/mnt/ubna_data_01_mir/recover-20220825/UBNA_002/20220823_033000.WAV,Telephone Field,recover-20220825,002,1795
907.2785,907.2873,27187,36098,Eptesicus serotinus,0.009,0.024,-1,Echolocation,/mnt/ubna_data_01_mir/recover-20220825/UBNA_002/20220823_033000.WAV,Telephone Field,recover-20220825,002,1795
907.3015,907.3083,40937,55546,Pipistrellus nathusii,0.502,0.572,-1,Echolocation,/mnt/ubna_data_01_mir/recover-20220825/UBNA_002/20220823_033000.WAV,Telephone Field,recover-20220825,002,1795
907.3125,907.3223,27187,32838,Eptesicus serotinus,0.008,0.023,-1,Echolocation,/mnt/ubna_data_01_mir/recover-20220825/UBNA_002/20220823_033000.WAV,Telephone Field,recover-20220825,002,1795
907.3395,907.3499,25468,32489,Eptesicus serotinus,0.009,0.022,-1,Echolocation,/mnt/ubna_data_01_mir/recover-20220825/UBNA_002/20220823_033000.WAV,Telephone Field,recover-20220825,002,1795
907.3425,907.3778,68437,81998,Rhinolophus ferrumequinum,0.023,0.023,-1,Echolocation,/mnt/ubna_data_01_mir/recover-20220825/UBNA_002/20220823_033000.WAV,Telephone Field,recover-20220825,002,1795
907.3605,907.3684,27187,37581,Eptesicus serotinus,0.008,0.022,-1,Echolocation,/mnt/ubna_data_01_mir/recover-20220825/UBNA_002/20220823_033000.WAV,Telephone Field,recover-20220825,002,1795
907.3715,907.3807,25468,32800,Eptesicus serotinus,0.009,0.022,-1,Echolocation,/mnt/ubna_data_01_mir/recover-20220825/UBNA_002/20220823_033000.WAV,Telephone Field,recover-20220825,002,1795
907.3715,907.4022,68437,80482,Rhinolophus ferrumequinum,0.021,0.021,-1,Echolocation,/mnt/ubna_data_01_mir/recover-20220825/UBNA_002/20220823_033000.WAV,Telephone Field,recover-20220825,002,1795
907.3815,907.3912,38359,44351,Pipistrellus nathusii,0.019,0.028,-1,Echolocation,/mnt/ubna_data_01_mir/recover-20220825/UBNA_002/20220823_033000.WAV,Telephone Field,recover-20220825,002,1795
907.3955,907.4025,40078,52462,Pipistrellus nathusii,0.611,0.65,-1,Echolocation,/mnt/ubna_data_01_mir/recover-20220825/UBNA_002/20220823_033000.WAV,Telephone Field,recover-20220825,002,1795
907.4545,907.4895,68437,82154,Rhinolophus ferrumequinum,0.023,0.023,-1,Echolocation,/mnt/ubna_data_01_mir/recover-20220825/UBNA_002/20220823_033000.WAV,Telephone Field,recover-20220825,002,1795
907.4575,907.4637,29765,45619,Myotis daubentonii,0.014,0.031,-1,Echolocation,/mnt/ubna_data_01_mir/recover-20220825/UBNA_002/20220823_033000.WAV,Telephone Field,recover-20220825,002,1795
907.4575,907.4642,40937,49637,Pipistrellus nathusii,0.007,0.022,-1,Echolocation,/mnt/ubna_data_01_mir/recover-20220825/UBNA_002/20220823_033000.WAV,Telephone Field,recover-20220825,002,1795
907.4575,907.4648,57265,65260,Pipistrellus pygmaeus,0.028,0.029,-1,Echolocation,/mnt/ubna_data_01_mir/recover-20220825/UBNA_002/20220823_033000.WAV,Telephone Field,recover-20220825,002,1795
907.4885,907.4984,49531,53572,Pipistrellus pipistrellus,0.013,0.024,-1,Echolocation,/mnt/ubna_data_01_mir/recover-20220825/UBNA_002/20220823_033000.WAV,Telephone Field,recover-20220825,002,1795
907.4935,907.5002,40078,53820,Pipistrellus nathusii,0.474,0.523,-1,Echolocation,/mnt/ubna_data_01_mir/recover-20220825/UBNA_002/20220823_033000.WAV,Telephone Field,recover-20220825,002,1795
907.5055,907.5427999999999,68437,81601,Rhinolophus ferrumequinum,0.021,0.022,-1,Echolocation,/mnt/ubna_data_01_mir/recover-20220825/UBNA_002/20220823_033000.WAV,Telephone Field,recover-20220825,002,1795
907.5805,907.5907,55546,60877,Pipistrellus pygmaeus,0.021,0.022,-1,Echolocation,/mnt/ubna_data_01_mir/recover-20220825/UBNA_002/20220823_033000.WAV,Telephone Field,recover-20220825,002,1795
907.5825,907.5884,39218,55266,Pipistrellus nathusii,0.4,0.462,-1,Echolocation,/mnt/ubna_data_01_mir/recover-20220825/UBNA_002/20220823_033000.WAV,Telephone Field,recover-20220825,002,1795
907.6085,907.6181,24609,31243,Eptesicus serotinus,0.008,0.021,-1,Echolocation,/mnt/ubna_data_01_mir/recover-20220825/UBNA_002/20220823_033000.WAV,Telephone Field,recover-20220825,002,1795
907.6325,907.6408,28046,38718,Eptesicus serotinus,0.009,0.021,-1,Echolocation,/mnt/ubna_data_01_mir/recover-20220825/UBNA_002/20220823_033000.WAV,Telephone Field,recover-20220825,002,1795
907.6595,907.6669,27187,35711,Eptesicus serotinus,0.007,0.024,-1,Echolocation,/mnt/ubna_data_01_mir/recover-20220825/UBNA_002/20220823_033000.WAV,Telephone Field,recover-20220825,002,1795
907.6725,907.6797,48671,55063,Pipistrellus pipistrellus,0.024,0.05,-1,Echolocation,/mnt/ubna_data_01_mir/recover-20220825/UBNA_002/20220823_033000.WAV,Telephone Field,recover-20220825,002,1795
907.6745,907.6807,37500,58549,Pipistrellus nathusii,0.416,0.555,-1,Echolocation,/mnt/ubna_data_01_mir/recover-20220825/UBNA_002/20220823_033000.WAV,Telephone Field,recover-20220825,002,1795
907.6835,907.6893,32343,43838,Myotis daubentonii,0.011,0.024,-1,Echolocation,/mnt/ubna_data_01_mir/recover-20220825/UBNA_002/20220823_033000.WAV,Telephone Field,recover-20220825,002,1795
907.6845,907.6916,26328,35310,Eptesicus serotinus,0.005,0.023,-1,Echolocation,/mnt/ubna_data_01_mir/recover-20220825/UBNA_002/20220823_033000.WAV,Telephone Field,recover-20220825,002,1795
907.7215,907.7357,22890,27369,Nyctalus leisleri,0.013,0.026,-1,Echolocation,/mnt/ubna_data_01_mir/recover-20220825/UBNA_002/20220823_033000.WAV,Telephone Field,recover-20220825,002,1795
907.7385,907.7491,27187,35882,Eptesicus serotinus,0.017,0.033,-1,Echolocation,/mnt/ubna_data_01_mir/recover-20220825/UBNA_002/20220823_033000.WAV,Telephone Field,recover-20220825,002,1795
907.7415,907.7483,49531,57380,Pipistrellus pipistrellus,0.016,0.022,-1,Echolocation,/mnt/ubna_data_01_mir/recover-20220825/UBNA_002/20220823_033000.WAV,Telephone Field,recover-20220825,002,1795
907.7715,907.7793,28046,45103,Myotis daubentonii,0.009,0.03,-1,Echolocation,/mnt/ubna_data_01_mir/recover-20220825/UBNA_002/20220823_033000.WAV,Telephone Field,recover-20220825,002,1795
907.7745,907.7816,40937,52019,Pipistrellus nathusii,0.586,0.617,-1,Echolocation,/mnt/ubna_data_01_mir/recover-20220825/UBNA_002/20220823_033000.WAV,Telephone Field,recover-20220825,002,1795
907.7935,907.8058,23750,28981,Nyctalus leisleri,0.01,0.023,-1,Echolocation,/mnt/ubna_data_01_mir/recover-20220825/UBNA_002/20220823_033000.WAV,Telephone Field,recover-20220825,002,1795
907.8145,907.8219,28046,38306,Eptesicus serotinus,0.008,0.027,-1,Echolocation,/mnt/ubna_data_01_mir/recover-20220825/UBNA_002/20220823_033000.WAV,Telephone Field,recover-20220825,002,1795
907.8145,907.8503,68437,81809,Rhinolophus ferrumequinum,0.023,0.023,-1,Echolocation,/mnt/ubna_data_01_mir/recover-20220825/UBNA_002/20220823_033000.WAV,Telephone Field,recover-20220825,002,1795
907.8675,907.8755,39218,53550,Pipistrellus nathusii,0.593,0.634,-1,Echolocation,/mnt/ubna_data_01_mir/recover-20220825/UBNA_002/20220823_033000.WAV,Telephone Field,recover-20220825,002,1795
907.8775,907.8854,27187,36451,Eptesicus serotinus,0.006,0.022,-1,Echolocation,/mnt/ubna_data_01_mir/recover-20220825/UBNA_002/20220823_033000.WAV,Telephone Field,recover-20220825,002,1795
907.8945,907.9051,23750,29916,Nyctalus leisleri,0.012,0.033,-1,Echolocation,/mnt/ubna_data_01_mir/recover-20220825/UBNA_002/20220823_033000.WAV,Telephone Field,recover-20220825,002,1795
907.8965,907.9037,50390,55701,Pipistrellus pipistrellus,0.016,0.024,-1,Echolocation,/mnt/ubna_data_01_mir/recover-20220825/UBNA_002/20220823_033000.WAV,Telephone Field,recover-20220825,002,1795
907.9165,907.9272,28906,36259,Eptesicus serotinus,0.009,0.022,-1,Echolocation,/mnt/ubna_data_01_mir/recover-20220825/UBNA_002/20220823_033000.WAV,Telephone Field,recover-20220825,002,1795
907.9345,907.9428,54687,62077,Pipistrellus pygmaeus,0.027,0.028,-1,Echolocation,/mnt/ubna_data_01_mir/recover-20220825/UBNA_002/20220823_033000.WAV,Telephone Field,recover-20220825,002,1795
907.9575,907.9974,68437,82246,Rhinolophus ferrumequinum,0.027,0.027,-1,Echolocation,/mnt/ubna_data_01_mir/recover-20220825/UBNA_002/20220823_033000.WAV,Telephone Field,recover-20220825,002,1795
907.9625,907.9695,26328,36421,Eptesicus serotinus,0.006,0.023,-1,Echolocation,/mnt/ubna_data_01_mir/recover-20220825/UBNA_002/20220823_033000.WAV,Telephone Field,recover-20220825,002,1795
907.9645,907.9711,31484,55150,Myotis brandtii,0.01,0.023,-1,Echolocation,/mnt/ubna_data_01_mir/recover-20220825/UBNA_002/20220823_033000.WAV,Telephone Field,recover-20220825,002,1795
907.9685,907.9764,40078,55220,Pipistrellus nathusii,0.702,0.743,-1,Echolocation,/mnt/ubna_data_01_mir/recover-20220825/UBNA_002/20220823_033000.WAV,Telephone Field,recover-20220825,002,1795
907.9765,907.9827,38359,50108,Myotis brandtii,0.011,0.024,-1,Echolocation,/mnt/ubna_data_01_mir/recover-20220825/UBNA_002/20220823_033000.WAV,Telephone Field,recover-20220825,002,1795
908.0015,908.0093,22031,31383,Plecotus austriacus,0.006,0.023,-1,Echolocation,/mnt/ubna_data_01_mir/recover-20220825/UBNA_002/20220823_033000.WAV,Telephone Field,recover-20220825,002,1795
908.0015,908.0293,68437,81930,Rhinolophus ferrumequinum,0.029,0.029,-1,Echolocation,/mnt/ubna_data_01_mir/recover-20220825/UBNA_002/20220823_033000.WAV,Telephone Field,recover-20220825,002,1795
908.0045,908.0136,27187,41370,Eptesicus serotinus,0.009,0.022,-1,Echolocation,/mnt/ubna_data_01_mir/recover-20220825/UBNA_002/20220823_033000.WAV,Telephone Field,recover-20220825,002,1795
908.0115,908.0175,33203,57891,Myotis brandtii,0.013,0.025,-1,Echolocation,/mnt/ubna_data_01_mir/recover-20220825/UBNA_002/20220823_033000.WAV,Telephone Field,recover-20220825,002,1795
908.0125,908.0204,40937,54521,Myotis brandtii,0.009,0.022,-1,Echolocation,/mnt/ubna_data_01_mir/recover-20220825/UBNA_002/20220823_033000.WAV,Telephone Field,recover-20220825,002,1795
908.0265,908.0684,68437,83195,Rhinolophus ferrumequinum,0.026,0.026,-1,Echolocation,/mnt/ubna_data_01_mir/recover-20220825/UBNA_002/20220823_033000.WAV,Telephone Field,recover-20220825,002,1795
908.0455,908.0553,38359,43942,Pipistrellus nathusii,0.04,0.055,-1,Echolocation,/mnt/ubna_data_01_mir/recover-20220825/UBNA_002/20220823_033000.WAV,Telephone Field,recover-20220825,002,1795
908.0515,908.0579,31484,41352,Myotis daubentonii,0.009,0.024,-1,Echolocation,/mnt/ubna_data_01_mir/recover-20220825/UBNA_002/20220823_033000.WAV,Telephone Field,recover-20220825,002,1795
908.0625,908.0921,68437,81179,Rhinolophus ferrumequinum,0.022,0.022,-1,Echolocation,/mnt/ubna_data_01_mir/recover-20220825/UBNA_002/20220823_033000.WAV,Telephone Field,recover-20220825,002,1795
908.0625,908.0689,49531,56128,Pipistrellus pipistrellus,0.014,0.025,-1,Echolocation,/mnt/ubna_data_01_mir/recover-20220825/UBNA_002/20220823_033000.WAV,Telephone Field,recover-20220825,002,1795
908.0635,908.0717,39218,59182,Pipistrellus nathusii,0.72,0.744,-1,Echolocation,/mnt/ubna_data_01_mir/recover-20220825/UBNA_002/20220823_033000.WAV,Telephone Field,recover-20220825,002,1795
908.0635,908.0698,30625,59709,Myotis brandtii,0.01,0.029,-1,Echolocation,/mnt/ubna_data_01_mir/recover-20220825/UBNA_002/20220823_033000.WAV,Telephone Field,recover-20220825,002,1795
908.0725,908.0793,38359,48154,Myotis brandtii,0.01,0.025,-1,Echolocation,/mnt/ubna_data_01_mir/recover-20220825/UBNA_002/20220823_033000.WAV,Telephone Field,recover-20220825,002,1795
908.0755,908.1079,68437,81197,Rhinolophus ferrumequinum,0.023,0.024,-1,Echolocation,/mnt/ubna_data_01_mir/recover-20220825/UBNA_002/20220823_033000.WAV,Telephone Field,recover-20220825,002,1795
908.1405,908.1481,28046,35063,Eptesicus serotinus,0.009,0.025,-1,Echolocation,/mnt/ubna_data_01_mir/recover-20220825/UBNA_002/20220823_033000.WAV,Telephone Field,recover-20220825,002,1795
908.1505,908.1573,48671,54830,Pipistrellus pipistrellus,0.014,0.025,-1,Echolocation,/mnt/ubna_data_01_mir/recover-20220825/UBNA_002/20220823_033000.WAV,Telephone Field,recover-20220825,002,1795
908.1525,908.1587,31484,62674,Myotis brandtii,0.014,0.037,-1,Echolocation,/mnt/ubna_data_01_mir/recover-20220825/UBNA_002/20220823_033000.WAV,Telephone Field,recover-20220825,002,1795
908.1525,908.1599,39218,61689,Pipistrellus nathusii,0.644,0.693,-1,Echolocation,/mnt/ubna_data_01_mir/recover-20220825/UBNA_002/20220823_033000.WAV,Telephone Field,recover-20220825,002,1795
908.1615,908.1671,30625,40495,Myotis daubentonii,0.011,0.026,-1,Echolocation,/mnt/ubna_data_01_mir/recover-20220825/UBNA_002/20220823_033000.WAV,Telephone Field,recover-20220825,002,1795
908.1685,908.2002,68437,80773,Rhinolophus ferrumequinum,0.023,0.023,-1,Echolocation,/mnt/ubna_data_01_mir/recover-20220825/UBNA_002/20220823_033000.WAV,Telephone Field,recover-20220825,002,1795
908.1985,908.2065,55546,60115,Pipistrellus pygmaeus,0.025,0.026,-1,Echolocation,/mnt/ubna_data_01_mir/recover-20220825/UBNA_002/20220823_033000.WAV,Telephone Field,recover-20220825,002,1795
908.2405,908.2475,39218,58030,Pipistrellus nathusii,0.629,0.655,-1,Echolocation,/mnt/ubna_data_01_mir/recover-20220825/UBNA_002/20220823_033000.WAV,Telephone Field,recover-20220825,002,1795
908.2485,908.2542,35781,47595,Myotis brandtii,0.011,0.024,-1,Echolocation,/mnt/ubna_data_01_mir/recover-20220825/UBNA_002/20220823_033000.WAV,Telephone Field,recover-20220825,002,1795
908.3465,908.3552,38359,53551,Pipistrellus nathusii,0.642,0.689,-1,Echolocation,/mnt/ubna_data_01_mir/recover-20220825/UBNA_002/20220823_033000.WAV,Telephone Field,recover-20220825,002,1795
908.3535,908.3591,30625,40759,Myotis daubentonii,0.01,0.024,-1,Echolocation,/mnt/ubna_data_01_mir/recover-20220825/UBNA_002/20220823_033000.WAV,Telephone Field,recover-20220825,002,1795
908.4085,908.4497,68437,83126,Rhinolophus ferrumequinum,0.023,0.023,-1,Echolocation,/mnt/ubna_data_01_mir/recover-20220825/UBNA_002/20220823_033000.WAV,Telephone Field,recover-20220825,002,1795
908.4175,908.425,36640,44122,Myotis daubentonii,0.006,0.023,-1,Echolocation,/mnt/ubna_data_01_mir/recover-20220825/UBNA_002/20220823_033000.WAV,Telephone Field,recover-20220825,002,1795
908.4365,908.4442,52109,57648,Pipistrellus pygmaeus,0.018,0.022,-1,Echolocation,/mnt/ubna_data_01_mir/recover-20220825/UBNA_002/20220823_033000.WAV,Telephone Field,recover-20220825,002,1795
908.4405,908.4487,38359,56760,Pipistrellus nathusii,0.666,0.692,-1,Echolocation,/mnt/ubna_data_01_mir/recover-20220825/UBNA_002/20220823_033000.WAV,Telephone Field,recover-20220825,002,1795
908.4485,908.4541,32343,45727,Myotis daubentonii,0.009,0.023,-1,Echolocation,/mnt/ubna_data_01_mir/recover-20220825/UBNA_002/20220823_033000.WAV,Telephone Field,recover-20220825,002,1795
908.4485,908.4543,26328,37877,Myotis nattereri,0.004,0.024,-1,Echolocation,/mnt/ubna_data_01_mir/recover-20220825/UBNA_002/20220823_033000.WAV,Telephone Field,recover-20220825,002,1795
908.4805,908.5206,68437,82639,Rhinolophus ferrumequinum,0.024,0.024,-1,Echolocation,/mnt/ubna_data_01_mir/recover-20220825/UBNA_002/20220823_033000.WAV,Telephone Field,recover-20220825,002,1795
908.4835,908.4932,51250,55481,Pipistrellus pipistrellus,0.013,0.024,-1,Echolocation,/mnt/ubna_data_01_mir/recover-20220825/UBNA_002/20220823_033000.WAV,Telephone Field,recover-20220825,002,1795
908.4935,908.5341,68437,83536,Rhinolophus ferrumequinum,0.027,0.027,-1,Echolocation,/mnt/ubna_data_01_mir/recover-20220825/UBNA_002/20220823_033000.WAV,Telephone Field,recover-20220825,002,1795
908.4985,908.54,68437,83377,Rhinolophus ferrumequinum,0.027,0.027,-1,Echolocation,/mnt/ubna_data_01_mir/recover-20220825/UBNA_002/20220823_033000.WAV,Telephone Field,recover-20220825,002,1795
908.5425,908.5495,38359,61146,Pipistrellus nathusii,0.669,0.709,-1,Echolocation,/mnt/ubna_data_01_mir/recover-20220825/UBNA_002/20220823_033000.WAV,Telephone Field,recover-20220825,002,1795
908.5425,908.5485,49531,54953,Pipistrellus pipistrellus,0.022,0.037,-1,Echolocation,/mnt/ubna_data_01_mir/recover-20220825/UBNA_002/20220823_033000.WAV,Telephone Field,recover-20220825,002,1795
908.5475,908.5564,21171,33280,Plecotus austriacus,0.007,0.022,-1,Echolocation,/mnt/ubna_data_01_mir/recover-20220825/UBNA_002/20220823_033000.WAV,Telephone Field,recover-20220825,002,1795
908.5505,908.5587,26328,35287,Eptesicus serotinus,0.007,0.026,-1,Echolocation,/mnt/ubna_data_01_mir/recover-20220825/UBNA_002/20220823_033000.WAV,Telephone Field,recover-20220825,002,1795
908.5515,908.5574,34062,45813,Myotis brandtii,0.01,0.025,-1,Echolocation,/mnt/ubna_data_01_mir/recover-20220825/UBNA_002/20220823_033000.WAV,Telephone Field,recover-20220825,002,1795
908.5705,908.5793,55546,60995,Pipistrellus pygmaeus,0.029,0.03,-1,Echolocation,/mnt/ubna_data_01_mir/recover-20220825/UBNA_002/20220823_033000.WAV,Telephone Field,recover-20220825,002,1795
908.5795,908.5853,33203,44349,Myotis daubentonii,0.01,0.024,-1,Echolocation,/mnt/ubna_data_01_mir/recover-20220825/UBNA_002/20220823_033000.WAV,Telephone Field,recover-20220825,002,1795
908.5795,908.5867,27187,44722,Eptesicus serotinus,0.008,0.024,-1,Echolocation,/mnt/ubna_data_01_mir/recover-20220825/UBNA_002/20220823_033000.WAV,Telephone Field,recover-20220825,002,1795
908.6355,908.6468,54687,60862,Pipistrellus pygmaeus,0.029,0.031,-1,Echolocation,/mnt/ubna_data_01_mir/recover-20220825/UBNA_002/20220823_033000.WAV,Telephone Field,recover-20220825,002,1795
908.6395,908.6475,38359,61745,Pipistrellus nathusii,0.688,0.722,-1,Echolocation,/mnt/ubna_data_01_mir/recover-20220825/UBNA_002/20220823_033000.WAV,Telephone Field,recover-20220825,002,1795
908.6485,908.6548,50390,66967,Pipistrellus pygmaeus,0.015,0.022,-1,Echolocation,/mnt/ubna_data_01_mir/recover-20220825/UBNA_002/20220823_033000.WAV,Telephone Field,recover-20220825,002,1795
908.6495,908.6796,68437,81092,Rhinolophus ferrumequinum,0.023,0.024,-1,Echolocation,/mnt/ubna_data_01_mir/recover-20220825/UBNA_002/20220823_033000.WAV,Telephone Field,recover-20220825,002,1795
908.6795,908.6869,33203,42191,Myotis daubentonii,0.007,0.022,-1,Echolocation,/mnt/ubna_data_01_mir/recover-20220825/UBNA_002/20220823_033000.WAV,Telephone Field,recover-20220825,002,1795
908.6805,908.6887,28046,37733,Eptesicus serotinus,0.008,0.025,-1,Echolocation,/mnt/ubna_data_01_mir/recover-20220825/UBNA_002/20220823_033000.WAV,Telephone Field,recover-20220825,002,1795
908.7425,908.7503,38359,64803,Pipistrellus nathusii,0.683,0.737,-1,Echolocation,/mnt/ubna_data_01_mir/recover-20220825/UBNA_002/20220823_033000.WAV,Telephone Field,recover-20220825,002,1795
908.7425,908.7483,50390,57216,Pipistrellus pipistrellus,0.012,0.023,-1,Echolocation,/mnt/ubna_data_01_mir/recover-20220825/UBNA_002/20220823_033000.WAV,Telephone Field,recover-20220825,002,1795
908.7515,908.7581,38359,50785,Myotis brandtii,0.015,0.034,-1,Echolocation,/mnt/ubna_data_01_mir/recover-20220825/UBNA_002/20220823_033000.WAV,Telephone Field,recover-20220825,002,1795
908.7605,908.7931,68437,81535,Rhinolophus ferrumequinum,0.022,0.022,-1,Echolocation,/mnt/ubna_data_01_mir/recover-20220825/UBNA_002/20220823_033000.WAV,Telephone Field,recover-20220825,002,1795
908.7695,908.8057,68437,81208,Rhinolophus ferrumequinum,0.025,0.025,-1,Echolocation,/mnt/ubna_data_01_mir/recover-20220825/UBNA_002/20220823_033000.WAV,Telephone Field,recover-20220825,002,1795
908.8315,908.8394,52109,58971,Pipistrellus pygmaeus,0.041,0.048,-1,Echolocation,/mnt/ubna_data_01_mir/recover-20220825/UBNA_002/20220823_033000.WAV,Telephone Field,recover-20220825,002,1795
908.8345,908.8426,36640,64159,Pipistrellus nathusii,0.569,0.643,-1,Echolocation,/mnt/ubna_data_01_mir/recover-20220825/UBNA_002/20220823_033000.WAV,Telephone Field,recover-20220825,002,1795
908.9275,908.9627,68437,81497,Rhinolophus ferrumequinum,0.025,0.025,-1,Echolocation,/mnt/ubna_data_01_mir/recover-20220825/UBNA_002/20220823_033000.WAV,Telephone Field,recover-20220825,002,1795
908.9315,908.9404,52968,57762,Pipistrellus pygmaeus,0.049,0.054,-1,Echolocation,/mnt/ubna_data_01_mir/recover-20220825/UBNA_002/20220823_033000.WAV,Telephone Field,recover-20220825,002,1795
908.9355,908.941,28046,66023,Myotis bechsteinii,0.018,0.043,-1,Echolocation,/mnt/ubna_data_01_mir/recover-20220825/UBNA_002/20220823_033000.WAV,Telephone Field,recover-20220825,002,1795
908.9355,908.9435,36640,62903,Pipistrellus nathusii,0.452,0.55,-1,Echolocation,/mnt/ubna_data_01_mir/recover-20220825/UBNA_002/20220823_033000.WAV,Telephone Field,recover-20220825,002,1795
908.9375,908.9677,68437,81857,Rhinolophus ferrumequinum,0.025,0.025,-1,Echolocation,/mnt/ubna_data_01_mir/recover-20220825/UBNA_002/20220823_033000.WAV,Telephone Field,recover-20220825,002,1795
908.9465,908.952,34921,50947,Myotis brandtii,0.013,0.028,-1,Echolocation,/mnt/ubna_data_01_mir/recover-20220825/UBNA_002/20220823_033000.WAV,Telephone Field,recover-20220825,002,1795
908.9485,908.9757,68437,80396,Rhinolophus ferrumequinum,0.025,0.025,-1,Echolocation,/mnt/ubna_data_01_mir/recover-20220825/UBNA_002/20220823_033000.WAV,Telephone Field,recover-20220825,002,1795
909.0235,909.0381,54687,61146,Pipistrellus pygmaeus,0.064,0.067,-1,Echolocation,/mnt/ubna_data_01_mir/recover-20220825/UBNA_002/20220823_033000.WAV,Telephone Field,recover-20220825,002,1795
909.0305,909.0363,27187,62472,Myotis bechsteinii,0.013,0.038,-1,Echolocation,/mnt/ubna_data_01_mir/recover-20220825/UBNA_002/20220823_033000.WAV,Telephone Field,recover-20220825,002,1795
909.0305,909.0386,36640,64127,Pipistrellus nathusii,0.532,0.576,-1,Echolocation,/mnt/ubna_data_01_mir/recover-20220825/UBNA_002/20220823_033000.WAV,Telephone Field,recover-20220825,002,1795
909.0455,909.0771,68437,81959,Rhinolophus ferrumequinum,0.032,0.032,-1,Echolocation,/mnt/ubna_data_01_mir/recover-20220825/UBNA_002/20220823_033000.WAV,Telephone Field,recover-20220825,002,1795
909.0845,909.0936,25468,37112,Eptesicus serotinus,0.01,0.027,-1,Echolocation,/mnt/ubna_data_01_mir/recover-20220825/UBNA_002/20220823_033000.WAV,Telephone Field,recover-20220825,002,1795
909.1325,909.1386,51250,58786,Pipistrellus pipistrellus,0.027,0.052,-1,Echolocation,/mnt/ubna_data_01_mir/recover-20220825/UBNA_002/20220823_033000.WAV,Telephone Field,recover-20220825,002,1795
909.1355,909.1443,37500,62580,Pipistrellus nathusii,0.671,0.703,-1,Echolocation,/mnt/ubna_data_01_mir/recover-20220825/UBNA_002/20220823_033000.WAV,Telephone Field,recover-20220825,002,1795
909.1355,909.1406,28906,64462,Myotis brandtii,0.011,0.038,-1,Echolocation,/mnt/ubna_data_01_mir/recover-20220825/UBNA_002/20220823_033000.WAV,Telephone Field,recover-20220825,002,1795
909.1435,909.1492,25468,38926,Myotis nattereri,0.005,0.024,-1,Echolocation,/mnt/ubna_data_01_mir/recover-20220825/UBNA_002/20220823_033000.WAV,Telephone Field,recover-20220825,002,1795
909.1455,909.1512,34921,48788,Myotis brandtii,0.012,0.026,-1,Echolocation,/mnt/ubna_data_01_mir/recover-20220825/UBNA_002/20220823_033000.WAV,Telephone Field,recover-20220825,002,1795
909.1505,909.1813,68437,80530,Rhinolophus ferrumequinum,0.026,0.026,-1,Echolocation,/mnt/ubna_data_01_mir/recover-20220825/UBNA_002/20220823_033000.WAV,Telephone Field,recover-20220825,002,1795
909.2245,909.2338,27187,35544,Eptesicus serotinus,0.009,0.023,-1,Echolocation,/mnt/ubna_data_01_mir/recover-20220825/UBNA_002/20220823_033000.WAV,Telephone Field,recover-20220825,002,1795
909.2355,909.2423,50390,57161,Pipistrellus pipistrellus,0.023,0.036,-1,Echolocation,/mnt/ubna_data_01_mir/recover-20220825/UBNA_002/20220823_033000.WAV,Telephone Field,recover-20220825,002,1795
909.2365,909.2455,36640,59806,Pipistrellus nathusii,0.601,0.646,-1,Echolocation,/mnt/ubna_data_01_mir/recover-20220825/UBNA_002/20220823_033000.WAV,Telephone Field,recover-20220825,002,1795
909.2455,909.2517,26328,38039,Eptesicus serotinus,0.005,0.024,-1,Echolocation,/mnt/ubna_data_01_mir/recover-20220825/UBNA_002/20220823_033000.WAV,Telephone Field,recover-20220825,002,1795
909.2495,909.2592,55546,66668,Pipistrellus pygmaeus,0.022,0.022,-1,Echolocation,/mnt/ubna_data_01_mir/recover-20220825/UBNA_002/20220823_033000.WAV,Telephone Field,recover-20220825,002,1795
909.2725,909.2834,22031,26995,Nyctalus leisleri,0.01,0.023,-1,Echolocation,/mnt/ubna_data_01_mir/recover-20220825/UBNA_002/20220823_033000.WAV,Telephone Field,recover-20220825,002,1795
909.2945,909.3017,46093,55359,Pipistrellus pipistrellus,0.019,0.023,-1,Echolocation,/mnt/ubna_data_01_mir/recover-20220825/UBNA_002/20220823_033000.WAV,Telephone Field,recover-20220825,002,1795
909.3305,909.3646,68437,81726,Rhinolophus ferrumequinum,0.025,0.025,-1,Echolocation,/mnt/ubna_data_01_mir/recover-20220825/UBNA_002/20220823_033000.WAV,Telephone Field,recover-20220825,002,1795
909.3395,909.3467,49531,56849,Pipistrellus pipistrellus,0.026,0.045,-1,Echolocation,/mnt/ubna_data_01_mir/recover-20220825/UBNA_002/20220823_033000.WAV,Telephone Field,recover-20220825,002,1795
909.3405,909.3461,28046,63948,Myotis brandtii,0.02,0.068,-1,Echolocation,/mnt/ubna_data_01_mir/recover-20220825/UBNA_002/20220823_033000.WAV,Telephone Field,recover-20220825,002,1795
909.3405,909.3488,36640,63722,Pipistrellus nathusii,0.613,0.664,-1,Echolocation,/mnt/ubna_data_01_mir/recover-20220825/UBNA_002/20220823_033000.WAV,Telephone Field,recover-20220825,002,1795
909.3495,909.3558,36640,48390,Myotis brandtii,0.013,0.03,-1,Echolocation,/mnt/ubna_data_01_mir/recover-20220825/UBNA_002/20220823_033000.WAV,Telephone Field,recover-20220825,002,1795
909.3495,909.3566,49531,65668,Pipistrellus pygmaeus,0.016,0.022,-1,Echolocation,/mnt/ubna_data_01_mir/recover-20220825/UBNA_002/20220823_033000.WAV,Telephone Field,recover-20220825,002,1795
909.3925,909.401,27187,36209,Eptesicus serotinus,0.013,0.03,-1,Echolocation,/mnt/ubna_data_01_mir/recover-20220825/UBNA_002/20220823_033000.WAV,Telephone Field,recover-20220825,002,1795
909.4265,909.4333,45234,48853,Pipistrellus pipistrellus,0.026,0.028,-1,Echolocation,/mnt/ubna_data_01_mir/recover-20220825/UBNA_002/20220823_033000.WAV,Telephone Field,recover-20220825,002,1795
909.4395,909.454,54687,61569,Pipistrellus pygmaeus,0.073,0.079,-1,Echolocation,/mnt/ubna_data_01_mir/recover-20220825/UBNA_002/20220823_033000.WAV,Telephone Field,recover-20220825,002,1795
909.4405,909.4473,43515,58849,Myotis brandtii,0.009,0.042,-1,Echolocation,/mnt/ubna_data_01_mir/recover-20220825/UBNA_002/20220823_033000.WAV,Telephone Field,recover-20220825,002,1795
909.4415,909.4478,26328,63644,Myotis bechsteinii,0.023,0.048,-1,Echolocation,/mnt/ubna_data_01_mir/recover-20220825/UBNA_002/20220823_033000.WAV,Telephone Field,recover-20220825,002,1795
909.4425,909.4514,35781,62368,Pipistrellus nathusii,0.508,0.578,-1,Echolocation,/mnt/ubna_data_01_mir/recover-20220825/UBNA_002/20220823_033000.WAV,Telephone Field,recover-20220825,002,1795
909.4525,909.4584,25468,38454,Plecotus auritus,0.005,0.025,-1,Echolocation,/mnt/ubna_data_01_mir/recover-20220825/UBNA_002/20220823_033000.WAV,Telephone Field,recover-20220825,002,1795
909.4815,909.5161,68437,81606,Rhinolophus ferrumequinum,0.023,0.023,-1,Echolocation,/mnt/ubna_data_01_mir/recover-20220825/UBNA_002/20220823_033000.WAV,Telephone Field,recover-20220825,002,1795
909.4915,909.5238,68437,81236,Rhinolophus ferrumequinum,0.022,0.022,-1,Echolocation,/mnt/ubna_data_01_mir/recover-20220825/UBNA_002/20220823_033000.WAV,Telephone Field,recover-20220825,002,1795
909.5225,909.5604,68437,82803,Rhinolophus ferrumequinum,0.03,0.03,-1,Echolocation,/mnt/ubna_data_01_mir/recover-20220825/UBNA_002/20220823_033000.WAV,Telephone Field,recover-20220825,002,1795
909.5565,909.565,37500,67639,Pipistrellus nathusii,0.589,0.637,-1,Echolocation,/mnt/ubna_data_01_mir/recover-20220825/UBNA_002/20220823_033000.WAV,Telephone Field,recover-20220825,002,1795
909.5575,909.5637,28906,62678,Barbastellus barbastellus,0.023,0.058,-1,Echolocation,/mnt/ubna_data_01_mir/recover-20220825/UBNA_002/20220823_033000.WAV,Telephone Field,recover-20220825,002,1795
909.5585,909.5633,47812,55153,Pipistrellus pipistrellus,0.017,0.036,-1,Echolocation,/mnt/ubna_data_01_mir/recover-20220825/UBNA_002/20220823_033000.WAV,Telephone Field,recover-20220825,002,1795
909.5655,909.5713,37500,51569,Myotis brandtii,0.016,0.036,-1,Echolocation,/mnt/ubna_data_01_mir/recover-20220825/UBNA_002/20220823_033000.WAV,Telephone Field,recover-20220825,002,1795
909.5665,909.5731,26328,35984,Eptesicus serotinus,0.007,0.028,-1,Echolocation,/mnt/ubna_data_01_mir/recover-20220825/UBNA_002/20220823_033000.WAV,Telephone Field,recover-20220825,002,1795
909.5925,909.6024,25468,34217,Eptesicus serotinus,0.01,0.025,-1,Echolocation,/mnt/ubna_data_01_mir/recover-20220825/UBNA_002/20220823_033000.WAV,Telephone Field,recover-20220825,002,1795
909.6085,909.6478,68437,82474,Rhinolophus ferrumequinum,0.022,0.022,-1,Echolocation,/mnt/ubna_data_01_mir/recover-20220825/UBNA_002/20220823_033000.WAV,Telephone Field,recover-20220825,002,1795
909.6265,909.6345,49531,57706,Pipistrellus pipistrellus,0.022,0.029,-1,Echolocation,/mnt/ubna_data_01_mir/recover-20220825/UBNA_002/20220823_033000.WAV,Telephone Field,recover-20220825,002,1795
909.6285,909.6372,27187,41507,Eptesicus serotinus,0.009,0.022,-1,Echolocation,/mnt/ubna_data_01_mir/recover-20220825/UBNA_002/20220823_033000.WAV,Telephone Field,recover-20220825,002,1795
909.6305,909.6476,21171,25184,Nyctalus leisleri,0.011,0.022,-1,Echolocation,/mnt/ubna_data_01_mir/recover-20220825/UBNA_002/20220823_033000.WAV,Telephone Field,recover-20220825,002,1795
909.6535,909.6607,47812,54692,Pipistrellus pipistrellus,0.03,0.049,-1,Echolocation,/mnt/ubna_data_01_mir/recover-20220825/UBNA_002/20220823_033000.WAV,Telephone Field,recover-20220825,002,1795
909.6605,909.669,37500,64398,Pipistrellus nathusii,0.633,0.666,-1,Echolocation,/mnt/ubna_data_01_mir/recover-20220825/UBNA_002/20220823_033000.WAV,Telephone Field,recover-20220825,002,1795
909.6615,909.6682,51250,59511,Pipistrellus pipistrellus,0.019,0.037,-1,Echolocation,/mnt/ubna_data_01_mir/recover-20220825/UBNA_002/20220823_033000.WAV,Telephone Field,recover-20220825,002,1795
909.6705,909.676,29765,40605,Myotis daubentonii,0.01,0.024,-1,Echolocation,/mnt/ubna_data_01_mir/recover-20220825/UBNA_002/20220823_033000.WAV,Telephone Field,recover-20220825,002,1795
909.6725,909.7025,68437,81146,Rhinolophus ferrumequinum,0.023,0.023,-1,Echolocation,/mnt/ubna_data_01_mir/recover-20220825/UBNA_002/20220823_033000.WAV,Telephone Field,recover-20220825,002,1795
909.6955,909.7334,68437,81582,Rhinolophus ferrumequinum,0.023,0.023,-1,Echolocation,/mnt/ubna_data_01_mir/recover-20220825/UBNA_002/20220823_033000.WAV,Telephone Field,recover-20220825,002,1795
909.7055,909.7427,68437,82912,Rhinolophus ferrumequinum,0.031,0.031,-1,Echolocation,/mnt/ubna_data_01_mir/recover-20220825/UBNA_002/20220823_033000.WAV,Telephone Field,recover-20220825,002,1795
909.7205,909.7318,25468,31542,Nyctalus leisleri,0.009,0.024,-1,Echolocation,/mnt/ubna_data_01_mir/recover-20220825/UBNA_002/20220823_033000.WAV,Telephone Field,recover-20220825,002,1795
909.7665,909.773,52109,62414,Pipistrellus pipistrellus,0.019,0.037,-1,Echolocation,/mnt/ubna_data_01_mir/recover-20220825/UBNA_002/20220823_033000.WAV,Telephone Field,recover-20220825,002,1795
909.7665,909.774,36640,68141,Pipistrellus nathusii,0.492,0.524,-1,Echolocation,/mnt/ubna_data_01_mir/recover-20220825/UBNA_002/20220823_033000.WAV,Telephone Field,recover-20220825,002,1795
909.7745,909.7808,51250,67349,Pipistrellus pygmaeus,0.023,0.028,-1,Echolocation,/mnt/ubna_data_01_mir/recover-20220825/UBNA_002/20220823_033000.WAV,Telephone Field,recover-20220825,002,1795
909.7755,909.7816,37500,51335,Pipistrellus nathusii,0.017,0.039,-1,Echolocation,/mnt/ubna_data_01_mir/recover-20220825/UBNA_002/20220823_033000.WAV,Telephone Field,recover-20220825,002,1795
909.7775,909.8047,68437,80565,Rhinolophus ferrumequinum,0.027,0.027,-1,Echolocation,/mnt/ubna_data_01_mir/recover-20220825/UBNA_002/20220823_033000.WAV,Telephone Field,recover-20220825,002,1795
909.8025,909.8404,68437,82505,Rhinolophus ferrumequinum,0.024,0.024,-1,Echolocation,/mnt/ubna_data_01_mir/recover-20220825/UBNA_002/20220823_033000.WAV,Telephone Field,recover-20220825,002,1795
909.8585,909.8668,28046,35116,Eptesicus serotinus,0.008,0.022,-1,Echolocation,/mnt/ubna_data_01_mir/recover-20220825/UBNA_002/20220823_033000.WAV,Telephone Field,recover-20220825,002,1795
909.8705,909.8787,52109,63389,Pipistrellus pygmaeus,0.046,0.052,-1,Echolocation,/mnt/ubna_data_01_mir/recover-20220825/UBNA_002/20220823_033000.WAV,Telephone Field,recover-20220825,002,1795
909.8735,909.8803,37500,67483,Pipistrellus nathusii,0.316,0.373,-1,Echolocation,/mnt/ubna_data_01_mir/recover-20220825/UBNA_002/20220823_033000.WAV,Telephone Field,recover-20220825,002,1795
909.8835,909.8891,28046,41645,Myotis daubentonii,0.011,0.031,-1,Echolocation,/mnt/ubna_data_01_mir/recover-20220825/UBNA_002/20220823_033000.WAV,Telephone Field,recover-20220825,002,1795
909.9595,909.9686,44375,54614,Pipistrellus pipistrellus,0.013,0.023,-1,Echolocation,/mnt/ubna_data_01_mir/recover-20220825/UBNA_002/20220823_033000.WAV,Telephone Field,recover-20220825,002,1795
909.9875,909.9941,32343,52239,Myotis brandtii,0.009,0.022,-1,Echolocation,/mnt/ubna_data_01_mir/recover-20220825/UBNA_002/20220823_033000.WAV,Telephone Field,recover-20220825,002,1795
910.0015,910.0116,46953,55476,Pipistrellus pipistrellus,0.015,0.025,-1,Echolocation,/mnt/ubna_data_01_mir/recover-20220825/UBNA_002/20220823_033000.WAV,Telephone Field,recover-20220825,002,1795
910.0015,910.0368,68437,80401,Rhinolophus ferrumequinum,0.043,0.044,-1,Echolocation,/mnt/ubna_data_01_mir/recover-20220825/UBNA_002/20220823_033000.WAV,Telephone Field,recover-20220825,002,1795
910.0085,910.0517,68437,82850,Rhinolophus ferrumequinum,0.02,0.02,-1,Echolocation,/mnt/ubna_data_01_mir/recover-20220825/UBNA_002/20220823_033000.WAV,Telephone Field,recover-20220825,002,1795
910.0095,910.0229,28046,35350,Eptesicus serotinus,0.029,0.05,-1,Echolocation,/mnt/ubna_data_01_mir/recover-20220825/UBNA_002/20220823_033000.WAV,Telephone Field,recover-20220825,002,1795
910.0295,910.037,28046,36696,Eptesicus serotinus,0.007,0.02,-1,Echolocation,/mnt/ubna_data_01_mir/recover-20220825/UBNA_002/20220823_033000.WAV,Telephone Field,recover-20220825,002,1795
910.0435,910.0509,30625,75584,Myotis brandtii,0.206,0.277,-1,Echolocation,/mnt/ubna_data_01_mir/recover-20220825/UBNA_002/20220823_033000.WAV,Telephone Field,recover-20220825,002,1795
910.0435,910.0512,36640,67108,Pipistrellus nathusii,0.257,0.343,-1,Echolocation,/mnt/ubna_data_01_mir/recover-20220825/UBNA_002/20220823_033000.WAV,Telephone Field,recover-20220825,002,1795
910.0535,910.0587,30625,42302,Myotis daubentonii,0.012,0.028,-1,Echolocation,/mnt/ubna_data_01_mir/recover-20220825/UBNA_002/20220823_033000.WAV,Telephone Field,recover-20220825,002,1795
910.0565,910.0891,68437,81301,Rhinolophus ferrumequinum,0.02,0.02,-1,Echolocation,/mnt/ubna_data_01_mir/recover-20220825/UBNA_002/20220823_033000.WAV,Telephone Field,recover-20220825,002,1795
910.0695,910.0863,23750,30135,Eptesicus serotinus,0.009,0.023,-1,Echolocation,/mnt/ubna_data_01_mir/recover-20220825/UBNA_002/20220823_033000.WAV,Telephone Field,recover-20220825,002,1795
910.0755,910.0847,26328,33829,Eptesicus serotinus,0.007,0.021,-1,Echolocation,/mnt/ubna_data_01_mir/recover-20220825/UBNA_002/20220823_033000.WAV,Telephone Field,recover-20220825,002,1795
910.1285,910.1654,68437,81457,Rhinolophus ferrumequinum,0.022,0.022,-1,Echolocation,/mnt/ubna_data_01_mir/recover-20220825/UBNA_002/20220823_033000.WAV,Telephone Field,recover-20220825,002,1795
910.1295,910.1358,39218,67036,Pipistrellus nathusii,0.331,0.406,-1,Echolocation,/mnt/ubna_data_01_mir/recover-20220825/UBNA_002/20220823_033000.WAV,Telephone Field,recover-20220825,002,1795
910.1295,910.1362,31484,77030,Myotis brandtii,0.188,0.247,-1,Echolocation,/mnt/ubna_data_01_mir/recover-20220825/UBNA_002/20220823_033000.WAV,Telephone Field,recover-20220825,002,1795
910.1305,910.1394,53828,61207,Pipistrellus pygmaeus,0.016,0.02,-1,Echolocation,/mnt/ubna_data_01_mir/recover-20220825/UBNA_002/20220823_033000.WAV,Telephone Field,recover-20220825,002,1795
910.1395,910.1449,31484,54552,Myotis brandtii,0.015,0.031,-1,Echolocation,/mnt/ubna_data_01_mir/recover-20220825/UBNA_002/20220823_033000.WAV,Telephone Field,recover-20220825,002,1795
910.1395,910.1702,68437,81547,Rhinolophus ferrumequinum,0.021,0.021,-1,Echolocation,/mnt/ubna_data_01_mir/recover-20220825/UBNA_002/20220823_033000.WAV,Telephone Field,recover-20220825,002,1795
910.1445,910.1767,68437,81088,Rhinolophus ferrumequinum,0.021,0.022,-1,Echolocation,/mnt/ubna_data_01_mir/recover-20220825/UBNA_002/20220823_033000.WAV,Telephone Field,recover-20220825,002,1795
910.1705,910.1799,25468,33712,Eptesicus serotinus,0.01,0.023,-1,Echolocation,/mnt/ubna_data_01_mir/recover-20220825/UBNA_002/20220823_033000.WAV,Telephone Field,recover-20220825,002,1795
910.2065,910.2139,31484,81676,Myotis brandtii,0.227,0.287,-1,Echolocation,/mnt/ubna_data_01_mir/recover-20220825/UBNA_002/20220823_033000.WAV,Telephone Field,recover-20220825,002,1795
910.2075,910.2153,50390,61999,Pipistrellus pipistrellus,0.015,0.026,-1,Echolocation,/mnt/ubna_data_01_mir/recover-20220825/UBNA_002/20220823_033000.WAV,Telephone Field,recover-20220825,002,1795
910.2125,910.2189,45234,62792,Pipistrellus pipistrellus,0.011,0.027,-1,Echolocation,/mnt/ubna_data_01_mir/recover-20220825/UBNA_002/20220823_033000.WAV,Telephone Field,recover-20220825,002,1795
910.2145,910.2206,37500,55061,Myotis brandtii,0.016,0.029,-1,Echolocation,/mnt/ubna_data_01_mir/recover-20220825/UBNA_002/20220823_033000.WAV,Telephone Field,recover-20220825,002,1795
910.2205,910.2367,23750,28152,Nyctalus leisleri,0.018,0.039,-1,Echolocation,/mnt/ubna_data_01_mir/recover-20220825/UBNA_002/20220823_033000.WAV,Telephone Field,recover-20220825,002,1795
910.2415,910.2508,28046,36365,Eptesicus serotinus,0.007,0.02,-1,Echolocation,/mnt/ubna_data_01_mir/recover-20220825/UBNA_002/20220823_033000.WAV,Telephone Field,recover-20220825,002,1795
910.2655,910.2715,51250,59914,Myotis mystacinus,0.007,0.02,-1,Echolocation,/mnt/ubna_data_01_mir/recover-20220825/UBNA_002/20220823_033000.WAV,Telephone Field,recover-20220825,002,1795
910.2715,910.2773,36640,63912,Myotis brandtii,0.111,0.249,-1,Echolocation,/mnt/ubna_data_01_mir/recover-20220825/UBNA_002/20220823_033000.WAV,Telephone Field,recover-20220825,002,1795
910.2725,910.2791,30625,75210,Myotis brandtii,0.208,0.294,-1,Echolocation,/mnt/ubna_data_01_mir/recover-20220825/UBNA_002/20220823_033000.WAV,Telephone Field,recover-20220825,002,1795
910.2835,910.2889,32343,57684,Myotis brandtii,0.016,0.029,-1,Echolocation,/mnt/ubna_data_01_mir/recover-20220825/UBNA_002/20220823_033000.WAV,Telephone Field,recover-20220825,002,1795
910.3245,910.3323,28046,35551,Eptesicus serotinus,0.008,0.021,-1,Echolocation,/mnt/ubna_data_01_mir/recover-20220825/UBNA_002/20220823_033000.WAV,Telephone Field,recover-20220825,002,1795
910.3385,910.3444,40937,66826,Pipistrellus nathusii,0.253,0.332,-1,Echolocation,/mnt/ubna_data_01_mir/recover-20220825/UBNA_002/20220823_033000.WAV,Telephone Field,recover-20220825,002,1795
910.3395,910.3466,31484,88435,Myotis brandtii,0.215,0.249,-1,Echolocation,/mnt/ubna_data_01_mir/recover-20220825/UBNA_002/20220823_033000.WAV,Telephone Field,recover-20220825,002,1795
910.3395,910.3481,49531,59315,Pipistrellus pipistrellus,0.016,0.027,-1,Echolocation,/mnt/ubna_data_01_mir/recover-20220825/UBNA_002/20220823_033000.WAV,Telephone Field,recover-20220825,002,1795
910.4115,910.419,33203,84013,Myotis brandtii,0.425,0.483,-1,Echolocation,/mnt/ubna_data_01_mir/recover-20220825/UBNA_002/20220823_033000.WAV,Telephone Field,recover-20220825,002,1795
910.4125,910.4199,41796,57570,Pipistrellus nathusii,0.124,0.134,-1,Echolocation,/mnt/ubna_data_01_mir/recover-20220825/UBNA_002/20220823_033000.WAV,Telephone Field,recover-20220825,002,1795
910.4215,910.4271,29765,47743,Myotis daubentonii,0.011,0.025,-1,Echolocation,/mnt/ubna_data_01_mir/recover-20220825/UBNA_002/20220823_033000.WAV,Telephone Field,recover-20220825,002,1795
910.4435,910.4552,28046,35128,Eptesicus serotinus,0.018,0.033,-1,Echolocation,/mnt/ubna_data_01_mir/recover-20220825/UBNA_002/20220823_033000.WAV,Telephone Field,recover-20220825,002,1795
910.4615,910.4717,28046,38723,Eptesicus serotinus,0.012,0.025,-1,Echolocation,/mnt/ubna_data_01_mir/recover-20220825/UBNA_002/20220823_033000.WAV,Telephone Field,recover-20220825,002,1795
910.4955,910.5019,39218,65630,Myotis brandtii,0.247,0.421,-1,Echolocation,/mnt/ubna_data_01_mir/recover-20220825/UBNA_002/20220823_033000.WAV,Telephone Field,recover-20220825,002,1795
910.4975,910.5047,49531,56245,Pipistrellus pipistrellus,0.017,0.035,-1,Echolocation,/mnt/ubna_data_01_mir/recover-20220825/UBNA_002/20220823_033000.WAV,Telephone Field,recover-20220825,002,1795
910.5055,910.5138,26328,39222,Eptesicus serotinus,0.006,0.021,-1,Echolocation,/mnt/ubna_data_01_mir/recover-20220825/UBNA_002/20220823_033000.WAV,Telephone Field,recover-20220825,002,1795
910.5145,910.5532,68437,81561,Rhinolophus ferrumequinum,0.022,0.022,-1,Echolocation,/mnt/ubna_data_01_mir/recover-20220825/UBNA_002/20220823_033000.WAV,Telephone Field,recover-20220825,002,1795
910.5225,910.5301,26328,37181,Eptesicus serotinus,0.007,0.021,-1,Echolocation,/mnt/ubna_data_01_mir/recover-20220825/UBNA_002/20220823_033000.WAV,Telephone Field,recover-20220825,002,1795
910.5705,910.5771,36640,69377,Myotis brandtii,0.279,0.42,-1,Echolocation,/mnt/ubna_data_01_mir/recover-20220825/UBNA_002/20220823_033000.WAV,Telephone Field,recover-20220825,002,1795
910.5715,910.5829,51250,56399,Pipistrellus pygmaeus,0.018,0.028,-1,Echolocation,/mnt/ubna_data_01_mir/recover-20220825/UBNA_002/20220823_033000.WAV,Telephone Field,recover-20220825,002,1795
910.5795,910.5852,31484,49229,Myotis daubentonii,0.011,0.026,-1,Echolocation,/mnt/ubna_data_01_mir/recover-20220825/UBNA_002/20220823_033000.WAV,Telephone Field,recover-20220825,002,1795
910.6085,910.617,28046,39498,Eptesicus serotinus,0.007,0.02,-1,Echolocation,/mnt/ubna_data_01_mir/recover-20220825/UBNA_002/20220823_033000.WAV,Telephone Field,recover-20220825,002,1795
910.6115,910.6219,23750,29236,Nyctalus leisleri,0.008,0.02,-1,Echolocation,/mnt/ubna_data_01_mir/recover-20220825/UBNA_002/20220823_033000.WAV,Telephone Field,recover-20220825,002,1795
910.6275,910.6353,28046,36382,Eptesicus serotinus,0.009,0.023,-1,Echolocation,/mnt/ubna_data_01_mir/recover-20220825/UBNA_002/20220823_033000.WAV,Telephone Field,recover-20220825,002,1795
910.6405,910.6539,49531,56210,Pipistrellus pygmaeus,0.029,0.056,-1,Echolocation,/mnt/ubna_data_01_mir/recover-20220825/UBNA_002/20220823_033000.WAV,Telephone Field,recover-20220825,002,1795
910.6425,910.6491,34921,80714,Myotis brandtii,0.436,0.518,-1,Echolocation,/mnt/ubna_data_01_mir/recover-20220825/UBNA_002/20220823_033000.WAV,Telephone Field,recover-20220825,002,1795
910.6515,910.6572,31484,48271,Myotis daubentonii,0.009,0.022,-1,Echolocation,/mnt/ubna_data_01_mir/recover-20220825/UBNA_002/20220823_033000.WAV,Telephone Field,recover-20220825,002,1795
910.6645,910.6716,27187,39413,Eptesicus serotinus,0.006,0.02,-1,Echolocation,/mnt/ubna_data_01_mir/recover-20220825/UBNA_002/20220823_033000.WAV,Telephone Field,recover-20220825,002,1795
910.6865,910.6942,25468,33880,Eptesicus serotinus,0.007,0.022,-1,Echolocation,/mnt/ubna_data_01_mir/recover-20220825/UBNA_002/20220823_033000.WAV,Telephone Field,recover-20220825,002,1795
910.7325,910.7395,36640,74828,Myotis brandtii,0.338,0.47,-1,Echolocation,/mnt/ubna_data_01_mir/recover-20220825/UBNA_002/20220823_033000.WAV,Telephone Field,recover-20220825,002,1795
910.7335,910.7396,26328,92518,Myotis bechsteinii,0.059,0.115,-1,Echolocation,/mnt/ubna_data_01_mir/recover-20220825/UBNA_002/20220823_033000.WAV,Telephone Field,recover-20220825,002,1795
910.7355,910.7456,48671,53212,Pipistrellus pipistrellus,0.047,0.078,-1,Echolocation,/mnt/ubna_data_01_mir/recover-20220825/UBNA_002/20220823_033000.WAV,Telephone Field,recover-20220825,002,1795
910.7425,910.7494,29765,39700,Myotis daubentonii,0.013,0.028,-1,Echolocation,/mnt/ubna_data_01_mir/recover-20220825/UBNA_002/20220823_033000.WAV,Telephone Field,recover-20220825,002,1795
910.7425,910.7483,36640,60292,Myotis brandtii,0.02,0.031,-1,Echolocation,/mnt/ubna_data_01_mir/recover-20220825/UBNA_002/20220823_033000.WAV,Telephone Field,recover-20220825,002,1795
910.8085,910.8149,41796,63022,Myotis brandtii,0.174,0.386,-1,Echolocation,/mnt/ubna_data_01_mir/recover-20220825/UBNA_002/20220823_033000.WAV,Telephone Field,recover-20220825,002,1795
910.8605,910.8687,27187,39792,Eptesicus serotinus,0.008,0.02,-1,Echolocation,/mnt/ubna_data_01_mir/recover-20220825/UBNA_002/20220823_033000.WAV,Telephone Field,recover-20220825,002,1795
910.8825,910.8913,27187,38654,Eptesicus serotinus,0.007,0.02,-1,Echolocation,/mnt/ubna_data_01_mir/recover-20220825/UBNA_002/20220823_033000.WAV,Telephone Field,recover-20220825,002,1795
910.9225,910.9285,36640,70362,Myotis brandtii,0.292,0.343,-1,Echolocation,/mnt/ubna_data_01_mir/recover-20220825/UBNA_002/20220823_033000.WAV,Telephone Field,recover-20220825,002,1795
910.9405,910.9483,28046,35856,Eptesicus serotinus,0.009,0.025,-1,Echolocation,/mnt/ubna_data_01_mir/recover-20220825/UBNA_002/20220823_033000.WAV,Telephone Field,recover-20220825,002,1795
910.9785,910.9837,40078,59782,Myotis brandtii,0.238,0.52,-1,Echolocation,/mnt/ubna_data_01_mir/recover-20220825/UBNA_002/20220823_033000.WAV,Telephone Field,recover-20220825,002,1795
911.0035,911.0113,27187,39327,Eptesicus serotinus,0.013,0.032,-1,Echolocation,/mnt/ubna_data_01_mir/recover-20220825/UBNA_002/20220823_033000.WAV,Telephone Field,recover-20220825,002,1795
911.0295,911.0399,50390,54962,Pipistrellus pipistrellus,0.027,0.036,-1,Echolocation,/mnt/ubna_data_01_mir/recover-20220825/UBNA_002/20220823_033000.WAV,Telephone Field,recover-20220825,002,1795
911.0345,911.0414,34921,73333,Myotis brandtii,0.297,0.346,-1,Echolocation,/mnt/ubna_data_01_mir/recover-20220825/UBNA_002/20220823_033000.WAV,Telephone Field,recover-20220825,002,1795
911.0605,911.1032,68437,83212,Rhinolophus ferrumequinum,0.02,0.02,-1,Echolocation,/mnt/ubna_data_01_mir/recover-20220825/UBNA_002/20220823_033000.WAV,Telephone Field,recover-20220825,002,1795
911.0765,911.0874,25468,31880,Eptesicus serotinus,0.009,0.021,-1,Echolocation,/mnt/ubna_data_01_mir/recover-20220825/UBNA_002/20220823_033000.WAV,Telephone Field,recover-20220825,002,1795
911.0945,911.1348,68437,82461,Rhinolophus ferrumequinum,0.022,0.022,-1,Echolocation,/mnt/ubna_data_01_mir/recover-20220825/UBNA_002/20220823_033000.WAV,Telephone Field,recover-20220825,002,1795
911.1085,911.1166,50390,59615,Pipistrellus pipistrellus,0.018,0.024,-1,Echolocation,/mnt/ubna_data_01_mir/recover-20220825/UBNA_002/20220823_033000.WAV,Telephone Field,recover-20220825,002,1795
911.1165,911.122,40937,61544,Myotis brandtii,0.203,0.429,-1,Echolocation,/mnt/ubna_data_01_mir/recover-20220825/UBNA_002/20220823_033000.WAV,Telephone Field,recover-20220825,002,1795
911.1635,911.1716,28046,35725,Eptesicus serotinus,0.009,0.024,-1,Echolocation,/mnt/ubna_data_01_mir/recover-20220825/UBNA_002/20220823_033000.WAV,Telephone Field,recover-20220825,002,1795
911.1775,911.1825,39218,58804,Myotis brandtii,0.167,0.323,-1,Echolocation,/mnt/ubna_data_01_mir/recover-20220825/UBNA_002/20220823_033000.WAV,Telephone Field,recover-20220825,002,1795
911.1855,911.1913,31484,43076,Myotis daubentonii,0.009,0.02,-1,Echolocation,/mnt/ubna_data_01_mir/recover-20220825/UBNA_002/20220823_033000.WAV,Telephone Field,recover-20220825,002,1795
911.1905,911.2256,68437,81247,Rhinolophus ferrumequinum,0.02,0.02,-1,Echolocation,/mnt/ubna_data_01_mir/recover-20220825/UBNA_002/20220823_033000.WAV,Telephone Field,recover-20220825,002,1795
911.2375,911.2428,39218,59776,Myotis brandtii,0.171,0.301,-1,Echolocation,/mnt/ubna_data_01_mir/recover-20220825/UBNA_002/20220823_033000.WAV,Telephone Field,recover-20220825,002,1795
911.2465,911.2538,26328,41433,Eptesicus serotinus,0.006,0.02,-1,Echolocation,/mnt/ubna_data_01_mir/recover-20220825/UBNA_002/20220823_033000.WAV,Telephone Field,recover-20220825,002,1795
911.2855,911.2939,28046,39103,Eptesicus serotinus,0.008,0.024,-1,Echolocation,/mnt/ubna_data_01_mir/recover-20220825/UBNA_002/20220823_033000.WAV,Telephone Field,recover-20220825,002,1795
911.3015,911.3085,28046,36460,Eptesicus serotinus,0.006,0.021,-1,Echolocation,/mnt/ubna_data_01_mir/recover-20220825/UBNA_002/20220823_033000.WAV,Telephone Field,recover-20220825,002,1795
911.3145,911.32,39218,61505,Myotis brandtii,0.239,0.382,-1,Echolocation,/mnt/ubna_data_01_mir/recover-20220825/UBNA_002/20220823_033000.WAV,Telephone Field,recover-20220825,002,1795
911.3265,911.3358,27187,34432,Eptesicus serotinus,0.013,0.028,-1,Echolocation,/mnt/ubna_data_01_mir/recover-20220825/UBNA_002/20220823_033000.WAV,Telephone Field,recover-20220825,002,1795
911.3995,911.4122,43515,47437,Pipistrellus nathusii,0.134,0.171,-1,Echolocation,/mnt/ubna_data_01_mir/recover-20220825/UBNA_002/20220823_033000.WAV,Telephone Field,recover-20220825,002,1795
911.4285,911.4679,68437,82046,Rhinolophus ferrumequinum,0.02,0.02,-1,Echolocation,/mnt/ubna_data_01_mir/recover-20220825/UBNA_002/20220823_033000.WAV,Telephone Field,recover-20220825,002,1795
911.4325,911.4401,27187,39152,Eptesicus serotinus,0.007,0.022,-1,Echolocation,/mnt/ubna_data_01_mir/recover-20220825/UBNA_002/20220823_033000.WAV,Telephone Field,recover-20220825,002,1795
911.4445,911.4842,68437,83170,Rhinolophus ferrumequinum,0.023,0.023,-1,Echolocation,/mnt/ubna_data_01_mir/recover-20220825/UBNA_002/20220823_033000.WAV,Telephone Field,recover-20220825,002,1795
911.4455,911.4514,37500,62891,Myotis brandtii,0.014,0.023,-1,Echolocation,/mnt/ubna_data_01_mir/recover-20220825/UBNA_002/20220823_033000.WAV,Telephone Field,recover-20220825,002,1795
911.4545,911.4617,27187,38751,Eptesicus serotinus,0.006,0.02,-1,Echolocation,/mnt/ubna_data_01_mir/recover-20220825/UBNA_002/20220823_033000.WAV,Telephone Field,recover-20220825,002,1795
911.4625,911.4687,30625,60361,Myotis brandtii,0.012,0.024,-1,Echolocation,/mnt/ubna_data_01_mir/recover-20220825/UBNA_002/20220823_033000.WAV,Telephone Field,recover-20220825,002,1795
911.4635,911.4777,42656,48838,Pipistrellus nathusii,0.236,0.267,-1,Echolocation,/mnt/ubna_data_01_mir/recover-20220825/UBNA_002/20220823_033000.WAV,Telephone Field,recover-20220825,002,1795
911.4855,911.4947,28046,35736,Eptesicus serotinus,0.008,0.02,-1,Echolocation,/mnt/ubna_data_01_mir/recover-20220825/UBNA_002/20220823_033000.WAV,Telephone Field,recover-20220825,002,1795
911.5125,911.5511,68437,82084,Rhinolophus ferrumequinum,0.021,0.021,-1,Echolocation,/mnt/ubna_data_01_mir/recover-20220825/UBNA_002/20220823_033000.WAV,Telephone Field,recover-20220825,002,1795
911.5185,911.5253,33203,48216,Myotis brandtii,0.009,0.022,-1,Echolocation,/mnt/ubna_data_01_mir/recover-20220825/UBNA_002/20220823_033000.WAV,Telephone Field,recover-20220825,002,1795
911.5195,911.5272,28906,47667,Myotis daubentonii,0.007,0.022,-1,Echolocation,/mnt/ubna_data_01_mir/recover-20220825/UBNA_002/20220823_033000.WAV,Telephone Field,recover-20220825,002,1795
911.5395,911.5483,44375,55349,Pipistrellus pipistrellus,0.016,0.042,-1,Echolocation,/mnt/ubna_data_01_mir/recover-20220825/UBNA_002/20220823_033000.WAV,Telephone Field,recover-20220825,002,1795
911.5405,911.5479,30625,57956,Myotis brandtii,0.009,0.02,-1,Echolocation,/mnt/ubna_data_01_mir/recover-20220825/UBNA_002/20220823_033000.WAV,Telephone Field,recover-20220825,002,1795
911.6035,911.6115,50390,55576,Pipistrellus pipistrellus,0.024,0.03,-1,Echolocation,/mnt/ubna_data_01_mir/recover-20220825/UBNA_002/20220823_033000.WAV,Telephone Field,recover-20220825,002,1795
911.6115,911.6228,41796,50845,Pipistrellus nathusii,0.301,0.325,-1,Echolocation,/mnt/ubna_data_01_mir/recover-20220825/UBNA_002/20220823_033000.WAV,Telephone Field,recover-20220825,002,1795
911.6255,911.6627,68437,82000,Rhinolophus ferrumequinum,0.02,0.02,-1,Echolocation,/mnt/ubna_data_01_mir/recover-20220825/UBNA_002/20220823_033000.WAV,Telephone Field,recover-20220825,002,1795
911.6485,911.6874,68437,82903,Rhinolophus ferrumequinum,0.022,0.022,-1,Echolocation,/mnt/ubna_data_01_mir/recover-20220825/UBNA_002/20220823_033000.WAV,Telephone Field,recover-20220825,002,1795
911.6595,911.6684,42656,53065,Pipistrellus pipistrellus,0.013,0.031,-1,Echolocation,/mnt/ubna_data_01_mir/recover-20220825/UBNA_002/20220823_033000.WAV,Telephone Field,recover-20220825,002,1795
911.6965,911.7363,68437,81760,Rhinolophus ferrumequinum,0.022,0.022,-1,Echolocation,/mnt/ubna_data_01_mir/recover-20220825/UBNA_002/20220823_033000.WAV,Telephone Field,recover-20220825,002,1795
911.7095,911.7182,27187,38113,Eptesicus serotinus,0.007,0.02,-1,Echolocation,/mnt/ubna_data_01_mir/recover-20220825/UBNA_002/20220823_033000.WAV,Telephone Field,recover-20220825,002,1795
911.7105,911.7192,42656,52133,Myotis brandtii,0.005,0.02,-1,Echolocation,/mnt/ubna_data_01_mir/recover-20220825/UBNA_002/20220823_033000.WAV,Telephone Field,recover-20220825,002,1795
911.7505,911.7887,68437,82208,Rhinolophus ferrumequinum,0.02,0.02,-1,Echolocation,/mnt/ubna_data_01_mir/recover-20220825/UBNA_002/20220823_033000.WAV,Telephone Field,recover-20220825,002,1795
911.7545,911.7636,59843,68218,Pipistrellus pygmaeus,0.019,0.019,-1,Echolocation,/mnt/ubna_data_01_mir/recover-20220825/UBNA_002/20220823_033000.WAV,Telephone Field,recover-20220825,002,1795
911.7655,911.7741,26328,43297,Eptesicus serotinus,0.008,0.021,-1,Echolocation,/mnt/ubna_data_01_mir/recover-20220825/UBNA_002/20220823_033000.WAV,Telephone Field,recover-20220825,002,1795
911.7675,911.7745,38359,52887,Myotis brandtii,0.011,0.021,-1,Echolocation,/mnt/ubna_data_01_mir/recover-20220825/UBNA_002/20220823_033000.WAV,Telephone Field,recover-20220825,002,1795
911.7905,911.7966,31484,57417,Myotis brandtii,0.012,0.025,-1,Echolocation,/mnt/ubna_data_01_mir/recover-20220825/UBNA_002/20220823_033000.WAV,Telephone Field,recover-20220825,002,1795
911.7945,911.8074,41796,46800,Pipistrellus nathusii,0.22,0.251,-1,Echolocation,/mnt/ubna_data_01_mir/recover-20220825/UBNA_002/20220823_033000.WAV,Telephone Field,recover-20220825,002,1795
911.8145,911.823,28906,37705,Eptesicus serotinus,0.009,0.025,-1,Echolocation,/mnt/ubna_data_01_mir/recover-20220825/UBNA_002/20220823_033000.WAV,Telephone Field,recover-20220825,002,1795
911.8365,911.848,56406,63650,Pipistrellus pygmaeus,0.027,0.028,-1,Echolocation,/mnt/ubna_data_01_mir/recover-20220825/UBNA_002/20220823_033000.WAV,Telephone Field,recover-20220825,002,1795
911.8765,911.8905,40937,48987,Pipistrellus nathusii,0.122,0.145,-1,Echolocation,/mnt/ubna_data_01_mir/recover-20220825/UBNA_002/20220823_033000.WAV,Telephone Field,recover-20220825,002,1795
911.9095,911.9496,68437,82365,Rhinolophus ferrumequinum,0.021,0.021,-1,Echolocation,/mnt/ubna_data_01_mir/recover-20220825/UBNA_002/20220823_033000.WAV,Telephone Field,recover-20220825,002,1795
911.9215,911.929,28046,38985,Eptesicus serotinus,0.01,0.029,-1,Echolocation,/mnt/ubna_data_01_mir/recover-20220825/UBNA_002/20220823_033000.WAV,Telephone Field,recover-20220825,002,1795
911.9405,911.9806,68437,82671,Rhinolophus ferrumequinum,0.022,0.022,-1,Echolocation,/mnt/ubna_data_01_mir/recover-20220825/UBNA_002/20220823_033000.WAV,Telephone Field,recover-20220825,002,1795
911.9615,911.9709,44375,53302,Pipistrellus pipistrellus,0.016,0.026,-1,Echolocation,/mnt/ubna_data_01_mir/recover-20220825/UBNA_002/20220823_033000.WAV,Telephone Field,recover-20220825,002,1795
911.9685,911.9769,44375,53696,Pipistrellus pipistrellus,0.009,0.02,-1,Echolocation,/mnt/ubna_data_01_mir/recover-20220825/UBNA_002/20220823_033000.WAV,Telephone Field,recover-20220825,002,1795
912.0015,912.0312,69296,81522,Rhinolophus ferrumequinum,0.028,0.028,-1,Echolocation,/mnt/ubna_data_01_mir/recover-20220825/UBNA_002/20220823_033000.WAV,Telephone Field,recover-20220825,002,1795
912.0165,912.0239,28046,42066,Myotis daubentonii,0.009,0.026,-1,Echolocation,/mnt/ubna_data_01_mir/recover-20220825/UBNA_002/20220823_033000.WAV,Telephone Field,recover-20220825,002,1795
912.0175,912.0252,33203,41559,Myotis daubentonii,0.008,0.024,-1,Echolocation,/mnt/ubna_data_01_mir/recover-20220825/UBNA_002/20220823_033000.WAV,Telephone Field,recover-20220825,002,1795
912.0305,912.0359,50390,58116,Pipistrellus pipistrellus,0.016,0.022,-1,Echolocation,/mnt/ubna_data_01_mir/recover-20220825/UBNA_002/20220823_033000.WAV,Telephone Field,recover-20220825,002,1795
912.0325,912.0379,37500,63921,Myotis brandtii,0.014,0.022,-1,Echolocation,/mnt/ubna_data_01_mir/recover-20220825/UBNA_002/20220823_033000.WAV,Telephone Field,recover-20220825,002,1795
912.0425,912.05,26328,37365,Eptesicus serotinus,0.007,0.023,-1,Echolocation,/mnt/ubna_data_01_mir/recover-20220825/UBNA_002/20220823_033000.WAV,Telephone Field,recover-20220825,002,1795
912.0745,912.0874,41796,46304,Pipistrellus nathusii,0.205,0.218,-1,Echolocation,/mnt/ubna_data_01_mir/recover-20220825/UBNA_002/20220823_033000.WAV,Telephone Field,recover-20220825,002,1795
912.1305,912.1372,48671,55089,Pipistrellus pipistrellus,0.024,0.03,-1,Echolocation,/mnt/ubna_data_01_mir/recover-20220825/UBNA_002/20220823_033000.WAV,Telephone Field,recover-20220825,002,1795
912.1555,912.1628,51250,57505,Pipistrellus pipistrellus,0.025,0.031,-1,Echolocation,/mnt/ubna_data_01_mir/recover-20220825/UBNA_002/20220823_033000.WAV,Telephone Field,recover-20220825,002,1795
912.1635,912.1701,37500,50989,Myotis brandtii,0.009,0.024,-1,Echolocation,/mnt/ubna_data_01_mir/recover-20220825/UBNA_002/20220823_033000.WAV,Telephone Field,recover-20220825,002,1795
912.1655,912.1724,26328,36748,Eptesicus serotinus,0.007,0.027,-1,Echolocation,/mnt/ubna_data_01_mir/recover-20220825/UBNA_002/20220823_033000.WAV,Telephone Field,recover-20220825,002,1795
912.1755,912.1848,43515,52612,Pipistrellus nathusii,0.02,0.038,-1,Echolocation,/mnt/ubna_data_01_mir/recover-20220825/UBNA_002/20220823_033000.WAV,Telephone Field,recover-20220825,002,1795
912.1825,912.1905,26328,35480,Eptesicus serotinus,0.009,0.025,-1,Echolocation,/mnt/ubna_data_01_mir/recover-20220825/UBNA_002/20220823_033000.WAV,Telephone Field,recover-20220825,002,1795
912.2215,912.2283,30625,44420,Myotis daubentonii,0.01,0.024,-1,Echolocation,/mnt/ubna_data_01_mir/recover-20220825/UBNA_002/20220823_033000.WAV,Telephone Field,recover-20220825,002,1795
912.2235,912.2302999999999,26328,38296,Eptesicus serotinus,0.007,0.023,-1,Echolocation,/mnt/ubna_data_01_mir/recover-20220825/UBNA_002/20220823_033000.WAV,Telephone Field,recover-20220825,002,1795
912.2605,912.2727,40937,46385,Pipistrellus nathusii,0.267,0.278,-1,Echolocation,/mnt/ubna_data_01_mir/recover-20220825/UBNA_002/20220823_033000.WAV,Telephone Field,recover-20220825,002,1795
912.2805,912.288,26328,37618,Eptesicus serotinus,0.008,0.023,-1,Echolocation,/mnt/ubna_data_01_mir/recover-20220825/UBNA_002/20220823_033000.WAV,Telephone Field,recover-20220825,002,1795
912.2835,912.2934,35781,41711,Pipistrellus nathusii,0.022,0.035,-1,Echolocation,/mnt/ubna_data_01_mir/recover-20220825/UBNA_002/20220823_033000.WAV,Telephone Field,recover-20220825,002,1795
912.3455,912.3555,24609,32101,Eptesicus serotinus,0.009,0.025,-1,Echolocation,/mnt/ubna_data_01_mir/recover-20220825/UBNA_002/20220823_033000.WAV,Telephone Field,recover-20220825,002,1795
912.4395,912.4541,15156,20713,Nyctalus noctula,0.019,0.028,-1,Echolocation,/mnt/ubna_data_01_mir/recover-20220825/UBNA_002/20220823_033000.WAV,Telephone Field,recover-20220825,002,1795
912.4425,912.451,41796,47402,Pipistrellus nathusii,0.076,0.099,-1,Echolocation,/mnt/ubna_data_01_mir/recover-20220825/UBNA_002/20220823_033000.WAV,Telephone Field,recover-20220825,002,1795
912.4435,912.4493,29765,48600,Myotis daubentonii,0.009,0.022,-1,Echolocation,/mnt/ubna_data_01_mir/recover-20220825/UBNA_002/20220823_033000.WAV,Telephone Field,recover-20220825,002,1795
912.4505,912.4886,68437,81793,Rhinolophus ferrumequinum,0.023,0.023,-1,Echolocation,/mnt/ubna_data_01_mir/recover-20220825/UBNA_002/20220823_033000.WAV,Telephone Field,recover-20220825,002,1795
912.4555,912.4635,27187,38533,Eptesicus serotinus,0.009,0.027,-1,Echolocation,/mnt/ubna_data_01_mir/recover-20220825/UBNA_002/20220823_033000.WAV,Telephone Field,recover-20220825,002,1795
912.4835,912.4933,57265,62516,Pipistrellus pygmaeus,0.023,0.023,-1,Echolocation,/mnt/ubna_data_01_mir/recover-20220825/UBNA_002/20220823_033000.WAV,Telephone Field,recover-20220825,002,1795
912.5165,912.5217,40078,50652,Pipistrellus nathusii,0.195,0.37,-1,Echolocation,/mnt/ubna_data_01_mir/recover-20220825/UBNA_002/20220823_033000.WAV,Telephone Field,recover-20220825,002,1795
912.5455,912.5559,31484,38952,Barbastellus barbastellus,0.008,0.032,-1,Echolocation,/mnt/ubna_data_01_mir/recover-20220825/UBNA_002/20220823_033000.WAV,Telephone Field,recover-20220825,002,1795
912.5655,912.574,27187,39694,Eptesicus serotinus,0.01,0.022,-1,Echolocation,/mnt/ubna_data_01_mir/recover-20220825/UBNA_002/20220823_033000.WAV,Telephone Field,recover-20220825,002,1795
912.5845,912.5906,32343,47581,Myotis daubentonii,0.018,0.033,-1,Echolocation,/mnt/ubna_data_01_mir/recover-20220825/UBNA_002/20220823_033000.WAV,Telephone Field,recover-20220825,002,1795
912.6445,912.6504,39218,54778,Pipistrellus nathusii,0.179,0.462,-1,Echolocation,/mnt/ubna_data_01_mir/recover-20220825/UBNA_002/20220823_033000.WAV,Telephone Field,recover-20220825,002,1795
912.6645,912.7024,68437,81910,Rhinolophus ferrumequinum,0.022,0.022,-1,Echolocation,/mnt/ubna_data_01_mir/recover-20220825/UBNA_002/20220823_033000.WAV,Telephone Field,recover-20220825,002,1795
912.7385,912.747,41796,50185,Pipistrellus nathusii,0.009,0.027,-1,Echolocation,/mnt/ubna_data_01_mir/recover-20220825/UBNA_002/20220823_033000.WAV,Telephone Field,recover-20220825,002,1795
912.7775,912.7885,24609,31829,Eptesicus serotinus,0.011,0.031,-1,Echolocation,/mnt/ubna_data_01_mir/recover-20220825/UBNA_002/20220823_033000.WAV,Telephone Field,recover-20220825,002,1795
912.8265,912.833,39218,51491,Pipistrellus nathusii,0.267,0.5,-1,Echolocation,/mnt/ubna_data_01_mir/recover-20220825/UBNA_002/20220823_033000.WAV,Telephone Field,recover-20220825,002,1795
912.8575,912.8944,68437,82449,Rhinolophus ferrumequinum,0.022,0.022,-1,Echolocation,/mnt/ubna_data_01_mir/recover-20220825/UBNA_002/20220823_033000.WAV,Telephone Field,recover-20220825,002,1795
912.8745,912.8826,27187,37851,Eptesicus serotinus,0.007,0.023,-1,Echolocation,/mnt/ubna_data_01_mir/recover-20220825/UBNA_002/20220823_033000.WAV,Telephone Field,recover-20220825,002,1795
912.8935,912.9086,23750,28971,Nyctalus leisleri,0.011,0.025,-1,Echolocation,/mnt/ubna_data_01_mir/recover-20220825/UBNA_002/20220823_033000.WAV,Telephone Field,recover-20220825,002,1795
912.9065,912.9156,27187,35900,Eptesicus serotinus,0.009,0.024,-1,Echolocation,/mnt/ubna_data_01_mir/recover-20220825/UBNA_002/20220823_033000.WAV,Telephone Field,recover-20220825,002,1795
912.9225,912.9293,39218,47336,Barbastellus barbastellus,0.026,0.073,-1,Echolocation,/mnt/ubna_data_01_mir/recover-20220825/UBNA_002/20220823_033000.WAV,Telephone Field,recover-20220825,002,1795
913.0125,913.0186,38359,51648,Pipistrellus nathusii,0.309,0.508,-1,Echolocation,/mnt/ubna_data_01_mir/recover-20220825/UBNA_002/20220823_033000.WAV,Telephone Field,recover-20220825,002,1795
913.0395,913.0491,27187,37566,Eptesicus serotinus,0.012,0.026,-1,Echolocation,/mnt/ubna_data_01_mir/recover-20220825/UBNA_002/20220823_033000.WAV,Telephone Field,recover-20220825,002,1795
913.0685,913.0794,28046,35217,Eptesicus serotinus,0.013,0.026,-1,Echolocation,/mnt/ubna_data_01_mir/recover-20220825/UBNA_002/20220823_033000.WAV,Telephone Field,recover-20220825,002,1795
913.1045,913.1109,38359,48304,Pipistrellus nathusii,0.356,0.531,-1,Echolocation,/mnt/ubna_data_01_mir/recover-20220825/UBNA_002/20220823_033000.WAV,Telephone Field,recover-20220825,002,1795
913.1485,913.1636,22031,25934,Nyctalus leisleri,0.025,0.045,-1,Echolocation,/mnt/ubna_data_01_mir/recover-20220825/UBNA_002/20220823_033000.WAV,Telephone Field,recover-20220825,002,1795
913.1625,913.1974,68437,81625,Rhinolophus ferrumequinum,0.024,0.024,-1,Echolocation,/mnt/ubna_data_01_mir/recover-20220825/UBNA_002/20220823_033000.WAV,Telephone Field,recover-20220825,002,1795
913.1925,913.2272,68437,81887,Rhinolophus ferrumequinum,0.022,0.023,-1,Echolocation,/mnt/ubna_data_01_mir/recover-20220825/UBNA_002/20220823_033000.WAV,Telephone Field,recover-20220825,002,1795
913.1935,913.2025,28046,36155,Eptesicus serotinus,0.009,0.023,-1,Echolocation,/mnt/ubna_data_01_mir/recover-20220825/UBNA_002/20220823_033000.WAV,Telephone Field,recover-20220825,002,1795
913.2265,913.2637,68437,81731,Rhinolophus ferrumequinum,0.022,0.022,-1,Echolocation,/mnt/ubna_data_01_mir/recover-20220825/UBNA_002/20220823_033000.WAV,Telephone Field,recover-20220825,002,1795
913.2375,913.2751,68437,81751,Rhinolophus ferrumequinum,0.022,0.022,-1,Echolocation,/mnt/ubna_data_01_mir/recover-20220825/UBNA_002/20220823_033000.WAV,Telephone Field,recover-20220825,002,1795
913.2525,913.2603,27187,36126,Eptesicus serotinus,0.009,0.023,-1,Echolocation,/mnt/ubna_data_01_mir/recover-20220825/UBNA_002/20220823_033000.WAV,Telephone Field,recover-20220825,002,1795
913.2775,913.2881,38359,45367,Pipistrellus nathusii,0.038,0.051,-1,Echolocation,/mnt/ubna_data_01_mir/recover-20220825/UBNA_002/20220823_033000.WAV,Telephone Field,recover-20220825,002,1795
913.2915,913.2985,38359,47350,Pipistrellus nathusii,0.238,0.446,-1,Echolocation,/mnt/ubna_data_01_mir/recover-20220825/UBNA_002/20220823_033000.WAV,Telephone Field,recover-20220825,002,1795
913.3345,913.3423,27187,35893,Eptesicus serotinus,0.008,0.024,-1,Echolocation,/mnt/ubna_data_01_mir/recover-20220825/UBNA_002/20220823_033000.WAV,Telephone Field,recover-20220825,002,1795
913.3695,913.3795,28046,35500,Eptesicus serotinus,0.01,0.022,-1,Echolocation,/mnt/ubna_data_01_mir/recover-20220825/UBNA_002/20220823_033000.WAV,Telephone Field,recover-20220825,002,1795
913.3915,913.3979,39218,51852,Pipistrellus nathusii,0.079,0.185,-1,Echolocation,/mnt/ubna_data_01_mir/recover-20220825/UBNA_002/20220823_033000.WAV,Telephone Field,recover-20220825,002,1795
913.4295,913.4682,68437,81793,Rhinolophus ferrumequinum,0.022,0.022,-1,Echolocation,/mnt/ubna_data_01_mir/recover-20220825/UBNA_002/20220823_033000.WAV,Telephone Field,recover-20220825,002,1795
913.4645,913.4713,39218,46351,Pipistrellus nathusii,0.187,0.341,-1,Echolocation,/mnt/ubna_data_01_mir/recover-20220825/UBNA_002/20220823_033000.WAV,Telephone Field,recover-20220825,002,1795
913.4775,913.4885,28046,33991,Eptesicus serotinus,0.016,0.034,-1,Echolocation,/mnt/ubna_data_01_mir/recover-20220825/UBNA_002/20220823_033000.WAV,Telephone Field,recover-20220825,002,1795
913.5105,913.5189,27187,40651,Eptesicus serotinus,0.008,0.022,-1,Echolocation,/mnt/ubna_data_01_mir/recover-20220825/UBNA_002/20220823_033000.WAV,Telephone Field,recover-20220825,002,1795
913.5115,913.5166,35781,54042,Myotis brandtii,0.012,0.025,-1,Echolocation,/mnt/ubna_data_01_mir/recover-20220825/UBNA_002/20220823_033000.WAV,Telephone Field,recover-20220825,002,1795
913.5205,913.5288,27187,36773,Eptesicus serotinus,0.009,0.024,-1,Echolocation,/mnt/ubna_data_01_mir/recover-20220825/UBNA_002/20220823_033000.WAV,Telephone Field,recover-20220825,002,1795
913.5285,913.5413,22890,27167,Nyctalus leisleri,0.013,0.024,-1,Echolocation,/mnt/ubna_data_01_mir/recover-20220825/UBNA_002/20220823_033000.WAV,Telephone Field,recover-20220825,002,1795
913.5315,913.5412,58125,63798,Pipistrellus pygmaeus,0.033,0.034,-1,Echolocation,/mnt/ubna_data_01_mir/recover-20220825/UBNA_002/20220823_033000.WAV,Telephone Field,recover-20220825,002,1795
913.5475,913.5879,68437,83174,Rhinolophus ferrumequinum,0.025,0.025,-1,Echolocation,/mnt/ubna_data_01_mir/recover-20220825/UBNA_002/20220823_033000.WAV,Telephone Field,recover-20220825,002,1795
913.5685,913.6059,68437,82339,Rhinolophus ferrumequinum,0.026,0.026,-1,Echolocation,/mnt/ubna_data_01_mir/recover-20220825/UBNA_002/20220823_033000.WAV,Telephone Field,recover-20220825,002,1795
913.5695,913.576,39218,46948,Pipistrellus nathusii,0.224,0.402,-1,Echolocation,/mnt/ubna_data_01_mir/recover-20220825/UBNA_002/20220823_033000.WAV,Telephone Field,recover-20220825,002,1795
913.5945,913.6403,68437,82954,Rhinolophus ferrumequinum,0.036,0.036,-1,Echolocation,/mnt/ubna_data_01_mir/recover-20220825/UBNA_002/20220823_033000.WAV,Telephone Field,recover-20220825,002,1795
913.6145,913.6274,48671,52161,Pipistrellus pipistrellus,0.025,0.033,-1,Echolocation,/mnt/ubna_data_01_mir/recover-20220825/UBNA_002/20220823_033000.WAV,Telephone Field,recover-20220825,002,1795
913.6305,913.6389,37500,45298,Pipistrellus nathusii,0.012,0.025,-1,Echolocation,/mnt/ubna_data_01_mir/recover-20220825/UBNA_002/20220823_033000.WAV,Telephone Field,recover-20220825,002,1795
913.6345,913.6426,26328,37244,Eptesicus serotinus,0.008,0.022,-1,Echolocation,/mnt/ubna_data_01_mir/recover-20220825/UBNA_002/20220823_033000.WAV,Telephone Field,recover-20220825,002,1795
913.6495,913.6563,26328,37806,Eptesicus serotinus,0.007,0.026,-1,Echolocation,/mnt/ubna_data_01_mir/recover-20220825/UBNA_002/20220823_033000.WAV,Telephone Field,recover-20220825,002,1795
913.7045,913.7162,33203,38616,Pipistrellus nathusii,0.012,0.032,-1,Echolocation,/mnt/ubna_data_01_mir/recover-20220825/UBNA_002/20220823_033000.WAV,Telephone Field,recover-20220825,002,1795
913.7675,913.7743,40937,52476,Myotis brandtii,0.008,0.025,-1,Echolocation,/mnt/ubna_data_01_mir/recover-20220825/UBNA_002/20220823_033000.WAV,Telephone Field,recover-20220825,002,1795
913.7855,913.7931,27187,35093,Eptesicus serotinus,0.012,0.029,-1,Echolocation,/mnt/ubna_data_01_mir/recover-20220825/UBNA_002/20220823_033000.WAV,Telephone Field,recover-20220825,002,1795
913.7875,913.7982,34062,40298,Pipistrellus nathusii,0.013,0.03,-1,Echolocation,/mnt/ubna_data_01_mir/recover-20220825/UBNA_002/20220823_033000.WAV,Telephone Field,recover-20220825,002,1795
913.7955,913.8029,33203,45432,Myotis brandtii,0.008,0.022,-1,Echolocation,/mnt/ubna_data_01_mir/recover-20220825/UBNA_002/20220823_033000.WAV,Telephone Field,recover-20220825,002,1795
913.8575,913.8646,25468,39349,Eptesicus serotinus,0.01,0.03,-1,Echolocation,/mnt/ubna_data_01_mir/recover-20220825/UBNA_002/20220823_033000.WAV,Telephone Field,recover-20220825,002,1795
913.8585,913.8659,32343,38171,Barbastellus barbastellus,0.058,0.074,-1,Echolocation,/mnt/ubna_data_01_mir/recover-20220825/UBNA_002/20220823_033000.WAV,Telephone Field,recover-20220825,002,1795
913.8835,913.891,27187,36649,Eptesicus serotinus,0.009,0.028,-1,Echolocation,/mnt/ubna_data_01_mir/recover-20220825/UBNA_002/20220823_033000.WAV,Telephone Field,recover-20220825,002,1795
913.9025,913.9106,27187,35598,Eptesicus serotinus,0.007,0.022,-1,Echolocation,/mnt/ubna_data_01_mir/recover-20220825/UBNA_002/20220823_033000.WAV,Telephone Field,recover-20220825,002,1795
913.9315,913.9685,68437,81771,Rhinolophus ferrumequinum,0.022,0.022,-1,Echolocation,/mnt/ubna_data_01_mir/recover-20220825/UBNA_002/20220823_033000.WAV,Telephone Field,recover-20220825,002,1795
913.9365,913.9441,26328,37124,Eptesicus serotinus,0.007,0.022,-1,Echolocation,/mnt/ubna_data_01_mir/recover-20220825/UBNA_002/20220823_033000.WAV,Telephone Field,recover-20220825,002,1795
913.9615,913.9724,24609,30926,Nyctalus leisleri,0.01,0.028,-1,Echolocation,/mnt/ubna_data_01_mir/recover-20220825/UBNA_002/20220823_033000.WAV,Telephone Field,recover-20220825,002,1795
913.9625,913.9993,68437,82138,Rhinolophus ferrumequinum,0.022,0.022,-1,Echolocation,/mnt/ubna_data_01_mir/recover-20220825/UBNA_002/20220823_033000.WAV,Telephone Field,recover-20220825,002,1795
913.9885,913.9973,27187,39388,Eptesicus serotinus,0.009,0.023,-1,Echolocation,/mnt/ubna_data_01_mir/recover-20220825/UBNA_002/20220823_033000.WAV,Telephone Field,recover-20220825,002,1795
914.0015,914.0123,46953,50588,Pipistrellus pipistrellus,0.046,0.056,-1,Echolocation,/mnt/ubna_data_01_mir/recover-20220825/UBNA_002/20220823_033000.WAV,Telephone Field,recover-20220825,002,1795
914.0015,914.0307,68437,80294,Rhinolophus ferrumequinum,0.022,0.022,-1,Echolocation,/mnt/ubna_data_01_mir/recover-20220825/UBNA_002/20220823_033000.WAV,Telephone Field,recover-20220825,002,1795
914.0015,914.0118,23750,30195,Nyctalus leisleri,0.018,0.041,-1,Echolocation,/mnt/ubna_data_01_mir/recover-20220825/UBNA_002/20220823_033000.WAV,Telephone Field,recover-20220825,002,1795
914.0195,914.0598,68437,82602,Rhinolophus ferrumequinum,0.023,0.023,-1,Echolocation,/mnt/ubna_data_01_mir/recover-20220825/UBNA_002/20220823_033000.WAV,Telephone Field,recover-20220825,002,1795
914.0205,914.0287,28046,40638,Eptesicus serotinus,0.008,0.021,-1,Echolocation,/mnt/ubna_data_01_mir/recover-20220825/UBNA_002/20220823_033000.WAV,Telephone Field,recover-20220825,002,1795
914.0725,914.0805,28906,42101,Eptesicus serotinus,0.006,0.02,-1,Echolocation,/mnt/ubna_data_01_mir/recover-20220825/UBNA_002/20220823_033000.WAV,Telephone Field,recover-20220825,002,1795
914.0795,914.0881,22890,29957,Plecotus austriacus,0.013,0.029,-1,Echolocation,/mnt/ubna_data_01_mir/recover-20220825/UBNA_002/20220823_033000.WAV,Telephone Field,recover-20220825,002,1795
914.0805,914.1191,68437,82245,Rhinolophus ferrumequinum,0.038,0.038,-1,Echolocation,/mnt/ubna_data_01_mir/recover-20220825/UBNA_002/20220823_033000.WAV,Telephone Field,recover-20220825,002,1795
914.0985,914.1076,25468,34614,Eptesicus serotinus,0.006,0.02,-1,Echolocation,/mnt/ubna_data_01_mir/recover-20220825/UBNA_002/20220823_033000.WAV,Telephone Field,recover-20220825,002,1795
914.1135,914.1543,68437,82792,Rhinolophus ferrumequinum,0.022,0.022,-1,Echolocation,/mnt/ubna_data_01_mir/recover-20220825/UBNA_002/20220823_033000.WAV,Telephone Field,recover-20220825,002,1795
914.1275,914.1674,68437,82162,Rhinolophus ferrumequinum,0.022,0.022,-1,Echolocation,/mnt/ubna_data_01_mir/recover-20220825/UBNA_002/20220823_033000.WAV,Telephone Field,recover-20220825,002,1795
914.1335,914.1446,23750,28104,Nyctalus leisleri,0.014,0.027,-1,Echolocation,/mnt/ubna_data_01_mir/recover-20220825/UBNA_002/20220823_033000.WAV,Telephone Field,recover-20220825,002,1795
914.1485,914.1852,68437,82449,Rhinolophus ferrumequinum,0.023,0.023,-1,Echolocation,/mnt/ubna_data_01_mir/recover-20220825/UBNA_002/20220823_033000.WAV,Telephone Field,recover-20220825,002,1795
914.1735,914.2129,68437,82300,Rhinolophus ferrumequinum,0.021,0.021,-1,Echolocation,/mnt/ubna_data_01_mir/recover-20220825/UBNA_002/20220823_033000.WAV,Telephone Field,recover-20220825,002,1795
914.2165,914.2527,68437,81728,Rhinolophus ferrumequinum,0.02,0.021,-1,Echolocation,/mnt/ubna_data_01_mir/recover-20220825/UBNA_002/20220823_033000.WAV,Telephone Field,recover-20220825,002,1795
914.2415,914.25,28046,40480,Eptesicus serotinus,0.007,0.02,-1,Echolocation,/mnt/ubna_data_01_mir/recover-20220825/UBNA_002/20220823_033000.WAV,Telephone Field,recover-20220825,002,1795
914.2605,914.3038,68437,83049,Rhinolophus ferrumequinum,0.028,0.028,-1,Echolocation,/mnt/ubna_data_01_mir/recover-20220825/UBNA_002/20220823_033000.WAV,Telephone Field,recover-20220825,002,1795
914.3045,914.3443,68437,82594,Rhinolophus ferrumequinum,0.021,0.021,-1,Echolocation,/mnt/ubna_data_01_mir/recover-20220825/UBNA_002/20220823_033000.WAV,Telephone Field,recover-20220825,002,1795
914.3275,914.338,23750,28982,Nyctalus leisleri,0.009,0.021,-1,Echolocation,/mnt/ubna_data_01_mir/recover-20220825/UBNA_002/20220823_033000.WAV,Telephone Field,recover-20220825,002,1795
914.3285,914.3663,68437,82106,Rhinolophus ferrumequinum,0.021,0.021,-1,Echolocation,/mnt/ubna_data_01_mir/recover-20220825/UBNA_002/20220823_033000.WAV,Telephone Field,recover-20220825,002,1795
914.3815,914.3917,28906,35810,Eptesicus serotinus,0.01,0.022,-1,Echolocation,/mnt/ubna_data_01_mir/recover-20220825/UBNA_002/20220823_033000.WAV,Telephone Field,recover-20220825,002,1795
914.3955,914.4318,68437,81627,Rhinolophus ferrumequinum,0.02,0.02,-1,Echolocation,/mnt/ubna_data_01_mir/recover-20220825/UBNA_002/20220823_033000.WAV,Telephone Field,recover-20220825,002,1795
914.3955,914.4034,28906,40314,Eptesicus serotinus,0.008,0.021,-1,Echolocation,/mnt/ubna_data_01_mir/recover-20220825/UBNA_002/20220823_033000.WAV,Telephone Field,recover-20220825,002,1795
914.4135,914.4514,68437,81637,Rhinolophus ferrumequinum,0.026,0.026,-1,Echolocation,/mnt/ubna_data_01_mir/recover-20220825/UBNA_002/20220823_033000.WAV,Telephone Field,recover-20220825,002,1795
914.4565,914.4952,68437,81529,Rhinolophus ferrumequinum,0.021,0.021,-1,Echolocation,/mnt/ubna_data_01_mir/recover-20220825/UBNA_002/20220823_033000.WAV,Telephone Field,recover-20220825,002,1795
914.4765,914.4865,22890,28854,Nyctalus leisleri,0.008,0.02,-1,Echolocation,/mnt/ubna_data_01_mir/recover-20220825/UBNA_002/20220823_033000.WAV,Telephone Field,recover-20220825,002,1795
914.4795,914.4885,28046,39856,Eptesicus serotinus,0.009,0.02,-1,Echolocation,/mnt/ubna_data_01_mir/recover-20220825/UBNA_002/20220823_033000.WAV,Telephone Field,recover-20220825,002,1795
914.4805,914.5256,68437,83560,Rhinolophus ferrumequinum,0.034,0.034,-1,Echolocation,/mnt/ubna_data_01_mir/recover-20220825/UBNA_002/20220823_033000.WAV,Telephone Field,recover-20220825,002,1795
914.5165,914.5299,15156,19720,Nyctalus noctula,0.017,0.029,-1,Echolocation,/mnt/ubna_data_01_mir/recover-20220825/UBNA_002/20220823_033000.WAV,Telephone Field,recover-20220825,002,1795
914.5725,914.6132,68437,82590,Rhinolophus ferrumequinum,0.03,0.03,-1,Echolocation,/mnt/ubna_data_01_mir/recover-20220825/UBNA_002/20220823_033000.WAV,Telephone Field,recover-20220825,002,1795
914.5845,914.603,18593,22742,Nyctalus noctula,0.013,0.021,-1,Echolocation,/mnt/ubna_data_01_mir/recover-20220825/UBNA_002/20220823_033000.WAV,Telephone Field,recover-20220825,002,1795
914.5845,914.5916,28906,38524,Eptesicus serotinus,0.007,0.02,-1,Echolocation,/mnt/ubna_data_01_mir/recover-20220825/UBNA_002/20220823_033000.WAV,Telephone Field,recover-20220825,002,1795
914.6345,914.6442,25468,34407,Eptesicus serotinus,0.012,0.027,-1,Echolocation,/mnt/ubna_data_01_mir/recover-20220825/UBNA_002/20220823_033000.WAV,Telephone Field,recover-20220825,002,1795
914.6745,914.6839,28906,36701,Eptesicus serotinus,0.011,0.027,-1,Echolocation,/mnt/ubna_data_01_mir/recover-20220825/UBNA_002/20220823_033000.WAV,Telephone Field,recover-20220825,002,1795
914.7145,914.7252,22890,27531,Nyctalus leisleri,0.011,0.022,-1,Echolocation,/mnt/ubna_data_01_mir/recover-20220825/UBNA_002/20220823_033000.WAV,Telephone Field,recover-20220825,002,1795
914.7295,914.7677,68437,81828,Rhinolophus ferrumequinum,0.02,0.02,-1,Echolocation,/mnt/ubna_data_01_mir/recover-20220825/UBNA_002/20220823_033000.WAV,Telephone Field,recover-20220825,002,1795
914.7475,914.7578,46953,50221,Pipistrellus pipistrellus,0.044,0.049,-1,Echolocation,/mnt/ubna_data_01_mir/recover-20220825/UBNA_002/20220823_033000.WAV,Telephone Field,recover-20220825,002,1795
914.7535,914.7947,68437,82949,Rhinolophus ferrumequinum,0.023,0.023,-1,Echolocation,/mnt/ubna_data_01_mir/recover-20220825/UBNA_002/20220823_033000.WAV,Telephone Field,recover-20220825,002,1795
914.7855,914.8268,68437,82841,Rhinolophus ferrumequinum,0.027,0.027,-1,Echolocation,/mnt/ubna_data_01_mir/recover-20220825/UBNA_002/20220823_033000.WAV,Telephone Field,recover-20220825,002,1795
914.7875,914.7947,28906,40013,Eptesicus serotinus,0.006,0.02,-1,Echolocation,/mnt/ubna_data_01_mir/recover-20220825/UBNA_002/20220823_033000.WAV,Telephone Field,recover-20220825,002,1795
914.8175,914.8568,68437,82433,Rhinolophus ferrumequinum,0.022,0.022,-1,Echolocation,/mnt/ubna_data_01_mir/recover-20220825/UBNA_002/20220823_033000.WAV,Telephone Field,recover-20220825,002,1795
914.9105,914.9505,68437,82577,Rhinolophus ferrumequinum,0.021,0.021,-1,Echolocation,/mnt/ubna_data_01_mir/recover-20220825/UBNA_002/20220823_033000.WAV,Telephone Field,recover-20220825,002,1795
914.9175,914.9574,68437,82279,Rhinolophus ferrumequinum,0.022,0.022,-1,Echolocation,/mnt/ubna_data_01_mir/recover-20220825/UBNA_002/20220823_033000.WAV,Telephone Field,recover-20220825,002,1795
914.9215,914.9309,25468,33652,Eptesicus serotinus,0.008,0.021,-1,Echolocation,/mnt/ubna_data_01_mir/recover-20220825/UBNA_002/20220823_033000.WAV,Telephone Field,recover-20220825,002,1795
914.9425,914.9794,68437,81858,Rhinolophus ferrumequinum,0.021,0.021,-1,Echolocation,/mnt/ubna_data_01_mir/recover-20220825/UBNA_002/20220823_033000.WAV,Telephone Field,recover-20220825,002,1795
914.9685,914.9795,22031,25881,Nyctalus leisleri,0.013,0.022,-1,Echolocation,/mnt/ubna_data_01_mir/recover-20220825/UBNA_002/20220823_033000.WAV,Telephone Field,recover-20220825,002,1795
914.9815,915.0194,68437,82238,Rhinolophus ferrumequinum,0.021,0.021,-1,Echolocation,/mnt/ubna_data_01_mir/recover-20220825/UBNA_002/20220823_033000.WAV,Telephone Field,recover-20220825,002,1795
914.9975,915.0334,68437,82377,Rhinolophus ferrumequinum,0.02,0.021,-1,Echolocation,/mnt/ubna_data_01_mir/recover-20220825/UBNA_002/20220823_033000.WAV,Telephone Field,recover-20220825,002,1795
915.0215,915.0422,22890,26406,Nyctalus leisleri,0.04,0.072,-1,Echolocation,/mnt/ubna_data_01_mir/recover-20220825/UBNA_002/20220823_033000.WAV,Telephone Field,recover-20220825,002,1795
915.0275,915.0638,68437,82623,Rhinolophus ferrumequinum,0.025,0.025,-1,Echolocation,/mnt/ubna_data_01_mir/recover-20220825/UBNA_002/20220823_033000.WAV,Telephone Field,recover-20220825,002,1795
915.0595,915.0981,68437,82096,Rhinolophus ferrumequinum,0.02,0.02,-1,Echolocation,/mnt/ubna_data_01_mir/recover-20220825/UBNA_002/20220823_033000.WAV,Telephone Field,recover-20220825,002,1795
915.0905,915.1261,68437,81490,Rhinolophus ferrumequinum,0.023,0.023,-1,Echolocation,/mnt/ubna_data_01_mir/recover-20220825/UBNA_002/20220823_033000.WAV,Telephone Field,recover-20220825,002,1795
915.0975,915.1324,68437,81858,Rhinolophus ferrumequinum,0.021,0.021,-1,Echolocation,/mnt/ubna_data_01_mir/recover-20220825/UBNA_002/20220823_033000.WAV,Telephone Field,recover-20220825,002,1795
915.1105,915.1516,68437,82612,Rhinolophus ferrumequinum,0.028,0.028,-1,Echolocation,/mnt/ubna_data_01_mir/recover-20220825/UBNA_002/20220823_033000.WAV,Telephone Field,recover-20220825,002,1795
915.1415,915.1792,68437,82473,Rhinolophus ferrumequinum,0.022,0.022,-1,Echolocation,/mnt/ubna_data_01_mir/recover-20220825/UBNA_002/20220823_033000.WAV,Telephone Field,recover-20220825,002,1795
915.1535,915.1605,48671,52610,Pipistrellus pipistrellus,0.022,0.024,-1,Echolocation,/mnt/ubna_data_01_mir/recover-20220825/UBNA_002/20220823_033000.WAV,Telephone Field,recover-20220825,002,1795
915.1615,915.2057,68437,83802,Rhinolophus ferrumequinum,0.05,0.05,-1,Echolocation,/mnt/ubna_data_01_mir/recover-20220825/UBNA_002/20220823_033000.WAV,Telephone Field,recover-20220825,002,1795
915.1655,915.1728,25468,34372,Plecotus austriacus,0.006,0.022,-1,Echolocation,/mnt/ubna_data_01_mir/recover-20220825/UBNA_002/20220823_033000.WAV,Telephone Field,recover-20220825,002,1795
915.2035,915.2134,22890,27894,Nyctalus leisleri,0.011,0.024,-1,Echolocation,/mnt/ubna_data_01_mir/recover-20220825/UBNA_002/20220823_033000.WAV,Telephone Field,recover-20220825,002,1795
915.2605,915.2977,68437,82147,Rhinolophus ferrumequinum,0.023,0.024,-1,Echolocation,/mnt/ubna_data_01_mir/recover-20220825/UBNA_002/20220823_033000.WAV,Telephone Field,recover-20220825,002,1795
915.3625,915.4009,68437,82081,Rhinolophus ferrumequinum,0.02,0.02,-1,Echolocation,/mnt/ubna_data_01_mir/recover-20220825/UBNA_002/20220823_033000.WAV,Telephone Field,recover-20220825,002,1795
915.3735,915.4116,68437,81968,Rhinolophus ferrumequinum,0.021,0.021,-1,Echolocation,/mnt/ubna_data_01_mir/recover-20220825/UBNA_002/20220823_033000.WAV,Telephone Field,recover-20220825,002,1795
915.3755,915.3845,24609,32384,Eptesicus serotinus,0.011,0.029,-1,Echolocation,/mnt/ubna_data_01_mir/recover-20220825/UBNA_002/20220823_033000.WAV,Telephone Field,recover-20220825,002,1795
915.3795,915.416,68437,81222,Rhinolophus ferrumequinum,0.02,0.02,-1,Echolocation,/mnt/ubna_data_01_mir/recover-20220825/UBNA_002/20220823_033000.WAV,Telephone Field,recover-20220825,002,1795
915.4015,915.4107,28046,39883,Eptesicus serotinus,0.008,0.02,-1,Echolocation,/mnt/ubna_data_01_mir/recover-20220825/UBNA_002/20220823_033000.WAV,Telephone Field,recover-20220825,002,1795
915.4175,915.4267,22890,29738,Plecotus austriacus,0.008,0.022,-1,Echolocation,/mnt/ubna_data_01_mir/recover-20220825/UBNA_002/20220823_033000.WAV,Telephone Field,recover-20220825,002,1795
915.4585,915.4956,68437,81345,Rhinolophus ferrumequinum,0.021,0.021,-1,Echolocation,/mnt/ubna_data_01_mir/recover-20220825/UBNA_002/20220823_033000.WAV,Telephone Field,recover-20220825,002,1795
915.4585,915.4686,24609,31953,Eptesicus serotinus,0.008,0.022,-1,Echolocation,/mnt/ubna_data_01_mir/recover-20220825/UBNA_002/20220823_033000.WAV,Telephone Field,recover-20220825,002,1795
915.4595,915.468,60703,65898,Pipistrellus pygmaeus,0.046,0.047,-1,Echolocation,/mnt/ubna_data_01_mir/recover-20220825/UBNA_002/20220823_033000.WAV,Telephone Field,recover-20220825,002,1795
915.4665,915.4742,28046,39616,Eptesicus serotinus,0.007,0.02,-1,Echolocation,/mnt/ubna_data_01_mir/recover-20220825/UBNA_002/20220823_033000.WAV,Telephone Field,recover-20220825,002,1795
915.4975,915.5356,68437,82632,Rhinolophus ferrumequinum,0.026,0.026,-1,Echolocation,/mnt/ubna_data_01_mir/recover-20220825/UBNA_002/20220823_033000.WAV,Telephone Field,recover-20220825,002,1795
915.5075,915.5487,68437,82177,Rhinolophus ferrumequinum,0.024,0.024,-1,Echolocation,/mnt/ubna_data_01_mir/recover-20220825/UBNA_002/20220823_033000.WAV,Telephone Field,recover-20220825,002,1795
915.5505,915.59,68437,82823,Rhinolophus ferrumequinum,0.023,0.023,-1,Echolocation,/mnt/ubna_data_01_mir/recover-20220825/UBNA_002/20220823_033000.WAV,Telephone Field,recover-20220825,002,1795
915.5945,915.6336,68437,81997,Rhinolophus ferrumequinum,0.021,0.021,-1,Echolocation,/mnt/ubna_data_01_mir/recover-20220825/UBNA_002/20220823_033000.WAV,Telephone Field,recover-20220825,002,1795
915.6075,915.6496,68437,82575,Rhinolophus ferrumequinum,0.032,0.032,-1,Echolocation,/mnt/ubna_data_01_mir/recover-20220825/UBNA_002/20220823_033000.WAV,Telephone Field,recover-20220825,002,1795
915.6195,915.6617,68437,82608,Rhinolophus ferrumequinum,0.025,0.025,-1,Echolocation,/mnt/ubna_data_01_mir/recover-20220825/UBNA_002/20220823_033000.WAV,Telephone Field,recover-20220825,002,1795
915.6605,915.6668,23750,34326,Plecotus austriacus,0.031,0.052,-1,Echolocation,/mnt/ubna_data_01_mir/recover-20220825/UBNA_002/20220823_033000.WAV,Telephone Field,recover-20220825,002,1795
915.6745,915.7154,68437,82539,Rhinolophus ferrumequinum,0.024,0.024,-1,Echolocation,/mnt/ubna_data_01_mir/recover-20220825/UBNA_002/20220823_033000.WAV,Telephone Field,recover-20220825,002,1795
915.7065,915.7444,68437,81841,Rhinolophus ferrumequinum,0.021,0.021,-1,Echolocation,/mnt/ubna_data_01_mir/recover-20220825/UBNA_002/20220823_033000.WAV,Telephone Field,recover-20220825,002,1795
915.7165,915.7262,25468,33136,Eptesicus serotinus,0.009,0.021,-1,Echolocation,/mnt/ubna_data_01_mir/recover-20220825/UBNA_002/20220823_033000.WAV,Telephone Field,recover-20220825,002,1795
915.7265,915.764,68437,82093,Rhinolophus ferrumequinum,0.021,0.021,-1,Echolocation,/mnt/ubna_data_01_mir/recover-20220825/UBNA_002/20220823_033000.WAV,Telephone Field,recover-20220825,002,1795
915.7595,915.7675,28906,38440,Eptesicus serotinus,0.008,0.02,-1,Echolocation,/mnt/ubna_data_01_mir/recover-20220825/UBNA_002/20220823_033000.WAV,Telephone Field,recover-20220825,002,1795
915.7895,915.8298,68437,82409,Rhinolophus ferrumequinum,0.026,0.026,-1,Echolocation,/mnt/ubna_data_01_mir/recover-20220825/UBNA_002/20220823_033000.WAV,Telephone Field,recover-20220825,002,1795
915.7925,915.8018,28046,36858,Eptesicus serotinus,0.008,0.02,-1,Echolocation,/mnt/ubna_data_01_mir/recover-20220825/UBNA_002/20220823_033000.WAV,Telephone Field,recover-20220825,002,1795
915.8545,915.8624,48671,58312,Pipistrellus pipistrellus,0.019,0.021,-1,Echolocation,/mnt/ubna_data_01_mir/recover-20220825/UBNA_002/20220823_033000.WAV,Telephone Field,recover-20220825,002,1795
915.8845,915.9229,68437,81421,Rhinolophus ferrumequinum,0.022,0.022,-1,Echolocation,/mnt/ubna_data_01_mir/recover-20220825/UBNA_002/20220823_033000.WAV,Telephone Field,recover-20220825,002,1795
915.9035,915.9136,22031,26904,Nyctalus leisleri,0.009,0.021,-1,Echolocation,/mnt/ubna_data_01_mir/recover-20220825/UBNA_002/20220823_033000.WAV,Telephone Field,recover-20220825,002,1795
915.9205,915.9612,68437,82872,Rhinolophus ferrumequinum,0.033,0.033,-1,Echolocation,/mnt/ubna_data_01_mir/recover-20220825/UBNA_002/20220823_033000.WAV,Telephone Field,recover-20220825,002,1795
915.9585,915.9964,68437,82230,Rhinolophus ferrumequinum,0.023,0.023,-1,Echolocation,/mnt/ubna_data_01_mir/recover-20220825/UBNA_002/20220823_033000.WAV,Telephone Field,recover-20220825,002,1795
915.9835,915.9924,25468,34495,Eptesicus serotinus,0.008,0.022,-1,Echolocation,/mnt/ubna_data_01_mir/recover-20220825/UBNA_002/20220823_033000.WAV,Telephone Field,recover-20220825,002,1795
916.0015,916.0317,69296,81216,Rhinolophus ferrumequinum,0.041,0.041,-1,Echolocation,/mnt/ubna_data_01_mir/recover-20220825/UBNA_002/20220823_033000.WAV,Telephone Field,recover-20220825,002,1795
916.0015,916.0182,18593,23070,Nyctalus noctula,0.014,0.033,-1,Echolocation,/mnt/ubna_data_01_mir/recover-20220825/UBNA_002/20220823_033000.WAV,Telephone Field,recover-20220825,002,1795
916.0435,916.0522,31484,44188,Myotis daubentonii,0.007,0.022,-1,Echolocation,/mnt/ubna_data_01_mir/recover-20220825/UBNA_002/20220823_033000.WAV,Telephone Field,recover-20220825,002,1795
916.0465,916.0862,68437,81823,Rhinolophus ferrumequinum,0.021,0.021,-1,Echolocation,/mnt/ubna_data_01_mir/recover-20220825/UBNA_002/20220823_033000.WAV,Telephone Field,recover-20220825,002,1795
916.0535,916.0928,68437,82229,Rhinolophus ferrumequinum,0.02,0.02,-1,Echolocation,/mnt/ubna_data_01_mir/recover-20220825/UBNA_002/20220823_033000.WAV,Telephone Field,recover-20220825,002,1795
916.0895,916.1275,68437,81610,Rhinolophus ferrumequinum,0.02,0.02,-1,Echolocation,/mnt/ubna_data_01_mir/recover-20220825/UBNA_002/20220823_033000.WAV,Telephone Field,recover-20220825,002,1795
916.1055,916.1124,28046,38071,Eptesicus serotinus,0.005,0.02,-1,Echolocation,/mnt/ubna_data_01_mir/recover-20220825/UBNA_002/20220823_033000.WAV,Telephone Field,recover-20220825,002,1795
916.1335,916.1759,68437,82792,Rhinolophus ferrumequinum,0.028,0.028,-1,Echolocation,/mnt/ubna_data_01_mir/recover-20220825/UBNA_002/20220823_033000.WAV,Telephone Field,recover-20220825,002,1795
916.2075,916.2475,68437,82711,Rhinolophus ferrumequinum,0.023,0.023,-1,Echolocation,/mnt/ubna_data_01_mir/recover-20220825/UBNA_002/20220823_033000.WAV,Telephone Field,recover-20220825,002,1795
916.2245,916.2323,28046,37969,Eptesicus serotinus,0.007,0.02,-1,Echolocation,/mnt/ubna_data_01_mir/recover-20220825/UBNA_002/20220823_033000.WAV,Telephone Field,recover-20220825,002,1795
916.2435,916.281,68437,82043,Rhinolophus ferrumequinum,0.02,0.02,-1,Echolocation,/mnt/ubna_data_01_mir/recover-20220825/UBNA_002/20220823_033000.WAV,Telephone Field,recover-20220825,002,1795
916.2615,916.2724,26328,34095,Eptesicus serotinus,0.011,0.022,-1,Echolocation,/mnt/ubna_data_01_mir/recover-20220825/UBNA_002/20220823_033000.WAV,Telephone Field,recover-20220825,002,1795
916.2665,916.2781,23750,29602,Nyctalus leisleri,0.009,0.023,-1,Echolocation,/mnt/ubna_data_01_mir/recover-20220825/UBNA_002/20220823_033000.WAV,Telephone Field,recover-20220825,002,1795
916.3085,916.3458,68437,81033,Rhinolophus ferrumequinum,0.021,0.021,-1,Echolocation,/mnt/ubna_data_01_mir/recover-20220825/UBNA_002/20220823_033000.WAV,Telephone Field,recover-20220825,002,1795
916.3265,916.3666,68437,82336,Rhinolophus ferrumequinum,0.02,0.02,-1,Echolocation,/mnt/ubna_data_01_mir/recover-20220825/UBNA_002/20220823_033000.WAV,Telephone Field,recover-20220825,002,1795
916.3445,916.3557,33203,39948,Eptesicus serotinus,0.006,0.022,-1,Echolocation,/mnt/ubna_data_01_mir/recover-20220825/UBNA_002/20220823_033000.WAV,Telephone Field,recover-20220825,002,1795
916.3535,916.3623,34921,40801,Barbastellus barbastellus,0.005,0.023,-1,Echolocation,/mnt/ubna_data_01_mir/recover-20220825/UBNA_002/20220823_033000.WAV,Telephone Field,recover-20220825,002,1795
916.3795,916.3904,23750,29272,Nyctalus leisleri,0.011,0.023,-1,Echolocation,/mnt/ubna_data_01_mir/recover-20220825/UBNA_002/20220823_033000.WAV,Telephone Field,recover-20220825,002,1795
916.3935,916.4036,25468,32674,Eptesicus serotinus,0.009,0.025,-1,Echolocation,/mnt/ubna_data_01_mir/recover-20220825/UBNA_002/20220823_033000.WAV,Telephone Field,recover-20220825,002,1795
916.4075,916.4167,27187,35938,Eptesicus serotinus,0.008,0.02,-1,Echolocation,/mnt/ubna_data_01_mir/recover-20220825/UBNA_002/20220823_033000.WAV,Telephone Field,recover-20220825,002,1795
916.4445,916.4535,22031,27934,Plecotus austriacus,0.009,0.021,-1,Echolocation,/mnt/ubna_data_01_mir/recover-20220825/UBNA_002/20220823_033000.WAV,Telephone Field,recover-20220825,002,1795
916.4515,916.4582,28046,40656,Eptesicus serotinus,0.005,0.02,-1,Echolocation,/mnt/ubna_data_01_mir/recover-20220825/UBNA_002/20220823_033000.WAV,Telephone Field,recover-20220825,002,1795
916.4605,916.4998,68437,82336,Rhinolophus ferrumequinum,0.021,0.021,-1,Echolocation,/mnt/ubna_data_01_mir/recover-20220825/UBNA_002/20220823_033000.WAV,Telephone Field,recover-20220825,002,1795
916.4705,916.5134,68437,82253,Rhinolophus ferrumequinum,0.022,0.022,-1,Echolocation,/mnt/ubna_data_01_mir/recover-20220825/UBNA_002/20220823_033000.WAV,Telephone Field,recover-20220825,002,1795
916.5035,916.5112,28046,38577,Eptesicus serotinus,0.007,0.024,-1,Echolocation,/mnt/ubna_data_01_mir/recover-20220825/UBNA_002/20220823_033000.WAV,Telephone Field,recover-20220825,002,1795
916.6135,916.6224,23750,30272,Nyctalus leisleri,0.007,0.022,-1,Echolocation,/mnt/ubna_data_01_mir/recover-20220825/UBNA_002/20220823_033000.WAV,Telephone Field,recover-20220825,002,1795
916.6135,916.6541,68437,82617,Rhinolophus ferrumequinum,0.021,0.021,-1,Echolocation,/mnt/ubna_data_01_mir/recover-20220825/UBNA_002/20220823_033000.WAV,Telephone Field,recover-20220825,002,1795
916.6245,916.64,50390,56841,Pipistrellus pipistrellus,0.022,0.03,-1,Echolocation,/mnt/ubna_data_01_mir/recover-20220825/UBNA_002/20220823_033000.WAV,Telephone Field,recover-20220825,002,1795
916.6425,916.6845,68437,82952,Rhinolophus ferrumequinum,0.023,0.023,-1,Echolocation,/mnt/ubna_data_01_mir/recover-20220825/UBNA_002/20220823_033000.WAV,Telephone Field,recover-20220825,002,1795
916.6475,916.6561,22890,29853,Plecotus austriacus,0.007,0.021,-1,Echolocation,/mnt/ubna_data_01_mir/recover-20220825/UBNA_002/20220823_033000.WAV,Telephone Field,recover-20220825,002,1795
916.7075,916.7193,51250,55420,Pipistrellus pygmaeus,0.014,0.022,-1,Echolocation,/mnt/ubna_data_01_mir/recover-20220825/UBNA_002/20220823_033000.WAV,Telephone Field,recover-20220825,002,1795
916.7425,916.7817,68437,82123,Rhinolophus ferrumequinum,0.026,0.026,-1,Echolocation,/mnt/ubna_data_01_mir/recover-20220825/UBNA_002/20220823_033000.WAV,Telephone Field,recover-20220825,002,1795
916.7665,916.8053,68437,82430,Rhinolophus ferrumequinum,0.02,0.02,-1,Echolocation,/mnt/ubna_data_01_mir/recover-20220825/UBNA_002/20220823_033000.WAV,Telephone Field,recover-20220825,002,1795
916.7945,916.8044,28906,35945,Eptesicus serotinus,0.012,0.025,-1,Echolocation,/mnt/ubna_data_01_mir/recover-20220825/UBNA_002/20220823_033000.WAV,Telephone Field,recover-20220825,002,1795
916.8105,916.8471,68437,81957,Rhinolophus ferrumequinum,0.02,0.02,-1,Echolocation,/mnt/ubna_data_01_mir/recover-20220825/UBNA_002/20220823_033000.WAV,Telephone Field,recover-20220825,002,1795
916.8115,916.8176,27187,42463,Eptesicus serotinus,0.005,0.021,-1,Echolocation,/mnt/ubna_data_01_mir/recover-20220825/UBNA_002/20220823_033000.WAV,Telephone Field,recover-20220825,002,1795
916.8555,916.8634,23750,31480,Plecotus austriacus,0.01,0.025,-1,Echolocation,/mnt/ubna_data_01_mir/recover-20220825/UBNA_002/20220823_033000.WAV,Telephone Field,recover-20220825,002,1795
916.8695,916.8812,22890,27326,Nyctalus leisleri,0.01,0.02,-1,Echolocation,/mnt/ubna_data_01_mir/recover-20220825/UBNA_002/20220823_033000.WAV,Telephone Field,recover-20220825,002,1795
916.8785,916.9179,68437,82456,Rhinolophus ferrumequinum,0.02,0.02,-1,Echolocation,/mnt/ubna_data_01_mir/recover-20220825/UBNA_002/20220823_033000.WAV,Telephone Field,recover-20220825,002,1795
916.8835,916.8906,24609,33337,Plecotus austriacus,0.008,0.023,-1,Echolocation,/mnt/ubna_data_01_mir/recover-20220825/UBNA_002/20220823_033000.WAV,Telephone Field,recover-20220825,002,1795
916.8975,916.9351,68437,81739,Rhinolophus ferrumequinum,0.02,0.02,-1,Echolocation,/mnt/ubna_data_01_mir/recover-20220825/UBNA_002/20220823_033000.WAV,Telephone Field,recover-20220825,002,1795
916.9155,916.9523,68437,81414,Rhinolophus ferrumequinum,0.02,0.02,-1,Echolocation,/mnt/ubna_data_01_mir/recover-20220825/UBNA_002/20220823_033000.WAV,Telephone Field,recover-20220825,002,1795
916.9315,916.941,14296,21124,Nyctalus noctula,0.018,0.033,-1,Echolocation,/mnt/ubna_data_01_mir/recover-20220825/UBNA_002/20220823_033000.WAV,Telephone Field,recover-20220825,002,1795
916.9595,916.9663,27187,41929,Eptesicus serotinus,0.007,0.025,-1,Echolocation,/mnt/ubna_data_01_mir/recover-20220825/UBNA_002/20220823_033000.WAV,Telephone Field,recover-20220825,002,1795
916.9705,917.0087,68437,81368,Rhinolophus ferrumequinum,0.021,0.021,-1,Echolocation,/mnt/ubna_data_01_mir/recover-20220825/UBNA_002/20220823_033000.WAV,Telephone Field,recover-20220825,002,1795
917.0355,917.0505,29765,35263,Eptesicus serotinus,0.031,0.05,-1,Echolocation,/mnt/ubna_data_01_mir/recover-20220825/UBNA_002/20220823_033000.WAV,Telephone Field,recover-20220825,002,1795
917.0615,917.0708,27187,34480,Eptesicus serotinus,0.009,0.023,-1,Echolocation,/mnt/ubna_data_01_mir/recover-20220825/UBNA_002/20220823_033000.WAV,Telephone Field,recover-20220825,002,1795
917.0845,917.0953,22031,26630,Nyctalus leisleri,0.009,0.02,-1,Echolocation,/mnt/ubna_data_01_mir/recover-20220825/UBNA_002/20220823_033000.WAV,Telephone Field,recover-20220825,002,1795
917.0895,917.13,68437,81677,Rhinolophus ferrumequinum,0.022,0.022,-1,Echolocation,/mnt/ubna_data_01_mir/recover-20220825/UBNA_002/20220823_033000.WAV,Telephone Field,recover-20220825,002,1795
917.1105,917.1489,68437,82309,Rhinolophus ferrumequinum,0.022,0.022,-1,Echolocation,/mnt/ubna_data_01_mir/recover-20220825/UBNA_002/20220823_033000.WAV,Telephone Field,recover-20220825,002,1795
917.1135,917.1226,28046,39827,Eptesicus serotinus,0.007,0.02,-1,Echolocation,/mnt/ubna_data_01_mir/recover-20220825/UBNA_002/20220823_033000.WAV,Telephone Field,recover-20220825,002,1795
917.2155,917.2259,29765,37360,Eptesicus serotinus,0.009,0.02,-1,Echolocation,/mnt/ubna_data_01_mir/recover-20220825/UBNA_002/20220823_033000.WAV,Telephone Field,recover-20220825,002,1795
917.2435,917.255,22890,28225,Nyctalus leisleri,0.012,0.025,-1,Echolocation,/mnt/ubna_data_01_mir/recover-20220825/UBNA_002/20220823_033000.WAV,Telephone Field,recover-20220825,002,1795
917.2705,917.308,68437,81055,Rhinolophus ferrumequinum,0.021,0.021,-1,Echolocation,/mnt/ubna_data_01_mir/recover-20220825/UBNA_002/20220823_033000.WAV,Telephone Field,recover-20220825,002,1795
917.3785,917.4236,68437,83127,Rhinolophus ferrumequinum,0.03,0.03,-1,Echolocation,/mnt/ubna_data_01_mir/recover-20220825/UBNA_002/20220823_033000.WAV,Telephone Field,recover-20220825,002,1795
917.4085,917.4164,27187,37666,Eptesicus serotinus,0.006,0.02,-1,Echolocation,/mnt/ubna_data_01_mir/recover-20220825/UBNA_002/20220823_033000.WAV,Telephone Field,recover-20220825,002,1795
917.4615,917.4684,24609,33195,Plecotus austriacus,0.009,0.027,-1,Echolocation,/mnt/ubna_data_01_mir/recover-20220825/UBNA_002/20220823_033000.WAV,Telephone Field,recover-20220825,002,1795
917.4925,917.534,68437,82681,Rhinolophus ferrumequinum,0.022,0.022,-1,Echolocation,/mnt/ubna_data_01_mir/recover-20220825/UBNA_002/20220823_033000.WAV,Telephone Field,recover-20220825,002,1795
917.5415,917.5494,28046,39450,Eptesicus serotinus,0.007,0.023,-1,Echolocation,/mnt/ubna_data_01_mir/recover-20220825/UBNA_002/20220823_033000.WAV,Telephone Field,recover-20220825,002,1795
917.5605,917.5965,68437,81424,Rhinolophus ferrumequinum,0.021,0.021,-1,Echolocation,/mnt/ubna_data_01_mir/recover-20220825/UBNA_002/20220823_033000.WAV,Telephone Field,recover-20220825,002,1795
917.5875,917.5956,26328,35450,Eptesicus serotinus,0.008,0.023,-1,Echolocation,/mnt/ubna_data_01_mir/recover-20220825/UBNA_002/20220823_033000.WAV,Telephone Field,recover-20220825,002,1795
917.6155,917.6536,68437,82194,Rhinolophus ferrumequinum,0.02,0.02,-1,Echolocation,/mnt/ubna_data_01_mir/recover-20220825/UBNA_002/20220823_033000.WAV,Telephone Field,recover-20220825,002,1795
917.6425,917.6505,26328,35555,Eptesicus serotinus,0.008,0.024,-1,Echolocation,/mnt/ubna_data_01_mir/recover-20220825/UBNA_002/20220823_033000.WAV,Telephone Field,recover-20220825,002,1795
917.6685,917.6773,48671,57544,Pipistrellus pipistrellus,0.017,0.022,-1,Echolocation,/mnt/ubna_data_01_mir/recover-20220825/UBNA_002/20220823_033000.WAV,Telephone Field,recover-20220825,002,1795
917.6955,917.7365,68437,82063,Rhinolophus ferrumequinum,0.02,0.02,-1,Echolocation,/mnt/ubna_data_01_mir/recover-20220825/UBNA_002/20220823_033000.WAV,Telephone Field,recover-20220825,002,1795
917.7325,917.7718,68437,81592,Rhinolophus ferrumequinum,0.02,0.02,-1,Echolocation,/mnt/ubna_data_01_mir/recover-20220825/UBNA_002/20220823_033000.WAV,Telephone Field,recover-20220825,002,1795
917.7755,917.8186,68437,83111,Rhinolophus ferrumequinum,0.035,0.035,-1,Echolocation,/mnt/ubna_data_01_mir/recover-20220825/UBNA_002/20220823_033000.WAV,Telephone Field,recover-20220825,002,1795
917.7935,917.8076,22031,25333,Nyctalus leisleri,0.018,0.027,-1,Echolocation,/mnt/ubna_data_01_mir/recover-20220825/UBNA_002/20220823_033000.WAV,Telephone Field,recover-20220825,002,1795
917.8565,917.8996,68437,82728,Rhinolophus ferrumequinum,0.022,0.022,-1,Echolocation,/mnt/ubna_data_01_mir/recover-20220825/UBNA_002/20220823_033000.WAV,Telephone Field,recover-20220825,002,1795
917.8775,917.9175,68437,82249,Rhinolophus ferrumequinum,0.02,0.02,-1,Echolocation,/mnt/ubna_data_01_mir/recover-20220825/UBNA_002/20220823_033000.WAV,Telephone Field,recover-20220825,002,1795
917.9455,917.9799,68437,80186,Rhinolophus ferrumequinum,0.023,0.023,-1,Echolocation,/mnt/ubna_data_01_mir/recover-20220825/UBNA_002/20220823_033000.WAV,Telephone Field,recover-20220825,002,1795
917.9645,917.9737,28906,37482,Eptesicus serotinus,0.008,0.023,-1,Echolocation,/mnt/ubna_data_01_mir/recover-20220825/UBNA_002/20220823_033000.WAV,Telephone Field,recover-20220825,002,1795
917.9725,917.9821,28906,36988,Eptesicus serotinus,0.008,0.023,-1,Echolocation,/mnt/ubna_data_01_mir/recover-20220825/UBNA_002/20220823_033000.WAV,Telephone Field,recover-20220825,002,1795
918.0015,918.0341,68437,80405,Rhinolophus ferrumequinum,0.047,0.048,-1,Echolocation,/mnt/ubna_data_01_mir/recover-20220825/UBNA_002/20220823_033000.WAV,Telephone Field,recover-20220825,002,1795
918.0015,918.0103,26328,34687,Nyctalus leisleri,0.008,0.027,-1,Echolocation,/mnt/ubna_data_01_mir/recover-20220825/UBNA_002/20220823_033000.WAV,Telephone Field,recover-20220825,002,1795
918.0015,918.0137,18593,23427,Nyctalus leisleri,0.008,0.021,-1,Echolocation,/mnt/ubna_data_01_mir/recover-20220825/UBNA_002/20220823_033000.WAV,Telephone Field,recover-20220825,002,1795
918.0075,918.0487,68437,81695,Rhinolophus ferrumequinum,0.023,0.023,-1,Echolocation,/mnt/ubna_data_01_mir/recover-20220825/UBNA_002/20220823_033000.WAV,Telephone Field,recover-20220825,002,1795
918.0405,918.0501,24609,31357,Nyctalus leisleri,0.008,0.021,-1,Echolocation,/mnt/ubna_data_01_mir/recover-20220825/UBNA_002/20220823_033000.WAV,Telephone Field,recover-20220825,002,1795
918.0765,918.1159,68437,82497,Rhinolophus ferrumequinum,0.024,0.024,-1,Echolocation,/mnt/ubna_data_01_mir/recover-20220825/UBNA_002/20220823_033000.WAV,Telephone Field,recover-20220825,002,1795
918.1025,918.1101,28046,40278,Eptesicus serotinus,0.006,0.021,-1,Echolocation,/mnt/ubna_data_01_mir/recover-20220825/UBNA_002/20220823_033000.WAV,Telephone Field,recover-20220825,002,1795
918.1025,918.1449,68437,83273,Rhinolophus ferrumequinum,0.028,0.028,-1,Echolocation,/mnt/ubna_data_01_mir/recover-20220825/UBNA_002/20220823_033000.WAV,Telephone Field,recover-20220825,002,1795
918.1195,918.1589,68437,81597,Rhinolophus ferrumequinum,0.021,0.021,-1,Echolocation,/mnt/ubna_data_01_mir/recover-20220825/UBNA_002/20220823_033000.WAV,Telephone Field,recover-20220825,002,1795
918.1235,918.1319,28906,44240,Myotis daubentonii,0.007,0.021,-1,Echolocation,/mnt/ubna_data_01_mir/recover-20220825/UBNA_002/20220823_033000.WAV,Telephone Field,recover-20220825,002,1795
918.1455,918.1879,68437,83112,Rhinolophus ferrumequinum,0.026,0.026,-1,Echolocation,/mnt/ubna_data_01_mir/recover-20220825/UBNA_002/20220823_033000.WAV,Telephone Field,recover-20220825,002,1795
918.1715,918.1808,26328,34358,Eptesicus serotinus,0.011,0.027,-1,Echolocation,/mnt/ubna_data_01_mir/recover-20220825/UBNA_002/20220823_033000.WAV,Telephone Field,recover-20220825,002,1795
918.1965,918.2346,68437,82233,Rhinolophus ferrumequinum,0.026,0.026,-1,Echolocation,/mnt/ubna_data_01_mir/recover-20220825/UBNA_002/20220823_033000.WAV,Telephone Field,recover-20220825,002,1795
918.2135,918.2231,43515,48922,Pipistrellus pipistrellus,0.019,0.023,-1,Echolocation,/mnt/ubna_data_01_mir/recover-20220825/UBNA_002/20220823_033000.WAV,Telephone Field,recover-20220825,002,1795
918.2465,918.2557,28046,39027,Eptesicus serotinus,0.009,0.021,-1,Echolocation,/mnt/ubna_data_01_mir/recover-20220825/UBNA_002/20220823_033000.WAV,Telephone Field,recover-20220825,002,1795
918.2475,918.2888,68437,82609,Rhinolophus ferrumequinum,0.02,0.02,-1,Echolocation,/mnt/ubna_data_01_mir/recover-20220825/UBNA_002/20220823_033000.WAV,Telephone Field,recover-20220825,002,1795
918.2715,918.3111,68437,82462,Rhinolophus ferrumequinum,0.021,0.021,-1,Echolocation,/mnt/ubna_data_01_mir/recover-20220825/UBNA_002/20220823_033000.WAV,Telephone Field,recover-20220825,002,1795
918.3155,918.3539,68437,82372,Rhinolophus ferrumequinum,0.024,0.024,-1,Echolocation,/mnt/ubna_data_01_mir/recover-20220825/UBNA_002/20220823_033000.WAV,Telephone Field,recover-20220825,002,1795
918.3405,918.3813,68437,82758,Rhinolophus ferrumequinum,0.02,0.02,-1,Echolocation,/mnt/ubna_data_01_mir/recover-20220825/UBNA_002/20220823_033000.WAV,Telephone Field,recover-20220825,002,1795
918.3465,918.3547,28046,37920,Eptesicus serotinus,0.006,0.021,-1,Echolocation,/mnt/ubna_data_01_mir/recover-20220825/UBNA_002/20220823_033000.WAV,Telephone Field,recover-20220825,002,1795
918.3705,918.4032,68437,80410,Rhinolophus ferrumequinum,0.02,0.02,-1,Echolocation,/mnt/ubna_data_01_mir/recover-20220825/UBNA_002/20220823_033000.WAV,Telephone Field,recover-20220825,002,1795
918.3775,918.3868,56406,62943,Pipistrellus pygmaeus,0.019,0.02,-1,Echolocation,/mnt/ubna_data_01_mir/recover-20220825/UBNA_002/20220823_033000.WAV,Telephone Field,recover-20220825,002,1795
918.3885,918.3982,28046,36364,Eptesicus serotinus,0.01,0.022,-1,Echolocation,/mnt/ubna_data_01_mir/recover-20220825/UBNA_002/20220823_033000.WAV,Telephone Field,recover-20220825,002,1795
918.4135,918.4206,27187,39775,Eptesicus serotinus,0.006,0.02,-1,Echolocation,/mnt/ubna_data_01_mir/recover-20220825/UBNA_002/20220823_033000.WAV,Telephone Field,recover-20220825,002,1795
918.4305,918.467,68437,81761,Rhinolophus ferrumequinum,0.02,0.021,-1,Echolocation,/mnt/ubna_data_01_mir/recover-20220825/UBNA_002/20220823_033000.WAV,Telephone Field,recover-20220825,002,1795
918.4375,918.478,68437,83049,Rhinolophus ferrumequinum,0.021,0.021,-1,Echolocation,/mnt/ubna_data_01_mir/recover-20220825/UBNA_002/20220823_033000.WAV,Telephone Field,recover-20220825,002,1795
918.4465,918.4871,68437,82453,Rhinolophus ferrumequinum,0.023,0.023,-1,Echolocation,/mnt/ubna_data_01_mir/recover-20220825/UBNA_002/20220823_033000.WAV,Telephone Field,recover-20220825,002,1795
918.4995,918.5088,28046,35626,Eptesicus serotinus,0.008,0.02,-1,Echolocation,/mnt/ubna_data_01_mir/recover-20220825/UBNA_002/20220823_033000.WAV,Telephone Field,recover-20220825,002,1795
918.5125,918.5524,68437,82163,Rhinolophus ferrumequinum,0.021,0.021,-1,Echolocation,/mnt/ubna_data_01_mir/recover-20220825/UBNA_002/20220823_033000.WAV,Telephone Field,recover-20220825,002,1795
918.5175,918.5256,27187,41465,Eptesicus serotinus,0.009,0.025,-1,Echolocation,/mnt/ubna_data_01_mir/recover-20220825/UBNA_002/20220823_033000.WAV,Telephone Field,recover-20220825,002,1795
918.5225,918.5584,68437,81802,Rhinolophus ferrumequinum,0.02,0.02,-1,Echolocation,/mnt/ubna_data_01_mir/recover-20220825/UBNA_002/20220823_033000.WAV,Telephone Field,recover-20220825,002,1795
918.5565,918.5989,68437,83457,Rhinolophus ferrumequinum,0.033,0.033,-1,Echolocation,/mnt/ubna_data_01_mir/recover-20220825/UBNA_002/20220823_033000.WAV,Telephone Field,recover-20220825,002,1795
918.5865,918.6258,68437,81929,Rhinolophus ferrumequinum,0.02,0.02,-1,Echolocation,/mnt/ubna_data_01_mir/recover-20220825/UBNA_002/20220823_033000.WAV,Telephone Field,recover-20220825,002,1795
918.6075,918.6485,68437,81976,Rhinolophus ferrumequinum,0.02,0.02,-1,Echolocation,/mnt/ubna_data_01_mir/recover-20220825/UBNA_002/20220823_033000.WAV,Telephone Field,recover-20220825,002,1795
918.6125,918.652,68437,82304,Rhinolophus ferrumequinum,0.02,0.02,-1,Echolocation,/mnt/ubna_data_01_mir/recover-20220825/UBNA_002/20220823_033000.WAV,Telephone Field,recover-20220825,002,1795
918.6295,918.6411,23750,29102,Nyctalus leisleri,0.011,0.024,-1,Echolocation,/mnt/ubna_data_01_mir/recover-20220825/UBNA_002/20220823_033000.WAV,Telephone Field,recover-20220825,002,1795
918.6525,918.6895,68437,81372,Rhinolophus ferrumequinum,0.021,0.021,-1,Echolocation,/mnt/ubna_data_01_mir/recover-20220825/UBNA_002/20220823_033000.WAV,Telephone Field,recover-20220825,002,1795
918.6535,918.6638,28046,35726,Eptesicus serotinus,0.009,0.022,-1,Echolocation,/mnt/ubna_data_01_mir/recover-20220825/UBNA_002/20220823_033000.WAV,Telephone Field,recover-20220825,002,1795
918.6675,918.6789,22890,27479,Nyctalus leisleri,0.014,0.026,-1,Echolocation,/mnt/ubna_data_01_mir/recover-20220825/UBNA_002/20220823_033000.WAV,Telephone Field,recover-20220825,002,1795
918.6815,918.7207,68437,81078,Rhinolophus ferrumequinum,0.021,0.021,-1,Echolocation,/mnt/ubna_data_01_mir/recover-20220825/UBNA_002/20220823_033000.WAV,Telephone Field,recover-20220825,002,1795
918.6875,918.6964,27187,40100,Eptesicus serotinus,0.009,0.022,-1,Echolocation,/mnt/ubna_data_01_mir/recover-20220825/UBNA_002/20220823_033000.WAV,Telephone Field,recover-20220825,002,1795
918.7135,918.7238,42656,51157,Pipistrellus pipistrellus,0.012,0.02,-1,Echolocation,/mnt/ubna_data_01_mir/recover-20220825/UBNA_002/20220823_033000.WAV,Telephone Field,recover-20220825,002,1795
918.7425,918.7784,68437,81858,Rhinolophus ferrumequinum,0.02,0.02,-1,Echolocation,/mnt/ubna_data_01_mir/recover-20220825/UBNA_002/20220823_033000.WAV,Telephone Field,recover-20220825,002,1795
918.7585,918.7984,68437,82057,Rhinolophus ferrumequinum,0.026,0.026,-1,Echolocation,/mnt/ubna_data_01_mir/recover-20220825/UBNA_002/20220823_033000.WAV,Telephone Field,recover-20220825,002,1795
918.7615,918.7698,23750,31444,Plecotus austriacus,0.008,0.022,-1,Echolocation,/mnt/ubna_data_01_mir/recover-20220825/UBNA_002/20220823_033000.WAV,Telephone Field,recover-20220825,002,1795
918.7625,918.7704,28046,40101,Eptesicus serotinus,0.006,0.021,-1,Echolocation,/mnt/ubna_data_01_mir/recover-20220825/UBNA_002/20220823_033000.WAV,Telephone Field,recover-20220825,002,1795
918.7764999999999,918.8121,68437,82374,Rhinolophus ferrumequinum,0.022,0.022,-1,Echolocation,/mnt/ubna_data_01_mir/recover-20220825/UBNA_002/20220823_033000.WAV,Telephone Field,recover-20220825,002,1795
918.8005,918.8105,25468,31715,Eptesicus serotinus,0.012,0.034,-1,Echolocation,/mnt/ubna_data_01_mir/recover-20220825/UBNA_002/20220823_033000.WAV,Telephone Field,recover-20220825,002,1795
918.8175,918.8565,68437,82283,Rhinolophus ferrumequinum,0.022,0.022,-1,Echolocation,/mnt/ubna_data_01_mir/recover-20220825/UBNA_002/20220823_033000.WAV,Telephone Field,recover-20220825,002,1795
918.8415,918.8778,68437,81495,Rhinolophus ferrumequinum,0.022,0.022,-1,Echolocation,/mnt/ubna_data_01_mir/recover-20220825/UBNA_002/20220823_033000.WAV,Telephone Field,recover-20220825,002,1795
918.9125,918.9461,68437,80961,Rhinolophus ferrumequinum,0.021,0.022,-1,Echolocation,/mnt/ubna_data_01_mir/recover-20220825/UBNA_002/20220823_033000.WAV,Telephone Field,recover-20220825,002,1795
918.9325,918.9689,68437,81638,Rhinolophus ferrumequinum,0.02,0.02,-1,Echolocation,/mnt/ubna_data_01_mir/recover-20220825/UBNA_002/20220823_033000.WAV,Telephone Field,recover-20220825,002,1795
919.0215,919.0324,22890,27049,Nyctalus leisleri,0.012,0.022,-1,Echolocation,/mnt/ubna_data_01_mir/recover-20220825/UBNA_002/20220823_033000.WAV,Telephone Field,recover-20220825,002,1795
919.0485,919.0593,23750,29918,Nyctalus leisleri,0.009,0.022,-1,Echolocation,/mnt/ubna_data_01_mir/recover-20220825/UBNA_002/20220823_033000.WAV,Telephone Field,recover-20220825,002,1795
919.0585,919.0972,68437,82184,Rhinolophus ferrumequinum,0.02,0.02,-1,Echolocation,/mnt/ubna_data_01_mir/recover-20220825/UBNA_002/20220823_033000.WAV,Telephone Field,recover-20220825,002,1795
919.0785,919.1205,68437,82610,Rhinolophus ferrumequinum,0.024,0.024,-1,Echolocation,/mnt/ubna_data_01_mir/recover-20220825/UBNA_002/20220823_033000.WAV,Telephone Field,recover-20220825,002,1795
919.0955,919.1025,26328,38068,Eptesicus serotinus,0.005,0.02,-1,Echolocation,/mnt/ubna_data_01_mir/recover-20220825/UBNA_002/20220823_033000.WAV,Telephone Field,recover-20220825,002,1795
919.1445,919.1559,22890,28280,Nyctalus leisleri,0.011,0.023,-1,Echolocation,/mnt/ubna_data_01_mir/recover-20220825/UBNA_002/20220823_033000.WAV,Telephone Field,recover-20220825,002,1795
919.1495,919.186,68437,81142,Rhinolophus ferrumequinum,0.02,0.021,-1,Echolocation,/mnt/ubna_data_01_mir/recover-20220825/UBNA_002/20220823_033000.WAV,Telephone Field,recover-20220825,002,1795
919.1665,919.2084,68437,83072,Rhinolophus ferrumequinum,0.022,0.022,-1,Echolocation,/mnt/ubna_data_01_mir/recover-20220825/UBNA_002/20220823_033000.WAV,Telephone Field,recover-20220825,002,1795
919.1715,919.1839,28046,35010,Eptesicus serotinus,0.028,0.043,-1,Echolocation,/mnt/ubna_data_01_mir/recover-20220825/UBNA_002/20220823_033000.WAV,Telephone Field,recover-20220825,002,1795
919.1735,919.2138,68437,82848,Rhinolophus ferrumequinum,0.022,0.022,-1,Echolocation,/mnt/ubna_data_01_mir/recover-20220825/UBNA_002/20220823_033000.WAV,Telephone Field,recover-20220825,002,1795
919.2065,919.2441,68437,82583,Rhinolophus ferrumequinum,0.024,0.024,-1,Echolocation,/mnt/ubna_data_01_mir/recover-20220825/UBNA_002/20220823_033000.WAV,Telephone Field,recover-20220825,002,1795
919.2185,919.2596,68437,82967,Rhinolophus ferrumequinum,0.021,0.021,-1,Echolocation,/mnt/ubna_data_01_mir/recover-20220825/UBNA_002/20220823_033000.WAV,Telephone Field,recover-20220825,002,1795
919.2295,919.2646,68437,81693,Rhinolophus ferrumequinum,0.021,0.021,-1,Echolocation,/mnt/ubna_data_01_mir/recover-20220825/UBNA_002/20220823_033000.WAV,Telephone Field,recover-20220825,002,1795
919.2805,919.287,26328,39421,Plecotus auritus,0.008,0.026,-1,Echolocation,/mnt/ubna_data_01_mir/recover-20220825/UBNA_002/20220823_033000.WAV,Telephone Field,recover-20220825,002,1795
919.2945,919.3038,28046,36311,Eptesicus serotinus,0.007,0.02,-1,Echolocation,/mnt/ubna_data_01_mir/recover-20220825/UBNA_002/20220823_033000.WAV,Telephone Field,recover-20220825,002,1795
919.3455,919.3903,68437,84121,Rhinolophus ferrumequinum,0.036,0.036,-1,Echolocation,/mnt/ubna_data_01_mir/recover-20220825/UBNA_002/20220823_033000.WAV,Telephone Field,recover-20220825,002,1795
919.3505,919.361,22890,29076,Nyctalus leisleri,0.009,0.022,-1,Echolocation,/mnt/ubna_data_01_mir/recover-20220825/UBNA_002/20220823_033000.WAV,Telephone Field,recover-20220825,002,1795
919.3505,919.3571,35781,44973,Myotis daubentonii,0.008,0.021,-1,Echolocation,/mnt/ubna_data_01_mir/recover-20220825/UBNA_002/20220823_033000.WAV,Telephone Field,recover-20220825,002,1795
919.3515,919.3596,27187,38901,Eptesicus serotinus,0.008,0.023,-1,Echolocation,/mnt/ubna_data_01_mir/recover-20220825/UBNA_002/20220823_033000.WAV,Telephone Field,recover-20220825,002,1795
919.3595,919.368,28046,37147,Eptesicus serotinus,0.009,0.022,-1,Echolocation,/mnt/ubna_data_01_mir/recover-20220825/UBNA_002/20220823_033000.WAV,Telephone Field,recover-20220825,002,1795
919.3755,919.4131,68437,81705,Rhinolophus ferrumequinum,0.022,0.022,-1,Echolocation,/mnt/ubna_data_01_mir/recover-20220825/UBNA_002/20220823_033000.WAV,Telephone Field,recover-20220825,002,1795
919.3975,919.4083,25468,32500,Eptesicus serotinus,0.009,0.021,-1,Echolocation,/mnt/ubna_data_01_mir/recover-20220825/UBNA_002/20220823_033000.WAV,Telephone Field,recover-20220825,002,1795
919.4195,919.4275,28046,38663,Eptesicus serotinus,0.008,0.025,-1,Echolocation,/mnt/ubna_data_01_mir/recover-20220825/UBNA_002/20220823_033000.WAV,Telephone Field,recover-20220825,002,1795
919.4335,919.4751,68437,82522,Rhinolophus ferrumequinum,0.027,0.027,-1,Echolocation,/mnt/ubna_data_01_mir/recover-20220825/UBNA_002/20220823_033000.WAV,Telephone Field,recover-20220825,002,1795
919.4665,919.4746,24609,34176,Plecotus austriacus,0.005,0.02,-1,Echolocation,/mnt/ubna_data_01_mir/recover-20220825/UBNA_002/20220823_033000.WAV,Telephone Field,recover-20220825,002,1795
919.4805,919.5203,68437,82033,Rhinolophus ferrumequinum,0.022,0.022,-1,Echolocation,/mnt/ubna_data_01_mir/recover-20220825/UBNA_002/20220823_033000.WAV,Telephone Field,recover-20220825,002,1795
919.4895,919.5286,68437,82220,Rhinolophus ferrumequinum,0.022,0.022,-1,Echolocation,/mnt/ubna_data_01_mir/recover-20220825/UBNA_002/20220823_033000.WAV,Telephone Field,recover-20220825,002,1795
919.5215,919.5603,68437,82122,Rhinolophus ferrumequinum,0.021,0.021,-1,Echolocation,/mnt/ubna_data_01_mir/recover-20220825/UBNA_002/20220823_033000.WAV,Telephone Field,recover-20220825,002,1795
919.5725,919.5885,22890,27047,Nyctalus leisleri,0.015,0.027,-1,Echolocation,/mnt/ubna_data_01_mir/recover-20220825/UBNA_002/20220823_033000.WAV,Telephone Field,recover-20220825,002,1795
919.5865,919.6247,68437,82166,Rhinolophus ferrumequinum,0.022,0.022,-1,Echolocation,/mnt/ubna_data_01_mir/recover-20220825/UBNA_002/20220823_033000.WAV,Telephone Field,recover-20220825,002,1795
919.6435,919.6523,28906,37163,Eptesicus serotinus,0.007,0.02,-1,Echolocation,/mnt/ubna_data_01_mir/recover-20220825/UBNA_002/20220823_033000.WAV,Telephone Field,recover-20220825,002,1795
919.6545,919.6934,68437,81961,Rhinolophus ferrumequinum,0.024,0.024,-1,Echolocation,/mnt/ubna_data_01_mir/recover-20220825/UBNA_002/20220823_033000.WAV,Telephone Field,recover-20220825,002,1795
919.6685,919.7116,68437,82897,Rhinolophus ferrumequinum,0.023,0.023,-1,Echolocation,/mnt/ubna_data_01_mir/recover-20220825/UBNA_002/20220823_033000.WAV,Telephone Field,recover-20220825,002,1795
919.6775,919.7209,68437,83787,Rhinolophus ferrumequinum,0.028,0.028,-1,Echolocation,/mnt/ubna_data_01_mir/recover-20220825/UBNA_002/20220823_033000.WAV,Telephone Field,recover-20220825,002,1795
919.7595,919.7985,68437,82221,Rhinolophus ferrumequinum,0.02,0.02,-1,Echolocation,/mnt/ubna_data_01_mir/recover-20220825/UBNA_002/20220823_033000.WAV,Telephone Field,recover-20220825,002,1795
919.8015,919.8096,27187,38703,Eptesicus serotinus,0.007,0.021,-1,Echolocation,/mnt/ubna_data_01_mir/recover-20220825/UBNA_002/20220823_033000.WAV,Telephone Field,recover-20220825,002,1795
919.8585,919.8697,25468,33108,Eptesicus serotinus,0.011,0.024,-1,Echolocation,/mnt/ubna_data_01_mir/recover-20220825/UBNA_002/20220823_033000.WAV,Telephone Field,recover-20220825,002,1795
919.8585,919.8947000000001,68437,81634,Rhinolophus ferrumequinum,0.02,0.02,-1,Echolocation,/mnt/ubna_data_01_mir/recover-20220825/UBNA_002/20220823_033000.WAV,Telephone Field,recover-20220825,002,1795
919.8975,919.9399,68437,83086,Rhinolophus ferrumequinum,0.027,0.027,-1,Echolocation,/mnt/ubna_data_01_mir/recover-20220825/UBNA_002/20220823_033000.WAV,Telephone Field,recover-20220825,002,1795
919.9195,919.9571,68437,81931,Rhinolophus ferrumequinum,0.02,0.02,-1,Echolocation,/mnt/ubna_data_01_mir/recover-20220825/UBNA_002/20220823_033000.WAV,Telephone Field,recover-20220825,002,1795
919.9485,919.9601,35781,41712,Pipistrellus nathusii,0.006,0.024,-1,Echolocation,/mnt/ubna_data_01_mir/recover-20220825/UBNA_002/20220823_033000.WAV,Telephone Field,recover-20220825,002,1795
919.9515,919.9893,68437,81982,Rhinolophus ferrumequinum,0.022,0.022,-1,Echolocation,/mnt/ubna_data_01_mir/recover-20220825/UBNA_002/20220823_033000.WAV,Telephone Field,recover-20220825,002,1795
919.9825,919.9922,28046,39946,Eptesicus serotinus,0.01,0.024,-1,Echolocation,/mnt/ubna_data_01_mir/recover-20220825/UBNA_002/20220823_033000.WAV,Telephone Field,recover-20220825,002,1795
920.0015,920.0177,16875,21416,Nyctalus noctula,0.01,0.022,-1,Echolocation,/mnt/ubna_data_01_mir/recover-20220825/UBNA_002/20220823_033000.WAV,Telephone Field,recover-20220825,002,1795
920.0015,920.0113,24609,31718,Nyctalus leisleri,0.011,0.028,-1,Echolocation,/mnt/ubna_data_01_mir/recover-20220825/UBNA_002/20220823_033000.WAV,Telephone Field,recover-20220825,002,1795
920.0015,920.0369,68437,80057,Rhinolophus ferrumequinum,0.034,0.035,-1,Echolocation,/mnt/ubna_data_01_mir/recover-20220825/UBNA_002/20220823_033000.WAV,Telephone Field,recover-20220825,002,1795
920.0085,920.0564,68437,83104,Rhinolophus ferrumequinum,0.031,0.031,-1,Echolocation,/mnt/ubna_data_01_mir/recover-20220825/UBNA_002/20220823_033000.WAV,Telephone Field,recover-20220825,002,1795
920.0165,920.0628,68437,83855,Rhinolophus ferrumequinum,0.024,0.024,-1,Echolocation,/mnt/ubna_data_01_mir/recover-20220825/UBNA_002/20220823_033000.WAV,Telephone Field,recover-20220825,002,1795
920.0465,920.0873,68437,82104,Rhinolophus ferrumequinum,0.023,0.023,-1,Echolocation,/mnt/ubna_data_01_mir/recover-20220825/UBNA_002/20220823_033000.WAV,Telephone Field,recover-20220825,002,1795
920.0505,920.0591,28046,39817,Eptesicus serotinus,0.009,0.023,-1,Echolocation,/mnt/ubna_data_01_mir/recover-20220825/UBNA_002/20220823_033000.WAV,Telephone Field,recover-20220825,002,1795
920.0695,920.107,68437,82512,Rhinolophus ferrumequinum,0.021,0.021,-1,Echolocation,/mnt/ubna_data_01_mir/recover-20220825/UBNA_002/20220823_033000.WAV,Telephone Field,recover-20220825,002,1795
920.0815,920.1255,68437,82937,Rhinolophus ferrumequinum,0.033,0.033,-1,Echolocation,/mnt/ubna_data_01_mir/recover-20220825/UBNA_002/20220823_033000.WAV,Telephone Field,recover-20220825,002,1795
920.1095,920.1503,68437,83413,Rhinolophus ferrumequinum,0.023,0.023,-1,Echolocation,/mnt/ubna_data_01_mir/recover-20220825/UBNA_002/20220823_033000.WAV,Telephone Field,recover-20220825,002,1795
920.1105,920.1184,26328,36165,Eptesicus serotinus,0.009,0.025,-1,Echolocation,/mnt/ubna_data_01_mir/recover-20220825/UBNA_002/20220823_033000.WAV,Telephone Field,recover-20220825,002,1795
920.1875,920.2216,68437,80831,Rhinolophus ferrumequinum,0.022,0.022,-1,Echolocation,/mnt/ubna_data_01_mir/recover-20220825/UBNA_002/20220823_033000.WAV,Telephone Field,recover-20220825,002,1795
920.1965,920.2082,27187,34063,Eptesicus serotinus,0.018,0.031,-1,Echolocation,/mnt/ubna_data_01_mir/recover-20220825/UBNA_002/20220823_033000.WAV,Telephone Field,recover-20220825,002,1795
920.2345,920.2449,23750,29681,Nyctalus leisleri,0.009,0.021,-1,Echolocation,/mnt/ubna_data_01_mir/recover-20220825/UBNA_002/20220823_033000.WAV,Telephone Field,recover-20220825,002,1795
920.2345,920.2726,68437,82623,Rhinolophus ferrumequinum,0.021,0.021,-1,Echolocation,/mnt/ubna_data_01_mir/recover-20220825/UBNA_002/20220823_033000.WAV,Telephone Field,recover-20220825,002,1795
920.2905,920.2977,28046,42070,Eptesicus serotinus,0.007,0.022,-1,Echolocation,/mnt/ubna_data_01_mir/recover-20220825/UBNA_002/20220823_033000.WAV,Telephone Field,recover-20220825,002,1795
920.3195,920.3378,21171,24810,Nyctalus leisleri,0.024,0.044,-1,Echolocation,/mnt/ubna_data_01_mir/recover-20220825/UBNA_002/20220823_033000.WAV,Telephone Field,recover-20220825,002,1795
920.3625,920.4022,68437,82452,Rhinolophus ferrumequinum,0.021,0.021,-1,Echolocation,/mnt/ubna_data_01_mir/recover-20220825/UBNA_002/20220823_033000.WAV,Telephone Field,recover-20220825,002,1795
920.4325,920.4705,68437,80846,Rhinolophus ferrumequinum,0.022,0.022,-1,Echolocation,/mnt/ubna_data_01_mir/recover-20220825/UBNA_002/20220823_033000.WAV,Telephone Field,recover-20220825,002,1795
920.4435,920.4842,68437,82262,Rhinolophus ferrumequinum,0.025,0.025,-1,Echolocation,/mnt/ubna_data_01_mir/recover-20220825/UBNA_002/20220823_033000.WAV,Telephone Field,recover-20220825,002,1795
920.4795,920.5194,68437,82510,Rhinolophus ferrumequinum,0.021,0.021,-1,Echolocation,/mnt/ubna_data_01_mir/recover-20220825/UBNA_002/20220823_033000.WAV,Telephone Field,recover-20220825,002,1795
920.5025,920.5454,68437,83149,Rhinolophus ferrumequinum,0.027,0.027,-1,Echolocation,/mnt/ubna_data_01_mir/recover-20220825/UBNA_002/20220823_033000.WAV,Telephone Field,recover-20220825,002,1795
920.5195,920.5584,68437,82780,Rhinolophus ferrumequinum,0.02,0.02,-1,Echolocation,/mnt/ubna_data_01_mir/recover-20220825/UBNA_002/20220823_033000.WAV,Telephone Field,recover-20220825,002,1795
920.5325,920.5713,68437,81871,Rhinolophus ferrumequinum,0.02,0.02,-1,Echolocation,/mnt/ubna_data_01_mir/recover-20220825/UBNA_002/20220823_033000.WAV,Telephone Field,recover-20220825,002,1795
920.5945,920.6297,68437,80757,Rhinolophus ferrumequinum,0.021,0.021,-1,Echolocation,/mnt/ubna_data_01_mir/recover-20220825/UBNA_002/20220823_033000.WAV,Telephone Field,recover-20220825,002,1795
920.6325,920.6727,68437,82906,Rhinolophus ferrumequinum,0.025,0.025,-1,Echolocation,/mnt/ubna_data_01_mir/recover-20220825/UBNA_002/20220823_033000.WAV,Telephone Field,recover-20220825,002,1795
920.7175,920.7545,68437,81915,Rhinolophus ferrumequinum,0.02,0.02,-1,Echolocation,/mnt/ubna_data_01_mir/recover-20220825/UBNA_002/20220823_033000.WAV,Telephone Field,recover-20220825,002,1795
920.7255,920.7618,68437,81799,Rhinolophus ferrumequinum,0.022,0.022,-1,Echolocation,/mnt/ubna_data_01_mir/recover-20220825/UBNA_002/20220823_033000.WAV,Telephone Field,recover-20220825,002,1795
920.7545,920.7634,24609,32744,Eptesicus serotinus,0.006,0.021,-1,Echolocation,/mnt/ubna_data_01_mir/recover-20220825/UBNA_002/20220823_033000.WAV,Telephone Field,recover-20220825,002,1795
920.7745,920.7942,19453,22162,Nyctalus leisleri,0.012,0.022,-1,Echolocation,/mnt/ubna_data_01_mir/recover-20220825/UBNA_002/20220823_033000.WAV,Telephone Field,recover-20220825,002,1795
920.8275,920.8364,28046,37174,Eptesicus serotinus,0.009,0.022,-1,Echolocation,/mnt/ubna_data_01_mir/recover-20220825/UBNA_002/20220823_033000.WAV,Telephone Field,recover-20220825,002,1795
920.8455,920.8541,27187,37541,Eptesicus serotinus,0.008,0.021,-1,Echolocation,/mnt/ubna_data_01_mir/recover-20220825/UBNA_002/20220823_033000.WAV,Telephone Field,recover-20220825,002,1795
920.8685,920.9116,68437,83560,Rhinolophus ferrumequinum,0.031,0.031,-1,Echolocation,/mnt/ubna_data_01_mir/recover-20220825/UBNA_002/20220823_033000.WAV,Telephone Field,recover-20220825,002,1795
920.8885,920.8975,25468,33637,Eptesicus serotinus,0.007,0.02,-1,Echolocation,/mnt/ubna_data_01_mir/recover-20220825/UBNA_002/20220823_033000.WAV,Telephone Field,recover-20220825,002,1795
920.9215,920.9614,68437,82424,Rhinolophus ferrumequinum,0.021,0.021,-1,Echolocation,/mnt/ubna_data_01_mir/recover-20220825/UBNA_002/20220823_033000.WAV,Telephone Field,recover-20220825,002,1795
920.9435,920.979,68437,81087,Rhinolophus ferrumequinum,0.021,0.021,-1,Echolocation,/mnt/ubna_data_01_mir/recover-20220825/UBNA_002/20220823_033000.WAV,Telephone Field,recover-20220825,002,1795
920.9615,920.9979,68437,82125,Rhinolophus ferrumequinum,0.025,0.025,-1,Echolocation,/mnt/ubna_data_01_mir/recover-20220825/UBNA_002/20220823_033000.WAV,Telephone Field,recover-20220825,002,1795
920.9635,920.9731,26328,34792,Eptesicus serotinus,0.009,0.021,-1,Echolocation,/mnt/ubna_data_01_mir/recover-20220825/UBNA_002/20220823_033000.WAV,Telephone Field,recover-20220825,002,1795
921.0075,921.0177,22031,26645,Nyctalus leisleri,0.01,0.02,-1,Echolocation,/mnt/ubna_data_01_mir/recover-20220825/UBNA_002/20220823_033000.WAV,Telephone Field,recover-20220825,002,1795
921.0185,921.0552,68437,81816,Rhinolophus ferrumequinum,0.02,0.021,-1,Echolocation,/mnt/ubna_data_01_mir/recover-20220825/UBNA_002/20220823_033000.WAV,Telephone Field,recover-20220825,002,1795
921.0425,921.078,68437,81357,Rhinolophus ferrumequinum,0.022,0.022,-1,Echolocation,/mnt/ubna_data_01_mir/recover-20220825/UBNA_002/20220823_033000.WAV,Telephone Field,recover-20220825,002,1795
921.0525,921.0635,38359,43171,Pipistrellus nathusii,0.046,0.101,-1,Echolocation,/mnt/ubna_data_01_mir/recover-20220825/UBNA_002/20220823_033000.WAV,Telephone Field,recover-20220825,002,1795
921.0545,921.0625,27187,39907,Eptesicus serotinus,0.007,0.02,-1,Echolocation,/mnt/ubna_data_01_mir/recover-20220825/UBNA_002/20220823_033000.WAV,Telephone Field,recover-20220825,002,1795
921.0735,921.1143,68437,82651,Rhinolophus ferrumequinum,0.022,0.022,-1,Echolocation,/mnt/ubna_data_01_mir/recover-20220825/UBNA_002/20220823_033000.WAV,Telephone Field,recover-20220825,002,1795
921.0975,921.1378,68437,82275,Rhinolophus ferrumequinum,0.021,0.021,-1,Echolocation,/mnt/ubna_data_01_mir/recover-20220825/UBNA_002/20220823_033000.WAV,Telephone Field,recover-20220825,002,1795
921.1545,921.1959,68437,82660,Rhinolophus ferrumequinum,0.028,0.028,-1,Echolocation,/mnt/ubna_data_01_mir/recover-20220825/UBNA_002/20220823_033000.WAV,Telephone Field,recover-20220825,002,1795
921.1585,921.1667,23750,31860,Plecotus austriacus,0.008,0.022,-1,Echolocation,/mnt/ubna_data_01_mir/recover-20220825/UBNA_002/20220823_033000.WAV,Telephone Field,recover-20220825,002,1795
921.1675,921.1778,26328,33682,Eptesicus serotinus,0.009,0.02,-1,Echolocation,/mnt/ubna_data_01_mir/recover-20220825/UBNA_002/20220823_033000.WAV,Telephone Field,recover-20220825,002,1795
921.1825,921.2183,68437,81886,Rhinolophus ferrumequinum,0.022,0.022,-1,Echolocation,/mnt/ubna_data_01_mir/recover-20220825/UBNA_002/20220823_033000.WAV,Telephone Field,recover-20220825,002,1795
921.2085,921.2455,68437,81203,Rhinolophus ferrumequinum,0.02,0.021,-1,Echolocation,/mnt/ubna_data_01_mir/recover-20220825/UBNA_002/20220823_033000.WAV,Telephone Field,recover-20220825,002,1795
921.2105,921.22,28046,39468,Eptesicus serotinus,0.009,0.022,-1,Echolocation,/mnt/ubna_data_01_mir/recover-20220825/UBNA_002/20220823_033000.WAV,Telephone Field,recover-20220825,002,1795
921.2295,921.2663,68437,81650,Rhinolophus ferrumequinum,0.02,0.021,-1,Echolocation,/mnt/ubna_data_01_mir/recover-20220825/UBNA_002/20220823_033000.WAV,Telephone Field,recover-20220825,002,1795
921.2545,921.291,68437,81937,Rhinolophus ferrumequinum,0.02,0.02,-1,Echolocation,/mnt/ubna_data_01_mir/recover-20220825/UBNA_002/20220823_033000.WAV,Telephone Field,recover-20220825,002,1795
921.2675,921.3032,68437,81880,Rhinolophus ferrumequinum,0.022,0.022,-1,Echolocation,/mnt/ubna_data_01_mir/recover-20220825/UBNA_002/20220823_033000.WAV,Telephone Field,recover-20220825,002,1795
921.3095,921.3467,68437,82305,Rhinolophus ferrumequinum,0.021,0.021,-1,Echolocation,/mnt/ubna_data_01_mir/recover-20220825/UBNA_002/20220823_033000.WAV,Telephone Field,recover-20220825,002,1795
921.3375,921.376,68437,82077,Rhinolophus ferrumequinum,0.025,0.025,-1,Echolocation,/mnt/ubna_data_01_mir/recover-20220825/UBNA_002/20220823_033000.WAV,Telephone Field,recover-20220825,002,1795
921.3445,921.3548,22890,28642,Nyctalus leisleri,0.011,0.026,-1,Echolocation,/mnt/ubna_data_01_mir/recover-20220825/UBNA_002/20220823_033000.WAV,Telephone Field,recover-20220825,002,1795
921.3855,921.424,68437,82373,Rhinolophus ferrumequinum,0.022,0.022,-1,Echolocation,/mnt/ubna_data_01_mir/recover-20220825/UBNA_002/20220823_033000.WAV,Telephone Field,recover-20220825,002,1795
921.4035,921.4423,68437,82190,Rhinolophus ferrumequinum,0.021,0.021,-1,Echolocation,/mnt/ubna_data_01_mir/recover-20220825/UBNA_002/20220823_033000.WAV,Telephone Field,recover-20220825,002,1795
921.4585,921.4702,28046,37333,Eptesicus serotinus,0.017,0.029,-1,Echolocation,/mnt/ubna_data_01_mir/recover-20220825/UBNA_002/20220823_033000.WAV,Telephone Field,recover-20220825,002,1795
921.5405,921.5813,68437,82489,Rhinolophus ferrumequinum,0.022,0.022,-1,Echolocation,/mnt/ubna_data_01_mir/recover-20220825/UBNA_002/20220823_033000.WAV,Telephone Field,recover-20220825,002,1795
921.5615,921.5776,21171,25476,Nyctalus leisleri,0.02,0.041,-1,Echolocation,/mnt/ubna_data_01_mir/recover-20220825/UBNA_002/20220823_033000.WAV,Telephone Field,recover-20220825,002,1795
921.5685,921.6066,68437,81944,Rhinolophus ferrumequinum,0.021,0.021,-1,Echolocation,/mnt/ubna_data_01_mir/recover-20220825/UBNA_002/20220823_033000.WAV,Telephone Field,recover-20220825,002,1795
921.5985000000001,921.6362,68437,81759,Rhinolophus ferrumequinum,0.021,0.021,-1,Echolocation,/mnt/ubna_data_01_mir/recover-20220825/UBNA_002/20220823_033000.WAV,Telephone Field,recover-20220825,002,1795
921.6035,921.6115,28046,39313,Eptesicus serotinus,0.008,0.024,-1,Echolocation,/mnt/ubna_data_01_mir/recover-20220825/UBNA_002/20220823_033000.WAV,Telephone Field,recover-20220825,002,1795
921.6135,921.6487,68437,82229,Rhinolophus ferrumequinum,0.02,0.02,-1,Echolocation,/mnt/ubna_data_01_mir/recover-20220825/UBNA_002/20220823_033000.WAV,Telephone Field,recover-20220825,002,1795
921.6395,921.6809,68437,82463,Rhinolophus ferrumequinum,0.022,0.022,-1,Echolocation,/mnt/ubna_data_01_mir/recover-20220825/UBNA_002/20220823_033000.WAV,Telephone Field,recover-20220825,002,1795
921.6805,921.6923,23750,29591,Nyctalus leisleri,0.013,0.029,-1,Echolocation,/mnt/ubna_data_01_mir/recover-20220825/UBNA_002/20220823_033000.WAV,Telephone Field,recover-20220825,002,1795
921.7045,921.7124,25468,34680,Eptesicus serotinus,0.008,0.022,-1,Echolocation,/mnt/ubna_data_01_mir/recover-20220825/UBNA_002/20220823_033000.WAV,Telephone Field,recover-20220825,002,1795
921.7455,921.7848,68437,83141,Rhinolophus ferrumequinum,0.022,0.022,-1,Echolocation,/mnt/ubna_data_01_mir/recover-20220825/UBNA_002/20220823_033000.WAV,Telephone Field,recover-20220825,002,1795
921.7535,921.7911,68437,82256,Rhinolophus ferrumequinum,0.022,0.022,-1,Echolocation,/mnt/ubna_data_01_mir/recover-20220825/UBNA_002/20220823_033000.WAV,Telephone Field,recover-20220825,002,1795
921.7845,921.8251,68437,82746,Rhinolophus ferrumequinum,0.022,0.022,-1,Echolocation,/mnt/ubna_data_01_mir/recover-20220825/UBNA_002/20220823_033000.WAV,Telephone Field,recover-20220825,002,1795
921.8285,921.8391,23750,30067,Nyctalus leisleri,0.009,0.025,-1,Echolocation,/mnt/ubna_data_01_mir/recover-20220825/UBNA_002/20220823_033000.WAV,Telephone Field,recover-20220825,002,1795
921.8525,921.8919,68437,82401,Rhinolophus ferrumequinum,0.022,0.022,-1,Echolocation,/mnt/ubna_data_01_mir/recover-20220825/UBNA_002/20220823_033000.WAV,Telephone Field,recover-20220825,002,1795
921.8755,921.8857,28906,36574,Eptesicus serotinus,0.01,0.022,-1,Echolocation,/mnt/ubna_data_01_mir/recover-20220825/UBNA_002/20220823_033000.WAV,Telephone Field,recover-20220825,002,1795
921.8765,921.9154,68437,81661,Rhinolophus ferrumequinum,0.023,0.023,-1,Echolocation,/mnt/ubna_data_01_mir/recover-20220825/UBNA_002/20220823_033000.WAV,Telephone Field,recover-20220825,002,1795
921.8865,921.9219,68437,80461,Rhinolophus ferrumequinum,0.021,0.022,-1,Echolocation,/mnt/ubna_data_01_mir/recover-20220825/UBNA_002/20220823_033000.WAV,Telephone Field,recover-20220825,002,1795
921.9195,921.9304,22890,28713,Nyctalus leisleri,0.01,0.023,-1,Echolocation,/mnt/ubna_data_01_mir/recover-20220825/UBNA_002/20220823_033000.WAV,Telephone Field,recover-20220825,002,1795
921.9425,921.9826,68437,82456,Rhinolophus ferrumequinum,0.026,0.026,-1,Echolocation,/mnt/ubna_data_01_mir/recover-20220825/UBNA_002/20220823_033000.WAV,Telephone Field,recover-20220825,002,1795
921.9475,921.9545,27187,40001,Eptesicus serotinus,0.012,0.038,-1,Echolocation,/mnt/ubna_data_01_mir/recover-20220825/UBNA_002/20220823_033000.WAV,Telephone Field,recover-20220825,002,1795
921.9805,921.9918,28046,35942,Eptesicus serotinus,0.013,0.025,-1,Echolocation,/mnt/ubna_data_01_mir/recover-20220825/UBNA_002/20220823_033000.WAV,Telephone Field,recover-20220825,002,1795
922.0015,922.0335,68437,80161,Rhinolophus ferrumequinum,0.057,0.057,-1,Echolocation,/mnt/ubna_data_01_mir/recover-20220825/UBNA_002/20220823_033000.WAV,Telephone Field,recover-20220825,002,1795
922.0015,922.0087,39218,48398,Myotis brandtii,0.008,0.024,-1,Echolocation,/mnt/ubna_data_01_mir/recover-20220825/UBNA_002/20220823_033000.WAV,Telephone Field,recover-20220825,002,1795
922.0015,922.0117,47812,52404,Pipistrellus pygmaeus,0.017,0.034,-1,Echolocation,/mnt/ubna_data_01_mir/recover-20220825/UBNA_002/20220823_033000.WAV,Telephone Field,recover-20220825,002,1795
922.0015,922.0097,33203,42275,Myotis brandtii,0.006,0.022,-1,Echolocation,/mnt/ubna_data_01_mir/recover-20220825/UBNA_002/20220823_033000.WAV,Telephone Field,recover-20220825,002,1795
922.0015,922.0101,22031,28458,Nyctalus leisleri,0.012,0.034,-1,Echolocation,/mnt/ubna_data_01_mir/recover-20220825/UBNA_002/20220823_033000.WAV,Telephone Field,recover-20220825,002,1795
922.0275,922.0359,40937,49691,Pipistrellus nathusii,0.013,0.025,-1,Echolocation,/mnt/ubna_data_01_mir/recover-20220825/UBNA_002/20220823_033000.WAV,Telephone Field,recover-20220825,002,1795
922.0615,922.0677,36640,51220,Myotis brandtii,0.01,0.022,-1,Echolocation,/mnt/ubna_data_01_mir/recover-20220825/UBNA_002/20220823_033000.WAV,Telephone Field,recover-20220825,002,1795
922.0635,922.0707,41796,52793,Myotis brandtii,0.008,0.022,-1,Echolocation,/mnt/ubna_data_01_mir/recover-20220825/UBNA_002/20220823_033000.WAV,Telephone Field,recover-20220825,002,1795
922.0745,922.1151,68437,82892,Rhinolophus ferrumequinum,0.026,0.026,-1,Echolocation,/mnt/ubna_data_01_mir/recover-20220825/UBNA_002/20220823_033000.WAV,Telephone Field,recover-20220825,002,1795
922.0875,922.1244,68437,81940,Rhinolophus ferrumequinum,0.023,0.023,-1,Echolocation,/mnt/ubna_data_01_mir/recover-20220825/UBNA_002/20220823_033000.WAV,Telephone Field,recover-20220825,002,1795
922.0875,922.0961,40937,46590,Pipistrellus nathusii,0.018,0.03,-1,Echolocation,/mnt/ubna_data_01_mir/recover-20220825/UBNA_002/20220823_033000.WAV,Telephone Field,recover-20220825,002,1795
922.1345,922.1415,40937,49062,Pipistrellus nathusii,0.084,0.119,-1,Echolocation,/mnt/ubna_data_01_mir/recover-20220825/UBNA_002/20220823_033000.WAV,Telephone Field,recover-20220825,002,1795
922.1455,922.1534,56406,64195,Pipistrellus pygmaeus,0.028,0.028,-1,Echolocation,/mnt/ubna_data_01_mir/recover-20220825/UBNA_002/20220823_033000.WAV,Telephone Field,recover-20220825,002,1795
922.1635,922.17,29765,41832,Barbastellus barbastellus,0.012,0.031,-1,Echolocation,/mnt/ubna_data_01_mir/recover-20220825/UBNA_002/20220823_033000.WAV,Telephone Field,recover-20220825,002,1795
922.1745,922.183,38359,44151,Pipistrellus nathusii,0.04,0.063,-1,Echolocation,/mnt/ubna_data_01_mir/recover-20220825/UBNA_002/20220823_033000.WAV,Telephone Field,recover-20220825,002,1795
922.2075,922.2169,34921,41665,Pipistrellus nathusii,0.008,0.025,-1,Echolocation,/mnt/ubna_data_01_mir/recover-20220825/UBNA_002/20220823_033000.WAV,Telephone Field,recover-20220825,002,1795
922.2145,922.2234,42656,53120,Pipistrellus nathusii,0.016,0.03,-1,Echolocation,/mnt/ubna_data_01_mir/recover-20220825/UBNA_002/20220823_033000.WAV,Telephone Field,recover-20220825,002,1795
922.2375,922.2464,40078,49414,Pipistrellus nathusii,0.013,0.028,-1,Echolocation,/mnt/ubna_data_01_mir/recover-20220825/UBNA_002/20220823_033000.WAV,Telephone Field,recover-20220825,002,1795
922.2425,922.251,26328,36905,Eptesicus serotinus,0.009,0.025,-1,Echolocation,/mnt/ubna_data_01_mir/recover-20220825/UBNA_002/20220823_033000.WAV,Telephone Field,recover-20220825,002,1795
922.3065,922.3138,27187,37530,Eptesicus serotinus,0.009,0.026,-1,Echolocation,/mnt/ubna_data_01_mir/recover-20220825/UBNA_002/20220823_033000.WAV,Telephone Field,recover-20220825,002,1795
922.3245,922.3334,40078,47390,Pipistrellus nathusii,0.078,0.114,-1,Echolocation,/mnt/ubna_data_01_mir/recover-20220825/UBNA_002/20220823_033000.WAV,Telephone Field,recover-20220825,002,1795
922.3325,922.3388,25468,35391,Eptesicus serotinus,0.005,0.022,-1,Echolocation,/mnt/ubna_data_01_mir/recover-20220825/UBNA_002/20220823_033000.WAV,Telephone Field,recover-20220825,002,1795
922.3715,922.3798,27187,37255,Eptesicus serotinus,0.009,0.026,-1,Echolocation,/mnt/ubna_data_01_mir/recover-20220825/UBNA_002/20220823_033000.WAV,Telephone Field,recover-20220825,002,1795
922.3815,922.3948,26328,32434,Eptesicus serotinus,0.03,0.048,-1,Echolocation,/mnt/ubna_data_01_mir/recover-20220825/UBNA_002/20220823_033000.WAV,Telephone Field,recover-20220825,002,1795
922.3855,922.3953,40937,45358,Pipistrellus nathusii,0.084,0.101,-1,Echolocation,/mnt/ubna_data_01_mir/recover-20220825/UBNA_002/20220823_033000.WAV,Telephone Field,recover-20220825,002,1795
922.3895,922.3978,56406,64147,Pipistrellus pygmaeus,0.026,0.026,-1,Echolocation,/mnt/ubna_data_01_mir/recover-20220825/UBNA_002/20220823_033000.WAV,Telephone Field,recover-20220825,002,1795
922.4095,922.4477,68437,81683,Rhinolophus ferrumequinum,0.022,0.022,-1,Echolocation,/mnt/ubna_data_01_mir/recover-20220825/UBNA_002/20220823_033000.WAV,Telephone Field,recover-20220825,002,1795
922.4105,922.4179,29765,39761,Barbastellus barbastellus,0.028,0.048,-1,Echolocation,/mnt/ubna_data_01_mir/recover-20220825/UBNA_002/20220823_033000.WAV,Telephone Field,recover-20220825,002,1795
922.4465,922.4525,38359,47685,Pipistrellus nathusii,0.192,0.375,-1,Echolocation,/mnt/ubna_data_01_mir/recover-20220825/UBNA_002/20220823_033000.WAV,Telephone Field,recover-20220825,002,1795
922.4715,922.512,68437,82420,Rhinolophus ferrumequinum,0.022,0.022,-1,Echolocation,/mnt/ubna_data_01_mir/recover-20220825/UBNA_002/20220823_033000.WAV,Telephone Field,recover-20220825,002,1795
922.5045,922.5101,38359,47742,Pipistrellus nathusii,0.123,0.284,-1,Echolocation,/mnt/ubna_data_01_mir/recover-20220825/UBNA_002/20220823_033000.WAV,Telephone Field,recover-20220825,002,1795
922.5735,922.5801,40078,48653,Pipistrellus nathusii,0.148,0.289,-1,Echolocation,/mnt/ubna_data_01_mir/recover-20220825/UBNA_002/20220823_033000.WAV,Telephone Field,recover-20220825,002,1795
922.6325,922.6388,40078,53213,Pipistrellus nathusii,0.175,0.383,-1,Echolocation,/mnt/ubna_data_01_mir/recover-20220825/UBNA_002/20220823_033000.WAV,Telephone Field,recover-20220825,002,1795
922.6865,922.6916,37500,50306,Pipistrellus nathusii,0.116,0.296,-1,Echolocation,/mnt/ubna_data_01_mir/recover-20220825/UBNA_002/20220823_033000.WAV,Telephone Field,recover-20220825,002,1795
922.6985,922.7074,27187,32687,Eptesicus serotinus,0.012,0.033,-1,Echolocation,/mnt/ubna_data_01_mir/recover-20220825/UBNA_002/20220823_033000.WAV,Telephone Field,recover-20220825,002,1795
922.7055,922.7117,56406,65920,Pipistrellus pygmaeus,0.021,0.022,-1,Echolocation,/mnt/ubna_data_01_mir/recover-20220825/UBNA_002/20220823_033000.WAV,Telephone Field,recover-20220825,002,1795
922.7385,922.7439,37500,51152,Myotis brandtii,0.072,0.221,-1,Echolocation,/mnt/ubna_data_01_mir/recover-20220825/UBNA_002/20220823_033000.WAV,Telephone Field,recover-20220825,002,1795
922.7735,922.7812,50390,54933,Pipistrellus pipistrellus,0.024,0.036,-1,Echolocation,/mnt/ubna_data_01_mir/recover-20220825/UBNA_002/20220823_033000.WAV,Telephone Field,recover-20220825,002,1795
922.7745,922.7828,27187,34011,Eptesicus serotinus,0.007,0.022,-1,Echolocation,/mnt/ubna_data_01_mir/recover-20220825/UBNA_002/20220823_033000.WAV,Telephone Field,recover-20220825,002,1795
922.7764999999999,922.7822,36640,59127,Myotis brandtii,0.014,0.022,-1,Echolocation,/mnt/ubna_data_01_mir/recover-20220825/UBNA_002/20220823_033000.WAV,Telephone Field,recover-20220825,002,1795
922.7915,922.8285,68437,82514,Rhinolophus ferrumequinum,0.023,0.023,-1,Echolocation,/mnt/ubna_data_01_mir/recover-20220825/UBNA_002/20220823_033000.WAV,Telephone Field,recover-20220825,002,1795
922.7985,922.8056,40078,50431,Pipistrellus nathusii,0.268,0.456,-1,Echolocation,/mnt/ubna_data_01_mir/recover-20220825/UBNA_002/20220823_033000.WAV,Telephone Field,recover-20220825,002,1795
922.8375,922.8815,68437,83515,Rhinolophus ferrumequinum,0.026,0.026,-1,Echolocation,/mnt/ubna_data_01_mir/recover-20220825/UBNA_002/20220823_033000.WAV,Telephone Field,recover-20220825,002,1795
922.8385,922.8448,37500,51848,Myotis brandtii,0.01,0.022,-1,Echolocation,/mnt/ubna_data_01_mir/recover-20220825/UBNA_002/20220823_033000.WAV,Telephone Field,recover-20220825,002,1795
922.8485000000001,922.8554,27187,37314,Eptesicus serotinus,0.007,0.022,-1,Echolocation,/mnt/ubna_data_01_mir/recover-20220825/UBNA_002/20220823_033000.WAV,Telephone Field,recover-20220825,002,1795
922.8665,922.8735,40078,51095,Pipistrellus nathusii,0.313,0.533,-1,Echolocation,/mnt/ubna_data_01_mir/recover-20220825/UBNA_002/20220823_033000.WAV,Telephone Field,recover-20220825,002,1795
922.8975,922.9068,42656,49415,Pipistrellus nathusii,0.023,0.032,-1,Echolocation,/mnt/ubna_data_01_mir/recover-20220825/UBNA_002/20220823_033000.WAV,Telephone Field,recover-20220825,002,1795
922.8985,922.9382,68437,82208,Rhinolophus ferrumequinum,0.022,0.022,-1,Echolocation,/mnt/ubna_data_01_mir/recover-20220825/UBNA_002/20220823_033000.WAV,Telephone Field,recover-20220825,002,1795
922.9325,922.9392,37500,49481,Pipistrellus nathusii,0.172,0.36,-1,Echolocation,/mnt/ubna_data_01_mir/recover-20220825/UBNA_002/20220823_033000.WAV,Telephone Field,recover-20220825,002,1795
922.9945,923.0001,38359,53847,Pipistrellus nathusii,0.255,0.497,-1,Echolocation,/mnt/ubna_data_01_mir/recover-20220825/UBNA_002/20220823_033000.WAV,Telephone Field,recover-20220825,002,1795
923.0315,923.0731,68437,82414,Rhinolophus ferrumequinum,0.022,0.022,-1,Echolocation,/mnt/ubna_data_01_mir/recover-20220825/UBNA_002/20220823_033000.WAV,Telephone Field,recover-20220825,002,1795
923.0325,923.039,28906,42098,Myotis daubentonii,0.011,0.029,-1,Echolocation,/mnt/ubna_data_01_mir/recover-20220825/UBNA_002/20220823_033000.WAV,Telephone Field,recover-20220825,002,1795
923.0365,923.0764,68437,82597,Rhinolophus ferrumequinum,0.022,0.022,-1,Echolocation,/mnt/ubna_data_01_mir/recover-20220825/UBNA_002/20220823_033000.WAV,Telephone Field,recover-20220825,002,1795
923.0455,923.0852,68437,82373,Rhinolophus ferrumequinum,0.022,0.022,-1,Echolocation,/mnt/ubna_data_01_mir/recover-20220825/UBNA_002/20220823_033000.WAV,Telephone Field,recover-20220825,002,1795
923.0615,923.069,50390,56859,Pipistrellus pipistrellus,0.018,0.028,-1,Echolocation,/mnt/ubna_data_01_mir/recover-20220825/UBNA_002/20220823_033000.WAV,Telephone Field,recover-20220825,002,1795
923.0685,923.0739,38359,50224,Pipistrellus nathusii,0.263,0.389,-1,Echolocation,/mnt/ubna_data_01_mir/recover-20220825/UBNA_002/20220823_033000.WAV,Telephone Field,recover-20220825,002,1795
923.1325,923.1423,39218,43792,Pipistrellus nathusii,0.02,0.029,-1,Echolocation,/mnt/ubna_data_01_mir/recover-20220825/UBNA_002/20220823_033000.WAV,Telephone Field,recover-20220825,002,1795
923.1505,923.1554,38359,51440,Pipistrellus nathusii,0.294,0.419,-1,Echolocation,/mnt/ubna_data_01_mir/recover-20220825/UBNA_002/20220823_033000.WAV,Telephone Field,recover-20220825,002,1795
923.1945,923.2354,68437,82339,Rhinolophus ferrumequinum,0.022,0.022,-1,Echolocation,/mnt/ubna_data_01_mir/recover-20220825/UBNA_002/20220823_033000.WAV,Telephone Field,recover-20220825,002,1795
923.2105,923.2495,68437,81989,Rhinolophus ferrumequinum,0.022,0.022,-1,Echolocation,/mnt/ubna_data_01_mir/recover-20220825/UBNA_002/20220823_033000.WAV,Telephone Field,recover-20220825,002,1795
923.2105,923.2183,34062,40718,Barbastellus barbastellus,0.01,0.023,-1,Echolocation,/mnt/ubna_data_01_mir/recover-20220825/UBNA_002/20220823_033000.WAV,Telephone Field,recover-20220825,002,1795
923.2245,923.2312,39218,51184,Pipistrellus nathusii,0.152,0.383,-1,Echolocation,/mnt/ubna_data_01_mir/recover-20220825/UBNA_002/20220823_033000.WAV,Telephone Field,recover-20220825,002,1795
923.2745,923.282,37500,45245,Myotis brandtii,0.006,0.022,-1,Echolocation,/mnt/ubna_data_01_mir/recover-20220825/UBNA_002/20220823_033000.WAV,Telephone Field,recover-20220825,002,1795
923.2895,923.2955,40078,54753,Pipistrellus nathusii,0.128,0.36,-1,Echolocation,/mnt/ubna_data_01_mir/recover-20220825/UBNA_002/20220823_033000.WAV,Telephone Field,recover-20220825,002,1795
923.3035,923.31,31484,39487,Barbastellus barbastellus,0.011,0.026,-1,Echolocation,/mnt/ubna_data_01_mir/recover-20220825/UBNA_002/20220823_033000.WAV,Telephone Field,recover-20220825,002,1795
923.3045,923.3107,27187,36362,Myotis daubentonii,0.007,0.025,-1,Echolocation,/mnt/ubna_data_01_mir/recover-20220825/UBNA_002/20220823_033000.WAV,Telephone Field,recover-20220825,002,1795
923.3125,923.3482,68437,81584,Rhinolophus ferrumequinum,0.022,0.022,-1,Echolocation,/mnt/ubna_data_01_mir/recover-20220825/UBNA_002/20220823_033000.WAV,Telephone Field,recover-20220825,002,1795
923.3285,923.3378,34062,39889,Pipistrellus nathusii,0.009,0.026,-1,Echolocation,/mnt/ubna_data_01_mir/recover-20220825/UBNA_002/20220823_033000.WAV,Telephone Field,recover-20220825,002,1795
923.3545,923.3605,40078,51728,Pipistrellus nathusii,0.286,0.496,-1,Echolocation,/mnt/ubna_data_01_mir/recover-20220825/UBNA_002/20220823_033000.WAV,Telephone Field,recover-20220825,002,1795
923.4085,923.4439,68437,81142,Rhinolophus ferrumequinum,0.023,0.023,-1,Echolocation,/mnt/ubna_data_01_mir/recover-20220825/UBNA_002/20220823_033000.WAV,Telephone Field,recover-20220825,002,1795
923.4125,923.4194,28046,41362,Myotis daubentonii,0.008,0.029,-1,Echolocation,/mnt/ubna_data_01_mir/recover-20220825/UBNA_002/20220823_033000.WAV,Telephone Field,recover-20220825,002,1795
923.4315,923.4385,54687,64388,Pipistrellus pygmaeus,0.028,0.03,-1,Echolocation,/mnt/ubna_data_01_mir/recover-20220825/UBNA_002/20220823_033000.WAV,Telephone Field,recover-20220825,002,1795
923.4665,923.475,25468,32218,Eptesicus serotinus,0.007,0.023,-1,Echolocation,/mnt/ubna_data_01_mir/recover-20220825/UBNA_002/20220823_033000.WAV,Telephone Field,recover-20220825,002,1795
923.4705,923.4806,41796,50006,Pipistrellus nathusii,0.145,0.172,-1,Echolocation,/mnt/ubna_data_01_mir/recover-20220825/UBNA_002/20220823_033000.WAV,Telephone Field,recover-20220825,002,1795
923.4925,923.4996,26328,34378,Eptesicus serotinus,0.006,0.023,-1,Echolocation,/mnt/ubna_data_01_mir/recover-20220825/UBNA_002/20220823_033000.WAV,Telephone Field,recover-20220825,002,1795
923.5225,923.5295,26328,36100,Eptesicus serotinus,0.007,0.023,-1,Echolocation,/mnt/ubna_data_01_mir/recover-20220825/UBNA_002/20220823_033000.WAV,Telephone Field,recover-20220825,002,1795
923.5375,923.5457,40937,50603,Pipistrellus nathusii,0.274,0.347,-1,Echolocation,/mnt/ubna_data_01_mir/recover-20220825/UBNA_002/20220823_033000.WAV,Telephone Field,recover-20220825,002,1795
923.5635,923.5723,43515,48698,Pipistrellus nathusii,0.113,0.13,-1,Echolocation,/mnt/ubna_data_01_mir/recover-20220825/UBNA_002/20220823_033000.WAV,Telephone Field,recover-20220825,002,1795
923.5645,923.5713,34921,48344,Myotis brandtii,0.012,0.032,-1,Echolocation,/mnt/ubna_data_01_mir/recover-20220825/UBNA_002/20220823_033000.WAV,Telephone Field,recover-20220825,002,1795
923.5655,923.5726,55546,62890,Pipistrellus pygmaeus,0.023,0.024,-1,Echolocation,/mnt/ubna_data_01_mir/recover-20220825/UBNA_002/20220823_033000.WAV,Telephone Field,recover-20220825,002,1795
923.5795,923.5882,26328,36301,Eptesicus serotinus,0.012,0.031,-1,Echolocation,/mnt/ubna_data_01_mir/recover-20220825/UBNA_002/20220823_033000.WAV,Telephone Field,recover-20220825,002,1795
923.5795,923.5866,39218,52162,Myotis brandtii,0.009,0.023,-1,Echolocation,/mnt/ubna_data_01_mir/recover-20220825/UBNA_002/20220823_033000.WAV,Telephone Field,recover-20220825,002,1795
923.5805,923.5878,34062,46424,Myotis brandtii,0.008,0.023,-1,Echolocation,/mnt/ubna_data_01_mir/recover-20220825/UBNA_002/20220823_033000.WAV,Telephone Field,recover-20220825,002,1795
923.6195,923.6259,37500,52948,Myotis brandtii,0.015,0.029,-1,Echolocation,/mnt/ubna_data_01_mir/recover-20220825/UBNA_002/20220823_033000.WAV,Telephone Field,recover-20220825,002,1795
923.6205,923.6282,25468,35820,Eptesicus serotinus,0.008,0.025,-1,Echolocation,/mnt/ubna_data_01_mir/recover-20220825/UBNA_002/20220823_033000.WAV,Telephone Field,recover-20220825,002,1795
923.6295,923.6377,27187,34522,Eptesicus serotinus,0.008,0.022,-1,Echolocation,/mnt/ubna_data_01_mir/recover-20220825/UBNA_002/20220823_033000.WAV,Telephone Field,recover-20220825,002,1795
923.6555,923.695,68437,82135,Rhinolophus ferrumequinum,0.023,0.023,-1,Echolocation,/mnt/ubna_data_01_mir/recover-20220825/UBNA_002/20220823_033000.WAV,Telephone Field,recover-20220825,002,1795
923.6595,923.668,40937,50620,Pipistrellus nathusii,0.21,0.283,-1,Echolocation,/mnt/ubna_data_01_mir/recover-20220825/UBNA_002/20220823_033000.WAV,Telephone Field,recover-20220825,002,1795
923.6785,923.6855,26328,37191,Eptesicus serotinus,0.006,0.022,-1,Echolocation,/mnt/ubna_data_01_mir/recover-20220825/UBNA_002/20220823_033000.WAV,Telephone Field,recover-20220825,002,1795
923.7185,923.7264,26328,33998,Eptesicus serotinus,0.01,0.028,-1,Echolocation,/mnt/ubna_data_01_mir/recover-20220825/UBNA_002/20220823_033000.WAV,Telephone Field,recover-20220825,002,1795
923.7195,923.7254,34921,50549,Myotis brandtii,0.012,0.023,-1,Echolocation,/mnt/ubna_data_01_mir/recover-20220825/UBNA_002/20220823_033000.WAV,Telephone Field,recover-20220825,002,1795
923.7565,923.7637,40937,51503,Pipistrellus nathusii,0.418,0.511,-1,Echolocation,/mnt/ubna_data_01_mir/recover-20220825/UBNA_002/20220823_033000.WAV,Telephone Field,recover-20220825,002,1795
923.7875,923.7949,43515,51470,Pipistrellus nathusii,0.025,0.034,-1,Echolocation,/mnt/ubna_data_01_mir/recover-20220825/UBNA_002/20220823_033000.WAV,Telephone Field,recover-20220825,002,1795
923.7885,923.7944,32343,53547,Myotis brandtii,0.016,0.03,-1,Echolocation,/mnt/ubna_data_01_mir/recover-20220825/UBNA_002/20220823_033000.WAV,Telephone Field,recover-20220825,002,1795
923.7885,923.8296,68437,82719,Rhinolophus ferrumequinum,0.029,0.029,-1,Echolocation,/mnt/ubna_data_01_mir/recover-20220825/UBNA_002/20220823_033000.WAV,Telephone Field,recover-20220825,002,1795
923.8085,923.8146,36640,47214,Myotis brandtii,0.01,0.029,-1,Echolocation,/mnt/ubna_data_01_mir/recover-20220825/UBNA_002/20220823_033000.WAV,Telephone Field,recover-20220825,002,1795
923.8205,923.8292,41796,47816,Pipistrellus nathusii,0.103,0.137,-1,Echolocation,/mnt/ubna_data_01_mir/recover-20220825/UBNA_002/20220823_033000.WAV,Telephone Field,recover-20220825,002,1795
923.8235,923.8314,25468,35118,Eptesicus serotinus,0.009,0.027,-1,Echolocation,/mnt/ubna_data_01_mir/recover-20220825/UBNA_002/20220823_033000.WAV,Telephone Field,recover-20220825,002,1795
923.8535,923.8609,41796,52436,Pipistrellus nathusii,0.241,0.302,-1,Echolocation,/mnt/ubna_data_01_mir/recover-20220825/UBNA_002/20220823_033000.WAV,Telephone Field,recover-20220825,002,1795
923.9205,923.9296,42656,53125,Pipistrellus nathusii,0.027,0.042,-1,Echolocation,/mnt/ubna_data_01_mir/recover-20220825/UBNA_002/20220823_033000.WAV,Telephone Field,recover-20220825,002,1795
923.9225,923.9292,31484,42021,Barbastellus barbastellus,0.019,0.036,-1,Echolocation,/mnt/ubna_data_01_mir/recover-20220825/UBNA_002/20220823_033000.WAV,Telephone Field,recover-20220825,002,1795
923.9405,923.9469,39218,54152,Pipistrellus nathusii,0.038,0.094,-1,Echolocation,/mnt/ubna_data_01_mir/recover-20220825/UBNA_002/20220823_033000.WAV,Telephone Field,recover-20220825,002,1795
923.9735000000001,923.9795,37500,50459,Myotis brandtii,0.038,0.114,-1,Echolocation,/mnt/ubna_data_01_mir/recover-20220825/UBNA_002/20220823_033000.WAV,Telephone Field,recover-20220825,002,1795
923.9905,923.9977,26328,36191,Eptesicus serotinus,0.006,0.022,-1,Echolocation,/mnt/ubna_data_01_mir/recover-20220825/UBNA_002/20220823_033000.WAV,Telephone Field,recover-20220825,002,1795
924.0015,924.0342,68437,79787,Rhinolophus ferrumequinum,0.024,0.024,-1,Echolocation,/mnt/ubna_data_01_mir/recover-20220825/UBNA_002/20220823_033000.WAV,Telephone Field,recover-20220825,002,1795
924.0015,924.0109,23750,30025,Nyctalus leisleri,0.013,0.031,-1,Echolocation,/mnt/ubna_data_01_mir/recover-20220825/UBNA_002/20220823_033000.WAV,Telephone Field,recover-20220825,002,1795
924.0015,924.0101,46953,54084,Pipistrellus pipistrellus,0.019,0.03,-1,Echolocation,/mnt/ubna_data_01_mir/recover-20220825/UBNA_002/20220823_033000.WAV,Telephone Field,recover-20220825,002,1795
924.0075,924.0492,68437,82104,Rhinolophus ferrumequinum,0.022,0.022,-1,Echolocation,/mnt/ubna_data_01_mir/recover-20220825/UBNA_002/20220823_033000.WAV,Telephone Field,recover-20220825,002,1795
924.0145,924.0237,28046,35479,Eptesicus serotinus,0.009,0.022,-1,Echolocation,/mnt/ubna_data_01_mir/recover-20220825/UBNA_002/20220823_033000.WAV,Telephone Field,recover-20220825,002,1795
924.0264999999999,924.039,42656,48107,Pipistrellus nathusii,0.231,0.276,-1,Echolocation,/mnt/ubna_data_01_mir/recover-20220825/UBNA_002/20220823_033000.WAV,Telephone Field,recover-20220825,002,1795
924.0285,924.0339,30625,47474,Myotis daubentonii,0.016,0.034,-1,Echolocation,/mnt/ubna_data_01_mir/recover-20220825/UBNA_002/20220823_033000.WAV,Telephone Field,recover-20220825,002,1795
924.0635,924.0724,28046,37177,Eptesicus serotinus,0.009,0.021,-1,Echolocation,/mnt/ubna_data_01_mir/recover-20220825/UBNA_002/20220823_033000.WAV,Telephone Field,recover-20220825,002,1795
924.0905,924.1001,45234,49522,Pipistrellus pipistrellus,0.042,0.047,-1,Echolocation,/mnt/ubna_data_01_mir/recover-20220825/UBNA_002/20220823_033000.WAV,Telephone Field,recover-20220825,002,1795
924.1065,924.1136,28046,40077,Eptesicus serotinus,0.009,0.028,-1,Echolocation,/mnt/ubna_data_01_mir/recover-20220825/UBNA_002/20220823_033000.WAV,Telephone Field,recover-20220825,002,1795
924.1075,924.1136,34062,44417,Myotis daubentonii,0.011,0.027,-1,Echolocation,/mnt/ubna_data_01_mir/recover-20220825/UBNA_002/20220823_033000.WAV,Telephone Field,recover-20220825,002,1795
924.1195,924.1287,42656,47989,Pipistrellus nathusii,0.24,0.336,-1,Echolocation,/mnt/ubna_data_01_mir/recover-20220825/UBNA_002/20220823_033000.WAV,Telephone Field,recover-20220825,002,1795
924.1535,924.1618,48671,52351,Pipistrellus pipistrellus,0.054,0.059,-1,Echolocation,/mnt/ubna_data_01_mir/recover-20220825/UBNA_002/20220823_033000.WAV,Telephone Field,recover-20220825,002,1795
924.1585,924.1664,28046,39337,Eptesicus serotinus,0.008,0.024,-1,Echolocation,/mnt/ubna_data_01_mir/recover-20220825/UBNA_002/20220823_033000.WAV,Telephone Field,recover-20220825,002,1795
924.1875,924.1938,37500,47871,Myotis daubentonii,0.011,0.023,-1,Echolocation,/mnt/ubna_data_01_mir/recover-20220825/UBNA_002/20220823_033000.WAV,Telephone Field,recover-20220825,002,1795
924.1905,924.1974,27187,39547,Eptesicus serotinus,0.006,0.023,-1,Echolocation,/mnt/ubna_data_01_mir/recover-20220825/UBNA_002/20220823_033000.WAV,Telephone Field,recover-20220825,002,1795
924.2105,924.2176,27187,38635,Eptesicus serotinus,0.006,0.023,-1,Echolocation,/mnt/ubna_data_01_mir/recover-20220825/UBNA_002/20220823_033000.WAV,Telephone Field,recover-20220825,002,1795
924.2105,924.2216,43515,46609,Pipistrellus pipistrellus,0.06,0.118,-1,Echolocation,/mnt/ubna_data_01_mir/recover-20220825/UBNA_002/20220823_033000.WAV,Telephone Field,recover-20220825,002,1795
924.2625,924.2709,23750,30542,Plecotus austriacus,0.009,0.023,-1,Echolocation,/mnt/ubna_data_01_mir/recover-20220825/UBNA_002/20220823_033000.WAV,Telephone Field,recover-20220825,002,1795
924.3015,924.3118,42656,46133,Pipistrellus nathusii,0.063,0.109,-1,Echolocation,/mnt/ubna_data_01_mir/recover-20220825/UBNA_002/20220823_033000.WAV,Telephone Field,recover-20220825,002,1795
924.3135,924.3238,24609,30865,Eptesicus serotinus,0.008,0.022,-1,Echolocation,/mnt/ubna_data_01_mir/recover-20220825/UBNA_002/20220823_033000.WAV,Telephone Field,recover-20220825,002,1795
924.3235,924.3656,68437,82874,Rhinolophus ferrumequinum,0.023,0.023,-1,Echolocation,/mnt/ubna_data_01_mir/recover-20220825/UBNA_002/20220823_033000.WAV,Telephone Field,recover-20220825,002,1795
924.3435,924.351,28046,38967,Eptesicus serotinus,0.007,0.022,-1,Echolocation,/mnt/ubna_data_01_mir/recover-20220825/UBNA_002/20220823_033000.WAV,Telephone Field,recover-20220825,002,1795
924.3445,924.3541,22890,29570,Plecotus austriacus,0.007,0.024,-1,Echolocation,/mnt/ubna_data_01_mir/recover-20220825/UBNA_002/20220823_033000.WAV,Telephone Field,recover-20220825,002,1795
924.3505,924.3567,48671,58217,Pipistrellus pipistrellus,0.022,0.027,-1,Echolocation,/mnt/ubna_data_01_mir/recover-20220825/UBNA_002/20220823_033000.WAV,Telephone Field,recover-20220825,002,1795
924.3515,924.3568,36640,64359,Myotis brandtii,0.011,0.025,-1,Echolocation,/mnt/ubna_data_01_mir/recover-20220825/UBNA_002/20220823_033000.WAV,Telephone Field,recover-20220825,002,1795
924.3875,924.3951,40937,47097,Myotis daubentonii,0.041,0.123,-1,Echolocation,/mnt/ubna_data_01_mir/recover-20220825/UBNA_002/20220823_033000.WAV,Telephone Field,recover-20220825,002,1795
924.3905,924.3971,29765,46411,Myotis daubentonii,0.012,0.027,-1,Echolocation,/mnt/ubna_data_01_mir/recover-20220825/UBNA_002/20220823_033000.WAV,Telephone Field,recover-20220825,002,1795
924.4765,924.5149,68437,82083,Rhinolophus ferrumequinum,0.024,0.024,-1,Echolocation,/mnt/ubna_data_01_mir/recover-20220825/UBNA_002/20220823_033000.WAV,Telephone Field,recover-20220825,002,1795
924.4825,924.4896,41796,49256,Pipistrellus nathusii,0.296,0.48,-1,Echolocation,/mnt/ubna_data_01_mir/recover-20220825/UBNA_002/20220823_033000.WAV,Telephone Field,recover-20220825,002,1795
924.4835,924.491,26328,38290,Eptesicus serotinus,0.006,0.022,-1,Echolocation,/mnt/ubna_data_01_mir/recover-20220825/UBNA_002/20220823_033000.WAV,Telephone Field,recover-20220825,002,1795
924.5245,924.5332,23750,31053,Plecotus austriacus,0.007,0.021,-1,Echolocation,/mnt/ubna_data_01_mir/recover-20220825/UBNA_002/20220823_033000.WAV,Telephone Field,recover-20220825,002,1795
924.5525,924.5604,34062,42193,Barbastellus barbastellus,0.015,0.047,-1,Echolocation,/mnt/ubna_data_01_mir/recover-20220825/UBNA_002/20220823_033000.WAV,Telephone Field,recover-20220825,002,1795
924.5825,924.5908,28046,36872,Eptesicus serotinus,0.012,0.029,-1,Echolocation,/mnt/ubna_data_01_mir/recover-20220825/UBNA_002/20220823_033000.WAV,Telephone Field,recover-20220825,002,1795
924.5945,924.6051,44375,48045,Pipistrellus pipistrellus,0.083,0.109,-1,Echolocation,/mnt/ubna_data_01_mir/recover-20220825/UBNA_002/20220823_033000.WAV,Telephone Field,recover-20220825,002,1795
924.5965,924.6049,27187,37793,Eptesicus serotinus,0.01,0.027,-1,Echolocation,/mnt/ubna_data_01_mir/recover-20220825/UBNA_002/20220823_033000.WAV,Telephone Field,recover-20220825,002,1795
924.6105,924.6491,68437,82035,Rhinolophus ferrumequinum,0.022,0.022,-1,Echolocation,/mnt/ubna_data_01_mir/recover-20220825/UBNA_002/20220823_033000.WAV,Telephone Field,recover-20220825,002,1795
924.6355,924.6442,27187,37202,Eptesicus serotinus,0.009,0.026,-1,Echolocation,/mnt/ubna_data_01_mir/recover-20220825/UBNA_002/20220823_033000.WAV,Telephone Field,recover-20220825,002,1795
924.6555,924.6735,16015,19198,Nyctalus noctula,0.021,0.032,-1,Echolocation,/mnt/ubna_data_01_mir/recover-20220825/UBNA_002/20220823_033000.WAV,Telephone Field,recover-20220825,002,1795
924.6835,924.7258,68437,82943,Rhinolophus ferrumequinum,0.032,0.033,-1,Echolocation,/mnt/ubna_data_01_mir/recover-20220825/UBNA_002/20220823_033000.WAV,Telephone Field,recover-20220825,002,1795
924.6915,924.6984,28046,40589,Eptesicus serotinus,0.007,0.029,-1,Echolocation,/mnt/ubna_data_01_mir/recover-20220825/UBNA_002/20220823_033000.WAV,Telephone Field,recover-20220825,002,1795
924.7405,924.7812,68437,83219,Rhinolophus ferrumequinum,0.024,0.024,-1,Echolocation,/mnt/ubna_data_01_mir/recover-20220825/UBNA_002/20220823_033000.WAV,Telephone Field,recover-20220825,002,1795
924.7615,924.7671,32343,45492,Myotis daubentonii,0.014,0.024,-1,Echolocation,/mnt/ubna_data_01_mir/recover-20220825/UBNA_002/20220823_033000.WAV,Telephone Field,recover-20220825,002,1795
924.8005,924.8104,28046,35553,Eptesicus serotinus,0.012,0.025,-1,Echolocation,/mnt/ubna_data_01_mir/recover-20220825/UBNA_002/20220823_033000.WAV,Telephone Field,recover-20220825,002,1795
924.8525,924.8669,26328,30950,Eptesicus serotinus,0.03,0.074,-1,Echolocation,/mnt/ubna_data_01_mir/recover-20220825/UBNA_002/20220823_033000.WAV,Telephone Field,recover-20220825,002,1795
924.8885,924.8993,23750,29334,Nyctalus leisleri,0.009,0.022,-1,Echolocation,/mnt/ubna_data_01_mir/recover-20220825/UBNA_002/20220823_033000.WAV,Telephone Field,recover-20220825,002,1795
924.8975,924.9074,28046,36287,Eptesicus serotinus,0.011,0.025,-1,Echolocation,/mnt/ubna_data_01_mir/recover-20220825/UBNA_002/20220823_033000.WAV,Telephone Field,recover-20220825,002,1795
924.9415,924.9838,68437,82749,Rhinolophus ferrumequinum,0.021,0.022,-1,Echolocation,/mnt/ubna_data_01_mir/recover-20220825/UBNA_002/20220823_033000.WAV,Telephone Field,recover-20220825,002,1795
924.9425,924.9485999999999,27187,40574,Eptesicus serotinus,0.006,0.027,-1,Echolocation,/mnt/ubna_data_01_mir/recover-20220825/UBNA_002/20220823_033000.WAV,Telephone Field,recover-20220825,002,1795
924.9575,924.968,23750,28594,Nyctalus leisleri,0.01,0.021,-1,Echolocation,/mnt/ubna_data_01_mir/recover-20220825/UBNA_002/20220823_033000.WAV,Telephone Field,recover-20220825,002,1795
924.9645,925.004,68437,82114,Rhinolophus ferrumequinum,0.021,0.021,-1,Echolocation,/mnt/ubna_data_01_mir/recover-20220825/UBNA_002/20220823_033000.WAV,Telephone Field,recover-20220825,002,1795
924.9665,924.9772,23750,29050,Nyctalus leisleri,0.01,0.022,-1,Echolocation,/mnt/ubna_data_01_mir/recover-20220825/UBNA_002/20220823_033000.WAV,Telephone Field,recover-20220825,002,1795
924.9895,924.9994,27187,35780,Eptesicus serotinus,0.009,0.022,-1,Echolocation,/mnt/ubna_data_01_mir/recover-20220825/UBNA_002/20220823_033000.WAV,Telephone Field,recover-20220825,002,1795
925.0535,925.0882,68437,80904,Rhinolophus ferrumequinum,0.022,0.022,-1,Echolocation,/mnt/ubna_data_01_mir/recover-20220825/UBNA_002/20220823_033000.WAV,Telephone Field,recover-20220825,002,1795
925.0835,925.0919,26328,35192,Eptesicus serotinus,0.007,0.021,-1,Echolocation,/mnt/ubna_data_01_mir/recover-20220825/UBNA_002/20220823_033000.WAV,Telephone Field,recover-20220825,002,1795
925.0945,925.1272,68437,80815,Rhinolophus ferrumequinum,0.021,0.021,-1,Echolocation,/mnt/ubna_data_01_mir/recover-20220825/UBNA_002/20220823_033000.WAV,Telephone Field,recover-20220825,002,1795
925.1035,925.1224,19453,22580,Nyctalus leisleri,0.014,0.028,-1,Echolocation,/mnt/ubna_data_01_mir/recover-20220825/UBNA_002/20220823_033000.WAV,Telephone Field,recover-20220825,002,1795
925.1165,925.1257,22890,29165,Plecotus austriacus,0.007,0.022,-1,Echolocation,/mnt/ubna_data_01_mir/recover-20220825/UBNA_002/20220823_033000.WAV,Telephone Field,recover-20220825,002,1795
925.1395,925.1482,37500,45676,Pipistrellus nathusii,0.009,0.031,-1,Echolocation,/mnt/ubna_data_01_mir/recover-20220825/UBNA_002/20220823_033000.WAV,Telephone Field,recover-20220825,002,1795
925.1445,925.1505,27187,44670,Myotis daubentonii,0.008,0.035,-1,Echolocation,/mnt/ubna_data_01_mir/recover-20220825/UBNA_002/20220823_033000.WAV,Telephone Field,recover-20220825,002,1795
925.1525,925.1631,23750,28675,Nyctalus leisleri,0.01,0.022,-1,Echolocation,/mnt/ubna_data_01_mir/recover-20220825/UBNA_002/20220823_033000.WAV,Telephone Field,recover-20220825,002,1795
925.1745,925.2139,68437,82769,Rhinolophus ferrumequinum,0.026,0.026,-1,Echolocation,/mnt/ubna_data_01_mir/recover-20220825/UBNA_002/20220823_033000.WAV,Telephone Field,recover-20220825,002,1795
925.1965,925.204,27187,39886,Eptesicus serotinus,0.007,0.023,-1,Echolocation,/mnt/ubna_data_01_mir/recover-20220825/UBNA_002/20220823_033000.WAV,Telephone Field,recover-20220825,002,1795
925.2385,925.2515,25468,30524,Nyctalus leisleri,0.299,0.537,-1,Echolocation,/mnt/ubna_data_01_mir/recover-20220825/UBNA_002/20220823_033000.WAV,Telephone Field,recover-20220825,002,1795
925.2585,925.269,22031,27296,Nyctalus leisleri,0.01,0.023,-1,Echolocation,/mnt/ubna_data_01_mir/recover-20220825/UBNA_002/20220823_033000.WAV,Telephone Field,recover-20220825,002,1795
925.3155,925.353,68437,81863,Rhinolophus ferrumequinum,0.022,0.022,-1,Echolocation,/mnt/ubna_data_01_mir/recover-20220825/UBNA_002/20220823_033000.WAV,Telephone Field,recover-20220825,002,1795
925.3295,925.3412,28906,34687,Eptesicus serotinus,0.016,0.035,-1,Echolocation,/mnt/ubna_data_01_mir/recover-20220825/UBNA_002/20220823_033000.WAV,Telephone Field,recover-20220825,002,1795
925.3515,925.3595,28906,39116,Eptesicus serotinus,0.008,0.025,-1,Echolocation,/mnt/ubna_data_01_mir/recover-20220825/UBNA_002/20220823_033000.WAV,Telephone Field,recover-20220825,002,1795
925.3525,925.3911,68437,82052,Rhinolophus ferrumequinum,0.022,0.022,-1,Echolocation,/mnt/ubna_data_01_mir/recover-20220825/UBNA_002/20220823_033000.WAV,Telephone Field,recover-20220825,002,1795
925.3845,925.3949,32343,39500,Eptesicus serotinus,0.006,0.024,-1,Echolocation,/mnt/ubna_data_01_mir/recover-20220825/UBNA_002/20220823_033000.WAV,Telephone Field,recover-20220825,002,1795
925.3855,925.3943,27187,37533,Eptesicus serotinus,0.007,0.022,-1,Echolocation,/mnt/ubna_data_01_mir/recover-20220825/UBNA_002/20220823_033000.WAV,Telephone Field,recover-20220825,002,1795
925.4605,925.497,68437,82196,Rhinolophus ferrumequinum,0.024,0.024,-1,Echolocation,/mnt/ubna_data_01_mir/recover-20220825/UBNA_002/20220823_033000.WAV,Telephone Field,recover-20220825,002,1795
925.4865,925.4999,25468,32371,Eptesicus serotinus,0.273,0.601,-1,Echolocation,/mnt/ubna_data_01_mir/recover-20220825/UBNA_002/20220823_033000.WAV,Telephone Field,recover-20220825,002,1795
925.5315,925.5461,16015,21023,Nyctalus noctula,0.016,0.024,-1,Echolocation,/mnt/ubna_data_01_mir/recover-20220825/UBNA_002/20220823_033000.WAV,Telephone Field,recover-20220825,002,1795
925.5535,925.5925,68437,82212,Rhinolophus ferrumequinum,0.022,0.022,-1,Echolocation,/mnt/ubna_data_01_mir/recover-20220825/UBNA_002/20220823_033000.WAV,Telephone Field,recover-20220825,002,1795
925.5605,925.58,20312,23223,Nyctalus leisleri,0.012,0.022,-1,Echolocation,/mnt/ubna_data_01_mir/recover-20220825/UBNA_002/20220823_033000.WAV,Telephone Field,recover-20220825,002,1795
925.5725,925.5787,26328,39396,Plecotus auritus,0.009,0.035,-1,Echolocation,/mnt/ubna_data_01_mir/recover-20220825/UBNA_002/20220823_033000.WAV,Telephone Field,recover-20220825,002,1795
925.6335,925.674,68437,82308,Rhinolophus ferrumequinum,0.024,0.024,-1,Echolocation,/mnt/ubna_data_01_mir/recover-20220825/UBNA_002/20220823_033000.WAV,Telephone Field,recover-20220825,002,1795
925.7395,925.753,25468,32208,Nyctalus leisleri,0.276,0.582,-1,Echolocation,/mnt/ubna_data_01_mir/recover-20220825/UBNA_002/20220823_033000.WAV,Telephone Field,recover-20220825,002,1795
925.8805,925.8937,25468,30825,Nyctalus leisleri,0.31,0.468,-1,Echolocation,/mnt/ubna_data_01_mir/recover-20220825/UBNA_002/20220823_033000.WAV,Telephone Field,recover-20220825,002,1795
925.8915,925.9295,68437,81934,Rhinolophus ferrumequinum,0.024,0.024,-1,Echolocation,/mnt/ubna_data_01_mir/recover-20220825/UBNA_002/20220823_033000.WAV,Telephone Field,recover-20220825,002,1795
925.9014999999999,925.9442,68437,82696,Rhinolophus ferrumequinum,0.023,0.023,-1,Echolocation,/mnt/ubna_data_01_mir/recover-20220825/UBNA_002/20220823_033000.WAV,Telephone Field,recover-20220825,002,1795
925.9305,925.9722,68437,82162,Rhinolophus ferrumequinum,0.027,0.027,-1,Echolocation,/mnt/ubna_data_01_mir/recover-20220825/UBNA_002/20220823_033000.WAV,Telephone Field,recover-20220825,002,1795
925.9815,925.9894,27187,37784,Eptesicus serotinus,0.009,0.029,-1,Echolocation,/mnt/ubna_data_01_mir/recover-20220825/UBNA_002/20220823_033000.WAV,Telephone Field,recover-20220825,002,1795
926.0015,926.0327,69296,81936,Rhinolophus ferrumequinum,0.036,0.036,-1,Echolocation,/mnt/ubna_data_01_mir/recover-20220825/UBNA_002/20220823_033000.WAV,Telephone Field,recover-20220825,002,1795
926.0015,926.0115,23750,30155,Nyctalus leisleri,0.016,0.039,-1,Echolocation,/mnt/ubna_data_01_mir/recover-20220825/UBNA_002/20220823_033000.WAV,Telephone Field,recover-20220825,002,1795
926.0015,926.0101,49531,57637,Pipistrellus pipistrellus,0.016,0.028,-1,Echolocation,/mnt/ubna_data_01_mir/recover-20220825/UBNA_002/20220823_033000.WAV,Telephone Field,recover-20220825,002,1795
926.0335,926.0738,68437,82080,Rhinolophus ferrumequinum,0.022,0.022,-1,Echolocation,/mnt/ubna_data_01_mir/recover-20220825/UBNA_002/20220823_033000.WAV,Telephone Field,recover-20220825,002,1795
926.0565,926.0965,68437,82669,Rhinolophus ferrumequinum,0.024,0.024,-1,Echolocation,/mnt/ubna_data_01_mir/recover-20220825/UBNA_002/20220823_033000.WAV,Telephone Field,recover-20220825,002,1795
926.0815,926.0877,30625,54325,Myotis daubentonii,0.036,0.062,-1,Echolocation,/mnt/ubna_data_01_mir/recover-20220825/UBNA_002/20220823_033000.WAV,Telephone Field,recover-20220825,002,1795
926.0995,926.1074,26328,37435,Eptesicus serotinus,0.008,0.025,-1,Echolocation,/mnt/ubna_data_01_mir/recover-20220825/UBNA_002/20220823_033000.WAV,Telephone Field,recover-20220825,002,1795
926.1195,926.1346,24609,30725,Nyctalus leisleri,0.308,0.651,-1,Echolocation,/mnt/ubna_data_01_mir/recover-20220825/UBNA_002/20220823_033000.WAV,Telephone Field,recover-20220825,002,1795
926.1225,926.1272,31484,39120,Myotis daubentonii,0.01,0.025,-1,Echolocation,/mnt/ubna_data_01_mir/recover-20220825/UBNA_002/20220823_033000.WAV,Telephone Field,recover-20220825,002,1795
926.1295,926.1396,24609,29517,Nyctalus leisleri,0.02,0.037,-1,Echolocation,/mnt/ubna_data_01_mir/recover-20220825/UBNA_002/20220823_033000.WAV,Telephone Field,recover-20220825,002,1795
926.1455,926.1533,56406,62490,Pipistrellus pygmaeus,0.028,0.028,-1,Echolocation,/mnt/ubna_data_01_mir/recover-20220825/UBNA_002/20220823_033000.WAV,Telephone Field,recover-20220825,002,1795
926.1715,926.1797,27187,40937,Eptesicus serotinus,0.009,0.026,-1,Echolocation,/mnt/ubna_data_01_mir/recover-20220825/UBNA_002/20220823_033000.WAV,Telephone Field,recover-20220825,002,1795
926.1905,926.198,27187,37218,Eptesicus serotinus,0.007,0.023,-1,Echolocation,/mnt/ubna_data_01_mir/recover-20220825/UBNA_002/20220823_033000.WAV,Telephone Field,recover-20220825,002,1795
926.2195,926.2286,23750,30128,Nyctalus leisleri,0.007,0.022,-1,Echolocation,/mnt/ubna_data_01_mir/recover-20220825/UBNA_002/20220823_033000.WAV,Telephone Field,recover-20220825,002,1795
926.2245,926.2339,28046,36160,Eptesicus serotinus,0.009,0.024,-1,Echolocation,/mnt/ubna_data_01_mir/recover-20220825/UBNA_002/20220823_033000.WAV,Telephone Field,recover-20220825,002,1795
926.2395,926.2737,68437,82149,Rhinolophus ferrumequinum,0.022,0.022,-1,Echolocation,/mnt/ubna_data_01_mir/recover-20220825/UBNA_002/20220823_033000.WAV,Telephone Field,recover-20220825,002,1795
926.2475,926.285,68437,82132,Rhinolophus ferrumequinum,0.024,0.024,-1,Echolocation,/mnt/ubna_data_01_mir/recover-20220825/UBNA_002/20220823_033000.WAV,Telephone Field,recover-20220825,002,1795
926.2655,926.2754,27187,38679,Eptesicus serotinus,0.009,0.023,-1,Echolocation,/mnt/ubna_data_01_mir/recover-20220825/UBNA_002/20220823_033000.WAV,Telephone Field,recover-20220825,002,1795
926.2675,926.3052,68437,82211,Rhinolophus ferrumequinum,0.023,0.023,-1,Echolocation,/mnt/ubna_data_01_mir/recover-20220825/UBNA_002/20220823_033000.WAV,Telephone Field,recover-20220825,002,1795
926.2695,926.276,34062,52313,Myotis brandtii,0.009,0.023,-1,Echolocation,/mnt/ubna_data_01_mir/recover-20220825/UBNA_002/20220823_033000.WAV,Telephone Field,recover-20220825,002,1795
926.3055,926.3454,68437,81981,Rhinolophus ferrumequinum,0.023,0.023,-1,Echolocation,/mnt/ubna_data_01_mir/recover-20220825/UBNA_002/20220823_033000.WAV,Telephone Field,recover-20220825,002,1795
926.3275,926.3345,29765,39146,Myotis daubentonii,0.015,0.038,-1,Echolocation,/mnt/ubna_data_01_mir/recover-20220825/UBNA_002/20220823_033000.WAV,Telephone Field,recover-20220825,002,1795
926.3515,926.3566,36640,49824,Myotis daubentonii,0.022,0.043,-1,Echolocation,/mnt/ubna_data_01_mir/recover-20220825/UBNA_002/20220823_033000.WAV,Telephone Field,recover-20220825,002,1795
926.3845,926.3987,24609,29144,Nyctalus leisleri,0.27,0.416,-1,Echolocation,/mnt/ubna_data_01_mir/recover-20220825/UBNA_002/20220823_033000.WAV,Telephone Field,recover-20220825,002,1795
926.4025,926.4103,29765,47115,Myotis daubentonii,0.016,0.028,-1,Echolocation,/mnt/ubna_data_01_mir/recover-20220825/UBNA_002/20220823_033000.WAV,Telephone Field,recover-20220825,002,1795
926.4025,926.4421,68437,82880,Rhinolophus ferrumequinum,0.026,0.026,-1,Echolocation,/mnt/ubna_data_01_mir/recover-20220825/UBNA_002/20220823_033000.WAV,Telephone Field,recover-20220825,002,1795
926.4225,926.4307,28046,38682,Eptesicus serotinus,0.007,0.023,-1,Echolocation,/mnt/ubna_data_01_mir/recover-20220825/UBNA_002/20220823_033000.WAV,Telephone Field,recover-20220825,002,1795
926.4455,926.4562,37500,41998,Pipistrellus nathusii,0.125,0.149,-1,Echolocation,/mnt/ubna_data_01_mir/recover-20220825/UBNA_002/20220823_033000.WAV,Telephone Field,recover-20220825,002,1795
926.4735000000001,926.5119,68437,81747,Rhinolophus ferrumequinum,0.023,0.023,-1,Echolocation,/mnt/ubna_data_01_mir/recover-20220825/UBNA_002/20220823_033000.WAV,Telephone Field,recover-20220825,002,1795
926.4955,926.5034,46093,51376,Pipistrellus pipistrellus,0.021,0.024,-1,Echolocation,/mnt/ubna_data_01_mir/recover-20220825/UBNA_002/20220823_033000.WAV,Telephone Field,recover-20220825,002,1795
926.5375,926.547,38359,44721,Pipistrellus nathusii,0.099,0.126,-1,Echolocation,/mnt/ubna_data_01_mir/recover-20220825/UBNA_002/20220823_033000.WAV,Telephone Field,recover-20220825,002,1795
926.5395,926.5463,29765,45870,Myotis daubentonii,0.018,0.033,-1,Echolocation,/mnt/ubna_data_01_mir/recover-20220825/UBNA_002/20220823_033000.WAV,Telephone Field,recover-20220825,002,1795
926.5515,926.5838,68437,80926,Rhinolophus ferrumequinum,0.022,0.023,-1,Echolocation,/mnt/ubna_data_01_mir/recover-20220825/UBNA_002/20220823_033000.WAV,Telephone Field,recover-20220825,002,1795
926.5645,926.5732,28046,39465,Eptesicus serotinus,0.008,0.024,-1,Echolocation,/mnt/ubna_data_01_mir/recover-20220825/UBNA_002/20220823_033000.WAV,Telephone Field,recover-20220825,002,1795
926.5765,926.6163,68437,82289,Rhinolophus ferrumequinum,0.022,0.022,-1,Echolocation,/mnt/ubna_data_01_mir/recover-20220825/UBNA_002/20220823_033000.WAV,Telephone Field,recover-20220825,002,1795
926.6015,926.6427,68437,81938,Rhinolophus ferrumequinum,0.023,0.023,-1,Echolocation,/mnt/ubna_data_01_mir/recover-20220825/UBNA_002/20220823_033000.WAV,Telephone Field,recover-20220825,002,1795
926.6355,926.6528,25468,30276,Nyctalus leisleri,0.088,0.168,-1,Echolocation,/mnt/ubna_data_01_mir/recover-20220825/UBNA_002/20220823_033000.WAV,Telephone Field,recover-20220825,002,1795
926.6905,926.697,37500,48179,Myotis daubentonii,0.009,0.024,-1,Echolocation,/mnt/ubna_data_01_mir/recover-20220825/UBNA_002/20220823_033000.WAV,Telephone Field,recover-20220825,002,1795
926.6915,926.6991,28906,44684,Myotis daubentonii,0.012,0.027,-1,Echolocation,/mnt/ubna_data_01_mir/recover-20220825/UBNA_002/20220823_033000.WAV,Telephone Field,recover-20220825,002,1795
926.6975,926.7379,68437,83049,Rhinolophus ferrumequinum,0.025,0.025,-1,Echolocation,/mnt/ubna_data_01_mir/recover-20220825/UBNA_002/20220823_033000.WAV,Telephone Field,recover-20220825,002,1795
926.7205,926.7277,39218,50833,Pipistrellus nathusii,0.389,0.508,-1,Echolocation,/mnt/ubna_data_01_mir/recover-20220825/UBNA_002/20220823_033000.WAV,Telephone Field,recover-20220825,002,1795
926.7755,926.784,40937,50544,Pipistrellus nathusii,0.01,0.03,-1,Echolocation,/mnt/ubna_data_01_mir/recover-20220825/UBNA_002/20220823_033000.WAV,Telephone Field,recover-20220825,002,1795
926.7795,926.7913,23750,29135,Nyctalus leisleri,0.011,0.024,-1,Echolocation,/mnt/ubna_data_01_mir/recover-20220825/UBNA_002/20220823_033000.WAV,Telephone Field,recover-20220825,002,1795
926.7795,926.7857,29765,49085,Myotis daubentonii,0.016,0.025,-1,Echolocation,/mnt/ubna_data_01_mir/recover-20220825/UBNA_002/20220823_033000.WAV,Telephone Field,recover-20220825,002,1795
926.7965,926.807,55546,60771,Pipistrellus pygmaeus,0.031,0.032,-1,Echolocation,/mnt/ubna_data_01_mir/recover-20220825/UBNA_002/20220823_033000.WAV,Telephone Field,recover-20220825,002,1795
926.8145,926.8225,40937,46704,Pipistrellus nathusii,0.105,0.15,-1,Echolocation,/mnt/ubna_data_01_mir/recover-20220825/UBNA_002/20220823_033000.WAV,Telephone Field,recover-20220825,002,1795
926.8255,926.8359,28046,34039,Eptesicus serotinus,0.01,0.027,-1,Echolocation,/mnt/ubna_data_01_mir/recover-20220825/UBNA_002/20220823_033000.WAV,Telephone Field,recover-20220825,002,1795
926.8395,926.8539,23750,29837,Nyctalus leisleri,0.023,0.06,-1,Echolocation,/mnt/ubna_data_01_mir/recover-20220825/UBNA_002/20220823_033000.WAV,Telephone Field,recover-20220825,002,1795
926.8635,926.8789,22031,25979,Nyctalus leisleri,0.012,0.024,-1,Echolocation,/mnt/ubna_data_01_mir/recover-20220825/UBNA_002/20220823_033000.WAV,Telephone Field,recover-20220825,002,1795
926.8805,926.8912,27187,36068,Eptesicus serotinus,0.014,0.031,-1,Echolocation,/mnt/ubna_data_01_mir/recover-20220825/UBNA_002/20220823_033000.WAV,Telephone Field,recover-20220825,002,1795
926.8875,926.8997,24609,30402,Nyctalus leisleri,0.014,0.032,-1,Echolocation,/mnt/ubna_data_01_mir/recover-20220825/UBNA_002/20220823_033000.WAV,Telephone Field,recover-20220825,002,1795
926.9035,926.9443,68437,82965,Rhinolophus ferrumequinum,0.034,0.034,-1,Echolocation,/mnt/ubna_data_01_mir/recover-20220825/UBNA_002/20220823_033000.WAV,Telephone Field,recover-20220825,002,1795
926.9455,926.9842,68437,81875,Rhinolophus ferrumequinum,0.022,0.022,-1,Echolocation,/mnt/ubna_data_01_mir/recover-20220825/UBNA_002/20220823_033000.WAV,Telephone Field,recover-20220825,002,1795
926.9725,926.981,28046,35764,Eptesicus serotinus,0.011,0.026,-1,Echolocation,/mnt/ubna_data_01_mir/recover-20220825/UBNA_002/20220823_033000.WAV,Telephone Field,recover-20220825,002,1795
926.9725,927.0064,68437,81262,Rhinolophus ferrumequinum,0.023,0.023,-1,Echolocation,/mnt/ubna_data_01_mir/recover-20220825/UBNA_002/20220823_033000.WAV,Telephone Field,recover-20220825,002,1795
926.9855,926.9917,34921,48367,Myotis daubentonii,0.012,0.022,-1,Echolocation,/mnt/ubna_data_01_mir/recover-20220825/UBNA_002/20220823_033000.WAV,Telephone Field,recover-20220825,002,1795
926.9865,926.9937,26328,43554,Eptesicus serotinus,0.006,0.022,-1,Echolocation,/mnt/ubna_data_01_mir/recover-20220825/UBNA_002/20220823_033000.WAV,Telephone Field,recover-20220825,002,1795
926.9865,927.0255,68437,81904,Rhinolophus ferrumequinum,0.025,0.025,-1,Echolocation,/mnt/ubna_data_01_mir/recover-20220825/UBNA_002/20220823_033000.WAV,Telephone Field,recover-20220825,002,1795
927.0115,927.0226,23750,30067,Nyctalus leisleri,0.01,0.025,-1,Echolocation,/mnt/ubna_data_01_mir/recover-20220825/UBNA_002/20220823_033000.WAV,Telephone Field,recover-20220825,002,1795
927.0575,927.0683,28046,35998,Eptesicus serotinus,0.01,0.024,-1,Echolocation,/mnt/ubna_data_01_mir/recover-20220825/UBNA_002/20220823_033000.WAV,Telephone Field,recover-20220825,002,1795
927.0575,927.0974,68437,81782,Rhinolophus ferrumequinum,0.023,0.023,-1,Echolocation,/mnt/ubna_data_01_mir/recover-20220825/UBNA_002/20220823_033000.WAV,Telephone Field,recover-20220825,002,1795
927.0795,927.0897,37500,46591,Pipistrellus nathusii,0.015,0.027,-1,Echolocation,/mnt/ubna_data_01_mir/recover-20220825/UBNA_002/20220823_033000.WAV,Telephone Field,recover-20220825,002,1795
927.1005,927.1388,68437,82147,Rhinolophus ferrumequinum,0.022,0.022,-1,Echolocation,/mnt/ubna_data_01_mir/recover-20220825/UBNA_002/20220823_033000.WAV,Telephone Field,recover-20220825,002,1795
927.1015,927.1091,27187,43725,Eptesicus serotinus,0.009,0.027,-1,Echolocation,/mnt/ubna_data_01_mir/recover-20220825/UBNA_002/20220823_033000.WAV,Telephone Field,recover-20220825,002,1795
927.1035,927.1099,35781,46179,Myotis daubentonii,0.012,0.028,-1,Echolocation,/mnt/ubna_data_01_mir/recover-20220825/UBNA_002/20220823_033000.WAV,Telephone Field,recover-20220825,002,1795
927.1225,927.1618,68437,81982,Rhinolophus ferrumequinum,0.022,0.022,-1,Echolocation,/mnt/ubna_data_01_mir/recover-20220825/UBNA_002/20220823_033000.WAV,Telephone Field,recover-20220825,002,1795
927.1435,927.1575,24609,30151,Nyctalus leisleri,0.357,0.566,-1,Echolocation,/mnt/ubna_data_01_mir/recover-20220825/UBNA_002/20220823_033000.WAV,Telephone Field,recover-20220825,002,1795
927.1915,927.1982,38359,53518,Myotis brandtii,0.007,0.022,-1,Echolocation,/mnt/ubna_data_01_mir/recover-20220825/UBNA_002/20220823_033000.WAV,Telephone Field,recover-20220825,002,1795
927.2055,927.2125,28046,36788,Eptesicus serotinus,0.006,0.023,-1,Echolocation,/mnt/ubna_data_01_mir/recover-20220825/UBNA_002/20220823_033000.WAV,Telephone Field,recover-20220825,002,1795
927.2075,927.2143,50390,55696,Pipistrellus pipistrellus,0.021,0.024,-1,Echolocation,/mnt/ubna_data_01_mir/recover-20220825/UBNA_002/20220823_033000.WAV,Telephone Field,recover-20220825,002,1795
927.2335,927.2431,26328,35543,Eptesicus serotinus,0.008,0.022,-1,Echolocation,/mnt/ubna_data_01_mir/recover-20220825/UBNA_002/20220823_033000.WAV,Telephone Field,recover-20220825,002,1795
927.2335,927.2705,68437,81514,Rhinolophus ferrumequinum,0.023,0.023,-1,Echolocation,/mnt/ubna_data_01_mir/recover-20220825/UBNA_002/20220823_033000.WAV,Telephone Field,recover-20220825,002,1795
927.2595,927.2681,41796,49741,Pipistrellus nathusii,0.007,0.023,-1,Echolocation,/mnt/ubna_data_01_mir/recover-20220825/UBNA_002/20220823_033000.WAV,Telephone Field,recover-20220825,002,1795
927.2715,927.3086,68437,82307,Rhinolophus ferrumequinum,0.026,0.026,-1,Echolocation,/mnt/ubna_data_01_mir/recover-20220825/UBNA_002/20220823_033000.WAV,Telephone Field,recover-20220825,002,1795
927.3085,927.3179,26328,36301,Eptesicus serotinus,0.009,0.023,-1,Echolocation,/mnt/ubna_data_01_mir/recover-20220825/UBNA_002/20220823_033000.WAV,Telephone Field,recover-20220825,002,1795
927.3145,927.324,26328,36195,Eptesicus serotinus,0.009,0.023,-1,Echolocation,/mnt/ubna_data_01_mir/recover-20220825/UBNA_002/20220823_033000.WAV,Telephone Field,recover-20220825,002,1795
927.3795,927.4174,68437,82107,Rhinolophus ferrumequinum,0.023,0.023,-1,Echolocation,/mnt/ubna_data_01_mir/recover-20220825/UBNA_002/20220823_033000.WAV,Telephone Field,recover-20220825,002,1795
927.4225,927.43,27187,37718,Eptesicus serotinus,0.006,0.022,-1,Echolocation,/mnt/ubna_data_01_mir/recover-20220825/UBNA_002/20220823_033000.WAV,Telephone Field,recover-20220825,002,1795
927.4235,927.4383,15156,20427,Nyctalus noctula,0.016,0.024,-1,Echolocation,/mnt/ubna_data_01_mir/recover-20220825/UBNA_002/20220823_033000.WAV,Telephone Field,recover-20220825,002,1795
927.4625,927.4723,46953,55115,Pipistrellus pipistrellus,0.024,0.028,-1,Echolocation,/mnt/ubna_data_01_mir/recover-20220825/UBNA_002/20220823_033000.WAV,Telephone Field,recover-20220825,002,1795
927.4625,927.4742,26328,32239,Eptesicus serotinus,0.015,0.037,-1,Echolocation,/mnt/ubna_data_01_mir/recover-20220825/UBNA_002/20220823_033000.WAV,Telephone Field,recover-20220825,002,1795
927.5035,927.5116,28046,37916,Eptesicus serotinus,0.007,0.023,-1,Echolocation,/mnt/ubna_data_01_mir/recover-20220825/UBNA_002/20220823_033000.WAV,Telephone Field,recover-20220825,002,1795
927.5405,927.553,16015,21115,Nyctalus noctula,0.014,0.024,-1,Echolocation,/mnt/ubna_data_01_mir/recover-20220825/UBNA_002/20220823_033000.WAV,Telephone Field,recover-20220825,002,1795
927.5465,927.5524,50390,54281,Pipistrellus pipistrellus,0.023,0.037,-1,Echolocation,/mnt/ubna_data_01_mir/recover-20220825/UBNA_002/20220823_033000.WAV,Telephone Field,recover-20220825,002,1795
927.5465,927.554,38359,56980,Pipistrellus nathusii,0.364,0.532,-1,Echolocation,/mnt/ubna_data_01_mir/recover-20220825/UBNA_002/20220823_033000.WAV,Telephone Field,recover-20220825,002,1795
927.5485,927.5537,27187,55491,Myotis daubentonii,0.031,0.068,-1,Echolocation,/mnt/ubna_data_01_mir/recover-20220825/UBNA_002/20220823_033000.WAV,Telephone Field,recover-20220825,002,1795
927.5905,927.6315,68437,82700,Rhinolophus ferrumequinum,0.024,0.024,-1,Echolocation,/mnt/ubna_data_01_mir/recover-20220825/UBNA_002/20220823_033000.WAV,Telephone Field,recover-20220825,002,1795
927.6335,927.6431,27187,36658,Eptesicus serotinus,0.01,0.025,-1,Echolocation,/mnt/ubna_data_01_mir/recover-20220825/UBNA_002/20220823_033000.WAV,Telephone Field,recover-20220825,002,1795
927.6425,927.6492,34062,44325,Myotis daubentonii,0.01,0.022,-1,Echolocation,/mnt/ubna_data_01_mir/recover-20220825/UBNA_002/20220823_033000.WAV,Telephone Field,recover-20220825,002,1795
927.6435,927.6507,28046,36880,Eptesicus serotinus,0.006,0.023,-1,Echolocation,/mnt/ubna_data_01_mir/recover-20220825/UBNA_002/20220823_033000.WAV,Telephone Field,recover-20220825,002,1795
927.6565,927.6626,40078,53580,Pipistrellus nathusii,0.393,0.54,-1,Echolocation,/mnt/ubna_data_01_mir/recover-20220825/UBNA_002/20220823_033000.WAV,Telephone Field,recover-20220825,002,1795
927.6715,927.6809,28046,35519,Eptesicus serotinus,0.007,0.022,-1,Echolocation,/mnt/ubna_data_01_mir/recover-20220825/UBNA_002/20220823_033000.WAV,Telephone Field,recover-20220825,002,1795
927.6715,927.7121,68437,82424,Rhinolophus ferrumequinum,0.024,0.024,-1,Echolocation,/mnt/ubna_data_01_mir/recover-20220825/UBNA_002/20220823_033000.WAV,Telephone Field,recover-20220825,002,1795
927.6865,927.6933,27187,37345,Eptesicus serotinus,0.013,0.036,-1,Echolocation,/mnt/ubna_data_01_mir/recover-20220825/UBNA_002/20220823_033000.WAV,Telephone Field,recover-20220825,002,1795
927.7075,927.7156,27187,41052,Eptesicus serotinus,0.01,0.027,-1,Echolocation,/mnt/ubna_data_01_mir/recover-20220825/UBNA_002/20220823_033000.WAV,Telephone Field,recover-20220825,002,1795
927.7355,927.7414,39218,55956,Pipistrellus nathusii,0.242,0.431,-1,Echolocation,/mnt/ubna_data_01_mir/recover-20220825/UBNA_002/20220823_033000.WAV,Telephone Field,recover-20220825,002,1795
927.7415,927.7764,68437,81944,Rhinolophus ferrumequinum,0.023,0.023,-1,Echolocation,/mnt/ubna_data_01_mir/recover-20220825/UBNA_002/20220823_033000.WAV,Telephone Field,recover-20220825,002,1795
927.7465,927.781,68437,81391,Rhinolophus ferrumequinum,0.023,0.023,-1,Echolocation,/mnt/ubna_data_01_mir/recover-20220825/UBNA_002/20220823_033000.WAV,Telephone Field,recover-20220825,002,1795
927.7645,927.7729,28046,37294,Eptesicus serotinus,0.008,0.024,-1,Echolocation,/mnt/ubna_data_01_mir/recover-20220825/UBNA_002/20220823_033000.WAV,Telephone Field,recover-20220825,002,1795
927.7645,927.8014000000001,68437,82000,Rhinolophus ferrumequinum,0.022,0.022,-1,Echolocation,/mnt/ubna_data_01_mir/recover-20220825/UBNA_002/20220823_033000.WAV,Telephone Field,recover-20220825,002,1795
927.7745,927.8164,68437,83281,Rhinolophus ferrumequinum,0.027,0.027,-1,Echolocation,/mnt/ubna_data_01_mir/recover-20220825/UBNA_002/20220823_033000.WAV,Telephone Field,recover-20220825,002,1795
927.7805,927.7894,27187,36935,Eptesicus serotinus,0.008,0.022,-1,Echolocation,/mnt/ubna_data_01_mir/recover-20220825/UBNA_002/20220823_033000.WAV,Telephone Field,recover-20220825,002,1795
927.7985,927.8083,24609,30231,Nyctalus leisleri,0.009,0.024,-1,Echolocation,/mnt/ubna_data_01_mir/recover-20220825/UBNA_002/20220823_033000.WAV,Telephone Field,recover-20220825,002,1795
927.8085,927.8141,38359,55144,Pipistrellus nathusii,0.192,0.452,-1,Echolocation,/mnt/ubna_data_01_mir/recover-20220825/UBNA_002/20220823_033000.WAV,Telephone Field,recover-20220825,002,1795
927.8685,927.8749,40078,54203,Pipistrellus nathusii,0.414,0.555,-1,Echolocation,/mnt/ubna_data_01_mir/recover-20220825/UBNA_002/20220823_033000.WAV,Telephone Field,recover-20220825,002,1795
927.8685,927.9037,68437,81452,Rhinolophus ferrumequinum,0.024,0.024,-1,Echolocation,/mnt/ubna_data_01_mir/recover-20220825/UBNA_002/20220823_033000.WAV,Telephone Field,recover-20220825,002,1795
927.8695,927.8756,49531,55855,Pipistrellus pipistrellus,0.013,0.023,-1,Echolocation,/mnt/ubna_data_01_mir/recover-20220825/UBNA_002/20220823_033000.WAV,Telephone Field,recover-20220825,002,1795
927.8765,927.9132,68437,81913,Rhinolophus ferrumequinum,0.022,0.022,-1,Echolocation,/mnt/ubna_data_01_mir/recover-20220825/UBNA_002/20220823_033000.WAV,Telephone Field,recover-20220825,002,1795
927.8885,927.8997,23750,29227,Nyctalus leisleri,0.012,0.027,-1,Echolocation,/mnt/ubna_data_01_mir/recover-20220825/UBNA_002/20220823_033000.WAV,Telephone Field,recover-20220825,002,1795
927.9195,927.9581000000001,68437,82480,Rhinolophus ferrumequinum,0.025,0.025,-1,Echolocation,/mnt/ubna_data_01_mir/recover-20220825/UBNA_002/20220823_033000.WAV,Telephone Field,recover-20220825,002,1795
927.9345,927.9399,39218,51898,Pipistrellus nathusii,0.141,0.374,-1,Echolocation,/mnt/ubna_data_01_mir/recover-20220825/UBNA_002/20220823_033000.WAV,Telephone Field,recover-20220825,002,1795
927.9675,927.9758,27187,38072,Eptesicus serotinus,0.007,0.022,-1,Echolocation,/mnt/ubna_data_01_mir/recover-20220825/UBNA_002/20220823_033000.WAV,Telephone Field,recover-20220825,002,1795
927.9825,927.9929,27187,35278,Eptesicus serotinus,0.014,0.03,-1,Echolocation,/mnt/ubna_data_01_mir/recover-20220825/UBNA_002/20220823_033000.WAV,Telephone Field,recover-20220825,002,1795
927.9925,927.9986,40078,52524,Pipistrellus nathusii,0.109,0.214,-1,Echolocation,/mnt/ubna_data_01_mir/recover-20220825/UBNA_002/20220823_033000.WAV,Telephone Field,recover-20220825,002,1795
927.9935,927.9992,30625,59519,Myotis daubentonii,0.029,0.063,-1,Echolocation,/mnt/ubna_data_01_mir/recover-20220825/UBNA_002/20220823_033000.WAV,Telephone Field,recover-20220825,002,1795
928.0015,928.0186,16875,22596,Nyctalus noctula,0.018,0.031,-1,Echolocation,/mnt/ubna_data_01_mir/recover-20220825/UBNA_002/20220823_033000.WAV,Telephone Field,recover-20220825,002,1795
928.0015,928.0333,68437,80438,Rhinolophus ferrumequinum,0.052,0.052,-1,Echolocation,/mnt/ubna_data_01_mir/recover-20220825/UBNA_002/20220823_033000.WAV,Telephone Field,recover-20220825,002,1795
928.0015,928.0103,47812,53437,Pipistrellus pipistrellus,0.02,0.027,-1,Echolocation,/mnt/ubna_data_01_mir/recover-20220825/UBNA_002/20220823_033000.WAV,Telephone Field,recover-20220825,002,1795
928.0015,928.0099,23750,32041,Nyctalus leisleri,0.007,0.025,-1,Echolocation,/mnt/ubna_data_01_mir/recover-20220825/UBNA_002/20220823_033000.WAV,Telephone Field,recover-20220825,002,1795
928.0255,928.0352,28046,36006,Eptesicus serotinus,0.009,0.021,-1,Echolocation,/mnt/ubna_data_01_mir/recover-20220825/UBNA_002/20220823_033000.WAV,Telephone Field,recover-20220825,002,1795
928.0525,928.0906,68437,81889,Rhinolophus ferrumequinum,0.021,0.021,-1,Echolocation,/mnt/ubna_data_01_mir/recover-20220825/UBNA_002/20220823_033000.WAV,Telephone Field,recover-20220825,002,1795
928.0735,928.0831000000001,40078,45712,Pipistrellus nathusii,0.223,0.24,-1,Echolocation,/mnt/ubna_data_01_mir/recover-20220825/UBNA_002/20220823_033000.WAV,Telephone Field,recover-20220825,002,1795
928.0785,928.0881,55546,63140,Pipistrellus pygmaeus,0.022,0.022,-1,Echolocation,/mnt/ubna_data_01_mir/recover-20220825/UBNA_002/20220823_033000.WAV,Telephone Field,recover-20220825,002,1795
928.0815,928.0892,40078,50090,Pipistrellus nathusii,0.218,0.285,-1,Echolocation,/mnt/ubna_data_01_mir/recover-20220825/UBNA_002/20220823_033000.WAV,Telephone Field,recover-20220825,002,1795
928.1395,928.1786,68437,82835,Rhinolophus ferrumequinum,0.025,0.025,-1,Echolocation,/mnt/ubna_data_01_mir/recover-20220825/UBNA_002/20220823_033000.WAV,Telephone Field,recover-20220825,002,1795
928.1395,928.1464,38359,48062,Myotis brandtii,0.007,0.024,-1,Echolocation,/mnt/ubna_data_01_mir/recover-20220825/UBNA_002/20220823_033000.WAV,Telephone Field,recover-20220825,002,1795
928.1405,928.1479,27187,40858,Eptesicus serotinus,0.009,0.031,-1,Echolocation,/mnt/ubna_data_01_mir/recover-20220825/UBNA_002/20220823_033000.WAV,Telephone Field,recover-20220825,002,1795
928.1465,928.1862,68437,82676,Rhinolophus ferrumequinum,0.023,0.023,-1,Echolocation,/mnt/ubna_data_01_mir/recover-20220825/UBNA_002/20220823_033000.WAV,Telephone Field,recover-20220825,002,1795
928.1735,928.1797,40078,54605,Pipistrellus nathusii,0.377,0.497,-1,Echolocation,/mnt/ubna_data_01_mir/recover-20220825/UBNA_002/20220823_033000.WAV,Telephone Field,recover-20220825,002,1795
928.1735,928.1799,49531,52958,Pipistrellus pipistrellus,0.021,0.035,-1,Echolocation,/mnt/ubna_data_01_mir/recover-20220825/UBNA_002/20220823_033000.WAV,Telephone Field,recover-20220825,002,1795
928.1845,928.2211,68437,82478,Rhinolophus ferrumequinum,0.023,0.023,-1,Echolocation,/mnt/ubna_data_01_mir/recover-20220825/UBNA_002/20220823_033000.WAV,Telephone Field,recover-20220825,002,1795
928.1855,928.1951,28046,34088,Eptesicus serotinus,0.009,0.023,-1,Echolocation,/mnt/ubna_data_01_mir/recover-20220825/UBNA_002/20220823_033000.WAV,Telephone Field,recover-20220825,002,1795
928.2415,928.2489,28046,39059,Eptesicus serotinus,0.008,0.023,-1,Echolocation,/mnt/ubna_data_01_mir/recover-20220825/UBNA_002/20220823_033000.WAV,Telephone Field,recover-20220825,002,1795
928.2615,928.2681,40078,53005,Pipistrellus nathusii,0.349,0.405,-1,Echolocation,/mnt/ubna_data_01_mir/recover-20220825/UBNA_002/20220823_033000.WAV,Telephone Field,recover-20220825,002,1795
928.2805,928.2879,45234,53991,Pipistrellus pipistrellus,0.016,0.022,-1,Echolocation,/mnt/ubna_data_01_mir/recover-20220825/UBNA_002/20220823_033000.WAV,Telephone Field,recover-20220825,002,1795
928.2875,928.2937,28046,38488,Eptesicus serotinus,0.006,0.025,-1,Echolocation,/mnt/ubna_data_01_mir/recover-20220825/UBNA_002/20220823_033000.WAV,Telephone Field,recover-20220825,002,1795
928.2985,928.3051,48671,57899,Pipistrellus pipistrellus,0.021,0.025,-1,Echolocation,/mnt/ubna_data_01_mir/recover-20220825/UBNA_002/20220823_033000.WAV,Telephone Field,recover-20220825,002,1795
928.3265,928.3357,55546,60636,Pipistrellus pygmaeus,0.021,0.021,-1,Echolocation,/mnt/ubna_data_01_mir/recover-20220825/UBNA_002/20220823_033000.WAV,Telephone Field,recover-20220825,002,1795
928.3285,928.3424,22890,27992,Nyctalus leisleri,0.014,0.035,-1,Echolocation,/mnt/ubna_data_01_mir/recover-20220825/UBNA_002/20220823_033000.WAV,Telephone Field,recover-20220825,002,1795
928.3535,928.3605,40937,54926,Pipistrellus nathusii,0.318,0.477,-1,Echolocation,/mnt/ubna_data_01_mir/recover-20220825/UBNA_002/20220823_033000.WAV,Telephone Field,recover-20220825,002,1795
928.3815,928.3889,38359,45747,Pipistrellus nathusii,0.008,0.021,-1,Echolocation,/mnt/ubna_data_01_mir/recover-20220825/UBNA_002/20220823_033000.WAV,Telephone Field,recover-20220825,002,1795
928.4035,928.4386,68437,82108,Rhinolophus ferrumequinum,0.022,0.022,-1,Echolocation,/mnt/ubna_data_01_mir/recover-20220825/UBNA_002/20220823_033000.WAV,Telephone Field,recover-20220825,002,1795
928.4395,928.4456,30625,64726,Myotis brandtii,0.017,0.03,-1,Echolocation,/mnt/ubna_data_01_mir/recover-20220825/UBNA_002/20220823_033000.WAV,Telephone Field,recover-20220825,002,1795
928.4395,928.447,40937,55256,Pipistrellus nathusii,0.291,0.432,-1,Echolocation,/mnt/ubna_data_01_mir/recover-20220825/UBNA_002/20220823_033000.WAV,Telephone Field,recover-20220825,002,1795
928.4745,928.4829,27187,39282,Eptesicus serotinus,0.01,0.027,-1,Echolocation,/mnt/ubna_data_01_mir/recover-20220825/UBNA_002/20220823_033000.WAV,Telephone Field,recover-20220825,002,1795
928.4815,928.4897,38359,43654,Pipistrellus nathusii,0.011,0.023,-1,Echolocation,/mnt/ubna_data_01_mir/recover-20220825/UBNA_002/20220823_033000.WAV,Telephone Field,recover-20220825,002,1795
928.4905,928.5289,68437,82116,Rhinolophus ferrumequinum,0.021,0.021,-1,Echolocation,/mnt/ubna_data_01_mir/recover-20220825/UBNA_002/20220823_033000.WAV,Telephone Field,recover-20220825,002,1795
928.4965,928.5349,68437,82157,Rhinolophus ferrumequinum,0.022,0.022,-1,Echolocation,/mnt/ubna_data_01_mir/recover-20220825/UBNA_002/20220823_033000.WAV,Telephone Field,recover-20220825,002,1795
928.5655,928.5717,40937,54355,Pipistrellus nathusii,0.494,0.522,-1,Echolocation,/mnt/ubna_data_01_mir/recover-20220825/UBNA_002/20220823_033000.WAV,Telephone Field,recover-20220825,002,1795
928.6045,928.6128,46093,51646,Pipistrellus pipistrellus,0.022,0.028,-1,Echolocation,/mnt/ubna_data_01_mir/recover-20220825/UBNA_002/20220823_033000.WAV,Telephone Field,recover-20220825,002,1795
928.6105,928.618,27187,38684,Eptesicus serotinus,0.008,0.023,-1,Echolocation,/mnt/ubna_data_01_mir/recover-20220825/UBNA_002/20220823_033000.WAV,Telephone Field,recover-20220825,002,1795
928.6235,928.6316,28046,37985,Eptesicus serotinus,0.008,0.022,-1,Echolocation,/mnt/ubna_data_01_mir/recover-20220825/UBNA_002/20220823_033000.WAV,Telephone Field,recover-20220825,002,1795
928.6505,928.6578,40078,52396,Pipistrellus nathusii,0.217,0.335,-1,Echolocation,/mnt/ubna_data_01_mir/recover-20220825/UBNA_002/20220823_033000.WAV,Telephone Field,recover-20220825,002,1795
928.6935,928.7013,46093,54313,Pipistrellus pipistrellus,0.017,0.025,-1,Echolocation,/mnt/ubna_data_01_mir/recover-20220825/UBNA_002/20220823_033000.WAV,Telephone Field,recover-20220825,002,1795
928.6945,928.7044,25468,32142,Eptesicus serotinus,0.007,0.022,-1,Echolocation,/mnt/ubna_data_01_mir/recover-20220825/UBNA_002/20220823_033000.WAV,Telephone Field,recover-20220825,002,1795
928.7415,928.748,37500,55275,Pipistrellus nathusii,0.275,0.465,-1,Echolocation,/mnt/ubna_data_01_mir/recover-20220825/UBNA_002/20220823_033000.WAV,Telephone Field,recover-20220825,002,1795
928.7415,928.7531,55546,61356,Pipistrellus pygmaeus,0.022,0.022,-1,Echolocation,/mnt/ubna_data_01_mir/recover-20220825/UBNA_002/20220823_033000.WAV,Telephone Field,recover-20220825,002,1795
928.7515,928.7616,24609,29203,Nyctalus leisleri,0.013,0.026,-1,Echolocation,/mnt/ubna_data_01_mir/recover-20220825/UBNA_002/20220823_033000.WAV,Telephone Field,recover-20220825,002,1795
928.8275,928.8361,52109,57214,Pipistrellus pygmaeus,0.023,0.025,-1,Echolocation,/mnt/ubna_data_01_mir/recover-20220825/UBNA_002/20220823_033000.WAV,Telephone Field,recover-20220825,002,1795
928.8345,928.8422,40078,53103,Pipistrellus nathusii,0.429,0.547,-1,Echolocation,/mnt/ubna_data_01_mir/recover-20220825/UBNA_002/20220823_033000.WAV,Telephone Field,recover-20220825,002,1795
928.8535,928.8608,52968,59733,Pipistrellus pygmaeus,0.028,0.03,-1,Echolocation,/mnt/ubna_data_01_mir/recover-20220825/UBNA_002/20220823_033000.WAV,Telephone Field,recover-20220825,002,1795
928.8675,928.8761,28046,39026,Eptesicus serotinus,0.01,0.021,-1,Echolocation,/mnt/ubna_data_01_mir/recover-20220825/UBNA_002/20220823_033000.WAV,Telephone Field,recover-20220825,002,1795
928.8715,928.9082,68437,82267,Rhinolophus ferrumequinum,0.021,0.021,-1,Echolocation,/mnt/ubna_data_01_mir/recover-20220825/UBNA_002/20220823_033000.WAV,Telephone Field,recover-20220825,002,1795
928.8875,928.8952,40937,47836,Pipistrellus nathusii,0.009,0.023,-1,Echolocation,/mnt/ubna_data_01_mir/recover-20220825/UBNA_002/20220823_033000.WAV,Telephone Field,recover-20220825,002,1795
928.8885,928.8968,27187,37293,Eptesicus serotinus,0.009,0.024,-1,Echolocation,/mnt/ubna_data_01_mir/recover-20220825/UBNA_002/20220823_033000.WAV,Telephone Field,recover-20220825,002,1795
928.9075,928.9474,68437,82863,Rhinolophus ferrumequinum,0.024,0.024,-1,Echolocation,/mnt/ubna_data_01_mir/recover-20220825/UBNA_002/20220823_033000.WAV,Telephone Field,recover-20220825,002,1795
928.9275,928.935,39218,53452,Pipistrellus nathusii,0.474,0.591,-1,Echolocation,/mnt/ubna_data_01_mir/recover-20220825/UBNA_002/20220823_033000.WAV,Telephone Field,recover-20220825,002,1795
928.9365,928.9419,31484,41963,Myotis daubentonii,0.011,0.024,-1,Echolocation,/mnt/ubna_data_01_mir/recover-20220825/UBNA_002/20220823_033000.WAV,Telephone Field,recover-20220825,002,1795
928.9985,929.0071,28046,38950,Eptesicus serotinus,0.009,0.023,-1,Echolocation,/mnt/ubna_data_01_mir/recover-20220825/UBNA_002/20220823_033000.WAV,Telephone Field,recover-20220825,002,1795
929.0235,929.0303,40078,52337,Pipistrellus nathusii,0.479,0.527,-1,Echolocation,/mnt/ubna_data_01_mir/recover-20220825/UBNA_002/20220823_033000.WAV,Telephone Field,recover-20220825,002,1795
929.0755,929.1095,68437,81492,Rhinolophus ferrumequinum,0.021,0.021,-1,Echolocation,/mnt/ubna_data_01_mir/recover-20220825/UBNA_002/20220823_033000.WAV,Telephone Field,recover-20220825,002,1795
929.0785,929.0905,31484,37375,Pipistrellus nathusii,0.007,0.028,-1,Echolocation,/mnt/ubna_data_01_mir/recover-20220825/UBNA_002/20220823_033000.WAV,Telephone Field,recover-20220825,002,1795
929.0795,929.0883,40937,47572,Pipistrellus nathusii,0.014,0.025,-1,Echolocation,/mnt/ubna_data_01_mir/recover-20220825/UBNA_002/20220823_033000.WAV,Telephone Field,recover-20220825,002,1795
929.0935,929.1012,52109,58394,Pipistrellus pygmaeus,0.021,0.025,-1,Echolocation,/mnt/ubna_data_01_mir/recover-20220825/UBNA_002/20220823_033000.WAV,Telephone Field,recover-20220825,002,1795
929.0945,929.1036,28046,39618,Eptesicus serotinus,0.01,0.023,-1,Echolocation,/mnt/ubna_data_01_mir/recover-20220825/UBNA_002/20220823_033000.WAV,Telephone Field,recover-20220825,002,1795
929.1215,929.1281,39218,52960,Pipistrellus nathusii,0.58,0.602,-1,Echolocation,/mnt/ubna_data_01_mir/recover-20220825/UBNA_002/20220823_033000.WAV,Telephone Field,recover-20220825,002,1795
929.1275,929.1342,26328,35955,Eptesicus serotinus,0.004,0.021,-1,Echolocation,/mnt/ubna_data_01_mir/recover-20220825/UBNA_002/20220823_033000.WAV,Telephone Field,recover-20220825,002,1795
929.1285,929.134,31484,42215,Myotis daubentonii,0.011,0.022,-1,Echolocation,/mnt/ubna_data_01_mir/recover-20220825/UBNA_002/20220823_033000.WAV,Telephone Field,recover-20220825,002,1795
929.1715,929.1796,27187,37936,Eptesicus serotinus,0.01,0.025,-1,Echolocation,/mnt/ubna_data_01_mir/recover-20220825/UBNA_002/20220823_033000.WAV,Telephone Field,recover-20220825,002,1795
929.1945,929.2021,46953,50401,Pipistrellus pipistrellus,0.016,0.023,-1,Echolocation,/mnt/ubna_data_01_mir/recover-20220825/UBNA_002/20220823_033000.WAV,Telephone Field,recover-20220825,002,1795
929.1945,929.2026,41796,48364,Pipistrellus nathusii,0.019,0.031,-1,Echolocation,/mnt/ubna_data_01_mir/recover-20220825/UBNA_002/20220823_033000.WAV,Telephone Field,recover-20220825,002,1795
929.1965,929.2029,30625,46581,Myotis daubentonii,0.011,0.027,-1,Echolocation,/mnt/ubna_data_01_mir/recover-20220825/UBNA_002/20220823_033000.WAV,Telephone Field,recover-20220825,002,1795
929.2175,929.2248,49531,55725,Pipistrellus pipistrellus,0.012,0.022,-1,Echolocation,/mnt/ubna_data_01_mir/recover-20220825/UBNA_002/20220823_033000.WAV,Telephone Field,recover-20220825,002,1795
929.2195,929.2268,39218,58253,Pipistrellus nathusii,0.694,0.723,-1,Echolocation,/mnt/ubna_data_01_mir/recover-20220825/UBNA_002/20220823_033000.WAV,Telephone Field,recover-20220825,002,1795
929.3025,929.3379,68437,81911,Rhinolophus ferrumequinum,0.021,0.021,-1,Echolocation,/mnt/ubna_data_01_mir/recover-20220825/UBNA_002/20220823_033000.WAV,Telephone Field,recover-20220825,002,1795
929.3075,929.3143,28046,38842,Eptesicus serotinus,0.007,0.022,-1,Echolocation,/mnt/ubna_data_01_mir/recover-20220825/UBNA_002/20220823_033000.WAV,Telephone Field,recover-20220825,002,1795
929.3185,929.3259,39218,54001,Pipistrellus nathusii,0.672,0.713,-1,Echolocation,/mnt/ubna_data_01_mir/recover-20220825/UBNA_002/20220823_033000.WAV,Telephone Field,recover-20220825,002,1795
929.3285,929.3385,27187,33351,Eptesicus serotinus,0.007,0.022,-1,Echolocation,/mnt/ubna_data_01_mir/recover-20220825/UBNA_002/20220823_033000.WAV,Telephone Field,recover-20220825,002,1795
929.3485000000001,929.3878,68437,82985,Rhinolophus ferrumequinum,0.027,0.027,-1,Echolocation,/mnt/ubna_data_01_mir/recover-20220825/UBNA_002/20220823_033000.WAV,Telephone Field,recover-20220825,002,1795
929.3585,929.3663,47812,52345,Pipistrellus pipistrellus,0.017,0.023,-1,Echolocation,/mnt/ubna_data_01_mir/recover-20220825/UBNA_002/20220823_033000.WAV,Telephone Field,recover-20220825,002,1795
929.3935,929.4014,27187,41456,Eptesicus serotinus,0.008,0.022,-1,Echolocation,/mnt/ubna_data_01_mir/recover-20220825/UBNA_002/20220823_033000.WAV,Telephone Field,recover-20220825,002,1795
929.4125,929.4209,48671,53254,Pipistrellus pipistrellus,0.015,0.024,-1,Echolocation,/mnt/ubna_data_01_mir/recover-20220825/UBNA_002/20220823_033000.WAV,Telephone Field,recover-20220825,002,1795
929.4165,929.4243,38359,54081,Pipistrellus nathusii,0.59,0.676,-1,Echolocation,/mnt/ubna_data_01_mir/recover-20220825/UBNA_002/20220823_033000.WAV,Telephone Field,recover-20220825,002,1795
929.4275,929.4609,68437,80653,Rhinolophus ferrumequinum,0.021,0.021,-1,Echolocation,/mnt/ubna_data_01_mir/recover-20220825/UBNA_002/20220823_033000.WAV,Telephone Field,recover-20220825,002,1795
929.5045,929.5121,27187,35511,Eptesicus serotinus,0.008,0.021,-1,Echolocation,/mnt/ubna_data_01_mir/recover-20220825/UBNA_002/20220823_033000.WAV,Telephone Field,recover-20220825,002,1795
929.5055,929.5134,53828,59341,Pipistrellus pygmaeus,0.039,0.039,-1,Echolocation,/mnt/ubna_data_01_mir/recover-20220825/UBNA_002/20220823_033000.WAV,Telephone Field,recover-20220825,002,1795
929.5155,929.5221,52968,56666,Pipistrellus pygmaeus,0.019,0.027,-1,Echolocation,/mnt/ubna_data_01_mir/recover-20220825/UBNA_002/20220823_033000.WAV,Telephone Field,recover-20220825,002,1795
929.5155,929.5229,38359,55464,Pipistrellus nathusii,0.631,0.683,-1,Echolocation,/mnt/ubna_data_01_mir/recover-20220825/UBNA_002/20220823_033000.WAV,Telephone Field,recover-20220825,002,1795
929.5515,929.5624,27187,34497,Eptesicus serotinus,0.015,0.027,-1,Echolocation,/mnt/ubna_data_01_mir/recover-20220825/UBNA_002/20220823_033000.WAV,Telephone Field,recover-20220825,002,1795
929.5535,929.5632,55546,64459,Pipistrellus pygmaeus,0.027,0.028,-1,Echolocation,/mnt/ubna_data_01_mir/recover-20220825/UBNA_002/20220823_033000.WAV,Telephone Field,recover-20220825,002,1795
929.5815,929.5912,28046,35600,Eptesicus serotinus,0.009,0.022,-1,Echolocation,/mnt/ubna_data_01_mir/recover-20220825/UBNA_002/20220823_033000.WAV,Telephone Field,recover-20220825,002,1795
929.5915,929.6017,24609,30465,Nyctalus leisleri,0.008,0.021,-1,Echolocation,/mnt/ubna_data_01_mir/recover-20220825/UBNA_002/20220823_033000.WAV,Telephone Field,recover-20220825,002,1795
929.6385,929.6451,30625,54987,Myotis brandtii,0.012,0.029,-1,Echolocation,/mnt/ubna_data_01_mir/recover-20220825/UBNA_002/20220823_033000.WAV,Telephone Field,recover-20220825,002,1795
929.6415,929.6487,39218,54524,Pipistrellus nathusii,0.644,0.684,-1,Echolocation,/mnt/ubna_data_01_mir/recover-20220825/UBNA_002/20220823_033000.WAV,Telephone Field,recover-20220825,002,1795
929.6665,929.6769,22890,29356,Nyctalus leisleri,0.007,0.025,-1,Echolocation,/mnt/ubna_data_01_mir/recover-20220825/UBNA_002/20220823_033000.WAV,Telephone Field,recover-20220825,002,1795
929.7055,929.7139999999999,28046,39093,Eptesicus serotinus,0.008,0.022,-1,Echolocation,/mnt/ubna_data_01_mir/recover-20220825/UBNA_002/20220823_033000.WAV,Telephone Field,recover-20220825,002,1795
929.7185,929.7602,68437,82973,Rhinolophus ferrumequinum,0.024,0.024,-1,Echolocation,/mnt/ubna_data_01_mir/recover-20220825/UBNA_002/20220823_033000.WAV,Telephone Field,recover-20220825,002,1795
929.7355,929.7438,49531,53361,Pipistrellus pipistrellus,0.016,0.029,-1,Echolocation,/mnt/ubna_data_01_mir/recover-20220825/UBNA_002/20220823_033000.WAV,Telephone Field,recover-20220825,002,1795
929.7385,929.7461,37500,54294,Pipistrellus nathusii,0.44,0.574,-1,Echolocation,/mnt/ubna_data_01_mir/recover-20220825/UBNA_002/20220823_033000.WAV,Telephone Field,recover-20220825,002,1795
929.7435,929.7532,21171,27647,Plecotus austriacus,0.007,0.025,-1,Echolocation,/mnt/ubna_data_01_mir/recover-20220825/UBNA_002/20220823_033000.WAV,Telephone Field,recover-20220825,002,1795
929.7485,929.7566,27187,34479,Eptesicus serotinus,0.006,0.021,-1,Echolocation,/mnt/ubna_data_01_mir/recover-20220825/UBNA_002/20220823_033000.WAV,Telephone Field,recover-20220825,002,1795
929.7545,929.7615,54687,61216,Pipistrellus pygmaeus,0.029,0.029,-1,Echolocation,/mnt/ubna_data_01_mir/recover-20220825/UBNA_002/20220823_033000.WAV,Telephone Field,recover-20220825,002,1795
929.7695,929.8086,68437,82086,Rhinolophus ferrumequinum,0.022,0.022,-1,Echolocation,/mnt/ubna_data_01_mir/recover-20220825/UBNA_002/20220823_033000.WAV,Telephone Field,recover-20220825,002,1795
929.7995,929.8383,68437,82118,Rhinolophus ferrumequinum,0.022,0.022,-1,Echolocation,/mnt/ubna_data_01_mir/recover-20220825/UBNA_002/20220823_033000.WAV,Telephone Field,recover-20220825,002,1795
929.8275,929.8351,40937,47814,Pipistrellus nathusii,0.009,0.023,-1,Echolocation,/mnt/ubna_data_01_mir/recover-20220825/UBNA_002/20220823_033000.WAV,Telephone Field,recover-20220825,002,1795
929.8685,929.8882,18593,22054,Nyctalus noctula,0.019,0.032,-1,Echolocation,/mnt/ubna_data_01_mir/recover-20220825/UBNA_002/20220823_033000.WAV,Telephone Field,recover-20220825,002,1795
929.8785,929.8865,38359,57402,Pipistrellus nathusii,0.575,0.682,-1,Echolocation,/mnt/ubna_data_01_mir/recover-20220825/UBNA_002/20220823_033000.WAV,Telephone Field,recover-20220825,002,1795
929.8805,929.8878,47812,53780,Pipistrellus pipistrellus,0.011,0.025,-1,Echolocation,/mnt/ubna_data_01_mir/recover-20220825/UBNA_002/20220823_033000.WAV,Telephone Field,recover-20220825,002,1795
929.8925,929.9283,68437,81438,Rhinolophus ferrumequinum,0.022,0.023,-1,Echolocation,/mnt/ubna_data_01_mir/recover-20220825/UBNA_002/20220823_033000.WAV,Telephone Field,recover-20220825,002,1795
929.8935,929.9036,23750,30082,Nyctalus leisleri,0.007,0.023,-1,Echolocation,/mnt/ubna_data_01_mir/recover-20220825/UBNA_002/20220823_033000.WAV,Telephone Field,recover-20220825,002,1795
929.9155,929.9235,28046,37299,Eptesicus serotinus,0.008,0.021,-1,Echolocation,/mnt/ubna_data_01_mir/recover-20220825/UBNA_002/20220823_033000.WAV,Telephone Field,recover-20220825,002,1795
929.9375,929.9469,28046,35965,Eptesicus serotinus,0.009,0.021,-1,Echolocation,/mnt/ubna_data_01_mir/recover-20220825/UBNA_002/20220823_033000.WAV,Telephone Field,recover-20220825,002,1795
929.9685,929.9759,28046,36650,Eptesicus serotinus,0.007,0.023,-1,Echolocation,/mnt/ubna_data_01_mir/recover-20220825/UBNA_002/20220823_033000.WAV,Telephone Field,recover-20220825,002,1795
929.9815,929.9891,49531,55521,Pipistrellus pipistrellus,0.019,0.034,-1,Echolocation,/mnt/ubna_data_01_mir/recover-20220825/UBNA_002/20220823_033000.WAV,Telephone Field,recover-20220825,002,1795
929.9835,929.9894,30625,68571,Myotis bechsteinii,0.029,0.064,-1,Echolocation,/mnt/ubna_data_01_mir/recover-20220825/UBNA_002/20220823_033000.WAV,Telephone Field,recover-20220825,002,1795
929.9845,929.9916,38359,59935,Pipistrellus nathusii,0.474,0.629,-1,Echolocation,/mnt/ubna_data_01_mir/recover-20220825/UBNA_002/20220823_033000.WAV,Telephone Field,recover-20220825,002,1795
929.9935,929.9991,29765,40856,Myotis daubentonii,0.01,0.032,-1,Echolocation,/mnt/ubna_data_01_mir/recover-20220825/UBNA_002/20220823_033000.WAV,Telephone Field,recover-20220825,002,1795
930.0015,930.0107,22031,27510,Nyctalus leisleri,0.01,0.022,-1,Echolocation,/mnt/ubna_data_01_mir/recover-20220825/UBNA_002/20220823_033000.WAV,Telephone Field,recover-20220825,002,1795
930.0015,930.0097,47812,57374,Pipistrellus pipistrellus,0.021,0.032,-1,Echolocation,/mnt/ubna_data_01_mir/recover-20220825/UBNA_002/20220823_033000.WAV,Telephone Field,recover-20220825,002,1795
930.0015,930.0313,68437,80171,Rhinolophus ferrumequinum,0.036,0.037,-1,Echolocation,/mnt/ubna_data_01_mir/recover-20220825/UBNA_002/20220823_033000.WAV,Telephone Field,recover-20220825,002,1795
930.0105,930.049,68437,81716,Rhinolophus ferrumequinum,0.023,0.023,-1,Echolocation,/mnt/ubna_data_01_mir/recover-20220825/UBNA_002/20220823_033000.WAV,Telephone Field,recover-20220825,002,1795
930.0625,930.0709,28046,35430,Eptesicus serotinus,0.008,0.022,-1,Echolocation,/mnt/ubna_data_01_mir/recover-20220825/UBNA_002/20220823_033000.WAV,Telephone Field,recover-20220825,002,1795
930.0735,930.0787,50390,56342,Pipistrellus pipistrellus,0.02,0.033,-1,Echolocation,/mnt/ubna_data_01_mir/recover-20220825/UBNA_002/20220823_033000.WAV,Telephone Field,recover-20220825,002,1795
930.0795,930.0865,37500,62041,Pipistrellus nathusii,0.488,0.572,-1,Echolocation,/mnt/ubna_data_01_mir/recover-20220825/UBNA_002/20220823_033000.WAV,Telephone Field,recover-20220825,002,1795
930.0795,930.0855,47812,55743,Pipistrellus pipistrellus,0.019,0.031,-1,Echolocation,/mnt/ubna_data_01_mir/recover-20220825/UBNA_002/20220823_033000.WAV,Telephone Field,recover-20220825,002,1795
930.0815,930.0932,16875,33057,Nyctalus noctula,0.011,0.021,-1,Echolocation,/mnt/ubna_data_01_mir/recover-20220825/UBNA_002/20220823_033000.WAV,Telephone Field,recover-20220825,002,1795
930.0875,930.094,36640,51114,Myotis brandtii,0.015,0.033,-1,Echolocation,/mnt/ubna_data_01_mir/recover-20220825/UBNA_002/20220823_033000.WAV,Telephone Field,recover-20220825,002,1795
930.0925,930.1267,68437,81265,Rhinolophus ferrumequinum,0.024,0.025,-1,Echolocation,/mnt/ubna_data_01_mir/recover-20220825/UBNA_002/20220823_033000.WAV,Telephone Field,recover-20220825,002,1795
930.1555,930.1637,28046,38873,Eptesicus serotinus,0.007,0.022,-1,Echolocation,/mnt/ubna_data_01_mir/recover-20220825/UBNA_002/20220823_033000.WAV,Telephone Field,recover-20220825,002,1795
930.1705,930.1774,50390,58616,Pipistrellus pipistrellus,0.024,0.043,-1,Echolocation,/mnt/ubna_data_01_mir/recover-20220825/UBNA_002/20220823_033000.WAV,Telephone Field,recover-20220825,002,1795
930.1715,930.1783,28906,73075,Myotis bechsteinii,0.056,0.094,-1,Echolocation,/mnt/ubna_data_01_mir/recover-20220825/UBNA_002/20220823_033000.WAV,Telephone Field,recover-20220825,002,1795
930.1725,930.18,35781,63050,Pipistrellus nathusii,0.422,0.55,-1,Echolocation,/mnt/ubna_data_01_mir/recover-20220825/UBNA_002/20220823_033000.WAV,Telephone Field,recover-20220825,002,1795
930.2175,930.225,58125,63913,Pipistrellus pygmaeus,0.023,0.023,-1,Echolocation,/mnt/ubna_data_01_mir/recover-20220825/UBNA_002/20220823_033000.WAV,Telephone Field,recover-20220825,002,1795
930.2345,930.2424,27187,42209,Eptesicus serotinus,0.008,0.022,-1,Echolocation,/mnt/ubna_data_01_mir/recover-20220825/UBNA_002/20220823_033000.WAV,Telephone Field,recover-20220825,002,1795
930.2725,930.28,36640,62884,Pipistrellus nathusii,0.479,0.542,-1,Echolocation,/mnt/ubna_data_01_mir/recover-20220825/UBNA_002/20220823_033000.WAV,Telephone Field,recover-20220825,002,1795
930.2735,930.2785,48671,56337,Pipistrellus pipistrellus,0.015,0.031,-1,Echolocation,/mnt/ubna_data_01_mir/recover-20220825/UBNA_002/20220823_033000.WAV,Telephone Field,recover-20220825,002,1795
930.2745,930.3067,68437,82910,Rhinolophus ferrumequinum,0.024,0.024,-1,Echolocation,/mnt/ubna_data_01_mir/recover-20220825/UBNA_002/20220823_033000.WAV,Telephone Field,recover-20220825,002,1795
930.2815,930.2873,34062,50225,Myotis brandtii,0.014,0.031,-1,Echolocation,/mnt/ubna_data_01_mir/recover-20220825/UBNA_002/20220823_033000.WAV,Telephone Field,recover-20220825,002,1795
930.2845,930.316,68437,81245,Rhinolophus ferrumequinum,0.022,0.022,-1,Echolocation,/mnt/ubna_data_01_mir/recover-20220825/UBNA_002/20220823_033000.WAV,Telephone Field,recover-20220825,002,1795
930.3035,930.3413,68437,82522,Rhinolophus ferrumequinum,0.028,0.028,-1,Echolocation,/mnt/ubna_data_01_mir/recover-20220825/UBNA_002/20220823_033000.WAV,Telephone Field,recover-20220825,002,1795
930.3835,930.3898,31484,62298,Myotis brandtii,0.015,0.029,-1,Echolocation,/mnt/ubna_data_01_mir/recover-20220825/UBNA_002/20220823_033000.WAV,Telephone Field,recover-20220825,002,1795
930.3845,930.3922,42656,49334,Pipistrellus nathusii,0.039,0.054,-1,Echolocation,/mnt/ubna_data_01_mir/recover-20220825/UBNA_002/20220823_033000.WAV,Telephone Field,recover-20220825,002,1795
930.4055,930.4436,68437,82558,Rhinolophus ferrumequinum,0.022,0.022,-1,Echolocation,/mnt/ubna_data_01_mir/recover-20220825/UBNA_002/20220823_033000.WAV,Telephone Field,recover-20220825,002,1795
930.4375,930.4445,49531,57262,Pipistrellus pipistrellus,0.025,0.044,-1,Echolocation,/mnt/ubna_data_01_mir/recover-20220825/UBNA_002/20220823_033000.WAV,Telephone Field,recover-20220825,002,1795
930.4415,930.449,37500,65671,Pipistrellus nathusii,0.447,0.589,-1,Echolocation,/mnt/ubna_data_01_mir/recover-20220825/UBNA_002/20220823_033000.WAV,Telephone Field,recover-20220825,002,1795
930.5035,930.5413,68437,82246,Rhinolophus ferrumequinum,0.024,0.024,-1,Echolocation,/mnt/ubna_data_01_mir/recover-20220825/UBNA_002/20220823_033000.WAV,Telephone Field,recover-20220825,002,1795
930.5065,930.5132,49531,60116,Pipistrellus pipistrellus,0.017,0.022,-1,Echolocation,/mnt/ubna_data_01_mir/recover-20220825/UBNA_002/20220823_033000.WAV,Telephone Field,recover-20220825,002,1795
930.5145,930.5225,28046,35643,Eptesicus serotinus,0.007,0.021,-1,Echolocation,/mnt/ubna_data_01_mir/recover-20220825/UBNA_002/20220823_033000.WAV,Telephone Field,recover-20220825,002,1795
930.5305,930.5369,29765,67138,Myotis bechsteinii,0.035,0.074,-1,Echolocation,/mnt/ubna_data_01_mir/recover-20220825/UBNA_002/20220823_033000.WAV,Telephone Field,recover-20220825,002,1795
930.5315,930.5365,48671,56905,Pipistrellus pipistrellus,0.03,0.058,-1,Echolocation,/mnt/ubna_data_01_mir/recover-20220825/UBNA_002/20220823_033000.WAV,Telephone Field,recover-20220825,002,1795
930.5315,930.5398,36640,62624,Pipistrellus nathusii,0.528,0.578,-1,Echolocation,/mnt/ubna_data_01_mir/recover-20220825/UBNA_002/20220823_033000.WAV,Telephone Field,recover-20220825,002,1795
930.5395,930.5453,29765,42018,Myotis daubentonii,0.011,0.024,-1,Echolocation,/mnt/ubna_data_01_mir/recover-20220825/UBNA_002/20220823_033000.WAV,Telephone Field,recover-20220825,002,1795
930.5635,930.5725,49531,55556,Pipistrellus pipistrellus,0.017,0.023,-1,Echolocation,/mnt/ubna_data_01_mir/recover-20220825/UBNA_002/20220823_033000.WAV,Telephone Field,recover-20220825,002,1795
930.5665,930.6037,68437,82150,Rhinolophus ferrumequinum,0.023,0.023,-1,Echolocation,/mnt/ubna_data_01_mir/recover-20220825/UBNA_002/20220823_033000.WAV,Telephone Field,recover-20220825,002,1795
930.5965,930.6067,44375,52448,Pipistrellus pipistrellus,0.013,0.021,-1,Echolocation,/mnt/ubna_data_01_mir/recover-20220825/UBNA_002/20220823_033000.WAV,Telephone Field,recover-20220825,002,1795
930.6135,930.6192,32343,57973,Myotis brandtii,0.015,0.029,-1,Echolocation,/mnt/ubna_data_01_mir/recover-20220825/UBNA_002/20220823_033000.WAV,Telephone Field,recover-20220825,002,1795
930.6145,930.6224,40937,48541,Pipistrellus nathusii,0.021,0.039,-1,Echolocation,/mnt/ubna_data_01_mir/recover-20220825/UBNA_002/20220823_033000.WAV,Telephone Field,recover-20220825,002,1795
930.6315,930.6406,41796,49982,Pipistrellus nathusii,0.006,0.022,-1,Echolocation,/mnt/ubna_data_01_mir/recover-20220825/UBNA_002/20220823_033000.WAV,Telephone Field,recover-20220825,002,1795
930.6495,930.6564,49531,55715,Pipistrellus pipistrellus,0.045,0.073,-1,Echolocation,/mnt/ubna_data_01_mir/recover-20220825/UBNA_002/20220823_033000.WAV,Telephone Field,recover-20220825,002,1795
930.6525,930.66,35781,68090,Pipistrellus nathusii,0.419,0.546,-1,Echolocation,/mnt/ubna_data_01_mir/recover-20220825/UBNA_002/20220823_033000.WAV,Telephone Field,recover-20220825,002,1795
930.6525,930.6585,27187,79509,Myotis bechsteinii,0.08,0.119,-1,Echolocation,/mnt/ubna_data_01_mir/recover-20220825/UBNA_002/20220823_033000.WAV,Telephone Field,recover-20220825,002,1795
930.6625,930.6679,34062,48714,Myotis brandtii,0.009,0.024,-1,Echolocation,/mnt/ubna_data_01_mir/recover-20220825/UBNA_002/20220823_033000.WAV,Telephone Field,recover-20220825,002,1795
930.6655,930.698,68437,81377,Rhinolophus ferrumequinum,0.026,0.026,-1,Echolocation,/mnt/ubna_data_01_mir/recover-20220825/UBNA_002/20220823_033000.WAV,Telephone Field,recover-20220825,002,1795
930.6875,930.7215,68437,80949,Rhinolophus ferrumequinum,0.022,0.022,-1,Echolocation,/mnt/ubna_data_01_mir/recover-20220825/UBNA_002/20220823_033000.WAV,Telephone Field,recover-20220825,002,1795
930.6945,930.7051,28046,35578,Eptesicus serotinus,0.011,0.025,-1,Echolocation,/mnt/ubna_data_01_mir/recover-20220825/UBNA_002/20220823_033000.WAV,Telephone Field,recover-20220825,002,1795
930.7255,930.7315,35781,55124,Myotis brandtii,0.015,0.031,-1,Echolocation,/mnt/ubna_data_01_mir/recover-20220825/UBNA_002/20220823_033000.WAV,Telephone Field,recover-20220825,002,1795
930.7455,930.7523,27187,70647,Myotis bechsteinii,0.102,0.15,-1,Echolocation,/mnt/ubna_data_01_mir/recover-20220825/UBNA_002/20220823_033000.WAV,Telephone Field,recover-20220825,002,1795
930.7455,930.7529,34921,63793,Pipistrellus nathusii,0.322,0.474,-1,Echolocation,/mnt/ubna_data_01_mir/recover-20220825/UBNA_002/20220823_033000.WAV,Telephone Field,recover-20220825,002,1795
930.7475,930.7527,49531,59180,Pipistrellus pipistrellus,0.03,0.066,-1,Echolocation,/mnt/ubna_data_01_mir/recover-20220825/UBNA_002/20220823_033000.WAV,Telephone Field,recover-20220825,002,1795
930.7545,930.761,36640,48524,Myotis brandtii,0.011,0.025,-1,Echolocation,/mnt/ubna_data_01_mir/recover-20220825/UBNA_002/20220823_033000.WAV,Telephone Field,recover-20220825,002,1795
930.7565,930.762,28906,41870,Myotis daubentonii,0.007,0.021,-1,Echolocation,/mnt/ubna_data_01_mir/recover-20220825/UBNA_002/20220823_033000.WAV,Telephone Field,recover-20220825,002,1795
930.7585,930.7909,68437,80832,Rhinolophus ferrumequinum,0.021,0.021,-1,Echolocation,/mnt/ubna_data_01_mir/recover-20220825/UBNA_002/20220823_033000.WAV,Telephone Field,recover-20220825,002,1795
930.7885,930.7951,47812,55454,Pipistrellus pipistrellus,0.022,0.026,-1,Echolocation,/mnt/ubna_data_01_mir/recover-20220825/UBNA_002/20220823_033000.WAV,Telephone Field,recover-20220825,002,1795
930.8145,930.8236,28046,36801,Eptesicus serotinus,0.008,0.022,-1,Echolocation,/mnt/ubna_data_01_mir/recover-20220825/UBNA_002/20220823_033000.WAV,Telephone Field,recover-20220825,002,1795
930.8445,930.8531,44375,53580,Pipistrellus pipistrellus,0.023,0.031,-1,Echolocation,/mnt/ubna_data_01_mir/recover-20220825/UBNA_002/20220823_033000.WAV,Telephone Field,recover-20220825,002,1795
930.8455,930.8525,53828,62058,Pipistrellus pygmaeus,0.023,0.023,-1,Echolocation,/mnt/ubna_data_01_mir/recover-20220825/UBNA_002/20220823_033000.WAV,Telephone Field,recover-20220825,002,1795
930.9215,930.9281,26328,76742,Myotis bechsteinii,0.114,0.167,-1,Echolocation,/mnt/ubna_data_01_mir/recover-20220825/UBNA_002/20220823_033000.WAV,Telephone Field,recover-20220825,002,1795
930.9215,930.9293,35781,67076,Pipistrellus nathusii,0.229,0.368,-1,Echolocation,/mnt/ubna_data_01_mir/recover-20220825/UBNA_002/20220823_033000.WAV,Telephone Field,recover-20220825,002,1795
930.9225,930.9282,50390,57070,Pipistrellus pipistrellus,0.021,0.044,-1,Echolocation,/mnt/ubna_data_01_mir/recover-20220825/UBNA_002/20220823_033000.WAV,Telephone Field,recover-20220825,002,1795
930.9305,930.9371,36640,50129,Myotis brandtii,0.014,0.031,-1,Echolocation,/mnt/ubna_data_01_mir/recover-20220825/UBNA_002/20220823_033000.WAV,Telephone Field,recover-20220825,002,1795
930.9325,930.9378,28046,41544,Myotis daubentonii,0.008,0.026,-1,Echolocation,/mnt/ubna_data_01_mir/recover-20220825/UBNA_002/20220823_033000.WAV,Telephone Field,recover-20220825,002,1795
931.0145,931.0205,49531,57123,Pipistrellus pipistrellus,0.02,0.032,-1,Echolocation,/mnt/ubna_data_01_mir/recover-20220825/UBNA_002/20220823_033000.WAV,Telephone Field,recover-20220825,002,1795
931.0215,931.0306,49531,61037,Pipistrellus pipistrellus,0.029,0.043,-1,Echolocation,/mnt/ubna_data_01_mir/recover-20220825/UBNA_002/20220823_033000.WAV,Telephone Field,recover-20220825,002,1795
931.0215,931.0295,35781,68706,Pipistrellus nathusii,0.423,0.512,-1,Echolocation,/mnt/ubna_data_01_mir/recover-20220825/UBNA_002/20220823_033000.WAV,Telephone Field,recover-20220825,002,1795
931.0215,931.0279,27187,80568,Myotis bechsteinii,0.079,0.117,-1,Echolocation,/mnt/ubna_data_01_mir/recover-20220825/UBNA_002/20220823_033000.WAV,Telephone Field,recover-20220825,002,1795
931.0305,931.037,37500,51391,Myotis brandtii,0.012,0.028,-1,Echolocation,/mnt/ubna_data_01_mir/recover-20220825/UBNA_002/20220823_033000.WAV,Telephone Field,recover-20220825,002,1795
931.0655,931.1054,68437,82961,Rhinolophus ferrumequinum,0.021,0.021,-1,Echolocation,/mnt/ubna_data_01_mir/recover-20220825/UBNA_002/20220823_033000.WAV,Telephone Field,recover-20220825,002,1795
931.1175,931.1255,34921,67984,Pipistrellus nathusii,0.368,0.497,-1,Echolocation,/mnt/ubna_data_01_mir/recover-20220825/UBNA_002/20220823_033000.WAV,Telephone Field,recover-20220825,002,1795
931.1175,931.1243,26328,79636,Myotis bechsteinii,0.122,0.164,-1,Echolocation,/mnt/ubna_data_01_mir/recover-20220825/UBNA_002/20220823_033000.WAV,Telephone Field,recover-20220825,002,1795
931.1185,931.1256,52109,63737,Pipistrellus pygmaeus,0.026,0.05,-1,Echolocation,/mnt/ubna_data_01_mir/recover-20220825/UBNA_002/20220823_033000.WAV,Telephone Field,recover-20220825,002,1795
931.1265,931.1333,37500,49229,Pipistrellus nathusii,0.014,0.034,-1,Echolocation,/mnt/ubna_data_01_mir/recover-20220825/UBNA_002/20220823_033000.WAV,Telephone Field,recover-20220825,002,1795
931.1295,931.1351,32343,56771,Myotis brandtii,0.014,0.03,-1,Echolocation,/mnt/ubna_data_01_mir/recover-20220825/UBNA_002/20220823_033000.WAV,Telephone Field,recover-20220825,002,1795
931.1915,931.2294,68437,82178,Rhinolophus ferrumequinum,0.021,0.021,-1,Echolocation,/mnt/ubna_data_01_mir/recover-20220825/UBNA_002/20220823_033000.WAV,Telephone Field,recover-20220825,002,1795
931.1935,931.2042,54687,61504,Pipistrellus pygmaeus,0.033,0.035,-1,Echolocation,/mnt/ubna_data_01_mir/recover-20220825/UBNA_002/20220823_033000.WAV,Telephone Field,recover-20220825,002,1795
931.2105,931.2181,28046,33195,Eptesicus serotinus,0.009,0.024,-1,Echolocation,/mnt/ubna_data_01_mir/recover-20220825/UBNA_002/20220823_033000.WAV,Telephone Field,recover-20220825,002,1795
931.2235,931.2296,27187,85172,Myotis bechsteinii,0.096,0.142,-1,Echolocation,/mnt/ubna_data_01_mir/recover-20220825/UBNA_002/20220823_033000.WAV,Telephone Field,recover-20220825,002,1795
931.2235,931.2313,37500,72944,Pipistrellus nathusii,0.35,0.462,-1,Echolocation,/mnt/ubna_data_01_mir/recover-20220825/UBNA_002/20220823_033000.WAV,Telephone Field,recover-20220825,002,1795
931.2255,931.2321,50390,60866,Pipistrellus pipistrellus,0.014,0.032,-1,Echolocation,/mnt/ubna_data_01_mir/recover-20220825/UBNA_002/20220823_033000.WAV,Telephone Field,recover-20220825,002,1795
931.2345,931.2398,29765,43675,Myotis daubentonii,0.01,0.031,-1,Echolocation,/mnt/ubna_data_01_mir/recover-20220825/UBNA_002/20220823_033000.WAV,Telephone Field,recover-20220825,002,1795
931.2345,931.2397,34062,50220,Myotis brandtii,0.015,0.031,-1,Echolocation,/mnt/ubna_data_01_mir/recover-20220825/UBNA_002/20220823_033000.WAV,Telephone Field,recover-20220825,002,1795
931.2355,931.262,68437,80167,Rhinolophus ferrumequinum,0.033,0.033,-1,Echolocation,/mnt/ubna_data_01_mir/recover-20220825/UBNA_002/20220823_033000.WAV,Telephone Field,recover-20220825,002,1795
931.2825,931.3227,68437,83249,Rhinolophus ferrumequinum,0.04,0.04,-1,Echolocation,/mnt/ubna_data_01_mir/recover-20220825/UBNA_002/20220823_033000.WAV,Telephone Field,recover-20220825,002,1795
931.3165,931.35,68437,81167,Rhinolophus ferrumequinum,0.023,0.023,-1,Echolocation,/mnt/ubna_data_01_mir/recover-20220825/UBNA_002/20220823_033000.WAV,Telephone Field,recover-20220825,002,1795
931.3285,931.3355,52109,64514,Pipistrellus pygmaeus,0.09,0.104,-1,Echolocation,/mnt/ubna_data_01_mir/recover-20220825/UBNA_002/20220823_033000.WAV,Telephone Field,recover-20220825,002,1795
931.3295,931.3365,28046,80471,Myotis bechsteinii,0.059,0.112,-1,Echolocation,/mnt/ubna_data_01_mir/recover-20220825/UBNA_002/20220823_033000.WAV,Telephone Field,recover-20220825,002,1795
931.3305,931.3384,37500,74047,Pipistrellus nathusii,0.462,0.518,-1,Echolocation,/mnt/ubna_data_01_mir/recover-20220825/UBNA_002/20220823_033000.WAV,Telephone Field,recover-20220825,002,1795
931.3395,931.3454,36640,53995,Myotis brandtii,0.017,0.031,-1,Echolocation,/mnt/ubna_data_01_mir/recover-20220825/UBNA_002/20220823_033000.WAV,Telephone Field,recover-20220825,002,1795
931.3405,931.3462,28046,42849,Myotis daubentonii,0.007,0.022,-1,Echolocation,/mnt/ubna_data_01_mir/recover-20220825/UBNA_002/20220823_033000.WAV,Telephone Field,recover-20220825,002,1795
931.3965,931.4356,68437,82528,Rhinolophus ferrumequinum,0.022,0.022,-1,Echolocation,/mnt/ubna_data_01_mir/recover-20220825/UBNA_002/20220823_033000.WAV,Telephone Field,recover-20220825,002,1795
931.4035,931.411,26328,43098,Eptesicus serotinus,0.009,0.025,-1,Echolocation,/mnt/ubna_data_01_mir/recover-20220825/UBNA_002/20220823_033000.WAV,Telephone Field,recover-20220825,002,1795
931.4065,931.4142,42656,53031,Myotis brandtii,0.009,0.025,-1,Echolocation,/mnt/ubna_data_01_mir/recover-20220825/UBNA_002/20220823_033000.WAV,Telephone Field,recover-20220825,002,1795
931.4305,931.4381,48671,55575,Pipistrellus pipistrellus,0.019,0.032,-1,Echolocation,/mnt/ubna_data_01_mir/recover-20220825/UBNA_002/20220823_033000.WAV,Telephone Field,recover-20220825,002,1795
931.4375,931.4458,38359,72168,Pipistrellus nathusii,0.382,0.454,-1,Echolocation,/mnt/ubna_data_01_mir/recover-20220825/UBNA_002/20220823_033000.WAV,Telephone Field,recover-20220825,002,1795
931.4385,931.4451,28046,83132,Myotis bechsteinii,0.089,0.146,-1,Echolocation,/mnt/ubna_data_01_mir/recover-20220825/UBNA_002/20220823_033000.WAV,Telephone Field,recover-20220825,002,1795
931.4395,931.4453,52109,66697,Pipistrellus pygmaeus,0.047,0.065,-1,Echolocation,/mnt/ubna_data_01_mir/recover-20220825/UBNA_002/20220823_033000.WAV,Telephone Field,recover-20220825,002,1795
931.4475,931.4533,39218,54691,Myotis brandtii,0.018,0.038,-1,Echolocation,/mnt/ubna_data_01_mir/recover-20220825/UBNA_002/20220823_033000.WAV,Telephone Field,recover-20220825,002,1795
931.4725,931.4845,24609,31052,Nyctalus leisleri,0.013,0.035,-1,Echolocation,/mnt/ubna_data_01_mir/recover-20220825/UBNA_002/20220823_033000.WAV,Telephone Field,recover-20220825,002,1795
931.5105,931.5193,28046,37186,Eptesicus serotinus,0.008,0.021,-1,Echolocation,/mnt/ubna_data_01_mir/recover-20220825/UBNA_002/20220823_033000.WAV,Telephone Field,recover-20220825,002,1795
931.5365,931.5472,52968,62920,Pipistrellus pygmaeus,0.033,0.041,-1,Echolocation,/mnt/ubna_data_01_mir/recover-20220825/UBNA_002/20220823_033000.WAV,Telephone Field,recover-20220825,002,1795
931.5395,931.5462,27187,77798,Myotis bechsteinii,0.098,0.17,-1,Echolocation,/mnt/ubna_data_01_mir/recover-20220825/UBNA_002/20220823_033000.WAV,Telephone Field,recover-20220825,002,1795
931.5405,931.5478,38359,66353,Pipistrellus nathusii,0.481,0.527,-1,Echolocation,/mnt/ubna_data_01_mir/recover-20220825/UBNA_002/20220823_033000.WAV,Telephone Field,recover-20220825,002,1795
931.5495,931.5561,37500,55034,Pipistrellus nathusii,0.034,0.057,-1,Echolocation,/mnt/ubna_data_01_mir/recover-20220825/UBNA_002/20220823_033000.WAV,Telephone Field,recover-20220825,002,1795
931.5505,931.5558,31484,57844,Myotis brandtii,0.02,0.035,-1,Echolocation,/mnt/ubna_data_01_mir/recover-20220825/UBNA_002/20220823_033000.WAV,Telephone Field,recover-20220825,002,1795
931.5825,931.6216,68437,82410,Rhinolophus ferrumequinum,0.023,0.023,-1,Echolocation,/mnt/ubna_data_01_mir/recover-20220825/UBNA_002/20220823_033000.WAV,Telephone Field,recover-20220825,002,1795
931.5865,931.5967,31484,38104,Eptesicus serotinus,0.004,0.023,-1,Echolocation,/mnt/ubna_data_01_mir/recover-20220825/UBNA_002/20220823_033000.WAV,Telephone Field,recover-20220825,002,1795
931.6065,931.6447,68437,82217,Rhinolophus ferrumequinum,0.021,0.021,-1,Echolocation,/mnt/ubna_data_01_mir/recover-20220825/UBNA_002/20220823_033000.WAV,Telephone Field,recover-20220825,002,1795
931.6275,931.6629,68437,81694,Rhinolophus ferrumequinum,0.022,0.022,-1,Echolocation,/mnt/ubna_data_01_mir/recover-20220825/UBNA_002/20220823_033000.WAV,Telephone Field,recover-20220825,002,1795
931.6385,931.6468,52109,59563,Pipistrellus pygmaeus,0.026,0.029,-1,Echolocation,/mnt/ubna_data_01_mir/recover-20220825/UBNA_002/20220823_033000.WAV,Telephone Field,recover-20220825,002,1795
931.6435,931.6499,27187,87178,Myotis bechsteinii,0.163,0.215,-1,Echolocation,/mnt/ubna_data_01_mir/recover-20220825/UBNA_002/20220823_033000.WAV,Telephone Field,recover-20220825,002,1795
931.6435,931.6512,39218,70563,Pipistrellus nathusii,0.447,0.51,-1,Echolocation,/mnt/ubna_data_01_mir/recover-20220825/UBNA_002/20220823_033000.WAV,Telephone Field,recover-20220825,002,1795
931.6455,931.651,49531,60660,Pipistrellus pipistrellus,0.013,0.03,-1,Echolocation,/mnt/ubna_data_01_mir/recover-20220825/UBNA_002/20220823_033000.WAV,Telephone Field,recover-20220825,002,1795
931.6515,931.6584,39218,52639,Pipistrellus nathusii,0.041,0.06,-1,Echolocation,/mnt/ubna_data_01_mir/recover-20220825/UBNA_002/20220823_033000.WAV,Telephone Field,recover-20220825,002,1795
931.6535,931.6598,26328,41501,Eptesicus serotinus,0.005,0.022,-1,Echolocation,/mnt/ubna_data_01_mir/recover-20220825/UBNA_002/20220823_033000.WAV,Telephone Field,recover-20220825,002,1795
931.6535,931.6585,32343,56629,Myotis brandtii,0.016,0.028,-1,Echolocation,/mnt/ubna_data_01_mir/recover-20220825/UBNA_002/20220823_033000.WAV,Telephone Field,recover-20220825,002,1795
931.6565,931.6874,68437,80710,Rhinolophus ferrumequinum,0.023,0.023,-1,Echolocation,/mnt/ubna_data_01_mir/recover-20220825/UBNA_002/20220823_033000.WAV,Telephone Field,recover-20220825,002,1795
931.6695,931.681,23750,28985,Nyctalus leisleri,0.01,0.023,-1,Echolocation,/mnt/ubna_data_01_mir/recover-20220825/UBNA_002/20220823_033000.WAV,Telephone Field,recover-20220825,002,1795
931.6785,931.6895,24609,32062,Eptesicus serotinus,0.008,0.021,-1,Echolocation,/mnt/ubna_data_01_mir/recover-20220825/UBNA_002/20220823_033000.WAV,Telephone Field,recover-20220825,002,1795
931.6795,931.6894,55546,63312,Pipistrellus pygmaeus,0.026,0.027,-1,Echolocation,/mnt/ubna_data_01_mir/recover-20220825/UBNA_002/20220823_033000.WAV,Telephone Field,recover-20220825,002,1795
931.7105,931.7185,48671,55829,Pipistrellus pipistrellus,0.015,0.025,-1,Echolocation,/mnt/ubna_data_01_mir/recover-20220825/UBNA_002/20220823_033000.WAV,Telephone Field,recover-20220825,002,1795
931.7185,931.731,55546,67716,Pipistrellus pygmaeus,0.021,0.024,-1,Echolocation,/mnt/ubna_data_01_mir/recover-20220825/UBNA_002/20220823_033000.WAV,Telephone Field,recover-20220825,002,1795
931.7185,931.725,27187,87236,Myotis bechsteinii,0.141,0.196,-1,Echolocation,/mnt/ubna_data_01_mir/recover-20220825/UBNA_002/20220823_033000.WAV,Telephone Field,recover-20220825,002,1795
931.7185,931.7264,35781,72228,Pipistrellus nathusii,0.231,0.378,-1,Echolocation,/mnt/ubna_data_01_mir/recover-20220825/UBNA_002/20220823_033000.WAV,Telephone Field,recover-20220825,002,1795
931.7205,931.7279,48671,59709,Pipistrellus pipistrellus,0.015,0.029,-1,Echolocation,/mnt/ubna_data_01_mir/recover-20220825/UBNA_002/20220823_033000.WAV,Telephone Field,recover-20220825,002,1795
931.7265,931.7332,40078,54395,Pipistrellus nathusii,0.062,0.079,-1,Echolocation,/mnt/ubna_data_01_mir/recover-20220825/UBNA_002/20220823_033000.WAV,Telephone Field,recover-20220825,002,1795
931.7265,931.732,46953,59964,Pipistrellus pipistrellus,0.014,0.027,-1,Echolocation,/mnt/ubna_data_01_mir/recover-20220825/UBNA_002/20220823_033000.WAV,Telephone Field,recover-20220825,002,1795
931.7305,931.7581,68437,80811,Rhinolophus ferrumequinum,0.024,0.024,-1,Echolocation,/mnt/ubna_data_01_mir/recover-20220825/UBNA_002/20220823_033000.WAV,Telephone Field,recover-20220825,002,1795
931.7795,931.7885,26328,30980,Eptesicus serotinus,0.009,0.023,-1,Echolocation,/mnt/ubna_data_01_mir/recover-20220825/UBNA_002/20220823_033000.WAV,Telephone Field,recover-20220825,002,1795
931.7895,931.7986,49531,58052,Pipistrellus pipistrellus,0.019,0.039,-1,Echolocation,/mnt/ubna_data_01_mir/recover-20220825/UBNA_002/20220823_033000.WAV,Telephone Field,recover-20220825,002,1795
931.7935,931.8014,33203,79600,Myotis brandtii,0.172,0.262,-1,Echolocation,/mnt/ubna_data_01_mir/recover-20220825/UBNA_002/20220823_033000.WAV,Telephone Field,recover-20220825,002,1795
931.7935,931.8006,25468,89549,Myotis bechsteinii,0.223,0.26,-1,Echolocation,/mnt/ubna_data_01_mir/recover-20220825/UBNA_002/20220823_033000.WAV,Telephone Field,recover-20220825,002,1795
931.7945,931.8019,49531,60010,Pipistrellus pipistrellus,0.025,0.043,-1,Echolocation,/mnt/ubna_data_01_mir/recover-20220825/UBNA_002/20220823_033000.WAV,Telephone Field,recover-20220825,002,1795
931.7945,931.8244,68437,82412,Rhinolophus ferrumequinum,0.034,0.034,-1,Echolocation,/mnt/ubna_data_01_mir/recover-20220825/UBNA_002/20220823_033000.WAV,Telephone Field,recover-20220825,002,1795
931.8015,931.8082,38359,53963,Pipistrellus nathusii,0.016,0.032,-1,Echolocation,/mnt/ubna_data_01_mir/recover-20220825/UBNA_002/20220823_033000.WAV,Telephone Field,recover-20220825,002,1795
931.8035,931.8089,32343,55166,Myotis brandtii,0.016,0.029,-1,Echolocation,/mnt/ubna_data_01_mir/recover-20220825/UBNA_002/20220823_033000.WAV,Telephone Field,recover-20220825,002,1795
931.8045,931.8322,68437,80727,Rhinolophus ferrumequinum,0.024,0.024,-1,Echolocation,/mnt/ubna_data_01_mir/recover-20220825/UBNA_002/20220823_033000.WAV,Telephone Field,recover-20220825,002,1795
931.8415,931.8501,28046,40779,Eptesicus serotinus,0.008,0.023,-1,Echolocation,/mnt/ubna_data_01_mir/recover-20220825/UBNA_002/20220823_033000.WAV,Telephone Field,recover-20220825,002,1795
931.8745,931.8818,49531,60762,Pipistrellus pipistrellus,0.045,0.099,-1,Echolocation,/mnt/ubna_data_01_mir/recover-20220825/UBNA_002/20220823_033000.WAV,Telephone Field,recover-20220825,002,1795
931.8755,931.8823,25468,93540,Myotis bechsteinii,0.195,0.239,-1,Echolocation,/mnt/ubna_data_01_mir/recover-20220825/UBNA_002/20220823_033000.WAV,Telephone Field,recover-20220825,002,1795
931.8765,931.8843,33203,82859,Myotis brandtii,0.278,0.359,-1,Echolocation,/mnt/ubna_data_01_mir/recover-20220825/UBNA_002/20220823_033000.WAV,Telephone Field,recover-20220825,002,1795
931.8845,931.892,40937,54686,Pipistrellus nathusii,0.047,0.057,-1,Echolocation,/mnt/ubna_data_01_mir/recover-20220825/UBNA_002/20220823_033000.WAV,Telephone Field,recover-20220825,002,1795
931.8855,931.8911,34062,59901,Myotis brandtii,0.018,0.028,-1,Echolocation,/mnt/ubna_data_01_mir/recover-20220825/UBNA_002/20220823_033000.WAV,Telephone Field,recover-20220825,002,1795
931.8915,931.9237,68437,80629,Rhinolophus ferrumequinum,0.024,0.024,-1,Echolocation,/mnt/ubna_data_01_mir/recover-20220825/UBNA_002/20220823_033000.WAV,Telephone Field,recover-20220825,002,1795
931.9715,931.9782,28046,35131,Eptesicus serotinus,0.005,0.021,-1,Echolocation,/mnt/ubna_data_01_mir/recover-20220825/UBNA_002/20220823_033000.WAV,Telephone Field,recover-20220825,002,1795
931.9815,931.9937,50390,56313,Pipistrellus pygmaeus,0.045,0.065,-1,Echolocation,/mnt/ubna_data_01_mir/recover-20220825/UBNA_002/20220823_033000.WAV,Telephone Field,recover-20220825,002,1795
931.9855,931.9922,39218,66168,Myotis brandtii,0.179,0.298,-1,Echolocation,/mnt/ubna_data_01_mir/recover-20220825/UBNA_002/20220823_033000.WAV,Telephone Field,recover-20220825,002,1795
931.9865,931.9927,27187,89704,Myotis bechsteinii,0.156,0.211,-1,Echolocation,/mnt/ubna_data_01_mir/recover-20220825/UBNA_002/20220823_033000.WAV,Telephone Field,recover-20220825,002,1795
932.0015,932.0088,24609,37131,Myotis nattereri,0.007,0.034,-1,Echolocation,/mnt/ubna_data_01_mir/recover-20220825/UBNA_002/20220823_033000.WAV,Telephone Field,recover-20220825,002,1795
932.0015,932.0316,68437,79839,Rhinolophus ferrumequinum,0.033,0.034,-1,Echolocation,/mnt/ubna_data_01_mir/recover-20220825/UBNA_002/20220823_033000.WAV,Telephone Field,recover-20220825,002,1795
932.0015,932.0072,40937,55000,Myotis brandtii,0.028,0.079,-1,Echolocation,/mnt/ubna_data_01_mir/recover-20220825/UBNA_002/20220823_033000.WAV,Telephone Field,recover-20220825,002,1795
932.0015,932.0163,57265,65685,Pipistrellus pygmaeus,0.021,0.023,-1,Echolocation,/mnt/ubna_data_01_mir/recover-20220825/UBNA_002/20220823_033000.WAV,Telephone Field,recover-20220825,002,1795
932.0805,932.095,47812,55241,Pipistrellus pipistrellus,0.015,0.034,-1,Echolocation,/mnt/ubna_data_01_mir/recover-20220825/UBNA_002/20220823_033000.WAV,Telephone Field,recover-20220825,002,1795
932.0855,932.0919,33203,77289,Myotis brandtii,0.469,0.555,-1,Echolocation,/mnt/ubna_data_01_mir/recover-20220825/UBNA_002/20220823_033000.WAV,Telephone Field,recover-20220825,002,1795
932.0875,932.0986,45234,51099,Pipistrellus pipistrellus,0.029,0.045,-1,Echolocation,/mnt/ubna_data_01_mir/recover-20220825/UBNA_002/20220823_033000.WAV,Telephone Field,recover-20220825,002,1795
932.0955,932.1032,29765,42155,Myotis daubentonii,0.009,0.022,-1,Echolocation,/mnt/ubna_data_01_mir/recover-20220825/UBNA_002/20220823_033000.WAV,Telephone Field,recover-20220825,002,1795
932.1135,932.1554,68437,82325,Rhinolophus ferrumequinum,0.023,0.023,-1,Echolocation,/mnt/ubna_data_01_mir/recover-20220825/UBNA_002/20220823_033000.WAV,Telephone Field,recover-20220825,002,1795
932.1255,932.1356,22890,29061,Nyctalus leisleri,0.007,0.024,-1,Echolocation,/mnt/ubna_data_01_mir/recover-20220825/UBNA_002/20220823_033000.WAV,Telephone Field,recover-20220825,002,1795
932.1315,932.1427,24609,31030,Eptesicus serotinus,0.01,0.024,-1,Echolocation,/mnt/ubna_data_01_mir/recover-20220825/UBNA_002/20220823_033000.WAV,Telephone Field,recover-20220825,002,1795
932.1705,932.1884,47812,53169,Pipistrellus pipistrellus,0.059,0.096,-1,Echolocation,/mnt/ubna_data_01_mir/recover-20220825/UBNA_002/20220823_033000.WAV,Telephone Field,recover-20220825,002,1795
932.1725,932.1775,35781,64906,Myotis brandtii,0.26,0.383,-1,Echolocation,/mnt/ubna_data_01_mir/recover-20220825/UBNA_002/20220823_033000.WAV,Telephone Field,recover-20220825,002,1795
932.1725,932.1776,26328,82729,Myotis brandtii,0.071,0.153,-1,Echolocation,/mnt/ubna_data_01_mir/recover-20220825/UBNA_002/20220823_033000.WAV,Telephone Field,recover-20220825,002,1795
932.1815,932.1891,26328,34261,Eptesicus serotinus,0.005,0.022,-1,Echolocation,/mnt/ubna_data_01_mir/recover-20220825/UBNA_002/20220823_033000.WAV,Telephone Field,recover-20220825,002,1795
932.2005,932.2094,15156,21279,Plecotus auritus,0.012,0.027,-1,Echolocation,/mnt/ubna_data_01_mir/recover-20220825/UBNA_002/20220823_033000.WAV,Telephone Field,recover-20220825,002,1795
932.2005,932.2122,28906,36761,Eptesicus serotinus,0.018,0.034,-1,Echolocation,/mnt/ubna_data_01_mir/recover-20220825/UBNA_002/20220823_033000.WAV,Telephone Field,recover-20220825,002,1795
932.2185,932.2259,27187,38695,Eptesicus serotinus,0.007,0.023,-1,Echolocation,/mnt/ubna_data_01_mir/recover-20220825/UBNA_002/20220823_033000.WAV,Telephone Field,recover-20220825,002,1795
932.2355,932.2424,27187,37011,Eptesicus serotinus,0.007,0.026,-1,Echolocation,/mnt/ubna_data_01_mir/recover-20220825/UBNA_002/20220823_033000.WAV,Telephone Field,recover-20220825,002,1795
932.2475,932.2539,29765,46019,Myotis daubentonii,0.012,0.023,-1,Echolocation,/mnt/ubna_data_01_mir/recover-20220825/UBNA_002/20220823_033000.WAV,Telephone Field,recover-20220825,002,1795
932.2545,932.263,44375,56194,Pipistrellus pipistrellus,0.008,0.032,-1,Echolocation,/mnt/ubna_data_01_mir/recover-20220825/UBNA_002/20220823_033000.WAV,Telephone Field,recover-20220825,002,1795
932.2555,932.2677,15156,20811,Nyctalus noctula,0.015,0.026,-1,Echolocation,/mnt/ubna_data_01_mir/recover-20220825/UBNA_002/20220823_033000.WAV,Telephone Field,recover-20220825,002,1795
932.2635,932.2706,29765,38011,Myotis daubentonii,0.01,0.03,-1,Echolocation,/mnt/ubna_data_01_mir/recover-20220825/UBNA_002/20220823_033000.WAV,Telephone Field,recover-20220825,002,1795
932.2815,932.2872,35781,76387,Myotis brandtii,0.346,0.417,-1,Echolocation,/mnt/ubna_data_01_mir/recover-20220825/UBNA_002/20220823_033000.WAV,Telephone Field,recover-20220825,002,1795
932.2985,932.3075,27187,35074,Eptesicus serotinus,0.008,0.025,-1,Echolocation,/mnt/ubna_data_01_mir/recover-20220825/UBNA_002/20220823_033000.WAV,Telephone Field,recover-20220825,002,1795
932.3085,932.3187,28046,36918,Eptesicus serotinus,0.01,0.024,-1,Echolocation,/mnt/ubna_data_01_mir/recover-20220825/UBNA_002/20220823_033000.WAV,Telephone Field,recover-20220825,002,1795
932.3445,932.35,40937,59797,Myotis brandtii,0.138,0.335,-1,Echolocation,/mnt/ubna_data_01_mir/recover-20220825/UBNA_002/20220823_033000.WAV,Telephone Field,recover-20220825,002,1795
932.3795,932.4188,68437,82624,Rhinolophus ferrumequinum,0.023,0.023,-1,Echolocation,/mnt/ubna_data_01_mir/recover-20220825/UBNA_002/20220823_033000.WAV,Telephone Field,recover-20220825,002,1795
932.4005,932.4061,40078,63627,Myotis brandtii,0.216,0.476,-1,Echolocation,/mnt/ubna_data_01_mir/recover-20220825/UBNA_002/20220823_033000.WAV,Telephone Field,recover-20220825,002,1795
932.4095,932.4152,33203,45130,Myotis daubentonii,0.01,0.025,-1,Echolocation,/mnt/ubna_data_01_mir/recover-20220825/UBNA_002/20220823_033000.WAV,Telephone Field,recover-20220825,002,1795
932.4155,932.4531,68437,81941,Rhinolophus ferrumequinum,0.026,0.027,-1,Echolocation,/mnt/ubna_data_01_mir/recover-20220825/UBNA_002/20220823_033000.WAV,Telephone Field,recover-20220825,002,1795
932.4755,932.4805,28906,74979,Myotis brandtii,0.035,0.052,-1,Echolocation,/mnt/ubna_data_01_mir/recover-20220825/UBNA_002/20220823_033000.WAV,Telephone Field,recover-20220825,002,1795
932.4765,932.4815,41796,61017,Pipistrellus nathusii,0.283,0.537,-1,Echolocation,/mnt/ubna_data_01_mir/recover-20220825/UBNA_002/20220823_033000.WAV,Telephone Field,recover-20220825,002,1795
932.5015,932.5223,18593,22086,Nyctalus noctula,0.013,0.023,-1,Echolocation,/mnt/ubna_data_01_mir/recover-20220825/UBNA_002/20220823_033000.WAV,Telephone Field,recover-20220825,002,1795
932.5025,932.545,68437,82582,Rhinolophus ferrumequinum,0.024,0.024,-1,Echolocation,/mnt/ubna_data_01_mir/recover-20220825/UBNA_002/20220823_033000.WAV,Telephone Field,recover-20220825,002,1795
932.5125,932.5185,28046,37170,Eptesicus serotinus,0.006,0.027,-1,Echolocation,/mnt/ubna_data_01_mir/recover-20220825/UBNA_002/20220823_033000.WAV,Telephone Field,recover-20220825,002,1795
932.5315,932.537,28906,70226,Myotis brandtii,0.024,0.035,-1,Echolocation,/mnt/ubna_data_01_mir/recover-20220825/UBNA_002/20220823_033000.WAV,Telephone Field,recover-20220825,002,1795
932.5325,932.5392,50390,56236,Pipistrellus pipistrellus,0.016,0.028,-1,Echolocation,/mnt/ubna_data_01_mir/recover-20220825/UBNA_002/20220823_033000.WAV,Telephone Field,recover-20220825,002,1795
932.5325,932.5381,40937,64606,Pipistrellus nathusii,0.36,0.509,-1,Echolocation,/mnt/ubna_data_01_mir/recover-20220825/UBNA_002/20220823_033000.WAV,Telephone Field,recover-20220825,002,1795
932.5695,932.5768,28046,37864,Eptesicus serotinus,0.008,0.025,-1,Echolocation,/mnt/ubna_data_01_mir/recover-20220825/UBNA_002/20220823_033000.WAV,Telephone Field,recover-20220825,002,1795
932.6005,932.6071,41796,53487,Pipistrellus nathusii,0.222,0.372,-1,Echolocation,/mnt/ubna_data_01_mir/recover-20220825/UBNA_002/20220823_033000.WAV,Telephone Field,recover-20220825,002,1795
932.6275,932.6354,28046,37617,Eptesicus serotinus,0.007,0.022,-1,Echolocation,/mnt/ubna_data_01_mir/recover-20220825/UBNA_002/20220823_033000.WAV,Telephone Field,recover-20220825,002,1795
932.6365,932.6483,24609,29981,Nyctalus leisleri,0.009,0.023,-1,Echolocation,/mnt/ubna_data_01_mir/recover-20220825/UBNA_002/20220823_033000.WAV,Telephone Field,recover-20220825,002,1795
932.6375,932.6441,49531,55935,Pipistrellus pipistrellus,0.026,0.03,-1,Echolocation,/mnt/ubna_data_01_mir/recover-20220825/UBNA_002/20220823_033000.WAV,Telephone Field,recover-20220825,002,1795
932.6705,932.6791,28046,34568,Eptesicus serotinus,0.007,0.023,-1,Echolocation,/mnt/ubna_data_01_mir/recover-20220825/UBNA_002/20220823_033000.WAV,Telephone Field,recover-20220825,002,1795
932.6815,932.6905,50390,55324,Pipistrellus pipistrellus,0.034,0.063,-1,Echolocation,/mnt/ubna_data_01_mir/recover-20220825/UBNA_002/20220823_033000.WAV,Telephone Field,recover-20220825,002,1795
932.6845,932.6909,35781,67325,Myotis brandtii,0.309,0.409,-1,Echolocation,/mnt/ubna_data_01_mir/recover-20220825/UBNA_002/20220823_033000.WAV,Telephone Field,recover-20220825,002,1795
932.7065,932.7452,68437,82236,Rhinolophus ferrumequinum,0.024,0.024,-1,Echolocation,/mnt/ubna_data_01_mir/recover-20220825/UBNA_002/20220823_033000.WAV,Telephone Field,recover-20220825,002,1795
932.7375,932.7468,24609,32135,Eptesicus serotinus,0.009,0.028,-1,Echolocation,/mnt/ubna_data_01_mir/recover-20220825/UBNA_002/20220823_033000.WAV,Telephone Field,recover-20220825,002,1795
932.7715,932.7784,41796,52217,Pipistrellus nathusii,0.179,0.318,-1,Echolocation,/mnt/ubna_data_01_mir/recover-20220825/UBNA_002/20220823_033000.WAV,Telephone Field,recover-20220825,002,1795
932.7935,932.8013,55546,61849,Pipistrellus pygmaeus,0.026,0.027,-1,Echolocation,/mnt/ubna_data_01_mir/recover-20220825/UBNA_002/20220823_033000.WAV,Telephone Field,recover-20220825,002,1795
932.8215,932.8614,68437,82412,Rhinolophus ferrumequinum,0.023,0.023,-1,Echolocation,/mnt/ubna_data_01_mir/recover-20220825/UBNA_002/20220823_033000.WAV,Telephone Field,recover-20220825,002,1795
932.8305,932.8382,27187,37278,Eptesicus serotinus,0.007,0.024,-1,Echolocation,/mnt/ubna_data_01_mir/recover-20220825/UBNA_002/20220823_033000.WAV,Telephone Field,recover-20220825,002,1795
932.8375,932.8447,26328,35970,Eptesicus serotinus,0.006,0.023,-1,Echolocation,/mnt/ubna_data_01_mir/recover-20220825/UBNA_002/20220823_033000.WAV,Telephone Field,recover-20220825,002,1795
932.8635,932.8692,28906,77735,Myotis brandtii,0.036,0.048,-1,Echolocation,/mnt/ubna_data_01_mir/recover-20220825/UBNA_002/20220823_033000.WAV,Telephone Field,recover-20220825,002,1795
932.8635,932.8697,40078,54884,Pipistrellus nathusii,0.261,0.517,-1,Echolocation,/mnt/ubna_data_01_mir/recover-20220825/UBNA_002/20220823_033000.WAV,Telephone Field,recover-20220825,002,1795
932.9405,932.9484,46953,56618,Pipistrellus pipistrellus,0.015,0.024,-1,Echolocation,/mnt/ubna_data_01_mir/recover-20220825/UBNA_002/20220823_033000.WAV,Telephone Field,recover-20220825,002,1795
932.9655,932.9771,44375,49101,Pipistrellus pipistrellus,0.024,0.035,-1,Echolocation,/mnt/ubna_data_01_mir/recover-20220825/UBNA_002/20220823_033000.WAV,Telephone Field,recover-20220825,002,1795
932.9685,933.0087,68437,82118,Rhinolophus ferrumequinum,0.027,0.027,-1,Echolocation,/mnt/ubna_data_01_mir/recover-20220825/UBNA_002/20220823_033000.WAV,Telephone Field,recover-20220825,002,1795
932.9695,932.977,26328,40221,Eptesicus serotinus,0.009,0.026,-1,Echolocation,/mnt/ubna_data_01_mir/recover-20220825/UBNA_002/20220823_033000.WAV,Telephone Field,recover-20220825,002,1795
932.9915,933.0002,28046,38146,Eptesicus serotinus,0.008,0.024,-1,Echolocation,/mnt/ubna_data_01_mir/recover-20220825/UBNA_002/20220823_033000.WAV,Telephone Field,recover-20220825,002,1795
933.0005,933.0127,35781,40943,Pipistrellus nathusii,0.022,0.032,-1,Echolocation,/mnt/ubna_data_01_mir/recover-20220825/UBNA_002/20220823_033000.WAV,Telephone Field,recover-20220825,002,1795
933.0215,933.0303,27187,35660,Eptesicus serotinus,0.009,0.023,-1,Echolocation,/mnt/ubna_data_01_mir/recover-20220825/UBNA_002/20220823_033000.WAV,Telephone Field,recover-20220825,002,1795
933.0415,933.0794,68437,82138,Rhinolophus ferrumequinum,0.023,0.023,-1,Echolocation,/mnt/ubna_data_01_mir/recover-20220825/UBNA_002/20220823_033000.WAV,Telephone Field,recover-20220825,002,1795
933.0435,933.0524,40937,53743,Pipistrellus nathusii,0.3,0.372,-1,Echolocation,/mnt/ubna_data_01_mir/recover-20220825/UBNA_002/20220823_033000.WAV,Telephone Field,recover-20220825,002,1795
933.1015,933.1109,41796,49154,Pipistrellus nathusii,0.23,0.279,-1,Echolocation,/mnt/ubna_data_01_mir/recover-20220825/UBNA_002/20220823_033000.WAV,Telephone Field,recover-20220825,002,1795
933.1025,933.108,29765,67834,Myotis brandtii,0.024,0.037,-1,Echolocation,/mnt/ubna_data_01_mir/recover-20220825/UBNA_002/20220823_033000.WAV,Telephone Field,recover-20220825,002,1795
933.1195,933.1267,27187,37207,Eptesicus serotinus,0.006,0.022,-1,Echolocation,/mnt/ubna_data_01_mir/recover-20220825/UBNA_002/20220823_033000.WAV,Telephone Field,recover-20220825,002,1795
933.1405,933.1488,27187,37637,Eptesicus serotinus,0.008,0.023,-1,Echolocation,/mnt/ubna_data_01_mir/recover-20220825/UBNA_002/20220823_033000.WAV,Telephone Field,recover-20220825,002,1795
933.1585,933.1643,30625,43337,Myotis daubentonii,0.013,0.033,-1,Echolocation,/mnt/ubna_data_01_mir/recover-20220825/UBNA_002/20220823_033000.WAV,Telephone Field,recover-20220825,002,1795
933.1725,933.1817,40937,51144,Pipistrellus nathusii,0.276,0.363,-1,Echolocation,/mnt/ubna_data_01_mir/recover-20220825/UBNA_002/20220823_033000.WAV,Telephone Field,recover-20220825,002,1795
933.2045,933.2123,27187,36215,Eptesicus serotinus,0.007,0.022,-1,Echolocation,/mnt/ubna_data_01_mir/recover-20220825/UBNA_002/20220823_033000.WAV,Telephone Field,recover-20220825,002,1795
933.2065,933.2444,68437,81941,Rhinolophus ferrumequinum,0.022,0.022,-1,Echolocation,/mnt/ubna_data_01_mir/recover-20220825/UBNA_002/20220823_033000.WAV,Telephone Field,recover-20220825,002,1795
933.2295,933.2373,46093,51938,Pipistrellus pipistrellus,0.021,0.024,-1,Echolocation,/mnt/ubna_data_01_mir/recover-20220825/UBNA_002/20220823_033000.WAV,Telephone Field,recover-20220825,002,1795
933.2355,933.2431,28906,40233,Myotis daubentonii,0.009,0.027,-1,Echolocation,/mnt/ubna_data_01_mir/recover-20220825/UBNA_002/20220823_033000.WAV,Telephone Field,recover-20220825,002,1795
933.2465,933.2818,68437,81798,Rhinolophus ferrumequinum,0.022,0.022,-1,Echolocation,/mnt/ubna_data_01_mir/recover-20220825/UBNA_002/20220823_033000.WAV,Telephone Field,recover-20220825,002,1795
933.2625,933.27,28046,36754,Eptesicus serotinus,0.007,0.024,-1,Echolocation,/mnt/ubna_data_01_mir/recover-20220825/UBNA_002/20220823_033000.WAV,Telephone Field,recover-20220825,002,1795
933.2725,933.3103,68437,81646,Rhinolophus ferrumequinum,0.031,0.031,-1,Echolocation,/mnt/ubna_data_01_mir/recover-20220825/UBNA_002/20220823_033000.WAV,Telephone Field,recover-20220825,002,1795
933.3425,933.355,40937,48486,Pipistrellus nathusii,0.271,0.301,-1,Echolocation,/mnt/ubna_data_01_mir/recover-20220825/UBNA_002/20220823_033000.WAV,Telephone Field,recover-20220825,002,1795
933.3435,933.3501,28046,58733,Myotis brandtii,0.013,0.034,-1,Echolocation,/mnt/ubna_data_01_mir/recover-20220825/UBNA_002/20220823_033000.WAV,Telephone Field,recover-20220825,002,1795
933.3625,933.378,52968,60007,Pipistrellus pygmaeus,0.043,0.049,-1,Echolocation,/mnt/ubna_data_01_mir/recover-20220825/UBNA_002/20220823_033000.WAV,Telephone Field,recover-20220825,002,1795
933.3655,933.3995,68437,80895,Rhinolophus ferrumequinum,0.023,0.023,-1,Echolocation,/mnt/ubna_data_01_mir/recover-20220825/UBNA_002/20220823_033000.WAV,Telephone Field,recover-20220825,002,1795
933.3735,933.3814,27187,37544,Eptesicus serotinus,0.008,0.023,-1,Echolocation,/mnt/ubna_data_01_mir/recover-20220825/UBNA_002/20220823_033000.WAV,Telephone Field,recover-20220825,002,1795
933.4095,933.4174,41796,52671,Pipistrellus nathusii,0.185,0.268,-1,Echolocation,/mnt/ubna_data_01_mir/recover-20220825/UBNA_002/20220823_033000.WAV,Telephone Field,recover-20220825,002,1795
933.4155,933.4226,55546,64172,Pipistrellus pygmaeus,0.026,0.027,-1,Echolocation,/mnt/ubna_data_01_mir/recover-20220825/UBNA_002/20220823_033000.WAV,Telephone Field,recover-20220825,002,1795
933.4315,933.4404,27187,37404,Eptesicus serotinus,0.008,0.022,-1,Echolocation,/mnt/ubna_data_01_mir/recover-20220825/UBNA_002/20220823_033000.WAV,Telephone Field,recover-20220825,002,1795
933.4585,933.4666,28046,36890,Eptesicus serotinus,0.01,0.027,-1,Echolocation,/mnt/ubna_data_01_mir/recover-20220825/UBNA_002/20220823_033000.WAV,Telephone Field,recover-20220825,002,1795
933.4795,933.4864,50390,55907,Pipistrellus pipistrellus,0.019,0.022,-1,Echolocation,/mnt/ubna_data_01_mir/recover-20220825/UBNA_002/20220823_033000.WAV,Telephone Field,recover-20220825,002,1795
933.4805,933.4898,44375,55222,Pipistrellus pipistrellus,0.011,0.027,-1,Echolocation,/mnt/ubna_data_01_mir/recover-20220825/UBNA_002/20220823_033000.WAV,Telephone Field,recover-20220825,002,1795
933.4965,933.5045,54687,60090,Pipistrellus pygmaeus,0.023,0.024,-1,Echolocation,/mnt/ubna_data_01_mir/recover-20220825/UBNA_002/20220823_033000.WAV,Telephone Field,recover-20220825,002,1795
933.5035,933.5098,32343,49867,Myotis brandtii,0.012,0.028,-1,Echolocation,/mnt/ubna_data_01_mir/recover-20220825/UBNA_002/20220823_033000.WAV,Telephone Field,recover-20220825,002,1795
933.5145,933.5247,28046,34639,Eptesicus serotinus,0.012,0.029,-1,Echolocation,/mnt/ubna_data_01_mir/recover-20220825/UBNA_002/20220823_033000.WAV,Telephone Field,recover-20220825,002,1795
933.5275,933.5335,31484,60014,Myotis brandtii,0.012,0.025,-1,Echolocation,/mnt/ubna_data_01_mir/recover-20220825/UBNA_002/20220823_033000.WAV,Telephone Field,recover-20220825,002,1795
933.5565,933.5677,40937,46960,Pipistrellus nathusii,0.357,0.377,-1,Echolocation,/mnt/ubna_data_01_mir/recover-20220825/UBNA_002/20220823_033000.WAV,Telephone Field,recover-20220825,002,1795
933.5945,933.6019,45234,57315,Pipistrellus pipistrellus,0.013,0.023,-1,Echolocation,/mnt/ubna_data_01_mir/recover-20220825/UBNA_002/20220823_033000.WAV,Telephone Field,recover-20220825,002,1795
933.6215,933.6288,27187,36310,Eptesicus serotinus,0.006,0.022,-1,Echolocation,/mnt/ubna_data_01_mir/recover-20220825/UBNA_002/20220823_033000.WAV,Telephone Field,recover-20220825,002,1795
933.6255,933.6338,46093,57863,Pipistrellus pipistrellus,0.012,0.023,-1,Echolocation,/mnt/ubna_data_01_mir/recover-20220825/UBNA_002/20220823_033000.WAV,Telephone Field,recover-20220825,002,1795
933.6285,933.667,68437,82347,Rhinolophus ferrumequinum,0.022,0.022,-1,Echolocation,/mnt/ubna_data_01_mir/recover-20220825/UBNA_002/20220823_033000.WAV,Telephone Field,recover-20220825,002,1795
933.6515,933.6618,28046,34587,Eptesicus serotinus,0.017,0.036,-1,Echolocation,/mnt/ubna_data_01_mir/recover-20220825/UBNA_002/20220823_033000.WAV,Telephone Field,recover-20220825,002,1795
933.6655,933.6771,15156,21139,Nyctalus noctula,0.013,0.024,-1,Echolocation,/mnt/ubna_data_01_mir/recover-20220825/UBNA_002/20220823_033000.WAV,Telephone Field,recover-20220825,002,1795
933.6725,933.7082,68437,80756,Rhinolophus ferrumequinum,0.025,0.025,-1,Echolocation,/mnt/ubna_data_01_mir/recover-20220825/UBNA_002/20220823_033000.WAV,Telephone Field,recover-20220825,002,1795
933.6955,933.7344,68437,81626,Rhinolophus ferrumequinum,0.028,0.028,-1,Echolocation,/mnt/ubna_data_01_mir/recover-20220825/UBNA_002/20220823_033000.WAV,Telephone Field,recover-20220825,002,1795
933.7075,933.7154,54687,61854,Pipistrellus pygmaeus,0.029,0.032,-1,Echolocation,/mnt/ubna_data_01_mir/recover-20220825/UBNA_002/20220823_033000.WAV,Telephone Field,recover-20220825,002,1795
933.7215,933.7587,68437,81803,Rhinolophus ferrumequinum,0.023,0.023,-1,Echolocation,/mnt/ubna_data_01_mir/recover-20220825/UBNA_002/20220823_033000.WAV,Telephone Field,recover-20220825,002,1795
933.7425,933.7523,41796,48292,Pipistrellus nathusii,0.137,0.159,-1,Echolocation,/mnt/ubna_data_01_mir/recover-20220825/UBNA_002/20220823_033000.WAV,Telephone Field,recover-20220825,002,1795
933.7645,933.8033,68437,82332,Rhinolophus ferrumequinum,0.024,0.024,-1,Echolocation,/mnt/ubna_data_01_mir/recover-20220825/UBNA_002/20220823_033000.WAV,Telephone Field,recover-20220825,002,1795
933.7825,933.7885,35781,54236,Myotis brandtii,0.013,0.024,-1,Echolocation,/mnt/ubna_data_01_mir/recover-20220825/UBNA_002/20220823_033000.WAV,Telephone Field,recover-20220825,002,1795
933.8425,933.85,44375,54782,Pipistrellus pipistrellus,0.014,0.027,-1,Echolocation,/mnt/ubna_data_01_mir/recover-20220825/UBNA_002/20220823_033000.WAV,Telephone Field,recover-20220825,002,1795
933.8655,933.9038,68437,82122,Rhinolophus ferrumequinum,0.03,0.03,-1,Echolocation,/mnt/ubna_data_01_mir/recover-20220825/UBNA_002/20220823_033000.WAV,Telephone Field,recover-20220825,002,1795
933.8965,933.9018,37500,54504,Myotis brandtii,0.019,0.041,-1,Echolocation,/mnt/ubna_data_01_mir/recover-20220825/UBNA_002/20220823_033000.WAV,Telephone Field,recover-20220825,002,1795
933.8975,933.907,44375,50783,Pipistrellus pipistrellus,0.011,0.026,-1,Echolocation,/mnt/ubna_data_01_mir/recover-20220825/UBNA_002/20220823_033000.WAV,Telephone Field,recover-20220825,002,1795
933.9155,933.9259,55546,63319,Pipistrellus pygmaeus,0.028,0.029,-1,Echolocation,/mnt/ubna_data_01_mir/recover-20220825/UBNA_002/20220823_033000.WAV,Telephone Field,recover-20220825,002,1795
933.9295,933.9362,40078,49486,Pipistrellus nathusii,0.205,0.425,-1,Echolocation,/mnt/ubna_data_01_mir/recover-20220825/UBNA_002/20220823_033000.WAV,Telephone Field,recover-20220825,002,1795
933.9425,933.978,68437,80661,Rhinolophus ferrumequinum,0.025,0.025,-1,Echolocation,/mnt/ubna_data_01_mir/recover-20220825/UBNA_002/20220823_033000.WAV,Telephone Field,recover-20220825,002,1795
933.9635,933.9702,27187,38247,Eptesicus serotinus,0.008,0.031,-1,Echolocation,/mnt/ubna_data_01_mir/recover-20220825/UBNA_002/20220823_033000.WAV,Telephone Field,recover-20220825,002,1795
933.9835,933.9919,44375,55194,Pipistrellus pipistrellus,0.01,0.023,-1,Echolocation,/mnt/ubna_data_01_mir/recover-20220825/UBNA_002/20220823_033000.WAV,Telephone Field,recover-20220825,002,1795
933.9845,933.9924,27187,37911,Eptesicus serotinus,0.008,0.024,-1,Echolocation,/mnt/ubna_data_01_mir/recover-20220825/UBNA_002/20220823_033000.WAV,Telephone Field,recover-20220825,002,1795
934.0015,934.0098,22031,28701,Nyctalus leisleri,0.012,0.033,-1,Echolocation,/mnt/ubna_data_01_mir/recover-20220825/UBNA_002/20220823_033000.WAV,Telephone Field,recover-20220825,002,1795
934.0015,934.0359,69296,81346,Rhinolophus ferrumequinum,0.051,0.051,-1,Echolocation,/mnt/ubna_data_01_mir/recover-20220825/UBNA_002/20220823_033000.WAV,Telephone Field,recover-20220825,002,1795
934.0015,934.011,46953,55010,Pipistrellus pipistrellus,0.021,0.029,-1,Echolocation,/mnt/ubna_data_01_mir/recover-20220825/UBNA_002/20220823_033000.WAV,Telephone Field,recover-20220825,002,1795
934.0205,934.026,40078,50370,Myotis daubentonii,0.032,0.074,-1,Echolocation,/mnt/ubna_data_01_mir/recover-20220825/UBNA_002/20220823_033000.WAV,Telephone Field,recover-20220825,002,1795
934.0225,934.0335,57265,63368,Pipistrellus pygmaeus,0.027,0.028,-1,Echolocation,/mnt/ubna_data_01_mir/recover-20220825/UBNA_002/20220823_033000.WAV,Telephone Field,recover-20220825,002,1795
934.0985,934.1055,36640,49403,Myotis brandtii,0.008,0.021,-1,Echolocation,/mnt/ubna_data_01_mir/recover-20220825/UBNA_002/20220823_033000.WAV,Telephone Field,recover-20220825,002,1795
934.1145,934.1489,68437,81908,Rhinolophus ferrumequinum,0.025,0.025,-1,Echolocation,/mnt/ubna_data_01_mir/recover-20220825/UBNA_002/20220823_033000.WAV,Telephone Field,recover-20220825,002,1795
934.1175,934.1239,39218,49013,Pipistrellus nathusii,0.173,0.44,-1,Echolocation,/mnt/ubna_data_01_mir/recover-20220825/UBNA_002/20220823_033000.WAV,Telephone Field,recover-20220825,002,1795
934.1415,934.1812,68437,82654,Rhinolophus ferrumequinum,0.028,0.028,-1,Echolocation,/mnt/ubna_data_01_mir/recover-20220825/UBNA_002/20220823_033000.WAV,Telephone Field,recover-20220825,002,1795
934.1815,934.2173,68437,81332,Rhinolophus ferrumequinum,0.021,0.021,-1,Echolocation,/mnt/ubna_data_01_mir/recover-20220825/UBNA_002/20220823_033000.WAV,Telephone Field,recover-20220825,002,1795
934.2125,934.2186,40078,47702,Pipistrellus nathusii,0.106,0.326,-1,Echolocation,/mnt/ubna_data_01_mir/recover-20220825/UBNA_002/20220823_033000.WAV,Telephone Field,recover-20220825,002,1795
934.2145,934.2205,28046,52368,Myotis daubentonii,0.023,0.047,-1,Echolocation,/mnt/ubna_data_01_mir/recover-20220825/UBNA_002/20220823_033000.WAV,Telephone Field,recover-20220825,002,1795
934.3005,934.3381,68437,82201,Rhinolophus ferrumequinum,0.021,0.021,-1,Echolocation,/mnt/ubna_data_01_mir/recover-20220825/UBNA_002/20220823_033000.WAV,Telephone Field,recover-20220825,002,1795
934.3065,934.3132,38359,49980,Pipistrellus nathusii,0.27,0.491,-1,Echolocation,/mnt/ubna_data_01_mir/recover-20220825/UBNA_002/20220823_033000.WAV,Telephone Field,recover-20220825,002,1795
934.3145,934.3202,28046,38810,Myotis daubentonii,0.011,0.024,-1,Echolocation,/mnt/ubna_data_01_mir/recover-20220825/UBNA_002/20220823_033000.WAV,Telephone Field,recover-20220825,002,1795
934.3405,934.3781,68437,82301,Rhinolophus ferrumequinum,0.021,0.021,-1,Echolocation,/mnt/ubna_data_01_mir/recover-20220825/UBNA_002/20220823_033000.WAV,Telephone Field,recover-20220825,002,1795
934.3415,934.3487,27187,38833,Eptesicus serotinus,0.008,0.026,-1,Echolocation,/mnt/ubna_data_01_mir/recover-20220825/UBNA_002/20220823_033000.WAV,Telephone Field,recover-20220825,002,1795
934.3615,934.3722,56406,61877,Pipistrellus pygmaeus,0.029,0.031,-1,Echolocation,/mnt/ubna_data_01_mir/recover-20220825/UBNA_002/20220823_033000.WAV,Telephone Field,recover-20220825,002,1795
934.3785,934.3844,39218,50044,Pipistrellus nathusii,0.199,0.456,-1,Echolocation,/mnt/ubna_data_01_mir/recover-20220825/UBNA_002/20220823_033000.WAV,Telephone Field,recover-20220825,002,1795
934.4345,934.4663,68437,80546,Rhinolophus ferrumequinum,0.02,0.021,-1,Echolocation,/mnt/ubna_data_01_mir/recover-20220825/UBNA_002/20220823_033000.WAV,Telephone Field,recover-20220825,002,1795
934.4435,934.45,39218,50615,Pipistrellus nathusii,0.292,0.499,-1,Echolocation,/mnt/ubna_data_01_mir/recover-20220825/UBNA_002/20220823_033000.WAV,Telephone Field,recover-20220825,002,1795
934.5205,934.5254,39218,52932,Myotis daubentonii,0.038,0.105,-1,Echolocation,/mnt/ubna_data_01_mir/recover-20220825/UBNA_002/20220823_033000.WAV,Telephone Field,recover-20220825,002,1795
934.5355,934.5416,31484,54578,Myotis daubentonii,0.015,0.025,-1,Echolocation,/mnt/ubna_data_01_mir/recover-20220825/UBNA_002/20220823_033000.WAV,Telephone Field,recover-20220825,002,1795
934.5365,934.5422,36640,53328,Myotis daubentonii,0.012,0.026,-1,Echolocation,/mnt/ubna_data_01_mir/recover-20220825/UBNA_002/20220823_033000.WAV,Telephone Field,recover-20220825,002,1795
934.5615,934.5716,28046,35773,Eptesicus serotinus,0.011,0.024,-1,Echolocation,/mnt/ubna_data_01_mir/recover-20220825/UBNA_002/20220823_033000.WAV,Telephone Field,recover-20220825,002,1795
934.5705,934.5799,27187,35382,Eptesicus serotinus,0.01,0.024,-1,Echolocation,/mnt/ubna_data_01_mir/recover-20220825/UBNA_002/20220823_033000.WAV,Telephone Field,recover-20220825,002,1795
934.5895,934.5956,40078,47618,Pipistrellus nathusii,0.274,0.433,-1,Echolocation,/mnt/ubna_data_01_mir/recover-20220825/UBNA_002/20220823_033000.WAV,Telephone Field,recover-20220825,002,1795
934.6555,934.6623,27187,40954,Eptesicus serotinus,0.008,0.028,-1,Echolocation,/mnt/ubna_data_01_mir/recover-20220825/UBNA_002/20220823_033000.WAV,Telephone Field,recover-20220825,002,1795
934.6655,934.6743,27187,36213,Eptesicus serotinus,0.013,0.028,-1,Echolocation,/mnt/ubna_data_01_mir/recover-20220825/UBNA_002/20220823_033000.WAV,Telephone Field,recover-20220825,002,1795
934.6875,934.7281,68437,82332,Rhinolophus ferrumequinum,0.027,0.027,-1,Echolocation,/mnt/ubna_data_01_mir/recover-20220825/UBNA_002/20220823_033000.WAV,Telephone Field,recover-20220825,002,1795
934.6895,934.6958,38359,47113,Pipistrellus nathusii,0.399,0.551,-1,Echolocation,/mnt/ubna_data_01_mir/recover-20220825/UBNA_002/20220823_033000.WAV,Telephone Field,recover-20220825,002,1795
934.7125,934.7508,68437,82116,Rhinolophus ferrumequinum,0.024,0.024,-1,Echolocation,/mnt/ubna_data_01_mir/recover-20220825/UBNA_002/20220823_033000.WAV,Telephone Field,recover-20220825,002,1795
934.7275,934.7346,53828,59374,Pipistrellus pygmaeus,0.02,0.021,-1,Echolocation,/mnt/ubna_data_01_mir/recover-20220825/UBNA_002/20220823_033000.WAV,Telephone Field,recover-20220825,002,1795
934.7335,934.7404,26328,37293,Eptesicus serotinus,0.007,0.023,-1,Echolocation,/mnt/ubna_data_01_mir/recover-20220825/UBNA_002/20220823_033000.WAV,Telephone Field,recover-20220825,002,1795
934.7465,934.7553,26328,35945,Eptesicus serotinus,0.008,0.021,-1,Echolocation,/mnt/ubna_data_01_mir/recover-20220825/UBNA_002/20220823_033000.WAV,Telephone Field,recover-20220825,002,1795
934.7805,934.7873,40078,48100,Pipistrellus nathusii,0.315,0.52,-1,Echolocation,/mnt/ubna_data_01_mir/recover-20220825/UBNA_002/20220823_033000.WAV,Telephone Field,recover-20220825,002,1795
934.8305,934.839,27187,42384,Eptesicus serotinus,0.008,0.022,-1,Echolocation,/mnt/ubna_data_01_mir/recover-20220825/UBNA_002/20220823_033000.WAV,Telephone Field,recover-20220825,002,1795
934.8655,934.874,50390,56501,Pipistrellus pipistrellus,0.016,0.022,-1,Echolocation,/mnt/ubna_data_01_mir/recover-20220825/UBNA_002/20220823_033000.WAV,Telephone Field,recover-20220825,002,1795
934.9015,934.9107,22031,31300,Plecotus austriacus,0.036,0.145,-1,Echolocation,/mnt/ubna_data_01_mir/recover-20220825/UBNA_002/20220823_033000.WAV,Telephone Field,recover-20220825,002,1795
934.9165,934.9559,68437,81802,Rhinolophus ferrumequinum,0.027,0.027,-1,Echolocation,/mnt/ubna_data_01_mir/recover-20220825/UBNA_002/20220823_033000.WAV,Telephone Field,recover-20220825,002,1795
934.9235,934.929,40937,57083,Myotis brandtii,0.007,0.024,-1,Echolocation,/mnt/ubna_data_01_mir/recover-20220825/UBNA_002/20220823_033000.WAV,Telephone Field,recover-20220825,002,1795
934.9635,934.9998,68437,81757,Rhinolophus ferrumequinum,0.025,0.025,-1,Echolocation,/mnt/ubna_data_01_mir/recover-20220825/UBNA_002/20220823_033000.WAV,Telephone Field,recover-20220825,002,1795
934.9665,934.973,37500,48588,Pipistrellus nathusii,0.143,0.381,-1,Echolocation,/mnt/ubna_data_01_mir/recover-20220825/UBNA_002/20220823_033000.WAV,Telephone Field,recover-20220825,002,1795
934.9835,934.992,57265,65112,Pipistrellus pygmaeus,0.029,0.03,-1,Echolocation,/mnt/ubna_data_01_mir/recover-20220825/UBNA_002/20220823_033000.WAV,Telephone Field,recover-20220825,002,1795
934.9915,934.9995,27187,38855,Eptesicus serotinus,0.007,0.022,-1,Echolocation,/mnt/ubna_data_01_mir/recover-20220825/UBNA_002/20220823_033000.WAV,Telephone Field,recover-20220825,002,1795
935.0215,935.0298,28046,37225,Eptesicus serotinus,0.009,0.024,-1,Echolocation,/mnt/ubna_data_01_mir/recover-20220825/UBNA_002/20220823_033000.WAV,Telephone Field,recover-20220825,002,1795
935.0595,935.0672,39218,50663,Pipistrellus nathusii,0.015,0.06,-1,Echolocation,/mnt/ubna_data_01_mir/recover-20220825/UBNA_002/20220823_033000.WAV,Telephone Field,recover-20220825,002,1795
935.0615,935.0689,26328,43260,Eptesicus serotinus,0.008,0.023,-1,Echolocation,/mnt/ubna_data_01_mir/recover-20220825/UBNA_002/20220823_033000.WAV,Telephone Field,recover-20220825,002,1795
935.1105,935.1165,36640,46759,Myotis daubentonii,0.013,0.025,-1,Echolocation,/mnt/ubna_data_01_mir/recover-20220825/UBNA_002/20220823_033000.WAV,Telephone Field,recover-20220825,002,1795
935.1115,935.1205,27187,40548,Eptesicus serotinus,0.01,0.025,-1,Echolocation,/mnt/ubna_data_01_mir/recover-20220825/UBNA_002/20220823_033000.WAV,Telephone Field,recover-20220825,002,1795
935.1345,935.1419,27187,38247,Eptesicus serotinus,0.007,0.023,-1,Echolocation,/mnt/ubna_data_01_mir/recover-20220825/UBNA_002/20220823_033000.WAV,Telephone Field,recover-20220825,002,1795
935.1645,935.204,68437,83060,Rhinolophus ferrumequinum,0.026,0.026,-1,Echolocation,/mnt/ubna_data_01_mir/recover-20220825/UBNA_002/20220823_033000.WAV,Telephone Field,recover-20220825,002,1795
935.2385,935.2438,50390,57974,Pipistrellus pipistrellus,0.016,0.022,-1,Echolocation,/mnt/ubna_data_01_mir/recover-20220825/UBNA_002/20220823_033000.WAV,Telephone Field,recover-20220825,002,1795
935.2385,935.2467,27187,37096,Eptesicus serotinus,0.007,0.022,-1,Echolocation,/mnt/ubna_data_01_mir/recover-20220825/UBNA_002/20220823_033000.WAV,Telephone Field,recover-20220825,002,1795
935.2985,935.3392,68437,82208,Rhinolophus ferrumequinum,0.027,0.027,-1,Echolocation,/mnt/ubna_data_01_mir/recover-20220825/UBNA_002/20220823_033000.WAV,Telephone Field,recover-20220825,002,1795
935.3285,935.34,28046,34753,Eptesicus serotinus,0.013,0.028,-1,Echolocation,/mnt/ubna_data_01_mir/recover-20220825/UBNA_002/20220823_033000.WAV,Telephone Field,recover-20220825,002,1795
935.3535,935.3599,48671,55902,Pipistrellus pipistrellus,0.019,0.021,-1,Echolocation,/mnt/ubna_data_01_mir/recover-20220825/UBNA_002/20220823_033000.WAV,Telephone Field,recover-20220825,002,1795
935.3785,935.3858,26328,38516,Eptesicus serotinus,0.007,0.024,-1,Echolocation,/mnt/ubna_data_01_mir/recover-20220825/UBNA_002/20220823_033000.WAV,Telephone Field,recover-20220825,002,1795
935.3815,935.3895,38359,46425,Pipistrellus nathusii,0.016,0.038,-1,Echolocation,/mnt/ubna_data_01_mir/recover-20220825/UBNA_002/20220823_033000.WAV,Telephone Field,recover-20220825,002,1795
935.4075,935.4173,24609,32073,Eptesicus serotinus,0.007,0.022,-1,Echolocation,/mnt/ubna_data_01_mir/recover-20220825/UBNA_002/20220823_033000.WAV,Telephone Field,recover-20220825,002,1795
935.4215,935.4578,68437,81985,Rhinolophus ferrumequinum,0.021,0.021,-1,Echolocation,/mnt/ubna_data_01_mir/recover-20220825/UBNA_002/20220823_033000.WAV,Telephone Field,recover-20220825,002,1795
935.4245,935.4326,27187,38278,Eptesicus serotinus,0.008,0.021,-1,Echolocation,/mnt/ubna_data_01_mir/recover-20220825/UBNA_002/20220823_033000.WAV,Telephone Field,recover-20220825,002,1795
935.4415,935.4779,68437,81878,Rhinolophus ferrumequinum,0.022,0.022,-1,Echolocation,/mnt/ubna_data_01_mir/recover-20220825/UBNA_002/20220823_033000.WAV,Telephone Field,recover-20220825,002,1795
935.4505,935.4574,28046,38325,Eptesicus serotinus,0.009,0.025,-1,Echolocation,/mnt/ubna_data_01_mir/recover-20220825/UBNA_002/20220823_033000.WAV,Telephone Field,recover-20220825,002,1795
935.4595,935.4998,68437,82204,Rhinolophus ferrumequinum,0.021,0.021,-1,Echolocation,/mnt/ubna_data_01_mir/recover-20220825/UBNA_002/20220823_033000.WAV,Telephone Field,recover-20220825,002,1795
935.4755,935.4823,27187,36523,Eptesicus serotinus,0.016,0.041,-1,Echolocation,/mnt/ubna_data_01_mir/recover-20220825/UBNA_002/20220823_033000.WAV,Telephone Field,recover-20220825,002,1795
935.5005,935.5075,28046,38196,Eptesicus serotinus,0.007,0.023,-1,Echolocation,/mnt/ubna_data_01_mir/recover-20220825/UBNA_002/20220823_033000.WAV,Telephone Field,recover-20220825,002,1795
935.5265,935.5329,46953,56194,Pipistrellus pipistrellus,0.014,0.024,-1,Echolocation,/mnt/ubna_data_01_mir/recover-20220825/UBNA_002/20220823_033000.WAV,Telephone Field,recover-20220825,002,1795
935.5775,935.584,27187,41122,Eptesicus serotinus,0.007,0.027,-1,Echolocation,/mnt/ubna_data_01_mir/recover-20220825/UBNA_002/20220823_033000.WAV,Telephone Field,recover-20220825,002,1795
935.6045,935.6445,68437,82365,Rhinolophus ferrumequinum,0.034,0.034,-1,Echolocation,/mnt/ubna_data_01_mir/recover-20220825/UBNA_002/20220823_033000.WAV,Telephone Field,recover-20220825,002,1795
935.6065,935.6143,30625,42723,Myotis daubentonii,0.008,0.022,-1,Echolocation,/mnt/ubna_data_01_mir/recover-20220825/UBNA_002/20220823_033000.WAV,Telephone Field,recover-20220825,002,1795
935.6335,935.6403,31484,53045,Myotis daubentonii,0.014,0.023,-1,Echolocation,/mnt/ubna_data_01_mir/recover-20220825/UBNA_002/20220823_033000.WAV,Telephone Field,recover-20220825,002,1795
935.6345,935.6398,43515,54826,Myotis mystacinus,0.006,0.021,-1,Echolocation,/mnt/ubna_data_01_mir/recover-20220825/UBNA_002/20220823_033000.WAV,Telephone Field,recover-20220825,002,1795
935.6475,935.6558,27187,36635,Eptesicus serotinus,0.007,0.021,-1,Echolocation,/mnt/ubna_data_01_mir/recover-20220825/UBNA_002/20220823_033000.WAV,Telephone Field,recover-20220825,002,1795
935.6715,935.711,68437,83317,Rhinolophus ferrumequinum,0.023,0.023,-1,Echolocation,/mnt/ubna_data_01_mir/recover-20220825/UBNA_002/20220823_033000.WAV,Telephone Field,recover-20220825,002,1795
935.6855,935.6962,28046,36013,Eptesicus serotinus,0.017,0.03,-1,Echolocation,/mnt/ubna_data_01_mir/recover-20220825/UBNA_002/20220823_033000.WAV,Telephone Field,recover-20220825,002,1795
935.6995,935.7075,27187,38107,Eptesicus serotinus,0.007,0.021,-1,Echolocation,/mnt/ubna_data_01_mir/recover-20220825/UBNA_002/20220823_033000.WAV,Telephone Field,recover-20220825,002,1795
935.7115,935.7188,26328,37943,Eptesicus serotinus,0.007,0.022,-1,Echolocation,/mnt/ubna_data_01_mir/recover-20220825/UBNA_002/20220823_033000.WAV,Telephone Field,recover-20220825,002,1795
935.7385,935.7475,28046,35112,Eptesicus serotinus,0.014,0.03,-1,Echolocation,/mnt/ubna_data_01_mir/recover-20220825/UBNA_002/20220823_033000.WAV,Telephone Field,recover-20220825,002,1795
935.7525,935.7934,68437,82483,Rhinolophus ferrumequinum,0.023,0.023,-1,Echolocation,/mnt/ubna_data_01_mir/recover-20220825/UBNA_002/20220823_033000.WAV,Telephone Field,recover-20220825,002,1795
935.7855,935.7927999999999,26328,38225,Eptesicus serotinus,0.006,0.021,-1,Echolocation,/mnt/ubna_data_01_mir/recover-20220825/UBNA_002/20220823_033000.WAV,Telephone Field,recover-20220825,002,1795
935.7985,935.809,39218,45135,Pipistrellus nathusii,0.013,0.025,-1,Echolocation,/mnt/ubna_data_01_mir/recover-20220825/UBNA_002/20220823_033000.WAV,Telephone Field,recover-20220825,002,1795
935.8025,935.8084,32343,44166,Myotis daubentonii,0.015,0.031,-1,Echolocation,/mnt/ubna_data_01_mir/recover-20220825/UBNA_002/20220823_033000.WAV,Telephone Field,recover-20220825,002,1795
935.8035,935.8111,25468,35604,Eptesicus serotinus,0.012,0.036,-1,Echolocation,/mnt/ubna_data_01_mir/recover-20220825/UBNA_002/20220823_033000.WAV,Telephone Field,recover-20220825,002,1795
935.8145,935.8499,68437,82406,Rhinolophus ferrumequinum,0.021,0.021,-1,Echolocation,/mnt/ubna_data_01_mir/recover-20220825/UBNA_002/20220823_033000.WAV,Telephone Field,recover-20220825,002,1795
935.8185,935.8271,27187,38014,Eptesicus serotinus,0.008,0.021,-1,Echolocation,/mnt/ubna_data_01_mir/recover-20220825/UBNA_002/20220823_033000.WAV,Telephone Field,recover-20220825,002,1795
935.8365,935.8467,25468,32680,Eptesicus serotinus,0.009,0.023,-1,Echolocation,/mnt/ubna_data_01_mir/recover-20220825/UBNA_002/20220823_033000.WAV,Telephone Field,recover-20220825,002,1795
935.8465,935.8531,51250,61288,Pipistrellus pipistrellus,0.013,0.025,-1,Echolocation,/mnt/ubna_data_01_mir/recover-20220825/UBNA_002/20220823_033000.WAV,Telephone Field,recover-20220825,002,1795
935.8825,935.8904,27187,38465,Eptesicus serotinus,0.008,0.024,-1,Echolocation,/mnt/ubna_data_01_mir/recover-20220825/UBNA_002/20220823_033000.WAV,Telephone Field,recover-20220825,002,1795
935.8955,935.932,68437,81709,Rhinolophus ferrumequinum,0.021,0.021,-1,Echolocation,/mnt/ubna_data_01_mir/recover-20220825/UBNA_002/20220823_033000.WAV,Telephone Field,recover-20220825,002,1795
935.9075,935.9448,68437,81025,Rhinolophus ferrumequinum,0.02,0.021,-1,Echolocation,/mnt/ubna_data_01_mir/recover-20220825/UBNA_002/20220823_033000.WAV,Telephone Field,recover-20220825,002,1795
935.9655,935.9723,24609,33886,Plecotus auritus,0.008,0.024,-1,Echolocation,/mnt/ubna_data_01_mir/recover-20220825/UBNA_002/20220823_033000.WAV,Telephone Field,recover-20220825,002,1795
935.9775,935.9843,36640,49765,Myotis brandtii,0.011,0.029,-1,Echolocation,/mnt/ubna_data_01_mir/recover-20220825/UBNA_002/20220823_033000.WAV,Telephone Field,recover-20220825,002,1795
935.9795,935.9864,30625,42501,Myotis daubentonii,0.014,0.034,-1,Echolocation,/mnt/ubna_data_01_mir/recover-20220825/UBNA_002/20220823_033000.WAV,Telephone Field,recover-20220825,002,1795
936.0015,936.0094,40937,51700,Myotis daubentonii,0.006,0.021,-1,Echolocation,/mnt/ubna_data_01_mir/recover-20220825/UBNA_002/20220823_033000.WAV,Telephone Field,recover-20220825,002,1795
936.0015,936.0103,23750,34490,Nyctalus leisleri,0.009,0.031,-1,Echolocation,/mnt/ubna_data_01_mir/recover-20220825/UBNA_002/20220823_033000.WAV,Telephone Field,recover-20220825,002,1795
936.0015,936.0326,68437,81360,Rhinolophus ferrumequinum,0.037,0.038,-1,Echolocation,/mnt/ubna_data_01_mir/recover-20220825/UBNA_002/20220823_033000.WAV,Telephone Field,recover-20220825,002,1795
936.0075,936.0468,68437,82015,Rhinolophus ferrumequinum,0.02,0.02,-1,Echolocation,/mnt/ubna_data_01_mir/recover-20220825/UBNA_002/20220823_033000.WAV,Telephone Field,recover-20220825,002,1795
936.0075,936.0158,26328,35060,Eptesicus serotinus,0.01,0.024,-1,Echolocation,/mnt/ubna_data_01_mir/recover-20220825/UBNA_002/20220823_033000.WAV,Telephone Field,recover-20220825,002,1795
936.0365,936.075,68437,82393,Rhinolophus ferrumequinum,0.022,0.022,-1,Echolocation,/mnt/ubna_data_01_mir/recover-20220825/UBNA_002/20220823_033000.WAV,Telephone Field,recover-20220825,002,1795
936.0625,936.0729,28046,37849,Eptesicus serotinus,0.028,0.044,-1,Echolocation,/mnt/ubna_data_01_mir/recover-20220825/UBNA_002/20220823_033000.WAV,Telephone Field,recover-20220825,002,1795
936.0625,936.1001,68437,81859,Rhinolophus ferrumequinum,0.023,0.023,-1,Echolocation,/mnt/ubna_data_01_mir/recover-20220825/UBNA_002/20220823_033000.WAV,Telephone Field,recover-20220825,002,1795
936.0875,936.097,27187,37375,Eptesicus serotinus,0.01,0.021,-1,Echolocation,/mnt/ubna_data_01_mir/recover-20220825/UBNA_002/20220823_033000.WAV,Telephone Field,recover-20220825,002,1795
936.0955,936.1048,24609,31812,Nyctalus leisleri,0.007,0.022,-1,Echolocation,/mnt/ubna_data_01_mir/recover-20220825/UBNA_002/20220823_033000.WAV,Telephone Field,recover-20220825,002,1795
936.1095,936.1213,28906,34713,Eptesicus serotinus,0.012,0.027,-1,Echolocation,/mnt/ubna_data_01_mir/recover-20220825/UBNA_002/20220823_033000.WAV,Telephone Field,recover-20220825,002,1795
936.1285,936.1675,68437,82031,Rhinolophus ferrumequinum,0.021,0.021,-1,Echolocation,/mnt/ubna_data_01_mir/recover-20220825/UBNA_002/20220823_033000.WAV,Telephone Field,recover-20220825,002,1795
936.1285,936.1371,26328,36287,Eptesicus serotinus,0.009,0.024,-1,Echolocation,/mnt/ubna_data_01_mir/recover-20220825/UBNA_002/20220823_033000.WAV,Telephone Field,recover-20220825,002,1795
936.1775,936.1866,28906,39611,Eptesicus serotinus,0.015,0.031,-1,Echolocation,/mnt/ubna_data_01_mir/recover-20220825/UBNA_002/20220823_033000.WAV,Telephone Field,recover-20220825,002,1795
936.1855,936.1962,22031,25547,Nyctalus leisleri,0.012,0.021,-1,Echolocation,/mnt/ubna_data_01_mir/recover-20220825/UBNA_002/20220823_033000.WAV,Telephone Field,recover-20220825,002,1795
936.1945,936.2295,68437,81676,Rhinolophus ferrumequinum,0.03,0.03,-1,Echolocation,/mnt/ubna_data_01_mir/recover-20220825/UBNA_002/20220823_033000.WAV,Telephone Field,recover-20220825,002,1795
936.2555,936.2642,23750,32048,Plecotus austriacus,0.008,0.024,-1,Echolocation,/mnt/ubna_data_01_mir/recover-20220825/UBNA_002/20220823_033000.WAV,Telephone Field,recover-20220825,002,1795
936.2655,936.2761,28906,35478,Eptesicus serotinus,0.016,0.03,-1,Echolocation,/mnt/ubna_data_01_mir/recover-20220825/UBNA_002/20220823_033000.WAV,Telephone Field,recover-20220825,002,1795
936.2665,936.2773,23750,30053,Nyctalus leisleri,0.011,0.027,-1,Echolocation,/mnt/ubna_data_01_mir/recover-20220825/UBNA_002/20220823_033000.WAV,Telephone Field,recover-20220825,002,1795
936.3245,936.3607,68437,81570,Rhinolophus ferrumequinum,0.021,0.021,-1,Echolocation,/mnt/ubna_data_01_mir/recover-20220825/UBNA_002/20220823_033000.WAV,Telephone Field,recover-20220825,002,1795
936.3325,936.3727,68437,82445,Rhinolophus ferrumequinum,0.023,0.023,-1,Echolocation,/mnt/ubna_data_01_mir/recover-20220825/UBNA_002/20220823_033000.WAV,Telephone Field,recover-20220825,002,1795
936.3345,936.3448,25468,33293,Eptesicus serotinus,0.008,0.021,-1,Echolocation,/mnt/ubna_data_01_mir/recover-20220825/UBNA_002/20220823_033000.WAV,Telephone Field,recover-20220825,002,1795
936.3755,936.4141,68437,82540,Rhinolophus ferrumequinum,0.021,0.021,-1,Echolocation,/mnt/ubna_data_01_mir/recover-20220825/UBNA_002/20220823_033000.WAV,Telephone Field,recover-20220825,002,1795
936.4295,936.4705,68437,82706,Rhinolophus ferrumequinum,0.022,0.022,-1,Echolocation,/mnt/ubna_data_01_mir/recover-20220825/UBNA_002/20220823_033000.WAV,Telephone Field,recover-20220825,002,1795
936.4385,936.4473,22890,29251,Plecotus austriacus,0.01,0.024,-1,Echolocation,/mnt/ubna_data_01_mir/recover-20220825/UBNA_002/20220823_033000.WAV,Telephone Field,recover-20220825,002,1795
936.4675,936.4763,24609,31415,Nyctalus leisleri,0.007,0.021,-1,Echolocation,/mnt/ubna_data_01_mir/recover-20220825/UBNA_002/20220823_033000.WAV,Telephone Field,recover-20220825,002,1795
936.4805,936.5197000000001,68437,82401,Rhinolophus ferrumequinum,0.031,0.031,-1,Echolocation,/mnt/ubna_data_01_mir/recover-20220825/UBNA_002/20220823_033000.WAV,Telephone Field,recover-20220825,002,1795
936.4995,936.5363,68437,80948,Rhinolophus ferrumequinum,0.025,0.025,-1,Echolocation,/mnt/ubna_data_01_mir/recover-20220825/UBNA_002/20220823_033000.WAV,Telephone Field,recover-20220825,002,1795
936.5325,936.543,24609,32313,Eptesicus serotinus,0.012,0.037,-1,Echolocation,/mnt/ubna_data_01_mir/recover-20220825/UBNA_002/20220823_033000.WAV,Telephone Field,recover-20220825,002,1795
936.5385,936.5523,24609,30427,Nyctalus leisleri,0.013,0.032,-1,Echolocation,/mnt/ubna_data_01_mir/recover-20220825/UBNA_002/20220823_033000.WAV,Telephone Field,recover-20220825,002,1795
936.6055,936.6468,68437,82314,Rhinolophus ferrumequinum,0.02,0.02,-1,Echolocation,/mnt/ubna_data_01_mir/recover-20220825/UBNA_002/20220823_033000.WAV,Telephone Field,recover-20220825,002,1795
936.6495,936.6589,23750,30336,Nyctalus leisleri,0.007,0.021,-1,Echolocation,/mnt/ubna_data_01_mir/recover-20220825/UBNA_002/20220823_033000.WAV,Telephone Field,recover-20220825,002,1795
936.6595,936.6998,68437,82116,Rhinolophus ferrumequinum,0.022,0.022,-1,Echolocation,/mnt/ubna_data_01_mir/recover-20220825/UBNA_002/20220823_033000.WAV,Telephone Field,recover-20220825,002,1795
936.6685,936.6755,27187,36689,Eptesicus serotinus,0.009,0.025,-1,Echolocation,/mnt/ubna_data_01_mir/recover-20220825/UBNA_002/20220823_033000.WAV,Telephone Field,recover-20220825,002,1795
936.7165,936.7489,68437,80729,Rhinolophus ferrumequinum,0.024,0.024,-1,Echolocation,/mnt/ubna_data_01_mir/recover-20220825/UBNA_002/20220823_033000.WAV,Telephone Field,recover-20220825,002,1795
936.7495,936.7588,47812,51388,Pipistrellus pipistrellus,0.022,0.024,-1,Echolocation,/mnt/ubna_data_01_mir/recover-20220825/UBNA_002/20220823_033000.WAV,Telephone Field,recover-20220825,002,1795
936.7745,936.8156,68437,82905,Rhinolophus ferrumequinum,0.027,0.027,-1,Echolocation,/mnt/ubna_data_01_mir/recover-20220825/UBNA_002/20220823_033000.WAV,Telephone Field,recover-20220825,002,1795
936.8025,936.8109,24609,32759,Eptesicus serotinus,0.006,0.022,-1,Echolocation,/mnt/ubna_data_01_mir/recover-20220825/UBNA_002/20220823_033000.WAV,Telephone Field,recover-20220825,002,1795
936.8475,936.864,21171,24191,Nyctalus leisleri,0.015,0.023,-1,Echolocation,/mnt/ubna_data_01_mir/recover-20220825/UBNA_002/20220823_033000.WAV,Telephone Field,recover-20220825,002,1795
936.8625,936.871,28046,38348,Eptesicus serotinus,0.008,0.022,-1,Echolocation,/mnt/ubna_data_01_mir/recover-20220825/UBNA_002/20220823_033000.WAV,Telephone Field,recover-20220825,002,1795
936.9125,936.9301,25468,29924,Nyctalus leisleri,0.022,0.049,-1,Echolocation,/mnt/ubna_data_01_mir/recover-20220825/UBNA_002/20220823_033000.WAV,Telephone Field,recover-20220825,002,1795
936.9255,936.9378,23750,28698,Nyctalus leisleri,0.011,0.022,-1,Echolocation,/mnt/ubna_data_01_mir/recover-20220825/UBNA_002/20220823_033000.WAV,Telephone Field,recover-20220825,002,1795
936.9405,936.9787,68437,82528,Rhinolophus ferrumequinum,0.02,0.021,-1,Echolocation,/mnt/ubna_data_01_mir/recover-20220825/UBNA_002/20220823_033000.WAV,Telephone Field,recover-20220825,002,1795
936.9925,937.0304,68437,82216,Rhinolophus ferrumequinum,0.02,0.02,-1,Echolocation,/mnt/ubna_data_01_mir/recover-20220825/UBNA_002/20220823_033000.WAV,Telephone Field,recover-20220825,002,1795
937.0415,937.0826,68437,83279,Rhinolophus ferrumequinum,0.027,0.027,-1,Echolocation,/mnt/ubna_data_01_mir/recover-20220825/UBNA_002/20220823_033000.WAV,Telephone Field,recover-20220825,002,1795
937.0415,937.052,24609,31780,Nyctalus leisleri,0.009,0.026,-1,Echolocation,/mnt/ubna_data_01_mir/recover-20220825/UBNA_002/20220823_033000.WAV,Telephone Field,recover-20220825,002,1795
937.0605,937.0717,45234,47568,Pipistrellus pipistrellus,0.017,0.02,-1,Echolocation,/mnt/ubna_data_01_mir/recover-20220825/UBNA_002/20220823_033000.WAV,Telephone Field,recover-20220825,002,1795
937.0655,937.1077,68437,82591,Rhinolophus ferrumequinum,0.029,0.029,-1,Echolocation,/mnt/ubna_data_01_mir/recover-20220825/UBNA_002/20220823_033000.WAV,Telephone Field,recover-20220825,002,1795
937.0685,937.0771,24609,33834,Plecotus austriacus,0.018,0.051,-1,Echolocation,/mnt/ubna_data_01_mir/recover-20220825/UBNA_002/20220823_033000.WAV,Telephone Field,recover-20220825,002,1795
937.0925,937.1297,68437,81814,Rhinolophus ferrumequinum,0.021,0.021,-1,Echolocation,/mnt/ubna_data_01_mir/recover-20220825/UBNA_002/20220823_033000.WAV,Telephone Field,recover-20220825,002,1795
937.1185,937.1513,68437,81424,Rhinolophus ferrumequinum,0.022,0.022,-1,Echolocation,/mnt/ubna_data_01_mir/recover-20220825/UBNA_002/20220823_033000.WAV,Telephone Field,recover-20220825,002,1795
937.1295,937.143,23750,29288,Nyctalus leisleri,0.012,0.025,-1,Echolocation,/mnt/ubna_data_01_mir/recover-20220825/UBNA_002/20220823_033000.WAV,Telephone Field,recover-20220825,002,1795
937.1795,937.2189,68437,82986,Rhinolophus ferrumequinum,0.022,0.022,-1,Echolocation,/mnt/ubna_data_01_mir/recover-20220825/UBNA_002/20220823_033000.WAV,Telephone Field,recover-20220825,002,1795
937.1985,937.2354,68437,81069,Rhinolophus ferrumequinum,0.021,0.021,-1,Echolocation,/mnt/ubna_data_01_mir/recover-20220825/UBNA_002/20220823_033000.WAV,Telephone Field,recover-20220825,002,1795
937.2105,937.2185,28046,36571,Eptesicus serotinus,0.009,0.023,-1,Echolocation,/mnt/ubna_data_01_mir/recover-20220825/UBNA_002/20220823_033000.WAV,Telephone Field,recover-20220825,002,1795
937.2125,937.2523,68437,82430,Rhinolophus ferrumequinum,0.023,0.023,-1,Echolocation,/mnt/ubna_data_01_mir/recover-20220825/UBNA_002/20220823_033000.WAV,Telephone Field,recover-20220825,002,1795
937.2615,937.2743,24609,31535,Nyctalus leisleri,0.01,0.027,-1,Echolocation,/mnt/ubna_data_01_mir/recover-20220825/UBNA_002/20220823_033000.WAV,Telephone Field,recover-20220825,002,1795
937.2685,937.3061,68437,81470,Rhinolophus ferrumequinum,0.023,0.023,-1,Echolocation,/mnt/ubna_data_01_mir/recover-20220825/UBNA_002/20220823_033000.WAV,Telephone Field,recover-20220825,002,1795
937.2825,937.3223,68437,82748,Rhinolophus ferrumequinum,0.023,0.023,-1,Echolocation,/mnt/ubna_data_01_mir/recover-20220825/UBNA_002/20220823_033000.WAV,Telephone Field,recover-20220825,002,1795
937.3135,937.3327,23750,29026,Eptesicus serotinus,0.043,0.113,-1,Echolocation,/mnt/ubna_data_01_mir/recover-20220825/UBNA_002/20220823_033000.WAV,Telephone Field,recover-20220825,002,1795
937.3585,937.3975,68437,81891,Rhinolophus ferrumequinum,0.02,0.02,-1,Echolocation,/mnt/ubna_data_01_mir/recover-20220825/UBNA_002/20220823_033000.WAV,Telephone Field,recover-20220825,002,1795
937.3845,937.4239,68437,81935,Rhinolophus ferrumequinum,0.022,0.022,-1,Echolocation,/mnt/ubna_data_01_mir/recover-20220825/UBNA_002/20220823_033000.WAV,Telephone Field,recover-20220825,002,1795
937.4255,937.4627,68437,82079,Rhinolophus ferrumequinum,0.02,0.021,-1,Echolocation,/mnt/ubna_data_01_mir/recover-20220825/UBNA_002/20220823_033000.WAV,Telephone Field,recover-20220825,002,1795
937.4285,937.4374,21171,27198,Plecotus austriacus,0.01,0.024,-1,Echolocation,/mnt/ubna_data_01_mir/recover-20220825/UBNA_002/20220823_033000.WAV,Telephone Field,recover-20220825,002,1795
937.4505,937.4614,25468,31457,Eptesicus serotinus,0.025,0.061,-1,Echolocation,/mnt/ubna_data_01_mir/recover-20220825/UBNA_002/20220823_033000.WAV,Telephone Field,recover-20220825,002,1795
937.4565,937.4981,68437,82247,Rhinolophus ferrumequinum,0.023,0.023,-1,Echolocation,/mnt/ubna_data_01_mir/recover-20220825/UBNA_002/20220823_033000.WAV,Telephone Field,recover-20220825,002,1795
937.5085,937.55,68437,83105,Rhinolophus ferrumequinum,0.037,0.037,-1,Echolocation,/mnt/ubna_data_01_mir/recover-20220825/UBNA_002/20220823_033000.WAV,Telephone Field,recover-20220825,002,1795
937.5275,937.5355,24609,32391,Plecotus austriacus,0.006,0.023,-1,Echolocation,/mnt/ubna_data_01_mir/recover-20220825/UBNA_002/20220823_033000.WAV,Telephone Field,recover-20220825,002,1795
937.5425,937.5811,68437,82090,Rhinolophus ferrumequinum,0.02,0.02,-1,Echolocation,/mnt/ubna_data_01_mir/recover-20220825/UBNA_002/20220823_033000.WAV,Telephone Field,recover-20220825,002,1795
937.5445,937.5527,46093,56464,Pipistrellus pipistrellus,0.013,0.021,-1,Echolocation,/mnt/ubna_data_01_mir/recover-20220825/UBNA_002/20220823_033000.WAV,Telephone Field,recover-20220825,002,1795
937.5495,937.5578,28046,42017,Eptesicus serotinus,0.007,0.02,-1,Echolocation,/mnt/ubna_data_01_mir/recover-20220825/UBNA_002/20220823_033000.WAV,Telephone Field,recover-20220825,002,1795
937.6045,937.6152,23750,29255,Nyctalus leisleri,0.015,0.032,-1,Echolocation,/mnt/ubna_data_01_mir/recover-20220825/UBNA_002/20220823_033000.WAV,Telephone Field,recover-20220825,002,1795
937.6055,937.6145,34921,44294,Pipistrellus nathusii,0.009,0.029,-1,Echolocation,/mnt/ubna_data_01_mir/recover-20220825/UBNA_002/20220823_033000.WAV,Telephone Field,recover-20220825,002,1795
937.6405,937.6494,28906,36891,Eptesicus serotinus,0.008,0.02,-1,Echolocation,/mnt/ubna_data_01_mir/recover-20220825/UBNA_002/20220823_033000.WAV,Telephone Field,recover-20220825,002,1795
937.7145,937.7222,28046,39203,Eptesicus serotinus,0.008,0.023,-1,Echolocation,/mnt/ubna_data_01_mir/recover-20220825/UBNA_002/20220823_033000.WAV,Telephone Field,recover-20220825,002,1795
937.7155,937.7228,34062,42282,Myotis daubentonii,0.007,0.02,-1,Echolocation,/mnt/ubna_data_01_mir/recover-20220825/UBNA_002/20220823_033000.WAV,Telephone Field,recover-20220825,002,1795
937.7395,937.7763,68437,81525,Rhinolophus ferrumequinum,0.026,0.026,-1,Echolocation,/mnt/ubna_data_01_mir/recover-20220825/UBNA_002/20220823_033000.WAV,Telephone Field,recover-20220825,002,1795
937.7465,937.7553,51250,56401,Pipistrellus pipistrellus,0.018,0.023,-1,Echolocation,/mnt/ubna_data_01_mir/recover-20220825/UBNA_002/20220823_033000.WAV,Telephone Field,recover-20220825,002,1795
937.7525,937.7634,23750,29434,Nyctalus leisleri,0.008,0.021,-1,Echolocation,/mnt/ubna_data_01_mir/recover-20220825/UBNA_002/20220823_033000.WAV,Telephone Field,recover-20220825,002,1795
937.7605,937.7717,22890,28810,Nyctalus leisleri,0.009,0.02,-1,Echolocation,/mnt/ubna_data_01_mir/recover-20220825/UBNA_002/20220823_033000.WAV,Telephone Field,recover-20220825,002,1795
937.8125,937.8248,22890,28056,Nyctalus leisleri,0.012,0.024,-1,Echolocation,/mnt/ubna_data_01_mir/recover-20220825/UBNA_002/20220823_033000.WAV,Telephone Field,recover-20220825,002,1795
937.8175,937.827,28046,36761,Eptesicus serotinus,0.012,0.025,-1,Echolocation,/mnt/ubna_data_01_mir/recover-20220825/UBNA_002/20220823_033000.WAV,Telephone Field,recover-20220825,002,1795
937.8505,937.8609,28906,35985,Eptesicus serotinus,0.009,0.021,-1,Echolocation,/mnt/ubna_data_01_mir/recover-20220825/UBNA_002/20220823_033000.WAV,Telephone Field,recover-20220825,002,1795
937.8695,937.8835,22890,26586,Nyctalus leisleri,0.016,0.028,-1,Echolocation,/mnt/ubna_data_01_mir/recover-20220825/UBNA_002/20220823_033000.WAV,Telephone Field,recover-20220825,002,1795
937.8985,937.9379,68437,82268,Rhinolophus ferrumequinum,0.021,0.021,-1,Echolocation,/mnt/ubna_data_01_mir/recover-20220825/UBNA_002/20220823_033000.WAV,Telephone Field,recover-20220825,002,1795
937.9245,937.9619,68437,81884,Rhinolophus ferrumequinum,0.021,0.021,-1,Echolocation,/mnt/ubna_data_01_mir/recover-20220825/UBNA_002/20220823_033000.WAV,Telephone Field,recover-20220825,002,1795
937.9545,937.9942,68437,82203,Rhinolophus ferrumequinum,0.022,0.022,-1,Echolocation,/mnt/ubna_data_01_mir/recover-20220825/UBNA_002/20220823_033000.WAV,Telephone Field,recover-20220825,002,1795
938.0015,938.0098,26328,34339,Nyctalus leisleri,0.01,0.033,-1,Echolocation,/mnt/ubna_data_01_mir/recover-20220825/UBNA_002/20220823_033000.WAV,Telephone Field,recover-20220825,002,1795
938.0015,938.0153,17734,22957,Nyctalus leisleri,0.009,0.023,-1,Echolocation,/mnt/ubna_data_01_mir/recover-20220825/UBNA_002/20220823_033000.WAV,Telephone Field,recover-20220825,002,1795
938.0015,938.0357,68437,80530,Rhinolophus ferrumequinum,0.031,0.031,-1,Echolocation,/mnt/ubna_data_01_mir/recover-20220825/UBNA_002/20220823_033000.WAV,Telephone Field,recover-20220825,002,1795
938.0225,938.0324,45234,48851,Pipistrellus pipistrellus,0.032,0.035,-1,Echolocation,/mnt/ubna_data_01_mir/recover-20220825/UBNA_002/20220823_033000.WAV,Telephone Field,recover-20220825,002,1795
938.0265,938.0353,26328,34412,Eptesicus serotinus,0.013,0.03,-1,Echolocation,/mnt/ubna_data_01_mir/recover-20220825/UBNA_002/20220823_033000.WAV,Telephone Field,recover-20220825,002,1795
938.1065,938.1172,28906,36049,Eptesicus serotinus,0.011,0.026,-1,Echolocation,/mnt/ubna_data_01_mir/recover-20220825/UBNA_002/20220823_033000.WAV,Telephone Field,recover-20220825,002,1795
938.1175,938.126,28046,37502,Eptesicus serotinus,0.008,0.025,-1,Echolocation,/mnt/ubna_data_01_mir/recover-20220825/UBNA_002/20220823_033000.WAV,Telephone Field,recover-20220825,002,1795
938.1415,938.1819,68437,82181,Rhinolophus ferrumequinum,0.023,0.023,-1,Echolocation,/mnt/ubna_data_01_mir/recover-20220825/UBNA_002/20220823_033000.WAV,Telephone Field,recover-20220825,002,1795
938.1695,938.1858,22031,25226,Nyctalus leisleri,0.018,0.028,-1,Echolocation,/mnt/ubna_data_01_mir/recover-20220825/UBNA_002/20220823_033000.WAV,Telephone Field,recover-20220825,002,1795
938.1985,938.2089,28046,35114,Eptesicus serotinus,0.013,0.026,-1,Echolocation,/mnt/ubna_data_01_mir/recover-20220825/UBNA_002/20220823_033000.WAV,Telephone Field,recover-20220825,002,1795
938.2005,938.2428,68437,82706,Rhinolophus ferrumequinum,0.023,0.023,-1,Echolocation,/mnt/ubna_data_01_mir/recover-20220825/UBNA_002/20220823_033000.WAV,Telephone Field,recover-20220825,002,1795
938.2725,938.2898,24609,28565,Nyctalus leisleri,0.141,0.217,-1,Echolocation,/mnt/ubna_data_01_mir/recover-20220825/UBNA_002/20220823_033000.WAV,Telephone Field,recover-20220825,002,1795
938.2925,938.299,27187,39011,Eptesicus serotinus,0.006,0.025,-1,Echolocation,/mnt/ubna_data_01_mir/recover-20220825/UBNA_002/20220823_033000.WAV,Telephone Field,recover-20220825,002,1795
938.3145,938.3561,68437,82904,Rhinolophus ferrumequinum,0.023,0.023,-1,Echolocation,/mnt/ubna_data_01_mir/recover-20220825/UBNA_002/20220823_033000.WAV,Telephone Field,recover-20220825,002,1795
938.3185,938.3287,24609,32022,Eptesicus serotinus,0.009,0.027,-1,Echolocation,/mnt/ubna_data_01_mir/recover-20220825/UBNA_002/20220823_033000.WAV,Telephone Field,recover-20220825,002,1795
938.3435,938.3498,29765,52493,Myotis daubentonii,0.013,0.026,-1,Echolocation,/mnt/ubna_data_01_mir/recover-20220825/UBNA_002/20220823_033000.WAV,Telephone Field,recover-20220825,002,1795
938.3865,938.4292,68437,82700,Rhinolophus ferrumequinum,0.03,0.03,-1,Echolocation,/mnt/ubna_data_01_mir/recover-20220825/UBNA_002/20220823_033000.WAV,Telephone Field,recover-20220825,002,1795
938.4395,938.479,68437,82353,Rhinolophus ferrumequinum,0.027,0.027,-1,Echolocation,/mnt/ubna_data_01_mir/recover-20220825/UBNA_002/20220823_033000.WAV,Telephone Field,recover-20220825,002,1795
938.4805,938.4998,20312,23256,Nyctalus leisleri,0.013,0.023,-1,Echolocation,/mnt/ubna_data_01_mir/recover-20220825/UBNA_002/20220823_033000.WAV,Telephone Field,recover-20220825,002,1795
938.4875,938.494,25468,39515,Myotis nattereri,0.007,0.023,-1,Echolocation,/mnt/ubna_data_01_mir/recover-20220825/UBNA_002/20220823_033000.WAV,Telephone Field,recover-20220825,002,1795
938.4885,938.4931,34062,47012,Myotis daubentonii,0.012,0.024,-1,Echolocation,/mnt/ubna_data_01_mir/recover-20220825/UBNA_002/20220823_033000.WAV,Telephone Field,recover-20220825,002,1795
938.4895,938.5118,18593,22068,Nyctalus noctula,0.016,0.027,-1,Echolocation,/mnt/ubna_data_01_mir/recover-20220825/UBNA_002/20220823_033000.WAV,Telephone Field,recover-20220825,002,1795
938.5755,938.5823,27187,37525,Eptesicus serotinus,0.005,0.023,-1,Echolocation,/mnt/ubna_data_01_mir/recover-20220825/UBNA_002/20220823_033000.WAV,Telephone Field,recover-20220825,002,1795
938.5855,938.6253,68437,82838,Rhinolophus ferrumequinum,0.027,0.027,-1,Echolocation,/mnt/ubna_data_01_mir/recover-20220825/UBNA_002/20220823_033000.WAV,Telephone Field,recover-20220825,002,1795
938.6195,938.6293000000001,23750,30847,Nyctalus leisleri,0.009,0.026,-1,Echolocation,/mnt/ubna_data_01_mir/recover-20220825/UBNA_002/20220823_033000.WAV,Telephone Field,recover-20220825,002,1795
938.6555,938.6979,68437,82954,Rhinolophus ferrumequinum,0.03,0.03,-1,Echolocation,/mnt/ubna_data_01_mir/recover-20220825/UBNA_002/20220823_033000.WAV,Telephone Field,recover-20220825,002,1795
938.7185,938.7283,31484,39764,Eptesicus serotinus,0.009,0.028,-1,Echolocation,/mnt/ubna_data_01_mir/recover-20220825/UBNA_002/20220823_033000.WAV,Telephone Field,recover-20220825,002,1795
938.7385,938.7769,68437,81873,Rhinolophus ferrumequinum,0.022,0.022,-1,Echolocation,/mnt/ubna_data_01_mir/recover-20220825/UBNA_002/20220823_033000.WAV,Telephone Field,recover-20220825,002,1795
938.7585,938.7668,27187,36716,Eptesicus serotinus,0.008,0.023,-1,Echolocation,/mnt/ubna_data_01_mir/recover-20220825/UBNA_002/20220823_033000.WAV,Telephone Field,recover-20220825,002,1795
938.8085,938.8158,26328,36134,Eptesicus serotinus,0.006,0.023,-1,Echolocation,/mnt/ubna_data_01_mir/recover-20220825/UBNA_002/20220823_033000.WAV,Telephone Field,recover-20220825,002,1795
938.8185,938.8575,68437,81391,Rhinolophus ferrumequinum,0.022,0.022,-1,Echolocation,/mnt/ubna_data_01_mir/recover-20220825/UBNA_002/20220823_033000.WAV,Telephone Field,recover-20220825,002,1795
938.8235,938.8593,68437,81205,Rhinolophus ferrumequinum,0.022,0.022,-1,Echolocation,/mnt/ubna_data_01_mir/recover-20220825/UBNA_002/20220823_033000.WAV,Telephone Field,recover-20220825,002,1795
938.8365,938.8517,20312,24311,Nyctalus leisleri,0.012,0.025,-1,Echolocation,/mnt/ubna_data_01_mir/recover-20220825/UBNA_002/20220823_033000.WAV,Telephone Field,recover-20220825,002,1795
938.8995,938.938,68437,81245,Rhinolophus ferrumequinum,0.022,0.022,-1,Echolocation,/mnt/ubna_data_01_mir/recover-20220825/UBNA_002/20220823_033000.WAV,Telephone Field,recover-20220825,002,1795
938.9125,938.9513,68437,82295,Rhinolophus ferrumequinum,0.022,0.022,-1,Echolocation,/mnt/ubna_data_01_mir/recover-20220825/UBNA_002/20220823_033000.WAV,Telephone Field,recover-20220825,002,1795
938.9535,938.9608,44375,50169,Pipistrellus pipistrellus,0.083,0.09,-1,Echolocation,/mnt/ubna_data_01_mir/recover-20220825/UBNA_002/20220823_033000.WAV,Telephone Field,recover-20220825,002,1795
938.9765,938.9842,28046,39585,Eptesicus serotinus,0.007,0.022,-1,Echolocation,/mnt/ubna_data_01_mir/recover-20220825/UBNA_002/20220823_033000.WAV,Telephone Field,recover-20220825,002,1795
938.9955,939.0088,14296,19050,Nyctalus noctula,0.015,0.024,-1,Echolocation,/mnt/ubna_data_01_mir/recover-20220825/UBNA_002/20220823_033000.WAV,Telephone Field,recover-20220825,002,1795
939.0155,939.0271,23750,29622,Nyctalus leisleri,0.012,0.032,-1,Echolocation,/mnt/ubna_data_01_mir/recover-20220825/UBNA_002/20220823_033000.WAV,Telephone Field,recover-20220825,002,1795
939.0355,939.0438,45234,53290,Pipistrellus pipistrellus,0.012,0.026,-1,Echolocation,/mnt/ubna_data_01_mir/recover-20220825/UBNA_002/20220823_033000.WAV,Telephone Field,recover-20220825,002,1795
939.0405,939.0452,41796,56964,Myotis mystacinus,0.01,0.024,-1,Echolocation,/mnt/ubna_data_01_mir/recover-20220825/UBNA_002/20220823_033000.WAV,Telephone Field,recover-20220825,002,1795
939.0795,939.1229,68437,83248,Rhinolophus ferrumequinum,0.024,0.024,-1,Echolocation,/mnt/ubna_data_01_mir/recover-20220825/UBNA_002/20220823_033000.WAV,Telephone Field,recover-20220825,002,1795
939.0885,939.0982,28046,36438,Eptesicus serotinus,0.01,0.025,-1,Echolocation,/mnt/ubna_data_01_mir/recover-20220825/UBNA_002/20220823_033000.WAV,Telephone Field,recover-20220825,002,1795
939.1425,939.1513,43515,48383,Pipistrellus nathusii,0.093,0.16,-1,Echolocation,/mnt/ubna_data_01_mir/recover-20220825/UBNA_002/20220823_033000.WAV,Telephone Field,recover-20220825,002,1795
939.1435,939.1508,30625,48638,Myotis daubentonii,0.011,0.023,-1,Echolocation,/mnt/ubna_data_01_mir/recover-20220825/UBNA_002/20220823_033000.WAV,Telephone Field,recover-20220825,002,1795
939.1465,939.1855,68437,82081,Rhinolophus ferrumequinum,0.023,0.023,-1,Echolocation,/mnt/ubna_data_01_mir/recover-20220825/UBNA_002/20220823_033000.WAV,Telephone Field,recover-20220825,002,1795
939.1805,939.2155,68437,81665,Rhinolophus ferrumequinum,0.023,0.023,-1,Echolocation,/mnt/ubna_data_01_mir/recover-20220825/UBNA_002/20220823_033000.WAV,Telephone Field,recover-20220825,002,1795
939.2375,939.2432,29765,53781,Myotis daubentonii,0.014,0.026,-1,Echolocation,/mnt/ubna_data_01_mir/recover-20220825/UBNA_002/20220823_033000.WAV,Telephone Field,recover-20220825,002,1795
939.2755,939.3114,68437,82104,Rhinolophus ferrumequinum,0.024,0.024,-1,Echolocation,/mnt/ubna_data_01_mir/recover-20220825/UBNA_002/20220823_033000.WAV,Telephone Field,recover-20220825,002,1795
939.2795,939.2866,27187,38458,Eptesicus serotinus,0.007,0.027,-1,Echolocation,/mnt/ubna_data_01_mir/recover-20220825/UBNA_002/20220823_033000.WAV,Telephone Field,recover-20220825,002,1795
939.3065,939.348,68437,82304,Rhinolophus ferrumequinum,0.029,0.029,-1,Echolocation,/mnt/ubna_data_01_mir/recover-20220825/UBNA_002/20220823_033000.WAV,Telephone Field,recover-20220825,002,1795
939.3365,939.3433,43515,49092,Pipistrellus pipistrellus,0.05,0.062,-1,Echolocation,/mnt/ubna_data_01_mir/recover-20220825/UBNA_002/20220823_033000.WAV,Telephone Field,recover-20220825,002,1795
939.3715,939.3824,27187,34858,Eptesicus serotinus,0.012,0.027,-1,Echolocation,/mnt/ubna_data_01_mir/recover-20220825/UBNA_002/20220823_033000.WAV,Telephone Field,recover-20220825,002,1795
939.3785,939.4195,68437,82472,Rhinolophus ferrumequinum,0.023,0.023,-1,Echolocation,/mnt/ubna_data_01_mir/recover-20220825/UBNA_002/20220823_033000.WAV,Telephone Field,recover-20220825,002,1795
939.3975,939.4363,68437,81745,Rhinolophus ferrumequinum,0.022,0.022,-1,Echolocation,/mnt/ubna_data_01_mir/recover-20220825/UBNA_002/20220823_033000.WAV,Telephone Field,recover-20220825,002,1795
939.4105,939.417,28046,40997,Eptesicus serotinus,0.007,0.033,-1,Echolocation,/mnt/ubna_data_01_mir/recover-20220825/UBNA_002/20220823_033000.WAV,Telephone Field,recover-20220825,002,1795
939.4335,939.4405,43515,48385,Pipistrellus pipistrellus,0.035,0.053,-1,Echolocation,/mnt/ubna_data_01_mir/recover-20220825/UBNA_002/20220823_033000.WAV,Telephone Field,recover-20220825,002,1795
939.4885,939.4968,45234,54646,Pipistrellus pipistrellus,0.016,0.026,-1,Echolocation,/mnt/ubna_data_01_mir/recover-20220825/UBNA_002/20220823_033000.WAV,Telephone Field,recover-20220825,002,1795
939.5105,939.5502,68437,82512,Rhinolophus ferrumequinum,0.023,0.023,-1,Echolocation,/mnt/ubna_data_01_mir/recover-20220825/UBNA_002/20220823_033000.WAV,Telephone Field,recover-20220825,002,1795
939.5465,939.5538,23750,32495,Plecotus austriacus,0.014,0.031,-1,Echolocation,/mnt/ubna_data_01_mir/recover-20220825/UBNA_002/20220823_033000.WAV,Telephone Field,recover-20220825,002,1795
939.5785,939.585,27187,42173,Eptesicus serotinus,0.006,0.024,-1,Echolocation,/mnt/ubna_data_01_mir/recover-20220825/UBNA_002/20220823_033000.WAV,Telephone Field,recover-20220825,002,1795
939.6185,939.625,46953,52304,Pipistrellus pipistrellus,0.02,0.022,-1,Echolocation,/mnt/ubna_data_01_mir/recover-20220825/UBNA_002/20220823_033000.WAV,Telephone Field,recover-20220825,002,1795
939.6525,939.6602,27187,41074,Eptesicus serotinus,0.007,0.022,-1,Echolocation,/mnt/ubna_data_01_mir/recover-20220825/UBNA_002/20220823_033000.WAV,Telephone Field,recover-20220825,002,1795
939.6725,939.7091,68437,82233,Rhinolophus ferrumequinum,0.023,0.023,-1,Echolocation,/mnt/ubna_data_01_mir/recover-20220825/UBNA_002/20220823_033000.WAV,Telephone Field,recover-20220825,002,1795
939.6735,939.6833,24609,32484,Eptesicus serotinus,0.007,0.023,-1,Echolocation,/mnt/ubna_data_01_mir/recover-20220825/UBNA_002/20220823_033000.WAV,Telephone Field,recover-20220825,002,1795
939.7845,939.8235,68437,82505,Rhinolophus ferrumequinum,0.023,0.023,-1,Echolocation,/mnt/ubna_data_01_mir/recover-20220825/UBNA_002/20220823_033000.WAV,Telephone Field,recover-20220825,002,1795
939.7895,939.7977,47812,51668,Pipistrellus pipistrellus,0.024,0.026,-1,Echolocation,/mnt/ubna_data_01_mir/recover-20220825/UBNA_002/20220823_033000.WAV,Telephone Field,recover-20220825,002,1795
939.8025,939.8106,27187,37992,Eptesicus serotinus,0.008,0.026,-1,Echolocation,/mnt/ubna_data_01_mir/recover-20220825/UBNA_002/20220823_033000.WAV,Telephone Field,recover-20220825,002,1795
939.8455,939.8545,28046,36534,Eptesicus serotinus,0.007,0.022,-1,Echolocation,/mnt/ubna_data_01_mir/recover-20220825/UBNA_002/20220823_033000.WAV,Telephone Field,recover-20220825,002,1795
939.8975,939.9349,68437,81497,Rhinolophus ferrumequinum,0.022,0.022,-1,Echolocation,/mnt/ubna_data_01_mir/recover-20220825/UBNA_002/20220823_033000.WAV,Telephone Field,recover-20220825,002,1795
939.9375,939.9747,68437,81598,Rhinolophus ferrumequinum,0.022,0.022,-1,Echolocation,/mnt/ubna_data_01_mir/recover-20220825/UBNA_002/20220823_033000.WAV,Telephone Field,recover-20220825,002,1795
939.9565,939.967,22890,29517,Nyctalus leisleri,0.01,0.026,-1,Echolocation,/mnt/ubna_data_01_mir/recover-20220825/UBNA_002/20220823_033000.WAV,Telephone Field,recover-20220825,002,1795
939.9845,939.996,31484,38194,Eptesicus serotinus,0.007,0.025,-1,Echolocation,/mnt/ubna_data_01_mir/recover-20220825/UBNA_002/20220823_033000.WAV,Telephone Field,recover-20220825,002,1795
940.0015,940.0103,22890,32059,Nyctalus leisleri,0.007,0.027,-1,Echolocation,/mnt/ubna_data_01_mir/recover-20220825/UBNA_002/20220823_033000.WAV,Telephone Field,recover-20220825,002,1795
940.0015,940.0316,68437,79577,Rhinolophus ferrumequinum,0.032,0.032,-1,Echolocation,/mnt/ubna_data_01_mir/recover-20220825/UBNA_002/20220823_033000.WAV,Telephone Field,recover-20220825,002,1795
940.0015,940.0088,48671,54414,Pipistrellus pipistrellus,0.017,0.022,-1,Echolocation,/mnt/ubna_data_01_mir/recover-20220825/UBNA_002/20220823_033000.WAV,Telephone Field,recover-20220825,002,1795
940.0025,940.0129,41796,46093,Pipistrellus pipistrellus,0.014,0.028,-1,Echolocation,/mnt/ubna_data_01_mir/recover-20220825/UBNA_002/20220823_033000.WAV,Telephone Field,recover-20220825,002,1795
940.0135,940.0218,25468,33054,Eptesicus serotinus,0.008,0.023,-1,Echolocation,/mnt/ubna_data_01_mir/recover-20220825/UBNA_002/20220823_033000.WAV,Telephone Field,recover-20220825,002,1795
940.0895,940.0977,27187,40440,Eptesicus serotinus,0.009,0.026,-1,Echolocation,/mnt/ubna_data_01_mir/recover-20220825/UBNA_002/20220823_033000.WAV,Telephone Field,recover-20220825,002,1795
940.0965,940.1339,68437,81954,Rhinolophus ferrumequinum,0.022,0.022,-1,Echolocation,/mnt/ubna_data_01_mir/recover-20220825/UBNA_002/20220823_033000.WAV,Telephone Field,recover-20220825,002,1795
940.1145,940.1246,28046,35112,Eptesicus serotinus,0.011,0.021,-1,Echolocation,/mnt/ubna_data_01_mir/recover-20220825/UBNA_002/20220823_033000.WAV,Telephone Field,recover-20220825,002,1795
940.1395,940.1785,68437,82302,Rhinolophus ferrumequinum,0.021,0.021,-1,Echolocation,/mnt/ubna_data_01_mir/recover-20220825/UBNA_002/20220823_033000.WAV,Telephone Field,recover-20220825,002,1795
940.1545,940.1625,28046,39781,Eptesicus serotinus,0.008,0.022,-1,Echolocation,/mnt/ubna_data_01_mir/recover-20220825/UBNA_002/20220823_033000.WAV,Telephone Field,recover-20220825,002,1795
940.1735,940.1913,20312,23859,Nyctalus leisleri,0.011,0.021,-1,Echolocation,/mnt/ubna_data_01_mir/recover-20220825/UBNA_002/20220823_033000.WAV,Telephone Field,recover-20220825,002,1795
940.1775,940.2138,68437,81862,Rhinolophus ferrumequinum,0.024,0.024,-1,Echolocation,/mnt/ubna_data_01_mir/recover-20220825/UBNA_002/20220823_033000.WAV,Telephone Field,recover-20220825,002,1795
940.1915,940.2006,27187,37970,Eptesicus serotinus,0.008,0.021,-1,Echolocation,/mnt/ubna_data_01_mir/recover-20220825/UBNA_002/20220823_033000.WAV,Telephone Field,recover-20220825,002,1795
940.2315,940.2704,68437,82536,Rhinolophus ferrumequinum,0.021,0.021,-1,Echolocation,/mnt/ubna_data_01_mir/recover-20220825/UBNA_002/20220823_033000.WAV,Telephone Field,recover-20220825,002,1795
940.2745,940.2838,24609,31622,Nyctalus leisleri,0.007,0.022,-1,Echolocation,/mnt/ubna_data_01_mir/recover-20220825/UBNA_002/20220823_033000.WAV,Telephone Field,recover-20220825,002,1795
940.2835,940.2943,23750,28794,Nyctalus leisleri,0.011,0.025,-1,Echolocation,/mnt/ubna_data_01_mir/recover-20220825/UBNA_002/20220823_033000.WAV,Telephone Field,recover-20220825,002,1795
940.3015,940.3413,68437,82720,Rhinolophus ferrumequinum,0.021,0.021,-1,Echolocation,/mnt/ubna_data_01_mir/recover-20220825/UBNA_002/20220823_033000.WAV,Telephone Field,recover-20220825,002,1795
940.3145,940.3555,68437,82821,Rhinolophus ferrumequinum,0.032,0.032,-1,Echolocation,/mnt/ubna_data_01_mir/recover-20220825/UBNA_002/20220823_033000.WAV,Telephone Field,recover-20220825,002,1795
940.3155,940.3272,14296,20291,Nyctalus noctula,0.026,0.042,-1,Echolocation,/mnt/ubna_data_01_mir/recover-20220825/UBNA_002/20220823_033000.WAV,Telephone Field,recover-20220825,002,1795
940.3175,940.3258,28046,43766,Eptesicus serotinus,0.008,0.022,-1,Echolocation,/mnt/ubna_data_01_mir/recover-20220825/UBNA_002/20220823_033000.WAV,Telephone Field,recover-20220825,002,1795
940.3675,940.3738,28046,39549,Eptesicus serotinus,0.007,0.027,-1,Echolocation,/mnt/ubna_data_01_mir/recover-20220825/UBNA_002/20220823_033000.WAV,Telephone Field,recover-20220825,002,1795
940.3955,940.4038,24609,32920,Eptesicus serotinus,0.007,0.026,-1,Echolocation,/mnt/ubna_data_01_mir/recover-20220825/UBNA_002/20220823_033000.WAV,Telephone Field,recover-20220825,002,1795
940.4435,940.4872,68437,83407,Rhinolophus ferrumequinum,0.04,0.04,-1,Echolocation,/mnt/ubna_data_01_mir/recover-20220825/UBNA_002/20220823_033000.WAV,Telephone Field,recover-20220825,002,1795
940.4925,940.5013,25468,33547,Eptesicus serotinus,0.009,0.023,-1,Echolocation,/mnt/ubna_data_01_mir/recover-20220825/UBNA_002/20220823_033000.WAV,Telephone Field,recover-20220825,002,1795
940.5155,940.5262,28906,36272,Eptesicus serotinus,0.011,0.024,-1,Echolocation,/mnt/ubna_data_01_mir/recover-20220825/UBNA_002/20220823_033000.WAV,Telephone Field,recover-20220825,002,1795
940.5285,940.5682,68437,82097,Rhinolophus ferrumequinum,0.022,0.022,-1,Echolocation,/mnt/ubna_data_01_mir/recover-20220825/UBNA_002/20220823_033000.WAV,Telephone Field,recover-20220825,002,1795
940.5625,940.6043,68437,82811,Rhinolophus ferrumequinum,0.023,0.023,-1,Echolocation,/mnt/ubna_data_01_mir/recover-20220825/UBNA_002/20220823_033000.WAV,Telephone Field,recover-20220825,002,1795
940.5695,940.577,27187,39259,Eptesicus serotinus,0.007,0.022,-1,Echolocation,/mnt/ubna_data_01_mir/recover-20220825/UBNA_002/20220823_033000.WAV,Telephone Field,recover-20220825,002,1795
940.5995,940.6365,68437,81924,Rhinolophus ferrumequinum,0.021,0.021,-1,Echolocation,/mnt/ubna_data_01_mir/recover-20220825/UBNA_002/20220823_033000.WAV,Telephone Field,recover-20220825,002,1795
940.6215,940.6618,68437,82625,Rhinolophus ferrumequinum,0.024,0.024,-1,Echolocation,/mnt/ubna_data_01_mir/recover-20220825/UBNA_002/20220823_033000.WAV,Telephone Field,recover-20220825,002,1795
940.6295,940.6669,68437,81847,Rhinolophus ferrumequinum,0.021,0.021,-1,Echolocation,/mnt/ubna_data_01_mir/recover-20220825/UBNA_002/20220823_033000.WAV,Telephone Field,recover-20220825,002,1795
940.6455,940.6785,68437,81233,Rhinolophus ferrumequinum,0.022,0.022,-1,Echolocation,/mnt/ubna_data_01_mir/recover-20220825/UBNA_002/20220823_033000.WAV,Telephone Field,recover-20220825,002,1795
940.6685,940.6743,25468,36779,Plecotus austriacus,0.011,0.034,-1,Echolocation,/mnt/ubna_data_01_mir/recover-20220825/UBNA_002/20220823_033000.WAV,Telephone Field,recover-20220825,002,1795
940.6755,940.7092,68437,81427,Rhinolophus ferrumequinum,0.022,0.022,-1,Echolocation,/mnt/ubna_data_01_mir/recover-20220825/UBNA_002/20220823_033000.WAV,Telephone Field,recover-20220825,002,1795
940.6865,940.7239,68437,82052,Rhinolophus ferrumequinum,0.021,0.021,-1,Echolocation,/mnt/ubna_data_01_mir/recover-20220825/UBNA_002/20220823_033000.WAV,Telephone Field,recover-20220825,002,1795
940.6945,940.7004,25468,37265,Plecotus austriacus,0.03,0.076,-1,Echolocation,/mnt/ubna_data_01_mir/recover-20220825/UBNA_002/20220823_033000.WAV,Telephone Field,recover-20220825,002,1795
940.7365,940.7748,68437,81810,Rhinolophus ferrumequinum,0.022,0.022,-1,Echolocation,/mnt/ubna_data_01_mir/recover-20220825/UBNA_002/20220823_033000.WAV,Telephone Field,recover-20220825,002,1795
940.7525,940.7594,27187,39278,Eptesicus serotinus,0.006,0.021,-1,Echolocation,/mnt/ubna_data_01_mir/recover-20220825/UBNA_002/20220823_033000.WAV,Telephone Field,recover-20220825,002,1795
940.7725,940.8135,68437,82921,Rhinolophus ferrumequinum,0.029,0.029,-1,Echolocation,/mnt/ubna_data_01_mir/recover-20220825/UBNA_002/20220823_033000.WAV,Telephone Field,recover-20220825,002,1795
940.7805,940.8197,68437,82053,Rhinolophus ferrumequinum,0.026,0.026,-1,Echolocation,/mnt/ubna_data_01_mir/recover-20220825/UBNA_002/20220823_033000.WAV,Telephone Field,recover-20220825,002,1795
940.7915,940.8006,28046,36009,Eptesicus serotinus,0.008,0.022,-1,Echolocation,/mnt/ubna_data_01_mir/recover-20220825/UBNA_002/20220823_033000.WAV,Telephone Field,recover-20220825,002,1795
940.8095,940.8496,68437,82257,Rhinolophus ferrumequinum,0.021,0.022,-1,Echolocation,/mnt/ubna_data_01_mir/recover-20220825/UBNA_002/20220823_033000.WAV,Telephone Field,recover-20220825,002,1795
940.8115,940.8224,22031,26181,Nyctalus leisleri,0.011,0.021,-1,Echolocation,/mnt/ubna_data_01_mir/recover-20220825/UBNA_002/20220823_033000.WAV,Telephone Field,recover-20220825,002,1795
940.8375,940.8775,68437,82226,Rhinolophus ferrumequinum,0.024,0.024,-1,Echolocation,/mnt/ubna_data_01_mir/recover-20220825/UBNA_002/20220823_033000.WAV,Telephone Field,recover-20220825,002,1795
940.9035,940.9377,68437,81297,Rhinolophus ferrumequinum,0.021,0.021,-1,Echolocation,/mnt/ubna_data_01_mir/recover-20220825/UBNA_002/20220823_033000.WAV,Telephone Field,recover-20220825,002,1795
940.9175,940.9551,68437,82306,Rhinolophus ferrumequinum,0.023,0.024,-1,Echolocation,/mnt/ubna_data_01_mir/recover-20220825/UBNA_002/20220823_033000.WAV,Telephone Field,recover-20220825,002,1795
940.9345,940.9525,20312,23501,Nyctalus leisleri,0.017,0.031,-1,Echolocation,/mnt/ubna_data_01_mir/recover-20220825/UBNA_002/20220823_033000.WAV,Telephone Field,recover-20220825,002,1795
940.9595,940.9672,28046,38859,Eptesicus serotinus,0.008,0.023,-1,Echolocation,/mnt/ubna_data_01_mir/recover-20220825/UBNA_002/20220823_033000.WAV,Telephone Field,recover-20220825,002,1795
940.9915,941.0299,68437,82021,Rhinolophus ferrumequinum,0.024,0.024,-1,Echolocation,/mnt/ubna_data_01_mir/recover-20220825/UBNA_002/20220823_033000.WAV,Telephone Field,recover-20220825,002,1795
940.9915,941.0033,23750,29214,Nyctalus leisleri,0.016,0.03,-1,Echolocation,/mnt/ubna_data_01_mir/recover-20220825/UBNA_002/20220823_033000.WAV,Telephone Field,recover-20220825,002,1795
941.0045,941.0134,28906,36677,Eptesicus serotinus,0.009,0.022,-1,Echolocation,/mnt/ubna_data_01_mir/recover-20220825/UBNA_002/20220823_033000.WAV,Telephone Field,recover-20220825,002,1795
941.0125,941.052,68437,82326,Rhinolophus ferrumequinum,0.027,0.027,-1,Echolocation,/mnt/ubna_data_01_mir/recover-20220825/UBNA_002/20220823_033000.WAV,Telephone Field,recover-20220825,002,1795
941.0315,941.0386,45234,53970,Pipistrellus pipistrellus,0.023,0.027,-1,Echolocation,/mnt/ubna_data_01_mir/recover-20220825/UBNA_002/20220823_033000.WAV,Telephone Field,recover-20220825,002,1795
941.0845,941.1237,68437,82034,Rhinolophus ferrumequinum,0.023,0.023,-1,Echolocation,/mnt/ubna_data_01_mir/recover-20220825/UBNA_002/20220823_033000.WAV,Telephone Field,recover-20220825,002,1795
941.0895,941.1264,68437,81811,Rhinolophus ferrumequinum,0.023,0.023,-1,Echolocation,/mnt/ubna_data_01_mir/recover-20220825/UBNA_002/20220823_033000.WAV,Telephone Field,recover-20220825,002,1795
941.2145,941.2505,68437,81592,Rhinolophus ferrumequinum,0.022,0.022,-1,Echolocation,/mnt/ubna_data_01_mir/recover-20220825/UBNA_002/20220823_033000.WAV,Telephone Field,recover-20220825,002,1795
941.2295,941.2687,68437,82687,Rhinolophus ferrumequinum,0.022,0.022,-1,Echolocation,/mnt/ubna_data_01_mir/recover-20220825/UBNA_002/20220823_033000.WAV,Telephone Field,recover-20220825,002,1795
941.2355,941.2455,44375,51698,Pipistrellus pipistrellus,0.021,0.029,-1,Echolocation,/mnt/ubna_data_01_mir/recover-20220825/UBNA_002/20220823_033000.WAV,Telephone Field,recover-20220825,002,1795
941.2525,941.2919,68437,82540,Rhinolophus ferrumequinum,0.022,0.022,-1,Echolocation,/mnt/ubna_data_01_mir/recover-20220825/UBNA_002/20220823_033000.WAV,Telephone Field,recover-20220825,002,1795
941.2645,941.2748,23750,30276,Nyctalus leisleri,0.008,0.021,-1,Echolocation,/mnt/ubna_data_01_mir/recover-20220825/UBNA_002/20220823_033000.WAV,Telephone Field,recover-20220825,002,1795
941.3185,941.3247,27187,39070,Eptesicus serotinus,0.012,0.043,-1,Echolocation,/mnt/ubna_data_01_mir/recover-20220825/UBNA_002/20220823_033000.WAV,Telephone Field,recover-20220825,002,1795
941.3505,941.3877,68437,82034,Rhinolophus ferrumequinum,0.021,0.021,-1,Echolocation,/mnt/ubna_data_01_mir/recover-20220825/UBNA_002/20220823_033000.WAV,Telephone Field,recover-20220825,002,1795
941.3515,941.3604,28046,36926,Eptesicus serotinus,0.009,0.021,-1,Echolocation,/mnt/ubna_data_01_mir/recover-20220825/UBNA_002/20220823_033000.WAV,Telephone Field,recover-20220825,002,1795
941.4065,941.444,68437,81574,Rhinolophus ferrumequinum,0.022,0.022,-1,Echolocation,/mnt/ubna_data_01_mir/recover-20220825/UBNA_002/20220823_033000.WAV,Telephone Field,recover-20220825,002,1795
941.4285,941.47,68437,83230,Rhinolophus ferrumequinum,0.024,0.024,-1,Echolocation,/mnt/ubna_data_01_mir/recover-20220825/UBNA_002/20220823_033000.WAV,Telephone Field,recover-20220825,002,1795
941.4355,941.4464,22890,27716,Nyctalus leisleri,0.011,0.022,-1,Echolocation,/mnt/ubna_data_01_mir/recover-20220825/UBNA_002/20220823_033000.WAV,Telephone Field,recover-20220825,002,1795
941.4545,941.4704,20312,25243,Nyctalus noctula,0.012,0.025,-1,Echolocation,/mnt/ubna_data_01_mir/recover-20220825/UBNA_002/20220823_033000.WAV,Telephone Field,recover-20220825,002,1795
941.4565,941.4631,28046,41392,Eptesicus serotinus,0.009,0.029,-1,Echolocation,/mnt/ubna_data_01_mir/recover-20220825/UBNA_002/20220823_033000.WAV,Telephone Field,recover-20220825,002,1795
941.5865,941.627,68437,82523,Rhinolophus ferrumequinum,0.026,0.026,-1,Echolocation,/mnt/ubna_data_01_mir/recover-20220825/UBNA_002/20220823_033000.WAV,Telephone Field,recover-20220825,002,1795
941.5965,941.6062,27187,35349,Eptesicus serotinus,0.009,0.021,-1,Echolocation,/mnt/ubna_data_01_mir/recover-20220825/UBNA_002/20220823_033000.WAV,Telephone Field,recover-20220825,002,1795
941.6135,941.6525,68437,82261,Rhinolophus ferrumequinum,0.021,0.021,-1,Echolocation,/mnt/ubna_data_01_mir/recover-20220825/UBNA_002/20220823_033000.WAV,Telephone Field,recover-20220825,002,1795
941.6245,941.6333,25468,33614,Eptesicus serotinus,0.008,0.023,-1,Echolocation,/mnt/ubna_data_01_mir/recover-20220825/UBNA_002/20220823_033000.WAV,Telephone Field,recover-20220825,002,1795
941.6345,941.6719,68437,81701,Rhinolophus ferrumequinum,0.024,0.024,-1,Echolocation,/mnt/ubna_data_01_mir/recover-20220825/UBNA_002/20220823_033000.WAV,Telephone Field,recover-20220825,002,1795
941.6605,941.6703,28046,35927,Eptesicus serotinus,0.009,0.021,-1,Echolocation,/mnt/ubna_data_01_mir/recover-20220825/UBNA_002/20220823_033000.WAV,Telephone Field,recover-20220825,002,1795
941.6625,941.7022,68437,82643,Rhinolophus ferrumequinum,0.021,0.021,-1,Echolocation,/mnt/ubna_data_01_mir/recover-20220825/UBNA_002/20220823_033000.WAV,Telephone Field,recover-20220825,002,1795
941.6765,941.6835,28046,38807,Eptesicus serotinus,0.006,0.021,-1,Echolocation,/mnt/ubna_data_01_mir/recover-20220825/UBNA_002/20220823_033000.WAV,Telephone Field,recover-20220825,002,1795
941.7155,941.7544,68437,82356,Rhinolophus ferrumequinum,0.027,0.027,-1,Echolocation,/mnt/ubna_data_01_mir/recover-20220825/UBNA_002/20220823_033000.WAV,Telephone Field,recover-20220825,002,1795
941.7315,941.7417,24609,31103,Eptesicus serotinus,0.008,0.021,-1,Echolocation,/mnt/ubna_data_01_mir/recover-20220825/UBNA_002/20220823_033000.WAV,Telephone Field,recover-20220825,002,1795
941.7315,941.7753,68437,83357,Rhinolophus ferrumequinum,0.036,0.036,-1,Echolocation,/mnt/ubna_data_01_mir/recover-20220825/UBNA_002/20220823_033000.WAV,Telephone Field,recover-20220825,002,1795
941.7835,941.8212,68437,81799,Rhinolophus ferrumequinum,0.022,0.023,-1,Echolocation,/mnt/ubna_data_01_mir/recover-20220825/UBNA_002/20220823_033000.WAV,Telephone Field,recover-20220825,002,1795
941.8015,941.8108,28046,38437,Eptesicus serotinus,0.011,0.024,-1,Echolocation,/mnt/ubna_data_01_mir/recover-20220825/UBNA_002/20220823_033000.WAV,Telephone Field,recover-20220825,002,1795
941.8165,941.8526,68437,82054,Rhinolophus ferrumequinum,0.021,0.021,-1,Echolocation,/mnt/ubna_data_01_mir/recover-20220825/UBNA_002/20220823_033000.WAV,Telephone Field,recover-20220825,002,1795
941.8245,941.8636,68437,82375,Rhinolophus ferrumequinum,0.023,0.023,-1,Echolocation,/mnt/ubna_data_01_mir/recover-20220825/UBNA_002/20220823_033000.WAV,Telephone Field,recover-20220825,002,1795
941.8645,941.872,59843,66536,Pipistrellus pygmaeus,0.022,0.022,-1,Echolocation,/mnt/ubna_data_01_mir/recover-20220825/UBNA_002/20220823_033000.WAV,Telephone Field,recover-20220825,002,1795
941.8875,941.9274,68437,82437,Rhinolophus ferrumequinum,0.023,0.023,-1,Echolocation,/mnt/ubna_data_01_mir/recover-20220825/UBNA_002/20220823_033000.WAV,Telephone Field,recover-20220825,002,1795
941.8975,941.9049,50390,55481,Pipistrellus pipistrellus,0.02,0.022,-1,Echolocation,/mnt/ubna_data_01_mir/recover-20220825/UBNA_002/20220823_033000.WAV,Telephone Field,recover-20220825,002,1795
941.9165,941.9273,23750,30343,Nyctalus leisleri,0.02,0.056,-1,Echolocation,/mnt/ubna_data_01_mir/recover-20220825/UBNA_002/20220823_033000.WAV,Telephone Field,recover-20220825,002,1795
941.9365,941.972,68437,81918,Rhinolophus ferrumequinum,0.022,0.022,-1,Echolocation,/mnt/ubna_data_01_mir/recover-20220825/UBNA_002/20220823_033000.WAV,Telephone Field,recover-20220825,002,1795
941.9655,941.9758,22031,26640,Nyctalus leisleri,0.01,0.021,-1,Echolocation,/mnt/ubna_data_01_mir/recover-20220825/UBNA_002/20220823_033000.WAV,Telephone Field,recover-20220825,002,1795
942.0015,942.0336,68437,79973,Rhinolophus ferrumequinum,0.028,0.028,-1,Echolocation,/mnt/ubna_data_01_mir/recover-20220825/UBNA_002/20220823_033000.WAV,Telephone Field,recover-20220825,002,1795
942.0015,942.0102,27187,36396,Eptesicus serotinus,0.01,0.031,-1,Echolocation,/mnt/ubna_data_01_mir/recover-20220825/UBNA_002/20220823_033000.WAV,Telephone Field,recover-20220825,002,1795
942.0315,942.0398,28046,37555,Eptesicus serotinus,0.007,0.022,-1,Echolocation,/mnt/ubna_data_01_mir/recover-20220825/UBNA_002/20220823_033000.WAV,Telephone Field,recover-20220825,002,1795
942.0665,942.0771,51250,55446,Pipistrellus pygmaeus,0.013,0.023,-1,Echolocation,/mnt/ubna_data_01_mir/recover-20220825/UBNA_002/20220823_033000.WAV,Telephone Field,recover-20220825,002,1795
942.0665,942.1049,68437,82619,Rhinolophus ferrumequinum,0.02,0.02,-1,Echolocation,/mnt/ubna_data_01_mir/recover-20220825/UBNA_002/20220823_033000.WAV,Telephone Field,recover-20220825,002,1795
942.0865,942.1248,68437,82308,Rhinolophus ferrumequinum,0.022,0.022,-1,Echolocation,/mnt/ubna_data_01_mir/recover-20220825/UBNA_002/20220823_033000.WAV,Telephone Field,recover-20220825,002,1795
942.0885,942.0957,27187,41488,Eptesicus serotinus,0.006,0.021,-1,Echolocation,/mnt/ubna_data_01_mir/recover-20220825/UBNA_002/20220823_033000.WAV,Telephone Field,recover-20220825,002,1795
942.1305,942.17,68437,82445,Rhinolophus ferrumequinum,0.023,0.023,-1,Echolocation,/mnt/ubna_data_01_mir/recover-20220825/UBNA_002/20220823_033000.WAV,Telephone Field,recover-20220825,002,1795
942.1415,942.149,27187,39626,Eptesicus serotinus,0.007,0.024,-1,Echolocation,/mnt/ubna_data_01_mir/recover-20220825/UBNA_002/20220823_033000.WAV,Telephone Field,recover-20220825,002,1795
942.1605,942.1683,27187,38181,Eptesicus serotinus,0.007,0.021,-1,Echolocation,/mnt/ubna_data_01_mir/recover-20220825/UBNA_002/20220823_033000.WAV,Telephone Field,recover-20220825,002,1795
942.1725,942.2127,68437,82024,Rhinolophus ferrumequinum,0.021,0.021,-1,Echolocation,/mnt/ubna_data_01_mir/recover-20220825/UBNA_002/20220823_033000.WAV,Telephone Field,recover-20220825,002,1795
942.1785,942.1866,28906,37066,Eptesicus serotinus,0.01,0.026,-1,Echolocation,/mnt/ubna_data_01_mir/recover-20220825/UBNA_002/20220823_033000.WAV,Telephone Field,recover-20220825,002,1795
942.2725,942.2801,28046,40222,Eptesicus serotinus,0.006,0.022,-1,Echolocation,/mnt/ubna_data_01_mir/recover-20220825/UBNA_002/20220823_033000.WAV,Telephone Field,recover-20220825,002,1795
942.3615,942.4028,68437,82551,Rhinolophus ferrumequinum,0.022,0.022,-1,Echolocation,/mnt/ubna_data_01_mir/recover-20220825/UBNA_002/20220823_033000.WAV,Telephone Field,recover-20220825,002,1795
942.3715,942.4113,68437,82599,Rhinolophus ferrumequinum,0.021,0.021,-1,Echolocation,/mnt/ubna_data_01_mir/recover-20220825/UBNA_002/20220823_033000.WAV,Telephone Field,recover-20220825,002,1795
942.4005,942.41,25468,33284,Eptesicus serotinus,0.011,0.027,-1,Echolocation,/mnt/ubna_data_01_mir/recover-20220825/UBNA_002/20220823_033000.WAV,Telephone Field,recover-20220825,002,1795
942.4065,942.4428,68437,80823,Rhinolophus ferrumequinum,0.025,0.025,-1,Echolocation,/mnt/ubna_data_01_mir/recover-20220825/UBNA_002/20220823_033000.WAV,Telephone Field,recover-20220825,002,1795
942.4195,942.4305,22890,28073,Nyctalus leisleri,0.012,0.025,-1,Echolocation,/mnt/ubna_data_01_mir/recover-20220825/UBNA_002/20220823_033000.WAV,Telephone Field,recover-20220825,002,1795
942.4515,942.4588,46953,51437,Pipistrellus pipistrellus,0.032,0.033,-1,Echolocation,/mnt/ubna_data_01_mir/recover-20220825/UBNA_002/20220823_033000.WAV,Telephone Field,recover-20220825,002,1795
942.4765,942.5152,68437,81757,Rhinolophus ferrumequinum,0.022,0.022,-1,Echolocation,/mnt/ubna_data_01_mir/recover-20220825/UBNA_002/20220823_033000.WAV,Telephone Field,recover-20220825,002,1795
942.4775,942.4853,37500,46669,Myotis daubentonii,0.01,0.026,-1,Echolocation,/mnt/ubna_data_01_mir/recover-20220825/UBNA_002/20220823_033000.WAV,Telephone Field,recover-20220825,002,1795
942.4965,942.5077,29765,37730,Eptesicus serotinus,0.013,0.028,-1,Echolocation,/mnt/ubna_data_01_mir/recover-20220825/UBNA_002/20220823_033000.WAV,Telephone Field,recover-20220825,002,1795
942.5205,942.5276,23750,33118,Plecotus austriacus,0.018,0.034,-1,Echolocation,/mnt/ubna_data_01_mir/recover-20220825/UBNA_002/20220823_033000.WAV,Telephone Field,recover-20220825,002,1795
942.5765,942.613,68437,81461,Rhinolophus ferrumequinum,0.021,0.021,-1,Echolocation,/mnt/ubna_data_01_mir/recover-20220825/UBNA_002/20220823_033000.WAV,Telephone Field,recover-20220825,002,1795
942.5775,942.5837,28046,42049,Eptesicus serotinus,0.007,0.031,-1,Echolocation,/mnt/ubna_data_01_mir/recover-20220825/UBNA_002/20220823_033000.WAV,Telephone Field,recover-20220825,002,1795
942.6355,942.6446,28906,37376,Eptesicus serotinus,0.017,0.035,-1,Echolocation,/mnt/ubna_data_01_mir/recover-20220825/UBNA_002/20220823_033000.WAV,Telephone Field,recover-20220825,002,1795
942.6905,942.7315,68437,82452,Rhinolophus ferrumequinum,0.021,0.021,-1,Echolocation,/mnt/ubna_data_01_mir/recover-20220825/UBNA_002/20220823_033000.WAV,Telephone Field,recover-20220825,002,1795
942.7235,942.7313,23750,31786,Plecotus austriacus,0.008,0.021,-1,Echolocation,/mnt/ubna_data_01_mir/recover-20220825/UBNA_002/20220823_033000.WAV,Telephone Field,recover-20220825,002,1795
942.7335,942.7434,28046,36374,Eptesicus serotinus,0.008,0.021,-1,Echolocation,/mnt/ubna_data_01_mir/recover-20220825/UBNA_002/20220823_033000.WAV,Telephone Field,recover-20220825,002,1795
942.7375,942.7739,68437,82251,Rhinolophus ferrumequinum,0.022,0.022,-1,Echolocation,/mnt/ubna_data_01_mir/recover-20220825/UBNA_002/20220823_033000.WAV,Telephone Field,recover-20220825,002,1795
942.7395,942.7504,33203,38192,Eptesicus serotinus,0.005,0.021,-1,Echolocation,/mnt/ubna_data_01_mir/recover-20220825/UBNA_002/20220823_033000.WAV,Telephone Field,recover-20220825,002,1795
942.7785,942.7882,28046,36791,Eptesicus serotinus,0.01,0.022,-1,Echolocation,/mnt/ubna_data_01_mir/recover-20220825/UBNA_002/20220823_033000.WAV,Telephone Field,recover-20220825,002,1795
942.8385,942.8466,22890,30656,Plecotus austriacus,0.01,0.024,-1,Echolocation,/mnt/ubna_data_01_mir/recover-20220825/UBNA_002/20220823_033000.WAV,Telephone Field,recover-20220825,002,1795
942.8675,942.8768,28906,41439,Eptesicus serotinus,0.018,0.041,-1,Echolocation,/mnt/ubna_data_01_mir/recover-20220825/UBNA_002/20220823_033000.WAV,Telephone Field,recover-20220825,002,1795
942.8875,942.8946,28046,39501,Eptesicus serotinus,0.006,0.023,-1,Echolocation,/mnt/ubna_data_01_mir/recover-20220825/UBNA_002/20220823_033000.WAV,Telephone Field,recover-20220825,002,1795
942.8995,942.9386,68437,82053,Rhinolophus ferrumequinum,0.02,0.02,-1,Echolocation,/mnt/ubna_data_01_mir/recover-20220825/UBNA_002/20220823_033000.WAV,Telephone Field,recover-20220825,002,1795
942.9165,942.9543,68437,82345,Rhinolophus ferrumequinum,0.021,0.021,-1,Echolocation,/mnt/ubna_data_01_mir/recover-20220825/UBNA_002/20220823_033000.WAV,Telephone Field,recover-20220825,002,1795
942.9185,942.9256,28046,38924,Eptesicus serotinus,0.006,0.022,-1,Echolocation,/mnt/ubna_data_01_mir/recover-20220825/UBNA_002/20220823_033000.WAV,Telephone Field,recover-20220825,002,1795
942.9315,942.9387,28046,38829,Eptesicus serotinus,0.007,0.026,-1,Echolocation,/mnt/ubna_data_01_mir/recover-20220825/UBNA_002/20220823_033000.WAV,Telephone Field,recover-20220825,002,1795
942.9585,942.9956,68437,81861,Rhinolophus ferrumequinum,0.023,0.023,-1,Echolocation,/mnt/ubna_data_01_mir/recover-20220825/UBNA_002/20220823_033000.WAV,Telephone Field,recover-20220825,002,1795
942.9615,942.9681,28046,37201,Eptesicus serotinus,0.009,0.029,-1,Echolocation,/mnt/ubna_data_01_mir/recover-20220825/UBNA_002/20220823_033000.WAV,Telephone Field,recover-20220825,002,1795
942.9695,942.9751,45234,50771,Pipistrellus pipistrellus,0.021,0.022,-1,Echolocation,/mnt/ubna_data_01_mir/recover-20220825/UBNA_002/20220823_033000.WAV,Telephone Field,recover-20220825,002,1795
943.0245,943.0332,46953,53163,Pipistrellus pipistrellus,0.019,0.021,-1,Echolocation,/mnt/ubna_data_01_mir/recover-20220825/UBNA_002/20220823_033000.WAV,Telephone Field,recover-20220825,002,1795
943.0245,943.0633,68437,82170,Rhinolophus ferrumequinum,0.022,0.022,-1,Echolocation,/mnt/ubna_data_01_mir/recover-20220825/UBNA_002/20220823_033000.WAV,Telephone Field,recover-20220825,002,1795
943.0405,943.0505,23750,29775,Nyctalus leisleri,0.008,0.02,-1,Echolocation,/mnt/ubna_data_01_mir/recover-20220825/UBNA_002/20220823_033000.WAV,Telephone Field,recover-20220825,002,1795
943.0625,943.0992,68437,81844,Rhinolophus ferrumequinum,0.021,0.021,-1,Echolocation,/mnt/ubna_data_01_mir/recover-20220825/UBNA_002/20220823_033000.WAV,Telephone Field,recover-20220825,002,1795
943.0715,943.0838,23750,28404,Nyctalus leisleri,0.041,0.091,-1,Echolocation,/mnt/ubna_data_01_mir/recover-20220825/UBNA_002/20220823_033000.WAV,Telephone Field,recover-20220825,002,1795
943.0725,943.1093,68437,81876,Rhinolophus ferrumequinum,0.022,0.022,-1,Echolocation,/mnt/ubna_data_01_mir/recover-20220825/UBNA_002/20220823_033000.WAV,Telephone Field,recover-20220825,002,1795
943.0855,943.0934,28046,39622,Eptesicus serotinus,0.007,0.021,-1,Echolocation,/mnt/ubna_data_01_mir/recover-20220825/UBNA_002/20220823_033000.WAV,Telephone Field,recover-20220825,002,1795
943.0995,943.139,68437,82606,Rhinolophus ferrumequinum,0.026,0.026,-1,Echolocation,/mnt/ubna_data_01_mir/recover-20220825/UBNA_002/20220823_033000.WAV,Telephone Field,recover-20220825,002,1795
943.1925,943.1993,25468,34323,Plecotus austriacus,0.005,0.021,-1,Echolocation,/mnt/ubna_data_01_mir/recover-20220825/UBNA_002/20220823_033000.WAV,Telephone Field,recover-20220825,002,1795
943.2055,943.2161,23750,30217,Nyctalus leisleri,0.013,0.032,-1,Echolocation,/mnt/ubna_data_01_mir/recover-20220825/UBNA_002/20220823_033000.WAV,Telephone Field,recover-20220825,002,1795
943.2245,943.2315,51250,57135,Pipistrellus pipistrellus,0.018,0.022,-1,Echolocation,/mnt/ubna_data_01_mir/recover-20220825/UBNA_002/20220823_033000.WAV,Telephone Field,recover-20220825,002,1795
943.2455,943.2585,52109,56301,Pipistrellus pygmaeus,0.019,0.023,-1,Echolocation,/mnt/ubna_data_01_mir/recover-20220825/UBNA_002/20220823_033000.WAV,Telephone Field,recover-20220825,002,1795
943.2505,943.2871,68437,81552,Rhinolophus ferrumequinum,0.023,0.023,-1,Echolocation,/mnt/ubna_data_01_mir/recover-20220825/UBNA_002/20220823_033000.WAV,Telephone Field,recover-20220825,002,1795
943.3095,943.3456,68437,80619,Rhinolophus ferrumequinum,0.023,0.023,-1,Echolocation,/mnt/ubna_data_01_mir/recover-20220825/UBNA_002/20220823_033000.WAV,Telephone Field,recover-20220825,002,1795
943.3235,943.364,68437,82518,Rhinolophus ferrumequinum,0.025,0.025,-1,Echolocation,/mnt/ubna_data_01_mir/recover-20220825/UBNA_002/20220823_033000.WAV,Telephone Field,recover-20220825,002,1795
943.3275,943.3362,45234,51215,Pipistrellus pipistrellus,0.015,0.021,-1,Echolocation,/mnt/ubna_data_01_mir/recover-20220825/UBNA_002/20220823_033000.WAV,Telephone Field,recover-20220825,002,1795
943.3485,943.3567,23750,31687,Plecotus austriacus,0.009,0.022,-1,Echolocation,/mnt/ubna_data_01_mir/recover-20220825/UBNA_002/20220823_033000.WAV,Telephone Field,recover-20220825,002,1795
943.3865,943.424,68437,82089,Rhinolophus ferrumequinum,0.022,0.022,-1,Echolocation,/mnt/ubna_data_01_mir/recover-20220825/UBNA_002/20220823_033000.WAV,Telephone Field,recover-20220825,002,1795
943.4155,943.4264,23750,28895,Nyctalus leisleri,0.014,0.029,-1,Echolocation,/mnt/ubna_data_01_mir/recover-20220825/UBNA_002/20220823_033000.WAV,Telephone Field,recover-20220825,002,1795
943.4735,943.4796,24609,35377,Plecotus austriacus,0.011,0.026,-1,Echolocation,/mnt/ubna_data_01_mir/recover-20220825/UBNA_002/20220823_033000.WAV,Telephone Field,recover-20220825,002,1795
943.4815,943.5237,68437,83078,Rhinolophus ferrumequinum,0.027,0.027,-1,Echolocation,/mnt/ubna_data_01_mir/recover-20220825/UBNA_002/20220823_033000.WAV,Telephone Field,recover-20220825,002,1795
943.4965,943.5047,46093,49721,Pipistrellus pipistrellus,0.024,0.026,-1,Echolocation,/mnt/ubna_data_01_mir/recover-20220825/UBNA_002/20220823_033000.WAV,Telephone Field,recover-20220825,002,1795
943.4995,943.5073,28046,36950,Eptesicus serotinus,0.007,0.02,-1,Echolocation,/mnt/ubna_data_01_mir/recover-20220825/UBNA_002/20220823_033000.WAV,Telephone Field,recover-20220825,002,1795
943.5655,943.5709,36640,47148,Myotis daubentonii,0.022,0.056,-1,Echolocation,/mnt/ubna_data_01_mir/recover-20220825/UBNA_002/20220823_033000.WAV,Telephone Field,recover-20220825,002,1795
943.5985,943.639,68437,82219,Rhinolophus ferrumequinum,0.023,0.023,-1,Echolocation,/mnt/ubna_data_01_mir/recover-20220825/UBNA_002/20220823_033000.WAV,Telephone Field,recover-20220825,002,1795
943.6135,943.6203,24609,33302,Plecotus austriacus,0.008,0.023,-1,Echolocation,/mnt/ubna_data_01_mir/recover-20220825/UBNA_002/20220823_033000.WAV,Telephone Field,recover-20220825,002,1795
943.6405,943.6798,68437,82485,Rhinolophus ferrumequinum,0.023,0.023,-1,Echolocation,/mnt/ubna_data_01_mir/recover-20220825/UBNA_002/20220823_033000.WAV,Telephone Field,recover-20220825,002,1795
943.6575,943.6686,23750,29689,Nyctalus leisleri,0.009,0.021,-1,Echolocation,/mnt/ubna_data_01_mir/recover-20220825/UBNA_002/20220823_033000.WAV,Telephone Field,recover-20220825,002,1795
943.6695,943.677,25468,33754,Eptesicus serotinus,0.007,0.021,-1,Echolocation,/mnt/ubna_data_01_mir/recover-20220825/UBNA_002/20220823_033000.WAV,Telephone Field,recover-20220825,002,1795
943.7185,943.7565,68437,81638,Rhinolophus ferrumequinum,0.021,0.021,-1,Echolocation,/mnt/ubna_data_01_mir/recover-20220825/UBNA_002/20220823_033000.WAV,Telephone Field,recover-20220825,002,1795
943.7275,943.7376,28906,36391,Eptesicus serotinus,0.009,0.022,-1,Echolocation,/mnt/ubna_data_01_mir/recover-20220825/UBNA_002/20220823_033000.WAV,Telephone Field,recover-20220825,002,1795
943.7555,943.7913,68437,81637,Rhinolophus ferrumequinum,0.024,0.024,-1,Echolocation,/mnt/ubna_data_01_mir/recover-20220825/UBNA_002/20220823_033000.WAV,Telephone Field,recover-20220825,002,1795
943.7605,943.7671,24609,38938,Myotis nattereri,0.007,0.024,-1,Echolocation,/mnt/ubna_data_01_mir/recover-20220825/UBNA_002/20220823_033000.WAV,Telephone Field,recover-20220825,002,1795
943.7805,943.8187,68437,82028,Rhinolophus ferrumequinum,0.022,0.022,-1,Echolocation,/mnt/ubna_data_01_mir/recover-20220825/UBNA_002/20220823_033000.WAV,Telephone Field,recover-20220825,002,1795
943.8515,943.8914,68437,82587,Rhinolophus ferrumequinum,0.033,0.033,-1,Echolocation,/mnt/ubna_data_01_mir/recover-20220825/UBNA_002/20220823_033000.WAV,Telephone Field,recover-20220825,002,1795
943.8825,943.8921,22031,27884,Plecotus austriacus,0.009,0.025,-1,Echolocation,/mnt/ubna_data_01_mir/recover-20220825/UBNA_002/20220823_033000.WAV,Telephone Field,recover-20220825,002,1795
943.9155,943.9256,28906,36253,Eptesicus serotinus,0.01,0.022,-1,Echolocation,/mnt/ubna_data_01_mir/recover-20220825/UBNA_002/20220823_033000.WAV,Telephone Field,recover-20220825,002,1795
943.9545,943.992,68437,82185,Rhinolophus ferrumequinum,0.021,0.021,-1,Echolocation,/mnt/ubna_data_01_mir/recover-20220825/UBNA_002/20220823_033000.WAV,Telephone Field,recover-20220825,002,1795
943.9605,943.9674,25468,34722,Plecotus austriacus,0.009,0.025,-1,Echolocation,/mnt/ubna_data_01_mir/recover-20220825/UBNA_002/20220823_033000.WAV,Telephone Field,recover-20220825,002,1795
944.0015,944.0144,24609,30460,Nyctalus leisleri,0.046,0.081,-1,Echolocation,/mnt/ubna_data_01_mir/recover-20220825/UBNA_002/20220823_033000.WAV,Telephone Field,recover-20220825,002,1795
944.0015,944.0345,69296,81339,Rhinolophus ferrumequinum,0.033,0.033,-1,Echolocation,/mnt/ubna_data_01_mir/recover-20220825/UBNA_002/20220823_033000.WAV,Telephone Field,recover-20220825,002,1795
944.0075,944.0507,68437,82121,Rhinolophus ferrumequinum,0.022,0.022,-1,Echolocation,/mnt/ubna_data_01_mir/recover-20220825/UBNA_002/20220823_033000.WAV,Telephone Field,recover-20220825,002,1795
944.0135,944.0552,68437,82106,Rhinolophus ferrumequinum,0.021,0.022,-1,Echolocation,/mnt/ubna_data_01_mir/recover-20220825/UBNA_002/20220823_033000.WAV,Telephone Field,recover-20220825,002,1795
944.0475,944.087,68437,82248,Rhinolophus ferrumequinum,0.024,0.024,-1,Echolocation,/mnt/ubna_data_01_mir/recover-20220825/UBNA_002/20220823_033000.WAV,Telephone Field,recover-20220825,002,1795
944.0565,944.0666,22890,28405,Nyctalus leisleri,0.01,0.023,-1,Echolocation,/mnt/ubna_data_01_mir/recover-20220825/UBNA_002/20220823_033000.WAV,Telephone Field,recover-20220825,002,1795
944.0675,944.0766,26328,34141,Eptesicus serotinus,0.009,0.025,-1,Echolocation,/mnt/ubna_data_01_mir/recover-20220825/UBNA_002/20220823_033000.WAV,Telephone Field,recover-20220825,002,1795
944.0955,944.1032,24609,32624,Plecotus austriacus,0.007,0.024,-1,Echolocation,/mnt/ubna_data_01_mir/recover-20220825/UBNA_002/20220823_033000.WAV,Telephone Field,recover-20220825,002,1795
944.1155,944.122,28046,40828,Eptesicus serotinus,0.006,0.024,-1,Echolocation,/mnt/ubna_data_01_mir/recover-20220825/UBNA_002/20220823_033000.WAV,Telephone Field,recover-20220825,002,1795
944.1525,944.1912,68437,82290,Rhinolophus ferrumequinum,0.023,0.023,-1,Echolocation,/mnt/ubna_data_01_mir/recover-20220825/UBNA_002/20220823_033000.WAV,Telephone Field,recover-20220825,002,1795
944.1695,944.2035,68437,81631,Rhinolophus ferrumequinum,0.022,0.022,-1,Echolocation,/mnt/ubna_data_01_mir/recover-20220825/UBNA_002/20220823_033000.WAV,Telephone Field,recover-20220825,002,1795
944.1955,944.2018,28046,40748,Eptesicus serotinus,0.009,0.033,-1,Echolocation,/mnt/ubna_data_01_mir/recover-20220825/UBNA_002/20220823_033000.WAV,Telephone Field,recover-20220825,002,1795
944.2365,944.2759,68437,82722,Rhinolophus ferrumequinum,0.022,0.022,-1,Echolocation,/mnt/ubna_data_01_mir/recover-20220825/UBNA_002/20220823_033000.WAV,Telephone Field,recover-20220825,002,1795
944.2905,944.2987,28046,38157,Eptesicus serotinus,0.01,0.026,-1,Echolocation,/mnt/ubna_data_01_mir/recover-20220825/UBNA_002/20220823_033000.WAV,Telephone Field,recover-20220825,002,1795
944.3095,944.3206,22890,27633,Nyctalus leisleri,0.011,0.022,-1,Echolocation,/mnt/ubna_data_01_mir/recover-20220825/UBNA_002/20220823_033000.WAV,Telephone Field,recover-20220825,002,1795
944.3155,944.353,68437,82248,Rhinolophus ferrumequinum,0.028,0.028,-1,Echolocation,/mnt/ubna_data_01_mir/recover-20220825/UBNA_002/20220823_033000.WAV,Telephone Field,recover-20220825,002,1795
944.3295,944.3382,27187,36036,Eptesicus serotinus,0.009,0.022,-1,Echolocation,/mnt/ubna_data_01_mir/recover-20220825/UBNA_002/20220823_033000.WAV,Telephone Field,recover-20220825,002,1795
944.3445,944.3859,68437,82746,Rhinolophus ferrumequinum,0.025,0.025,-1,Echolocation,/mnt/ubna_data_01_mir/recover-20220825/UBNA_002/20220823_033000.WAV,Telephone Field,recover-20220825,002,1795
944.3665,944.4054,68437,82342,Rhinolophus ferrumequinum,0.026,0.026,-1,Echolocation,/mnt/ubna_data_01_mir/recover-20220825/UBNA_002/20220823_033000.WAV,Telephone Field,recover-20220825,002,1795
944.3725,944.3809,25468,33792,Eptesicus serotinus,0.008,0.023,-1,Echolocation,/mnt/ubna_data_01_mir/recover-20220825/UBNA_002/20220823_033000.WAV,Telephone Field,recover-20220825,002,1795
944.4045,944.4119,28046,39792,Eptesicus serotinus,0.007,0.023,-1,Echolocation,/mnt/ubna_data_01_mir/recover-20220825/UBNA_002/20220823_033000.WAV,Telephone Field,recover-20220825,002,1795
944.4105,944.4182,23750,32685,Plecotus austriacus,0.009,0.022,-1,Echolocation,/mnt/ubna_data_01_mir/recover-20220825/UBNA_002/20220823_033000.WAV,Telephone Field,recover-20220825,002,1795
944.4355,944.4431,27187,38960,Eptesicus serotinus,0.006,0.022,-1,Echolocation,/mnt/ubna_data_01_mir/recover-20220825/UBNA_002/20220823_033000.WAV,Telephone Field,recover-20220825,002,1795
944.4525,944.487,68437,81705,Rhinolophus ferrumequinum,0.023,0.023,-1,Echolocation,/mnt/ubna_data_01_mir/recover-20220825/UBNA_002/20220823_033000.WAV,Telephone Field,recover-20220825,002,1795
944.4825,944.5196,68437,81477,Rhinolophus ferrumequinum,0.021,0.021,-1,Echolocation,/mnt/ubna_data_01_mir/recover-20220825/UBNA_002/20220823_033000.WAV,Telephone Field,recover-20220825,002,1795
944.4865,944.4961,28046,39100,Eptesicus serotinus,0.009,0.024,-1,Echolocation,/mnt/ubna_data_01_mir/recover-20220825/UBNA_002/20220823_033000.WAV,Telephone Field,recover-20220825,002,1795
944.4935,944.5015,27187,38050,Eptesicus serotinus,0.007,0.023,-1,Echolocation,/mnt/ubna_data_01_mir/recover-20220825/UBNA_002/20220823_033000.WAV,Telephone Field,recover-20220825,002,1795
944.5245,944.5622,68437,81825,Rhinolophus ferrumequinum,0.025,0.025,-1,Echolocation,/mnt/ubna_data_01_mir/recover-20220825/UBNA_002/20220823_033000.WAV,Telephone Field,recover-20220825,002,1795
944.5385,944.5814,68437,83080,Rhinolophus ferrumequinum,0.052,0.052,-1,Echolocation,/mnt/ubna_data_01_mir/recover-20220825/UBNA_002/20220823_033000.WAV,Telephone Field,recover-20220825,002,1795
944.5505,944.5664,26328,31941,Eptesicus serotinus,0.024,0.047,-1,Echolocation,/mnt/ubna_data_01_mir/recover-20220825/UBNA_002/20220823_033000.WAV,Telephone Field,recover-20220825,002,1795
944.5745,944.5828,28046,35589,Eptesicus serotinus,0.018,0.04,-1,Echolocation,/mnt/ubna_data_01_mir/recover-20220825/UBNA_002/20220823_033000.WAV,Telephone Field,recover-20220825,002,1795
944.6315,944.6407,29765,39278,Eptesicus serotinus,0.01,0.027,-1,Echolocation,/mnt/ubna_data_01_mir/recover-20220825/UBNA_002/20220823_033000.WAV,Telephone Field,recover-20220825,002,1795
944.6315,944.6391,22890,31206,Plecotus austriacus,0.015,0.028,-1,Echolocation,/mnt/ubna_data_01_mir/recover-20220825/UBNA_002/20220823_033000.WAV,Telephone Field,recover-20220825,002,1795
944.6465,944.6846,68437,82408,Rhinolophus ferrumequinum,0.034,0.034,-1,Echolocation,/mnt/ubna_data_01_mir/recover-20220825/UBNA_002/20220823_033000.WAV,Telephone Field,recover-20220825,002,1795
944.6615,944.6718,23750,29583,Nyctalus leisleri,0.009,0.023,-1,Echolocation,/mnt/ubna_data_01_mir/recover-20220825/UBNA_002/20220823_033000.WAV,Telephone Field,recover-20220825,002,1795
944.6755,944.7131,68437,81690,Rhinolophus ferrumequinum,0.024,0.024,-1,Echolocation,/mnt/ubna_data_01_mir/recover-20220825/UBNA_002/20220823_033000.WAV,Telephone Field,recover-20220825,002,1795
944.7005,944.7397,68437,82518,Rhinolophus ferrumequinum,0.022,0.022,-1,Echolocation,/mnt/ubna_data_01_mir/recover-20220825/UBNA_002/20220823_033000.WAV,Telephone Field,recover-20220825,002,1795
944.7615,944.8001,68437,82448,Rhinolophus ferrumequinum,0.027,0.027,-1,Echolocation,/mnt/ubna_data_01_mir/recover-20220825/UBNA_002/20220823_033000.WAV,Telephone Field,recover-20220825,002,1795
944.8115,944.8182,23750,35300,Plecotus austriacus,0.01,0.024,-1,Echolocation,/mnt/ubna_data_01_mir/recover-20220825/UBNA_002/20220823_033000.WAV,Telephone Field,recover-20220825,002,1795
944.8245,944.8642,68437,82333,Rhinolophus ferrumequinum,0.023,0.023,-1,Echolocation,/mnt/ubna_data_01_mir/recover-20220825/UBNA_002/20220823_033000.WAV,Telephone Field,recover-20220825,002,1795
944.8465,944.8842,68437,81785,Rhinolophus ferrumequinum,0.03,0.03,-1,Echolocation,/mnt/ubna_data_01_mir/recover-20220825/UBNA_002/20220823_033000.WAV,Telephone Field,recover-20220825,002,1795
944.8685,944.8767,58984,63698,Pipistrellus pygmaeus,0.052,0.053,-1,Echolocation,/mnt/ubna_data_01_mir/recover-20220825/UBNA_002/20220823_033000.WAV,Telephone Field,recover-20220825,002,1795
944.8695,944.9071,68437,81813,Rhinolophus ferrumequinum,0.022,0.022,-1,Echolocation,/mnt/ubna_data_01_mir/recover-20220825/UBNA_002/20220823_033000.WAV,Telephone Field,recover-20220825,002,1795
944.8965,944.9052,41796,46328,Pipistrellus pipistrellus,0.018,0.028,-1,Echolocation,/mnt/ubna_data_01_mir/recover-20220825/UBNA_002/20220823_033000.WAV,Telephone Field,recover-20220825,002,1795
944.8985,944.9063,27187,39505,Eptesicus serotinus,0.008,0.023,-1,Echolocation,/mnt/ubna_data_01_mir/recover-20220825/UBNA_002/20220823_033000.WAV,Telephone Field,recover-20220825,002,1795
944.9265,944.967,68437,82542,Rhinolophus ferrumequinum,0.042,0.042,-1,Echolocation,/mnt/ubna_data_01_mir/recover-20220825/UBNA_002/20220823_033000.WAV,Telephone Field,recover-20220825,002,1795
944.9285,944.9354,24609,33475,Plecotus austriacus,0.01,0.025,-1,Echolocation,/mnt/ubna_data_01_mir/recover-20220825/UBNA_002/20220823_033000.WAV,Telephone Field,recover-20220825,002,1795
944.9635,945.0043000000001,68437,82770,Rhinolophus ferrumequinum,0.024,0.024,-1,Echolocation,/mnt/ubna_data_01_mir/recover-20220825/UBNA_002/20220823_033000.WAV,Telephone Field,recover-20220825,002,1795
944.9685,944.9781,22890,29413,Nyctalus leisleri,0.007,0.022,-1,Echolocation,/mnt/ubna_data_01_mir/recover-20220825/UBNA_002/20220823_033000.WAV,Telephone Field,recover-20220825,002,1795
944.9705,944.9781,28046,37758,Eptesicus serotinus,0.006,0.021,-1,Echolocation,/mnt/ubna_data_01_mir/recover-20220825/UBNA_002/20220823_033000.WAV,Telephone Field,recover-20220825,002,1795
945.0095,945.0486,68437,82330,Rhinolophus ferrumequinum,0.024,0.024,-1,Echolocation,/mnt/ubna_data_01_mir/recover-20220825/UBNA_002/20220823_033000.WAV,Telephone Field,recover-20220825,002,1795
945.0265,945.0336,23750,33284,Plecotus austriacus,0.015,0.031,-1,Echolocation,/mnt/ubna_data_01_mir/recover-20220825/UBNA_002/20220823_033000.WAV,Telephone Field,recover-20220825,002,1795
945.0475,945.0556,26328,35937,Eptesicus serotinus,0.009,0.03,-1,Echolocation,/mnt/ubna_data_01_mir/recover-20220825/UBNA_002/20220823_033000.WAV,Telephone Field,recover-20220825,002,1795
945.0725,945.0804,27187,42978,Eptesicus serotinus,0.008,0.023,-1,Echolocation,/mnt/ubna_data_01_mir/recover-20220825/UBNA_002/20220823_033000.WAV,Telephone Field,recover-20220825,002,1795
945.0925,945.1241,68437,81009,Rhinolophus ferrumequinum,0.023,0.023,-1,Echolocation,/mnt/ubna_data_01_mir/recover-20220825/UBNA_002/20220823_033000.WAV,Telephone Field,recover-20220825,002,1795
945.1085,945.1507,68437,82868,Rhinolophus ferrumequinum,0.037,0.037,-1,Echolocation,/mnt/ubna_data_01_mir/recover-20220825/UBNA_002/20220823_033000.WAV,Telephone Field,recover-20220825,002,1795
945.1375,945.1768,68437,82433,Rhinolophus ferrumequinum,0.021,0.021,-1,Echolocation,/mnt/ubna_data_01_mir/recover-20220825/UBNA_002/20220823_033000.WAV,Telephone Field,recover-20220825,002,1795
945.1865,945.2,57265,63124,Pipistrellus pygmaeus,0.022,0.023,-1,Echolocation,/mnt/ubna_data_01_mir/recover-20220825/UBNA_002/20220823_033000.WAV,Telephone Field,recover-20220825,002,1795
945.1895,945.1979,28046,38281,Eptesicus serotinus,0.007,0.021,-1,Echolocation,/mnt/ubna_data_01_mir/recover-20220825/UBNA_002/20220823_033000.WAV,Telephone Field,recover-20220825,002,1795
945.2075,945.244,68437,81722,Rhinolophus ferrumequinum,0.028,0.028,-1,Echolocation,/mnt/ubna_data_01_mir/recover-20220825/UBNA_002/20220823_033000.WAV,Telephone Field,recover-20220825,002,1795
945.2135,945.2504,68437,82547,Rhinolophus ferrumequinum,0.026,0.026,-1,Echolocation,/mnt/ubna_data_01_mir/recover-20220825/UBNA_002/20220823_033000.WAV,Telephone Field,recover-20220825,002,1795
945.2345,945.2707,68437,81972,Rhinolophus ferrumequinum,0.023,0.023,-1,Echolocation,/mnt/ubna_data_01_mir/recover-20220825/UBNA_002/20220823_033000.WAV,Telephone Field,recover-20220825,002,1795
945.2365,945.2427,28046,37850,Eptesicus serotinus,0.008,0.028,-1,Echolocation,/mnt/ubna_data_01_mir/recover-20220825/UBNA_002/20220823_033000.WAV,Telephone Field,recover-20220825,002,1795
945.2705,945.3084,68437,82360,Rhinolophus ferrumequinum,0.025,0.025,-1,Echolocation,/mnt/ubna_data_01_mir/recover-20220825/UBNA_002/20220823_033000.WAV,Telephone Field,recover-20220825,002,1795
945.3195,945.3284,26328,34814,Eptesicus serotinus,0.011,0.028,-1,Echolocation,/mnt/ubna_data_01_mir/recover-20220825/UBNA_002/20220823_033000.WAV,Telephone Field,recover-20220825,002,1795
945.3315,945.3398,28906,37451,Eptesicus serotinus,0.008,0.021,-1,Echolocation,/mnt/ubna_data_01_mir/recover-20220825/UBNA_002/20220823_033000.WAV,Telephone Field,recover-20220825,002,1795
945.3755,945.3828,28046,40407,Eptesicus serotinus,0.006,0.021,-1,Echolocation,/mnt/ubna_data_01_mir/recover-20220825/UBNA_002/20220823_033000.WAV,Telephone Field,recover-20220825,002,1795
945.3775,945.4177,68437,82835,Rhinolophus ferrumequinum,0.024,0.024,-1,Echolocation,/mnt/ubna_data_01_mir/recover-20220825/UBNA_002/20220823_033000.WAV,Telephone Field,recover-20220825,002,1795
945.3835,945.4247,68437,82517,Rhinolophus ferrumequinum,0.025,0.025,-1,Echolocation,/mnt/ubna_data_01_mir/recover-20220825/UBNA_002/20220823_033000.WAV,Telephone Field,recover-20220825,002,1795
945.3905,945.4007,22890,28074,Nyctalus leisleri,0.01,0.023,-1,Echolocation,/mnt/ubna_data_01_mir/recover-20220825/UBNA_002/20220823_033000.WAV,Telephone Field,recover-20220825,002,1795
945.3905,945.4315,68437,82896,Rhinolophus ferrumequinum,0.025,0.025,-1,Echolocation,/mnt/ubna_data_01_mir/recover-20220825/UBNA_002/20220823_033000.WAV,Telephone Field,recover-20220825,002,1795
945.4035,945.4481,68437,83776,Rhinolophus ferrumequinum,0.052,0.052,-1,Echolocation,/mnt/ubna_data_01_mir/recover-20220825/UBNA_002/20220823_033000.WAV,Telephone Field,recover-20220825,002,1795
945.4075,945.4158,24609,32752,Plecotus austriacus,0.006,0.024,-1,Echolocation,/mnt/ubna_data_01_mir/recover-20220825/UBNA_002/20220823_033000.WAV,Telephone Field,recover-20220825,002,1795
945.4395,945.4797,68437,82362,Rhinolophus ferrumequinum,0.026,0.026,-1,Echolocation,/mnt/ubna_data_01_mir/recover-20220825/UBNA_002/20220823_033000.WAV,Telephone Field,recover-20220825,002,1795
945.4915,945.5304,68437,81655,Rhinolophus ferrumequinum,0.026,0.026,-1,Echolocation,/mnt/ubna_data_01_mir/recover-20220825/UBNA_002/20220823_033000.WAV,Telephone Field,recover-20220825,002,1795
945.4935,945.5048,23750,30264,Nyctalus leisleri,0.012,0.026,-1,Echolocation,/mnt/ubna_data_01_mir/recover-20220825/UBNA_002/20220823_033000.WAV,Telephone Field,recover-20220825,002,1795
945.5245,945.5314,13437,28314,Plecotus auritus,0.019,0.022,-1,Echolocation,/mnt/ubna_data_01_mir/recover-20220825/UBNA_002/20220823_033000.WAV,Telephone Field,recover-20220825,002,1795
945.5425,945.5539,24609,30759,Nyctalus leisleri,0.012,0.03,-1,Echolocation,/mnt/ubna_data_01_mir/recover-20220825/UBNA_002/20220823_033000.WAV,Telephone Field,recover-20220825,002,1795
945.5585,945.5707,23750,28686,Nyctalus leisleri,0.013,0.025,-1,Echolocation,/mnt/ubna_data_01_mir/recover-20220825/UBNA_002/20220823_033000.WAV,Telephone Field,recover-20220825,002,1795
945.5675,945.5769,22890,28984,Nyctalus leisleri,0.009,0.022,-1,Echolocation,/mnt/ubna_data_01_mir/recover-20220825/UBNA_002/20220823_033000.WAV,Telephone Field,recover-20220825,002,1795
945.6035,945.6434,68437,82504,Rhinolophus ferrumequinum,0.034,0.034,-1,Echolocation,/mnt/ubna_data_01_mir/recover-20220825/UBNA_002/20220823_033000.WAV,Telephone Field,recover-20220825,002,1795
945.6515,945.6915,68437,82276,Rhinolophus ferrumequinum,0.022,0.022,-1,Echolocation,/mnt/ubna_data_01_mir/recover-20220825/UBNA_002/20220823_033000.WAV,Telephone Field,recover-20220825,002,1795
945.6625,945.7029,68437,82758,Rhinolophus ferrumequinum,0.023,0.023,-1,Echolocation,/mnt/ubna_data_01_mir/recover-20220825/UBNA_002/20220823_033000.WAV,Telephone Field,recover-20220825,002,1795
945.6835,945.7259,68437,83182,Rhinolophus ferrumequinum,0.027,0.027,-1,Echolocation,/mnt/ubna_data_01_mir/recover-20220825/UBNA_002/20220823_033000.WAV,Telephone Field,recover-20220825,002,1795
945.6975,945.7339,68437,81380,Rhinolophus ferrumequinum,0.023,0.023,-1,Echolocation,/mnt/ubna_data_01_mir/recover-20220825/UBNA_002/20220823_033000.WAV,Telephone Field,recover-20220825,002,1795
945.6995,945.7097,22031,27070,Nyctalus leisleri,0.009,0.022,-1,Echolocation,/mnt/ubna_data_01_mir/recover-20220825/UBNA_002/20220823_033000.WAV,Telephone Field,recover-20220825,002,1795
945.7025,945.7102,28906,39976,Eptesicus serotinus,0.006,0.022,-1,Echolocation,/mnt/ubna_data_01_mir/recover-20220825/UBNA_002/20220823_033000.WAV,Telephone Field,recover-20220825,002,1795
945.7195,945.7304,28906,35215,Eptesicus serotinus,0.009,0.022,-1,Echolocation,/mnt/ubna_data_01_mir/recover-20220825/UBNA_002/20220823_033000.WAV,Telephone Field,recover-20220825,002,1795
945.7245,945.7652,68437,82442,Rhinolophus ferrumequinum,0.027,0.027,-1,Echolocation,/mnt/ubna_data_01_mir/recover-20220825/UBNA_002/20220823_033000.WAV,Telephone Field,recover-20220825,002,1795
945.7255,945.7367,35781,41024,Eptesicus serotinus,0.004,0.023,-1,Echolocation,/mnt/ubna_data_01_mir/recover-20220825/UBNA_002/20220823_033000.WAV,Telephone Field,recover-20220825,002,1795
945.7285,945.7367,28046,37679,Eptesicus serotinus,0.007,0.022,-1,Echolocation,/mnt/ubna_data_01_mir/recover-20220825/UBNA_002/20220823_033000.WAV,Telephone Field,recover-20220825,002,1795
945.7395,945.7797,68437,82643,Rhinolophus ferrumequinum,0.029,0.029,-1,Echolocation,/mnt/ubna_data_01_mir/recover-20220825/UBNA_002/20220823_033000.WAV,Telephone Field,recover-20220825,002,1795
945.7465,945.7572,22890,27748,Nyctalus leisleri,0.012,0.023,-1,Echolocation,/mnt/ubna_data_01_mir/recover-20220825/UBNA_002/20220823_033000.WAV,Telephone Field,recover-20220825,002,1795
945.7595,945.796,68437,82128,Rhinolophus ferrumequinum,0.021,0.021,-1,Echolocation,/mnt/ubna_data_01_mir/recover-20220825/UBNA_002/20220823_033000.WAV,Telephone Field,recover-20220825,002,1795
945.8015,945.8351,68437,81226,Rhinolophus ferrumequinum,0.026,0.026,-1,Echolocation,/mnt/ubna_data_01_mir/recover-20220825/UBNA_002/20220823_033000.WAV,Telephone Field,recover-20220825,002,1795
945.8265,945.868,68437,82598,Rhinolophus ferrumequinum,0.024,0.024,-1,Echolocation,/mnt/ubna_data_01_mir/recover-20220825/UBNA_002/20220823_033000.WAV,Telephone Field,recover-20220825,002,1795
945.8705,945.8785,28046,39528,Eptesicus serotinus,0.008,0.022,-1,Echolocation,/mnt/ubna_data_01_mir/recover-20220825/UBNA_002/20220823_033000.WAV,Telephone Field,recover-20220825,002,1795
945.9105,945.9173,48671,53862,Pipistrellus pipistrellus,0.021,0.022,-1,Echolocation,/mnt/ubna_data_01_mir/recover-20220825/UBNA_002/20220823_033000.WAV,Telephone Field,recover-20220825,002,1795
945.9385,945.9762,68437,81810,Rhinolophus ferrumequinum,0.022,0.022,-1,Echolocation,/mnt/ubna_data_01_mir/recover-20220825/UBNA_002/20220823_033000.WAV,Telephone Field,recover-20220825,002,1795
945.9535,945.9953,68437,82784,Rhinolophus ferrumequinum,0.025,0.025,-1,Echolocation,/mnt/ubna_data_01_mir/recover-20220825/UBNA_002/20220823_033000.WAV,Telephone Field,recover-20220825,002,1795
946.0015,946.01,28906,38900,Myotis daubentonii,0.007,0.027,-1,Echolocation,/mnt/ubna_data_01_mir/recover-20220825/UBNA_002/20220823_033000.WAV,Telephone Field,recover-20220825,002,1795
946.0015,946.0322,68437,79445,Rhinolophus ferrumequinum,0.051,0.051,-1,Echolocation,/mnt/ubna_data_01_mir/recover-20220825/UBNA_002/20220823_033000.WAV,Telephone Field,recover-20220825,002,1795
946.0015,946.0095,24609,34380,Eptesicus serotinus,0.007,0.028,-1,Echolocation,/mnt/ubna_data_01_mir/recover-20220825/UBNA_002/20220823_033000.WAV,Telephone Field,recover-20220825,002,1795
946.0125,946.0199,27187,36472,Eptesicus serotinus,0.009,0.03,-1,Echolocation,/mnt/ubna_data_01_mir/recover-20220825/UBNA_002/20220823_033000.WAV,Telephone Field,recover-20220825,002,1795
946.0325,946.0415,27187,35817,Eptesicus serotinus,0.011,0.028,-1,Echolocation,/mnt/ubna_data_01_mir/recover-20220825/UBNA_002/20220823_033000.WAV,Telephone Field,recover-20220825,002,1795
946.0805,946.0852,40078,59684,Myotis brandtii,0.026,0.061,-1,Echolocation,/mnt/ubna_data_01_mir/recover-20220825/UBNA_002/20220823_033000.WAV,Telephone Field,recover-20220825,002,1795
946.1215,946.1287,30625,45028,Myotis daubentonii,0.01,0.028,-1,Echolocation,/mnt/ubna_data_01_mir/recover-20220825/UBNA_002/20220823_033000.WAV,Telephone Field,recover-20220825,002,1795
946.1235,946.1292,24609,37082,Plecotus auritus,0.012,0.036,-1,Echolocation,/mnt/ubna_data_01_mir/recover-20220825/UBNA_002/20220823_033000.WAV,Telephone Field,recover-20220825,002,1795
946.1435,946.1527,43515,50267,Pipistrellus nathusii,0.017,0.036,-1,Echolocation,/mnt/ubna_data_01_mir/recover-20220825/UBNA_002/20220823_033000.WAV,Telephone Field,recover-20220825,002,1795
946.1475,946.1581,24609,32146,Eptesicus serotinus,0.015,0.04,-1,Echolocation,/mnt/ubna_data_01_mir/recover-20220825/UBNA_002/20220823_033000.WAV,Telephone Field,recover-20220825,002,1795
946.1915,946.2013,22890,28978,Nyctalus leisleri,0.009,0.026,-1,Echolocation,/mnt/ubna_data_01_mir/recover-20220825/UBNA_002/20220823_033000.WAV,Telephone Field,recover-20220825,002,1795
946.1925,946.2323,68437,82831,Rhinolophus ferrumequinum,0.028,0.028,-1,Echolocation,/mnt/ubna_data_01_mir/recover-20220825/UBNA_002/20220823_033000.WAV,Telephone Field,recover-20220825,002,1795
946.2655,946.2708,30625,49813,Myotis daubentonii,0.02,0.032,-1,Echolocation,/mnt/ubna_data_01_mir/recover-20220825/UBNA_002/20220823_033000.WAV,Telephone Field,recover-20220825,002,1795
946.2925,946.2991,29765,38134,Barbastellus barbastellus,0.021,0.046,-1,Echolocation,/mnt/ubna_data_01_mir/recover-20220825/UBNA_002/20220823_033000.WAV,Telephone Field,recover-20220825,002,1795
946.3285,946.3356,27187,37166,Eptesicus serotinus,0.007,0.026,-1,Echolocation,/mnt/ubna_data_01_mir/recover-20220825/UBNA_002/20220823_033000.WAV,Telephone Field,recover-20220825,002,1795
946.3395,946.3452,29765,47386,Myotis daubentonii,0.027,0.041,-1,Echolocation,/mnt/ubna_data_01_mir/recover-20220825/UBNA_002/20220823_033000.WAV,Telephone Field,recover-20220825,002,1795
946.3715,946.3773,31484,52980,Myotis daubentonii,0.022,0.041,-1,Echolocation,/mnt/ubna_data_01_mir/recover-20220825/UBNA_002/20220823_033000.WAV,Telephone Field,recover-20220825,002,1795
946.3905,946.3958,41796,55951,Myotis brandtii,0.01,0.032,-1,Echolocation,/mnt/ubna_data_01_mir/recover-20220825/UBNA_002/20220823_033000.WAV,Telephone Field,recover-20220825,002,1795
946.3915,946.3971,33203,55753,Myotis brandtii,0.013,0.031,-1,Echolocation,/mnt/ubna_data_01_mir/recover-20220825/UBNA_002/20220823_033000.WAV,Telephone Field,recover-20220825,002,1795
946.3995,946.4131,25468,30935,Nyctalus leisleri,0.018,0.047,-1,Echolocation,/mnt/ubna_data_01_mir/recover-20220825/UBNA_002/20220823_033000.WAV,Telephone Field,recover-20220825,002,1795
946.4105,946.4156,30625,47846,Myotis daubentonii,0.029,0.058,-1,Echolocation,/mnt/ubna_data_01_mir/recover-20220825/UBNA_002/20220823_033000.WAV,Telephone Field,recover-20220825,002,1795
946.4165,946.422,35781,56391,Myotis brandtii,0.016,0.03,-1,Echolocation,/mnt/ubna_data_01_mir/recover-20220825/UBNA_002/20220823_033000.WAV,Telephone Field,recover-20220825,002,1795
946.4365,946.4416,40078,59834,Myotis brandtii,0.031,0.062,-1,Echolocation,/mnt/ubna_data_01_mir/recover-20220825/UBNA_002/20220823_033000.WAV,Telephone Field,recover-20220825,002,1795
946.4625,946.4675,34062,56858,Myotis brandtii,0.016,0.034,-1,Echolocation,/mnt/ubna_data_01_mir/recover-20220825/UBNA_002/20220823_033000.WAV,Telephone Field,recover-20220825,002,1795
946.4675,946.4735000000001,26328,38327,Eptesicus serotinus,0.006,0.026,-1,Echolocation,/mnt/ubna_data_01_mir/recover-20220825/UBNA_002/20220823_033000.WAV,Telephone Field,recover-20220825,002,1795
946.4945,946.5029,27187,35488,Eptesicus serotinus,0.008,0.025,-1,Echolocation,/mnt/ubna_data_01_mir/recover-20220825/UBNA_002/20220823_033000.WAV,Telephone Field,recover-20220825,002,1795
946.5195,946.5262,40937,53086,Myotis brandtii,0.017,0.053,-1,Echolocation,/mnt/ubna_data_01_mir/recover-20220825/UBNA_002/20220823_033000.WAV,Telephone Field,recover-20220825,002,1795
946.5505,946.5565,34921,53893,Myotis brandtii,0.01,0.024,-1,Echolocation,/mnt/ubna_data_01_mir/recover-20220825/UBNA_002/20220823_033000.WAV,Telephone Field,recover-20220825,002,1795
946.5945,946.6013,25468,39259,Eptesicus serotinus,0.007,0.028,-1,Echolocation,/mnt/ubna_data_01_mir/recover-20220825/UBNA_002/20220823_033000.WAV,Telephone Field,recover-20220825,002,1795
946.5965,946.6021,33203,48843,Myotis daubentonii,0.018,0.032,-1,Echolocation,/mnt/ubna_data_01_mir/recover-20220825/UBNA_002/20220823_033000.WAV,Telephone Field,recover-20220825,002,1795
946.6235,946.6297,37500,52169,Myotis brandtii,0.011,0.025,-1,Echolocation,/mnt/ubna_data_01_mir/recover-20220825/UBNA_002/20220823_033000.WAV,Telephone Field,recover-20220825,002,1795
946.6275,946.6336,25468,38008,Eptesicus serotinus,0.005,0.024,-1,Echolocation,/mnt/ubna_data_01_mir/recover-20220825/UBNA_002/20220823_033000.WAV,Telephone Field,recover-20220825,002,1795
946.6365,946.6541,16015,20922,Nyctalus noctula,0.022,0.031,-1,Echolocation,/mnt/ubna_data_01_mir/recover-20220825/UBNA_002/20220823_033000.WAV,Telephone Field,recover-20220825,002,1795
946.6685,946.6765,41796,49969,Pipistrellus nathusii,0.01,0.026,-1,Echolocation,/mnt/ubna_data_01_mir/recover-20220825/UBNA_002/20220823_033000.WAV,Telephone Field,recover-20220825,002,1795
946.7035,946.7105,26328,38617,Eptesicus serotinus,0.007,0.024,-1,Echolocation,/mnt/ubna_data_01_mir/recover-20220825/UBNA_002/20220823_033000.WAV,Telephone Field,recover-20220825,002,1795
946.7085,946.7152,38359,52893,Myotis brandtii,0.011,0.025,-1,Echolocation,/mnt/ubna_data_01_mir/recover-20220825/UBNA_002/20220823_033000.WAV,Telephone Field,recover-20220825,002,1795
946.7295,946.7354,31484,45435,Myotis daubentonii,0.018,0.036,-1,Echolocation,/mnt/ubna_data_01_mir/recover-20220825/UBNA_002/20220823_033000.WAV,Telephone Field,recover-20220825,002,1795
946.7395,946.7456,28906,46461,Myotis daubentonii,0.017,0.03,-1,Echolocation,/mnt/ubna_data_01_mir/recover-20220825/UBNA_002/20220823_033000.WAV,Telephone Field,recover-20220825,002,1795
946.7655,946.8071,68437,82779,Rhinolophus ferrumequinum,0.025,0.025,-1,Echolocation,/mnt/ubna_data_01_mir/recover-20220825/UBNA_002/20220823_033000.WAV,Telephone Field,recover-20220825,002,1795
946.7695,946.7764,26328,38084,Eptesicus serotinus,0.006,0.025,-1,Echolocation,/mnt/ubna_data_01_mir/recover-20220825/UBNA_002/20220823_033000.WAV,Telephone Field,recover-20220825,002,1795
946.8475,946.8531,37500,58789,Myotis brandtii,0.015,0.028,-1,Echolocation,/mnt/ubna_data_01_mir/recover-20220825/UBNA_002/20220823_033000.WAV,Telephone Field,recover-20220825,002,1795
946.8775,946.8826,37500,55183,Myotis brandtii,0.015,0.034,-1,Echolocation,/mnt/ubna_data_01_mir/recover-20220825/UBNA_002/20220823_033000.WAV,Telephone Field,recover-20220825,002,1795
946.8935,946.8983,39218,51037,Myotis daubentonii,0.13,0.259,-1,Echolocation,/mnt/ubna_data_01_mir/recover-20220825/UBNA_002/20220823_033000.WAV,Telephone Field,recover-20220825,002,1795
946.9335,946.9415,26328,36932,Eptesicus serotinus,0.01,0.028,-1,Echolocation,/mnt/ubna_data_01_mir/recover-20220825/UBNA_002/20220823_033000.WAV,Telephone Field,recover-20220825,002,1795
946.9505,946.9559,35781,54804,Myotis brandtii,0.02,0.038,-1,Echolocation,/mnt/ubna_data_01_mir/recover-20220825/UBNA_002/20220823_033000.WAV,Telephone Field,recover-20220825,002,1795
946.9645,946.9741,28046,36568,Eptesicus serotinus,0.013,0.031,-1,Echolocation,/mnt/ubna_data_01_mir/recover-20220825/UBNA_002/20220823_033000.WAV,Telephone Field,recover-20220825,002,1795
946.9745,946.9799,33203,58983,Myotis brandtii,0.018,0.035,-1,Echolocation,/mnt/ubna_data_01_mir/recover-20220825/UBNA_002/20220823_033000.WAV,Telephone Field,recover-20220825,002,1795
946.9995,947.0052,39218,49759,Myotis daubentonii,0.023,0.051,-1,Echolocation,/mnt/ubna_data_01_mir/recover-20220825/UBNA_002/20220823_033000.WAV,Telephone Field,recover-20220825,002,1795
947.0005,947.0084,27187,41001,Myotis daubentonii,0.011,0.035,-1,Echolocation,/mnt/ubna_data_01_mir/recover-20220825/UBNA_002/20220823_033000.WAV,Telephone Field,recover-20220825,002,1795
947.0305,947.0713,68437,82117,Rhinolophus ferrumequinum,0.025,0.025,-1,Echolocation,/mnt/ubna_data_01_mir/recover-20220825/UBNA_002/20220823_033000.WAV,Telephone Field,recover-20220825,002,1795
947.0465,947.0553,27187,36227,Eptesicus serotinus,0.01,0.026,-1,Echolocation,/mnt/ubna_data_01_mir/recover-20220825/UBNA_002/20220823_033000.WAV,Telephone Field,recover-20220825,002,1795
947.0515,947.0619,22890,28698,Nyctalus leisleri,0.01,0.026,-1,Echolocation,/mnt/ubna_data_01_mir/recover-20220825/UBNA_002/20220823_033000.WAV,Telephone Field,recover-20220825,002,1795
947.0835,947.0937,27187,35965,Eptesicus serotinus,0.019,0.042,-1,Echolocation,/mnt/ubna_data_01_mir/recover-20220825/UBNA_002/20220823_033000.WAV,Telephone Field,recover-20220825,002,1795
947.1115,947.1163,36640,49888,Myotis daubentonii,0.122,0.31,-1,Echolocation,/mnt/ubna_data_01_mir/recover-20220825/UBNA_002/20220823_033000.WAV,Telephone Field,recover-20220825,002,1795
947.1285,947.1672,68437,82135,Rhinolophus ferrumequinum,0.033,0.033,-1,Echolocation,/mnt/ubna_data_01_mir/recover-20220825/UBNA_002/20220823_033000.WAV,Telephone Field,recover-20220825,002,1795
947.1695,947.178,27187,35309,Eptesicus serotinus,0.008,0.025,-1,Echolocation,/mnt/ubna_data_01_mir/recover-20220825/UBNA_002/20220823_033000.WAV,Telephone Field,recover-20220825,002,1795
947.1795,947.1861,36640,52135,Myotis brandtii,0.012,0.026,-1,Echolocation,/mnt/ubna_data_01_mir/recover-20220825/UBNA_002/20220823_033000.WAV,Telephone Field,recover-20220825,002,1795
947.1805,947.1868,28906,46447,Myotis daubentonii,0.013,0.028,-1,Echolocation,/mnt/ubna_data_01_mir/recover-20220825/UBNA_002/20220823_033000.WAV,Telephone Field,recover-20220825,002,1795
947.2035,947.2129,15156,21086,Nyctalus noctula,0.019,0.039,-1,Echolocation,/mnt/ubna_data_01_mir/recover-20220825/UBNA_002/20220823_033000.WAV,Telephone Field,recover-20220825,002,1795
947.2115,947.216,40078,50068,Myotis daubentonii,0.126,0.353,-1,Echolocation,/mnt/ubna_data_01_mir/recover-20220825/UBNA_002/20220823_033000.WAV,Telephone Field,recover-20220825,002,1795
947.2635,947.2689,40078,51321,Myotis brandtii,0.062,0.177,-1,Echolocation,/mnt/ubna_data_01_mir/recover-20220825/UBNA_002/20220823_033000.WAV,Telephone Field,recover-20220825,002,1795
947.2645,947.2702,30625,59850,Myotis brandtii,0.031,0.067,-1,Echolocation,/mnt/ubna_data_01_mir/recover-20220825/UBNA_002/20220823_033000.WAV,Telephone Field,recover-20220825,002,1795
947.2885,947.2957,26328,35900,Eptesicus serotinus,0.008,0.025,-1,Echolocation,/mnt/ubna_data_01_mir/recover-20220825/UBNA_002/20220823_033000.WAV,Telephone Field,recover-20220825,002,1795
947.3095,947.318,27187,36431,Eptesicus serotinus,0.011,0.027,-1,Echolocation,/mnt/ubna_data_01_mir/recover-20220825/UBNA_002/20220823_033000.WAV,Telephone Field,recover-20220825,002,1795
947.3235,947.3271,40078,50750,Myotis daubentonii,0.248,0.489,-1,Echolocation,/mnt/ubna_data_01_mir/recover-20220825/UBNA_002/20220823_033000.WAV,Telephone Field,recover-20220825,002,1795
947.3695,947.3806,15156,22406,Nyctalus noctula,0.013,0.025,-1,Echolocation,/mnt/ubna_data_01_mir/recover-20220825/UBNA_002/20220823_033000.WAV,Telephone Field,recover-20220825,002,1795
947.3915,947.3977,30625,41679,Myotis daubentonii,0.012,0.03,-1,Echolocation,/mnt/ubna_data_01_mir/recover-20220825/UBNA_002/20220823_033000.WAV,Telephone Field,recover-20220825,002,1795
947.3935,947.3987,36640,58089,Myotis brandtii,0.015,0.028,-1,Echolocation,/mnt/ubna_data_01_mir/recover-20220825/UBNA_002/20220823_033000.WAV,Telephone Field,recover-20220825,002,1795
947.4415,947.4453,39218,51350,Myotis daubentonii,0.154,0.394,-1,Echolocation,/mnt/ubna_data_01_mir/recover-20220825/UBNA_002/20220823_033000.WAV,Telephone Field,recover-20220825,002,1795
947.4445,947.4841,68437,82826,Rhinolophus ferrumequinum,0.033,0.033,-1,Echolocation,/mnt/ubna_data_01_mir/recover-20220825/UBNA_002/20220823_033000.WAV,Telephone Field,recover-20220825,002,1795
947.4785,947.4843,33203,56042,Myotis daubentonii,0.012,0.028,-1,Echolocation,/mnt/ubna_data_01_mir/recover-20220825/UBNA_002/20220823_033000.WAV,Telephone Field,recover-20220825,002,1795
947.4785,947.484,38359,58084,Myotis brandtii,0.015,0.028,-1,Echolocation,/mnt/ubna_data_01_mir/recover-20220825/UBNA_002/20220823_033000.WAV,Telephone Field,recover-20220825,002,1795
947.4995,947.5051,39218,53964,Myotis brandtii,0.015,0.038,-1,Echolocation,/mnt/ubna_data_01_mir/recover-20220825/UBNA_002/20220823_033000.WAV,Telephone Field,recover-20220825,002,1795
947.5245,947.5294,38359,62618,Myotis brandtii,0.026,0.051,-1,Echolocation,/mnt/ubna_data_01_mir/recover-20220825/UBNA_002/20220823_033000.WAV,Telephone Field,recover-20220825,002,1795
947.5385,947.5434,37500,53514,Myotis daubentonii,0.165,0.38,-1,Echolocation,/mnt/ubna_data_01_mir/recover-20220825/UBNA_002/20220823_033000.WAV,Telephone Field,recover-20220825,002,1795
947.5755,947.5807,40937,56603,Myotis brandtii,0.012,0.032,-1,Echolocation,/mnt/ubna_data_01_mir/recover-20220825/UBNA_002/20220823_033000.WAV,Telephone Field,recover-20220825,002,1795
947.5845,947.5951,27187,36041,Eptesicus serotinus,0.012,0.03,-1,Echolocation,/mnt/ubna_data_01_mir/recover-20220825/UBNA_002/20220823_033000.WAV,Telephone Field,recover-20220825,002,1795
947.6095,947.6155,38359,57776,Myotis brandtii,0.013,0.027,-1,Echolocation,/mnt/ubna_data_01_mir/recover-20220825/UBNA_002/20220823_033000.WAV,Telephone Field,recover-20220825,002,1795
947.6135,947.621,26328,37236,Eptesicus serotinus,0.008,0.025,-1,Echolocation,/mnt/ubna_data_01_mir/recover-20220825/UBNA_002/20220823_033000.WAV,Telephone Field,recover-20220825,002,1795
947.6325,947.638,39218,61561,Myotis brandtii,0.016,0.027,-1,Echolocation,/mnt/ubna_data_01_mir/recover-20220825/UBNA_002/20220823_033000.WAV,Telephone Field,recover-20220825,002,1795
947.6335,947.6398,26328,39759,Eptesicus serotinus,0.008,0.03,-1,Echolocation,/mnt/ubna_data_01_mir/recover-20220825/UBNA_002/20220823_033000.WAV,Telephone Field,recover-20220825,002,1795
947.6545,947.6593,37500,54209,Myotis brandtii,0.2,0.415,-1,Echolocation,/mnt/ubna_data_01_mir/recover-20220825/UBNA_002/20220823_033000.WAV,Telephone Field,recover-20220825,002,1795
947.7155,947.7254,27187,36345,Eptesicus serotinus,0.013,0.029,-1,Echolocation,/mnt/ubna_data_01_mir/recover-20220825/UBNA_002/20220823_033000.WAV,Telephone Field,recover-20220825,002,1795
947.7535,947.758,40078,54220,Myotis brandtii,0.197,0.42,-1,Echolocation,/mnt/ubna_data_01_mir/recover-20220825/UBNA_002/20220823_033000.WAV,Telephone Field,recover-20220825,002,1795
947.7975,947.8041,37500,51507,Myotis brandtii,0.01,0.025,-1,Echolocation,/mnt/ubna_data_01_mir/recover-20220825/UBNA_002/20220823_033000.WAV,Telephone Field,recover-20220825,002,1795
947.7985,947.8053,28046,44340,Myotis daubentonii,0.011,0.03,-1,Echolocation,/mnt/ubna_data_01_mir/recover-20220825/UBNA_002/20220823_033000.WAV,Telephone Field,recover-20220825,002,1795
947.8245,947.8302,31484,44730,Myotis daubentonii,0.021,0.044,-1,Echolocation,/mnt/ubna_data_01_mir/recover-20220825/UBNA_002/20220823_033000.WAV,Telephone Field,recover-20220825,002,1795
947.8715,947.8754,37500,49648,Myotis daubentonii,0.202,0.369,-1,Echolocation,/mnt/ubna_data_01_mir/recover-20220825/UBNA_002/20220823_033000.WAV,Telephone Field,recover-20220825,002,1795
947.8805,947.8912,27187,32978,Eptesicus serotinus,0.01,0.032,-1,Echolocation,/mnt/ubna_data_01_mir/recover-20220825/UBNA_002/20220823_033000.WAV,Telephone Field,recover-20220825,002,1795
947.9265,947.9692,68437,83076,Rhinolophus ferrumequinum,0.034,0.034,-1,Echolocation,/mnt/ubna_data_01_mir/recover-20220825/UBNA_002/20220823_033000.WAV,Telephone Field,recover-20220825,002,1795
947.9375,947.9424,40078,50948,Myotis brandtii,0.148,0.395,-1,Echolocation,/mnt/ubna_data_01_mir/recover-20220825/UBNA_002/20220823_033000.WAV,Telephone Field,recover-20220825,002,1795
947.9695,947.9743,31484,61314,Myotis brandtii,0.092,0.168,-1,Echolocation,/mnt/ubna_data_01_mir/recover-20220825/UBNA_002/20220823_033000.WAV,Telephone Field,recover-20220825,002,1795
947.9695,947.9737,39218,56108,Myotis brandtii,0.167,0.325,-1,Echolocation,/mnt/ubna_data_01_mir/recover-20220825/UBNA_002/20220823_033000.WAV,Telephone Field,recover-20220825,002,1795
947.9935,947.9987,40078,56208,Myotis brandtii,0.047,0.106,-1,Echolocation,/mnt/ubna_data_01_mir/recover-20220825/UBNA_002/20220823_033000.WAV,Telephone Field,recover-20220825,002,1795
948.0015,948.0097,22890,29968,Nyctalus leisleri,0.009,0.03,-1,Echolocation,/mnt/ubna_data_01_mir/recover-20220825/UBNA_002/20220823_033000.WAV,Telephone Field,recover-20220825,002,1795
948.0015,948.0312,69296,81074,Rhinolophus ferrumequinum,0.027,0.027,-1,Echolocation,/mnt/ubna_data_01_mir/recover-20220825/UBNA_002/20220823_033000.WAV,Telephone Field,recover-20220825,002,1795
948.0095,948.0199,53828,58890,Pipistrellus pygmaeus,0.024,0.026,-1,Echolocation,/mnt/ubna_data_01_mir/recover-20220825/UBNA_002/20220823_033000.WAV,Telephone Field,recover-20220825,002,1795
948.0145,948.0223,26328,37392,Eptesicus serotinus,0.008,0.026,-1,Echolocation,/mnt/ubna_data_01_mir/recover-20220825/UBNA_002/20220823_033000.WAV,Telephone Field,recover-20220825,002,1795
948.0255,948.0338,27187,36089,Eptesicus serotinus,0.011,0.029,-1,Echolocation,/mnt/ubna_data_01_mir/recover-20220825/UBNA_002/20220823_033000.WAV,Telephone Field,recover-20220825,002,1795
948.0295,948.0369,58125,63665,Pipistrellus pygmaeus,0.027,0.027,-1,Echolocation,/mnt/ubna_data_01_mir/recover-20220825/UBNA_002/20220823_033000.WAV,Telephone Field,recover-20220825,002,1795
948.0445,948.086,68437,82557,Rhinolophus ferrumequinum,0.026,0.026,-1,Echolocation,/mnt/ubna_data_01_mir/recover-20220825/UBNA_002/20220823_033000.WAV,Telephone Field,recover-20220825,002,1795
948.0785,948.0829,39218,50494,Myotis daubentonii,0.24,0.504,-1,Echolocation,/mnt/ubna_data_01_mir/recover-20220825/UBNA_002/20220823_033000.WAV,Telephone Field,recover-20220825,002,1795
948.1155,948.1205,25468,71427,Myotis brandtii,0.061,0.124,-1,Echolocation,/mnt/ubna_data_01_mir/recover-20220825/UBNA_002/20220823_033000.WAV,Telephone Field,recover-20220825,002,1795
948.1175,948.1219,35781,50813,Myotis daubentonii,0.203,0.604,-1,Echolocation,/mnt/ubna_data_01_mir/recover-20220825/UBNA_002/20220823_033000.WAV,Telephone Field,recover-20220825,002,1795
948.1425,948.149,50390,54585,Pipistrellus pipistrellus,0.023,0.028,-1,Echolocation,/mnt/ubna_data_01_mir/recover-20220825/UBNA_002/20220823_033000.WAV,Telephone Field,recover-20220825,002,1795
948.1715,948.1764000000001,40078,50223,Pipistrellus nathusii,0.172,0.338,-1,Echolocation,/mnt/ubna_data_01_mir/recover-20220825/UBNA_002/20220823_033000.WAV,Telephone Field,recover-20220825,002,1795
948.1805,948.1867,32343,44118,Myotis daubentonii,0.02,0.031,-1,Echolocation,/mnt/ubna_data_01_mir/recover-20220825/UBNA_002/20220823_033000.WAV,Telephone Field,recover-20220825,002,1795
948.2105,948.2155,35781,48786,Myotis daubentonii,0.166,0.519,-1,Echolocation,/mnt/ubna_data_01_mir/recover-20220825/UBNA_002/20220823_033000.WAV,Telephone Field,recover-20220825,002,1795
948.2205,948.2264,30625,50850,Myotis daubentonii,0.023,0.032,-1,Echolocation,/mnt/ubna_data_01_mir/recover-20220825/UBNA_002/20220823_033000.WAV,Telephone Field,recover-20220825,002,1795
948.2375,948.243,31484,48075,Myotis daubentonii,0.018,0.029,-1,Echolocation,/mnt/ubna_data_01_mir/recover-20220825/UBNA_002/20220823_033000.WAV,Telephone Field,recover-20220825,002,1795
948.2465,948.2528,33203,45852,Myotis daubentonii,0.017,0.027,-1,Echolocation,/mnt/ubna_data_01_mir/recover-20220825/UBNA_002/20220823_033000.WAV,Telephone Field,recover-20220825,002,1795
948.2555,948.2617,38359,51889,Myotis daubentonii,0.01,0.026,-1,Echolocation,/mnt/ubna_data_01_mir/recover-20220825/UBNA_002/20220823_033000.WAV,Telephone Field,recover-20220825,002,1795
948.2865,948.2924,37500,48359,Pipistrellus nathusii,0.206,0.488,-1,Echolocation,/mnt/ubna_data_01_mir/recover-20220825/UBNA_002/20220823_033000.WAV,Telephone Field,recover-20220825,002,1795
948.3155,948.3217,28906,41472,Myotis daubentonii,0.012,0.029,-1,Echolocation,/mnt/ubna_data_01_mir/recover-20220825/UBNA_002/20220823_033000.WAV,Telephone Field,recover-20220825,002,1795
948.3165,948.3228,24609,34603,Plecotus auritus,0.009,0.027,-1,Echolocation,/mnt/ubna_data_01_mir/recover-20220825/UBNA_002/20220823_033000.WAV,Telephone Field,recover-20220825,002,1795
948.3615,948.3667,35781,49941,Myotis daubentonii,0.188,0.473,-1,Echolocation,/mnt/ubna_data_01_mir/recover-20220825/UBNA_002/20220823_033000.WAV,Telephone Field,recover-20220825,002,1795
948.3755,948.3818,40937,50665,Myotis daubentonii,0.045,0.094,-1,Echolocation,/mnt/ubna_data_01_mir/recover-20220825/UBNA_002/20220823_033000.WAV,Telephone Field,recover-20220825,002,1795
948.3755,948.3812,30625,56264,Myotis daubentonii,0.032,0.07,-1,Echolocation,/mnt/ubna_data_01_mir/recover-20220825/UBNA_002/20220823_033000.WAV,Telephone Field,recover-20220825,002,1795
948.4235,948.4292,30625,46765,Myotis daubentonii,0.021,0.037,-1,Echolocation,/mnt/ubna_data_01_mir/recover-20220825/UBNA_002/20220823_033000.WAV,Telephone Field,recover-20220825,002,1795
948.4435,948.4488,36640,48282,Pipistrellus nathusii,0.162,0.471,-1,Echolocation,/mnt/ubna_data_01_mir/recover-20220825/UBNA_002/20220823_033000.WAV,Telephone Field,recover-20220825,002,1795
948.4595,948.4653,40078,50499,Pipistrellus nathusii,0.243,0.381,-1,Echolocation,/mnt/ubna_data_01_mir/recover-20220825/UBNA_002/20220823_033000.WAV,Telephone Field,recover-20220825,002,1795
948.4995,948.5056,30625,48202,Myotis daubentonii,0.016,0.028,-1,Echolocation,/mnt/ubna_data_01_mir/recover-20220825/UBNA_002/20220823_033000.WAV,Telephone Field,recover-20220825,002,1795
948.5005,948.5064,37500,54580,Myotis brandtii,0.014,0.029,-1,Echolocation,/mnt/ubna_data_01_mir/recover-20220825/UBNA_002/20220823_033000.WAV,Telephone Field,recover-20220825,002,1795
948.5025,948.5088,42656,55286,Myotis brandtii,0.012,0.029,-1,Echolocation,/mnt/ubna_data_01_mir/recover-20220825/UBNA_002/20220823_033000.WAV,Telephone Field,recover-20220825,002,1795
948.5145,948.5551,68437,82702,Rhinolophus ferrumequinum,0.027,0.027,-1,Echolocation,/mnt/ubna_data_01_mir/recover-20220825/UBNA_002/20220823_033000.WAV,Telephone Field,recover-20220825,002,1795
948.5175,948.5312,23750,30021,Eptesicus serotinus,0.012,0.031,-1,Echolocation,/mnt/ubna_data_01_mir/recover-20220825/UBNA_002/20220823_033000.WAV,Telephone Field,recover-20220825,002,1795
948.5335,948.5387,39218,49705,Myotis daubentonii,0.155,0.308,-1,Echolocation,/mnt/ubna_data_01_mir/recover-20220825/UBNA_002/20220823_033000.WAV,Telephone Field,recover-20220825,002,1795
948.5565,948.5617,40937,51287,Pipistrellus nathusii,0.211,0.531,-1,Echolocation,/mnt/ubna_data_01_mir/recover-20220825/UBNA_002/20220823_033000.WAV,Telephone Field,recover-20220825,002,1795
948.5975,948.6068,37500,45823,Pipistrellus nathusii,0.015,0.031,-1,Echolocation,/mnt/ubna_data_01_mir/recover-20220825/UBNA_002/20220823_033000.WAV,Telephone Field,recover-20220825,002,1795
948.6255,948.6307,36640,47592,Myotis daubentonii,0.143,0.35,-1,Echolocation,/mnt/ubna_data_01_mir/recover-20220825/UBNA_002/20220823_033000.WAV,Telephone Field,recover-20220825,002,1795
948.6465,948.652,40078,49763,Pipistrellus nathusii,0.214,0.422,-1,Echolocation,/mnt/ubna_data_01_mir/recover-20220825/UBNA_002/20220823_033000.WAV,Telephone Field,recover-20220825,002,1795
948.6605,948.671,27187,33737,Eptesicus serotinus,0.012,0.029,-1,Echolocation,/mnt/ubna_data_01_mir/recover-20220825/UBNA_002/20220823_033000.WAV,Telephone Field,recover-20220825,002,1795
948.6685,948.7095,68437,82697,Rhinolophus ferrumequinum,0.032,0.032,-1,Echolocation,/mnt/ubna_data_01_mir/recover-20220825/UBNA_002/20220823_033000.WAV,Telephone Field,recover-20220825,002,1795
948.6955,948.7014,38359,57093,Myotis brandtii,0.016,0.032,-1,Echolocation,/mnt/ubna_data_01_mir/recover-20220825/UBNA_002/20220823_033000.WAV,Telephone Field,recover-20220825,002,1795
948.7175,948.7287,27187,35908,Eptesicus serotinus,0.013,0.028,-1,Echolocation,/mnt/ubna_data_01_mir/recover-20220825/UBNA_002/20220823_033000.WAV,Telephone Field,recover-20220825,002,1795
948.7285,948.7347,34062,44708,Myotis daubentonii,0.013,0.028,-1,Echolocation,/mnt/ubna_data_01_mir/recover-20220825/UBNA_002/20220823_033000.WAV,Telephone Field,recover-20220825,002,1795
948.7505,948.7543000000001,40937,51411,Myotis daubentonii,0.247,0.452,-1,Echolocation,/mnt/ubna_data_01_mir/recover-20220825/UBNA_002/20220823_033000.WAV,Telephone Field,recover-20220825,002,1795
948.7775,948.7849,26328,35921,Eptesicus serotinus,0.011,0.031,-1,Echolocation,/mnt/ubna_data_01_mir/recover-20220825/UBNA_002/20220823_033000.WAV,Telephone Field,recover-20220825,002,1795
948.7905,948.7955,35781,54901,Myotis daubentonii,0.033,0.076,-1,Echolocation,/mnt/ubna_data_01_mir/recover-20220825/UBNA_002/20220823_033000.WAV,Telephone Field,recover-20220825,002,1795
948.8365,948.8788,68437,82705,Rhinolophus ferrumequinum,0.036,0.036,-1,Echolocation,/mnt/ubna_data_01_mir/recover-20220825/UBNA_002/20220823_033000.WAV,Telephone Field,recover-20220825,002,1795
948.8365,948.8458,26328,36775,Eptesicus serotinus,0.011,0.028,-1,Echolocation,/mnt/ubna_data_01_mir/recover-20220825/UBNA_002/20220823_033000.WAV,Telephone Field,recover-20220825,002,1795
948.8635,948.8682,40078,54631,Myotis brandtii,0.137,0.334,-1,Echolocation,/mnt/ubna_data_01_mir/recover-20220825/UBNA_002/20220823_033000.WAV,Telephone Field,recover-20220825,002,1795
948.8845,948.8908,38359,53766,Myotis brandtii,0.011,0.027,-1,Echolocation,/mnt/ubna_data_01_mir/recover-20220825/UBNA_002/20220823_033000.WAV,Telephone Field,recover-20220825,002,1795
948.9395,948.9455,30625,52993,Myotis daubentonii,0.018,0.03,-1,Echolocation,/mnt/ubna_data_01_mir/recover-20220825/UBNA_002/20220823_033000.WAV,Telephone Field,recover-20220825,002,1795
948.9395,948.9455,42656,51626,Myotis brandtii,0.02,0.057,-1,Echolocation,/mnt/ubna_data_01_mir/recover-20220825/UBNA_002/20220823_033000.WAV,Telephone Field,recover-20220825,002,1795
948.9755,948.9819,28906,38430,Myotis daubentonii,0.02,0.049,-1,Echolocation,/mnt/ubna_data_01_mir/recover-20220825/UBNA_002/20220823_033000.WAV,Telephone Field,recover-20220825,002,1795
948.9875,948.9926,40937,49646,Pipistrellus nathusii,0.195,0.386,-1,Echolocation,/mnt/ubna_data_01_mir/recover-20220825/UBNA_002/20220823_033000.WAV,Telephone Field,recover-20220825,002,1795
949.0225,949.0351,23750,27655,Nyctalus leisleri,0.015,0.026,-1,Echolocation,/mnt/ubna_data_01_mir/recover-20220825/UBNA_002/20220823_033000.WAV,Telephone Field,recover-20220825,002,1795
949.0325,949.0382,37500,54283,Myotis brandtii,0.013,0.03,-1,Echolocation,/mnt/ubna_data_01_mir/recover-20220825/UBNA_002/20220823_033000.WAV,Telephone Field,recover-20220825,002,1795
949.0535,949.0592,39218,50216,Myotis daubentonii,0.027,0.06,-1,Echolocation,/mnt/ubna_data_01_mir/recover-20220825/UBNA_002/20220823_033000.WAV,Telephone Field,recover-20220825,002,1795
949.0795,949.0848,40078,50900,Myotis daubentonii,0.057,0.095,-1,Echolocation,/mnt/ubna_data_01_mir/recover-20220825/UBNA_002/20220823_033000.WAV,Telephone Field,recover-20220825,002,1795
949.0935,949.1066,22031,27025,Nyctalus leisleri,0.012,0.026,-1,Echolocation,/mnt/ubna_data_01_mir/recover-20220825/UBNA_002/20220823_033000.WAV,Telephone Field,recover-20220825,002,1795
949.1025,949.1148,22890,28247,Nyctalus leisleri,0.013,0.03,-1,Echolocation,/mnt/ubna_data_01_mir/recover-20220825/UBNA_002/20220823_033000.WAV,Telephone Field,recover-20220825,002,1795
949.1185,949.1247,35781,54392,Myotis brandtii,0.014,0.028,-1,Echolocation,/mnt/ubna_data_01_mir/recover-20220825/UBNA_002/20220823_033000.WAV,Telephone Field,recover-20220825,002,1795
949.1325,949.1395,30625,41575,Myotis daubentonii,0.016,0.029,-1,Echolocation,/mnt/ubna_data_01_mir/recover-20220825/UBNA_002/20220823_033000.WAV,Telephone Field,recover-20220825,002,1795
949.1535,949.1598,25468,37770,Eptesicus serotinus,0.006,0.026,-1,Echolocation,/mnt/ubna_data_01_mir/recover-20220825/UBNA_002/20220823_033000.WAV,Telephone Field,recover-20220825,002,1795
949.1695,949.1758,29765,42842,Myotis daubentonii,0.022,0.046,-1,Echolocation,/mnt/ubna_data_01_mir/recover-20220825/UBNA_002/20220823_033000.WAV,Telephone Field,recover-20220825,002,1795
949.1985,949.2037,33203,54199,Myotis daubentonii,0.043,0.063,-1,Echolocation,/mnt/ubna_data_01_mir/recover-20220825/UBNA_002/20220823_033000.WAV,Telephone Field,recover-20220825,002,1795
949.2265,949.233,28046,44472,Myotis daubentonii,0.014,0.026,-1,Echolocation,/mnt/ubna_data_01_mir/recover-20220825/UBNA_002/20220823_033000.WAV,Telephone Field,recover-20220825,002,1795
949.2395,949.246,26328,36045,Eptesicus serotinus,0.008,0.029,-1,Echolocation,/mnt/ubna_data_01_mir/recover-20220825/UBNA_002/20220823_033000.WAV,Telephone Field,recover-20220825,002,1795
949.2545,949.262,42656,50418,Pipistrellus nathusii,0.015,0.034,-1,Echolocation,/mnt/ubna_data_01_mir/recover-20220825/UBNA_002/20220823_033000.WAV,Telephone Field,recover-20220825,002,1795
949.2625,949.2685,38359,54320,Myotis brandtii,0.013,0.029,-1,Echolocation,/mnt/ubna_data_01_mir/recover-20220825/UBNA_002/20220823_033000.WAV,Telephone Field,recover-20220825,002,1795
949.2625,949.2683,29765,51209,Myotis daubentonii,0.02,0.032,-1,Echolocation,/mnt/ubna_data_01_mir/recover-20220825/UBNA_002/20220823_033000.WAV,Telephone Field,recover-20220825,002,1795
949.3245,949.3317,25468,35729,Eptesicus serotinus,0.012,0.037,-1,Echolocation,/mnt/ubna_data_01_mir/recover-20220825/UBNA_002/20220823_033000.WAV,Telephone Field,recover-20220825,002,1795
949.3285,949.3368,41796,50356,Pipistrellus nathusii,0.016,0.032,-1,Echolocation,/mnt/ubna_data_01_mir/recover-20220825/UBNA_002/20220823_033000.WAV,Telephone Field,recover-20220825,002,1795
949.3605,949.3666,31484,44214,Myotis daubentonii,0.019,0.036,-1,Echolocation,/mnt/ubna_data_01_mir/recover-20220825/UBNA_002/20220823_033000.WAV,Telephone Field,recover-20220825,002,1795
949.3885,949.3943,38359,55318,Myotis brandtii,0.013,0.028,-1,Echolocation,/mnt/ubna_data_01_mir/recover-20220825/UBNA_002/20220823_033000.WAV,Telephone Field,recover-20220825,002,1795
949.3925,949.4,42656,50674,Pipistrellus nathusii,0.01,0.027,-1,Echolocation,/mnt/ubna_data_01_mir/recover-20220825/UBNA_002/20220823_033000.WAV,Telephone Field,recover-20220825,002,1795
949.4055,949.4132,26328,36384,Eptesicus serotinus,0.009,0.029,-1,Echolocation,/mnt/ubna_data_01_mir/recover-20220825/UBNA_002/20220823_033000.WAV,Telephone Field,recover-20220825,002,1795
949.4625,949.468,35781,50407,Myotis daubentonii,0.017,0.034,-1,Echolocation,/mnt/ubna_data_01_mir/recover-20220825/UBNA_002/20220823_033000.WAV,Telephone Field,recover-20220825,002,1795
949.4835,949.4907,43515,52704,Pipistrellus nathusii,0.119,0.178,-1,Echolocation,/mnt/ubna_data_01_mir/recover-20220825/UBNA_002/20220823_033000.WAV,Telephone Field,recover-20220825,002,1795
949.5125,949.5197000000001,25468,40702,Eptesicus serotinus,0.008,0.027,-1,Echolocation,/mnt/ubna_data_01_mir/recover-20220825/UBNA_002/20220823_033000.WAV,Telephone Field,recover-20220825,002,1795
949.5195,949.5261,25468,34471,Eptesicus serotinus,0.006,0.028,-1,Echolocation,/mnt/ubna_data_01_mir/recover-20220825/UBNA_002/20220823_033000.WAV,Telephone Field,recover-20220825,002,1795
949.5385,949.5454,40937,52382,Myotis brandtii,0.014,0.047,-1,Echolocation,/mnt/ubna_data_01_mir/recover-20220825/UBNA_002/20220823_033000.WAV,Telephone Field,recover-20220825,002,1795
949.5385,949.5462,25468,34130,Eptesicus serotinus,0.007,0.029,-1,Echolocation,/mnt/ubna_data_01_mir/recover-20220825/UBNA_002/20220823_033000.WAV,Telephone Field,recover-20220825,002,1795
949.5675,949.5791,25468,30797,Nyctalus leisleri,0.012,0.032,-1,Echolocation,/mnt/ubna_data_01_mir/recover-20220825/UBNA_002/20220823_033000.WAV,Telephone Field,recover-20220825,002,1795
949.5735,949.5816,42656,49852,Pipistrellus nathusii,0.247,0.348,-1,Echolocation,/mnt/ubna_data_01_mir/recover-20220825/UBNA_002/20220823_033000.WAV,Telephone Field,recover-20220825,002,1795
949.6455,949.6519,42656,51107,Pipistrellus nathusii,0.237,0.367,-1,Echolocation,/mnt/ubna_data_01_mir/recover-20220825/UBNA_002/20220823_033000.WAV,Telephone Field,recover-20220825,002,1795
949.6715,949.6765,40937,49919,Pipistrellus nathusii,0.228,0.425,-1,Echolocation,/mnt/ubna_data_01_mir/recover-20220825/UBNA_002/20220823_033000.WAV,Telephone Field,recover-20220825,002,1795
949.6925,949.7011,26328,36525,Eptesicus serotinus,0.012,0.031,-1,Echolocation,/mnt/ubna_data_01_mir/recover-20220825/UBNA_002/20220823_033000.WAV,Telephone Field,recover-20220825,002,1795
949.7105,949.7177,39218,47920,Myotis daubentonii,0.029,0.084,-1,Echolocation,/mnt/ubna_data_01_mir/recover-20220825/UBNA_002/20220823_033000.WAV,Telephone Field,recover-20220825,002,1795
949.7595,949.7656,40937,54577,Pipistrellus nathusii,0.093,0.234,-1,Echolocation,/mnt/ubna_data_01_mir/recover-20220825/UBNA_002/20220823_033000.WAV,Telephone Field,recover-20220825,002,1795
949.8475,949.8532,37500,54745,Myotis daubentonii,0.012,0.029,-1,Echolocation,/mnt/ubna_data_01_mir/recover-20220825/UBNA_002/20220823_033000.WAV,Telephone Field,recover-20220825,002,1795
949.8535,949.8968,68437,83189,Rhinolophus ferrumequinum,0.032,0.032,-1,Echolocation,/mnt/ubna_data_01_mir/recover-20220825/UBNA_002/20220823_033000.WAV,Telephone Field,recover-20220825,002,1795
949.8615,949.8682,41796,50463,Pipistrellus nathusii,0.245,0.469,-1,Echolocation,/mnt/ubna_data_01_mir/recover-20220825/UBNA_002/20220823_033000.WAV,Telephone Field,recover-20220825,002,1795
949.8705,949.8754,28906,55856,Myotis daubentonii,0.034,0.055,-1,Echolocation,/mnt/ubna_data_01_mir/recover-20220825/UBNA_002/20220823_033000.WAV,Telephone Field,recover-20220825,002,1795
949.9635,949.9693,40937,50290,Pipistrellus nathusii,0.157,0.341,-1,Echolocation,/mnt/ubna_data_01_mir/recover-20220825/UBNA_002/20220823_033000.WAV,Telephone Field,recover-20220825,002,1795
949.9865,949.9943,42656,48755,Pipistrellus nathusii,0.054,0.09,-1,Echolocation,/mnt/ubna_data_01_mir/recover-20220825/UBNA_002/20220823_033000.WAV,Telephone Field,recover-20220825,002,1795
949.9875,949.9927,37500,53069,Myotis daubentonii,0.052,0.095,-1,Echolocation,/mnt/ubna_data_01_mir/recover-20220825/UBNA_002/20220823_033000.WAV,Telephone Field,recover-20220825,002,1795
950.0015,950.0315,69296,81291,Rhinolophus ferrumequinum,0.028,0.028,-1,Echolocation,/mnt/ubna_data_01_mir/recover-20220825/UBNA_002/20220823_033000.WAV,Telephone Field,recover-20220825,002,1795
950.0015,950.0113,26328,35572,Nyctalus leisleri,0.011,0.033,-1,Echolocation,/mnt/ubna_data_01_mir/recover-20220825/UBNA_002/20220823_033000.WAV,Telephone Field,recover-20220825,002,1795
950.0145,950.022,27187,38039,Eptesicus serotinus,0.007,0.022,-1,Echolocation,/mnt/ubna_data_01_mir/recover-20220825/UBNA_002/20220823_033000.WAV,Telephone Field,recover-20220825,002,1795
950.0505,950.0894,68437,81699,Rhinolophus ferrumequinum,0.022,0.022,-1,Echolocation,/mnt/ubna_data_01_mir/recover-20220825/UBNA_002/20220823_033000.WAV,Telephone Field,recover-20220825,002,1795
950.0665,950.0723,41796,53621,Myotis daubentonii,0.066,0.198,-1,Echolocation,/mnt/ubna_data_01_mir/recover-20220825/UBNA_002/20220823_033000.WAV,Telephone Field,recover-20220825,002,1795
950.0755,950.1153,68437,82394,Rhinolophus ferrumequinum,0.022,0.022,-1,Echolocation,/mnt/ubna_data_01_mir/recover-20220825/UBNA_002/20220823_033000.WAV,Telephone Field,recover-20220825,002,1795
950.0795,950.0906,28046,34172,Eptesicus serotinus,0.012,0.026,-1,Echolocation,/mnt/ubna_data_01_mir/recover-20220825/UBNA_002/20220823_033000.WAV,Telephone Field,recover-20220825,002,1795
950.0875,950.0935,39218,50048,Myotis daubentonii,0.01,0.022,-1,Echolocation,/mnt/ubna_data_01_mir/recover-20220825/UBNA_002/20220823_033000.WAV,Telephone Field,recover-20220825,002,1795
950.0885,950.0941,31484,57489,Myotis daubentonii,0.015,0.033,-1,Echolocation,/mnt/ubna_data_01_mir/recover-20220825/UBNA_002/20220823_033000.WAV,Telephone Field,recover-20220825,002,1795
950.1125,950.1499,68437,81449,Rhinolophus ferrumequinum,0.021,0.021,-1,Echolocation,/mnt/ubna_data_01_mir/recover-20220825/UBNA_002/20220823_033000.WAV,Telephone Field,recover-20220825,002,1795
950.1465,950.1875,68437,82701,Rhinolophus ferrumequinum,0.031,0.031,-1,Echolocation,/mnt/ubna_data_01_mir/recover-20220825/UBNA_002/20220823_033000.WAV,Telephone Field,recover-20220825,002,1795
950.1615,950.1689,40937,52606,Pipistrellus nathusii,0.218,0.466,-1,Echolocation,/mnt/ubna_data_01_mir/recover-20220825/UBNA_002/20220823_033000.WAV,Telephone Field,recover-20220825,002,1795
950.1825,950.1877,34062,48348,Myotis daubentonii,0.045,0.067,-1,Echolocation,/mnt/ubna_data_01_mir/recover-20220825/UBNA_002/20220823_033000.WAV,Telephone Field,recover-20220825,002,1795
950.1935,950.2057,28046,34654,Eptesicus serotinus,0.013,0.028,-1,Echolocation,/mnt/ubna_data_01_mir/recover-20220825/UBNA_002/20220823_033000.WAV,Telephone Field,recover-20220825,002,1795
950.2175,950.2281,33203,40324,Eptesicus serotinus,0.006,0.023,-1,Echolocation,/mnt/ubna_data_01_mir/recover-20220825/UBNA_002/20220823_033000.WAV,Telephone Field,recover-20220825,002,1795
950.2205,950.2287,27187,38115,Eptesicus serotinus,0.008,0.022,-1,Echolocation,/mnt/ubna_data_01_mir/recover-20220825/UBNA_002/20220823_033000.WAV,Telephone Field,recover-20220825,002,1795
950.2265,950.2335,27187,39811,Eptesicus serotinus,0.007,0.023,-1,Echolocation,/mnt/ubna_data_01_mir/recover-20220825/UBNA_002/20220823_033000.WAV,Telephone Field,recover-20220825,002,1795
950.2295,950.2686,68437,81664,Rhinolophus ferrumequinum,0.022,0.022,-1,Echolocation,/mnt/ubna_data_01_mir/recover-20220825/UBNA_002/20220823_033000.WAV,Telephone Field,recover-20220825,002,1795
950.2555,950.2639,40937,49701,Myotis daubentonii,0.006,0.021,-1,Echolocation,/mnt/ubna_data_01_mir/recover-20220825/UBNA_002/20220823_033000.WAV,Telephone Field,recover-20220825,002,1795
950.2725,950.3098,68437,81881,Rhinolophus ferrumequinum,0.022,0.022,-1,Echolocation,/mnt/ubna_data_01_mir/recover-20220825/UBNA_002/20220823_033000.WAV,Telephone Field,recover-20220825,002,1795
950.2855,950.3253,68437,82802,Rhinolophus ferrumequinum,0.026,0.026,-1,Echolocation,/mnt/ubna_data_01_mir/recover-20220825/UBNA_002/20220823_033000.WAV,Telephone Field,recover-20220825,002,1795
950.3015,950.3111,51250,57258,Pipistrellus pipistrellus,0.032,0.039,-1,Echolocation,/mnt/ubna_data_01_mir/recover-20220825/UBNA_002/20220823_033000.WAV,Telephone Field,recover-20220825,002,1795
950.3465,950.3568,28046,34898,Eptesicus serotinus,0.01,0.023,-1,Echolocation,/mnt/ubna_data_01_mir/recover-20220825/UBNA_002/20220823_033000.WAV,Telephone Field,recover-20220825,002,1795
950.3555,950.3627,28046,39300,Eptesicus serotinus,0.009,0.029,-1,Echolocation,/mnt/ubna_data_01_mir/recover-20220825/UBNA_002/20220823_033000.WAV,Telephone Field,recover-20220825,002,1795
950.3785,950.4214,68437,82959,Rhinolophus ferrumequinum,0.031,0.031,-1,Echolocation,/mnt/ubna_data_01_mir/recover-20220825/UBNA_002/20220823_033000.WAV,Telephone Field,recover-20220825,002,1795
950.3995,950.4098,42656,49589,Pipistrellus nathusii,0.014,0.029,-1,Echolocation,/mnt/ubna_data_01_mir/recover-20220825/UBNA_002/20220823_033000.WAV,Telephone Field,recover-20220825,002,1795
950.4005,950.4091,28046,37264,Eptesicus serotinus,0.009,0.023,-1,Echolocation,/mnt/ubna_data_01_mir/recover-20220825/UBNA_002/20220823_033000.WAV,Telephone Field,recover-20220825,002,1795
950.4275,950.4686,68437,82430,Rhinolophus ferrumequinum,0.029,0.029,-1,Echolocation,/mnt/ubna_data_01_mir/recover-20220825/UBNA_002/20220823_033000.WAV,Telephone Field,recover-20220825,002,1795
950.4415,950.4505,40937,48961,Pipistrellus nathusii,0.009,0.025,-1,Echolocation,/mnt/ubna_data_01_mir/recover-20220825/UBNA_002/20220823_033000.WAV,Telephone Field,recover-20220825,002,1795
950.4545,950.4916,68437,82350,Rhinolophus ferrumequinum,0.023,0.023,-1,Echolocation,/mnt/ubna_data_01_mir/recover-20220825/UBNA_002/20220823_033000.WAV,Telephone Field,recover-20220825,002,1795
950.4555,950.4625,28046,38941,Eptesicus serotinus,0.006,0.023,-1,Echolocation,/mnt/ubna_data_01_mir/recover-20220825/UBNA_002/20220823_033000.WAV,Telephone Field,recover-20220825,002,1795
950.4945,950.508,47812,52350,Pipistrellus pipistrellus,0.025,0.03,-1,Echolocation,/mnt/ubna_data_01_mir/recover-20220825/UBNA_002/20220823_033000.WAV,Telephone Field,recover-20220825,002,1795
950.4955,950.5017,35781,54060,Myotis brandtii,0.008,0.021,-1,Echolocation,/mnt/ubna_data_01_mir/recover-20220825/UBNA_002/20220823_033000.WAV,Telephone Field,recover-20220825,002,1795
950.5235,950.5316,28906,39403,Eptesicus serotinus,0.008,0.026,-1,Echolocation,/mnt/ubna_data_01_mir/recover-20220825/UBNA_002/20220823_033000.WAV,Telephone Field,recover-20220825,002,1795
950.5605,950.5671,26328,39035,Eptesicus serotinus,0.005,0.025,-1,Echolocation,/mnt/ubna_data_01_mir/recover-20220825/UBNA_002/20220823_033000.WAV,Telephone Field,recover-20220825,002,1795
950.5735,950.6121,68437,81548,Rhinolophus ferrumequinum,0.025,0.025,-1,Echolocation,/mnt/ubna_data_01_mir/recover-20220825/UBNA_002/20220823_033000.WAV,Telephone Field,recover-20220825,002,1795
950.5755,950.5843,28046,36676,Eptesicus serotinus,0.008,0.022,-1,Echolocation,/mnt/ubna_data_01_mir/recover-20220825/UBNA_002/20220823_033000.WAV,Telephone Field,recover-20220825,002,1795
950.5865,950.6269,68437,82958,Rhinolophus ferrumequinum,0.044,0.044,-1,Echolocation,/mnt/ubna_data_01_mir/recover-20220825/UBNA_002/20220823_033000.WAV,Telephone Field,recover-20220825,002,1795
950.6045,950.6448,68437,82580,Rhinolophus ferrumequinum,0.022,0.022,-1,Echolocation,/mnt/ubna_data_01_mir/recover-20220825/UBNA_002/20220823_033000.WAV,Telephone Field,recover-20220825,002,1795
950.6195,950.6573,68437,81446,Rhinolophus ferrumequinum,0.024,0.024,-1,Echolocation,/mnt/ubna_data_01_mir/recover-20220825/UBNA_002/20220823_033000.WAV,Telephone Field,recover-20220825,002,1795
950.6245,950.635,22890,28704,Nyctalus leisleri,0.009,0.021,-1,Echolocation,/mnt/ubna_data_01_mir/recover-20220825/UBNA_002/20220823_033000.WAV,Telephone Field,recover-20220825,002,1795
950.6475,950.6849,68437,82303,Rhinolophus ferrumequinum,0.022,0.022,-1,Echolocation,/mnt/ubna_data_01_mir/recover-20220825/UBNA_002/20220823_033000.WAV,Telephone Field,recover-20220825,002,1795
950.6535,950.6689,21171,24492,Nyctalus leisleri,0.019,0.034,-1,Echolocation,/mnt/ubna_data_01_mir/recover-20220825/UBNA_002/20220823_033000.WAV,Telephone Field,recover-20220825,002,1795
950.6545,950.6639,28046,35668,Eptesicus serotinus,0.008,0.022,-1,Echolocation,/mnt/ubna_data_01_mir/recover-20220825/UBNA_002/20220823_033000.WAV,Telephone Field,recover-20220825,002,1795
950.6565,950.6685,34062,39046,Pipistrellus nathusii,0.006,0.025,-1,Echolocation,/mnt/ubna_data_01_mir/recover-20220825/UBNA_002/20220823_033000.WAV,Telephone Field,recover-20220825,002,1795
950.6765,950.7181,68437,82823,Rhinolophus ferrumequinum,0.024,0.024,-1,Echolocation,/mnt/ubna_data_01_mir/recover-20220825/UBNA_002/20220823_033000.WAV,Telephone Field,recover-20220825,002,1795
950.7015,950.7422,68437,82125,Rhinolophus ferrumequinum,0.023,0.023,-1,Echolocation,/mnt/ubna_data_01_mir/recover-20220825/UBNA_002/20220823_033000.WAV,Telephone Field,recover-20220825,002,1795
950.7155,950.7522,68437,82202,Rhinolophus ferrumequinum,0.026,0.026,-1,Echolocation,/mnt/ubna_data_01_mir/recover-20220825/UBNA_002/20220823_033000.WAV,Telephone Field,recover-20220825,002,1795
950.7315,950.7419,23750,29593,Nyctalus leisleri,0.009,0.023,-1,Echolocation,/mnt/ubna_data_01_mir/recover-20220825/UBNA_002/20220823_033000.WAV,Telephone Field,recover-20220825,002,1795
950.7895,950.7994,28046,36299,Eptesicus serotinus,0.009,0.023,-1,Echolocation,/mnt/ubna_data_01_mir/recover-20220825/UBNA_002/20220823_033000.WAV,Telephone Field,recover-20220825,002,1795
950.8275,950.8642,68437,81827,Rhinolophus ferrumequinum,0.024,0.024,-1,Echolocation,/mnt/ubna_data_01_mir/recover-20220825/UBNA_002/20220823_033000.WAV,Telephone Field,recover-20220825,002,1795
950.8325,950.8432,44375,51815,Pipistrellus pipistrellus,0.028,0.039,-1,Echolocation,/mnt/ubna_data_01_mir/recover-20220825/UBNA_002/20220823_033000.WAV,Telephone Field,recover-20220825,002,1795
950.8715,950.8791,28046,40323,Eptesicus serotinus,0.008,0.026,-1,Echolocation,/mnt/ubna_data_01_mir/recover-20220825/UBNA_002/20220823_033000.WAV,Telephone Field,recover-20220825,002,1795
950.8715,950.9082,68437,82065,Rhinolophus ferrumequinum,0.026,0.026,-1,Echolocation,/mnt/ubna_data_01_mir/recover-20220825/UBNA_002/20220823_033000.WAV,Telephone Field,recover-20220825,002,1795
950.8945,950.906,51250,57742,Pipistrellus pipistrellus,0.018,0.023,-1,Echolocation,/mnt/ubna_data_01_mir/recover-20220825/UBNA_002/20220823_033000.WAV,Telephone Field,recover-20220825,002,1795
950.8945,950.9331999999999,68437,82229,Rhinolophus ferrumequinum,0.024,0.024,-1,Echolocation,/mnt/ubna_data_01_mir/recover-20220825/UBNA_002/20220823_033000.WAV,Telephone Field,recover-20220825,002,1795
950.9005,950.9108,22031,27819,Nyctalus leisleri,0.009,0.026,-1,Echolocation,/mnt/ubna_data_01_mir/recover-20220825/UBNA_002/20220823_033000.WAV,Telephone Field,recover-20220825,002,1795
950.9245,950.9336,42656,48690,Pipistrellus nathusii,0.065,0.103,-1,Echolocation,/mnt/ubna_data_01_mir/recover-20220825/UBNA_002/20220823_033000.WAV,Telephone Field,recover-20220825,002,1795
950.9675,950.9785,23750,29934,Nyctalus leisleri,0.01,0.026,-1,Echolocation,/mnt/ubna_data_01_mir/recover-20220825/UBNA_002/20220823_033000.WAV,Telephone Field,recover-20220825,002,1795
950.9905,950.9985,27187,40772,Eptesicus serotinus,0.01,0.029,-1,Echolocation,/mnt/ubna_data_01_mir/recover-20220825/UBNA_002/20220823_033000.WAV,Telephone Field,recover-20220825,002,1795
951.0075,951.0453,68437,81790,Rhinolophus ferrumequinum,0.027,0.027,-1,Echolocation,/mnt/ubna_data_01_mir/recover-20220825/UBNA_002/20220823_033000.WAV,Telephone Field,recover-20220825,002,1795
951.0405,951.0776,68437,81101,Rhinolophus ferrumequinum,0.025,0.025,-1,Echolocation,/mnt/ubna_data_01_mir/recover-20220825/UBNA_002/20220823_033000.WAV,Telephone Field,recover-20220825,002,1795
951.0575,951.0692,28046,34343,Eptesicus serotinus,0.017,0.033,-1,Echolocation,/mnt/ubna_data_01_mir/recover-20220825/UBNA_002/20220823_033000.WAV,Telephone Field,recover-20220825,002,1795
951.0585,951.0984,68437,82537,Rhinolophus ferrumequinum,0.025,0.025,-1,Echolocation,/mnt/ubna_data_01_mir/recover-20220825/UBNA_002/20220823_033000.WAV,Telephone Field,recover-20220825,002,1795
951.1165,951.154,68437,81944,Rhinolophus ferrumequinum,0.023,0.023,-1,Echolocation,/mnt/ubna_data_01_mir/recover-20220825/UBNA_002/20220823_033000.WAV,Telephone Field,recover-20220825,002,1795
951.1795,951.187,26328,35409,Eptesicus serotinus,0.009,0.028,-1,Echolocation,/mnt/ubna_data_01_mir/recover-20220825/UBNA_002/20220823_033000.WAV,Telephone Field,recover-20220825,002,1795
951.1925,951.2288,68437,81721,Rhinolophus ferrumequinum,0.021,0.022,-1,Echolocation,/mnt/ubna_data_01_mir/recover-20220825/UBNA_002/20220823_033000.WAV,Telephone Field,recover-20220825,002,1795
951.2135,951.2546,68437,82314,Rhinolophus ferrumequinum,0.024,0.024,-1,Echolocation,/mnt/ubna_data_01_mir/recover-20220825/UBNA_002/20220823_033000.WAV,Telephone Field,recover-20220825,002,1795
951.2645,951.2727,28906,39467,Eptesicus serotinus,0.009,0.026,-1,Echolocation,/mnt/ubna_data_01_mir/recover-20220825/UBNA_002/20220823_033000.WAV,Telephone Field,recover-20220825,002,1795
951.2955,951.303,27187,40433,Eptesicus serotinus,0.007,0.023,-1,Echolocation,/mnt/ubna_data_01_mir/recover-20220825/UBNA_002/20220823_033000.WAV,Telephone Field,recover-20220825,002,1795
951.3375,951.3447,25468,38551,Eptesicus serotinus,0.005,0.022,-1,Echolocation,/mnt/ubna_data_01_mir/recover-20220825/UBNA_002/20220823_033000.WAV,Telephone Field,recover-20220825,002,1795
951.3625,951.373,24609,31161,Nyctalus leisleri,0.011,0.031,-1,Echolocation,/mnt/ubna_data_01_mir/recover-20220825/UBNA_002/20220823_033000.WAV,Telephone Field,recover-20220825,002,1795
951.3885,951.4,23750,28094,Nyctalus leisleri,0.012,0.022,-1,Echolocation,/mnt/ubna_data_01_mir/recover-20220825/UBNA_002/20220823_033000.WAV,Telephone Field,recover-20220825,002,1795
951.3925,951.4336,68437,82488,Rhinolophus ferrumequinum,0.026,0.026,-1,Echolocation,/mnt/ubna_data_01_mir/recover-20220825/UBNA_002/20220823_033000.WAV,Telephone Field,recover-20220825,002,1795
951.4515,951.4909,68437,82617,Rhinolophus ferrumequinum,0.033,0.033,-1,Echolocation,/mnt/ubna_data_01_mir/recover-20220825/UBNA_002/20220823_033000.WAV,Telephone Field,recover-20220825,002,1795
951.4875,951.4984,23750,29207,Nyctalus leisleri,0.01,0.024,-1,Echolocation,/mnt/ubna_data_01_mir/recover-20220825/UBNA_002/20220823_033000.WAV,Telephone Field,recover-20220825,002,1795
951.4965,951.5099,22890,26798,Nyctalus leisleri,0.017,0.028,-1,Echolocation,/mnt/ubna_data_01_mir/recover-20220825/UBNA_002/20220823_033000.WAV,Telephone Field,recover-20220825,002,1795
951.5445,951.585,68437,82487,Rhinolophus ferrumequinum,0.023,0.023,-1,Echolocation,/mnt/ubna_data_01_mir/recover-20220825/UBNA_002/20220823_033000.WAV,Telephone Field,recover-20220825,002,1795
951.5565,951.5629,24609,34357,Plecotus austriacus,0.009,0.027,-1,Echolocation,/mnt/ubna_data_01_mir/recover-20220825/UBNA_002/20220823_033000.WAV,Telephone Field,recover-20220825,002,1795
951.5755,951.5882,23750,29497,Nyctalus leisleri,0.018,0.042,-1,Echolocation,/mnt/ubna_data_01_mir/recover-20220825/UBNA_002/20220823_033000.WAV,Telephone Field,recover-20220825,002,1795
951.6025,951.6366,68437,81497,Rhinolophus ferrumequinum,0.022,0.022,-1,Echolocation,/mnt/ubna_data_01_mir/recover-20220825/UBNA_002/20220823_033000.WAV,Telephone Field,recover-20220825,002,1795
951.6245,951.6635,68437,82563,Rhinolophus ferrumequinum,0.021,0.021,-1,Echolocation,/mnt/ubna_data_01_mir/recover-20220825/UBNA_002/20220823_033000.WAV,Telephone Field,recover-20220825,002,1795
951.6375,951.6797,68437,83267,Rhinolophus ferrumequinum,0.025,0.025,-1,Echolocation,/mnt/ubna_data_01_mir/recover-20220825/UBNA_002/20220823_033000.WAV,Telephone Field,recover-20220825,002,1795
951.6525,951.6663,22031,27010,Nyctalus leisleri,0.012,0.025,-1,Echolocation,/mnt/ubna_data_01_mir/recover-20220825/UBNA_002/20220823_033000.WAV,Telephone Field,recover-20220825,002,1795
951.6995,951.7399,68437,81944,Rhinolophus ferrumequinum,0.024,0.024,-1,Echolocation,/mnt/ubna_data_01_mir/recover-20220825/UBNA_002/20220823_033000.WAV,Telephone Field,recover-20220825,002,1795
951.7205,951.7331,23750,29017,Nyctalus leisleri,0.011,0.024,-1,Echolocation,/mnt/ubna_data_01_mir/recover-20220825/UBNA_002/20220823_033000.WAV,Telephone Field,recover-20220825,002,1795
951.7305,951.7704,68437,82531,Rhinolophus ferrumequinum,0.028,0.028,-1,Echolocation,/mnt/ubna_data_01_mir/recover-20220825/UBNA_002/20220823_033000.WAV,Telephone Field,recover-20220825,002,1795
951.7385,951.7469,28046,41694,Eptesicus serotinus,0.009,0.025,-1,Echolocation,/mnt/ubna_data_01_mir/recover-20220825/UBNA_002/20220823_033000.WAV,Telephone Field,recover-20220825,002,1795
951.7865,951.7945,27187,38730,Eptesicus serotinus,0.008,0.022,-1,Echolocation,/mnt/ubna_data_01_mir/recover-20220825/UBNA_002/20220823_033000.WAV,Telephone Field,recover-20220825,002,1795
951.8175,951.8574,68437,82359,Rhinolophus ferrumequinum,0.026,0.026,-1,Echolocation,/mnt/ubna_data_01_mir/recover-20220825/UBNA_002/20220823_033000.WAV,Telephone Field,recover-20220825,002,1795
951.8255,951.8342,41796,46953,Pipistrellus nathusii,0.134,0.242,-1,Echolocation,/mnt/ubna_data_01_mir/recover-20220825/UBNA_002/20220823_033000.WAV,Telephone Field,recover-20220825,002,1795
951.8665,951.9041,68437,82291,Rhinolophus ferrumequinum,0.024,0.024,-1,Echolocation,/mnt/ubna_data_01_mir/recover-20220825/UBNA_002/20220823_033000.WAV,Telephone Field,recover-20220825,002,1795
951.8765,951.9179,68437,82788,Rhinolophus ferrumequinum,0.023,0.023,-1,Echolocation,/mnt/ubna_data_01_mir/recover-20220825/UBNA_002/20220823_033000.WAV,Telephone Field,recover-20220825,002,1795
951.9145,951.9212,28906,41735,Myotis daubentonii,0.013,0.032,-1,Echolocation,/mnt/ubna_data_01_mir/recover-20220825/UBNA_002/20220823_033000.WAV,Telephone Field,recover-20220825,002,1795
951.9175,951.9247,41796,49810,Myotis daubentonii,0.041,0.128,-1,Echolocation,/mnt/ubna_data_01_mir/recover-20220825/UBNA_002/20220823_033000.WAV,Telephone Field,recover-20220825,002,1795
952.0015,952.0103,37500,45701,Pipistrellus nathusii,0.011,0.025,-1,Echolocation,/mnt/ubna_data_01_mir/recover-20220825/UBNA_002/20220823_033000.WAV,Telephone Field,recover-20220825,002,1795
952.0015,952.0324,68437,80283,Rhinolophus ferrumequinum,0.039,0.04,-1,Echolocation,/mnt/ubna_data_01_mir/recover-20220825/UBNA_002/20220823_033000.WAV,Telephone Field,recover-20220825,002,1795
952.0015,952.0099,25468,35805,Nyctalus leisleri,0.008,0.033,-1,Echolocation,/mnt/ubna_data_01_mir/recover-20220825/UBNA_002/20220823_033000.WAV,Telephone Field,recover-20220825,002,1795
952.0015,952.0096,47812,56482,Pipistrellus pipistrellus,0.017,0.027,-1,Echolocation,/mnt/ubna_data_01_mir/recover-20220825/UBNA_002/20220823_033000.WAV,Telephone Field,recover-20220825,002,1795
952.0075,952.0188,26328,34469,Eptesicus serotinus,0.016,0.034,-1,Echolocation,/mnt/ubna_data_01_mir/recover-20220825/UBNA_002/20220823_033000.WAV,Telephone Field,recover-20220825,002,1795
952.0205,952.0284,27187,39011,Eptesicus serotinus,0.01,0.031,-1,Echolocation,/mnt/ubna_data_01_mir/recover-20220825/UBNA_002/20220823_033000.WAV,Telephone Field,recover-20220825,002,1795
952.0355,952.0434,27187,35901,Eptesicus serotinus,0.009,0.025,-1,Echolocation,/mnt/ubna_data_01_mir/recover-20220825/UBNA_002/20220823_033000.WAV,Telephone Field,recover-20220825,002,1795
952.0405,952.0486,41796,50178,Pipistrellus nathusii,0.012,0.024,-1,Echolocation,/mnt/ubna_data_01_mir/recover-20220825/UBNA_002/20220823_033000.WAV,Telephone Field,recover-20220825,002,1795
952.0465,952.0528,31484,46746,Myotis daubentonii,0.01,0.027,-1,Echolocation,/mnt/ubna_data_01_mir/recover-20220825/UBNA_002/20220823_033000.WAV,Telephone Field,recover-20220825,002,1795
952.0475,952.0543,27187,41405,Eptesicus serotinus,0.007,0.025,-1,Echolocation,/mnt/ubna_data_01_mir/recover-20220825/UBNA_002/20220823_033000.WAV,Telephone Field,recover-20220825,002,1795
952.0955,952.1333,68437,82227,Rhinolophus ferrumequinum,0.023,0.023,-1,Echolocation,/mnt/ubna_data_01_mir/recover-20220825/UBNA_002/20220823_033000.WAV,Telephone Field,recover-20220825,002,1795
952.1215,952.1271,34921,50333,Myotis brandtii,0.013,0.026,-1,Echolocation,/mnt/ubna_data_01_mir/recover-20220825/UBNA_002/20220823_033000.WAV,Telephone Field,recover-20220825,002,1795
952.1225,952.1298,40937,52582,Myotis brandtii,0.009,0.024,-1,Echolocation,/mnt/ubna_data_01_mir/recover-20220825/UBNA_002/20220823_033000.WAV,Telephone Field,recover-20220825,002,1795
952.1265,952.1346,26328,36100,Eptesicus serotinus,0.011,0.03,-1,Echolocation,/mnt/ubna_data_01_mir/recover-20220825/UBNA_002/20220823_033000.WAV,Telephone Field,recover-20220825,002,1795
952.1455,952.1855,68437,82436,Rhinolophus ferrumequinum,0.027,0.027,-1,Echolocation,/mnt/ubna_data_01_mir/recover-20220825/UBNA_002/20220823_033000.WAV,Telephone Field,recover-20220825,002,1795
952.1525,952.1615,27187,34919,Eptesicus serotinus,0.007,0.023,-1,Echolocation,/mnt/ubna_data_01_mir/recover-20220825/UBNA_002/20220823_033000.WAV,Telephone Field,recover-20220825,002,1795
952.1905,952.2001,27187,34831,Eptesicus serotinus,0.009,0.023,-1,Echolocation,/mnt/ubna_data_01_mir/recover-20220825/UBNA_002/20220823_033000.WAV,Telephone Field,recover-20220825,002,1795
952.2005,952.2108,43515,47381,Pipistrellus nathusii,0.232,0.264,-1,Echolocation,/mnt/ubna_data_01_mir/recover-20220825/UBNA_002/20220823_033000.WAV,Telephone Field,recover-20220825,002,1795
952.2585,952.2957,68437,81699,Rhinolophus ferrumequinum,0.023,0.023,-1,Echolocation,/mnt/ubna_data_01_mir/recover-20220825/UBNA_002/20220823_033000.WAV,Telephone Field,recover-20220825,002,1795
952.2715,952.2789,26328,36113,Eptesicus serotinus,0.007,0.025,-1,Echolocation,/mnt/ubna_data_01_mir/recover-20220825/UBNA_002/20220823_033000.WAV,Telephone Field,recover-20220825,002,1795
952.2835,952.3202,68437,82189,Rhinolophus ferrumequinum,0.025,0.025,-1,Echolocation,/mnt/ubna_data_01_mir/recover-20220825/UBNA_002/20220823_033000.WAV,Telephone Field,recover-20220825,002,1795
952.2965,952.336,68437,82231,Rhinolophus ferrumequinum,0.029,0.029,-1,Echolocation,/mnt/ubna_data_01_mir/recover-20220825/UBNA_002/20220823_033000.WAV,Telephone Field,recover-20220825,002,1795
952.3125,952.3211,42656,49311,Pipistrellus nathusii,0.027,0.041,-1,Echolocation,/mnt/ubna_data_01_mir/recover-20220825/UBNA_002/20220823_033000.WAV,Telephone Field,recover-20220825,002,1795
952.3135,952.3205,36640,47780,Myotis brandtii,0.013,0.043,-1,Echolocation,/mnt/ubna_data_01_mir/recover-20220825/UBNA_002/20220823_033000.WAV,Telephone Field,recover-20220825,002,1795
952.3155,952.3237,25468,34324,Eptesicus serotinus,0.008,0.025,-1,Echolocation,/mnt/ubna_data_01_mir/recover-20220825/UBNA_002/20220823_033000.WAV,Telephone Field,recover-20220825,002,1795
952.3605,952.3677,43515,49112,Pipistrellus nathusii,0.07,0.091,-1,Echolocation,/mnt/ubna_data_01_mir/recover-20220825/UBNA_002/20220823_033000.WAV,Telephone Field,recover-20220825,002,1795
952.3695,952.3805,55546,64684,Pipistrellus pygmaeus,0.032,0.032,-1,Echolocation,/mnt/ubna_data_01_mir/recover-20220825/UBNA_002/20220823_033000.WAV,Telephone Field,recover-20220825,002,1795
952.4045,952.4145,26328,33835,Eptesicus serotinus,0.013,0.031,-1,Echolocation,/mnt/ubna_data_01_mir/recover-20220825/UBNA_002/20220823_033000.WAV,Telephone Field,recover-20220825,002,1795
952.4195,952.427,47812,53192,Pipistrellus pipistrellus,0.024,0.029,-1,Echolocation,/mnt/ubna_data_01_mir/recover-20220825/UBNA_002/20220823_033000.WAV,Telephone Field,recover-20220825,002,1795
952.4235,952.43,31484,40496,Barbastellus barbastellus,0.014,0.031,-1,Echolocation,/mnt/ubna_data_01_mir/recover-20220825/UBNA_002/20220823_033000.WAV,Telephone Field,recover-20220825,002,1795
952.4825,952.4902,27187,36008,Eptesicus serotinus,0.008,0.026,-1,Echolocation,/mnt/ubna_data_01_mir/recover-20220825/UBNA_002/20220823_033000.WAV,Telephone Field,recover-20220825,002,1795
952.4895,952.5305,68437,83101,Rhinolophus ferrumequinum,0.025,0.025,-1,Echolocation,/mnt/ubna_data_01_mir/recover-20220825/UBNA_002/20220823_033000.WAV,Telephone Field,recover-20220825,002,1795
952.4945,952.5009,34062,47498,Myotis daubentonii,0.009,0.024,-1,Echolocation,/mnt/ubna_data_01_mir/recover-20220825/UBNA_002/20220823_033000.WAV,Telephone Field,recover-20220825,002,1795
952.5225,952.5305,32343,40007,Barbastellus barbastellus,0.021,0.043,-1,Echolocation,/mnt/ubna_data_01_mir/recover-20220825/UBNA_002/20220823_033000.WAV,Telephone Field,recover-20220825,002,1795
952.5805,952.6189,68437,81530,Rhinolophus ferrumequinum,0.023,0.023,-1,Echolocation,/mnt/ubna_data_01_mir/recover-20220825/UBNA_002/20220823_033000.WAV,Telephone Field,recover-20220825,002,1795
952.5805,952.5898,26328,34935,Eptesicus serotinus,0.017,0.033,-1,Echolocation,/mnt/ubna_data_01_mir/recover-20220825/UBNA_002/20220823_033000.WAV,Telephone Field,recover-20220825,002,1795
952.5965,952.6336,68437,81698,Rhinolophus ferrumequinum,0.023,0.023,-1,Echolocation,/mnt/ubna_data_01_mir/recover-20220825/UBNA_002/20220823_033000.WAV,Telephone Field,recover-20220825,002,1795
952.6235,952.632,25468,33296,Eptesicus serotinus,0.009,0.025,-1,Echolocation,/mnt/ubna_data_01_mir/recover-20220825/UBNA_002/20220823_033000.WAV,Telephone Field,recover-20220825,002,1795
952.6365,952.6439,39218,50681,Pipistrellus nathusii,0.295,0.416,-1,Echolocation,/mnt/ubna_data_01_mir/recover-20220825/UBNA_002/20220823_033000.WAV,Telephone Field,recover-20220825,002,1795
952.7145,952.7231,27187,35728,Eptesicus serotinus,0.009,0.027,-1,Echolocation,/mnt/ubna_data_01_mir/recover-20220825/UBNA_002/20220823_033000.WAV,Telephone Field,recover-20220825,002,1795
952.7565,952.765,43515,50158,Pipistrellus nathusii,0.23,0.283,-1,Echolocation,/mnt/ubna_data_01_mir/recover-20220825/UBNA_002/20220823_033000.WAV,Telephone Field,recover-20220825,002,1795
952.7855,952.7918999999999,40078,50447,Pipistrellus nathusii,0.043,0.135,-1,Echolocation,/mnt/ubna_data_01_mir/recover-20220825/UBNA_002/20220823_033000.WAV,Telephone Field,recover-20220825,002,1795
952.7865,952.7922,31484,55505,Myotis brandtii,0.136,0.298,-1,Echolocation,/mnt/ubna_data_01_mir/recover-20220825/UBNA_002/20220823_033000.WAV,Telephone Field,recover-20220825,002,1795
952.8465,952.8547,27187,36665,Eptesicus serotinus,0.007,0.024,-1,Echolocation,/mnt/ubna_data_01_mir/recover-20220825/UBNA_002/20220823_033000.WAV,Telephone Field,recover-20220825,002,1795
952.8515,952.8574,32343,47496,Myotis daubentonii,0.009,0.023,-1,Echolocation,/mnt/ubna_data_01_mir/recover-20220825/UBNA_002/20220823_033000.WAV,Telephone Field,recover-20220825,002,1795
952.8555,952.8637,53828,62319,Pipistrellus pygmaeus,0.023,0.024,-1,Echolocation,/mnt/ubna_data_01_mir/recover-20220825/UBNA_002/20220823_033000.WAV,Telephone Field,recover-20220825,002,1795
952.8955,952.9011,40078,51427,Myotis brandtii,0.066,0.221,-1,Echolocation,/mnt/ubna_data_01_mir/recover-20220825/UBNA_002/20220823_033000.WAV,Telephone Field,recover-20220825,002,1795
952.9395,952.9468,41796,53180,Pipistrellus nathusii,0.388,0.486,-1,Echolocation,/mnt/ubna_data_01_mir/recover-20220825/UBNA_002/20220823_033000.WAV,Telephone Field,recover-20220825,002,1795
952.9405,952.9485999999999,12578,22526,Barbastellus barbastellus,0.035,0.037,-1,Echolocation,/mnt/ubna_data_01_mir/recover-20220825/UBNA_002/20220823_033000.WAV,Telephone Field,recover-20220825,002,1795
952.9735000000001,953.0106,68437,81648,Rhinolophus ferrumequinum,0.024,0.024,-1,Echolocation,/mnt/ubna_data_01_mir/recover-20220825/UBNA_002/20220823_033000.WAV,Telephone Field,recover-20220825,002,1795
953.0365,953.0431,40078,50787,Pipistrellus nathusii,0.342,0.496,-1,Echolocation,/mnt/ubna_data_01_mir/recover-20220825/UBNA_002/20220823_033000.WAV,Telephone Field,recover-20220825,002,1795
953.0725,953.1138,68437,82810,Rhinolophus ferrumequinum,0.038,0.038,-1,Echolocation,/mnt/ubna_data_01_mir/recover-20220825/UBNA_002/20220823_033000.WAV,Telephone Field,recover-20220825,002,1795
953.0885,953.094,38359,59461,Myotis brandtii,0.013,0.023,-1,Echolocation,/mnt/ubna_data_01_mir/recover-20220825/UBNA_002/20220823_033000.WAV,Telephone Field,recover-20220825,002,1795
953.1405,953.148,39218,51355,Pipistrellus nathusii,0.297,0.449,-1,Echolocation,/mnt/ubna_data_01_mir/recover-20220825/UBNA_002/20220823_033000.WAV,Telephone Field,recover-20220825,002,1795
953.1425,953.1492,49531,53100,Pipistrellus pipistrellus,0.015,0.024,-1,Echolocation,/mnt/ubna_data_01_mir/recover-20220825/UBNA_002/20220823_033000.WAV,Telephone Field,recover-20220825,002,1795
953.1715,953.1808,27187,35726,Eptesicus serotinus,0.01,0.023,-1,Echolocation,/mnt/ubna_data_01_mir/recover-20220825/UBNA_002/20220823_033000.WAV,Telephone Field,recover-20220825,002,1795
953.1875,953.1992,56406,62976,Pipistrellus pygmaeus,0.038,0.039,-1,Echolocation,/mnt/ubna_data_01_mir/recover-20220825/UBNA_002/20220823_033000.WAV,Telephone Field,recover-20220825,002,1795
953.1875,953.1932,38359,52864,Myotis brandtii,0.009,0.023,-1,Echolocation,/mnt/ubna_data_01_mir/recover-20220825/UBNA_002/20220823_033000.WAV,Telephone Field,recover-20220825,002,1795
953.1995,953.2067,26328,40338,Eptesicus serotinus,0.008,0.026,-1,Echolocation,/mnt/ubna_data_01_mir/recover-20220825/UBNA_002/20220823_033000.WAV,Telephone Field,recover-20220825,002,1795
953.2195,953.2266,28046,36387,Eptesicus serotinus,0.007,0.026,-1,Echolocation,/mnt/ubna_data_01_mir/recover-20220825/UBNA_002/20220823_033000.WAV,Telephone Field,recover-20220825,002,1795
953.2245,953.2654,68437,82705,Rhinolophus ferrumequinum,0.026,0.026,-1,Echolocation,/mnt/ubna_data_01_mir/recover-20220825/UBNA_002/20220823_033000.WAV,Telephone Field,recover-20220825,002,1795
953.2325,953.2379,40078,57483,Pipistrellus nathusii,0.169,0.41,-1,Echolocation,/mnt/ubna_data_01_mir/recover-20220825/UBNA_002/20220823_033000.WAV,Telephone Field,recover-20220825,002,1795
953.2455,953.2526,40937,50053,Pipistrellus nathusii,0.16,0.202,-1,Echolocation,/mnt/ubna_data_01_mir/recover-20220825/UBNA_002/20220823_033000.WAV,Telephone Field,recover-20220825,002,1795
953.3215,953.3286,40078,47464,Pipistrellus nathusii,0.184,0.371,-1,Echolocation,/mnt/ubna_data_01_mir/recover-20220825/UBNA_002/20220823_033000.WAV,Telephone Field,recover-20220825,002,1795
953.3455,953.3514,39218,51707,Pipistrellus nathusii,0.342,0.458,-1,Echolocation,/mnt/ubna_data_01_mir/recover-20220825/UBNA_002/20220823_033000.WAV,Telephone Field,recover-20220825,002,1795
953.4065,953.4125,35781,57067,Myotis brandtii,0.01,0.023,-1,Echolocation,/mnt/ubna_data_01_mir/recover-20220825/UBNA_002/20220823_033000.WAV,Telephone Field,recover-20220825,002,1795
953.4235,953.4287,39218,50786,Pipistrellus nathusii,0.153,0.38,-1,Echolocation,/mnt/ubna_data_01_mir/recover-20220825/UBNA_002/20220823_033000.WAV,Telephone Field,recover-20220825,002,1795
953.4275,953.4351,12578,25119,Barbastellus barbastellus,0.028,0.03,-1,Echolocation,/mnt/ubna_data_01_mir/recover-20220825/UBNA_002/20220823_033000.WAV,Telephone Field,recover-20220825,002,1795
953.4285,953.4386,54687,61601,Pipistrellus pygmaeus,0.022,0.024,-1,Echolocation,/mnt/ubna_data_01_mir/recover-20220825/UBNA_002/20220823_033000.WAV,Telephone Field,recover-20220825,002,1795
953.4475,953.4536,39218,54140,Pipistrellus nathusii,0.357,0.512,-1,Echolocation,/mnt/ubna_data_01_mir/recover-20220825/UBNA_002/20220823_033000.WAV,Telephone Field,recover-20220825,002,1795
953.4565,953.4664,55546,66193,Pipistrellus pygmaeus,0.026,0.027,-1,Echolocation,/mnt/ubna_data_01_mir/recover-20220825/UBNA_002/20220823_033000.WAV,Telephone Field,recover-20220825,002,1795
953.5425,953.5491,39218,54311,Pipistrellus nathusii,0.455,0.57,-1,Echolocation,/mnt/ubna_data_01_mir/recover-20220825/UBNA_002/20220823_033000.WAV,Telephone Field,recover-20220825,002,1795
953.5705,953.6128,68437,83092,Rhinolophus ferrumequinum,0.026,0.027,-1,Echolocation,/mnt/ubna_data_01_mir/recover-20220825/UBNA_002/20220823_033000.WAV,Telephone Field,recover-20220825,002,1795
953.5895,953.5972,39218,49113,Pipistrellus nathusii,0.011,0.023,-1,Echolocation,/mnt/ubna_data_01_mir/recover-20220825/UBNA_002/20220823_033000.WAV,Telephone Field,recover-20220825,002,1795
953.6145,953.6256,22890,28315,Nyctalus leisleri,0.01,0.024,-1,Echolocation,/mnt/ubna_data_01_mir/recover-20220825/UBNA_002/20220823_033000.WAV,Telephone Field,recover-20220825,002,1795
953.6285,953.6665,68437,81838,Rhinolophus ferrumequinum,0.023,0.023,-1,Echolocation,/mnt/ubna_data_01_mir/recover-20220825/UBNA_002/20220823_033000.WAV,Telephone Field,recover-20220825,002,1795
953.6365,953.6432,26328,35826,Eptesicus serotinus,0.006,0.023,-1,Echolocation,/mnt/ubna_data_01_mir/recover-20220825/UBNA_002/20220823_033000.WAV,Telephone Field,recover-20220825,002,1795
953.6445,953.6516,51250,55719,Pipistrellus pipistrellus,0.015,0.025,-1,Echolocation,/mnt/ubna_data_01_mir/recover-20220825/UBNA_002/20220823_033000.WAV,Telephone Field,recover-20220825,002,1795
953.6465,953.6534,38359,55704,Pipistrellus nathusii,0.356,0.542,-1,Echolocation,/mnt/ubna_data_01_mir/recover-20220825/UBNA_002/20220823_033000.WAV,Telephone Field,recover-20220825,002,1795
953.7115,953.7195,27187,38850,Eptesicus serotinus,0.008,0.025,-1,Echolocation,/mnt/ubna_data_01_mir/recover-20220825/UBNA_002/20220823_033000.WAV,Telephone Field,recover-20220825,002,1795
953.7125,953.7199,31484,45864,Myotis daubentonii,0.011,0.024,-1,Echolocation,/mnt/ubna_data_01_mir/recover-20220825/UBNA_002/20220823_033000.WAV,Telephone Field,recover-20220825,002,1795
953.7225,953.7331,37500,41826,Pipistrellus nathusii,0.044,0.052,-1,Echolocation,/mnt/ubna_data_01_mir/recover-20220825/UBNA_002/20220823_033000.WAV,Telephone Field,recover-20220825,002,1795
953.7465,953.7529,39218,54127,Pipistrellus nathusii,0.339,0.502,-1,Echolocation,/mnt/ubna_data_01_mir/recover-20220825/UBNA_002/20220823_033000.WAV,Telephone Field,recover-20220825,002,1795
953.7665,953.8015,68437,80937,Rhinolophus ferrumequinum,0.023,0.023,-1,Echolocation,/mnt/ubna_data_01_mir/recover-20220825/UBNA_002/20220823_033000.WAV,Telephone Field,recover-20220825,002,1795
953.7775,953.8171,68437,82412,Rhinolophus ferrumequinum,0.034,0.034,-1,Echolocation,/mnt/ubna_data_01_mir/recover-20220825/UBNA_002/20220823_033000.WAV,Telephone Field,recover-20220825,002,1795
953.8285,953.8341,35781,54040,Myotis brandtii,0.011,0.025,-1,Echolocation,/mnt/ubna_data_01_mir/recover-20220825/UBNA_002/20220823_033000.WAV,Telephone Field,recover-20220825,002,1795
953.8725,953.9117,68437,82611,Rhinolophus ferrumequinum,0.024,0.024,-1,Echolocation,/mnt/ubna_data_01_mir/recover-20220825/UBNA_002/20220823_033000.WAV,Telephone Field,recover-20220825,002,1795
953.8795,953.888,27187,38122,Eptesicus serotinus,0.01,0.027,-1,Echolocation,/mnt/ubna_data_01_mir/recover-20220825/UBNA_002/20220823_033000.WAV,Telephone Field,recover-20220825,002,1795
953.9095,953.9156,40937,56605,Pipistrellus nathusii,0.301,0.508,-1,Echolocation,/mnt/ubna_data_01_mir/recover-20220825/UBNA_002/20220823_033000.WAV,Telephone Field,recover-20220825,002,1795
953.9095,953.9158,50390,54800,Pipistrellus pipistrellus,0.015,0.025,-1,Echolocation,/mnt/ubna_data_01_mir/recover-20220825/UBNA_002/20220823_033000.WAV,Telephone Field,recover-20220825,002,1795
953.9105,953.9168,28046,47116,Myotis daubentonii,0.017,0.032,-1,Echolocation,/mnt/ubna_data_01_mir/recover-20220825/UBNA_002/20220823_033000.WAV,Telephone Field,recover-20220825,002,1795
953.9225,953.9593,68437,82299,Rhinolophus ferrumequinum,0.023,0.023,-1,Echolocation,/mnt/ubna_data_01_mir/recover-20220825/UBNA_002/20220823_033000.WAV,Telephone Field,recover-20220825,002,1795
953.9715,953.9785,40078,49025,Pipistrellus nathusii,0.012,0.025,-1,Echolocation,/mnt/ubna_data_01_mir/recover-20220825/UBNA_002/20220823_033000.WAV,Telephone Field,recover-20220825,002,1795
953.9815,953.9917,24609,31136,Eptesicus serotinus,0.009,0.026,-1,Echolocation,/mnt/ubna_data_01_mir/recover-20220825/UBNA_002/20220823_033000.WAV,Telephone Field,recover-20220825,002,1795
954.0015,954.0095,46093,53171,Pipistrellus pipistrellus,0.013,0.035,-1,Echolocation,/mnt/ubna_data_01_mir/recover-20220825/UBNA_002/20220823_033000.WAV,Telephone Field,recover-20220825,002,1795
954.0015,954.0293,68437,80265,Rhinolophus ferrumequinum,0.026,0.027,-1,Echolocation,/mnt/ubna_data_01_mir/recover-20220825/UBNA_002/20220823_033000.WAV,Telephone Field,recover-20220825,002,1795
954.0065,954.0137,37500,55548,Pipistrellus nathusii,0.322,0.528,-1,Echolocation,/mnt/ubna_data_01_mir/recover-20220825/UBNA_002/20220823_033000.WAV,Telephone Field,recover-20220825,002,1795
954.0165,954.0234,30625,40294,Myotis daubentonii,0.015,0.03,-1,Echolocation,/mnt/ubna_data_01_mir/recover-20220825/UBNA_002/20220823_033000.WAV,Telephone Field,recover-20220825,002,1795
954.0525,954.0614,28046,41453,Eptesicus serotinus,0.009,0.024,-1,Echolocation,/mnt/ubna_data_01_mir/recover-20220825/UBNA_002/20220823_033000.WAV,Telephone Field,recover-20220825,002,1795
954.1025,954.1202,20312,23927,Nyctalus leisleri,0.012,0.023,-1,Echolocation,/mnt/ubna_data_01_mir/recover-20220825/UBNA_002/20220823_033000.WAV,Telephone Field,recover-20220825,002,1795
954.1085,954.1159,39218,57608,Pipistrellus nathusii,0.303,0.397,-1,Echolocation,/mnt/ubna_data_01_mir/recover-20220825/UBNA_002/20220823_033000.WAV,Telephone Field,recover-20220825,002,1795
954.1085,954.1138,30625,69926,Myotis brandtii,0.042,0.085,-1,Echolocation,/mnt/ubna_data_01_mir/recover-20220825/UBNA_002/20220823_033000.WAV,Telephone Field,recover-20220825,002,1795
954.1175,954.1234,31484,40651,Myotis daubentonii,0.013,0.024,-1,Echolocation,/mnt/ubna_data_01_mir/recover-20220825/UBNA_002/20220823_033000.WAV,Telephone Field,recover-20220825,002,1795
954.1615,954.1683,24609,34935,Plecotus austriacus,0.008,0.023,-1,Echolocation,/mnt/ubna_data_01_mir/recover-20220825/UBNA_002/20220823_033000.WAV,Telephone Field,recover-20220825,002,1795
954.1675,954.1733,34062,59160,Myotis brandtii,0.011,0.023,-1,Echolocation,/mnt/ubna_data_01_mir/recover-20220825/UBNA_002/20220823_033000.WAV,Telephone Field,recover-20220825,002,1795
954.1945,954.2011,37500,52725,Pipistrellus nathusii,0.244,0.377,-1,Echolocation,/mnt/ubna_data_01_mir/recover-20220825/UBNA_002/20220823_033000.WAV,Telephone Field,recover-20220825,002,1795
954.1965,954.2293999999999,68437,81208,Rhinolophus ferrumequinum,0.023,0.023,-1,Echolocation,/mnt/ubna_data_01_mir/recover-20220825/UBNA_002/20220823_033000.WAV,Telephone Field,recover-20220825,002,1795
954.2025,954.2114,27187,36096,Eptesicus serotinus,0.008,0.024,-1,Echolocation,/mnt/ubna_data_01_mir/recover-20220825/UBNA_002/20220823_033000.WAV,Telephone Field,recover-20220825,002,1795
954.2335,954.2415,28046,39946,Eptesicus serotinus,0.008,0.024,-1,Echolocation,/mnt/ubna_data_01_mir/recover-20220825/UBNA_002/20220823_033000.WAV,Telephone Field,recover-20220825,002,1795
954.2545,954.2609,40078,52633,Pipistrellus nathusii,0.359,0.452,-1,Echolocation,/mnt/ubna_data_01_mir/recover-20220825/UBNA_002/20220823_033000.WAV,Telephone Field,recover-20220825,002,1795
954.2635,954.2715,27187,34875,Eptesicus serotinus,0.007,0.023,-1,Echolocation,/mnt/ubna_data_01_mir/recover-20220825/UBNA_002/20220823_033000.WAV,Telephone Field,recover-20220825,002,1795
954.3035,954.3111,28046,37876,Eptesicus serotinus,0.008,0.025,-1,Echolocation,/mnt/ubna_data_01_mir/recover-20220825/UBNA_002/20220823_033000.WAV,Telephone Field,recover-20220825,002,1795
954.3295,954.3374,28046,35795,Eptesicus serotinus,0.008,0.023,-1,Echolocation,/mnt/ubna_data_01_mir/recover-20220825/UBNA_002/20220823_033000.WAV,Telephone Field,recover-20220825,002,1795
954.3445,954.3519,40937,54417,Pipistrellus nathusii,0.554,0.595,-1,Echolocation,/mnt/ubna_data_01_mir/recover-20220825/UBNA_002/20220823_033000.WAV,Telephone Field,recover-20220825,002,1795
954.3445,954.3501,30625,64535,Myotis brandtii,0.021,0.04,-1,Echolocation,/mnt/ubna_data_01_mir/recover-20220825/UBNA_002/20220823_033000.WAV,Telephone Field,recover-20220825,002,1795
954.3545,954.3845,68437,81201,Rhinolophus ferrumequinum,0.023,0.023,-1,Echolocation,/mnt/ubna_data_01_mir/recover-20220825/UBNA_002/20220823_033000.WAV,Telephone Field,recover-20220825,002,1795
954.3605,954.3952,68437,81751,Rhinolophus ferrumequinum,0.023,0.024,-1,Echolocation,/mnt/ubna_data_01_mir/recover-20220825/UBNA_002/20220823_033000.WAV,Telephone Field,recover-20220825,002,1795
954.3725,954.3806,26328,35380,Eptesicus serotinus,0.007,0.023,-1,Echolocation,/mnt/ubna_data_01_mir/recover-20220825/UBNA_002/20220823_033000.WAV,Telephone Field,recover-20220825,002,1795
954.3985,954.4367,68437,82395,Rhinolophus ferrumequinum,0.033,0.033,-1,Echolocation,/mnt/ubna_data_01_mir/recover-20220825/UBNA_002/20220823_033000.WAV,Telephone Field,recover-20220825,002,1795
954.4035,954.4122,28046,38001,Eptesicus serotinus,0.009,0.026,-1,Echolocation,/mnt/ubna_data_01_mir/recover-20220825/UBNA_002/20220823_033000.WAV,Telephone Field,recover-20220825,002,1795
954.4445,954.4503,48671,53553,Pipistrellus pipistrellus,0.014,0.027,-1,Echolocation,/mnt/ubna_data_01_mir/recover-20220825/UBNA_002/20220823_033000.WAV,Telephone Field,recover-20220825,002,1795
954.4445,954.451,40078,57419,Pipistrellus nathusii,0.618,0.633,-1,Echolocation,/mnt/ubna_data_01_mir/recover-20220825/UBNA_002/20220823_033000.WAV,Telephone Field,recover-20220825,002,1795
954.4755,954.4848,27187,37273,Eptesicus serotinus,0.011,0.024,-1,Echolocation,/mnt/ubna_data_01_mir/recover-20220825/UBNA_002/20220823_033000.WAV,Telephone Field,recover-20220825,002,1795
954.4865,954.4954,28046,39008,Eptesicus serotinus,0.009,0.023,-1,Echolocation,/mnt/ubna_data_01_mir/recover-20220825/UBNA_002/20220823_033000.WAV,Telephone Field,recover-20220825,002,1795
954.5095,954.5179,27187,49916,Eptesicus serotinus,0.009,0.025,-1,Echolocation,/mnt/ubna_data_01_mir/recover-20220825/UBNA_002/20220823_033000.WAV,Telephone Field,recover-20220825,002,1795
954.5325,954.54,28046,36093,Eptesicus serotinus,0.008,0.024,-1,Echolocation,/mnt/ubna_data_01_mir/recover-20220825/UBNA_002/20220823_033000.WAV,Telephone Field,recover-20220825,002,1795
954.5445,954.5514000000001,39218,57528,Pipistrellus nathusii,0.525,0.609,-1,Echolocation,/mnt/ubna_data_01_mir/recover-20220825/UBNA_002/20220823_033000.WAV,Telephone Field,recover-20220825,002,1795
954.5515,954.5653,21171,26471,Nyctalus noctula,0.01,0.027,-1,Echolocation,/mnt/ubna_data_01_mir/recover-20220825/UBNA_002/20220823_033000.WAV,Telephone Field,recover-20220825,002,1795
954.5525,954.5585,31484,44139,Myotis daubentonii,0.011,0.022,-1,Echolocation,/mnt/ubna_data_01_mir/recover-20220825/UBNA_002/20220823_033000.WAV,Telephone Field,recover-20220825,002,1795
954.6115,954.6495,68437,82487,Rhinolophus ferrumequinum,0.028,0.028,-1,Echolocation,/mnt/ubna_data_01_mir/recover-20220825/UBNA_002/20220823_033000.WAV,Telephone Field,recover-20220825,002,1795
954.6325,954.6416,38359,45695,Pipistrellus nathusii,0.011,0.023,-1,Echolocation,/mnt/ubna_data_01_mir/recover-20220825/UBNA_002/20220823_033000.WAV,Telephone Field,recover-20220825,002,1795
954.6365,954.6428,28046,35928,Eptesicus serotinus,0.008,0.029,-1,Echolocation,/mnt/ubna_data_01_mir/recover-20220825/UBNA_002/20220823_033000.WAV,Telephone Field,recover-20220825,002,1795
954.6455,954.6525,46953,57259,Pipistrellus pipistrellus,0.014,0.033,-1,Echolocation,/mnt/ubna_data_01_mir/recover-20220825/UBNA_002/20220823_033000.WAV,Telephone Field,recover-20220825,002,1795
954.6475,954.6553,39218,61773,Pipistrellus nathusii,0.581,0.661,-1,Echolocation,/mnt/ubna_data_01_mir/recover-20220825/UBNA_002/20220823_033000.WAV,Telephone Field,recover-20220825,002,1795
954.6475,954.6535,31484,63377,Myotis brandtii,0.014,0.033,-1,Echolocation,/mnt/ubna_data_01_mir/recover-20220825/UBNA_002/20220823_033000.WAV,Telephone Field,recover-20220825,002,1795
954.7345,954.7419,28046,39476,Eptesicus serotinus,0.008,0.027,-1,Echolocation,/mnt/ubna_data_01_mir/recover-20220825/UBNA_002/20220823_033000.WAV,Telephone Field,recover-20220825,002,1795
954.7365,954.7425,32343,41906,Myotis daubentonii,0.012,0.024,-1,Echolocation,/mnt/ubna_data_01_mir/recover-20220825/UBNA_002/20220823_033000.WAV,Telephone Field,recover-20220825,002,1795
954.7505,954.7572,47812,54667,Pipistrellus pipistrellus,0.021,0.034,-1,Echolocation,/mnt/ubna_data_01_mir/recover-20220825/UBNA_002/20220823_033000.WAV,Telephone Field,recover-20220825,002,1795
954.7525,954.7577,29765,63497,Myotis brandtii,0.015,0.048,-1,Echolocation,/mnt/ubna_data_01_mir/recover-20220825/UBNA_002/20220823_033000.WAV,Telephone Field,recover-20220825,002,1795
954.7525,954.7588,38359,58907,Pipistrellus nathusii,0.621,0.658,-1,Echolocation,/mnt/ubna_data_01_mir/recover-20220825/UBNA_002/20220823_033000.WAV,Telephone Field,recover-20220825,002,1795
954.7605,954.7677,26328,35931,Eptesicus serotinus,0.007,0.026,-1,Echolocation,/mnt/ubna_data_01_mir/recover-20220825/UBNA_002/20220823_033000.WAV,Telephone Field,recover-20220825,002,1795
954.8335,954.8698,68437,81816,Rhinolophus ferrumequinum,0.022,0.022,-1,Echolocation,/mnt/ubna_data_01_mir/recover-20220825/UBNA_002/20220823_033000.WAV,Telephone Field,recover-20220825,002,1795
954.8375,954.8458,28046,41357,Eptesicus serotinus,0.009,0.024,-1,Echolocation,/mnt/ubna_data_01_mir/recover-20220825/UBNA_002/20220823_033000.WAV,Telephone Field,recover-20220825,002,1795
954.8625,954.8697,28046,39462,Eptesicus serotinus,0.013,0.034,-1,Echolocation,/mnt/ubna_data_01_mir/recover-20220825/UBNA_002/20220823_033000.WAV,Telephone Field,recover-20220825,002,1795
954.8665,954.8743,55546,62764,Pipistrellus pygmaeus,0.025,0.025,-1,Echolocation,/mnt/ubna_data_01_mir/recover-20220825/UBNA_002/20220823_033000.WAV,Telephone Field,recover-20220825,002,1795
954.8995,954.9074,26328,36098,Eptesicus serotinus,0.008,0.026,-1,Echolocation,/mnt/ubna_data_01_mir/recover-20220825/UBNA_002/20220823_033000.WAV,Telephone Field,recover-20220825,002,1795
954.9075,954.9155,28046,34962,Eptesicus serotinus,0.007,0.023,-1,Echolocation,/mnt/ubna_data_01_mir/recover-20220825/UBNA_002/20220823_033000.WAV,Telephone Field,recover-20220825,002,1795
954.9215,954.9274,30625,62520,Myotis brandtii,0.014,0.042,-1,Echolocation,/mnt/ubna_data_01_mir/recover-20220825/UBNA_002/20220823_033000.WAV,Telephone Field,recover-20220825,002,1795
954.9215,954.9291,39218,60813,Pipistrellus nathusii,0.648,0.697,-1,Echolocation,/mnt/ubna_data_01_mir/recover-20220825/UBNA_002/20220823_033000.WAV,Telephone Field,recover-20220825,002,1795
954.9225,954.9293,50390,55066,Pipistrellus pipistrellus,0.018,0.032,-1,Echolocation,/mnt/ubna_data_01_mir/recover-20220825/UBNA_002/20220823_033000.WAV,Telephone Field,recover-20220825,002,1795
954.9255,954.9378,18593,24882,Nyctalus noctula,0.013,0.032,-1,Echolocation,/mnt/ubna_data_01_mir/recover-20220825/UBNA_002/20220823_033000.WAV,Telephone Field,recover-20220825,002,1795
954.9295,954.9348,31484,44705,Myotis daubentonii,0.011,0.024,-1,Echolocation,/mnt/ubna_data_01_mir/recover-20220825/UBNA_002/20220823_033000.WAV,Telephone Field,recover-20220825,002,1795
954.9335,954.9644,68437,80783,Rhinolophus ferrumequinum,0.022,0.023,-1,Echolocation,/mnt/ubna_data_01_mir/recover-20220825/UBNA_002/20220823_033000.WAV,Telephone Field,recover-20220825,002,1795
954.9505,954.9637,32343,36867,Pipistrellus nathusii,0.021,0.05,-1,Echolocation,/mnt/ubna_data_01_mir/recover-20220825/UBNA_002/20220823_033000.WAV,Telephone Field,recover-20220825,002,1795
954.9845,954.9903,28906,38642,Myotis daubentonii,0.006,0.031,-1,Echolocation,/mnt/ubna_data_01_mir/recover-20220825/UBNA_002/20220823_033000.WAV,Telephone Field,recover-20220825,002,1795
955.0235,955.0306,48671,55561,Pipistrellus pipistrellus,0.027,0.045,-1,Echolocation,/mnt/ubna_data_01_mir/recover-20220825/UBNA_002/20220823_033000.WAV,Telephone Field,recover-20220825,002,1795
955.0245,955.03,28906,70899,Myotis bechsteinii,0.032,0.058,-1,Echolocation,/mnt/ubna_data_01_mir/recover-20220825/UBNA_002/20220823_033000.WAV,Telephone Field,recover-20220825,002,1795
955.0255,955.0327,36640,64412,Pipistrellus nathusii,0.491,0.585,-1,Echolocation,/mnt/ubna_data_01_mir/recover-20220825/UBNA_002/20220823_033000.WAV,Telephone Field,recover-20220825,002,1795
955.0345,955.0403,26328,35439,Eptesicus serotinus,0.004,0.025,-1,Echolocation,/mnt/ubna_data_01_mir/recover-20220825/UBNA_002/20220823_033000.WAV,Telephone Field,recover-20220825,002,1795
955.0875,955.0932,34921,56077,Myotis brandtii,0.011,0.025,-1,Echolocation,/mnt/ubna_data_01_mir/recover-20220825/UBNA_002/20220823_033000.WAV,Telephone Field,recover-20220825,002,1795
955.0925,955.1045,24609,29879,Nyctalus leisleri,0.013,0.029,-1,Echolocation,/mnt/ubna_data_01_mir/recover-20220825/UBNA_002/20220823_033000.WAV,Telephone Field,recover-20220825,002,1795
955.1215,955.1561,68437,82191,Rhinolophus ferrumequinum,0.023,0.023,-1,Echolocation,/mnt/ubna_data_01_mir/recover-20220825/UBNA_002/20220823_033000.WAV,Telephone Field,recover-20220825,002,1795
955.1335,955.1414,55546,61084,Pipistrellus pygmaeus,0.08,0.085,-1,Echolocation,/mnt/ubna_data_01_mir/recover-20220825/UBNA_002/20220823_033000.WAV,Telephone Field,recover-20220825,002,1795
955.1335,955.1393,28906,62637,Myotis daubentonii,0.011,0.041,-1,Echolocation,/mnt/ubna_data_01_mir/recover-20220825/UBNA_002/20220823_033000.WAV,Telephone Field,recover-20220825,002,1795
955.1345,955.1422,37500,59811,Pipistrellus nathusii,0.691,0.723,-1,Echolocation,/mnt/ubna_data_01_mir/recover-20220825/UBNA_002/20220823_033000.WAV,Telephone Field,recover-20220825,002,1795
955.1415,955.1486,26328,35139,Eptesicus serotinus,0.006,0.024,-1,Echolocation,/mnt/ubna_data_01_mir/recover-20220825/UBNA_002/20220823_033000.WAV,Telephone Field,recover-20220825,002,1795
955.1965,955.2039,30625,48579,Myotis daubentonii,0.012,0.023,-1,Echolocation,/mnt/ubna_data_01_mir/recover-20220825/UBNA_002/20220823_033000.WAV,Telephone Field,recover-20220825,002,1795
955.1995,955.2079,57265,64831,Pipistrellus pygmaeus,0.026,0.026,-1,Echolocation,/mnt/ubna_data_01_mir/recover-20220825/UBNA_002/20220823_033000.WAV,Telephone Field,recover-20220825,002,1795
955.2155,955.2245,28906,36161,Eptesicus serotinus,0.008,0.022,-1,Echolocation,/mnt/ubna_data_01_mir/recover-20220825/UBNA_002/20220823_033000.WAV,Telephone Field,recover-20220825,002,1795
955.2345,955.2418,45234,55939,Pipistrellus pipistrellus,0.015,0.035,-1,Echolocation,/mnt/ubna_data_01_mir/recover-20220825/UBNA_002/20220823_033000.WAV,Telephone Field,recover-20220825,002,1795
955.2365,955.2447,37500,61475,Pipistrellus nathusii,0.635,0.69,-1,Echolocation,/mnt/ubna_data_01_mir/recover-20220825/UBNA_002/20220823_033000.WAV,Telephone Field,recover-20220825,002,1795
955.2435,955.2495,26328,36001,Myotis nattereri,0.004,0.022,-1,Echolocation,/mnt/ubna_data_01_mir/recover-20220825/UBNA_002/20220823_033000.WAV,Telephone Field,recover-20220825,002,1795
955.2455,955.2515,34062,45029,Myotis daubentonii,0.01,0.026,-1,Echolocation,/mnt/ubna_data_01_mir/recover-20220825/UBNA_002/20220823_033000.WAV,Telephone Field,recover-20220825,002,1795
955.3385,955.3454,50390,54888,Pipistrellus pipistrellus,0.025,0.044,-1,Echolocation,/mnt/ubna_data_01_mir/recover-20220825/UBNA_002/20220823_033000.WAV,Telephone Field,recover-20220825,002,1795
955.3405,955.3486,37500,62865,Pipistrellus nathusii,0.6,0.665,-1,Echolocation,/mnt/ubna_data_01_mir/recover-20220825/UBNA_002/20220823_033000.WAV,Telephone Field,recover-20220825,002,1795
955.3435,955.354,15156,22127,Nyctalus noctula,0.017,0.045,-1,Echolocation,/mnt/ubna_data_01_mir/recover-20220825/UBNA_002/20220823_033000.WAV,Telephone Field,recover-20220825,002,1795
955.3505,955.3567,35781,47704,Myotis brandtii,0.012,0.029,-1,Echolocation,/mnt/ubna_data_01_mir/recover-20220825/UBNA_002/20220823_033000.WAV,Telephone Field,recover-20220825,002,1795
955.3515,955.3612,27187,32836,Nyctalus leisleri,0.009,0.03,-1,Echolocation,/mnt/ubna_data_01_mir/recover-20220825/UBNA_002/20220823_033000.WAV,Telephone Field,recover-20220825,002,1795
955.3555,955.385,68437,81217,Rhinolophus ferrumequinum,0.024,0.024,-1,Echolocation,/mnt/ubna_data_01_mir/recover-20220825/UBNA_002/20220823_033000.WAV,Telephone Field,recover-20220825,002,1795
955.3885,955.3986,27187,34764,Eptesicus serotinus,0.016,0.03,-1,Echolocation,/mnt/ubna_data_01_mir/recover-20220825/UBNA_002/20220823_033000.WAV,Telephone Field,recover-20220825,002,1795
955.4135,955.4188,33203,53505,Myotis daubentonii,0.017,0.028,-1,Echolocation,/mnt/ubna_data_01_mir/recover-20220825/UBNA_002/20220823_033000.WAV,Telephone Field,recover-20220825,002,1795
955.4135,955.4312,22031,26082,Nyctalus leisleri,0.019,0.039,-1,Echolocation,/mnt/ubna_data_01_mir/recover-20220825/UBNA_002/20220823_033000.WAV,Telephone Field,recover-20220825,002,1795
955.4275,955.4352,28046,36990,Eptesicus serotinus,0.006,0.023,-1,Echolocation,/mnt/ubna_data_01_mir/recover-20220825/UBNA_002/20220823_033000.WAV,Telephone Field,recover-20220825,002,1795
955.4445,955.452,35781,60968,Pipistrellus nathusii,0.553,0.623,-1,Echolocation,/mnt/ubna_data_01_mir/recover-20220825/UBNA_002/20220823_033000.WAV,Telephone Field,recover-20220825,002,1795
955.4445,955.4511,28046,59354,Myotis bechsteinii,0.011,0.045,-1,Echolocation,/mnt/ubna_data_01_mir/recover-20220825/UBNA_002/20220823_033000.WAV,Telephone Field,recover-20220825,002,1795
955.4445,955.4511,54687,58927,Pipistrellus pygmaeus,0.044,0.046,-1,Echolocation,/mnt/ubna_data_01_mir/recover-20220825/UBNA_002/20220823_033000.WAV,Telephone Field,recover-20220825,002,1795
955.4535,955.461,27187,37321,Eptesicus serotinus,0.008,0.027,-1,Echolocation,/mnt/ubna_data_01_mir/recover-20220825/UBNA_002/20220823_033000.WAV,Telephone Field,recover-20220825,002,1795
955.4795,955.4874,28046,38912,Eptesicus serotinus,0.008,0.025,-1,Echolocation,/mnt/ubna_data_01_mir/recover-20220825/UBNA_002/20220823_033000.WAV,Telephone Field,recover-20220825,002,1795
955.4865,955.4936,48671,55019,Pipistrellus pipistrellus,0.026,0.032,-1,Echolocation,/mnt/ubna_data_01_mir/recover-20220825/UBNA_002/20220823_033000.WAV,Telephone Field,recover-20220825,002,1795
955.4885,955.5271,68437,82323,Rhinolophus ferrumequinum,0.041,0.041,-1,Echolocation,/mnt/ubna_data_01_mir/recover-20220825/UBNA_002/20220823_033000.WAV,Telephone Field,recover-20220825,002,1795
955.5505,955.5572,36640,66565,Pipistrellus nathusii,0.665,0.708,-1,Echolocation,/mnt/ubna_data_01_mir/recover-20220825/UBNA_002/20220823_033000.WAV,Telephone Field,recover-20220825,002,1795
955.5515,955.5569,50390,57733,Pipistrellus pipistrellus,0.021,0.039,-1,Echolocation,/mnt/ubna_data_01_mir/recover-20220825/UBNA_002/20220823_033000.WAV,Telephone Field,recover-20220825,002,1795
955.5555,955.5625,22890,38958,Myotis nattereri,0.01,0.027,-1,Echolocation,/mnt/ubna_data_01_mir/recover-20220825/UBNA_002/20220823_033000.WAV,Telephone Field,recover-20220825,002,1795
955.5815,955.5907,26328,35825,Eptesicus serotinus,0.009,0.023,-1,Echolocation,/mnt/ubna_data_01_mir/recover-20220825/UBNA_002/20220823_033000.WAV,Telephone Field,recover-20220825,002,1795
955.6115,955.6197,28906,39695,Myotis daubentonii,0.013,0.042,-1,Echolocation,/mnt/ubna_data_01_mir/recover-20220825/UBNA_002/20220823_033000.WAV,Telephone Field,recover-20220825,002,1795
955.6525,955.6604,50390,58185,Pipistrellus pygmaeus,0.022,0.037,-1,Echolocation,/mnt/ubna_data_01_mir/recover-20220825/UBNA_002/20220823_033000.WAV,Telephone Field,recover-20220825,002,1795
955.6555,955.6615,29765,63113,Barbastellus barbastellus,0.017,0.049,-1,Echolocation,/mnt/ubna_data_01_mir/recover-20220825/UBNA_002/20220823_033000.WAV,Telephone Field,recover-20220825,002,1795
955.6555,955.6626,37500,63053,Pipistrellus nathusii,0.59,0.642,-1,Echolocation,/mnt/ubna_data_01_mir/recover-20220825/UBNA_002/20220823_033000.WAV,Telephone Field,recover-20220825,002,1795
955.6645,955.6695,28046,39769,Myotis daubentonii,0.013,0.03,-1,Echolocation,/mnt/ubna_data_01_mir/recover-20220825/UBNA_002/20220823_033000.WAV,Telephone Field,recover-20220825,002,1795
955.6705,955.7054,68437,82192,Rhinolophus ferrumequinum,0.027,0.027,-1,Echolocation,/mnt/ubna_data_01_mir/recover-20220825/UBNA_002/20220823_033000.WAV,Telephone Field,recover-20220825,002,1795
955.7555,955.7653,16015,22287,Nyctalus noctula,0.02,0.04,-1,Echolocation,/mnt/ubna_data_01_mir/recover-20220825/UBNA_002/20220823_033000.WAV,Telephone Field,recover-20220825,002,1795
955.7565,955.7645,48671,56535,Pipistrellus pipistrellus,0.017,0.032,-1,Echolocation,/mnt/ubna_data_01_mir/recover-20220825/UBNA_002/20220823_033000.WAV,Telephone Field,recover-20220825,002,1795
955.7615,955.7686,37500,62437,Pipistrellus nathusii,0.628,0.683,-1,Echolocation,/mnt/ubna_data_01_mir/recover-20220825/UBNA_002/20220823_033000.WAV,Telephone Field,recover-20220825,002,1795
955.7625,955.7671,51250,56835,Pipistrellus pygmaeus,0.021,0.04,-1,Echolocation,/mnt/ubna_data_01_mir/recover-20220825/UBNA_002/20220823_033000.WAV,Telephone Field,recover-20220825,002,1795
955.7705,955.7762,29765,41379,Myotis daubentonii,0.013,0.027,-1,Echolocation,/mnt/ubna_data_01_mir/recover-20220825/UBNA_002/20220823_033000.WAV,Telephone Field,recover-20220825,002,1795
955.7985,955.8077,25468,34440,Eptesicus serotinus,0.008,0.023,-1,Echolocation,/mnt/ubna_data_01_mir/recover-20220825/UBNA_002/20220823_033000.WAV,Telephone Field,recover-20220825,002,1795
955.8345,955.8409,28046,41797,Eptesicus serotinus,0.009,0.036,-1,Echolocation,/mnt/ubna_data_01_mir/recover-20220825/UBNA_002/20220823_033000.WAV,Telephone Field,recover-20220825,002,1795
955.8575,955.8656,27187,36043,Eptesicus serotinus,0.008,0.024,-1,Echolocation,/mnt/ubna_data_01_mir/recover-20220825/UBNA_002/20220823_033000.WAV,Telephone Field,recover-20220825,002,1795
955.8695,955.9069,68437,82341,Rhinolophus ferrumequinum,0.023,0.023,-1,Echolocation,/mnt/ubna_data_01_mir/recover-20220825/UBNA_002/20220823_033000.WAV,Telephone Field,recover-20220825,002,1795
955.8705,955.8781,40078,52359,Myotis brandtii,0.008,0.022,-1,Echolocation,/mnt/ubna_data_01_mir/recover-20220825/UBNA_002/20220823_033000.WAV,Telephone Field,recover-20220825,002,1795
955.9325,955.9378,29765,59569,Barbastellus barbastellus,0.087,0.217,-1,Echolocation,/mnt/ubna_data_01_mir/recover-20220825/UBNA_002/20220823_033000.WAV,Telephone Field,recover-20220825,002,1795
955.9325,955.939,38359,62199,Pipistrellus nathusii,0.447,0.486,-1,Echolocation,/mnt/ubna_data_01_mir/recover-20220825/UBNA_002/20220823_033000.WAV,Telephone Field,recover-20220825,002,1795
955.9335,955.9382,52109,57989,Pipistrellus pygmaeus,0.039,0.047,-1,Echolocation,/mnt/ubna_data_01_mir/recover-20220825/UBNA_002/20220823_033000.WAV,Telephone Field,recover-20220825,002,1795
955.9425,955.9482,29765,41791,Myotis daubentonii,0.01,0.022,-1,Echolocation,/mnt/ubna_data_01_mir/recover-20220825/UBNA_002/20220823_033000.WAV,Telephone Field,recover-20220825,002,1795
955.9475,955.9812,68437,81230,Rhinolophus ferrumequinum,0.023,0.023,-1,Echolocation,/mnt/ubna_data_01_mir/recover-20220825/UBNA_002/20220823_033000.WAV,Telephone Field,recover-20220825,002,1795
956.0015,956.0088,46953,54680,Pipistrellus pipistrellus,0.014,0.023,-1,Echolocation,/mnt/ubna_data_01_mir/recover-20220825/UBNA_002/20220823_033000.WAV,Telephone Field,recover-20220825,002,1795
956.0015,956.0113,23750,31193,Nyctalus leisleri,0.009,0.029,-1,Echolocation,/mnt/ubna_data_01_mir/recover-20220825/UBNA_002/20220823_033000.WAV,Telephone Field,recover-20220825,002,1795
956.0015,956.0355,68437,79671,Rhinolophus ferrumequinum,0.031,0.032,-1,Echolocation,/mnt/ubna_data_01_mir/recover-20220825/UBNA_002/20220823_033000.WAV,Telephone Field,recover-20220825,002,1795
956.0405,956.0751,68437,81549,Rhinolophus ferrumequinum,0.027,0.027,-1,Echolocation,/mnt/ubna_data_01_mir/recover-20220825/UBNA_002/20220823_033000.WAV,Telephone Field,recover-20220825,002,1795
956.0415,956.0493,50390,61426,Pipistrellus pipistrellus,0.031,0.054,-1,Echolocation,/mnt/ubna_data_01_mir/recover-20220825/UBNA_002/20220823_033000.WAV,Telephone Field,recover-20220825,002,1795
956.0415,956.0492,36640,71643,Pipistrellus nathusii,0.292,0.381,-1,Echolocation,/mnt/ubna_data_01_mir/recover-20220825/UBNA_002/20220823_033000.WAV,Telephone Field,recover-20220825,002,1795
956.0415,956.0481,26328,84364,Myotis bechsteinii,0.085,0.129,-1,Echolocation,/mnt/ubna_data_01_mir/recover-20220825/UBNA_002/20220823_033000.WAV,Telephone Field,recover-20220825,002,1795
956.0455,956.0756,68437,82451,Rhinolophus ferrumequinum,0.025,0.025,-1,Echolocation,/mnt/ubna_data_01_mir/recover-20220825/UBNA_002/20220823_033000.WAV,Telephone Field,recover-20220825,002,1795
956.0505,956.0576,37500,50173,Myotis brandtii,0.011,0.025,-1,Echolocation,/mnt/ubna_data_01_mir/recover-20220825/UBNA_002/20220823_033000.WAV,Telephone Field,recover-20220825,002,1795
956.0525,956.085,68437,81689,Rhinolophus ferrumequinum,0.029,0.029,-1,Echolocation,/mnt/ubna_data_01_mir/recover-20220825/UBNA_002/20220823_033000.WAV,Telephone Field,recover-20220825,002,1795
956.1505,956.1569,38359,68124,Myotis brandtii,0.098,0.225,-1,Echolocation,/mnt/ubna_data_01_mir/recover-20220825/UBNA_002/20220823_033000.WAV,Telephone Field,recover-20220825,002,1795
956.1514999999999,956.1613,52109,61591,Pipistrellus pipistrellus,0.02,0.032,-1,Echolocation,/mnt/ubna_data_01_mir/recover-20220825/UBNA_002/20220823_033000.WAV,Telephone Field,recover-20220825,002,1795
956.1514999999999,956.1589,29765,78791,Myotis brandtii,0.227,0.315,-1,Echolocation,/mnt/ubna_data_01_mir/recover-20220825/UBNA_002/20220823_033000.WAV,Telephone Field,recover-20220825,002,1795
956.1595,956.166,36640,48112,Pipistrellus nathusii,0.011,0.025,-1,Echolocation,/mnt/ubna_data_01_mir/recover-20220825/UBNA_002/20220823_033000.WAV,Telephone Field,recover-20220825,002,1795
956.1615,956.1666,30625,43599,Myotis daubentonii,0.01,0.023,-1,Echolocation,/mnt/ubna_data_01_mir/recover-20220825/UBNA_002/20220823_033000.WAV,Telephone Field,recover-20220825,002,1795
956.2545,956.2627,38359,77194,Pipistrellus nathusii,0.456,0.519,-1,Echolocation,/mnt/ubna_data_01_mir/recover-20220825/UBNA_002/20220823_033000.WAV,Telephone Field,recover-20220825,002,1795
956.2555,956.2645,54687,70881,Pipistrellus pygmaeus,0.021,0.026,-1,Echolocation,/mnt/ubna_data_01_mir/recover-20220825/UBNA_002/20220823_033000.WAV,Telephone Field,recover-20220825,002,1795
956.2555,956.2619,26328,87402,Myotis bechsteinii,0.089,0.128,-1,Echolocation,/mnt/ubna_data_01_mir/recover-20220825/UBNA_002/20220823_033000.WAV,Telephone Field,recover-20220825,002,1795
956.2565,956.2643,46953,62632,Pipistrellus pipistrellus,0.019,0.032,-1,Echolocation,/mnt/ubna_data_01_mir/recover-20220825/UBNA_002/20220823_033000.WAV,Telephone Field,recover-20220825,002,1795
956.2635,956.269,37500,55474,Myotis brandtii,0.02,0.039,-1,Echolocation,/mnt/ubna_data_01_mir/recover-20220825/UBNA_002/20220823_033000.WAV,Telephone Field,recover-20220825,002,1795
956.3005,956.342,68437,82905,Rhinolophus ferrumequinum,0.021,0.022,-1,Echolocation,/mnt/ubna_data_01_mir/recover-20220825/UBNA_002/20220823_033000.WAV,Telephone Field,recover-20220825,002,1795
956.3095,956.3509,68437,82538,Rhinolophus ferrumequinum,0.022,0.022,-1,Echolocation,/mnt/ubna_data_01_mir/recover-20220825/UBNA_002/20220823_033000.WAV,Telephone Field,recover-20220825,002,1795
956.3325,956.3609,68437,79552,Rhinolophus ferrumequinum,0.023,0.023,-1,Echolocation,/mnt/ubna_data_01_mir/recover-20220825/UBNA_002/20220823_033000.WAV,Telephone Field,recover-20220825,002,1795
956.3445,956.3532,28046,34431,Eptesicus serotinus,0.008,0.021,-1,Echolocation,/mnt/ubna_data_01_mir/recover-20220825/UBNA_002/20220823_033000.WAV,Telephone Field,recover-20220825,002,1795
956.3585,956.3673,53828,62702,Pipistrellus pygmaeus,0.029,0.04,-1,Echolocation,/mnt/ubna_data_01_mir/recover-20220825/UBNA_002/20220823_033000.WAV,Telephone Field,recover-20220825,002,1795
956.3585,956.3661,38359,69739,Pipistrellus nathusii,0.496,0.566,-1,Echolocation,/mnt/ubna_data_01_mir/recover-20220825/UBNA_002/20220823_033000.WAV,Telephone Field,recover-20220825,002,1795
956.3675,956.375,38359,51719,Pipistrellus nathusii,0.032,0.051,-1,Echolocation,/mnt/ubna_data_01_mir/recover-20220825/UBNA_002/20220823_033000.WAV,Telephone Field,recover-20220825,002,1795
956.3685,956.3735,32343,54533,Myotis brandtii,0.014,0.024,-1,Echolocation,/mnt/ubna_data_01_mir/recover-20220825/UBNA_002/20220823_033000.WAV,Telephone Field,recover-20220825,002,1795
956.4315,956.4447,53828,62961,Pipistrellus pygmaeus,0.037,0.041,-1,Echolocation,/mnt/ubna_data_01_mir/recover-20220825/UBNA_002/20220823_033000.WAV,Telephone Field,recover-20220825,002,1795
956.4405,956.4474,40078,74054,Pipistrellus nathusii,0.25,0.43,-1,Echolocation,/mnt/ubna_data_01_mir/recover-20220825/UBNA_002/20220823_033000.WAV,Telephone Field,recover-20220825,002,1795
956.4415,956.4479,26328,90743,Myotis bechsteinii,0.139,0.175,-1,Echolocation,/mnt/ubna_data_01_mir/recover-20220825/UBNA_002/20220823_033000.WAV,Telephone Field,recover-20220825,002,1795
956.4495,956.4545,32343,54356,Myotis brandtii,0.013,0.024,-1,Echolocation,/mnt/ubna_data_01_mir/recover-20220825/UBNA_002/20220823_033000.WAV,Telephone Field,recover-20220825,002,1795
956.4845,956.4958,28046,35263,Eptesicus serotinus,0.014,0.027,-1,Echolocation,/mnt/ubna_data_01_mir/recover-20220825/UBNA_002/20220823_033000.WAV,Telephone Field,recover-20220825,002,1795
956.4885,956.5307,68437,82489,Rhinolophus ferrumequinum,0.022,0.022,-1,Echolocation,/mnt/ubna_data_01_mir/recover-20220825/UBNA_002/20220823_033000.WAV,Telephone Field,recover-20220825,002,1795
956.5135,956.522,28046,34555,Eptesicus serotinus,0.009,0.022,-1,Echolocation,/mnt/ubna_data_01_mir/recover-20220825/UBNA_002/20220823_033000.WAV,Telephone Field,recover-20220825,002,1795
956.5285,956.5360000000001,39218,75309,Pipistrellus nathusii,0.214,0.328,-1,Echolocation,/mnt/ubna_data_01_mir/recover-20220825/UBNA_002/20220823_033000.WAV,Telephone Field,recover-20220825,002,1795
956.5295,956.5379,48671,60365,Pipistrellus pipistrellus,0.014,0.024,-1,Echolocation,/mnt/ubna_data_01_mir/recover-20220825/UBNA_002/20220823_033000.WAV,Telephone Field,recover-20220825,002,1795
956.5295,956.5360000000001,26328,93821,Myotis bechsteinii,0.085,0.119,-1,Echolocation,/mnt/ubna_data_01_mir/recover-20220825/UBNA_002/20220823_033000.WAV,Telephone Field,recover-20220825,002,1795
956.5295,956.5581999999999,68437,83114,Rhinolophus ferrumequinum,0.021,0.021,-1,Echolocation,/mnt/ubna_data_01_mir/recover-20220825/UBNA_002/20220823_033000.WAV,Telephone Field,recover-20220825,002,1795
956.5375,956.5444,38359,54377,Pipistrellus nathusii,0.019,0.036,-1,Echolocation,/mnt/ubna_data_01_mir/recover-20220825/UBNA_002/20220823_033000.WAV,Telephone Field,recover-20220825,002,1795
956.5425,956.5754,68437,80496,Rhinolophus ferrumequinum,0.025,0.026,-1,Echolocation,/mnt/ubna_data_01_mir/recover-20220825/UBNA_002/20220823_033000.WAV,Telephone Field,recover-20220825,002,1795
956.5985000000001,956.6373,68437,82383,Rhinolophus ferrumequinum,0.031,0.031,-1,Echolocation,/mnt/ubna_data_01_mir/recover-20220825/UBNA_002/20220823_033000.WAV,Telephone Field,recover-20220825,002,1795
956.6165,956.6231,26328,93637,Myotis bechsteinii,0.154,0.244,-1,Echolocation,/mnt/ubna_data_01_mir/recover-20220825/UBNA_002/20220823_033000.WAV,Telephone Field,recover-20220825,002,1795
956.6165,956.6237,11718,84467,Myotis brandtii,0.019,0.037,-1,Echolocation,/mnt/ubna_data_01_mir/recover-20220825/UBNA_002/20220823_033000.WAV,Telephone Field,recover-20220825,002,1795
956.6165,956.6243,35781,82875,Myotis brandtii,0.163,0.194,-1,Echolocation,/mnt/ubna_data_01_mir/recover-20220825/UBNA_002/20220823_033000.WAV,Telephone Field,recover-20220825,002,1795
956.6245,956.6306,39218,55541,Pipistrellus nathusii,0.017,0.033,-1,Echolocation,/mnt/ubna_data_01_mir/recover-20220825/UBNA_002/20220823_033000.WAV,Telephone Field,recover-20220825,002,1795
956.6325,956.6652,68437,80565,Rhinolophus ferrumequinum,0.022,0.023,-1,Echolocation,/mnt/ubna_data_01_mir/recover-20220825/UBNA_002/20220823_033000.WAV,Telephone Field,recover-20220825,002,1795
956.6455,956.689,68437,83615,Rhinolophus ferrumequinum,0.042,0.042,-1,Echolocation,/mnt/ubna_data_01_mir/recover-20220825/UBNA_002/20220823_033000.WAV,Telephone Field,recover-20220825,002,1795
956.6745,956.6838,50390,54876,Pipistrellus pipistrellus,0.015,0.021,-1,Echolocation,/mnt/ubna_data_01_mir/recover-20220825/UBNA_002/20220823_033000.WAV,Telephone Field,recover-20220825,002,1795
956.7125,956.7196,25468,92104,Myotis bechsteinii,0.103,0.149,-1,Echolocation,/mnt/ubna_data_01_mir/recover-20220825/UBNA_002/20220823_033000.WAV,Telephone Field,recover-20220825,002,1795
956.7125,956.7199,35781,71460,Pipistrellus nathusii,0.203,0.412,-1,Echolocation,/mnt/ubna_data_01_mir/recover-20220825/UBNA_002/20220823_033000.WAV,Telephone Field,recover-20220825,002,1795
956.7195,956.7255,37500,56059,Myotis brandtii,0.015,0.03,-1,Echolocation,/mnt/ubna_data_01_mir/recover-20220825/UBNA_002/20220823_033000.WAV,Telephone Field,recover-20220825,002,1795
956.7265,956.76,68437,81198,Rhinolophus ferrumequinum,0.022,0.022,-1,Echolocation,/mnt/ubna_data_01_mir/recover-20220825/UBNA_002/20220823_033000.WAV,Telephone Field,recover-20220825,002,1795
956.7435,956.7526,36640,41994,Pipistrellus nathusii,0.012,0.025,-1,Echolocation,/mnt/ubna_data_01_mir/recover-20220825/UBNA_002/20220823_033000.WAV,Telephone Field,recover-20220825,002,1795
956.7945,956.8035,37500,43882,Pipistrellus nathusii,0.008,0.031,-1,Echolocation,/mnt/ubna_data_01_mir/recover-20220825/UBNA_002/20220823_033000.WAV,Telephone Field,recover-20220825,002,1795
956.8425,956.8517,26328,38195,Eptesicus serotinus,0.01,0.025,-1,Echolocation,/mnt/ubna_data_01_mir/recover-20220825/UBNA_002/20220823_033000.WAV,Telephone Field,recover-20220825,002,1795
956.8705,956.8773,42656,63819,Pipistrellus nathusii,0.026,0.059,-1,Echolocation,/mnt/ubna_data_01_mir/recover-20220825/UBNA_002/20220823_033000.WAV,Telephone Field,recover-20220825,002,1795
956.8715,956.8788,34921,87009,Myotis brandtii,0.478,0.537,-1,Echolocation,/mnt/ubna_data_01_mir/recover-20220825/UBNA_002/20220823_033000.WAV,Telephone Field,recover-20220825,002,1795
956.9625,956.9733,49531,54700,Pipistrellus pygmaeus,0.042,0.08,-1,Echolocation,/mnt/ubna_data_01_mir/recover-20220825/UBNA_002/20220823_033000.WAV,Telephone Field,recover-20220825,002,1795
956.9655,956.9734,34062,77725,Myotis brandtii,0.304,0.362,-1,Echolocation,/mnt/ubna_data_01_mir/recover-20220825/UBNA_002/20220823_033000.WAV,Telephone Field,recover-20220825,002,1795
956.9655,956.9725,25468,90283,Myotis bechsteinii,0.105,0.16,-1,Echolocation,/mnt/ubna_data_01_mir/recover-20220825/UBNA_002/20220823_033000.WAV,Telephone Field,recover-20220825,002,1795
956.9665,956.9966,68437,82119,Rhinolophus ferrumequinum,0.021,0.021,-1,Echolocation,/mnt/ubna_data_01_mir/recover-20220825/UBNA_002/20220823_033000.WAV,Telephone Field,recover-20220825,002,1795
956.9725,956.9797,40937,56513,Pipistrellus nathusii,0.044,0.052,-1,Echolocation,/mnt/ubna_data_01_mir/recover-20220825/UBNA_002/20220823_033000.WAV,Telephone Field,recover-20220825,002,1795
956.9755,956.9814,28906,44543,Myotis daubentonii,0.008,0.022,-1,Echolocation,/mnt/ubna_data_01_mir/recover-20220825/UBNA_002/20220823_033000.WAV,Telephone Field,recover-20220825,002,1795
956.9805,957.0127,68437,81246,Rhinolophus ferrumequinum,0.021,0.021,-1,Echolocation,/mnt/ubna_data_01_mir/recover-20220825/UBNA_002/20220823_033000.WAV,Telephone Field,recover-20220825,002,1795
957.0075,957.0179,27187,35146,Eptesicus serotinus,0.009,0.022,-1,Echolocation,/mnt/ubna_data_01_mir/recover-20220825/UBNA_002/20220823_033000.WAV,Telephone Field,recover-20220825,002,1795
957.0305,957.0417,28046,35659,Eptesicus serotinus,0.011,0.024,-1,Echolocation,/mnt/ubna_data_01_mir/recover-20220825/UBNA_002/20220823_033000.WAV,Telephone Field,recover-20220825,002,1795
957.0415,957.0485,47812,52458,Pipistrellus pipistrellus,0.023,0.027,-1,Echolocation,/mnt/ubna_data_01_mir/recover-20220825/UBNA_002/20220823_033000.WAV,Telephone Field,recover-20220825,002,1795
957.0585,957.0647,38359,74624,Myotis brandtii,0.209,0.255,-1,Echolocation,/mnt/ubna_data_01_mir/recover-20220825/UBNA_002/20220823_033000.WAV,Telephone Field,recover-20220825,002,1795
957.0595,957.0694,53828,62063,Pipistrellus pygmaeus,0.041,0.048,-1,Echolocation,/mnt/ubna_data_01_mir/recover-20220825/UBNA_002/20220823_033000.WAV,Telephone Field,recover-20220825,002,1795
957.0605,957.0702,43515,56193,Pipistrellus nathusii,0.266,0.27,-1,Echolocation,/mnt/ubna_data_01_mir/recover-20220825/UBNA_002/20220823_033000.WAV,Telephone Field,recover-20220825,002,1795
957.0685,957.0775,26328,37036,Eptesicus serotinus,0.008,0.022,-1,Echolocation,/mnt/ubna_data_01_mir/recover-20220825/UBNA_002/20220823_033000.WAV,Telephone Field,recover-20220825,002,1795
957.1055,957.1152,50390,58317,Pipistrellus pipistrellus,0.024,0.032,-1,Echolocation,/mnt/ubna_data_01_mir/recover-20220825/UBNA_002/20220823_033000.WAV,Telephone Field,recover-20220825,002,1795
957.1565,957.1644,34921,83742,Myotis brandtii,0.422,0.461,-1,Echolocation,/mnt/ubna_data_01_mir/recover-20220825/UBNA_002/20220823_033000.WAV,Telephone Field,recover-20220825,002,1795
957.1655,957.1709,34062,57545,Myotis brandtii,0.015,0.022,-1,Echolocation,/mnt/ubna_data_01_mir/recover-20220825/UBNA_002/20220823_033000.WAV,Telephone Field,recover-20220825,002,1795
957.1935,957.2025,26328,35113,Eptesicus serotinus,0.008,0.023,-1,Echolocation,/mnt/ubna_data_01_mir/recover-20220825/UBNA_002/20220823_033000.WAV,Telephone Field,recover-20220825,002,1795
957.2265,957.2349,54687,62844,Pipistrellus pygmaeus,0.02,0.022,-1,Echolocation,/mnt/ubna_data_01_mir/recover-20220825/UBNA_002/20220823_033000.WAV,Telephone Field,recover-20220825,002,1795
957.2315,957.2387,36640,46472,Myotis brandtii,0.01,0.029,-1,Echolocation,/mnt/ubna_data_01_mir/recover-20220825/UBNA_002/20220823_033000.WAV,Telephone Field,recover-20220825,002,1795
957.2565,957.2635,40937,70359,Myotis brandtii,0.242,0.446,-1,Echolocation,/mnt/ubna_data_01_mir/recover-20220825/UBNA_002/20220823_033000.WAV,Telephone Field,recover-20220825,002,1795
957.2575,957.263,26328,89719,Myotis bechsteinii,0.05,0.087,-1,Echolocation,/mnt/ubna_data_01_mir/recover-20220825/UBNA_002/20220823_033000.WAV,Telephone Field,recover-20220825,002,1795
957.2945,957.3019,28046,39295,Eptesicus serotinus,0.007,0.021,-1,Echolocation,/mnt/ubna_data_01_mir/recover-20220825/UBNA_002/20220823_033000.WAV,Telephone Field,recover-20220825,002,1795
957.3375,957.3435,33203,43150,Myotis daubentonii,0.007,0.021,-1,Echolocation,/mnt/ubna_data_01_mir/recover-20220825/UBNA_002/20220823_033000.WAV,Telephone Field,recover-20220825,002,1795
957.3515,957.3588,40078,73160,Pipistrellus nathusii,0.253,0.4,-1,Echolocation,/mnt/ubna_data_01_mir/recover-20220825/UBNA_002/20220823_033000.WAV,Telephone Field,recover-20220825,002,1795
957.3525,957.3577,50390,61524,Pipistrellus pygmaeus,0.014,0.029,-1,Echolocation,/mnt/ubna_data_01_mir/recover-20220825/UBNA_002/20220823_033000.WAV,Telephone Field,recover-20220825,002,1795
957.3615,957.3666,32343,53081,Myotis brandtii,0.013,0.022,-1,Echolocation,/mnt/ubna_data_01_mir/recover-20220825/UBNA_002/20220823_033000.WAV,Telephone Field,recover-20220825,002,1795
957.4335,957.4398,30625,40800,Myotis daubentonii,0.008,0.022,-1,Echolocation,/mnt/ubna_data_01_mir/recover-20220825/UBNA_002/20220823_033000.WAV,Telephone Field,recover-20220825,002,1795
957.4485,957.4551,40078,67653,Myotis brandtii,0.219,0.395,-1,Echolocation,/mnt/ubna_data_01_mir/recover-20220825/UBNA_002/20220823_033000.WAV,Telephone Field,recover-20220825,002,1795
957.4715,957.4793,27187,38311,Eptesicus serotinus,0.009,0.024,-1,Echolocation,/mnt/ubna_data_01_mir/recover-20220825/UBNA_002/20220823_033000.WAV,Telephone Field,recover-20220825,002,1795
957.5015,957.5108,26328,36087,Eptesicus serotinus,0.019,0.035,-1,Echolocation,/mnt/ubna_data_01_mir/recover-20220825/UBNA_002/20220823_033000.WAV,Telephone Field,recover-20220825,002,1795
957.5075,957.5154,55546,64465,Pipistrellus pygmaeus,0.037,0.037,-1,Echolocation,/mnt/ubna_data_01_mir/recover-20220825/UBNA_002/20220823_033000.WAV,Telephone Field,recover-20220825,002,1795
957.5365,957.5458,50390,56905,Pipistrellus pygmaeus,0.026,0.04,-1,Echolocation,/mnt/ubna_data_01_mir/recover-20220825/UBNA_002/20220823_033000.WAV,Telephone Field,recover-20220825,002,1795
957.5385,957.5463,34062,76156,Myotis brandtii,0.328,0.384,-1,Echolocation,/mnt/ubna_data_01_mir/recover-20220825/UBNA_002/20220823_033000.WAV,Telephone Field,recover-20220825,002,1795
957.5475,957.5524,31484,50957,Myotis brandtii,0.011,0.021,-1,Echolocation,/mnt/ubna_data_01_mir/recover-20220825/UBNA_002/20220823_033000.WAV,Telephone Field,recover-20220825,002,1795
957.5895,957.6275,68437,81542,Rhinolophus ferrumequinum,0.021,0.021,-1,Echolocation,/mnt/ubna_data_01_mir/recover-20220825/UBNA_002/20220823_033000.WAV,Telephone Field,recover-20220825,002,1795
957.6295,957.6396,41796,48753,Pipistrellus nathusii,0.295,0.332,-1,Echolocation,/mnt/ubna_data_01_mir/recover-20220825/UBNA_002/20220823_033000.WAV,Telephone Field,recover-20220825,002,1795
957.6295,957.6346,30625,72736,Myotis brandtii,0.029,0.041,-1,Echolocation,/mnt/ubna_data_01_mir/recover-20220825/UBNA_002/20220823_033000.WAV,Telephone Field,recover-20220825,002,1795
957.6365,957.6742,68437,83105,Rhinolophus ferrumequinum,0.032,0.032,-1,Echolocation,/mnt/ubna_data_01_mir/recover-20220825/UBNA_002/20220823_033000.WAV,Telephone Field,recover-20220825,002,1795
957.6405,957.6514999999999,28046,35126,Eptesicus serotinus,0.012,0.025,-1,Echolocation,/mnt/ubna_data_01_mir/recover-20220825/UBNA_002/20220823_033000.WAV,Telephone Field,recover-20220825,002,1795
957.6795,957.6852,37500,60384,Myotis brandtii,0.02,0.027,-1,Echolocation,/mnt/ubna_data_01_mir/recover-20220825/UBNA_002/20220823_033000.WAV,Telephone Field,recover-20220825,002,1795
957.6795,957.7176,68437,82284,Rhinolophus ferrumequinum,0.021,0.021,-1,Echolocation,/mnt/ubna_data_01_mir/recover-20220825/UBNA_002/20220823_033000.WAV,Telephone Field,recover-20220825,002,1795
957.6965,957.7038,26328,38268,Eptesicus serotinus,0.007,0.022,-1,Echolocation,/mnt/ubna_data_01_mir/recover-20220825/UBNA_002/20220823_033000.WAV,Telephone Field,recover-20220825,002,1795
957.7135,957.7499,68437,81671,Rhinolophus ferrumequinum,0.021,0.021,-1,Echolocation,/mnt/ubna_data_01_mir/recover-20220825/UBNA_002/20220823_033000.WAV,Telephone Field,recover-20220825,002,1795
957.7215,957.7288,27187,39302,Eptesicus serotinus,0.007,0.023,-1,Echolocation,/mnt/ubna_data_01_mir/recover-20220825/UBNA_002/20220823_033000.WAV,Telephone Field,recover-20220825,002,1795
957.7665,957.7764,41796,55287,Pipistrellus nathusii,0.255,0.356,-1,Echolocation,/mnt/ubna_data_01_mir/recover-20220825/UBNA_002/20220823_033000.WAV,Telephone Field,recover-20220825,002,1795
957.8605,957.871,44375,53955,Pipistrellus nathusii,0.022,0.036,-1,Echolocation,/mnt/ubna_data_01_mir/recover-20220825/UBNA_002/20220823_033000.WAV,Telephone Field,recover-20220825,002,1795
957.8655,957.8714,30625,64408,Myotis brandtii,0.012,0.021,-1,Echolocation,/mnt/ubna_data_01_mir/recover-20220825/UBNA_002/20220823_033000.WAV,Telephone Field,recover-20220825,002,1795
957.9175,957.9251,42656,56997,Myotis brandtii,0.012,0.025,-1,Echolocation,/mnt/ubna_data_01_mir/recover-20220825/UBNA_002/20220823_033000.WAV,Telephone Field,recover-20220825,002,1795
957.9445,957.9543,40078,53480,Pipistrellus nathusii,0.238,0.32,-1,Echolocation,/mnt/ubna_data_01_mir/recover-20220825/UBNA_002/20220823_033000.WAV,Telephone Field,recover-20220825,002,1795
957.9675,957.9761,54687,59159,Pipistrellus pygmaeus,0.021,0.023,-1,Echolocation,/mnt/ubna_data_01_mir/recover-20220825/UBNA_002/20220823_033000.WAV,Telephone Field,recover-20220825,002,1795
958.0015,958.0282,69296,81801,Rhinolophus ferrumequinum,0.026,0.026,-1,Echolocation,/mnt/ubna_data_01_mir/recover-20220825/UBNA_002/20220823_033000.WAV,Telephone Field,recover-20220825,002,1795
958.0015,958.0099,22031,28097,Nyctalus leisleri,0.009,0.027,-1,Echolocation,/mnt/ubna_data_01_mir/recover-20220825/UBNA_002/20220823_033000.WAV,Telephone Field,recover-20220825,002,1795
958.0145,958.0228,27187,38236,Eptesicus serotinus,0.007,0.022,-1,Echolocation,/mnt/ubna_data_01_mir/recover-20220825/UBNA_002/20220823_033000.WAV,Telephone Field,recover-20220825,002,1795
958.0165,958.0564,68437,82451,Rhinolophus ferrumequinum,0.023,0.023,-1,Echolocation,/mnt/ubna_data_01_mir/recover-20220825/UBNA_002/20220823_033000.WAV,Telephone Field,recover-20220825,002,1795
958.0255,958.034,27187,37905,Eptesicus serotinus,0.008,0.022,-1,Echolocation,/mnt/ubna_data_01_mir/recover-20220825/UBNA_002/20220823_033000.WAV,Telephone Field,recover-20220825,002,1795
958.0435,958.0524,27187,35965,Eptesicus serotinus,0.009,0.026,-1,Echolocation,/mnt/ubna_data_01_mir/recover-20220825/UBNA_002/20220823_033000.WAV,Telephone Field,recover-20220825,002,1795
958.0455,958.0579,43515,45539,Pipistrellus pipistrellus,0.053,0.064,-1,Echolocation,/mnt/ubna_data_01_mir/recover-20220825/UBNA_002/20220823_033000.WAV,Telephone Field,recover-20220825,002,1795
958.0475,958.0539,32343,42894,Myotis daubentonii,0.009,0.021,-1,Echolocation,/mnt/ubna_data_01_mir/recover-20220825/UBNA_002/20220823_033000.WAV,Telephone Field,recover-20220825,002,1795
958.0615,958.069,27187,37351,Eptesicus serotinus,0.006,0.021,-1,Echolocation,/mnt/ubna_data_01_mir/recover-20220825/UBNA_002/20220823_033000.WAV,Telephone Field,recover-20220825,002,1795
958.0685,958.0768,26328,36287,Eptesicus serotinus,0.007,0.021,-1,Echolocation,/mnt/ubna_data_01_mir/recover-20220825/UBNA_002/20220823_033000.WAV,Telephone Field,recover-20220825,002,1795
958.0705,958.079,37500,45271,Pipistrellus nathusii,0.033,0.067,-1,Echolocation,/mnt/ubna_data_01_mir/recover-20220825/UBNA_002/20220823_033000.WAV,Telephone Field,recover-20220825,002,1795
958.1035,958.1117,40937,50035,Pipistrellus nathusii,0.095,0.179,-1,Echolocation,/mnt/ubna_data_01_mir/recover-20220825/UBNA_002/20220823_033000.WAV,Telephone Field,recover-20220825,002,1795
958.1195,958.1274,27187,38021,Eptesicus serotinus,0.008,0.026,-1,Echolocation,/mnt/ubna_data_01_mir/recover-20220825/UBNA_002/20220823_033000.WAV,Telephone Field,recover-20220825,002,1795
958.1665,958.1754,40078,51260,Pipistrellus nathusii,0.237,0.338,-1,Echolocation,/mnt/ubna_data_01_mir/recover-20220825/UBNA_002/20220823_033000.WAV,Telephone Field,recover-20220825,002,1795
958.1875,958.2283,68437,82839,Rhinolophus ferrumequinum,0.022,0.022,-1,Echolocation,/mnt/ubna_data_01_mir/recover-20220825/UBNA_002/20220823_033000.WAV,Telephone Field,recover-20220825,002,1795
958.1885,958.196,27187,37727,Eptesicus serotinus,0.007,0.023,-1,Echolocation,/mnt/ubna_data_01_mir/recover-20220825/UBNA_002/20220823_033000.WAV,Telephone Field,recover-20220825,002,1795
958.1945,958.2021,27187,38189,Eptesicus serotinus,0.008,0.024,-1,Echolocation,/mnt/ubna_data_01_mir/recover-20220825/UBNA_002/20220823_033000.WAV,Telephone Field,recover-20220825,002,1795
958.2175,958.2245,51250,58024,Pipistrellus pipistrellus,0.019,0.023,-1,Echolocation,/mnt/ubna_data_01_mir/recover-20220825/UBNA_002/20220823_033000.WAV,Telephone Field,recover-20220825,002,1795
958.2435,958.2825,68437,81739,Rhinolophus ferrumequinum,0.021,0.022,-1,Echolocation,/mnt/ubna_data_01_mir/recover-20220825/UBNA_002/20220823_033000.WAV,Telephone Field,recover-20220825,002,1795
958.2575,958.2696,40078,47601,Pipistrellus nathusii,0.161,0.189,-1,Echolocation,/mnt/ubna_data_01_mir/recover-20220825/UBNA_002/20220823_033000.WAV,Telephone Field,recover-20220825,002,1795
958.2915,958.3326,68437,82013,Rhinolophus ferrumequinum,0.021,0.021,-1,Echolocation,/mnt/ubna_data_01_mir/recover-20220825/UBNA_002/20220823_033000.WAV,Telephone Field,recover-20220825,002,1795
958.3025,958.3136,23750,29269,Nyctalus leisleri,0.011,0.026,-1,Echolocation,/mnt/ubna_data_01_mir/recover-20220825/UBNA_002/20220823_033000.WAV,Telephone Field,recover-20220825,002,1795
958.3495,958.3579,26328,35445,Eptesicus serotinus,0.01,0.029,-1,Echolocation,/mnt/ubna_data_01_mir/recover-20220825/UBNA_002/20220823_033000.WAV,Telephone Field,recover-20220825,002,1795
958.3495,958.3872,68437,81651,Rhinolophus ferrumequinum,0.022,0.022,-1,Echolocation,/mnt/ubna_data_01_mir/recover-20220825/UBNA_002/20220823_033000.WAV,Telephone Field,recover-20220825,002,1795
958.3535,958.363,43515,47533,Pipistrellus nathusii,0.028,0.045,-1,Echolocation,/mnt/ubna_data_01_mir/recover-20220825/UBNA_002/20220823_033000.WAV,Telephone Field,recover-20220825,002,1795
958.3555,958.3624,31484,44821,Barbastellus barbastellus,0.01,0.029,-1,Echolocation,/mnt/ubna_data_01_mir/recover-20220825/UBNA_002/20220823_033000.WAV,Telephone Field,recover-20220825,002,1795
958.3805,958.392,23750,28954,Nyctalus leisleri,0.011,0.026,-1,Echolocation,/mnt/ubna_data_01_mir/recover-20220825/UBNA_002/20220823_033000.WAV,Telephone Field,recover-20220825,002,1795
958.3945,958.4353,68437,81541,Rhinolophus ferrumequinum,0.024,0.024,-1,Echolocation,/mnt/ubna_data_01_mir/recover-20220825/UBNA_002/20220823_033000.WAV,Telephone Field,recover-20220825,002,1795
958.4245,958.4328,43515,51888,Pipistrellus pipistrellus,0.01,0.021,-1,Echolocation,/mnt/ubna_data_01_mir/recover-20220825/UBNA_002/20220823_033000.WAV,Telephone Field,recover-20220825,002,1795
958.4265,958.4343,27187,36597,Eptesicus serotinus,0.008,0.023,-1,Echolocation,/mnt/ubna_data_01_mir/recover-20220825/UBNA_002/20220823_033000.WAV,Telephone Field,recover-20220825,002,1795
958.4495,958.4888,68437,81384,Rhinolophus ferrumequinum,0.031,0.031,-1,Echolocation,/mnt/ubna_data_01_mir/recover-20220825/UBNA_002/20220823_033000.WAV,Telephone Field,recover-20220825,002,1795
958.4535,958.4619,41796,50003,Pipistrellus nathusii,0.025,0.042,-1,Echolocation,/mnt/ubna_data_01_mir/recover-20220825/UBNA_002/20220823_033000.WAV,Telephone Field,recover-20220825,002,1795
958.4845,958.4928,27187,34911,Eptesicus serotinus,0.009,0.023,-1,Echolocation,/mnt/ubna_data_01_mir/recover-20220825/UBNA_002/20220823_033000.WAV,Telephone Field,recover-20220825,002,1795
958.4985,958.5347,68437,81005,Rhinolophus ferrumequinum,0.021,0.021,-1,Echolocation,/mnt/ubna_data_01_mir/recover-20220825/UBNA_002/20220823_033000.WAV,Telephone Field,recover-20220825,002,1795
958.5485,958.5598,45234,48538,Pipistrellus pipistrellus,0.036,0.044,-1,Echolocation,/mnt/ubna_data_01_mir/recover-20220825/UBNA_002/20220823_033000.WAV,Telephone Field,recover-20220825,002,1795
958.5765,958.6115,68437,81249,Rhinolophus ferrumequinum,0.024,0.024,-1,Echolocation,/mnt/ubna_data_01_mir/recover-20220825/UBNA_002/20220823_033000.WAV,Telephone Field,recover-20220825,002,1795
958.5935,958.5992,34062,50846,Myotis daubentonii,0.02,0.04,-1,Echolocation,/mnt/ubna_data_01_mir/recover-20220825/UBNA_002/20220823_033000.WAV,Telephone Field,recover-20220825,002,1795
958.6285,958.6699,68437,82893,Rhinolophus ferrumequinum,0.024,0.024,-1,Echolocation,/mnt/ubna_data_01_mir/recover-20220825/UBNA_002/20220823_033000.WAV,Telephone Field,recover-20220825,002,1795
958.6555,958.6629,26328,36120,Eptesicus serotinus,0.006,0.022,-1,Echolocation,/mnt/ubna_data_01_mir/recover-20220825/UBNA_002/20220823_033000.WAV,Telephone Field,recover-20220825,002,1795
958.6665,958.6758,40937,51336,Pipistrellus nathusii,0.011,0.026,-1,Echolocation,/mnt/ubna_data_01_mir/recover-20220825/UBNA_002/20220823_033000.WAV,Telephone Field,recover-20220825,002,1795
958.6675,958.6742,27187,40920,Myotis daubentonii,0.007,0.021,-1,Echolocation,/mnt/ubna_data_01_mir/recover-20220825/UBNA_002/20220823_033000.WAV,Telephone Field,recover-20220825,002,1795
958.6855,958.7185,68437,80430,Rhinolophus ferrumequinum,0.021,0.021,-1,Echolocation,/mnt/ubna_data_01_mir/recover-20220825/UBNA_002/20220823_033000.WAV,Telephone Field,recover-20220825,002,1795
958.6945,958.7076,23750,28836,Nyctalus leisleri,0.012,0.027,-1,Echolocation,/mnt/ubna_data_01_mir/recover-20220825/UBNA_002/20220823_033000.WAV,Telephone Field,recover-20220825,002,1795
958.7185,958.7256,26328,36541,Eptesicus serotinus,0.006,0.023,-1,Echolocation,/mnt/ubna_data_01_mir/recover-20220825/UBNA_002/20220823_033000.WAV,Telephone Field,recover-20220825,002,1795
958.7345,958.7458,24609,29793,Nyctalus leisleri,0.009,0.022,-1,Echolocation,/mnt/ubna_data_01_mir/recover-20220825/UBNA_002/20220823_033000.WAV,Telephone Field,recover-20220825,002,1795
958.7405,958.7781,68437,81607,Rhinolophus ferrumequinum,0.022,0.022,-1,Echolocation,/mnt/ubna_data_01_mir/recover-20220825/UBNA_002/20220823_033000.WAV,Telephone Field,recover-20220825,002,1795
958.7485,958.788,68437,81802,Rhinolophus ferrumequinum,0.021,0.021,-1,Echolocation,/mnt/ubna_data_01_mir/recover-20220825/UBNA_002/20220823_033000.WAV,Telephone Field,recover-20220825,002,1795
958.7595,958.7667,27187,36691,Eptesicus serotinus,0.008,0.026,-1,Echolocation,/mnt/ubna_data_01_mir/recover-20220825/UBNA_002/20220823_033000.WAV,Telephone Field,recover-20220825,002,1795
958.7875,958.7978,22890,27231,Nyctalus leisleri,0.011,0.022,-1,Echolocation,/mnt/ubna_data_01_mir/recover-20220825/UBNA_002/20220823_033000.WAV,Telephone Field,recover-20220825,002,1795
958.8185,958.8603,68437,82580,Rhinolophus ferrumequinum,0.022,0.022,-1,Echolocation,/mnt/ubna_data_01_mir/recover-20220825/UBNA_002/20220823_033000.WAV,Telephone Field,recover-20220825,002,1795
958.8245,958.8319,27187,37471,Eptesicus serotinus,0.007,0.021,-1,Echolocation,/mnt/ubna_data_01_mir/recover-20220825/UBNA_002/20220823_033000.WAV,Telephone Field,recover-20220825,002,1795
958.8435,958.8489,38359,46820,Pipistrellus nathusii,0.184,0.402,-1,Echolocation,/mnt/ubna_data_01_mir/recover-20220825/UBNA_002/20220823_033000.WAV,Telephone Field,recover-20220825,002,1795
958.8535,958.8622,26328,32406,Eptesicus serotinus,0.006,0.021,-1,Echolocation,/mnt/ubna_data_01_mir/recover-20220825/UBNA_002/20220823_033000.WAV,Telephone Field,recover-20220825,002,1795
958.8665,958.9037,68437,81318,Rhinolophus ferrumequinum,0.022,0.022,-1,Echolocation,/mnt/ubna_data_01_mir/recover-20220825/UBNA_002/20220823_033000.WAV,Telephone Field,recover-20220825,002,1795
958.8795,958.8867,49531,56748,Pipistrellus pipistrellus,0.024,0.028,-1,Echolocation,/mnt/ubna_data_01_mir/recover-20220825/UBNA_002/20220823_033000.WAV,Telephone Field,recover-20220825,002,1795
958.8865,958.8967,24609,31230,Eptesicus serotinus,0.008,0.023,-1,Echolocation,/mnt/ubna_data_01_mir/recover-20220825/UBNA_002/20220823_033000.WAV,Telephone Field,recover-20220825,002,1795
958.9065,958.9146,39218,47874,Pipistrellus nathusii,0.008,0.024,-1,Echolocation,/mnt/ubna_data_01_mir/recover-20220825/UBNA_002/20220823_033000.WAV,Telephone Field,recover-20220825,002,1795
958.9115,958.9489,68437,81902,Rhinolophus ferrumequinum,0.023,0.023,-1,Echolocation,/mnt/ubna_data_01_mir/recover-20220825/UBNA_002/20220823_033000.WAV,Telephone Field,recover-20220825,002,1795
958.9165,958.9554,68437,82638,Rhinolophus ferrumequinum,0.023,0.023,-1,Echolocation,/mnt/ubna_data_01_mir/recover-20220825/UBNA_002/20220823_033000.WAV,Telephone Field,recover-20220825,002,1795
958.9185,958.9253,27187,35878,Eptesicus serotinus,0.006,0.022,-1,Echolocation,/mnt/ubna_data_01_mir/recover-20220825/UBNA_002/20220823_033000.WAV,Telephone Field,recover-20220825,002,1795
958.9385,958.9439,40937,50782,Pipistrellus nathusii,0.098,0.232,-1,Echolocation,/mnt/ubna_data_01_mir/recover-20220825/UBNA_002/20220823_033000.WAV,Telephone Field,recover-20220825,002,1795
958.9435,958.9499,27187,43263,Myotis daubentonii,0.014,0.034,-1,Echolocation,/mnt/ubna_data_01_mir/recover-20220825/UBNA_002/20220823_033000.WAV,Telephone Field,recover-20220825,002,1795
958.9595,958.9978,68437,81952,Rhinolophus ferrumequinum,0.021,0.021,-1,Echolocation,/mnt/ubna_data_01_mir/recover-20220825/UBNA_002/20220823_033000.WAV,Telephone Field,recover-20220825,002,1795
958.9655,958.9731,27187,38111,Eptesicus serotinus,0.007,0.021,-1,Echolocation,/mnt/ubna_data_01_mir/recover-20220825/UBNA_002/20220823_033000.WAV,Telephone Field,recover-20220825,002,1795
958.9745,958.982,28046,35919,Eptesicus serotinus,0.007,0.022,-1,Echolocation,/mnt/ubna_data_01_mir/recover-20220825/UBNA_002/20220823_033000.WAV,Telephone Field,recover-20220825,002,1795
958.9815,959.0216,68437,82321,Rhinolophus ferrumequinum,0.021,0.021,-1,Echolocation,/mnt/ubna_data_01_mir/recover-20220825/UBNA_002/20220823_033000.WAV,Telephone Field,recover-20220825,002,1795
958.9895,958.9953,30625,41297,Barbastellus barbastellus,0.01,0.03,-1,Echolocation,/mnt/ubna_data_01_mir/recover-20220825/UBNA_002/20220823_033000.WAV,Telephone Field,recover-20220825,002,1795
959.0055,959.0158,23750,30036,Nyctalus leisleri,0.008,0.023,-1,Echolocation,/mnt/ubna_data_01_mir/recover-20220825/UBNA_002/20220823_033000.WAV,Telephone Field,recover-20220825,002,1795
959.0225,959.0619,68437,81832,Rhinolophus ferrumequinum,0.028,0.029,-1,Echolocation,/mnt/ubna_data_01_mir/recover-20220825/UBNA_002/20220823_033000.WAV,Telephone Field,recover-20220825,002,1795
959.0264999999999,959.0315,37500,48626,Pipistrellus nathusii,0.19,0.396,-1,Echolocation,/mnt/ubna_data_01_mir/recover-20220825/UBNA_002/20220823_033000.WAV,Telephone Field,recover-20220825,002,1795
959.0355,959.0414,29765,40134,Myotis daubentonii,0.012,0.024,-1,Echolocation,/mnt/ubna_data_01_mir/recover-20220825/UBNA_002/20220823_033000.WAV,Telephone Field,recover-20220825,002,1795
959.0505,959.0596,47812,51269,Pipistrellus pipistrellus,0.025,0.028,-1,Echolocation,/mnt/ubna_data_01_mir/recover-20220825/UBNA_002/20220823_033000.WAV,Telephone Field,recover-20220825,002,1795
959.0795,959.0867,26328,39540,Eptesicus serotinus,0.006,0.022,-1,Echolocation,/mnt/ubna_data_01_mir/recover-20220825/UBNA_002/20220823_033000.WAV,Telephone Field,recover-20220825,002,1795
959.0885,959.097,27187,35883,Eptesicus serotinus,0.008,0.021,-1,Echolocation,/mnt/ubna_data_01_mir/recover-20220825/UBNA_002/20220823_033000.WAV,Telephone Field,recover-20220825,002,1795
959.1035,959.1102,27187,39697,Eptesicus serotinus,0.007,0.024,-1,Echolocation,/mnt/ubna_data_01_mir/recover-20220825/UBNA_002/20220823_033000.WAV,Telephone Field,recover-20220825,002,1795
959.1065,959.1161,38359,45415,Pipistrellus nathusii,0.013,0.025,-1,Echolocation,/mnt/ubna_data_01_mir/recover-20220825/UBNA_002/20220823_033000.WAV,Telephone Field,recover-20220825,002,1795
959.1245,959.1289,39218,48292,Barbastellus barbastellus,0.251,0.361,-1,Echolocation,/mnt/ubna_data_01_mir/recover-20220825/UBNA_002/20220823_033000.WAV,Telephone Field,recover-20220825,002,1795
959.1825,959.1906,26328,35256,Eptesicus serotinus,0.007,0.021,-1,Echolocation,/mnt/ubna_data_01_mir/recover-20220825/UBNA_002/20220823_033000.WAV,Telephone Field,recover-20220825,002,1795
959.2135,959.2177,37500,48667,Pipistrellus nathusii,0.28,0.459,-1,Echolocation,/mnt/ubna_data_01_mir/recover-20220825/UBNA_002/20220823_033000.WAV,Telephone Field,recover-20220825,002,1795
959.2215,959.2288,25468,33182,Eptesicus serotinus,0.006,0.024,-1,Echolocation,/mnt/ubna_data_01_mir/recover-20220825/UBNA_002/20220823_033000.WAV,Telephone Field,recover-20220825,002,1795
959.2225,959.2596,68437,81391,Rhinolophus ferrumequinum,0.022,0.022,-1,Echolocation,/mnt/ubna_data_01_mir/recover-20220825/UBNA_002/20220823_033000.WAV,Telephone Field,recover-20220825,002,1795
959.2525,959.292,68437,81598,Rhinolophus ferrumequinum,0.032,0.032,-1,Echolocation,/mnt/ubna_data_01_mir/recover-20220825/UBNA_002/20220823_033000.WAV,Telephone Field,recover-20220825,002,1795
959.2935,959.3307,68437,81974,Rhinolophus ferrumequinum,0.023,0.023,-1,Echolocation,/mnt/ubna_data_01_mir/recover-20220825/UBNA_002/20220823_033000.WAV,Telephone Field,recover-20220825,002,1795
959.2955,959.3014000000001,36640,54152,Myotis brandtii,0.012,0.025,-1,Echolocation,/mnt/ubna_data_01_mir/recover-20220825/UBNA_002/20220823_033000.WAV,Telephone Field,recover-20220825,002,1795
959.3015,959.3097,26328,35028,Eptesicus serotinus,0.008,0.022,-1,Echolocation,/mnt/ubna_data_01_mir/recover-20220825/UBNA_002/20220823_033000.WAV,Telephone Field,recover-20220825,002,1795
959.3175,959.3583,68437,82431,Rhinolophus ferrumequinum,0.023,0.023,-1,Echolocation,/mnt/ubna_data_01_mir/recover-20220825/UBNA_002/20220823_033000.WAV,Telephone Field,recover-20220825,002,1795
959.3285,959.3661,68437,82317,Rhinolophus ferrumequinum,0.021,0.021,-1,Echolocation,/mnt/ubna_data_01_mir/recover-20220825/UBNA_002/20220823_033000.WAV,Telephone Field,recover-20220825,002,1795
959.3375,959.3766,68437,82041,Rhinolophus ferrumequinum,0.022,0.022,-1,Echolocation,/mnt/ubna_data_01_mir/recover-20220825/UBNA_002/20220823_033000.WAV,Telephone Field,recover-20220825,002,1795
959.3465,959.3532,38359,45259,Barbastellus barbastellus,0.04,0.064,-1,Echolocation,/mnt/ubna_data_01_mir/recover-20220825/UBNA_002/20220823_033000.WAV,Telephone Field,recover-20220825,002,1795
959.3485000000001,959.3551,25468,36883,Eptesicus serotinus,0.007,0.025,-1,Echolocation,/mnt/ubna_data_01_mir/recover-20220825/UBNA_002/20220823_033000.WAV,Telephone Field,recover-20220825,002,1795
959.3695,959.3778,27187,35186,Eptesicus serotinus,0.011,0.028,-1,Echolocation,/mnt/ubna_data_01_mir/recover-20220825/UBNA_002/20220823_033000.WAV,Telephone Field,recover-20220825,002,1795
959.4035,959.4107,28046,35540,Eptesicus serotinus,0.006,0.021,-1,Echolocation,/mnt/ubna_data_01_mir/recover-20220825/UBNA_002/20220823_033000.WAV,Telephone Field,recover-20220825,002,1795
959.4175,959.4229,37500,46314,Barbastellus barbastellus,0.2,0.454,-1,Echolocation,/mnt/ubna_data_01_mir/recover-20220825/UBNA_002/20220823_033000.WAV,Telephone Field,recover-20220825,002,1795
959.4215,959.4287,13437,24876,Barbastellus barbastellus,0.02,0.023,-1,Echolocation,/mnt/ubna_data_01_mir/recover-20220825/UBNA_002/20220823_033000.WAV,Telephone Field,recover-20220825,002,1795
959.4265,959.432,29765,42938,Myotis daubentonii,0.013,0.024,-1,Echolocation,/mnt/ubna_data_01_mir/recover-20220825/UBNA_002/20220823_033000.WAV,Telephone Field,recover-20220825,002,1795
959.4465,959.454,46953,52281,Pipistrellus pipistrellus,0.022,0.024,-1,Echolocation,/mnt/ubna_data_01_mir/recover-20220825/UBNA_002/20220823_033000.WAV,Telephone Field,recover-20220825,002,1795
959.4755,959.5173,68437,82928,Rhinolophus ferrumequinum,0.024,0.024,-1,Echolocation,/mnt/ubna_data_01_mir/recover-20220825/UBNA_002/20220823_033000.WAV,Telephone Field,recover-20220825,002,1795
959.4935,959.4978,35781,47372,Barbastellus barbastellus,0.466,0.544,-1,Echolocation,/mnt/ubna_data_01_mir/recover-20220825/UBNA_002/20220823_033000.WAV,Telephone Field,recover-20220825,002,1795
959.5125,959.5523,68437,82554,Rhinolophus ferrumequinum,0.021,0.021,-1,Echolocation,/mnt/ubna_data_01_mir/recover-20220825/UBNA_002/20220823_033000.WAV,Telephone Field,recover-20220825,002,1795
959.5365,959.5737,68437,81871,Rhinolophus ferrumequinum,0.021,0.021,-1,Echolocation,/mnt/ubna_data_01_mir/recover-20220825/UBNA_002/20220823_033000.WAV,Telephone Field,recover-20220825,002,1795
959.5445,959.5535,34062,38790,Barbastellus barbastellus,0.01,0.022,-1,Echolocation,/mnt/ubna_data_01_mir/recover-20220825/UBNA_002/20220823_033000.WAV,Telephone Field,recover-20220825,002,1795
959.5625,959.5697,26328,38091,Eptesicus serotinus,0.006,0.021,-1,Echolocation,/mnt/ubna_data_01_mir/recover-20220825/UBNA_002/20220823_033000.WAV,Telephone Field,recover-20220825,002,1795
959.5665,959.5726,37500,53247,Myotis brandtii,0.008,0.021,-1,Echolocation,/mnt/ubna_data_01_mir/recover-20220825/UBNA_002/20220823_033000.WAV,Telephone Field,recover-20220825,002,1795
959.5815,959.5872,38359,47847,Pipistrellus nathusii,0.202,0.428,-1,Echolocation,/mnt/ubna_data_01_mir/recover-20220825/UBNA_002/20220823_033000.WAV,Telephone Field,recover-20220825,002,1795
959.6355,959.6717,68437,81728,Rhinolophus ferrumequinum,0.022,0.022,-1,Echolocation,/mnt/ubna_data_01_mir/recover-20220825/UBNA_002/20220823_033000.WAV,Telephone Field,recover-20220825,002,1795
959.6585,959.6636,37500,47747,Pipistrellus nathusii,0.314,0.506,-1,Echolocation,/mnt/ubna_data_01_mir/recover-20220825/UBNA_002/20220823_033000.WAV,Telephone Field,recover-20220825,002,1795
959.6665,959.6718,27187,39038,Myotis daubentonii,0.008,0.022,-1,Echolocation,/mnt/ubna_data_01_mir/recover-20220825/UBNA_002/20220823_033000.WAV,Telephone Field,recover-20220825,002,1795
959.7235000000001,959.7291,38359,52870,Pipistrellus nathusii,0.21,0.519,-1,Echolocation,/mnt/ubna_data_01_mir/recover-20220825/UBNA_002/20220823_033000.WAV,Telephone Field,recover-20220825,002,1795
959.8155,959.8536,68437,81928,Rhinolophus ferrumequinum,0.021,0.021,-1,Echolocation,/mnt/ubna_data_01_mir/recover-20220825/UBNA_002/20220823_033000.WAV,Telephone Field,recover-20220825,002,1795
959.8225,959.8593,68437,81439,Rhinolophus ferrumequinum,0.021,0.021,-1,Echolocation,/mnt/ubna_data_01_mir/recover-20220825/UBNA_002/20220823_033000.WAV,Telephone Field,recover-20220825,002,1795
959.8285,959.867,68437,81958,Rhinolophus ferrumequinum,0.023,0.023,-1,Echolocation,/mnt/ubna_data_01_mir/recover-20220825/UBNA_002/20220823_033000.WAV,Telephone Field,recover-20220825,002,1795
959.8735,959.8787,38359,46560,Barbastellus barbastellus,0.191,0.436,-1,Echolocation,/mnt/ubna_data_01_mir/recover-20220825/UBNA_002/20220823_033000.WAV,Telephone Field,recover-20220825,002,1795
959.8875,959.9267,68437,82085,Rhinolophus ferrumequinum,0.023,0.023,-1,Echolocation,/mnt/ubna_data_01_mir/recover-20220825/UBNA_002/20220823_033000.WAV,Telephone Field,recover-20220825,002,1795
959.8965,959.9043,23750,31840,Plecotus austriacus,0.007,0.024,-1,Echolocation,/mnt/ubna_data_01_mir/recover-20220825/UBNA_002/20220823_033000.WAV,Telephone Field,recover-20220825,002,1795
959.9415,959.9768,68437,81687,Rhinolophus ferrumequinum,0.021,0.021,-1,Echolocation,/mnt/ubna_data_01_mir/recover-20220825/UBNA_002/20220823_033000.WAV,Telephone Field,recover-20220825,002,1795
959.9475,959.9527,38359,48464,Barbastellus barbastellus,0.179,0.379,-1,Echolocation,/mnt/ubna_data_01_mir/recover-20220825/UBNA_002/20220823_033000.WAV,Telephone Field,recover-20220825,002,1795
959.9615,959.9971,68437,81104,Rhinolophus ferrumequinum,0.022,0.022,-1,Echolocation,/mnt/ubna_data_01_mir/recover-20220825/UBNA_002/20220823_033000.WAV,Telephone Field,recover-20220825,002,1795
959.9635,959.9715,45234,51654,Pipistrellus pipistrellus,0.016,0.024,-1,Echolocation,/mnt/ubna_data_01_mir/recover-20220825/UBNA_002/20220823_033000.WAV,Telephone Field,recover-20220825,002,1795
959.9835,959.9917,27187,37027,Eptesicus serotinus,0.007,0.022,-1,Echolocation,/mnt/ubna_data_01_mir/recover-20220825/UBNA_002/20220823_033000.WAV,Telephone Field,recover-20220825,002,1795
960.0015,960.0324,69296,81181,Rhinolophus ferrumequinum,0.021,0.021,-1,Echolocation,/mnt/ubna_data_01_mir/recover-20220825/UBNA_002/20220823_033000.WAV,Telephone Field,recover-20220825,002,1795
960.0015,960.0098,46953,54290,Pipistrellus pipistrellus,0.022,0.03,-1,Echolocation,/mnt/ubna_data_01_mir/recover-20220825/UBNA_002/20220823_033000.WAV,Telephone Field,recover-20220825,002,1795
960.0015,960.0097,23750,31225,Nyctalus leisleri,0.007,0.022,-1,Echolocation,/mnt/ubna_data_01_mir/recover-20220825/UBNA_002/20220823_033000.WAV,Telephone Field,recover-20220825,002,1795
960.0135,960.0204,38359,47069,Myotis daubentonii,0.032,0.1,-1,Echolocation,/mnt/ubna_data_01_mir/recover-20220825/UBNA_002/20220823_033000.WAV,Telephone Field,recover-20220825,002,1795
960.0305,960.0683,68437,81782,Rhinolophus ferrumequinum,0.023,0.023,-1,Echolocation,/mnt/ubna_data_01_mir/recover-20220825/UBNA_002/20220823_033000.WAV,Telephone Field,recover-20220825,002,1795
960.0355,960.0746,68437,81814,Rhinolophus ferrumequinum,0.022,0.022,-1,Echolocation,/mnt/ubna_data_01_mir/recover-20220825/UBNA_002/20220823_033000.WAV,Telephone Field,recover-20220825,002,1795
960.0425,960.0817,68437,81445,Rhinolophus ferrumequinum,0.021,0.021,-1,Echolocation,/mnt/ubna_data_01_mir/recover-20220825/UBNA_002/20220823_033000.WAV,Telephone Field,recover-20220825,002,1795
960.0645,960.0998,68437,82046,Rhinolophus ferrumequinum,0.024,0.024,-1,Echolocation,/mnt/ubna_data_01_mir/recover-20220825/UBNA_002/20220823_033000.WAV,Telephone Field,recover-20220825,002,1795
960.1025,960.1438,68437,83598,Rhinolophus ferrumequinum,0.022,0.022,-1,Echolocation,/mnt/ubna_data_01_mir/recover-20220825/UBNA_002/20220823_033000.WAV,Telephone Field,recover-20220825,002,1795
960.1045,960.1151,22031,26803,Nyctalus leisleri,0.01,0.023,-1,Echolocation,/mnt/ubna_data_01_mir/recover-20220825/UBNA_002/20220823_033000.WAV,Telephone Field,recover-20220825,002,1795
960.1385,960.1778,68437,82910,Rhinolophus ferrumequinum,0.025,0.025,-1,Echolocation,/mnt/ubna_data_01_mir/recover-20220825/UBNA_002/20220823_033000.WAV,Telephone Field,recover-20220825,002,1795
960.2025,960.2445,68437,83833,Rhinolophus ferrumequinum,0.028,0.028,-1,Echolocation,/mnt/ubna_data_01_mir/recover-20220825/UBNA_002/20220823_033000.WAV,Telephone Field,recover-20220825,002,1795
960.2275,960.2671,68437,81865,Rhinolophus ferrumequinum,0.021,0.021,-1,Echolocation,/mnt/ubna_data_01_mir/recover-20220825/UBNA_002/20220823_033000.WAV,Telephone Field,recover-20220825,002,1795
960.2315,960.2493,19453,23200,Nyctalus noctula,0.017,0.032,-1,Echolocation,/mnt/ubna_data_01_mir/recover-20220825/UBNA_002/20220823_033000.WAV,Telephone Field,recover-20220825,002,1795
960.2585,960.27,22890,27859,Nyctalus leisleri,0.015,0.029,-1,Echolocation,/mnt/ubna_data_01_mir/recover-20220825/UBNA_002/20220823_033000.WAV,Telephone Field,recover-20220825,002,1795
960.3005,960.3102,44375,47645,Pipistrellus pipistrellus,0.026,0.03,-1,Echolocation,/mnt/ubna_data_01_mir/recover-20220825/UBNA_002/20220823_033000.WAV,Telephone Field,recover-20220825,002,1795
960.3235,960.3586,68437,80693,Rhinolophus ferrumequinum,0.022,0.022,-1,Echolocation,/mnt/ubna_data_01_mir/recover-20220825/UBNA_002/20220823_033000.WAV,Telephone Field,recover-20220825,002,1795
960.3885,960.4276,68437,82848,Rhinolophus ferrumequinum,0.022,0.022,-1,Echolocation,/mnt/ubna_data_01_mir/recover-20220825/UBNA_002/20220823_033000.WAV,Telephone Field,recover-20220825,002,1795
960.4265,960.4355,25468,33276,Eptesicus serotinus,0.013,0.033,-1,Echolocation,/mnt/ubna_data_01_mir/recover-20220825/UBNA_002/20220823_033000.WAV,Telephone Field,recover-20220825,002,1795
960.4635,960.4739,22890,27567,Nyctalus leisleri,0.011,0.021,-1,Echolocation,/mnt/ubna_data_01_mir/recover-20220825/UBNA_002/20220823_033000.WAV,Telephone Field,recover-20220825,002,1795
960.4935,960.5006,27187,41802,Eptesicus serotinus,0.007,0.023,-1,Echolocation,/mnt/ubna_data_01_mir/recover-20220825/UBNA_002/20220823_033000.WAV,Telephone Field,recover-20220825,002,1795
960.4935,960.5004,34062,43617,Myotis daubentonii,0.009,0.021,-1,Echolocation,/mnt/ubna_data_01_mir/recover-20220825/UBNA_002/20220823_033000.WAV,Telephone Field,recover-20220825,002,1795
960.5055,960.5164,22890,28356,Nyctalus leisleri,0.01,0.023,-1,Echolocation,/mnt/ubna_data_01_mir/recover-20220825/UBNA_002/20220823_033000.WAV,Telephone Field,recover-20220825,002,1795
960.5425,960.5819,68437,82203,Rhinolophus ferrumequinum,0.042,0.042,-1,Echolocation,/mnt/ubna_data_01_mir/recover-20220825/UBNA_002/20220823_033000.WAV,Telephone Field,recover-20220825,002,1795
960.5515,960.5597,28906,40143,Eptesicus serotinus,0.008,0.025,-1,Echolocation,/mnt/ubna_data_01_mir/recover-20220825/UBNA_002/20220823_033000.WAV,Telephone Field,recover-20220825,002,1795
960.5945,960.6023,27187,38135,Eptesicus serotinus,0.006,0.021,-1,Echolocation,/mnt/ubna_data_01_mir/recover-20220825/UBNA_002/20220823_033000.WAV,Telephone Field,recover-20220825,002,1795
960.6115,960.6542,68437,82887,Rhinolophus ferrumequinum,0.036,0.036,-1,Echolocation,/mnt/ubna_data_01_mir/recover-20220825/UBNA_002/20220823_033000.WAV,Telephone Field,recover-20220825,002,1795
960.6625,960.7002,68437,81760,Rhinolophus ferrumequinum,0.024,0.024,-1,Echolocation,/mnt/ubna_data_01_mir/recover-20220825/UBNA_002/20220823_033000.WAV,Telephone Field,recover-20220825,002,1795
960.6715,960.7117,68437,81854,Rhinolophus ferrumequinum,0.025,0.025,-1,Echolocation,/mnt/ubna_data_01_mir/recover-20220825/UBNA_002/20220823_033000.WAV,Telephone Field,recover-20220825,002,1795
960.6785,960.7171,68437,82450,Rhinolophus ferrumequinum,0.024,0.024,-1,Echolocation,/mnt/ubna_data_01_mir/recover-20220825/UBNA_002/20220823_033000.WAV,Telephone Field,recover-20220825,002,1795
960.7185,960.759,68437,82276,Rhinolophus ferrumequinum,0.023,0.023,-1,Echolocation,/mnt/ubna_data_01_mir/recover-20220825/UBNA_002/20220823_033000.WAV,Telephone Field,recover-20220825,002,1795
960.7375,960.7774,68437,82889,Rhinolophus ferrumequinum,0.023,0.023,-1,Echolocation,/mnt/ubna_data_01_mir/recover-20220825/UBNA_002/20220823_033000.WAV,Telephone Field,recover-20220825,002,1795
960.7705,960.7792,27187,38540,Eptesicus serotinus,0.01,0.024,-1,Echolocation,/mnt/ubna_data_01_mir/recover-20220825/UBNA_002/20220823_033000.WAV,Telephone Field,recover-20220825,002,1795
960.8095,960.8503,68437,82497,Rhinolophus ferrumequinum,0.024,0.024,-1,Echolocation,/mnt/ubna_data_01_mir/recover-20220825/UBNA_002/20220823_033000.WAV,Telephone Field,recover-20220825,002,1795
960.8305,960.8699,68437,81792,Rhinolophus ferrumequinum,0.021,0.021,-1,Echolocation,/mnt/ubna_data_01_mir/recover-20220825/UBNA_002/20220823_033000.WAV,Telephone Field,recover-20220825,002,1795
960.8455,960.8566,22890,27681,Nyctalus leisleri,0.011,0.024,-1,Echolocation,/mnt/ubna_data_01_mir/recover-20220825/UBNA_002/20220823_033000.WAV,Telephone Field,recover-20220825,002,1795
960.8955,960.9385,68437,83086,Rhinolophus ferrumequinum,0.024,0.024,-1,Echolocation,/mnt/ubna_data_01_mir/recover-20220825/UBNA_002/20220823_033000.WAV,Telephone Field,recover-20220825,002,1795
960.9355,960.9771,68437,82356,Rhinolophus ferrumequinum,0.023,0.023,-1,Echolocation,/mnt/ubna_data_01_mir/recover-20220825/UBNA_002/20220823_033000.WAV,Telephone Field,recover-20220825,002,1795
960.9945,961.0345,68437,82513,Rhinolophus ferrumequinum,0.021,0.021,-1,Echolocation,/mnt/ubna_data_01_mir/recover-20220825/UBNA_002/20220823_033000.WAV,Telephone Field,recover-20220825,002,1795
960.9985,961.0061,27187,41597,Eptesicus serotinus,0.007,0.022,-1,Echolocation,/mnt/ubna_data_01_mir/recover-20220825/UBNA_002/20220823_033000.WAV,Telephone Field,recover-20220825,002,1795
960.9995,961.0074,32343,42497,Myotis daubentonii,0.007,0.023,-1,Echolocation,/mnt/ubna_data_01_mir/recover-20220825/UBNA_002/20220823_033000.WAV,Telephone Field,recover-20220825,002,1795
961.0375,961.0456,26328,34818,Eptesicus serotinus,0.008,0.023,-1,Echolocation,/mnt/ubna_data_01_mir/recover-20220825/UBNA_002/20220823_033000.WAV,Telephone Field,recover-20220825,002,1795
961.0555,961.0628,25468,34809,Eptesicus serotinus,0.006,0.021,-1,Echolocation,/mnt/ubna_data_01_mir/recover-20220825/UBNA_002/20220823_033000.WAV,Telephone Field,recover-20220825,002,1795
961.0735,961.1119,68437,81246,Rhinolophus ferrumequinum,0.023,0.023,-1,Echolocation,/mnt/ubna_data_01_mir/recover-20220825/UBNA_002/20220823_033000.WAV,Telephone Field,recover-20220825,002,1795
961.0795,961.0871,27187,38745,Eptesicus serotinus,0.007,0.022,-1,Echolocation,/mnt/ubna_data_01_mir/recover-20220825/UBNA_002/20220823_033000.WAV,Telephone Field,recover-20220825,002,1795
961.0795,961.1187,68437,82499,Rhinolophus ferrumequinum,0.024,0.024,-1,Echolocation,/mnt/ubna_data_01_mir/recover-20220825/UBNA_002/20220823_033000.WAV,Telephone Field,recover-20220825,002,1795
961.0905,961.1313,68437,82645,Rhinolophus ferrumequinum,0.022,0.022,-1,Echolocation,/mnt/ubna_data_01_mir/recover-20220825/UBNA_002/20220823_033000.WAV,Telephone Field,recover-20220825,002,1795
961.1295,961.1388,46093,52677,Pipistrellus pipistrellus,0.019,0.022,-1,Echolocation,/mnt/ubna_data_01_mir/recover-20220825/UBNA_002/20220823_033000.WAV,Telephone Field,recover-20220825,002,1795
961.1775,961.1879,23750,30317,Nyctalus leisleri,0.008,0.021,-1,Echolocation,/mnt/ubna_data_01_mir/recover-20220825/UBNA_002/20220823_033000.WAV,Telephone Field,recover-20220825,002,1795
961.2345,961.2442,29765,37096,Eptesicus serotinus,0.008,0.025,-1,Echolocation,/mnt/ubna_data_01_mir/recover-20220825/UBNA_002/20220823_033000.WAV,Telephone Field,recover-20220825,002,1795
961.2425,961.2833,68437,81565,Rhinolophus ferrumequinum,0.023,0.023,-1,Echolocation,/mnt/ubna_data_01_mir/recover-20220825/UBNA_002/20220823_033000.WAV,Telephone Field,recover-20220825,002,1795
961.2695,961.2778,28046,41328,Eptesicus serotinus,0.008,0.023,-1,Echolocation,/mnt/ubna_data_01_mir/recover-20220825/UBNA_002/20220823_033000.WAV,Telephone Field,recover-20220825,002,1795
961.2755,961.2831,28046,38507,Eptesicus serotinus,0.007,0.023,-1,Echolocation,/mnt/ubna_data_01_mir/recover-20220825/UBNA_002/20220823_033000.WAV,Telephone Field,recover-20220825,002,1795
961.2965,961.3046,28046,40002,Eptesicus serotinus,0.007,0.021,-1,Echolocation,/mnt/ubna_data_01_mir/recover-20220825/UBNA_002/20220823_033000.WAV,Telephone Field,recover-20220825,002,1795
961.3325,961.3713,68437,81661,Rhinolophus ferrumequinum,0.022,0.022,-1,Echolocation,/mnt/ubna_data_01_mir/recover-20220825/UBNA_002/20220823_033000.WAV,Telephone Field,recover-20220825,002,1795
961.3445,961.3557,22031,26969,Nyctalus leisleri,0.011,0.023,-1,Echolocation,/mnt/ubna_data_01_mir/recover-20220825/UBNA_002/20220823_033000.WAV,Telephone Field,recover-20220825,002,1795
961.3645,961.4037,68437,82254,Rhinolophus ferrumequinum,0.022,0.022,-1,Echolocation,/mnt/ubna_data_01_mir/recover-20220825/UBNA_002/20220823_033000.WAV,Telephone Field,recover-20220825,002,1795
961.3675,961.3761,37500,46606,Pipistrellus nathusii,0.007,0.022,-1,Echolocation,/mnt/ubna_data_01_mir/recover-20220825/UBNA_002/20220823_033000.WAV,Telephone Field,recover-20220825,002,1795
961.3715,961.378,27187,40048,Eptesicus serotinus,0.006,0.022,-1,Echolocation,/mnt/ubna_data_01_mir/recover-20220825/UBNA_002/20220823_033000.WAV,Telephone Field,recover-20220825,002,1795
961.3935,961.4357,68437,82847,Rhinolophus ferrumequinum,0.023,0.023,-1,Echolocation,/mnt/ubna_data_01_mir/recover-20220825/UBNA_002/20220823_033000.WAV,Telephone Field,recover-20220825,002,1795
961.4315,961.4717,68437,82150,Rhinolophus ferrumequinum,0.021,0.021,-1,Echolocation,/mnt/ubna_data_01_mir/recover-20220825/UBNA_002/20220823_033000.WAV,Telephone Field,recover-20220825,002,1795
961.4755,961.4904,22031,27445,Nyctalus leisleri,0.013,0.029,-1,Echolocation,/mnt/ubna_data_01_mir/recover-20220825/UBNA_002/20220823_033000.WAV,Telephone Field,recover-20220825,002,1795
961.4775,961.518,68437,82903,Rhinolophus ferrumequinum,0.027,0.027,-1,Echolocation,/mnt/ubna_data_01_mir/recover-20220825/UBNA_002/20220823_033000.WAV,Telephone Field,recover-20220825,002,1795
961.5075,961.5146,23750,32406,Plecotus austriacus,0.009,0.022,-1,Echolocation,/mnt/ubna_data_01_mir/recover-20220825/UBNA_002/20220823_033000.WAV,Telephone Field,recover-20220825,002,1795
961.5205,961.5546,68437,81092,Rhinolophus ferrumequinum,0.021,0.021,-1,Echolocation,/mnt/ubna_data_01_mir/recover-20220825/UBNA_002/20220823_033000.WAV,Telephone Field,recover-20220825,002,1795
961.5475,961.5889,68437,83016,Rhinolophus ferrumequinum,0.027,0.027,-1,Echolocation,/mnt/ubna_data_01_mir/recover-20220825/UBNA_002/20220823_033000.WAV,Telephone Field,recover-20220825,002,1795
961.5725,961.5822,27187,37348,Eptesicus serotinus,0.01,0.024,-1,Echolocation,/mnt/ubna_data_01_mir/recover-20220825/UBNA_002/20220823_033000.WAV,Telephone Field,recover-20220825,002,1795
961.6125,961.65,68437,81925,Rhinolophus ferrumequinum,0.021,0.021,-1,Echolocation,/mnt/ubna_data_01_mir/recover-20220825/UBNA_002/20220823_033000.WAV,Telephone Field,recover-20220825,002,1795
961.6125,961.6196,28046,38596,Eptesicus serotinus,0.006,0.022,-1,Echolocation,/mnt/ubna_data_01_mir/recover-20220825/UBNA_002/20220823_033000.WAV,Telephone Field,recover-20220825,002,1795
961.6165,961.6277,14296,20181,Nyctalus noctula,0.022,0.036,-1,Echolocation,/mnt/ubna_data_01_mir/recover-20220825/UBNA_002/20220823_033000.WAV,Telephone Field,recover-20220825,002,1795
961.6375,961.6786,68437,82815,Rhinolophus ferrumequinum,0.024,0.024,-1,Echolocation,/mnt/ubna_data_01_mir/recover-20220825/UBNA_002/20220823_033000.WAV,Telephone Field,recover-20220825,002,1795
961.6805,961.7188,68437,81962,Rhinolophus ferrumequinum,0.024,0.024,-1,Echolocation,/mnt/ubna_data_01_mir/recover-20220825/UBNA_002/20220823_033000.WAV,Telephone Field,recover-20220825,002,1795
961.7165,961.7554,68437,82296,Rhinolophus ferrumequinum,0.021,0.021,-1,Echolocation,/mnt/ubna_data_01_mir/recover-20220825/UBNA_002/20220823_033000.WAV,Telephone Field,recover-20220825,002,1795
961.7285,961.7652,68437,80890,Rhinolophus ferrumequinum,0.021,0.021,-1,Echolocation,/mnt/ubna_data_01_mir/recover-20220825/UBNA_002/20220823_033000.WAV,Telephone Field,recover-20220825,002,1795
961.7515,961.7603,22890,29812,Plecotus austriacus,0.008,0.021,-1,Echolocation,/mnt/ubna_data_01_mir/recover-20220825/UBNA_002/20220823_033000.WAV,Telephone Field,recover-20220825,002,1795
961.7985,961.8114,24609,30310,Nyctalus leisleri,0.025,0.065,-1,Echolocation,/mnt/ubna_data_01_mir/recover-20220825/UBNA_002/20220823_033000.WAV,Telephone Field,recover-20220825,002,1795
961.8095,961.8503,68437,82433,Rhinolophus ferrumequinum,0.021,0.021,-1,Echolocation,/mnt/ubna_data_01_mir/recover-20220825/UBNA_002/20220823_033000.WAV,Telephone Field,recover-20220825,002,1795
961.8485,961.8593,28906,36074,Eptesicus serotinus,0.013,0.026,-1,Echolocation,/mnt/ubna_data_01_mir/recover-20220825/UBNA_002/20220823_033000.WAV,Telephone Field,recover-20220825,002,1795
961.8635,961.9053,68437,82894,Rhinolophus ferrumequinum,0.023,0.023,-1,Echolocation,/mnt/ubna_data_01_mir/recover-20220825/UBNA_002/20220823_033000.WAV,Telephone Field,recover-20220825,002,1795
961.9315,961.9392,27187,35997,Eptesicus serotinus,0.008,0.024,-1,Echolocation,/mnt/ubna_data_01_mir/recover-20220825/UBNA_002/20220823_033000.WAV,Telephone Field,recover-20220825,002,1795
961.9465,961.9536,32343,47169,Myotis daubentonii,0.01,0.022,-1,Echolocation,/mnt/ubna_data_01_mir/recover-20220825/UBNA_002/20220823_033000.WAV,Telephone Field,recover-20220825,002,1795
961.9535,961.9915,68437,82199,Rhinolophus ferrumequinum,0.023,0.023,-1,Echolocation,/mnt/ubna_data_01_mir/recover-20220825/UBNA_002/20220823_033000.WAV,Telephone Field,recover-20220825,002,1795
961.9805,961.994,35781,40682,Pipistrellus nathusii,0.011,0.024,-1,Echolocation,/mnt/ubna_data_01_mir/recover-20220825/UBNA_002/20220823_033000.WAV,Telephone Field,recover-20220825,002,1795
962.0015,962.018,19453,23621,Nyctalus noctula,0.017,0.038,-1,Echolocation,/mnt/ubna_data_01_mir/recover-20220825/UBNA_002/20220823_033000.WAV,Telephone Field,recover-20220825,002,1795
962.0015,962.016,46953,51730,Pipistrellus pipistrellus,0.023,0.028,-1,Echolocation,/mnt/ubna_data_01_mir/recover-20220825/UBNA_002/20220823_033000.WAV,Telephone Field,recover-20220825,002,1795
962.0015,962.0336,68437,80039,Rhinolophus ferrumequinum,0.028,0.029,-1,Echolocation,/mnt/ubna_data_01_mir/recover-20220825/UBNA_002/20220823_033000.WAV,Telephone Field,recover-20220825,002,1795
962.0095,962.0534,68437,82943,Rhinolophus ferrumequinum,0.021,0.021,-1,Echolocation,/mnt/ubna_data_01_mir/recover-20220825/UBNA_002/20220823_033000.WAV,Telephone Field,recover-20220825,002,1795
962.0335,962.0428,27187,35841,Eptesicus serotinus,0.009,0.021,-1,Echolocation,/mnt/ubna_data_01_mir/recover-20220825/UBNA_002/20220823_033000.WAV,Telephone Field,recover-20220825,002,1795
962.0335,962.0704,68437,82635,Rhinolophus ferrumequinum,0.025,0.025,-1,Echolocation,/mnt/ubna_data_01_mir/recover-20220825/UBNA_002/20220823_033000.WAV,Telephone Field,recover-20220825,002,1795
962.0535,962.065,22890,27667,Nyctalus leisleri,0.011,0.022,-1,Echolocation,/mnt/ubna_data_01_mir/recover-20220825/UBNA_002/20220823_033000.WAV,Telephone Field,recover-20220825,002,1795
962.1015,962.1397,68437,82606,Rhinolophus ferrumequinum,0.022,0.022,-1,Echolocation,/mnt/ubna_data_01_mir/recover-20220825/UBNA_002/20220823_033000.WAV,Telephone Field,recover-20220825,002,1795
962.1555,962.1626,27187,41324,Eptesicus serotinus,0.006,0.022,-1,Echolocation,/mnt/ubna_data_01_mir/recover-20220825/UBNA_002/20220823_033000.WAV,Telephone Field,recover-20220825,002,1795
962.1695,962.2099,68437,82619,Rhinolophus ferrumequinum,0.023,0.023,-1,Echolocation,/mnt/ubna_data_01_mir/recover-20220825/UBNA_002/20220823_033000.WAV,Telephone Field,recover-20220825,002,1795
962.1995,962.2064,27187,42065,Eptesicus serotinus,0.006,0.028,-1,Echolocation,/mnt/ubna_data_01_mir/recover-20220825/UBNA_002/20220823_033000.WAV,Telephone Field,recover-20220825,002,1795
962.2075,962.2163,27187,35655,Eptesicus serotinus,0.009,0.022,-1,Echolocation,/mnt/ubna_data_01_mir/recover-20220825/UBNA_002/20220823_033000.WAV,Telephone Field,recover-20220825,002,1795
962.2265,962.2345,26328,37753,Eptesicus serotinus,0.007,0.021,-1,Echolocation,/mnt/ubna_data_01_mir/recover-20220825/UBNA_002/20220823_033000.WAV,Telephone Field,recover-20220825,002,1795
962.2355,962.2719,68437,82126,Rhinolophus ferrumequinum,0.024,0.024,-1,Echolocation,/mnt/ubna_data_01_mir/recover-20220825/UBNA_002/20220823_033000.WAV,Telephone Field,recover-20220825,002,1795
962.2675,962.3062,68437,83014,Rhinolophus ferrumequinum,0.022,0.022,-1,Echolocation,/mnt/ubna_data_01_mir/recover-20220825/UBNA_002/20220823_033000.WAV,Telephone Field,recover-20220825,002,1795
962.2825,962.2916,26328,35171,Eptesicus serotinus,0.011,0.029,-1,Echolocation,/mnt/ubna_data_01_mir/recover-20220825/UBNA_002/20220823_033000.WAV,Telephone Field,recover-20220825,002,1795
962.2865,962.3253,68437,82721,Rhinolophus ferrumequinum,0.022,0.022,-1,Echolocation,/mnt/ubna_data_01_mir/recover-20220825/UBNA_002/20220823_033000.WAV,Telephone Field,recover-20220825,002,1795
962.4175,962.426,28046,40055,Eptesicus serotinus,0.008,0.021,-1,Echolocation,/mnt/ubna_data_01_mir/recover-20220825/UBNA_002/20220823_033000.WAV,Telephone Field,recover-20220825,002,1795
962.4305,962.4676,68437,82230,Rhinolophus ferrumequinum,0.021,0.021,-1,Echolocation,/mnt/ubna_data_01_mir/recover-20220825/UBNA_002/20220823_033000.WAV,Telephone Field,recover-20220825,002,1795
962.4465,962.483,68437,82363,Rhinolophus ferrumequinum,0.025,0.025,-1,Echolocation,/mnt/ubna_data_01_mir/recover-20220825/UBNA_002/20220823_033000.WAV,Telephone Field,recover-20220825,002,1795
962.4805,962.5221,68437,82619,Rhinolophus ferrumequinum,0.025,0.025,-1,Echolocation,/mnt/ubna_data_01_mir/recover-20220825/UBNA_002/20220823_033000.WAV,Telephone Field,recover-20220825,002,1795
962.4995,962.5071,23750,32555,Plecotus austriacus,0.009,0.022,-1,Echolocation,/mnt/ubna_data_01_mir/recover-20220825/UBNA_002/20220823_033000.WAV,Telephone Field,recover-20220825,002,1795
962.5815,962.5916,28906,38011,Eptesicus serotinus,0.011,0.025,-1,Echolocation,/mnt/ubna_data_01_mir/recover-20220825/UBNA_002/20220823_033000.WAV,Telephone Field,recover-20220825,002,1795
962.6085,962.649,68437,82817,Rhinolophus ferrumequinum,0.021,0.021,-1,Echolocation,/mnt/ubna_data_01_mir/recover-20220825/UBNA_002/20220823_033000.WAV,Telephone Field,recover-20220825,002,1795
962.6155,962.6226,27187,41066,Eptesicus serotinus,0.007,0.025,-1,Echolocation,/mnt/ubna_data_01_mir/recover-20220825/UBNA_002/20220823_033000.WAV,Telephone Field,recover-20220825,002,1795
962.6175,962.6556,68437,82139,Rhinolophus ferrumequinum,0.023,0.023,-1,Echolocation,/mnt/ubna_data_01_mir/recover-20220825/UBNA_002/20220823_033000.WAV,Telephone Field,recover-20220825,002,1795
962.6435,962.6518,27187,36080,Eptesicus serotinus,0.01,0.026,-1,Echolocation,/mnt/ubna_data_01_mir/recover-20220825/UBNA_002/20220823_033000.WAV,Telephone Field,recover-20220825,002,1795
962.6765,962.7145,68437,82173,Rhinolophus ferrumequinum,0.021,0.022,-1,Echolocation,/mnt/ubna_data_01_mir/recover-20220825/UBNA_002/20220823_033000.WAV,Telephone Field,recover-20220825,002,1795
962.6925,962.7317,68437,82202,Rhinolophus ferrumequinum,0.021,0.021,-1,Echolocation,/mnt/ubna_data_01_mir/recover-20220825/UBNA_002/20220823_033000.WAV,Telephone Field,recover-20220825,002,1795
962.7225,962.7552,68437,80853,Rhinolophus ferrumequinum,0.024,0.024,-1,Echolocation,/mnt/ubna_data_01_mir/recover-20220825/UBNA_002/20220823_033000.WAV,Telephone Field,recover-20220825,002,1795
962.7515,962.7601,26328,34364,Eptesicus serotinus,0.008,0.023,-1,Echolocation,/mnt/ubna_data_01_mir/recover-20220825/UBNA_002/20220823_033000.WAV,Telephone Field,recover-20220825,002,1795
962.7795,962.8153,68437,81710,Rhinolophus ferrumequinum,0.022,0.022,-1,Echolocation,/mnt/ubna_data_01_mir/recover-20220825/UBNA_002/20220823_033000.WAV,Telephone Field,recover-20220825,002,1795
962.7855,962.8208,68437,81881,Rhinolophus ferrumequinum,0.021,0.021,-1,Echolocation,/mnt/ubna_data_01_mir/recover-20220825/UBNA_002/20220823_033000.WAV,Telephone Field,recover-20220825,002,1795
962.7995,962.81,28906,39678,Eptesicus serotinus,0.013,0.028,-1,Echolocation,/mnt/ubna_data_01_mir/recover-20220825/UBNA_002/20220823_033000.WAV,Telephone Field,recover-20220825,002,1795
962.8175,962.8578,68437,82359,Rhinolophus ferrumequinum,0.023,0.023,-1,Echolocation,/mnt/ubna_data_01_mir/recover-20220825/UBNA_002/20220823_033000.WAV,Telephone Field,recover-20220825,002,1795
962.8405,962.8808,68437,82735,Rhinolophus ferrumequinum,0.026,0.026,-1,Echolocation,/mnt/ubna_data_01_mir/recover-20220825/UBNA_002/20220823_033000.WAV,Telephone Field,recover-20220825,002,1795
962.8505,962.8893,68437,82876,Rhinolophus ferrumequinum,0.023,0.023,-1,Echolocation,/mnt/ubna_data_01_mir/recover-20220825/UBNA_002/20220823_033000.WAV,Telephone Field,recover-20220825,002,1795
962.8685,962.9069,68437,82491,Rhinolophus ferrumequinum,0.021,0.021,-1,Echolocation,/mnt/ubna_data_01_mir/recover-20220825/UBNA_002/20220823_033000.WAV,Telephone Field,recover-20220825,002,1795
962.9345,962.9737,68437,82649,Rhinolophus ferrumequinum,0.027,0.027,-1,Echolocation,/mnt/ubna_data_01_mir/recover-20220825/UBNA_002/20220823_033000.WAV,Telephone Field,recover-20220825,002,1795
962.9375,962.9512,22890,28675,Nyctalus leisleri,0.014,0.033,-1,Echolocation,/mnt/ubna_data_01_mir/recover-20220825/UBNA_002/20220823_033000.WAV,Telephone Field,recover-20220825,002,1795
962.9615,962.9989,68437,81521,Rhinolophus ferrumequinum,0.021,0.021,-1,Echolocation,/mnt/ubna_data_01_mir/recover-20220825/UBNA_002/20220823_033000.WAV,Telephone Field,recover-20220825,002,1795
963.0075,963.0199,14296,21478,Nyctalus noctula,0.016,0.025,-1,Echolocation,/mnt/ubna_data_01_mir/recover-20220825/UBNA_002/20220823_033000.WAV,Telephone Field,recover-20220825,002,1795
963.0215,963.0297,26328,36741,Eptesicus serotinus,0.012,0.027,-1,Echolocation,/mnt/ubna_data_01_mir/recover-20220825/UBNA_002/20220823_033000.WAV,Telephone Field,recover-20220825,002,1795
963.0375,963.0758,68437,82104,Rhinolophus ferrumequinum,0.021,0.021,-1,Echolocation,/mnt/ubna_data_01_mir/recover-20220825/UBNA_002/20220823_033000.WAV,Telephone Field,recover-20220825,002,1795
963.0705,963.0786,51250,56606,Pipistrellus pipistrellus,0.02,0.024,-1,Echolocation,/mnt/ubna_data_01_mir/recover-20220825/UBNA_002/20220823_033000.WAV,Telephone Field,recover-20220825,002,1795
963.1115,963.1522,68437,82500,Rhinolophus ferrumequinum,0.021,0.021,-1,Echolocation,/mnt/ubna_data_01_mir/recover-20220825/UBNA_002/20220823_033000.WAV,Telephone Field,recover-20220825,002,1795
963.1945,963.2342,68437,82600,Rhinolophus ferrumequinum,0.025,0.025,-1,Echolocation,/mnt/ubna_data_01_mir/recover-20220825/UBNA_002/20220823_033000.WAV,Telephone Field,recover-20220825,002,1795
963.2035,963.2425,68437,81883,Rhinolophus ferrumequinum,0.021,0.021,-1,Echolocation,/mnt/ubna_data_01_mir/recover-20220825/UBNA_002/20220823_033000.WAV,Telephone Field,recover-20220825,002,1795
963.2055,963.2146,23750,31506,Plecotus austriacus,0.008,0.028,-1,Echolocation,/mnt/ubna_data_01_mir/recover-20220825/UBNA_002/20220823_033000.WAV,Telephone Field,recover-20220825,002,1795
963.2925,963.3297,68437,82450,Rhinolophus ferrumequinum,0.025,0.025,-1,Echolocation,/mnt/ubna_data_01_mir/recover-20220825/UBNA_002/20220823_033000.WAV,Telephone Field,recover-20220825,002,1795
963.3065,963.3459,68437,82329,Rhinolophus ferrumequinum,0.021,0.021,-1,Echolocation,/mnt/ubna_data_01_mir/recover-20220825/UBNA_002/20220823_033000.WAV,Telephone Field,recover-20220825,002,1795
963.3155,963.3243,28906,39204,Eptesicus serotinus,0.008,0.023,-1,Echolocation,/mnt/ubna_data_01_mir/recover-20220825/UBNA_002/20220823_033000.WAV,Telephone Field,recover-20220825,002,1795
963.3315,963.369,68437,82120,Rhinolophus ferrumequinum,0.021,0.021,-1,Echolocation,/mnt/ubna_data_01_mir/recover-20220825/UBNA_002/20220823_033000.WAV,Telephone Field,recover-20220825,002,1795
963.4515,963.4602,23750,30414,Plecotus austriacus,0.006,0.021,-1,Echolocation,/mnt/ubna_data_01_mir/recover-20220825/UBNA_002/20220823_033000.WAV,Telephone Field,recover-20220825,002,1795
963.4575,963.4946,68437,81411,Rhinolophus ferrumequinum,0.023,0.023,-1,Echolocation,/mnt/ubna_data_01_mir/recover-20220825/UBNA_002/20220823_033000.WAV,Telephone Field,recover-20220825,002,1795
963.4815,963.5231,68437,82593,Rhinolophus ferrumequinum,0.023,0.023,-1,Echolocation,/mnt/ubna_data_01_mir/recover-20220825/UBNA_002/20220823_033000.WAV,Telephone Field,recover-20220825,002,1795
963.5405,963.5483,28046,39647,Eptesicus serotinus,0.007,0.021,-1,Echolocation,/mnt/ubna_data_01_mir/recover-20220825/UBNA_002/20220823_033000.WAV,Telephone Field,recover-20220825,002,1795
963.5455,963.5851,68437,82805,Rhinolophus ferrumequinum,0.025,0.025,-1,Echolocation,/mnt/ubna_data_01_mir/recover-20220825/UBNA_002/20220823_033000.WAV,Telephone Field,recover-20220825,002,1795
963.5915,963.6322,68437,82190,Rhinolophus ferrumequinum,0.022,0.022,-1,Echolocation,/mnt/ubna_data_01_mir/recover-20220825/UBNA_002/20220823_033000.WAV,Telephone Field,recover-20220825,002,1795
963.5955,963.6052,28906,37339,Eptesicus serotinus,0.009,0.023,-1,Echolocation,/mnt/ubna_data_01_mir/recover-20220825/UBNA_002/20220823_033000.WAV,Telephone Field,recover-20220825,002,1795
963.6245,963.6624,68437,82180,Rhinolophus ferrumequinum,0.02,0.02,-1,Echolocation,/mnt/ubna_data_01_mir/recover-20220825/UBNA_002/20220823_033000.WAV,Telephone Field,recover-20220825,002,1795
963.6505,963.6566,28906,39265,Eptesicus serotinus,0.006,0.025,-1,Echolocation,/mnt/ubna_data_01_mir/recover-20220825/UBNA_002/20220823_033000.WAV,Telephone Field,recover-20220825,002,1795
963.6515,963.6625,22031,27224,Nyctalus leisleri,0.015,0.034,-1,Echolocation,/mnt/ubna_data_01_mir/recover-20220825/UBNA_002/20220823_033000.WAV,Telephone Field,recover-20220825,002,1795
963.6785,963.7175,68437,82084,Rhinolophus ferrumequinum,0.021,0.021,-1,Echolocation,/mnt/ubna_data_01_mir/recover-20220825/UBNA_002/20220823_033000.WAV,Telephone Field,recover-20220825,002,1795
963.6785,963.6896,28906,35832,Eptesicus serotinus,0.009,0.022,-1,Echolocation,/mnt/ubna_data_01_mir/recover-20220825/UBNA_002/20220823_033000.WAV,Telephone Field,recover-20220825,002,1795
963.6835,963.6946,23750,29145,Nyctalus leisleri,0.011,0.023,-1,Echolocation,/mnt/ubna_data_01_mir/recover-20220825/UBNA_002/20220823_033000.WAV,Telephone Field,recover-20220825,002,1795
963.6875,963.7274,68437,82415,Rhinolophus ferrumequinum,0.023,0.023,-1,Echolocation,/mnt/ubna_data_01_mir/recover-20220825/UBNA_002/20220823_033000.WAV,Telephone Field,recover-20220825,002,1795
963.8015,963.8419,68437,82762,Rhinolophus ferrumequinum,0.022,0.022,-1,Echolocation,/mnt/ubna_data_01_mir/recover-20220825/UBNA_002/20220823_033000.WAV,Telephone Field,recover-20220825,002,1795
963.8155,963.8233,26328,37835,Eptesicus serotinus,0.01,0.025,-1,Echolocation,/mnt/ubna_data_01_mir/recover-20220825/UBNA_002/20220823_033000.WAV,Telephone Field,recover-20220825,002,1795
963.8795,963.8902,26328,34054,Eptesicus serotinus,0.014,0.03,-1,Echolocation,/mnt/ubna_data_01_mir/recover-20220825/UBNA_002/20220823_033000.WAV,Telephone Field,recover-20220825,002,1795
963.8895,963.9251,68437,81456,Rhinolophus ferrumequinum,0.022,0.022,-1,Echolocation,/mnt/ubna_data_01_mir/recover-20220825/UBNA_002/20220823_033000.WAV,Telephone Field,recover-20220825,002,1795
963.9075,963.9188,22031,26298,Nyctalus leisleri,0.012,0.022,-1,Echolocation,/mnt/ubna_data_01_mir/recover-20220825/UBNA_002/20220823_033000.WAV,Telephone Field,recover-20220825,002,1795
963.9465,963.9534,28046,38074,Eptesicus serotinus,0.006,0.022,-1,Echolocation,/mnt/ubna_data_01_mir/recover-20220825/UBNA_002/20220823_033000.WAV,Telephone Field,recover-20220825,002,1795
963.9535,963.9611,28046,40839,Eptesicus serotinus,0.006,0.022,-1,Echolocation,/mnt/ubna_data_01_mir/recover-20220825/UBNA_002/20220823_033000.WAV,Telephone Field,recover-20220825,002,1795
964.0015,964.0101,25468,34029,Nyctalus leisleri,0.008,0.025,-1,Echolocation,/mnt/ubna_data_01_mir/recover-20220825/UBNA_002/20220823_033000.WAV,Telephone Field,recover-20220825,002,1795
964.0015,964.0322,69296,81334,Rhinolophus ferrumequinum,0.023,0.023,-1,Echolocation,/mnt/ubna_data_01_mir/recover-20220825/UBNA_002/20220823_033000.WAV,Telephone Field,recover-20220825,002,1795
964.0125,964.0534,68437,82510,Rhinolophus ferrumequinum,0.024,0.024,-1,Echolocation,/mnt/ubna_data_01_mir/recover-20220825/UBNA_002/20220823_033000.WAV,Telephone Field,recover-20220825,002,1795
964.0555,964.0622,28046,42289,Eptesicus serotinus,0.006,0.022,-1,Echolocation,/mnt/ubna_data_01_mir/recover-20220825/UBNA_002/20220823_033000.WAV,Telephone Field,recover-20220825,002,1795
964.0935,964.1029,28046,38179,Eptesicus serotinus,0.009,0.023,-1,Echolocation,/mnt/ubna_data_01_mir/recover-20220825/UBNA_002/20220823_033000.WAV,Telephone Field,recover-20220825,002,1795
964.1025,964.1108,28906,38370,Eptesicus serotinus,0.008,0.023,-1,Echolocation,/mnt/ubna_data_01_mir/recover-20220825/UBNA_002/20220823_033000.WAV,Telephone Field,recover-20220825,002,1795
964.1125,964.1528,68437,81873,Rhinolophus ferrumequinum,0.022,0.022,-1,Echolocation,/mnt/ubna_data_01_mir/recover-20220825/UBNA_002/20220823_033000.WAV,Telephone Field,recover-20220825,002,1795
964.1165,964.1291,22031,25688,Nyctalus leisleri,0.013,0.021,-1,Echolocation,/mnt/ubna_data_01_mir/recover-20220825/UBNA_002/20220823_033000.WAV,Telephone Field,recover-20220825,002,1795
964.1465,964.1545,23750,31387,Plecotus austriacus,0.008,0.021,-1,Echolocation,/mnt/ubna_data_01_mir/recover-20220825/UBNA_002/20220823_033000.WAV,Telephone Field,recover-20220825,002,1795
964.1755,964.2161,68437,82355,Rhinolophus ferrumequinum,0.023,0.023,-1,Echolocation,/mnt/ubna_data_01_mir/recover-20220825/UBNA_002/20220823_033000.WAV,Telephone Field,recover-20220825,002,1795
964.1915,964.2028,27187,33391,Eptesicus serotinus,0.01,0.022,-1,Echolocation,/mnt/ubna_data_01_mir/recover-20220825/UBNA_002/20220823_033000.WAV,Telephone Field,recover-20220825,002,1795
964.2145,964.2521,68437,81900,Rhinolophus ferrumequinum,0.02,0.02,-1,Echolocation,/mnt/ubna_data_01_mir/recover-20220825/UBNA_002/20220823_033000.WAV,Telephone Field,recover-20220825,002,1795
964.2155,964.2243,28906,36048,Eptesicus serotinus,0.026,0.052,-1,Echolocation,/mnt/ubna_data_01_mir/recover-20220825/UBNA_002/20220823_033000.WAV,Telephone Field,recover-20220825,002,1795
964.2445,964.2538,28046,40492,Eptesicus serotinus,0.009,0.021,-1,Echolocation,/mnt/ubna_data_01_mir/recover-20220825/UBNA_002/20220823_033000.WAV,Telephone Field,recover-20220825,002,1795
964.2525,964.2611,29765,38859,Eptesicus serotinus,0.008,0.021,-1,Echolocation,/mnt/ubna_data_01_mir/recover-20220825/UBNA_002/20220823_033000.WAV,Telephone Field,recover-20220825,002,1795
964.2985,964.3365,68437,82041,Rhinolophus ferrumequinum,0.02,0.02,-1,Echolocation,/mnt/ubna_data_01_mir/recover-20220825/UBNA_002/20220823_033000.WAV,Telephone Field,recover-20220825,002,1795
964.3235,964.3658,68437,83083,Rhinolophus ferrumequinum,0.024,0.024,-1,Echolocation,/mnt/ubna_data_01_mir/recover-20220825/UBNA_002/20220823_033000.WAV,Telephone Field,recover-20220825,002,1795
964.3345,964.3756,68437,82770,Rhinolophus ferrumequinum,0.023,0.023,-1,Echolocation,/mnt/ubna_data_01_mir/recover-20220825/UBNA_002/20220823_033000.WAV,Telephone Field,recover-20220825,002,1795
964.3855,964.405,19453,22272,Nyctalus leisleri,0.012,0.022,-1,Echolocation,/mnt/ubna_data_01_mir/recover-20220825/UBNA_002/20220823_033000.WAV,Telephone Field,recover-20220825,002,1795
964.4495,964.4879,68437,82488,Rhinolophus ferrumequinum,0.021,0.021,-1,Echolocation,/mnt/ubna_data_01_mir/recover-20220825/UBNA_002/20220823_033000.WAV,Telephone Field,recover-20220825,002,1795
964.4615,964.4701,30625,38273,Myotis daubentonii,0.006,0.022,-1,Echolocation,/mnt/ubna_data_01_mir/recover-20220825/UBNA_002/20220823_033000.WAV,Telephone Field,recover-20220825,002,1795
964.4735,964.5119,68437,81646,Rhinolophus ferrumequinum,0.022,0.022,-1,Echolocation,/mnt/ubna_data_01_mir/recover-20220825/UBNA_002/20220823_033000.WAV,Telephone Field,recover-20220825,002,1795
964.5015,964.5089,28046,40001,Eptesicus serotinus,0.007,0.02,-1,Echolocation,/mnt/ubna_data_01_mir/recover-20220825/UBNA_002/20220823_033000.WAV,Telephone Field,recover-20220825,002,1795
964.5345,964.5801,68437,83398,Rhinolophus ferrumequinum,0.055,0.055,-1,Echolocation,/mnt/ubna_data_01_mir/recover-20220825/UBNA_002/20220823_033000.WAV,Telephone Field,recover-20220825,002,1795
964.5505,964.5578,30625,48120,Myotis daubentonii,0.01,0.024,-1,Echolocation,/mnt/ubna_data_01_mir/recover-20220825/UBNA_002/20220823_033000.WAV,Telephone Field,recover-20220825,002,1795
964.5675,964.5741,31484,41003,Myotis daubentonii,0.01,0.035,-1,Echolocation,/mnt/ubna_data_01_mir/recover-20220825/UBNA_002/20220823_033000.WAV,Telephone Field,recover-20220825,002,1795
964.6065,964.6492,68437,83690,Rhinolophus ferrumequinum,0.029,0.029,-1,Echolocation,/mnt/ubna_data_01_mir/recover-20220825/UBNA_002/20220823_033000.WAV,Telephone Field,recover-20220825,002,1795
964.6405,964.6769,68437,81382,Rhinolophus ferrumequinum,0.023,0.023,-1,Echolocation,/mnt/ubna_data_01_mir/recover-20220825/UBNA_002/20220823_033000.WAV,Telephone Field,recover-20220825,002,1795
964.6545,964.6639,26328,35760,Eptesicus serotinus,0.011,0.026,-1,Echolocation,/mnt/ubna_data_01_mir/recover-20220825/UBNA_002/20220823_033000.WAV,Telephone Field,recover-20220825,002,1795
964.6955,964.7312,68437,81524,Rhinolophus ferrumequinum,0.026,0.026,-1,Echolocation,/mnt/ubna_data_01_mir/recover-20220825/UBNA_002/20220823_033000.WAV,Telephone Field,recover-20220825,002,1795
964.7095,964.749,68437,81646,Rhinolophus ferrumequinum,0.021,0.021,-1,Echolocation,/mnt/ubna_data_01_mir/recover-20220825/UBNA_002/20220823_033000.WAV,Telephone Field,recover-20220825,002,1795
964.7805,964.7917,28046,34899,Eptesicus serotinus,0.018,0.032,-1,Echolocation,/mnt/ubna_data_01_mir/recover-20220825/UBNA_002/20220823_033000.WAV,Telephone Field,recover-20220825,002,1795
964.7985,964.8099,43515,46916,Pipistrellus pipistrellus,0.018,0.021,-1,Echolocation,/mnt/ubna_data_01_mir/recover-20220825/UBNA_002/20220823_033000.WAV,Telephone Field,recover-20220825,002,1795
964.8335,964.8426,22890,29863,Plecotus austriacus,0.008,0.022,-1,Echolocation,/mnt/ubna_data_01_mir/recover-20220825/UBNA_002/20220823_033000.WAV,Telephone Field,recover-20220825,002,1795
964.8875,964.8979,28906,35396,Eptesicus serotinus,0.009,0.022,-1,Echolocation,/mnt/ubna_data_01_mir/recover-20220825/UBNA_002/20220823_033000.WAV,Telephone Field,recover-20220825,002,1795
964.8875,964.8959,23750,31137,Plecotus austriacus,0.007,0.022,-1,Echolocation,/mnt/ubna_data_01_mir/recover-20220825/UBNA_002/20220823_033000.WAV,Telephone Field,recover-20220825,002,1795
964.9355,964.9457,22890,28282,Nyctalus leisleri,0.01,0.022,-1,Echolocation,/mnt/ubna_data_01_mir/recover-20220825/UBNA_002/20220823_033000.WAV,Telephone Field,recover-20220825,002,1795
964.9565,964.9962,68437,82126,Rhinolophus ferrumequinum,0.022,0.022,-1,Echolocation,/mnt/ubna_data_01_mir/recover-20220825/UBNA_002/20220823_033000.WAV,Telephone Field,recover-20220825,002,1795
964.9725,964.98,26328,40601,Eptesicus serotinus,0.006,0.021,-1,Echolocation,/mnt/ubna_data_01_mir/recover-20220825/UBNA_002/20220823_033000.WAV,Telephone Field,recover-20220825,002,1795
964.9795,965.019,68437,82388,Rhinolophus ferrumequinum,0.022,0.022,-1,Echolocation,/mnt/ubna_data_01_mir/recover-20220825/UBNA_002/20220823_033000.WAV,Telephone Field,recover-20220825,002,1795
964.9855,965.0224,68437,82067,Rhinolophus ferrumequinum,0.021,0.021,-1,Echolocation,/mnt/ubna_data_01_mir/recover-20220825/UBNA_002/20220823_033000.WAV,Telephone Field,recover-20220825,002,1795
965.0085,965.0154,46953,51091,Pipistrellus pipistrellus,0.02,0.021,-1,Echolocation,/mnt/ubna_data_01_mir/recover-20220825/UBNA_002/20220823_033000.WAV,Telephone Field,recover-20220825,002,1795
965.0445,965.0828,68437,82154,Rhinolophus ferrumequinum,0.022,0.022,-1,Echolocation,/mnt/ubna_data_01_mir/recover-20220825/UBNA_002/20220823_033000.WAV,Telephone Field,recover-20220825,002,1795
965.1135,965.1206,27187,39042,Eptesicus serotinus,0.006,0.021,-1,Echolocation,/mnt/ubna_data_01_mir/recover-20220825/UBNA_002/20220823_033000.WAV,Telephone Field,recover-20220825,002,1795
965.1525,965.1939,68437,82404,Rhinolophus ferrumequinum,0.024,0.024,-1,Echolocation,/mnt/ubna_data_01_mir/recover-20220825/UBNA_002/20220823_033000.WAV,Telephone Field,recover-20220825,002,1795
965.1755,965.1855,22890,28725,Nyctalus leisleri,0.008,0.021,-1,Echolocation,/mnt/ubna_data_01_mir/recover-20220825/UBNA_002/20220823_033000.WAV,Telephone Field,recover-20220825,002,1795
965.2855,965.323,68437,82162,Rhinolophus ferrumequinum,0.022,0.022,-1,Echolocation,/mnt/ubna_data_01_mir/recover-20220825/UBNA_002/20220823_033000.WAV,Telephone Field,recover-20220825,002,1795
965.3385,965.3499,26328,31142,Eptesicus serotinus,0.014,0.036,-1,Echolocation,/mnt/ubna_data_01_mir/recover-20220825/UBNA_002/20220823_033000.WAV,Telephone Field,recover-20220825,002,1795
965.3435,965.3857,68437,82584,Rhinolophus ferrumequinum,0.037,0.037,-1,Echolocation,/mnt/ubna_data_01_mir/recover-20220825/UBNA_002/20220823_033000.WAV,Telephone Field,recover-20220825,002,1795
965.3595,965.3665,27187,41429,Eptesicus serotinus,0.005,0.021,-1,Echolocation,/mnt/ubna_data_01_mir/recover-20220825/UBNA_002/20220823_033000.WAV,Telephone Field,recover-20220825,002,1795
965.3835,965.391,25468,34816,Eptesicus serotinus,0.006,0.021,-1,Echolocation,/mnt/ubna_data_01_mir/recover-20220825/UBNA_002/20220823_033000.WAV,Telephone Field,recover-20220825,002,1795
965.4095,965.45,68437,82530,Rhinolophus ferrumequinum,0.027,0.027,-1,Echolocation,/mnt/ubna_data_01_mir/recover-20220825/UBNA_002/20220823_033000.WAV,Telephone Field,recover-20220825,002,1795
965.4305,965.4402,29765,37448,Eptesicus serotinus,0.009,0.022,-1,Echolocation,/mnt/ubna_data_01_mir/recover-20220825/UBNA_002/20220823_033000.WAV,Telephone Field,recover-20220825,002,1795
965.4995,965.5406,68437,82642,Rhinolophus ferrumequinum,0.021,0.022,-1,Echolocation,/mnt/ubna_data_01_mir/recover-20220825/UBNA_002/20220823_033000.WAV,Telephone Field,recover-20220825,002,1795
965.5085,965.5498,68437,83590,Rhinolophus ferrumequinum,0.025,0.025,-1,Echolocation,/mnt/ubna_data_01_mir/recover-20220825/UBNA_002/20220823_033000.WAV,Telephone Field,recover-20220825,002,1795
965.5145,965.5526,68437,82222,Rhinolophus ferrumequinum,0.02,0.02,-1,Echolocation,/mnt/ubna_data_01_mir/recover-20220825/UBNA_002/20220823_033000.WAV,Telephone Field,recover-20220825,002,1795
965.5255,965.5619,68437,81716,Rhinolophus ferrumequinum,0.023,0.023,-1,Echolocation,/mnt/ubna_data_01_mir/recover-20220825/UBNA_002/20220823_033000.WAV,Telephone Field,recover-20220825,002,1795
965.5625,965.6017,68437,82290,Rhinolophus ferrumequinum,0.021,0.021,-1,Echolocation,/mnt/ubna_data_01_mir/recover-20220825/UBNA_002/20220823_033000.WAV,Telephone Field,recover-20220825,002,1795
965.5755,965.5835,26328,35131,Eptesicus serotinus,0.007,0.02,-1,Echolocation,/mnt/ubna_data_01_mir/recover-20220825/UBNA_002/20220823_033000.WAV,Telephone Field,recover-20220825,002,1795
965.5905,965.6279,68437,81874,Rhinolophus ferrumequinum,0.022,0.022,-1,Echolocation,/mnt/ubna_data_01_mir/recover-20220825/UBNA_002/20220823_033000.WAV,Telephone Field,recover-20220825,002,1795
965.5935,965.6014,27187,39078,Eptesicus serotinus,0.007,0.02,-1,Echolocation,/mnt/ubna_data_01_mir/recover-20220825/UBNA_002/20220823_033000.WAV,Telephone Field,recover-20220825,002,1795
965.5995,965.6356,68437,80825,Rhinolophus ferrumequinum,0.025,0.025,-1,Echolocation,/mnt/ubna_data_01_mir/recover-20220825/UBNA_002/20220823_033000.WAV,Telephone Field,recover-20220825,002,1795
965.6285,965.6675,68437,82393,Rhinolophus ferrumequinum,0.022,0.022,-1,Echolocation,/mnt/ubna_data_01_mir/recover-20220825/UBNA_002/20220823_033000.WAV,Telephone Field,recover-20220825,002,1795
965.6565,965.6671,24609,31179,Nyctalus leisleri,0.01,0.028,-1,Echolocation,/mnt/ubna_data_01_mir/recover-20220825/UBNA_002/20220823_033000.WAV,Telephone Field,recover-20220825,002,1795
965.7295,965.7712,68437,82889,Rhinolophus ferrumequinum,0.023,0.023,-1,Echolocation,/mnt/ubna_data_01_mir/recover-20220825/UBNA_002/20220823_033000.WAV,Telephone Field,recover-20220825,002,1795
965.7405,965.7801,68437,82517,Rhinolophus ferrumequinum,0.021,0.021,-1,Echolocation,/mnt/ubna_data_01_mir/recover-20220825/UBNA_002/20220823_033000.WAV,Telephone Field,recover-20220825,002,1795
965.8055,965.8439,68437,82039,Rhinolophus ferrumequinum,0.021,0.021,-1,Echolocation,/mnt/ubna_data_01_mir/recover-20220825/UBNA_002/20220823_033000.WAV,Telephone Field,recover-20220825,002,1795
965.8765,965.917,68437,82283,Rhinolophus ferrumequinum,0.02,0.021,-1,Echolocation,/mnt/ubna_data_01_mir/recover-20220825/UBNA_002/20220823_033000.WAV,Telephone Field,recover-20220825,002,1795
965.8795,965.8882,23750,32056,Plecotus austriacus,0.006,0.021,-1,Echolocation,/mnt/ubna_data_01_mir/recover-20220825/UBNA_002/20220823_033000.WAV,Telephone Field,recover-20220825,002,1795
965.9155,965.9493,68437,81770,Rhinolophus ferrumequinum,0.021,0.021,-1,Echolocation,/mnt/ubna_data_01_mir/recover-20220825/UBNA_002/20220823_033000.WAV,Telephone Field,recover-20220825,002,1795
965.9385,965.9497,25468,32332,Nyctalus leisleri,0.008,0.023,-1,Echolocation,/mnt/ubna_data_01_mir/recover-20220825/UBNA_002/20220823_033000.WAV,Telephone Field,recover-20220825,002,1795
965.9495,965.988,68437,82218,Rhinolophus ferrumequinum,0.024,0.024,-1,Echolocation,/mnt/ubna_data_01_mir/recover-20220825/UBNA_002/20220823_033000.WAV,Telephone Field,recover-20220825,002,1795
965.9585,965.9951,68437,81113,Rhinolophus ferrumequinum,0.022,0.022,-1,Echolocation,/mnt/ubna_data_01_mir/recover-20220825/UBNA_002/20220823_033000.WAV,Telephone Field,recover-20220825,002,1795
966.0015,966.0106,22890,30496,Nyctalus leisleri,0.008,0.029,-1,Echolocation,/mnt/ubna_data_01_mir/recover-20220825/UBNA_002/20220823_033000.WAV,Telephone Field,recover-20220825,002,1795
966.0015,966.0334,69296,81039,Rhinolophus ferrumequinum,0.033,0.033,-1,Echolocation,/mnt/ubna_data_01_mir/recover-20220825/UBNA_002/20220823_033000.WAV,Telephone Field,recover-20220825,002,1795
966.0015,966.0099,47812,54235,Pipistrellus pipistrellus,0.017,0.024,-1,Echolocation,/mnt/ubna_data_01_mir/recover-20220825/UBNA_002/20220823_033000.WAV,Telephone Field,recover-20220825,002,1795
966.0075,966.0153,27187,38044,Eptesicus serotinus,0.007,0.024,-1,Echolocation,/mnt/ubna_data_01_mir/recover-20220825/UBNA_002/20220823_033000.WAV,Telephone Field,recover-20220825,002,1795
966.0095,966.0489,68437,82520,Rhinolophus ferrumequinum,0.029,0.029,-1,Echolocation,/mnt/ubna_data_01_mir/recover-20220825/UBNA_002/20220823_033000.WAV,Telephone Field,recover-20220825,002,1795
966.0925,966.1301,68437,82647,Rhinolophus ferrumequinum,0.024,0.024,-1,Echolocation,/mnt/ubna_data_01_mir/recover-20220825/UBNA_002/20220823_033000.WAV,Telephone Field,recover-20220825,002,1795
966.1175,966.126,28046,38127,Eptesicus serotinus,0.008,0.023,-1,Echolocation,/mnt/ubna_data_01_mir/recover-20220825/UBNA_002/20220823_033000.WAV,Telephone Field,recover-20220825,002,1795
966.1215,966.1639,68437,83001,Rhinolophus ferrumequinum,0.03,0.03,-1,Echolocation,/mnt/ubna_data_01_mir/recover-20220825/UBNA_002/20220823_033000.WAV,Telephone Field,recover-20220825,002,1795
966.1445,966.1536,27187,36911,Eptesicus serotinus,0.009,0.025,-1,Echolocation,/mnt/ubna_data_01_mir/recover-20220825/UBNA_002/20220823_033000.WAV,Telephone Field,recover-20220825,002,1795
966.1695,966.175,40078,54619,Myotis daubentonii,0.008,0.03,-1,Echolocation,/mnt/ubna_data_01_mir/recover-20220825/UBNA_002/20220823_033000.WAV,Telephone Field,recover-20220825,002,1795
966.1745,966.1809,27187,39991,Eptesicus serotinus,0.007,0.026,-1,Echolocation,/mnt/ubna_data_01_mir/recover-20220825/UBNA_002/20220823_033000.WAV,Telephone Field,recover-20220825,002,1795
966.2055,966.245,68437,82406,Rhinolophus ferrumequinum,0.023,0.023,-1,Echolocation,/mnt/ubna_data_01_mir/recover-20220825/UBNA_002/20220823_033000.WAV,Telephone Field,recover-20220825,002,1795
966.2865,966.2972,22890,27105,Nyctalus leisleri,0.013,0.024,-1,Echolocation,/mnt/ubna_data_01_mir/recover-20220825/UBNA_002/20220823_033000.WAV,Telephone Field,recover-20220825,002,1795
966.2955,966.334,68437,82529,Rhinolophus ferrumequinum,0.024,0.024,-1,Echolocation,/mnt/ubna_data_01_mir/recover-20220825/UBNA_002/20220823_033000.WAV,Telephone Field,recover-20220825,002,1795
966.3395,966.3468,27187,37615,Eptesicus serotinus,0.007,0.022,-1,Echolocation,/mnt/ubna_data_01_mir/recover-20220825/UBNA_002/20220823_033000.WAV,Telephone Field,recover-20220825,002,1795
966.3625,966.3737,26328,34961,Eptesicus serotinus,0.012,0.025,-1,Echolocation,/mnt/ubna_data_01_mir/recover-20220825/UBNA_002/20220823_033000.WAV,Telephone Field,recover-20220825,002,1795
966.3805,966.4234,68437,83495,Rhinolophus ferrumequinum,0.036,0.036,-1,Echolocation,/mnt/ubna_data_01_mir/recover-20220825/UBNA_002/20220823_033000.WAV,Telephone Field,recover-20220825,002,1795
966.3925,966.401,27187,38107,Eptesicus serotinus,0.009,0.026,-1,Echolocation,/mnt/ubna_data_01_mir/recover-20220825/UBNA_002/20220823_033000.WAV,Telephone Field,recover-20220825,002,1795
966.3975,966.4385,68437,82844,Rhinolophus ferrumequinum,0.031,0.031,-1,Echolocation,/mnt/ubna_data_01_mir/recover-20220825/UBNA_002/20220823_033000.WAV,Telephone Field,recover-20220825,002,1795
966.4355,966.446,23750,29793,Nyctalus leisleri,0.009,0.022,-1,Echolocation,/mnt/ubna_data_01_mir/recover-20220825/UBNA_002/20220823_033000.WAV,Telephone Field,recover-20220825,002,1795
966.4675,966.5089,68437,83026,Rhinolophus ferrumequinum,0.023,0.023,-1,Echolocation,/mnt/ubna_data_01_mir/recover-20220825/UBNA_002/20220823_033000.WAV,Telephone Field,recover-20220825,002,1795
966.4735,966.4819,44375,54361,Pipistrellus pipistrellus,0.013,0.025,-1,Echolocation,/mnt/ubna_data_01_mir/recover-20220825/UBNA_002/20220823_033000.WAV,Telephone Field,recover-20220825,002,1795
966.5375,966.548,24609,31444,Nyctalus leisleri,0.008,0.023,-1,Echolocation,/mnt/ubna_data_01_mir/recover-20220825/UBNA_002/20220823_033000.WAV,Telephone Field,recover-20220825,002,1795
966.6085,966.6208,45234,50363,Pipistrellus pipistrellus,0.024,0.031,-1,Echolocation,/mnt/ubna_data_01_mir/recover-20220825/UBNA_002/20220823_033000.WAV,Telephone Field,recover-20220825,002,1795
966.6135,966.6224,28046,36681,Eptesicus serotinus,0.008,0.021,-1,Echolocation,/mnt/ubna_data_01_mir/recover-20220825/UBNA_002/20220823_033000.WAV,Telephone Field,recover-20220825,002,1795
966.6365,966.6441,28046,38329,Eptesicus serotinus,0.007,0.022,-1,Echolocation,/mnt/ubna_data_01_mir/recover-20220825/UBNA_002/20220823_033000.WAV,Telephone Field,recover-20220825,002,1795
966.6535,966.6879,68437,81301,Rhinolophus ferrumequinum,0.024,0.024,-1,Echolocation,/mnt/ubna_data_01_mir/recover-20220825/UBNA_002/20220823_033000.WAV,Telephone Field,recover-20220825,002,1795
966.7085,966.7492,68437,82564,Rhinolophus ferrumequinum,0.022,0.022,-1,Echolocation,/mnt/ubna_data_01_mir/recover-20220825/UBNA_002/20220823_033000.WAV,Telephone Field,recover-20220825,002,1795
966.7105,966.7231,24609,30545,Nyctalus leisleri,0.017,0.043,-1,Echolocation,/mnt/ubna_data_01_mir/recover-20220825/UBNA_002/20220823_033000.WAV,Telephone Field,recover-20220825,002,1795
966.7225,966.7313,27187,39360,Eptesicus serotinus,0.009,0.023,-1,Echolocation,/mnt/ubna_data_01_mir/recover-20220825/UBNA_002/20220823_033000.WAV,Telephone Field,recover-20220825,002,1795
966.7625,966.7733,25468,32721,Eptesicus serotinus,0.014,0.038,-1,Echolocation,/mnt/ubna_data_01_mir/recover-20220825/UBNA_002/20220823_033000.WAV,Telephone Field,recover-20220825,002,1795
966.8005,966.8109,51250,55772,Pipistrellus pipistrellus,0.024,0.029,-1,Echolocation,/mnt/ubna_data_01_mir/recover-20220825/UBNA_002/20220823_033000.WAV,Telephone Field,recover-20220825,002,1795
966.8325,966.8705,68437,82070,Rhinolophus ferrumequinum,0.026,0.026,-1,Echolocation,/mnt/ubna_data_01_mir/recover-20220825/UBNA_002/20220823_033000.WAV,Telephone Field,recover-20220825,002,1795
966.9095,966.9464,68437,81551,Rhinolophus ferrumequinum,0.022,0.022,-1,Echolocation,/mnt/ubna_data_01_mir/recover-20220825/UBNA_002/20220823_033000.WAV,Telephone Field,recover-20220825,002,1795
966.9305,966.9382,27187,39461,Eptesicus serotinus,0.007,0.022,-1,Echolocation,/mnt/ubna_data_01_mir/recover-20220825/UBNA_002/20220823_033000.WAV,Telephone Field,recover-20220825,002,1795
966.9315,966.971,68437,82364,Rhinolophus ferrumequinum,0.024,0.024,-1,Echolocation,/mnt/ubna_data_01_mir/recover-20220825/UBNA_002/20220823_033000.WAV,Telephone Field,recover-20220825,002,1795
966.9825,966.9884,31484,39781,Myotis daubentonii,0.013,0.03,-1,Echolocation,/mnt/ubna_data_01_mir/recover-20220825/UBNA_002/20220823_033000.WAV,Telephone Field,recover-20220825,002,1795
966.9955,967.0346,68437,82460,Rhinolophus ferrumequinum,0.023,0.023,-1,Echolocation,/mnt/ubna_data_01_mir/recover-20220825/UBNA_002/20220823_033000.WAV,Telephone Field,recover-20220825,002,1795
967.0235,967.0634,68437,82249,Rhinolophus ferrumequinum,0.026,0.026,-1,Echolocation,/mnt/ubna_data_01_mir/recover-20220825/UBNA_002/20220823_033000.WAV,Telephone Field,recover-20220825,002,1795
967.0285,967.0363,28046,37118,Eptesicus serotinus,0.008,0.025,-1,Echolocation,/mnt/ubna_data_01_mir/recover-20220825/UBNA_002/20220823_033000.WAV,Telephone Field,recover-20220825,002,1795
967.0525,967.0706,21171,24541,Nyctalus leisleri,0.013,0.022,-1,Echolocation,/mnt/ubna_data_01_mir/recover-20220825/UBNA_002/20220823_033000.WAV,Telephone Field,recover-20220825,002,1795
967.0635,967.0739,23750,29830,Nyctalus leisleri,0.01,0.026,-1,Echolocation,/mnt/ubna_data_01_mir/recover-20220825/UBNA_002/20220823_033000.WAV,Telephone Field,recover-20220825,002,1795
967.0785,967.1178,68437,82105,Rhinolophus ferrumequinum,0.023,0.023,-1,Echolocation,/mnt/ubna_data_01_mir/recover-20220825/UBNA_002/20220823_033000.WAV,Telephone Field,recover-20220825,002,1795
967.1055,967.1419,68437,81049,Rhinolophus ferrumequinum,0.023,0.024,-1,Echolocation,/mnt/ubna_data_01_mir/recover-20220825/UBNA_002/20220823_033000.WAV,Telephone Field,recover-20220825,002,1795
967.1125,967.1201,26328,38559,Eptesicus serotinus,0.007,0.024,-1,Echolocation,/mnt/ubna_data_01_mir/recover-20220825/UBNA_002/20220823_033000.WAV,Telephone Field,recover-20220825,002,1795
967.1325,967.1646,68437,81081,Rhinolophus ferrumequinum,0.022,0.022,-1,Echolocation,/mnt/ubna_data_01_mir/recover-20220825/UBNA_002/20220823_033000.WAV,Telephone Field,recover-20220825,002,1795
967.1805,967.1935,45234,48488,Pipistrellus pipistrellus,0.026,0.032,-1,Echolocation,/mnt/ubna_data_01_mir/recover-20220825/UBNA_002/20220823_033000.WAV,Telephone Field,recover-20220825,002,1795
967.1825,967.2204,68437,82285,Rhinolophus ferrumequinum,0.021,0.021,-1,Echolocation,/mnt/ubna_data_01_mir/recover-20220825/UBNA_002/20220823_033000.WAV,Telephone Field,recover-20220825,002,1795
967.2115,967.2189,24609,34842,Plecotus austriacus,0.01,0.029,-1,Echolocation,/mnt/ubna_data_01_mir/recover-20220825/UBNA_002/20220823_033000.WAV,Telephone Field,recover-20220825,002,1795
967.2315,967.2694,68437,82350,Rhinolophus ferrumequinum,0.021,0.022,-1,Echolocation,/mnt/ubna_data_01_mir/recover-20220825/UBNA_002/20220823_033000.WAV,Telephone Field,recover-20220825,002,1795
967.2365,967.2444,27187,38539,Eptesicus serotinus,0.007,0.022,-1,Echolocation,/mnt/ubna_data_01_mir/recover-20220825/UBNA_002/20220823_033000.WAV,Telephone Field,recover-20220825,002,1795
967.2575,967.2957,68437,82528,Rhinolophus ferrumequinum,0.025,0.025,-1,Echolocation,/mnt/ubna_data_01_mir/recover-20220825/UBNA_002/20220823_033000.WAV,Telephone Field,recover-20220825,002,1795
967.2835,967.2889,37500,55800,Myotis brandtii,0.009,0.025,-1,Echolocation,/mnt/ubna_data_01_mir/recover-20220825/UBNA_002/20220823_033000.WAV,Telephone Field,recover-20220825,002,1795
967.2945,967.3336,68437,82318,Rhinolophus ferrumequinum,0.025,0.025,-1,Echolocation,/mnt/ubna_data_01_mir/recover-20220825/UBNA_002/20220823_033000.WAV,Telephone Field,recover-20220825,002,1795
967.3405,967.3492,23750,32137,Plecotus austriacus,0.011,0.032,-1,Echolocation,/mnt/ubna_data_01_mir/recover-20220825/UBNA_002/20220823_033000.WAV,Telephone Field,recover-20220825,002,1795
967.3665,967.4034,68437,81485,Rhinolophus ferrumequinum,0.025,0.025,-1,Echolocation,/mnt/ubna_data_01_mir/recover-20220825/UBNA_002/20220823_033000.WAV,Telephone Field,recover-20220825,002,1795
967.4255,967.4604,67578,79788,Rhinolophus ferrumequinum,0.021,0.022,-1,Echolocation,/mnt/ubna_data_01_mir/recover-20220825/UBNA_002/20220823_033000.WAV,Telephone Field,recover-20220825,002,1795
967.4315,967.4373,40078,62991,Myotis brandtii,0.012,0.03,-1,Echolocation,/mnt/ubna_data_01_mir/recover-20220825/UBNA_002/20220823_033000.WAV,Telephone Field,recover-20220825,002,1795
967.4425,967.452,26328,35213,Eptesicus serotinus,0.009,0.022,-1,Echolocation,/mnt/ubna_data_01_mir/recover-20220825/UBNA_002/20220823_033000.WAV,Telephone Field,recover-20220825,002,1795
967.4865,967.4939,40078,46107,Pipistrellus nathusii,0.145,0.264,-1,Echolocation,/mnt/ubna_data_01_mir/recover-20220825/UBNA_002/20220823_033000.WAV,Telephone Field,recover-20220825,002,1795
967.5095,967.5197000000001,23750,30410,Nyctalus leisleri,0.009,0.022,-1,Echolocation,/mnt/ubna_data_01_mir/recover-20220825/UBNA_002/20220823_033000.WAV,Telephone Field,recover-20220825,002,1795
967.5145,967.554,68437,82639,Rhinolophus ferrumequinum,0.021,0.022,-1,Echolocation,/mnt/ubna_data_01_mir/recover-20220825/UBNA_002/20220823_033000.WAV,Telephone Field,recover-20220825,002,1795
967.5255,967.5674,68437,83147,Rhinolophus ferrumequinum,0.027,0.027,-1,Echolocation,/mnt/ubna_data_01_mir/recover-20220825/UBNA_002/20220823_033000.WAV,Telephone Field,recover-20220825,002,1795
967.5595,967.5697,23750,29831,Nyctalus leisleri,0.009,0.022,-1,Echolocation,/mnt/ubna_data_01_mir/recover-20220825/UBNA_002/20220823_033000.WAV,Telephone Field,recover-20220825,002,1795
967.5625,967.5997,68437,82188,Rhinolophus ferrumequinum,0.021,0.022,-1,Echolocation,/mnt/ubna_data_01_mir/recover-20220825/UBNA_002/20220823_033000.WAV,Telephone Field,recover-20220825,002,1795
967.6055,967.6425,68437,81596,Rhinolophus ferrumequinum,0.023,0.023,-1,Echolocation,/mnt/ubna_data_01_mir/recover-20220825/UBNA_002/20220823_033000.WAV,Telephone Field,recover-20220825,002,1795
967.6095,967.6179,27187,37447,Eptesicus serotinus,0.009,0.024,-1,Echolocation,/mnt/ubna_data_01_mir/recover-20220825/UBNA_002/20220823_033000.WAV,Telephone Field,recover-20220825,002,1795
967.6705,967.6784,27187,38452,Eptesicus serotinus,0.008,0.022,-1,Echolocation,/mnt/ubna_data_01_mir/recover-20220825/UBNA_002/20220823_033000.WAV,Telephone Field,recover-20220825,002,1795
967.6775,967.6869,40078,44475,Pipistrellus nathusii,0.165,0.191,-1,Echolocation,/mnt/ubna_data_01_mir/recover-20220825/UBNA_002/20220823_033000.WAV,Telephone Field,recover-20220825,002,1795
967.6955,967.7359,68437,82659,Rhinolophus ferrumequinum,0.023,0.023,-1,Echolocation,/mnt/ubna_data_01_mir/recover-20220825/UBNA_002/20220823_033000.WAV,Telephone Field,recover-20220825,002,1795
967.6955,967.7047,24609,32172,Nyctalus leisleri,0.007,0.023,-1,Echolocation,/mnt/ubna_data_01_mir/recover-20220825/UBNA_002/20220823_033000.WAV,Telephone Field,recover-20220825,002,1795
967.7295,967.7372,44375,55090,Pipistrellus pipistrellus,0.01,0.022,-1,Echolocation,/mnt/ubna_data_01_mir/recover-20220825/UBNA_002/20220823_033000.WAV,Telephone Field,recover-20220825,002,1795
967.7395,967.7523,30625,35863,Eptesicus serotinus,0.013,0.032,-1,Echolocation,/mnt/ubna_data_01_mir/recover-20220825/UBNA_002/20220823_033000.WAV,Telephone Field,recover-20220825,002,1795
967.7725,967.7812,39218,44872,Pipistrellus nathusii,0.199,0.33,-1,Echolocation,/mnt/ubna_data_01_mir/recover-20220825/UBNA_002/20220823_033000.WAV,Telephone Field,recover-20220825,002,1795
967.7755,967.7821,25468,44015,Myotis nattereri,0.008,0.028,-1,Echolocation,/mnt/ubna_data_01_mir/recover-20220825/UBNA_002/20220823_033000.WAV,Telephone Field,recover-20220825,002,1795
967.7885,967.8236,68437,81670,Rhinolophus ferrumequinum,0.022,0.022,-1,Echolocation,/mnt/ubna_data_01_mir/recover-20220825/UBNA_002/20220823_033000.WAV,Telephone Field,recover-20220825,002,1795
967.8265,967.8641,68437,81882,Rhinolophus ferrumequinum,0.026,0.026,-1,Echolocation,/mnt/ubna_data_01_mir/recover-20220825/UBNA_002/20220823_033000.WAV,Telephone Field,recover-20220825,002,1795
967.8275,967.8387,45234,49759,Pipistrellus pipistrellus,0.022,0.028,-1,Echolocation,/mnt/ubna_data_01_mir/recover-20220825/UBNA_002/20220823_033000.WAV,Telephone Field,recover-20220825,002,1795
967.8525,967.8918,68437,82768,Rhinolophus ferrumequinum,0.024,0.024,-1,Echolocation,/mnt/ubna_data_01_mir/recover-20220825/UBNA_002/20220823_033000.WAV,Telephone Field,recover-20220825,002,1795
967.8535,967.8627,26328,34693,Eptesicus serotinus,0.01,0.023,-1,Echolocation,/mnt/ubna_data_01_mir/recover-20220825/UBNA_002/20220823_033000.WAV,Telephone Field,recover-20220825,002,1795
967.8625,967.9022,68437,82332,Rhinolophus ferrumequinum,0.024,0.024,-1,Echolocation,/mnt/ubna_data_01_mir/recover-20220825/UBNA_002/20220823_033000.WAV,Telephone Field,recover-20220825,002,1795
967.8655,967.8736,40078,45801,Pipistrellus nathusii,0.313,0.496,-1,Echolocation,/mnt/ubna_data_01_mir/recover-20220825/UBNA_002/20220823_033000.WAV,Telephone Field,recover-20220825,002,1795
967.8865,967.9274,68437,82680,Rhinolophus ferrumequinum,0.022,0.022,-1,Echolocation,/mnt/ubna_data_01_mir/recover-20220825/UBNA_002/20220823_033000.WAV,Telephone Field,recover-20220825,002,1795
967.9055,967.9126,28046,37832,Eptesicus serotinus,0.007,0.023,-1,Echolocation,/mnt/ubna_data_01_mir/recover-20220825/UBNA_002/20220823_033000.WAV,Telephone Field,recover-20220825,002,1795
967.9415,967.9486,40078,48576,Pipistrellus nathusii,0.233,0.48,-1,Echolocation,/mnt/ubna_data_01_mir/recover-20220825/UBNA_002/20220823_033000.WAV,Telephone Field,recover-20220825,002,1795
967.9425,967.9797,68437,82376,Rhinolophus ferrumequinum,0.023,0.023,-1,Echolocation,/mnt/ubna_data_01_mir/recover-20220825/UBNA_002/20220823_033000.WAV,Telephone Field,recover-20220825,002,1795
968.0015,968.0338,68437,80331,Rhinolophus ferrumequinum,0.031,0.032,-1,Echolocation,/mnt/ubna_data_01_mir/recover-20220825/UBNA_002/20220823_033000.WAV,Telephone Field,recover-20220825,002,1795
968.0015,968.0101,25468,36134,Eptesicus serotinus,0.008,0.029,-1,Echolocation,/mnt/ubna_data_01_mir/recover-20220825/UBNA_002/20220823_033000.WAV,Telephone Field,recover-20220825,002,1795
968.0095,968.0539,68437,82868,Rhinolophus ferrumequinum,0.023,0.023,-1,Echolocation,/mnt/ubna_data_01_mir/recover-20220825/UBNA_002/20220823_033000.WAV,Telephone Field,recover-20220825,002,1795
968.0195,968.0263,39218,50022,Pipistrellus nathusii,0.314,0.461,-1,Echolocation,/mnt/ubna_data_01_mir/recover-20220825/UBNA_002/20220823_033000.WAV,Telephone Field,recover-20220825,002,1795
968.0415,968.0806,68437,81867,Rhinolophus ferrumequinum,0.022,0.022,-1,Echolocation,/mnt/ubna_data_01_mir/recover-20220825/UBNA_002/20220823_033000.WAV,Telephone Field,recover-20220825,002,1795
968.0935,968.0987,29765,71242,Myotis brandtii,0.03,0.063,-1,Echolocation,/mnt/ubna_data_01_mir/recover-20220825/UBNA_002/20220823_033000.WAV,Telephone Field,recover-20220825,002,1795
968.0935,968.1007,40078,50142,Pipistrellus nathusii,0.231,0.412,-1,Echolocation,/mnt/ubna_data_01_mir/recover-20220825/UBNA_002/20220823_033000.WAV,Telephone Field,recover-20220825,002,1795
968.1145,968.1534,68437,82064,Rhinolophus ferrumequinum,0.021,0.021,-1,Echolocation,/mnt/ubna_data_01_mir/recover-20220825/UBNA_002/20220823_033000.WAV,Telephone Field,recover-20220825,002,1795
968.1195,968.1581,68437,82730,Rhinolophus ferrumequinum,0.021,0.021,-1,Echolocation,/mnt/ubna_data_01_mir/recover-20220825/UBNA_002/20220823_033000.WAV,Telephone Field,recover-20220825,002,1795
968.1655,968.171,38359,54202,Pipistrellus nathusii,0.165,0.369,-1,Echolocation,/mnt/ubna_data_01_mir/recover-20220825/UBNA_002/20220823_033000.WAV,Telephone Field,recover-20220825,002,1795
968.1815,968.2192,68437,82387,Rhinolophus ferrumequinum,0.022,0.022,-1,Echolocation,/mnt/ubna_data_01_mir/recover-20220825/UBNA_002/20220823_033000.WAV,Telephone Field,recover-20220825,002,1795
968.1985,968.2082,37500,41811,Pipistrellus nathusii,0.038,0.049,-1,Echolocation,/mnt/ubna_data_01_mir/recover-20220825/UBNA_002/20220823_033000.WAV,Telephone Field,recover-20220825,002,1795
968.2115,968.2499,68437,82934,Rhinolophus ferrumequinum,0.026,0.026,-1,Echolocation,/mnt/ubna_data_01_mir/recover-20220825/UBNA_002/20220823_033000.WAV,Telephone Field,recover-20220825,002,1795
968.2375,968.2435,36640,54850,Pipistrellus nathusii,0.169,0.389,-1,Echolocation,/mnt/ubna_data_01_mir/recover-20220825/UBNA_002/20220823_033000.WAV,Telephone Field,recover-20220825,002,1795
968.2505,968.2844,68437,80738,Rhinolophus ferrumequinum,0.021,0.021,-1,Echolocation,/mnt/ubna_data_01_mir/recover-20220825/UBNA_002/20220823_033000.WAV,Telephone Field,recover-20220825,002,1795
968.2665,968.2763,23750,31202,Eptesicus serotinus,0.013,0.044,-1,Echolocation,/mnt/ubna_data_01_mir/recover-20220825/UBNA_002/20220823_033000.WAV,Telephone Field,recover-20220825,002,1795
968.2675,968.3038,68437,81557,Rhinolophus ferrumequinum,0.022,0.022,-1,Echolocation,/mnt/ubna_data_01_mir/recover-20220825/UBNA_002/20220823_033000.WAV,Telephone Field,recover-20220825,002,1795
968.3185,968.3231,35781,50615,Myotis daubentonii,0.053,0.171,-1,Echolocation,/mnt/ubna_data_01_mir/recover-20220825/UBNA_002/20220823_033000.WAV,Telephone Field,recover-20220825,002,1795
968.3685,968.4065,68437,82425,Rhinolophus ferrumequinum,0.027,0.027,-1,Echolocation,/mnt/ubna_data_01_mir/recover-20220825/UBNA_002/20220823_033000.WAV,Telephone Field,recover-20220825,002,1795
968.3835,968.3941,23750,30457,Nyctalus leisleri,0.009,0.024,-1,Echolocation,/mnt/ubna_data_01_mir/recover-20220825/UBNA_002/20220823_033000.WAV,Telephone Field,recover-20220825,002,1795
968.3925,968.4035,23750,28772,Nyctalus leisleri,0.01,0.022,-1,Echolocation,/mnt/ubna_data_01_mir/recover-20220825/UBNA_002/20220823_033000.WAV,Telephone Field,recover-20220825,002,1795
968.3955,968.4334,68437,82258,Rhinolophus ferrumequinum,0.022,0.022,-1,Echolocation,/mnt/ubna_data_01_mir/recover-20220825/UBNA_002/20220823_033000.WAV,Telephone Field,recover-20220825,002,1795
968.3985,968.4065,41796,47423,Pipistrellus nathusii,0.032,0.06,-1,Echolocation,/mnt/ubna_data_01_mir/recover-20220825/UBNA_002/20220823_033000.WAV,Telephone Field,recover-20220825,002,1795
968.4225,968.4317,14296,20634,Nyctalus noctula,0.008,0.023,-1,Echolocation,/mnt/ubna_data_01_mir/recover-20220825/UBNA_002/20220823_033000.WAV,Telephone Field,recover-20220825,002,1795
968.4325,968.4437,28906,37083,Eptesicus serotinus,0.012,0.025,-1,Echolocation,/mnt/ubna_data_01_mir/recover-20220825/UBNA_002/20220823_033000.WAV,Telephone Field,recover-20220825,002,1795
968.4425,968.452,28046,36055,Eptesicus serotinus,0.008,0.021,-1,Echolocation,/mnt/ubna_data_01_mir/recover-20220825/UBNA_002/20220823_033000.WAV,Telephone Field,recover-20220825,002,1795
968.4475,968.4851,68437,81773,Rhinolophus ferrumequinum,0.021,0.021,-1,Echolocation,/mnt/ubna_data_01_mir/recover-20220825/UBNA_002/20220823_033000.WAV,Telephone Field,recover-20220825,002,1795
968.4555,968.4944,68437,82457,Rhinolophus ferrumequinum,0.023,0.023,-1,Echolocation,/mnt/ubna_data_01_mir/recover-20220825/UBNA_002/20220823_033000.WAV,Telephone Field,recover-20220825,002,1795
968.4595,968.4699,23750,29112,Nyctalus leisleri,0.009,0.022,-1,Echolocation,/mnt/ubna_data_01_mir/recover-20220825/UBNA_002/20220823_033000.WAV,Telephone Field,recover-20220825,002,1795
968.4755,968.4821,26328,38200,Eptesicus serotinus,0.004,0.023,-1,Echolocation,/mnt/ubna_data_01_mir/recover-20220825/UBNA_002/20220823_033000.WAV,Telephone Field,recover-20220825,002,1795
968.4875,968.5257,68437,82297,Rhinolophus ferrumequinum,0.034,0.034,-1,Echolocation,/mnt/ubna_data_01_mir/recover-20220825/UBNA_002/20220823_033000.WAV,Telephone Field,recover-20220825,002,1795
968.4965,968.5053,41796,46388,Pipistrellus nathusii,0.057,0.072,-1,Echolocation,/mnt/ubna_data_01_mir/recover-20220825/UBNA_002/20220823_033000.WAV,Telephone Field,recover-20220825,002,1795
968.5525,968.5908,68437,82667,Rhinolophus ferrumequinum,0.026,0.026,-1,Echolocation,/mnt/ubna_data_01_mir/recover-20220825/UBNA_002/20220823_033000.WAV,Telephone Field,recover-20220825,002,1795
968.5705,968.577,27187,44044,Eptesicus serotinus,0.006,0.024,-1,Echolocation,/mnt/ubna_data_01_mir/recover-20220825/UBNA_002/20220823_033000.WAV,Telephone Field,recover-20220825,002,1795
968.6225,968.6292,46093,52514,Pipistrellus pipistrellus,0.027,0.029,-1,Echolocation,/mnt/ubna_data_01_mir/recover-20220825/UBNA_002/20220823_033000.WAV,Telephone Field,recover-20220825,002,1795
968.6265,968.6657,68437,82175,Rhinolophus ferrumequinum,0.025,0.025,-1,Echolocation,/mnt/ubna_data_01_mir/recover-20220825/UBNA_002/20220823_033000.WAV,Telephone Field,recover-20220825,002,1795
968.7215,968.7598,68437,82430,Rhinolophus ferrumequinum,0.023,0.023,-1,Echolocation,/mnt/ubna_data_01_mir/recover-20220825/UBNA_002/20220823_033000.WAV,Telephone Field,recover-20220825,002,1795
968.7455,968.7834,68437,82247,Rhinolophus ferrumequinum,0.023,0.023,-1,Echolocation,/mnt/ubna_data_01_mir/recover-20220825/UBNA_002/20220823_033000.WAV,Telephone Field,recover-20220825,002,1795
968.7965,968.8351,68437,82959,Rhinolophus ferrumequinum,0.027,0.027,-1,Echolocation,/mnt/ubna_data_01_mir/recover-20220825/UBNA_002/20220823_033000.WAV,Telephone Field,recover-20220825,002,1795
968.8185,968.826,27187,39774,Eptesicus serotinus,0.007,0.022,-1,Echolocation,/mnt/ubna_data_01_mir/recover-20220825/UBNA_002/20220823_033000.WAV,Telephone Field,recover-20220825,002,1795
968.8595,968.8651,40937,53858,Myotis brandtii,0.012,0.034,-1,Echolocation,/mnt/ubna_data_01_mir/recover-20220825/UBNA_002/20220823_033000.WAV,Telephone Field,recover-20220825,002,1795
968.8865,968.9241,68437,81950,Rhinolophus ferrumequinum,0.022,0.022,-1,Echolocation,/mnt/ubna_data_01_mir/recover-20220825/UBNA_002/20220823_033000.WAV,Telephone Field,recover-20220825,002,1795
968.9555,968.9637,27187,41131,Eptesicus serotinus,0.008,0.022,-1,Echolocation,/mnt/ubna_data_01_mir/recover-20220825/UBNA_002/20220823_033000.WAV,Telephone Field,recover-20220825,002,1795
968.9775,969.017,68437,82863,Rhinolophus ferrumequinum,0.03,0.03,-1,Echolocation,/mnt/ubna_data_01_mir/recover-20220825/UBNA_002/20220823_033000.WAV,Telephone Field,recover-20220825,002,1795
968.9915,969.004,22031,25519,Nyctalus leisleri,0.016,0.026,-1,Echolocation,/mnt/ubna_data_01_mir/recover-20220825/UBNA_002/20220823_033000.WAV,Telephone Field,recover-20220825,002,1795
969.0455,969.0853,68437,82725,Rhinolophus ferrumequinum,0.026,0.026,-1,Echolocation,/mnt/ubna_data_01_mir/recover-20220825/UBNA_002/20220823_033000.WAV,Telephone Field,recover-20220825,002,1795
969.0535,969.0631,41796,46296,Pipistrellus nathusii,0.022,0.034,-1,Echolocation,/mnt/ubna_data_01_mir/recover-20220825/UBNA_002/20220823_033000.WAV,Telephone Field,recover-20220825,002,1795
969.0935,969.1312,68437,81991,Rhinolophus ferrumequinum,0.026,0.026,-1,Echolocation,/mnt/ubna_data_01_mir/recover-20220825/UBNA_002/20220823_033000.WAV,Telephone Field,recover-20220825,002,1795
969.1035,969.1404,68437,81973,Rhinolophus ferrumequinum,0.021,0.021,-1,Echolocation,/mnt/ubna_data_01_mir/recover-20220825/UBNA_002/20220823_033000.WAV,Telephone Field,recover-20220825,002,1795
969.1205,969.1279,40937,47454,Pipistrellus nathusii,0.068,0.104,-1,Echolocation,/mnt/ubna_data_01_mir/recover-20220825/UBNA_002/20220823_033000.WAV,Telephone Field,recover-20220825,002,1795
969.1555,969.1634,27187,36930,Eptesicus serotinus,0.012,0.029,-1,Echolocation,/mnt/ubna_data_01_mir/recover-20220825/UBNA_002/20220823_033000.WAV,Telephone Field,recover-20220825,002,1795
969.1725,969.1828,24609,30992,Nyctalus leisleri,0.009,0.024,-1,Echolocation,/mnt/ubna_data_01_mir/recover-20220825/UBNA_002/20220823_033000.WAV,Telephone Field,recover-20220825,002,1795
969.1805,969.2169,68437,81804,Rhinolophus ferrumequinum,0.022,0.022,-1,Echolocation,/mnt/ubna_data_01_mir/recover-20220825/UBNA_002/20220823_033000.WAV,Telephone Field,recover-20220825,002,1795
969.1935,969.2053,25468,30256,Nyctalus leisleri,0.017,0.035,-1,Echolocation,/mnt/ubna_data_01_mir/recover-20220825/UBNA_002/20220823_033000.WAV,Telephone Field,recover-20220825,002,1795
969.2155,969.2258,28046,35384,Eptesicus serotinus,0.011,0.026,-1,Echolocation,/mnt/ubna_data_01_mir/recover-20220825/UBNA_002/20220823_033000.WAV,Telephone Field,recover-20220825,002,1795
969.2995,969.3081,39218,44456,Pipistrellus nathusii,0.089,0.12,-1,Echolocation,/mnt/ubna_data_01_mir/recover-20220825/UBNA_002/20220823_033000.WAV,Telephone Field,recover-20220825,002,1795
969.3025,969.309,27187,39772,Eptesicus serotinus,0.007,0.024,-1,Echolocation,/mnt/ubna_data_01_mir/recover-20220825/UBNA_002/20220823_033000.WAV,Telephone Field,recover-20220825,002,1795
969.3105,969.3494,68437,82546,Rhinolophus ferrumequinum,0.028,0.028,-1,Echolocation,/mnt/ubna_data_01_mir/recover-20220825/UBNA_002/20220823_033000.WAV,Telephone Field,recover-20220825,002,1795
969.3335,969.3409,28046,38016,Eptesicus serotinus,0.007,0.024,-1,Echolocation,/mnt/ubna_data_01_mir/recover-20220825/UBNA_002/20220823_033000.WAV,Telephone Field,recover-20220825,002,1795
969.3455,969.3857,68437,82944,Rhinolophus ferrumequinum,0.024,0.024,-1,Echolocation,/mnt/ubna_data_01_mir/recover-20220825/UBNA_002/20220823_033000.WAV,Telephone Field,recover-20220825,002,1795
969.3705,969.3782,41796,50111,Pipistrellus nathusii,0.01,0.027,-1,Echolocation,/mnt/ubna_data_01_mir/recover-20220825/UBNA_002/20220823_033000.WAV,Telephone Field,recover-20220825,002,1795
969.3725,969.378,34921,53685,Myotis daubentonii,0.011,0.027,-1,Echolocation,/mnt/ubna_data_01_mir/recover-20220825/UBNA_002/20220823_033000.WAV,Telephone Field,recover-20220825,002,1795
969.3745,969.3812,24609,38147,Myotis nattereri,0.007,0.024,-1,Echolocation,/mnt/ubna_data_01_mir/recover-20220825/UBNA_002/20220823_033000.WAV,Telephone Field,recover-20220825,002,1795
969.3785,969.4161,68437,81615,Rhinolophus ferrumequinum,0.024,0.024,-1,Echolocation,/mnt/ubna_data_01_mir/recover-20220825/UBNA_002/20220823_033000.WAV,Telephone Field,recover-20220825,002,1795
969.4005,969.4424,68437,82785,Rhinolophus ferrumequinum,0.023,0.023,-1,Echolocation,/mnt/ubna_data_01_mir/recover-20220825/UBNA_002/20220823_033000.WAV,Telephone Field,recover-20220825,002,1795
969.4085,969.4163,27187,36882,Eptesicus serotinus,0.006,0.021,-1,Echolocation,/mnt/ubna_data_01_mir/recover-20220825/UBNA_002/20220823_033000.WAV,Telephone Field,recover-20220825,002,1795
969.4465,969.4525,57265,62683,Pipistrellus pygmaeus,0.022,0.023,-1,Echolocation,/mnt/ubna_data_01_mir/recover-20220825/UBNA_002/20220823_033000.WAV,Telephone Field,recover-20220825,002,1795
969.4665,969.5038,68437,81801,Rhinolophus ferrumequinum,0.021,0.021,-1,Echolocation,/mnt/ubna_data_01_mir/recover-20220825/UBNA_002/20220823_033000.WAV,Telephone Field,recover-20220825,002,1795
969.4705,969.478,27187,44733,Eptesicus serotinus,0.007,0.021,-1,Echolocation,/mnt/ubna_data_01_mir/recover-20220825/UBNA_002/20220823_033000.WAV,Telephone Field,recover-20220825,002,1795
969.4875,969.527,68437,81734,Rhinolophus ferrumequinum,0.022,0.022,-1,Echolocation,/mnt/ubna_data_01_mir/recover-20220825/UBNA_002/20220823_033000.WAV,Telephone Field,recover-20220825,002,1795
969.4985,969.5059,38359,45977,Pipistrellus nathusii,0.06,0.122,-1,Echolocation,/mnt/ubna_data_01_mir/recover-20220825/UBNA_002/20220823_033000.WAV,Telephone Field,recover-20220825,002,1795
969.5215,969.5322,22890,28984,Nyctalus leisleri,0.01,0.025,-1,Echolocation,/mnt/ubna_data_01_mir/recover-20220825/UBNA_002/20220823_033000.WAV,Telephone Field,recover-20220825,002,1795
969.5445,969.553,28046,38680,Eptesicus serotinus,0.018,0.039,-1,Echolocation,/mnt/ubna_data_01_mir/recover-20220825/UBNA_002/20220823_033000.WAV,Telephone Field,recover-20220825,002,1795
969.5575,969.5967,68437,81953,Rhinolophus ferrumequinum,0.022,0.022,-1,Echolocation,/mnt/ubna_data_01_mir/recover-20220825/UBNA_002/20220823_033000.WAV,Telephone Field,recover-20220825,002,1795
969.5895,969.5964,30625,45660,Myotis daubentonii,0.009,0.022,-1,Echolocation,/mnt/ubna_data_01_mir/recover-20220825/UBNA_002/20220823_033000.WAV,Telephone Field,recover-20220825,002,1795
969.5895,969.6307,68437,82728,Rhinolophus ferrumequinum,0.03,0.03,-1,Echolocation,/mnt/ubna_data_01_mir/recover-20220825/UBNA_002/20220823_033000.WAV,Telephone Field,recover-20220825,002,1795
969.6075,969.618,23750,29348,Nyctalus leisleri,0.009,0.021,-1,Echolocation,/mnt/ubna_data_01_mir/recover-20220825/UBNA_002/20220823_033000.WAV,Telephone Field,recover-20220825,002,1795
969.6245,969.6642,68437,82241,Rhinolophus ferrumequinum,0.022,0.022,-1,Echolocation,/mnt/ubna_data_01_mir/recover-20220825/UBNA_002/20220823_033000.WAV,Telephone Field,recover-20220825,002,1795
969.6325,969.6408,36640,45715,Pipistrellus nathusii,0.007,0.021,-1,Echolocation,/mnt/ubna_data_01_mir/recover-20220825/UBNA_002/20220823_033000.WAV,Telephone Field,recover-20220825,002,1795
969.6545,969.6618,28046,38908,Eptesicus serotinus,0.009,0.029,-1,Echolocation,/mnt/ubna_data_01_mir/recover-20220825/UBNA_002/20220823_033000.WAV,Telephone Field,recover-20220825,002,1795
969.6725,969.6811,27187,36624,Eptesicus serotinus,0.009,0.028,-1,Echolocation,/mnt/ubna_data_01_mir/recover-20220825/UBNA_002/20220823_033000.WAV,Telephone Field,recover-20220825,002,1795
969.6815,969.6865,34062,53188,Myotis brandtii,0.024,0.067,-1,Echolocation,/mnt/ubna_data_01_mir/recover-20220825/UBNA_002/20220823_033000.WAV,Telephone Field,recover-20220825,002,1795
969.7195,969.756,68437,81495,Rhinolophus ferrumequinum,0.022,0.023,-1,Echolocation,/mnt/ubna_data_01_mir/recover-20220825/UBNA_002/20220823_033000.WAV,Telephone Field,recover-20220825,002,1795
969.7475,969.7864,68437,82650,Rhinolophus ferrumequinum,0.025,0.025,-1,Echolocation,/mnt/ubna_data_01_mir/recover-20220825/UBNA_002/20220823_033000.WAV,Telephone Field,recover-20220825,002,1795
969.7545,969.7945,68437,82838,Rhinolophus ferrumequinum,0.022,0.023,-1,Echolocation,/mnt/ubna_data_01_mir/recover-20220825/UBNA_002/20220823_033000.WAV,Telephone Field,recover-20220825,002,1795
969.7785,969.786,38359,44959,Pipistrellus nathusii,0.272,0.413,-1,Echolocation,/mnt/ubna_data_01_mir/recover-20220825/UBNA_002/20220823_033000.WAV,Telephone Field,recover-20220825,002,1795
969.8375,969.8776,68437,82588,Rhinolophus ferrumequinum,0.03,0.03,-1,Echolocation,/mnt/ubna_data_01_mir/recover-20220825/UBNA_002/20220823_033000.WAV,Telephone Field,recover-20220825,002,1795
969.8735,969.9137,68437,82415,Rhinolophus ferrumequinum,0.024,0.024,-1,Echolocation,/mnt/ubna_data_01_mir/recover-20220825/UBNA_002/20220823_033000.WAV,Telephone Field,recover-20220825,002,1795
969.8855,969.8927,27187,42338,Eptesicus serotinus,0.007,0.021,-1,Echolocation,/mnt/ubna_data_01_mir/recover-20220825/UBNA_002/20220823_033000.WAV,Telephone Field,recover-20220825,002,1795
969.8925,969.9294,68437,82062,Rhinolophus ferrumequinum,0.021,0.021,-1,Echolocation,/mnt/ubna_data_01_mir/recover-20220825/UBNA_002/20220823_033000.WAV,Telephone Field,recover-20220825,002,1795
969.9525,969.9595,28046,39215,Eptesicus serotinus,0.007,0.024,-1,Echolocation,/mnt/ubna_data_01_mir/recover-20220825/UBNA_002/20220823_033000.WAV,Telephone Field,recover-20220825,002,1795
969.9805,969.9876,36640,45234,Pipistrellus nathusii,0.473,0.578,-1,Echolocation,/mnt/ubna_data_01_mir/recover-20220825/UBNA_002/20220823_033000.WAV,Telephone Field,recover-20220825,002,1795
969.9825,969.9919,23750,33727,Eptesicus serotinus,0.023,0.065,-1,Echolocation,/mnt/ubna_data_01_mir/recover-20220825/UBNA_002/20220823_033000.WAV,Telephone Field,recover-20220825,002,1795
970.0015,970.0094,26328,34254,Nyctalus leisleri,0.008,0.027,-1,Echolocation,/mnt/ubna_data_01_mir/recover-20220825/UBNA_002/20220823_033000.WAV,Telephone Field,recover-20220825,002,1795
970.0015,970.0335,68437,80976,Rhinolophus ferrumequinum,0.033,0.033,-1,Echolocation,/mnt/ubna_data_01_mir/recover-20220825/UBNA_002/20220823_033000.WAV,Telephone Field,recover-20220825,002,1795
970.0185,970.0265,29765,42082,Eptesicus serotinus,0.011,0.03,-1,Echolocation,/mnt/ubna_data_01_mir/recover-20220825/UBNA_002/20220823_033000.WAV,Telephone Field,recover-20220825,002,1795
970.0285,970.0368,28906,37466,Eptesicus serotinus,0.013,0.03,-1,Echolocation,/mnt/ubna_data_01_mir/recover-20220825/UBNA_002/20220823_033000.WAV,Telephone Field,recover-20220825,002,1795
970.0405,970.0728,68437,80832,Rhinolophus ferrumequinum,0.024,0.024,-1,Echolocation,/mnt/ubna_data_01_mir/recover-20220825/UBNA_002/20220823_033000.WAV,Telephone Field,recover-20220825,002,1795
970.0715,970.11,68437,82399,Rhinolophus ferrumequinum,0.023,0.023,-1,Echolocation,/mnt/ubna_data_01_mir/recover-20220825/UBNA_002/20220823_033000.WAV,Telephone Field,recover-20220825,002,1795
970.0785,970.117,68437,81954,Rhinolophus ferrumequinum,0.021,0.021,-1,Echolocation,/mnt/ubna_data_01_mir/recover-20220825/UBNA_002/20220823_033000.WAV,Telephone Field,recover-20220825,002,1795
970.0875,970.0959,29765,39863,Eptesicus serotinus,0.008,0.021,-1,Echolocation,/mnt/ubna_data_01_mir/recover-20220825/UBNA_002/20220823_033000.WAV,Telephone Field,recover-20220825,002,1795
970.0875,970.0957,25468,34682,Eptesicus serotinus,0.007,0.02,-1,Echolocation,/mnt/ubna_data_01_mir/recover-20220825/UBNA_002/20220823_033000.WAV,Telephone Field,recover-20220825,002,1795
970.0955,970.1028,28906,38671,Eptesicus serotinus,0.007,0.022,-1,Echolocation,/mnt/ubna_data_01_mir/recover-20220825/UBNA_002/20220823_033000.WAV,Telephone Field,recover-20220825,002,1795
970.1205,970.1559,68437,81112,Rhinolophus ferrumequinum,0.024,0.024,-1,Echolocation,/mnt/ubna_data_01_mir/recover-20220825/UBNA_002/20220823_033000.WAV,Telephone Field,recover-20220825,002,1795
970.1955,970.2317,68437,81539,Rhinolophus ferrumequinum,0.02,0.02,-1,Echolocation,/mnt/ubna_data_01_mir/recover-20220825/UBNA_002/20220823_033000.WAV,Telephone Field,recover-20220825,002,1795
970.2035,970.2395,68437,81581,Rhinolophus ferrumequinum,0.021,0.021,-1,Echolocation,/mnt/ubna_data_01_mir/recover-20220825/UBNA_002/20220823_033000.WAV,Telephone Field,recover-20220825,002,1795
970.2105,970.2486,68437,81848,Rhinolophus ferrumequinum,0.021,0.021,-1,Echolocation,/mnt/ubna_data_01_mir/recover-20220825/UBNA_002/20220823_033000.WAV,Telephone Field,recover-20220825,002,1795
970.2605,970.2708,28906,36315,Eptesicus serotinus,0.01,0.022,-1,Echolocation,/mnt/ubna_data_01_mir/recover-20220825/UBNA_002/20220823_033000.WAV,Telephone Field,recover-20220825,002,1795
970.2635,970.3048,68437,82676,Rhinolophus ferrumequinum,0.044,0.044,-1,Echolocation,/mnt/ubna_data_01_mir/recover-20220825/UBNA_002/20220823_033000.WAV,Telephone Field,recover-20220825,002,1795
970.2745,970.282,25468,35196,Plecotus austriacus,0.007,0.024,-1,Echolocation,/mnt/ubna_data_01_mir/recover-20220825/UBNA_002/20220823_033000.WAV,Telephone Field,recover-20220825,002,1795
970.2915,970.3015,27187,36471,Eptesicus serotinus,0.014,0.028,-1,Echolocation,/mnt/ubna_data_01_mir/recover-20220825/UBNA_002/20220823_033000.WAV,Telephone Field,recover-20220825,002,1795
970.3025,970.3408,68437,82158,Rhinolophus ferrumequinum,0.021,0.021,-1,Echolocation,/mnt/ubna_data_01_mir/recover-20220825/UBNA_002/20220823_033000.WAV,Telephone Field,recover-20220825,002,1795
970.3455,970.3835,68437,82678,Rhinolophus ferrumequinum,0.021,0.021,-1,Echolocation,/mnt/ubna_data_01_mir/recover-20220825/UBNA_002/20220823_033000.WAV,Telephone Field,recover-20220825,002,1795
970.3725,970.3816,49531,53584,Pipistrellus pipistrellus,0.022,0.024,-1,Echolocation,/mnt/ubna_data_01_mir/recover-20220825/UBNA_002/20220823_033000.WAV,Telephone Field,recover-20220825,002,1795
970.3755,970.3844,22890,29821,Plecotus austriacus,0.011,0.027,-1,Echolocation,/mnt/ubna_data_01_mir/recover-20220825/UBNA_002/20220823_033000.WAV,Telephone Field,recover-20220825,002,1795
970.4015,970.4436,68437,82606,Rhinolophus ferrumequinum,0.028,0.028,-1,Echolocation,/mnt/ubna_data_01_mir/recover-20220825/UBNA_002/20220823_033000.WAV,Telephone Field,recover-20220825,002,1795
970.4255,970.444,24609,28690,Nyctalus leisleri,0.3,0.43,-1,Echolocation,/mnt/ubna_data_01_mir/recover-20220825/UBNA_002/20220823_033000.WAV,Telephone Field,recover-20220825,002,1795
970.4595,970.4973,68437,82238,Rhinolophus ferrumequinum,0.021,0.021,-1,Echolocation,/mnt/ubna_data_01_mir/recover-20220825/UBNA_002/20220823_033000.WAV,Telephone Field,recover-20220825,002,1795
970.4605,970.4719,28906,36592,Eptesicus serotinus,0.014,0.027,-1,Echolocation,/mnt/ubna_data_01_mir/recover-20220825/UBNA_002/20220823_033000.WAV,Telephone Field,recover-20220825,002,1795
970.4855,970.5251,68437,82066,Rhinolophus ferrumequinum,0.021,0.021,-1,Echolocation,/mnt/ubna_data_01_mir/recover-20220825/UBNA_002/20220823_033000.WAV,Telephone Field,recover-20220825,002,1795
970.4985,970.5067,27187,40361,Eptesicus serotinus,0.007,0.02,-1,Echolocation,/mnt/ubna_data_01_mir/recover-20220825/UBNA_002/20220823_033000.WAV,Telephone Field,recover-20220825,002,1795
970.5525,970.5642,28046,34024,Eptesicus serotinus,0.01,0.022,-1,Echolocation,/mnt/ubna_data_01_mir/recover-20220825/UBNA_002/20220823_033000.WAV,Telephone Field,recover-20220825,002,1795
970.6505,970.6894,68437,82058,Rhinolophus ferrumequinum,0.024,0.024,-1,Echolocation,/mnt/ubna_data_01_mir/recover-20220825/UBNA_002/20220823_033000.WAV,Telephone Field,recover-20220825,002,1795
970.6585,970.6719,24609,28729,Nyctalus leisleri,0.301,0.459,-1,Echolocation,/mnt/ubna_data_01_mir/recover-20220825/UBNA_002/20220823_033000.WAV,Telephone Field,recover-20220825,002,1795
970.7255,970.7661,68437,82676,Rhinolophus ferrumequinum,0.023,0.023,-1,Echolocation,/mnt/ubna_data_01_mir/recover-20220825/UBNA_002/20220823_033000.WAV,Telephone Field,recover-20220825,002,1795
970.7335,970.7422,28906,38258,Eptesicus serotinus,0.008,0.02,-1,Echolocation,/mnt/ubna_data_01_mir/recover-20220825/UBNA_002/20220823_033000.WAV,Telephone Field,recover-20220825,002,1795
970.7505,970.7883,68437,81486,Rhinolophus ferrumequinum,0.02,0.021,-1,Echolocation,/mnt/ubna_data_01_mir/recover-20220825/UBNA_002/20220823_033000.WAV,Telephone Field,recover-20220825,002,1795
970.7985,970.8344,68437,81546,Rhinolophus ferrumequinum,0.022,0.022,-1,Echolocation,/mnt/ubna_data_01_mir/recover-20220825/UBNA_002/20220823_033000.WAV,Telephone Field,recover-20220825,002,1795
970.8045,970.8144,23750,30319,Nyctalus leisleri,0.009,0.023,-1,Echolocation,/mnt/ubna_data_01_mir/recover-20220825/UBNA_002/20220823_033000.WAV,Telephone Field,recover-20220825,002,1795
970.8315,970.8729,68437,82380,Rhinolophus ferrumequinum,0.024,0.024,-1,Echolocation,/mnt/ubna_data_01_mir/recover-20220825/UBNA_002/20220823_033000.WAV,Telephone Field,recover-20220825,002,1795
970.8325,970.851,22890,27182,Nyctalus leisleri,0.12,0.221,-1,Echolocation,/mnt/ubna_data_01_mir/recover-20220825/UBNA_002/20220823_033000.WAV,Telephone Field,recover-20220825,002,1795
970.8765,970.8847,24609,33195,Plecotus austriacus,0.006,0.02,-1,Echolocation,/mnt/ubna_data_01_mir/recover-20220825/UBNA_002/20220823_033000.WAV,Telephone Field,recover-20220825,002,1795
970.8995,970.9353,68437,81723,Rhinolophus ferrumequinum,0.021,0.021,-1,Echolocation,/mnt/ubna_data_01_mir/recover-20220825/UBNA_002/20220823_033000.WAV,Telephone Field,recover-20220825,002,1795
970.9515,970.9611,24609,32089,Eptesicus serotinus,0.007,0.022,-1,Echolocation,/mnt/ubna_data_01_mir/recover-20220825/UBNA_002/20220823_033000.WAV,Telephone Field,recover-20220825,002,1795
970.9755,970.9904,25468,30410,Nyctalus leisleri,0.086,0.189,-1,Echolocation,/mnt/ubna_data_01_mir/recover-20220825/UBNA_002/20220823_033000.WAV,Telephone Field,recover-20220825,002,1795
971.0315,971.0714,68437,82100,Rhinolophus ferrumequinum,0.032,0.032,-1,Echolocation,/mnt/ubna_data_01_mir/recover-20220825/UBNA_002/20220823_033000.WAV,Telephone Field,recover-20220825,002,1795
971.0455,971.054,38359,49994,Myotis daubentonii,0.005,0.023,-1,Echolocation,/mnt/ubna_data_01_mir/recover-20220825/UBNA_002/20220823_033000.WAV,Telephone Field,recover-20220825,002,1795
971.0655,971.0734,28906,40156,Eptesicus serotinus,0.008,0.023,-1,Echolocation,/mnt/ubna_data_01_mir/recover-20220825/UBNA_002/20220823_033000.WAV,Telephone Field,recover-20220825,002,1795
971.0665,971.1024,68437,81906,Rhinolophus ferrumequinum,0.021,0.021,-1,Echolocation,/mnt/ubna_data_01_mir/recover-20220825/UBNA_002/20220823_033000.WAV,Telephone Field,recover-20220825,002,1795
971.0825,971.1181,68437,81095,Rhinolophus ferrumequinum,0.02,0.02,-1,Echolocation,/mnt/ubna_data_01_mir/recover-20220825/UBNA_002/20220823_033000.WAV,Telephone Field,recover-20220825,002,1795
971.1045,971.1412,68437,82218,Rhinolophus ferrumequinum,0.026,0.026,-1,Echolocation,/mnt/ubna_data_01_mir/recover-20220825/UBNA_002/20220823_033000.WAV,Telephone Field,recover-20220825,002,1795
971.1185,971.1305,26328,33271,Eptesicus serotinus,0.02,0.04,-1,Echolocation,/mnt/ubna_data_01_mir/recover-20220825/UBNA_002/20220823_033000.WAV,Telephone Field,recover-20220825,002,1795
971.1435,971.151,25468,39099,Eptesicus serotinus,0.005,0.022,-1,Echolocation,/mnt/ubna_data_01_mir/recover-20220825/UBNA_002/20220823_033000.WAV,Telephone Field,recover-20220825,002,1795
971.1465,971.1847,68437,82050,Rhinolophus ferrumequinum,0.022,0.022,-1,Echolocation,/mnt/ubna_data_01_mir/recover-20220825/UBNA_002/20220823_033000.WAV,Telephone Field,recover-20220825,002,1795
971.1565,971.1927,68437,81566,Rhinolophus ferrumequinum,0.02,0.02,-1,Echolocation,/mnt/ubna_data_01_mir/recover-20220825/UBNA_002/20220823_033000.WAV,Telephone Field,recover-20220825,002,1795
971.1745,971.2152,68437,83021,Rhinolophus ferrumequinum,0.024,0.024,-1,Echolocation,/mnt/ubna_data_01_mir/recover-20220825/UBNA_002/20220823_033000.WAV,Telephone Field,recover-20220825,002,1795
971.2015,971.2398,68437,82352,Rhinolophus ferrumequinum,0.026,0.026,-1,Echolocation,/mnt/ubna_data_01_mir/recover-20220825/UBNA_002/20220823_033000.WAV,Telephone Field,recover-20220825,002,1795
971.2255,971.2328,28046,41019,Eptesicus serotinus,0.006,0.022,-1,Echolocation,/mnt/ubna_data_01_mir/recover-20220825/UBNA_002/20220823_033000.WAV,Telephone Field,recover-20220825,002,1795
971.2285,971.2396,22031,26609,Nyctalus leisleri,0.012,0.025,-1,Echolocation,/mnt/ubna_data_01_mir/recover-20220825/UBNA_002/20220823_033000.WAV,Telephone Field,recover-20220825,002,1795
971.2645,971.3042,68437,82459,Rhinolophus ferrumequinum,0.022,0.022,-1,Echolocation,/mnt/ubna_data_01_mir/recover-20220825/UBNA_002/20220823_033000.WAV,Telephone Field,recover-20220825,002,1795
971.2685,971.2786,23750,30753,Nyctalus leisleri,0.011,0.028,-1,Echolocation,/mnt/ubna_data_01_mir/recover-20220825/UBNA_002/20220823_033000.WAV,Telephone Field,recover-20220825,002,1795
971.2875,971.3311,68437,83663,Rhinolophus ferrumequinum,0.031,0.031,-1,Echolocation,/mnt/ubna_data_01_mir/recover-20220825/UBNA_002/20220823_033000.WAV,Telephone Field,recover-20220825,002,1795
971.3055,971.3452,68437,82627,Rhinolophus ferrumequinum,0.021,0.021,-1,Echolocation,/mnt/ubna_data_01_mir/recover-20220825/UBNA_002/20220823_033000.WAV,Telephone Field,recover-20220825,002,1795
971.3225,971.3601,68437,82183,Rhinolophus ferrumequinum,0.023,0.023,-1,Echolocation,/mnt/ubna_data_01_mir/recover-20220825/UBNA_002/20220823_033000.WAV,Telephone Field,recover-20220825,002,1795
971.3785,971.4193,68437,82523,Rhinolophus ferrumequinum,0.022,0.022,-1,Echolocation,/mnt/ubna_data_01_mir/recover-20220825/UBNA_002/20220823_033000.WAV,Telephone Field,recover-20220825,002,1795
971.3975,971.4086,27187,34233,Eptesicus serotinus,0.012,0.022,-1,Echolocation,/mnt/ubna_data_01_mir/recover-20220825/UBNA_002/20220823_033000.WAV,Telephone Field,recover-20220825,002,1795
971.4125,971.4214,24609,32499,Nyctalus leisleri,0.007,0.023,-1,Echolocation,/mnt/ubna_data_01_mir/recover-20220825/UBNA_002/20220823_033000.WAV,Telephone Field,recover-20220825,002,1795
971.4295,971.468,68437,82133,Rhinolophus ferrumequinum,0.02,0.02,-1,Echolocation,/mnt/ubna_data_01_mir/recover-20220825/UBNA_002/20220823_033000.WAV,Telephone Field,recover-20220825,002,1795
971.4395,971.4501,22031,26130,Nyctalus leisleri,0.011,0.02,-1,Echolocation,/mnt/ubna_data_01_mir/recover-20220825/UBNA_002/20220823_033000.WAV,Telephone Field,recover-20220825,002,1795
971.4575,971.4651,28046,41566,Eptesicus serotinus,0.009,0.024,-1,Echolocation,/mnt/ubna_data_01_mir/recover-20220825/UBNA_002/20220823_033000.WAV,Telephone Field,recover-20220825,002,1795
971.4585,971.4981,68437,81937,Rhinolophus ferrumequinum,0.025,0.025,-1,Echolocation,/mnt/ubna_data_01_mir/recover-20220825/UBNA_002/20220823_033000.WAV,Telephone Field,recover-20220825,002,1795
971.4845,971.5222,68437,81431,Rhinolophus ferrumequinum,0.02,0.021,-1,Echolocation,/mnt/ubna_data_01_mir/recover-20220825/UBNA_002/20220823_033000.WAV,Telephone Field,recover-20220825,002,1795
971.5255,971.5636,68437,82146,Rhinolophus ferrumequinum,0.022,0.022,-1,Echolocation,/mnt/ubna_data_01_mir/recover-20220825/UBNA_002/20220823_033000.WAV,Telephone Field,recover-20220825,002,1795
971.5425,971.5507,27187,39458,Eptesicus serotinus,0.008,0.023,-1,Echolocation,/mnt/ubna_data_01_mir/recover-20220825/UBNA_002/20220823_033000.WAV,Telephone Field,recover-20220825,002,1795
971.5505,971.5823,68437,81234,Rhinolophus ferrumequinum,0.023,0.023,-1,Echolocation,/mnt/ubna_data_01_mir/recover-20220825/UBNA_002/20220823_033000.WAV,Telephone Field,recover-20220825,002,1795
971.5775,971.5862,28906,37752,Eptesicus serotinus,0.008,0.022,-1,Echolocation,/mnt/ubna_data_01_mir/recover-20220825/UBNA_002/20220823_033000.WAV,Telephone Field,recover-20220825,002,1795
971.5775,971.6149,68437,82218,Rhinolophus ferrumequinum,0.02,0.02,-1,Echolocation,/mnt/ubna_data_01_mir/recover-20220825/UBNA_002/20220823_033000.WAV,Telephone Field,recover-20220825,002,1795
971.5775,971.5875,22890,28556,Nyctalus leisleri,0.009,0.02,-1,Echolocation,/mnt/ubna_data_01_mir/recover-20220825/UBNA_002/20220823_033000.WAV,Telephone Field,recover-20220825,002,1795
971.6055,971.6179,29765,35707,Eptesicus serotinus,0.017,0.032,-1,Echolocation,/mnt/ubna_data_01_mir/recover-20220825/UBNA_002/20220823_033000.WAV,Telephone Field,recover-20220825,002,1795
971.6135,971.6256,28906,35125,Eptesicus serotinus,0.012,0.023,-1,Echolocation,/mnt/ubna_data_01_mir/recover-20220825/UBNA_002/20220823_033000.WAV,Telephone Field,recover-20220825,002,1795
971.6215,971.6588,68437,82323,Rhinolophus ferrumequinum,0.024,0.024,-1,Echolocation,/mnt/ubna_data_01_mir/recover-20220825/UBNA_002/20220823_033000.WAV,Telephone Field,recover-20220825,002,1795
971.6465,971.6806,68437,80715,Rhinolophus ferrumequinum,0.02,0.02,-1,Echolocation,/mnt/ubna_data_01_mir/recover-20220825/UBNA_002/20220823_033000.WAV,Telephone Field,recover-20220825,002,1795
971.6825,971.7179,68437,81032,Rhinolophus ferrumequinum,0.02,0.02,-1,Echolocation,/mnt/ubna_data_01_mir/recover-20220825/UBNA_002/20220823_033000.WAV,Telephone Field,recover-20220825,002,1795
971.7255,971.7615,68437,81844,Rhinolophus ferrumequinum,0.022,0.022,-1,Echolocation,/mnt/ubna_data_01_mir/recover-20220825/UBNA_002/20220823_033000.WAV,Telephone Field,recover-20220825,002,1795
971.7535,971.79,68437,81799,Rhinolophus ferrumequinum,0.02,0.021,-1,Echolocation,/mnt/ubna_data_01_mir/recover-20220825/UBNA_002/20220823_033000.WAV,Telephone Field,recover-20220825,002,1795
971.7575,971.7667,28906,39469,Eptesicus serotinus,0.009,0.021,-1,Echolocation,/mnt/ubna_data_01_mir/recover-20220825/UBNA_002/20220823_033000.WAV,Telephone Field,recover-20220825,002,1795
971.7965,971.8382,68437,82704,Rhinolophus ferrumequinum,0.022,0.022,-1,Echolocation,/mnt/ubna_data_01_mir/recover-20220825/UBNA_002/20220823_033000.WAV,Telephone Field,recover-20220825,002,1795
971.8015,971.8416,68437,82664,Rhinolophus ferrumequinum,0.023,0.023,-1,Echolocation,/mnt/ubna_data_01_mir/recover-20220825/UBNA_002/20220823_033000.WAV,Telephone Field,recover-20220825,002,1795
971.8295,971.8708,68437,82388,Rhinolophus ferrumequinum,0.029,0.029,-1,Echolocation,/mnt/ubna_data_01_mir/recover-20220825/UBNA_002/20220823_033000.WAV,Telephone Field,recover-20220825,002,1795
971.8395,971.8471,28906,40137,Eptesicus serotinus,0.007,0.022,-1,Echolocation,/mnt/ubna_data_01_mir/recover-20220825/UBNA_002/20220823_033000.WAV,Telephone Field,recover-20220825,002,1795
971.8585,971.8992,68437,82470,Rhinolophus ferrumequinum,0.024,0.024,-1,Echolocation,/mnt/ubna_data_01_mir/recover-20220825/UBNA_002/20220823_033000.WAV,Telephone Field,recover-20220825,002,1795
971.8825,971.9195,68437,81945,Rhinolophus ferrumequinum,0.022,0.022,-1,Echolocation,/mnt/ubna_data_01_mir/recover-20220825/UBNA_002/20220823_033000.WAV,Telephone Field,recover-20220825,002,1795
971.8915,971.9293,68437,82530,Rhinolophus ferrumequinum,0.021,0.021,-1,Echolocation,/mnt/ubna_data_01_mir/recover-20220825/UBNA_002/20220823_033000.WAV,Telephone Field,recover-20220825,002,1795
971.9045,971.9445,68437,82447,Rhinolophus ferrumequinum,0.028,0.028,-1,Echolocation,/mnt/ubna_data_01_mir/recover-20220825/UBNA_002/20220823_033000.WAV,Telephone Field,recover-20220825,002,1795
971.9215,971.9605,68437,82587,Rhinolophus ferrumequinum,0.022,0.022,-1,Echolocation,/mnt/ubna_data_01_mir/recover-20220825/UBNA_002/20220823_033000.WAV,Telephone Field,recover-20220825,002,1795
971.9435,971.9836,68437,83052,Rhinolophus ferrumequinum,0.022,0.022,-1,Echolocation,/mnt/ubna_data_01_mir/recover-20220825/UBNA_002/20220823_033000.WAV,Telephone Field,recover-20220825,002,1795
971.9805,971.9912,22890,28626,Nyctalus leisleri,0.009,0.022,-1,Echolocation,/mnt/ubna_data_01_mir/recover-20220825/UBNA_002/20220823_033000.WAV,Telephone Field,recover-20220825,002,1795
972.0015,972.0361,68437,80294,Rhinolophus ferrumequinum,0.052,0.053,-1,Echolocation,/mnt/ubna_data_01_mir/recover-20220825/UBNA_002/20220823_033000.WAV,Telephone Field,recover-20220825,002,1795
972.0015,972.0097,27187,35723,Nyctalus leisleri,0.007,0.027,-1,Echolocation,/mnt/ubna_data_01_mir/recover-20220825/UBNA_002/20220823_033000.WAV,Telephone Field,recover-20220825,002,1795
972.0015,972.0121,22031,27329,Nyctalus leisleri,0.012,0.028,-1,Echolocation,/mnt/ubna_data_01_mir/recover-20220825/UBNA_002/20220823_033000.WAV,Telephone Field,recover-20220825,002,1795
972.0015,972.0096,48671,54559,Pipistrellus pipistrellus,0.021,0.031,-1,Echolocation,/mnt/ubna_data_01_mir/recover-20220825/UBNA_002/20220823_033000.WAV,Telephone Field,recover-20220825,002,1795
972.0115,972.0524,68437,82524,Rhinolophus ferrumequinum,0.024,0.024,-1,Echolocation,/mnt/ubna_data_01_mir/recover-20220825/UBNA_002/20220823_033000.WAV,Telephone Field,recover-20220825,002,1795
972.0285,972.0696,68437,83213,Rhinolophus ferrumequinum,0.036,0.036,-1,Echolocation,/mnt/ubna_data_01_mir/recover-20220825/UBNA_002/20220823_033000.WAV,Telephone Field,recover-20220825,002,1795
972.0375,972.0765,68437,81725,Rhinolophus ferrumequinum,0.026,0.026,-1,Echolocation,/mnt/ubna_data_01_mir/recover-20220825/UBNA_002/20220823_033000.WAV,Telephone Field,recover-20220825,002,1795
972.0635,972.1082,68437,83265,Rhinolophus ferrumequinum,0.031,0.031,-1,Echolocation,/mnt/ubna_data_01_mir/recover-20220825/UBNA_002/20220823_033000.WAV,Telephone Field,recover-20220825,002,1795
972.0945,972.1346,68437,82044,Rhinolophus ferrumequinum,0.021,0.022,-1,Echolocation,/mnt/ubna_data_01_mir/recover-20220825/UBNA_002/20220823_033000.WAV,Telephone Field,recover-20220825,002,1795
972.1115,972.1181,28046,39725,Eptesicus serotinus,0.006,0.021,-1,Echolocation,/mnt/ubna_data_01_mir/recover-20220825/UBNA_002/20220823_033000.WAV,Telephone Field,recover-20220825,002,1795
972.1265,972.1655,68437,82206,Rhinolophus ferrumequinum,0.022,0.022,-1,Echolocation,/mnt/ubna_data_01_mir/recover-20220825/UBNA_002/20220823_033000.WAV,Telephone Field,recover-20220825,002,1795
972.1685,972.1777,25468,33355,Eptesicus serotinus,0.008,0.023,-1,Echolocation,/mnt/ubna_data_01_mir/recover-20220825/UBNA_002/20220823_033000.WAV,Telephone Field,recover-20220825,002,1795
972.1725,972.2109,68437,82122,Rhinolophus ferrumequinum,0.03,0.03,-1,Echolocation,/mnt/ubna_data_01_mir/recover-20220825/UBNA_002/20220823_033000.WAV,Telephone Field,recover-20220825,002,1795
972.2125,972.2224,22031,27799,Plecotus austriacus,0.007,0.021,-1,Echolocation,/mnt/ubna_data_01_mir/recover-20220825/UBNA_002/20220823_033000.WAV,Telephone Field,recover-20220825,002,1795
972.2335,972.2434,28906,36203,Eptesicus serotinus,0.008,0.021,-1,Echolocation,/mnt/ubna_data_01_mir/recover-20220825/UBNA_002/20220823_033000.WAV,Telephone Field,recover-20220825,002,1795
972.2485,972.2592,28906,36120,Eptesicus serotinus,0.01,0.022,-1,Echolocation,/mnt/ubna_data_01_mir/recover-20220825/UBNA_002/20220823_033000.WAV,Telephone Field,recover-20220825,002,1795
972.2595,972.2983,68437,82664,Rhinolophus ferrumequinum,0.024,0.024,-1,Echolocation,/mnt/ubna_data_01_mir/recover-20220825/UBNA_002/20220823_033000.WAV,Telephone Field,recover-20220825,002,1795
972.2785,972.3189,68437,82576,Rhinolophus ferrumequinum,0.023,0.023,-1,Echolocation,/mnt/ubna_data_01_mir/recover-20220825/UBNA_002/20220823_033000.WAV,Telephone Field,recover-20220825,002,1795
972.2965,972.3052,14296,23148,Plecotus auritus,0.015,0.022,-1,Echolocation,/mnt/ubna_data_01_mir/recover-20220825/UBNA_002/20220823_033000.WAV,Telephone Field,recover-20220825,002,1795
972.3145,972.3544,68437,81629,Rhinolophus ferrumequinum,0.023,0.023,-1,Echolocation,/mnt/ubna_data_01_mir/recover-20220825/UBNA_002/20220823_033000.WAV,Telephone Field,recover-20220825,002,1795
972.3195,972.356,68437,82087,Rhinolophus ferrumequinum,0.023,0.023,-1,Echolocation,/mnt/ubna_data_01_mir/recover-20220825/UBNA_002/20220823_033000.WAV,Telephone Field,recover-20220825,002,1795
972.3585,972.3991,68437,82364,Rhinolophus ferrumequinum,0.024,0.024,-1,Echolocation,/mnt/ubna_data_01_mir/recover-20220825/UBNA_002/20220823_033000.WAV,Telephone Field,recover-20220825,002,1795
972.3675,972.4068,68437,82442,Rhinolophus ferrumequinum,0.022,0.022,-1,Echolocation,/mnt/ubna_data_01_mir/recover-20220825/UBNA_002/20220823_033000.WAV,Telephone Field,recover-20220825,002,1795
972.3835,972.3913,26328,35480,Eptesicus serotinus,0.007,0.025,-1,Echolocation,/mnt/ubna_data_01_mir/recover-20220825/UBNA_002/20220823_033000.WAV,Telephone Field,recover-20220825,002,1795
972.4055,972.4432,68437,82469,Rhinolophus ferrumequinum,0.021,0.021,-1,Echolocation,/mnt/ubna_data_01_mir/recover-20220825/UBNA_002/20220823_033000.WAV,Telephone Field,recover-20220825,002,1795
972.4525,972.4881,68437,81427,Rhinolophus ferrumequinum,0.022,0.022,-1,Echolocation,/mnt/ubna_data_01_mir/recover-20220825/UBNA_002/20220823_033000.WAV,Telephone Field,recover-20220825,002,1795
972.5025,972.5391,68437,81159,Rhinolophus ferrumequinum,0.024,0.025,-1,Echolocation,/mnt/ubna_data_01_mir/recover-20220825/UBNA_002/20220823_033000.WAV,Telephone Field,recover-20220825,002,1795
972.5355,972.5531,17734,21795,Nyctalus noctula,0.02,0.031,-1,Echolocation,/mnt/ubna_data_01_mir/recover-20220825/UBNA_002/20220823_033000.WAV,Telephone Field,recover-20220825,002,1795
972.5375,972.5758,68437,82381,Rhinolophus ferrumequinum,0.023,0.023,-1,Echolocation,/mnt/ubna_data_01_mir/recover-20220825/UBNA_002/20220823_033000.WAV,Telephone Field,recover-20220825,002,1795
972.5635,972.5994,68437,81372,Rhinolophus ferrumequinum,0.021,0.021,-1,Echolocation,/mnt/ubna_data_01_mir/recover-20220825/UBNA_002/20220823_033000.WAV,Telephone Field,recover-20220825,002,1795
972.5685,972.5762,24609,33704,Plecotus austriacus,0.01,0.025,-1,Echolocation,/mnt/ubna_data_01_mir/recover-20220825/UBNA_002/20220823_033000.WAV,Telephone Field,recover-20220825,002,1795
972.5785,972.5895,23750,28995,Nyctalus leisleri,0.015,0.035,-1,Echolocation,/mnt/ubna_data_01_mir/recover-20220825/UBNA_002/20220823_033000.WAV,Telephone Field,recover-20220825,002,1795
972.6055,972.6472,68437,83381,Rhinolophus ferrumequinum,0.027,0.027,-1,Echolocation,/mnt/ubna_data_01_mir/recover-20220825/UBNA_002/20220823_033000.WAV,Telephone Field,recover-20220825,002,1795
972.6155,972.6245,27187,35761,Eptesicus serotinus,0.011,0.025,-1,Echolocation,/mnt/ubna_data_01_mir/recover-20220825/UBNA_002/20220823_033000.WAV,Telephone Field,recover-20220825,002,1795
972.6455,972.6865,68437,83157,Rhinolophus ferrumequinum,0.027,0.027,-1,Echolocation,/mnt/ubna_data_01_mir/recover-20220825/UBNA_002/20220823_033000.WAV,Telephone Field,recover-20220825,002,1795
972.6695,972.7081,68437,81567,Rhinolophus ferrumequinum,0.024,0.024,-1,Echolocation,/mnt/ubna_data_01_mir/recover-20220825/UBNA_002/20220823_033000.WAV,Telephone Field,recover-20220825,002,1795
972.7375,972.7488,24609,30284,Nyctalus leisleri,0.013,0.033,-1,Echolocation,/mnt/ubna_data_01_mir/recover-20220825/UBNA_002/20220823_033000.WAV,Telephone Field,recover-20220825,002,1795
972.7415,972.7813,68437,81860,Rhinolophus ferrumequinum,0.023,0.023,-1,Echolocation,/mnt/ubna_data_01_mir/recover-20220825/UBNA_002/20220823_033000.WAV,Telephone Field,recover-20220825,002,1795
972.7935,972.8035,13437,20705,Nyctalus noctula,0.007,0.02,-1,Echolocation,/mnt/ubna_data_01_mir/recover-20220825/UBNA_002/20220823_033000.WAV,Telephone Field,recover-20220825,002,1795
972.8105,972.8233,22031,26163,Nyctalus leisleri,0.013,0.022,-1,Echolocation,/mnt/ubna_data_01_mir/recover-20220825/UBNA_002/20220823_033000.WAV,Telephone Field,recover-20220825,002,1795
972.8285,972.8668,68437,82299,Rhinolophus ferrumequinum,0.039,0.039,-1,Echolocation,/mnt/ubna_data_01_mir/recover-20220825/UBNA_002/20220823_033000.WAV,Telephone Field,recover-20220825,002,1795
972.8455,972.882,68437,81809,Rhinolophus ferrumequinum,0.022,0.022,-1,Echolocation,/mnt/ubna_data_01_mir/recover-20220825/UBNA_002/20220823_033000.WAV,Telephone Field,recover-20220825,002,1795
972.8665,972.9005,68437,80669,Rhinolophus ferrumequinum,0.021,0.021,-1,Echolocation,/mnt/ubna_data_01_mir/recover-20220825/UBNA_002/20220823_033000.WAV,Telephone Field,recover-20220825,002,1795
972.8885,972.9289,68437,81894,Rhinolophus ferrumequinum,0.021,0.021,-1,Echolocation,/mnt/ubna_data_01_mir/recover-20220825/UBNA_002/20220823_033000.WAV,Telephone Field,recover-20220825,002,1795
972.8935,972.9326,68437,82113,Rhinolophus ferrumequinum,0.022,0.022,-1,Echolocation,/mnt/ubna_data_01_mir/recover-20220825/UBNA_002/20220823_033000.WAV,Telephone Field,recover-20220825,002,1795
972.8955,972.9028,23750,32260,Plecotus austriacus,0.01,0.024,-1,Echolocation,/mnt/ubna_data_01_mir/recover-20220825/UBNA_002/20220823_033000.WAV,Telephone Field,recover-20220825,002,1795
972.9425,972.9853,68437,83218,Rhinolophus ferrumequinum,0.026,0.026,-1,Echolocation,/mnt/ubna_data_01_mir/recover-20220825/UBNA_002/20220823_033000.WAV,Telephone Field,recover-20220825,002,1795
973.0555,973.0925,68437,81835,Rhinolophus ferrumequinum,0.022,0.022,-1,Echolocation,/mnt/ubna_data_01_mir/recover-20220825/UBNA_002/20220823_033000.WAV,Telephone Field,recover-20220825,002,1795
973.0995,973.1391,68437,82552,Rhinolophus ferrumequinum,0.021,0.021,-1,Echolocation,/mnt/ubna_data_01_mir/recover-20220825/UBNA_002/20220823_033000.WAV,Telephone Field,recover-20220825,002,1795
973.1275,973.1346,24609,34702,Plecotus austriacus,0.011,0.028,-1,Echolocation,/mnt/ubna_data_01_mir/recover-20220825/UBNA_002/20220823_033000.WAV,Telephone Field,recover-20220825,002,1795
973.1485,973.1576,28046,38093,Eptesicus serotinus,0.008,0.022,-1,Echolocation,/mnt/ubna_data_01_mir/recover-20220825/UBNA_002/20220823_033000.WAV,Telephone Field,recover-20220825,002,1795
973.1865,973.225,68437,82750,Rhinolophus ferrumequinum,0.022,0.022,-1,Echolocation,/mnt/ubna_data_01_mir/recover-20220825/UBNA_002/20220823_033000.WAV,Telephone Field,recover-20220825,002,1795
973.2105,973.2511,68437,82225,Rhinolophus ferrumequinum,0.023,0.023,-1,Echolocation,/mnt/ubna_data_01_mir/recover-20220825/UBNA_002/20220823_033000.WAV,Telephone Field,recover-20220825,002,1795
973.2305,973.2722,68437,82867,Rhinolophus ferrumequinum,0.022,0.022,-1,Echolocation,/mnt/ubna_data_01_mir/recover-20220825/UBNA_002/20220823_033000.WAV,Telephone Field,recover-20220825,002,1795
973.2415,973.2871,68437,83217,Rhinolophus ferrumequinum,0.024,0.024,-1,Echolocation,/mnt/ubna_data_01_mir/recover-20220825/UBNA_002/20220823_033000.WAV,Telephone Field,recover-20220825,002,1795
973.2445,973.2573,15156,20836,Nyctalus noctula,0.013,0.021,-1,Echolocation,/mnt/ubna_data_01_mir/recover-20220825/UBNA_002/20220823_033000.WAV,Telephone Field,recover-20220825,002,1795
973.2535,973.2642,22031,26766,Nyctalus leisleri,0.009,0.021,-1,Echolocation,/mnt/ubna_data_01_mir/recover-20220825/UBNA_002/20220823_033000.WAV,Telephone Field,recover-20220825,002,1795
973.2625,973.3027,68437,82545,Rhinolophus ferrumequinum,0.026,0.026,-1,Echolocation,/mnt/ubna_data_01_mir/recover-20220825/UBNA_002/20220823_033000.WAV,Telephone Field,recover-20220825,002,1795
973.2765,973.3139,68437,82257,Rhinolophus ferrumequinum,0.021,0.021,-1,Echolocation,/mnt/ubna_data_01_mir/recover-20220825/UBNA_002/20220823_033000.WAV,Telephone Field,recover-20220825,002,1795
973.3085,973.3507,68437,82589,Rhinolophus ferrumequinum,0.026,0.026,-1,Echolocation,/mnt/ubna_data_01_mir/recover-20220825/UBNA_002/20220823_033000.WAV,Telephone Field,recover-20220825,002,1795
973.3975,973.4083,24609,31624,Nyctalus leisleri,0.009,0.025,-1,Echolocation,/mnt/ubna_data_01_mir/recover-20220825/UBNA_002/20220823_033000.WAV,Telephone Field,recover-20220825,002,1795
973.4245,973.4361,22031,25699,Nyctalus leisleri,0.013,0.021,-1,Echolocation,/mnt/ubna_data_01_mir/recover-20220825/UBNA_002/20220823_033000.WAV,Telephone Field,recover-20220825,002,1795
973.4375,973.4757,68437,81818,Rhinolophus ferrumequinum,0.024,0.024,-1,Echolocation,/mnt/ubna_data_01_mir/recover-20220825/UBNA_002/20220823_033000.WAV,Telephone Field,recover-20220825,002,1795
973.4625,973.5031,68437,82270,Rhinolophus ferrumequinum,0.024,0.024,-1,Echolocation,/mnt/ubna_data_01_mir/recover-20220825/UBNA_002/20220823_033000.WAV,Telephone Field,recover-20220825,002,1795
973.4695,973.4763,23750,32291,Plecotus austriacus,0.011,0.023,-1,Echolocation,/mnt/ubna_data_01_mir/recover-20220825/UBNA_002/20220823_033000.WAV,Telephone Field,recover-20220825,002,1795
973.4915,973.5,22890,30294,Plecotus austriacus,0.009,0.023,-1,Echolocation,/mnt/ubna_data_01_mir/recover-20220825/UBNA_002/20220823_033000.WAV,Telephone Field,recover-20220825,002,1795
973.4925,973.5002,28046,38508,Eptesicus serotinus,0.008,0.022,-1,Echolocation,/mnt/ubna_data_01_mir/recover-20220825/UBNA_002/20220823_033000.WAV,Telephone Field,recover-20220825,002,1795
973.5465,973.5871,68437,81998,Rhinolophus ferrumequinum,0.035,0.035,-1,Echolocation,/mnt/ubna_data_01_mir/recover-20220825/UBNA_002/20220823_033000.WAV,Telephone Field,recover-20220825,002,1795
973.5555,973.5641,28046,35611,Eptesicus serotinus,0.014,0.034,-1,Echolocation,/mnt/ubna_data_01_mir/recover-20220825/UBNA_002/20220823_033000.WAV,Telephone Field,recover-20220825,002,1795
973.5915,973.637,68437,83387,Rhinolophus ferrumequinum,0.052,0.052,-1,Echolocation,/mnt/ubna_data_01_mir/recover-20220825/UBNA_002/20220823_033000.WAV,Telephone Field,recover-20220825,002,1795
973.6145,973.6514,68437,82060,Rhinolophus ferrumequinum,0.022,0.022,-1,Echolocation,/mnt/ubna_data_01_mir/recover-20220825/UBNA_002/20220823_033000.WAV,Telephone Field,recover-20220825,002,1795
973.6265,973.6658,68437,82403,Rhinolophus ferrumequinum,0.023,0.023,-1,Echolocation,/mnt/ubna_data_01_mir/recover-20220825/UBNA_002/20220823_033000.WAV,Telephone Field,recover-20220825,002,1795
973.6375,973.6749,68437,81205,Rhinolophus ferrumequinum,0.023,0.023,-1,Echolocation,/mnt/ubna_data_01_mir/recover-20220825/UBNA_002/20220823_033000.WAV,Telephone Field,recover-20220825,002,1795
973.6495,973.689,68437,82126,Rhinolophus ferrumequinum,0.023,0.023,-1,Echolocation,/mnt/ubna_data_01_mir/recover-20220825/UBNA_002/20220823_033000.WAV,Telephone Field,recover-20220825,002,1795
973.6615,973.669,28046,40182,Eptesicus serotinus,0.007,0.022,-1,Echolocation,/mnt/ubna_data_01_mir/recover-20220825/UBNA_002/20220823_033000.WAV,Telephone Field,recover-20220825,002,1795
973.6635,973.7045,68437,83374,Rhinolophus ferrumequinum,0.027,0.027,-1,Echolocation,/mnt/ubna_data_01_mir/recover-20220825/UBNA_002/20220823_033000.WAV,Telephone Field,recover-20220825,002,1795
973.6995,973.738,68437,81258,Rhinolophus ferrumequinum,0.023,0.023,-1,Echolocation,/mnt/ubna_data_01_mir/recover-20220825/UBNA_002/20220823_033000.WAV,Telephone Field,recover-20220825,002,1795
973.7035,973.7133,24609,32282,Eptesicus serotinus,0.008,0.027,-1,Echolocation,/mnt/ubna_data_01_mir/recover-20220825/UBNA_002/20220823_033000.WAV,Telephone Field,recover-20220825,002,1795
973.7295,973.739,23750,31676,Eptesicus serotinus,0.009,0.037,-1,Echolocation,/mnt/ubna_data_01_mir/recover-20220825/UBNA_002/20220823_033000.WAV,Telephone Field,recover-20220825,002,1795
973.7495,973.757,29765,38698,Eptesicus serotinus,0.011,0.029,-1,Echolocation,/mnt/ubna_data_01_mir/recover-20220825/UBNA_002/20220823_033000.WAV,Telephone Field,recover-20220825,002,1795
973.7835,973.8239,68437,82487,Rhinolophus ferrumequinum,0.022,0.022,-1,Echolocation,/mnt/ubna_data_01_mir/recover-20220825/UBNA_002/20220823_033000.WAV,Telephone Field,recover-20220825,002,1795
973.8015,973.8152,42656,46442,Pipistrellus pipistrellus,0.025,0.032,-1,Echolocation,/mnt/ubna_data_01_mir/recover-20220825/UBNA_002/20220823_033000.WAV,Telephone Field,recover-20220825,002,1795
973.8025,973.8375,68437,81438,Rhinolophus ferrumequinum,0.028,0.028,-1,Echolocation,/mnt/ubna_data_01_mir/recover-20220825/UBNA_002/20220823_033000.WAV,Telephone Field,recover-20220825,002,1795
973.8255,973.866,68437,82285,Rhinolophus ferrumequinum,0.025,0.025,-1,Echolocation,/mnt/ubna_data_01_mir/recover-20220825/UBNA_002/20220823_033000.WAV,Telephone Field,recover-20220825,002,1795
973.9205,973.9281,28046,42299,Eptesicus serotinus,0.008,0.026,-1,Echolocation,/mnt/ubna_data_01_mir/recover-20220825/UBNA_002/20220823_033000.WAV,Telephone Field,recover-20220825,002,1795
973.9565,973.9951,68437,82759,Rhinolophus ferrumequinum,0.022,0.022,-1,Echolocation,/mnt/ubna_data_01_mir/recover-20220825/UBNA_002/20220823_033000.WAV,Telephone Field,recover-20220825,002,1795
973.9855,973.9951,28046,36816,Eptesicus serotinus,0.01,0.024,-1,Echolocation,/mnt/ubna_data_01_mir/recover-20220825/UBNA_002/20220823_033000.WAV,Telephone Field,recover-20220825,002,1795
974.0015,974.0099,26328,38751,Eptesicus serotinus,0.006,0.026,-1,Echolocation,/mnt/ubna_data_01_mir/recover-20220825/UBNA_002/20220823_033000.WAV,Telephone Field,recover-20220825,002,1795
974.0015,974.01,22031,28437,Nyctalus leisleri,0.008,0.024,-1,Echolocation,/mnt/ubna_data_01_mir/recover-20220825/UBNA_002/20220823_033000.WAV,Telephone Field,recover-20220825,002,1795
974.0015,974.0335,68437,79753,Rhinolophus ferrumequinum,0.033,0.034,-1,Echolocation,/mnt/ubna_data_01_mir/recover-20220825/UBNA_002/20220823_033000.WAV,Telephone Field,recover-20220825,002,1795
974.0755,974.1159,68437,82758,Rhinolophus ferrumequinum,0.028,0.028,-1,Echolocation,/mnt/ubna_data_01_mir/recover-20220825/UBNA_002/20220823_033000.WAV,Telephone Field,recover-20220825,002,1795
974.1865,974.2251,68437,81480,Rhinolophus ferrumequinum,0.023,0.023,-1,Echolocation,/mnt/ubna_data_01_mir/recover-20220825/UBNA_002/20220823_033000.WAV,Telephone Field,recover-20220825,002,1795
974.2035,974.2397,68437,81661,Rhinolophus ferrumequinum,0.022,0.022,-1,Echolocation,/mnt/ubna_data_01_mir/recover-20220825/UBNA_002/20220823_033000.WAV,Telephone Field,recover-20220825,002,1795
974.2105,974.2483,68437,81937,Rhinolophus ferrumequinum,0.022,0.022,-1,Echolocation,/mnt/ubna_data_01_mir/recover-20220825/UBNA_002/20220823_033000.WAV,Telephone Field,recover-20220825,002,1795
974.2315,974.2409,22890,29270,Nyctalus leisleri,0.008,0.023,-1,Echolocation,/mnt/ubna_data_01_mir/recover-20220825/UBNA_002/20220823_033000.WAV,Telephone Field,recover-20220825,002,1795
974.2555,974.2943,68437,82258,Rhinolophus ferrumequinum,0.029,0.029,-1,Echolocation,/mnt/ubna_data_01_mir/recover-20220825/UBNA_002/20220823_033000.WAV,Telephone Field,recover-20220825,002,1795
974.2625,974.3026,68437,82094,Rhinolophus ferrumequinum,0.029,0.029,-1,Echolocation,/mnt/ubna_data_01_mir/recover-20220825/UBNA_002/20220823_033000.WAV,Telephone Field,recover-20220825,002,1795
974.2935,974.3009,28046,39126,Eptesicus serotinus,0.009,0.027,-1,Echolocation,/mnt/ubna_data_01_mir/recover-20220825/UBNA_002/20220823_033000.WAV,Telephone Field,recover-20220825,002,1795
974.2965,974.3352,68437,81671,Rhinolophus ferrumequinum,0.021,0.021,-1,Echolocation,/mnt/ubna_data_01_mir/recover-20220825/UBNA_002/20220823_033000.WAV,Telephone Field,recover-20220825,002,1795
974.3055,974.3438,68437,82114,Rhinolophus ferrumequinum,0.023,0.023,-1,Echolocation,/mnt/ubna_data_01_mir/recover-20220825/UBNA_002/20220823_033000.WAV,Telephone Field,recover-20220825,002,1795
974.3215,974.3288,27187,38411,Eptesicus serotinus,0.006,0.025,-1,Echolocation,/mnt/ubna_data_01_mir/recover-20220825/UBNA_002/20220823_033000.WAV,Telephone Field,recover-20220825,002,1795
974.3285,974.3682,68437,82976,Rhinolophus ferrumequinum,0.022,0.022,-1,Echolocation,/mnt/ubna_data_01_mir/recover-20220825/UBNA_002/20220823_033000.WAV,Telephone Field,recover-20220825,002,1795
974.3595,974.4003,68437,82144,Rhinolophus ferrumequinum,0.024,0.024,-1,Echolocation,/mnt/ubna_data_01_mir/recover-20220825/UBNA_002/20220823_033000.WAV,Telephone Field,recover-20220825,002,1795
974.3945,974.4324,68437,81589,Rhinolophus ferrumequinum,0.022,0.022,-1,Echolocation,/mnt/ubna_data_01_mir/recover-20220825/UBNA_002/20220823_033000.WAV,Telephone Field,recover-20220825,002,1795
974.4295,974.4377,26328,35798,Eptesicus serotinus,0.007,0.022,-1,Echolocation,/mnt/ubna_data_01_mir/recover-20220825/UBNA_002/20220823_033000.WAV,Telephone Field,recover-20220825,002,1795
974.4415,974.4843,68437,83218,Rhinolophus ferrumequinum,0.027,0.027,-1,Echolocation,/mnt/ubna_data_01_mir/recover-20220825/UBNA_002/20220823_033000.WAV,Telephone Field,recover-20220825,002,1795
974.4875,974.4963,22890,30448,Plecotus austriacus,0.008,0.022,-1,Echolocation,/mnt/ubna_data_01_mir/recover-20220825/UBNA_002/20220823_033000.WAV,Telephone Field,recover-20220825,002,1795
974.5025,974.509,51250,57525,Pipistrellus pipistrellus,0.016,0.022,-1,Echolocation,/mnt/ubna_data_01_mir/recover-20220825/UBNA_002/20220823_033000.WAV,Telephone Field,recover-20220825,002,1795
974.5345,974.5425,26328,38501,Eptesicus serotinus,0.006,0.021,-1,Echolocation,/mnt/ubna_data_01_mir/recover-20220825/UBNA_002/20220823_033000.WAV,Telephone Field,recover-20220825,002,1795
974.5345,974.5788,68437,83380,Rhinolophus ferrumequinum,0.025,0.025,-1,Echolocation,/mnt/ubna_data_01_mir/recover-20220825/UBNA_002/20220823_033000.WAV,Telephone Field,recover-20220825,002,1795
974.5395,974.5478,27187,37909,Eptesicus serotinus,0.006,0.021,-1,Echolocation,/mnt/ubna_data_01_mir/recover-20220825/UBNA_002/20220823_033000.WAV,Telephone Field,recover-20220825,002,1795
974.5695,974.608,68437,82204,Rhinolophus ferrumequinum,0.026,0.026,-1,Echolocation,/mnt/ubna_data_01_mir/recover-20220825/UBNA_002/20220823_033000.WAV,Telephone Field,recover-20220825,002,1795
974.5895,974.5985,32343,42053,Myotis daubentonii,0.007,0.025,-1,Echolocation,/mnt/ubna_data_01_mir/recover-20220825/UBNA_002/20220823_033000.WAV,Telephone Field,recover-20220825,002,1795
974.6345,974.675,68437,82137,Rhinolophus ferrumequinum,0.045,0.045,-1,Echolocation,/mnt/ubna_data_01_mir/recover-20220825/UBNA_002/20220823_033000.WAV,Telephone Field,recover-20220825,002,1795
974.6405,974.6512,23750,29206,Nyctalus leisleri,0.01,0.021,-1,Echolocation,/mnt/ubna_data_01_mir/recover-20220825/UBNA_002/20220823_033000.WAV,Telephone Field,recover-20220825,002,1795
974.6535,974.6607,25468,36095,Myotis nattereri,0.005,0.021,-1,Echolocation,/mnt/ubna_data_01_mir/recover-20220825/UBNA_002/20220823_033000.WAV,Telephone Field,recover-20220825,002,1795
974.6815,974.7203,68437,82143,Rhinolophus ferrumequinum,0.021,0.021,-1,Echolocation,/mnt/ubna_data_01_mir/recover-20220825/UBNA_002/20220823_033000.WAV,Telephone Field,recover-20220825,002,1795
974.7005,974.7095,27187,36341,Eptesicus serotinus,0.008,0.021,-1,Echolocation,/mnt/ubna_data_01_mir/recover-20220825/UBNA_002/20220823_033000.WAV,Telephone Field,recover-20220825,002,1795
974.7335,974.7417,22890,29823,Plecotus austriacus,0.009,0.021,-1,Echolocation,/mnt/ubna_data_01_mir/recover-20220825/UBNA_002/20220823_033000.WAV,Telephone Field,recover-20220825,002,1795
974.7535,974.7922,68437,82628,Rhinolophus ferrumequinum,0.023,0.023,-1,Echolocation,/mnt/ubna_data_01_mir/recover-20220825/UBNA_002/20220823_033000.WAV,Telephone Field,recover-20220825,002,1795
974.7795,974.7864,27187,39425,Myotis nattereri,0.006,0.026,-1,Echolocation,/mnt/ubna_data_01_mir/recover-20220825/UBNA_002/20220823_033000.WAV,Telephone Field,recover-20220825,002,1795
974.8375,974.8769,68437,82286,Rhinolophus ferrumequinum,0.022,0.022,-1,Echolocation,/mnt/ubna_data_01_mir/recover-20220825/UBNA_002/20220823_033000.WAV,Telephone Field,recover-20220825,002,1795
974.8575,974.897,68437,81811,Rhinolophus ferrumequinum,0.022,0.022,-1,Echolocation,/mnt/ubna_data_01_mir/recover-20220825/UBNA_002/20220823_033000.WAV,Telephone Field,recover-20220825,002,1795
974.9115,974.9526,68437,82448,Rhinolophus ferrumequinum,0.028,0.028,-1,Echolocation,/mnt/ubna_data_01_mir/recover-20220825/UBNA_002/20220823_033000.WAV,Telephone Field,recover-20220825,002,1795
974.9215,974.9266,34921,56914,Myotis daubentonii,0.009,0.022,-1,Echolocation,/mnt/ubna_data_01_mir/recover-20220825/UBNA_002/20220823_033000.WAV,Telephone Field,recover-20220825,002,1795
974.9315,974.9711,68437,82966,Rhinolophus ferrumequinum,0.021,0.022,-1,Echolocation,/mnt/ubna_data_01_mir/recover-20220825/UBNA_002/20220823_033000.WAV,Telephone Field,recover-20220825,002,1795
974.9555,974.9655,24609,30971,Nyctalus leisleri,0.01,0.027,-1,Echolocation,/mnt/ubna_data_01_mir/recover-20220825/UBNA_002/20220823_033000.WAV,Telephone Field,recover-20220825,002,1795
974.9915,975.0004,25468,33700,Eptesicus serotinus,0.01,0.027,-1,Echolocation,/mnt/ubna_data_01_mir/recover-20220825/UBNA_002/20220823_033000.WAV,Telephone Field,recover-20220825,002,1795
974.9985,975.0071,50390,55144,Pipistrellus pipistrellus,0.03,0.035,-1,Echolocation,/mnt/ubna_data_01_mir/recover-20220825/UBNA_002/20220823_033000.WAV,Telephone Field,recover-20220825,002,1795
975.0375,975.078,68437,82800,Rhinolophus ferrumequinum,0.022,0.022,-1,Echolocation,/mnt/ubna_data_01_mir/recover-20220825/UBNA_002/20220823_033000.WAV,Telephone Field,recover-20220825,002,1795
975.0895,975.128,68437,81953,Rhinolophus ferrumequinum,0.023,0.023,-1,Echolocation,/mnt/ubna_data_01_mir/recover-20220825/UBNA_002/20220823_033000.WAV,Telephone Field,recover-20220825,002,1795
975.0995,975.109,14296,22863,Plecotus auritus,0.009,0.024,-1,Echolocation,/mnt/ubna_data_01_mir/recover-20220825/UBNA_002/20220823_033000.WAV,Telephone Field,recover-20220825,002,1795
975.1245,975.1623,68437,81821,Rhinolophus ferrumequinum,0.021,0.021,-1,Echolocation,/mnt/ubna_data_01_mir/recover-20220825/UBNA_002/20220823_033000.WAV,Telephone Field,recover-20220825,002,1795
975.1625,975.1715,26328,33050,Nyctalus leisleri,0.01,0.032,-1,Echolocation,/mnt/ubna_data_01_mir/recover-20220825/UBNA_002/20220823_033000.WAV,Telephone Field,recover-20220825,002,1795
975.1775,975.2165,68437,82090,Rhinolophus ferrumequinum,0.022,0.022,-1,Echolocation,/mnt/ubna_data_01_mir/recover-20220825/UBNA_002/20220823_033000.WAV,Telephone Field,recover-20220825,002,1795
975.1925,975.2043,22890,27861,Nyctalus leisleri,0.015,0.029,-1,Echolocation,/mnt/ubna_data_01_mir/recover-20220825/UBNA_002/20220823_033000.WAV,Telephone Field,recover-20220825,002,1795
975.1935,975.2275,68437,81097,Rhinolophus ferrumequinum,0.022,0.022,-1,Echolocation,/mnt/ubna_data_01_mir/recover-20220825/UBNA_002/20220823_033000.WAV,Telephone Field,recover-20220825,002,1795
975.2315,975.2386,26328,37824,Eptesicus serotinus,0.004,0.021,-1,Echolocation,/mnt/ubna_data_01_mir/recover-20220825/UBNA_002/20220823_033000.WAV,Telephone Field,recover-20220825,002,1795
975.2625,975.3002,68437,81909,Rhinolophus ferrumequinum,0.023,0.023,-1,Echolocation,/mnt/ubna_data_01_mir/recover-20220825/UBNA_002/20220823_033000.WAV,Telephone Field,recover-20220825,002,1795
975.2845,975.3242,68437,82274,Rhinolophus ferrumequinum,0.021,0.021,-1,Echolocation,/mnt/ubna_data_01_mir/recover-20220825/UBNA_002/20220823_033000.WAV,Telephone Field,recover-20220825,002,1795
975.3035,975.314,22890,28882,Nyctalus leisleri,0.011,0.027,-1,Echolocation,/mnt/ubna_data_01_mir/recover-20220825/UBNA_002/20220823_033000.WAV,Telephone Field,recover-20220825,002,1795
975.3145,975.3234,28046,37055,Eptesicus serotinus,0.009,0.024,-1,Echolocation,/mnt/ubna_data_01_mir/recover-20220825/UBNA_002/20220823_033000.WAV,Telephone Field,recover-20220825,002,1795
975.3155,975.352,68437,81954,Rhinolophus ferrumequinum,0.021,0.021,-1,Echolocation,/mnt/ubna_data_01_mir/recover-20220825/UBNA_002/20220823_033000.WAV,Telephone Field,recover-20220825,002,1795
975.3305,975.3412,28046,35604,Eptesicus serotinus,0.009,0.022,-1,Echolocation,/mnt/ubna_data_01_mir/recover-20220825/UBNA_002/20220823_033000.WAV,Telephone Field,recover-20220825,002,1795
975.4265,975.4653,68437,81673,Rhinolophus ferrumequinum,0.023,0.023,-1,Echolocation,/mnt/ubna_data_01_mir/recover-20220825/UBNA_002/20220823_033000.WAV,Telephone Field,recover-20220825,002,1795
975.4325,975.4406,26328,34779,Eptesicus serotinus,0.009,0.027,-1,Echolocation,/mnt/ubna_data_01_mir/recover-20220825/UBNA_002/20220823_033000.WAV,Telephone Field,recover-20220825,002,1795
975.4425,975.4826,68437,82541,Rhinolophus ferrumequinum,0.024,0.024,-1,Echolocation,/mnt/ubna_data_01_mir/recover-20220825/UBNA_002/20220823_033000.WAV,Telephone Field,recover-20220825,002,1795
975.4675,975.5071,68437,81817,Rhinolophus ferrumequinum,0.025,0.025,-1,Echolocation,/mnt/ubna_data_01_mir/recover-20220825/UBNA_002/20220823_033000.WAV,Telephone Field,recover-20220825,002,1795
975.4975,975.5054,27187,40763,Eptesicus serotinus,0.007,0.023,-1,Echolocation,/mnt/ubna_data_01_mir/recover-20220825/UBNA_002/20220823_033000.WAV,Telephone Field,recover-20220825,002,1795
975.5285,975.5381,28046,36314,Eptesicus serotinus,0.009,0.022,-1,Echolocation,/mnt/ubna_data_01_mir/recover-20220825/UBNA_002/20220823_033000.WAV,Telephone Field,recover-20220825,002,1795
975.5645,975.6045,68437,82567,Rhinolophus ferrumequinum,0.022,0.022,-1,Echolocation,/mnt/ubna_data_01_mir/recover-20220825/UBNA_002/20220823_033000.WAV,Telephone Field,recover-20220825,002,1795
975.5655,975.5733,31484,40700,Myotis daubentonii,0.011,0.021,-1,Echolocation,/mnt/ubna_data_01_mir/recover-20220825/UBNA_002/20220823_033000.WAV,Telephone Field,recover-20220825,002,1795
975.6135,975.6531,68437,82167,Rhinolophus ferrumequinum,0.021,0.021,-1,Echolocation,/mnt/ubna_data_01_mir/recover-20220825/UBNA_002/20220823_033000.WAV,Telephone Field,recover-20220825,002,1795
975.6355,975.6771,68437,82770,Rhinolophus ferrumequinum,0.024,0.024,-1,Echolocation,/mnt/ubna_data_01_mir/recover-20220825/UBNA_002/20220823_033000.WAV,Telephone Field,recover-20220825,002,1795
975.6755,975.7155,68437,82636,Rhinolophus ferrumequinum,0.022,0.022,-1,Echolocation,/mnt/ubna_data_01_mir/recover-20220825/UBNA_002/20220823_033000.WAV,Telephone Field,recover-20220825,002,1795
975.6935,975.7326,68437,82360,Rhinolophus ferrumequinum,0.021,0.021,-1,Echolocation,/mnt/ubna_data_01_mir/recover-20220825/UBNA_002/20220823_033000.WAV,Telephone Field,recover-20220825,002,1795
975.7095,975.7162,24609,36581,Myotis nattereri,0.006,0.021,-1,Echolocation,/mnt/ubna_data_01_mir/recover-20220825/UBNA_002/20220823_033000.WAV,Telephone Field,recover-20220825,002,1795
975.8235,975.8641,68437,82545,Rhinolophus ferrumequinum,0.028,0.028,-1,Echolocation,/mnt/ubna_data_01_mir/recover-20220825/UBNA_002/20220823_033000.WAV,Telephone Field,recover-20220825,002,1795
975.8515,975.8901,68437,81645,Rhinolophus ferrumequinum,0.022,0.022,-1,Echolocation,/mnt/ubna_data_01_mir/recover-20220825/UBNA_002/20220823_033000.WAV,Telephone Field,recover-20220825,002,1795
975.8515,975.8594,25468,33992,Eptesicus serotinus,0.006,0.022,-1,Echolocation,/mnt/ubna_data_01_mir/recover-20220825/UBNA_002/20220823_033000.WAV,Telephone Field,recover-20220825,002,1795
975.9475,975.9897,68437,82919,Rhinolophus ferrumequinum,0.03,0.03,-1,Echolocation,/mnt/ubna_data_01_mir/recover-20220825/UBNA_002/20220823_033000.WAV,Telephone Field,recover-20220825,002,1795
975.9665,975.977,23750,29260,Nyctalus leisleri,0.011,0.025,-1,Echolocation,/mnt/ubna_data_01_mir/recover-20220825/UBNA_002/20220823_033000.WAV,Telephone Field,recover-20220825,002,1795
976.0015,976.0106,21171,26812,Nyctalus leisleri,0.008,0.022,-1,Echolocation,/mnt/ubna_data_01_mir/recover-20220825/UBNA_002/20220823_033000.WAV,Telephone Field,recover-20220825,002,1795
976.0015,976.0106,38359,46567,Pipistrellus nathusii,0.006,0.02,-1,Echolocation,/mnt/ubna_data_01_mir/recover-20220825/UBNA_002/20220823_033000.WAV,Telephone Field,recover-20220825,002,1795
976.0015,976.0102,26328,34891,Eptesicus serotinus,0.009,0.026,-1,Echolocation,/mnt/ubna_data_01_mir/recover-20220825/UBNA_002/20220823_033000.WAV,Telephone Field,recover-20220825,002,1795
976.0015,976.0074,46953,55016,Pipistrellus pipistrellus,0.018,0.025,-1,Echolocation,/mnt/ubna_data_01_mir/recover-20220825/UBNA_002/20220823_033000.WAV,Telephone Field,recover-20220825,002,1795
976.0015,976.0313,69296,82163,Rhinolophus ferrumequinum,0.024,0.024,-1,Echolocation,/mnt/ubna_data_01_mir/recover-20220825/UBNA_002/20220823_033000.WAV,Telephone Field,recover-20220825,002,1795
976.0115,976.0532,68437,81837,Rhinolophus ferrumequinum,0.021,0.021,-1,Echolocation,/mnt/ubna_data_01_mir/recover-20220825/UBNA_002/20220823_033000.WAV,Telephone Field,recover-20220825,002,1795
976.0125,976.021,28906,41356,Eptesicus serotinus,0.007,0.02,-1,Echolocation,/mnt/ubna_data_01_mir/recover-20220825/UBNA_002/20220823_033000.WAV,Telephone Field,recover-20220825,002,1795
976.0355,976.0766,68437,82652,Rhinolophus ferrumequinum,0.023,0.023,-1,Echolocation,/mnt/ubna_data_01_mir/recover-20220825/UBNA_002/20220823_033000.WAV,Telephone Field,recover-20220825,002,1795
976.0395,976.0473,27187,38687,Eptesicus serotinus,0.008,0.023,-1,Echolocation,/mnt/ubna_data_01_mir/recover-20220825/UBNA_002/20220823_033000.WAV,Telephone Field,recover-20220825,002,1795
976.0495,976.0861,68437,81643,Rhinolophus ferrumequinum,0.022,0.022,-1,Echolocation,/mnt/ubna_data_01_mir/recover-20220825/UBNA_002/20220823_033000.WAV,Telephone Field,recover-20220825,002,1795
976.0625,976.0732,22031,26694,Nyctalus leisleri,0.01,0.02,-1,Echolocation,/mnt/ubna_data_01_mir/recover-20220825/UBNA_002/20220823_033000.WAV,Telephone Field,recover-20220825,002,1795
976.0635,976.0706,37500,47174,Myotis daubentonii,0.006,0.022,-1,Echolocation,/mnt/ubna_data_01_mir/recover-20220825/UBNA_002/20220823_033000.WAV,Telephone Field,recover-20220825,002,1795
976.0705,976.1063,68437,81582,Rhinolophus ferrumequinum,0.021,0.021,-1,Echolocation,/mnt/ubna_data_01_mir/recover-20220825/UBNA_002/20220823_033000.WAV,Telephone Field,recover-20220825,002,1795
976.1015,976.1408,68437,81678,Rhinolophus ferrumequinum,0.023,0.023,-1,Echolocation,/mnt/ubna_data_01_mir/recover-20220825/UBNA_002/20220823_033000.WAV,Telephone Field,recover-20220825,002,1795
976.1035,976.1112,26328,37477,Eptesicus serotinus,0.007,0.026,-1,Echolocation,/mnt/ubna_data_01_mir/recover-20220825/UBNA_002/20220823_033000.WAV,Telephone Field,recover-20220825,002,1795
976.1245,976.1348,25468,32905,Eptesicus serotinus,0.042,0.079,-1,Echolocation,/mnt/ubna_data_01_mir/recover-20220825/UBNA_002/20220823_033000.WAV,Telephone Field,recover-20220825,002,1795
976.1905,976.229,68437,82121,Rhinolophus ferrumequinum,0.02,0.02,-1,Echolocation,/mnt/ubna_data_01_mir/recover-20220825/UBNA_002/20220823_033000.WAV,Telephone Field,recover-20220825,002,1795
976.1925,976.2002,26328,38466,Eptesicus serotinus,0.006,0.02,-1,Echolocation,/mnt/ubna_data_01_mir/recover-20220825/UBNA_002/20220823_033000.WAV,Telephone Field,recover-20220825,002,1795
976.2265,976.2646,68437,82486,Rhinolophus ferrumequinum,0.025,0.025,-1,Echolocation,/mnt/ubna_data_01_mir/recover-20220825/UBNA_002/20220823_033000.WAV,Telephone Field,recover-20220825,002,1795
976.2535,976.2619,23750,31746,Plecotus austriacus,0.007,0.021,-1,Echolocation,/mnt/ubna_data_01_mir/recover-20220825/UBNA_002/20220823_033000.WAV,Telephone Field,recover-20220825,002,1795
976.2815,976.3192,68437,82588,Rhinolophus ferrumequinum,0.02,0.02,-1,Echolocation,/mnt/ubna_data_01_mir/recover-20220825/UBNA_002/20220823_033000.WAV,Telephone Field,recover-20220825,002,1795
976.2865,976.2956,26328,35072,Eptesicus serotinus,0.006,0.02,-1,Echolocation,/mnt/ubna_data_01_mir/recover-20220825/UBNA_002/20220823_033000.WAV,Telephone Field,recover-20220825,002,1795
976.3005,976.3375,68437,81807,Rhinolophus ferrumequinum,0.02,0.02,-1,Echolocation,/mnt/ubna_data_01_mir/recover-20220825/UBNA_002/20220823_033000.WAV,Telephone Field,recover-20220825,002,1795
976.3605,976.37,25468,33415,Eptesicus serotinus,0.007,0.022,-1,Echolocation,/mnt/ubna_data_01_mir/recover-20220825/UBNA_002/20220823_033000.WAV,Telephone Field,recover-20220825,002,1795
976.3785,976.416,68437,81422,Rhinolophus ferrumequinum,0.022,0.022,-1,Echolocation,/mnt/ubna_data_01_mir/recover-20220825/UBNA_002/20220823_033000.WAV,Telephone Field,recover-20220825,002,1795
976.3925,976.4049,28906,34906,Eptesicus serotinus,0.016,0.029,-1,Echolocation,/mnt/ubna_data_01_mir/recover-20220825/UBNA_002/20220823_033000.WAV,Telephone Field,recover-20220825,002,1795
976.4185,976.4563,68437,82302,Rhinolophus ferrumequinum,0.022,0.022,-1,Echolocation,/mnt/ubna_data_01_mir/recover-20220825/UBNA_002/20220823_033000.WAV,Telephone Field,recover-20220825,002,1795
976.4295,976.4393,39218,44296,Pipistrellus nathusii,0.027,0.041,-1,Echolocation,/mnt/ubna_data_01_mir/recover-20220825/UBNA_002/20220823_033000.WAV,Telephone Field,recover-20220825,002,1795
976.4335,976.4407,28046,37276,Eptesicus serotinus,0.006,0.021,-1,Echolocation,/mnt/ubna_data_01_mir/recover-20220825/UBNA_002/20220823_033000.WAV,Telephone Field,recover-20220825,002,1795
976.4345,976.4418000000001,23750,31792,Plecotus austriacus,0.009,0.021,-1,Echolocation,/mnt/ubna_data_01_mir/recover-20220825/UBNA_002/20220823_033000.WAV,Telephone Field,recover-20220825,002,1795
976.4445,976.481,68437,81567,Rhinolophus ferrumequinum,0.021,0.021,-1,Echolocation,/mnt/ubna_data_01_mir/recover-20220825/UBNA_002/20220823_033000.WAV,Telephone Field,recover-20220825,002,1795
976.4905,976.5005,22890,29002,Nyctalus leisleri,0.009,0.023,-1,Echolocation,/mnt/ubna_data_01_mir/recover-20220825/UBNA_002/20220823_033000.WAV,Telephone Field,recover-20220825,002,1795
976.5105,976.5183,26328,38072,Eptesicus serotinus,0.006,0.021,-1,Echolocation,/mnt/ubna_data_01_mir/recover-20220825/UBNA_002/20220823_033000.WAV,Telephone Field,recover-20220825,002,1795
976.5505,976.5864,68437,81243,Rhinolophus ferrumequinum,0.02,0.02,-1,Echolocation,/mnt/ubna_data_01_mir/recover-20220825/UBNA_002/20220823_033000.WAV,Telephone Field,recover-20220825,002,1795
976.5525,976.5595,27187,39123,Eptesicus serotinus,0.006,0.022,-1,Echolocation,/mnt/ubna_data_01_mir/recover-20220825/UBNA_002/20220823_033000.WAV,Telephone Field,recover-20220825,002,1795
976.5715,976.5824,28906,36560,Eptesicus serotinus,0.011,0.023,-1,Echolocation,/mnt/ubna_data_01_mir/recover-20220825/UBNA_002/20220823_033000.WAV,Telephone Field,recover-20220825,002,1795
976.5805,976.6201,68437,83153,Rhinolophus ferrumequinum,0.037,0.037,-1,Echolocation,/mnt/ubna_data_01_mir/recover-20220825/UBNA_002/20220823_033000.WAV,Telephone Field,recover-20220825,002,1795
976.5855,976.5932,28046,39462,Eptesicus serotinus,0.007,0.022,-1,Echolocation,/mnt/ubna_data_01_mir/recover-20220825/UBNA_002/20220823_033000.WAV,Telephone Field,recover-20220825,002,1795
976.6105,976.6458,68437,81134,Rhinolophus ferrumequinum,0.021,0.021,-1,Echolocation,/mnt/ubna_data_01_mir/recover-20220825/UBNA_002/20220823_033000.WAV,Telephone Field,recover-20220825,002,1795
976.6205,976.6278,39218,50925,Myotis brandtii,0.006,0.023,-1,Echolocation,/mnt/ubna_data_01_mir/recover-20220825/UBNA_002/20220823_033000.WAV,Telephone Field,recover-20220825,002,1795
976.6215,976.6282,24609,37195,Myotis nattereri,0.006,0.021,-1,Echolocation,/mnt/ubna_data_01_mir/recover-20220825/UBNA_002/20220823_033000.WAV,Telephone Field,recover-20220825,002,1795
976.6385,976.6756,68437,81857,Rhinolophus ferrumequinum,0.02,0.02,-1,Echolocation,/mnt/ubna_data_01_mir/recover-20220825/UBNA_002/20220823_033000.WAV,Telephone Field,recover-20220825,002,1795
976.6435,976.6577,22890,27849,Nyctalus leisleri,0.016,0.032,-1,Echolocation,/mnt/ubna_data_01_mir/recover-20220825/UBNA_002/20220823_033000.WAV,Telephone Field,recover-20220825,002,1795
976.6525,976.6606,28906,38774,Eptesicus serotinus,0.006,0.02,-1,Echolocation,/mnt/ubna_data_01_mir/recover-20220825/UBNA_002/20220823_033000.WAV,Telephone Field,recover-20220825,002,1795
976.6635,976.6711,28046,38209,Eptesicus serotinus,0.006,0.02,-1,Echolocation,/mnt/ubna_data_01_mir/recover-20220825/UBNA_002/20220823_033000.WAV,Telephone Field,recover-20220825,002,1795
976.7255,976.7358,28906,35417,Eptesicus serotinus,0.012,0.024,-1,Echolocation,/mnt/ubna_data_01_mir/recover-20220825/UBNA_002/20220823_033000.WAV,Telephone Field,recover-20220825,002,1795
976.7645,976.7788,50390,54563,Pipistrellus pipistrellus,0.045,0.073,-1,Echolocation,/mnt/ubna_data_01_mir/recover-20220825/UBNA_002/20220823_033000.WAV,Telephone Field,recover-20220825,002,1795
976.7885,976.7981,27187,35408,Eptesicus serotinus,0.008,0.021,-1,Echolocation,/mnt/ubna_data_01_mir/recover-20220825/UBNA_002/20220823_033000.WAV,Telephone Field,recover-20220825,002,1795
976.8245,976.8333,45234,51768,Pipistrellus pipistrellus,0.016,0.021,-1,Echolocation,/mnt/ubna_data_01_mir/recover-20220825/UBNA_002/20220823_033000.WAV,Telephone Field,recover-20220825,002,1795
976.8255,976.8625,68437,81397,Rhinolophus ferrumequinum,0.021,0.022,-1,Echolocation,/mnt/ubna_data_01_mir/recover-20220825/UBNA_002/20220823_033000.WAV,Telephone Field,recover-20220825,002,1795
976.8515,976.8597,25468,34124,Eptesicus serotinus,0.007,0.021,-1,Echolocation,/mnt/ubna_data_01_mir/recover-20220825/UBNA_002/20220823_033000.WAV,Telephone Field,recover-20220825,002,1795
976.8785,976.8879,26328,34794,Eptesicus serotinus,0.009,0.022,-1,Echolocation,/mnt/ubna_data_01_mir/recover-20220825/UBNA_002/20220823_033000.WAV,Telephone Field,recover-20220825,002,1795
976.8915,976.9315,68437,82611,Rhinolophus ferrumequinum,0.02,0.02,-1,Echolocation,/mnt/ubna_data_01_mir/recover-20220825/UBNA_002/20220823_033000.WAV,Telephone Field,recover-20220825,002,1795
976.9215,976.9565,68437,81045,Rhinolophus ferrumequinum,0.023,0.023,-1,Echolocation,/mnt/ubna_data_01_mir/recover-20220825/UBNA_002/20220823_033000.WAV,Telephone Field,recover-20220825,002,1795
976.9705,977.0071,68437,81839,Rhinolophus ferrumequinum,0.021,0.021,-1,Echolocation,/mnt/ubna_data_01_mir/recover-20220825/UBNA_002/20220823_033000.WAV,Telephone Field,recover-20220825,002,1795
976.9975,977.0339,68437,81576,Rhinolophus ferrumequinum,0.02,0.02,-1,Echolocation,/mnt/ubna_data_01_mir/recover-20220825/UBNA_002/20220823_033000.WAV,Telephone Field,recover-20220825,002,1795
977.0145,977.0525,68437,82667,Rhinolophus ferrumequinum,0.025,0.025,-1,Echolocation,/mnt/ubna_data_01_mir/recover-20220825/UBNA_002/20220823_033000.WAV,Telephone Field,recover-20220825,002,1795
977.0475,977.0832,68437,81794,Rhinolophus ferrumequinum,0.02,0.02,-1,Echolocation,/mnt/ubna_data_01_mir/recover-20220825/UBNA_002/20220823_033000.WAV,Telephone Field,recover-20220825,002,1795
977.0555,977.0671,23750,29371,Nyctalus leisleri,0.013,0.029,-1,Echolocation,/mnt/ubna_data_01_mir/recover-20220825/UBNA_002/20220823_033000.WAV,Telephone Field,recover-20220825,002,1795
977.0705,977.0784,27187,38089,Eptesicus serotinus,0.007,0.02,-1,Echolocation,/mnt/ubna_data_01_mir/recover-20220825/UBNA_002/20220823_033000.WAV,Telephone Field,recover-20220825,002,1795
977.0785,977.1161,68437,81735,Rhinolophus ferrumequinum,0.023,0.023,-1,Echolocation,/mnt/ubna_data_01_mir/recover-20220825/UBNA_002/20220823_033000.WAV,Telephone Field,recover-20220825,002,1795
977.0785,977.0854,28046,40514,Eptesicus serotinus,0.006,0.023,-1,Echolocation,/mnt/ubna_data_01_mir/recover-20220825/UBNA_002/20220823_033000.WAV,Telephone Field,recover-20220825,002,1795
977.0935,977.1316,68437,82049,Rhinolophus ferrumequinum,0.021,0.021,-1,Echolocation,/mnt/ubna_data_01_mir/recover-20220825/UBNA_002/20220823_033000.WAV,Telephone Field,recover-20220825,002,1795
977.0945,977.1026,27187,36198,Eptesicus serotinus,0.007,0.02,-1,Echolocation,/mnt/ubna_data_01_mir/recover-20220825/UBNA_002/20220823_033000.WAV,Telephone Field,recover-20220825,002,1795
977.1175,977.1267,49531,53997,Pipistrellus pipistrellus,0.023,0.026,-1,Echolocation,/mnt/ubna_data_01_mir/recover-20220825/UBNA_002/20220823_033000.WAV,Telephone Field,recover-20220825,002,1795
977.1285,977.1362,27187,39497,Eptesicus serotinus,0.007,0.023,-1,Echolocation,/mnt/ubna_data_01_mir/recover-20220825/UBNA_002/20220823_033000.WAV,Telephone Field,recover-20220825,002,1795
977.1545,977.1936,68437,81873,Rhinolophus ferrumequinum,0.021,0.021,-1,Echolocation,/mnt/ubna_data_01_mir/recover-20220825/UBNA_002/20220823_033000.WAV,Telephone Field,recover-20220825,002,1795
977.1605,977.1965,68437,81410,Rhinolophus ferrumequinum,0.021,0.021,-1,Echolocation,/mnt/ubna_data_01_mir/recover-20220825/UBNA_002/20220823_033000.WAV,Telephone Field,recover-20220825,002,1795
977.1725,977.18,28046,38347,Eptesicus serotinus,0.007,0.023,-1,Echolocation,/mnt/ubna_data_01_mir/recover-20220825/UBNA_002/20220823_033000.WAV,Telephone Field,recover-20220825,002,1795
977.1855,977.2227,68437,81135,Rhinolophus ferrumequinum,0.02,0.02,-1,Echolocation,/mnt/ubna_data_01_mir/recover-20220825/UBNA_002/20220823_033000.WAV,Telephone Field,recover-20220825,002,1795
977.2275,977.2649,68437,82052,Rhinolophus ferrumequinum,0.02,0.02,-1,Echolocation,/mnt/ubna_data_01_mir/recover-20220825/UBNA_002/20220823_033000.WAV,Telephone Field,recover-20220825,002,1795
977.2355,977.271,68437,82371,Rhinolophus ferrumequinum,0.02,0.02,-1,Echolocation,/mnt/ubna_data_01_mir/recover-20220825/UBNA_002/20220823_033000.WAV,Telephone Field,recover-20220825,002,1795
977.2485,977.2554,28046,39969,Eptesicus serotinus,0.007,0.025,-1,Echolocation,/mnt/ubna_data_01_mir/recover-20220825/UBNA_002/20220823_033000.WAV,Telephone Field,recover-20220825,002,1795
977.2605,977.2993,68437,82622,Rhinolophus ferrumequinum,0.021,0.021,-1,Echolocation,/mnt/ubna_data_01_mir/recover-20220825/UBNA_002/20220823_033000.WAV,Telephone Field,recover-20220825,002,1795
977.2715,977.2787,26328,36031,Eptesicus serotinus,0.007,0.023,-1,Echolocation,/mnt/ubna_data_01_mir/recover-20220825/UBNA_002/20220823_033000.WAV,Telephone Field,recover-20220825,002,1795
977.2975,977.3375,68437,82030,Rhinolophus ferrumequinum,0.025,0.025,-1,Echolocation,/mnt/ubna_data_01_mir/recover-20220825/UBNA_002/20220823_033000.WAV,Telephone Field,recover-20220825,002,1795
977.3075,977.3179,22890,28706,Nyctalus leisleri,0.009,0.022,-1,Echolocation,/mnt/ubna_data_01_mir/recover-20220825/UBNA_002/20220823_033000.WAV,Telephone Field,recover-20220825,002,1795
977.3225,977.3615,68437,82001,Rhinolophus ferrumequinum,0.022,0.022,-1,Echolocation,/mnt/ubna_data_01_mir/recover-20220825/UBNA_002/20220823_033000.WAV,Telephone Field,recover-20220825,002,1795
977.3235,977.3305,28046,39445,Eptesicus serotinus,0.006,0.022,-1,Echolocation,/mnt/ubna_data_01_mir/recover-20220825/UBNA_002/20220823_033000.WAV,Telephone Field,recover-20220825,002,1795
977.3305,977.3666,68437,82060,Rhinolophus ferrumequinum,0.02,0.02,-1,Echolocation,/mnt/ubna_data_01_mir/recover-20220825/UBNA_002/20220823_033000.WAV,Telephone Field,recover-20220825,002,1795
977.3455,977.3532,28046,38911,Eptesicus serotinus,0.007,0.021,-1,Echolocation,/mnt/ubna_data_01_mir/recover-20220825/UBNA_002/20220823_033000.WAV,Telephone Field,recover-20220825,002,1795
977.3945,977.4058,23750,29839,Nyctalus leisleri,0.014,0.032,-1,Echolocation,/mnt/ubna_data_01_mir/recover-20220825/UBNA_002/20220823_033000.WAV,Telephone Field,recover-20220825,002,1795
977.4245,977.4622,68437,81692,Rhinolophus ferrumequinum,0.023,0.023,-1,Echolocation,/mnt/ubna_data_01_mir/recover-20220825/UBNA_002/20220823_033000.WAV,Telephone Field,recover-20220825,002,1795
977.4615,977.4985,68437,82318,Rhinolophus ferrumequinum,0.02,0.02,-1,Echolocation,/mnt/ubna_data_01_mir/recover-20220825/UBNA_002/20220823_033000.WAV,Telephone Field,recover-20220825,002,1795
977.5025,977.5125,22890,28339,Nyctalus leisleri,0.01,0.023,-1,Echolocation,/mnt/ubna_data_01_mir/recover-20220825/UBNA_002/20220823_033000.WAV,Telephone Field,recover-20220825,002,1795
977.5425,977.5476,41796,60552,Myotis mystacinus,0.011,0.023,-1,Echolocation,/mnt/ubna_data_01_mir/recover-20220825/UBNA_002/20220823_033000.WAV,Telephone Field,recover-20220825,002,1795
977.5435,977.5485,34921,62386,Myotis brandtii,0.007,0.021,-1,Echolocation,/mnt/ubna_data_01_mir/recover-20220825/UBNA_002/20220823_033000.WAV,Telephone Field,recover-20220825,002,1795
977.5515,977.5596,26328,34797,Eptesicus serotinus,0.007,0.023,-1,Echolocation,/mnt/ubna_data_01_mir/recover-20220825/UBNA_002/20220823_033000.WAV,Telephone Field,recover-20220825,002,1795
977.5845,977.6238,68437,82621,Rhinolophus ferrumequinum,0.023,0.023,-1,Echolocation,/mnt/ubna_data_01_mir/recover-20220825/UBNA_002/20220823_033000.WAV,Telephone Field,recover-20220825,002,1795
977.5925,977.6324,68437,82538,Rhinolophus ferrumequinum,0.024,0.024,-1,Echolocation,/mnt/ubna_data_01_mir/recover-20220825/UBNA_002/20220823_033000.WAV,Telephone Field,recover-20220825,002,1795
977.6155,977.657,68437,82864,Rhinolophus ferrumequinum,0.027,0.027,-1,Echolocation,/mnt/ubna_data_01_mir/recover-20220825/UBNA_002/20220823_033000.WAV,Telephone Field,recover-20220825,002,1795
977.6285,977.6671,68437,82332,Rhinolophus ferrumequinum,0.023,0.023,-1,Echolocation,/mnt/ubna_data_01_mir/recover-20220825/UBNA_002/20220823_033000.WAV,Telephone Field,recover-20220825,002,1795
977.6745,977.6847,28046,35629,Eptesicus serotinus,0.011,0.023,-1,Echolocation,/mnt/ubna_data_01_mir/recover-20220825/UBNA_002/20220823_033000.WAV,Telephone Field,recover-20220825,002,1795
977.6875,977.6927,34921,65526,Myotis brandtii,0.008,0.024,-1,Echolocation,/mnt/ubna_data_01_mir/recover-20220825/UBNA_002/20220823_033000.WAV,Telephone Field,recover-20220825,002,1795
977.7035,977.7396,68437,82241,Rhinolophus ferrumequinum,0.022,0.022,-1,Echolocation,/mnt/ubna_data_01_mir/recover-20220825/UBNA_002/20220823_033000.WAV,Telephone Field,recover-20220825,002,1795
977.7325,977.7716,68437,81967,Rhinolophus ferrumequinum,0.023,0.023,-1,Echolocation,/mnt/ubna_data_01_mir/recover-20220825/UBNA_002/20220823_033000.WAV,Telephone Field,recover-20220825,002,1795
977.7685,977.7751,28046,41389,Eptesicus serotinus,0.006,0.023,-1,Echolocation,/mnt/ubna_data_01_mir/recover-20220825/UBNA_002/20220823_033000.WAV,Telephone Field,recover-20220825,002,1795
977.7695,977.7771,23750,32762,Plecotus austriacus,0.008,0.023,-1,Echolocation,/mnt/ubna_data_01_mir/recover-20220825/UBNA_002/20220823_033000.WAV,Telephone Field,recover-20220825,002,1795
977.8195,977.8597,68437,82799,Rhinolophus ferrumequinum,0.021,0.021,-1,Echolocation,/mnt/ubna_data_01_mir/recover-20220825/UBNA_002/20220823_033000.WAV,Telephone Field,recover-20220825,002,1795
977.8305,977.8698,68437,82392,Rhinolophus ferrumequinum,0.021,0.021,-1,Echolocation,/mnt/ubna_data_01_mir/recover-20220825/UBNA_002/20220823_033000.WAV,Telephone Field,recover-20220825,002,1795
977.8315,977.8417,23750,29752,Nyctalus leisleri,0.009,0.026,-1,Echolocation,/mnt/ubna_data_01_mir/recover-20220825/UBNA_002/20220823_033000.WAV,Telephone Field,recover-20220825,002,1795
977.8395,977.8786,68437,82506,Rhinolophus ferrumequinum,0.023,0.023,-1,Echolocation,/mnt/ubna_data_01_mir/recover-20220825/UBNA_002/20220823_033000.WAV,Telephone Field,recover-20220825,002,1795
977.8565,977.8641,23750,32888,Plecotus austriacus,0.008,0.021,-1,Echolocation,/mnt/ubna_data_01_mir/recover-20220825/UBNA_002/20220823_033000.WAV,Telephone Field,recover-20220825,002,1795
977.8805,977.8908,28046,38647,Eptesicus serotinus,0.014,0.029,-1,Echolocation,/mnt/ubna_data_01_mir/recover-20220825/UBNA_002/20220823_033000.WAV,Telephone Field,recover-20220825,002,1795
977.8945,977.932,68437,81633,Rhinolophus ferrumequinum,0.021,0.021,-1,Echolocation,/mnt/ubna_data_01_mir/recover-20220825/UBNA_002/20220823_033000.WAV,Telephone Field,recover-20220825,002,1795
977.9165,977.955,68437,82457,Rhinolophus ferrumequinum,0.02,0.02,-1,Echolocation,/mnt/ubna_data_01_mir/recover-20220825/UBNA_002/20220823_033000.WAV,Telephone Field,recover-20220825,002,1795
977.9485,977.9916,68437,82956,Rhinolophus ferrumequinum,0.034,0.034,-1,Echolocation,/mnt/ubna_data_01_mir/recover-20220825/UBNA_002/20220823_033000.WAV,Telephone Field,recover-20220825,002,1795
977.9495,977.9611,23750,28702,Nyctalus leisleri,0.013,0.025,-1,Echolocation,/mnt/ubna_data_01_mir/recover-20220825/UBNA_002/20220823_033000.WAV,Telephone Field,recover-20220825,002,1795
978.0015,978.0089,25468,34592,Nyctalus leisleri,0.007,0.028,-1,Echolocation,/mnt/ubna_data_01_mir/recover-20220825/UBNA_002/20220823_033000.WAV,Telephone Field,recover-20220825,002,1795
978.0015,978.0322,68437,79688,Rhinolophus ferrumequinum,0.026,0.026,-1,Echolocation,/mnt/ubna_data_01_mir/recover-20220825/UBNA_002/20220823_033000.WAV,Telephone Field,recover-20220825,002,1795
978.0185,978.0547,68437,81835,Rhinolophus ferrumequinum,0.022,0.022,-1,Echolocation,/mnt/ubna_data_01_mir/recover-20220825/UBNA_002/20220823_033000.WAV,Telephone Field,recover-20220825,002,1795
978.0535,978.0901,68437,81969,Rhinolophus ferrumequinum,0.023,0.023,-1,Echolocation,/mnt/ubna_data_01_mir/recover-20220825/UBNA_002/20220823_033000.WAV,Telephone Field,recover-20220825,002,1795
978.0635,978.1007,68437,81629,Rhinolophus ferrumequinum,0.025,0.025,-1,Echolocation,/mnt/ubna_data_01_mir/recover-20220825/UBNA_002/20220823_033000.WAV,Telephone Field,recover-20220825,002,1795
978.0665,978.0739,25468,38418,Eptesicus serotinus,0.005,0.02,-1,Echolocation,/mnt/ubna_data_01_mir/recover-20220825/UBNA_002/20220823_033000.WAV,Telephone Field,recover-20220825,002,1795
978.0845,978.0923,51250,56210,Pipistrellus pipistrellus,0.021,0.025,-1,Echolocation,/mnt/ubna_data_01_mir/recover-20220825/UBNA_002/20220823_033000.WAV,Telephone Field,recover-20220825,002,1795
978.0895,978.1264,68437,81627,Rhinolophus ferrumequinum,0.023,0.023,-1,Echolocation,/mnt/ubna_data_01_mir/recover-20220825/UBNA_002/20220823_033000.WAV,Telephone Field,recover-20220825,002,1795
978.1275,978.1663,68437,82107,Rhinolophus ferrumequinum,0.022,0.022,-1,Echolocation,/mnt/ubna_data_01_mir/recover-20220825/UBNA_002/20220823_033000.WAV,Telephone Field,recover-20220825,002,1795
978.2115,978.2534,68437,82501,Rhinolophus ferrumequinum,0.024,0.024,-1,Echolocation,/mnt/ubna_data_01_mir/recover-20220825/UBNA_002/20220823_033000.WAV,Telephone Field,recover-20220825,002,1795
978.2375,978.2797,68437,82912,Rhinolophus ferrumequinum,0.028,0.028,-1,Echolocation,/mnt/ubna_data_01_mir/recover-20220825/UBNA_002/20220823_033000.WAV,Telephone Field,recover-20220825,002,1795
978.2455,978.2848,68437,82782,Rhinolophus ferrumequinum,0.022,0.022,-1,Echolocation,/mnt/ubna_data_01_mir/recover-20220825/UBNA_002/20220823_033000.WAV,Telephone Field,recover-20220825,002,1795
978.2715,978.2815,46093,49623,Pipistrellus pipistrellus,0.036,0.038,-1,Echolocation,/mnt/ubna_data_01_mir/recover-20220825/UBNA_002/20220823_033000.WAV,Telephone Field,recover-20220825,002,1795
978.2845,978.3254,68437,82601,Rhinolophus ferrumequinum,0.021,0.021,-1,Echolocation,/mnt/ubna_data_01_mir/recover-20220825/UBNA_002/20220823_033000.WAV,Telephone Field,recover-20220825,002,1795
978.2975,978.3372,68437,82609,Rhinolophus ferrumequinum,0.024,0.024,-1,Echolocation,/mnt/ubna_data_01_mir/recover-20220825/UBNA_002/20220823_033000.WAV,Telephone Field,recover-20220825,002,1795
978.3125,978.3227,22031,27372,Nyctalus leisleri,0.009,0.021,-1,Echolocation,/mnt/ubna_data_01_mir/recover-20220825/UBNA_002/20220823_033000.WAV,Telephone Field,recover-20220825,002,1795
978.3195,978.3272,24609,32620,Plecotus austriacus,0.005,0.02,-1,Echolocation,/mnt/ubna_data_01_mir/recover-20220825/UBNA_002/20220823_033000.WAV,Telephone Field,recover-20220825,002,1795
978.3225,978.3552,68437,80709,Rhinolophus ferrumequinum,0.021,0.021,-1,Echolocation,/mnt/ubna_data_01_mir/recover-20220825/UBNA_002/20220823_033000.WAV,Telephone Field,recover-20220825,002,1795
978.3315,978.3695,68437,81843,Rhinolophus ferrumequinum,0.02,0.02,-1,Echolocation,/mnt/ubna_data_01_mir/recover-20220825/UBNA_002/20220823_033000.WAV,Telephone Field,recover-20220825,002,1795
978.3495,978.3905,68437,82960,Rhinolophus ferrumequinum,0.031,0.031,-1,Echolocation,/mnt/ubna_data_01_mir/recover-20220825/UBNA_002/20220823_033000.WAV,Telephone Field,recover-20220825,002,1795
978.3785,978.4159,68437,81374,Rhinolophus ferrumequinum,0.021,0.021,-1,Echolocation,/mnt/ubna_data_01_mir/recover-20220825/UBNA_002/20220823_033000.WAV,Telephone Field,recover-20220825,002,1795
978.3965,978.439,68437,82779,Rhinolophus ferrumequinum,0.036,0.036,-1,Echolocation,/mnt/ubna_data_01_mir/recover-20220825/UBNA_002/20220823_033000.WAV,Telephone Field,recover-20220825,002,1795
978.4195,978.4559,68437,81999,Rhinolophus ferrumequinum,0.02,0.02,-1,Echolocation,/mnt/ubna_data_01_mir/recover-20220825/UBNA_002/20220823_033000.WAV,Telephone Field,recover-20220825,002,1795
978.4255,978.4632,68437,81928,Rhinolophus ferrumequinum,0.02,0.02,-1,Echolocation,/mnt/ubna_data_01_mir/recover-20220825/UBNA_002/20220823_033000.WAV,Telephone Field,recover-20220825,002,1795
978.4805,978.5202,68437,82691,Rhinolophus ferrumequinum,0.026,0.026,-1,Echolocation,/mnt/ubna_data_01_mir/recover-20220825/UBNA_002/20220823_033000.WAV,Telephone Field,recover-20220825,002,1795
978.4835,978.4927,25468,33993,Eptesicus serotinus,0.008,0.022,-1,Echolocation,/mnt/ubna_data_01_mir/recover-20220825/UBNA_002/20220823_033000.WAV,Telephone Field,recover-20220825,002,1795
978.5045,978.5434,68437,81828,Rhinolophus ferrumequinum,0.021,0.021,-1,Echolocation,/mnt/ubna_data_01_mir/recover-20220825/UBNA_002/20220823_033000.WAV,Telephone Field,recover-20220825,002,1795
978.5075,978.5156,28046,39691,Eptesicus serotinus,0.007,0.021,-1,Echolocation,/mnt/ubna_data_01_mir/recover-20220825/UBNA_002/20220823_033000.WAV,Telephone Field,recover-20220825,002,1795
978.5155,978.5228,25468,34978,Plecotus auritus,0.008,0.028,-1,Echolocation,/mnt/ubna_data_01_mir/recover-20220825/UBNA_002/20220823_033000.WAV,Telephone Field,recover-20220825,002,1795
978.5165,978.5522,68437,81966,Rhinolophus ferrumequinum,0.021,0.021,-1,Echolocation,/mnt/ubna_data_01_mir/recover-20220825/UBNA_002/20220823_033000.WAV,Telephone Field,recover-20220825,002,1795
978.5645,978.5755,22031,26046,Nyctalus leisleri,0.011,0.02,-1,Echolocation,/mnt/ubna_data_01_mir/recover-20220825/UBNA_002/20220823_033000.WAV,Telephone Field,recover-20220825,002,1795
978.5775,978.62,68437,82760,Rhinolophus ferrumequinum,0.024,0.024,-1,Echolocation,/mnt/ubna_data_01_mir/recover-20220825/UBNA_002/20220823_033000.WAV,Telephone Field,recover-20220825,002,1795
978.6625,978.6994,68437,81304,Rhinolophus ferrumequinum,0.022,0.022,-1,Echolocation,/mnt/ubna_data_01_mir/recover-20220825/UBNA_002/20220823_033000.WAV,Telephone Field,recover-20220825,002,1795
978.6755,978.6838,47812,52552,Pipistrellus pipistrellus,0.035,0.037,-1,Echolocation,/mnt/ubna_data_01_mir/recover-20220825/UBNA_002/20220823_033000.WAV,Telephone Field,recover-20220825,002,1795
978.6855,978.6938,27187,35307,Eptesicus serotinus,0.009,0.023,-1,Echolocation,/mnt/ubna_data_01_mir/recover-20220825/UBNA_002/20220823_033000.WAV,Telephone Field,recover-20220825,002,1795
978.6875,978.7216,68437,80729,Rhinolophus ferrumequinum,0.021,0.021,-1,Echolocation,/mnt/ubna_data_01_mir/recover-20220825/UBNA_002/20220823_033000.WAV,Telephone Field,recover-20220825,002,1795
978.6995,978.7341,68437,81878,Rhinolophus ferrumequinum,0.022,0.022,-1,Echolocation,/mnt/ubna_data_01_mir/recover-20220825/UBNA_002/20220823_033000.WAV,Telephone Field,recover-20220825,002,1795
978.7455,978.7865,68437,82850,Rhinolophus ferrumequinum,0.023,0.023,-1,Echolocation,/mnt/ubna_data_01_mir/recover-20220825/UBNA_002/20220823_033000.WAV,Telephone Field,recover-20220825,002,1795
978.8215,978.8594,68437,82673,Rhinolophus ferrumequinum,0.023,0.023,-1,Echolocation,/mnt/ubna_data_01_mir/recover-20220825/UBNA_002/20220823_033000.WAV,Telephone Field,recover-20220825,002,1795
978.8435,978.8788,68437,80726,Rhinolophus ferrumequinum,0.021,0.021,-1,Echolocation,/mnt/ubna_data_01_mir/recover-20220825/UBNA_002/20220823_033000.WAV,Telephone Field,recover-20220825,002,1795
978.8515,978.8911,68437,81714,Rhinolophus ferrumequinum,0.022,0.022,-1,Echolocation,/mnt/ubna_data_01_mir/recover-20220825/UBNA_002/20220823_033000.WAV,Telephone Field,recover-20220825,002,1795
978.8605,978.8712,23750,29911,Nyctalus leisleri,0.009,0.023,-1,Echolocation,/mnt/ubna_data_01_mir/recover-20220825/UBNA_002/20220823_033000.WAV,Telephone Field,recover-20220825,002,1795
978.8645,978.8714,50390,55298,Pipistrellus pipistrellus,0.029,0.031,-1,Echolocation,/mnt/ubna_data_01_mir/recover-20220825/UBNA_002/20220823_033000.WAV,Telephone Field,recover-20220825,002,1795
978.8835,978.9195,68437,81918,Rhinolophus ferrumequinum,0.02,0.021,-1,Echolocation,/mnt/ubna_data_01_mir/recover-20220825/UBNA_002/20220823_033000.WAV,Telephone Field,recover-20220825,002,1795
978.9105,978.9195,23750,31231,Nyctalus leisleri,0.006,0.021,-1,Echolocation,/mnt/ubna_data_01_mir/recover-20220825/UBNA_002/20220823_033000.WAV,Telephone Field,recover-20220825,002,1795
978.9375,978.9787,68437,82868,Rhinolophus ferrumequinum,0.028,0.028,-1,Echolocation,/mnt/ubna_data_01_mir/recover-20220825/UBNA_002/20220823_033000.WAV,Telephone Field,recover-20220825,002,1795
978.9905,979.0326,68437,82526,Rhinolophus ferrumequinum,0.022,0.022,-1,Echolocation,/mnt/ubna_data_01_mir/recover-20220825/UBNA_002/20220823_033000.WAV,Telephone Field,recover-20220825,002,1795
979.0055,979.0425,68437,81551,Rhinolophus ferrumequinum,0.021,0.021,-1,Echolocation,/mnt/ubna_data_01_mir/recover-20220825/UBNA_002/20220823_033000.WAV,Telephone Field,recover-20220825,002,1795
979.0135,979.052,68437,82463,Rhinolophus ferrumequinum,0.025,0.025,-1,Echolocation,/mnt/ubna_data_01_mir/recover-20220825/UBNA_002/20220823_033000.WAV,Telephone Field,recover-20220825,002,1795
979.0295,979.0636,68437,81060,Rhinolophus ferrumequinum,0.02,0.02,-1,Echolocation,/mnt/ubna_data_01_mir/recover-20220825/UBNA_002/20220823_033000.WAV,Telephone Field,recover-20220825,002,1795
979.0545,979.0936,68437,82343,Rhinolophus ferrumequinum,0.02,0.02,-1,Echolocation,/mnt/ubna_data_01_mir/recover-20220825/UBNA_002/20220823_033000.WAV,Telephone Field,recover-20220825,002,1795
979.0815,979.0919,27187,36594,Eptesicus serotinus,0.011,0.024,-1,Echolocation,/mnt/ubna_data_01_mir/recover-20220825/UBNA_002/20220823_033000.WAV,Telephone Field,recover-20220825,002,1795
979.1095,979.1513,68437,82859,Rhinolophus ferrumequinum,0.024,0.024,-1,Echolocation,/mnt/ubna_data_01_mir/recover-20220825/UBNA_002/20220823_033000.WAV,Telephone Field,recover-20220825,002,1795
979.1245,979.1644,68437,82514,Rhinolophus ferrumequinum,0.028,0.028,-1,Echolocation,/mnt/ubna_data_01_mir/recover-20220825/UBNA_002/20220823_033000.WAV,Telephone Field,recover-20220825,002,1795
979.1255,979.1342,24609,31765,Eptesicus serotinus,0.007,0.021,-1,Echolocation,/mnt/ubna_data_01_mir/recover-20220825/UBNA_002/20220823_033000.WAV,Telephone Field,recover-20220825,002,1795
979.1795,979.2164,68437,81325,Rhinolophus ferrumequinum,0.02,0.021,-1,Echolocation,/mnt/ubna_data_01_mir/recover-20220825/UBNA_002/20220823_033000.WAV,Telephone Field,recover-20220825,002,1795
979.2015,979.2112,28046,37126,Eptesicus serotinus,0.009,0.022,-1,Echolocation,/mnt/ubna_data_01_mir/recover-20220825/UBNA_002/20220823_033000.WAV,Telephone Field,recover-20220825,002,1795
979.2385,979.2739,68437,81432,Rhinolophus ferrumequinum,0.02,0.02,-1,Echolocation,/mnt/ubna_data_01_mir/recover-20220825/UBNA_002/20220823_033000.WAV,Telephone Field,recover-20220825,002,1795
979.2465,979.2833,68437,81748,Rhinolophus ferrumequinum,0.02,0.02,-1,Echolocation,/mnt/ubna_data_01_mir/recover-20220825/UBNA_002/20220823_033000.WAV,Telephone Field,recover-20220825,002,1795
979.2615,979.3029,68437,82615,Rhinolophus ferrumequinum,0.022,0.022,-1,Echolocation,/mnt/ubna_data_01_mir/recover-20220825/UBNA_002/20220823_033000.WAV,Telephone Field,recover-20220825,002,1795
979.2785,979.3172,68437,82553,Rhinolophus ferrumequinum,0.02,0.02,-1,Echolocation,/mnt/ubna_data_01_mir/recover-20220825/UBNA_002/20220823_033000.WAV,Telephone Field,recover-20220825,002,1795
979.2835,979.2915,28046,37130,Eptesicus serotinus,0.007,0.021,-1,Echolocation,/mnt/ubna_data_01_mir/recover-20220825/UBNA_002/20220823_033000.WAV,Telephone Field,recover-20220825,002,1795
979.2935,979.3323,68437,82129,Rhinolophus ferrumequinum,0.023,0.023,-1,Echolocation,/mnt/ubna_data_01_mir/recover-20220825/UBNA_002/20220823_033000.WAV,Telephone Field,recover-20220825,002,1795
979.3125,979.3233,28906,36153,Eptesicus serotinus,0.011,0.023,-1,Echolocation,/mnt/ubna_data_01_mir/recover-20220825/UBNA_002/20220823_033000.WAV,Telephone Field,recover-20220825,002,1795
979.3185,979.3561,68437,81643,Rhinolophus ferrumequinum,0.021,0.021,-1,Echolocation,/mnt/ubna_data_01_mir/recover-20220825/UBNA_002/20220823_033000.WAV,Telephone Field,recover-20220825,002,1795
979.3385,979.3473,23750,31408,Plecotus austriacus,0.01,0.03,-1,Echolocation,/mnt/ubna_data_01_mir/recover-20220825/UBNA_002/20220823_033000.WAV,Telephone Field,recover-20220825,002,1795
979.3655,979.4046,68437,82478,Rhinolophus ferrumequinum,0.025,0.025,-1,Echolocation,/mnt/ubna_data_01_mir/recover-20220825/UBNA_002/20220823_033000.WAV,Telephone Field,recover-20220825,002,1795
979.3705,979.3762,24609,43584,Myotis nattereri,0.015,0.033,-1,Echolocation,/mnt/ubna_data_01_mir/recover-20220825/UBNA_002/20220823_033000.WAV,Telephone Field,recover-20220825,002,1795
979.3995,979.4069,26328,38016,Eptesicus serotinus,0.005,0.02,-1,Echolocation,/mnt/ubna_data_01_mir/recover-20220825/UBNA_002/20220823_033000.WAV,Telephone Field,recover-20220825,002,1795
979.4115,979.419,25468,34184,Eptesicus serotinus,0.005,0.021,-1,Echolocation,/mnt/ubna_data_01_mir/recover-20220825/UBNA_002/20220823_033000.WAV,Telephone Field,recover-20220825,002,1795
979.4535,979.4936,68437,82760,Rhinolophus ferrumequinum,0.023,0.023,-1,Echolocation,/mnt/ubna_data_01_mir/recover-20220825/UBNA_002/20220823_033000.WAV,Telephone Field,recover-20220825,002,1795
979.5025,979.5417,68437,82546,Rhinolophus ferrumequinum,0.02,0.02,-1,Echolocation,/mnt/ubna_data_01_mir/recover-20220825/UBNA_002/20220823_033000.WAV,Telephone Field,recover-20220825,002,1795
979.5105,979.5181,28906,40623,Eptesicus serotinus,0.007,0.022,-1,Echolocation,/mnt/ubna_data_01_mir/recover-20220825/UBNA_002/20220823_033000.WAV,Telephone Field,recover-20220825,002,1795
979.5125,979.5519,68437,82414,Rhinolophus ferrumequinum,0.023,0.023,-1,Echolocation,/mnt/ubna_data_01_mir/recover-20220825/UBNA_002/20220823_033000.WAV,Telephone Field,recover-20220825,002,1795
979.5615,979.6026,68437,82312,Rhinolophus ferrumequinum,0.021,0.021,-1,Echolocation,/mnt/ubna_data_01_mir/recover-20220825/UBNA_002/20220823_033000.WAV,Telephone Field,recover-20220825,002,1795
979.5825,979.6193,68437,81654,Rhinolophus ferrumequinum,0.02,0.02,-1,Echolocation,/mnt/ubna_data_01_mir/recover-20220825/UBNA_002/20220823_033000.WAV,Telephone Field,recover-20220825,002,1795
979.6005,979.6078,27187,44307,Eptesicus serotinus,0.007,0.021,-1,Echolocation,/mnt/ubna_data_01_mir/recover-20220825/UBNA_002/20220823_033000.WAV,Telephone Field,recover-20220825,002,1795
979.6085,979.6447000000001,68437,81673,Rhinolophus ferrumequinum,0.024,0.024,-1,Echolocation,/mnt/ubna_data_01_mir/recover-20220825/UBNA_002/20220823_033000.WAV,Telephone Field,recover-20220825,002,1795
979.6325,979.645,25468,30646,Nyctalus leisleri,0.016,0.034,-1,Echolocation,/mnt/ubna_data_01_mir/recover-20220825/UBNA_002/20220823_033000.WAV,Telephone Field,recover-20220825,002,1795
979.6405,979.676,68437,82029,Rhinolophus ferrumequinum,0.021,0.021,-1,Echolocation,/mnt/ubna_data_01_mir/recover-20220825/UBNA_002/20220823_033000.WAV,Telephone Field,recover-20220825,002,1795
979.6485,979.6872,68437,81848,Rhinolophus ferrumequinum,0.023,0.023,-1,Echolocation,/mnt/ubna_data_01_mir/recover-20220825/UBNA_002/20220823_033000.WAV,Telephone Field,recover-20220825,002,1795
979.7285,979.7398,28046,33921,Eptesicus serotinus,0.014,0.031,-1,Echolocation,/mnt/ubna_data_01_mir/recover-20220825/UBNA_002/20220823_033000.WAV,Telephone Field,recover-20220825,002,1795
979.7315,979.7692,68437,82837,Rhinolophus ferrumequinum,0.02,0.02,-1,Echolocation,/mnt/ubna_data_01_mir/recover-20220825/UBNA_002/20220823_033000.WAV,Telephone Field,recover-20220825,002,1795
979.7385,979.7437,51250,56437,Pipistrellus pipistrellus,0.018,0.02,-1,Echolocation,/mnt/ubna_data_01_mir/recover-20220825/UBNA_002/20220823_033000.WAV,Telephone Field,recover-20220825,002,1795
979.7435,979.7813,68437,82507,Rhinolophus ferrumequinum,0.022,0.022,-1,Echolocation,/mnt/ubna_data_01_mir/recover-20220825/UBNA_002/20220823_033000.WAV,Telephone Field,recover-20220825,002,1795
979.7525,979.7912,68437,82049,Rhinolophus ferrumequinum,0.02,0.02,-1,Echolocation,/mnt/ubna_data_01_mir/recover-20220825/UBNA_002/20220823_033000.WAV,Telephone Field,recover-20220825,002,1795
979.7715,979.8081999999999,68437,82269,Rhinolophus ferrumequinum,0.024,0.024,-1,Echolocation,/mnt/ubna_data_01_mir/recover-20220825/UBNA_002/20220823_033000.WAV,Telephone Field,recover-20220825,002,1795
979.8035,979.8129,27187,36815,Eptesicus serotinus,0.008,0.022,-1,Echolocation,/mnt/ubna_data_01_mir/recover-20220825/UBNA_002/20220823_033000.WAV,Telephone Field,recover-20220825,002,1795
979.8135,979.8507,68437,82314,Rhinolophus ferrumequinum,0.03,0.03,-1,Echolocation,/mnt/ubna_data_01_mir/recover-20220825/UBNA_002/20220823_033000.WAV,Telephone Field,recover-20220825,002,1795
979.8305,979.8671,68437,81514,Rhinolophus ferrumequinum,0.02,0.02,-1,Echolocation,/mnt/ubna_data_01_mir/recover-20220825/UBNA_002/20220823_033000.WAV,Telephone Field,recover-20220825,002,1795
979.8465,979.8611,30625,36514,Eptesicus serotinus,0.02,0.035,-1,Echolocation,/mnt/ubna_data_01_mir/recover-20220825/UBNA_002/20220823_033000.WAV,Telephone Field,recover-20220825,002,1795
979.8685,979.8758,23750,33419,Plecotus austriacus,0.015,0.032,-1,Echolocation,/mnt/ubna_data_01_mir/recover-20220825/UBNA_002/20220823_033000.WAV,Telephone Field,recover-20220825,002,1795
979.8765,979.8852,28906,38871,Eptesicus serotinus,0.007,0.02,-1,Echolocation,/mnt/ubna_data_01_mir/recover-20220825/UBNA_002/20220823_033000.WAV,Telephone Field,recover-20220825,002,1795
979.8805,979.918,68437,81356,Rhinolophus ferrumequinum,0.021,0.021,-1,Echolocation,/mnt/ubna_data_01_mir/recover-20220825/UBNA_002/20220823_033000.WAV,Telephone Field,recover-20220825,002,1795
979.9195,979.9286,26328,36033,Eptesicus serotinus,0.01,0.024,-1,Echolocation,/mnt/ubna_data_01_mir/recover-20220825/UBNA_002/20220823_033000.WAV,Telephone Field,recover-20220825,002,1795
979.9255,979.934,23750,31664,Plecotus austriacus,0.008,0.022,-1,Echolocation,/mnt/ubna_data_01_mir/recover-20220825/UBNA_002/20220823_033000.WAV,Telephone Field,recover-20220825,002,1795
979.9875,979.9975,27187,36339,Eptesicus serotinus,0.011,0.025,-1,Echolocation,/mnt/ubna_data_01_mir/recover-20220825/UBNA_002/20220823_033000.WAV,Telephone Field,recover-20220825,002,1795
980.0015,980.011,21171,27653,Nyctalus leisleri,0.008,0.024,-1,Echolocation,/mnt/ubna_data_01_mir/recover-20220825/UBNA_002/20220823_033000.WAV,Telephone Field,recover-20220825,002,1795
980.0015,980.0095,25468,37271,Nyctalus leisleri,0.005,0.025,-1,Echolocation,/mnt/ubna_data_01_mir/recover-20220825/UBNA_002/20220823_033000.WAV,Telephone Field,recover-20220825,002,1795
980.0025,980.0447,68437,82567,Rhinolophus ferrumequinum,0.021,0.021,-1,Echolocation,/mnt/ubna_data_01_mir/recover-20220825/UBNA_002/20220823_033000.WAV,Telephone Field,recover-20220825,002,1795
980.0105,980.0521,68437,82517,Rhinolophus ferrumequinum,0.019,0.019,-1,Echolocation,/mnt/ubna_data_01_mir/recover-20220825/UBNA_002/20220823_033000.WAV,Telephone Field,recover-20220825,002,1795
980.0155,980.0264999999999,23750,29522,Nyctalus leisleri,0.01,0.023,-1,Echolocation,/mnt/ubna_data_01_mir/recover-20220825/UBNA_002/20220823_033000.WAV,Telephone Field,recover-20220825,002,1795
980.0315,980.0384,28046,40164,Eptesicus serotinus,0.006,0.022,-1,Echolocation,/mnt/ubna_data_01_mir/recover-20220825/UBNA_002/20220823_033000.WAV,Telephone Field,recover-20220825,002,1795
980.0375,980.0737,68437,81839,Rhinolophus ferrumequinum,0.025,0.025,-1,Echolocation,/mnt/ubna_data_01_mir/recover-20220825/UBNA_002/20220823_033000.WAV,Telephone Field,recover-20220825,002,1795
980.0395,980.0483,28046,37578,Eptesicus serotinus,0.007,0.02,-1,Echolocation,/mnt/ubna_data_01_mir/recover-20220825/UBNA_002/20220823_033000.WAV,Telephone Field,recover-20220825,002,1795
980.0475,980.0559,25468,33787,Eptesicus serotinus,0.007,0.021,-1,Echolocation,/mnt/ubna_data_01_mir/recover-20220825/UBNA_002/20220823_033000.WAV,Telephone Field,recover-20220825,002,1795
980.0605,980.0975,68437,82993,Rhinolophus ferrumequinum,0.024,0.024,-1,Echolocation,/mnt/ubna_data_01_mir/recover-20220825/UBNA_002/20220823_033000.WAV,Telephone Field,recover-20220825,002,1795
980.0875,980.095,23750,31744,Plecotus austriacus,0.01,0.023,-1,Echolocation,/mnt/ubna_data_01_mir/recover-20220825/UBNA_002/20220823_033000.WAV,Telephone Field,recover-20220825,002,1795
980.1265,980.1628,68437,82382,Rhinolophus ferrumequinum,0.022,0.022,-1,Echolocation,/mnt/ubna_data_01_mir/recover-20220825/UBNA_002/20220823_033000.WAV,Telephone Field,recover-20220825,002,1795
980.1275,980.1336,28046,42660,Eptesicus serotinus,0.005,0.022,-1,Echolocation,/mnt/ubna_data_01_mir/recover-20220825/UBNA_002/20220823_033000.WAV,Telephone Field,recover-20220825,002,1795
980.1695,980.1776,28046,38836,Eptesicus serotinus,0.007,0.02,-1,Echolocation,/mnt/ubna_data_01_mir/recover-20220825/UBNA_002/20220823_033000.WAV,Telephone Field,recover-20220825,002,1795
980.1915,980.2313,68437,82456,Rhinolophus ferrumequinum,0.021,0.021,-1,Echolocation,/mnt/ubna_data_01_mir/recover-20220825/UBNA_002/20220823_033000.WAV,Telephone Field,recover-20220825,002,1795
980.1995,980.2088,23750,30222,Nyctalus leisleri,0.006,0.02,-1,Echolocation,/mnt/ubna_data_01_mir/recover-20220825/UBNA_002/20220823_033000.WAV,Telephone Field,recover-20220825,002,1795
980.2375,980.2487,22890,27392,Nyctalus leisleri,0.012,0.022,-1,Echolocation,/mnt/ubna_data_01_mir/recover-20220825/UBNA_002/20220823_033000.WAV,Telephone Field,recover-20220825,002,1795
980.2435,980.2838,68437,82086,Rhinolophus ferrumequinum,0.02,0.02,-1,Echolocation,/mnt/ubna_data_01_mir/recover-20220825/UBNA_002/20220823_033000.WAV,Telephone Field,recover-20220825,002,1795
980.2495,980.2569,28046,37654,Eptesicus serotinus,0.016,0.037,-1,Echolocation,/mnt/ubna_data_01_mir/recover-20220825/UBNA_002/20220823_033000.WAV,Telephone Field,recover-20220825,002,1795
980.2505,980.2897,68437,82397,Rhinolophus ferrumequinum,0.02,0.02,-1,Echolocation,/mnt/ubna_data_01_mir/recover-20220825/UBNA_002/20220823_033000.WAV,Telephone Field,recover-20220825,002,1795
980.2805,980.2932,22890,27351,Nyctalus leisleri,0.014,0.026,-1,Echolocation,/mnt/ubna_data_01_mir/recover-20220825/UBNA_002/20220823_033000.WAV,Telephone Field,recover-20220825,002,1795
980.2825,980.3123,68437,79993,Rhinolophus ferrumequinum,0.027,0.027,-1,Echolocation,/mnt/ubna_data_01_mir/recover-20220825/UBNA_002/20220823_033000.WAV,Telephone Field,recover-20220825,002,1795
980.3035,980.3444,68437,82426,Rhinolophus ferrumequinum,0.023,0.023,-1,Echolocation,/mnt/ubna_data_01_mir/recover-20220825/UBNA_002/20220823_033000.WAV,Telephone Field,recover-20220825,002,1795
980.3125,980.3505,68437,81864,Rhinolophus ferrumequinum,0.02,0.02,-1,Echolocation,/mnt/ubna_data_01_mir/recover-20220825/UBNA_002/20220823_033000.WAV,Telephone Field,recover-20220825,002,1795
980.3525,980.3635,28906,35741,Eptesicus serotinus,0.015,0.028,-1,Echolocation,/mnt/ubna_data_01_mir/recover-20220825/UBNA_002/20220823_033000.WAV,Telephone Field,recover-20220825,002,1795
980.3805,980.419,68437,82378,Rhinolophus ferrumequinum,0.021,0.021,-1,Echolocation,/mnt/ubna_data_01_mir/recover-20220825/UBNA_002/20220823_033000.WAV,Telephone Field,recover-20220825,002,1795
980.4215,980.4591,68437,82256,Rhinolophus ferrumequinum,0.024,0.024,-1,Echolocation,/mnt/ubna_data_01_mir/recover-20220825/UBNA_002/20220823_033000.WAV,Telephone Field,recover-20220825,002,1795
980.4465,980.4536,28046,41287,Eptesicus serotinus,0.007,0.023,-1,Echolocation,/mnt/ubna_data_01_mir/recover-20220825/UBNA_002/20220823_033000.WAV,Telephone Field,recover-20220825,002,1795
980.4535,980.4917,68437,82792,Rhinolophus ferrumequinum,0.023,0.023,-1,Echolocation,/mnt/ubna_data_01_mir/recover-20220825/UBNA_002/20220823_033000.WAV,Telephone Field,recover-20220825,002,1795
980.4965,980.5066,28906,36751,Eptesicus serotinus,0.009,0.02,-1,Echolocation,/mnt/ubna_data_01_mir/recover-20220825/UBNA_002/20220823_033000.WAV,Telephone Field,recover-20220825,002,1795
980.4995,980.5442,68437,82884,Rhinolophus ferrumequinum,0.035,0.035,-1,Echolocation,/mnt/ubna_data_01_mir/recover-20220825/UBNA_002/20220823_033000.WAV,Telephone Field,recover-20220825,002,1795
980.5355,980.5431,28046,39442,Eptesicus serotinus,0.007,0.02,-1,Echolocation,/mnt/ubna_data_01_mir/recover-20220825/UBNA_002/20220823_033000.WAV,Telephone Field,recover-20220825,002,1795
980.5805,980.616,68437,81471,Rhinolophus ferrumequinum,0.019,0.02,-1,Echolocation,/mnt/ubna_data_01_mir/recover-20220825/UBNA_002/20220823_033000.WAV,Telephone Field,recover-20220825,002,1795
980.6245,980.6336,26328,34544,Eptesicus serotinus,0.01,0.026,-1,Echolocation,/mnt/ubna_data_01_mir/recover-20220825/UBNA_002/20220823_033000.WAV,Telephone Field,recover-20220825,002,1795
980.6335,980.6733,68437,81808,Rhinolophus ferrumequinum,0.022,0.022,-1,Echolocation,/mnt/ubna_data_01_mir/recover-20220825/UBNA_002/20220823_033000.WAV,Telephone Field,recover-20220825,002,1795
980.6475,980.6886,68437,82248,Rhinolophus ferrumequinum,0.026,0.026,-1,Echolocation,/mnt/ubna_data_01_mir/recover-20220825/UBNA_002/20220823_033000.WAV,Telephone Field,recover-20220825,002,1795
980.6845,980.6953,23750,29959,Nyctalus leisleri,0.008,0.02,-1,Echolocation,/mnt/ubna_data_01_mir/recover-20220825/UBNA_002/20220823_033000.WAV,Telephone Field,recover-20220825,002,1795
980.7085,980.7453,68437,81796,Rhinolophus ferrumequinum,0.019,0.019,-1,Echolocation,/mnt/ubna_data_01_mir/recover-20220825/UBNA_002/20220823_033000.WAV,Telephone Field,recover-20220825,002,1795
980.7545,980.7978,68437,83436,Rhinolophus ferrumequinum,0.087,0.087,-1,Echolocation,/mnt/ubna_data_01_mir/recover-20220825/UBNA_002/20220823_033000.WAV,Telephone Field,recover-20220825,002,1795
980.7835,980.8205,68437,82243,Rhinolophus ferrumequinum,0.02,0.02,-1,Echolocation,/mnt/ubna_data_01_mir/recover-20220825/UBNA_002/20220823_033000.WAV,Telephone Field,recover-20220825,002,1795
980.8025,980.8408,68437,82316,Rhinolophus ferrumequinum,0.02,0.02,-1,Echolocation,/mnt/ubna_data_01_mir/recover-20220825/UBNA_002/20220823_033000.WAV,Telephone Field,recover-20220825,002,1795
980.8085,980.8183,25468,33169,Eptesicus serotinus,0.012,0.026,-1,Echolocation,/mnt/ubna_data_01_mir/recover-20220825/UBNA_002/20220823_033000.WAV,Telephone Field,recover-20220825,002,1795
980.8205,980.8568,68437,81704,Rhinolophus ferrumequinum,0.021,0.021,-1,Echolocation,/mnt/ubna_data_01_mir/recover-20220825/UBNA_002/20220823_033000.WAV,Telephone Field,recover-20220825,002,1795
980.9125,980.9501,68437,82213,Rhinolophus ferrumequinum,0.02,0.02,-1,Echolocation,/mnt/ubna_data_01_mir/recover-20220825/UBNA_002/20220823_033000.WAV,Telephone Field,recover-20220825,002,1795
980.9335,980.968,68437,80565,Rhinolophus ferrumequinum,0.021,0.021,-1,Echolocation,/mnt/ubna_data_01_mir/recover-20220825/UBNA_002/20220823_033000.WAV,Telephone Field,recover-20220825,002,1795
980.9775,981.0151,68437,81486,Rhinolophus ferrumequinum,0.019,0.02,-1,Echolocation,/mnt/ubna_data_01_mir/recover-20220825/UBNA_002/20220823_033000.WAV,Telephone Field,recover-20220825,002,1795
981.0005,981.0359,68437,80991,Rhinolophus ferrumequinum,0.019,0.019,-1,Echolocation,/mnt/ubna_data_01_mir/recover-20220825/UBNA_002/20220823_033000.WAV,Telephone Field,recover-20220825,002,1795
981.0065,981.0134,28046,39965,Eptesicus serotinus,0.006,0.019,-1,Echolocation,/mnt/ubna_data_01_mir/recover-20220825/UBNA_002/20220823_033000.WAV,Telephone Field,recover-20220825,002,1795
981.0175,981.0562,68437,82057,Rhinolophus ferrumequinum,0.02,0.02,-1,Echolocation,/mnt/ubna_data_01_mir/recover-20220825/UBNA_002/20220823_033000.WAV,Telephone Field,recover-20220825,002,1795
981.0255,981.0599,68437,81332,Rhinolophus ferrumequinum,0.02,0.02,-1,Echolocation,/mnt/ubna_data_01_mir/recover-20220825/UBNA_002/20220823_033000.WAV,Telephone Field,recover-20220825,002,1795
981.0345,981.0417,28046,39499,Eptesicus serotinus,0.024,0.053,-1,Echolocation,/mnt/ubna_data_01_mir/recover-20220825/UBNA_002/20220823_033000.WAV,Telephone Field,recover-20220825,002,1795
981.0535,981.0942,68437,82687,Rhinolophus ferrumequinum,0.023,0.023,-1,Echolocation,/mnt/ubna_data_01_mir/recover-20220825/UBNA_002/20220823_033000.WAV,Telephone Field,recover-20220825,002,1795
981.0795,981.1189,68437,83053,Rhinolophus ferrumequinum,0.021,0.021,-1,Echolocation,/mnt/ubna_data_01_mir/recover-20220825/UBNA_002/20220823_033000.WAV,Telephone Field,recover-20220825,002,1795
981.0795,981.0899,25468,32216,Eptesicus serotinus,0.01,0.022,-1,Echolocation,/mnt/ubna_data_01_mir/recover-20220825/UBNA_002/20220823_033000.WAV,Telephone Field,recover-20220825,002,1795
981.0975,981.1326,68437,81788,Rhinolophus ferrumequinum,0.02,0.02,-1,Echolocation,/mnt/ubna_data_01_mir/recover-20220825/UBNA_002/20220823_033000.WAV,Telephone Field,recover-20220825,002,1795
981.1145,981.1492,68437,80958,Rhinolophus ferrumequinum,0.024,0.024,-1,Echolocation,/mnt/ubna_data_01_mir/recover-20220825/UBNA_002/20220823_033000.WAV,Telephone Field,recover-20220825,002,1795
981.1435,981.1812,68437,81992,Rhinolophus ferrumequinum,0.021,0.021,-1,Echolocation,/mnt/ubna_data_01_mir/recover-20220825/UBNA_002/20220823_033000.WAV,Telephone Field,recover-20220825,002,1795
981.1635,981.173,28906,38315,Eptesicus serotinus,0.01,0.024,-1,Echolocation,/mnt/ubna_data_01_mir/recover-20220825/UBNA_002/20220823_033000.WAV,Telephone Field,recover-20220825,002,1795
981.2195,981.2276,26328,34913,Eptesicus serotinus,0.009,0.024,-1,Echolocation,/mnt/ubna_data_01_mir/recover-20220825/UBNA_002/20220823_033000.WAV,Telephone Field,recover-20220825,002,1795
981.2225,981.2573,68437,81380,Rhinolophus ferrumequinum,0.022,0.022,-1,Echolocation,/mnt/ubna_data_01_mir/recover-20220825/UBNA_002/20220823_033000.WAV,Telephone Field,recover-20220825,002,1795
981.2515,981.2648,56406,61401,Pipistrellus pygmaeus,0.019,0.02,-1,Echolocation,/mnt/ubna_data_01_mir/recover-20220825/UBNA_002/20220823_033000.WAV,Telephone Field,recover-20220825,002,1795
981.2755,981.2831,26328,40036,Eptesicus serotinus,0.007,0.022,-1,Echolocation,/mnt/ubna_data_01_mir/recover-20220825/UBNA_002/20220823_033000.WAV,Telephone Field,recover-20220825,002,1795
981.3215,981.3298,23750,31432,Plecotus austriacus,0.008,0.021,-1,Echolocation,/mnt/ubna_data_01_mir/recover-20220825/UBNA_002/20220823_033000.WAV,Telephone Field,recover-20220825,002,1795
981.3365,981.345,23750,30888,Plecotus austriacus,0.007,0.021,-1,Echolocation,/mnt/ubna_data_01_mir/recover-20220825/UBNA_002/20220823_033000.WAV,Telephone Field,recover-20220825,002,1795
981.3375,981.3756,68437,82286,Rhinolophus ferrumequinum,0.02,0.02,-1,Echolocation,/mnt/ubna_data_01_mir/recover-20220825/UBNA_002/20220823_033000.WAV,Telephone Field,recover-20220825,002,1795
981.3585,981.392,68437,81023,Rhinolophus ferrumequinum,0.021,0.022,-1,Echolocation,/mnt/ubna_data_01_mir/recover-20220825/UBNA_002/20220823_033000.WAV,Telephone Field,recover-20220825,002,1795
981.3675,981.4055,68437,81700,Rhinolophus ferrumequinum,0.02,0.02,-1,Echolocation,/mnt/ubna_data_01_mir/recover-20220825/UBNA_002/20220823_033000.WAV,Telephone Field,recover-20220825,002,1795
981.3745,981.3849,25468,34178,Eptesicus serotinus,0.019,0.041,-1,Echolocation,/mnt/ubna_data_01_mir/recover-20220825/UBNA_002/20220823_033000.WAV,Telephone Field,recover-20220825,002,1795
981.3775,981.4143,68437,81689,Rhinolophus ferrumequinum,0.021,0.021,-1,Echolocation,/mnt/ubna_data_01_mir/recover-20220825/UBNA_002/20220823_033000.WAV,Telephone Field,recover-20220825,002,1795
981.4085,981.4478,68437,82109,Rhinolophus ferrumequinum,0.021,0.021,-1,Echolocation,/mnt/ubna_data_01_mir/recover-20220825/UBNA_002/20220823_033000.WAV,Telephone Field,recover-20220825,002,1795
981.4105,981.4177999999999,28046,40347,Eptesicus serotinus,0.006,0.021,-1,Echolocation,/mnt/ubna_data_01_mir/recover-20220825/UBNA_002/20220823_033000.WAV,Telephone Field,recover-20220825,002,1795
981.4535,981.4976,68437,83488,Rhinolophus ferrumequinum,0.027,0.027,-1,Echolocation,/mnt/ubna_data_01_mir/recover-20220825/UBNA_002/20220823_033000.WAV,Telephone Field,recover-20220825,002,1795
981.5075,981.5496,68437,83255,Rhinolophus ferrumequinum,0.032,0.032,-1,Echolocation,/mnt/ubna_data_01_mir/recover-20220825/UBNA_002/20220823_033000.WAV,Telephone Field,recover-20220825,002,1795
981.5405,981.5787,68437,82260,Rhinolophus ferrumequinum,0.021,0.021,-1,Echolocation,/mnt/ubna_data_01_mir/recover-20220825/UBNA_002/20220823_033000.WAV,Telephone Field,recover-20220825,002,1795
981.5595,981.5982,68437,82112,Rhinolophus ferrumequinum,0.023,0.023,-1,Echolocation,/mnt/ubna_data_01_mir/recover-20220825/UBNA_002/20220823_033000.WAV,Telephone Field,recover-20220825,002,1795
981.5705,981.6069,68437,81947,Rhinolophus ferrumequinum,0.021,0.021,-1,Echolocation,/mnt/ubna_data_01_mir/recover-20220825/UBNA_002/20220823_033000.WAV,Telephone Field,recover-20220825,002,1795
981.5835,981.5919,26328,34562,Eptesicus serotinus,0.008,0.022,-1,Echolocation,/mnt/ubna_data_01_mir/recover-20220825/UBNA_002/20220823_033000.WAV,Telephone Field,recover-20220825,002,1795
981.5915,981.6318,68437,82428,Rhinolophus ferrumequinum,0.019,0.019,-1,Echolocation,/mnt/ubna_data_01_mir/recover-20220825/UBNA_002/20220823_033000.WAV,Telephone Field,recover-20220825,002,1795
981.5965,981.6336,68437,82262,Rhinolophus ferrumequinum,0.019,0.02,-1,Echolocation,/mnt/ubna_data_01_mir/recover-20220825/UBNA_002/20220823_033000.WAV,Telephone Field,recover-20220825,002,1795
981.6065,981.6413,68437,81338,Rhinolophus ferrumequinum,0.026,0.026,-1,Echolocation,/mnt/ubna_data_01_mir/recover-20220825/UBNA_002/20220823_033000.WAV,Telephone Field,recover-20220825,002,1795
981.6075,981.6217,21171,24639,Nyctalus leisleri,0.014,0.024,-1,Echolocation,/mnt/ubna_data_01_mir/recover-20220825/UBNA_002/20220823_033000.WAV,Telephone Field,recover-20220825,002,1795
981.6385,981.6746,68437,81406,Rhinolophus ferrumequinum,0.022,0.022,-1,Echolocation,/mnt/ubna_data_01_mir/recover-20220825/UBNA_002/20220823_033000.WAV,Telephone Field,recover-20220825,002,1795
981.6445,981.6815,68437,81957,Rhinolophus ferrumequinum,0.021,0.021,-1,Echolocation,/mnt/ubna_data_01_mir/recover-20220825/UBNA_002/20220823_033000.WAV,Telephone Field,recover-20220825,002,1795
981.6975,981.7051,26328,37187,Eptesicus serotinus,0.007,0.022,-1,Echolocation,/mnt/ubna_data_01_mir/recover-20220825/UBNA_002/20220823_033000.WAV,Telephone Field,recover-20220825,002,1795
981.7055,981.7439,68437,82226,Rhinolophus ferrumequinum,0.021,0.021,-1,Echolocation,/mnt/ubna_data_01_mir/recover-20220825/UBNA_002/20220823_033000.WAV,Telephone Field,recover-20220825,002,1795
981.7135,981.7511,68437,81838,Rhinolophus ferrumequinum,0.021,0.021,-1,Echolocation,/mnt/ubna_data_01_mir/recover-20220825/UBNA_002/20220823_033000.WAV,Telephone Field,recover-20220825,002,1795
981.7225,981.734,25468,32534,Eptesicus serotinus,0.009,0.021,-1,Echolocation,/mnt/ubna_data_01_mir/recover-20220825/UBNA_002/20220823_033000.WAV,Telephone Field,recover-20220825,002,1795
981.7495,981.7581,27187,39203,Eptesicus serotinus,0.008,0.02,-1,Echolocation,/mnt/ubna_data_01_mir/recover-20220825/UBNA_002/20220823_033000.WAV,Telephone Field,recover-20220825,002,1795
981.7615,981.772,25468,32241,Eptesicus serotinus,0.011,0.026,-1,Echolocation,/mnt/ubna_data_01_mir/recover-20220825/UBNA_002/20220823_033000.WAV,Telephone Field,recover-20220825,002,1795
981.8215,981.8614,68437,82708,Rhinolophus ferrumequinum,0.042,0.042,-1,Echolocation,/mnt/ubna_data_01_mir/recover-20220825/UBNA_002/20220823_033000.WAV,Telephone Field,recover-20220825,002,1795
981.8445,981.8835,68437,82934,Rhinolophus ferrumequinum,0.02,0.02,-1,Echolocation,/mnt/ubna_data_01_mir/recover-20220825/UBNA_002/20220823_033000.WAV,Telephone Field,recover-20220825,002,1795
981.8455,981.8521,28906,40312,Eptesicus serotinus,0.006,0.023,-1,Echolocation,/mnt/ubna_data_01_mir/recover-20220825/UBNA_002/20220823_033000.WAV,Telephone Field,recover-20220825,002,1795
981.8705,981.9047,68437,81036,Rhinolophus ferrumequinum,0.022,0.023,-1,Echolocation,/mnt/ubna_data_01_mir/recover-20220825/UBNA_002/20220823_033000.WAV,Telephone Field,recover-20220825,002,1795
981.8795,981.9151,68437,80770,Rhinolophus ferrumequinum,0.02,0.02,-1,Echolocation,/mnt/ubna_data_01_mir/recover-20220825/UBNA_002/20220823_033000.WAV,Telephone Field,recover-20220825,002,1795
981.8965,981.9349,68437,82240,Rhinolophus ferrumequinum,0.02,0.02,-1,Echolocation,/mnt/ubna_data_01_mir/recover-20220825/UBNA_002/20220823_033000.WAV,Telephone Field,recover-20220825,002,1795
981.9215,981.9286,27187,44514,Eptesicus serotinus,0.006,0.021,-1,Echolocation,/mnt/ubna_data_01_mir/recover-20220825/UBNA_002/20220823_033000.WAV,Telephone Field,recover-20220825,002,1795
981.9625,981.9952,68437,80815,Rhinolophus ferrumequinum,0.019,0.02,-1,Echolocation,/mnt/ubna_data_01_mir/recover-20220825/UBNA_002/20220823_033000.WAV,Telephone Field,recover-20220825,002,1795
981.9785,981.9854,28906,40650,Eptesicus serotinus,0.009,0.027,-1,Echolocation,/mnt/ubna_data_01_mir/recover-20220825/UBNA_002/20220823_033000.WAV,Telephone Field,recover-20220825,002,1795
982.0015,982.0094,23750,33648,Nyctalus leisleri,0.006,0.022,-1,Echolocation,/mnt/ubna_data_01_mir/recover-20220825/UBNA_002/20220823_033000.WAV,Telephone Field,recover-20220825,002,1795
982.0185,982.0282,21171,26549,Plecotus austriacus,0.008,0.024,-1,Echolocation,/mnt/ubna_data_01_mir/recover-20220825/UBNA_002/20220823_033000.WAV,Telephone Field,recover-20220825,002,1795
982.0525,982.0613,23750,30448,Nyctalus leisleri,0.006,0.02,-1,Echolocation,/mnt/ubna_data_01_mir/recover-20220825/UBNA_002/20220823_033000.WAV,Telephone Field,recover-20220825,002,1795
982.0835,982.0935,27187,35357,Eptesicus serotinus,0.009,0.019,-1,Echolocation,/mnt/ubna_data_01_mir/recover-20220825/UBNA_002/20220823_033000.WAV,Telephone Field,recover-20220825,002,1795
982.1025,982.1367,68437,81395,Rhinolophus ferrumequinum,0.02,0.02,-1,Echolocation,/mnt/ubna_data_01_mir/recover-20220825/UBNA_002/20220823_033000.WAV,Telephone Field,recover-20220825,002,1795
982.1215,982.1583,68437,81596,Rhinolophus ferrumequinum,0.018,0.018,-1,Echolocation,/mnt/ubna_data_01_mir/recover-20220825/UBNA_002/20220823_033000.WAV,Telephone Field,recover-20220825,002,1795
982.1435,982.1536,28046,34510,Eptesicus serotinus,0.014,0.027,-1,Echolocation,/mnt/ubna_data_01_mir/recover-20220825/UBNA_002/20220823_033000.WAV,Telephone Field,recover-20220825,002,1795
982.1595,982.1982,68437,82061,Rhinolophus ferrumequinum,0.018,0.018,-1,Echolocation,/mnt/ubna_data_01_mir/recover-20220825/UBNA_002/20220823_033000.WAV,Telephone Field,recover-20220825,002,1795
982.1855,982.1918000000001,28046,41072,Eptesicus serotinus,0.005,0.021,-1,Echolocation,/mnt/ubna_data_01_mir/recover-20220825/UBNA_002/20220823_033000.WAV,Telephone Field,recover-20220825,002,1795
982.2325,982.2385,28906,40179,Eptesicus serotinus,0.005,0.022,-1,Echolocation,/mnt/ubna_data_01_mir/recover-20220825/UBNA_002/20220823_033000.WAV,Telephone Field,recover-20220825,002,1795
982.2535,982.2602,24609,35232,Plecotus auritus,0.008,0.027,-1,Echolocation,/mnt/ubna_data_01_mir/recover-20220825/UBNA_002/20220823_033000.WAV,Telephone Field,recover-20220825,002,1795
982.2905,982.3011,27187,34525,Eptesicus serotinus,0.012,0.024,-1,Echolocation,/mnt/ubna_data_01_mir/recover-20220825/UBNA_002/20220823_033000.WAV,Telephone Field,recover-20220825,002,1795
982.2955,982.3362,68437,82142,Rhinolophus ferrumequinum,0.022,0.022,-1,Echolocation,/mnt/ubna_data_01_mir/recover-20220825/UBNA_002/20220823_033000.WAV,Telephone Field,recover-20220825,002,1795
982.3015,982.3393,68437,81802,Rhinolophus ferrumequinum,0.022,0.022,-1,Echolocation,/mnt/ubna_data_01_mir/recover-20220825/UBNA_002/20220823_033000.WAV,Telephone Field,recover-20220825,002,1795
982.3085,982.3156,25468,34688,Plecotus austriacus,0.007,0.023,-1,Echolocation,/mnt/ubna_data_01_mir/recover-20220825/UBNA_002/20220823_033000.WAV,Telephone Field,recover-20220825,002,1795
982.3215,982.3282,27187,39082,Eptesicus serotinus,0.005,0.019,-1,Echolocation,/mnt/ubna_data_01_mir/recover-20220825/UBNA_002/20220823_033000.WAV,Telephone Field,recover-20220825,002,1795
982.3655,982.3984,68437,81393,Rhinolophus ferrumequinum,0.019,0.019,-1,Echolocation,/mnt/ubna_data_01_mir/recover-20220825/UBNA_002/20220823_033000.WAV,Telephone Field,recover-20220825,002,1795
982.3835,982.4159,68437,80157,Rhinolophus ferrumequinum,0.021,0.021,-1,Echolocation,/mnt/ubna_data_01_mir/recover-20220825/UBNA_002/20220823_033000.WAV,Telephone Field,recover-20220825,002,1795
982.4065,982.4172,23750,29100,Nyctalus leisleri,0.008,0.019,-1,Echolocation,/mnt/ubna_data_01_mir/recover-20220825/UBNA_002/20220823_033000.WAV,Telephone Field,recover-20220825,002,1795
982.4255,982.4654,68437,82422,Rhinolophus ferrumequinum,0.024,0.024,-1,Echolocation,/mnt/ubna_data_01_mir/recover-20220825/UBNA_002/20220823_033000.WAV,Telephone Field,recover-20220825,002,1795
982.4705,982.5055,68437,80962,Rhinolophus ferrumequinum,0.02,0.02,-1,Echolocation,/mnt/ubna_data_01_mir/recover-20220825/UBNA_002/20220823_033000.WAV,Telephone Field,recover-20220825,002,1795
982.4775,982.4855,26328,36878,Eptesicus serotinus,0.007,0.019,-1,Echolocation,/mnt/ubna_data_01_mir/recover-20220825/UBNA_002/20220823_033000.WAV,Telephone Field,recover-20220825,002,1795
982.5085,982.5454,68437,82060,Rhinolophus ferrumequinum,0.019,0.019,-1,Echolocation,/mnt/ubna_data_01_mir/recover-20220825/UBNA_002/20220823_033000.WAV,Telephone Field,recover-20220825,002,1795
982.5245,982.5656,68437,82612,Rhinolophus ferrumequinum,0.026,0.026,-1,Echolocation,/mnt/ubna_data_01_mir/recover-20220825/UBNA_002/20220823_033000.WAV,Telephone Field,recover-20220825,002,1795
982.5685,982.6055,68437,81703,Rhinolophus ferrumequinum,0.019,0.019,-1,Echolocation,/mnt/ubna_data_01_mir/recover-20220825/UBNA_002/20220823_033000.WAV,Telephone Field,recover-20220825,002,1795
982.5815,982.5905,24609,31983,Eptesicus serotinus,0.007,0.02,-1,Echolocation,/mnt/ubna_data_01_mir/recover-20220825/UBNA_002/20220823_033000.WAV,Telephone Field,recover-20220825,002,1795
982.5905,982.5989,23750,30907,Plecotus austriacus,0.006,0.019,-1,Echolocation,/mnt/ubna_data_01_mir/recover-20220825/UBNA_002/20220823_033000.WAV,Telephone Field,recover-20220825,002,1795
982.6245,982.6573,68437,81193,Rhinolophus ferrumequinum,0.019,0.019,-1,Echolocation,/mnt/ubna_data_01_mir/recover-20220825/UBNA_002/20220823_033000.WAV,Telephone Field,recover-20220825,002,1795
982.6595,982.6981,68437,82228,Rhinolophus ferrumequinum,0.02,0.02,-1,Echolocation,/mnt/ubna_data_01_mir/recover-20220825/UBNA_002/20220823_033000.WAV,Telephone Field,recover-20220825,002,1795
982.6735,982.6845,24609,30601,Nyctalus leisleri,0.007,0.021,-1,Echolocation,/mnt/ubna_data_01_mir/recover-20220825/UBNA_002/20220823_033000.WAV,Telephone Field,recover-20220825,002,1795
982.6845,982.7219,68437,82690,Rhinolophus ferrumequinum,0.02,0.02,-1,Echolocation,/mnt/ubna_data_01_mir/recover-20220825/UBNA_002/20220823_033000.WAV,Telephone Field,recover-20220825,002,1795
982.7255,982.7635,68437,82250,Rhinolophus ferrumequinum,0.02,0.02,-1,Echolocation,/mnt/ubna_data_01_mir/recover-20220825/UBNA_002/20220823_033000.WAV,Telephone Field,recover-20220825,002,1795
982.7325,982.7424,22890,27904,Nyctalus leisleri,0.009,0.022,-1,Echolocation,/mnt/ubna_data_01_mir/recover-20220825/UBNA_002/20220823_033000.WAV,Telephone Field,recover-20220825,002,1795
982.7425,982.7806,68437,81848,Rhinolophus ferrumequinum,0.019,0.019,-1,Echolocation,/mnt/ubna_data_01_mir/recover-20220825/UBNA_002/20220823_033000.WAV,Telephone Field,recover-20220825,002,1795
982.7535,982.7935,68437,82815,Rhinolophus ferrumequinum,0.023,0.023,-1,Echolocation,/mnt/ubna_data_01_mir/recover-20220825/UBNA_002/20220823_033000.WAV,Telephone Field,recover-20220825,002,1795
982.8115,982.8195,25468,34086,Eptesicus serotinus,0.006,0.02,-1,Echolocation,/mnt/ubna_data_01_mir/recover-20220825/UBNA_002/20220823_033000.WAV,Telephone Field,recover-20220825,002,1795
982.8185,982.8282,28906,38570,Eptesicus serotinus,0.009,0.021,-1,Echolocation,/mnt/ubna_data_01_mir/recover-20220825/UBNA_002/20220823_033000.WAV,Telephone Field,recover-20220825,002,1795
982.8645,982.903,68437,81928,Rhinolophus ferrumequinum,0.022,0.022,-1,Echolocation,/mnt/ubna_data_01_mir/recover-20220825/UBNA_002/20220823_033000.WAV,Telephone Field,recover-20220825,002,1795
982.8765,982.8846,24609,33010,Plecotus austriacus,0.005,0.019,-1,Echolocation,/mnt/ubna_data_01_mir/recover-20220825/UBNA_002/20220823_033000.WAV,Telephone Field,recover-20220825,002,1795
982.9955,983.0312,68437,81868,Rhinolophus ferrumequinum,0.032,0.032,-1,Echolocation,/mnt/ubna_data_01_mir/recover-20220825/UBNA_002/20220823_033000.WAV,Telephone Field,recover-20220825,002,1795
983.0535,983.0899,68437,81597,Rhinolophus ferrumequinum,0.018,0.018,-1,Echolocation,/mnt/ubna_data_01_mir/recover-20220825/UBNA_002/20220823_033000.WAV,Telephone Field,recover-20220825,002,1795
983.0625,983.0707,28906,37869,Eptesicus serotinus,0.008,0.023,-1,Echolocation,/mnt/ubna_data_01_mir/recover-20220825/UBNA_002/20220823_033000.WAV,Telephone Field,recover-20220825,002,1795
983.0875,983.0981,23750,30178,Nyctalus leisleri,0.008,0.021,-1,Echolocation,/mnt/ubna_data_01_mir/recover-20220825/UBNA_002/20220823_033000.WAV,Telephone Field,recover-20220825,002,1795
983.1025,983.1105,47812,51473,Pipistrellus pipistrellus,0.017,0.019,-1,Echolocation,/mnt/ubna_data_01_mir/recover-20220825/UBNA_002/20220823_033000.WAV,Telephone Field,recover-20220825,002,1795
983.1125,983.1487,68437,81780,Rhinolophus ferrumequinum,0.019,0.019,-1,Echolocation,/mnt/ubna_data_01_mir/recover-20220825/UBNA_002/20220823_033000.WAV,Telephone Field,recover-20220825,002,1795
983.1125,983.1191,26328,37108,Plecotus austriacus,0.008,0.03,-1,Echolocation,/mnt/ubna_data_01_mir/recover-20220825/UBNA_002/20220823_033000.WAV,Telephone Field,recover-20220825,002,1795
983.1185,983.1554,68437,82207,Rhinolophus ferrumequinum,0.019,0.019,-1,Echolocation,/mnt/ubna_data_01_mir/recover-20220825/UBNA_002/20220823_033000.WAV,Telephone Field,recover-20220825,002,1795
983.1335,983.1724,68437,81981,Rhinolophus ferrumequinum,0.02,0.02,-1,Echolocation,/mnt/ubna_data_01_mir/recover-20220825/UBNA_002/20220823_033000.WAV,Telephone Field,recover-20220825,002,1795
983.1815,983.1915,25468,31442,Eptesicus serotinus,0.007,0.019,-1,Echolocation,/mnt/ubna_data_01_mir/recover-20220825/UBNA_002/20220823_033000.WAV,Telephone Field,recover-20220825,002,1795
983.2225,983.2282,28046,42862,Plecotus auritus,0.008,0.032,-1,Echolocation,/mnt/ubna_data_01_mir/recover-20220825/UBNA_002/20220823_033000.WAV,Telephone Field,recover-20220825,002,1795
983.2375,983.2736,68437,81826,Rhinolophus ferrumequinum,0.02,0.02,-1,Echolocation,/mnt/ubna_data_01_mir/recover-20220825/UBNA_002/20220823_033000.WAV,Telephone Field,recover-20220825,002,1795
983.2395,983.246,28906,41544,Eptesicus serotinus,0.006,0.02,-1,Echolocation,/mnt/ubna_data_01_mir/recover-20220825/UBNA_002/20220823_033000.WAV,Telephone Field,recover-20220825,002,1795
983.2445,983.259,50390,54441,Pipistrellus pipistrellus,0.012,0.021,-1,Echolocation,/mnt/ubna_data_01_mir/recover-20220825/UBNA_002/20220823_033000.WAV,Telephone Field,recover-20220825,002,1795
983.2875,983.2996,29765,36993,Eptesicus serotinus,0.012,0.023,-1,Echolocation,/mnt/ubna_data_01_mir/recover-20220825/UBNA_002/20220823_033000.WAV,Telephone Field,recover-20220825,002,1795
983.3135,983.3229,28906,42165,Eptesicus serotinus,0.01,0.022,-1,Echolocation,/mnt/ubna_data_01_mir/recover-20220825/UBNA_002/20220823_033000.WAV,Telephone Field,recover-20220825,002,1795
983.3305,983.3687,68437,81601,Rhinolophus ferrumequinum,0.022,0.022,-1,Echolocation,/mnt/ubna_data_01_mir/recover-20220825/UBNA_002/20220823_033000.WAV,Telephone Field,recover-20220825,002,1795
983.3335,983.3407,25468,36348,Eptesicus serotinus,0.006,0.02,-1,Echolocation,/mnt/ubna_data_01_mir/recover-20220825/UBNA_002/20220823_033000.WAV,Telephone Field,recover-20220825,002,1795
983.3375,983.3739,68437,81889,Rhinolophus ferrumequinum,0.023,0.023,-1,Echolocation,/mnt/ubna_data_01_mir/recover-20220825/UBNA_002/20220823_033000.WAV,Telephone Field,recover-20220825,002,1795
983.3915,983.427,68437,81912,Rhinolophus ferrumequinum,0.019,0.019,-1,Echolocation,/mnt/ubna_data_01_mir/recover-20220825/UBNA_002/20220823_033000.WAV,Telephone Field,recover-20220825,002,1795
983.4065,983.4431,68437,81906,Rhinolophus ferrumequinum,0.019,0.019,-1,Echolocation,/mnt/ubna_data_01_mir/recover-20220825/UBNA_002/20220823_033000.WAV,Telephone Field,recover-20220825,002,1795
983.4245,983.4337,23750,29937,Nyctalus leisleri,0.006,0.018,-1,Echolocation,/mnt/ubna_data_01_mir/recover-20220825/UBNA_002/20220823_033000.WAV,Telephone Field,recover-20220825,002,1795
983.4355,983.47,68437,81648,Rhinolophus ferrumequinum,0.02,0.02,-1,Echolocation,/mnt/ubna_data_01_mir/recover-20220825/UBNA_002/20220823_033000.WAV,Telephone Field,recover-20220825,002,1795
983.4495,983.4864,68437,81807,Rhinolophus ferrumequinum,0.018,0.018,-1,Echolocation,/mnt/ubna_data_01_mir/recover-20220825/UBNA_002/20220823_033000.WAV,Telephone Field,recover-20220825,002,1795
983.4685,983.4841,19453,23025,Nyctalus leisleri,0.011,0.021,-1,Echolocation,/mnt/ubna_data_01_mir/recover-20220825/UBNA_002/20220823_033000.WAV,Telephone Field,recover-20220825,002,1795
983.4835,983.491,23750,32590,Plecotus austriacus,0.009,0.024,-1,Echolocation,/mnt/ubna_data_01_mir/recover-20220825/UBNA_002/20220823_033000.WAV,Telephone Field,recover-20220825,002,1795
983.5155,983.5509,68437,81604,Rhinolophus ferrumequinum,0.02,0.02,-1,Echolocation,/mnt/ubna_data_01_mir/recover-20220825/UBNA_002/20220823_033000.WAV,Telephone Field,recover-20220825,002,1795
983.5264999999999,983.5405,22031,25833,Nyctalus leisleri,0.016,0.028,-1,Echolocation,/mnt/ubna_data_01_mir/recover-20220825/UBNA_002/20220823_033000.WAV,Telephone Field,recover-20220825,002,1795
983.5675,983.5759,25468,33996,Eptesicus serotinus,0.006,0.02,-1,Echolocation,/mnt/ubna_data_01_mir/recover-20220825/UBNA_002/20220823_033000.WAV,Telephone Field,recover-20220825,002,1795
983.5825,983.618,68437,82081,Rhinolophus ferrumequinum,0.02,0.02,-1,Echolocation,/mnt/ubna_data_01_mir/recover-20220825/UBNA_002/20220823_033000.WAV,Telephone Field,recover-20220825,002,1795
983.6195,983.6581,68437,83184,Rhinolophus ferrumequinum,0.029,0.029,-1,Echolocation,/mnt/ubna_data_01_mir/recover-20220825/UBNA_002/20220823_033000.WAV,Telephone Field,recover-20220825,002,1795
983.6375,983.6492,22890,26826,Nyctalus leisleri,0.011,0.019,-1,Echolocation,/mnt/ubna_data_01_mir/recover-20220825/UBNA_002/20220823_033000.WAV,Telephone Field,recover-20220825,002,1795
983.6425,983.6807,68437,82230,Rhinolophus ferrumequinum,0.02,0.02,-1,Echolocation,/mnt/ubna_data_01_mir/recover-20220825/UBNA_002/20220823_033000.WAV,Telephone Field,recover-20220825,002,1795
983.6605,983.668,25468,34148,Plecotus austriacus,0.005,0.019,-1,Echolocation,/mnt/ubna_data_01_mir/recover-20220825/UBNA_002/20220823_033000.WAV,Telephone Field,recover-20220825,002,1795
983.6785,983.7162,68437,81595,Rhinolophus ferrumequinum,0.019,0.019,-1,Echolocation,/mnt/ubna_data_01_mir/recover-20220825/UBNA_002/20220823_033000.WAV,Telephone Field,recover-20220825,002,1795
983.7115,983.719,26328,36610,Eptesicus serotinus,0.006,0.019,-1,Echolocation,/mnt/ubna_data_01_mir/recover-20220825/UBNA_002/20220823_033000.WAV,Telephone Field,recover-20220825,002,1795
983.7115,983.7491,68437,82219,Rhinolophus ferrumequinum,0.019,0.019,-1,Echolocation,/mnt/ubna_data_01_mir/recover-20220825/UBNA_002/20220823_033000.WAV,Telephone Field,recover-20220825,002,1795
983.7375,983.7767,68437,82551,Rhinolophus ferrumequinum,0.02,0.02,-1,Echolocation,/mnt/ubna_data_01_mir/recover-20220825/UBNA_002/20220823_033000.WAV,Telephone Field,recover-20220825,002,1795
983.7705,983.8098,68437,82252,Rhinolophus ferrumequinum,0.02,0.02,-1,Echolocation,/mnt/ubna_data_01_mir/recover-20220825/UBNA_002/20220823_033000.WAV,Telephone Field,recover-20220825,002,1795
983.7795,983.82,68437,83257,Rhinolophus ferrumequinum,0.022,0.022,-1,Echolocation,/mnt/ubna_data_01_mir/recover-20220825/UBNA_002/20220823_033000.WAV,Telephone Field,recover-20220825,002,1795
983.8385,983.878,68437,82249,Rhinolophus ferrumequinum,0.019,0.019,-1,Echolocation,/mnt/ubna_data_01_mir/recover-20220825/UBNA_002/20220823_033000.WAV,Telephone Field,recover-20220825,002,1795
983.8465,983.854,26328,39469,Eptesicus serotinus,0.006,0.019,-1,Echolocation,/mnt/ubna_data_01_mir/recover-20220825/UBNA_002/20220823_033000.WAV,Telephone Field,recover-20220825,002,1795
983.8905,983.9252,68437,81449,Rhinolophus ferrumequinum,0.019,0.019,-1,Echolocation,/mnt/ubna_data_01_mir/recover-20220825/UBNA_002/20220823_033000.WAV,Telephone Field,recover-20220825,002,1795
983.9075,983.9464,68437,82308,Rhinolophus ferrumequinum,0.02,0.02,-1,Echolocation,/mnt/ubna_data_01_mir/recover-20220825/UBNA_002/20220823_033000.WAV,Telephone Field,recover-20220825,002,1795
983.9145,983.9555,68437,83406,Rhinolophus ferrumequinum,0.024,0.024,-1,Echolocation,/mnt/ubna_data_01_mir/recover-20220825/UBNA_002/20220823_033000.WAV,Telephone Field,recover-20220825,002,1795
983.9775,983.9863,25468,35258,Eptesicus serotinus,0.006,0.019,-1,Echolocation,/mnt/ubna_data_01_mir/recover-20220825/UBNA_002/20220823_033000.WAV,Telephone Field,recover-20220825,002,1795
983.9835,983.9927,25468,33718,Eptesicus serotinus,0.007,0.019,-1,Echolocation,/mnt/ubna_data_01_mir/recover-20220825/UBNA_002/20220823_033000.WAV,Telephone Field,recover-20220825,002,1795
984.0015,984.0142,24609,29979,Nyctalus leisleri,0.027,0.058,-1,Echolocation,/mnt/ubna_data_01_mir/recover-20220825/UBNA_002/20220823_033000.WAV,Telephone Field,recover-20220825,002,1795
984.0015,984.0161,46953,51339,Pipistrellus pipistrellus,0.017,0.022,-1,Echolocation,/mnt/ubna_data_01_mir/recover-20220825/UBNA_002/20220823_033000.WAV,Telephone Field,recover-20220825,002,1795
984.0015,984.0327,69296,81503,Rhinolophus ferrumequinum,0.025,0.025,-1,Echolocation,/mnt/ubna_data_01_mir/recover-20220825/UBNA_002/20220823_033000.WAV,Telephone Field,recover-20220825,002,1795
984.0095,984.0477,68437,81189,Rhinolophus ferrumequinum,0.021,0.021,-1,Echolocation,/mnt/ubna_data_01_mir/recover-20220825/UBNA_002/20220823_033000.WAV,Telephone Field,recover-20220825,002,1795
984.0095,984.0187,22890,29680,Plecotus austriacus,0.012,0.035,-1,Echolocation,/mnt/ubna_data_01_mir/recover-20220825/UBNA_002/20220823_033000.WAV,Telephone Field,recover-20220825,002,1795
984.0635,984.101,68437,81438,Rhinolophus ferrumequinum,0.021,0.021,-1,Echolocation,/mnt/ubna_data_01_mir/recover-20220825/UBNA_002/20220823_033000.WAV,Telephone Field,recover-20220825,002,1795
984.1025,984.1355,68437,80568,Rhinolophus ferrumequinum,0.022,0.022,-1,Echolocation,/mnt/ubna_data_01_mir/recover-20220825/UBNA_002/20220823_033000.WAV,Telephone Field,recover-20220825,002,1795
984.1055,984.1123,26328,39312,Eptesicus serotinus,0.004,0.02,-1,Echolocation,/mnt/ubna_data_01_mir/recover-20220825/UBNA_002/20220823_033000.WAV,Telephone Field,recover-20220825,002,1795
984.1055,984.116,22031,26611,Nyctalus leisleri,0.01,0.021,-1,Echolocation,/mnt/ubna_data_01_mir/recover-20220825/UBNA_002/20220823_033000.WAV,Telephone Field,recover-20220825,002,1795
984.1375,984.1728,68437,81086,Rhinolophus ferrumequinum,0.019,0.019,-1,Echolocation,/mnt/ubna_data_01_mir/recover-20220825/UBNA_002/20220823_033000.WAV,Telephone Field,recover-20220825,002,1795
984.2235000000001,984.2332,24609,31277,Nyctalus leisleri,0.007,0.023,-1,Echolocation,/mnt/ubna_data_01_mir/recover-20220825/UBNA_002/20220823_033000.WAV,Telephone Field,recover-20220825,002,1795
984.2875,984.3266,68437,81767,Rhinolophus ferrumequinum,0.02,0.02,-1,Echolocation,/mnt/ubna_data_01_mir/recover-20220825/UBNA_002/20220823_033000.WAV,Telephone Field,recover-20220825,002,1795
984.2995,984.3079,26328,34291,Eptesicus serotinus,0.008,0.022,-1,Echolocation,/mnt/ubna_data_01_mir/recover-20220825/UBNA_002/20220823_033000.WAV,Telephone Field,recover-20220825,002,1795
984.3255,984.3346,23750,31062,Nyctalus leisleri,0.007,0.021,-1,Echolocation,/mnt/ubna_data_01_mir/recover-20220825/UBNA_002/20220823_033000.WAV,Telephone Field,recover-20220825,002,1795
984.3275,984.3653,68437,82886,Rhinolophus ferrumequinum,0.038,0.038,-1,Echolocation,/mnt/ubna_data_01_mir/recover-20220825/UBNA_002/20220823_033000.WAV,Telephone Field,recover-20220825,002,1795
984.3615,984.3991,68437,81832,Rhinolophus ferrumequinum,0.02,0.02,-1,Echolocation,/mnt/ubna_data_01_mir/recover-20220825/UBNA_002/20220823_033000.WAV,Telephone Field,recover-20220825,002,1795
984.3715,984.4118,68437,82414,Rhinolophus ferrumequinum,0.025,0.025,-1,Echolocation,/mnt/ubna_data_01_mir/recover-20220825/UBNA_002/20220823_033000.WAV,Telephone Field,recover-20220825,002,1795
984.4155,984.4221,28046,45368,Eptesicus serotinus,0.005,0.019,-1,Echolocation,/mnt/ubna_data_01_mir/recover-20220825/UBNA_002/20220823_033000.WAV,Telephone Field,recover-20220825,002,1795
984.5325,984.5505,20312,23581,Nyctalus leisleri,0.016,0.028,-1,Echolocation,/mnt/ubna_data_01_mir/recover-20220825/UBNA_002/20220823_033000.WAV,Telephone Field,recover-20220825,002,1795
984.5335,984.5702,68437,81533,Rhinolophus ferrumequinum,0.02,0.02,-1,Echolocation,/mnt/ubna_data_01_mir/recover-20220825/UBNA_002/20220823_033000.WAV,Telephone Field,recover-20220825,002,1795
984.5585,984.5987,68437,82493,Rhinolophus ferrumequinum,0.024,0.024,-1,Echolocation,/mnt/ubna_data_01_mir/recover-20220825/UBNA_002/20220823_033000.WAV,Telephone Field,recover-20220825,002,1795
984.5775,984.6168,68437,82282,Rhinolophus ferrumequinum,0.021,0.021,-1,Echolocation,/mnt/ubna_data_01_mir/recover-20220825/UBNA_002/20220823_033000.WAV,Telephone Field,recover-20220825,002,1795
984.6005,984.6098,24609,32545,Eptesicus serotinus,0.007,0.02,-1,Echolocation,/mnt/ubna_data_01_mir/recover-20220825/UBNA_002/20220823_033000.WAV,Telephone Field,recover-20220825,002,1795
984.6105,984.621,24609,30127,Nyctalus leisleri,0.01,0.025,-1,Echolocation,/mnt/ubna_data_01_mir/recover-20220825/UBNA_002/20220823_033000.WAV,Telephone Field,recover-20220825,002,1795
984.6355,984.6438,27187,35939,Eptesicus serotinus,0.009,0.022,-1,Echolocation,/mnt/ubna_data_01_mir/recover-20220825/UBNA_002/20220823_033000.WAV,Telephone Field,recover-20220825,002,1795
984.6385,984.6757,68437,82124,Rhinolophus ferrumequinum,0.02,0.02,-1,Echolocation,/mnt/ubna_data_01_mir/recover-20220825/UBNA_002/20220823_033000.WAV,Telephone Field,recover-20220825,002,1795
984.6655,984.7053,68437,82273,Rhinolophus ferrumequinum,0.02,0.02,-1,Echolocation,/mnt/ubna_data_01_mir/recover-20220825/UBNA_002/20220823_033000.WAV,Telephone Field,recover-20220825,002,1795
984.7155,984.7524,68437,82338,Rhinolophus ferrumequinum,0.026,0.026,-1,Echolocation,/mnt/ubna_data_01_mir/recover-20220825/UBNA_002/20220823_033000.WAV,Telephone Field,recover-20220825,002,1795
984.7525,984.7612,28906,40140,Eptesicus serotinus,0.008,0.022,-1,Echolocation,/mnt/ubna_data_01_mir/recover-20220825/UBNA_002/20220823_033000.WAV,Telephone Field,recover-20220825,002,1795
984.7764999999999,984.8145,68437,82260,Rhinolophus ferrumequinum,0.022,0.022,-1,Echolocation,/mnt/ubna_data_01_mir/recover-20220825/UBNA_002/20220823_033000.WAV,Telephone Field,recover-20220825,002,1795
984.8015,984.8374,68437,81432,Rhinolophus ferrumequinum,0.019,0.019,-1,Echolocation,/mnt/ubna_data_01_mir/recover-20220825/UBNA_002/20220823_033000.WAV,Telephone Field,recover-20220825,002,1795
984.8105,984.8469,68437,81932,Rhinolophus ferrumequinum,0.02,0.02,-1,Echolocation,/mnt/ubna_data_01_mir/recover-20220825/UBNA_002/20220823_033000.WAV,Telephone Field,recover-20220825,002,1795
984.8185,984.8579,68437,82009,Rhinolophus ferrumequinum,0.021,0.021,-1,Echolocation,/mnt/ubna_data_01_mir/recover-20220825/UBNA_002/20220823_033000.WAV,Telephone Field,recover-20220825,002,1795
984.8515,984.888,68437,81337,Rhinolophus ferrumequinum,0.019,0.019,-1,Echolocation,/mnt/ubna_data_01_mir/recover-20220825/UBNA_002/20220823_033000.WAV,Telephone Field,recover-20220825,002,1795
984.8795,984.8894,22890,29032,Nyctalus leisleri,0.007,0.019,-1,Echolocation,/mnt/ubna_data_01_mir/recover-20220825/UBNA_002/20220823_033000.WAV,Telephone Field,recover-20220825,002,1795
984.8865,984.9233,68437,81806,Rhinolophus ferrumequinum,0.02,0.021,-1,Echolocation,/mnt/ubna_data_01_mir/recover-20220825/UBNA_002/20220823_033000.WAV,Telephone Field,recover-20220825,002,1795
984.8885,984.8956000000001,23750,31864,Plecotus austriacus,0.008,0.019,-1,Echolocation,/mnt/ubna_data_01_mir/recover-20220825/UBNA_002/20220823_033000.WAV,Telephone Field,recover-20220825,002,1795
984.9075,984.9181,28906,35685,Eptesicus serotinus,0.008,0.019,-1,Echolocation,/mnt/ubna_data_01_mir/recover-20220825/UBNA_002/20220823_033000.WAV,Telephone Field,recover-20220825,002,1795
984.9295,984.9675,68437,82475,Rhinolophus ferrumequinum,0.02,0.02,-1,Echolocation,/mnt/ubna_data_01_mir/recover-20220825/UBNA_002/20220823_033000.WAV,Telephone Field,recover-20220825,002,1795
984.9815,985.0202,68437,81663,Rhinolophus ferrumequinum,0.019,0.02,-1,Echolocation,/mnt/ubna_data_01_mir/recover-20220825/UBNA_002/20220823_033000.WAV,Telephone Field,recover-20220825,002,1795
984.9905,984.9988,28046,39937,Eptesicus serotinus,0.007,0.02,-1,Echolocation,/mnt/ubna_data_01_mir/recover-20220825/UBNA_002/20220823_033000.WAV,Telephone Field,recover-20220825,002,1795
985.0065,985.0427999999999,68437,81780,Rhinolophus ferrumequinum,0.022,0.022,-1,Echolocation,/mnt/ubna_data_01_mir/recover-20220825/UBNA_002/20220823_033000.WAV,Telephone Field,recover-20220825,002,1795
985.0095,985.0183,27187,35653,Eptesicus serotinus,0.011,0.026,-1,Echolocation,/mnt/ubna_data_01_mir/recover-20220825/UBNA_002/20220823_033000.WAV,Telephone Field,recover-20220825,002,1795
985.0505,985.0907,68437,82672,Rhinolophus ferrumequinum,0.021,0.021,-1,Echolocation,/mnt/ubna_data_01_mir/recover-20220825/UBNA_002/20220823_033000.WAV,Telephone Field,recover-20220825,002,1795
985.0705,985.1089,68437,82276,Rhinolophus ferrumequinum,0.023,0.023,-1,Echolocation,/mnt/ubna_data_01_mir/recover-20220825/UBNA_002/20220823_033000.WAV,Telephone Field,recover-20220825,002,1795
985.1045,985.146,68437,82670,Rhinolophus ferrumequinum,0.023,0.023,-1,Echolocation,/mnt/ubna_data_01_mir/recover-20220825/UBNA_002/20220823_033000.WAV,Telephone Field,recover-20220825,002,1795
985.1315,985.1389,24609,33923,Plecotus austriacus,0.006,0.022,-1,Echolocation,/mnt/ubna_data_01_mir/recover-20220825/UBNA_002/20220823_033000.WAV,Telephone Field,recover-20220825,002,1795
985.1715,985.2081000000001,68437,81262,Rhinolophus ferrumequinum,0.019,0.019,-1,Echolocation,/mnt/ubna_data_01_mir/recover-20220825/UBNA_002/20220823_033000.WAV,Telephone Field,recover-20220825,002,1795
985.1795,985.1866,27187,39982,Eptesicus serotinus,0.005,0.019,-1,Echolocation,/mnt/ubna_data_01_mir/recover-20220825/UBNA_002/20220823_033000.WAV,Telephone Field,recover-20220825,002,1795
985.1855,985.2227,68437,81531,Rhinolophus ferrumequinum,0.021,0.021,-1,Echolocation,/mnt/ubna_data_01_mir/recover-20220825/UBNA_002/20220823_033000.WAV,Telephone Field,recover-20220825,002,1795
985.1965,985.2335,68437,82379,Rhinolophus ferrumequinum,0.022,0.022,-1,Echolocation,/mnt/ubna_data_01_mir/recover-20220825/UBNA_002/20220823_033000.WAV,Telephone Field,recover-20220825,002,1795
985.2175,985.2261,28046,38519,Eptesicus serotinus,0.011,0.026,-1,Echolocation,/mnt/ubna_data_01_mir/recover-20220825/UBNA_002/20220823_033000.WAV,Telephone Field,recover-20220825,002,1795
985.2485,985.2573,25468,33858,Nyctalus leisleri,0.005,0.02,-1,Echolocation,/mnt/ubna_data_01_mir/recover-20220825/UBNA_002/20220823_033000.WAV,Telephone Field,recover-20220825,002,1795
985.2485,985.2847,68437,81339,Rhinolophus ferrumequinum,0.02,0.02,-1,Echolocation,/mnt/ubna_data_01_mir/recover-20220825/UBNA_002/20220823_033000.WAV,Telephone Field,recover-20220825,002,1795
985.2935,985.301,27187,40175,Eptesicus serotinus,0.007,0.02,-1,Echolocation,/mnt/ubna_data_01_mir/recover-20220825/UBNA_002/20220823_033000.WAV,Telephone Field,recover-20220825,002,1795
985.3305,985.3379,31484,48636,Myotis daubentonii,0.007,0.019,-1,Echolocation,/mnt/ubna_data_01_mir/recover-20220825/UBNA_002/20220823_033000.WAV,Telephone Field,recover-20220825,002,1795
985.3625,985.3968,68437,81336,Rhinolophus ferrumequinum,0.019,0.02,-1,Echolocation,/mnt/ubna_data_01_mir/recover-20220825/UBNA_002/20220823_033000.WAV,Telephone Field,recover-20220825,002,1795
985.3745,985.4103,68437,82044,Rhinolophus ferrumequinum,0.019,0.019,-1,Echolocation,/mnt/ubna_data_01_mir/recover-20220825/UBNA_002/20220823_033000.WAV,Telephone Field,recover-20220825,002,1795
985.3965,985.434,68437,82202,Rhinolophus ferrumequinum,0.022,0.022,-1,Echolocation,/mnt/ubna_data_01_mir/recover-20220825/UBNA_002/20220823_033000.WAV,Telephone Field,recover-20220825,002,1795
985.4095,985.4167,27187,39483,Eptesicus serotinus,0.005,0.019,-1,Echolocation,/mnt/ubna_data_01_mir/recover-20220825/UBNA_002/20220823_033000.WAV,Telephone Field,recover-20220825,002,1795
985.4165,985.454,68437,81773,Rhinolophus ferrumequinum,0.022,0.022,-1,Echolocation,/mnt/ubna_data_01_mir/recover-20220825/UBNA_002/20220823_033000.WAV,Telephone Field,recover-20220825,002,1795
985.4255,985.4631,68437,83273,Rhinolophus ferrumequinum,0.024,0.025,-1,Echolocation,/mnt/ubna_data_01_mir/recover-20220825/UBNA_002/20220823_033000.WAV,Telephone Field,recover-20220825,002,1795
985.4445,985.4804,68437,81447,Rhinolophus ferrumequinum,0.021,0.021,-1,Echolocation,/mnt/ubna_data_01_mir/recover-20220825/UBNA_002/20220823_033000.WAV,Telephone Field,recover-20220825,002,1795
985.4835,985.4937,24609,30557,Nyctalus leisleri,0.009,0.022,-1,Echolocation,/mnt/ubna_data_01_mir/recover-20220825/UBNA_002/20220823_033000.WAV,Telephone Field,recover-20220825,002,1795
985.4945,985.5299,68437,81252,Rhinolophus ferrumequinum,0.021,0.021,-1,Echolocation,/mnt/ubna_data_01_mir/recover-20220825/UBNA_002/20220823_033000.WAV,Telephone Field,recover-20220825,002,1795
985.5395,985.5457,28046,38958,Eptesicus serotinus,0.008,0.028,-1,Echolocation,/mnt/ubna_data_01_mir/recover-20220825/UBNA_002/20220823_033000.WAV,Telephone Field,recover-20220825,002,1795
985.5625,985.5769,22031,26132,Nyctalus leisleri,0.012,0.021,-1,Echolocation,/mnt/ubna_data_01_mir/recover-20220825/UBNA_002/20220823_033000.WAV,Telephone Field,recover-20220825,002,1795
985.5645,985.603,68437,82290,Rhinolophus ferrumequinum,0.019,0.019,-1,Echolocation,/mnt/ubna_data_01_mir/recover-20220825/UBNA_002/20220823_033000.WAV,Telephone Field,recover-20220825,002,1795
985.5995,985.6056,28906,39186,Eptesicus serotinus,0.006,0.027,-1,Echolocation,/mnt/ubna_data_01_mir/recover-20220825/UBNA_002/20220823_033000.WAV,Telephone Field,recover-20220825,002,1795
985.6145,985.6512,68437,81265,Rhinolophus ferrumequinum,0.021,0.021,-1,Echolocation,/mnt/ubna_data_01_mir/recover-20220825/UBNA_002/20220823_033000.WAV,Telephone Field,recover-20220825,002,1795
985.6605,985.6684,27187,40262,Eptesicus serotinus,0.006,0.02,-1,Echolocation,/mnt/ubna_data_01_mir/recover-20220825/UBNA_002/20220823_033000.WAV,Telephone Field,recover-20220825,002,1795
985.6685,985.709,68437,82462,Rhinolophus ferrumequinum,0.028,0.028,-1,Echolocation,/mnt/ubna_data_01_mir/recover-20220825/UBNA_002/20220823_033000.WAV,Telephone Field,recover-20220825,002,1795
985.7065,985.7127,27187,39807,Eptesicus serotinus,0.007,0.031,-1,Echolocation,/mnt/ubna_data_01_mir/recover-20220825/UBNA_002/20220823_033000.WAV,Telephone Field,recover-20220825,002,1795
985.7495,985.7904,68437,82662,Rhinolophus ferrumequinum,0.022,0.022,-1,Echolocation,/mnt/ubna_data_01_mir/recover-20220825/UBNA_002/20220823_033000.WAV,Telephone Field,recover-20220825,002,1795
985.7555,985.7963,68437,82842,Rhinolophus ferrumequinum,0.022,0.022,-1,Echolocation,/mnt/ubna_data_01_mir/recover-20220825/UBNA_002/20220823_033000.WAV,Telephone Field,recover-20220825,002,1795
985.8255,985.8627,68437,82131,Rhinolophus ferrumequinum,0.021,0.021,-1,Echolocation,/mnt/ubna_data_01_mir/recover-20220825/UBNA_002/20220823_033000.WAV,Telephone Field,recover-20220825,002,1795
985.8255,985.8332,22890,30114,Plecotus austriacus,0.009,0.021,-1,Echolocation,/mnt/ubna_data_01_mir/recover-20220825/UBNA_002/20220823_033000.WAV,Telephone Field,recover-20220825,002,1795
985.8865,985.9242,68437,82334,Rhinolophus ferrumequinum,0.02,0.02,-1,Echolocation,/mnt/ubna_data_01_mir/recover-20220825/UBNA_002/20220823_033000.WAV,Telephone Field,recover-20220825,002,1795
985.9165,985.9261,22890,28787,Nyctalus leisleri,0.008,0.019,-1,Echolocation,/mnt/ubna_data_01_mir/recover-20220825/UBNA_002/20220823_033000.WAV,Telephone Field,recover-20220825,002,1795
985.9315,985.9674,68437,81864,Rhinolophus ferrumequinum,0.019,0.019,-1,Echolocation,/mnt/ubna_data_01_mir/recover-20220825/UBNA_002/20220823_033000.WAV,Telephone Field,recover-20220825,002,1795
985.9585,985.9956,68437,81536,Rhinolophus ferrumequinum,0.02,0.02,-1,Echolocation,/mnt/ubna_data_01_mir/recover-20220825/UBNA_002/20220823_033000.WAV,Telephone Field,recover-20220825,002,1795
986.0015,986.0083,47812,53925,Pipistrellus pipistrellus,0.016,0.021,-1,Echolocation,/mnt/ubna_data_01_mir/recover-20220825/UBNA_002/20220823_033000.WAV,Telephone Field,recover-20220825,002,1795
986.0015,986.0096,23750,31265,Nyctalus leisleri,0.009,0.029,-1,Echolocation,/mnt/ubna_data_01_mir/recover-20220825/UBNA_002/20220823_033000.WAV,Telephone Field,recover-20220825,002,1795
986.0015,986.0302,68437,79588,Rhinolophus ferrumequinum,0.024,0.024,-1,Echolocation,/mnt/ubna_data_01_mir/recover-20220825/UBNA_002/20220823_033000.WAV,Telephone Field,recover-20220825,002,1795
986.0195,986.0253,23750,34453,Plecotus austriacus,0.032,0.066,-1,Echolocation,/mnt/ubna_data_01_mir/recover-20220825/UBNA_002/20220823_033000.WAV,Telephone Field,recover-20220825,002,1795
986.0205,986.06,68437,81682,Rhinolophus ferrumequinum,0.021,0.021,-1,Echolocation,/mnt/ubna_data_01_mir/recover-20220825/UBNA_002/20220823_033000.WAV,Telephone Field,recover-20220825,002,1795
986.0825,986.1206999999999,68437,81767,Rhinolophus ferrumequinum,0.02,0.02,-1,Echolocation,/mnt/ubna_data_01_mir/recover-20220825/UBNA_002/20220823_033000.WAV,Telephone Field,recover-20220825,002,1795
986.0925,986.0983,27187,46529,Myotis daubentonii,0.006,0.023,-1,Echolocation,/mnt/ubna_data_01_mir/recover-20220825/UBNA_002/20220823_033000.WAV,Telephone Field,recover-20220825,002,1795
986.1295,986.168,68437,82081,Rhinolophus ferrumequinum,0.021,0.021,-1,Echolocation,/mnt/ubna_data_01_mir/recover-20220825/UBNA_002/20220823_033000.WAV,Telephone Field,recover-20220825,002,1795
986.1375,986.1749,68437,82283,Rhinolophus ferrumequinum,0.021,0.021,-1,Echolocation,/mnt/ubna_data_01_mir/recover-20220825/UBNA_002/20220823_033000.WAV,Telephone Field,recover-20220825,002,1795
986.1735,986.2146,68437,82821,Rhinolophus ferrumequinum,0.026,0.026,-1,Echolocation,/mnt/ubna_data_01_mir/recover-20220825/UBNA_002/20220823_033000.WAV,Telephone Field,recover-20220825,002,1795
986.2135,986.2537,68437,82869,Rhinolophus ferrumequinum,0.023,0.023,-1,Echolocation,/mnt/ubna_data_01_mir/recover-20220825/UBNA_002/20220823_033000.WAV,Telephone Field,recover-20220825,002,1795
986.2415,986.2485,28046,38065,Eptesicus serotinus,0.006,0.02,-1,Echolocation,/mnt/ubna_data_01_mir/recover-20220825/UBNA_002/20220823_033000.WAV,Telephone Field,recover-20220825,002,1795
986.2915,986.3321,68437,83160,Rhinolophus ferrumequinum,0.027,0.027,-1,Echolocation,/mnt/ubna_data_01_mir/recover-20220825/UBNA_002/20220823_033000.WAV,Telephone Field,recover-20220825,002,1795
986.3185,986.3537,68437,81568,Rhinolophus ferrumequinum,0.022,0.022,-1,Echolocation,/mnt/ubna_data_01_mir/recover-20220825/UBNA_002/20220823_033000.WAV,Telephone Field,recover-20220825,002,1795
986.3275,986.363,68437,82588,Rhinolophus ferrumequinum,0.023,0.023,-1,Echolocation,/mnt/ubna_data_01_mir/recover-20220825/UBNA_002/20220823_033000.WAV,Telephone Field,recover-20220825,002,1795
986.3425,986.3526,22031,27934,Nyctalus leisleri,0.007,0.021,-1,Echolocation,/mnt/ubna_data_01_mir/recover-20220825/UBNA_002/20220823_033000.WAV,Telephone Field,recover-20220825,002,1795
986.3455,986.3521,28046,41735,Eptesicus serotinus,0.007,0.025,-1,Echolocation,/mnt/ubna_data_01_mir/recover-20220825/UBNA_002/20220823_033000.WAV,Telephone Field,recover-20220825,002,1795
986.3545,986.3903,68437,82121,Rhinolophus ferrumequinum,0.02,0.02,-1,Echolocation,/mnt/ubna_data_01_mir/recover-20220825/UBNA_002/20220823_033000.WAV,Telephone Field,recover-20220825,002,1795
986.3795,986.4197,68437,82750,Rhinolophus ferrumequinum,0.023,0.023,-1,Echolocation,/mnt/ubna_data_01_mir/recover-20220825/UBNA_002/20220823_033000.WAV,Telephone Field,recover-20220825,002,1795
986.4315,986.4395,22890,30601,Plecotus austriacus,0.011,0.024,-1,Echolocation,/mnt/ubna_data_01_mir/recover-20220825/UBNA_002/20220823_033000.WAV,Telephone Field,recover-20220825,002,1795
986.5395,986.5762,68437,82892,Rhinolophus ferrumequinum,0.023,0.023,-1,Echolocation,/mnt/ubna_data_01_mir/recover-20220825/UBNA_002/20220823_033000.WAV,Telephone Field,recover-20220825,002,1795
986.5425,986.5524,27187,36927,Eptesicus serotinus,0.009,0.022,-1,Echolocation,/mnt/ubna_data_01_mir/recover-20220825/UBNA_002/20220823_033000.WAV,Telephone Field,recover-20220825,002,1795
986.5505,986.562,25468,32888,Eptesicus serotinus,0.013,0.029,-1,Echolocation,/mnt/ubna_data_01_mir/recover-20220825/UBNA_002/20220823_033000.WAV,Telephone Field,recover-20220825,002,1795
986.5545,986.5908,68437,81787,Rhinolophus ferrumequinum,0.02,0.02,-1,Echolocation,/mnt/ubna_data_01_mir/recover-20220825/UBNA_002/20220823_033000.WAV,Telephone Field,recover-20220825,002,1795
986.5665,986.605,68437,82493,Rhinolophus ferrumequinum,0.021,0.021,-1,Echolocation,/mnt/ubna_data_01_mir/recover-20220825/UBNA_002/20220823_033000.WAV,Telephone Field,recover-20220825,002,1795
986.5755,986.6148,68437,82107,Rhinolophus ferrumequinum,0.027,0.027,-1,Echolocation,/mnt/ubna_data_01_mir/recover-20220825/UBNA_002/20220823_033000.WAV,Telephone Field,recover-20220825,002,1795
986.5905,986.5974,38359,51158,Myotis daubentonii,0.05,0.11,-1,Echolocation,/mnt/ubna_data_01_mir/recover-20220825/UBNA_002/20220823_033000.WAV,Telephone Field,recover-20220825,002,1795
986.6015,986.6358,68437,81724,Rhinolophus ferrumequinum,0.02,0.02,-1,Echolocation,/mnt/ubna_data_01_mir/recover-20220825/UBNA_002/20220823_033000.WAV,Telephone Field,recover-20220825,002,1795
986.6035,986.6142,22031,26553,Nyctalus leisleri,0.009,0.02,-1,Echolocation,/mnt/ubna_data_01_mir/recover-20220825/UBNA_002/20220823_033000.WAV,Telephone Field,recover-20220825,002,1795
986.6435,986.6529,28046,36871,Eptesicus serotinus,0.01,0.022,-1,Echolocation,/mnt/ubna_data_01_mir/recover-20220825/UBNA_002/20220823_033000.WAV,Telephone Field,recover-20220825,002,1795
986.6725,986.7108,68437,81876,Rhinolophus ferrumequinum,0.021,0.021,-1,Echolocation,/mnt/ubna_data_01_mir/recover-20220825/UBNA_002/20220823_033000.WAV,Telephone Field,recover-20220825,002,1795
986.6805,986.7199,68437,82999,Rhinolophus ferrumequinum,0.022,0.022,-1,Echolocation,/mnt/ubna_data_01_mir/recover-20220825/UBNA_002/20220823_033000.WAV,Telephone Field,recover-20220825,002,1795
986.6905,986.7028,22890,26813,Nyctalus leisleri,0.015,0.026,-1,Echolocation,/mnt/ubna_data_01_mir/recover-20220825/UBNA_002/20220823_033000.WAV,Telephone Field,recover-20220825,002,1795
986.7015,986.7095,28046,40474,Eptesicus serotinus,0.007,0.022,-1,Echolocation,/mnt/ubna_data_01_mir/recover-20220825/UBNA_002/20220823_033000.WAV,Telephone Field,recover-20220825,002,1795
986.7165,986.7263,25468,32834,Eptesicus serotinus,0.01,0.023,-1,Echolocation,/mnt/ubna_data_01_mir/recover-20220825/UBNA_002/20220823_033000.WAV,Telephone Field,recover-20220825,002,1795
986.7435,986.7832,68437,83088,Rhinolophus ferrumequinum,0.025,0.025,-1,Echolocation,/mnt/ubna_data_01_mir/recover-20220825/UBNA_002/20220823_033000.WAV,Telephone Field,recover-20220825,002,1795
986.7815,986.7925,22031,26351,Nyctalus leisleri,0.011,0.022,-1,Echolocation,/mnt/ubna_data_01_mir/recover-20220825/UBNA_002/20220823_033000.WAV,Telephone Field,recover-20220825,002,1795
986.8055,986.8157,22031,25690,Nyctalus leisleri,0.012,0.021,-1,Echolocation,/mnt/ubna_data_01_mir/recover-20220825/UBNA_002/20220823_033000.WAV,Telephone Field,recover-20220825,002,1795
986.8415,986.8776,68437,81840,Rhinolophus ferrumequinum,0.021,0.021,-1,Echolocation,/mnt/ubna_data_01_mir/recover-20220825/UBNA_002/20220823_033000.WAV,Telephone Field,recover-20220825,002,1795
986.8675,986.9058,68437,81892,Rhinolophus ferrumequinum,0.026,0.026,-1,Echolocation,/mnt/ubna_data_01_mir/recover-20220825/UBNA_002/20220823_033000.WAV,Telephone Field,recover-20220825,002,1795
986.8775,986.9143,68437,81899,Rhinolophus ferrumequinum,0.022,0.022,-1,Echolocation,/mnt/ubna_data_01_mir/recover-20220825/UBNA_002/20220823_033000.WAV,Telephone Field,recover-20220825,002,1795
986.9065,986.9157,26328,36821,Eptesicus serotinus,0.008,0.025,-1,Echolocation,/mnt/ubna_data_01_mir/recover-20220825/UBNA_002/20220823_033000.WAV,Telephone Field,recover-20220825,002,1795
986.9225,986.931,28046,37550,Eptesicus serotinus,0.008,0.02,-1,Echolocation,/mnt/ubna_data_01_mir/recover-20220825/UBNA_002/20220823_033000.WAV,Telephone Field,recover-20220825,002,1795
986.9535,986.9922,68437,82485,Rhinolophus ferrumequinum,0.023,0.023,-1,Echolocation,/mnt/ubna_data_01_mir/recover-20220825/UBNA_002/20220823_033000.WAV,Telephone Field,recover-20220825,002,1795
987.0435,987.0498,25468,37496,Plecotus austriacus,0.004,0.021,-1,Echolocation,/mnt/ubna_data_01_mir/recover-20220825/UBNA_002/20220823_033000.WAV,Telephone Field,recover-20220825,002,1795
987.0675,987.0781,43515,46269,Pipistrellus pipistrellus,0.026,0.031,-1,Echolocation,/mnt/ubna_data_01_mir/recover-20220825/UBNA_002/20220823_033000.WAV,Telephone Field,recover-20220825,002,1795
987.0815,987.1211,68437,82377,Rhinolophus ferrumequinum,0.02,0.02,-1,Echolocation,/mnt/ubna_data_01_mir/recover-20220825/UBNA_002/20220823_033000.WAV,Telephone Field,recover-20220825,002,1795
987.0865,987.1252,68437,82391,Rhinolophus ferrumequinum,0.02,0.02,-1,Echolocation,/mnt/ubna_data_01_mir/recover-20220825/UBNA_002/20220823_033000.WAV,Telephone Field,recover-20220825,002,1795
987.0955,987.1029,28906,41375,Eptesicus serotinus,0.007,0.021,-1,Echolocation,/mnt/ubna_data_01_mir/recover-20220825/UBNA_002/20220823_033000.WAV,Telephone Field,recover-20220825,002,1795
987.1555,987.1948,68437,82090,Rhinolophus ferrumequinum,0.021,0.021,-1,Echolocation,/mnt/ubna_data_01_mir/recover-20220825/UBNA_002/20220823_033000.WAV,Telephone Field,recover-20220825,002,1795
987.1965,987.2045,25468,34282,Eptesicus serotinus,0.007,0.02,-1,Echolocation,/mnt/ubna_data_01_mir/recover-20220825/UBNA_002/20220823_033000.WAV,Telephone Field,recover-20220825,002,1795
987.2035,987.2104,27187,36659,Eptesicus serotinus,0.007,0.022,-1,Echolocation,/mnt/ubna_data_01_mir/recover-20220825/UBNA_002/20220823_033000.WAV,Telephone Field,recover-20220825,002,1795
987.2185,987.2583,68437,82747,Rhinolophus ferrumequinum,0.024,0.024,-1,Echolocation,/mnt/ubna_data_01_mir/recover-20220825/UBNA_002/20220823_033000.WAV,Telephone Field,recover-20220825,002,1795
987.2635,987.302,68437,81690,Rhinolophus ferrumequinum,0.02,0.02,-1,Echolocation,/mnt/ubna_data_01_mir/recover-20220825/UBNA_002/20220823_033000.WAV,Telephone Field,recover-20220825,002,1795
987.2725,987.3077,68437,81737,Rhinolophus ferrumequinum,0.022,0.022,-1,Echolocation,/mnt/ubna_data_01_mir/recover-20220825/UBNA_002/20220823_033000.WAV,Telephone Field,recover-20220825,002,1795
987.2735,987.2881,22031,25305,Nyctalus leisleri,0.012,0.02,-1,Echolocation,/mnt/ubna_data_01_mir/recover-20220825/UBNA_002/20220823_033000.WAV,Telephone Field,recover-20220825,002,1795
987.2995,987.31,23750,29972,Nyctalus leisleri,0.01,0.026,-1,Echolocation,/mnt/ubna_data_01_mir/recover-20220825/UBNA_002/20220823_033000.WAV,Telephone Field,recover-20220825,002,1795
987.3025,987.3373,68437,81778,Rhinolophus ferrumequinum,0.021,0.021,-1,Echolocation,/mnt/ubna_data_01_mir/recover-20220825/UBNA_002/20220823_033000.WAV,Telephone Field,recover-20220825,002,1795
987.3125,987.3526,68437,82373,Rhinolophus ferrumequinum,0.035,0.035,-1,Echolocation,/mnt/ubna_data_01_mir/recover-20220825/UBNA_002/20220823_033000.WAV,Telephone Field,recover-20220825,002,1795
987.3295,987.3373,22890,31027,Plecotus austriacus,0.009,0.021,-1,Echolocation,/mnt/ubna_data_01_mir/recover-20220825/UBNA_002/20220823_033000.WAV,Telephone Field,recover-20220825,002,1795
987.3455,987.383,68437,81891,Rhinolophus ferrumequinum,0.021,0.021,-1,Echolocation,/mnt/ubna_data_01_mir/recover-20220825/UBNA_002/20220823_033000.WAV,Telephone Field,recover-20220825,002,1795
987.4195,987.4563,68437,82241,Rhinolophus ferrumequinum,0.021,0.021,-1,Echolocation,/mnt/ubna_data_01_mir/recover-20220825/UBNA_002/20220823_033000.WAV,Telephone Field,recover-20220825,002,1795
987.4275,987.4373,22031,28143,Nyctalus leisleri,0.008,0.021,-1,Echolocation,/mnt/ubna_data_01_mir/recover-20220825/UBNA_002/20220823_033000.WAV,Telephone Field,recover-20220825,002,1795
987.4455,987.4814,68437,82062,Rhinolophus ferrumequinum,0.022,0.022,-1,Echolocation,/mnt/ubna_data_01_mir/recover-20220825/UBNA_002/20220823_033000.WAV,Telephone Field,recover-20220825,002,1795
987.4465,987.4574,24609,31695,Eptesicus serotinus,0.009,0.023,-1,Echolocation,/mnt/ubna_data_01_mir/recover-20220825/UBNA_002/20220823_033000.WAV,Telephone Field,recover-20220825,002,1795
987.4545,987.4917,68437,82766,Rhinolophus ferrumequinum,0.022,0.022,-1,Echolocation,/mnt/ubna_data_01_mir/recover-20220825/UBNA_002/20220823_033000.WAV,Telephone Field,recover-20220825,002,1795
987.4555,987.4647,25468,32798,Eptesicus serotinus,0.008,0.022,-1,Echolocation,/mnt/ubna_data_01_mir/recover-20220825/UBNA_002/20220823_033000.WAV,Telephone Field,recover-20220825,002,1795
987.4795,987.5181,68437,82298,Rhinolophus ferrumequinum,0.02,0.02,-1,Echolocation,/mnt/ubna_data_01_mir/recover-20220825/UBNA_002/20220823_033000.WAV,Telephone Field,recover-20220825,002,1795
987.5055,987.5167,23750,29793,Nyctalus leisleri,0.01,0.024,-1,Echolocation,/mnt/ubna_data_01_mir/recover-20220825/UBNA_002/20220823_033000.WAV,Telephone Field,recover-20220825,002,1795
987.5085,987.5454,68437,81609,Rhinolophus ferrumequinum,0.023,0.023,-1,Echolocation,/mnt/ubna_data_01_mir/recover-20220825/UBNA_002/20220823_033000.WAV,Telephone Field,recover-20220825,002,1795
987.5155,987.5231,23750,32173,Plecotus austriacus,0.008,0.021,-1,Echolocation,/mnt/ubna_data_01_mir/recover-20220825/UBNA_002/20220823_033000.WAV,Telephone Field,recover-20220825,002,1795
987.5255,987.5353,28046,35329,Eptesicus serotinus,0.01,0.022,-1,Echolocation,/mnt/ubna_data_01_mir/recover-20220825/UBNA_002/20220823_033000.WAV,Telephone Field,recover-20220825,002,1795
987.5465,987.5842,68437,82586,Rhinolophus ferrumequinum,0.026,0.026,-1,Echolocation,/mnt/ubna_data_01_mir/recover-20220825/UBNA_002/20220823_033000.WAV,Telephone Field,recover-20220825,002,1795
987.5545,987.5939,68437,82511,Rhinolophus ferrumequinum,0.027,0.027,-1,Echolocation,/mnt/ubna_data_01_mir/recover-20220825/UBNA_002/20220823_033000.WAV,Telephone Field,recover-20220825,002,1795
987.5785,987.5877,28046,38718,Eptesicus serotinus,0.011,0.026,-1,Echolocation,/mnt/ubna_data_01_mir/recover-20220825/UBNA_002/20220823_033000.WAV,Telephone Field,recover-20220825,002,1795
987.5795,987.6176,68437,82687,Rhinolophus ferrumequinum,0.03,0.03,-1,Echolocation,/mnt/ubna_data_01_mir/recover-20220825/UBNA_002/20220823_033000.WAV,Telephone Field,recover-20220825,002,1795
987.6335,987.6401,24609,40149,Myotis nattereri,0.005,0.022,-1,Echolocation,/mnt/ubna_data_01_mir/recover-20220825/UBNA_002/20220823_033000.WAV,Telephone Field,recover-20220825,002,1795
987.6345,987.6403,34921,46598,Myotis daubentonii,0.017,0.033,-1,Echolocation,/mnt/ubna_data_01_mir/recover-20220825/UBNA_002/20220823_033000.WAV,Telephone Field,recover-20220825,002,1795
987.6525,987.6595,27187,37055,Eptesicus serotinus,0.007,0.025,-1,Echolocation,/mnt/ubna_data_01_mir/recover-20220825/UBNA_002/20220823_033000.WAV,Telephone Field,recover-20220825,002,1795
987.6665,987.6772,22890,27838,Nyctalus leisleri,0.01,0.02,-1,Echolocation,/mnt/ubna_data_01_mir/recover-20220825/UBNA_002/20220823_033000.WAV,Telephone Field,recover-20220825,002,1795
987.6805,987.6874,27187,48598,Eptesicus serotinus,0.007,0.021,-1,Echolocation,/mnt/ubna_data_01_mir/recover-20220825/UBNA_002/20220823_033000.WAV,Telephone Field,recover-20220825,002,1795
987.6885,987.7251,68437,82007,Rhinolophus ferrumequinum,0.021,0.021,-1,Echolocation,/mnt/ubna_data_01_mir/recover-20220825/UBNA_002/20220823_033000.WAV,Telephone Field,recover-20220825,002,1795
987.6955,987.7323,68437,82794,Rhinolophus ferrumequinum,0.02,0.02,-1,Echolocation,/mnt/ubna_data_01_mir/recover-20220825/UBNA_002/20220823_033000.WAV,Telephone Field,recover-20220825,002,1795
987.7165,987.7229,26328,41375,Eptesicus serotinus,0.005,0.022,-1,Echolocation,/mnt/ubna_data_01_mir/recover-20220825/UBNA_002/20220823_033000.WAV,Telephone Field,recover-20220825,002,1795
987.7605,987.7999,68437,82679,Rhinolophus ferrumequinum,0.025,0.025,-1,Echolocation,/mnt/ubna_data_01_mir/recover-20220825/UBNA_002/20220823_033000.WAV,Telephone Field,recover-20220825,002,1795
987.7885,987.8265,68437,82915,Rhinolophus ferrumequinum,0.025,0.025,-1,Echolocation,/mnt/ubna_data_01_mir/recover-20220825/UBNA_002/20220823_033000.WAV,Telephone Field,recover-20220825,002,1795
987.7985,987.8043,31484,47978,Myotis daubentonii,0.036,0.062,-1,Echolocation,/mnt/ubna_data_01_mir/recover-20220825/UBNA_002/20220823_033000.WAV,Telephone Field,recover-20220825,002,1795
987.8155,987.8527,68437,82294,Rhinolophus ferrumequinum,0.023,0.023,-1,Echolocation,/mnt/ubna_data_01_mir/recover-20220825/UBNA_002/20220823_033000.WAV,Telephone Field,recover-20220825,002,1795
987.8235,987.8341,22031,26460,Nyctalus leisleri,0.011,0.021,-1,Echolocation,/mnt/ubna_data_01_mir/recover-20220825/UBNA_002/20220823_033000.WAV,Telephone Field,recover-20220825,002,1795
987.8335,987.8411,44375,51454,Pipistrellus pipistrellus,0.019,0.029,-1,Echolocation,/mnt/ubna_data_01_mir/recover-20220825/UBNA_002/20220823_033000.WAV,Telephone Field,recover-20220825,002,1795
987.8705,987.8789,27187,38658,Eptesicus serotinus,0.009,0.023,-1,Echolocation,/mnt/ubna_data_01_mir/recover-20220825/UBNA_002/20220823_033000.WAV,Telephone Field,recover-20220825,002,1795
987.8905,987.8993,25468,33926,Eptesicus serotinus,0.007,0.021,-1,Echolocation,/mnt/ubna_data_01_mir/recover-20220825/UBNA_002/20220823_033000.WAV,Telephone Field,recover-20220825,002,1795
987.8905,987.9245,68437,81056,Rhinolophus ferrumequinum,0.021,0.021,-1,Echolocation,/mnt/ubna_data_01_mir/recover-20220825/UBNA_002/20220823_033000.WAV,Telephone Field,recover-20220825,002,1795
987.8995,987.9344,68437,81605,Rhinolophus ferrumequinum,0.021,0.021,-1,Echolocation,/mnt/ubna_data_01_mir/recover-20220825/UBNA_002/20220823_033000.WAV,Telephone Field,recover-20220825,002,1795
987.9245,987.961,68437,81713,Rhinolophus ferrumequinum,0.02,0.02,-1,Echolocation,/mnt/ubna_data_01_mir/recover-20220825/UBNA_002/20220823_033000.WAV,Telephone Field,recover-20220825,002,1795
987.9515,987.9568,28046,43029,Plecotus auritus,0.007,0.031,-1,Echolocation,/mnt/ubna_data_01_mir/recover-20220825/UBNA_002/20220823_033000.WAV,Telephone Field,recover-20220825,002,1795
988.0015,988.014,48671,53935,Pipistrellus pipistrellus,0.022,0.029,-1,Echolocation,/mnt/ubna_data_01_mir/recover-20220825/UBNA_002/20220823_033000.WAV,Telephone Field,recover-20220825,002,1795
988.0015,988.0346,69296,80571,Rhinolophus ferrumequinum,0.051,0.052,-1,Echolocation,/mnt/ubna_data_01_mir/recover-20220825/UBNA_002/20220823_033000.WAV,Telephone Field,recover-20220825,002,1795
988.0045,988.0118,26328,42342,Eptesicus serotinus,0.012,0.031,-1,Echolocation,/mnt/ubna_data_01_mir/recover-20220825/UBNA_002/20220823_033000.WAV,Telephone Field,recover-20220825,002,1795
988.0145,988.0564,68437,83616,Rhinolophus ferrumequinum,0.028,0.028,-1,Echolocation,/mnt/ubna_data_01_mir/recover-20220825/UBNA_002/20220823_033000.WAV,Telephone Field,recover-20220825,002,1795
988.0385,988.0454,27187,39271,Eptesicus serotinus,0.005,0.022,-1,Echolocation,/mnt/ubna_data_01_mir/recover-20220825/UBNA_002/20220823_033000.WAV,Telephone Field,recover-20220825,002,1795
988.0615,988.0704,28046,36934,Eptesicus serotinus,0.008,0.023,-1,Echolocation,/mnt/ubna_data_01_mir/recover-20220825/UBNA_002/20220823_033000.WAV,Telephone Field,recover-20220825,002,1795
988.0785,988.1146,68437,82299,Rhinolophus ferrumequinum,0.021,0.021,-1,Echolocation,/mnt/ubna_data_01_mir/recover-20220825/UBNA_002/20220823_033000.WAV,Telephone Field,recover-20220825,002,1795
988.0805,988.0932,22890,27777,Nyctalus leisleri,0.013,0.027,-1,Echolocation,/mnt/ubna_data_01_mir/recover-20220825/UBNA_002/20220823_033000.WAV,Telephone Field,recover-20220825,002,1795
988.1025,988.1122,14296,19075,Nyctalus noctula,0.014,0.029,-1,Echolocation,/mnt/ubna_data_01_mir/recover-20220825/UBNA_002/20220823_033000.WAV,Telephone Field,recover-20220825,002,1795
988.1425,988.15,27187,41934,Eptesicus serotinus,0.01,0.027,-1,Echolocation,/mnt/ubna_data_01_mir/recover-20220825/UBNA_002/20220823_033000.WAV,Telephone Field,recover-20220825,002,1795
988.2065,988.2147,28046,38413,Eptesicus serotinus,0.007,0.021,-1,Echolocation,/mnt/ubna_data_01_mir/recover-20220825/UBNA_002/20220823_033000.WAV,Telephone Field,recover-20220825,002,1795
988.2135,988.2235000000001,22890,28622,Nyctalus leisleri,0.009,0.021,-1,Echolocation,/mnt/ubna_data_01_mir/recover-20220825/UBNA_002/20220823_033000.WAV,Telephone Field,recover-20220825,002,1795
988.2245,988.2633,68437,82725,Rhinolophus ferrumequinum,0.023,0.023,-1,Echolocation,/mnt/ubna_data_01_mir/recover-20220825/UBNA_002/20220823_033000.WAV,Telephone Field,recover-20220825,002,1795
988.2405,988.2524,28046,34581,Eptesicus serotinus,0.014,0.03,-1,Echolocation,/mnt/ubna_data_01_mir/recover-20220825/UBNA_002/20220823_033000.WAV,Telephone Field,recover-20220825,002,1795
988.2715,988.3131,68437,82289,Rhinolophus ferrumequinum,0.027,0.027,-1,Echolocation,/mnt/ubna_data_01_mir/recover-20220825/UBNA_002/20220823_033000.WAV,Telephone Field,recover-20220825,002,1795
988.2965,988.3033,27187,36812,Eptesicus serotinus,0.007,0.023,-1,Echolocation,/mnt/ubna_data_01_mir/recover-20220825/UBNA_002/20220823_033000.WAV,Telephone Field,recover-20220825,002,1795
988.3185,988.3227,34062,44840,Myotis daubentonii,0.043,0.09,-1,Echolocation,/mnt/ubna_data_01_mir/recover-20220825/UBNA_002/20220823_033000.WAV,Telephone Field,recover-20220825,002,1795
988.3195,988.3512,68437,81099,Rhinolophus ferrumequinum,0.021,0.021,-1,Echolocation,/mnt/ubna_data_01_mir/recover-20220825/UBNA_002/20220823_033000.WAV,Telephone Field,recover-20220825,002,1795
988.3545,988.3907,68437,81602,Rhinolophus ferrumequinum,0.022,0.022,-1,Echolocation,/mnt/ubna_data_01_mir/recover-20220825/UBNA_002/20220823_033000.WAV,Telephone Field,recover-20220825,002,1795
988.4225,988.4306,35781,43011,Barbastellus barbastellus,0.106,0.269,-1,Echolocation,/mnt/ubna_data_01_mir/recover-20220825/UBNA_002/20220823_033000.WAV,Telephone Field,recover-20220825,002,1795
988.4585,988.4651,30625,50812,Myotis daubentonii,0.013,0.023,-1,Echolocation,/mnt/ubna_data_01_mir/recover-20220825/UBNA_002/20220823_033000.WAV,Telephone Field,recover-20220825,002,1795
988.4605,988.4685,25468,38448,Eptesicus serotinus,0.007,0.021,-1,Echolocation,/mnt/ubna_data_01_mir/recover-20220825/UBNA_002/20220823_033000.WAV,Telephone Field,recover-20220825,002,1795
988.4685,988.5063,68437,81922,Rhinolophus ferrumequinum,0.021,0.021,-1,Echolocation,/mnt/ubna_data_01_mir/recover-20220825/UBNA_002/20220823_033000.WAV,Telephone Field,recover-20220825,002,1795
988.4755,988.4899,14296,19947,Nyctalus noctula,0.013,0.022,-1,Echolocation,/mnt/ubna_data_01_mir/recover-20220825/UBNA_002/20220823_033000.WAV,Telephone Field,recover-20220825,002,1795
988.5055,988.5155,27187,38482,Eptesicus serotinus,0.015,0.03,-1,Echolocation,/mnt/ubna_data_01_mir/recover-20220825/UBNA_002/20220823_033000.WAV,Telephone Field,recover-20220825,002,1795
988.5105,988.5466,68437,81621,Rhinolophus ferrumequinum,0.024,0.024,-1,Echolocation,/mnt/ubna_data_01_mir/recover-20220825/UBNA_002/20220823_033000.WAV,Telephone Field,recover-20220825,002,1795
988.5155,988.5215,29765,49070,Myotis daubentonii,0.017,0.045,-1,Echolocation,/mnt/ubna_data_01_mir/recover-20220825/UBNA_002/20220823_033000.WAV,Telephone Field,recover-20220825,002,1795
988.5195,988.559,68437,82674,Rhinolophus ferrumequinum,0.03,0.03,-1,Echolocation,/mnt/ubna_data_01_mir/recover-20220825/UBNA_002/20220823_033000.WAV,Telephone Field,recover-20220825,002,1795
988.5575,988.5957,68437,82248,Rhinolophus ferrumequinum,0.027,0.027,-1,Echolocation,/mnt/ubna_data_01_mir/recover-20220825/UBNA_002/20220823_033000.WAV,Telephone Field,recover-20220825,002,1795
988.5775,988.618,68437,82059,Rhinolophus ferrumequinum,0.028,0.028,-1,Echolocation,/mnt/ubna_data_01_mir/recover-20220825/UBNA_002/20220823_033000.WAV,Telephone Field,recover-20220825,002,1795
988.6075,988.6144,28046,36997,Eptesicus serotinus,0.008,0.026,-1,Echolocation,/mnt/ubna_data_01_mir/recover-20220825/UBNA_002/20220823_033000.WAV,Telephone Field,recover-20220825,002,1795
988.6235,988.6322,28046,36716,Eptesicus serotinus,0.008,0.021,-1,Echolocation,/mnt/ubna_data_01_mir/recover-20220825/UBNA_002/20220823_033000.WAV,Telephone Field,recover-20220825,002,1795
988.6325,988.644,22890,27115,Nyctalus leisleri,0.012,0.022,-1,Echolocation,/mnt/ubna_data_01_mir/recover-20220825/UBNA_002/20220823_033000.WAV,Telephone Field,recover-20220825,002,1795
988.6495,988.6569,26328,38451,Eptesicus serotinus,0.006,0.021,-1,Echolocation,/mnt/ubna_data_01_mir/recover-20220825/UBNA_002/20220823_033000.WAV,Telephone Field,recover-20220825,002,1795
988.6635,988.6812,21171,24607,Nyctalus leisleri,0.014,0.025,-1,Echolocation,/mnt/ubna_data_01_mir/recover-20220825/UBNA_002/20220823_033000.WAV,Telephone Field,recover-20220825,002,1795
988.6715,988.7138,68437,83298,Rhinolophus ferrumequinum,0.036,0.036,-1,Echolocation,/mnt/ubna_data_01_mir/recover-20220825/UBNA_002/20220823_033000.WAV,Telephone Field,recover-20220825,002,1795
988.7055,988.7446,68437,82881,Rhinolophus ferrumequinum,0.022,0.022,-1,Echolocation,/mnt/ubna_data_01_mir/recover-20220825/UBNA_002/20220823_033000.WAV,Telephone Field,recover-20220825,002,1795
988.7345,988.7733,68437,82642,Rhinolophus ferrumequinum,0.026,0.026,-1,Echolocation,/mnt/ubna_data_01_mir/recover-20220825/UBNA_002/20220823_033000.WAV,Telephone Field,recover-20220825,002,1795
988.7365,988.7412,31484,53838,Myotis daubentonii,0.062,0.103,-1,Echolocation,/mnt/ubna_data_01_mir/recover-20220825/UBNA_002/20220823_033000.WAV,Telephone Field,recover-20220825,002,1795
988.7495,988.7878,68437,81785,Rhinolophus ferrumequinum,0.023,0.023,-1,Echolocation,/mnt/ubna_data_01_mir/recover-20220825/UBNA_002/20220823_033000.WAV,Telephone Field,recover-20220825,002,1795
988.8005,988.8376,68437,82136,Rhinolophus ferrumequinum,0.021,0.021,-1,Echolocation,/mnt/ubna_data_01_mir/recover-20220825/UBNA_002/20220823_033000.WAV,Telephone Field,recover-20220825,002,1795
988.8105,988.8178,25468,38184,Eptesicus serotinus,0.006,0.026,-1,Echolocation,/mnt/ubna_data_01_mir/recover-20220825/UBNA_002/20220823_033000.WAV,Telephone Field,recover-20220825,002,1795
988.8105,988.8165,33203,50918,Myotis daubentonii,0.012,0.028,-1,Echolocation,/mnt/ubna_data_01_mir/recover-20220825/UBNA_002/20220823_033000.WAV,Telephone Field,recover-20220825,002,1795
988.8345,988.8715,68437,81304,Rhinolophus ferrumequinum,0.022,0.022,-1,Echolocation,/mnt/ubna_data_01_mir/recover-20220825/UBNA_002/20220823_033000.WAV,Telephone Field,recover-20220825,002,1795
988.8365,988.8429,41796,55071,Myotis brandtii,0.006,0.023,-1,Echolocation,/mnt/ubna_data_01_mir/recover-20220825/UBNA_002/20220823_033000.WAV,Telephone Field,recover-20220825,002,1795
988.8375,988.8449,26328,37944,Eptesicus serotinus,0.008,0.025,-1,Echolocation,/mnt/ubna_data_01_mir/recover-20220825/UBNA_002/20220823_033000.WAV,Telephone Field,recover-20220825,002,1795
988.8475,988.8568,23750,31319,Nyctalus leisleri,0.007,0.027,-1,Echolocation,/mnt/ubna_data_01_mir/recover-20220825/UBNA_002/20220823_033000.WAV,Telephone Field,recover-20220825,002,1795
988.8545,988.862,27187,40188,Eptesicus serotinus,0.007,0.022,-1,Echolocation,/mnt/ubna_data_01_mir/recover-20220825/UBNA_002/20220823_033000.WAV,Telephone Field,recover-20220825,002,1795
988.8555,988.8939,68437,81920,Rhinolophus ferrumequinum,0.021,0.021,-1,Echolocation,/mnt/ubna_data_01_mir/recover-20220825/UBNA_002/20220823_033000.WAV,Telephone Field,recover-20220825,002,1795
988.8845,988.8964,23750,29590,Nyctalus leisleri,0.009,0.022,-1,Echolocation,/mnt/ubna_data_01_mir/recover-20220825/UBNA_002/20220823_033000.WAV,Telephone Field,recover-20220825,002,1795
988.9425,988.9766,68437,81073,Rhinolophus ferrumequinum,0.022,0.022,-1,Echolocation,/mnt/ubna_data_01_mir/recover-20220825/UBNA_002/20220823_033000.WAV,Telephone Field,recover-20220825,002,1795
988.9475,988.9536,36640,54350,Myotis daubentonii,0.161,0.473,-1,Echolocation,/mnt/ubna_data_01_mir/recover-20220825/UBNA_002/20220823_033000.WAV,Telephone Field,recover-20220825,002,1795
988.9675,989.0068,68437,82197,Rhinolophus ferrumequinum,0.022,0.022,-1,Echolocation,/mnt/ubna_data_01_mir/recover-20220825/UBNA_002/20220823_033000.WAV,Telephone Field,recover-20220825,002,1795
988.9755,989.0143,68437,82115,Rhinolophus ferrumequinum,0.022,0.022,-1,Echolocation,/mnt/ubna_data_01_mir/recover-20220825/UBNA_002/20220823_033000.WAV,Telephone Field,recover-20220825,002,1795
989.0055,989.0421,68437,81325,Rhinolophus ferrumequinum,0.024,0.024,-1,Echolocation,/mnt/ubna_data_01_mir/recover-20220825/UBNA_002/20220823_033000.WAV,Telephone Field,recover-20220825,002,1795
989.0345,989.0759,68437,83248,Rhinolophus ferrumequinum,0.032,0.032,-1,Echolocation,/mnt/ubna_data_01_mir/recover-20220825/UBNA_002/20220823_033000.WAV,Telephone Field,recover-20220825,002,1795
989.0395,989.0446,36640,51200,Myotis daubentonii,0.164,0.468,-1,Echolocation,/mnt/ubna_data_01_mir/recover-20220825/UBNA_002/20220823_033000.WAV,Telephone Field,recover-20220825,002,1795
989.0775,989.1189,68437,83235,Rhinolophus ferrumequinum,0.03,0.03,-1,Echolocation,/mnt/ubna_data_01_mir/recover-20220825/UBNA_002/20220823_033000.WAV,Telephone Field,recover-20220825,002,1795
989.1155,989.1534,68437,82299,Rhinolophus ferrumequinum,0.023,0.023,-1,Echolocation,/mnt/ubna_data_01_mir/recover-20220825/UBNA_002/20220823_033000.WAV,Telephone Field,recover-20220825,002,1795
989.1205,989.1254,37500,46784,Barbastellus barbastellus,0.109,0.178,-1,Echolocation,/mnt/ubna_data_01_mir/recover-20220825/UBNA_002/20220823_033000.WAV,Telephone Field,recover-20220825,002,1795
989.1435,989.18,68437,81787,Rhinolophus ferrumequinum,0.021,0.021,-1,Echolocation,/mnt/ubna_data_01_mir/recover-20220825/UBNA_002/20220823_033000.WAV,Telephone Field,recover-20220825,002,1795
989.1535,989.1925,68437,82224,Rhinolophus ferrumequinum,0.023,0.023,-1,Echolocation,/mnt/ubna_data_01_mir/recover-20220825/UBNA_002/20220823_033000.WAV,Telephone Field,recover-20220825,002,1795
989.1955,989.2012,35781,49777,Myotis daubentonii,0.087,0.176,-1,Echolocation,/mnt/ubna_data_01_mir/recover-20220825/UBNA_002/20220823_033000.WAV,Telephone Field,recover-20220825,002,1795
989.1995,989.2378,68437,82490,Rhinolophus ferrumequinum,0.023,0.023,-1,Echolocation,/mnt/ubna_data_01_mir/recover-20220825/UBNA_002/20220823_033000.WAV,Telephone Field,recover-20220825,002,1795
989.2095,989.2527,68437,82901,Rhinolophus ferrumequinum,0.026,0.026,-1,Echolocation,/mnt/ubna_data_01_mir/recover-20220825/UBNA_002/20220823_033000.WAV,Telephone Field,recover-20220825,002,1795
989.2175,989.255,68437,82236,Rhinolophus ferrumequinum,0.022,0.022,-1,Echolocation,/mnt/ubna_data_01_mir/recover-20220825/UBNA_002/20220823_033000.WAV,Telephone Field,recover-20220825,002,1795
989.2225,989.2326,25468,32732,Eptesicus serotinus,0.011,0.026,-1,Echolocation,/mnt/ubna_data_01_mir/recover-20220825/UBNA_002/20220823_033000.WAV,Telephone Field,recover-20220825,002,1795
989.2355,989.2732,68437,82230,Rhinolophus ferrumequinum,0.021,0.021,-1,Echolocation,/mnt/ubna_data_01_mir/recover-20220825/UBNA_002/20220823_033000.WAV,Telephone Field,recover-20220825,002,1795
989.2495,989.291,68437,82745,Rhinolophus ferrumequinum,0.022,0.022,-1,Echolocation,/mnt/ubna_data_01_mir/recover-20220825/UBNA_002/20220823_033000.WAV,Telephone Field,recover-20220825,002,1795
989.2625,989.3013,68437,81997,Rhinolophus ferrumequinum,0.021,0.021,-1,Echolocation,/mnt/ubna_data_01_mir/recover-20220825/UBNA_002/20220823_033000.WAV,Telephone Field,recover-20220825,002,1795
989.2755,989.2808,35781,47800,Myotis daubentonii,0.016,0.03,-1,Echolocation,/mnt/ubna_data_01_mir/recover-20220825/UBNA_002/20220823_033000.WAV,Telephone Field,recover-20220825,002,1795
989.2764999999999,989.283,26328,40500,Eptesicus serotinus,0.006,0.023,-1,Echolocation,/mnt/ubna_data_01_mir/recover-20220825/UBNA_002/20220823_033000.WAV,Telephone Field,recover-20220825,002,1795
989.2895,989.2978,28046,39418,Eptesicus serotinus,0.008,0.022,-1,Echolocation,/mnt/ubna_data_01_mir/recover-20220825/UBNA_002/20220823_033000.WAV,Telephone Field,recover-20220825,002,1795
989.3205,989.3597,68437,81941,Rhinolophus ferrumequinum,0.022,0.022,-1,Echolocation,/mnt/ubna_data_01_mir/recover-20220825/UBNA_002/20220823_033000.WAV,Telephone Field,recover-20220825,002,1795
989.3415,989.3799,68437,82309,Rhinolophus ferrumequinum,0.022,0.022,-1,Echolocation,/mnt/ubna_data_01_mir/recover-20220825/UBNA_002/20220823_033000.WAV,Telephone Field,recover-20220825,002,1795
989.3485000000001,989.3558,28046,39078,Eptesicus serotinus,0.008,0.028,-1,Echolocation,/mnt/ubna_data_01_mir/recover-20220825/UBNA_002/20220823_033000.WAV,Telephone Field,recover-20220825,002,1795
989.3565,989.3961,68437,82338,Rhinolophus ferrumequinum,0.024,0.024,-1,Echolocation,/mnt/ubna_data_01_mir/recover-20220825/UBNA_002/20220823_033000.WAV,Telephone Field,recover-20220825,002,1795
989.3855,989.428,68437,82840,Rhinolophus ferrumequinum,0.033,0.033,-1,Echolocation,/mnt/ubna_data_01_mir/recover-20220825/UBNA_002/20220823_033000.WAV,Telephone Field,recover-20220825,002,1795
989.3945,989.4042,27187,35103,Eptesicus serotinus,0.009,0.021,-1,Echolocation,/mnt/ubna_data_01_mir/recover-20220825/UBNA_002/20220823_033000.WAV,Telephone Field,recover-20220825,002,1795
989.4325,989.4724,68437,82096,Rhinolophus ferrumequinum,0.022,0.022,-1,Echolocation,/mnt/ubna_data_01_mir/recover-20220825/UBNA_002/20220823_033000.WAV,Telephone Field,recover-20220825,002,1795
989.4385,989.4478,22031,27749,Nyctalus leisleri,0.006,0.022,-1,Echolocation,/mnt/ubna_data_01_mir/recover-20220825/UBNA_002/20220823_033000.WAV,Telephone Field,recover-20220825,002,1795
989.4605,989.4984,68437,82379,Rhinolophus ferrumequinum,0.022,0.022,-1,Echolocation,/mnt/ubna_data_01_mir/recover-20220825/UBNA_002/20220823_033000.WAV,Telephone Field,recover-20220825,002,1795
989.4715,989.4786,27187,39708,Eptesicus serotinus,0.009,0.029,-1,Echolocation,/mnt/ubna_data_01_mir/recover-20220825/UBNA_002/20220823_033000.WAV,Telephone Field,recover-20220825,002,1795
989.4725,989.4785,34062,42067,Myotis daubentonii,0.014,0.031,-1,Echolocation,/mnt/ubna_data_01_mir/recover-20220825/UBNA_002/20220823_033000.WAV,Telephone Field,recover-20220825,002,1795
989.4725,989.5116,68437,82001,Rhinolophus ferrumequinum,0.022,0.022,-1,Echolocation,/mnt/ubna_data_01_mir/recover-20220825/UBNA_002/20220823_033000.WAV,Telephone Field,recover-20220825,002,1795
989.5125,989.5222,23750,30893,Nyctalus leisleri,0.013,0.039,-1,Echolocation,/mnt/ubna_data_01_mir/recover-20220825/UBNA_002/20220823_033000.WAV,Telephone Field,recover-20220825,002,1795
989.5465,989.5872,68437,82692,Rhinolophus ferrumequinum,0.024,0.024,-1,Echolocation,/mnt/ubna_data_01_mir/recover-20220825/UBNA_002/20220823_033000.WAV,Telephone Field,recover-20220825,002,1795
989.5635,989.5709,27187,39152,Eptesicus serotinus,0.007,0.023,-1,Echolocation,/mnt/ubna_data_01_mir/recover-20220825/UBNA_002/20220823_033000.WAV,Telephone Field,recover-20220825,002,1795
989.5645,989.6029,68437,82678,Rhinolophus ferrumequinum,0.021,0.021,-1,Echolocation,/mnt/ubna_data_01_mir/recover-20220825/UBNA_002/20220823_033000.WAV,Telephone Field,recover-20220825,002,1795
989.5735,989.6084,68437,80953,Rhinolophus ferrumequinum,0.022,0.023,-1,Echolocation,/mnt/ubna_data_01_mir/recover-20220825/UBNA_002/20220823_033000.WAV,Telephone Field,recover-20220825,002,1795
989.6165,989.6234,28046,38464,Eptesicus serotinus,0.006,0.022,-1,Echolocation,/mnt/ubna_data_01_mir/recover-20220825/UBNA_002/20220823_033000.WAV,Telephone Field,recover-20220825,002,1795
989.6315,989.6656,68437,80515,Rhinolophus ferrumequinum,0.021,0.021,-1,Echolocation,/mnt/ubna_data_01_mir/recover-20220825/UBNA_002/20220823_033000.WAV,Telephone Field,recover-20220825,002,1795
989.6395,989.6725,68437,80809,Rhinolophus ferrumequinum,0.022,0.022,-1,Echolocation,/mnt/ubna_data_01_mir/recover-20220825/UBNA_002/20220823_033000.WAV,Telephone Field,recover-20220825,002,1795
989.6435,989.6519,28046,39092,Eptesicus serotinus,0.008,0.022,-1,Echolocation,/mnt/ubna_data_01_mir/recover-20220825/UBNA_002/20220823_033000.WAV,Telephone Field,recover-20220825,002,1795
989.6845,989.7216,68437,81442,Rhinolophus ferrumequinum,0.021,0.021,-1,Echolocation,/mnt/ubna_data_01_mir/recover-20220825/UBNA_002/20220823_033000.WAV,Telephone Field,recover-20220825,002,1795
989.6855,989.6943,26328,34150,Eptesicus serotinus,0.009,0.022,-1,Echolocation,/mnt/ubna_data_01_mir/recover-20220825/UBNA_002/20220823_033000.WAV,Telephone Field,recover-20220825,002,1795
989.7065,989.7139,28046,38080,Eptesicus serotinus,0.008,0.023,-1,Echolocation,/mnt/ubna_data_01_mir/recover-20220825/UBNA_002/20220823_033000.WAV,Telephone Field,recover-20220825,002,1795
989.7355,989.7708,68437,81898,Rhinolophus ferrumequinum,0.021,0.021,-1,Echolocation,/mnt/ubna_data_01_mir/recover-20220825/UBNA_002/20220823_033000.WAV,Telephone Field,recover-20220825,002,1795
989.7525,989.7899,68437,81507,Rhinolophus ferrumequinum,0.021,0.021,-1,Echolocation,/mnt/ubna_data_01_mir/recover-20220825/UBNA_002/20220823_033000.WAV,Telephone Field,recover-20220825,002,1795
989.7595,989.7985,68437,81378,Rhinolophus ferrumequinum,0.022,0.022,-1,Echolocation,/mnt/ubna_data_01_mir/recover-20220825/UBNA_002/20220823_033000.WAV,Telephone Field,recover-20220825,002,1795
989.7915,989.8314,68437,81867,Rhinolophus ferrumequinum,0.023,0.023,-1,Echolocation,/mnt/ubna_data_01_mir/recover-20220825/UBNA_002/20220823_033000.WAV,Telephone Field,recover-20220825,002,1795
989.8145,989.8247,22890,28379,Nyctalus leisleri,0.01,0.022,-1,Echolocation,/mnt/ubna_data_01_mir/recover-20220825/UBNA_002/20220823_033000.WAV,Telephone Field,recover-20220825,002,1795
989.8645,989.8706999999999,29765,49506,Myotis daubentonii,0.011,0.021,-1,Echolocation,/mnt/ubna_data_01_mir/recover-20220825/UBNA_002/20220823_033000.WAV,Telephone Field,recover-20220825,002,1795
989.8835,989.8904,27187,40185,Eptesicus serotinus,0.006,0.023,-1,Echolocation,/mnt/ubna_data_01_mir/recover-20220825/UBNA_002/20220823_033000.WAV,Telephone Field,recover-20220825,002,1795
989.8835,989.9206,68437,81304,Rhinolophus ferrumequinum,0.021,0.022,-1,Echolocation,/mnt/ubna_data_01_mir/recover-20220825/UBNA_002/20220823_033000.WAV,Telephone Field,recover-20220825,002,1795
989.9145,989.9269,23750,29921,Nyctalus leisleri,0.021,0.046,-1,Echolocation,/mnt/ubna_data_01_mir/recover-20220825/UBNA_002/20220823_033000.WAV,Telephone Field,recover-20220825,002,1795
989.9235,989.9602,68437,81970,Rhinolophus ferrumequinum,0.024,0.024,-1,Echolocation,/mnt/ubna_data_01_mir/recover-20220825/UBNA_002/20220823_033000.WAV,Telephone Field,recover-20220825,002,1795
989.9315,989.9703,68437,82509,Rhinolophus ferrumequinum,0.025,0.025,-1,Echolocation,/mnt/ubna_data_01_mir/recover-20220825/UBNA_002/20220823_033000.WAV,Telephone Field,recover-20220825,002,1795
989.9585,989.967,27187,42099,Eptesicus serotinus,0.01,0.025,-1,Echolocation,/mnt/ubna_data_01_mir/recover-20220825/UBNA_002/20220823_033000.WAV,Telephone Field,recover-20220825,002,1795
990.0015,990.0106,25468,32643,Nyctalus leisleri,0.01,0.032,-1,Echolocation,/mnt/ubna_data_01_mir/recover-20220825/UBNA_002/20220823_033000.WAV,Telephone Field,recover-20220825,002,1795
990.0015,990.0086,47812,54943,Pipistrellus pipistrellus,0.013,0.02,-1,Echolocation,/mnt/ubna_data_01_mir/recover-20220825/UBNA_002/20220823_033000.WAV,Telephone Field,recover-20220825,002,1795
990.0015,990.0289,68437,81004,Rhinolophus ferrumequinum,0.045,0.045,-1,Echolocation,/mnt/ubna_data_01_mir/recover-20220825/UBNA_002/20220823_033000.WAV,Telephone Field,recover-20220825,002,1795
990.0125,990.0211,41796,47777,Pipistrellus nathusii,0.036,0.063,-1,Echolocation,/mnt/ubna_data_01_mir/recover-20220825/UBNA_002/20220823_033000.WAV,Telephone Field,recover-20220825,002,1795
990.1285,990.1669,68437,82141,Rhinolophus ferrumequinum,0.02,0.02,-1,Echolocation,/mnt/ubna_data_01_mir/recover-20220825/UBNA_002/20220823_033000.WAV,Telephone Field,recover-20220825,002,1795
990.1395,990.1464,27187,39080,Eptesicus serotinus,0.006,0.021,-1,Echolocation,/mnt/ubna_data_01_mir/recover-20220825/UBNA_002/20220823_033000.WAV,Telephone Field,recover-20220825,002,1795
990.1405,990.151,22031,26995,Nyctalus leisleri,0.009,0.021,-1,Echolocation,/mnt/ubna_data_01_mir/recover-20220825/UBNA_002/20220823_033000.WAV,Telephone Field,recover-20220825,002,1795
990.1525,990.1885,68437,81251,Rhinolophus ferrumequinum,0.021,0.021,-1,Echolocation,/mnt/ubna_data_01_mir/recover-20220825/UBNA_002/20220823_033000.WAV,Telephone Field,recover-20220825,002,1795
990.1835,990.1936,40937,47072,Pipistrellus nathusii,0.226,0.255,-1,Echolocation,/mnt/ubna_data_01_mir/recover-20220825/UBNA_002/20220823_033000.WAV,Telephone Field,recover-20220825,002,1795
990.2015,990.2115,24609,30279,Nyctalus leisleri,0.008,0.021,-1,Echolocation,/mnt/ubna_data_01_mir/recover-20220825/UBNA_002/20220823_033000.WAV,Telephone Field,recover-20220825,002,1795
990.2235,990.2316,28046,38060,Eptesicus serotinus,0.008,0.022,-1,Echolocation,/mnt/ubna_data_01_mir/recover-20220825/UBNA_002/20220823_033000.WAV,Telephone Field,recover-20220825,002,1795
990.2505,990.2607,45234,48802,Pipistrellus pipistrellus,0.022,0.026,-1,Echolocation,/mnt/ubna_data_01_mir/recover-20220825/UBNA_002/20220823_033000.WAV,Telephone Field,recover-20220825,002,1795
990.2605,990.2989,68437,82087,Rhinolophus ferrumequinum,0.022,0.022,-1,Echolocation,/mnt/ubna_data_01_mir/recover-20220825/UBNA_002/20220823_033000.WAV,Telephone Field,recover-20220825,002,1795
990.2635,990.2737,26328,34526,Eptesicus serotinus,0.009,0.021,-1,Echolocation,/mnt/ubna_data_01_mir/recover-20220825/UBNA_002/20220823_033000.WAV,Telephone Field,recover-20220825,002,1795
990.2865,990.3246,68437,82006,Rhinolophus ferrumequinum,0.021,0.021,-1,Echolocation,/mnt/ubna_data_01_mir/recover-20220825/UBNA_002/20220823_033000.WAV,Telephone Field,recover-20220825,002,1795
990.2955,990.336,68437,82258,Rhinolophus ferrumequinum,0.022,0.022,-1,Echolocation,/mnt/ubna_data_01_mir/recover-20220825/UBNA_002/20220823_033000.WAV,Telephone Field,recover-20220825,002,1795
990.3015,990.3118,22890,27634,Nyctalus leisleri,0.009,0.021,-1,Echolocation,/mnt/ubna_data_01_mir/recover-20220825/UBNA_002/20220823_033000.WAV,Telephone Field,recover-20220825,002,1795
990.3205,990.3274,41796,51071,Pipistrellus nathusii,0.013,0.033,-1,Echolocation,/mnt/ubna_data_01_mir/recover-20220825/UBNA_002/20220823_033000.WAV,Telephone Field,recover-20220825,002,1795
990.3225,990.3313,27187,37347,Eptesicus serotinus,0.007,0.021,-1,Echolocation,/mnt/ubna_data_01_mir/recover-20220825/UBNA_002/20220823_033000.WAV,Telephone Field,recover-20220825,002,1795
990.3615,990.373,37500,43190,Pipistrellus nathusii,0.018,0.028,-1,Echolocation,/mnt/ubna_data_01_mir/recover-20220825/UBNA_002/20220823_033000.WAV,Telephone Field,recover-20220825,002,1795
990.3625,990.3698,24609,33801,Eptesicus serotinus,0.007,0.025,-1,Echolocation,/mnt/ubna_data_01_mir/recover-20220825/UBNA_002/20220823_033000.WAV,Telephone Field,recover-20220825,002,1795
990.3785,990.3853,29765,46418,Myotis daubentonii,0.011,0.022,-1,Echolocation,/mnt/ubna_data_01_mir/recover-20220825/UBNA_002/20220823_033000.WAV,Telephone Field,recover-20220825,002,1795
990.3805,990.4173,68437,81661,Rhinolophus ferrumequinum,0.02,0.021,-1,Echolocation,/mnt/ubna_data_01_mir/recover-20220825/UBNA_002/20220823_033000.WAV,Telephone Field,recover-20220825,002,1795
990.3895,990.4274,68437,82035,Rhinolophus ferrumequinum,0.022,0.022,-1,Echolocation,/mnt/ubna_data_01_mir/recover-20220825/UBNA_002/20220823_033000.WAV,Telephone Field,recover-20220825,002,1795
990.4715,990.5078,68437,81849,Rhinolophus ferrumequinum,0.02,0.02,-1,Echolocation,/mnt/ubna_data_01_mir/recover-20220825/UBNA_002/20220823_033000.WAV,Telephone Field,recover-20220825,002,1795
990.5315,990.5394,27187,37961,Eptesicus serotinus,0.007,0.02,-1,Echolocation,/mnt/ubna_data_01_mir/recover-20220825/UBNA_002/20220823_033000.WAV,Telephone Field,recover-20220825,002,1795
990.5405,990.5773,68437,82034,Rhinolophus ferrumequinum,0.02,0.02,-1,Echolocation,/mnt/ubna_data_01_mir/recover-20220825/UBNA_002/20220823_033000.WAV,Telephone Field,recover-20220825,002,1795
990.5445,990.5531,27187,40276,Eptesicus serotinus,0.008,0.021,-1,Echolocation,/mnt/ubna_data_01_mir/recover-20220825/UBNA_002/20220823_033000.WAV,Telephone Field,recover-20220825,002,1795
990.5645,990.5729,27187,36145,Eptesicus serotinus,0.008,0.022,-1,Echolocation,/mnt/ubna_data_01_mir/recover-20220825/UBNA_002/20220823_033000.WAV,Telephone Field,recover-20220825,002,1795
990.5675,990.6064,68437,82208,Rhinolophus ferrumequinum,0.021,0.021,-1,Echolocation,/mnt/ubna_data_01_mir/recover-20220825/UBNA_002/20220823_033000.WAV,Telephone Field,recover-20220825,002,1795
990.5875,990.5949,26328,43845,Eptesicus serotinus,0.007,0.024,-1,Echolocation,/mnt/ubna_data_01_mir/recover-20220825/UBNA_002/20220823_033000.WAV,Telephone Field,recover-20220825,002,1795
990.5875,990.5936,38359,49421,Myotis daubentonii,0.009,0.02,-1,Echolocation,/mnt/ubna_data_01_mir/recover-20220825/UBNA_002/20220823_033000.WAV,Telephone Field,recover-20220825,002,1795
990.6015,990.6127,22890,26853,Nyctalus leisleri,0.016,0.028,-1,Echolocation,/mnt/ubna_data_01_mir/recover-20220825/UBNA_002/20220823_033000.WAV,Telephone Field,recover-20220825,002,1795
990.6265,990.6618,68437,81438,Rhinolophus ferrumequinum,0.022,0.022,-1,Echolocation,/mnt/ubna_data_01_mir/recover-20220825/UBNA_002/20220823_033000.WAV,Telephone Field,recover-20220825,002,1795
990.6315,990.6377,36640,51248,Myotis brandtii,0.008,0.021,-1,Echolocation,/mnt/ubna_data_01_mir/recover-20220825/UBNA_002/20220823_033000.WAV,Telephone Field,recover-20220825,002,1795
990.6355,990.6457,27187,35336,Eptesicus serotinus,0.012,0.029,-1,Echolocation,/mnt/ubna_data_01_mir/recover-20220825/UBNA_002/20220823_033000.WAV,Telephone Field,recover-20220825,002,1795
990.6715,990.6774,36640,50164,Myotis daubentonii,0.017,0.029,-1,Echolocation,/mnt/ubna_data_01_mir/recover-20220825/UBNA_002/20220823_033000.WAV,Telephone Field,recover-20220825,002,1795
990.6735,990.6798,30625,51488,Myotis daubentonii,0.02,0.031,-1,Echolocation,/mnt/ubna_data_01_mir/recover-20220825/UBNA_002/20220823_033000.WAV,Telephone Field,recover-20220825,002,1795
990.7015,990.7084,30625,47775,Myotis daubentonii,0.012,0.022,-1,Echolocation,/mnt/ubna_data_01_mir/recover-20220825/UBNA_002/20220823_033000.WAV,Telephone Field,recover-20220825,002,1795
990.7025,990.7396,68437,82059,Rhinolophus ferrumequinum,0.022,0.022,-1,Echolocation,/mnt/ubna_data_01_mir/recover-20220825/UBNA_002/20220823_033000.WAV,Telephone Field,recover-20220825,002,1795
990.7255,990.7354,44375,50003,Pipistrellus pipistrellus,0.016,0.021,-1,Echolocation,/mnt/ubna_data_01_mir/recover-20220825/UBNA_002/20220823_033000.WAV,Telephone Field,recover-20220825,002,1795
990.7935,990.8046,40937,45403,Pipistrellus nathusii,0.152,0.166,-1,Echolocation,/mnt/ubna_data_01_mir/recover-20220825/UBNA_002/20220823_033000.WAV,Telephone Field,recover-20220825,002,1795
990.8125,990.8206,28046,39294,Eptesicus serotinus,0.007,0.02,-1,Echolocation,/mnt/ubna_data_01_mir/recover-20220825/UBNA_002/20220823_033000.WAV,Telephone Field,recover-20220825,002,1795
990.8345,990.8734,68437,82432,Rhinolophus ferrumequinum,0.023,0.023,-1,Echolocation,/mnt/ubna_data_01_mir/recover-20220825/UBNA_002/20220823_033000.WAV,Telephone Field,recover-20220825,002,1795
990.8445,990.8851,68437,82513,Rhinolophus ferrumequinum,0.023,0.023,-1,Echolocation,/mnt/ubna_data_01_mir/recover-20220825/UBNA_002/20220823_033000.WAV,Telephone Field,recover-20220825,002,1795
990.8735,990.8807,36640,48497,Pipistrellus nathusii,0.087,0.241,-1,Echolocation,/mnt/ubna_data_01_mir/recover-20220825/UBNA_002/20220823_033000.WAV,Telephone Field,recover-20220825,002,1795
990.8875,990.9056,20312,23335,Nyctalus leisleri,0.014,0.024,-1,Echolocation,/mnt/ubna_data_01_mir/recover-20220825/UBNA_002/20220823_033000.WAV,Telephone Field,recover-20220825,002,1795
990.9335,990.9698,68437,81221,Rhinolophus ferrumequinum,0.021,0.022,-1,Echolocation,/mnt/ubna_data_01_mir/recover-20220825/UBNA_002/20220823_033000.WAV,Telephone Field,recover-20220825,002,1795
990.9505,990.9893,68437,82021,Rhinolophus ferrumequinum,0.023,0.023,-1,Echolocation,/mnt/ubna_data_01_mir/recover-20220825/UBNA_002/20220823_033000.WAV,Telephone Field,recover-20220825,002,1795
990.9625,990.9694,40078,51966,Pipistrellus nathusii,0.318,0.471,-1,Echolocation,/mnt/ubna_data_01_mir/recover-20220825/UBNA_002/20220823_033000.WAV,Telephone Field,recover-20220825,002,1795
990.9725,990.9803,27187,35085,Eptesicus serotinus,0.005,0.022,-1,Echolocation,/mnt/ubna_data_01_mir/recover-20220825/UBNA_002/20220823_033000.WAV,Telephone Field,recover-20220825,002,1795
991.0455,991.0835,68437,81726,Rhinolophus ferrumequinum,0.02,0.02,-1,Echolocation,/mnt/ubna_data_01_mir/recover-20220825/UBNA_002/20220823_033000.WAV,Telephone Field,recover-20220825,002,1795
991.0465,991.0533,38359,50956,Pipistrellus nathusii,0.254,0.491,-1,Echolocation,/mnt/ubna_data_01_mir/recover-20220825/UBNA_002/20220823_033000.WAV,Telephone Field,recover-20220825,002,1795
991.0745,991.1133,68437,82232,Rhinolophus ferrumequinum,0.02,0.02,-1,Echolocation,/mnt/ubna_data_01_mir/recover-20220825/UBNA_002/20220823_033000.WAV,Telephone Field,recover-20220825,002,1795
991.1165,991.1512,68437,81037,Rhinolophus ferrumequinum,0.02,0.02,-1,Echolocation,/mnt/ubna_data_01_mir/recover-20220825/UBNA_002/20220823_033000.WAV,Telephone Field,recover-20220825,002,1795
991.1345,991.1715,68437,81625,Rhinolophus ferrumequinum,0.021,0.021,-1,Echolocation,/mnt/ubna_data_01_mir/recover-20220825/UBNA_002/20220823_033000.WAV,Telephone Field,recover-20220825,002,1795
991.1375,991.1445,39218,46524,Pipistrellus nathusii,0.417,0.553,-1,Echolocation,/mnt/ubna_data_01_mir/recover-20220825/UBNA_002/20220823_033000.WAV,Telephone Field,recover-20220825,002,1795
991.1435,991.1768,68437,81472,Rhinolophus ferrumequinum,0.022,0.022,-1,Echolocation,/mnt/ubna_data_01_mir/recover-20220825/UBNA_002/20220823_033000.WAV,Telephone Field,recover-20220825,002,1795
991.1715,991.2121,68437,82935,Rhinolophus ferrumequinum,0.025,0.025,-1,Echolocation,/mnt/ubna_data_01_mir/recover-20220825/UBNA_002/20220823_033000.WAV,Telephone Field,recover-20220825,002,1795
991.2185,991.2593,68437,82307,Rhinolophus ferrumequinum,0.024,0.024,-1,Echolocation,/mnt/ubna_data_01_mir/recover-20220825/UBNA_002/20220823_033000.WAV,Telephone Field,recover-20220825,002,1795
991.2255,991.2322,40078,49438,Pipistrellus nathusii,0.283,0.437,-1,Echolocation,/mnt/ubna_data_01_mir/recover-20220825/UBNA_002/20220823_033000.WAV,Telephone Field,recover-20220825,002,1795
991.2585,991.2668,27187,38302,Eptesicus serotinus,0.007,0.022,-1,Echolocation,/mnt/ubna_data_01_mir/recover-20220825/UBNA_002/20220823_033000.WAV,Telephone Field,recover-20220825,002,1795
991.2605,991.2936,68437,81108,Rhinolophus ferrumequinum,0.021,0.021,-1,Echolocation,/mnt/ubna_data_01_mir/recover-20220825/UBNA_002/20220823_033000.WAV,Telephone Field,recover-20220825,002,1795
991.2625,991.2679,45234,56225,Myotis mystacinus,0.006,0.023,-1,Echolocation,/mnt/ubna_data_01_mir/recover-20220825/UBNA_002/20220823_033000.WAV,Telephone Field,recover-20220825,002,1795
991.2705,991.3044,68437,81371,Rhinolophus ferrumequinum,0.021,0.021,-1,Echolocation,/mnt/ubna_data_01_mir/recover-20220825/UBNA_002/20220823_033000.WAV,Telephone Field,recover-20220825,002,1795
991.2715,991.2777,33203,45332,Myotis daubentonii,0.016,0.027,-1,Echolocation,/mnt/ubna_data_01_mir/recover-20220825/UBNA_002/20220823_033000.WAV,Telephone Field,recover-20220825,002,1795
991.2895,991.2978,34921,41432,Myotis daubentonii,0.007,0.021,-1,Echolocation,/mnt/ubna_data_01_mir/recover-20220825/UBNA_002/20220823_033000.WAV,Telephone Field,recover-20220825,002,1795
991.3015,991.337,68437,81601,Rhinolophus ferrumequinum,0.022,0.022,-1,Echolocation,/mnt/ubna_data_01_mir/recover-20220825/UBNA_002/20220823_033000.WAV,Telephone Field,recover-20220825,002,1795
991.3165,991.3271,23750,28879,Nyctalus leisleri,0.009,0.023,-1,Echolocation,/mnt/ubna_data_01_mir/recover-20220825/UBNA_002/20220823_033000.WAV,Telephone Field,recover-20220825,002,1795
991.3265,991.3319,38359,51225,Pipistrellus nathusii,0.414,0.481,-1,Echolocation,/mnt/ubna_data_01_mir/recover-20220825/UBNA_002/20220823_033000.WAV,Telephone Field,recover-20220825,002,1795
991.3465,991.3545,42656,47879,Pipistrellus nathusii,0.02,0.033,-1,Echolocation,/mnt/ubna_data_01_mir/recover-20220825/UBNA_002/20220823_033000.WAV,Telephone Field,recover-20220825,002,1795
991.3485,991.3538,34921,46558,Myotis daubentonii,0.026,0.04,-1,Echolocation,/mnt/ubna_data_01_mir/recover-20220825/UBNA_002/20220823_033000.WAV,Telephone Field,recover-20220825,002,1795
991.3765,991.383,27187,37714,Myotis daubentonii,0.01,0.039,-1,Echolocation,/mnt/ubna_data_01_mir/recover-20220825/UBNA_002/20220823_033000.WAV,Telephone Field,recover-20220825,002,1795
991.3845,991.4222,68437,82029,Rhinolophus ferrumequinum,0.021,0.022,-1,Echolocation,/mnt/ubna_data_01_mir/recover-20220825/UBNA_002/20220823_033000.WAV,Telephone Field,recover-20220825,002,1795
991.4235,991.4287,36640,54071,Pipistrellus nathusii,0.122,0.356,-1,Echolocation,/mnt/ubna_data_01_mir/recover-20220825/UBNA_002/20220823_033000.WAV,Telephone Field,recover-20220825,002,1795
991.4245,991.4612,68437,81891,Rhinolophus ferrumequinum,0.021,0.021,-1,Echolocation,/mnt/ubna_data_01_mir/recover-20220825/UBNA_002/20220823_033000.WAV,Telephone Field,recover-20220825,002,1795
991.4325,991.4409,27187,34519,Eptesicus serotinus,0.006,0.022,-1,Echolocation,/mnt/ubna_data_01_mir/recover-20220825/UBNA_002/20220823_033000.WAV,Telephone Field,recover-20220825,002,1795
991.4625,991.4739,30625,38965,Eptesicus serotinus,0.011,0.031,-1,Echolocation,/mnt/ubna_data_01_mir/recover-20220825/UBNA_002/20220823_033000.WAV,Telephone Field,recover-20220825,002,1795
991.4635,991.5024,68437,82486,Rhinolophus ferrumequinum,0.022,0.022,-1,Echolocation,/mnt/ubna_data_01_mir/recover-20220825/UBNA_002/20220823_033000.WAV,Telephone Field,recover-20220825,002,1795
991.4635,991.4744,37500,42192,Pipistrellus nathusii,0.02,0.029,-1,Echolocation,/mnt/ubna_data_01_mir/recover-20220825/UBNA_002/20220823_033000.WAV,Telephone Field,recover-20220825,002,1795
991.5105,991.5487,68437,81876,Rhinolophus ferrumequinum,0.023,0.023,-1,Echolocation,/mnt/ubna_data_01_mir/recover-20220825/UBNA_002/20220823_033000.WAV,Telephone Field,recover-20220825,002,1795
991.5155,991.5209,38359,50764,Pipistrellus nathusii,0.248,0.457,-1,Echolocation,/mnt/ubna_data_01_mir/recover-20220825/UBNA_002/20220823_033000.WAV,Telephone Field,recover-20220825,002,1795
991.5315,991.5421,25468,30961,Nyctalus leisleri,0.011,0.029,-1,Echolocation,/mnt/ubna_data_01_mir/recover-20220825/UBNA_002/20220823_033000.WAV,Telephone Field,recover-20220825,002,1795
991.5635,991.5706,27187,40761,Eptesicus serotinus,0.007,0.022,-1,Echolocation,/mnt/ubna_data_01_mir/recover-20220825/UBNA_002/20220823_033000.WAV,Telephone Field,recover-20220825,002,1795
991.5835,991.5891,36640,52684,Myotis daubentonii,0.01,0.022,-1,Echolocation,/mnt/ubna_data_01_mir/recover-20220825/UBNA_002/20220823_033000.WAV,Telephone Field,recover-20220825,002,1795
991.5995,991.6063,40078,53544,Pipistrellus nathusii,0.484,0.57,-1,Echolocation,/mnt/ubna_data_01_mir/recover-20220825/UBNA_002/20220823_033000.WAV,Telephone Field,recover-20220825,002,1795
991.6475,991.6556,26328,35030,Eptesicus serotinus,0.008,0.022,-1,Echolocation,/mnt/ubna_data_01_mir/recover-20220825/UBNA_002/20220823_033000.WAV,Telephone Field,recover-20220825,002,1795
991.6595,991.6996,68437,82861,Rhinolophus ferrumequinum,0.024,0.024,-1,Echolocation,/mnt/ubna_data_01_mir/recover-20220825/UBNA_002/20220823_033000.WAV,Telephone Field,recover-20220825,002,1795
991.6595,991.6668,27187,42462,Eptesicus serotinus,0.008,0.025,-1,Echolocation,/mnt/ubna_data_01_mir/recover-20220825/UBNA_002/20220823_033000.WAV,Telephone Field,recover-20220825,002,1795
991.7035,991.7156,23750,30077,Nyctalus leisleri,0.011,0.031,-1,Echolocation,/mnt/ubna_data_01_mir/recover-20220825/UBNA_002/20220823_033000.WAV,Telephone Field,recover-20220825,002,1795
991.7275,991.7682,68437,82130,Rhinolophus ferrumequinum,0.021,0.021,-1,Echolocation,/mnt/ubna_data_01_mir/recover-20220825/UBNA_002/20220823_033000.WAV,Telephone Field,recover-20220825,002,1795
991.7295,991.7367,46953,52533,Pipistrellus pipistrellus,0.027,0.033,-1,Echolocation,/mnt/ubna_data_01_mir/recover-20220825/UBNA_002/20220823_033000.WAV,Telephone Field,recover-20220825,002,1795
991.7375,991.7761,68437,81836,Rhinolophus ferrumequinum,0.021,0.021,-1,Echolocation,/mnt/ubna_data_01_mir/recover-20220825/UBNA_002/20220823_033000.WAV,Telephone Field,recover-20220825,002,1795
991.7425,991.7827,68437,81961,Rhinolophus ferrumequinum,0.021,0.021,-1,Echolocation,/mnt/ubna_data_01_mir/recover-20220825/UBNA_002/20220823_033000.WAV,Telephone Field,recover-20220825,002,1795
991.7665,991.8089,68437,83110,Rhinolophus ferrumequinum,0.026,0.026,-1,Echolocation,/mnt/ubna_data_01_mir/recover-20220825/UBNA_002/20220823_033000.WAV,Telephone Field,recover-20220825,002,1795
991.7755,991.7848,28046,36044,Eptesicus serotinus,0.007,0.02,-1,Echolocation,/mnt/ubna_data_01_mir/recover-20220825/UBNA_002/20220823_033000.WAV,Telephone Field,recover-20220825,002,1795
991.8075,991.8124,36640,52368,Myotis daubentonii,0.057,0.096,-1,Echolocation,/mnt/ubna_data_01_mir/recover-20220825/UBNA_002/20220823_033000.WAV,Telephone Field,recover-20220825,002,1795
991.8365,991.8441,26328,36773,Eptesicus serotinus,0.006,0.021,-1,Echolocation,/mnt/ubna_data_01_mir/recover-20220825/UBNA_002/20220823_033000.WAV,Telephone Field,recover-20220825,002,1795
991.8855,991.8918,36640,44224,Myotis daubentonii,0.011,0.023,-1,Echolocation,/mnt/ubna_data_01_mir/recover-20220825/UBNA_002/20220823_033000.WAV,Telephone Field,recover-20220825,002,1795
991.8865,991.9244,68437,82565,Rhinolophus ferrumequinum,0.022,0.022,-1,Echolocation,/mnt/ubna_data_01_mir/recover-20220825/UBNA_002/20220823_033000.WAV,Telephone Field,recover-20220825,002,1795
991.9225,991.9306,27187,37948,Eptesicus serotinus,0.007,0.021,-1,Echolocation,/mnt/ubna_data_01_mir/recover-20220825/UBNA_002/20220823_033000.WAV,Telephone Field,recover-20220825,002,1795
991.9825,991.9937,28046,35605,Eptesicus serotinus,0.015,0.032,-1,Echolocation,/mnt/ubna_data_01_mir/recover-20220825/UBNA_002/20220823_033000.WAV,Telephone Field,recover-20220825,002,1795
992.0015,992.0089,21171,27094,Plecotus austriacus,0.008,0.027,-1,Echolocation,/mnt/ubna_data_01_mir/recover-20220825/UBNA_002/20220823_033000.WAV,Telephone Field,recover-20220825,002,1795
992.0015,992.0313,68437,79846,Rhinolophus ferrumequinum,0.038,0.039,-1,Echolocation,/mnt/ubna_data_01_mir/recover-20220825/UBNA_002/20220823_033000.WAV,Telephone Field,recover-20220825,002,1795
992.0395,992.0502,22890,27691,Nyctalus leisleri,0.01,0.021,-1,Echolocation,/mnt/ubna_data_01_mir/recover-20220825/UBNA_002/20220823_033000.WAV,Telephone Field,recover-20220825,002,1795
992.0745,992.0856,40937,45647,Pipistrellus nathusii,0.024,0.039,-1,Echolocation,/mnt/ubna_data_01_mir/recover-20220825/UBNA_002/20220823_033000.WAV,Telephone Field,recover-20220825,002,1795
992.0795,992.0853,32343,46309,Myotis daubentonii,0.014,0.033,-1,Echolocation,/mnt/ubna_data_01_mir/recover-20220825/UBNA_002/20220823_033000.WAV,Telephone Field,recover-20220825,002,1795
992.0985,992.1087,25468,31479,Eptesicus serotinus,0.011,0.028,-1,Echolocation,/mnt/ubna_data_01_mir/recover-20220825/UBNA_002/20220823_033000.WAV,Telephone Field,recover-20220825,002,1795
992.1105,992.1488,68437,82040,Rhinolophus ferrumequinum,0.022,0.022,-1,Echolocation,/mnt/ubna_data_01_mir/recover-20220825/UBNA_002/20220823_033000.WAV,Telephone Field,recover-20220825,002,1795
992.1185,992.1557,68437,81695,Rhinolophus ferrumequinum,0.021,0.021,-1,Echolocation,/mnt/ubna_data_01_mir/recover-20220825/UBNA_002/20220823_033000.WAV,Telephone Field,recover-20220825,002,1795
992.1285,992.1356,27187,46574,Eptesicus serotinus,0.007,0.022,-1,Echolocation,/mnt/ubna_data_01_mir/recover-20220825/UBNA_002/20220823_033000.WAV,Telephone Field,recover-20220825,002,1795
992.1295,992.1476,19453,22720,Nyctalus leisleri,0.01,0.021,-1,Echolocation,/mnt/ubna_data_01_mir/recover-20220825/UBNA_002/20220823_033000.WAV,Telephone Field,recover-20220825,002,1795
992.1485,992.1841,68437,81327,Rhinolophus ferrumequinum,0.026,0.026,-1,Echolocation,/mnt/ubna_data_01_mir/recover-20220825/UBNA_002/20220823_033000.WAV,Telephone Field,recover-20220825,002,1795
992.1495,992.1571,23750,31721,Plecotus austriacus,0.007,0.023,-1,Echolocation,/mnt/ubna_data_01_mir/recover-20220825/UBNA_002/20220823_033000.WAV,Telephone Field,recover-20220825,002,1795
992.1695,992.2051,68437,81355,Rhinolophus ferrumequinum,0.022,0.022,-1,Echolocation,/mnt/ubna_data_01_mir/recover-20220825/UBNA_002/20220823_033000.WAV,Telephone Field,recover-20220825,002,1795
992.1945,992.2027,27187,38871,Eptesicus serotinus,0.008,0.021,-1,Echolocation,/mnt/ubna_data_01_mir/recover-20220825/UBNA_002/20220823_033000.WAV,Telephone Field,recover-20220825,002,1795
992.2115,992.2194,28046,40212,Eptesicus serotinus,0.008,0.021,-1,Echolocation,/mnt/ubna_data_01_mir/recover-20220825/UBNA_002/20220823_033000.WAV,Telephone Field,recover-20220825,002,1795
992.2295,992.2658,68437,82454,Rhinolophus ferrumequinum,0.022,0.022,-1,Echolocation,/mnt/ubna_data_01_mir/recover-20220825/UBNA_002/20220823_033000.WAV,Telephone Field,recover-20220825,002,1795
992.2475,992.2874,68437,82737,Rhinolophus ferrumequinum,0.027,0.027,-1,Echolocation,/mnt/ubna_data_01_mir/recover-20220825/UBNA_002/20220823_033000.WAV,Telephone Field,recover-20220825,002,1795
992.2795,992.285,28046,42534,Plecotus auritus,0.008,0.035,-1,Echolocation,/mnt/ubna_data_01_mir/recover-20220825/UBNA_002/20220823_033000.WAV,Telephone Field,recover-20220825,002,1795
992.2975,992.3081,41796,45778,Pipistrellus nathusii,0.233,0.256,-1,Echolocation,/mnt/ubna_data_01_mir/recover-20220825/UBNA_002/20220823_033000.WAV,Telephone Field,recover-20220825,002,1795
992.3255,992.3345,28046,40139,Eptesicus serotinus,0.01,0.025,-1,Echolocation,/mnt/ubna_data_01_mir/recover-20220825/UBNA_002/20220823_033000.WAV,Telephone Field,recover-20220825,002,1795
992.3275,992.3656,68437,82862,Rhinolophus ferrumequinum,0.021,0.021,-1,Echolocation,/mnt/ubna_data_01_mir/recover-20220825/UBNA_002/20220823_033000.WAV,Telephone Field,recover-20220825,002,1795
992.3275,992.334,34062,45416,Myotis daubentonii,0.007,0.021,-1,Echolocation,/mnt/ubna_data_01_mir/recover-20220825/UBNA_002/20220823_033000.WAV,Telephone Field,recover-20220825,002,1795
992.3385,992.3739,68437,81707,Rhinolophus ferrumequinum,0.025,0.025,-1,Echolocation,/mnt/ubna_data_01_mir/recover-20220825/UBNA_002/20220823_033000.WAV,Telephone Field,recover-20220825,002,1795
992.3955,992.4337,68437,81989,Rhinolophus ferrumequinum,0.021,0.021,-1,Echolocation,/mnt/ubna_data_01_mir/recover-20220825/UBNA_002/20220823_033000.WAV,Telephone Field,recover-20220825,002,1795
992.4205,992.4569,68437,82228,Rhinolophus ferrumequinum,0.021,0.021,-1,Echolocation,/mnt/ubna_data_01_mir/recover-20220825/UBNA_002/20220823_033000.WAV,Telephone Field,recover-20220825,002,1795
992.4275,992.4354,28046,36970,Eptesicus serotinus,0.008,0.023,-1,Echolocation,/mnt/ubna_data_01_mir/recover-20220825/UBNA_002/20220823_033000.WAV,Telephone Field,recover-20220825,002,1795
992.4485,992.4861,68437,82637,Rhinolophus ferrumequinum,0.023,0.023,-1,Echolocation,/mnt/ubna_data_01_mir/recover-20220825/UBNA_002/20220823_033000.WAV,Telephone Field,recover-20220825,002,1795
992.4705,992.5085,68437,82333,Rhinolophus ferrumequinum,0.021,0.021,-1,Echolocation,/mnt/ubna_data_01_mir/recover-20220825/UBNA_002/20220823_033000.WAV,Telephone Field,recover-20220825,002,1795
992.4845,992.5237,68437,82221,Rhinolophus ferrumequinum,0.022,0.022,-1,Echolocation,/mnt/ubna_data_01_mir/recover-20220825/UBNA_002/20220823_033000.WAV,Telephone Field,recover-20220825,002,1795
992.4895,992.4979,38359,48061,Pipistrellus nathusii,0.37,0.533,-1,Echolocation,/mnt/ubna_data_01_mir/recover-20220825/UBNA_002/20220823_033000.WAV,Telephone Field,recover-20220825,002,1795
992.5085,992.5186,28046,37040,Eptesicus serotinus,0.012,0.026,-1,Echolocation,/mnt/ubna_data_01_mir/recover-20220825/UBNA_002/20220823_033000.WAV,Telephone Field,recover-20220825,002,1795
992.5295,992.5685,68437,82425,Rhinolophus ferrumequinum,0.023,0.023,-1,Echolocation,/mnt/ubna_data_01_mir/recover-20220825/UBNA_002/20220823_033000.WAV,Telephone Field,recover-20220825,002,1795
992.5375,992.5727,68437,81369,Rhinolophus ferrumequinum,0.02,0.021,-1,Echolocation,/mnt/ubna_data_01_mir/recover-20220825/UBNA_002/20220823_033000.WAV,Telephone Field,recover-20220825,002,1795
992.6365,992.6733,68437,82491,Rhinolophus ferrumequinum,0.023,0.023,-1,Echolocation,/mnt/ubna_data_01_mir/recover-20220825/UBNA_002/20220823_033000.WAV,Telephone Field,recover-20220825,002,1795
992.6695,992.7093,68437,83100,Rhinolophus ferrumequinum,0.042,0.042,-1,Echolocation,/mnt/ubna_data_01_mir/recover-20220825/UBNA_002/20220823_033000.WAV,Telephone Field,recover-20220825,002,1795
992.6845,992.6925,37500,44770,Pipistrellus nathusii,0.107,0.297,-1,Echolocation,/mnt/ubna_data_01_mir/recover-20220825/UBNA_002/20220823_033000.WAV,Telephone Field,recover-20220825,002,1795
992.6895,992.7041,22890,28043,Nyctalus leisleri,0.024,0.044,-1,Echolocation,/mnt/ubna_data_01_mir/recover-20220825/UBNA_002/20220823_033000.WAV,Telephone Field,recover-20220825,002,1795
992.7085,992.7505,68437,82955,Rhinolophus ferrumequinum,0.026,0.026,-1,Echolocation,/mnt/ubna_data_01_mir/recover-20220825/UBNA_002/20220823_033000.WAV,Telephone Field,recover-20220825,002,1795
992.7285,992.7364,27187,40167,Eptesicus serotinus,0.007,0.022,-1,Echolocation,/mnt/ubna_data_01_mir/recover-20220825/UBNA_002/20220823_033000.WAV,Telephone Field,recover-20220825,002,1795
992.7375,992.7739,68437,82005,Rhinolophus ferrumequinum,0.021,0.022,-1,Echolocation,/mnt/ubna_data_01_mir/recover-20220825/UBNA_002/20220823_033000.WAV,Telephone Field,recover-20220825,002,1795
992.7855,992.7938,37500,46103,Myotis daubentonii,0.009,0.038,-1,Echolocation,/mnt/ubna_data_01_mir/recover-20220825/UBNA_002/20220823_033000.WAV,Telephone Field,recover-20220825,002,1795
992.7925,992.8305,68437,82655,Rhinolophus ferrumequinum,0.021,0.021,-1,Echolocation,/mnt/ubna_data_01_mir/recover-20220825/UBNA_002/20220823_033000.WAV,Telephone Field,recover-20220825,002,1795
992.8175,992.8246,27187,43548,Eptesicus serotinus,0.006,0.021,-1,Echolocation,/mnt/ubna_data_01_mir/recover-20220825/UBNA_002/20220823_033000.WAV,Telephone Field,recover-20220825,002,1795
992.8295,992.8673,68437,82343,Rhinolophus ferrumequinum,0.027,0.027,-1,Echolocation,/mnt/ubna_data_01_mir/recover-20220825/UBNA_002/20220823_033000.WAV,Telephone Field,recover-20220825,002,1795
992.8705,992.8776,39218,48480,Pipistrellus nathusii,0.16,0.312,-1,Echolocation,/mnt/ubna_data_01_mir/recover-20220825/UBNA_002/20220823_033000.WAV,Telephone Field,recover-20220825,002,1795
992.8705,992.9111,68437,82559,Rhinolophus ferrumequinum,0.022,0.022,-1,Echolocation,/mnt/ubna_data_01_mir/recover-20220825/UBNA_002/20220823_033000.WAV,Telephone Field,recover-20220825,002,1795
992.8995,992.9074,27187,39334,Eptesicus serotinus,0.008,0.025,-1,Echolocation,/mnt/ubna_data_01_mir/recover-20220825/UBNA_002/20220823_033000.WAV,Telephone Field,recover-20220825,002,1795
992.9425,992.9797,68437,81494,Rhinolophus ferrumequinum,0.022,0.022,-1,Echolocation,/mnt/ubna_data_01_mir/recover-20220825/UBNA_002/20220823_033000.WAV,Telephone Field,recover-20220825,002,1795
992.9495,992.9599,26328,33444,Eptesicus serotinus,0.015,0.028,-1,Echolocation,/mnt/ubna_data_01_mir/recover-20220825/UBNA_002/20220823_033000.WAV,Telephone Field,recover-20220825,002,1795
992.9835,993.0177,68437,81449,Rhinolophus ferrumequinum,0.023,0.023,-1,Echolocation,/mnt/ubna_data_01_mir/recover-20220825/UBNA_002/20220823_033000.WAV,Telephone Field,recover-20220825,002,1795
992.9845,992.9939,44375,46720,Pipistrellus pipistrellus,0.023,0.029,-1,Echolocation,/mnt/ubna_data_01_mir/recover-20220825/UBNA_002/20220823_033000.WAV,Telephone Field,recover-20220825,002,1795
992.9855,992.9938,37500,44593,Myotis daubentonii,0.008,0.028,-1,Echolocation,/mnt/ubna_data_01_mir/recover-20220825/UBNA_002/20220823_033000.WAV,Telephone Field,recover-20220825,002,1795
992.9875,992.9942,25468,38847,Eptesicus serotinus,0.005,0.022,-1,Echolocation,/mnt/ubna_data_01_mir/recover-20220825/UBNA_002/20220823_033000.WAV,Telephone Field,recover-20220825,002,1795
993.0335,993.0424,26328,35287,Eptesicus serotinus,0.011,0.029,-1,Echolocation,/mnt/ubna_data_01_mir/recover-20220825/UBNA_002/20220823_033000.WAV,Telephone Field,recover-20220825,002,1795
993.0425,993.0824,68437,82695,Rhinolophus ferrumequinum,0.021,0.021,-1,Echolocation,/mnt/ubna_data_01_mir/recover-20220825/UBNA_002/20220823_033000.WAV,Telephone Field,recover-20220825,002,1795
993.0725,993.1087,68437,81762,Rhinolophus ferrumequinum,0.022,0.022,-1,Echolocation,/mnt/ubna_data_01_mir/recover-20220825/UBNA_002/20220823_033000.WAV,Telephone Field,recover-20220825,002,1795
993.0735,993.0819,38359,44850,Pipistrellus nathusii,0.247,0.413,-1,Echolocation,/mnt/ubna_data_01_mir/recover-20220825/UBNA_002/20220823_033000.WAV,Telephone Field,recover-20220825,002,1795
993.0955,993.1025,26328,40161,Eptesicus serotinus,0.007,0.025,-1,Echolocation,/mnt/ubna_data_01_mir/recover-20220825/UBNA_002/20220823_033000.WAV,Telephone Field,recover-20220825,002,1795
993.1115,993.1479,68437,82010,Rhinolophus ferrumequinum,0.022,0.022,-1,Echolocation,/mnt/ubna_data_01_mir/recover-20220825/UBNA_002/20220823_033000.WAV,Telephone Field,recover-20220825,002,1795
993.1315,993.1679,68437,81551,Rhinolophus ferrumequinum,0.022,0.022,-1,Echolocation,/mnt/ubna_data_01_mir/recover-20220825/UBNA_002/20220823_033000.WAV,Telephone Field,recover-20220825,002,1795
993.1355,993.1449,29765,37759,Eptesicus serotinus,0.008,0.024,-1,Echolocation,/mnt/ubna_data_01_mir/recover-20220825/UBNA_002/20220823_033000.WAV,Telephone Field,recover-20220825,002,1795
993.1395,993.1524,15156,20597,Nyctalus noctula,0.015,0.025,-1,Echolocation,/mnt/ubna_data_01_mir/recover-20220825/UBNA_002/20220823_033000.WAV,Telephone Field,recover-20220825,002,1795
993.1665,993.1751,27187,39530,Eptesicus serotinus,0.008,0.022,-1,Echolocation,/mnt/ubna_data_01_mir/recover-20220825/UBNA_002/20220823_033000.WAV,Telephone Field,recover-20220825,002,1795
993.1755,993.2139,68437,82273,Rhinolophus ferrumequinum,0.022,0.022,-1,Echolocation,/mnt/ubna_data_01_mir/recover-20220825/UBNA_002/20220823_033000.WAV,Telephone Field,recover-20220825,002,1795
993.2235,993.2619,68437,82527,Rhinolophus ferrumequinum,0.022,0.022,-1,Echolocation,/mnt/ubna_data_01_mir/recover-20220825/UBNA_002/20220823_033000.WAV,Telephone Field,recover-20220825,002,1795
993.2685,993.308,68437,83092,Rhinolophus ferrumequinum,0.021,0.021,-1,Echolocation,/mnt/ubna_data_01_mir/recover-20220825/UBNA_002/20220823_033000.WAV,Telephone Field,recover-20220825,002,1795
993.3275,993.3663,68437,82725,Rhinolophus ferrumequinum,0.025,0.025,-1,Echolocation,/mnt/ubna_data_01_mir/recover-20220825/UBNA_002/20220823_033000.WAV,Telephone Field,recover-20220825,002,1795
993.3305,993.3464,22031,26222,Nyctalus leisleri,0.021,0.041,-1,Echolocation,/mnt/ubna_data_01_mir/recover-20220825/UBNA_002/20220823_033000.WAV,Telephone Field,recover-20220825,002,1795
993.3465,993.3839,68437,82180,Rhinolophus ferrumequinum,0.022,0.022,-1,Echolocation,/mnt/ubna_data_01_mir/recover-20220825/UBNA_002/20220823_033000.WAV,Telephone Field,recover-20220825,002,1795
993.4025,993.4402,68437,82145,Rhinolophus ferrumequinum,0.021,0.021,-1,Echolocation,/mnt/ubna_data_01_mir/recover-20220825/UBNA_002/20220823_033000.WAV,Telephone Field,recover-20220825,002,1795
993.4395,993.4837,68437,84028,Rhinolophus ferrumequinum,0.058,0.058,-1,Echolocation,/mnt/ubna_data_01_mir/recover-20220825/UBNA_002/20220823_033000.WAV,Telephone Field,recover-20220825,002,1795
993.4405,993.4515,22031,27218,Nyctalus leisleri,0.012,0.028,-1,Echolocation,/mnt/ubna_data_01_mir/recover-20220825/UBNA_002/20220823_033000.WAV,Telephone Field,recover-20220825,002,1795
993.4805,993.4873,28046,40456,Eptesicus serotinus,0.007,0.026,-1,Echolocation,/mnt/ubna_data_01_mir/recover-20220825/UBNA_002/20220823_033000.WAV,Telephone Field,recover-20220825,002,1795
993.4905,993.5257,68437,81442,Rhinolophus ferrumequinum,0.023,0.023,-1,Echolocation,/mnt/ubna_data_01_mir/recover-20220825/UBNA_002/20220823_033000.WAV,Telephone Field,recover-20220825,002,1795
993.4985,993.5066,28046,37724,Eptesicus serotinus,0.007,0.021,-1,Echolocation,/mnt/ubna_data_01_mir/recover-20220825/UBNA_002/20220823_033000.WAV,Telephone Field,recover-20220825,002,1795
993.5115,993.5194,28046,37858,Eptesicus serotinus,0.007,0.021,-1,Echolocation,/mnt/ubna_data_01_mir/recover-20220825/UBNA_002/20220823_033000.WAV,Telephone Field,recover-20220825,002,1795
993.5625,993.5999,68437,82525,Rhinolophus ferrumequinum,0.021,0.021,-1,Echolocation,/mnt/ubna_data_01_mir/recover-20220825/UBNA_002/20220823_033000.WAV,Telephone Field,recover-20220825,002,1795
993.5895,993.6298,68437,82651,Rhinolophus ferrumequinum,0.021,0.021,-1,Echolocation,/mnt/ubna_data_01_mir/recover-20220825/UBNA_002/20220823_033000.WAV,Telephone Field,recover-20220825,002,1795
993.5925,993.599,56406,62369,Pipistrellus pygmaeus,0.033,0.035,-1,Echolocation,/mnt/ubna_data_01_mir/recover-20220825/UBNA_002/20220823_033000.WAV,Telephone Field,recover-20220825,002,1795
993.6235,993.6641,68437,81964,Rhinolophus ferrumequinum,0.022,0.023,-1,Echolocation,/mnt/ubna_data_01_mir/recover-20220825/UBNA_002/20220823_033000.WAV,Telephone Field,recover-20220825,002,1795
993.6295,993.6697,68437,81981,Rhinolophus ferrumequinum,0.022,0.022,-1,Echolocation,/mnt/ubna_data_01_mir/recover-20220825/UBNA_002/20220823_033000.WAV,Telephone Field,recover-20220825,002,1795
993.6315,993.6403,47812,53800,Pipistrellus pipistrellus,0.023,0.025,-1,Echolocation,/mnt/ubna_data_01_mir/recover-20220825/UBNA_002/20220823_033000.WAV,Telephone Field,recover-20220825,002,1795
993.6755,993.7164,68437,82648,Rhinolophus ferrumequinum,0.025,0.025,-1,Echolocation,/mnt/ubna_data_01_mir/recover-20220825/UBNA_002/20220823_033000.WAV,Telephone Field,recover-20220825,002,1795
993.6865,993.694,23750,32029,Plecotus austriacus,0.009,0.023,-1,Echolocation,/mnt/ubna_data_01_mir/recover-20220825/UBNA_002/20220823_033000.WAV,Telephone Field,recover-20220825,002,1795
993.6975,993.7384,68437,82257,Rhinolophus ferrumequinum,0.026,0.027,-1,Echolocation,/mnt/ubna_data_01_mir/recover-20220825/UBNA_002/20220823_033000.WAV,Telephone Field,recover-20220825,002,1795
993.7435,993.7515,28046,39215,Eptesicus serotinus,0.007,0.021,-1,Echolocation,/mnt/ubna_data_01_mir/recover-20220825/UBNA_002/20220823_033000.WAV,Telephone Field,recover-20220825,002,1795
993.7855,993.8227,68437,81977,Rhinolophus ferrumequinum,0.022,0.022,-1,Echolocation,/mnt/ubna_data_01_mir/recover-20220825/UBNA_002/20220823_033000.WAV,Telephone Field,recover-20220825,002,1795
993.7875,993.7979,28046,35842,Eptesicus serotinus,0.02,0.036,-1,Echolocation,/mnt/ubna_data_01_mir/recover-20220825/UBNA_002/20220823_033000.WAV,Telephone Field,recover-20220825,002,1795
993.8075,993.844,68437,81926,Rhinolophus ferrumequinum,0.021,0.021,-1,Echolocation,/mnt/ubna_data_01_mir/recover-20220825/UBNA_002/20220823_033000.WAV,Telephone Field,recover-20220825,002,1795
993.8135,993.822,28046,37032,Eptesicus serotinus,0.008,0.021,-1,Echolocation,/mnt/ubna_data_01_mir/recover-20220825/UBNA_002/20220823_033000.WAV,Telephone Field,recover-20220825,002,1795
993.8765,993.9159,68437,82014,Rhinolophus ferrumequinum,0.021,0.021,-1,Echolocation,/mnt/ubna_data_01_mir/recover-20220825/UBNA_002/20220823_033000.WAV,Telephone Field,recover-20220825,002,1795
993.9435,993.9515,28046,37729,Eptesicus serotinus,0.007,0.021,-1,Echolocation,/mnt/ubna_data_01_mir/recover-20220825/UBNA_002/20220823_033000.WAV,Telephone Field,recover-20220825,002,1795
993.9515,993.9853,68437,80688,Rhinolophus ferrumequinum,0.023,0.023,-1,Echolocation,/mnt/ubna_data_01_mir/recover-20220825/UBNA_002/20220823_033000.WAV,Telephone Field,recover-20220825,002,1795
994.0015,994.0096,47812,54546,Pipistrellus pipistrellus,0.017,0.024,-1,Echolocation,/mnt/ubna_data_01_mir/recover-20220825/UBNA_002/20220823_033000.WAV,Telephone Field,recover-20220825,002,1795
994.0015,994.0101,26328,34481,Nyctalus leisleri,0.008,0.026,-1,Echolocation,/mnt/ubna_data_01_mir/recover-20220825/UBNA_002/20220823_033000.WAV,Telephone Field,recover-20220825,002,1795
994.0015,994.0302,68437,79459,Rhinolophus ferrumequinum,0.077,0.078,-1,Echolocation,/mnt/ubna_data_01_mir/recover-20220825/UBNA_002/20220823_033000.WAV,Telephone Field,recover-20220825,002,1795
994.0015,994.0114,30625,37222,Eptesicus serotinus,0.009,0.026,-1,Echolocation,/mnt/ubna_data_01_mir/recover-20220825/UBNA_002/20220823_033000.WAV,Telephone Field,recover-20220825,002,1795
994.0355,994.0726,68437,81547,Rhinolophus ferrumequinum,0.022,0.022,-1,Echolocation,/mnt/ubna_data_01_mir/recover-20220825/UBNA_002/20220823_033000.WAV,Telephone Field,recover-20220825,002,1795
994.0785,994.0915,22890,27259,Nyctalus leisleri,0.011,0.022,-1,Echolocation,/mnt/ubna_data_01_mir/recover-20220825/UBNA_002/20220823_033000.WAV,Telephone Field,recover-20220825,002,1795
994.0965,994.1041,28046,38723,Eptesicus serotinus,0.008,0.024,-1,Echolocation,/mnt/ubna_data_01_mir/recover-20220825/UBNA_002/20220823_033000.WAV,Telephone Field,recover-20220825,002,1795
994.1165,994.1311,22890,26405,Nyctalus leisleri,0.013,0.022,-1,Echolocation,/mnt/ubna_data_01_mir/recover-20220825/UBNA_002/20220823_033000.WAV,Telephone Field,recover-20220825,002,1795
994.2185,994.2268,28046,39251,Eptesicus serotinus,0.009,0.025,-1,Echolocation,/mnt/ubna_data_01_mir/recover-20220825/UBNA_002/20220823_033000.WAV,Telephone Field,recover-20220825,002,1795
994.2745,994.2951,22031,25613,Nyctalus leisleri,0.035,0.069,-1,Echolocation,/mnt/ubna_data_01_mir/recover-20220825/UBNA_002/20220823_033000.WAV,Telephone Field,recover-20220825,002,1795
994.2835,994.2887,37500,50389,Myotis daubentonii,0.011,0.021,-1,Echolocation,/mnt/ubna_data_01_mir/recover-20220825/UBNA_002/20220823_033000.WAV,Telephone Field,recover-20220825,002,1795
994.4305,994.4702,68437,82987,Rhinolophus ferrumequinum,0.024,0.024,-1,Echolocation,/mnt/ubna_data_01_mir/recover-20220825/UBNA_002/20220823_033000.WAV,Telephone Field,recover-20220825,002,1795
994.4405,994.4795,68437,82268,Rhinolophus ferrumequinum,0.022,0.022,-1,Echolocation,/mnt/ubna_data_01_mir/recover-20220825/UBNA_002/20220823_033000.WAV,Telephone Field,recover-20220825,002,1795
994.4775,994.4856,24609,33132,Eptesicus serotinus,0.007,0.02,-1,Echolocation,/mnt/ubna_data_01_mir/recover-20220825/UBNA_002/20220823_033000.WAV,Telephone Field,recover-20220825,002,1795
994.5115,994.5472,68437,82139,Rhinolophus ferrumequinum,0.021,0.021,-1,Echolocation,/mnt/ubna_data_01_mir/recover-20220825/UBNA_002/20220823_033000.WAV,Telephone Field,recover-20220825,002,1795
994.5675,994.6067,68437,81726,Rhinolophus ferrumequinum,0.022,0.022,-1,Echolocation,/mnt/ubna_data_01_mir/recover-20220825/UBNA_002/20220823_033000.WAV,Telephone Field,recover-20220825,002,1795
994.5745,994.5852,23750,29742,Nyctalus leisleri,0.009,0.023,-1,Echolocation,/mnt/ubna_data_01_mir/recover-20220825/UBNA_002/20220823_033000.WAV,Telephone Field,recover-20220825,002,1795
994.5995,994.6369,68437,82483,Rhinolophus ferrumequinum,0.025,0.026,-1,Echolocation,/mnt/ubna_data_01_mir/recover-20220825/UBNA_002/20220823_033000.WAV,Telephone Field,recover-20220825,002,1795
994.6065,994.6447000000001,68437,82294,Rhinolophus ferrumequinum,0.02,0.02,-1,Echolocation,/mnt/ubna_data_01_mir/recover-20220825/UBNA_002/20220823_033000.WAV,Telephone Field,recover-20220825,002,1795
994.6135,994.6532,68437,82307,Rhinolophus ferrumequinum,0.02,0.02,-1,Echolocation,/mnt/ubna_data_01_mir/recover-20220825/UBNA_002/20220823_033000.WAV,Telephone Field,recover-20220825,002,1795
994.6385,994.6525,22890,26305,Nyctalus leisleri,0.018,0.028,-1,Echolocation,/mnt/ubna_data_01_mir/recover-20220825/UBNA_002/20220823_033000.WAV,Telephone Field,recover-20220825,002,1795
994.6805,994.6886,30625,43686,Myotis daubentonii,0.01,0.028,-1,Echolocation,/mnt/ubna_data_01_mir/recover-20220825/UBNA_002/20220823_033000.WAV,Telephone Field,recover-20220825,002,1795
994.7035,994.7429,68437,82214,Rhinolophus ferrumequinum,0.021,0.021,-1,Echolocation,/mnt/ubna_data_01_mir/recover-20220825/UBNA_002/20220823_033000.WAV,Telephone Field,recover-20220825,002,1795
994.7115,994.7511,68437,82577,Rhinolophus ferrumequinum,0.021,0.021,-1,Echolocation,/mnt/ubna_data_01_mir/recover-20220825/UBNA_002/20220823_033000.WAV,Telephone Field,recover-20220825,002,1795
994.7735,994.7792,39218,47151,Myotis daubentonii,0.011,0.02,-1,Echolocation,/mnt/ubna_data_01_mir/recover-20220825/UBNA_002/20220823_033000.WAV,Telephone Field,recover-20220825,002,1795
994.7755,994.814,68437,82334,Rhinolophus ferrumequinum,0.02,0.02,-1,Echolocation,/mnt/ubna_data_01_mir/recover-20220825/UBNA_002/20220823_033000.WAV,Telephone Field,recover-20220825,002,1795
994.7965,994.8048,23750,31710,Plecotus austriacus,0.006,0.022,-1,Echolocation,/mnt/ubna_data_01_mir/recover-20220825/UBNA_002/20220823_033000.WAV,Telephone Field,recover-20220825,002,1795
994.8015,994.8427,68437,83405,Rhinolophus ferrumequinum,0.027,0.027,-1,Echolocation,/mnt/ubna_data_01_mir/recover-20220825/UBNA_002/20220823_033000.WAV,Telephone Field,recover-20220825,002,1795
994.8795,994.9177,68437,82082,Rhinolophus ferrumequinum,0.021,0.021,-1,Echolocation,/mnt/ubna_data_01_mir/recover-20220825/UBNA_002/20220823_033000.WAV,Telephone Field,recover-20220825,002,1795
994.8995,994.9064,28046,41253,Eptesicus serotinus,0.006,0.02,-1,Echolocation,/mnt/ubna_data_01_mir/recover-20220825/UBNA_002/20220823_033000.WAV,Telephone Field,recover-20220825,002,1795
994.9245,994.9615,68437,81346,Rhinolophus ferrumequinum,0.021,0.021,-1,Echolocation,/mnt/ubna_data_01_mir/recover-20220825/UBNA_002/20220823_033000.WAV,Telephone Field,recover-20220825,002,1795
994.9335,994.9673,68437,81028,Rhinolophus ferrumequinum,0.02,0.02,-1,Echolocation,/mnt/ubna_data_01_mir/recover-20220825/UBNA_002/20220823_033000.WAV,Telephone Field,recover-20220825,002,1795
994.9395,994.9502,26328,33645,Eptesicus serotinus,0.01,0.021,-1,Echolocation,/mnt/ubna_data_01_mir/recover-20220825/UBNA_002/20220823_033000.WAV,Telephone Field,recover-20220825,002,1795
994.9425,994.9752,68437,80940,Rhinolophus ferrumequinum,0.025,0.025,-1,Echolocation,/mnt/ubna_data_01_mir/recover-20220825/UBNA_002/20220823_033000.WAV,Telephone Field,recover-20220825,002,1795
994.9535,994.9616,28046,38894,Eptesicus serotinus,0.01,0.027,-1,Echolocation,/mnt/ubna_data_01_mir/recover-20220825/UBNA_002/20220823_033000.WAV,Telephone Field,recover-20220825,002,1795
995.0605,995.102,68437,82811,Rhinolophus ferrumequinum,0.024,0.024,-1,Echolocation,/mnt/ubna_data_01_mir/recover-20220825/UBNA_002/20220823_033000.WAV,Telephone Field,recover-20220825,002,1795
995.0685,995.0784,48671,52822,Pipistrellus pipistrellus,0.053,0.058,-1,Echolocation,/mnt/ubna_data_01_mir/recover-20220825/UBNA_002/20220823_033000.WAV,Telephone Field,recover-20220825,002,1795
995.1005,995.1361,68437,82197,Rhinolophus ferrumequinum,0.02,0.02,-1,Echolocation,/mnt/ubna_data_01_mir/recover-20220825/UBNA_002/20220823_033000.WAV,Telephone Field,recover-20220825,002,1795
995.1105,995.1474,68437,82318,Rhinolophus ferrumequinum,0.02,0.02,-1,Echolocation,/mnt/ubna_data_01_mir/recover-20220825/UBNA_002/20220823_033000.WAV,Telephone Field,recover-20220825,002,1795
995.1645,995.2029,68437,82208,Rhinolophus ferrumequinum,0.02,0.02,-1,Echolocation,/mnt/ubna_data_01_mir/recover-20220825/UBNA_002/20220823_033000.WAV,Telephone Field,recover-20220825,002,1795
995.1745,995.2113,68437,82371,Rhinolophus ferrumequinum,0.022,0.022,-1,Echolocation,/mnt/ubna_data_01_mir/recover-20220825/UBNA_002/20220823_033000.WAV,Telephone Field,recover-20220825,002,1795
995.1965,995.2145,20312,23394,Nyctalus leisleri,0.02,0.037,-1,Echolocation,/mnt/ubna_data_01_mir/recover-20220825/UBNA_002/20220823_033000.WAV,Telephone Field,recover-20220825,002,1795
995.2085,995.2429,68437,81468,Rhinolophus ferrumequinum,0.02,0.02,-1,Echolocation,/mnt/ubna_data_01_mir/recover-20220825/UBNA_002/20220823_033000.WAV,Telephone Field,recover-20220825,002,1795
995.2495,995.2902,68437,82371,Rhinolophus ferrumequinum,0.02,0.02,-1,Echolocation,/mnt/ubna_data_01_mir/recover-20220825/UBNA_002/20220823_033000.WAV,Telephone Field,recover-20220825,002,1795
995.2905,995.3295,68437,82772,Rhinolophus ferrumequinum,0.022,0.022,-1,Echolocation,/mnt/ubna_data_01_mir/recover-20220825/UBNA_002/20220823_033000.WAV,Telephone Field,recover-20220825,002,1795
995.3035,995.311,27187,37511,Eptesicus serotinus,0.006,0.02,-1,Echolocation,/mnt/ubna_data_01_mir/recover-20220825/UBNA_002/20220823_033000.WAV,Telephone Field,recover-20220825,002,1795
995.3225,995.3627,68437,82850,Rhinolophus ferrumequinum,0.021,0.021,-1,Echolocation,/mnt/ubna_data_01_mir/recover-20220825/UBNA_002/20220823_033000.WAV,Telephone Field,recover-20220825,002,1795
995.3675,995.3748,43515,47108,Pipistrellus pipistrellus,0.021,0.025,-1,Echolocation,/mnt/ubna_data_01_mir/recover-20220825/UBNA_002/20220823_033000.WAV,Telephone Field,recover-20220825,002,1795
995.3855,995.4264,68437,82900,Rhinolophus ferrumequinum,0.022,0.022,-1,Echolocation,/mnt/ubna_data_01_mir/recover-20220825/UBNA_002/20220823_033000.WAV,Telephone Field,recover-20220825,002,1795
995.3975,995.4044,27187,39329,Eptesicus serotinus,0.005,0.02,-1,Echolocation,/mnt/ubna_data_01_mir/recover-20220825/UBNA_002/20220823_033000.WAV,Telephone Field,recover-20220825,002,1795
995.4385,995.4726,68437,81108,Rhinolophus ferrumequinum,0.02,0.02,-1,Echolocation,/mnt/ubna_data_01_mir/recover-20220825/UBNA_002/20220823_033000.WAV,Telephone Field,recover-20220825,002,1795
995.4735,995.4834,22890,28965,Nyctalus leisleri,0.007,0.022,-1,Echolocation,/mnt/ubna_data_01_mir/recover-20220825/UBNA_002/20220823_033000.WAV,Telephone Field,recover-20220825,002,1795
995.4915,995.4989,27187,41945,Eptesicus serotinus,0.016,0.038,-1,Echolocation,/mnt/ubna_data_01_mir/recover-20220825/UBNA_002/20220823_033000.WAV,Telephone Field,recover-20220825,002,1795
995.4925,995.4982,34062,42134,Myotis daubentonii,0.011,0.026,-1,Echolocation,/mnt/ubna_data_01_mir/recover-20220825/UBNA_002/20220823_033000.WAV,Telephone Field,recover-20220825,002,1795
995.4995,995.5375,68437,82298,Rhinolophus ferrumequinum,0.02,0.02,-1,Echolocation,/mnt/ubna_data_01_mir/recover-20220825/UBNA_002/20220823_033000.WAV,Telephone Field,recover-20220825,002,1795
995.5355,995.5436,51250,57268,Pipistrellus pipistrellus,0.013,0.021,-1,Echolocation,/mnt/ubna_data_01_mir/recover-20220825/UBNA_002/20220823_033000.WAV,Telephone Field,recover-20220825,002,1795
995.5555,995.5959,68437,83306,Rhinolophus ferrumequinum,0.031,0.031,-1,Echolocation,/mnt/ubna_data_01_mir/recover-20220825/UBNA_002/20220823_033000.WAV,Telephone Field,recover-20220825,002,1795
995.6125,995.6204,28046,39899,Eptesicus serotinus,0.008,0.025,-1,Echolocation,/mnt/ubna_data_01_mir/recover-20220825/UBNA_002/20220823_033000.WAV,Telephone Field,recover-20220825,002,1795
995.6435,995.6861,68437,83145,Rhinolophus ferrumequinum,0.03,0.03,-1,Echolocation,/mnt/ubna_data_01_mir/recover-20220825/UBNA_002/20220823_033000.WAV,Telephone Field,recover-20220825,002,1795
995.7045,995.7149,27187,35462,Eptesicus serotinus,0.012,0.026,-1,Echolocation,/mnt/ubna_data_01_mir/recover-20220825/UBNA_002/20220823_033000.WAV,Telephone Field,recover-20220825,002,1795
995.7815,995.7903,28046,37362,Eptesicus serotinus,0.008,0.021,-1,Echolocation,/mnt/ubna_data_01_mir/recover-20220825/UBNA_002/20220823_033000.WAV,Telephone Field,recover-20220825,002,1795
995.8155,995.8507,68437,81557,Rhinolophus ferrumequinum,0.02,0.02,-1,Echolocation,/mnt/ubna_data_01_mir/recover-20220825/UBNA_002/20220823_033000.WAV,Telephone Field,recover-20220825,002,1795
995.8565,995.8653,25468,33816,Eptesicus serotinus,0.007,0.02,-1,Echolocation,/mnt/ubna_data_01_mir/recover-20220825/UBNA_002/20220823_033000.WAV,Telephone Field,recover-20220825,002,1795
995.8695,995.8775,28906,37850,Eptesicus serotinus,0.007,0.02,-1,Echolocation,/mnt/ubna_data_01_mir/recover-20220825/UBNA_002/20220823_033000.WAV,Telephone Field,recover-20220825,002,1795
995.9435,995.9846,68437,82844,Rhinolophus ferrumequinum,0.021,0.021,-1,Echolocation,/mnt/ubna_data_01_mir/recover-20220825/UBNA_002/20220823_033000.WAV,Telephone Field,recover-20220825,002,1795
995.9545,995.9626,36640,46056,Myotis daubentonii,0.008,0.025,-1,Echolocation,/mnt/ubna_data_01_mir/recover-20220825/UBNA_002/20220823_033000.WAV,Telephone Field,recover-20220825,002,1795
996.0015,996.0167,55546,61147,Pipistrellus pygmaeus,0.017,0.02,-1,Echolocation,/mnt/ubna_data_01_mir/recover-20220825/UBNA_002/20220823_033000.WAV,Telephone Field,recover-20220825,002,1795
996.0015,996.0101,25468,36897,Nyctalus leisleri,0.005,0.023,-1,Echolocation,/mnt/ubna_data_01_mir/recover-20220825/UBNA_002/20220823_033000.WAV,Telephone Field,recover-20220825,002,1795
996.0025,996.0451,68437,81821,Rhinolophus ferrumequinum,0.025,0.025,-1,Echolocation,/mnt/ubna_data_01_mir/recover-20220825/UBNA_002/20220823_033000.WAV,Telephone Field,recover-20220825,002,1795
996.0085,996.0525,68437,83078,Rhinolophus ferrumequinum,0.024,0.024,-1,Echolocation,/mnt/ubna_data_01_mir/recover-20220825/UBNA_002/20220823_033000.WAV,Telephone Field,recover-20220825,002,1795
996.0175,996.0576,68437,82793,Rhinolophus ferrumequinum,0.02,0.02,-1,Echolocation,/mnt/ubna_data_01_mir/recover-20220825/UBNA_002/20220823_033000.WAV,Telephone Field,recover-20220825,002,1795
996.1265,996.1683,68437,83523,Rhinolophus ferrumequinum,0.027,0.027,-1,Echolocation,/mnt/ubna_data_01_mir/recover-20220825/UBNA_002/20220823_033000.WAV,Telephone Field,recover-20220825,002,1795
996.1355,996.1423,27187,40932,Eptesicus serotinus,0.006,0.021,-1,Echolocation,/mnt/ubna_data_01_mir/recover-20220825/UBNA_002/20220823_033000.WAV,Telephone Field,recover-20220825,002,1795
996.1495,996.1581,25468,34655,Eptesicus serotinus,0.008,0.024,-1,Echolocation,/mnt/ubna_data_01_mir/recover-20220825/UBNA_002/20220823_033000.WAV,Telephone Field,recover-20220825,002,1795
996.1595,996.1683,28906,36944,Eptesicus serotinus,0.008,0.022,-1,Echolocation,/mnt/ubna_data_01_mir/recover-20220825/UBNA_002/20220823_033000.WAV,Telephone Field,recover-20220825,002,1795
996.1685,996.2038,68437,80917,Rhinolophus ferrumequinum,0.02,0.02,-1,Echolocation,/mnt/ubna_data_01_mir/recover-20220825/UBNA_002/20220823_033000.WAV,Telephone Field,recover-20220825,002,1795
996.1725,996.1821,22890,29327,Nyctalus leisleri,0.008,0.023,-1,Echolocation,/mnt/ubna_data_01_mir/recover-20220825/UBNA_002/20220823_033000.WAV,Telephone Field,recover-20220825,002,1795
996.1905,996.1983,47812,52716,Pipistrellus pipistrellus,0.02,0.021,-1,Echolocation,/mnt/ubna_data_01_mir/recover-20220825/UBNA_002/20220823_033000.WAV,Telephone Field,recover-20220825,002,1795
996.1915,996.231,68437,82466,Rhinolophus ferrumequinum,0.023,0.023,-1,Echolocation,/mnt/ubna_data_01_mir/recover-20220825/UBNA_002/20220823_033000.WAV,Telephone Field,recover-20220825,002,1795
996.1915,996.1986,26328,40597,Eptesicus serotinus,0.005,0.022,-1,Echolocation,/mnt/ubna_data_01_mir/recover-20220825/UBNA_002/20220823_033000.WAV,Telephone Field,recover-20220825,002,1795
996.1975,996.2354,68437,81821,Rhinolophus ferrumequinum,0.021,0.021,-1,Echolocation,/mnt/ubna_data_01_mir/recover-20220825/UBNA_002/20220823_033000.WAV,Telephone Field,recover-20220825,002,1795
996.2505,996.2893,68437,82181,Rhinolophus ferrumequinum,0.02,0.02,-1,Echolocation,/mnt/ubna_data_01_mir/recover-20220825/UBNA_002/20220823_033000.WAV,Telephone Field,recover-20220825,002,1795
996.2665,996.2744,28046,38804,Eptesicus serotinus,0.006,0.019,-1,Echolocation,/mnt/ubna_data_01_mir/recover-20220825/UBNA_002/20220823_033000.WAV,Telephone Field,recover-20220825,002,1795
996.2785,996.317,68437,82805,Rhinolophus ferrumequinum,0.022,0.022,-1,Echolocation,/mnt/ubna_data_01_mir/recover-20220825/UBNA_002/20220823_033000.WAV,Telephone Field,recover-20220825,002,1795
996.3115,996.3182,26328,35503,Eptesicus serotinus,0.006,0.021,-1,Echolocation,/mnt/ubna_data_01_mir/recover-20220825/UBNA_002/20220823_033000.WAV,Telephone Field,recover-20220825,002,1795
996.3175,996.3568,68437,83015,Rhinolophus ferrumequinum,0.021,0.021,-1,Echolocation,/mnt/ubna_data_01_mir/recover-20220825/UBNA_002/20220823_033000.WAV,Telephone Field,recover-20220825,002,1795
996.3435,996.353,30625,37871,Eptesicus serotinus,0.007,0.02,-1,Echolocation,/mnt/ubna_data_01_mir/recover-20220825/UBNA_002/20220823_033000.WAV,Telephone Field,recover-20220825,002,1795
996.3565,996.3953,68437,82615,Rhinolophus ferrumequinum,0.026,0.026,-1,Echolocation,/mnt/ubna_data_01_mir/recover-20220825/UBNA_002/20220823_033000.WAV,Telephone Field,recover-20220825,002,1795
996.3595,996.3711,23750,29615,Nyctalus leisleri,0.015,0.033,-1,Echolocation,/mnt/ubna_data_01_mir/recover-20220825/UBNA_002/20220823_033000.WAV,Telephone Field,recover-20220825,002,1795
996.4195,996.4261,33203,43581,Myotis daubentonii,0.007,0.02,-1,Echolocation,/mnt/ubna_data_01_mir/recover-20220825/UBNA_002/20220823_033000.WAV,Telephone Field,recover-20220825,002,1795
996.4225,996.4288,27187,38698,Eptesicus serotinus,0.005,0.023,-1,Echolocation,/mnt/ubna_data_01_mir/recover-20220825/UBNA_002/20220823_033000.WAV,Telephone Field,recover-20220825,002,1795
996.4635,996.471,28046,38621,Eptesicus serotinus,0.006,0.021,-1,Echolocation,/mnt/ubna_data_01_mir/recover-20220825/UBNA_002/20220823_033000.WAV,Telephone Field,recover-20220825,002,1795
996.4685,996.5051,68437,81624,Rhinolophus ferrumequinum,0.02,0.02,-1,Echolocation,/mnt/ubna_data_01_mir/recover-20220825/UBNA_002/20220823_033000.WAV,Telephone Field,recover-20220825,002,1795
996.5055,996.5431,68437,81804,Rhinolophus ferrumequinum,0.025,0.025,-1,Echolocation,/mnt/ubna_data_01_mir/recover-20220825/UBNA_002/20220823_033000.WAV,Telephone Field,recover-20220825,002,1795
996.5375,996.5773,68437,82638,Rhinolophus ferrumequinum,0.02,0.02,-1,Echolocation,/mnt/ubna_data_01_mir/recover-20220825/UBNA_002/20220823_033000.WAV,Telephone Field,recover-20220825,002,1795
996.5625,996.5981,68437,81370,Rhinolophus ferrumequinum,0.02,0.02,-1,Echolocation,/mnt/ubna_data_01_mir/recover-20220825/UBNA_002/20220823_033000.WAV,Telephone Field,recover-20220825,002,1795
996.5855,996.6281,68437,82647,Rhinolophus ferrumequinum,0.023,0.023,-1,Echolocation,/mnt/ubna_data_01_mir/recover-20220825/UBNA_002/20220823_033000.WAV,Telephone Field,recover-20220825,002,1795
996.5855,996.5933,26328,38466,Eptesicus serotinus,0.006,0.02,-1,Echolocation,/mnt/ubna_data_01_mir/recover-20220825/UBNA_002/20220823_033000.WAV,Telephone Field,recover-20220825,002,1795
996.5905,996.6296,68437,81934,Rhinolophus ferrumequinum,0.023,0.023,-1,Echolocation,/mnt/ubna_data_01_mir/recover-20220825/UBNA_002/20220823_033000.WAV,Telephone Field,recover-20220825,002,1795
996.6035,996.6119,27187,36040,Eptesicus serotinus,0.009,0.022,-1,Echolocation,/mnt/ubna_data_01_mir/recover-20220825/UBNA_002/20220823_033000.WAV,Telephone Field,recover-20220825,002,1795
996.6395,996.6772,68437,82005,Rhinolophus ferrumequinum,0.02,0.02,-1,Echolocation,/mnt/ubna_data_01_mir/recover-20220825/UBNA_002/20220823_033000.WAV,Telephone Field,recover-20220825,002,1795
996.6535,996.6644,23750,30172,Nyctalus leisleri,0.009,0.024,-1,Echolocation,/mnt/ubna_data_01_mir/recover-20220825/UBNA_002/20220823_033000.WAV,Telephone Field,recover-20220825,002,1795
996.6685,996.6769,27187,35953,Eptesicus serotinus,0.01,0.025,-1,Echolocation,/mnt/ubna_data_01_mir/recover-20220825/UBNA_002/20220823_033000.WAV,Telephone Field,recover-20220825,002,1795
996.7105,996.7498,68437,82217,Rhinolophus ferrumequinum,0.02,0.02,-1,Echolocation,/mnt/ubna_data_01_mir/recover-20220825/UBNA_002/20220823_033000.WAV,Telephone Field,recover-20220825,002,1795
996.7145,996.7275,27187,33648,Eptesicus serotinus,0.014,0.026,-1,Echolocation,/mnt/ubna_data_01_mir/recover-20220825/UBNA_002/20220823_033000.WAV,Telephone Field,recover-20220825,002,1795
996.7445,996.7805,68437,82023,Rhinolophus ferrumequinum,0.021,0.021,-1,Echolocation,/mnt/ubna_data_01_mir/recover-20220825/UBNA_002/20220823_033000.WAV,Telephone Field,recover-20220825,002,1795
996.7585,996.7987,68437,82707,Rhinolophus ferrumequinum,0.026,0.026,-1,Echolocation,/mnt/ubna_data_01_mir/recover-20220825/UBNA_002/20220823_033000.WAV,Telephone Field,recover-20220825,002,1795
996.7985,996.8065,28046,40710,Eptesicus serotinus,0.007,0.021,-1,Echolocation,/mnt/ubna_data_01_mir/recover-20220825/UBNA_002/20220823_033000.WAV,Telephone Field,recover-20220825,002,1795
996.8555,996.8935,68437,81847,Rhinolophus ferrumequinum,0.019,0.019,-1,Echolocation,/mnt/ubna_data_01_mir/recover-20220825/UBNA_002/20220823_033000.WAV,Telephone Field,recover-20220825,002,1795
996.9025,996.9399,68437,81794,Rhinolophus ferrumequinum,0.021,0.021,-1,Echolocation,/mnt/ubna_data_01_mir/recover-20220825/UBNA_002/20220823_033000.WAV,Telephone Field,recover-20220825,002,1795
996.9115,996.9484,68437,81775,Rhinolophus ferrumequinum,0.02,0.02,-1,Echolocation,/mnt/ubna_data_01_mir/recover-20220825/UBNA_002/20220823_033000.WAV,Telephone Field,recover-20220825,002,1795
996.9425,996.9809,68437,82272,Rhinolophus ferrumequinum,0.02,0.02,-1,Echolocation,/mnt/ubna_data_01_mir/recover-20220825/UBNA_002/20220823_033000.WAV,Telephone Field,recover-20220825,002,1795
996.9635,996.9992,68437,81708,Rhinolophus ferrumequinum,0.02,0.02,-1,Echolocation,/mnt/ubna_data_01_mir/recover-20220825/UBNA_002/20220823_033000.WAV,Telephone Field,recover-20220825,002,1795
996.9855,997.0015,22031,25610,Nyctalus leisleri,0.02,0.036,-1,Echolocation,/mnt/ubna_data_01_mir/recover-20220825/UBNA_002/20220823_033000.WAV,Telephone Field,recover-20220825,002,1795
996.9875,997.0262,68437,82173,Rhinolophus ferrumequinum,0.019,0.019,-1,Echolocation,/mnt/ubna_data_01_mir/recover-20220825/UBNA_002/20220823_033000.WAV,Telephone Field,recover-20220825,002,1795
997.0235,997.0625,68437,82710,Rhinolophus ferrumequinum,0.02,0.02,-1,Echolocation,/mnt/ubna_data_01_mir/recover-20220825/UBNA_002/20220823_033000.WAV,Telephone Field,recover-20220825,002,1795
997.0745,997.1141,68437,82046,Rhinolophus ferrumequinum,0.022,0.022,-1,Echolocation,/mnt/ubna_data_01_mir/recover-20220825/UBNA_002/20220823_033000.WAV,Telephone Field,recover-20220825,002,1795
997.1085,997.1164,22890,30056,Plecotus austriacus,0.008,0.02,-1,Echolocation,/mnt/ubna_data_01_mir/recover-20220825/UBNA_002/20220823_033000.WAV,Telephone Field,recover-20220825,002,1795
997.1185,997.1562,68437,82308,Rhinolophus ferrumequinum,0.021,0.021,-1,Echolocation,/mnt/ubna_data_01_mir/recover-20220825/UBNA_002/20220823_033000.WAV,Telephone Field,recover-20220825,002,1795
997.1415,997.1794,68437,81619,Rhinolophus ferrumequinum,0.021,0.021,-1,Echolocation,/mnt/ubna_data_01_mir/recover-20220825/UBNA_002/20220823_033000.WAV,Telephone Field,recover-20220825,002,1795
997.1535,997.1614,28906,39151,Eptesicus serotinus,0.007,0.023,-1,Echolocation,/mnt/ubna_data_01_mir/recover-20220825/UBNA_002/20220823_033000.WAV,Telephone Field,recover-20220825,002,1795
997.1745,997.2144,68437,82290,Rhinolophus ferrumequinum,0.023,0.023,-1,Echolocation,/mnt/ubna_data_01_mir/recover-20220825/UBNA_002/20220823_033000.WAV,Telephone Field,recover-20220825,002,1795
997.1855,997.2233,68437,81848,Rhinolophus ferrumequinum,0.025,0.025,-1,Echolocation,/mnt/ubna_data_01_mir/recover-20220825/UBNA_002/20220823_033000.WAV,Telephone Field,recover-20220825,002,1795
997.2055,997.2398,68437,82227,Rhinolophus ferrumequinum,0.025,0.025,-1,Echolocation,/mnt/ubna_data_01_mir/recover-20220825/UBNA_002/20220823_033000.WAV,Telephone Field,recover-20220825,002,1795
997.2285,997.263,68437,81512,Rhinolophus ferrumequinum,0.019,0.019,-1,Echolocation,/mnt/ubna_data_01_mir/recover-20220825/UBNA_002/20220823_033000.WAV,Telephone Field,recover-20220825,002,1795
997.2495,997.2852,68437,81879,Rhinolophus ferrumequinum,0.028,0.028,-1,Echolocation,/mnt/ubna_data_01_mir/recover-20220825/UBNA_002/20220823_033000.WAV,Telephone Field,recover-20220825,002,1795
997.2645,997.3029,68437,82132,Rhinolophus ferrumequinum,0.02,0.02,-1,Echolocation,/mnt/ubna_data_01_mir/recover-20220825/UBNA_002/20220823_033000.WAV,Telephone Field,recover-20220825,002,1795
997.2805,997.2891,22890,29967,Plecotus austriacus,0.009,0.021,-1,Echolocation,/mnt/ubna_data_01_mir/recover-20220825/UBNA_002/20220823_033000.WAV,Telephone Field,recover-20220825,002,1795
997.2995,997.3055,28046,40501,Eptesicus serotinus,0.005,0.024,-1,Echolocation,/mnt/ubna_data_01_mir/recover-20220825/UBNA_002/20220823_033000.WAV,Telephone Field,recover-20220825,002,1795
997.3205,997.3587,68437,82229,Rhinolophus ferrumequinum,0.022,0.022,-1,Echolocation,/mnt/ubna_data_01_mir/recover-20220825/UBNA_002/20220823_033000.WAV,Telephone Field,recover-20220825,002,1795
997.3305,997.338,28046,41217,Eptesicus serotinus,0.006,0.02,-1,Echolocation,/mnt/ubna_data_01_mir/recover-20220825/UBNA_002/20220823_033000.WAV,Telephone Field,recover-20220825,002,1795
997.3465,997.3874,68437,82547,Rhinolophus ferrumequinum,0.02,0.02,-1,Echolocation,/mnt/ubna_data_01_mir/recover-20220825/UBNA_002/20220823_033000.WAV,Telephone Field,recover-20220825,002,1795
997.3675,997.4075,68437,82372,Rhinolophus ferrumequinum,0.019,0.019,-1,Echolocation,/mnt/ubna_data_01_mir/recover-20220825/UBNA_002/20220823_033000.WAV,Telephone Field,recover-20220825,002,1795
997.3795,997.389,28906,38258,Eptesicus serotinus,0.009,0.022,-1,Echolocation,/mnt/ubna_data_01_mir/recover-20220825/UBNA_002/20220823_033000.WAV,Telephone Field,recover-20220825,002,1795
997.4075,997.4502,68437,82794,Rhinolophus ferrumequinum,0.021,0.021,-1,Echolocation,/mnt/ubna_data_01_mir/recover-20220825/UBNA_002/20220823_033000.WAV,Telephone Field,recover-20220825,002,1795
997.4185,997.4585,68437,82789,Rhinolophus ferrumequinum,0.024,0.024,-1,Echolocation,/mnt/ubna_data_01_mir/recover-20220825/UBNA_002/20220823_033000.WAV,Telephone Field,recover-20220825,002,1795
997.4275,997.4357,27187,39595,Eptesicus serotinus,0.006,0.019,-1,Echolocation,/mnt/ubna_data_01_mir/recover-20220825/UBNA_002/20220823_033000.WAV,Telephone Field,recover-20220825,002,1795
997.4285,997.4685,68437,83086,Rhinolophus ferrumequinum,0.024,0.024,-1,Echolocation,/mnt/ubna_data_01_mir/recover-20220825/UBNA_002/20220823_033000.WAV,Telephone Field,recover-20220825,002,1795
997.4505,997.4607,30625,38017,Eptesicus serotinus,0.01,0.023,-1,Echolocation,/mnt/ubna_data_01_mir/recover-20220825/UBNA_002/20220823_033000.WAV,Telephone Field,recover-20220825,002,1795
997.4545,997.4674,15156,22368,Nyctalus noctula,0.014,0.021,-1,Echolocation,/mnt/ubna_data_01_mir/recover-20220825/UBNA_002/20220823_033000.WAV,Telephone Field,recover-20220825,002,1795
997.4885,997.5281,68437,82177,Rhinolophus ferrumequinum,0.019,0.019,-1,Echolocation,/mnt/ubna_data_01_mir/recover-20220825/UBNA_002/20220823_033000.WAV,Telephone Field,recover-20220825,002,1795
997.5185,997.5587,68437,82889,Rhinolophus ferrumequinum,0.034,0.034,-1,Echolocation,/mnt/ubna_data_01_mir/recover-20220825/UBNA_002/20220823_033000.WAV,Telephone Field,recover-20220825,002,1795
997.5405,997.5837,68437,83549,Rhinolophus ferrumequinum,0.027,0.027,-1,Echolocation,/mnt/ubna_data_01_mir/recover-20220825/UBNA_002/20220823_033000.WAV,Telephone Field,recover-20220825,002,1795
997.5875,997.6221,68437,81303,Rhinolophus ferrumequinum,0.02,0.02,-1,Echolocation,/mnt/ubna_data_01_mir/recover-20220825/UBNA_002/20220823_033000.WAV,Telephone Field,recover-20220825,002,1795
997.6025,997.6109,28046,40655,Eptesicus serotinus,0.007,0.02,-1,Echolocation,/mnt/ubna_data_01_mir/recover-20220825/UBNA_002/20220823_033000.WAV,Telephone Field,recover-20220825,002,1795
997.6305,997.6696,68437,82727,Rhinolophus ferrumequinum,0.022,0.022,-1,Echolocation,/mnt/ubna_data_01_mir/recover-20220825/UBNA_002/20220823_033000.WAV,Telephone Field,recover-20220825,002,1795
997.6555,997.689,68437,81005,Rhinolophus ferrumequinum,0.021,0.021,-1,Echolocation,/mnt/ubna_data_01_mir/recover-20220825/UBNA_002/20220823_033000.WAV,Telephone Field,recover-20220825,002,1795
997.7095,997.7474,68437,82387,Rhinolophus ferrumequinum,0.02,0.02,-1,Echolocation,/mnt/ubna_data_01_mir/recover-20220825/UBNA_002/20220823_033000.WAV,Telephone Field,recover-20220825,002,1795
997.7295,997.768,68437,81984,Rhinolophus ferrumequinum,0.02,0.02,-1,Echolocation,/mnt/ubna_data_01_mir/recover-20220825/UBNA_002/20220823_033000.WAV,Telephone Field,recover-20220825,002,1795
997.7975,997.8391,68437,83291,Rhinolophus ferrumequinum,0.021,0.021,-1,Echolocation,/mnt/ubna_data_01_mir/recover-20220825/UBNA_002/20220823_033000.WAV,Telephone Field,recover-20220825,002,1795
997.8425,997.8795,68437,82132,Rhinolophus ferrumequinum,0.02,0.02,-1,Echolocation,/mnt/ubna_data_01_mir/recover-20220825/UBNA_002/20220823_033000.WAV,Telephone Field,recover-20220825,002,1795
997.8435,997.8499,28046,39444,Eptesicus serotinus,0.009,0.035,-1,Echolocation,/mnt/ubna_data_01_mir/recover-20220825/UBNA_002/20220823_033000.WAV,Telephone Field,recover-20220825,002,1795
997.8525,997.8913,68437,81856,Rhinolophus ferrumequinum,0.02,0.02,-1,Echolocation,/mnt/ubna_data_01_mir/recover-20220825/UBNA_002/20220823_033000.WAV,Telephone Field,recover-20220825,002,1795
997.8665,997.9003,68437,80727,Rhinolophus ferrumequinum,0.021,0.021,-1,Echolocation,/mnt/ubna_data_01_mir/recover-20220825/UBNA_002/20220823_033000.WAV,Telephone Field,recover-20220825,002,1795
997.9305,997.9691,68437,82232,Rhinolophus ferrumequinum,0.02,0.02,-1,Echolocation,/mnt/ubna_data_01_mir/recover-20220825/UBNA_002/20220823_033000.WAV,Telephone Field,recover-20220825,002,1795
997.9365,997.9747,68437,82238,Rhinolophus ferrumequinum,0.021,0.021,-1,Echolocation,/mnt/ubna_data_01_mir/recover-20220825/UBNA_002/20220823_033000.WAV,Telephone Field,recover-20220825,002,1795
997.9435,997.9812,68437,81930,Rhinolophus ferrumequinum,0.023,0.023,-1,Echolocation,/mnt/ubna_data_01_mir/recover-20220825/UBNA_002/20220823_033000.WAV,Telephone Field,recover-20220825,002,1795
997.9505,997.9882,68437,81586,Rhinolophus ferrumequinum,0.022,0.022,-1,Echolocation,/mnt/ubna_data_01_mir/recover-20220825/UBNA_002/20220823_033000.WAV,Telephone Field,recover-20220825,002,1795
997.9865,997.9944,28046,43547,Eptesicus serotinus,0.007,0.021,-1,Echolocation,/mnt/ubna_data_01_mir/recover-20220825/UBNA_002/20220823_033000.WAV,Telephone Field,recover-20220825,002,1795
998.0015,998.0305,69296,81228,Rhinolophus ferrumequinum,0.032,0.032,-1,Echolocation,/mnt/ubna_data_01_mir/recover-20220825/UBNA_002/20220823_033000.WAV,Telephone Field,recover-20220825,002,1795
998.0015,998.0104,22890,30609,Nyctalus leisleri,0.008,0.024,-1,Echolocation,/mnt/ubna_data_01_mir/recover-20220825/UBNA_002/20220823_033000.WAV,Telephone Field,recover-20220825,002,1795
998.0015,998.0085,45234,50844,Pipistrellus pipistrellus,0.016,0.023,-1,Echolocation,/mnt/ubna_data_01_mir/recover-20220825/UBNA_002/20220823_033000.WAV,Telephone Field,recover-20220825,002,1795
998.0145,998.0575,68437,83259,Rhinolophus ferrumequinum,0.024,0.025,-1,Echolocation,/mnt/ubna_data_01_mir/recover-20220825/UBNA_002/20220823_033000.WAV,Telephone Field,recover-20220825,002,1795
998.0225,998.0323,28046,34887,Eptesicus serotinus,0.013,0.029,-1,Echolocation,/mnt/ubna_data_01_mir/recover-20220825/UBNA_002/20220823_033000.WAV,Telephone Field,recover-20220825,002,1795
998.0225,998.0618,68437,82549,Rhinolophus ferrumequinum,0.026,0.026,-1,Echolocation,/mnt/ubna_data_01_mir/recover-20220825/UBNA_002/20220823_033000.WAV,Telephone Field,recover-20220825,002,1795
998.0465,998.0874,68437,83587,Rhinolophus ferrumequinum,0.026,0.026,-1,Echolocation,/mnt/ubna_data_01_mir/recover-20220825/UBNA_002/20220823_033000.WAV,Telephone Field,recover-20220825,002,1795
998.0685,998.0785,22031,28222,Nyctalus leisleri,0.007,0.022,-1,Echolocation,/mnt/ubna_data_01_mir/recover-20220825/UBNA_002/20220823_033000.WAV,Telephone Field,recover-20220825,002,1795
998.0785,998.1178,68437,82283,Rhinolophus ferrumequinum,0.021,0.021,-1,Echolocation,/mnt/ubna_data_01_mir/recover-20220825/UBNA_002/20220823_033000.WAV,Telephone Field,recover-20220825,002,1795
998.1255,998.1365,26328,32314,Eptesicus serotinus,0.012,0.027,-1,Echolocation,/mnt/ubna_data_01_mir/recover-20220825/UBNA_002/20220823_033000.WAV,Telephone Field,recover-20220825,002,1795
998.1385,998.1464,40078,44544,Pipistrellus nathusii,0.009,0.021,-1,Echolocation,/mnt/ubna_data_01_mir/recover-20220825/UBNA_002/20220823_033000.WAV,Telephone Field,recover-20220825,002,1795
998.1395,998.1829,68437,83067,Rhinolophus ferrumequinum,0.026,0.026,-1,Echolocation,/mnt/ubna_data_01_mir/recover-20220825/UBNA_002/20220823_033000.WAV,Telephone Field,recover-20220825,002,1795
998.1485,998.1541,34062,54997,Myotis brandtii,0.012,0.026,-1,Echolocation,/mnt/ubna_data_01_mir/recover-20220825/UBNA_002/20220823_033000.WAV,Telephone Field,recover-20220825,002,1795
998.1905,998.1996,28046,39997,Eptesicus serotinus,0.009,0.021,-1,Echolocation,/mnt/ubna_data_01_mir/recover-20220825/UBNA_002/20220823_033000.WAV,Telephone Field,recover-20220825,002,1795
998.1965,998.2061,28046,36692,Eptesicus serotinus,0.009,0.022,-1,Echolocation,/mnt/ubna_data_01_mir/recover-20220825/UBNA_002/20220823_033000.WAV,Telephone Field,recover-20220825,002,1795
998.2125,998.2509,68437,82580,Rhinolophus ferrumequinum,0.023,0.023,-1,Echolocation,/mnt/ubna_data_01_mir/recover-20220825/UBNA_002/20220823_033000.WAV,Telephone Field,recover-20220825,002,1795
998.2265,998.2649,68437,81908,Rhinolophus ferrumequinum,0.034,0.034,-1,Echolocation,/mnt/ubna_data_01_mir/recover-20220825/UBNA_002/20220823_033000.WAV,Telephone Field,recover-20220825,002,1795
998.2505,998.2599,47812,51203,Pipistrellus pipistrellus,0.028,0.033,-1,Echolocation,/mnt/ubna_data_01_mir/recover-20220825/UBNA_002/20220823_033000.WAV,Telephone Field,recover-20220825,002,1795
998.2695,998.3125,68437,83435,Rhinolophus ferrumequinum,0.034,0.034,-1,Echolocation,/mnt/ubna_data_01_mir/recover-20220825/UBNA_002/20220823_033000.WAV,Telephone Field,recover-20220825,002,1795
998.2825,998.2931,28906,35612,Eptesicus serotinus,0.01,0.027,-1,Echolocation,/mnt/ubna_data_01_mir/recover-20220825/UBNA_002/20220823_033000.WAV,Telephone Field,recover-20220825,002,1795
998.2955,998.3051,27187,38394,Eptesicus serotinus,0.01,0.023,-1,Echolocation,/mnt/ubna_data_01_mir/recover-20220825/UBNA_002/20220823_033000.WAV,Telephone Field,recover-20220825,002,1795
998.2955,998.3039,32343,41637,Barbastellus barbastellus,0.008,0.025,-1,Echolocation,/mnt/ubna_data_01_mir/recover-20220825/UBNA_002/20220823_033000.WAV,Telephone Field,recover-20220825,002,1795
998.3025,998.3116,28046,36826,Eptesicus serotinus,0.009,0.023,-1,Echolocation,/mnt/ubna_data_01_mir/recover-20220825/UBNA_002/20220823_033000.WAV,Telephone Field,recover-20220825,002,1795
998.3745,998.3815,37500,44516,Myotis daubentonii,0.007,0.024,-1,Echolocation,/mnt/ubna_data_01_mir/recover-20220825/UBNA_002/20220823_033000.WAV,Telephone Field,recover-20220825,002,1795
998.3935,998.4305,68437,81792,Rhinolophus ferrumequinum,0.021,0.021,-1,Echolocation,/mnt/ubna_data_01_mir/recover-20220825/UBNA_002/20220823_033000.WAV,Telephone Field,recover-20220825,002,1795
998.4055,998.4434,68437,81898,Rhinolophus ferrumequinum,0.021,0.021,-1,Echolocation,/mnt/ubna_data_01_mir/recover-20220825/UBNA_002/20220823_033000.WAV,Telephone Field,recover-20220825,002,1795
998.4215,998.4295,28046,38027,Eptesicus serotinus,0.007,0.022,-1,Echolocation,/mnt/ubna_data_01_mir/recover-20220825/UBNA_002/20220823_033000.WAV,Telephone Field,recover-20220825,002,1795
998.4445,998.4568,22890,28027,Nyctalus leisleri,0.012,0.024,-1,Echolocation,/mnt/ubna_data_01_mir/recover-20220825/UBNA_002/20220823_033000.WAV,Telephone Field,recover-20220825,002,1795
998.4525,998.4898,68437,82133,Rhinolophus ferrumequinum,0.022,0.022,-1,Echolocation,/mnt/ubna_data_01_mir/recover-20220825/UBNA_002/20220823_033000.WAV,Telephone Field,recover-20220825,002,1795
998.4525,998.4631,22890,27278,Nyctalus leisleri,0.013,0.024,-1,Echolocation,/mnt/ubna_data_01_mir/recover-20220825/UBNA_002/20220823_033000.WAV,Telephone Field,recover-20220825,002,1795
998.4675,998.4745,27187,37228,Eptesicus serotinus,0.007,0.021,-1,Echolocation,/mnt/ubna_data_01_mir/recover-20220825/UBNA_002/20220823_033000.WAV,Telephone Field,recover-20220825,002,1795
998.4715,998.5079,68437,81833,Rhinolophus ferrumequinum,0.022,0.022,-1,Echolocation,/mnt/ubna_data_01_mir/recover-20220825/UBNA_002/20220823_033000.WAV,Telephone Field,recover-20220825,002,1795
998.5115,998.522,22890,27641,Nyctalus leisleri,0.011,0.023,-1,Echolocation,/mnt/ubna_data_01_mir/recover-20220825/UBNA_002/20220823_033000.WAV,Telephone Field,recover-20220825,002,1795
998.5275,998.5337,26328,42441,Eptesicus serotinus,0.005,0.022,-1,Echolocation,/mnt/ubna_data_01_mir/recover-20220825/UBNA_002/20220823_033000.WAV,Telephone Field,recover-20220825,002,1795
998.5305,998.5378,38359,48633,Myotis brandtii,0.007,0.021,-1,Echolocation,/mnt/ubna_data_01_mir/recover-20220825/UBNA_002/20220823_033000.WAV,Telephone Field,recover-20220825,002,1795
998.5335,998.5717,68437,82303,Rhinolophus ferrumequinum,0.021,0.021,-1,Echolocation,/mnt/ubna_data_01_mir/recover-20220825/UBNA_002/20220823_033000.WAV,Telephone Field,recover-20220825,002,1795
998.5785,998.6163,68437,82373,Rhinolophus ferrumequinum,0.021,0.021,-1,Echolocation,/mnt/ubna_data_01_mir/recover-20220825/UBNA_002/20220823_033000.WAV,Telephone Field,recover-20220825,002,1795
998.5855,998.6223,68437,82242,Rhinolophus ferrumequinum,0.021,0.021,-1,Echolocation,/mnt/ubna_data_01_mir/recover-20220825/UBNA_002/20220823_033000.WAV,Telephone Field,recover-20220825,002,1795
998.5915,998.5989,27187,37541,Eptesicus serotinus,0.007,0.022,-1,Echolocation,/mnt/ubna_data_01_mir/recover-20220825/UBNA_002/20220823_033000.WAV,Telephone Field,recover-20220825,002,1795
998.6325,998.6704,68437,81976,Rhinolophus ferrumequinum,0.024,0.024,-1,Echolocation,/mnt/ubna_data_01_mir/recover-20220825/UBNA_002/20220823_033000.WAV,Telephone Field,recover-20220825,002,1795
998.6375,998.6442,27187,41745,Eptesicus serotinus,0.007,0.024,-1,Echolocation,/mnt/ubna_data_01_mir/recover-20220825/UBNA_002/20220823_033000.WAV,Telephone Field,recover-20220825,002,1795
998.6575,998.6661,27187,37779,Eptesicus serotinus,0.008,0.021,-1,Echolocation,/mnt/ubna_data_01_mir/recover-20220825/UBNA_002/20220823_033000.WAV,Telephone Field,recover-20220825,002,1795
998.6605,998.6677999999999,35781,42439,Barbastellus barbastellus,0.008,0.022,-1,Echolocation,/mnt/ubna_data_01_mir/recover-20220825/UBNA_002/20220823_033000.WAV,Telephone Field,recover-20220825,002,1795
998.6705,998.6776,28046,38662,Eptesicus serotinus,0.007,0.023,-1,Echolocation,/mnt/ubna_data_01_mir/recover-20220825/UBNA_002/20220823_033000.WAV,Telephone Field,recover-20220825,002,1795
998.6725,998.6824,22890,29267,Nyctalus leisleri,0.008,0.023,-1,Echolocation,/mnt/ubna_data_01_mir/recover-20220825/UBNA_002/20220823_033000.WAV,Telephone Field,recover-20220825,002,1795
998.6805,998.6905,22890,27898,Nyctalus leisleri,0.011,0.023,-1,Echolocation,/mnt/ubna_data_01_mir/recover-20220825/UBNA_002/20220823_033000.WAV,Telephone Field,recover-20220825,002,1795
998.7285,998.7675,68437,81971,Rhinolophus ferrumequinum,0.023,0.023,-1,Echolocation,/mnt/ubna_data_01_mir/recover-20220825/UBNA_002/20220823_033000.WAV,Telephone Field,recover-20220825,002,1795
998.7365,998.7743,68437,81976,Rhinolophus ferrumequinum,0.024,0.024,-1,Echolocation,/mnt/ubna_data_01_mir/recover-20220825/UBNA_002/20220823_033000.WAV,Telephone Field,recover-20220825,002,1795
998.7505,998.7897,68437,82138,Rhinolophus ferrumequinum,0.023,0.023,-1,Echolocation,/mnt/ubna_data_01_mir/recover-20220825/UBNA_002/20220823_033000.WAV,Telephone Field,recover-20220825,002,1795
998.7735,998.7799,48671,54937,Pipistrellus pipistrellus,0.021,0.024,-1,Echolocation,/mnt/ubna_data_01_mir/recover-20220825/UBNA_002/20220823_033000.WAV,Telephone Field,recover-20220825,002,1795
998.7845,998.7944,22890,28967,Nyctalus leisleri,0.008,0.023,-1,Echolocation,/mnt/ubna_data_01_mir/recover-20220825/UBNA_002/20220823_033000.WAV,Telephone Field,recover-20220825,002,1795
998.8375,998.8761,68437,82810,Rhinolophus ferrumequinum,0.025,0.025,-1,Echolocation,/mnt/ubna_data_01_mir/recover-20220825/UBNA_002/20220823_033000.WAV,Telephone Field,recover-20220825,002,1795
998.8645,998.8735,22031,27888,Plecotus austriacus,0.008,0.022,-1,Echolocation,/mnt/ubna_data_01_mir/recover-20220825/UBNA_002/20220823_033000.WAV,Telephone Field,recover-20220825,002,1795
998.8765,998.9136,68437,81954,Rhinolophus ferrumequinum,0.021,0.021,-1,Echolocation,/mnt/ubna_data_01_mir/recover-20220825/UBNA_002/20220823_033000.WAV,Telephone Field,recover-20220825,002,1795
998.8905,998.9249,68437,81193,Rhinolophus ferrumequinum,0.021,0.021,-1,Echolocation,/mnt/ubna_data_01_mir/recover-20220825/UBNA_002/20220823_033000.WAV,Telephone Field,recover-20220825,002,1795
998.8925,998.8998,39218,48746,Pipistrellus nathusii,0.014,0.041,-1,Echolocation,/mnt/ubna_data_01_mir/recover-20220825/UBNA_002/20220823_033000.WAV,Telephone Field,recover-20220825,002,1795
998.8975,998.9046,26328,40543,Eptesicus serotinus,0.006,0.022,-1,Echolocation,/mnt/ubna_data_01_mir/recover-20220825/UBNA_002/20220823_033000.WAV,Telephone Field,recover-20220825,002,1795
998.9445,998.9517,28046,40343,Eptesicus serotinus,0.007,0.024,-1,Echolocation,/mnt/ubna_data_01_mir/recover-20220825/UBNA_002/20220823_033000.WAV,Telephone Field,recover-20220825,002,1795
998.9485,998.9855,68437,82328,Rhinolophus ferrumequinum,0.024,0.024,-1,Echolocation,/mnt/ubna_data_01_mir/recover-20220825/UBNA_002/20220823_033000.WAV,Telephone Field,recover-20220825,002,1795
998.9565,998.9923,68437,81936,Rhinolophus ferrumequinum,0.021,0.022,-1,Echolocation,/mnt/ubna_data_01_mir/recover-20220825/UBNA_002/20220823_033000.WAV,Telephone Field,recover-20220825,002,1795
998.9815,999.0211,68437,82440,Rhinolophus ferrumequinum,0.026,0.026,-1,Echolocation,/mnt/ubna_data_01_mir/recover-20220825/UBNA_002/20220823_033000.WAV,Telephone Field,recover-20220825,002,1795
998.9905,999.0259,68437,81031,Rhinolophus ferrumequinum,0.021,0.021,-1,Echolocation,/mnt/ubna_data_01_mir/recover-20220825/UBNA_002/20220823_033000.WAV,Telephone Field,recover-20220825,002,1795
998.9995,999.0105,22890,27632,Nyctalus leisleri,0.011,0.021,-1,Echolocation,/mnt/ubna_data_01_mir/recover-20220825/UBNA_002/20220823_033000.WAV,Telephone Field,recover-20220825,002,1795
999.0285,999.0377,27187,34551,Eptesicus serotinus,0.008,0.022,-1,Echolocation,/mnt/ubna_data_01_mir/recover-20220825/UBNA_002/20220823_033000.WAV,Telephone Field,recover-20220825,002,1795
999.0285,999.0363,46093,48971,Pipistrellus pipistrellus,0.033,0.035,-1,Echolocation,/mnt/ubna_data_01_mir/recover-20220825/UBNA_002/20220823_033000.WAV,Telephone Field,recover-20220825,002,1795
999.0365,999.0778,68437,82564,Rhinolophus ferrumequinum,0.028,0.028,-1,Echolocation,/mnt/ubna_data_01_mir/recover-20220825/UBNA_002/20220823_033000.WAV,Telephone Field,recover-20220825,002,1795
999.0625,999.0712,27187,37461,Eptesicus serotinus,0.011,0.025,-1,Echolocation,/mnt/ubna_data_01_mir/recover-20220825/UBNA_002/20220823_033000.WAV,Telephone Field,recover-20220825,002,1795
999.0985,999.106,42656,54321,Myotis brandtii,0.006,0.022,-1,Echolocation,/mnt/ubna_data_01_mir/recover-20220825/UBNA_002/20220823_033000.WAV,Telephone Field,recover-20220825,002,1795
999.1055,999.1143,55546,60798,Pipistrellus pygmaeus,0.027,0.028,-1,Echolocation,/mnt/ubna_data_01_mir/recover-20220825/UBNA_002/20220823_033000.WAV,Telephone Field,recover-20220825,002,1795
999.1275,999.1354,28046,37119,Eptesicus serotinus,0.008,0.022,-1,Echolocation,/mnt/ubna_data_01_mir/recover-20220825/UBNA_002/20220823_033000.WAV,Telephone Field,recover-20220825,002,1795
999.1505,999.159,47812,51193,Pipistrellus pipistrellus,0.034,0.037,-1,Echolocation,/mnt/ubna_data_01_mir/recover-20220825/UBNA_002/20220823_033000.WAV,Telephone Field,recover-20220825,002,1795
999.1555,999.1935,68437,81887,Rhinolophus ferrumequinum,0.023,0.023,-1,Echolocation,/mnt/ubna_data_01_mir/recover-20220825/UBNA_002/20220823_033000.WAV,Telephone Field,recover-20220825,002,1795
999.1755,999.2171,68437,82060,Rhinolophus ferrumequinum,0.028,0.028,-1,Echolocation,/mnt/ubna_data_01_mir/recover-20220825/UBNA_002/20220823_033000.WAV,Telephone Field,recover-20220825,002,1795
999.1875,999.1949,27187,36996,Eptesicus serotinus,0.006,0.021,-1,Echolocation,/mnt/ubna_data_01_mir/recover-20220825/UBNA_002/20220823_033000.WAV,Telephone Field,recover-20220825,002,1795
999.2125,999.2184,36640,51486,Myotis brandtii,0.011,0.026,-1,Echolocation,/mnt/ubna_data_01_mir/recover-20220825/UBNA_002/20220823_033000.WAV,Telephone Field,recover-20220825,002,1795
999.2805,999.2882,27187,40391,Eptesicus serotinus,0.008,0.022,-1,Echolocation,/mnt/ubna_data_01_mir/recover-20220825/UBNA_002/20220823_033000.WAV,Telephone Field,recover-20220825,002,1795
999.3125,999.3503,68437,82506,Rhinolophus ferrumequinum,0.022,0.022,-1,Echolocation,/mnt/ubna_data_01_mir/recover-20220825/UBNA_002/20220823_033000.WAV,Telephone Field,recover-20220825,002,1795
999.4255,999.436,24609,31027,Nyctalus leisleri,0.008,0.023,-1,Echolocation,/mnt/ubna_data_01_mir/recover-20220825/UBNA_002/20220823_033000.WAV,Telephone Field,recover-20220825,002,1795
999.4335,999.4441,24609,30431,Nyctalus leisleri,0.009,0.023,-1,Echolocation,/mnt/ubna_data_01_mir/recover-20220825/UBNA_002/20220823_033000.WAV,Telephone Field,recover-20220825,002,1795
999.4365,999.4746,68437,82183,Rhinolophus ferrumequinum,0.021,0.021,-1,Echolocation,/mnt/ubna_data_01_mir/recover-20220825/UBNA_002/20220823_033000.WAV,Telephone Field,recover-20220825,002,1795
999.4525,999.4988,68437,83627,Rhinolophus ferrumequinum,0.05,0.05,-1,Echolocation,/mnt/ubna_data_01_mir/recover-20220825/UBNA_002/20220823_033000.WAV,Telephone Field,recover-20220825,002,1795
999.4815,999.5223,68437,82101,Rhinolophus ferrumequinum,0.022,0.022,-1,Echolocation,/mnt/ubna_data_01_mir/recover-20220825/UBNA_002/20220823_033000.WAV,Telephone Field,recover-20220825,002,1795
999.4895,999.4998,40078,45509,Pipistrellus nathusii,0.012,0.025,-1,Echolocation,/mnt/ubna_data_01_mir/recover-20220825/UBNA_002/20220823_033000.WAV,Telephone Field,recover-20220825,002,1795
999.5525,999.5598,27187,39724,Eptesicus serotinus,0.006,0.022,-1,Echolocation,/mnt/ubna_data_01_mir/recover-20220825/UBNA_002/20220823_033000.WAV,Telephone Field,recover-20220825,002,1795
999.5535,999.5659,22031,26393,Nyctalus leisleri,0.011,0.022,-1,Echolocation,/mnt/ubna_data_01_mir/recover-20220825/UBNA_002/20220823_033000.WAV,Telephone Field,recover-20220825,002,1795
999.6035,999.6118,27187,37164,Eptesicus serotinus,0.009,0.025,-1,Echolocation,/mnt/ubna_data_01_mir/recover-20220825/UBNA_002/20220823_033000.WAV,Telephone Field,recover-20220825,002,1795
999.6375,999.6443,28046,39675,Eptesicus serotinus,0.006,0.023,-1,Echolocation,/mnt/ubna_data_01_mir/recover-20220825/UBNA_002/20220823_033000.WAV,Telephone Field,recover-20220825,002,1795
999.6375,999.6469,22031,28589,Plecotus austriacus,0.009,0.023,-1,Echolocation,/mnt/ubna_data_01_mir/recover-20220825/UBNA_002/20220823_033000.WAV,Telephone Field,recover-20220825,002,1795
999.6625,999.7011,68437,81962,Rhinolophus ferrumequinum,0.023,0.023,-1,Echolocation,/mnt/ubna_data_01_mir/recover-20220825/UBNA_002/20220823_033000.WAV,Telephone Field,recover-20220825,002,1795
999.6635,999.6708,40078,49463,Pipistrellus nathusii,0.229,0.341,-1,Echolocation,/mnt/ubna_data_01_mir/recover-20220825/UBNA_002/20220823_033000.WAV,Telephone Field,recover-20220825,002,1795
999.7005,999.7348,68437,80810,Rhinolophus ferrumequinum,0.021,0.021,-1,Echolocation,/mnt/ubna_data_01_mir/recover-20220825/UBNA_002/20220823_033000.WAV,Telephone Field,recover-20220825,002,1795
999.7205,999.7376,21171,24298,Nyctalus leisleri,0.014,0.022,-1,Echolocation,/mnt/ubna_data_01_mir/recover-20220825/UBNA_002/20220823_033000.WAV,Telephone Field,recover-20220825,002,1795
999.7555,999.7649,39218,44781,Pipistrellus nathusii,0.278,0.313,-1,Echolocation,/mnt/ubna_data_01_mir/recover-20220825/UBNA_002/20220823_033000.WAV,Telephone Field,recover-20220825,002,1795
999.7695,999.775,37500,55834,Myotis brandtii,0.009,0.021,-1,Echolocation,/mnt/ubna_data_01_mir/recover-20220825/UBNA_002/20220823_033000.WAV,Telephone Field,recover-20220825,002,1795
999.7695,999.8094,68437,82600,Rhinolophus ferrumequinum,0.04,0.04,-1,Echolocation,/mnt/ubna_data_01_mir/recover-20220825/UBNA_002/20220823_033000.WAV,Telephone Field,recover-20220825,002,1795
999.7865,999.7953,28046,40504,Eptesicus serotinus,0.012,0.028,-1,Echolocation,/mnt/ubna_data_01_mir/recover-20220825/UBNA_002/20220823_033000.WAV,Telephone Field,recover-20220825,002,1795
999.8105,999.8533,68437,82984,Rhinolophus ferrumequinum,0.039,0.039,-1,Echolocation,/mnt/ubna_data_01_mir/recover-20220825/UBNA_002/20220823_033000.WAV,Telephone Field,recover-20220825,002,1795
999.8455,999.8538,40937,47507,Pipistrellus nathusii,0.283,0.429,-1,Echolocation,/mnt/ubna_data_01_mir/recover-20220825/UBNA_002/20220823_033000.WAV,Telephone Field,recover-20220825,002,1795
999.8635,999.9008,68437,82251,Rhinolophus ferrumequinum,0.023,0.023,-1,Echolocation,/mnt/ubna_data_01_mir/recover-20220825/UBNA_002/20220823_033000.WAV,Telephone Field,recover-20220825,002,1795
999.8645,999.8732,22890,29858,Plecotus austriacus,0.008,0.024,-1,Echolocation,/mnt/ubna_data_01_mir/recover-20220825/UBNA_002/20220823_033000.WAV,Telephone Field,recover-20220825,002,1795
999.8875,999.9291,68437,83344,Rhinolophus ferrumequinum,0.026,0.026,-1,Echolocation,/mnt/ubna_data_01_mir/recover-20220825/UBNA_002/20220823_033000.WAV,Telephone Field,recover-20220825,002,1795
999.9045,999.9449,68437,81966,Rhinolophus ferrumequinum,0.021,0.021,-1,Echolocation,/mnt/ubna_data_01_mir/recover-20220825/UBNA_002/20220823_033000.WAV,Telephone Field,recover-20220825,002,1795
999.9255,999.9594,68437,81801,Rhinolophus ferrumequinum,0.022,0.022,-1,Echolocation,/mnt/ubna_data_01_mir/recover-20220825/UBNA_002/20220823_033000.WAV,Telephone Field,recover-20220825,002,1795
999.9395,999.9481,40078,46318,Pipistrellus nathusii,0.383,0.493,-1,Echolocation,/mnt/ubna_data_01_mir/recover-20220825/UBNA_002/20220823_033000.WAV,Telephone Field,recover-20220825,002,1795
999.9435,999.9502,26328,39818,Eptesicus serotinus,0.006,0.022,-1,Echolocation,/mnt/ubna_data_01_mir/recover-20220825/UBNA_002/20220823_033000.WAV,Telephone Field,recover-20220825,002,1795
999.9465,999.9835,68437,81887,Rhinolophus ferrumequinum,0.023,0.023,-1,Echolocation,/mnt/ubna_data_01_mir/recover-20220825/UBNA_002/20220823_033000.WAV,Telephone Field,recover-20220825,002,1795
999.9805,999.9922,25468,32533,Eptesicus serotinus,0.012,0.029,-1,Echolocation,/mnt/ubna_data_01_mir/recover-20220825/UBNA_002/20220823_033000.WAV,Telephone Field,recover-20220825,002,1795
1000.0015,1000.0136,23750,30313,Nyctalus leisleri,0.017,0.042,-1,Echolocation,/mnt/ubna_data_01_mir/recover-20220825/UBNA_002/20220823_033000.WAV,Telephone Field,recover-20220825,002,1795
1000.0015,1000.0327,68437,79929,Rhinolophus ferrumequinum,0.067,0.067,-1,Echolocation,/mnt/ubna_data_01_mir/recover-20220825/UBNA_002/20220823_033000.WAV,Telephone Field,recover-20220825,002,1795
1000.0105,1000.0545,68437,82843,Rhinolophus ferrumequinum,0.026,0.026,-1,Echolocation,/mnt/ubna_data_01_mir/recover-20220825/UBNA_002/20220823_033000.WAV,Telephone Field,recover-20220825,002,1795
1000.0265,1000.0587,68437,81082,Rhinolophus ferrumequinum,0.023,0.023,-1,Echolocation,/mnt/ubna_data_01_mir/recover-20220825/UBNA_002/20220823_033000.WAV,Telephone Field,recover-20220825,002,1795
1000.0305,1000.0371,39218,50857,Pipistrellus nathusii,0.306,0.516,-1,Echolocation,/mnt/ubna_data_01_mir/recover-20220825/UBNA_002/20220823_033000.WAV,Telephone Field,recover-20220825,002,1795
1000.0515,1000.0593,24609,34783,Plecotus austriacus,0.009,0.031,-1,Echolocation,/mnt/ubna_data_01_mir/recover-20220825/UBNA_002/20220823_033000.WAV,Telephone Field,recover-20220825,002,1795
1000.0815,1000.0899,27187,39774,Eptesicus serotinus,0.009,0.024,-1,Echolocation,/mnt/ubna_data_01_mir/recover-20220825/UBNA_002/20220823_033000.WAV,Telephone Field,recover-20220825,002,1795
1000.0905,1000.1256,68437,81352,Rhinolophus ferrumequinum,0.023,0.024,-1,Echolocation,/mnt/ubna_data_01_mir/recover-20220825/UBNA_002/20220823_033000.WAV,Telephone Field,recover-20220825,002,1795
1000.1215,1000.1287,39218,52452,Pipistrellus nathusii,0.378,0.546,-1,Echolocation,/mnt/ubna_data_01_mir/recover-20220825/UBNA_002/20220823_033000.WAV,Telephone Field,recover-20220825,002,1795
1000.1535,1000.1923,68437,81713,Rhinolophus ferrumequinum,0.024,0.024,-1,Echolocation,/mnt/ubna_data_01_mir/recover-20220825/UBNA_002/20220823_033000.WAV,Telephone Field,recover-20220825,002,1795
1000.1635,1000.1716,27187,40559,Eptesicus serotinus,0.01,0.026,-1,Echolocation,/mnt/ubna_data_01_mir/recover-20220825/UBNA_002/20220823_033000.WAV,Telephone Field,recover-20220825,002,1795
1000.1965,1000.206,25468,33050,Eptesicus serotinus,0.011,0.025,-1,Echolocation,/mnt/ubna_data_01_mir/recover-20220825/UBNA_002/20220823_033000.WAV,Telephone Field,recover-20220825,002,1795
1000.2175,1000.2235,38359,50972,Pipistrellus nathusii,0.436,0.562,-1,Echolocation,/mnt/ubna_data_01_mir/recover-20220825/UBNA_002/20220823_033000.WAV,Telephone Field,recover-20220825,002,1795
1000.2255,1000.231,28906,39230,Myotis daubentonii,0.013,0.023,-1,Echolocation,/mnt/ubna_data_01_mir/recover-20220825/UBNA_002/20220823_033000.WAV,Telephone Field,recover-20220825,002,1795
1000.2795,1000.3223,68437,83417,Rhinolophus ferrumequinum,0.052,0.052,-1,Echolocation,/mnt/ubna_data_01_mir/recover-20220825/UBNA_002/20220823_033000.WAV,Telephone Field,recover-20220825,002,1795
1000.2895,1000.3039,15156,19447,Nyctalus noctula,0.036,0.06,-1,Echolocation,/mnt/ubna_data_01_mir/recover-20220825/UBNA_002/20220823_033000.WAV,Telephone Field,recover-20220825,002,1795
1000.2935,1000.2997,40078,50364,Pipistrellus nathusii,0.52,0.585,-1,Echolocation,/mnt/ubna_data_01_mir/recover-20220825/UBNA_002/20220823_033000.WAV,Telephone Field,recover-20220825,002,1795
1000.3185,1000.3495,68437,80318,Rhinolophus ferrumequinum,0.041,0.041,-1,Echolocation,/mnt/ubna_data_01_mir/recover-20220825/UBNA_002/20220823_033000.WAV,Telephone Field,recover-20220825,002,1795
1000.3465,1000.354,40078,46942,Pipistrellus nathusii,0.201,0.402,-1,Echolocation,/mnt/ubna_data_01_mir/recover-20220825/UBNA_002/20220823_033000.WAV,Telephone Field,recover-20220825,002,1795
1000.3485,1000.3545,28046,50152,Myotis daubentonii,0.029,0.055,-1,Echolocation,/mnt/ubna_data_01_mir/recover-20220825/UBNA_002/20220823_033000.WAV,Telephone Field,recover-20220825,002,1795
1000.3875,1000.395,28046,38510,Eptesicus serotinus,0.007,0.024,-1,Echolocation,/mnt/ubna_data_01_mir/recover-20220825/UBNA_002/20220823_033000.WAV,Telephone Field,recover-20220825,002,1795
1000.3935,1000.431,68437,82547,Rhinolophus ferrumequinum,0.023,0.023,-1,Echolocation,/mnt/ubna_data_01_mir/recover-20220825/UBNA_002/20220823_033000.WAV,Telephone Field,recover-20220825,002,1795
1000.4205,1000.4255,39218,50196,Myotis daubentonii,0.186,0.404,-1,Echolocation,/mnt/ubna_data_01_mir/recover-20220825/UBNA_002/20220823_033000.WAV,Telephone Field,recover-20220825,002,1795
1000.4285,1000.4417,15156,19610,Nyctalus noctula,0.017,0.03,-1,Echolocation,/mnt/ubna_data_01_mir/recover-20220825/UBNA_002/20220823_033000.WAV,Telephone Field,recover-20220825,002,1795
1000.4295,1000.4381,27187,34830,Eptesicus serotinus,0.007,0.025,-1,Echolocation,/mnt/ubna_data_01_mir/recover-20220825/UBNA_002/20220823_033000.WAV,Telephone Field,recover-20220825,002,1795
1000.4385,1000.4493,23750,29253,Nyctalus leisleri,0.01,0.024,-1,Echolocation,/mnt/ubna_data_01_mir/recover-20220825/UBNA_002/20220823_033000.WAV,Telephone Field,recover-20220825,002,1795
1000.4835,1000.4917,27187,38017,Eptesicus serotinus,0.008,0.024,-1,Echolocation,/mnt/ubna_data_01_mir/recover-20220825/UBNA_002/20220823_033000.WAV,Telephone Field,recover-20220825,002,1795
1000.5045,1000.5123,41796,53530,Pipistrellus nathusii,0.517,0.65,-1,Echolocation,/mnt/ubna_data_01_mir/recover-20220825/UBNA_002/20220823_033000.WAV,Telephone Field,recover-20220825,002,1795
1000.5135,1000.5217,26328,34348,Eptesicus serotinus,0.009,0.027,-1,Echolocation,/mnt/ubna_data_01_mir/recover-20220825/UBNA_002/20220823_033000.WAV,Telephone Field,recover-20220825,002,1795
1000.5185,1000.5573,68437,82511,Rhinolophus ferrumequinum,0.023,0.023,-1,Echolocation,/mnt/ubna_data_01_mir/recover-20220825/UBNA_002/20220823_033000.WAV,Telephone Field,recover-20220825,002,1795
1000.5525,1000.5666,19453,24789,Nyctalus noctula,0.032,0.062,-1,Echolocation,/mnt/ubna_data_01_mir/recover-20220825/UBNA_002/20220823_033000.WAV,Telephone Field,recover-20220825,002,1795
1000.5695,1000.5784,27187,36195,Eptesicus serotinus,0.009,0.024,-1,Echolocation,/mnt/ubna_data_01_mir/recover-20220825/UBNA_002/20220823_033000.WAV,Telephone Field,recover-20220825,002,1795
1000.5925,1000.6004,41796,48769,Pipistrellus nathusii,0.334,0.391,-1,Echolocation,/mnt/ubna_data_01_mir/recover-20220825/UBNA_002/20220823_033000.WAV,Telephone Field,recover-20220825,002,1795
1000.5995,1000.608,53828,61524,Pipistrellus pygmaeus,0.023,0.024,-1,Echolocation,/mnt/ubna_data_01_mir/recover-20220825/UBNA_002/20220823_033000.WAV,Telephone Field,recover-20220825,002,1795
1000.6315,1000.64,27187,39244,Eptesicus serotinus,0.009,0.024,-1,Echolocation,/mnt/ubna_data_01_mir/recover-20220825/UBNA_002/20220823_033000.WAV,Telephone Field,recover-20220825,002,1795
1000.6525,1000.6628,34062,39720,Barbastellus barbastellus,0.011,0.03,-1,Echolocation,/mnt/ubna_data_01_mir/recover-20220825/UBNA_002/20220823_033000.WAV,Telephone Field,recover-20220825,002,1795
1000.7575,1000.7706,14296,20273,Nyctalus noctula,0.015,0.024,-1,Echolocation,/mnt/ubna_data_01_mir/recover-20220825/UBNA_002/20220823_033000.WAV,Telephone Field,recover-20220825,002,1795
1000.7575,1000.7968,68437,82789,Rhinolophus ferrumequinum,0.026,0.026,-1,Echolocation,/mnt/ubna_data_01_mir/recover-20220825/UBNA_002/20220823_033000.WAV,Telephone Field,recover-20220825,002,1795
1000.7675,1000.7739,27187,39412,Eptesicus serotinus,0.006,0.024,-1,Echolocation,/mnt/ubna_data_01_mir/recover-20220825/UBNA_002/20220823_033000.WAV,Telephone Field,recover-20220825,002,1795
1000.7985,1000.8039,32343,58777,Myotis daubentonii,0.01,0.024,-1,Echolocation,/mnt/ubna_data_01_mir/recover-20220825/UBNA_002/20220823_033000.WAV,Telephone Field,recover-20220825,002,1795
1000.8025,1000.8378,68437,81514,Rhinolophus ferrumequinum,0.024,0.024,-1,Echolocation,/mnt/ubna_data_01_mir/recover-20220825/UBNA_002/20220823_033000.WAV,Telephone Field,recover-20220825,002,1795
1000.8305,1000.8382,40937,49517,Pipistrellus nathusii,0.015,0.029,-1,Echolocation,/mnt/ubna_data_01_mir/recover-20220825/UBNA_002/20220823_033000.WAV,Telephone Field,recover-20220825,002,1795
1000.8305,1000.8389,27187,38162,Eptesicus serotinus,0.011,0.029,-1,Echolocation,/mnt/ubna_data_01_mir/recover-20220825/UBNA_002/20220823_033000.WAV,Telephone Field,recover-20220825,002,1795
1000.9015,1000.9123,22890,27766,Nyctalus leisleri,0.012,0.023,-1,Echolocation,/mnt/ubna_data_01_mir/recover-20220825/UBNA_002/20220823_033000.WAV,Telephone Field,recover-20220825,002,1795
1000.9235,1000.933,28046,36377,Eptesicus serotinus,0.009,0.024,-1,Echolocation,/mnt/ubna_data_01_mir/recover-20220825/UBNA_002/20220823_033000.WAV,Telephone Field,recover-20220825,002,1795
1000.9945,1001.0033,26328,36519,Eptesicus serotinus,0.009,0.024,-1,Echolocation,/mnt/ubna_data_01_mir/recover-20220825/UBNA_002/20220823_033000.WAV,Telephone Field,recover-20220825,002,1795
1000.9945,1001.0323,68437,82221,Rhinolophus ferrumequinum,0.025,0.025,-1,Echolocation,/mnt/ubna_data_01_mir/recover-20220825/UBNA_002/20220823_033000.WAV,Telephone Field,recover-20220825,002,1795
1001.0045,1001.0133,28046,40331,Eptesicus serotinus,0.009,0.024,-1,Echolocation,/mnt/ubna_data_01_mir/recover-20220825/UBNA_002/20220823_033000.WAV,Telephone Field,recover-20220825,002,1795
1001.0505,1001.0577,51250,56576,Pipistrellus pipistrellus,0.024,0.03,-1,Echolocation,/mnt/ubna_data_01_mir/recover-20220825/UBNA_002/20220823_033000.WAV,Telephone Field,recover-20220825,002,1795
1001.0845,1001.092,27187,39332,Eptesicus serotinus,0.009,0.029,-1,Echolocation,/mnt/ubna_data_01_mir/recover-20220825/UBNA_002/20220823_033000.WAV,Telephone Field,recover-20220825,002,1795
1001.0935,1001.1027,27187,36001,Eptesicus serotinus,0.009,0.024,-1,Echolocation,/mnt/ubna_data_01_mir/recover-20220825/UBNA_002/20220823_033000.WAV,Telephone Field,recover-20220825,002,1795
1001.1135,1001.1216,28046,40084,Eptesicus serotinus,0.008,0.023,-1,Echolocation,/mnt/ubna_data_01_mir/recover-20220825/UBNA_002/20220823_033000.WAV,Telephone Field,recover-20220825,002,1795
1001.1365,1001.1756,68437,82335,Rhinolophus ferrumequinum,0.023,0.023,-1,Echolocation,/mnt/ubna_data_01_mir/recover-20220825/UBNA_002/20220823_033000.WAV,Telephone Field,recover-20220825,002,1795
1001.1685,1001.1744,30625,48056,Myotis daubentonii,0.02,0.035,-1,Echolocation,/mnt/ubna_data_01_mir/recover-20220825/UBNA_002/20220823_033000.WAV,Telephone Field,recover-20220825,002,1795
1001.1745,1001.2066,68437,80885,Rhinolophus ferrumequinum,0.025,0.026,-1,Echolocation,/mnt/ubna_data_01_mir/recover-20220825/UBNA_002/20220823_033000.WAV,Telephone Field,recover-20220825,002,1795
1001.2085,1001.2172,24609,31856,Nyctalus leisleri,0.008,0.027,-1,Echolocation,/mnt/ubna_data_01_mir/recover-20220825/UBNA_002/20220823_033000.WAV,Telephone Field,recover-20220825,002,1795
1001.2275,1001.2363,28046,36746,Eptesicus serotinus,0.009,0.024,-1,Echolocation,/mnt/ubna_data_01_mir/recover-20220825/UBNA_002/20220823_033000.WAV,Telephone Field,recover-20220825,002,1795
1001.2315,1001.2387,57265,62613,Pipistrellus pygmaeus,0.033,0.034,-1,Echolocation,/mnt/ubna_data_01_mir/recover-20220825/UBNA_002/20220823_033000.WAV,Telephone Field,recover-20220825,002,1795
1001.2515,1001.2584,24609,36799,Plecotus austriacus,0.008,0.031,-1,Echolocation,/mnt/ubna_data_01_mir/recover-20220825/UBNA_002/20220823_033000.WAV,Telephone Field,recover-20220825,002,1795
1001.2895,1001.3017,57265,62603,Pipistrellus pygmaeus,0.044,0.044,-1,Echolocation,/mnt/ubna_data_01_mir/recover-20220825/UBNA_002/20220823_033000.WAV,Telephone Field,recover-20220825,002,1795
1001.2995,1001.3165,15156,20732,Nyctalus noctula,0.021,0.028,-1,Echolocation,/mnt/ubna_data_01_mir/recover-20220825/UBNA_002/20220823_033000.WAV,Telephone Field,recover-20220825,002,1795
1001.3035,1001.3405,68437,82164,Rhinolophus ferrumequinum,0.023,0.023,-1,Echolocation,/mnt/ubna_data_01_mir/recover-20220825/UBNA_002/20220823_033000.WAV,Telephone Field,recover-20220825,002,1795
1001.3365,1001.3457,50390,55906,Pipistrellus pipistrellus,0.044,0.053,-1,Echolocation,/mnt/ubna_data_01_mir/recover-20220825/UBNA_002/20220823_033000.WAV,Telephone Field,recover-20220825,002,1795
1001.3525,1001.3625,24609,31262,Eptesicus serotinus,0.008,0.023,-1,Echolocation,/mnt/ubna_data_01_mir/recover-20220825/UBNA_002/20220823_033000.WAV,Telephone Field,recover-20220825,002,1795
1001.3705,1001.3768,49531,58987,Pipistrellus pipistrellus,0.027,0.033,-1,Echolocation,/mnt/ubna_data_01_mir/recover-20220825/UBNA_002/20220823_033000.WAV,Telephone Field,recover-20220825,002,1795
1001.3735,1001.3794,57265,63560,Pipistrellus pygmaeus,0.023,0.024,-1,Echolocation,/mnt/ubna_data_01_mir/recover-20220825/UBNA_002/20220823_033000.WAV,Telephone Field,recover-20220825,002,1795
1001.3865,1001.3931,48671,53465,Pipistrellus pipistrellus,0.026,0.029,-1,Echolocation,/mnt/ubna_data_01_mir/recover-20220825/UBNA_002/20220823_033000.WAV,Telephone Field,recover-20220825,002,1795
1001.3915,1001.4041,23750,28588,Nyctalus leisleri,0.013,0.026,-1,Echolocation,/mnt/ubna_data_01_mir/recover-20220825/UBNA_002/20220823_033000.WAV,Telephone Field,recover-20220825,002,1795
1001.4505,1001.4876,68437,82335,Rhinolophus ferrumequinum,0.024,0.024,-1,Echolocation,/mnt/ubna_data_01_mir/recover-20220825/UBNA_002/20220823_033000.WAV,Telephone Field,recover-20220825,002,1795
1001.4975,1001.5381,68437,82058,Rhinolophus ferrumequinum,0.024,0.024,-1,Echolocation,/mnt/ubna_data_01_mir/recover-20220825/UBNA_002/20220823_033000.WAV,Telephone Field,recover-20220825,002,1795
1001.5215,1001.5284,39218,49674,Pipistrellus nathusii,0.353,0.537,-1,Echolocation,/mnt/ubna_data_01_mir/recover-20220825/UBNA_002/20220823_033000.WAV,Telephone Field,recover-20220825,002,1795
1001.5215,1001.5339,16015,21146,Nyctalus noctula,0.011,0.024,-1,Echolocation,/mnt/ubna_data_01_mir/recover-20220825/UBNA_002/20220823_033000.WAV,Telephone Field,recover-20220825,002,1795
1001.5235,1001.529,28906,46679,Myotis daubentonii,0.027,0.046,-1,Echolocation,/mnt/ubna_data_01_mir/recover-20220825/UBNA_002/20220823_033000.WAV,Telephone Field,recover-20220825,002,1795
1001.5295,1001.5353,31484,41269,Myotis daubentonii,0.015,0.024,-1,Echolocation,/mnt/ubna_data_01_mir/recover-20220825/UBNA_002/20220823_033000.WAV,Telephone Field,recover-20220825,002,1795
1001.5725,1001.58,27187,36966,Eptesicus serotinus,0.007,0.025,-1,Echolocation,/mnt/ubna_data_01_mir/recover-20220825/UBNA_002/20220823_033000.WAV,Telephone Field,recover-20220825,002,1795
1001.5765,1001.5876,22890,27697,Nyctalus leisleri,0.014,0.026,-1,Echolocation,/mnt/ubna_data_01_mir/recover-20220825/UBNA_002/20220823_033000.WAV,Telephone Field,recover-20220825,002,1795
1001.5865,1001.6007,25468,29898,Nyctalus leisleri,0.02,0.045,-1,Echolocation,/mnt/ubna_data_01_mir/recover-20220825/UBNA_002/20220823_033000.WAV,Telephone Field,recover-20220825,002,1795
1001.6345,1001.6412,45234,55876,Pipistrellus pipistrellus,0.01,0.026,-1,Echolocation,/mnt/ubna_data_01_mir/recover-20220825/UBNA_002/20220823_033000.WAV,Telephone Field,recover-20220825,002,1795
1001.6385,1001.6443,37500,55556,Myotis daubentonii,0.01,0.027,-1,Echolocation,/mnt/ubna_data_01_mir/recover-20220825/UBNA_002/20220823_033000.WAV,Telephone Field,recover-20220825,002,1795
1001.6555,1001.6666,23750,29123,Nyctalus leisleri,0.011,0.023,-1,Echolocation,/mnt/ubna_data_01_mir/recover-20220825/UBNA_002/20220823_033000.WAV,Telephone Field,recover-20220825,002,1795
1001.6675,1001.7025,68437,81371,Rhinolophus ferrumequinum,0.025,0.025,-1,Echolocation,/mnt/ubna_data_01_mir/recover-20220825/UBNA_002/20220823_033000.WAV,Telephone Field,recover-20220825,002,1795
1001.6895,1001.6999,48671,56208,Pipistrellus pipistrellus,0.02,0.028,-1,Echolocation,/mnt/ubna_data_01_mir/recover-20220825/UBNA_002/20220823_033000.WAV,Telephone Field,recover-20220825,002,1795
1001.6895,1001.6946,38359,53383,Myotis daubentonii,0.025,0.067,-1,Echolocation,/mnt/ubna_data_01_mir/recover-20220825/UBNA_002/20220823_033000.WAV,Telephone Field,recover-20220825,002,1795
1001.7105,1001.7471,68437,81321,Rhinolophus ferrumequinum,0.026,0.026,-1,Echolocation,/mnt/ubna_data_01_mir/recover-20220825/UBNA_002/20220823_033000.WAV,Telephone Field,recover-20220825,002,1795
1001.7195,1001.7292,28046,37365,Eptesicus serotinus,0.009,0.023,-1,Echolocation,/mnt/ubna_data_01_mir/recover-20220825/UBNA_002/20220823_033000.WAV,Telephone Field,recover-20220825,002,1795
1001.7295,1001.7659,68437,81240,Rhinolophus ferrumequinum,0.023,0.023,-1,Echolocation,/mnt/ubna_data_01_mir/recover-20220825/UBNA_002/20220823_033000.WAV,Telephone Field,recover-20220825,002,1795
1001.7615,1001.7687,27187,38792,Eptesicus serotinus,0.009,0.029,-1,Echolocation,/mnt/ubna_data_01_mir/recover-20220825/UBNA_002/20220823_033000.WAV,Telephone Field,recover-20220825,002,1795
1001.8215,1001.8405,20312,23443,Nyctalus leisleri,0.014,0.025,-1,Echolocation,/mnt/ubna_data_01_mir/recover-20220825/UBNA_002/20220823_033000.WAV,Telephone Field,recover-20220825,002,1795
1001.8235,1001.8598,68437,81731,Rhinolophus ferrumequinum,0.023,0.023,-1,Echolocation,/mnt/ubna_data_01_mir/recover-20220825/UBNA_002/20220823_033000.WAV,Telephone Field,recover-20220825,002,1795
1001.8495,1001.8858,68437,81062,Rhinolophus ferrumequinum,0.026,0.026,-1,Echolocation,/mnt/ubna_data_01_mir/recover-20220825/UBNA_002/20220823_033000.WAV,Telephone Field,recover-20220825,002,1795
1001.9125,1001.9225,28046,36314,Eptesicus serotinus,0.013,0.03,-1,Echolocation,/mnt/ubna_data_01_mir/recover-20220825/UBNA_002/20220823_033000.WAV,Telephone Field,recover-20220825,002,1795
1001.9235,1001.9322,27187,38206,Eptesicus serotinus,0.008,0.023,-1,Echolocation,/mnt/ubna_data_01_mir/recover-20220825/UBNA_002/20220823_033000.WAV,Telephone Field,recover-20220825,002,1795
1001.9255,1001.9319,37500,59864,Myotis brandtii,0.011,0.024,-1,Echolocation,/mnt/ubna_data_01_mir/recover-20220825/UBNA_002/20220823_033000.WAV,Telephone Field,recover-20220825,002,1795
1001.9335,1001.9404,26328,39288,Eptesicus serotinus,0.006,0.023,-1,Echolocation,/mnt/ubna_data_01_mir/recover-20220825/UBNA_002/20220823_033000.WAV,Telephone Field,recover-20220825,002,1795
1001.9855,1001.9916,38359,49113,Pipistrellus nathusii,0.309,0.476,-1,Echolocation,/mnt/ubna_data_01_mir/recover-20220825/UBNA_002/20220823_033000.WAV,Telephone Field,recover-20220825,002,1795
1002.0015,1002.01,23750,31918,Nyctalus leisleri,0.01,0.032,-1,Echolocation,/mnt/ubna_data_01_mir/recover-20220825/UBNA_002/20220823_033000.WAV,Telephone Field,recover-20220825,002,1795
1002.0015,1002.0293,70156,83948,Rhinolophus ferrumequinum,0.04,0.04,-1,Echolocation,/mnt/ubna_data_01_mir/recover-20220825/UBNA_002/20220823_033000.WAV,Telephone Field,recover-20220825,002,1795
1002.0015,1002.01,34062,41976,Pipistrellus nathusii,0.013,0.031,-1,Echolocation,/mnt/ubna_data_01_mir/recover-20220825/UBNA_002/20220823_033000.WAV,Telephone Field,recover-20220825,002,1795
1002.0015,1002.0132,47812,55312,Pipistrellus pipistrellus,0.021,0.031,-1,Echolocation,/mnt/ubna_data_01_mir/recover-20220825/UBNA_002/20220823_033000.WAV,Telephone Field,recover-20220825,002,1795
1002.0305,1002.0449,27187,32671,Eptesicus serotinus,0.017,0.03,-1,Echolocation,/mnt/ubna_data_01_mir/recover-20220825/UBNA_002/20220823_033000.WAV,Telephone Field,recover-20220825,002,1795
1002.0325,1002.0703,68437,82000,Rhinolophus ferrumequinum,0.023,0.023,-1,Echolocation,/mnt/ubna_data_01_mir/recover-20220825/UBNA_002/20220823_033000.WAV,Telephone Field,recover-20220825,002,1795
1002.0435,1002.0524,38359,43190,Pipistrellus nathusii,0.026,0.05,-1,Echolocation,/mnt/ubna_data_01_mir/recover-20220825/UBNA_002/20220823_033000.WAV,Telephone Field,recover-20220825,002,1795
1002.0695,1002.0782,41796,52831,Pipistrellus nathusii,0.018,0.033,-1,Echolocation,/mnt/ubna_data_01_mir/recover-20220825/UBNA_002/20220823_033000.WAV,Telephone Field,recover-20220825,002,1795
1002.0815,1002.1233,68437,82799,Rhinolophus ferrumequinum,0.028,0.028,-1,Echolocation,/mnt/ubna_data_01_mir/recover-20220825/UBNA_002/20220823_033000.WAV,Telephone Field,recover-20220825,002,1795
1002.0925,1002.1042,53828,58294,Pipistrellus pygmaeus,0.022,0.023,-1,Echolocation,/mnt/ubna_data_01_mir/recover-20220825/UBNA_002/20220823_033000.WAV,Telephone Field,recover-20220825,002,1795
1002.1245,1002.1624,68437,82356,Rhinolophus ferrumequinum,0.021,0.021,-1,Echolocation,/mnt/ubna_data_01_mir/recover-20220825/UBNA_002/20220823_033000.WAV,Telephone Field,recover-20220825,002,1795
1002.1385,1002.1479,40937,47282,Pipistrellus nathusii,0.026,0.039,-1,Echolocation,/mnt/ubna_data_01_mir/recover-20220825/UBNA_002/20220823_033000.WAV,Telephone Field,recover-20220825,002,1795
1002.1875,1002.1951,27187,36287,Eptesicus serotinus,0.008,0.022,-1,Echolocation,/mnt/ubna_data_01_mir/recover-20220825/UBNA_002/20220823_033000.WAV,Telephone Field,recover-20220825,002,1795
1002.2005,1002.2339,68437,81756,Rhinolophus ferrumequinum,0.022,0.022,-1,Echolocation,/mnt/ubna_data_01_mir/recover-20220825/UBNA_002/20220823_033000.WAV,Telephone Field,recover-20220825,002,1795
1002.2255,1002.235,40078,45623,Pipistrellus nathusii,0.012,0.021,-1,Echolocation,/mnt/ubna_data_01_mir/recover-20220825/UBNA_002/20220823_033000.WAV,Telephone Field,recover-20220825,002,1795
1002.2745,1002.3127,68437,82044,Rhinolophus ferrumequinum,0.027,0.027,-1,Echolocation,/mnt/ubna_data_01_mir/recover-20220825/UBNA_002/20220823_033000.WAV,Telephone Field,recover-20220825,002,1795
1002.2825,1002.291,42656,46941,Pipistrellus nathusii,0.037,0.046,-1,Echolocation,/mnt/ubna_data_01_mir/recover-20220825/UBNA_002/20220823_033000.WAV,Telephone Field,recover-20220825,002,1795
1002.2965,1002.3081999999999,27187,33925,Eptesicus serotinus,0.017,0.029,-1,Echolocation,/mnt/ubna_data_01_mir/recover-20220825/UBNA_002/20220823_033000.WAV,Telephone Field,recover-20220825,002,1795
1002.3105,1002.3203,24609,31489,Eptesicus serotinus,0.008,0.023,-1,Echolocation,/mnt/ubna_data_01_mir/recover-20220825/UBNA_002/20220823_033000.WAV,Telephone Field,recover-20220825,002,1795
1002.3755,1002.3836,38359,45293,Pipistrellus nathusii,0.028,0.045,-1,Echolocation,/mnt/ubna_data_01_mir/recover-20220825/UBNA_002/20220823_033000.WAV,Telephone Field,recover-20220825,002,1795
1002.3935,1002.4311,68437,81955,Rhinolophus ferrumequinum,0.021,0.021,-1,Echolocation,/mnt/ubna_data_01_mir/recover-20220825/UBNA_002/20220823_033000.WAV,Telephone Field,recover-20220825,002,1795
1002.4145,1002.4226,38359,46546,Pipistrellus nathusii,0.011,0.027,-1,Echolocation,/mnt/ubna_data_01_mir/recover-20220825/UBNA_002/20220823_033000.WAV,Telephone Field,recover-20220825,002,1795
1002.4155,1002.4227,26328,40364,Eptesicus serotinus,0.007,0.023,-1,Echolocation,/mnt/ubna_data_01_mir/recover-20220825/UBNA_002/20220823_033000.WAV,Telephone Field,recover-20220825,002,1795
1002.4595,1002.4677,28046,39027,Eptesicus serotinus,0.009,0.025,-1,Echolocation,/mnt/ubna_data_01_mir/recover-20220825/UBNA_002/20220823_033000.WAV,Telephone Field,recover-20220825,002,1795
1002.4705,1002.5112,68437,82021,Rhinolophus ferrumequinum,0.024,0.024,-1,Echolocation,/mnt/ubna_data_01_mir/recover-20220825/UBNA_002/20220823_033000.WAV,Telephone Field,recover-20220825,002,1795
1002.5115,1002.5195,27187,37581,Eptesicus serotinus,0.008,0.024,-1,Echolocation,/mnt/ubna_data_01_mir/recover-20220825/UBNA_002/20220823_033000.WAV,Telephone Field,recover-20220825,002,1795
1002.5145,1002.5535,68437,82395,Rhinolophus ferrumequinum,0.03,0.03,-1,Echolocation,/mnt/ubna_data_01_mir/recover-20220825/UBNA_002/20220823_033000.WAV,Telephone Field,recover-20220825,002,1795
1002.5185,1002.527,37500,42778,Pipistrellus nathusii,0.049,0.068,-1,Echolocation,/mnt/ubna_data_01_mir/recover-20220825/UBNA_002/20220823_033000.WAV,Telephone Field,recover-20220825,002,1795
1002.5465,1002.5856,68437,82169,Rhinolophus ferrumequinum,0.023,0.023,-1,Echolocation,/mnt/ubna_data_01_mir/recover-20220825/UBNA_002/20220823_033000.WAV,Telephone Field,recover-20220825,002,1795
1002.5685,1002.575,40078,52395,Pipistrellus nathusii,0.449,0.582,-1,Echolocation,/mnt/ubna_data_01_mir/recover-20220825/UBNA_002/20220823_033000.WAV,Telephone Field,recover-20220825,002,1795
1002.6035,1002.648,68437,83706,Rhinolophus ferrumequinum,0.032,0.032,-1,Echolocation,/mnt/ubna_data_01_mir/recover-20220825/UBNA_002/20220823_033000.WAV,Telephone Field,recover-20220825,002,1795
1002.6605,1002.668,39218,45923,Pipistrellus nathusii,0.32,0.463,-1,Echolocation,/mnt/ubna_data_01_mir/recover-20220825/UBNA_002/20220823_033000.WAV,Telephone Field,recover-20220825,002,1795
1002.6955,1002.7352,68437,82162,Rhinolophus ferrumequinum,0.028,0.028,-1,Echolocation,/mnt/ubna_data_01_mir/recover-20220825/UBNA_002/20220823_033000.WAV,Telephone Field,recover-20220825,002,1795
1002.7115,1002.751,68437,82482,Rhinolophus ferrumequinum,0.022,0.022,-1,Echolocation,/mnt/ubna_data_01_mir/recover-20220825/UBNA_002/20220823_033000.WAV,Telephone Field,recover-20220825,002,1795
1002.7305,1002.7379,27187,39117,Eptesicus serotinus,0.007,0.023,-1,Echolocation,/mnt/ubna_data_01_mir/recover-20220825/UBNA_002/20220823_033000.WAV,Telephone Field,recover-20220825,002,1795
1002.7495,1002.7599,28046,32745,Eptesicus serotinus,0.021,0.042,-1,Echolocation,/mnt/ubna_data_01_mir/recover-20220825/UBNA_002/20220823_033000.WAV,Telephone Field,recover-20220825,002,1795
1002.7615,1002.769,40078,50303,Pipistrellus nathusii,0.323,0.508,-1,Echolocation,/mnt/ubna_data_01_mir/recover-20220825/UBNA_002/20220823_033000.WAV,Telephone Field,recover-20220825,002,1795
1002.7745,1002.782,27187,34999,Eptesicus serotinus,0.007,0.021,-1,Echolocation,/mnt/ubna_data_01_mir/recover-20220825/UBNA_002/20220823_033000.WAV,Telephone Field,recover-20220825,002,1795
1002.8025,1002.8134,23750,30001,Nyctalus leisleri,0.009,0.025,-1,Echolocation,/mnt/ubna_data_01_mir/recover-20220825/UBNA_002/20220823_033000.WAV,Telephone Field,recover-20220825,002,1795
1002.8395,1002.8794,68437,82856,Rhinolophus ferrumequinum,0.026,0.026,-1,Echolocation,/mnt/ubna_data_01_mir/recover-20220825/UBNA_002/20220823_033000.WAV,Telephone Field,recover-20220825,002,1795
1002.8505,1002.8574,40078,47524,Pipistrellus nathusii,0.323,0.444,-1,Echolocation,/mnt/ubna_data_01_mir/recover-20220825/UBNA_002/20220823_033000.WAV,Telephone Field,recover-20220825,002,1795
1002.8865,1002.8946,40078,47591,Pipistrellus nathusii,0.011,0.022,-1,Echolocation,/mnt/ubna_data_01_mir/recover-20220825/UBNA_002/20220823_033000.WAV,Telephone Field,recover-20220825,002,1795
1002.8955,1002.9339,68437,82440,Rhinolophus ferrumequinum,0.022,0.022,-1,Echolocation,/mnt/ubna_data_01_mir/recover-20220825/UBNA_002/20220823_033000.WAV,Telephone Field,recover-20220825,002,1795
1002.9215,1002.9284,27187,39061,Eptesicus serotinus,0.008,0.027,-1,Echolocation,/mnt/ubna_data_01_mir/recover-20220825/UBNA_002/20220823_033000.WAV,Telephone Field,recover-20220825,002,1795
1002.9315,1002.9698,68437,82816,Rhinolophus ferrumequinum,0.022,0.022,-1,Echolocation,/mnt/ubna_data_01_mir/recover-20220825/UBNA_002/20220823_033000.WAV,Telephone Field,recover-20220825,002,1795
1002.9325,1002.9415,25468,32291,Eptesicus serotinus,0.009,0.022,-1,Echolocation,/mnt/ubna_data_01_mir/recover-20220825/UBNA_002/20220823_033000.WAV,Telephone Field,recover-20220825,002,1795
1002.9485,1002.9563,40078,47792,Pipistrellus nathusii,0.312,0.456,-1,Echolocation,/mnt/ubna_data_01_mir/recover-20220825/UBNA_002/20220823_033000.WAV,Telephone Field,recover-20220825,002,1795
1003.0355,1003.0416,40078,50685,Pipistrellus nathusii,0.477,0.556,-1,Echolocation,/mnt/ubna_data_01_mir/recover-20220825/UBNA_002/20220823_033000.WAV,Telephone Field,recover-20220825,002,1795
1003.0725,1003.0805,27187,40159,Eptesicus serotinus,0.009,0.025,-1,Echolocation,/mnt/ubna_data_01_mir/recover-20220825/UBNA_002/20220823_033000.WAV,Telephone Field,recover-20220825,002,1795
1003.0745,1003.1104,68437,81775,Rhinolophus ferrumequinum,0.021,0.021,-1,Echolocation,/mnt/ubna_data_01_mir/recover-20220825/UBNA_002/20220823_033000.WAV,Telephone Field,recover-20220825,002,1795
1003.0795,1003.0863,40937,54737,Pipistrellus nathusii,0.011,0.028,-1,Echolocation,/mnt/ubna_data_01_mir/recover-20220825/UBNA_002/20220823_033000.WAV,Telephone Field,recover-20220825,002,1795
1003.0805,1003.0877,31484,45185,Barbastellus barbastellus,0.009,0.028,-1,Echolocation,/mnt/ubna_data_01_mir/recover-20220825/UBNA_002/20220823_033000.WAV,Telephone Field,recover-20220825,002,1795
1003.1145,1003.127,22890,27132,Nyctalus leisleri,0.011,0.023,-1,Echolocation,/mnt/ubna_data_01_mir/recover-20220825/UBNA_002/20220823_033000.WAV,Telephone Field,recover-20220825,002,1795
1003.1285,1003.1368,26328,37560,Eptesicus serotinus,0.008,0.023,-1,Echolocation,/mnt/ubna_data_01_mir/recover-20220825/UBNA_002/20220823_033000.WAV,Telephone Field,recover-20220825,002,1795
1003.1355,1003.1776,68437,82761,Rhinolophus ferrumequinum,0.022,0.022,-1,Echolocation,/mnt/ubna_data_01_mir/recover-20220825/UBNA_002/20220823_033000.WAV,Telephone Field,recover-20220825,002,1795
1003.1475,1003.156,27187,35717,Eptesicus serotinus,0.018,0.035,-1,Echolocation,/mnt/ubna_data_01_mir/recover-20220825/UBNA_002/20220823_033000.WAV,Telephone Field,recover-20220825,002,1795
1003.1655,1003.1753,27187,35628,Eptesicus serotinus,0.013,0.026,-1,Echolocation,/mnt/ubna_data_01_mir/recover-20220825/UBNA_002/20220823_033000.WAV,Telephone Field,recover-20220825,002,1795
1003.1665,1003.2064,68437,82126,Rhinolophus ferrumequinum,0.029,0.029,-1,Echolocation,/mnt/ubna_data_01_mir/recover-20220825/UBNA_002/20220823_033000.WAV,Telephone Field,recover-20220825,002,1795
1003.1685,1003.1772,32343,38263,Barbastellus barbastellus,0.014,0.029,-1,Echolocation,/mnt/ubna_data_01_mir/recover-20220825/UBNA_002/20220823_033000.WAV,Telephone Field,recover-20220825,002,1795
1003.1755,1003.1837,27187,35384,Eptesicus serotinus,0.01,0.027,-1,Echolocation,/mnt/ubna_data_01_mir/recover-20220825/UBNA_002/20220823_033000.WAV,Telephone Field,recover-20220825,002,1795
1003.2235,1003.2312,40937,46262,Pipistrellus nathusii,0.032,0.049,-1,Echolocation,/mnt/ubna_data_01_mir/recover-20220825/UBNA_002/20220823_033000.WAV,Telephone Field,recover-20220825,002,1795
1003.2535,1003.2943,68437,81913,Rhinolophus ferrumequinum,0.023,0.023,-1,Echolocation,/mnt/ubna_data_01_mir/recover-20220825/UBNA_002/20220823_033000.WAV,Telephone Field,recover-20220825,002,1795
1003.2735,1003.2825,28046,36621,Eptesicus serotinus,0.009,0.022,-1,Echolocation,/mnt/ubna_data_01_mir/recover-20220825/UBNA_002/20220823_033000.WAV,Telephone Field,recover-20220825,002,1795
1003.3195,1003.3261,49531,53267,Pipistrellus pipistrellus,0.014,0.024,-1,Echolocation,/mnt/ubna_data_01_mir/recover-20220825/UBNA_002/20220823_033000.WAV,Telephone Field,recover-20220825,002,1795
1003.3205,1003.3269,39218,52983,Pipistrellus nathusii,0.456,0.565,-1,Echolocation,/mnt/ubna_data_01_mir/recover-20220825/UBNA_002/20220823_033000.WAV,Telephone Field,recover-20220825,002,1795
1003.3295,1003.3351,32343,42480,Myotis daubentonii,0.01,0.021,-1,Echolocation,/mnt/ubna_data_01_mir/recover-20220825/UBNA_002/20220823_033000.WAV,Telephone Field,recover-20220825,002,1795
1003.3445,1003.3797,68437,81113,Rhinolophus ferrumequinum,0.023,0.023,-1,Echolocation,/mnt/ubna_data_01_mir/recover-20220825/UBNA_002/20220823_033000.WAV,Telephone Field,recover-20220825,002,1795
1003.3475,1003.36,46093,49338,Pipistrellus pipistrellus,0.017,0.023,-1,Echolocation,/mnt/ubna_data_01_mir/recover-20220825/UBNA_002/20220823_033000.WAV,Telephone Field,recover-20220825,002,1795
1003.4315,1003.4745,68437,83644,Rhinolophus ferrumequinum,0.032,0.032,-1,Echolocation,/mnt/ubna_data_01_mir/recover-20220825/UBNA_002/20220823_033000.WAV,Telephone Field,recover-20220825,002,1795
1003.4375,1003.4778,68437,83188,Rhinolophus ferrumequinum,0.029,0.029,-1,Echolocation,/mnt/ubna_data_01_mir/recover-20220825/UBNA_002/20220823_033000.WAV,Telephone Field,recover-20220825,002,1795
1003.4585,1003.4694,59843,69293,Pipistrellus pygmaeus,0.037,0.039,-1,Echolocation,/mnt/ubna_data_01_mir/recover-20220825/UBNA_002/20220823_033000.WAV,Telephone Field,recover-20220825,002,1795
1003.4835,1003.4969,23750,29289,Nyctalus leisleri,0.014,0.039,-1,Echolocation,/mnt/ubna_data_01_mir/recover-20220825/UBNA_002/20220823_033000.WAV,Telephone Field,recover-20220825,002,1795
1003.5065,1003.5177,35781,39885,Pipistrellus nathusii,0.031,0.051,-1,Echolocation,/mnt/ubna_data_01_mir/recover-20220825/UBNA_002/20220823_033000.WAV,Telephone Field,recover-20220825,002,1795
1003.6195,1003.6266,40078,48767,Pipistrellus nathusii,0.323,0.466,-1,Echolocation,/mnt/ubna_data_01_mir/recover-20220825/UBNA_002/20220823_033000.WAV,Telephone Field,recover-20220825,002,1795
1003.6245,1003.6313,50390,55444,Pipistrellus pipistrellus,0.011,0.021,-1,Echolocation,/mnt/ubna_data_01_mir/recover-20220825/UBNA_002/20220823_033000.WAV,Telephone Field,recover-20220825,002,1795
1003.6445,1003.6844,68437,82701,Rhinolophus ferrumequinum,0.023,0.023,-1,Echolocation,/mnt/ubna_data_01_mir/recover-20220825/UBNA_002/20220823_033000.WAV,Telephone Field,recover-20220825,002,1795
1003.7145,1003.7217,38359,50128,Pipistrellus nathusii,0.276,0.45,-1,Echolocation,/mnt/ubna_data_01_mir/recover-20220825/UBNA_002/20220823_033000.WAV,Telephone Field,recover-20220825,002,1795
1003.7345,1003.7476,22031,25773,Nyctalus leisleri,0.014,0.023,-1,Echolocation,/mnt/ubna_data_01_mir/recover-20220825/UBNA_002/20220823_033000.WAV,Telephone Field,recover-20220825,002,1795
1003.7725,1003.8095,68437,81859,Rhinolophus ferrumequinum,0.033,0.033,-1,Echolocation,/mnt/ubna_data_01_mir/recover-20220825/UBNA_002/20220823_033000.WAV,Telephone Field,recover-20220825,002,1795
1003.7775,1003.7849,28046,40164,Eptesicus serotinus,0.008,0.022,-1,Echolocation,/mnt/ubna_data_01_mir/recover-20220825/UBNA_002/20220823_033000.WAV,Telephone Field,recover-20220825,002,1795
1003.7875,1003.7955,55546,61356,Pipistrellus pygmaeus,0.022,0.023,-1,Echolocation,/mnt/ubna_data_01_mir/recover-20220825/UBNA_002/20220823_033000.WAV,Telephone Field,recover-20220825,002,1795
1003.8165,1003.8243,40078,47623,Pipistrellus nathusii,0.407,0.566,-1,Echolocation,/mnt/ubna_data_01_mir/recover-20220825/UBNA_002/20220823_033000.WAV,Telephone Field,recover-20220825,002,1795
1003.8235,1003.8308,53828,65138,Pipistrellus pygmaeus,0.02,0.024,-1,Echolocation,/mnt/ubna_data_01_mir/recover-20220825/UBNA_002/20220823_033000.WAV,Telephone Field,recover-20220825,002,1795
1003.8495,1003.8601,28046,35410,Eptesicus serotinus,0.011,0.024,-1,Echolocation,/mnt/ubna_data_01_mir/recover-20220825/UBNA_002/20220823_033000.WAV,Telephone Field,recover-20220825,002,1795
1003.8665,1003.9044,68437,81638,Rhinolophus ferrumequinum,0.022,0.022,-1,Echolocation,/mnt/ubna_data_01_mir/recover-20220825/UBNA_002/20220823_033000.WAV,Telephone Field,recover-20220825,002,1795
1003.9035,1003.9131,24609,31186,Eptesicus serotinus,0.008,0.023,-1,Echolocation,/mnt/ubna_data_01_mir/recover-20220825/UBNA_002/20220823_033000.WAV,Telephone Field,recover-20220825,002,1795
1003.9135,1003.9244,22890,27377,Nyctalus leisleri,0.011,0.022,-1,Echolocation,/mnt/ubna_data_01_mir/recover-20220825/UBNA_002/20220823_033000.WAV,Telephone Field,recover-20220825,002,1795
1003.9135,1003.9198,39218,49732,Pipistrellus nathusii,0.44,0.538,-1,Echolocation,/mnt/ubna_data_01_mir/recover-20220825/UBNA_002/20220823_033000.WAV,Telephone Field,recover-20220825,002,1795
1003.9395,1003.9499,24609,31514,Eptesicus serotinus,0.011,0.03,-1,Echolocation,/mnt/ubna_data_01_mir/recover-20220825/UBNA_002/20220823_033000.WAV,Telephone Field,recover-20220825,002,1795
1004.0015,1004.0131,47812,56060,Pipistrellus pipistrellus,0.018,0.031,-1,Echolocation,/mnt/ubna_data_01_mir/recover-20220825/UBNA_002/20220823_033000.WAV,Telephone Field,recover-20220825,002,1795
1004.0015,1004.0104,23750,35045,Nyctalus leisleri,0.008,0.03,-1,Echolocation,/mnt/ubna_data_01_mir/recover-20220825/UBNA_002/20220823_033000.WAV,Telephone Field,recover-20220825,002,1795
1004.0015,1004.0284,69296,82591,Rhinolophus ferrumequinum,0.028,0.029,-1,Echolocation,/mnt/ubna_data_01_mir/recover-20220825/UBNA_002/20220823_033000.WAV,Telephone Field,recover-20220825,002,1795
1004.0085,1004.0154,39218,57820,Pipistrellus nathusii,0.567,0.618,-1,Echolocation,/mnt/ubna_data_01_mir/recover-20220825/UBNA_002/20220823_033000.WAV,Telephone Field,recover-20220825,002,1795
1004.0095,1004.0154,48671,53571,Pipistrellus pipistrellus,0.014,0.029,-1,Echolocation,/mnt/ubna_data_01_mir/recover-20220825/UBNA_002/20220823_033000.WAV,Telephone Field,recover-20220825,002,1795
1004.0365,1004.0749,68437,82234,Rhinolophus ferrumequinum,0.024,0.024,-1,Echolocation,/mnt/ubna_data_01_mir/recover-20220825/UBNA_002/20220823_033000.WAV,Telephone Field,recover-20220825,002,1795
1004.0505,1004.0584,28906,36982,Eptesicus serotinus,0.008,0.022,-1,Echolocation,/mnt/ubna_data_01_mir/recover-20220825/UBNA_002/20220823_033000.WAV,Telephone Field,recover-20220825,002,1795
1004.0855,1004.1164,68437,79846,Rhinolophus ferrumequinum,0.022,0.022,-1,Echolocation,/mnt/ubna_data_01_mir/recover-20220825/UBNA_002/20220823_033000.WAV,Telephone Field,recover-20220825,002,1795
1004.0965,1004.1034,28046,38240,Eptesicus serotinus,0.007,0.024,-1,Echolocation,/mnt/ubna_data_01_mir/recover-20220825/UBNA_002/20220823_033000.WAV,Telephone Field,recover-20220825,002,1795
1004.1075,1004.1155,40078,53643,Pipistrellus nathusii,0.352,0.494,-1,Echolocation,/mnt/ubna_data_01_mir/recover-20220825/UBNA_002/20220823_033000.WAV,Telephone Field,recover-20220825,002,1795
1004.1185,1004.1258,28046,35086,Eptesicus serotinus,0.008,0.028,-1,Echolocation,/mnt/ubna_data_01_mir/recover-20220825/UBNA_002/20220823_033000.WAV,Telephone Field,recover-20220825,002,1795
1004.1365,1004.1724,68437,81977,Rhinolophus ferrumequinum,0.03,0.03,-1,Echolocation,/mnt/ubna_data_01_mir/recover-20220825/UBNA_002/20220823_033000.WAV,Telephone Field,recover-20220825,002,1795
1004.1605,1004.1701,41796,46549,Pipistrellus nathusii,0.027,0.044,-1,Echolocation,/mnt/ubna_data_01_mir/recover-20220825/UBNA_002/20220823_033000.WAV,Telephone Field,recover-20220825,002,1795
1004.2045,1004.211,40078,53425,Pipistrellus nathusii,0.602,0.64,-1,Echolocation,/mnt/ubna_data_01_mir/recover-20220825/UBNA_002/20220823_033000.WAV,Telephone Field,recover-20220825,002,1795
1004.2115,1004.2183,28046,37343,Eptesicus serotinus,0.006,0.024,-1,Echolocation,/mnt/ubna_data_01_mir/recover-20220825/UBNA_002/20220823_033000.WAV,Telephone Field,recover-20220825,002,1795
1004.2455,1004.279,68437,80809,Rhinolophus ferrumequinum,0.022,0.023,-1,Echolocation,/mnt/ubna_data_01_mir/recover-20220825/UBNA_002/20220823_033000.WAV,Telephone Field,recover-20220825,002,1795
1004.2605,1004.2694,40078,48317,Pipistrellus nathusii,0.168,0.19,-1,Echolocation,/mnt/ubna_data_01_mir/recover-20220825/UBNA_002/20220823_033000.WAV,Telephone Field,recover-20220825,002,1795
1004.2995,1004.3071,39218,55256,Pipistrellus nathusii,0.485,0.556,-1,Echolocation,/mnt/ubna_data_01_mir/recover-20220825/UBNA_002/20220823_033000.WAV,Telephone Field,recover-20220825,002,1795
1004.3285,1004.3385,38359,42339,Pipistrellus nathusii,0.025,0.035,-1,Echolocation,/mnt/ubna_data_01_mir/recover-20220825/UBNA_002/20220823_033000.WAV,Telephone Field,recover-20220825,002,1795
1004.3645,1004.3758,34062,38205,Pipistrellus nathusii,0.019,0.046,-1,Echolocation,/mnt/ubna_data_01_mir/recover-20220825/UBNA_002/20220823_033000.WAV,Telephone Field,recover-20220825,002,1795
1004.3905,1004.3978,40937,56566,Pipistrellus nathusii,0.622,0.645,-1,Echolocation,/mnt/ubna_data_01_mir/recover-20220825/UBNA_002/20220823_033000.WAV,Telephone Field,recover-20220825,002,1795
1004.4175,1004.4268,26328,34002,Eptesicus serotinus,0.01,0.024,-1,Echolocation,/mnt/ubna_data_01_mir/recover-20220825/UBNA_002/20220823_033000.WAV,Telephone Field,recover-20220825,002,1795
1004.4505,1004.46,47812,51463,Pipistrellus pipistrellus,0.023,0.03,-1,Echolocation,/mnt/ubna_data_01_mir/recover-20220825/UBNA_002/20220823_033000.WAV,Telephone Field,recover-20220825,002,1795
1004.4685,1004.4757,28046,35709,Eptesicus serotinus,0.007,0.022,-1,Echolocation,/mnt/ubna_data_01_mir/recover-20220825/UBNA_002/20220823_033000.WAV,Telephone Field,recover-20220825,002,1795
1004.4795,1004.4871,40078,54123,Pipistrellus nathusii,0.487,0.55,-1,Echolocation,/mnt/ubna_data_01_mir/recover-20220825/UBNA_002/20220823_033000.WAV,Telephone Field,recover-20220825,002,1795
1004.4875,1004.4928,32343,43191,Myotis daubentonii,0.009,0.022,-1,Echolocation,/mnt/ubna_data_01_mir/recover-20220825/UBNA_002/20220823_033000.WAV,Telephone Field,recover-20220825,002,1795
1004.4925,1004.529,68437,82342,Rhinolophus ferrumequinum,0.023,0.023,-1,Echolocation,/mnt/ubna_data_01_mir/recover-20220825/UBNA_002/20220823_033000.WAV,Telephone Field,recover-20220825,002,1795
1004.5305,1004.5394,40078,44712,Pipistrellus nathusii,0.017,0.028,-1,Echolocation,/mnt/ubna_data_01_mir/recover-20220825/UBNA_002/20220823_033000.WAV,Telephone Field,recover-20220825,002,1795
1004.5505,1004.5607,46953,50591,Pipistrellus pipistrellus,0.034,0.04,-1,Echolocation,/mnt/ubna_data_01_mir/recover-20220825/UBNA_002/20220823_033000.WAV,Telephone Field,recover-20220825,002,1795
1004.5555,1004.5629,28046,37853,Eptesicus serotinus,0.007,0.022,-1,Echolocation,/mnt/ubna_data_01_mir/recover-20220825/UBNA_002/20220823_033000.WAV,Telephone Field,recover-20220825,002,1795
1004.5795,1004.5862,40078,54833,Pipistrellus nathusii,0.55,0.581,-1,Echolocation,/mnt/ubna_data_01_mir/recover-20220825/UBNA_002/20220823_033000.WAV,Telephone Field,recover-20220825,002,1795
1004.6225,1004.6303,56406,62932,Pipistrellus pygmaeus,0.028,0.028,-1,Echolocation,/mnt/ubna_data_01_mir/recover-20220825/UBNA_002/20220823_033000.WAV,Telephone Field,recover-20220825,002,1795
1004.6585,1004.6671,47812,52526,Pipistrellus pipistrellus,0.029,0.033,-1,Echolocation,/mnt/ubna_data_01_mir/recover-20220825/UBNA_002/20220823_033000.WAV,Telephone Field,recover-20220825,002,1795
1004.6725,1004.68,28046,36126,Eptesicus serotinus,0.008,0.024,-1,Echolocation,/mnt/ubna_data_01_mir/recover-20220825/UBNA_002/20220823_033000.WAV,Telephone Field,recover-20220825,002,1795
1004.6795,1004.6907,25468,30123,Nyctalus leisleri,0.01,0.024,-1,Echolocation,/mnt/ubna_data_01_mir/recover-20220825/UBNA_002/20220823_033000.WAV,Telephone Field,recover-20220825,002,1795
1004.6905,1004.6976,40937,56654,Pipistrellus nathusii,0.55,0.605,-1,Echolocation,/mnt/ubna_data_01_mir/recover-20220825/UBNA_002/20220823_033000.WAV,Telephone Field,recover-20220825,002,1795
1004.6975,1004.7045,27187,37235,Eptesicus serotinus,0.005,0.023,-1,Echolocation,/mnt/ubna_data_01_mir/recover-20220825/UBNA_002/20220823_033000.WAV,Telephone Field,recover-20220825,002,1795
1004.7735,1004.7811,38359,51901,Pipistrellus nathusii,0.504,0.578,-1,Echolocation,/mnt/ubna_data_01_mir/recover-20220825/UBNA_002/20220823_033000.WAV,Telephone Field,recover-20220825,002,1795
1004.8105,1004.8172,47812,54355,Pipistrellus pipistrellus,0.02,0.024,-1,Echolocation,/mnt/ubna_data_01_mir/recover-20220825/UBNA_002/20220823_033000.WAV,Telephone Field,recover-20220825,002,1795
1004.8325,1004.8405,53828,58643,Pipistrellus pygmaeus,0.034,0.035,-1,Echolocation,/mnt/ubna_data_01_mir/recover-20220825/UBNA_002/20220823_033000.WAV,Telephone Field,recover-20220825,002,1795
1004.8345,1004.8431,44375,53432,Pipistrellus pipistrellus,0.013,0.028,-1,Echolocation,/mnt/ubna_data_01_mir/recover-20220825/UBNA_002/20220823_033000.WAV,Telephone Field,recover-20220825,002,1795
1004.8495,1004.8559,28046,39162,Eptesicus serotinus,0.008,0.031,-1,Echolocation,/mnt/ubna_data_01_mir/recover-20220825/UBNA_002/20220823_033000.WAV,Telephone Field,recover-20220825,002,1795
1004.8495,1004.8551,34062,44280,Barbastellus barbastellus,0.012,0.031,-1,Echolocation,/mnt/ubna_data_01_mir/recover-20220825/UBNA_002/20220823_033000.WAV,Telephone Field,recover-20220825,002,1795
1004.8585,1004.8946,68437,81972,Rhinolophus ferrumequinum,0.022,0.022,-1,Echolocation,/mnt/ubna_data_01_mir/recover-20220825/UBNA_002/20220823_033000.WAV,Telephone Field,recover-20220825,002,1795
1004.8715,1004.8767,29765,68089,Myotis brandtii,0.038,0.092,-1,Echolocation,/mnt/ubna_data_01_mir/recover-20220825/UBNA_002/20220823_033000.WAV,Telephone Field,recover-20220825,002,1795
1004.8715,1004.8792,39218,56993,Pipistrellus nathusii,0.421,0.543,-1,Echolocation,/mnt/ubna_data_01_mir/recover-20220825/UBNA_002/20220823_033000.WAV,Telephone Field,recover-20220825,002,1795
1004.8805,1004.8877,27187,35472,Nyctalus leisleri,0.005,0.022,-1,Echolocation,/mnt/ubna_data_01_mir/recover-20220825/UBNA_002/20220823_033000.WAV,Telephone Field,recover-20220825,002,1795
1004.8805,1004.8858,32343,44032,Myotis daubentonii,0.01,0.025,-1,Echolocation,/mnt/ubna_data_01_mir/recover-20220825/UBNA_002/20220823_033000.WAV,Telephone Field,recover-20220825,002,1795
1004.9265,1004.9355,28046,42090,Eptesicus serotinus,0.009,0.023,-1,Echolocation,/mnt/ubna_data_01_mir/recover-20220825/UBNA_002/20220823_033000.WAV,Telephone Field,recover-20220825,002,1795
1004.9565,1004.9644,48671,54265,Pipistrellus pipistrellus,0.02,0.031,-1,Echolocation,/mnt/ubna_data_01_mir/recover-20220825/UBNA_002/20220823_033000.WAV,Telephone Field,recover-20220825,002,1795
1004.9665,1004.9738,22890,36530,Myotis nattereri,0.008,0.024,-1,Echolocation,/mnt/ubna_data_01_mir/recover-20220825/UBNA_002/20220823_033000.WAV,Telephone Field,recover-20220825,002,1795
1004.9665,1004.9738,39218,52671,Pipistrellus nathusii,0.654,0.669,-1,Echolocation,/mnt/ubna_data_01_mir/recover-20220825/UBNA_002/20220823_033000.WAV,Telephone Field,recover-20220825,002,1795
1005.0045,1005.0131,22890,30624,Plecotus austriacus,0.016,0.042,-1,Echolocation,/mnt/ubna_data_01_mir/recover-20220825/UBNA_002/20220823_033000.WAV,Telephone Field,recover-20220825,002,1795
1005.0415,1005.0487,25468,36904,Plecotus austriacus,0.005,0.023,-1,Echolocation,/mnt/ubna_data_01_mir/recover-20220825/UBNA_002/20220823_033000.WAV,Telephone Field,recover-20220825,002,1795
1005.0635,1005.0704,49531,54315,Pipistrellus pipistrellus,0.013,0.022,-1,Echolocation,/mnt/ubna_data_01_mir/recover-20220825/UBNA_002/20220823_033000.WAV,Telephone Field,recover-20220825,002,1795
1005.0665,1005.0747,39218,54850,Pipistrellus nathusii,0.725,0.76,-1,Echolocation,/mnt/ubna_data_01_mir/recover-20220825/UBNA_002/20220823_033000.WAV,Telephone Field,recover-20220825,002,1795
1005.0725,1005.0777,31484,43228,Myotis daubentonii,0.011,0.024,-1,Echolocation,/mnt/ubna_data_01_mir/recover-20220825/UBNA_002/20220823_033000.WAV,Telephone Field,recover-20220825,002,1795
1005.0995,1005.1392,68437,82258,Rhinolophus ferrumequinum,0.022,0.022,-1,Echolocation,/mnt/ubna_data_01_mir/recover-20220825/UBNA_002/20220823_033000.WAV,Telephone Field,recover-20220825,002,1795
1005.1115,1005.1204,51250,55331,Pipistrellus pygmaeus,0.024,0.026,-1,Echolocation,/mnt/ubna_data_01_mir/recover-20220825/UBNA_002/20220823_033000.WAV,Telephone Field,recover-20220825,002,1795
1005.1125,1005.1203,23750,33148,Plecotus austriacus,0.012,0.027,-1,Echolocation,/mnt/ubna_data_01_mir/recover-20220825/UBNA_002/20220823_033000.WAV,Telephone Field,recover-20220825,002,1795
1005.1425,1005.1496,26328,39263,Eptesicus serotinus,0.006,0.024,-1,Echolocation,/mnt/ubna_data_01_mir/recover-20220825/UBNA_002/20220823_033000.WAV,Telephone Field,recover-20220825,002,1795
1005.1595,1005.1694,53828,58917,Pipistrellus pygmaeus,0.043,0.046,-1,Echolocation,/mnt/ubna_data_01_mir/recover-20220825/UBNA_002/20220823_033000.WAV,Telephone Field,recover-20220825,002,1795
1005.1615,1005.1706,39218,54891,Pipistrellus nathusii,0.632,0.696,-1,Echolocation,/mnt/ubna_data_01_mir/recover-20220825/UBNA_002/20220823_033000.WAV,Telephone Field,recover-20220825,002,1795
1005.1685,1005.1739,31484,42709,Myotis daubentonii,0.011,0.023,-1,Echolocation,/mnt/ubna_data_01_mir/recover-20220825/UBNA_002/20220823_033000.WAV,Telephone Field,recover-20220825,002,1795
1005.2035,1005.212,33203,43415,Pipistrellus nathusii,0.013,0.029,-1,Echolocation,/mnt/ubna_data_01_mir/recover-20220825/UBNA_002/20220823_033000.WAV,Telephone Field,recover-20220825,002,1795
1005.2045,1005.2108,46093,53176,Pipistrellus pipistrellus,0.018,0.023,-1,Echolocation,/mnt/ubna_data_01_mir/recover-20220825/UBNA_002/20220823_033000.WAV,Telephone Field,recover-20220825,002,1795
1005.2295,1005.2352,34062,44717,Barbastellus barbastellus,0.01,0.03,-1,Echolocation,/mnt/ubna_data_01_mir/recover-20220825/UBNA_002/20220823_033000.WAV,Telephone Field,recover-20220825,002,1795
1005.2315,1005.2389,28906,41657,Eptesicus serotinus,0.01,0.031,-1,Echolocation,/mnt/ubna_data_01_mir/recover-20220825/UBNA_002/20220823_033000.WAV,Telephone Field,recover-20220825,002,1795
1005.2425,1005.2505,28046,36534,Eptesicus serotinus,0.008,0.024,-1,Echolocation,/mnt/ubna_data_01_mir/recover-20220825/UBNA_002/20220823_033000.WAV,Telephone Field,recover-20220825,002,1795
1005.2425,1005.2483,49531,56160,Pipistrellus pipistrellus,0.017,0.022,-1,Echolocation,/mnt/ubna_data_01_mir/recover-20220825/UBNA_002/20220823_033000.WAV,Telephone Field,recover-20220825,002,1795
1005.2435,1005.2532,40937,49900,Pipistrellus nathusii,0.035,0.048,-1,Echolocation,/mnt/ubna_data_01_mir/recover-20220825/UBNA_002/20220823_033000.WAV,Telephone Field,recover-20220825,002,1795
1005.2605,1005.2656,29765,56958,Myotis bechsteinii,0.008,0.036,-1,Echolocation,/mnt/ubna_data_01_mir/recover-20220825/UBNA_002/20220823_033000.WAV,Telephone Field,recover-20220825,002,1795
1005.2615,1005.2684,52109,56801,Pipistrellus pygmaeus,0.015,0.028,-1,Echolocation,/mnt/ubna_data_01_mir/recover-20220825/UBNA_002/20220823_033000.WAV,Telephone Field,recover-20220825,002,1795
1005.2615,1005.2698,38359,55511,Pipistrellus nathusii,0.612,0.668,-1,Echolocation,/mnt/ubna_data_01_mir/recover-20220825/UBNA_002/20220823_033000.WAV,Telephone Field,recover-20220825,002,1795
1005.2855,1005.2931,28906,38107,Eptesicus serotinus,0.008,0.024,-1,Echolocation,/mnt/ubna_data_01_mir/recover-20220825/UBNA_002/20220823_033000.WAV,Telephone Field,recover-20220825,002,1795
1005.3005,1005.3073,46953,53709,Pipistrellus pipistrellus,0.019,0.022,-1,Echolocation,/mnt/ubna_data_01_mir/recover-20220825/UBNA_002/20220823_033000.WAV,Telephone Field,recover-20220825,002,1795
1005.3035,1005.3088,36640,69608,Myotis brandtii,0.012,0.025,-1,Echolocation,/mnt/ubna_data_01_mir/recover-20220825/UBNA_002/20220823_033000.WAV,Telephone Field,recover-20220825,002,1795
1005.3115,1005.3213,27187,36930,Eptesicus serotinus,0.01,0.024,-1,Echolocation,/mnt/ubna_data_01_mir/recover-20220825/UBNA_002/20220823_033000.WAV,Telephone Field,recover-20220825,002,1795
1005.3195,1005.3269,28046,39870,Eptesicus serotinus,0.007,0.024,-1,Echolocation,/mnt/ubna_data_01_mir/recover-20220825/UBNA_002/20220823_033000.WAV,Telephone Field,recover-20220825,002,1795
1005.3555,1005.3641,37500,57022,Pipistrellus nathusii,0.695,0.719,-1,Echolocation,/mnt/ubna_data_01_mir/recover-20220825/UBNA_002/20220823_033000.WAV,Telephone Field,recover-20220825,002,1795
1005.3645,1005.3702,32343,43692,Myotis daubentonii,0.009,0.022,-1,Echolocation,/mnt/ubna_data_01_mir/recover-20220825/UBNA_002/20220823_033000.WAV,Telephone Field,recover-20220825,002,1795
1005.3745,1005.3831,31484,38748,Eptesicus serotinus,0.005,0.023,-1,Echolocation,/mnt/ubna_data_01_mir/recover-20220825/UBNA_002/20220823_033000.WAV,Telephone Field,recover-20220825,002,1795
1005.4165,1005.4237,47812,52902,Pipistrellus pipistrellus,0.017,0.023,-1,Echolocation,/mnt/ubna_data_01_mir/recover-20220825/UBNA_002/20220823_033000.WAV,Telephone Field,recover-20220825,002,1795
1005.4175,1005.4286,23750,31127,Nyctalus leisleri,0.007,0.024,-1,Echolocation,/mnt/ubna_data_01_mir/recover-20220825/UBNA_002/20220823_033000.WAV,Telephone Field,recover-20220825,002,1795
1005.4225,1005.4292,38359,48573,Myotis brandtii,0.007,0.022,-1,Echolocation,/mnt/ubna_data_01_mir/recover-20220825/UBNA_002/20220823_033000.WAV,Telephone Field,recover-20220825,002,1795
1005.4245,1005.4583,68437,81930,Rhinolophus ferrumequinum,0.024,0.024,-1,Echolocation,/mnt/ubna_data_01_mir/recover-20220825/UBNA_002/20220823_033000.WAV,Telephone Field,recover-20220825,002,1795
1005.4255,1005.4327,28046,38418,Eptesicus serotinus,0.008,0.027,-1,Echolocation,/mnt/ubna_data_01_mir/recover-20220825/UBNA_002/20220823_033000.WAV,Telephone Field,recover-20220825,002,1795
1005.4305,1005.4399,28046,34099,Eptesicus serotinus,0.011,0.025,-1,Echolocation,/mnt/ubna_data_01_mir/recover-20220825/UBNA_002/20220823_033000.WAV,Telephone Field,recover-20220825,002,1795
1005.4475,1005.4555,37500,49573,Pipistrellus nathusii,0.547,0.616,-1,Echolocation,/mnt/ubna_data_01_mir/recover-20220825/UBNA_002/20220823_033000.WAV,Telephone Field,recover-20220825,002,1795
1005.4705,1005.5057,68437,81921,Rhinolophus ferrumequinum,0.023,0.023,-1,Echolocation,/mnt/ubna_data_01_mir/recover-20220825/UBNA_002/20220823_033000.WAV,Telephone Field,recover-20220825,002,1795
1005.4965,1005.5041,28906,37313,Eptesicus serotinus,0.008,0.027,-1,Echolocation,/mnt/ubna_data_01_mir/recover-20220825/UBNA_002/20220823_033000.WAV,Telephone Field,recover-20220825,002,1795
1005.5395,1005.5456,30625,58985,Myotis bechsteinii,0.013,0.04,-1,Echolocation,/mnt/ubna_data_01_mir/recover-20220825/UBNA_002/20220823_033000.WAV,Telephone Field,recover-20220825,002,1795
1005.5415,1005.5494,38359,56333,Pipistrellus nathusii,0.716,0.746,-1,Echolocation,/mnt/ubna_data_01_mir/recover-20220825/UBNA_002/20220823_033000.WAV,Telephone Field,recover-20220825,002,1795
1005.5445,1005.5538,22031,30157,Plecotus austriacus,0.008,0.028,-1,Echolocation,/mnt/ubna_data_01_mir/recover-20220825/UBNA_002/20220823_033000.WAV,Telephone Field,recover-20220825,002,1795
1005.5575,1005.5919,68437,81374,Rhinolophus ferrumequinum,0.023,0.023,-1,Echolocation,/mnt/ubna_data_01_mir/recover-20220825/UBNA_002/20220823_033000.WAV,Telephone Field,recover-20220825,002,1795
1005.5855,1005.5936,28046,37635,Eptesicus serotinus,0.012,0.027,-1,Echolocation,/mnt/ubna_data_01_mir/recover-20220825/UBNA_002/20220823_033000.WAV,Telephone Field,recover-20220825,002,1795
1005.6125,1005.6195,33203,40182,Myotis daubentonii,0.008,0.024,-1,Echolocation,/mnt/ubna_data_01_mir/recover-20220825/UBNA_002/20220823_033000.WAV,Telephone Field,recover-20220825,002,1795
1005.6125,1005.6191,24609,34357,Plecotus austriacus,0.012,0.029,-1,Echolocation,/mnt/ubna_data_01_mir/recover-20220825/UBNA_002/20220823_033000.WAV,Telephone Field,recover-20220825,002,1795
1005.6245,1005.6325,49531,53814,Pipistrellus pipistrellus,0.02,0.033,-1,Echolocation,/mnt/ubna_data_01_mir/recover-20220825/UBNA_002/20220823_033000.WAV,Telephone Field,recover-20220825,002,1795
1005.6285,1005.635,39218,58371,Pipistrellus nathusii,0.671,0.69,-1,Echolocation,/mnt/ubna_data_01_mir/recover-20220825/UBNA_002/20220823_033000.WAV,Telephone Field,recover-20220825,002,1795
1005.6365,1005.6422,31484,42618,Myotis daubentonii,0.009,0.022,-1,Echolocation,/mnt/ubna_data_01_mir/recover-20220825/UBNA_002/20220823_033000.WAV,Telephone Field,recover-20220825,002,1795
1005.6665,1005.6762,25468,31666,Nyctalus leisleri,0.008,0.023,-1,Echolocation,/mnt/ubna_data_01_mir/recover-20220825/UBNA_002/20220823_033000.WAV,Telephone Field,recover-20220825,002,1795
1005.6875,1005.6962,28906,36451,Eptesicus serotinus,0.011,0.028,-1,Echolocation,/mnt/ubna_data_01_mir/recover-20220825/UBNA_002/20220823_033000.WAV,Telephone Field,recover-20220825,002,1795
1005.7145,1005.7207,30625,56323,Barbastellus barbastellus,0.011,0.03,-1,Echolocation,/mnt/ubna_data_01_mir/recover-20220825/UBNA_002/20220823_033000.WAV,Telephone Field,recover-20220825,002,1795
1005.7155,1005.7236,39218,58858,Pipistrellus nathusii,0.693,0.727,-1,Echolocation,/mnt/ubna_data_01_mir/recover-20220825/UBNA_002/20220823_033000.WAV,Telephone Field,recover-20220825,002,1795
1005.7225,1005.7286,27187,36710,Nyctalus leisleri,0.004,0.022,-1,Echolocation,/mnt/ubna_data_01_mir/recover-20220825/UBNA_002/20220823_033000.WAV,Telephone Field,recover-20220825,002,1795
1005.7245,1005.7313,37500,47905,Myotis brandtii,0.01,0.023,-1,Echolocation,/mnt/ubna_data_01_mir/recover-20220825/UBNA_002/20220823_033000.WAV,Telephone Field,recover-20220825,002,1795
1005.7295,1005.7607,68437,80360,Rhinolophus ferrumequinum,0.022,0.022,-1,Echolocation,/mnt/ubna_data_01_mir/recover-20220825/UBNA_002/20220823_033000.WAV,Telephone Field,recover-20220825,002,1795
1005.7395,1005.747,46093,50625,Pipistrellus pipistrellus,0.016,0.023,-1,Echolocation,/mnt/ubna_data_01_mir/recover-20220825/UBNA_002/20220823_033000.WAV,Telephone Field,recover-20220825,002,1795
1005.7405,1005.7475,40078,49370,Pipistrellus nathusii,0.021,0.034,-1,Echolocation,/mnt/ubna_data_01_mir/recover-20220825/UBNA_002/20220823_033000.WAV,Telephone Field,recover-20220825,002,1795
1005.7435,1005.7493,33203,43163,Barbastellus barbastellus,0.009,0.025,-1,Echolocation,/mnt/ubna_data_01_mir/recover-20220825/UBNA_002/20220823_033000.WAV,Telephone Field,recover-20220825,002,1795
1005.7445,1005.7527,28046,37727,Eptesicus serotinus,0.009,0.027,-1,Echolocation,/mnt/ubna_data_01_mir/recover-20220825/UBNA_002/20220823_033000.WAV,Telephone Field,recover-20220825,002,1795
1005.7535,1005.7732,18593,23117,Nyctalus noctula,0.079,0.109,-1,Echolocation,/mnt/ubna_data_01_mir/recover-20220825/UBNA_002/20220823_033000.WAV,Telephone Field,recover-20220825,002,1795
1005.7665,1005.7724,34062,50732,Myotis brandtii,0.01,0.027,-1,Echolocation,/mnt/ubna_data_01_mir/recover-20220825/UBNA_002/20220823_033000.WAV,Telephone Field,recover-20220825,002,1795
1005.7665,1005.7731,46093,50920,Pipistrellus pipistrellus,0.026,0.032,-1,Echolocation,/mnt/ubna_data_01_mir/recover-20220825/UBNA_002/20220823_033000.WAV,Telephone Field,recover-20220825,002,1795
1005.7715,1005.7823,24609,30661,Nyctalus leisleri,0.014,0.034,-1,Echolocation,/mnt/ubna_data_01_mir/recover-20220825/UBNA_002/20220823_033000.WAV,Telephone Field,recover-20220825,002,1795
1005.7775,1005.8141,68437,82754,Rhinolophus ferrumequinum,0.026,0.026,-1,Echolocation,/mnt/ubna_data_01_mir/recover-20220825/UBNA_002/20220823_033000.WAV,Telephone Field,recover-20220825,002,1795
1005.7925,1005.8019,28046,37791,Eptesicus serotinus,0.011,0.026,-1,Echolocation,/mnt/ubna_data_01_mir/recover-20220825/UBNA_002/20220823_033000.WAV,Telephone Field,recover-20220825,002,1795
1005.8025,1005.8142,27187,31537,Nyctalus leisleri,0.01,0.026,-1,Echolocation,/mnt/ubna_data_01_mir/recover-20220825/UBNA_002/20220823_033000.WAV,Telephone Field,recover-20220825,002,1795
1005.8145,1005.8214,48671,57073,Pipistrellus pipistrellus,0.015,0.027,-1,Echolocation,/mnt/ubna_data_01_mir/recover-20220825/UBNA_002/20220823_033000.WAV,Telephone Field,recover-20220825,002,1795
1005.8175,1005.8252,38359,56390,Pipistrellus nathusii,0.545,0.579,-1,Echolocation,/mnt/ubna_data_01_mir/recover-20220825/UBNA_002/20220823_033000.WAV,Telephone Field,recover-20220825,002,1795
1005.8275,1005.8341,27187,37260,Eptesicus serotinus,0.005,0.027,-1,Echolocation,/mnt/ubna_data_01_mir/recover-20220825/UBNA_002/20220823_033000.WAV,Telephone Field,recover-20220825,002,1795
1005.8335,1005.866,68437,80559,Rhinolophus ferrumequinum,0.022,0.022,-1,Echolocation,/mnt/ubna_data_01_mir/recover-20220825/UBNA_002/20220823_033000.WAV,Telephone Field,recover-20220825,002,1795
1005.9025,1005.9081,37500,55717,Myotis brandtii,0.006,0.022,-1,Echolocation,/mnt/ubna_data_01_mir/recover-20220825/UBNA_002/20220823_033000.WAV,Telephone Field,recover-20220825,002,1795
1005.9025,1005.9077,32343,56684,Myotis daubentonii,0.008,0.023,-1,Echolocation,/mnt/ubna_data_01_mir/recover-20220825/UBNA_002/20220823_033000.WAV,Telephone Field,recover-20220825,002,1795
1005.9045,1005.91,28046,43850,Myotis nattereri,0.006,0.025,-1,Echolocation,/mnt/ubna_data_01_mir/recover-20220825/UBNA_002/20220823_033000.WAV,Telephone Field,recover-20220825,002,1795
1005.9165,1005.9237,50390,56601,Pipistrellus pipistrellus,0.016,0.03,-1,Echolocation,/mnt/ubna_data_01_mir/recover-20220825/UBNA_002/20220823_033000.WAV,Telephone Field,recover-20220825,002,1795
1005.9175,1005.9261,37500,58892,Pipistrellus nathusii,0.68,0.717,-1,Echolocation,/mnt/ubna_data_01_mir/recover-20220825/UBNA_002/20220823_033000.WAV,Telephone Field,recover-20220825,002,1795
1005.9265,1005.9326,36640,48957,Myotis brandtii,0.014,0.029,-1,Echolocation,/mnt/ubna_data_01_mir/recover-20220825/UBNA_002/20220823_033000.WAV,Telephone Field,recover-20220825,002,1795
1005.9565,1005.966,28906,37468,Eptesicus serotinus,0.009,0.022,-1,Echolocation,/mnt/ubna_data_01_mir/recover-20220825/UBNA_002/20220823_033000.WAV,Telephone Field,recover-20220825,002,1795
1005.9835,1005.9905,28046,40962,Eptesicus serotinus,0.007,0.025,-1,Echolocation,/mnt/ubna_data_01_mir/recover-20220825/UBNA_002/20220823_033000.WAV,Telephone Field,recover-20220825,002,1795
1006.0015,1006.0304,68437,79748,Rhinolophus ferrumequinum,0.03,0.031,-1,Echolocation,/mnt/ubna_data_01_mir/recover-20220825/UBNA_002/20220823_033000.WAV,Telephone Field,recover-20220825,002,1795
1006.0015,1006.0084,25468,37050,Plecotus austriacus,0.007,0.033,-1,Echolocation,/mnt/ubna_data_01_mir/recover-20220825/UBNA_002/20220823_033000.WAV,Telephone Field,recover-20220825,002,1795
1006.0015,1006.0099,46093,57535,Pipistrellus pipistrellus,0.02,0.033,-1,Echolocation,/mnt/ubna_data_01_mir/recover-20220825/UBNA_002/20220823_033000.WAV,Telephone Field,recover-20220825,002,1795
1006.0015,1006.007,37500,55494,Myotis brandtii,0.013,0.033,-1,Echolocation,/mnt/ubna_data_01_mir/recover-20220825/UBNA_002/20220823_033000.WAV,Telephone Field,recover-20220825,002,1795
1006.0085,1006.0166,50390,57760,Pipistrellus pipistrellus,0.012,0.024,-1,Echolocation,/mnt/ubna_data_01_mir/recover-20220825/UBNA_002/20220823_033000.WAV,Telephone Field,recover-20220825,002,1795
1006.0105,1006.0229,54687,60223,Pipistrellus pygmaeus,0.023,0.026,-1,Echolocation,/mnt/ubna_data_01_mir/recover-20220825/UBNA_002/20220823_033000.WAV,Telephone Field,recover-20220825,002,1795
1006.0155,1006.0233,38359,63004,Pipistrellus nathusii,0.551,0.621,-1,Echolocation,/mnt/ubna_data_01_mir/recover-20220825/UBNA_002/20220823_033000.WAV,Telephone Field,recover-20220825,002,1795
1006.0165,1006.0222,48671,56339,Pipistrellus pipistrellus,0.01,0.026,-1,Echolocation,/mnt/ubna_data_01_mir/recover-20220825/UBNA_002/20220823_033000.WAV,Telephone Field,recover-20220825,002,1795
1006.0245,1006.0313,37500,49908,Myotis brandtii,0.011,0.026,-1,Echolocation,/mnt/ubna_data_01_mir/recover-20220825/UBNA_002/20220823_033000.WAV,Telephone Field,recover-20220825,002,1795
1006.0245,1006.0314,26328,36273,Eptesicus serotinus,0.005,0.021,-1,Echolocation,/mnt/ubna_data_01_mir/recover-20220825/UBNA_002/20220823_033000.WAV,Telephone Field,recover-20220825,002,1795
1006.0295,1006.0689,68437,82234,Rhinolophus ferrumequinum,0.022,0.022,-1,Echolocation,/mnt/ubna_data_01_mir/recover-20220825/UBNA_002/20220823_033000.WAV,Telephone Field,recover-20220825,002,1795
1006.0735,1006.0845,56406,61854,Pipistrellus pygmaeus,0.026,0.027,-1,Echolocation,/mnt/ubna_data_01_mir/recover-20220825/UBNA_002/20220823_033000.WAV,Telephone Field,recover-20220825,002,1795
1006.0975,1006.1393,68437,83185,Rhinolophus ferrumequinum,0.025,0.025,-1,Echolocation,/mnt/ubna_data_01_mir/recover-20220825/UBNA_002/20220823_033000.WAV,Telephone Field,recover-20220825,002,1795
1006.1155,1006.1223,41796,56978,Myotis brandtii,0.007,0.021,-1,Echolocation,/mnt/ubna_data_01_mir/recover-20220825/UBNA_002/20220823_033000.WAV,Telephone Field,recover-20220825,002,1795
1006.1275,1006.1341,51250,64291,Pipistrellus pipistrellus,0.02,0.038,-1,Echolocation,/mnt/ubna_data_01_mir/recover-20220825/UBNA_002/20220823_033000.WAV,Telephone Field,recover-20220825,002,1795
1006.1275,1006.1352,39218,69716,Pipistrellus nathusii,0.634,0.692,-1,Echolocation,/mnt/ubna_data_01_mir/recover-20220825/UBNA_002/20220823_033000.WAV,Telephone Field,recover-20220825,002,1795
1006.1365,1006.1423,38359,54274,Myotis brandtii,0.015,0.028,-1,Echolocation,/mnt/ubna_data_01_mir/recover-20220825/UBNA_002/20220823_033000.WAV,Telephone Field,recover-20220825,002,1795
1006.1415,1006.173,68437,80969,Rhinolophus ferrumequinum,0.024,0.024,-1,Echolocation,/mnt/ubna_data_01_mir/recover-20220825/UBNA_002/20220823_033000.WAV,Telephone Field,recover-20220825,002,1795
1006.1595,1006.1929,68437,79809,Rhinolophus ferrumequinum,0.021,0.022,-1,Echolocation,/mnt/ubna_data_01_mir/recover-20220825/UBNA_002/20220823_033000.WAV,Telephone Field,recover-20220825,002,1795
1006.1865,1006.1953,24609,32533,Eptesicus serotinus,0.007,0.022,-1,Echolocation,/mnt/ubna_data_01_mir/recover-20220825/UBNA_002/20220823_033000.WAV,Telephone Field,recover-20220825,002,1795
1006.2145,1006.2199,41796,53580,Myotis brandtii,0.027,0.072,-1,Echolocation,/mnt/ubna_data_01_mir/recover-20220825/UBNA_002/20220823_033000.WAV,Telephone Field,recover-20220825,002,1795
1006.2335,1006.2405,38359,62583,Pipistrellus nathusii,0.565,0.651,-1,Echolocation,/mnt/ubna_data_01_mir/recover-20220825/UBNA_002/20220823_033000.WAV,Telephone Field,recover-20220825,002,1795
1006.2335,1006.2418,52109,62160,Pipistrellus pygmaeus,0.028,0.038,-1,Echolocation,/mnt/ubna_data_01_mir/recover-20220825/UBNA_002/20220823_033000.WAV,Telephone Field,recover-20220825,002,1795
1006.2435,1006.2499,27187,40362,Eptesicus serotinus,0.004,0.022,-1,Echolocation,/mnt/ubna_data_01_mir/recover-20220825/UBNA_002/20220823_033000.WAV,Telephone Field,recover-20220825,002,1795
1006.2465,1006.2782,68437,81081,Rhinolophus ferrumequinum,0.022,0.022,-1,Echolocation,/mnt/ubna_data_01_mir/recover-20220825/UBNA_002/20220823_033000.WAV,Telephone Field,recover-20220825,002,1795
1006.2635,1006.2724,58125,66128,Pipistrellus pygmaeus,0.033,0.033,-1,Echolocation,/mnt/ubna_data_01_mir/recover-20220825/UBNA_002/20220823_033000.WAV,Telephone Field,recover-20220825,002,1795
1006.2825,1006.2889,48671,57027,Pipistrellus pipistrellus,0.022,0.026,-1,Echolocation,/mnt/ubna_data_01_mir/recover-20220825/UBNA_002/20220823_033000.WAV,Telephone Field,recover-20220825,002,1795
1006.3015,1006.3139,15156,20773,Nyctalus noctula,0.014,0.026,-1,Echolocation,/mnt/ubna_data_01_mir/recover-20220825/UBNA_002/20220823_033000.WAV,Telephone Field,recover-20220825,002,1795
1006.3385,1006.3446,28906,75912,Myotis bechsteinii,0.031,0.054,-1,Echolocation,/mnt/ubna_data_01_mir/recover-20220825/UBNA_002/20220823_033000.WAV,Telephone Field,recover-20220825,002,1795
1006.3395,1006.347,50390,65689,Pipistrellus pipistrellus,0.01,0.025,-1,Echolocation,/mnt/ubna_data_01_mir/recover-20220825/UBNA_002/20220823_033000.WAV,Telephone Field,recover-20220825,002,1795
1006.3395,1006.3465,38359,67601,Pipistrellus nathusii,0.688,0.714,-1,Echolocation,/mnt/ubna_data_01_mir/recover-20220825/UBNA_002/20220823_033000.WAV,Telephone Field,recover-20220825,002,1795
1006.3495,1006.3543999999999,34921,64098,Myotis brandtii,0.018,0.026,-1,Echolocation,/mnt/ubna_data_01_mir/recover-20220825/UBNA_002/20220823_033000.WAV,Telephone Field,recover-20220825,002,1795
1006.3515,1006.3825,68437,81173,Rhinolophus ferrumequinum,0.023,0.023,-1,Echolocation,/mnt/ubna_data_01_mir/recover-20220825/UBNA_002/20220823_033000.WAV,Telephone Field,recover-20220825,002,1795
1006.4085,1006.4192,27187,34987,Eptesicus serotinus,0.013,0.025,-1,Echolocation,/mnt/ubna_data_01_mir/recover-20220825/UBNA_002/20220823_033000.WAV,Telephone Field,recover-20220825,002,1795
1006.4355,1006.4433,39218,66466,Pipistrellus nathusii,0.69,0.719,-1,Echolocation,/mnt/ubna_data_01_mir/recover-20220825/UBNA_002/20220823_033000.WAV,Telephone Field,recover-20220825,002,1795
1006.4365,1006.4419,48671,62036,Pipistrellus pipistrellus,0.01,0.025,-1,Echolocation,/mnt/ubna_data_01_mir/recover-20220825/UBNA_002/20220823_033000.WAV,Telephone Field,recover-20220825,002,1795
1006.4445,1006.4513,37500,53301,Myotis brandtii,0.012,0.025,-1,Echolocation,/mnt/ubna_data_01_mir/recover-20220825/UBNA_002/20220823_033000.WAV,Telephone Field,recover-20220825,002,1795
1006.4465,1006.4518,32343,63046,Myotis brandtii,0.016,0.026,-1,Echolocation,/mnt/ubna_data_01_mir/recover-20220825/UBNA_002/20220823_033000.WAV,Telephone Field,recover-20220825,002,1795
1006.4485,1006.478,68437,81101,Rhinolophus ferrumequinum,0.021,0.021,-1,Echolocation,/mnt/ubna_data_01_mir/recover-20220825/UBNA_002/20220823_033000.WAV,Telephone Field,recover-20220825,002,1795
1006.4815,1006.4884,57265,63375,Pipistrellus pygmaeus,0.026,0.026,-1,Echolocation,/mnt/ubna_data_01_mir/recover-20220825/UBNA_002/20220823_033000.WAV,Telephone Field,recover-20220825,002,1795
1006.4975,1006.5039,49531,58081,Pipistrellus pipistrellus,0.017,0.022,-1,Echolocation,/mnt/ubna_data_01_mir/recover-20220825/UBNA_002/20220823_033000.WAV,Telephone Field,recover-20220825,002,1795
1006.5085,1006.5462,68437,82225,Rhinolophus ferrumequinum,0.024,0.025,-1,Echolocation,/mnt/ubna_data_01_mir/recover-20220825/UBNA_002/20220823_033000.WAV,Telephone Field,recover-20220825,002,1795
1006.5315,1006.5387,53828,64717,Pipistrellus pygmaeus,0.039,0.05,-1,Echolocation,/mnt/ubna_data_01_mir/recover-20220825/UBNA_002/20220823_033000.WAV,Telephone Field,recover-20220825,002,1795
1006.5335,1006.5415,38359,65276,Pipistrellus nathusii,0.489,0.534,-1,Echolocation,/mnt/ubna_data_01_mir/recover-20220825/UBNA_002/20220823_033000.WAV,Telephone Field,recover-20220825,002,1795
1006.5355,1006.5414,46093,62309,Pipistrellus pipistrellus,0.013,0.04,-1,Echolocation,/mnt/ubna_data_01_mir/recover-20220825/UBNA_002/20220823_033000.WAV,Telephone Field,recover-20220825,002,1795
1006.5415,1006.5488,38359,49372,Pipistrellus nathusii,0.025,0.041,-1,Echolocation,/mnt/ubna_data_01_mir/recover-20220825/UBNA_002/20220823_033000.WAV,Telephone Field,recover-20220825,002,1795
1006.5955,1006.6072,15156,20890,Nyctalus noctula,0.015,0.027,-1,Echolocation,/mnt/ubna_data_01_mir/recover-20220825/UBNA_002/20220823_033000.WAV,Telephone Field,recover-20220825,002,1795
1006.6205,1006.6289,50390,55938,Pipistrellus pipistrellus,0.023,0.044,-1,Echolocation,/mnt/ubna_data_01_mir/recover-20220825/UBNA_002/20220823_033000.WAV,Telephone Field,recover-20220825,002,1795
1006.6265,1006.6335,39218,67562,Pipistrellus nathusii,0.633,0.676,-1,Echolocation,/mnt/ubna_data_01_mir/recover-20220825/UBNA_002/20220823_033000.WAV,Telephone Field,recover-20220825,002,1795
1006.6275,1006.6341,27187,77874,Myotis bechsteinii,0.071,0.138,-1,Echolocation,/mnt/ubna_data_01_mir/recover-20220825/UBNA_002/20220823_033000.WAV,Telephone Field,recover-20220825,002,1795
1006.6355,1006.6425,37500,55612,Myotis brandtii,0.014,0.029,-1,Echolocation,/mnt/ubna_data_01_mir/recover-20220825/UBNA_002/20220823_033000.WAV,Telephone Field,recover-20220825,002,1795
1006.6365,1006.6414,33203,62395,Myotis brandtii,0.021,0.029,-1,Echolocation,/mnt/ubna_data_01_mir/recover-20220825/UBNA_002/20220823_033000.WAV,Telephone Field,recover-20220825,002,1795
1006.7155,1006.7218,27187,34969,Eptesicus serotinus,0.007,0.023,-1,Echolocation,/mnt/ubna_data_01_mir/recover-20220825/UBNA_002/20220823_033000.WAV,Telephone Field,recover-20220825,002,1795
1006.7285,1006.7348,26328,88985,Myotis bechsteinii,0.129,0.192,-1,Echolocation,/mnt/ubna_data_01_mir/recover-20220825/UBNA_002/20220823_033000.WAV,Telephone Field,recover-20220825,002,1795
1006.7285,1006.736,39218,71278,Pipistrellus nathusii,0.545,0.572,-1,Echolocation,/mnt/ubna_data_01_mir/recover-20220825/UBNA_002/20220823_033000.WAV,Telephone Field,recover-20220825,002,1795
1006.7375,1006.7439,39218,54153,Pipistrellus nathusii,0.015,0.033,-1,Echolocation,/mnt/ubna_data_01_mir/recover-20220825/UBNA_002/20220823_033000.WAV,Telephone Field,recover-20220825,002,1795
1006.7835,1006.7916,28046,40221,Eptesicus serotinus,0.009,0.022,-1,Echolocation,/mnt/ubna_data_01_mir/recover-20220825/UBNA_002/20220823_033000.WAV,Telephone Field,recover-20220825,002,1795
1006.8215,1006.8285,31484,65291,Myotis brandtii,0.012,0.023,-1,Echolocation,/mnt/ubna_data_01_mir/recover-20220825/UBNA_002/20220823_033000.WAV,Telephone Field,recover-20220825,002,1795
1006.8215,1006.8293,37500,63955,Myotis brandtii,0.014,0.022,-1,Echolocation,/mnt/ubna_data_01_mir/recover-20220825/UBNA_002/20220823_033000.WAV,Telephone Field,recover-20220825,002,1795
1006.8255,1006.8342,42656,55704,Pipistrellus nathusii,0.011,0.024,-1,Echolocation,/mnt/ubna_data_01_mir/recover-20220825/UBNA_002/20220823_033000.WAV,Telephone Field,recover-20220825,002,1795
1006.8585,1006.8691,41796,49187,Pipistrellus nathusii,0.012,0.021,-1,Echolocation,/mnt/ubna_data_01_mir/recover-20220825/UBNA_002/20220823_033000.WAV,Telephone Field,recover-20220825,002,1795
1006.8755,1006.883,27187,41604,Eptesicus serotinus,0.01,0.026,-1,Echolocation,/mnt/ubna_data_01_mir/recover-20220825/UBNA_002/20220823_033000.WAV,Telephone Field,recover-20220825,002,1795
1006.9025,1006.9099,34062,73329,Pipistrellus nathusii,0.189,0.357,-1,Echolocation,/mnt/ubna_data_01_mir/recover-20220825/UBNA_002/20220823_033000.WAV,Telephone Field,recover-20220825,002,1795
1006.9025,1006.9092,26328,84802,Myotis bechsteinii,0.1,0.143,-1,Echolocation,/mnt/ubna_data_01_mir/recover-20220825/UBNA_002/20220823_033000.WAV,Telephone Field,recover-20220825,002,1795
1006.9035,1006.9098,52109,63696,Pipistrellus pygmaeus,0.021,0.044,-1,Echolocation,/mnt/ubna_data_01_mir/recover-20220825/UBNA_002/20220823_033000.WAV,Telephone Field,recover-20220825,002,1795
1006.9095,1006.9167,47812,62614,Pipistrellus pygmaeus,0.013,0.022,-1,Echolocation,/mnt/ubna_data_01_mir/recover-20220825/UBNA_002/20220823_033000.WAV,Telephone Field,recover-20220825,002,1795
1006.9105,1006.9168,38359,52861,Pipistrellus nathusii,0.021,0.042,-1,Echolocation,/mnt/ubna_data_01_mir/recover-20220825/UBNA_002/20220823_033000.WAV,Telephone Field,recover-20220825,002,1795
1006.9715,1006.9778,28046,35311,Eptesicus serotinus,0.008,0.024,-1,Echolocation,/mnt/ubna_data_01_mir/recover-20220825/UBNA_002/20220823_033000.WAV,Telephone Field,recover-20220825,002,1795
1006.9855,1006.9924,38359,74699,Pipistrellus nathusii,0.156,0.248,-1,Echolocation,/mnt/ubna_data_01_mir/recover-20220825/UBNA_002/20220823_033000.WAV,Telephone Field,recover-20220825,002,1795
1006.9865,1006.9924,27187,93727,Myotis bechsteinii,0.081,0.136,-1,Echolocation,/mnt/ubna_data_01_mir/recover-20220825/UBNA_002/20220823_033000.WAV,Telephone Field,recover-20220825,002,1795
1007.0315,1007.041,23750,31382,Eptesicus serotinus,0.006,0.024,-1,Echolocation,/mnt/ubna_data_01_mir/recover-20220825/UBNA_002/20220823_033000.WAV,Telephone Field,recover-20220825,002,1795
1007.0575,1007.0651,28046,35295,Eptesicus serotinus,0.007,0.022,-1,Echolocation,/mnt/ubna_data_01_mir/recover-20220825/UBNA_002/20220823_033000.WAV,Telephone Field,recover-20220825,002,1795
1007.0715,1007.0796,34062,84111,Myotis brandtii,0.293,0.346,-1,Echolocation,/mnt/ubna_data_01_mir/recover-20220825/UBNA_002/20220823_033000.WAV,Telephone Field,recover-20220825,002,1795
1007.0725,1007.0791,25468,94231,Myotis bechsteinii,0.155,0.185,-1,Echolocation,/mnt/ubna_data_01_mir/recover-20220825/UBNA_002/20220823_033000.WAV,Telephone Field,recover-20220825,002,1795
1007.0825,1007.0883,29765,42700,Myotis daubentonii,0.011,0.025,-1,Echolocation,/mnt/ubna_data_01_mir/recover-20220825/UBNA_002/20220823_033000.WAV,Telephone Field,recover-20220825,002,1795
1007.1035,1007.141,68437,82298,Rhinolophus ferrumequinum,0.022,0.022,-1,Echolocation,/mnt/ubna_data_01_mir/recover-20220825/UBNA_002/20220823_033000.WAV,Telephone Field,recover-20220825,002,1795
1007.1205,1007.1294,28046,39340,Eptesicus serotinus,0.014,0.031,-1,Echolocation,/mnt/ubna_data_01_mir/recover-20220825/UBNA_002/20220823_033000.WAV,Telephone Field,recover-20220825,002,1795
1007.1525,1007.1623,48671,52924,Pipistrellus pipistrellus,0.039,0.075,-1,Echolocation,/mnt/ubna_data_01_mir/recover-20220825/UBNA_002/20220823_033000.WAV,Telephone Field,recover-20220825,002,1795
1007.1565,1007.1641,36640,79737,Myotis brandtii,0.38,0.436,-1,Echolocation,/mnt/ubna_data_01_mir/recover-20220825/UBNA_002/20220823_033000.WAV,Telephone Field,recover-20220825,002,1795
1007.1865,1007.1953,28046,40357,Eptesicus serotinus,0.012,0.026,-1,Echolocation,/mnt/ubna_data_01_mir/recover-20220825/UBNA_002/20220823_033000.WAV,Telephone Field,recover-20220825,002,1795
1007.2045,1007.2146,25468,33152,Eptesicus serotinus,0.01,0.023,-1,Echolocation,/mnt/ubna_data_01_mir/recover-20220825/UBNA_002/20220823_033000.WAV,Telephone Field,recover-20220825,002,1795
1007.2165,1007.2245,28906,37206,Eptesicus serotinus,0.008,0.023,-1,Echolocation,/mnt/ubna_data_01_mir/recover-20220825/UBNA_002/20220823_033000.WAV,Telephone Field,recover-20220825,002,1795
1007.2305,1007.2423,48671,56151,Pipistrellus pipistrellus,0.058,0.116,-1,Echolocation,/mnt/ubna_data_01_mir/recover-20220825/UBNA_002/20220823_033000.WAV,Telephone Field,recover-20220825,002,1795
1007.2325,1007.2396,34062,82548,Myotis brandtii,0.297,0.348,-1,Echolocation,/mnt/ubna_data_01_mir/recover-20220825/UBNA_002/20220823_033000.WAV,Telephone Field,recover-20220825,002,1795
1007.2325,1007.2388,39218,69129,Pipistrellus nathusii,0.147,0.251,-1,Echolocation,/mnt/ubna_data_01_mir/recover-20220825/UBNA_002/20220823_033000.WAV,Telephone Field,recover-20220825,002,1795
1007.2335,1007.2395,25468,91072,Myotis bechsteinii,0.134,0.163,-1,Echolocation,/mnt/ubna_data_01_mir/recover-20220825/UBNA_002/20220823_033000.WAV,Telephone Field,recover-20220825,002,1795
1007.2425,1007.2475,34062,64016,Myotis brandtii,0.021,0.03,-1,Echolocation,/mnt/ubna_data_01_mir/recover-20220825/UBNA_002/20220823_033000.WAV,Telephone Field,recover-20220825,002,1795
1007.3085,1007.3228,48671,53198,Pipistrellus pipistrellus,0.04,0.068,-1,Echolocation,/mnt/ubna_data_01_mir/recover-20220825/UBNA_002/20220823_033000.WAV,Telephone Field,recover-20220825,002,1795
1007.3155,1007.3212,25468,94584,Myotis bechsteinii,0.114,0.15,-1,Echolocation,/mnt/ubna_data_01_mir/recover-20220825/UBNA_002/20220823_033000.WAV,Telephone Field,recover-20220825,002,1795
1007.3155,1007.3214,36640,76657,Myotis brandtii,0.356,0.428,-1,Echolocation,/mnt/ubna_data_01_mir/recover-20220825/UBNA_002/20220823_033000.WAV,Telephone Field,recover-20220825,002,1795
1007.3835,1007.3892,49531,62041,Pipistrellus pipistrellus,0.016,0.024,-1,Echolocation,/mnt/ubna_data_01_mir/recover-20220825/UBNA_002/20220823_033000.WAV,Telephone Field,recover-20220825,002,1795
1007.3945,1007.4298,68437,81679,Rhinolophus ferrumequinum,0.022,0.022,-1,Echolocation,/mnt/ubna_data_01_mir/recover-20220825/UBNA_002/20220823_033000.WAV,Telephone Field,recover-20220825,002,1795
1007.3965,1007.4039,27187,39432,Eptesicus serotinus,0.006,0.022,-1,Echolocation,/mnt/ubna_data_01_mir/recover-20220825/UBNA_002/20220823_033000.WAV,Telephone Field,recover-20220825,002,1795
1007.3995,1007.4147,41796,46631,Pipistrellus nathusii,0.02,0.029,-1,Echolocation,/mnt/ubna_data_01_mir/recover-20220825/UBNA_002/20220823_033000.WAV,Telephone Field,recover-20220825,002,1795
1007.4265,1007.4349,48671,55016,Pipistrellus pipistrellus,0.039,0.064,-1,Echolocation,/mnt/ubna_data_01_mir/recover-20220825/UBNA_002/20220823_033000.WAV,Telephone Field,recover-20220825,002,1795
1007.4285,1007.4357,35781,81966,Myotis brandtii,0.419,0.47,-1,Echolocation,/mnt/ubna_data_01_mir/recover-20220825/UBNA_002/20220823_033000.WAV,Telephone Field,recover-20220825,002,1795
1007.4285,1007.4351,25468,95784,Myotis bechsteinii,0.124,0.146,-1,Echolocation,/mnt/ubna_data_01_mir/recover-20220825/UBNA_002/20220823_033000.WAV,Telephone Field,recover-20220825,002,1795
1007.4375,1007.4438,31484,45407,Myotis daubentonii,0.012,0.029,-1,Echolocation,/mnt/ubna_data_01_mir/recover-20220825/UBNA_002/20220823_033000.WAV,Telephone Field,recover-20220825,002,1795
1007.4435,1007.4787,68437,81506,Rhinolophus ferrumequinum,0.026,0.026,-1,Echolocation,/mnt/ubna_data_01_mir/recover-20220825/UBNA_002/20220823_033000.WAV,Telephone Field,recover-20220825,002,1795
1007.4975,1007.5044,40937,65597,Pipistrellus nathusii,0.241,0.419,-1,Echolocation,/mnt/ubna_data_01_mir/recover-20220825/UBNA_002/20220823_033000.WAV,Telephone Field,recover-20220825,002,1795
1007.5485,1007.5556,28046,37928,Eptesicus serotinus,0.007,0.022,-1,Echolocation,/mnt/ubna_data_01_mir/recover-20220825/UBNA_002/20220823_033000.WAV,Telephone Field,recover-20220825,002,1795
1007.5515,1007.5585,56406,61614,Pipistrellus pygmaeus,0.021,0.021,-1,Echolocation,/mnt/ubna_data_01_mir/recover-20220825/UBNA_002/20220823_033000.WAV,Telephone Field,recover-20220825,002,1795
1007.5605,1007.5703,52968,58224,Pipistrellus pygmaeus,0.032,0.034,-1,Echolocation,/mnt/ubna_data_01_mir/recover-20220825/UBNA_002/20220823_033000.WAV,Telephone Field,recover-20220825,002,1795
1007.5625,1007.5681,26328,93811,Myotis bechsteinii,0.067,0.099,-1,Echolocation,/mnt/ubna_data_01_mir/recover-20220825/UBNA_002/20220823_033000.WAV,Telephone Field,recover-20220825,002,1795
1007.5625,1007.5689,36640,81787,Myotis brandtii,0.35,0.396,-1,Echolocation,/mnt/ubna_data_01_mir/recover-20220825/UBNA_002/20220823_033000.WAV,Telephone Field,recover-20220825,002,1795
1007.5705,1007.5762,31484,49097,Myotis brandtii,0.008,0.021,-1,Echolocation,/mnt/ubna_data_01_mir/recover-20220825/UBNA_002/20220823_033000.WAV,Telephone Field,recover-20220825,002,1795
1007.5735,1007.6089,68437,81698,Rhinolophus ferrumequinum,0.021,0.021,-1,Echolocation,/mnt/ubna_data_01_mir/recover-20220825/UBNA_002/20220823_033000.WAV,Telephone Field,recover-20220825,002,1795
1007.6435,1007.6526,54687,60452,Pipistrellus pygmaeus,0.026,0.027,-1,Echolocation,/mnt/ubna_data_01_mir/recover-20220825/UBNA_002/20220823_033000.WAV,Telephone Field,recover-20220825,002,1795
1007.6514999999999,1007.6565,29765,85918,Myotis brandtii,0.047,0.077,-1,Echolocation,/mnt/ubna_data_01_mir/recover-20220825/UBNA_002/20220823_033000.WAV,Telephone Field,recover-20220825,002,1795
1007.6514999999999,1007.6567,41796,60995,Pipistrellus nathusii,0.228,0.468,-1,Echolocation,/mnt/ubna_data_01_mir/recover-20220825/UBNA_002/20220823_033000.WAV,Telephone Field,recover-20220825,002,1795
1007.6635,1007.6971,68437,81852,Rhinolophus ferrumequinum,0.022,0.022,-1,Echolocation,/mnt/ubna_data_01_mir/recover-20220825/UBNA_002/20220823_033000.WAV,Telephone Field,recover-20220825,002,1795
1007.6895,1007.6955,49531,59756,Pipistrellus pipistrellus,0.018,0.024,-1,Echolocation,/mnt/ubna_data_01_mir/recover-20220825/UBNA_002/20220823_033000.WAV,Telephone Field,recover-20220825,002,1795
1007.7275,1007.7343,50390,54893,Pipistrellus pipistrellus,0.016,0.024,-1,Echolocation,/mnt/ubna_data_01_mir/recover-20220825/UBNA_002/20220823_033000.WAV,Telephone Field,recover-20220825,002,1795
1007.7345,1007.7412,37500,74169,Myotis brandtii,0.279,0.361,-1,Echolocation,/mnt/ubna_data_01_mir/recover-20220825/UBNA_002/20220823_033000.WAV,Telephone Field,recover-20220825,002,1795
1007.7365,1007.7423,49531,53732,Pipistrellus pipistrellus,0.017,0.033,-1,Echolocation,/mnt/ubna_data_01_mir/recover-20220825/UBNA_002/20220823_033000.WAV,Telephone Field,recover-20220825,002,1795
1007.7825,1007.7916,28046,38418,Eptesicus serotinus,0.013,0.025,-1,Echolocation,/mnt/ubna_data_01_mir/recover-20220825/UBNA_002/20220823_033000.WAV,Telephone Field,recover-20220825,002,1795
1007.8155,1007.8211,41796,66008,Myotis brandtii,0.194,0.407,-1,Echolocation,/mnt/ubna_data_01_mir/recover-20220825/UBNA_002/20220823_033000.WAV,Telephone Field,recover-20220825,002,1795
1007.8155,1007.8208,28046,88574,Myotis brandtii,0.034,0.079,-1,Echolocation,/mnt/ubna_data_01_mir/recover-20220825/UBNA_002/20220823_033000.WAV,Telephone Field,recover-20220825,002,1795
1007.8465,1007.8535,50390,58887,Pipistrellus pipistrellus,0.018,0.023,-1,Echolocation,/mnt/ubna_data_01_mir/recover-20220825/UBNA_002/20220823_033000.WAV,Telephone Field,recover-20220825,002,1795
1007.8765,1007.8863,49531,54413,Pipistrellus pipistrellus,0.018,0.039,-1,Echolocation,/mnt/ubna_data_01_mir/recover-20220825/UBNA_002/20220823_033000.WAV,Telephone Field,recover-20220825,002,1795
1007.8815,1007.8884,40078,67947,Myotis brandtii,0.236,0.417,-1,Echolocation,/mnt/ubna_data_01_mir/recover-20220825/UBNA_002/20220823_033000.WAV,Telephone Field,recover-20220825,002,1795
1007.9085,1007.9483,68437,81600,Rhinolophus ferrumequinum,0.022,0.022,-1,Echolocation,/mnt/ubna_data_01_mir/recover-20220825/UBNA_002/20220823_033000.WAV,Telephone Field,recover-20220825,002,1795
1007.9345,1007.9435,50390,57822,Pipistrellus pipistrellus,0.02,0.036,-1,Echolocation,/mnt/ubna_data_01_mir/recover-20220825/UBNA_002/20220823_033000.WAV,Telephone Field,recover-20220825,002,1795
1007.9415,1007.949,36640,73239,Myotis brandtii,0.249,0.336,-1,Echolocation,/mnt/ubna_data_01_mir/recover-20220825/UBNA_002/20220823_033000.WAV,Telephone Field,recover-20220825,002,1795
1007.9435,1007.9513,48671,54109,Pipistrellus pipistrellus,0.019,0.033,-1,Echolocation,/mnt/ubna_data_01_mir/recover-20220825/UBNA_002/20220823_033000.WAV,Telephone Field,recover-20220825,002,1795
1007.9515,1007.9571,32343,49757,Myotis brandtii,0.01,0.023,-1,Echolocation,/mnt/ubna_data_01_mir/recover-20220825/UBNA_002/20220823_033000.WAV,Telephone Field,recover-20220825,002,1795
1007.9835,1007.991,28046,38895,Eptesicus serotinus,0.008,0.022,-1,Echolocation,/mnt/ubna_data_01_mir/recover-20220825/UBNA_002/20220823_033000.WAV,Telephone Field,recover-20220825,002,1795
1008.0015,1008.0319,69296,81671,Rhinolophus ferrumequinum,0.03,0.03,-1,Echolocation,/mnt/ubna_data_01_mir/recover-20220825/UBNA_002/20220823_033000.WAV,Telephone Field,recover-20220825,002,1795
1008.0015,1008.0117,22031,26852,Nyctalus leisleri,0.026,0.051,-1,Echolocation,/mnt/ubna_data_01_mir/recover-20220825/UBNA_002/20220823_033000.WAV,Telephone Field,recover-20220825,002,1795
1008.0015,1008.0122,47812,57155,Pipistrellus pipistrellus,0.017,0.027,-1,Echolocation,/mnt/ubna_data_01_mir/recover-20220825/UBNA_002/20220823_033000.WAV,Telephone Field,recover-20220825,002,1795
1008.0015,1008.0094,39218,46104,Pipistrellus nathusii,0.008,0.022,-1,Echolocation,/mnt/ubna_data_01_mir/recover-20220825/UBNA_002/20220823_033000.WAV,Telephone Field,recover-20220825,002,1795
1008.0205,1008.0267,27187,38767,Barbastellus barbastellus,0.009,0.035,-1,Echolocation,/mnt/ubna_data_01_mir/recover-20220825/UBNA_002/20220823_033000.WAV,Telephone Field,recover-20220825,002,1795
1008.0264999999999,1008.035,42656,50075,Pipistrellus nathusii,0.177,0.211,-1,Echolocation,/mnt/ubna_data_01_mir/recover-20220825/UBNA_002/20220823_033000.WAV,Telephone Field,recover-20220825,002,1795
1008.0535,1008.0925,68437,82535,Rhinolophus ferrumequinum,0.023,0.023,-1,Echolocation,/mnt/ubna_data_01_mir/recover-20220825/UBNA_002/20220823_033000.WAV,Telephone Field,recover-20220825,002,1795
1008.1055,1008.1122,40078,53240,Pipistrellus nathusii,0.214,0.367,-1,Echolocation,/mnt/ubna_data_01_mir/recover-20220825/UBNA_002/20220823_033000.WAV,Telephone Field,recover-20220825,002,1795
1008.1295,1008.141,56406,62306,Pipistrellus pygmaeus,0.021,0.022,-1,Echolocation,/mnt/ubna_data_01_mir/recover-20220825/UBNA_002/20220823_033000.WAV,Telephone Field,recover-20220825,002,1795
1008.1435,1008.1536,55546,61373,Pipistrellus pygmaeus,0.021,0.021,-1,Echolocation,/mnt/ubna_data_01_mir/recover-20220825/UBNA_002/20220823_033000.WAV,Telephone Field,recover-20220825,002,1795
1008.1905,1008.2039,41796,47494,Pipistrellus nathusii,0.401,0.431,-1,Echolocation,/mnt/ubna_data_01_mir/recover-20220825/UBNA_002/20220823_033000.WAV,Telephone Field,recover-20220825,002,1795
1008.2455,1008.254,41796,52295,Pipistrellus nathusii,0.267,0.351,-1,Echolocation,/mnt/ubna_data_01_mir/recover-20220825/UBNA_002/20220823_033000.WAV,Telephone Field,recover-20220825,002,1795
1008.2755,1008.2855,22890,29660,Nyctalus leisleri,0.008,0.026,-1,Echolocation,/mnt/ubna_data_01_mir/recover-20220825/UBNA_002/20220823_033000.WAV,Telephone Field,recover-20220825,002,1795
1008.3075,1008.3166,40937,51742,Pipistrellus nathusii,0.355,0.385,-1,Echolocation,/mnt/ubna_data_01_mir/recover-20220825/UBNA_002/20220823_033000.WAV,Telephone Field,recover-20220825,002,1795
1008.3275,1008.3347,26328,36174,Eptesicus serotinus,0.006,0.023,-1,Echolocation,/mnt/ubna_data_01_mir/recover-20220825/UBNA_002/20220823_033000.WAV,Telephone Field,recover-20220825,002,1795
1008.3285,1008.369,68437,81501,Rhinolophus ferrumequinum,0.021,0.021,-1,Echolocation,/mnt/ubna_data_01_mir/recover-20220825/UBNA_002/20220823_033000.WAV,Telephone Field,recover-20220825,002,1795
1008.3725,1008.3821,25468,33376,Eptesicus serotinus,0.009,0.022,-1,Echolocation,/mnt/ubna_data_01_mir/recover-20220825/UBNA_002/20220823_033000.WAV,Telephone Field,recover-20220825,002,1795
1008.3925,1008.398,35781,51417,Myotis brandtii,0.012,0.026,-1,Echolocation,/mnt/ubna_data_01_mir/recover-20220825/UBNA_002/20220823_033000.WAV,Telephone Field,recover-20220825,002,1795
1008.3945,1008.4014,25468,36120,Eptesicus serotinus,0.006,0.021,-1,Echolocation,/mnt/ubna_data_01_mir/recover-20220825/UBNA_002/20220823_033000.WAV,Telephone Field,recover-20220825,002,1795
1008.4055,1008.4445,68437,82046,Rhinolophus ferrumequinum,0.021,0.021,-1,Echolocation,/mnt/ubna_data_01_mir/recover-20220825/UBNA_002/20220823_033000.WAV,Telephone Field,recover-20220825,002,1795
1008.4415,1008.4807,68437,82478,Rhinolophus ferrumequinum,0.021,0.021,-1,Echolocation,/mnt/ubna_data_01_mir/recover-20220825/UBNA_002/20220823_033000.WAV,Telephone Field,recover-20220825,002,1795
1008.4785,1008.4883,40937,48432,Pipistrellus nathusii,0.308,0.369,-1,Echolocation,/mnt/ubna_data_01_mir/recover-20220825/UBNA_002/20220823_033000.WAV,Telephone Field,recover-20220825,002,1795
1008.5195,1008.5281,27187,37668,Eptesicus serotinus,0.008,0.021,-1,Echolocation,/mnt/ubna_data_01_mir/recover-20220825/UBNA_002/20220823_033000.WAV,Telephone Field,recover-20220825,002,1795
1008.5205,1008.5289,32343,39933,Barbastellus barbastellus,0.007,0.021,-1,Echolocation,/mnt/ubna_data_01_mir/recover-20220825/UBNA_002/20220823_033000.WAV,Telephone Field,recover-20220825,002,1795
1008.5435,1008.5508,27187,35735,Eptesicus serotinus,0.006,0.022,-1,Echolocation,/mnt/ubna_data_01_mir/recover-20220825/UBNA_002/20220823_033000.WAV,Telephone Field,recover-20220825,002,1795
1008.5705,1008.6104,68437,82099,Rhinolophus ferrumequinum,0.035,0.035,-1,Echolocation,/mnt/ubna_data_01_mir/recover-20220825/UBNA_002/20220823_033000.WAV,Telephone Field,recover-20220825,002,1795
1008.6385,1008.6795,68437,82541,Rhinolophus ferrumequinum,0.021,0.021,-1,Echolocation,/mnt/ubna_data_01_mir/recover-20220825/UBNA_002/20220823_033000.WAV,Telephone Field,recover-20220825,002,1795
1008.6585,1008.6984,68437,82544,Rhinolophus ferrumequinum,0.021,0.021,-1,Echolocation,/mnt/ubna_data_01_mir/recover-20220825/UBNA_002/20220823_033000.WAV,Telephone Field,recover-20220825,002,1795
1008.6685,1008.6772,40937,50156,Pipistrellus nathusii,0.207,0.265,-1,Echolocation,/mnt/ubna_data_01_mir/recover-20220825/UBNA_002/20220823_033000.WAV,Telephone Field,recover-20220825,002,1795
1008.7545,1008.7624,43515,57122,Pipistrellus nathusii,0.016,0.037,-1,Echolocation,/mnt/ubna_data_01_mir/recover-20220825/UBNA_002/20220823_033000.WAV,Telephone Field,recover-20220825,002,1795
1008.7575,1008.7632,31484,54693,Myotis brandtii,0.011,0.022,-1,Echolocation,/mnt/ubna_data_01_mir/recover-20220825/UBNA_002/20220823_033000.WAV,Telephone Field,recover-20220825,002,1795
1008.7985,1008.8066,27187,37007,Eptesicus serotinus,0.01,0.029,-1,Echolocation,/mnt/ubna_data_01_mir/recover-20220825/UBNA_002/20220823_033000.WAV,Telephone Field,recover-20220825,002,1795
1008.8255,1008.8329,47812,54200,Pipistrellus pipistrellus,0.016,0.021,-1,Echolocation,/mnt/ubna_data_01_mir/recover-20220825/UBNA_002/20220823_033000.WAV,Telephone Field,recover-20220825,002,1795
1008.8535,1008.8627,40937,51779,Pipistrellus nathusii,0.034,0.056,-1,Echolocation,/mnt/ubna_data_01_mir/recover-20220825/UBNA_002/20220823_033000.WAV,Telephone Field,recover-20220825,002,1795
1008.8575,1008.865,25468,36247,Eptesicus serotinus,0.008,0.026,-1,Echolocation,/mnt/ubna_data_01_mir/recover-20220825/UBNA_002/20220823_033000.WAV,Telephone Field,recover-20220825,002,1795
1008.9245,1008.9306,37500,49579,Myotis brandtii,0.008,0.022,-1,Echolocation,/mnt/ubna_data_01_mir/recover-20220825/UBNA_002/20220823_033000.WAV,Telephone Field,recover-20220825,002,1795
1008.9335,1008.9741,68437,82213,Rhinolophus ferrumequinum,0.021,0.021,-1,Echolocation,/mnt/ubna_data_01_mir/recover-20220825/UBNA_002/20220823_033000.WAV,Telephone Field,recover-20220825,002,1795
1008.9665,1008.9839,21171,24546,Nyctalus leisleri,0.013,0.024,-1,Echolocation,/mnt/ubna_data_01_mir/recover-20220825/UBNA_002/20220823_033000.WAV,Telephone Field,recover-20220825,002,1795
1008.9725,1008.9807,54687,59740,Pipistrellus pygmaeus,0.024,0.024,-1,Echolocation,/mnt/ubna_data_01_mir/recover-20220825/UBNA_002/20220823_033000.WAV,Telephone Field,recover-20220825,002,1795
1008.9795,1009.0204,68437,82957,Rhinolophus ferrumequinum,0.033,0.033,-1,Echolocation,/mnt/ubna_data_01_mir/recover-20220825/UBNA_002/20220823_033000.WAV,Telephone Field,recover-20220825,002,1795
1008.9935,1009.0011,26328,37418,Eptesicus serotinus,0.01,0.026,-1,Echolocation,/mnt/ubna_data_01_mir/recover-20220825/UBNA_002/20220823_033000.WAV,Telephone Field,recover-20220825,002,1795
1009.0195,1009.0271,26328,37155,Eptesicus serotinus,0.007,0.021,-1,Echolocation,/mnt/ubna_data_01_mir/recover-20220825/UBNA_002/20220823_033000.WAV,Telephone Field,recover-20220825,002,1795
1009.0395,1009.0473,40078,51380,Pipistrellus nathusii,0.128,0.196,-1,Echolocation,/mnt/ubna_data_01_mir/recover-20220825/UBNA_002/20220823_033000.WAV,Telephone Field,recover-20220825,002,1795
1009.1215,1009.128,39218,49922,Pipistrellus nathusii,0.1,0.297,-1,Echolocation,/mnt/ubna_data_01_mir/recover-20220825/UBNA_002/20220823_033000.WAV,Telephone Field,recover-20220825,002,1795
1009.1905,1009.1976,40078,48893,Pipistrellus nathusii,0.199,0.35,-1,Echolocation,/mnt/ubna_data_01_mir/recover-20220825/UBNA_002/20220823_033000.WAV,Telephone Field,recover-20220825,002,1795
1009.2405,1009.2778,68437,81482,Rhinolophus ferrumequinum,0.021,0.021,-1,Echolocation,/mnt/ubna_data_01_mir/recover-20220825/UBNA_002/20220823_033000.WAV,Telephone Field,recover-20220825,002,1795
1009.2405,1009.2491,38359,47197,Pipistrellus nathusii,0.012,0.024,-1,Echolocation,/mnt/ubna_data_01_mir/recover-20220825/UBNA_002/20220823_033000.WAV,Telephone Field,recover-20220825,002,1795
1009.2625,1009.2696,41796,52130,Pipistrellus nathusii,0.023,0.042,-1,Echolocation,/mnt/ubna_data_01_mir/recover-20220825/UBNA_002/20220823_033000.WAV,Telephone Field,recover-20220825,002,1795
1009.2745,1009.2817,26328,36595,Eptesicus serotinus,0.007,0.022,-1,Echolocation,/mnt/ubna_data_01_mir/recover-20220825/UBNA_002/20220823_033000.WAV,Telephone Field,recover-20220825,002,1795
1009.3305,1009.3359,40078,50465,Pipistrellus nathusii,0.363,0.457,-1,Echolocation,/mnt/ubna_data_01_mir/recover-20220825/UBNA_002/20220823_033000.WAV,Telephone Field,recover-20220825,002,1795
1009.3635,1009.3712,40937,52900,Pipistrellus nathusii,0.009,0.021,-1,Echolocation,/mnt/ubna_data_01_mir/recover-20220825/UBNA_002/20220823_033000.WAV,Telephone Field,recover-20220825,002,1795
1009.3795,1009.3902,37500,43030,Pipistrellus nathusii,0.048,0.062,-1,Echolocation,/mnt/ubna_data_01_mir/recover-20220825/UBNA_002/20220823_033000.WAV,Telephone Field,recover-20220825,002,1795
1009.3845,1009.3913,26328,36609,Eptesicus serotinus,0.006,0.023,-1,Echolocation,/mnt/ubna_data_01_mir/recover-20220825/UBNA_002/20220823_033000.WAV,Telephone Field,recover-20220825,002,1795
1009.3845,1009.422,68437,81780,Rhinolophus ferrumequinum,0.022,0.022,-1,Echolocation,/mnt/ubna_data_01_mir/recover-20220825/UBNA_002/20220823_033000.WAV,Telephone Field,recover-20220825,002,1795
1009.4055,1009.4166,35781,41240,Pipistrellus nathusii,0.017,0.029,-1,Echolocation,/mnt/ubna_data_01_mir/recover-20220825/UBNA_002/20220823_033000.WAV,Telephone Field,recover-20220825,002,1795
1009.4625,1009.4699,28906,41371,Myotis daubentonii,0.01,0.026,-1,Echolocation,/mnt/ubna_data_01_mir/recover-20220825/UBNA_002/20220823_033000.WAV,Telephone Field,recover-20220825,002,1795
1009.4815,1009.4889000000001,26328,37465,Eptesicus serotinus,0.006,0.022,-1,Echolocation,/mnt/ubna_data_01_mir/recover-20220825/UBNA_002/20220823_033000.WAV,Telephone Field,recover-20220825,002,1795
1009.5005,1009.5058,39218,50924,Pipistrellus nathusii,0.304,0.438,-1,Echolocation,/mnt/ubna_data_01_mir/recover-20220825/UBNA_002/20220823_033000.WAV,Telephone Field,recover-20220825,002,1795
1009.5185,1009.5292,22890,27333,Nyctalus leisleri,0.01,0.022,-1,Echolocation,/mnt/ubna_data_01_mir/recover-20220825/UBNA_002/20220823_033000.WAV,Telephone Field,recover-20220825,002,1795
1009.5205,1009.5627,68437,82277,Rhinolophus ferrumequinum,0.024,0.024,-1,Echolocation,/mnt/ubna_data_01_mir/recover-20220825/UBNA_002/20220823_033000.WAV,Telephone Field,recover-20220825,002,1795
1009.5535,1009.5645,24609,30868,Nyctalus leisleri,0.008,0.023,-1,Echolocation,/mnt/ubna_data_01_mir/recover-20220825/UBNA_002/20220823_033000.WAV,Telephone Field,recover-20220825,002,1795
1009.5925,1009.5983,33203,55575,Myotis brandtii,0.012,0.028,-1,Echolocation,/mnt/ubna_data_01_mir/recover-20220825/UBNA_002/20220823_033000.WAV,Telephone Field,recover-20220825,002,1795
1009.5965,1009.6052999999999,26328,35021,Eptesicus serotinus,0.01,0.028,-1,Echolocation,/mnt/ubna_data_01_mir/recover-20220825/UBNA_002/20220823_033000.WAV,Telephone Field,recover-20220825,002,1795
1009.6025,1009.612,27187,34193,Eptesicus serotinus,0.011,0.028,-1,Echolocation,/mnt/ubna_data_01_mir/recover-20220825/UBNA_002/20220823_033000.WAV,Telephone Field,recover-20220825,002,1795
1009.6595,1009.6663,34921,43156,Barbastellus barbastellus,0.008,0.025,-1,Echolocation,/mnt/ubna_data_01_mir/recover-20220825/UBNA_002/20220823_033000.WAV,Telephone Field,recover-20220825,002,1795
1009.6595,1009.667,26328,38987,Eptesicus serotinus,0.007,0.022,-1,Echolocation,/mnt/ubna_data_01_mir/recover-20220825/UBNA_002/20220823_033000.WAV,Telephone Field,recover-20220825,002,1795
1009.6705,1009.71,68437,82850,Rhinolophus ferrumequinum,0.023,0.023,-1,Echolocation,/mnt/ubna_data_01_mir/recover-20220825/UBNA_002/20220823_033000.WAV,Telephone Field,recover-20220825,002,1795
1009.6875,1009.6942,39218,49216,Pipistrellus nathusii,0.299,0.47,-1,Echolocation,/mnt/ubna_data_01_mir/recover-20220825/UBNA_002/20220823_033000.WAV,Telephone Field,recover-20220825,002,1795
1009.7115,1009.7205,27187,40674,Eptesicus serotinus,0.009,0.022,-1,Echolocation,/mnt/ubna_data_01_mir/recover-20220825/UBNA_002/20220823_033000.WAV,Telephone Field,recover-20220825,002,1795
1009.7445,1009.7818,68437,82231,Rhinolophus ferrumequinum,0.021,0.021,-1,Echolocation,/mnt/ubna_data_01_mir/recover-20220825/UBNA_002/20220823_033000.WAV,Telephone Field,recover-20220825,002,1795
1009.7725,1009.8089,68437,81271,Rhinolophus ferrumequinum,0.025,0.025,-1,Echolocation,/mnt/ubna_data_01_mir/recover-20220825/UBNA_002/20220823_033000.WAV,Telephone Field,recover-20220825,002,1795
1009.7805,1009.7868,37500,48732,Pipistrellus nathusii,0.27,0.417,-1,Echolocation,/mnt/ubna_data_01_mir/recover-20220825/UBNA_002/20220823_033000.WAV,Telephone Field,recover-20220825,002,1795
1009.8045,1009.8461,68437,82114,Rhinolophus ferrumequinum,0.021,0.021,-1,Echolocation,/mnt/ubna_data_01_mir/recover-20220825/UBNA_002/20220823_033000.WAV,Telephone Field,recover-20220825,002,1795
1009.8125,1009.8212,28046,39623,Eptesicus serotinus,0.008,0.022,-1,Echolocation,/mnt/ubna_data_01_mir/recover-20220825/UBNA_002/20220823_033000.WAV,Telephone Field,recover-20220825,002,1795
1009.8275,1009.8492,16875,20551,Nyctalus noctula,0.02,0.029,-1,Echolocation,/mnt/ubna_data_01_mir/recover-20220825/UBNA_002/20220823_033000.WAV,Telephone Field,recover-20220825,002,1795
1009.8625,1009.8681,35781,49287,Pipistrellus nathusii,0.208,0.384,-1,Echolocation,/mnt/ubna_data_01_mir/recover-20220825/UBNA_002/20220823_033000.WAV,Telephone Field,recover-20220825,002,1795
1009.8945,1009.9327,68437,82007,Rhinolophus ferrumequinum,0.025,0.025,-1,Echolocation,/mnt/ubna_data_01_mir/recover-20220825/UBNA_002/20220823_033000.WAV,Telephone Field,recover-20220825,002,1795
1009.9345,1009.9451,27187,34898,Eptesicus serotinus,0.013,0.027,-1,Echolocation,/mnt/ubna_data_01_mir/recover-20220825/UBNA_002/20220823_033000.WAV,Telephone Field,recover-20220825,002,1795
1009.9595,1009.9671,41796,50657,Pipistrellus nathusii,0.059,0.114,-1,Echolocation,/mnt/ubna_data_01_mir/recover-20220825/UBNA_002/20220823_033000.WAV,Telephone Field,recover-20220825,002,1795
1010.0015,1010.0102,23750,31067,Nyctalus leisleri,0.009,0.027,-1,Echolocation,/mnt/ubna_data_01_mir/recover-20220825/UBNA_002/20220823_033000.WAV,Telephone Field,recover-20220825,002,1795
1010.0015,1010.0329,68437,79560,Rhinolophus ferrumequinum,0.022,0.023,-1,Echolocation,/mnt/ubna_data_01_mir/recover-20220825/UBNA_002/20220823_033000.WAV,Telephone Field,recover-20220825,002,1795
1010.0425,1010.0518,25468,32262,Eptesicus serotinus,0.008,0.021,-1,Echolocation,/mnt/ubna_data_01_mir/recover-20220825/UBNA_002/20220823_033000.WAV,Telephone Field,recover-20220825,002,1795
1010.0535,1010.0594,37500,49490,Pipistrellus nathusii,0.24,0.478,-1,Echolocation,/mnt/ubna_data_01_mir/recover-20220825/UBNA_002/20220823_033000.WAV,Telephone Field,recover-20220825,002,1795
1010.0535,1010.0908,68437,81782,Rhinolophus ferrumequinum,0.021,0.021,-1,Echolocation,/mnt/ubna_data_01_mir/recover-20220825/UBNA_002/20220823_033000.WAV,Telephone Field,recover-20220825,002,1795
1010.0865,1010.0947,28046,39645,Eptesicus serotinus,0.01,0.024,-1,Echolocation,/mnt/ubna_data_01_mir/recover-20220825/UBNA_002/20220823_033000.WAV,Telephone Field,recover-20220825,002,1795
1010.0945,1010.1041,28046,37163,Eptesicus serotinus,0.011,0.021,-1,Echolocation,/mnt/ubna_data_01_mir/recover-20220825/UBNA_002/20220823_033000.WAV,Telephone Field,recover-20220825,002,1795
1010.0985000000001,1010.1355,68437,81772,Rhinolophus ferrumequinum,0.02,0.02,-1,Echolocation,/mnt/ubna_data_01_mir/recover-20220825/UBNA_002/20220823_033000.WAV,Telephone Field,recover-20220825,002,1795
1010.1155,1010.1547,68437,82248,Rhinolophus ferrumequinum,0.02,0.02,-1,Echolocation,/mnt/ubna_data_01_mir/recover-20220825/UBNA_002/20220823_033000.WAV,Telephone Field,recover-20220825,002,1795
1010.1235,1010.1329,27187,37479,Eptesicus serotinus,0.009,0.021,-1,Echolocation,/mnt/ubna_data_01_mir/recover-20220825/UBNA_002/20220823_033000.WAV,Telephone Field,recover-20220825,002,1795
1010.1365,1010.175,68437,82006,Rhinolophus ferrumequinum,0.021,0.021,-1,Echolocation,/mnt/ubna_data_01_mir/recover-20220825/UBNA_002/20220823_033000.WAV,Telephone Field,recover-20220825,002,1795
1010.1535,1010.1603,39218,48458,Pipistrellus nathusii,0.097,0.267,-1,Echolocation,/mnt/ubna_data_01_mir/recover-20220825/UBNA_002/20220823_033000.WAV,Telephone Field,recover-20220825,002,1795
1010.1665,1010.1975,68437,80852,Rhinolophus ferrumequinum,0.021,0.021,-1,Echolocation,/mnt/ubna_data_01_mir/recover-20220825/UBNA_002/20220823_033000.WAV,Telephone Field,recover-20220825,002,1795
1010.1755,1010.2136,68437,81838,Rhinolophus ferrumequinum,0.023,0.023,-1,Echolocation,/mnt/ubna_data_01_mir/recover-20220825/UBNA_002/20220823_033000.WAV,Telephone Field,recover-20220825,002,1795
1010.1895,1010.2241,68437,81368,Rhinolophus ferrumequinum,0.022,0.022,-1,Echolocation,/mnt/ubna_data_01_mir/recover-20220825/UBNA_002/20220823_033000.WAV,Telephone Field,recover-20220825,002,1795
1010.2355,1010.2426,27187,39404,Eptesicus serotinus,0.008,0.024,-1,Echolocation,/mnt/ubna_data_01_mir/recover-20220825/UBNA_002/20220823_033000.WAV,Telephone Field,recover-20220825,002,1795
1010.2445,1010.2518,39218,46623,Pipistrellus nathusii,0.232,0.426,-1,Echolocation,/mnt/ubna_data_01_mir/recover-20220825/UBNA_002/20220823_033000.WAV,Telephone Field,recover-20220825,002,1795
1010.2555,1010.2657,27187,32716,Eptesicus serotinus,0.01,0.024,-1,Echolocation,/mnt/ubna_data_01_mir/recover-20220825/UBNA_002/20220823_033000.WAV,Telephone Field,recover-20220825,002,1795
1010.2905,1010.2997,28046,37073,Eptesicus serotinus,0.009,0.021,-1,Echolocation,/mnt/ubna_data_01_mir/recover-20220825/UBNA_002/20220823_033000.WAV,Telephone Field,recover-20220825,002,1795
1010.2945,1010.3054,33203,39668,Barbastellus barbastellus,0.005,0.021,-1,Echolocation,/mnt/ubna_data_01_mir/recover-20220825/UBNA_002/20220823_033000.WAV,Telephone Field,recover-20220825,002,1795
1010.2955,1010.3034,27187,37134,Eptesicus serotinus,0.008,0.021,-1,Echolocation,/mnt/ubna_data_01_mir/recover-20220825/UBNA_002/20220823_033000.WAV,Telephone Field,recover-20220825,002,1795
1010.3215,1010.3311,25468,33426,Eptesicus serotinus,0.012,0.025,-1,Echolocation,/mnt/ubna_data_01_mir/recover-20220825/UBNA_002/20220823_033000.WAV,Telephone Field,recover-20220825,002,1795
1010.3735,1010.3829,27187,37440,Eptesicus serotinus,0.01,0.023,-1,Echolocation,/mnt/ubna_data_01_mir/recover-20220825/UBNA_002/20220823_033000.WAV,Telephone Field,recover-20220825,002,1795
1010.3995,1010.4079,28046,37504,Eptesicus serotinus,0.009,0.022,-1,Echolocation,/mnt/ubna_data_01_mir/recover-20220825/UBNA_002/20220823_033000.WAV,Telephone Field,recover-20220825,002,1795
1010.4105,1010.4447,68437,80908,Rhinolophus ferrumequinum,0.022,0.022,-1,Echolocation,/mnt/ubna_data_01_mir/recover-20220825/UBNA_002/20220823_033000.WAV,Telephone Field,recover-20220825,002,1795
1010.4365,1010.4447,36640,43799,Pipistrellus nathusii,0.042,0.114,-1,Echolocation,/mnt/ubna_data_01_mir/recover-20220825/UBNA_002/20220823_033000.WAV,Telephone Field,recover-20220825,002,1795
1010.4395,1010.4467,26328,40601,Eptesicus serotinus,0.008,0.024,-1,Echolocation,/mnt/ubna_data_01_mir/recover-20220825/UBNA_002/20220823_033000.WAV,Telephone Field,recover-20220825,002,1795
1010.4535,1010.4611,27187,39372,Eptesicus serotinus,0.007,0.021,-1,Echolocation,/mnt/ubna_data_01_mir/recover-20220825/UBNA_002/20220823_033000.WAV,Telephone Field,recover-20220825,002,1795
1010.4835,1010.4907,28046,39282,Eptesicus serotinus,0.008,0.025,-1,Echolocation,/mnt/ubna_data_01_mir/recover-20220825/UBNA_002/20220823_033000.WAV,Telephone Field,recover-20220825,002,1795
1010.5145,1010.5232,28046,36715,Eptesicus serotinus,0.009,0.023,-1,Echolocation,/mnt/ubna_data_01_mir/recover-20220825/UBNA_002/20220823_033000.WAV,Telephone Field,recover-20220825,002,1795
1010.5255,1010.5645,68437,82283,Rhinolophus ferrumequinum,0.02,0.02,-1,Echolocation,/mnt/ubna_data_01_mir/recover-20220825/UBNA_002/20220823_033000.WAV,Telephone Field,recover-20220825,002,1795
1010.5805,1010.5881,24609,32863,Plecotus austriacus,0.006,0.02,-1,Echolocation,/mnt/ubna_data_01_mir/recover-20220825/UBNA_002/20220823_033000.WAV,Telephone Field,recover-20220825,002,1795
1010.5995,1010.6081,28046,36587,Eptesicus serotinus,0.012,0.025,-1,Echolocation,/mnt/ubna_data_01_mir/recover-20220825/UBNA_002/20220823_033000.WAV,Telephone Field,recover-20220825,002,1795
1010.6095,1010.6179,27187,38823,Eptesicus serotinus,0.008,0.021,-1,Echolocation,/mnt/ubna_data_01_mir/recover-20220825/UBNA_002/20220823_033000.WAV,Telephone Field,recover-20220825,002,1795
1010.6195,1010.6302,22890,27458,Nyctalus leisleri,0.012,0.024,-1,Echolocation,/mnt/ubna_data_01_mir/recover-20220825/UBNA_002/20220823_033000.WAV,Telephone Field,recover-20220825,002,1795
1010.6375,1010.6452,26328,35896,Eptesicus serotinus,0.008,0.02,-1,Echolocation,/mnt/ubna_data_01_mir/recover-20220825/UBNA_002/20220823_033000.WAV,Telephone Field,recover-20220825,002,1795
1010.6995,1010.7085,28046,36251,Eptesicus serotinus,0.01,0.022,-1,Echolocation,/mnt/ubna_data_01_mir/recover-20220825/UBNA_002/20220823_033000.WAV,Telephone Field,recover-20220825,002,1795
1010.7205,1010.7321,40937,44883,Pipistrellus nathusii,0.011,0.021,-1,Echolocation,/mnt/ubna_data_01_mir/recover-20220825/UBNA_002/20220823_033000.WAV,Telephone Field,recover-20220825,002,1795
1010.7615,1010.7735,15156,21216,Nyctalus noctula,0.018,0.03,-1,Echolocation,/mnt/ubna_data_01_mir/recover-20220825/UBNA_002/20220823_033000.WAV,Telephone Field,recover-20220825,002,1795
1010.7745,1010.8125,68437,81675,Rhinolophus ferrumequinum,0.02,0.02,-1,Echolocation,/mnt/ubna_data_01_mir/recover-20220825/UBNA_002/20220823_033000.WAV,Telephone Field,recover-20220825,002,1795
1010.7885,1010.8246,68437,81540,Rhinolophus ferrumequinum,0.02,0.02,-1,Echolocation,/mnt/ubna_data_01_mir/recover-20220825/UBNA_002/20220823_033000.WAV,Telephone Field,recover-20220825,002,1795
1010.8155,1010.8548,68437,82678,Rhinolophus ferrumequinum,0.02,0.02,-1,Echolocation,/mnt/ubna_data_01_mir/recover-20220825/UBNA_002/20220823_033000.WAV,Telephone Field,recover-20220825,002,1795
1010.8415,1010.8511,22890,29299,Nyctalus leisleri,0.009,0.025,-1,Echolocation,/mnt/ubna_data_01_mir/recover-20220825/UBNA_002/20220823_033000.WAV,Telephone Field,recover-20220825,002,1795
1010.8515,1010.8911,68437,82488,Rhinolophus ferrumequinum,0.021,0.021,-1,Echolocation,/mnt/ubna_data_01_mir/recover-20220825/UBNA_002/20220823_033000.WAV,Telephone Field,recover-20220825,002,1795
1010.8745,1010.9135,68437,82854,Rhinolophus ferrumequinum,0.022,0.022,-1,Echolocation,/mnt/ubna_data_01_mir/recover-20220825/UBNA_002/20220823_033000.WAV,Telephone Field,recover-20220825,002,1795
1010.8865,1010.898,28046,33997,Eptesicus serotinus,0.013,0.027,-1,Echolocation,/mnt/ubna_data_01_mir/recover-20220825/UBNA_002/20220823_033000.WAV,Telephone Field,recover-20220825,002,1795
1010.8865,1010.9269,68437,82685,Rhinolophus ferrumequinum,0.02,0.02,-1,Echolocation,/mnt/ubna_data_01_mir/recover-20220825/UBNA_002/20220823_033000.WAV,Telephone Field,recover-20220825,002,1795
1010.9345,1010.9718,68437,81802,Rhinolophus ferrumequinum,0.022,0.022,-1,Echolocation,/mnt/ubna_data_01_mir/recover-20220825/UBNA_002/20220823_033000.WAV,Telephone Field,recover-20220825,002,1795
1010.9375,1010.9461,27187,39440,Eptesicus serotinus,0.007,0.02,-1,Echolocation,/mnt/ubna_data_01_mir/recover-20220825/UBNA_002/20220823_033000.WAV,Telephone Field,recover-20220825,002,1795
1011.0065,1011.016,24609,31814,Eptesicus serotinus,0.008,0.022,-1,Echolocation,/mnt/ubna_data_01_mir/recover-20220825/UBNA_002/20220823_033000.WAV,Telephone Field,recover-20220825,002,1795
1011.0155,1011.0546,68437,82230,Rhinolophus ferrumequinum,0.02,0.02,-1,Echolocation,/mnt/ubna_data_01_mir/recover-20220825/UBNA_002/20220823_033000.WAV,Telephone Field,recover-20220825,002,1795
1011.0565,1011.0649,27187,38752,Eptesicus serotinus,0.009,0.021,-1,Echolocation,/mnt/ubna_data_01_mir/recover-20220825/UBNA_002/20220823_033000.WAV,Telephone Field,recover-20220825,002,1795
1011.1045,1011.115,22890,27635,Nyctalus leisleri,0.01,0.022,-1,Echolocation,/mnt/ubna_data_01_mir/recover-20220825/UBNA_002/20220823_033000.WAV,Telephone Field,recover-20220825,002,1795
1011.1055,1011.1484,68437,82787,Rhinolophus ferrumequinum,0.022,0.022,-1,Echolocation,/mnt/ubna_data_01_mir/recover-20220825/UBNA_002/20220823_033000.WAV,Telephone Field,recover-20220825,002,1795
1011.1955,1011.2039,41796,49271,Pipistrellus nathusii,0.01,0.024,-1,Echolocation,/mnt/ubna_data_01_mir/recover-20220825/UBNA_002/20220823_033000.WAV,Telephone Field,recover-20220825,002,1795
1011.2295,1011.2379,37500,44247,Myotis daubentonii,0.006,0.023,-1,Echolocation,/mnt/ubna_data_01_mir/recover-20220825/UBNA_002/20220823_033000.WAV,Telephone Field,recover-20220825,002,1795
1011.2325,1011.2391,27187,41710,Eptesicus serotinus,0.008,0.028,-1,Echolocation,/mnt/ubna_data_01_mir/recover-20220825/UBNA_002/20220823_033000.WAV,Telephone Field,recover-20220825,002,1795
1011.2575,1011.2655,27187,39529,Eptesicus serotinus,0.009,0.02,-1,Echolocation,/mnt/ubna_data_01_mir/recover-20220825/UBNA_002/20220823_033000.WAV,Telephone Field,recover-20220825,002,1795
1011.3385,1011.38,68437,82917,Rhinolophus ferrumequinum,0.032,0.032,-1,Echolocation,/mnt/ubna_data_01_mir/recover-20220825/UBNA_002/20220823_033000.WAV,Telephone Field,recover-20220825,002,1795
1011.4425,1011.4528,23750,29746,Nyctalus leisleri,0.009,0.023,-1,Echolocation,/mnt/ubna_data_01_mir/recover-20220825/UBNA_002/20220823_033000.WAV,Telephone Field,recover-20220825,002,1795
1011.4815,1011.4928,39218,44348,Pipistrellus nathusii,0.013,0.02,-1,Echolocation,/mnt/ubna_data_01_mir/recover-20220825/UBNA_002/20220823_033000.WAV,Telephone Field,recover-20220825,002,1795
1011.4995,1011.5066,27187,44524,Eptesicus serotinus,0.008,0.024,-1,Echolocation,/mnt/ubna_data_01_mir/recover-20220825/UBNA_002/20220823_033000.WAV,Telephone Field,recover-20220825,002,1795
1011.5115,1011.5192,27187,38615,Eptesicus serotinus,0.008,0.023,-1,Echolocation,/mnt/ubna_data_01_mir/recover-20220825/UBNA_002/20220823_033000.WAV,Telephone Field,recover-20220825,002,1795
1011.5345,1011.5414,48671,55063,Pipistrellus pipistrellus,0.017,0.02,-1,Echolocation,/mnt/ubna_data_01_mir/recover-20220825/UBNA_002/20220823_033000.WAV,Telephone Field,recover-20220825,002,1795
1011.5465,1011.5566,22890,28249,Nyctalus leisleri,0.008,0.021,-1,Echolocation,/mnt/ubna_data_01_mir/recover-20220825/UBNA_002/20220823_033000.WAV,Telephone Field,recover-20220825,002,1795
1011.5635,1011.5713,25468,36267,Eptesicus serotinus,0.006,0.02,-1,Echolocation,/mnt/ubna_data_01_mir/recover-20220825/UBNA_002/20220823_033000.WAV,Telephone Field,recover-20220825,002,1795
1011.5815,1011.591,24609,32165,Eptesicus serotinus,0.009,0.027,-1,Echolocation,/mnt/ubna_data_01_mir/recover-20220825/UBNA_002/20220823_033000.WAV,Telephone Field,recover-20220825,002,1795
1011.6525,1011.6607,50390,55669,Pipistrellus pipistrellus,0.019,0.024,-1,Echolocation,/mnt/ubna_data_01_mir/recover-20220825/UBNA_002/20220823_033000.WAV,Telephone Field,recover-20220825,002,1795
1011.6605,1011.6823,18593,21751,Nyctalus noctula,0.059,0.09,-1,Echolocation,/mnt/ubna_data_01_mir/recover-20220825/UBNA_002/20220823_033000.WAV,Telephone Field,recover-20220825,002,1795
1011.7595,1011.7998,68437,82808,Rhinolophus ferrumequinum,0.021,0.021,-1,Echolocation,/mnt/ubna_data_01_mir/recover-20220825/UBNA_002/20220823_033000.WAV,Telephone Field,recover-20220825,002,1795
1011.7665,1011.776,25468,32367,Eptesicus serotinus,0.009,0.022,-1,Echolocation,/mnt/ubna_data_01_mir/recover-20220825/UBNA_002/20220823_033000.WAV,Telephone Field,recover-20220825,002,1795
1011.7805,1011.7918999999999,28046,35285,Eptesicus serotinus,0.012,0.024,-1,Echolocation,/mnt/ubna_data_01_mir/recover-20220825/UBNA_002/20220823_033000.WAV,Telephone Field,recover-20220825,002,1795
1011.8005,1011.8383,68437,81862,Rhinolophus ferrumequinum,0.022,0.023,-1,Echolocation,/mnt/ubna_data_01_mir/recover-20220825/UBNA_002/20220823_033000.WAV,Telephone Field,recover-20220825,002,1795
1011.8135,1011.8226,28046,41171,Eptesicus serotinus,0.009,0.021,-1,Echolocation,/mnt/ubna_data_01_mir/recover-20220825/UBNA_002/20220823_033000.WAV,Telephone Field,recover-20220825,002,1795
1011.8215,1011.8574,68437,82633,Rhinolophus ferrumequinum,0.023,0.023,-1,Echolocation,/mnt/ubna_data_01_mir/recover-20220825/UBNA_002/20220823_033000.WAV,Telephone Field,recover-20220825,002,1795
1011.8225,1011.8308,28046,41932,Eptesicus serotinus,0.01,0.026,-1,Echolocation,/mnt/ubna_data_01_mir/recover-20220825/UBNA_002/20220823_033000.WAV,Telephone Field,recover-20220825,002,1795
1011.8405,1011.851,23750,29767,Nyctalus leisleri,0.009,0.023,-1,Echolocation,/mnt/ubna_data_01_mir/recover-20220825/UBNA_002/20220823_033000.WAV,Telephone Field,recover-20220825,002,1795
1011.8555,1011.8937,68437,82381,Rhinolophus ferrumequinum,0.023,0.023,-1,Echolocation,/mnt/ubna_data_01_mir/recover-20220825/UBNA_002/20220823_033000.WAV,Telephone Field,recover-20220825,002,1795
1011.8575,1011.8703,22031,26216,Nyctalus leisleri,0.013,0.022,-1,Echolocation,/mnt/ubna_data_01_mir/recover-20220825/UBNA_002/20220823_033000.WAV,Telephone Field,recover-20220825,002,1795
1011.8665,1011.8737,28046,40156,Eptesicus serotinus,0.006,0.02,-1,Echolocation,/mnt/ubna_data_01_mir/recover-20220825/UBNA_002/20220823_033000.WAV,Telephone Field,recover-20220825,002,1795
1011.9115,1011.9202,28046,37262,Eptesicus serotinus,0.009,0.021,-1,Echolocation,/mnt/ubna_data_01_mir/recover-20220825/UBNA_002/20220823_033000.WAV,Telephone Field,recover-20220825,002,1795
1011.9435,1011.9532,23750,31162,Nyctalus leisleri,0.008,0.028,-1,Echolocation,/mnt/ubna_data_01_mir/recover-20220825/UBNA_002/20220823_033000.WAV,Telephone Field,recover-20220825,002,1795
1011.9485,1011.9559,48671,53414,Pipistrellus pipistrellus,0.018,0.02,-1,Echolocation,/mnt/ubna_data_01_mir/recover-20220825/UBNA_002/20220823_033000.WAV,Telephone Field,recover-20220825,002,1795
1011.9825,1011.9904,27187,39305,Eptesicus serotinus,0.007,0.021,-1,Echolocation,/mnt/ubna_data_01_mir/recover-20220825/UBNA_002/20220823_033000.WAV,Telephone Field,recover-20220825,002,1795
1012.0015,1012.0132,47812,53213,Pipistrellus pipistrellus,0.016,0.02,-1,Echolocation,/mnt/ubna_data_01_mir/recover-20220825/UBNA_002/20220823_033000.WAV,Telephone Field,recover-20220825,002,1795
1012.0015,1012.0347,69296,80812,Rhinolophus ferrumequinum,0.031,0.032,-1,Echolocation,/mnt/ubna_data_01_mir/recover-20220825/UBNA_002/20220823_033000.WAV,Telephone Field,recover-20220825,002,1795
1012.0015,1012.0185,20312,26037,Nyctalus noctula,0.014,0.032,-1,Echolocation,/mnt/ubna_data_01_mir/recover-20220825/UBNA_002/20220823_033000.WAV,Telephone Field,recover-20220825,002,1795
1012.0085,1012.051,68437,82335,Rhinolophus ferrumequinum,0.021,0.021,-1,Echolocation,/mnt/ubna_data_01_mir/recover-20220825/UBNA_002/20220823_033000.WAV,Telephone Field,recover-20220825,002,1795
1012.0465,1012.0575,22890,27793,Nyctalus leisleri,0.01,0.022,-1,Echolocation,/mnt/ubna_data_01_mir/recover-20220825/UBNA_002/20220823_033000.WAV,Telephone Field,recover-20220825,002,1795
1012.0765,1012.0841,27187,40020,Eptesicus serotinus,0.007,0.019,-1,Echolocation,/mnt/ubna_data_01_mir/recover-20220825/UBNA_002/20220823_033000.WAV,Telephone Field,recover-20220825,002,1795
1012.0965,1012.1338,68437,81556,Rhinolophus ferrumequinum,0.02,0.02,-1,Echolocation,/mnt/ubna_data_01_mir/recover-20220825/UBNA_002/20220823_033000.WAV,Telephone Field,recover-20220825,002,1795
1012.1055,1012.1441,68437,82225,Rhinolophus ferrumequinum,0.022,0.022,-1,Echolocation,/mnt/ubna_data_01_mir/recover-20220825/UBNA_002/20220823_033000.WAV,Telephone Field,recover-20220825,002,1795
1012.1065,1012.116,23750,30897,Nyctalus leisleri,0.007,0.021,-1,Echolocation,/mnt/ubna_data_01_mir/recover-20220825/UBNA_002/20220823_033000.WAV,Telephone Field,recover-20220825,002,1795
1012.1245,1012.1641,68437,81961,Rhinolophus ferrumequinum,0.022,0.022,-1,Echolocation,/mnt/ubna_data_01_mir/recover-20220825/UBNA_002/20220823_033000.WAV,Telephone Field,recover-20220825,002,1795
1012.1485,1012.1888,68437,82458,Rhinolophus ferrumequinum,0.024,0.024,-1,Echolocation,/mnt/ubna_data_01_mir/recover-20220825/UBNA_002/20220823_033000.WAV,Telephone Field,recover-20220825,002,1795
1012.1785,1012.1858,26328,35708,Eptesicus serotinus,0.008,0.023,-1,Echolocation,/mnt/ubna_data_01_mir/recover-20220825/UBNA_002/20220823_033000.WAV,Telephone Field,recover-20220825,002,1795
1012.2275,1012.2374,28046,36382,Eptesicus serotinus,0.013,0.026,-1,Echolocation,/mnt/ubna_data_01_mir/recover-20220825/UBNA_002/20220823_033000.WAV,Telephone Field,recover-20220825,002,1795
1012.2535,1012.2621,24609,33093,Plecotus austriacus,0.008,0.026,-1,Echolocation,/mnt/ubna_data_01_mir/recover-20220825/UBNA_002/20220823_033000.WAV,Telephone Field,recover-20220825,002,1795
1012.2535,1012.288,68437,81367,Rhinolophus ferrumequinum,0.02,0.02,-1,Echolocation,/mnt/ubna_data_01_mir/recover-20220825/UBNA_002/20220823_033000.WAV,Telephone Field,recover-20220825,002,1795
1012.2625,1012.2993,68437,81770,Rhinolophus ferrumequinum,0.019,0.019,-1,Echolocation,/mnt/ubna_data_01_mir/recover-20220825/UBNA_002/20220823_033000.WAV,Telephone Field,recover-20220825,002,1795
1012.2795,1012.3165,68437,81934,Rhinolophus ferrumequinum,0.02,0.02,-1,Echolocation,/mnt/ubna_data_01_mir/recover-20220825/UBNA_002/20220823_033000.WAV,Telephone Field,recover-20220825,002,1795
1012.3045,1012.341,68437,81432,Rhinolophus ferrumequinum,0.022,0.022,-1,Echolocation,/mnt/ubna_data_01_mir/recover-20220825/UBNA_002/20220823_033000.WAV,Telephone Field,recover-20220825,002,1795
1012.3325,1012.3673,68437,80496,Rhinolophus ferrumequinum,0.019,0.02,-1,Echolocation,/mnt/ubna_data_01_mir/recover-20220825/UBNA_002/20220823_033000.WAV,Telephone Field,recover-20220825,002,1795
1012.3365,1012.3472,24609,33264,Eptesicus serotinus,0.01,0.025,-1,Echolocation,/mnt/ubna_data_01_mir/recover-20220825/UBNA_002/20220823_033000.WAV,Telephone Field,recover-20220825,002,1795
1012.3955,1012.4314,68437,81776,Rhinolophus ferrumequinum,0.02,0.02,-1,Echolocation,/mnt/ubna_data_01_mir/recover-20220825/UBNA_002/20220823_033000.WAV,Telephone Field,recover-20220825,002,1795
1012.4795,1012.5169,68437,81796,Rhinolophus ferrumequinum,0.019,0.02,-1,Echolocation,/mnt/ubna_data_01_mir/recover-20220825/UBNA_002/20220823_033000.WAV,Telephone Field,recover-20220825,002,1795
1012.5175,1012.5543,68437,81519,Rhinolophus ferrumequinum,0.022,0.022,-1,Echolocation,/mnt/ubna_data_01_mir/recover-20220825/UBNA_002/20220823_033000.WAV,Telephone Field,recover-20220825,002,1795
1012.5325,1012.542,22031,27136,Nyctalus leisleri,0.008,0.02,-1,Echolocation,/mnt/ubna_data_01_mir/recover-20220825/UBNA_002/20220823_033000.WAV,Telephone Field,recover-20220825,002,1795
1012.5435,1012.5525,37500,44865,Pipistrellus nathusii,0.008,0.024,-1,Echolocation,/mnt/ubna_data_01_mir/recover-20220825/UBNA_002/20220823_033000.WAV,Telephone Field,recover-20220825,002,1795
1012.5645,1012.6013,68437,81147,Rhinolophus ferrumequinum,0.021,0.021,-1,Echolocation,/mnt/ubna_data_01_mir/recover-20220825/UBNA_002/20220823_033000.WAV,Telephone Field,recover-20220825,002,1795
1012.5645,1012.5721,24609,33606,Plecotus austriacus,0.011,0.026,-1,Echolocation,/mnt/ubna_data_01_mir/recover-20220825/UBNA_002/20220823_033000.WAV,Telephone Field,recover-20220825,002,1795
1012.5945,1012.6334,68437,82750,Rhinolophus ferrumequinum,0.022,0.022,-1,Echolocation,/mnt/ubna_data_01_mir/recover-20220825/UBNA_002/20220823_033000.WAV,Telephone Field,recover-20220825,002,1795
1012.5965,1012.6038,28046,39981,Eptesicus serotinus,0.006,0.02,-1,Echolocation,/mnt/ubna_data_01_mir/recover-20220825/UBNA_002/20220823_033000.WAV,Telephone Field,recover-20220825,002,1795
1012.6695,1012.7074,68437,82226,Rhinolophus ferrumequinum,0.022,0.022,-1,Echolocation,/mnt/ubna_data_01_mir/recover-20220825/UBNA_002/20220823_033000.WAV,Telephone Field,recover-20220825,002,1795
1012.7015,1012.7372,68437,80869,Rhinolophus ferrumequinum,0.021,0.021,-1,Echolocation,/mnt/ubna_data_01_mir/recover-20220825/UBNA_002/20220823_033000.WAV,Telephone Field,recover-20220825,002,1795
1012.7105,1012.719,28906,38197,Eptesicus serotinus,0.008,0.021,-1,Echolocation,/mnt/ubna_data_01_mir/recover-20220825/UBNA_002/20220823_033000.WAV,Telephone Field,recover-20220825,002,1795
1012.7355,1012.7692,68437,80877,Rhinolophus ferrumequinum,0.02,0.02,-1,Echolocation,/mnt/ubna_data_01_mir/recover-20220825/UBNA_002/20220823_033000.WAV,Telephone Field,recover-20220825,002,1795
1012.7665,1012.774,28046,38992,Eptesicus serotinus,0.007,0.023,-1,Echolocation,/mnt/ubna_data_01_mir/recover-20220825/UBNA_002/20220823_033000.WAV,Telephone Field,recover-20220825,002,1795
1012.7825,1012.7965,22031,25902,Nyctalus leisleri,0.012,0.021,-1,Echolocation,/mnt/ubna_data_01_mir/recover-20220825/UBNA_002/20220823_033000.WAV,Telephone Field,recover-20220825,002,1795
1012.8555,1012.8948,68437,82453,Rhinolophus ferrumequinum,0.024,0.024,-1,Echolocation,/mnt/ubna_data_01_mir/recover-20220825/UBNA_002/20220823_033000.WAV,Telephone Field,recover-20220825,002,1795
1012.8965,1012.9364,68437,82202,Rhinolophus ferrumequinum,0.021,0.021,-1,Echolocation,/mnt/ubna_data_01_mir/recover-20220825/UBNA_002/20220823_033000.WAV,Telephone Field,recover-20220825,002,1795
1012.8975,1012.9043,28046,39291,Eptesicus serotinus,0.007,0.024,-1,Echolocation,/mnt/ubna_data_01_mir/recover-20220825/UBNA_002/20220823_033000.WAV,Telephone Field,recover-20220825,002,1795
1012.9045,1012.9452,68437,82034,Rhinolophus ferrumequinum,0.022,0.022,-1,Echolocation,/mnt/ubna_data_01_mir/recover-20220825/UBNA_002/20220823_033000.WAV,Telephone Field,recover-20220825,002,1795
1012.9975,1013.0096,22890,28029,Nyctalus leisleri,0.013,0.028,-1,Echolocation,/mnt/ubna_data_01_mir/recover-20220825/UBNA_002/20220823_033000.WAV,Telephone Field,recover-20220825,002,1795
1013.0385,1013.0454,23750,32871,Plecotus austriacus,0.014,0.031,-1,Echolocation,/mnt/ubna_data_01_mir/recover-20220825/UBNA_002/20220823_033000.WAV,Telephone Field,recover-20220825,002,1795
1013.0545,1013.0927,68437,82635,Rhinolophus ferrumequinum,0.021,0.021,-1,Echolocation,/mnt/ubna_data_01_mir/recover-20220825/UBNA_002/20220823_033000.WAV,Telephone Field,recover-20220825,002,1795
1013.0685,1013.0752,27187,44046,Eptesicus serotinus,0.006,0.02,-1,Echolocation,/mnt/ubna_data_01_mir/recover-20220825/UBNA_002/20220823_033000.WAV,Telephone Field,recover-20220825,002,1795
1013.0855,1013.1249,68437,82200,Rhinolophus ferrumequinum,0.02,0.02,-1,Echolocation,/mnt/ubna_data_01_mir/recover-20220825/UBNA_002/20220823_033000.WAV,Telephone Field,recover-20220825,002,1795
1013.1055,1013.1451,68437,83087,Rhinolophus ferrumequinum,0.024,0.024,-1,Echolocation,/mnt/ubna_data_01_mir/recover-20220825/UBNA_002/20220823_033000.WAV,Telephone Field,recover-20220825,002,1795
1013.1335,1013.1704,68437,82200,Rhinolophus ferrumequinum,0.019,0.019,-1,Echolocation,/mnt/ubna_data_01_mir/recover-20220825/UBNA_002/20220823_033000.WAV,Telephone Field,recover-20220825,002,1795
1013.1345,1013.1479,23750,28543,Nyctalus leisleri,0.015,0.03,-1,Echolocation,/mnt/ubna_data_01_mir/recover-20220825/UBNA_002/20220823_033000.WAV,Telephone Field,recover-20220825,002,1795
1013.1435,1013.1558,24609,29974,Nyctalus leisleri,0.012,0.027,-1,Echolocation,/mnt/ubna_data_01_mir/recover-20220825/UBNA_002/20220823_033000.WAV,Telephone Field,recover-20220825,002,1795
1013.1445,1013.1804,68437,81523,Rhinolophus ferrumequinum,0.02,0.02,-1,Echolocation,/mnt/ubna_data_01_mir/recover-20220825/UBNA_002/20220823_033000.WAV,Telephone Field,recover-20220825,002,1795
1013.1725,1013.2117,68437,82268,Rhinolophus ferrumequinum,0.019,0.019,-1,Echolocation,/mnt/ubna_data_01_mir/recover-20220825/UBNA_002/20220823_033000.WAV,Telephone Field,recover-20220825,002,1795
1013.1825,1013.1911,50390,55615,Pipistrellus pipistrellus,0.02,0.025,-1,Echolocation,/mnt/ubna_data_01_mir/recover-20220825/UBNA_002/20220823_033000.WAV,Telephone Field,recover-20220825,002,1795
1013.2055,1013.2436,68437,82066,Rhinolophus ferrumequinum,0.019,0.019,-1,Echolocation,/mnt/ubna_data_01_mir/recover-20220825/UBNA_002/20220823_033000.WAV,Telephone Field,recover-20220825,002,1795
1013.2225,1013.2604,68437,82085,Rhinolophus ferrumequinum,0.022,0.022,-1,Echolocation,/mnt/ubna_data_01_mir/recover-20220825/UBNA_002/20220823_033000.WAV,Telephone Field,recover-20220825,002,1795
1013.2325,1013.2433,22031,27075,Nyctalus leisleri,0.01,0.02,-1,Echolocation,/mnt/ubna_data_01_mir/recover-20220825/UBNA_002/20220823_033000.WAV,Telephone Field,recover-20220825,002,1795
1013.2345,1013.2724,68437,81339,Rhinolophus ferrumequinum,0.02,0.02,-1,Echolocation,/mnt/ubna_data_01_mir/recover-20220825/UBNA_002/20220823_033000.WAV,Telephone Field,recover-20220825,002,1795
1013.2525,1013.2597,27187,39009,Eptesicus serotinus,0.006,0.02,-1,Echolocation,/mnt/ubna_data_01_mir/recover-20220825/UBNA_002/20220823_033000.WAV,Telephone Field,recover-20220825,002,1795
1013.2605,1013.2697000000001,24609,31669,Eptesicus serotinus,0.006,0.02,-1,Echolocation,/mnt/ubna_data_01_mir/recover-20220825/UBNA_002/20220823_033000.WAV,Telephone Field,recover-20220825,002,1795
1013.2615,1013.3005,68437,82647,Rhinolophus ferrumequinum,0.021,0.021,-1,Echolocation,/mnt/ubna_data_01_mir/recover-20220825/UBNA_002/20220823_033000.WAV,Telephone Field,recover-20220825,002,1795
1013.2625,1013.2736,15156,22342,Nyctalus noctula,0.015,0.026,-1,Echolocation,/mnt/ubna_data_01_mir/recover-20220825/UBNA_002/20220823_033000.WAV,Telephone Field,recover-20220825,002,1795
1013.3145,1013.3337,18593,21772,Nyctalus noctula,0.013,0.024,-1,Echolocation,/mnt/ubna_data_01_mir/recover-20220825/UBNA_002/20220823_033000.WAV,Telephone Field,recover-20220825,002,1795
1013.3385,1013.3748,68437,81541,Rhinolophus ferrumequinum,0.02,0.02,-1,Echolocation,/mnt/ubna_data_01_mir/recover-20220825/UBNA_002/20220823_033000.WAV,Telephone Field,recover-20220825,002,1795
1013.3435,1013.351,26328,41542,Eptesicus serotinus,0.007,0.024,-1,Echolocation,/mnt/ubna_data_01_mir/recover-20220825/UBNA_002/20220823_033000.WAV,Telephone Field,recover-20220825,002,1795
1013.4235,1013.4334,24609,31873,Eptesicus serotinus,0.008,0.023,-1,Echolocation,/mnt/ubna_data_01_mir/recover-20220825/UBNA_002/20220823_033000.WAV,Telephone Field,recover-20220825,002,1795
1013.4445,1013.4831,68437,82537,Rhinolophus ferrumequinum,0.024,0.024,-1,Echolocation,/mnt/ubna_data_01_mir/recover-20220825/UBNA_002/20220823_033000.WAV,Telephone Field,recover-20220825,002,1795
1013.5105,1013.5534,68437,82969,Rhinolophus ferrumequinum,0.025,0.025,-1,Echolocation,/mnt/ubna_data_01_mir/recover-20220825/UBNA_002/20220823_033000.WAV,Telephone Field,recover-20220825,002,1795
1013.5225,1013.5614,68437,82676,Rhinolophus ferrumequinum,0.019,0.019,-1,Echolocation,/mnt/ubna_data_01_mir/recover-20220825/UBNA_002/20220823_033000.WAV,Telephone Field,recover-20220825,002,1795
1013.5685,1013.5802,22890,27472,Nyctalus leisleri,0.013,0.027,-1,Echolocation,/mnt/ubna_data_01_mir/recover-20220825/UBNA_002/20220823_033000.WAV,Telephone Field,recover-20220825,002,1795
1013.6105,1013.6522,68437,82511,Rhinolophus ferrumequinum,0.025,0.025,-1,Echolocation,/mnt/ubna_data_01_mir/recover-20220825/UBNA_002/20220823_033000.WAV,Telephone Field,recover-20220825,002,1795
1013.6475,1013.655,24609,34234,Plecotus austriacus,0.006,0.021,-1,Echolocation,/mnt/ubna_data_01_mir/recover-20220825/UBNA_002/20220823_033000.WAV,Telephone Field,recover-20220825,002,1795
1013.6835,1013.6898,54687,62802,Pipistrellus pygmaeus,0.019,0.02,-1,Echolocation,/mnt/ubna_data_01_mir/recover-20220825/UBNA_002/20220823_033000.WAV,Telephone Field,recover-20220825,002,1795
1013.6855,1013.7214,68437,81619,Rhinolophus ferrumequinum,0.019,0.02,-1,Echolocation,/mnt/ubna_data_01_mir/recover-20220825/UBNA_002/20220823_033000.WAV,Telephone Field,recover-20220825,002,1795
1013.6995,1013.707,28046,40710,Eptesicus serotinus,0.008,0.026,-1,Echolocation,/mnt/ubna_data_01_mir/recover-20220825/UBNA_002/20220823_033000.WAV,Telephone Field,recover-20220825,002,1795
1013.7205,1013.7581,68437,82029,Rhinolophus ferrumequinum,0.02,0.02,-1,Echolocation,/mnt/ubna_data_01_mir/recover-20220825/UBNA_002/20220823_033000.WAV,Telephone Field,recover-20220825,002,1795
1013.7265,1013.7631,68437,82210,Rhinolophus ferrumequinum,0.02,0.02,-1,Echolocation,/mnt/ubna_data_01_mir/recover-20220825/UBNA_002/20220823_033000.WAV,Telephone Field,recover-20220825,002,1795
1013.7335,1013.7409,28046,39504,Eptesicus serotinus,0.006,0.019,-1,Echolocation,/mnt/ubna_data_01_mir/recover-20220825/UBNA_002/20220823_033000.WAV,Telephone Field,recover-20220825,002,1795
1013.7595,1013.7676,28906,38799,Eptesicus serotinus,0.007,0.02,-1,Echolocation,/mnt/ubna_data_01_mir/recover-20220825/UBNA_002/20220823_033000.WAV,Telephone Field,recover-20220825,002,1795
1013.7865,1013.7939,28046,40064,Eptesicus serotinus,0.008,0.024,-1,Echolocation,/mnt/ubna_data_01_mir/recover-20220825/UBNA_002/20220823_033000.WAV,Telephone Field,recover-20220825,002,1795
1013.8075,1013.8459,68437,81825,Rhinolophus ferrumequinum,0.02,0.02,-1,Echolocation,/mnt/ubna_data_01_mir/recover-20220825/UBNA_002/20220823_033000.WAV,Telephone Field,recover-20220825,002,1795
1013.8545,1013.895,68437,82685,Rhinolophus ferrumequinum,0.027,0.027,-1,Echolocation,/mnt/ubna_data_01_mir/recover-20220825/UBNA_002/20220823_033000.WAV,Telephone Field,recover-20220825,002,1795
1013.8835,1013.8923,23750,31684,Nyctalus leisleri,0.007,0.023,-1,Echolocation,/mnt/ubna_data_01_mir/recover-20220825/UBNA_002/20220823_033000.WAV,Telephone Field,recover-20220825,002,1795
1013.9515,1013.9874,68437,82014,Rhinolophus ferrumequinum,0.023,0.023,-1,Echolocation,/mnt/ubna_data_01_mir/recover-20220825/UBNA_002/20220823_033000.WAV,Telephone Field,recover-20220825,002,1795
1013.9845,1013.9996,21171,25226,Nyctalus leisleri,0.011,0.024,-1,Echolocation,/mnt/ubna_data_01_mir/recover-20220825/UBNA_002/20220823_033000.WAV,Telephone Field,recover-20220825,002,1795
1013.9865,1013.9989,50390,58877,Pipistrellus pipistrellus,0.014,0.019,-1,Echolocation,/mnt/ubna_data_01_mir/recover-20220825/UBNA_002/20220823_033000.WAV,Telephone Field,recover-20220825,002,1795
1014.0015,1014.0097,23750,35680,Nyctalus leisleri,0.007,0.028,-1,Echolocation,/mnt/ubna_data_01_mir/recover-20220825/UBNA_002/20220823_033000.WAV,Telephone Field,recover-20220825,002,1795
1014.0015,1014.0334,68437,80654,Rhinolophus ferrumequinum,0.037,0.037,-1,Echolocation,/mnt/ubna_data_01_mir/recover-20220825/UBNA_002/20220823_033000.WAV,Telephone Field,recover-20220825,002,1795
1014.0165,1014.0263,25468,32599,Eptesicus serotinus,0.01,0.024,-1,Echolocation,/mnt/ubna_data_01_mir/recover-20220825/UBNA_002/20220823_033000.WAV,Telephone Field,recover-20220825,002,1795
1014.0345,1014.0469,22890,27396,Nyctalus leisleri,0.014,0.025,-1,Echolocation,/mnt/ubna_data_01_mir/recover-20220825/UBNA_002/20220823_033000.WAV,Telephone Field,recover-20220825,002,1795
1014.0375,1014.0773,68437,81527,Rhinolophus ferrumequinum,0.029,0.029,-1,Echolocation,/mnt/ubna_data_01_mir/recover-20220825/UBNA_002/20220823_033000.WAV,Telephone Field,recover-20220825,002,1795
1014.0605,1014.0707,27187,35116,Eptesicus serotinus,0.011,0.022,-1,Echolocation,/mnt/ubna_data_01_mir/recover-20220825/UBNA_002/20220823_033000.WAV,Telephone Field,recover-20220825,002,1795
1014.0615,1014.0989,68437,82049,Rhinolophus ferrumequinum,0.023,0.023,-1,Echolocation,/mnt/ubna_data_01_mir/recover-20220825/UBNA_002/20220823_033000.WAV,Telephone Field,recover-20220825,002,1795
1014.0725,1014.1138,68437,82270,Rhinolophus ferrumequinum,0.026,0.026,-1,Echolocation,/mnt/ubna_data_01_mir/recover-20220825/UBNA_002/20220823_033000.WAV,Telephone Field,recover-20220825,002,1795
1014.0755,1014.0854,23750,30787,Nyctalus leisleri,0.009,0.024,-1,Echolocation,/mnt/ubna_data_01_mir/recover-20220825/UBNA_002/20220823_033000.WAV,Telephone Field,recover-20220825,002,1795
1014.0825,1014.1252,68437,83228,Rhinolophus ferrumequinum,0.028,0.028,-1,Echolocation,/mnt/ubna_data_01_mir/recover-20220825/UBNA_002/20220823_033000.WAV,Telephone Field,recover-20220825,002,1795
1014.0845,1014.0962,22031,25477,Nyctalus leisleri,0.014,0.022,-1,Echolocation,/mnt/ubna_data_01_mir/recover-20220825/UBNA_002/20220823_033000.WAV,Telephone Field,recover-20220825,002,1795
1014.1175,1014.1285,27187,35164,Eptesicus serotinus,0.015,0.029,-1,Echolocation,/mnt/ubna_data_01_mir/recover-20220825/UBNA_002/20220823_033000.WAV,Telephone Field,recover-20220825,002,1795
1014.1475,1014.1843,68437,81684,Rhinolophus ferrumequinum,0.022,0.022,-1,Echolocation,/mnt/ubna_data_01_mir/recover-20220825/UBNA_002/20220823_033000.WAV,Telephone Field,recover-20220825,002,1795
1014.1805,1014.218,68437,81622,Rhinolophus ferrumequinum,0.021,0.021,-1,Echolocation,/mnt/ubna_data_01_mir/recover-20220825/UBNA_002/20220823_033000.WAV,Telephone Field,recover-20220825,002,1795
1014.1855,1014.222,68437,82105,Rhinolophus ferrumequinum,0.021,0.021,-1,Echolocation,/mnt/ubna_data_01_mir/recover-20220825/UBNA_002/20220823_033000.WAV,Telephone Field,recover-20220825,002,1795
1014.2125,1014.2473,68437,81112,Rhinolophus ferrumequinum,0.022,0.022,-1,Echolocation,/mnt/ubna_data_01_mir/recover-20220825/UBNA_002/20220823_033000.WAV,Telephone Field,recover-20220825,002,1795
1014.2295,1014.2705,68437,82834,Rhinolophus ferrumequinum,0.022,0.022,-1,Echolocation,/mnt/ubna_data_01_mir/recover-20220825/UBNA_002/20220823_033000.WAV,Telephone Field,recover-20220825,002,1795
1014.2405,1014.2509,22031,26605,Nyctalus leisleri,0.01,0.023,-1,Echolocation,/mnt/ubna_data_01_mir/recover-20220825/UBNA_002/20220823_033000.WAV,Telephone Field,recover-20220825,002,1795
1014.2565,1014.2639,25468,34942,Plecotus austriacus,0.006,0.023,-1,Echolocation,/mnt/ubna_data_01_mir/recover-20220825/UBNA_002/20220823_033000.WAV,Telephone Field,recover-20220825,002,1795
1014.2575,1014.2997,68437,82639,Rhinolophus ferrumequinum,0.027,0.027,-1,Echolocation,/mnt/ubna_data_01_mir/recover-20220825/UBNA_002/20220823_033000.WAV,Telephone Field,recover-20220825,002,1795
1014.2835,1014.2932,28906,37510,Eptesicus serotinus,0.009,0.024,-1,Echolocation,/mnt/ubna_data_01_mir/recover-20220825/UBNA_002/20220823_033000.WAV,Telephone Field,recover-20220825,002,1795
1014.2895,1014.3014000000001,24609,29679,Nyctalus leisleri,0.012,0.025,-1,Echolocation,/mnt/ubna_data_01_mir/recover-20220825/UBNA_002/20220823_033000.WAV,Telephone Field,recover-20220825,002,1795
1014.3195,1014.3546,68437,81369,Rhinolophus ferrumequinum,0.021,0.021,-1,Echolocation,/mnt/ubna_data_01_mir/recover-20220825/UBNA_002/20220823_033000.WAV,Telephone Field,recover-20220825,002,1795
1014.3455,1014.3833,68437,82105,Rhinolophus ferrumequinum,0.022,0.022,-1,Echolocation,/mnt/ubna_data_01_mir/recover-20220825/UBNA_002/20220823_033000.WAV,Telephone Field,recover-20220825,002,1795
1014.3865,1014.428,68437,82586,Rhinolophus ferrumequinum,0.025,0.025,-1,Echolocation,/mnt/ubna_data_01_mir/recover-20220825/UBNA_002/20220823_033000.WAV,Telephone Field,recover-20220825,002,1795
1014.4115,1014.4247,22890,26764,Nyctalus leisleri,0.021,0.035,-1,Echolocation,/mnt/ubna_data_01_mir/recover-20220825/UBNA_002/20220823_033000.WAV,Telephone Field,recover-20220825,002,1795
1014.4225,1014.4586,68437,81714,Rhinolophus ferrumequinum,0.023,0.023,-1,Echolocation,/mnt/ubna_data_01_mir/recover-20220825/UBNA_002/20220823_033000.WAV,Telephone Field,recover-20220825,002,1795
1014.4555,1014.4921,68437,82393,Rhinolophus ferrumequinum,0.023,0.023,-1,Echolocation,/mnt/ubna_data_01_mir/recover-20220825/UBNA_002/20220823_033000.WAV,Telephone Field,recover-20220825,002,1795
1014.4665,1014.5027,68437,81935,Rhinolophus ferrumequinum,0.021,0.021,-1,Echolocation,/mnt/ubna_data_01_mir/recover-20220825/UBNA_002/20220823_033000.WAV,Telephone Field,recover-20220825,002,1795
1014.5145,1014.5525,68437,81795,Rhinolophus ferrumequinum,0.026,0.026,-1,Echolocation,/mnt/ubna_data_01_mir/recover-20220825/UBNA_002/20220823_033000.WAV,Telephone Field,recover-20220825,002,1795
1014.5275,1014.543,22031,25754,Nyctalus leisleri,0.018,0.031,-1,Echolocation,/mnt/ubna_data_01_mir/recover-20220825/UBNA_002/20220823_033000.WAV,Telephone Field,recover-20220825,002,1795
1014.5475,1014.5851,68437,81661,Rhinolophus ferrumequinum,0.022,0.022,-1,Echolocation,/mnt/ubna_data_01_mir/recover-20220825/UBNA_002/20220823_033000.WAV,Telephone Field,recover-20220825,002,1795
1014.5495,1014.5585,28046,36684,Eptesicus serotinus,0.008,0.022,-1,Echolocation,/mnt/ubna_data_01_mir/recover-20220825/UBNA_002/20220823_033000.WAV,Telephone Field,recover-20220825,002,1795
1014.6005,1014.6096,27187,36187,Eptesicus serotinus,0.009,0.022,-1,Echolocation,/mnt/ubna_data_01_mir/recover-20220825/UBNA_002/20220823_033000.WAV,Telephone Field,recover-20220825,002,1795
1014.6135,1014.6204,28046,43135,Eptesicus serotinus,0.006,0.023,-1,Echolocation,/mnt/ubna_data_01_mir/recover-20220825/UBNA_002/20220823_033000.WAV,Telephone Field,recover-20220825,002,1795
1014.6305,1014.6686,68437,82033,Rhinolophus ferrumequinum,0.023,0.023,-1,Echolocation,/mnt/ubna_data_01_mir/recover-20220825/UBNA_002/20220823_033000.WAV,Telephone Field,recover-20220825,002,1795
1014.6355,1014.6431,28046,40986,Eptesicus serotinus,0.007,0.022,-1,Echolocation,/mnt/ubna_data_01_mir/recover-20220825/UBNA_002/20220823_033000.WAV,Telephone Field,recover-20220825,002,1795
1014.6505,1014.6919,68437,82916,Rhinolophus ferrumequinum,0.025,0.025,-1,Echolocation,/mnt/ubna_data_01_mir/recover-20220825/UBNA_002/20220823_033000.WAV,Telephone Field,recover-20220825,002,1795
1014.6525,1014.6715,19453,22788,Nyctalus leisleri,0.013,0.024,-1,Echolocation,/mnt/ubna_data_01_mir/recover-20220825/UBNA_002/20220823_033000.WAV,Telephone Field,recover-20220825,002,1795
1014.6585,1014.7017,68437,82991,Rhinolophus ferrumequinum,0.028,0.028,-1,Echolocation,/mnt/ubna_data_01_mir/recover-20220825/UBNA_002/20220823_033000.WAV,Telephone Field,recover-20220825,002,1795
1014.6695,1014.6791,48671,54199,Pipistrellus pipistrellus,0.031,0.035,-1,Echolocation,/mnt/ubna_data_01_mir/recover-20220825/UBNA_002/20220823_033000.WAV,Telephone Field,recover-20220825,002,1795
1014.7045,1014.7413,68437,81433,Rhinolophus ferrumequinum,0.021,0.021,-1,Echolocation,/mnt/ubna_data_01_mir/recover-20220825/UBNA_002/20220823_033000.WAV,Telephone Field,recover-20220825,002,1795
1014.7235000000001,1014.734,24609,30784,Nyctalus leisleri,0.007,0.021,-1,Echolocation,/mnt/ubna_data_01_mir/recover-20220825/UBNA_002/20220823_033000.WAV,Telephone Field,recover-20220825,002,1795
1014.7255,1014.7654,68437,82454,Rhinolophus ferrumequinum,0.025,0.025,-1,Echolocation,/mnt/ubna_data_01_mir/recover-20220825/UBNA_002/20220823_033000.WAV,Telephone Field,recover-20220825,002,1795
1014.7395,1014.779,68437,81842,Rhinolophus ferrumequinum,0.022,0.022,-1,Echolocation,/mnt/ubna_data_01_mir/recover-20220825/UBNA_002/20220823_033000.WAV,Telephone Field,recover-20220825,002,1795
1014.7805,1014.7877,28046,40226,Eptesicus serotinus,0.007,0.025,-1,Echolocation,/mnt/ubna_data_01_mir/recover-20220825/UBNA_002/20220823_033000.WAV,Telephone Field,recover-20220825,002,1795
1014.7825,1014.8232,68437,82980,Rhinolophus ferrumequinum,0.024,0.024,-1,Echolocation,/mnt/ubna_data_01_mir/recover-20220825/UBNA_002/20220823_033000.WAV,Telephone Field,recover-20220825,002,1795
1014.8705,1014.9073,68437,82213,Rhinolophus ferrumequinum,0.021,0.021,-1,Echolocation,/mnt/ubna_data_01_mir/recover-20220825/UBNA_002/20220823_033000.WAV,Telephone Field,recover-20220825,002,1795
1014.8865,1014.9206,68437,81145,Rhinolophus ferrumequinum,0.022,0.022,-1,Echolocation,/mnt/ubna_data_01_mir/recover-20220825/UBNA_002/20220823_033000.WAV,Telephone Field,recover-20220825,002,1795
1014.8985,1014.9407,68437,82829,Rhinolophus ferrumequinum,0.028,0.028,-1,Echolocation,/mnt/ubna_data_01_mir/recover-20220825/UBNA_002/20220823_033000.WAV,Telephone Field,recover-20220825,002,1795
1014.9325,1014.95,44375,46845,Pipistrellus pipistrellus,0.07,0.084,-1,Echolocation,/mnt/ubna_data_01_mir/recover-20220825/UBNA_002/20220823_033000.WAV,Telephone Field,recover-20220825,002,1795
1014.9445,1014.9849,68437,82891,Rhinolophus ferrumequinum,0.021,0.021,-1,Echolocation,/mnt/ubna_data_01_mir/recover-20220825/UBNA_002/20220823_033000.WAV,Telephone Field,recover-20220825,002,1795
1014.9545,1014.9629,25468,34367,Eptesicus serotinus,0.007,0.022,-1,Echolocation,/mnt/ubna_data_01_mir/recover-20220825/UBNA_002/20220823_033000.WAV,Telephone Field,recover-20220825,002,1795
1014.9635,1014.9716,28906,37189,Eptesicus serotinus,0.007,0.021,-1,Echolocation,/mnt/ubna_data_01_mir/recover-20220825/UBNA_002/20220823_033000.WAV,Telephone Field,recover-20220825,002,1795
1014.9745,1014.9925,19453,22443,Nyctalus leisleri,0.013,0.023,-1,Echolocation,/mnt/ubna_data_01_mir/recover-20220825/UBNA_002/20220823_033000.WAV,Telephone Field,recover-20220825,002,1795
1014.9895,1015.0309,68437,82621,Rhinolophus ferrumequinum,0.021,0.021,-1,Echolocation,/mnt/ubna_data_01_mir/recover-20220825/UBNA_002/20220823_033000.WAV,Telephone Field,recover-20220825,002,1795
1015.0125,1015.0213,46953,50919,Pipistrellus pipistrellus,0.02,0.021,-1,Echolocation,/mnt/ubna_data_01_mir/recover-20220825/UBNA_002/20220823_033000.WAV,Telephone Field,recover-20220825,002,1795
1015.0215,1015.0572,68437,81542,Rhinolophus ferrumequinum,0.021,0.021,-1,Echolocation,/mnt/ubna_data_01_mir/recover-20220825/UBNA_002/20220823_033000.WAV,Telephone Field,recover-20220825,002,1795
1015.0285,1015.0635,68437,81138,Rhinolophus ferrumequinum,0.023,0.023,-1,Echolocation,/mnt/ubna_data_01_mir/recover-20220825/UBNA_002/20220823_033000.WAV,Telephone Field,recover-20220825,002,1795
1015.0395,1015.0764,68437,81766,Rhinolophus ferrumequinum,0.023,0.024,-1,Echolocation,/mnt/ubna_data_01_mir/recover-20220825/UBNA_002/20220823_033000.WAV,Telephone Field,recover-20220825,002,1795
1015.0545,1015.0653,22031,28071,Nyctalus leisleri,0.01,0.028,-1,Echolocation,/mnt/ubna_data_01_mir/recover-20220825/UBNA_002/20220823_033000.WAV,Telephone Field,recover-20220825,002,1795
1015.1275,1015.165,68437,82076,Rhinolophus ferrumequinum,0.022,0.022,-1,Echolocation,/mnt/ubna_data_01_mir/recover-20220825/UBNA_002/20220823_033000.WAV,Telephone Field,recover-20220825,002,1795
1015.1485,1015.1862,68437,81493,Rhinolophus ferrumequinum,0.023,0.023,-1,Echolocation,/mnt/ubna_data_01_mir/recover-20220825/UBNA_002/20220823_033000.WAV,Telephone Field,recover-20220825,002,1795
1015.1845,1015.1947,22890,28987,Nyctalus leisleri,0.01,0.026,-1,Echolocation,/mnt/ubna_data_01_mir/recover-20220825/UBNA_002/20220823_033000.WAV,Telephone Field,recover-20220825,002,1795
1015.2125,1015.2525,68437,82285,Rhinolophus ferrumequinum,0.023,0.023,-1,Echolocation,/mnt/ubna_data_01_mir/recover-20220825/UBNA_002/20220823_033000.WAV,Telephone Field,recover-20220825,002,1795
1015.2265,1015.2375,22890,27267,Nyctalus leisleri,0.015,0.026,-1,Echolocation,/mnt/ubna_data_01_mir/recover-20220825/UBNA_002/20220823_033000.WAV,Telephone Field,recover-20220825,002,1795
1015.3015,1015.3397,68437,81503,Rhinolophus ferrumequinum,0.022,0.022,-1,Echolocation,/mnt/ubna_data_01_mir/recover-20220825/UBNA_002/20220823_033000.WAV,Telephone Field,recover-20220825,002,1795
1015.3325,1015.3429,28046,35776,Eptesicus serotinus,0.009,0.021,-1,Echolocation,/mnt/ubna_data_01_mir/recover-20220825/UBNA_002/20220823_033000.WAV,Telephone Field,recover-20220825,002,1795
1015.3575,1015.3649,27187,44217,Eptesicus serotinus,0.007,0.025,-1,Echolocation,/mnt/ubna_data_01_mir/recover-20220825/UBNA_002/20220823_033000.WAV,Telephone Field,recover-20220825,002,1795
1015.3935,1015.4037,22031,26890,Nyctalus leisleri,0.011,0.029,-1,Echolocation,/mnt/ubna_data_01_mir/recover-20220825/UBNA_002/20220823_033000.WAV,Telephone Field,recover-20220825,002,1795
1015.3935,1015.4324,68437,82519,Rhinolophus ferrumequinum,0.021,0.021,-1,Echolocation,/mnt/ubna_data_01_mir/recover-20220825/UBNA_002/20220823_033000.WAV,Telephone Field,recover-20220825,002,1795
1015.4215,1015.4321,23750,30046,Nyctalus leisleri,0.009,0.022,-1,Echolocation,/mnt/ubna_data_01_mir/recover-20220825/UBNA_002/20220823_033000.WAV,Telephone Field,recover-20220825,002,1795
1015.5185,1015.5569,68437,82098,Rhinolophus ferrumequinum,0.021,0.021,-1,Echolocation,/mnt/ubna_data_01_mir/recover-20220825/UBNA_002/20220823_033000.WAV,Telephone Field,recover-20220825,002,1795
1015.5385,1015.5461,28046,38965,Eptesicus serotinus,0.007,0.021,-1,Echolocation,/mnt/ubna_data_01_mir/recover-20220825/UBNA_002/20220823_033000.WAV,Telephone Field,recover-20220825,002,1795
1015.5765,1015.5874,22890,28407,Nyctalus leisleri,0.009,0.021,-1,Echolocation,/mnt/ubna_data_01_mir/recover-20220825/UBNA_002/20220823_033000.WAV,Telephone Field,recover-20220825,002,1795
1015.5885,1015.5972,22890,30021,Plecotus austriacus,0.011,0.025,-1,Echolocation,/mnt/ubna_data_01_mir/recover-20220825/UBNA_002/20220823_033000.WAV,Telephone Field,recover-20220825,002,1795
1015.6015,1015.643,68437,82858,Rhinolophus ferrumequinum,0.031,0.031,-1,Echolocation,/mnt/ubna_data_01_mir/recover-20220825/UBNA_002/20220823_033000.WAV,Telephone Field,recover-20220825,002,1795
1015.6015,1015.6104,28046,38259,Eptesicus serotinus,0.013,0.026,-1,Echolocation,/mnt/ubna_data_01_mir/recover-20220825/UBNA_002/20220823_033000.WAV,Telephone Field,recover-20220825,002,1795
1015.6265,1015.6338,23750,31896,Plecotus austriacus,0.008,0.023,-1,Echolocation,/mnt/ubna_data_01_mir/recover-20220825/UBNA_002/20220823_033000.WAV,Telephone Field,recover-20220825,002,1795
1015.6305,1015.6676,68437,81726,Rhinolophus ferrumequinum,0.021,0.021,-1,Echolocation,/mnt/ubna_data_01_mir/recover-20220825/UBNA_002/20220823_033000.WAV,Telephone Field,recover-20220825,002,1795
1015.6445,1015.6544,28046,35969,Eptesicus serotinus,0.009,0.021,-1,Echolocation,/mnt/ubna_data_01_mir/recover-20220825/UBNA_002/20220823_033000.WAV,Telephone Field,recover-20220825,002,1795
1015.7025,1015.7425,68437,83031,Rhinolophus ferrumequinum,0.026,0.026,-1,Echolocation,/mnt/ubna_data_01_mir/recover-20220825/UBNA_002/20220823_033000.WAV,Telephone Field,recover-20220825,002,1795
1015.7665,1015.8067,68437,83272,Rhinolophus ferrumequinum,0.026,0.026,-1,Echolocation,/mnt/ubna_data_01_mir/recover-20220825/UBNA_002/20220823_033000.WAV,Telephone Field,recover-20220825,002,1795
1015.7795,1015.8177,68437,82127,Rhinolophus ferrumequinum,0.021,0.021,-1,Echolocation,/mnt/ubna_data_01_mir/recover-20220825/UBNA_002/20220823_033000.WAV,Telephone Field,recover-20220825,002,1795
1015.8415,1015.8835,68437,82387,Rhinolophus ferrumequinum,0.026,0.026,-1,Echolocation,/mnt/ubna_data_01_mir/recover-20220825/UBNA_002/20220823_033000.WAV,Telephone Field,recover-20220825,002,1795
1015.8685,1015.8782,22031,27057,Nyctalus leisleri,0.009,0.023,-1,Echolocation,/mnt/ubna_data_01_mir/recover-20220825/UBNA_002/20220823_033000.WAV,Telephone Field,recover-20220825,002,1795
1015.9014999999999,1015.912,22890,28229,Nyctalus leisleri,0.011,0.025,-1,Echolocation,/mnt/ubna_data_01_mir/recover-20220825/UBNA_002/20220823_033000.WAV,Telephone Field,recover-20220825,002,1795
1015.9115,1015.9177999999999,23750,34880,Plecotus austriacus,0.013,0.028,-1,Echolocation,/mnt/ubna_data_01_mir/recover-20220825/UBNA_002/20220823_033000.WAV,Telephone Field,recover-20220825,002,1795
1015.9125,1015.9188,28906,40235,Eptesicus serotinus,0.008,0.03,-1,Echolocation,/mnt/ubna_data_01_mir/recover-20220825/UBNA_002/20220823_033000.WAV,Telephone Field,recover-20220825,002,1795
1015.9135,1015.955,68437,82899,Rhinolophus ferrumequinum,0.024,0.024,-1,Echolocation,/mnt/ubna_data_01_mir/recover-20220825/UBNA_002/20220823_033000.WAV,Telephone Field,recover-20220825,002,1795
1015.9555,1015.967,35781,40273,Pipistrellus nathusii,0.033,0.055,-1,Echolocation,/mnt/ubna_data_01_mir/recover-20220825/UBNA_002/20220823_033000.WAV,Telephone Field,recover-20220825,002,1795
1015.9765,1015.9831,25468,35595,Plecotus austriacus,0.008,0.027,-1,Echolocation,/mnt/ubna_data_01_mir/recover-20220825/UBNA_002/20220823_033000.WAV,Telephone Field,recover-20220825,002,1795
1016.0015,1016.0098,22031,28055,Nyctalus leisleri,0.01,0.026,-1,Echolocation,/mnt/ubna_data_01_mir/recover-20220825/UBNA_002/20220823_033000.WAV,Telephone Field,recover-20220825,002,1795
1016.0015,1016.0362,68437,79323,Rhinolophus ferrumequinum,0.03,0.03,-1,Echolocation,/mnt/ubna_data_01_mir/recover-20220825/UBNA_002/20220823_033000.WAV,Telephone Field,recover-20220825,002,1795
1016.0015,1016.0075,46953,54346,Pipistrellus pipistrellus,0.013,0.02,-1,Echolocation,/mnt/ubna_data_01_mir/recover-20220825/UBNA_002/20220823_033000.WAV,Telephone Field,recover-20220825,002,1795
1016.0015,1016.0098,28906,37752,Eptesicus serotinus,0.006,0.022,-1,Echolocation,/mnt/ubna_data_01_mir/recover-20220825/UBNA_002/20220823_033000.WAV,Telephone Field,recover-20220825,002,1795
1016.0085,1016.0523,68437,82403,Rhinolophus ferrumequinum,0.025,0.025,-1,Echolocation,/mnt/ubna_data_01_mir/recover-20220825/UBNA_002/20220823_033000.WAV,Telephone Field,recover-20220825,002,1795
1016.0385,1016.0769,68437,82139,Rhinolophus ferrumequinum,0.023,0.023,-1,Echolocation,/mnt/ubna_data_01_mir/recover-20220825/UBNA_002/20220823_033000.WAV,Telephone Field,recover-20220825,002,1795
1016.0725,1016.1111,68437,82136,Rhinolophus ferrumequinum,0.022,0.022,-1,Echolocation,/mnt/ubna_data_01_mir/recover-20220825/UBNA_002/20220823_033000.WAV,Telephone Field,recover-20220825,002,1795
1016.1165,1016.1547,68437,82062,Rhinolophus ferrumequinum,0.02,0.02,-1,Echolocation,/mnt/ubna_data_01_mir/recover-20220825/UBNA_002/20220823_033000.WAV,Telephone Field,recover-20220825,002,1795
1016.1175,1016.1281,22031,26758,Nyctalus leisleri,0.01,0.021,-1,Echolocation,/mnt/ubna_data_01_mir/recover-20220825/UBNA_002/20220823_033000.WAV,Telephone Field,recover-20220825,002,1795
1016.1295,1016.1378,25468,34051,Eptesicus serotinus,0.006,0.02,-1,Echolocation,/mnt/ubna_data_01_mir/recover-20220825/UBNA_002/20220823_033000.WAV,Telephone Field,recover-20220825,002,1795
1016.1465,1016.1874,68437,82431,Rhinolophus ferrumequinum,0.026,0.026,-1,Echolocation,/mnt/ubna_data_01_mir/recover-20220825/UBNA_002/20220823_033000.WAV,Telephone Field,recover-20220825,002,1795
1016.1514999999999,1016.1592,57265,63314,Pipistrellus pygmaeus,0.024,0.024,-1,Echolocation,/mnt/ubna_data_01_mir/recover-20220825/UBNA_002/20220823_033000.WAV,Telephone Field,recover-20220825,002,1795
1016.1885,1016.2258,68437,82224,Rhinolophus ferrumequinum,0.022,0.022,-1,Echolocation,/mnt/ubna_data_01_mir/recover-20220825/UBNA_002/20220823_033000.WAV,Telephone Field,recover-20220825,002,1795
1016.2275,1016.2678,68437,82307,Rhinolophus ferrumequinum,0.022,0.022,-1,Echolocation,/mnt/ubna_data_01_mir/recover-20220825/UBNA_002/20220823_033000.WAV,Telephone Field,recover-20220825,002,1795
1016.2665,1016.2773,22031,25789,Nyctalus leisleri,0.012,0.021,-1,Echolocation,/mnt/ubna_data_01_mir/recover-20220825/UBNA_002/20220823_033000.WAV,Telephone Field,recover-20220825,002,1795
1016.2675,1016.3069,68437,81775,Rhinolophus ferrumequinum,0.022,0.022,-1,Echolocation,/mnt/ubna_data_01_mir/recover-20220825/UBNA_002/20220823_033000.WAV,Telephone Field,recover-20220825,002,1795
1016.3055,1016.3162,26328,32610,Eptesicus serotinus,0.01,0.023,-1,Echolocation,/mnt/ubna_data_01_mir/recover-20220825/UBNA_002/20220823_033000.WAV,Telephone Field,recover-20220825,002,1795
1016.3095,1016.3439,68437,80288,Rhinolophus ferrumequinum,0.024,0.024,-1,Echolocation,/mnt/ubna_data_01_mir/recover-20220825/UBNA_002/20220823_033000.WAV,Telephone Field,recover-20220825,002,1795
1016.3445,1016.3552,23750,30342,Nyctalus leisleri,0.008,0.023,-1,Echolocation,/mnt/ubna_data_01_mir/recover-20220825/UBNA_002/20220823_033000.WAV,Telephone Field,recover-20220825,002,1795
1016.3685,1016.407,68437,81893,Rhinolophus ferrumequinum,0.022,0.022,-1,Echolocation,/mnt/ubna_data_01_mir/recover-20220825/UBNA_002/20220823_033000.WAV,Telephone Field,recover-20220825,002,1795
1016.3845,1016.4248,68437,82100,Rhinolophus ferrumequinum,0.022,0.022,-1,Echolocation,/mnt/ubna_data_01_mir/recover-20220825/UBNA_002/20220823_033000.WAV,Telephone Field,recover-20220825,002,1795
1016.3905,1016.3979,22890,30965,Plecotus austriacus,0.012,0.024,-1,Echolocation,/mnt/ubna_data_01_mir/recover-20220825/UBNA_002/20220823_033000.WAV,Telephone Field,recover-20220825,002,1795
1016.4175,1016.4279,22890,27315,Nyctalus leisleri,0.011,0.021,-1,Echolocation,/mnt/ubna_data_01_mir/recover-20220825/UBNA_002/20220823_033000.WAV,Telephone Field,recover-20220825,002,1795
1016.4265,1016.468,68437,82715,Rhinolophus ferrumequinum,0.023,0.023,-1,Echolocation,/mnt/ubna_data_01_mir/recover-20220825/UBNA_002/20220823_033000.WAV,Telephone Field,recover-20220825,002,1795
1016.4495,1016.4868,68437,81583,Rhinolophus ferrumequinum,0.023,0.023,-1,Echolocation,/mnt/ubna_data_01_mir/recover-20220825/UBNA_002/20220823_033000.WAV,Telephone Field,recover-20220825,002,1795
1016.4675,1016.5089,68437,83258,Rhinolophus ferrumequinum,0.03,0.03,-1,Echolocation,/mnt/ubna_data_01_mir/recover-20220825/UBNA_002/20220823_033000.WAV,Telephone Field,recover-20220825,002,1795
1016.4795,1016.5138,68437,80681,Rhinolophus ferrumequinum,0.02,0.02,-1,Echolocation,/mnt/ubna_data_01_mir/recover-20220825/UBNA_002/20220823_033000.WAV,Telephone Field,recover-20220825,002,1795
1016.4895,1016.5275,68437,81431,Rhinolophus ferrumequinum,0.021,0.021,-1,Echolocation,/mnt/ubna_data_01_mir/recover-20220825/UBNA_002/20220823_033000.WAV,Telephone Field,recover-20220825,002,1795
1016.5075,1016.5466,68437,82095,Rhinolophus ferrumequinum,0.022,0.022,-1,Echolocation,/mnt/ubna_data_01_mir/recover-20220825/UBNA_002/20220823_033000.WAV,Telephone Field,recover-20220825,002,1795
1016.5115,1016.5188,28046,38562,Eptesicus serotinus,0.006,0.021,-1,Echolocation,/mnt/ubna_data_01_mir/recover-20220825/UBNA_002/20220823_033000.WAV,Telephone Field,recover-20220825,002,1795
1016.5415,1016.5513,22031,27313,Nyctalus leisleri,0.008,0.02,-1,Echolocation,/mnt/ubna_data_01_mir/recover-20220825/UBNA_002/20220823_033000.WAV,Telephone Field,recover-20220825,002,1795
1016.5435,1016.5834,68437,81998,Rhinolophus ferrumequinum,0.022,0.023,-1,Echolocation,/mnt/ubna_data_01_mir/recover-20220825/UBNA_002/20220823_033000.WAV,Telephone Field,recover-20220825,002,1795
1016.5505,1016.5881,68437,82050,Rhinolophus ferrumequinum,0.025,0.026,-1,Echolocation,/mnt/ubna_data_01_mir/recover-20220825/UBNA_002/20220823_033000.WAV,Telephone Field,recover-20220825,002,1795
1016.5565,1016.5665,24609,30806,Nyctalus leisleri,0.009,0.023,-1,Echolocation,/mnt/ubna_data_01_mir/recover-20220825/UBNA_002/20220823_033000.WAV,Telephone Field,recover-20220825,002,1795
1016.5875,1016.5967,23750,31272,Nyctalus leisleri,0.006,0.02,-1,Echolocation,/mnt/ubna_data_01_mir/recover-20220825/UBNA_002/20220823_033000.WAV,Telephone Field,recover-20220825,002,1795
1016.5875,1016.6285,68437,82698,Rhinolophus ferrumequinum,0.028,0.028,-1,Echolocation,/mnt/ubna_data_01_mir/recover-20220825/UBNA_002/20220823_033000.WAV,Telephone Field,recover-20220825,002,1795
1016.5955,1016.6325,68437,81806,Rhinolophus ferrumequinum,0.02,0.02,-1,Echolocation,/mnt/ubna_data_01_mir/recover-20220825/UBNA_002/20220823_033000.WAV,Telephone Field,recover-20220825,002,1795
1016.6075,1016.6466,68437,82156,Rhinolophus ferrumequinum,0.021,0.021,-1,Echolocation,/mnt/ubna_data_01_mir/recover-20220825/UBNA_002/20220823_033000.WAV,Telephone Field,recover-20220825,002,1795
1016.6465,1016.6849,68437,81698,Rhinolophus ferrumequinum,0.023,0.023,-1,Echolocation,/mnt/ubna_data_01_mir/recover-20220825/UBNA_002/20220823_033000.WAV,Telephone Field,recover-20220825,002,1795
1016.6495,1016.6595,22890,28970,Nyctalus leisleri,0.008,0.02,-1,Echolocation,/mnt/ubna_data_01_mir/recover-20220825/UBNA_002/20220823_033000.WAV,Telephone Field,recover-20220825,002,1795
1016.6705,1016.6785,27187,39372,Eptesicus serotinus,0.007,0.02,-1,Echolocation,/mnt/ubna_data_01_mir/recover-20220825/UBNA_002/20220823_033000.WAV,Telephone Field,recover-20220825,002,1795
1016.6875,1016.7242,68437,80839,Rhinolophus ferrumequinum,0.024,0.024,-1,Echolocation,/mnt/ubna_data_01_mir/recover-20220825/UBNA_002/20220823_033000.WAV,Telephone Field,recover-20220825,002,1795
1016.6925,1016.7317,68437,81579,Rhinolophus ferrumequinum,0.024,0.024,-1,Echolocation,/mnt/ubna_data_01_mir/recover-20220825/UBNA_002/20220823_033000.WAV,Telephone Field,recover-20220825,002,1795
1016.7245,1016.7624,68437,81745,Rhinolophus ferrumequinum,0.02,0.02,-1,Echolocation,/mnt/ubna_data_01_mir/recover-20220825/UBNA_002/20220823_033000.WAV,Telephone Field,recover-20220825,002,1795
1016.7425,1016.7489,27187,38247,Eptesicus serotinus,0.006,0.022,-1,Echolocation,/mnt/ubna_data_01_mir/recover-20220825/UBNA_002/20220823_033000.WAV,Telephone Field,recover-20220825,002,1795
1016.7785,1016.8194,68437,82345,Rhinolophus ferrumequinum,0.026,0.026,-1,Echolocation,/mnt/ubna_data_01_mir/recover-20220825/UBNA_002/20220823_033000.WAV,Telephone Field,recover-20220825,002,1795
1016.7915,1016.8019,28906,36045,Eptesicus serotinus,0.009,0.022,-1,Echolocation,/mnt/ubna_data_01_mir/recover-20220825/UBNA_002/20220823_033000.WAV,Telephone Field,recover-20220825,002,1795
1016.8215,1016.8613,68437,82181,Rhinolophus ferrumequinum,0.021,0.021,-1,Echolocation,/mnt/ubna_data_01_mir/recover-20220825/UBNA_002/20220823_033000.WAV,Telephone Field,recover-20220825,002,1795
1016.8455,1016.886,68437,82330,Rhinolophus ferrumequinum,0.021,0.021,-1,Echolocation,/mnt/ubna_data_01_mir/recover-20220825/UBNA_002/20220823_033000.WAV,Telephone Field,recover-20220825,002,1795
1016.8475,1016.8543,45234,50921,Pipistrellus pipistrellus,0.025,0.026,-1,Echolocation,/mnt/ubna_data_01_mir/recover-20220825/UBNA_002/20220823_033000.WAV,Telephone Field,recover-20220825,002,1795
1016.8755,1016.8860999999999,34062,39665,Barbastellus barbastellus,0.007,0.026,-1,Echolocation,/mnt/ubna_data_01_mir/recover-20220825/UBNA_002/20220823_033000.WAV,Telephone Field,recover-20220825,002,1795
1016.8805,1016.8899,27187,35069,Eptesicus serotinus,0.02,0.036,-1,Echolocation,/mnt/ubna_data_01_mir/recover-20220825/UBNA_002/20220823_033000.WAV,Telephone Field,recover-20220825,002,1795
1016.9115,1016.9507,68437,81986,Rhinolophus ferrumequinum,0.023,0.023,-1,Echolocation,/mnt/ubna_data_01_mir/recover-20220825/UBNA_002/20220823_033000.WAV,Telephone Field,recover-20220825,002,1795
1016.9565,1016.9963,68437,81945,Rhinolophus ferrumequinum,0.024,0.024,-1,Echolocation,/mnt/ubna_data_01_mir/recover-20220825/UBNA_002/20220823_033000.WAV,Telephone Field,recover-20220825,002,1795
1016.9615,1016.9715,22031,26731,Nyctalus leisleri,0.009,0.02,-1,Echolocation,/mnt/ubna_data_01_mir/recover-20220825/UBNA_002/20220823_033000.WAV,Telephone Field,recover-20220825,002,1795
1016.9725,1017.0156,68437,83672,Rhinolophus ferrumequinum,0.031,0.031,-1,Echolocation,/mnt/ubna_data_01_mir/recover-20220825/UBNA_002/20220823_033000.WAV,Telephone Field,recover-20220825,002,1795
1016.9865,1016.9953,27187,37042,Eptesicus serotinus,0.009,0.023,-1,Echolocation,/mnt/ubna_data_01_mir/recover-20220825/UBNA_002/20220823_033000.WAV,Telephone Field,recover-20220825,002,1795
1016.9865,1016.995,22890,30286,Plecotus austriacus,0.01,0.024,-1,Echolocation,/mnt/ubna_data_01_mir/recover-20220825/UBNA_002/20220823_033000.WAV,Telephone Field,recover-20220825,002,1795
1016.9875,1016.998,32343,39623,Eptesicus serotinus,0.006,0.023,-1,Echolocation,/mnt/ubna_data_01_mir/recover-20220825/UBNA_002/20220823_033000.WAV,Telephone Field,recover-20220825,002,1795
1017.0175,1017.0264999999999,28046,36178,Eptesicus serotinus,0.008,0.021,-1,Echolocation,/mnt/ubna_data_01_mir/recover-20220825/UBNA_002/20220823_033000.WAV,Telephone Field,recover-20220825,002,1795
1017.0535,1017.0953,68437,82673,Rhinolophus ferrumequinum,0.02,0.02,-1,Echolocation,/mnt/ubna_data_01_mir/recover-20220825/UBNA_002/20220823_033000.WAV,Telephone Field,recover-20220825,002,1795
1017.0845,1017.0945,22031,28199,Nyctalus leisleri,0.01,0.028,-1,Echolocation,/mnt/ubna_data_01_mir/recover-20220825/UBNA_002/20220823_033000.WAV,Telephone Field,recover-20220825,002,1795
1017.1255,1017.1642,68437,82161,Rhinolophus ferrumequinum,0.022,0.022,-1,Echolocation,/mnt/ubna_data_01_mir/recover-20220825/UBNA_002/20220823_033000.WAV,Telephone Field,recover-20220825,002,1795
1017.1405,1017.1789,68437,81883,Rhinolophus ferrumequinum,0.02,0.02,-1,Echolocation,/mnt/ubna_data_01_mir/recover-20220825/UBNA_002/20220823_033000.WAV,Telephone Field,recover-20220825,002,1795
1017.1635,1017.1741,28046,36031,Eptesicus serotinus,0.01,0.024,-1,Echolocation,/mnt/ubna_data_01_mir/recover-20220825/UBNA_002/20220823_033000.WAV,Telephone Field,recover-20220825,002,1795
1017.1705,1017.1799,26328,34014,Eptesicus serotinus,0.009,0.023,-1,Echolocation,/mnt/ubna_data_01_mir/recover-20220825/UBNA_002/20220823_033000.WAV,Telephone Field,recover-20220825,002,1795
1017.1845,1017.1928,48671,57446,Pipistrellus pipistrellus,0.016,0.02,-1,Echolocation,/mnt/ubna_data_01_mir/recover-20220825/UBNA_002/20220823_033000.WAV,Telephone Field,recover-20220825,002,1795
1017.1855,1017.2263,68437,82452,Rhinolophus ferrumequinum,0.023,0.023,-1,Echolocation,/mnt/ubna_data_01_mir/recover-20220825/UBNA_002/20220823_033000.WAV,Telephone Field,recover-20220825,002,1795
1017.1865,1017.1964,27187,35395,Eptesicus serotinus,0.015,0.028,-1,Echolocation,/mnt/ubna_data_01_mir/recover-20220825/UBNA_002/20220823_033000.WAV,Telephone Field,recover-20220825,002,1795
1017.2115,1017.219,27187,35555,Eptesicus serotinus,0.008,0.024,-1,Echolocation,/mnt/ubna_data_01_mir/recover-20220825/UBNA_002/20220823_033000.WAV,Telephone Field,recover-20220825,002,1795
1017.2255,1017.2716,68437,84014,Rhinolophus ferrumequinum,0.048,0.048,-1,Echolocation,/mnt/ubna_data_01_mir/recover-20220825/UBNA_002/20220823_033000.WAV,Telephone Field,recover-20220825,002,1795
1017.2525,1017.2691,23750,27957,Nyctalus leisleri,0.014,0.026,-1,Echolocation,/mnt/ubna_data_01_mir/recover-20220825/UBNA_002/20220823_033000.WAV,Telephone Field,recover-20220825,002,1795
1017.2865,1017.3272,68437,82132,Rhinolophus ferrumequinum,0.022,0.022,-1,Echolocation,/mnt/ubna_data_01_mir/recover-20220825/UBNA_002/20220823_033000.WAV,Telephone Field,recover-20220825,002,1795
1017.3175,1017.3583,68437,82991,Rhinolophus ferrumequinum,0.031,0.031,-1,Echolocation,/mnt/ubna_data_01_mir/recover-20220825/UBNA_002/20220823_033000.WAV,Telephone Field,recover-20220825,002,1795
1017.3185,1017.3264,47812,53135,Pipistrellus pipistrellus,0.024,0.026,-1,Echolocation,/mnt/ubna_data_01_mir/recover-20220825/UBNA_002/20220823_033000.WAV,Telephone Field,recover-20220825,002,1795
1017.3555,1017.3624,27187,38119,Eptesicus serotinus,0.006,0.021,-1,Echolocation,/mnt/ubna_data_01_mir/recover-20220825/UBNA_002/20220823_033000.WAV,Telephone Field,recover-20220825,002,1795
1017.3595,1017.3997,68437,82721,Rhinolophus ferrumequinum,0.02,0.02,-1,Echolocation,/mnt/ubna_data_01_mir/recover-20220825/UBNA_002/20220823_033000.WAV,Telephone Field,recover-20220825,002,1795
1017.3665,1017.4067,68437,82348,Rhinolophus ferrumequinum,0.02,0.02,-1,Echolocation,/mnt/ubna_data_01_mir/recover-20220825/UBNA_002/20220823_033000.WAV,Telephone Field,recover-20220825,002,1795
1017.3815,1017.4201,68437,82161,Rhinolophus ferrumequinum,0.02,0.02,-1,Echolocation,/mnt/ubna_data_01_mir/recover-20220825/UBNA_002/20220823_033000.WAV,Telephone Field,recover-20220825,002,1795
1017.3945,1017.4014,28906,37860,Eptesicus serotinus,0.006,0.02,-1,Echolocation,/mnt/ubna_data_01_mir/recover-20220825/UBNA_002/20220823_033000.WAV,Telephone Field,recover-20220825,002,1795
1017.4175,1017.4279,23750,29586,Nyctalus leisleri,0.008,0.02,-1,Echolocation,/mnt/ubna_data_01_mir/recover-20220825/UBNA_002/20220823_033000.WAV,Telephone Field,recover-20220825,002,1795
1017.4395,1017.473,68437,81369,Rhinolophus ferrumequinum,0.02,0.02,-1,Echolocation,/mnt/ubna_data_01_mir/recover-20220825/UBNA_002/20220823_033000.WAV,Telephone Field,recover-20220825,002,1795
1017.4715,1017.5128,68437,82677,Rhinolophus ferrumequinum,0.026,0.026,-1,Echolocation,/mnt/ubna_data_01_mir/recover-20220825/UBNA_002/20220823_033000.WAV,Telephone Field,recover-20220825,002,1795
1017.4895,1017.4997,22890,28456,Nyctalus leisleri,0.008,0.021,-1,Echolocation,/mnt/ubna_data_01_mir/recover-20220825/UBNA_002/20220823_033000.WAV,Telephone Field,recover-20220825,002,1795
1017.5225,1017.5289,25468,39331,Myotis nattereri,0.005,0.022,-1,Echolocation,/mnt/ubna_data_01_mir/recover-20220825/UBNA_002/20220823_033000.WAV,Telephone Field,recover-20220825,002,1795
1017.5675,1017.6079,68437,82256,Rhinolophus ferrumequinum,0.02,0.02,-1,Echolocation,/mnt/ubna_data_01_mir/recover-20220825/UBNA_002/20220823_033000.WAV,Telephone Field,recover-20220825,002,1795
1017.5745,1017.5836,23750,31664,Nyctalus leisleri,0.008,0.028,-1,Echolocation,/mnt/ubna_data_01_mir/recover-20220825/UBNA_002/20220823_033000.WAV,Telephone Field,recover-20220825,002,1795
1017.5915,1017.6247,68437,80940,Rhinolophus ferrumequinum,0.021,0.021,-1,Echolocation,/mnt/ubna_data_01_mir/recover-20220825/UBNA_002/20220823_033000.WAV,Telephone Field,recover-20220825,002,1795
1017.6035,1017.6124,51250,56723,Pipistrellus pipistrellus,0.017,0.022,-1,Echolocation,/mnt/ubna_data_01_mir/recover-20220825/UBNA_002/20220823_033000.WAV,Telephone Field,recover-20220825,002,1795
1017.6055,1017.6451,68437,82050,Rhinolophus ferrumequinum,0.02,0.02,-1,Echolocation,/mnt/ubna_data_01_mir/recover-20220825/UBNA_002/20220823_033000.WAV,Telephone Field,recover-20220825,002,1795
1017.6065,1017.6143,27187,39270,Eptesicus serotinus,0.007,0.021,-1,Echolocation,/mnt/ubna_data_01_mir/recover-20220825/UBNA_002/20220823_033000.WAV,Telephone Field,recover-20220825,002,1795
1017.6335,1017.6715,68437,81149,Rhinolophus ferrumequinum,0.021,0.021,-1,Echolocation,/mnt/ubna_data_01_mir/recover-20220825/UBNA_002/20220823_033000.WAV,Telephone Field,recover-20220825,002,1795
1017.6685,1017.6768,46953,50524,Pipistrellus pipistrellus,0.029,0.032,-1,Echolocation,/mnt/ubna_data_01_mir/recover-20220825/UBNA_002/20220823_033000.WAV,Telephone Field,recover-20220825,002,1795
1017.6695,1017.6796,22890,27964,Nyctalus leisleri,0.011,0.022,-1,Echolocation,/mnt/ubna_data_01_mir/recover-20220825/UBNA_002/20220823_033000.WAV,Telephone Field,recover-20220825,002,1795
1017.6785,1017.7174,68437,81906,Rhinolophus ferrumequinum,0.022,0.022,-1,Echolocation,/mnt/ubna_data_01_mir/recover-20220825/UBNA_002/20220823_033000.WAV,Telephone Field,recover-20220825,002,1795
1017.6815,1017.6934,23750,29124,Nyctalus leisleri,0.012,0.027,-1,Echolocation,/mnt/ubna_data_01_mir/recover-20220825/UBNA_002/20220823_033000.WAV,Telephone Field,recover-20220825,002,1795
1017.6985,1017.7057,28046,38403,Eptesicus serotinus,0.005,0.02,-1,Echolocation,/mnt/ubna_data_01_mir/recover-20220825/UBNA_002/20220823_033000.WAV,Telephone Field,recover-20220825,002,1795
1017.7115,1017.7176,46953,54302,Pipistrellus pipistrellus,0.023,0.026,-1,Echolocation,/mnt/ubna_data_01_mir/recover-20220825/UBNA_002/20220823_033000.WAV,Telephone Field,recover-20220825,002,1795
1017.7155,1017.7495,68437,81183,Rhinolophus ferrumequinum,0.028,0.028,-1,Echolocation,/mnt/ubna_data_01_mir/recover-20220825/UBNA_002/20220823_033000.WAV,Telephone Field,recover-20220825,002,1795
1017.7235000000001,1017.7571,68437,81310,Rhinolophus ferrumequinum,0.024,0.024,-1,Echolocation,/mnt/ubna_data_01_mir/recover-20220825/UBNA_002/20220823_033000.WAV,Telephone Field,recover-20220825,002,1795
1017.7625,1017.8018,68437,82426,Rhinolophus ferrumequinum,0.022,0.022,-1,Echolocation,/mnt/ubna_data_01_mir/recover-20220825/UBNA_002/20220823_033000.WAV,Telephone Field,recover-20220825,002,1795
1017.7905,1017.825,68437,81427,Rhinolophus ferrumequinum,0.022,0.022,-1,Echolocation,/mnt/ubna_data_01_mir/recover-20220825/UBNA_002/20220823_033000.WAV,Telephone Field,recover-20220825,002,1795
1017.7975,1017.8368,68437,81810,Rhinolophus ferrumequinum,0.024,0.024,-1,Echolocation,/mnt/ubna_data_01_mir/recover-20220825/UBNA_002/20220823_033000.WAV,Telephone Field,recover-20220825,002,1795
1017.8005,1017.8077,28046,42459,Eptesicus serotinus,0.006,0.022,-1,Echolocation,/mnt/ubna_data_01_mir/recover-20220825/UBNA_002/20220823_033000.WAV,Telephone Field,recover-20220825,002,1795
1017.8055,1017.8413,68437,81336,Rhinolophus ferrumequinum,0.02,0.02,-1,Echolocation,/mnt/ubna_data_01_mir/recover-20220825/UBNA_002/20220823_033000.WAV,Telephone Field,recover-20220825,002,1795
1017.8425,1017.8826,68437,82258,Rhinolophus ferrumequinum,0.021,0.021,-1,Echolocation,/mnt/ubna_data_01_mir/recover-20220825/UBNA_002/20220823_033000.WAV,Telephone Field,recover-20220825,002,1795
1017.8685,1017.9067,68437,81483,Rhinolophus ferrumequinum,0.025,0.025,-1,Echolocation,/mnt/ubna_data_01_mir/recover-20220825/UBNA_002/20220823_033000.WAV,Telephone Field,recover-20220825,002,1795
1017.8955,1017.9073,25468,31008,Nyctalus leisleri,0.008,0.021,-1,Echolocation,/mnt/ubna_data_01_mir/recover-20220825/UBNA_002/20220823_033000.WAV,Telephone Field,recover-20220825,002,1795
1017.9014999999999,1017.912,28906,34898,Eptesicus serotinus,0.01,0.022,-1,Echolocation,/mnt/ubna_data_01_mir/recover-20220825/UBNA_002/20220823_033000.WAV,Telephone Field,recover-20220825,002,1795
1017.9045,1017.9408,68437,82199,Rhinolophus ferrumequinum,0.02,0.02,-1,Echolocation,/mnt/ubna_data_01_mir/recover-20220825/UBNA_002/20220823_033000.WAV,Telephone Field,recover-20220825,002,1795
1017.9235,1017.9614,68437,82018,Rhinolophus ferrumequinum,0.023,0.023,-1,Echolocation,/mnt/ubna_data_01_mir/recover-20220825/UBNA_002/20220823_033000.WAV,Telephone Field,recover-20220825,002,1795
1017.9365,1017.9471,23750,29256,Nyctalus leisleri,0.011,0.023,-1,Echolocation,/mnt/ubna_data_01_mir/recover-20220825/UBNA_002/20220823_033000.WAV,Telephone Field,recover-20220825,002,1795
1018.0015,1018.0110999999999,28906,36914,Eptesicus serotinus,0.009,0.026,-1,Echolocation,/mnt/ubna_data_01_mir/recover-20220825/UBNA_002/20220823_033000.WAV,Telephone Field,recover-20220825,002,1795
1018.0015,1018.0136,21171,25960,Nyctalus leisleri,0.012,0.028,-1,Echolocation,/mnt/ubna_data_01_mir/recover-20220825/UBNA_002/20220823_033000.WAV,Telephone Field,recover-20220825,002,1795
1018.0015,1018.0308,68437,79271,Rhinolophus ferrumequinum,0.031,0.032,-1,Echolocation,/mnt/ubna_data_01_mir/recover-20220825/UBNA_002/20220823_033000.WAV,Telephone Field,recover-20220825,002,1795
1018.0095,1018.0477,68437,81893,Rhinolophus ferrumequinum,0.022,0.022,-1,Echolocation,/mnt/ubna_data_01_mir/recover-20220825/UBNA_002/20220823_033000.WAV,Telephone Field,recover-20220825,002,1795
1018.0145,1018.0225,28046,41106,Eptesicus serotinus,0.008,0.023,-1,Echolocation,/mnt/ubna_data_01_mir/recover-20220825/UBNA_002/20220823_033000.WAV,Telephone Field,recover-20220825,002,1795
1018.0345,1018.0415,28046,38740,Eptesicus serotinus,0.007,0.023,-1,Echolocation,/mnt/ubna_data_01_mir/recover-20220825/UBNA_002/20220823_033000.WAV,Telephone Field,recover-20220825,002,1795
1018.0475,1018.0893,68437,82753,Rhinolophus ferrumequinum,0.025,0.025,-1,Echolocation,/mnt/ubna_data_01_mir/recover-20220825/UBNA_002/20220823_033000.WAV,Telephone Field,recover-20220825,002,1795
1018.0555,1018.0954,68437,82378,Rhinolophus ferrumequinum,0.022,0.022,-1,Echolocation,/mnt/ubna_data_01_mir/recover-20220825/UBNA_002/20220823_033000.WAV,Telephone Field,recover-20220825,002,1795
1018.0715,1018.0791,26328,35523,Eptesicus serotinus,0.009,0.026,-1,Echolocation,/mnt/ubna_data_01_mir/recover-20220825/UBNA_002/20220823_033000.WAV,Telephone Field,recover-20220825,002,1795
1018.1285,1018.14,22031,26736,Nyctalus leisleri,0.012,0.025,-1,Echolocation,/mnt/ubna_data_01_mir/recover-20220825/UBNA_002/20220823_033000.WAV,Telephone Field,recover-20220825,002,1795
1018.1335,1018.1693,68437,81506,Rhinolophus ferrumequinum,0.024,0.024,-1,Echolocation,/mnt/ubna_data_01_mir/recover-20220825/UBNA_002/20220823_033000.WAV,Telephone Field,recover-20220825,002,1795
1018.1625,1018.2024,68437,82924,Rhinolophus ferrumequinum,0.022,0.022,-1,Echolocation,/mnt/ubna_data_01_mir/recover-20220825/UBNA_002/20220823_033000.WAV,Telephone Field,recover-20220825,002,1795
1018.1655,1018.1769,22890,28548,Nyctalus leisleri,0.012,0.028,-1,Echolocation,/mnt/ubna_data_01_mir/recover-20220825/UBNA_002/20220823_033000.WAV,Telephone Field,recover-20220825,002,1795
1018.1885,1018.2275,68437,82627,Rhinolophus ferrumequinum,0.022,0.022,-1,Echolocation,/mnt/ubna_data_01_mir/recover-20220825/UBNA_002/20220823_033000.WAV,Telephone Field,recover-20220825,002,1795
1018.2115,1018.2474,68437,81294,Rhinolophus ferrumequinum,0.022,0.022,-1,Echolocation,/mnt/ubna_data_01_mir/recover-20220825/UBNA_002/20220823_033000.WAV,Telephone Field,recover-20220825,002,1795
1018.2145,1018.2212,27187,40877,Eptesicus serotinus,0.006,0.025,-1,Echolocation,/mnt/ubna_data_01_mir/recover-20220825/UBNA_002/20220823_033000.WAV,Telephone Field,recover-20220825,002,1795
1018.2165,1018.2259,22031,28447,Plecotus austriacus,0.008,0.023,-1,Echolocation,/mnt/ubna_data_01_mir/recover-20220825/UBNA_002/20220823_033000.WAV,Telephone Field,recover-20220825,002,1795
1018.2175,1018.2223,41796,58822,Myotis mystacinus,0.011,0.033,-1,Echolocation,/mnt/ubna_data_01_mir/recover-20220825/UBNA_002/20220823_033000.WAV,Telephone Field,recover-20220825,002,1795
1018.2265,1018.236,28046,36725,Eptesicus serotinus,0.01,0.023,-1,Echolocation,/mnt/ubna_data_01_mir/recover-20220825/UBNA_002/20220823_033000.WAV,Telephone Field,recover-20220825,002,1795
1018.2655,1018.2744,28046,36539,Eptesicus serotinus,0.008,0.023,-1,Echolocation,/mnt/ubna_data_01_mir/recover-20220825/UBNA_002/20220823_033000.WAV,Telephone Field,recover-20220825,002,1795
1018.3045,1018.346,68437,82928,Rhinolophus ferrumequinum,0.029,0.029,-1,Echolocation,/mnt/ubna_data_01_mir/recover-20220825/UBNA_002/20220823_033000.WAV,Telephone Field,recover-20220825,002,1795
1018.3165,1018.3263,22890,28943,Nyctalus leisleri,0.008,0.022,-1,Echolocation,/mnt/ubna_data_01_mir/recover-20220825/UBNA_002/20220823_033000.WAV,Telephone Field,recover-20220825,002,1795
1018.3665,1018.3756,28046,36351,Eptesicus serotinus,0.008,0.021,-1,Echolocation,/mnt/ubna_data_01_mir/recover-20220825/UBNA_002/20220823_033000.WAV,Telephone Field,recover-20220825,002,1795
1018.3675,1018.4093,68437,82924,Rhinolophus ferrumequinum,0.028,0.028,-1,Echolocation,/mnt/ubna_data_01_mir/recover-20220825/UBNA_002/20220823_033000.WAV,Telephone Field,recover-20220825,002,1795
1018.3935,1018.4011,28046,39594,Eptesicus serotinus,0.011,0.027,-1,Echolocation,/mnt/ubna_data_01_mir/recover-20220825/UBNA_002/20220823_033000.WAV,Telephone Field,recover-20220825,002,1795
1018.4215,1018.4568,68437,81521,Rhinolophus ferrumequinum,0.023,0.023,-1,Echolocation,/mnt/ubna_data_01_mir/recover-20220825/UBNA_002/20220823_033000.WAV,Telephone Field,recover-20220825,002,1795
1018.4275,1018.4412,29765,34795,Eptesicus serotinus,0.034,0.056,-1,Echolocation,/mnt/ubna_data_01_mir/recover-20220825/UBNA_002/20220823_033000.WAV,Telephone Field,recover-20220825,002,1795
1018.4495,1018.4595,28906,36277,Eptesicus serotinus,0.01,0.022,-1,Echolocation,/mnt/ubna_data_01_mir/recover-20220825/UBNA_002/20220823_033000.WAV,Telephone Field,recover-20220825,002,1795
1018.5105,1018.5497,68437,82329,Rhinolophus ferrumequinum,0.031,0.031,-1,Echolocation,/mnt/ubna_data_01_mir/recover-20220825/UBNA_002/20220823_033000.WAV,Telephone Field,recover-20220825,002,1795
1018.5735,1018.6107,68437,82271,Rhinolophus ferrumequinum,0.024,0.024,-1,Echolocation,/mnt/ubna_data_01_mir/recover-20220825/UBNA_002/20220823_033000.WAV,Telephone Field,recover-20220825,002,1795
1018.5835,1018.591,28046,38895,Eptesicus serotinus,0.007,0.025,-1,Echolocation,/mnt/ubna_data_01_mir/recover-20220825/UBNA_002/20220823_033000.WAV,Telephone Field,recover-20220825,002,1795
1018.5965,1018.6341,68437,81799,Rhinolophus ferrumequinum,0.022,0.022,-1,Echolocation,/mnt/ubna_data_01_mir/recover-20220825/UBNA_002/20220823_033000.WAV,Telephone Field,recover-20220825,002,1795
1018.5985000000001,1018.6093,24609,31924,Nyctalus leisleri,0.01,0.028,-1,Echolocation,/mnt/ubna_data_01_mir/recover-20220825/UBNA_002/20220823_033000.WAV,Telephone Field,recover-20220825,002,1795
1018.6305,1018.6687,68437,82236,Rhinolophus ferrumequinum,0.025,0.025,-1,Echolocation,/mnt/ubna_data_01_mir/recover-20220825/UBNA_002/20220823_033000.WAV,Telephone Field,recover-20220825,002,1795
1018.6445,1018.652,24609,33240,Plecotus austriacus,0.006,0.022,-1,Echolocation,/mnt/ubna_data_01_mir/recover-20220825/UBNA_002/20220823_033000.WAV,Telephone Field,recover-20220825,002,1795
1018.6865,1018.7273,68437,82330,Rhinolophus ferrumequinum,0.026,0.026,-1,Echolocation,/mnt/ubna_data_01_mir/recover-20220825/UBNA_002/20220823_033000.WAV,Telephone Field,recover-20220825,002,1795
1018.7205,1018.7282,24609,33438,Plecotus austriacus,0.008,0.024,-1,Echolocation,/mnt/ubna_data_01_mir/recover-20220825/UBNA_002/20220823_033000.WAV,Telephone Field,recover-20220825,002,1795
1018.7355,1018.7746,68437,82183,Rhinolophus ferrumequinum,0.024,0.024,-1,Echolocation,/mnt/ubna_data_01_mir/recover-20220825/UBNA_002/20220823_033000.WAV,Telephone Field,recover-20220825,002,1795
1018.7375,1018.7458,23750,31928,Plecotus austriacus,0.007,0.023,-1,Echolocation,/mnt/ubna_data_01_mir/recover-20220825/UBNA_002/20220823_033000.WAV,Telephone Field,recover-20220825,002,1795
1018.7725,1018.8096,68437,82067,Rhinolophus ferrumequinum,0.024,0.024,-1,Echolocation,/mnt/ubna_data_01_mir/recover-20220825/UBNA_002/20220823_033000.WAV,Telephone Field,recover-20220825,002,1795
1018.7755,1018.7823,27187,37472,Eptesicus serotinus,0.007,0.026,-1,Echolocation,/mnt/ubna_data_01_mir/recover-20220825/UBNA_002/20220823_033000.WAV,Telephone Field,recover-20220825,002,1795
1018.7764999999999,1018.7865,22890,29635,Nyctalus leisleri,0.01,0.026,-1,Echolocation,/mnt/ubna_data_01_mir/recover-20220825/UBNA_002/20220823_033000.WAV,Telephone Field,recover-20220825,002,1795
1018.7885,1018.8035,22890,26407,Nyctalus leisleri,0.019,0.031,-1,Echolocation,/mnt/ubna_data_01_mir/recover-20220825/UBNA_002/20220823_033000.WAV,Telephone Field,recover-20220825,002,1795
1018.7885,1018.8007,49531,54211,Pipistrellus pipistrellus,0.03,0.037,-1,Echolocation,/mnt/ubna_data_01_mir/recover-20220825/UBNA_002/20220823_033000.WAV,Telephone Field,recover-20220825,002,1795
1018.8125,1018.8222,28906,40100,Eptesicus serotinus,0.01,0.026,-1,Echolocation,/mnt/ubna_data_01_mir/recover-20220825/UBNA_002/20220823_033000.WAV,Telephone Field,recover-20220825,002,1795
1018.8315,1018.874,68437,82764,Rhinolophus ferrumequinum,0.028,0.028,-1,Echolocation,/mnt/ubna_data_01_mir/recover-20220825/UBNA_002/20220823_033000.WAV,Telephone Field,recover-20220825,002,1795
1018.8695,1018.878,46953,51586,Pipistrellus pipistrellus,0.023,0.026,-1,Echolocation,/mnt/ubna_data_01_mir/recover-20220825/UBNA_002/20220823_033000.WAV,Telephone Field,recover-20220825,002,1795
1018.8945,1018.9009,40937,53073,Myotis daubentonii,0.009,0.031,-1,Echolocation,/mnt/ubna_data_01_mir/recover-20220825/UBNA_002/20220823_033000.WAV,Telephone Field,recover-20220825,002,1795
1018.9145,1018.9477,68437,80559,Rhinolophus ferrumequinum,0.021,0.022,-1,Echolocation,/mnt/ubna_data_01_mir/recover-20220825/UBNA_002/20220823_033000.WAV,Telephone Field,recover-20220825,002,1795
1018.9395,1018.9779,68437,82033,Rhinolophus ferrumequinum,0.022,0.023,-1,Echolocation,/mnt/ubna_data_01_mir/recover-20220825/UBNA_002/20220823_033000.WAV,Telephone Field,recover-20220825,002,1795
1018.9735000000001,1018.9842,23750,29770,Nyctalus leisleri,0.009,0.022,-1,Echolocation,/mnt/ubna_data_01_mir/recover-20220825/UBNA_002/20220823_033000.WAV,Telephone Field,recover-20220825,002,1795
1018.9785,1018.9894,24609,29954,Nyctalus leisleri,0.01,0.023,-1,Echolocation,/mnt/ubna_data_01_mir/recover-20220825/UBNA_002/20220823_033000.WAV,Telephone Field,recover-20220825,002,1795
1019.0215,1019.0292,27187,38895,Eptesicus serotinus,0.007,0.024,-1,Echolocation,/mnt/ubna_data_01_mir/recover-20220825/UBNA_002/20220823_033000.WAV,Telephone Field,recover-20220825,002,1795
1019.0305,1019.0716,68437,82899,Rhinolophus ferrumequinum,0.023,0.024,-1,Echolocation,/mnt/ubna_data_01_mir/recover-20220825/UBNA_002/20220823_033000.WAV,Telephone Field,recover-20220825,002,1795
1019.0655,1019.1031,68437,82147,Rhinolophus ferrumequinum,0.026,0.026,-1,Echolocation,/mnt/ubna_data_01_mir/recover-20220825/UBNA_002/20220823_033000.WAV,Telephone Field,recover-20220825,002,1795
1019.0715,1019.0781,39218,46399,Barbastellus barbastellus,0.05,0.135,-1,Echolocation,/mnt/ubna_data_01_mir/recover-20220825/UBNA_002/20220823_033000.WAV,Telephone Field,recover-20220825,002,1795
1019.0725,1019.0792,27187,44944,Eptesicus serotinus,0.008,0.026,-1,Echolocation,/mnt/ubna_data_01_mir/recover-20220825/UBNA_002/20220823_033000.WAV,Telephone Field,recover-20220825,002,1795
1019.0915,1019.1307,68437,82734,Rhinolophus ferrumequinum,0.028,0.028,-1,Echolocation,/mnt/ubna_data_01_mir/recover-20220825/UBNA_002/20220823_033000.WAV,Telephone Field,recover-20220825,002,1795
1019.1025,1019.1418,68437,82664,Rhinolophus ferrumequinum,0.024,0.024,-1,Echolocation,/mnt/ubna_data_01_mir/recover-20220825/UBNA_002/20220823_033000.WAV,Telephone Field,recover-20220825,002,1795
1019.1135,1019.1497,68437,81596,Rhinolophus ferrumequinum,0.024,0.024,-1,Echolocation,/mnt/ubna_data_01_mir/recover-20220825/UBNA_002/20220823_033000.WAV,Telephone Field,recover-20220825,002,1795
1019.1235,1019.1326,27187,35876,Eptesicus serotinus,0.01,0.026,-1,Echolocation,/mnt/ubna_data_01_mir/recover-20220825/UBNA_002/20220823_033000.WAV,Telephone Field,recover-20220825,002,1795
1019.1525,1019.1608,38359,48547,Myotis daubentonii,0.009,0.031,-1,Echolocation,/mnt/ubna_data_01_mir/recover-20220825/UBNA_002/20220823_033000.WAV,Telephone Field,recover-20220825,002,1795
1019.1535,1019.1612,27187,42635,Eptesicus serotinus,0.008,0.023,-1,Echolocation,/mnt/ubna_data_01_mir/recover-20220825/UBNA_002/20220823_033000.WAV,Telephone Field,recover-20220825,002,1795
1019.1895,1019.1999,27187,35174,Eptesicus serotinus,0.011,0.024,-1,Echolocation,/mnt/ubna_data_01_mir/recover-20220825/UBNA_002/20220823_033000.WAV,Telephone Field,recover-20220825,002,1795
1019.1935,1019.2339,68437,82624,Rhinolophus ferrumequinum,0.022,0.022,-1,Echolocation,/mnt/ubna_data_01_mir/recover-20220825/UBNA_002/20220823_033000.WAV,Telephone Field,recover-20220825,002,1795
1019.2135,1019.2209,37500,46620,Myotis daubentonii,0.006,0.024,-1,Echolocation,/mnt/ubna_data_01_mir/recover-20220825/UBNA_002/20220823_033000.WAV,Telephone Field,recover-20220825,002,1795
1019.2155,1019.2233,28046,42326,Eptesicus serotinus,0.009,0.026,-1,Echolocation,/mnt/ubna_data_01_mir/recover-20220825/UBNA_002/20220823_033000.WAV,Telephone Field,recover-20220825,002,1795
1019.2635,1019.3008,68437,81719,Rhinolophus ferrumequinum,0.022,0.022,-1,Echolocation,/mnt/ubna_data_01_mir/recover-20220825/UBNA_002/20220823_033000.WAV,Telephone Field,recover-20220825,002,1795
1019.2935,1019.3296,68437,81765,Rhinolophus ferrumequinum,0.026,0.026,-1,Echolocation,/mnt/ubna_data_01_mir/recover-20220825/UBNA_002/20220823_033000.WAV,Telephone Field,recover-20220825,002,1795
1019.2945,1019.3027,28046,40026,Eptesicus serotinus,0.008,0.023,-1,Echolocation,/mnt/ubna_data_01_mir/recover-20220825/UBNA_002/20220823_033000.WAV,Telephone Field,recover-20220825,002,1795
1019.3255,1019.3675,68437,82754,Rhinolophus ferrumequinum,0.032,0.032,-1,Echolocation,/mnt/ubna_data_01_mir/recover-20220825/UBNA_002/20220823_033000.WAV,Telephone Field,recover-20220825,002,1795
1019.3315,1019.3377,37500,48566,Myotis daubentonii,0.015,0.035,-1,Echolocation,/mnt/ubna_data_01_mir/recover-20220825/UBNA_002/20220823_033000.WAV,Telephone Field,recover-20220825,002,1795
1019.3445,1019.3859,68437,82352,Rhinolophus ferrumequinum,0.023,0.023,-1,Echolocation,/mnt/ubna_data_01_mir/recover-20220825/UBNA_002/20220823_033000.WAV,Telephone Field,recover-20220825,002,1795
1019.3545,1019.3952,68437,82850,Rhinolophus ferrumequinum,0.022,0.022,-1,Echolocation,/mnt/ubna_data_01_mir/recover-20220825/UBNA_002/20220823_033000.WAV,Telephone Field,recover-20220825,002,1795
1019.3645,1019.3719,28046,41712,Eptesicus serotinus,0.007,0.022,-1,Echolocation,/mnt/ubna_data_01_mir/recover-20220825/UBNA_002/20220823_033000.WAV,Telephone Field,recover-20220825,002,1795
1019.3875,1019.3979,22890,28021,Nyctalus leisleri,0.014,0.027,-1,Echolocation,/mnt/ubna_data_01_mir/recover-20220825/UBNA_002/20220823_033000.WAV,Telephone Field,recover-20220825,002,1795
1019.4135,1019.451,68437,82416,Rhinolophus ferrumequinum,0.024,0.024,-1,Echolocation,/mnt/ubna_data_01_mir/recover-20220825/UBNA_002/20220823_033000.WAV,Telephone Field,recover-20220825,002,1795
1019.4265,1019.4367,14296,19987,Nyctalus noctula,0.011,0.022,-1,Echolocation,/mnt/ubna_data_01_mir/recover-20220825/UBNA_002/20220823_033000.WAV,Telephone Field,recover-20220825,002,1795
1019.4275,1019.4673,68437,81959,Rhinolophus ferrumequinum,0.022,0.022,-1,Echolocation,/mnt/ubna_data_01_mir/recover-20220825/UBNA_002/20220823_033000.WAV,Telephone Field,recover-20220825,002,1795
1019.4285,1019.4376,23750,31390,Plecotus austriacus,0.006,0.022,-1,Echolocation,/mnt/ubna_data_01_mir/recover-20220825/UBNA_002/20220823_033000.WAV,Telephone Field,recover-20220825,002,1795
1019.4345,1019.4742,68437,82707,Rhinolophus ferrumequinum,0.024,0.024,-1,Echolocation,/mnt/ubna_data_01_mir/recover-20220825/UBNA_002/20220823_033000.WAV,Telephone Field,recover-20220825,002,1795
1019.4635,1019.4709,27187,37100,Eptesicus serotinus,0.009,0.026,-1,Echolocation,/mnt/ubna_data_01_mir/recover-20220825/UBNA_002/20220823_033000.WAV,Telephone Field,recover-20220825,002,1795
1019.4835,1019.5245,68437,83019,Rhinolophus ferrumequinum,0.025,0.025,-1,Echolocation,/mnt/ubna_data_01_mir/recover-20220825/UBNA_002/20220823_033000.WAV,Telephone Field,recover-20220825,002,1795
1019.4955,1019.5399,68437,83248,Rhinolophus ferrumequinum,0.031,0.031,-1,Echolocation,/mnt/ubna_data_01_mir/recover-20220825/UBNA_002/20220823_033000.WAV,Telephone Field,recover-20220825,002,1795
1019.5255,1019.5354,28046,36320,Eptesicus serotinus,0.01,0.023,-1,Echolocation,/mnt/ubna_data_01_mir/recover-20220825/UBNA_002/20220823_033000.WAV,Telephone Field,recover-20220825,002,1795
1019.5385,1019.5782,68437,82631,Rhinolophus ferrumequinum,0.022,0.022,-1,Echolocation,/mnt/ubna_data_01_mir/recover-20220825/UBNA_002/20220823_033000.WAV,Telephone Field,recover-20220825,002,1795
1019.5425,1019.5545,35781,40680,Pipistrellus nathusii,0.011,0.022,-1,Echolocation,/mnt/ubna_data_01_mir/recover-20220825/UBNA_002/20220823_033000.WAV,Telephone Field,recover-20220825,002,1795
1019.5475,1019.5822000000001,68437,81646,Rhinolophus ferrumequinum,0.022,0.022,-1,Echolocation,/mnt/ubna_data_01_mir/recover-20220825/UBNA_002/20220823_033000.WAV,Telephone Field,recover-20220825,002,1795
1019.5785,1019.6001,18593,21776,Nyctalus noctula,0.02,0.038,-1,Echolocation,/mnt/ubna_data_01_mir/recover-20220825/UBNA_002/20220823_033000.WAV,Telephone Field,recover-20220825,002,1795
1019.6085,1019.6485,68437,82413,Rhinolophus ferrumequinum,0.044,0.044,-1,Echolocation,/mnt/ubna_data_01_mir/recover-20220825/UBNA_002/20220823_033000.WAV,Telephone Field,recover-20220825,002,1795
1019.6715,1019.7079,68437,81570,Rhinolophus ferrumequinum,0.024,0.024,-1,Echolocation,/mnt/ubna_data_01_mir/recover-20220825/UBNA_002/20220823_033000.WAV,Telephone Field,recover-20220825,002,1795
1019.6805,1019.688,28046,43226,Eptesicus serotinus,0.007,0.024,-1,Echolocation,/mnt/ubna_data_01_mir/recover-20220825/UBNA_002/20220823_033000.WAV,Telephone Field,recover-20220825,002,1795
1019.7105,1019.7481,68437,81712,Rhinolophus ferrumequinum,0.023,0.023,-1,Echolocation,/mnt/ubna_data_01_mir/recover-20220825/UBNA_002/20220823_033000.WAV,Telephone Field,recover-20220825,002,1795
1019.7125,1019.7214,23750,32256,Plecotus austriacus,0.006,0.022,-1,Echolocation,/mnt/ubna_data_01_mir/recover-20220825/UBNA_002/20220823_033000.WAV,Telephone Field,recover-20220825,002,1795
1019.7575,1019.7683,23750,29286,Nyctalus leisleri,0.012,0.026,-1,Echolocation,/mnt/ubna_data_01_mir/recover-20220825/UBNA_002/20220823_033000.WAV,Telephone Field,recover-20220825,002,1795
1019.7595,1019.7974,68437,81720,Rhinolophus ferrumequinum,0.023,0.023,-1,Echolocation,/mnt/ubna_data_01_mir/recover-20220825/UBNA_002/20220823_033000.WAV,Telephone Field,recover-20220825,002,1795
1019.7715,1019.7852,23750,28470,Nyctalus leisleri,0.017,0.032,-1,Echolocation,/mnt/ubna_data_01_mir/recover-20220825/UBNA_002/20220823_033000.WAV,Telephone Field,recover-20220825,002,1795
1019.8035,1019.809,35781,48536,Myotis daubentonii,0.012,0.028,-1,Echolocation,/mnt/ubna_data_01_mir/recover-20220825/UBNA_002/20220823_033000.WAV,Telephone Field,recover-20220825,002,1795
1019.8055,1019.8126,25468,38399,Myotis nattereri,0.006,0.026,-1,Echolocation,/mnt/ubna_data_01_mir/recover-20220825/UBNA_002/20220823_033000.WAV,Telephone Field,recover-20220825,002,1795
1019.8195,1019.8252,55546,63410,Pipistrellus pygmaeus,0.022,0.024,-1,Echolocation,/mnt/ubna_data_01_mir/recover-20220825/UBNA_002/20220823_033000.WAV,Telephone Field,recover-20220825,002,1795
1019.8205,1019.8569,68437,81795,Rhinolophus ferrumequinum,0.027,0.027,-1,Echolocation,/mnt/ubna_data_01_mir/recover-20220825/UBNA_002/20220823_033000.WAV,Telephone Field,recover-20220825,002,1795
1019.8225,1019.8295,26328,39600,Eptesicus serotinus,0.006,0.022,-1,Echolocation,/mnt/ubna_data_01_mir/recover-20220825/UBNA_002/20220823_033000.WAV,Telephone Field,recover-20220825,002,1795
1019.8475,1019.8547,28046,39521,Eptesicus serotinus,0.007,0.024,-1,Echolocation,/mnt/ubna_data_01_mir/recover-20220825/UBNA_002/20220823_033000.WAV,Telephone Field,recover-20220825,002,1795
1019.8775,1019.9168,68437,82180,Rhinolophus ferrumequinum,0.023,0.023,-1,Echolocation,/mnt/ubna_data_01_mir/recover-20220825/UBNA_002/20220823_033000.WAV,Telephone Field,recover-20220825,002,1795
1019.8825,1019.8917,47812,53206,Pipistrellus pipistrellus,0.021,0.025,-1,Echolocation,/mnt/ubna_data_01_mir/recover-20220825/UBNA_002/20220823_033000.WAV,Telephone Field,recover-20220825,002,1795
1019.8925,1019.9043,25468,32222,Eptesicus serotinus,0.011,0.029,-1,Echolocation,/mnt/ubna_data_01_mir/recover-20220825/UBNA_002/20220823_033000.WAV,Telephone Field,recover-20220825,002,1795
1019.9215,1019.9626,68437,83030,Rhinolophus ferrumequinum,0.027,0.027,-1,Echolocation,/mnt/ubna_data_01_mir/recover-20220825/UBNA_002/20220823_033000.WAV,Telephone Field,recover-20220825,002,1795
1019.9445,1019.9555,40937,49407,Pipistrellus nathusii,0.013,0.028,-1,Echolocation,/mnt/ubna_data_01_mir/recover-20220825/UBNA_002/20220823_033000.WAV,Telephone Field,recover-20220825,002,1795
1019.9515,1019.9905,68437,81896,Rhinolophus ferrumequinum,0.022,0.022,-1,Echolocation,/mnt/ubna_data_01_mir/recover-20220825/UBNA_002/20220823_033000.WAV,Telephone Field,recover-20220825,002,1795
1019.9585,1019.9958,68437,82058,Rhinolophus ferrumequinum,0.022,0.022,-1,Echolocation,/mnt/ubna_data_01_mir/recover-20220825/UBNA_002/20220823_033000.WAV,Telephone Field,recover-20220825,002,1795
1019.9635,1019.9692,34921,53100,Myotis brandtii,0.008,0.024,-1,Echolocation,/mnt/ubna_data_01_mir/recover-20220825/UBNA_002/20220823_033000.WAV,Telephone Field,recover-20220825,002,1795
1019.9675,1019.9779,22031,27992,Nyctalus leisleri,0.008,0.025,-1,Echolocation,/mnt/ubna_data_01_mir/recover-20220825/UBNA_002/20220823_033000.WAV,Telephone Field,recover-20220825,002,1795
1020.0015,1020.0295,68437,80355,Rhinolophus ferrumequinum,0.041,0.041,-1,Echolocation,/mnt/ubna_data_01_mir/recover-20220825/UBNA_002/20220823_033000.WAV,Telephone Field,recover-20220825,002,1795
1020.0015,1020.0096,23750,32418,Nyctalus leisleri,0.006,0.025,-1,Echolocation,/mnt/ubna_data_01_mir/recover-20220825/UBNA_002/20220823_033000.WAV,Telephone Field,recover-20220825,002,1795
1020.0135,1020.0208,26328,37676,Eptesicus serotinus,0.01,0.029,-1,Echolocation,/mnt/ubna_data_01_mir/recover-20220825/UBNA_002/20220823_033000.WAV,Telephone Field,recover-20220825,002,1795
1020.0335,1020.0475,15156,20719,Nyctalus noctula,0.019,0.031,-1,Echolocation,/mnt/ubna_data_01_mir/recover-20220825/UBNA_002/20220823_033000.WAV,Telephone Field,recover-20220825,002,1795
1020.0345,1020.0402,30625,50582,Myotis daubentonii,0.025,0.047,-1,Echolocation,/mnt/ubna_data_01_mir/recover-20220825/UBNA_002/20220823_033000.WAV,Telephone Field,recover-20220825,002,1795
1020.0445,1020.0807,68437,81687,Rhinolophus ferrumequinum,0.026,0.026,-1,Echolocation,/mnt/ubna_data_01_mir/recover-20220825/UBNA_002/20220823_033000.WAV,Telephone Field,recover-20220825,002,1795
1020.0555,1020.0615,32343,46631,Myotis daubentonii,0.019,0.035,-1,Echolocation,/mnt/ubna_data_01_mir/recover-20220825/UBNA_002/20220823_033000.WAV,Telephone Field,recover-20220825,002,1795
1020.0705,1020.0802,28046,36153,Eptesicus serotinus,0.011,0.027,-1,Echolocation,/mnt/ubna_data_01_mir/recover-20220825/UBNA_002/20220823_033000.WAV,Telephone Field,recover-20220825,002,1795
1020.0935,1020.0999,36640,52449,Myotis daubentonii,0.028,0.067,-1,Echolocation,/mnt/ubna_data_01_mir/recover-20220825/UBNA_002/20220823_033000.WAV,Telephone Field,recover-20220825,002,1795
1020.1045,1020.1109,39218,48284,Myotis daubentonii,0.117,0.312,-1,Echolocation,/mnt/ubna_data_01_mir/recover-20220825/UBNA_002/20220823_033000.WAV,Telephone Field,recover-20220825,002,1795
1020.1185,1020.1267,25468,36768,Eptesicus serotinus,0.008,0.026,-1,Echolocation,/mnt/ubna_data_01_mir/recover-20220825/UBNA_002/20220823_033000.WAV,Telephone Field,recover-20220825,002,1795
1020.1485,1020.1568,27187,36022,Eptesicus serotinus,0.009,0.025,-1,Echolocation,/mnt/ubna_data_01_mir/recover-20220825/UBNA_002/20220823_033000.WAV,Telephone Field,recover-20220825,002,1795
1020.1765,1020.1837,36640,48342,Pipistrellus nathusii,0.125,0.372,-1,Echolocation,/mnt/ubna_data_01_mir/recover-20220825/UBNA_002/20220823_033000.WAV,Telephone Field,recover-20220825,002,1795
1020.2255,1020.2331,43515,52448,Pipistrellus nathusii,0.022,0.04,-1,Echolocation,/mnt/ubna_data_01_mir/recover-20220825/UBNA_002/20220823_033000.WAV,Telephone Field,recover-20220825,002,1795
1020.2275,1020.2334,31484,48171,Myotis daubentonii,0.014,0.029,-1,Echolocation,/mnt/ubna_data_01_mir/recover-20220825/UBNA_002/20220823_033000.WAV,Telephone Field,recover-20220825,002,1795
1020.2315,1020.2387,25468,34566,Eptesicus serotinus,0.009,0.027,-1,Echolocation,/mnt/ubna_data_01_mir/recover-20220825/UBNA_002/20220823_033000.WAV,Telephone Field,recover-20220825,002,1795
1020.2485,1020.2532,40078,49265,Pipistrellus nathusii,0.253,0.494,-1,Echolocation,/mnt/ubna_data_01_mir/recover-20220825/UBNA_002/20220823_033000.WAV,Telephone Field,recover-20220825,002,1795
1020.2585,1020.2667,26328,33851,Eptesicus serotinus,0.008,0.027,-1,Echolocation,/mnt/ubna_data_01_mir/recover-20220825/UBNA_002/20220823_033000.WAV,Telephone Field,recover-20220825,002,1795
1020.2885,1020.2945,28046,42303,Myotis daubentonii,0.019,0.041,-1,Echolocation,/mnt/ubna_data_01_mir/recover-20220825/UBNA_002/20220823_033000.WAV,Telephone Field,recover-20220825,002,1795
1020.2895,1020.2976,40937,48226,Pipistrellus nathusii,0.121,0.188,-1,Echolocation,/mnt/ubna_data_01_mir/recover-20220825/UBNA_002/20220823_033000.WAV,Telephone Field,recover-20220825,002,1795
1020.3315,1020.3366,39218,48571,Pipistrellus nathusii,0.209,0.463,-1,Echolocation,/mnt/ubna_data_01_mir/recover-20220825/UBNA_002/20220823_033000.WAV,Telephone Field,recover-20220825,002,1795
1020.3515,1020.359,26328,40464,Eptesicus serotinus,0.013,0.035,-1,Echolocation,/mnt/ubna_data_01_mir/recover-20220825/UBNA_002/20220823_033000.WAV,Telephone Field,recover-20220825,002,1795
1020.3555,1020.3616,42656,54874,Myotis brandtii,0.012,0.029,-1,Echolocation,/mnt/ubna_data_01_mir/recover-20220825/UBNA_002/20220823_033000.WAV,Telephone Field,recover-20220825,002,1795
1020.3755,1020.3833,42656,52245,Pipistrellus nathusii,0.013,0.028,-1,Echolocation,/mnt/ubna_data_01_mir/recover-20220825/UBNA_002/20220823_033000.WAV,Telephone Field,recover-20220825,002,1795
1020.3765,1020.3844,36640,48943,Myotis brandtii,0.011,0.031,-1,Echolocation,/mnt/ubna_data_01_mir/recover-20220825/UBNA_002/20220823_033000.WAV,Telephone Field,recover-20220825,002,1795
1020.3785,1020.3855,29765,47212,Myotis daubentonii,0.014,0.027,-1,Echolocation,/mnt/ubna_data_01_mir/recover-20220825/UBNA_002/20220823_033000.WAV,Telephone Field,recover-20220825,002,1795
1020.3805,1020.3878,25468,36581,Eptesicus serotinus,0.009,0.028,-1,Echolocation,/mnt/ubna_data_01_mir/recover-20220825/UBNA_002/20220823_033000.WAV,Telephone Field,recover-20220825,002,1795
1020.4085,1020.4147,39218,50815,Pipistrellus nathusii,0.185,0.459,-1,Echolocation,/mnt/ubna_data_01_mir/recover-20220825/UBNA_002/20220823_033000.WAV,Telephone Field,recover-20220825,002,1795
1020.4185,1020.4261,26328,33611,Eptesicus serotinus,0.008,0.028,-1,Echolocation,/mnt/ubna_data_01_mir/recover-20220825/UBNA_002/20220823_033000.WAV,Telephone Field,recover-20220825,002,1795
1020.4435,1020.4504,26328,35703,Eptesicus serotinus,0.009,0.028,-1,Echolocation,/mnt/ubna_data_01_mir/recover-20220825/UBNA_002/20220823_033000.WAV,Telephone Field,recover-20220825,002,1795
1020.4735,1020.4794,39218,47922,Myotis daubentonii,0.1,0.327,-1,Echolocation,/mnt/ubna_data_01_mir/recover-20220825/UBNA_002/20220823_033000.WAV,Telephone Field,recover-20220825,002,1795
1020.5305,1020.5355,39218,49902,Myotis daubentonii,0.179,0.418,-1,Echolocation,/mnt/ubna_data_01_mir/recover-20220825/UBNA_002/20220823_033000.WAV,Telephone Field,recover-20220825,002,1795
1020.5685,1020.5748,40078,49349,Barbastellus barbastellus,0.068,0.191,-1,Echolocation,/mnt/ubna_data_01_mir/recover-20220825/UBNA_002/20220823_033000.WAV,Telephone Field,recover-20220825,002,1795
1020.5965,1020.6025,40937,56510,Myotis brandtii,0.011,0.026,-1,Echolocation,/mnt/ubna_data_01_mir/recover-20220825/UBNA_002/20220823_033000.WAV,Telephone Field,recover-20220825,002,1795
1020.6175,1020.6232,41796,49730,Pipistrellus nathusii,0.278,0.426,-1,Echolocation,/mnt/ubna_data_01_mir/recover-20220825/UBNA_002/20220823_033000.WAV,Telephone Field,recover-20220825,002,1795
1020.6275,1020.633,33203,46060,Myotis daubentonii,0.019,0.029,-1,Echolocation,/mnt/ubna_data_01_mir/recover-20220825/UBNA_002/20220823_033000.WAV,Telephone Field,recover-20220825,002,1795
1020.6315,1020.6386,25468,37473,Eptesicus serotinus,0.007,0.026,-1,Echolocation,/mnt/ubna_data_01_mir/recover-20220825/UBNA_002/20220823_033000.WAV,Telephone Field,recover-20220825,002,1795
1020.6785,1020.6848,33203,45596,Myotis daubentonii,0.014,0.028,-1,Echolocation,/mnt/ubna_data_01_mir/recover-20220825/UBNA_002/20220823_033000.WAV,Telephone Field,recover-20220825,002,1795
1020.6935,1020.6984,38359,54497,Pipistrellus nathusii,0.207,0.524,-1,Echolocation,/mnt/ubna_data_01_mir/recover-20220825/UBNA_002/20220823_033000.WAV,Telephone Field,recover-20220825,002,1795
1020.7035,1020.7103,25468,35236,Eptesicus serotinus,0.007,0.025,-1,Echolocation,/mnt/ubna_data_01_mir/recover-20220825/UBNA_002/20220823_033000.WAV,Telephone Field,recover-20220825,002,1795
1020.7285,1020.7369,42656,55422,Pipistrellus nathusii,0.009,0.025,-1,Echolocation,/mnt/ubna_data_01_mir/recover-20220825/UBNA_002/20220823_033000.WAV,Telephone Field,recover-20220825,002,1795
1020.7555,1020.7614,33203,46008,Myotis daubentonii,0.015,0.031,-1,Echolocation,/mnt/ubna_data_01_mir/recover-20220825/UBNA_002/20220823_033000.WAV,Telephone Field,recover-20220825,002,1795
1020.7565,1020.7636,26328,38109,Eptesicus serotinus,0.009,0.028,-1,Echolocation,/mnt/ubna_data_01_mir/recover-20220825/UBNA_002/20220823_033000.WAV,Telephone Field,recover-20220825,002,1795
1020.7735,1020.7789,37500,47784,Barbastellus barbastellus,0.15,0.315,-1,Echolocation,/mnt/ubna_data_01_mir/recover-20220825/UBNA_002/20220823_033000.WAV,Telephone Field,recover-20220825,002,1795
1020.8135,1020.8196,26328,38448,Plecotus auritus,0.006,0.026,-1,Echolocation,/mnt/ubna_data_01_mir/recover-20220825/UBNA_002/20220823_033000.WAV,Telephone Field,recover-20220825,002,1795
1020.8365,1020.8421,34921,49380,Myotis daubentonii,0.013,0.029,-1,Echolocation,/mnt/ubna_data_01_mir/recover-20220825/UBNA_002/20220823_033000.WAV,Telephone Field,recover-20220825,002,1795
1020.8385,1020.8459,25468,35877,Eptesicus serotinus,0.009,0.027,-1,Echolocation,/mnt/ubna_data_01_mir/recover-20220825/UBNA_002/20220823_033000.WAV,Telephone Field,recover-20220825,002,1795
1020.8405,1020.8497,42656,50735,Pipistrellus nathusii,0.018,0.034,-1,Echolocation,/mnt/ubna_data_01_mir/recover-20220825/UBNA_002/20220823_033000.WAV,Telephone Field,recover-20220825,002,1795
1020.8635,1020.8683,38359,53041,Myotis daubentonii,0.157,0.483,-1,Echolocation,/mnt/ubna_data_01_mir/recover-20220825/UBNA_002/20220823_033000.WAV,Telephone Field,recover-20220825,002,1795
1020.9125,1020.919,39218,52105,Myotis brandtii,0.01,0.025,-1,Echolocation,/mnt/ubna_data_01_mir/recover-20220825/UBNA_002/20220823_033000.WAV,Telephone Field,recover-20220825,002,1795
1020.9125,1020.9193,34062,47278,Myotis daubentonii,0.011,0.026,-1,Echolocation,/mnt/ubna_data_01_mir/recover-20220825/UBNA_002/20220823_033000.WAV,Telephone Field,recover-20220825,002,1795
1020.9135,1020.9206,26328,36480,Eptesicus serotinus,0.008,0.028,-1,Echolocation,/mnt/ubna_data_01_mir/recover-20220825/UBNA_002/20220823_033000.WAV,Telephone Field,recover-20220825,002,1795
1020.9525,1020.9581,37500,50766,Myotis daubentonii,0.123,0.356,-1,Echolocation,/mnt/ubna_data_01_mir/recover-20220825/UBNA_002/20220823_033000.WAV,Telephone Field,recover-20220825,002,1795
1020.9785,1020.988,50390,55688,Pipistrellus pipistrellus,0.031,0.039,-1,Echolocation,/mnt/ubna_data_01_mir/recover-20220825/UBNA_002/20220823_033000.WAV,Telephone Field,recover-20220825,002,1795
1020.9855,1020.9958,23750,29978,Nyctalus leisleri,0.01,0.028,-1,Echolocation,/mnt/ubna_data_01_mir/recover-20220825/UBNA_002/20220823_033000.WAV,Telephone Field,recover-20220825,002,1795
1020.9965,1021.0024,32343,51518,Myotis daubentonii,0.012,0.025,-1,Echolocation,/mnt/ubna_data_01_mir/recover-20220825/UBNA_002/20220823_033000.WAV,Telephone Field,recover-20220825,002,1795
1021.0185,1021.0258,25468,37441,Eptesicus serotinus,0.008,0.027,-1,Echolocation,/mnt/ubna_data_01_mir/recover-20220825/UBNA_002/20220823_033000.WAV,Telephone Field,recover-20220825,002,1795
1021.0455,1021.0499,38359,51626,Pipistrellus nathusii,0.158,0.479,-1,Echolocation,/mnt/ubna_data_01_mir/recover-20220825/UBNA_002/20220823_033000.WAV,Telephone Field,recover-20220825,002,1795
1021.0555,1021.0647,26328,32975,Eptesicus serotinus,0.009,0.031,-1,Echolocation,/mnt/ubna_data_01_mir/recover-20220825/UBNA_002/20220823_033000.WAV,Telephone Field,recover-20220825,002,1795
1021.0695,1021.076,50390,56790,Pipistrellus pipistrellus,0.018,0.028,-1,Echolocation,/mnt/ubna_data_01_mir/recover-20220825/UBNA_002/20220823_033000.WAV,Telephone Field,recover-20220825,002,1795
1021.1025,1021.1081,36640,54845,Myotis brandtii,0.183,0.452,-1,Echolocation,/mnt/ubna_data_01_mir/recover-20220825/UBNA_002/20220823_033000.WAV,Telephone Field,recover-20220825,002,1795
1021.1495,1021.1541,36640,52262,Myotis brandtii,0.168,0.46,-1,Echolocation,/mnt/ubna_data_01_mir/recover-20220825/UBNA_002/20220823_033000.WAV,Telephone Field,recover-20220825,002,1795
1021.1585,1021.1667,26328,33152,Eptesicus serotinus,0.009,0.027,-1,Echolocation,/mnt/ubna_data_01_mir/recover-20220825/UBNA_002/20220823_033000.WAV,Telephone Field,recover-20220825,002,1795
1021.1675,1021.1772,25468,33244,Eptesicus serotinus,0.02,0.043,-1,Echolocation,/mnt/ubna_data_01_mir/recover-20220825/UBNA_002/20220823_033000.WAV,Telephone Field,recover-20220825,002,1795
1021.1955,1021.2009,27187,73145,Myotis brandtii,0.069,0.141,-1,Echolocation,/mnt/ubna_data_01_mir/recover-20220825/UBNA_002/20220823_033000.WAV,Telephone Field,recover-20220825,002,1795
1021.1955,1021.2008,36640,54022,Myotis brandtii,0.154,0.408,-1,Echolocation,/mnt/ubna_data_01_mir/recover-20220825/UBNA_002/20220823_033000.WAV,Telephone Field,recover-20220825,002,1795
1021.2165,1021.2257,25468,34712,Eptesicus serotinus,0.009,0.025,-1,Echolocation,/mnt/ubna_data_01_mir/recover-20220825/UBNA_002/20220823_033000.WAV,Telephone Field,recover-20220825,002,1795
1021.2375,1021.2433,38359,52807,Myotis daubentonii,0.023,0.045,-1,Echolocation,/mnt/ubna_data_01_mir/recover-20220825/UBNA_002/20220823_033000.WAV,Telephone Field,recover-20220825,002,1795
1021.2485,1021.2527,38359,51931,Myotis daubentonii,0.135,0.274,-1,Echolocation,/mnt/ubna_data_01_mir/recover-20220825/UBNA_002/20220823_033000.WAV,Telephone Field,recover-20220825,002,1795
1021.2925,1021.2975,39218,50315,Myotis daubentonii,0.148,0.248,-1,Echolocation,/mnt/ubna_data_01_mir/recover-20220825/UBNA_002/20220823_033000.WAV,Telephone Field,recover-20220825,002,1795
1021.3225,1021.3302,26328,34833,Eptesicus serotinus,0.008,0.026,-1,Echolocation,/mnt/ubna_data_01_mir/recover-20220825/UBNA_002/20220823_033000.WAV,Telephone Field,recover-20220825,002,1795
1021.3375,1021.3424,35781,52351,Myotis daubentonii,0.151,0.284,-1,Echolocation,/mnt/ubna_data_01_mir/recover-20220825/UBNA_002/20220823_033000.WAV,Telephone Field,recover-20220825,002,1795
1021.3865,1021.3907,40078,51006,Myotis daubentonii,0.184,0.402,-1,Echolocation,/mnt/ubna_data_01_mir/recover-20220825/UBNA_002/20220823_033000.WAV,Telephone Field,recover-20220825,002,1795
1021.3965,1021.4069,27187,33041,Eptesicus serotinus,0.014,0.034,-1,Echolocation,/mnt/ubna_data_01_mir/recover-20220825/UBNA_002/20220823_033000.WAV,Telephone Field,recover-20220825,002,1795
1021.4085,1021.4148,26328,36308,Eptesicus serotinus,0.007,0.03,-1,Echolocation,/mnt/ubna_data_01_mir/recover-20220825/UBNA_002/20220823_033000.WAV,Telephone Field,recover-20220825,002,1795
1021.4405,1021.4453,39218,49931,Myotis daubentonii,0.122,0.198,-1,Echolocation,/mnt/ubna_data_01_mir/recover-20220825/UBNA_002/20220823_033000.WAV,Telephone Field,recover-20220825,002,1795
1021.4595,1021.4711,58125,63406,Pipistrellus pygmaeus,0.036,0.037,-1,Echolocation,/mnt/ubna_data_01_mir/recover-20220825/UBNA_002/20220823_033000.WAV,Telephone Field,recover-20220825,002,1795
1021.5015,1021.5063,39218,52168,Myotis daubentonii,0.178,0.44,-1,Echolocation,/mnt/ubna_data_01_mir/recover-20220825/UBNA_002/20220823_033000.WAV,Telephone Field,recover-20220825,002,1795
1021.5255,1021.5324,27187,38862,Eptesicus serotinus,0.007,0.027,-1,Echolocation,/mnt/ubna_data_01_mir/recover-20220825/UBNA_002/20220823_033000.WAV,Telephone Field,recover-20220825,002,1795
1021.5565,1021.5642,39218,47251,Pipistrellus nathusii,0.01,0.026,-1,Echolocation,/mnt/ubna_data_01_mir/recover-20220825/UBNA_002/20220823_033000.WAV,Telephone Field,recover-20220825,002,1795
1021.5935,1021.5984,39218,52955,Myotis daubentonii,0.171,0.422,-1,Echolocation,/mnt/ubna_data_01_mir/recover-20220825/UBNA_002/20220823_033000.WAV,Telephone Field,recover-20220825,002,1795
1021.6315,1021.6394,42656,51035,Pipistrellus nathusii,0.014,0.029,-1,Echolocation,/mnt/ubna_data_01_mir/recover-20220825/UBNA_002/20220823_033000.WAV,Telephone Field,recover-20220825,002,1795
1021.6425,1021.6501,26328,36218,Eptesicus serotinus,0.009,0.026,-1,Echolocation,/mnt/ubna_data_01_mir/recover-20220825/UBNA_002/20220823_033000.WAV,Telephone Field,recover-20220825,002,1795
1021.6655,1021.6701,39218,50568,Myotis daubentonii,0.174,0.326,-1,Echolocation,/mnt/ubna_data_01_mir/recover-20220825/UBNA_002/20220823_033000.WAV,Telephone Field,recover-20220825,002,1795
1021.7335,1021.7387,40078,54458,Myotis daubentonii,0.194,0.45,-1,Echolocation,/mnt/ubna_data_01_mir/recover-20220825/UBNA_002/20220823_033000.WAV,Telephone Field,recover-20220825,002,1795
1021.7635,1021.7695,37500,53064,Myotis brandtii,0.011,0.026,-1,Echolocation,/mnt/ubna_data_01_mir/recover-20220825/UBNA_002/20220823_033000.WAV,Telephone Field,recover-20220825,002,1795
1021.7665,1021.7733,57265,63040,Pipistrellus pygmaeus,0.026,0.026,-1,Echolocation,/mnt/ubna_data_01_mir/recover-20220825/UBNA_002/20220823_033000.WAV,Telephone Field,recover-20220825,002,1795
1021.8015,1021.8066,40078,52109,Myotis daubentonii,0.178,0.393,-1,Echolocation,/mnt/ubna_data_01_mir/recover-20220825/UBNA_002/20220823_033000.WAV,Telephone Field,recover-20220825,002,1795
1021.8225,1021.8287,30625,44574,Myotis daubentonii,0.029,0.054,-1,Echolocation,/mnt/ubna_data_01_mir/recover-20220825/UBNA_002/20220823_033000.WAV,Telephone Field,recover-20220825,002,1795
1021.8485,1021.8543,35781,57326,Myotis brandtii,0.012,0.027,-1,Echolocation,/mnt/ubna_data_01_mir/recover-20220825/UBNA_002/20220823_033000.WAV,Telephone Field,recover-20220825,002,1795
1021.8645,1021.8708,40937,49224,Pipistrellus nathusii,0.211,0.399,-1,Echolocation,/mnt/ubna_data_01_mir/recover-20220825/UBNA_002/20220823_033000.WAV,Telephone Field,recover-20220825,002,1795
1021.8915,1021.8988,25468,35782,Eptesicus serotinus,0.012,0.034,-1,Echolocation,/mnt/ubna_data_01_mir/recover-20220825/UBNA_002/20220823_033000.WAV,Telephone Field,recover-20220825,002,1795
1021.9305,1021.9356,34062,46604,Myotis daubentonii,0.041,0.067,-1,Echolocation,/mnt/ubna_data_01_mir/recover-20220825/UBNA_002/20220823_033000.WAV,Telephone Field,recover-20220825,002,1795
1021.9455,1021.953,40937,50057,Pipistrellus nathusii,0.257,0.461,-1,Echolocation,/mnt/ubna_data_01_mir/recover-20220825/UBNA_002/20220823_033000.WAV,Telephone Field,recover-20220825,002,1795
1021.9605,1021.9682,26328,36335,Eptesicus serotinus,0.008,0.027,-1,Echolocation,/mnt/ubna_data_01_mir/recover-20220825/UBNA_002/20220823_033000.WAV,Telephone Field,recover-20220825,002,1795
1021.9835,1021.9906,26328,37580,Eptesicus serotinus,0.008,0.026,-1,Echolocation,/mnt/ubna_data_01_mir/recover-20220825/UBNA_002/20220823_033000.WAV,Telephone Field,recover-20220825,002,1795
1022.0015,1022.0118,23750,31343,Nyctalus leisleri,0.016,0.042,-1,Echolocation,/mnt/ubna_data_01_mir/recover-20220825/UBNA_002/20220823_033000.WAV,Telephone Field,recover-20220825,002,1795
1022.0015,1022.0317,68437,79514,Rhinolophus ferrumequinum,0.039,0.04,-1,Echolocation,/mnt/ubna_data_01_mir/recover-20220825/UBNA_002/20220823_033000.WAV,Telephone Field,recover-20220825,002,1795
1022.0035,1022.0128,54687,60749,Pipistrellus pygmaeus,0.026,0.027,-1,Echolocation,/mnt/ubna_data_01_mir/recover-20220825/UBNA_002/20220823_033000.WAV,Telephone Field,recover-20220825,002,1795
1022.0155,1022.0229,41796,54314,Pipistrellus nathusii,0.277,0.419,-1,Echolocation,/mnt/ubna_data_01_mir/recover-20220825/UBNA_002/20220823_033000.WAV,Telephone Field,recover-20220825,002,1795
1022.0165,1022.0223,28906,68581,Myotis brandtii,0.016,0.035,-1,Echolocation,/mnt/ubna_data_01_mir/recover-20220825/UBNA_002/20220823_033000.WAV,Telephone Field,recover-20220825,002,1795
1022.0435,1022.0511,54687,59390,Pipistrellus pygmaeus,0.055,0.058,-1,Echolocation,/mnt/ubna_data_01_mir/recover-20220825/UBNA_002/20220823_033000.WAV,Telephone Field,recover-20220825,002,1795
1022.0705,1022.0783,28046,35291,Eptesicus serotinus,0.007,0.025,-1,Echolocation,/mnt/ubna_data_01_mir/recover-20220825/UBNA_002/20220823_033000.WAV,Telephone Field,recover-20220825,002,1795
1022.0725,1022.1108,68437,81619,Rhinolophus ferrumequinum,0.026,0.026,-1,Echolocation,/mnt/ubna_data_01_mir/recover-20220825/UBNA_002/20220823_033000.WAV,Telephone Field,recover-20220825,002,1795
1022.0815,1022.0874,30625,67586,Myotis brandtii,0.024,0.037,-1,Echolocation,/mnt/ubna_data_01_mir/recover-20220825/UBNA_002/20220823_033000.WAV,Telephone Field,recover-20220825,002,1795
1022.0815,1022.0908,41796,48960,Pipistrellus nathusii,0.369,0.457,-1,Echolocation,/mnt/ubna_data_01_mir/recover-20220825/UBNA_002/20220823_033000.WAV,Telephone Field,recover-20220825,002,1795
1022.0885,1022.0951,57265,65484,Pipistrellus pygmaeus,0.035,0.036,-1,Echolocation,/mnt/ubna_data_01_mir/recover-20220825/UBNA_002/20220823_033000.WAV,Telephone Field,recover-20220825,002,1795
1022.1045,1022.1117,52109,60626,Pipistrellus pipistrellus,0.031,0.039,-1,Echolocation,/mnt/ubna_data_01_mir/recover-20220825/UBNA_002/20220823_033000.WAV,Telephone Field,recover-20220825,002,1795
1022.1055,1022.1204,16015,21567,Nyctalus noctula,0.016,0.026,-1,Echolocation,/mnt/ubna_data_01_mir/recover-20220825/UBNA_002/20220823_033000.WAV,Telephone Field,recover-20220825,002,1795
1022.1115,1022.1172,34921,58331,Myotis brandtii,0.011,0.027,-1,Echolocation,/mnt/ubna_data_01_mir/recover-20220825/UBNA_002/20220823_033000.WAV,Telephone Field,recover-20220825,002,1795
1022.1235,1022.162,68437,82146,Rhinolophus ferrumequinum,0.028,0.028,-1,Echolocation,/mnt/ubna_data_01_mir/recover-20220825/UBNA_002/20220823_033000.WAV,Telephone Field,recover-20220825,002,1795
1022.1235,1022.1326,55546,64442,Pipistrellus pygmaeus,0.027,0.029,-1,Echolocation,/mnt/ubna_data_01_mir/recover-20220825/UBNA_002/20220823_033000.WAV,Telephone Field,recover-20220825,002,1795
1022.1695,1022.1753,28906,66085,Myotis brandtii,0.019,0.038,-1,Echolocation,/mnt/ubna_data_01_mir/recover-20220825/UBNA_002/20220823_033000.WAV,Telephone Field,recover-20220825,002,1795
1022.1695,1022.1767,41796,54360,Pipistrellus nathusii,0.275,0.435,-1,Echolocation,/mnt/ubna_data_01_mir/recover-20220825/UBNA_002/20220823_033000.WAV,Telephone Field,recover-20220825,002,1795
1022.2175,1022.2546,68437,81823,Rhinolophus ferrumequinum,0.027,0.027,-1,Echolocation,/mnt/ubna_data_01_mir/recover-20220825/UBNA_002/20220823_033000.WAV,Telephone Field,recover-20220825,002,1795
1022.2195,1022.2261,38359,52034,Myotis brandtii,0.01,0.031,-1,Echolocation,/mnt/ubna_data_01_mir/recover-20220825/UBNA_002/20220823_033000.WAV,Telephone Field,recover-20220825,002,1795
1022.2285,1022.2374,55546,62164,Pipistrellus pygmaeus,0.024,0.026,-1,Echolocation,/mnt/ubna_data_01_mir/recover-20220825/UBNA_002/20220823_033000.WAV,Telephone Field,recover-20220825,002,1795
1022.2375,1022.2789,68437,82789,Rhinolophus ferrumequinum,0.024,0.024,-1,Echolocation,/mnt/ubna_data_01_mir/recover-20220825/UBNA_002/20220823_033000.WAV,Telephone Field,recover-20220825,002,1795
1022.2555,1022.2613,29765,62563,Myotis brandtii,0.018,0.039,-1,Echolocation,/mnt/ubna_data_01_mir/recover-20220825/UBNA_002/20220823_033000.WAV,Telephone Field,recover-20220825,002,1795
1022.2555,1022.2677,42656,48897,Pipistrellus nathusii,0.331,0.388,-1,Echolocation,/mnt/ubna_data_01_mir/recover-20220825/UBNA_002/20220823_033000.WAV,Telephone Field,recover-20220825,002,1795
1022.2645,1022.2716,26328,35124,Eptesicus serotinus,0.007,0.028,-1,Echolocation,/mnt/ubna_data_01_mir/recover-20220825/UBNA_002/20220823_033000.WAV,Telephone Field,recover-20220825,002,1795
1022.2865,1022.3284,68437,82537,Rhinolophus ferrumequinum,0.029,0.029,-1,Echolocation,/mnt/ubna_data_01_mir/recover-20220825/UBNA_002/20220823_033000.WAV,Telephone Field,recover-20220825,002,1795
1022.2865,1022.2977,27187,33352,Eptesicus serotinus,0.021,0.044,-1,Echolocation,/mnt/ubna_data_01_mir/recover-20220825/UBNA_002/20220823_033000.WAV,Telephone Field,recover-20220825,002,1795
1022.2895,1022.2983,54687,65218,Pipistrellus pygmaeus,0.028,0.029,-1,Echolocation,/mnt/ubna_data_01_mir/recover-20220825/UBNA_002/20220823_033000.WAV,Telephone Field,recover-20220825,002,1795
1022.3105,1022.3488,68437,81196,Rhinolophus ferrumequinum,0.026,0.026,-1,Echolocation,/mnt/ubna_data_01_mir/recover-20220825/UBNA_002/20220823_033000.WAV,Telephone Field,recover-20220825,002,1795
1022.3435,1022.3545,41796,49973,Pipistrellus nathusii,0.234,0.278,-1,Echolocation,/mnt/ubna_data_01_mir/recover-20220825/UBNA_002/20220823_033000.WAV,Telephone Field,recover-20220825,002,1795
1022.3575,1022.3665,27187,35675,Eptesicus serotinus,0.008,0.025,-1,Echolocation,/mnt/ubna_data_01_mir/recover-20220825/UBNA_002/20220823_033000.WAV,Telephone Field,recover-20220825,002,1795
1022.3625,1022.3696,44375,51391,Pipistrellus pipistrellus,0.054,0.066,-1,Echolocation,/mnt/ubna_data_01_mir/recover-20220825/UBNA_002/20220823_033000.WAV,Telephone Field,recover-20220825,002,1795
1022.4255,1022.4312,29765,60846,Myotis brandtii,0.015,0.026,-1,Echolocation,/mnt/ubna_data_01_mir/recover-20220825/UBNA_002/20220823_033000.WAV,Telephone Field,recover-20220825,002,1795
1022.4275,1022.4344,41796,53277,Pipistrellus nathusii,0.471,0.559,-1,Echolocation,/mnt/ubna_data_01_mir/recover-20220825/UBNA_002/20220823_033000.WAV,Telephone Field,recover-20220825,002,1795
1022.4475,1022.4892,68437,82798,Rhinolophus ferrumequinum,0.027,0.027,-1,Echolocation,/mnt/ubna_data_01_mir/recover-20220825/UBNA_002/20220823_033000.WAV,Telephone Field,recover-20220825,002,1795
1022.4705,1022.479,55546,60265,Pipistrellus pygmaeus,0.026,0.026,-1,Echolocation,/mnt/ubna_data_01_mir/recover-20220825/UBNA_002/20220823_033000.WAV,Telephone Field,recover-20220825,002,1795
1022.4715,1022.4808,14296,21075,Plecotus auritus,0.012,0.024,-1,Echolocation,/mnt/ubna_data_01_mir/recover-20220825/UBNA_002/20220823_033000.WAV,Telephone Field,recover-20220825,002,1795
1022.4855,1022.4917,34062,57788,Myotis brandtii,0.013,0.027,-1,Echolocation,/mnt/ubna_data_01_mir/recover-20220825/UBNA_002/20220823_033000.WAV,Telephone Field,recover-20220825,002,1795
1022.4895,1022.4964,43515,55093,Pipistrellus pipistrellus,0.008,0.032,-1,Echolocation,/mnt/ubna_data_01_mir/recover-20220825/UBNA_002/20220823_033000.WAV,Telephone Field,recover-20220825,002,1795
1022.5095,1022.516,54687,60143,Pipistrellus pygmaeus,0.026,0.027,-1,Echolocation,/mnt/ubna_data_01_mir/recover-20220825/UBNA_002/20220823_033000.WAV,Telephone Field,recover-20220825,002,1795
1022.5125,1022.5532,68437,82321,Rhinolophus ferrumequinum,0.024,0.024,-1,Echolocation,/mnt/ubna_data_01_mir/recover-20220825/UBNA_002/20220823_033000.WAV,Telephone Field,recover-20220825,002,1795
1022.5335,1022.5452,40937,47790,Pipistrellus nathusii,0.182,0.238,-1,Echolocation,/mnt/ubna_data_01_mir/recover-20220825/UBNA_002/20220823_033000.WAV,Telephone Field,recover-20220825,002,1795
1022.5535,1022.561,28046,36291,Eptesicus serotinus,0.008,0.024,-1,Echolocation,/mnt/ubna_data_01_mir/recover-20220825/UBNA_002/20220823_033000.WAV,Telephone Field,recover-20220825,002,1795
1022.5725,1022.5781,50390,57274,Pipistrellus pipistrellus,0.068,0.075,-1,Echolocation,/mnt/ubna_data_01_mir/recover-20220825/UBNA_002/20220823_033000.WAV,Telephone Field,recover-20220825,002,1795
1022.6005,1022.6079,45234,54903,Pipistrellus pipistrellus,0.016,0.027,-1,Echolocation,/mnt/ubna_data_01_mir/recover-20220825/UBNA_002/20220823_033000.WAV,Telephone Field,recover-20220825,002,1795
1022.6165,1022.6278,42656,52882,Pipistrellus nathusii,0.304,0.396,-1,Echolocation,/mnt/ubna_data_01_mir/recover-20220825/UBNA_002/20220823_033000.WAV,Telephone Field,recover-20220825,002,1795
1022.6505,1022.6589,28046,36345,Eptesicus serotinus,0.008,0.025,-1,Echolocation,/mnt/ubna_data_01_mir/recover-20220825/UBNA_002/20220823_033000.WAV,Telephone Field,recover-20220825,002,1795
1022.6595,1022.6686,27187,35489,Eptesicus serotinus,0.009,0.027,-1,Echolocation,/mnt/ubna_data_01_mir/recover-20220825/UBNA_002/20220823_033000.WAV,Telephone Field,recover-20220825,002,1795
1022.6615,1022.6677,48671,57447,Pipistrellus pipistrellus,0.024,0.028,-1,Echolocation,/mnt/ubna_data_01_mir/recover-20220825/UBNA_002/20220823_033000.WAV,Telephone Field,recover-20220825,002,1795
1022.6785,1022.6854,52109,58770,Pipistrellus pipistrellus,0.033,0.04,-1,Echolocation,/mnt/ubna_data_01_mir/recover-20220825/UBNA_002/20220823_033000.WAV,Telephone Field,recover-20220825,002,1795
1022.7025,1022.7152,42656,51140,Pipistrellus nathusii,0.201,0.32,-1,Echolocation,/mnt/ubna_data_01_mir/recover-20220825/UBNA_002/20220823_033000.WAV,Telephone Field,recover-20220825,002,1795
1022.7035,1022.7211,16875,22984,Nyctalus noctula,0.02,0.031,-1,Echolocation,/mnt/ubna_data_01_mir/recover-20220825/UBNA_002/20220823_033000.WAV,Telephone Field,recover-20220825,002,1795
1022.7045,1022.7096,30625,74693,Myotis brandtii,0.047,0.069,-1,Echolocation,/mnt/ubna_data_01_mir/recover-20220825/UBNA_002/20220823_033000.WAV,Telephone Field,recover-20220825,002,1795
1022.7695,1022.7777,27187,35779,Eptesicus serotinus,0.009,0.027,-1,Echolocation,/mnt/ubna_data_01_mir/recover-20220825/UBNA_002/20220823_033000.WAV,Telephone Field,recover-20220825,002,1795
1022.7835,1022.7908,41796,59343,Pipistrellus nathusii,0.238,0.431,-1,Echolocation,/mnt/ubna_data_01_mir/recover-20220825/UBNA_002/20220823_033000.WAV,Telephone Field,recover-20220825,002,1795
1022.7925,1022.7987,26328,37384,Eptesicus serotinus,0.006,0.031,-1,Echolocation,/mnt/ubna_data_01_mir/recover-20220825/UBNA_002/20220823_033000.WAV,Telephone Field,recover-20220825,002,1795
1022.8105,1022.8204,28046,35924,Eptesicus serotinus,0.012,0.025,-1,Echolocation,/mnt/ubna_data_01_mir/recover-20220825/UBNA_002/20220823_033000.WAV,Telephone Field,recover-20220825,002,1795
1022.8405,1022.8494,41796,58587,Pipistrellus nathusii,0.205,0.328,-1,Echolocation,/mnt/ubna_data_01_mir/recover-20220825/UBNA_002/20220823_033000.WAV,Telephone Field,recover-20220825,002,1795
1022.8985,1022.9052,48671,58571,Pipistrellus pipistrellus,0.063,0.078,-1,Echolocation,/mnt/ubna_data_01_mir/recover-20220825/UBNA_002/20220823_033000.WAV,Telephone Field,recover-20220825,002,1795
1022.9055,1022.9127,41796,53761,Pipistrellus nathusii,0.239,0.423,-1,Echolocation,/mnt/ubna_data_01_mir/recover-20220825/UBNA_002/20220823_033000.WAV,Telephone Field,recover-20220825,002,1795
1022.9345,1022.9738,68437,82248,Rhinolophus ferrumequinum,0.029,0.029,-1,Echolocation,/mnt/ubna_data_01_mir/recover-20220825/UBNA_002/20220823_033000.WAV,Telephone Field,recover-20220825,002,1795
1022.9365,1022.9441,28046,40809,Eptesicus serotinus,0.009,0.029,-1,Echolocation,/mnt/ubna_data_01_mir/recover-20220825/UBNA_002/20220823_033000.WAV,Telephone Field,recover-20220825,002,1795
1022.9835,1022.9934,27187,33916,Eptesicus serotinus,0.009,0.026,-1,Echolocation,/mnt/ubna_data_01_mir/recover-20220825/UBNA_002/20220823_033000.WAV,Telephone Field,recover-20220825,002,1795
1022.9915,1023.0031,42656,58050,Pipistrellus nathusii,0.214,0.371,-1,Echolocation,/mnt/ubna_data_01_mir/recover-20220825/UBNA_002/20220823_033000.WAV,Telephone Field,recover-20220825,002,1795
1023.0685,1023.077,28046,34846,Eptesicus serotinus,0.007,0.027,-1,Echolocation,/mnt/ubna_data_01_mir/recover-20220825/UBNA_002/20220823_033000.WAV,Telephone Field,recover-20220825,002,1795
1023.0745,1023.0833,57265,63253,Pipistrellus pygmaeus,0.035,0.036,-1,Echolocation,/mnt/ubna_data_01_mir/recover-20220825/UBNA_002/20220823_033000.WAV,Telephone Field,recover-20220825,002,1795
1023.0755,1023.1102,68437,80468,Rhinolophus ferrumequinum,0.026,0.026,-1,Echolocation,/mnt/ubna_data_01_mir/recover-20220825/UBNA_002/20220823_033000.WAV,Telephone Field,recover-20220825,002,1795
1023.0785,1023.0843,29765,59230,Myotis brandtii,0.019,0.038,-1,Echolocation,/mnt/ubna_data_01_mir/recover-20220825/UBNA_002/20220823_033000.WAV,Telephone Field,recover-20220825,002,1795
1023.0795,1023.0918,42656,59073,Pipistrellus nathusii,0.23,0.331,-1,Echolocation,/mnt/ubna_data_01_mir/recover-20220825/UBNA_002/20220823_033000.WAV,Telephone Field,recover-20220825,002,1795
1023.1025,1023.111,28906,36164,Eptesicus serotinus,0.01,0.025,-1,Echolocation,/mnt/ubna_data_01_mir/recover-20220825/UBNA_002/20220823_033000.WAV,Telephone Field,recover-20220825,002,1795
1023.1145,1023.1562,68437,82412,Rhinolophus ferrumequinum,0.033,0.034,-1,Echolocation,/mnt/ubna_data_01_mir/recover-20220825/UBNA_002/20220823_033000.WAV,Telephone Field,recover-20220825,002,1795
1023.1155,1023.1253,28046,37070,Eptesicus serotinus,0.009,0.025,-1,Echolocation,/mnt/ubna_data_01_mir/recover-20220825/UBNA_002/20220823_033000.WAV,Telephone Field,recover-20220825,002,1795
1023.1315,1023.1383,26328,35830,Eptesicus serotinus,0.006,0.024,-1,Echolocation,/mnt/ubna_data_01_mir/recover-20220825/UBNA_002/20220823_033000.WAV,Telephone Field,recover-20220825,002,1795
1023.1385,1023.1477,41796,58989,Pipistrellus nathusii,0.181,0.336,-1,Echolocation,/mnt/ubna_data_01_mir/recover-20220825/UBNA_002/20220823_033000.WAV,Telephone Field,recover-20220825,002,1795
1023.1685,1023.1771,52109,58743,Pipistrellus pipistrellus,0.025,0.036,-1,Echolocation,/mnt/ubna_data_01_mir/recover-20220825/UBNA_002/20220823_033000.WAV,Telephone Field,recover-20220825,002,1795
1023.2025,1023.2142,42656,57566,Pipistrellus nathusii,0.345,0.443,-1,Echolocation,/mnt/ubna_data_01_mir/recover-20220825/UBNA_002/20220823_033000.WAV,Telephone Field,recover-20220825,002,1795
1023.2035,1023.2114,55546,60881,Pipistrellus pygmaeus,0.03,0.032,-1,Echolocation,/mnt/ubna_data_01_mir/recover-20220825/UBNA_002/20220823_033000.WAV,Telephone Field,recover-20220825,002,1795
1023.2815,1023.2873,29765,62700,Myotis brandtii,0.018,0.035,-1,Echolocation,/mnt/ubna_data_01_mir/recover-20220825/UBNA_002/20220823_033000.WAV,Telephone Field,recover-20220825,002,1795
1023.2835,1023.2969,42656,55638,Pipistrellus nathusii,0.266,0.364,-1,Echolocation,/mnt/ubna_data_01_mir/recover-20220825/UBNA_002/20220823_033000.WAV,Telephone Field,recover-20220825,002,1795
1023.2865,1023.2968,55546,60303,Pipistrellus pygmaeus,0.027,0.029,-1,Echolocation,/mnt/ubna_data_01_mir/recover-20220825/UBNA_002/20220823_033000.WAV,Telephone Field,recover-20220825,002,1795
1023.3035,1023.3099,35781,61774,Myotis brandtii,0.016,0.029,-1,Echolocation,/mnt/ubna_data_01_mir/recover-20220825/UBNA_002/20220823_033000.WAV,Telephone Field,recover-20220825,002,1795
1023.3305,1023.3392,28046,38163,Eptesicus serotinus,0.01,0.024,-1,Echolocation,/mnt/ubna_data_01_mir/recover-20220825/UBNA_002/20220823_033000.WAV,Telephone Field,recover-20220825,002,1795
1023.3545,1023.3672,47812,54338,Pipistrellus pipistrellus,0.041,0.076,-1,Echolocation,/mnt/ubna_data_01_mir/recover-20220825/UBNA_002/20220823_033000.WAV,Telephone Field,recover-20220825,002,1795
1023.3575,1023.3634,38359,68854,Myotis brandtii,0.217,0.341,-1,Echolocation,/mnt/ubna_data_01_mir/recover-20220825/UBNA_002/20220823_033000.WAV,Telephone Field,recover-20220825,002,1795
1023.4235,1023.4299,52968,62100,Pipistrellus pygmaeus,0.034,0.047,-1,Echolocation,/mnt/ubna_data_01_mir/recover-20220825/UBNA_002/20220823_033000.WAV,Telephone Field,recover-20220825,002,1795
1023.4245,1023.4303,34921,77932,Myotis brandtii,0.333,0.395,-1,Echolocation,/mnt/ubna_data_01_mir/recover-20220825/UBNA_002/20220823_033000.WAV,Telephone Field,recover-20220825,002,1795
1023.4835,1023.4944,15156,20043,Nyctalus noctula,0.016,0.029,-1,Echolocation,/mnt/ubna_data_01_mir/recover-20220825/UBNA_002/20220823_033000.WAV,Telephone Field,recover-20220825,002,1795
1023.4955,1023.5015,40078,61531,Pipistrellus nathusii,0.253,0.529,-1,Echolocation,/mnt/ubna_data_01_mir/recover-20220825/UBNA_002/20220823_033000.WAV,Telephone Field,recover-20220825,002,1795
1023.5225,1023.5342,24609,30153,Nyctalus leisleri,0.013,0.029,-1,Echolocation,/mnt/ubna_data_01_mir/recover-20220825/UBNA_002/20220823_033000.WAV,Telephone Field,recover-20220825,002,1795
1023.5295,1023.5443,24609,29534,Nyctalus leisleri,0.014,0.029,-1,Echolocation,/mnt/ubna_data_01_mir/recover-20220825/UBNA_002/20220823_033000.WAV,Telephone Field,recover-20220825,002,1795
1023.5395,1023.5487,28906,35490,Eptesicus serotinus,0.011,0.026,-1,Echolocation,/mnt/ubna_data_01_mir/recover-20220825/UBNA_002/20220823_033000.WAV,Telephone Field,recover-20220825,002,1795
1023.5545,1023.5609,38359,65876,Myotis brandtii,0.168,0.386,-1,Echolocation,/mnt/ubna_data_01_mir/recover-20220825/UBNA_002/20220823_033000.WAV,Telephone Field,recover-20220825,002,1795
1023.6055,1023.6159,55546,61009,Pipistrellus pygmaeus,0.026,0.028,-1,Echolocation,/mnt/ubna_data_01_mir/recover-20220825/UBNA_002/20220823_033000.WAV,Telephone Field,recover-20220825,002,1795
1023.6115,1023.6175,40937,68878,Pipistrellus nathusii,0.291,0.489,-1,Echolocation,/mnt/ubna_data_01_mir/recover-20220825/UBNA_002/20220823_033000.WAV,Telephone Field,recover-20220825,002,1795
1023.6415,1023.6512,28046,36753,Eptesicus serotinus,0.011,0.025,-1,Echolocation,/mnt/ubna_data_01_mir/recover-20220825/UBNA_002/20220823_033000.WAV,Telephone Field,recover-20220825,002,1795
1023.6725,1023.6845,53828,59919,Pipistrellus pygmaeus,0.027,0.03,-1,Echolocation,/mnt/ubna_data_01_mir/recover-20220825/UBNA_002/20220823_033000.WAV,Telephone Field,recover-20220825,002,1795
1023.6745,1023.6801,40937,64547,Pipistrellus nathusii,0.286,0.534,-1,Echolocation,/mnt/ubna_data_01_mir/recover-20220825/UBNA_002/20220823_033000.WAV,Telephone Field,recover-20220825,002,1795
1023.7235,1023.7619,68437,81929,Rhinolophus ferrumequinum,0.038,0.038,-1,Echolocation,/mnt/ubna_data_01_mir/recover-20220825/UBNA_002/20220823_033000.WAV,Telephone Field,recover-20220825,002,1795
1023.7615,1023.7678,40078,65858,Pipistrellus nathusii,0.192,0.434,-1,Echolocation,/mnt/ubna_data_01_mir/recover-20220825/UBNA_002/20220823_033000.WAV,Telephone Field,recover-20220825,002,1795
1023.7955,1023.8038,27187,37674,Eptesicus serotinus,0.009,0.026,-1,Echolocation,/mnt/ubna_data_01_mir/recover-20220825/UBNA_002/20220823_033000.WAV,Telephone Field,recover-20220825,002,1795
1023.8275,1023.8361,54687,61261,Pipistrellus pygmaeus,0.033,0.034,-1,Echolocation,/mnt/ubna_data_01_mir/recover-20220825/UBNA_002/20220823_033000.WAV,Telephone Field,recover-20220825,002,1795
1023.8335,1023.8434,28046,34380,Eptesicus serotinus,0.01,0.025,-1,Echolocation,/mnt/ubna_data_01_mir/recover-20220825/UBNA_002/20220823_033000.WAV,Telephone Field,recover-20220825,002,1795
1023.8405,1023.8776,68437,80993,Rhinolophus ferrumequinum,0.025,0.025,-1,Echolocation,/mnt/ubna_data_01_mir/recover-20220825/UBNA_002/20220823_033000.WAV,Telephone Field,recover-20220825,002,1795
1023.8485,1023.8548,35781,76642,Myotis brandtii,0.341,0.481,-1,Echolocation,/mnt/ubna_data_01_mir/recover-20220825/UBNA_002/20220823_033000.WAV,Telephone Field,recover-20220825,002,1795
1023.8495,1023.8559,48671,58422,Pipistrellus pipistrellus,0.048,0.087,-1,Echolocation,/mnt/ubna_data_01_mir/recover-20220825/UBNA_002/20220823_033000.WAV,Telephone Field,recover-20220825,002,1795
1023.8575,1023.8635,32343,45772,Myotis daubentonii,0.013,0.026,-1,Echolocation,/mnt/ubna_data_01_mir/recover-20220825/UBNA_002/20220823_033000.WAV,Telephone Field,recover-20220825,002,1795
1023.9165,1023.9228,40078,62024,Pipistrellus nathusii,0.293,0.534,-1,Echolocation,/mnt/ubna_data_01_mir/recover-20220825/UBNA_002/20220823_033000.WAV,Telephone Field,recover-20220825,002,1795
1023.9185,1023.924,48671,55785,Pipistrellus pipistrellus,0.035,0.061,-1,Echolocation,/mnt/ubna_data_01_mir/recover-20220825/UBNA_002/20220823_033000.WAV,Telephone Field,recover-20220825,002,1795
1023.9785,1023.9853,27187,38070,Eptesicus serotinus,0.008,0.029,-1,Echolocation,/mnt/ubna_data_01_mir/recover-20220825/UBNA_002/20220823_033000.WAV,Telephone Field,recover-20220825,002,1795
1024.0015,1024.0302,69296,81745,Rhinolophus ferrumequinum,0.031,0.031,-1,Echolocation,/mnt/ubna_data_01_mir/recover-20220825/UBNA_002/20220823_033000.WAV,Telephone Field,recover-20220825,002,1795
1024.0015,1024.0105,23750,31714,Nyctalus leisleri,0.011,0.032,-1,Echolocation,/mnt/ubna_data_01_mir/recover-20220825/UBNA_002/20220823_033000.WAV,Telephone Field,recover-20220825,002,1795
1024.0015,1024.01,37500,44125,Pipistrellus nathusii,0.013,0.027,-1,Echolocation,/mnt/ubna_data_01_mir/recover-20220825/UBNA_002/20220823_033000.WAV,Telephone Field,recover-20220825,002,1795
1024.0015,1024.0119,58125,66076,Pipistrellus pygmaeus,0.024,0.025,-1,Echolocation,/mnt/ubna_data_01_mir/recover-20220825/UBNA_002/20220823_033000.WAV,Telephone Field,recover-20220825,002,1795
1024.0015,1024.0108,48671,56419,Pipistrellus pipistrellus,0.016,0.025,-1,Echolocation,/mnt/ubna_data_01_mir/recover-20220825/UBNA_002/20220823_033000.WAV,Telephone Field,recover-20220825,002,1795
1024.0165,1024.0256,28906,36156,Eptesicus serotinus,0.008,0.025,-1,Echolocation,/mnt/ubna_data_01_mir/recover-20220825/UBNA_002/20220823_033000.WAV,Telephone Field,recover-20220825,002,1795
1024.0275,1024.04,52109,57538,Pipistrellus pygmaeus,0.066,0.078,-1,Echolocation,/mnt/ubna_data_01_mir/recover-20220825/UBNA_002/20220823_033000.WAV,Telephone Field,recover-20220825,002,1795
1024.0335,1024.04,27187,83561,Myotis bechsteinii,0.119,0.145,-1,Echolocation,/mnt/ubna_data_01_mir/recover-20220825/UBNA_002/20220823_033000.WAV,Telephone Field,recover-20220825,002,1795
1024.0335,1024.0403,35781,69191,Pipistrellus nathusii,0.333,0.51,-1,Echolocation,/mnt/ubna_data_01_mir/recover-20220825/UBNA_002/20220823_033000.WAV,Telephone Field,recover-20220825,002,1795
1024.0435,1024.049,34921,54231,Myotis brandtii,0.017,0.029,-1,Echolocation,/mnt/ubna_data_01_mir/recover-20220825/UBNA_002/20220823_033000.WAV,Telephone Field,recover-20220825,002,1795
1024.0775,1024.0853,27187,36568,Eptesicus serotinus,0.009,0.026,-1,Echolocation,/mnt/ubna_data_01_mir/recover-20220825/UBNA_002/20220823_033000.WAV,Telephone Field,recover-20220825,002,1795
1024.1265,1024.136,48671,53489,Pipistrellus pipistrellus,0.042,0.077,-1,Echolocation,/mnt/ubna_data_01_mir/recover-20220825/UBNA_002/20220823_033000.WAV,Telephone Field,recover-20220825,002,1795
1024.1285,1024.135,35781,71554,Myotis brandtii,0.323,0.45,-1,Echolocation,/mnt/ubna_data_01_mir/recover-20220825/UBNA_002/20220823_033000.WAV,Telephone Field,recover-20220825,002,1795
1024.1285,1024.1345,28046,85239,Myotis bechsteinii,0.116,0.141,-1,Echolocation,/mnt/ubna_data_01_mir/recover-20220825/UBNA_002/20220823_033000.WAV,Telephone Field,recover-20220825,002,1795
1024.1375,1024.1433,29765,40973,Myotis daubentonii,0.01,0.024,-1,Echolocation,/mnt/ubna_data_01_mir/recover-20220825/UBNA_002/20220823_033000.WAV,Telephone Field,recover-20220825,002,1795
1024.1615,1024.169,55546,61924,Pipistrellus pygmaeus,0.039,0.04,-1,Echolocation,/mnt/ubna_data_01_mir/recover-20220825/UBNA_002/20220823_033000.WAV,Telephone Field,recover-20220825,002,1795
1024.1715,1024.1812,28906,34778,Eptesicus serotinus,0.009,0.024,-1,Echolocation,/mnt/ubna_data_01_mir/recover-20220825/UBNA_002/20220823_033000.WAV,Telephone Field,recover-20220825,002,1795
1024.1815,1024.1913,52968,61067,Pipistrellus pygmaeus,0.022,0.023,-1,Echolocation,/mnt/ubna_data_01_mir/recover-20220825/UBNA_002/20220823_033000.WAV,Telephone Field,recover-20220825,002,1795
1024.1865,1024.1929,40937,53214,Pipistrellus nathusii,0.483,0.51,-1,Echolocation,/mnt/ubna_data_01_mir/recover-20220825/UBNA_002/20220823_033000.WAV,Telephone Field,recover-20220825,002,1795
1024.1975,1024.203,31484,59202,Myotis brandtii,0.014,0.031,-1,Echolocation,/mnt/ubna_data_01_mir/recover-20220825/UBNA_002/20220823_033000.WAV,Telephone Field,recover-20220825,002,1795
1024.2005,1024.2084,40937,50923,Pipistrellus nathusii,0.016,0.03,-1,Echolocation,/mnt/ubna_data_01_mir/recover-20220825/UBNA_002/20220823_033000.WAV,Telephone Field,recover-20220825,002,1795
1024.2015,1024.2081,45234,50964,Pipistrellus pipistrellus,0.022,0.034,-1,Echolocation,/mnt/ubna_data_01_mir/recover-20220825/UBNA_002/20220823_033000.WAV,Telephone Field,recover-20220825,002,1795
1024.2295,1024.2666,68437,82999,Rhinolophus ferrumequinum,0.025,0.025,-1,Echolocation,/mnt/ubna_data_01_mir/recover-20220825/UBNA_002/20220823_033000.WAV,Telephone Field,recover-20220825,002,1795
1024.2355,1024.2412,49531,53416,Pipistrellus pipistrellus,0.042,0.062,-1,Echolocation,/mnt/ubna_data_01_mir/recover-20220825/UBNA_002/20220823_033000.WAV,Telephone Field,recover-20220825,002,1795
1024.2435,1024.2498,28046,72807,Myotis bechsteinii,0.065,0.099,-1,Echolocation,/mnt/ubna_data_01_mir/recover-20220825/UBNA_002/20220823_033000.WAV,Telephone Field,recover-20220825,002,1795
1024.2435,1024.2501,38359,66245,Pipistrellus nathusii,0.311,0.344,-1,Echolocation,/mnt/ubna_data_01_mir/recover-20220825/UBNA_002/20220823_033000.WAV,Telephone Field,recover-20220825,002,1795
1024.2525,1024.2578,31484,50175,Myotis brandtii,0.012,0.027,-1,Echolocation,/mnt/ubna_data_01_mir/recover-20220825/UBNA_002/20220823_033000.WAV,Telephone Field,recover-20220825,002,1795
1024.3165,1024.3285,49531,53711,Pipistrellus pygmaeus,0.043,0.072,-1,Echolocation,/mnt/ubna_data_01_mir/recover-20220825/UBNA_002/20220823_033000.WAV,Telephone Field,recover-20220825,002,1795
1024.3205,1024.3268,38359,62341,Pipistrellus nathusii,0.333,0.483,-1,Echolocation,/mnt/ubna_data_01_mir/recover-20220825/UBNA_002/20220823_033000.WAV,Telephone Field,recover-20220825,002,1795
1024.3205,1024.3265,28046,82082,Myotis bechsteinii,0.077,0.098,-1,Echolocation,/mnt/ubna_data_01_mir/recover-20220825/UBNA_002/20220823_033000.WAV,Telephone Field,recover-20220825,002,1795
1024.3225,1024.3374,16015,23677,Nyctalus noctula,0.019,0.027,-1,Echolocation,/mnt/ubna_data_01_mir/recover-20220825/UBNA_002/20220823_033000.WAV,Telephone Field,recover-20220825,002,1795
1024.3295,1024.3347,34062,56245,Myotis brandtii,0.019,0.031,-1,Echolocation,/mnt/ubna_data_01_mir/recover-20220825/UBNA_002/20220823_033000.WAV,Telephone Field,recover-20220825,002,1795
1024.3615,1024.3717,56406,63057,Pipistrellus pygmaeus,0.023,0.024,-1,Echolocation,/mnt/ubna_data_01_mir/recover-20220825/UBNA_002/20220823_033000.WAV,Telephone Field,recover-20220825,002,1795
1024.3905,1024.3979,47812,55180,Pipistrellus pipistrellus,0.03,0.037,-1,Echolocation,/mnt/ubna_data_01_mir/recover-20220825/UBNA_002/20220823_033000.WAV,Telephone Field,recover-20220825,002,1795
1024.4125,1024.4254,51250,56007,Pipistrellus pygmaeus,0.052,0.07,-1,Echolocation,/mnt/ubna_data_01_mir/recover-20220825/UBNA_002/20220823_033000.WAV,Telephone Field,recover-20220825,002,1795
1024.4165,1024.4226,28046,75688,Myotis bechsteinii,0.064,0.096,-1,Echolocation,/mnt/ubna_data_01_mir/recover-20220825/UBNA_002/20220823_033000.WAV,Telephone Field,recover-20220825,002,1795
1024.4175,1024.4238,36640,64566,Pipistrellus nathusii,0.38,0.456,-1,Echolocation,/mnt/ubna_data_01_mir/recover-20220825/UBNA_002/20220823_033000.WAV,Telephone Field,recover-20220825,002,1795
1024.4705,1024.4815,57265,63309,Pipistrellus pygmaeus,0.034,0.034,-1,Echolocation,/mnt/ubna_data_01_mir/recover-20220825/UBNA_002/20220823_033000.WAV,Telephone Field,recover-20220825,002,1795
1024.5115,1024.5171,28906,69865,Myotis bechsteinii,0.021,0.045,-1,Echolocation,/mnt/ubna_data_01_mir/recover-20220825/UBNA_002/20220823_033000.WAV,Telephone Field,recover-20220825,002,1795
1024.5145,1024.5207,40078,55562,Pipistrellus nathusii,0.661,0.69,-1,Echolocation,/mnt/ubna_data_01_mir/recover-20220825/UBNA_002/20220823_033000.WAV,Telephone Field,recover-20220825,002,1795
1024.5355,1024.5436,58125,64348,Pipistrellus pygmaeus,0.029,0.029,-1,Echolocation,/mnt/ubna_data_01_mir/recover-20220825/UBNA_002/20220823_033000.WAV,Telephone Field,recover-20220825,002,1795
1024.5405,1024.5513,26328,33650,Eptesicus serotinus,0.013,0.027,-1,Echolocation,/mnt/ubna_data_01_mir/recover-20220825/UBNA_002/20220823_033000.WAV,Telephone Field,recover-20220825,002,1795
1024.5605,1024.5673,48671,56274,Pipistrellus pipistrellus,0.02,0.023,-1,Echolocation,/mnt/ubna_data_01_mir/recover-20220825/UBNA_002/20220823_033000.WAV,Telephone Field,recover-20220825,002,1795
1024.6065,1024.6137,39218,60987,Pipistrellus nathusii,0.594,0.614,-1,Echolocation,/mnt/ubna_data_01_mir/recover-20220825/UBNA_002/20220823_033000.WAV,Telephone Field,recover-20220825,002,1795
1024.6065,1024.6133,28046,76515,Myotis bechsteinii,0.075,0.114,-1,Echolocation,/mnt/ubna_data_01_mir/recover-20220825/UBNA_002/20220823_033000.WAV,Telephone Field,recover-20220825,002,1795
1024.6075,1024.6134,49531,58695,Pipistrellus pipistrellus,0.013,0.024,-1,Echolocation,/mnt/ubna_data_01_mir/recover-20220825/UBNA_002/20220823_033000.WAV,Telephone Field,recover-20220825,002,1795
1024.6155,1024.6234,38359,45564,Pipistrellus nathusii,0.04,0.05,-1,Echolocation,/mnt/ubna_data_01_mir/recover-20220825/UBNA_002/20220823_033000.WAV,Telephone Field,recover-20220825,002,1795
1024.6165,1024.6217,32343,48582,Myotis brandtii,0.01,0.023,-1,Echolocation,/mnt/ubna_data_01_mir/recover-20220825/UBNA_002/20220823_033000.WAV,Telephone Field,recover-20220825,002,1795
1024.7035,1024.7103,40078,53683,Pipistrellus nathusii,0.587,0.646,-1,Echolocation,/mnt/ubna_data_01_mir/recover-20220825/UBNA_002/20220823_033000.WAV,Telephone Field,recover-20220825,002,1795
1024.7595,1024.7682,38359,44910,Pipistrellus nathusii,0.02,0.032,-1,Echolocation,/mnt/ubna_data_01_mir/recover-20220825/UBNA_002/20220823_033000.WAV,Telephone Field,recover-20220825,002,1795
1024.7865,1024.794,57265,67662,Pipistrellus pygmaeus,0.037,0.038,-1,Echolocation,/mnt/ubna_data_01_mir/recover-20220825/UBNA_002/20220823_033000.WAV,Telephone Field,recover-20220825,002,1795
1024.8035,1024.8129,40937,46747,Pipistrellus nathusii,0.019,0.033,-1,Echolocation,/mnt/ubna_data_01_mir/recover-20220825/UBNA_002/20220823_033000.WAV,Telephone Field,recover-20220825,002,1795
1024.8355,1024.8505,41796,46121,Pipistrellus nathusii,0.065,0.071,-1,Echolocation,/mnt/ubna_data_01_mir/recover-20220825/UBNA_002/20220823_033000.WAV,Telephone Field,recover-20220825,002,1795
1024.8375,1024.8443,54687,64745,Pipistrellus pygmaeus,0.023,0.024,-1,Echolocation,/mnt/ubna_data_01_mir/recover-20220825/UBNA_002/20220823_033000.WAV,Telephone Field,recover-20220825,002,1795
1024.8645,1024.8729,48671,52330,Pipistrellus pipistrellus,0.02,0.036,-1,Echolocation,/mnt/ubna_data_01_mir/recover-20220825/UBNA_002/20220823_033000.WAV,Telephone Field,recover-20220825,002,1795
1024.8695,1024.877,38359,60710,Pipistrellus nathusii,0.645,0.686,-1,Echolocation,/mnt/ubna_data_01_mir/recover-20220825/UBNA_002/20220823_033000.WAV,Telephone Field,recover-20220825,002,1795
1024.8695,1024.8761,29765,69409,Myotis bechsteinii,0.02,0.056,-1,Echolocation,/mnt/ubna_data_01_mir/recover-20220825/UBNA_002/20220823_033000.WAV,Telephone Field,recover-20220825,002,1795
1024.8715,1024.877,46093,55650,Pipistrellus pipistrellus,0.014,0.033,-1,Echolocation,/mnt/ubna_data_01_mir/recover-20220825/UBNA_002/20220823_033000.WAV,Telephone Field,recover-20220825,002,1795
1024.8785,1024.8847,37500,50121,Pipistrellus nathusii,0.015,0.034,-1,Echolocation,/mnt/ubna_data_01_mir/recover-20220825/UBNA_002/20220823_033000.WAV,Telephone Field,recover-20220825,002,1795
1024.9045,1024.9154,55546,61843,Pipistrellus pygmaeus,0.024,0.025,-1,Echolocation,/mnt/ubna_data_01_mir/recover-20220825/UBNA_002/20220823_033000.WAV,Telephone Field,recover-20220825,002,1795
1024.9565,1024.9629,49531,56956,Pipistrellus pipistrellus,0.017,0.024,-1,Echolocation,/mnt/ubna_data_01_mir/recover-20220825/UBNA_002/20220823_033000.WAV,Telephone Field,recover-20220825,002,1795
1024.9645,1024.9716,38359,53296,Pipistrellus nathusii,0.623,0.701,-1,Echolocation,/mnt/ubna_data_01_mir/recover-20220825/UBNA_002/20220823_033000.WAV,Telephone Field,recover-20220825,002,1795
1025.0025,1025.0094,54687,63775,Pipistrellus pygmaeus,0.032,0.033,-1,Echolocation,/mnt/ubna_data_01_mir/recover-20220825/UBNA_002/20220823_033000.WAV,Telephone Field,recover-20220825,002,1795
1025.0205,1025.0319,28046,35101,Eptesicus serotinus,0.014,0.028,-1,Echolocation,/mnt/ubna_data_01_mir/recover-20220825/UBNA_002/20220823_033000.WAV,Telephone Field,recover-20220825,002,1795
1025.0285,1025.0366,28046,38525,Eptesicus serotinus,0.007,0.023,-1,Echolocation,/mnt/ubna_data_01_mir/recover-20220825/UBNA_002/20220823_033000.WAV,Telephone Field,recover-20220825,002,1795
1025.0565,1025.0637,37500,57666,Pipistrellus nathusii,0.539,0.623,-1,Echolocation,/mnt/ubna_data_01_mir/recover-20220825/UBNA_002/20220823_033000.WAV,Telephone Field,recover-20220825,002,1795
1025.0655,1025.0705,29765,43878,Myotis daubentonii,0.007,0.026,-1,Echolocation,/mnt/ubna_data_01_mir/recover-20220825/UBNA_002/20220823_033000.WAV,Telephone Field,recover-20220825,002,1795
1025.1135,1025.1212,49531,59459,Pipistrellus pipistrellus,0.016,0.023,-1,Echolocation,/mnt/ubna_data_01_mir/recover-20220825/UBNA_002/20220823_033000.WAV,Telephone Field,recover-20220825,002,1795
1025.1385,1025.1505,52968,58336,Pipistrellus pygmaeus,0.03,0.034,-1,Echolocation,/mnt/ubna_data_01_mir/recover-20220825/UBNA_002/20220823_033000.WAV,Telephone Field,recover-20220825,002,1795
1025.1425,1025.1495,37500,59204,Pipistrellus nathusii,0.601,0.657,-1,Echolocation,/mnt/ubna_data_01_mir/recover-20220825/UBNA_002/20220823_033000.WAV,Telephone Field,recover-20220825,002,1795
1025.1425,1025.1487,29765,67421,Myotis brandtii,0.036,0.095,-1,Echolocation,/mnt/ubna_data_01_mir/recover-20220825/UBNA_002/20220823_033000.WAV,Telephone Field,recover-20220825,002,1795
1025.1435,1025.1493,48671,56070,Pipistrellus pipistrellus,0.019,0.035,-1,Echolocation,/mnt/ubna_data_01_mir/recover-20220825/UBNA_002/20220823_033000.WAV,Telephone Field,recover-20220825,002,1795
1025.1715,1025.1835,28046,34451,Eptesicus serotinus,0.014,0.029,-1,Echolocation,/mnt/ubna_data_01_mir/recover-20220825/UBNA_002/20220823_033000.WAV,Telephone Field,recover-20220825,002,1795
1025.1925,1025.1994,49531,59436,Pipistrellus pipistrellus,0.028,0.035,-1,Echolocation,/mnt/ubna_data_01_mir/recover-20220825/UBNA_002/20220823_033000.WAV,Telephone Field,recover-20220825,002,1795
1025.2005,1025.2082,52109,56704,Pipistrellus pygmaeus,0.026,0.03,-1,Echolocation,/mnt/ubna_data_01_mir/recover-20220825/UBNA_002/20220823_033000.WAV,Telephone Field,recover-20220825,002,1795
1025.2205,1025.2273,31484,38952,Barbastellus barbastellus,0.009,0.027,-1,Echolocation,/mnt/ubna_data_01_mir/recover-20220825/UBNA_002/20220823_033000.WAV,Telephone Field,recover-20220825,002,1795
1025.2315,1025.2407,50390,54599,Pipistrellus pygmaeus,0.025,0.037,-1,Echolocation,/mnt/ubna_data_01_mir/recover-20220825/UBNA_002/20220823_033000.WAV,Telephone Field,recover-20220825,002,1795
1025.2345,1025.2418,38359,59641,Pipistrellus nathusii,0.615,0.693,-1,Echolocation,/mnt/ubna_data_01_mir/recover-20220825/UBNA_002/20220823_033000.WAV,Telephone Field,recover-20220825,002,1795
1025.2445,1025.2502,32343,57656,Myotis brandtii,0.014,0.027,-1,Echolocation,/mnt/ubna_data_01_mir/recover-20220825/UBNA_002/20220823_033000.WAV,Telephone Field,recover-20220825,002,1795
1025.3015,1025.3119,48671,55349,Pipistrellus pipistrellus,0.02,0.029,-1,Echolocation,/mnt/ubna_data_01_mir/recover-20220825/UBNA_002/20220823_033000.WAV,Telephone Field,recover-20220825,002,1795
1025.3085,1025.3172,27187,35339,Eptesicus serotinus,0.015,0.031,-1,Echolocation,/mnt/ubna_data_01_mir/recover-20220825/UBNA_002/20220823_033000.WAV,Telephone Field,recover-20220825,002,1795
1025.3335,1025.3456,52109,57884,Pipistrellus pygmaeus,0.025,0.031,-1,Echolocation,/mnt/ubna_data_01_mir/recover-20220825/UBNA_002/20220823_033000.WAV,Telephone Field,recover-20220825,002,1795
1025.3375,1025.3439,38359,59067,Pipistrellus nathusii,0.714,0.76,-1,Echolocation,/mnt/ubna_data_01_mir/recover-20220825/UBNA_002/20220823_033000.WAV,Telephone Field,recover-20220825,002,1795
1025.3495,1025.3593,25468,30244,Nyctalus leisleri,0.012,0.025,-1,Echolocation,/mnt/ubna_data_01_mir/recover-20220825/UBNA_002/20220823_033000.WAV,Telephone Field,recover-20220825,002,1795
1025.4215,1025.429,49531,56855,Pipistrellus pipistrellus,0.013,0.025,-1,Echolocation,/mnt/ubna_data_01_mir/recover-20220825/UBNA_002/20220823_033000.WAV,Telephone Field,recover-20220825,002,1795
1025.4225,1025.4297,28906,68774,Myotis bechsteinii,0.039,0.084,-1,Echolocation,/mnt/ubna_data_01_mir/recover-20220825/UBNA_002/20220823_033000.WAV,Telephone Field,recover-20220825,002,1795
1025.4235,1025.4297,38359,55844,Pipistrellus nathusii,0.5,0.536,-1,Echolocation,/mnt/ubna_data_01_mir/recover-20220825/UBNA_002/20220823_033000.WAV,Telephone Field,recover-20220825,002,1795
1025.4315,1025.4392,37500,48251,Pipistrellus nathusii,0.014,0.029,-1,Echolocation,/mnt/ubna_data_01_mir/recover-20220825/UBNA_002/20220823_033000.WAV,Telephone Field,recover-20220825,002,1795
1025.4325,1025.4377,33203,49013,Myotis brandtii,0.011,0.024,-1,Echolocation,/mnt/ubna_data_01_mir/recover-20220825/UBNA_002/20220823_033000.WAV,Telephone Field,recover-20220825,002,1795
1025.4335,1025.441,27187,36395,Eptesicus serotinus,0.006,0.026,-1,Echolocation,/mnt/ubna_data_01_mir/recover-20220825/UBNA_002/20220823_033000.WAV,Telephone Field,recover-20220825,002,1795
1025.4645,1025.473,57265,63154,Pipistrellus pygmaeus,0.027,0.027,-1,Echolocation,/mnt/ubna_data_01_mir/recover-20220825/UBNA_002/20220823_033000.WAV,Telephone Field,recover-20220825,002,1795
1025.4745,1025.4825,28046,39955,Eptesicus serotinus,0.011,0.027,-1,Echolocation,/mnt/ubna_data_01_mir/recover-20220825/UBNA_002/20220823_033000.WAV,Telephone Field,recover-20220825,002,1795
1025.4935,1025.5003,55546,61469,Pipistrellus pygmaeus,0.042,0.043,-1,Echolocation,/mnt/ubna_data_01_mir/recover-20220825/UBNA_002/20220823_033000.WAV,Telephone Field,recover-20220825,002,1795
1025.5115,1025.5174,30625,59936,Myotis brandtii,0.014,0.025,-1,Echolocation,/mnt/ubna_data_01_mir/recover-20220825/UBNA_002/20220823_033000.WAV,Telephone Field,recover-20220825,002,1795
1025.5135,1025.5199,40078,51326,Pipistrellus nathusii,0.684,0.707,-1,Echolocation,/mnt/ubna_data_01_mir/recover-20220825/UBNA_002/20220823_033000.WAV,Telephone Field,recover-20220825,002,1795
1025.5455,1025.5533,43515,51391,Pipistrellus nathusii,0.381,0.411,-1,Echolocation,/mnt/ubna_data_01_mir/recover-20220825/UBNA_002/20220823_033000.WAV,Telephone Field,recover-20220825,002,1795
1025.6065,1025.6133,39218,56716,Pipistrellus nathusii,0.644,0.707,-1,Echolocation,/mnt/ubna_data_01_mir/recover-20220825/UBNA_002/20220823_033000.WAV,Telephone Field,recover-20220825,002,1795
1025.6885,1025.6971,47812,51649,Pipistrellus pipistrellus,0.015,0.026,-1,Echolocation,/mnt/ubna_data_01_mir/recover-20220825/UBNA_002/20220823_033000.WAV,Telephone Field,recover-20220825,002,1795
1025.6935,1025.7004,37500,55134,Pipistrellus nathusii,0.651,0.69,-1,Echolocation,/mnt/ubna_data_01_mir/recover-20220825/UBNA_002/20220823_033000.WAV,Telephone Field,recover-20220825,002,1795
1025.7015,1025.7084,37500,50617,Myotis brandtii,0.01,0.023,-1,Echolocation,/mnt/ubna_data_01_mir/recover-20220825/UBNA_002/20220823_033000.WAV,Telephone Field,recover-20220825,002,1795
1025.7275,1025.7337,30625,62256,Myotis brandtii,0.013,0.026,-1,Echolocation,/mnt/ubna_data_01_mir/recover-20220825/UBNA_002/20220823_033000.WAV,Telephone Field,recover-20220825,002,1795
1025.7275,1025.7335,42656,51725,Pipistrellus nathusii,0.425,0.442,-1,Echolocation,/mnt/ubna_data_01_mir/recover-20220825/UBNA_002/20220823_033000.WAV,Telephone Field,recover-20220825,002,1795
1025.7695,1025.7795,27187,34191,Eptesicus serotinus,0.011,0.023,-1,Echolocation,/mnt/ubna_data_01_mir/recover-20220825/UBNA_002/20220823_033000.WAV,Telephone Field,recover-20220825,002,1795
1025.7745,1025.7801,36640,57957,Myotis brandtii,0.009,0.023,-1,Echolocation,/mnt/ubna_data_01_mir/recover-20220825/UBNA_002/20220823_033000.WAV,Telephone Field,recover-20220825,002,1795
1025.7895,1025.7969,40078,50182,Pipistrellus nathusii,0.293,0.431,-1,Echolocation,/mnt/ubna_data_01_mir/recover-20220825/UBNA_002/20220823_033000.WAV,Telephone Field,recover-20220825,002,1795
1025.8165,1025.8234,41796,52319,Pipistrellus nathusii,0.554,0.604,-1,Echolocation,/mnt/ubna_data_01_mir/recover-20220825/UBNA_002/20220823_033000.WAV,Telephone Field,recover-20220825,002,1795
1025.8175,1025.8232,30625,56644,Myotis brandtii,0.011,0.027,-1,Echolocation,/mnt/ubna_data_01_mir/recover-20220825/UBNA_002/20220823_033000.WAV,Telephone Field,recover-20220825,002,1795
1025.8255,1025.8332,54687,68422,Pipistrellus pygmaeus,0.024,0.024,-1,Echolocation,/mnt/ubna_data_01_mir/recover-20220825/UBNA_002/20220823_033000.WAV,Telephone Field,recover-20220825,002,1795
1025.8325,1025.8412,53828,59008,Pipistrellus pygmaeus,0.027,0.028,-1,Echolocation,/mnt/ubna_data_01_mir/recover-20220825/UBNA_002/20220823_033000.WAV,Telephone Field,recover-20220825,002,1795
1025.8435,1025.8506,28046,44274,Eptesicus serotinus,0.008,0.024,-1,Echolocation,/mnt/ubna_data_01_mir/recover-20220825/UBNA_002/20220823_033000.WAV,Telephone Field,recover-20220825,002,1795
1025.8575,1025.8664,43515,49891,Pipistrellus pipistrellus,0.013,0.028,-1,Echolocation,/mnt/ubna_data_01_mir/recover-20220825/UBNA_002/20220823_033000.WAV,Telephone Field,recover-20220825,002,1795
1025.8615,1025.8675,33203,53721,Myotis brandtii,0.012,0.026,-1,Echolocation,/mnt/ubna_data_01_mir/recover-20220825/UBNA_002/20220823_033000.WAV,Telephone Field,recover-20220825,002,1795
1025.8805,1025.8891,48671,52941,Pipistrellus pipistrellus,0.015,0.025,-1,Echolocation,/mnt/ubna_data_01_mir/recover-20220825/UBNA_002/20220823_033000.WAV,Telephone Field,recover-20220825,002,1795
1025.8845,1025.8911,29765,66097,Myotis bechsteinii,0.032,0.057,-1,Echolocation,/mnt/ubna_data_01_mir/recover-20220825/UBNA_002/20220823_033000.WAV,Telephone Field,recover-20220825,002,1795
1025.8865,1025.8936,38359,52856,Pipistrellus nathusii,0.666,0.697,-1,Echolocation,/mnt/ubna_data_01_mir/recover-20220825/UBNA_002/20220823_033000.WAV,Telephone Field,recover-20220825,002,1795
1025.9015,1025.9107,26328,35445,Eptesicus serotinus,0.009,0.026,-1,Echolocation,/mnt/ubna_data_01_mir/recover-20220825/UBNA_002/20220823_033000.WAV,Telephone Field,recover-20220825,002,1795
1025.9025,1025.9084,32343,63125,Myotis brandtii,0.013,0.027,-1,Echolocation,/mnt/ubna_data_01_mir/recover-20220825/UBNA_002/20220823_033000.WAV,Telephone Field,recover-20220825,002,1795
1025.9035,1025.9113,42656,51313,Pipistrellus nathusii,0.096,0.107,-1,Echolocation,/mnt/ubna_data_01_mir/recover-20220825/UBNA_002/20220823_033000.WAV,Telephone Field,recover-20220825,002,1795
1025.9435,1025.951,41796,55264,Myotis brandtii,0.008,0.023,-1,Echolocation,/mnt/ubna_data_01_mir/recover-20220825/UBNA_002/20220823_033000.WAV,Telephone Field,recover-20220825,002,1795
1025.9435,1025.9513,56406,65877,Pipistrellus pygmaeus,0.024,0.024,-1,Echolocation,/mnt/ubna_data_01_mir/recover-20220825/UBNA_002/20220823_033000.WAV,Telephone Field,recover-20220825,002,1795
1025.9485,1025.9555,27187,39504,Eptesicus serotinus,0.007,0.024,-1,Echolocation,/mnt/ubna_data_01_mir/recover-20220825/UBNA_002/20220823_033000.WAV,Telephone Field,recover-20220825,002,1795
1025.9565,1025.9678,44375,49481,Pipistrellus pipistrellus,0.014,0.025,-1,Echolocation,/mnt/ubna_data_01_mir/recover-20220825/UBNA_002/20220823_033000.WAV,Telephone Field,recover-20220825,002,1795
1025.9665,1025.9742,46953,52309,Pipistrellus pipistrellus,0.026,0.029,-1,Echolocation,/mnt/ubna_data_01_mir/recover-20220825/UBNA_002/20220823_033000.WAV,Telephone Field,recover-20220825,002,1795
1025.9885,1025.9958,40078,53697,Pipistrellus nathusii,0.562,0.595,-1,Echolocation,/mnt/ubna_data_01_mir/recover-20220825/UBNA_002/20220823_033000.WAV,Telephone Field,recover-20220825,002,1795
1026.0015,1026.0284,68437,80705,Rhinolophus ferrumequinum,0.03,0.03,-1,Echolocation,/mnt/ubna_data_01_mir/recover-20220825/UBNA_002/20220823_033000.WAV,Telephone Field,recover-20220825,002,1795
1026.0015,1026.0112,25468,35426,Nyctalus leisleri,0.008,0.029,-1,Echolocation,/mnt/ubna_data_01_mir/recover-20220825/UBNA_002/20220823_033000.WAV,Telephone Field,recover-20220825,002,1795
1026.0015,1026.0093,36640,47960,Myotis brandtii,0.009,0.027,-1,Echolocation,/mnt/ubna_data_01_mir/recover-20220825/UBNA_002/20220823_033000.WAV,Telephone Field,recover-20220825,002,1795
1026.0015,1026.0119,49531,57318,Pipistrellus pipistrellus,0.014,0.028,-1,Echolocation,/mnt/ubna_data_01_mir/recover-20220825/UBNA_002/20220823_033000.WAV,Telephone Field,recover-20220825,002,1795
1026.0065,1026.0143,48671,56269,Pipistrellus pipistrellus,0.016,0.026,-1,Echolocation,/mnt/ubna_data_01_mir/recover-20220825/UBNA_002/20220823_033000.WAV,Telephone Field,recover-20220825,002,1795
1026.0115,1026.022,27187,34588,Eptesicus serotinus,0.022,0.043,-1,Echolocation,/mnt/ubna_data_01_mir/recover-20220825/UBNA_002/20220823_033000.WAV,Telephone Field,recover-20220825,002,1795
1026.0195,1026.0267,28046,40451,Eptesicus serotinus,0.009,0.031,-1,Echolocation,/mnt/ubna_data_01_mir/recover-20220825/UBNA_002/20220823_033000.WAV,Telephone Field,recover-20220825,002,1795
1026.0415,1026.0476,55546,61698,Pipistrellus pygmaeus,0.029,0.029,-1,Echolocation,/mnt/ubna_data_01_mir/recover-20220825/UBNA_002/20220823_033000.WAV,Telephone Field,recover-20220825,002,1795
1026.0515,1026.0585,40078,49726,Pipistrellus nathusii,0.431,0.52,-1,Echolocation,/mnt/ubna_data_01_mir/recover-20220825/UBNA_002/20220823_033000.WAV,Telephone Field,recover-20220825,002,1795
1026.0845,1026.0915,40937,49107,Pipistrellus nathusii,0.594,0.625,-1,Echolocation,/mnt/ubna_data_01_mir/recover-20220825/UBNA_002/20220823_033000.WAV,Telephone Field,recover-20220825,002,1795
1026.1285,1026.1343,32343,44089,Myotis daubentonii,0.012,0.029,-1,Echolocation,/mnt/ubna_data_01_mir/recover-20220825/UBNA_002/20220823_033000.WAV,Telephone Field,recover-20220825,002,1795
1026.1675,1026.1729,29765,49313,Myotis daubentonii,0.016,0.032,-1,Echolocation,/mnt/ubna_data_01_mir/recover-20220825/UBNA_002/20220823_033000.WAV,Telephone Field,recover-20220825,002,1795
1026.1685,1026.1746,41796,59347,Pipistrellus nathusii,0.546,0.614,-1,Echolocation,/mnt/ubna_data_01_mir/recover-20220825/UBNA_002/20220823_033000.WAV,Telephone Field,recover-20220825,002,1795
1026.1685,1026.1747,49531,55954,Pipistrellus pygmaeus,0.025,0.045,-1,Echolocation,/mnt/ubna_data_01_mir/recover-20220825/UBNA_002/20220823_033000.WAV,Telephone Field,recover-20220825,002,1795
1026.1815,1026.1887,39218,53007,Pipistrellus nathusii,0.34,0.376,-1,Echolocation,/mnt/ubna_data_01_mir/recover-20220825/UBNA_002/20220823_033000.WAV,Telephone Field,recover-20220825,002,1795
1026.1835,1026.2198,68437,82013,Rhinolophus ferrumequinum,0.03,0.03,-1,Echolocation,/mnt/ubna_data_01_mir/recover-20220825/UBNA_002/20220823_033000.WAV,Telephone Field,recover-20220825,002,1795
1026.2495,1026.259,25468,32452,Eptesicus serotinus,0.01,0.028,-1,Echolocation,/mnt/ubna_data_01_mir/recover-20220825/UBNA_002/20220823_033000.WAV,Telephone Field,recover-20220825,002,1795
1026.2565,1026.264,26328,34894,Eptesicus serotinus,0.009,0.028,-1,Echolocation,/mnt/ubna_data_01_mir/recover-20220825/UBNA_002/20220823_033000.WAV,Telephone Field,recover-20220825,002,1795
1026.2625,1026.2684,50390,56618,Pipistrellus pipistrellus,0.031,0.057,-1,Echolocation,/mnt/ubna_data_01_mir/recover-20220825/UBNA_002/20220823_033000.WAV,Telephone Field,recover-20220825,002,1795
1026.2625,1026.2693,41796,56016,Pipistrellus nathusii,0.6,0.696,-1,Echolocation,/mnt/ubna_data_01_mir/recover-20220825/UBNA_002/20220823_033000.WAV,Telephone Field,recover-20220825,002,1795
1026.2745,1026.2822,39218,48378,Pipistrellus nathusii,0.07,0.093,-1,Echolocation,/mnt/ubna_data_01_mir/recover-20220825/UBNA_002/20220823_033000.WAV,Telephone Field,recover-20220825,002,1795
1026.2855,1026.2923,56406,63762,Pipistrellus pygmaeus,0.026,0.027,-1,Echolocation,/mnt/ubna_data_01_mir/recover-20220825/UBNA_002/20220823_033000.WAV,Telephone Field,recover-20220825,002,1795
1026.3545,1026.3605,49531,54296,Pipistrellus pipistrellus,0.021,0.036,-1,Echolocation,/mnt/ubna_data_01_mir/recover-20220825/UBNA_002/20220823_033000.WAV,Telephone Field,recover-20220825,002,1795
1026.3545,1026.3613,40937,52627,Pipistrellus nathusii,0.6,0.66,-1,Echolocation,/mnt/ubna_data_01_mir/recover-20220825/UBNA_002/20220823_033000.WAV,Telephone Field,recover-20220825,002,1795
1026.3775,1026.3843,39218,51609,Pipistrellus nathusii,0.221,0.362,-1,Echolocation,/mnt/ubna_data_01_mir/recover-20220825/UBNA_002/20220823_033000.WAV,Telephone Field,recover-20220825,002,1795
1026.4345,1026.4649,68437,80197,Rhinolophus ferrumequinum,0.035,0.035,-1,Echolocation,/mnt/ubna_data_01_mir/recover-20220825/UBNA_002/20220823_033000.WAV,Telephone Field,recover-20220825,002,1795
1026.4375,1026.4442,40937,53460,Pipistrellus nathusii,0.436,0.56,-1,Echolocation,/mnt/ubna_data_01_mir/recover-20220825/UBNA_002/20220823_033000.WAV,Telephone Field,recover-20220825,002,1795
1026.4385,1026.4445,48671,52418,Pipistrellus pipistrellus,0.024,0.041,-1,Echolocation,/mnt/ubna_data_01_mir/recover-20220825/UBNA_002/20220823_033000.WAV,Telephone Field,recover-20220825,002,1795
1026.4695,1026.4753,29765,56628,Myotis daubentonii,0.024,0.039,-1,Echolocation,/mnt/ubna_data_01_mir/recover-20220825/UBNA_002/20220823_033000.WAV,Telephone Field,recover-20220825,002,1795
1026.4695,1026.4756,41796,49841,Pipistrellus nathusii,0.155,0.194,-1,Echolocation,/mnt/ubna_data_01_mir/recover-20220825/UBNA_002/20220823_033000.WAV,Telephone Field,recover-20220825,002,1795
1026.4705,1026.4863,19453,24672,Nyctalus noctula,0.014,0.032,-1,Echolocation,/mnt/ubna_data_01_mir/recover-20220825/UBNA_002/20220823_033000.WAV,Telephone Field,recover-20220825,002,1795
1026.4875,1026.4941,53828,61629,Pipistrellus pygmaeus,0.029,0.031,-1,Echolocation,/mnt/ubna_data_01_mir/recover-20220825/UBNA_002/20220823_033000.WAV,Telephone Field,recover-20220825,002,1795
1026.4935,1026.5002,48671,58324,Pipistrellus pipistrellus,0.023,0.034,-1,Echolocation,/mnt/ubna_data_01_mir/recover-20220825/UBNA_002/20220823_033000.WAV,Telephone Field,recover-20220825,002,1795
1026.5275,1026.5334,48671,55422,Pipistrellus pipistrellus,0.018,0.032,-1,Echolocation,/mnt/ubna_data_01_mir/recover-20220825/UBNA_002/20220823_033000.WAV,Telephone Field,recover-20220825,002,1795
1026.5275,1026.5335,28906,54097,Myotis daubentonii,0.023,0.035,-1,Echolocation,/mnt/ubna_data_01_mir/recover-20220825/UBNA_002/20220823_033000.WAV,Telephone Field,recover-20220825,002,1795
1026.5275,1026.5326,40937,54388,Pipistrellus nathusii,0.567,0.597,-1,Echolocation,/mnt/ubna_data_01_mir/recover-20220825/UBNA_002/20220823_033000.WAV,Telephone Field,recover-20220825,002,1795
1026.5725,1026.5791,37500,49777,Pipistrellus nathusii,0.349,0.543,-1,Echolocation,/mnt/ubna_data_01_mir/recover-20220825/UBNA_002/20220823_033000.WAV,Telephone Field,recover-20220825,002,1795
1026.5835,1026.5927,27187,33375,Eptesicus serotinus,0.013,0.04,-1,Echolocation,/mnt/ubna_data_01_mir/recover-20220825/UBNA_002/20220823_033000.WAV,Telephone Field,recover-20220825,002,1795
1026.6175,1026.6245,40937,52846,Pipistrellus nathusii,0.432,0.562,-1,Echolocation,/mnt/ubna_data_01_mir/recover-20220825/UBNA_002/20220823_033000.WAV,Telephone Field,recover-20220825,002,1795
1026.6365,1026.6448,56406,65575,Pipistrellus pygmaeus,0.03,0.03,-1,Echolocation,/mnt/ubna_data_01_mir/recover-20220825/UBNA_002/20220823_033000.WAV,Telephone Field,recover-20220825,002,1795
1026.6665,1026.6749,27187,35849,Eptesicus serotinus,0.009,0.027,-1,Echolocation,/mnt/ubna_data_01_mir/recover-20220825/UBNA_002/20220823_033000.WAV,Telephone Field,recover-20220825,002,1795
1026.6675,1026.6744,39218,51204,Myotis brandtii,0.009,0.028,-1,Echolocation,/mnt/ubna_data_01_mir/recover-20220825/UBNA_002/20220823_033000.WAV,Telephone Field,recover-20220825,002,1795
1026.6815,1026.6877,40937,56645,Pipistrellus nathusii,0.265,0.459,-1,Echolocation,/mnt/ubna_data_01_mir/recover-20220825/UBNA_002/20220823_033000.WAV,Telephone Field,recover-20220825,002,1795
1026.7155,1026.7221,41796,51275,Pipistrellus nathusii,0.231,0.396,-1,Echolocation,/mnt/ubna_data_01_mir/recover-20220825/UBNA_002/20220823_033000.WAV,Telephone Field,recover-20220825,002,1795
1026.7635,1026.7711,53828,61606,Pipistrellus pygmaeus,0.023,0.027,-1,Echolocation,/mnt/ubna_data_01_mir/recover-20220825/UBNA_002/20220823_033000.WAV,Telephone Field,recover-20220825,002,1795
1026.7645,1026.7709,40937,52831,Pipistrellus nathusii,0.308,0.369,-1,Echolocation,/mnt/ubna_data_01_mir/recover-20220825/UBNA_002/20220823_033000.WAV,Telephone Field,recover-20220825,002,1795
1026.8075,1026.8129,41796,54754,Pipistrellus nathusii,0.444,0.502,-1,Echolocation,/mnt/ubna_data_01_mir/recover-20220825/UBNA_002/20220823_033000.WAV,Telephone Field,recover-20220825,002,1795
1026.8075,1026.8133,49531,53521,Pipistrellus pipistrellus,0.015,0.027,-1,Echolocation,/mnt/ubna_data_01_mir/recover-20220825/UBNA_002/20220823_033000.WAV,Telephone Field,recover-20220825,002,1795
1026.8635,1026.8737,40937,46334,Pipistrellus nathusii,0.046,0.061,-1,Echolocation,/mnt/ubna_data_01_mir/recover-20220825/UBNA_002/20220823_033000.WAV,Telephone Field,recover-20220825,002,1795
1026.8765,1026.8829,40937,56812,Pipistrellus nathusii,0.23,0.361,-1,Echolocation,/mnt/ubna_data_01_mir/recover-20220825/UBNA_002/20220823_033000.WAV,Telephone Field,recover-20220825,002,1795
1026.8795,1026.8849,28046,58441,Myotis daubentonii,0.036,0.055,-1,Echolocation,/mnt/ubna_data_01_mir/recover-20220825/UBNA_002/20220823_033000.WAV,Telephone Field,recover-20220825,002,1795
1026.9095,1026.9167,58125,64924,Pipistrellus pygmaeus,0.032,0.032,-1,Echolocation,/mnt/ubna_data_01_mir/recover-20220825/UBNA_002/20220823_033000.WAV,Telephone Field,recover-20220825,002,1795
1026.9105,1026.9192,37500,42821,Pipistrellus nathusii,0.014,0.029,-1,Echolocation,/mnt/ubna_data_01_mir/recover-20220825/UBNA_002/20220823_033000.WAV,Telephone Field,recover-20220825,002,1795
1026.9235,1026.931,42656,50924,Pipistrellus nathusii,0.03,0.046,-1,Echolocation,/mnt/ubna_data_01_mir/recover-20220825/UBNA_002/20220823_033000.WAV,Telephone Field,recover-20220825,002,1795
1026.9245,1026.9313,47812,53684,Pipistrellus pipistrellus,0.021,0.03,-1,Echolocation,/mnt/ubna_data_01_mir/recover-20220825/UBNA_002/20220823_033000.WAV,Telephone Field,recover-20220825,002,1795
1026.9265,1026.9329,30625,49311,Myotis daubentonii,0.018,0.034,-1,Echolocation,/mnt/ubna_data_01_mir/recover-20220825/UBNA_002/20220823_033000.WAV,Telephone Field,recover-20220825,002,1795
1026.9285,1026.9355,54687,65687,Pipistrellus pygmaeus,0.043,0.043,-1,Echolocation,/mnt/ubna_data_01_mir/recover-20220825/UBNA_002/20220823_033000.WAV,Telephone Field,recover-20220825,002,1795
1026.9505,1026.9585,41796,50817,Pipistrellus nathusii,0.02,0.037,-1,Echolocation,/mnt/ubna_data_01_mir/recover-20220825/UBNA_002/20220823_033000.WAV,Telephone Field,recover-20220825,002,1795
1026.9645,1026.9725,53828,59234,Pipistrellus pygmaeus,0.024,0.026,-1,Echolocation,/mnt/ubna_data_01_mir/recover-20220825/UBNA_002/20220823_033000.WAV,Telephone Field,recover-20220825,002,1795
1026.9665,1026.9715,41796,57468,Pipistrellus nathusii,0.414,0.472,-1,Echolocation,/mnt/ubna_data_01_mir/recover-20220825/UBNA_002/20220823_033000.WAV,Telephone Field,recover-20220825,002,1795
1026.9685,1026.9741,28046,55764,Myotis daubentonii,0.029,0.051,-1,Echolocation,/mnt/ubna_data_01_mir/recover-20220825/UBNA_002/20220823_033000.WAV,Telephone Field,recover-20220825,002,1795
1027.0215,1027.0269,30625,42333,Myotis daubentonii,0.014,0.031,-1,Echolocation,/mnt/ubna_data_01_mir/recover-20220825/UBNA_002/20220823_033000.WAV,Telephone Field,recover-20220825,002,1795
1027.0265,1027.0335,55546,65402,Pipistrellus pygmaeus,0.03,0.03,-1,Echolocation,/mnt/ubna_data_01_mir/recover-20220825/UBNA_002/20220823_033000.WAV,Telephone Field,recover-20220825,002,1795
1027.0285,1027.041,22890,28289,Nyctalus leisleri,0.011,0.027,-1,Echolocation,/mnt/ubna_data_01_mir/recover-20220825/UBNA_002/20220823_033000.WAV,Telephone Field,recover-20220825,002,1795
1027.0515,1027.0589,53828,60196,Pipistrellus pygmaeus,0.037,0.04,-1,Echolocation,/mnt/ubna_data_01_mir/recover-20220825/UBNA_002/20220823_033000.WAV,Telephone Field,recover-20220825,002,1795
1027.0545,1027.0609,41796,61088,Pipistrellus nathusii,0.365,0.54,-1,Echolocation,/mnt/ubna_data_01_mir/recover-20220825/UBNA_002/20220823_033000.WAV,Telephone Field,recover-20220825,002,1795
1027.1125,1027.1225,41796,48637,Pipistrellus nathusii,0.044,0.058,-1,Echolocation,/mnt/ubna_data_01_mir/recover-20220825/UBNA_002/20220823_033000.WAV,Telephone Field,recover-20220825,002,1795
1027.1445,1027.1493,42656,62152,Pipistrellus nathusii,0.399,0.441,-1,Echolocation,/mnt/ubna_data_01_mir/recover-20220825/UBNA_002/20220823_033000.WAV,Telephone Field,recover-20220825,002,1795
1027.1595,1027.1662,40078,46542,Pipistrellus nathusii,0.242,0.256,-1,Echolocation,/mnt/ubna_data_01_mir/recover-20220825/UBNA_002/20220823_033000.WAV,Telephone Field,recover-20220825,002,1795
1027.2105,1027.2182,28046,36405,Eptesicus serotinus,0.011,0.03,-1,Echolocation,/mnt/ubna_data_01_mir/recover-20220825/UBNA_002/20220823_033000.WAV,Telephone Field,recover-20220825,002,1795
1027.2255,1027.232,38359,49058,Pipistrellus nathusii,0.273,0.371,-1,Echolocation,/mnt/ubna_data_01_mir/recover-20220825/UBNA_002/20220823_033000.WAV,Telephone Field,recover-20220825,002,1795
1027.2435,1027.2494,42656,63518,Pipistrellus nathusii,0.571,0.606,-1,Echolocation,/mnt/ubna_data_01_mir/recover-20220825/UBNA_002/20220823_033000.WAV,Telephone Field,recover-20220825,002,1795
1027.2435,1027.2493,28906,54025,Myotis daubentonii,0.017,0.027,-1,Echolocation,/mnt/ubna_data_01_mir/recover-20220825/UBNA_002/20220823_033000.WAV,Telephone Field,recover-20220825,002,1795
1027.2915,1027.2987,50390,59457,Pipistrellus pipistrellus,0.018,0.027,-1,Echolocation,/mnt/ubna_data_01_mir/recover-20220825/UBNA_002/20220823_033000.WAV,Telephone Field,recover-20220825,002,1795
1027.2995,1027.3059,39218,49845,Pipistrellus nathusii,0.224,0.417,-1,Echolocation,/mnt/ubna_data_01_mir/recover-20220825/UBNA_002/20220823_033000.WAV,Telephone Field,recover-20220825,002,1795
1027.3075,1027.3145,54687,63971,Pipistrellus pygmaeus,0.035,0.036,-1,Echolocation,/mnt/ubna_data_01_mir/recover-20220825/UBNA_002/20220823_033000.WAV,Telephone Field,recover-20220825,002,1795
1027.3395,1027.3444,31484,43839,Myotis daubentonii,0.013,0.033,-1,Echolocation,/mnt/ubna_data_01_mir/recover-20220825/UBNA_002/20220823_033000.WAV,Telephone Field,recover-20220825,002,1795
1027.3515,1027.3576,42656,61971,Pipistrellus nathusii,0.503,0.577,-1,Echolocation,/mnt/ubna_data_01_mir/recover-20220825/UBNA_002/20220823_033000.WAV,Telephone Field,recover-20220825,002,1795
1027.3715,1027.385,22031,27373,Nyctalus noctula,0.013,0.034,-1,Echolocation,/mnt/ubna_data_01_mir/recover-20220825/UBNA_002/20220823_033000.WAV,Telephone Field,recover-20220825,002,1795
1027.3925,1027.3992,39218,49642,Pipistrellus nathusii,0.325,0.365,-1,Echolocation,/mnt/ubna_data_01_mir/recover-20220825/UBNA_002/20220823_033000.WAV,Telephone Field,recover-20220825,002,1795
1027.4135,1027.4201,58125,65074,Pipistrellus pygmaeus,0.029,0.029,-1,Echolocation,/mnt/ubna_data_01_mir/recover-20220825/UBNA_002/20220823_033000.WAV,Telephone Field,recover-20220825,002,1795
1027.4385,1027.4445,40937,60601,Pipistrellus nathusii,0.346,0.55,-1,Echolocation,/mnt/ubna_data_01_mir/recover-20220825/UBNA_002/20220823_033000.WAV,Telephone Field,recover-20220825,002,1795
1027.4705,1027.4771,38359,47573,Pipistrellus nathusii,0.208,0.282,-1,Echolocation,/mnt/ubna_data_01_mir/recover-20220825/UBNA_002/20220823_033000.WAV,Telephone Field,recover-20220825,002,1795
1027.5065,1027.5151,27187,36389,Eptesicus serotinus,0.015,0.033,-1,Echolocation,/mnt/ubna_data_01_mir/recover-20220825/UBNA_002/20220823_033000.WAV,Telephone Field,recover-20220825,002,1795
1027.5395,1027.545,41796,65236,Pipistrellus nathusii,0.513,0.573,-1,Echolocation,/mnt/ubna_data_01_mir/recover-20220825/UBNA_002/20220823_033000.WAV,Telephone Field,recover-20220825,002,1795
1027.5495,1027.5583,40078,49219,Pipistrellus nathusii,0.156,0.178,-1,Echolocation,/mnt/ubna_data_01_mir/recover-20220825/UBNA_002/20220823_033000.WAV,Telephone Field,recover-20220825,002,1795
1027.5985,1027.6068,39218,44841,Pipistrellus nathusii,0.021,0.034,-1,Echolocation,/mnt/ubna_data_01_mir/recover-20220825/UBNA_002/20220823_033000.WAV,Telephone Field,recover-20220825,002,1795
1027.6005,1027.6077,54687,64910,Pipistrellus pygmaeus,0.029,0.03,-1,Echolocation,/mnt/ubna_data_01_mir/recover-20220825/UBNA_002/20220823_033000.WAV,Telephone Field,recover-20220825,002,1795
1027.6015,1027.6078,31484,41784,Myotis daubentonii,0.014,0.032,-1,Echolocation,/mnt/ubna_data_01_mir/recover-20220825/UBNA_002/20220823_033000.WAV,Telephone Field,recover-20220825,002,1795
1027.6095,1027.6171,52109,60008,Pipistrellus pygmaeus,0.025,0.026,-1,Echolocation,/mnt/ubna_data_01_mir/recover-20220825/UBNA_002/20220823_033000.WAV,Telephone Field,recover-20220825,002,1795
1027.6275,1027.6385,54687,62763,Pipistrellus pygmaeus,0.039,0.041,-1,Echolocation,/mnt/ubna_data_01_mir/recover-20220825/UBNA_002/20220823_033000.WAV,Telephone Field,recover-20220825,002,1795
1027.6305,1027.6373,48671,57906,Pipistrellus pipistrellus,0.026,0.051,-1,Echolocation,/mnt/ubna_data_01_mir/recover-20220825/UBNA_002/20220823_033000.WAV,Telephone Field,recover-20220825,002,1795
1027.6335,1027.6393,40078,64431,Pipistrellus nathusii,0.343,0.466,-1,Echolocation,/mnt/ubna_data_01_mir/recover-20220825/UBNA_002/20220823_033000.WAV,Telephone Field,recover-20220825,002,1795
1027.6855,1027.6921,55546,63943,Pipistrellus pygmaeus,0.035,0.035,-1,Echolocation,/mnt/ubna_data_01_mir/recover-20220825/UBNA_002/20220823_033000.WAV,Telephone Field,recover-20220825,002,1795
1027.6885,1027.6957,40937,48395,Pipistrellus nathusii,0.018,0.034,-1,Echolocation,/mnt/ubna_data_01_mir/recover-20220825/UBNA_002/20220823_033000.WAV,Telephone Field,recover-20220825,002,1795
1027.6965,1027.7052,27187,36106,Eptesicus serotinus,0.01,0.027,-1,Echolocation,/mnt/ubna_data_01_mir/recover-20220825/UBNA_002/20220823_033000.WAV,Telephone Field,recover-20220825,002,1795
1027.7175,1027.7226,50390,61771,Pipistrellus pipistrellus,0.03,0.057,-1,Echolocation,/mnt/ubna_data_01_mir/recover-20220825/UBNA_002/20220823_033000.WAV,Telephone Field,recover-20220825,002,1795
1027.7225,1027.7283,41796,62847,Pipistrellus nathusii,0.328,0.452,-1,Echolocation,/mnt/ubna_data_01_mir/recover-20220825/UBNA_002/20220823_033000.WAV,Telephone Field,recover-20220825,002,1795
1027.7335,1027.7403,34921,48733,Myotis daubentonii,0.026,0.051,-1,Echolocation,/mnt/ubna_data_01_mir/recover-20220825/UBNA_002/20220823_033000.WAV,Telephone Field,recover-20220825,002,1795
1027.7375,1027.745,40078,47159,Pipistrellus nathusii,0.037,0.05,-1,Echolocation,/mnt/ubna_data_01_mir/recover-20220825/UBNA_002/20220823_033000.WAV,Telephone Field,recover-20220825,002,1795
1027.7965,1027.8044,58984,64846,Pipistrellus pygmaeus,0.052,0.053,-1,Echolocation,/mnt/ubna_data_01_mir/recover-20220825/UBNA_002/20220823_033000.WAV,Telephone Field,recover-20220825,002,1795
1027.7965,1027.8019,41796,61621,Pipistrellus nathusii,0.431,0.538,-1,Echolocation,/mnt/ubna_data_01_mir/recover-20220825/UBNA_002/20220823_033000.WAV,Telephone Field,recover-20220825,002,1795
1027.8055,1027.8114,32343,43285,Myotis daubentonii,0.016,0.027,-1,Echolocation,/mnt/ubna_data_01_mir/recover-20220825/UBNA_002/20220823_033000.WAV,Telephone Field,recover-20220825,002,1795
1027.8335,1027.8405,40078,46255,Pipistrellus nathusii,0.427,0.453,-1,Echolocation,/mnt/ubna_data_01_mir/recover-20220825/UBNA_002/20220823_033000.WAV,Telephone Field,recover-20220825,002,1795
1027.8485,1027.8568,50390,60201,Pipistrellus pygmaeus,0.018,0.029,-1,Echolocation,/mnt/ubna_data_01_mir/recover-20220825/UBNA_002/20220823_033000.WAV,Telephone Field,recover-20220825,002,1795
1027.8565,1027.8637,52109,58241,Pipistrellus pygmaeus,0.034,0.037,-1,Echolocation,/mnt/ubna_data_01_mir/recover-20220825/UBNA_002/20220823_033000.WAV,Telephone Field,recover-20220825,002,1795
1027.8825,1027.8908,40937,51282,Pipistrellus nathusii,0.028,0.043,-1,Echolocation,/mnt/ubna_data_01_mir/recover-20220825/UBNA_002/20220823_033000.WAV,Telephone Field,recover-20220825,002,1795
1027.8845,1027.8908,46093,52988,Pipistrellus pipistrellus,0.039,0.053,-1,Echolocation,/mnt/ubna_data_01_mir/recover-20220825/UBNA_002/20220823_033000.WAV,Telephone Field,recover-20220825,002,1795
1027.8985,1027.9048,29765,37301,Myotis daubentonii,0.009,0.026,-1,Echolocation,/mnt/ubna_data_01_mir/recover-20220825/UBNA_002/20220823_033000.WAV,Telephone Field,recover-20220825,002,1795
1027.9095,1027.9177,57265,62988,Pipistrellus pygmaeus,0.06,0.063,-1,Echolocation,/mnt/ubna_data_01_mir/recover-20220825/UBNA_002/20220823_033000.WAV,Telephone Field,recover-20220825,002,1795
1027.9105,1027.9169,40937,65958,Pipistrellus nathusii,0.312,0.504,-1,Echolocation,/mnt/ubna_data_01_mir/recover-20220825/UBNA_002/20220823_033000.WAV,Telephone Field,recover-20220825,002,1795
1027.9435,1027.9497,29765,55085,Myotis daubentonii,0.016,0.027,-1,Echolocation,/mnt/ubna_data_01_mir/recover-20220825/UBNA_002/20220823_033000.WAV,Telephone Field,recover-20220825,002,1795
1027.9445,1027.9512,40937,51281,Pipistrellus nathusii,0.033,0.059,-1,Echolocation,/mnt/ubna_data_01_mir/recover-20220825/UBNA_002/20220823_033000.WAV,Telephone Field,recover-20220825,002,1795
1027.9605,1027.9691,27187,35261,Eptesicus serotinus,0.013,0.029,-1,Echolocation,/mnt/ubna_data_01_mir/recover-20220825/UBNA_002/20220823_033000.WAV,Telephone Field,recover-20220825,002,1795
1027.9795,1027.9857,31484,37342,Barbastellus barbastellus,0.018,0.034,-1,Echolocation,/mnt/ubna_data_01_mir/recover-20220825/UBNA_002/20220823_033000.WAV,Telephone Field,recover-20220825,002,1795
1027.9915,1027.9975,40078,68089,Pipistrellus nathusii,0.339,0.439,-1,Echolocation,/mnt/ubna_data_01_mir/recover-20220825/UBNA_002/20220823_033000.WAV,Telephone Field,recover-20220825,002,1795
1028.0015,1028.0109,22031,28219,Nyctalus leisleri,0.01,0.029,-1,Echolocation,/mnt/ubna_data_01_mir/recover-20220825/UBNA_002/20220823_033000.WAV,Telephone Field,recover-20220825,002,1795
1028.0015,1028.0073,46093,52296,Pipistrellus pipistrellus,0.026,0.041,-1,Echolocation,/mnt/ubna_data_01_mir/recover-20220825/UBNA_002/20220823_033000.WAV,Telephone Field,recover-20220825,002,1795
1028.0015,1028.0304,69296,80641,Rhinolophus ferrumequinum,0.041,0.042,-1,Echolocation,/mnt/ubna_data_01_mir/recover-20220825/UBNA_002/20220823_033000.WAV,Telephone Field,recover-20220825,002,1795
1028.0015,1028.0069,40937,53425,Myotis brandtii,0.014,0.041,-1,Echolocation,/mnt/ubna_data_01_mir/recover-20220825/UBNA_002/20220823_033000.WAV,Telephone Field,recover-20220825,002,1795
1028.0105,1028.0498,68437,81824,Rhinolophus ferrumequinum,0.022,0.022,-1,Echolocation,/mnt/ubna_data_01_mir/recover-20220825/UBNA_002/20220823_033000.WAV,Telephone Field,recover-20220825,002,1795
1028.0205,1028.0276,39218,46151,Pipistrellus nathusii,0.091,0.122,-1,Echolocation,/mnt/ubna_data_01_mir/recover-20220825/UBNA_002/20220823_033000.WAV,Telephone Field,recover-20220825,002,1795
1028.0495,1028.0579,49531,54447,Pipistrellus pipistrellus,0.024,0.028,-1,Echolocation,/mnt/ubna_data_01_mir/recover-20220825/UBNA_002/20220823_033000.WAV,Telephone Field,recover-20220825,002,1795
1028.0985,1028.1047,40937,71531,Pipistrellus nathusii,0.126,0.442,-1,Echolocation,/mnt/ubna_data_01_mir/recover-20220825/UBNA_002/20220823_033000.WAV,Telephone Field,recover-20220825,002,1795
1028.1005,1028.1053,28046,87340,Myotis brandtii,0.035,0.083,-1,Echolocation,/mnt/ubna_data_01_mir/recover-20220825/UBNA_002/20220823_033000.WAV,Telephone Field,recover-20220825,002,1795
1028.1175,1028.1263,39218,44436,Pipistrellus nathusii,0.049,0.062,-1,Echolocation,/mnt/ubna_data_01_mir/recover-20220825/UBNA_002/20220823_033000.WAV,Telephone Field,recover-20220825,002,1795
1028.1185,1028.1257,28906,45345,Myotis daubentonii,0.01,0.023,-1,Echolocation,/mnt/ubna_data_01_mir/recover-20220825/UBNA_002/20220823_033000.WAV,Telephone Field,recover-20220825,002,1795
1028.1585,1028.1668,27187,33193,Eptesicus serotinus,0.011,0.027,-1,Echolocation,/mnt/ubna_data_01_mir/recover-20220825/UBNA_002/20220823_033000.WAV,Telephone Field,recover-20220825,002,1795
1028.1625,1028.1743,56406,63286,Pipistrellus pygmaeus,0.024,0.024,-1,Echolocation,/mnt/ubna_data_01_mir/recover-20220825/UBNA_002/20220823_033000.WAV,Telephone Field,recover-20220825,002,1795
1028.1695,1028.1752,40937,68936,Pipistrellus nathusii,0.203,0.327,-1,Echolocation,/mnt/ubna_data_01_mir/recover-20220825/UBNA_002/20220823_033000.WAV,Telephone Field,recover-20220825,002,1795
1028.1715,1028.1762,29765,78283,Myotis brandtii,0.042,0.077,-1,Echolocation,/mnt/ubna_data_01_mir/recover-20220825/UBNA_002/20220823_033000.WAV,Telephone Field,recover-20220825,002,1795
1028.2275,1028.2338,33203,42290,Myotis daubentonii,0.008,0.025,-1,Echolocation,/mnt/ubna_data_01_mir/recover-20220825/UBNA_002/20220823_033000.WAV,Telephone Field,recover-20220825,002,1795
1028.2375,1028.2435,41796,71628,Pipistrellus nathusii,0.253,0.387,-1,Echolocation,/mnt/ubna_data_01_mir/recover-20220825/UBNA_002/20220823_033000.WAV,Telephone Field,recover-20220825,002,1795
1028.2395,1028.2517,56406,64706,Pipistrellus pygmaeus,0.036,0.038,-1,Echolocation,/mnt/ubna_data_01_mir/recover-20220825/UBNA_002/20220823_033000.WAV,Telephone Field,recover-20220825,002,1795
1028.2395,1028.245,25468,65696,Myotis nattereri,0.033,0.073,-1,Echolocation,/mnt/ubna_data_01_mir/recover-20220825/UBNA_002/20220823_033000.WAV,Telephone Field,recover-20220825,002,1795
1028.2885,1028.2953,28046,40021,Eptesicus serotinus,0.007,0.023,-1,Echolocation,/mnt/ubna_data_01_mir/recover-20220825/UBNA_002/20220823_033000.WAV,Telephone Field,recover-20220825,002,1795
1028.3095,1028.3154,40078,67349,Pipistrellus nathusii,0.129,0.343,-1,Echolocation,/mnt/ubna_data_01_mir/recover-20220825/UBNA_002/20220823_033000.WAV,Telephone Field,recover-20220825,002,1795
1028.3965,1028.4025,32343,39011,Myotis daubentonii,0.009,0.027,-1,Echolocation,/mnt/ubna_data_01_mir/recover-20220825/UBNA_002/20220823_033000.WAV,Telephone Field,recover-20220825,002,1795
1028.4085,1028.4214,54687,61661,Pipistrellus pygmaeus,0.044,0.05,-1,Echolocation,/mnt/ubna_data_01_mir/recover-20220825/UBNA_002/20220823_033000.WAV,Telephone Field,recover-20220825,002,1795
1028.4095,1028.4155,40078,71410,Myotis brandtii,0.116,0.301,-1,Echolocation,/mnt/ubna_data_01_mir/recover-20220825/UBNA_002/20220823_033000.WAV,Telephone Field,recover-20220825,002,1795
1028.4215,1028.4318,22890,28426,Nyctalus leisleri,0.011,0.028,-1,Echolocation,/mnt/ubna_data_01_mir/recover-20220825/UBNA_002/20220823_033000.WAV,Telephone Field,recover-20220825,002,1795
1028.4485,1028.4583,38359,44055,Pipistrellus nathusii,0.019,0.033,-1,Echolocation,/mnt/ubna_data_01_mir/recover-20220825/UBNA_002/20220823_033000.WAV,Telephone Field,recover-20220825,002,1795
1028.4585,1028.4649,28046,36308,Eptesicus serotinus,0.007,0.025,-1,Echolocation,/mnt/ubna_data_01_mir/recover-20220825/UBNA_002/20220823_033000.WAV,Telephone Field,recover-20220825,002,1795
1028.4595,1028.4651,34062,40663,Barbastellus barbastellus,0.009,0.025,-1,Echolocation,/mnt/ubna_data_01_mir/recover-20220825/UBNA_002/20220823_033000.WAV,Telephone Field,recover-20220825,002,1795
1028.4745,1028.48,40937,70376,Myotis brandtii,0.098,0.269,-1,Echolocation,/mnt/ubna_data_01_mir/recover-20220825/UBNA_002/20220823_033000.WAV,Telephone Field,recover-20220825,002,1795
1028.4755,1028.4803,28906,88037,Myotis brandtii,0.051,0.124,-1,Echolocation,/mnt/ubna_data_01_mir/recover-20220825/UBNA_002/20220823_033000.WAV,Telephone Field,recover-20220825,002,1795
1028.5345,1028.5399,39218,71648,Myotis brandtii,0.134,0.325,-1,Echolocation,/mnt/ubna_data_01_mir/recover-20220825/UBNA_002/20220823_033000.WAV,Telephone Field,recover-20220825,002,1795
1028.5355,1028.5472,54687,59333,Pipistrellus pygmaeus,0.034,0.036,-1,Echolocation,/mnt/ubna_data_01_mir/recover-20220825/UBNA_002/20220823_033000.WAV,Telephone Field,recover-20220825,002,1795
1028.5355,1028.5422,48671,53925,Pipistrellus pipistrellus,0.021,0.033,-1,Echolocation,/mnt/ubna_data_01_mir/recover-20220825/UBNA_002/20220823_033000.WAV,Telephone Field,recover-20220825,002,1795
1028.5915,1028.5973,40937,60364,Pipistrellus nathusii,0.122,0.367,-1,Echolocation,/mnt/ubna_data_01_mir/recover-20220825/UBNA_002/20220823_033000.WAV,Telephone Field,recover-20220825,002,1795
1028.5925,1028.5974,29765,83122,Myotis brandtii,0.041,0.086,-1,Echolocation,/mnt/ubna_data_01_mir/recover-20220825/UBNA_002/20220823_033000.WAV,Telephone Field,recover-20220825,002,1795
1028.6405,1028.6493,40078,46404,Pipistrellus nathusii,0.477,0.602,-1,Echolocation,/mnt/ubna_data_01_mir/recover-20220825/UBNA_002/20220823_033000.WAV,Telephone Field,recover-20220825,002,1795
1028.6475,1028.6552,46953,52643,Pipistrellus pipistrellus,0.033,0.058,-1,Echolocation,/mnt/ubna_data_01_mir/recover-20220825/UBNA_002/20220823_033000.WAV,Telephone Field,recover-20220825,002,1795
1028.6505,1028.658,53828,59041,Pipistrellus pygmaeus,0.054,0.059,-1,Echolocation,/mnt/ubna_data_01_mir/recover-20220825/UBNA_002/20220823_033000.WAV,Telephone Field,recover-20220825,002,1795
1028.6515,1028.6565,30625,69664,Myotis brandtii,0.028,0.069,-1,Echolocation,/mnt/ubna_data_01_mir/recover-20220825/UBNA_002/20220823_033000.WAV,Telephone Field,recover-20220825,002,1795
1028.6515,1028.6557,40078,64398,Myotis brandtii,0.032,0.092,-1,Echolocation,/mnt/ubna_data_01_mir/recover-20220825/UBNA_002/20220823_033000.WAV,Telephone Field,recover-20220825,002,1795
1028.6945,1028.7005,41796,56739,Pipistrellus nathusii,0.207,0.396,-1,Echolocation,/mnt/ubna_data_01_mir/recover-20220825/UBNA_002/20220823_033000.WAV,Telephone Field,recover-20220825,002,1795
1028.6945,1028.7111,20312,25828,Nyctalus noctula,0.01,0.024,-1,Echolocation,/mnt/ubna_data_01_mir/recover-20220825/UBNA_002/20220823_033000.WAV,Telephone Field,recover-20220825,002,1795
1028.6965,1028.7019,28906,77112,Myotis brandtii,0.023,0.06,-1,Echolocation,/mnt/ubna_data_01_mir/recover-20220825/UBNA_002/20220823_033000.WAV,Telephone Field,recover-20220825,002,1795
1028.7535,1028.7593,40937,52245,Pipistrellus nathusii,0.351,0.441,-1,Echolocation,/mnt/ubna_data_01_mir/recover-20220825/UBNA_002/20220823_033000.WAV,Telephone Field,recover-20220825,002,1795
1028.7905,1028.798,47812,57827,Pipistrellus pipistrellus,0.02,0.023,-1,Echolocation,/mnt/ubna_data_01_mir/recover-20220825/UBNA_002/20220823_033000.WAV,Telephone Field,recover-20220825,002,1795
1028.8025,1028.8093,47812,54793,Pipistrellus pipistrellus,0.155,0.218,-1,Echolocation,/mnt/ubna_data_01_mir/recover-20220825/UBNA_002/20220823_033000.WAV,Telephone Field,recover-20220825,002,1795
1028.8365,1028.8455,58125,65721,Pipistrellus pygmaeus,0.026,0.027,-1,Echolocation,/mnt/ubna_data_01_mir/recover-20220825/UBNA_002/20220823_033000.WAV,Telephone Field,recover-20220825,002,1795
1028.8455,1028.8528,55546,62163,Pipistrellus pygmaeus,0.024,0.025,-1,Echolocation,/mnt/ubna_data_01_mir/recover-20220825/UBNA_002/20220823_033000.WAV,Telephone Field,recover-20220825,002,1795
1028.8465,1028.8818,68437,80843,Rhinolophus ferrumequinum,0.023,0.023,-1,Echolocation,/mnt/ubna_data_01_mir/recover-20220825/UBNA_002/20220823_033000.WAV,Telephone Field,recover-20220825,002,1795
1028.8605,1028.8672,28046,36908,Eptesicus serotinus,0.007,0.023,-1,Echolocation,/mnt/ubna_data_01_mir/recover-20220825/UBNA_002/20220823_033000.WAV,Telephone Field,recover-20220825,002,1795
1028.8775,1028.8881,55546,64689,Pipistrellus pygmaeus,0.024,0.025,-1,Echolocation,/mnt/ubna_data_01_mir/recover-20220825/UBNA_002/20220823_033000.WAV,Telephone Field,recover-20220825,002,1795
1028.9035,1028.911,40078,48275,Pipistrellus nathusii,0.417,0.447,-1,Echolocation,/mnt/ubna_data_01_mir/recover-20220825/UBNA_002/20220823_033000.WAV,Telephone Field,recover-20220825,002,1795
1028.9095,1028.9164,53828,61734,Pipistrellus pygmaeus,0.026,0.027,-1,Echolocation,/mnt/ubna_data_01_mir/recover-20220825/UBNA_002/20220823_033000.WAV,Telephone Field,recover-20220825,002,1795
1028.9205,1028.9259,38359,58235,Myotis brandtii,0.014,0.036,-1,Echolocation,/mnt/ubna_data_01_mir/recover-20220825/UBNA_002/20220823_033000.WAV,Telephone Field,recover-20220825,002,1795
1028.9595,1028.9645,42656,58918,Pipistrellus nathusii,0.118,0.251,-1,Echolocation,/mnt/ubna_data_01_mir/recover-20220825/UBNA_002/20220823_033000.WAV,Telephone Field,recover-20220825,002,1795
1029.0015,1029.0133,25468,31057,Eptesicus serotinus,0.011,0.028,-1,Echolocation,/mnt/ubna_data_01_mir/recover-20220825/UBNA_002/20220823_033000.WAV,Telephone Field,recover-20220825,002,1795
1029.0155,1029.0216,42656,57710,Pipistrellus nathusii,0.189,0.347,-1,Echolocation,/mnt/ubna_data_01_mir/recover-20220825/UBNA_002/20220823_033000.WAV,Telephone Field,recover-20220825,002,1795
1029.0175,1029.0230999999999,29765,81732,Myotis brandtii,0.021,0.05,-1,Echolocation,/mnt/ubna_data_01_mir/recover-20220825/UBNA_002/20220823_033000.WAV,Telephone Field,recover-20220825,002,1795
1029.0805,1029.0881,27187,35514,Eptesicus serotinus,0.008,0.022,-1,Echolocation,/mnt/ubna_data_01_mir/recover-20220825/UBNA_002/20220823_033000.WAV,Telephone Field,recover-20220825,002,1795
1029.0895,1029.0982,43515,57395,Pipistrellus nathusii,0.115,0.25,-1,Echolocation,/mnt/ubna_data_01_mir/recover-20220825/UBNA_002/20220823_033000.WAV,Telephone Field,recover-20220825,002,1795
1029.0905,1029.0959,31484,67558,Myotis brandtii,0.017,0.034,-1,Echolocation,/mnt/ubna_data_01_mir/recover-20220825/UBNA_002/20220823_033000.WAV,Telephone Field,recover-20220825,002,1795
1029.1335,1029.1417,28046,39145,Eptesicus serotinus,0.009,0.025,-1,Echolocation,/mnt/ubna_data_01_mir/recover-20220825/UBNA_002/20220823_033000.WAV,Telephone Field,recover-20220825,002,1795
1029.1485,1029.1582,46093,52665,Pipistrellus pipistrellus,0.024,0.029,-1,Echolocation,/mnt/ubna_data_01_mir/recover-20220825/UBNA_002/20220823_033000.WAV,Telephone Field,recover-20220825,002,1795
1029.1725,1029.2105999999999,68437,81059,Rhinolophus ferrumequinum,0.023,0.023,-1,Echolocation,/mnt/ubna_data_01_mir/recover-20220825/UBNA_002/20220823_033000.WAV,Telephone Field,recover-20220825,002,1795
1029.1785,1029.1845,29765,40554,Myotis daubentonii,0.01,0.026,-1,Echolocation,/mnt/ubna_data_01_mir/recover-20220825/UBNA_002/20220823_033000.WAV,Telephone Field,recover-20220825,002,1795
1029.1885,1029.1967,54687,59233,Pipistrellus pygmaeus,0.021,0.023,-1,Echolocation,/mnt/ubna_data_01_mir/recover-20220825/UBNA_002/20220823_033000.WAV,Telephone Field,recover-20220825,002,1795
1029.1895,1029.1948,41796,61032,Pipistrellus nathusii,0.239,0.437,-1,Echolocation,/mnt/ubna_data_01_mir/recover-20220825/UBNA_002/20220823_033000.WAV,Telephone Field,recover-20220825,002,1795
1029.2035,1029.2165,23750,28176,Nyctalus leisleri,0.035,0.078,-1,Echolocation,/mnt/ubna_data_01_mir/recover-20220825/UBNA_002/20220823_033000.WAV,Telephone Field,recover-20220825,002,1795
1029.2185,1029.258,68437,82209,Rhinolophus ferrumequinum,0.023,0.023,-1,Echolocation,/mnt/ubna_data_01_mir/recover-20220825/UBNA_002/20220823_033000.WAV,Telephone Field,recover-20220825,002,1795
1029.2415,1029.2488,49531,57735,Pipistrellus pipistrellus,0.017,0.022,-1,Echolocation,/mnt/ubna_data_01_mir/recover-20220825/UBNA_002/20220823_033000.WAV,Telephone Field,recover-20220825,002,1795
1029.2645,1029.3068,68437,82693,Rhinolophus ferrumequinum,0.03,0.03,-1,Echolocation,/mnt/ubna_data_01_mir/recover-20220825/UBNA_002/20220823_033000.WAV,Telephone Field,recover-20220825,002,1795
1029.2745,1029.2824,41796,48774,Pipistrellus nathusii,0.339,0.391,-1,Echolocation,/mnt/ubna_data_01_mir/recover-20220825/UBNA_002/20220823_033000.WAV,Telephone Field,recover-20220825,002,1795
1029.3245,1029.3343,47812,55635,Pipistrellus pipistrellus,0.023,0.03,-1,Echolocation,/mnt/ubna_data_01_mir/recover-20220825/UBNA_002/20220823_033000.WAV,Telephone Field,recover-20220825,002,1795
1029.3255,1029.3357,39218,44073,Pipistrellus nathusii,0.023,0.035,-1,Echolocation,/mnt/ubna_data_01_mir/recover-20220825/UBNA_002/20220823_033000.WAV,Telephone Field,recover-20220825,002,1795
1029.3605,1029.3667,40078,52208,Pipistrellus nathusii,0.209,0.403,-1,Echolocation,/mnt/ubna_data_01_mir/recover-20220825/UBNA_002/20220823_033000.WAV,Telephone Field,recover-20220825,002,1795
1029.3665,1029.3779,50390,55320,Pipistrellus pygmaeus,0.015,0.026,-1,Echolocation,/mnt/ubna_data_01_mir/recover-20220825/UBNA_002/20220823_033000.WAV,Telephone Field,recover-20220825,002,1795
1029.4005,1029.4107,24609,30569,Eptesicus serotinus,0.007,0.023,-1,Echolocation,/mnt/ubna_data_01_mir/recover-20220825/UBNA_002/20220823_033000.WAV,Telephone Field,recover-20220825,002,1795
1029.4055,1029.4161,41796,45827,Pipistrellus nathusii,0.012,0.025,-1,Echolocation,/mnt/ubna_data_01_mir/recover-20220825/UBNA_002/20220823_033000.WAV,Telephone Field,recover-20220825,002,1795
1029.4305,1029.4421,15156,22060,Nyctalus noctula,0.014,0.025,-1,Echolocation,/mnt/ubna_data_01_mir/recover-20220825/UBNA_002/20220823_033000.WAV,Telephone Field,recover-20220825,002,1795
1029.4355,1029.442,39218,55497,Pipistrellus nathusii,0.148,0.408,-1,Echolocation,/mnt/ubna_data_01_mir/recover-20220825/UBNA_002/20220823_033000.WAV,Telephone Field,recover-20220825,002,1795
1029.4375,1029.4436,48671,52084,Pipistrellus pipistrellus,0.023,0.04,-1,Echolocation,/mnt/ubna_data_01_mir/recover-20220825/UBNA_002/20220823_033000.WAV,Telephone Field,recover-20220825,002,1795
1029.4575,1029.4663,48671,54449,Pipistrellus pipistrellus,0.022,0.028,-1,Echolocation,/mnt/ubna_data_01_mir/recover-20220825/UBNA_002/20220823_033000.WAV,Telephone Field,recover-20220825,002,1795
1029.4875,1029.4931,33203,60015,Myotis brandtii,0.013,0.027,-1,Echolocation,/mnt/ubna_data_01_mir/recover-20220825/UBNA_002/20220823_033000.WAV,Telephone Field,recover-20220825,002,1795
1029.4875,1029.4995,43515,49860,Pipistrellus nathusii,0.383,0.427,-1,Echolocation,/mnt/ubna_data_01_mir/recover-20220825/UBNA_002/20220823_033000.WAV,Telephone Field,recover-20220825,002,1795
1029.5245,1029.5338,40937,45313,Pipistrellus nathusii,0.093,0.11,-1,Echolocation,/mnt/ubna_data_01_mir/recover-20220825/UBNA_002/20220823_033000.WAV,Telephone Field,recover-20220825,002,1795
1029.5265,1029.5329,28906,45120,Myotis daubentonii,0.022,0.059,-1,Echolocation,/mnt/ubna_data_01_mir/recover-20220825/UBNA_002/20220823_033000.WAV,Telephone Field,recover-20220825,002,1795
1029.5435,1029.552,44375,54337,Pipistrellus pipistrellus,0.017,0.029,-1,Echolocation,/mnt/ubna_data_01_mir/recover-20220825/UBNA_002/20220823_033000.WAV,Telephone Field,recover-20220825,002,1795
1029.5685,1029.5746,34062,54199,Myotis brandtii,0.016,0.033,-1,Echolocation,/mnt/ubna_data_01_mir/recover-20220825/UBNA_002/20220823_033000.WAV,Telephone Field,recover-20220825,002,1795
1029.5695,1029.5753,43515,56647,Pipistrellus pipistrellus,0.006,0.024,-1,Echolocation,/mnt/ubna_data_01_mir/recover-20220825/UBNA_002/20220823_033000.WAV,Telephone Field,recover-20220825,002,1795
1029.6055,1029.6125,40078,47435,Pipistrellus nathusii,0.234,0.332,-1,Echolocation,/mnt/ubna_data_01_mir/recover-20220825/UBNA_002/20220823_033000.WAV,Telephone Field,recover-20220825,002,1795
1029.6205,1029.6273,54687,61298,Pipistrellus pygmaeus,0.028,0.029,-1,Echolocation,/mnt/ubna_data_01_mir/recover-20220825/UBNA_002/20220823_033000.WAV,Telephone Field,recover-20220825,002,1795
1029.6355,1029.6424,39218,52499,Myotis brandtii,0.007,0.024,-1,Echolocation,/mnt/ubna_data_01_mir/recover-20220825/UBNA_002/20220823_033000.WAV,Telephone Field,recover-20220825,002,1795
1029.6855,1029.6921,40078,53501,Pipistrellus nathusii,0.287,0.361,-1,Echolocation,/mnt/ubna_data_01_mir/recover-20220825/UBNA_002/20220823_033000.WAV,Telephone Field,recover-20220825,002,1795
1029.7045,1029.7468,68437,82862,Rhinolophus ferrumequinum,0.029,0.029,-1,Echolocation,/mnt/ubna_data_01_mir/recover-20220825/UBNA_002/20220823_033000.WAV,Telephone Field,recover-20220825,002,1795
1029.7155,1029.7565,68437,83283,Rhinolophus ferrumequinum,0.024,0.024,-1,Echolocation,/mnt/ubna_data_01_mir/recover-20220825/UBNA_002/20220823_033000.WAV,Telephone Field,recover-20220825,002,1795
1029.7755,1029.7831,41796,50179,Pipistrellus nathusii,0.496,0.547,-1,Echolocation,/mnt/ubna_data_01_mir/recover-20220825/UBNA_002/20220823_033000.WAV,Telephone Field,recover-20220825,002,1795
1029.7755,1029.781,30625,62270,Myotis brandtii,0.015,0.032,-1,Echolocation,/mnt/ubna_data_01_mir/recover-20220825/UBNA_002/20220823_033000.WAV,Telephone Field,recover-20220825,002,1795
1029.7865,1029.8235,68437,81198,Rhinolophus ferrumequinum,0.023,0.023,-1,Echolocation,/mnt/ubna_data_01_mir/recover-20220825/UBNA_002/20220823_033000.WAV,Telephone Field,recover-20220825,002,1795
1029.8035,1029.814,25468,32552,Eptesicus serotinus,0.011,0.026,-1,Echolocation,/mnt/ubna_data_01_mir/recover-20220825/UBNA_002/20220823_033000.WAV,Telephone Field,recover-20220825,002,1795
1029.8695,1029.877,40937,51365,Pipistrellus nathusii,0.293,0.465,-1,Echolocation,/mnt/ubna_data_01_mir/recover-20220825/UBNA_002/20220823_033000.WAV,Telephone Field,recover-20220825,002,1795
1029.8955,1029.9023,27187,37971,Eptesicus serotinus,0.006,0.022,-1,Echolocation,/mnt/ubna_data_01_mir/recover-20220825/UBNA_002/20220823_033000.WAV,Telephone Field,recover-20220825,002,1795
1029.9045,1029.9127,42656,49859,Pipistrellus nathusii,0.273,0.388,-1,Echolocation,/mnt/ubna_data_01_mir/recover-20220825/UBNA_002/20220823_033000.WAV,Telephone Field,recover-20220825,002,1795
1029.9055,1029.9112,30625,63824,Myotis brandtii,0.013,0.029,-1,Echolocation,/mnt/ubna_data_01_mir/recover-20220825/UBNA_002/20220823_033000.WAV,Telephone Field,recover-20220825,002,1795
1029.9655,1029.973,40937,47688,Pipistrellus nathusii,0.316,0.385,-1,Echolocation,/mnt/ubna_data_01_mir/recover-20220825/UBNA_002/20220823_033000.WAV,Telephone Field,recover-20220825,002,1795
1029.9765,1029.9834,27187,37592,Eptesicus serotinus,0.006,0.023,-1,Echolocation,/mnt/ubna_data_01_mir/recover-20220825/UBNA_002/20220823_033000.WAV,Telephone Field,recover-20220825,002,1795
1030.0015,1030.0294,69296,81784,Rhinolophus ferrumequinum,0.035,0.035,-1,Echolocation,/mnt/ubna_data_01_mir/recover-20220825/UBNA_002/20220823_033000.WAV,Telephone Field,recover-20220825,002,1795
1030.0015,1030.0107,33203,40781,Pipistrellus nathusii,0.016,0.04,-1,Echolocation,/mnt/ubna_data_01_mir/recover-20220825/UBNA_002/20220823_033000.WAV,Telephone Field,recover-20220825,002,1795
1030.0015,1030.0141,25468,31693,Nyctalus leisleri,0.015,0.038,-1,Echolocation,/mnt/ubna_data_01_mir/recover-20220825/UBNA_002/20220823_033000.WAV,Telephone Field,recover-20220825,002,1795
1030.0015,1030.0086,46953,55147,Pipistrellus pipistrellus,0.017,0.03,-1,Echolocation,/mnt/ubna_data_01_mir/recover-20220825/UBNA_002/20220823_033000.WAV,Telephone Field,recover-20220825,002,1795
1030.0115,1030.0321,23750,28275,Nyctalus leisleri,0.017,0.038,-1,Echolocation,/mnt/ubna_data_01_mir/recover-20220825/UBNA_002/20220823_033000.WAV,Telephone Field,recover-20220825,002,1795
1030.0605,1030.0666,28906,51093,Myotis daubentonii,0.019,0.032,-1,Echolocation,/mnt/ubna_data_01_mir/recover-20220825/UBNA_002/20220823_033000.WAV,Telephone Field,recover-20220825,002,1795
1030.0605,1030.0679,41796,47607,Pipistrellus nathusii,0.077,0.102,-1,Echolocation,/mnt/ubna_data_01_mir/recover-20220825/UBNA_002/20220823_033000.WAV,Telephone Field,recover-20220825,002,1795
1030.0785,1030.0875,27187,36702,Eptesicus serotinus,0.011,0.028,-1,Echolocation,/mnt/ubna_data_01_mir/recover-20220825/UBNA_002/20220823_033000.WAV,Telephone Field,recover-20220825,002,1795
1030.1475,1030.1642,20312,23727,Nyctalus leisleri,0.016,0.03,-1,Echolocation,/mnt/ubna_data_01_mir/recover-20220825/UBNA_002/20220823_033000.WAV,Telephone Field,recover-20220825,002,1795
1030.1495,1030.1547,41796,52566,Pipistrellus nathusii,0.208,0.293,-1,Echolocation,/mnt/ubna_data_01_mir/recover-20220825/UBNA_002/20220823_033000.WAV,Telephone Field,recover-20220825,002,1795
1030.1665,1030.1726,31484,46241,Myotis daubentonii,0.013,0.027,-1,Echolocation,/mnt/ubna_data_01_mir/recover-20220825/UBNA_002/20220823_033000.WAV,Telephone Field,recover-20220825,002,1795
1030.1675,1030.1741,42656,48480,Pipistrellus nathusii,0.25,0.272,-1,Echolocation,/mnt/ubna_data_01_mir/recover-20220825/UBNA_002/20220823_033000.WAV,Telephone Field,recover-20220825,002,1795
1030.2015,1030.2093,12578,24470,Barbastellus barbastellus,0.024,0.025,-1,Echolocation,/mnt/ubna_data_01_mir/recover-20220825/UBNA_002/20220823_033000.WAV,Telephone Field,recover-20220825,002,1795
1030.2025,1030.2086,43515,50070,Pipistrellus nathusii,0.277,0.309,-1,Echolocation,/mnt/ubna_data_01_mir/recover-20220825/UBNA_002/20220823_033000.WAV,Telephone Field,recover-20220825,002,1795
1030.2325,1030.241,27187,37279,Eptesicus serotinus,0.009,0.024,-1,Echolocation,/mnt/ubna_data_01_mir/recover-20220825/UBNA_002/20220823_033000.WAV,Telephone Field,recover-20220825,002,1795
1030.2625,1030.27,43515,49990,Pipistrellus nathusii,0.151,0.209,-1,Echolocation,/mnt/ubna_data_01_mir/recover-20220825/UBNA_002/20220823_033000.WAV,Telephone Field,recover-20220825,002,1795
1030.2635,1030.2696,29765,48974,Myotis daubentonii,0.021,0.036,-1,Echolocation,/mnt/ubna_data_01_mir/recover-20220825/UBNA_002/20220823_033000.WAV,Telephone Field,recover-20220825,002,1795
1030.3025,1030.3099,52109,56716,Pipistrellus pygmaeus,0.038,0.042,-1,Echolocation,/mnt/ubna_data_01_mir/recover-20220825/UBNA_002/20220823_033000.WAV,Telephone Field,recover-20220825,002,1795
1030.3875,1030.3979,27187,35242,Eptesicus serotinus,0.012,0.028,-1,Echolocation,/mnt/ubna_data_01_mir/recover-20220825/UBNA_002/20220823_033000.WAV,Telephone Field,recover-20220825,002,1795
1030.4575,1030.4648,41796,53625,Pipistrellus nathusii,0.432,0.576,-1,Echolocation,/mnt/ubna_data_01_mir/recover-20220825/UBNA_002/20220823_033000.WAV,Telephone Field,recover-20220825,002,1795
1030.5535,1030.5594,40937,49353,Pipistrellus nathusii,0.189,0.25,-1,Echolocation,/mnt/ubna_data_01_mir/recover-20220825/UBNA_002/20220823_033000.WAV,Telephone Field,recover-20220825,002,1795
1030.6095,1030.6174,41796,49050,Pipistrellus nathusii,0.02,0.036,-1,Echolocation,/mnt/ubna_data_01_mir/recover-20220825/UBNA_002/20220823_033000.WAV,Telephone Field,recover-20220825,002,1795
1030.6295,1030.6402,36640,41661,Pipistrellus nathusii,0.022,0.034,-1,Echolocation,/mnt/ubna_data_01_mir/recover-20220825/UBNA_002/20220823_033000.WAV,Telephone Field,recover-20220825,002,1795
1030.6515,1030.6929,68437,82556,Rhinolophus ferrumequinum,0.025,0.025,-1,Echolocation,/mnt/ubna_data_01_mir/recover-20220825/UBNA_002/20220823_033000.WAV,Telephone Field,recover-20220825,002,1795
1030.6525,1030.6594,55546,61524,Pipistrellus pygmaeus,0.026,0.028,-1,Echolocation,/mnt/ubna_data_01_mir/recover-20220825/UBNA_002/20220823_033000.WAV,Telephone Field,recover-20220825,002,1795
1030.6555,1030.6627,40937,54075,Pipistrellus nathusii,0.539,0.642,-1,Echolocation,/mnt/ubna_data_01_mir/recover-20220825/UBNA_002/20220823_033000.WAV,Telephone Field,recover-20220825,002,1795
1030.6565,1030.6625,49531,54055,Pipistrellus pipistrellus,0.015,0.03,-1,Echolocation,/mnt/ubna_data_01_mir/recover-20220825/UBNA_002/20220823_033000.WAV,Telephone Field,recover-20220825,002,1795
1030.6935,1030.6997,41796,48853,Pipistrellus nathusii,0.386,0.447,-1,Echolocation,/mnt/ubna_data_01_mir/recover-20220825/UBNA_002/20220823_033000.WAV,Telephone Field,recover-20220825,002,1795
1030.6945,1030.7003,29765,42984,Myotis daubentonii,0.018,0.043,-1,Echolocation,/mnt/ubna_data_01_mir/recover-20220825/UBNA_002/20220823_033000.WAV,Telephone Field,recover-20220825,002,1795
1030.7475,1030.7543,41796,50662,Pipistrellus nathusii,0.546,0.579,-1,Echolocation,/mnt/ubna_data_01_mir/recover-20220825/UBNA_002/20220823_033000.WAV,Telephone Field,recover-20220825,002,1795
1030.7565,1030.7637,26328,33828,Eptesicus serotinus,0.008,0.03,-1,Echolocation,/mnt/ubna_data_01_mir/recover-20220825/UBNA_002/20220823_033000.WAV,Telephone Field,recover-20220825,002,1795
1030.7815,1030.8199,68437,81529,Rhinolophus ferrumequinum,0.024,0.024,-1,Echolocation,/mnt/ubna_data_01_mir/recover-20220825/UBNA_002/20220823_033000.WAV,Telephone Field,recover-20220825,002,1795
1030.7825,1030.7935,40937,45508,Pipistrellus nathusii,0.221,0.233,-1,Echolocation,/mnt/ubna_data_01_mir/recover-20220825/UBNA_002/20220823_033000.WAV,Telephone Field,recover-20220825,002,1795
1030.7845,1030.7919,31484,41002,Barbastellus barbastellus,0.009,0.025,-1,Echolocation,/mnt/ubna_data_01_mir/recover-20220825/UBNA_002/20220823_033000.WAV,Telephone Field,recover-20220825,002,1795
1030.7885,1030.7962,26328,34218,Eptesicus serotinus,0.008,0.025,-1,Echolocation,/mnt/ubna_data_01_mir/recover-20220825/UBNA_002/20220823_033000.WAV,Telephone Field,recover-20220825,002,1795
1030.7945,1030.8023,27187,34907,Eptesicus serotinus,0.008,0.027,-1,Echolocation,/mnt/ubna_data_01_mir/recover-20220825/UBNA_002/20220823_033000.WAV,Telephone Field,recover-20220825,002,1795
1030.8355,1030.842,33203,42957,Barbastellus barbastellus,0.01,0.028,-1,Echolocation,/mnt/ubna_data_01_mir/recover-20220825/UBNA_002/20220823_033000.WAV,Telephone Field,recover-20220825,002,1795
1030.8365,1030.8761,68437,82170,Rhinolophus ferrumequinum,0.024,0.024,-1,Echolocation,/mnt/ubna_data_01_mir/recover-20220825/UBNA_002/20220823_033000.WAV,Telephone Field,recover-20220825,002,1795
1030.8375,1030.8459,26328,34361,Eptesicus serotinus,0.011,0.027,-1,Echolocation,/mnt/ubna_data_01_mir/recover-20220825/UBNA_002/20220823_033000.WAV,Telephone Field,recover-20220825,002,1795
1030.8465,1030.8533,41796,54800,Pipistrellus nathusii,0.622,0.693,-1,Echolocation,/mnt/ubna_data_01_mir/recover-20220825/UBNA_002/20220823_033000.WAV,Telephone Field,recover-20220825,002,1795
1030.8505,1030.857,28906,37868,Myotis daubentonii,0.012,0.024,-1,Echolocation,/mnt/ubna_data_01_mir/recover-20220825/UBNA_002/20220823_033000.WAV,Telephone Field,recover-20220825,002,1795
1030.8505,1030.8578,24609,32077,Eptesicus serotinus,0.007,0.025,-1,Echolocation,/mnt/ubna_data_01_mir/recover-20220825/UBNA_002/20220823_033000.WAV,Telephone Field,recover-20220825,002,1795
1030.8755,1030.8819,38359,47125,Barbastellus barbastellus,0.013,0.032,-1,Echolocation,/mnt/ubna_data_01_mir/recover-20220825/UBNA_002/20220823_033000.WAV,Telephone Field,recover-20220825,002,1795
1030.8755,1030.8826,42656,47045,Pipistrellus nathusii,0.031,0.044,-1,Echolocation,/mnt/ubna_data_01_mir/recover-20220825/UBNA_002/20220823_033000.WAV,Telephone Field,recover-20220825,002,1795
1030.8755,1030.8851,25468,33519,Eptesicus serotinus,0.008,0.025,-1,Echolocation,/mnt/ubna_data_01_mir/recover-20220825/UBNA_002/20220823_033000.WAV,Telephone Field,recover-20220825,002,1795
1030.8765,1030.8826,31484,48539,Myotis daubentonii,0.015,0.024,-1,Echolocation,/mnt/ubna_data_01_mir/recover-20220825/UBNA_002/20220823_033000.WAV,Telephone Field,recover-20220825,002,1795
1030.8995,1030.9114,29765,35976,Eptesicus serotinus,0.028,0.054,-1,Echolocation,/mnt/ubna_data_01_mir/recover-20220825/UBNA_002/20220823_033000.WAV,Telephone Field,recover-20220825,002,1795
1030.9345,1030.941,40937,52773,Pipistrellus nathusii,0.386,0.488,-1,Echolocation,/mnt/ubna_data_01_mir/recover-20220825/UBNA_002/20220823_033000.WAV,Telephone Field,recover-20220825,002,1795
1030.9875,1030.9957,27187,35496,Eptesicus serotinus,0.009,0.025,-1,Echolocation,/mnt/ubna_data_01_mir/recover-20220825/UBNA_002/20220823_033000.WAV,Telephone Field,recover-20220825,002,1795
1030.9965,1031.0035,39218,48302,Pipistrellus nathusii,0.33,0.519,-1,Echolocation,/mnt/ubna_data_01_mir/recover-20220825/UBNA_002/20220823_033000.WAV,Telephone Field,recover-20220825,002,1795
1031.0015,1031.0085,56406,64798,Pipistrellus pygmaeus,0.031,0.032,-1,Echolocation,/mnt/ubna_data_01_mir/recover-20220825/UBNA_002/20220823_033000.WAV,Telephone Field,recover-20220825,002,1795
1031.0325,1031.0384,40937,55411,Pipistrellus nathusii,0.514,0.587,-1,Echolocation,/mnt/ubna_data_01_mir/recover-20220825/UBNA_002/20220823_033000.WAV,Telephone Field,recover-20220825,002,1795
1031.0825,1031.0893,37500,47043,Pipistrellus nathusii,0.266,0.446,-1,Echolocation,/mnt/ubna_data_01_mir/recover-20220825/UBNA_002/20220823_033000.WAV,Telephone Field,recover-20220825,002,1795
1031.1015,1031.1386,68437,81630,Rhinolophus ferrumequinum,0.03,0.03,-1,Echolocation,/mnt/ubna_data_01_mir/recover-20220825/UBNA_002/20220823_033000.WAV,Telephone Field,recover-20220825,002,1795
1031.1205,1031.1274,26328,34708,Eptesicus serotinus,0.008,0.027,-1,Echolocation,/mnt/ubna_data_01_mir/recover-20220825/UBNA_002/20220823_033000.WAV,Telephone Field,recover-20220825,002,1795
1031.1265,1031.1334,40937,54585,Pipistrellus nathusii,0.49,0.588,-1,Echolocation,/mnt/ubna_data_01_mir/recover-20220825/UBNA_002/20220823_033000.WAV,Telephone Field,recover-20220825,002,1795
1031.1615,1031.1687,38359,48893,Pipistrellus nathusii,0.311,0.49,-1,Echolocation,/mnt/ubna_data_01_mir/recover-20220825/UBNA_002/20220823_033000.WAV,Telephone Field,recover-20220825,002,1795
1031.2075,1031.2149,28046,37178,Eptesicus serotinus,0.009,0.027,-1,Echolocation,/mnt/ubna_data_01_mir/recover-20220825/UBNA_002/20220823_033000.WAV,Telephone Field,recover-20220825,002,1795
1031.2235,1031.2299,40937,50742,Pipistrellus nathusii,0.448,0.497,-1,Echolocation,/mnt/ubna_data_01_mir/recover-20220825/UBNA_002/20220823_033000.WAV,Telephone Field,recover-20220825,002,1795
1031.2505,1031.2572,37500,46285,Pipistrellus nathusii,0.296,0.471,-1,Echolocation,/mnt/ubna_data_01_mir/recover-20220825/UBNA_002/20220823_033000.WAV,Telephone Field,recover-20220825,002,1795
1031.3285,1031.3389,28046,35723,Eptesicus serotinus,0.012,0.027,-1,Echolocation,/mnt/ubna_data_01_mir/recover-20220825/UBNA_002/20220823_033000.WAV,Telephone Field,recover-20220825,002,1795
1031.3445,1031.3537,28906,37782,Eptesicus serotinus,0.014,0.038,-1,Echolocation,/mnt/ubna_data_01_mir/recover-20220825/UBNA_002/20220823_033000.WAV,Telephone Field,recover-20220825,002,1795
1031.4195,1031.4267,42656,48851,Pipistrellus nathusii,0.013,0.032,-1,Echolocation,/mnt/ubna_data_01_mir/recover-20220825/UBNA_002/20220823_033000.WAV,Telephone Field,recover-20220825,002,1795
1031.4205,1031.4266,32343,45232,Myotis daubentonii,0.014,0.03,-1,Echolocation,/mnt/ubna_data_01_mir/recover-20220825/UBNA_002/20220823_033000.WAV,Telephone Field,recover-20220825,002,1795
1031.4485,1031.4562,38359,45780,Pipistrellus nathusii,0.392,0.459,-1,Echolocation,/mnt/ubna_data_01_mir/recover-20220825/UBNA_002/20220823_033000.WAV,Telephone Field,recover-20220825,002,1795
1031.4485,1031.4562,55546,63765,Pipistrellus pygmaeus,0.024,0.024,-1,Echolocation,/mnt/ubna_data_01_mir/recover-20220825/UBNA_002/20220823_033000.WAV,Telephone Field,recover-20220825,002,1795
1031.4535,1031.4615,13437,22416,Barbastellus barbastellus,0.023,0.026,-1,Echolocation,/mnt/ubna_data_01_mir/recover-20220825/UBNA_002/20220823_033000.WAV,Telephone Field,recover-20220825,002,1795
1031.4715,1031.4835,27187,33985,Eptesicus serotinus,0.015,0.029,-1,Echolocation,/mnt/ubna_data_01_mir/recover-20220825/UBNA_002/20220823_033000.WAV,Telephone Field,recover-20220825,002,1795
1031.5105,1031.5167,40078,49204,Pipistrellus nathusii,0.384,0.457,-1,Echolocation,/mnt/ubna_data_01_mir/recover-20220825/UBNA_002/20220823_033000.WAV,Telephone Field,recover-20220825,002,1795
1031.5235,1031.5315,38359,45826,Pipistrellus nathusii,0.058,0.102,-1,Echolocation,/mnt/ubna_data_01_mir/recover-20220825/UBNA_002/20220823_033000.WAV,Telephone Field,recover-20220825,002,1795
1031.5265,1031.5333,29765,45675,Myotis daubentonii,0.015,0.026,-1,Echolocation,/mnt/ubna_data_01_mir/recover-20220825/UBNA_002/20220823_033000.WAV,Telephone Field,recover-20220825,002,1795
1031.6105,1031.6178,42656,48468,Pipistrellus nathusii,0.054,0.067,-1,Echolocation,/mnt/ubna_data_01_mir/recover-20220825/UBNA_002/20220823_033000.WAV,Telephone Field,recover-20220825,002,1795
1031.6115,1031.6174,30625,46166,Myotis daubentonii,0.016,0.032,-1,Echolocation,/mnt/ubna_data_01_mir/recover-20220825/UBNA_002/20220823_033000.WAV,Telephone Field,recover-20220825,002,1795
1031.6335,1031.6417,57265,65873,Pipistrellus pygmaeus,0.025,0.025,-1,Echolocation,/mnt/ubna_data_01_mir/recover-20220825/UBNA_002/20220823_033000.WAV,Telephone Field,recover-20220825,002,1795
1031.6695,1031.7071,68437,81874,Rhinolophus ferrumequinum,0.024,0.024,-1,Echolocation,/mnt/ubna_data_01_mir/recover-20220825/UBNA_002/20220823_033000.WAV,Telephone Field,recover-20220825,002,1795
1031.6715,1031.6794,27187,36919,Eptesicus serotinus,0.009,0.027,-1,Echolocation,/mnt/ubna_data_01_mir/recover-20220825/UBNA_002/20220823_033000.WAV,Telephone Field,recover-20220825,002,1795
1031.7105,1031.7195,42656,49295,Pipistrellus nathusii,0.037,0.053,-1,Echolocation,/mnt/ubna_data_01_mir/recover-20220825/UBNA_002/20220823_033000.WAV,Telephone Field,recover-20220825,002,1795
1031.8215,1031.8279,40937,47773,Pipistrellus nathusii,0.393,0.439,-1,Echolocation,/mnt/ubna_data_01_mir/recover-20220825/UBNA_002/20220823_033000.WAV,Telephone Field,recover-20220825,002,1795
1031.8235,1031.8328,23750,29628,Eptesicus serotinus,0.011,0.028,-1,Echolocation,/mnt/ubna_data_01_mir/recover-20220825/UBNA_002/20220823_033000.WAV,Telephone Field,recover-20220825,002,1795
1031.8905,1031.9299,68437,82632,Rhinolophus ferrumequinum,0.027,0.027,-1,Echolocation,/mnt/ubna_data_01_mir/recover-20220825/UBNA_002/20220823_033000.WAV,Telephone Field,recover-20220825,002,1795
1031.8905,1031.9004,27187,35715,Eptesicus serotinus,0.011,0.026,-1,Echolocation,/mnt/ubna_data_01_mir/recover-20220825/UBNA_002/20220823_033000.WAV,Telephone Field,recover-20220825,002,1795
1031.9225,1031.9308,42656,47584,Pipistrellus nathusii,0.194,0.209,-1,Echolocation,/mnt/ubna_data_01_mir/recover-20220825/UBNA_002/20220823_033000.WAV,Telephone Field,recover-20220825,002,1795
1031.9845,1031.9915,32343,48724,Myotis daubentonii,0.019,0.038,-1,Echolocation,/mnt/ubna_data_01_mir/recover-20220825/UBNA_002/20220823_033000.WAV,Telephone Field,recover-20220825,002,1795
1032.0015,1032.0108,22890,31092,Nyctalus leisleri,0.008,0.025,-1,Echolocation,/mnt/ubna_data_01_mir/recover-20220825/UBNA_002/20220823_033000.WAV,Telephone Field,recover-20220825,002,1795
1032.0015,1032.0326,68437,80126,Rhinolophus ferrumequinum,0.063,0.063,-1,Echolocation,/mnt/ubna_data_01_mir/recover-20220825/UBNA_002/20220823_033000.WAV,Telephone Field,recover-20220825,002,1795
1032.0275,1032.036,40937,44187,Pipistrellus nathusii,0.056,0.07,-1,Echolocation,/mnt/ubna_data_01_mir/recover-20220825/UBNA_002/20220823_033000.WAV,Telephone Field,recover-20220825,002,1795
1032.0825,1032.1199,68437,81830,Rhinolophus ferrumequinum,0.022,0.022,-1,Echolocation,/mnt/ubna_data_01_mir/recover-20220825/UBNA_002/20220823_033000.WAV,Telephone Field,recover-20220825,002,1795
1032.1295,1032.1359,40937,48848,Pipistrellus nathusii,0.548,0.579,-1,Echolocation,/mnt/ubna_data_01_mir/recover-20220825/UBNA_002/20220823_033000.WAV,Telephone Field,recover-20220825,002,1795
1032.1305,1032.1365,30625,41987,Myotis daubentonii,0.011,0.024,-1,Echolocation,/mnt/ubna_data_01_mir/recover-20220825/UBNA_002/20220823_033000.WAV,Telephone Field,recover-20220825,002,1795
1032.1905,1032.1994,28046,36923,Eptesicus serotinus,0.009,0.024,-1,Echolocation,/mnt/ubna_data_01_mir/recover-20220825/UBNA_002/20220823_033000.WAV,Telephone Field,recover-20220825,002,1795
1032.1965,1032.2054,54687,58640,Pipistrellus pygmaeus,0.037,0.038,-1,Echolocation,/mnt/ubna_data_01_mir/recover-20220825/UBNA_002/20220823_033000.WAV,Telephone Field,recover-20220825,002,1795
1032.2355,1032.2469,38359,42462,Pipistrellus nathusii,0.027,0.034,-1,Echolocation,/mnt/ubna_data_01_mir/recover-20220825/UBNA_002/20220823_033000.WAV,Telephone Field,recover-20220825,002,1795
1032.2675,1032.2994,67578,78467,Rhinolophus ferrumequinum,0.021,0.022,-1,Echolocation,/mnt/ubna_data_01_mir/recover-20220825/UBNA_002/20220823_033000.WAV,Telephone Field,recover-20220825,002,1795
1032.2735,1032.2816,27187,39147,Eptesicus serotinus,0.008,0.022,-1,Echolocation,/mnt/ubna_data_01_mir/recover-20220825/UBNA_002/20220823_033000.WAV,Telephone Field,recover-20220825,002,1795
1032.3015,1032.31,28046,37787,Eptesicus serotinus,0.011,0.029,-1,Echolocation,/mnt/ubna_data_01_mir/recover-20220825/UBNA_002/20220823_033000.WAV,Telephone Field,recover-20220825,002,1795
1032.3355,1032.3437,27187,38719,Eptesicus serotinus,0.013,0.031,-1,Echolocation,/mnt/ubna_data_01_mir/recover-20220825/UBNA_002/20220823_033000.WAV,Telephone Field,recover-20220825,002,1795
1032.3385,1032.3464,40937,46969,Pipistrellus nathusii,0.023,0.034,-1,Echolocation,/mnt/ubna_data_01_mir/recover-20220825/UBNA_002/20220823_033000.WAV,Telephone Field,recover-20220825,002,1795
1032.3675,1032.4051,68437,81699,Rhinolophus ferrumequinum,0.024,0.024,-1,Echolocation,/mnt/ubna_data_01_mir/recover-20220825/UBNA_002/20220823_033000.WAV,Telephone Field,recover-20220825,002,1795
1032.3725,1032.3794,23750,32514,Plecotus austriacus,0.01,0.024,-1,Echolocation,/mnt/ubna_data_01_mir/recover-20220825/UBNA_002/20220823_033000.WAV,Telephone Field,recover-20220825,002,1795
1032.4405,1032.4503,24609,32288,Nyctalus leisleri,0.009,0.026,-1,Echolocation,/mnt/ubna_data_01_mir/recover-20220825/UBNA_002/20220823_033000.WAV,Telephone Field,recover-20220825,002,1795
1032.4885,1032.5277,68437,82082,Rhinolophus ferrumequinum,0.021,0.021,-1,Echolocation,/mnt/ubna_data_01_mir/recover-20220825/UBNA_002/20220823_033000.WAV,Telephone Field,recover-20220825,002,1795
1032.4965,1032.5347,68437,81959,Rhinolophus ferrumequinum,0.021,0.021,-1,Echolocation,/mnt/ubna_data_01_mir/recover-20220825/UBNA_002/20220823_033000.WAV,Telephone Field,recover-20220825,002,1795
1032.5585,1032.5673,28046,36460,Eptesicus serotinus,0.008,0.021,-1,Echolocation,/mnt/ubna_data_01_mir/recover-20220825/UBNA_002/20220823_033000.WAV,Telephone Field,recover-20220825,002,1795
1032.6065,1032.6464,68437,82193,Rhinolophus ferrumequinum,0.021,0.021,-1,Echolocation,/mnt/ubna_data_01_mir/recover-20220825/UBNA_002/20220823_033000.WAV,Telephone Field,recover-20220825,002,1795
1032.6095,1032.6204,28046,36074,Eptesicus serotinus,0.012,0.027,-1,Echolocation,/mnt/ubna_data_01_mir/recover-20220825/UBNA_002/20220823_033000.WAV,Telephone Field,recover-20220825,002,1795
1032.6305,1032.6395,27187,37976,Eptesicus serotinus,0.009,0.024,-1,Echolocation,/mnt/ubna_data_01_mir/recover-20220825/UBNA_002/20220823_033000.WAV,Telephone Field,recover-20220825,002,1795
1032.6365,1032.6444,40937,51534,Pipistrellus nathusii,0.153,0.231,-1,Echolocation,/mnt/ubna_data_01_mir/recover-20220825/UBNA_002/20220823_033000.WAV,Telephone Field,recover-20220825,002,1795
1032.6745,1032.6842,28046,39114,Eptesicus serotinus,0.009,0.022,-1,Echolocation,/mnt/ubna_data_01_mir/recover-20220825/UBNA_002/20220823_033000.WAV,Telephone Field,recover-20220825,002,1795
1032.6815,1032.6904,28046,38058,Eptesicus serotinus,0.008,0.023,-1,Echolocation,/mnt/ubna_data_01_mir/recover-20220825/UBNA_002/20220823_033000.WAV,Telephone Field,recover-20220825,002,1795
1032.7155,1032.7546,68437,81888,Rhinolophus ferrumequinum,0.022,0.022,-1,Echolocation,/mnt/ubna_data_01_mir/recover-20220825/UBNA_002/20220823_033000.WAV,Telephone Field,recover-20220825,002,1795
1032.7305,1032.741,41796,45720,Pipistrellus pipistrellus,0.012,0.022,-1,Echolocation,/mnt/ubna_data_01_mir/recover-20220825/UBNA_002/20220823_033000.WAV,Telephone Field,recover-20220825,002,1795
1032.7445,1032.7804,68437,81608,Rhinolophus ferrumequinum,0.022,0.022,-1,Echolocation,/mnt/ubna_data_01_mir/recover-20220825/UBNA_002/20220823_033000.WAV,Telephone Field,recover-20220825,002,1795
1032.8145,1032.8213,27187,37617,Eptesicus serotinus,0.009,0.033,-1,Echolocation,/mnt/ubna_data_01_mir/recover-20220825/UBNA_002/20220823_033000.WAV,Telephone Field,recover-20220825,002,1795
1032.8215,1032.8314,41796,45724,Pipistrellus nathusii,0.03,0.047,-1,Echolocation,/mnt/ubna_data_01_mir/recover-20220825/UBNA_002/20220823_033000.WAV,Telephone Field,recover-20220825,002,1795
1032.8905,1032.9037,23750,28622,Nyctalus leisleri,0.012,0.024,-1,Echolocation,/mnt/ubna_data_01_mir/recover-20220825/UBNA_002/20220823_033000.WAV,Telephone Field,recover-20220825,002,1795
1032.9275,1032.9349,40937,52825,Pipistrellus nathusii,0.324,0.474,-1,Echolocation,/mnt/ubna_data_01_mir/recover-20220825/UBNA_002/20220823_033000.WAV,Telephone Field,recover-20220825,002,1795
1032.9285,1032.935,28906,52128,Myotis daubentonii,0.018,0.034,-1,Echolocation,/mnt/ubna_data_01_mir/recover-20220825/UBNA_002/20220823_033000.WAV,Telephone Field,recover-20220825,002,1795
1032.9365,1032.9461,25468,31930,Nyctalus leisleri,0.012,0.034,-1,Echolocation,/mnt/ubna_data_01_mir/recover-20220825/UBNA_002/20220823_033000.WAV,Telephone Field,recover-20220825,002,1795
1032.9675,1032.9752,27187,38270,Eptesicus serotinus,0.008,0.026,-1,Echolocation,/mnt/ubna_data_01_mir/recover-20220825/UBNA_002/20220823_033000.WAV,Telephone Field,recover-20220825,002,1795
1033.0015,1033.0123,23750,29479,Nyctalus leisleri,0.012,0.026,-1,Echolocation,/mnt/ubna_data_01_mir/recover-20220825/UBNA_002/20220823_033000.WAV,Telephone Field,recover-20220825,002,1795
1033.0155,1033.0555,68437,82120,Rhinolophus ferrumequinum,0.022,0.022,-1,Echolocation,/mnt/ubna_data_01_mir/recover-20220825/UBNA_002/20220823_033000.WAV,Telephone Field,recover-20220825,002,1795
1033.0215,1033.0285,40937,49426,Pipistrellus nathusii,0.241,0.32,-1,Echolocation,/mnt/ubna_data_01_mir/recover-20220825/UBNA_002/20220823_033000.WAV,Telephone Field,recover-20220825,002,1795
1033.0825,1033.1187,68437,80952,Rhinolophus ferrumequinum,0.022,0.022,-1,Echolocation,/mnt/ubna_data_01_mir/recover-20220825/UBNA_002/20220823_033000.WAV,Telephone Field,recover-20220825,002,1795
1033.1185,1033.1257,41796,52420,Pipistrellus nathusii,0.382,0.504,-1,Echolocation,/mnt/ubna_data_01_mir/recover-20220825/UBNA_002/20220823_033000.WAV,Telephone Field,recover-20220825,002,1795
1033.1205,1033.1268,29765,52454,Myotis daubentonii,0.019,0.032,-1,Echolocation,/mnt/ubna_data_01_mir/recover-20220825/UBNA_002/20220823_033000.WAV,Telephone Field,recover-20220825,002,1795
1033.1325,1033.1418,27187,34517,Eptesicus serotinus,0.008,0.021,-1,Echolocation,/mnt/ubna_data_01_mir/recover-20220825/UBNA_002/20220823_033000.WAV,Telephone Field,recover-20220825,002,1795
1033.1325,1033.173,68437,82062,Rhinolophus ferrumequinum,0.038,0.038,-1,Echolocation,/mnt/ubna_data_01_mir/recover-20220825/UBNA_002/20220823_033000.WAV,Telephone Field,recover-20220825,002,1795
1033.2095,1033.2182,28906,38510,Eptesicus serotinus,0.007,0.021,-1,Echolocation,/mnt/ubna_data_01_mir/recover-20220825/UBNA_002/20220823_033000.WAV,Telephone Field,recover-20220825,002,1795
1033.2355,1033.2736,68437,82469,Rhinolophus ferrumequinum,0.023,0.023,-1,Echolocation,/mnt/ubna_data_01_mir/recover-20220825/UBNA_002/20220823_033000.WAV,Telephone Field,recover-20220825,002,1795
1033.2365,1033.2479,23750,28270,Nyctalus leisleri,0.012,0.022,-1,Echolocation,/mnt/ubna_data_01_mir/recover-20220825/UBNA_002/20220823_033000.WAV,Telephone Field,recover-20220825,002,1795
1033.2645,1033.2756,25468,32268,Eptesicus serotinus,0.01,0.026,-1,Echolocation,/mnt/ubna_data_01_mir/recover-20220825/UBNA_002/20220823_033000.WAV,Telephone Field,recover-20220825,002,1795
1033.2935,1033.3006,27187,37320,Eptesicus serotinus,0.006,0.021,-1,Echolocation,/mnt/ubna_data_01_mir/recover-20220825/UBNA_002/20220823_033000.WAV,Telephone Field,recover-20220825,002,1795
1033.3095,1033.3194,41796,49251,Pipistrellus nathusii,0.154,0.183,-1,Echolocation,/mnt/ubna_data_01_mir/recover-20220825/UBNA_002/20220823_033000.WAV,Telephone Field,recover-20220825,002,1795
1033.3105,1033.3489,68437,81999,Rhinolophus ferrumequinum,0.022,0.022,-1,Echolocation,/mnt/ubna_data_01_mir/recover-20220825/UBNA_002/20220823_033000.WAV,Telephone Field,recover-20220825,002,1795
1033.3105,1033.3182,27187,40695,Eptesicus serotinus,0.007,0.022,-1,Echolocation,/mnt/ubna_data_01_mir/recover-20220825/UBNA_002/20220823_033000.WAV,Telephone Field,recover-20220825,002,1795
1033.3195,1033.3268,30625,38584,Myotis daubentonii,0.01,0.025,-1,Echolocation,/mnt/ubna_data_01_mir/recover-20220825/UBNA_002/20220823_033000.WAV,Telephone Field,recover-20220825,002,1795
1033.3475,1033.3557,28046,36795,Eptesicus serotinus,0.008,0.022,-1,Echolocation,/mnt/ubna_data_01_mir/recover-20220825/UBNA_002/20220823_033000.WAV,Telephone Field,recover-20220825,002,1795
1033.3615,1033.3978,68437,81692,Rhinolophus ferrumequinum,0.022,0.022,-1,Echolocation,/mnt/ubna_data_01_mir/recover-20220825/UBNA_002/20220823_033000.WAV,Telephone Field,recover-20220825,002,1795
1033.3795,1033.4182,68437,82249,Rhinolophus ferrumequinum,0.027,0.027,-1,Echolocation,/mnt/ubna_data_01_mir/recover-20220825/UBNA_002/20220823_033000.WAV,Telephone Field,recover-20220825,002,1795
1033.4125,1033.4201,27187,37731,Eptesicus serotinus,0.007,0.023,-1,Echolocation,/mnt/ubna_data_01_mir/recover-20220825/UBNA_002/20220823_033000.WAV,Telephone Field,recover-20220825,002,1795
1033.4215,1033.4299,28046,35870,Eptesicus serotinus,0.008,0.021,-1,Echolocation,/mnt/ubna_data_01_mir/recover-20220825/UBNA_002/20220823_033000.WAV,Telephone Field,recover-20220825,002,1795
1033.4405,1033.4787,68437,82396,Rhinolophus ferrumequinum,0.022,0.022,-1,Echolocation,/mnt/ubna_data_01_mir/recover-20220825/UBNA_002/20220823_033000.WAV,Telephone Field,recover-20220825,002,1795
1033.4595,1033.4783,18593,22193,Nyctalus noctula,0.016,0.027,-1,Echolocation,/mnt/ubna_data_01_mir/recover-20220825/UBNA_002/20220823_033000.WAV,Telephone Field,recover-20220825,002,1795
1033.5025,1033.5123,26328,34699,Eptesicus serotinus,0.014,0.029,-1,Echolocation,/mnt/ubna_data_01_mir/recover-20220825/UBNA_002/20220823_033000.WAV,Telephone Field,recover-20220825,002,1795
1033.5205,1033.5286,28046,39487,Eptesicus serotinus,0.007,0.022,-1,Echolocation,/mnt/ubna_data_01_mir/recover-20220825/UBNA_002/20220823_033000.WAV,Telephone Field,recover-20220825,002,1795
1033.5755,1033.5817,32343,46103,Myotis daubentonii,0.01,0.023,-1,Echolocation,/mnt/ubna_data_01_mir/recover-20220825/UBNA_002/20220823_033000.WAV,Telephone Field,recover-20220825,002,1795
1033.5765,1033.5842,26328,39477,Eptesicus serotinus,0.009,0.029,-1,Echolocation,/mnt/ubna_data_01_mir/recover-20220825/UBNA_002/20220823_033000.WAV,Telephone Field,recover-20220825,002,1795
1033.5955,1033.6325,68437,81818,Rhinolophus ferrumequinum,0.022,0.022,-1,Echolocation,/mnt/ubna_data_01_mir/recover-20220825/UBNA_002/20220823_033000.WAV,Telephone Field,recover-20220825,002,1795
1033.6445,1033.6526,40937,45979,Pipistrellus nathusii,0.047,0.062,-1,Echolocation,/mnt/ubna_data_01_mir/recover-20220825/UBNA_002/20220823_033000.WAV,Telephone Field,recover-20220825,002,1795
1033.6455,1033.6533,26328,36639,Eptesicus serotinus,0.007,0.022,-1,Echolocation,/mnt/ubna_data_01_mir/recover-20220825/UBNA_002/20220823_033000.WAV,Telephone Field,recover-20220825,002,1795
1033.6645,1033.6809,22031,25605,Nyctalus leisleri,0.013,0.022,-1,Echolocation,/mnt/ubna_data_01_mir/recover-20220825/UBNA_002/20220823_033000.WAV,Telephone Field,recover-20220825,002,1795
1033.6995,1033.7078,28046,37885,Eptesicus serotinus,0.008,0.024,-1,Echolocation,/mnt/ubna_data_01_mir/recover-20220825/UBNA_002/20220823_033000.WAV,Telephone Field,recover-20220825,002,1795
1033.6995,1033.7374,68437,82429,Rhinolophus ferrumequinum,0.023,0.023,-1,Echolocation,/mnt/ubna_data_01_mir/recover-20220825/UBNA_002/20220823_033000.WAV,Telephone Field,recover-20220825,002,1795
1033.7145,1033.725,25468,31646,Eptesicus serotinus,0.008,0.022,-1,Echolocation,/mnt/ubna_data_01_mir/recover-20220825/UBNA_002/20220823_033000.WAV,Telephone Field,recover-20220825,002,1795
1033.7395,1033.7746,68437,81340,Rhinolophus ferrumequinum,0.026,0.026,-1,Echolocation,/mnt/ubna_data_01_mir/recover-20220825/UBNA_002/20220823_033000.WAV,Telephone Field,recover-20220825,002,1795
1033.7965,1033.804,28046,39368,Eptesicus serotinus,0.007,0.028,-1,Echolocation,/mnt/ubna_data_01_mir/recover-20220825/UBNA_002/20220823_033000.WAV,Telephone Field,recover-20220825,002,1795
1033.8125,1033.8541,68437,82549,Rhinolophus ferrumequinum,0.023,0.023,-1,Echolocation,/mnt/ubna_data_01_mir/recover-20220825/UBNA_002/20220823_033000.WAV,Telephone Field,recover-20220825,002,1795
1033.8315,1033.8382,28046,39137,Eptesicus serotinus,0.005,0.021,-1,Echolocation,/mnt/ubna_data_01_mir/recover-20220825/UBNA_002/20220823_033000.WAV,Telephone Field,recover-20220825,002,1795
1033.8475,1033.8569,44375,46630,Pipistrellus pipistrellus,0.03,0.032,-1,Echolocation,/mnt/ubna_data_01_mir/recover-20220825/UBNA_002/20220823_033000.WAV,Telephone Field,recover-20220825,002,1795
1033.8785,1033.8859,42656,47988,Pipistrellus nathusii,0.283,0.315,-1,Echolocation,/mnt/ubna_data_01_mir/recover-20220825/UBNA_002/20220823_033000.WAV,Telephone Field,recover-20220825,002,1795
1033.8955,1033.9329,68437,82267,Rhinolophus ferrumequinum,0.022,0.022,-1,Echolocation,/mnt/ubna_data_01_mir/recover-20220825/UBNA_002/20220823_033000.WAV,Telephone Field,recover-20220825,002,1795
1033.9825,1033.9906,28046,39018,Eptesicus serotinus,0.007,0.022,-1,Echolocation,/mnt/ubna_data_01_mir/recover-20220825/UBNA_002/20220823_033000.WAV,Telephone Field,recover-20220825,002,1795
1034.0015,1034.0343,68437,80889,Rhinolophus ferrumequinum,0.035,0.035,-1,Echolocation,/mnt/ubna_data_01_mir/recover-20220825/UBNA_002/20220823_033000.WAV,Telephone Field,recover-20220825,002,1795
1034.0015,1034.0102,24609,35898,Nyctalus leisleri,0.009,0.04,-1,Echolocation,/mnt/ubna_data_01_mir/recover-20220825/UBNA_002/20220823_033000.WAV,Telephone Field,recover-20220825,002,1795
1034.0015,1034.0153,56406,63110,Pipistrellus pygmaeus,0.023,0.025,-1,Echolocation,/mnt/ubna_data_01_mir/recover-20220825/UBNA_002/20220823_033000.WAV,Telephone Field,recover-20220825,002,1795
1034.0335,1034.0394000000001,41796,52371,Pipistrellus nathusii,0.232,0.462,-1,Echolocation,/mnt/ubna_data_01_mir/recover-20220825/UBNA_002/20220823_033000.WAV,Telephone Field,recover-20220825,002,1795
1034.0455,1034.0546,28046,35892,Eptesicus serotinus,0.009,0.025,-1,Echolocation,/mnt/ubna_data_01_mir/recover-20220825/UBNA_002/20220823_033000.WAV,Telephone Field,recover-20220825,002,1795
1034.0715,1034.0806,23750,31549,Plecotus austriacus,0.006,0.025,-1,Echolocation,/mnt/ubna_data_01_mir/recover-20220825/UBNA_002/20220823_033000.WAV,Telephone Field,recover-20220825,002,1795
1034.0855,1034.0902,40078,53133,Myotis daubentonii,0.171,0.296,-1,Echolocation,/mnt/ubna_data_01_mir/recover-20220825/UBNA_002/20220823_033000.WAV,Telephone Field,recover-20220825,002,1795
1034.1205,1034.1261,40078,56965,Myotis brandtii,0.011,0.033,-1,Echolocation,/mnt/ubna_data_01_mir/recover-20220825/UBNA_002/20220823_033000.WAV,Telephone Field,recover-20220825,002,1795
1034.1215,1034.1321,27187,37134,Eptesicus serotinus,0.019,0.041,-1,Echolocation,/mnt/ubna_data_01_mir/recover-20220825/UBNA_002/20220823_033000.WAV,Telephone Field,recover-20220825,002,1795
1034.1455,1034.1588,15156,21662,Nyctalus noctula,0.016,0.025,-1,Echolocation,/mnt/ubna_data_01_mir/recover-20220825/UBNA_002/20220823_033000.WAV,Telephone Field,recover-20220825,002,1795
1034.1525,1034.1584,26328,40297,Eptesicus serotinus,0.008,0.038,-1,Echolocation,/mnt/ubna_data_01_mir/recover-20220825/UBNA_002/20220823_033000.WAV,Telephone Field,recover-20220825,002,1795
1034.1825,1034.1895,40937,50101,Pipistrellus nathusii,0.473,0.62,-1,Echolocation,/mnt/ubna_data_01_mir/recover-20220825/UBNA_002/20220823_033000.WAV,Telephone Field,recover-20220825,002,1795
1034.1865,1034.2252,68437,82261,Rhinolophus ferrumequinum,0.024,0.024,-1,Echolocation,/mnt/ubna_data_01_mir/recover-20220825/UBNA_002/20220823_033000.WAV,Telephone Field,recover-20220825,002,1795
1034.1935,1034.2025,26328,33976,Eptesicus serotinus,0.008,0.026,-1,Echolocation,/mnt/ubna_data_01_mir/recover-20220825/UBNA_002/20220823_033000.WAV,Telephone Field,recover-20220825,002,1795
1034.2145,1034.2205,32343,44740,Myotis daubentonii,0.013,0.025,-1,Echolocation,/mnt/ubna_data_01_mir/recover-20220825/UBNA_002/20220823_033000.WAV,Telephone Field,recover-20220825,002,1795
1034.2285,1034.2661,68437,82142,Rhinolophus ferrumequinum,0.025,0.025,-1,Echolocation,/mnt/ubna_data_01_mir/recover-20220825/UBNA_002/20220823_033000.WAV,Telephone Field,recover-20220825,002,1795
1034.2325,1034.239,28906,46726,Myotis daubentonii,0.012,0.025,-1,Echolocation,/mnt/ubna_data_01_mir/recover-20220825/UBNA_002/20220823_033000.WAV,Telephone Field,recover-20220825,002,1795
1034.2335,1034.2404,44375,53774,Pipistrellus nathusii,0.014,0.048,-1,Echolocation,/mnt/ubna_data_01_mir/recover-20220825/UBNA_002/20220823_033000.WAV,Telephone Field,recover-20220825,002,1795
1034.2685,1034.2742,39218,59822,Pipistrellus nathusii,0.252,0.523,-1,Echolocation,/mnt/ubna_data_01_mir/recover-20220825/UBNA_002/20220823_033000.WAV,Telephone Field,recover-20220825,002,1795
1034.2695,1034.2752,28046,74050,Myotis brandtii,0.032,0.085,-1,Echolocation,/mnt/ubna_data_01_mir/recover-20220825/UBNA_002/20220823_033000.WAV,Telephone Field,recover-20220825,002,1795
1034.3225,1034.3279,39218,51620,Myotis daubentonii,0.195,0.456,-1,Echolocation,/mnt/ubna_data_01_mir/recover-20220825/UBNA_002/20220823_033000.WAV,Telephone Field,recover-20220825,002,1795
1034.3325,1034.3434,22031,26800,Nyctalus leisleri,0.01,0.024,-1,Echolocation,/mnt/ubna_data_01_mir/recover-20220825/UBNA_002/20220823_033000.WAV,Telephone Field,recover-20220825,002,1795
1034.3745,1034.3798,37500,51709,Myotis daubentonii,0.2,0.4,-1,Echolocation,/mnt/ubna_data_01_mir/recover-20220825/UBNA_002/20220823_033000.WAV,Telephone Field,recover-20220825,002,1795
1034.3835,1034.3894,31484,41921,Myotis daubentonii,0.015,0.024,-1,Echolocation,/mnt/ubna_data_01_mir/recover-20220825/UBNA_002/20220823_033000.WAV,Telephone Field,recover-20220825,002,1795
1034.4305,1034.4346,39218,52421,Myotis daubentonii,0.289,0.385,-1,Echolocation,/mnt/ubna_data_01_mir/recover-20220825/UBNA_002/20220823_033000.WAV,Telephone Field,recover-20220825,002,1795
1034.4465,1034.4836,68437,81339,Rhinolophus ferrumequinum,0.025,0.026,-1,Echolocation,/mnt/ubna_data_01_mir/recover-20220825/UBNA_002/20220823_033000.WAV,Telephone Field,recover-20220825,002,1795
1034.4875,1034.4924,40078,50142,Myotis daubentonii,0.183,0.415,-1,Echolocation,/mnt/ubna_data_01_mir/recover-20220825/UBNA_002/20220823_033000.WAV,Telephone Field,recover-20220825,002,1795
1034.4985,1034.511,23750,29583,Nyctalus leisleri,0.014,0.041,-1,Echolocation,/mnt/ubna_data_01_mir/recover-20220825/UBNA_002/20220823_033000.WAV,Telephone Field,recover-20220825,002,1795
1034.5085,1034.5181,55546,60721,Pipistrellus pygmaeus,0.022,0.023,-1,Echolocation,/mnt/ubna_data_01_mir/recover-20220825/UBNA_002/20220823_033000.WAV,Telephone Field,recover-20220825,002,1795
1034.5385,1034.5462,28046,36824,Eptesicus serotinus,0.008,0.024,-1,Echolocation,/mnt/ubna_data_01_mir/recover-20220825/UBNA_002/20220823_033000.WAV,Telephone Field,recover-20220825,002,1795
1034.5525,1034.5577,38359,57105,Myotis daubentonii,0.163,0.407,-1,Echolocation,/mnt/ubna_data_01_mir/recover-20220825/UBNA_002/20220823_033000.WAV,Telephone Field,recover-20220825,002,1795
1034.5765,1034.5864,24609,32275,Eptesicus serotinus,0.009,0.026,-1,Echolocation,/mnt/ubna_data_01_mir/recover-20220825/UBNA_002/20220823_033000.WAV,Telephone Field,recover-20220825,002,1795
1034.5985,1034.6387,68437,82592,Rhinolophus ferrumequinum,0.023,0.023,-1,Echolocation,/mnt/ubna_data_01_mir/recover-20220825/UBNA_002/20220823_033000.WAV,Telephone Field,recover-20220825,002,1795
1034.6075,1034.6116,39218,51927,Myotis daubentonii,0.197,0.315,-1,Echolocation,/mnt/ubna_data_01_mir/recover-20220825/UBNA_002/20220823_033000.WAV,Telephone Field,recover-20220825,002,1795
1034.6285,1034.6649,68437,81620,Rhinolophus ferrumequinum,0.024,0.024,-1,Echolocation,/mnt/ubna_data_01_mir/recover-20220825/UBNA_002/20220823_033000.WAV,Telephone Field,recover-20220825,002,1795
1034.6525,1034.6934,68437,82938,Rhinolophus ferrumequinum,0.023,0.023,-1,Echolocation,/mnt/ubna_data_01_mir/recover-20220825/UBNA_002/20220823_033000.WAV,Telephone Field,recover-20220825,002,1795
1034.6605,1034.6649,38359,52151,Myotis daubentonii,0.122,0.191,-1,Echolocation,/mnt/ubna_data_01_mir/recover-20220825/UBNA_002/20220823_033000.WAV,Telephone Field,recover-20220825,002,1795
1034.6895,1034.6993,27187,35025,Eptesicus serotinus,0.009,0.023,-1,Echolocation,/mnt/ubna_data_01_mir/recover-20220825/UBNA_002/20220823_033000.WAV,Telephone Field,recover-20220825,002,1795
1034.7135,1034.7184,39218,52666,Myotis daubentonii,0.193,0.371,-1,Echolocation,/mnt/ubna_data_01_mir/recover-20220825/UBNA_002/20220823_033000.WAV,Telephone Field,recover-20220825,002,1795
1034.7395,1034.7466,32343,47512,Myotis daubentonii,0.014,0.025,-1,Echolocation,/mnt/ubna_data_01_mir/recover-20220825/UBNA_002/20220823_033000.WAV,Telephone Field,recover-20220825,002,1795
1034.7405,1034.7473,27187,43365,Eptesicus serotinus,0.008,0.026,-1,Echolocation,/mnt/ubna_data_01_mir/recover-20220825/UBNA_002/20220823_033000.WAV,Telephone Field,recover-20220825,002,1795
1034.7715,1034.7776,40078,49709,Myotis daubentonii,0.105,0.314,-1,Echolocation,/mnt/ubna_data_01_mir/recover-20220825/UBNA_002/20220823_033000.WAV,Telephone Field,recover-20220825,002,1795
1034.7865,1034.8224,68437,81701,Rhinolophus ferrumequinum,0.027,0.027,-1,Echolocation,/mnt/ubna_data_01_mir/recover-20220825/UBNA_002/20220823_033000.WAV,Telephone Field,recover-20220825,002,1795
1034.8015,1034.814,23750,29200,Nyctalus leisleri,0.01,0.023,-1,Echolocation,/mnt/ubna_data_01_mir/recover-20220825/UBNA_002/20220823_033000.WAV,Telephone Field,recover-20220825,002,1795
1034.8105,1034.8175,27187,41190,Eptesicus serotinus,0.007,0.024,-1,Echolocation,/mnt/ubna_data_01_mir/recover-20220825/UBNA_002/20220823_033000.WAV,Telephone Field,recover-20220825,002,1795
1034.8115,1034.8237,52968,57307,Pipistrellus pygmaeus,0.025,0.026,-1,Echolocation,/mnt/ubna_data_01_mir/recover-20220825/UBNA_002/20220823_033000.WAV,Telephone Field,recover-20220825,002,1795
1034.8295,1034.8349,40937,50187,Myotis daubentonii,0.082,0.277,-1,Echolocation,/mnt/ubna_data_01_mir/recover-20220825/UBNA_002/20220823_033000.WAV,Telephone Field,recover-20220825,002,1795
1034.8485,1034.856,26328,40165,Eptesicus serotinus,0.008,0.026,-1,Echolocation,/mnt/ubna_data_01_mir/recover-20220825/UBNA_002/20220823_033000.WAV,Telephone Field,recover-20220825,002,1795
1034.8525,1034.8584,34921,51309,Myotis brandtii,0.01,0.025,-1,Echolocation,/mnt/ubna_data_01_mir/recover-20220825/UBNA_002/20220823_033000.WAV,Telephone Field,recover-20220825,002,1795
1034.8855,1034.9234,68437,81853,Rhinolophus ferrumequinum,0.024,0.024,-1,Echolocation,/mnt/ubna_data_01_mir/recover-20220825/UBNA_002/20220823_033000.WAV,Telephone Field,recover-20220825,002,1795
1034.8885,1034.8942,30625,53358,Myotis daubentonii,0.017,0.027,-1,Echolocation,/mnt/ubna_data_01_mir/recover-20220825/UBNA_002/20220823_033000.WAV,Telephone Field,recover-20220825,002,1795
1034.8895,1034.8953,35781,52775,Myotis daubentonii,0.013,0.027,-1,Echolocation,/mnt/ubna_data_01_mir/recover-20220825/UBNA_002/20220823_033000.WAV,Telephone Field,recover-20220825,002,1795
1034.9265,1034.9369,23750,31103,Eptesicus serotinus,0.008,0.023,-1,Echolocation,/mnt/ubna_data_01_mir/recover-20220825/UBNA_002/20220823_033000.WAV,Telephone Field,recover-20220825,002,1795
1034.9335,1034.9393,37500,55679,Myotis brandtii,0.01,0.025,-1,Echolocation,/mnt/ubna_data_01_mir/recover-20220825/UBNA_002/20220823_033000.WAV,Telephone Field,recover-20220825,002,1795
1034.9495,1034.9557,27187,41320,Eptesicus serotinus,0.014,0.048,-1,Echolocation,/mnt/ubna_data_01_mir/recover-20220825/UBNA_002/20220823_033000.WAV,Telephone Field,recover-20220825,002,1795
1034.9615,1034.9688,55546,61159,Pipistrellus pygmaeus,0.022,0.023,-1,Echolocation,/mnt/ubna_data_01_mir/recover-20220825/UBNA_002/20220823_033000.WAV,Telephone Field,recover-20220825,002,1795
1034.9745,1034.983,57265,65223,Pipistrellus pygmaeus,0.03,0.031,-1,Echolocation,/mnt/ubna_data_01_mir/recover-20220825/UBNA_002/20220823_033000.WAV,Telephone Field,recover-20220825,002,1795
1035.0915,1035.0997,26328,38019,Eptesicus serotinus,0.009,0.025,-1,Echolocation,/mnt/ubna_data_01_mir/recover-20220825/UBNA_002/20220823_033000.WAV,Telephone Field,recover-20220825,002,1795
1035.1715,1035.177,40078,54508,Myotis brandtii,0.016,0.042,-1,Echolocation,/mnt/ubna_data_01_mir/recover-20220825/UBNA_002/20220823_033000.WAV,Telephone Field,recover-20220825,002,1795
1035.2415,1035.2489,27187,37424,Eptesicus serotinus,0.008,0.026,-1,Echolocation,/mnt/ubna_data_01_mir/recover-20220825/UBNA_002/20220823_033000.WAV,Telephone Field,recover-20220825,002,1795
1035.3455,1035.3561,32343,39138,Barbastellus barbastellus,0.031,0.075,-1,Echolocation,/mnt/ubna_data_01_mir/recover-20220825/UBNA_002/20220823_033000.WAV,Telephone Field,recover-20220825,002,1795
1035.3735,1035.3811,41796,47307,Pipistrellus nathusii,0.166,0.235,-1,Echolocation,/mnt/ubna_data_01_mir/recover-20220825/UBNA_002/20220823_033000.WAV,Telephone Field,recover-20220825,002,1795
1035.3765,1035.3868,16015,22165,Nyctalus noctula,0.011,0.025,-1,Echolocation,/mnt/ubna_data_01_mir/recover-20220825/UBNA_002/20220823_033000.WAV,Telephone Field,recover-20220825,002,1795
1035.4165,1035.4553,68437,82183,Rhinolophus ferrumequinum,0.027,0.027,-1,Echolocation,/mnt/ubna_data_01_mir/recover-20220825/UBNA_002/20220823_033000.WAV,Telephone Field,recover-20220825,002,1795
1035.4185,1035.4267,41796,53499,Pipistrellus nathusii,0.008,0.023,-1,Echolocation,/mnt/ubna_data_01_mir/recover-20220825/UBNA_002/20220823_033000.WAV,Telephone Field,recover-20220825,002,1795
1035.4265,1035.4345,26328,35830,Eptesicus serotinus,0.01,0.028,-1,Echolocation,/mnt/ubna_data_01_mir/recover-20220825/UBNA_002/20220823_033000.WAV,Telephone Field,recover-20220825,002,1795
1035.4605,1035.4661,33203,52323,Myotis daubentonii,0.015,0.025,-1,Echolocation,/mnt/ubna_data_01_mir/recover-20220825/UBNA_002/20220823_033000.WAV,Telephone Field,recover-20220825,002,1795
1035.6275,1035.6664,68437,82547,Rhinolophus ferrumequinum,0.023,0.023,-1,Echolocation,/mnt/ubna_data_01_mir/recover-20220825/UBNA_002/20220823_033000.WAV,Telephone Field,recover-20220825,002,1795
1035.6405,1035.6488,30625,41817,Myotis daubentonii,0.009,0.023,-1,Echolocation,/mnt/ubna_data_01_mir/recover-20220825/UBNA_002/20220823_033000.WAV,Telephone Field,recover-20220825,002,1795
1035.6495,1035.6584,42656,49100,Pipistrellus nathusii,0.01,0.023,-1,Echolocation,/mnt/ubna_data_01_mir/recover-20220825/UBNA_002/20220823_033000.WAV,Telephone Field,recover-20220825,002,1795
1035.6785,1035.7195,68437,82733,Rhinolophus ferrumequinum,0.032,0.032,-1,Echolocation,/mnt/ubna_data_01_mir/recover-20220825/UBNA_002/20220823_033000.WAV,Telephone Field,recover-20220825,002,1795
1035.7215,1035.73,27187,38113,Eptesicus serotinus,0.011,0.031,-1,Echolocation,/mnt/ubna_data_01_mir/recover-20220825/UBNA_002/20220823_033000.WAV,Telephone Field,recover-20220825,002,1795
1035.7865,1035.7925,26328,45959,Myotis nattereri,0.007,0.025,-1,Echolocation,/mnt/ubna_data_01_mir/recover-20220825/UBNA_002/20220823_033000.WAV,Telephone Field,recover-20220825,002,1795
1035.7865,1035.7923,31484,49272,Myotis daubentonii,0.015,0.027,-1,Echolocation,/mnt/ubna_data_01_mir/recover-20220825/UBNA_002/20220823_033000.WAV,Telephone Field,recover-20220825,002,1795
1035.8145,1035.822,26328,41402,Eptesicus serotinus,0.008,0.023,-1,Echolocation,/mnt/ubna_data_01_mir/recover-20220825/UBNA_002/20220823_033000.WAV,Telephone Field,recover-20220825,002,1795
1035.8415,1035.8497,27187,40553,Eptesicus serotinus,0.015,0.036,-1,Echolocation,/mnt/ubna_data_01_mir/recover-20220825/UBNA_002/20220823_033000.WAV,Telephone Field,recover-20220825,002,1795
1035.8605,1035.8666,44375,59894,Myotis brandtii,0.01,0.03,-1,Echolocation,/mnt/ubna_data_01_mir/recover-20220825/UBNA_002/20220823_033000.WAV,Telephone Field,recover-20220825,002,1795
1035.8615,1035.867,34921,59951,Myotis brandtii,0.011,0.024,-1,Echolocation,/mnt/ubna_data_01_mir/recover-20220825/UBNA_002/20220823_033000.WAV,Telephone Field,recover-20220825,002,1795
1035.8945,1035.9126,22031,25720,Nyctalus leisleri,0.021,0.038,-1,Echolocation,/mnt/ubna_data_01_mir/recover-20220825/UBNA_002/20220823_033000.WAV,Telephone Field,recover-20220825,002,1795
1035.9305,1035.9397,27187,36732,Eptesicus serotinus,0.011,0.027,-1,Echolocation,/mnt/ubna_data_01_mir/recover-20220825/UBNA_002/20220823_033000.WAV,Telephone Field,recover-20220825,002,1795
1036.0015,1036.0146,20312,25330,Nyctalus noctula,0.01,0.026,-1,Echolocation,/mnt/ubna_data_01_mir/recover-20220825/UBNA_002/20220823_033000.WAV,Telephone Field,recover-20220825,002,1795
1036.0015,1036.0355,68437,81363,Rhinolophus ferrumequinum,0.038,0.039,-1,Echolocation,/mnt/ubna_data_01_mir/recover-20220825/UBNA_002/20220823_033000.WAV,Telephone Field,recover-20220825,002,1795
1036.0015,1036.0152,56406,64344,Pipistrellus pygmaeus,0.018,0.019,-1,Echolocation,/mnt/ubna_data_01_mir/recover-20220825/UBNA_002/20220823_033000.WAV,Telephone Field,recover-20220825,002,1795
1036.0165,1036.0583,68437,82803,Rhinolophus ferrumequinum,0.022,0.022,-1,Echolocation,/mnt/ubna_data_01_mir/recover-20220825/UBNA_002/20220823_033000.WAV,Telephone Field,recover-20220825,002,1795
1036.0565,1036.0965,68437,81735,Rhinolophus ferrumequinum,0.019,0.019,-1,Echolocation,/mnt/ubna_data_01_mir/recover-20220825/UBNA_002/20220823_033000.WAV,Telephone Field,recover-20220825,002,1795
1036.0665,1036.1043,68437,81921,Rhinolophus ferrumequinum,0.02,0.02,-1,Echolocation,/mnt/ubna_data_01_mir/recover-20220825/UBNA_002/20220823_033000.WAV,Telephone Field,recover-20220825,002,1795
1036.1135,1036.124,27187,35090,Eptesicus serotinus,0.014,0.027,-1,Echolocation,/mnt/ubna_data_01_mir/recover-20220825/UBNA_002/20220823_033000.WAV,Telephone Field,recover-20220825,002,1795
1036.1445,1036.1836,68437,81935,Rhinolophus ferrumequinum,0.02,0.02,-1,Echolocation,/mnt/ubna_data_01_mir/recover-20220825/UBNA_002/20220823_033000.WAV,Telephone Field,recover-20220825,002,1795
1036.1685,1036.2077,68437,82714,Rhinolophus ferrumequinum,0.024,0.024,-1,Echolocation,/mnt/ubna_data_01_mir/recover-20220825/UBNA_002/20220823_033000.WAV,Telephone Field,recover-20220825,002,1795
1036.1845,1036.1918,26328,36099,Eptesicus serotinus,0.008,0.022,-1,Echolocation,/mnt/ubna_data_01_mir/recover-20220825/UBNA_002/20220823_033000.WAV,Telephone Field,recover-20220825,002,1795
1036.2045,1036.2485,68437,83153,Rhinolophus ferrumequinum,0.024,0.024,-1,Echolocation,/mnt/ubna_data_01_mir/recover-20220825/UBNA_002/20220823_033000.WAV,Telephone Field,recover-20220825,002,1795
1036.2285,1036.2668,68437,82063,Rhinolophus ferrumequinum,0.019,0.019,-1,Echolocation,/mnt/ubna_data_01_mir/recover-20220825/UBNA_002/20220823_033000.WAV,Telephone Field,recover-20220825,002,1795
1036.2765,1036.2885,27187,33104,Eptesicus serotinus,0.014,0.029,-1,Echolocation,/mnt/ubna_data_01_mir/recover-20220825/UBNA_002/20220823_033000.WAV,Telephone Field,recover-20220825,002,1795
1036.3025,1036.3372,68437,81165,Rhinolophus ferrumequinum,0.019,0.019,-1,Echolocation,/mnt/ubna_data_01_mir/recover-20220825/UBNA_002/20220823_033000.WAV,Telephone Field,recover-20220825,002,1795
1036.3035,1036.311,27187,40650,Eptesicus serotinus,0.006,0.019,-1,Echolocation,/mnt/ubna_data_01_mir/recover-20220825/UBNA_002/20220823_033000.WAV,Telephone Field,recover-20220825,002,1795
1036.3115,1036.3517,68437,82283,Rhinolophus ferrumequinum,0.019,0.019,-1,Echolocation,/mnt/ubna_data_01_mir/recover-20220825/UBNA_002/20220823_033000.WAV,Telephone Field,recover-20220825,002,1795
1036.3325,1036.3402,25468,33700,Eptesicus serotinus,0.007,0.022,-1,Echolocation,/mnt/ubna_data_01_mir/recover-20220825/UBNA_002/20220823_033000.WAV,Telephone Field,recover-20220825,002,1795
1036.3345,1036.3716,68437,81744,Rhinolophus ferrumequinum,0.021,0.021,-1,Echolocation,/mnt/ubna_data_01_mir/recover-20220825/UBNA_002/20220823_033000.WAV,Telephone Field,recover-20220825,002,1795
1036.3855,1036.4251,68437,82289,Rhinolophus ferrumequinum,0.02,0.02,-1,Echolocation,/mnt/ubna_data_01_mir/recover-20220825/UBNA_002/20220823_033000.WAV,Telephone Field,recover-20220825,002,1795
1036.4125,1036.4202,27187,38498,Eptesicus serotinus,0.006,0.02,-1,Echolocation,/mnt/ubna_data_01_mir/recover-20220825/UBNA_002/20220823_033000.WAV,Telephone Field,recover-20220825,002,1795
1036.4165,1036.4553,68437,82262,Rhinolophus ferrumequinum,0.03,0.03,-1,Echolocation,/mnt/ubna_data_01_mir/recover-20220825/UBNA_002/20220823_033000.WAV,Telephone Field,recover-20220825,002,1795
1036.4195,1036.4271,27187,38645,Eptesicus serotinus,0.005,0.019,-1,Echolocation,/mnt/ubna_data_01_mir/recover-20220825/UBNA_002/20220823_033000.WAV,Telephone Field,recover-20220825,002,1795
1036.4265,1036.4342,28046,38111,Eptesicus serotinus,0.007,0.02,-1,Echolocation,/mnt/ubna_data_01_mir/recover-20220825/UBNA_002/20220823_033000.WAV,Telephone Field,recover-20220825,002,1795
1036.4375,1036.4734,68437,81653,Rhinolophus ferrumequinum,0.02,0.02,-1,Echolocation,/mnt/ubna_data_01_mir/recover-20220825/UBNA_002/20220823_033000.WAV,Telephone Field,recover-20220825,002,1795
1036.4525,1036.489,68437,81761,Rhinolophus ferrumequinum,0.019,0.019,-1,Echolocation,/mnt/ubna_data_01_mir/recover-20220825/UBNA_002/20220823_033000.WAV,Telephone Field,recover-20220825,002,1795
1036.4535,1036.4633,22890,28205,Nyctalus leisleri,0.008,0.019,-1,Echolocation,/mnt/ubna_data_01_mir/recover-20220825/UBNA_002/20220823_033000.WAV,Telephone Field,recover-20220825,002,1795
1036.4675,1036.5093,68437,83000,Rhinolophus ferrumequinum,0.026,0.026,-1,Echolocation,/mnt/ubna_data_01_mir/recover-20220825/UBNA_002/20220823_033000.WAV,Telephone Field,recover-20220825,002,1795
1036.4735,1036.4832,28046,38554,Eptesicus serotinus,0.009,0.02,-1,Echolocation,/mnt/ubna_data_01_mir/recover-20220825/UBNA_002/20220823_033000.WAV,Telephone Field,recover-20220825,002,1795
1036.4835,1036.4936,28046,35970,Eptesicus serotinus,0.009,0.021,-1,Echolocation,/mnt/ubna_data_01_mir/recover-20220825/UBNA_002/20220823_033000.WAV,Telephone Field,recover-20220825,002,1795
1036.4965,1036.5041,30625,40051,Myotis daubentonii,0.007,0.02,-1,Echolocation,/mnt/ubna_data_01_mir/recover-20220825/UBNA_002/20220823_033000.WAV,Telephone Field,recover-20220825,002,1795
1036.5075,1036.5446,68437,82308,Rhinolophus ferrumequinum,0.023,0.023,-1,Echolocation,/mnt/ubna_data_01_mir/recover-20220825/UBNA_002/20220823_033000.WAV,Telephone Field,recover-20220825,002,1795
1036.5815,1036.6201,68437,81812,Rhinolophus ferrumequinum,0.022,0.022,-1,Echolocation,/mnt/ubna_data_01_mir/recover-20220825/UBNA_002/20220823_033000.WAV,Telephone Field,recover-20220825,002,1795
1036.5915,1036.6261,68437,81356,Rhinolophus ferrumequinum,0.02,0.02,-1,Echolocation,/mnt/ubna_data_01_mir/recover-20220825/UBNA_002/20220823_033000.WAV,Telephone Field,recover-20220825,002,1795
1036.5925,1036.6019000000001,22890,28645,Nyctalus leisleri,0.007,0.02,-1,Echolocation,/mnt/ubna_data_01_mir/recover-20220825/UBNA_002/20220823_033000.WAV,Telephone Field,recover-20220825,002,1795
1036.6215,1036.6557,68437,81509,Rhinolophus ferrumequinum,0.02,0.02,-1,Echolocation,/mnt/ubna_data_01_mir/recover-20220825/UBNA_002/20220823_033000.WAV,Telephone Field,recover-20220825,002,1795
1036.6565,1036.6944,68437,82246,Rhinolophus ferrumequinum,0.022,0.022,-1,Echolocation,/mnt/ubna_data_01_mir/recover-20220825/UBNA_002/20220823_033000.WAV,Telephone Field,recover-20220825,002,1795
1036.6655,1036.6751,28906,37195,Eptesicus serotinus,0.008,0.021,-1,Echolocation,/mnt/ubna_data_01_mir/recover-20220825/UBNA_002/20220823_033000.WAV,Telephone Field,recover-20220825,002,1795
1036.6985,1036.739,68437,82642,Rhinolophus ferrumequinum,0.024,0.024,-1,Echolocation,/mnt/ubna_data_01_mir/recover-20220825/UBNA_002/20220823_033000.WAV,Telephone Field,recover-20220825,002,1795
1036.7035,1036.715,27187,35230,Eptesicus serotinus,0.025,0.041,-1,Echolocation,/mnt/ubna_data_01_mir/recover-20220825/UBNA_002/20220823_033000.WAV,Telephone Field,recover-20220825,002,1795
1036.7055,1036.7426,68437,82408,Rhinolophus ferrumequinum,0.024,0.024,-1,Echolocation,/mnt/ubna_data_01_mir/recover-20220825/UBNA_002/20220823_033000.WAV,Telephone Field,recover-20220825,002,1795
1036.7225,1036.7601,68437,82059,Rhinolophus ferrumequinum,0.02,0.02,-1,Echolocation,/mnt/ubna_data_01_mir/recover-20220825/UBNA_002/20220823_033000.WAV,Telephone Field,recover-20220825,002,1795
1036.7435,1036.7497,50390,57122,Pipistrellus pipistrellus,0.014,0.019,-1,Echolocation,/mnt/ubna_data_01_mir/recover-20220825/UBNA_002/20220823_033000.WAV,Telephone Field,recover-20220825,002,1795
1036.7675,1036.7767,27187,35730,Eptesicus serotinus,0.007,0.019,-1,Echolocation,/mnt/ubna_data_01_mir/recover-20220825/UBNA_002/20220823_033000.WAV,Telephone Field,recover-20220825,002,1795
1036.8385,1036.8741,68437,81529,Rhinolophus ferrumequinum,0.022,0.022,-1,Echolocation,/mnt/ubna_data_01_mir/recover-20220825/UBNA_002/20220823_033000.WAV,Telephone Field,recover-20220825,002,1795
1036.8535,1036.8905,68437,81570,Rhinolophus ferrumequinum,0.019,0.019,-1,Echolocation,/mnt/ubna_data_01_mir/recover-20220825/UBNA_002/20220823_033000.WAV,Telephone Field,recover-20220825,002,1795
1036.8785,1036.8863,26328,36008,Eptesicus serotinus,0.009,0.025,-1,Echolocation,/mnt/ubna_data_01_mir/recover-20220825/UBNA_002/20220823_033000.WAV,Telephone Field,recover-20220825,002,1795
1036.8885,1036.9277,68437,82254,Rhinolophus ferrumequinum,0.019,0.02,-1,Echolocation,/mnt/ubna_data_01_mir/recover-20220825/UBNA_002/20220823_033000.WAV,Telephone Field,recover-20220825,002,1795
1036.9125,1036.9483,68437,81872,Rhinolophus ferrumequinum,0.02,0.02,-1,Echolocation,/mnt/ubna_data_01_mir/recover-20220825/UBNA_002/20220823_033000.WAV,Telephone Field,recover-20220825,002,1795
1036.9275,1036.9361,22890,29840,Plecotus austriacus,0.008,0.021,-1,Echolocation,/mnt/ubna_data_01_mir/recover-20220825/UBNA_002/20220823_033000.WAV,Telephone Field,recover-20220825,002,1795
1036.9335,1036.9717,68437,81853,Rhinolophus ferrumequinum,0.019,0.019,-1,Echolocation,/mnt/ubna_data_01_mir/recover-20220825/UBNA_002/20220823_033000.WAV,Telephone Field,recover-20220825,002,1795
1036.9375,1036.9471,22890,30009,Nyctalus leisleri,0.012,0.036,-1,Echolocation,/mnt/ubna_data_01_mir/recover-20220825/UBNA_002/20220823_033000.WAV,Telephone Field,recover-20220825,002,1795
1036.9455,1036.9836,68437,81420,Rhinolophus ferrumequinum,0.023,0.023,-1,Echolocation,/mnt/ubna_data_01_mir/recover-20220825/UBNA_002/20220823_033000.WAV,Telephone Field,recover-20220825,002,1795
1036.9675,1037.0044,68437,81602,Rhinolophus ferrumequinum,0.019,0.019,-1,Echolocation,/mnt/ubna_data_01_mir/recover-20220825/UBNA_002/20220823_033000.WAV,Telephone Field,recover-20220825,002,1795
1036.9755,1037.0146,68437,82119,Rhinolophus ferrumequinum,0.02,0.02,-1,Echolocation,/mnt/ubna_data_01_mir/recover-20220825/UBNA_002/20220823_033000.WAV,Telephone Field,recover-20220825,002,1795
1036.9785,1036.9863,28046,39814,Eptesicus serotinus,0.007,0.02,-1,Echolocation,/mnt/ubna_data_01_mir/recover-20220825/UBNA_002/20220823_033000.WAV,Telephone Field,recover-20220825,002,1795
1036.9895,1037.0283,68437,82763,Rhinolophus ferrumequinum,0.022,0.022,-1,Echolocation,/mnt/ubna_data_01_mir/recover-20220825/UBNA_002/20220823_033000.WAV,Telephone Field,recover-20220825,002,1795
1037.0285,1037.0663,68437,82003,Rhinolophus ferrumequinum,0.02,0.02,-1,Echolocation,/mnt/ubna_data_01_mir/recover-20220825/UBNA_002/20220823_033000.WAV,Telephone Field,recover-20220825,002,1795
1037.0305,1037.0397,28046,37085,Eptesicus serotinus,0.007,0.02,-1,Echolocation,/mnt/ubna_data_01_mir/recover-20220825/UBNA_002/20220823_033000.WAV,Telephone Field,recover-20220825,002,1795
1037.0395,1037.078,68437,81573,Rhinolophus ferrumequinum,0.021,0.021,-1,Echolocation,/mnt/ubna_data_01_mir/recover-20220825/UBNA_002/20220823_033000.WAV,Telephone Field,recover-20220825,002,1795
1037.0655,1037.1045,68437,81808,Rhinolophus ferrumequinum,0.02,0.02,-1,Echolocation,/mnt/ubna_data_01_mir/recover-20220825/UBNA_002/20220823_033000.WAV,Telephone Field,recover-20220825,002,1795
1037.0835,1037.0908,28046,40068,Eptesicus serotinus,0.007,0.02,-1,Echolocation,/mnt/ubna_data_01_mir/recover-20220825/UBNA_002/20220823_033000.WAV,Telephone Field,recover-20220825,002,1795
1037.0845,1037.0986,44375,48547,Pipistrellus pipistrellus,0.032,0.039,-1,Echolocation,/mnt/ubna_data_01_mir/recover-20220825/UBNA_002/20220823_033000.WAV,Telephone Field,recover-20220825,002,1795
1037.1155,1037.1242,27187,36674,Eptesicus serotinus,0.007,0.019,-1,Echolocation,/mnt/ubna_data_01_mir/recover-20220825/UBNA_002/20220823_033000.WAV,Telephone Field,recover-20220825,002,1795
1037.1235,1037.132,28046,38651,Eptesicus serotinus,0.007,0.02,-1,Echolocation,/mnt/ubna_data_01_mir/recover-20220825/UBNA_002/20220823_033000.WAV,Telephone Field,recover-20220825,002,1795
1037.1325,1037.167,68437,81521,Rhinolophus ferrumequinum,0.019,0.02,-1,Echolocation,/mnt/ubna_data_01_mir/recover-20220825/UBNA_002/20220823_033000.WAV,Telephone Field,recover-20220825,002,1795
1037.1955,1037.2341,68437,82044,Rhinolophus ferrumequinum,0.019,0.019,-1,Echolocation,/mnt/ubna_data_01_mir/recover-20220825/UBNA_002/20220823_033000.WAV,Telephone Field,recover-20220825,002,1795
1037.2045,1037.215,25468,31681,Eptesicus serotinus,0.01,0.028,-1,Echolocation,/mnt/ubna_data_01_mir/recover-20220825/UBNA_002/20220823_033000.WAV,Telephone Field,recover-20220825,002,1795
1037.2375,1037.2791,68437,82604,Rhinolophus ferrumequinum,0.021,0.021,-1,Echolocation,/mnt/ubna_data_01_mir/recover-20220825/UBNA_002/20220823_033000.WAV,Telephone Field,recover-20220825,002,1795
1037.2525,1037.262,23750,30132,Nyctalus leisleri,0.007,0.021,-1,Echolocation,/mnt/ubna_data_01_mir/recover-20220825/UBNA_002/20220823_033000.WAV,Telephone Field,recover-20220825,002,1795
1037.2785,1037.2861,25468,33686,Eptesicus serotinus,0.006,0.019,-1,Echolocation,/mnt/ubna_data_01_mir/recover-20220825/UBNA_002/20220823_033000.WAV,Telephone Field,recover-20220825,002,1795
1037.3315,1037.371,68437,82379,Rhinolophus ferrumequinum,0.021,0.021,-1,Echolocation,/mnt/ubna_data_01_mir/recover-20220825/UBNA_002/20220823_033000.WAV,Telephone Field,recover-20220825,002,1795
1037.3515,1037.3588,26328,37109,Eptesicus serotinus,0.005,0.019,-1,Echolocation,/mnt/ubna_data_01_mir/recover-20220825/UBNA_002/20220823_033000.WAV,Telephone Field,recover-20220825,002,1795
1037.3525,1037.3936,68437,82604,Rhinolophus ferrumequinum,0.02,0.02,-1,Echolocation,/mnt/ubna_data_01_mir/recover-20220825/UBNA_002/20220823_033000.WAV,Telephone Field,recover-20220825,002,1795
1037.3625,1037.4018,68437,82295,Rhinolophus ferrumequinum,0.02,0.02,-1,Echolocation,/mnt/ubna_data_01_mir/recover-20220825/UBNA_002/20220823_033000.WAV,Telephone Field,recover-20220825,002,1795
1037.3935,1037.4364,68437,82484,Rhinolophus ferrumequinum,0.023,0.023,-1,Echolocation,/mnt/ubna_data_01_mir/recover-20220825/UBNA_002/20220823_033000.WAV,Telephone Field,recover-20220825,002,1795
1037.4205,1037.4307,22890,27863,Nyctalus leisleri,0.011,0.022,-1,Echolocation,/mnt/ubna_data_01_mir/recover-20220825/UBNA_002/20220823_033000.WAV,Telephone Field,recover-20220825,002,1795
1037.4265,1037.4638,68437,82438,Rhinolophus ferrumequinum,0.022,0.022,-1,Echolocation,/mnt/ubna_data_01_mir/recover-20220825/UBNA_002/20220823_033000.WAV,Telephone Field,recover-20220825,002,1795
1037.4355,1037.4733,68437,81887,Rhinolophus ferrumequinum,0.019,0.019,-1,Echolocation,/mnt/ubna_data_01_mir/recover-20220825/UBNA_002/20220823_033000.WAV,Telephone Field,recover-20220825,002,1795
1037.4355,1037.4425,27187,41837,Eptesicus serotinus,0.006,0.02,-1,Echolocation,/mnt/ubna_data_01_mir/recover-20220825/UBNA_002/20220823_033000.WAV,Telephone Field,recover-20220825,002,1795
1037.4675,1037.5068,68437,82269,Rhinolophus ferrumequinum,0.023,0.023,-1,Echolocation,/mnt/ubna_data_01_mir/recover-20220825/UBNA_002/20220823_033000.WAV,Telephone Field,recover-20220825,002,1795
1037.4805,1037.519,68437,82024,Rhinolophus ferrumequinum,0.019,0.019,-1,Echolocation,/mnt/ubna_data_01_mir/recover-20220825/UBNA_002/20220823_033000.WAV,Telephone Field,recover-20220825,002,1795
1037.5285,1037.5377,28046,38570,Eptesicus serotinus,0.007,0.02,-1,Echolocation,/mnt/ubna_data_01_mir/recover-20220825/UBNA_002/20220823_033000.WAV,Telephone Field,recover-20220825,002,1795
1037.5395,1037.5752,68437,81788,Rhinolophus ferrumequinum,0.02,0.02,-1,Echolocation,/mnt/ubna_data_01_mir/recover-20220825/UBNA_002/20220823_033000.WAV,Telephone Field,recover-20220825,002,1795
1037.5405,1037.5526,22031,25569,Nyctalus leisleri,0.012,0.019,-1,Echolocation,/mnt/ubna_data_01_mir/recover-20220825/UBNA_002/20220823_033000.WAV,Telephone Field,recover-20220825,002,1795
1037.5505,1037.5895,68437,82424,Rhinolophus ferrumequinum,0.02,0.02,-1,Echolocation,/mnt/ubna_data_01_mir/recover-20220825/UBNA_002/20220823_033000.WAV,Telephone Field,recover-20220825,002,1795
1037.5615,1037.5971,68437,80990,Rhinolophus ferrumequinum,0.02,0.02,-1,Echolocation,/mnt/ubna_data_01_mir/recover-20220825/UBNA_002/20220823_033000.WAV,Telephone Field,recover-20220825,002,1795
1037.5665,1037.6001,68437,81149,Rhinolophus ferrumequinum,0.019,0.019,-1,Echolocation,/mnt/ubna_data_01_mir/recover-20220825/UBNA_002/20220823_033000.WAV,Telephone Field,recover-20220825,002,1795
1037.5665,1037.5779,22890,27991,Nyctalus leisleri,0.01,0.022,-1,Echolocation,/mnt/ubna_data_01_mir/recover-20220825/UBNA_002/20220823_033000.WAV,Telephone Field,recover-20220825,002,1795
1037.6125,1037.6208,28906,39710,Eptesicus serotinus,0.022,0.042,-1,Echolocation,/mnt/ubna_data_01_mir/recover-20220825/UBNA_002/20220823_033000.WAV,Telephone Field,recover-20220825,002,1795
1037.6145,1037.6259,52109,56861,Pipistrellus pygmaeus,0.011,0.019,-1,Echolocation,/mnt/ubna_data_01_mir/recover-20220825/UBNA_002/20220823_033000.WAV,Telephone Field,recover-20220825,002,1795
1037.6145,1037.6562,68437,82733,Rhinolophus ferrumequinum,0.022,0.022,-1,Echolocation,/mnt/ubna_data_01_mir/recover-20220825/UBNA_002/20220823_033000.WAV,Telephone Field,recover-20220825,002,1795
1037.6235,1037.661,68437,82400,Rhinolophus ferrumequinum,0.023,0.023,-1,Echolocation,/mnt/ubna_data_01_mir/recover-20220825/UBNA_002/20220823_033000.WAV,Telephone Field,recover-20220825,002,1795
1037.6475,1037.6846,68437,81800,Rhinolophus ferrumequinum,0.019,0.019,-1,Echolocation,/mnt/ubna_data_01_mir/recover-20220825/UBNA_002/20220823_033000.WAV,Telephone Field,recover-20220825,002,1795
1037.6705,1037.7126,68437,83422,Rhinolophus ferrumequinum,0.03,0.03,-1,Echolocation,/mnt/ubna_data_01_mir/recover-20220825/UBNA_002/20220823_033000.WAV,Telephone Field,recover-20220825,002,1795
1037.7225,1037.7592,68437,81871,Rhinolophus ferrumequinum,0.019,0.02,-1,Echolocation,/mnt/ubna_data_01_mir/recover-20220825/UBNA_002/20220823_033000.WAV,Telephone Field,recover-20220825,002,1795
1037.7305,1037.7691,68437,81916,Rhinolophus ferrumequinum,0.02,0.02,-1,Echolocation,/mnt/ubna_data_01_mir/recover-20220825/UBNA_002/20220823_033000.WAV,Telephone Field,recover-20220825,002,1795
1037.7365,1037.7749,68437,82081,Rhinolophus ferrumequinum,0.019,0.019,-1,Echolocation,/mnt/ubna_data_01_mir/recover-20220825/UBNA_002/20220823_033000.WAV,Telephone Field,recover-20220825,002,1795
1037.7485,1037.759,22890,28309,Nyctalus leisleri,0.009,0.019,-1,Echolocation,/mnt/ubna_data_01_mir/recover-20220825/UBNA_002/20220823_033000.WAV,Telephone Field,recover-20220825,002,1795
1037.7855,1037.8229,68437,82353,Rhinolophus ferrumequinum,0.02,0.02,-1,Echolocation,/mnt/ubna_data_01_mir/recover-20220825/UBNA_002/20220823_033000.WAV,Telephone Field,recover-20220825,002,1795
1037.8385,1037.8781,68437,81827,Rhinolophus ferrumequinum,0.029,0.029,-1,Echolocation,/mnt/ubna_data_01_mir/recover-20220825/UBNA_002/20220823_033000.WAV,Telephone Field,recover-20220825,002,1795
1037.8425,1037.8516,27187,40468,Eptesicus serotinus,0.009,0.023,-1,Echolocation,/mnt/ubna_data_01_mir/recover-20220825/UBNA_002/20220823_033000.WAV,Telephone Field,recover-20220825,002,1795
1037.8515,1037.862,23750,29874,Nyctalus leisleri,0.011,0.028,-1,Echolocation,/mnt/ubna_data_01_mir/recover-20220825/UBNA_002/20220823_033000.WAV,Telephone Field,recover-20220825,002,1795
1037.8685,1037.9101,68437,82595,Rhinolophus ferrumequinum,0.031,0.031,-1,Echolocation,/mnt/ubna_data_01_mir/recover-20220825/UBNA_002/20220823_033000.WAV,Telephone Field,recover-20220825,002,1795
1037.8955,1037.9326,68437,82455,Rhinolophus ferrumequinum,0.021,0.021,-1,Echolocation,/mnt/ubna_data_01_mir/recover-20220825/UBNA_002/20220823_033000.WAV,Telephone Field,recover-20220825,002,1795
1037.8985,1037.9056,28046,39881,Eptesicus serotinus,0.006,0.02,-1,Echolocation,/mnt/ubna_data_01_mir/recover-20220825/UBNA_002/20220823_033000.WAV,Telephone Field,recover-20220825,002,1795
1038.0015,1038.0098,24609,31593,Nyctalus leisleri,0.011,0.028,-1,Echolocation,/mnt/ubna_data_01_mir/recover-20220825/UBNA_002/20220823_033000.WAV,Telephone Field,recover-20220825,002,1795
1038.0015,1038.0333,69296,81388,Rhinolophus ferrumequinum,0.034,0.034,-1,Echolocation,/mnt/ubna_data_01_mir/recover-20220825/UBNA_002/20220823_033000.WAV,Telephone Field,recover-20220825,002,1795
1038.0125,1038.0189,27187,37728,Eptesicus serotinus,0.005,0.022,-1,Echolocation,/mnt/ubna_data_01_mir/recover-20220825/UBNA_002/20220823_033000.WAV,Telephone Field,recover-20220825,002,1795
1038.0125,1038.0548,68437,82568,Rhinolophus ferrumequinum,0.023,0.023,-1,Echolocation,/mnt/ubna_data_01_mir/recover-20220825/UBNA_002/20220823_033000.WAV,Telephone Field,recover-20220825,002,1795
1038.0145,1038.0282,14296,19054,Nyctalus noctula,0.017,0.028,-1,Echolocation,/mnt/ubna_data_01_mir/recover-20220825/UBNA_002/20220823_033000.WAV,Telephone Field,recover-20220825,002,1795
1038.0185,1038.0568,68437,82537,Rhinolophus ferrumequinum,0.022,0.022,-1,Echolocation,/mnt/ubna_data_01_mir/recover-20220825/UBNA_002/20220823_033000.WAV,Telephone Field,recover-20220825,002,1795
1038.0315,1038.0712,68437,82031,Rhinolophus ferrumequinum,0.023,0.023,-1,Echolocation,/mnt/ubna_data_01_mir/recover-20220825/UBNA_002/20220823_033000.WAV,Telephone Field,recover-20220825,002,1795
1038.0835,1038.1232,68437,82454,Rhinolophus ferrumequinum,0.021,0.021,-1,Echolocation,/mnt/ubna_data_01_mir/recover-20220825/UBNA_002/20220823_033000.WAV,Telephone Field,recover-20220825,002,1795
1038.1065,1038.1462,68437,82609,Rhinolophus ferrumequinum,0.023,0.023,-1,Echolocation,/mnt/ubna_data_01_mir/recover-20220825/UBNA_002/20220823_033000.WAV,Telephone Field,recover-20220825,002,1795
1038.1375,1038.1797,68437,82993,Rhinolophus ferrumequinum,0.032,0.032,-1,Echolocation,/mnt/ubna_data_01_mir/recover-20220825/UBNA_002/20220823_033000.WAV,Telephone Field,recover-20220825,002,1795
1038.1385,1038.1492,22890,28513,Nyctalus leisleri,0.01,0.021,-1,Echolocation,/mnt/ubna_data_01_mir/recover-20220825/UBNA_002/20220823_033000.WAV,Telephone Field,recover-20220825,002,1795
1038.1595,1038.1674,27187,38136,Eptesicus serotinus,0.007,0.02,-1,Echolocation,/mnt/ubna_data_01_mir/recover-20220825/UBNA_002/20220823_033000.WAV,Telephone Field,recover-20220825,002,1795
1038.1605,1038.1999,68437,82034,Rhinolophus ferrumequinum,0.021,0.021,-1,Echolocation,/mnt/ubna_data_01_mir/recover-20220825/UBNA_002/20220823_033000.WAV,Telephone Field,recover-20220825,002,1795
1038.1775,1038.2152,68437,82180,Rhinolophus ferrumequinum,0.024,0.024,-1,Echolocation,/mnt/ubna_data_01_mir/recover-20220825/UBNA_002/20220823_033000.WAV,Telephone Field,recover-20220825,002,1795
1038.1825,1038.1928,23750,30337,Nyctalus leisleri,0.01,0.025,-1,Echolocation,/mnt/ubna_data_01_mir/recover-20220825/UBNA_002/20220823_033000.WAV,Telephone Field,recover-20220825,002,1795
1038.2355,1038.2755,68437,82657,Rhinolophus ferrumequinum,0.024,0.024,-1,Echolocation,/mnt/ubna_data_01_mir/recover-20220825/UBNA_002/20220823_033000.WAV,Telephone Field,recover-20220825,002,1795
1038.2435,1038.284,68437,82764,Rhinolophus ferrumequinum,0.021,0.021,-1,Echolocation,/mnt/ubna_data_01_mir/recover-20220825/UBNA_002/20220823_033000.WAV,Telephone Field,recover-20220825,002,1795
1038.2605,1038.3009,68437,82853,Rhinolophus ferrumequinum,0.026,0.026,-1,Echolocation,/mnt/ubna_data_01_mir/recover-20220825/UBNA_002/20220823_033000.WAV,Telephone Field,recover-20220825,002,1795
1038.3155,1038.3559,68437,82393,Rhinolophus ferrumequinum,0.024,0.024,-1,Echolocation,/mnt/ubna_data_01_mir/recover-20220825/UBNA_002/20220823_033000.WAV,Telephone Field,recover-20220825,002,1795
1038.3425,1038.3501,27187,38564,Eptesicus serotinus,0.006,0.021,-1,Echolocation,/mnt/ubna_data_01_mir/recover-20220825/UBNA_002/20220823_033000.WAV,Telephone Field,recover-20220825,002,1795
1038.3425,1038.3525,22031,26483,Nyctalus leisleri,0.01,0.02,-1,Echolocation,/mnt/ubna_data_01_mir/recover-20220825/UBNA_002/20220823_033000.WAV,Telephone Field,recover-20220825,002,1795
1038.3425,1038.3827,68437,82689,Rhinolophus ferrumequinum,0.022,0.022,-1,Echolocation,/mnt/ubna_data_01_mir/recover-20220825/UBNA_002/20220823_033000.WAV,Telephone Field,recover-20220825,002,1795
1038.3825,1038.3918,27187,38235,Eptesicus serotinus,0.008,0.021,-1,Echolocation,/mnt/ubna_data_01_mir/recover-20220825/UBNA_002/20220823_033000.WAV,Telephone Field,recover-20220825,002,1795
1038.4055,1038.4157,48671,52432,Pipistrellus pipistrellus,0.021,0.025,-1,Echolocation,/mnt/ubna_data_01_mir/recover-20220825/UBNA_002/20220823_033000.WAV,Telephone Field,recover-20220825,002,1795
1038.4415,1038.4851,68437,83261,Rhinolophus ferrumequinum,0.026,0.026,-1,Echolocation,/mnt/ubna_data_01_mir/recover-20220825/UBNA_002/20220823_033000.WAV,Telephone Field,recover-20220825,002,1795
1038.5195,1038.5591,68437,82467,Rhinolophus ferrumequinum,0.026,0.026,-1,Echolocation,/mnt/ubna_data_01_mir/recover-20220825/UBNA_002/20220823_033000.WAV,Telephone Field,recover-20220825,002,1795
1038.5265,1038.5656,68437,81879,Rhinolophus ferrumequinum,0.024,0.024,-1,Echolocation,/mnt/ubna_data_01_mir/recover-20220825/UBNA_002/20220823_033000.WAV,Telephone Field,recover-20220825,002,1795
1038.5355,1038.5461,22890,28614,Nyctalus leisleri,0.011,0.024,-1,Echolocation,/mnt/ubna_data_01_mir/recover-20220825/UBNA_002/20220823_033000.WAV,Telephone Field,recover-20220825,002,1795
1038.5595,1038.6,68437,82649,Rhinolophus ferrumequinum,0.03,0.03,-1,Echolocation,/mnt/ubna_data_01_mir/recover-20220825/UBNA_002/20220823_033000.WAV,Telephone Field,recover-20220825,002,1795
1038.5945,1038.6271,68437,80148,Rhinolophus ferrumequinum,0.021,0.022,-1,Echolocation,/mnt/ubna_data_01_mir/recover-20220825/UBNA_002/20220823_033000.WAV,Telephone Field,recover-20220825,002,1795
1038.6015,1038.6344,68437,80647,Rhinolophus ferrumequinum,0.02,0.02,-1,Echolocation,/mnt/ubna_data_01_mir/recover-20220825/UBNA_002/20220823_033000.WAV,Telephone Field,recover-20220825,002,1795
1038.6125,1038.6208,28046,39081,Eptesicus serotinus,0.007,0.021,-1,Echolocation,/mnt/ubna_data_01_mir/recover-20220825/UBNA_002/20220823_033000.WAV,Telephone Field,recover-20220825,002,1795
1038.6795,1038.7163,68437,81919,Rhinolophus ferrumequinum,0.021,0.021,-1,Echolocation,/mnt/ubna_data_01_mir/recover-20220825/UBNA_002/20220823_033000.WAV,Telephone Field,recover-20220825,002,1795
1038.6995,1038.7076,27187,38747,Eptesicus serotinus,0.008,0.022,-1,Echolocation,/mnt/ubna_data_01_mir/recover-20220825/UBNA_002/20220823_033000.WAV,Telephone Field,recover-20220825,002,1795
1038.7125,1038.7285,22031,25969,Nyctalus leisleri,0.023,0.042,-1,Echolocation,/mnt/ubna_data_01_mir/recover-20220825/UBNA_002/20220823_033000.WAV,Telephone Field,recover-20220825,002,1795
1038.7195,1038.7565,68437,81518,Rhinolophus ferrumequinum,0.021,0.021,-1,Echolocation,/mnt/ubna_data_01_mir/recover-20220825/UBNA_002/20220823_033000.WAV,Telephone Field,recover-20220825,002,1795
1038.7495,1038.7876,68437,81257,Rhinolophus ferrumequinum,0.023,0.023,-1,Echolocation,/mnt/ubna_data_01_mir/recover-20220825/UBNA_002/20220823_033000.WAV,Telephone Field,recover-20220825,002,1795
1038.7705,1038.7774,46093,50124,Pipistrellus pipistrellus,0.023,0.024,-1,Echolocation,/mnt/ubna_data_01_mir/recover-20220825/UBNA_002/20220823_033000.WAV,Telephone Field,recover-20220825,002,1795
1038.8025,1038.8124,26328,34566,Eptesicus serotinus,0.01,0.023,-1,Echolocation,/mnt/ubna_data_01_mir/recover-20220825/UBNA_002/20220823_033000.WAV,Telephone Field,recover-20220825,002,1795
1038.8205,1038.8593,68437,82387,Rhinolophus ferrumequinum,0.024,0.024,-1,Echolocation,/mnt/ubna_data_01_mir/recover-20220825/UBNA_002/20220823_033000.WAV,Telephone Field,recover-20220825,002,1795
1038.8305,1038.8405,28046,36261,Eptesicus serotinus,0.013,0.027,-1,Echolocation,/mnt/ubna_data_01_mir/recover-20220825/UBNA_002/20220823_033000.WAV,Telephone Field,recover-20220825,002,1795
1038.8315,1038.87,68437,81244,Rhinolophus ferrumequinum,0.023,0.023,-1,Echolocation,/mnt/ubna_data_01_mir/recover-20220825/UBNA_002/20220823_033000.WAV,Telephone Field,recover-20220825,002,1795
1038.8375,1038.8748,68437,81226,Rhinolophus ferrumequinum,0.022,0.022,-1,Echolocation,/mnt/ubna_data_01_mir/recover-20220825/UBNA_002/20220823_033000.WAV,Telephone Field,recover-20220825,002,1795
1038.8755,1038.9136,68437,81763,Rhinolophus ferrumequinum,0.024,0.024,-1,Echolocation,/mnt/ubna_data_01_mir/recover-20220825/UBNA_002/20220823_033000.WAV,Telephone Field,recover-20220825,002,1795
1038.8795,1038.8871,27187,37263,Eptesicus serotinus,0.007,0.021,-1,Echolocation,/mnt/ubna_data_01_mir/recover-20220825/UBNA_002/20220823_033000.WAV,Telephone Field,recover-20220825,002,1795
1038.9215,1038.9312,27187,37125,Eptesicus serotinus,0.009,0.022,-1,Echolocation,/mnt/ubna_data_01_mir/recover-20220825/UBNA_002/20220823_033000.WAV,Telephone Field,recover-20220825,002,1795
1038.9225,1038.9621,68437,82370,Rhinolophus ferrumequinum,0.028,0.028,-1,Echolocation,/mnt/ubna_data_01_mir/recover-20220825/UBNA_002/20220823_033000.WAV,Telephone Field,recover-20220825,002,1795
1038.9585,1038.9649,28046,38539,Eptesicus serotinus,0.006,0.023,-1,Echolocation,/mnt/ubna_data_01_mir/recover-20220825/UBNA_002/20220823_033000.WAV,Telephone Field,recover-20220825,002,1795
1038.9865,1039.0209,68437,80609,Rhinolophus ferrumequinum,0.023,0.024,-1,Echolocation,/mnt/ubna_data_01_mir/recover-20220825/UBNA_002/20220823_033000.WAV,Telephone Field,recover-20220825,002,1795
1039.0045,1039.0405,68437,81493,Rhinolophus ferrumequinum,0.021,0.021,-1,Echolocation,/mnt/ubna_data_01_mir/recover-20220825/UBNA_002/20220823_033000.WAV,Telephone Field,recover-20220825,002,1795
1039.0155,1039.0233,27187,38298,Eptesicus serotinus,0.007,0.021,-1,Echolocation,/mnt/ubna_data_01_mir/recover-20220825/UBNA_002/20220823_033000.WAV,Telephone Field,recover-20220825,002,1795
1039.0455,1039.0829,68437,82303,Rhinolophus ferrumequinum,0.023,0.023,-1,Echolocation,/mnt/ubna_data_01_mir/recover-20220825/UBNA_002/20220823_033000.WAV,Telephone Field,recover-20220825,002,1795
1039.0805,1039.1176,68437,81961,Rhinolophus ferrumequinum,0.021,0.021,-1,Echolocation,/mnt/ubna_data_01_mir/recover-20220825/UBNA_002/20220823_033000.WAV,Telephone Field,recover-20220825,002,1795
1039.0845,1039.0949,24609,31242,Nyctalus leisleri,0.007,0.021,-1,Echolocation,/mnt/ubna_data_01_mir/recover-20220825/UBNA_002/20220823_033000.WAV,Telephone Field,recover-20220825,002,1795
1039.1335,1039.1737,68437,82614,Rhinolophus ferrumequinum,0.023,0.023,-1,Echolocation,/mnt/ubna_data_01_mir/recover-20220825/UBNA_002/20220823_033000.WAV,Telephone Field,recover-20220825,002,1795
1039.1915,1039.2298,68437,83017,Rhinolophus ferrumequinum,0.032,0.032,-1,Echolocation,/mnt/ubna_data_01_mir/recover-20220825/UBNA_002/20220823_033000.WAV,Telephone Field,recover-20220825,002,1795
1039.2005,1039.2368,68437,81781,Rhinolophus ferrumequinum,0.021,0.021,-1,Echolocation,/mnt/ubna_data_01_mir/recover-20220825/UBNA_002/20220823_033000.WAV,Telephone Field,recover-20220825,002,1795
1039.2295,1039.2667,68437,81642,Rhinolophus ferrumequinum,0.022,0.022,-1,Echolocation,/mnt/ubna_data_01_mir/recover-20220825/UBNA_002/20220823_033000.WAV,Telephone Field,recover-20220825,002,1795
1039.2725,1039.3083,68437,81796,Rhinolophus ferrumequinum,0.023,0.023,-1,Echolocation,/mnt/ubna_data_01_mir/recover-20220825/UBNA_002/20220823_033000.WAV,Telephone Field,recover-20220825,002,1795
1039.2845,1039.3256,68437,82543,Rhinolophus ferrumequinum,0.023,0.023,-1,Echolocation,/mnt/ubna_data_01_mir/recover-20220825/UBNA_002/20220823_033000.WAV,Telephone Field,recover-20220825,002,1795
1039.3115,1039.3202,23750,32019,Plecotus austriacus,0.01,0.031,-1,Echolocation,/mnt/ubna_data_01_mir/recover-20220825/UBNA_002/20220823_033000.WAV,Telephone Field,recover-20220825,002,1795
1039.3205,1039.3603,68437,81828,Rhinolophus ferrumequinum,0.02,0.021,-1,Echolocation,/mnt/ubna_data_01_mir/recover-20220825/UBNA_002/20220823_033000.WAV,Telephone Field,recover-20220825,002,1795
1039.3625,1039.4007,68437,81433,Rhinolophus ferrumequinum,0.027,0.027,-1,Echolocation,/mnt/ubna_data_01_mir/recover-20220825/UBNA_002/20220823_033000.WAV,Telephone Field,recover-20220825,002,1795
1039.4045,1039.4115,27187,38852,Eptesicus serotinus,0.006,0.021,-1,Echolocation,/mnt/ubna_data_01_mir/recover-20220825/UBNA_002/20220823_033000.WAV,Telephone Field,recover-20220825,002,1795
1039.4295,1039.4677,68437,81992,Rhinolophus ferrumequinum,0.021,0.021,-1,Echolocation,/mnt/ubna_data_01_mir/recover-20220825/UBNA_002/20220823_033000.WAV,Telephone Field,recover-20220825,002,1795
1039.4535,1039.4918,68437,82310,Rhinolophus ferrumequinum,0.021,0.021,-1,Echolocation,/mnt/ubna_data_01_mir/recover-20220825/UBNA_002/20220823_033000.WAV,Telephone Field,recover-20220825,002,1795
1039.4605,1039.4677,26328,34524,Eptesicus serotinus,0.006,0.02,-1,Echolocation,/mnt/ubna_data_01_mir/recover-20220825/UBNA_002/20220823_033000.WAV,Telephone Field,recover-20220825,002,1795
1039.4735,1039.5186,68437,83538,Rhinolophus ferrumequinum,0.032,0.032,-1,Echolocation,/mnt/ubna_data_01_mir/recover-20220825/UBNA_002/20220823_033000.WAV,Telephone Field,recover-20220825,002,1795
1039.4825,1039.5014,19453,22810,Nyctalus leisleri,0.022,0.048,-1,Echolocation,/mnt/ubna_data_01_mir/recover-20220825/UBNA_002/20220823_033000.WAV,Telephone Field,recover-20220825,002,1795
1039.5255,1039.5566,68437,80708,Rhinolophus ferrumequinum,0.021,0.021,-1,Echolocation,/mnt/ubna_data_01_mir/recover-20220825/UBNA_002/20220823_033000.WAV,Telephone Field,recover-20220825,002,1795
1039.5265,1039.5333,24609,34094,Plecotus austriacus,0.011,0.029,-1,Echolocation,/mnt/ubna_data_01_mir/recover-20220825/UBNA_002/20220823_033000.WAV,Telephone Field,recover-20220825,002,1795
1039.5655,1039.5732,28046,38624,Eptesicus serotinus,0.007,0.021,-1,Echolocation,/mnt/ubna_data_01_mir/recover-20220825/UBNA_002/20220823_033000.WAV,Telephone Field,recover-20220825,002,1795
1039.5795,1039.6158,68437,81702,Rhinolophus ferrumequinum,0.02,0.02,-1,Echolocation,/mnt/ubna_data_01_mir/recover-20220825/UBNA_002/20220823_033000.WAV,Telephone Field,recover-20220825,002,1795
1039.5945,1039.6313,68437,81345,Rhinolophus ferrumequinum,0.021,0.021,-1,Echolocation,/mnt/ubna_data_01_mir/recover-20220825/UBNA_002/20220823_033000.WAV,Telephone Field,recover-20220825,002,1795
1039.6005,1039.6416,68437,82361,Rhinolophus ferrumequinum,0.021,0.021,-1,Echolocation,/mnt/ubna_data_01_mir/recover-20220825/UBNA_002/20220823_033000.WAV,Telephone Field,recover-20220825,002,1795
1039.6015,1039.6126,56406,61134,Pipistrellus pygmaeus,0.02,0.021,-1,Echolocation,/mnt/ubna_data_01_mir/recover-20220825/UBNA_002/20220823_033000.WAV,Telephone Field,recover-20220825,002,1795
1039.6275,1039.6373,24609,31932,Eptesicus serotinus,0.008,0.02,-1,Echolocation,/mnt/ubna_data_01_mir/recover-20220825/UBNA_002/20220823_033000.WAV,Telephone Field,recover-20220825,002,1795
1039.6775,1039.7186,68437,82667,Rhinolophus ferrumequinum,0.03,0.03,-1,Echolocation,/mnt/ubna_data_01_mir/recover-20220825/UBNA_002/20220823_033000.WAV,Telephone Field,recover-20220825,002,1795
1039.6865,1039.6969,45234,53152,Pipistrellus pipistrellus,0.014,0.022,-1,Echolocation,/mnt/ubna_data_01_mir/recover-20220825/UBNA_002/20220823_033000.WAV,Telephone Field,recover-20220825,002,1795
1039.6905,1039.6989,28046,38754,Eptesicus serotinus,0.009,0.024,-1,Echolocation,/mnt/ubna_data_01_mir/recover-20220825/UBNA_002/20220823_033000.WAV,Telephone Field,recover-20220825,002,1795
1039.7005,1039.7071,28046,37153,Eptesicus serotinus,0.006,0.023,-1,Echolocation,/mnt/ubna_data_01_mir/recover-20220825/UBNA_002/20220823_033000.WAV,Telephone Field,recover-20220825,002,1795
1039.7345,1039.7743,68437,82456,Rhinolophus ferrumequinum,0.024,0.024,-1,Echolocation,/mnt/ubna_data_01_mir/recover-20220825/UBNA_002/20220823_033000.WAV,Telephone Field,recover-20220825,002,1795
1039.7425,1039.7526,26328,33451,Eptesicus serotinus,0.009,0.022,-1,Echolocation,/mnt/ubna_data_01_mir/recover-20220825/UBNA_002/20220823_033000.WAV,Telephone Field,recover-20220825,002,1795
1039.7435,1039.7846,68437,83135,Rhinolophus ferrumequinum,0.021,0.021,-1,Echolocation,/mnt/ubna_data_01_mir/recover-20220825/UBNA_002/20220823_033000.WAV,Telephone Field,recover-20220825,002,1795
1039.7485,1039.788,68437,82602,Rhinolophus ferrumequinum,0.02,0.02,-1,Echolocation,/mnt/ubna_data_01_mir/recover-20220825/UBNA_002/20220823_033000.WAV,Telephone Field,recover-20220825,002,1795
1039.8345,1039.872,68437,80969,Rhinolophus ferrumequinum,0.021,0.021,-1,Echolocation,/mnt/ubna_data_01_mir/recover-20220825/UBNA_002/20220823_033000.WAV,Telephone Field,recover-20220825,002,1795
1039.8475,1039.8862,68437,82190,Rhinolophus ferrumequinum,0.021,0.021,-1,Echolocation,/mnt/ubna_data_01_mir/recover-20220825/UBNA_002/20220823_033000.WAV,Telephone Field,recover-20220825,002,1795
1039.8585,1039.8654,37500,44591,Myotis daubentonii,0.009,0.023,-1,Echolocation,/mnt/ubna_data_01_mir/recover-20220825/UBNA_002/20220823_033000.WAV,Telephone Field,recover-20220825,002,1795
1039.8605,1039.8674,27187,44038,Eptesicus serotinus,0.006,0.021,-1,Echolocation,/mnt/ubna_data_01_mir/recover-20220825/UBNA_002/20220823_033000.WAV,Telephone Field,recover-20220825,002,1795
1039.8695,1039.907,68437,81534,Rhinolophus ferrumequinum,0.021,0.021,-1,Echolocation,/mnt/ubna_data_01_mir/recover-20220825/UBNA_002/20220823_033000.WAV,Telephone Field,recover-20220825,002,1795
1039.9165,1039.9567,68437,82169,Rhinolophus ferrumequinum,0.02,0.02,-1,Echolocation,/mnt/ubna_data_01_mir/recover-20220825/UBNA_002/20220823_033000.WAV,Telephone Field,recover-20220825,002,1795
1039.9385,1039.9716,68437,80639,Rhinolophus ferrumequinum,0.024,0.024,-1,Echolocation,/mnt/ubna_data_01_mir/recover-20220825/UBNA_002/20220823_033000.WAV,Telephone Field,recover-20220825,002,1795
1039.9415,1039.9485,26328,37911,Eptesicus serotinus,0.005,0.02,-1,Echolocation,/mnt/ubna_data_01_mir/recover-20220825/UBNA_002/20220823_033000.WAV,Telephone Field,recover-20220825,002,1795
1039.9555,1039.9954,68437,82351,Rhinolophus ferrumequinum,0.024,0.024,-1,Echolocation,/mnt/ubna_data_01_mir/recover-20220825/UBNA_002/20220823_033000.WAV,Telephone Field,recover-20220825,002,1795
1040.0015,1040.0164,16875,22208,Nyctalus noctula,0.018,0.036,-1,Echolocation,/mnt/ubna_data_01_mir/recover-20220825/UBNA_002/20220823_033000.WAV,Telephone Field,recover-20220825,002,1795
1040.0015,1040.01,39218,47243,Myotis brandtii,0.007,0.024,-1,Echolocation,/mnt/ubna_data_01_mir/recover-20220825/UBNA_002/20220823_033000.WAV,Telephone Field,recover-20220825,002,1795
1040.0015,1040.0352,68437,81508,Rhinolophus ferrumequinum,0.039,0.039,-1,Echolocation,/mnt/ubna_data_01_mir/recover-20220825/UBNA_002/20220823_033000.WAV,Telephone Field,recover-20220825,002,1795
1040.0015,1040.0102,28046,38109,Eptesicus serotinus,0.009,0.03,-1,Echolocation,/mnt/ubna_data_01_mir/recover-20220825/UBNA_002/20220823_033000.WAV,Telephone Field,recover-20220825,002,1795
1040.0225,1040.0316,40937,45484,Pipistrellus nathusii,0.009,0.022,-1,Echolocation,/mnt/ubna_data_01_mir/recover-20220825/UBNA_002/20220823_033000.WAV,Telephone Field,recover-20220825,002,1795
1040.0345,1040.0753,68437,82635,Rhinolophus ferrumequinum,0.025,0.025,-1,Echolocation,/mnt/ubna_data_01_mir/recover-20220825/UBNA_002/20220823_033000.WAV,Telephone Field,recover-20220825,002,1795
1040.0435,1040.0862,68437,83133,Rhinolophus ferrumequinum,0.031,0.031,-1,Echolocation,/mnt/ubna_data_01_mir/recover-20220825/UBNA_002/20220823_033000.WAV,Telephone Field,recover-20220825,002,1795
1040.0805,1040.0864,28906,43545,Myotis daubentonii,0.019,0.037,-1,Echolocation,/mnt/ubna_data_01_mir/recover-20220825/UBNA_002/20220823_033000.WAV,Telephone Field,recover-20220825,002,1795
1040.0905,1040.0987,41796,46650,Pipistrellus nathusii,0.042,0.056,-1,Echolocation,/mnt/ubna_data_01_mir/recover-20220825/UBNA_002/20220823_033000.WAV,Telephone Field,recover-20220825,002,1795
1040.1585,1040.1642,31484,47520,Myotis daubentonii,0.028,0.043,-1,Echolocation,/mnt/ubna_data_01_mir/recover-20220825/UBNA_002/20220823_033000.WAV,Telephone Field,recover-20220825,002,1795
1040.1835,1040.1906,27187,38332,Eptesicus serotinus,0.007,0.023,-1,Echolocation,/mnt/ubna_data_01_mir/recover-20220825/UBNA_002/20220823_033000.WAV,Telephone Field,recover-20220825,002,1795
1040.1995,1040.2379,68437,81608,Rhinolophus ferrumequinum,0.024,0.024,-1,Echolocation,/mnt/ubna_data_01_mir/recover-20220825/UBNA_002/20220823_033000.WAV,Telephone Field,recover-20220825,002,1795
1040.2535,1040.2924,68437,82483,Rhinolophus ferrumequinum,0.029,0.029,-1,Echolocation,/mnt/ubna_data_01_mir/recover-20220825/UBNA_002/20220823_033000.WAV,Telephone Field,recover-20220825,002,1795
1040.2825,1040.29,36640,43869,Barbastellus barbastellus,0.009,0.027,-1,Echolocation,/mnt/ubna_data_01_mir/recover-20220825/UBNA_002/20220823_033000.WAV,Telephone Field,recover-20220825,002,1795
1040.3545,1040.3661,23750,28872,Nyctalus leisleri,0.01,0.022,-1,Echolocation,/mnt/ubna_data_01_mir/recover-20220825/UBNA_002/20220823_033000.WAV,Telephone Field,recover-20220825,002,1795
1040.3765,1040.3845,27187,37970,Eptesicus serotinus,0.008,0.024,-1,Echolocation,/mnt/ubna_data_01_mir/recover-20220825/UBNA_002/20220823_033000.WAV,Telephone Field,recover-20220825,002,1795
1040.3905,1040.4013,28046,35221,Eptesicus serotinus,0.013,0.029,-1,Echolocation,/mnt/ubna_data_01_mir/recover-20220825/UBNA_002/20220823_033000.WAV,Telephone Field,recover-20220825,002,1795
1040.4355,1040.4714,68437,81489,Rhinolophus ferrumequinum,0.023,0.024,-1,Echolocation,/mnt/ubna_data_01_mir/recover-20220825/UBNA_002/20220823_033000.WAV,Telephone Field,recover-20220825,002,1795
1040.4485,1040.4558,27187,38141,Eptesicus serotinus,0.011,0.035,-1,Echolocation,/mnt/ubna_data_01_mir/recover-20220825/UBNA_002/20220823_033000.WAV,Telephone Field,recover-20220825,002,1795
1040.4745,1040.5116,68437,81788,Rhinolophus ferrumequinum,0.022,0.022,-1,Echolocation,/mnt/ubna_data_01_mir/recover-20220825/UBNA_002/20220823_033000.WAV,Telephone Field,recover-20220825,002,1795
1040.4795,1040.5151,68437,81433,Rhinolophus ferrumequinum,0.022,0.022,-1,Echolocation,/mnt/ubna_data_01_mir/recover-20220825/UBNA_002/20220823_033000.WAV,Telephone Field,recover-20220825,002,1795
1040.4855,1040.4947,37500,43990,Pipistrellus nathusii,0.018,0.045,-1,Echolocation,/mnt/ubna_data_01_mir/recover-20220825/UBNA_002/20220823_033000.WAV,Telephone Field,recover-20220825,002,1795
1040.5785,1040.5887,39218,44353,Pipistrellus nathusii,0.097,0.116,-1,Echolocation,/mnt/ubna_data_01_mir/recover-20220825/UBNA_002/20220823_033000.WAV,Telephone Field,recover-20220825,002,1795
1040.5875,1040.5957,26328,35094,Eptesicus serotinus,0.007,0.023,-1,Echolocation,/mnt/ubna_data_01_mir/recover-20220825/UBNA_002/20220823_033000.WAV,Telephone Field,recover-20220825,002,1795
1040.6715,1040.6786,38359,50469,Myotis daubentonii,0.014,0.031,-1,Echolocation,/mnt/ubna_data_01_mir/recover-20220825/UBNA_002/20220823_033000.WAV,Telephone Field,recover-20220825,002,1795
1040.6735,1040.7144,68437,82225,Rhinolophus ferrumequinum,0.025,0.025,-1,Echolocation,/mnt/ubna_data_01_mir/recover-20220825/UBNA_002/20220823_033000.WAV,Telephone Field,recover-20220825,002,1795
1040.7725,1040.7821,22890,29250,Nyctalus leisleri,0.008,0.023,-1,Echolocation,/mnt/ubna_data_01_mir/recover-20220825/UBNA_002/20220823_033000.WAV,Telephone Field,recover-20220825,002,1795
1040.7835,1040.8255,68437,82550,Rhinolophus ferrumequinum,0.022,0.022,-1,Echolocation,/mnt/ubna_data_01_mir/recover-20220825/UBNA_002/20220823_033000.WAV,Telephone Field,recover-20220825,002,1795
1040.8075,1040.8155,27187,37570,Eptesicus serotinus,0.007,0.022,-1,Echolocation,/mnt/ubna_data_01_mir/recover-20220825/UBNA_002/20220823_033000.WAV,Telephone Field,recover-20220825,002,1795
1040.8385,1040.8467,37500,45100,Pipistrellus nathusii,0.011,0.025,-1,Echolocation,/mnt/ubna_data_01_mir/recover-20220825/UBNA_002/20220823_033000.WAV,Telephone Field,recover-20220825,002,1795
1040.8835,1040.8949,30625,37741,Eptesicus serotinus,0.008,0.029,-1,Echolocation,/mnt/ubna_data_01_mir/recover-20220825/UBNA_002/20220823_033000.WAV,Telephone Field,recover-20220825,002,1795
1040.8975,1040.9064,27187,36802,Eptesicus serotinus,0.009,0.024,-1,Echolocation,/mnt/ubna_data_01_mir/recover-20220825/UBNA_002/20220823_033000.WAV,Telephone Field,recover-20220825,002,1795
1040.9105,1040.946,68437,82126,Rhinolophus ferrumequinum,0.023,0.023,-1,Echolocation,/mnt/ubna_data_01_mir/recover-20220825/UBNA_002/20220823_033000.WAV,Telephone Field,recover-20220825,002,1795
1040.9185,1040.9277,24609,33314,Eptesicus serotinus,0.007,0.028,-1,Echolocation,/mnt/ubna_data_01_mir/recover-20220825/UBNA_002/20220823_033000.WAV,Telephone Field,recover-20220825,002,1795
1040.9195,1040.9277,39218,47569,Pipistrellus nathusii,0.048,0.084,-1,Echolocation,/mnt/ubna_data_01_mir/recover-20220825/UBNA_002/20220823_033000.WAV,Telephone Field,recover-20220825,002,1795
1040.9635,1040.9727,28046,38305,Eptesicus serotinus,0.008,0.022,-1,Echolocation,/mnt/ubna_data_01_mir/recover-20220825/UBNA_002/20220823_033000.WAV,Telephone Field,recover-20220825,002,1795
1040.9785,1040.9884,27187,35318,Eptesicus serotinus,0.012,0.028,-1,Echolocation,/mnt/ubna_data_01_mir/recover-20220825/UBNA_002/20220823_033000.WAV,Telephone Field,recover-20220825,002,1795
1040.9855,1040.9955,28046,35213,Eptesicus serotinus,0.01,0.026,-1,Echolocation,/mnt/ubna_data_01_mir/recover-20220825/UBNA_002/20220823_033000.WAV,Telephone Field,recover-20220825,002,1795
1040.9895,1040.9965,49531,57361,Pipistrellus pipistrellus,0.023,0.028,-1,Echolocation,/mnt/ubna_data_01_mir/recover-20220825/UBNA_002/20220823_033000.WAV,Telephone Field,recover-20220825,002,1795
1041.0035,1041.0113,27187,36549,Eptesicus serotinus,0.008,0.025,-1,Echolocation,/mnt/ubna_data_01_mir/recover-20220825/UBNA_002/20220823_033000.WAV,Telephone Field,recover-20220825,002,1795
1041.0135,1041.0242,40937,46977,Pipistrellus nathusii,0.018,0.031,-1,Echolocation,/mnt/ubna_data_01_mir/recover-20220825/UBNA_002/20220823_033000.WAV,Telephone Field,recover-20220825,002,1795
1041.0475,1041.058,44375,50932,Pipistrellus pipistrellus,0.018,0.031,-1,Echolocation,/mnt/ubna_data_01_mir/recover-20220825/UBNA_002/20220823_033000.WAV,Telephone Field,recover-20220825,002,1795
1041.0555,1041.0625,26328,37125,Eptesicus serotinus,0.006,0.022,-1,Echolocation,/mnt/ubna_data_01_mir/recover-20220825/UBNA_002/20220823_033000.WAV,Telephone Field,recover-20220825,002,1795
1041.1085,1041.1201,43515,46384,Pipistrellus pipistrellus,0.021,0.028,-1,Echolocation,/mnt/ubna_data_01_mir/recover-20220825/UBNA_002/20220823_033000.WAV,Telephone Field,recover-20220825,002,1795
1041.1195,1041.1271,27187,38385,Eptesicus serotinus,0.008,0.022,-1,Echolocation,/mnt/ubna_data_01_mir/recover-20220825/UBNA_002/20220823_033000.WAV,Telephone Field,recover-20220825,002,1795
1041.1845,1041.1969,23750,29019,Nyctalus leisleri,0.011,0.025,-1,Echolocation,/mnt/ubna_data_01_mir/recover-20220825/UBNA_002/20220823_033000.WAV,Telephone Field,recover-20220825,002,1795
1041.2065,1041.2471,68437,83287,Rhinolophus ferrumequinum,0.023,0.023,-1,Echolocation,/mnt/ubna_data_01_mir/recover-20220825/UBNA_002/20220823_033000.WAV,Telephone Field,recover-20220825,002,1795
1041.2235,1041.2311,28046,36952,Eptesicus serotinus,0.008,0.025,-1,Echolocation,/mnt/ubna_data_01_mir/recover-20220825/UBNA_002/20220823_033000.WAV,Telephone Field,recover-20220825,002,1795
1041.2305,1041.2392,42656,47637,Pipistrellus nathusii,0.013,0.027,-1,Echolocation,/mnt/ubna_data_01_mir/recover-20220825/UBNA_002/20220823_033000.WAV,Telephone Field,recover-20220825,002,1795
1041.2335,1041.27,68437,81559,Rhinolophus ferrumequinum,0.023,0.023,-1,Echolocation,/mnt/ubna_data_01_mir/recover-20220825/UBNA_002/20220823_033000.WAV,Telephone Field,recover-20220825,002,1795
1041.2585,1041.2967,68437,81944,Rhinolophus ferrumequinum,0.022,0.022,-1,Echolocation,/mnt/ubna_data_01_mir/recover-20220825/UBNA_002/20220823_033000.WAV,Telephone Field,recover-20220825,002,1795
1041.2635,1041.272,27187,37343,Eptesicus serotinus,0.009,0.023,-1,Echolocation,/mnt/ubna_data_01_mir/recover-20220825/UBNA_002/20220823_033000.WAV,Telephone Field,recover-20220825,002,1795
1041.2825,1041.292,40937,47457,Pipistrellus nathusii,0.011,0.024,-1,Echolocation,/mnt/ubna_data_01_mir/recover-20220825/UBNA_002/20220823_033000.WAV,Telephone Field,recover-20220825,002,1795
1041.2965,1041.307,27187,35350,Eptesicus serotinus,0.012,0.028,-1,Echolocation,/mnt/ubna_data_01_mir/recover-20220825/UBNA_002/20220823_033000.WAV,Telephone Field,recover-20220825,002,1795
1041.3075,1041.3168,28046,35602,Eptesicus serotinus,0.01,0.025,-1,Echolocation,/mnt/ubna_data_01_mir/recover-20220825/UBNA_002/20220823_033000.WAV,Telephone Field,recover-20220825,002,1795
1041.3365,1041.3427,39218,55194,Myotis brandtii,0.01,0.023,-1,Echolocation,/mnt/ubna_data_01_mir/recover-20220825/UBNA_002/20220823_033000.WAV,Telephone Field,recover-20220825,002,1795
1041.3365,1041.344,26328,36858,Eptesicus serotinus,0.007,0.024,-1,Echolocation,/mnt/ubna_data_01_mir/recover-20220825/UBNA_002/20220823_033000.WAV,Telephone Field,recover-20220825,002,1795
1041.3765,1041.384,39218,46178,Pipistrellus nathusii,0.371,0.471,-1,Echolocation,/mnt/ubna_data_01_mir/recover-20220825/UBNA_002/20220823_033000.WAV,Telephone Field,recover-20220825,002,1795
1041.4365,1041.4437,48671,55136,Pipistrellus pipistrellus,0.02,0.022,-1,Echolocation,/mnt/ubna_data_01_mir/recover-20220825/UBNA_002/20220823_033000.WAV,Telephone Field,recover-20220825,002,1795
1041.4525,1041.4635,24609,29926,Nyctalus leisleri,0.016,0.039,-1,Echolocation,/mnt/ubna_data_01_mir/recover-20220825/UBNA_002/20220823_033000.WAV,Telephone Field,recover-20220825,002,1795
1041.4625,1041.4689,41796,51744,Pipistrellus nathusii,0.286,0.395,-1,Echolocation,/mnt/ubna_data_01_mir/recover-20220825/UBNA_002/20220823_033000.WAV,Telephone Field,recover-20220825,002,1795
1041.4845,1041.5202,68437,81611,Rhinolophus ferrumequinum,0.025,0.025,-1,Echolocation,/mnt/ubna_data_01_mir/recover-20220825/UBNA_002/20220823_033000.WAV,Telephone Field,recover-20220825,002,1795
1041.4855,1041.4945,28046,37049,Eptesicus serotinus,0.011,0.025,-1,Echolocation,/mnt/ubna_data_01_mir/recover-20220825/UBNA_002/20220823_033000.WAV,Telephone Field,recover-20220825,002,1795
1041.5235,1041.531,34062,41845,Barbastellus barbastellus,0.012,0.032,-1,Echolocation,/mnt/ubna_data_01_mir/recover-20220825/UBNA_002/20220823_033000.WAV,Telephone Field,recover-20220825,002,1795
1041.5245,1041.5309,26328,39615,Eptesicus serotinus,0.007,0.031,-1,Echolocation,/mnt/ubna_data_01_mir/recover-20220825/UBNA_002/20220823_033000.WAV,Telephone Field,recover-20220825,002,1795
1041.5285,1041.5345,33203,44954,Myotis daubentonii,0.017,0.031,-1,Echolocation,/mnt/ubna_data_01_mir/recover-20220825/UBNA_002/20220823_033000.WAV,Telephone Field,recover-20220825,002,1795
1041.5415,1041.5516,26328,33024,Eptesicus serotinus,0.173,0.266,-1,Echolocation,/mnt/ubna_data_01_mir/recover-20220825/UBNA_002/20220823_033000.WAV,Telephone Field,recover-20220825,002,1795
1041.5555,1041.591,68437,81648,Rhinolophus ferrumequinum,0.022,0.022,-1,Echolocation,/mnt/ubna_data_01_mir/recover-20220825/UBNA_002/20220823_033000.WAV,Telephone Field,recover-20220825,002,1795
1041.5615,1041.5689,39218,46514,Pipistrellus nathusii,0.39,0.553,-1,Echolocation,/mnt/ubna_data_01_mir/recover-20220825/UBNA_002/20220823_033000.WAV,Telephone Field,recover-20220825,002,1795
1041.5755,1041.5864,25468,30419,Nyctalus leisleri,0.01,0.023,-1,Echolocation,/mnt/ubna_data_01_mir/recover-20220825/UBNA_002/20220823_033000.WAV,Telephone Field,recover-20220825,002,1795
1041.5945,1041.6021,27187,37814,Eptesicus serotinus,0.007,0.022,-1,Echolocation,/mnt/ubna_data_01_mir/recover-20220825/UBNA_002/20220823_033000.WAV,Telephone Field,recover-20220825,002,1795
1041.5955,1041.6362,68437,82517,Rhinolophus ferrumequinum,0.025,0.025,-1,Echolocation,/mnt/ubna_data_01_mir/recover-20220825/UBNA_002/20220823_033000.WAV,Telephone Field,recover-20220825,002,1795
1041.6485,1041.6904,68437,82772,Rhinolophus ferrumequinum,0.024,0.024,-1,Echolocation,/mnt/ubna_data_01_mir/recover-20220825/UBNA_002/20220823_033000.WAV,Telephone Field,recover-20220825,002,1795
1041.6515,1041.6582,39218,51284,Pipistrellus nathusii,0.344,0.487,-1,Echolocation,/mnt/ubna_data_01_mir/recover-20220825/UBNA_002/20220823_033000.WAV,Telephone Field,recover-20220825,002,1795
1041.6785,1041.6916,26328,32528,Eptesicus serotinus,0.023,0.043,-1,Echolocation,/mnt/ubna_data_01_mir/recover-20220825/UBNA_002/20220823_033000.WAV,Telephone Field,recover-20220825,002,1795
1041.7255,1041.7321,40078,47944,Pipistrellus nathusii,0.293,0.424,-1,Echolocation,/mnt/ubna_data_01_mir/recover-20220825/UBNA_002/20220823_033000.WAV,Telephone Field,recover-20220825,002,1795
1041.7275,1041.7339,28046,41918,Myotis daubentonii,0.016,0.042,-1,Echolocation,/mnt/ubna_data_01_mir/recover-20220825/UBNA_002/20220823_033000.WAV,Telephone Field,recover-20220825,002,1795
1041.7375,1041.7767,68437,82140,Rhinolophus ferrumequinum,0.026,0.026,-1,Echolocation,/mnt/ubna_data_01_mir/recover-20220825/UBNA_002/20220823_033000.WAV,Telephone Field,recover-20220825,002,1795
1041.7395,1041.7539,15156,20597,Nyctalus noctula,0.023,0.035,-1,Echolocation,/mnt/ubna_data_01_mir/recover-20220825/UBNA_002/20220823_033000.WAV,Telephone Field,recover-20220825,002,1795
1041.7485,1041.7565,27187,36806,Eptesicus serotinus,0.009,0.025,-1,Echolocation,/mnt/ubna_data_01_mir/recover-20220825/UBNA_002/20220823_033000.WAV,Telephone Field,recover-20220825,002,1795
1041.7605,1041.7666,31484,48477,Myotis daubentonii,0.017,0.028,-1,Echolocation,/mnt/ubna_data_01_mir/recover-20220825/UBNA_002/20220823_033000.WAV,Telephone Field,recover-20220825,002,1795
1041.7615,1041.7686,41796,48978,Pipistrellus nathusii,0.007,0.023,-1,Echolocation,/mnt/ubna_data_01_mir/recover-20220825/UBNA_002/20220823_033000.WAV,Telephone Field,recover-20220825,002,1795
1041.7875,1041.8258,68437,81375,Rhinolophus ferrumequinum,0.022,0.022,-1,Echolocation,/mnt/ubna_data_01_mir/recover-20220825/UBNA_002/20220823_033000.WAV,Telephone Field,recover-20220825,002,1795
1041.7955,1041.8024,39218,51569,Pipistrellus nathusii,0.253,0.451,-1,Echolocation,/mnt/ubna_data_01_mir/recover-20220825/UBNA_002/20220823_033000.WAV,Telephone Field,recover-20220825,002,1795
1041.8285,1041.8388,25468,32730,Eptesicus serotinus,0.236,0.39,-1,Echolocation,/mnt/ubna_data_01_mir/recover-20220825/UBNA_002/20220823_033000.WAV,Telephone Field,recover-20220825,002,1795
1041.8685,1041.8856,20312,24821,Nyctalus noctula,0.011,0.024,-1,Echolocation,/mnt/ubna_data_01_mir/recover-20220825/UBNA_002/20220823_033000.WAV,Telephone Field,recover-20220825,002,1795
1041.8725,1041.8786,41796,50111,Pipistrellus nathusii,0.415,0.442,-1,Echolocation,/mnt/ubna_data_01_mir/recover-20220825/UBNA_002/20220823_033000.WAV,Telephone Field,recover-20220825,002,1795
1041.9355,1041.9464,26328,34057,Eptesicus serotinus,0.024,0.042,-1,Echolocation,/mnt/ubna_data_01_mir/recover-20220825/UBNA_002/20220823_033000.WAV,Telephone Field,recover-20220825,002,1795
1041.9445,1041.9517,27187,36368,Eptesicus serotinus,0.008,0.032,-1,Echolocation,/mnt/ubna_data_01_mir/recover-20220825/UBNA_002/20220823_033000.WAV,Telephone Field,recover-20220825,002,1795
1041.9625,1041.9696,40078,50242,Pipistrellus nathusii,0.045,0.122,-1,Echolocation,/mnt/ubna_data_01_mir/recover-20220825/UBNA_002/20220823_033000.WAV,Telephone Field,recover-20220825,002,1795
1041.9855,1041.9947,25468,34862,Eptesicus serotinus,0.009,0.024,-1,Echolocation,/mnt/ubna_data_01_mir/recover-20220825/UBNA_002/20220823_033000.WAV,Telephone Field,recover-20220825,002,1795
1042.0015,1042.0333,68437,80126,Rhinolophus ferrumequinum,0.025,0.025,-1,Echolocation,/mnt/ubna_data_01_mir/recover-20220825/UBNA_002/20220823_033000.WAV,Telephone Field,recover-20220825,002,1795
1042.0015,1042.0084,48671,59398,Pipistrellus pipistrellus,0.019,0.031,-1,Echolocation,/mnt/ubna_data_01_mir/recover-20220825/UBNA_002/20220823_033000.WAV,Telephone Field,recover-20220825,002,1795
1042.0015,1042.0175,21171,26412,Nyctalus leisleri,0.026,0.056,-1,Echolocation,/mnt/ubna_data_01_mir/recover-20220825/UBNA_002/20220823_033000.WAV,Telephone Field,recover-20220825,002,1795
1042.0095,1042.016,31484,47585,Myotis daubentonii,0.009,0.024,-1,Echolocation,/mnt/ubna_data_01_mir/recover-20220825/UBNA_002/20220823_033000.WAV,Telephone Field,recover-20220825,002,1795
1042.0115,1042.0183,27187,43870,Eptesicus serotinus,0.008,0.025,-1,Echolocation,/mnt/ubna_data_01_mir/recover-20220825/UBNA_002/20220823_033000.WAV,Telephone Field,recover-20220825,002,1795
1042.0405,1042.0825,68437,82748,Rhinolophus ferrumequinum,0.025,0.025,-1,Echolocation,/mnt/ubna_data_01_mir/recover-20220825/UBNA_002/20220823_033000.WAV,Telephone Field,recover-20220825,002,1795
1042.0525,1042.0634,28046,34851,Eptesicus serotinus,0.016,0.032,-1,Echolocation,/mnt/ubna_data_01_mir/recover-20220825/UBNA_002/20220823_033000.WAV,Telephone Field,recover-20220825,002,1795
1042.0695,1042.1083,68437,81909,Rhinolophus ferrumequinum,0.024,0.024,-1,Echolocation,/mnt/ubna_data_01_mir/recover-20220825/UBNA_002/20220823_033000.WAV,Telephone Field,recover-20220825,002,1795
1042.0955,1042.1349,68437,82724,Rhinolophus ferrumequinum,0.024,0.024,-1,Echolocation,/mnt/ubna_data_01_mir/recover-20220825/UBNA_002/20220823_033000.WAV,Telephone Field,recover-20220825,002,1795
1042.0975,1042.1069,26328,33345,Eptesicus serotinus,0.039,0.084,-1,Echolocation,/mnt/ubna_data_01_mir/recover-20220825/UBNA_002/20220823_033000.WAV,Telephone Field,recover-20220825,002,1795
1042.1095,1042.1153,38359,52976,Myotis brandtii,0.009,0.025,-1,Echolocation,/mnt/ubna_data_01_mir/recover-20220825/UBNA_002/20220823_033000.WAV,Telephone Field,recover-20220825,002,1795
1042.1325,1042.1759,68437,82885,Rhinolophus ferrumequinum,0.035,0.035,-1,Echolocation,/mnt/ubna_data_01_mir/recover-20220825/UBNA_002/20220823_033000.WAV,Telephone Field,recover-20220825,002,1795
1042.1345,1042.1464,37500,42095,Pipistrellus nathusii,0.021,0.03,-1,Echolocation,/mnt/ubna_data_01_mir/recover-20220825/UBNA_002/20220823_033000.WAV,Telephone Field,recover-20220825,002,1795
1042.1505,1042.1591,27187,35814,Eptesicus serotinus,0.009,0.028,-1,Echolocation,/mnt/ubna_data_01_mir/recover-20220825/UBNA_002/20220823_033000.WAV,Telephone Field,recover-20220825,002,1795
1042.1505,1042.1614,42656,47569,Pipistrellus nathusii,0.021,0.038,-1,Echolocation,/mnt/ubna_data_01_mir/recover-20220825/UBNA_002/20220823_033000.WAV,Telephone Field,recover-20220825,002,1795
1042.1905,1042.1974,27187,39540,Eptesicus serotinus,0.007,0.028,-1,Echolocation,/mnt/ubna_data_01_mir/recover-20220825/UBNA_002/20220823_033000.WAV,Telephone Field,recover-20220825,002,1795
1042.2215,1042.259,68437,82221,Rhinolophus ferrumequinum,0.023,0.023,-1,Echolocation,/mnt/ubna_data_01_mir/recover-20220825/UBNA_002/20220823_033000.WAV,Telephone Field,recover-20220825,002,1795
1042.2745,1042.3185,68437,83599,Rhinolophus ferrumequinum,0.043,0.043,-1,Echolocation,/mnt/ubna_data_01_mir/recover-20220825/UBNA_002/20220823_033000.WAV,Telephone Field,recover-20220825,002,1795
1042.2785,1042.2904,23750,29066,Eptesicus serotinus,0.136,0.297,-1,Echolocation,/mnt/ubna_data_01_mir/recover-20220825/UBNA_002/20220823_033000.WAV,Telephone Field,recover-20220825,002,1795
1042.3105,1042.3265,21171,24498,Nyctalus leisleri,0.015,0.024,-1,Echolocation,/mnt/ubna_data_01_mir/recover-20220825/UBNA_002/20220823_033000.WAV,Telephone Field,recover-20220825,002,1795
1042.3115,1042.3199,28046,37463,Eptesicus serotinus,0.008,0.024,-1,Echolocation,/mnt/ubna_data_01_mir/recover-20220825/UBNA_002/20220823_033000.WAV,Telephone Field,recover-20220825,002,1795
1042.3795,1042.3866,27187,38143,Eptesicus serotinus,0.008,0.025,-1,Echolocation,/mnt/ubna_data_01_mir/recover-20220825/UBNA_002/20220823_033000.WAV,Telephone Field,recover-20220825,002,1795
1042.3805,1042.3912,43515,47785,Pipistrellus pipistrellus,0.015,0.027,-1,Echolocation,/mnt/ubna_data_01_mir/recover-20220825/UBNA_002/20220823_033000.WAV,Telephone Field,recover-20220825,002,1795
1042.4325,1042.441,42656,50975,Pipistrellus pipistrellus,0.007,0.025,-1,Echolocation,/mnt/ubna_data_01_mir/recover-20220825/UBNA_002/20220823_033000.WAV,Telephone Field,recover-20220825,002,1795
1042.4835,1042.5233,68437,82690,Rhinolophus ferrumequinum,0.026,0.026,-1,Echolocation,/mnt/ubna_data_01_mir/recover-20220825/UBNA_002/20220823_033000.WAV,Telephone Field,recover-20220825,002,1795
1042.4855,1042.4951,25468,33967,Eptesicus serotinus,0.011,0.026,-1,Echolocation,/mnt/ubna_data_01_mir/recover-20220825/UBNA_002/20220823_033000.WAV,Telephone Field,recover-20220825,002,1795
1042.5515,1042.5879,68437,82325,Rhinolophus ferrumequinum,0.023,0.023,-1,Echolocation,/mnt/ubna_data_01_mir/recover-20220825/UBNA_002/20220823_033000.WAV,Telephone Field,recover-20220825,002,1795
1042.5625,1042.6006,68437,81742,Rhinolophus ferrumequinum,0.024,0.024,-1,Echolocation,/mnt/ubna_data_01_mir/recover-20220825/UBNA_002/20220823_033000.WAV,Telephone Field,recover-20220825,002,1795
1042.5795,1042.59,23750,30761,Nyctalus leisleri,0.008,0.024,-1,Echolocation,/mnt/ubna_data_01_mir/recover-20220825/UBNA_002/20220823_033000.WAV,Telephone Field,recover-20220825,002,1795
1042.5925,1042.6299,68437,82056,Rhinolophus ferrumequinum,0.023,0.023,-1,Echolocation,/mnt/ubna_data_01_mir/recover-20220825/UBNA_002/20220823_033000.WAV,Telephone Field,recover-20220825,002,1795
1042.5945,1042.6051,24609,30549,Eptesicus serotinus,0.097,0.183,-1,Echolocation,/mnt/ubna_data_01_mir/recover-20220825/UBNA_002/20220823_033000.WAV,Telephone Field,recover-20220825,002,1795
1042.5945,1042.6049,52109,56963,Pipistrellus pygmaeus,0.02,0.026,-1,Echolocation,/mnt/ubna_data_01_mir/recover-20220825/UBNA_002/20220823_033000.WAV,Telephone Field,recover-20220825,002,1795
1042.6055,1042.641,68437,81379,Rhinolophus ferrumequinum,0.026,0.026,-1,Echolocation,/mnt/ubna_data_01_mir/recover-20220825/UBNA_002/20220823_033000.WAV,Telephone Field,recover-20220825,002,1795
1042.6295,1042.6686,68437,82360,Rhinolophus ferrumequinum,0.024,0.024,-1,Echolocation,/mnt/ubna_data_01_mir/recover-20220825/UBNA_002/20220823_033000.WAV,Telephone Field,recover-20220825,002,1795
1042.6555,1042.6634,27187,37511,Eptesicus serotinus,0.009,0.026,-1,Echolocation,/mnt/ubna_data_01_mir/recover-20220825/UBNA_002/20220823_033000.WAV,Telephone Field,recover-20220825,002,1795
1042.6835,1042.6894,29765,41339,Myotis daubentonii,0.015,0.042,-1,Echolocation,/mnt/ubna_data_01_mir/recover-20220825/UBNA_002/20220823_033000.WAV,Telephone Field,recover-20220825,002,1795
1042.7055,1042.7447,68437,82252,Rhinolophus ferrumequinum,0.024,0.025,-1,Echolocation,/mnt/ubna_data_01_mir/recover-20220825/UBNA_002/20220823_033000.WAV,Telephone Field,recover-20220825,002,1795
1042.7275,1042.7383,40937,45913,Pipistrellus nathusii,0.099,0.112,-1,Echolocation,/mnt/ubna_data_01_mir/recover-20220825/UBNA_002/20220823_033000.WAV,Telephone Field,recover-20220825,002,1795
1042.7305,1042.7388,27187,38422,Eptesicus serotinus,0.009,0.025,-1,Echolocation,/mnt/ubna_data_01_mir/recover-20220825/UBNA_002/20220823_033000.WAV,Telephone Field,recover-20220825,002,1795
1042.7655,1042.8051,68437,82392,Rhinolophus ferrumequinum,0.029,0.029,-1,Echolocation,/mnt/ubna_data_01_mir/recover-20220825/UBNA_002/20220823_033000.WAV,Telephone Field,recover-20220825,002,1795
1042.7845,1042.7914,40937,49828,Pipistrellus nathusii,0.166,0.274,-1,Echolocation,/mnt/ubna_data_01_mir/recover-20220825/UBNA_002/20220823_033000.WAV,Telephone Field,recover-20220825,002,1795
1042.8125,1042.8199,43515,48346,Pipistrellus nathusii,0.226,0.393,-1,Echolocation,/mnt/ubna_data_01_mir/recover-20220825/UBNA_002/20220823_033000.WAV,Telephone Field,recover-20220825,002,1795
1042.8155,1042.8213,32343,56001,Myotis brandtii,0.011,0.024,-1,Echolocation,/mnt/ubna_data_01_mir/recover-20220825/UBNA_002/20220823_033000.WAV,Telephone Field,recover-20220825,002,1795
1042.8765,1042.8856,23750,30728,Eptesicus serotinus,0.006,0.024,-1,Echolocation,/mnt/ubna_data_01_mir/recover-20220825/UBNA_002/20220823_033000.WAV,Telephone Field,recover-20220825,002,1795
1042.8785,1042.9161,68437,82575,Rhinolophus ferrumequinum,0.026,0.026,-1,Echolocation,/mnt/ubna_data_01_mir/recover-20220825/UBNA_002/20220823_033000.WAV,Telephone Field,recover-20220825,002,1795
1042.9235,1042.9302,37500,47065,Barbastellus barbastellus,0.079,0.222,-1,Echolocation,/mnt/ubna_data_01_mir/recover-20220825/UBNA_002/20220823_033000.WAV,Telephone Field,recover-20220825,002,1795
1043.0145,1043.0221,39218,46363,Pipistrellus nathusii,0.306,0.392,-1,Echolocation,/mnt/ubna_data_01_mir/recover-20220825/UBNA_002/20220823_033000.WAV,Telephone Field,recover-20220825,002,1795
1043.0685,1043.0764,37500,45598,Pipistrellus nathusii,0.013,0.051,-1,Echolocation,/mnt/ubna_data_01_mir/recover-20220825/UBNA_002/20220823_033000.WAV,Telephone Field,recover-20220825,002,1795
1043.0685,1043.0759,28046,46670,Myotis daubentonii,0.011,0.026,-1,Echolocation,/mnt/ubna_data_01_mir/recover-20220825/UBNA_002/20220823_033000.WAV,Telephone Field,recover-20220825,002,1795
1043.1025,1043.1098,27187,40047,Eptesicus serotinus,0.008,0.025,-1,Echolocation,/mnt/ubna_data_01_mir/recover-20220825/UBNA_002/20220823_033000.WAV,Telephone Field,recover-20220825,002,1795
1043.1035,1043.1122,40078,44788,Pipistrellus nathusii,0.032,0.05,-1,Echolocation,/mnt/ubna_data_01_mir/recover-20220825/UBNA_002/20220823_033000.WAV,Telephone Field,recover-20220825,002,1795
1043.1635,1043.1742,42656,46439,Pipistrellus nathusii,0.07,0.097,-1,Echolocation,/mnt/ubna_data_01_mir/recover-20220825/UBNA_002/20220823_033000.WAV,Telephone Field,recover-20220825,002,1795
1043.1645,1043.2004,68437,81432,Rhinolophus ferrumequinum,0.024,0.024,-1,Echolocation,/mnt/ubna_data_01_mir/recover-20220825/UBNA_002/20220823_033000.WAV,Telephone Field,recover-20220825,002,1795
1043.1885,1043.2256,68437,82687,Rhinolophus ferrumequinum,0.03,0.03,-1,Echolocation,/mnt/ubna_data_01_mir/recover-20220825/UBNA_002/20220823_033000.WAV,Telephone Field,recover-20220825,002,1795
1043.1985,1043.2184,21171,25658,Nyctalus noctula,0.062,0.111,-1,Echolocation,/mnt/ubna_data_01_mir/recover-20220825/UBNA_002/20220823_033000.WAV,Telephone Field,recover-20220825,002,1795
1043.2535,1043.2907,68437,82105,Rhinolophus ferrumequinum,0.023,0.023,-1,Echolocation,/mnt/ubna_data_01_mir/recover-20220825/UBNA_002/20220823_033000.WAV,Telephone Field,recover-20220825,002,1795
1043.2675,1043.2806,44375,48319,Pipistrellus pipistrellus,0.026,0.037,-1,Echolocation,/mnt/ubna_data_01_mir/recover-20220825/UBNA_002/20220823_033000.WAV,Telephone Field,recover-20220825,002,1795
1043.2845,1043.3224,68437,82286,Rhinolophus ferrumequinum,0.026,0.026,-1,Echolocation,/mnt/ubna_data_01_mir/recover-20220825/UBNA_002/20220823_033000.WAV,Telephone Field,recover-20220825,002,1795
1043.2965,1043.3038999999999,38359,46108,Pipistrellus nathusii,0.495,0.627,-1,Echolocation,/mnt/ubna_data_01_mir/recover-20220825/UBNA_002/20220823_033000.WAV,Telephone Field,recover-20220825,002,1795
1043.3295,1043.3712,68437,83063,Rhinolophus ferrumequinum,0.027,0.027,-1,Echolocation,/mnt/ubna_data_01_mir/recover-20220825/UBNA_002/20220823_033000.WAV,Telephone Field,recover-20220825,002,1795
1043.3505,1043.3909,68437,82406,Rhinolophus ferrumequinum,0.025,0.025,-1,Echolocation,/mnt/ubna_data_01_mir/recover-20220825/UBNA_002/20220823_033000.WAV,Telephone Field,recover-20220825,002,1795
1043.3555,1043.3619,49531,54917,Pipistrellus pipistrellus,0.031,0.036,-1,Echolocation,/mnt/ubna_data_01_mir/recover-20220825/UBNA_002/20220823_033000.WAV,Telephone Field,recover-20220825,002,1795
1043.3835,1043.3908,46953,50743,Pipistrellus pipistrellus,0.022,0.024,-1,Echolocation,/mnt/ubna_data_01_mir/recover-20220825/UBNA_002/20220823_033000.WAV,Telephone Field,recover-20220825,002,1795
1043.4015,1043.4401,68437,82422,Rhinolophus ferrumequinum,0.024,0.024,-1,Echolocation,/mnt/ubna_data_01_mir/recover-20220825/UBNA_002/20220823_033000.WAV,Telephone Field,recover-20220825,002,1795
1043.4205,1043.4617,68437,81873,Rhinolophus ferrumequinum,0.025,0.025,-1,Echolocation,/mnt/ubna_data_01_mir/recover-20220825/UBNA_002/20220823_033000.WAV,Telephone Field,recover-20220825,002,1795
1043.4505,1043.4575,27187,39482,Eptesicus serotinus,0.006,0.023,-1,Echolocation,/mnt/ubna_data_01_mir/recover-20220825/UBNA_002/20220823_033000.WAV,Telephone Field,recover-20220825,002,1795
1043.4665,1043.4728,39218,53812,Myotis brandtii,0.009,0.028,-1,Echolocation,/mnt/ubna_data_01_mir/recover-20220825/UBNA_002/20220823_033000.WAV,Telephone Field,recover-20220825,002,1795
1043.4905,1043.5328,68437,82925,Rhinolophus ferrumequinum,0.032,0.032,-1,Echolocation,/mnt/ubna_data_01_mir/recover-20220825/UBNA_002/20220823_033000.WAV,Telephone Field,recover-20220825,002,1795
1043.5005,1043.5089,38359,44493,Pipistrellus nathusii,0.075,0.138,-1,Echolocation,/mnt/ubna_data_01_mir/recover-20220825/UBNA_002/20220823_033000.WAV,Telephone Field,recover-20220825,002,1795
1043.5275,1043.5357,46093,53629,Pipistrellus pipistrellus,0.018,0.026,-1,Echolocation,/mnt/ubna_data_01_mir/recover-20220825/UBNA_002/20220823_033000.WAV,Telephone Field,recover-20220825,002,1795
1043.5305,1043.537,39218,56826,Myotis brandtii,0.009,0.023,-1,Echolocation,/mnt/ubna_data_01_mir/recover-20220825/UBNA_002/20220823_033000.WAV,Telephone Field,recover-20220825,002,1795
1043.5455,1043.5838,68437,82624,Rhinolophus ferrumequinum,0.023,0.023,-1,Echolocation,/mnt/ubna_data_01_mir/recover-20220825/UBNA_002/20220823_033000.WAV,Telephone Field,recover-20220825,002,1795
1043.5805,1043.5895,23750,32304,Plecotus austriacus,0.007,0.026,-1,Echolocation,/mnt/ubna_data_01_mir/recover-20220825/UBNA_002/20220823_033000.WAV,Telephone Field,recover-20220825,002,1795
1043.6445,1043.6813,68437,81065,Rhinolophus ferrumequinum,0.024,0.024,-1,Echolocation,/mnt/ubna_data_01_mir/recover-20220825/UBNA_002/20220823_033000.WAV,Telephone Field,recover-20220825,002,1795
1043.6665,1043.6744,40937,49583,Pipistrellus nathusii,0.433,0.541,-1,Echolocation,/mnt/ubna_data_01_mir/recover-20220825/UBNA_002/20220823_033000.WAV,Telephone Field,recover-20220825,002,1795
1043.6755,1043.7157,68437,82568,Rhinolophus ferrumequinum,0.026,0.026,-1,Echolocation,/mnt/ubna_data_01_mir/recover-20220825/UBNA_002/20220823_033000.WAV,Telephone Field,recover-20220825,002,1795
1043.6835,1043.7248,68437,82593,Rhinolophus ferrumequinum,0.025,0.025,-1,Echolocation,/mnt/ubna_data_01_mir/recover-20220825/UBNA_002/20220823_033000.WAV,Telephone Field,recover-20220825,002,1795
1043.7045,1043.7122,28046,36962,Eptesicus serotinus,0.008,0.024,-1,Echolocation,/mnt/ubna_data_01_mir/recover-20220825/UBNA_002/20220823_033000.WAV,Telephone Field,recover-20220825,002,1795
1043.7255,1043.7651,68437,82130,Rhinolophus ferrumequinum,0.023,0.023,-1,Echolocation,/mnt/ubna_data_01_mir/recover-20220825/UBNA_002/20220823_033000.WAV,Telephone Field,recover-20220825,002,1795
1043.7685,1043.808,68437,81868,Rhinolophus ferrumequinum,0.025,0.025,-1,Echolocation,/mnt/ubna_data_01_mir/recover-20220825/UBNA_002/20220823_033000.WAV,Telephone Field,recover-20220825,002,1795
1043.7755,1043.8152,68437,82642,Rhinolophus ferrumequinum,0.026,0.026,-1,Echolocation,/mnt/ubna_data_01_mir/recover-20220825/UBNA_002/20220823_033000.WAV,Telephone Field,recover-20220825,002,1795
1043.7785,1043.7859,28046,38653,Eptesicus serotinus,0.009,0.029,-1,Echolocation,/mnt/ubna_data_01_mir/recover-20220825/UBNA_002/20220823_033000.WAV,Telephone Field,recover-20220825,002,1795
1043.8395,1043.8768,68437,81808,Rhinolophus ferrumequinum,0.035,0.035,-1,Echolocation,/mnt/ubna_data_01_mir/recover-20220825/UBNA_002/20220823_033000.WAV,Telephone Field,recover-20220825,002,1795
1043.8585,1043.8697,41796,46250,Pipistrellus nathusii,0.023,0.037,-1,Echolocation,/mnt/ubna_data_01_mir/recover-20220825/UBNA_002/20220823_033000.WAV,Telephone Field,recover-20220825,002,1795
1043.8615,1043.8693,27187,38710,Eptesicus serotinus,0.008,0.025,-1,Echolocation,/mnt/ubna_data_01_mir/recover-20220825/UBNA_002/20220823_033000.WAV,Telephone Field,recover-20220825,002,1795
1043.8645,1043.8737,42656,47991,Pipistrellus nathusii,0.026,0.047,-1,Echolocation,/mnt/ubna_data_01_mir/recover-20220825/UBNA_002/20220823_033000.WAV,Telephone Field,recover-20220825,002,1795
1043.8695,1043.9062,68437,82073,Rhinolophus ferrumequinum,0.027,0.027,-1,Echolocation,/mnt/ubna_data_01_mir/recover-20220825/UBNA_002/20220823_033000.WAV,Telephone Field,recover-20220825,002,1795
1043.8735,1043.8865,26328,32024,Eptesicus serotinus,0.014,0.029,-1,Echolocation,/mnt/ubna_data_01_mir/recover-20220825/UBNA_002/20220823_033000.WAV,Telephone Field,recover-20220825,002,1795
1043.8805,1043.8924,24609,30090,Nyctalus leisleri,0.01,0.026,-1,Echolocation,/mnt/ubna_data_01_mir/recover-20220825/UBNA_002/20220823_033000.WAV,Telephone Field,recover-20220825,002,1795
1043.9015,1043.9122,23750,30205,Eptesicus serotinus,0.009,0.029,-1,Echolocation,/mnt/ubna_data_01_mir/recover-20220825/UBNA_002/20220823_033000.WAV,Telephone Field,recover-20220825,002,1795
1043.9065,1043.9153,22031,29030,Plecotus austriacus,0.01,0.028,-1,Echolocation,/mnt/ubna_data_01_mir/recover-20220825/UBNA_002/20220823_033000.WAV,Telephone Field,recover-20220825,002,1795
1043.9395,1043.9737,68437,81838,Rhinolophus ferrumequinum,0.026,0.026,-1,Echolocation,/mnt/ubna_data_01_mir/recover-20220825/UBNA_002/20220823_033000.WAV,Telephone Field,recover-20220825,002,1795
1043.9465,1043.954,28046,38326,Eptesicus serotinus,0.009,0.026,-1,Echolocation,/mnt/ubna_data_01_mir/recover-20220825/UBNA_002/20220823_033000.WAV,Telephone Field,recover-20220825,002,1795
1043.9605,1043.9694,28046,37628,Eptesicus serotinus,0.009,0.024,-1,Echolocation,/mnt/ubna_data_01_mir/recover-20220825/UBNA_002/20220823_033000.WAV,Telephone Field,recover-20220825,002,1795
1043.9745,1043.9828,38359,44238,Pipistrellus nathusii,0.074,0.116,-1,Echolocation,/mnt/ubna_data_01_mir/recover-20220825/UBNA_002/20220823_033000.WAV,Telephone Field,recover-20220825,002,1795
1043.9865,1043.9952,27187,38180,Eptesicus serotinus,0.009,0.025,-1,Echolocation,/mnt/ubna_data_01_mir/recover-20220825/UBNA_002/20220823_033000.WAV,Telephone Field,recover-20220825,002,1795
1044.0015,1044.0331,69296,82054,Rhinolophus ferrumequinum,0.047,0.047,-1,Echolocation,/mnt/ubna_data_01_mir/recover-20220825/UBNA_002/20220823_033000.WAV,Telephone Field,recover-20220825,002,1795
1044.0015,1044.0103,25468,32788,Nyctalus leisleri,0.011,0.03,-1,Echolocation,/mnt/ubna_data_01_mir/recover-20220825/UBNA_002/20220823_033000.WAV,Telephone Field,recover-20220825,002,1795
1044.0075,1044.0477,68437,81617,Rhinolophus ferrumequinum,0.021,0.021,-1,Echolocation,/mnt/ubna_data_01_mir/recover-20220825/UBNA_002/20220823_033000.WAV,Telephone Field,recover-20220825,002,1795
1044.0295,1044.0371,23750,31649,Plecotus austriacus,0.01,0.024,-1,Echolocation,/mnt/ubna_data_01_mir/recover-20220825/UBNA_002/20220823_033000.WAV,Telephone Field,recover-20220825,002,1795
1044.0355,1044.0764,68437,82024,Rhinolophus ferrumequinum,0.024,0.024,-1,Echolocation,/mnt/ubna_data_01_mir/recover-20220825/UBNA_002/20220823_033000.WAV,Telephone Field,recover-20220825,002,1795
1044.0785,1044.0857,28906,39979,Eptesicus serotinus,0.007,0.025,-1,Echolocation,/mnt/ubna_data_01_mir/recover-20220825/UBNA_002/20220823_033000.WAV,Telephone Field,recover-20220825,002,1795
1044.1165,1044.1548,68437,81658,Rhinolophus ferrumequinum,0.022,0.022,-1,Echolocation,/mnt/ubna_data_01_mir/recover-20220825/UBNA_002/20220823_033000.WAV,Telephone Field,recover-20220825,002,1795
1044.1305,1044.1674,68437,81949,Rhinolophus ferrumequinum,0.022,0.022,-1,Echolocation,/mnt/ubna_data_01_mir/recover-20220825/UBNA_002/20220823_033000.WAV,Telephone Field,recover-20220825,002,1795
1044.1455,1044.1797,68437,80897,Rhinolophus ferrumequinum,0.021,0.021,-1,Echolocation,/mnt/ubna_data_01_mir/recover-20220825/UBNA_002/20220823_033000.WAV,Telephone Field,recover-20220825,002,1795
1044.1545,1044.1918,68437,81575,Rhinolophus ferrumequinum,0.023,0.023,-1,Echolocation,/mnt/ubna_data_01_mir/recover-20220825/UBNA_002/20220823_033000.WAV,Telephone Field,recover-20220825,002,1795
1044.1645,1044.1742,26328,34484,Eptesicus serotinus,0.012,0.025,-1,Echolocation,/mnt/ubna_data_01_mir/recover-20220825/UBNA_002/20220823_033000.WAV,Telephone Field,recover-20220825,002,1795
1044.1785,1044.2185,68437,82714,Rhinolophus ferrumequinum,0.031,0.031,-1,Echolocation,/mnt/ubna_data_01_mir/recover-20220825/UBNA_002/20220823_033000.WAV,Telephone Field,recover-20220825,002,1795
1044.2185,1044.2582,68437,82580,Rhinolophus ferrumequinum,0.029,0.029,-1,Echolocation,/mnt/ubna_data_01_mir/recover-20220825/UBNA_002/20220823_033000.WAV,Telephone Field,recover-20220825,002,1795
1044.2745,1044.2843,44375,50357,Pipistrellus pipistrellus,0.024,0.026,-1,Echolocation,/mnt/ubna_data_01_mir/recover-20220825/UBNA_002/20220823_033000.WAV,Telephone Field,recover-20220825,002,1795
1044.3145,1044.3521,68437,82460,Rhinolophus ferrumequinum,0.026,0.026,-1,Echolocation,/mnt/ubna_data_01_mir/recover-20220825/UBNA_002/20220823_033000.WAV,Telephone Field,recover-20220825,002,1795
1044.3425,1044.375,68437,81047,Rhinolophus ferrumequinum,0.025,0.025,-1,Echolocation,/mnt/ubna_data_01_mir/recover-20220825/UBNA_002/20220823_033000.WAV,Telephone Field,recover-20220825,002,1795
1044.3595,1044.3961,68437,82212,Rhinolophus ferrumequinum,0.024,0.024,-1,Echolocation,/mnt/ubna_data_01_mir/recover-20220825/UBNA_002/20220823_033000.WAV,Telephone Field,recover-20220825,002,1795
1044.3825,1044.4174,68437,81798,Rhinolophus ferrumequinum,0.021,0.021,-1,Echolocation,/mnt/ubna_data_01_mir/recover-20220825/UBNA_002/20220823_033000.WAV,Telephone Field,recover-20220825,002,1795
1044.3905,1044.4015,23750,29538,Nyctalus leisleri,0.01,0.024,-1,Echolocation,/mnt/ubna_data_01_mir/recover-20220825/UBNA_002/20220823_033000.WAV,Telephone Field,recover-20220825,002,1795
1044.4135,1044.4559,68437,83459,Rhinolophus ferrumequinum,0.035,0.035,-1,Echolocation,/mnt/ubna_data_01_mir/recover-20220825/UBNA_002/20220823_033000.WAV,Telephone Field,recover-20220825,002,1795
1044.4155,1044.4235,28906,39173,Eptesicus serotinus,0.007,0.021,-1,Echolocation,/mnt/ubna_data_01_mir/recover-20220825/UBNA_002/20220823_033000.WAV,Telephone Field,recover-20220825,002,1795
1044.4595,1044.4974,68437,82001,Rhinolophus ferrumequinum,0.024,0.024,-1,Echolocation,/mnt/ubna_data_01_mir/recover-20220825/UBNA_002/20220823_033000.WAV,Telephone Field,recover-20220825,002,1795
1044.4815,1044.4907,27187,36606,Eptesicus serotinus,0.009,0.021,-1,Echolocation,/mnt/ubna_data_01_mir/recover-20220825/UBNA_002/20220823_033000.WAV,Telephone Field,recover-20220825,002,1795
1044.5055,1044.5132,28906,38494,Eptesicus serotinus,0.006,0.021,-1,Echolocation,/mnt/ubna_data_01_mir/recover-20220825/UBNA_002/20220823_033000.WAV,Telephone Field,recover-20220825,002,1795
1044.5375,1044.5474,22890,28848,Nyctalus leisleri,0.008,0.021,-1,Echolocation,/mnt/ubna_data_01_mir/recover-20220825/UBNA_002/20220823_033000.WAV,Telephone Field,recover-20220825,002,1795
1044.5575,1044.5716,23750,30038,Nyctalus leisleri,0.012,0.029,-1,Echolocation,/mnt/ubna_data_01_mir/recover-20220825/UBNA_002/20220823_033000.WAV,Telephone Field,recover-20220825,002,1795
1044.5675,1044.5782,25468,31623,Eptesicus serotinus,0.01,0.026,-1,Echolocation,/mnt/ubna_data_01_mir/recover-20220825/UBNA_002/20220823_033000.WAV,Telephone Field,recover-20220825,002,1795
1044.5915,1044.6333,68437,83126,Rhinolophus ferrumequinum,0.028,0.028,-1,Echolocation,/mnt/ubna_data_01_mir/recover-20220825/UBNA_002/20220823_033000.WAV,Telephone Field,recover-20220825,002,1795
1044.6265,1044.6361,46093,51226,Pipistrellus pipistrellus,0.02,0.022,-1,Echolocation,/mnt/ubna_data_01_mir/recover-20220825/UBNA_002/20220823_033000.WAV,Telephone Field,recover-20220825,002,1795
1044.6275,1044.6361,31484,43207,Myotis daubentonii,0.006,0.023,-1,Echolocation,/mnt/ubna_data_01_mir/recover-20220825/UBNA_002/20220823_033000.WAV,Telephone Field,recover-20220825,002,1795
1044.6595,1044.668,44375,48724,Pipistrellus pipistrellus,0.023,0.026,-1,Echolocation,/mnt/ubna_data_01_mir/recover-20220825/UBNA_002/20220823_033000.WAV,Telephone Field,recover-20220825,002,1795
1044.6635,1044.6744,50390,56919,Pipistrellus pipistrellus,0.015,0.022,-1,Echolocation,/mnt/ubna_data_01_mir/recover-20220825/UBNA_002/20220823_033000.WAV,Telephone Field,recover-20220825,002,1795
1044.6645,1044.7024,68437,81752,Rhinolophus ferrumequinum,0.022,0.023,-1,Echolocation,/mnt/ubna_data_01_mir/recover-20220825/UBNA_002/20220823_033000.WAV,Telephone Field,recover-20220825,002,1795
1044.6945,1044.706,22890,27895,Nyctalus leisleri,0.013,0.026,-1,Echolocation,/mnt/ubna_data_01_mir/recover-20220825/UBNA_002/20220823_033000.WAV,Telephone Field,recover-20220825,002,1795
1044.7145,1044.7263,23750,29203,Nyctalus leisleri,0.01,0.022,-1,Echolocation,/mnt/ubna_data_01_mir/recover-20220825/UBNA_002/20220823_033000.WAV,Telephone Field,recover-20220825,002,1795
1044.7765,1044.7865,27187,32486,Eptesicus serotinus,0.185,0.363,-1,Echolocation,/mnt/ubna_data_01_mir/recover-20220825/UBNA_002/20220823_033000.WAV,Telephone Field,recover-20220825,002,1795
1044.7795,1044.8156,68437,81887,Rhinolophus ferrumequinum,0.022,0.022,-1,Echolocation,/mnt/ubna_data_01_mir/recover-20220825/UBNA_002/20220823_033000.WAV,Telephone Field,recover-20220825,002,1795
1044.7875,1044.8249,68437,81685,Rhinolophus ferrumequinum,0.022,0.022,-1,Echolocation,/mnt/ubna_data_01_mir/recover-20220825/UBNA_002/20220823_033000.WAV,Telephone Field,recover-20220825,002,1795
1044.7925,1044.8301,68437,81996,Rhinolophus ferrumequinum,0.022,0.022,-1,Echolocation,/mnt/ubna_data_01_mir/recover-20220825/UBNA_002/20220823_033000.WAV,Telephone Field,recover-20220825,002,1795
1044.8035,1044.8466,68437,83622,Rhinolophus ferrumequinum,0.033,0.033,-1,Echolocation,/mnt/ubna_data_01_mir/recover-20220825/UBNA_002/20220823_033000.WAV,Telephone Field,recover-20220825,002,1795
1044.8485,1044.8888,68437,82789,Rhinolophus ferrumequinum,0.027,0.027,-1,Echolocation,/mnt/ubna_data_01_mir/recover-20220825/UBNA_002/20220823_033000.WAV,Telephone Field,recover-20220825,002,1795
1044.8825,1044.9247,68437,83002,Rhinolophus ferrumequinum,0.03,0.03,-1,Echolocation,/mnt/ubna_data_01_mir/recover-20220825/UBNA_002/20220823_033000.WAV,Telephone Field,recover-20220825,002,1795
1044.8955,1044.9053,22890,29899,Nyctalus leisleri,0.01,0.03,-1,Echolocation,/mnt/ubna_data_01_mir/recover-20220825/UBNA_002/20220823_033000.WAV,Telephone Field,recover-20220825,002,1795
1044.9225,1044.963,68437,82626,Rhinolophus ferrumequinum,0.022,0.022,-1,Echolocation,/mnt/ubna_data_01_mir/recover-20220825/UBNA_002/20220823_033000.WAV,Telephone Field,recover-20220825,002,1795
1044.9355,1044.9435,28906,37884,Eptesicus serotinus,0.007,0.023,-1,Echolocation,/mnt/ubna_data_01_mir/recover-20220825/UBNA_002/20220823_033000.WAV,Telephone Field,recover-20220825,002,1795
1044.9355,1044.9443,22890,29804,Plecotus austriacus,0.009,0.023,-1,Echolocation,/mnt/ubna_data_01_mir/recover-20220825/UBNA_002/20220823_033000.WAV,Telephone Field,recover-20220825,002,1795
1044.9565,1044.9951,68437,80913,Rhinolophus ferrumequinum,0.028,0.028,-1,Echolocation,/mnt/ubna_data_01_mir/recover-20220825/UBNA_002/20220823_033000.WAV,Telephone Field,recover-20220825,002,1795
1044.9625,1044.9711,22890,30615,Plecotus austriacus,0.015,0.036,-1,Echolocation,/mnt/ubna_data_01_mir/recover-20220825/UBNA_002/20220823_033000.WAV,Telephone Field,recover-20220825,002,1795
1044.9785,1044.9892,28906,36137,Eptesicus serotinus,0.011,0.026,-1,Echolocation,/mnt/ubna_data_01_mir/recover-20220825/UBNA_002/20220823_033000.WAV,Telephone Field,recover-20220825,002,1795
1044.9865,1045.0259,68437,82700,Rhinolophus ferrumequinum,0.027,0.027,-1,Echolocation,/mnt/ubna_data_01_mir/recover-20220825/UBNA_002/20220823_033000.WAV,Telephone Field,recover-20220825,002,1795
1045.0345,1045.0701,68437,81741,Rhinolophus ferrumequinum,0.021,0.021,-1,Echolocation,/mnt/ubna_data_01_mir/recover-20220825/UBNA_002/20220823_033000.WAV,Telephone Field,recover-20220825,002,1795
1045.0785,1045.116,68437,82077,Rhinolophus ferrumequinum,0.022,0.022,-1,Echolocation,/mnt/ubna_data_01_mir/recover-20220825/UBNA_002/20220823_033000.WAV,Telephone Field,recover-20220825,002,1795
1045.1115,1045.1485,68437,81842,Rhinolophus ferrumequinum,0.022,0.022,-1,Echolocation,/mnt/ubna_data_01_mir/recover-20220825/UBNA_002/20220823_033000.WAV,Telephone Field,recover-20220825,002,1795
1045.1305,1045.1408,23750,29849,Nyctalus leisleri,0.009,0.022,-1,Echolocation,/mnt/ubna_data_01_mir/recover-20220825/UBNA_002/20220823_033000.WAV,Telephone Field,recover-20220825,002,1795
1045.1765,1045.1891,29765,35816,Eptesicus serotinus,0.026,0.045,-1,Echolocation,/mnt/ubna_data_01_mir/recover-20220825/UBNA_002/20220823_033000.WAV,Telephone Field,recover-20220825,002,1795
1045.2055,1045.2162,28906,36296,Eptesicus serotinus,0.012,0.023,-1,Echolocation,/mnt/ubna_data_01_mir/recover-20220825/UBNA_002/20220823_033000.WAV,Telephone Field,recover-20220825,002,1795
1045.2205,1045.2315,39218,46144,Pipistrellus nathusii,0.01,0.031,-1,Echolocation,/mnt/ubna_data_01_mir/recover-20220825/UBNA_002/20220823_033000.WAV,Telephone Field,recover-20220825,002,1795
1045.2585,1045.2934,68437,80600,Rhinolophus ferrumequinum,0.021,0.021,-1,Echolocation,/mnt/ubna_data_01_mir/recover-20220825/UBNA_002/20220823_033000.WAV,Telephone Field,recover-20220825,002,1795
1045.2635,1045.2997,68437,81094,Rhinolophus ferrumequinum,0.021,0.021,-1,Echolocation,/mnt/ubna_data_01_mir/recover-20220825/UBNA_002/20220823_033000.WAV,Telephone Field,recover-20220825,002,1795
1045.2635,1045.2736,27187,37701,Eptesicus serotinus,0.01,0.022,-1,Echolocation,/mnt/ubna_data_01_mir/recover-20220825/UBNA_002/20220823_033000.WAV,Telephone Field,recover-20220825,002,1795
1045.2915,1045.3015,22890,28253,Nyctalus leisleri,0.01,0.024,-1,Echolocation,/mnt/ubna_data_01_mir/recover-20220825/UBNA_002/20220823_033000.WAV,Telephone Field,recover-20220825,002,1795
1045.2935,1045.3046,45234,52178,Pipistrellus pipistrellus,0.019,0.024,-1,Echolocation,/mnt/ubna_data_01_mir/recover-20220825/UBNA_002/20220823_033000.WAV,Telephone Field,recover-20220825,002,1795
1045.2985,1045.3368,68437,81960,Rhinolophus ferrumequinum,0.021,0.021,-1,Echolocation,/mnt/ubna_data_01_mir/recover-20220825/UBNA_002/20220823_033000.WAV,Telephone Field,recover-20220825,002,1795
1045.3125,1045.3236,39218,46515,Pipistrellus nathusii,0.016,0.04,-1,Echolocation,/mnt/ubna_data_01_mir/recover-20220825/UBNA_002/20220823_033000.WAV,Telephone Field,recover-20220825,002,1795
1045.3375,1045.3745,68437,82247,Rhinolophus ferrumequinum,0.021,0.021,-1,Echolocation,/mnt/ubna_data_01_mir/recover-20220825/UBNA_002/20220823_033000.WAV,Telephone Field,recover-20220825,002,1795
1045.3465,1045.3857,68437,81832,Rhinolophus ferrumequinum,0.022,0.022,-1,Echolocation,/mnt/ubna_data_01_mir/recover-20220825/UBNA_002/20220823_033000.WAV,Telephone Field,recover-20220825,002,1795
1045.3495,1045.359,44375,53934,Pipistrellus pipistrellus,0.018,0.033,-1,Echolocation,/mnt/ubna_data_01_mir/recover-20220825/UBNA_002/20220823_033000.WAV,Telephone Field,recover-20220825,002,1795
1045.3505,1045.3576,24609,33761,Plecotus austriacus,0.008,0.023,-1,Echolocation,/mnt/ubna_data_01_mir/recover-20220825/UBNA_002/20220823_033000.WAV,Telephone Field,recover-20220825,002,1795
1045.3655,1045.4016,68437,81775,Rhinolophus ferrumequinum,0.021,0.021,-1,Echolocation,/mnt/ubna_data_01_mir/recover-20220825/UBNA_002/20220823_033000.WAV,Telephone Field,recover-20220825,002,1795
1045.3715,1045.3827,23750,29577,Nyctalus leisleri,0.013,0.029,-1,Echolocation,/mnt/ubna_data_01_mir/recover-20220825/UBNA_002/20220823_033000.WAV,Telephone Field,recover-20220825,002,1795
1045.4035,1045.4111,28046,41140,Eptesicus serotinus,0.006,0.021,-1,Echolocation,/mnt/ubna_data_01_mir/recover-20220825/UBNA_002/20220823_033000.WAV,Telephone Field,recover-20220825,002,1795
1045.4275,1045.4384,22890,28536,Nyctalus leisleri,0.013,0.029,-1,Echolocation,/mnt/ubna_data_01_mir/recover-20220825/UBNA_002/20220823_033000.WAV,Telephone Field,recover-20220825,002,1795
1045.4565,1045.4692,22890,28338,Nyctalus leisleri,0.012,0.028,-1,Echolocation,/mnt/ubna_data_01_mir/recover-20220825/UBNA_002/20220823_033000.WAV,Telephone Field,recover-20220825,002,1795
1045.4615,1045.5022,68437,82383,Rhinolophus ferrumequinum,0.023,0.023,-1,Echolocation,/mnt/ubna_data_01_mir/recover-20220825/UBNA_002/20220823_033000.WAV,Telephone Field,recover-20220825,002,1795
1045.4785,1045.517,68437,82471,Rhinolophus ferrumequinum,0.023,0.023,-1,Echolocation,/mnt/ubna_data_01_mir/recover-20220825/UBNA_002/20220823_033000.WAV,Telephone Field,recover-20220825,002,1795
1045.4805,1045.4881,26328,39918,Eptesicus serotinus,0.007,0.021,-1,Echolocation,/mnt/ubna_data_01_mir/recover-20220825/UBNA_002/20220823_033000.WAV,Telephone Field,recover-20220825,002,1795
1045.4945,1045.5315,68437,82038,Rhinolophus ferrumequinum,0.021,0.021,-1,Echolocation,/mnt/ubna_data_01_mir/recover-20220825/UBNA_002/20220823_033000.WAV,Telephone Field,recover-20220825,002,1795
1045.5105,1045.5209,56406,62440,Pipistrellus pygmaeus,0.025,0.025,-1,Echolocation,/mnt/ubna_data_01_mir/recover-20220825/UBNA_002/20220823_033000.WAV,Telephone Field,recover-20220825,002,1795
1045.5125,1045.5459,68437,80511,Rhinolophus ferrumequinum,0.021,0.021,-1,Echolocation,/mnt/ubna_data_01_mir/recover-20220825/UBNA_002/20220823_033000.WAV,Telephone Field,recover-20220825,002,1795
1045.5175,1045.5514,68437,80399,Rhinolophus ferrumequinum,0.021,0.021,-1,Echolocation,/mnt/ubna_data_01_mir/recover-20220825/UBNA_002/20220823_033000.WAV,Telephone Field,recover-20220825,002,1795
1045.5255,1045.5606,68437,81033,Rhinolophus ferrumequinum,0.021,0.021,-1,Echolocation,/mnt/ubna_data_01_mir/recover-20220825/UBNA_002/20220823_033000.WAV,Telephone Field,recover-20220825,002,1795
1045.5515,1045.5628,22031,26396,Nyctalus leisleri,0.013,0.025,-1,Echolocation,/mnt/ubna_data_01_mir/recover-20220825/UBNA_002/20220823_033000.WAV,Telephone Field,recover-20220825,002,1795
1045.5705,1045.5801,28046,36242,Eptesicus serotinus,0.018,0.035,-1,Echolocation,/mnt/ubna_data_01_mir/recover-20220825/UBNA_002/20220823_033000.WAV,Telephone Field,recover-20220825,002,1795
1045.5895,1045.5997,44375,47799,Pipistrellus pipistrellus,0.018,0.021,-1,Echolocation,/mnt/ubna_data_01_mir/recover-20220825/UBNA_002/20220823_033000.WAV,Telephone Field,recover-20220825,002,1795
1045.6015,1045.6121,23750,28878,Nyctalus leisleri,0.009,0.021,-1,Echolocation,/mnt/ubna_data_01_mir/recover-20220825/UBNA_002/20220823_033000.WAV,Telephone Field,recover-20220825,002,1795
1045.6025,1045.6412,68437,82087,Rhinolophus ferrumequinum,0.021,0.021,-1,Echolocation,/mnt/ubna_data_01_mir/recover-20220825/UBNA_002/20220823_033000.WAV,Telephone Field,recover-20220825,002,1795
1045.6175,1045.6269,28046,38022,Eptesicus serotinus,0.008,0.021,-1,Echolocation,/mnt/ubna_data_01_mir/recover-20220825/UBNA_002/20220823_033000.WAV,Telephone Field,recover-20220825,002,1795
1045.6275,1045.6351,28906,40708,Eptesicus serotinus,0.007,0.021,-1,Echolocation,/mnt/ubna_data_01_mir/recover-20220825/UBNA_002/20220823_033000.WAV,Telephone Field,recover-20220825,002,1795
1045.6365,1045.6431,49531,57611,Pipistrellus pipistrellus,0.02,0.022,-1,Echolocation,/mnt/ubna_data_01_mir/recover-20220825/UBNA_002/20220823_033000.WAV,Telephone Field,recover-20220825,002,1795
1045.6685,1045.7074,68437,82451,Rhinolophus ferrumequinum,0.025,0.025,-1,Echolocation,/mnt/ubna_data_01_mir/recover-20220825/UBNA_002/20220823_033000.WAV,Telephone Field,recover-20220825,002,1795
1045.6935,1045.7036,50390,57292,Pipistrellus pipistrellus,0.019,0.025,-1,Echolocation,/mnt/ubna_data_01_mir/recover-20220825/UBNA_002/20220823_033000.WAV,Telephone Field,recover-20220825,002,1795
1045.7245,1045.7356,37500,43664,Pipistrellus nathusii,0.008,0.023,-1,Echolocation,/mnt/ubna_data_01_mir/recover-20220825/UBNA_002/20220823_033000.WAV,Telephone Field,recover-20220825,002,1795
1045.8285,1045.8652,68437,80965,Rhinolophus ferrumequinum,0.021,0.021,-1,Echolocation,/mnt/ubna_data_01_mir/recover-20220825/UBNA_002/20220823_033000.WAV,Telephone Field,recover-20220825,002,1795
1045.8345,1045.868,68437,80780,Rhinolophus ferrumequinum,0.022,0.022,-1,Echolocation,/mnt/ubna_data_01_mir/recover-20220825/UBNA_002/20220823_033000.WAV,Telephone Field,recover-20220825,002,1795
1045.8495,1045.866,26328,31636,Nyctalus leisleri,0.047,0.11,-1,Echolocation,/mnt/ubna_data_01_mir/recover-20220825/UBNA_002/20220823_033000.WAV,Telephone Field,recover-20220825,002,1795
1045.8755,1045.9117,68437,81304,Rhinolophus ferrumequinum,0.021,0.021,-1,Echolocation,/mnt/ubna_data_01_mir/recover-20220825/UBNA_002/20220823_033000.WAV,Telephone Field,recover-20220825,002,1795
1045.8875,1045.9021,29765,33822,Eptesicus serotinus,0.018,0.035,-1,Echolocation,/mnt/ubna_data_01_mir/recover-20220825/UBNA_002/20220823_033000.WAV,Telephone Field,recover-20220825,002,1795
1045.9015,1045.9401,68437,81935,Rhinolophus ferrumequinum,0.023,0.023,-1,Echolocation,/mnt/ubna_data_01_mir/recover-20220825/UBNA_002/20220823_033000.WAV,Telephone Field,recover-20220825,002,1795
1045.9545,1045.9931,68437,81835,Rhinolophus ferrumequinum,0.023,0.023,-1,Echolocation,/mnt/ubna_data_01_mir/recover-20220825/UBNA_002/20220823_033000.WAV,Telephone Field,recover-20220825,002,1795
1045.9815,1045.9912,22031,27322,Nyctalus leisleri,0.009,0.021,-1,Echolocation,/mnt/ubna_data_01_mir/recover-20220825/UBNA_002/20220823_033000.WAV,Telephone Field,recover-20220825,002,1795
1046.0015,1046.0117,27187,34694,Nyctalus leisleri,0.013,0.036,-1,Echolocation,/mnt/ubna_data_01_mir/recover-20220825/UBNA_002/20220823_033000.WAV,Telephone Field,recover-20220825,002,1795
1046.0015,1046.0325,69296,81218,Rhinolophus ferrumequinum,0.025,0.025,-1,Echolocation,/mnt/ubna_data_01_mir/recover-20220825/UBNA_002/20220823_033000.WAV,Telephone Field,recover-20220825,002,1795
1046.0095,1046.0209,24609,30522,Nyctalus leisleri,0.01,0.027,-1,Echolocation,/mnt/ubna_data_01_mir/recover-20220825/UBNA_002/20220823_033000.WAV,Telephone Field,recover-20220825,002,1795
1046.0525,1046.092,68437,81420,Rhinolophus ferrumequinum,0.023,0.023,-1,Echolocation,/mnt/ubna_data_01_mir/recover-20220825/UBNA_002/20220823_033000.WAV,Telephone Field,recover-20220825,002,1795
1046.0625,1046.1016,68437,81859,Rhinolophus ferrumequinum,0.025,0.025,-1,Echolocation,/mnt/ubna_data_01_mir/recover-20220825/UBNA_002/20220823_033000.WAV,Telephone Field,recover-20220825,002,1795
1046.1065,1046.1483,68437,83206,Rhinolophus ferrumequinum,0.03,0.03,-1,Echolocation,/mnt/ubna_data_01_mir/recover-20220825/UBNA_002/20220823_033000.WAV,Telephone Field,recover-20220825,002,1795
1046.1085,1046.1144,34062,44524,Myotis daubentonii,0.018,0.043,-1,Echolocation,/mnt/ubna_data_01_mir/recover-20220825/UBNA_002/20220823_033000.WAV,Telephone Field,recover-20220825,002,1795
1046.1325,1046.174,68437,82134,Rhinolophus ferrumequinum,0.022,0.023,-1,Echolocation,/mnt/ubna_data_01_mir/recover-20220825/UBNA_002/20220823_033000.WAV,Telephone Field,recover-20220825,002,1795
1046.1595,1046.2004,68437,81640,Rhinolophus ferrumequinum,0.023,0.023,-1,Echolocation,/mnt/ubna_data_01_mir/recover-20220825/UBNA_002/20220823_033000.WAV,Telephone Field,recover-20220825,002,1795
1046.1735,1046.2103,68437,82008,Rhinolophus ferrumequinum,0.021,0.021,-1,Echolocation,/mnt/ubna_data_01_mir/recover-20220825/UBNA_002/20220823_033000.WAV,Telephone Field,recover-20220825,002,1795
1046.2125,1046.222,29765,38075,Eptesicus serotinus,0.009,0.022,-1,Echolocation,/mnt/ubna_data_01_mir/recover-20220825/UBNA_002/20220823_033000.WAV,Telephone Field,recover-20220825,002,1795
1046.2355,1046.2492,24609,29597,Nyctalus leisleri,0.019,0.038,-1,Echolocation,/mnt/ubna_data_01_mir/recover-20220825/UBNA_002/20220823_033000.WAV,Telephone Field,recover-20220825,002,1795
1046.2365,1046.2774,68437,82891,Rhinolophus ferrumequinum,0.023,0.023,-1,Echolocation,/mnt/ubna_data_01_mir/recover-20220825/UBNA_002/20220823_033000.WAV,Telephone Field,recover-20220825,002,1795
1046.2625,1046.3014,68437,81933,Rhinolophus ferrumequinum,0.022,0.022,-1,Echolocation,/mnt/ubna_data_01_mir/recover-20220825/UBNA_002/20220823_033000.WAV,Telephone Field,recover-20220825,002,1795
1046.2665,1046.2729,34921,43072,Myotis daubentonii,0.009,0.022,-1,Echolocation,/mnt/ubna_data_01_mir/recover-20220825/UBNA_002/20220823_033000.WAV,Telephone Field,recover-20220825,002,1795
1046.2685,1046.2773,26328,35220,Eptesicus serotinus,0.008,0.025,-1,Echolocation,/mnt/ubna_data_01_mir/recover-20220825/UBNA_002/20220823_033000.WAV,Telephone Field,recover-20220825,002,1795
1046.3185,1046.3311,25468,31384,Nyctalus leisleri,0.254,0.482,-1,Echolocation,/mnt/ubna_data_01_mir/recover-20220825/UBNA_002/20220823_033000.WAV,Telephone Field,recover-20220825,002,1795
1046.3275,1046.3667,68437,82267,Rhinolophus ferrumequinum,0.027,0.027,-1,Echolocation,/mnt/ubna_data_01_mir/recover-20220825/UBNA_002/20220823_033000.WAV,Telephone Field,recover-20220825,002,1795
1046.3345,1046.3434,28046,40977,Eptesicus serotinus,0.008,0.021,-1,Echolocation,/mnt/ubna_data_01_mir/recover-20220825/UBNA_002/20220823_033000.WAV,Telephone Field,recover-20220825,002,1795
1046.3635,1046.3737,28906,38502,Eptesicus serotinus,0.028,0.046,-1,Echolocation,/mnt/ubna_data_01_mir/recover-20220825/UBNA_002/20220823_033000.WAV,Telephone Field,recover-20220825,002,1795
1046.4135,1046.4224,28046,38753,Eptesicus serotinus,0.008,0.022,-1,Echolocation,/mnt/ubna_data_01_mir/recover-20220825/UBNA_002/20220823_033000.WAV,Telephone Field,recover-20220825,002,1795
1046.4295,1046.4721,68437,82606,Rhinolophus ferrumequinum,0.033,0.033,-1,Echolocation,/mnt/ubna_data_01_mir/recover-20220825/UBNA_002/20220823_033000.WAV,Telephone Field,recover-20220825,002,1795
1046.4645,1046.474,25468,34332,Eptesicus serotinus,0.008,0.022,-1,Echolocation,/mnt/ubna_data_01_mir/recover-20220825/UBNA_002/20220823_033000.WAV,Telephone Field,recover-20220825,002,1795
1046.5085,1046.5492,68437,82416,Rhinolophus ferrumequinum,0.035,0.035,-1,Echolocation,/mnt/ubna_data_01_mir/recover-20220825/UBNA_002/20220823_033000.WAV,Telephone Field,recover-20220825,002,1795
1046.5245,1046.54,24609,29637,Eptesicus serotinus,0.039,0.091,-1,Echolocation,/mnt/ubna_data_01_mir/recover-20220825/UBNA_002/20220823_033000.WAV,Telephone Field,recover-20220825,002,1795
1046.5395,1046.5498,28046,38921,Eptesicus serotinus,0.011,0.024,-1,Echolocation,/mnt/ubna_data_01_mir/recover-20220825/UBNA_002/20220823_033000.WAV,Telephone Field,recover-20220825,002,1795
1046.5725,1046.6123,68437,82464,Rhinolophus ferrumequinum,0.026,0.026,-1,Echolocation,/mnt/ubna_data_01_mir/recover-20220825/UBNA_002/20220823_033000.WAV,Telephone Field,recover-20220825,002,1795
1046.6245,1046.6347,25468,32817,Eptesicus serotinus,0.01,0.023,-1,Echolocation,/mnt/ubna_data_01_mir/recover-20220825/UBNA_002/20220823_033000.WAV,Telephone Field,recover-20220825,002,1795
1046.6615,1046.6698,25468,33157,Eptesicus serotinus,0.279,0.5,-1,Echolocation,/mnt/ubna_data_01_mir/recover-20220825/UBNA_002/20220823_033000.WAV,Telephone Field,recover-20220825,002,1795
1046.6775,1046.7156,68437,82164,Rhinolophus ferrumequinum,0.022,0.022,-1,Echolocation,/mnt/ubna_data_01_mir/recover-20220825/UBNA_002/20220823_033000.WAV,Telephone Field,recover-20220825,002,1795
1046.6815,1046.69,28906,41476,Eptesicus serotinus,0.009,0.025,-1,Echolocation,/mnt/ubna_data_01_mir/recover-20220825/UBNA_002/20220823_033000.WAV,Telephone Field,recover-20220825,002,1795
1046.7085,1046.7152,27187,41016,Eptesicus serotinus,0.007,0.023,-1,Echolocation,/mnt/ubna_data_01_mir/recover-20220825/UBNA_002/20220823_033000.WAV,Telephone Field,recover-20220825,002,1795
1046.7315,1046.7446,26328,32274,Nyctalus leisleri,0.268,0.527,-1,Echolocation,/mnt/ubna_data_01_mir/recover-20220825/UBNA_002/20220823_033000.WAV,Telephone Field,recover-20220825,002,1795
1046.7705,1046.8086,68437,82111,Rhinolophus ferrumequinum,0.022,0.022,-1,Echolocation,/mnt/ubna_data_01_mir/recover-20220825/UBNA_002/20220823_033000.WAV,Telephone Field,recover-20220825,002,1795
1046.8785,1046.9194,68437,82442,Rhinolophus ferrumequinum,0.028,0.028,-1,Echolocation,/mnt/ubna_data_01_mir/recover-20220825/UBNA_002/20220823_033000.WAV,Telephone Field,recover-20220825,002,1795
1046.8845,1046.8935,23750,31593,Plecotus austriacus,0.007,0.026,-1,Echolocation,/mnt/ubna_data_01_mir/recover-20220825/UBNA_002/20220823_033000.WAV,Telephone Field,recover-20220825,002,1795
1046.9265,1046.9394,25468,31827,Nyctalus leisleri,0.229,0.479,-1,Echolocation,/mnt/ubna_data_01_mir/recover-20220825/UBNA_002/20220823_033000.WAV,Telephone Field,recover-20220825,002,1795
1046.9605,1046.9691,28046,39446,Eptesicus serotinus,0.009,0.024,-1,Echolocation,/mnt/ubna_data_01_mir/recover-20220825/UBNA_002/20220823_033000.WAV,Telephone Field,recover-20220825,002,1795
1047.0245,1047.0626,68437,81985,Rhinolophus ferrumequinum,0.022,0.022,-1,Echolocation,/mnt/ubna_data_01_mir/recover-20220825/UBNA_002/20220823_033000.WAV,Telephone Field,recover-20220825,002,1795
1047.0255,1047.0333,28906,38445,Eptesicus serotinus,0.007,0.023,-1,Echolocation,/mnt/ubna_data_01_mir/recover-20220825/UBNA_002/20220823_033000.WAV,Telephone Field,recover-20220825,002,1795
1047.0335,1047.0749,68437,82421,Rhinolophus ferrumequinum,0.023,0.023,-1,Echolocation,/mnt/ubna_data_01_mir/recover-20220825/UBNA_002/20220823_033000.WAV,Telephone Field,recover-20220825,002,1795
1047.0445,1047.0565,13437,17711,Nyctalus noctula,0.033,0.053,-1,Echolocation,/mnt/ubna_data_01_mir/recover-20220825/UBNA_002/20220823_033000.WAV,Telephone Field,recover-20220825,002,1795
1047.0725,1047.0832,28906,36382,Eptesicus serotinus,0.012,0.024,-1,Echolocation,/mnt/ubna_data_01_mir/recover-20220825/UBNA_002/20220823_033000.WAV,Telephone Field,recover-20220825,002,1795
1047.0915,1047.1325,68437,82699,Rhinolophus ferrumequinum,0.026,0.026,-1,Echolocation,/mnt/ubna_data_01_mir/recover-20220825/UBNA_002/20220823_033000.WAV,Telephone Field,recover-20220825,002,1795
1047.0965,1047.1378,68437,82573,Rhinolophus ferrumequinum,0.026,0.026,-1,Echolocation,/mnt/ubna_data_01_mir/recover-20220825/UBNA_002/20220823_033000.WAV,Telephone Field,recover-20220825,002,1795
1047.1095,1047.1201,26328,32129,Eptesicus serotinus,0.254,0.541,-1,Echolocation,/mnt/ubna_data_01_mir/recover-20220825/UBNA_002/20220823_033000.WAV,Telephone Field,recover-20220825,002,1795
1047.1395,1047.1791,68437,82116,Rhinolophus ferrumequinum,0.021,0.021,-1,Echolocation,/mnt/ubna_data_01_mir/recover-20220825/UBNA_002/20220823_033000.WAV,Telephone Field,recover-20220825,002,1795
1047.1645,1047.1717,28906,40121,Eptesicus serotinus,0.007,0.023,-1,Echolocation,/mnt/ubna_data_01_mir/recover-20220825/UBNA_002/20220823_033000.WAV,Telephone Field,recover-20220825,002,1795
1047.1865,1047.1953,25468,33734,Eptesicus serotinus,0.007,0.022,-1,Echolocation,/mnt/ubna_data_01_mir/recover-20220825/UBNA_002/20220823_033000.WAV,Telephone Field,recover-20220825,002,1795
1047.2765,1047.2882,26328,31680,Eptesicus serotinus,0.082,0.167,-1,Echolocation,/mnt/ubna_data_01_mir/recover-20220825/UBNA_002/20220823_033000.WAV,Telephone Field,recover-20220825,002,1795
1047.3125,1047.3521,68437,81505,Rhinolophus ferrumequinum,0.022,0.022,-1,Echolocation,/mnt/ubna_data_01_mir/recover-20220825/UBNA_002/20220823_033000.WAV,Telephone Field,recover-20220825,002,1795
1047.3645,1047.3798,25468,31315,Eptesicus serotinus,0.068,0.134,-1,Echolocation,/mnt/ubna_data_01_mir/recover-20220825/UBNA_002/20220823_033000.WAV,Telephone Field,recover-20220825,002,1795
1047.3895,1047.4291,68437,81643,Rhinolophus ferrumequinum,0.021,0.021,-1,Echolocation,/mnt/ubna_data_01_mir/recover-20220825/UBNA_002/20220823_033000.WAV,Telephone Field,recover-20220825,002,1795
1047.4035,1047.4436,68437,82590,Rhinolophus ferrumequinum,0.021,0.021,-1,Echolocation,/mnt/ubna_data_01_mir/recover-20220825/UBNA_002/20220823_033000.WAV,Telephone Field,recover-20220825,002,1795
1047.4365,1047.4747,68437,81758,Rhinolophus ferrumequinum,0.023,0.023,-1,Echolocation,/mnt/ubna_data_01_mir/recover-20220825/UBNA_002/20220823_033000.WAV,Telephone Field,recover-20220825,002,1795
1047.4525,1047.4599,24609,33235,Plecotus austriacus,0.007,0.022,-1,Echolocation,/mnt/ubna_data_01_mir/recover-20220825/UBNA_002/20220823_033000.WAV,Telephone Field,recover-20220825,002,1795
1047.4745,1047.5127,68437,81699,Rhinolophus ferrumequinum,0.021,0.021,-1,Echolocation,/mnt/ubna_data_01_mir/recover-20220825/UBNA_002/20220823_033000.WAV,Telephone Field,recover-20220825,002,1795
1047.5225,1047.5338,25468,31686,Nyctalus leisleri,0.015,0.039,-1,Echolocation,/mnt/ubna_data_01_mir/recover-20220825/UBNA_002/20220823_033000.WAV,Telephone Field,recover-20220825,002,1795
1047.5445,1047.584,68437,82909,Rhinolophus ferrumequinum,0.022,0.022,-1,Echolocation,/mnt/ubna_data_01_mir/recover-20220825/UBNA_002/20220823_033000.WAV,Telephone Field,recover-20220825,002,1795
1047.5655,1047.5744,28906,39438,Eptesicus serotinus,0.01,0.025,-1,Echolocation,/mnt/ubna_data_01_mir/recover-20220825/UBNA_002/20220823_033000.WAV,Telephone Field,recover-20220825,002,1795
1047.5785,1047.5858,28046,41957,Eptesicus serotinus,0.008,0.026,-1,Echolocation,/mnt/ubna_data_01_mir/recover-20220825/UBNA_002/20220823_033000.WAV,Telephone Field,recover-20220825,002,1795
1047.6045,1047.6434,68437,81953,Rhinolophus ferrumequinum,0.023,0.023,-1,Echolocation,/mnt/ubna_data_01_mir/recover-20220825/UBNA_002/20220823_033000.WAV,Telephone Field,recover-20220825,002,1795
1047.6115,1047.6236,26328,32675,Eptesicus serotinus,0.085,0.14,-1,Echolocation,/mnt/ubna_data_01_mir/recover-20220825/UBNA_002/20220823_033000.WAV,Telephone Field,recover-20220825,002,1795
1047.6325,1047.6406,23750,31386,Plecotus austriacus,0.007,0.021,-1,Echolocation,/mnt/ubna_data_01_mir/recover-20220825/UBNA_002/20220823_033000.WAV,Telephone Field,recover-20220825,002,1795
1047.6605,1047.6702,28906,36781,Eptesicus serotinus,0.014,0.027,-1,Echolocation,/mnt/ubna_data_01_mir/recover-20220825/UBNA_002/20220823_033000.WAV,Telephone Field,recover-20220825,002,1795
1047.6685,1047.7018,68437,80791,Rhinolophus ferrumequinum,0.022,0.022,-1,Echolocation,/mnt/ubna_data_01_mir/recover-20220825/UBNA_002/20220823_033000.WAV,Telephone Field,recover-20220825,002,1795
1047.6845,1047.7225,68437,82156,Rhinolophus ferrumequinum,0.028,0.028,-1,Echolocation,/mnt/ubna_data_01_mir/recover-20220825/UBNA_002/20220823_033000.WAV,Telephone Field,recover-20220825,002,1795
1047.6895,1047.7072,25468,29892,Nyctalus leisleri,0.055,0.129,-1,Echolocation,/mnt/ubna_data_01_mir/recover-20220825/UBNA_002/20220823_033000.WAV,Telephone Field,recover-20220825,002,1795
1047.6965,1047.7346,68437,81502,Rhinolophus ferrumequinum,0.022,0.022,-1,Echolocation,/mnt/ubna_data_01_mir/recover-20220825/UBNA_002/20220823_033000.WAV,Telephone Field,recover-20220825,002,1795
1047.7315,1047.7708,68437,81708,Rhinolophus ferrumequinum,0.023,0.023,-1,Echolocation,/mnt/ubna_data_01_mir/recover-20220825/UBNA_002/20220823_033000.WAV,Telephone Field,recover-20220825,002,1795
1047.7585,1047.7647,38359,48029,Myotis daubentonii,0.015,0.033,-1,Echolocation,/mnt/ubna_data_01_mir/recover-20220825/UBNA_002/20220823_033000.WAV,Telephone Field,recover-20220825,002,1795
1047.7595,1047.7656,28906,56758,Myotis daubentonii,0.016,0.037,-1,Echolocation,/mnt/ubna_data_01_mir/recover-20220825/UBNA_002/20220823_033000.WAV,Telephone Field,recover-20220825,002,1795
1047.7595,1047.7664,44375,48286,Pipistrellus pipistrellus,0.027,0.03,-1,Echolocation,/mnt/ubna_data_01_mir/recover-20220825/UBNA_002/20220823_033000.WAV,Telephone Field,recover-20220825,002,1795
1047.7685,1047.8093,68437,83208,Rhinolophus ferrumequinum,0.03,0.03,-1,Echolocation,/mnt/ubna_data_01_mir/recover-20220825/UBNA_002/20220823_033000.WAV,Telephone Field,recover-20220825,002,1795
1047.7735,1047.7827,25468,33428,Eptesicus serotinus,0.344,0.546,-1,Echolocation,/mnt/ubna_data_01_mir/recover-20220825/UBNA_002/20220823_033000.WAV,Telephone Field,recover-20220825,002,1795
1047.7865,1047.8239,68437,82310,Rhinolophus ferrumequinum,0.025,0.025,-1,Echolocation,/mnt/ubna_data_01_mir/recover-20220825/UBNA_002/20220823_033000.WAV,Telephone Field,recover-20220825,002,1795
1047.7975,1047.8358,68437,81646,Rhinolophus ferrumequinum,0.021,0.021,-1,Echolocation,/mnt/ubna_data_01_mir/recover-20220825/UBNA_002/20220823_033000.WAV,Telephone Field,recover-20220825,002,1795
1047.8155,1047.8531,68437,82518,Rhinolophus ferrumequinum,0.022,0.022,-1,Echolocation,/mnt/ubna_data_01_mir/recover-20220825/UBNA_002/20220823_033000.WAV,Telephone Field,recover-20220825,002,1795
1047.8535,1047.8648,28046,35486,Eptesicus serotinus,0.017,0.031,-1,Echolocation,/mnt/ubna_data_01_mir/recover-20220825/UBNA_002/20220823_033000.WAV,Telephone Field,recover-20220825,002,1795
1047.8655,1047.8769,26328,33560,Eptesicus serotinus,0.071,0.109,-1,Echolocation,/mnt/ubna_data_01_mir/recover-20220825/UBNA_002/20220823_033000.WAV,Telephone Field,recover-20220825,002,1795
1047.8935,1047.9315,68437,82045,Rhinolophus ferrumequinum,0.022,0.022,-1,Echolocation,/mnt/ubna_data_01_mir/recover-20220825/UBNA_002/20220823_033000.WAV,Telephone Field,recover-20220825,002,1795
1047.9085,1047.9203,36640,41409,Pipistrellus nathusii,0.008,0.025,-1,Echolocation,/mnt/ubna_data_01_mir/recover-20220825/UBNA_002/20220823_033000.WAV,Telephone Field,recover-20220825,002,1795
1047.9525,1047.9659,25468,31383,Eptesicus serotinus,0.105,0.204,-1,Echolocation,/mnt/ubna_data_01_mir/recover-20220825/UBNA_002/20220823_033000.WAV,Telephone Field,recover-20220825,002,1795
1047.9675,1047.98,43515,50013,Pipistrellus pipistrellus,0.027,0.041,-1,Echolocation,/mnt/ubna_data_01_mir/recover-20220825/UBNA_002/20220823_033000.WAV,Telephone Field,recover-20220825,002,1795
1047.9845,1047.9942,28906,37266,Eptesicus serotinus,0.009,0.023,-1,Echolocation,/mnt/ubna_data_01_mir/recover-20220825/UBNA_002/20220823_033000.WAV,Telephone Field,recover-20220825,002,1795
1048.0015,1048.0098,48671,55267,Pipistrellus pipistrellus,0.022,0.03,-1,Echolocation,/mnt/ubna_data_01_mir/recover-20220825/UBNA_002/20220823_033000.WAV,Telephone Field,recover-20220825,002,1795
1048.0015,1048.0121,22890,28601,Nyctalus leisleri,0.016,0.033,-1,Echolocation,/mnt/ubna_data_01_mir/recover-20220825/UBNA_002/20220823_033000.WAV,Telephone Field,recover-20220825,002,1795
1048.0015,1048.0331,68437,79854,Rhinolophus ferrumequinum,0.043,0.043,-1,Echolocation,/mnt/ubna_data_01_mir/recover-20220825/UBNA_002/20220823_033000.WAV,Telephone Field,recover-20220825,002,1795
1048.0145,1048.0236,28046,37674,Eptesicus serotinus,0.01,0.026,-1,Echolocation,/mnt/ubna_data_01_mir/recover-20220825/UBNA_002/20220823_033000.WAV,Telephone Field,recover-20220825,002,1795
1048.0375,1048.0485,27187,31933,Nyctalus leisleri,0.191,0.356,-1,Echolocation,/mnt/ubna_data_01_mir/recover-20220825/UBNA_002/20220823_033000.WAV,Telephone Field,recover-20220825,002,1795
1048.0435,1048.0818,68437,82409,Rhinolophus ferrumequinum,0.024,0.024,-1,Echolocation,/mnt/ubna_data_01_mir/recover-20220825/UBNA_002/20220823_033000.WAV,Telephone Field,recover-20220825,002,1795
1048.0515,1048.0913,68437,82871,Rhinolophus ferrumequinum,0.028,0.028,-1,Echolocation,/mnt/ubna_data_01_mir/recover-20220825/UBNA_002/20220823_033000.WAV,Telephone Field,recover-20220825,002,1795
1048.0595,1048.103,68437,83379,Rhinolophus ferrumequinum,0.029,0.029,-1,Echolocation,/mnt/ubna_data_01_mir/recover-20220825/UBNA_002/20220823_033000.WAV,Telephone Field,recover-20220825,002,1795
1048.0855,1048.1279,68437,82967,Rhinolophus ferrumequinum,0.026,0.026,-1,Echolocation,/mnt/ubna_data_01_mir/recover-20220825/UBNA_002/20220823_033000.WAV,Telephone Field,recover-20220825,002,1795
1048.1195,1048.1588,68437,82836,Rhinolophus ferrumequinum,0.032,0.032,-1,Echolocation,/mnt/ubna_data_01_mir/recover-20220825/UBNA_002/20220823_033000.WAV,Telephone Field,recover-20220825,002,1795
1048.1325,1048.1487,25468,30735,Eptesicus serotinus,0.078,0.169,-1,Echolocation,/mnt/ubna_data_01_mir/recover-20220825/UBNA_002/20220823_033000.WAV,Telephone Field,recover-20220825,002,1795
1048.1635,1048.2046,68437,82749,Rhinolophus ferrumequinum,0.024,0.024,-1,Echolocation,/mnt/ubna_data_01_mir/recover-20220825/UBNA_002/20220823_033000.WAV,Telephone Field,recover-20220825,002,1795
1048.1725,1048.1814,42656,50606,Pipistrellus nathusii,0.387,0.585,-1,Echolocation,/mnt/ubna_data_01_mir/recover-20220825/UBNA_002/20220823_033000.WAV,Telephone Field,recover-20220825,002,1795
1048.2225,1048.2335,24609,30927,Nyctalus leisleri,0.01,0.027,-1,Echolocation,/mnt/ubna_data_01_mir/recover-20220825/UBNA_002/20220823_033000.WAV,Telephone Field,recover-20220825,002,1795
1048.2415,1048.2503,39218,44226,Pipistrellus nathusii,0.013,0.023,-1,Echolocation,/mnt/ubna_data_01_mir/recover-20220825/UBNA_002/20220823_033000.WAV,Telephone Field,recover-20220825,002,1795
1048.2515,1048.2617,28046,36025,Eptesicus serotinus,0.011,0.027,-1,Echolocation,/mnt/ubna_data_01_mir/recover-20220825/UBNA_002/20220823_033000.WAV,Telephone Field,recover-20220825,002,1795
1048.3015,1048.3365,68437,81940,Rhinolophus ferrumequinum,0.023,0.023,-1,Echolocation,/mnt/ubna_data_01_mir/recover-20220825/UBNA_002/20220823_033000.WAV,Telephone Field,recover-20220825,002,1795
1048.3125,1048.3234,26328,31847,Eptesicus serotinus,0.024,0.054,-1,Echolocation,/mnt/ubna_data_01_mir/recover-20220825/UBNA_002/20220823_033000.WAV,Telephone Field,recover-20220825,002,1795
1048.3225,1048.3613,68437,82698,Rhinolophus ferrumequinum,0.029,0.029,-1,Echolocation,/mnt/ubna_data_01_mir/recover-20220825/UBNA_002/20220823_033000.WAV,Telephone Field,recover-20220825,002,1795
1048.3265,1048.3366,43515,48555,Pipistrellus pipistrellus,0.048,0.061,-1,Echolocation,/mnt/ubna_data_01_mir/recover-20220825/UBNA_002/20220823_033000.WAV,Telephone Field,recover-20220825,002,1795
1048.3395,1048.3468,27187,38996,Eptesicus serotinus,0.007,0.023,-1,Echolocation,/mnt/ubna_data_01_mir/recover-20220825/UBNA_002/20220823_033000.WAV,Telephone Field,recover-20220825,002,1795
1048.3675,1048.3774,28046,36472,Eptesicus serotinus,0.011,0.025,-1,Echolocation,/mnt/ubna_data_01_mir/recover-20220825/UBNA_002/20220823_033000.WAV,Telephone Field,recover-20220825,002,1795
1048.3725,1048.4141,68437,82888,Rhinolophus ferrumequinum,0.024,0.024,-1,Echolocation,/mnt/ubna_data_01_mir/recover-20220825/UBNA_002/20220823_033000.WAV,Telephone Field,recover-20220825,002,1795
1048.3855,1048.3934,49531,57356,Pipistrellus pipistrellus,0.022,0.025,-1,Echolocation,/mnt/ubna_data_01_mir/recover-20220825/UBNA_002/20220823_033000.WAV,Telephone Field,recover-20220825,002,1795
1048.3975,1048.4066,26328,33505,Eptesicus serotinus,0.27,0.387,-1,Echolocation,/mnt/ubna_data_01_mir/recover-20220825/UBNA_002/20220823_033000.WAV,Telephone Field,recover-20220825,002,1795
1048.4085,1048.4426,68437,81579,Rhinolophus ferrumequinum,0.033,0.033,-1,Echolocation,/mnt/ubna_data_01_mir/recover-20220825/UBNA_002/20220823_033000.WAV,Telephone Field,recover-20220825,002,1795
1048.4175,1048.4263,44375,49537,Pipistrellus nathusii,0.265,0.357,-1,Echolocation,/mnt/ubna_data_01_mir/recover-20220825/UBNA_002/20220823_033000.WAV,Telephone Field,recover-20220825,002,1795
1048.4175,1048.4238,32343,60109,Myotis brandtii,0.011,0.024,-1,Echolocation,/mnt/ubna_data_01_mir/recover-20220825/UBNA_002/20220823_033000.WAV,Telephone Field,recover-20220825,002,1795
1048.4915,1048.5022,25468,32710,Eptesicus serotinus,0.011,0.03,-1,Echolocation,/mnt/ubna_data_01_mir/recover-20220825/UBNA_002/20220823_033000.WAV,Telephone Field,recover-20220825,002,1795
1048.5355,1048.5443,42656,50275,Pipistrellus nathusii,0.011,0.03,-1,Echolocation,/mnt/ubna_data_01_mir/recover-20220825/UBNA_002/20220823_033000.WAV,Telephone Field,recover-20220825,002,1795
1048.5415,1048.5483,29765,51997,Myotis daubentonii,0.015,0.024,-1,Echolocation,/mnt/ubna_data_01_mir/recover-20220825/UBNA_002/20220823_033000.WAV,Telephone Field,recover-20220825,002,1795
1048.5575,1048.5973,68437,82073,Rhinolophus ferrumequinum,0.028,0.028,-1,Echolocation,/mnt/ubna_data_01_mir/recover-20220825/UBNA_002/20220823_033000.WAV,Telephone Field,recover-20220825,002,1795
1048.5635,1048.5715,23750,32282,Plecotus austriacus,0.008,0.023,-1,Echolocation,/mnt/ubna_data_01_mir/recover-20220825/UBNA_002/20220823_033000.WAV,Telephone Field,recover-20220825,002,1795
1048.5975,1048.6373,68437,82783,Rhinolophus ferrumequinum,0.027,0.027,-1,Echolocation,/mnt/ubna_data_01_mir/recover-20220825/UBNA_002/20220823_033000.WAV,Telephone Field,recover-20220825,002,1795
1048.5995,1048.6095,26328,32909,Eptesicus serotinus,0.089,0.171,-1,Echolocation,/mnt/ubna_data_01_mir/recover-20220825/UBNA_002/20220823_033000.WAV,Telephone Field,recover-20220825,002,1795
1048.6315,1048.6416,41796,47184,Pipistrellus nathusii,0.364,0.394,-1,Echolocation,/mnt/ubna_data_01_mir/recover-20220825/UBNA_002/20220823_033000.WAV,Telephone Field,recover-20220825,002,1795
1048.6335,1048.6705,68437,82136,Rhinolophus ferrumequinum,0.023,0.023,-1,Echolocation,/mnt/ubna_data_01_mir/recover-20220825/UBNA_002/20220823_033000.WAV,Telephone Field,recover-20220825,002,1795
1048.7025,1048.723,21171,24625,Nyctalus leisleri,0.014,0.028,-1,Echolocation,/mnt/ubna_data_01_mir/recover-20220825/UBNA_002/20220823_033000.WAV,Telephone Field,recover-20220825,002,1795
1048.7075,1048.7485,68437,82854,Rhinolophus ferrumequinum,0.033,0.033,-1,Echolocation,/mnt/ubna_data_01_mir/recover-20220825/UBNA_002/20220823_033000.WAV,Telephone Field,recover-20220825,002,1795
1048.7115,1048.7241,24609,30578,Eptesicus serotinus,0.012,0.032,-1,Echolocation,/mnt/ubna_data_01_mir/recover-20220825/UBNA_002/20220823_033000.WAV,Telephone Field,recover-20220825,002,1795
1048.7355,1048.7426,40937,52375,Pipistrellus nathusii,0.292,0.447,-1,Echolocation,/mnt/ubna_data_01_mir/recover-20220825/UBNA_002/20220823_033000.WAV,Telephone Field,recover-20220825,002,1795
1048.7365,1048.7423,30625,63650,Myotis brandtii,0.026,0.064,-1,Echolocation,/mnt/ubna_data_01_mir/recover-20220825/UBNA_002/20220823_033000.WAV,Telephone Field,recover-20220825,002,1795
1048.7465,1048.7848,68437,82347,Rhinolophus ferrumequinum,0.024,0.024,-1,Echolocation,/mnt/ubna_data_01_mir/recover-20220825/UBNA_002/20220823_033000.WAV,Telephone Field,recover-20220825,002,1795
1048.7925,1048.8313,68437,82069,Rhinolophus ferrumequinum,0.025,0.025,-1,Echolocation,/mnt/ubna_data_01_mir/recover-20220825/UBNA_002/20220823_033000.WAV,Telephone Field,recover-20220825,002,1795
1048.8385,1048.8462,41796,47896,Pipistrellus nathusii,0.497,0.531,-1,Echolocation,/mnt/ubna_data_01_mir/recover-20220825/UBNA_002/20220823_033000.WAV,Telephone Field,recover-20220825,002,1795
1048.8605,1048.9012,68437,82892,Rhinolophus ferrumequinum,0.023,0.023,-1,Echolocation,/mnt/ubna_data_01_mir/recover-20220825/UBNA_002/20220823_033000.WAV,Telephone Field,recover-20220825,002,1795
1048.8765,1048.8916,14296,19373,Nyctalus noctula,0.016,0.025,-1,Echolocation,/mnt/ubna_data_01_mir/recover-20220825/UBNA_002/20220823_033000.WAV,Telephone Field,recover-20220825,002,1795
1048.9015,1048.9085,34062,42001,Myotis daubentonii,0.01,0.025,-1,Echolocation,/mnt/ubna_data_01_mir/recover-20220825/UBNA_002/20220823_033000.WAV,Telephone Field,recover-20220825,002,1795
1048.9025,1048.9102,28046,37297,Eptesicus serotinus,0.008,0.025,-1,Echolocation,/mnt/ubna_data_01_mir/recover-20220825/UBNA_002/20220823_033000.WAV,Telephone Field,recover-20220825,002,1795
1048.9215,1048.9315,23750,30456,Nyctalus leisleri,0.008,0.026,-1,Echolocation,/mnt/ubna_data_01_mir/recover-20220825/UBNA_002/20220823_033000.WAV,Telephone Field,recover-20220825,002,1795
1048.9425,1048.9505,41796,49055,Pipistrellus nathusii,0.119,0.209,-1,Echolocation,/mnt/ubna_data_01_mir/recover-20220825/UBNA_002/20220823_033000.WAV,Telephone Field,recover-20220825,002,1795
1048.9455,1048.9561,25468,33219,Eptesicus serotinus,0.287,0.597,-1,Echolocation,/mnt/ubna_data_01_mir/recover-20220825/UBNA_002/20220823_033000.WAV,Telephone Field,recover-20220825,002,1795
1048.9525,1048.9917,68437,82170,Rhinolophus ferrumequinum,0.026,0.026,-1,Echolocation,/mnt/ubna_data_01_mir/recover-20220825/UBNA_002/20220823_033000.WAV,Telephone Field,recover-20220825,002,1795
1049.0155,1049.0555,68437,82569,Rhinolophus ferrumequinum,0.027,0.027,-1,Echolocation,/mnt/ubna_data_01_mir/recover-20220825/UBNA_002/20220823_033000.WAV,Telephone Field,recover-20220825,002,1795
1049.0395,1049.048,41796,49631,Pipistrellus nathusii,0.228,0.278,-1,Echolocation,/mnt/ubna_data_01_mir/recover-20220825/UBNA_002/20220823_033000.WAV,Telephone Field,recover-20220825,002,1795
1049.0405,1049.0464,31484,58393,Myotis daubentonii,0.013,0.035,-1,Echolocation,/mnt/ubna_data_01_mir/recover-20220825/UBNA_002/20220823_033000.WAV,Telephone Field,recover-20220825,002,1795
1049.0505,1049.0892,68437,81969,Rhinolophus ferrumequinum,0.023,0.023,-1,Echolocation,/mnt/ubna_data_01_mir/recover-20220825/UBNA_002/20220823_033000.WAV,Telephone Field,recover-20220825,002,1795
1049.0655,1049.0744,23750,30790,Nyctalus leisleri,0.007,0.023,-1,Echolocation,/mnt/ubna_data_01_mir/recover-20220825/UBNA_002/20220823_033000.WAV,Telephone Field,recover-20220825,002,1795
1049.0825,1049.0931,23750,33612,Eptesicus serotinus,0.418,0.615,-1,Echolocation,/mnt/ubna_data_01_mir/recover-20220825/UBNA_002/20220823_033000.WAV,Telephone Field,recover-20220825,002,1795
1049.1365,1049.1453,41796,50984,Pipistrellus nathusii,0.027,0.055,-1,Echolocation,/mnt/ubna_data_01_mir/recover-20220825/UBNA_002/20220823_033000.WAV,Telephone Field,recover-20220825,002,1795
1049.1955,1049.2038,25468,34007,Eptesicus serotinus,0.007,0.023,-1,Echolocation,/mnt/ubna_data_01_mir/recover-20220825/UBNA_002/20220823_033000.WAV,Telephone Field,recover-20220825,002,1795
1049.2155,1049.2255,24609,32657,Eptesicus serotinus,0.296,0.621,-1,Echolocation,/mnt/ubna_data_01_mir/recover-20220825/UBNA_002/20220823_033000.WAV,Telephone Field,recover-20220825,002,1795
1049.2515,1049.261,28046,38184,Eptesicus serotinus,0.01,0.026,-1,Echolocation,/mnt/ubna_data_01_mir/recover-20220825/UBNA_002/20220823_033000.WAV,Telephone Field,recover-20220825,002,1795
1049.2515,1049.2639,34921,40444,Pipistrellus nathusii,0.03,0.059,-1,Echolocation,/mnt/ubna_data_01_mir/recover-20220825/UBNA_002/20220823_033000.WAV,Telephone Field,recover-20220825,002,1795
1049.2745,1049.3138,68437,82451,Rhinolophus ferrumequinum,0.025,0.025,-1,Echolocation,/mnt/ubna_data_01_mir/recover-20220825/UBNA_002/20220823_033000.WAV,Telephone Field,recover-20220825,002,1795
1049.2905,1049.2971,28046,40521,Eptesicus serotinus,0.007,0.03,-1,Echolocation,/mnt/ubna_data_01_mir/recover-20220825/UBNA_002/20220823_033000.WAV,Telephone Field,recover-20220825,002,1795
1049.3105,1049.3214,27187,34695,Eptesicus serotinus,0.011,0.024,-1,Echolocation,/mnt/ubna_data_01_mir/recover-20220825/UBNA_002/20220823_033000.WAV,Telephone Field,recover-20220825,002,1795
1049.3155,1049.324,41796,50591,Pipistrellus nathusii,0.007,0.024,-1,Echolocation,/mnt/ubna_data_01_mir/recover-20220825/UBNA_002/20220823_033000.WAV,Telephone Field,recover-20220825,002,1795
1049.3475,1049.3578,24609,33375,Eptesicus serotinus,0.281,0.57,-1,Echolocation,/mnt/ubna_data_01_mir/recover-20220825/UBNA_002/20220823_033000.WAV,Telephone Field,recover-20220825,002,1795
1049.3725,1049.3797,51250,57783,Pipistrellus pipistrellus,0.024,0.028,-1,Echolocation,/mnt/ubna_data_01_mir/recover-20220825/UBNA_002/20220823_033000.WAV,Telephone Field,recover-20220825,002,1795
1049.4415,1049.4799,68437,82152,Rhinolophus ferrumequinum,0.025,0.025,-1,Echolocation,/mnt/ubna_data_01_mir/recover-20220825/UBNA_002/20220823_033000.WAV,Telephone Field,recover-20220825,002,1795
1049.4595,1049.4678,47812,53045,Pipistrellus pipistrellus,0.022,0.024,-1,Echolocation,/mnt/ubna_data_01_mir/recover-20220825/UBNA_002/20220823_033000.WAV,Telephone Field,recover-20220825,002,1795
1049.4615,1049.4697,26328,34691,Eptesicus serotinus,0.008,0.024,-1,Echolocation,/mnt/ubna_data_01_mir/recover-20220825/UBNA_002/20220823_033000.WAV,Telephone Field,recover-20220825,002,1795
1049.4865,1049.4968,24609,32413,Eptesicus serotinus,0.227,0.411,-1,Echolocation,/mnt/ubna_data_01_mir/recover-20220825/UBNA_002/20220823_033000.WAV,Telephone Field,recover-20220825,002,1795
1049.5255,1049.5338,26328,37070,Eptesicus serotinus,0.009,0.026,-1,Echolocation,/mnt/ubna_data_01_mir/recover-20220825/UBNA_002/20220823_033000.WAV,Telephone Field,recover-20220825,002,1795
1049.5265,1049.5332,31484,42617,Myotis daubentonii,0.012,0.025,-1,Echolocation,/mnt/ubna_data_01_mir/recover-20220825/UBNA_002/20220823_033000.WAV,Telephone Field,recover-20220825,002,1795
1049.5485,1049.5581,27187,36174,Eptesicus serotinus,0.01,0.024,-1,Echolocation,/mnt/ubna_data_01_mir/recover-20220825/UBNA_002/20220823_033000.WAV,Telephone Field,recover-20220825,002,1795
1049.5485,1049.5882,68437,82453,Rhinolophus ferrumequinum,0.024,0.024,-1,Echolocation,/mnt/ubna_data_01_mir/recover-20220825/UBNA_002/20220823_033000.WAV,Telephone Field,recover-20220825,002,1795
1049.6055,1049.6135,28906,37508,Eptesicus serotinus,0.008,0.025,-1,Echolocation,/mnt/ubna_data_01_mir/recover-20220825/UBNA_002/20220823_033000.WAV,Telephone Field,recover-20220825,002,1795
1049.6255,1049.6358,24609,32842,Eptesicus serotinus,0.317,0.564,-1,Echolocation,/mnt/ubna_data_01_mir/recover-20220825/UBNA_002/20220823_033000.WAV,Telephone Field,recover-20220825,002,1795
1049.6315,1049.6386,47812,53118,Pipistrellus pipistrellus,0.028,0.03,-1,Echolocation,/mnt/ubna_data_01_mir/recover-20220825/UBNA_002/20220823_033000.WAV,Telephone Field,recover-20220825,002,1795
1049.6445,1049.6516,47812,55484,Pipistrellus pipistrellus,0.025,0.028,-1,Echolocation,/mnt/ubna_data_01_mir/recover-20220825/UBNA_002/20220823_033000.WAV,Telephone Field,recover-20220825,002,1795
1049.6595,1049.669,34062,40065,Barbastellus barbastellus,0.013,0.028,-1,Echolocation,/mnt/ubna_data_01_mir/recover-20220825/UBNA_002/20220823_033000.WAV,Telephone Field,recover-20220825,002,1795
1049.6615,1049.6692,29765,38796,Myotis daubentonii,0.009,0.027,-1,Echolocation,/mnt/ubna_data_01_mir/recover-20220825/UBNA_002/20220823_033000.WAV,Telephone Field,recover-20220825,002,1795
1049.6765,1049.7146,68437,81565,Rhinolophus ferrumequinum,0.025,0.025,-1,Echolocation,/mnt/ubna_data_01_mir/recover-20220825/UBNA_002/20220823_033000.WAV,Telephone Field,recover-20220825,002,1795
1049.7155,1049.7259,23750,29829,Nyctalus leisleri,0.01,0.026,-1,Echolocation,/mnt/ubna_data_01_mir/recover-20220825/UBNA_002/20220823_033000.WAV,Telephone Field,recover-20220825,002,1795
1049.7325,1049.747,14296,20963,Nyctalus noctula,0.017,0.025,-1,Echolocation,/mnt/ubna_data_01_mir/recover-20220825/UBNA_002/20220823_033000.WAV,Telephone Field,recover-20220825,002,1795
1049.7635,1049.7738,26328,31572,Eptesicus serotinus,0.025,0.067,-1,Echolocation,/mnt/ubna_data_01_mir/recover-20220825/UBNA_002/20220823_033000.WAV,Telephone Field,recover-20220825,002,1795
1049.7785,1049.7883,43515,50211,Pipistrellus pipistrellus,0.016,0.032,-1,Echolocation,/mnt/ubna_data_01_mir/recover-20220825/UBNA_002/20220823_033000.WAV,Telephone Field,recover-20220825,002,1795
1049.7795,1049.8192,68437,82343,Rhinolophus ferrumequinum,0.035,0.035,-1,Echolocation,/mnt/ubna_data_01_mir/recover-20220825/UBNA_002/20220823_033000.WAV,Telephone Field,recover-20220825,002,1795
1049.7865,1049.8242,68437,82164,Rhinolophus ferrumequinum,0.027,0.027,-1,Echolocation,/mnt/ubna_data_01_mir/recover-20220825/UBNA_002/20220823_033000.WAV,Telephone Field,recover-20220825,002,1795
1049.8715,1049.8826,24609,31570,Eptesicus serotinus,0.273,0.438,-1,Echolocation,/mnt/ubna_data_01_mir/recover-20220825/UBNA_002/20220823_033000.WAV,Telephone Field,recover-20220825,002,1795
1049.8745,1049.9127,68437,82036,Rhinolophus ferrumequinum,0.024,0.024,-1,Echolocation,/mnt/ubna_data_01_mir/recover-20220825/UBNA_002/20220823_033000.WAV,Telephone Field,recover-20220825,002,1795
1049.8915,1049.9039,28906,35145,Eptesicus serotinus,0.015,0.027,-1,Echolocation,/mnt/ubna_data_01_mir/recover-20220825/UBNA_002/20220823_033000.WAV,Telephone Field,recover-20220825,002,1795
1049.9045,1049.9452,68437,82628,Rhinolophus ferrumequinum,0.025,0.025,-1,Echolocation,/mnt/ubna_data_01_mir/recover-20220825/UBNA_002/20220823_033000.WAV,Telephone Field,recover-20220825,002,1795
1049.9105,1049.9511,68437,82486,Rhinolophus ferrumequinum,0.025,0.025,-1,Echolocation,/mnt/ubna_data_01_mir/recover-20220825/UBNA_002/20220823_033000.WAV,Telephone Field,recover-20220825,002,1795
1049.9225,1049.9317,28046,36796,Eptesicus serotinus,0.01,0.026,-1,Echolocation,/mnt/ubna_data_01_mir/recover-20220825/UBNA_002/20220823_033000.WAV,Telephone Field,recover-20220825,002,1795
1049.9465,1049.9635,22031,25947,Nyctalus leisleri,0.016,0.031,-1,Echolocation,/mnt/ubna_data_01_mir/recover-20220825/UBNA_002/20220823_033000.WAV,Telephone Field,recover-20220825,002,1795
1049.9795,1049.9894,40937,45968,Pipistrellus nathusii,0.116,0.147,-1,Echolocation,/mnt/ubna_data_01_mir/recover-20220825/UBNA_002/20220823_033000.WAV,Telephone Field,recover-20220825,002,1795
1050.0015,1050.0342,68437,79861,Rhinolophus ferrumequinum,0.038,0.038,-1,Echolocation,/mnt/ubna_data_01_mir/recover-20220825/UBNA_002/20220823_033000.WAV,Telephone Field,recover-20220825,002,1795
1050.0015,1050.0117,47812,53946,Pipistrellus pipistrellus,0.018,0.024,-1,Echolocation,/mnt/ubna_data_01_mir/recover-20220825/UBNA_002/20220823_033000.WAV,Telephone Field,recover-20220825,002,1795
1050.0015,1050.0119,22890,28594,Nyctalus leisleri,0.013,0.03,-1,Echolocation,/mnt/ubna_data_01_mir/recover-20220825/UBNA_002/20220823_033000.WAV,Telephone Field,recover-20220825,002,1795
1050.0095,1050.0504,68437,82230,Rhinolophus ferrumequinum,0.023,0.023,-1,Echolocation,/mnt/ubna_data_01_mir/recover-20220825/UBNA_002/20220823_033000.WAV,Telephone Field,recover-20220825,002,1795
1050.0195,1050.0291,23750,30454,Nyctalus leisleri,0.008,0.024,-1,Echolocation,/mnt/ubna_data_01_mir/recover-20220825/UBNA_002/20220823_033000.WAV,Telephone Field,recover-20220825,002,1795
1050.0255,1050.0335,27187,37167,Eptesicus serotinus,0.008,0.024,-1,Echolocation,/mnt/ubna_data_01_mir/recover-20220825/UBNA_002/20220823_033000.WAV,Telephone Field,recover-20220825,002,1795
1050.0275,1050.0351,42656,50494,Pipistrellus nathusii,0.015,0.028,-1,Echolocation,/mnt/ubna_data_01_mir/recover-20220825/UBNA_002/20220823_033000.WAV,Telephone Field,recover-20220825,002,1795
1050.0765,1050.086,41796,45668,Pipistrellus nathusii,0.026,0.037,-1,Echolocation,/mnt/ubna_data_01_mir/recover-20220825/UBNA_002/20220823_033000.WAV,Telephone Field,recover-20220825,002,1795
1050.0785,1050.0868,26328,35584,Eptesicus serotinus,0.008,0.023,-1,Echolocation,/mnt/ubna_data_01_mir/recover-20220825/UBNA_002/20220823_033000.WAV,Telephone Field,recover-20220825,002,1795
1050.0945,1050.1075,53828,59418,Pipistrellus pygmaeus,0.017,0.022,-1,Echolocation,/mnt/ubna_data_01_mir/recover-20220825/UBNA_002/20220823_033000.WAV,Telephone Field,recover-20220825,002,1795
1050.0955,1050.132,68437,80863,Rhinolophus ferrumequinum,0.021,0.021,-1,Echolocation,/mnt/ubna_data_01_mir/recover-20220825/UBNA_002/20220823_033000.WAV,Telephone Field,recover-20220825,002,1795
1050.1005,1050.1086,27187,38451,Eptesicus serotinus,0.008,0.023,-1,Echolocation,/mnt/ubna_data_01_mir/recover-20220825/UBNA_002/20220823_033000.WAV,Telephone Field,recover-20220825,002,1795
1050.1255,1050.1349,22890,28238,Nyctalus leisleri,0.008,0.021,-1,Echolocation,/mnt/ubna_data_01_mir/recover-20220825/UBNA_002/20220823_033000.WAV,Telephone Field,recover-20220825,002,1795
1050.1465,1050.1558,34062,41245,Barbastellus barbastellus,0.008,0.027,-1,Echolocation,/mnt/ubna_data_01_mir/recover-20220825/UBNA_002/20220823_033000.WAV,Telephone Field,recover-20220825,002,1795
1050.1485,1050.1612,53828,58924,Pipistrellus pygmaeus,0.022,0.024,-1,Echolocation,/mnt/ubna_data_01_mir/recover-20220825/UBNA_002/20220823_033000.WAV,Telephone Field,recover-20220825,002,1795
1050.1725,1050.1795,40078,46825,Pipistrellus nathusii,0.413,0.491,-1,Echolocation,/mnt/ubna_data_01_mir/recover-20220825/UBNA_002/20220823_033000.WAV,Telephone Field,recover-20220825,002,1795
1050.1725,1050.1855,23750,29265,Eptesicus serotinus,0.124,0.224,-1,Echolocation,/mnt/ubna_data_01_mir/recover-20220825/UBNA_002/20220823_033000.WAV,Telephone Field,recover-20220825,002,1795
1050.2085,1050.2451,68437,81804,Rhinolophus ferrumequinum,0.021,0.021,-1,Echolocation,/mnt/ubna_data_01_mir/recover-20220825/UBNA_002/20220823_033000.WAV,Telephone Field,recover-20220825,002,1795
1050.2235,1050.2307,28046,37999,Eptesicus serotinus,0.007,0.027,-1,Echolocation,/mnt/ubna_data_01_mir/recover-20220825/UBNA_002/20220823_033000.WAV,Telephone Field,recover-20220825,002,1795
1050.2675,1050.2744,40078,49269,Pipistrellus nathusii,0.269,0.399,-1,Echolocation,/mnt/ubna_data_01_mir/recover-20220825/UBNA_002/20220823_033000.WAV,Telephone Field,recover-20220825,002,1795
1050.2805,1050.2858,49531,56860,Pipistrellus pipistrellus,0.018,0.023,-1,Echolocation,/mnt/ubna_data_01_mir/recover-20220825/UBNA_002/20220823_033000.WAV,Telephone Field,recover-20220825,002,1795
1050.2875,1050.2963,26328,36455,Eptesicus serotinus,0.009,0.023,-1,Echolocation,/mnt/ubna_data_01_mir/recover-20220825/UBNA_002/20220823_033000.WAV,Telephone Field,recover-20220825,002,1795
1050.2985,1050.307,28046,36239,Eptesicus serotinus,0.009,0.021,-1,Echolocation,/mnt/ubna_data_01_mir/recover-20220825/UBNA_002/20220823_033000.WAV,Telephone Field,recover-20220825,002,1795
1050.3135,1050.3283,22031,28679,Nyctalus noctula,0.052,0.123,-1,Echolocation,/mnt/ubna_data_01_mir/recover-20220825/UBNA_002/20220823_033000.WAV,Telephone Field,recover-20220825,002,1795
1050.3325,1050.3722,68437,82658,Rhinolophus ferrumequinum,0.025,0.026,-1,Echolocation,/mnt/ubna_data_01_mir/recover-20220825/UBNA_002/20220823_033000.WAV,Telephone Field,recover-20220825,002,1795
1050.3345,1050.3449,23750,29399,Nyctalus leisleri,0.008,0.022,-1,Echolocation,/mnt/ubna_data_01_mir/recover-20220825/UBNA_002/20220823_033000.WAV,Telephone Field,recover-20220825,002,1795
1050.3435,1050.3503,25468,35908,Eptesicus serotinus,0.006,0.025,-1,Echolocation,/mnt/ubna_data_01_mir/recover-20220825/UBNA_002/20220823_033000.WAV,Telephone Field,recover-20220825,002,1795
1050.3445,1050.352,38359,45206,Pipistrellus nathusii,0.189,0.38,-1,Echolocation,/mnt/ubna_data_01_mir/recover-20220825/UBNA_002/20220823_033000.WAV,Telephone Field,recover-20220825,002,1795
1050.3735,1050.4151,68437,82897,Rhinolophus ferrumequinum,0.023,0.023,-1,Echolocation,/mnt/ubna_data_01_mir/recover-20220825/UBNA_002/20220823_033000.WAV,Telephone Field,recover-20220825,002,1795
1050.3905,1050.4,28046,36604,Eptesicus serotinus,0.01,0.024,-1,Echolocation,/mnt/ubna_data_01_mir/recover-20220825/UBNA_002/20220823_033000.WAV,Telephone Field,recover-20220825,002,1795
1050.4025,1050.412,28046,35057,Eptesicus serotinus,0.012,0.026,-1,Echolocation,/mnt/ubna_data_01_mir/recover-20220825/UBNA_002/20220823_033000.WAV,Telephone Field,recover-20220825,002,1795
1050.4175,1050.4542,68437,81727,Rhinolophus ferrumequinum,0.022,0.022,-1,Echolocation,/mnt/ubna_data_01_mir/recover-20220825/UBNA_002/20220823_033000.WAV,Telephone Field,recover-20220825,002,1795
1050.4175,1050.4235,40937,50904,Pipistrellus nathusii,0.359,0.492,-1,Echolocation,/mnt/ubna_data_01_mir/recover-20220825/UBNA_002/20220823_033000.WAV,Telephone Field,recover-20220825,002,1795
1050.4515,1050.4895,68437,82073,Rhinolophus ferrumequinum,0.022,0.022,-1,Echolocation,/mnt/ubna_data_01_mir/recover-20220825/UBNA_002/20220823_033000.WAV,Telephone Field,recover-20220825,002,1795
1050.4535,1050.4643,23750,29175,Nyctalus leisleri,0.011,0.025,-1,Echolocation,/mnt/ubna_data_01_mir/recover-20220825/UBNA_002/20220823_033000.WAV,Telephone Field,recover-20220825,002,1795
1050.4835,1050.4903,28046,38774,Eptesicus serotinus,0.008,0.023,-1,Echolocation,/mnt/ubna_data_01_mir/recover-20220825/UBNA_002/20220823_033000.WAV,Telephone Field,recover-20220825,002,1795
1050.4955,1050.5323,68437,81537,Rhinolophus ferrumequinum,0.021,0.021,-1,Echolocation,/mnt/ubna_data_01_mir/recover-20220825/UBNA_002/20220823_033000.WAV,Telephone Field,recover-20220825,002,1795
1050.4965,1050.5027,40078,47429,Pipistrellus nathusii,0.434,0.517,-1,Echolocation,/mnt/ubna_data_01_mir/recover-20220825/UBNA_002/20220823_033000.WAV,Telephone Field,recover-20220825,002,1795
1050.5795,1050.5915,22890,27900,Nyctalus leisleri,0.022,0.065,-1,Echolocation,/mnt/ubna_data_01_mir/recover-20220825/UBNA_002/20220823_033000.WAV,Telephone Field,recover-20220825,002,1795
1050.5825,1050.6204,68437,81632,Rhinolophus ferrumequinum,0.024,0.024,-1,Echolocation,/mnt/ubna_data_01_mir/recover-20220825/UBNA_002/20220823_033000.WAV,Telephone Field,recover-20220825,002,1795
1050.5845,1050.5915,40078,50714,Pipistrellus nathusii,0.297,0.483,-1,Echolocation,/mnt/ubna_data_01_mir/recover-20220825/UBNA_002/20220823_033000.WAV,Telephone Field,recover-20220825,002,1795
1050.6365,1050.6472,22890,27553,Nyctalus leisleri,0.011,0.022,-1,Echolocation,/mnt/ubna_data_01_mir/recover-20220825/UBNA_002/20220823_033000.WAV,Telephone Field,recover-20220825,002,1795
1050.6645,1050.6721,40078,46543,Pipistrellus nathusii,0.183,0.41,-1,Echolocation,/mnt/ubna_data_01_mir/recover-20220825/UBNA_002/20220823_033000.WAV,Telephone Field,recover-20220825,002,1795
1050.6885,1050.73,68437,82114,Rhinolophus ferrumequinum,0.032,0.032,-1,Echolocation,/mnt/ubna_data_01_mir/recover-20220825/UBNA_002/20220823_033000.WAV,Telephone Field,recover-20220825,002,1795
1050.7185,1050.7269,28046,37549,Eptesicus serotinus,0.007,0.021,-1,Echolocation,/mnt/ubna_data_01_mir/recover-20220825/UBNA_002/20220823_033000.WAV,Telephone Field,recover-20220825,002,1795
1050.7565,1050.7615,28906,63573,Myotis brandtii,0.038,0.104,-1,Echolocation,/mnt/ubna_data_01_mir/recover-20220825/UBNA_002/20220823_033000.WAV,Telephone Field,recover-20220825,002,1795
1050.7565,1050.7614,37500,54151,Pipistrellus nathusii,0.201,0.375,-1,Echolocation,/mnt/ubna_data_01_mir/recover-20220825/UBNA_002/20220823_033000.WAV,Telephone Field,recover-20220825,002,1795
1050.8045,1050.814,28046,37189,Eptesicus serotinus,0.013,0.031,-1,Echolocation,/mnt/ubna_data_01_mir/recover-20220825/UBNA_002/20220823_033000.WAV,Telephone Field,recover-20220825,002,1795
1050.8125,1050.826,26328,31577,Eptesicus serotinus,0.013,0.031,-1,Echolocation,/mnt/ubna_data_01_mir/recover-20220825/UBNA_002/20220823_033000.WAV,Telephone Field,recover-20220825,002,1795
1050.8475,1050.8532,40078,52995,Pipistrellus nathusii,0.231,0.409,-1,Echolocation,/mnt/ubna_data_01_mir/recover-20220825/UBNA_002/20220823_033000.WAV,Telephone Field,recover-20220825,002,1795
1050.8565,1050.8651,26328,32450,Eptesicus serotinus,0.008,0.024,-1,Echolocation,/mnt/ubna_data_01_mir/recover-20220825/UBNA_002/20220823_033000.WAV,Telephone Field,recover-20220825,002,1795
1050.9005,1050.9379,68437,81504,Rhinolophus ferrumequinum,0.023,0.023,-1,Echolocation,/mnt/ubna_data_01_mir/recover-20220825/UBNA_002/20220823_033000.WAV,Telephone Field,recover-20220825,002,1795
1050.9185,1050.927,27187,37308,Eptesicus serotinus,0.011,0.026,-1,Echolocation,/mnt/ubna_data_01_mir/recover-20220825/UBNA_002/20220823_033000.WAV,Telephone Field,recover-20220825,002,1795
1050.9455,1050.9513,40078,49505,Barbastellus barbastellus,0.129,0.256,-1,Echolocation,/mnt/ubna_data_01_mir/recover-20220825/UBNA_002/20220823_033000.WAV,Telephone Field,recover-20220825,002,1795
1050.9835,1051.0211,68437,82442,Rhinolophus ferrumequinum,0.021,0.021,-1,Echolocation,/mnt/ubna_data_01_mir/recover-20220825/UBNA_002/20220823_033000.WAV,Telephone Field,recover-20220825,002,1795
1051.0155,1051.0553,68437,81753,Rhinolophus ferrumequinum,0.021,0.021,-1,Echolocation,/mnt/ubna_data_01_mir/recover-20220825/UBNA_002/20220823_033000.WAV,Telephone Field,recover-20220825,002,1795
1051.0365,1051.0467,40078,45283,Pipistrellus nathusii,0.029,0.044,-1,Echolocation,/mnt/ubna_data_01_mir/recover-20220825/UBNA_002/20220823_033000.WAV,Telephone Field,recover-20220825,002,1795
1051.0395,1051.0472,27187,37660,Eptesicus serotinus,0.008,0.022,-1,Echolocation,/mnt/ubna_data_01_mir/recover-20220825/UBNA_002/20220823_033000.WAV,Telephone Field,recover-20220825,002,1795
1051.0695,1051.1068,68437,82141,Rhinolophus ferrumequinum,0.024,0.024,-1,Echolocation,/mnt/ubna_data_01_mir/recover-20220825/UBNA_002/20220823_033000.WAV,Telephone Field,recover-20220825,002,1795
1051.1075,1051.1284,20312,23426,Nyctalus leisleri,0.015,0.027,-1,Echolocation,/mnt/ubna_data_01_mir/recover-20220825/UBNA_002/20220823_033000.WAV,Telephone Field,recover-20220825,002,1795
1051.1295,1051.1356,37500,47381,Myotis brandtii,0.008,0.024,-1,Echolocation,/mnt/ubna_data_01_mir/recover-20220825/UBNA_002/20220823_033000.WAV,Telephone Field,recover-20220825,002,1795
1051.1375,1051.1457,27187,37913,Eptesicus serotinus,0.007,0.021,-1,Echolocation,/mnt/ubna_data_01_mir/recover-20220825/UBNA_002/20220823_033000.WAV,Telephone Field,recover-20220825,002,1795
1051.1485,1051.1878,68437,82162,Rhinolophus ferrumequinum,0.029,0.029,-1,Echolocation,/mnt/ubna_data_01_mir/recover-20220825/UBNA_002/20220823_033000.WAV,Telephone Field,recover-20220825,002,1795
1051.1555,1051.1634,27187,38130,Eptesicus serotinus,0.009,0.026,-1,Echolocation,/mnt/ubna_data_01_mir/recover-20220825/UBNA_002/20220823_033000.WAV,Telephone Field,recover-20220825,002,1795
1051.1875,1051.1971,27187,36118,Eptesicus serotinus,0.013,0.026,-1,Echolocation,/mnt/ubna_data_01_mir/recover-20220825/UBNA_002/20220823_033000.WAV,Telephone Field,recover-20220825,002,1795
1051.2155,1051.2251,43515,47475,Pipistrellus pipistrellus,0.019,0.027,-1,Echolocation,/mnt/ubna_data_01_mir/recover-20220825/UBNA_002/20220823_033000.WAV,Telephone Field,recover-20220825,002,1795
1051.2295,1051.2391,24609,30851,Eptesicus serotinus,0.008,0.025,-1,Echolocation,/mnt/ubna_data_01_mir/recover-20220825/UBNA_002/20220823_033000.WAV,Telephone Field,recover-20220825,002,1795
1051.2715,1051.3112,68437,82339,Rhinolophus ferrumequinum,0.024,0.024,-1,Echolocation,/mnt/ubna_data_01_mir/recover-20220825/UBNA_002/20220823_033000.WAV,Telephone Field,recover-20220825,002,1795
1051.3205,1051.3579,68437,82085,Rhinolophus ferrumequinum,0.022,0.022,-1,Echolocation,/mnt/ubna_data_01_mir/recover-20220825/UBNA_002/20220823_033000.WAV,Telephone Field,recover-20220825,002,1795
1051.3275,1051.3394,32343,35971,Pipistrellus nathusii,0.006,0.025,-1,Echolocation,/mnt/ubna_data_01_mir/recover-20220825/UBNA_002/20220823_033000.WAV,Telephone Field,recover-20220825,002,1795
1051.3285,1051.3382,28046,34466,Eptesicus serotinus,0.012,0.025,-1,Echolocation,/mnt/ubna_data_01_mir/recover-20220825/UBNA_002/20220823_033000.WAV,Telephone Field,recover-20220825,002,1795
1051.3465,1051.3894,68437,83160,Rhinolophus ferrumequinum,0.024,0.024,-1,Echolocation,/mnt/ubna_data_01_mir/recover-20220825/UBNA_002/20220823_033000.WAV,Telephone Field,recover-20220825,002,1795
1051.3675,1051.3749,30625,41017,Myotis daubentonii,0.007,0.023,-1,Echolocation,/mnt/ubna_data_01_mir/recover-20220825/UBNA_002/20220823_033000.WAV,Telephone Field,recover-20220825,002,1795
1051.4235,1051.4311,27187,38303,Eptesicus serotinus,0.007,0.022,-1,Echolocation,/mnt/ubna_data_01_mir/recover-20220825/UBNA_002/20220823_033000.WAV,Telephone Field,recover-20220825,002,1795
1051.4425,1051.481,68437,81719,Rhinolophus ferrumequinum,0.022,0.022,-1,Echolocation,/mnt/ubna_data_01_mir/recover-20220825/UBNA_002/20220823_033000.WAV,Telephone Field,recover-20220825,002,1795
1051.4485,1051.4856,68437,81404,Rhinolophus ferrumequinum,0.021,0.022,-1,Echolocation,/mnt/ubna_data_01_mir/recover-20220825/UBNA_002/20220823_033000.WAV,Telephone Field,recover-20220825,002,1795
1051.4605,1051.4711,44375,47463,Pipistrellus pipistrellus,0.022,0.03,-1,Echolocation,/mnt/ubna_data_01_mir/recover-20220825/UBNA_002/20220823_033000.WAV,Telephone Field,recover-20220825,002,1795
1051.4615,1051.4962,68437,81549,Rhinolophus ferrumequinum,0.021,0.021,-1,Echolocation,/mnt/ubna_data_01_mir/recover-20220825/UBNA_002/20220823_033000.WAV,Telephone Field,recover-20220825,002,1795
1051.5795,1051.6181,68437,82654,Rhinolophus ferrumequinum,0.026,0.026,-1,Echolocation,/mnt/ubna_data_01_mir/recover-20220825/UBNA_002/20220823_033000.WAV,Telephone Field,recover-20220825,002,1795
1051.5845,1051.593,26328,35864,Eptesicus serotinus,0.007,0.022,-1,Echolocation,/mnt/ubna_data_01_mir/recover-20220825/UBNA_002/20220823_033000.WAV,Telephone Field,recover-20220825,002,1795
1051.6145,1051.6533,68437,81607,Rhinolophus ferrumequinum,0.022,0.022,-1,Echolocation,/mnt/ubna_data_01_mir/recover-20220825/UBNA_002/20220823_033000.WAV,Telephone Field,recover-20220825,002,1795
1051.6235,1051.6337,28046,34627,Eptesicus serotinus,0.009,0.021,-1,Echolocation,/mnt/ubna_data_01_mir/recover-20220825/UBNA_002/20220823_033000.WAV,Telephone Field,recover-20220825,002,1795
1051.6315,1051.6406,28046,35625,Eptesicus serotinus,0.01,0.023,-1,Echolocation,/mnt/ubna_data_01_mir/recover-20220825/UBNA_002/20220823_033000.WAV,Telephone Field,recover-20220825,002,1795
1051.7075,1051.714,50390,57419,Pipistrellus pipistrellus,0.022,0.028,-1,Echolocation,/mnt/ubna_data_01_mir/recover-20220825/UBNA_002/20220823_033000.WAV,Telephone Field,recover-20220825,002,1795
1051.7155,1051.7233,27187,36013,Eptesicus serotinus,0.008,0.023,-1,Echolocation,/mnt/ubna_data_01_mir/recover-20220825/UBNA_002/20220823_033000.WAV,Telephone Field,recover-20220825,002,1795
1051.7205,1051.7318,22031,26270,Nyctalus leisleri,0.013,0.027,-1,Echolocation,/mnt/ubna_data_01_mir/recover-20220825/UBNA_002/20220823_033000.WAV,Telephone Field,recover-20220825,002,1795
1051.7665,1051.8073,68437,82528,Rhinolophus ferrumequinum,0.021,0.021,-1,Echolocation,/mnt/ubna_data_01_mir/recover-20220825/UBNA_002/20220823_033000.WAV,Telephone Field,recover-20220825,002,1795
1051.8005,1051.8396,68437,82746,Rhinolophus ferrumequinum,0.023,0.023,-1,Echolocation,/mnt/ubna_data_01_mir/recover-20220825/UBNA_002/20220823_033000.WAV,Telephone Field,recover-20220825,002,1795
1051.8795,1051.9186,68437,82065,Rhinolophus ferrumequinum,0.023,0.023,-1,Echolocation,/mnt/ubna_data_01_mir/recover-20220825/UBNA_002/20220823_033000.WAV,Telephone Field,recover-20220825,002,1795
1051.8815,1051.8887,37500,46879,Barbastellus barbastellus,0.014,0.044,-1,Echolocation,/mnt/ubna_data_01_mir/recover-20220825/UBNA_002/20220823_033000.WAV,Telephone Field,recover-20220825,002,1795
1051.8825,1051.8902,26328,36910,Eptesicus serotinus,0.007,0.023,-1,Echolocation,/mnt/ubna_data_01_mir/recover-20220825/UBNA_002/20220823_033000.WAV,Telephone Field,recover-20220825,002,1795
1051.9135,1051.9535,68437,83210,Rhinolophus ferrumequinum,0.023,0.023,-1,Echolocation,/mnt/ubna_data_01_mir/recover-20220825/UBNA_002/20220823_033000.WAV,Telephone Field,recover-20220825,002,1795
1051.9285,1051.9372,27187,35486,Eptesicus serotinus,0.008,0.022,-1,Echolocation,/mnt/ubna_data_01_mir/recover-20220825/UBNA_002/20220823_033000.WAV,Telephone Field,recover-20220825,002,1795
1051.9355,1051.9427,28046,39252,Eptesicus serotinus,0.007,0.023,-1,Echolocation,/mnt/ubna_data_01_mir/recover-20220825/UBNA_002/20220823_033000.WAV,Telephone Field,recover-20220825,002,1795
1051.9555,1051.9662,40937,45305,Pipistrellus nathusii,0.02,0.031,-1,Echolocation,/mnt/ubna_data_01_mir/recover-20220825/UBNA_002/20220823_033000.WAV,Telephone Field,recover-20220825,002,1795
1051.9565,1051.9661,27187,35256,Eptesicus serotinus,0.012,0.024,-1,Echolocation,/mnt/ubna_data_01_mir/recover-20220825/UBNA_002/20220823_033000.WAV,Telephone Field,recover-20220825,002,1795
1052.0015,1052.0357,68437,79430,Rhinolophus ferrumequinum,0.039,0.04,-1,Echolocation,/mnt/ubna_data_01_mir/recover-20220825/UBNA_002/20220823_033000.WAV,Telephone Field,recover-20220825,002,1795
1052.0015,1052.0085,47812,55846,Pipistrellus pipistrellus,0.014,0.023,-1,Echolocation,/mnt/ubna_data_01_mir/recover-20220825/UBNA_002/20220823_033000.WAV,Telephone Field,recover-20220825,002,1795
1052.0015,1052.0109,22031,31982,Nyctalus leisleri,0.007,0.028,-1,Echolocation,/mnt/ubna_data_01_mir/recover-20220825/UBNA_002/20220823_033000.WAV,Telephone Field,recover-20220825,002,1795
1052.0595,1052.0684,14296,20313,Nyctalus noctula,0.021,0.057,-1,Echolocation,/mnt/ubna_data_01_mir/recover-20220825/UBNA_002/20220823_033000.WAV,Telephone Field,recover-20220825,002,1795
1052.0945,1052.1367,68437,82631,Rhinolophus ferrumequinum,0.026,0.026,-1,Echolocation,/mnt/ubna_data_01_mir/recover-20220825/UBNA_002/20220823_033000.WAV,Telephone Field,recover-20220825,002,1795
1052.0995,1052.108,26328,35193,Eptesicus serotinus,0.007,0.023,-1,Echolocation,/mnt/ubna_data_01_mir/recover-20220825/UBNA_002/20220823_033000.WAV,Telephone Field,recover-20220825,002,1795
1052.1205,1052.1304,24609,32154,Eptesicus serotinus,0.009,0.024,-1,Echolocation,/mnt/ubna_data_01_mir/recover-20220825/UBNA_002/20220823_033000.WAV,Telephone Field,recover-20220825,002,1795
1052.1905,1052.1969,37500,47338,Myotis daubentonii,0.03,0.081,-1,Echolocation,/mnt/ubna_data_01_mir/recover-20220825/UBNA_002/20220823_033000.WAV,Telephone Field,recover-20220825,002,1795
1052.2085,1052.2254,22031,25884,Nyctalus leisleri,0.032,0.055,-1,Echolocation,/mnt/ubna_data_01_mir/recover-20220825/UBNA_002/20220823_033000.WAV,Telephone Field,recover-20220825,002,1795
1052.2215,1052.2636,68437,83119,Rhinolophus ferrumequinum,0.037,0.037,-1,Echolocation,/mnt/ubna_data_01_mir/recover-20220825/UBNA_002/20220823_033000.WAV,Telephone Field,recover-20220825,002,1795
1052.2735,1052.2809,47812,51929,Pipistrellus pipistrellus,0.026,0.029,-1,Echolocation,/mnt/ubna_data_01_mir/recover-20220825/UBNA_002/20220823_033000.WAV,Telephone Field,recover-20220825,002,1795
1052.3565,1052.3654,41796,47258,Pipistrellus nathusii,0.09,0.141,-1,Echolocation,/mnt/ubna_data_01_mir/recover-20220825/UBNA_002/20220823_033000.WAV,Telephone Field,recover-20220825,002,1795
1052.3705,1052.406,68437,80814,Rhinolophus ferrumequinum,0.024,0.024,-1,Echolocation,/mnt/ubna_data_01_mir/recover-20220825/UBNA_002/20220823_033000.WAV,Telephone Field,recover-20220825,002,1795
1052.3775,1052.384,38359,46991,Pipistrellus nathusii,0.299,0.453,-1,Echolocation,/mnt/ubna_data_01_mir/recover-20220825/UBNA_002/20220823_033000.WAV,Telephone Field,recover-20220825,002,1795
1052.4375,1052.4446,47812,51542,Pipistrellus pipistrellus,0.045,0.05,-1,Echolocation,/mnt/ubna_data_01_mir/recover-20220825/UBNA_002/20220823_033000.WAV,Telephone Field,recover-20220825,002,1795
1052.4625,1052.5015,68437,82019,Rhinolophus ferrumequinum,0.023,0.023,-1,Echolocation,/mnt/ubna_data_01_mir/recover-20220825/UBNA_002/20220823_033000.WAV,Telephone Field,recover-20220825,002,1795
1052.4805,1052.4865,38359,46251,Barbastellus barbastellus,0.049,0.09,-1,Echolocation,/mnt/ubna_data_01_mir/recover-20220825/UBNA_002/20220823_033000.WAV,Telephone Field,recover-20220825,002,1795
1052.5045,1052.513,49531,54572,Pipistrellus pipistrellus,0.026,0.03,-1,Echolocation,/mnt/ubna_data_01_mir/recover-20220825/UBNA_002/20220823_033000.WAV,Telephone Field,recover-20220825,002,1795
1052.5525,1052.558,40937,56164,Myotis daubentonii,0.011,0.036,-1,Echolocation,/mnt/ubna_data_01_mir/recover-20220825/UBNA_002/20220823_033000.WAV,Telephone Field,recover-20220825,002,1795
1052.5585,1052.5676,26328,34578,Eptesicus serotinus,0.008,0.023,-1,Echolocation,/mnt/ubna_data_01_mir/recover-20220825/UBNA_002/20220823_033000.WAV,Telephone Field,recover-20220825,002,1795
1052.5615,1052.5698,54687,58958,Pipistrellus pygmaeus,0.038,0.039,-1,Echolocation,/mnt/ubna_data_01_mir/recover-20220825/UBNA_002/20220823_033000.WAV,Telephone Field,recover-20220825,002,1795
1052.5655,1052.5756,28046,36029,Eptesicus serotinus,0.01,0.024,-1,Echolocation,/mnt/ubna_data_01_mir/recover-20220825/UBNA_002/20220823_033000.WAV,Telephone Field,recover-20220825,002,1795
1052.5955,1052.6031,49531,53736,Pipistrellus pipistrellus,0.027,0.029,-1,Echolocation,/mnt/ubna_data_01_mir/recover-20220825/UBNA_002/20220823_033000.WAV,Telephone Field,recover-20220825,002,1795
1052.6135,1052.6539,68437,82518,Rhinolophus ferrumequinum,0.025,0.025,-1,Echolocation,/mnt/ubna_data_01_mir/recover-20220825/UBNA_002/20220823_033000.WAV,Telephone Field,recover-20220825,002,1795
1052.6365,1052.6762,68437,82564,Rhinolophus ferrumequinum,0.03,0.03,-1,Echolocation,/mnt/ubna_data_01_mir/recover-20220825/UBNA_002/20220823_033000.WAV,Telephone Field,recover-20220825,002,1795
1052.6455,1052.6512,44375,53512,Pipistrellus nathusii,0.135,0.275,-1,Echolocation,/mnt/ubna_data_01_mir/recover-20220825/UBNA_002/20220823_033000.WAV,Telephone Field,recover-20220825,002,1795
1052.6585,1052.6659,27187,37078,Eptesicus serotinus,0.007,0.023,-1,Echolocation,/mnt/ubna_data_01_mir/recover-20220825/UBNA_002/20220823_033000.WAV,Telephone Field,recover-20220825,002,1795
1052.6665,1052.6768,23750,29646,Nyctalus leisleri,0.009,0.024,-1,Echolocation,/mnt/ubna_data_01_mir/recover-20220825/UBNA_002/20220823_033000.WAV,Telephone Field,recover-20220825,002,1795
1052.6735,1052.6805,26328,38825,Eptesicus serotinus,0.007,0.023,-1,Echolocation,/mnt/ubna_data_01_mir/recover-20220825/UBNA_002/20220823_033000.WAV,Telephone Field,recover-20220825,002,1795
1052.7485,1052.7539,27187,45073,Myotis daubentonii,0.01,0.039,-1,Echolocation,/mnt/ubna_data_01_mir/recover-20220825/UBNA_002/20220823_033000.WAV,Telephone Field,recover-20220825,002,1795
1052.7905,1052.798,34062,41276,Barbastellus barbastellus,0.008,0.025,-1,Echolocation,/mnt/ubna_data_01_mir/recover-20220825/UBNA_002/20220823_033000.WAV,Telephone Field,recover-20220825,002,1795
1052.7925,1052.7994,27187,39514,Eptesicus serotinus,0.007,0.025,-1,Echolocation,/mnt/ubna_data_01_mir/recover-20220825/UBNA_002/20220823_033000.WAV,Telephone Field,recover-20220825,002,1795
1052.8165,1052.8246,27187,36527,Eptesicus serotinus,0.015,0.038,-1,Echolocation,/mnt/ubna_data_01_mir/recover-20220825/UBNA_002/20220823_033000.WAV,Telephone Field,recover-20220825,002,1795
1052.8345,1052.8412,23750,39238,Myotis nattereri,0.011,0.027,-1,Echolocation,/mnt/ubna_data_01_mir/recover-20220825/UBNA_002/20220823_033000.WAV,Telephone Field,recover-20220825,002,1795
1052.8455,1052.8502,42656,53579,Pipistrellus nathusii,0.05,0.18,-1,Echolocation,/mnt/ubna_data_01_mir/recover-20220825/UBNA_002/20220823_033000.WAV,Telephone Field,recover-20220825,002,1795
1052.8755,1052.8824,27187,38227,Eptesicus serotinus,0.007,0.025,-1,Echolocation,/mnt/ubna_data_01_mir/recover-20220825/UBNA_002/20220823_033000.WAV,Telephone Field,recover-20220825,002,1795
1052.8815,1052.8878,50390,56203,Pipistrellus pipistrellus,0.023,0.026,-1,Echolocation,/mnt/ubna_data_01_mir/recover-20220825/UBNA_002/20220823_033000.WAV,Telephone Field,recover-20220825,002,1795
1052.9085,1052.9483,68437,82891,Rhinolophus ferrumequinum,0.024,0.024,-1,Echolocation,/mnt/ubna_data_01_mir/recover-20220825/UBNA_002/20220823_033000.WAV,Telephone Field,recover-20220825,002,1795
1052.9455,1052.9533,47812,52006,Pipistrellus pipistrellus,0.024,0.026,-1,Echolocation,/mnt/ubna_data_01_mir/recover-20220825/UBNA_002/20220823_033000.WAV,Telephone Field,recover-20220825,002,1795
1052.9715,1053.0098,68437,82066,Rhinolophus ferrumequinum,0.027,0.027,-1,Echolocation,/mnt/ubna_data_01_mir/recover-20220825/UBNA_002/20220823_033000.WAV,Telephone Field,recover-20220825,002,1795
1052.9835,1052.9899,45234,50559,Pipistrellus pipistrellus,0.024,0.03,-1,Echolocation,/mnt/ubna_data_01_mir/recover-20220825/UBNA_002/20220823_033000.WAV,Telephone Field,recover-20220825,002,1795
1052.9845,1052.9897,40937,54779,Myotis daubentonii,0.007,0.025,-1,Echolocation,/mnt/ubna_data_01_mir/recover-20220825/UBNA_002/20220823_033000.WAV,Telephone Field,recover-20220825,002,1795
1053.1365,1053.1774,68437,82447,Rhinolophus ferrumequinum,0.024,0.024,-1,Echolocation,/mnt/ubna_data_01_mir/recover-20220825/UBNA_002/20220823_033000.WAV,Telephone Field,recover-20220825,002,1795
1053.1795,1053.19,28046,36204,Eptesicus serotinus,0.012,0.027,-1,Echolocation,/mnt/ubna_data_01_mir/recover-20220825/UBNA_002/20220823_033000.WAV,Telephone Field,recover-20220825,002,1795
1053.2165,1053.2532,68437,82343,Rhinolophus ferrumequinum,0.026,0.026,-1,Echolocation,/mnt/ubna_data_01_mir/recover-20220825/UBNA_002/20220823_033000.WAV,Telephone Field,recover-20220825,002,1795
1053.2175,1053.2277,27187,35999,Eptesicus serotinus,0.013,0.027,-1,Echolocation,/mnt/ubna_data_01_mir/recover-20220825/UBNA_002/20220823_033000.WAV,Telephone Field,recover-20220825,002,1795
1053.2455,1053.2524,27187,43152,Eptesicus serotinus,0.008,0.028,-1,Echolocation,/mnt/ubna_data_01_mir/recover-20220825/UBNA_002/20220823_033000.WAV,Telephone Field,recover-20220825,002,1795
1053.2545,1053.2612,28906,46490,Myotis daubentonii,0.014,0.025,-1,Echolocation,/mnt/ubna_data_01_mir/recover-20220825/UBNA_002/20220823_033000.WAV,Telephone Field,recover-20220825,002,1795
1053.2565,1053.2963,68437,82939,Rhinolophus ferrumequinum,0.046,0.046,-1,Echolocation,/mnt/ubna_data_01_mir/recover-20220825/UBNA_002/20220823_033000.WAV,Telephone Field,recover-20220825,002,1795
1053.2595,1053.2663,44375,47563,Pipistrellus pipistrellus,0.051,0.059,-1,Echolocation,/mnt/ubna_data_01_mir/recover-20220825/UBNA_002/20220823_033000.WAV,Telephone Field,recover-20220825,002,1795
1053.2665,1053.2804,21171,24871,Nyctalus leisleri,0.015,0.026,-1,Echolocation,/mnt/ubna_data_01_mir/recover-20220825/UBNA_002/20220823_033000.WAV,Telephone Field,recover-20220825,002,1795
1053.2945,1053.3038,29765,38136,Eptesicus serotinus,0.009,0.026,-1,Echolocation,/mnt/ubna_data_01_mir/recover-20220825/UBNA_002/20220823_033000.WAV,Telephone Field,recover-20220825,002,1795
1053.3055,1053.3149,28046,36744,Eptesicus serotinus,0.01,0.026,-1,Echolocation,/mnt/ubna_data_01_mir/recover-20220825/UBNA_002/20220823_033000.WAV,Telephone Field,recover-20220825,002,1795
1053.3705,1053.3762,36640,57805,Myotis brandtii,0.01,0.027,-1,Echolocation,/mnt/ubna_data_01_mir/recover-20220825/UBNA_002/20220823_033000.WAV,Telephone Field,recover-20220825,002,1795
1053.3965,1053.4286,68437,80799,Rhinolophus ferrumequinum,0.025,0.025,-1,Echolocation,/mnt/ubna_data_01_mir/recover-20220825/UBNA_002/20220823_033000.WAV,Telephone Field,recover-20220825,002,1795
1053.4485,1053.4573,43515,50227,Pipistrellus nathusii,0.195,0.357,-1,Echolocation,/mnt/ubna_data_01_mir/recover-20220825/UBNA_002/20220823_033000.WAV,Telephone Field,recover-20220825,002,1795
1053.4485,1053.4819,68437,80116,Rhinolophus ferrumequinum,0.027,0.027,-1,Echolocation,/mnt/ubna_data_01_mir/recover-20220825/UBNA_002/20220823_033000.WAV,Telephone Field,recover-20220825,002,1795
1053.4495,1053.4553,30625,64690,Myotis brandtii,0.015,0.032,-1,Echolocation,/mnt/ubna_data_01_mir/recover-20220825/UBNA_002/20220823_033000.WAV,Telephone Field,recover-20220825,002,1795
1053.4635,1053.5047,68437,82665,Rhinolophus ferrumequinum,0.041,0.041,-1,Echolocation,/mnt/ubna_data_01_mir/recover-20220825/UBNA_002/20220823_033000.WAV,Telephone Field,recover-20220825,002,1795
1053.4635,1053.4724,28046,35390,Eptesicus serotinus,0.008,0.023,-1,Echolocation,/mnt/ubna_data_01_mir/recover-20220825/UBNA_002/20220823_033000.WAV,Telephone Field,recover-20220825,002,1795
1053.4955,1053.5042,22890,30592,Plecotus austriacus,0.01,0.026,-1,Echolocation,/mnt/ubna_data_01_mir/recover-20220825/UBNA_002/20220823_033000.WAV,Telephone Field,recover-20220825,002,1795
1053.5455,1053.5515,29765,47392,Myotis daubentonii,0.014,0.031,-1,Echolocation,/mnt/ubna_data_01_mir/recover-20220825/UBNA_002/20220823_033000.WAV,Telephone Field,recover-20220825,002,1795
1053.5465,1053.5538,42656,49305,Pipistrellus nathusii,0.34,0.401,-1,Echolocation,/mnt/ubna_data_01_mir/recover-20220825/UBNA_002/20220823_033000.WAV,Telephone Field,recover-20220825,002,1795
1053.5715,1053.5795,23750,32758,Plecotus austriacus,0.009,0.025,-1,Echolocation,/mnt/ubna_data_01_mir/recover-20220825/UBNA_002/20220823_033000.WAV,Telephone Field,recover-20220825,002,1795
1053.6005,1053.6094,27187,39776,Eptesicus serotinus,0.01,0.023,-1,Echolocation,/mnt/ubna_data_01_mir/recover-20220825/UBNA_002/20220823_033000.WAV,Telephone Field,recover-20220825,002,1795
1053.6015,1053.639,68437,82157,Rhinolophus ferrumequinum,0.024,0.025,-1,Echolocation,/mnt/ubna_data_01_mir/recover-20220825/UBNA_002/20220823_033000.WAV,Telephone Field,recover-20220825,002,1795
1053.6455,1053.6508,40078,52211,Pipistrellus nathusii,0.147,0.367,-1,Echolocation,/mnt/ubna_data_01_mir/recover-20220825/UBNA_002/20220823_033000.WAV,Telephone Field,recover-20220825,002,1795
1053.7135,1053.7218,25468,34933,Eptesicus serotinus,0.008,0.023,-1,Echolocation,/mnt/ubna_data_01_mir/recover-20220825/UBNA_002/20220823_033000.WAV,Telephone Field,recover-20220825,002,1795
1053.7195,1053.7557,68437,81782,Rhinolophus ferrumequinum,0.023,0.023,-1,Echolocation,/mnt/ubna_data_01_mir/recover-20220825/UBNA_002/20220823_033000.WAV,Telephone Field,recover-20220825,002,1795
1053.7375,1053.7434,30625,67664,Myotis brandtii,0.018,0.032,-1,Echolocation,/mnt/ubna_data_01_mir/recover-20220825/UBNA_002/20220823_033000.WAV,Telephone Field,recover-20220825,002,1795
1053.7395,1053.7462,41796,59276,Pipistrellus nathusii,0.463,0.546,-1,Echolocation,/mnt/ubna_data_01_mir/recover-20220825/UBNA_002/20220823_033000.WAV,Telephone Field,recover-20220825,002,1795
1053.7585,1053.7661,26328,44228,Eptesicus serotinus,0.008,0.024,-1,Echolocation,/mnt/ubna_data_01_mir/recover-20220825/UBNA_002/20220823_033000.WAV,Telephone Field,recover-20220825,002,1795
1053.7625,1053.7679,35781,47056,Myotis daubentonii,0.016,0.028,-1,Echolocation,/mnt/ubna_data_01_mir/recover-20220825/UBNA_002/20220823_033000.WAV,Telephone Field,recover-20220825,002,1795
1053.8355,1053.8416,27187,41633,Myotis daubentonii,0.008,0.03,-1,Echolocation,/mnt/ubna_data_01_mir/recover-20220825/UBNA_002/20220823_033000.WAV,Telephone Field,recover-20220825,002,1795
1053.8605,1053.8658,40937,54737,Pipistrellus nathusii,0.297,0.45,-1,Echolocation,/mnt/ubna_data_01_mir/recover-20220825/UBNA_002/20220823_033000.WAV,Telephone Field,recover-20220825,002,1795
1053.8875,1053.9242,68437,81766,Rhinolophus ferrumequinum,0.025,0.025,-1,Echolocation,/mnt/ubna_data_01_mir/recover-20220825/UBNA_002/20220823_033000.WAV,Telephone Field,recover-20220825,002,1795
1053.9285,1053.936,25468,36042,Eptesicus serotinus,0.006,0.024,-1,Echolocation,/mnt/ubna_data_01_mir/recover-20220825/UBNA_002/20220823_033000.WAV,Telephone Field,recover-20220825,002,1795
1053.9595,1053.9653,28906,67847,Myotis brandtii,0.018,0.038,-1,Echolocation,/mnt/ubna_data_01_mir/recover-20220825/UBNA_002/20220823_033000.WAV,Telephone Field,recover-20220825,002,1795
1053.9605,1053.9673,40078,51372,Pipistrellus nathusii,0.474,0.574,-1,Echolocation,/mnt/ubna_data_01_mir/recover-20220825/UBNA_002/20220823_033000.WAV,Telephone Field,recover-20220825,002,1795
1053.9825,1053.9902,25468,35046,Eptesicus serotinus,0.007,0.024,-1,Echolocation,/mnt/ubna_data_01_mir/recover-20220825/UBNA_002/20220823_033000.WAV,Telephone Field,recover-20220825,002,1795
1054.0015,1054.0315,68437,79728,Rhinolophus ferrumequinum,0.026,0.026,-1,Echolocation,/mnt/ubna_data_01_mir/recover-20220825/UBNA_002/20220823_033000.WAV,Telephone Field,recover-20220825,002,1795
1054.0015,1054.0106,25468,33800,Eptesicus serotinus,0.009,0.028,-1,Echolocation,/mnt/ubna_data_01_mir/recover-20220825/UBNA_002/20220823_033000.WAV,Telephone Field,recover-20220825,002,1795
1054.0015,1054.0091,46093,57260,Pipistrellus pipistrellus,0.013,0.025,-1,Echolocation,/mnt/ubna_data_01_mir/recover-20220825/UBNA_002/20220823_033000.WAV,Telephone Field,recover-20220825,002,1795
1054.0035,1054.0125,58984,65987,Pipistrellus pygmaeus,0.028,0.029,-1,Echolocation,/mnt/ubna_data_01_mir/recover-20220825/UBNA_002/20220823_033000.WAV,Telephone Field,recover-20220825,002,1795
1054.0125,1054.0216,28046,39535,Eptesicus serotinus,0.01,0.024,-1,Echolocation,/mnt/ubna_data_01_mir/recover-20220825/UBNA_002/20220823_033000.WAV,Telephone Field,recover-20220825,002,1795
1054.0515,1054.0585,28046,39525,Eptesicus serotinus,0.007,0.026,-1,Echolocation,/mnt/ubna_data_01_mir/recover-20220825/UBNA_002/20220823_033000.WAV,Telephone Field,recover-20220825,002,1795
1054.0625,1054.0705,49531,54360,Pipistrellus pipistrellus,0.014,0.028,-1,Echolocation,/mnt/ubna_data_01_mir/recover-20220825/UBNA_002/20220823_033000.WAV,Telephone Field,recover-20220825,002,1795
1054.0655,1054.0725,39218,52692,Pipistrellus nathusii,0.453,0.527,-1,Echolocation,/mnt/ubna_data_01_mir/recover-20220825/UBNA_002/20220823_033000.WAV,Telephone Field,recover-20220825,002,1795
1054.0735,1054.0789,30625,41723,Myotis daubentonii,0.01,0.024,-1,Echolocation,/mnt/ubna_data_01_mir/recover-20220825/UBNA_002/20220823_033000.WAV,Telephone Field,recover-20220825,002,1795
1054.1595,1054.1698,39218,48897,Pipistrellus nathusii,0.012,0.024,-1,Echolocation,/mnt/ubna_data_01_mir/recover-20220825/UBNA_002/20220823_033000.WAV,Telephone Field,recover-20220825,002,1795
1054.1715,1054.1793,39218,57018,Pipistrellus nathusii,0.618,0.647,-1,Echolocation,/mnt/ubna_data_01_mir/recover-20220825/UBNA_002/20220823_033000.WAV,Telephone Field,recover-20220825,002,1795
1054.1715,1054.1791,49531,53930,Pipistrellus pipistrellus,0.02,0.037,-1,Echolocation,/mnt/ubna_data_01_mir/recover-20220825/UBNA_002/20220823_033000.WAV,Telephone Field,recover-20220825,002,1795
1054.2285,1054.2375,37500,43617,Pipistrellus nathusii,0.02,0.039,-1,Echolocation,/mnt/ubna_data_01_mir/recover-20220825/UBNA_002/20220823_033000.WAV,Telephone Field,recover-20220825,002,1795
1054.2305,1054.2393,28046,40052,Eptesicus serotinus,0.012,0.028,-1,Echolocation,/mnt/ubna_data_01_mir/recover-20220825/UBNA_002/20220823_033000.WAV,Telephone Field,recover-20220825,002,1795
1054.2435,1054.2514,54687,61804,Pipistrellus pygmaeus,0.025,0.026,-1,Echolocation,/mnt/ubna_data_01_mir/recover-20220825/UBNA_002/20220823_033000.WAV,Telephone Field,recover-20220825,002,1795
1054.2615,1054.2695,39218,44721,Pipistrellus nathusii,0.037,0.059,-1,Echolocation,/mnt/ubna_data_01_mir/recover-20220825/UBNA_002/20220823_033000.WAV,Telephone Field,recover-20220825,002,1795
1054.2645,1054.273,27187,38386,Eptesicus serotinus,0.01,0.025,-1,Echolocation,/mnt/ubna_data_01_mir/recover-20220825/UBNA_002/20220823_033000.WAV,Telephone Field,recover-20220825,002,1795
1054.2715,1054.2799,27187,35701,Eptesicus serotinus,0.008,0.024,-1,Echolocation,/mnt/ubna_data_01_mir/recover-20220825/UBNA_002/20220823_033000.WAV,Telephone Field,recover-20220825,002,1795
1054.2785,1054.2847,49531,57374,Pipistrellus pipistrellus,0.019,0.036,-1,Echolocation,/mnt/ubna_data_01_mir/recover-20220825/UBNA_002/20220823_033000.WAV,Telephone Field,recover-20220825,002,1795
1054.2795,1054.2869,53828,59097,Pipistrellus pygmaeus,0.028,0.034,-1,Echolocation,/mnt/ubna_data_01_mir/recover-20220825/UBNA_002/20220823_033000.WAV,Telephone Field,recover-20220825,002,1795
1054.2795,1054.2888,40078,56601,Pipistrellus nathusii,0.633,0.674,-1,Echolocation,/mnt/ubna_data_01_mir/recover-20220825/UBNA_002/20220823_033000.WAV,Telephone Field,recover-20220825,002,1795
1054.3835,1054.3896,49531,54295,Pipistrellus pipistrellus,0.022,0.038,-1,Echolocation,/mnt/ubna_data_01_mir/recover-20220825/UBNA_002/20220823_033000.WAV,Telephone Field,recover-20220825,002,1795
1054.3845,1054.3922,40078,54768,Pipistrellus nathusii,0.691,0.708,-1,Echolocation,/mnt/ubna_data_01_mir/recover-20220825/UBNA_002/20220823_033000.WAV,Telephone Field,recover-20220825,002,1795
1054.4265,1054.4681,68437,83532,Rhinolophus ferrumequinum,0.027,0.027,-1,Echolocation,/mnt/ubna_data_01_mir/recover-20220825/UBNA_002/20220823_033000.WAV,Telephone Field,recover-20220825,002,1795
1054.4785,1054.4863,39218,51527,Pipistrellus nathusii,0.006,0.023,-1,Echolocation,/mnt/ubna_data_01_mir/recover-20220825/UBNA_002/20220823_033000.WAV,Telephone Field,recover-20220825,002,1795
1054.4815,1054.4898,26328,38014,Eptesicus serotinus,0.008,0.024,-1,Echolocation,/mnt/ubna_data_01_mir/recover-20220825/UBNA_002/20220823_033000.WAV,Telephone Field,recover-20220825,002,1795
1054.4825,1054.4904,53828,61592,Pipistrellus pygmaeus,0.024,0.024,-1,Echolocation,/mnt/ubna_data_01_mir/recover-20220825/UBNA_002/20220823_033000.WAV,Telephone Field,recover-20220825,002,1795
1054.4925,1054.5014,39218,51049,Pipistrellus nathusii,0.619,0.675,-1,Echolocation,/mnt/ubna_data_01_mir/recover-20220825/UBNA_002/20220823_033000.WAV,Telephone Field,recover-20220825,002,1795
1054.5715,1054.5807,28906,37676,Eptesicus serotinus,0.011,0.026,-1,Echolocation,/mnt/ubna_data_01_mir/recover-20220825/UBNA_002/20220823_033000.WAV,Telephone Field,recover-20220825,002,1795
1054.5875,1054.5938,27187,45508,Eptesicus serotinus,0.006,0.024,-1,Echolocation,/mnt/ubna_data_01_mir/recover-20220825/UBNA_002/20220823_033000.WAV,Telephone Field,recover-20220825,002,1795
1054.5955,1054.6011,29765,53733,Myotis daubentonii,0.006,0.024,-1,Echolocation,/mnt/ubna_data_01_mir/recover-20220825/UBNA_002/20220823_033000.WAV,Telephone Field,recover-20220825,002,1795
1054.5965,1054.6057,37500,60217,Pipistrellus nathusii,0.681,0.709,-1,Echolocation,/mnt/ubna_data_01_mir/recover-20220825/UBNA_002/20220823_033000.WAV,Telephone Field,recover-20220825,002,1795
1054.5965,1054.6032,58984,64526,Pipistrellus pygmaeus,0.033,0.034,-1,Echolocation,/mnt/ubna_data_01_mir/recover-20220825/UBNA_002/20220823_033000.WAV,Telephone Field,recover-20220825,002,1795
1054.6075,1054.6179,25468,31926,Eptesicus serotinus,0.199,0.39,-1,Echolocation,/mnt/ubna_data_01_mir/recover-20220825/UBNA_002/20220823_033000.WAV,Telephone Field,recover-20220825,002,1795
1054.6545,1054.6617,44375,51162,Pipistrellus pipistrellus,0.016,0.024,-1,Echolocation,/mnt/ubna_data_01_mir/recover-20220825/UBNA_002/20220823_033000.WAV,Telephone Field,recover-20220825,002,1795
1054.6685,1054.677,54687,62932,Pipistrellus pygmaeus,0.025,0.026,-1,Echolocation,/mnt/ubna_data_01_mir/recover-20220825/UBNA_002/20220823_033000.WAV,Telephone Field,recover-20220825,002,1795
1054.6775,1054.6848,55546,62284,Pipistrellus pygmaeus,0.032,0.033,-1,Echolocation,/mnt/ubna_data_01_mir/recover-20220825/UBNA_002/20220823_033000.WAV,Telephone Field,recover-20220825,002,1795
1054.6905,1054.7008,22890,29344,Nyctalus leisleri,0.008,0.023,-1,Echolocation,/mnt/ubna_data_01_mir/recover-20220825/UBNA_002/20220823_033000.WAV,Telephone Field,recover-20220825,002,1795
1054.6925,1054.7017,58125,65154,Pipistrellus pygmaeus,0.042,0.043,-1,Echolocation,/mnt/ubna_data_01_mir/recover-20220825/UBNA_002/20220823_033000.WAV,Telephone Field,recover-20220825,002,1795
1054.6995,1054.7056,50390,56714,Pipistrellus pipistrellus,0.02,0.033,-1,Echolocation,/mnt/ubna_data_01_mir/recover-20220825/UBNA_002/20220823_033000.WAV,Telephone Field,recover-20220825,002,1795
1054.7005,1054.7084,37500,60729,Pipistrellus nathusii,0.694,0.725,-1,Echolocation,/mnt/ubna_data_01_mir/recover-20220825/UBNA_002/20220823_033000.WAV,Telephone Field,recover-20220825,002,1795
1054.7355,1054.7461,25468,33021,Eptesicus serotinus,0.011,0.025,-1,Echolocation,/mnt/ubna_data_01_mir/recover-20220825/UBNA_002/20220823_033000.WAV,Telephone Field,recover-20220825,002,1795
1054.7485,1054.7578,28046,38035,Eptesicus serotinus,0.016,0.032,-1,Echolocation,/mnt/ubna_data_01_mir/recover-20220825/UBNA_002/20220823_033000.WAV,Telephone Field,recover-20220825,002,1795
1054.7795,1054.7863,48671,56712,Pipistrellus pipistrellus,0.018,0.032,-1,Echolocation,/mnt/ubna_data_01_mir/recover-20220825/UBNA_002/20220823_033000.WAV,Telephone Field,recover-20220825,002,1795
1054.7855,1054.7936,38359,61660,Pipistrellus nathusii,0.718,0.75,-1,Echolocation,/mnt/ubna_data_01_mir/recover-20220825/UBNA_002/20220823_033000.WAV,Telephone Field,recover-20220825,002,1795
1054.7945,1054.8012,46093,49896,Pipistrellus pipistrellus,0.014,0.025,-1,Echolocation,/mnt/ubna_data_01_mir/recover-20220825/UBNA_002/20220823_033000.WAV,Telephone Field,recover-20220825,002,1795
1054.8465,1054.8534,49531,56647,Pipistrellus pipistrellus,0.029,0.036,-1,Echolocation,/mnt/ubna_data_01_mir/recover-20220825/UBNA_002/20220823_033000.WAV,Telephone Field,recover-20220825,002,1795
1054.8485,1054.8547,32343,46469,Myotis daubentonii,0.011,0.028,-1,Echolocation,/mnt/ubna_data_01_mir/recover-20220825/UBNA_002/20220823_033000.WAV,Telephone Field,recover-20220825,002,1795
1054.8915,1054.8983,28906,37474,Eptesicus serotinus,0.007,0.024,-1,Echolocation,/mnt/ubna_data_01_mir/recover-20220825/UBNA_002/20220823_033000.WAV,Telephone Field,recover-20220825,002,1795
1054.8955,1054.9092,55546,61902,Pipistrellus pygmaeus,0.022,0.023,-1,Echolocation,/mnt/ubna_data_01_mir/recover-20220825/UBNA_002/20220823_033000.WAV,Telephone Field,recover-20220825,002,1795
1054.9025,1054.9078,32343,70817,Myotis brandtii,0.015,0.027,-1,Echolocation,/mnt/ubna_data_01_mir/recover-20220825/UBNA_002/20220823_033000.WAV,Telephone Field,recover-20220825,002,1795
1054.9035,1054.9098,49531,57786,Pipistrellus pipistrellus,0.016,0.032,-1,Echolocation,/mnt/ubna_data_01_mir/recover-20220825/UBNA_002/20220823_033000.WAV,Telephone Field,recover-20220825,002,1795
1054.9055,1054.9131,40937,65548,Pipistrellus nathusii,0.758,0.781,-1,Echolocation,/mnt/ubna_data_01_mir/recover-20220825/UBNA_002/20220823_033000.WAV,Telephone Field,recover-20220825,002,1795
1054.9055,1054.9156,22031,29573,Nyctalus noctula,0.006,0.025,-1,Echolocation,/mnt/ubna_data_01_mir/recover-20220825/UBNA_002/20220823_033000.WAV,Telephone Field,recover-20220825,002,1795
1054.9145,1054.9212,39218,50936,Myotis brandtii,0.014,0.033,-1,Echolocation,/mnt/ubna_data_01_mir/recover-20220825/UBNA_002/20220823_033000.WAV,Telephone Field,recover-20220825,002,1795
1054.9175,1054.9229,31484,62036,Myotis brandtii,0.008,0.024,-1,Echolocation,/mnt/ubna_data_01_mir/recover-20220825/UBNA_002/20220823_033000.WAV,Telephone Field,recover-20220825,002,1795
1054.9535,1054.9908,68437,82839,Rhinolophus ferrumequinum,0.023,0.023,-1,Echolocation,/mnt/ubna_data_01_mir/recover-20220825/UBNA_002/20220823_033000.WAV,Telephone Field,recover-20220825,002,1795
1054.9725,1054.9793,48671,54152,Pipistrellus pipistrellus,0.015,0.024,-1,Echolocation,/mnt/ubna_data_01_mir/recover-20220825/UBNA_002/20220823_033000.WAV,Telephone Field,recover-20220825,002,1795
1054.9805,1054.9879,48671,56600,Pipistrellus pipistrellus,0.022,0.038,-1,Echolocation,/mnt/ubna_data_01_mir/recover-20220825/UBNA_002/20220823_033000.WAV,Telephone Field,recover-20220825,002,1795
1054.9815,1054.9888,40078,65536,Pipistrellus nathusii,0.764,0.777,-1,Echolocation,/mnt/ubna_data_01_mir/recover-20220825/UBNA_002/20220823_033000.WAV,Telephone Field,recover-20220825,002,1795
1054.9905,1054.997,38359,50750,Myotis brandtii,0.012,0.026,-1,Echolocation,/mnt/ubna_data_01_mir/recover-20220825/UBNA_002/20220823_033000.WAV,Telephone Field,recover-20220825,002,1795
1055.0545,1055.0619,40078,66755,Pipistrellus nathusii,0.711,0.757,-1,Echolocation,/mnt/ubna_data_01_mir/recover-20220825/UBNA_002/20220823_033000.WAV,Telephone Field,recover-20220825,002,1795
1055.0545,1055.0618,48671,56567,Pipistrellus pipistrellus,0.017,0.032,-1,Echolocation,/mnt/ubna_data_01_mir/recover-20220825/UBNA_002/20220823_033000.WAV,Telephone Field,recover-20220825,002,1795
1055.0545,1055.0621,57265,63624,Pipistrellus pygmaeus,0.045,0.047,-1,Echolocation,/mnt/ubna_data_01_mir/recover-20220825/UBNA_002/20220823_033000.WAV,Telephone Field,recover-20220825,002,1795
1055.0635,1055.0702,40078,51039,Pipistrellus nathusii,0.022,0.044,-1,Echolocation,/mnt/ubna_data_01_mir/recover-20220825/UBNA_002/20220823_033000.WAV,Telephone Field,recover-20220825,002,1795
1055.0645,1055.0741,52968,64033,Pipistrellus pygmaeus,0.023,0.024,-1,Echolocation,/mnt/ubna_data_01_mir/recover-20220825/UBNA_002/20220823_033000.WAV,Telephone Field,recover-20220825,002,1795
1055.0995,1055.1095,28906,38079,Eptesicus serotinus,0.01,0.023,-1,Echolocation,/mnt/ubna_data_01_mir/recover-20220825/UBNA_002/20220823_033000.WAV,Telephone Field,recover-20220825,002,1795
1055.1325,1055.1423,56406,64906,Pipistrellus pygmaeus,0.052,0.055,-1,Echolocation,/mnt/ubna_data_01_mir/recover-20220825/UBNA_002/20220823_033000.WAV,Telephone Field,recover-20220825,002,1795
1055.1345,1055.1417,40078,66151,Pipistrellus nathusii,0.785,0.806,-1,Echolocation,/mnt/ubna_data_01_mir/recover-20220825/UBNA_002/20220823_033000.WAV,Telephone Field,recover-20220825,002,1795
1055.1375,1055.1484,19453,26611,Nyctalus noctula,0.012,0.03,-1,Echolocation,/mnt/ubna_data_01_mir/recover-20220825/UBNA_002/20220823_033000.WAV,Telephone Field,recover-20220825,002,1795
1055.1425,1055.1486,38359,49602,Pipistrellus nathusii,0.019,0.041,-1,Echolocation,/mnt/ubna_data_01_mir/recover-20220825/UBNA_002/20220823_033000.WAV,Telephone Field,recover-20220825,002,1795
1055.1435,1055.1522,54687,64320,Pipistrellus pygmaeus,0.023,0.023,-1,Echolocation,/mnt/ubna_data_01_mir/recover-20220825/UBNA_002/20220823_033000.WAV,Telephone Field,recover-20220825,002,1795
1055.1485,1055.1804,68437,80969,Rhinolophus ferrumequinum,0.023,0.024,-1,Echolocation,/mnt/ubna_data_01_mir/recover-20220825/UBNA_002/20220823_033000.WAV,Telephone Field,recover-20220825,002,1795
1055.1805,1055.1885,24609,33527,Plecotus austriacus,0.006,0.024,-1,Echolocation,/mnt/ubna_data_01_mir/recover-20220825/UBNA_002/20220823_033000.WAV,Telephone Field,recover-20220825,002,1795
1055.2055,1055.214,39218,63690,Pipistrellus nathusii,0.746,0.777,-1,Echolocation,/mnt/ubna_data_01_mir/recover-20220825/UBNA_002/20220823_033000.WAV,Telephone Field,recover-20220825,002,1795
1055.2055,1055.2117,30625,57859,Barbastellus barbastellus,0.009,0.027,-1,Echolocation,/mnt/ubna_data_01_mir/recover-20220825/UBNA_002/20220823_033000.WAV,Telephone Field,recover-20220825,002,1795
1055.2065,1055.2125,51250,57584,Pipistrellus pipistrellus,0.033,0.057,-1,Echolocation,/mnt/ubna_data_01_mir/recover-20220825/UBNA_002/20220823_033000.WAV,Telephone Field,recover-20220825,002,1795
1055.2775,1055.2865,26328,33716,Eptesicus serotinus,0.01,0.024,-1,Echolocation,/mnt/ubna_data_01_mir/recover-20220825/UBNA_002/20220823_033000.WAV,Telephone Field,recover-20220825,002,1795
1055.2875,1055.2944,53828,58571,Pipistrellus pygmaeus,0.112,0.126,-1,Echolocation,/mnt/ubna_data_01_mir/recover-20220825/UBNA_002/20220823_033000.WAV,Telephone Field,recover-20220825,002,1795
1055.2885,1055.298,40078,59006,Pipistrellus nathusii,0.63,0.701,-1,Echolocation,/mnt/ubna_data_01_mir/recover-20220825/UBNA_002/20220823_033000.WAV,Telephone Field,recover-20220825,002,1795
1055.3195,1055.3278,37500,43290,Pipistrellus nathusii,0.01,0.023,-1,Echolocation,/mnt/ubna_data_01_mir/recover-20220825/UBNA_002/20220823_033000.WAV,Telephone Field,recover-20220825,002,1795
1055.3755,1055.3825,53828,61079,Pipistrellus pygmaeus,0.048,0.052,-1,Echolocation,/mnt/ubna_data_01_mir/recover-20220825/UBNA_002/20220823_033000.WAV,Telephone Field,recover-20220825,002,1795
1055.3765,1055.3845,40078,62927,Pipistrellus nathusii,0.53,0.591,-1,Echolocation,/mnt/ubna_data_01_mir/recover-20220825/UBNA_002/20220823_033000.WAV,Telephone Field,recover-20220825,002,1795
1055.3785,1055.384,30625,57142,Barbastellus barbastellus,0.018,0.049,-1,Echolocation,/mnt/ubna_data_01_mir/recover-20220825/UBNA_002/20220823_033000.WAV,Telephone Field,recover-20220825,002,1795
1055.3865,1055.3934,27187,40961,Eptesicus serotinus,0.006,0.024,-1,Echolocation,/mnt/ubna_data_01_mir/recover-20220825/UBNA_002/20220823_033000.WAV,Telephone Field,recover-20220825,002,1795
1055.3875,1055.3969,41796,49202,Pipistrellus nathusii,0.019,0.027,-1,Echolocation,/mnt/ubna_data_01_mir/recover-20220825/UBNA_002/20220823_033000.WAV,Telephone Field,recover-20220825,002,1795
1055.4265,1055.4345,49531,54679,Pipistrellus pipistrellus,0.02,0.025,-1,Echolocation,/mnt/ubna_data_01_mir/recover-20220825/UBNA_002/20220823_033000.WAV,Telephone Field,recover-20220825,002,1795
1055.4585,1055.4655,28046,36079,Eptesicus serotinus,0.008,0.025,-1,Echolocation,/mnt/ubna_data_01_mir/recover-20220825/UBNA_002/20220823_033000.WAV,Telephone Field,recover-20220825,002,1795
1055.4715,1055.4786,40078,58535,Pipistrellus nathusii,0.575,0.61,-1,Echolocation,/mnt/ubna_data_01_mir/recover-20220825/UBNA_002/20220823_033000.WAV,Telephone Field,recover-20220825,002,1795
1055.4785,1055.489,52109,63311,Pipistrellus pygmaeus,0.035,0.038,-1,Echolocation,/mnt/ubna_data_01_mir/recover-20220825/UBNA_002/20220823_033000.WAV,Telephone Field,recover-20220825,002,1795
1055.4795,1055.4885,40937,51376,Pipistrellus nathusii,0.027,0.039,-1,Echolocation,/mnt/ubna_data_01_mir/recover-20220825/UBNA_002/20220823_033000.WAV,Telephone Field,recover-20220825,002,1795
1055.5385,1055.5451,55546,61865,Pipistrellus pygmaeus,0.025,0.025,-1,Echolocation,/mnt/ubna_data_01_mir/recover-20220825/UBNA_002/20220823_033000.WAV,Telephone Field,recover-20220825,002,1795
1055.5615,1055.5688,39218,68135,Pipistrellus nathusii,0.588,0.643,-1,Echolocation,/mnt/ubna_data_01_mir/recover-20220825/UBNA_002/20220823_033000.WAV,Telephone Field,recover-20220825,002,1795
1055.5635,1055.5708,54687,61921,Pipistrellus pygmaeus,0.026,0.029,-1,Echolocation,/mnt/ubna_data_01_mir/recover-20220825/UBNA_002/20220823_033000.WAV,Telephone Field,recover-20220825,002,1795
1055.5705,1055.5759,29765,43566,Myotis daubentonii,0.011,0.024,-1,Echolocation,/mnt/ubna_data_01_mir/recover-20220825/UBNA_002/20220823_033000.WAV,Telephone Field,recover-20220825,002,1795
1055.6325,1055.6729,68437,83184,Rhinolophus ferrumequinum,0.025,0.025,-1,Echolocation,/mnt/ubna_data_01_mir/recover-20220825/UBNA_002/20220823_033000.WAV,Telephone Field,recover-20220825,002,1795
1055.6445,1055.6517,28046,35285,Eptesicus serotinus,0.007,0.023,-1,Echolocation,/mnt/ubna_data_01_mir/recover-20220825/UBNA_002/20220823_033000.WAV,Telephone Field,recover-20220825,002,1795
1055.6545,1055.6636,55546,61231,Pipistrellus pygmaeus,0.023,0.024,-1,Echolocation,/mnt/ubna_data_01_mir/recover-20220825/UBNA_002/20220823_033000.WAV,Telephone Field,recover-20220825,002,1795
1055.6555,1055.6625,40937,59416,Pipistrellus nathusii,0.659,0.681,-1,Echolocation,/mnt/ubna_data_01_mir/recover-20220825/UBNA_002/20220823_033000.WAV,Telephone Field,recover-20220825,002,1795
1055.6565,1055.6617,50390,55775,Pipistrellus pygmaeus,0.011,0.024,-1,Echolocation,/mnt/ubna_data_01_mir/recover-20220825/UBNA_002/20220823_033000.WAV,Telephone Field,recover-20220825,002,1795
1055.6585,1055.6721,16015,22375,Nyctalus noctula,0.02,0.035,-1,Echolocation,/mnt/ubna_data_01_mir/recover-20220825/UBNA_002/20220823_033000.WAV,Telephone Field,recover-20220825,002,1795
1055.7495,1055.7563,38359,66003,Pipistrellus nathusii,0.455,0.54,-1,Echolocation,/mnt/ubna_data_01_mir/recover-20220825/UBNA_002/20220823_033000.WAV,Telephone Field,recover-20220825,002,1795
1055.7505,1055.7558,28906,74570,Myotis bechsteinii,0.038,0.073,-1,Echolocation,/mnt/ubna_data_01_mir/recover-20220825/UBNA_002/20220823_033000.WAV,Telephone Field,recover-20220825,002,1795
1055.7505,1055.7594,54687,62908,Pipistrellus pygmaeus,0.022,0.027,-1,Echolocation,/mnt/ubna_data_01_mir/recover-20220825/UBNA_002/20220823_033000.WAV,Telephone Field,recover-20220825,002,1795
1055.8005,1055.8091,28046,37325,Eptesicus serotinus,0.01,0.025,-1,Echolocation,/mnt/ubna_data_01_mir/recover-20220825/UBNA_002/20220823_033000.WAV,Telephone Field,recover-20220825,002,1795
1055.8015,1055.8104,58125,65230,Pipistrellus pygmaeus,0.026,0.026,-1,Echolocation,/mnt/ubna_data_01_mir/recover-20220825/UBNA_002/20220823_033000.WAV,Telephone Field,recover-20220825,002,1795
1055.8015,1055.808,47812,54966,Pipistrellus pipistrellus,0.026,0.03,-1,Echolocation,/mnt/ubna_data_01_mir/recover-20220825/UBNA_002/20220823_033000.WAV,Telephone Field,recover-20220825,002,1795
1055.8345,1055.8413,36640,48397,Myotis brandtii,0.009,0.027,-1,Echolocation,/mnt/ubna_data_01_mir/recover-20220825/UBNA_002/20220823_033000.WAV,Telephone Field,recover-20220825,002,1795
1055.8355,1055.8446,55546,62388,Pipistrellus pygmaeus,0.024,0.024,-1,Echolocation,/mnt/ubna_data_01_mir/recover-20220825/UBNA_002/20220823_033000.WAV,Telephone Field,recover-20220825,002,1795
1055.8485,1055.8555,46953,57660,Pipistrellus pipistrellus,0.025,0.048,-1,Echolocation,/mnt/ubna_data_01_mir/recover-20220825/UBNA_002/20220823_033000.WAV,Telephone Field,recover-20220825,002,1795
1055.8495,1055.8554,29765,75286,Myotis bechsteinii,0.026,0.057,-1,Echolocation,/mnt/ubna_data_01_mir/recover-20220825/UBNA_002/20220823_033000.WAV,Telephone Field,recover-20220825,002,1795
1055.8495,1055.8619,55546,64884,Pipistrellus pygmaeus,0.023,0.025,-1,Echolocation,/mnt/ubna_data_01_mir/recover-20220825/UBNA_002/20220823_033000.WAV,Telephone Field,recover-20220825,002,1795
1055.8495,1055.8568,37500,67398,Pipistrellus nathusii,0.536,0.615,-1,Echolocation,/mnt/ubna_data_01_mir/recover-20220825/UBNA_002/20220823_033000.WAV,Telephone Field,recover-20220825,002,1795
1055.8595,1055.8649,32343,44733,Myotis daubentonii,0.008,0.024,-1,Echolocation,/mnt/ubna_data_01_mir/recover-20220825/UBNA_002/20220823_033000.WAV,Telephone Field,recover-20220825,002,1795
1055.8605,1055.8672,26328,38773,Eptesicus serotinus,0.006,0.023,-1,Echolocation,/mnt/ubna_data_01_mir/recover-20220825/UBNA_002/20220823_033000.WAV,Telephone Field,recover-20220825,002,1795
1055.9625,1055.9692,27187,39600,Eptesicus serotinus,0.006,0.024,-1,Echolocation,/mnt/ubna_data_01_mir/recover-20220825/UBNA_002/20220823_033000.WAV,Telephone Field,recover-20220825,002,1795
1055.9695,1055.9778,52968,58177,Pipistrellus pygmaeus,0.053,0.062,-1,Echolocation,/mnt/ubna_data_01_mir/recover-20220825/UBNA_002/20220823_033000.WAV,Telephone Field,recover-20220825,002,1795
1055.9725,1055.9873,16015,22043,Nyctalus noctula,0.019,0.031,-1,Echolocation,/mnt/ubna_data_01_mir/recover-20220825/UBNA_002/20220823_033000.WAV,Telephone Field,recover-20220825,002,1795
1055.9735,1055.9807,39218,65454,Pipistrellus nathusii,0.59,0.651,-1,Echolocation,/mnt/ubna_data_01_mir/recover-20220825/UBNA_002/20220823_033000.WAV,Telephone Field,recover-20220825,002,1795
1055.9745,1055.9803,31484,62613,Myotis brandtii,0.029,0.071,-1,Echolocation,/mnt/ubna_data_01_mir/recover-20220825/UBNA_002/20220823_033000.WAV,Telephone Field,recover-20220825,002,1795
1055.9755,1055.9798,52109,61591,Pipistrellus pygmaeus,0.039,0.056,-1,Echolocation,/mnt/ubna_data_01_mir/recover-20220825/UBNA_002/20220823_033000.WAV,Telephone Field,recover-20220825,002,1795
1055.9815,1055.989,51250,60898,Pipistrellus pygmaeus,0.033,0.037,-1,Echolocation,/mnt/ubna_data_01_mir/recover-20220825/UBNA_002/20220823_033000.WAV,Telephone Field,recover-20220825,002,1795
1056.0015,1056.0144,46953,52778,Pipistrellus pipistrellus,0.044,0.056,-1,Echolocation,/mnt/ubna_data_01_mir/recover-20220825/UBNA_002/20220823_033000.WAV,Telephone Field,recover-20220825,002,1795
1056.0015,1056.0307,69296,81064,Rhinolophus ferrumequinum,0.037,0.037,-1,Echolocation,/mnt/ubna_data_01_mir/recover-20220825/UBNA_002/20220823_033000.WAV,Telephone Field,recover-20220825,002,1795
1056.0015,1056.0104,21171,27186,Nyctalus leisleri,0.011,0.032,-1,Echolocation,/mnt/ubna_data_01_mir/recover-20220825/UBNA_002/20220823_033000.WAV,Telephone Field,recover-20220825,002,1795
1056.0125,1056.0515,68437,81729,Rhinolophus ferrumequinum,0.027,0.027,-1,Echolocation,/mnt/ubna_data_01_mir/recover-20220825/UBNA_002/20220823_033000.WAV,Telephone Field,recover-20220825,002,1795
1056.0515,1056.0853,68437,81202,Rhinolophus ferrumequinum,0.024,0.024,-1,Echolocation,/mnt/ubna_data_01_mir/recover-20220825/UBNA_002/20220823_033000.WAV,Telephone Field,recover-20220825,002,1795
1056.0515,1056.0587,28046,34980,Eptesicus serotinus,0.009,0.025,-1,Echolocation,/mnt/ubna_data_01_mir/recover-20220825/UBNA_002/20220823_033000.WAV,Telephone Field,recover-20220825,002,1795
1056.0615,1056.0674,49531,60383,Pipistrellus pipistrellus,0.032,0.056,-1,Echolocation,/mnt/ubna_data_01_mir/recover-20220825/UBNA_002/20220823_033000.WAV,Telephone Field,recover-20220825,002,1795
1056.0625,1056.0682,28046,57534,Myotis daubentonii,0.012,0.025,-1,Echolocation,/mnt/ubna_data_01_mir/recover-20220825/UBNA_002/20220823_033000.WAV,Telephone Field,recover-20220825,002,1795
1056.0625,1056.0697,40937,64362,Pipistrellus nathusii,0.371,0.534,-1,Echolocation,/mnt/ubna_data_01_mir/recover-20220825/UBNA_002/20220823_033000.WAV,Telephone Field,recover-20220825,002,1795
1056.1345,1056.1431,46953,51069,Pipistrellus pipistrellus,0.03,0.031,-1,Echolocation,/mnt/ubna_data_01_mir/recover-20220825/UBNA_002/20220823_033000.WAV,Telephone Field,recover-20220825,002,1795
1056.1555,1056.1641,51250,55936,Pipistrellus pygmaeus,0.025,0.038,-1,Echolocation,/mnt/ubna_data_01_mir/recover-20220825/UBNA_002/20220823_033000.WAV,Telephone Field,recover-20220825,002,1795
1056.1615,1056.1689,39218,56545,Pipistrellus nathusii,0.62,0.649,-1,Echolocation,/mnt/ubna_data_01_mir/recover-20220825/UBNA_002/20220823_033000.WAV,Telephone Field,recover-20220825,002,1795
1056.1625,1056.1694,50390,56378,Pipistrellus pipistrellus,0.016,0.029,-1,Echolocation,/mnt/ubna_data_01_mir/recover-20220825/UBNA_002/20220823_033000.WAV,Telephone Field,recover-20220825,002,1795
1056.1705,1056.1781,27187,35707,Eptesicus serotinus,0.006,0.024,-1,Echolocation,/mnt/ubna_data_01_mir/recover-20220825/UBNA_002/20220823_033000.WAV,Telephone Field,recover-20220825,002,1795
1056.1745,1056.2065,68437,80377,Rhinolophus ferrumequinum,0.023,0.023,-1,Echolocation,/mnt/ubna_data_01_mir/recover-20220825/UBNA_002/20220823_033000.WAV,Telephone Field,recover-20220825,002,1795
1056.1795,1056.211,68437,80430,Rhinolophus ferrumequinum,0.023,0.024,-1,Echolocation,/mnt/ubna_data_01_mir/recover-20220825/UBNA_002/20220823_033000.WAV,Telephone Field,recover-20220825,002,1795
1056.2615,1056.2685,38359,50814,Pipistrellus nathusii,0.431,0.568,-1,Echolocation,/mnt/ubna_data_01_mir/recover-20220825/UBNA_002/20220823_033000.WAV,Telephone Field,recover-20220825,002,1795
1056.3555,1056.3626,49531,53455,Pipistrellus pipistrellus,0.021,0.037,-1,Echolocation,/mnt/ubna_data_01_mir/recover-20220825/UBNA_002/20220823_033000.WAV,Telephone Field,recover-20220825,002,1795
1056.3565,1056.3628,39218,55279,Pipistrellus nathusii,0.438,0.562,-1,Echolocation,/mnt/ubna_data_01_mir/recover-20220825/UBNA_002/20220823_033000.WAV,Telephone Field,recover-20220825,002,1795
1056.4155,1056.4221,56406,63882,Pipistrellus pygmaeus,0.023,0.024,-1,Echolocation,/mnt/ubna_data_01_mir/recover-20220825/UBNA_002/20220823_033000.WAV,Telephone Field,recover-20220825,002,1795
1056.4295,1056.4393,44375,51369,Pipistrellus pipistrellus,0.013,0.023,-1,Echolocation,/mnt/ubna_data_01_mir/recover-20220825/UBNA_002/20220823_033000.WAV,Telephone Field,recover-20220825,002,1795
1056.4375,1056.4451,50390,54530,Pipistrellus pipistrellus,0.014,0.027,-1,Echolocation,/mnt/ubna_data_01_mir/recover-20220825/UBNA_002/20220823_033000.WAV,Telephone Field,recover-20220825,002,1795
1056.4405,1056.4477,40078,53901,Pipistrellus nathusii,0.44,0.594,-1,Echolocation,/mnt/ubna_data_01_mir/recover-20220825/UBNA_002/20220823_033000.WAV,Telephone Field,recover-20220825,002,1795
1056.4605,1056.4936,68437,81184,Rhinolophus ferrumequinum,0.03,0.03,-1,Echolocation,/mnt/ubna_data_01_mir/recover-20220825/UBNA_002/20220823_033000.WAV,Telephone Field,recover-20220825,002,1795
1056.4715,1056.479,28906,39426,Eptesicus serotinus,0.008,0.024,-1,Echolocation,/mnt/ubna_data_01_mir/recover-20220825/UBNA_002/20220823_033000.WAV,Telephone Field,recover-20220825,002,1795
1056.4825,1056.5206,68437,82048,Rhinolophus ferrumequinum,0.025,0.025,-1,Echolocation,/mnt/ubna_data_01_mir/recover-20220825/UBNA_002/20220823_033000.WAV,Telephone Field,recover-20220825,002,1795
1056.5145,1056.5193,33203,41430,Myotis daubentonii,0.011,0.029,-1,Echolocation,/mnt/ubna_data_01_mir/recover-20220825/UBNA_002/20220823_033000.WAV,Telephone Field,recover-20220825,002,1795
1056.5295,1056.5358,40937,55443,Pipistrellus nathusii,0.451,0.506,-1,Echolocation,/mnt/ubna_data_01_mir/recover-20220825/UBNA_002/20220823_033000.WAV,Telephone Field,recover-20220825,002,1795
1056.5365,1056.5418,30625,40012,Myotis daubentonii,0.012,0.025,-1,Echolocation,/mnt/ubna_data_01_mir/recover-20220825/UBNA_002/20220823_033000.WAV,Telephone Field,recover-20220825,002,1795
1056.5875,1056.6264,68437,81966,Rhinolophus ferrumequinum,0.025,0.025,-1,Echolocation,/mnt/ubna_data_01_mir/recover-20220825/UBNA_002/20220823_033000.WAV,Telephone Field,recover-20220825,002,1795
1056.5895,1056.5982,27187,41966,Eptesicus serotinus,0.01,0.025,-1,Echolocation,/mnt/ubna_data_01_mir/recover-20220825/UBNA_002/20220823_033000.WAV,Telephone Field,recover-20220825,002,1795
1056.5925,1056.5994,31484,43382,Myotis daubentonii,0.009,0.025,-1,Echolocation,/mnt/ubna_data_01_mir/recover-20220825/UBNA_002/20220823_033000.WAV,Telephone Field,recover-20220825,002,1795
1056.6145,1056.6209,40078,52445,Pipistrellus nathusii,0.511,0.556,-1,Echolocation,/mnt/ubna_data_01_mir/recover-20220825/UBNA_002/20220823_033000.WAV,Telephone Field,recover-20220825,002,1795
1056.6685,1056.7083,68437,82255,Rhinolophus ferrumequinum,0.024,0.024,-1,Echolocation,/mnt/ubna_data_01_mir/recover-20220825/UBNA_002/20220823_033000.WAV,Telephone Field,recover-20220825,002,1795
1056.6945,1056.7315,68437,82024,Rhinolophus ferrumequinum,0.027,0.027,-1,Echolocation,/mnt/ubna_data_01_mir/recover-20220825/UBNA_002/20220823_033000.WAV,Telephone Field,recover-20220825,002,1795
1056.7035,1056.7104,34062,42445,Barbastellus barbastellus,0.009,0.024,-1,Echolocation,/mnt/ubna_data_01_mir/recover-20220825/UBNA_002/20220823_033000.WAV,Telephone Field,recover-20220825,002,1795
1056.7035,1056.7139,54687,60313,Pipistrellus pygmaeus,0.035,0.035,-1,Echolocation,/mnt/ubna_data_01_mir/recover-20220825/UBNA_002/20220823_033000.WAV,Telephone Field,recover-20220825,002,1795
1056.7045,1056.712,47812,54180,Pipistrellus pipistrellus,0.029,0.035,-1,Echolocation,/mnt/ubna_data_01_mir/recover-20220825/UBNA_002/20220823_033000.WAV,Telephone Field,recover-20220825,002,1795
1056.7355,1056.7444,44375,49393,Pipistrellus pipistrellus,0.023,0.035,-1,Echolocation,/mnt/ubna_data_01_mir/recover-20220825/UBNA_002/20220823_033000.WAV,Telephone Field,recover-20220825,002,1795
1056.7375,1056.7437,33203,45713,Barbastellus barbastellus,0.012,0.036,-1,Echolocation,/mnt/ubna_data_01_mir/recover-20220825/UBNA_002/20220823_033000.WAV,Telephone Field,recover-20220825,002,1795
1056.7775,1056.7834,40937,60144,Pipistrellus nathusii,0.264,0.518,-1,Echolocation,/mnt/ubna_data_01_mir/recover-20220825/UBNA_002/20220823_033000.WAV,Telephone Field,recover-20220825,002,1795
1056.8655,1056.8721,42656,56411,Pipistrellus nathusii,0.256,0.426,-1,Echolocation,/mnt/ubna_data_01_mir/recover-20220825/UBNA_002/20220823_033000.WAV,Telephone Field,recover-20220825,002,1795
1056.8835,1056.8917,34921,41374,Barbastellus barbastellus,0.008,0.025,-1,Echolocation,/mnt/ubna_data_01_mir/recover-20220825/UBNA_002/20220823_033000.WAV,Telephone Field,recover-20220825,002,1795
1056.9195,1056.959,68437,82067,Rhinolophus ferrumequinum,0.024,0.024,-1,Echolocation,/mnt/ubna_data_01_mir/recover-20220825/UBNA_002/20220823_033000.WAV,Telephone Field,recover-20220825,002,1795
1056.9465,1056.9868,68437,82484,Rhinolophus ferrumequinum,0.027,0.027,-1,Echolocation,/mnt/ubna_data_01_mir/recover-20220825/UBNA_002/20220823_033000.WAV,Telephone Field,recover-20220825,002,1795
1056.9555,1056.9614,33203,46376,Barbastellus barbastellus,0.01,0.031,-1,Echolocation,/mnt/ubna_data_01_mir/recover-20220825/UBNA_002/20220823_033000.WAV,Telephone Field,recover-20220825,002,1795
1056.9595,1056.9682,43515,51789,Pipistrellus pipistrellus,0.017,0.037,-1,Echolocation,/mnt/ubna_data_01_mir/recover-20220825/UBNA_002/20220823_033000.WAV,Telephone Field,recover-20220825,002,1795
1056.9695,1056.9756,43515,52372,Pipistrellus nathusii,0.314,0.414,-1,Echolocation,/mnt/ubna_data_01_mir/recover-20220825/UBNA_002/20220823_033000.WAV,Telephone Field,recover-20220825,002,1795
1056.9705,1056.976,28906,63634,Myotis daubentonii,0.019,0.034,-1,Echolocation,/mnt/ubna_data_01_mir/recover-20220825/UBNA_002/20220823_033000.WAV,Telephone Field,recover-20220825,002,1795
1057.0275,1057.0354,46953,55675,Pipistrellus pipistrellus,0.025,0.029,-1,Echolocation,/mnt/ubna_data_01_mir/recover-20220825/UBNA_002/20220823_033000.WAV,Telephone Field,recover-20220825,002,1795
1057.0305,1057.038,27187,42978,Eptesicus serotinus,0.008,0.027,-1,Echolocation,/mnt/ubna_data_01_mir/recover-20220825/UBNA_002/20220823_033000.WAV,Telephone Field,recover-20220825,002,1795
1057.0475,1057.0558,28906,37097,Eptesicus serotinus,0.009,0.024,-1,Echolocation,/mnt/ubna_data_01_mir/recover-20220825/UBNA_002/20220823_033000.WAV,Telephone Field,recover-20220825,002,1795
1057.0695,1057.0759,41796,55094,Pipistrellus nathusii,0.238,0.379,-1,Echolocation,/mnt/ubna_data_01_mir/recover-20220825/UBNA_002/20220823_033000.WAV,Telephone Field,recover-20220825,002,1795
1057.0925,1057.1205,68437,79874,Rhinolophus ferrumequinum,0.023,0.024,-1,Echolocation,/mnt/ubna_data_01_mir/recover-20220825/UBNA_002/20220823_033000.WAV,Telephone Field,recover-20220825,002,1795
1057.0955,1057.1035,28906,37495,Eptesicus serotinus,0.009,0.026,-1,Echolocation,/mnt/ubna_data_01_mir/recover-20220825/UBNA_002/20220823_033000.WAV,Telephone Field,recover-20220825,002,1795
1057.1115,1057.1498,68437,81781,Rhinolophus ferrumequinum,0.027,0.027,-1,Echolocation,/mnt/ubna_data_01_mir/recover-20220825/UBNA_002/20220823_033000.WAV,Telephone Field,recover-20220825,002,1795
1057.1385,1057.1541,44375,47301,Pipistrellus pipistrellus,0.049,0.058,-1,Echolocation,/mnt/ubna_data_01_mir/recover-20220825/UBNA_002/20220823_033000.WAV,Telephone Field,recover-20220825,002,1795
1057.1535,1057.1903,68437,81409,Rhinolophus ferrumequinum,0.023,0.023,-1,Echolocation,/mnt/ubna_data_01_mir/recover-20220825/UBNA_002/20220823_033000.WAV,Telephone Field,recover-20220825,002,1795
1057.1625,1057.1714,41796,49964,Pipistrellus nathusii,0.37,0.446,-1,Echolocation,/mnt/ubna_data_01_mir/recover-20220825/UBNA_002/20220823_033000.WAV,Telephone Field,recover-20220825,002,1795
1057.1705,1057.1771,27187,36159,Eptesicus serotinus,0.005,0.023,-1,Echolocation,/mnt/ubna_data_01_mir/recover-20220825/UBNA_002/20220823_033000.WAV,Telephone Field,recover-20220825,002,1795
1057.1925,1057.2345,68437,82937,Rhinolophus ferrumequinum,0.029,0.029,-1,Echolocation,/mnt/ubna_data_01_mir/recover-20220825/UBNA_002/20220823_033000.WAV,Telephone Field,recover-20220825,002,1795
1057.2295,1057.2383,23750,31923,Plecotus austriacus,0.006,0.024,-1,Echolocation,/mnt/ubna_data_01_mir/recover-20220825/UBNA_002/20220823_033000.WAV,Telephone Field,recover-20220825,002,1795
1057.2375,1057.2444,43515,51124,Pipistrellus nathusii,0.357,0.424,-1,Echolocation,/mnt/ubna_data_01_mir/recover-20220825/UBNA_002/20220823_033000.WAV,Telephone Field,recover-20220825,002,1795
1057.2945,1057.3037,54687,60447,Pipistrellus pygmaeus,0.032,0.033,-1,Echolocation,/mnt/ubna_data_01_mir/recover-20220825/UBNA_002/20220823_033000.WAV,Telephone Field,recover-20220825,002,1795
1057.2955,1057.3013,30625,68405,Myotis brandtii,0.015,0.032,-1,Echolocation,/mnt/ubna_data_01_mir/recover-20220825/UBNA_002/20220823_033000.WAV,Telephone Field,recover-20220825,002,1795
1057.2965,1057.3021,43515,59413,Pipistrellus nathusii,0.37,0.56,-1,Echolocation,/mnt/ubna_data_01_mir/recover-20220825/UBNA_002/20220823_033000.WAV,Telephone Field,recover-20220825,002,1795
1057.3055,1057.3422,68437,80929,Rhinolophus ferrumequinum,0.025,0.025,-1,Echolocation,/mnt/ubna_data_01_mir/recover-20220825/UBNA_002/20220823_033000.WAV,Telephone Field,recover-20220825,002,1795
1057.3345,1057.3748,68437,83037,Rhinolophus ferrumequinum,0.031,0.031,-1,Echolocation,/mnt/ubna_data_01_mir/recover-20220825/UBNA_002/20220823_033000.WAV,Telephone Field,recover-20220825,002,1795
1057.3605,1057.3664,31484,62146,Myotis brandtii,0.011,0.024,-1,Echolocation,/mnt/ubna_data_01_mir/recover-20220825/UBNA_002/20220823_033000.WAV,Telephone Field,recover-20220825,002,1795
1057.3615,1057.368,43515,53393,Pipistrellus nathusii,0.43,0.519,-1,Echolocation,/mnt/ubna_data_01_mir/recover-20220825/UBNA_002/20220823_033000.WAV,Telephone Field,recover-20220825,002,1795
1057.4115,1057.4504,68437,82539,Rhinolophus ferrumequinum,0.071,0.071,-1,Echolocation,/mnt/ubna_data_01_mir/recover-20220825/UBNA_002/20220823_033000.WAV,Telephone Field,recover-20220825,002,1795
1057.4425,1057.4483,42656,63197,Pipistrellus nathusii,0.251,0.478,-1,Echolocation,/mnt/ubna_data_01_mir/recover-20220825/UBNA_002/20220823_033000.WAV,Telephone Field,recover-20220825,002,1795
1057.4425,1057.4485,30625,68463,Myotis brandtii,0.012,0.026,-1,Echolocation,/mnt/ubna_data_01_mir/recover-20220825/UBNA_002/20220823_033000.WAV,Telephone Field,recover-20220825,002,1795
1057.4575,1057.494,68437,81476,Rhinolophus ferrumequinum,0.024,0.024,-1,Echolocation,/mnt/ubna_data_01_mir/recover-20220825/UBNA_002/20220823_033000.WAV,Telephone Field,recover-20220825,002,1795
1057.4725,1057.5116,68437,82603,Rhinolophus ferrumequinum,0.028,0.028,-1,Echolocation,/mnt/ubna_data_01_mir/recover-20220825/UBNA_002/20220823_033000.WAV,Telephone Field,recover-20220825,002,1795
1057.4835,1057.4902,28906,40663,Eptesicus serotinus,0.007,0.026,-1,Echolocation,/mnt/ubna_data_01_mir/recover-20220825/UBNA_002/20220823_033000.WAV,Telephone Field,recover-20220825,002,1795
1057.5005,1057.5085,46953,56195,Pipistrellus pipistrellus,0.02,0.025,-1,Echolocation,/mnt/ubna_data_01_mir/recover-20220825/UBNA_002/20220823_033000.WAV,Telephone Field,recover-20220825,002,1795
1057.5265,1057.5442,19453,22431,Nyctalus leisleri,0.013,0.024,-1,Echolocation,/mnt/ubna_data_01_mir/recover-20220825/UBNA_002/20220823_033000.WAV,Telephone Field,recover-20220825,002,1795
1057.5335,1057.5402,41796,53174,Pipistrellus nathusii,0.277,0.406,-1,Echolocation,/mnt/ubna_data_01_mir/recover-20220825/UBNA_002/20220823_033000.WAV,Telephone Field,recover-20220825,002,1795
1057.5485,1057.5856,68437,81902,Rhinolophus ferrumequinum,0.025,0.025,-1,Echolocation,/mnt/ubna_data_01_mir/recover-20220825/UBNA_002/20220823_033000.WAV,Telephone Field,recover-20220825,002,1795
1057.5825,1057.5902,28046,38831,Eptesicus serotinus,0.008,0.025,-1,Echolocation,/mnt/ubna_data_01_mir/recover-20220825/UBNA_002/20220823_033000.WAV,Telephone Field,recover-20220825,002,1795
1057.6045,1057.6404,68437,81745,Rhinolophus ferrumequinum,0.027,0.027,-1,Echolocation,/mnt/ubna_data_01_mir/recover-20220825/UBNA_002/20220823_033000.WAV,Telephone Field,recover-20220825,002,1795
1057.6055,1057.611,34062,44455,Myotis daubentonii,0.009,0.025,-1,Echolocation,/mnt/ubna_data_01_mir/recover-20220825/UBNA_002/20220823_033000.WAV,Telephone Field,recover-20220825,002,1795
1057.6175,1057.6231,43515,56243,Pipistrellus nathusii,0.376,0.459,-1,Echolocation,/mnt/ubna_data_01_mir/recover-20220825/UBNA_002/20220823_033000.WAV,Telephone Field,recover-20220825,002,1795
1057.6175,1057.6233,29765,58373,Myotis daubentonii,0.014,0.025,-1,Echolocation,/mnt/ubna_data_01_mir/recover-20220825/UBNA_002/20220823_033000.WAV,Telephone Field,recover-20220825,002,1795
1057.6555,1057.6926,68437,82176,Rhinolophus ferrumequinum,0.023,0.023,-1,Echolocation,/mnt/ubna_data_01_mir/recover-20220825/UBNA_002/20220823_033000.WAV,Telephone Field,recover-20220825,002,1795
1057.6565,1057.6662,26328,34476,Eptesicus serotinus,0.013,0.027,-1,Echolocation,/mnt/ubna_data_01_mir/recover-20220825/UBNA_002/20220823_033000.WAV,Telephone Field,recover-20220825,002,1795
1057.6575,1057.6664,51250,57330,Pipistrellus pipistrellus,0.024,0.03,-1,Echolocation,/mnt/ubna_data_01_mir/recover-20220825/UBNA_002/20220823_033000.WAV,Telephone Field,recover-20220825,002,1795
1057.6795,1057.6866,44375,54993,Pipistrellus nathusii,0.31,0.586,-1,Echolocation,/mnt/ubna_data_01_mir/recover-20220825/UBNA_002/20220823_033000.WAV,Telephone Field,recover-20220825,002,1795
1057.6815,1057.6871,29765,52042,Myotis daubentonii,0.014,0.024,-1,Echolocation,/mnt/ubna_data_01_mir/recover-20220825/UBNA_002/20220823_033000.WAV,Telephone Field,recover-20220825,002,1795
1057.6955,1057.7028,24609,33756,Plecotus austriacus,0.008,0.024,-1,Echolocation,/mnt/ubna_data_01_mir/recover-20220825/UBNA_002/20220823_033000.WAV,Telephone Field,recover-20220825,002,1795
1057.7065,1057.7458,68437,82961,Rhinolophus ferrumequinum,0.03,0.03,-1,Echolocation,/mnt/ubna_data_01_mir/recover-20220825/UBNA_002/20220823_033000.WAV,Telephone Field,recover-20220825,002,1795
1057.7455,1057.7538,46953,54409,Pipistrellus pipistrellus,0.024,0.026,-1,Echolocation,/mnt/ubna_data_01_mir/recover-20220825/UBNA_002/20220823_033000.WAV,Telephone Field,recover-20220825,002,1795
1057.7455,1057.7779,68437,80383,Rhinolophus ferrumequinum,0.029,0.03,-1,Echolocation,/mnt/ubna_data_01_mir/recover-20220825/UBNA_002/20220823_033000.WAV,Telephone Field,recover-20220825,002,1795
1057.7775,1057.8109,68437,81703,Rhinolophus ferrumequinum,0.024,0.024,-1,Echolocation,/mnt/ubna_data_01_mir/recover-20220825/UBNA_002/20220823_033000.WAV,Telephone Field,recover-20220825,002,1795
1057.7875,1057.7969,41796,49753,Pipistrellus pipistrellus,0.01,0.026,-1,Echolocation,/mnt/ubna_data_01_mir/recover-20220825/UBNA_002/20220823_033000.WAV,Telephone Field,recover-20220825,002,1795
1057.8045,1057.8116,28046,36173,Eptesicus serotinus,0.009,0.024,-1,Echolocation,/mnt/ubna_data_01_mir/recover-20220825/UBNA_002/20220823_033000.WAV,Telephone Field,recover-20220825,002,1795
1057.8125,1057.8205,42656,57599,Pipistrellus nathusii,0.264,0.395,-1,Echolocation,/mnt/ubna_data_01_mir/recover-20220825/UBNA_002/20220823_033000.WAV,Telephone Field,recover-20220825,002,1795
1057.8135,1057.8197,52968,57505,Pipistrellus pygmaeus,0.059,0.065,-1,Echolocation,/mnt/ubna_data_01_mir/recover-20220825/UBNA_002/20220823_033000.WAV,Telephone Field,recover-20220825,002,1795
1057.8155,1057.8209,31484,62388,Myotis daubentonii,0.018,0.052,-1,Echolocation,/mnt/ubna_data_01_mir/recover-20220825/UBNA_002/20220823_033000.WAV,Telephone Field,recover-20220825,002,1795
1057.8615,1057.8675,29765,53046,Myotis daubentonii,0.015,0.029,-1,Echolocation,/mnt/ubna_data_01_mir/recover-20220825/UBNA_002/20220823_033000.WAV,Telephone Field,recover-20220825,002,1795
1057.8615,1057.8691,43515,50277,Pipistrellus nathusii,0.161,0.277,-1,Echolocation,/mnt/ubna_data_01_mir/recover-20220825/UBNA_002/20220823_033000.WAV,Telephone Field,recover-20220825,002,1795
1057.9045,1057.9136,54687,63075,Pipistrellus pygmaeus,0.035,0.037,-1,Echolocation,/mnt/ubna_data_01_mir/recover-20220825/UBNA_002/20220823_033000.WAV,Telephone Field,recover-20220825,002,1795
1057.9055,1057.9444,68437,82358,Rhinolophus ferrumequinum,0.025,0.025,-1,Echolocation,/mnt/ubna_data_01_mir/recover-20220825/UBNA_002/20220823_033000.WAV,Telephone Field,recover-20220825,002,1795
1057.9185,1057.9263,58125,64602,Pipistrellus pygmaeus,0.029,0.029,-1,Echolocation,/mnt/ubna_data_01_mir/recover-20220825/UBNA_002/20220823_033000.WAV,Telephone Field,recover-20220825,002,1795
1057.9225,1057.9319,44375,48443,Pipistrellus pipistrellus,0.022,0.026,-1,Echolocation,/mnt/ubna_data_01_mir/recover-20220825/UBNA_002/20220823_033000.WAV,Telephone Field,recover-20220825,002,1795
1057.9655,1057.9717,28046,46840,Myotis daubentonii,0.007,0.025,-1,Echolocation,/mnt/ubna_data_01_mir/recover-20220825/UBNA_002/20220823_033000.WAV,Telephone Field,recover-20220825,002,1795
1057.9835,1057.9964,22890,28265,Nyctalus leisleri,0.019,0.039,-1,Echolocation,/mnt/ubna_data_01_mir/recover-20220825/UBNA_002/20220823_033000.WAV,Telephone Field,recover-20220825,002,1795
1057.9875,1057.9985,42656,52798,Pipistrellus nathusii,0.029,0.052,-1,Echolocation,/mnt/ubna_data_01_mir/recover-20220825/UBNA_002/20220823_033000.WAV,Telephone Field,recover-20220825,002,1795
1058.0015,1058.0311,68437,79296,Rhinolophus ferrumequinum,0.032,0.033,-1,Echolocation,/mnt/ubna_data_01_mir/recover-20220825/UBNA_002/20220823_033000.WAV,Telephone Field,recover-20220825,002,1795
1058.0015,1058.0086,32343,42774,Myotis daubentonii,0.01,0.03,-1,Echolocation,/mnt/ubna_data_01_mir/recover-20220825/UBNA_002/20220823_033000.WAV,Telephone Field,recover-20220825,002,1795
1058.0015,1058.0089,22890,32719,Nyctalus leisleri,0.007,0.03,-1,Echolocation,/mnt/ubna_data_01_mir/recover-20220825/UBNA_002/20220823_033000.WAV,Telephone Field,recover-20220825,002,1795
1058.0015,1058.0089,40078,49421,Pipistrellus nathusii,0.014,0.035,-1,Echolocation,/mnt/ubna_data_01_mir/recover-20220825/UBNA_002/20220823_033000.WAV,Telephone Field,recover-20220825,002,1795
1058.0085,1058.0173,58125,63725,Pipistrellus pygmaeus,0.039,0.04,-1,Echolocation,/mnt/ubna_data_01_mir/recover-20220825/UBNA_002/20220823_033000.WAV,Telephone Field,recover-20220825,002,1795
1058.0105,1058.0539,68437,82838,Rhinolophus ferrumequinum,0.025,0.025,-1,Echolocation,/mnt/ubna_data_01_mir/recover-20220825/UBNA_002/20220823_033000.WAV,Telephone Field,recover-20220825,002,1795
1058.0425,1058.0514,27187,34345,Eptesicus serotinus,0.014,0.031,-1,Echolocation,/mnt/ubna_data_01_mir/recover-20220825/UBNA_002/20220823_033000.WAV,Telephone Field,recover-20220825,002,1795
1058.0545,1058.0612,41796,52220,Pipistrellus nathusii,0.281,0.485,-1,Echolocation,/mnt/ubna_data_01_mir/recover-20220825/UBNA_002/20220823_033000.WAV,Telephone Field,recover-20220825,002,1795
1058.1015,1058.1109,43515,52124,Pipistrellus nathusii,0.18,0.203,-1,Echolocation,/mnt/ubna_data_01_mir/recover-20220825/UBNA_002/20220823_033000.WAV,Telephone Field,recover-20220825,002,1795
1058.1035,1058.1425,68437,82125,Rhinolophus ferrumequinum,0.025,0.025,-1,Echolocation,/mnt/ubna_data_01_mir/recover-20220825/UBNA_002/20220823_033000.WAV,Telephone Field,recover-20220825,002,1795
1058.1545,1058.1619,42656,52908,Pipistrellus nathusii,0.244,0.359,-1,Echolocation,/mnt/ubna_data_01_mir/recover-20220825/UBNA_002/20220823_033000.WAV,Telephone Field,recover-20220825,002,1795
1058.1565,1058.162,30625,59106,Myotis brandtii,0.018,0.031,-1,Echolocation,/mnt/ubna_data_01_mir/recover-20220825/UBNA_002/20220823_033000.WAV,Telephone Field,recover-20220825,002,1795
1058.1785,1058.2187,68437,82195,Rhinolophus ferrumequinum,0.026,0.026,-1,Echolocation,/mnt/ubna_data_01_mir/recover-20220825/UBNA_002/20220823_033000.WAV,Telephone Field,recover-20220825,002,1795
1058.1795,1058.1892,27187,36445,Eptesicus serotinus,0.014,0.029,-1,Echolocation,/mnt/ubna_data_01_mir/recover-20220825/UBNA_002/20220823_033000.WAV,Telephone Field,recover-20220825,002,1795
1058.2155,1058.2236,43515,48395,Pipistrellus nathusii,0.152,0.168,-1,Echolocation,/mnt/ubna_data_01_mir/recover-20220825/UBNA_002/20220823_033000.WAV,Telephone Field,recover-20220825,002,1795
1058.2235,1058.2307,31484,41120,Barbastellus barbastellus,0.014,0.034,-1,Echolocation,/mnt/ubna_data_01_mir/recover-20220825/UBNA_002/20220823_033000.WAV,Telephone Field,recover-20220825,002,1795
1058.2415,1058.2521,23750,29870,Eptesicus serotinus,0.009,0.028,-1,Echolocation,/mnt/ubna_data_01_mir/recover-20220825/UBNA_002/20220823_033000.WAV,Telephone Field,recover-20220825,002,1795
1058.2595,1058.2698,26328,32957,Eptesicus serotinus,0.012,0.027,-1,Echolocation,/mnt/ubna_data_01_mir/recover-20220825/UBNA_002/20220823_033000.WAV,Telephone Field,recover-20220825,002,1795
1058.2675,1058.2765,46953,49929,Pipistrellus pipistrellus,0.032,0.041,-1,Echolocation,/mnt/ubna_data_01_mir/recover-20220825/UBNA_002/20220823_033000.WAV,Telephone Field,recover-20220825,002,1795
1058.2695,1058.2805,42656,47069,Pipistrellus nathusii,0.049,0.06,-1,Echolocation,/mnt/ubna_data_01_mir/recover-20220825/UBNA_002/20220823_033000.WAV,Telephone Field,recover-20220825,002,1795
1058.2915,1058.2999,39218,46730,Pipistrellus nathusii,0.014,0.031,-1,Echolocation,/mnt/ubna_data_01_mir/recover-20220825/UBNA_002/20220823_033000.WAV,Telephone Field,recover-20220825,002,1795
1058.3455,1058.351,51250,58961,Pipistrellus pipistrellus,0.023,0.029,-1,Echolocation,/mnt/ubna_data_01_mir/recover-20220825/UBNA_002/20220823_033000.WAV,Telephone Field,recover-20220825,002,1795
1058.3555,1058.3643,41796,50822,Pipistrellus nathusii,0.308,0.352,-1,Echolocation,/mnt/ubna_data_01_mir/recover-20220825/UBNA_002/20220823_033000.WAV,Telephone Field,recover-20220825,002,1795
1058.3695,1058.3867,18593,22506,Nyctalus noctula,0.015,0.026,-1,Echolocation,/mnt/ubna_data_01_mir/recover-20220825/UBNA_002/20220823_033000.WAV,Telephone Field,recover-20220825,002,1795
1058.3945,1058.4015,31484,43119,Barbastellus barbastellus,0.012,0.029,-1,Echolocation,/mnt/ubna_data_01_mir/recover-20220825/UBNA_002/20220823_033000.WAV,Telephone Field,recover-20220825,002,1795
1058.3965,1058.4038,41796,51828,Pipistrellus nathusii,0.019,0.031,-1,Echolocation,/mnt/ubna_data_01_mir/recover-20220825/UBNA_002/20220823_033000.WAV,Telephone Field,recover-20220825,002,1795
1058.4445,1058.4577,26328,31002,Eptesicus serotinus,0.017,0.037,-1,Echolocation,/mnt/ubna_data_01_mir/recover-20220825/UBNA_002/20220823_033000.WAV,Telephone Field,recover-20220825,002,1795
1058.4775,1058.4856,54687,61796,Pipistrellus pygmaeus,0.035,0.035,-1,Echolocation,/mnt/ubna_data_01_mir/recover-20220825/UBNA_002/20220823_033000.WAV,Telephone Field,recover-20220825,002,1795
1058.4965,1058.507,23750,29882,Nyctalus leisleri,0.009,0.026,-1,Echolocation,/mnt/ubna_data_01_mir/recover-20220825/UBNA_002/20220823_033000.WAV,Telephone Field,recover-20220825,002,1795
1058.5045,1058.5156,22890,27366,Nyctalus leisleri,0.012,0.026,-1,Echolocation,/mnt/ubna_data_01_mir/recover-20220825/UBNA_002/20220823_033000.WAV,Telephone Field,recover-20220825,002,1795
1058.5135,1058.5252,41796,47542,Pipistrellus nathusii,0.22,0.239,-1,Echolocation,/mnt/ubna_data_01_mir/recover-20220825/UBNA_002/20220823_033000.WAV,Telephone Field,recover-20220825,002,1795
1058.5265,1058.5642,68437,82428,Rhinolophus ferrumequinum,0.031,0.031,-1,Echolocation,/mnt/ubna_data_01_mir/recover-20220825/UBNA_002/20220823_033000.WAV,Telephone Field,recover-20220825,002,1795
1058.5425,1058.5494,26328,38770,Eptesicus serotinus,0.009,0.031,-1,Echolocation,/mnt/ubna_data_01_mir/recover-20220825/UBNA_002/20220823_033000.WAV,Telephone Field,recover-20220825,002,1795
1058.5435,1058.5501,40078,50645,Pipistrellus nathusii,0.008,0.026,-1,Echolocation,/mnt/ubna_data_01_mir/recover-20220825/UBNA_002/20220823_033000.WAV,Telephone Field,recover-20220825,002,1795
1058.5915,1058.5994,42656,49051,Pipistrellus nathusii,0.348,0.381,-1,Echolocation,/mnt/ubna_data_01_mir/recover-20220825/UBNA_002/20220823_033000.WAV,Telephone Field,recover-20220825,002,1795
1058.6625,1058.6724,42656,48510,Pipistrellus nathusii,0.22,0.269,-1,Echolocation,/mnt/ubna_data_01_mir/recover-20220825/UBNA_002/20220823_033000.WAV,Telephone Field,recover-20220825,002,1795
1058.6675,1058.6734,30625,46364,Barbastellus barbastellus,0.021,0.046,-1,Echolocation,/mnt/ubna_data_01_mir/recover-20220825/UBNA_002/20220823_033000.WAV,Telephone Field,recover-20220825,002,1795
1058.6835,1058.6955,27187,32107,Eptesicus serotinus,0.108,0.186,-1,Echolocation,/mnt/ubna_data_01_mir/recover-20220825/UBNA_002/20220823_033000.WAV,Telephone Field,recover-20220825,002,1795
1058.6985,1058.7063,26328,36266,Eptesicus serotinus,0.008,0.026,-1,Echolocation,/mnt/ubna_data_01_mir/recover-20220825/UBNA_002/20220823_033000.WAV,Telephone Field,recover-20220825,002,1795
1058.7275,1058.7334,33203,51745,Myotis brandtii,0.012,0.025,-1,Echolocation,/mnt/ubna_data_01_mir/recover-20220825/UBNA_002/20220823_033000.WAV,Telephone Field,recover-20220825,002,1795
1058.7285,1058.7357,41796,50234,Pipistrellus nathusii,0.035,0.05,-1,Echolocation,/mnt/ubna_data_01_mir/recover-20220825/UBNA_002/20220823_033000.WAV,Telephone Field,recover-20220825,002,1795
1058.7535,1058.7644,23750,29306,Nyctalus leisleri,0.01,0.025,-1,Echolocation,/mnt/ubna_data_01_mir/recover-20220825/UBNA_002/20220823_033000.WAV,Telephone Field,recover-20220825,002,1795
1058.7745,1058.7831,27187,34420,Eptesicus serotinus,0.012,0.028,-1,Echolocation,/mnt/ubna_data_01_mir/recover-20220825/UBNA_002/20220823_033000.WAV,Telephone Field,recover-20220825,002,1795
1058.7885,1058.794,41796,52345,Pipistrellus nathusii,0.368,0.436,-1,Echolocation,/mnt/ubna_data_01_mir/recover-20220825/UBNA_002/20220823_033000.WAV,Telephone Field,recover-20220825,002,1795
1058.8195,1058.827,27187,37548,Eptesicus serotinus,0.008,0.025,-1,Echolocation,/mnt/ubna_data_01_mir/recover-20220825/UBNA_002/20220823_033000.WAV,Telephone Field,recover-20220825,002,1795
1058.8555,1058.8625,24609,41516,Myotis nattereri,0.01,0.039,-1,Echolocation,/mnt/ubna_data_01_mir/recover-20220825/UBNA_002/20220823_033000.WAV,Telephone Field,recover-20220825,002,1795
1058.8565,1058.8646,42656,51763,Pipistrellus nathusii,0.017,0.031,-1,Echolocation,/mnt/ubna_data_01_mir/recover-20220825/UBNA_002/20220823_033000.WAV,Telephone Field,recover-20220825,002,1795
1058.8575,1058.8629,34062,48161,Myotis daubentonii,0.015,0.039,-1,Echolocation,/mnt/ubna_data_01_mir/recover-20220825/UBNA_002/20220823_033000.WAV,Telephone Field,recover-20220825,002,1795
1058.8675,1058.875,48671,55280,Pipistrellus pipistrellus,0.028,0.036,-1,Echolocation,/mnt/ubna_data_01_mir/recover-20220825/UBNA_002/20220823_033000.WAV,Telephone Field,recover-20220825,002,1795
1058.8865,1058.8929,41796,50252,Pipistrellus nathusii,0.152,0.266,-1,Echolocation,/mnt/ubna_data_01_mir/recover-20220825/UBNA_002/20220823_033000.WAV,Telephone Field,recover-20220825,002,1795
1058.9185,1058.9249,54687,62610,Pipistrellus pygmaeus,0.024,0.025,-1,Echolocation,/mnt/ubna_data_01_mir/recover-20220825/UBNA_002/20220823_033000.WAV,Telephone Field,recover-20220825,002,1795
1058.9465,1058.954,41796,51285,Pipistrellus nathusii,0.016,0.031,-1,Echolocation,/mnt/ubna_data_01_mir/recover-20220825/UBNA_002/20220823_033000.WAV,Telephone Field,recover-20220825,002,1795
1058.9465,1058.9551,48671,55503,Pipistrellus pipistrellus,0.019,0.026,-1,Echolocation,/mnt/ubna_data_01_mir/recover-20220825/UBNA_002/20220823_033000.WAV,Telephone Field,recover-20220825,002,1795
1058.9675,1058.9815,23750,29039,Nyctalus leisleri,0.016,0.033,-1,Echolocation,/mnt/ubna_data_01_mir/recover-20220825/UBNA_002/20220823_033000.WAV,Telephone Field,recover-20220825,002,1795
1058.9905,1058.9964,39218,50237,Pipistrellus nathusii,0.205,0.407,-1,Echolocation,/mnt/ubna_data_01_mir/recover-20220825/UBNA_002/20220823_033000.WAV,Telephone Field,recover-20220825,002,1795
1059.0255,1059.0403,25468,31166,Nyctalus leisleri,0.211,0.464,-1,Echolocation,/mnt/ubna_data_01_mir/recover-20220825/UBNA_002/20220823_033000.WAV,Telephone Field,recover-20220825,002,1795
1059.0515,1059.0588,40937,48847,Pipistrellus nathusii,0.166,0.373,-1,Echolocation,/mnt/ubna_data_01_mir/recover-20220825/UBNA_002/20220823_033000.WAV,Telephone Field,recover-20220825,002,1795
1059.0655,1059.0764,30625,35633,Eptesicus serotinus,0.009,0.033,-1,Echolocation,/mnt/ubna_data_01_mir/recover-20220825/UBNA_002/20220823_033000.WAV,Telephone Field,recover-20220825,002,1795
1059.0835,1059.0922,26328,35129,Eptesicus serotinus,0.01,0.027,-1,Echolocation,/mnt/ubna_data_01_mir/recover-20220825/UBNA_002/20220823_033000.WAV,Telephone Field,recover-20220825,002,1795
1059.0995,1059.1052,33203,44997,Myotis daubentonii,0.012,0.028,-1,Echolocation,/mnt/ubna_data_01_mir/recover-20220825/UBNA_002/20220823_033000.WAV,Telephone Field,recover-20220825,002,1795
1059.1125,1059.1203,42656,48613,Pipistrellus nathusii,0.258,0.435,-1,Echolocation,/mnt/ubna_data_01_mir/recover-20220825/UBNA_002/20220823_033000.WAV,Telephone Field,recover-20220825,002,1795
1059.1685,1059.1755,26328,38668,Eptesicus serotinus,0.007,0.025,-1,Echolocation,/mnt/ubna_data_01_mir/recover-20220825/UBNA_002/20220823_033000.WAV,Telephone Field,recover-20220825,002,1795
1059.2045,1059.2116,40078,48168,Pipistrellus nathusii,0.123,0.212,-1,Echolocation,/mnt/ubna_data_01_mir/recover-20220825/UBNA_002/20220823_033000.WAV,Telephone Field,recover-20220825,002,1795
1059.2615,1059.2687,41796,47669,Pipistrellus nathusii,0.307,0.41,-1,Echolocation,/mnt/ubna_data_01_mir/recover-20220825/UBNA_002/20220823_033000.WAV,Telephone Field,recover-20220825,002,1795
1059.2685,1059.2816,26328,32097,Eptesicus serotinus,0.171,0.337,-1,Echolocation,/mnt/ubna_data_01_mir/recover-20220825/UBNA_002/20220823_033000.WAV,Telephone Field,recover-20220825,002,1795
1059.3055,1059.3114,32343,42656,Myotis daubentonii,0.013,0.031,-1,Echolocation,/mnt/ubna_data_01_mir/recover-20220825/UBNA_002/20220823_033000.WAV,Telephone Field,recover-20220825,002,1795
1059.3075,1059.3453,68437,82256,Rhinolophus ferrumequinum,0.031,0.031,-1,Echolocation,/mnt/ubna_data_01_mir/recover-20220825/UBNA_002/20220823_033000.WAV,Telephone Field,recover-20220825,002,1795
1059.3205,1059.3282,40078,48433,Pipistrellus nathusii,0.432,0.535,-1,Echolocation,/mnt/ubna_data_01_mir/recover-20220825/UBNA_002/20220823_033000.WAV,Telephone Field,recover-20220825,002,1795
1059.3555,1059.3634,44375,51675,Pipistrellus pipistrellus,0.016,0.025,-1,Echolocation,/mnt/ubna_data_01_mir/recover-20220825/UBNA_002/20220823_033000.WAV,Telephone Field,recover-20220825,002,1795
1059.3665,1059.3735,38359,45478,Barbastellus barbastellus,0.068,0.1,-1,Echolocation,/mnt/ubna_data_01_mir/recover-20220825/UBNA_002/20220823_033000.WAV,Telephone Field,recover-20220825,002,1795
1059.3765,1059.3853,26328,33736,Eptesicus serotinus,0.015,0.032,-1,Echolocation,/mnt/ubna_data_01_mir/recover-20220825/UBNA_002/20220823_033000.WAV,Telephone Field,recover-20220825,002,1795
1059.4085,1059.4159,40937,49167,Pipistrellus nathusii,0.322,0.49,-1,Echolocation,/mnt/ubna_data_01_mir/recover-20220825/UBNA_002/20220823_033000.WAV,Telephone Field,recover-20220825,002,1795
1059.4455,1059.4537,48671,52615,Pipistrellus pipistrellus,0.019,0.034,-1,Echolocation,/mnt/ubna_data_01_mir/recover-20220825/UBNA_002/20220823_033000.WAV,Telephone Field,recover-20220825,002,1795
1059.4455,1059.4539,36640,45546,Pipistrellus nathusii,0.216,0.34,-1,Echolocation,/mnt/ubna_data_01_mir/recover-20220825/UBNA_002/20220823_033000.WAV,Telephone Field,recover-20220825,002,1795
1059.5065,1059.5139,41796,50654,Pipistrellus nathusii,0.013,0.027,-1,Echolocation,/mnt/ubna_data_01_mir/recover-20220825/UBNA_002/20220823_033000.WAV,Telephone Field,recover-20220825,002,1795
1059.5255,1059.532,47812,57905,Pipistrellus pipistrellus,0.02,0.027,-1,Echolocation,/mnt/ubna_data_01_mir/recover-20220825/UBNA_002/20220823_033000.WAV,Telephone Field,recover-20220825,002,1795
1059.5295,1059.5399,26328,34755,Eptesicus serotinus,0.318,0.631,-1,Echolocation,/mnt/ubna_data_01_mir/recover-20220825/UBNA_002/20220823_033000.WAV,Telephone Field,recover-20220825,002,1795
1059.5545,1059.562,39218,46147,Pipistrellus nathusii,0.143,0.236,-1,Echolocation,/mnt/ubna_data_01_mir/recover-20220825/UBNA_002/20220823_033000.WAV,Telephone Field,recover-20220825,002,1795
1059.5995,1059.607,41796,48287,Pipistrellus nathusii,0.055,0.077,-1,Echolocation,/mnt/ubna_data_01_mir/recover-20220825/UBNA_002/20220823_033000.WAV,Telephone Field,recover-20220825,002,1795
1059.6005,1059.6059,30625,48693,Myotis daubentonii,0.018,0.048,-1,Echolocation,/mnt/ubna_data_01_mir/recover-20220825/UBNA_002/20220823_033000.WAV,Telephone Field,recover-20220825,002,1795
1059.6215,1059.6643,68437,83332,Rhinolophus ferrumequinum,0.04,0.04,-1,Echolocation,/mnt/ubna_data_01_mir/recover-20220825/UBNA_002/20220823_033000.WAV,Telephone Field,recover-20220825,002,1795
1059.6305,1059.6361,49531,56978,Pipistrellus pipistrellus,0.018,0.032,-1,Echolocation,/mnt/ubna_data_01_mir/recover-20220825/UBNA_002/20220823_033000.WAV,Telephone Field,recover-20220825,002,1795
1059.6345,1059.641,41796,49436,Pipistrellus nathusii,0.245,0.318,-1,Echolocation,/mnt/ubna_data_01_mir/recover-20220825/UBNA_002/20220823_033000.WAV,Telephone Field,recover-20220825,002,1795
1059.6595,1059.67,28906,36678,Eptesicus serotinus,0.016,0.036,-1,Echolocation,/mnt/ubna_data_01_mir/recover-20220825/UBNA_002/20220823_033000.WAV,Telephone Field,recover-20220825,002,1795
1059.6715,1059.6809,26328,34142,Eptesicus serotinus,0.01,0.026,-1,Echolocation,/mnt/ubna_data_01_mir/recover-20220825/UBNA_002/20220823_033000.WAV,Telephone Field,recover-20220825,002,1795
1059.6865,1059.6939,47812,52271,Pipistrellus pipistrellus,0.019,0.026,-1,Echolocation,/mnt/ubna_data_01_mir/recover-20220825/UBNA_002/20220823_033000.WAV,Telephone Field,recover-20220825,002,1795
1059.7115,1059.7232,23750,29137,Nyctalus leisleri,0.014,0.03,-1,Echolocation,/mnt/ubna_data_01_mir/recover-20220825/UBNA_002/20220823_033000.WAV,Telephone Field,recover-20220825,002,1795
1059.7425,1059.7562,26328,33510,Nyctalus leisleri,0.298,0.693,-1,Echolocation,/mnt/ubna_data_01_mir/recover-20220825/UBNA_002/20220823_033000.WAV,Telephone Field,recover-20220825,002,1795
1059.7455,1059.7506,33203,40874,Myotis brandtii,0.01,0.038,-1,Echolocation,/mnt/ubna_data_01_mir/recover-20220825/UBNA_002/20220823_033000.WAV,Telephone Field,recover-20220825,002,1795
1059.7525,1059.7593,37500,46717,Pipistrellus nathusii,0.008,0.029,-1,Echolocation,/mnt/ubna_data_01_mir/recover-20220825/UBNA_002/20220823_033000.WAV,Telephone Field,recover-20220825,002,1795
1059.7555,1059.7625,26328,36781,Eptesicus serotinus,0.006,0.038,-1,Echolocation,/mnt/ubna_data_01_mir/recover-20220825/UBNA_002/20220823_033000.WAV,Telephone Field,recover-20220825,002,1795
1059.7895,1059.7968,40078,47534,Pipistrellus nathusii,0.18,0.295,-1,Echolocation,/mnt/ubna_data_01_mir/recover-20220825/UBNA_002/20220823_033000.WAV,Telephone Field,recover-20220825,002,1795
1059.8485,1059.8543,40078,50375,Pipistrellus nathusii,0.181,0.33,-1,Echolocation,/mnt/ubna_data_01_mir/recover-20220825/UBNA_002/20220823_033000.WAV,Telephone Field,recover-20220825,002,1795
1059.8955,1059.9108,23750,30948,Eptesicus serotinus,0.31,0.479,-1,Echolocation,/mnt/ubna_data_01_mir/recover-20220825/UBNA_002/20220823_033000.WAV,Telephone Field,recover-20220825,002,1795
1059.9045,1059.9104,29765,38195,Myotis daubentonii,0.011,0.032,-1,Echolocation,/mnt/ubna_data_01_mir/recover-20220825/UBNA_002/20220823_033000.WAV,Telephone Field,recover-20220825,002,1795
1059.9215,1059.9281,39218,46771,Barbastellus barbastellus,0.161,0.287,-1,Echolocation,/mnt/ubna_data_01_mir/recover-20220825/UBNA_002/20220823_033000.WAV,Telephone Field,recover-20220825,002,1795
1059.9465,1059.9546,29765,38105,Barbastellus barbastellus,0.017,0.038,-1,Echolocation,/mnt/ubna_data_01_mir/recover-20220825/UBNA_002/20220823_033000.WAV,Telephone Field,recover-20220825,002,1795
1059.9625,1059.9791,15156,20471,Nyctalus noctula,0.017,0.025,-1,Echolocation,/mnt/ubna_data_01_mir/recover-20220825/UBNA_002/20220823_033000.WAV,Telephone Field,recover-20220825,002,1795
1059.9795,1059.9881,27187,35060,Eptesicus serotinus,0.011,0.027,-1,Echolocation,/mnt/ubna_data_01_mir/recover-20220825/UBNA_002/20220823_033000.WAV,Telephone Field,recover-20220825,002,1795
1059.9895,1059.9963,40937,50738,Pipistrellus nathusii,0.164,0.38,-1,Echolocation,/mnt/ubna_data_01_mir/recover-20220825/UBNA_002/20220823_033000.WAV,Telephone Field,recover-20220825,002,1795
1060.0015,1060.0113,33203,40311,Pipistrellus nathusii,0.036,0.054,-1,Echolocation,/mnt/ubna_data_01_mir/recover-20220825/UBNA_002/20220823_033000.WAV,Telephone Field,recover-20220825,002,1795
1060.0015,1060.0291,68437,79599,Rhinolophus ferrumequinum,0.051,0.052,-1,Echolocation,/mnt/ubna_data_01_mir/recover-20220825/UBNA_002/20220823_033000.WAV,Telephone Field,recover-20220825,002,1795
1060.0015,1060.0105,25468,33352,Eptesicus serotinus,0.017,0.044,-1,Echolocation,/mnt/ubna_data_01_mir/recover-20220825/UBNA_002/20220823_033000.WAV,Telephone Field,recover-20220825,002,1795
1060.0035,1060.0121,42656,50720,Pipistrellus nathusii,0.014,0.027,-1,Echolocation,/mnt/ubna_data_01_mir/recover-20220825/UBNA_002/20220823_033000.WAV,Telephone Field,recover-20220825,002,1795
1060.0345,1060.0475,24609,31856,Eptesicus serotinus,0.302,0.542,-1,Echolocation,/mnt/ubna_data_01_mir/recover-20220825/UBNA_002/20220823_033000.WAV,Telephone Field,recover-20220825,002,1795
1060.0355,1060.0428,55546,64345,Pipistrellus pygmaeus,0.041,0.042,-1,Echolocation,/mnt/ubna_data_01_mir/recover-20220825/UBNA_002/20220823_033000.WAV,Telephone Field,recover-20220825,002,1795
1060.0425,1060.0514,38359,46081,Pipistrellus nathusii,0.016,0.032,-1,Echolocation,/mnt/ubna_data_01_mir/recover-20220825/UBNA_002/20220823_033000.WAV,Telephone Field,recover-20220825,002,1795
1060.0555,1060.0622,40078,47555,Pipistrellus nathusii,0.369,0.464,-1,Echolocation,/mnt/ubna_data_01_mir/recover-20220825/UBNA_002/20220823_033000.WAV,Telephone Field,recover-20220825,002,1795
1060.0785,1060.0858,56406,64688,Pipistrellus pygmaeus,0.033,0.033,-1,Echolocation,/mnt/ubna_data_01_mir/recover-20220825/UBNA_002/20220823_033000.WAV,Telephone Field,recover-20220825,002,1795
1060.1315,1060.1395,40078,47837,Pipistrellus nathusii,0.197,0.364,-1,Echolocation,/mnt/ubna_data_01_mir/recover-20220825/UBNA_002/20220823_033000.WAV,Telephone Field,recover-20220825,002,1795
1060.1595,1060.1705,25468,33642,Eptesicus serotinus,0.331,0.594,-1,Echolocation,/mnt/ubna_data_01_mir/recover-20220825/UBNA_002/20220823_033000.WAV,Telephone Field,recover-20220825,002,1795
1060.1655,1060.1727,51250,58599,Pipistrellus pygmaeus,0.033,0.039,-1,Echolocation,/mnt/ubna_data_01_mir/recover-20220825/UBNA_002/20220823_033000.WAV,Telephone Field,recover-20220825,002,1795
1060.1725,1060.1799,42656,54768,Pipistrellus nathusii,0.017,0.029,-1,Echolocation,/mnt/ubna_data_01_mir/recover-20220825/UBNA_002/20220823_033000.WAV,Telephone Field,recover-20220825,002,1795
1060.1885,1060.1966,41796,51101,Pipistrellus nathusii,0.01,0.026,-1,Echolocation,/mnt/ubna_data_01_mir/recover-20220825/UBNA_002/20220823_033000.WAV,Telephone Field,recover-20220825,002,1795
1060.2025,1060.2093,57265,65408,Pipistrellus pygmaeus,0.041,0.042,-1,Echolocation,/mnt/ubna_data_01_mir/recover-20220825/UBNA_002/20220823_033000.WAV,Telephone Field,recover-20220825,002,1795
1060.2175,1060.224,40078,55810,Pipistrellus nathusii,0.212,0.436,-1,Echolocation,/mnt/ubna_data_01_mir/recover-20220825/UBNA_002/20220823_033000.WAV,Telephone Field,recover-20220825,002,1795
1060.2305,1060.2694,68437,82087,Rhinolophus ferrumequinum,0.041,0.041,-1,Echolocation,/mnt/ubna_data_01_mir/recover-20220825/UBNA_002/20220823_033000.WAV,Telephone Field,recover-20220825,002,1795
1060.2575,1060.2657,32343,39743,Barbastellus barbastellus,0.015,0.033,-1,Echolocation,/mnt/ubna_data_01_mir/recover-20220825/UBNA_002/20220823_033000.WAV,Telephone Field,recover-20220825,002,1795
1060.2575,1060.2658,27187,36430,Eptesicus serotinus,0.011,0.03,-1,Echolocation,/mnt/ubna_data_01_mir/recover-20220825/UBNA_002/20220823_033000.WAV,Telephone Field,recover-20220825,002,1795
1060.2875,1060.299,25468,33162,Eptesicus serotinus,0.339,0.578,-1,Echolocation,/mnt/ubna_data_01_mir/recover-20220825/UBNA_002/20220823_033000.WAV,Telephone Field,recover-20220825,002,1795
1060.3165,1060.3226,39218,48822,Pipistrellus nathusii,0.303,0.397,-1,Echolocation,/mnt/ubna_data_01_mir/recover-20220825/UBNA_002/20220823_033000.WAV,Telephone Field,recover-20220825,002,1795
1060.3635,1060.3699,34062,50142,Myotis brandtii,0.011,0.026,-1,Echolocation,/mnt/ubna_data_01_mir/recover-20220825/UBNA_002/20220823_033000.WAV,Telephone Field,recover-20220825,002,1795
1060.3895,1060.3993,56406,64171,Pipistrellus pygmaeus,0.045,0.045,-1,Echolocation,/mnt/ubna_data_01_mir/recover-20220825/UBNA_002/20220823_033000.WAV,Telephone Field,recover-20220825,002,1795
1060.3905,1060.3992,27187,35405,Eptesicus serotinus,0.011,0.027,-1,Echolocation,/mnt/ubna_data_01_mir/recover-20220825/UBNA_002/20220823_033000.WAV,Telephone Field,recover-20220825,002,1795
1060.4055,1060.4108,38359,55545,Pipistrellus nathusii,0.135,0.359,-1,Echolocation,/mnt/ubna_data_01_mir/recover-20220825/UBNA_002/20220823_033000.WAV,Telephone Field,recover-20220825,002,1795
1060.4195,1060.4335,24609,32094,Eptesicus serotinus,0.308,0.605,-1,Echolocation,/mnt/ubna_data_01_mir/recover-20220825/UBNA_002/20220823_033000.WAV,Telephone Field,recover-20220825,002,1795
1060.4435,1060.4509,30625,40101,Myotis daubentonii,0.009,0.027,-1,Echolocation,/mnt/ubna_data_01_mir/recover-20220825/UBNA_002/20220823_033000.WAV,Telephone Field,recover-20220825,002,1795
1060.4435,1060.4507,55546,65066,Pipistrellus pygmaeus,0.027,0.028,-1,Echolocation,/mnt/ubna_data_01_mir/recover-20220825/UBNA_002/20220823_033000.WAV,Telephone Field,recover-20220825,002,1795
1060.4545,1060.4641,39218,45111,Pipistrellus nathusii,0.017,0.03,-1,Echolocation,/mnt/ubna_data_01_mir/recover-20220825/UBNA_002/20220823_033000.WAV,Telephone Field,recover-20220825,002,1795
1060.4585,1060.4665,56406,64416,Pipistrellus pygmaeus,0.029,0.03,-1,Echolocation,/mnt/ubna_data_01_mir/recover-20220825/UBNA_002/20220823_033000.WAV,Telephone Field,recover-20220825,002,1795
1060.4845,1060.4919,40078,51493,Pipistrellus nathusii,0.291,0.476,-1,Echolocation,/mnt/ubna_data_01_mir/recover-20220825/UBNA_002/20220823_033000.WAV,Telephone Field,recover-20220825,002,1795
1060.5125,1060.5228,28046,34133,Eptesicus serotinus,0.014,0.028,-1,Echolocation,/mnt/ubna_data_01_mir/recover-20220825/UBNA_002/20220823_033000.WAV,Telephone Field,recover-20220825,002,1795
1060.5135,1060.524,54687,63883,Pipistrellus pygmaeus,0.044,0.044,-1,Echolocation,/mnt/ubna_data_01_mir/recover-20220825/UBNA_002/20220823_033000.WAV,Telephone Field,recover-20220825,002,1795
1060.5225,1060.529,58125,68028,Pipistrellus pygmaeus,0.047,0.047,-1,Echolocation,/mnt/ubna_data_01_mir/recover-20220825/UBNA_002/20220823_033000.WAV,Telephone Field,recover-20220825,002,1795
1060.5315,1060.5381,32343,39418,Barbastellus barbastellus,0.01,0.027,-1,Echolocation,/mnt/ubna_data_01_mir/recover-20220825/UBNA_002/20220823_033000.WAV,Telephone Field,recover-20220825,002,1795
1060.5465,1060.5526,39218,55530,Pipistrellus nathusii,0.234,0.47,-1,Echolocation,/mnt/ubna_data_01_mir/recover-20220825/UBNA_002/20220823_033000.WAV,Telephone Field,recover-20220825,002,1795
1060.5965,1060.6043,42656,51020,Pipistrellus nathusii,0.017,0.03,-1,Echolocation,/mnt/ubna_data_01_mir/recover-20220825/UBNA_002/20220823_033000.WAV,Telephone Field,recover-20220825,002,1795
1060.5995,1060.6055,37500,51771,Myotis brandtii,0.01,0.031,-1,Echolocation,/mnt/ubna_data_01_mir/recover-20220825/UBNA_002/20220823_033000.WAV,Telephone Field,recover-20220825,002,1795
1060.6135,1060.6201,40078,51050,Pipistrellus nathusii,0.327,0.479,-1,Echolocation,/mnt/ubna_data_01_mir/recover-20220825/UBNA_002/20220823_033000.WAV,Telephone Field,recover-20220825,002,1795
1060.6165,1060.6269,15156,20715,Nyctalus noctula,0.009,0.026,-1,Echolocation,/mnt/ubna_data_01_mir/recover-20220825/UBNA_002/20220823_033000.WAV,Telephone Field,recover-20220825,002,1795
1060.6675,1060.6736,34062,47112,Barbastellus barbastellus,0.015,0.035,-1,Echolocation,/mnt/ubna_data_01_mir/recover-20220825/UBNA_002/20220823_033000.WAV,Telephone Field,recover-20220825,002,1795
1060.6675,1060.6746,26328,40453,Eptesicus serotinus,0.009,0.029,-1,Echolocation,/mnt/ubna_data_01_mir/recover-20220825/UBNA_002/20220823_033000.WAV,Telephone Field,recover-20220825,002,1795
1060.7015,1060.7065,39218,56471,Pipistrellus nathusii,0.183,0.395,-1,Echolocation,/mnt/ubna_data_01_mir/recover-20220825/UBNA_002/20220823_033000.WAV,Telephone Field,recover-20220825,002,1795
1060.7175,1060.7274,28046,34718,Eptesicus serotinus,0.01,0.026,-1,Echolocation,/mnt/ubna_data_01_mir/recover-20220825/UBNA_002/20220823_033000.WAV,Telephone Field,recover-20220825,002,1795
1060.7645,1060.7758,27187,34105,Eptesicus serotinus,0.015,0.032,-1,Echolocation,/mnt/ubna_data_01_mir/recover-20220825/UBNA_002/20220823_033000.WAV,Telephone Field,recover-20220825,002,1795
1060.7785,1060.7832,33203,60218,Myotis brandtii,0.032,0.073,-1,Echolocation,/mnt/ubna_data_01_mir/recover-20220825/UBNA_002/20220823_033000.WAV,Telephone Field,recover-20220825,002,1795
1060.7795,1060.7943,24609,30882,Nyctalus leisleri,0.294,0.607,-1,Echolocation,/mnt/ubna_data_01_mir/recover-20220825/UBNA_002/20220823_033000.WAV,Telephone Field,recover-20220825,002,1795
1060.7795,1060.7855,40937,53093,Pipistrellus nathusii,0.093,0.218,-1,Echolocation,/mnt/ubna_data_01_mir/recover-20220825/UBNA_002/20220823_033000.WAV,Telephone Field,recover-20220825,002,1795
1060.7945,1060.8004,39218,53404,Pipistrellus nathusii,0.283,0.425,-1,Echolocation,/mnt/ubna_data_01_mir/recover-20220825/UBNA_002/20220823_033000.WAV,Telephone Field,recover-20220825,002,1795
1060.8035,1060.8114,30625,37900,Myotis daubentonii,0.016,0.033,-1,Echolocation,/mnt/ubna_data_01_mir/recover-20220825/UBNA_002/20220823_033000.WAV,Telephone Field,recover-20220825,002,1795
1060.8485,1060.8548,31484,44987,Barbastellus barbastellus,0.016,0.038,-1,Echolocation,/mnt/ubna_data_01_mir/recover-20220825/UBNA_002/20220823_033000.WAV,Telephone Field,recover-20220825,002,1795
1060.8495,1060.8563,42656,57593,Pipistrellus nathusii,0.015,0.034,-1,Echolocation,/mnt/ubna_data_01_mir/recover-20220825/UBNA_002/20220823_033000.WAV,Telephone Field,recover-20220825,002,1795
1060.8495,1060.8566,49531,60331,Pipistrellus pipistrellus,0.037,0.063,-1,Echolocation,/mnt/ubna_data_01_mir/recover-20220825/UBNA_002/20220823_033000.WAV,Telephone Field,recover-20220825,002,1795
1060.8495,1060.8572,56406,64872,Pipistrellus pygmaeus,0.04,0.041,-1,Echolocation,/mnt/ubna_data_01_mir/recover-20220825/UBNA_002/20220823_033000.WAV,Telephone Field,recover-20220825,002,1795
1060.8625,1060.8716,36640,41234,Barbastellus barbastellus,0.03,0.048,-1,Echolocation,/mnt/ubna_data_01_mir/recover-20220825/UBNA_002/20220823_033000.WAV,Telephone Field,recover-20220825,002,1795
1060.8725,1060.8792,40078,50555,Pipistrellus nathusii,0.146,0.292,-1,Echolocation,/mnt/ubna_data_01_mir/recover-20220825/UBNA_002/20220823_033000.WAV,Telephone Field,recover-20220825,002,1795
1060.8765,1060.8875,47812,53880,Pipistrellus pipistrellus,0.034,0.068,-1,Echolocation,/mnt/ubna_data_01_mir/recover-20220825/UBNA_002/20220823_033000.WAV,Telephone Field,recover-20220825,002,1795
1060.8865,1060.8977,55546,62968,Pipistrellus pygmaeus,0.024,0.026,-1,Echolocation,/mnt/ubna_data_01_mir/recover-20220825/UBNA_002/20220823_033000.WAV,Telephone Field,recover-20220825,002,1795
1060.8875,1060.8933,39218,58059,Pipistrellus nathusii,0.259,0.41,-1,Echolocation,/mnt/ubna_data_01_mir/recover-20220825/UBNA_002/20220823_033000.WAV,Telephone Field,recover-20220825,002,1795
1060.9335,1060.9384,32343,39425,Myotis daubentonii,0.009,0.027,-1,Echolocation,/mnt/ubna_data_01_mir/recover-20220825/UBNA_002/20220823_033000.WAV,Telephone Field,recover-20220825,002,1795
1060.9335,1060.9499,24609,31112,Eptesicus serotinus,0.263,0.438,-1,Echolocation,/mnt/ubna_data_01_mir/recover-20220825/UBNA_002/20220823_033000.WAV,Telephone Field,recover-20220825,002,1795
1060.9625,1060.9694,55546,64224,Pipistrellus pygmaeus,0.048,0.049,-1,Echolocation,/mnt/ubna_data_01_mir/recover-20220825/UBNA_002/20220823_033000.WAV,Telephone Field,recover-20220825,002,1795
1060.9635,1060.9684,41796,57748,Pipistrellus nathusii,0.275,0.394,-1,Echolocation,/mnt/ubna_data_01_mir/recover-20220825/UBNA_002/20220823_033000.WAV,Telephone Field,recover-20220825,002,1795
1060.9735,1060.9794,37500,55954,Myotis brandtii,0.113,0.301,-1,Echolocation,/mnt/ubna_data_01_mir/recover-20220825/UBNA_002/20220823_033000.WAV,Telephone Field,recover-20220825,002,1795
1060.9925,1061.0009,48671,56954,Pipistrellus pipistrellus,0.023,0.031,-1,Echolocation,/mnt/ubna_data_01_mir/recover-20220825/UBNA_002/20220823_033000.WAV,Telephone Field,recover-20220825,002,1795
1061.0415,1061.0466,37500,60366,Myotis brandtii,0.021,0.042,-1,Echolocation,/mnt/ubna_data_01_mir/recover-20220825/UBNA_002/20220823_033000.WAV,Telephone Field,recover-20220825,002,1795
1061.0495,1061.0573,25468,34648,Eptesicus serotinus,0.009,0.027,-1,Echolocation,/mnt/ubna_data_01_mir/recover-20220825/UBNA_002/20220823_033000.WAV,Telephone Field,recover-20220825,002,1795
1061.0545,1061.0603,41796,53890,Pipistrellus nathusii,0.429,0.5,-1,Echolocation,/mnt/ubna_data_01_mir/recover-20220825/UBNA_002/20220823_033000.WAV,Telephone Field,recover-20220825,002,1795
1061.0725,1061.0783,40937,47947,Pipistrellus nathusii,0.188,0.226,-1,Echolocation,/mnt/ubna_data_01_mir/recover-20220825/UBNA_002/20220823_033000.WAV,Telephone Field,recover-20220825,002,1795
1061.1025,1061.1089,55546,65292,Pipistrellus pygmaeus,0.026,0.027,-1,Echolocation,/mnt/ubna_data_01_mir/recover-20220825/UBNA_002/20220823_033000.WAV,Telephone Field,recover-20220825,002,1795
1061.1145,1061.1203,31484,41183,Barbastellus barbastellus,0.013,0.035,-1,Echolocation,/mnt/ubna_data_01_mir/recover-20220825/UBNA_002/20220823_033000.WAV,Telephone Field,recover-20220825,002,1795
1061.1305,1061.1363,40937,56641,Pipistrellus nathusii,0.396,0.518,-1,Echolocation,/mnt/ubna_data_01_mir/recover-20220825/UBNA_002/20220823_033000.WAV,Telephone Field,recover-20220825,002,1795
1061.1315,1061.1374,49531,55005,Pipistrellus pipistrellus,0.022,0.041,-1,Echolocation,/mnt/ubna_data_01_mir/recover-20220825/UBNA_002/20220823_033000.WAV,Telephone Field,recover-20220825,002,1795
1061.1635,1061.1743,27187,33942,Eptesicus serotinus,0.044,0.069,-1,Echolocation,/mnt/ubna_data_01_mir/recover-20220825/UBNA_002/20220823_033000.WAV,Telephone Field,recover-20220825,002,1795
1061.1825,1061.1988,24609,29416,Nyctalus leisleri,0.37,0.554,-1,Echolocation,/mnt/ubna_data_01_mir/recover-20220825/UBNA_002/20220823_033000.WAV,Telephone Field,recover-20220825,002,1795
1061.1835,1061.1912,40937,50780,Pipistrellus nathusii,0.015,0.034,-1,Echolocation,/mnt/ubna_data_01_mir/recover-20220825/UBNA_002/20220823_033000.WAV,Telephone Field,recover-20220825,002,1795
1061.1845,1061.1895,31484,43401,Myotis daubentonii,0.015,0.03,-1,Echolocation,/mnt/ubna_data_01_mir/recover-20220825/UBNA_002/20220823_033000.WAV,Telephone Field,recover-20220825,002,1795
1061.1925,1061.2001,56406,66888,Pipistrellus pygmaeus,0.033,0.034,-1,Echolocation,/mnt/ubna_data_01_mir/recover-20220825/UBNA_002/20220823_033000.WAV,Telephone Field,recover-20220825,002,1795
1061.2015,1061.2059,41796,54114,Pipistrellus nathusii,0.363,0.429,-1,Echolocation,/mnt/ubna_data_01_mir/recover-20220825/UBNA_002/20220823_033000.WAV,Telephone Field,recover-20220825,002,1795
1061.2115,1061.2197,43515,48777,Pipistrellus nathusii,0.049,0.073,-1,Echolocation,/mnt/ubna_data_01_mir/recover-20220825/UBNA_002/20220823_033000.WAV,Telephone Field,recover-20220825,002,1795
1061.2325,1061.275,68437,82402,Rhinolophus ferrumequinum,0.03,0.03,-1,Echolocation,/mnt/ubna_data_01_mir/recover-20220825/UBNA_002/20220823_033000.WAV,Telephone Field,recover-20220825,002,1795
1061.2325,1061.2393,37500,49600,Pipistrellus nathusii,0.009,0.027,-1,Echolocation,/mnt/ubna_data_01_mir/recover-20220825/UBNA_002/20220823_033000.WAV,Telephone Field,recover-20220825,002,1795
1061.2335,1061.2418,26328,34845,Eptesicus serotinus,0.011,0.027,-1,Echolocation,/mnt/ubna_data_01_mir/recover-20220825/UBNA_002/20220823_033000.WAV,Telephone Field,recover-20220825,002,1795
1061.2355,1061.2435,55546,66174,Pipistrellus pygmaeus,0.03,0.03,-1,Echolocation,/mnt/ubna_data_01_mir/recover-20220825/UBNA_002/20220823_033000.WAV,Telephone Field,recover-20220825,002,1795
1061.2535,1061.2619,27187,36125,Eptesicus serotinus,0.013,0.027,-1,Echolocation,/mnt/ubna_data_01_mir/recover-20220825/UBNA_002/20220823_033000.WAV,Telephone Field,recover-20220825,002,1795
1061.2745,1061.279,40937,54945,Pipistrellus nathusii,0.346,0.423,-1,Echolocation,/mnt/ubna_data_01_mir/recover-20220825/UBNA_002/20220823_033000.WAV,Telephone Field,recover-20220825,002,1795
1061.2795,1061.2893,54687,66168,Pipistrellus pygmaeus,0.028,0.029,-1,Echolocation,/mnt/ubna_data_01_mir/recover-20220825/UBNA_002/20220823_033000.WAV,Telephone Field,recover-20220825,002,1795
1061.2835,1061.2916,42656,52494,Pipistrellus nathusii,0.031,0.055,-1,Echolocation,/mnt/ubna_data_01_mir/recover-20220825/UBNA_002/20220823_033000.WAV,Telephone Field,recover-20220825,002,1795
1061.2865,1061.2922,33203,59165,Myotis daubentonii,0.016,0.032,-1,Echolocation,/mnt/ubna_data_01_mir/recover-20220825/UBNA_002/20220823_033000.WAV,Telephone Field,recover-20220825,002,1795
1061.3065,1061.3149,27187,37423,Eptesicus serotinus,0.01,0.027,-1,Echolocation,/mnt/ubna_data_01_mir/recover-20220825/UBNA_002/20220823_033000.WAV,Telephone Field,recover-20220825,002,1795
1061.3265,1061.3433,26328,30666,Nyctalus leisleri,0.165,0.302,-1,Echolocation,/mnt/ubna_data_01_mir/recover-20220825/UBNA_002/20220823_033000.WAV,Telephone Field,recover-20220825,002,1795
1061.3525,1061.3615,42656,54323,Pipistrellus nathusii,0.392,0.445,-1,Echolocation,/mnt/ubna_data_01_mir/recover-20220825/UBNA_002/20220823_033000.WAV,Telephone Field,recover-20220825,002,1795
1061.3755,1061.3833,28046,36773,Eptesicus serotinus,0.012,0.027,-1,Echolocation,/mnt/ubna_data_01_mir/recover-20220825/UBNA_002/20220823_033000.WAV,Telephone Field,recover-20220825,002,1795
1061.3915,1061.3964,41796,49360,Pipistrellus nathusii,0.278,0.325,-1,Echolocation,/mnt/ubna_data_01_mir/recover-20220825/UBNA_002/20220823_033000.WAV,Telephone Field,recover-20220825,002,1795
1061.4135,1061.422,26328,34243,Eptesicus serotinus,0.01,0.027,-1,Echolocation,/mnt/ubna_data_01_mir/recover-20220825/UBNA_002/20220823_033000.WAV,Telephone Field,recover-20220825,002,1795
1061.4235,1061.4339,41796,49321,Pipistrellus nathusii,0.467,0.487,-1,Echolocation,/mnt/ubna_data_01_mir/recover-20220825/UBNA_002/20220823_033000.WAV,Telephone Field,recover-20220825,002,1795
1061.4565,1061.4614,40937,51968,Pipistrellus nathusii,0.342,0.432,-1,Echolocation,/mnt/ubna_data_01_mir/recover-20220825/UBNA_002/20220823_033000.WAV,Telephone Field,recover-20220825,002,1795
1061.4705,1061.478,53828,61827,Pipistrellus pygmaeus,0.048,0.05,-1,Echolocation,/mnt/ubna_data_01_mir/recover-20220825/UBNA_002/20220823_033000.WAV,Telephone Field,recover-20220825,002,1795
1061.5065,1061.5165,41796,54047,Pipistrellus nathusii,0.35,0.401,-1,Echolocation,/mnt/ubna_data_01_mir/recover-20220825/UBNA_002/20220823_033000.WAV,Telephone Field,recover-20220825,002,1795
1061.5715,1061.5785,40937,53743,Pipistrellus nathusii,0.198,0.335,-1,Echolocation,/mnt/ubna_data_01_mir/recover-20220825/UBNA_002/20220823_033000.WAV,Telephone Field,recover-20220825,002,1795
1061.5925,1061.5992,40078,52203,Pipistrellus nathusii,0.119,0.192,-1,Echolocation,/mnt/ubna_data_01_mir/recover-20220825/UBNA_002/20220823_033000.WAV,Telephone Field,recover-20220825,002,1795
1061.6325,1061.6403,55546,66576,Pipistrellus pygmaeus,0.026,0.026,-1,Echolocation,/mnt/ubna_data_01_mir/recover-20220825/UBNA_002/20220823_033000.WAV,Telephone Field,recover-20220825,002,1795
1061.6395,1061.6446,40937,56147,Pipistrellus nathusii,0.427,0.512,-1,Echolocation,/mnt/ubna_data_01_mir/recover-20220825/UBNA_002/20220823_033000.WAV,Telephone Field,recover-20220825,002,1795
1061.6635,1061.673,42656,54839,Pipistrellus nathusii,0.169,0.22,-1,Echolocation,/mnt/ubna_data_01_mir/recover-20220825/UBNA_002/20220823_033000.WAV,Telephone Field,recover-20220825,002,1795
1061.7095,1061.718,40937,48195,Pipistrellus nathusii,0.019,0.033,-1,Echolocation,/mnt/ubna_data_01_mir/recover-20220825/UBNA_002/20220823_033000.WAV,Telephone Field,recover-20220825,002,1795
1061.7115,1061.7192,35781,43010,Barbastellus barbastellus,0.012,0.032,-1,Echolocation,/mnt/ubna_data_01_mir/recover-20220825/UBNA_002/20220823_033000.WAV,Telephone Field,recover-20220825,002,1795
1061.7255,1061.7319,40937,53908,Pipistrellus nathusii,0.293,0.435,-1,Echolocation,/mnt/ubna_data_01_mir/recover-20220825/UBNA_002/20220823_033000.WAV,Telephone Field,recover-20220825,002,1795
1061.7915,1061.7983,32343,40688,Barbastellus barbastellus,0.012,0.028,-1,Echolocation,/mnt/ubna_data_01_mir/recover-20220825/UBNA_002/20220823_033000.WAV,Telephone Field,recover-20220825,002,1795
1061.8035,1061.8113,42656,56385,Pipistrellus nathusii,0.29,0.335,-1,Echolocation,/mnt/ubna_data_01_mir/recover-20220825/UBNA_002/20220823_033000.WAV,Telephone Field,recover-20220825,002,1795
1061.8085,1061.8233,24609,30505,Eptesicus serotinus,0.155,0.308,-1,Echolocation,/mnt/ubna_data_01_mir/recover-20220825/UBNA_002/20220823_033000.WAV,Telephone Field,recover-20220825,002,1795
1061.8575,1061.8679,41796,54490,Pipistrellus nathusii,0.219,0.284,-1,Echolocation,/mnt/ubna_data_01_mir/recover-20220825/UBNA_002/20220823_033000.WAV,Telephone Field,recover-20220825,002,1795
1061.8615,1061.8728,16015,21481,Nyctalus noctula,0.013,0.027,-1,Echolocation,/mnt/ubna_data_01_mir/recover-20220825/UBNA_002/20220823_033000.WAV,Telephone Field,recover-20220825,002,1795
1061.8615,1061.8689,55546,61706,Pipistrellus pygmaeus,0.057,0.059,-1,Echolocation,/mnt/ubna_data_01_mir/recover-20220825/UBNA_002/20220823_033000.WAV,Telephone Field,recover-20220825,002,1795
1061.8835,1061.8932,26328,32887,Eptesicus serotinus,0.014,0.028,-1,Echolocation,/mnt/ubna_data_01_mir/recover-20220825/UBNA_002/20220823_033000.WAV,Telephone Field,recover-20220825,002,1795
1061.8965,1061.9025,28906,54421,Myotis daubentonii,0.018,0.035,-1,Echolocation,/mnt/ubna_data_01_mir/recover-20220825/UBNA_002/20220823_033000.WAV,Telephone Field,recover-20220825,002,1795
1061.8965,1061.9015,41796,54116,Pipistrellus nathusii,0.38,0.414,-1,Echolocation,/mnt/ubna_data_01_mir/recover-20220825/UBNA_002/20220823_033000.WAV,Telephone Field,recover-20220825,002,1795
1061.9165,1061.9256,43515,57996,Pipistrellus nathusii,0.279,0.348,-1,Echolocation,/mnt/ubna_data_01_mir/recover-20220825/UBNA_002/20220823_033000.WAV,Telephone Field,recover-20220825,002,1795
1061.9265,1061.9349,26328,34659,Eptesicus serotinus,0.012,0.029,-1,Echolocation,/mnt/ubna_data_01_mir/recover-20220825/UBNA_002/20220823_033000.WAV,Telephone Field,recover-20220825,002,1795
1061.9325,1061.9396,27187,39072,Eptesicus serotinus,0.008,0.026,-1,Echolocation,/mnt/ubna_data_01_mir/recover-20220825/UBNA_002/20220823_033000.WAV,Telephone Field,recover-20220825,002,1795
1061.9785,1061.9838,40937,58239,Pipistrellus nathusii,0.387,0.47,-1,Echolocation,/mnt/ubna_data_01_mir/recover-20220825/UBNA_002/20220823_033000.WAV,Telephone Field,recover-20220825,002,1795
1061.9795,1061.9862,49531,56397,Pipistrellus pipistrellus,0.016,0.031,-1,Echolocation,/mnt/ubna_data_01_mir/recover-20220825/UBNA_002/20220823_033000.WAV,Telephone Field,recover-20220825,002,1795
1062.0015,1062.0106,23750,33742,Nyctalus leisleri,0.008,0.028,-1,Echolocation,/mnt/ubna_data_01_mir/recover-20220825/UBNA_002/20220823_033000.WAV,Telephone Field,recover-20220825,002,1795
1062.0015,1062.0113,46093,51371,Pipistrellus pipistrellus,0.025,0.035,-1,Echolocation,/mnt/ubna_data_01_mir/recover-20220825/UBNA_002/20220823_033000.WAV,Telephone Field,recover-20220825,002,1795
1062.0025,1062.0368,68437,81812,Rhinolophus ferrumequinum,0.024,0.026,-1,Echolocation,/mnt/ubna_data_01_mir/recover-20220825/UBNA_002/20220823_033000.WAV,Telephone Field,recover-20220825,002,1795
1062.0385,1062.0447,35781,69240,Myotis brandtii,0.035,0.086,-1,Echolocation,/mnt/ubna_data_01_mir/recover-20220825/UBNA_002/20220823_033000.WAV,Telephone Field,recover-20220825,002,1795
1062.0395,1062.0507,42656,61363,Pipistrellus nathusii,0.318,0.396,-1,Echolocation,/mnt/ubna_data_01_mir/recover-20220825/UBNA_002/20220823_033000.WAV,Telephone Field,recover-20220825,002,1795
1062.0405,1062.0488,54687,66001,Pipistrellus pygmaeus,0.04,0.041,-1,Echolocation,/mnt/ubna_data_01_mir/recover-20220825/UBNA_002/20220823_033000.WAV,Telephone Field,recover-20220825,002,1795
1062.0665,1062.0726,40078,60520,Pipistrellus nathusii,0.205,0.338,-1,Echolocation,/mnt/ubna_data_01_mir/recover-20220825/UBNA_002/20220823_033000.WAV,Telephone Field,recover-20220825,002,1795
1062.1025,1062.112,52968,64202,Pipistrellus pygmaeus,0.038,0.04,-1,Echolocation,/mnt/ubna_data_01_mir/recover-20220825/UBNA_002/20220823_033000.WAV,Telephone Field,recover-20220825,002,1795
1062.1025,1062.1085,40937,70166,Myotis brandtii,0.266,0.439,-1,Echolocation,/mnt/ubna_data_01_mir/recover-20220825/UBNA_002/20220823_033000.WAV,Telephone Field,recover-20220825,002,1795
1062.1525,1062.1596,48671,55360,Pipistrellus pipistrellus,0.016,0.03,-1,Echolocation,/mnt/ubna_data_01_mir/recover-20220825/UBNA_002/20220823_033000.WAV,Telephone Field,recover-20220825,002,1795
1062.1545,1062.1601,39218,58277,Pipistrellus nathusii,0.313,0.515,-1,Echolocation,/mnt/ubna_data_01_mir/recover-20220825/UBNA_002/20220823_033000.WAV,Telephone Field,recover-20220825,002,1795
1062.1635,1062.1751,55546,67015,Pipistrellus pygmaeus,0.036,0.039,-1,Echolocation,/mnt/ubna_data_01_mir/recover-20220825/UBNA_002/20220823_033000.WAV,Telephone Field,recover-20220825,002,1795
1062.1675,1062.1739,37500,80951,Myotis brandtii,0.266,0.328,-1,Echolocation,/mnt/ubna_data_01_mir/recover-20220825/UBNA_002/20220823_033000.WAV,Telephone Field,recover-20220825,002,1795
1062.2105,1062.2185,29765,36264,Eptesicus serotinus,0.014,0.037,-1,Echolocation,/mnt/ubna_data_01_mir/recover-20220825/UBNA_002/20220823_033000.WAV,Telephone Field,recover-20220825,002,1795
1062.2225,1062.2317,54687,61981,Pipistrellus pygmaeus,0.104,0.11,-1,Echolocation,/mnt/ubna_data_01_mir/recover-20220825/UBNA_002/20220823_033000.WAV,Telephone Field,recover-20220825,002,1795
1062.2255,1062.2324,35781,86851,Myotis brandtii,0.257,0.318,-1,Echolocation,/mnt/ubna_data_01_mir/recover-20220825/UBNA_002/20220823_033000.WAV,Telephone Field,recover-20220825,002,1795
1062.2445,1062.2513,40937,52433,Pipistrellus nathusii,0.321,0.344,-1,Echolocation,/mnt/ubna_data_01_mir/recover-20220825/UBNA_002/20220823_033000.WAV,Telephone Field,recover-20220825,002,1795
1062.2725,1062.2817,38359,44401,Pipistrellus nathusii,0.016,0.031,-1,Echolocation,/mnt/ubna_data_01_mir/recover-20220825/UBNA_002/20220823_033000.WAV,Telephone Field,recover-20220825,002,1795
1062.3065,1062.3141,52109,59872,Pipistrellus pygmaeus,0.028,0.033,-1,Echolocation,/mnt/ubna_data_01_mir/recover-20220825/UBNA_002/20220823_033000.WAV,Telephone Field,recover-20220825,002,1795
1062.3065,1062.3129,40937,71439,Pipistrellus nathusii,0.219,0.479,-1,Echolocation,/mnt/ubna_data_01_mir/recover-20220825/UBNA_002/20220823_033000.WAV,Telephone Field,recover-20220825,002,1795
1062.3065,1062.3121,28906,92491,Myotis brandtii,0.034,0.079,-1,Echolocation,/mnt/ubna_data_01_mir/recover-20220825/UBNA_002/20220823_033000.WAV,Telephone Field,recover-20220825,002,1795
1062.3365,1062.3429,40078,60258,Pipistrellus nathusii,0.495,0.591,-1,Echolocation,/mnt/ubna_data_01_mir/recover-20220825/UBNA_002/20220823_033000.WAV,Telephone Field,recover-20220825,002,1795
1062.3865,1062.3922,33203,43392,Barbastellus barbastellus,0.009,0.026,-1,Echolocation,/mnt/ubna_data_01_mir/recover-20220825/UBNA_002/20220823_033000.WAV,Telephone Field,recover-20220825,002,1795
1062.3985,1062.4051,34921,84381,Myotis brandtii,0.109,0.16,-1,Echolocation,/mnt/ubna_data_01_mir/recover-20220825/UBNA_002/20220823_033000.WAV,Telephone Field,recover-20220825,002,1795
1062.3995,1062.406,41796,71033,Pipistrellus nathusii,0.482,0.522,-1,Echolocation,/mnt/ubna_data_01_mir/recover-20220825/UBNA_002/20220823_033000.WAV,Telephone Field,recover-20220825,002,1795
1062.4015,1062.4075,49531,56443,Pipistrellus pipistrellus,0.013,0.031,-1,Echolocation,/mnt/ubna_data_01_mir/recover-20220825/UBNA_002/20220823_033000.WAV,Telephone Field,recover-20220825,002,1795
1062.4285,1062.435,40078,54320,Pipistrellus nathusii,0.603,0.625,-1,Echolocation,/mnt/ubna_data_01_mir/recover-20220825/UBNA_002/20220823_033000.WAV,Telephone Field,recover-20220825,002,1795
1062.4655,1062.4776,54687,63922,Pipistrellus pygmaeus,0.024,0.027,-1,Echolocation,/mnt/ubna_data_01_mir/recover-20220825/UBNA_002/20220823_033000.WAV,Telephone Field,recover-20220825,002,1795
1062.4675,1062.4739,40078,73498,Pipistrellus nathusii,0.206,0.388,-1,Echolocation,/mnt/ubna_data_01_mir/recover-20220825/UBNA_002/20220823_033000.WAV,Telephone Field,recover-20220825,002,1795
1062.4685,1062.4747,28046,91967,Myotis bechsteinii,0.056,0.093,-1,Echolocation,/mnt/ubna_data_01_mir/recover-20220825/UBNA_002/20220823_033000.WAV,Telephone Field,recover-20220825,002,1795
1062.4775,1062.4829,36640,60067,Myotis brandtii,0.015,0.028,-1,Echolocation,/mnt/ubna_data_01_mir/recover-20220825/UBNA_002/20220823_033000.WAV,Telephone Field,recover-20220825,002,1795
1062.5195,1062.5259,48671,60995,Pipistrellus pipistrellus,0.015,0.029,-1,Echolocation,/mnt/ubna_data_01_mir/recover-20220825/UBNA_002/20220823_033000.WAV,Telephone Field,recover-20220825,002,1795
1062.5215,1062.5285,40078,66520,Pipistrellus nathusii,0.461,0.624,-1,Echolocation,/mnt/ubna_data_01_mir/recover-20220825/UBNA_002/20220823_033000.WAV,Telephone Field,recover-20220825,002,1795
1062.5345,1062.5413,54687,60154,Pipistrellus pygmaeus,0.131,0.136,-1,Echolocation,/mnt/ubna_data_01_mir/recover-20220825/UBNA_002/20220823_033000.WAV,Telephone Field,recover-20220825,002,1795
1062.5345,1062.5414,34921,86387,Myotis brandtii,0.204,0.245,-1,Echolocation,/mnt/ubna_data_01_mir/recover-20220825/UBNA_002/20220823_033000.WAV,Telephone Field,recover-20220825,002,1795
1062.5685,1062.5801,59843,70085,Pipistrellus pygmaeus,0.035,0.036,-1,Echolocation,/mnt/ubna_data_01_mir/recover-20220825/UBNA_002/20220823_033000.WAV,Telephone Field,recover-20220825,002,1795
1062.5765,1062.583,50390,57681,Pipistrellus pipistrellus,0.033,0.039,-1,Echolocation,/mnt/ubna_data_01_mir/recover-20220825/UBNA_002/20220823_033000.WAV,Telephone Field,recover-20220825,002,1795
1062.5955,1062.6016,40937,70723,Myotis brandtii,0.196,0.37,-1,Echolocation,/mnt/ubna_data_01_mir/recover-20220825/UBNA_002/20220823_033000.WAV,Telephone Field,recover-20220825,002,1795
1062.5965,1062.6037,52968,62995,Pipistrellus pygmaeus,0.036,0.041,-1,Echolocation,/mnt/ubna_data_01_mir/recover-20220825/UBNA_002/20220823_033000.WAV,Telephone Field,recover-20220825,002,1795
1062.6345,1062.6452,55546,62253,Pipistrellus pygmaeus,0.031,0.032,-1,Echolocation,/mnt/ubna_data_01_mir/recover-20220825/UBNA_002/20220823_033000.WAV,Telephone Field,recover-20220825,002,1795
1062.6425,1062.6483,40937,62980,Pipistrellus nathusii,0.532,0.598,-1,Echolocation,/mnt/ubna_data_01_mir/recover-20220825/UBNA_002/20220823_033000.WAV,Telephone Field,recover-20220825,002,1795
1062.6425,1062.6489,49531,56479,Pipistrellus pipistrellus,0.016,0.029,-1,Echolocation,/mnt/ubna_data_01_mir/recover-20220825/UBNA_002/20220823_033000.WAV,Telephone Field,recover-20220825,002,1795
1062.6815,1062.6886,36640,81198,Myotis brandtii,0.208,0.293,-1,Echolocation,/mnt/ubna_data_01_mir/recover-20220825/UBNA_002/20220823_033000.WAV,Telephone Field,recover-20220825,002,1795
1062.6905,1062.696,35781,55451,Myotis brandtii,0.017,0.034,-1,Echolocation,/mnt/ubna_data_01_mir/recover-20220825/UBNA_002/20220823_033000.WAV,Telephone Field,recover-20220825,002,1795
1062.7225,1062.7294,40937,66632,Pipistrellus nathusii,0.415,0.586,-1,Echolocation,/mnt/ubna_data_01_mir/recover-20220825/UBNA_002/20220823_033000.WAV,Telephone Field,recover-20220825,002,1795
1062.7235,1062.729,29765,83996,Myotis brandtii,0.023,0.05,-1,Echolocation,/mnt/ubna_data_01_mir/recover-20220825/UBNA_002/20220823_033000.WAV,Telephone Field,recover-20220825,002,1795
1062.7715,1062.7827,55546,63190,Pipistrellus pygmaeus,0.027,0.028,-1,Echolocation,/mnt/ubna_data_01_mir/recover-20220825/UBNA_002/20220823_033000.WAV,Telephone Field,recover-20220825,002,1795
1062.7735,1062.7798,36640,79033,Myotis brandtii,0.216,0.358,-1,Echolocation,/mnt/ubna_data_01_mir/recover-20220825/UBNA_002/20220823_033000.WAV,Telephone Field,recover-20220825,002,1795
1062.7735,1062.7798,28046,95199,Myotis bechsteinii,0.087,0.141,-1,Echolocation,/mnt/ubna_data_01_mir/recover-20220825/UBNA_002/20220823_033000.WAV,Telephone Field,recover-20220825,002,1795
1062.7755,1062.781,48671,55560,Pipistrellus pipistrellus,0.018,0.032,-1,Echolocation,/mnt/ubna_data_01_mir/recover-20220825/UBNA_002/20220823_033000.WAV,Telephone Field,recover-20220825,002,1795
1062.7835,1062.7925,26328,33163,Eptesicus serotinus,0.01,0.026,-1,Echolocation,/mnt/ubna_data_01_mir/recover-20220825/UBNA_002/20220823_033000.WAV,Telephone Field,recover-20220825,002,1795
1062.8145,1062.8208,40937,63435,Pipistrellus nathusii,0.427,0.589,-1,Echolocation,/mnt/ubna_data_01_mir/recover-20220825/UBNA_002/20220823_033000.WAV,Telephone Field,recover-20220825,002,1795
1062.8145,1062.8214,49531,59199,Pipistrellus pipistrellus,0.015,0.027,-1,Echolocation,/mnt/ubna_data_01_mir/recover-20220825/UBNA_002/20220823_033000.WAV,Telephone Field,recover-20220825,002,1795
1062.8575,1062.8658,47812,56770,Pipistrellus pipistrellus,0.051,0.091,-1,Echolocation,/mnt/ubna_data_01_mir/recover-20220825/UBNA_002/20220823_033000.WAV,Telephone Field,recover-20220825,002,1795
1062.8595,1062.8669,35781,86787,Myotis brandtii,0.241,0.292,-1,Echolocation,/mnt/ubna_data_01_mir/recover-20220825/UBNA_002/20220823_033000.WAV,Telephone Field,recover-20220825,002,1795
1062.8605,1062.869,54687,61622,Pipistrellus pygmaeus,0.025,0.035,-1,Echolocation,/mnt/ubna_data_01_mir/recover-20220825/UBNA_002/20220823_033000.WAV,Telephone Field,recover-20220825,002,1795
1062.8675,1062.8738,46093,57494,Pipistrellus pygmaeus,0.016,0.03,-1,Echolocation,/mnt/ubna_data_01_mir/recover-20220825/UBNA_002/20220823_033000.WAV,Telephone Field,recover-20220825,002,1795
1062.9025,1062.9088,48671,58990,Pipistrellus pipistrellus,0.014,0.032,-1,Echolocation,/mnt/ubna_data_01_mir/recover-20220825/UBNA_002/20220823_033000.WAV,Telephone Field,recover-20220825,002,1795
1062.9065,1062.9131,40078,68279,Pipistrellus nathusii,0.396,0.582,-1,Echolocation,/mnt/ubna_data_01_mir/recover-20220825/UBNA_002/20220823_033000.WAV,Telephone Field,recover-20220825,002,1795
1062.9085,1062.9145,49531,54965,Pipistrellus pipistrellus,0.014,0.026,-1,Echolocation,/mnt/ubna_data_01_mir/recover-20220825/UBNA_002/20220823_033000.WAV,Telephone Field,recover-20220825,002,1795
1062.9665,1062.9727,39218,71600,Pipistrellus nathusii,0.168,0.304,-1,Echolocation,/mnt/ubna_data_01_mir/recover-20220825/UBNA_002/20220823_033000.WAV,Telephone Field,recover-20220825,002,1795
1062.9675,1062.9757,49531,56876,Pipistrellus pipistrellus,0.028,0.047,-1,Echolocation,/mnt/ubna_data_01_mir/recover-20220825/UBNA_002/20220823_033000.WAV,Telephone Field,recover-20220825,002,1795
1062.9965,1063.0024,29765,77572,Myotis bechsteinii,0.037,0.083,-1,Echolocation,/mnt/ubna_data_01_mir/recover-20220825/UBNA_002/20220823_033000.WAV,Telephone Field,recover-20220825,002,1795
1062.9965,1063.0022,40937,64983,Pipistrellus nathusii,0.566,0.612,-1,Echolocation,/mnt/ubna_data_01_mir/recover-20220825/UBNA_002/20220823_033000.WAV,Telephone Field,recover-20220825,002,1795
1063.0205,1063.028,55546,63505,Pipistrellus pygmaeus,0.025,0.026,-1,Echolocation,/mnt/ubna_data_01_mir/recover-20220825/UBNA_002/20220823_033000.WAV,Telephone Field,recover-20220825,002,1795
1063.0565,1063.0634,46953,60208,Pipistrellus pipistrellus,0.023,0.056,-1,Echolocation,/mnt/ubna_data_01_mir/recover-20220825/UBNA_002/20220823_033000.WAV,Telephone Field,recover-20220825,002,1795
1063.0585,1063.0651,27187,88488,Myotis bechsteinii,0.076,0.101,-1,Echolocation,/mnt/ubna_data_01_mir/recover-20220825/UBNA_002/20220823_033000.WAV,Telephone Field,recover-20220825,002,1795
1063.0585,1063.0651,37500,74394,Pipistrellus nathusii,0.323,0.436,-1,Echolocation,/mnt/ubna_data_01_mir/recover-20220825/UBNA_002/20220823_033000.WAV,Telephone Field,recover-20220825,002,1795
1063.0955,1063.1028,49531,61620,Pipistrellus pipistrellus,0.019,0.036,-1,Echolocation,/mnt/ubna_data_01_mir/recover-20220825/UBNA_002/20220823_033000.WAV,Telephone Field,recover-20220825,002,1795
1063.0995,1063.1059,38359,68255,Pipistrellus nathusii,0.356,0.47,-1,Echolocation,/mnt/ubna_data_01_mir/recover-20220825/UBNA_002/20220823_033000.WAV,Telephone Field,recover-20220825,002,1795
1063.0995,1063.1061,28906,87207,Myotis bechsteinii,0.077,0.119,-1,Echolocation,/mnt/ubna_data_01_mir/recover-20220825/UBNA_002/20220823_033000.WAV,Telephone Field,recover-20220825,002,1795
1063.1095,1063.1146,33203,50287,Myotis daubentonii,0.011,0.026,-1,Echolocation,/mnt/ubna_data_01_mir/recover-20220825/UBNA_002/20220823_033000.WAV,Telephone Field,recover-20220825,002,1795
1063.1525,1063.1597,36640,80922,Myotis brandtii,0.21,0.304,-1,Echolocation,/mnt/ubna_data_01_mir/recover-20220825/UBNA_002/20220823_033000.WAV,Telephone Field,recover-20220825,002,1795
1063.1545,1063.1595,49531,54472,Pipistrellus pipistrellus,0.037,0.066,-1,Echolocation,/mnt/ubna_data_01_mir/recover-20220825/UBNA_002/20220823_033000.WAV,Telephone Field,recover-20220825,002,1795
1063.1675,1063.174,37500,59182,Myotis brandtii,0.072,0.138,-1,Echolocation,/mnt/ubna_data_01_mir/recover-20220825/UBNA_002/20220823_033000.WAV,Telephone Field,recover-20220825,002,1795
1063.2155,1063.2218,40078,63515,Pipistrellus nathusii,0.297,0.535,-1,Echolocation,/mnt/ubna_data_01_mir/recover-20220825/UBNA_002/20220823_033000.WAV,Telephone Field,recover-20220825,002,1795
1063.2465,1063.253,40078,70542,Pipistrellus nathusii,0.672,0.694,-1,Echolocation,/mnt/ubna_data_01_mir/recover-20220825/UBNA_002/20220823_033000.WAV,Telephone Field,recover-20220825,002,1795
1063.2475,1063.2535,23750,79258,Myotis bechsteinii,0.022,0.061,-1,Echolocation,/mnt/ubna_data_01_mir/recover-20220825/UBNA_002/20220823_033000.WAV,Telephone Field,recover-20220825,002,1795
1063.2935,1063.3016,58125,65749,Pipistrellus pygmaeus,0.03,0.031,-1,Echolocation,/mnt/ubna_data_01_mir/recover-20220825/UBNA_002/20220823_033000.WAV,Telephone Field,recover-20220825,002,1795
1063.3125,1063.3177,32343,43452,Myotis daubentonii,0.012,0.031,-1,Echolocation,/mnt/ubna_data_01_mir/recover-20220825/UBNA_002/20220823_033000.WAV,Telephone Field,recover-20220825,002,1795
1063.3275,1063.3327,40078,63853,Myotis brandtii,0.143,0.351,-1,Echolocation,/mnt/ubna_data_01_mir/recover-20220825/UBNA_002/20220823_033000.WAV,Telephone Field,recover-20220825,002,1795
1063.3435,1063.3498,28906,91053,Myotis bechsteinii,0.089,0.134,-1,Echolocation,/mnt/ubna_data_01_mir/recover-20220825/UBNA_002/20220823_033000.WAV,Telephone Field,recover-20220825,002,1795
1063.3435,1063.3498,39218,64517,Pipistrellus nathusii,0.277,0.48,-1,Echolocation,/mnt/ubna_data_01_mir/recover-20220825/UBNA_002/20220823_033000.WAV,Telephone Field,recover-20220825,002,1795
1063.3545,1063.3601,34921,59749,Myotis brandtii,0.014,0.028,-1,Echolocation,/mnt/ubna_data_01_mir/recover-20220825/UBNA_002/20220823_033000.WAV,Telephone Field,recover-20220825,002,1795
1063.3855,1063.3915,25468,39711,Plecotus auritus,0.01,0.027,-1,Echolocation,/mnt/ubna_data_01_mir/recover-20220825/UBNA_002/20220823_033000.WAV,Telephone Field,recover-20220825,002,1795
1063.3865,1063.3919,33203,50656,Myotis daubentonii,0.013,0.029,-1,Echolocation,/mnt/ubna_data_01_mir/recover-20220825/UBNA_002/20220823_033000.WAV,Telephone Field,recover-20220825,002,1795
1063.4045,1063.4097,42656,59550,Pipistrellus nathusii,0.462,0.507,-1,Echolocation,/mnt/ubna_data_01_mir/recover-20220825/UBNA_002/20220823_033000.WAV,Telephone Field,recover-20220825,002,1795
1063.4105,1063.4194,22031,36173,Plecotus auritus,0.007,0.032,-1,Echolocation,/mnt/ubna_data_01_mir/recover-20220825/UBNA_002/20220823_033000.WAV,Telephone Field,recover-20220825,002,1795
1063.4395,1063.4452,28046,79391,Myotis bechsteinii,0.04,0.08,-1,Echolocation,/mnt/ubna_data_01_mir/recover-20220825/UBNA_002/20220823_033000.WAV,Telephone Field,recover-20220825,002,1795
1063.4395,1063.4497,52968,63457,Pipistrellus pygmaeus,0.028,0.042,-1,Echolocation,/mnt/ubna_data_01_mir/recover-20220825/UBNA_002/20220823_033000.WAV,Telephone Field,recover-20220825,002,1795
1063.4395,1063.4462,39218,73314,Pipistrellus nathusii,0.563,0.598,-1,Echolocation,/mnt/ubna_data_01_mir/recover-20220825/UBNA_002/20220823_033000.WAV,Telephone Field,recover-20220825,002,1795
1063.4475,1063.4533,38359,55095,Pipistrellus nathusii,0.023,0.05,-1,Echolocation,/mnt/ubna_data_01_mir/recover-20220825/UBNA_002/20220823_033000.WAV,Telephone Field,recover-20220825,002,1795
1063.4745,1063.482,43515,52799,Pipistrellus nathusii,0.448,0.478,-1,Echolocation,/mnt/ubna_data_01_mir/recover-20220825/UBNA_002/20220823_033000.WAV,Telephone Field,recover-20220825,002,1795
1063.4775,1063.489,22890,34969,Eptesicus serotinus,0.011,0.031,-1,Echolocation,/mnt/ubna_data_01_mir/recover-20220825/UBNA_002/20220823_033000.WAV,Telephone Field,recover-20220825,002,1795
1063.4945,1063.4999,32343,45130,Myotis daubentonii,0.015,0.041,-1,Echolocation,/mnt/ubna_data_01_mir/recover-20220825/UBNA_002/20220823_033000.WAV,Telephone Field,recover-20220825,002,1795
1063.4955,1063.5009,27187,43612,Plecotus auritus,0.011,0.042,-1,Echolocation,/mnt/ubna_data_01_mir/recover-20220825/UBNA_002/20220823_033000.WAV,Telephone Field,recover-20220825,002,1795
1063.5115,1063.5194,35781,78237,Pipistrellus nathusii,0.339,0.414,-1,Echolocation,/mnt/ubna_data_01_mir/recover-20220825/UBNA_002/20220823_033000.WAV,Telephone Field,recover-20220825,002,1795
1063.5115,1063.5181,28046,89279,Myotis bechsteinii,0.07,0.118,-1,Echolocation,/mnt/ubna_data_01_mir/recover-20220825/UBNA_002/20220823_033000.WAV,Telephone Field,recover-20220825,002,1795
1063.5125,1063.5209,52109,64015,Pipistrellus pygmaeus,0.02,0.037,-1,Echolocation,/mnt/ubna_data_01_mir/recover-20220825/UBNA_002/20220823_033000.WAV,Telephone Field,recover-20220825,002,1795
1063.5195,1063.5267,39218,52158,Pipistrellus nathusii,0.042,0.054,-1,Echolocation,/mnt/ubna_data_01_mir/recover-20220825/UBNA_002/20220823_033000.WAV,Telephone Field,recover-20220825,002,1795
1063.5475,1063.5548,42656,47882,Pipistrellus nathusii,0.053,0.069,-1,Echolocation,/mnt/ubna_data_01_mir/recover-20220825/UBNA_002/20220823_033000.WAV,Telephone Field,recover-20220825,002,1795
1063.5705,1063.5771,39218,77975,Pipistrellus nathusii,0.348,0.394,-1,Echolocation,/mnt/ubna_data_01_mir/recover-20220825/UBNA_002/20220823_033000.WAV,Telephone Field,recover-20220825,002,1795
1063.5705,1063.5774,29765,92153,Myotis brandtii,0.063,0.129,-1,Echolocation,/mnt/ubna_data_01_mir/recover-20220825/UBNA_002/20220823_033000.WAV,Telephone Field,recover-20220825,002,1795
1063.5785,1063.5849,40078,57218,Pipistrellus nathusii,0.071,0.103,-1,Echolocation,/mnt/ubna_data_01_mir/recover-20220825/UBNA_002/20220823_033000.WAV,Telephone Field,recover-20220825,002,1795
1063.5795,1063.5888,46953,58924,Pipistrellus pipistrellus,0.013,0.026,-1,Echolocation,/mnt/ubna_data_01_mir/recover-20220825/UBNA_002/20220823_033000.WAV,Telephone Field,recover-20220825,002,1795
1063.6245,1063.6302,40078,50956,Myotis daubentonii,0.011,0.026,-1,Echolocation,/mnt/ubna_data_01_mir/recover-20220825/UBNA_002/20220823_033000.WAV,Telephone Field,recover-20220825,002,1795
1063.6435,1063.6497,27187,85568,Myotis bechsteinii,0.132,0.169,-1,Echolocation,/mnt/ubna_data_01_mir/recover-20220825/UBNA_002/20220823_033000.WAV,Telephone Field,recover-20220825,002,1795
1063.6435,1063.6498,36640,70721,Pipistrellus nathusii,0.155,0.389,-1,Echolocation,/mnt/ubna_data_01_mir/recover-20220825/UBNA_002/20220823_033000.WAV,Telephone Field,recover-20220825,002,1795
1063.6525,1063.6579,36640,66803,Myotis brandtii,0.027,0.05,-1,Echolocation,/mnt/ubna_data_01_mir/recover-20220825/UBNA_002/20220823_033000.WAV,Telephone Field,recover-20220825,002,1795
1063.6765,1063.7135,68437,82446,Rhinolophus ferrumequinum,0.028,0.028,-1,Echolocation,/mnt/ubna_data_01_mir/recover-20220825/UBNA_002/20220823_033000.WAV,Telephone Field,recover-20220825,002,1795
1063.6935,1063.6985,32343,82422,Myotis brandtii,0.046,0.079,-1,Echolocation,/mnt/ubna_data_01_mir/recover-20220825/UBNA_002/20220823_033000.WAV,Telephone Field,recover-20220825,002,1795
1063.6935,1063.6993,44375,57028,Pipistrellus nathusii,0.149,0.194,-1,Echolocation,/mnt/ubna_data_01_mir/recover-20220825/UBNA_002/20220823_033000.WAV,Telephone Field,recover-20220825,002,1795
1063.7185,1063.7297,54687,61903,Pipistrellus pygmaeus,0.032,0.033,-1,Echolocation,/mnt/ubna_data_01_mir/recover-20220825/UBNA_002/20220823_033000.WAV,Telephone Field,recover-20220825,002,1795
1063.7255,1063.7325,39218,74712,Pipistrellus nathusii,0.559,0.648,-1,Echolocation,/mnt/ubna_data_01_mir/recover-20220825/UBNA_002/20220823_033000.WAV,Telephone Field,recover-20220825,002,1795
1063.7265,1063.7323,28046,83257,Myotis bechsteinii,0.034,0.063,-1,Echolocation,/mnt/ubna_data_01_mir/recover-20220825/UBNA_002/20220823_033000.WAV,Telephone Field,recover-20220825,002,1795
1063.7265,1063.7358,53828,65532,Pipistrellus pygmaeus,0.035,0.047,-1,Echolocation,/mnt/ubna_data_01_mir/recover-20220825/UBNA_002/20220823_033000.WAV,Telephone Field,recover-20220825,002,1795
1063.7345,1063.7413,48671,63979,Pipistrellus pygmaeus,0.022,0.035,-1,Echolocation,/mnt/ubna_data_01_mir/recover-20220825/UBNA_002/20220823_033000.WAV,Telephone Field,recover-20220825,002,1795
1063.7345,1063.7402,39218,56586,Myotis brandtii,0.024,0.047,-1,Echolocation,/mnt/ubna_data_01_mir/recover-20220825/UBNA_002/20220823_033000.WAV,Telephone Field,recover-20220825,002,1795
1063.7555,1063.7663,28046,34388,Eptesicus serotinus,0.02,0.037,-1,Echolocation,/mnt/ubna_data_01_mir/recover-20220825/UBNA_002/20220823_033000.WAV,Telephone Field,recover-20220825,002,1795
1063.8155,1063.8224,54687,65365,Pipistrellus pygmaeus,0.133,0.139,-1,Echolocation,/mnt/ubna_data_01_mir/recover-20220825/UBNA_002/20220823_033000.WAV,Telephone Field,recover-20220825,002,1795
1063.8165,1063.823,36640,64662,Pipistrellus nathusii,0.243,0.514,-1,Echolocation,/mnt/ubna_data_01_mir/recover-20220825/UBNA_002/20220823_033000.WAV,Telephone Field,recover-20220825,002,1795
1063.8165,1063.8228,28906,86934,Myotis bechsteinii,0.056,0.093,-1,Echolocation,/mnt/ubna_data_01_mir/recover-20220825/UBNA_002/20220823_033000.WAV,Telephone Field,recover-20220825,002,1795
1063.8275,1063.8332,34921,64364,Myotis brandtii,0.017,0.033,-1,Echolocation,/mnt/ubna_data_01_mir/recover-20220825/UBNA_002/20220823_033000.WAV,Telephone Field,recover-20220825,002,1795
1063.8635,1063.8702,46953,54516,Pipistrellus pipistrellus,0.051,0.06,-1,Echolocation,/mnt/ubna_data_01_mir/recover-20220825/UBNA_002/20220823_033000.WAV,Telephone Field,recover-20220825,002,1795
1063.8965,1063.9025,39218,55217,Myotis brandtii,0.018,0.042,-1,Echolocation,/mnt/ubna_data_01_mir/recover-20220825/UBNA_002/20220823_033000.WAV,Telephone Field,recover-20220825,002,1795
1063.9285,1063.9379,41796,48875,Pipistrellus nathusii,0.013,0.029,-1,Echolocation,/mnt/ubna_data_01_mir/recover-20220825/UBNA_002/20220823_033000.WAV,Telephone Field,recover-20220825,002,1795
1063.9355,1063.9447,42656,51970,Pipistrellus nathusii,0.011,0.029,-1,Echolocation,/mnt/ubna_data_01_mir/recover-20220825/UBNA_002/20220823_033000.WAV,Telephone Field,recover-20220825,002,1795
1063.9495,1063.9555,33203,61370,Myotis brandtii,0.016,0.03,-1,Echolocation,/mnt/ubna_data_01_mir/recover-20220825/UBNA_002/20220823_033000.WAV,Telephone Field,recover-20220825,002,1795
1063.9535,1063.9625,41796,50601,Pipistrellus nathusii,0.014,0.03,-1,Echolocation,/mnt/ubna_data_01_mir/recover-20220825/UBNA_002/20220823_033000.WAV,Telephone Field,recover-20220825,002,1795
1063.9635,1063.9689,31484,42180,Myotis daubentonii,0.01,0.027,-1,Echolocation,/mnt/ubna_data_01_mir/recover-20220825/UBNA_002/20220823_033000.WAV,Telephone Field,recover-20220825,002,1795
1063.9735,1063.9815,50390,59363,Pipistrellus pipistrellus,0.039,0.084,-1,Echolocation,/mnt/ubna_data_01_mir/recover-20220825/UBNA_002/20220823_033000.WAV,Telephone Field,recover-20220825,002,1795
1063.9775,1063.9833,28046,79171,Myotis bechsteinii,0.043,0.084,-1,Echolocation,/mnt/ubna_data_01_mir/recover-20220825/UBNA_002/20220823_033000.WAV,Telephone Field,recover-20220825,002,1795
1063.9775,1063.9844,40078,69558,Pipistrellus nathusii,0.593,0.639,-1,Echolocation,/mnt/ubna_data_01_mir/recover-20220825/UBNA_002/20220823_033000.WAV,Telephone Field,recover-20220825,002,1795
1063.9855,1063.9916,37500,54751,Myotis brandtii,0.018,0.035,-1,Echolocation,/mnt/ubna_data_01_mir/recover-20220825/UBNA_002/20220823_033000.WAV,Telephone Field,recover-20220825,002,1795
1063.9865,1063.9944,26328,42961,Eptesicus serotinus,0.009,0.026,-1,Echolocation,/mnt/ubna_data_01_mir/recover-20220825/UBNA_002/20220823_033000.WAV,Telephone Field,recover-20220825,002,1795
1064.0015,1064.0299,68437,79430,Rhinolophus ferrumequinum,0.037,0.038,-1,Echolocation,/mnt/ubna_data_01_mir/recover-20220825/UBNA_002/20220823_033000.WAV,Telephone Field,recover-20220825,002,1795
1064.0015,1064.0099,39218,44792,Pipistrellus nathusii,0.121,0.135,-1,Echolocation,/mnt/ubna_data_01_mir/recover-20220825/UBNA_002/20220823_033000.WAV,Telephone Field,recover-20220825,002,1795
1064.0195,1064.0304,54687,63453,Pipistrellus pygmaeus,0.061,0.062,-1,Echolocation,/mnt/ubna_data_01_mir/recover-20220825/UBNA_002/20220823_033000.WAV,Telephone Field,recover-20220825,002,1795
1064.0285,1064.0358,58125,65370,Pipistrellus pygmaeus,0.044,0.044,-1,Echolocation,/mnt/ubna_data_01_mir/recover-20220825/UBNA_002/20220823_033000.WAV,Telephone Field,recover-20220825,002,1795
1064.0595,1064.0767,22890,26405,Nyctalus leisleri,0.022,0.043,-1,Echolocation,/mnt/ubna_data_01_mir/recover-20220825/UBNA_002/20220823_033000.WAV,Telephone Field,recover-20220825,002,1795
1064.0665,1064.0785,48671,56115,Pipistrellus pygmaeus,0.025,0.039,-1,Echolocation,/mnt/ubna_data_01_mir/recover-20220825/UBNA_002/20220823_033000.WAV,Telephone Field,recover-20220825,002,1795
1064.0735,1064.0799,39218,60328,Pipistrellus nathusii,0.558,0.62,-1,Echolocation,/mnt/ubna_data_01_mir/recover-20220825/UBNA_002/20220823_033000.WAV,Telephone Field,recover-20220825,002,1795
1064.0895,1064.0947,30625,77124,Myotis bechsteinii,0.043,0.095,-1,Echolocation,/mnt/ubna_data_01_mir/recover-20220825/UBNA_002/20220823_033000.WAV,Telephone Field,recover-20220825,002,1795
1064.0895,1064.097,40937,55508,Pipistrellus nathusii,0.143,0.183,-1,Echolocation,/mnt/ubna_data_01_mir/recover-20220825/UBNA_002/20220823_033000.WAV,Telephone Field,recover-20220825,002,1795
1064.1035,1064.1147,28046,34117,Eptesicus serotinus,0.016,0.033,-1,Echolocation,/mnt/ubna_data_01_mir/recover-20220825/UBNA_002/20220823_033000.WAV,Telephone Field,recover-20220825,002,1795
1064.1545,1064.161,56406,66885,Pipistrellus pygmaeus,0.03,0.031,-1,Echolocation,/mnt/ubna_data_01_mir/recover-20220825/UBNA_002/20220823_033000.WAV,Telephone Field,recover-20220825,002,1795
1064.1795,1064.1867,40937,51644,Pipistrellus nathusii,0.56,0.587,-1,Echolocation,/mnt/ubna_data_01_mir/recover-20220825/UBNA_002/20220823_033000.WAV,Telephone Field,recover-20220825,002,1795
1064.2075,1064.2155,40078,49122,Pipistrellus nathusii,0.022,0.036,-1,Echolocation,/mnt/ubna_data_01_mir/recover-20220825/UBNA_002/20220823_033000.WAV,Telephone Field,recover-20220825,002,1795
1064.2155,1064.2239,46953,54495,Pipistrellus pipistrellus,0.027,0.045,-1,Echolocation,/mnt/ubna_data_01_mir/recover-20220825/UBNA_002/20220823_033000.WAV,Telephone Field,recover-20220825,002,1795
1064.2325,1064.2436,51250,55581,Pipistrellus pygmaeus,0.046,0.054,-1,Echolocation,/mnt/ubna_data_01_mir/recover-20220825/UBNA_002/20220823_033000.WAV,Telephone Field,recover-20220825,002,1795
1064.2375,1064.2448,38359,63185,Pipistrellus nathusii,0.627,0.684,-1,Echolocation,/mnt/ubna_data_01_mir/recover-20220825/UBNA_002/20220823_033000.WAV,Telephone Field,recover-20220825,002,1795
1064.2445,1064.2538,52109,63108,Pipistrellus pygmaeus,0.028,0.03,-1,Echolocation,/mnt/ubna_data_01_mir/recover-20220825/UBNA_002/20220823_033000.WAV,Telephone Field,recover-20220825,002,1795
1064.2465,1064.2531,37500,48519,Pipistrellus nathusii,0.013,0.032,-1,Echolocation,/mnt/ubna_data_01_mir/recover-20220825/UBNA_002/20220823_033000.WAV,Telephone Field,recover-20220825,002,1795
1064.2725,1064.2786,40078,56505,Pipistrellus nathusii,0.389,0.423,-1,Echolocation,/mnt/ubna_data_01_mir/recover-20220825/UBNA_002/20220823_033000.WAV,Telephone Field,recover-20220825,002,1795
1064.2725,1064.2795,48671,53492,Pipistrellus pipistrellus,0.017,0.03,-1,Echolocation,/mnt/ubna_data_01_mir/recover-20220825/UBNA_002/20220823_033000.WAV,Telephone Field,recover-20220825,002,1795
1064.3245,1064.3326,54687,60224,Pipistrellus pygmaeus,0.059,0.06,-1,Echolocation,/mnt/ubna_data_01_mir/recover-20220825/UBNA_002/20220823_033000.WAV,Telephone Field,recover-20220825,002,1795
1064.3305,1064.3368,39218,54595,Pipistrellus nathusii,0.613,0.644,-1,Echolocation,/mnt/ubna_data_01_mir/recover-20220825/UBNA_002/20220823_033000.WAV,Telephone Field,recover-20220825,002,1795
1064.3635,1064.3694,42656,47110,Pipistrellus nathusii,0.207,0.221,-1,Echolocation,/mnt/ubna_data_01_mir/recover-20220825/UBNA_002/20220823_033000.WAV,Telephone Field,recover-20220825,002,1795
1064.3775,1064.3868,54687,63999,Pipistrellus pygmaeus,0.047,0.047,-1,Echolocation,/mnt/ubna_data_01_mir/recover-20220825/UBNA_002/20220823_033000.WAV,Telephone Field,recover-20220825,002,1795
1064.3935,1064.4003,53828,60476,Pipistrellus pygmaeus,0.058,0.059,-1,Echolocation,/mnt/ubna_data_01_mir/recover-20220825/UBNA_002/20220823_033000.WAV,Telephone Field,recover-20220825,002,1795
1064.4095,1064.4174,28046,35365,Eptesicus serotinus,0.012,0.029,-1,Echolocation,/mnt/ubna_data_01_mir/recover-20220825/UBNA_002/20220823_033000.WAV,Telephone Field,recover-20220825,002,1795
1064.4215,1064.4383,16875,21614,Nyctalus noctula,0.022,0.038,-1,Echolocation,/mnt/ubna_data_01_mir/recover-20220825/UBNA_002/20220823_033000.WAV,Telephone Field,recover-20220825,002,1795
1064.4215,1064.4301,52109,56203,Pipistrellus pygmaeus,0.05,0.063,-1,Echolocation,/mnt/ubna_data_01_mir/recover-20220825/UBNA_002/20220823_033000.WAV,Telephone Field,recover-20220825,002,1795
1064.4245,1064.4318,38359,59437,Pipistrellus nathusii,0.576,0.677,-1,Echolocation,/mnt/ubna_data_01_mir/recover-20220825/UBNA_002/20220823_033000.WAV,Telephone Field,recover-20220825,002,1795
1064.4245,1064.4298,29765,67833,Myotis bechsteinii,0.022,0.051,-1,Echolocation,/mnt/ubna_data_01_mir/recover-20220825/UBNA_002/20220823_033000.WAV,Telephone Field,recover-20220825,002,1795
1064.4335,1064.439,30625,45373,Myotis daubentonii,0.013,0.032,-1,Echolocation,/mnt/ubna_data_01_mir/recover-20220825/UBNA_002/20220823_033000.WAV,Telephone Field,recover-20220825,002,1795
1064.4555,1064.461,40937,61725,Pipistrellus nathusii,0.383,0.438,-1,Echolocation,/mnt/ubna_data_01_mir/recover-20220825/UBNA_002/20220823_033000.WAV,Telephone Field,recover-20220825,002,1795
1064.4555,1064.4605999999999,31484,74875,Myotis brandtii,0.029,0.073,-1,Echolocation,/mnt/ubna_data_01_mir/recover-20220825/UBNA_002/20220823_033000.WAV,Telephone Field,recover-20220825,002,1795
1064.5245,1064.5312,39218,51847,Pipistrellus nathusii,0.577,0.629,-1,Echolocation,/mnt/ubna_data_01_mir/recover-20220825/UBNA_002/20220823_033000.WAV,Telephone Field,recover-20220825,002,1795
1064.5505,1064.556,42656,49600,Pipistrellus nathusii,0.332,0.347,-1,Echolocation,/mnt/ubna_data_01_mir/recover-20220825/UBNA_002/20220823_033000.WAV,Telephone Field,recover-20220825,002,1795
1064.6075,1064.6161,53828,62155,Pipistrellus pygmaeus,0.041,0.042,-1,Echolocation,/mnt/ubna_data_01_mir/recover-20220825/UBNA_002/20220823_033000.WAV,Telephone Field,recover-20220825,002,1795
1064.6075,1064.6148,39218,60717,Pipistrellus nathusii,0.592,0.646,-1,Echolocation,/mnt/ubna_data_01_mir/recover-20220825/UBNA_002/20220823_033000.WAV,Telephone Field,recover-20220825,002,1795
1064.6165,1064.6229,32343,43722,Myotis daubentonii,0.012,0.029,-1,Echolocation,/mnt/ubna_data_01_mir/recover-20220825/UBNA_002/20220823_033000.WAV,Telephone Field,recover-20220825,002,1795
1064.6265,1064.6339,40078,50439,Pipistrellus nathusii,0.018,0.034,-1,Echolocation,/mnt/ubna_data_01_mir/recover-20220825/UBNA_002/20220823_033000.WAV,Telephone Field,recover-20220825,002,1795
1064.6515,1064.6589,48671,55832,Pipistrellus pipistrellus,0.029,0.036,-1,Echolocation,/mnt/ubna_data_01_mir/recover-20220825/UBNA_002/20220823_033000.WAV,Telephone Field,recover-20220825,002,1795
1064.6765,1064.6853,53828,59130,Pipistrellus pygmaeus,0.066,0.067,-1,Echolocation,/mnt/ubna_data_01_mir/recover-20220825/UBNA_002/20220823_033000.WAV,Telephone Field,recover-20220825,002,1795
1064.6975,1064.7062,50390,54229,Pipistrellus pygmaeus,0.026,0.036,-1,Echolocation,/mnt/ubna_data_01_mir/recover-20220825/UBNA_002/20220823_033000.WAV,Telephone Field,recover-20220825,002,1795
1064.7015,1064.7109,40078,52797,Pipistrellus nathusii,0.411,0.467,-1,Echolocation,/mnt/ubna_data_01_mir/recover-20220825/UBNA_002/20220823_033000.WAV,Telephone Field,recover-20220825,002,1795
1064.7065,1064.7164,55546,65790,Pipistrellus pygmaeus,0.029,0.029,-1,Echolocation,/mnt/ubna_data_01_mir/recover-20220825/UBNA_002/20220823_033000.WAV,Telephone Field,recover-20220825,002,1795
1064.7285,1064.7355,38359,50144,Pipistrellus nathusii,0.022,0.042,-1,Echolocation,/mnt/ubna_data_01_mir/recover-20220825/UBNA_002/20220823_033000.WAV,Telephone Field,recover-20220825,002,1795
1064.7885,1064.7952,50390,56432,Pipistrellus pipistrellus,0.029,0.06,-1,Echolocation,/mnt/ubna_data_01_mir/recover-20220825/UBNA_002/20220823_033000.WAV,Telephone Field,recover-20220825,002,1795
1064.7905,1064.7976,39218,60109,Pipistrellus nathusii,0.62,0.665,-1,Echolocation,/mnt/ubna_data_01_mir/recover-20220825/UBNA_002/20220823_033000.WAV,Telephone Field,recover-20220825,002,1795
1064.8075,1064.8411,68437,81438,Rhinolophus ferrumequinum,0.033,0.033,-1,Echolocation,/mnt/ubna_data_01_mir/recover-20220825/UBNA_002/20220823_033000.WAV,Telephone Field,recover-20220825,002,1795
1064.8585,1064.8659,48671,54300,Pipistrellus pipistrellus,0.017,0.029,-1,Echolocation,/mnt/ubna_data_01_mir/recover-20220825/UBNA_002/20220823_033000.WAV,Telephone Field,recover-20220825,002,1795
1064.8595,1064.8663,39218,64944,Pipistrellus nathusii,0.434,0.544,-1,Echolocation,/mnt/ubna_data_01_mir/recover-20220825/UBNA_002/20220823_033000.WAV,Telephone Field,recover-20220825,002,1795
1064.8595,1064.865,29765,78811,Myotis bechsteinii,0.042,0.081,-1,Echolocation,/mnt/ubna_data_01_mir/recover-20220825/UBNA_002/20220823_033000.WAV,Telephone Field,recover-20220825,002,1795
1064.8695,1064.8768,28046,35351,Eptesicus serotinus,0.009,0.029,-1,Echolocation,/mnt/ubna_data_01_mir/recover-20220825/UBNA_002/20220823_033000.WAV,Telephone Field,recover-20220825,002,1795
1064.8855,1064.8924,39218,50693,Pipistrellus nathusii,0.483,0.505,-1,Echolocation,/mnt/ubna_data_01_mir/recover-20220825/UBNA_002/20220823_033000.WAV,Telephone Field,recover-20220825,002,1795
1064.9285,1064.9335,29765,72107,Myotis bechsteinii,0.036,0.07,-1,Echolocation,/mnt/ubna_data_01_mir/recover-20220825/UBNA_002/20220823_033000.WAV,Telephone Field,recover-20220825,002,1795
1064.9285,1064.9349,40078,62688,Pipistrellus nathusii,0.497,0.577,-1,Echolocation,/mnt/ubna_data_01_mir/recover-20220825/UBNA_002/20220823_033000.WAV,Telephone Field,recover-20220825,002,1795
1064.9455,1064.9541,51250,59062,Pipistrellus pygmaeus,0.03,0.033,-1,Echolocation,/mnt/ubna_data_01_mir/recover-20220825/UBNA_002/20220823_033000.WAV,Telephone Field,recover-20220825,002,1795
1064.9585,1064.9675,28906,35130,Eptesicus serotinus,0.022,0.045,-1,Echolocation,/mnt/ubna_data_01_mir/recover-20220825/UBNA_002/20220823_033000.WAV,Telephone Field,recover-20220825,002,1795
1064.9715,1064.9798,54687,59564,Pipistrellus pygmaeus,0.027,0.029,-1,Echolocation,/mnt/ubna_data_01_mir/recover-20220825/UBNA_002/20220823_033000.WAV,Telephone Field,recover-20220825,002,1795
1064.9755,1064.9827,38359,60174,Pipistrellus nathusii,0.546,0.659,-1,Echolocation,/mnt/ubna_data_01_mir/recover-20220825/UBNA_002/20220823_033000.WAV,Telephone Field,recover-20220825,002,1795
1064.9765,1064.9822,49531,54052,Pipistrellus pipistrellus,0.025,0.043,-1,Echolocation,/mnt/ubna_data_01_mir/recover-20220825/UBNA_002/20220823_033000.WAV,Telephone Field,recover-20220825,002,1795
1065.0065,1065.0123,40937,65727,Pipistrellus nathusii,0.632,0.659,-1,Echolocation,/mnt/ubna_data_01_mir/recover-20220825/UBNA_002/20220823_033000.WAV,Telephone Field,recover-20220825,002,1795
1065.0745,1065.0814,38359,54170,Pipistrellus nathusii,0.503,0.609,-1,Echolocation,/mnt/ubna_data_01_mir/recover-20220825/UBNA_002/20220823_033000.WAV,Telephone Field,recover-20220825,002,1795
1065.0855,1065.0932,40078,59811,Pipistrellus nathusii,0.198,0.285,-1,Echolocation,/mnt/ubna_data_01_mir/recover-20220825/UBNA_002/20220823_033000.WAV,Telephone Field,recover-20220825,002,1795
1065.0865,1065.0936,49531,55541,Pipistrellus pipistrellus,0.018,0.031,-1,Echolocation,/mnt/ubna_data_01_mir/recover-20220825/UBNA_002/20220823_033000.WAV,Telephone Field,recover-20220825,002,1795
1065.0875,1065.0927,30625,76428,Myotis brandtii,0.04,0.093,-1,Echolocation,/mnt/ubna_data_01_mir/recover-20220825/UBNA_002/20220823_033000.WAV,Telephone Field,recover-20220825,002,1795
1065.1315,1065.1407,27187,35008,Eptesicus serotinus,0.015,0.03,-1,Echolocation,/mnt/ubna_data_01_mir/recover-20220825/UBNA_002/20220823_033000.WAV,Telephone Field,recover-20220825,002,1795
1065.1435,1065.1522,46953,50724,Pipistrellus pipistrellus,0.025,0.033,-1,Echolocation,/mnt/ubna_data_01_mir/recover-20220825/UBNA_002/20220823_033000.WAV,Telephone Field,recover-20220825,002,1795
1065.1585,1065.1675,54687,63281,Pipistrellus pygmaeus,0.03,0.031,-1,Echolocation,/mnt/ubna_data_01_mir/recover-20220825/UBNA_002/20220823_033000.WAV,Telephone Field,recover-20220825,002,1795
1065.1605,1065.1651,30625,78049,Myotis bechsteinii,0.044,0.103,-1,Echolocation,/mnt/ubna_data_01_mir/recover-20220825/UBNA_002/20220823_033000.WAV,Telephone Field,recover-20220825,002,1795
1065.1605,1065.1659,40937,65033,Pipistrellus nathusii,0.487,0.531,-1,Echolocation,/mnt/ubna_data_01_mir/recover-20220825/UBNA_002/20220823_033000.WAV,Telephone Field,recover-20220825,002,1795
1065.1715,1065.1788,38359,46920,Pipistrellus nathusii,0.47,0.48,-1,Echolocation,/mnt/ubna_data_01_mir/recover-20220825/UBNA_002/20220823_033000.WAV,Telephone Field,recover-20220825,002,1795
1065.2355,1065.2464,15156,21789,Nyctalus noctula,0.011,0.03,-1,Echolocation,/mnt/ubna_data_01_mir/recover-20220825/UBNA_002/20220823_033000.WAV,Telephone Field,recover-20220825,002,1795
1065.2365,1065.2437,40078,64215,Pipistrellus nathusii,0.362,0.496,-1,Echolocation,/mnt/ubna_data_01_mir/recover-20220825/UBNA_002/20220823_033000.WAV,Telephone Field,recover-20220825,002,1795
1065.2375,1065.2426,30625,77260,Myotis bechsteinii,0.029,0.066,-1,Echolocation,/mnt/ubna_data_01_mir/recover-20220825/UBNA_002/20220823_033000.WAV,Telephone Field,recover-20220825,002,1795
1065.2615,1065.2686,38359,50698,Pipistrellus nathusii,0.559,0.584,-1,Echolocation,/mnt/ubna_data_01_mir/recover-20220825/UBNA_002/20220823_033000.WAV,Telephone Field,recover-20220825,002,1795
1065.2885,1065.2952,47812,54873,Pipistrellus pipistrellus,0.027,0.034,-1,Echolocation,/mnt/ubna_data_01_mir/recover-20220825/UBNA_002/20220823_033000.WAV,Telephone Field,recover-20220825,002,1795
1065.3185,1065.325,40937,62535,Pipistrellus nathusii,0.474,0.582,-1,Echolocation,/mnt/ubna_data_01_mir/recover-20220825/UBNA_002/20220823_033000.WAV,Telephone Field,recover-20220825,002,1795
1065.3585,1065.3661,52109,56512,Pipistrellus pygmaeus,0.046,0.06,-1,Echolocation,/mnt/ubna_data_01_mir/recover-20220825/UBNA_002/20220823_033000.WAV,Telephone Field,recover-20220825,002,1795
1065.3625,1065.3697,38359,57928,Pipistrellus nathusii,0.674,0.707,-1,Echolocation,/mnt/ubna_data_01_mir/recover-20220825/UBNA_002/20220823_033000.WAV,Telephone Field,recover-20220825,002,1795
1065.3725,1065.3791,30625,49958,Myotis daubentonii,0.011,0.03,-1,Echolocation,/mnt/ubna_data_01_mir/recover-20220825/UBNA_002/20220823_033000.WAV,Telephone Field,recover-20220825,002,1795
1065.3985,1065.4044,40937,66690,Pipistrellus nathusii,0.396,0.487,-1,Echolocation,/mnt/ubna_data_01_mir/recover-20220825/UBNA_002/20220823_033000.WAV,Telephone Field,recover-20220825,002,1795
1065.3985,1065.4037,30625,80235,Myotis bechsteinii,0.044,0.095,-1,Echolocation,/mnt/ubna_data_01_mir/recover-20220825/UBNA_002/20220823_033000.WAV,Telephone Field,recover-20220825,002,1795
1065.4435,1065.4515,37500,45247,Pipistrellus nathusii,0.012,0.03,-1,Echolocation,/mnt/ubna_data_01_mir/recover-20220825/UBNA_002/20220823_033000.WAV,Telephone Field,recover-20220825,002,1795
1065.4625,1065.4692,39218,51398,Pipistrellus nathusii,0.558,0.594,-1,Echolocation,/mnt/ubna_data_01_mir/recover-20220825/UBNA_002/20220823_033000.WAV,Telephone Field,recover-20220825,002,1795
1065.4755,1065.4807,30625,82925,Myotis bechsteinii,0.055,0.12,-1,Echolocation,/mnt/ubna_data_01_mir/recover-20220825/UBNA_002/20220823_033000.WAV,Telephone Field,recover-20220825,002,1795
1065.4765,1065.4828,40937,64317,Pipistrellus nathusii,0.292,0.318,-1,Echolocation,/mnt/ubna_data_01_mir/recover-20220825/UBNA_002/20220823_033000.WAV,Telephone Field,recover-20220825,002,1795
1065.4885,1065.4991,28906,33691,Eptesicus serotinus,0.011,0.031,-1,Echolocation,/mnt/ubna_data_01_mir/recover-20220825/UBNA_002/20220823_033000.WAV,Telephone Field,recover-20220825,002,1795
1065.4895,1065.5,23750,28660,Nyctalus leisleri,0.013,0.031,-1,Echolocation,/mnt/ubna_data_01_mir/recover-20220825/UBNA_002/20220823_033000.WAV,Telephone Field,recover-20220825,002,1795
1065.5025,1065.5102,39218,45568,Pipistrellus nathusii,0.029,0.042,-1,Echolocation,/mnt/ubna_data_01_mir/recover-20220825/UBNA_002/20220823_033000.WAV,Telephone Field,recover-20220825,002,1795
1065.5515,1065.5573,41796,64884,Pipistrellus nathusii,0.269,0.376,-1,Echolocation,/mnt/ubna_data_01_mir/recover-20220825/UBNA_002/20220823_033000.WAV,Telephone Field,recover-20220825,002,1795
1065.5525,1065.5577,29765,72752,Myotis brandtii,0.039,0.083,-1,Echolocation,/mnt/ubna_data_01_mir/recover-20220825/UBNA_002/20220823_033000.WAV,Telephone Field,recover-20220825,002,1795
1065.5615,1065.5694,37500,51927,Pipistrellus nathusii,0.339,0.36,-1,Echolocation,/mnt/ubna_data_01_mir/recover-20220825/UBNA_002/20220823_033000.WAV,Telephone Field,recover-20220825,002,1795
1065.5975,1065.6154,19453,23832,Nyctalus noctula,0.038,0.06,-1,Echolocation,/mnt/ubna_data_01_mir/recover-20220825/UBNA_002/20220823_033000.WAV,Telephone Field,recover-20220825,002,1795
1065.6105,1065.6167,40937,61742,Pipistrellus nathusii,0.265,0.422,-1,Echolocation,/mnt/ubna_data_01_mir/recover-20220825/UBNA_002/20220823_033000.WAV,Telephone Field,recover-20220825,002,1795
1065.6115,1065.6169,29765,84328,Myotis bechsteinii,0.048,0.086,-1,Echolocation,/mnt/ubna_data_01_mir/recover-20220825/UBNA_002/20220823_033000.WAV,Telephone Field,recover-20220825,002,1795
1065.6575,1065.6627,40078,57070,Pipistrellus nathusii,0.356,0.372,-1,Echolocation,/mnt/ubna_data_01_mir/recover-20220825/UBNA_002/20220823_033000.WAV,Telephone Field,recover-20220825,002,1795
1065.6655,1065.6735,40078,44072,Pipistrellus nathusii,0.098,0.105,-1,Echolocation,/mnt/ubna_data_01_mir/recover-20220825/UBNA_002/20220823_033000.WAV,Telephone Field,recover-20220825,002,1795
1065.6665,1065.6726,31484,47359,Myotis daubentonii,0.016,0.034,-1,Echolocation,/mnt/ubna_data_01_mir/recover-20220825/UBNA_002/20220823_033000.WAV,Telephone Field,recover-20220825,002,1795
1065.6775,1065.694,22031,25559,Nyctalus leisleri,0.033,0.072,-1,Echolocation,/mnt/ubna_data_01_mir/recover-20220825/UBNA_002/20220823_033000.WAV,Telephone Field,recover-20220825,002,1795
1065.7055,1065.7111,40937,63360,Pipistrellus nathusii,0.173,0.361,-1,Echolocation,/mnt/ubna_data_01_mir/recover-20220825/UBNA_002/20220823_033000.WAV,Telephone Field,recover-20220825,002,1795
1065.7365,1065.742,31484,67533,Myotis brandtii,0.02,0.039,-1,Echolocation,/mnt/ubna_data_01_mir/recover-20220825/UBNA_002/20220823_033000.WAV,Telephone Field,recover-20220825,002,1795
1065.7375,1065.7434,42656,58577,Pipistrellus nathusii,0.054,0.132,-1,Echolocation,/mnt/ubna_data_01_mir/recover-20220825/UBNA_002/20220823_033000.WAV,Telephone Field,recover-20220825,002,1795
1065.7515,1065.7564,30625,74382,Myotis brandtii,0.058,0.111,-1,Echolocation,/mnt/ubna_data_01_mir/recover-20220825/UBNA_002/20220823_033000.WAV,Telephone Field,recover-20220825,002,1795
1065.7525,1065.7586,41796,54259,Pipistrellus nathusii,0.098,0.121,-1,Echolocation,/mnt/ubna_data_01_mir/recover-20220825/UBNA_002/20220823_033000.WAV,Telephone Field,recover-20220825,002,1795
1065.7615,1065.769,40078,44649,Pipistrellus nathusii,0.056,0.063,-1,Echolocation,/mnt/ubna_data_01_mir/recover-20220825/UBNA_002/20220823_033000.WAV,Telephone Field,recover-20220825,002,1795
1065.7805,1065.7881,47812,51690,Pipistrellus pipistrellus,0.066,0.132,-1,Echolocation,/mnt/ubna_data_01_mir/recover-20220825/UBNA_002/20220823_033000.WAV,Telephone Field,recover-20220825,002,1795
1065.7875,1065.794,43515,52300,Pipistrellus nathusii,0.202,0.233,-1,Echolocation,/mnt/ubna_data_01_mir/recover-20220825/UBNA_002/20220823_033000.WAV,Telephone Field,recover-20220825,002,1795
1065.7905,1065.8019,23750,28890,Nyctalus leisleri,0.014,0.034,-1,Echolocation,/mnt/ubna_data_01_mir/recover-20220825/UBNA_002/20220823_033000.WAV,Telephone Field,recover-20220825,002,1795
1065.7965,1065.8018,31484,73325,Myotis brandtii,0.032,0.061,-1,Echolocation,/mnt/ubna_data_01_mir/recover-20220825/UBNA_002/20220823_033000.WAV,Telephone Field,recover-20220825,002,1795
1065.7975,1065.8043,43515,51518,Pipistrellus nathusii,0.053,0.074,-1,Echolocation,/mnt/ubna_data_01_mir/recover-20220825/UBNA_002/20220823_033000.WAV,Telephone Field,recover-20220825,002,1795
1065.8075,1065.8156,42656,47131,Pipistrellus nathusii,0.061,0.078,-1,Echolocation,/mnt/ubna_data_01_mir/recover-20220825/UBNA_002/20220823_033000.WAV,Telephone Field,recover-20220825,002,1795
1065.8125,1065.8187,25468,57339,Myotis nattereri,0.016,0.036,-1,Echolocation,/mnt/ubna_data_01_mir/recover-20220825/UBNA_002/20220823_033000.WAV,Telephone Field,recover-20220825,002,1795
1065.8125,1065.8178,31484,62085,Myotis brandtii,0.019,0.04,-1,Echolocation,/mnt/ubna_data_01_mir/recover-20220825/UBNA_002/20220823_033000.WAV,Telephone Field,recover-20220825,002,1795
1065.8155,1065.8224,42656,49007,Pipistrellus nathusii,0.036,0.057,-1,Echolocation,/mnt/ubna_data_01_mir/recover-20220825/UBNA_002/20220823_033000.WAV,Telephone Field,recover-20220825,002,1795
1065.8215,1065.8289,42656,49125,Pipistrellus nathusii,0.038,0.053,-1,Echolocation,/mnt/ubna_data_01_mir/recover-20220825/UBNA_002/20220823_033000.WAV,Telephone Field,recover-20220825,002,1795
1065.8325,1065.8405,41796,48868,Pipistrellus nathusii,0.039,0.055,-1,Echolocation,/mnt/ubna_data_01_mir/recover-20220825/UBNA_002/20220823_033000.WAV,Telephone Field,recover-20220825,002,1795
1065.8395,1065.8455,30625,47747,Barbastellus barbastellus,0.031,0.075,-1,Echolocation,/mnt/ubna_data_01_mir/recover-20220825/UBNA_002/20220823_033000.WAV,Telephone Field,recover-20220825,002,1795
1065.8585,1065.8651,41796,53974,Pipistrellus nathusii,0.45,0.463,-1,Echolocation,/mnt/ubna_data_01_mir/recover-20220825/UBNA_002/20220823_033000.WAV,Telephone Field,recover-20220825,002,1795
1065.8585,1065.8648,48671,53538,Pipistrellus pipistrellus,0.02,0.034,-1,Echolocation,/mnt/ubna_data_01_mir/recover-20220825/UBNA_002/20220823_033000.WAV,Telephone Field,recover-20220825,002,1795
1065.8795,1065.8857,23750,38961,Plecotus auritus,0.015,0.041,-1,Echolocation,/mnt/ubna_data_01_mir/recover-20220825/UBNA_002/20220823_033000.WAV,Telephone Field,recover-20220825,002,1795
1065.9195,1065.9506,68437,80759,Rhinolophus ferrumequinum,0.029,0.029,-1,Echolocation,/mnt/ubna_data_01_mir/recover-20220825/UBNA_002/20220823_033000.WAV,Telephone Field,recover-20220825,002,1795
1065.9375,1065.9454,52109,56384,Pipistrellus pygmaeus,0.045,0.053,-1,Echolocation,/mnt/ubna_data_01_mir/recover-20220825/UBNA_002/20220823_033000.WAV,Telephone Field,recover-20220825,002,1795
1065.9405,1065.9478,38359,58491,Pipistrellus nathusii,0.522,0.605,-1,Echolocation,/mnt/ubna_data_01_mir/recover-20220825/UBNA_002/20220823_033000.WAV,Telephone Field,recover-20220825,002,1795
1066.0015,1066.0294,68437,80052,Rhinolophus ferrumequinum,0.026,0.027,-1,Echolocation,/mnt/ubna_data_01_mir/recover-20220825/UBNA_002/20220823_033000.WAV,Telephone Field,recover-20220825,002,1795
1066.0015,1066.0138,55546,65847,Pipistrellus pygmaeus,0.028,0.031,-1,Echolocation,/mnt/ubna_data_01_mir/recover-20220825/UBNA_002/20220823_033000.WAV,Telephone Field,recover-20220825,002,1795
1066.0075,1066.0152,53828,60284,Pipistrellus pygmaeus,0.023,0.026,-1,Echolocation,/mnt/ubna_data_01_mir/recover-20220825/UBNA_002/20220823_033000.WAV,Telephone Field,recover-20220825,002,1795
1066.0075,1066.0132,34062,72678,Myotis brandtii,0.051,0.095,-1,Echolocation,/mnt/ubna_data_01_mir/recover-20220825/UBNA_002/20220823_033000.WAV,Telephone Field,recover-20220825,002,1795
1066.0075,1066.0137,42656,67599,Pipistrellus nathusii,0.253,0.547,-1,Echolocation,/mnt/ubna_data_01_mir/recover-20220825/UBNA_002/20220823_033000.WAV,Telephone Field,recover-20220825,002,1795
1066.0195,1066.0295,28046,34274,Eptesicus serotinus,0.018,0.039,-1,Echolocation,/mnt/ubna_data_01_mir/recover-20220825/UBNA_002/20220823_033000.WAV,Telephone Field,recover-20220825,002,1795
1066.0425,1066.05,39218,47926,Pipistrellus nathusii,0.424,0.483,-1,Echolocation,/mnt/ubna_data_01_mir/recover-20220825/UBNA_002/20220823_033000.WAV,Telephone Field,recover-20220825,002,1795
1066.0655,1066.071,34062,43490,Myotis daubentonii,0.011,0.03,-1,Echolocation,/mnt/ubna_data_01_mir/recover-20220825/UBNA_002/20220823_033000.WAV,Telephone Field,recover-20220825,002,1795
1066.0795,1066.0851,40937,64818,Pipistrellus nathusii,0.414,0.476,-1,Echolocation,/mnt/ubna_data_01_mir/recover-20220825/UBNA_002/20220823_033000.WAV,Telephone Field,recover-20220825,002,1795
1066.0805,1066.0852,28046,76804,Myotis daubentonii,0.031,0.084,-1,Echolocation,/mnt/ubna_data_01_mir/recover-20220825/UBNA_002/20220823_033000.WAV,Telephone Field,recover-20220825,002,1795
1066.1145,1066.1227,56406,62845,Pipistrellus pygmaeus,0.037,0.038,-1,Echolocation,/mnt/ubna_data_01_mir/recover-20220825/UBNA_002/20220823_033000.WAV,Telephone Field,recover-20220825,002,1795
1066.1375,1066.1444,40078,55008,Pipistrellus nathusii,0.521,0.634,-1,Echolocation,/mnt/ubna_data_01_mir/recover-20220825/UBNA_002/20220823_033000.WAV,Telephone Field,recover-20220825,002,1795
1066.1485,1066.1571,27187,35014,Eptesicus serotinus,0.008,0.027,-1,Echolocation,/mnt/ubna_data_01_mir/recover-20220825/UBNA_002/20220823_033000.WAV,Telephone Field,recover-20220825,002,1795
1066.1635,1066.1695,41796,65641,Pipistrellus nathusii,0.441,0.535,-1,Echolocation,/mnt/ubna_data_01_mir/recover-20220825/UBNA_002/20220823_033000.WAV,Telephone Field,recover-20220825,002,1795
1066.1645,1066.1713,53828,59171,Pipistrellus pygmaeus,0.033,0.042,-1,Echolocation,/mnt/ubna_data_01_mir/recover-20220825/UBNA_002/20220823_033000.WAV,Telephone Field,recover-20220825,002,1795
1066.2065,1066.2149,28046,36155,Eptesicus serotinus,0.016,0.034,-1,Echolocation,/mnt/ubna_data_01_mir/recover-20220825/UBNA_002/20220823_033000.WAV,Telephone Field,recover-20220825,002,1795
1066.2405,1066.2474,39218,52636,Pipistrellus nathusii,0.427,0.552,-1,Echolocation,/mnt/ubna_data_01_mir/recover-20220825/UBNA_002/20220823_033000.WAV,Telephone Field,recover-20220825,002,1795
1066.2455,1066.2544,52968,60278,Pipistrellus pygmaeus,0.086,0.101,-1,Echolocation,/mnt/ubna_data_01_mir/recover-20220825/UBNA_002/20220823_033000.WAV,Telephone Field,recover-20220825,002,1795
1066.2495,1066.2569,40078,63370,Pipistrellus nathusii,0.256,0.382,-1,Echolocation,/mnt/ubna_data_01_mir/recover-20220825/UBNA_002/20220823_033000.WAV,Telephone Field,recover-20220825,002,1795
1066.2985,1066.3054,48671,54799,Pipistrellus pipistrellus,0.024,0.03,-1,Echolocation,/mnt/ubna_data_01_mir/recover-20220825/UBNA_002/20220823_033000.WAV,Telephone Field,recover-20220825,002,1795
1066.3205,1066.3276,37500,47414,Pipistrellus nathusii,0.008,0.028,-1,Echolocation,/mnt/ubna_data_01_mir/recover-20220825/UBNA_002/20220823_033000.WAV,Telephone Field,recover-20220825,002,1795
1066.3355,1066.3411,32343,70068,Myotis brandtii,0.03,0.063,-1,Echolocation,/mnt/ubna_data_01_mir/recover-20220825/UBNA_002/20220823_033000.WAV,Telephone Field,recover-20220825,002,1795
1066.3355,1066.3419,40937,69616,Pipistrellus nathusii,0.492,0.579,-1,Echolocation,/mnt/ubna_data_01_mir/recover-20220825/UBNA_002/20220823_033000.WAV,Telephone Field,recover-20220825,002,1795
1066.3375,1066.3436,52109,60940,Pipistrellus pipistrellus,0.02,0.042,-1,Echolocation,/mnt/ubna_data_01_mir/recover-20220825/UBNA_002/20220823_033000.WAV,Telephone Field,recover-20220825,002,1795
1066.3775,1066.3848,58125,65785,Pipistrellus pygmaeus,0.045,0.045,-1,Echolocation,/mnt/ubna_data_01_mir/recover-20220825/UBNA_002/20220823_033000.WAV,Telephone Field,recover-20220825,002,1795
1066.4205,1066.4269,40078,65953,Pipistrellus nathusii,0.361,0.506,-1,Echolocation,/mnt/ubna_data_01_mir/recover-20220825/UBNA_002/20220823_033000.WAV,Telephone Field,recover-20220825,002,1795
1066.4215,1066.4271,33203,68348,Myotis brandtii,0.059,0.125,-1,Echolocation,/mnt/ubna_data_01_mir/recover-20220825/UBNA_002/20220823_033000.WAV,Telephone Field,recover-20220825,002,1795
1066.4215,1066.4293,58984,66711,Pipistrellus pygmaeus,0.05,0.051,-1,Echolocation,/mnt/ubna_data_01_mir/recover-20220825/UBNA_002/20220823_033000.WAV,Telephone Field,recover-20220825,002,1795
1066.4225,1066.4281,53828,61504,Pipistrellus pygmaeus,0.066,0.081,-1,Echolocation,/mnt/ubna_data_01_mir/recover-20220825/UBNA_002/20220823_033000.WAV,Telephone Field,recover-20220825,002,1795
1066.4385,1066.4467,39218,46941,Pipistrellus nathusii,0.027,0.04,-1,Echolocation,/mnt/ubna_data_01_mir/recover-20220825/UBNA_002/20220823_033000.WAV,Telephone Field,recover-20220825,002,1795
1066.4585,1066.4745,25468,31810,Eptesicus serotinus,0.036,0.067,-1,Echolocation,/mnt/ubna_data_01_mir/recover-20220825/UBNA_002/20220823_033000.WAV,Telephone Field,recover-20220825,002,1795
1066.5085,1066.5148,40937,62838,Pipistrellus nathusii,0.509,0.571,-1,Echolocation,/mnt/ubna_data_01_mir/recover-20220825/UBNA_002/20220823_033000.WAV,Telephone Field,recover-20220825,002,1795
1066.5095,1066.515,33203,64126,Barbastellus barbastellus,0.033,0.105,-1,Echolocation,/mnt/ubna_data_01_mir/recover-20220825/UBNA_002/20220823_033000.WAV,Telephone Field,recover-20220825,002,1795
1066.5325,1066.5405,38359,44531,Pipistrellus nathusii,0.381,0.401,-1,Echolocation,/mnt/ubna_data_01_mir/recover-20220825/UBNA_002/20220823_033000.WAV,Telephone Field,recover-20220825,002,1795
1066.5655,1066.574,49531,55931,Pipistrellus pipistrellus,0.025,0.031,-1,Echolocation,/mnt/ubna_data_01_mir/recover-20220825/UBNA_002/20220823_033000.WAV,Telephone Field,recover-20220825,002,1795
1066.5875,1066.5947,28046,34285,Eptesicus serotinus,0.009,0.028,-1,Echolocation,/mnt/ubna_data_01_mir/recover-20220825/UBNA_002/20220823_033000.WAV,Telephone Field,recover-20220825,002,1795
1066.5975,1066.6039,51250,63325,Pipistrellus pipistrellus,0.023,0.05,-1,Echolocation,/mnt/ubna_data_01_mir/recover-20220825/UBNA_002/20220823_033000.WAV,Telephone Field,recover-20220825,002,1795
1066.5995,1066.6063,40937,72190,Pipistrellus nathusii,0.236,0.343,-1,Echolocation,/mnt/ubna_data_01_mir/recover-20220825/UBNA_002/20220823_033000.WAV,Telephone Field,recover-20220825,002,1795
1066.5995,1066.6055,29765,78232,Myotis brandtii,0.058,0.119,-1,Echolocation,/mnt/ubna_data_01_mir/recover-20220825/UBNA_002/20220823_033000.WAV,Telephone Field,recover-20220825,002,1795
1066.6045,1066.6111,48671,59827,Pipistrellus pygmaeus,0.012,0.031,-1,Echolocation,/mnt/ubna_data_01_mir/recover-20220825/UBNA_002/20220823_033000.WAV,Telephone Field,recover-20220825,002,1795
1066.6135,1066.6247,27187,31861,Nyctalus leisleri,0.014,0.034,-1,Echolocation,/mnt/ubna_data_01_mir/recover-20220825/UBNA_002/20220823_033000.WAV,Telephone Field,recover-20220825,002,1795
1066.6225,1066.6313,39218,44494,Pipistrellus nathusii,0.254,0.268,-1,Echolocation,/mnt/ubna_data_01_mir/recover-20220825/UBNA_002/20220823_033000.WAV,Telephone Field,recover-20220825,002,1795
1066.6775,1066.6829,32343,46313,Barbastellus barbastellus,0.009,0.027,-1,Echolocation,/mnt/ubna_data_01_mir/recover-20220825/UBNA_002/20220823_033000.WAV,Telephone Field,recover-20220825,002,1795
1066.6885,1066.6962,52109,65731,Pipistrellus pygmaeus,0.053,0.074,-1,Echolocation,/mnt/ubna_data_01_mir/recover-20220825/UBNA_002/20220823_033000.WAV,Telephone Field,recover-20220825,002,1795
1066.6895,1066.6973,38359,72786,Pipistrellus nathusii,0.49,0.552,-1,Echolocation,/mnt/ubna_data_01_mir/recover-20220825/UBNA_002/20220823_033000.WAV,Telephone Field,recover-20220825,002,1795
1066.6905,1066.6954,28046,71012,Myotis daubentonii,0.02,0.058,-1,Echolocation,/mnt/ubna_data_01_mir/recover-20220825/UBNA_002/20220823_033000.WAV,Telephone Field,recover-20220825,002,1795
1066.6985,1066.7064,40078,48612,Pipistrellus nathusii,0.02,0.039,-1,Echolocation,/mnt/ubna_data_01_mir/recover-20220825/UBNA_002/20220823_033000.WAV,Telephone Field,recover-20220825,002,1795
1066.6995,1066.7065,27187,36014,Eptesicus serotinus,0.008,0.027,-1,Echolocation,/mnt/ubna_data_01_mir/recover-20220825/UBNA_002/20220823_033000.WAV,Telephone Field,recover-20220825,002,1795
1066.7145,1066.7228,38359,49486,Pipistrellus nathusii,0.473,0.493,-1,Echolocation,/mnt/ubna_data_01_mir/recover-20220825/UBNA_002/20220823_033000.WAV,Telephone Field,recover-20220825,002,1795
1066.7445,1066.7507,49531,57220,Pipistrellus pipistrellus,0.028,0.034,-1,Echolocation,/mnt/ubna_data_01_mir/recover-20220825/UBNA_002/20220823_033000.WAV,Telephone Field,recover-20220825,002,1795
1066.7705,1066.7774,28046,35082,Eptesicus serotinus,0.009,0.029,-1,Echolocation,/mnt/ubna_data_01_mir/recover-20220825/UBNA_002/20220823_033000.WAV,Telephone Field,recover-20220825,002,1795
1066.7735,1066.7814,54687,59536,Pipistrellus pygmaeus,0.056,0.059,-1,Echolocation,/mnt/ubna_data_01_mir/recover-20220825/UBNA_002/20220823_033000.WAV,Telephone Field,recover-20220825,002,1795
1066.7795,1066.7856,50390,59612,Pipistrellus pipistrellus,0.021,0.041,-1,Echolocation,/mnt/ubna_data_01_mir/recover-20220825/UBNA_002/20220823_033000.WAV,Telephone Field,recover-20220825,002,1795
1066.7825,1066.7896,36640,66984,Pipistrellus nathusii,0.325,0.447,-1,Echolocation,/mnt/ubna_data_01_mir/recover-20220825/UBNA_002/20220823_033000.WAV,Telephone Field,recover-20220825,002,1795
1066.7915,1066.7993,40078,51801,Pipistrellus nathusii,0.014,0.031,-1,Echolocation,/mnt/ubna_data_01_mir/recover-20220825/UBNA_002/20220823_033000.WAV,Telephone Field,recover-20220825,002,1795
1066.7935,1066.799,31484,43852,Myotis daubentonii,0.016,0.031,-1,Echolocation,/mnt/ubna_data_01_mir/recover-20220825/UBNA_002/20220823_033000.WAV,Telephone Field,recover-20220825,002,1795
1066.8165,1066.8232,29765,55044,Myotis daubentonii,0.018,0.035,-1,Echolocation,/mnt/ubna_data_01_mir/recover-20220825/UBNA_002/20220823_033000.WAV,Telephone Field,recover-20220825,002,1795
1066.8175,1066.8243,39218,46277,Pipistrellus nathusii,0.273,0.296,-1,Echolocation,/mnt/ubna_data_01_mir/recover-20220825/UBNA_002/20220823_033000.WAV,Telephone Field,recover-20220825,002,1795
1066.8245,1066.8355999999999,28046,35669,Eptesicus serotinus,0.013,0.029,-1,Echolocation,/mnt/ubna_data_01_mir/recover-20220825/UBNA_002/20220823_033000.WAV,Telephone Field,recover-20220825,002,1795
1066.8295,1066.8374,55546,64899,Pipistrellus pygmaeus,0.031,0.032,-1,Echolocation,/mnt/ubna_data_01_mir/recover-20220825/UBNA_002/20220823_033000.WAV,Telephone Field,recover-20220825,002,1795
1066.8735,1066.8805,38359,74165,Pipistrellus nathusii,0.328,0.384,-1,Echolocation,/mnt/ubna_data_01_mir/recover-20220825/UBNA_002/20220823_033000.WAV,Telephone Field,recover-20220825,002,1795
1066.8745,1066.8832,54687,64644,Pipistrellus pygmaeus,0.046,0.061,-1,Echolocation,/mnt/ubna_data_01_mir/recover-20220825/UBNA_002/20220823_033000.WAV,Telephone Field,recover-20220825,002,1795
1066.8745,1066.8793,27187,79168,Myotis bechsteinii,0.038,0.081,-1,Echolocation,/mnt/ubna_data_01_mir/recover-20220825/UBNA_002/20220823_033000.WAV,Telephone Field,recover-20220825,002,1795
1066.8815,1066.8878,40078,50033,Pipistrellus nathusii,0.017,0.041,-1,Echolocation,/mnt/ubna_data_01_mir/recover-20220825/UBNA_002/20220823_033000.WAV,Telephone Field,recover-20220825,002,1795
1066.9175,1066.9242,39218,48407,Pipistrellus nathusii,0.388,0.456,-1,Echolocation,/mnt/ubna_data_01_mir/recover-20220825/UBNA_002/20220823_033000.WAV,Telephone Field,recover-20220825,002,1795
1066.9415,1066.9479,57265,65859,Pipistrellus pygmaeus,0.029,0.029,-1,Echolocation,/mnt/ubna_data_01_mir/recover-20220825/UBNA_002/20220823_033000.WAV,Telephone Field,recover-20220825,002,1795
1066.9605,1066.9691,56406,62555,Pipistrellus pygmaeus,0.032,0.034,-1,Echolocation,/mnt/ubna_data_01_mir/recover-20220825/UBNA_002/20220823_033000.WAV,Telephone Field,recover-20220825,002,1795
1066.9615,1066.9684,50390,58127,Pipistrellus pipistrellus,0.018,0.034,-1,Echolocation,/mnt/ubna_data_01_mir/recover-20220825/UBNA_002/20220823_033000.WAV,Telephone Field,recover-20220825,002,1795
1066.9635,1066.97,40937,61994,Pipistrellus nathusii,0.351,0.402,-1,Echolocation,/mnt/ubna_data_01_mir/recover-20220825/UBNA_002/20220823_033000.WAV,Telephone Field,recover-20220825,002,1795
1066.9645,1066.9693,27187,76386,Myotis bechsteinii,0.032,0.087,-1,Echolocation,/mnt/ubna_data_01_mir/recover-20220825/UBNA_002/20220823_033000.WAV,Telephone Field,recover-20220825,002,1795
1066.9995,1067.007,57265,66206,Pipistrellus pygmaeus,0.026,0.027,-1,Echolocation,/mnt/ubna_data_01_mir/recover-20220825/UBNA_002/20220823_033000.WAV,Telephone Field,recover-20220825,002,1795
1067.0245,1067.0303,48671,57083,Pipistrellus pipistrellus,0.029,0.035,-1,Echolocation,/mnt/ubna_data_01_mir/recover-20220825/UBNA_002/20220823_033000.WAV,Telephone Field,recover-20220825,002,1795
1067.0545,1067.0608,40078,51165,Pipistrellus nathusii,0.363,0.49,-1,Echolocation,/mnt/ubna_data_01_mir/recover-20220825/UBNA_002/20220823_033000.WAV,Telephone Field,recover-20220825,002,1795
1067.0715,1067.0796,50390,59196,Pipistrellus pygmaeus,0.027,0.037,-1,Echolocation,/mnt/ubna_data_01_mir/recover-20220825/UBNA_002/20220823_033000.WAV,Telephone Field,recover-20220825,002,1795
1067.0995,1067.1068,57265,63444,Pipistrellus pygmaeus,0.042,0.042,-1,Echolocation,/mnt/ubna_data_01_mir/recover-20220825/UBNA_002/20220823_033000.WAV,Telephone Field,recover-20220825,002,1795
1067.1345,1067.1482,55546,62336,Pipistrellus pygmaeus,0.032,0.033,-1,Echolocation,/mnt/ubna_data_01_mir/recover-20220825/UBNA_002/20220823_033000.WAV,Telephone Field,recover-20220825,002,1795
1067.1355,1067.1433,50390,58536,Pipistrellus pipistrellus,0.019,0.035,-1,Echolocation,/mnt/ubna_data_01_mir/recover-20220825/UBNA_002/20220823_033000.WAV,Telephone Field,recover-20220825,002,1795
1067.1405,1067.1474,40078,66086,Pipistrellus nathusii,0.368,0.48,-1,Echolocation,/mnt/ubna_data_01_mir/recover-20220825/UBNA_002/20220823_033000.WAV,Telephone Field,recover-20220825,002,1795
1067.1495,1067.157,40078,49600,Pipistrellus nathusii,0.02,0.039,-1,Echolocation,/mnt/ubna_data_01_mir/recover-20220825/UBNA_002/20220823_033000.WAV,Telephone Field,recover-20220825,002,1795
1067.1985,1067.2053,24609,34262,Plecotus auritus,0.014,0.033,-1,Echolocation,/mnt/ubna_data_01_mir/recover-20220825/UBNA_002/20220823_033000.WAV,Telephone Field,recover-20220825,002,1795
1067.2105,1067.2188,47812,52524,Pipistrellus pipistrellus,0.026,0.042,-1,Echolocation,/mnt/ubna_data_01_mir/recover-20220825/UBNA_002/20220823_033000.WAV,Telephone Field,recover-20220825,002,1795
1067.2125,1067.2207,40937,47146,Pipistrellus nathusii,0.021,0.034,-1,Echolocation,/mnt/ubna_data_01_mir/recover-20220825/UBNA_002/20220823_033000.WAV,Telephone Field,recover-20220825,002,1795
1067.2405,1067.2456,40937,51125,Pipistrellus nathusii,0.234,0.28,-1,Echolocation,/mnt/ubna_data_01_mir/recover-20220825/UBNA_002/20220823_033000.WAV,Telephone Field,recover-20220825,002,1795
1067.2515,1067.2587,54687,61184,Pipistrellus pygmaeus,0.028,0.03,-1,Echolocation,/mnt/ubna_data_01_mir/recover-20220825/UBNA_002/20220823_033000.WAV,Telephone Field,recover-20220825,002,1795
1067.2525,1067.2588,40937,64015,Pipistrellus nathusii,0.408,0.492,-1,Echolocation,/mnt/ubna_data_01_mir/recover-20220825/UBNA_002/20220823_033000.WAV,Telephone Field,recover-20220825,002,1795
1067.2995,1067.3087,28046,35464,Eptesicus serotinus,0.013,0.028,-1,Echolocation,/mnt/ubna_data_01_mir/recover-20220825/UBNA_002/20220823_033000.WAV,Telephone Field,recover-20220825,002,1795
1067.3315,1067.3385,53828,62229,Pipistrellus pygmaeus,0.047,0.059,-1,Echolocation,/mnt/ubna_data_01_mir/recover-20220825/UBNA_002/20220823_033000.WAV,Telephone Field,recover-20220825,002,1795
1067.3335,1067.3395,32343,71977,Myotis brandtii,0.038,0.084,-1,Echolocation,/mnt/ubna_data_01_mir/recover-20220825/UBNA_002/20220823_033000.WAV,Telephone Field,recover-20220825,002,1795
1067.3345,1067.3407,39218,66502,Pipistrellus nathusii,0.512,0.605,-1,Echolocation,/mnt/ubna_data_01_mir/recover-20220825/UBNA_002/20220823_033000.WAV,Telephone Field,recover-20220825,002,1795
1067.3455,1067.3534,27187,37693,Eptesicus serotinus,0.012,0.037,-1,Echolocation,/mnt/ubna_data_01_mir/recover-20220825/UBNA_002/20220823_033000.WAV,Telephone Field,recover-20220825,002,1795
1067.3465,1067.352,34921,61759,Myotis brandtii,0.019,0.034,-1,Echolocation,/mnt/ubna_data_01_mir/recover-20220825/UBNA_002/20220823_033000.WAV,Telephone Field,recover-20220825,002,1795
1067.3825,1067.3893,49531,57392,Pipistrellus pipistrellus,0.021,0.027,-1,Echolocation,/mnt/ubna_data_01_mir/recover-20220825/UBNA_002/20220823_033000.WAV,Telephone Field,recover-20220825,002,1795
1067.4215,1067.4277,38359,56945,Pipistrellus nathusii,0.296,0.479,-1,Echolocation,/mnt/ubna_data_01_mir/recover-20220825/UBNA_002/20220823_033000.WAV,Telephone Field,recover-20220825,002,1795
1067.4675,1067.4752,28046,34509,Eptesicus serotinus,0.01,0.027,-1,Echolocation,/mnt/ubna_data_01_mir/recover-20220825/UBNA_002/20220823_033000.WAV,Telephone Field,recover-20220825,002,1795
1067.4685,1067.4777,33203,38444,Barbastellus barbastellus,0.011,0.032,-1,Echolocation,/mnt/ubna_data_01_mir/recover-20220825/UBNA_002/20220823_033000.WAV,Telephone Field,recover-20220825,002,1795
1067.4815,1067.4888,39218,58253,Pipistrellus nathusii,0.285,0.506,-1,Echolocation,/mnt/ubna_data_01_mir/recover-20220825/UBNA_002/20220823_033000.WAV,Telephone Field,recover-20220825,002,1795
1067.4835,1067.4884,48671,53070,Pipistrellus pipistrellus,0.018,0.034,-1,Echolocation,/mnt/ubna_data_01_mir/recover-20220825/UBNA_002/20220823_033000.WAV,Telephone Field,recover-20220825,002,1795
1067.5155,1067.5217,38359,62246,Pipistrellus nathusii,0.298,0.48,-1,Echolocation,/mnt/ubna_data_01_mir/recover-20220825/UBNA_002/20220823_033000.WAV,Telephone Field,recover-20220825,002,1795
1067.5285,1067.5395,28906,35319,Eptesicus serotinus,0.013,0.035,-1,Echolocation,/mnt/ubna_data_01_mir/recover-20220825/UBNA_002/20220823_033000.WAV,Telephone Field,recover-20220825,002,1795
1067.5645,1067.5746,39218,42842,Pipistrellus nathusii,0.021,0.034,-1,Echolocation,/mnt/ubna_data_01_mir/recover-20220825/UBNA_002/20220823_033000.WAV,Telephone Field,recover-20220825,002,1795
1067.6085,1067.6141,39218,57546,Pipistrellus nathusii,0.336,0.5,-1,Echolocation,/mnt/ubna_data_01_mir/recover-20220825/UBNA_002/20220823_033000.WAV,Telephone Field,recover-20220825,002,1795
1067.6175,1067.6256,27187,35602,Eptesicus serotinus,0.011,0.034,-1,Echolocation,/mnt/ubna_data_01_mir/recover-20220825/UBNA_002/20220823_033000.WAV,Telephone Field,recover-20220825,002,1795
1067.6225,1067.6332,23750,29368,Nyctalus leisleri,0.012,0.032,-1,Echolocation,/mnt/ubna_data_01_mir/recover-20220825/UBNA_002/20220823_033000.WAV,Telephone Field,recover-20220825,002,1795
1067.6285,1067.636,43515,51705,Pipistrellus pipistrellus,0.02,0.028,-1,Echolocation,/mnt/ubna_data_01_mir/recover-20220825/UBNA_002/20220823_033000.WAV,Telephone Field,recover-20220825,002,1795
1067.6445,1067.6517,49531,57002,Pipistrellus pipistrellus,0.028,0.035,-1,Echolocation,/mnt/ubna_data_01_mir/recover-20220825/UBNA_002/20220823_033000.WAV,Telephone Field,recover-20220825,002,1795
1067.6605,1067.668,54687,60155,Pipistrellus pygmaeus,0.033,0.034,-1,Echolocation,/mnt/ubna_data_01_mir/recover-20220825/UBNA_002/20220823_033000.WAV,Telephone Field,recover-20220825,002,1795
1067.6775,1067.684,38359,48594,Pipistrellus nathusii,0.392,0.492,-1,Echolocation,/mnt/ubna_data_01_mir/recover-20220825/UBNA_002/20220823_033000.WAV,Telephone Field,recover-20220825,002,1795
1067.6945,1067.7024,52968,58002,Pipistrellus pygmaeus,0.059,0.071,-1,Echolocation,/mnt/ubna_data_01_mir/recover-20220825/UBNA_002/20220823_033000.WAV,Telephone Field,recover-20220825,002,1795
1067.6995,1067.7054,39218,64083,Pipistrellus nathusii,0.411,0.472,-1,Echolocation,/mnt/ubna_data_01_mir/recover-20220825/UBNA_002/20220823_033000.WAV,Telephone Field,recover-20220825,002,1795
1067.7425,1067.7487,40078,55783,Pipistrellus nathusii,0.252,0.405,-1,Echolocation,/mnt/ubna_data_01_mir/recover-20220825/UBNA_002/20220823_033000.WAV,Telephone Field,recover-20220825,002,1795
1067.7435,1067.7489,30625,69901,Myotis daubentonii,0.028,0.057,-1,Echolocation,/mnt/ubna_data_01_mir/recover-20220825/UBNA_002/20220823_033000.WAV,Telephone Field,recover-20220825,002,1795
1067.7705,1067.7778,49531,56051,Pipistrellus pipistrellus,0.027,0.037,-1,Echolocation,/mnt/ubna_data_01_mir/recover-20220825/UBNA_002/20220823_033000.WAV,Telephone Field,recover-20220825,002,1795
1067.7895,1067.7962,40078,53821,Pipistrellus nathusii,0.302,0.417,-1,Echolocation,/mnt/ubna_data_01_mir/recover-20220825/UBNA_002/20220823_033000.WAV,Telephone Field,recover-20220825,002,1795
1067.8005,1067.8082,50390,55794,Pipistrellus pygmaeus,0.024,0.036,-1,Echolocation,/mnt/ubna_data_01_mir/recover-20220825/UBNA_002/20220823_033000.WAV,Telephone Field,recover-20220825,002,1795
1067.8015,1067.8082,40078,53208,Pipistrellus nathusii,0.056,0.096,-1,Echolocation,/mnt/ubna_data_01_mir/recover-20220825/UBNA_002/20220823_033000.WAV,Telephone Field,recover-20220825,002,1795
1067.8325,1067.8387,33203,44901,Barbastellus barbastellus,0.011,0.03,-1,Echolocation,/mnt/ubna_data_01_mir/recover-20220825/UBNA_002/20220823_033000.WAV,Telephone Field,recover-20220825,002,1795
1067.8355,1067.8444,57265,63656,Pipistrellus pygmaeus,0.028,0.028,-1,Echolocation,/mnt/ubna_data_01_mir/recover-20220825/UBNA_002/20220823_033000.WAV,Telephone Field,recover-20220825,002,1795
1067.8445,1067.8523,56406,62224,Pipistrellus pygmaeus,0.043,0.043,-1,Echolocation,/mnt/ubna_data_01_mir/recover-20220825/UBNA_002/20220823_033000.WAV,Telephone Field,recover-20220825,002,1795
1067.8645,1067.8737,40937,48026,Pipistrellus nathusii,0.025,0.039,-1,Echolocation,/mnt/ubna_data_01_mir/recover-20220825/UBNA_002/20220823_033000.WAV,Telephone Field,recover-20220825,002,1795
1067.8655,1067.8717,33203,41949,Barbastellus barbastellus,0.016,0.036,-1,Echolocation,/mnt/ubna_data_01_mir/recover-20220825/UBNA_002/20220823_033000.WAV,Telephone Field,recover-20220825,002,1795
1067.8725,1067.881,57265,64636,Pipistrellus pygmaeus,0.036,0.036,-1,Echolocation,/mnt/ubna_data_01_mir/recover-20220825/UBNA_002/20220823_033000.WAV,Telephone Field,recover-20220825,002,1795
1067.8775,1067.8854,52109,56880,Pipistrellus pygmaeus,0.039,0.048,-1,Echolocation,/mnt/ubna_data_01_mir/recover-20220825/UBNA_002/20220823_033000.WAV,Telephone Field,recover-20220825,002,1795
1067.8795,1067.8867,39218,57671,Pipistrellus nathusii,0.266,0.484,-1,Echolocation,/mnt/ubna_data_01_mir/recover-20220825/UBNA_002/20220823_033000.WAV,Telephone Field,recover-20220825,002,1795
1067.8825,1067.8875,28906,76486,Myotis daubentonii,0.03,0.077,-1,Echolocation,/mnt/ubna_data_01_mir/recover-20220825/UBNA_002/20220823_033000.WAV,Telephone Field,recover-20220825,002,1795
1067.9015,1067.9093,38359,44003,Pipistrellus nathusii,0.012,0.027,-1,Echolocation,/mnt/ubna_data_01_mir/recover-20220825/UBNA_002/20220823_033000.WAV,Telephone Field,recover-20220825,002,1795
1067.9125,1067.9186,57265,64903,Pipistrellus pygmaeus,0.027,0.027,-1,Echolocation,/mnt/ubna_data_01_mir/recover-20220825/UBNA_002/20220823_033000.WAV,Telephone Field,recover-20220825,002,1795
1067.9425,1067.9489,54687,64319,Pipistrellus pygmaeus,0.026,0.027,-1,Echolocation,/mnt/ubna_data_01_mir/recover-20220825/UBNA_002/20220823_033000.WAV,Telephone Field,recover-20220825,002,1795
1067.9515,1067.9586,48671,56638,Pipistrellus pipistrellus,0.02,0.028,-1,Echolocation,/mnt/ubna_data_01_mir/recover-20220825/UBNA_002/20220823_033000.WAV,Telephone Field,recover-20220825,002,1795
1067.9585,1067.9657,56406,62614,Pipistrellus pygmaeus,0.028,0.028,-1,Echolocation,/mnt/ubna_data_01_mir/recover-20220825/UBNA_002/20220823_033000.WAV,Telephone Field,recover-20220825,002,1795
1067.9665,1067.9736,40078,49975,Pipistrellus nathusii,0.385,0.502,-1,Echolocation,/mnt/ubna_data_01_mir/recover-20220825/UBNA_002/20220823_033000.WAV,Telephone Field,recover-20220825,002,1795
1068.0015,1068.0109,24609,34908,Nyctalus leisleri,0.011,0.038,-1,Echolocation,/mnt/ubna_data_01_mir/recover-20220825/UBNA_002/20220823_033000.WAV,Telephone Field,recover-20220825,002,1795
1068.0015,1068.0295,68437,79573,Rhinolophus ferrumequinum,0.036,0.036,-1,Echolocation,/mnt/ubna_data_01_mir/recover-20220825/UBNA_002/20220823_033000.WAV,Telephone Field,recover-20220825,002,1795
1068.0015,1068.0091,38359,47225,Pipistrellus nathusii,0.013,0.036,-1,Echolocation,/mnt/ubna_data_01_mir/recover-20220825/UBNA_002/20220823_033000.WAV,Telephone Field,recover-20220825,002,1795
1068.0075,1068.0161,26328,34185,Eptesicus serotinus,0.01,0.032,-1,Echolocation,/mnt/ubna_data_01_mir/recover-20220825/UBNA_002/20220823_033000.WAV,Telephone Field,recover-20220825,002,1795
1068.0585,1068.0649,40078,51326,Pipistrellus nathusii,0.452,0.558,-1,Echolocation,/mnt/ubna_data_01_mir/recover-20220825/UBNA_002/20220823_033000.WAV,Telephone Field,recover-20220825,002,1795
1068.0715,1068.0777,39218,56203,Pipistrellus nathusii,0.164,0.413,-1,Echolocation,/mnt/ubna_data_01_mir/recover-20220825/UBNA_002/20220823_033000.WAV,Telephone Field,recover-20220825,002,1795
1068.1565,1068.1642,39218,51089,Pipistrellus nathusii,0.237,0.318,-1,Echolocation,/mnt/ubna_data_01_mir/recover-20220825/UBNA_002/20220823_033000.WAV,Telephone Field,recover-20220825,002,1795
1068.1755,1068.1853,26328,34399,Eptesicus serotinus,0.01,0.026,-1,Echolocation,/mnt/ubna_data_01_mir/recover-20220825/UBNA_002/20220823_033000.WAV,Telephone Field,recover-20220825,002,1795
1068.1955,1068.2024,26328,35261,Eptesicus serotinus,0.007,0.027,-1,Echolocation,/mnt/ubna_data_01_mir/recover-20220825/UBNA_002/20220823_033000.WAV,Telephone Field,recover-20220825,002,1795
1068.2185,1068.2244,30625,43896,Myotis daubentonii,0.013,0.026,-1,Echolocation,/mnt/ubna_data_01_mir/recover-20220825/UBNA_002/20220823_033000.WAV,Telephone Field,recover-20220825,002,1795
1068.2305,1068.2392,39218,49914,Pipistrellus nathusii,0.01,0.026,-1,Echolocation,/mnt/ubna_data_01_mir/recover-20220825/UBNA_002/20220823_033000.WAV,Telephone Field,recover-20220825,002,1795
1068.2475,1068.2542,40937,58024,Pipistrellus nathusii,0.357,0.538,-1,Echolocation,/mnt/ubna_data_01_mir/recover-20220825/UBNA_002/20220823_033000.WAV,Telephone Field,recover-20220825,002,1795
1068.2935,1068.3025,26328,35365,Eptesicus serotinus,0.012,0.033,-1,Echolocation,/mnt/ubna_data_01_mir/recover-20220825/UBNA_002/20220823_033000.WAV,Telephone Field,recover-20220825,002,1795
1068.2945,1068.3024,37500,46830,Pipistrellus nathusii,0.021,0.044,-1,Echolocation,/mnt/ubna_data_01_mir/recover-20220825/UBNA_002/20220823_033000.WAV,Telephone Field,recover-20220825,002,1795
1068.3395,1068.3479,41796,52288,Pipistrellus nathusii,0.321,0.392,-1,Echolocation,/mnt/ubna_data_01_mir/recover-20220825/UBNA_002/20220823_033000.WAV,Telephone Field,recover-20220825,002,1795
1068.3945,1068.4027,26328,35453,Eptesicus serotinus,0.008,0.025,-1,Echolocation,/mnt/ubna_data_01_mir/recover-20220825/UBNA_002/20220823_033000.WAV,Telephone Field,recover-20220825,002,1795
1068.4365,1068.4469,40937,50384,Pipistrellus nathusii,0.207,0.243,-1,Echolocation,/mnt/ubna_data_01_mir/recover-20220825/UBNA_002/20220823_033000.WAV,Telephone Field,recover-20220825,002,1795
1068.4605,1068.4687,46953,55637,Pipistrellus pipistrellus,0.022,0.028,-1,Echolocation,/mnt/ubna_data_01_mir/recover-20220825/UBNA_002/20220823_033000.WAV,Telephone Field,recover-20220825,002,1795
1068.4975,1068.5058,25468,33725,Eptesicus serotinus,0.008,0.027,-1,Echolocation,/mnt/ubna_data_01_mir/recover-20220825/UBNA_002/20220823_033000.WAV,Telephone Field,recover-20220825,002,1795
1068.4975,1068.5044,34062,44314,Myotis daubentonii,0.011,0.026,-1,Echolocation,/mnt/ubna_data_01_mir/recover-20220825/UBNA_002/20220823_033000.WAV,Telephone Field,recover-20220825,002,1795
1068.5275,1068.5337,40078,57872,Pipistrellus nathusii,0.321,0.507,-1,Echolocation,/mnt/ubna_data_01_mir/recover-20220825/UBNA_002/20220823_033000.WAV,Telephone Field,recover-20220825,002,1795
1068.5435,1068.5504,38359,46437,Pipistrellus nathusii,0.064,0.092,-1,Echolocation,/mnt/ubna_data_01_mir/recover-20220825/UBNA_002/20220823_033000.WAV,Telephone Field,recover-20220825,002,1795
1068.5615,1068.5693,40937,50642,Pipistrellus nathusii,0.018,0.031,-1,Echolocation,/mnt/ubna_data_01_mir/recover-20220825/UBNA_002/20220823_033000.WAV,Telephone Field,recover-20220825,002,1795
1068.5895,1068.5977,40937,46902,Pipistrellus nathusii,0.02,0.033,-1,Echolocation,/mnt/ubna_data_01_mir/recover-20220825/UBNA_002/20220823_033000.WAV,Telephone Field,recover-20220825,002,1795
1068.6165,1068.6233,40937,51660,Pipistrellus nathusii,0.22,0.317,-1,Echolocation,/mnt/ubna_data_01_mir/recover-20220825/UBNA_002/20220823_033000.WAV,Telephone Field,recover-20220825,002,1795
1068.6345,1068.6415,40937,49915,Pipistrellus nathusii,0.153,0.217,-1,Echolocation,/mnt/ubna_data_01_mir/recover-20220825/UBNA_002/20220823_033000.WAV,Telephone Field,recover-20220825,002,1795
1068.6405,1068.6498,54687,61369,Pipistrellus pygmaeus,0.033,0.034,-1,Echolocation,/mnt/ubna_data_01_mir/recover-20220825/UBNA_002/20220823_033000.WAV,Telephone Field,recover-20220825,002,1795
1068.6585,1068.6986,68437,82271,Rhinolophus ferrumequinum,0.027,0.027,-1,Echolocation,/mnt/ubna_data_01_mir/recover-20220825/UBNA_002/20220823_033000.WAV,Telephone Field,recover-20220825,002,1795
1068.6595,1068.6671,42656,52988,Pipistrellus nathusii,0.02,0.037,-1,Echolocation,/mnt/ubna_data_01_mir/recover-20220825/UBNA_002/20220823_033000.WAV,Telephone Field,recover-20220825,002,1795
1068.7065,1068.7125,40078,52791,Pipistrellus nathusii,0.311,0.513,-1,Echolocation,/mnt/ubna_data_01_mir/recover-20220825/UBNA_002/20220823_033000.WAV,Telephone Field,recover-20220825,002,1795
1068.7175,1068.7548,68437,81452,Rhinolophus ferrumequinum,0.025,0.025,-1,Echolocation,/mnt/ubna_data_01_mir/recover-20220825/UBNA_002/20220823_033000.WAV,Telephone Field,recover-20220825,002,1795
1068.7245,1068.7357,27187,32705,Eptesicus serotinus,0.013,0.03,-1,Echolocation,/mnt/ubna_data_01_mir/recover-20220825/UBNA_002/20220823_033000.WAV,Telephone Field,recover-20220825,002,1795
1068.7365,1068.7439,39218,49654,Pipistrellus nathusii,0.227,0.344,-1,Echolocation,/mnt/ubna_data_01_mir/recover-20220825/UBNA_002/20220823_033000.WAV,Telephone Field,recover-20220825,002,1795
1068.7585,1068.7647,37500,50183,Myotis daubentonii,0.023,0.067,-1,Echolocation,/mnt/ubna_data_01_mir/recover-20220825/UBNA_002/20220823_033000.WAV,Telephone Field,recover-20220825,002,1795
1068.7935,1068.8016,42656,51059,Pipistrellus nathusii,0.052,0.067,-1,Echolocation,/mnt/ubna_data_01_mir/recover-20220825/UBNA_002/20220823_033000.WAV,Telephone Field,recover-20220825,002,1795
1068.7945,1068.8003,32343,59518,Myotis brandtii,0.015,0.027,-1,Echolocation,/mnt/ubna_data_01_mir/recover-20220825/UBNA_002/20220823_033000.WAV,Telephone Field,recover-20220825,002,1795
1068.8105,1068.8221,27187,33742,Eptesicus serotinus,0.018,0.033,-1,Echolocation,/mnt/ubna_data_01_mir/recover-20220825/UBNA_002/20220823_033000.WAV,Telephone Field,recover-20220825,002,1795
1068.8215,1068.8276,40937,53226,Pipistrellus nathusii,0.155,0.305,-1,Echolocation,/mnt/ubna_data_01_mir/recover-20220825/UBNA_002/20220823_033000.WAV,Telephone Field,recover-20220825,002,1795
1068.8305,1068.8381,39218,46250,Pipistrellus nathusii,0.183,0.252,-1,Echolocation,/mnt/ubna_data_01_mir/recover-20220825/UBNA_002/20220823_033000.WAV,Telephone Field,recover-20220825,002,1795
1068.8345,1068.8416,24609,33501,Eptesicus serotinus,0.008,0.028,-1,Echolocation,/mnt/ubna_data_01_mir/recover-20220825/UBNA_002/20220823_033000.WAV,Telephone Field,recover-20220825,002,1795
1068.8595,1068.8677,40078,48259,Pipistrellus nathusii,0.03,0.049,-1,Echolocation,/mnt/ubna_data_01_mir/recover-20220825/UBNA_002/20220823_033000.WAV,Telephone Field,recover-20220825,002,1795
1068.8655,1068.8723,29765,42756,Myotis daubentonii,0.017,0.042,-1,Echolocation,/mnt/ubna_data_01_mir/recover-20220825/UBNA_002/20220823_033000.WAV,Telephone Field,recover-20220825,002,1795
1068.8755,1068.882,25468,34400,Eptesicus serotinus,0.007,0.03,-1,Echolocation,/mnt/ubna_data_01_mir/recover-20220825/UBNA_002/20220823_033000.WAV,Telephone Field,recover-20220825,002,1795
1068.8985,1068.9035,39218,52569,Myotis brandtii,0.099,0.301,-1,Echolocation,/mnt/ubna_data_01_mir/recover-20220825/UBNA_002/20220823_033000.WAV,Telephone Field,recover-20220825,002,1795
1068.9365,1068.9438,40078,48369,Pipistrellus nathusii,0.261,0.328,-1,Echolocation,/mnt/ubna_data_01_mir/recover-20220825/UBNA_002/20220823_033000.WAV,Telephone Field,recover-20220825,002,1795
1068.9655,1068.9717,12578,29063,Barbastellus barbastellus,0.032,0.036,-1,Echolocation,/mnt/ubna_data_01_mir/recover-20220825/UBNA_002/20220823_033000.WAV,Telephone Field,recover-20220825,002,1795
1068.9785,1068.9861,42656,52093,Pipistrellus nathusii,0.084,0.139,-1,Echolocation,/mnt/ubna_data_01_mir/recover-20220825/UBNA_002/20220823_033000.WAV,Telephone Field,recover-20220825,002,1795
1069.0345,1069.0418,40078,52138,Pipistrellus nathusii,0.212,0.355,-1,Echolocation,/mnt/ubna_data_01_mir/recover-20220825/UBNA_002/20220823_033000.WAV,Telephone Field,recover-20220825,002,1795
1069.0695,1069.0754,40078,52602,Pipistrellus nathusii,0.247,0.409,-1,Echolocation,/mnt/ubna_data_01_mir/recover-20220825/UBNA_002/20220823_033000.WAV,Telephone Field,recover-20220825,002,1795
1069.1145,1069.1217,54687,60484,Pipistrellus pygmaeus,0.027,0.028,-1,Echolocation,/mnt/ubna_data_01_mir/recover-20220825/UBNA_002/20220823_033000.WAV,Telephone Field,recover-20220825,002,1795
1069.1345,1069.1432,42656,50890,Pipistrellus nathusii,0.014,0.029,-1,Echolocation,/mnt/ubna_data_01_mir/recover-20220825/UBNA_002/20220823_033000.WAV,Telephone Field,recover-20220825,002,1795
1069.1365,1069.1425,37500,51996,Myotis brandtii,0.012,0.029,-1,Echolocation,/mnt/ubna_data_01_mir/recover-20220825/UBNA_002/20220823_033000.WAV,Telephone Field,recover-20220825,002,1795
1069.1555,1069.1621,40937,54867,Pipistrellus nathusii,0.277,0.453,-1,Echolocation,/mnt/ubna_data_01_mir/recover-20220825/UBNA_002/20220823_033000.WAV,Telephone Field,recover-20220825,002,1795
1069.1575,1069.1629,28906,60225,Myotis daubentonii,0.029,0.06,-1,Echolocation,/mnt/ubna_data_01_mir/recover-20220825/UBNA_002/20220823_033000.WAV,Telephone Field,recover-20220825,002,1795
1069.2425,1069.2496,41796,49772,Pipistrellus nathusii,0.303,0.494,-1,Echolocation,/mnt/ubna_data_01_mir/recover-20220825/UBNA_002/20220823_033000.WAV,Telephone Field,recover-20220825,002,1795
1069.2615,1069.2689,54687,63104,Pipistrellus pygmaeus,0.025,0.027,-1,Echolocation,/mnt/ubna_data_01_mir/recover-20220825/UBNA_002/20220823_033000.WAV,Telephone Field,recover-20220825,002,1795
1069.2755,1069.2836,34062,41661,Myotis brandtii,0.008,0.031,-1,Echolocation,/mnt/ubna_data_01_mir/recover-20220825/UBNA_002/20220823_033000.WAV,Telephone Field,recover-20220825,002,1795
1069.2885,1069.2964,56406,62931,Pipistrellus pygmaeus,0.025,0.026,-1,Echolocation,/mnt/ubna_data_01_mir/recover-20220825/UBNA_002/20220823_033000.WAV,Telephone Field,recover-20220825,002,1795
1069.3025,1069.309,42656,52955,Pipistrellus nathusii,0.031,0.056,-1,Echolocation,/mnt/ubna_data_01_mir/recover-20220825/UBNA_002/20220823_033000.WAV,Telephone Field,recover-20220825,002,1795
1069.3035,1069.3095,32343,56938,Myotis brandtii,0.014,0.028,-1,Echolocation,/mnt/ubna_data_01_mir/recover-20220825/UBNA_002/20220823_033000.WAV,Telephone Field,recover-20220825,002,1795
1069.3055,1069.3204,15156,19703,Nyctalus noctula,0.024,0.039,-1,Echolocation,/mnt/ubna_data_01_mir/recover-20220825/UBNA_002/20220823_033000.WAV,Telephone Field,recover-20220825,002,1795
1069.3145,1069.3242,27187,35079,Eptesicus serotinus,0.015,0.031,-1,Echolocation,/mnt/ubna_data_01_mir/recover-20220825/UBNA_002/20220823_033000.WAV,Telephone Field,recover-20220825,002,1795
1069.3335,1069.3395,40078,49463,Pipistrellus nathusii,0.103,0.287,-1,Echolocation,/mnt/ubna_data_01_mir/recover-20220825/UBNA_002/20220823_033000.WAV,Telephone Field,recover-20220825,002,1795
1069.3615,1069.3692,25468,33969,Eptesicus serotinus,0.008,0.027,-1,Echolocation,/mnt/ubna_data_01_mir/recover-20220825/UBNA_002/20220823_033000.WAV,Telephone Field,recover-20220825,002,1795
1069.3705,1069.3765,35781,51191,Myotis brandtii,0.013,0.029,-1,Echolocation,/mnt/ubna_data_01_mir/recover-20220825/UBNA_002/20220823_033000.WAV,Telephone Field,recover-20220825,002,1795
1069.3815,1069.3886,54687,62030,Pipistrellus pygmaeus,0.025,0.026,-1,Echolocation,/mnt/ubna_data_01_mir/recover-20220825/UBNA_002/20220823_033000.WAV,Telephone Field,recover-20220825,002,1795
1069.4035,1069.4087,40078,53483,Myotis brandtii,0.063,0.169,-1,Echolocation,/mnt/ubna_data_01_mir/recover-20220825/UBNA_002/20220823_033000.WAV,Telephone Field,recover-20220825,002,1795
1069.4175,1069.4258,44375,49977,Pipistrellus nathusii,0.134,0.171,-1,Echolocation,/mnt/ubna_data_01_mir/recover-20220825/UBNA_002/20220823_033000.WAV,Telephone Field,recover-20220825,002,1795
1069.4375,1069.4465,54687,61781,Pipistrellus pygmaeus,0.035,0.037,-1,Echolocation,/mnt/ubna_data_01_mir/recover-20220825/UBNA_002/20220823_033000.WAV,Telephone Field,recover-20220825,002,1795
1069.4575,1069.4631,38359,47996,Pipistrellus nathusii,0.111,0.313,-1,Echolocation,/mnt/ubna_data_01_mir/recover-20220825/UBNA_002/20220823_033000.WAV,Telephone Field,recover-20220825,002,1795
1069.4775,1069.4887,56406,65179,Pipistrellus pygmaeus,0.028,0.029,-1,Echolocation,/mnt/ubna_data_01_mir/recover-20220825/UBNA_002/20220823_033000.WAV,Telephone Field,recover-20220825,002,1795
1069.5025,1069.5081,43515,56417,Pipistrellus nathusii,0.132,0.261,-1,Echolocation,/mnt/ubna_data_01_mir/recover-20220825/UBNA_002/20220823_033000.WAV,Telephone Field,recover-20220825,002,1795
1069.5205,1069.5283,41796,47717,Pipistrellus nathusii,0.117,0.135,-1,Echolocation,/mnt/ubna_data_01_mir/recover-20220825/UBNA_002/20220823_033000.WAV,Telephone Field,recover-20220825,002,1795
1069.5405,1069.5488,27187,35795,Eptesicus serotinus,0.013,0.032,-1,Echolocation,/mnt/ubna_data_01_mir/recover-20220825/UBNA_002/20220823_033000.WAV,Telephone Field,recover-20220825,002,1795
1069.5545,1069.5618,49531,58241,Pipistrellus pipistrellus,0.02,0.028,-1,Echolocation,/mnt/ubna_data_01_mir/recover-20220825/UBNA_002/20220823_033000.WAV,Telephone Field,recover-20220825,002,1795
1069.5725,1069.5795,41796,50004,Pipistrellus nathusii,0.188,0.337,-1,Echolocation,/mnt/ubna_data_01_mir/recover-20220825/UBNA_002/20220823_033000.WAV,Telephone Field,recover-20220825,002,1795
1069.5865,1069.5975,23750,28642,Nyctalus leisleri,0.017,0.034,-1,Echolocation,/mnt/ubna_data_01_mir/recover-20220825/UBNA_002/20220823_033000.WAV,Telephone Field,recover-20220825,002,1795
1069.5865,1069.5932,37500,47714,Myotis brandtii,0.01,0.026,-1,Echolocation,/mnt/ubna_data_01_mir/recover-20220825/UBNA_002/20220823_033000.WAV,Telephone Field,recover-20220825,002,1795
1069.6525,1069.6583,28046,51821,Myotis daubentonii,0.034,0.048,-1,Echolocation,/mnt/ubna_data_01_mir/recover-20220825/UBNA_002/20220823_033000.WAV,Telephone Field,recover-20220825,002,1795
1069.6525,1069.6588,40078,53815,Pipistrellus nathusii,0.233,0.457,-1,Echolocation,/mnt/ubna_data_01_mir/recover-20220825/UBNA_002/20220823_033000.WAV,Telephone Field,recover-20220825,002,1795
1069.6625,1069.6684,41796,53386,Pipistrellus nathusii,0.067,0.184,-1,Echolocation,/mnt/ubna_data_01_mir/recover-20220825/UBNA_002/20220823_033000.WAV,Telephone Field,recover-20220825,002,1795
1069.6925,1069.7,26328,35824,Eptesicus serotinus,0.008,0.025,-1,Echolocation,/mnt/ubna_data_01_mir/recover-20220825/UBNA_002/20220823_033000.WAV,Telephone Field,recover-20220825,002,1795
1069.7285,1069.7357,40937,50949,Pipistrellus nathusii,0.197,0.366,-1,Echolocation,/mnt/ubna_data_01_mir/recover-20220825/UBNA_002/20220823_033000.WAV,Telephone Field,recover-20220825,002,1795
1069.7505,1069.7575,42656,52991,Pipistrellus nathusii,0.092,0.139,-1,Echolocation,/mnt/ubna_data_01_mir/recover-20220825/UBNA_002/20220823_033000.WAV,Telephone Field,recover-20220825,002,1795
1069.7505,1069.7568,31484,59369,Myotis brandtii,0.016,0.032,-1,Echolocation,/mnt/ubna_data_01_mir/recover-20220825/UBNA_002/20220823_033000.WAV,Telephone Field,recover-20220825,002,1795
1069.7955,1069.8033,28046,34932,Eptesicus serotinus,0.009,0.026,-1,Echolocation,/mnt/ubna_data_01_mir/recover-20220825/UBNA_002/20220823_033000.WAV,Telephone Field,recover-20220825,002,1795
1069.8075,1069.8142,40937,53126,Pipistrellus nathusii,0.278,0.486,-1,Echolocation,/mnt/ubna_data_01_mir/recover-20220825/UBNA_002/20220823_033000.WAV,Telephone Field,recover-20220825,002,1795
1069.8405,1069.8624,21171,24376,Nyctalus leisleri,0.018,0.035,-1,Echolocation,/mnt/ubna_data_01_mir/recover-20220825/UBNA_002/20220823_033000.WAV,Telephone Field,recover-20220825,002,1795
1069.8645,1069.8698,43515,54471,Pipistrellus nathusii,0.485,0.526,-1,Echolocation,/mnt/ubna_data_01_mir/recover-20220825/UBNA_002/20220823_033000.WAV,Telephone Field,recover-20220825,002,1795
1069.8725,1069.911,68437,82403,Rhinolophus ferrumequinum,0.027,0.027,-1,Echolocation,/mnt/ubna_data_01_mir/recover-20220825/UBNA_002/20220823_033000.WAV,Telephone Field,recover-20220825,002,1795
1069.8935,1069.9001,40078,49936,Pipistrellus nathusii,0.199,0.404,-1,Echolocation,/mnt/ubna_data_01_mir/recover-20220825/UBNA_002/20220823_033000.WAV,Telephone Field,recover-20220825,002,1795
1069.9245,1069.9337,40937,47783,Pipistrellus nathusii,0.026,0.039,-1,Echolocation,/mnt/ubna_data_01_mir/recover-20220825/UBNA_002/20220823_033000.WAV,Telephone Field,recover-20220825,002,1795
1069.9335,1069.9432,45234,50603,Pipistrellus pipistrellus,0.026,0.039,-1,Echolocation,/mnt/ubna_data_01_mir/recover-20220825/UBNA_002/20220823_033000.WAV,Telephone Field,recover-20220825,002,1795
1069.9525,1069.9592,26328,35599,Eptesicus serotinus,0.007,0.027,-1,Echolocation,/mnt/ubna_data_01_mir/recover-20220825/UBNA_002/20220823_033000.WAV,Telephone Field,recover-20220825,002,1795
1069.9615,1069.9697,41796,51282,Pipistrellus nathusii,0.125,0.147,-1,Echolocation,/mnt/ubna_data_01_mir/recover-20220825/UBNA_002/20220823_033000.WAV,Telephone Field,recover-20220825,002,1795
1069.9835,1069.9901,40937,54389,Pipistrellus nathusii,0.23,0.403,-1,Echolocation,/mnt/ubna_data_01_mir/recover-20220825/UBNA_002/20220823_033000.WAV,Telephone Field,recover-20220825,002,1795
1070.0015,1070.0077,47812,54871,Pipistrellus pipistrellus,0.022,0.032,-1,Echolocation,/mnt/ubna_data_01_mir/recover-20220825/UBNA_002/20220823_033000.WAV,Telephone Field,recover-20220825,002,1795
1070.0015,1070.0306,68437,81197,Rhinolophus ferrumequinum,0.039,0.039,-1,Echolocation,/mnt/ubna_data_01_mir/recover-20220825/UBNA_002/20220823_033000.WAV,Telephone Field,recover-20220825,002,1795
1070.0015,1070.0117,19453,25048,Nyctalus noctula,0.011,0.031,-1,Echolocation,/mnt/ubna_data_01_mir/recover-20220825/UBNA_002/20220823_033000.WAV,Telephone Field,recover-20220825,002,1795
1070.0215,1070.0292,29765,46615,Myotis daubentonii,0.012,0.025,-1,Echolocation,/mnt/ubna_data_01_mir/recover-20220825/UBNA_002/20220823_033000.WAV,Telephone Field,recover-20220825,002,1795
1070.0235,1070.0289,37500,50675,Myotis daubentonii,0.012,0.028,-1,Echolocation,/mnt/ubna_data_01_mir/recover-20220825/UBNA_002/20220823_033000.WAV,Telephone Field,recover-20220825,002,1795
1070.0365,1070.0444,29765,45127,Myotis daubentonii,0.013,0.028,-1,Echolocation,/mnt/ubna_data_01_mir/recover-20220825/UBNA_002/20220823_033000.WAV,Telephone Field,recover-20220825,002,1795
1070.0625,1070.0694,26328,38547,Eptesicus serotinus,0.009,0.033,-1,Echolocation,/mnt/ubna_data_01_mir/recover-20220825/UBNA_002/20220823_033000.WAV,Telephone Field,recover-20220825,002,1795
1070.0635,1070.0704,31484,43947,Myotis daubentonii,0.015,0.031,-1,Echolocation,/mnt/ubna_data_01_mir/recover-20220825/UBNA_002/20220823_033000.WAV,Telephone Field,recover-20220825,002,1795
1070.0645,1070.0713,37500,48978,Myotis daubentonii,0.009,0.027,-1,Echolocation,/mnt/ubna_data_01_mir/recover-20220825/UBNA_002/20220823_033000.WAV,Telephone Field,recover-20220825,002,1795
1070.0755,1070.0816,37500,50307,Pipistrellus nathusii,0.093,0.3,-1,Echolocation,/mnt/ubna_data_01_mir/recover-20220825/UBNA_002/20220823_033000.WAV,Telephone Field,recover-20220825,002,1795
1070.1705,1070.1769,43515,50150,Pipistrellus nathusii,0.155,0.177,-1,Echolocation,/mnt/ubna_data_01_mir/recover-20220825/UBNA_002/20220823_033000.WAV,Telephone Field,recover-20220825,002,1795
1070.2615,1070.2677,40937,49732,Pipistrellus nathusii,0.084,0.217,-1,Echolocation,/mnt/ubna_data_01_mir/recover-20220825/UBNA_002/20220823_033000.WAV,Telephone Field,recover-20220825,002,1795
1070.2925,1070.3009,41796,51145,Pipistrellus nathusii,0.016,0.032,-1,Echolocation,/mnt/ubna_data_01_mir/recover-20220825/UBNA_002/20220823_033000.WAV,Telephone Field,recover-20220825,002,1795
1070.3525,1070.3631,26328,32531,Eptesicus serotinus,0.034,0.07,-1,Echolocation,/mnt/ubna_data_01_mir/recover-20220825/UBNA_002/20220823_033000.WAV,Telephone Field,recover-20220825,002,1795
1070.3525,1070.3593,38359,52197,Myotis brandtii,0.011,0.028,-1,Echolocation,/mnt/ubna_data_01_mir/recover-20220825/UBNA_002/20220823_033000.WAV,Telephone Field,recover-20220825,002,1795
1070.4355,1070.4435,37500,48131,Pipistrellus nathusii,0.009,0.029,-1,Echolocation,/mnt/ubna_data_01_mir/recover-20220825/UBNA_002/20220823_033000.WAV,Telephone Field,recover-20220825,002,1795
1070.4675,1070.4794,27187,34752,Eptesicus serotinus,0.018,0.032,-1,Echolocation,/mnt/ubna_data_01_mir/recover-20220825/UBNA_002/20220823_033000.WAV,Telephone Field,recover-20220825,002,1795
1070.4755,1070.486,25468,31194,Eptesicus serotinus,0.013,0.031,-1,Echolocation,/mnt/ubna_data_01_mir/recover-20220825/UBNA_002/20220823_033000.WAV,Telephone Field,recover-20220825,002,1795
1070.4975,1070.5068,27187,36148,Eptesicus serotinus,0.01,0.026,-1,Echolocation,/mnt/ubna_data_01_mir/recover-20220825/UBNA_002/20220823_033000.WAV,Telephone Field,recover-20220825,002,1795
1070.5045,1070.5149,27187,34602,Eptesicus serotinus,0.013,0.031,-1,Echolocation,/mnt/ubna_data_01_mir/recover-20220825/UBNA_002/20220823_033000.WAV,Telephone Field,recover-20220825,002,1795
1070.5385,1070.5451,40937,51881,Pipistrellus nathusii,0.162,0.323,-1,Echolocation,/mnt/ubna_data_01_mir/recover-20220825/UBNA_002/20220823_033000.WAV,Telephone Field,recover-20220825,002,1795
1070.5555,1070.5659,24609,32180,Eptesicus serotinus,0.013,0.033,-1,Echolocation,/mnt/ubna_data_01_mir/recover-20220825/UBNA_002/20220823_033000.WAV,Telephone Field,recover-20220825,002,1795
1070.5965,1070.604,57265,66717,Pipistrellus pygmaeus,0.031,0.032,-1,Echolocation,/mnt/ubna_data_01_mir/recover-20220825/UBNA_002/20220823_033000.WAV,Telephone Field,recover-20220825,002,1795
1070.5995,1070.6056,34062,46593,Barbastellus barbastellus,0.034,0.081,-1,Echolocation,/mnt/ubna_data_01_mir/recover-20220825/UBNA_002/20220823_033000.WAV,Telephone Field,recover-20220825,002,1795
1070.6315,1070.6384,40937,52309,Pipistrellus nathusii,0.417,0.536,-1,Echolocation,/mnt/ubna_data_01_mir/recover-20220825/UBNA_002/20220823_033000.WAV,Telephone Field,recover-20220825,002,1795
1070.6525,1070.6912,68437,82469,Rhinolophus ferrumequinum,0.029,0.029,-1,Echolocation,/mnt/ubna_data_01_mir/recover-20220825/UBNA_002/20220823_033000.WAV,Telephone Field,recover-20220825,002,1795
1070.6805,1070.6876,42656,52630,Pipistrellus nathusii,0.215,0.34,-1,Echolocation,/mnt/ubna_data_01_mir/recover-20220825/UBNA_002/20220823_033000.WAV,Telephone Field,recover-20220825,002,1795
1070.7115,1070.7546,68437,83291,Rhinolophus ferrumequinum,0.029,0.029,-1,Echolocation,/mnt/ubna_data_01_mir/recover-20220825/UBNA_002/20220823_033000.WAV,Telephone Field,recover-20220825,002,1795
1070.7315,1070.74,40937,48834,Pipistrellus nathusii,0.078,0.116,-1,Echolocation,/mnt/ubna_data_01_mir/recover-20220825/UBNA_002/20220823_033000.WAV,Telephone Field,recover-20220825,002,1795
1070.7325,1070.7388,29765,49510,Myotis daubentonii,0.013,0.025,-1,Echolocation,/mnt/ubna_data_01_mir/recover-20220825/UBNA_002/20220823_033000.WAV,Telephone Field,recover-20220825,002,1795
1070.7625,1070.7681,41796,56053,Myotis brandtii,0.011,0.033,-1,Echolocation,/mnt/ubna_data_01_mir/recover-20220825/UBNA_002/20220823_033000.WAV,Telephone Field,recover-20220825,002,1795
1070.7635,1070.7691,31484,52653,Myotis daubentonii,0.017,0.03,-1,Echolocation,/mnt/ubna_data_01_mir/recover-20220825/UBNA_002/20220823_033000.WAV,Telephone Field,recover-20220825,002,1795
1070.7875,1070.8277,68437,82623,Rhinolophus ferrumequinum,0.026,0.026,-1,Echolocation,/mnt/ubna_data_01_mir/recover-20220825/UBNA_002/20220823_033000.WAV,Telephone Field,recover-20220825,002,1795
1070.8215,1070.8278,41796,49963,Pipistrellus nathusii,0.446,0.566,-1,Echolocation,/mnt/ubna_data_01_mir/recover-20220825/UBNA_002/20220823_033000.WAV,Telephone Field,recover-20220825,002,1795
1070.8725,1070.888,22890,27228,Nyctalus leisleri,0.017,0.032,-1,Echolocation,/mnt/ubna_data_01_mir/recover-20220825/UBNA_002/20220823_033000.WAV,Telephone Field,recover-20220825,002,1795
1070.8835,1070.897,22031,27161,Nyctalus leisleri,0.026,0.068,-1,Echolocation,/mnt/ubna_data_01_mir/recover-20220825/UBNA_002/20220823_033000.WAV,Telephone Field,recover-20220825,002,1795
1070.8875,1070.8936,31484,48123,Myotis daubentonii,0.013,0.025,-1,Echolocation,/mnt/ubna_data_01_mir/recover-20220825/UBNA_002/20220823_033000.WAV,Telephone Field,recover-20220825,002,1795
1070.8875,1070.8932,36640,56946,Myotis brandtii,0.011,0.025,-1,Echolocation,/mnt/ubna_data_01_mir/recover-20220825/UBNA_002/20220823_033000.WAV,Telephone Field,recover-20220825,002,1795
1070.8965,1070.905,27187,38323,Eptesicus serotinus,0.009,0.025,-1,Echolocation,/mnt/ubna_data_01_mir/recover-20220825/UBNA_002/20220823_033000.WAV,Telephone Field,recover-20220825,002,1795
1070.9175,1070.9237,39218,47140,Pipistrellus nathusii,0.148,0.323,-1,Echolocation,/mnt/ubna_data_01_mir/recover-20220825/UBNA_002/20220823_033000.WAV,Telephone Field,recover-20220825,002,1795
1070.9225,1070.9298,49531,53486,Pipistrellus pipistrellus,0.021,0.036,-1,Echolocation,/mnt/ubna_data_01_mir/recover-20220825/UBNA_002/20220823_033000.WAV,Telephone Field,recover-20220825,002,1795
1070.9465,1070.9523,48671,57066,Pipistrellus pipistrellus,0.024,0.031,-1,Echolocation,/mnt/ubna_data_01_mir/recover-20220825/UBNA_002/20220823_033000.WAV,Telephone Field,recover-20220825,002,1795
1070.9745,1070.9806,42656,55167,Myotis brandtii,0.011,0.032,-1,Echolocation,/mnt/ubna_data_01_mir/recover-20220825/UBNA_002/20220823_033000.WAV,Telephone Field,recover-20220825,002,1795
1070.9765,1070.9844,25468,36703,Eptesicus serotinus,0.008,0.025,-1,Echolocation,/mnt/ubna_data_01_mir/recover-20220825/UBNA_002/20220823_033000.WAV,Telephone Field,recover-20220825,002,1795
1070.9845,1070.9929,40937,46468,Pipistrellus nathusii,0.013,0.025,-1,Echolocation,/mnt/ubna_data_01_mir/recover-20220825/UBNA_002/20220823_033000.WAV,Telephone Field,recover-20220825,002,1795
1070.9905,1070.9981,27187,35914,Eptesicus serotinus,0.009,0.026,-1,Echolocation,/mnt/ubna_data_01_mir/recover-20220825/UBNA_002/20220823_033000.WAV,Telephone Field,recover-20220825,002,1795
1071.0075,1071.0143,38359,51791,Pipistrellus nathusii,0.287,0.51,-1,Echolocation,/mnt/ubna_data_01_mir/recover-20220825/UBNA_002/20220823_033000.WAV,Telephone Field,recover-20220825,002,1795
1071.0165,1071.0225,30625,40882,Myotis daubentonii,0.016,0.025,-1,Echolocation,/mnt/ubna_data_01_mir/recover-20220825/UBNA_002/20220823_033000.WAV,Telephone Field,recover-20220825,002,1795
1071.1015,1071.1085,39218,47921,Pipistrellus nathusii,0.526,0.623,-1,Echolocation,/mnt/ubna_data_01_mir/recover-20220825/UBNA_002/20220823_033000.WAV,Telephone Field,recover-20220825,002,1795
1071.1095,1071.1184,55546,63799,Pipistrellus pygmaeus,0.027,0.029,-1,Echolocation,/mnt/ubna_data_01_mir/recover-20220825/UBNA_002/20220823_033000.WAV,Telephone Field,recover-20220825,002,1795
1071.1105,1071.1197,24609,30780,Nyctalus leisleri,0.01,0.025,-1,Echolocation,/mnt/ubna_data_01_mir/recover-20220825/UBNA_002/20220823_033000.WAV,Telephone Field,recover-20220825,002,1795
1071.1185,1071.1242,31484,70227,Myotis brandtii,0.015,0.039,-1,Echolocation,/mnt/ubna_data_01_mir/recover-20220825/UBNA_002/20220823_033000.WAV,Telephone Field,recover-20220825,002,1795
1071.1215,1071.1268,39218,52570,Myotis daubentonii,0.02,0.044,-1,Echolocation,/mnt/ubna_data_01_mir/recover-20220825/UBNA_002/20220823_033000.WAV,Telephone Field,recover-20220825,002,1795
1071.1465,1071.1536,26328,40638,Eptesicus serotinus,0.008,0.027,-1,Echolocation,/mnt/ubna_data_01_mir/recover-20220825/UBNA_002/20220823_033000.WAV,Telephone Field,recover-20220825,002,1795
1071.1685,1071.1854,24609,28719,Nyctalus leisleri,0.035,0.065,-1,Echolocation,/mnt/ubna_data_01_mir/recover-20220825/UBNA_002/20220823_033000.WAV,Telephone Field,recover-20220825,002,1795
1071.1875,1071.1938,38359,51640,Pipistrellus nathusii,0.431,0.603,-1,Echolocation,/mnt/ubna_data_01_mir/recover-20220825/UBNA_002/20220823_033000.WAV,Telephone Field,recover-20220825,002,1795
1071.2305,1071.2416,22890,28225,Nyctalus leisleri,0.012,0.026,-1,Echolocation,/mnt/ubna_data_01_mir/recover-20220825/UBNA_002/20220823_033000.WAV,Telephone Field,recover-20220825,002,1795
1071.2585,1071.2653,39218,50366,Pipistrellus nathusii,0.012,0.037,-1,Echolocation,/mnt/ubna_data_01_mir/recover-20220825/UBNA_002/20220823_033000.WAV,Telephone Field,recover-20220825,002,1795
1071.2615,1071.2675,46953,51518,Pipistrellus pipistrellus,0.019,0.025,-1,Echolocation,/mnt/ubna_data_01_mir/recover-20220825/UBNA_002/20220823_033000.WAV,Telephone Field,recover-20220825,002,1795
1071.2835,1071.2916,40078,45800,Pipistrellus nathusii,0.086,0.112,-1,Echolocation,/mnt/ubna_data_01_mir/recover-20220825/UBNA_002/20220823_033000.WAV,Telephone Field,recover-20220825,002,1795
1071.2975,1071.3171,19453,23013,Nyctalus noctula,0.012,0.025,-1,Echolocation,/mnt/ubna_data_01_mir/recover-20220825/UBNA_002/20220823_033000.WAV,Telephone Field,recover-20220825,002,1795
1071.3425,1071.3515,27187,36055,Eptesicus serotinus,0.009,0.025,-1,Echolocation,/mnt/ubna_data_01_mir/recover-20220825/UBNA_002/20220823_033000.WAV,Telephone Field,recover-20220825,002,1795
1071.3625,1071.3722,27187,35553,Eptesicus serotinus,0.012,0.027,-1,Echolocation,/mnt/ubna_data_01_mir/recover-20220825/UBNA_002/20220823_033000.WAV,Telephone Field,recover-20220825,002,1795
1071.3795,1071.3865,39218,47223,Pipistrellus nathusii,0.381,0.483,-1,Echolocation,/mnt/ubna_data_01_mir/recover-20220825/UBNA_002/20220823_033000.WAV,Telephone Field,recover-20220825,002,1795
1071.3815,1071.3886,23750,34725,Eptesicus serotinus,0.006,0.026,-1,Echolocation,/mnt/ubna_data_01_mir/recover-20220825/UBNA_002/20220823_033000.WAV,Telephone Field,recover-20220825,002,1795
1071.4345,1071.4432,26328,36104,Eptesicus serotinus,0.01,0.026,-1,Echolocation,/mnt/ubna_data_01_mir/recover-20220825/UBNA_002/20220823_033000.WAV,Telephone Field,recover-20220825,002,1795
1071.4635,1071.4693,34062,49387,Myotis daubentonii,0.016,0.031,-1,Echolocation,/mnt/ubna_data_01_mir/recover-20220825/UBNA_002/20220823_033000.WAV,Telephone Field,recover-20220825,002,1795
1071.4695,1071.4771,37500,50249,Myotis brandtii,0.011,0.03,-1,Echolocation,/mnt/ubna_data_01_mir/recover-20220825/UBNA_002/20220823_033000.WAV,Telephone Field,recover-20220825,002,1795
1071.4855,1071.5267,68437,83059,Rhinolophus ferrumequinum,0.03,0.03,-1,Echolocation,/mnt/ubna_data_01_mir/recover-20220825/UBNA_002/20220823_033000.WAV,Telephone Field,recover-20220825,002,1795
1071.5145,1071.5263,25468,32288,Eptesicus serotinus,0.014,0.032,-1,Echolocation,/mnt/ubna_data_01_mir/recover-20220825/UBNA_002/20220823_033000.WAV,Telephone Field,recover-20220825,002,1795
1071.5145,1071.5209,33203,44697,Myotis daubentonii,0.009,0.025,-1,Echolocation,/mnt/ubna_data_01_mir/recover-20220825/UBNA_002/20220823_033000.WAV,Telephone Field,recover-20220825,002,1795
1071.5145,1071.552,68437,82292,Rhinolophus ferrumequinum,0.03,0.03,-1,Echolocation,/mnt/ubna_data_01_mir/recover-20220825/UBNA_002/20220823_033000.WAV,Telephone Field,recover-20220825,002,1795
1071.5315,1071.5391,41796,50585,Pipistrellus nathusii,0.281,0.4,-1,Echolocation,/mnt/ubna_data_01_mir/recover-20220825/UBNA_002/20220823_033000.WAV,Telephone Field,recover-20220825,002,1795
1071.5545,1071.5922,68437,82197,Rhinolophus ferrumequinum,0.026,0.026,-1,Echolocation,/mnt/ubna_data_01_mir/recover-20220825/UBNA_002/20220823_033000.WAV,Telephone Field,recover-20220825,002,1795
1071.6205,1071.6384,19453,23097,Nyctalus noctula,0.013,0.028,-1,Echolocation,/mnt/ubna_data_01_mir/recover-20220825/UBNA_002/20220823_033000.WAV,Telephone Field,recover-20220825,002,1795
1071.6275,1071.6335,34921,58274,Myotis brandtii,0.014,0.03,-1,Echolocation,/mnt/ubna_data_01_mir/recover-20220825/UBNA_002/20220823_033000.WAV,Telephone Field,recover-20220825,002,1795
1071.6445,1071.6542,47812,54417,Pipistrellus pipistrellus,0.025,0.032,-1,Echolocation,/mnt/ubna_data_01_mir/recover-20220825/UBNA_002/20220823_033000.WAV,Telephone Field,recover-20220825,002,1795
1071.6465,1071.6852,68437,82049,Rhinolophus ferrumequinum,0.027,0.027,-1,Echolocation,/mnt/ubna_data_01_mir/recover-20220825/UBNA_002/20220823_033000.WAV,Telephone Field,recover-20220825,002,1795
1071.6495,1071.6614,51250,56832,Pipistrellus pygmaeus,0.023,0.032,-1,Echolocation,/mnt/ubna_data_01_mir/recover-20220825/UBNA_002/20220823_033000.WAV,Telephone Field,recover-20220825,002,1795
1071.7015,1071.7084,43515,51288,Pipistrellus nathusii,0.029,0.059,-1,Echolocation,/mnt/ubna_data_01_mir/recover-20220825/UBNA_002/20220823_033000.WAV,Telephone Field,recover-20220825,002,1795
1071.7035,1071.709,36640,52982,Myotis brandtii,0.028,0.069,-1,Echolocation,/mnt/ubna_data_01_mir/recover-20220825/UBNA_002/20220823_033000.WAV,Telephone Field,recover-20220825,002,1795
1071.7405,1071.7536,24609,30649,Eptesicus serotinus,0.01,0.028,-1,Echolocation,/mnt/ubna_data_01_mir/recover-20220825/UBNA_002/20220823_033000.WAV,Telephone Field,recover-20220825,002,1795
1071.7565,1071.7648,43515,51670,Pipistrellus nathusii,0.044,0.069,-1,Echolocation,/mnt/ubna_data_01_mir/recover-20220825/UBNA_002/20220823_033000.WAV,Telephone Field,recover-20220825,002,1795
1071.7575,1071.763,33203,57650,Myotis daubentonii,0.02,0.044,-1,Echolocation,/mnt/ubna_data_01_mir/recover-20220825/UBNA_002/20220823_033000.WAV,Telephone Field,recover-20220825,002,1795
1071.7965,1071.805,25468,34545,Eptesicus serotinus,0.02,0.051,-1,Echolocation,/mnt/ubna_data_01_mir/recover-20220825/UBNA_002/20220823_033000.WAV,Telephone Field,recover-20220825,002,1795
1071.8225,1071.8286,41796,50107,Pipistrellus nathusii,0.242,0.421,-1,Echolocation,/mnt/ubna_data_01_mir/recover-20220825/UBNA_002/20220823_033000.WAV,Telephone Field,recover-20220825,002,1795
1071.8715,1071.8801,40078,47989,Pipistrellus nathusii,0.028,0.041,-1,Echolocation,/mnt/ubna_data_01_mir/recover-20220825/UBNA_002/20220823_033000.WAV,Telephone Field,recover-20220825,002,1795
1071.8915,1071.9015,42656,48521,Pipistrellus nathusii,0.158,0.2,-1,Echolocation,/mnt/ubna_data_01_mir/recover-20220825/UBNA_002/20220823_033000.WAV,Telephone Field,recover-20220825,002,1795
1071.8925,1071.8982,30625,53373,Myotis daubentonii,0.017,0.029,-1,Echolocation,/mnt/ubna_data_01_mir/recover-20220825/UBNA_002/20220823_033000.WAV,Telephone Field,recover-20220825,002,1795
1071.8935,1071.9321,68437,82436,Rhinolophus ferrumequinum,0.026,0.026,-1,Echolocation,/mnt/ubna_data_01_mir/recover-20220825/UBNA_002/20220823_033000.WAV,Telephone Field,recover-20220825,002,1795
1071.9575,1071.9657,37500,47338,Myotis brandtii,0.009,0.027,-1,Echolocation,/mnt/ubna_data_01_mir/recover-20220825/UBNA_002/20220823_033000.WAV,Telephone Field,recover-20220825,002,1795
1071.9625,1071.9695,53828,58909,Pipistrellus pygmaeus,0.026,0.026,-1,Echolocation,/mnt/ubna_data_01_mir/recover-20220825/UBNA_002/20220823_033000.WAV,Telephone Field,recover-20220825,002,1795
1072.0015,1072.0092,22890,33074,Plecotus austriacus,0.008,0.029,-1,Echolocation,/mnt/ubna_data_01_mir/recover-20220825/UBNA_002/20220823_033000.WAV,Telephone Field,recover-20220825,002,1795
1072.0015,1072.035,68437,79921,Rhinolophus ferrumequinum,0.036,0.036,-1,Echolocation,/mnt/ubna_data_01_mir/recover-20220825/UBNA_002/20220823_033000.WAV,Telephone Field,recover-20220825,002,1795
1072.0015,1072.0089,40078,46582,Pipistrellus nathusii,0.024,0.037,-1,Echolocation,/mnt/ubna_data_01_mir/recover-20220825/UBNA_002/20220823_033000.WAV,Telephone Field,recover-20220825,002,1795
1072.0015,1072.0105,46953,53706,Pipistrellus pipistrellus,0.018,0.026,-1,Echolocation,/mnt/ubna_data_01_mir/recover-20220825/UBNA_002/20220823_033000.WAV,Telephone Field,recover-20220825,002,1795
1072.0225,1072.0312,25468,33355,Eptesicus serotinus,0.009,0.023,-1,Echolocation,/mnt/ubna_data_01_mir/recover-20220825/UBNA_002/20220823_033000.WAV,Telephone Field,recover-20220825,002,1795
1072.0895,1072.0955,40078,51617,Myotis daubentonii,0.044,0.1,-1,Echolocation,/mnt/ubna_data_01_mir/recover-20220825/UBNA_002/20220823_033000.WAV,Telephone Field,recover-20220825,002,1795
1072.1175,1072.1597,68437,82910,Rhinolophus ferrumequinum,0.029,0.03,-1,Echolocation,/mnt/ubna_data_01_mir/recover-20220825/UBNA_002/20220823_033000.WAV,Telephone Field,recover-20220825,002,1795
1072.1265,1072.1373,23750,29052,Nyctalus leisleri,0.011,0.024,-1,Echolocation,/mnt/ubna_data_01_mir/recover-20220825/UBNA_002/20220823_033000.WAV,Telephone Field,recover-20220825,002,1795
1072.1385,1072.1466,27187,38624,Eptesicus serotinus,0.008,0.025,-1,Echolocation,/mnt/ubna_data_01_mir/recover-20220825/UBNA_002/20220823_033000.WAV,Telephone Field,recover-20220825,002,1795
1072.1455,1072.1876,68437,82704,Rhinolophus ferrumequinum,0.03,0.03,-1,Echolocation,/mnt/ubna_data_01_mir/recover-20220825/UBNA_002/20220823_033000.WAV,Telephone Field,recover-20220825,002,1795
1072.1555,1072.1661,28906,35592,Eptesicus serotinus,0.01,0.024,-1,Echolocation,/mnt/ubna_data_01_mir/recover-20220825/UBNA_002/20220823_033000.WAV,Telephone Field,recover-20220825,002,1795
1072.1795,1072.2173,68437,82269,Rhinolophus ferrumequinum,0.023,0.023,-1,Echolocation,/mnt/ubna_data_01_mir/recover-20220825/UBNA_002/20220823_033000.WAV,Telephone Field,recover-20220825,002,1795
1072.1815,1072.1884,40937,50545,Pipistrellus nathusii,0.295,0.445,-1,Echolocation,/mnt/ubna_data_01_mir/recover-20220825/UBNA_002/20220823_033000.WAV,Telephone Field,recover-20220825,002,1795
1072.1835,1072.1892,25468,46040,Myotis nattereri,0.011,0.036,-1,Echolocation,/mnt/ubna_data_01_mir/recover-20220825/UBNA_002/20220823_033000.WAV,Telephone Field,recover-20220825,002,1795
1072.2355,1072.2461,22890,28552,Nyctalus leisleri,0.009,0.023,-1,Echolocation,/mnt/ubna_data_01_mir/recover-20220825/UBNA_002/20220823_033000.WAV,Telephone Field,recover-20220825,002,1795
1072.2705,1072.279,42656,48353,Pipistrellus nathusii,0.048,0.068,-1,Echolocation,/mnt/ubna_data_01_mir/recover-20220825/UBNA_002/20220823_033000.WAV,Telephone Field,recover-20220825,002,1795
1072.2715,1072.279,38359,49502,Pipistrellus nathusii,0.023,0.066,-1,Echolocation,/mnt/ubna_data_01_mir/recover-20220825/UBNA_002/20220823_033000.WAV,Telephone Field,recover-20220825,002,1795
1072.2785,1072.2857,28046,38098,Eptesicus serotinus,0.007,0.024,-1,Echolocation,/mnt/ubna_data_01_mir/recover-20220825/UBNA_002/20220823_033000.WAV,Telephone Field,recover-20220825,002,1795
1072.2935,1072.3023,27187,39304,Eptesicus serotinus,0.009,0.022,-1,Echolocation,/mnt/ubna_data_01_mir/recover-20220825/UBNA_002/20220823_033000.WAV,Telephone Field,recover-20220825,002,1795
1072.3115,1072.344,68437,81000,Rhinolophus ferrumequinum,0.026,0.026,-1,Echolocation,/mnt/ubna_data_01_mir/recover-20220825/UBNA_002/20220823_033000.WAV,Telephone Field,recover-20220825,002,1795
1072.3505,1072.3875,68437,81518,Rhinolophus ferrumequinum,0.022,0.022,-1,Echolocation,/mnt/ubna_data_01_mir/recover-20220825/UBNA_002/20220823_033000.WAV,Telephone Field,recover-20220825,002,1795
1072.3635,1072.3708,27187,39397,Eptesicus serotinus,0.009,0.027,-1,Echolocation,/mnt/ubna_data_01_mir/recover-20220825/UBNA_002/20220823_033000.WAV,Telephone Field,recover-20220825,002,1795
1072.3645,1072.3712,31484,43542,Barbastellus barbastellus,0.008,0.026,-1,Echolocation,/mnt/ubna_data_01_mir/recover-20220825/UBNA_002/20220823_033000.WAV,Telephone Field,recover-20220825,002,1795
1072.3675,1072.376,41796,47203,Pipistrellus nathusii,0.28,0.366,-1,Echolocation,/mnt/ubna_data_01_mir/recover-20220825/UBNA_002/20220823_033000.WAV,Telephone Field,recover-20220825,002,1795
1072.3755,1072.3831,26328,38194,Eptesicus serotinus,0.007,0.025,-1,Echolocation,/mnt/ubna_data_01_mir/recover-20220825/UBNA_002/20220823_033000.WAV,Telephone Field,recover-20220825,002,1795
1072.4495,1072.4879,68437,81822,Rhinolophus ferrumequinum,0.025,0.025,-1,Echolocation,/mnt/ubna_data_01_mir/recover-20220825/UBNA_002/20220823_033000.WAV,Telephone Field,recover-20220825,002,1795
1072.4785,1072.4838,38359,56692,Myotis brandtii,0.008,0.023,-1,Echolocation,/mnt/ubna_data_01_mir/recover-20220825/UBNA_002/20220823_033000.WAV,Telephone Field,recover-20220825,002,1795
1072.4945,1072.5145,19453,22577,Nyctalus leisleri,0.01,0.022,-1,Echolocation,/mnt/ubna_data_01_mir/recover-20220825/UBNA_002/20220823_033000.WAV,Telephone Field,recover-20220825,002,1795
1072.5045,1072.5434,68437,82387,Rhinolophus ferrumequinum,0.021,0.021,-1,Echolocation,/mnt/ubna_data_01_mir/recover-20220825/UBNA_002/20220823_033000.WAV,Telephone Field,recover-20220825,002,1795
1072.5185,1072.5573,68437,81799,Rhinolophus ferrumequinum,0.029,0.029,-1,Echolocation,/mnt/ubna_data_01_mir/recover-20220825/UBNA_002/20220823_033000.WAV,Telephone Field,recover-20220825,002,1795
1072.5245,1072.5646,68437,81796,Rhinolophus ferrumequinum,0.026,0.026,-1,Echolocation,/mnt/ubna_data_01_mir/recover-20220825/UBNA_002/20220823_033000.WAV,Telephone Field,recover-20220825,002,1795
1072.5315,1072.5672,68437,81215,Rhinolophus ferrumequinum,0.027,0.027,-1,Echolocation,/mnt/ubna_data_01_mir/recover-20220825/UBNA_002/20220823_033000.WAV,Telephone Field,recover-20220825,002,1795
1072.5345,1072.543,28046,38501,Eptesicus serotinus,0.011,0.028,-1,Echolocation,/mnt/ubna_data_01_mir/recover-20220825/UBNA_002/20220823_033000.WAV,Telephone Field,recover-20220825,002,1795
1072.5455,1072.5799,68437,81455,Rhinolophus ferrumequinum,0.022,0.022,-1,Echolocation,/mnt/ubna_data_01_mir/recover-20220825/UBNA_002/20220823_033000.WAV,Telephone Field,recover-20220825,002,1795
1072.5735,1072.6108,68437,82647,Rhinolophus ferrumequinum,0.022,0.022,-1,Echolocation,/mnt/ubna_data_01_mir/recover-20220825/UBNA_002/20220823_033000.WAV,Telephone Field,recover-20220825,002,1795
1072.5945,1072.6328,68437,82266,Rhinolophus ferrumequinum,0.027,0.027,-1,Echolocation,/mnt/ubna_data_01_mir/recover-20220825/UBNA_002/20220823_033000.WAV,Telephone Field,recover-20220825,002,1795
1072.6155,1072.6531,68437,81577,Rhinolophus ferrumequinum,0.021,0.022,-1,Echolocation,/mnt/ubna_data_01_mir/recover-20220825/UBNA_002/20220823_033000.WAV,Telephone Field,recover-20220825,002,1795
1072.6415,1072.6777,68437,80744,Rhinolophus ferrumequinum,0.023,0.023,-1,Echolocation,/mnt/ubna_data_01_mir/recover-20220825/UBNA_002/20220823_033000.WAV,Telephone Field,recover-20220825,002,1795
1072.6625,1072.7044,68437,83195,Rhinolophus ferrumequinum,0.023,0.023,-1,Echolocation,/mnt/ubna_data_01_mir/recover-20220825/UBNA_002/20220823_033000.WAV,Telephone Field,recover-20220825,002,1795
1072.7245,1072.7617,68437,82150,Rhinolophus ferrumequinum,0.021,0.022,-1,Echolocation,/mnt/ubna_data_01_mir/recover-20220825/UBNA_002/20220823_033000.WAV,Telephone Field,recover-20220825,002,1795
1072.7395,1072.7466,28046,41773,Eptesicus serotinus,0.007,0.022,-1,Echolocation,/mnt/ubna_data_01_mir/recover-20220825/UBNA_002/20220823_033000.WAV,Telephone Field,recover-20220825,002,1795
1072.7515,1072.7601,28046,37212,Eptesicus serotinus,0.008,0.022,-1,Echolocation,/mnt/ubna_data_01_mir/recover-20220825/UBNA_002/20220823_033000.WAV,Telephone Field,recover-20220825,002,1795
1072.8105,1072.8202,47812,51654,Pipistrellus pipistrellus,0.037,0.041,-1,Echolocation,/mnt/ubna_data_01_mir/recover-20220825/UBNA_002/20220823_033000.WAV,Telephone Field,recover-20220825,002,1795
1072.8255,1072.8611,68437,81666,Rhinolophus ferrumequinum,0.022,0.022,-1,Echolocation,/mnt/ubna_data_01_mir/recover-20220825/UBNA_002/20220823_033000.WAV,Telephone Field,recover-20220825,002,1795
1072.8325,1072.8731,68437,82733,Rhinolophus ferrumequinum,0.025,0.025,-1,Echolocation,/mnt/ubna_data_01_mir/recover-20220825/UBNA_002/20220823_033000.WAV,Telephone Field,recover-20220825,002,1795
1072.8565,1072.8965,68437,82352,Rhinolophus ferrumequinum,0.023,0.023,-1,Echolocation,/mnt/ubna_data_01_mir/recover-20220825/UBNA_002/20220823_033000.WAV,Telephone Field,recover-20220825,002,1795
1072.9175,1072.9585,68437,82218,Rhinolophus ferrumequinum,0.023,0.023,-1,Echolocation,/mnt/ubna_data_01_mir/recover-20220825/UBNA_002/20220823_033000.WAV,Telephone Field,recover-20220825,002,1795
1072.9215,1072.9307,43515,49957,Pipistrellus pipistrellus,0.02,0.031,-1,Echolocation,/mnt/ubna_data_01_mir/recover-20220825/UBNA_002/20220823_033000.WAV,Telephone Field,recover-20220825,002,1795
1072.9475,1072.9548,28046,39140,Eptesicus serotinus,0.006,0.023,-1,Echolocation,/mnt/ubna_data_01_mir/recover-20220825/UBNA_002/20220823_033000.WAV,Telephone Field,recover-20220825,002,1795
1072.9605,1073.0013,68437,82157,Rhinolophus ferrumequinum,0.026,0.026,-1,Echolocation,/mnt/ubna_data_01_mir/recover-20220825/UBNA_002/20220823_033000.WAV,Telephone Field,recover-20220825,002,1795
1072.9795,1073.0194,68437,82826,Rhinolophus ferrumequinum,0.028,0.028,-1,Echolocation,/mnt/ubna_data_01_mir/recover-20220825/UBNA_002/20220823_033000.WAV,Telephone Field,recover-20220825,002,1795
1072.9865,1072.9994,24609,30818,Nyctalus leisleri,0.011,0.028,-1,Echolocation,/mnt/ubna_data_01_mir/recover-20220825/UBNA_002/20220823_033000.WAV,Telephone Field,recover-20220825,002,1795
1073.0065,1073.0129,49531,57846,Pipistrellus pipistrellus,0.022,0.028,-1,Echolocation,/mnt/ubna_data_01_mir/recover-20220825/UBNA_002/20220823_033000.WAV,Telephone Field,recover-20220825,002,1795
1073.0205,1073.0625,68437,82759,Rhinolophus ferrumequinum,0.025,0.025,-1,Echolocation,/mnt/ubna_data_01_mir/recover-20220825/UBNA_002/20220823_033000.WAV,Telephone Field,recover-20220825,002,1795
1073.0235,1073.0337,54687,58846,Pipistrellus pygmaeus,0.021,0.022,-1,Echolocation,/mnt/ubna_data_01_mir/recover-20220825/UBNA_002/20220823_033000.WAV,Telephone Field,recover-20220825,002,1795
1073.0265,1073.0337,27187,39595,Eptesicus serotinus,0.007,0.022,-1,Echolocation,/mnt/ubna_data_01_mir/recover-20220825/UBNA_002/20220823_033000.WAV,Telephone Field,recover-20220825,002,1795
1073.0495,1073.089,68437,82034,Rhinolophus ferrumequinum,0.023,0.023,-1,Echolocation,/mnt/ubna_data_01_mir/recover-20220825/UBNA_002/20220823_033000.WAV,Telephone Field,recover-20220825,002,1795
1073.0675,1073.1054,68437,82072,Rhinolophus ferrumequinum,0.022,0.022,-1,Echolocation,/mnt/ubna_data_01_mir/recover-20220825/UBNA_002/20220823_033000.WAV,Telephone Field,recover-20220825,002,1795
1073.0815,1073.0904,27187,36475,Eptesicus serotinus,0.008,0.022,-1,Echolocation,/mnt/ubna_data_01_mir/recover-20220825/UBNA_002/20220823_033000.WAV,Telephone Field,recover-20220825,002,1795
1073.1155,1073.1571,68437,83356,Rhinolophus ferrumequinum,0.031,0.031,-1,Echolocation,/mnt/ubna_data_01_mir/recover-20220825/UBNA_002/20220823_033000.WAV,Telephone Field,recover-20220825,002,1795
1073.1335,1073.1751,68437,82947,Rhinolophus ferrumequinum,0.023,0.023,-1,Echolocation,/mnt/ubna_data_01_mir/recover-20220825/UBNA_002/20220823_033000.WAV,Telephone Field,recover-20220825,002,1795
1073.1365,1073.1434,29765,42406,Myotis daubentonii,0.009,0.027,-1,Echolocation,/mnt/ubna_data_01_mir/recover-20220825/UBNA_002/20220823_033000.WAV,Telephone Field,recover-20220825,002,1795
1073.1565,1073.1646,28046,37907,Eptesicus serotinus,0.008,0.023,-1,Echolocation,/mnt/ubna_data_01_mir/recover-20220825/UBNA_002/20220823_033000.WAV,Telephone Field,recover-20220825,002,1795
1073.1915,1073.1991,45234,54912,Pipistrellus pipistrellus,0.013,0.022,-1,Echolocation,/mnt/ubna_data_01_mir/recover-20220825/UBNA_002/20220823_033000.WAV,Telephone Field,recover-20220825,002,1795
1073.1925,1073.2353,68437,82796,Rhinolophus ferrumequinum,0.034,0.034,-1,Echolocation,/mnt/ubna_data_01_mir/recover-20220825/UBNA_002/20220823_033000.WAV,Telephone Field,recover-20220825,002,1795
1073.1985,1073.2396,68437,83167,Rhinolophus ferrumequinum,0.036,0.036,-1,Echolocation,/mnt/ubna_data_01_mir/recover-20220825/UBNA_002/20220823_033000.WAV,Telephone Field,recover-20220825,002,1795
1073.2065,1073.2162,23750,30597,Nyctalus leisleri,0.008,0.025,-1,Echolocation,/mnt/ubna_data_01_mir/recover-20220825/UBNA_002/20220823_033000.WAV,Telephone Field,recover-20220825,002,1795
1073.2385,1073.2709,68437,80179,Rhinolophus ferrumequinum,0.024,0.024,-1,Echolocation,/mnt/ubna_data_01_mir/recover-20220825/UBNA_002/20220823_033000.WAV,Telephone Field,recover-20220825,002,1795
1073.2615,1073.2697,27187,38072,Eptesicus serotinus,0.008,0.022,-1,Echolocation,/mnt/ubna_data_01_mir/recover-20220825/UBNA_002/20220823_033000.WAV,Telephone Field,recover-20220825,002,1795
1073.3035,1073.3133,28046,37069,Eptesicus serotinus,0.008,0.021,-1,Echolocation,/mnt/ubna_data_01_mir/recover-20220825/UBNA_002/20220823_033000.WAV,Telephone Field,recover-20220825,002,1795
1073.3165,1073.3267,27187,35311,Eptesicus serotinus,0.01,0.024,-1,Echolocation,/mnt/ubna_data_01_mir/recover-20220825/UBNA_002/20220823_033000.WAV,Telephone Field,recover-20220825,002,1795
1073.3225,1073.3612,68437,82214,Rhinolophus ferrumequinum,0.028,0.029,-1,Echolocation,/mnt/ubna_data_01_mir/recover-20220825/UBNA_002/20220823_033000.WAV,Telephone Field,recover-20220825,002,1795
1073.3235,1073.3319,27187,37154,Eptesicus serotinus,0.008,0.025,-1,Echolocation,/mnt/ubna_data_01_mir/recover-20220825/UBNA_002/20220823_033000.WAV,Telephone Field,recover-20220825,002,1795
1073.3705,1073.3769,27187,42874,Eptesicus serotinus,0.005,0.022,-1,Echolocation,/mnt/ubna_data_01_mir/recover-20220825/UBNA_002/20220823_033000.WAV,Telephone Field,recover-20220825,002,1795
1073.4155,1073.4305,21171,24511,Nyctalus leisleri,0.018,0.032,-1,Echolocation,/mnt/ubna_data_01_mir/recover-20220825/UBNA_002/20220823_033000.WAV,Telephone Field,recover-20220825,002,1795
1073.4355,1073.4804,68437,83564,Rhinolophus ferrumequinum,0.03,0.03,-1,Echolocation,/mnt/ubna_data_01_mir/recover-20220825/UBNA_002/20220823_033000.WAV,Telephone Field,recover-20220825,002,1795
1073.4365,1073.4438,27187,39299,Eptesicus serotinus,0.007,0.022,-1,Echolocation,/mnt/ubna_data_01_mir/recover-20220825/UBNA_002/20220823_033000.WAV,Telephone Field,recover-20220825,002,1795
1073.4745,1073.5127,68437,81132,Rhinolophus ferrumequinum,0.021,0.022,-1,Echolocation,/mnt/ubna_data_01_mir/recover-20220825/UBNA_002/20220823_033000.WAV,Telephone Field,recover-20220825,002,1795
1073.5325,1073.5391,28046,41586,Eptesicus serotinus,0.006,0.023,-1,Echolocation,/mnt/ubna_data_01_mir/recover-20220825/UBNA_002/20220823_033000.WAV,Telephone Field,recover-20220825,002,1795
1073.5705,1073.6086,68437,81960,Rhinolophus ferrumequinum,0.022,0.022,-1,Echolocation,/mnt/ubna_data_01_mir/recover-20220825/UBNA_002/20220823_033000.WAV,Telephone Field,recover-20220825,002,1795
1073.6085,1073.6486,68437,83576,Rhinolophus ferrumequinum,0.029,0.029,-1,Echolocation,/mnt/ubna_data_01_mir/recover-20220825/UBNA_002/20220823_033000.WAV,Telephone Field,recover-20220825,002,1795
1073.6115,1073.6191,29765,38764,Myotis daubentonii,0.006,0.022,-1,Echolocation,/mnt/ubna_data_01_mir/recover-20220825/UBNA_002/20220823_033000.WAV,Telephone Field,recover-20220825,002,1795
1073.6325,1073.6425,26328,33551,Eptesicus serotinus,0.008,0.022,-1,Echolocation,/mnt/ubna_data_01_mir/recover-20220825/UBNA_002/20220823_033000.WAV,Telephone Field,recover-20220825,002,1795
1073.7195,1073.7265,27187,39740,Eptesicus serotinus,0.007,0.023,-1,Echolocation,/mnt/ubna_data_01_mir/recover-20220825/UBNA_002/20220823_033000.WAV,Telephone Field,recover-20220825,002,1795
1073.7345,1073.7409,29765,40488,Myotis daubentonii,0.009,0.031,-1,Echolocation,/mnt/ubna_data_01_mir/recover-20220825/UBNA_002/20220823_033000.WAV,Telephone Field,recover-20220825,002,1795
1073.7555,1073.7665,22890,27377,Nyctalus leisleri,0.012,0.022,-1,Echolocation,/mnt/ubna_data_01_mir/recover-20220825/UBNA_002/20220823_033000.WAV,Telephone Field,recover-20220825,002,1795
1073.7825,1073.7898,27187,43360,Eptesicus serotinus,0.008,0.025,-1,Echolocation,/mnt/ubna_data_01_mir/recover-20220825/UBNA_002/20220823_033000.WAV,Telephone Field,recover-20220825,002,1795
1073.7975,1073.8383,68437,82919,Rhinolophus ferrumequinum,0.031,0.031,-1,Echolocation,/mnt/ubna_data_01_mir/recover-20220825/UBNA_002/20220823_033000.WAV,Telephone Field,recover-20220825,002,1795
1073.8065,1073.8156,25468,33310,Eptesicus serotinus,0.009,0.024,-1,Echolocation,/mnt/ubna_data_01_mir/recover-20220825/UBNA_002/20220823_033000.WAV,Telephone Field,recover-20220825,002,1795
1073.8145,1073.8548,68437,82556,Rhinolophus ferrumequinum,0.023,0.023,-1,Echolocation,/mnt/ubna_data_01_mir/recover-20220825/UBNA_002/20220823_033000.WAV,Telephone Field,recover-20220825,002,1795
1073.8505,1073.8867,68437,81510,Rhinolophus ferrumequinum,0.024,0.024,-1,Echolocation,/mnt/ubna_data_01_mir/recover-20220825/UBNA_002/20220823_033000.WAV,Telephone Field,recover-20220825,002,1795
1073.8535,1073.8617,50390,56317,Pipistrellus pipistrellus,0.018,0.022,-1,Echolocation,/mnt/ubna_data_01_mir/recover-20220825/UBNA_002/20220823_033000.WAV,Telephone Field,recover-20220825,002,1795
1073.8795,1073.8875,27187,42515,Eptesicus serotinus,0.008,0.026,-1,Echolocation,/mnt/ubna_data_01_mir/recover-20220825/UBNA_002/20220823_033000.WAV,Telephone Field,recover-20220825,002,1795
1073.9015,1073.9376,68437,80834,Rhinolophus ferrumequinum,0.023,0.023,-1,Echolocation,/mnt/ubna_data_01_mir/recover-20220825/UBNA_002/20220823_033000.WAV,Telephone Field,recover-20220825,002,1795
1073.9225,1073.9288,27187,42013,Eptesicus serotinus,0.006,0.029,-1,Echolocation,/mnt/ubna_data_01_mir/recover-20220825/UBNA_002/20220823_033000.WAV,Telephone Field,recover-20220825,002,1795
1073.9815,1073.9891,28046,36621,Eptesicus serotinus,0.007,0.023,-1,Echolocation,/mnt/ubna_data_01_mir/recover-20220825/UBNA_002/20220823_033000.WAV,Telephone Field,recover-20220825,002,1795
1074.0015,1074.0324,69296,81480,Rhinolophus ferrumequinum,0.032,0.032,-1,Echolocation,/mnt/ubna_data_01_mir/recover-20220825/UBNA_002/20220823_033000.WAV,Telephone Field,recover-20220825,002,1795
1074.0015,1074.0105,24609,34375,Nyctalus leisleri,0.012,0.04,-1,Echolocation,/mnt/ubna_data_01_mir/recover-20220825/UBNA_002/20220823_033000.WAV,Telephone Field,recover-20220825,002,1795
1074.0205,1074.0314,24609,31932,Eptesicus serotinus,0.018,0.044,-1,Echolocation,/mnt/ubna_data_01_mir/recover-20220825/UBNA_002/20220823_033000.WAV,Telephone Field,recover-20220825,002,1795
1074.0395,1074.0824,68437,83205,Rhinolophus ferrumequinum,0.024,0.024,-1,Echolocation,/mnt/ubna_data_01_mir/recover-20220825/UBNA_002/20220823_033000.WAV,Telephone Field,recover-20220825,002,1795
1074.0965,1074.1377,68437,82316,Rhinolophus ferrumequinum,0.021,0.021,-1,Echolocation,/mnt/ubna_data_01_mir/recover-20220825/UBNA_002/20220823_033000.WAV,Telephone Field,recover-20220825,002,1795
1074.1185,1074.1541,68437,81600,Rhinolophus ferrumequinum,0.025,0.025,-1,Echolocation,/mnt/ubna_data_01_mir/recover-20220825/UBNA_002/20220823_033000.WAV,Telephone Field,recover-20220825,002,1795
1074.1215,1074.1314,28906,36937,Eptesicus serotinus,0.011,0.023,-1,Echolocation,/mnt/ubna_data_01_mir/recover-20220825/UBNA_002/20220823_033000.WAV,Telephone Field,recover-20220825,002,1795
1074.2325,1074.271,68437,81570,Rhinolophus ferrumequinum,0.024,0.024,-1,Echolocation,/mnt/ubna_data_01_mir/recover-20220825/UBNA_002/20220823_033000.WAV,Telephone Field,recover-20220825,002,1795
1074.2635,1074.3041,68437,81812,Rhinolophus ferrumequinum,0.026,0.026,-1,Echolocation,/mnt/ubna_data_01_mir/recover-20220825/UBNA_002/20220823_033000.WAV,Telephone Field,recover-20220825,002,1795
1074.2635,1074.2737,22890,28938,Nyctalus leisleri,0.009,0.022,-1,Echolocation,/mnt/ubna_data_01_mir/recover-20220825/UBNA_002/20220823_033000.WAV,Telephone Field,recover-20220825,002,1795
1074.2855,1074.2941,28906,38990,Eptesicus serotinus,0.009,0.024,-1,Echolocation,/mnt/ubna_data_01_mir/recover-20220825/UBNA_002/20220823_033000.WAV,Telephone Field,recover-20220825,002,1795
1074.3255,1074.3341,25468,33875,Eptesicus serotinus,0.007,0.025,-1,Echolocation,/mnt/ubna_data_01_mir/recover-20220825/UBNA_002/20220823_033000.WAV,Telephone Field,recover-20220825,002,1795
1074.3355,1074.3426,27187,36797,Eptesicus serotinus,0.007,0.023,-1,Echolocation,/mnt/ubna_data_01_mir/recover-20220825/UBNA_002/20220823_033000.WAV,Telephone Field,recover-20220825,002,1795
1074.3515,1074.3926,68437,82728,Rhinolophus ferrumequinum,0.024,0.024,-1,Echolocation,/mnt/ubna_data_01_mir/recover-20220825/UBNA_002/20220823_033000.WAV,Telephone Field,recover-20220825,002,1795
1074.3545,1074.3631,28046,37608,Eptesicus serotinus,0.009,0.025,-1,Echolocation,/mnt/ubna_data_01_mir/recover-20220825/UBNA_002/20220823_033000.WAV,Telephone Field,recover-20220825,002,1795
1074.3665,1074.3754,28906,36740,Eptesicus serotinus,0.009,0.025,-1,Echolocation,/mnt/ubna_data_01_mir/recover-20220825/UBNA_002/20220823_033000.WAV,Telephone Field,recover-20220825,002,1795
1074.3925,1074.4349,68437,82412,Rhinolophus ferrumequinum,0.022,0.022,-1,Echolocation,/mnt/ubna_data_01_mir/recover-20220825/UBNA_002/20220823_033000.WAV,Telephone Field,recover-20220825,002,1795
1074.4165,1074.4559,68437,81610,Rhinolophus ferrumequinum,0.023,0.023,-1,Echolocation,/mnt/ubna_data_01_mir/recover-20220825/UBNA_002/20220823_033000.WAV,Telephone Field,recover-20220825,002,1795
1074.4425,1074.4814,68437,82487,Rhinolophus ferrumequinum,0.024,0.024,-1,Echolocation,/mnt/ubna_data_01_mir/recover-20220825/UBNA_002/20220823_033000.WAV,Telephone Field,recover-20220825,002,1795
1074.4945,1074.5068,23750,28571,Nyctalus leisleri,0.039,0.081,-1,Echolocation,/mnt/ubna_data_01_mir/recover-20220825/UBNA_002/20220823_033000.WAV,Telephone Field,recover-20220825,002,1795
1074.5095,1074.5441,68437,81780,Rhinolophus ferrumequinum,0.026,0.026,-1,Echolocation,/mnt/ubna_data_01_mir/recover-20220825/UBNA_002/20220823_033000.WAV,Telephone Field,recover-20220825,002,1795
1074.5215,1074.5542,68437,80972,Rhinolophus ferrumequinum,0.022,0.022,-1,Echolocation,/mnt/ubna_data_01_mir/recover-20220825/UBNA_002/20220823_033000.WAV,Telephone Field,recover-20220825,002,1795
1074.5225,1074.5364,24609,29891,Nyctalus leisleri,0.012,0.026,-1,Echolocation,/mnt/ubna_data_01_mir/recover-20220825/UBNA_002/20220823_033000.WAV,Telephone Field,recover-20220825,002,1795
1074.5315,1074.5425,23750,29332,Nyctalus leisleri,0.011,0.023,-1,Echolocation,/mnt/ubna_data_01_mir/recover-20220825/UBNA_002/20220823_033000.WAV,Telephone Field,recover-20220825,002,1795
1074.5375,1074.5455,28906,42437,Eptesicus serotinus,0.009,0.025,-1,Echolocation,/mnt/ubna_data_01_mir/recover-20220825/UBNA_002/20220823_033000.WAV,Telephone Field,recover-20220825,002,1795
1074.5385,1074.5785,68437,81768,Rhinolophus ferrumequinum,0.022,0.022,-1,Echolocation,/mnt/ubna_data_01_mir/recover-20220825/UBNA_002/20220823_033000.WAV,Telephone Field,recover-20220825,002,1795
1074.5575,1074.5959,68437,81785,Rhinolophus ferrumequinum,0.023,0.023,-1,Echolocation,/mnt/ubna_data_01_mir/recover-20220825/UBNA_002/20220823_033000.WAV,Telephone Field,recover-20220825,002,1795
1074.5785,1074.5847,26328,39586,Myotis nattereri,0.005,0.024,-1,Echolocation,/mnt/ubna_data_01_mir/recover-20220825/UBNA_002/20220823_033000.WAV,Telephone Field,recover-20220825,002,1795
1074.5795,1074.6197,68437,82669,Rhinolophus ferrumequinum,0.024,0.024,-1,Echolocation,/mnt/ubna_data_01_mir/recover-20220825/UBNA_002/20220823_033000.WAV,Telephone Field,recover-20220825,002,1795
1074.6045,1074.6459,68437,82839,Rhinolophus ferrumequinum,0.028,0.028,-1,Echolocation,/mnt/ubna_data_01_mir/recover-20220825/UBNA_002/20220823_033000.WAV,Telephone Field,recover-20220825,002,1795
1074.6255,1074.6595,68437,80735,Rhinolophus ferrumequinum,0.031,0.031,-1,Echolocation,/mnt/ubna_data_01_mir/recover-20220825/UBNA_002/20220823_033000.WAV,Telephone Field,recover-20220825,002,1795
1074.6315,1074.641,28906,37241,Eptesicus serotinus,0.01,0.026,-1,Echolocation,/mnt/ubna_data_01_mir/recover-20220825/UBNA_002/20220823_033000.WAV,Telephone Field,recover-20220825,002,1795
1074.6385,1074.65,25468,31500,Nyctalus leisleri,0.011,0.028,-1,Echolocation,/mnt/ubna_data_01_mir/recover-20220825/UBNA_002/20220823_033000.WAV,Telephone Field,recover-20220825,002,1795
1074.6485,1074.685,68437,81744,Rhinolophus ferrumequinum,0.021,0.021,-1,Echolocation,/mnt/ubna_data_01_mir/recover-20220825/UBNA_002/20220823_033000.WAV,Telephone Field,recover-20220825,002,1795
1074.6495,1074.6614,27187,32626,Eptesicus serotinus,0.011,0.024,-1,Echolocation,/mnt/ubna_data_01_mir/recover-20220825/UBNA_002/20220823_033000.WAV,Telephone Field,recover-20220825,002,1795
1074.6795,1074.6915,22890,27529,Nyctalus leisleri,0.015,0.027,-1,Echolocation,/mnt/ubna_data_01_mir/recover-20220825/UBNA_002/20220823_033000.WAV,Telephone Field,recover-20220825,002,1795
1074.6795,1074.72,68437,82997,Rhinolophus ferrumequinum,0.038,0.038,-1,Echolocation,/mnt/ubna_data_01_mir/recover-20220825/UBNA_002/20220823_033000.WAV,Telephone Field,recover-20220825,002,1795
1074.7165,1074.7518,68437,81731,Rhinolophus ferrumequinum,0.024,0.024,-1,Echolocation,/mnt/ubna_data_01_mir/recover-20220825/UBNA_002/20220823_033000.WAV,Telephone Field,recover-20220825,002,1795
1074.7255,1074.7361,23750,29065,Nyctalus leisleri,0.012,0.026,-1,Echolocation,/mnt/ubna_data_01_mir/recover-20220825/UBNA_002/20220823_033000.WAV,Telephone Field,recover-20220825,002,1795
1074.7445,1074.787,68437,82699,Rhinolophus ferrumequinum,0.025,0.025,-1,Echolocation,/mnt/ubna_data_01_mir/recover-20220825/UBNA_002/20220823_033000.WAV,Telephone Field,recover-20220825,002,1795
1074.8075,1074.8147,28046,38194,Eptesicus serotinus,0.006,0.021,-1,Echolocation,/mnt/ubna_data_01_mir/recover-20220825/UBNA_002/20220823_033000.WAV,Telephone Field,recover-20220825,002,1795
1074.8115,1074.8201,44375,50160,Pipistrellus pipistrellus,0.019,0.023,-1,Echolocation,/mnt/ubna_data_01_mir/recover-20220825/UBNA_002/20220823_033000.WAV,Telephone Field,recover-20220825,002,1795
1074.8515,1074.893,68437,83075,Rhinolophus ferrumequinum,0.026,0.026,-1,Echolocation,/mnt/ubna_data_01_mir/recover-20220825/UBNA_002/20220823_033000.WAV,Telephone Field,recover-20220825,002,1795
1074.9575,1074.9789,18593,21264,Nyctalus noctula,0.014,0.03,-1,Echolocation,/mnt/ubna_data_01_mir/recover-20220825/UBNA_002/20220823_033000.WAV,Telephone Field,recover-20220825,002,1795
1074.9805,1074.989,55546,60883,Pipistrellus pygmaeus,0.02,0.022,-1,Echolocation,/mnt/ubna_data_01_mir/recover-20220825/UBNA_002/20220823_033000.WAV,Telephone Field,recover-20220825,002,1795
1074.9865,1075.0252,68437,82489,Rhinolophus ferrumequinum,0.03,0.03,-1,Echolocation,/mnt/ubna_data_01_mir/recover-20220825/UBNA_002/20220823_033000.WAV,Telephone Field,recover-20220825,002,1795
1074.9875,1074.994,27187,39164,Eptesicus serotinus,0.006,0.026,-1,Echolocation,/mnt/ubna_data_01_mir/recover-20220825/UBNA_002/20220823_033000.WAV,Telephone Field,recover-20220825,002,1795
1074.9965,1075.0357,68437,82409,Rhinolophus ferrumequinum,0.022,0.022,-1,Echolocation,/mnt/ubna_data_01_mir/recover-20220825/UBNA_002/20220823_033000.WAV,Telephone Field,recover-20220825,002,1795
1075.0125,1075.0223,22890,28872,Nyctalus leisleri,0.009,0.022,-1,Echolocation,/mnt/ubna_data_01_mir/recover-20220825/UBNA_002/20220823_033000.WAV,Telephone Field,recover-20220825,002,1795
1075.0275,1075.0378,28906,36320,Eptesicus serotinus,0.01,0.024,-1,Echolocation,/mnt/ubna_data_01_mir/recover-20220825/UBNA_002/20220823_033000.WAV,Telephone Field,recover-20220825,002,1795
1075.0375,1075.0762,68437,82517,Rhinolophus ferrumequinum,0.021,0.021,-1,Echolocation,/mnt/ubna_data_01_mir/recover-20220825/UBNA_002/20220823_033000.WAV,Telephone Field,recover-20220825,002,1795
1075.1045,1075.1449,68437,82606,Rhinolophus ferrumequinum,0.024,0.024,-1,Echolocation,/mnt/ubna_data_01_mir/recover-20220825/UBNA_002/20220823_033000.WAV,Telephone Field,recover-20220825,002,1795
1075.1225,1075.1309,28046,40896,Eptesicus serotinus,0.007,0.022,-1,Echolocation,/mnt/ubna_data_01_mir/recover-20220825/UBNA_002/20220823_033000.WAV,Telephone Field,recover-20220825,002,1795
1075.1735,1075.2145,68437,82260,Rhinolophus ferrumequinum,0.027,0.027,-1,Echolocation,/mnt/ubna_data_01_mir/recover-20220825/UBNA_002/20220823_033000.WAV,Telephone Field,recover-20220825,002,1795
1075.1775,1075.1843,26328,40555,Eptesicus serotinus,0.005,0.022,-1,Echolocation,/mnt/ubna_data_01_mir/recover-20220825/UBNA_002/20220823_033000.WAV,Telephone Field,recover-20220825,002,1795
1075.1895,1075.2006,28906,36369,Eptesicus serotinus,0.012,0.026,-1,Echolocation,/mnt/ubna_data_01_mir/recover-20220825/UBNA_002/20220823_033000.WAV,Telephone Field,recover-20220825,002,1795
1075.2145,1075.2534,68437,82523,Rhinolophus ferrumequinum,0.026,0.026,-1,Echolocation,/mnt/ubna_data_01_mir/recover-20220825/UBNA_002/20220823_033000.WAV,Telephone Field,recover-20220825,002,1795
1075.2215,1075.2605,68437,82754,Rhinolophus ferrumequinum,0.027,0.027,-1,Echolocation,/mnt/ubna_data_01_mir/recover-20220825/UBNA_002/20220823_033000.WAV,Telephone Field,recover-20220825,002,1795
1075.2715,1075.2822,28046,35691,Eptesicus serotinus,0.016,0.031,-1,Echolocation,/mnt/ubna_data_01_mir/recover-20220825/UBNA_002/20220823_033000.WAV,Telephone Field,recover-20220825,002,1795
1075.2955,1075.3327,68437,81618,Rhinolophus ferrumequinum,0.021,0.021,-1,Echolocation,/mnt/ubna_data_01_mir/recover-20220825/UBNA_002/20220823_033000.WAV,Telephone Field,recover-20220825,002,1795
1075.3125,1075.3536,68437,83020,Rhinolophus ferrumequinum,0.024,0.024,-1,Echolocation,/mnt/ubna_data_01_mir/recover-20220825/UBNA_002/20220823_033000.WAV,Telephone Field,recover-20220825,002,1795
1075.3165,1075.327,28046,35837,Eptesicus serotinus,0.011,0.024,-1,Echolocation,/mnt/ubna_data_01_mir/recover-20220825/UBNA_002/20220823_033000.WAV,Telephone Field,recover-20220825,002,1795
1075.3215,1075.3598,68437,82501,Rhinolophus ferrumequinum,0.025,0.025,-1,Echolocation,/mnt/ubna_data_01_mir/recover-20220825/UBNA_002/20220823_033000.WAV,Telephone Field,recover-20220825,002,1795
1075.3395,1075.3755,68437,81552,Rhinolophus ferrumequinum,0.023,0.023,-1,Echolocation,/mnt/ubna_data_01_mir/recover-20220825/UBNA_002/20220823_033000.WAV,Telephone Field,recover-20220825,002,1795
1075.3785,1075.3838,26328,50542,Myotis nattereri,0.011,0.027,-1,Echolocation,/mnt/ubna_data_01_mir/recover-20220825/UBNA_002/20220823_033000.WAV,Telephone Field,recover-20220825,002,1795
1075.3905,1075.4304,68437,82021,Rhinolophus ferrumequinum,0.022,0.022,-1,Echolocation,/mnt/ubna_data_01_mir/recover-20220825/UBNA_002/20220823_033000.WAV,Telephone Field,recover-20220825,002,1795
1075.3975,1075.4346,68437,81311,Rhinolophus ferrumequinum,0.024,0.024,-1,Echolocation,/mnt/ubna_data_01_mir/recover-20220825/UBNA_002/20220823_033000.WAV,Telephone Field,recover-20220825,002,1795
1075.4215,1075.4629,68437,83242,Rhinolophus ferrumequinum,0.027,0.027,-1,Echolocation,/mnt/ubna_data_01_mir/recover-20220825/UBNA_002/20220823_033000.WAV,Telephone Field,recover-20220825,002,1795
1075.4445,1075.4508,27187,42296,Eptesicus serotinus,0.007,0.028,-1,Echolocation,/mnt/ubna_data_01_mir/recover-20220825/UBNA_002/20220823_033000.WAV,Telephone Field,recover-20220825,002,1795
1075.4525,1075.4904,68437,81695,Rhinolophus ferrumequinum,0.021,0.021,-1,Echolocation,/mnt/ubna_data_01_mir/recover-20220825/UBNA_002/20220823_033000.WAV,Telephone Field,recover-20220825,002,1795
1075.4755,1075.4884,45234,49068,Pipistrellus pipistrellus,0.047,0.053,-1,Echolocation,/mnt/ubna_data_01_mir/recover-20220825/UBNA_002/20220823_033000.WAV,Telephone Field,recover-20220825,002,1795
1075.4755,1075.4827,27187,40751,Eptesicus serotinus,0.007,0.023,-1,Echolocation,/mnt/ubna_data_01_mir/recover-20220825/UBNA_002/20220823_033000.WAV,Telephone Field,recover-20220825,002,1795
1075.4905,1075.5223,68437,80413,Rhinolophus ferrumequinum,0.023,0.024,-1,Echolocation,/mnt/ubna_data_01_mir/recover-20220825/UBNA_002/20220823_033000.WAV,Telephone Field,recover-20220825,002,1795
1075.4935,1075.5041,22890,27401,Nyctalus leisleri,0.011,0.022,-1,Echolocation,/mnt/ubna_data_01_mir/recover-20220825/UBNA_002/20220823_033000.WAV,Telephone Field,recover-20220825,002,1795
1075.5065,1075.5137,24609,34257,Plecotus austriacus,0.011,0.027,-1,Echolocation,/mnt/ubna_data_01_mir/recover-20220825/UBNA_002/20220823_033000.WAV,Telephone Field,recover-20220825,002,1795
1075.5395,1075.5781,68437,82301,Rhinolophus ferrumequinum,0.028,0.028,-1,Echolocation,/mnt/ubna_data_01_mir/recover-20220825/UBNA_002/20220823_033000.WAV,Telephone Field,recover-20220825,002,1795
1075.5925,1075.6305,68437,81527,Rhinolophus ferrumequinum,0.023,0.023,-1,Echolocation,/mnt/ubna_data_01_mir/recover-20220825/UBNA_002/20220823_033000.WAV,Telephone Field,recover-20220825,002,1795
1075.6115,1075.6163999999999,38359,49951,Myotis daubentonii,0.009,0.024,-1,Echolocation,/mnt/ubna_data_01_mir/recover-20220825/UBNA_002/20220823_033000.WAV,Telephone Field,recover-20220825,002,1795
1075.6135,1075.6517,68437,81308,Rhinolophus ferrumequinum,0.025,0.025,-1,Echolocation,/mnt/ubna_data_01_mir/recover-20220825/UBNA_002/20220823_033000.WAV,Telephone Field,recover-20220825,002,1795
1075.6375,1075.6771,68437,82094,Rhinolophus ferrumequinum,0.023,0.023,-1,Echolocation,/mnt/ubna_data_01_mir/recover-20220825/UBNA_002/20220823_033000.WAV,Telephone Field,recover-20220825,002,1795
1075.6675,1075.6764,23750,31178,Nyctalus leisleri,0.007,0.027,-1,Echolocation,/mnt/ubna_data_01_mir/recover-20220825/UBNA_002/20220823_033000.WAV,Telephone Field,recover-20220825,002,1795
1075.6705,1075.708,68437,81516,Rhinolophus ferrumequinum,0.024,0.024,-1,Echolocation,/mnt/ubna_data_01_mir/recover-20220825/UBNA_002/20220823_033000.WAV,Telephone Field,recover-20220825,002,1795
1075.6785,1075.717,68437,81825,Rhinolophus ferrumequinum,0.025,0.026,-1,Echolocation,/mnt/ubna_data_01_mir/recover-20220825/UBNA_002/20220823_033000.WAV,Telephone Field,recover-20220825,002,1795
1075.7515,1075.7582,32343,42218,Myotis daubentonii,0.011,0.025,-1,Echolocation,/mnt/ubna_data_01_mir/recover-20220825/UBNA_002/20220823_033000.WAV,Telephone Field,recover-20220825,002,1795
1075.7525,1075.7597,27187,39732,Eptesicus serotinus,0.006,0.024,-1,Echolocation,/mnt/ubna_data_01_mir/recover-20220825/UBNA_002/20220823_033000.WAV,Telephone Field,recover-20220825,002,1795
1075.7585,1075.7654,27187,39992,Eptesicus serotinus,0.006,0.023,-1,Echolocation,/mnt/ubna_data_01_mir/recover-20220825/UBNA_002/20220823_033000.WAV,Telephone Field,recover-20220825,002,1795
1075.7585,1075.7711,22031,26178,Nyctalus leisleri,0.012,0.021,-1,Echolocation,/mnt/ubna_data_01_mir/recover-20220825/UBNA_002/20220823_033000.WAV,Telephone Field,recover-20220825,002,1795
1075.7585,1075.7946,68437,82151,Rhinolophus ferrumequinum,0.029,0.029,-1,Echolocation,/mnt/ubna_data_01_mir/recover-20220825/UBNA_002/20220823_033000.WAV,Telephone Field,recover-20220825,002,1795
1075.7795,1075.7911,22890,27473,Nyctalus leisleri,0.012,0.023,-1,Echolocation,/mnt/ubna_data_01_mir/recover-20220825/UBNA_002/20220823_033000.WAV,Telephone Field,recover-20220825,002,1795
1075.7915,1075.8305,68437,81633,Rhinolophus ferrumequinum,0.024,0.024,-1,Echolocation,/mnt/ubna_data_01_mir/recover-20220825/UBNA_002/20220823_033000.WAV,Telephone Field,recover-20220825,002,1795
1075.7995,1075.8099,23750,29957,Nyctalus leisleri,0.009,0.022,-1,Echolocation,/mnt/ubna_data_01_mir/recover-20220825/UBNA_002/20220823_033000.WAV,Telephone Field,recover-20220825,002,1795
1075.8025,1075.8458,68437,83055,Rhinolophus ferrumequinum,0.052,0.052,-1,Echolocation,/mnt/ubna_data_01_mir/recover-20220825/UBNA_002/20220823_033000.WAV,Telephone Field,recover-20220825,002,1795
1075.8475,1075.8552,28046,37215,Eptesicus serotinus,0.009,0.024,-1,Echolocation,/mnt/ubna_data_01_mir/recover-20220825/UBNA_002/20220823_033000.WAV,Telephone Field,recover-20220825,002,1795
1075.8585,1075.8979,68437,81733,Rhinolophus ferrumequinum,0.022,0.022,-1,Echolocation,/mnt/ubna_data_01_mir/recover-20220825/UBNA_002/20220823_033000.WAV,Telephone Field,recover-20220825,002,1795
1075.8805,1075.9216,68437,82109,Rhinolophus ferrumequinum,0.031,0.031,-1,Echolocation,/mnt/ubna_data_01_mir/recover-20220825/UBNA_002/20220823_033000.WAV,Telephone Field,recover-20220825,002,1795
1075.8915,1075.9318,68437,83037,Rhinolophus ferrumequinum,0.027,0.027,-1,Echolocation,/mnt/ubna_data_01_mir/recover-20220825/UBNA_002/20220823_033000.WAV,Telephone Field,recover-20220825,002,1795
1075.9195,1075.9288,24609,31049,Nyctalus leisleri,0.008,0.022,-1,Echolocation,/mnt/ubna_data_01_mir/recover-20220825/UBNA_002/20220823_033000.WAV,Telephone Field,recover-20220825,002,1795
1075.9375,1075.9759,68437,81956,Rhinolophus ferrumequinum,0.023,0.023,-1,Echolocation,/mnt/ubna_data_01_mir/recover-20220825/UBNA_002/20220823_033000.WAV,Telephone Field,recover-20220825,002,1795
1075.9545,1075.9901,68437,81619,Rhinolophus ferrumequinum,0.023,0.023,-1,Echolocation,/mnt/ubna_data_01_mir/recover-20220825/UBNA_002/20220823_033000.WAV,Telephone Field,recover-20220825,002,1795
1076.0015,1076.0138,20312,25735,Nyctalus leisleri,0.038,0.08,-1,Echolocation,/mnt/ubna_data_01_mir/recover-20220825/UBNA_002/20220823_033000.WAV,Telephone Field,recover-20220825,002,1795
1076.0015,1076.0327,69296,81374,Rhinolophus ferrumequinum,0.029,0.029,-1,Echolocation,/mnt/ubna_data_01_mir/recover-20220825/UBNA_002/20220823_033000.WAV,Telephone Field,recover-20220825,002,1795
1076.0105,1076.0497,68437,82182,Rhinolophus ferrumequinum,0.023,0.023,-1,Echolocation,/mnt/ubna_data_01_mir/recover-20220825/UBNA_002/20220823_033000.WAV,Telephone Field,recover-20220825,002,1795
1076.0755,1076.0857,22890,28879,Nyctalus leisleri,0.009,0.022,-1,Echolocation,/mnt/ubna_data_01_mir/recover-20220825/UBNA_002/20220823_033000.WAV,Telephone Field,recover-20220825,002,1795
1076.0845,1076.1157,68437,80807,Rhinolophus ferrumequinum,0.029,0.029,-1,Echolocation,/mnt/ubna_data_01_mir/recover-20220825/UBNA_002/20220823_033000.WAV,Telephone Field,recover-20220825,002,1795
1076.1025,1076.143,68437,82608,Rhinolophus ferrumequinum,0.028,0.028,-1,Echolocation,/mnt/ubna_data_01_mir/recover-20220825/UBNA_002/20220823_033000.WAV,Telephone Field,recover-20220825,002,1795
1076.1135,1076.1518,68437,81963,Rhinolophus ferrumequinum,0.022,0.022,-1,Echolocation,/mnt/ubna_data_01_mir/recover-20220825/UBNA_002/20220823_033000.WAV,Telephone Field,recover-20220825,002,1795
1076.1425,1076.18,68437,81957,Rhinolophus ferrumequinum,0.022,0.022,-1,Echolocation,/mnt/ubna_data_01_mir/recover-20220825/UBNA_002/20220823_033000.WAV,Telephone Field,recover-20220825,002,1795
1076.1485,1076.1594,23750,29963,Nyctalus leisleri,0.009,0.023,-1,Echolocation,/mnt/ubna_data_01_mir/recover-20220825/UBNA_002/20220823_033000.WAV,Telephone Field,recover-20220825,002,1795
1076.1655,1076.2005,68437,81492,Rhinolophus ferrumequinum,0.034,0.034,-1,Echolocation,/mnt/ubna_data_01_mir/recover-20220825/UBNA_002/20220823_033000.WAV,Telephone Field,recover-20220825,002,1795
1076.1725,1076.1877,23750,27810,Nyctalus leisleri,0.017,0.033,-1,Echolocation,/mnt/ubna_data_01_mir/recover-20220825/UBNA_002/20220823_033000.WAV,Telephone Field,recover-20220825,002,1795
1076.1845,1076.1909,26328,39485,Plecotus austriacus,0.005,0.023,-1,Echolocation,/mnt/ubna_data_01_mir/recover-20220825/UBNA_002/20220823_033000.WAV,Telephone Field,recover-20220825,002,1795
1076.1925,1076.2281,68437,81285,Rhinolophus ferrumequinum,0.022,0.023,-1,Echolocation,/mnt/ubna_data_01_mir/recover-20220825/UBNA_002/20220823_033000.WAV,Telephone Field,recover-20220825,002,1795
1076.1995,1076.2085,15156,23270,Plecotus auritus,0.011,0.024,-1,Echolocation,/mnt/ubna_data_01_mir/recover-20220825/UBNA_002/20220823_033000.WAV,Telephone Field,recover-20220825,002,1795
1076.2225,1076.2628,68437,82340,Rhinolophus ferrumequinum,0.022,0.022,-1,Echolocation,/mnt/ubna_data_01_mir/recover-20220825/UBNA_002/20220823_033000.WAV,Telephone Field,recover-20220825,002,1795
1076.2275,1076.2389,28046,34717,Eptesicus serotinus,0.017,0.031,-1,Echolocation,/mnt/ubna_data_01_mir/recover-20220825/UBNA_002/20220823_033000.WAV,Telephone Field,recover-20220825,002,1795
1076.2435,1076.2507,27187,42092,Eptesicus serotinus,0.006,0.023,-1,Echolocation,/mnt/ubna_data_01_mir/recover-20220825/UBNA_002/20220823_033000.WAV,Telephone Field,recover-20220825,002,1795
1076.2675,1076.2835,24609,29878,Eptesicus serotinus,0.055,0.133,-1,Echolocation,/mnt/ubna_data_01_mir/recover-20220825/UBNA_002/20220823_033000.WAV,Telephone Field,recover-20220825,002,1795
1076.3335,1076.3739,68437,82756,Rhinolophus ferrumequinum,0.029,0.029,-1,Echolocation,/mnt/ubna_data_01_mir/recover-20220825/UBNA_002/20220823_033000.WAV,Telephone Field,recover-20220825,002,1795
1076.3575,1076.3662,28046,37480,Eptesicus serotinus,0.008,0.023,-1,Echolocation,/mnt/ubna_data_01_mir/recover-20220825/UBNA_002/20220823_033000.WAV,Telephone Field,recover-20220825,002,1795
1076.3745,1076.3824,22890,30393,Plecotus austriacus,0.01,0.022,-1,Echolocation,/mnt/ubna_data_01_mir/recover-20220825/UBNA_002/20220823_033000.WAV,Telephone Field,recover-20220825,002,1795
1076.4135,1076.4304,25468,29376,Nyctalus leisleri,0.084,0.172,-1,Echolocation,/mnt/ubna_data_01_mir/recover-20220825/UBNA_002/20220823_033000.WAV,Telephone Field,recover-20220825,002,1795
1076.4405,1076.4508,22890,29018,Nyctalus leisleri,0.011,0.03,-1,Echolocation,/mnt/ubna_data_01_mir/recover-20220825/UBNA_002/20220823_033000.WAV,Telephone Field,recover-20220825,002,1795
1076.4635,1076.5013,68437,82054,Rhinolophus ferrumequinum,0.022,0.022,-1,Echolocation,/mnt/ubna_data_01_mir/recover-20220825/UBNA_002/20220823_033000.WAV,Telephone Field,recover-20220825,002,1795
1076.5005,1076.5427,68437,82845,Rhinolophus ferrumequinum,0.027,0.027,-1,Echolocation,/mnt/ubna_data_01_mir/recover-20220825/UBNA_002/20220823_033000.WAV,Telephone Field,recover-20220825,002,1795
1076.5005,1076.508,45234,56408,Pipistrellus pipistrellus,0.014,0.023,-1,Echolocation,/mnt/ubna_data_01_mir/recover-20220825/UBNA_002/20220823_033000.WAV,Telephone Field,recover-20220825,002,1795
1076.5025,1076.5123,28046,40163,Eptesicus serotinus,0.011,0.026,-1,Echolocation,/mnt/ubna_data_01_mir/recover-20220825/UBNA_002/20220823_033000.WAV,Telephone Field,recover-20220825,002,1795
1076.5235,1076.5648,68437,83363,Rhinolophus ferrumequinum,0.046,0.046,-1,Echolocation,/mnt/ubna_data_01_mir/recover-20220825/UBNA_002/20220823_033000.WAV,Telephone Field,recover-20220825,002,1795
1076.5355,1076.5433,28046,38523,Eptesicus serotinus,0.007,0.022,-1,Echolocation,/mnt/ubna_data_01_mir/recover-20220825/UBNA_002/20220823_033000.WAV,Telephone Field,recover-20220825,002,1795
1076.5505,1076.5906,68437,82334,Rhinolophus ferrumequinum,0.022,0.022,-1,Echolocation,/mnt/ubna_data_01_mir/recover-20220825/UBNA_002/20220823_033000.WAV,Telephone Field,recover-20220825,002,1795
1076.5715,1076.5816,43515,49570,Pipistrellus pipistrellus,0.019,0.022,-1,Echolocation,/mnt/ubna_data_01_mir/recover-20220825/UBNA_002/20220823_033000.WAV,Telephone Field,recover-20220825,002,1795
1076.5935,1076.6296,68437,81376,Rhinolophus ferrumequinum,0.024,0.024,-1,Echolocation,/mnt/ubna_data_01_mir/recover-20220825/UBNA_002/20220823_033000.WAV,Telephone Field,recover-20220825,002,1795
1076.6115,1076.6529,68437,82184,Rhinolophus ferrumequinum,0.025,0.025,-1,Echolocation,/mnt/ubna_data_01_mir/recover-20220825/UBNA_002/20220823_033000.WAV,Telephone Field,recover-20220825,002,1795
1076.6165,1076.6274,22031,26423,Nyctalus leisleri,0.012,0.023,-1,Echolocation,/mnt/ubna_data_01_mir/recover-20220825/UBNA_002/20220823_033000.WAV,Telephone Field,recover-20220825,002,1795
1076.6265,1076.6667,68437,83239,Rhinolophus ferrumequinum,0.026,0.026,-1,Echolocation,/mnt/ubna_data_01_mir/recover-20220825/UBNA_002/20220823_033000.WAV,Telephone Field,recover-20220825,002,1795
1076.6395,1076.6501,22890,27275,Nyctalus leisleri,0.013,0.026,-1,Echolocation,/mnt/ubna_data_01_mir/recover-20220825/UBNA_002/20220823_033000.WAV,Telephone Field,recover-20220825,002,1795
1076.6525,1076.6922,68437,82309,Rhinolophus ferrumequinum,0.028,0.028,-1,Echolocation,/mnt/ubna_data_01_mir/recover-20220825/UBNA_002/20220823_033000.WAV,Telephone Field,recover-20220825,002,1795
1076.6845,1076.7208,68437,81790,Rhinolophus ferrumequinum,0.022,0.022,-1,Echolocation,/mnt/ubna_data_01_mir/recover-20220825/UBNA_002/20220823_033000.WAV,Telephone Field,recover-20220825,002,1795
1076.7015,1076.7454,68437,82534,Rhinolophus ferrumequinum,0.043,0.043,-1,Echolocation,/mnt/ubna_data_01_mir/recover-20220825/UBNA_002/20220823_033000.WAV,Telephone Field,recover-20220825,002,1795
1076.7675,1076.801,68437,81111,Rhinolophus ferrumequinum,0.024,0.025,-1,Echolocation,/mnt/ubna_data_01_mir/recover-20220825/UBNA_002/20220823_033000.WAV,Telephone Field,recover-20220825,002,1795
1076.8165,1076.8276,23750,29608,Nyctalus leisleri,0.012,0.026,-1,Echolocation,/mnt/ubna_data_01_mir/recover-20220825/UBNA_002/20220823_033000.WAV,Telephone Field,recover-20220825,002,1795
1076.8375,1076.8755,68437,81903,Rhinolophus ferrumequinum,0.022,0.022,-1,Echolocation,/mnt/ubna_data_01_mir/recover-20220825/UBNA_002/20220823_033000.WAV,Telephone Field,recover-20220825,002,1795
1076.8635,1076.8744,28046,35352,Eptesicus serotinus,0.01,0.022,-1,Echolocation,/mnt/ubna_data_01_mir/recover-20220825/UBNA_002/20220823_033000.WAV,Telephone Field,recover-20220825,002,1795
1076.8855,1076.9221,68437,82166,Rhinolophus ferrumequinum,0.025,0.025,-1,Echolocation,/mnt/ubna_data_01_mir/recover-20220825/UBNA_002/20220823_033000.WAV,Telephone Field,recover-20220825,002,1795
1076.8995,1076.9376,68437,82619,Rhinolophus ferrumequinum,0.026,0.026,-1,Echolocation,/mnt/ubna_data_01_mir/recover-20220825/UBNA_002/20220823_033000.WAV,Telephone Field,recover-20220825,002,1795
1076.9035,1076.9209,20312,23222,Nyctalus leisleri,0.014,0.023,-1,Echolocation,/mnt/ubna_data_01_mir/recover-20220825/UBNA_002/20220823_033000.WAV,Telephone Field,recover-20220825,002,1795
1076.9375,1076.9541,23750,28905,Nyctalus leisleri,0.018,0.04,-1,Echolocation,/mnt/ubna_data_01_mir/recover-20220825/UBNA_002/20220823_033000.WAV,Telephone Field,recover-20220825,002,1795
1076.9425,1076.9868,68437,83408,Rhinolophus ferrumequinum,0.036,0.036,-1,Echolocation,/mnt/ubna_data_01_mir/recover-20220825/UBNA_002/20220823_033000.WAV,Telephone Field,recover-20220825,002,1795
1076.9655,1077.0055,68437,82929,Rhinolophus ferrumequinum,0.022,0.022,-1,Echolocation,/mnt/ubna_data_01_mir/recover-20220825/UBNA_002/20220823_033000.WAV,Telephone Field,recover-20220825,002,1795
1076.9995,1077.0367,68437,82843,Rhinolophus ferrumequinum,0.024,0.024,-1,Echolocation,/mnt/ubna_data_01_mir/recover-20220825/UBNA_002/20220823_033000.WAV,Telephone Field,recover-20220825,002,1795
1077.0085,1077.045,68437,81813,Rhinolophus ferrumequinum,0.023,0.024,-1,Echolocation,/mnt/ubna_data_01_mir/recover-20220825/UBNA_002/20220823_033000.WAV,Telephone Field,recover-20220825,002,1795
1077.0375,1077.0467,28046,36503,Eptesicus serotinus,0.009,0.024,-1,Echolocation,/mnt/ubna_data_01_mir/recover-20220825/UBNA_002/20220823_033000.WAV,Telephone Field,recover-20220825,002,1795
1077.1045,1077.1426,68437,81747,Rhinolophus ferrumequinum,0.024,0.024,-1,Echolocation,/mnt/ubna_data_01_mir/recover-20220825/UBNA_002/20220823_033000.WAV,Telephone Field,recover-20220825,002,1795
1077.1055,1077.1166,22890,28438,Nyctalus leisleri,0.016,0.038,-1,Echolocation,/mnt/ubna_data_01_mir/recover-20220825/UBNA_002/20220823_033000.WAV,Telephone Field,recover-20220825,002,1795
1077.1145,1077.1519,68437,82077,Rhinolophus ferrumequinum,0.022,0.022,-1,Echolocation,/mnt/ubna_data_01_mir/recover-20220825/UBNA_002/20220823_033000.WAV,Telephone Field,recover-20220825,002,1795
1077.1325,1077.1709,68437,82487,Rhinolophus ferrumequinum,0.022,0.022,-1,Echolocation,/mnt/ubna_data_01_mir/recover-20220825/UBNA_002/20220823_033000.WAV,Telephone Field,recover-20220825,002,1795
1077.1535,1077.1603,25468,35617,Plecotus austriacus,0.008,0.026,-1,Echolocation,/mnt/ubna_data_01_mir/recover-20220825/UBNA_002/20220823_033000.WAV,Telephone Field,recover-20220825,002,1795
1077.1775,1077.2185,68437,82233,Rhinolophus ferrumequinum,0.025,0.025,-1,Echolocation,/mnt/ubna_data_01_mir/recover-20220825/UBNA_002/20220823_033000.WAV,Telephone Field,recover-20220825,002,1795
1077.1875,1077.2236,68437,82436,Rhinolophus ferrumequinum,0.025,0.025,-1,Echolocation,/mnt/ubna_data_01_mir/recover-20220825/UBNA_002/20220823_033000.WAV,Telephone Field,recover-20220825,002,1795
1077.2035,1077.2438,68437,82814,Rhinolophus ferrumequinum,0.023,0.023,-1,Echolocation,/mnt/ubna_data_01_mir/recover-20220825/UBNA_002/20220823_033000.WAV,Telephone Field,recover-20220825,002,1795
1077.2045,1077.2109,27187,40409,Eptesicus serotinus,0.005,0.025,-1,Echolocation,/mnt/ubna_data_01_mir/recover-20220825/UBNA_002/20220823_033000.WAV,Telephone Field,recover-20220825,002,1795
1077.2335,1077.2439,22890,28984,Nyctalus leisleri,0.011,0.027,-1,Echolocation,/mnt/ubna_data_01_mir/recover-20220825/UBNA_002/20220823_033000.WAV,Telephone Field,recover-20220825,002,1795
1077.2435,1077.2778,68437,80523,Rhinolophus ferrumequinum,0.024,0.024,-1,Echolocation,/mnt/ubna_data_01_mir/recover-20220825/UBNA_002/20220823_033000.WAV,Telephone Field,recover-20220825,002,1795
1077.2635,1077.306,68437,83601,Rhinolophus ferrumequinum,0.035,0.035,-1,Echolocation,/mnt/ubna_data_01_mir/recover-20220825/UBNA_002/20220823_033000.WAV,Telephone Field,recover-20220825,002,1795
1077.3025,1077.3402,68437,81661,Rhinolophus ferrumequinum,0.023,0.023,-1,Echolocation,/mnt/ubna_data_01_mir/recover-20220825/UBNA_002/20220823_033000.WAV,Telephone Field,recover-20220825,002,1795
1077.3185,1077.357,68437,81636,Rhinolophus ferrumequinum,0.025,0.026,-1,Echolocation,/mnt/ubna_data_01_mir/recover-20220825/UBNA_002/20220823_033000.WAV,Telephone Field,recover-20220825,002,1795
1077.3455,1077.3812,68437,81702,Rhinolophus ferrumequinum,0.023,0.023,-1,Echolocation,/mnt/ubna_data_01_mir/recover-20220825/UBNA_002/20220823_033000.WAV,Telephone Field,recover-20220825,002,1795
1077.3565,1077.3947,68437,82199,Rhinolophus ferrumequinum,0.023,0.023,-1,Echolocation,/mnt/ubna_data_01_mir/recover-20220825/UBNA_002/20220823_033000.WAV,Telephone Field,recover-20220825,002,1795
1077.3625,1077.3699,27187,40097,Eptesicus serotinus,0.007,0.027,-1,Echolocation,/mnt/ubna_data_01_mir/recover-20220825/UBNA_002/20220823_033000.WAV,Telephone Field,recover-20220825,002,1795
1077.3815,1077.3916,22031,27338,Nyctalus leisleri,0.01,0.023,-1,Echolocation,/mnt/ubna_data_01_mir/recover-20220825/UBNA_002/20220823_033000.WAV,Telephone Field,recover-20220825,002,1795
1077.3995,1077.4366,68437,82044,Rhinolophus ferrumequinum,0.036,0.036,-1,Echolocation,/mnt/ubna_data_01_mir/recover-20220825/UBNA_002/20220823_033000.WAV,Telephone Field,recover-20220825,002,1795
1077.4085,1077.4468,68437,81892,Rhinolophus ferrumequinum,0.022,0.022,-1,Echolocation,/mnt/ubna_data_01_mir/recover-20220825/UBNA_002/20220823_033000.WAV,Telephone Field,recover-20220825,002,1795
1077.4155,1077.4236,22890,30840,Plecotus austriacus,0.013,0.026,-1,Echolocation,/mnt/ubna_data_01_mir/recover-20220825/UBNA_002/20220823_033000.WAV,Telephone Field,recover-20220825,002,1795
1077.4435,1077.4758,68437,80998,Rhinolophus ferrumequinum,0.023,0.023,-1,Echolocation,/mnt/ubna_data_01_mir/recover-20220825/UBNA_002/20220823_033000.WAV,Telephone Field,recover-20220825,002,1795
1077.4785,1077.5005,18593,21354,Nyctalus noctula,0.012,0.023,-1,Echolocation,/mnt/ubna_data_01_mir/recover-20220825/UBNA_002/20220823_033000.WAV,Telephone Field,recover-20220825,002,1795
1077.4795,1077.5215,68437,83200,Rhinolophus ferrumequinum,0.04,0.04,-1,Echolocation,/mnt/ubna_data_01_mir/recover-20220825/UBNA_002/20220823_033000.WAV,Telephone Field,recover-20220825,002,1795
1077.5035,1077.5414,68437,82582,Rhinolophus ferrumequinum,0.022,0.022,-1,Echolocation,/mnt/ubna_data_01_mir/recover-20220825/UBNA_002/20220823_033000.WAV,Telephone Field,recover-20220825,002,1795
1077.5285,1077.5672,68437,81830,Rhinolophus ferrumequinum,0.023,0.024,-1,Echolocation,/mnt/ubna_data_01_mir/recover-20220825/UBNA_002/20220823_033000.WAV,Telephone Field,recover-20220825,002,1795
1077.5435,1077.5556,22031,26996,Nyctalus leisleri,0.017,0.033,-1,Echolocation,/mnt/ubna_data_01_mir/recover-20220825/UBNA_002/20220823_033000.WAV,Telephone Field,recover-20220825,002,1795
1077.5775,1077.613,68437,81322,Rhinolophus ferrumequinum,0.023,0.023,-1,Echolocation,/mnt/ubna_data_01_mir/recover-20220825/UBNA_002/20220823_033000.WAV,Telephone Field,recover-20220825,002,1795
1077.5785,1077.5871,28046,39147,Eptesicus serotinus,0.008,0.022,-1,Echolocation,/mnt/ubna_data_01_mir/recover-20220825/UBNA_002/20220823_033000.WAV,Telephone Field,recover-20220825,002,1795
1077.5945,1077.6334,68437,82380,Rhinolophus ferrumequinum,0.024,0.024,-1,Echolocation,/mnt/ubna_data_01_mir/recover-20220825/UBNA_002/20220823_033000.WAV,Telephone Field,recover-20220825,002,1795
1077.6225,1077.6625,68437,82348,Rhinolophus ferrumequinum,0.024,0.024,-1,Echolocation,/mnt/ubna_data_01_mir/recover-20220825/UBNA_002/20220823_033000.WAV,Telephone Field,recover-20220825,002,1795
1077.6335,1077.6731,68437,82178,Rhinolophus ferrumequinum,0.023,0.023,-1,Echolocation,/mnt/ubna_data_01_mir/recover-20220825/UBNA_002/20220823_033000.WAV,Telephone Field,recover-20220825,002,1795
1077.6615,1077.7013,68437,82344,Rhinolophus ferrumequinum,0.023,0.023,-1,Echolocation,/mnt/ubna_data_01_mir/recover-20220825/UBNA_002/20220823_033000.WAV,Telephone Field,recover-20220825,002,1795
1077.6645,1077.672,23750,32493,Plecotus austriacus,0.009,0.023,-1,Echolocation,/mnt/ubna_data_01_mir/recover-20220825/UBNA_002/20220823_033000.WAV,Telephone Field,recover-20220825,002,1795
1077.6915,1077.7293,68437,82500,Rhinolophus ferrumequinum,0.027,0.027,-1,Echolocation,/mnt/ubna_data_01_mir/recover-20220825/UBNA_002/20220823_033000.WAV,Telephone Field,recover-20220825,002,1795
1077.7155,1077.7249,28906,38406,Eptesicus serotinus,0.008,0.023,-1,Echolocation,/mnt/ubna_data_01_mir/recover-20220825/UBNA_002/20220823_033000.WAV,Telephone Field,recover-20220825,002,1795
1077.7405,1077.7492,28046,37584,Eptesicus serotinus,0.01,0.029,-1,Echolocation,/mnt/ubna_data_01_mir/recover-20220825/UBNA_002/20220823_033000.WAV,Telephone Field,recover-20220825,002,1795
1077.7745,1077.8111,68437,82016,Rhinolophus ferrumequinum,0.022,0.023,-1,Echolocation,/mnt/ubna_data_01_mir/recover-20220825/UBNA_002/20220823_033000.WAV,Telephone Field,recover-20220825,002,1795
1077.7765,1077.7842,46093,55365,Pipistrellus pipistrellus,0.019,0.027,-1,Echolocation,/mnt/ubna_data_01_mir/recover-20220825/UBNA_002/20220823_033000.WAV,Telephone Field,recover-20220825,002,1795
1077.8005,1077.8137,23750,28835,Nyctalus leisleri,0.012,0.024,-1,Echolocation,/mnt/ubna_data_01_mir/recover-20220825/UBNA_002/20220823_033000.WAV,Telephone Field,recover-20220825,002,1795
1077.8285,1077.8382,23750,30487,Nyctalus leisleri,0.008,0.023,-1,Echolocation,/mnt/ubna_data_01_mir/recover-20220825/UBNA_002/20220823_033000.WAV,Telephone Field,recover-20220825,002,1795
1077.8345,1077.8718,68437,82105,Rhinolophus ferrumequinum,0.029,0.029,-1,Echolocation,/mnt/ubna_data_01_mir/recover-20220825/UBNA_002/20220823_033000.WAV,Telephone Field,recover-20220825,002,1795
1077.8655,1077.9042,68437,81855,Rhinolophus ferrumequinum,0.022,0.022,-1,Echolocation,/mnt/ubna_data_01_mir/recover-20220825/UBNA_002/20220823_033000.WAV,Telephone Field,recover-20220825,002,1795
1077.8775,1077.914,68437,82274,Rhinolophus ferrumequinum,0.022,0.022,-1,Echolocation,/mnt/ubna_data_01_mir/recover-20220825/UBNA_002/20220823_033000.WAV,Telephone Field,recover-20220825,002,1795
1077.9055,1077.9149,27187,35651,Eptesicus serotinus,0.01,0.024,-1,Echolocation,/mnt/ubna_data_01_mir/recover-20220825/UBNA_002/20220823_033000.WAV,Telephone Field,recover-20220825,002,1795
1077.9175,1077.9559,68437,82212,Rhinolophus ferrumequinum,0.023,0.023,-1,Echolocation,/mnt/ubna_data_01_mir/recover-20220825/UBNA_002/20220823_033000.WAV,Telephone Field,recover-20220825,002,1795
1077.9205,1077.9334,22890,26430,Nyctalus leisleri,0.015,0.024,-1,Echolocation,/mnt/ubna_data_01_mir/recover-20220825/UBNA_002/20220823_033000.WAV,Telephone Field,recover-20220825,002,1795
1077.9385,1077.9751,68437,81974,Rhinolophus ferrumequinum,0.022,0.022,-1,Echolocation,/mnt/ubna_data_01_mir/recover-20220825/UBNA_002/20220823_033000.WAV,Telephone Field,recover-20220825,002,1795
1077.9545,1077.9935,68437,82254,Rhinolophus ferrumequinum,0.022,0.022,-1,Echolocation,/mnt/ubna_data_01_mir/recover-20220825/UBNA_002/20220823_033000.WAV,Telephone Field,recover-20220825,002,1795
1077.9625,1077.9697,27187,38302,Eptesicus serotinus,0.006,0.023,-1,Echolocation,/mnt/ubna_data_01_mir/recover-20220825/UBNA_002/20220823_033000.WAV,Telephone Field,recover-20220825,002,1795
1078.0015,1078.0333,68437,80061,Rhinolophus ferrumequinum,0.024,0.025,-1,Echolocation,/mnt/ubna_data_01_mir/recover-20220825/UBNA_002/20220823_033000.WAV,Telephone Field,recover-20220825,002,1795
1078.0015,1078.0102,23750,32856,Nyctalus leisleri,0.011,0.031,-1,Echolocation,/mnt/ubna_data_01_mir/recover-20220825/UBNA_002/20220823_033000.WAV,Telephone Field,recover-20220825,002,1795
1078.0625,1078.071,28046,38410,Eptesicus serotinus,0.007,0.022,-1,Echolocation,/mnt/ubna_data_01_mir/recover-20220825/UBNA_002/20220823_033000.WAV,Telephone Field,recover-20220825,002,1795
1078.0685,1078.0766,28046,39559,Eptesicus serotinus,0.006,0.022,-1,Echolocation,/mnt/ubna_data_01_mir/recover-20220825/UBNA_002/20220823_033000.WAV,Telephone Field,recover-20220825,002,1795
1078.0705,1078.1061,68437,81436,Rhinolophus ferrumequinum,0.022,0.022,-1,Echolocation,/mnt/ubna_data_01_mir/recover-20220825/UBNA_002/20220823_033000.WAV,Telephone Field,recover-20220825,002,1795
1078.1095,1078.1203,28906,35305,Eptesicus serotinus,0.012,0.024,-1,Echolocation,/mnt/ubna_data_01_mir/recover-20220825/UBNA_002/20220823_033000.WAV,Telephone Field,recover-20220825,002,1795
1078.1265,1078.1382,15156,21729,Nyctalus noctula,0.012,0.022,-1,Echolocation,/mnt/ubna_data_01_mir/recover-20220825/UBNA_002/20220823_033000.WAV,Telephone Field,recover-20220825,002,1795
1078.1265,1078.1709,68437,83147,Rhinolophus ferrumequinum,0.031,0.031,-1,Echolocation,/mnt/ubna_data_01_mir/recover-20220825/UBNA_002/20220823_033000.WAV,Telephone Field,recover-20220825,002,1795
1078.1275,1078.135,32343,42967,Myotis daubentonii,0.008,0.021,-1,Echolocation,/mnt/ubna_data_01_mir/recover-20220825/UBNA_002/20220823_033000.WAV,Telephone Field,recover-20220825,002,1795
1078.1515,1078.1905,68437,81853,Rhinolophus ferrumequinum,0.022,0.022,-1,Echolocation,/mnt/ubna_data_01_mir/recover-20220825/UBNA_002/20220823_033000.WAV,Telephone Field,recover-20220825,002,1795
1078.1925,1078.2057,22890,27495,Nyctalus leisleri,0.014,0.026,-1,Echolocation,/mnt/ubna_data_01_mir/recover-20220825/UBNA_002/20220823_033000.WAV,Telephone Field,recover-20220825,002,1795
1078.2065,1078.244,68437,82020,Rhinolophus ferrumequinum,0.021,0.021,-1,Echolocation,/mnt/ubna_data_01_mir/recover-20220825/UBNA_002/20220823_033000.WAV,Telephone Field,recover-20220825,002,1795
1078.2255,1078.2625,68437,82049,Rhinolophus ferrumequinum,0.025,0.025,-1,Echolocation,/mnt/ubna_data_01_mir/recover-20220825/UBNA_002/20220823_033000.WAV,Telephone Field,recover-20220825,002,1795
1078.2475,1078.2571,28046,39036,Eptesicus serotinus,0.01,0.025,-1,Echolocation,/mnt/ubna_data_01_mir/recover-20220825/UBNA_002/20220823_033000.WAV,Telephone Field,recover-20220825,002,1795
1078.2835,1078.3221,68437,82059,Rhinolophus ferrumequinum,0.022,0.022,-1,Echolocation,/mnt/ubna_data_01_mir/recover-20220825/UBNA_002/20220823_033000.WAV,Telephone Field,recover-20220825,002,1795
1078.2885,1078.3256,68437,82167,Rhinolophus ferrumequinum,0.022,0.022,-1,Echolocation,/mnt/ubna_data_01_mir/recover-20220825/UBNA_002/20220823_033000.WAV,Telephone Field,recover-20220825,002,1795
1078.3115,1078.3493,68437,81441,Rhinolophus ferrumequinum,0.027,0.027,-1,Echolocation,/mnt/ubna_data_01_mir/recover-20220825/UBNA_002/20220823_033000.WAV,Telephone Field,recover-20220825,002,1795
1078.3125,1078.3233,22031,26623,Nyctalus leisleri,0.011,0.022,-1,Echolocation,/mnt/ubna_data_01_mir/recover-20220825/UBNA_002/20220823_033000.WAV,Telephone Field,recover-20220825,002,1795
1078.3225,1078.3598,68437,82455,Rhinolophus ferrumequinum,0.023,0.024,-1,Echolocation,/mnt/ubna_data_01_mir/recover-20220825/UBNA_002/20220823_033000.WAV,Telephone Field,recover-20220825,002,1795
1078.3275,1078.3671,68437,82127,Rhinolophus ferrumequinum,0.024,0.024,-1,Echolocation,/mnt/ubna_data_01_mir/recover-20220825/UBNA_002/20220823_033000.WAV,Telephone Field,recover-20220825,002,1795
1078.3355,1078.3749,68437,82647,Rhinolophus ferrumequinum,0.023,0.023,-1,Echolocation,/mnt/ubna_data_01_mir/recover-20220825/UBNA_002/20220823_033000.WAV,Telephone Field,recover-20220825,002,1795
1078.3475,1078.3554,27187,35838,Eptesicus serotinus,0.009,0.025,-1,Echolocation,/mnt/ubna_data_01_mir/recover-20220825/UBNA_002/20220823_033000.WAV,Telephone Field,recover-20220825,002,1795
1078.4015,1078.4424,68437,83162,Rhinolophus ferrumequinum,0.024,0.024,-1,Echolocation,/mnt/ubna_data_01_mir/recover-20220825/UBNA_002/20220823_033000.WAV,Telephone Field,recover-20220825,002,1795
1078.4195,1078.456,68437,82236,Rhinolophus ferrumequinum,0.036,0.036,-1,Echolocation,/mnt/ubna_data_01_mir/recover-20220825/UBNA_002/20220823_033000.WAV,Telephone Field,recover-20220825,002,1795
1078.4205,1078.4299,46953,53772,Pipistrellus pipistrellus,0.021,0.024,-1,Echolocation,/mnt/ubna_data_01_mir/recover-20220825/UBNA_002/20220823_033000.WAV,Telephone Field,recover-20220825,002,1795
1078.4215,1078.4298,27187,39212,Eptesicus serotinus,0.007,0.021,-1,Echolocation,/mnt/ubna_data_01_mir/recover-20220825/UBNA_002/20220823_033000.WAV,Telephone Field,recover-20220825,002,1795
1078.4605,1078.4984,68437,81858,Rhinolophus ferrumequinum,0.023,0.023,-1,Echolocation,/mnt/ubna_data_01_mir/recover-20220825/UBNA_002/20220823_033000.WAV,Telephone Field,recover-20220825,002,1795
1078.5025,1078.5105,27187,38651,Eptesicus serotinus,0.007,0.022,-1,Echolocation,/mnt/ubna_data_01_mir/recover-20220825/UBNA_002/20220823_033000.WAV,Telephone Field,recover-20220825,002,1795
1078.5025,1078.5426,68437,82338,Rhinolophus ferrumequinum,0.021,0.021,-1,Echolocation,/mnt/ubna_data_01_mir/recover-20220825/UBNA_002/20220823_033000.WAV,Telephone Field,recover-20220825,002,1795
1078.5365,1078.5461,28046,37921,Eptesicus serotinus,0.01,0.029,-1,Echolocation,/mnt/ubna_data_01_mir/recover-20220825/UBNA_002/20220823_033000.WAV,Telephone Field,recover-20220825,002,1795
1078.5505,1078.5872,68437,81789,Rhinolophus ferrumequinum,0.025,0.025,-1,Echolocation,/mnt/ubna_data_01_mir/recover-20220825/UBNA_002/20220823_033000.WAV,Telephone Field,recover-20220825,002,1795
1078.5595,1078.5991,68437,81788,Rhinolophus ferrumequinum,0.024,0.024,-1,Echolocation,/mnt/ubna_data_01_mir/recover-20220825/UBNA_002/20220823_033000.WAV,Telephone Field,recover-20220825,002,1795
1078.5625,1078.5708,26328,35405,Eptesicus serotinus,0.007,0.022,-1,Echolocation,/mnt/ubna_data_01_mir/recover-20220825/UBNA_002/20220823_033000.WAV,Telephone Field,recover-20220825,002,1795
1078.5815,1078.622,68437,82094,Rhinolophus ferrumequinum,0.023,0.023,-1,Echolocation,/mnt/ubna_data_01_mir/recover-20220825/UBNA_002/20220823_033000.WAV,Telephone Field,recover-20220825,002,1795
1078.6215,1078.6312,43515,48698,Pipistrellus pipistrellus,0.017,0.024,-1,Echolocation,/mnt/ubna_data_01_mir/recover-20220825/UBNA_002/20220823_033000.WAV,Telephone Field,recover-20220825,002,1795
1078.6625,1078.7029,68437,82493,Rhinolophus ferrumequinum,0.022,0.022,-1,Echolocation,/mnt/ubna_data_01_mir/recover-20220825/UBNA_002/20220823_033000.WAV,Telephone Field,recover-20220825,002,1795
1078.6765,1078.7166,68437,82387,Rhinolophus ferrumequinum,0.022,0.022,-1,Echolocation,/mnt/ubna_data_01_mir/recover-20220825/UBNA_002/20220823_033000.WAV,Telephone Field,recover-20220825,002,1795
1078.6995,1078.74,68437,82806,Rhinolophus ferrumequinum,0.023,0.023,-1,Echolocation,/mnt/ubna_data_01_mir/recover-20220825/UBNA_002/20220823_033000.WAV,Telephone Field,recover-20220825,002,1795
1078.7055,1078.7113,28906,39791,Eptesicus serotinus,0.019,0.059,-1,Echolocation,/mnt/ubna_data_01_mir/recover-20220825/UBNA_002/20220823_033000.WAV,Telephone Field,recover-20220825,002,1795
1078.7635,1078.7712,23750,32269,Plecotus austriacus,0.009,0.023,-1,Echolocation,/mnt/ubna_data_01_mir/recover-20220825/UBNA_002/20220823_033000.WAV,Telephone Field,recover-20220825,002,1795
1078.8125,1078.8518,68437,81888,Rhinolophus ferrumequinum,0.021,0.021,-1,Echolocation,/mnt/ubna_data_01_mir/recover-20220825/UBNA_002/20220823_033000.WAV,Telephone Field,recover-20220825,002,1795
1078.8175,1078.8266,22890,29211,Nyctalus leisleri,0.008,0.023,-1,Echolocation,/mnt/ubna_data_01_mir/recover-20220825/UBNA_002/20220823_033000.WAV,Telephone Field,recover-20220825,002,1795
1078.8355,1078.8751,68437,82265,Rhinolophus ferrumequinum,0.022,0.022,-1,Echolocation,/mnt/ubna_data_01_mir/recover-20220825/UBNA_002/20220823_033000.WAV,Telephone Field,recover-20220825,002,1795
1078.8655,1078.8838,22890,27469,Nyctalus leisleri,0.041,0.079,-1,Echolocation,/mnt/ubna_data_01_mir/recover-20220825/UBNA_002/20220823_033000.WAV,Telephone Field,recover-20220825,002,1795
1078.8785,1078.9183,68437,82253,Rhinolophus ferrumequinum,0.024,0.024,-1,Echolocation,/mnt/ubna_data_01_mir/recover-20220825/UBNA_002/20220823_033000.WAV,Telephone Field,recover-20220825,002,1795
1078.9175,1078.9545,68437,81813,Rhinolophus ferrumequinum,0.021,0.021,-1,Echolocation,/mnt/ubna_data_01_mir/recover-20220825/UBNA_002/20220823_033000.WAV,Telephone Field,recover-20220825,002,1795
1078.9185,1078.9284,40078,45907,Pipistrellus nathusii,0.016,0.029,-1,Echolocation,/mnt/ubna_data_01_mir/recover-20220825/UBNA_002/20220823_033000.WAV,Telephone Field,recover-20220825,002,1795
1078.9395,1078.976,68437,81192,Rhinolophus ferrumequinum,0.021,0.021,-1,Echolocation,/mnt/ubna_data_01_mir/recover-20220825/UBNA_002/20220823_033000.WAV,Telephone Field,recover-20220825,002,1795
1078.9485,1078.9592,22031,27217,Nyctalus leisleri,0.012,0.026,-1,Echolocation,/mnt/ubna_data_01_mir/recover-20220825/UBNA_002/20220823_033000.WAV,Telephone Field,recover-20220825,002,1795
1078.9885,1078.9999,23750,29785,Nyctalus leisleri,0.012,0.027,-1,Echolocation,/mnt/ubna_data_01_mir/recover-20220825/UBNA_002/20220823_033000.WAV,Telephone Field,recover-20220825,002,1795
1078.9985,1079.0353,68437,82000,Rhinolophus ferrumequinum,0.023,0.023,-1,Echolocation,/mnt/ubna_data_01_mir/recover-20220825/UBNA_002/20220823_033000.WAV,Telephone Field,recover-20220825,002,1795
1079.0335,1079.0745,68437,82522,Rhinolophus ferrumequinum,0.033,0.033,-1,Echolocation,/mnt/ubna_data_01_mir/recover-20220825/UBNA_002/20220823_033000.WAV,Telephone Field,recover-20220825,002,1795
1079.0625,1079.0701,26328,34745,Eptesicus serotinus,0.006,0.021,-1,Echolocation,/mnt/ubna_data_01_mir/recover-20220825/UBNA_002/20220823_033000.WAV,Telephone Field,recover-20220825,002,1795
1079.1015,1079.1433,68437,82984,Rhinolophus ferrumequinum,0.042,0.042,-1,Echolocation,/mnt/ubna_data_01_mir/recover-20220825/UBNA_002/20220823_033000.WAV,Telephone Field,recover-20220825,002,1795
1079.1285,1079.1364,28046,39763,Eptesicus serotinus,0.009,0.025,-1,Echolocation,/mnt/ubna_data_01_mir/recover-20220825/UBNA_002/20220823_033000.WAV,Telephone Field,recover-20220825,002,1795
1079.1305,1079.1692,68437,81472,Rhinolophus ferrumequinum,0.024,0.024,-1,Echolocation,/mnt/ubna_data_01_mir/recover-20220825/UBNA_002/20220823_033000.WAV,Telephone Field,recover-20220825,002,1795
1079.1545,1079.1614,24609,34005,Plecotus austriacus,0.009,0.024,-1,Echolocation,/mnt/ubna_data_01_mir/recover-20220825/UBNA_002/20220823_033000.WAV,Telephone Field,recover-20220825,002,1795
1079.1685,1079.1771,28046,38216,Eptesicus serotinus,0.008,0.022,-1,Echolocation,/mnt/ubna_data_01_mir/recover-20220825/UBNA_002/20220823_033000.WAV,Telephone Field,recover-20220825,002,1795
1079.2125,1079.2207,23750,32074,Plecotus austriacus,0.008,0.023,-1,Echolocation,/mnt/ubna_data_01_mir/recover-20220825/UBNA_002/20220823_033000.WAV,Telephone Field,recover-20220825,002,1795
1079.2365,1079.2738,68437,82167,Rhinolophus ferrumequinum,0.025,0.025,-1,Echolocation,/mnt/ubna_data_01_mir/recover-20220825/UBNA_002/20220823_033000.WAV,Telephone Field,recover-20220825,002,1795
1079.2625,1079.2999,68437,82229,Rhinolophus ferrumequinum,0.024,0.024,-1,Echolocation,/mnt/ubna_data_01_mir/recover-20220825/UBNA_002/20220823_033000.WAV,Telephone Field,recover-20220825,002,1795
1079.2715,1079.3075,68437,81504,Rhinolophus ferrumequinum,0.021,0.021,-1,Echolocation,/mnt/ubna_data_01_mir/recover-20220825/UBNA_002/20220823_033000.WAV,Telephone Field,recover-20220825,002,1795
1079.2945,1079.332,68437,81895,Rhinolophus ferrumequinum,0.023,0.023,-1,Echolocation,/mnt/ubna_data_01_mir/recover-20220825/UBNA_002/20220823_033000.WAV,Telephone Field,recover-20220825,002,1795
1079.3085,1079.3464,68437,82534,Rhinolophus ferrumequinum,0.022,0.022,-1,Echolocation,/mnt/ubna_data_01_mir/recover-20220825/UBNA_002/20220823_033000.WAV,Telephone Field,recover-20220825,002,1795
1079.3175,1079.3282,27187,34936,Eptesicus serotinus,0.013,0.028,-1,Echolocation,/mnt/ubna_data_01_mir/recover-20220825/UBNA_002/20220823_033000.WAV,Telephone Field,recover-20220825,002,1795
1079.3445,1079.385,68437,82415,Rhinolophus ferrumequinum,0.023,0.023,-1,Echolocation,/mnt/ubna_data_01_mir/recover-20220825/UBNA_002/20220823_033000.WAV,Telephone Field,recover-20220825,002,1795
1079.3595,1079.3667,27187,40991,Eptesicus serotinus,0.005,0.022,-1,Echolocation,/mnt/ubna_data_01_mir/recover-20220825/UBNA_002/20220823_033000.WAV,Telephone Field,recover-20220825,002,1795
1079.3745,1079.4148,68437,82371,Rhinolophus ferrumequinum,0.023,0.023,-1,Echolocation,/mnt/ubna_data_01_mir/recover-20220825/UBNA_002/20220823_033000.WAV,Telephone Field,recover-20220825,002,1795
1079.3875,1079.3975,22031,27567,Nyctalus leisleri,0.008,0.022,-1,Echolocation,/mnt/ubna_data_01_mir/recover-20220825/UBNA_002/20220823_033000.WAV,Telephone Field,recover-20220825,002,1795
1079.4815,1079.5166,68437,81223,Rhinolophus ferrumequinum,0.021,0.022,-1,Echolocation,/mnt/ubna_data_01_mir/recover-20220825/UBNA_002/20220823_033000.WAV,Telephone Field,recover-20220825,002,1795
1079.4865,1079.4928,26328,40047,Eptesicus serotinus,0.006,0.029,-1,Echolocation,/mnt/ubna_data_01_mir/recover-20220825/UBNA_002/20220823_033000.WAV,Telephone Field,recover-20220825,002,1795
1079.5405,1079.5528,25468,30184,Nyctalus leisleri,0.182,0.349,-1,Echolocation,/mnt/ubna_data_01_mir/recover-20220825/UBNA_002/20220823_033000.WAV,Telephone Field,recover-20220825,002,1795
1079.5635,1079.602,68437,82030,Rhinolophus ferrumequinum,0.024,0.024,-1,Echolocation,/mnt/ubna_data_01_mir/recover-20220825/UBNA_002/20220823_033000.WAV,Telephone Field,recover-20220825,002,1795
1079.6135,1079.6212,27187,38570,Eptesicus serotinus,0.007,0.022,-1,Echolocation,/mnt/ubna_data_01_mir/recover-20220825/UBNA_002/20220823_033000.WAV,Telephone Field,recover-20220825,002,1795
1079.6165,1079.6554,68437,82460,Rhinolophus ferrumequinum,0.025,0.025,-1,Echolocation,/mnt/ubna_data_01_mir/recover-20220825/UBNA_002/20220823_033000.WAV,Telephone Field,recover-20220825,002,1795
1079.6365,1079.6767,68437,81649,Rhinolophus ferrumequinum,0.022,0.022,-1,Echolocation,/mnt/ubna_data_01_mir/recover-20220825/UBNA_002/20220823_033000.WAV,Telephone Field,recover-20220825,002,1795
1079.6815,1079.718,68437,80936,Rhinolophus ferrumequinum,0.024,0.024,-1,Echolocation,/mnt/ubna_data_01_mir/recover-20220825/UBNA_002/20220823_033000.WAV,Telephone Field,recover-20220825,002,1795
1079.6855,1079.6933,28046,39936,Eptesicus serotinus,0.006,0.021,-1,Echolocation,/mnt/ubna_data_01_mir/recover-20220825/UBNA_002/20220823_033000.WAV,Telephone Field,recover-20220825,002,1795
1079.6965,1079.7023,48671,53158,Pipistrellus pipistrellus,0.021,0.022,-1,Echolocation,/mnt/ubna_data_01_mir/recover-20220825/UBNA_002/20220823_033000.WAV,Telephone Field,recover-20220825,002,1795
1079.7145,1079.7252,27187,35704,Eptesicus serotinus,0.012,0.025,-1,Echolocation,/mnt/ubna_data_01_mir/recover-20220825/UBNA_002/20220823_033000.WAV,Telephone Field,recover-20220825,002,1795
1079.7245,1079.7599,68437,81736,Rhinolophus ferrumequinum,0.023,0.023,-1,Echolocation,/mnt/ubna_data_01_mir/recover-20220825/UBNA_002/20220823_033000.WAV,Telephone Field,recover-20220825,002,1795
1079.7265,1079.7339,28046,39384,Eptesicus serotinus,0.007,0.023,-1,Echolocation,/mnt/ubna_data_01_mir/recover-20220825/UBNA_002/20220823_033000.WAV,Telephone Field,recover-20220825,002,1795
1079.7645,1079.773,28046,38023,Eptesicus serotinus,0.008,0.023,-1,Echolocation,/mnt/ubna_data_01_mir/recover-20220825/UBNA_002/20220823_033000.WAV,Telephone Field,recover-20220825,002,1795
1079.7805,1079.8198,68437,82506,Rhinolophus ferrumequinum,0.026,0.026,-1,Echolocation,/mnt/ubna_data_01_mir/recover-20220825/UBNA_002/20220823_033000.WAV,Telephone Field,recover-20220825,002,1795
1079.8225,1079.8306,26328,36707,Eptesicus serotinus,0.006,0.021,-1,Echolocation,/mnt/ubna_data_01_mir/recover-20220825/UBNA_002/20220823_033000.WAV,Telephone Field,recover-20220825,002,1795
1079.8285,1079.8683,68437,82342,Rhinolophus ferrumequinum,0.024,0.024,-1,Echolocation,/mnt/ubna_data_01_mir/recover-20220825/UBNA_002/20220823_033000.WAV,Telephone Field,recover-20220825,002,1795
1079.9585,1079.9658,28046,39399,Eptesicus serotinus,0.007,0.023,-1,Echolocation,/mnt/ubna_data_01_mir/recover-20220825/UBNA_002/20220823_033000.WAV,Telephone Field,recover-20220825,002,1795
1079.9605,1079.9791,16875,21526,Nyctalus noctula,0.021,0.028,-1,Echolocation,/mnt/ubna_data_01_mir/recover-20220825/UBNA_002/20220823_033000.WAV,Telephone Field,recover-20220825,002,1795
1079.9735,1079.9839,23750,30451,Nyctalus leisleri,0.008,0.022,-1,Echolocation,/mnt/ubna_data_01_mir/recover-20220825/UBNA_002/20220823_033000.WAV,Telephone Field,recover-20220825,002,1795
1079.9865,1079.9948,27187,38918,Eptesicus serotinus,0.008,0.023,-1,Echolocation,/mnt/ubna_data_01_mir/recover-20220825/UBNA_002/20220823_033000.WAV,Telephone Field,recover-20220825,002,1795
1080.0015,1080.0304,68437,79981,Rhinolophus ferrumequinum,0.026,0.026,-1,Echolocation,/mnt/ubna_data_01_mir/recover-20220825/UBNA_002/20220823_033000.WAV,Telephone Field,recover-20220825,002,1795
1080.0015,1080.0117,31484,39880,Eptesicus serotinus,0.009,0.026,-1,Echolocation,/mnt/ubna_data_01_mir/recover-20220825/UBNA_002/20220823_033000.WAV,Telephone Field,recover-20220825,002,1795
1080.0015,1080.0101,25468,35936,Eptesicus serotinus,0.01,0.031,-1,Echolocation,/mnt/ubna_data_01_mir/recover-20220825/UBNA_002/20220823_033000.WAV,Telephone Field,recover-20220825,002,1795
1080.0115,1080.02,28906,37464,Eptesicus serotinus,0.009,0.026,-1,Echolocation,/mnt/ubna_data_01_mir/recover-20220825/UBNA_002/20220823_033000.WAV,Telephone Field,recover-20220825,002,1795
1080.0365,1080.0806,68437,84187,Rhinolophus ferrumequinum,0.067,0.067,-1,Echolocation,/mnt/ubna_data_01_mir/recover-20220825/UBNA_002/20220823_033000.WAV,Telephone Field,recover-20220825,002,1795
1080.0495,1080.0602,22890,27741,Nyctalus leisleri,0.015,0.028,-1,Echolocation,/mnt/ubna_data_01_mir/recover-20220825/UBNA_002/20220823_033000.WAV,Telephone Field,recover-20220825,002,1795
1080.0755,1080.086,28906,36616,Eptesicus serotinus,0.016,0.03,-1,Echolocation,/mnt/ubna_data_01_mir/recover-20220825/UBNA_002/20220823_033000.WAV,Telephone Field,recover-20220825,002,1795
1080.0815,1080.1206,68437,82544,Rhinolophus ferrumequinum,0.023,0.023,-1,Echolocation,/mnt/ubna_data_01_mir/recover-20220825/UBNA_002/20220823_033000.WAV,Telephone Field,recover-20220825,002,1795
1080.0915,1080.102,23750,29905,Nyctalus leisleri,0.01,0.024,-1,Echolocation,/mnt/ubna_data_01_mir/recover-20220825/UBNA_002/20220823_033000.WAV,Telephone Field,recover-20220825,002,1795
1080.0945,1080.1308,68437,82490,Rhinolophus ferrumequinum,0.022,0.022,-1,Echolocation,/mnt/ubna_data_01_mir/recover-20220825/UBNA_002/20220823_033000.WAV,Telephone Field,recover-20220825,002,1795
1080.1115,1080.151,68437,81829,Rhinolophus ferrumequinum,0.023,0.023,-1,Echolocation,/mnt/ubna_data_01_mir/recover-20220825/UBNA_002/20220823_033000.WAV,Telephone Field,recover-20220825,002,1795
1080.1205,1080.1603,68437,82464,Rhinolophus ferrumequinum,0.022,0.022,-1,Echolocation,/mnt/ubna_data_01_mir/recover-20220825/UBNA_002/20220823_033000.WAV,Telephone Field,recover-20220825,002,1795
1080.1385,1080.1781,68437,82864,Rhinolophus ferrumequinum,0.035,0.035,-1,Echolocation,/mnt/ubna_data_01_mir/recover-20220825/UBNA_002/20220823_033000.WAV,Telephone Field,recover-20220825,002,1795
1080.1465,1080.1861,68437,81953,Rhinolophus ferrumequinum,0.025,0.025,-1,Echolocation,/mnt/ubna_data_01_mir/recover-20220825/UBNA_002/20220823_033000.WAV,Telephone Field,recover-20220825,002,1795
1080.1505,1080.166,24609,29220,Nyctalus leisleri,0.051,0.108,-1,Echolocation,/mnt/ubna_data_01_mir/recover-20220825/UBNA_002/20220823_033000.WAV,Telephone Field,recover-20220825,002,1795
1080.1715,1080.2082,68437,82022,Rhinolophus ferrumequinum,0.023,0.023,-1,Echolocation,/mnt/ubna_data_01_mir/recover-20220825/UBNA_002/20220823_033000.WAV,Telephone Field,recover-20220825,002,1795
1080.1955,1080.23,68437,81484,Rhinolophus ferrumequinum,0.022,0.022,-1,Echolocation,/mnt/ubna_data_01_mir/recover-20220825/UBNA_002/20220823_033000.WAV,Telephone Field,recover-20220825,002,1795
1080.2175,1080.2572,68437,82571,Rhinolophus ferrumequinum,0.025,0.025,-1,Echolocation,/mnt/ubna_data_01_mir/recover-20220825/UBNA_002/20220823_033000.WAV,Telephone Field,recover-20220825,002,1795
1080.2415,1080.2811,68437,82971,Rhinolophus ferrumequinum,0.024,0.024,-1,Echolocation,/mnt/ubna_data_01_mir/recover-20220825/UBNA_002/20220823_033000.WAV,Telephone Field,recover-20220825,002,1795
1080.2655,1080.303,68437,81995,Rhinolophus ferrumequinum,0.024,0.024,-1,Echolocation,/mnt/ubna_data_01_mir/recover-20220825/UBNA_002/20220823_033000.WAV,Telephone Field,recover-20220825,002,1795
1080.2765,1080.316,68437,82011,Rhinolophus ferrumequinum,0.026,0.026,-1,Echolocation,/mnt/ubna_data_01_mir/recover-20220825/UBNA_002/20220823_033000.WAV,Telephone Field,recover-20220825,002,1795
1080.2945,1080.3116,25468,29974,Eptesicus serotinus,0.063,0.143,-1,Echolocation,/mnt/ubna_data_01_mir/recover-20220825/UBNA_002/20220823_033000.WAV,Telephone Field,recover-20220825,002,1795
1080.3065,1080.3139,27187,41456,Eptesicus serotinus,0.011,0.03,-1,Echolocation,/mnt/ubna_data_01_mir/recover-20220825/UBNA_002/20220823_033000.WAV,Telephone Field,recover-20220825,002,1795
1080.3305,1080.3706,68437,82823,Rhinolophus ferrumequinum,0.031,0.031,-1,Echolocation,/mnt/ubna_data_01_mir/recover-20220825/UBNA_002/20220823_033000.WAV,Telephone Field,recover-20220825,002,1795
1080.3565,1080.3671,26328,35015,Eptesicus serotinus,0.01,0.022,-1,Echolocation,/mnt/ubna_data_01_mir/recover-20220825/UBNA_002/20220823_033000.WAV,Telephone Field,recover-20220825,002,1795
1080.3885,1080.4228,68437,81284,Rhinolophus ferrumequinum,0.024,0.024,-1,Echolocation,/mnt/ubna_data_01_mir/recover-20220825/UBNA_002/20220823_033000.WAV,Telephone Field,recover-20220825,002,1795
1080.4075,1080.4148,24609,34500,Plecotus austriacus,0.01,0.027,-1,Echolocation,/mnt/ubna_data_01_mir/recover-20220825/UBNA_002/20220823_033000.WAV,Telephone Field,recover-20220825,002,1795
1080.4185,1080.4581,68437,82380,Rhinolophus ferrumequinum,0.03,0.03,-1,Echolocation,/mnt/ubna_data_01_mir/recover-20220825/UBNA_002/20220823_033000.WAV,Telephone Field,recover-20220825,002,1795
1080.4375,1080.4505,23750,29374,Nyctalus leisleri,0.016,0.037,-1,Echolocation,/mnt/ubna_data_01_mir/recover-20220825/UBNA_002/20220823_033000.WAV,Telephone Field,recover-20220825,002,1795
1080.4385,1080.478,68437,82701,Rhinolophus ferrumequinum,0.024,0.024,-1,Echolocation,/mnt/ubna_data_01_mir/recover-20220825/UBNA_002/20220823_033000.WAV,Telephone Field,recover-20220825,002,1795
1080.5015,1080.5378,68437,80950,Rhinolophus ferrumequinum,0.026,0.026,-1,Echolocation,/mnt/ubna_data_01_mir/recover-20220825/UBNA_002/20220823_033000.WAV,Telephone Field,recover-20220825,002,1795
1080.5155,1080.5539,68437,82297,Rhinolophus ferrumequinum,0.022,0.022,-1,Echolocation,/mnt/ubna_data_01_mir/recover-20220825/UBNA_002/20220823_033000.WAV,Telephone Field,recover-20220825,002,1795
1080.5265,1080.5337,27187,36795,Eptesicus serotinus,0.01,0.033,-1,Echolocation,/mnt/ubna_data_01_mir/recover-20220825/UBNA_002/20220823_033000.WAV,Telephone Field,recover-20220825,002,1795
1080.5735,1080.5833,22890,29146,Nyctalus leisleri,0.009,0.023,-1,Echolocation,/mnt/ubna_data_01_mir/recover-20220825/UBNA_002/20220823_033000.WAV,Telephone Field,recover-20220825,002,1795
1080.5795,1080.5902,22890,28939,Nyctalus leisleri,0.01,0.023,-1,Echolocation,/mnt/ubna_data_01_mir/recover-20220825/UBNA_002/20220823_033000.WAV,Telephone Field,recover-20220825,002,1795
1080.5895,1080.5983,23750,31465,Plecotus austriacus,0.008,0.025,-1,Echolocation,/mnt/ubna_data_01_mir/recover-20220825/UBNA_002/20220823_033000.WAV,Telephone Field,recover-20220825,002,1795
1080.5965,1080.6366,68437,82807,Rhinolophus ferrumequinum,0.035,0.035,-1,Echolocation,/mnt/ubna_data_01_mir/recover-20220825/UBNA_002/20220823_033000.WAV,Telephone Field,recover-20220825,002,1795
1080.6475,1080.6566,24609,31967,Nyctalus leisleri,0.008,0.025,-1,Echolocation,/mnt/ubna_data_01_mir/recover-20220825/UBNA_002/20220823_033000.WAV,Telephone Field,recover-20220825,002,1795
1080.6615,1080.6991,68437,81597,Rhinolophus ferrumequinum,0.027,0.027,-1,Echolocation,/mnt/ubna_data_01_mir/recover-20220825/UBNA_002/20220823_033000.WAV,Telephone Field,recover-20220825,002,1795
1080.6835,1080.6921,23750,31508,Plecotus austriacus,0.006,0.023,-1,Echolocation,/mnt/ubna_data_01_mir/recover-20220825/UBNA_002/20220823_033000.WAV,Telephone Field,recover-20220825,002,1795
1080.6985,1080.74,68437,83017,Rhinolophus ferrumequinum,0.029,0.029,-1,Echolocation,/mnt/ubna_data_01_mir/recover-20220825/UBNA_002/20220823_033000.WAV,Telephone Field,recover-20220825,002,1795
1080.7055,1080.7138,28046,39793,Eptesicus serotinus,0.008,0.022,-1,Echolocation,/mnt/ubna_data_01_mir/recover-20220825/UBNA_002/20220823_033000.WAV,Telephone Field,recover-20220825,002,1795
1080.7195,1080.7289,24609,33092,Eptesicus serotinus,0.009,0.026,-1,Echolocation,/mnt/ubna_data_01_mir/recover-20220825/UBNA_002/20220823_033000.WAV,Telephone Field,recover-20220825,002,1795
1080.7485,1080.756,28906,40192,Eptesicus serotinus,0.008,0.024,-1,Echolocation,/mnt/ubna_data_01_mir/recover-20220825/UBNA_002/20220823_033000.WAV,Telephone Field,recover-20220825,002,1795
1080.7875,1080.7976,51250,55408,Pipistrellus pipistrellus,0.017,0.031,-1,Echolocation,/mnt/ubna_data_01_mir/recover-20220825/UBNA_002/20220823_033000.WAV,Telephone Field,recover-20220825,002,1795
1080.7915,1080.8314,68437,82459,Rhinolophus ferrumequinum,0.04,0.041,-1,Echolocation,/mnt/ubna_data_01_mir/recover-20220825/UBNA_002/20220823_033000.WAV,Telephone Field,recover-20220825,002,1795
1080.8125,1080.8537,68437,83188,Rhinolophus ferrumequinum,0.026,0.026,-1,Echolocation,/mnt/ubna_data_01_mir/recover-20220825/UBNA_002/20220823_033000.WAV,Telephone Field,recover-20220825,002,1795
1080.8245,1080.8642,68437,82163,Rhinolophus ferrumequinum,0.025,0.025,-1,Echolocation,/mnt/ubna_data_01_mir/recover-20220825/UBNA_002/20220823_033000.WAV,Telephone Field,recover-20220825,002,1795
1080.8335,1080.852,25468,29145,Nyctalus leisleri,0.145,0.228,-1,Echolocation,/mnt/ubna_data_01_mir/recover-20220825/UBNA_002/20220823_033000.WAV,Telephone Field,recover-20220825,002,1795
1080.8515,1080.8589,27187,37377,Eptesicus serotinus,0.009,0.027,-1,Echolocation,/mnt/ubna_data_01_mir/recover-20220825/UBNA_002/20220823_033000.WAV,Telephone Field,recover-20220825,002,1795
1080.8865,1080.9259,68437,82164,Rhinolophus ferrumequinum,0.033,0.033,-1,Echolocation,/mnt/ubna_data_01_mir/recover-20220825/UBNA_002/20220823_033000.WAV,Telephone Field,recover-20220825,002,1795
1080.9155,1080.9549,68437,82457,Rhinolophus ferrumequinum,0.024,0.024,-1,Echolocation,/mnt/ubna_data_01_mir/recover-20220825/UBNA_002/20220823_033000.WAV,Telephone Field,recover-20220825,002,1795
1080.9755,1081.0156,68437,82352,Rhinolophus ferrumequinum,0.024,0.024,-1,Echolocation,/mnt/ubna_data_01_mir/recover-20220825/UBNA_002/20220823_033000.WAV,Telephone Field,recover-20220825,002,1795
1080.9825,1080.9897,32343,43773,Myotis daubentonii,0.012,0.026,-1,Echolocation,/mnt/ubna_data_01_mir/recover-20220825/UBNA_002/20220823_033000.WAV,Telephone Field,recover-20220825,002,1795
1080.9835,1080.9906,23750,35908,Plecotus austriacus,0.012,0.027,-1,Echolocation,/mnt/ubna_data_01_mir/recover-20220825/UBNA_002/20220823_033000.WAV,Telephone Field,recover-20220825,002,1795
1081.0435,1081.0826,68437,82325,Rhinolophus ferrumequinum,0.024,0.024,-1,Echolocation,/mnt/ubna_data_01_mir/recover-20220825/UBNA_002/20220823_033000.WAV,Telephone Field,recover-20220825,002,1795
1081.0665,1081.0771,45234,49453,Pipistrellus pipistrellus,0.021,0.024,-1,Echolocation,/mnt/ubna_data_01_mir/recover-20220825/UBNA_002/20220823_033000.WAV,Telephone Field,recover-20220825,002,1795
1081.0735,1081.1134,68437,82646,Rhinolophus ferrumequinum,0.035,0.035,-1,Echolocation,/mnt/ubna_data_01_mir/recover-20220825/UBNA_002/20220823_033000.WAV,Telephone Field,recover-20220825,002,1795
1081.1075,1081.1475,68437,82358,Rhinolophus ferrumequinum,0.024,0.024,-1,Echolocation,/mnt/ubna_data_01_mir/recover-20220825/UBNA_002/20220823_033000.WAV,Telephone Field,recover-20220825,002,1795
1081.2275,1081.2649,68437,82094,Rhinolophus ferrumequinum,0.022,0.022,-1,Echolocation,/mnt/ubna_data_01_mir/recover-20220825/UBNA_002/20220823_033000.WAV,Telephone Field,recover-20220825,002,1795
1081.2355,1081.2518,26328,31738,Eptesicus serotinus,0.12,0.243,-1,Echolocation,/mnt/ubna_data_01_mir/recover-20220825/UBNA_002/20220823_033000.WAV,Telephone Field,recover-20220825,002,1795
1081.2965,1081.331,68437,81944,Rhinolophus ferrumequinum,0.022,0.022,-1,Echolocation,/mnt/ubna_data_01_mir/recover-20220825/UBNA_002/20220823_033000.WAV,Telephone Field,recover-20220825,002,1795
1081.3015,1081.3374,68437,81874,Rhinolophus ferrumequinum,0.023,0.023,-1,Echolocation,/mnt/ubna_data_01_mir/recover-20220825/UBNA_002/20220823_033000.WAV,Telephone Field,recover-20220825,002,1795
1081.3255,1081.3626,68437,82845,Rhinolophus ferrumequinum,0.037,0.037,-1,Echolocation,/mnt/ubna_data_01_mir/recover-20220825/UBNA_002/20220823_033000.WAV,Telephone Field,recover-20220825,002,1795
1081.3355,1081.3446,24609,32147,Eptesicus serotinus,0.007,0.023,-1,Echolocation,/mnt/ubna_data_01_mir/recover-20220825/UBNA_002/20220823_033000.WAV,Telephone Field,recover-20220825,002,1795
1081.3525,1081.3598,28046,40727,Eptesicus serotinus,0.007,0.024,-1,Echolocation,/mnt/ubna_data_01_mir/recover-20220825/UBNA_002/20220823_033000.WAV,Telephone Field,recover-20220825,002,1795
1081.3645,1081.4041,68437,82369,Rhinolophus ferrumequinum,0.023,0.023,-1,Echolocation,/mnt/ubna_data_01_mir/recover-20220825/UBNA_002/20220823_033000.WAV,Telephone Field,recover-20220825,002,1795
1081.4465,1081.4865,68437,82630,Rhinolophus ferrumequinum,0.023,0.023,-1,Echolocation,/mnt/ubna_data_01_mir/recover-20220825/UBNA_002/20220823_033000.WAV,Telephone Field,recover-20220825,002,1795
1081.4885,1081.5002,22031,26270,Nyctalus leisleri,0.018,0.03,-1,Echolocation,/mnt/ubna_data_01_mir/recover-20220825/UBNA_002/20220823_033000.WAV,Telephone Field,recover-20220825,002,1795
1081.5005,1081.5412,68437,82835,Rhinolophus ferrumequinum,0.025,0.025,-1,Echolocation,/mnt/ubna_data_01_mir/recover-20220825/UBNA_002/20220823_033000.WAV,Telephone Field,recover-20220825,002,1795
1081.5125,1081.5509,68437,82215,Rhinolophus ferrumequinum,0.022,0.022,-1,Echolocation,/mnt/ubna_data_01_mir/recover-20220825/UBNA_002/20220823_033000.WAV,Telephone Field,recover-20220825,002,1795
1081.5835,1081.5939,23750,30067,Nyctalus leisleri,0.009,0.024,-1,Echolocation,/mnt/ubna_data_01_mir/recover-20220825/UBNA_002/20220823_033000.WAV,Telephone Field,recover-20220825,002,1795
1081.5945,1081.6372,68437,83262,Rhinolophus ferrumequinum,0.041,0.041,-1,Echolocation,/mnt/ubna_data_01_mir/recover-20220825/UBNA_002/20220823_033000.WAV,Telephone Field,recover-20220825,002,1795
1081.6115,1081.6181,27187,41087,Eptesicus serotinus,0.006,0.025,-1,Echolocation,/mnt/ubna_data_01_mir/recover-20220825/UBNA_002/20220823_033000.WAV,Telephone Field,recover-20220825,002,1795
1081.6345,1081.6446,25468,33181,Eptesicus serotinus,0.01,0.024,-1,Echolocation,/mnt/ubna_data_01_mir/recover-20220825/UBNA_002/20220823_033000.WAV,Telephone Field,recover-20220825,002,1795
1081.6445,1081.6548,25468,33506,Eptesicus serotinus,0.01,0.025,-1,Echolocation,/mnt/ubna_data_01_mir/recover-20220825/UBNA_002/20220823_033000.WAV,Telephone Field,recover-20220825,002,1795
1081.6505,1081.6885,68437,81758,Rhinolophus ferrumequinum,0.023,0.023,-1,Echolocation,/mnt/ubna_data_01_mir/recover-20220825/UBNA_002/20220823_033000.WAV,Telephone Field,recover-20220825,002,1795
1081.6735,1081.6824,28046,37024,Eptesicus serotinus,0.014,0.029,-1,Echolocation,/mnt/ubna_data_01_mir/recover-20220825/UBNA_002/20220823_033000.WAV,Telephone Field,recover-20220825,002,1795
1081.6885,1081.7254,68437,81971,Rhinolophus ferrumequinum,0.025,0.025,-1,Echolocation,/mnt/ubna_data_01_mir/recover-20220825/UBNA_002/20220823_033000.WAV,Telephone Field,recover-20220825,002,1795
1081.6955,1081.7308,68437,81718,Rhinolophus ferrumequinum,0.023,0.023,-1,Echolocation,/mnt/ubna_data_01_mir/recover-20220825/UBNA_002/20220823_033000.WAV,Telephone Field,recover-20220825,002,1795
1081.7365,1081.7751,68437,82080,Rhinolophus ferrumequinum,0.023,0.023,-1,Echolocation,/mnt/ubna_data_01_mir/recover-20220825/UBNA_002/20220823_033000.WAV,Telephone Field,recover-20220825,002,1795
1081.7625,1081.7995,68437,82180,Rhinolophus ferrumequinum,0.023,0.023,-1,Echolocation,/mnt/ubna_data_01_mir/recover-20220825/UBNA_002/20220823_033000.WAV,Telephone Field,recover-20220825,002,1795
1081.7745,1081.7858,25468,33496,Eptesicus serotinus,0.016,0.035,-1,Echolocation,/mnt/ubna_data_01_mir/recover-20220825/UBNA_002/20220823_033000.WAV,Telephone Field,recover-20220825,002,1795
1081.8095,1081.8181,28906,41218,Eptesicus serotinus,0.01,0.027,-1,Echolocation,/mnt/ubna_data_01_mir/recover-20220825/UBNA_002/20220823_033000.WAV,Telephone Field,recover-20220825,002,1795
1081.8275,1081.8353,23750,32353,Plecotus austriacus,0.01,0.025,-1,Echolocation,/mnt/ubna_data_01_mir/recover-20220825/UBNA_002/20220823_033000.WAV,Telephone Field,recover-20220825,002,1795
1081.8375,1081.8772,68437,82518,Rhinolophus ferrumequinum,0.024,0.024,-1,Echolocation,/mnt/ubna_data_01_mir/recover-20220825/UBNA_002/20220823_033000.WAV,Telephone Field,recover-20220825,002,1795
1081.8385,1081.847,28046,37283,Eptesicus serotinus,0.008,0.022,-1,Echolocation,/mnt/ubna_data_01_mir/recover-20220825/UBNA_002/20220823_033000.WAV,Telephone Field,recover-20220825,002,1795
1081.8615,1081.9012,68437,82693,Rhinolophus ferrumequinum,0.024,0.024,-1,Echolocation,/mnt/ubna_data_01_mir/recover-20220825/UBNA_002/20220823_033000.WAV,Telephone Field,recover-20220825,002,1795
1081.8635,1081.8744,22890,27269,Nyctalus leisleri,0.013,0.024,-1,Echolocation,/mnt/ubna_data_01_mir/recover-20220825/UBNA_002/20220823_033000.WAV,Telephone Field,recover-20220825,002,1795
1081.8795,1081.9162,68437,82386,Rhinolophus ferrumequinum,0.022,0.022,-1,Echolocation,/mnt/ubna_data_01_mir/recover-20220825/UBNA_002/20220823_033000.WAV,Telephone Field,recover-20220825,002,1795
1081.8895,1081.8962,24609,34446,Plecotus austriacus,0.013,0.032,-1,Echolocation,/mnt/ubna_data_01_mir/recover-20220825/UBNA_002/20220823_033000.WAV,Telephone Field,recover-20220825,002,1795
1081.9275,1081.9354,27187,36601,Eptesicus serotinus,0.009,0.023,-1,Echolocation,/mnt/ubna_data_01_mir/recover-20220825/UBNA_002/20220823_033000.WAV,Telephone Field,recover-20220825,002,1795
1081.9405,1081.9472,26328,39622,Eptesicus serotinus,0.007,0.025,-1,Echolocation,/mnt/ubna_data_01_mir/recover-20220825/UBNA_002/20220823_033000.WAV,Telephone Field,recover-20220825,002,1795
1082.0015,1082.0101,25468,34914,Nyctalus leisleri,0.007,0.027,-1,Echolocation,/mnt/ubna_data_01_mir/recover-20220825/UBNA_002/20220823_033000.WAV,Telephone Field,recover-20220825,002,1795
1082.0015,1082.0312,70156,81263,Rhinolophus ferrumequinum,0.032,0.033,-1,Echolocation,/mnt/ubna_data_01_mir/recover-20220825/UBNA_002/20220823_033000.WAV,Telephone Field,recover-20220825,002,1795
1082.0465,1082.0543,28046,36878,Eptesicus serotinus,0.044,0.087,-1,Echolocation,/mnt/ubna_data_01_mir/recover-20220825/UBNA_002/20220823_033000.WAV,Telephone Field,recover-20220825,002,1795
1082.0725,1082.0809,28046,40244,Eptesicus serotinus,0.008,0.024,-1,Echolocation,/mnt/ubna_data_01_mir/recover-20220825/UBNA_002/20220823_033000.WAV,Telephone Field,recover-20220825,002,1795
1082.1405,1082.1481,24609,35291,Plecotus austriacus,0.011,0.029,-1,Echolocation,/mnt/ubna_data_01_mir/recover-20220825/UBNA_002/20220823_033000.WAV,Telephone Field,recover-20220825,002,1795
1082.1465,1082.1791,68437,79942,Rhinolophus ferrumequinum,0.031,0.031,-1,Echolocation,/mnt/ubna_data_01_mir/recover-20220825/UBNA_002/20220823_033000.WAV,Telephone Field,recover-20220825,002,1795
1082.1965,1082.2346,68437,82925,Rhinolophus ferrumequinum,0.021,0.021,-1,Echolocation,/mnt/ubna_data_01_mir/recover-20220825/UBNA_002/20220823_033000.WAV,Telephone Field,recover-20220825,002,1795
1082.2015,1082.2145,33203,36691,Pipistrellus nathusii,0.009,0.032,-1,Echolocation,/mnt/ubna_data_01_mir/recover-20220825/UBNA_002/20220823_033000.WAV,Telephone Field,recover-20220825,002,1795
1082.2235,1082.2602,68437,81725,Rhinolophus ferrumequinum,0.021,0.021,-1,Echolocation,/mnt/ubna_data_01_mir/recover-20220825/UBNA_002/20220823_033000.WAV,Telephone Field,recover-20220825,002,1795
1082.2315,1082.2392,28046,39027,Eptesicus serotinus,0.01,0.03,-1,Echolocation,/mnt/ubna_data_01_mir/recover-20220825/UBNA_002/20220823_033000.WAV,Telephone Field,recover-20220825,002,1795
1082.2445,1082.2853,68437,82645,Rhinolophus ferrumequinum,0.024,0.024,-1,Echolocation,/mnt/ubna_data_01_mir/recover-20220825/UBNA_002/20220823_033000.WAV,Telephone Field,recover-20220825,002,1795
1082.2695,1082.2798,28046,38743,Eptesicus serotinus,0.016,0.032,-1,Echolocation,/mnt/ubna_data_01_mir/recover-20220825/UBNA_002/20220823_033000.WAV,Telephone Field,recover-20220825,002,1795
1082.2815,1082.3139,68437,80543,Rhinolophus ferrumequinum,0.021,0.022,-1,Echolocation,/mnt/ubna_data_01_mir/recover-20220825/UBNA_002/20220823_033000.WAV,Telephone Field,recover-20220825,002,1795
1082.2875,1082.318,68437,80283,Rhinolophus ferrumequinum,0.021,0.021,-1,Echolocation,/mnt/ubna_data_01_mir/recover-20220825/UBNA_002/20220823_033000.WAV,Telephone Field,recover-20220825,002,1795
1082.2975,1082.3053,28046,37450,Eptesicus serotinus,0.008,0.025,-1,Echolocation,/mnt/ubna_data_01_mir/recover-20220825/UBNA_002/20220823_033000.WAV,Telephone Field,recover-20220825,002,1795
1082.3035,1082.3439,68437,82471,Rhinolophus ferrumequinum,0.026,0.026,-1,Echolocation,/mnt/ubna_data_01_mir/recover-20220825/UBNA_002/20220823_033000.WAV,Telephone Field,recover-20220825,002,1795
1082.3215,1082.3299,26328,35165,Eptesicus serotinus,0.009,0.023,-1,Echolocation,/mnt/ubna_data_01_mir/recover-20220825/UBNA_002/20220823_033000.WAV,Telephone Field,recover-20220825,002,1795
1082.3225,1082.3611,68437,82380,Rhinolophus ferrumequinum,0.023,0.023,-1,Echolocation,/mnt/ubna_data_01_mir/recover-20220825/UBNA_002/20220823_033000.WAV,Telephone Field,recover-20220825,002,1795
1082.3475,1082.3908,68437,82901,Rhinolophus ferrumequinum,0.024,0.024,-1,Echolocation,/mnt/ubna_data_01_mir/recover-20220825/UBNA_002/20220823_033000.WAV,Telephone Field,recover-20220825,002,1795
1082.3665,1082.3734,28046,40709,Eptesicus serotinus,0.006,0.025,-1,Echolocation,/mnt/ubna_data_01_mir/recover-20220825/UBNA_002/20220823_033000.WAV,Telephone Field,recover-20220825,002,1795
1082.3875,1082.4265,68437,82393,Rhinolophus ferrumequinum,0.021,0.021,-1,Echolocation,/mnt/ubna_data_01_mir/recover-20220825/UBNA_002/20220823_033000.WAV,Telephone Field,recover-20220825,002,1795
1082.4115,1082.4188,28046,38273,Eptesicus serotinus,0.009,0.028,-1,Echolocation,/mnt/ubna_data_01_mir/recover-20220825/UBNA_002/20220823_033000.WAV,Telephone Field,recover-20220825,002,1795
1082.4285,1082.4651,68437,81368,Rhinolophus ferrumequinum,0.031,0.031,-1,Echolocation,/mnt/ubna_data_01_mir/recover-20220825/UBNA_002/20220823_033000.WAV,Telephone Field,recover-20220825,002,1795
1082.4435,1082.452,28906,37686,Eptesicus serotinus,0.009,0.026,-1,Echolocation,/mnt/ubna_data_01_mir/recover-20220825/UBNA_002/20220823_033000.WAV,Telephone Field,recover-20220825,002,1795
1082.4565,1082.494,68437,82578,Rhinolophus ferrumequinum,0.026,0.026,-1,Echolocation,/mnt/ubna_data_01_mir/recover-20220825/UBNA_002/20220823_033000.WAV,Telephone Field,recover-20220825,002,1795
1082.4875,1082.5259,68437,82027,Rhinolophus ferrumequinum,0.023,0.023,-1,Echolocation,/mnt/ubna_data_01_mir/recover-20220825/UBNA_002/20220823_033000.WAV,Telephone Field,recover-20220825,002,1795
1082.4955,1082.5036,28046,36595,Eptesicus serotinus,0.007,0.021,-1,Echolocation,/mnt/ubna_data_01_mir/recover-20220825/UBNA_002/20220823_033000.WAV,Telephone Field,recover-20220825,002,1795
1082.5095,1082.5502,68437,81871,Rhinolophus ferrumequinum,0.022,0.022,-1,Echolocation,/mnt/ubna_data_01_mir/recover-20220825/UBNA_002/20220823_033000.WAV,Telephone Field,recover-20220825,002,1795
1082.5555,1082.5674,23750,29355,Nyctalus leisleri,0.015,0.033,-1,Echolocation,/mnt/ubna_data_01_mir/recover-20220825/UBNA_002/20220823_033000.WAV,Telephone Field,recover-20220825,002,1795
1082.7105,1082.7211,23750,29095,Nyctalus leisleri,0.01,0.022,-1,Echolocation,/mnt/ubna_data_01_mir/recover-20220825/UBNA_002/20220823_033000.WAV,Telephone Field,recover-20220825,002,1795
1082.7135,1082.7528,68437,82388,Rhinolophus ferrumequinum,0.022,0.022,-1,Echolocation,/mnt/ubna_data_01_mir/recover-20220825/UBNA_002/20220823_033000.WAV,Telephone Field,recover-20220825,002,1795
1082.7425,1082.7521,28046,36784,Eptesicus serotinus,0.009,0.024,-1,Echolocation,/mnt/ubna_data_01_mir/recover-20220825/UBNA_002/20220823_033000.WAV,Telephone Field,recover-20220825,002,1795
1082.7525,1082.7609,28046,38008,Eptesicus serotinus,0.008,0.021,-1,Echolocation,/mnt/ubna_data_01_mir/recover-20220825/UBNA_002/20220823_033000.WAV,Telephone Field,recover-20220825,002,1795
1082.7525,1082.7924,68437,82535,Rhinolophus ferrumequinum,0.024,0.024,-1,Echolocation,/mnt/ubna_data_01_mir/recover-20220825/UBNA_002/20220823_033000.WAV,Telephone Field,recover-20220825,002,1795
1082.7625,1082.7696,28046,39262,Eptesicus serotinus,0.007,0.026,-1,Echolocation,/mnt/ubna_data_01_mir/recover-20220825/UBNA_002/20220823_033000.WAV,Telephone Field,recover-20220825,002,1795
1082.7625,1082.768,33203,45697,Myotis daubentonii,0.013,0.027,-1,Echolocation,/mnt/ubna_data_01_mir/recover-20220825/UBNA_002/20220823_033000.WAV,Telephone Field,recover-20220825,002,1795
1082.8265,1082.8332,28046,42235,Eptesicus serotinus,0.008,0.031,-1,Echolocation,/mnt/ubna_data_01_mir/recover-20220825/UBNA_002/20220823_033000.WAV,Telephone Field,recover-20220825,002,1795
1082.8355,1082.845,28046,36624,Eptesicus serotinus,0.01,0.023,-1,Echolocation,/mnt/ubna_data_01_mir/recover-20220825/UBNA_002/20220823_033000.WAV,Telephone Field,recover-20220825,002,1795
1082.8365,1082.8735,68437,82084,Rhinolophus ferrumequinum,0.022,0.022,-1,Echolocation,/mnt/ubna_data_01_mir/recover-20220825/UBNA_002/20220823_033000.WAV,Telephone Field,recover-20220825,002,1795
1082.8395,1082.8494,23750,30765,Eptesicus serotinus,0.007,0.023,-1,Echolocation,/mnt/ubna_data_01_mir/recover-20220825/UBNA_002/20220823_033000.WAV,Telephone Field,recover-20220825,002,1795
1082.8715,1082.8807,28046,38997,Eptesicus serotinus,0.009,0.024,-1,Echolocation,/mnt/ubna_data_01_mir/recover-20220825/UBNA_002/20220823_033000.WAV,Telephone Field,recover-20220825,002,1795
1082.9195,1082.9585,68437,82380,Rhinolophus ferrumequinum,0.022,0.022,-1,Echolocation,/mnt/ubna_data_01_mir/recover-20220825/UBNA_002/20220823_033000.WAV,Telephone Field,recover-20220825,002,1795
1082.9585,1082.9961,68437,82031,Rhinolophus ferrumequinum,0.024,0.024,-1,Echolocation,/mnt/ubna_data_01_mir/recover-20220825/UBNA_002/20220823_033000.WAV,Telephone Field,recover-20220825,002,1795
1082.9735,1082.9843,22890,27415,Nyctalus leisleri,0.011,0.022,-1,Echolocation,/mnt/ubna_data_01_mir/recover-20220825/UBNA_002/20220823_033000.WAV,Telephone Field,recover-20220825,002,1795
1082.9855,1083.0237,68437,81716,Rhinolophus ferrumequinum,0.022,0.022,-1,Echolocation,/mnt/ubna_data_01_mir/recover-20220825/UBNA_002/20220823_033000.WAV,Telephone Field,recover-20220825,002,1795
1083.0195,1083.0268,32343,43658,Myotis daubentonii,0.008,0.022,-1,Echolocation,/mnt/ubna_data_01_mir/recover-20220825/UBNA_002/20220823_033000.WAV,Telephone Field,recover-20220825,002,1795
1083.0335,1083.0696,68437,81211,Rhinolophus ferrumequinum,0.021,0.021,-1,Echolocation,/mnt/ubna_data_01_mir/recover-20220825/UBNA_002/20220823_033000.WAV,Telephone Field,recover-20220825,002,1795
1083.1035,1083.1107,24609,33901,Plecotus austriacus,0.01,0.026,-1,Echolocation,/mnt/ubna_data_01_mir/recover-20220825/UBNA_002/20220823_033000.WAV,Telephone Field,recover-20220825,002,1795
1083.1255,1083.1649,68437,82144,Rhinolophus ferrumequinum,0.022,0.022,-1,Echolocation,/mnt/ubna_data_01_mir/recover-20220825/UBNA_002/20220823_033000.WAV,Telephone Field,recover-20220825,002,1795
1083.1325,1083.143,22890,27764,Nyctalus leisleri,0.012,0.023,-1,Echolocation,/mnt/ubna_data_01_mir/recover-20220825/UBNA_002/20220823_033000.WAV,Telephone Field,recover-20220825,002,1795
1083.1535,1083.1623,28046,36606,Eptesicus serotinus,0.009,0.022,-1,Echolocation,/mnt/ubna_data_01_mir/recover-20220825/UBNA_002/20220823_033000.WAV,Telephone Field,recover-20220825,002,1795
1083.1645,1083.2034,68437,82403,Rhinolophus ferrumequinum,0.022,0.022,-1,Echolocation,/mnt/ubna_data_01_mir/recover-20220825/UBNA_002/20220823_033000.WAV,Telephone Field,recover-20220825,002,1795
1083.1785,1083.1878,27187,35071,Eptesicus serotinus,0.009,0.021,-1,Echolocation,/mnt/ubna_data_01_mir/recover-20220825/UBNA_002/20220823_033000.WAV,Telephone Field,recover-20220825,002,1795
1083.2405,1083.2797,68437,81936,Rhinolophus ferrumequinum,0.021,0.021,-1,Echolocation,/mnt/ubna_data_01_mir/recover-20220825/UBNA_002/20220823_033000.WAV,Telephone Field,recover-20220825,002,1795
1083.2435,1083.2576,21171,25609,Nyctalus leisleri,0.015,0.032,-1,Echolocation,/mnt/ubna_data_01_mir/recover-20220825/UBNA_002/20220823_033000.WAV,Telephone Field,recover-20220825,002,1795
1083.2875,1083.297,28046,37159,Eptesicus serotinus,0.009,0.024,-1,Echolocation,/mnt/ubna_data_01_mir/recover-20220825/UBNA_002/20220823_033000.WAV,Telephone Field,recover-20220825,002,1795
1083.3145,1083.3514,68437,81663,Rhinolophus ferrumequinum,0.022,0.022,-1,Echolocation,/mnt/ubna_data_01_mir/recover-20220825/UBNA_002/20220823_033000.WAV,Telephone Field,recover-20220825,002,1795
1083.3145,1083.3244,28046,35208,Eptesicus serotinus,0.008,0.022,-1,Echolocation,/mnt/ubna_data_01_mir/recover-20220825/UBNA_002/20220823_033000.WAV,Telephone Field,recover-20220825,002,1795
1083.3515,1083.389,68437,81355,Rhinolophus ferrumequinum,0.025,0.025,-1,Echolocation,/mnt/ubna_data_01_mir/recover-20220825/UBNA_002/20220823_033000.WAV,Telephone Field,recover-20220825,002,1795
1083.3825,1083.3897,28046,41056,Eptesicus serotinus,0.007,0.025,-1,Echolocation,/mnt/ubna_data_01_mir/recover-20220825/UBNA_002/20220823_033000.WAV,Telephone Field,recover-20220825,002,1795
1083.4305,1083.4386,26328,40384,Eptesicus serotinus,0.007,0.023,-1,Echolocation,/mnt/ubna_data_01_mir/recover-20220825/UBNA_002/20220823_033000.WAV,Telephone Field,recover-20220825,002,1795
1083.4445,1083.4541,21171,27146,Plecotus austriacus,0.011,0.026,-1,Echolocation,/mnt/ubna_data_01_mir/recover-20220825/UBNA_002/20220823_033000.WAV,Telephone Field,recover-20220825,002,1795
1083.4765,1083.4845,27187,38173,Eptesicus serotinus,0.007,0.022,-1,Echolocation,/mnt/ubna_data_01_mir/recover-20220825/UBNA_002/20220823_033000.WAV,Telephone Field,recover-20220825,002,1795
1083.5155,1083.5551,68437,83024,Rhinolophus ferrumequinum,0.027,0.027,-1,Echolocation,/mnt/ubna_data_01_mir/recover-20220825/UBNA_002/20220823_033000.WAV,Telephone Field,recover-20220825,002,1795
1083.5805,1083.5875,28046,38193,Eptesicus serotinus,0.006,0.025,-1,Echolocation,/mnt/ubna_data_01_mir/recover-20220825/UBNA_002/20220823_033000.WAV,Telephone Field,recover-20220825,002,1795
1083.6135,1083.6203,27187,39658,Eptesicus serotinus,0.009,0.028,-1,Echolocation,/mnt/ubna_data_01_mir/recover-20220825/UBNA_002/20220823_033000.WAV,Telephone Field,recover-20220825,002,1795
1083.6375,1083.6789,68437,82581,Rhinolophus ferrumequinum,0.026,0.026,-1,Echolocation,/mnt/ubna_data_01_mir/recover-20220825/UBNA_002/20220823_033000.WAV,Telephone Field,recover-20220825,002,1795
1083.6525,1083.6915,68437,83170,Rhinolophus ferrumequinum,0.024,0.024,-1,Echolocation,/mnt/ubna_data_01_mir/recover-20220825/UBNA_002/20220823_033000.WAV,Telephone Field,recover-20220825,002,1795
1083.7065,1083.7407,68437,81228,Rhinolophus ferrumequinum,0.023,0.023,-1,Echolocation,/mnt/ubna_data_01_mir/recover-20220825/UBNA_002/20220823_033000.WAV,Telephone Field,recover-20220825,002,1795
1083.7415,1083.7797,68437,81488,Rhinolophus ferrumequinum,0.022,0.022,-1,Echolocation,/mnt/ubna_data_01_mir/recover-20220825/UBNA_002/20220823_033000.WAV,Telephone Field,recover-20220825,002,1795
1083.7515,1083.7947,68437,82722,Rhinolophus ferrumequinum,0.025,0.025,-1,Echolocation,/mnt/ubna_data_01_mir/recover-20220825/UBNA_002/20220823_033000.WAV,Telephone Field,recover-20220825,002,1795
1083.7755,1083.8142,68437,81150,Rhinolophus ferrumequinum,0.026,0.026,-1,Echolocation,/mnt/ubna_data_01_mir/recover-20220825/UBNA_002/20220823_033000.WAV,Telephone Field,recover-20220825,002,1795
1083.7955,1083.8363,68437,82628,Rhinolophus ferrumequinum,0.021,0.021,-1,Echolocation,/mnt/ubna_data_01_mir/recover-20220825/UBNA_002/20220823_033000.WAV,Telephone Field,recover-20220825,002,1795
1083.8015,1083.8107,25468,33753,Eptesicus serotinus,0.008,0.026,-1,Echolocation,/mnt/ubna_data_01_mir/recover-20220825/UBNA_002/20220823_033000.WAV,Telephone Field,recover-20220825,002,1795
1083.8355,1083.8426,27187,39037,Eptesicus serotinus,0.006,0.022,-1,Echolocation,/mnt/ubna_data_01_mir/recover-20220825/UBNA_002/20220823_033000.WAV,Telephone Field,recover-20220825,002,1795
1083.8625,1083.8713,23750,31387,Plecotus austriacus,0.007,0.023,-1,Echolocation,/mnt/ubna_data_01_mir/recover-20220825/UBNA_002/20220823_033000.WAV,Telephone Field,recover-20220825,002,1795
1083.8845,1083.8925,28046,37476,Eptesicus serotinus,0.008,0.025,-1,Echolocation,/mnt/ubna_data_01_mir/recover-20220825/UBNA_002/20220823_033000.WAV,Telephone Field,recover-20220825,002,1795
1083.9375,1083.9783,68437,81993,Rhinolophus ferrumequinum,0.027,0.027,-1,Echolocation,/mnt/ubna_data_01_mir/recover-20220825/UBNA_002/20220823_033000.WAV,Telephone Field,recover-20220825,002,1795
1083.9455,1083.9569,32343,37432,Eptesicus serotinus,0.012,0.039,-1,Echolocation,/mnt/ubna_data_01_mir/recover-20220825/UBNA_002/20220823_033000.WAV,Telephone Field,recover-20220825,002,1795
1083.9595,1083.9995,68437,82778,Rhinolophus ferrumequinum,0.025,0.025,-1,Echolocation,/mnt/ubna_data_01_mir/recover-20220825/UBNA_002/20220823_033000.WAV,Telephone Field,recover-20220825,002,1795
1083.9855,1083.9959,22890,29117,Nyctalus leisleri,0.009,0.022,-1,Echolocation,/mnt/ubna_data_01_mir/recover-20220825/UBNA_002/20220823_033000.WAV,Telephone Field,recover-20220825,002,1795
1084.0015,1084.0099,26328,35193,Eptesicus serotinus,0.007,0.024,-1,Echolocation,/mnt/ubna_data_01_mir/recover-20220825/UBNA_002/20220823_033000.WAV,Telephone Field,recover-20220825,002,1795
1084.0015,1084.033,68437,80640,Rhinolophus ferrumequinum,0.038,0.039,-1,Echolocation,/mnt/ubna_data_01_mir/recover-20220825/UBNA_002/20220823_033000.WAV,Telephone Field,recover-20220825,002,1795
1084.0085,1084.0476,68437,81459,Rhinolophus ferrumequinum,0.023,0.023,-1,Echolocation,/mnt/ubna_data_01_mir/recover-20220825/UBNA_002/20220823_033000.WAV,Telephone Field,recover-20220825,002,1795
1084.0305,1084.0404,28046,36576,Eptesicus serotinus,0.008,0.021,-1,Echolocation,/mnt/ubna_data_01_mir/recover-20220825/UBNA_002/20220823_033000.WAV,Telephone Field,recover-20220825,002,1795
1084.0375,1084.0752,68437,82423,Rhinolophus ferrumequinum,0.021,0.021,-1,Echolocation,/mnt/ubna_data_01_mir/recover-20220825/UBNA_002/20220823_033000.WAV,Telephone Field,recover-20220825,002,1795
1084.0415,1084.0491,27187,39486,Eptesicus serotinus,0.008,0.024,-1,Echolocation,/mnt/ubna_data_01_mir/recover-20220825/UBNA_002/20220823_033000.WAV,Telephone Field,recover-20220825,002,1795
1084.0515,1084.0619,24609,31002,Eptesicus serotinus,0.009,0.025,-1,Echolocation,/mnt/ubna_data_01_mir/recover-20220825/UBNA_002/20220823_033000.WAV,Telephone Field,recover-20220825,002,1795
1084.0735,1084.1129,68437,82041,Rhinolophus ferrumequinum,0.022,0.023,-1,Echolocation,/mnt/ubna_data_01_mir/recover-20220825/UBNA_002/20220823_033000.WAV,Telephone Field,recover-20220825,002,1795
1084.0745,1084.0893,15156,21396,Nyctalus noctula,0.017,0.023,-1,Echolocation,/mnt/ubna_data_01_mir/recover-20220825/UBNA_002/20220823_033000.WAV,Telephone Field,recover-20220825,002,1795
1084.0935,1084.1299,68437,82117,Rhinolophus ferrumequinum,0.021,0.021,-1,Echolocation,/mnt/ubna_data_01_mir/recover-20220825/UBNA_002/20220823_033000.WAV,Telephone Field,recover-20220825,002,1795
1084.1035,1084.1172,27187,33213,Eptesicus serotinus,0.034,0.059,-1,Echolocation,/mnt/ubna_data_01_mir/recover-20220825/UBNA_002/20220823_033000.WAV,Telephone Field,recover-20220825,002,1795
1084.1205,1084.1608,68437,82395,Rhinolophus ferrumequinum,0.023,0.023,-1,Echolocation,/mnt/ubna_data_01_mir/recover-20220825/UBNA_002/20220823_033000.WAV,Telephone Field,recover-20220825,002,1795
1084.1305,1084.1427,22031,26877,Nyctalus leisleri,0.014,0.028,-1,Echolocation,/mnt/ubna_data_01_mir/recover-20220825/UBNA_002/20220823_033000.WAV,Telephone Field,recover-20220825,002,1795
1084.1455,1084.1829,68437,81668,Rhinolophus ferrumequinum,0.022,0.022,-1,Echolocation,/mnt/ubna_data_01_mir/recover-20220825/UBNA_002/20220823_033000.WAV,Telephone Field,recover-20220825,002,1795
1084.1475,1084.1617,16015,21325,Nyctalus noctula,0.015,0.022,-1,Echolocation,/mnt/ubna_data_01_mir/recover-20220825/UBNA_002/20220823_033000.WAV,Telephone Field,recover-20220825,002,1795
1084.1685,1084.1776,27187,38203,Eptesicus serotinus,0.008,0.021,-1,Echolocation,/mnt/ubna_data_01_mir/recover-20220825/UBNA_002/20220823_033000.WAV,Telephone Field,recover-20220825,002,1795
1084.1685,1084.207,68437,82115,Rhinolophus ferrumequinum,0.022,0.022,-1,Echolocation,/mnt/ubna_data_01_mir/recover-20220825/UBNA_002/20220823_033000.WAV,Telephone Field,recover-20220825,002,1795
1084.1775,1084.2172,68437,82013,Rhinolophus ferrumequinum,0.026,0.026,-1,Echolocation,/mnt/ubna_data_01_mir/recover-20220825/UBNA_002/20220823_033000.WAV,Telephone Field,recover-20220825,002,1795
1084.1875,1084.1959,28046,38561,Eptesicus serotinus,0.008,0.022,-1,Echolocation,/mnt/ubna_data_01_mir/recover-20220825/UBNA_002/20220823_033000.WAV,Telephone Field,recover-20220825,002,1795
1084.2005,1084.2071,48671,54135,Pipistrellus pipistrellus,0.021,0.023,-1,Echolocation,/mnt/ubna_data_01_mir/recover-20220825/UBNA_002/20220823_033000.WAV,Telephone Field,recover-20220825,002,1795
1084.2225,1084.2327,24609,31904,Eptesicus serotinus,0.009,0.025,-1,Echolocation,/mnt/ubna_data_01_mir/recover-20220825/UBNA_002/20220823_033000.WAV,Telephone Field,recover-20220825,002,1795
1084.2425,1084.2848,68437,83032,Rhinolophus ferrumequinum,0.027,0.027,-1,Echolocation,/mnt/ubna_data_01_mir/recover-20220825/UBNA_002/20220823_033000.WAV,Telephone Field,recover-20220825,002,1795
1084.2615,1084.3017,68437,82043,Rhinolophus ferrumequinum,0.022,0.022,-1,Echolocation,/mnt/ubna_data_01_mir/recover-20220825/UBNA_002/20220823_033000.WAV,Telephone Field,recover-20220825,002,1795
1084.2705,1084.3077,68437,81912,Rhinolophus ferrumequinum,0.024,0.024,-1,Echolocation,/mnt/ubna_data_01_mir/recover-20220825/UBNA_002/20220823_033000.WAV,Telephone Field,recover-20220825,002,1795
1084.2715,1084.2799,22031,30071,Plecotus austriacus,0.013,0.026,-1,Echolocation,/mnt/ubna_data_01_mir/recover-20220825/UBNA_002/20220823_033000.WAV,Telephone Field,recover-20220825,002,1795
1084.2885,1084.3252,68437,80790,Rhinolophus ferrumequinum,0.021,0.021,-1,Echolocation,/mnt/ubna_data_01_mir/recover-20220825/UBNA_002/20220823_033000.WAV,Telephone Field,recover-20220825,002,1795
1084.3115,1084.3521,68437,82428,Rhinolophus ferrumequinum,0.022,0.022,-1,Echolocation,/mnt/ubna_data_01_mir/recover-20220825/UBNA_002/20220823_033000.WAV,Telephone Field,recover-20220825,002,1795
1084.3655,1084.402,68437,82163,Rhinolophus ferrumequinum,0.022,0.022,-1,Echolocation,/mnt/ubna_data_01_mir/recover-20220825/UBNA_002/20220823_033000.WAV,Telephone Field,recover-20220825,002,1795
1084.4055,1084.4454,68437,82719,Rhinolophus ferrumequinum,0.022,0.022,-1,Echolocation,/mnt/ubna_data_01_mir/recover-20220825/UBNA_002/20220823_033000.WAV,Telephone Field,recover-20220825,002,1795
1084.4715,1084.5138,68437,83633,Rhinolophus ferrumequinum,0.034,0.034,-1,Echolocation,/mnt/ubna_data_01_mir/recover-20220825/UBNA_002/20220823_033000.WAV,Telephone Field,recover-20220825,002,1795
1084.5065,1084.5159,27187,38294,Eptesicus serotinus,0.009,0.022,-1,Echolocation,/mnt/ubna_data_01_mir/recover-20220825/UBNA_002/20220823_033000.WAV,Telephone Field,recover-20220825,002,1795
1084.5455,1084.5527,28046,40792,Eptesicus serotinus,0.007,0.024,-1,Echolocation,/mnt/ubna_data_01_mir/recover-20220825/UBNA_002/20220823_033000.WAV,Telephone Field,recover-20220825,002,1795
1084.5555,1084.565,38359,42270,Pipistrellus nathusii,0.063,0.086,-1,Echolocation,/mnt/ubna_data_01_mir/recover-20220825/UBNA_002/20220823_033000.WAV,Telephone Field,recover-20220825,002,1795
1084.5835,1084.6196,68437,82324,Rhinolophus ferrumequinum,0.021,0.021,-1,Echolocation,/mnt/ubna_data_01_mir/recover-20220825/UBNA_002/20220823_033000.WAV,Telephone Field,recover-20220825,002,1795
1084.6105,1084.621,28046,35422,Eptesicus serotinus,0.015,0.028,-1,Echolocation,/mnt/ubna_data_01_mir/recover-20220825/UBNA_002/20220823_033000.WAV,Telephone Field,recover-20220825,002,1795
1084.6535,1084.6645,22890,28850,Nyctalus leisleri,0.01,0.025,-1,Echolocation,/mnt/ubna_data_01_mir/recover-20220825/UBNA_002/20220823_033000.WAV,Telephone Field,recover-20220825,002,1795
1084.6715,1084.71,68437,82514,Rhinolophus ferrumequinum,0.024,0.024,-1,Echolocation,/mnt/ubna_data_01_mir/recover-20220825/UBNA_002/20220823_033000.WAV,Telephone Field,recover-20220825,002,1795
1084.6955,1084.7062,22890,28648,Nyctalus leisleri,0.011,0.027,-1,Echolocation,/mnt/ubna_data_01_mir/recover-20220825/UBNA_002/20220823_033000.WAV,Telephone Field,recover-20220825,002,1795
1084.7325,1084.7458,33203,38078,Pipistrellus nathusii,0.026,0.06,-1,Echolocation,/mnt/ubna_data_01_mir/recover-20220825/UBNA_002/20220823_033000.WAV,Telephone Field,recover-20220825,002,1795
1084.7355,1084.777,68437,82698,Rhinolophus ferrumequinum,0.021,0.021,-1,Echolocation,/mnt/ubna_data_01_mir/recover-20220825/UBNA_002/20220823_033000.WAV,Telephone Field,recover-20220825,002,1795
1084.8185,1084.8541,68437,81776,Rhinolophus ferrumequinum,0.024,0.024,-1,Echolocation,/mnt/ubna_data_01_mir/recover-20220825/UBNA_002/20220823_033000.WAV,Telephone Field,recover-20220825,002,1795
1084.8475,1084.8863,68437,82373,Rhinolophus ferrumequinum,0.021,0.021,-1,Echolocation,/mnt/ubna_data_01_mir/recover-20220825/UBNA_002/20220823_033000.WAV,Telephone Field,recover-20220825,002,1795
1084.8745,1084.8818,26328,39754,Eptesicus serotinus,0.006,0.022,-1,Echolocation,/mnt/ubna_data_01_mir/recover-20220825/UBNA_002/20220823_033000.WAV,Telephone Field,recover-20220825,002,1795
1084.9125,1084.9511,68437,81938,Rhinolophus ferrumequinum,0.022,0.022,-1,Echolocation,/mnt/ubna_data_01_mir/recover-20220825/UBNA_002/20220823_033000.WAV,Telephone Field,recover-20220825,002,1795
1084.9365,1084.9746,68437,81408,Rhinolophus ferrumequinum,0.021,0.021,-1,Echolocation,/mnt/ubna_data_01_mir/recover-20220825/UBNA_002/20220823_033000.WAV,Telephone Field,recover-20220825,002,1795
1084.9465,1084.9558,25468,32942,Eptesicus serotinus,0.009,0.024,-1,Echolocation,/mnt/ubna_data_01_mir/recover-20220825/UBNA_002/20220823_033000.WAV,Telephone Field,recover-20220825,002,1795
1084.9715,1085.0085,68437,81928,Rhinolophus ferrumequinum,0.022,0.022,-1,Echolocation,/mnt/ubna_data_01_mir/recover-20220825/UBNA_002/20220823_033000.WAV,Telephone Field,recover-20220825,002,1795
1084.9895,1085.0296,68437,82683,Rhinolophus ferrumequinum,0.024,0.024,-1,Echolocation,/mnt/ubna_data_01_mir/recover-20220825/UBNA_002/20220823_033000.WAV,Telephone Field,recover-20220825,002,1795
1084.9925,1085.0014,28046,37409,Eptesicus serotinus,0.01,0.024,-1,Echolocation,/mnt/ubna_data_01_mir/recover-20220825/UBNA_002/20220823_033000.WAV,Telephone Field,recover-20220825,002,1795
1085.0075,1085.0462,68437,82807,Rhinolophus ferrumequinum,0.021,0.021,-1,Echolocation,/mnt/ubna_data_01_mir/recover-20220825/UBNA_002/20220823_033000.WAV,Telephone Field,recover-20220825,002,1795
1085.0175,1085.0309,35781,41664,Pipistrellus nathusii,0.018,0.034,-1,Echolocation,/mnt/ubna_data_01_mir/recover-20220825/UBNA_002/20220823_033000.WAV,Telephone Field,recover-20220825,002,1795
1085.0265,1085.0328,34921,44563,Myotis daubentonii,0.015,0.032,-1,Echolocation,/mnt/ubna_data_01_mir/recover-20220825/UBNA_002/20220823_033000.WAV,Telephone Field,recover-20220825,002,1795
1085.0395,1085.0777,68437,81856,Rhinolophus ferrumequinum,0.021,0.021,-1,Echolocation,/mnt/ubna_data_01_mir/recover-20220825/UBNA_002/20220823_033000.WAV,Telephone Field,recover-20220825,002,1795
1085.0465,1085.0859,68437,82560,Rhinolophus ferrumequinum,0.022,0.022,-1,Echolocation,/mnt/ubna_data_01_mir/recover-20220825/UBNA_002/20220823_033000.WAV,Telephone Field,recover-20220825,002,1795
1085.0535,1085.0921,68437,82002,Rhinolophus ferrumequinum,0.022,0.022,-1,Echolocation,/mnt/ubna_data_01_mir/recover-20220825/UBNA_002/20220823_033000.WAV,Telephone Field,recover-20220825,002,1795
1085.0575,1085.0686,25468,32002,Eptesicus serotinus,0.011,0.023,-1,Echolocation,/mnt/ubna_data_01_mir/recover-20220825/UBNA_002/20220823_033000.WAV,Telephone Field,recover-20220825,002,1795
1085.0965,1085.1358,68437,82509,Rhinolophus ferrumequinum,0.024,0.024,-1,Echolocation,/mnt/ubna_data_01_mir/recover-20220825/UBNA_002/20220823_033000.WAV,Telephone Field,recover-20220825,002,1795
1085.1125,1085.1222,51250,59650,Pipistrellus pipistrellus,0.022,0.032,-1,Echolocation,/mnt/ubna_data_01_mir/recover-20220825/UBNA_002/20220823_033000.WAV,Telephone Field,recover-20220825,002,1795
1085.1645,1085.2014,68437,82000,Rhinolophus ferrumequinum,0.024,0.024,-1,Echolocation,/mnt/ubna_data_01_mir/recover-20220825/UBNA_002/20220823_033000.WAV,Telephone Field,recover-20220825,002,1795
1085.1665,1085.1732,27187,37089,Eptesicus serotinus,0.005,0.022,-1,Echolocation,/mnt/ubna_data_01_mir/recover-20220825/UBNA_002/20220823_033000.WAV,Telephone Field,recover-20220825,002,1795
1085.1925,1085.2018,53828,57814,Pipistrellus pygmaeus,0.019,0.021,-1,Echolocation,/mnt/ubna_data_01_mir/recover-20220825/UBNA_002/20220823_033000.WAV,Telephone Field,recover-20220825,002,1795
1085.2305,1085.2673,68437,81945,Rhinolophus ferrumequinum,0.023,0.023,-1,Echolocation,/mnt/ubna_data_01_mir/recover-20220825/UBNA_002/20220823_033000.WAV,Telephone Field,recover-20220825,002,1795
1085.2345,1085.2478,22031,25963,Nyctalus leisleri,0.014,0.022,-1,Echolocation,/mnt/ubna_data_01_mir/recover-20220825/UBNA_002/20220823_033000.WAV,Telephone Field,recover-20220825,002,1795
1085.2465,1085.2575,22890,28278,Nyctalus leisleri,0.012,0.026,-1,Echolocation,/mnt/ubna_data_01_mir/recover-20220825/UBNA_002/20220823_033000.WAV,Telephone Field,recover-20220825,002,1795
1085.2625,1085.3013,68437,82217,Rhinolophus ferrumequinum,0.024,0.024,-1,Echolocation,/mnt/ubna_data_01_mir/recover-20220825/UBNA_002/20220823_033000.WAV,Telephone Field,recover-20220825,002,1795
1085.2685,1085.3067,68437,82402,Rhinolophus ferrumequinum,0.024,0.024,-1,Echolocation,/mnt/ubna_data_01_mir/recover-20220825/UBNA_002/20220823_033000.WAV,Telephone Field,recover-20220825,002,1795
1085.2965,1085.3044,23750,32814,Plecotus austriacus,0.009,0.025,-1,Echolocation,/mnt/ubna_data_01_mir/recover-20220825/UBNA_002/20220823_033000.WAV,Telephone Field,recover-20220825,002,1795
1085.3195,1085.3572,68437,82277,Rhinolophus ferrumequinum,0.023,0.023,-1,Echolocation,/mnt/ubna_data_01_mir/recover-20220825/UBNA_002/20220823_033000.WAV,Telephone Field,recover-20220825,002,1795
1085.3495,1085.3587,28906,36896,Eptesicus serotinus,0.008,0.022,-1,Echolocation,/mnt/ubna_data_01_mir/recover-20220825/UBNA_002/20220823_033000.WAV,Telephone Field,recover-20220825,002,1795
1085.3615,1085.3701,44375,47882,Pipistrellus pipistrellus,0.048,0.052,-1,Echolocation,/mnt/ubna_data_01_mir/recover-20220825/UBNA_002/20220823_033000.WAV,Telephone Field,recover-20220825,002,1795
1085.3955,1085.4326,68437,81800,Rhinolophus ferrumequinum,0.023,0.023,-1,Echolocation,/mnt/ubna_data_01_mir/recover-20220825/UBNA_002/20220823_033000.WAV,Telephone Field,recover-20220825,002,1795
1085.4125,1085.4502,68437,82174,Rhinolophus ferrumequinum,0.021,0.021,-1,Echolocation,/mnt/ubna_data_01_mir/recover-20220825/UBNA_002/20220823_033000.WAV,Telephone Field,recover-20220825,002,1795
1085.4275,1085.4592,68437,80334,Rhinolophus ferrumequinum,0.021,0.021,-1,Echolocation,/mnt/ubna_data_01_mir/recover-20220825/UBNA_002/20220823_033000.WAV,Telephone Field,recover-20220825,002,1795
1085.4635,1085.4716,45234,55126,Pipistrellus pipistrellus,0.013,0.022,-1,Echolocation,/mnt/ubna_data_01_mir/recover-20220825/UBNA_002/20220823_033000.WAV,Telephone Field,recover-20220825,002,1795
1085.4685,1085.4768,30625,38777,Barbastellus barbastellus,0.018,0.041,-1,Echolocation,/mnt/ubna_data_01_mir/recover-20220825/UBNA_002/20220823_033000.WAV,Telephone Field,recover-20220825,002,1795
1085.4715,1085.5083,68437,81728,Rhinolophus ferrumequinum,0.025,0.025,-1,Echolocation,/mnt/ubna_data_01_mir/recover-20220825/UBNA_002/20220823_033000.WAV,Telephone Field,recover-20220825,002,1795
1085.5885,1085.5957,27187,41519,Eptesicus serotinus,0.007,0.025,-1,Echolocation,/mnt/ubna_data_01_mir/recover-20220825/UBNA_002/20220823_033000.WAV,Telephone Field,recover-20220825,002,1795
1085.6105,1085.6506,68437,81712,Rhinolophus ferrumequinum,0.022,0.022,-1,Echolocation,/mnt/ubna_data_01_mir/recover-20220825/UBNA_002/20220823_033000.WAV,Telephone Field,recover-20220825,002,1795
1085.6795,1085.7138,68437,81187,Rhinolophus ferrumequinum,0.025,0.025,-1,Echolocation,/mnt/ubna_data_01_mir/recover-20220825/UBNA_002/20220823_033000.WAV,Telephone Field,recover-20220825,002,1795
1085.7015,1085.7393,68437,82153,Rhinolophus ferrumequinum,0.021,0.021,-1,Echolocation,/mnt/ubna_data_01_mir/recover-20220825/UBNA_002/20220823_033000.WAV,Telephone Field,recover-20220825,002,1795
1085.7055,1085.7125,28046,39141,Eptesicus serotinus,0.006,0.024,-1,Echolocation,/mnt/ubna_data_01_mir/recover-20220825/UBNA_002/20220823_033000.WAV,Telephone Field,recover-20220825,002,1795
1085.7245,1085.7328,24609,32860,Eptesicus serotinus,0.008,0.026,-1,Echolocation,/mnt/ubna_data_01_mir/recover-20220825/UBNA_002/20220823_033000.WAV,Telephone Field,recover-20220825,002,1795
1085.7715,1085.8078,68437,82373,Rhinolophus ferrumequinum,0.021,0.021,-1,Echolocation,/mnt/ubna_data_01_mir/recover-20220825/UBNA_002/20220823_033000.WAV,Telephone Field,recover-20220825,002,1795
1085.7715,1085.7836,40937,45448,Pipistrellus nathusii,0.029,0.048,-1,Echolocation,/mnt/ubna_data_01_mir/recover-20220825/UBNA_002/20220823_033000.WAV,Telephone Field,recover-20220825,002,1795
1085.7755,1085.7829,28046,41631,Eptesicus serotinus,0.008,0.026,-1,Echolocation,/mnt/ubna_data_01_mir/recover-20220825/UBNA_002/20220823_033000.WAV,Telephone Field,recover-20220825,002,1795
1085.8145,1085.8254,56406,61856,Pipistrellus pygmaeus,0.026,0.027,-1,Echolocation,/mnt/ubna_data_01_mir/recover-20220825/UBNA_002/20220823_033000.WAV,Telephone Field,recover-20220825,002,1795
1085.8495,1085.8837,68437,81371,Rhinolophus ferrumequinum,0.021,0.021,-1,Echolocation,/mnt/ubna_data_01_mir/recover-20220825/UBNA_002/20220823_033000.WAV,Telephone Field,recover-20220825,002,1795
1085.8695,1085.878,40078,46475,Myotis daubentonii,0.026,0.087,-1,Echolocation,/mnt/ubna_data_01_mir/recover-20220825/UBNA_002/20220823_033000.WAV,Telephone Field,recover-20220825,002,1795
1085.8715,1085.9132,68437,83496,Rhinolophus ferrumequinum,0.024,0.024,-1,Echolocation,/mnt/ubna_data_01_mir/recover-20220825/UBNA_002/20220823_033000.WAV,Telephone Field,recover-20220825,002,1795
1085.9105,1085.9184,27187,40911,Eptesicus serotinus,0.007,0.021,-1,Echolocation,/mnt/ubna_data_01_mir/recover-20220825/UBNA_002/20220823_033000.WAV,Telephone Field,recover-20220825,002,1795
1085.9675,1085.9754,40937,46940,Pipistrellus nathusii,0.174,0.294,-1,Echolocation,/mnt/ubna_data_01_mir/recover-20220825/UBNA_002/20220823_033000.WAV,Telephone Field,recover-20220825,002,1795
1086.0015,1086.0138,49531,55948,Pipistrellus pipistrellus,0.024,0.033,-1,Echolocation,/mnt/ubna_data_01_mir/recover-20220825/UBNA_002/20220823_033000.WAV,Telephone Field,recover-20220825,002,1795
1086.0015,1086.0314,69296,82191,Rhinolophus ferrumequinum,0.026,0.026,-1,Echolocation,/mnt/ubna_data_01_mir/recover-20220825/UBNA_002/20220823_033000.WAV,Telephone Field,recover-20220825,002,1795
1086.0015,1086.0184,58125,64740,Pipistrellus pygmaeus,0.023,0.025,-1,Echolocation,/mnt/ubna_data_01_mir/recover-20220825/UBNA_002/20220823_033000.WAV,Telephone Field,recover-20220825,002,1795
1086.0015,1086.0109,31484,38066,Barbastellus barbastellus,0.009,0.027,-1,Echolocation,/mnt/ubna_data_01_mir/recover-20220825/UBNA_002/20220823_033000.WAV,Telephone Field,recover-20220825,002,1795
1086.0015,1086.0097,22890,29824,Nyctalus leisleri,0.012,0.039,-1,Echolocation,/mnt/ubna_data_01_mir/recover-20220825/UBNA_002/20220823_033000.WAV,Telephone Field,recover-20220825,002,1795
1086.0095,1086.0497,68437,82617,Rhinolophus ferrumequinum,0.023,0.023,-1,Echolocation,/mnt/ubna_data_01_mir/recover-20220825/UBNA_002/20220823_033000.WAV,Telephone Field,recover-20220825,002,1795
1086.0435,1086.055,24609,30385,Nyctalus leisleri,0.014,0.032,-1,Echolocation,/mnt/ubna_data_01_mir/recover-20220825/UBNA_002/20220823_033000.WAV,Telephone Field,recover-20220825,002,1795
1086.0465,1086.0795,68437,80803,Rhinolophus ferrumequinum,0.022,0.022,-1,Echolocation,/mnt/ubna_data_01_mir/recover-20220825/UBNA_002/20220823_033000.WAV,Telephone Field,recover-20220825,002,1795
1086.0735,1086.0797,41796,48371,Pipistrellus nathusii,0.366,0.465,-1,Echolocation,/mnt/ubna_data_01_mir/recover-20220825/UBNA_002/20220823_033000.WAV,Telephone Field,recover-20220825,002,1795
1086.1315,1086.142,28046,35407,Eptesicus serotinus,0.011,0.024,-1,Echolocation,/mnt/ubna_data_01_mir/recover-20220825/UBNA_002/20220823_033000.WAV,Telephone Field,recover-20220825,002,1795
1086.1565,1086.1971,68437,82716,Rhinolophus ferrumequinum,0.027,0.027,-1,Echolocation,/mnt/ubna_data_01_mir/recover-20220825/UBNA_002/20220823_033000.WAV,Telephone Field,recover-20220825,002,1795
1086.1725,1086.1799,41796,48737,Pipistrellus nathusii,0.38,0.551,-1,Echolocation,/mnt/ubna_data_01_mir/recover-20220825/UBNA_002/20220823_033000.WAV,Telephone Field,recover-20220825,002,1795
1086.1845,1086.2201,68437,81577,Rhinolophus ferrumequinum,0.024,0.024,-1,Echolocation,/mnt/ubna_data_01_mir/recover-20220825/UBNA_002/20220823_033000.WAV,Telephone Field,recover-20220825,002,1795
1086.1925,1086.2022,49531,54173,Pipistrellus pipistrellus,0.017,0.022,-1,Echolocation,/mnt/ubna_data_01_mir/recover-20220825/UBNA_002/20220823_033000.WAV,Telephone Field,recover-20220825,002,1795
1086.2105,1086.2512,68437,82829,Rhinolophus ferrumequinum,0.023,0.023,-1,Echolocation,/mnt/ubna_data_01_mir/recover-20220825/UBNA_002/20220823_033000.WAV,Telephone Field,recover-20220825,002,1795
1086.2195,1086.26,68437,83173,Rhinolophus ferrumequinum,0.024,0.024,-1,Echolocation,/mnt/ubna_data_01_mir/recover-20220825/UBNA_002/20220823_033000.WAV,Telephone Field,recover-20220825,002,1795
1086.2445,1086.2846,68437,82035,Rhinolophus ferrumequinum,0.024,0.024,-1,Echolocation,/mnt/ubna_data_01_mir/recover-20220825/UBNA_002/20220823_033000.WAV,Telephone Field,recover-20220825,002,1795
1086.2675,1086.2759,26328,39945,Eptesicus serotinus,0.009,0.024,-1,Echolocation,/mnt/ubna_data_01_mir/recover-20220825/UBNA_002/20220823_033000.WAV,Telephone Field,recover-20220825,002,1795
1086.2695,1086.302,68437,80522,Rhinolophus ferrumequinum,0.022,0.022,-1,Echolocation,/mnt/ubna_data_01_mir/recover-20220825/UBNA_002/20220823_033000.WAV,Telephone Field,recover-20220825,002,1795
1086.2715,1086.2777,41796,50471,Pipistrellus nathusii,0.459,0.544,-1,Echolocation,/mnt/ubna_data_01_mir/recover-20220825/UBNA_002/20220823_033000.WAV,Telephone Field,recover-20220825,002,1795
1086.3355,1086.3753,68437,82480,Rhinolophus ferrumequinum,0.024,0.024,-1,Echolocation,/mnt/ubna_data_01_mir/recover-20220825/UBNA_002/20220823_033000.WAV,Telephone Field,recover-20220825,002,1795
1086.3725,1086.3799,40937,47358,Pipistrellus nathusii,0.374,0.495,-1,Echolocation,/mnt/ubna_data_01_mir/recover-20220825/UBNA_002/20220823_033000.WAV,Telephone Field,recover-20220825,002,1795
1086.4115,1086.419,28046,37200,Eptesicus serotinus,0.008,0.024,-1,Echolocation,/mnt/ubna_data_01_mir/recover-20220825/UBNA_002/20220823_033000.WAV,Telephone Field,recover-20220825,002,1795
1086.4245,1086.4406,22031,26393,Nyctalus leisleri,0.056,0.113,-1,Echolocation,/mnt/ubna_data_01_mir/recover-20220825/UBNA_002/20220823_033000.WAV,Telephone Field,recover-20220825,002,1795
1086.4625,1086.5042,68437,82668,Rhinolophus ferrumequinum,0.029,0.029,-1,Echolocation,/mnt/ubna_data_01_mir/recover-20220825/UBNA_002/20220823_033000.WAV,Telephone Field,recover-20220825,002,1795
1086.4735,1086.4802,41796,48315,Pipistrellus nathusii,0.397,0.465,-1,Echolocation,/mnt/ubna_data_01_mir/recover-20220825/UBNA_002/20220823_033000.WAV,Telephone Field,recover-20220825,002,1795
1086.4895,1086.5294,68437,82340,Rhinolophus ferrumequinum,0.024,0.024,-1,Echolocation,/mnt/ubna_data_01_mir/recover-20220825/UBNA_002/20220823_033000.WAV,Telephone Field,recover-20220825,002,1795
1086.4985,1086.5403,68437,82517,Rhinolophus ferrumequinum,0.025,0.025,-1,Echolocation,/mnt/ubna_data_01_mir/recover-20220825/UBNA_002/20220823_033000.WAV,Telephone Field,recover-20220825,002,1795
1086.5075,1086.5446,68437,81570,Rhinolophus ferrumequinum,0.023,0.023,-1,Echolocation,/mnt/ubna_data_01_mir/recover-20220825/UBNA_002/20220823_033000.WAV,Telephone Field,recover-20220825,002,1795
1086.5415,1086.5496,27187,37972,Eptesicus serotinus,0.008,0.024,-1,Echolocation,/mnt/ubna_data_01_mir/recover-20220825/UBNA_002/20220823_033000.WAV,Telephone Field,recover-20220825,002,1795
1086.5645,1086.6034,68437,81810,Rhinolophus ferrumequinum,0.024,0.024,-1,Echolocation,/mnt/ubna_data_01_mir/recover-20220825/UBNA_002/20220823_033000.WAV,Telephone Field,recover-20220825,002,1795
1086.5835,1086.591,42656,47962,Pipistrellus nathusii,0.433,0.484,-1,Echolocation,/mnt/ubna_data_01_mir/recover-20220825/UBNA_002/20220823_033000.WAV,Telephone Field,recover-20220825,002,1795
1086.5875,1086.5946,26328,36416,Eptesicus serotinus,0.007,0.023,-1,Echolocation,/mnt/ubna_data_01_mir/recover-20220825/UBNA_002/20220823_033000.WAV,Telephone Field,recover-20220825,002,1795
1086.6165,1086.6249,27187,38692,Eptesicus serotinus,0.009,0.024,-1,Echolocation,/mnt/ubna_data_01_mir/recover-20220825/UBNA_002/20220823_033000.WAV,Telephone Field,recover-20220825,002,1795
1086.6315,1086.6378,49531,53641,Pipistrellus pipistrellus,0.029,0.031,-1,Echolocation,/mnt/ubna_data_01_mir/recover-20220825/UBNA_002/20220823_033000.WAV,Telephone Field,recover-20220825,002,1795
1086.6385,1086.6458,27187,40604,Eptesicus serotinus,0.007,0.024,-1,Echolocation,/mnt/ubna_data_01_mir/recover-20220825/UBNA_002/20220823_033000.WAV,Telephone Field,recover-20220825,002,1795
1086.6885,1086.7291,68437,82315,Rhinolophus ferrumequinum,0.029,0.029,-1,Echolocation,/mnt/ubna_data_01_mir/recover-20220825/UBNA_002/20220823_033000.WAV,Telephone Field,recover-20220825,002,1795
1086.6915,1086.7006,28046,37653,Eptesicus serotinus,0.011,0.025,-1,Echolocation,/mnt/ubna_data_01_mir/recover-20220825/UBNA_002/20220823_033000.WAV,Telephone Field,recover-20220825,002,1795
1086.7095,1086.7505,68437,83039,Rhinolophus ferrumequinum,0.022,0.022,-1,Echolocation,/mnt/ubna_data_01_mir/recover-20220825/UBNA_002/20220823_033000.WAV,Telephone Field,recover-20220825,002,1795
1086.7805,1086.8182,68437,82735,Rhinolophus ferrumequinum,0.027,0.027,-1,Echolocation,/mnt/ubna_data_01_mir/recover-20220825/UBNA_002/20220823_033000.WAV,Telephone Field,recover-20220825,002,1795
1086.8405,1086.8808,68437,82960,Rhinolophus ferrumequinum,0.029,0.029,-1,Echolocation,/mnt/ubna_data_01_mir/recover-20220825/UBNA_002/20220823_033000.WAV,Telephone Field,recover-20220825,002,1795
1086.8545,1086.8625,24609,34263,Eptesicus serotinus,0.01,0.036,-1,Echolocation,/mnt/ubna_data_01_mir/recover-20220825/UBNA_002/20220823_033000.WAV,Telephone Field,recover-20220825,002,1795
1086.8895,1086.9314,68437,83160,Rhinolophus ferrumequinum,0.028,0.028,-1,Echolocation,/mnt/ubna_data_01_mir/recover-20220825/UBNA_002/20220823_033000.WAV,Telephone Field,recover-20220825,002,1795
1086.9075,1086.9148,27187,39323,Eptesicus serotinus,0.007,0.023,-1,Echolocation,/mnt/ubna_data_01_mir/recover-20220825/UBNA_002/20220823_033000.WAV,Telephone Field,recover-20220825,002,1795
1086.9255,1086.9363,52109,55768,Pipistrellus pygmaeus,0.02,0.025,-1,Echolocation,/mnt/ubna_data_01_mir/recover-20220825/UBNA_002/20220823_033000.WAV,Telephone Field,recover-20220825,002,1795
1086.9485,1086.9578,23750,30387,Nyctalus leisleri,0.008,0.023,-1,Echolocation,/mnt/ubna_data_01_mir/recover-20220825/UBNA_002/20220823_033000.WAV,Telephone Field,recover-20220825,002,1795
1086.9575,1086.994,68437,81031,Rhinolophus ferrumequinum,0.025,0.025,-1,Echolocation,/mnt/ubna_data_01_mir/recover-20220825/UBNA_002/20220823_033000.WAV,Telephone Field,recover-20220825,002,1795
1086.9725,1087.0114,68437,82694,Rhinolophus ferrumequinum,0.023,0.023,-1,Echolocation,/mnt/ubna_data_01_mir/recover-20220825/UBNA_002/20220823_033000.WAV,Telephone Field,recover-20220825,002,1795
1086.9735,1086.9811,34921,45770,Barbastellus barbastellus,0.009,0.024,-1,Echolocation,/mnt/ubna_data_01_mir/recover-20220825/UBNA_002/20220823_033000.WAV,Telephone Field,recover-20220825,002,1795
1086.9855,1086.995,28046,36304,Eptesicus serotinus,0.013,0.028,-1,Echolocation,/mnt/ubna_data_01_mir/recover-20220825/UBNA_002/20220823_033000.WAV,Telephone Field,recover-20220825,002,1795
1086.9955,1087.0035,28046,39194,Eptesicus serotinus,0.008,0.024,-1,Echolocation,/mnt/ubna_data_01_mir/recover-20220825/UBNA_002/20220823_033000.WAV,Telephone Field,recover-20220825,002,1795
1086.9985,1087.0052,45234,48815,Pipistrellus pipistrellus,0.023,0.025,-1,Echolocation,/mnt/ubna_data_01_mir/recover-20220825/UBNA_002/20220823_033000.WAV,Telephone Field,recover-20220825,002,1795
1087.0495,1087.0607,34921,40122,Pipistrellus nathusii,0.008,0.026,-1,Echolocation,/mnt/ubna_data_01_mir/recover-20220825/UBNA_002/20220823_033000.WAV,Telephone Field,recover-20220825,002,1795
1087.0625,1087.0953,67578,79218,Rhinolophus ferrumequinum,0.023,0.024,-1,Echolocation,/mnt/ubna_data_01_mir/recover-20220825/UBNA_002/20220823_033000.WAV,Telephone Field,recover-20220825,002,1795
1087.0915,1087.0978,27187,41932,Eptesicus serotinus,0.011,0.037,-1,Echolocation,/mnt/ubna_data_01_mir/recover-20220825/UBNA_002/20220823_033000.WAV,Telephone Field,recover-20220825,002,1795
1087.0925,1087.0985,33203,42922,Myotis daubentonii,0.009,0.027,-1,Echolocation,/mnt/ubna_data_01_mir/recover-20220825/UBNA_002/20220823_033000.WAV,Telephone Field,recover-20220825,002,1795
1087.1005,1087.141,68437,82890,Rhinolophus ferrumequinum,0.024,0.024,-1,Echolocation,/mnt/ubna_data_01_mir/recover-20220825/UBNA_002/20220823_033000.WAV,Telephone Field,recover-20220825,002,1795
1087.1515,1087.1902,68437,82318,Rhinolophus ferrumequinum,0.022,0.022,-1,Echolocation,/mnt/ubna_data_01_mir/recover-20220825/UBNA_002/20220823_033000.WAV,Telephone Field,recover-20220825,002,1795
1087.2485,1087.2707,18593,21349,Nyctalus noctula,0.015,0.027,-1,Echolocation,/mnt/ubna_data_01_mir/recover-20220825/UBNA_002/20220823_033000.WAV,Telephone Field,recover-20220825,002,1795
1087.2895,1087.2966,27187,38805,Eptesicus serotinus,0.009,0.026,-1,Echolocation,/mnt/ubna_data_01_mir/recover-20220825/UBNA_002/20220823_033000.WAV,Telephone Field,recover-20220825,002,1795
1087.3035,1087.3126,28046,36576,Eptesicus serotinus,0.009,0.023,-1,Echolocation,/mnt/ubna_data_01_mir/recover-20220825/UBNA_002/20220823_033000.WAV,Telephone Field,recover-20220825,002,1795
1087.3165,1087.3576,68437,82242,Rhinolophus ferrumequinum,0.022,0.022,-1,Echolocation,/mnt/ubna_data_01_mir/recover-20220825/UBNA_002/20220823_033000.WAV,Telephone Field,recover-20220825,002,1795
1087.3385,1087.3465,27187,36536,Eptesicus serotinus,0.009,0.025,-1,Echolocation,/mnt/ubna_data_01_mir/recover-20220825/UBNA_002/20220823_033000.WAV,Telephone Field,recover-20220825,002,1795
1087.3635,1087.3726,27187,36505,Eptesicus serotinus,0.009,0.023,-1,Echolocation,/mnt/ubna_data_01_mir/recover-20220825/UBNA_002/20220823_033000.WAV,Telephone Field,recover-20220825,002,1795
1087.3655,1087.4072,68437,82717,Rhinolophus ferrumequinum,0.023,0.023,-1,Echolocation,/mnt/ubna_data_01_mir/recover-20220825/UBNA_002/20220823_033000.WAV,Telephone Field,recover-20220825,002,1795
1087.3895,1087.3958,50390,56497,Pipistrellus pipistrellus,0.019,0.022,-1,Echolocation,/mnt/ubna_data_01_mir/recover-20220825/UBNA_002/20220823_033000.WAV,Telephone Field,recover-20220825,002,1795
1087.4005,1087.4405,68437,82842,Rhinolophus ferrumequinum,0.023,0.023,-1,Echolocation,/mnt/ubna_data_01_mir/recover-20220825/UBNA_002/20220823_033000.WAV,Telephone Field,recover-20220825,002,1795
1087.4135,1087.4198,58984,64956,Pipistrellus pygmaeus,0.028,0.029,-1,Echolocation,/mnt/ubna_data_01_mir/recover-20220825/UBNA_002/20220823_033000.WAV,Telephone Field,recover-20220825,002,1795
1087.4135,1087.4198,46093,53867,Pipistrellus pipistrellus,0.021,0.022,-1,Echolocation,/mnt/ubna_data_01_mir/recover-20220825/UBNA_002/20220823_033000.WAV,Telephone Field,recover-20220825,002,1795
1087.4325,1087.4464,22031,26031,Nyctalus leisleri,0.014,0.024,-1,Echolocation,/mnt/ubna_data_01_mir/recover-20220825/UBNA_002/20220823_033000.WAV,Telephone Field,recover-20220825,002,1795
1087.4495,1087.4567,27187,42897,Eptesicus serotinus,0.009,0.025,-1,Echolocation,/mnt/ubna_data_01_mir/recover-20220825/UBNA_002/20220823_033000.WAV,Telephone Field,recover-20220825,002,1795
1087.4675,1087.4764,27187,35300,Eptesicus serotinus,0.011,0.024,-1,Echolocation,/mnt/ubna_data_01_mir/recover-20220825/UBNA_002/20220823_033000.WAV,Telephone Field,recover-20220825,002,1795
1087.4745,1087.5123,68437,82192,Rhinolophus ferrumequinum,0.023,0.023,-1,Echolocation,/mnt/ubna_data_01_mir/recover-20220825/UBNA_002/20220823_033000.WAV,Telephone Field,recover-20220825,002,1795
1087.5075,1087.5491,68437,83055,Rhinolophus ferrumequinum,0.027,0.027,-1,Echolocation,/mnt/ubna_data_01_mir/recover-20220825/UBNA_002/20220823_033000.WAV,Telephone Field,recover-20220825,002,1795
1087.5625,1087.5696,27187,39152,Eptesicus serotinus,0.008,0.024,-1,Echolocation,/mnt/ubna_data_01_mir/recover-20220825/UBNA_002/20220823_033000.WAV,Telephone Field,recover-20220825,002,1795
1087.5655,1087.6038,68437,82453,Rhinolophus ferrumequinum,0.023,0.024,-1,Echolocation,/mnt/ubna_data_01_mir/recover-20220825/UBNA_002/20220823_033000.WAV,Telephone Field,recover-20220825,002,1795
1087.5665,1087.5727,39218,52436,Myotis brandtii,0.007,0.024,-1,Echolocation,/mnt/ubna_data_01_mir/recover-20220825/UBNA_002/20220823_033000.WAV,Telephone Field,recover-20220825,002,1795
1087.5875,1087.6267,68437,82125,Rhinolophus ferrumequinum,0.029,0.029,-1,Echolocation,/mnt/ubna_data_01_mir/recover-20220825/UBNA_002/20220823_033000.WAV,Telephone Field,recover-20220825,002,1795
1087.5975,1087.6064,44375,48556,Pipistrellus pipistrellus,0.042,0.055,-1,Echolocation,/mnt/ubna_data_01_mir/recover-20220825/UBNA_002/20220823_033000.WAV,Telephone Field,recover-20220825,002,1795
1087.6295,1087.6707,68437,83415,Rhinolophus ferrumequinum,0.025,0.025,-1,Echolocation,/mnt/ubna_data_01_mir/recover-20220825/UBNA_002/20220823_033000.WAV,Telephone Field,recover-20220825,002,1795
1087.6325,1087.6402,47812,53247,Pipistrellus pipistrellus,0.027,0.029,-1,Echolocation,/mnt/ubna_data_01_mir/recover-20220825/UBNA_002/20220823_033000.WAV,Telephone Field,recover-20220825,002,1795
1087.6425,1087.6509,54687,58968,Pipistrellus pygmaeus,0.021,0.023,-1,Echolocation,/mnt/ubna_data_01_mir/recover-20220825/UBNA_002/20220823_033000.WAV,Telephone Field,recover-20220825,002,1795
1087.6435,1087.6556,23750,28078,Nyctalus leisleri,0.027,0.055,-1,Echolocation,/mnt/ubna_data_01_mir/recover-20220825/UBNA_002/20220823_033000.WAV,Telephone Field,recover-20220825,002,1795
1087.6815,1087.6917,49531,53908,Pipistrellus pipistrellus,0.02,0.027,-1,Echolocation,/mnt/ubna_data_01_mir/recover-20220825/UBNA_002/20220823_033000.WAV,Telephone Field,recover-20220825,002,1795
1087.7115,1087.7208,28906,36865,Eptesicus serotinus,0.008,0.023,-1,Echolocation,/mnt/ubna_data_01_mir/recover-20220825/UBNA_002/20220823_033000.WAV,Telephone Field,recover-20220825,002,1795
1087.7255,1087.7648,68437,82218,Rhinolophus ferrumequinum,0.028,0.028,-1,Echolocation,/mnt/ubna_data_01_mir/recover-20220825/UBNA_002/20220823_033000.WAV,Telephone Field,recover-20220825,002,1795
1087.7295,1087.7376,27187,39355,Eptesicus serotinus,0.009,0.026,-1,Echolocation,/mnt/ubna_data_01_mir/recover-20220825/UBNA_002/20220823_033000.WAV,Telephone Field,recover-20220825,002,1795
1087.7585,1087.765,45234,51220,Pipistrellus pipistrellus,0.021,0.026,-1,Echolocation,/mnt/ubna_data_01_mir/recover-20220825/UBNA_002/20220823_033000.WAV,Telephone Field,recover-20220825,002,1795
1087.7745,1087.782,31484,38431,Barbastellus barbastellus,0.025,0.039,-1,Echolocation,/mnt/ubna_data_01_mir/recover-20220825/UBNA_002/20220823_033000.WAV,Telephone Field,recover-20220825,002,1795
1087.7835,1087.8228,68437,82322,Rhinolophus ferrumequinum,0.028,0.028,-1,Echolocation,/mnt/ubna_data_01_mir/recover-20220825/UBNA_002/20220823_033000.WAV,Telephone Field,recover-20220825,002,1795
1087.8125,1087.8488,68437,81617,Rhinolophus ferrumequinum,0.023,0.023,-1,Echolocation,/mnt/ubna_data_01_mir/recover-20220825/UBNA_002/20220823_033000.WAV,Telephone Field,recover-20220825,002,1795
1087.8195,1087.8269,33203,46072,Myotis daubentonii,0.007,0.023,-1,Echolocation,/mnt/ubna_data_01_mir/recover-20220825/UBNA_002/20220823_033000.WAV,Telephone Field,recover-20220825,002,1795
1087.8225,1087.8295,27187,41056,Eptesicus serotinus,0.008,0.024,-1,Echolocation,/mnt/ubna_data_01_mir/recover-20220825/UBNA_002/20220823_033000.WAV,Telephone Field,recover-20220825,002,1795
1087.8285,1087.8359,28046,37827,Eptesicus serotinus,0.007,0.022,-1,Echolocation,/mnt/ubna_data_01_mir/recover-20220825/UBNA_002/20220823_033000.WAV,Telephone Field,recover-20220825,002,1795
1087.8625,1087.9043,68437,82724,Rhinolophus ferrumequinum,0.027,0.027,-1,Echolocation,/mnt/ubna_data_01_mir/recover-20220825/UBNA_002/20220823_033000.WAV,Telephone Field,recover-20220825,002,1795
1087.8835,1087.8921,28046,37468,Eptesicus serotinus,0.01,0.023,-1,Echolocation,/mnt/ubna_data_01_mir/recover-20220825/UBNA_002/20220823_033000.WAV,Telephone Field,recover-20220825,002,1795
1087.9165,1087.9572,68437,82547,Rhinolophus ferrumequinum,0.023,0.023,-1,Echolocation,/mnt/ubna_data_01_mir/recover-20220825/UBNA_002/20220823_033000.WAV,Telephone Field,recover-20220825,002,1795
1087.9175,1087.9264,27187,38773,Eptesicus serotinus,0.011,0.024,-1,Echolocation,/mnt/ubna_data_01_mir/recover-20220825/UBNA_002/20220823_033000.WAV,Telephone Field,recover-20220825,002,1795
1087.9315,1087.94,26328,34974,Eptesicus serotinus,0.01,0.026,-1,Echolocation,/mnt/ubna_data_01_mir/recover-20220825/UBNA_002/20220823_033000.WAV,Telephone Field,recover-20220825,002,1795
1087.9635,1087.9711,28046,42841,Eptesicus serotinus,0.008,0.023,-1,Echolocation,/mnt/ubna_data_01_mir/recover-20220825/UBNA_002/20220823_033000.WAV,Telephone Field,recover-20220825,002,1795
1088.0015,1088.0351,68437,80245,Rhinolophus ferrumequinum,0.052,0.053,-1,Echolocation,/mnt/ubna_data_01_mir/recover-20220825/UBNA_002/20220823_033000.WAV,Telephone Field,recover-20220825,002,1795
1088.0015,1088.0117,25468,34154,Nyctalus leisleri,0.013,0.035,-1,Echolocation,/mnt/ubna_data_01_mir/recover-20220825/UBNA_002/20220823_033000.WAV,Telephone Field,recover-20220825,002,1795
1088.0175,1088.0282,22890,27804,Nyctalus leisleri,0.014,0.027,-1,Echolocation,/mnt/ubna_data_01_mir/recover-20220825/UBNA_002/20220823_033000.WAV,Telephone Field,recover-20220825,002,1795
1088.0255,1088.0456,20312,23397,Nyctalus leisleri,0.02,0.034,-1,Echolocation,/mnt/ubna_data_01_mir/recover-20220825/UBNA_002/20220823_033000.WAV,Telephone Field,recover-20220825,002,1795
1088.0295,1088.0362,28046,36401,Eptesicus serotinus,0.006,0.025,-1,Echolocation,/mnt/ubna_data_01_mir/recover-20220825/UBNA_002/20220823_033000.WAV,Telephone Field,recover-20220825,002,1795
1088.0675,1088.107,68437,82527,Rhinolophus ferrumequinum,0.027,0.027,-1,Echolocation,/mnt/ubna_data_01_mir/recover-20220825/UBNA_002/20220823_033000.WAV,Telephone Field,recover-20220825,002,1795
1088.0695,1088.0786,25468,34351,Eptesicus serotinus,0.008,0.023,-1,Echolocation,/mnt/ubna_data_01_mir/recover-20220825/UBNA_002/20220823_033000.WAV,Telephone Field,recover-20220825,002,1795
1088.0945,1088.1371,68437,83257,Rhinolophus ferrumequinum,0.03,0.03,-1,Echolocation,/mnt/ubna_data_01_mir/recover-20220825/UBNA_002/20220823_033000.WAV,Telephone Field,recover-20220825,002,1795
1088.1015,1088.143,68437,82949,Rhinolophus ferrumequinum,0.031,0.031,-1,Echolocation,/mnt/ubna_data_01_mir/recover-20220825/UBNA_002/20220823_033000.WAV,Telephone Field,recover-20220825,002,1795
1088.1075,1088.1153,28906,37906,Eptesicus serotinus,0.007,0.025,-1,Echolocation,/mnt/ubna_data_01_mir/recover-20220825/UBNA_002/20220823_033000.WAV,Telephone Field,recover-20220825,002,1795
1088.1275,1088.1676,68437,82673,Rhinolophus ferrumequinum,0.038,0.038,-1,Echolocation,/mnt/ubna_data_01_mir/recover-20220825/UBNA_002/20220823_033000.WAV,Telephone Field,recover-20220825,002,1795
1088.1565,1088.1959,68437,82134,Rhinolophus ferrumequinum,0.023,0.024,-1,Echolocation,/mnt/ubna_data_01_mir/recover-20220825/UBNA_002/20220823_033000.WAV,Telephone Field,recover-20220825,002,1795
1088.1795,1088.2164,68437,81960,Rhinolophus ferrumequinum,0.023,0.023,-1,Echolocation,/mnt/ubna_data_01_mir/recover-20220825/UBNA_002/20220823_033000.WAV,Telephone Field,recover-20220825,002,1795
1088.1865,1088.2264,68437,82067,Rhinolophus ferrumequinum,0.023,0.023,-1,Echolocation,/mnt/ubna_data_01_mir/recover-20220825/UBNA_002/20220823_033000.WAV,Telephone Field,recover-20220825,002,1795
1088.1995,1088.205,48671,53640,Pipistrellus pipistrellus,0.022,0.023,-1,Echolocation,/mnt/ubna_data_01_mir/recover-20220825/UBNA_002/20220823_033000.WAV,Telephone Field,recover-20220825,002,1795
1088.2295,1088.2706,68437,82514,Rhinolophus ferrumequinum,0.034,0.034,-1,Echolocation,/mnt/ubna_data_01_mir/recover-20220825/UBNA_002/20220823_033000.WAV,Telephone Field,recover-20220825,002,1795
1088.2715,1088.2857,16015,20786,Nyctalus noctula,0.019,0.031,-1,Echolocation,/mnt/ubna_data_01_mir/recover-20220825/UBNA_002/20220823_033000.WAV,Telephone Field,recover-20220825,002,1795
1088.3025,1088.3112,32343,42665,Myotis daubentonii,0.007,0.023,-1,Echolocation,/mnt/ubna_data_01_mir/recover-20220825/UBNA_002/20220823_033000.WAV,Telephone Field,recover-20220825,002,1795
1088.3035,1088.3416,68437,82171,Rhinolophus ferrumequinum,0.023,0.023,-1,Echolocation,/mnt/ubna_data_01_mir/recover-20220825/UBNA_002/20220823_033000.WAV,Telephone Field,recover-20220825,002,1795
1088.3325,1088.3399,51250,56056,Pipistrellus pipistrellus,0.022,0.026,-1,Echolocation,/mnt/ubna_data_01_mir/recover-20220825/UBNA_002/20220823_033000.WAV,Telephone Field,recover-20220825,002,1795
1088.3465,1088.3871,68437,82565,Rhinolophus ferrumequinum,0.024,0.024,-1,Echolocation,/mnt/ubna_data_01_mir/recover-20220825/UBNA_002/20220823_033000.WAV,Telephone Field,recover-20220825,002,1795
1088.4015,1088.4422,68437,82623,Rhinolophus ferrumequinum,0.022,0.022,-1,Echolocation,/mnt/ubna_data_01_mir/recover-20220825/UBNA_002/20220823_033000.WAV,Telephone Field,recover-20220825,002,1795
1088.4015,1088.4091,27187,37941,Eptesicus serotinus,0.013,0.051,-1,Echolocation,/mnt/ubna_data_01_mir/recover-20220825/UBNA_002/20220823_033000.WAV,Telephone Field,recover-20220825,002,1795
1088.4325,1088.4689,68437,81571,Rhinolophus ferrumequinum,0.022,0.022,-1,Echolocation,/mnt/ubna_data_01_mir/recover-20220825/UBNA_002/20220823_033000.WAV,Telephone Field,recover-20220825,002,1795
1088.4375,1088.4442,25468,39388,Plecotus austriacus,0.009,0.033,-1,Echolocation,/mnt/ubna_data_01_mir/recover-20220825/UBNA_002/20220823_033000.WAV,Telephone Field,recover-20220825,002,1795
1088.4775,1088.5165,68437,82048,Rhinolophus ferrumequinum,0.023,0.023,-1,Echolocation,/mnt/ubna_data_01_mir/recover-20220825/UBNA_002/20220823_033000.WAV,Telephone Field,recover-20220825,002,1795
1088.4835,1088.4912,24609,33302,Plecotus austriacus,0.007,0.023,-1,Echolocation,/mnt/ubna_data_01_mir/recover-20220825/UBNA_002/20220823_033000.WAV,Telephone Field,recover-20220825,002,1795
1088.5145,1088.5538,68437,82044,Rhinolophus ferrumequinum,0.024,0.024,-1,Echolocation,/mnt/ubna_data_01_mir/recover-20220825/UBNA_002/20220823_033000.WAV,Telephone Field,recover-20220825,002,1795
1088.5315,1088.5695,68437,81664,Rhinolophus ferrumequinum,0.034,0.034,-1,Echolocation,/mnt/ubna_data_01_mir/recover-20220825/UBNA_002/20220823_033000.WAV,Telephone Field,recover-20220825,002,1795
1088.5515,1088.5903,68437,82446,Rhinolophus ferrumequinum,0.023,0.023,-1,Echolocation,/mnt/ubna_data_01_mir/recover-20220825/UBNA_002/20220823_033000.WAV,Telephone Field,recover-20220825,002,1795
1088.6265,1088.6391,44375,47164,Pipistrellus pipistrellus,0.046,0.051,-1,Echolocation,/mnt/ubna_data_01_mir/recover-20220825/UBNA_002/20220823_033000.WAV,Telephone Field,recover-20220825,002,1795
1088.6515,1088.6922,68437,82925,Rhinolophus ferrumequinum,0.036,0.036,-1,Echolocation,/mnt/ubna_data_01_mir/recover-20220825/UBNA_002/20220823_033000.WAV,Telephone Field,recover-20220825,002,1795
1088.6615,1088.6688,26328,38315,Eptesicus serotinus,0.006,0.023,-1,Echolocation,/mnt/ubna_data_01_mir/recover-20220825/UBNA_002/20220823_033000.WAV,Telephone Field,recover-20220825,002,1795
1088.6735,1088.6804,27187,36777,Eptesicus serotinus,0.005,0.022,-1,Echolocation,/mnt/ubna_data_01_mir/recover-20220825/UBNA_002/20220823_033000.WAV,Telephone Field,recover-20220825,002,1795
1088.7045,1088.7197,22890,27563,Nyctalus leisleri,0.044,0.085,-1,Echolocation,/mnt/ubna_data_01_mir/recover-20220825/UBNA_002/20220823_033000.WAV,Telephone Field,recover-20220825,002,1795
1088.7045,1088.743,68437,82074,Rhinolophus ferrumequinum,0.023,0.023,-1,Echolocation,/mnt/ubna_data_01_mir/recover-20220825/UBNA_002/20220823_033000.WAV,Telephone Field,recover-20220825,002,1795
1088.7575,1088.7988,68437,82454,Rhinolophus ferrumequinum,0.027,0.027,-1,Echolocation,/mnt/ubna_data_01_mir/recover-20220825/UBNA_002/20220823_033000.WAV,Telephone Field,recover-20220825,002,1795
1088.8025,1088.8395,68437,81537,Rhinolophus ferrumequinum,0.024,0.024,-1,Echolocation,/mnt/ubna_data_01_mir/recover-20220825/UBNA_002/20220823_033000.WAV,Telephone Field,recover-20220825,002,1795
1088.8295,1088.8701,68437,82666,Rhinolophus ferrumequinum,0.023,0.023,-1,Echolocation,/mnt/ubna_data_01_mir/recover-20220825/UBNA_002/20220823_033000.WAV,Telephone Field,recover-20220825,002,1795
1088.8445,1088.8854,68437,82589,Rhinolophus ferrumequinum,0.028,0.028,-1,Echolocation,/mnt/ubna_data_01_mir/recover-20220825/UBNA_002/20220823_033000.WAV,Telephone Field,recover-20220825,002,1795
1088.8575,1088.8678,28906,37767,Eptesicus serotinus,0.01,0.023,-1,Echolocation,/mnt/ubna_data_01_mir/recover-20220825/UBNA_002/20220823_033000.WAV,Telephone Field,recover-20220825,002,1795
1088.8665,1088.9059,68437,82494,Rhinolophus ferrumequinum,0.029,0.029,-1,Echolocation,/mnt/ubna_data_01_mir/recover-20220825/UBNA_002/20220823_033000.WAV,Telephone Field,recover-20220825,002,1795
1088.8945,1088.914,18593,22828,Nyctalus noctula,0.015,0.023,-1,Echolocation,/mnt/ubna_data_01_mir/recover-20220825/UBNA_002/20220823_033000.WAV,Telephone Field,recover-20220825,002,1795
1088.9125,1088.9491,68437,81919,Rhinolophus ferrumequinum,0.025,0.025,-1,Echolocation,/mnt/ubna_data_01_mir/recover-20220825/UBNA_002/20220823_033000.WAV,Telephone Field,recover-20220825,002,1795
1088.9665,1088.9718,31484,43741,Myotis daubentonii,0.021,0.055,-1,Echolocation,/mnt/ubna_data_01_mir/recover-20220825/UBNA_002/20220823_033000.WAV,Telephone Field,recover-20220825,002,1795
1088.9735,1088.9845,22890,27483,Nyctalus leisleri,0.012,0.022,-1,Echolocation,/mnt/ubna_data_01_mir/recover-20220825/UBNA_002/20220823_033000.WAV,Telephone Field,recover-20220825,002,1795
1088.9905,1089.0031,24609,30700,Nyctalus leisleri,0.014,0.031,-1,Echolocation,/mnt/ubna_data_01_mir/recover-20220825/UBNA_002/20220823_033000.WAV,Telephone Field,recover-20220825,002,1795
1088.9905,1089.0289,68437,81821,Rhinolophus ferrumequinum,0.022,0.022,-1,Echolocation,/mnt/ubna_data_01_mir/recover-20220825/UBNA_002/20220823_033000.WAV,Telephone Field,recover-20220825,002,1795
1088.9975,1089.036,68437,81632,Rhinolophus ferrumequinum,0.023,0.023,-1,Echolocation,/mnt/ubna_data_01_mir/recover-20220825/UBNA_002/20220823_033000.WAV,Telephone Field,recover-20220825,002,1795
1089.0035,1089.0412,68437,81345,Rhinolophus ferrumequinum,0.024,0.025,-1,Echolocation,/mnt/ubna_data_01_mir/recover-20220825/UBNA_002/20220823_033000.WAV,Telephone Field,recover-20220825,002,1795
1089.0345,1089.0751,68437,83486,Rhinolophus ferrumequinum,0.028,0.028,-1,Echolocation,/mnt/ubna_data_01_mir/recover-20220825/UBNA_002/20220823_033000.WAV,Telephone Field,recover-20220825,002,1795
1089.0505,1089.0907,68437,82776,Rhinolophus ferrumequinum,0.031,0.031,-1,Echolocation,/mnt/ubna_data_01_mir/recover-20220825/UBNA_002/20220823_033000.WAV,Telephone Field,recover-20220825,002,1795
1089.0805,1089.1184,68437,81326,Rhinolophus ferrumequinum,0.022,0.022,-1,Echolocation,/mnt/ubna_data_01_mir/recover-20220825/UBNA_002/20220823_033000.WAV,Telephone Field,recover-20220825,002,1795
1089.1525,1089.194,68437,83589,Rhinolophus ferrumequinum,0.031,0.031,-1,Echolocation,/mnt/ubna_data_01_mir/recover-20220825/UBNA_002/20220823_033000.WAV,Telephone Field,recover-20220825,002,1795
1089.1805,1089.1906,28046,34905,Eptesicus serotinus,0.008,0.023,-1,Echolocation,/mnt/ubna_data_01_mir/recover-20220825/UBNA_002/20220823_033000.WAV,Telephone Field,recover-20220825,002,1795
1089.1835,1089.2223,68437,81422,Rhinolophus ferrumequinum,0.022,0.022,-1,Echolocation,/mnt/ubna_data_01_mir/recover-20220825/UBNA_002/20220823_033000.WAV,Telephone Field,recover-20220825,002,1795
1089.2125,1089.2528,68437,82340,Rhinolophus ferrumequinum,0.037,0.037,-1,Echolocation,/mnt/ubna_data_01_mir/recover-20220825/UBNA_002/20220823_033000.WAV,Telephone Field,recover-20220825,002,1795
1089.2225,1089.261,68437,81883,Rhinolophus ferrumequinum,0.023,0.023,-1,Echolocation,/mnt/ubna_data_01_mir/recover-20220825/UBNA_002/20220823_033000.WAV,Telephone Field,recover-20220825,002,1795
1089.2655,1089.3014,68437,81877,Rhinolophus ferrumequinum,0.024,0.024,-1,Echolocation,/mnt/ubna_data_01_mir/recover-20220825/UBNA_002/20220823_033000.WAV,Telephone Field,recover-20220825,002,1795
1089.2915,1089.3309,68437,81871,Rhinolophus ferrumequinum,0.03,0.03,-1,Echolocation,/mnt/ubna_data_01_mir/recover-20220825/UBNA_002/20220823_033000.WAV,Telephone Field,recover-20220825,002,1795
1089.3145,1089.326,24609,30220,Nyctalus leisleri,0.014,0.032,-1,Echolocation,/mnt/ubna_data_01_mir/recover-20220825/UBNA_002/20220823_033000.WAV,Telephone Field,recover-20220825,002,1795
1089.3445,1089.3846,68437,82761,Rhinolophus ferrumequinum,0.029,0.029,-1,Echolocation,/mnt/ubna_data_01_mir/recover-20220825/UBNA_002/20220823_033000.WAV,Telephone Field,recover-20220825,002,1795
1089.3465,1089.3539,26328,35674,Eptesicus serotinus,0.005,0.022,-1,Echolocation,/mnt/ubna_data_01_mir/recover-20220825/UBNA_002/20220823_033000.WAV,Telephone Field,recover-20220825,002,1795
1089.3535,1089.3918,68437,81617,Rhinolophus ferrumequinum,0.028,0.028,-1,Echolocation,/mnt/ubna_data_01_mir/recover-20220825/UBNA_002/20220823_033000.WAV,Telephone Field,recover-20220825,002,1795
1089.4155,1089.4601,68437,83114,Rhinolophus ferrumequinum,0.045,0.045,-1,Echolocation,/mnt/ubna_data_01_mir/recover-20220825/UBNA_002/20220823_033000.WAV,Telephone Field,recover-20220825,002,1795
1089.4365,1089.474,68437,80832,Rhinolophus ferrumequinum,0.027,0.027,-1,Echolocation,/mnt/ubna_data_01_mir/recover-20220825/UBNA_002/20220823_033000.WAV,Telephone Field,recover-20220825,002,1795
1089.4495,1089.4604,23750,29680,Nyctalus leisleri,0.01,0.023,-1,Echolocation,/mnt/ubna_data_01_mir/recover-20220825/UBNA_002/20220823_033000.WAV,Telephone Field,recover-20220825,002,1795
1089.4795,1089.5187,68437,82050,Rhinolophus ferrumequinum,0.023,0.023,-1,Echolocation,/mnt/ubna_data_01_mir/recover-20220825/UBNA_002/20220823_033000.WAV,Telephone Field,recover-20220825,002,1795
1089.4795,1089.4905,22890,29161,Nyctalus leisleri,0.013,0.035,-1,Echolocation,/mnt/ubna_data_01_mir/recover-20220825/UBNA_002/20220823_033000.WAV,Telephone Field,recover-20220825,002,1795
1089.5175,1089.5247,29765,38643,Myotis daubentonii,0.009,0.03,-1,Echolocation,/mnt/ubna_data_01_mir/recover-20220825/UBNA_002/20220823_033000.WAV,Telephone Field,recover-20220825,002,1795
1089.5315,1089.5723,68437,82848,Rhinolophus ferrumequinum,0.025,0.025,-1,Echolocation,/mnt/ubna_data_01_mir/recover-20220825/UBNA_002/20220823_033000.WAV,Telephone Field,recover-20220825,002,1795
1089.5405,1089.5818,68437,83283,Rhinolophus ferrumequinum,0.024,0.024,-1,Echolocation,/mnt/ubna_data_01_mir/recover-20220825/UBNA_002/20220823_033000.WAV,Telephone Field,recover-20220825,002,1795
1089.5795,1089.6156,68437,81993,Rhinolophus ferrumequinum,0.025,0.025,-1,Echolocation,/mnt/ubna_data_01_mir/recover-20220825/UBNA_002/20220823_033000.WAV,Telephone Field,recover-20220825,002,1795
1089.5955,1089.6035,26328,37332,Eptesicus serotinus,0.008,0.026,-1,Echolocation,/mnt/ubna_data_01_mir/recover-20220825/UBNA_002/20220823_033000.WAV,Telephone Field,recover-20220825,002,1795
1089.6085,1089.6473,68437,82187,Rhinolophus ferrumequinum,0.024,0.024,-1,Echolocation,/mnt/ubna_data_01_mir/recover-20220825/UBNA_002/20220823_033000.WAV,Telephone Field,recover-20220825,002,1795
1089.6555,1089.6971,68437,82451,Rhinolophus ferrumequinum,0.023,0.023,-1,Echolocation,/mnt/ubna_data_01_mir/recover-20220825/UBNA_002/20220823_033000.WAV,Telephone Field,recover-20220825,002,1795
1089.7255,1089.7645,68437,81402,Rhinolophus ferrumequinum,0.026,0.026,-1,Echolocation,/mnt/ubna_data_01_mir/recover-20220825/UBNA_002/20220823_033000.WAV,Telephone Field,recover-20220825,002,1795
1089.7325,1089.7715,68437,81699,Rhinolophus ferrumequinum,0.023,0.024,-1,Echolocation,/mnt/ubna_data_01_mir/recover-20220825/UBNA_002/20220823_033000.WAV,Telephone Field,recover-20220825,002,1795
1089.7625,1089.7996,68437,82761,Rhinolophus ferrumequinum,0.029,0.029,-1,Echolocation,/mnt/ubna_data_01_mir/recover-20220825/UBNA_002/20220823_033000.WAV,Telephone Field,recover-20220825,002,1795
1089.7735,1089.8115,68437,82560,Rhinolophus ferrumequinum,0.032,0.032,-1,Echolocation,/mnt/ubna_data_01_mir/recover-20220825/UBNA_002/20220823_033000.WAV,Telephone Field,recover-20220825,002,1795
1089.8395,1089.8811,68437,82716,Rhinolophus ferrumequinum,0.037,0.037,-1,Echolocation,/mnt/ubna_data_01_mir/recover-20220825/UBNA_002/20220823_033000.WAV,Telephone Field,recover-20220825,002,1795
1089.8955,1089.906,23750,29897,Nyctalus leisleri,0.011,0.024,-1,Echolocation,/mnt/ubna_data_01_mir/recover-20220825/UBNA_002/20220823_033000.WAV,Telephone Field,recover-20220825,002,1795
1089.9005,1089.9419,68437,83064,Rhinolophus ferrumequinum,0.04,0.04,-1,Echolocation,/mnt/ubna_data_01_mir/recover-20220825/UBNA_002/20220823_033000.WAV,Telephone Field,recover-20220825,002,1795
1089.9795,1089.9901,22890,28617,Nyctalus leisleri,0.012,0.028,-1,Echolocation,/mnt/ubna_data_01_mir/recover-20220825/UBNA_002/20220823_033000.WAV,Telephone Field,recover-20220825,002,1795
1090.0015,1090.0331,68437,79861,Rhinolophus ferrumequinum,0.028,0.028,-1,Echolocation,/mnt/ubna_data_01_mir/recover-20220825/UBNA_002/20220823_033000.WAV,Telephone Field,recover-20220825,002,1795
1090.0015,1090.0095,26328,35320,Eptesicus serotinus,0.007,0.026,-1,Echolocation,/mnt/ubna_data_01_mir/recover-20220825/UBNA_002/20220823_033000.WAV,Telephone Field,recover-20220825,002,1795
1090.0395,1090.0502,22031,26644,Nyctalus leisleri,0.01,0.021,-1,Echolocation,/mnt/ubna_data_01_mir/recover-20220825/UBNA_002/20220823_033000.WAV,Telephone Field,recover-20220825,002,1795
1090.0545,1090.0909,68437,82169,Rhinolophus ferrumequinum,0.023,0.023,-1,Echolocation,/mnt/ubna_data_01_mir/recover-20220825/UBNA_002/20220823_033000.WAV,Telephone Field,recover-20220825,002,1795
1090.0775,1090.1142,68437,81580,Rhinolophus ferrumequinum,0.021,0.021,-1,Echolocation,/mnt/ubna_data_01_mir/recover-20220825/UBNA_002/20220823_033000.WAV,Telephone Field,recover-20220825,002,1795
1090.0905,1090.1008,23750,29719,Nyctalus leisleri,0.009,0.026,-1,Echolocation,/mnt/ubna_data_01_mir/recover-20220825/UBNA_002/20220823_033000.WAV,Telephone Field,recover-20220825,002,1795
1090.0955,1090.1348,68437,82639,Rhinolophus ferrumequinum,0.023,0.023,-1,Echolocation,/mnt/ubna_data_01_mir/recover-20220825/UBNA_002/20220823_033000.WAV,Telephone Field,recover-20220825,002,1795
1090.1115,1090.1192,22890,31632,Plecotus austriacus,0.021,0.038,-1,Echolocation,/mnt/ubna_data_01_mir/recover-20220825/UBNA_002/20220823_033000.WAV,Telephone Field,recover-20220825,002,1795
1090.1235,1090.1671,68437,82586,Rhinolophus ferrumequinum,0.027,0.027,-1,Echolocation,/mnt/ubna_data_01_mir/recover-20220825/UBNA_002/20220823_033000.WAV,Telephone Field,recover-20220825,002,1795
1090.1445,1090.1541,28906,36979,Eptesicus serotinus,0.008,0.021,-1,Echolocation,/mnt/ubna_data_01_mir/recover-20220825/UBNA_002/20220823_033000.WAV,Telephone Field,recover-20220825,002,1795
1090.1775,1090.2167,68437,82201,Rhinolophus ferrumequinum,0.023,0.023,-1,Echolocation,/mnt/ubna_data_01_mir/recover-20220825/UBNA_002/20220823_033000.WAV,Telephone Field,recover-20220825,002,1795
1090.2075,1090.245,68437,81602,Rhinolophus ferrumequinum,0.022,0.022,-1,Echolocation,/mnt/ubna_data_01_mir/recover-20220825/UBNA_002/20220823_033000.WAV,Telephone Field,recover-20220825,002,1795
1090.2355,1090.2432,48671,56245,Pipistrellus pipistrellus,0.018,0.022,-1,Echolocation,/mnt/ubna_data_01_mir/recover-20220825/UBNA_002/20220823_033000.WAV,Telephone Field,recover-20220825,002,1795
1090.2375,1090.2723,68437,80962,Rhinolophus ferrumequinum,0.023,0.023,-1,Echolocation,/mnt/ubna_data_01_mir/recover-20220825/UBNA_002/20220823_033000.WAV,Telephone Field,recover-20220825,002,1795
1090.2485,1090.2587,28906,35925,Eptesicus serotinus,0.009,0.022,-1,Echolocation,/mnt/ubna_data_01_mir/recover-20220825/UBNA_002/20220823_033000.WAV,Telephone Field,recover-20220825,002,1795
1090.2525,1090.2925,68437,82572,Rhinolophus ferrumequinum,0.025,0.025,-1,Echolocation,/mnt/ubna_data_01_mir/recover-20220825/UBNA_002/20220823_033000.WAV,Telephone Field,recover-20220825,002,1795
1090.3035,1090.3076,49531,60440,Pipistrellus pipistrellus,0.183,0.257,-1,Echolocation,/mnt/ubna_data_01_mir/recover-20220825/UBNA_002/20220823_033000.WAV,Telephone Field,recover-20220825,002,1795
1090.3045,1090.3096,34921,68730,Myotis brandtii,0.011,0.031,-1,Echolocation,/mnt/ubna_data_01_mir/recover-20220825/UBNA_002/20220823_033000.WAV,Telephone Field,recover-20220825,002,1795
1090.3115,1090.3489,68437,81788,Rhinolophus ferrumequinum,0.021,0.021,-1,Echolocation,/mnt/ubna_data_01_mir/recover-20220825/UBNA_002/20220823_033000.WAV,Telephone Field,recover-20220825,002,1795
1090.3485,1090.3878,68437,82839,Rhinolophus ferrumequinum,0.024,0.024,-1,Echolocation,/mnt/ubna_data_01_mir/recover-20220825/UBNA_002/20220823_033000.WAV,Telephone Field,recover-20220825,002,1795
1090.3515,1090.3591,28046,39409,Eptesicus serotinus,0.007,0.024,-1,Echolocation,/mnt/ubna_data_01_mir/recover-20220825/UBNA_002/20220823_033000.WAV,Telephone Field,recover-20220825,002,1795
1090.3795,1090.388,28046,36729,Eptesicus serotinus,0.007,0.022,-1,Echolocation,/mnt/ubna_data_01_mir/recover-20220825/UBNA_002/20220823_033000.WAV,Telephone Field,recover-20220825,002,1795
1090.3875,1090.3946,51250,57952,Pipistrellus pipistrellus,0.032,0.038,-1,Echolocation,/mnt/ubna_data_01_mir/recover-20220825/UBNA_002/20220823_033000.WAV,Telephone Field,recover-20220825,002,1795
1090.4065,1090.4474,68437,82152,Rhinolophus ferrumequinum,0.021,0.022,-1,Echolocation,/mnt/ubna_data_01_mir/recover-20220825/UBNA_002/20220823_033000.WAV,Telephone Field,recover-20220825,002,1795
1090.4065,1090.4157,28046,36717,Eptesicus serotinus,0.011,0.026,-1,Echolocation,/mnt/ubna_data_01_mir/recover-20220825/UBNA_002/20220823_033000.WAV,Telephone Field,recover-20220825,002,1795
1090.4275,1090.4656,68437,82081,Rhinolophus ferrumequinum,0.022,0.022,-1,Echolocation,/mnt/ubna_data_01_mir/recover-20220825/UBNA_002/20220823_033000.WAV,Telephone Field,recover-20220825,002,1795
1090.4405,1090.4764,68437,82466,Rhinolophus ferrumequinum,0.021,0.021,-1,Echolocation,/mnt/ubna_data_01_mir/recover-20220825/UBNA_002/20220823_033000.WAV,Telephone Field,recover-20220825,002,1795
1090.4465,1090.4555,28906,37899,Eptesicus serotinus,0.01,0.026,-1,Echolocation,/mnt/ubna_data_01_mir/recover-20220825/UBNA_002/20220823_033000.WAV,Telephone Field,recover-20220825,002,1795
1090.4585,1090.4992,68437,82066,Rhinolophus ferrumequinum,0.021,0.021,-1,Echolocation,/mnt/ubna_data_01_mir/recover-20220825/UBNA_002/20220823_033000.WAV,Telephone Field,recover-20220825,002,1795
1090.4795,1090.5219,68437,83184,Rhinolophus ferrumequinum,0.03,0.03,-1,Echolocation,/mnt/ubna_data_01_mir/recover-20220825/UBNA_002/20220823_033000.WAV,Telephone Field,recover-20220825,002,1795
1090.5025,1090.5388,68437,81802,Rhinolophus ferrumequinum,0.021,0.021,-1,Echolocation,/mnt/ubna_data_01_mir/recover-20220825/UBNA_002/20220823_033000.WAV,Telephone Field,recover-20220825,002,1795
1090.5115,1090.5487,68437,81737,Rhinolophus ferrumequinum,0.021,0.021,-1,Echolocation,/mnt/ubna_data_01_mir/recover-20220825/UBNA_002/20220823_033000.WAV,Telephone Field,recover-20220825,002,1795
1090.5165,1090.5282,22031,26722,Nyctalus leisleri,0.01,0.024,-1,Echolocation,/mnt/ubna_data_01_mir/recover-20220825/UBNA_002/20220823_033000.WAV,Telephone Field,recover-20220825,002,1795
1090.5355,1090.5739,68437,82226,Rhinolophus ferrumequinum,0.026,0.026,-1,Echolocation,/mnt/ubna_data_01_mir/recover-20220825/UBNA_002/20220823_033000.WAV,Telephone Field,recover-20220825,002,1795
1090.5475,1090.5855,68437,82344,Rhinolophus ferrumequinum,0.021,0.021,-1,Echolocation,/mnt/ubna_data_01_mir/recover-20220825/UBNA_002/20220823_033000.WAV,Telephone Field,recover-20220825,002,1795
1090.5495,1090.5564,48671,54989,Pipistrellus pipistrellus,0.028,0.03,-1,Echolocation,/mnt/ubna_data_01_mir/recover-20220825/UBNA_002/20220823_033000.WAV,Telephone Field,recover-20220825,002,1795
1090.5695,1090.5847,22890,26541,Nyctalus leisleri,0.032,0.056,-1,Echolocation,/mnt/ubna_data_01_mir/recover-20220825/UBNA_002/20220823_033000.WAV,Telephone Field,recover-20220825,002,1795
1090.5915,1090.606,28046,33557,Eptesicus serotinus,0.022,0.042,-1,Echolocation,/mnt/ubna_data_01_mir/recover-20220825/UBNA_002/20220823_033000.WAV,Telephone Field,recover-20220825,002,1795
1090.5915,1090.6024,47812,51740,Pipistrellus pipistrellus,0.027,0.031,-1,Echolocation,/mnt/ubna_data_01_mir/recover-20220825/UBNA_002/20220823_033000.WAV,Telephone Field,recover-20220825,002,1795
1090.5925,1090.6328,68437,82698,Rhinolophus ferrumequinum,0.026,0.026,-1,Echolocation,/mnt/ubna_data_01_mir/recover-20220825/UBNA_002/20220823_033000.WAV,Telephone Field,recover-20220825,002,1795
1090.6085,1090.6461,68437,82255,Rhinolophus ferrumequinum,0.03,0.03,-1,Echolocation,/mnt/ubna_data_01_mir/recover-20220825/UBNA_002/20220823_033000.WAV,Telephone Field,recover-20220825,002,1795
1090.6185,1090.6536,68437,81160,Rhinolophus ferrumequinum,0.022,0.022,-1,Echolocation,/mnt/ubna_data_01_mir/recover-20220825/UBNA_002/20220823_033000.WAV,Telephone Field,recover-20220825,002,1795
1090.6295,1090.6464,24609,30271,Nyctalus leisleri,0.024,0.059,-1,Echolocation,/mnt/ubna_data_01_mir/recover-20220825/UBNA_002/20220823_033000.WAV,Telephone Field,recover-20220825,002,1795
1090.6325,1090.6721,68437,82239,Rhinolophus ferrumequinum,0.021,0.022,-1,Echolocation,/mnt/ubna_data_01_mir/recover-20220825/UBNA_002/20220823_033000.WAV,Telephone Field,recover-20220825,002,1795
1090.6455,1090.6549,28046,35543,Eptesicus serotinus,0.009,0.021,-1,Echolocation,/mnt/ubna_data_01_mir/recover-20220825/UBNA_002/20220823_033000.WAV,Telephone Field,recover-20220825,002,1795
1090.6465,1090.6873,68437,82375,Rhinolophus ferrumequinum,0.024,0.024,-1,Echolocation,/mnt/ubna_data_01_mir/recover-20220825/UBNA_002/20220823_033000.WAV,Telephone Field,recover-20220825,002,1795
1090.6715,1090.678,28046,39558,Eptesicus serotinus,0.005,0.022,-1,Echolocation,/mnt/ubna_data_01_mir/recover-20220825/UBNA_002/20220823_033000.WAV,Telephone Field,recover-20220825,002,1795
1090.6845,1090.7238,68437,82617,Rhinolophus ferrumequinum,0.023,0.023,-1,Echolocation,/mnt/ubna_data_01_mir/recover-20220825/UBNA_002/20220823_033000.WAV,Telephone Field,recover-20220825,002,1795
1090.6925,1090.7013,27187,35356,Eptesicus serotinus,0.016,0.035,-1,Echolocation,/mnt/ubna_data_01_mir/recover-20220825/UBNA_002/20220823_033000.WAV,Telephone Field,recover-20220825,002,1795
1090.7195,1090.7245,40937,56494,Myotis mystacinus,0.009,0.025,-1,Echolocation,/mnt/ubna_data_01_mir/recover-20220825/UBNA_002/20220823_033000.WAV,Telephone Field,recover-20220825,002,1795
1090.7445,1090.7789,68437,80884,Rhinolophus ferrumequinum,0.02,0.02,-1,Echolocation,/mnt/ubna_data_01_mir/recover-20220825/UBNA_002/20220823_033000.WAV,Telephone Field,recover-20220825,002,1795
1090.7525,1090.7626,22890,28749,Nyctalus leisleri,0.009,0.021,-1,Echolocation,/mnt/ubna_data_01_mir/recover-20220825/UBNA_002/20220823_033000.WAV,Telephone Field,recover-20220825,002,1795
1090.7545,1090.7621,32343,45547,Myotis daubentonii,0.009,0.021,-1,Echolocation,/mnt/ubna_data_01_mir/recover-20220825/UBNA_002/20220823_033000.WAV,Telephone Field,recover-20220825,002,1795
1090.7875,1090.7984,37500,42565,Pipistrellus nathusii,0.012,0.023,-1,Echolocation,/mnt/ubna_data_01_mir/recover-20220825/UBNA_002/20220823_033000.WAV,Telephone Field,recover-20220825,002,1795
1090.7905,1090.8354,68437,83740,Rhinolophus ferrumequinum,0.048,0.048,-1,Echolocation,/mnt/ubna_data_01_mir/recover-20220825/UBNA_002/20220823_033000.WAV,Telephone Field,recover-20220825,002,1795
1090.8315,1090.8705,68437,82372,Rhinolophus ferrumequinum,0.027,0.027,-1,Echolocation,/mnt/ubna_data_01_mir/recover-20220825/UBNA_002/20220823_033000.WAV,Telephone Field,recover-20220825,002,1795
1090.8325,1090.8424,28046,36070,Eptesicus serotinus,0.008,0.021,-1,Echolocation,/mnt/ubna_data_01_mir/recover-20220825/UBNA_002/20220823_033000.WAV,Telephone Field,recover-20220825,002,1795
1090.8375,1090.846,28906,37034,Eptesicus serotinus,0.006,0.021,-1,Echolocation,/mnt/ubna_data_01_mir/recover-20220825/UBNA_002/20220823_033000.WAV,Telephone Field,recover-20220825,002,1795
1090.8485,1090.8902,68437,82519,Rhinolophus ferrumequinum,0.024,0.024,-1,Echolocation,/mnt/ubna_data_01_mir/recover-20220825/UBNA_002/20220823_033000.WAV,Telephone Field,recover-20220825,002,1795
1090.8575,1090.8676,22031,27228,Nyctalus leisleri,0.01,0.023,-1,Echolocation,/mnt/ubna_data_01_mir/recover-20220825/UBNA_002/20220823_033000.WAV,Telephone Field,recover-20220825,002,1795
1090.8905,1090.9282,68437,82310,Rhinolophus ferrumequinum,0.027,0.027,-1,Echolocation,/mnt/ubna_data_01_mir/recover-20220825/UBNA_002/20220823_033000.WAV,Telephone Field,recover-20220825,002,1795
1090.9045,1090.9439,68437,82485,Rhinolophus ferrumequinum,0.024,0.024,-1,Echolocation,/mnt/ubna_data_01_mir/recover-20220825/UBNA_002/20220823_033000.WAV,Telephone Field,recover-20220825,002,1795
1090.9135,1090.9288,22890,26922,Nyctalus leisleri,0.024,0.045,-1,Echolocation,/mnt/ubna_data_01_mir/recover-20220825/UBNA_002/20220823_033000.WAV,Telephone Field,recover-20220825,002,1795
1090.9295,1090.937,28046,39026,Eptesicus serotinus,0.006,0.021,-1,Echolocation,/mnt/ubna_data_01_mir/recover-20220825/UBNA_002/20220823_033000.WAV,Telephone Field,recover-20220825,002,1795
1090.9575,1090.9957,68437,82084,Rhinolophus ferrumequinum,0.021,0.021,-1,Echolocation,/mnt/ubna_data_01_mir/recover-20220825/UBNA_002/20220823_033000.WAV,Telephone Field,recover-20220825,002,1795
1090.9755,1091.0112,68437,80962,Rhinolophus ferrumequinum,0.022,0.022,-1,Echolocation,/mnt/ubna_data_01_mir/recover-20220825/UBNA_002/20220823_033000.WAV,Telephone Field,recover-20220825,002,1795
1091.0115,1091.0183,45234,50746,Pipistrellus pipistrellus,0.023,0.024,-1,Echolocation,/mnt/ubna_data_01_mir/recover-20220825/UBNA_002/20220823_033000.WAV,Telephone Field,recover-20220825,002,1795
1091.0295,1091.0718,68437,83002,Rhinolophus ferrumequinum,0.024,0.024,-1,Echolocation,/mnt/ubna_data_01_mir/recover-20220825/UBNA_002/20220823_033000.WAV,Telephone Field,recover-20220825,002,1795
1091.0335,1091.0547,19453,22287,Nyctalus leisleri,0.013,0.025,-1,Echolocation,/mnt/ubna_data_01_mir/recover-20220825/UBNA_002/20220823_033000.WAV,Telephone Field,recover-20220825,002,1795
1091.0375,1091.044,28046,37947,Eptesicus serotinus,0.006,0.025,-1,Echolocation,/mnt/ubna_data_01_mir/recover-20220825/UBNA_002/20220823_033000.WAV,Telephone Field,recover-20220825,002,1795
1091.0915,1091.1323,68437,82648,Rhinolophus ferrumequinum,0.028,0.028,-1,Echolocation,/mnt/ubna_data_01_mir/recover-20220825/UBNA_002/20220823_033000.WAV,Telephone Field,recover-20220825,002,1795
1091.1185,1091.1562,68437,81444,Rhinolophus ferrumequinum,0.022,0.022,-1,Echolocation,/mnt/ubna_data_01_mir/recover-20220825/UBNA_002/20220823_033000.WAV,Telephone Field,recover-20220825,002,1795
1091.1355,1091.1748,68437,82665,Rhinolophus ferrumequinum,0.023,0.023,-1,Echolocation,/mnt/ubna_data_01_mir/recover-20220825/UBNA_002/20220823_033000.WAV,Telephone Field,recover-20220825,002,1795
1091.1635,1091.1996,68437,81744,Rhinolophus ferrumequinum,0.022,0.022,-1,Echolocation,/mnt/ubna_data_01_mir/recover-20220825/UBNA_002/20220823_033000.WAV,Telephone Field,recover-20220825,002,1795
1091.1765,1091.1841,28906,39029,Eptesicus serotinus,0.006,0.021,-1,Echolocation,/mnt/ubna_data_01_mir/recover-20220825/UBNA_002/20220823_033000.WAV,Telephone Field,recover-20220825,002,1795
1091.1795,1091.2188,68437,82281,Rhinolophus ferrumequinum,0.022,0.023,-1,Echolocation,/mnt/ubna_data_01_mir/recover-20220825/UBNA_002/20220823_033000.WAV,Telephone Field,recover-20220825,002,1795
1091.2055,1091.243,68437,81719,Rhinolophus ferrumequinum,0.022,0.022,-1,Echolocation,/mnt/ubna_data_01_mir/recover-20220825/UBNA_002/20220823_033000.WAV,Telephone Field,recover-20220825,002,1795
1091.2305,1091.2703,68437,81894,Rhinolophus ferrumequinum,0.023,0.023,-1,Echolocation,/mnt/ubna_data_01_mir/recover-20220825/UBNA_002/20220823_033000.WAV,Telephone Field,recover-20220825,002,1795
1091.2805,1091.3174,68437,81590,Rhinolophus ferrumequinum,0.022,0.022,-1,Echolocation,/mnt/ubna_data_01_mir/recover-20220825/UBNA_002/20220823_033000.WAV,Telephone Field,recover-20220825,002,1795
1091.2865,1091.2944,25468,37115,Plecotus austriacus,0.014,0.048,-1,Echolocation,/mnt/ubna_data_01_mir/recover-20220825/UBNA_002/20220823_033000.WAV,Telephone Field,recover-20220825,002,1795
1091.3265,1091.334,25468,34660,Plecotus austriacus,0.006,0.022,-1,Echolocation,/mnt/ubna_data_01_mir/recover-20220825/UBNA_002/20220823_033000.WAV,Telephone Field,recover-20220825,002,1795
1091.3465,1091.3853,68437,82689,Rhinolophus ferrumequinum,0.024,0.024,-1,Echolocation,/mnt/ubna_data_01_mir/recover-20220825/UBNA_002/20220823_033000.WAV,Telephone Field,recover-20220825,002,1795
1091.3645,1091.4064,68437,82532,Rhinolophus ferrumequinum,0.025,0.026,-1,Echolocation,/mnt/ubna_data_01_mir/recover-20220825/UBNA_002/20220823_033000.WAV,Telephone Field,recover-20220825,002,1795
1091.3765,1091.3941,20312,23799,Nyctalus leisleri,0.011,0.024,-1,Echolocation,/mnt/ubna_data_01_mir/recover-20220825/UBNA_002/20220823_033000.WAV,Telephone Field,recover-20220825,002,1795
1091.4025,1091.4432,68437,82842,Rhinolophus ferrumequinum,0.03,0.03,-1,Echolocation,/mnt/ubna_data_01_mir/recover-20220825/UBNA_002/20220823_033000.WAV,Telephone Field,recover-20220825,002,1795
1091.4185,1091.4257,28906,39171,Eptesicus serotinus,0.007,0.025,-1,Echolocation,/mnt/ubna_data_01_mir/recover-20220825/UBNA_002/20220823_033000.WAV,Telephone Field,recover-20220825,002,1795
1091.4345,1091.4434,28046,37053,Eptesicus serotinus,0.008,0.022,-1,Echolocation,/mnt/ubna_data_01_mir/recover-20220825/UBNA_002/20220823_033000.WAV,Telephone Field,recover-20220825,002,1795
1091.4775,1091.4876,26328,33810,Eptesicus serotinus,0.008,0.022,-1,Echolocation,/mnt/ubna_data_01_mir/recover-20220825/UBNA_002/20220823_033000.WAV,Telephone Field,recover-20220825,002,1795
1091.5015,1091.5379,68437,81164,Rhinolophus ferrumequinum,0.021,0.021,-1,Echolocation,/mnt/ubna_data_01_mir/recover-20220825/UBNA_002/20220823_033000.WAV,Telephone Field,recover-20220825,002,1795
1091.5125,1091.5532,68437,83134,Rhinolophus ferrumequinum,0.026,0.026,-1,Echolocation,/mnt/ubna_data_01_mir/recover-20220825/UBNA_002/20220823_033000.WAV,Telephone Field,recover-20220825,002,1795
1091.5215,1091.5291,28906,38104,Eptesicus serotinus,0.007,0.023,-1,Echolocation,/mnt/ubna_data_01_mir/recover-20220825/UBNA_002/20220823_033000.WAV,Telephone Field,recover-20220825,002,1795
1091.5405,1091.5822,68437,83176,Rhinolophus ferrumequinum,0.026,0.026,-1,Echolocation,/mnt/ubna_data_01_mir/recover-20220825/UBNA_002/20220823_033000.WAV,Telephone Field,recover-20220825,002,1795
1091.5595,1091.5693,27187,34891,Eptesicus serotinus,0.009,0.022,-1,Echolocation,/mnt/ubna_data_01_mir/recover-20220825/UBNA_002/20220823_033000.WAV,Telephone Field,recover-20220825,002,1795
1091.5605,1091.596,68437,81632,Rhinolophus ferrumequinum,0.022,0.022,-1,Echolocation,/mnt/ubna_data_01_mir/recover-20220825/UBNA_002/20220823_033000.WAV,Telephone Field,recover-20220825,002,1795
1091.5705,1091.6081,68437,81559,Rhinolophus ferrumequinum,0.021,0.021,-1,Echolocation,/mnt/ubna_data_01_mir/recover-20220825/UBNA_002/20220823_033000.WAV,Telephone Field,recover-20220825,002,1795
1091.5705,1091.5801,28046,36711,Eptesicus serotinus,0.011,0.023,-1,Echolocation,/mnt/ubna_data_01_mir/recover-20220825/UBNA_002/20220823_033000.WAV,Telephone Field,recover-20220825,002,1795
1091.5955,1091.6332,68437,81818,Rhinolophus ferrumequinum,0.022,0.022,-1,Echolocation,/mnt/ubna_data_01_mir/recover-20220825/UBNA_002/20220823_033000.WAV,Telephone Field,recover-20220825,002,1795
1091.6125,1091.6515,68437,82483,Rhinolophus ferrumequinum,0.021,0.021,-1,Echolocation,/mnt/ubna_data_01_mir/recover-20220825/UBNA_002/20220823_033000.WAV,Telephone Field,recover-20220825,002,1795
1091.6145,1091.6215,28046,41217,Eptesicus serotinus,0.006,0.022,-1,Echolocation,/mnt/ubna_data_01_mir/recover-20220825/UBNA_002/20220823_033000.WAV,Telephone Field,recover-20220825,002,1795
1091.6465,1091.6865,68437,82468,Rhinolophus ferrumequinum,0.023,0.023,-1,Echolocation,/mnt/ubna_data_01_mir/recover-20220825/UBNA_002/20220823_033000.WAV,Telephone Field,recover-20220825,002,1795
1091.6535,1091.6622,23750,30913,Plecotus austriacus,0.007,0.021,-1,Echolocation,/mnt/ubna_data_01_mir/recover-20220825/UBNA_002/20220823_033000.WAV,Telephone Field,recover-20220825,002,1795
1091.6905,1091.7304,68437,82421,Rhinolophus ferrumequinum,0.031,0.031,-1,Echolocation,/mnt/ubna_data_01_mir/recover-20220825/UBNA_002/20220823_033000.WAV,Telephone Field,recover-20220825,002,1795
1091.7225,1091.761,68437,82550,Rhinolophus ferrumequinum,0.021,0.021,-1,Echolocation,/mnt/ubna_data_01_mir/recover-20220825/UBNA_002/20220823_033000.WAV,Telephone Field,recover-20220825,002,1795
1091.7465,1091.7553,44375,53296,Pipistrellus pipistrellus,0.013,0.022,-1,Echolocation,/mnt/ubna_data_01_mir/recover-20220825/UBNA_002/20220823_033000.WAV,Telephone Field,recover-20220825,002,1795
1091.7645,1091.7733,46093,49652,Pipistrellus pipistrellus,0.027,0.029,-1,Echolocation,/mnt/ubna_data_01_mir/recover-20220825/UBNA_002/20220823_033000.WAV,Telephone Field,recover-20220825,002,1795
1091.7655,1091.8054,68437,82213,Rhinolophus ferrumequinum,0.024,0.024,-1,Echolocation,/mnt/ubna_data_01_mir/recover-20220825/UBNA_002/20220823_033000.WAV,Telephone Field,recover-20220825,002,1795
1091.7795,1091.794,23750,28688,Nyctalus leisleri,0.019,0.039,-1,Echolocation,/mnt/ubna_data_01_mir/recover-20220825/UBNA_002/20220823_033000.WAV,Telephone Field,recover-20220825,002,1795
1091.8265,1091.8342,28046,38675,Eptesicus serotinus,0.007,0.025,-1,Echolocation,/mnt/ubna_data_01_mir/recover-20220825/UBNA_002/20220823_033000.WAV,Telephone Field,recover-20220825,002,1795
1091.8365,1091.8737,68437,81956,Rhinolophus ferrumequinum,0.021,0.021,-1,Echolocation,/mnt/ubna_data_01_mir/recover-20220825/UBNA_002/20220823_033000.WAV,Telephone Field,recover-20220825,002,1795
1091.8505,1091.8853,68437,80996,Rhinolophus ferrumequinum,0.021,0.021,-1,Echolocation,/mnt/ubna_data_01_mir/recover-20220825/UBNA_002/20220823_033000.WAV,Telephone Field,recover-20220825,002,1795
1091.8705,1091.8872,21171,24705,Nyctalus leisleri,0.015,0.027,-1,Echolocation,/mnt/ubna_data_01_mir/recover-20220825/UBNA_002/20220823_033000.WAV,Telephone Field,recover-20220825,002,1795
1091.9155,1091.9557,68437,82666,Rhinolophus ferrumequinum,0.024,0.024,-1,Echolocation,/mnt/ubna_data_01_mir/recover-20220825/UBNA_002/20220823_033000.WAV,Telephone Field,recover-20220825,002,1795
1091.9415,1091.9788,68437,81157,Rhinolophus ferrumequinum,0.023,0.023,-1,Echolocation,/mnt/ubna_data_01_mir/recover-20220825/UBNA_002/20220823_033000.WAV,Telephone Field,recover-20220825,002,1795
1091.9565,1091.9961,68437,81551,Rhinolophus ferrumequinum,0.022,0.022,-1,Echolocation,/mnt/ubna_data_01_mir/recover-20220825/UBNA_002/20220823_033000.WAV,Telephone Field,recover-20220825,002,1795
1091.9845,1091.9925,28906,38562,Eptesicus serotinus,0.008,0.026,-1,Echolocation,/mnt/ubna_data_01_mir/recover-20220825/UBNA_002/20220823_033000.WAV,Telephone Field,recover-20220825,002,1795
1092.0015,1092.0107,26328,35701,Nyctalus leisleri,0.016,0.038,-1,Echolocation,/mnt/ubna_data_01_mir/recover-20220825/UBNA_002/20220823_033000.WAV,Telephone Field,recover-20220825,002,1795
1092.0015,1092.0082,46093,51209,Pipistrellus pipistrellus,0.017,0.021,-1,Echolocation,/mnt/ubna_data_01_mir/recover-20220825/UBNA_002/20220823_033000.WAV,Telephone Field,recover-20220825,002,1795
1092.0115,1092.0209,28906,36562,Eptesicus serotinus,0.009,0.024,-1,Echolocation,/mnt/ubna_data_01_mir/recover-20220825/UBNA_002/20220823_033000.WAV,Telephone Field,recover-20220825,002,1795
1092.0175,1092.0272,28906,36866,Eptesicus serotinus,0.008,0.023,-1,Echolocation,/mnt/ubna_data_01_mir/recover-20220825/UBNA_002/20220823_033000.WAV,Telephone Field,recover-20220825,002,1795
1092.0335,1092.0671,68437,80647,Rhinolophus ferrumequinum,0.021,0.021,-1,Echolocation,/mnt/ubna_data_01_mir/recover-20220825/UBNA_002/20220823_033000.WAV,Telephone Field,recover-20220825,002,1795
1092.0455,1092.0554,28046,36354,Eptesicus serotinus,0.009,0.022,-1,Echolocation,/mnt/ubna_data_01_mir/recover-20220825/UBNA_002/20220823_033000.WAV,Telephone Field,recover-20220825,002,1795
1092.0745,1092.1124,68437,81490,Rhinolophus ferrumequinum,0.023,0.023,-1,Echolocation,/mnt/ubna_data_01_mir/recover-20220825/UBNA_002/20220823_033000.WAV,Telephone Field,recover-20220825,002,1795
1092.1235,1092.1313,28046,39618,Eptesicus serotinus,0.008,0.021,-1,Echolocation,/mnt/ubna_data_01_mir/recover-20220825/UBNA_002/20220823_033000.WAV,Telephone Field,recover-20220825,002,1795
1092.1465,1092.1597,45234,48386,Pipistrellus pipistrellus,0.028,0.031,-1,Echolocation,/mnt/ubna_data_01_mir/recover-20220825/UBNA_002/20220823_033000.WAV,Telephone Field,recover-20220825,002,1795
1092.1505,1092.1894,68437,81944,Rhinolophus ferrumequinum,0.022,0.022,-1,Echolocation,/mnt/ubna_data_01_mir/recover-20220825/UBNA_002/20220823_033000.WAV,Telephone Field,recover-20220825,002,1795
1092.1765,1092.216,68437,82543,Rhinolophus ferrumequinum,0.025,0.025,-1,Echolocation,/mnt/ubna_data_01_mir/recover-20220825/UBNA_002/20220823_033000.WAV,Telephone Field,recover-20220825,002,1795
1092.1845,1092.1923,23750,31723,Plecotus austriacus,0.007,0.022,-1,Echolocation,/mnt/ubna_data_01_mir/recover-20220825/UBNA_002/20220823_033000.WAV,Telephone Field,recover-20220825,002,1795
1092.1845,1092.1929,28906,39161,Eptesicus serotinus,0.008,0.021,-1,Echolocation,/mnt/ubna_data_01_mir/recover-20220825/UBNA_002/20220823_033000.WAV,Telephone Field,recover-20220825,002,1795
1092.1985,1092.236,68437,81433,Rhinolophus ferrumequinum,0.024,0.024,-1,Echolocation,/mnt/ubna_data_01_mir/recover-20220825/UBNA_002/20220823_033000.WAV,Telephone Field,recover-20220825,002,1795
1092.2135,1092.2551,68437,82615,Rhinolophus ferrumequinum,0.026,0.026,-1,Echolocation,/mnt/ubna_data_01_mir/recover-20220825/UBNA_002/20220823_033000.WAV,Telephone Field,recover-20220825,002,1795
1092.2245,1092.2638,68437,82531,Rhinolophus ferrumequinum,0.023,0.023,-1,Echolocation,/mnt/ubna_data_01_mir/recover-20220825/UBNA_002/20220823_033000.WAV,Telephone Field,recover-20220825,002,1795
1092.2545,1092.2924,68437,81495,Rhinolophus ferrumequinum,0.025,0.025,-1,Echolocation,/mnt/ubna_data_01_mir/recover-20220825/UBNA_002/20220823_033000.WAV,Telephone Field,recover-20220825,002,1795
1092.2765,1092.311,68437,81395,Rhinolophus ferrumequinum,0.021,0.021,-1,Echolocation,/mnt/ubna_data_01_mir/recover-20220825/UBNA_002/20220823_033000.WAV,Telephone Field,recover-20220825,002,1795
1092.2845,1092.3217,68437,82533,Rhinolophus ferrumequinum,0.024,0.024,-1,Echolocation,/mnt/ubna_data_01_mir/recover-20220825/UBNA_002/20220823_033000.WAV,Telephone Field,recover-20220825,002,1795
1092.3075,1092.3482,68437,82030,Rhinolophus ferrumequinum,0.023,0.023,-1,Echolocation,/mnt/ubna_data_01_mir/recover-20220825/UBNA_002/20220823_033000.WAV,Telephone Field,recover-20220825,002,1795
1092.3145,1092.3253,23750,29292,Nyctalus leisleri,0.012,0.025,-1,Echolocation,/mnt/ubna_data_01_mir/recover-20220825/UBNA_002/20220823_033000.WAV,Telephone Field,recover-20220825,002,1795
1092.3195,1092.3563,68437,82222,Rhinolophus ferrumequinum,0.021,0.021,-1,Echolocation,/mnt/ubna_data_01_mir/recover-20220825/UBNA_002/20220823_033000.WAV,Telephone Field,recover-20220825,002,1795
1092.3315,1092.3687,68437,81935,Rhinolophus ferrumequinum,0.022,0.022,-1,Echolocation,/mnt/ubna_data_01_mir/recover-20220825/UBNA_002/20220823_033000.WAV,Telephone Field,recover-20220825,002,1795
1092.3455,1092.3813,68437,81035,Rhinolophus ferrumequinum,0.022,0.023,-1,Echolocation,/mnt/ubna_data_01_mir/recover-20220825/UBNA_002/20220823_033000.WAV,Telephone Field,recover-20220825,002,1795
1092.3545,1092.3946,68437,81949,Rhinolophus ferrumequinum,0.022,0.022,-1,Echolocation,/mnt/ubna_data_01_mir/recover-20220825/UBNA_002/20220823_033000.WAV,Telephone Field,recover-20220825,002,1795
1092.3625,1092.4008,68437,81859,Rhinolophus ferrumequinum,0.021,0.021,-1,Echolocation,/mnt/ubna_data_01_mir/recover-20220825/UBNA_002/20220823_033000.WAV,Telephone Field,recover-20220825,002,1795
1092.3985,1092.4084,28906,38044,Eptesicus serotinus,0.008,0.022,-1,Echolocation,/mnt/ubna_data_01_mir/recover-20220825/UBNA_002/20220823_033000.WAV,Telephone Field,recover-20220825,002,1795
1092.3995,1092.4351,68437,81359,Rhinolophus ferrumequinum,0.021,0.021,-1,Echolocation,/mnt/ubna_data_01_mir/recover-20220825/UBNA_002/20220823_033000.WAV,Telephone Field,recover-20220825,002,1795
1092.4195,1092.4597,68437,82924,Rhinolophus ferrumequinum,0.04,0.04,-1,Echolocation,/mnt/ubna_data_01_mir/recover-20220825/UBNA_002/20220823_033000.WAV,Telephone Field,recover-20220825,002,1795
1092.4455,1092.4834,68437,82713,Rhinolophus ferrumequinum,0.023,0.023,-1,Echolocation,/mnt/ubna_data_01_mir/recover-20220825/UBNA_002/20220823_033000.WAV,Telephone Field,recover-20220825,002,1795
1092.4685,1092.5035,68437,80927,Rhinolophus ferrumequinum,0.021,0.021,-1,Echolocation,/mnt/ubna_data_01_mir/recover-20220825/UBNA_002/20220823_033000.WAV,Telephone Field,recover-20220825,002,1795
1092.4955,1092.5032,23750,32102,Plecotus austriacus,0.007,0.023,-1,Echolocation,/mnt/ubna_data_01_mir/recover-20220825/UBNA_002/20220823_033000.WAV,Telephone Field,recover-20220825,002,1795
1092.5285,1092.5685,68437,82561,Rhinolophus ferrumequinum,0.025,0.025,-1,Echolocation,/mnt/ubna_data_01_mir/recover-20220825/UBNA_002/20220823_033000.WAV,Telephone Field,recover-20220825,002,1795
1092.5475,1092.5541,48671,57691,Pipistrellus pipistrellus,0.02,0.022,-1,Echolocation,/mnt/ubna_data_01_mir/recover-20220825/UBNA_002/20220823_033000.WAV,Telephone Field,recover-20220825,002,1795
1092.5565,1092.5958,68437,82383,Rhinolophus ferrumequinum,0.024,0.024,-1,Echolocation,/mnt/ubna_data_01_mir/recover-20220825/UBNA_002/20220823_033000.WAV,Telephone Field,recover-20220825,002,1795
1092.5635,1092.5714,27187,37577,Eptesicus serotinus,0.007,0.024,-1,Echolocation,/mnt/ubna_data_01_mir/recover-20220825/UBNA_002/20220823_033000.WAV,Telephone Field,recover-20220825,002,1795
1092.5845,1092.6209,68437,81268,Rhinolophus ferrumequinum,0.021,0.021,-1,Echolocation,/mnt/ubna_data_01_mir/recover-20220825/UBNA_002/20220823_033000.WAV,Telephone Field,recover-20220825,002,1795
1092.6005,1092.6112,28906,36475,Eptesicus serotinus,0.014,0.027,-1,Echolocation,/mnt/ubna_data_01_mir/recover-20220825/UBNA_002/20220823_033000.WAV,Telephone Field,recover-20220825,002,1795
1092.6065,1092.6445,68437,81732,Rhinolophus ferrumequinum,0.026,0.026,-1,Echolocation,/mnt/ubna_data_01_mir/recover-20220825/UBNA_002/20220823_033000.WAV,Telephone Field,recover-20220825,002,1795
1092.6165,1092.6266,22890,28722,Nyctalus leisleri,0.008,0.022,-1,Echolocation,/mnt/ubna_data_01_mir/recover-20220825/UBNA_002/20220823_033000.WAV,Telephone Field,recover-20220825,002,1795
1092.6335,1092.6687,68437,80914,Rhinolophus ferrumequinum,0.021,0.021,-1,Echolocation,/mnt/ubna_data_01_mir/recover-20220825/UBNA_002/20220823_033000.WAV,Telephone Field,recover-20220825,002,1795
1092.6435,1092.68,68437,81410,Rhinolophus ferrumequinum,0.021,0.021,-1,Echolocation,/mnt/ubna_data_01_mir/recover-20220825/UBNA_002/20220823_033000.WAV,Telephone Field,recover-20220825,002,1795
1092.6585,1092.6663,28906,40640,Eptesicus serotinus,0.007,0.022,-1,Echolocation,/mnt/ubna_data_01_mir/recover-20220825/UBNA_002/20220823_033000.WAV,Telephone Field,recover-20220825,002,1795
1092.6615,1092.6715,22031,27312,Nyctalus leisleri,0.009,0.021,-1,Echolocation,/mnt/ubna_data_01_mir/recover-20220825/UBNA_002/20220823_033000.WAV,Telephone Field,recover-20220825,002,1795
1092.6865,1092.7273,68437,82136,Rhinolophus ferrumequinum,0.022,0.022,-1,Echolocation,/mnt/ubna_data_01_mir/recover-20220825/UBNA_002/20220823_033000.WAV,Telephone Field,recover-20220825,002,1795
1092.7245,1092.7623,68437,82350,Rhinolophus ferrumequinum,0.021,0.022,-1,Echolocation,/mnt/ubna_data_01_mir/recover-20220825/UBNA_002/20220823_033000.WAV,Telephone Field,recover-20220825,002,1795
1092.7375,1092.7763,68437,81622,Rhinolophus ferrumequinum,0.023,0.023,-1,Echolocation,/mnt/ubna_data_01_mir/recover-20220825/UBNA_002/20220823_033000.WAV,Telephone Field,recover-20220825,002,1795
1092.7615,1092.8002,68437,81896,Rhinolophus ferrumequinum,0.021,0.021,-1,Echolocation,/mnt/ubna_data_01_mir/recover-20220825/UBNA_002/20220823_033000.WAV,Telephone Field,recover-20220825,002,1795
1092.8045,1092.8411,68437,81330,Rhinolophus ferrumequinum,0.021,0.021,-1,Echolocation,/mnt/ubna_data_01_mir/recover-20220825/UBNA_002/20220823_033000.WAV,Telephone Field,recover-20220825,002,1795
1092.8665,1092.9064,68437,82610,Rhinolophus ferrumequinum,0.021,0.021,-1,Echolocation,/mnt/ubna_data_01_mir/recover-20220825/UBNA_002/20220823_033000.WAV,Telephone Field,recover-20220825,002,1795
1092.8825,1092.8897,33203,47138,Myotis daubentonii,0.009,0.022,-1,Echolocation,/mnt/ubna_data_01_mir/recover-20220825/UBNA_002/20220823_033000.WAV,Telephone Field,recover-20220825,002,1795
1092.8845,1092.8924,27187,38640,Eptesicus serotinus,0.007,0.021,-1,Echolocation,/mnt/ubna_data_01_mir/recover-20220825/UBNA_002/20220823_033000.WAV,Telephone Field,recover-20220825,002,1795
1092.9335,1092.9403,24609,41439,Plecotus austriacus,0.01,0.032,-1,Echolocation,/mnt/ubna_data_01_mir/recover-20220825/UBNA_002/20220823_033000.WAV,Telephone Field,recover-20220825,002,1795
1092.9415,1092.9813,68437,81779,Rhinolophus ferrumequinum,0.023,0.023,-1,Echolocation,/mnt/ubna_data_01_mir/recover-20220825/UBNA_002/20220823_033000.WAV,Telephone Field,recover-20220825,002,1795
1092.9495,1092.9626,14296,19485,Nyctalus noctula,0.012,0.022,-1,Echolocation,/mnt/ubna_data_01_mir/recover-20220825/UBNA_002/20220823_033000.WAV,Telephone Field,recover-20220825,002,1795
1092.9655,1093.004,68437,82081,Rhinolophus ferrumequinum,0.023,0.023,-1,Echolocation,/mnt/ubna_data_01_mir/recover-20220825/UBNA_002/20220823_033000.WAV,Telephone Field,recover-20220825,002,1795
1092.9685,1092.9787,28906,36818,Eptesicus serotinus,0.011,0.025,-1,Echolocation,/mnt/ubna_data_01_mir/recover-20220825/UBNA_002/20220823_033000.WAV,Telephone Field,recover-20220825,002,1795
1092.9715,1093.0113,68437,82095,Rhinolophus ferrumequinum,0.023,0.023,-1,Echolocation,/mnt/ubna_data_01_mir/recover-20220825/UBNA_002/20220823_033000.WAV,Telephone Field,recover-20220825,002,1795
1092.9795,1093.0163,68437,81155,Rhinolophus ferrumequinum,0.021,0.021,-1,Echolocation,/mnt/ubna_data_01_mir/recover-20220825/UBNA_002/20220823_033000.WAV,Telephone Field,recover-20220825,002,1795
1092.9925,1093.0011,28906,38902,Eptesicus serotinus,0.009,0.023,-1,Echolocation,/mnt/ubna_data_01_mir/recover-20220825/UBNA_002/20220823_033000.WAV,Telephone Field,recover-20220825,002,1795
1093.0165,1093.0245,23750,31993,Plecotus austriacus,0.008,0.022,-1,Echolocation,/mnt/ubna_data_01_mir/recover-20220825/UBNA_002/20220823_033000.WAV,Telephone Field,recover-20220825,002,1795
1093.0395,1093.0761,68437,81734,Rhinolophus ferrumequinum,0.021,0.021,-1,Echolocation,/mnt/ubna_data_01_mir/recover-20220825/UBNA_002/20220823_033000.WAV,Telephone Field,recover-20220825,002,1795
1093.0415,1093.0546,30625,37005,Eptesicus serotinus,0.023,0.039,-1,Echolocation,/mnt/ubna_data_01_mir/recover-20220825/UBNA_002/20220823_033000.WAV,Telephone Field,recover-20220825,002,1795
1093.0795,1093.1134,68437,81533,Rhinolophus ferrumequinum,0.023,0.023,-1,Echolocation,/mnt/ubna_data_01_mir/recover-20220825/UBNA_002/20220823_033000.WAV,Telephone Field,recover-20220825,002,1795
1093.0975,1093.1333,68437,81264,Rhinolophus ferrumequinum,0.023,0.023,-1,Echolocation,/mnt/ubna_data_01_mir/recover-20220825/UBNA_002/20220823_033000.WAV,Telephone Field,recover-20220825,002,1795
1093.1275,1093.1666,68437,82344,Rhinolophus ferrumequinum,0.022,0.022,-1,Echolocation,/mnt/ubna_data_01_mir/recover-20220825/UBNA_002/20220823_033000.WAV,Telephone Field,recover-20220825,002,1795
1093.1465,1093.1837,68437,81922,Rhinolophus ferrumequinum,0.021,0.021,-1,Echolocation,/mnt/ubna_data_01_mir/recover-20220825/UBNA_002/20220823_033000.WAV,Telephone Field,recover-20220825,002,1795
1093.1865,1093.2256,68437,81834,Rhinolophus ferrumequinum,0.023,0.023,-1,Echolocation,/mnt/ubna_data_01_mir/recover-20220825/UBNA_002/20220823_033000.WAV,Telephone Field,recover-20220825,002,1795
1093.1985,1093.2075,47812,53583,Pipistrellus pipistrellus,0.022,0.024,-1,Echolocation,/mnt/ubna_data_01_mir/recover-20220825/UBNA_002/20220823_033000.WAV,Telephone Field,recover-20220825,002,1795
1093.2065,1093.2213,22031,25059,Nyctalus leisleri,0.018,0.027,-1,Echolocation,/mnt/ubna_data_01_mir/recover-20220825/UBNA_002/20220823_033000.WAV,Telephone Field,recover-20220825,002,1795
1093.2315,1093.2696,68437,82161,Rhinolophus ferrumequinum,0.021,0.021,-1,Echolocation,/mnt/ubna_data_01_mir/recover-20220825/UBNA_002/20220823_033000.WAV,Telephone Field,recover-20220825,002,1795
1093.2475,1093.2585,28906,35988,Eptesicus serotinus,0.01,0.023,-1,Echolocation,/mnt/ubna_data_01_mir/recover-20220825/UBNA_002/20220823_033000.WAV,Telephone Field,recover-20220825,002,1795
1093.2545,1093.2938,68437,82652,Rhinolophus ferrumequinum,0.022,0.022,-1,Echolocation,/mnt/ubna_data_01_mir/recover-20220825/UBNA_002/20220823_033000.WAV,Telephone Field,recover-20220825,002,1795
1093.2655,1093.2995,68437,81081,Rhinolophus ferrumequinum,0.023,0.023,-1,Echolocation,/mnt/ubna_data_01_mir/recover-20220825/UBNA_002/20220823_033000.WAV,Telephone Field,recover-20220825,002,1795
1093.2785,1093.3132,68437,80681,Rhinolophus ferrumequinum,0.021,0.021,-1,Echolocation,/mnt/ubna_data_01_mir/recover-20220825/UBNA_002/20220823_033000.WAV,Telephone Field,recover-20220825,002,1795
1093.3025,1093.3106,28046,38423,Eptesicus serotinus,0.007,0.021,-1,Echolocation,/mnt/ubna_data_01_mir/recover-20220825/UBNA_002/20220823_033000.WAV,Telephone Field,recover-20220825,002,1795
1093.3035,1093.3437,68437,82911,Rhinolophus ferrumequinum,0.028,0.028,-1,Echolocation,/mnt/ubna_data_01_mir/recover-20220825/UBNA_002/20220823_033000.WAV,Telephone Field,recover-20220825,002,1795
1093.3265,1093.3378,28906,35927,Eptesicus serotinus,0.014,0.027,-1,Echolocation,/mnt/ubna_data_01_mir/recover-20220825/UBNA_002/20220823_033000.WAV,Telephone Field,recover-20220825,002,1795
1093.3345,1093.344,28906,37315,Eptesicus serotinus,0.01,0.025,-1,Echolocation,/mnt/ubna_data_01_mir/recover-20220825/UBNA_002/20220823_033000.WAV,Telephone Field,recover-20220825,002,1795
1093.3585,1093.3977,68437,81837,Rhinolophus ferrumequinum,0.021,0.021,-1,Echolocation,/mnt/ubna_data_01_mir/recover-20220825/UBNA_002/20220823_033000.WAV,Telephone Field,recover-20220825,002,1795
1093.3635,1093.3718,28046,38269,Eptesicus serotinus,0.009,0.026,-1,Echolocation,/mnt/ubna_data_01_mir/recover-20220825/UBNA_002/20220823_033000.WAV,Telephone Field,recover-20220825,002,1795
1093.3745,1093.3827,28906,39983,Eptesicus serotinus,0.008,0.023,-1,Echolocation,/mnt/ubna_data_01_mir/recover-20220825/UBNA_002/20220823_033000.WAV,Telephone Field,recover-20220825,002,1795
1093.4095,1093.4507,68437,82390,Rhinolophus ferrumequinum,0.022,0.022,-1,Echolocation,/mnt/ubna_data_01_mir/recover-20220825/UBNA_002/20220823_033000.WAV,Telephone Field,recover-20220825,002,1795
1093.4115,1093.4226,15156,20956,Nyctalus noctula,0.017,0.032,-1,Echolocation,/mnt/ubna_data_01_mir/recover-20220825/UBNA_002/20220823_033000.WAV,Telephone Field,recover-20220825,002,1795
1093.4385,1093.4496,23750,30314,Nyctalus leisleri,0.01,0.026,-1,Echolocation,/mnt/ubna_data_01_mir/recover-20220825/UBNA_002/20220823_033000.WAV,Telephone Field,recover-20220825,002,1795
1093.4525,1093.4933,68437,82711,Rhinolophus ferrumequinum,0.045,0.045,-1,Echolocation,/mnt/ubna_data_01_mir/recover-20220825/UBNA_002/20220823_033000.WAV,Telephone Field,recover-20220825,002,1795
1093.4585,1093.4686,26328,34399,Eptesicus serotinus,0.013,0.027,-1,Echolocation,/mnt/ubna_data_01_mir/recover-20220825/UBNA_002/20220823_033000.WAV,Telephone Field,recover-20220825,002,1795
1093.4785,1093.5172,68437,82095,Rhinolophus ferrumequinum,0.026,0.026,-1,Echolocation,/mnt/ubna_data_01_mir/recover-20220825/UBNA_002/20220823_033000.WAV,Telephone Field,recover-20220825,002,1795
1093.4805,1093.4927,36640,42146,Pipistrellus nathusii,0.018,0.03,-1,Echolocation,/mnt/ubna_data_01_mir/recover-20220825/UBNA_002/20220823_033000.WAV,Telephone Field,recover-20220825,002,1795
1093.5035,1093.5441,68437,82429,Rhinolophus ferrumequinum,0.025,0.025,-1,Echolocation,/mnt/ubna_data_01_mir/recover-20220825/UBNA_002/20220823_033000.WAV,Telephone Field,recover-20220825,002,1795
1093.5105,1093.522,22890,27869,Nyctalus leisleri,0.013,0.026,-1,Echolocation,/mnt/ubna_data_01_mir/recover-20220825/UBNA_002/20220823_033000.WAV,Telephone Field,recover-20220825,002,1795
1093.5135,1093.553,68437,81924,Rhinolophus ferrumequinum,0.021,0.021,-1,Echolocation,/mnt/ubna_data_01_mir/recover-20220825/UBNA_002/20220823_033000.WAV,Telephone Field,recover-20220825,002,1795
1093.5565,1093.5932,68437,81967,Rhinolophus ferrumequinum,0.023,0.023,-1,Echolocation,/mnt/ubna_data_01_mir/recover-20220825/UBNA_002/20220823_033000.WAV,Telephone Field,recover-20220825,002,1795
1093.5715,1093.5815,23750,29727,Nyctalus leisleri,0.008,0.021,-1,Echolocation,/mnt/ubna_data_01_mir/recover-20220825/UBNA_002/20220823_033000.WAV,Telephone Field,recover-20220825,002,1795
1093.5715,1093.6099,68437,82356,Rhinolophus ferrumequinum,0.022,0.022,-1,Echolocation,/mnt/ubna_data_01_mir/recover-20220825/UBNA_002/20220823_033000.WAV,Telephone Field,recover-20220825,002,1795
1093.5975,1093.6354,68437,82510,Rhinolophus ferrumequinum,0.023,0.023,-1,Echolocation,/mnt/ubna_data_01_mir/recover-20220825/UBNA_002/20220823_033000.WAV,Telephone Field,recover-20220825,002,1795
1093.5995,1093.6067,28046,41580,Eptesicus serotinus,0.007,0.023,-1,Echolocation,/mnt/ubna_data_01_mir/recover-20220825/UBNA_002/20220823_033000.WAV,Telephone Field,recover-20220825,002,1795
1093.6045,1093.6433,68437,82000,Rhinolophus ferrumequinum,0.023,0.023,-1,Echolocation,/mnt/ubna_data_01_mir/recover-20220825/UBNA_002/20220823_033000.WAV,Telephone Field,recover-20220825,002,1795
1093.6095,1093.6466,68437,82071,Rhinolophus ferrumequinum,0.023,0.023,-1,Echolocation,/mnt/ubna_data_01_mir/recover-20220825/UBNA_002/20220823_033000.WAV,Telephone Field,recover-20220825,002,1795
1093.6395,1093.6779,68437,81890,Rhinolophus ferrumequinum,0.021,0.021,-1,Echolocation,/mnt/ubna_data_01_mir/recover-20220825/UBNA_002/20220823_033000.WAV,Telephone Field,recover-20220825,002,1795
1093.6495,1093.6592,27187,34087,Eptesicus serotinus,0.053,0.086,-1,Echolocation,/mnt/ubna_data_01_mir/recover-20220825/UBNA_002/20220823_033000.WAV,Telephone Field,recover-20220825,002,1795
1093.6625,1093.6965,68437,80805,Rhinolophus ferrumequinum,0.021,0.021,-1,Echolocation,/mnt/ubna_data_01_mir/recover-20220825/UBNA_002/20220823_033000.WAV,Telephone Field,recover-20220825,002,1795
1093.6745,1093.683,28906,37952,Eptesicus serotinus,0.008,0.021,-1,Echolocation,/mnt/ubna_data_01_mir/recover-20220825/UBNA_002/20220823_033000.WAV,Telephone Field,recover-20220825,002,1795
1093.6765,1093.7136,68437,81447,Rhinolophus ferrumequinum,0.026,0.026,-1,Echolocation,/mnt/ubna_data_01_mir/recover-20220825/UBNA_002/20220823_033000.WAV,Telephone Field,recover-20220825,002,1795
1093.7235,1093.7616,68437,81785,Rhinolophus ferrumequinum,0.021,0.021,-1,Echolocation,/mnt/ubna_data_01_mir/recover-20220825/UBNA_002/20220823_033000.WAV,Telephone Field,recover-20220825,002,1795
1093.7295,1093.7412,22890,28164,Nyctalus leisleri,0.011,0.024,-1,Echolocation,/mnt/ubna_data_01_mir/recover-20220825/UBNA_002/20220823_033000.WAV,Telephone Field,recover-20220825,002,1795
1093.7445,1093.7521,27187,41970,Eptesicus serotinus,0.008,0.023,-1,Echolocation,/mnt/ubna_data_01_mir/recover-20220825/UBNA_002/20220823_033000.WAV,Telephone Field,recover-20220825,002,1795
1093.7915,1093.8302,68437,82661,Rhinolophus ferrumequinum,0.03,0.03,-1,Echolocation,/mnt/ubna_data_01_mir/recover-20220825/UBNA_002/20220823_033000.WAV,Telephone Field,recover-20220825,002,1795
1093.7985,1093.8072,28906,38527,Eptesicus serotinus,0.008,0.021,-1,Echolocation,/mnt/ubna_data_01_mir/recover-20220825/UBNA_002/20220823_033000.WAV,Telephone Field,recover-20220825,002,1795
1093.8135,1093.8533,68437,82279,Rhinolophus ferrumequinum,0.025,0.025,-1,Echolocation,/mnt/ubna_data_01_mir/recover-20220825/UBNA_002/20220823_033000.WAV,Telephone Field,recover-20220825,002,1795
1093.8315,1093.868,68437,81335,Rhinolophus ferrumequinum,0.021,0.021,-1,Echolocation,/mnt/ubna_data_01_mir/recover-20220825/UBNA_002/20220823_033000.WAV,Telephone Field,recover-20220825,002,1795
1093.8465,1093.8831,68437,81336,Rhinolophus ferrumequinum,0.021,0.021,-1,Echolocation,/mnt/ubna_data_01_mir/recover-20220825/UBNA_002/20220823_033000.WAV,Telephone Field,recover-20220825,002,1795
1093.8675,1093.9068,68437,82256,Rhinolophus ferrumequinum,0.022,0.022,-1,Echolocation,/mnt/ubna_data_01_mir/recover-20220825/UBNA_002/20220823_033000.WAV,Telephone Field,recover-20220825,002,1795
1093.8925,1093.9293,68437,81614,Rhinolophus ferrumequinum,0.022,0.022,-1,Echolocation,/mnt/ubna_data_01_mir/recover-20220825/UBNA_002/20220823_033000.WAV,Telephone Field,recover-20220825,002,1795
1093.8985,1093.9364,68437,81842,Rhinolophus ferrumequinum,0.022,0.022,-1,Echolocation,/mnt/ubna_data_01_mir/recover-20220825/UBNA_002/20220823_033000.WAV,Telephone Field,recover-20220825,002,1795
1093.9025,1093.9096,44375,50114,Pipistrellus pipistrellus,0.019,0.022,-1,Echolocation,/mnt/ubna_data_01_mir/recover-20220825/UBNA_002/20220823_033000.WAV,Telephone Field,recover-20220825,002,1795
1093.9365,1093.9483,24609,29778,Nyctalus leisleri,0.012,0.028,-1,Echolocation,/mnt/ubna_data_01_mir/recover-20220825/UBNA_002/20220823_033000.WAV,Telephone Field,recover-20220825,002,1795
1093.9675,1093.9754,28046,37814,Eptesicus serotinus,0.007,0.022,-1,Echolocation,/mnt/ubna_data_01_mir/recover-20220825/UBNA_002/20220823_033000.WAV,Telephone Field,recover-20220825,002,1795
1093.9855,1093.996,22031,27810,Nyctalus leisleri,0.011,0.028,-1,Echolocation,/mnt/ubna_data_01_mir/recover-20220825/UBNA_002/20220823_033000.WAV,Telephone Field,recover-20220825,002,1795
1094.0015,1094.0094,25468,37371,Nyctalus leisleri,0.005,0.023,-1,Echolocation,/mnt/ubna_data_01_mir/recover-20220825/UBNA_002/20220823_033000.WAV,Telephone Field,recover-20220825,002,1795
1094.0015,1094.01,46093,51374,Pipistrellus pipistrellus,0.02,0.025,-1,Echolocation,/mnt/ubna_data_01_mir/recover-20220825/UBNA_002/20220823_033000.WAV,Telephone Field,recover-20220825,002,1795
1094.0015,1094.0335,69296,81387,Rhinolophus ferrumequinum,0.027,0.027,-1,Echolocation,/mnt/ubna_data_01_mir/recover-20220825/UBNA_002/20220823_033000.WAV,Telephone Field,recover-20220825,002,1795
1094.0185,1094.0264,29765,50794,Myotis daubentonii,0.011,0.025,-1,Echolocation,/mnt/ubna_data_01_mir/recover-20220825/UBNA_002/20220823_033000.WAV,Telephone Field,recover-20220825,002,1795
1094.0185,1094.0245,40078,53686,Myotis daubentonii,0.009,0.022,-1,Echolocation,/mnt/ubna_data_01_mir/recover-20220825/UBNA_002/20220823_033000.WAV,Telephone Field,recover-20220825,002,1795
1094.0205,1094.0381,19453,22703,Nyctalus leisleri,0.013,0.026,-1,Echolocation,/mnt/ubna_data_01_mir/recover-20220825/UBNA_002/20220823_033000.WAV,Telephone Field,recover-20220825,002,1795
1094.0315,1094.039,26328,39815,Eptesicus serotinus,0.007,0.024,-1,Echolocation,/mnt/ubna_data_01_mir/recover-20220825/UBNA_002/20220823_033000.WAV,Telephone Field,recover-20220825,002,1795
1094.0655,1094.0719,37500,51547,Myotis daubentonii,0.012,0.026,-1,Echolocation,/mnt/ubna_data_01_mir/recover-20220825/UBNA_002/20220823_033000.WAV,Telephone Field,recover-20220825,002,1795
1094.0655,1094.0728,28046,48219,Myotis daubentonii,0.008,0.026,-1,Echolocation,/mnt/ubna_data_01_mir/recover-20220825/UBNA_002/20220823_033000.WAV,Telephone Field,recover-20220825,002,1795
1094.0765,1094.1149,68437,82274,Rhinolophus ferrumequinum,0.023,0.023,-1,Echolocation,/mnt/ubna_data_01_mir/recover-20220825/UBNA_002/20220823_033000.WAV,Telephone Field,recover-20220825,002,1795
1094.0985,1094.1365,68437,82211,Rhinolophus ferrumequinum,0.024,0.024,-1,Echolocation,/mnt/ubna_data_01_mir/recover-20220825/UBNA_002/20220823_033000.WAV,Telephone Field,recover-20220825,002,1795
1094.1675,1094.2067,68437,82253,Rhinolophus ferrumequinum,0.022,0.022,-1,Echolocation,/mnt/ubna_data_01_mir/recover-20220825/UBNA_002/20220823_033000.WAV,Telephone Field,recover-20220825,002,1795
1094.1905,1094.1965,27187,47715,Myotis daubentonii,0.008,0.029,-1,Echolocation,/mnt/ubna_data_01_mir/recover-20220825/UBNA_002/20220823_033000.WAV,Telephone Field,recover-20220825,002,1795
1094.1925,1094.1984,31484,46531,Myotis daubentonii,0.015,0.028,-1,Echolocation,/mnt/ubna_data_01_mir/recover-20220825/UBNA_002/20220823_033000.WAV,Telephone Field,recover-20220825,002,1795
1094.1975,1094.2371,68437,83105,Rhinolophus ferrumequinum,0.024,0.024,-1,Echolocation,/mnt/ubna_data_01_mir/recover-20220825/UBNA_002/20220823_033000.WAV,Telephone Field,recover-20220825,002,1795
1094.2785,1094.318,68437,82313,Rhinolophus ferrumequinum,0.023,0.023,-1,Echolocation,/mnt/ubna_data_01_mir/recover-20220825/UBNA_002/20220823_033000.WAV,Telephone Field,recover-20220825,002,1795
1094.2985,1094.3069,27187,37021,Eptesicus serotinus,0.008,0.022,-1,Echolocation,/mnt/ubna_data_01_mir/recover-20220825/UBNA_002/20220823_033000.WAV,Telephone Field,recover-20220825,002,1795
1094.3105,1094.3477,68437,82405,Rhinolophus ferrumequinum,0.022,0.022,-1,Echolocation,/mnt/ubna_data_01_mir/recover-20220825/UBNA_002/20220823_033000.WAV,Telephone Field,recover-20220825,002,1795
1094.3235,1094.3648,68437,83122,Rhinolophus ferrumequinum,0.023,0.023,-1,Echolocation,/mnt/ubna_data_01_mir/recover-20220825/UBNA_002/20220823_033000.WAV,Telephone Field,recover-20220825,002,1795
1094.3675,1094.3783,26328,33028,Eptesicus serotinus,0.011,0.023,-1,Echolocation,/mnt/ubna_data_01_mir/recover-20220825/UBNA_002/20220823_033000.WAV,Telephone Field,recover-20220825,002,1795
1094.3935,1094.4318,68437,81781,Rhinolophus ferrumequinum,0.023,0.023,-1,Echolocation,/mnt/ubna_data_01_mir/recover-20220825/UBNA_002/20220823_033000.WAV,Telephone Field,recover-20220825,002,1795
1094.4045,1094.4146,28906,37505,Eptesicus serotinus,0.009,0.023,-1,Echolocation,/mnt/ubna_data_01_mir/recover-20220825/UBNA_002/20220823_033000.WAV,Telephone Field,recover-20220825,002,1795
1094.4165,1094.4237,28046,41955,Eptesicus serotinus,0.009,0.031,-1,Echolocation,/mnt/ubna_data_01_mir/recover-20220825/UBNA_002/20220823_033000.WAV,Telephone Field,recover-20220825,002,1795
1094.4775,1094.5182,68437,82275,Rhinolophus ferrumequinum,0.024,0.024,-1,Echolocation,/mnt/ubna_data_01_mir/recover-20220825/UBNA_002/20220823_033000.WAV,Telephone Field,recover-20220825,002,1795
1094.5685,1094.5784,25468,32873,Eptesicus serotinus,0.009,0.024,-1,Echolocation,/mnt/ubna_data_01_mir/recover-20220825/UBNA_002/20220823_033000.WAV,Telephone Field,recover-20220825,002,1795
1094.6135,1094.6532,68437,82453,Rhinolophus ferrumequinum,0.03,0.03,-1,Echolocation,/mnt/ubna_data_01_mir/recover-20220825/UBNA_002/20220823_033000.WAV,Telephone Field,recover-20220825,002,1795
1094.6515,1094.6867,68437,81795,Rhinolophus ferrumequinum,0.022,0.022,-1,Echolocation,/mnt/ubna_data_01_mir/recover-20220825/UBNA_002/20220823_033000.WAV,Telephone Field,recover-20220825,002,1795
1094.6675,1094.6761,28046,37849,Eptesicus serotinus,0.008,0.022,-1,Echolocation,/mnt/ubna_data_01_mir/recover-20220825/UBNA_002/20220823_033000.WAV,Telephone Field,recover-20220825,002,1795
1094.6765,1094.719,68437,83080,Rhinolophus ferrumequinum,0.023,0.023,-1,Echolocation,/mnt/ubna_data_01_mir/recover-20220825/UBNA_002/20220823_033000.WAV,Telephone Field,recover-20220825,002,1795
1094.6795,1094.6891,28046,36869,Eptesicus serotinus,0.017,0.036,-1,Echolocation,/mnt/ubna_data_01_mir/recover-20220825/UBNA_002/20220823_033000.WAV,Telephone Field,recover-20220825,002,1795
1094.6985,1094.7411,68437,83289,Rhinolophus ferrumequinum,0.024,0.024,-1,Echolocation,/mnt/ubna_data_01_mir/recover-20220825/UBNA_002/20220823_033000.WAV,Telephone Field,recover-20220825,002,1795
1094.7155,1094.7264,27187,34089,Eptesicus serotinus,0.026,0.045,-1,Echolocation,/mnt/ubna_data_01_mir/recover-20220825/UBNA_002/20220823_033000.WAV,Telephone Field,recover-20220825,002,1795
1094.7295,1094.7361,27187,39388,Eptesicus serotinus,0.006,0.023,-1,Echolocation,/mnt/ubna_data_01_mir/recover-20220825/UBNA_002/20220823_033000.WAV,Telephone Field,recover-20220825,002,1795
1094.7535,1094.7636,14296,19778,Nyctalus noctula,0.011,0.026,-1,Echolocation,/mnt/ubna_data_01_mir/recover-20220825/UBNA_002/20220823_033000.WAV,Telephone Field,recover-20220825,002,1795
1094.7805,1094.7913,22890,27825,Nyctalus leisleri,0.01,0.022,-1,Echolocation,/mnt/ubna_data_01_mir/recover-20220825/UBNA_002/20220823_033000.WAV,Telephone Field,recover-20220825,002,1795
1094.7825,1094.8276,68437,83632,Rhinolophus ferrumequinum,0.033,0.033,-1,Echolocation,/mnt/ubna_data_01_mir/recover-20220825/UBNA_002/20220823_033000.WAV,Telephone Field,recover-20220825,002,1795
1094.8055,1094.8435,68437,81246,Rhinolophus ferrumequinum,0.024,0.024,-1,Echolocation,/mnt/ubna_data_01_mir/recover-20220825/UBNA_002/20220823_033000.WAV,Telephone Field,recover-20220825,002,1795
1094.8375,1094.851,28046,35234,Eptesicus serotinus,0.032,0.049,-1,Echolocation,/mnt/ubna_data_01_mir/recover-20220825/UBNA_002/20220823_033000.WAV,Telephone Field,recover-20220825,002,1795
1094.8555,1094.8942,68437,82256,Rhinolophus ferrumequinum,0.026,0.027,-1,Echolocation,/mnt/ubna_data_01_mir/recover-20220825/UBNA_002/20220823_033000.WAV,Telephone Field,recover-20220825,002,1795
1094.8715,1094.8771,37500,56581,Myotis brandtii,0.009,0.024,-1,Echolocation,/mnt/ubna_data_01_mir/recover-20220825/UBNA_002/20220823_033000.WAV,Telephone Field,recover-20220825,002,1795
1094.8725,1094.8791,23750,38454,Plecotus austriacus,0.01,0.031,-1,Echolocation,/mnt/ubna_data_01_mir/recover-20220825/UBNA_002/20220823_033000.WAV,Telephone Field,recover-20220825,002,1795
1094.9565,1094.9666,26328,35419,Eptesicus serotinus,0.01,0.023,-1,Echolocation,/mnt/ubna_data_01_mir/recover-20220825/UBNA_002/20220823_033000.WAV,Telephone Field,recover-20220825,002,1795
1095.0165,1095.0542,68437,82508,Rhinolophus ferrumequinum,0.024,0.024,-1,Echolocation,/mnt/ubna_data_01_mir/recover-20220825/UBNA_002/20220823_033000.WAV,Telephone Field,recover-20220825,002,1795
1095.0345,1095.0728,68437,82314,Rhinolophus ferrumequinum,0.022,0.022,-1,Echolocation,/mnt/ubna_data_01_mir/recover-20220825/UBNA_002/20220823_033000.WAV,Telephone Field,recover-20220825,002,1795
1095.0585,1095.0963,68437,81335,Rhinolophus ferrumequinum,0.024,0.024,-1,Echolocation,/mnt/ubna_data_01_mir/recover-20220825/UBNA_002/20220823_033000.WAV,Telephone Field,recover-20220825,002,1795
1095.0605,1095.0705,26328,35184,Eptesicus serotinus,0.009,0.023,-1,Echolocation,/mnt/ubna_data_01_mir/recover-20220825/UBNA_002/20220823_033000.WAV,Telephone Field,recover-20220825,002,1795
1095.0655,1095.0987,68437,81489,Rhinolophus ferrumequinum,0.025,0.025,-1,Echolocation,/mnt/ubna_data_01_mir/recover-20220825/UBNA_002/20220823_033000.WAV,Telephone Field,recover-20220825,002,1795
1095.0775,1095.1141,68437,81450,Rhinolophus ferrumequinum,0.023,0.023,-1,Echolocation,/mnt/ubna_data_01_mir/recover-20220825/UBNA_002/20220823_033000.WAV,Telephone Field,recover-20220825,002,1795
1095.1035,1095.1168,22890,28585,Nyctalus leisleri,0.016,0.037,-1,Echolocation,/mnt/ubna_data_01_mir/recover-20220825/UBNA_002/20220823_033000.WAV,Telephone Field,recover-20220825,002,1795
1095.1125,1095.1517,68437,82024,Rhinolophus ferrumequinum,0.022,0.023,-1,Echolocation,/mnt/ubna_data_01_mir/recover-20220825/UBNA_002/20220823_033000.WAV,Telephone Field,recover-20220825,002,1795
1095.1395,1095.1467,27187,38907,Eptesicus serotinus,0.007,0.024,-1,Echolocation,/mnt/ubna_data_01_mir/recover-20220825/UBNA_002/20220823_033000.WAV,Telephone Field,recover-20220825,002,1795
1095.1745,1095.1855,28906,35516,Eptesicus serotinus,0.01,0.024,-1,Echolocation,/mnt/ubna_data_01_mir/recover-20220825/UBNA_002/20220823_033000.WAV,Telephone Field,recover-20220825,002,1795
1095.2175,1095.258,68437,82331,Rhinolophus ferrumequinum,0.025,0.025,-1,Echolocation,/mnt/ubna_data_01_mir/recover-20220825/UBNA_002/20220823_033000.WAV,Telephone Field,recover-20220825,002,1795
1095.2195,1095.2279,22890,31248,Plecotus austriacus,0.014,0.029,-1,Echolocation,/mnt/ubna_data_01_mir/recover-20220825/UBNA_002/20220823_033000.WAV,Telephone Field,recover-20220825,002,1795
1095.2735,1095.3157,68437,82983,Rhinolophus ferrumequinum,0.027,0.027,-1,Echolocation,/mnt/ubna_data_01_mir/recover-20220825/UBNA_002/20220823_033000.WAV,Telephone Field,recover-20220825,002,1795
1095.2865,1095.2971,26328,33143,Eptesicus serotinus,0.015,0.029,-1,Echolocation,/mnt/ubna_data_01_mir/recover-20220825/UBNA_002/20220823_033000.WAV,Telephone Field,recover-20220825,002,1795
1095.3295,1095.37,68437,82359,Rhinolophus ferrumequinum,0.023,0.023,-1,Echolocation,/mnt/ubna_data_01_mir/recover-20220825/UBNA_002/20220823_033000.WAV,Telephone Field,recover-20220825,002,1795
1095.3375,1095.3462,24609,31814,Nyctalus leisleri,0.006,0.022,-1,Echolocation,/mnt/ubna_data_01_mir/recover-20220825/UBNA_002/20220823_033000.WAV,Telephone Field,recover-20220825,002,1795
1095.3705,1095.3812,23750,29897,Nyctalus leisleri,0.009,0.024,-1,Echolocation,/mnt/ubna_data_01_mir/recover-20220825/UBNA_002/20220823_033000.WAV,Telephone Field,recover-20220825,002,1795
1095.4225,1095.4595,68437,81540,Rhinolophus ferrumequinum,0.022,0.023,-1,Echolocation,/mnt/ubna_data_01_mir/recover-20220825/UBNA_002/20220823_033000.WAV,Telephone Field,recover-20220825,002,1795
1095.4575,1095.4685,23750,29596,Nyctalus leisleri,0.01,0.023,-1,Echolocation,/mnt/ubna_data_01_mir/recover-20220825/UBNA_002/20220823_033000.WAV,Telephone Field,recover-20220825,002,1795
1095.5225,1095.5314,54687,63066,Pipistrellus pygmaeus,0.02,0.023,-1,Echolocation,/mnt/ubna_data_01_mir/recover-20220825/UBNA_002/20220823_033000.WAV,Telephone Field,recover-20220825,002,1795
1095.5625,1095.6044,68437,82838,Rhinolophus ferrumequinum,0.026,0.026,-1,Echolocation,/mnt/ubna_data_01_mir/recover-20220825/UBNA_002/20220823_033000.WAV,Telephone Field,recover-20220825,002,1795
1095.5675,1095.5761,28046,38595,Eptesicus serotinus,0.008,0.022,-1,Echolocation,/mnt/ubna_data_01_mir/recover-20220825/UBNA_002/20220823_033000.WAV,Telephone Field,recover-20220825,002,1795
1095.5975,1095.6094,22031,26993,Nyctalus leisleri,0.011,0.027,-1,Echolocation,/mnt/ubna_data_01_mir/recover-20220825/UBNA_002/20220823_033000.WAV,Telephone Field,recover-20220825,002,1795
1095.6135,1095.6228,47812,51588,Pipistrellus pipistrellus,0.031,0.035,-1,Echolocation,/mnt/ubna_data_01_mir/recover-20220825/UBNA_002/20220823_033000.WAV,Telephone Field,recover-20220825,002,1795
1095.6335,1095.6748,68437,83117,Rhinolophus ferrumequinum,0.029,0.029,-1,Echolocation,/mnt/ubna_data_01_mir/recover-20220825/UBNA_002/20220823_033000.WAV,Telephone Field,recover-20220825,002,1795
1095.6815,1095.6888,27187,40486,Eptesicus serotinus,0.007,0.023,-1,Echolocation,/mnt/ubna_data_01_mir/recover-20220825/UBNA_002/20220823_033000.WAV,Telephone Field,recover-20220825,002,1795
1095.7095,1095.7468,68437,82157,Rhinolophus ferrumequinum,0.022,0.022,-1,Echolocation,/mnt/ubna_data_01_mir/recover-20220825/UBNA_002/20220823_033000.WAV,Telephone Field,recover-20220825,002,1795
1095.7135,1095.7207,28046,40183,Eptesicus serotinus,0.006,0.022,-1,Echolocation,/mnt/ubna_data_01_mir/recover-20220825/UBNA_002/20220823_033000.WAV,Telephone Field,recover-20220825,002,1795
1095.7575,1095.7653,28046,42345,Eptesicus serotinus,0.009,0.028,-1,Echolocation,/mnt/ubna_data_01_mir/recover-20220825/UBNA_002/20220823_033000.WAV,Telephone Field,recover-20220825,002,1795
1095.7705,1095.7806,28046,35798,Eptesicus serotinus,0.009,0.023,-1,Echolocation,/mnt/ubna_data_01_mir/recover-20220825/UBNA_002/20220823_033000.WAV,Telephone Field,recover-20220825,002,1795
1095.8055,1095.817,14296,20050,Nyctalus noctula,0.014,0.027,-1,Echolocation,/mnt/ubna_data_01_mir/recover-20220825/UBNA_002/20220823_033000.WAV,Telephone Field,recover-20220825,002,1795
1095.8175,1095.8258,26328,40866,Eptesicus serotinus,0.008,0.025,-1,Echolocation,/mnt/ubna_data_01_mir/recover-20220825/UBNA_002/20220823_033000.WAV,Telephone Field,recover-20220825,002,1795
1095.8705,1095.877,27187,41457,Eptesicus serotinus,0.007,0.03,-1,Echolocation,/mnt/ubna_data_01_mir/recover-20220825/UBNA_002/20220823_033000.WAV,Telephone Field,recover-20220825,002,1795
1095.9075,1095.9159,28046,37338,Eptesicus serotinus,0.009,0.025,-1,Echolocation,/mnt/ubna_data_01_mir/recover-20220825/UBNA_002/20220823_033000.WAV,Telephone Field,recover-20220825,002,1795
1096.0015,1096.03,68437,78956,Rhinolophus ferrumequinum,0.028,0.029,-1,Echolocation,/mnt/ubna_data_01_mir/recover-20220825/UBNA_002/20220823_033000.WAV,Telephone Field,recover-20220825,002,1795
1096.0015,1096.0108,22890,29547,Nyctalus leisleri,0.011,0.029,-1,Echolocation,/mnt/ubna_data_01_mir/recover-20220825/UBNA_002/20220823_033000.WAV,Telephone Field,recover-20220825,002,1795
1096.0485,1096.0558,28046,39188,Eptesicus serotinus,0.007,0.023,-1,Echolocation,/mnt/ubna_data_01_mir/recover-20220825/UBNA_002/20220823_033000.WAV,Telephone Field,recover-20220825,002,1795
1096.1295,1096.168,68437,82059,Rhinolophus ferrumequinum,0.021,0.021,-1,Echolocation,/mnt/ubna_data_01_mir/recover-20220825/UBNA_002/20220823_033000.WAV,Telephone Field,recover-20220825,002,1795
1096.1305,1096.1393,27187,35800,Eptesicus serotinus,0.021,0.045,-1,Echolocation,/mnt/ubna_data_01_mir/recover-20220825/UBNA_002/20220823_033000.WAV,Telephone Field,recover-20220825,002,1795
1096.1665,1096.2051,68437,82082,Rhinolophus ferrumequinum,0.028,0.028,-1,Echolocation,/mnt/ubna_data_01_mir/recover-20220825/UBNA_002/20220823_033000.WAV,Telephone Field,recover-20220825,002,1795
1096.1865,1096.2256,68437,81994,Rhinolophus ferrumequinum,0.021,0.021,-1,Echolocation,/mnt/ubna_data_01_mir/recover-20220825/UBNA_002/20220823_033000.WAV,Telephone Field,recover-20220825,002,1795
1096.2185,1096.2573,68437,81953,Rhinolophus ferrumequinum,0.022,0.022,-1,Echolocation,/mnt/ubna_data_01_mir/recover-20220825/UBNA_002/20220823_033000.WAV,Telephone Field,recover-20220825,002,1795
1096.2555,1096.2902,68437,81471,Rhinolophus ferrumequinum,0.021,0.021,-1,Echolocation,/mnt/ubna_data_01_mir/recover-20220825/UBNA_002/20220823_033000.WAV,Telephone Field,recover-20220825,002,1795
1096.2795,1096.3174,68437,81952,Rhinolophus ferrumequinum,0.023,0.023,-1,Echolocation,/mnt/ubna_data_01_mir/recover-20220825/UBNA_002/20220823_033000.WAV,Telephone Field,recover-20220825,002,1795
1096.2825,1096.2955,22890,26838,Nyctalus leisleri,0.014,0.023,-1,Echolocation,/mnt/ubna_data_01_mir/recover-20220825/UBNA_002/20220823_033000.WAV,Telephone Field,recover-20220825,002,1795
1096.3065,1096.313,25468,38556,Plecotus austriacus,0.006,0.023,-1,Echolocation,/mnt/ubna_data_01_mir/recover-20220825/UBNA_002/20220823_033000.WAV,Telephone Field,recover-20220825,002,1795
1096.3295,1096.3703,68437,82345,Rhinolophus ferrumequinum,0.025,0.025,-1,Echolocation,/mnt/ubna_data_01_mir/recover-20220825/UBNA_002/20220823_033000.WAV,Telephone Field,recover-20220825,002,1795
1096.3305,1096.3391,25468,34293,Eptesicus serotinus,0.008,0.022,-1,Echolocation,/mnt/ubna_data_01_mir/recover-20220825/UBNA_002/20220823_033000.WAV,Telephone Field,recover-20220825,002,1795
1096.3635,1096.4023,68437,81650,Rhinolophus ferrumequinum,0.021,0.021,-1,Echolocation,/mnt/ubna_data_01_mir/recover-20220825/UBNA_002/20220823_033000.WAV,Telephone Field,recover-20220825,002,1795
1096.4075,1096.4486,68437,82586,Rhinolophus ferrumequinum,0.035,0.035,-1,Echolocation,/mnt/ubna_data_01_mir/recover-20220825/UBNA_002/20220823_033000.WAV,Telephone Field,recover-20220825,002,1795
1096.4515,1096.4881,68437,81911,Rhinolophus ferrumequinum,0.021,0.021,-1,Echolocation,/mnt/ubna_data_01_mir/recover-20220825/UBNA_002/20220823_033000.WAV,Telephone Field,recover-20220825,002,1795
1096.4805,1096.491,26328,34172,Eptesicus serotinus,0.011,0.025,-1,Echolocation,/mnt/ubna_data_01_mir/recover-20220825/UBNA_002/20220823_033000.WAV,Telephone Field,recover-20220825,002,1795
1096.4825,1096.5219,68437,82373,Rhinolophus ferrumequinum,0.023,0.023,-1,Echolocation,/mnt/ubna_data_01_mir/recover-20220825/UBNA_002/20220823_033000.WAV,Telephone Field,recover-20220825,002,1795
1096.5145,1096.5229,28906,38554,Eptesicus serotinus,0.007,0.021,-1,Echolocation,/mnt/ubna_data_01_mir/recover-20220825/UBNA_002/20220823_033000.WAV,Telephone Field,recover-20220825,002,1795
1096.5215,1096.5588,68437,82176,Rhinolophus ferrumequinum,0.021,0.021,-1,Echolocation,/mnt/ubna_data_01_mir/recover-20220825/UBNA_002/20220823_033000.WAV,Telephone Field,recover-20220825,002,1795
1096.5585,1096.5967,68437,82018,Rhinolophus ferrumequinum,0.021,0.021,-1,Echolocation,/mnt/ubna_data_01_mir/recover-20220825/UBNA_002/20220823_033000.WAV,Telephone Field,recover-20220825,002,1795
1096.5895,1096.627,68437,82122,Rhinolophus ferrumequinum,0.021,0.021,-1,Echolocation,/mnt/ubna_data_01_mir/recover-20220825/UBNA_002/20220823_033000.WAV,Telephone Field,recover-20220825,002,1795
1096.5935,1096.6038,22031,27149,Nyctalus leisleri,0.01,0.022,-1,Echolocation,/mnt/ubna_data_01_mir/recover-20220825/UBNA_002/20220823_033000.WAV,Telephone Field,recover-20220825,002,1795
1096.5965,1096.6365,68437,82257,Rhinolophus ferrumequinum,0.021,0.021,-1,Echolocation,/mnt/ubna_data_01_mir/recover-20220825/UBNA_002/20220823_033000.WAV,Telephone Field,recover-20220825,002,1795
1096.6025,1096.6435,68437,82413,Rhinolophus ferrumequinum,0.021,0.021,-1,Echolocation,/mnt/ubna_data_01_mir/recover-20220825/UBNA_002/20220823_033000.WAV,Telephone Field,recover-20220825,002,1795
1096.6145,1096.654,68437,82465,Rhinolophus ferrumequinum,0.021,0.021,-1,Echolocation,/mnt/ubna_data_01_mir/recover-20220825/UBNA_002/20220823_033000.WAV,Telephone Field,recover-20220825,002,1795
1096.6465,1096.6841,68437,82106,Rhinolophus ferrumequinum,0.023,0.023,-1,Echolocation,/mnt/ubna_data_01_mir/recover-20220825/UBNA_002/20220823_033000.WAV,Telephone Field,recover-20220825,002,1795
1096.6545,1096.6669,28046,34077,Eptesicus serotinus,0.02,0.036,-1,Echolocation,/mnt/ubna_data_01_mir/recover-20220825/UBNA_002/20220823_033000.WAV,Telephone Field,recover-20220825,002,1795
1096.6975,1096.7377,68437,83041,Rhinolophus ferrumequinum,0.029,0.029,-1,Echolocation,/mnt/ubna_data_01_mir/recover-20220825/UBNA_002/20220823_033000.WAV,Telephone Field,recover-20220825,002,1795
1096.7235,1096.7623,68437,81991,Rhinolophus ferrumequinum,0.022,0.022,-1,Echolocation,/mnt/ubna_data_01_mir/recover-20220825/UBNA_002/20220823_033000.WAV,Telephone Field,recover-20220825,002,1795
1096.7405,1096.7489,28046,41512,Eptesicus serotinus,0.008,0.022,-1,Echolocation,/mnt/ubna_data_01_mir/recover-20220825/UBNA_002/20220823_033000.WAV,Telephone Field,recover-20220825,002,1795
1096.7475,1096.7824,68437,81366,Rhinolophus ferrumequinum,0.021,0.021,-1,Echolocation,/mnt/ubna_data_01_mir/recover-20220825/UBNA_002/20220823_033000.WAV,Telephone Field,recover-20220825,002,1795
1096.7775,1096.8162,68437,82827,Rhinolophus ferrumequinum,0.023,0.023,-1,Echolocation,/mnt/ubna_data_01_mir/recover-20220825/UBNA_002/20220823_033000.WAV,Telephone Field,recover-20220825,002,1795
1096.8015,1096.8409,68437,82786,Rhinolophus ferrumequinum,0.024,0.024,-1,Echolocation,/mnt/ubna_data_01_mir/recover-20220825/UBNA_002/20220823_033000.WAV,Telephone Field,recover-20220825,002,1795
1096.8055,1096.8125,46953,50922,Pipistrellus pipistrellus,0.019,0.021,-1,Echolocation,/mnt/ubna_data_01_mir/recover-20220825/UBNA_002/20220823_033000.WAV,Telephone Field,recover-20220825,002,1795
1096.8315,1096.8667,68437,81905,Rhinolophus ferrumequinum,0.022,0.022,-1,Echolocation,/mnt/ubna_data_01_mir/recover-20220825/UBNA_002/20220823_033000.WAV,Telephone Field,recover-20220825,002,1795
1096.8415,1096.8812,68437,83148,Rhinolophus ferrumequinum,0.021,0.021,-1,Echolocation,/mnt/ubna_data_01_mir/recover-20220825/UBNA_002/20220823_033000.WAV,Telephone Field,recover-20220825,002,1795
1096.8445,1096.8528,28906,37353,Eptesicus serotinus,0.007,0.021,-1,Echolocation,/mnt/ubna_data_01_mir/recover-20220825/UBNA_002/20220823_033000.WAV,Telephone Field,recover-20220825,002,1795
1096.9045,1096.9435,68437,82405,Rhinolophus ferrumequinum,0.022,0.022,-1,Echolocation,/mnt/ubna_data_01_mir/recover-20220825/UBNA_002/20220823_033000.WAV,Telephone Field,recover-20220825,002,1795
1096.9465,1096.9886,68437,82777,Rhinolophus ferrumequinum,0.023,0.023,-1,Echolocation,/mnt/ubna_data_01_mir/recover-20220825/UBNA_002/20220823_033000.WAV,Telephone Field,recover-20220825,002,1795
1096.9745,1097.0177,68437,83490,Rhinolophus ferrumequinum,0.027,0.027,-1,Echolocation,/mnt/ubna_data_01_mir/recover-20220825/UBNA_002/20220823_033000.WAV,Telephone Field,recover-20220825,002,1795
1096.9785,1096.9873,27187,36468,Eptesicus serotinus,0.01,0.024,-1,Echolocation,/mnt/ubna_data_01_mir/recover-20220825/UBNA_002/20220823_033000.WAV,Telephone Field,recover-20220825,002,1795
1096.9935,1097.0028,24609,32956,Eptesicus serotinus,0.009,0.023,-1,Echolocation,/mnt/ubna_data_01_mir/recover-20220825/UBNA_002/20220823_033000.WAV,Telephone Field,recover-20220825,002,1795
1097.0135,1097.0537,68437,82784,Rhinolophus ferrumequinum,0.022,0.022,-1,Echolocation,/mnt/ubna_data_01_mir/recover-20220825/UBNA_002/20220823_033000.WAV,Telephone Field,recover-20220825,002,1795
1097.0345,1097.056,19453,21936,Nyctalus leisleri,0.012,0.023,-1,Echolocation,/mnt/ubna_data_01_mir/recover-20220825/UBNA_002/20220823_033000.WAV,Telephone Field,recover-20220825,002,1795
1097.0375,1097.0762,68437,81436,Rhinolophus ferrumequinum,0.021,0.021,-1,Echolocation,/mnt/ubna_data_01_mir/recover-20220825/UBNA_002/20220823_033000.WAV,Telephone Field,recover-20220825,002,1795
1097.0685,1097.1082,68437,82503,Rhinolophus ferrumequinum,0.031,0.031,-1,Echolocation,/mnt/ubna_data_01_mir/recover-20220825/UBNA_002/20220823_033000.WAV,Telephone Field,recover-20220825,002,1795
1097.0905,1097.1287,68437,82263,Rhinolophus ferrumequinum,0.021,0.021,-1,Echolocation,/mnt/ubna_data_01_mir/recover-20220825/UBNA_002/20220823_033000.WAV,Telephone Field,recover-20220825,002,1795
1097.1135,1097.1554,68437,83551,Rhinolophus ferrumequinum,0.032,0.032,-1,Echolocation,/mnt/ubna_data_01_mir/recover-20220825/UBNA_002/20220823_033000.WAV,Telephone Field,recover-20220825,002,1795
1097.1765,1097.2147,68437,82105,Rhinolophus ferrumequinum,0.022,0.022,-1,Echolocation,/mnt/ubna_data_01_mir/recover-20220825/UBNA_002/20220823_033000.WAV,Telephone Field,recover-20220825,002,1795
1097.2025,1097.2088,28046,40547,Eptesicus serotinus,0.006,0.026,-1,Echolocation,/mnt/ubna_data_01_mir/recover-20220825/UBNA_002/20220823_033000.WAV,Telephone Field,recover-20220825,002,1795
1097.2165,1097.2364,20312,23306,Nyctalus leisleri,0.017,0.03,-1,Echolocation,/mnt/ubna_data_01_mir/recover-20220825/UBNA_002/20220823_033000.WAV,Telephone Field,recover-20220825,002,1795
1097.2395,1097.2774,68437,82107,Rhinolophus ferrumequinum,0.021,0.021,-1,Echolocation,/mnt/ubna_data_01_mir/recover-20220825/UBNA_002/20220823_033000.WAV,Telephone Field,recover-20220825,002,1795
1097.2405,1097.2469,24609,34692,Plecotus austriacus,0.01,0.028,-1,Echolocation,/mnt/ubna_data_01_mir/recover-20220825/UBNA_002/20220823_033000.WAV,Telephone Field,recover-20220825,002,1795
1097.2475,1097.2856,68437,82269,Rhinolophus ferrumequinum,0.021,0.021,-1,Echolocation,/mnt/ubna_data_01_mir/recover-20220825/UBNA_002/20220823_033000.WAV,Telephone Field,recover-20220825,002,1795
1097.2635,1097.2843,21171,25206,Nyctalus noctula,0.022,0.05,-1,Echolocation,/mnt/ubna_data_01_mir/recover-20220825/UBNA_002/20220823_033000.WAV,Telephone Field,recover-20220825,002,1795
1097.3705,1097.3819,28906,35337,Eptesicus serotinus,0.01,0.023,-1,Echolocation,/mnt/ubna_data_01_mir/recover-20220825/UBNA_002/20220823_033000.WAV,Telephone Field,recover-20220825,002,1795
1097.3785,1097.4172,68437,81550,Rhinolophus ferrumequinum,0.021,0.021,-1,Echolocation,/mnt/ubna_data_01_mir/recover-20220825/UBNA_002/20220823_033000.WAV,Telephone Field,recover-20220825,002,1795
1097.3875,1097.4268,68437,82421,Rhinolophus ferrumequinum,0.021,0.021,-1,Echolocation,/mnt/ubna_data_01_mir/recover-20220825/UBNA_002/20220823_033000.WAV,Telephone Field,recover-20220825,002,1795
1097.4035,1097.4136,28046,36920,Eptesicus serotinus,0.01,0.021,-1,Echolocation,/mnt/ubna_data_01_mir/recover-20220825/UBNA_002/20220823_033000.WAV,Telephone Field,recover-20220825,002,1795
1097.4175,1097.457,68437,82954,Rhinolophus ferrumequinum,0.022,0.022,-1,Echolocation,/mnt/ubna_data_01_mir/recover-20220825/UBNA_002/20220823_033000.WAV,Telephone Field,recover-20220825,002,1795
1097.4335,1097.472,68437,82095,Rhinolophus ferrumequinum,0.021,0.021,-1,Echolocation,/mnt/ubna_data_01_mir/recover-20220825/UBNA_002/20220823_033000.WAV,Telephone Field,recover-20220825,002,1795
1097.4655,1097.5062,68437,82359,Rhinolophus ferrumequinum,0.023,0.023,-1,Echolocation,/mnt/ubna_data_01_mir/recover-20220825/UBNA_002/20220823_033000.WAV,Telephone Field,recover-20220825,002,1795
1097.4925,1097.5013,22031,29034,Plecotus austriacus,0.012,0.028,-1,Echolocation,/mnt/ubna_data_01_mir/recover-20220825/UBNA_002/20220823_033000.WAV,Telephone Field,recover-20220825,002,1795
1097.5075,1097.5253,20312,23501,Nyctalus leisleri,0.017,0.032,-1,Echolocation,/mnt/ubna_data_01_mir/recover-20220825/UBNA_002/20220823_033000.WAV,Telephone Field,recover-20220825,002,1795
1097.5215,1097.5631,68437,82561,Rhinolophus ferrumequinum,0.023,0.023,-1,Echolocation,/mnt/ubna_data_01_mir/recover-20220825/UBNA_002/20220823_033000.WAV,Telephone Field,recover-20220825,002,1795
1097.5475,1097.556,28906,40245,Eptesicus serotinus,0.01,0.029,-1,Echolocation,/mnt/ubna_data_01_mir/recover-20220825/UBNA_002/20220823_033000.WAV,Telephone Field,recover-20220825,002,1795
1097.5805,1097.6195,68437,82103,Rhinolophus ferrumequinum,0.024,0.024,-1,Echolocation,/mnt/ubna_data_01_mir/recover-20220825/UBNA_002/20220823_033000.WAV,Telephone Field,recover-20220825,002,1795
1097.6615,1097.6989,68437,82208,Rhinolophus ferrumequinum,0.025,0.025,-1,Echolocation,/mnt/ubna_data_01_mir/recover-20220825/UBNA_002/20220823_033000.WAV,Telephone Field,recover-20220825,002,1795
1097.6685,1097.6776,26328,35071,Eptesicus serotinus,0.009,0.024,-1,Echolocation,/mnt/ubna_data_01_mir/recover-20220825/UBNA_002/20220823_033000.WAV,Telephone Field,recover-20220825,002,1795
1097.6835,1097.7239,68437,82459,Rhinolophus ferrumequinum,0.027,0.027,-1,Echolocation,/mnt/ubna_data_01_mir/recover-20220825/UBNA_002/20220823_033000.WAV,Telephone Field,recover-20220825,002,1795
1097.6875,1097.6969,22031,28653,Plecotus austriacus,0.01,0.025,-1,Echolocation,/mnt/ubna_data_01_mir/recover-20220825/UBNA_002/20220823_033000.WAV,Telephone Field,recover-20220825,002,1795
1097.7065,1097.7447,68437,81860,Rhinolophus ferrumequinum,0.026,0.026,-1,Echolocation,/mnt/ubna_data_01_mir/recover-20220825/UBNA_002/20220823_033000.WAV,Telephone Field,recover-20220825,002,1795
1097.7085,1097.7173,28906,39664,Eptesicus serotinus,0.008,0.022,-1,Echolocation,/mnt/ubna_data_01_mir/recover-20220825/UBNA_002/20220823_033000.WAV,Telephone Field,recover-20220825,002,1795
1097.7505,1097.7901,68437,82235,Rhinolophus ferrumequinum,0.021,0.021,-1,Echolocation,/mnt/ubna_data_01_mir/recover-20220825/UBNA_002/20220823_033000.WAV,Telephone Field,recover-20220825,002,1795
1097.7705,1097.7781,28046,39656,Eptesicus serotinus,0.008,0.024,-1,Echolocation,/mnt/ubna_data_01_mir/recover-20220825/UBNA_002/20220823_033000.WAV,Telephone Field,recover-20220825,002,1795
1097.8095,1097.8549,68437,83654,Rhinolophus ferrumequinum,0.054,0.054,-1,Echolocation,/mnt/ubna_data_01_mir/recover-20220825/UBNA_002/20220823_033000.WAV,Telephone Field,recover-20220825,002,1795
1097.8335,1097.8742,68437,82665,Rhinolophus ferrumequinum,0.022,0.022,-1,Echolocation,/mnt/ubna_data_01_mir/recover-20220825/UBNA_002/20220823_033000.WAV,Telephone Field,recover-20220825,002,1795
1097.8735,1097.8847,14296,20109,Nyctalus noctula,0.016,0.028,-1,Echolocation,/mnt/ubna_data_01_mir/recover-20220825/UBNA_002/20220823_033000.WAV,Telephone Field,recover-20220825,002,1795
1097.9005,1097.911,23750,29917,Nyctalus leisleri,0.008,0.022,-1,Echolocation,/mnt/ubna_data_01_mir/recover-20220825/UBNA_002/20220823_033000.WAV,Telephone Field,recover-20220825,002,1795
1097.9075,1097.9217,24609,29794,Nyctalus leisleri,0.01,0.024,-1,Echolocation,/mnt/ubna_data_01_mir/recover-20220825/UBNA_002/20220823_033000.WAV,Telephone Field,recover-20220825,002,1795
1097.9355,1097.9441,27187,36636,Eptesicus serotinus,0.009,0.024,-1,Echolocation,/mnt/ubna_data_01_mir/recover-20220825/UBNA_002/20220823_033000.WAV,Telephone Field,recover-20220825,002,1795
1097.9455,1097.9838,68437,82030,Rhinolophus ferrumequinum,0.022,0.022,-1,Echolocation,/mnt/ubna_data_01_mir/recover-20220825/UBNA_002/20220823_033000.WAV,Telephone Field,recover-20220825,002,1795
1097.9565,1097.9663,22890,28784,Nyctalus leisleri,0.009,0.023,-1,Echolocation,/mnt/ubna_data_01_mir/recover-20220825/UBNA_002/20220823_033000.WAV,Telephone Field,recover-20220825,002,1795
1097.9795,1097.9877,28046,39349,Eptesicus serotinus,0.009,0.026,-1,Echolocation,/mnt/ubna_data_01_mir/recover-20220825/UBNA_002/20220823_033000.WAV,Telephone Field,recover-20220825,002,1795
1098.0015,1098.0316,68437,79874,Rhinolophus ferrumequinum,0.028,0.029,-1,Echolocation,/mnt/ubna_data_01_mir/recover-20220825/UBNA_002/20220823_033000.WAV,Telephone Field,recover-20220825,002,1795
1098.0015,1098.0097,47812,53857,Pipistrellus pipistrellus,0.016,0.021,-1,Echolocation,/mnt/ubna_data_01_mir/recover-20220825/UBNA_002/20220823_033000.WAV,Telephone Field,recover-20220825,002,1795
1098.0015,1098.0104,23750,30222,Nyctalus leisleri,0.01,0.026,-1,Echolocation,/mnt/ubna_data_01_mir/recover-20220825/UBNA_002/20220823_033000.WAV,Telephone Field,recover-20220825,002,1795
1098.0345,1098.0446,28046,35364,Eptesicus serotinus,0.019,0.036,-1,Echolocation,/mnt/ubna_data_01_mir/recover-20220825/UBNA_002/20220823_033000.WAV,Telephone Field,recover-20220825,002,1795
1098.0555,1098.099,68437,82453,Rhinolophus ferrumequinum,0.025,0.025,-1,Echolocation,/mnt/ubna_data_01_mir/recover-20220825/UBNA_002/20220823_033000.WAV,Telephone Field,recover-20220825,002,1795
1098.0665,1098.0751,25468,33975,Eptesicus serotinus,0.009,0.024,-1,Echolocation,/mnt/ubna_data_01_mir/recover-20220825/UBNA_002/20220823_033000.WAV,Telephone Field,recover-20220825,002,1795
1098.1175,1098.1273,23750,29515,Nyctalus leisleri,0.009,0.021,-1,Echolocation,/mnt/ubna_data_01_mir/recover-20220825/UBNA_002/20220823_033000.WAV,Telephone Field,recover-20220825,002,1795
1098.1225,1098.1629,68437,81986,Rhinolophus ferrumequinum,0.023,0.023,-1,Echolocation,/mnt/ubna_data_01_mir/recover-20220825/UBNA_002/20220823_033000.WAV,Telephone Field,recover-20220825,002,1795
1098.1845,1098.2222,68437,82099,Rhinolophus ferrumequinum,0.021,0.021,-1,Echolocation,/mnt/ubna_data_01_mir/recover-20220825/UBNA_002/20220823_033000.WAV,Telephone Field,recover-20220825,002,1795
1098.1915,1098.2043,24609,30965,Nyctalus leisleri,0.012,0.03,-1,Echolocation,/mnt/ubna_data_01_mir/recover-20220825/UBNA_002/20220823_033000.WAV,Telephone Field,recover-20220825,002,1795
1098.2195,1098.259,68437,82265,Rhinolophus ferrumequinum,0.024,0.024,-1,Echolocation,/mnt/ubna_data_01_mir/recover-20220825/UBNA_002/20220823_033000.WAV,Telephone Field,recover-20220825,002,1795
1098.2425,1098.2816,68437,83056,Rhinolophus ferrumequinum,0.031,0.031,-1,Echolocation,/mnt/ubna_data_01_mir/recover-20220825/UBNA_002/20220823_033000.WAV,Telephone Field,recover-20220825,002,1795
1098.2595,1098.2679,28046,37698,Eptesicus serotinus,0.007,0.021,-1,Echolocation,/mnt/ubna_data_01_mir/recover-20220825/UBNA_002/20220823_033000.WAV,Telephone Field,recover-20220825,002,1795
1098.2795,1098.3204,68437,82717,Rhinolophus ferrumequinum,0.021,0.021,-1,Echolocation,/mnt/ubna_data_01_mir/recover-20220825/UBNA_002/20220823_033000.WAV,Telephone Field,recover-20220825,002,1795
1098.2955,1098.3341,68437,82389,Rhinolophus ferrumequinum,0.022,0.022,-1,Echolocation,/mnt/ubna_data_01_mir/recover-20220825/UBNA_002/20220823_033000.WAV,Telephone Field,recover-20220825,002,1795
1098.3285,1098.3396,24609,31790,Eptesicus serotinus,0.014,0.034,-1,Echolocation,/mnt/ubna_data_01_mir/recover-20220825/UBNA_002/20220823_033000.WAV,Telephone Field,recover-20220825,002,1795
1098.3625,1098.3725,28046,36613,Eptesicus serotinus,0.01,0.022,-1,Echolocation,/mnt/ubna_data_01_mir/recover-20220825/UBNA_002/20220823_033000.WAV,Telephone Field,recover-20220825,002,1795
1098.4205,1098.462,68437,82656,Rhinolophus ferrumequinum,0.024,0.024,-1,Echolocation,/mnt/ubna_data_01_mir/recover-20220825/UBNA_002/20220823_033000.WAV,Telephone Field,recover-20220825,002,1795
1098.4245,1098.4345,24609,32498,Eptesicus serotinus,0.008,0.026,-1,Echolocation,/mnt/ubna_data_01_mir/recover-20220825/UBNA_002/20220823_033000.WAV,Telephone Field,recover-20220825,002,1795
1098.4765,1098.5177,68437,82710,Rhinolophus ferrumequinum,0.025,0.025,-1,Echolocation,/mnt/ubna_data_01_mir/recover-20220825/UBNA_002/20220823_033000.WAV,Telephone Field,recover-20220825,002,1795
1098.4765,1098.4869,28906,36875,Eptesicus serotinus,0.009,0.023,-1,Echolocation,/mnt/ubna_data_01_mir/recover-20220825/UBNA_002/20220823_033000.WAV,Telephone Field,recover-20220825,002,1795
1098.5355,1098.5757,68437,82388,Rhinolophus ferrumequinum,0.022,0.022,-1,Echolocation,/mnt/ubna_data_01_mir/recover-20220825/UBNA_002/20220823_033000.WAV,Telephone Field,recover-20220825,002,1795
1098.5625,1098.6024,68437,82359,Rhinolophus ferrumequinum,0.024,0.024,-1,Echolocation,/mnt/ubna_data_01_mir/recover-20220825/UBNA_002/20220823_033000.WAV,Telephone Field,recover-20220825,002,1795
1098.5795,1098.6155,68437,82137,Rhinolophus ferrumequinum,0.022,0.022,-1,Echolocation,/mnt/ubna_data_01_mir/recover-20220825/UBNA_002/20220823_033000.WAV,Telephone Field,recover-20220825,002,1795
1098.5975,1098.605,27187,42499,Eptesicus serotinus,0.007,0.021,-1,Echolocation,/mnt/ubna_data_01_mir/recover-20220825/UBNA_002/20220823_033000.WAV,Telephone Field,recover-20220825,002,1795
1098.6085,1098.6479,68437,82919,Rhinolophus ferrumequinum,0.023,0.023,-1,Echolocation,/mnt/ubna_data_01_mir/recover-20220825/UBNA_002/20220823_033000.WAV,Telephone Field,recover-20220825,002,1795
1098.6515,1098.6916,68437,82442,Rhinolophus ferrumequinum,0.022,0.022,-1,Echolocation,/mnt/ubna_data_01_mir/recover-20220825/UBNA_002/20220823_033000.WAV,Telephone Field,recover-20220825,002,1795
1098.6845,1098.7264,68437,82352,Rhinolophus ferrumequinum,0.031,0.031,-1,Echolocation,/mnt/ubna_data_01_mir/recover-20220825/UBNA_002/20220823_033000.WAV,Telephone Field,recover-20220825,002,1795
1098.6915,1098.7074,25468,29507,Nyctalus leisleri,0.085,0.151,-1,Echolocation,/mnt/ubna_data_01_mir/recover-20220825/UBNA_002/20220823_033000.WAV,Telephone Field,recover-20220825,002,1795
1098.7515,1098.7907,68437,81871,Rhinolophus ferrumequinum,0.022,0.022,-1,Echolocation,/mnt/ubna_data_01_mir/recover-20220825/UBNA_002/20220823_033000.WAV,Telephone Field,recover-20220825,002,1795
1098.7625,1098.8002,68437,81570,Rhinolophus ferrumequinum,0.022,0.022,-1,Echolocation,/mnt/ubna_data_01_mir/recover-20220825/UBNA_002/20220823_033000.WAV,Telephone Field,recover-20220825,002,1795
1098.7705,1098.8073,68437,81558,Rhinolophus ferrumequinum,0.021,0.021,-1,Echolocation,/mnt/ubna_data_01_mir/recover-20220825/UBNA_002/20220823_033000.WAV,Telephone Field,recover-20220825,002,1795
1098.7935,1098.8038999999999,22890,27759,Nyctalus leisleri,0.01,0.023,-1,Echolocation,/mnt/ubna_data_01_mir/recover-20220825/UBNA_002/20220823_033000.WAV,Telephone Field,recover-20220825,002,1795
1098.8275,1098.8645,68437,81265,Rhinolophus ferrumequinum,0.022,0.023,-1,Echolocation,/mnt/ubna_data_01_mir/recover-20220825/UBNA_002/20220823_033000.WAV,Telephone Field,recover-20220825,002,1795
1098.8755,1098.9121,68437,81886,Rhinolophus ferrumequinum,0.021,0.021,-1,Echolocation,/mnt/ubna_data_01_mir/recover-20220825/UBNA_002/20220823_033000.WAV,Telephone Field,recover-20220825,002,1795
1098.8975,1098.9378,68437,82348,Rhinolophus ferrumequinum,0.021,0.021,-1,Echolocation,/mnt/ubna_data_01_mir/recover-20220825/UBNA_002/20220823_033000.WAV,Telephone Field,recover-20220825,002,1795
1098.9175,1098.9566,68437,81974,Rhinolophus ferrumequinum,0.023,0.023,-1,Echolocation,/mnt/ubna_data_01_mir/recover-20220825/UBNA_002/20220823_033000.WAV,Telephone Field,recover-20220825,002,1795
1098.9195,1098.9315,23750,30796,Eptesicus serotinus,0.013,0.031,-1,Echolocation,/mnt/ubna_data_01_mir/recover-20220825/UBNA_002/20220823_033000.WAV,Telephone Field,recover-20220825,002,1795
1098.9405,1098.9818,68437,82532,Rhinolophus ferrumequinum,0.021,0.021,-1,Echolocation,/mnt/ubna_data_01_mir/recover-20220825/UBNA_002/20220823_033000.WAV,Telephone Field,recover-20220825,002,1795
1098.9785,1098.9876,43515,48959,Pipistrellus pipistrellus,0.02,0.027,-1,Echolocation,/mnt/ubna_data_01_mir/recover-20220825/UBNA_002/20220823_033000.WAV,Telephone Field,recover-20220825,002,1795
1098.9815,1098.9894,28046,41163,Eptesicus serotinus,0.007,0.02,-1,Echolocation,/mnt/ubna_data_01_mir/recover-20220825/UBNA_002/20220823_033000.WAV,Telephone Field,recover-20220825,002,1795
1099.0075,1099.0166,28906,39574,Eptesicus serotinus,0.008,0.02,-1,Echolocation,/mnt/ubna_data_01_mir/recover-20220825/UBNA_002/20220823_033000.WAV,Telephone Field,recover-20220825,002,1795
1099.0345,1099.0456,23750,29637,Nyctalus leisleri,0.012,0.028,-1,Echolocation,/mnt/ubna_data_01_mir/recover-20220825/UBNA_002/20220823_033000.WAV,Telephone Field,recover-20220825,002,1795
1099.0415,1099.078,68437,82095,Rhinolophus ferrumequinum,0.025,0.025,-1,Echolocation,/mnt/ubna_data_01_mir/recover-20220825/UBNA_002/20220823_033000.WAV,Telephone Field,recover-20220825,002,1795
1099.0945,1099.1047,24609,32882,Eptesicus serotinus,0.008,0.024,-1,Echolocation,/mnt/ubna_data_01_mir/recover-20220825/UBNA_002/20220823_033000.WAV,Telephone Field,recover-20220825,002,1795
1099.1035,1099.112,28046,40048,Eptesicus serotinus,0.009,0.022,-1,Echolocation,/mnt/ubna_data_01_mir/recover-20220825/UBNA_002/20220823_033000.WAV,Telephone Field,recover-20220825,002,1795
1099.1475,1099.1869,68437,82560,Rhinolophus ferrumequinum,0.03,0.03,-1,Echolocation,/mnt/ubna_data_01_mir/recover-20220825/UBNA_002/20220823_033000.WAV,Telephone Field,recover-20220825,002,1795
1099.1665,1099.2011,68437,80399,Rhinolophus ferrumequinum,0.027,0.027,-1,Echolocation,/mnt/ubna_data_01_mir/recover-20220825/UBNA_002/20220823_033000.WAV,Telephone Field,recover-20220825,002,1795
1099.1755,1099.1845,27187,39131,Eptesicus serotinus,0.01,0.023,-1,Echolocation,/mnt/ubna_data_01_mir/recover-20220825/UBNA_002/20220823_033000.WAV,Telephone Field,recover-20220825,002,1795
1099.1905,1099.2293,68437,82118,Rhinolophus ferrumequinum,0.026,0.026,-1,Echolocation,/mnt/ubna_data_01_mir/recover-20220825/UBNA_002/20220823_033000.WAV,Telephone Field,recover-20220825,002,1795
1099.2185,1099.2588,68437,82435,Rhinolophus ferrumequinum,0.021,0.021,-1,Echolocation,/mnt/ubna_data_01_mir/recover-20220825/UBNA_002/20220823_033000.WAV,Telephone Field,recover-20220825,002,1795
1099.2475,1099.2854,68437,81550,Rhinolophus ferrumequinum,0.02,0.021,-1,Echolocation,/mnt/ubna_data_01_mir/recover-20220825/UBNA_002/20220823_033000.WAV,Telephone Field,recover-20220825,002,1795
1099.2585,1099.2965,68437,82170,Rhinolophus ferrumequinum,0.024,0.024,-1,Echolocation,/mnt/ubna_data_01_mir/recover-20220825/UBNA_002/20220823_033000.WAV,Telephone Field,recover-20220825,002,1795
1099.2605,1099.2686,28046,37787,Eptesicus serotinus,0.009,0.022,-1,Echolocation,/mnt/ubna_data_01_mir/recover-20220825/UBNA_002/20220823_033000.WAV,Telephone Field,recover-20220825,002,1795
1099.3315,1099.3707,68437,82425,Rhinolophus ferrumequinum,0.021,0.021,-1,Echolocation,/mnt/ubna_data_01_mir/recover-20220825/UBNA_002/20220823_033000.WAV,Telephone Field,recover-20220825,002,1795
1099.3665,1099.4041,68437,81992,Rhinolophus ferrumequinum,0.02,0.021,-1,Echolocation,/mnt/ubna_data_01_mir/recover-20220825/UBNA_002/20220823_033000.WAV,Telephone Field,recover-20220825,002,1795
1099.4055,1099.4458,68437,82180,Rhinolophus ferrumequinum,0.024,0.024,-1,Echolocation,/mnt/ubna_data_01_mir/recover-20220825/UBNA_002/20220823_033000.WAV,Telephone Field,recover-20220825,002,1795
1099.4075,1099.4268,16015,19494,Nyctalus noctula,0.014,0.022,-1,Echolocation,/mnt/ubna_data_01_mir/recover-20220825/UBNA_002/20220823_033000.WAV,Telephone Field,recover-20220825,002,1795
1099.4495,1099.4875,68437,80815,Rhinolophus ferrumequinum,0.022,0.022,-1,Echolocation,/mnt/ubna_data_01_mir/recover-20220825/UBNA_002/20220823_033000.WAV,Telephone Field,recover-20220825,002,1795
1099.4815,1099.4884,28046,40369,Eptesicus serotinus,0.007,0.023,-1,Echolocation,/mnt/ubna_data_01_mir/recover-20220825/UBNA_002/20220823_033000.WAV,Telephone Field,recover-20220825,002,1795
1099.4955,1099.5347,68437,82437,Rhinolophus ferrumequinum,0.022,0.022,-1,Echolocation,/mnt/ubna_data_01_mir/recover-20220825/UBNA_002/20220823_033000.WAV,Telephone Field,recover-20220825,002,1795
1099.5075,1099.5479,68437,82426,Rhinolophus ferrumequinum,0.022,0.022,-1,Echolocation,/mnt/ubna_data_01_mir/recover-20220825/UBNA_002/20220823_033000.WAV,Telephone Field,recover-20220825,002,1795
1099.5265,1099.5705,68437,82553,Rhinolophus ferrumequinum,0.028,0.028,-1,Echolocation,/mnt/ubna_data_01_mir/recover-20220825/UBNA_002/20220823_033000.WAV,Telephone Field,recover-20220825,002,1795
1099.5405,1099.5493,28046,40235,Eptesicus serotinus,0.008,0.021,-1,Echolocation,/mnt/ubna_data_01_mir/recover-20220825/UBNA_002/20220823_033000.WAV,Telephone Field,recover-20220825,002,1795
1099.5615,1099.6011,68437,81715,Rhinolophus ferrumequinum,0.02,0.02,-1,Echolocation,/mnt/ubna_data_01_mir/recover-20220825/UBNA_002/20220823_033000.WAV,Telephone Field,recover-20220825,002,1795
1099.5635,1099.5736,22890,28591,Nyctalus leisleri,0.009,0.021,-1,Echolocation,/mnt/ubna_data_01_mir/recover-20220825/UBNA_002/20220823_033000.WAV,Telephone Field,recover-20220825,002,1795
1099.6325,1099.6732,68437,82487,Rhinolophus ferrumequinum,0.033,0.033,-1,Echolocation,/mnt/ubna_data_01_mir/recover-20220825/UBNA_002/20220823_033000.WAV,Telephone Field,recover-20220825,002,1795
1099.6475,1099.6922,68437,83482,Rhinolophus ferrumequinum,0.028,0.028,-1,Echolocation,/mnt/ubna_data_01_mir/recover-20220825/UBNA_002/20220823_033000.WAV,Telephone Field,recover-20220825,002,1795
1099.6755,1099.7166,68437,81762,Rhinolophus ferrumequinum,0.02,0.02,-1,Echolocation,/mnt/ubna_data_01_mir/recover-20220825/UBNA_002/20220823_033000.WAV,Telephone Field,recover-20220825,002,1795
1099.7365,1099.7461,28906,36755,Eptesicus serotinus,0.009,0.023,-1,Echolocation,/mnt/ubna_data_01_mir/recover-20220825/UBNA_002/20220823_033000.WAV,Telephone Field,recover-20220825,002,1795
1099.7435,1099.7523,29765,37531,Eptesicus serotinus,0.008,0.024,-1,Echolocation,/mnt/ubna_data_01_mir/recover-20220825/UBNA_002/20220823_033000.WAV,Telephone Field,recover-20220825,002,1795
1099.7445,1099.7847,68437,83048,Rhinolophus ferrumequinum,0.027,0.027,-1,Echolocation,/mnt/ubna_data_01_mir/recover-20220825/UBNA_002/20220823_033000.WAV,Telephone Field,recover-20220825,002,1795
1099.8025,1099.8417,68437,81772,Rhinolophus ferrumequinum,0.02,0.02,-1,Echolocation,/mnt/ubna_data_01_mir/recover-20220825/UBNA_002/20220823_033000.WAV,Telephone Field,recover-20220825,002,1795
1099.8345,1099.8705,68437,81652,Rhinolophus ferrumequinum,0.021,0.021,-1,Echolocation,/mnt/ubna_data_01_mir/recover-20220825/UBNA_002/20220823_033000.WAV,Telephone Field,recover-20220825,002,1795
1099.9205,1099.9586,68437,81880,Rhinolophus ferrumequinum,0.021,0.021,-1,Echolocation,/mnt/ubna_data_01_mir/recover-20220825/UBNA_002/20220823_033000.WAV,Telephone Field,recover-20220825,002,1795
1099.9265,1099.9334,28906,40351,Eptesicus serotinus,0.007,0.024,-1,Echolocation,/mnt/ubna_data_01_mir/recover-20220825/UBNA_002/20220823_033000.WAV,Telephone Field,recover-20220825,002,1795
1099.9685,1099.9813,34921,39991,Pipistrellus nathusii,0.009,0.028,-1,Echolocation,/mnt/ubna_data_01_mir/recover-20220825/UBNA_002/20220823_033000.WAV,Telephone Field,recover-20220825,002,1795
1099.9705,1099.9783,22890,31830,Plecotus austriacus,0.013,0.028,-1,Echolocation,/mnt/ubna_data_01_mir/recover-20220825/UBNA_002/20220823_033000.WAV,Telephone Field,recover-20220825,002,1795
1100.0015,1100.0107,21171,26331,Nyctalus leisleri,0.01,0.023,-1,Echolocation,/mnt/ubna_data_01_mir/recover-20220825/UBNA_002/20220823_033000.WAV,Telephone Field,recover-20220825,002,1795
1100.0015,1100.0361,68437,79901,Rhinolophus ferrumequinum,0.029,0.029,-1,Echolocation,/mnt/ubna_data_01_mir/recover-20220825/UBNA_002/20220823_033000.WAV,Telephone Field,recover-20220825,002,1795
1100.0015,1100.0101,27187,36008,Eptesicus serotinus,0.007,0.021,-1,Echolocation,/mnt/ubna_data_01_mir/recover-20220825/UBNA_002/20220823_033000.WAV,Telephone Field,recover-20220825,002,1795
1100.0145,1100.0576,68437,83354,Rhinolophus ferrumequinum,0.022,0.022,-1,Echolocation,/mnt/ubna_data_01_mir/recover-20220825/UBNA_002/20220823_033000.WAV,Telephone Field,recover-20220825,002,1795
1100.0345,1100.0728,68437,82205,Rhinolophus ferrumequinum,0.021,0.022,-1,Echolocation,/mnt/ubna_data_01_mir/recover-20220825/UBNA_002/20220823_033000.WAV,Telephone Field,recover-20220825,002,1795
1100.0715,1100.1096,68437,82128,Rhinolophus ferrumequinum,0.021,0.021,-1,Echolocation,/mnt/ubna_data_01_mir/recover-20220825/UBNA_002/20220823_033000.WAV,Telephone Field,recover-20220825,002,1795
1100.0875,1100.1257,68437,82270,Rhinolophus ferrumequinum,0.019,0.019,-1,Echolocation,/mnt/ubna_data_01_mir/recover-20220825/UBNA_002/20220823_033000.WAV,Telephone Field,recover-20220825,002,1795
1100.0995,1100.106,28046,40112,Eptesicus serotinus,0.005,0.021,-1,Echolocation,/mnt/ubna_data_01_mir/recover-20220825/UBNA_002/20220823_033000.WAV,Telephone Field,recover-20220825,002,1795
1100.1165,1100.1262,22890,29239,Nyctalus leisleri,0.008,0.021,-1,Echolocation,/mnt/ubna_data_01_mir/recover-20220825/UBNA_002/20220823_033000.WAV,Telephone Field,recover-20220825,002,1795
1100.1275,1100.1669,68437,82451,Rhinolophus ferrumequinum,0.021,0.021,-1,Echolocation,/mnt/ubna_data_01_mir/recover-20220825/UBNA_002/20220823_033000.WAV,Telephone Field,recover-20220825,002,1795
1100.1395,1100.1506,24609,32097,Nyctalus leisleri,0.019,0.054,-1,Echolocation,/mnt/ubna_data_01_mir/recover-20220825/UBNA_002/20220823_033000.WAV,Telephone Field,recover-20220825,002,1795
1100.1485,1100.1898,68437,82735,Rhinolophus ferrumequinum,0.025,0.026,-1,Echolocation,/mnt/ubna_data_01_mir/recover-20220825/UBNA_002/20220823_033000.WAV,Telephone Field,recover-20220825,002,1795
1100.1865,1100.1934,28046,39064,Eptesicus serotinus,0.006,0.022,-1,Echolocation,/mnt/ubna_data_01_mir/recover-20220825/UBNA_002/20220823_033000.WAV,Telephone Field,recover-20220825,002,1795
1100.1995,1100.237,68437,82287,Rhinolophus ferrumequinum,0.019,0.019,-1,Echolocation,/mnt/ubna_data_01_mir/recover-20220825/UBNA_002/20220823_033000.WAV,Telephone Field,recover-20220825,002,1795
1100.2565,1100.2678,22890,27476,Nyctalus leisleri,0.009,0.019,-1,Echolocation,/mnt/ubna_data_01_mir/recover-20220825/UBNA_002/20220823_033000.WAV,Telephone Field,recover-20220825,002,1795
1100.2685,1100.2777,28046,36430,Eptesicus serotinus,0.008,0.021,-1,Echolocation,/mnt/ubna_data_01_mir/recover-20220825/UBNA_002/20220823_033000.WAV,Telephone Field,recover-20220825,002,1795
1100.2965,1100.3337,68437,81992,Rhinolophus ferrumequinum,0.022,0.022,-1,Echolocation,/mnt/ubna_data_01_mir/recover-20220825/UBNA_002/20220823_033000.WAV,Telephone Field,recover-20220825,002,1795
1100.3065,1100.3476,68437,81875,Rhinolophus ferrumequinum,0.024,0.024,-1,Echolocation,/mnt/ubna_data_01_mir/recover-20220825/UBNA_002/20220823_033000.WAV,Telephone Field,recover-20220825,002,1795
1100.3225,1100.3327,23750,30992,Nyctalus leisleri,0.007,0.021,-1,Echolocation,/mnt/ubna_data_01_mir/recover-20220825/UBNA_002/20220823_033000.WAV,Telephone Field,recover-20220825,002,1795
1100.3765,1100.3872,22890,28130,Nyctalus leisleri,0.009,0.019,-1,Echolocation,/mnt/ubna_data_01_mir/recover-20220825/UBNA_002/20220823_033000.WAV,Telephone Field,recover-20220825,002,1795
1100.3765,1100.4167,68437,82109,Rhinolophus ferrumequinum,0.019,0.019,-1,Echolocation,/mnt/ubna_data_01_mir/recover-20220825/UBNA_002/20220823_033000.WAV,Telephone Field,recover-20220825,002,1795
1100.4045,1100.4418,68437,81724,Rhinolophus ferrumequinum,0.02,0.02,-1,Echolocation,/mnt/ubna_data_01_mir/recover-20220825/UBNA_002/20220823_033000.WAV,Telephone Field,recover-20220825,002,1795
1100.4125,1100.4522,68437,82386,Rhinolophus ferrumequinum,0.021,0.021,-1,Echolocation,/mnt/ubna_data_01_mir/recover-20220825/UBNA_002/20220823_033000.WAV,Telephone Field,recover-20220825,002,1795
1100.4675,1100.5079,68437,82292,Rhinolophus ferrumequinum,0.02,0.02,-1,Echolocation,/mnt/ubna_data_01_mir/recover-20220825/UBNA_002/20220823_033000.WAV,Telephone Field,recover-20220825,002,1795
1100.5105,1100.5504,68437,82372,Rhinolophus ferrumequinum,0.019,0.019,-1,Echolocation,/mnt/ubna_data_01_mir/recover-20220825/UBNA_002/20220823_033000.WAV,Telephone Field,recover-20220825,002,1795
1100.5185,1100.5587,68437,82476,Rhinolophus ferrumequinum,0.021,0.021,-1,Echolocation,/mnt/ubna_data_01_mir/recover-20220825/UBNA_002/20220823_033000.WAV,Telephone Field,recover-20220825,002,1795
1100.5265,1100.5358,23750,30907,Nyctalus leisleri,0.006,0.02,-1,Echolocation,/mnt/ubna_data_01_mir/recover-20220825/UBNA_002/20220823_033000.WAV,Telephone Field,recover-20220825,002,1795
1100.5425,1100.5486,28906,39471,Eptesicus serotinus,0.009,0.032,-1,Echolocation,/mnt/ubna_data_01_mir/recover-20220825/UBNA_002/20220823_033000.WAV,Telephone Field,recover-20220825,002,1795
1100.5885,1100.6261,68437,82066,Rhinolophus ferrumequinum,0.021,0.021,-1,Echolocation,/mnt/ubna_data_01_mir/recover-20220825/UBNA_002/20220823_033000.WAV,Telephone Field,recover-20220825,002,1795
1100.6425,1100.6831,68437,82668,Rhinolophus ferrumequinum,0.029,0.029,-1,Echolocation,/mnt/ubna_data_01_mir/recover-20220825/UBNA_002/20220823_033000.WAV,Telephone Field,recover-20220825,002,1795
1100.6445,1100.6528,23750,31408,Plecotus austriacus,0.008,0.021,-1,Echolocation,/mnt/ubna_data_01_mir/recover-20220825/UBNA_002/20220823_033000.WAV,Telephone Field,recover-20220825,002,1795
1100.6585,1100.6758,20312,22896,Nyctalus leisleri,0.014,0.021,-1,Echolocation,/mnt/ubna_data_01_mir/recover-20220825/UBNA_002/20220823_033000.WAV,Telephone Field,recover-20220825,002,1795
1100.6845,1100.7214,68437,81231,Rhinolophus ferrumequinum,0.019,0.019,-1,Echolocation,/mnt/ubna_data_01_mir/recover-20220825/UBNA_002/20220823_033000.WAV,Telephone Field,recover-20220825,002,1795
1100.7035,1100.7103,28906,40112,Eptesicus serotinus,0.006,0.022,-1,Echolocation,/mnt/ubna_data_01_mir/recover-20220825/UBNA_002/20220823_033000.WAV,Telephone Field,recover-20220825,002,1795
1100.7315,1100.7691,68437,81503,Rhinolophus ferrumequinum,0.02,0.021,-1,Echolocation,/mnt/ubna_data_01_mir/recover-20220825/UBNA_002/20220823_033000.WAV,Telephone Field,recover-20220825,002,1795
1100.7395,1100.7499,23750,29717,Nyctalus leisleri,0.008,0.021,-1,Echolocation,/mnt/ubna_data_01_mir/recover-20220825/UBNA_002/20220823_033000.WAV,Telephone Field,recover-20220825,002,1795
1100.7595,1100.7985,68437,82698,Rhinolophus ferrumequinum,0.023,0.023,-1,Echolocation,/mnt/ubna_data_01_mir/recover-20220825/UBNA_002/20220823_033000.WAV,Telephone Field,recover-20220825,002,1795
1100.7765,1100.8161,68437,82524,Rhinolophus ferrumequinum,0.021,0.021,-1,Echolocation,/mnt/ubna_data_01_mir/recover-20220825/UBNA_002/20220823_033000.WAV,Telephone Field,recover-20220825,002,1795
1100.7835,1100.7927,25468,32843,Eptesicus serotinus,0.007,0.02,-1,Echolocation,/mnt/ubna_data_01_mir/recover-20220825/UBNA_002/20220823_033000.WAV,Telephone Field,recover-20220825,002,1795
1100.8405,1100.8491,26328,34081,Eptesicus serotinus,0.008,0.019,-1,Echolocation,/mnt/ubna_data_01_mir/recover-20220825/UBNA_002/20220823_033000.WAV,Telephone Field,recover-20220825,002,1795
1100.8595,1100.896,68437,81579,Rhinolophus ferrumequinum,0.022,0.022,-1,Echolocation,/mnt/ubna_data_01_mir/recover-20220825/UBNA_002/20220823_033000.WAV,Telephone Field,recover-20220825,002,1795
1100.8635,1100.8737,23750,29823,Nyctalus leisleri,0.008,0.022,-1,Echolocation,/mnt/ubna_data_01_mir/recover-20220825/UBNA_002/20220823_033000.WAV,Telephone Field,recover-20220825,002,1795
1100.9155,1100.9275,21171,25977,Nyctalus leisleri,0.012,0.032,-1,Echolocation,/mnt/ubna_data_01_mir/recover-20220825/UBNA_002/20220823_033000.WAV,Telephone Field,recover-20220825,002,1795
1101.0135,1101.0249,42656,46093,Pipistrellus pipistrellus,0.018,0.02,-1,Echolocation,/mnt/ubna_data_01_mir/recover-20220825/UBNA_002/20220823_033000.WAV,Telephone Field,recover-20220825,002,1795
1101.0155,1101.0271,23750,28797,Nyctalus leisleri,0.01,0.021,-1,Echolocation,/mnt/ubna_data_01_mir/recover-20220825/UBNA_002/20220823_033000.WAV,Telephone Field,recover-20220825,002,1795
1101.0615,1101.0753,21171,24437,Nyctalus leisleri,0.013,0.021,-1,Echolocation,/mnt/ubna_data_01_mir/recover-20220825/UBNA_002/20220823_033000.WAV,Telephone Field,recover-20220825,002,1795
1101.0895,1101.1267,68437,81839,Rhinolophus ferrumequinum,0.019,0.02,-1,Echolocation,/mnt/ubna_data_01_mir/recover-20220825/UBNA_002/20220823_033000.WAV,Telephone Field,recover-20220825,002,1795
1101.1095,1101.1461,68437,81442,Rhinolophus ferrumequinum,0.02,0.02,-1,Echolocation,/mnt/ubna_data_01_mir/recover-20220825/UBNA_002/20220823_033000.WAV,Telephone Field,recover-20220825,002,1795
1101.1195,1101.1281,28906,39817,Eptesicus serotinus,0.007,0.019,-1,Echolocation,/mnt/ubna_data_01_mir/recover-20220825/UBNA_002/20220823_033000.WAV,Telephone Field,recover-20220825,002,1795
1101.1315,1101.1401,28906,39558,Eptesicus serotinus,0.007,0.02,-1,Echolocation,/mnt/ubna_data_01_mir/recover-20220825/UBNA_002/20220823_033000.WAV,Telephone Field,recover-20220825,002,1795
1101.2275,1101.2353,26328,38144,Eptesicus serotinus,0.006,0.019,-1,Echolocation,/mnt/ubna_data_01_mir/recover-20220825/UBNA_002/20220823_033000.WAV,Telephone Field,recover-20220825,002,1795
1101.2485,1101.2898,68437,82338,Rhinolophus ferrumequinum,0.022,0.022,-1,Echolocation,/mnt/ubna_data_01_mir/recover-20220825/UBNA_002/20220823_033000.WAV,Telephone Field,recover-20220825,002,1795
1101.2835,1101.2938,22031,26326,Nyctalus leisleri,0.012,0.022,-1,Echolocation,/mnt/ubna_data_01_mir/recover-20220825/UBNA_002/20220823_033000.WAV,Telephone Field,recover-20220825,002,1795
1101.3175,1101.3541,68437,82029,Rhinolophus ferrumequinum,0.019,0.019,-1,Echolocation,/mnt/ubna_data_01_mir/recover-20220825/UBNA_002/20220823_033000.WAV,Telephone Field,recover-20220825,002,1795
1101.3275,1101.3368,28046,40599,Eptesicus serotinus,0.011,0.025,-1,Echolocation,/mnt/ubna_data_01_mir/recover-20220825/UBNA_002/20220823_033000.WAV,Telephone Field,recover-20220825,002,1795
1101.3425,1101.3516,28046,37034,Eptesicus serotinus,0.009,0.025,-1,Echolocation,/mnt/ubna_data_01_mir/recover-20220825/UBNA_002/20220823_033000.WAV,Telephone Field,recover-20220825,002,1795
1101.3715,1101.3771,26328,38710,Plecotus auritus,0.011,0.038,-1,Echolocation,/mnt/ubna_data_01_mir/recover-20220825/UBNA_002/20220823_033000.WAV,Telephone Field,recover-20220825,002,1795
1101.3765,1101.4159,68437,82028,Rhinolophus ferrumequinum,0.019,0.019,-1,Echolocation,/mnt/ubna_data_01_mir/recover-20220825/UBNA_002/20220823_033000.WAV,Telephone Field,recover-20220825,002,1795
1101.4195,1101.456,68437,81837,Rhinolophus ferrumequinum,0.021,0.021,-1,Echolocation,/mnt/ubna_data_01_mir/recover-20220825/UBNA_002/20220823_033000.WAV,Telephone Field,recover-20220825,002,1795
1101.4195,1101.4269,23750,31960,Plecotus austriacus,0.009,0.021,-1,Echolocation,/mnt/ubna_data_01_mir/recover-20220825/UBNA_002/20220823_033000.WAV,Telephone Field,recover-20220825,002,1795
1101.4615,1101.4973,68437,81454,Rhinolophus ferrumequinum,0.019,0.019,-1,Echolocation,/mnt/ubna_data_01_mir/recover-20220825/UBNA_002/20220823_033000.WAV,Telephone Field,recover-20220825,002,1795
1101.4625,1101.4726,22890,27708,Nyctalus leisleri,0.009,0.02,-1,Echolocation,/mnt/ubna_data_01_mir/recover-20220825/UBNA_002/20220823_033000.WAV,Telephone Field,recover-20220825,002,1795
1101.5415,1101.5489,28046,39488,Eptesicus serotinus,0.007,0.02,-1,Echolocation,/mnt/ubna_data_01_mir/recover-20220825/UBNA_002/20220823_033000.WAV,Telephone Field,recover-20220825,002,1795
1101.5555,1101.5626,28046,38568,Eptesicus serotinus,0.006,0.019,-1,Echolocation,/mnt/ubna_data_01_mir/recover-20220825/UBNA_002/20220823_033000.WAV,Telephone Field,recover-20220825,002,1795
1101.6455,1101.6826,68437,81714,Rhinolophus ferrumequinum,0.019,0.019,-1,Echolocation,/mnt/ubna_data_01_mir/recover-20220825/UBNA_002/20220823_033000.WAV,Telephone Field,recover-20220825,002,1795
1101.6685,1101.6777,46953,50349,Pipistrellus pipistrellus,0.025,0.027,-1,Echolocation,/mnt/ubna_data_01_mir/recover-20220825/UBNA_002/20220823_033000.WAV,Telephone Field,recover-20220825,002,1795
1101.6715,1101.7088,68437,81801,Rhinolophus ferrumequinum,0.022,0.022,-1,Echolocation,/mnt/ubna_data_01_mir/recover-20220825/UBNA_002/20220823_033000.WAV,Telephone Field,recover-20220825,002,1795
1101.6735,1101.6804,23750,37132,Plecotus austriacus,0.006,0.021,-1,Echolocation,/mnt/ubna_data_01_mir/recover-20220825/UBNA_002/20220823_033000.WAV,Telephone Field,recover-20220825,002,1795
1101.7075,1101.7444,68437,81791,Rhinolophus ferrumequinum,0.02,0.02,-1,Echolocation,/mnt/ubna_data_01_mir/recover-20220825/UBNA_002/20220823_033000.WAV,Telephone Field,recover-20220825,002,1795
1101.7205,1101.7274,28046,40709,Eptesicus serotinus,0.006,0.021,-1,Echolocation,/mnt/ubna_data_01_mir/recover-20220825/UBNA_002/20220823_033000.WAV,Telephone Field,recover-20220825,002,1795
1101.7315,1101.7742,68437,83167,Rhinolophus ferrumequinum,0.024,0.024,-1,Echolocation,/mnt/ubna_data_01_mir/recover-20220825/UBNA_002/20220823_033000.WAV,Telephone Field,recover-20220825,002,1795
1101.7605,1101.7983,68437,81838,Rhinolophus ferrumequinum,0.019,0.019,-1,Echolocation,/mnt/ubna_data_01_mir/recover-20220825/UBNA_002/20220823_033000.WAV,Telephone Field,recover-20220825,002,1795
1101.7765,1101.8148,68437,81518,Rhinolophus ferrumequinum,0.019,0.019,-1,Echolocation,/mnt/ubna_data_01_mir/recover-20220825/UBNA_002/20220823_033000.WAV,Telephone Field,recover-20220825,002,1795
1101.7995,1101.8074,22890,30461,Plecotus austriacus,0.009,0.02,-1,Echolocation,/mnt/ubna_data_01_mir/recover-20220825/UBNA_002/20220823_033000.WAV,Telephone Field,recover-20220825,002,1795
1101.8485,1101.8593,23750,29102,Nyctalus leisleri,0.009,0.022,-1,Echolocation,/mnt/ubna_data_01_mir/recover-20220825/UBNA_002/20220823_033000.WAV,Telephone Field,recover-20220825,002,1795
1101.8535,1101.89,68437,82036,Rhinolophus ferrumequinum,0.02,0.02,-1,Echolocation,/mnt/ubna_data_01_mir/recover-20220825/UBNA_002/20220823_033000.WAV,Telephone Field,recover-20220825,002,1795
1101.8745,1101.8859,23750,28944,Nyctalus leisleri,0.01,0.022,-1,Echolocation,/mnt/ubna_data_01_mir/recover-20220825/UBNA_002/20220823_033000.WAV,Telephone Field,recover-20220825,002,1795
1101.8825,1101.8932,23750,28705,Nyctalus leisleri,0.01,0.021,-1,Echolocation,/mnt/ubna_data_01_mir/recover-20220825/UBNA_002/20220823_033000.WAV,Telephone Field,recover-20220825,002,1795
1101.8975,1101.9366,68437,82202,Rhinolophus ferrumequinum,0.021,0.021,-1,Echolocation,/mnt/ubna_data_01_mir/recover-20220825/UBNA_002/20220823_033000.WAV,Telephone Field,recover-20220825,002,1795
1101.9475,1101.9588,27187,33466,Eptesicus serotinus,0.011,0.024,-1,Echolocation,/mnt/ubna_data_01_mir/recover-20220825/UBNA_002/20220823_033000.WAV,Telephone Field,recover-20220825,002,1795
1101.9485,1101.9844,68437,81850,Rhinolophus ferrumequinum,0.02,0.02,-1,Echolocation,/mnt/ubna_data_01_mir/recover-20220825/UBNA_002/20220823_033000.WAV,Telephone Field,recover-20220825,002,1795
1102.0015,1102.0073,46093,53510,Pipistrellus pipistrellus,0.016,0.021,-1,Echolocation,/mnt/ubna_data_01_mir/recover-20220825/UBNA_002/20220823_033000.WAV,Telephone Field,recover-20220825,002,1795
1102.0015,1102.0102,27187,37634,Eptesicus serotinus,0.01,0.032,-1,Echolocation,/mnt/ubna_data_01_mir/recover-20220825/UBNA_002/20220823_033000.WAV,Telephone Field,recover-20220825,002,1795
1102.0205,1102.0598,68437,82393,Rhinolophus ferrumequinum,0.021,0.021,-1,Echolocation,/mnt/ubna_data_01_mir/recover-20220825/UBNA_002/20220823_033000.WAV,Telephone Field,recover-20220825,002,1795
1102.0465,1102.0841,68437,82027,Rhinolophus ferrumequinum,0.021,0.021,-1,Echolocation,/mnt/ubna_data_01_mir/recover-20220825/UBNA_002/20220823_033000.WAV,Telephone Field,recover-20220825,002,1795
1102.0675,1102.101,68437,80960,Rhinolophus ferrumequinum,0.025,0.025,-1,Echolocation,/mnt/ubna_data_01_mir/recover-20220825/UBNA_002/20220823_033000.WAV,Telephone Field,recover-20220825,002,1795
1102.0785,1102.1157,68437,82002,Rhinolophus ferrumequinum,0.023,0.023,-1,Echolocation,/mnt/ubna_data_01_mir/recover-20220825/UBNA_002/20220823_033000.WAV,Telephone Field,recover-20220825,002,1795
1102.0945,1102.1048,22031,27373,Nyctalus leisleri,0.01,0.024,-1,Echolocation,/mnt/ubna_data_01_mir/recover-20220825/UBNA_002/20220823_033000.WAV,Telephone Field,recover-20220825,002,1795
1102.1145,1102.1571,68437,83265,Rhinolophus ferrumequinum,0.027,0.027,-1,Echolocation,/mnt/ubna_data_01_mir/recover-20220825/UBNA_002/20220823_033000.WAV,Telephone Field,recover-20220825,002,1795
1102.1465,1102.1573,23750,29925,Nyctalus leisleri,0.009,0.021,-1,Echolocation,/mnt/ubna_data_01_mir/recover-20220825/UBNA_002/20220823_033000.WAV,Telephone Field,recover-20220825,002,1795
1102.1675,1102.2086,68437,82693,Rhinolophus ferrumequinum,0.025,0.025,-1,Echolocation,/mnt/ubna_data_01_mir/recover-20220825/UBNA_002/20220823_033000.WAV,Telephone Field,recover-20220825,002,1795
1102.1755,1102.2168,68437,82668,Rhinolophus ferrumequinum,0.032,0.032,-1,Echolocation,/mnt/ubna_data_01_mir/recover-20220825/UBNA_002/20220823_033000.WAV,Telephone Field,recover-20220825,002,1795
1102.1835,1102.1911,24609,34239,Plecotus austriacus,0.008,0.024,-1,Echolocation,/mnt/ubna_data_01_mir/recover-20220825/UBNA_002/20220823_033000.WAV,Telephone Field,recover-20220825,002,1795
1102.1985,1102.2342,68437,81456,Rhinolophus ferrumequinum,0.021,0.021,-1,Echolocation,/mnt/ubna_data_01_mir/recover-20220825/UBNA_002/20220823_033000.WAV,Telephone Field,recover-20220825,002,1795
1102.2145,1102.2254,22890,28607,Nyctalus leisleri,0.013,0.031,-1,Echolocation,/mnt/ubna_data_01_mir/recover-20220825/UBNA_002/20220823_033000.WAV,Telephone Field,recover-20220825,002,1795
1102.2235,1102.2611,68437,81802,Rhinolophus ferrumequinum,0.023,0.023,-1,Echolocation,/mnt/ubna_data_01_mir/recover-20220825/UBNA_002/20220823_033000.WAV,Telephone Field,recover-20220825,002,1795
1102.2305,1102.2376,28046,38202,Eptesicus serotinus,0.005,0.022,-1,Echolocation,/mnt/ubna_data_01_mir/recover-20220825/UBNA_002/20220823_033000.WAV,Telephone Field,recover-20220825,002,1795
1102.2445,1102.2842,68437,82340,Rhinolophus ferrumequinum,0.022,0.022,-1,Echolocation,/mnt/ubna_data_01_mir/recover-20220825/UBNA_002/20220823_033000.WAV,Telephone Field,recover-20220825,002,1795
1102.3115,1102.3255,25468,31599,Eptesicus serotinus,0.012,0.03,-1,Echolocation,/mnt/ubna_data_01_mir/recover-20220825/UBNA_002/20220823_033000.WAV,Telephone Field,recover-20220825,002,1795
1102.3175,1102.3569,68437,81771,Rhinolophus ferrumequinum,0.038,0.038,-1,Echolocation,/mnt/ubna_data_01_mir/recover-20220825/UBNA_002/20220823_033000.WAV,Telephone Field,recover-20220825,002,1795
1102.3225,1102.3316,27187,39085,Eptesicus serotinus,0.008,0.022,-1,Echolocation,/mnt/ubna_data_01_mir/recover-20220825/UBNA_002/20220823_033000.WAV,Telephone Field,recover-20220825,002,1795
1102.3295,1102.3381,28046,38055,Eptesicus serotinus,0.01,0.023,-1,Echolocation,/mnt/ubna_data_01_mir/recover-20220825/UBNA_002/20220823_033000.WAV,Telephone Field,recover-20220825,002,1795
1102.3455,1102.3821,68437,81569,Rhinolophus ferrumequinum,0.021,0.021,-1,Echolocation,/mnt/ubna_data_01_mir/recover-20220825/UBNA_002/20220823_033000.WAV,Telephone Field,recover-20220825,002,1795
1102.3505,1102.3616,28046,35454,Eptesicus serotinus,0.013,0.026,-1,Echolocation,/mnt/ubna_data_01_mir/recover-20220825/UBNA_002/20220823_033000.WAV,Telephone Field,recover-20220825,002,1795
1102.3565,1102.3976,68437,82667,Rhinolophus ferrumequinum,0.022,0.022,-1,Echolocation,/mnt/ubna_data_01_mir/recover-20220825/UBNA_002/20220823_033000.WAV,Telephone Field,recover-20220825,002,1795
1102.3595,1102.3728,31484,36327,Eptesicus serotinus,0.012,0.033,-1,Echolocation,/mnt/ubna_data_01_mir/recover-20220825/UBNA_002/20220823_033000.WAV,Telephone Field,recover-20220825,002,1795
1102.4495,1102.457,28046,39821,Eptesicus serotinus,0.01,0.026,-1,Echolocation,/mnt/ubna_data_01_mir/recover-20220825/UBNA_002/20220823_033000.WAV,Telephone Field,recover-20220825,002,1795
1102.4725,1102.4894,22031,26209,Nyctalus leisleri,0.045,0.099,-1,Echolocation,/mnt/ubna_data_01_mir/recover-20220825/UBNA_002/20220823_033000.WAV,Telephone Field,recover-20220825,002,1795
1102.5015,1102.5118,22890,29086,Nyctalus leisleri,0.008,0.023,-1,Echolocation,/mnt/ubna_data_01_mir/recover-20220825/UBNA_002/20220823_033000.WAV,Telephone Field,recover-20220825,002,1795
1102.5115,1102.5212,28046,38495,Eptesicus serotinus,0.012,0.03,-1,Echolocation,/mnt/ubna_data_01_mir/recover-20220825/UBNA_002/20220823_033000.WAV,Telephone Field,recover-20220825,002,1795
1102.5325,1102.5702,68437,81044,Rhinolophus ferrumequinum,0.024,0.024,-1,Echolocation,/mnt/ubna_data_01_mir/recover-20220825/UBNA_002/20220823_033000.WAV,Telephone Field,recover-20220825,002,1795
1102.5385,1102.574,68437,81620,Rhinolophus ferrumequinum,0.023,0.023,-1,Echolocation,/mnt/ubna_data_01_mir/recover-20220825/UBNA_002/20220823_033000.WAV,Telephone Field,recover-20220825,002,1795
1102.5665,1102.5748,25468,34002,Eptesicus serotinus,0.008,0.023,-1,Echolocation,/mnt/ubna_data_01_mir/recover-20220825/UBNA_002/20220823_033000.WAV,Telephone Field,recover-20220825,002,1795
1102.5825,1102.62,68437,81852,Rhinolophus ferrumequinum,0.021,0.021,-1,Echolocation,/mnt/ubna_data_01_mir/recover-20220825/UBNA_002/20220823_033000.WAV,Telephone Field,recover-20220825,002,1795
1102.6195,1102.6582,68437,81853,Rhinolophus ferrumequinum,0.023,0.023,-1,Echolocation,/mnt/ubna_data_01_mir/recover-20220825/UBNA_002/20220823_033000.WAV,Telephone Field,recover-20220825,002,1795
1102.6485,1102.6549,27187,40963,Eptesicus serotinus,0.006,0.027,-1,Echolocation,/mnt/ubna_data_01_mir/recover-20220825/UBNA_002/20220823_033000.WAV,Telephone Field,recover-20220825,002,1795
1102.6745,1102.7155,68437,82378,Rhinolophus ferrumequinum,0.021,0.021,-1,Echolocation,/mnt/ubna_data_01_mir/recover-20220825/UBNA_002/20220823_033000.WAV,Telephone Field,recover-20220825,002,1795
1102.6795,1102.6886,24609,31793,Nyctalus leisleri,0.007,0.024,-1,Echolocation,/mnt/ubna_data_01_mir/recover-20220825/UBNA_002/20220823_033000.WAV,Telephone Field,recover-20220825,002,1795
1102.7415,1102.7756,68437,81453,Rhinolophus ferrumequinum,0.021,0.021,-1,Echolocation,/mnt/ubna_data_01_mir/recover-20220825/UBNA_002/20220823_033000.WAV,Telephone Field,recover-20220825,002,1795
1102.7435,1102.7513,28906,38080,Eptesicus serotinus,0.006,0.022,-1,Echolocation,/mnt/ubna_data_01_mir/recover-20220825/UBNA_002/20220823_033000.WAV,Telephone Field,recover-20220825,002,1795
1102.7585,1102.8014,68437,83231,Rhinolophus ferrumequinum,0.025,0.025,-1,Echolocation,/mnt/ubna_data_01_mir/recover-20220825/UBNA_002/20220823_033000.WAV,Telephone Field,recover-20220825,002,1795
1102.8075,1102.8473,68437,82091,Rhinolophus ferrumequinum,0.023,0.023,-1,Echolocation,/mnt/ubna_data_01_mir/recover-20220825/UBNA_002/20220823_033000.WAV,Telephone Field,recover-20220825,002,1795
1102.8465,1102.8832,68437,81768,Rhinolophus ferrumequinum,0.022,0.022,-1,Echolocation,/mnt/ubna_data_01_mir/recover-20220825/UBNA_002/20220823_033000.WAV,Telephone Field,recover-20220825,002,1795
1102.8895,1102.898,26328,34904,Eptesicus serotinus,0.015,0.035,-1,Echolocation,/mnt/ubna_data_01_mir/recover-20220825/UBNA_002/20220823_033000.WAV,Telephone Field,recover-20220825,002,1795
1102.8985,1102.9323,68437,80795,Rhinolophus ferrumequinum,0.022,0.022,-1,Echolocation,/mnt/ubna_data_01_mir/recover-20220825/UBNA_002/20220823_033000.WAV,Telephone Field,recover-20220825,002,1795
1102.9215,1102.9593,68437,81781,Rhinolophus ferrumequinum,0.021,0.021,-1,Echolocation,/mnt/ubna_data_01_mir/recover-20220825/UBNA_002/20220823_033000.WAV,Telephone Field,recover-20220825,002,1795
1102.9225,1102.9335,24609,30914,Nyctalus leisleri,0.01,0.024,-1,Echolocation,/mnt/ubna_data_01_mir/recover-20220825/UBNA_002/20220823_033000.WAV,Telephone Field,recover-20220825,002,1795
1102.9375,1102.976,68437,82023,Rhinolophus ferrumequinum,0.021,0.022,-1,Echolocation,/mnt/ubna_data_01_mir/recover-20220825/UBNA_002/20220823_033000.WAV,Telephone Field,recover-20220825,002,1795
1102.9475,1102.9546,27187,40867,Eptesicus serotinus,0.006,0.023,-1,Echolocation,/mnt/ubna_data_01_mir/recover-20220825/UBNA_002/20220823_033000.WAV,Telephone Field,recover-20220825,002,1795
1102.9585,1102.9918,68437,81248,Rhinolophus ferrumequinum,0.026,0.026,-1,Echolocation,/mnt/ubna_data_01_mir/recover-20220825/UBNA_002/20220823_033000.WAV,Telephone Field,recover-20220825,002,1795
1102.9985,1103.0138,25468,31021,Eptesicus serotinus,0.024,0.053,-1,Echolocation,/mnt/ubna_data_01_mir/recover-20220825/UBNA_002/20220823_033000.WAV,Telephone Field,recover-20220825,002,1795
1103.0075,1103.045,68437,82200,Rhinolophus ferrumequinum,0.021,0.021,-1,Echolocation,/mnt/ubna_data_01_mir/recover-20220825/UBNA_002/20220823_033000.WAV,Telephone Field,recover-20220825,002,1795
1103.0205,1103.0285,23750,31314,Plecotus austriacus,0.007,0.022,-1,Echolocation,/mnt/ubna_data_01_mir/recover-20220825/UBNA_002/20220823_033000.WAV,Telephone Field,recover-20220825,002,1795
1103.0335,1103.0766,68437,82908,Rhinolophus ferrumequinum,0.033,0.033,-1,Echolocation,/mnt/ubna_data_01_mir/recover-20220825/UBNA_002/20220823_033000.WAV,Telephone Field,recover-20220825,002,1795
1103.0915,1103.13,68437,81602,Rhinolophus ferrumequinum,0.023,0.023,-1,Echolocation,/mnt/ubna_data_01_mir/recover-20220825/UBNA_002/20220823_033000.WAV,Telephone Field,recover-20220825,002,1795
1103.1145,1103.1232,27187,36990,Eptesicus serotinus,0.007,0.021,-1,Echolocation,/mnt/ubna_data_01_mir/recover-20220825/UBNA_002/20220823_033000.WAV,Telephone Field,recover-20220825,002,1795
1103.1205,1103.1313,22890,27836,Nyctalus leisleri,0.012,0.023,-1,Echolocation,/mnt/ubna_data_01_mir/recover-20220825/UBNA_002/20220823_033000.WAV,Telephone Field,recover-20220825,002,1795
1103.1315,1103.139,26328,37525,Myotis nattereri,0.005,0.024,-1,Echolocation,/mnt/ubna_data_01_mir/recover-20220825/UBNA_002/20220823_033000.WAV,Telephone Field,recover-20220825,002,1795
1103.1515,1103.1922,68437,81710,Rhinolophus ferrumequinum,0.022,0.022,-1,Echolocation,/mnt/ubna_data_01_mir/recover-20220825/UBNA_002/20220823_033000.WAV,Telephone Field,recover-20220825,002,1795
1103.1635,1103.1728,27187,36555,Eptesicus serotinus,0.008,0.021,-1,Echolocation,/mnt/ubna_data_01_mir/recover-20220825/UBNA_002/20220823_033000.WAV,Telephone Field,recover-20220825,002,1795
1103.2175,1103.258,68437,82373,Rhinolophus ferrumequinum,0.022,0.022,-1,Echolocation,/mnt/ubna_data_01_mir/recover-20220825/UBNA_002/20220823_033000.WAV,Telephone Field,recover-20220825,002,1795
1103.2225,1103.2328,28046,37331,Eptesicus serotinus,0.009,0.024,-1,Echolocation,/mnt/ubna_data_01_mir/recover-20220825/UBNA_002/20220823_033000.WAV,Telephone Field,recover-20220825,002,1795
1103.2265,1103.2644,68437,82054,Rhinolophus ferrumequinum,0.021,0.021,-1,Echolocation,/mnt/ubna_data_01_mir/recover-20220825/UBNA_002/20220823_033000.WAV,Telephone Field,recover-20220825,002,1795
1103.2885,1103.3243,68437,81511,Rhinolophus ferrumequinum,0.021,0.021,-1,Echolocation,/mnt/ubna_data_01_mir/recover-20220825/UBNA_002/20220823_033000.WAV,Telephone Field,recover-20220825,002,1795
1103.2905,1103.3014,24609,31677,Nyctalus leisleri,0.01,0.027,-1,Echolocation,/mnt/ubna_data_01_mir/recover-20220825/UBNA_002/20220823_033000.WAV,Telephone Field,recover-20220825,002,1795
1103.3145,1103.353,68437,81697,Rhinolophus ferrumequinum,0.026,0.026,-1,Echolocation,/mnt/ubna_data_01_mir/recover-20220825/UBNA_002/20220823_033000.WAV,Telephone Field,recover-20220825,002,1795
1103.3415,1103.3822,68437,82059,Rhinolophus ferrumequinum,0.023,0.023,-1,Echolocation,/mnt/ubna_data_01_mir/recover-20220825/UBNA_002/20220823_033000.WAV,Telephone Field,recover-20220825,002,1795
1103.3515,1103.3594,28906,38141,Eptesicus serotinus,0.007,0.022,-1,Echolocation,/mnt/ubna_data_01_mir/recover-20220825/UBNA_002/20220823_033000.WAV,Telephone Field,recover-20220825,002,1795
1103.3665,1103.4067,68437,82503,Rhinolophus ferrumequinum,0.022,0.022,-1,Echolocation,/mnt/ubna_data_01_mir/recover-20220825/UBNA_002/20220823_033000.WAV,Telephone Field,recover-20220825,002,1795
1103.3745,1103.3843,28046,33948,Eptesicus serotinus,0.015,0.035,-1,Echolocation,/mnt/ubna_data_01_mir/recover-20220825/UBNA_002/20220823_033000.WAV,Telephone Field,recover-20220825,002,1795
1103.4005,1103.4365,68437,81931,Rhinolophus ferrumequinum,0.021,0.021,-1,Echolocation,/mnt/ubna_data_01_mir/recover-20220825/UBNA_002/20220823_033000.WAV,Telephone Field,recover-20220825,002,1795
1103.4035,1103.4211,24609,28886,Nyctalus leisleri,0.033,0.08,-1,Echolocation,/mnt/ubna_data_01_mir/recover-20220825/UBNA_002/20220823_033000.WAV,Telephone Field,recover-20220825,002,1795
1103.4255,1103.464,68437,82188,Rhinolophus ferrumequinum,0.025,0.025,-1,Echolocation,/mnt/ubna_data_01_mir/recover-20220825/UBNA_002/20220823_033000.WAV,Telephone Field,recover-20220825,002,1795
1103.4355,1103.4421,26328,36389,Eptesicus serotinus,0.01,0.037,-1,Echolocation,/mnt/ubna_data_01_mir/recover-20220825/UBNA_002/20220823_033000.WAV,Telephone Field,recover-20220825,002,1795
1103.4525,1103.4901,68437,80915,Rhinolophus ferrumequinum,0.021,0.021,-1,Echolocation,/mnt/ubna_data_01_mir/recover-20220825/UBNA_002/20220823_033000.WAV,Telephone Field,recover-20220825,002,1795
1103.4525,1103.4712,20312,23603,Nyctalus leisleri,0.011,0.021,-1,Echolocation,/mnt/ubna_data_01_mir/recover-20220825/UBNA_002/20220823_033000.WAV,Telephone Field,recover-20220825,002,1795
1103.4625,1103.4721,22031,27212,Plecotus austriacus,0.008,0.022,-1,Echolocation,/mnt/ubna_data_01_mir/recover-20220825/UBNA_002/20220823_033000.WAV,Telephone Field,recover-20220825,002,1795
1103.5255,1103.57,68437,83815,Rhinolophus ferrumequinum,0.034,0.034,-1,Echolocation,/mnt/ubna_data_01_mir/recover-20220825/UBNA_002/20220823_033000.WAV,Telephone Field,recover-20220825,002,1795
1103.5495,1103.5885,68437,82278,Rhinolophus ferrumequinum,0.023,0.023,-1,Echolocation,/mnt/ubna_data_01_mir/recover-20220825/UBNA_002/20220823_033000.WAV,Telephone Field,recover-20220825,002,1795
1103.5605,1103.601,68437,82978,Rhinolophus ferrumequinum,0.036,0.036,-1,Echolocation,/mnt/ubna_data_01_mir/recover-20220825/UBNA_002/20220823_033000.WAV,Telephone Field,recover-20220825,002,1795
1103.5795,1103.5855,26328,41476,Myotis nattereri,0.005,0.025,-1,Echolocation,/mnt/ubna_data_01_mir/recover-20220825/UBNA_002/20220823_033000.WAV,Telephone Field,recover-20220825,002,1795
1103.5935,1103.6287,68437,81943,Rhinolophus ferrumequinum,0.023,0.023,-1,Echolocation,/mnt/ubna_data_01_mir/recover-20220825/UBNA_002/20220823_033000.WAV,Telephone Field,recover-20220825,002,1795
1103.6015,1103.6106,25468,33644,Eptesicus serotinus,0.007,0.022,-1,Echolocation,/mnt/ubna_data_01_mir/recover-20220825/UBNA_002/20220823_033000.WAV,Telephone Field,recover-20220825,002,1795
1103.6165,1103.6245,28046,37884,Eptesicus serotinus,0.007,0.022,-1,Echolocation,/mnt/ubna_data_01_mir/recover-20220825/UBNA_002/20220823_033000.WAV,Telephone Field,recover-20220825,002,1795
1103.6185,1103.6538,68437,81170,Rhinolophus ferrumequinum,0.024,0.024,-1,Echolocation,/mnt/ubna_data_01_mir/recover-20220825/UBNA_002/20220823_033000.WAV,Telephone Field,recover-20220825,002,1795
1103.6295,1103.6658,68437,80867,Rhinolophus ferrumequinum,0.022,0.022,-1,Echolocation,/mnt/ubna_data_01_mir/recover-20220825/UBNA_002/20220823_033000.WAV,Telephone Field,recover-20220825,002,1795
1103.6405,1103.6506,46093,48912,Pipistrellus pipistrellus,0.019,0.021,-1,Echolocation,/mnt/ubna_data_01_mir/recover-20220825/UBNA_002/20220823_033000.WAV,Telephone Field,recover-20220825,002,1795
1103.6615,1103.6744,44375,47865,Pipistrellus pipistrellus,0.034,0.039,-1,Echolocation,/mnt/ubna_data_01_mir/recover-20220825/UBNA_002/20220823_033000.WAV,Telephone Field,recover-20220825,002,1795
1103.6625,1103.7021,68437,82211,Rhinolophus ferrumequinum,0.023,0.023,-1,Echolocation,/mnt/ubna_data_01_mir/recover-20220825/UBNA_002/20220823_033000.WAV,Telephone Field,recover-20220825,002,1795
1103.6645,1103.6724,27187,38663,Eptesicus serotinus,0.007,0.022,-1,Echolocation,/mnt/ubna_data_01_mir/recover-20220825/UBNA_002/20220823_033000.WAV,Telephone Field,recover-20220825,002,1795
1103.6705,1103.7137,68437,82673,Rhinolophus ferrumequinum,0.022,0.022,-1,Echolocation,/mnt/ubna_data_01_mir/recover-20220825/UBNA_002/20220823_033000.WAV,Telephone Field,recover-20220825,002,1795
1103.7005,1103.7121,28906,34969,Eptesicus serotinus,0.014,0.028,-1,Echolocation,/mnt/ubna_data_01_mir/recover-20220825/UBNA_002/20220823_033000.WAV,Telephone Field,recover-20220825,002,1795
1103.7375,1103.7795,68437,83289,Rhinolophus ferrumequinum,0.039,0.039,-1,Echolocation,/mnt/ubna_data_01_mir/recover-20220825/UBNA_002/20220823_033000.WAV,Telephone Field,recover-20220825,002,1795
1103.7595,1103.7689,22031,27487,Nyctalus leisleri,0.008,0.022,-1,Echolocation,/mnt/ubna_data_01_mir/recover-20220825/UBNA_002/20220823_033000.WAV,Telephone Field,recover-20220825,002,1795
1103.7705,1103.8088,68437,81353,Rhinolophus ferrumequinum,0.024,0.024,-1,Echolocation,/mnt/ubna_data_01_mir/recover-20220825/UBNA_002/20220823_033000.WAV,Telephone Field,recover-20220825,002,1795
1103.7995,1103.8073,27187,40592,Eptesicus serotinus,0.007,0.021,-1,Echolocation,/mnt/ubna_data_01_mir/recover-20220825/UBNA_002/20220823_033000.WAV,Telephone Field,recover-20220825,002,1795
1103.8235,1103.8621,68437,82494,Rhinolophus ferrumequinum,0.025,0.025,-1,Echolocation,/mnt/ubna_data_01_mir/recover-20220825/UBNA_002/20220823_033000.WAV,Telephone Field,recover-20220825,002,1795
1103.8255,1103.8413,22890,28204,Nyctalus leisleri,0.021,0.05,-1,Echolocation,/mnt/ubna_data_01_mir/recover-20220825/UBNA_002/20220823_033000.WAV,Telephone Field,recover-20220825,002,1795
1103.8325,1103.8728,68437,82893,Rhinolophus ferrumequinum,0.022,0.022,-1,Echolocation,/mnt/ubna_data_01_mir/recover-20220825/UBNA_002/20220823_033000.WAV,Telephone Field,recover-20220825,002,1795
1103.8395,1103.8803,68437,82732,Rhinolophus ferrumequinum,0.022,0.022,-1,Echolocation,/mnt/ubna_data_01_mir/recover-20220825/UBNA_002/20220823_033000.WAV,Telephone Field,recover-20220825,002,1795
1103.8535,1103.8922,68437,82065,Rhinolophus ferrumequinum,0.022,0.022,-1,Echolocation,/mnt/ubna_data_01_mir/recover-20220825/UBNA_002/20220823_033000.WAV,Telephone Field,recover-20220825,002,1795
1103.8785,1103.9197,68437,82404,Rhinolophus ferrumequinum,0.023,0.023,-1,Echolocation,/mnt/ubna_data_01_mir/recover-20220825/UBNA_002/20220823_033000.WAV,Telephone Field,recover-20220825,002,1795
1103.8845,1103.9206,68437,81891,Rhinolophus ferrumequinum,0.023,0.023,-1,Echolocation,/mnt/ubna_data_01_mir/recover-20220825/UBNA_002/20220823_033000.WAV,Telephone Field,recover-20220825,002,1795
1103.9195,1103.9649,68437,83224,Rhinolophus ferrumequinum,0.037,0.037,-1,Echolocation,/mnt/ubna_data_01_mir/recover-20220825/UBNA_002/20220823_033000.WAV,Telephone Field,recover-20220825,002,1795
1103.9255,1103.9331,23750,32239,Plecotus austriacus,0.01,0.025,-1,Echolocation,/mnt/ubna_data_01_mir/recover-20220825/UBNA_002/20220823_033000.WAV,Telephone Field,recover-20220825,002,1795
1103.9865,1103.9946,25468,37193,Eptesicus serotinus,0.008,0.026,-1,Echolocation,/mnt/ubna_data_01_mir/recover-20220825/UBNA_002/20220823_033000.WAV,Telephone Field,recover-20220825,002,1795
1104.0015,1104.0094,23750,32167,Nyctalus leisleri,0.007,0.028,-1,Echolocation,/mnt/ubna_data_01_mir/recover-20220825/UBNA_002/20220823_033000.WAV,Telephone Field,recover-20220825,002,1795
1104.0015,1104.0332,68437,80096,Rhinolophus ferrumequinum,0.035,0.036,-1,Echolocation,/mnt/ubna_data_01_mir/recover-20220825/UBNA_002/20220823_033000.WAV,Telephone Field,recover-20220825,002,1795
1104.0155,1104.0252,22890,29100,Nyctalus leisleri,0.008,0.022,-1,Echolocation,/mnt/ubna_data_01_mir/recover-20220825/UBNA_002/20220823_033000.WAV,Telephone Field,recover-20220825,002,1795
1104.0155,1104.0227,28046,40534,Eptesicus serotinus,0.007,0.022,-1,Echolocation,/mnt/ubna_data_01_mir/recover-20220825/UBNA_002/20220823_033000.WAV,Telephone Field,recover-20220825,002,1795
1104.0895,1104.1245,68437,81225,Rhinolophus ferrumequinum,0.021,0.022,-1,Echolocation,/mnt/ubna_data_01_mir/recover-20220825/UBNA_002/20220823_033000.WAV,Telephone Field,recover-20220825,002,1795
1104.1015,1104.143,68437,82182,Rhinolophus ferrumequinum,0.022,0.022,-1,Echolocation,/mnt/ubna_data_01_mir/recover-20220825/UBNA_002/20220823_033000.WAV,Telephone Field,recover-20220825,002,1795
1104.1035,1104.1102,24609,35809,Plecotus austriacus,0.007,0.022,-1,Echolocation,/mnt/ubna_data_01_mir/recover-20220825/UBNA_002/20220823_033000.WAV,Telephone Field,recover-20220825,002,1795
1104.1045,1104.112,28906,44957,Eptesicus serotinus,0.006,0.022,-1,Echolocation,/mnt/ubna_data_01_mir/recover-20220825/UBNA_002/20220823_033000.WAV,Telephone Field,recover-20220825,002,1795
1104.1085,1104.1519,68437,83144,Rhinolophus ferrumequinum,0.024,0.024,-1,Echolocation,/mnt/ubna_data_01_mir/recover-20220825/UBNA_002/20220823_033000.WAV,Telephone Field,recover-20220825,002,1795
1104.1455,1104.1643,17734,21613,Nyctalus noctula,0.065,0.096,-1,Echolocation,/mnt/ubna_data_01_mir/recover-20220825/UBNA_002/20220823_033000.WAV,Telephone Field,recover-20220825,002,1795
1104.1765,1104.1848,23750,31288,Plecotus austriacus,0.008,0.023,-1,Echolocation,/mnt/ubna_data_01_mir/recover-20220825/UBNA_002/20220823_033000.WAV,Telephone Field,recover-20220825,002,1795
1104.1765,1104.2192,68437,82423,Rhinolophus ferrumequinum,0.022,0.022,-1,Echolocation,/mnt/ubna_data_01_mir/recover-20220825/UBNA_002/20220823_033000.WAV,Telephone Field,recover-20220825,002,1795
1104.2105,1104.2513,68437,82050,Rhinolophus ferrumequinum,0.021,0.021,-1,Echolocation,/mnt/ubna_data_01_mir/recover-20220825/UBNA_002/20220823_033000.WAV,Telephone Field,recover-20220825,002,1795
1104.2115,1104.2224,28046,35957,Eptesicus serotinus,0.015,0.029,-1,Echolocation,/mnt/ubna_data_01_mir/recover-20220825/UBNA_002/20220823_033000.WAV,Telephone Field,recover-20220825,002,1795
1104.2205,1104.2356,22031,26868,Nyctalus leisleri,0.014,0.029,-1,Echolocation,/mnt/ubna_data_01_mir/recover-20220825/UBNA_002/20220823_033000.WAV,Telephone Field,recover-20220825,002,1795
1104.2325,1104.2495,23750,27912,Nyctalus leisleri,0.077,0.142,-1,Echolocation,/mnt/ubna_data_01_mir/recover-20220825/UBNA_002/20220823_033000.WAV,Telephone Field,recover-20220825,002,1795
1104.2765,1104.3154,68437,82027,Rhinolophus ferrumequinum,0.02,0.02,-1,Echolocation,/mnt/ubna_data_01_mir/recover-20220825/UBNA_002/20220823_033000.WAV,Telephone Field,recover-20220825,002,1795
1104.2795,1104.2874,28046,41154,Eptesicus serotinus,0.008,0.023,-1,Echolocation,/mnt/ubna_data_01_mir/recover-20220825/UBNA_002/20220823_033000.WAV,Telephone Field,recover-20220825,002,1795
1104.3315,1104.373,68437,82492,Rhinolophus ferrumequinum,0.025,0.025,-1,Echolocation,/mnt/ubna_data_01_mir/recover-20220825/UBNA_002/20220823_033000.WAV,Telephone Field,recover-20220825,002,1795
1104.3835,1104.397,24609,29797,Eptesicus serotinus,0.061,0.154,-1,Echolocation,/mnt/ubna_data_01_mir/recover-20220825/UBNA_002/20220823_033000.WAV,Telephone Field,recover-20220825,002,1795
1104.4105,1104.4191,44375,51001,Pipistrellus pipistrellus,0.02,0.027,-1,Echolocation,/mnt/ubna_data_01_mir/recover-20220825/UBNA_002/20220823_033000.WAV,Telephone Field,recover-20220825,002,1795
1104.4315,1104.4694,68437,82354,Rhinolophus ferrumequinum,0.022,0.022,-1,Echolocation,/mnt/ubna_data_01_mir/recover-20220825/UBNA_002/20220823_033000.WAV,Telephone Field,recover-20220825,002,1795
1104.4505,1104.4576,28046,36791,Eptesicus serotinus,0.028,0.058,-1,Echolocation,/mnt/ubna_data_01_mir/recover-20220825/UBNA_002/20220823_033000.WAV,Telephone Field,recover-20220825,002,1795
1104.4875,1104.4942,26328,39928,Plecotus auritus,0.008,0.033,-1,Echolocation,/mnt/ubna_data_01_mir/recover-20220825/UBNA_002/20220823_033000.WAV,Telephone Field,recover-20220825,002,1795
1104.4875,1104.5233,68437,81250,Rhinolophus ferrumequinum,0.031,0.031,-1,Echolocation,/mnt/ubna_data_01_mir/recover-20220825/UBNA_002/20220823_033000.WAV,Telephone Field,recover-20220825,002,1795
1104.4945,1104.5314,68437,82513,Rhinolophus ferrumequinum,0.024,0.024,-1,Echolocation,/mnt/ubna_data_01_mir/recover-20220825/UBNA_002/20220823_033000.WAV,Telephone Field,recover-20220825,002,1795
1104.5415,1104.5767,68437,81913,Rhinolophus ferrumequinum,0.021,0.021,-1,Echolocation,/mnt/ubna_data_01_mir/recover-20220825/UBNA_002/20220823_033000.WAV,Telephone Field,recover-20220825,002,1795
1104.5435,1104.5508,28046,39535,Eptesicus serotinus,0.006,0.021,-1,Echolocation,/mnt/ubna_data_01_mir/recover-20220825/UBNA_002/20220823_033000.WAV,Telephone Field,recover-20220825,002,1795
1104.5595,1104.5961,68437,81557,Rhinolophus ferrumequinum,0.021,0.021,-1,Echolocation,/mnt/ubna_data_01_mir/recover-20220825/UBNA_002/20220823_033000.WAV,Telephone Field,recover-20220825,002,1795
1104.5945,1104.6049,22031,27232,Nyctalus leisleri,0.01,0.024,-1,Echolocation,/mnt/ubna_data_01_mir/recover-20220825/UBNA_002/20220823_033000.WAV,Telephone Field,recover-20220825,002,1795
1104.6415,1104.652,25468,33033,Eptesicus serotinus,0.01,0.024,-1,Echolocation,/mnt/ubna_data_01_mir/recover-20220825/UBNA_002/20220823_033000.WAV,Telephone Field,recover-20220825,002,1795
1104.6425,1104.6843,68437,82672,Rhinolophus ferrumequinum,0.025,0.025,-1,Echolocation,/mnt/ubna_data_01_mir/recover-20220825/UBNA_002/20220823_033000.WAV,Telephone Field,recover-20220825,002,1795
1104.6835,1104.7187,68437,81926,Rhinolophus ferrumequinum,0.021,0.021,-1,Echolocation,/mnt/ubna_data_01_mir/recover-20220825/UBNA_002/20220823_033000.WAV,Telephone Field,recover-20220825,002,1795
1104.7115,1104.7198,27187,40260,Eptesicus serotinus,0.007,0.021,-1,Echolocation,/mnt/ubna_data_01_mir/recover-20220825/UBNA_002/20220823_033000.WAV,Telephone Field,recover-20220825,002,1795
1104.7495,1104.7607,44375,48211,Pipistrellus pipistrellus,0.02,0.023,-1,Echolocation,/mnt/ubna_data_01_mir/recover-20220825/UBNA_002/20220823_033000.WAV,Telephone Field,recover-20220825,002,1795
1104.7725,1104.8087,68437,81516,Rhinolophus ferrumequinum,0.022,0.022,-1,Echolocation,/mnt/ubna_data_01_mir/recover-20220825/UBNA_002/20220823_033000.WAV,Telephone Field,recover-20220825,002,1795
1104.7785,1104.7889,25468,31700,Nyctalus leisleri,0.009,0.025,-1,Echolocation,/mnt/ubna_data_01_mir/recover-20220825/UBNA_002/20220823_033000.WAV,Telephone Field,recover-20220825,002,1795
1104.7865,1104.8241,68437,81991,Rhinolophus ferrumequinum,0.021,0.021,-1,Echolocation,/mnt/ubna_data_01_mir/recover-20220825/UBNA_002/20220823_033000.WAV,Telephone Field,recover-20220825,002,1795
1104.8115,1104.8535,68437,82589,Rhinolophus ferrumequinum,0.021,0.021,-1,Echolocation,/mnt/ubna_data_01_mir/recover-20220825/UBNA_002/20220823_033000.WAV,Telephone Field,recover-20220825,002,1795
1104.8175,1104.8586,68437,82900,Rhinolophus ferrumequinum,0.023,0.023,-1,Echolocation,/mnt/ubna_data_01_mir/recover-20220825/UBNA_002/20220823_033000.WAV,Telephone Field,recover-20220825,002,1795
1104.8445,1104.8822,68437,82306,Rhinolophus ferrumequinum,0.021,0.021,-1,Echolocation,/mnt/ubna_data_01_mir/recover-20220825/UBNA_002/20220823_033000.WAV,Telephone Field,recover-20220825,002,1795
1104.8455,1104.8628,21171,24036,Nyctalus leisleri,0.021,0.033,-1,Echolocation,/mnt/ubna_data_01_mir/recover-20220825/UBNA_002/20220823_033000.WAV,Telephone Field,recover-20220825,002,1795
1104.9055,1104.9159,23750,30501,Nyctalus leisleri,0.009,0.025,-1,Echolocation,/mnt/ubna_data_01_mir/recover-20220825/UBNA_002/20220823_033000.WAV,Telephone Field,recover-20220825,002,1795
1104.9245,1104.9589,68437,81837,Rhinolophus ferrumequinum,0.021,0.021,-1,Echolocation,/mnt/ubna_data_01_mir/recover-20220825/UBNA_002/20220823_033000.WAV,Telephone Field,recover-20220825,002,1795
1104.9595,1104.9669,28046,37532,Eptesicus serotinus,0.007,0.022,-1,Echolocation,/mnt/ubna_data_01_mir/recover-20220825/UBNA_002/20220823_033000.WAV,Telephone Field,recover-20220825,002,1795
1104.9605,1104.9979,68437,81993,Rhinolophus ferrumequinum,0.021,0.021,-1,Echolocation,/mnt/ubna_data_01_mir/recover-20220825/UBNA_002/20220823_033000.WAV,Telephone Field,recover-20220825,002,1795
1104.9765,1104.9836,28046,41577,Eptesicus serotinus,0.008,0.028,-1,Echolocation,/mnt/ubna_data_01_mir/recover-20220825/UBNA_002/20220823_033000.WAV,Telephone Field,recover-20220825,002,1795
1104.9985,1105.0365,68437,81879,Rhinolophus ferrumequinum,0.021,0.021,-1,Echolocation,/mnt/ubna_data_01_mir/recover-20220825/UBNA_002/20220823_033000.WAV,Telephone Field,recover-20220825,002,1795
1105.0485,1105.0548,28046,41874,Eptesicus serotinus,0.006,0.025,-1,Echolocation,/mnt/ubna_data_01_mir/recover-20220825/UBNA_002/20220823_033000.WAV,Telephone Field,recover-20220825,002,1795
1105.0705,1105.1085,68437,82083,Rhinolophus ferrumequinum,0.02,0.02,-1,Echolocation,/mnt/ubna_data_01_mir/recover-20220825/UBNA_002/20220823_033000.WAV,Telephone Field,recover-20220825,002,1795
1105.0805,1105.1194,68437,81834,Rhinolophus ferrumequinum,0.02,0.021,-1,Echolocation,/mnt/ubna_data_01_mir/recover-20220825/UBNA_002/20220823_033000.WAV,Telephone Field,recover-20220825,002,1795
1105.0995,1105.1433,68437,83227,Rhinolophus ferrumequinum,0.026,0.026,-1,Echolocation,/mnt/ubna_data_01_mir/recover-20220825/UBNA_002/20220823_033000.WAV,Telephone Field,recover-20220825,002,1795
1105.1405,1105.1803,68437,82518,Rhinolophus ferrumequinum,0.025,0.025,-1,Echolocation,/mnt/ubna_data_01_mir/recover-20220825/UBNA_002/20220823_033000.WAV,Telephone Field,recover-20220825,002,1795
1105.1435,1105.1516,25468,36172,Eptesicus serotinus,0.007,0.021,-1,Echolocation,/mnt/ubna_data_01_mir/recover-20220825/UBNA_002/20220823_033000.WAV,Telephone Field,recover-20220825,002,1795
1105.1635,1105.1994,68437,80354,Rhinolophus ferrumequinum,0.024,0.024,-1,Echolocation,/mnt/ubna_data_01_mir/recover-20220825/UBNA_002/20220823_033000.WAV,Telephone Field,recover-20220825,002,1795
1105.2625,1105.2728,22890,28561,Nyctalus leisleri,0.009,0.022,-1,Echolocation,/mnt/ubna_data_01_mir/recover-20220825/UBNA_002/20220823_033000.WAV,Telephone Field,recover-20220825,002,1795
1105.2765,1105.3152,68437,82455,Rhinolophus ferrumequinum,0.021,0.021,-1,Echolocation,/mnt/ubna_data_01_mir/recover-20220825/UBNA_002/20220823_033000.WAV,Telephone Field,recover-20220825,002,1795
1105.2845,1105.3244,68437,82567,Rhinolophus ferrumequinum,0.021,0.021,-1,Echolocation,/mnt/ubna_data_01_mir/recover-20220825/UBNA_002/20220823_033000.WAV,Telephone Field,recover-20220825,002,1795
1105.2915,1105.3066,25468,30245,Nyctalus leisleri,0.027,0.063,-1,Echolocation,/mnt/ubna_data_01_mir/recover-20220825/UBNA_002/20220823_033000.WAV,Telephone Field,recover-20220825,002,1795
1105.3255,1105.3334,28046,40230,Eptesicus serotinus,0.007,0.021,-1,Echolocation,/mnt/ubna_data_01_mir/recover-20220825/UBNA_002/20220823_033000.WAV,Telephone Field,recover-20220825,002,1795
1105.3455,1105.3832,68437,81960,Rhinolophus ferrumequinum,0.022,0.022,-1,Echolocation,/mnt/ubna_data_01_mir/recover-20220825/UBNA_002/20220823_033000.WAV,Telephone Field,recover-20220825,002,1795
1105.3595,1105.3675,26328,38867,Eptesicus serotinus,0.007,0.021,-1,Echolocation,/mnt/ubna_data_01_mir/recover-20220825/UBNA_002/20220823_033000.WAV,Telephone Field,recover-20220825,002,1795
1105.3605,1105.3707,22031,27258,Nyctalus leisleri,0.008,0.021,-1,Echolocation,/mnt/ubna_data_01_mir/recover-20220825/UBNA_002/20220823_033000.WAV,Telephone Field,recover-20220825,002,1795
1105.3605,1105.4005,68437,82269,Rhinolophus ferrumequinum,0.021,0.021,-1,Echolocation,/mnt/ubna_data_01_mir/recover-20220825/UBNA_002/20220823_033000.WAV,Telephone Field,recover-20220825,002,1795
1105.3685,1105.4085,68437,82619,Rhinolophus ferrumequinum,0.025,0.025,-1,Echolocation,/mnt/ubna_data_01_mir/recover-20220825/UBNA_002/20220823_033000.WAV,Telephone Field,recover-20220825,002,1795
1105.4135,1105.4224,27187,39059,Eptesicus serotinus,0.009,0.023,-1,Echolocation,/mnt/ubna_data_01_mir/recover-20220825/UBNA_002/20220823_033000.WAV,Telephone Field,recover-20220825,002,1795
1105.4345,1105.4724,68437,81800,Rhinolophus ferrumequinum,0.022,0.022,-1,Echolocation,/mnt/ubna_data_01_mir/recover-20220825/UBNA_002/20220823_033000.WAV,Telephone Field,recover-20220825,002,1795
1105.4355,1105.4436,27187,37485,Eptesicus serotinus,0.007,0.022,-1,Echolocation,/mnt/ubna_data_01_mir/recover-20220825/UBNA_002/20220823_033000.WAV,Telephone Field,recover-20220825,002,1795
1105.5585,1105.5671,48671,52845,Pipistrellus pipistrellus,0.018,0.021,-1,Echolocation,/mnt/ubna_data_01_mir/recover-20220825/UBNA_002/20220823_033000.WAV,Telephone Field,recover-20220825,002,1795
1105.5725,1105.6109,68437,82031,Rhinolophus ferrumequinum,0.021,0.021,-1,Echolocation,/mnt/ubna_data_01_mir/recover-20220825/UBNA_002/20220823_033000.WAV,Telephone Field,recover-20220825,002,1795
1105.6285,1105.6698,68437,82882,Rhinolophus ferrumequinum,0.026,0.026,-1,Echolocation,/mnt/ubna_data_01_mir/recover-20220825/UBNA_002/20220823_033000.WAV,Telephone Field,recover-20220825,002,1795
1105.6395,1105.6477,25468,34495,Eptesicus serotinus,0.008,0.023,-1,Echolocation,/mnt/ubna_data_01_mir/recover-20220825/UBNA_002/20220823_033000.WAV,Telephone Field,recover-20220825,002,1795
1105.6575,1105.6655,24609,33927,Plecotus austriacus,0.006,0.021,-1,Echolocation,/mnt/ubna_data_01_mir/recover-20220825/UBNA_002/20220823_033000.WAV,Telephone Field,recover-20220825,002,1795
1105.6835,1105.7044,19453,22366,Nyctalus leisleri,0.017,0.036,-1,Echolocation,/mnt/ubna_data_01_mir/recover-20220825/UBNA_002/20220823_033000.WAV,Telephone Field,recover-20220825,002,1795
1105.6965,1105.7075,23750,29332,Nyctalus leisleri,0.008,0.021,-1,Echolocation,/mnt/ubna_data_01_mir/recover-20220825/UBNA_002/20220823_033000.WAV,Telephone Field,recover-20220825,002,1795
1105.7275,1105.767,68437,82567,Rhinolophus ferrumequinum,0.025,0.025,-1,Echolocation,/mnt/ubna_data_01_mir/recover-20220825/UBNA_002/20220823_033000.WAV,Telephone Field,recover-20220825,002,1795
1105.7625,1105.8088,68437,83466,Rhinolophus ferrumequinum,0.046,0.046,-1,Echolocation,/mnt/ubna_data_01_mir/recover-20220825/UBNA_002/20220823_033000.WAV,Telephone Field,recover-20220825,002,1795
1105.8085,1105.817,23750,32606,Plecotus austriacus,0.012,0.03,-1,Echolocation,/mnt/ubna_data_01_mir/recover-20220825/UBNA_002/20220823_033000.WAV,Telephone Field,recover-20220825,002,1795
1105.8085,1105.846,68437,82301,Rhinolophus ferrumequinum,0.022,0.022,-1,Echolocation,/mnt/ubna_data_01_mir/recover-20220825/UBNA_002/20220823_033000.WAV,Telephone Field,recover-20220825,002,1795
1105.8145,1105.8535,68437,82477,Rhinolophus ferrumequinum,0.022,0.022,-1,Echolocation,/mnt/ubna_data_01_mir/recover-20220825/UBNA_002/20220823_033000.WAV,Telephone Field,recover-20220825,002,1795
1105.8295,1105.8401,35781,41429,Pipistrellus nathusii,0.018,0.032,-1,Echolocation,/mnt/ubna_data_01_mir/recover-20220825/UBNA_002/20220823_033000.WAV,Telephone Field,recover-20220825,002,1795
1105.8325,1105.8404,51250,55695,Pipistrellus pipistrellus,0.015,0.02,-1,Echolocation,/mnt/ubna_data_01_mir/recover-20220825/UBNA_002/20220823_033000.WAV,Telephone Field,recover-20220825,002,1795
1105.8545,1105.891,68437,82256,Rhinolophus ferrumequinum,0.02,0.02,-1,Echolocation,/mnt/ubna_data_01_mir/recover-20220825/UBNA_002/20220823_033000.WAV,Telephone Field,recover-20220825,002,1795
1105.8565,1105.8649,27187,36866,Eptesicus serotinus,0.017,0.04,-1,Echolocation,/mnt/ubna_data_01_mir/recover-20220825/UBNA_002/20220823_033000.WAV,Telephone Field,recover-20220825,002,1795
1105.9045,1105.9121,28046,38632,Eptesicus serotinus,0.006,0.021,-1,Echolocation,/mnt/ubna_data_01_mir/recover-20220825/UBNA_002/20220823_033000.WAV,Telephone Field,recover-20220825,002,1795
1105.9135,1105.9501,68437,82232,Rhinolophus ferrumequinum,0.022,0.022,-1,Echolocation,/mnt/ubna_data_01_mir/recover-20220825/UBNA_002/20220823_033000.WAV,Telephone Field,recover-20220825,002,1795
1105.9705,1105.982,22890,27655,Nyctalus leisleri,0.012,0.024,-1,Echolocation,/mnt/ubna_data_01_mir/recover-20220825/UBNA_002/20220823_033000.WAV,Telephone Field,recover-20220825,002,1795
1106.0015,1106.0167,20312,24946,Nyctalus leisleri,0.013,0.03,-1,Echolocation,/mnt/ubna_data_01_mir/recover-20220825/UBNA_002/20220823_033000.WAV,Telephone Field,recover-20220825,002,1795
1106.0015,1106.0096,26328,36313,Nyctalus leisleri,0.007,0.028,-1,Echolocation,/mnt/ubna_data_01_mir/recover-20220825/UBNA_002/20220823_033000.WAV,Telephone Field,recover-20220825,002,1795
1106.0015,1106.0349,69296,81513,Rhinolophus ferrumequinum,0.035,0.035,-1,Echolocation,/mnt/ubna_data_01_mir/recover-20220825/UBNA_002/20220823_033000.WAV,Telephone Field,recover-20220825,002,1795
1106.0145,1106.0583,68437,83023,Rhinolophus ferrumequinum,0.029,0.029,-1,Echolocation,/mnt/ubna_data_01_mir/recover-20220825/UBNA_002/20220823_033000.WAV,Telephone Field,recover-20220825,002,1795
1106.0495,1106.059,28046,37316,Eptesicus serotinus,0.008,0.022,-1,Echolocation,/mnt/ubna_data_01_mir/recover-20220825/UBNA_002/20220823_033000.WAV,Telephone Field,recover-20220825,002,1795
1106.0715,1106.107,68437,81660,Rhinolophus ferrumequinum,0.021,0.021,-1,Echolocation,/mnt/ubna_data_01_mir/recover-20220825/UBNA_002/20220823_033000.WAV,Telephone Field,recover-20220825,002,1795
1106.0895,1106.0998,23750,28741,Nyctalus leisleri,0.01,0.022,-1,Echolocation,/mnt/ubna_data_01_mir/recover-20220825/UBNA_002/20220823_033000.WAV,Telephone Field,recover-20220825,002,1795
1106.0975,1106.1178,17734,21726,Nyctalus noctula,0.016,0.024,-1,Echolocation,/mnt/ubna_data_01_mir/recover-20220825/UBNA_002/20220823_033000.WAV,Telephone Field,recover-20220825,002,1795
1106.1315,1106.1669,68437,81332,Rhinolophus ferrumequinum,0.025,0.025,-1,Echolocation,/mnt/ubna_data_01_mir/recover-20220825/UBNA_002/20220823_033000.WAV,Telephone Field,recover-20220825,002,1795
1106.2085,1106.2508,68437,82304,Rhinolophus ferrumequinum,0.021,0.021,-1,Echolocation,/mnt/ubna_data_01_mir/recover-20220825/UBNA_002/20220823_033000.WAV,Telephone Field,recover-20220825,002,1795
1106.2315,1106.2422,28046,36558,Eptesicus serotinus,0.011,0.024,-1,Echolocation,/mnt/ubna_data_01_mir/recover-20220825/UBNA_002/20220823_033000.WAV,Telephone Field,recover-20220825,002,1795
1106.2395,1106.2482,22890,29807,Plecotus austriacus,0.008,0.021,-1,Echolocation,/mnt/ubna_data_01_mir/recover-20220825/UBNA_002/20220823_033000.WAV,Telephone Field,recover-20220825,002,1795
1106.2635,1106.2748,23750,30470,Nyctalus leisleri,0.011,0.03,-1,Echolocation,/mnt/ubna_data_01_mir/recover-20220825/UBNA_002/20220823_033000.WAV,Telephone Field,recover-20220825,002,1795
1106.2685,1106.3091,68437,82822,Rhinolophus ferrumequinum,0.024,0.024,-1,Echolocation,/mnt/ubna_data_01_mir/recover-20220825/UBNA_002/20220823_033000.WAV,Telephone Field,recover-20220825,002,1795
1106.2785,1106.3198,68437,82616,Rhinolophus ferrumequinum,0.027,0.027,-1,Echolocation,/mnt/ubna_data_01_mir/recover-20220825/UBNA_002/20220823_033000.WAV,Telephone Field,recover-20220825,002,1795
1106.2935,1106.3024,47812,52639,Pipistrellus pipistrellus,0.03,0.033,-1,Echolocation,/mnt/ubna_data_01_mir/recover-20220825/UBNA_002/20220823_033000.WAV,Telephone Field,recover-20220825,002,1795
1106.3335,1106.344,22890,28348,Nyctalus leisleri,0.01,0.023,-1,Echolocation,/mnt/ubna_data_01_mir/recover-20220825/UBNA_002/20220823_033000.WAV,Telephone Field,recover-20220825,002,1795
1106.3475,1106.3579,22031,27189,Nyctalus leisleri,0.011,0.024,-1,Echolocation,/mnt/ubna_data_01_mir/recover-20220825/UBNA_002/20220823_033000.WAV,Telephone Field,recover-20220825,002,1795
1106.3485,1106.3552,27187,38393,Eptesicus serotinus,0.005,0.023,-1,Echolocation,/mnt/ubna_data_01_mir/recover-20220825/UBNA_002/20220823_033000.WAV,Telephone Field,recover-20220825,002,1795
1106.3555,1106.3642,28906,39441,Eptesicus serotinus,0.007,0.021,-1,Echolocation,/mnt/ubna_data_01_mir/recover-20220825/UBNA_002/20220823_033000.WAV,Telephone Field,recover-20220825,002,1795
1106.3735,1106.3841,28906,37877,Eptesicus serotinus,0.011,0.024,-1,Echolocation,/mnt/ubna_data_01_mir/recover-20220825/UBNA_002/20220823_033000.WAV,Telephone Field,recover-20220825,002,1795
1106.4325,1106.4695,68437,81722,Rhinolophus ferrumequinum,0.021,0.021,-1,Echolocation,/mnt/ubna_data_01_mir/recover-20220825/UBNA_002/20220823_033000.WAV,Telephone Field,recover-20220825,002,1795
1106.4515,1106.4874,68437,82088,Rhinolophus ferrumequinum,0.023,0.023,-1,Echolocation,/mnt/ubna_data_01_mir/recover-20220825/UBNA_002/20220823_033000.WAV,Telephone Field,recover-20220825,002,1795
1106.4845,1106.5217,68437,81864,Rhinolophus ferrumequinum,0.022,0.022,-1,Echolocation,/mnt/ubna_data_01_mir/recover-20220825/UBNA_002/20220823_033000.WAV,Telephone Field,recover-20220825,002,1795
1106.4865,1106.4945,27187,38047,Eptesicus serotinus,0.007,0.02,-1,Echolocation,/mnt/ubna_data_01_mir/recover-20220825/UBNA_002/20220823_033000.WAV,Telephone Field,recover-20220825,002,1795
1106.4975,1106.5367,68437,82418,Rhinolophus ferrumequinum,0.025,0.025,-1,Echolocation,/mnt/ubna_data_01_mir/recover-20220825/UBNA_002/20220823_033000.WAV,Telephone Field,recover-20220825,002,1795
1106.5045,1106.5144,28906,36470,Eptesicus serotinus,0.007,0.021,-1,Echolocation,/mnt/ubna_data_01_mir/recover-20220825/UBNA_002/20220823_033000.WAV,Telephone Field,recover-20220825,002,1795
1106.5255,1106.5651,68437,82019,Rhinolophus ferrumequinum,0.023,0.023,-1,Echolocation,/mnt/ubna_data_01_mir/recover-20220825/UBNA_002/20220823_033000.WAV,Telephone Field,recover-20220825,002,1795
1106.5435,1106.5525,25468,33872,Eptesicus serotinus,0.008,0.022,-1,Echolocation,/mnt/ubna_data_01_mir/recover-20220825/UBNA_002/20220823_033000.WAV,Telephone Field,recover-20220825,002,1795
1106.5715,1106.5801,27187,38002,Eptesicus serotinus,0.008,0.022,-1,Echolocation,/mnt/ubna_data_01_mir/recover-20220825/UBNA_002/20220823_033000.WAV,Telephone Field,recover-20220825,002,1795
1106.5975,1106.6068,22890,29068,Nyctalus leisleri,0.007,0.021,-1,Echolocation,/mnt/ubna_data_01_mir/recover-20220825/UBNA_002/20220823_033000.WAV,Telephone Field,recover-20220825,002,1795
1106.6045,1106.6437,68437,82018,Rhinolophus ferrumequinum,0.022,0.022,-1,Echolocation,/mnt/ubna_data_01_mir/recover-20220825/UBNA_002/20220823_033000.WAV,Telephone Field,recover-20220825,002,1795
1106.6135,1106.621,45234,54870,Pipistrellus pipistrellus,0.016,0.027,-1,Echolocation,/mnt/ubna_data_01_mir/recover-20220825/UBNA_002/20220823_033000.WAV,Telephone Field,recover-20220825,002,1795
1106.6535,1106.6906,68437,81912,Rhinolophus ferrumequinum,0.023,0.023,-1,Echolocation,/mnt/ubna_data_01_mir/recover-20220825/UBNA_002/20220823_033000.WAV,Telephone Field,recover-20220825,002,1795
1106.6595,1106.6711,22031,26665,Nyctalus leisleri,0.012,0.025,-1,Echolocation,/mnt/ubna_data_01_mir/recover-20220825/UBNA_002/20220823_033000.WAV,Telephone Field,recover-20220825,002,1795
1106.6955,1106.7029,27187,37737,Eptesicus serotinus,0.007,0.024,-1,Echolocation,/mnt/ubna_data_01_mir/recover-20220825/UBNA_002/20220823_033000.WAV,Telephone Field,recover-20220825,002,1795
1106.7185,1106.7401,18593,21442,Nyctalus noctula,0.014,0.03,-1,Echolocation,/mnt/ubna_data_01_mir/recover-20220825/UBNA_002/20220823_033000.WAV,Telephone Field,recover-20220825,002,1795
1106.7265,1106.7428,45234,48931,Pipistrellus pipistrellus,0.046,0.053,-1,Echolocation,/mnt/ubna_data_01_mir/recover-20220825/UBNA_002/20220823_033000.WAV,Telephone Field,recover-20220825,002,1795
1106.7285,1106.77,68437,82582,Rhinolophus ferrumequinum,0.034,0.034,-1,Echolocation,/mnt/ubna_data_01_mir/recover-20220825/UBNA_002/20220823_033000.WAV,Telephone Field,recover-20220825,002,1795
1106.7775,1106.7904,23750,28970,Nyctalus leisleri,0.013,0.028,-1,Echolocation,/mnt/ubna_data_01_mir/recover-20220825/UBNA_002/20220823_033000.WAV,Telephone Field,recover-20220825,002,1795
1106.7945,1106.8329,68437,81708,Rhinolophus ferrumequinum,0.025,0.025,-1,Echolocation,/mnt/ubna_data_01_mir/recover-20220825/UBNA_002/20220823_033000.WAV,Telephone Field,recover-20220825,002,1795
1106.8435,1106.8816,68437,81994,Rhinolophus ferrumequinum,0.02,0.02,-1,Echolocation,/mnt/ubna_data_01_mir/recover-20220825/UBNA_002/20220823_033000.WAV,Telephone Field,recover-20220825,002,1795
1106.8495,1106.8569,47812,52091,Pipistrellus pipistrellus,0.022,0.024,-1,Echolocation,/mnt/ubna_data_01_mir/recover-20220825/UBNA_002/20220823_033000.WAV,Telephone Field,recover-20220825,002,1795
1106.8565,1106.8945,68437,82128,Rhinolophus ferrumequinum,0.021,0.021,-1,Echolocation,/mnt/ubna_data_01_mir/recover-20220825/UBNA_002/20220823_033000.WAV,Telephone Field,recover-20220825,002,1795
1106.8695,1106.8791,24609,31727,Eptesicus serotinus,0.009,0.023,-1,Echolocation,/mnt/ubna_data_01_mir/recover-20220825/UBNA_002/20220823_033000.WAV,Telephone Field,recover-20220825,002,1795
1106.8785,1106.9174,68437,82084,Rhinolophus ferrumequinum,0.021,0.021,-1,Echolocation,/mnt/ubna_data_01_mir/recover-20220825/UBNA_002/20220823_033000.WAV,Telephone Field,recover-20220825,002,1795
1106.8855,1106.8953,28906,36248,Eptesicus serotinus,0.009,0.024,-1,Echolocation,/mnt/ubna_data_01_mir/recover-20220825/UBNA_002/20220823_033000.WAV,Telephone Field,recover-20220825,002,1795
1106.9155,1106.9254,25468,32681,Nyctalus leisleri,0.008,0.025,-1,Echolocation,/mnt/ubna_data_01_mir/recover-20220825/UBNA_002/20220823_033000.WAV,Telephone Field,recover-20220825,002,1795
1106.9445,1106.9857,68437,82575,Rhinolophus ferrumequinum,0.026,0.026,-1,Echolocation,/mnt/ubna_data_01_mir/recover-20220825/UBNA_002/20220823_033000.WAV,Telephone Field,recover-20220825,002,1795
1107.0335,1107.0739,68437,82508,Rhinolophus ferrumequinum,0.022,0.022,-1,Echolocation,/mnt/ubna_data_01_mir/recover-20220825/UBNA_002/20220823_033000.WAV,Telephone Field,recover-20220825,002,1795
1107.1045,1107.1444,68437,82057,Rhinolophus ferrumequinum,0.021,0.021,-1,Echolocation,/mnt/ubna_data_01_mir/recover-20220825/UBNA_002/20220823_033000.WAV,Telephone Field,recover-20220825,002,1795
1107.1055,1107.1171,44375,51267,Pipistrellus pipistrellus,0.015,0.022,-1,Echolocation,/mnt/ubna_data_01_mir/recover-20220825/UBNA_002/20220823_033000.WAV,Telephone Field,recover-20220825,002,1795
1107.1485,1107.1592,44375,51690,Pipistrellus pipistrellus,0.012,0.021,-1,Echolocation,/mnt/ubna_data_01_mir/recover-20220825/UBNA_002/20220823_033000.WAV,Telephone Field,recover-20220825,002,1795
1107.1505,1107.1589,28046,41229,Eptesicus serotinus,0.008,0.023,-1,Echolocation,/mnt/ubna_data_01_mir/recover-20220825/UBNA_002/20220823_033000.WAV,Telephone Field,recover-20220825,002,1795
1107.1705,1107.2048,68437,81270,Rhinolophus ferrumequinum,0.02,0.021,-1,Echolocation,/mnt/ubna_data_01_mir/recover-20220825/UBNA_002/20220823_033000.WAV,Telephone Field,recover-20220825,002,1795
1107.2055,1107.2129,26328,37833,Eptesicus serotinus,0.006,0.021,-1,Echolocation,/mnt/ubna_data_01_mir/recover-20220825/UBNA_002/20220823_033000.WAV,Telephone Field,recover-20220825,002,1795
1107.2085,1107.2197,36640,41378,Pipistrellus nathusii,0.013,0.022,-1,Echolocation,/mnt/ubna_data_01_mir/recover-20220825/UBNA_002/20220823_033000.WAV,Telephone Field,recover-20220825,002,1795
1107.2305,1107.2362,38359,51555,Myotis daubentonii,0.009,0.021,-1,Echolocation,/mnt/ubna_data_01_mir/recover-20220825/UBNA_002/20220823_033000.WAV,Telephone Field,recover-20220825,002,1795
1107.2315,1107.2713,68437,81995,Rhinolophus ferrumequinum,0.021,0.021,-1,Echolocation,/mnt/ubna_data_01_mir/recover-20220825/UBNA_002/20220823_033000.WAV,Telephone Field,recover-20220825,002,1795
1107.2455,1107.2524,24609,36883,Myotis nattereri,0.006,0.021,-1,Echolocation,/mnt/ubna_data_01_mir/recover-20220825/UBNA_002/20220823_033000.WAV,Telephone Field,recover-20220825,002,1795
1107.2455,1107.2516,33203,53857,Myotis daubentonii,0.008,0.02,-1,Echolocation,/mnt/ubna_data_01_mir/recover-20220825/UBNA_002/20220823_033000.WAV,Telephone Field,recover-20220825,002,1795
1107.2915,1107.3313,68437,81888,Rhinolophus ferrumequinum,0.022,0.022,-1,Echolocation,/mnt/ubna_data_01_mir/recover-20220825/UBNA_002/20220823_033000.WAV,Telephone Field,recover-20220825,002,1795
1107.2955,1107.3057,29765,37454,Eptesicus serotinus,0.01,0.028,-1,Echolocation,/mnt/ubna_data_01_mir/recover-20220825/UBNA_002/20220823_033000.WAV,Telephone Field,recover-20220825,002,1795
1107.3655,1107.405,68437,82832,Rhinolophus ferrumequinum,0.024,0.024,-1,Echolocation,/mnt/ubna_data_01_mir/recover-20220825/UBNA_002/20220823_033000.WAV,Telephone Field,recover-20220825,002,1795
1107.3835,1107.4219,68437,81600,Rhinolophus ferrumequinum,0.022,0.022,-1,Echolocation,/mnt/ubna_data_01_mir/recover-20220825/UBNA_002/20220823_033000.WAV,Telephone Field,recover-20220825,002,1795
1107.3955,1107.4355,68437,82461,Rhinolophus ferrumequinum,0.023,0.023,-1,Echolocation,/mnt/ubna_data_01_mir/recover-20220825/UBNA_002/20220823_033000.WAV,Telephone Field,recover-20220825,002,1795
1107.4205,1107.4569,68437,81970,Rhinolophus ferrumequinum,0.022,0.022,-1,Echolocation,/mnt/ubna_data_01_mir/recover-20220825/UBNA_002/20220823_033000.WAV,Telephone Field,recover-20220825,002,1795
1107.4875,1107.4947,26328,37100,Eptesicus serotinus,0.005,0.02,-1,Echolocation,/mnt/ubna_data_01_mir/recover-20220825/UBNA_002/20220823_033000.WAV,Telephone Field,recover-20220825,002,1795
1107.5085,1107.5167,28046,39034,Eptesicus serotinus,0.009,0.025,-1,Echolocation,/mnt/ubna_data_01_mir/recover-20220825/UBNA_002/20220823_033000.WAV,Telephone Field,recover-20220825,002,1795
1107.5205,1107.5316,22890,27758,Nyctalus leisleri,0.01,0.023,-1,Echolocation,/mnt/ubna_data_01_mir/recover-20220825/UBNA_002/20220823_033000.WAV,Telephone Field,recover-20220825,002,1795
1107.5215,1107.5599,68437,82254,Rhinolophus ferrumequinum,0.032,0.032,-1,Echolocation,/mnt/ubna_data_01_mir/recover-20220825/UBNA_002/20220823_033000.WAV,Telephone Field,recover-20220825,002,1795
1107.5355,1107.5755,68437,82503,Rhinolophus ferrumequinum,0.024,0.024,-1,Echolocation,/mnt/ubna_data_01_mir/recover-20220825/UBNA_002/20220823_033000.WAV,Telephone Field,recover-20220825,002,1795
1107.5925,1107.6005,23750,32683,Plecotus austriacus,0.009,0.022,-1,Echolocation,/mnt/ubna_data_01_mir/recover-20220825/UBNA_002/20220823_033000.WAV,Telephone Field,recover-20220825,002,1795
1107.5955,1107.6341,68437,81698,Rhinolophus ferrumequinum,0.021,0.021,-1,Echolocation,/mnt/ubna_data_01_mir/recover-20220825/UBNA_002/20220823_033000.WAV,Telephone Field,recover-20220825,002,1795
1107.6105,1107.649,68437,82609,Rhinolophus ferrumequinum,0.022,0.022,-1,Echolocation,/mnt/ubna_data_01_mir/recover-20220825/UBNA_002/20220823_033000.WAV,Telephone Field,recover-20220825,002,1795
1107.6545,1107.6925,68437,81793,Rhinolophus ferrumequinum,0.021,0.021,-1,Echolocation,/mnt/ubna_data_01_mir/recover-20220825/UBNA_002/20220823_033000.WAV,Telephone Field,recover-20220825,002,1795
1107.6615,1107.6714,22031,27091,Nyctalus leisleri,0.009,0.021,-1,Echolocation,/mnt/ubna_data_01_mir/recover-20220825/UBNA_002/20220823_033000.WAV,Telephone Field,recover-20220825,002,1795
1107.6765,1107.7142,68437,81627,Rhinolophus ferrumequinum,0.022,0.022,-1,Echolocation,/mnt/ubna_data_01_mir/recover-20220825/UBNA_002/20220823_033000.WAV,Telephone Field,recover-20220825,002,1795
1107.7025,1107.7137,29765,36201,Eptesicus serotinus,0.012,0.026,-1,Echolocation,/mnt/ubna_data_01_mir/recover-20220825/UBNA_002/20220823_033000.WAV,Telephone Field,recover-20220825,002,1795
1107.7045,1107.7439,68437,82567,Rhinolophus ferrumequinum,0.027,0.027,-1,Echolocation,/mnt/ubna_data_01_mir/recover-20220825/UBNA_002/20220823_033000.WAV,Telephone Field,recover-20220825,002,1795
1107.7255,1107.7334,27187,38392,Eptesicus serotinus,0.012,0.032,-1,Echolocation,/mnt/ubna_data_01_mir/recover-20220825/UBNA_002/20220823_033000.WAV,Telephone Field,recover-20220825,002,1795
1107.7425,1107.782,68437,82061,Rhinolophus ferrumequinum,0.02,0.021,-1,Echolocation,/mnt/ubna_data_01_mir/recover-20220825/UBNA_002/20220823_033000.WAV,Telephone Field,recover-20220825,002,1795
1107.7455,1107.756,23750,31465,Eptesicus serotinus,0.014,0.035,-1,Echolocation,/mnt/ubna_data_01_mir/recover-20220825/UBNA_002/20220823_033000.WAV,Telephone Field,recover-20220825,002,1795
1107.7665,1107.7784,22031,26007,Nyctalus leisleri,0.012,0.021,-1,Echolocation,/mnt/ubna_data_01_mir/recover-20220825/UBNA_002/20220823_033000.WAV,Telephone Field,recover-20220825,002,1795
1107.8055,1107.813,28046,38390,Eptesicus serotinus,0.006,0.021,-1,Echolocation,/mnt/ubna_data_01_mir/recover-20220825/UBNA_002/20220823_033000.WAV,Telephone Field,recover-20220825,002,1795
1107.8345,1107.8745,68437,81723,Rhinolophus ferrumequinum,0.031,0.031,-1,Echolocation,/mnt/ubna_data_01_mir/recover-20220825/UBNA_002/20220823_033000.WAV,Telephone Field,recover-20220825,002,1795
1107.8745,1107.9193,68437,83039,Rhinolophus ferrumequinum,0.028,0.028,-1,Echolocation,/mnt/ubna_data_01_mir/recover-20220825/UBNA_002/20220823_033000.WAV,Telephone Field,recover-20220825,002,1795
1107.8945,1107.9323,68437,82294,Rhinolophus ferrumequinum,0.021,0.021,-1,Echolocation,/mnt/ubna_data_01_mir/recover-20220825/UBNA_002/20220823_033000.WAV,Telephone Field,recover-20220825,002,1795
1107.9175,1107.953,68437,81464,Rhinolophus ferrumequinum,0.021,0.021,-1,Echolocation,/mnt/ubna_data_01_mir/recover-20220825/UBNA_002/20220823_033000.WAV,Telephone Field,recover-20220825,002,1795
1107.9405,1107.9787,68437,82034,Rhinolophus ferrumequinum,0.024,0.024,-1,Echolocation,/mnt/ubna_data_01_mir/recover-20220825/UBNA_002/20220823_033000.WAV,Telephone Field,recover-20220825,002,1795
1107.9815,1107.9898,25468,34094,Eptesicus serotinus,0.008,0.022,-1,Echolocation,/mnt/ubna_data_01_mir/recover-20220825/UBNA_002/20220823_033000.WAV,Telephone Field,recover-20220825,002,1795
1108.0015,1108.0107,27187,35833,Eptesicus serotinus,0.008,0.026,-1,Echolocation,/mnt/ubna_data_01_mir/recover-20220825/UBNA_002/20220823_033000.WAV,Telephone Field,recover-20220825,002,1795
1108.0015,1108.0332,68437,79588,Rhinolophus ferrumequinum,0.032,0.032,-1,Echolocation,/mnt/ubna_data_01_mir/recover-20220825/UBNA_002/20220823_033000.WAV,Telephone Field,recover-20220825,002,1795
1108.0015,1108.0142,57265,63577,Pipistrellus pygmaeus,0.021,0.022,-1,Echolocation,/mnt/ubna_data_01_mir/recover-20220825/UBNA_002/20220823_033000.WAV,Telephone Field,recover-20220825,002,1795
1108.0015,1108.0138,22031,27480,Nyctalus leisleri,0.011,0.025,-1,Echolocation,/mnt/ubna_data_01_mir/recover-20220825/UBNA_002/20220823_033000.WAV,Telephone Field,recover-20220825,002,1795
1108.0115,1108.0548,68437,82583,Rhinolophus ferrumequinum,0.022,0.022,-1,Echolocation,/mnt/ubna_data_01_mir/recover-20220825/UBNA_002/20220823_033000.WAV,Telephone Field,recover-20220825,002,1795
1108.0135,1108.025,22890,27723,Nyctalus leisleri,0.01,0.021,-1,Echolocation,/mnt/ubna_data_01_mir/recover-20220825/UBNA_002/20220823_033000.WAV,Telephone Field,recover-20220825,002,1795
1108.0225,1108.0582,68437,81005,Rhinolophus ferrumequinum,0.022,0.023,-1,Echolocation,/mnt/ubna_data_01_mir/recover-20220825/UBNA_002/20220823_033000.WAV,Telephone Field,recover-20220825,002,1795
1108.0395,1108.0765,68437,82040,Rhinolophus ferrumequinum,0.022,0.022,-1,Echolocation,/mnt/ubna_data_01_mir/recover-20220825/UBNA_002/20220823_033000.WAV,Telephone Field,recover-20220825,002,1795
1108.0615,1108.0699,28906,37576,Eptesicus serotinus,0.008,0.023,-1,Echolocation,/mnt/ubna_data_01_mir/recover-20220825/UBNA_002/20220823_033000.WAV,Telephone Field,recover-20220825,002,1795
1108.0735,1108.1132,68437,82375,Rhinolophus ferrumequinum,0.023,0.023,-1,Echolocation,/mnt/ubna_data_01_mir/recover-20220825/UBNA_002/20220823_033000.WAV,Telephone Field,recover-20220825,002,1795
1108.1025,1108.1429,68437,82682,Rhinolophus ferrumequinum,0.025,0.025,-1,Echolocation,/mnt/ubna_data_01_mir/recover-20220825/UBNA_002/20220823_033000.WAV,Telephone Field,recover-20220825,002,1795
1108.1065,1108.1193,22890,27469,Nyctalus leisleri,0.016,0.03,-1,Echolocation,/mnt/ubna_data_01_mir/recover-20220825/UBNA_002/20220823_033000.WAV,Telephone Field,recover-20220825,002,1795
1108.1415,1108.1808,68437,82150,Rhinolophus ferrumequinum,0.021,0.021,-1,Echolocation,/mnt/ubna_data_01_mir/recover-20220825/UBNA_002/20220823_033000.WAV,Telephone Field,recover-20220825,002,1795
1108.1435,1108.1504,28046,40701,Eptesicus serotinus,0.007,0.026,-1,Echolocation,/mnt/ubna_data_01_mir/recover-20220825/UBNA_002/20220823_033000.WAV,Telephone Field,recover-20220825,002,1795
1108.1555,1108.1667,24609,30554,Nyctalus leisleri,0.009,0.025,-1,Echolocation,/mnt/ubna_data_01_mir/recover-20220825/UBNA_002/20220823_033000.WAV,Telephone Field,recover-20220825,002,1795
1108.1635,1108.204,68437,82714,Rhinolophus ferrumequinum,0.026,0.026,-1,Echolocation,/mnt/ubna_data_01_mir/recover-20220825/UBNA_002/20220823_033000.WAV,Telephone Field,recover-20220825,002,1795
1108.1705,1108.1821,23750,29199,Nyctalus leisleri,0.01,0.022,-1,Echolocation,/mnt/ubna_data_01_mir/recover-20220825/UBNA_002/20220823_033000.WAV,Telephone Field,recover-20220825,002,1795
1108.1935,1108.233,68437,82822,Rhinolophus ferrumequinum,0.031,0.031,-1,Echolocation,/mnt/ubna_data_01_mir/recover-20220825/UBNA_002/20220823_033000.WAV,Telephone Field,recover-20220825,002,1795
1108.2235,1108.263,68437,82120,Rhinolophus ferrumequinum,0.025,0.025,-1,Echolocation,/mnt/ubna_data_01_mir/recover-20220825/UBNA_002/20220823_033000.WAV,Telephone Field,recover-20220825,002,1795
1108.2465,1108.2566,24609,31211,Nyctalus leisleri,0.007,0.021,-1,Echolocation,/mnt/ubna_data_01_mir/recover-20220825/UBNA_002/20220823_033000.WAV,Telephone Field,recover-20220825,002,1795
1108.2475,1108.2866,68437,82276,Rhinolophus ferrumequinum,0.025,0.025,-1,Echolocation,/mnt/ubna_data_01_mir/recover-20220825/UBNA_002/20220823_033000.WAV,Telephone Field,recover-20220825,002,1795
1108.3115,1108.3497,68437,82676,Rhinolophus ferrumequinum,0.021,0.021,-1,Echolocation,/mnt/ubna_data_01_mir/recover-20220825/UBNA_002/20220823_033000.WAV,Telephone Field,recover-20220825,002,1795
1108.3395,1108.3764,68437,82139,Rhinolophus ferrumequinum,0.021,0.021,-1,Echolocation,/mnt/ubna_data_01_mir/recover-20220825/UBNA_002/20220823_033000.WAV,Telephone Field,recover-20220825,002,1795
1108.3505,1108.384,68437,80688,Rhinolophus ferrumequinum,0.022,0.022,-1,Echolocation,/mnt/ubna_data_01_mir/recover-20220825/UBNA_002/20220823_033000.WAV,Telephone Field,recover-20220825,002,1795
1108.3515,1108.3583,28906,40262,Eptesicus serotinus,0.006,0.025,-1,Echolocation,/mnt/ubna_data_01_mir/recover-20220825/UBNA_002/20220823_033000.WAV,Telephone Field,recover-20220825,002,1795
1108.3705,1108.412,68437,83144,Rhinolophus ferrumequinum,0.028,0.028,-1,Echolocation,/mnt/ubna_data_01_mir/recover-20220825/UBNA_002/20220823_033000.WAV,Telephone Field,recover-20220825,002,1795
1108.4005,1108.4367,68437,81643,Rhinolophus ferrumequinum,0.042,0.042,-1,Echolocation,/mnt/ubna_data_01_mir/recover-20220825/UBNA_002/20220823_033000.WAV,Telephone Field,recover-20220825,002,1795
1108.4015,1108.4116,28906,37585,Eptesicus serotinus,0.008,0.021,-1,Echolocation,/mnt/ubna_data_01_mir/recover-20220825/UBNA_002/20220823_033000.WAV,Telephone Field,recover-20220825,002,1795
1108.4265,1108.4355,28046,36591,Eptesicus serotinus,0.008,0.02,-1,Echolocation,/mnt/ubna_data_01_mir/recover-20220825/UBNA_002/20220823_033000.WAV,Telephone Field,recover-20220825,002,1795
1108.4305,1108.4681,68437,81675,Rhinolophus ferrumequinum,0.021,0.021,-1,Echolocation,/mnt/ubna_data_01_mir/recover-20220825/UBNA_002/20220823_033000.WAV,Telephone Field,recover-20220825,002,1795
1108.4915,1108.5304,68437,82571,Rhinolophus ferrumequinum,0.029,0.029,-1,Echolocation,/mnt/ubna_data_01_mir/recover-20220825/UBNA_002/20220823_033000.WAV,Telephone Field,recover-20220825,002,1795
1108.5025,1108.5108,28046,38833,Eptesicus serotinus,0.008,0.022,-1,Echolocation,/mnt/ubna_data_01_mir/recover-20220825/UBNA_002/20220823_033000.WAV,Telephone Field,recover-20220825,002,1795
1108.5125,1108.5533,68437,82478,Rhinolophus ferrumequinum,0.021,0.021,-1,Echolocation,/mnt/ubna_data_01_mir/recover-20220825/UBNA_002/20220823_033000.WAV,Telephone Field,recover-20220825,002,1795
1108.5185,1108.56,68437,82471,Rhinolophus ferrumequinum,0.021,0.021,-1,Echolocation,/mnt/ubna_data_01_mir/recover-20220825/UBNA_002/20220823_033000.WAV,Telephone Field,recover-20220825,002,1795
1108.5495,1108.5602,28906,34844,Eptesicus serotinus,0.012,0.025,-1,Echolocation,/mnt/ubna_data_01_mir/recover-20220825/UBNA_002/20220823_033000.WAV,Telephone Field,recover-20220825,002,1795
1108.5965,1108.6355,68437,81692,Rhinolophus ferrumequinum,0.022,0.022,-1,Echolocation,/mnt/ubna_data_01_mir/recover-20220825/UBNA_002/20220823_033000.WAV,Telephone Field,recover-20220825,002,1795
1108.6065,1108.6147,25468,33995,Eptesicus serotinus,0.007,0.021,-1,Echolocation,/mnt/ubna_data_01_mir/recover-20220825/UBNA_002/20220823_033000.WAV,Telephone Field,recover-20220825,002,1795
1108.6315,1108.6673,68437,81856,Rhinolophus ferrumequinum,0.02,0.02,-1,Echolocation,/mnt/ubna_data_01_mir/recover-20220825/UBNA_002/20220823_033000.WAV,Telephone Field,recover-20220825,002,1795
1108.6775,1108.6886,23750,28739,Nyctalus leisleri,0.014,0.028,-1,Echolocation,/mnt/ubna_data_01_mir/recover-20220825/UBNA_002/20220823_033000.WAV,Telephone Field,recover-20220825,002,1795
1108.7355,1108.7754,68437,81984,Rhinolophus ferrumequinum,0.021,0.021,-1,Echolocation,/mnt/ubna_data_01_mir/recover-20220825/UBNA_002/20220823_033000.WAV,Telephone Field,recover-20220825,002,1795
1108.7415,1108.7786,68437,81516,Rhinolophus ferrumequinum,0.021,0.021,-1,Echolocation,/mnt/ubna_data_01_mir/recover-20220825/UBNA_002/20220823_033000.WAV,Telephone Field,recover-20220825,002,1795
1108.7705,1108.8073,68437,80685,Rhinolophus ferrumequinum,0.021,0.021,-1,Echolocation,/mnt/ubna_data_01_mir/recover-20220825/UBNA_002/20220823_033000.WAV,Telephone Field,recover-20220825,002,1795
1108.7855,1108.823,68437,81750,Rhinolophus ferrumequinum,0.021,0.021,-1,Echolocation,/mnt/ubna_data_01_mir/recover-20220825/UBNA_002/20220823_033000.WAV,Telephone Field,recover-20220825,002,1795
1108.7965,1108.835,68437,81907,Rhinolophus ferrumequinum,0.021,0.021,-1,Echolocation,/mnt/ubna_data_01_mir/recover-20220825/UBNA_002/20220823_033000.WAV,Telephone Field,recover-20220825,002,1795
1108.8185,1108.8257,27187,38649,Eptesicus serotinus,0.006,0.021,-1,Echolocation,/mnt/ubna_data_01_mir/recover-20220825/UBNA_002/20220823_033000.WAV,Telephone Field,recover-20220825,002,1795
1108.8245,1108.8633,68437,82080,Rhinolophus ferrumequinum,0.023,0.023,-1,Echolocation,/mnt/ubna_data_01_mir/recover-20220825/UBNA_002/20220823_033000.WAV,Telephone Field,recover-20220825,002,1795
1108.8365,1108.875,68437,81788,Rhinolophus ferrumequinum,0.033,0.033,-1,Echolocation,/mnt/ubna_data_01_mir/recover-20220825/UBNA_002/20220823_033000.WAV,Telephone Field,recover-20220825,002,1795
1108.8445,1108.8857,68437,81418,Rhinolophus ferrumequinum,0.033,0.033,-1,Echolocation,/mnt/ubna_data_01_mir/recover-20220825/UBNA_002/20220823_033000.WAV,Telephone Field,recover-20220825,002,1795
1108.8675,1108.8779,22890,27503,Nyctalus leisleri,0.011,0.02,-1,Echolocation,/mnt/ubna_data_01_mir/recover-20220825/UBNA_002/20220823_033000.WAV,Telephone Field,recover-20220825,002,1795
1108.8755,1108.9139,68437,81767,Rhinolophus ferrumequinum,0.022,0.022,-1,Echolocation,/mnt/ubna_data_01_mir/recover-20220825/UBNA_002/20220823_033000.WAV,Telephone Field,recover-20220825,002,1795
1108.9055,1108.9444,68437,82049,Rhinolophus ferrumequinum,0.022,0.022,-1,Echolocation,/mnt/ubna_data_01_mir/recover-20220825/UBNA_002/20220823_033000.WAV,Telephone Field,recover-20220825,002,1795
1108.9085,1108.9198,51250,55768,Pipistrellus pipistrellus,0.017,0.027,-1,Echolocation,/mnt/ubna_data_01_mir/recover-20220825/UBNA_002/20220823_033000.WAV,Telephone Field,recover-20220825,002,1795
1108.9165,1108.9238,27187,39963,Eptesicus serotinus,0.006,0.021,-1,Echolocation,/mnt/ubna_data_01_mir/recover-20220825/UBNA_002/20220823_033000.WAV,Telephone Field,recover-20220825,002,1795
1108.9285,1108.9392,22031,26257,Nyctalus leisleri,0.012,0.024,-1,Echolocation,/mnt/ubna_data_01_mir/recover-20220825/UBNA_002/20220823_033000.WAV,Telephone Field,recover-20220825,002,1795
1108.9515,1108.9612,27187,35093,Eptesicus serotinus,0.012,0.026,-1,Echolocation,/mnt/ubna_data_01_mir/recover-20220825/UBNA_002/20220823_033000.WAV,Telephone Field,recover-20220825,002,1795
1108.9595,1109.0016,68437,82427,Rhinolophus ferrumequinum,0.028,0.028,-1,Echolocation,/mnt/ubna_data_01_mir/recover-20220825/UBNA_002/20220823_033000.WAV,Telephone Field,recover-20220825,002,1795
1108.9655,1108.9741,28906,37314,Eptesicus serotinus,0.008,0.022,-1,Echolocation,/mnt/ubna_data_01_mir/recover-20220825/UBNA_002/20220823_033000.WAV,Telephone Field,recover-20220825,002,1795
1108.9765,1109.0109,68437,81107,Rhinolophus ferrumequinum,0.02,0.02,-1,Echolocation,/mnt/ubna_data_01_mir/recover-20220825/UBNA_002/20220823_033000.WAV,Telephone Field,recover-20220825,002,1795
1108.9915,1109.0283,68437,81816,Rhinolophus ferrumequinum,0.02,0.02,-1,Echolocation,/mnt/ubna_data_01_mir/recover-20220825/UBNA_002/20220823_033000.WAV,Telephone Field,recover-20220825,002,1795
1109.0005,1109.0383,68437,82771,Rhinolophus ferrumequinum,0.023,0.023,-1,Echolocation,/mnt/ubna_data_01_mir/recover-20220825/UBNA_002/20220823_033000.WAV,Telephone Field,recover-20220825,002,1795
1109.0205,1109.0626,68437,82830,Rhinolophus ferrumequinum,0.025,0.025,-1,Echolocation,/mnt/ubna_data_01_mir/recover-20220825/UBNA_002/20220823_033000.WAV,Telephone Field,recover-20220825,002,1795
1109.0245,1109.0347,24609,31374,Eptesicus serotinus,0.009,0.026,-1,Echolocation,/mnt/ubna_data_01_mir/recover-20220825/UBNA_002/20220823_033000.WAV,Telephone Field,recover-20220825,002,1795
1109.0465,1109.0553,28906,38979,Eptesicus serotinus,0.008,0.022,-1,Echolocation,/mnt/ubna_data_01_mir/recover-20220825/UBNA_002/20220823_033000.WAV,Telephone Field,recover-20220825,002,1795
1109.0645,1109.1033,68437,82478,Rhinolophus ferrumequinum,0.034,0.034,-1,Echolocation,/mnt/ubna_data_01_mir/recover-20220825/UBNA_002/20220823_033000.WAV,Telephone Field,recover-20220825,002,1795
1109.0835,1109.0942,28906,35434,Eptesicus serotinus,0.009,0.022,-1,Echolocation,/mnt/ubna_data_01_mir/recover-20220825/UBNA_002/20220823_033000.WAV,Telephone Field,recover-20220825,002,1795
1109.0935,1109.1305,68437,81648,Rhinolophus ferrumequinum,0.023,0.023,-1,Echolocation,/mnt/ubna_data_01_mir/recover-20220825/UBNA_002/20220823_033000.WAV,Telephone Field,recover-20220825,002,1795
1109.1365,1109.1471,28906,36152,Eptesicus serotinus,0.01,0.021,-1,Echolocation,/mnt/ubna_data_01_mir/recover-20220825/UBNA_002/20220823_033000.WAV,Telephone Field,recover-20220825,002,1795
1109.1675,1109.2064,68437,82164,Rhinolophus ferrumequinum,0.023,0.023,-1,Echolocation,/mnt/ubna_data_01_mir/recover-20220825/UBNA_002/20220823_033000.WAV,Telephone Field,recover-20220825,002,1795
1109.1695,1109.1806,22031,26727,Nyctalus leisleri,0.011,0.021,-1,Echolocation,/mnt/ubna_data_01_mir/recover-20220825/UBNA_002/20220823_033000.WAV,Telephone Field,recover-20220825,002,1795
1109.1895,1109.2269000000001,68437,82094,Rhinolophus ferrumequinum,0.023,0.023,-1,Echolocation,/mnt/ubna_data_01_mir/recover-20220825/UBNA_002/20220823_033000.WAV,Telephone Field,recover-20220825,002,1795
1109.2725,1109.3095,68437,81679,Rhinolophus ferrumequinum,0.021,0.021,-1,Echolocation,/mnt/ubna_data_01_mir/recover-20220825/UBNA_002/20220823_033000.WAV,Telephone Field,recover-20220825,002,1795
1109.2805,1109.3185,68437,81971,Rhinolophus ferrumequinum,0.021,0.021,-1,Echolocation,/mnt/ubna_data_01_mir/recover-20220825/UBNA_002/20220823_033000.WAV,Telephone Field,recover-20220825,002,1795
1109.2855,1109.3012,23750,28425,Nyctalus leisleri,0.033,0.072,-1,Echolocation,/mnt/ubna_data_01_mir/recover-20220825/UBNA_002/20220823_033000.WAV,Telephone Field,recover-20220825,002,1795
1109.3005,1109.3365,68437,82091,Rhinolophus ferrumequinum,0.023,0.023,-1,Echolocation,/mnt/ubna_data_01_mir/recover-20220825/UBNA_002/20220823_033000.WAV,Telephone Field,recover-20220825,002,1795
1109.3375,1109.3483,28906,35837,Eptesicus serotinus,0.014,0.029,-1,Echolocation,/mnt/ubna_data_01_mir/recover-20220825/UBNA_002/20220823_033000.WAV,Telephone Field,recover-20220825,002,1795
1109.3665,1109.4036,68437,81550,Rhinolophus ferrumequinum,0.021,0.021,-1,Echolocation,/mnt/ubna_data_01_mir/recover-20220825/UBNA_002/20220823_033000.WAV,Telephone Field,recover-20220825,002,1795
1109.3865,1109.428,68437,83196,Rhinolophus ferrumequinum,0.029,0.029,-1,Echolocation,/mnt/ubna_data_01_mir/recover-20220825/UBNA_002/20220823_033000.WAV,Telephone Field,recover-20220825,002,1795
1109.4195,1109.4613,68437,82914,Rhinolophus ferrumequinum,0.022,0.022,-1,Echolocation,/mnt/ubna_data_01_mir/recover-20220825/UBNA_002/20220823_033000.WAV,Telephone Field,recover-20220825,002,1795
1109.4235,1109.4323,28906,40641,Eptesicus serotinus,0.008,0.022,-1,Echolocation,/mnt/ubna_data_01_mir/recover-20220825/UBNA_002/20220823_033000.WAV,Telephone Field,recover-20220825,002,1795
1109.4405,1109.4805,68437,82533,Rhinolophus ferrumequinum,0.024,0.024,-1,Echolocation,/mnt/ubna_data_01_mir/recover-20220825/UBNA_002/20220823_033000.WAV,Telephone Field,recover-20220825,002,1795
1109.4585,1109.5,68437,83425,Rhinolophus ferrumequinum,0.025,0.025,-1,Echolocation,/mnt/ubna_data_01_mir/recover-20220825/UBNA_002/20220823_033000.WAV,Telephone Field,recover-20220825,002,1795
1109.4725,1109.5125,68437,82155,Rhinolophus ferrumequinum,0.022,0.022,-1,Echolocation,/mnt/ubna_data_01_mir/recover-20220825/UBNA_002/20220823_033000.WAV,Telephone Field,recover-20220825,002,1795
1109.4745,1109.4823,22890,31178,Plecotus austriacus,0.014,0.03,-1,Echolocation,/mnt/ubna_data_01_mir/recover-20220825/UBNA_002/20220823_033000.WAV,Telephone Field,recover-20220825,002,1795
1109.5835,1109.6196,68437,81695,Rhinolophus ferrumequinum,0.026,0.026,-1,Echolocation,/mnt/ubna_data_01_mir/recover-20220825/UBNA_002/20220823_033000.WAV,Telephone Field,recover-20220825,002,1795
1109.6025,1109.6115,59843,65788,Pipistrellus pygmaeus,0.022,0.022,-1,Echolocation,/mnt/ubna_data_01_mir/recover-20220825/UBNA_002/20220823_033000.WAV,Telephone Field,recover-20220825,002,1795
1109.6295,1109.6675,68437,81793,Rhinolophus ferrumequinum,0.021,0.021,-1,Echolocation,/mnt/ubna_data_01_mir/recover-20220825/UBNA_002/20220823_033000.WAV,Telephone Field,recover-20220825,002,1795
1109.6545,1109.6962,68437,82874,Rhinolophus ferrumequinum,0.024,0.024,-1,Echolocation,/mnt/ubna_data_01_mir/recover-20220825/UBNA_002/20220823_033000.WAV,Telephone Field,recover-20220825,002,1795
1109.6595,1109.6674,24609,33348,Plecotus austriacus,0.008,0.025,-1,Echolocation,/mnt/ubna_data_01_mir/recover-20220825/UBNA_002/20220823_033000.WAV,Telephone Field,recover-20220825,002,1795
1109.6845,1109.7221,68437,81949,Rhinolophus ferrumequinum,0.027,0.027,-1,Echolocation,/mnt/ubna_data_01_mir/recover-20220825/UBNA_002/20220823_033000.WAV,Telephone Field,recover-20220825,002,1795
1109.6865,1109.6953,27187,36134,Eptesicus serotinus,0.006,0.02,-1,Echolocation,/mnt/ubna_data_01_mir/recover-20220825/UBNA_002/20220823_033000.WAV,Telephone Field,recover-20220825,002,1795
1109.7285,1109.7387,23750,30100,Nyctalus leisleri,0.009,0.023,-1,Echolocation,/mnt/ubna_data_01_mir/recover-20220825/UBNA_002/20220823_033000.WAV,Telephone Field,recover-20220825,002,1795
1109.7435,1109.7829,68437,82139,Rhinolophus ferrumequinum,0.022,0.022,-1,Echolocation,/mnt/ubna_data_01_mir/recover-20220825/UBNA_002/20220823_033000.WAV,Telephone Field,recover-20220825,002,1795
1109.7555,1109.7632,28046,40969,Eptesicus serotinus,0.007,0.021,-1,Echolocation,/mnt/ubna_data_01_mir/recover-20220825/UBNA_002/20220823_033000.WAV,Telephone Field,recover-20220825,002,1795
1109.7555,1109.7616,37500,44846,Myotis daubentonii,0.007,0.02,-1,Echolocation,/mnt/ubna_data_01_mir/recover-20220825/UBNA_002/20220823_033000.WAV,Telephone Field,recover-20220825,002,1795
1109.7575,1109.7998,68437,83206,Rhinolophus ferrumequinum,0.03,0.03,-1,Echolocation,/mnt/ubna_data_01_mir/recover-20220825/UBNA_002/20220823_033000.WAV,Telephone Field,recover-20220825,002,1795
1109.7645,1109.7759,23750,30108,Nyctalus leisleri,0.009,0.022,-1,Echolocation,/mnt/ubna_data_01_mir/recover-20220825/UBNA_002/20220823_033000.WAV,Telephone Field,recover-20220825,002,1795
1109.7995,1109.8423,68437,82408,Rhinolophus ferrumequinum,0.031,0.031,-1,Echolocation,/mnt/ubna_data_01_mir/recover-20220825/UBNA_002/20220823_033000.WAV,Telephone Field,recover-20220825,002,1795
1109.8015,1109.809,36640,44208,Myotis daubentonii,0.009,0.02,-1,Echolocation,/mnt/ubna_data_01_mir/recover-20220825/UBNA_002/20220823_033000.WAV,Telephone Field,recover-20220825,002,1795
1109.8195,1109.8568,68437,81454,Rhinolophus ferrumequinum,0.023,0.023,-1,Echolocation,/mnt/ubna_data_01_mir/recover-20220825/UBNA_002/20220823_033000.WAV,Telephone Field,recover-20220825,002,1795
1109.8675,1109.8762,28046,35883,Eptesicus serotinus,0.013,0.031,-1,Echolocation,/mnt/ubna_data_01_mir/recover-20220825/UBNA_002/20220823_033000.WAV,Telephone Field,recover-20220825,002,1795
1109.8875,1109.927,68437,81339,Rhinolophus ferrumequinum,0.021,0.021,-1,Echolocation,/mnt/ubna_data_01_mir/recover-20220825/UBNA_002/20220823_033000.WAV,Telephone Field,recover-20220825,002,1795
1109.9065,1109.9436,68437,81512,Rhinolophus ferrumequinum,0.024,0.024,-1,Echolocation,/mnt/ubna_data_01_mir/recover-20220825/UBNA_002/20220823_033000.WAV,Telephone Field,recover-20220825,002,1795
1109.9395,1109.9492,29765,38367,Eptesicus serotinus,0.009,0.024,-1,Echolocation,/mnt/ubna_data_01_mir/recover-20220825/UBNA_002/20220823_033000.WAV,Telephone Field,recover-20220825,002,1795
1109.9845,1109.9928,27187,39266,Eptesicus serotinus,0.009,0.024,-1,Echolocation,/mnt/ubna_data_01_mir/recover-20220825/UBNA_002/20220823_033000.WAV,Telephone Field,recover-20220825,002,1795
1110.0015,1110.0353,68437,80243,Rhinolophus ferrumequinum,0.028,0.029,-1,Echolocation,/mnt/ubna_data_01_mir/recover-20220825/UBNA_002/20220823_033000.WAV,Telephone Field,recover-20220825,002,1795
1110.0015,1110.0106,22031,28494,Nyctalus leisleri,0.01,0.03,-1,Echolocation,/mnt/ubna_data_01_mir/recover-20220825/UBNA_002/20220823_033000.WAV,Telephone Field,recover-20220825,002,1795
1110.0215,1110.0334,25468,31604,Eptesicus serotinus,0.011,0.025,-1,Echolocation,/mnt/ubna_data_01_mir/recover-20220825/UBNA_002/20220823_033000.WAV,Telephone Field,recover-20220825,002,1795
1110.0245,1110.0636,68437,81788,Rhinolophus ferrumequinum,0.022,0.022,-1,Echolocation,/mnt/ubna_data_01_mir/recover-20220825/UBNA_002/20220823_033000.WAV,Telephone Field,recover-20220825,002,1795
1110.0365,1110.0433,27187,44535,Myotis daubentonii,0.008,0.033,-1,Echolocation,/mnt/ubna_data_01_mir/recover-20220825/UBNA_002/20220823_033000.WAV,Telephone Field,recover-20220825,002,1795
1110.0535,1110.065,22890,28156,Nyctalus leisleri,0.014,0.028,-1,Echolocation,/mnt/ubna_data_01_mir/recover-20220825/UBNA_002/20220823_033000.WAV,Telephone Field,recover-20220825,002,1795
1110.0915,1110.1002,48671,54007,Pipistrellus pipistrellus,0.024,0.026,-1,Echolocation,/mnt/ubna_data_01_mir/recover-20220825/UBNA_002/20220823_033000.WAV,Telephone Field,recover-20220825,002,1795
1110.0965,1110.1329,68437,81898,Rhinolophus ferrumequinum,0.021,0.022,-1,Echolocation,/mnt/ubna_data_01_mir/recover-20220825/UBNA_002/20220823_033000.WAV,Telephone Field,recover-20220825,002,1795
1110.1075,1110.1177,22031,27730,Nyctalus leisleri,0.009,0.026,-1,Echolocation,/mnt/ubna_data_01_mir/recover-20220825/UBNA_002/20220823_033000.WAV,Telephone Field,recover-20220825,002,1795
1110.1275,1110.1661,68437,82780,Rhinolophus ferrumequinum,0.029,0.029,-1,Echolocation,/mnt/ubna_data_01_mir/recover-20220825/UBNA_002/20220823_033000.WAV,Telephone Field,recover-20220825,002,1795
1110.1525,1110.161,28906,36558,Eptesicus serotinus,0.008,0.023,-1,Echolocation,/mnt/ubna_data_01_mir/recover-20220825/UBNA_002/20220823_033000.WAV,Telephone Field,recover-20220825,002,1795
1110.1675,1110.2068,68437,81927,Rhinolophus ferrumequinum,0.024,0.024,-1,Echolocation,/mnt/ubna_data_01_mir/recover-20220825/UBNA_002/20220823_033000.WAV,Telephone Field,recover-20220825,002,1795
1110.2105,1110.2185,27187,37685,Eptesicus serotinus,0.008,0.024,-1,Echolocation,/mnt/ubna_data_01_mir/recover-20220825/UBNA_002/20220823_033000.WAV,Telephone Field,recover-20220825,002,1795
1110.2265,1110.2326,26328,38166,Myotis nattereri,0.004,0.023,-1,Echolocation,/mnt/ubna_data_01_mir/recover-20220825/UBNA_002/20220823_033000.WAV,Telephone Field,recover-20220825,002,1795
1110.2745,1110.3129,68437,82130,Rhinolophus ferrumequinum,0.027,0.027,-1,Echolocation,/mnt/ubna_data_01_mir/recover-20220825/UBNA_002/20220823_033000.WAV,Telephone Field,recover-20220825,002,1795
1110.2815,1110.2912,24609,33243,Eptesicus serotinus,0.007,0.024,-1,Echolocation,/mnt/ubna_data_01_mir/recover-20220825/UBNA_002/20220823_033000.WAV,Telephone Field,recover-20220825,002,1795
1110.2985,1110.3379,68437,82127,Rhinolophus ferrumequinum,0.034,0.034,-1,Echolocation,/mnt/ubna_data_01_mir/recover-20220825/UBNA_002/20220823_033000.WAV,Telephone Field,recover-20220825,002,1795
1110.3295,1110.3376,26328,36630,Eptesicus serotinus,0.006,0.022,-1,Echolocation,/mnt/ubna_data_01_mir/recover-20220825/UBNA_002/20220823_033000.WAV,Telephone Field,recover-20220825,002,1795
1110.3625,1110.3735,23750,29214,Nyctalus leisleri,0.013,0.028,-1,Echolocation,/mnt/ubna_data_01_mir/recover-20220825/UBNA_002/20220823_033000.WAV,Telephone Field,recover-20220825,002,1795
1110.4015,1110.4415,68437,82807,Rhinolophus ferrumequinum,0.027,0.027,-1,Echolocation,/mnt/ubna_data_01_mir/recover-20220825/UBNA_002/20220823_033000.WAV,Telephone Field,recover-20220825,002,1795
1110.4045,1110.4148,22890,29022,Nyctalus leisleri,0.01,0.022,-1,Echolocation,/mnt/ubna_data_01_mir/recover-20220825/UBNA_002/20220823_033000.WAV,Telephone Field,recover-20220825,002,1795
1110.4195,1110.4313,23750,30574,Nyctalus leisleri,0.011,0.03,-1,Echolocation,/mnt/ubna_data_01_mir/recover-20220825/UBNA_002/20220823_033000.WAV,Telephone Field,recover-20220825,002,1795
1110.4575,1110.4679,25468,31838,Nyctalus leisleri,0.011,0.029,-1,Echolocation,/mnt/ubna_data_01_mir/recover-20220825/UBNA_002/20220823_033000.WAV,Telephone Field,recover-20220825,002,1795
1110.4715,1110.516,68437,83277,Rhinolophus ferrumequinum,0.024,0.024,-1,Echolocation,/mnt/ubna_data_01_mir/recover-20220825/UBNA_002/20220823_033000.WAV,Telephone Field,recover-20220825,002,1795
1110.4805,1110.525,68437,83478,Rhinolophus ferrumequinum,0.029,0.029,-1,Echolocation,/mnt/ubna_data_01_mir/recover-20220825/UBNA_002/20220823_033000.WAV,Telephone Field,recover-20220825,002,1795
1110.5115,1110.5508,68437,82455,Rhinolophus ferrumequinum,0.025,0.025,-1,Echolocation,/mnt/ubna_data_01_mir/recover-20220825/UBNA_002/20220823_033000.WAV,Telephone Field,recover-20220825,002,1795
1110.5185,1110.557,68437,82154,Rhinolophus ferrumequinum,0.023,0.023,-1,Echolocation,/mnt/ubna_data_01_mir/recover-20220825/UBNA_002/20220823_033000.WAV,Telephone Field,recover-20220825,002,1795
1110.5235,1110.5312,28046,37988,Eptesicus serotinus,0.006,0.022,-1,Echolocation,/mnt/ubna_data_01_mir/recover-20220825/UBNA_002/20220823_033000.WAV,Telephone Field,recover-20220825,002,1795
1110.5265,1110.565,68437,82004,Rhinolophus ferrumequinum,0.022,0.022,-1,Echolocation,/mnt/ubna_data_01_mir/recover-20220825/UBNA_002/20220823_033000.WAV,Telephone Field,recover-20220825,002,1795
1110.5565,1110.5633,39218,52382,Myotis brandtii,0.007,0.026,-1,Echolocation,/mnt/ubna_data_01_mir/recover-20220825/UBNA_002/20220823_033000.WAV,Telephone Field,recover-20220825,002,1795
1110.5585,1110.5657,27187,41513,Eptesicus serotinus,0.006,0.023,-1,Echolocation,/mnt/ubna_data_01_mir/recover-20220825/UBNA_002/20220823_033000.WAV,Telephone Field,recover-20220825,002,1795
1110.6155,1110.6548,68437,82100,Rhinolophus ferrumequinum,0.025,0.025,-1,Echolocation,/mnt/ubna_data_01_mir/recover-20220825/UBNA_002/20220823_033000.WAV,Telephone Field,recover-20220825,002,1795
1110.6165,1110.6258,28046,37374,Eptesicus serotinus,0.011,0.026,-1,Echolocation,/mnt/ubna_data_01_mir/recover-20220825/UBNA_002/20220823_033000.WAV,Telephone Field,recover-20220825,002,1795
1110.6495,1110.6625,23750,28980,Nyctalus leisleri,0.014,0.031,-1,Echolocation,/mnt/ubna_data_01_mir/recover-20220825/UBNA_002/20220823_033000.WAV,Telephone Field,recover-20220825,002,1795
1110.6745,1110.6843,27187,35920,Eptesicus serotinus,0.01,0.023,-1,Echolocation,/mnt/ubna_data_01_mir/recover-20220825/UBNA_002/20220823_033000.WAV,Telephone Field,recover-20220825,002,1795
1110.7115,1110.7498,68437,81863,Rhinolophus ferrumequinum,0.028,0.028,-1,Echolocation,/mnt/ubna_data_01_mir/recover-20220825/UBNA_002/20220823_033000.WAV,Telephone Field,recover-20220825,002,1795
1110.7125,1110.7202,27187,36621,Eptesicus serotinus,0.007,0.026,-1,Echolocation,/mnt/ubna_data_01_mir/recover-20220825/UBNA_002/20220823_033000.WAV,Telephone Field,recover-20220825,002,1795
1110.7305,1110.7668,68437,81679,Rhinolophus ferrumequinum,0.022,0.022,-1,Echolocation,/mnt/ubna_data_01_mir/recover-20220825/UBNA_002/20220823_033000.WAV,Telephone Field,recover-20220825,002,1795
1110.7515,1110.7867,68437,80826,Rhinolophus ferrumequinum,0.025,0.025,-1,Echolocation,/mnt/ubna_data_01_mir/recover-20220825/UBNA_002/20220823_033000.WAV,Telephone Field,recover-20220825,002,1795
1110.7805,1110.8188,68437,81990,Rhinolophus ferrumequinum,0.022,0.022,-1,Echolocation,/mnt/ubna_data_01_mir/recover-20220825/UBNA_002/20220823_033000.WAV,Telephone Field,recover-20220825,002,1795
1110.8105,1110.8184,28046,37570,Eptesicus serotinus,0.007,0.023,-1,Echolocation,/mnt/ubna_data_01_mir/recover-20220825/UBNA_002/20220823_033000.WAV,Telephone Field,recover-20220825,002,1795
1110.8125,1110.8228,22031,27336,Nyctalus leisleri,0.01,0.023,-1,Echolocation,/mnt/ubna_data_01_mir/recover-20220825/UBNA_002/20220823_033000.WAV,Telephone Field,recover-20220825,002,1795
1110.8135,1110.8247,52968,60250,Pipistrellus pygmaeus,0.012,0.022,-1,Echolocation,/mnt/ubna_data_01_mir/recover-20220825/UBNA_002/20220823_033000.WAV,Telephone Field,recover-20220825,002,1795
1110.8375,1110.8475,23750,30436,Nyctalus leisleri,0.009,0.025,-1,Echolocation,/mnt/ubna_data_01_mir/recover-20220825/UBNA_002/20220823_033000.WAV,Telephone Field,recover-20220825,002,1795
1110.8505,1110.8576,28046,39650,Eptesicus serotinus,0.008,0.028,-1,Echolocation,/mnt/ubna_data_01_mir/recover-20220825/UBNA_002/20220823_033000.WAV,Telephone Field,recover-20220825,002,1795
1110.8845,1110.9211,68437,82157,Rhinolophus ferrumequinum,0.021,0.021,-1,Echolocation,/mnt/ubna_data_01_mir/recover-20220825/UBNA_002/20220823_033000.WAV,Telephone Field,recover-20220825,002,1795
1110.9225,1110.9298,51250,58405,Pipistrellus pipistrellus,0.017,0.023,-1,Echolocation,/mnt/ubna_data_01_mir/recover-20220825/UBNA_002/20220823_033000.WAV,Telephone Field,recover-20220825,002,1795
1110.9505,1110.956,28906,41953,Myotis daubentonii,0.013,0.035,-1,Echolocation,/mnt/ubna_data_01_mir/recover-20220825/UBNA_002/20220823_033000.WAV,Telephone Field,recover-20220825,002,1795
1111.0145,1111.0222,51250,57411,Pipistrellus pipistrellus,0.024,0.031,-1,Echolocation,/mnt/ubna_data_01_mir/recover-20220825/UBNA_002/20220823_033000.WAV,Telephone Field,recover-20220825,002,1795
1111.0535,1111.0898,68437,81436,Rhinolophus ferrumequinum,0.023,0.023,-1,Echolocation,/mnt/ubna_data_01_mir/recover-20220825/UBNA_002/20220823_033000.WAV,Telephone Field,recover-20220825,002,1795
1111.0955,1111.1043,27187,36585,Eptesicus serotinus,0.008,0.024,-1,Echolocation,/mnt/ubna_data_01_mir/recover-20220825/UBNA_002/20220823_033000.WAV,Telephone Field,recover-20220825,002,1795
1111.1215,1111.1605,68437,81991,Rhinolophus ferrumequinum,0.023,0.023,-1,Echolocation,/mnt/ubna_data_01_mir/recover-20220825/UBNA_002/20220823_033000.WAV,Telephone Field,recover-20220825,002,1795
1111.1355,1111.1723,68437,81329,Rhinolophus ferrumequinum,0.022,0.022,-1,Echolocation,/mnt/ubna_data_01_mir/recover-20220825/UBNA_002/20220823_033000.WAV,Telephone Field,recover-20220825,002,1795
1111.1395,1111.1459,34062,42934,Myotis daubentonii,0.012,0.025,-1,Echolocation,/mnt/ubna_data_01_mir/recover-20220825/UBNA_002/20220823_033000.WAV,Telephone Field,recover-20220825,002,1795
1111.2295,1111.2662,68437,82138,Rhinolophus ferrumequinum,0.024,0.024,-1,Echolocation,/mnt/ubna_data_01_mir/recover-20220825/UBNA_002/20220823_033000.WAV,Telephone Field,recover-20220825,002,1795
1111.2505,1111.2882,68437,81512,Rhinolophus ferrumequinum,0.023,0.023,-1,Echolocation,/mnt/ubna_data_01_mir/recover-20220825/UBNA_002/20220823_033000.WAV,Telephone Field,recover-20220825,002,1795
1111.2755,1111.285,28046,36736,Eptesicus serotinus,0.008,0.021,-1,Echolocation,/mnt/ubna_data_01_mir/recover-20220825/UBNA_002/20220823_033000.WAV,Telephone Field,recover-20220825,002,1795
1111.2985,1111.3088,28906,36943,Eptesicus serotinus,0.012,0.027,-1,Echolocation,/mnt/ubna_data_01_mir/recover-20220825/UBNA_002/20220823_033000.WAV,Telephone Field,recover-20220825,002,1795
1111.3145,1111.3565,68437,82439,Rhinolophus ferrumequinum,0.035,0.035,-1,Echolocation,/mnt/ubna_data_01_mir/recover-20220825/UBNA_002/20220823_033000.WAV,Telephone Field,recover-20220825,002,1795
1111.3395,1111.3783,68437,82236,Rhinolophus ferrumequinum,0.022,0.022,-1,Echolocation,/mnt/ubna_data_01_mir/recover-20220825/UBNA_002/20220823_033000.WAV,Telephone Field,recover-20220825,002,1795
1111.3575,1111.3948,68437,81895,Rhinolophus ferrumequinum,0.021,0.021,-1,Echolocation,/mnt/ubna_data_01_mir/recover-20220825/UBNA_002/20220823_033000.WAV,Telephone Field,recover-20220825,002,1795
1111.3785,1111.4161,68437,81927,Rhinolophus ferrumequinum,0.023,0.023,-1,Echolocation,/mnt/ubna_data_01_mir/recover-20220825/UBNA_002/20220823_033000.WAV,Telephone Field,recover-20220825,002,1795
1111.3885,1111.396,28046,37653,Eptesicus serotinus,0.007,0.022,-1,Echolocation,/mnt/ubna_data_01_mir/recover-20220825/UBNA_002/20220823_033000.WAV,Telephone Field,recover-20220825,002,1795
1111.3895,1111.4283,68437,82443,Rhinolophus ferrumequinum,0.025,0.025,-1,Echolocation,/mnt/ubna_data_01_mir/recover-20220825/UBNA_002/20220823_033000.WAV,Telephone Field,recover-20220825,002,1795
1111.4295,1111.4692,68437,82103,Rhinolophus ferrumequinum,0.023,0.023,-1,Echolocation,/mnt/ubna_data_01_mir/recover-20220825/UBNA_002/20220823_033000.WAV,Telephone Field,recover-20220825,002,1795
1111.4365,1111.4749,68437,82098,Rhinolophus ferrumequinum,0.024,0.024,-1,Echolocation,/mnt/ubna_data_01_mir/recover-20220825/UBNA_002/20220823_033000.WAV,Telephone Field,recover-20220825,002,1795
1111.4495,1111.4575,28046,37866,Eptesicus serotinus,0.007,0.022,-1,Echolocation,/mnt/ubna_data_01_mir/recover-20220825/UBNA_002/20220823_033000.WAV,Telephone Field,recover-20220825,002,1795
1111.4675,1111.5055,68437,81489,Rhinolophus ferrumequinum,0.022,0.022,-1,Echolocation,/mnt/ubna_data_01_mir/recover-20220825/UBNA_002/20220823_033000.WAV,Telephone Field,recover-20220825,002,1795
1111.4735,1111.5117,68437,81976,Rhinolophus ferrumequinum,0.023,0.023,-1,Echolocation,/mnt/ubna_data_01_mir/recover-20220825/UBNA_002/20220823_033000.WAV,Telephone Field,recover-20220825,002,1795
1111.5085,1111.5467,68437,82851,Rhinolophus ferrumequinum,0.022,0.022,-1,Echolocation,/mnt/ubna_data_01_mir/recover-20220825/UBNA_002/20220823_033000.WAV,Telephone Field,recover-20220825,002,1795
1111.5105,1111.5172,28046,39203,Eptesicus serotinus,0.006,0.025,-1,Echolocation,/mnt/ubna_data_01_mir/recover-20220825/UBNA_002/20220823_033000.WAV,Telephone Field,recover-20220825,002,1795
1111.5145,1111.5507,68437,82213,Rhinolophus ferrumequinum,0.022,0.022,-1,Echolocation,/mnt/ubna_data_01_mir/recover-20220825/UBNA_002/20220823_033000.WAV,Telephone Field,recover-20220825,002,1795
1111.5445,1111.5818,68437,81934,Rhinolophus ferrumequinum,0.021,0.021,-1,Echolocation,/mnt/ubna_data_01_mir/recover-20220825/UBNA_002/20220823_033000.WAV,Telephone Field,recover-20220825,002,1795
1111.5595,1111.5993,68437,82766,Rhinolophus ferrumequinum,0.04,0.04,-1,Echolocation,/mnt/ubna_data_01_mir/recover-20220825/UBNA_002/20220823_033000.WAV,Telephone Field,recover-20220825,002,1795
1111.5745,1111.5851,23750,29399,Nyctalus leisleri,0.01,0.023,-1,Echolocation,/mnt/ubna_data_01_mir/recover-20220825/UBNA_002/20220823_033000.WAV,Telephone Field,recover-20220825,002,1795
1111.5835,1111.6198,68437,81380,Rhinolophus ferrumequinum,0.022,0.022,-1,Echolocation,/mnt/ubna_data_01_mir/recover-20220825/UBNA_002/20220823_033000.WAV,Telephone Field,recover-20220825,002,1795
1111.5955,1111.6342,68437,81669,Rhinolophus ferrumequinum,0.022,0.022,-1,Echolocation,/mnt/ubna_data_01_mir/recover-20220825/UBNA_002/20220823_033000.WAV,Telephone Field,recover-20220825,002,1795
1111.6265,1111.6673,68437,82411,Rhinolophus ferrumequinum,0.023,0.023,-1,Echolocation,/mnt/ubna_data_01_mir/recover-20220825/UBNA_002/20220823_033000.WAV,Telephone Field,recover-20220825,002,1795
1111.6285,1111.6385,36640,43742,Pipistrellus nathusii,0.015,0.04,-1,Echolocation,/mnt/ubna_data_01_mir/recover-20220825/UBNA_002/20220823_033000.WAV,Telephone Field,recover-20220825,002,1795
1111.6315,1111.6388,27187,39464,Eptesicus serotinus,0.006,0.022,-1,Echolocation,/mnt/ubna_data_01_mir/recover-20220825/UBNA_002/20220823_033000.WAV,Telephone Field,recover-20220825,002,1795
1111.6645,1111.672,48671,59343,Pipistrellus pipistrellus,0.014,0.023,-1,Echolocation,/mnt/ubna_data_01_mir/recover-20220825/UBNA_002/20220823_033000.WAV,Telephone Field,recover-20220825,002,1795
1111.6925,1111.6994,26328,38173,Eptesicus serotinus,0.005,0.023,-1,Echolocation,/mnt/ubna_data_01_mir/recover-20220825/UBNA_002/20220823_033000.WAV,Telephone Field,recover-20220825,002,1795
1111.7035,1111.7385,68437,81315,Rhinolophus ferrumequinum,0.022,0.022,-1,Echolocation,/mnt/ubna_data_01_mir/recover-20220825/UBNA_002/20220823_033000.WAV,Telephone Field,recover-20220825,002,1795
1111.7105,1111.7492,68437,82284,Rhinolophus ferrumequinum,0.022,0.022,-1,Echolocation,/mnt/ubna_data_01_mir/recover-20220825/UBNA_002/20220823_033000.WAV,Telephone Field,recover-20220825,002,1795
1111.7205,1111.7284,27187,36799,Eptesicus serotinus,0.009,0.028,-1,Echolocation,/mnt/ubna_data_01_mir/recover-20220825/UBNA_002/20220823_033000.WAV,Telephone Field,recover-20220825,002,1795
1111.7445,1111.7532,26328,35840,Eptesicus serotinus,0.008,0.022,-1,Echolocation,/mnt/ubna_data_01_mir/recover-20220825/UBNA_002/20220823_033000.WAV,Telephone Field,recover-20220825,002,1795
1111.7515,1111.7872,68437,81933,Rhinolophus ferrumequinum,0.022,0.022,-1,Echolocation,/mnt/ubna_data_01_mir/recover-20220825/UBNA_002/20220823_033000.WAV,Telephone Field,recover-20220825,002,1795
1111.7925,1111.8307,68437,81615,Rhinolophus ferrumequinum,0.026,0.026,-1,Echolocation,/mnt/ubna_data_01_mir/recover-20220825/UBNA_002/20220823_033000.WAV,Telephone Field,recover-20220825,002,1795
1111.8205,1111.8569,68437,81613,Rhinolophus ferrumequinum,0.025,0.025,-1,Echolocation,/mnt/ubna_data_01_mir/recover-20220825/UBNA_002/20220823_033000.WAV,Telephone Field,recover-20220825,002,1795
1111.8435,1111.8835,68437,82710,Rhinolophus ferrumequinum,0.023,0.023,-1,Echolocation,/mnt/ubna_data_01_mir/recover-20220825/UBNA_002/20220823_033000.WAV,Telephone Field,recover-20220825,002,1795
1111.8475,1111.8548,28046,37814,Eptesicus serotinus,0.006,0.023,-1,Echolocation,/mnt/ubna_data_01_mir/recover-20220825/UBNA_002/20220823_033000.WAV,Telephone Field,recover-20220825,002,1795
1111.8535,1111.8642,22031,27192,Nyctalus leisleri,0.01,0.022,-1,Echolocation,/mnt/ubna_data_01_mir/recover-20220825/UBNA_002/20220823_033000.WAV,Telephone Field,recover-20220825,002,1795
1111.8695,1111.9104,68437,83253,Rhinolophus ferrumequinum,0.04,0.04,-1,Echolocation,/mnt/ubna_data_01_mir/recover-20220825/UBNA_002/20220823_033000.WAV,Telephone Field,recover-20220825,002,1795
1111.8795,1111.8889,24609,33071,Eptesicus serotinus,0.006,0.022,-1,Echolocation,/mnt/ubna_data_01_mir/recover-20220825/UBNA_002/20220823_033000.WAV,Telephone Field,recover-20220825,002,1795
1111.8855,1111.895,50390,54565,Pipistrellus pipistrellus,0.021,0.025,-1,Echolocation,/mnt/ubna_data_01_mir/recover-20220825/UBNA_002/20220823_033000.WAV,Telephone Field,recover-20220825,002,1795
1111.9095,1111.9474,68437,82163,Rhinolophus ferrumequinum,0.022,0.023,-1,Echolocation,/mnt/ubna_data_01_mir/recover-20220825/UBNA_002/20220823_033000.WAV,Telephone Field,recover-20220825,002,1795
1111.9185,1111.9525,68437,80966,Rhinolophus ferrumequinum,0.027,0.028,-1,Echolocation,/mnt/ubna_data_01_mir/recover-20220825/UBNA_002/20220823_033000.WAV,Telephone Field,recover-20220825,002,1795
1111.9415,1111.9801,68437,81421,Rhinolophus ferrumequinum,0.024,0.024,-1,Echolocation,/mnt/ubna_data_01_mir/recover-20220825/UBNA_002/20220823_033000.WAV,Telephone Field,recover-20220825,002,1795
1111.9765,1111.9908,24609,30631,Eptesicus serotinus,0.011,0.028,-1,Echolocation,/mnt/ubna_data_01_mir/recover-20220825/UBNA_002/20220823_033000.WAV,Telephone Field,recover-20220825,002,1795
1112.0015,1112.0175,18593,23614,Nyctalus noctula,0.014,0.033,-1,Echolocation,/mnt/ubna_data_01_mir/recover-20220825/UBNA_002/20220823_033000.WAV,Telephone Field,recover-20220825,002,1795
1112.0015,1112.0328,69296,81328,Rhinolophus ferrumequinum,0.031,0.032,-1,Echolocation,/mnt/ubna_data_01_mir/recover-20220825/UBNA_002/20220823_033000.WAV,Telephone Field,recover-20220825,002,1795
1112.0015,1112.0092,25468,38085,Plecotus austriacus,0.007,0.032,-1,Echolocation,/mnt/ubna_data_01_mir/recover-20220825/UBNA_002/20220823_033000.WAV,Telephone Field,recover-20220825,002,1795
1112.0015,1112.0158,49531,54375,Pipistrellus pipistrellus,0.021,0.034,-1,Echolocation,/mnt/ubna_data_01_mir/recover-20220825/UBNA_002/20220823_033000.WAV,Telephone Field,recover-20220825,002,1795
1112.0145,1112.053,68437,81925,Rhinolophus ferrumequinum,0.021,0.022,-1,Echolocation,/mnt/ubna_data_01_mir/recover-20220825/UBNA_002/20220823_033000.WAV,Telephone Field,recover-20220825,002,1795
1112.0335,1112.0696,68437,81095,Rhinolophus ferrumequinum,0.021,0.021,-1,Echolocation,/mnt/ubna_data_01_mir/recover-20220825/UBNA_002/20220823_033000.WAV,Telephone Field,recover-20220825,002,1795
1112.0415,1112.0755,68437,81576,Rhinolophus ferrumequinum,0.024,0.024,-1,Echolocation,/mnt/ubna_data_01_mir/recover-20220825/UBNA_002/20220823_033000.WAV,Telephone Field,recover-20220825,002,1795
1112.0595,1112.072,14296,20172,Nyctalus noctula,0.015,0.025,-1,Echolocation,/mnt/ubna_data_01_mir/recover-20220825/UBNA_002/20220823_033000.WAV,Telephone Field,recover-20220825,002,1795
1112.0825,1112.1239,68437,82402,Rhinolophus ferrumequinum,0.024,0.024,-1,Echolocation,/mnt/ubna_data_01_mir/recover-20220825/UBNA_002/20220823_033000.WAV,Telephone Field,recover-20220825,002,1795
1112.0905,1112.1273,68437,81924,Rhinolophus ferrumequinum,0.021,0.021,-1,Echolocation,/mnt/ubna_data_01_mir/recover-20220825/UBNA_002/20220823_033000.WAV,Telephone Field,recover-20220825,002,1795
1112.1105,1112.1183,28046,38447,Eptesicus serotinus,0.007,0.022,-1,Echolocation,/mnt/ubna_data_01_mir/recover-20220825/UBNA_002/20220823_033000.WAV,Telephone Field,recover-20220825,002,1795
1112.1415,1112.1757,68437,81392,Rhinolophus ferrumequinum,0.022,0.022,-1,Echolocation,/mnt/ubna_data_01_mir/recover-20220825/UBNA_002/20220823_033000.WAV,Telephone Field,recover-20220825,002,1795
1112.1515,1112.1888,68437,82210,Rhinolophus ferrumequinum,0.021,0.021,-1,Echolocation,/mnt/ubna_data_01_mir/recover-20220825/UBNA_002/20220823_033000.WAV,Telephone Field,recover-20220825,002,1795
1112.1595,1112.2013,68437,82557,Rhinolophus ferrumequinum,0.022,0.022,-1,Echolocation,/mnt/ubna_data_01_mir/recover-20220825/UBNA_002/20220823_033000.WAV,Telephone Field,recover-20220825,002,1795
1112.1625,1112.1751,23750,29005,Nyctalus leisleri,0.016,0.03,-1,Echolocation,/mnt/ubna_data_01_mir/recover-20220825/UBNA_002/20220823_033000.WAV,Telephone Field,recover-20220825,002,1795
1112.1725,1112.1824,23750,30439,Nyctalus leisleri,0.009,0.025,-1,Echolocation,/mnt/ubna_data_01_mir/recover-20220825/UBNA_002/20220823_033000.WAV,Telephone Field,recover-20220825,002,1795
1112.2045,1112.2478,68437,83168,Rhinolophus ferrumequinum,0.036,0.036,-1,Echolocation,/mnt/ubna_data_01_mir/recover-20220825/UBNA_002/20220823_033000.WAV,Telephone Field,recover-20220825,002,1795
1112.2245,1112.2388,15156,21706,Nyctalus noctula,0.02,0.028,-1,Echolocation,/mnt/ubna_data_01_mir/recover-20220825/UBNA_002/20220823_033000.WAV,Telephone Field,recover-20220825,002,1795
1112.2425,1112.2838,68437,82061,Rhinolophus ferrumequinum,0.022,0.022,-1,Echolocation,/mnt/ubna_data_01_mir/recover-20220825/UBNA_002/20220823_033000.WAV,Telephone Field,recover-20220825,002,1795
1112.2675,1112.3042,68437,81698,Rhinolophus ferrumequinum,0.021,0.021,-1,Echolocation,/mnt/ubna_data_01_mir/recover-20220825/UBNA_002/20220823_033000.WAV,Telephone Field,recover-20220825,002,1795
1112.2685,1112.2769,22890,30340,Plecotus austriacus,0.009,0.022,-1,Echolocation,/mnt/ubna_data_01_mir/recover-20220825/UBNA_002/20220823_033000.WAV,Telephone Field,recover-20220825,002,1795
1112.2925,1112.3304,68437,82541,Rhinolophus ferrumequinum,0.023,0.023,-1,Echolocation,/mnt/ubna_data_01_mir/recover-20220825/UBNA_002/20220823_033000.WAV,Telephone Field,recover-20220825,002,1795
1112.3085,1112.3506,68437,82576,Rhinolophus ferrumequinum,0.023,0.023,-1,Echolocation,/mnt/ubna_data_01_mir/recover-20220825/UBNA_002/20220823_033000.WAV,Telephone Field,recover-20220825,002,1795
1112.3715,1112.4098,68437,82414,Rhinolophus ferrumequinum,0.022,0.022,-1,Echolocation,/mnt/ubna_data_01_mir/recover-20220825/UBNA_002/20220823_033000.WAV,Telephone Field,recover-20220825,002,1795
1112.3915,1112.4,50390,55143,Pipistrellus pipistrellus,0.022,0.026,-1,Echolocation,/mnt/ubna_data_01_mir/recover-20220825/UBNA_002/20220823_033000.WAV,Telephone Field,recover-20220825,002,1795
1112.3915,1112.4316,68437,82201,Rhinolophus ferrumequinum,0.021,0.021,-1,Echolocation,/mnt/ubna_data_01_mir/recover-20220825/UBNA_002/20220823_033000.WAV,Telephone Field,recover-20220825,002,1795
1112.4175,1112.4566,68437,82942,Rhinolophus ferrumequinum,0.026,0.026,-1,Echolocation,/mnt/ubna_data_01_mir/recover-20220825/UBNA_002/20220823_033000.WAV,Telephone Field,recover-20220825,002,1795
1112.4435,1112.4836,68437,83128,Rhinolophus ferrumequinum,0.028,0.028,-1,Echolocation,/mnt/ubna_data_01_mir/recover-20220825/UBNA_002/20220823_033000.WAV,Telephone Field,recover-20220825,002,1795
1112.4605,1112.467,23750,36772,Plecotus austriacus,0.012,0.028,-1,Echolocation,/mnt/ubna_data_01_mir/recover-20220825/UBNA_002/20220823_033000.WAV,Telephone Field,recover-20220825,002,1795
1112.4615,1112.4691,28906,39272,Eptesicus serotinus,0.008,0.027,-1,Echolocation,/mnt/ubna_data_01_mir/recover-20220825/UBNA_002/20220823_033000.WAV,Telephone Field,recover-20220825,002,1795
1112.4745,1112.5118,68437,82023,Rhinolophus ferrumequinum,0.021,0.021,-1,Echolocation,/mnt/ubna_data_01_mir/recover-20220825/UBNA_002/20220823_033000.WAV,Telephone Field,recover-20220825,002,1795
1112.4815,1112.5026,20312,23824,Nyctalus noctula,0.027,0.052,-1,Echolocation,/mnt/ubna_data_01_mir/recover-20220825/UBNA_002/20220823_033000.WAV,Telephone Field,recover-20220825,002,1795
1112.4815,1112.521,68437,82146,Rhinolophus ferrumequinum,0.023,0.023,-1,Echolocation,/mnt/ubna_data_01_mir/recover-20220825/UBNA_002/20220823_033000.WAV,Telephone Field,recover-20220825,002,1795
1112.5425,1112.5819,68437,81515,Rhinolophus ferrumequinum,0.022,0.022,-1,Echolocation,/mnt/ubna_data_01_mir/recover-20220825/UBNA_002/20220823_033000.WAV,Telephone Field,recover-20220825,002,1795
1112.5525,1112.5929,68437,82966,Rhinolophus ferrumequinum,0.022,0.022,-1,Echolocation,/mnt/ubna_data_01_mir/recover-20220825/UBNA_002/20220823_033000.WAV,Telephone Field,recover-20220825,002,1795
1112.5885,1112.5995,23750,29539,Nyctalus leisleri,0.016,0.035,-1,Echolocation,/mnt/ubna_data_01_mir/recover-20220825/UBNA_002/20220823_033000.WAV,Telephone Field,recover-20220825,002,1795
1112.6025,1112.6421,68437,82057,Rhinolophus ferrumequinum,0.023,0.023,-1,Echolocation,/mnt/ubna_data_01_mir/recover-20220825/UBNA_002/20220823_033000.WAV,Telephone Field,recover-20220825,002,1795
1112.6575,1112.6918,68437,81525,Rhinolophus ferrumequinum,0.022,0.022,-1,Echolocation,/mnt/ubna_data_01_mir/recover-20220825/UBNA_002/20220823_033000.WAV,Telephone Field,recover-20220825,002,1795
1112.6585,1112.6682,25468,32616,Eptesicus serotinus,0.008,0.023,-1,Echolocation,/mnt/ubna_data_01_mir/recover-20220825/UBNA_002/20220823_033000.WAV,Telephone Field,recover-20220825,002,1795
1112.6795,1112.7189,68437,82259,Rhinolophus ferrumequinum,0.024,0.024,-1,Echolocation,/mnt/ubna_data_01_mir/recover-20220825/UBNA_002/20220823_033000.WAV,Telephone Field,recover-20220825,002,1795
1112.7025,1112.7458,68437,83613,Rhinolophus ferrumequinum,0.041,0.041,-1,Echolocation,/mnt/ubna_data_01_mir/recover-20220825/UBNA_002/20220823_033000.WAV,Telephone Field,recover-20220825,002,1795
1112.7255,1112.7648,68437,82066,Rhinolophus ferrumequinum,0.023,0.023,-1,Echolocation,/mnt/ubna_data_01_mir/recover-20220825/UBNA_002/20220823_033000.WAV,Telephone Field,recover-20220825,002,1795
1112.7435,1112.7811,68437,81865,Rhinolophus ferrumequinum,0.022,0.022,-1,Echolocation,/mnt/ubna_data_01_mir/recover-20220825/UBNA_002/20220823_033000.WAV,Telephone Field,recover-20220825,002,1795
1112.7455,1112.7545,26328,36088,Eptesicus serotinus,0.006,0.022,-1,Echolocation,/mnt/ubna_data_01_mir/recover-20220825/UBNA_002/20220823_033000.WAV,Telephone Field,recover-20220825,002,1795
1112.7815,1112.8255,68437,84006,Rhinolophus ferrumequinum,0.049,0.049,-1,Echolocation,/mnt/ubna_data_01_mir/recover-20220825/UBNA_002/20220823_033000.WAV,Telephone Field,recover-20220825,002,1795
1112.8025,1112.8447,68437,83028,Rhinolophus ferrumequinum,0.026,0.026,-1,Echolocation,/mnt/ubna_data_01_mir/recover-20220825/UBNA_002/20220823_033000.WAV,Telephone Field,recover-20220825,002,1795
1112.8395,1112.8471,26328,38386,Eptesicus serotinus,0.006,0.024,-1,Echolocation,/mnt/ubna_data_01_mir/recover-20220825/UBNA_002/20220823_033000.WAV,Telephone Field,recover-20220825,002,1795
1112.8725,1112.8856,22031,25866,Nyctalus leisleri,0.013,0.023,-1,Echolocation,/mnt/ubna_data_01_mir/recover-20220825/UBNA_002/20220823_033000.WAV,Telephone Field,recover-20220825,002,1795
1112.8835,1112.8906,27187,38429,Eptesicus serotinus,0.008,0.025,-1,Echolocation,/mnt/ubna_data_01_mir/recover-20220825/UBNA_002/20220823_033000.WAV,Telephone Field,recover-20220825,002,1795
1112.8885,1112.9279,68437,82675,Rhinolophus ferrumequinum,0.026,0.026,-1,Echolocation,/mnt/ubna_data_01_mir/recover-20220825/UBNA_002/20220823_033000.WAV,Telephone Field,recover-20220825,002,1795
1112.9295,1112.9697,68437,82748,Rhinolophus ferrumequinum,0.022,0.022,-1,Echolocation,/mnt/ubna_data_01_mir/recover-20220825/UBNA_002/20220823_033000.WAV,Telephone Field,recover-20220825,002,1795
1112.9705,1113.0133,68437,83143,Rhinolophus ferrumequinum,0.037,0.037,-1,Echolocation,/mnt/ubna_data_01_mir/recover-20220825/UBNA_002/20220823_033000.WAV,Telephone Field,recover-20220825,002,1795
1113.0075,1113.0494,68437,82765,Rhinolophus ferrumequinum,0.027,0.027,-1,Echolocation,/mnt/ubna_data_01_mir/recover-20220825/UBNA_002/20220823_033000.WAV,Telephone Field,recover-20220825,002,1795
1113.0155,1113.0553,68437,82943,Rhinolophus ferrumequinum,0.024,0.024,-1,Echolocation,/mnt/ubna_data_01_mir/recover-20220825/UBNA_002/20220823_033000.WAV,Telephone Field,recover-20220825,002,1795
1113.0835,1113.1206,68437,82063,Rhinolophus ferrumequinum,0.021,0.021,-1,Echolocation,/mnt/ubna_data_01_mir/recover-20220825/UBNA_002/20220823_033000.WAV,Telephone Field,recover-20220825,002,1795
1113.1055,1113.1128,23750,33028,Plecotus austriacus,0.017,0.034,-1,Echolocation,/mnt/ubna_data_01_mir/recover-20220825/UBNA_002/20220823_033000.WAV,Telephone Field,recover-20220825,002,1795
1113.1075,1113.145,68437,82660,Rhinolophus ferrumequinum,0.022,0.022,-1,Echolocation,/mnt/ubna_data_01_mir/recover-20220825/UBNA_002/20220823_033000.WAV,Telephone Field,recover-20220825,002,1795
1113.1285,1113.1363,27187,48753,Eptesicus serotinus,0.008,0.022,-1,Echolocation,/mnt/ubna_data_01_mir/recover-20220825/UBNA_002/20220823_033000.WAV,Telephone Field,recover-20220825,002,1795
1113.1445,1113.1834,68437,82403,Rhinolophus ferrumequinum,0.023,0.023,-1,Echolocation,/mnt/ubna_data_01_mir/recover-20220825/UBNA_002/20220823_033000.WAV,Telephone Field,recover-20220825,002,1795
1113.1575,1113.1676,28046,36157,Eptesicus serotinus,0.01,0.024,-1,Echolocation,/mnt/ubna_data_01_mir/recover-20220825/UBNA_002/20220823_033000.WAV,Telephone Field,recover-20220825,002,1795
1113.1795,1113.1875,24609,32781,Eptesicus serotinus,0.007,0.026,-1,Echolocation,/mnt/ubna_data_01_mir/recover-20220825/UBNA_002/20220823_033000.WAV,Telephone Field,recover-20220825,002,1795
1113.1955,1113.2374,68437,82992,Rhinolophus ferrumequinum,0.027,0.027,-1,Echolocation,/mnt/ubna_data_01_mir/recover-20220825/UBNA_002/20220823_033000.WAV,Telephone Field,recover-20220825,002,1795
1113.2355,1113.2466,22031,26420,Nyctalus leisleri,0.011,0.022,-1,Echolocation,/mnt/ubna_data_01_mir/recover-20220825/UBNA_002/20220823_033000.WAV,Telephone Field,recover-20220825,002,1795
1113.2395,1113.2857,68437,83603,Rhinolophus ferrumequinum,0.039,0.039,-1,Echolocation,/mnt/ubna_data_01_mir/recover-20220825/UBNA_002/20220823_033000.WAV,Telephone Field,recover-20220825,002,1795
1113.2785,1113.3166,68437,82024,Rhinolophus ferrumequinum,0.022,0.022,-1,Echolocation,/mnt/ubna_data_01_mir/recover-20220825/UBNA_002/20220823_033000.WAV,Telephone Field,recover-20220825,002,1795
1113.2885,1113.3254,68437,81593,Rhinolophus ferrumequinum,0.023,0.023,-1,Echolocation,/mnt/ubna_data_01_mir/recover-20220825/UBNA_002/20220823_033000.WAV,Telephone Field,recover-20220825,002,1795
1113.3465,1113.3887,68437,82941,Rhinolophus ferrumequinum,0.027,0.027,-1,Echolocation,/mnt/ubna_data_01_mir/recover-20220825/UBNA_002/20220823_033000.WAV,Telephone Field,recover-20220825,002,1795
1113.3505,1113.3593,28046,38122,Eptesicus serotinus,0.008,0.022,-1,Echolocation,/mnt/ubna_data_01_mir/recover-20220825/UBNA_002/20220823_033000.WAV,Telephone Field,recover-20220825,002,1795
1113.3725,1113.4133,68437,82578,Rhinolophus ferrumequinum,0.025,0.025,-1,Echolocation,/mnt/ubna_data_01_mir/recover-20220825/UBNA_002/20220823_033000.WAV,Telephone Field,recover-20220825,002,1795
1113.3805,1113.3923,23750,29456,Nyctalus leisleri,0.013,0.029,-1,Echolocation,/mnt/ubna_data_01_mir/recover-20220825/UBNA_002/20220823_033000.WAV,Telephone Field,recover-20220825,002,1795
1113.4305,1113.4679,68437,81551,Rhinolophus ferrumequinum,0.03,0.03,-1,Echolocation,/mnt/ubna_data_01_mir/recover-20220825/UBNA_002/20220823_033000.WAV,Telephone Field,recover-20220825,002,1795
1113.4525,1113.4878,68437,81265,Rhinolophus ferrumequinum,0.022,0.022,-1,Echolocation,/mnt/ubna_data_01_mir/recover-20220825/UBNA_002/20220823_033000.WAV,Telephone Field,recover-20220825,002,1795
1113.4555,1113.4634,25468,34841,Plecotus austriacus,0.008,0.031,-1,Echolocation,/mnt/ubna_data_01_mir/recover-20220825/UBNA_002/20220823_033000.WAV,Telephone Field,recover-20220825,002,1795
1113.4675,1113.5051,68437,81959,Rhinolophus ferrumequinum,0.022,0.022,-1,Echolocation,/mnt/ubna_data_01_mir/recover-20220825/UBNA_002/20220823_033000.WAV,Telephone Field,recover-20220825,002,1795
1113.4915,1113.5297,68437,82039,Rhinolophus ferrumequinum,0.022,0.022,-1,Echolocation,/mnt/ubna_data_01_mir/recover-20220825/UBNA_002/20220823_033000.WAV,Telephone Field,recover-20220825,002,1795
1113.4945,1113.5019,23750,32885,Plecotus austriacus,0.01,0.023,-1,Echolocation,/mnt/ubna_data_01_mir/recover-20220825/UBNA_002/20220823_033000.WAV,Telephone Field,recover-20220825,002,1795
1113.5105,1113.5494,68437,82125,Rhinolophus ferrumequinum,0.023,0.023,-1,Echolocation,/mnt/ubna_data_01_mir/recover-20220825/UBNA_002/20220823_033000.WAV,Telephone Field,recover-20220825,002,1795
1113.5325,1113.552,19453,22607,Nyctalus leisleri,0.016,0.032,-1,Echolocation,/mnt/ubna_data_01_mir/recover-20220825/UBNA_002/20220823_033000.WAV,Telephone Field,recover-20220825,002,1795
1113.5645,1113.5726,28046,39376,Eptesicus serotinus,0.009,0.025,-1,Echolocation,/mnt/ubna_data_01_mir/recover-20220825/UBNA_002/20220823_033000.WAV,Telephone Field,recover-20220825,002,1795
1113.6115,1113.6487,68437,81831,Rhinolophus ferrumequinum,0.022,0.022,-1,Echolocation,/mnt/ubna_data_01_mir/recover-20220825/UBNA_002/20220823_033000.WAV,Telephone Field,recover-20220825,002,1795
1113.6325,1113.6395,23750,32963,Plecotus austriacus,0.012,0.025,-1,Echolocation,/mnt/ubna_data_01_mir/recover-20220825/UBNA_002/20220823_033000.WAV,Telephone Field,recover-20220825,002,1795
1113.6325,1113.6401,28906,40371,Eptesicus serotinus,0.006,0.022,-1,Echolocation,/mnt/ubna_data_01_mir/recover-20220825/UBNA_002/20220823_033000.WAV,Telephone Field,recover-20220825,002,1795
1113.6595,1113.6664,28906,38871,Eptesicus serotinus,0.008,0.032,-1,Echolocation,/mnt/ubna_data_01_mir/recover-20220825/UBNA_002/20220823_033000.WAV,Telephone Field,recover-20220825,002,1795
1113.7565,1113.7967,68437,82580,Rhinolophus ferrumequinum,0.024,0.024,-1,Echolocation,/mnt/ubna_data_01_mir/recover-20220825/UBNA_002/20220823_033000.WAV,Telephone Field,recover-20220825,002,1795
1113.7575,1113.7669,49531,53418,Pipistrellus pipistrellus,0.021,0.026,-1,Echolocation,/mnt/ubna_data_01_mir/recover-20220825/UBNA_002/20220823_033000.WAV,Telephone Field,recover-20220825,002,1795
1113.7845,1113.8228,68437,81516,Rhinolophus ferrumequinum,0.024,0.024,-1,Echolocation,/mnt/ubna_data_01_mir/recover-20220825/UBNA_002/20220823_033000.WAV,Telephone Field,recover-20220825,002,1795
1113.7845,1113.7949,45234,49420,Pipistrellus pipistrellus,0.03,0.035,-1,Echolocation,/mnt/ubna_data_01_mir/recover-20220825/UBNA_002/20220823_033000.WAV,Telephone Field,recover-20220825,002,1795
1113.7905,1113.8315,68437,82937,Rhinolophus ferrumequinum,0.024,0.024,-1,Echolocation,/mnt/ubna_data_01_mir/recover-20220825/UBNA_002/20220823_033000.WAV,Telephone Field,recover-20220825,002,1795
1113.8015,1113.8419,68437,82923,Rhinolophus ferrumequinum,0.023,0.023,-1,Echolocation,/mnt/ubna_data_01_mir/recover-20220825/UBNA_002/20220823_033000.WAV,Telephone Field,recover-20220825,002,1795
1113.8235,1113.8312,28046,43509,Eptesicus serotinus,0.007,0.022,-1,Echolocation,/mnt/ubna_data_01_mir/recover-20220825/UBNA_002/20220823_033000.WAV,Telephone Field,recover-20220825,002,1795
1113.8415,1113.8816,68437,82606,Rhinolophus ferrumequinum,0.026,0.026,-1,Echolocation,/mnt/ubna_data_01_mir/recover-20220825/UBNA_002/20220823_033000.WAV,Telephone Field,recover-20220825,002,1795
1113.8475,1113.8886,68437,82864,Rhinolophus ferrumequinum,0.024,0.025,-1,Echolocation,/mnt/ubna_data_01_mir/recover-20220825/UBNA_002/20220823_033000.WAV,Telephone Field,recover-20220825,002,1795
1113.8695,1113.9083,68437,82468,Rhinolophus ferrumequinum,0.026,0.026,-1,Echolocation,/mnt/ubna_data_01_mir/recover-20220825/UBNA_002/20220823_033000.WAV,Telephone Field,recover-20220825,002,1795
1113.8795,1113.8901,25468,32725,Eptesicus serotinus,0.011,0.03,-1,Echolocation,/mnt/ubna_data_01_mir/recover-20220825/UBNA_002/20220823_033000.WAV,Telephone Field,recover-20220825,002,1795
1113.8925,1113.9285,68437,81259,Rhinolophus ferrumequinum,0.021,0.021,-1,Echolocation,/mnt/ubna_data_01_mir/recover-20220825/UBNA_002/20220823_033000.WAV,Telephone Field,recover-20220825,002,1795
1113.9025,1113.9127,34921,41320,Pipistrellus nathusii,0.008,0.026,-1,Echolocation,/mnt/ubna_data_01_mir/recover-20220825/UBNA_002/20220823_033000.WAV,Telephone Field,recover-20220825,002,1795
1113.9255,1113.9688,68437,82801,Rhinolophus ferrumequinum,0.037,0.038,-1,Echolocation,/mnt/ubna_data_01_mir/recover-20220825/UBNA_002/20220823_033000.WAV,Telephone Field,recover-20220825,002,1795
1113.9295,1113.938,29765,39736,Myotis daubentonii,0.006,0.021,-1,Echolocation,/mnt/ubna_data_01_mir/recover-20220825/UBNA_002/20220823_033000.WAV,Telephone Field,recover-20220825,002,1795
1113.9555,1113.9927,68437,82035,Rhinolophus ferrumequinum,0.025,0.025,-1,Echolocation,/mnt/ubna_data_01_mir/recover-20220825/UBNA_002/20220823_033000.WAV,Telephone Field,recover-20220825,002,1795
1113.9725,1113.9868,22031,25854,Nyctalus leisleri,0.02,0.034,-1,Echolocation,/mnt/ubna_data_01_mir/recover-20220825/UBNA_002/20220823_033000.WAV,Telephone Field,recover-20220825,002,1795
1113.9835,1113.9916,33203,50670,Myotis daubentonii,0.01,0.022,-1,Echolocation,/mnt/ubna_data_01_mir/recover-20220825/UBNA_002/20220823_033000.WAV,Telephone Field,recover-20220825,002,1795
1113.9855,1113.9932,28046,47012,Eptesicus serotinus,0.007,0.022,-1,Echolocation,/mnt/ubna_data_01_mir/recover-20220825/UBNA_002/20220823_033000.WAV,Telephone Field,recover-20220825,002,1795
1114.0015,1114.0125,47812,52776,Pipistrellus pipistrellus,0.028,0.036,-1,Echolocation,/mnt/ubna_data_01_mir/recover-20220825/UBNA_002/20220823_033000.WAV,Telephone Field,recover-20220825,002,1795
1114.0025,1114.0457,68437,81537,Rhinolophus ferrumequinum,0.024,0.025,-1,Echolocation,/mnt/ubna_data_01_mir/recover-20220825/UBNA_002/20220823_033000.WAV,Telephone Field,recover-20220825,002,1795
1114.0065,1114.0169,26328,33441,Eptesicus serotinus,0.021,0.047,-1,Echolocation,/mnt/ubna_data_01_mir/recover-20220825/UBNA_002/20220823_033000.WAV,Telephone Field,recover-20220825,002,1795
1114.0295,1114.0696,68437,82385,Rhinolophus ferrumequinum,0.021,0.021,-1,Echolocation,/mnt/ubna_data_01_mir/recover-20220825/UBNA_002/20220823_033000.WAV,Telephone Field,recover-20220825,002,1795
1114.0365,1114.0471,25468,32210,Nyctalus leisleri,0.009,0.025,-1,Echolocation,/mnt/ubna_data_01_mir/recover-20220825/UBNA_002/20220823_033000.WAV,Telephone Field,recover-20220825,002,1795
1114.0485,1114.0892,68437,81646,Rhinolophus ferrumequinum,0.028,0.028,-1,Echolocation,/mnt/ubna_data_01_mir/recover-20220825/UBNA_002/20220823_033000.WAV,Telephone Field,recover-20220825,002,1795
1114.1155,1114.1563,68437,82815,Rhinolophus ferrumequinum,0.023,0.023,-1,Echolocation,/mnt/ubna_data_01_mir/recover-20220825/UBNA_002/20220823_033000.WAV,Telephone Field,recover-20220825,002,1795
1114.1185,1114.1262,27187,39438,Eptesicus serotinus,0.006,0.02,-1,Echolocation,/mnt/ubna_data_01_mir/recover-20220825/UBNA_002/20220823_033000.WAV,Telephone Field,recover-20220825,002,1795
1114.1385,1114.1761,68437,81336,Rhinolophus ferrumequinum,0.02,0.02,-1,Echolocation,/mnt/ubna_data_01_mir/recover-20220825/UBNA_002/20220823_033000.WAV,Telephone Field,recover-20220825,002,1795
1114.1635,1114.1719,28046,40127,Eptesicus serotinus,0.007,0.021,-1,Echolocation,/mnt/ubna_data_01_mir/recover-20220825/UBNA_002/20220823_033000.WAV,Telephone Field,recover-20220825,002,1795
1114.1955,1114.2051,22031,28141,Plecotus austriacus,0.01,0.025,-1,Echolocation,/mnt/ubna_data_01_mir/recover-20220825/UBNA_002/20220823_033000.WAV,Telephone Field,recover-20220825,002,1795
1114.1965,1114.2033,28046,38609,Eptesicus serotinus,0.005,0.022,-1,Echolocation,/mnt/ubna_data_01_mir/recover-20220825/UBNA_002/20220823_033000.WAV,Telephone Field,recover-20220825,002,1795
1114.2145,1114.2564,68437,83006,Rhinolophus ferrumequinum,0.023,0.023,-1,Echolocation,/mnt/ubna_data_01_mir/recover-20220825/UBNA_002/20220823_033000.WAV,Telephone Field,recover-20220825,002,1795
1114.2155,1114.225,46093,51760,Pipistrellus pipistrellus,0.027,0.03,-1,Echolocation,/mnt/ubna_data_01_mir/recover-20220825/UBNA_002/20220823_033000.WAV,Telephone Field,recover-20220825,002,1795
1114.2395,1114.2795,68437,82340,Rhinolophus ferrumequinum,0.025,0.025,-1,Echolocation,/mnt/ubna_data_01_mir/recover-20220825/UBNA_002/20220823_033000.WAV,Telephone Field,recover-20220825,002,1795
1114.2905,1114.3324,68437,83230,Rhinolophus ferrumequinum,0.023,0.023,-1,Echolocation,/mnt/ubna_data_01_mir/recover-20220825/UBNA_002/20220823_033000.WAV,Telephone Field,recover-20220825,002,1795
1114.3185,1114.3563,68437,82349,Rhinolophus ferrumequinum,0.021,0.021,-1,Echolocation,/mnt/ubna_data_01_mir/recover-20220825/UBNA_002/20220823_033000.WAV,Telephone Field,recover-20220825,002,1795
1114.4275,1114.4356,28046,39732,Eptesicus serotinus,0.006,0.02,-1,Echolocation,/mnt/ubna_data_01_mir/recover-20220825/UBNA_002/20220823_033000.WAV,Telephone Field,recover-20220825,002,1795
1114.4385,1114.4465,22890,30322,Plecotus austriacus,0.009,0.022,-1,Echolocation,/mnt/ubna_data_01_mir/recover-20220825/UBNA_002/20220823_033000.WAV,Telephone Field,recover-20220825,002,1795
1114.4445,1114.4523,50390,57851,Pipistrellus pipistrellus,0.019,0.021,-1,Echolocation,/mnt/ubna_data_01_mir/recover-20220825/UBNA_002/20220823_033000.WAV,Telephone Field,recover-20220825,002,1795
1114.4455,1114.4842,68437,82733,Rhinolophus ferrumequinum,0.023,0.023,-1,Echolocation,/mnt/ubna_data_01_mir/recover-20220825/UBNA_002/20220823_033000.WAV,Telephone Field,recover-20220825,002,1795
1114.4525,1114.4611,28906,36764,Eptesicus serotinus,0.009,0.023,-1,Echolocation,/mnt/ubna_data_01_mir/recover-20220825/UBNA_002/20220823_033000.WAV,Telephone Field,recover-20220825,002,1795
1114.4675,1114.4772,26328,34160,Eptesicus serotinus,0.009,0.022,-1,Echolocation,/mnt/ubna_data_01_mir/recover-20220825/UBNA_002/20220823_033000.WAV,Telephone Field,recover-20220825,002,1795
1114.5235,1114.5306,46093,49563,Pipistrellus pipistrellus,0.02,0.021,-1,Echolocation,/mnt/ubna_data_01_mir/recover-20220825/UBNA_002/20220823_033000.WAV,Telephone Field,recover-20220825,002,1795
1114.5355,1114.5781,68437,82867,Rhinolophus ferrumequinum,0.021,0.021,-1,Echolocation,/mnt/ubna_data_01_mir/recover-20220825/UBNA_002/20220823_033000.WAV,Telephone Field,recover-20220825,002,1795
1114.5655,1114.575,23750,30714,Nyctalus leisleri,0.01,0.028,-1,Echolocation,/mnt/ubna_data_01_mir/recover-20220825/UBNA_002/20220823_033000.WAV,Telephone Field,recover-20220825,002,1795
1114.5655,1114.6043,68437,82720,Rhinolophus ferrumequinum,0.026,0.026,-1,Echolocation,/mnt/ubna_data_01_mir/recover-20220825/UBNA_002/20220823_033000.WAV,Telephone Field,recover-20220825,002,1795
1114.6045,1114.6138,28046,36372,Eptesicus serotinus,0.015,0.035,-1,Echolocation,/mnt/ubna_data_01_mir/recover-20220825/UBNA_002/20220823_033000.WAV,Telephone Field,recover-20220825,002,1795
1114.6045,1114.6411,68437,81741,Rhinolophus ferrumequinum,0.023,0.023,-1,Echolocation,/mnt/ubna_data_01_mir/recover-20220825/UBNA_002/20220823_033000.WAV,Telephone Field,recover-20220825,002,1795
1114.6345,1114.6726,68437,81926,Rhinolophus ferrumequinum,0.022,0.022,-1,Echolocation,/mnt/ubna_data_01_mir/recover-20220825/UBNA_002/20220823_033000.WAV,Telephone Field,recover-20220825,002,1795
1114.6685,1114.6763,28046,40019,Eptesicus serotinus,0.007,0.022,-1,Echolocation,/mnt/ubna_data_01_mir/recover-20220825/UBNA_002/20220823_033000.WAV,Telephone Field,recover-20220825,002,1795
1114.7025,1114.7423,68437,82469,Rhinolophus ferrumequinum,0.021,0.021,-1,Echolocation,/mnt/ubna_data_01_mir/recover-20220825/UBNA_002/20220823_033000.WAV,Telephone Field,recover-20220825,002,1795
1114.7165,1114.723,48671,53546,Pipistrellus pipistrellus,0.02,0.022,-1,Echolocation,/mnt/ubna_data_01_mir/recover-20220825/UBNA_002/20220823_033000.WAV,Telephone Field,recover-20220825,002,1795
1114.7565,1114.7933,68437,81288,Rhinolophus ferrumequinum,0.023,0.023,-1,Echolocation,/mnt/ubna_data_01_mir/recover-20220825/UBNA_002/20220823_033000.WAV,Telephone Field,recover-20220825,002,1795
1114.7715,1114.807,68437,81350,Rhinolophus ferrumequinum,0.021,0.021,-1,Echolocation,/mnt/ubna_data_01_mir/recover-20220825/UBNA_002/20220823_033000.WAV,Telephone Field,recover-20220825,002,1795
1114.7915,1114.8011,28906,38033,Eptesicus serotinus,0.009,0.022,-1,Echolocation,/mnt/ubna_data_01_mir/recover-20220825/UBNA_002/20220823_033000.WAV,Telephone Field,recover-20220825,002,1795
1114.7985,1114.8086,28046,36344,Eptesicus serotinus,0.009,0.022,-1,Echolocation,/mnt/ubna_data_01_mir/recover-20220825/UBNA_002/20220823_033000.WAV,Telephone Field,recover-20220825,002,1795
1114.8335,1114.8675,68437,80634,Rhinolophus ferrumequinum,0.022,0.022,-1,Echolocation,/mnt/ubna_data_01_mir/recover-20220825/UBNA_002/20220823_033000.WAV,Telephone Field,recover-20220825,002,1795
1114.8575,1114.8906,68437,80924,Rhinolophus ferrumequinum,0.022,0.022,-1,Echolocation,/mnt/ubna_data_01_mir/recover-20220825/UBNA_002/20220823_033000.WAV,Telephone Field,recover-20220825,002,1795
1114.8735,1114.8853,28906,37373,Eptesicus serotinus,0.013,0.025,-1,Echolocation,/mnt/ubna_data_01_mir/recover-20220825/UBNA_002/20220823_033000.WAV,Telephone Field,recover-20220825,002,1795
1114.8795,1114.8883,28906,37514,Eptesicus serotinus,0.01,0.026,-1,Echolocation,/mnt/ubna_data_01_mir/recover-20220825/UBNA_002/20220823_033000.WAV,Telephone Field,recover-20220825,002,1795
1114.8965,1114.906,49531,53778,Pipistrellus pipistrellus,0.018,0.02,-1,Echolocation,/mnt/ubna_data_01_mir/recover-20220825/UBNA_002/20220823_033000.WAV,Telephone Field,recover-20220825,002,1795
1114.9455,1114.9556,24609,31504,Nyctalus leisleri,0.008,0.022,-1,Echolocation,/mnt/ubna_data_01_mir/recover-20220825/UBNA_002/20220823_033000.WAV,Telephone Field,recover-20220825,002,1795
1114.9655,1114.9747,28046,39411,Eptesicus serotinus,0.008,0.021,-1,Echolocation,/mnt/ubna_data_01_mir/recover-20220825/UBNA_002/20220823_033000.WAV,Telephone Field,recover-20220825,002,1795
1114.9865,1115.0248,68437,82134,Rhinolophus ferrumequinum,0.02,0.02,-1,Echolocation,/mnt/ubna_data_01_mir/recover-20220825/UBNA_002/20220823_033000.WAV,Telephone Field,recover-20220825,002,1795
1114.9955,1115.0037,26328,35896,Eptesicus serotinus,0.014,0.034,-1,Echolocation,/mnt/ubna_data_01_mir/recover-20220825/UBNA_002/20220823_033000.WAV,Telephone Field,recover-20220825,002,1795
1115.0635,1115.1006,68437,81668,Rhinolophus ferrumequinum,0.021,0.021,-1,Echolocation,/mnt/ubna_data_01_mir/recover-20220825/UBNA_002/20220823_033000.WAV,Telephone Field,recover-20220825,002,1795
1115.1015,1115.1436,68437,83159,Rhinolophus ferrumequinum,0.031,0.031,-1,Echolocation,/mnt/ubna_data_01_mir/recover-20220825/UBNA_002/20220823_033000.WAV,Telephone Field,recover-20220825,002,1795
1115.1235,1115.164,68437,82454,Rhinolophus ferrumequinum,0.021,0.021,-1,Echolocation,/mnt/ubna_data_01_mir/recover-20220825/UBNA_002/20220823_033000.WAV,Telephone Field,recover-20220825,002,1795
1115.1275,1115.1378,22031,26776,Nyctalus leisleri,0.009,0.02,-1,Echolocation,/mnt/ubna_data_01_mir/recover-20220825/UBNA_002/20220823_033000.WAV,Telephone Field,recover-20220825,002,1795
1115.1515,1115.1905,68437,81939,Rhinolophus ferrumequinum,0.024,0.024,-1,Echolocation,/mnt/ubna_data_01_mir/recover-20220825/UBNA_002/20220823_033000.WAV,Telephone Field,recover-20220825,002,1795
1115.1615,1115.197,68437,82043,Rhinolophus ferrumequinum,0.02,0.02,-1,Echolocation,/mnt/ubna_data_01_mir/recover-20220825/UBNA_002/20220823_033000.WAV,Telephone Field,recover-20220825,002,1795
1115.1695,1115.2094,68437,82362,Rhinolophus ferrumequinum,0.02,0.02,-1,Echolocation,/mnt/ubna_data_01_mir/recover-20220825/UBNA_002/20220823_033000.WAV,Telephone Field,recover-20220825,002,1795
1115.2135,1115.2514,68437,82216,Rhinolophus ferrumequinum,0.02,0.021,-1,Echolocation,/mnt/ubna_data_01_mir/recover-20220825/UBNA_002/20220823_033000.WAV,Telephone Field,recover-20220825,002,1795
1115.2445,1115.289,68437,83104,Rhinolophus ferrumequinum,0.031,0.031,-1,Echolocation,/mnt/ubna_data_01_mir/recover-20220825/UBNA_002/20220823_033000.WAV,Telephone Field,recover-20220825,002,1795
1115.3145,1115.3513,68437,80456,Rhinolophus ferrumequinum,0.024,0.024,-1,Echolocation,/mnt/ubna_data_01_mir/recover-20220825/UBNA_002/20220823_033000.WAV,Telephone Field,recover-20220825,002,1795
1115.3565,1115.3643,27187,38917,Eptesicus serotinus,0.007,0.021,-1,Echolocation,/mnt/ubna_data_01_mir/recover-20220825/UBNA_002/20220823_033000.WAV,Telephone Field,recover-20220825,002,1795
1115.3985,1115.4079,27187,37744,Eptesicus serotinus,0.007,0.02,-1,Echolocation,/mnt/ubna_data_01_mir/recover-20220825/UBNA_002/20220823_033000.WAV,Telephone Field,recover-20220825,002,1795
1115.4045,1115.4393,68437,81759,Rhinolophus ferrumequinum,0.021,0.021,-1,Echolocation,/mnt/ubna_data_01_mir/recover-20220825/UBNA_002/20220823_033000.WAV,Telephone Field,recover-20220825,002,1795
1115.4155,1115.4559,68437,82001,Rhinolophus ferrumequinum,0.022,0.022,-1,Echolocation,/mnt/ubna_data_01_mir/recover-20220825/UBNA_002/20220823_033000.WAV,Telephone Field,recover-20220825,002,1795
1115.4515,1115.4896,68437,82213,Rhinolophus ferrumequinum,0.021,0.021,-1,Echolocation,/mnt/ubna_data_01_mir/recover-20220825/UBNA_002/20220823_033000.WAV,Telephone Field,recover-20220825,002,1795
1115.4545,1115.4632,28046,36647,Eptesicus serotinus,0.008,0.022,-1,Echolocation,/mnt/ubna_data_01_mir/recover-20220825/UBNA_002/20220823_033000.WAV,Telephone Field,recover-20220825,002,1795
1115.5625,1115.571,27187,40076,Eptesicus serotinus,0.009,0.023,-1,Echolocation,/mnt/ubna_data_01_mir/recover-20220825/UBNA_002/20220823_033000.WAV,Telephone Field,recover-20220825,002,1795
1115.5725,1115.5838,28906,34959,Eptesicus serotinus,0.009,0.021,-1,Echolocation,/mnt/ubna_data_01_mir/recover-20220825/UBNA_002/20220823_033000.WAV,Telephone Field,recover-20220825,002,1795
1115.6315,1115.6416,23750,29792,Nyctalus leisleri,0.008,0.02,-1,Echolocation,/mnt/ubna_data_01_mir/recover-20220825/UBNA_002/20220823_033000.WAV,Telephone Field,recover-20220825,002,1795
1115.6755,1115.7121,68437,81403,Rhinolophus ferrumequinum,0.021,0.021,-1,Echolocation,/mnt/ubna_data_01_mir/recover-20220825/UBNA_002/20220823_033000.WAV,Telephone Field,recover-20220825,002,1795
1115.6945,1115.7352,68437,82608,Rhinolophus ferrumequinum,0.021,0.021,-1,Echolocation,/mnt/ubna_data_01_mir/recover-20220825/UBNA_002/20220823_033000.WAV,Telephone Field,recover-20220825,002,1795
1115.7725,1115.8116,68437,81795,Rhinolophus ferrumequinum,0.022,0.022,-1,Echolocation,/mnt/ubna_data_01_mir/recover-20220825/UBNA_002/20220823_033000.WAV,Telephone Field,recover-20220825,002,1795
1115.7795,1115.8194,68437,82050,Rhinolophus ferrumequinum,0.022,0.022,-1,Echolocation,/mnt/ubna_data_01_mir/recover-20220825/UBNA_002/20220823_033000.WAV,Telephone Field,recover-20220825,002,1795
1115.7915,1115.8303,68437,81965,Rhinolophus ferrumequinum,0.022,0.022,-1,Echolocation,/mnt/ubna_data_01_mir/recover-20220825/UBNA_002/20220823_033000.WAV,Telephone Field,recover-20220825,002,1795
1115.7995,1115.8372,68437,82072,Rhinolophus ferrumequinum,0.02,0.02,-1,Echolocation,/mnt/ubna_data_01_mir/recover-20220825/UBNA_002/20220823_033000.WAV,Telephone Field,recover-20220825,002,1795
1115.8745,1115.8843,23750,30366,Nyctalus leisleri,0.008,0.021,-1,Echolocation,/mnt/ubna_data_01_mir/recover-20220825/UBNA_002/20220823_033000.WAV,Telephone Field,recover-20220825,002,1795
1115.8855,1115.9281,68437,83539,Rhinolophus ferrumequinum,0.027,0.027,-1,Echolocation,/mnt/ubna_data_01_mir/recover-20220825/UBNA_002/20220823_033000.WAV,Telephone Field,recover-20220825,002,1795
1115.8955,1115.9025,28046,40643,Eptesicus serotinus,0.007,0.025,-1,Echolocation,/mnt/ubna_data_01_mir/recover-20220825/UBNA_002/20220823_033000.WAV,Telephone Field,recover-20220825,002,1795
1115.9005,1115.912,22890,27721,Nyctalus leisleri,0.012,0.023,-1,Echolocation,/mnt/ubna_data_01_mir/recover-20220825/UBNA_002/20220823_033000.WAV,Telephone Field,recover-20220825,002,1795
1115.9255,1115.9631,68437,82376,Rhinolophus ferrumequinum,0.024,0.024,-1,Echolocation,/mnt/ubna_data_01_mir/recover-20220825/UBNA_002/20220823_033000.WAV,Telephone Field,recover-20220825,002,1795
1115.9375,1115.9455,26328,40071,Eptesicus serotinus,0.007,0.02,-1,Echolocation,/mnt/ubna_data_01_mir/recover-20220825/UBNA_002/20220823_033000.WAV,Telephone Field,recover-20220825,002,1795
1115.9495,1115.9598,22890,28572,Nyctalus leisleri,0.01,0.023,-1,Echolocation,/mnt/ubna_data_01_mir/recover-20220825/UBNA_002/20220823_033000.WAV,Telephone Field,recover-20220825,002,1795
1115.9575,1115.9968,68437,82333,Rhinolophus ferrumequinum,0.021,0.021,-1,Echolocation,/mnt/ubna_data_01_mir/recover-20220825/UBNA_002/20220823_033000.WAV,Telephone Field,recover-20220825,002,1795
1116.0015,1116.0086,23750,32869,Plecotus austriacus,0.008,0.028,-1,Echolocation,/mnt/ubna_data_01_mir/recover-20220825/UBNA_002/20220823_033000.WAV,Telephone Field,recover-20220825,002,1795
1116.0015,1116.0349,68437,79908,Rhinolophus ferrumequinum,0.051,0.051,-1,Echolocation,/mnt/ubna_data_01_mir/recover-20220825/UBNA_002/20220823_033000.WAV,Telephone Field,recover-20220825,002,1795
1116.0085,1116.0491,68437,82579,Rhinolophus ferrumequinum,0.021,0.021,-1,Echolocation,/mnt/ubna_data_01_mir/recover-20220825/UBNA_002/20220823_033000.WAV,Telephone Field,recover-20220825,002,1795
1116.1015,1116.1407,68437,81982,Rhinolophus ferrumequinum,0.021,0.021,-1,Echolocation,/mnt/ubna_data_01_mir/recover-20220825/UBNA_002/20220823_033000.WAV,Telephone Field,recover-20220825,002,1795
1116.1265,1116.1354,28906,38541,Eptesicus serotinus,0.008,0.022,-1,Echolocation,/mnt/ubna_data_01_mir/recover-20220825/UBNA_002/20220823_033000.WAV,Telephone Field,recover-20220825,002,1795
1116.1715,1116.1805,28046,37832,Eptesicus serotinus,0.009,0.025,-1,Echolocation,/mnt/ubna_data_01_mir/recover-20220825/UBNA_002/20220823_033000.WAV,Telephone Field,recover-20220825,002,1795
1116.1865,1116.2055,19453,22502,Nyctalus leisleri,0.014,0.028,-1,Echolocation,/mnt/ubna_data_01_mir/recover-20220825/UBNA_002/20220823_033000.WAV,Telephone Field,recover-20220825,002,1795
1116.2215,1116.2609,68437,81996,Rhinolophus ferrumequinum,0.023,0.023,-1,Echolocation,/mnt/ubna_data_01_mir/recover-20220825/UBNA_002/20220823_033000.WAV,Telephone Field,recover-20220825,002,1795
1116.2565,1116.2704,23750,29405,Nyctalus leisleri,0.012,0.028,-1,Echolocation,/mnt/ubna_data_01_mir/recover-20220825/UBNA_002/20220823_033000.WAV,Telephone Field,recover-20220825,002,1795
1116.2635,1116.2742,26328,33245,Eptesicus serotinus,0.013,0.026,-1,Echolocation,/mnt/ubna_data_01_mir/recover-20220825/UBNA_002/20220823_033000.WAV,Telephone Field,recover-20220825,002,1795
1116.2685,1116.3072,68437,82407,Rhinolophus ferrumequinum,0.021,0.021,-1,Echolocation,/mnt/ubna_data_01_mir/recover-20220825/UBNA_002/20220823_033000.WAV,Telephone Field,recover-20220825,002,1795
1116.3215,1116.3587,68437,80932,Rhinolophus ferrumequinum,0.021,0.021,-1,Echolocation,/mnt/ubna_data_01_mir/recover-20220825/UBNA_002/20220823_033000.WAV,Telephone Field,recover-20220825,002,1795
1116.3325,1116.3421,22890,29120,Nyctalus leisleri,0.007,0.024,-1,Echolocation,/mnt/ubna_data_01_mir/recover-20220825/UBNA_002/20220823_033000.WAV,Telephone Field,recover-20220825,002,1795
1116.3475,1116.3544,28906,41092,Eptesicus serotinus,0.008,0.025,-1,Echolocation,/mnt/ubna_data_01_mir/recover-20220825/UBNA_002/20220823_033000.WAV,Telephone Field,recover-20220825,002,1795
1116.3625,1116.4021,68437,81912,Rhinolophus ferrumequinum,0.022,0.022,-1,Echolocation,/mnt/ubna_data_01_mir/recover-20220825/UBNA_002/20220823_033000.WAV,Telephone Field,recover-20220825,002,1795
1116.3685,1116.3783,25468,34006,Eptesicus serotinus,0.01,0.028,-1,Echolocation,/mnt/ubna_data_01_mir/recover-20220825/UBNA_002/20220823_033000.WAV,Telephone Field,recover-20220825,002,1795
1116.3895,1116.4013,28906,35881,Eptesicus serotinus,0.013,0.024,-1,Echolocation,/mnt/ubna_data_01_mir/recover-20220825/UBNA_002/20220823_033000.WAV,Telephone Field,recover-20220825,002,1795
1116.3915,1116.4008,22031,28249,Plecotus austriacus,0.008,0.022,-1,Echolocation,/mnt/ubna_data_01_mir/recover-20220825/UBNA_002/20220823_033000.WAV,Telephone Field,recover-20220825,002,1795
1116.3995,1116.4394,68437,82670,Rhinolophus ferrumequinum,0.027,0.027,-1,Echolocation,/mnt/ubna_data_01_mir/recover-20220825/UBNA_002/20220823_033000.WAV,Telephone Field,recover-20220825,002,1795
1116.4255,1116.4349,23750,32301,Eptesicus serotinus,0.01,0.039,-1,Echolocation,/mnt/ubna_data_01_mir/recover-20220825/UBNA_002/20220823_033000.WAV,Telephone Field,recover-20220825,002,1795
1116.4435,1116.4528,28906,36862,Eptesicus serotinus,0.009,0.023,-1,Echolocation,/mnt/ubna_data_01_mir/recover-20220825/UBNA_002/20220823_033000.WAV,Telephone Field,recover-20220825,002,1795
1116.4505,1116.4884,68437,82321,Rhinolophus ferrumequinum,0.026,0.026,-1,Echolocation,/mnt/ubna_data_01_mir/recover-20220825/UBNA_002/20220823_033000.WAV,Telephone Field,recover-20220825,002,1795
1116.4675,1116.5066,68437,82655,Rhinolophus ferrumequinum,0.022,0.022,-1,Echolocation,/mnt/ubna_data_01_mir/recover-20220825/UBNA_002/20220823_033000.WAV,Telephone Field,recover-20220825,002,1795
1116.4935,1116.5015,28906,41751,Eptesicus serotinus,0.007,0.021,-1,Echolocation,/mnt/ubna_data_01_mir/recover-20220825/UBNA_002/20220823_033000.WAV,Telephone Field,recover-20220825,002,1795
1116.5105,1116.5471,68437,81322,Rhinolophus ferrumequinum,0.023,0.023,-1,Echolocation,/mnt/ubna_data_01_mir/recover-20220825/UBNA_002/20220823_033000.WAV,Telephone Field,recover-20220825,002,1795
1116.5315,1116.5703,68437,82722,Rhinolophus ferrumequinum,0.026,0.026,-1,Echolocation,/mnt/ubna_data_01_mir/recover-20220825/UBNA_002/20220823_033000.WAV,Telephone Field,recover-20220825,002,1795
1116.5665,1116.6094,68437,83084,Rhinolophus ferrumequinum,0.023,0.023,-1,Echolocation,/mnt/ubna_data_01_mir/recover-20220825/UBNA_002/20220823_033000.WAV,Telephone Field,recover-20220825,002,1795
1116.5695,1116.5768,23750,32118,Plecotus austriacus,0.011,0.023,-1,Echolocation,/mnt/ubna_data_01_mir/recover-20220825/UBNA_002/20220823_033000.WAV,Telephone Field,recover-20220825,002,1795
1116.5715,1116.5809,28906,37638,Eptesicus serotinus,0.009,0.025,-1,Echolocation,/mnt/ubna_data_01_mir/recover-20220825/UBNA_002/20220823_033000.WAV,Telephone Field,recover-20220825,002,1795
1116.5935,1116.6305,68437,81559,Rhinolophus ferrumequinum,0.022,0.022,-1,Echolocation,/mnt/ubna_data_01_mir/recover-20220825/UBNA_002/20220823_033000.WAV,Telephone Field,recover-20220825,002,1795
1116.6365,1116.6767,68437,82040,Rhinolophus ferrumequinum,0.022,0.022,-1,Echolocation,/mnt/ubna_data_01_mir/recover-20220825/UBNA_002/20220823_033000.WAV,Telephone Field,recover-20220825,002,1795
1116.6425,1116.6523,22031,27510,Plecotus austriacus,0.009,0.024,-1,Echolocation,/mnt/ubna_data_01_mir/recover-20220825/UBNA_002/20220823_033000.WAV,Telephone Field,recover-20220825,002,1795
1116.6495,1116.686,68437,81860,Rhinolophus ferrumequinum,0.021,0.021,-1,Echolocation,/mnt/ubna_data_01_mir/recover-20220825/UBNA_002/20220823_033000.WAV,Telephone Field,recover-20220825,002,1795
1116.6995,1116.735,68437,81547,Rhinolophus ferrumequinum,0.021,0.021,-1,Echolocation,/mnt/ubna_data_01_mir/recover-20220825/UBNA_002/20220823_033000.WAV,Telephone Field,recover-20220825,002,1795
1116.7125,1116.7194,27187,42894,Eptesicus serotinus,0.007,0.025,-1,Echolocation,/mnt/ubna_data_01_mir/recover-20220825/UBNA_002/20220823_033000.WAV,Telephone Field,recover-20220825,002,1795
1116.7505,1116.7579,28906,38655,Eptesicus serotinus,0.008,0.024,-1,Echolocation,/mnt/ubna_data_01_mir/recover-20220825/UBNA_002/20220823_033000.WAV,Telephone Field,recover-20220825,002,1795
1116.8125,1116.8228,28906,35784,Eptesicus serotinus,0.008,0.021,-1,Echolocation,/mnt/ubna_data_01_mir/recover-20220825/UBNA_002/20220823_033000.WAV,Telephone Field,recover-20220825,002,1795
1116.8645,1116.9071,68437,82807,Rhinolophus ferrumequinum,0.029,0.029,-1,Echolocation,/mnt/ubna_data_01_mir/recover-20220825/UBNA_002/20220823_033000.WAV,Telephone Field,recover-20220825,002,1795
1116.8715,1116.8779,28046,42123,Eptesicus serotinus,0.005,0.025,-1,Echolocation,/mnt/ubna_data_01_mir/recover-20220825/UBNA_002/20220823_033000.WAV,Telephone Field,recover-20220825,002,1795
1116.8885,1116.9281,68437,82495,Rhinolophus ferrumequinum,0.025,0.025,-1,Echolocation,/mnt/ubna_data_01_mir/recover-20220825/UBNA_002/20220823_033000.WAV,Telephone Field,recover-20220825,002,1795
1116.9235,1116.9339,22890,28802,Nyctalus leisleri,0.009,0.022,-1,Echolocation,/mnt/ubna_data_01_mir/recover-20220825/UBNA_002/20220823_033000.WAV,Telephone Field,recover-20220825,002,1795
1116.9355,1116.9748,68437,82146,Rhinolophus ferrumequinum,0.022,0.022,-1,Echolocation,/mnt/ubna_data_01_mir/recover-20220825/UBNA_002/20220823_033000.WAV,Telephone Field,recover-20220825,002,1795
1116.9425,1116.9816,68437,82526,Rhinolophus ferrumequinum,0.021,0.021,-1,Echolocation,/mnt/ubna_data_01_mir/recover-20220825/UBNA_002/20220823_033000.WAV,Telephone Field,recover-20220825,002,1795
1116.9835,1117.0262,68437,82830,Rhinolophus ferrumequinum,0.026,0.026,-1,Echolocation,/mnt/ubna_data_01_mir/recover-20220825/UBNA_002/20220823_033000.WAV,Telephone Field,recover-20220825,002,1795
1116.9875,1116.9967,45234,50973,Pipistrellus pipistrellus,0.019,0.023,-1,Echolocation,/mnt/ubna_data_01_mir/recover-20220825/UBNA_002/20220823_033000.WAV,Telephone Field,recover-20220825,002,1795
1117.0055,1117.0401,68437,81417,Rhinolophus ferrumequinum,0.022,0.022,-1,Echolocation,/mnt/ubna_data_01_mir/recover-20220825/UBNA_002/20220823_033000.WAV,Telephone Field,recover-20220825,002,1795
1117.0525,1117.0952,68437,83555,Rhinolophus ferrumequinum,0.033,0.033,-1,Echolocation,/mnt/ubna_data_01_mir/recover-20220825/UBNA_002/20220823_033000.WAV,Telephone Field,recover-20220825,002,1795
1117.0635,1117.1016,68437,82565,Rhinolophus ferrumequinum,0.023,0.023,-1,Echolocation,/mnt/ubna_data_01_mir/recover-20220825/UBNA_002/20220823_033000.WAV,Telephone Field,recover-20220825,002,1795
1117.1025,1117.1428,68437,82032,Rhinolophus ferrumequinum,0.023,0.023,-1,Echolocation,/mnt/ubna_data_01_mir/recover-20220825/UBNA_002/20220823_033000.WAV,Telephone Field,recover-20220825,002,1795
1117.1065,1117.1238,18593,22681,Nyctalus noctula,0.014,0.027,-1,Echolocation,/mnt/ubna_data_01_mir/recover-20220825/UBNA_002/20220823_033000.WAV,Telephone Field,recover-20220825,002,1795
1117.1605,1117.1691,26328,37348,Eptesicus serotinus,0.007,0.021,-1,Echolocation,/mnt/ubna_data_01_mir/recover-20220825/UBNA_002/20220823_033000.WAV,Telephone Field,recover-20220825,002,1795
1117.1935,1117.2026,28906,39112,Eptesicus serotinus,0.01,0.024,-1,Echolocation,/mnt/ubna_data_01_mir/recover-20220825/UBNA_002/20220823_033000.WAV,Telephone Field,recover-20220825,002,1795
1117.2175,1117.228,22031,26666,Nyctalus leisleri,0.01,0.021,-1,Echolocation,/mnt/ubna_data_01_mir/recover-20220825/UBNA_002/20220823_033000.WAV,Telephone Field,recover-20220825,002,1795
1117.2405,1117.2771,68437,81677,Rhinolophus ferrumequinum,0.022,0.022,-1,Echolocation,/mnt/ubna_data_01_mir/recover-20220825/UBNA_002/20220823_033000.WAV,Telephone Field,recover-20220825,002,1795
1117.2495,1117.2897,68437,82484,Rhinolophus ferrumequinum,0.022,0.022,-1,Echolocation,/mnt/ubna_data_01_mir/recover-20220825/UBNA_002/20220823_033000.WAV,Telephone Field,recover-20220825,002,1795
1117.2995,1117.3371,68437,81337,Rhinolophus ferrumequinum,0.034,0.034,-1,Echolocation,/mnt/ubna_data_01_mir/recover-20220825/UBNA_002/20220823_033000.WAV,Telephone Field,recover-20220825,002,1795
1117.3145,1117.3204,27187,42654,Eptesicus serotinus,0.005,0.023,-1,Echolocation,/mnt/ubna_data_01_mir/recover-20220825/UBNA_002/20220823_033000.WAV,Telephone Field,recover-20220825,002,1795
1117.3315,1117.3734,68437,82684,Rhinolophus ferrumequinum,0.034,0.034,-1,Echolocation,/mnt/ubna_data_01_mir/recover-20220825/UBNA_002/20220823_033000.WAV,Telephone Field,recover-20220825,002,1795
1117.3505,1117.3581,24609,33332,Plecotus austriacus,0.007,0.023,-1,Echolocation,/mnt/ubna_data_01_mir/recover-20220825/UBNA_002/20220823_033000.WAV,Telephone Field,recover-20220825,002,1795
1117.3555,1117.394,68437,81918,Rhinolophus ferrumequinum,0.021,0.021,-1,Echolocation,/mnt/ubna_data_01_mir/recover-20220825/UBNA_002/20220823_033000.WAV,Telephone Field,recover-20220825,002,1795
1117.3845,1117.3932,23750,34451,Plecotus austriacus,0.009,0.026,-1,Echolocation,/mnt/ubna_data_01_mir/recover-20220825/UBNA_002/20220823_033000.WAV,Telephone Field,recover-20220825,002,1795
1117.3895,1117.3966,28046,40498,Eptesicus serotinus,0.008,0.027,-1,Echolocation,/mnt/ubna_data_01_mir/recover-20220825/UBNA_002/20220823_033000.WAV,Telephone Field,recover-20220825,002,1795
1117.4385,1117.4792,68437,82019,Rhinolophus ferrumequinum,0.022,0.022,-1,Echolocation,/mnt/ubna_data_01_mir/recover-20220825/UBNA_002/20220823_033000.WAV,Telephone Field,recover-20220825,002,1795
1117.4495,1117.4566,24609,33687,Plecotus austriacus,0.009,0.023,-1,Echolocation,/mnt/ubna_data_01_mir/recover-20220825/UBNA_002/20220823_033000.WAV,Telephone Field,recover-20220825,002,1795
1117.4665,1117.5032,68437,81158,Rhinolophus ferrumequinum,0.021,0.021,-1,Echolocation,/mnt/ubna_data_01_mir/recover-20220825/UBNA_002/20220823_033000.WAV,Telephone Field,recover-20220825,002,1795
1117.4745,1117.5082,68437,80846,Rhinolophus ferrumequinum,0.023,0.023,-1,Echolocation,/mnt/ubna_data_01_mir/recover-20220825/UBNA_002/20220823_033000.WAV,Telephone Field,recover-20220825,002,1795
1117.4855,1117.5191,68437,80361,Rhinolophus ferrumequinum,0.021,0.021,-1,Echolocation,/mnt/ubna_data_01_mir/recover-20220825/UBNA_002/20220823_033000.WAV,Telephone Field,recover-20220825,002,1795
1117.5065,1117.5474,68437,82662,Rhinolophus ferrumequinum,0.039,0.039,-1,Echolocation,/mnt/ubna_data_01_mir/recover-20220825/UBNA_002/20220823_033000.WAV,Telephone Field,recover-20220825,002,1795
1117.5175,1117.5251,46093,50123,Pipistrellus pipistrellus,0.022,0.023,-1,Echolocation,/mnt/ubna_data_01_mir/recover-20220825/UBNA_002/20220823_033000.WAV,Telephone Field,recover-20220825,002,1795
1117.5405,1117.548,26328,35402,Eptesicus serotinus,0.007,0.022,-1,Echolocation,/mnt/ubna_data_01_mir/recover-20220825/UBNA_002/20220823_033000.WAV,Telephone Field,recover-20220825,002,1795
1117.5685,1117.6098,68437,82685,Rhinolophus ferrumequinum,0.021,0.022,-1,Echolocation,/mnt/ubna_data_01_mir/recover-20220825/UBNA_002/20220823_033000.WAV,Telephone Field,recover-20220825,002,1795
1117.5735,1117.5848,28906,36489,Eptesicus serotinus,0.014,0.028,-1,Echolocation,/mnt/ubna_data_01_mir/recover-20220825/UBNA_002/20220823_033000.WAV,Telephone Field,recover-20220825,002,1795
1117.5845,1117.5914,28046,42225,Eptesicus serotinus,0.006,0.026,-1,Echolocation,/mnt/ubna_data_01_mir/recover-20220825/UBNA_002/20220823_033000.WAV,Telephone Field,recover-20220825,002,1795
1117.5895,1117.629,68437,82226,Rhinolophus ferrumequinum,0.023,0.023,-1,Echolocation,/mnt/ubna_data_01_mir/recover-20220825/UBNA_002/20220823_033000.WAV,Telephone Field,recover-20220825,002,1795
1117.6335,1117.674,68437,82613,Rhinolophus ferrumequinum,0.022,0.022,-1,Echolocation,/mnt/ubna_data_01_mir/recover-20220825/UBNA_002/20220823_033000.WAV,Telephone Field,recover-20220825,002,1795
1117.6355,1117.6458,22890,28533,Nyctalus leisleri,0.009,0.021,-1,Echolocation,/mnt/ubna_data_01_mir/recover-20220825/UBNA_002/20220823_033000.WAV,Telephone Field,recover-20220825,002,1795
1117.6885,1117.6968,22890,30894,Plecotus austriacus,0.011,0.026,-1,Echolocation,/mnt/ubna_data_01_mir/recover-20220825/UBNA_002/20220823_033000.WAV,Telephone Field,recover-20220825,002,1795
1117.7215,1117.7288,44375,48665,Pipistrellus pipistrellus,0.028,0.029,-1,Echolocation,/mnt/ubna_data_01_mir/recover-20220825/UBNA_002/20220823_033000.WAV,Telephone Field,recover-20220825,002,1795
1117.7605,1117.7683,28046,40563,Eptesicus serotinus,0.007,0.022,-1,Echolocation,/mnt/ubna_data_01_mir/recover-20220825/UBNA_002/20220823_033000.WAV,Telephone Field,recover-20220825,002,1795
1117.7695,1117.8058,68437,82071,Rhinolophus ferrumequinum,0.022,0.022,-1,Echolocation,/mnt/ubna_data_01_mir/recover-20220825/UBNA_002/20220823_033000.WAV,Telephone Field,recover-20220825,002,1795
1117.7945,1117.8053,25468,32500,Eptesicus serotinus,0.01,0.024,-1,Echolocation,/mnt/ubna_data_01_mir/recover-20220825/UBNA_002/20220823_033000.WAV,Telephone Field,recover-20220825,002,1795
1117.8175,1117.8587,68437,83109,Rhinolophus ferrumequinum,0.022,0.022,-1,Echolocation,/mnt/ubna_data_01_mir/recover-20220825/UBNA_002/20220823_033000.WAV,Telephone Field,recover-20220825,002,1795
1117.8565,1117.8673,22031,26442,Nyctalus leisleri,0.012,0.022,-1,Echolocation,/mnt/ubna_data_01_mir/recover-20220825/UBNA_002/20220823_033000.WAV,Telephone Field,recover-20220825,002,1795
1117.8785,1117.9171,68437,82286,Rhinolophus ferrumequinum,0.023,0.023,-1,Echolocation,/mnt/ubna_data_01_mir/recover-20220825/UBNA_002/20220823_033000.WAV,Telephone Field,recover-20220825,002,1795
1117.8795,1117.8883,27187,37796,Eptesicus serotinus,0.007,0.022,-1,Echolocation,/mnt/ubna_data_01_mir/recover-20220825/UBNA_002/20220823_033000.WAV,Telephone Field,recover-20220825,002,1795
1117.9115,1117.9192,29765,38947,Eptesicus serotinus,0.007,0.022,-1,Echolocation,/mnt/ubna_data_01_mir/recover-20220825/UBNA_002/20220823_033000.WAV,Telephone Field,recover-20220825,002,1795
1117.9125,1117.9224,22031,27653,Nyctalus leisleri,0.008,0.023,-1,Echolocation,/mnt/ubna_data_01_mir/recover-20220825/UBNA_002/20220823_033000.WAV,Telephone Field,recover-20220825,002,1795
1117.9195,1117.9592,68437,82084,Rhinolophus ferrumequinum,0.022,0.022,-1,Echolocation,/mnt/ubna_data_01_mir/recover-20220825/UBNA_002/20220823_033000.WAV,Telephone Field,recover-20220825,002,1795
1117.9305,1117.9723,68437,83077,Rhinolophus ferrumequinum,0.025,0.025,-1,Echolocation,/mnt/ubna_data_01_mir/recover-20220825/UBNA_002/20220823_033000.WAV,Telephone Field,recover-20220825,002,1795
1117.9585,1117.9657,25468,35105,Eptesicus serotinus,0.005,0.021,-1,Echolocation,/mnt/ubna_data_01_mir/recover-20220825/UBNA_002/20220823_033000.WAV,Telephone Field,recover-20220825,002,1795
1118.0015,1118.0103,23750,31040,Nyctalus leisleri,0.007,0.022,-1,Echolocation,/mnt/ubna_data_01_mir/recover-20220825/UBNA_002/20220823_033000.WAV,Telephone Field,recover-20220825,002,1795
1118.0015,1118.0346,68437,79792,Rhinolophus ferrumequinum,0.024,0.024,-1,Echolocation,/mnt/ubna_data_01_mir/recover-20220825/UBNA_002/20220823_033000.WAV,Telephone Field,recover-20220825,002,1795
1118.0405,1118.0552,20312,23619,Nyctalus leisleri,0.013,0.022,-1,Echolocation,/mnt/ubna_data_01_mir/recover-20220825/UBNA_002/20220823_033000.WAV,Telephone Field,recover-20220825,002,1795
1118.0605,1118.0976,68437,81703,Rhinolophus ferrumequinum,0.023,0.023,-1,Echolocation,/mnt/ubna_data_01_mir/recover-20220825/UBNA_002/20220823_033000.WAV,Telephone Field,recover-20220825,002,1795
1118.0875,1118.1224,68437,81911,Rhinolophus ferrumequinum,0.021,0.021,-1,Echolocation,/mnt/ubna_data_01_mir/recover-20220825/UBNA_002/20220823_033000.WAV,Telephone Field,recover-20220825,002,1795
1118.1075,1118.1433,68437,81947,Rhinolophus ferrumequinum,0.022,0.022,-1,Echolocation,/mnt/ubna_data_01_mir/recover-20220825/UBNA_002/20220823_033000.WAV,Telephone Field,recover-20220825,002,1795
1118.1225,1118.1345,22031,26777,Nyctalus leisleri,0.011,0.022,-1,Echolocation,/mnt/ubna_data_01_mir/recover-20220825/UBNA_002/20220823_033000.WAV,Telephone Field,recover-20220825,002,1795
1118.1245,1118.1314,28046,40320,Eptesicus serotinus,0.006,0.024,-1,Echolocation,/mnt/ubna_data_01_mir/recover-20220825/UBNA_002/20220823_033000.WAV,Telephone Field,recover-20220825,002,1795
1118.1295,1118.1655,68437,81773,Rhinolophus ferrumequinum,0.022,0.022,-1,Echolocation,/mnt/ubna_data_01_mir/recover-20220825/UBNA_002/20220823_033000.WAV,Telephone Field,recover-20220825,002,1795
1118.1295,1118.1496,19453,22330,Nyctalus leisleri,0.014,0.026,-1,Echolocation,/mnt/ubna_data_01_mir/recover-20220825/UBNA_002/20220823_033000.WAV,Telephone Field,recover-20220825,002,1795
1118.1435,1118.1829,68437,82027,Rhinolophus ferrumequinum,0.021,0.021,-1,Echolocation,/mnt/ubna_data_01_mir/recover-20220825/UBNA_002/20220823_033000.WAV,Telephone Field,recover-20220825,002,1795
1118.1705,1118.1779,28046,38684,Eptesicus serotinus,0.007,0.021,-1,Echolocation,/mnt/ubna_data_01_mir/recover-20220825/UBNA_002/20220823_033000.WAV,Telephone Field,recover-20220825,002,1795
1118.1715,1118.1816,22031,27131,Nyctalus leisleri,0.01,0.022,-1,Echolocation,/mnt/ubna_data_01_mir/recover-20220825/UBNA_002/20220823_033000.WAV,Telephone Field,recover-20220825,002,1795
1118.1775,1118.2209,68437,83293,Rhinolophus ferrumequinum,0.03,0.03,-1,Echolocation,/mnt/ubna_data_01_mir/recover-20220825/UBNA_002/20220823_033000.WAV,Telephone Field,recover-20220825,002,1795
1118.2175,1118.2524,68437,80908,Rhinolophus ferrumequinum,0.022,0.023,-1,Echolocation,/mnt/ubna_data_01_mir/recover-20220825/UBNA_002/20220823_033000.WAV,Telephone Field,recover-20220825,002,1795
1118.2235,1118.2311,28046,39750,Eptesicus serotinus,0.007,0.021,-1,Echolocation,/mnt/ubna_data_01_mir/recover-20220825/UBNA_002/20220823_033000.WAV,Telephone Field,recover-20220825,002,1795
1118.2695,1118.2775,22890,30712,Plecotus austriacus,0.012,0.025,-1,Echolocation,/mnt/ubna_data_01_mir/recover-20220825/UBNA_002/20220823_033000.WAV,Telephone Field,recover-20220825,002,1795
1118.3095,1118.3205,28906,35059,Eptesicus serotinus,0.014,0.027,-1,Echolocation,/mnt/ubna_data_01_mir/recover-20220825/UBNA_002/20220823_033000.WAV,Telephone Field,recover-20220825,002,1795
1118.3525,1118.3976,68437,82944,Rhinolophus ferrumequinum,0.054,0.054,-1,Echolocation,/mnt/ubna_data_01_mir/recover-20220825/UBNA_002/20220823_033000.WAV,Telephone Field,recover-20220825,002,1795
1118.3945,1118.4053,29765,36468,Eptesicus serotinus,0.024,0.041,-1,Echolocation,/mnt/ubna_data_01_mir/recover-20220825/UBNA_002/20220823_033000.WAV,Telephone Field,recover-20220825,002,1795
1118.4065,1118.4435,68437,81544,Rhinolophus ferrumequinum,0.021,0.021,-1,Echolocation,/mnt/ubna_data_01_mir/recover-20220825/UBNA_002/20220823_033000.WAV,Telephone Field,recover-20220825,002,1795
1118.4255,1118.4327,28046,41286,Eptesicus serotinus,0.007,0.023,-1,Echolocation,/mnt/ubna_data_01_mir/recover-20220825/UBNA_002/20220823_033000.WAV,Telephone Field,recover-20220825,002,1795
1118.4345,1118.4436,28906,36539,Eptesicus serotinus,0.008,0.021,-1,Echolocation,/mnt/ubna_data_01_mir/recover-20220825/UBNA_002/20220823_033000.WAV,Telephone Field,recover-20220825,002,1795
1118.4355,1118.4802,68437,83651,Rhinolophus ferrumequinum,0.06,0.06,-1,Echolocation,/mnt/ubna_data_01_mir/recover-20220825/UBNA_002/20220823_033000.WAV,Telephone Field,recover-20220825,002,1795
1118.4375,1118.4479,23750,29468,Nyctalus leisleri,0.01,0.022,-1,Echolocation,/mnt/ubna_data_01_mir/recover-20220825/UBNA_002/20220823_033000.WAV,Telephone Field,recover-20220825,002,1795
1118.4605,1118.4696,28046,38076,Eptesicus serotinus,0.008,0.021,-1,Echolocation,/mnt/ubna_data_01_mir/recover-20220825/UBNA_002/20220823_033000.WAV,Telephone Field,recover-20220825,002,1795
1118.4775,1118.4843,58984,64551,Pipistrellus pygmaeus,0.033,0.035,-1,Echolocation,/mnt/ubna_data_01_mir/recover-20220825/UBNA_002/20220823_033000.WAV,Telephone Field,recover-20220825,002,1795
1118.4795,1118.5194,68437,82322,Rhinolophus ferrumequinum,0.022,0.022,-1,Echolocation,/mnt/ubna_data_01_mir/recover-20220825/UBNA_002/20220823_033000.WAV,Telephone Field,recover-20220825,002,1795
1118.4865,1118.5252,68437,82350,Rhinolophus ferrumequinum,0.026,0.026,-1,Echolocation,/mnt/ubna_data_01_mir/recover-20220825/UBNA_002/20220823_033000.WAV,Telephone Field,recover-20220825,002,1795
1118.5155,1118.5529,68437,82516,Rhinolophus ferrumequinum,0.026,0.026,-1,Echolocation,/mnt/ubna_data_01_mir/recover-20220825/UBNA_002/20220823_033000.WAV,Telephone Field,recover-20220825,002,1795
1118.5265,1118.5334,24609,35419,Plecotus austriacus,0.01,0.025,-1,Echolocation,/mnt/ubna_data_01_mir/recover-20220825/UBNA_002/20220823_033000.WAV,Telephone Field,recover-20220825,002,1795
1118.5405,1118.5769,68437,81495,Rhinolophus ferrumequinum,0.021,0.021,-1,Echolocation,/mnt/ubna_data_01_mir/recover-20220825/UBNA_002/20220823_033000.WAV,Telephone Field,recover-20220825,002,1795
1118.5675,1118.6054,68437,82362,Rhinolophus ferrumequinum,0.024,0.024,-1,Echolocation,/mnt/ubna_data_01_mir/recover-20220825/UBNA_002/20220823_033000.WAV,Telephone Field,recover-20220825,002,1795
1118.5835,1118.6205,68437,81458,Rhinolophus ferrumequinum,0.021,0.021,-1,Echolocation,/mnt/ubna_data_01_mir/recover-20220825/UBNA_002/20220823_033000.WAV,Telephone Field,recover-20220825,002,1795
1118.5915,1118.6284,68437,82403,Rhinolophus ferrumequinum,0.023,0.023,-1,Echolocation,/mnt/ubna_data_01_mir/recover-20220825/UBNA_002/20220823_033000.WAV,Telephone Field,recover-20220825,002,1795
1118.6035,1118.6109,32343,42525,Myotis daubentonii,0.009,0.026,-1,Echolocation,/mnt/ubna_data_01_mir/recover-20220825/UBNA_002/20220823_033000.WAV,Telephone Field,recover-20220825,002,1795
1118.6205,1118.6597,68437,82144,Rhinolophus ferrumequinum,0.023,0.023,-1,Echolocation,/mnt/ubna_data_01_mir/recover-20220825/UBNA_002/20220823_033000.WAV,Telephone Field,recover-20220825,002,1795
1118.6285,1118.6368,28046,39453,Eptesicus serotinus,0.008,0.021,-1,Echolocation,/mnt/ubna_data_01_mir/recover-20220825/UBNA_002/20220823_033000.WAV,Telephone Field,recover-20220825,002,1795
1118.6515,1118.6906,68437,82382,Rhinolophus ferrumequinum,0.02,0.02,-1,Echolocation,/mnt/ubna_data_01_mir/recover-20220825/UBNA_002/20220823_033000.WAV,Telephone Field,recover-20220825,002,1795
1118.6535,1118.6622,44375,50024,Pipistrellus pipistrellus,0.025,0.029,-1,Echolocation,/mnt/ubna_data_01_mir/recover-20220825/UBNA_002/20220823_033000.WAV,Telephone Field,recover-20220825,002,1795
1118.6835,1118.7218,68437,82304,Rhinolophus ferrumequinum,0.021,0.021,-1,Echolocation,/mnt/ubna_data_01_mir/recover-20220825/UBNA_002/20220823_033000.WAV,Telephone Field,recover-20220825,002,1795
1118.6965,1118.7065,25468,32299,Nyctalus leisleri,0.007,0.021,-1,Echolocation,/mnt/ubna_data_01_mir/recover-20220825/UBNA_002/20220823_033000.WAV,Telephone Field,recover-20220825,002,1795
1118.7075,1118.746,68437,82121,Rhinolophus ferrumequinum,0.02,0.02,-1,Echolocation,/mnt/ubna_data_01_mir/recover-20220825/UBNA_002/20220823_033000.WAV,Telephone Field,recover-20220825,002,1795
1118.7385,1118.7779,68437,82542,Rhinolophus ferrumequinum,0.026,0.026,-1,Echolocation,/mnt/ubna_data_01_mir/recover-20220825/UBNA_002/20220823_033000.WAV,Telephone Field,recover-20220825,002,1795
1118.7705,1118.8062,68437,82021,Rhinolophus ferrumequinum,0.021,0.021,-1,Echolocation,/mnt/ubna_data_01_mir/recover-20220825/UBNA_002/20220823_033000.WAV,Telephone Field,recover-20220825,002,1795
1118.7825,1118.7911,28906,40229,Eptesicus serotinus,0.008,0.024,-1,Echolocation,/mnt/ubna_data_01_mir/recover-20220825/UBNA_002/20220823_033000.WAV,Telephone Field,recover-20220825,002,1795
1118.8075,1118.8471,68437,82910,Rhinolophus ferrumequinum,0.024,0.024,-1,Echolocation,/mnt/ubna_data_01_mir/recover-20220825/UBNA_002/20220823_033000.WAV,Telephone Field,recover-20220825,002,1795
1118.8555,1118.8973,68437,82400,Rhinolophus ferrumequinum,0.028,0.028,-1,Echolocation,/mnt/ubna_data_01_mir/recover-20220825/UBNA_002/20220823_033000.WAV,Telephone Field,recover-20220825,002,1795
1118.8555,1118.8627,39218,51728,Myotis daubentonii,0.005,0.022,-1,Echolocation,/mnt/ubna_data_01_mir/recover-20220825/UBNA_002/20220823_033000.WAV,Telephone Field,recover-20220825,002,1795
1118.8845,1118.9197,68437,81712,Rhinolophus ferrumequinum,0.02,0.02,-1,Echolocation,/mnt/ubna_data_01_mir/recover-20220825/UBNA_002/20220823_033000.WAV,Telephone Field,recover-20220825,002,1795
1118.8935,1118.9087,16015,21501,Nyctalus noctula,0.014,0.021,-1,Echolocation,/mnt/ubna_data_01_mir/recover-20220825/UBNA_002/20220823_033000.WAV,Telephone Field,recover-20220825,002,1795
1118.9145,1118.955,68437,82227,Rhinolophus ferrumequinum,0.021,0.021,-1,Echolocation,/mnt/ubna_data_01_mir/recover-20220825/UBNA_002/20220823_033000.WAV,Telephone Field,recover-20220825,002,1795
1118.9325,1118.9725,68437,82346,Rhinolophus ferrumequinum,0.021,0.021,-1,Echolocation,/mnt/ubna_data_01_mir/recover-20220825/UBNA_002/20220823_033000.WAV,Telephone Field,recover-20220825,002,1795
1118.9565,1118.9983,68437,83079,Rhinolophus ferrumequinum,0.026,0.026,-1,Echolocation,/mnt/ubna_data_01_mir/recover-20220825/UBNA_002/20220823_033000.WAV,Telephone Field,recover-20220825,002,1795
1118.9935,1119.0311,68437,82115,Rhinolophus ferrumequinum,0.022,0.022,-1,Echolocation,/mnt/ubna_data_01_mir/recover-20220825/UBNA_002/20220823_033000.WAV,Telephone Field,recover-20220825,002,1795
1119.0305,1119.0398,28906,38414,Eptesicus serotinus,0.008,0.022,-1,Echolocation,/mnt/ubna_data_01_mir/recover-20220825/UBNA_002/20220823_033000.WAV,Telephone Field,recover-20220825,002,1795
1119.0635,1119.1013,68437,82297,Rhinolophus ferrumequinum,0.027,0.027,-1,Echolocation,/mnt/ubna_data_01_mir/recover-20220825/UBNA_002/20220823_033000.WAV,Telephone Field,recover-20220825,002,1795
1119.0975,1119.1347,68437,81519,Rhinolophus ferrumequinum,0.021,0.021,-1,Echolocation,/mnt/ubna_data_01_mir/recover-20220825/UBNA_002/20220823_033000.WAV,Telephone Field,recover-20220825,002,1795
1119.1045,1119.1435,68437,81890,Rhinolophus ferrumequinum,0.021,0.021,-1,Echolocation,/mnt/ubna_data_01_mir/recover-20220825/UBNA_002/20220823_033000.WAV,Telephone Field,recover-20220825,002,1795
1119.1085,1119.1188,25468,32507,Nyctalus leisleri,0.011,0.031,-1,Echolocation,/mnt/ubna_data_01_mir/recover-20220825/UBNA_002/20220823_033000.WAV,Telephone Field,recover-20220825,002,1795
1119.1285,1119.1685,68437,83012,Rhinolophus ferrumequinum,0.022,0.022,-1,Echolocation,/mnt/ubna_data_01_mir/recover-20220825/UBNA_002/20220823_033000.WAV,Telephone Field,recover-20220825,002,1795
1119.1305,1119.1398,28046,38432,Eptesicus serotinus,0.008,0.02,-1,Echolocation,/mnt/ubna_data_01_mir/recover-20220825/UBNA_002/20220823_033000.WAV,Telephone Field,recover-20220825,002,1795
1119.1615,1119.17,47812,54045,Pipistrellus pipistrellus,0.026,0.029,-1,Echolocation,/mnt/ubna_data_01_mir/recover-20220825/UBNA_002/20220823_033000.WAV,Telephone Field,recover-20220825,002,1795
1119.1705,1119.1783,27187,40470,Eptesicus serotinus,0.007,0.022,-1,Echolocation,/mnt/ubna_data_01_mir/recover-20220825/UBNA_002/20220823_033000.WAV,Telephone Field,recover-20220825,002,1795
1119.2235,1119.2323,25468,33934,Eptesicus serotinus,0.007,0.02,-1,Echolocation,/mnt/ubna_data_01_mir/recover-20220825/UBNA_002/20220823_033000.WAV,Telephone Field,recover-20220825,002,1795
1119.2235,1119.2593,68437,81620,Rhinolophus ferrumequinum,0.022,0.022,-1,Echolocation,/mnt/ubna_data_01_mir/recover-20220825/UBNA_002/20220823_033000.WAV,Telephone Field,recover-20220825,002,1795
1119.2815,1119.315,68437,81155,Rhinolophus ferrumequinum,0.021,0.021,-1,Echolocation,/mnt/ubna_data_01_mir/recover-20220825/UBNA_002/20220823_033000.WAV,Telephone Field,recover-20220825,002,1795
1119.2835,1119.2934,22890,29289,Nyctalus leisleri,0.011,0.026,-1,Echolocation,/mnt/ubna_data_01_mir/recover-20220825/UBNA_002/20220823_033000.WAV,Telephone Field,recover-20220825,002,1795
1119.2845,1119.2922,28906,40003,Eptesicus serotinus,0.007,0.024,-1,Echolocation,/mnt/ubna_data_01_mir/recover-20220825/UBNA_002/20220823_033000.WAV,Telephone Field,recover-20220825,002,1795
1119.3065,1119.3449,68437,81931,Rhinolophus ferrumequinum,0.02,0.02,-1,Echolocation,/mnt/ubna_data_01_mir/recover-20220825/UBNA_002/20220823_033000.WAV,Telephone Field,recover-20220825,002,1795
1119.3295,1119.3693,68437,82235,Rhinolophus ferrumequinum,0.025,0.025,-1,Echolocation,/mnt/ubna_data_01_mir/recover-20220825/UBNA_002/20220823_033000.WAV,Telephone Field,recover-20220825,002,1795
1119.3355,1119.3729,68437,82345,Rhinolophus ferrumequinum,0.022,0.022,-1,Echolocation,/mnt/ubna_data_01_mir/recover-20220825/UBNA_002/20220823_033000.WAV,Telephone Field,recover-20220825,002,1795
1119.3525,1119.3616,45234,52480,Pipistrellus pipistrellus,0.018,0.023,-1,Echolocation,/mnt/ubna_data_01_mir/recover-20220825/UBNA_002/20220823_033000.WAV,Telephone Field,recover-20220825,002,1795
1119.3685,1119.3791,22031,26331,Nyctalus leisleri,0.01,0.021,-1,Echolocation,/mnt/ubna_data_01_mir/recover-20220825/UBNA_002/20220823_033000.WAV,Telephone Field,recover-20220825,002,1795
1119.3975,1119.4342,68437,82100,Rhinolophus ferrumequinum,0.02,0.02,-1,Echolocation,/mnt/ubna_data_01_mir/recover-20220825/UBNA_002/20220823_033000.WAV,Telephone Field,recover-20220825,002,1795
1119.4065,1119.4451,68437,82689,Rhinolophus ferrumequinum,0.024,0.024,-1,Echolocation,/mnt/ubna_data_01_mir/recover-20220825/UBNA_002/20220823_033000.WAV,Telephone Field,recover-20220825,002,1795
1119.4425,1119.4535,23750,30045,Nyctalus leisleri,0.012,0.028,-1,Echolocation,/mnt/ubna_data_01_mir/recover-20220825/UBNA_002/20220823_033000.WAV,Telephone Field,recover-20220825,002,1795
1119.4475,1119.4886,68437,82834,Rhinolophus ferrumequinum,0.041,0.041,-1,Echolocation,/mnt/ubna_data_01_mir/recover-20220825/UBNA_002/20220823_033000.WAV,Telephone Field,recover-20220825,002,1795
1119.4725,1119.5138,68437,82196,Rhinolophus ferrumequinum,0.022,0.022,-1,Echolocation,/mnt/ubna_data_01_mir/recover-20220825/UBNA_002/20220823_033000.WAV,Telephone Field,recover-20220825,002,1795
1119.4745,1119.4822,51250,59806,Pipistrellus pipistrellus,0.015,0.021,-1,Echolocation,/mnt/ubna_data_01_mir/recover-20220825/UBNA_002/20220823_033000.WAV,Telephone Field,recover-20220825,002,1795
1119.4755,1119.4838,28906,40719,Eptesicus serotinus,0.008,0.024,-1,Echolocation,/mnt/ubna_data_01_mir/recover-20220825/UBNA_002/20220823_033000.WAV,Telephone Field,recover-20220825,002,1795
1119.4835,1119.4962,50390,55230,Pipistrellus pipistrellus,0.019,0.026,-1,Echolocation,/mnt/ubna_data_01_mir/recover-20220825/UBNA_002/20220823_033000.WAV,Telephone Field,recover-20220825,002,1795
1119.5015,1119.5439,68437,83192,Rhinolophus ferrumequinum,0.029,0.029,-1,Echolocation,/mnt/ubna_data_01_mir/recover-20220825/UBNA_002/20220823_033000.WAV,Telephone Field,recover-20220825,002,1795
1119.5035,1119.5121,22890,31031,Plecotus austriacus,0.009,0.022,-1,Echolocation,/mnt/ubna_data_01_mir/recover-20220825/UBNA_002/20220823_033000.WAV,Telephone Field,recover-20220825,002,1795
1119.5585,1119.5997,68437,82858,Rhinolophus ferrumequinum,0.027,0.027,-1,Echolocation,/mnt/ubna_data_01_mir/recover-20220825/UBNA_002/20220823_033000.WAV,Telephone Field,recover-20220825,002,1795
1119.5715,1119.6138,68437,83069,Rhinolophus ferrumequinum,0.03,0.03,-1,Echolocation,/mnt/ubna_data_01_mir/recover-20220825/UBNA_002/20220823_033000.WAV,Telephone Field,recover-20220825,002,1795
1119.5775,1119.6206,68437,82965,Rhinolophus ferrumequinum,0.029,0.029,-1,Echolocation,/mnt/ubna_data_01_mir/recover-20220825/UBNA_002/20220823_033000.WAV,Telephone Field,recover-20220825,002,1795
1119.5825,1119.5997,16015,21263,Nyctalus noctula,0.018,0.024,-1,Echolocation,/mnt/ubna_data_01_mir/recover-20220825/UBNA_002/20220823_033000.WAV,Telephone Field,recover-20220825,002,1795
1119.6265,1119.636,27187,36590,Eptesicus serotinus,0.008,0.021,-1,Echolocation,/mnt/ubna_data_01_mir/recover-20220825/UBNA_002/20220823_033000.WAV,Telephone Field,recover-20220825,002,1795
1119.6605,1119.6722,22890,27926,Nyctalus leisleri,0.015,0.031,-1,Echolocation,/mnt/ubna_data_01_mir/recover-20220825/UBNA_002/20220823_033000.WAV,Telephone Field,recover-20220825,002,1795
1119.6755,1119.7102,68437,81289,Rhinolophus ferrumequinum,0.02,0.02,-1,Echolocation,/mnt/ubna_data_01_mir/recover-20220825/UBNA_002/20220823_033000.WAV,Telephone Field,recover-20220825,002,1795
1119.7005,1119.7399,68437,82282,Rhinolophus ferrumequinum,0.024,0.024,-1,Echolocation,/mnt/ubna_data_01_mir/recover-20220825/UBNA_002/20220823_033000.WAV,Telephone Field,recover-20220825,002,1795
1119.7065,1119.744,68437,82635,Rhinolophus ferrumequinum,0.023,0.023,-1,Echolocation,/mnt/ubna_data_01_mir/recover-20220825/UBNA_002/20220823_033000.WAV,Telephone Field,recover-20220825,002,1795
1119.7085,1119.719,23750,30208,Nyctalus leisleri,0.011,0.031,-1,Echolocation,/mnt/ubna_data_01_mir/recover-20220825/UBNA_002/20220823_033000.WAV,Telephone Field,recover-20220825,002,1795
1119.7205,1119.7296,28046,38840,Eptesicus serotinus,0.007,0.02,-1,Echolocation,/mnt/ubna_data_01_mir/recover-20220825/UBNA_002/20220823_033000.WAV,Telephone Field,recover-20220825,002,1795
1119.7375,1119.748,22890,28454,Nyctalus leisleri,0.009,0.021,-1,Echolocation,/mnt/ubna_data_01_mir/recover-20220825/UBNA_002/20220823_033000.WAV,Telephone Field,recover-20220825,002,1795
1119.7395,1119.7486,28046,37885,Eptesicus serotinus,0.008,0.021,-1,Echolocation,/mnt/ubna_data_01_mir/recover-20220825/UBNA_002/20220823_033000.WAV,Telephone Field,recover-20220825,002,1795
1119.7425,1119.7792,68437,81629,Rhinolophus ferrumequinum,0.021,0.021,-1,Echolocation,/mnt/ubna_data_01_mir/recover-20220825/UBNA_002/20220823_033000.WAV,Telephone Field,recover-20220825,002,1795
1119.7515,1119.7866,68437,81474,Rhinolophus ferrumequinum,0.022,0.022,-1,Echolocation,/mnt/ubna_data_01_mir/recover-20220825/UBNA_002/20220823_033000.WAV,Telephone Field,recover-20220825,002,1795
1119.7645,1119.8059,68437,82943,Rhinolophus ferrumequinum,0.028,0.028,-1,Echolocation,/mnt/ubna_data_01_mir/recover-20220825/UBNA_002/20220823_033000.WAV,Telephone Field,recover-20220825,002,1795
1119.7775,1119.8186,68437,82693,Rhinolophus ferrumequinum,0.03,0.03,-1,Echolocation,/mnt/ubna_data_01_mir/recover-20220825/UBNA_002/20220823_033000.WAV,Telephone Field,recover-20220825,002,1795
1119.7885,1119.7964,28906,39626,Eptesicus serotinus,0.007,0.023,-1,Echolocation,/mnt/ubna_data_01_mir/recover-20220825/UBNA_002/20220823_033000.WAV,Telephone Field,recover-20220825,002,1795
1119.8185,1119.8269,28046,38233,Eptesicus serotinus,0.01,0.023,-1,Echolocation,/mnt/ubna_data_01_mir/recover-20220825/UBNA_002/20220823_033000.WAV,Telephone Field,recover-20220825,002,1795
1119.8255,1119.8646,68437,81866,Rhinolophus ferrumequinum,0.021,0.021,-1,Echolocation,/mnt/ubna_data_01_mir/recover-20220825/UBNA_002/20220823_033000.WAV,Telephone Field,recover-20220825,002,1795
1119.8605,1119.8996,68437,81862,Rhinolophus ferrumequinum,0.022,0.022,-1,Echolocation,/mnt/ubna_data_01_mir/recover-20220825/UBNA_002/20220823_033000.WAV,Telephone Field,recover-20220825,002,1795
1119.8655,1119.874,27187,37497,Eptesicus serotinus,0.012,0.025,-1,Echolocation,/mnt/ubna_data_01_mir/recover-20220825/UBNA_002/20220823_033000.WAV,Telephone Field,recover-20220825,002,1795
1119.9085,1119.947,68437,82208,Rhinolophus ferrumequinum,0.025,0.025,-1,Echolocation,/mnt/ubna_data_01_mir/recover-20220825/UBNA_002/20220823_033000.WAV,Telephone Field,recover-20220825,002,1795
1119.9265,1119.9378,22031,26570,Nyctalus leisleri,0.01,0.022,-1,Echolocation,/mnt/ubna_data_01_mir/recover-20220825/UBNA_002/20220823_033000.WAV,Telephone Field,recover-20220825,002,1795
1119.9275,1119.9658,68437,81884,Rhinolophus ferrumequinum,0.027,0.027,-1,Echolocation,/mnt/ubna_data_01_mir/recover-20220825/UBNA_002/20220823_033000.WAV,Telephone Field,recover-20220825,002,1795
1119.9515,1119.9895,68437,81794,Rhinolophus ferrumequinum,0.021,0.021,-1,Echolocation,/mnt/ubna_data_01_mir/recover-20220825/UBNA_002/20220823_033000.WAV,Telephone Field,recover-20220825,002,1795
1120.0015,1120.009,24609,35549,Plecotus austriacus,0.007,0.028,-1,Echolocation,/mnt/ubna_data_01_mir/recover-20220825/UBNA_002/20220823_033000.WAV,Telephone Field,recover-20220825,002,1795
1120.0015,1120.0342,68437,79874,Rhinolophus ferrumequinum,0.046,0.046,-1,Echolocation,/mnt/ubna_data_01_mir/recover-20220825/UBNA_002/20220823_033000.WAV,Telephone Field,recover-20220825,002,1795
1120.0505,1120.0571,28906,41427,Eptesicus serotinus,0.007,0.027,-1,Echolocation,/mnt/ubna_data_01_mir/recover-20220825/UBNA_002/20220823_033000.WAV,Telephone Field,recover-20220825,002,1795
1120.0565,1120.0961,68437,82056,Rhinolophus ferrumequinum,0.022,0.022,-1,Echolocation,/mnt/ubna_data_01_mir/recover-20220825/UBNA_002/20220823_033000.WAV,Telephone Field,recover-20220825,002,1795
1120.1035,1120.1439,68437,82828,Rhinolophus ferrumequinum,0.04,0.04,-1,Echolocation,/mnt/ubna_data_01_mir/recover-20220825/UBNA_002/20220823_033000.WAV,Telephone Field,recover-20220825,002,1795
1120.1135,1120.1538,68437,82360,Rhinolophus ferrumequinum,0.024,0.024,-1,Echolocation,/mnt/ubna_data_01_mir/recover-20220825/UBNA_002/20220823_033000.WAV,Telephone Field,recover-20220825,002,1795
1120.1795,1120.2217,68437,83297,Rhinolophus ferrumequinum,0.025,0.025,-1,Echolocation,/mnt/ubna_data_01_mir/recover-20220825/UBNA_002/20220823_033000.WAV,Telephone Field,recover-20220825,002,1795
1120.2025,1120.2128,43515,46852,Pipistrellus pipistrellus,0.023,0.026,-1,Echolocation,/mnt/ubna_data_01_mir/recover-20220825/UBNA_002/20220823_033000.WAV,Telephone Field,recover-20220825,002,1795
1120.2225,1120.261,68437,81937,Rhinolophus ferrumequinum,0.022,0.022,-1,Echolocation,/mnt/ubna_data_01_mir/recover-20220825/UBNA_002/20220823_033000.WAV,Telephone Field,recover-20220825,002,1795
1120.2235,1120.234,28046,36394,Eptesicus serotinus,0.01,0.025,-1,Echolocation,/mnt/ubna_data_01_mir/recover-20220825/UBNA_002/20220823_033000.WAV,Telephone Field,recover-20220825,002,1795
1120.2275,1120.2663,68437,82335,Rhinolophus ferrumequinum,0.022,0.022,-1,Echolocation,/mnt/ubna_data_01_mir/recover-20220825/UBNA_002/20220823_033000.WAV,Telephone Field,recover-20220825,002,1795
1120.2465,1120.2572,28906,36865,Eptesicus serotinus,0.01,0.022,-1,Echolocation,/mnt/ubna_data_01_mir/recover-20220825/UBNA_002/20220823_033000.WAV,Telephone Field,recover-20220825,002,1795
1120.2705,1120.3042,68437,80895,Rhinolophus ferrumequinum,0.024,0.024,-1,Echolocation,/mnt/ubna_data_01_mir/recover-20220825/UBNA_002/20220823_033000.WAV,Telephone Field,recover-20220825,002,1795
1120.2935,1120.2997,28046,42420,Eptesicus serotinus,0.008,0.03,-1,Echolocation,/mnt/ubna_data_01_mir/recover-20220825/UBNA_002/20220823_033000.WAV,Telephone Field,recover-20220825,002,1795
1120.3095,1120.3174,28046,38237,Eptesicus serotinus,0.009,0.028,-1,Echolocation,/mnt/ubna_data_01_mir/recover-20220825/UBNA_002/20220823_033000.WAV,Telephone Field,recover-20220825,002,1795
1120.3325,1120.3715,68437,82235,Rhinolophus ferrumequinum,0.024,0.024,-1,Echolocation,/mnt/ubna_data_01_mir/recover-20220825/UBNA_002/20220823_033000.WAV,Telephone Field,recover-20220825,002,1795
1120.3535,1120.3609,27187,39349,Eptesicus serotinus,0.006,0.024,-1,Echolocation,/mnt/ubna_data_01_mir/recover-20220825/UBNA_002/20220823_033000.WAV,Telephone Field,recover-20220825,002,1795
1120.3685,1120.3761,26328,35814,Eptesicus serotinus,0.009,0.025,-1,Echolocation,/mnt/ubna_data_01_mir/recover-20220825/UBNA_002/20220823_033000.WAV,Telephone Field,recover-20220825,002,1795
1120.3915,1120.426,68437,82218,Rhinolophus ferrumequinum,0.023,0.023,-1,Echolocation,/mnt/ubna_data_01_mir/recover-20220825/UBNA_002/20220823_033000.WAV,Telephone Field,recover-20220825,002,1795
1120.4255,1120.4647,68437,82598,Rhinolophus ferrumequinum,0.026,0.026,-1,Echolocation,/mnt/ubna_data_01_mir/recover-20220825/UBNA_002/20220823_033000.WAV,Telephone Field,recover-20220825,002,1795
1120.4485,1120.4861,68437,81364,Rhinolophus ferrumequinum,0.024,0.024,-1,Echolocation,/mnt/ubna_data_01_mir/recover-20220825/UBNA_002/20220823_033000.WAV,Telephone Field,recover-20220825,002,1795
1120.4925,1120.5315,68437,82416,Rhinolophus ferrumequinum,0.026,0.026,-1,Echolocation,/mnt/ubna_data_01_mir/recover-20220825/UBNA_002/20220823_033000.WAV,Telephone Field,recover-20220825,002,1795
1120.5205,1120.5359,57265,62159,Pipistrellus pygmaeus,0.025,0.026,-1,Echolocation,/mnt/ubna_data_01_mir/recover-20220825/UBNA_002/20220823_033000.WAV,Telephone Field,recover-20220825,002,1795
1120.5415,1120.58,68437,82360,Rhinolophus ferrumequinum,0.028,0.028,-1,Echolocation,/mnt/ubna_data_01_mir/recover-20220825/UBNA_002/20220823_033000.WAV,Telephone Field,recover-20220825,002,1795
1120.5555,1120.5641,27187,38243,Eptesicus serotinus,0.009,0.023,-1,Echolocation,/mnt/ubna_data_01_mir/recover-20220825/UBNA_002/20220823_033000.WAV,Telephone Field,recover-20220825,002,1795
1120.5555,1120.5923,68437,81576,Rhinolophus ferrumequinum,0.025,0.026,-1,Echolocation,/mnt/ubna_data_01_mir/recover-20220825/UBNA_002/20220823_033000.WAV,Telephone Field,recover-20220825,002,1795
1120.5775,1120.616,68437,81791,Rhinolophus ferrumequinum,0.031,0.031,-1,Echolocation,/mnt/ubna_data_01_mir/recover-20220825/UBNA_002/20220823_033000.WAV,Telephone Field,recover-20220825,002,1795
1120.6285,1120.671,68437,83184,Rhinolophus ferrumequinum,0.027,0.027,-1,Echolocation,/mnt/ubna_data_01_mir/recover-20220825/UBNA_002/20220823_033000.WAV,Telephone Field,recover-20220825,002,1795
1120.6595,1120.6666,27187,40663,Eptesicus serotinus,0.007,0.024,-1,Echolocation,/mnt/ubna_data_01_mir/recover-20220825/UBNA_002/20220823_033000.WAV,Telephone Field,recover-20220825,002,1795
1120.6755,1120.7135,68437,81862,Rhinolophus ferrumequinum,0.022,0.022,-1,Echolocation,/mnt/ubna_data_01_mir/recover-20220825/UBNA_002/20220823_033000.WAV,Telephone Field,recover-20220825,002,1795
1120.6875,1120.7258,68437,82337,Rhinolophus ferrumequinum,0.023,0.023,-1,Echolocation,/mnt/ubna_data_01_mir/recover-20220825/UBNA_002/20220823_033000.WAV,Telephone Field,recover-20220825,002,1795
1120.6915,1120.7009,54687,59314,Pipistrellus pygmaeus,0.022,0.023,-1,Echolocation,/mnt/ubna_data_01_mir/recover-20220825/UBNA_002/20220823_033000.WAV,Telephone Field,recover-20220825,002,1795
1120.6955,1120.7041,25468,33671,Nyctalus leisleri,0.007,0.024,-1,Echolocation,/mnt/ubna_data_01_mir/recover-20220825/UBNA_002/20220823_033000.WAV,Telephone Field,recover-20220825,002,1795
1120.7035,1120.7143,23750,28968,Nyctalus leisleri,0.013,0.028,-1,Echolocation,/mnt/ubna_data_01_mir/recover-20220825/UBNA_002/20220823_033000.WAV,Telephone Field,recover-20220825,002,1795
1120.7435,1120.7506,27187,42237,Eptesicus serotinus,0.007,0.027,-1,Echolocation,/mnt/ubna_data_01_mir/recover-20220825/UBNA_002/20220823_033000.WAV,Telephone Field,recover-20220825,002,1795
1120.7545,1120.7927,68437,82124,Rhinolophus ferrumequinum,0.022,0.022,-1,Echolocation,/mnt/ubna_data_01_mir/recover-20220825/UBNA_002/20220823_033000.WAV,Telephone Field,recover-20220825,002,1795
1120.7645,1120.803,68437,81888,Rhinolophus ferrumequinum,0.023,0.023,-1,Echolocation,/mnt/ubna_data_01_mir/recover-20220825/UBNA_002/20220823_033000.WAV,Telephone Field,recover-20220825,002,1795
1120.7745,1120.8133,68437,82083,Rhinolophus ferrumequinum,0.025,0.025,-1,Echolocation,/mnt/ubna_data_01_mir/recover-20220825/UBNA_002/20220823_033000.WAV,Telephone Field,recover-20220825,002,1795
1120.7825,1120.8214,68437,82721,Rhinolophus ferrumequinum,0.025,0.025,-1,Echolocation,/mnt/ubna_data_01_mir/recover-20220825/UBNA_002/20220823_033000.WAV,Telephone Field,recover-20220825,002,1795
1120.7875,1120.8264,68437,82467,Rhinolophus ferrumequinum,0.025,0.025,-1,Echolocation,/mnt/ubna_data_01_mir/recover-20220825/UBNA_002/20220823_033000.WAV,Telephone Field,recover-20220825,002,1795
1120.8075,1120.8174,23750,30256,Nyctalus leisleri,0.008,0.023,-1,Echolocation,/mnt/ubna_data_01_mir/recover-20220825/UBNA_002/20220823_033000.WAV,Telephone Field,recover-20220825,002,1795
1120.8275,1120.8681,68437,82908,Rhinolophus ferrumequinum,0.036,0.036,-1,Echolocation,/mnt/ubna_data_01_mir/recover-20220825/UBNA_002/20220823_033000.WAV,Telephone Field,recover-20220825,002,1795
1120.8515,1120.8892,68437,82134,Rhinolophus ferrumequinum,0.024,0.024,-1,Echolocation,/mnt/ubna_data_01_mir/recover-20220825/UBNA_002/20220823_033000.WAV,Telephone Field,recover-20220825,002,1795
1120.8935,1120.9299,68437,81976,Rhinolophus ferrumequinum,0.022,0.022,-1,Echolocation,/mnt/ubna_data_01_mir/recover-20220825/UBNA_002/20220823_033000.WAV,Telephone Field,recover-20220825,002,1795
1120.8985,1120.9076,45234,53056,Pipistrellus pipistrellus,0.027,0.032,-1,Echolocation,/mnt/ubna_data_01_mir/recover-20220825/UBNA_002/20220823_033000.WAV,Telephone Field,recover-20220825,002,1795
1120.9285,1120.9644,68437,81019,Rhinolophus ferrumequinum,0.023,0.023,-1,Echolocation,/mnt/ubna_data_01_mir/recover-20220825/UBNA_002/20220823_033000.WAV,Telephone Field,recover-20220825,002,1795
1120.9455,1120.986,68437,82537,Rhinolophus ferrumequinum,0.027,0.027,-1,Echolocation,/mnt/ubna_data_01_mir/recover-20220825/UBNA_002/20220823_033000.WAV,Telephone Field,recover-20220825,002,1795
1120.9585,1121.0019,68437,82751,Rhinolophus ferrumequinum,0.026,0.026,-1,Echolocation,/mnt/ubna_data_01_mir/recover-20220825/UBNA_002/20220823_033000.WAV,Telephone Field,recover-20220825,002,1795
1120.9785,1120.9889,28906,36066,Eptesicus serotinus,0.011,0.026,-1,Echolocation,/mnt/ubna_data_01_mir/recover-20220825/UBNA_002/20220823_033000.WAV,Telephone Field,recover-20220825,002,1795
1120.9935,1121.0292,68437,81990,Rhinolophus ferrumequinum,0.042,0.042,-1,Echolocation,/mnt/ubna_data_01_mir/recover-20220825/UBNA_002/20220823_033000.WAV,Telephone Field,recover-20220825,002,1795
1121.0065,1121.0166,22031,27624,Nyctalus leisleri,0.009,0.022,-1,Echolocation,/mnt/ubna_data_01_mir/recover-20220825/UBNA_002/20220823_033000.WAV,Telephone Field,recover-20220825,002,1795
1121.0705,1121.1141,68437,83791,Rhinolophus ferrumequinum,0.037,0.037,-1,Echolocation,/mnt/ubna_data_01_mir/recover-20220825/UBNA_002/20220823_033000.WAV,Telephone Field,recover-20220825,002,1795
1121.1075,1121.1172,27187,35817,Eptesicus serotinus,0.009,0.022,-1,Echolocation,/mnt/ubna_data_01_mir/recover-20220825/UBNA_002/20220823_033000.WAV,Telephone Field,recover-20220825,002,1795
1121.1315,1121.1715,68437,82630,Rhinolophus ferrumequinum,0.036,0.036,-1,Echolocation,/mnt/ubna_data_01_mir/recover-20220825/UBNA_002/20220823_033000.WAV,Telephone Field,recover-20220825,002,1795
1121.1665,1121.2045,68437,82129,Rhinolophus ferrumequinum,0.022,0.022,-1,Echolocation,/mnt/ubna_data_01_mir/recover-20220825/UBNA_002/20220823_033000.WAV,Telephone Field,recover-20220825,002,1795
1121.2205,1121.228,25468,34356,Eptesicus serotinus,0.007,0.023,-1,Echolocation,/mnt/ubna_data_01_mir/recover-20220825/UBNA_002/20220823_033000.WAV,Telephone Field,recover-20220825,002,1795
1121.2475,1121.2578,22031,27447,Nyctalus leisleri,0.011,0.028,-1,Echolocation,/mnt/ubna_data_01_mir/recover-20220825/UBNA_002/20220823_033000.WAV,Telephone Field,recover-20220825,002,1795
1121.2605,1121.3,68437,82637,Rhinolophus ferrumequinum,0.023,0.023,-1,Echolocation,/mnt/ubna_data_01_mir/recover-20220825/UBNA_002/20220823_033000.WAV,Telephone Field,recover-20220825,002,1795
1121.2785,1121.2882,28906,38564,Eptesicus serotinus,0.013,0.031,-1,Echolocation,/mnt/ubna_data_01_mir/recover-20220825/UBNA_002/20220823_033000.WAV,Telephone Field,recover-20220825,002,1795
1121.2965,1121.3335,68437,82199,Rhinolophus ferrumequinum,0.022,0.022,-1,Echolocation,/mnt/ubna_data_01_mir/recover-20220825/UBNA_002/20220823_033000.WAV,Telephone Field,recover-20220825,002,1795
1121.3155,1121.3232,23750,32102,Plecotus austriacus,0.011,0.025,-1,Echolocation,/mnt/ubna_data_01_mir/recover-20220825/UBNA_002/20220823_033000.WAV,Telephone Field,recover-20220825,002,1795
1121.3225,1121.3615,68437,82783,Rhinolophus ferrumequinum,0.028,0.028,-1,Echolocation,/mnt/ubna_data_01_mir/recover-20220825/UBNA_002/20220823_033000.WAV,Telephone Field,recover-20220825,002,1795
1121.3325,1121.3463,14296,20807,Nyctalus noctula,0.015,0.023,-1,Echolocation,/mnt/ubna_data_01_mir/recover-20220825/UBNA_002/20220823_033000.WAV,Telephone Field,recover-20220825,002,1795
1121.3605,1121.4001,68437,82601,Rhinolophus ferrumequinum,0.028,0.028,-1,Echolocation,/mnt/ubna_data_01_mir/recover-20220825/UBNA_002/20220823_033000.WAV,Telephone Field,recover-20220825,002,1795
1121.4005,1121.4449,68437,82961,Rhinolophus ferrumequinum,0.031,0.031,-1,Echolocation,/mnt/ubna_data_01_mir/recover-20220825/UBNA_002/20220823_033000.WAV,Telephone Field,recover-20220825,002,1795
1121.4345,1121.4722,68437,81617,Rhinolophus ferrumequinum,0.022,0.022,-1,Echolocation,/mnt/ubna_data_01_mir/recover-20220825/UBNA_002/20220823_033000.WAV,Telephone Field,recover-20220825,002,1795
1121.4465,1121.4831,68437,81367,Rhinolophus ferrumequinum,0.024,0.024,-1,Echolocation,/mnt/ubna_data_01_mir/recover-20220825/UBNA_002/20220823_033000.WAV,Telephone Field,recover-20220825,002,1795
1121.4535,1121.4601,27187,42795,Eptesicus serotinus,0.006,0.024,-1,Echolocation,/mnt/ubna_data_01_mir/recover-20220825/UBNA_002/20220823_033000.WAV,Telephone Field,recover-20220825,002,1795
1121.4835,1121.4946,48671,53093,Pipistrellus pipistrellus,0.053,0.061,-1,Echolocation,/mnt/ubna_data_01_mir/recover-20220825/UBNA_002/20220823_033000.WAV,Telephone Field,recover-20220825,002,1795
1121.5085,1121.5488,68437,82880,Rhinolophus ferrumequinum,0.023,0.023,-1,Echolocation,/mnt/ubna_data_01_mir/recover-20220825/UBNA_002/20220823_033000.WAV,Telephone Field,recover-20220825,002,1795
1121.5105,1121.5211,28046,35665,Eptesicus serotinus,0.013,0.026,-1,Echolocation,/mnt/ubna_data_01_mir/recover-20220825/UBNA_002/20220823_033000.WAV,Telephone Field,recover-20220825,002,1795
1121.5315,1121.5722,68437,82242,Rhinolophus ferrumequinum,0.029,0.029,-1,Echolocation,/mnt/ubna_data_01_mir/recover-20220825/UBNA_002/20220823_033000.WAV,Telephone Field,recover-20220825,002,1795
1121.5355,1121.5446,27187,37303,Eptesicus serotinus,0.009,0.024,-1,Echolocation,/mnt/ubna_data_01_mir/recover-20220825/UBNA_002/20220823_033000.WAV,Telephone Field,recover-20220825,002,1795
1121.5415,1121.5503,28046,38690,Eptesicus serotinus,0.008,0.024,-1,Echolocation,/mnt/ubna_data_01_mir/recover-20220825/UBNA_002/20220823_033000.WAV,Telephone Field,recover-20220825,002,1795
1121.6115,1121.6223,41796,45174,Pipistrellus pipistrellus,0.022,0.028,-1,Echolocation,/mnt/ubna_data_01_mir/recover-20220825/UBNA_002/20220823_033000.WAV,Telephone Field,recover-20220825,002,1795
1121.6135,1121.6486,68437,81235,Rhinolophus ferrumequinum,0.023,0.023,-1,Echolocation,/mnt/ubna_data_01_mir/recover-20220825/UBNA_002/20220823_033000.WAV,Telephone Field,recover-20220825,002,1795
1121.6275,1121.6695,68437,83249,Rhinolophus ferrumequinum,0.027,0.027,-1,Echolocation,/mnt/ubna_data_01_mir/recover-20220825/UBNA_002/20220823_033000.WAV,Telephone Field,recover-20220825,002,1795
1121.6525,1121.6657,14296,19103,Nyctalus noctula,0.026,0.041,-1,Echolocation,/mnt/ubna_data_01_mir/recover-20220825/UBNA_002/20220823_033000.WAV,Telephone Field,recover-20220825,002,1795
1121.6835,1121.7272,68437,82826,Rhinolophus ferrumequinum,0.031,0.031,-1,Echolocation,/mnt/ubna_data_01_mir/recover-20220825/UBNA_002/20220823_033000.WAV,Telephone Field,recover-20220825,002,1795
1121.7565,1121.7953,68437,82118,Rhinolophus ferrumequinum,0.026,0.026,-1,Echolocation,/mnt/ubna_data_01_mir/recover-20220825/UBNA_002/20220823_033000.WAV,Telephone Field,recover-20220825,002,1795
1121.7575,1121.7646,27187,40824,Eptesicus serotinus,0.007,0.025,-1,Echolocation,/mnt/ubna_data_01_mir/recover-20220825/UBNA_002/20220823_033000.WAV,Telephone Field,recover-20220825,002,1795
1121.7945,1121.8318,68437,82014,Rhinolophus ferrumequinum,0.023,0.023,-1,Echolocation,/mnt/ubna_data_01_mir/recover-20220825/UBNA_002/20220823_033000.WAV,Telephone Field,recover-20220825,002,1795
1121.8395,1121.8472,26328,38274,Eptesicus serotinus,0.007,0.024,-1,Echolocation,/mnt/ubna_data_01_mir/recover-20220825/UBNA_002/20220823_033000.WAV,Telephone Field,recover-20220825,002,1795
1121.8595,1121.8978,68437,82005,Rhinolophus ferrumequinum,0.023,0.023,-1,Echolocation,/mnt/ubna_data_01_mir/recover-20220825/UBNA_002/20220823_033000.WAV,Telephone Field,recover-20220825,002,1795
1121.8695,1121.9085,68437,82421,Rhinolophus ferrumequinum,0.024,0.024,-1,Echolocation,/mnt/ubna_data_01_mir/recover-20220825/UBNA_002/20220823_033000.WAV,Telephone Field,recover-20220825,002,1795
1121.8765,1121.8855,22031,28989,Plecotus austriacus,0.01,0.028,-1,Echolocation,/mnt/ubna_data_01_mir/recover-20220825/UBNA_002/20220823_033000.WAV,Telephone Field,recover-20220825,002,1795
1121.8865,1121.9004,22031,26088,Nyctalus leisleri,0.013,0.023,-1,Echolocation,/mnt/ubna_data_01_mir/recover-20220825/UBNA_002/20220823_033000.WAV,Telephone Field,recover-20220825,002,1795
1121.9035,1121.9425,68437,82524,Rhinolophus ferrumequinum,0.024,0.024,-1,Echolocation,/mnt/ubna_data_01_mir/recover-20220825/UBNA_002/20220823_033000.WAV,Telephone Field,recover-20220825,002,1795
1121.9265,1121.9676,68437,83285,Rhinolophus ferrumequinum,0.024,0.024,-1,Echolocation,/mnt/ubna_data_01_mir/recover-20220825/UBNA_002/20220823_033000.WAV,Telephone Field,recover-20220825,002,1795
1121.9335,1121.9426,25468,34074,Eptesicus serotinus,0.009,0.023,-1,Echolocation,/mnt/ubna_data_01_mir/recover-20220825/UBNA_002/20220823_033000.WAV,Telephone Field,recover-20220825,002,1795
1121.9395,1121.9493,25468,33615,Eptesicus serotinus,0.009,0.024,-1,Echolocation,/mnt/ubna_data_01_mir/recover-20220825/UBNA_002/20220823_033000.WAV,Telephone Field,recover-20220825,002,1795
1122.0015,1122.0108,22031,28148,Nyctalus leisleri,0.01,0.025,-1,Echolocation,/mnt/ubna_data_01_mir/recover-20220825/UBNA_002/20220823_033000.WAV,Telephone Field,recover-20220825,002,1795
1122.0015,1122.0351,68437,80403,Rhinolophus ferrumequinum,0.033,0.033,-1,Echolocation,/mnt/ubna_data_01_mir/recover-20220825/UBNA_002/20220823_033000.WAV,Telephone Field,recover-20220825,002,1795
1122.0115,1122.0529,68437,82851,Rhinolophus ferrumequinum,0.022,0.022,-1,Echolocation,/mnt/ubna_data_01_mir/recover-20220825/UBNA_002/20220823_033000.WAV,Telephone Field,recover-20220825,002,1795
1122.0215,1122.0294,24609,32047,Plecotus austriacus,0.007,0.021,-1,Echolocation,/mnt/ubna_data_01_mir/recover-20220825/UBNA_002/20220823_033000.WAV,Telephone Field,recover-20220825,002,1795
1122.0365,1122.0753,68437,82580,Rhinolophus ferrumequinum,0.029,0.029,-1,Echolocation,/mnt/ubna_data_01_mir/recover-20220825/UBNA_002/20220823_033000.WAV,Telephone Field,recover-20220825,002,1795
1122.0965,1122.1366,68437,82120,Rhinolophus ferrumequinum,0.025,0.025,-1,Echolocation,/mnt/ubna_data_01_mir/recover-20220825/UBNA_002/20220823_033000.WAV,Telephone Field,recover-20220825,002,1795
1122.1225,1122.1601,68437,81413,Rhinolophus ferrumequinum,0.024,0.024,-1,Echolocation,/mnt/ubna_data_01_mir/recover-20220825/UBNA_002/20220823_033000.WAV,Telephone Field,recover-20220825,002,1795
1122.1565,1122.1668,28046,37542,Eptesicus serotinus,0.009,0.022,-1,Echolocation,/mnt/ubna_data_01_mir/recover-20220825/UBNA_002/20220823_033000.WAV,Telephone Field,recover-20220825,002,1795
1122.2055,1122.2434,68437,82211,Rhinolophus ferrumequinum,0.022,0.022,-1,Echolocation,/mnt/ubna_data_01_mir/recover-20220825/UBNA_002/20220823_033000.WAV,Telephone Field,recover-20220825,002,1795
1122.2295,1122.2677,68437,81561,Rhinolophus ferrumequinum,0.022,0.022,-1,Echolocation,/mnt/ubna_data_01_mir/recover-20220825/UBNA_002/20220823_033000.WAV,Telephone Field,recover-20220825,002,1795
1122.2635,1122.2703,26328,38202,Eptesicus serotinus,0.005,0.023,-1,Echolocation,/mnt/ubna_data_01_mir/recover-20220825/UBNA_002/20220823_033000.WAV,Telephone Field,recover-20220825,002,1795
1122.2735,1122.3127,68437,82523,Rhinolophus ferrumequinum,0.022,0.022,-1,Echolocation,/mnt/ubna_data_01_mir/recover-20220825/UBNA_002/20220823_033000.WAV,Telephone Field,recover-20220825,002,1795
1122.2945,1122.3038,45234,52862,Pipistrellus pipistrellus,0.018,0.022,-1,Echolocation,/mnt/ubna_data_01_mir/recover-20220825/UBNA_002/20220823_033000.WAV,Telephone Field,recover-20220825,002,1795
1122.3115,1122.3567,68437,82952,Rhinolophus ferrumequinum,0.055,0.055,-1,Echolocation,/mnt/ubna_data_01_mir/recover-20220825/UBNA_002/20220823_033000.WAV,Telephone Field,recover-20220825,002,1795
1122.3295,1122.3704,68437,82950,Rhinolophus ferrumequinum,0.027,0.027,-1,Echolocation,/mnt/ubna_data_01_mir/recover-20220825/UBNA_002/20220823_033000.WAV,Telephone Field,recover-20220825,002,1795
1122.3565,1122.3704,21171,24402,Nyctalus leisleri,0.014,0.024,-1,Echolocation,/mnt/ubna_data_01_mir/recover-20220825/UBNA_002/20220823_033000.WAV,Telephone Field,recover-20220825,002,1795
1122.3645,1122.4071,68437,82972,Rhinolophus ferrumequinum,0.023,0.023,-1,Echolocation,/mnt/ubna_data_01_mir/recover-20220825/UBNA_002/20220823_033000.WAV,Telephone Field,recover-20220825,002,1795
1122.3685,1122.3763,27187,39797,Eptesicus serotinus,0.007,0.022,-1,Echolocation,/mnt/ubna_data_01_mir/recover-20220825/UBNA_002/20220823_033000.WAV,Telephone Field,recover-20220825,002,1795
1122.3935,1122.4322,68437,81616,Rhinolophus ferrumequinum,0.024,0.025,-1,Echolocation,/mnt/ubna_data_01_mir/recover-20220825/UBNA_002/20220823_033000.WAV,Telephone Field,recover-20220825,002,1795
1122.4295,1122.4665,68437,81341,Rhinolophus ferrumequinum,0.025,0.025,-1,Echolocation,/mnt/ubna_data_01_mir/recover-20220825/UBNA_002/20220823_033000.WAV,Telephone Field,recover-20220825,002,1795
1122.4495,1122.4889,68437,82235,Rhinolophus ferrumequinum,0.022,0.022,-1,Echolocation,/mnt/ubna_data_01_mir/recover-20220825/UBNA_002/20220823_033000.WAV,Telephone Field,recover-20220825,002,1795
1122.4545,1122.4959,68437,82546,Rhinolophus ferrumequinum,0.022,0.022,-1,Echolocation,/mnt/ubna_data_01_mir/recover-20220825/UBNA_002/20220823_033000.WAV,Telephone Field,recover-20220825,002,1795
1122.4565,1122.4644,24609,33939,Plecotus austriacus,0.007,0.025,-1,Echolocation,/mnt/ubna_data_01_mir/recover-20220825/UBNA_002/20220823_033000.WAV,Telephone Field,recover-20220825,002,1795
1122.4875,1122.5319,68437,83683,Rhinolophus ferrumequinum,0.073,0.073,-1,Echolocation,/mnt/ubna_data_01_mir/recover-20220825/UBNA_002/20220823_033000.WAV,Telephone Field,recover-20220825,002,1795
1122.5735,1122.5864,22031,26063,Nyctalus leisleri,0.013,0.023,-1,Echolocation,/mnt/ubna_data_01_mir/recover-20220825/UBNA_002/20220823_033000.WAV,Telephone Field,recover-20220825,002,1795
1122.5915,1122.6022,22890,27590,Nyctalus leisleri,0.017,0.032,-1,Echolocation,/mnt/ubna_data_01_mir/recover-20220825/UBNA_002/20220823_033000.WAV,Telephone Field,recover-20220825,002,1795
1122.6065,1122.6449,68437,82580,Rhinolophus ferrumequinum,0.022,0.022,-1,Echolocation,/mnt/ubna_data_01_mir/recover-20220825/UBNA_002/20220823_033000.WAV,Telephone Field,recover-20220825,002,1795
1122.6165,1122.6268,26328,33627,Eptesicus serotinus,0.011,0.03,-1,Echolocation,/mnt/ubna_data_01_mir/recover-20220825/UBNA_002/20220823_033000.WAV,Telephone Field,recover-20220825,002,1795
1122.6275,1122.6405,56406,61502,Pipistrellus pygmaeus,0.029,0.031,-1,Echolocation,/mnt/ubna_data_01_mir/recover-20220825/UBNA_002/20220823_033000.WAV,Telephone Field,recover-20220825,002,1795
1122.6355,1122.6793,68437,83236,Rhinolophus ferrumequinum,0.024,0.024,-1,Echolocation,/mnt/ubna_data_01_mir/recover-20220825/UBNA_002/20220823_033000.WAV,Telephone Field,recover-20220825,002,1795
1122.6455,1122.6841,68437,82178,Rhinolophus ferrumequinum,0.022,0.022,-1,Echolocation,/mnt/ubna_data_01_mir/recover-20220825/UBNA_002/20220823_033000.WAV,Telephone Field,recover-20220825,002,1795
1122.6705,1122.7059,68437,82091,Rhinolophus ferrumequinum,0.022,0.022,-1,Echolocation,/mnt/ubna_data_01_mir/recover-20220825/UBNA_002/20220823_033000.WAV,Telephone Field,recover-20220825,002,1795
1122.6705,1122.678,27187,38765,Eptesicus serotinus,0.007,0.024,-1,Echolocation,/mnt/ubna_data_01_mir/recover-20220825/UBNA_002/20220823_033000.WAV,Telephone Field,recover-20220825,002,1795
1122.6955,1122.708,23750,28633,Nyctalus leisleri,0.012,0.024,-1,Echolocation,/mnt/ubna_data_01_mir/recover-20220825/UBNA_002/20220823_033000.WAV,Telephone Field,recover-20220825,002,1795
1122.7095,1122.7456,68437,82245,Rhinolophus ferrumequinum,0.023,0.023,-1,Echolocation,/mnt/ubna_data_01_mir/recover-20220825/UBNA_002/20220823_033000.WAV,Telephone Field,recover-20220825,002,1795
1122.7115,1122.7199,26328,34739,Eptesicus serotinus,0.006,0.022,-1,Echolocation,/mnt/ubna_data_01_mir/recover-20220825/UBNA_002/20220823_033000.WAV,Telephone Field,recover-20220825,002,1795
1122.8165,1122.8574,68437,83044,Rhinolophus ferrumequinum,0.024,0.024,-1,Echolocation,/mnt/ubna_data_01_mir/recover-20220825/UBNA_002/20220823_033000.WAV,Telephone Field,recover-20220825,002,1795
1122.8535,1122.8943,68437,82452,Rhinolophus ferrumequinum,0.025,0.025,-1,Echolocation,/mnt/ubna_data_01_mir/recover-20220825/UBNA_002/20220823_033000.WAV,Telephone Field,recover-20220825,002,1795
1122.8565,1122.8645,28046,38636,Eptesicus serotinus,0.007,0.021,-1,Echolocation,/mnt/ubna_data_01_mir/recover-20220825/UBNA_002/20220823_033000.WAV,Telephone Field,recover-20220825,002,1795
1122.8775,1122.8841,23750,32789,Plecotus austriacus,0.012,0.025,-1,Echolocation,/mnt/ubna_data_01_mir/recover-20220825/UBNA_002/20220823_033000.WAV,Telephone Field,recover-20220825,002,1795
1122.9795,1123.0223,68437,82625,Rhinolophus ferrumequinum,0.033,0.033,-1,Echolocation,/mnt/ubna_data_01_mir/recover-20220825/UBNA_002/20220823_033000.WAV,Telephone Field,recover-20220825,002,1795
1122.9865,1123.0275,68437,83116,Rhinolophus ferrumequinum,0.036,0.036,-1,Echolocation,/mnt/ubna_data_01_mir/recover-20220825/UBNA_002/20220823_033000.WAV,Telephone Field,recover-20220825,002,1795
1123.0105,1123.0518,68437,82841,Rhinolophus ferrumequinum,0.026,0.026,-1,Echolocation,/mnt/ubna_data_01_mir/recover-20220825/UBNA_002/20220823_033000.WAV,Telephone Field,recover-20220825,002,1795
1123.0545,1123.093,68437,82205,Rhinolophus ferrumequinum,0.023,0.023,-1,Echolocation,/mnt/ubna_data_01_mir/recover-20220825/UBNA_002/20220823_033000.WAV,Telephone Field,recover-20220825,002,1795
1123.0675,1123.0745,28046,38398,Eptesicus serotinus,0.007,0.024,-1,Echolocation,/mnt/ubna_data_01_mir/recover-20220825/UBNA_002/20220823_033000.WAV,Telephone Field,recover-20220825,002,1795
1123.0775,1123.0889,51250,56827,Pipistrellus pipistrellus,0.022,0.029,-1,Echolocation,/mnt/ubna_data_01_mir/recover-20220825/UBNA_002/20220823_033000.WAV,Telephone Field,recover-20220825,002,1795
1123.0835,1123.0917,26328,35569,Eptesicus serotinus,0.008,0.022,-1,Echolocation,/mnt/ubna_data_01_mir/recover-20220825/UBNA_002/20220823_033000.WAV,Telephone Field,recover-20220825,002,1795
1123.1155,1123.1267,23750,29079,Nyctalus leisleri,0.021,0.041,-1,Echolocation,/mnt/ubna_data_01_mir/recover-20220825/UBNA_002/20220823_033000.WAV,Telephone Field,recover-20220825,002,1795
1123.1915,1123.2334,68437,83262,Rhinolophus ferrumequinum,0.027,0.027,-1,Echolocation,/mnt/ubna_data_01_mir/recover-20220825/UBNA_002/20220823_033000.WAV,Telephone Field,recover-20220825,002,1795
1123.2025,1123.2096,28046,40325,Eptesicus serotinus,0.006,0.022,-1,Echolocation,/mnt/ubna_data_01_mir/recover-20220825/UBNA_002/20220823_033000.WAV,Telephone Field,recover-20220825,002,1795
1123.2405,1123.2795,68437,81919,Rhinolophus ferrumequinum,0.026,0.027,-1,Echolocation,/mnt/ubna_data_01_mir/recover-20220825/UBNA_002/20220823_033000.WAV,Telephone Field,recover-20220825,002,1795
1123.2795,1123.2882,22890,30299,Plecotus austriacus,0.01,0.023,-1,Echolocation,/mnt/ubna_data_01_mir/recover-20220825/UBNA_002/20220823_033000.WAV,Telephone Field,recover-20220825,002,1795
1123.2805,1123.3231,68437,82591,Rhinolophus ferrumequinum,0.024,0.024,-1,Echolocation,/mnt/ubna_data_01_mir/recover-20220825/UBNA_002/20220823_033000.WAV,Telephone Field,recover-20220825,002,1795
1123.3015,1123.3406,68437,82540,Rhinolophus ferrumequinum,0.022,0.022,-1,Echolocation,/mnt/ubna_data_01_mir/recover-20220825/UBNA_002/20220823_033000.WAV,Telephone Field,recover-20220825,002,1795
1123.3115,1123.3524,68437,82124,Rhinolophus ferrumequinum,0.022,0.022,-1,Echolocation,/mnt/ubna_data_01_mir/recover-20220825/UBNA_002/20220823_033000.WAV,Telephone Field,recover-20220825,002,1795
1123.3195,1123.3266,28046,40583,Eptesicus serotinus,0.009,0.032,-1,Echolocation,/mnt/ubna_data_01_mir/recover-20220825/UBNA_002/20220823_033000.WAV,Telephone Field,recover-20220825,002,1795
1123.3845,1123.4205,68437,81067,Rhinolophus ferrumequinum,0.023,0.023,-1,Echolocation,/mnt/ubna_data_01_mir/recover-20220825/UBNA_002/20220823_033000.WAV,Telephone Field,recover-20220825,002,1795
1123.4385,1123.447,32343,41774,Myotis daubentonii,0.011,0.022,-1,Echolocation,/mnt/ubna_data_01_mir/recover-20220825/UBNA_002/20220823_033000.WAV,Telephone Field,recover-20220825,002,1795
1123.4435,1123.4522,23750,31864,Plecotus austriacus,0.007,0.024,-1,Echolocation,/mnt/ubna_data_01_mir/recover-20220825/UBNA_002/20220823_033000.WAV,Telephone Field,recover-20220825,002,1795
1123.4725,1123.5054,68437,80632,Rhinolophus ferrumequinum,0.024,0.024,-1,Echolocation,/mnt/ubna_data_01_mir/recover-20220825/UBNA_002/20220823_033000.WAV,Telephone Field,recover-20220825,002,1795
1123.4895,1123.4975,27187,38172,Eptesicus serotinus,0.006,0.021,-1,Echolocation,/mnt/ubna_data_01_mir/recover-20220825/UBNA_002/20220823_033000.WAV,Telephone Field,recover-20220825,002,1795
1123.5005,1123.5353,68437,81383,Rhinolophus ferrumequinum,0.021,0.021,-1,Echolocation,/mnt/ubna_data_01_mir/recover-20220825/UBNA_002/20220823_033000.WAV,Telephone Field,recover-20220825,002,1795
1123.5105,1123.5508,68437,83027,Rhinolophus ferrumequinum,0.027,0.027,-1,Echolocation,/mnt/ubna_data_01_mir/recover-20220825/UBNA_002/20220823_033000.WAV,Telephone Field,recover-20220825,002,1795
1123.5205,1123.5301,28906,37312,Eptesicus serotinus,0.008,0.022,-1,Echolocation,/mnt/ubna_data_01_mir/recover-20220825/UBNA_002/20220823_033000.WAV,Telephone Field,recover-20220825,002,1795
1123.5215,1123.5309,22031,27717,Nyctalus leisleri,0.009,0.024,-1,Echolocation,/mnt/ubna_data_01_mir/recover-20220825/UBNA_002/20220823_033000.WAV,Telephone Field,recover-20220825,002,1795
1123.5935,1123.613,20312,23190,Nyctalus leisleri,0.014,0.024,-1,Echolocation,/mnt/ubna_data_01_mir/recover-20220825/UBNA_002/20220823_033000.WAV,Telephone Field,recover-20220825,002,1795
1123.6475,1123.6534,28046,42978,Myotis daubentonii,0.008,0.029,-1,Echolocation,/mnt/ubna_data_01_mir/recover-20220825/UBNA_002/20220823_033000.WAV,Telephone Field,recover-20220825,002,1795
1123.6705,1123.7118,68437,82530,Rhinolophus ferrumequinum,0.025,0.025,-1,Echolocation,/mnt/ubna_data_01_mir/recover-20220825/UBNA_002/20220823_033000.WAV,Telephone Field,recover-20220825,002,1795
1123.6715,1123.6784,25468,38051,Plecotus austriacus,0.012,0.036,-1,Echolocation,/mnt/ubna_data_01_mir/recover-20220825/UBNA_002/20220823_033000.WAV,Telephone Field,recover-20220825,002,1795
1123.7385,1123.7771,68437,82211,Rhinolophus ferrumequinum,0.022,0.022,-1,Echolocation,/mnt/ubna_data_01_mir/recover-20220825/UBNA_002/20220823_033000.WAV,Telephone Field,recover-20220825,002,1795
1123.7635,1123.7714,26328,38781,Eptesicus serotinus,0.007,0.022,-1,Echolocation,/mnt/ubna_data_01_mir/recover-20220825/UBNA_002/20220823_033000.WAV,Telephone Field,recover-20220825,002,1795
1123.7785,1123.7871,22890,30882,Plecotus austriacus,0.013,0.029,-1,Echolocation,/mnt/ubna_data_01_mir/recover-20220825/UBNA_002/20220823_033000.WAV,Telephone Field,recover-20220825,002,1795
1123.8695,1123.9069,68437,82458,Rhinolophus ferrumequinum,0.024,0.024,-1,Echolocation,/mnt/ubna_data_01_mir/recover-20220825/UBNA_002/20220823_033000.WAV,Telephone Field,recover-20220825,002,1795
1123.9285,1123.9419,28906,33644,Eptesicus serotinus,0.026,0.051,-1,Echolocation,/mnt/ubna_data_01_mir/recover-20220825/UBNA_002/20220823_033000.WAV,Telephone Field,recover-20220825,002,1795
1123.9785,1123.9896,27187,35873,Eptesicus serotinus,0.018,0.033,-1,Echolocation,/mnt/ubna_data_01_mir/recover-20220825/UBNA_002/20220823_033000.WAV,Telephone Field,recover-20220825,002,1795
1124.0015,1124.0351,68437,80256,Rhinolophus ferrumequinum,0.033,0.033,-1,Echolocation,/mnt/ubna_data_01_mir/recover-20220825/UBNA_002/20220823_033000.WAV,Telephone Field,recover-20220825,002,1795
1124.0015,1124.0084,46093,54295,Pipistrellus pipistrellus,0.021,0.028,-1,Echolocation,/mnt/ubna_data_01_mir/recover-20220825/UBNA_002/20220823_033000.WAV,Telephone Field,recover-20220825,002,1795
1124.0015,1124.0108,23750,30286,Nyctalus leisleri,0.014,0.032,-1,Echolocation,/mnt/ubna_data_01_mir/recover-20220825/UBNA_002/20220823_033000.WAV,Telephone Field,recover-20220825,002,1795
1124.0085,1124.0481,68437,82655,Rhinolophus ferrumequinum,0.023,0.023,-1,Echolocation,/mnt/ubna_data_01_mir/recover-20220825/UBNA_002/20220823_033000.WAV,Telephone Field,recover-20220825,002,1795
1124.0145,1124.0545,68437,82934,Rhinolophus ferrumequinum,0.023,0.023,-1,Echolocation,/mnt/ubna_data_01_mir/recover-20220825/UBNA_002/20220823_033000.WAV,Telephone Field,recover-20220825,002,1795
1124.0245,1124.0671,68437,83580,Rhinolophus ferrumequinum,0.024,0.024,-1,Echolocation,/mnt/ubna_data_01_mir/recover-20220825/UBNA_002/20220823_033000.WAV,Telephone Field,recover-20220825,002,1795
1124.0435,1124.085,68437,82715,Rhinolophus ferrumequinum,0.024,0.024,-1,Echolocation,/mnt/ubna_data_01_mir/recover-20220825/UBNA_002/20220823_033000.WAV,Telephone Field,recover-20220825,002,1795
1124.0485,1124.0581,27187,36060,Eptesicus serotinus,0.01,0.023,-1,Echolocation,/mnt/ubna_data_01_mir/recover-20220825/UBNA_002/20220823_033000.WAV,Telephone Field,recover-20220825,002,1795
1124.0675,1124.1025,68437,81948,Rhinolophus ferrumequinum,0.023,0.023,-1,Echolocation,/mnt/ubna_data_01_mir/recover-20220825/UBNA_002/20220823_033000.WAV,Telephone Field,recover-20220825,002,1795
1124.0725,1124.0809,28046,39292,Eptesicus serotinus,0.009,0.023,-1,Echolocation,/mnt/ubna_data_01_mir/recover-20220825/UBNA_002/20220823_033000.WAV,Telephone Field,recover-20220825,002,1795
1124.1135,1124.1529,68437,82106,Rhinolophus ferrumequinum,0.023,0.023,-1,Echolocation,/mnt/ubna_data_01_mir/recover-20220825/UBNA_002/20220823_033000.WAV,Telephone Field,recover-20220825,002,1795
1124.1405,1124.1793,68437,82029,Rhinolophus ferrumequinum,0.038,0.038,-1,Echolocation,/mnt/ubna_data_01_mir/recover-20220825/UBNA_002/20220823_033000.WAV,Telephone Field,recover-20220825,002,1795
1124.1875,1124.196,22890,30370,Plecotus austriacus,0.01,0.023,-1,Echolocation,/mnt/ubna_data_01_mir/recover-20220825/UBNA_002/20220823_033000.WAV,Telephone Field,recover-20220825,002,1795
1124.1985,1124.2112,14296,19491,Nyctalus noctula,0.017,0.028,-1,Echolocation,/mnt/ubna_data_01_mir/recover-20220825/UBNA_002/20220823_033000.WAV,Telephone Field,recover-20220825,002,1795
1124.1985,1124.2362,68437,81892,Rhinolophus ferrumequinum,0.022,0.022,-1,Echolocation,/mnt/ubna_data_01_mir/recover-20220825/UBNA_002/20220823_033000.WAV,Telephone Field,recover-20220825,002,1795
1124.2075,1124.2466,68437,82303,Rhinolophus ferrumequinum,0.023,0.023,-1,Echolocation,/mnt/ubna_data_01_mir/recover-20220825/UBNA_002/20220823_033000.WAV,Telephone Field,recover-20220825,002,1795
1124.2075,1124.2192,28906,34930,Eptesicus serotinus,0.017,0.031,-1,Echolocation,/mnt/ubna_data_01_mir/recover-20220825/UBNA_002/20220823_033000.WAV,Telephone Field,recover-20220825,002,1795
1124.2165,1124.2524,68437,82493,Rhinolophus ferrumequinum,0.025,0.025,-1,Echolocation,/mnt/ubna_data_01_mir/recover-20220825/UBNA_002/20220823_033000.WAV,Telephone Field,recover-20220825,002,1795
1124.2195,1124.2283,27187,35544,Eptesicus serotinus,0.008,0.021,-1,Echolocation,/mnt/ubna_data_01_mir/recover-20220825/UBNA_002/20220823_033000.WAV,Telephone Field,recover-20220825,002,1795
1124.2375,1124.2733,68437,82409,Rhinolophus ferrumequinum,0.025,0.025,-1,Echolocation,/mnt/ubna_data_01_mir/recover-20220825/UBNA_002/20220823_033000.WAV,Telephone Field,recover-20220825,002,1795
1124.2455,1124.2843,68437,82061,Rhinolophus ferrumequinum,0.023,0.023,-1,Echolocation,/mnt/ubna_data_01_mir/recover-20220825/UBNA_002/20220823_033000.WAV,Telephone Field,recover-20220825,002,1795
1124.2925,1124.3335,68437,82865,Rhinolophus ferrumequinum,0.03,0.03,-1,Echolocation,/mnt/ubna_data_01_mir/recover-20220825/UBNA_002/20220823_033000.WAV,Telephone Field,recover-20220825,002,1795
1124.3605,1124.398,68437,81580,Rhinolophus ferrumequinum,0.022,0.022,-1,Echolocation,/mnt/ubna_data_01_mir/recover-20220825/UBNA_002/20220823_033000.WAV,Telephone Field,recover-20220825,002,1795
1124.3945,1124.404,22031,27276,Nyctalus leisleri,0.008,0.021,-1,Echolocation,/mnt/ubna_data_01_mir/recover-20220825/UBNA_002/20220823_033000.WAV,Telephone Field,recover-20220825,002,1795
1124.4525,1124.4896,68437,82095,Rhinolophus ferrumequinum,0.023,0.023,-1,Echolocation,/mnt/ubna_data_01_mir/recover-20220825/UBNA_002/20220823_033000.WAV,Telephone Field,recover-20220825,002,1795
1124.4645,1124.5053,68437,82747,Rhinolophus ferrumequinum,0.023,0.023,-1,Echolocation,/mnt/ubna_data_01_mir/recover-20220825/UBNA_002/20220823_033000.WAV,Telephone Field,recover-20220825,002,1795
1124.5055,1124.5153,48671,53829,Pipistrellus pipistrellus,0.028,0.032,-1,Echolocation,/mnt/ubna_data_01_mir/recover-20220825/UBNA_002/20220823_033000.WAV,Telephone Field,recover-20220825,002,1795
1124.5065,1124.5175,23750,29589,Nyctalus leisleri,0.011,0.025,-1,Echolocation,/mnt/ubna_data_01_mir/recover-20220825/UBNA_002/20220823_033000.WAV,Telephone Field,recover-20220825,002,1795
1124.5245,1124.5611,68437,81775,Rhinolophus ferrumequinum,0.024,0.024,-1,Echolocation,/mnt/ubna_data_01_mir/recover-20220825/UBNA_002/20220823_033000.WAV,Telephone Field,recover-20220825,002,1795
1124.5745,1124.6139,68437,82139,Rhinolophus ferrumequinum,0.031,0.031,-1,Echolocation,/mnt/ubna_data_01_mir/recover-20220825/UBNA_002/20220823_033000.WAV,Telephone Field,recover-20220825,002,1795
1124.6225,1124.66,68437,82222,Rhinolophus ferrumequinum,0.022,0.022,-1,Echolocation,/mnt/ubna_data_01_mir/recover-20220825/UBNA_002/20220823_033000.WAV,Telephone Field,recover-20220825,002,1795
1124.6295,1124.6671,68437,82627,Rhinolophus ferrumequinum,0.023,0.023,-1,Echolocation,/mnt/ubna_data_01_mir/recover-20220825/UBNA_002/20220823_033000.WAV,Telephone Field,recover-20220825,002,1795
1124.6705,1124.7105999999999,68437,82185,Rhinolophus ferrumequinum,0.03,0.03,-1,Echolocation,/mnt/ubna_data_01_mir/recover-20220825/UBNA_002/20220823_033000.WAV,Telephone Field,recover-20220825,002,1795
1124.7135,1124.7481,68437,80720,Rhinolophus ferrumequinum,0.023,0.023,-1,Echolocation,/mnt/ubna_data_01_mir/recover-20220825/UBNA_002/20220823_033000.WAV,Telephone Field,recover-20220825,002,1795
1124.7345,1124.7716,68437,82119,Rhinolophus ferrumequinum,0.022,0.022,-1,Echolocation,/mnt/ubna_data_01_mir/recover-20220825/UBNA_002/20220823_033000.WAV,Telephone Field,recover-20220825,002,1795
1124.7715,1124.7885,21171,24260,Nyctalus leisleri,0.018,0.03,-1,Echolocation,/mnt/ubna_data_01_mir/recover-20220825/UBNA_002/20220823_033000.WAV,Telephone Field,recover-20220825,002,1795
1124.7725,1124.8112,68437,82932,Rhinolophus ferrumequinum,0.03,0.03,-1,Echolocation,/mnt/ubna_data_01_mir/recover-20220825/UBNA_002/20220823_033000.WAV,Telephone Field,recover-20220825,002,1795
1124.7915,1124.8009,27187,34637,Eptesicus serotinus,0.016,0.033,-1,Echolocation,/mnt/ubna_data_01_mir/recover-20220825/UBNA_002/20220823_033000.WAV,Telephone Field,recover-20220825,002,1795
1124.7975,1124.8335,68437,80883,Rhinolophus ferrumequinum,0.022,0.022,-1,Echolocation,/mnt/ubna_data_01_mir/recover-20220825/UBNA_002/20220823_033000.WAV,Telephone Field,recover-20220825,002,1795
1124.7995,1124.8101,25468,31269,Nyctalus leisleri,0.008,0.023,-1,Echolocation,/mnt/ubna_data_01_mir/recover-20220825/UBNA_002/20220823_033000.WAV,Telephone Field,recover-20220825,002,1795
1124.8065,1124.8471,68437,82705,Rhinolophus ferrumequinum,0.025,0.025,-1,Echolocation,/mnt/ubna_data_01_mir/recover-20220825/UBNA_002/20220823_033000.WAV,Telephone Field,recover-20220825,002,1795
1124.8185,1124.857,68437,82931,Rhinolophus ferrumequinum,0.024,0.024,-1,Echolocation,/mnt/ubna_data_01_mir/recover-20220825/UBNA_002/20220823_033000.WAV,Telephone Field,recover-20220825,002,1795
1124.8185,1124.8261,28046,38066,Eptesicus serotinus,0.007,0.022,-1,Echolocation,/mnt/ubna_data_01_mir/recover-20220825/UBNA_002/20220823_033000.WAV,Telephone Field,recover-20220825,002,1795
1124.8695,1124.9076,68437,82161,Rhinolophus ferrumequinum,0.024,0.024,-1,Echolocation,/mnt/ubna_data_01_mir/recover-20220825/UBNA_002/20220823_033000.WAV,Telephone Field,recover-20220825,002,1795
1124.8725,1124.8836,29765,37633,Eptesicus serotinus,0.012,0.028,-1,Echolocation,/mnt/ubna_data_01_mir/recover-20220825/UBNA_002/20220823_033000.WAV,Telephone Field,recover-20220825,002,1795
1124.8765,1124.9137,68437,82001,Rhinolophus ferrumequinum,0.026,0.026,-1,Echolocation,/mnt/ubna_data_01_mir/recover-20220825/UBNA_002/20220823_033000.WAV,Telephone Field,recover-20220825,002,1795
1124.8855,1124.9254,68437,82507,Rhinolophus ferrumequinum,0.032,0.032,-1,Echolocation,/mnt/ubna_data_01_mir/recover-20220825/UBNA_002/20220823_033000.WAV,Telephone Field,recover-20220825,002,1795
1124.9145,1124.9544,68437,82630,Rhinolophus ferrumequinum,0.022,0.022,-1,Echolocation,/mnt/ubna_data_01_mir/recover-20220825/UBNA_002/20220823_033000.WAV,Telephone Field,recover-20220825,002,1795
1124.9265,1124.9339,28046,38799,Eptesicus serotinus,0.007,0.022,-1,Echolocation,/mnt/ubna_data_01_mir/recover-20220825/UBNA_002/20220823_033000.WAV,Telephone Field,recover-20220825,002,1795
1124.9285,1124.9665,68437,82330,Rhinolophus ferrumequinum,0.023,0.023,-1,Echolocation,/mnt/ubna_data_01_mir/recover-20220825/UBNA_002/20220823_033000.WAV,Telephone Field,recover-20220825,002,1795
1124.9385,1124.9753,68437,81701,Rhinolophus ferrumequinum,0.024,0.024,-1,Echolocation,/mnt/ubna_data_01_mir/recover-20220825/UBNA_002/20220823_033000.WAV,Telephone Field,recover-20220825,002,1795
1124.9505,1124.9911,68437,82558,Rhinolophus ferrumequinum,0.037,0.037,-1,Echolocation,/mnt/ubna_data_01_mir/recover-20220825/UBNA_002/20220823_033000.WAV,Telephone Field,recover-20220825,002,1795
1124.9785,1124.9841,39218,59791,Myotis mystacinus,0.008,0.023,-1,Echolocation,/mnt/ubna_data_01_mir/recover-20220825/UBNA_002/20220823_033000.WAV,Telephone Field,recover-20220825,002,1795
1124.9885,1125.0244,68437,81684,Rhinolophus ferrumequinum,0.022,0.022,-1,Echolocation,/mnt/ubna_data_01_mir/recover-20220825/UBNA_002/20220823_033000.WAV,Telephone Field,recover-20220825,002,1795
1124.9885,1124.9954,26328,38481,Eptesicus serotinus,0.005,0.022,-1,Echolocation,/mnt/ubna_data_01_mir/recover-20220825/UBNA_002/20220823_033000.WAV,Telephone Field,recover-20220825,002,1795
1124.9975,1125.0339,68437,81483,Rhinolophus ferrumequinum,0.026,0.026,-1,Echolocation,/mnt/ubna_data_01_mir/recover-20220825/UBNA_002/20220823_033000.WAV,Telephone Field,recover-20220825,002,1795
1125.0245,1125.0657,68437,82479,Rhinolophus ferrumequinum,0.028,0.028,-1,Echolocation,/mnt/ubna_data_01_mir/recover-20220825/UBNA_002/20220823_033000.WAV,Telephone Field,recover-20220825,002,1795
1125.0315,1125.0408,27187,35831,Eptesicus serotinus,0.013,0.025,-1,Echolocation,/mnt/ubna_data_01_mir/recover-20220825/UBNA_002/20220823_033000.WAV,Telephone Field,recover-20220825,002,1795
1125.0445,1125.0564,32343,38279,Eptesicus serotinus,0.012,0.031,-1,Echolocation,/mnt/ubna_data_01_mir/recover-20220825/UBNA_002/20220823_033000.WAV,Telephone Field,recover-20220825,002,1795
1125.0545,1125.0899,68437,81667,Rhinolophus ferrumequinum,0.021,0.021,-1,Echolocation,/mnt/ubna_data_01_mir/recover-20220825/UBNA_002/20220823_033000.WAV,Telephone Field,recover-20220825,002,1795
1125.0785,1125.1146,68437,81693,Rhinolophus ferrumequinum,0.031,0.031,-1,Echolocation,/mnt/ubna_data_01_mir/recover-20220825/UBNA_002/20220823_033000.WAV,Telephone Field,recover-20220825,002,1795
1125.0815,1125.0891,25468,34646,Eptesicus serotinus,0.008,0.025,-1,Echolocation,/mnt/ubna_data_01_mir/recover-20220825/UBNA_002/20220823_033000.WAV,Telephone Field,recover-20220825,002,1795
1125.0955,1125.1318,68437,81900,Rhinolophus ferrumequinum,0.024,0.024,-1,Echolocation,/mnt/ubna_data_01_mir/recover-20220825/UBNA_002/20220823_033000.WAV,Telephone Field,recover-20220825,002,1795
1125.1295,1125.1662,68437,81465,Rhinolophus ferrumequinum,0.023,0.023,-1,Echolocation,/mnt/ubna_data_01_mir/recover-20220825/UBNA_002/20220823_033000.WAV,Telephone Field,recover-20220825,002,1795
1125.1495,1125.159,25468,33180,Eptesicus serotinus,0.009,0.021,-1,Echolocation,/mnt/ubna_data_01_mir/recover-20220825/UBNA_002/20220823_033000.WAV,Telephone Field,recover-20220825,002,1795
1125.1505,1125.1892,68437,82212,Rhinolophus ferrumequinum,0.022,0.022,-1,Echolocation,/mnt/ubna_data_01_mir/recover-20220825/UBNA_002/20220823_033000.WAV,Telephone Field,recover-20220825,002,1795
1125.1815,1125.2239,68437,82476,Rhinolophus ferrumequinum,0.024,0.024,-1,Echolocation,/mnt/ubna_data_01_mir/recover-20220825/UBNA_002/20220823_033000.WAV,Telephone Field,recover-20220825,002,1795
1125.1815,1125.1913,55546,63144,Pipistrellus pygmaeus,0.022,0.023,-1,Echolocation,/mnt/ubna_data_01_mir/recover-20220825/UBNA_002/20220823_033000.WAV,Telephone Field,recover-20220825,002,1795
1125.1995,1125.2361,68437,81835,Rhinolophus ferrumequinum,0.023,0.023,-1,Echolocation,/mnt/ubna_data_01_mir/recover-20220825/UBNA_002/20220823_033000.WAV,Telephone Field,recover-20220825,002,1795
1125.2055,1125.2425,68437,81669,Rhinolophus ferrumequinum,0.023,0.023,-1,Echolocation,/mnt/ubna_data_01_mir/recover-20220825/UBNA_002/20220823_033000.WAV,Telephone Field,recover-20220825,002,1795
1125.2105,1125.2493,68437,81667,Rhinolophus ferrumequinum,0.023,0.023,-1,Echolocation,/mnt/ubna_data_01_mir/recover-20220825/UBNA_002/20220823_033000.WAV,Telephone Field,recover-20220825,002,1795
1125.2235,1125.26,68437,82560,Rhinolophus ferrumequinum,0.024,0.024,-1,Echolocation,/mnt/ubna_data_01_mir/recover-20220825/UBNA_002/20220823_033000.WAV,Telephone Field,recover-20220825,002,1795
1125.2325,1125.2699,68437,82017,Rhinolophus ferrumequinum,0.022,0.022,-1,Echolocation,/mnt/ubna_data_01_mir/recover-20220825/UBNA_002/20220823_033000.WAV,Telephone Field,recover-20220825,002,1795
1125.2515,1125.2908,68437,82589,Rhinolophus ferrumequinum,0.022,0.022,-1,Echolocation,/mnt/ubna_data_01_mir/recover-20220825/UBNA_002/20220823_033000.WAV,Telephone Field,recover-20220825,002,1795
1125.2765,1125.3125,68437,82020,Rhinolophus ferrumequinum,0.022,0.022,-1,Echolocation,/mnt/ubna_data_01_mir/recover-20220825/UBNA_002/20220823_033000.WAV,Telephone Field,recover-20220825,002,1795
1125.2885,1125.3249,68437,82421,Rhinolophus ferrumequinum,0.023,0.023,-1,Echolocation,/mnt/ubna_data_01_mir/recover-20220825/UBNA_002/20220823_033000.WAV,Telephone Field,recover-20220825,002,1795
1125.3005,1125.312,22890,27251,Nyctalus leisleri,0.014,0.026,-1,Echolocation,/mnt/ubna_data_01_mir/recover-20220825/UBNA_002/20220823_033000.WAV,Telephone Field,recover-20220825,002,1795
1125.3045,1125.3423,68437,82531,Rhinolophus ferrumequinum,0.032,0.032,-1,Echolocation,/mnt/ubna_data_01_mir/recover-20220825/UBNA_002/20220823_033000.WAV,Telephone Field,recover-20220825,002,1795
1125.3225,1125.358,68437,81202,Rhinolophus ferrumequinum,0.022,0.022,-1,Echolocation,/mnt/ubna_data_01_mir/recover-20220825/UBNA_002/20220823_033000.WAV,Telephone Field,recover-20220825,002,1795
1125.3505,1125.3894,68437,81597,Rhinolophus ferrumequinum,0.027,0.027,-1,Echolocation,/mnt/ubna_data_01_mir/recover-20220825/UBNA_002/20220823_033000.WAV,Telephone Field,recover-20220825,002,1795
1125.3525,1125.3637,39218,43088,Pipistrellus nathusii,0.014,0.023,-1,Echolocation,/mnt/ubna_data_01_mir/recover-20220825/UBNA_002/20220823_033000.WAV,Telephone Field,recover-20220825,002,1795
1125.3685,1125.4086,68437,82478,Rhinolophus ferrumequinum,0.025,0.025,-1,Echolocation,/mnt/ubna_data_01_mir/recover-20220825/UBNA_002/20220823_033000.WAV,Telephone Field,recover-20220825,002,1795
1125.3705,1125.391,18593,22156,Nyctalus noctula,0.038,0.061,-1,Echolocation,/mnt/ubna_data_01_mir/recover-20220825/UBNA_002/20220823_033000.WAV,Telephone Field,recover-20220825,002,1795
1125.3785,1125.4164,68437,82225,Rhinolophus ferrumequinum,0.024,0.024,-1,Echolocation,/mnt/ubna_data_01_mir/recover-20220825/UBNA_002/20220823_033000.WAV,Telephone Field,recover-20220825,002,1795
1125.4045,1125.444,68437,82418,Rhinolophus ferrumequinum,0.026,0.026,-1,Echolocation,/mnt/ubna_data_01_mir/recover-20220825/UBNA_002/20220823_033000.WAV,Telephone Field,recover-20220825,002,1795
1125.4055,1125.4109,39218,58066,Myotis brandtii,0.007,0.022,-1,Echolocation,/mnt/ubna_data_01_mir/recover-20220825/UBNA_002/20220823_033000.WAV,Telephone Field,recover-20220825,002,1795
1125.4825,1125.5214,68437,82678,Rhinolophus ferrumequinum,0.022,0.022,-1,Echolocation,/mnt/ubna_data_01_mir/recover-20220825/UBNA_002/20220823_033000.WAV,Telephone Field,recover-20220825,002,1795
1125.5055,1125.5132,23750,32904,Plecotus austriacus,0.011,0.025,-1,Echolocation,/mnt/ubna_data_01_mir/recover-20220825/UBNA_002/20220823_033000.WAV,Telephone Field,recover-20220825,002,1795
1125.5265,1125.5663,68437,82753,Rhinolophus ferrumequinum,0.024,0.024,-1,Echolocation,/mnt/ubna_data_01_mir/recover-20220825/UBNA_002/20220823_033000.WAV,Telephone Field,recover-20220825,002,1795
1125.5465,1125.5837,68437,82120,Rhinolophus ferrumequinum,0.042,0.042,-1,Echolocation,/mnt/ubna_data_01_mir/recover-20220825/UBNA_002/20220823_033000.WAV,Telephone Field,recover-20220825,002,1795
1125.5575,1125.5992,68437,82946,Rhinolophus ferrumequinum,0.029,0.029,-1,Echolocation,/mnt/ubna_data_01_mir/recover-20220825/UBNA_002/20220823_033000.WAV,Telephone Field,recover-20220825,002,1795
1125.5815,1125.6203,68437,82480,Rhinolophus ferrumequinum,0.023,0.024,-1,Echolocation,/mnt/ubna_data_01_mir/recover-20220825/UBNA_002/20220823_033000.WAV,Telephone Field,recover-20220825,002,1795
1125.5945,1125.6118,20312,23165,Nyctalus leisleri,0.017,0.027,-1,Echolocation,/mnt/ubna_data_01_mir/recover-20220825/UBNA_002/20220823_033000.WAV,Telephone Field,recover-20220825,002,1795
1125.5985,1125.6352,68437,81812,Rhinolophus ferrumequinum,0.022,0.022,-1,Echolocation,/mnt/ubna_data_01_mir/recover-20220825/UBNA_002/20220823_033000.WAV,Telephone Field,recover-20220825,002,1795
1125.6105,1125.6468,68437,81387,Rhinolophus ferrumequinum,0.023,0.024,-1,Echolocation,/mnt/ubna_data_01_mir/recover-20220825/UBNA_002/20220823_033000.WAV,Telephone Field,recover-20220825,002,1795
1125.6245,1125.6626,68437,81904,Rhinolophus ferrumequinum,0.033,0.033,-1,Echolocation,/mnt/ubna_data_01_mir/recover-20220825/UBNA_002/20220823_033000.WAV,Telephone Field,recover-20220825,002,1795
1125.6415,1125.6533,23750,29390,Nyctalus leisleri,0.01,0.024,-1,Echolocation,/mnt/ubna_data_01_mir/recover-20220825/UBNA_002/20220823_033000.WAV,Telephone Field,recover-20220825,002,1795
1125.6885,1125.7283,68437,82388,Rhinolophus ferrumequinum,0.031,0.031,-1,Echolocation,/mnt/ubna_data_01_mir/recover-20220825/UBNA_002/20220823_033000.WAV,Telephone Field,recover-20220825,002,1795
1125.6965,1125.7348,68437,81743,Rhinolophus ferrumequinum,0.027,0.027,-1,Echolocation,/mnt/ubna_data_01_mir/recover-20220825/UBNA_002/20220823_033000.WAV,Telephone Field,recover-20220825,002,1795
1125.7075,1125.7449,68437,82151,Rhinolophus ferrumequinum,0.023,0.023,-1,Echolocation,/mnt/ubna_data_01_mir/recover-20220825/UBNA_002/20220823_033000.WAV,Telephone Field,recover-20220825,002,1795
1125.7245,1125.7582,68437,80979,Rhinolophus ferrumequinum,0.022,0.022,-1,Echolocation,/mnt/ubna_data_01_mir/recover-20220825/UBNA_002/20220823_033000.WAV,Telephone Field,recover-20220825,002,1795
1125.7405,1125.749,26328,36203,Eptesicus serotinus,0.009,0.022,-1,Echolocation,/mnt/ubna_data_01_mir/recover-20220825/UBNA_002/20220823_033000.WAV,Telephone Field,recover-20220825,002,1795
1125.7415,1125.779,68437,82118,Rhinolophus ferrumequinum,0.023,0.023,-1,Echolocation,/mnt/ubna_data_01_mir/recover-20220825/UBNA_002/20220823_033000.WAV,Telephone Field,recover-20220825,002,1795
1125.7675,1125.8062,68437,81552,Rhinolophus ferrumequinum,0.021,0.021,-1,Echolocation,/mnt/ubna_data_01_mir/recover-20220825/UBNA_002/20220823_033000.WAV,Telephone Field,recover-20220825,002,1795
1125.8105,1125.8566,68437,83771,Rhinolophus ferrumequinum,0.123,0.123,-1,Echolocation,/mnt/ubna_data_01_mir/recover-20220825/UBNA_002/20220823_033000.WAV,Telephone Field,recover-20220825,002,1795
1125.8305,1125.8383,26328,39324,Eptesicus serotinus,0.007,0.022,-1,Echolocation,/mnt/ubna_data_01_mir/recover-20220825/UBNA_002/20220823_033000.WAV,Telephone Field,recover-20220825,002,1795
1125.8495,1125.8866,68437,82176,Rhinolophus ferrumequinum,0.025,0.025,-1,Echolocation,/mnt/ubna_data_01_mir/recover-20220825/UBNA_002/20220823_033000.WAV,Telephone Field,recover-20220825,002,1795
1125.8625,1125.8733,22890,28512,Nyctalus leisleri,0.01,0.021,-1,Echolocation,/mnt/ubna_data_01_mir/recover-20220825/UBNA_002/20220823_033000.WAV,Telephone Field,recover-20220825,002,1795
1125.8725,1125.9104,68437,81817,Rhinolophus ferrumequinum,0.022,0.022,-1,Echolocation,/mnt/ubna_data_01_mir/recover-20220825/UBNA_002/20220823_033000.WAV,Telephone Field,recover-20220825,002,1795
1125.9435,1125.9503,28046,38835,Eptesicus serotinus,0.006,0.022,-1,Echolocation,/mnt/ubna_data_01_mir/recover-20220825/UBNA_002/20220823_033000.WAV,Telephone Field,recover-20220825,002,1795
1125.9445,1125.9819,68437,81736,Rhinolophus ferrumequinum,0.029,0.03,-1,Echolocation,/mnt/ubna_data_01_mir/recover-20220825/UBNA_002/20220823_033000.WAV,Telephone Field,recover-20220825,002,1795
1125.9605,1125.9721,26328,33370,Eptesicus serotinus,0.011,0.022,-1,Echolocation,/mnt/ubna_data_01_mir/recover-20220825/UBNA_002/20220823_033000.WAV,Telephone Field,recover-20220825,002,1795
1126.0015,1126.035,68437,80358,Rhinolophus ferrumequinum,0.052,0.052,-1,Echolocation,/mnt/ubna_data_01_mir/recover-20220825/UBNA_002/20220823_033000.WAV,Telephone Field,recover-20220825,002,1795
1126.0015,1126.0092,25468,36995,Myotis nattereri,0.008,0.035,-1,Echolocation,/mnt/ubna_data_01_mir/recover-20220825/UBNA_002/20220823_033000.WAV,Telephone Field,recover-20220825,002,1795
1126.0015,1126.0112,39218,44326,Pipistrellus nathusii,0.014,0.022,-1,Echolocation,/mnt/ubna_data_01_mir/recover-20220825/UBNA_002/20220823_033000.WAV,Telephone Field,recover-20220825,002,1795
1126.0015,1126.0085,49531,56170,Pipistrellus pipistrellus,0.02,0.027,-1,Echolocation,/mnt/ubna_data_01_mir/recover-20220825/UBNA_002/20220823_033000.WAV,Telephone Field,recover-20220825,002,1795
1126.0155,1126.0614,68437,84261,Rhinolophus ferrumequinum,0.042,0.042,-1,Echolocation,/mnt/ubna_data_01_mir/recover-20220825/UBNA_002/20220823_033000.WAV,Telephone Field,recover-20220825,002,1795
1126.0285,1126.0368,28046,41355,Eptesicus serotinus,0.008,0.021,-1,Echolocation,/mnt/ubna_data_01_mir/recover-20220825/UBNA_002/20220823_033000.WAV,Telephone Field,recover-20220825,002,1795
1126.0475,1126.0854,68437,82150,Rhinolophus ferrumequinum,0.022,0.022,-1,Echolocation,/mnt/ubna_data_01_mir/recover-20220825/UBNA_002/20220823_033000.WAV,Telephone Field,recover-20220825,002,1795
1126.0745,1126.1146,68437,82613,Rhinolophus ferrumequinum,0.022,0.023,-1,Echolocation,/mnt/ubna_data_01_mir/recover-20220825/UBNA_002/20220823_033000.WAV,Telephone Field,recover-20220825,002,1795
1126.1135,1126.1498,68437,81230,Rhinolophus ferrumequinum,0.022,0.022,-1,Echolocation,/mnt/ubna_data_01_mir/recover-20220825/UBNA_002/20220823_033000.WAV,Telephone Field,recover-20220825,002,1795
1126.1495,1126.187,68437,82168,Rhinolophus ferrumequinum,0.027,0.027,-1,Echolocation,/mnt/ubna_data_01_mir/recover-20220825/UBNA_002/20220823_033000.WAV,Telephone Field,recover-20220825,002,1795
1126.1575,1126.1971,68437,82858,Rhinolophus ferrumequinum,0.03,0.03,-1,Echolocation,/mnt/ubna_data_01_mir/recover-20220825/UBNA_002/20220823_033000.WAV,Telephone Field,recover-20220825,002,1795
1126.1905,1126.2001,28906,37429,Eptesicus serotinus,0.011,0.026,-1,Echolocation,/mnt/ubna_data_01_mir/recover-20220825/UBNA_002/20220823_033000.WAV,Telephone Field,recover-20220825,002,1795
1126.1975,1126.2379,68437,82869,Rhinolophus ferrumequinum,0.024,0.024,-1,Echolocation,/mnt/ubna_data_01_mir/recover-20220825/UBNA_002/20220823_033000.WAV,Telephone Field,recover-20220825,002,1795
1126.2375,1126.245,23750,32943,Plecotus austriacus,0.016,0.034,-1,Echolocation,/mnt/ubna_data_01_mir/recover-20220825/UBNA_002/20220823_033000.WAV,Telephone Field,recover-20220825,002,1795
1126.2445,1126.2553,28906,36298,Eptesicus serotinus,0.011,0.025,-1,Echolocation,/mnt/ubna_data_01_mir/recover-20220825/UBNA_002/20220823_033000.WAV,Telephone Field,recover-20220825,002,1795
1126.2455,1126.2825,68437,81902,Rhinolophus ferrumequinum,0.023,0.023,-1,Echolocation,/mnt/ubna_data_01_mir/recover-20220825/UBNA_002/20220823_033000.WAV,Telephone Field,recover-20220825,002,1795
1126.2545,1126.2934,68437,82286,Rhinolophus ferrumequinum,0.021,0.021,-1,Echolocation,/mnt/ubna_data_01_mir/recover-20220825/UBNA_002/20220823_033000.WAV,Telephone Field,recover-20220825,002,1795
1126.2635,1126.3006,68437,81794,Rhinolophus ferrumequinum,0.025,0.025,-1,Echolocation,/mnt/ubna_data_01_mir/recover-20220825/UBNA_002/20220823_033000.WAV,Telephone Field,recover-20220825,002,1795
1126.2865,1126.3243,68437,82078,Rhinolophus ferrumequinum,0.024,0.024,-1,Echolocation,/mnt/ubna_data_01_mir/recover-20220825/UBNA_002/20220823_033000.WAV,Telephone Field,recover-20220825,002,1795
1126.3035,1126.3422,68437,82254,Rhinolophus ferrumequinum,0.022,0.022,-1,Echolocation,/mnt/ubna_data_01_mir/recover-20220825/UBNA_002/20220823_033000.WAV,Telephone Field,recover-20220825,002,1795
1126.3075,1126.3203,22890,28689,Nyctalus leisleri,0.015,0.028,-1,Echolocation,/mnt/ubna_data_01_mir/recover-20220825/UBNA_002/20220823_033000.WAV,Telephone Field,recover-20220825,002,1795
1126.3225,1126.3663,68437,83290,Rhinolophus ferrumequinum,0.038,0.038,-1,Echolocation,/mnt/ubna_data_01_mir/recover-20220825/UBNA_002/20220823_033000.WAV,Telephone Field,recover-20220825,002,1795
1126.3275,1126.3375,23750,30367,Nyctalus leisleri,0.009,0.022,-1,Echolocation,/mnt/ubna_data_01_mir/recover-20220825/UBNA_002/20220823_033000.WAV,Telephone Field,recover-20220825,002,1795
1126.3415,1126.351,27187,35173,Eptesicus serotinus,0.013,0.028,-1,Echolocation,/mnt/ubna_data_01_mir/recover-20220825/UBNA_002/20220823_033000.WAV,Telephone Field,recover-20220825,002,1795
1126.3495,1126.3892,68437,82884,Rhinolophus ferrumequinum,0.024,0.024,-1,Echolocation,/mnt/ubna_data_01_mir/recover-20220825/UBNA_002/20220823_033000.WAV,Telephone Field,recover-20220825,002,1795
1126.3665,1126.3763,23750,30234,Nyctalus leisleri,0.009,0.023,-1,Echolocation,/mnt/ubna_data_01_mir/recover-20220825/UBNA_002/20220823_033000.WAV,Telephone Field,recover-20220825,002,1795
1126.3945,1126.4335,68437,82425,Rhinolophus ferrumequinum,0.029,0.029,-1,Echolocation,/mnt/ubna_data_01_mir/recover-20220825/UBNA_002/20220823_033000.WAV,Telephone Field,recover-20220825,002,1795
1126.4045,1126.4468,68437,83185,Rhinolophus ferrumequinum,0.027,0.028,-1,Echolocation,/mnt/ubna_data_01_mir/recover-20220825/UBNA_002/20220823_033000.WAV,Telephone Field,recover-20220825,002,1795
1126.4435,1126.4844,68437,82629,Rhinolophus ferrumequinum,0.024,0.024,-1,Echolocation,/mnt/ubna_data_01_mir/recover-20220825/UBNA_002/20220823_033000.WAV,Telephone Field,recover-20220825,002,1795
1126.4795,1126.5192,68437,82431,Rhinolophus ferrumequinum,0.031,0.031,-1,Echolocation,/mnt/ubna_data_01_mir/recover-20220825/UBNA_002/20220823_033000.WAV,Telephone Field,recover-20220825,002,1795
1126.5095,1126.5174,28906,38096,Eptesicus serotinus,0.009,0.026,-1,Echolocation,/mnt/ubna_data_01_mir/recover-20220825/UBNA_002/20220823_033000.WAV,Telephone Field,recover-20220825,002,1795
1126.5375,1126.5472,28906,36933,Eptesicus serotinus,0.009,0.022,-1,Echolocation,/mnt/ubna_data_01_mir/recover-20220825/UBNA_002/20220823_033000.WAV,Telephone Field,recover-20220825,002,1795
1126.5685,1126.6036,68437,81897,Rhinolophus ferrumequinum,0.022,0.022,-1,Echolocation,/mnt/ubna_data_01_mir/recover-20220825/UBNA_002/20220823_033000.WAV,Telephone Field,recover-20220825,002,1795
1126.6045,1126.6425,68437,81609,Rhinolophus ferrumequinum,0.047,0.047,-1,Echolocation,/mnt/ubna_data_01_mir/recover-20220825/UBNA_002/20220823_033000.WAV,Telephone Field,recover-20220825,002,1795
1126.6295,1126.6684,68437,82136,Rhinolophus ferrumequinum,0.023,0.023,-1,Echolocation,/mnt/ubna_data_01_mir/recover-20220825/UBNA_002/20220823_033000.WAV,Telephone Field,recover-20220825,002,1795
1126.6555,1126.6641,24609,32100,Nyctalus leisleri,0.006,0.022,-1,Echolocation,/mnt/ubna_data_01_mir/recover-20220825/UBNA_002/20220823_033000.WAV,Telephone Field,recover-20220825,002,1795
1126.6655,1126.6771,24609,30187,Nyctalus leisleri,0.011,0.026,-1,Echolocation,/mnt/ubna_data_01_mir/recover-20220825/UBNA_002/20220823_033000.WAV,Telephone Field,recover-20220825,002,1795
1126.6715,1126.708,68437,81605,Rhinolophus ferrumequinum,0.025,0.025,-1,Echolocation,/mnt/ubna_data_01_mir/recover-20220825/UBNA_002/20220823_033000.WAV,Telephone Field,recover-20220825,002,1795
1126.6885,1126.6983,28906,38960,Eptesicus serotinus,0.01,0.024,-1,Echolocation,/mnt/ubna_data_01_mir/recover-20220825/UBNA_002/20220823_033000.WAV,Telephone Field,recover-20220825,002,1795
1126.6885,1126.73,68437,83081,Rhinolophus ferrumequinum,0.036,0.036,-1,Echolocation,/mnt/ubna_data_01_mir/recover-20220825/UBNA_002/20220823_033000.WAV,Telephone Field,recover-20220825,002,1795
1126.7275,1126.7673,68437,82595,Rhinolophus ferrumequinum,0.022,0.022,-1,Echolocation,/mnt/ubna_data_01_mir/recover-20220825/UBNA_002/20220823_033000.WAV,Telephone Field,recover-20220825,002,1795
1126.7425,1126.784,68437,82342,Rhinolophus ferrumequinum,0.022,0.022,-1,Echolocation,/mnt/ubna_data_01_mir/recover-20220825/UBNA_002/20220823_033000.WAV,Telephone Field,recover-20220825,002,1795
1126.7805,1126.822,68437,82978,Rhinolophus ferrumequinum,0.032,0.032,-1,Echolocation,/mnt/ubna_data_01_mir/recover-20220825/UBNA_002/20220823_033000.WAV,Telephone Field,recover-20220825,002,1795
1126.8125,1126.8315,20312,23358,Nyctalus leisleri,0.024,0.045,-1,Echolocation,/mnt/ubna_data_01_mir/recover-20220825/UBNA_002/20220823_033000.WAV,Telephone Field,recover-20220825,002,1795
1126.8135,1126.8532,68437,82548,Rhinolophus ferrumequinum,0.024,0.024,-1,Echolocation,/mnt/ubna_data_01_mir/recover-20220825/UBNA_002/20220823_033000.WAV,Telephone Field,recover-20220825,002,1795
1126.8375,1126.8769,68437,82234,Rhinolophus ferrumequinum,0.023,0.023,-1,Echolocation,/mnt/ubna_data_01_mir/recover-20220825/UBNA_002/20220823_033000.WAV,Telephone Field,recover-20220825,002,1795
1126.8615,1126.8788,20312,23554,Nyctalus leisleri,0.022,0.039,-1,Echolocation,/mnt/ubna_data_01_mir/recover-20220825/UBNA_002/20220823_033000.WAV,Telephone Field,recover-20220825,002,1795
1126.8745,1126.8832,58125,63557,Pipistrellus pygmaeus,0.023,0.023,-1,Echolocation,/mnt/ubna_data_01_mir/recover-20220825/UBNA_002/20220823_033000.WAV,Telephone Field,recover-20220825,002,1795
1126.8805,1126.917,68437,81592,Rhinolophus ferrumequinum,0.022,0.022,-1,Echolocation,/mnt/ubna_data_01_mir/recover-20220825/UBNA_002/20220823_033000.WAV,Telephone Field,recover-20220825,002,1795
1126.9135,1126.9526,68437,82972,Rhinolophus ferrumequinum,0.022,0.022,-1,Echolocation,/mnt/ubna_data_01_mir/recover-20220825/UBNA_002/20220823_033000.WAV,Telephone Field,recover-20220825,002,1795
1126.9135,1126.9205,23750,33414,Plecotus austriacus,0.024,0.052,-1,Echolocation,/mnt/ubna_data_01_mir/recover-20220825/UBNA_002/20220823_033000.WAV,Telephone Field,recover-20220825,002,1795
1126.9295,1126.9704,68437,82085,Rhinolophus ferrumequinum,0.025,0.025,-1,Echolocation,/mnt/ubna_data_01_mir/recover-20220825/UBNA_002/20220823_033000.WAV,Telephone Field,recover-20220825,002,1795
1126.9355,1126.9467,22890,27680,Nyctalus leisleri,0.012,0.022,-1,Echolocation,/mnt/ubna_data_01_mir/recover-20220825/UBNA_002/20220823_033000.WAV,Telephone Field,recover-20220825,002,1795
1126.9565,1126.9958,68437,81902,Rhinolophus ferrumequinum,0.024,0.024,-1,Echolocation,/mnt/ubna_data_01_mir/recover-20220825/UBNA_002/20220823_033000.WAV,Telephone Field,recover-20220825,002,1795
1126.9595,1126.9693,28046,35805,Eptesicus serotinus,0.008,0.021,-1,Echolocation,/mnt/ubna_data_01_mir/recover-20220825/UBNA_002/20220823_033000.WAV,Telephone Field,recover-20220825,002,1795
1126.9755,1127.0159,68437,82621,Rhinolophus ferrumequinum,0.036,0.036,-1,Echolocation,/mnt/ubna_data_01_mir/recover-20220825/UBNA_002/20220823_033000.WAV,Telephone Field,recover-20220825,002,1795
1126.9825,1127.0237,68437,82803,Rhinolophus ferrumequinum,0.026,0.026,-1,Echolocation,/mnt/ubna_data_01_mir/recover-20220825/UBNA_002/20220823_033000.WAV,Telephone Field,recover-20220825,002,1795
1126.9885,1126.9968,28046,39949,Eptesicus serotinus,0.008,0.022,-1,Echolocation,/mnt/ubna_data_01_mir/recover-20220825/UBNA_002/20220823_033000.WAV,Telephone Field,recover-20220825,002,1795
1127.0115,1127.0533,68437,82717,Rhinolophus ferrumequinum,0.027,0.027,-1,Echolocation,/mnt/ubna_data_01_mir/recover-20220825/UBNA_002/20220823_033000.WAV,Telephone Field,recover-20220825,002,1795
1127.0365,1127.051,22031,27370,Nyctalus leisleri,0.022,0.05,-1,Echolocation,/mnt/ubna_data_01_mir/recover-20220825/UBNA_002/20220823_033000.WAV,Telephone Field,recover-20220825,002,1795
1127.0435,1127.0848,68437,82133,Rhinolophus ferrumequinum,0.024,0.024,-1,Echolocation,/mnt/ubna_data_01_mir/recover-20220825/UBNA_002/20220823_033000.WAV,Telephone Field,recover-20220825,002,1795
1127.0605,1127.0989,68437,82206,Rhinolophus ferrumequinum,0.023,0.023,-1,Echolocation,/mnt/ubna_data_01_mir/recover-20220825/UBNA_002/20220823_033000.WAV,Telephone Field,recover-20220825,002,1795
1127.1145,1127.154,68437,81861,Rhinolophus ferrumequinum,0.022,0.022,-1,Echolocation,/mnt/ubna_data_01_mir/recover-20220825/UBNA_002/20220823_033000.WAV,Telephone Field,recover-20220825,002,1795
1127.1565,1127.1989,68437,83128,Rhinolophus ferrumequinum,0.028,0.028,-1,Echolocation,/mnt/ubna_data_01_mir/recover-20220825/UBNA_002/20220823_033000.WAV,Telephone Field,recover-20220825,002,1795
1127.2025,1127.2422,68437,82766,Rhinolophus ferrumequinum,0.023,0.023,-1,Echolocation,/mnt/ubna_data_01_mir/recover-20220825/UBNA_002/20220823_033000.WAV,Telephone Field,recover-20220825,002,1795
1127.2315,1127.2699,68437,81561,Rhinolophus ferrumequinum,0.024,0.024,-1,Echolocation,/mnt/ubna_data_01_mir/recover-20220825/UBNA_002/20220823_033000.WAV,Telephone Field,recover-20220825,002,1795
1127.2395,1127.2495,22890,29410,Nyctalus leisleri,0.008,0.024,-1,Echolocation,/mnt/ubna_data_01_mir/recover-20220825/UBNA_002/20220823_033000.WAV,Telephone Field,recover-20220825,002,1795
1127.2445,1127.2835,68437,82422,Rhinolophus ferrumequinum,0.022,0.022,-1,Echolocation,/mnt/ubna_data_01_mir/recover-20220825/UBNA_002/20220823_033000.WAV,Telephone Field,recover-20220825,002,1795
1127.2595,1127.2986,68437,82222,Rhinolophus ferrumequinum,0.023,0.023,-1,Echolocation,/mnt/ubna_data_01_mir/recover-20220825/UBNA_002/20220823_033000.WAV,Telephone Field,recover-20220825,002,1795
1127.2865,1127.3259,68437,82533,Rhinolophus ferrumequinum,0.023,0.023,-1,Echolocation,/mnt/ubna_data_01_mir/recover-20220825/UBNA_002/20220823_033000.WAV,Telephone Field,recover-20220825,002,1795
1127.3025,1127.3135,24609,31637,Eptesicus serotinus,0.009,0.022,-1,Echolocation,/mnt/ubna_data_01_mir/recover-20220825/UBNA_002/20220823_033000.WAV,Telephone Field,recover-20220825,002,1795
1127.3165,1127.3518,68437,82058,Rhinolophus ferrumequinum,0.024,0.024,-1,Echolocation,/mnt/ubna_data_01_mir/recover-20220825/UBNA_002/20220823_033000.WAV,Telephone Field,recover-20220825,002,1795
1127.3385,1127.3793,68437,82846,Rhinolophus ferrumequinum,0.025,0.025,-1,Echolocation,/mnt/ubna_data_01_mir/recover-20220825/UBNA_002/20220823_033000.WAV,Telephone Field,recover-20220825,002,1795
1127.3835,1127.4217,68437,82673,Rhinolophus ferrumequinum,0.024,0.024,-1,Echolocation,/mnt/ubna_data_01_mir/recover-20220825/UBNA_002/20220823_033000.WAV,Telephone Field,recover-20220825,002,1795
1127.3915,1127.4315,68437,82890,Rhinolophus ferrumequinum,0.024,0.024,-1,Echolocation,/mnt/ubna_data_01_mir/recover-20220825/UBNA_002/20220823_033000.WAV,Telephone Field,recover-20220825,002,1795
1127.4415,1127.4822,68437,82350,Rhinolophus ferrumequinum,0.024,0.024,-1,Echolocation,/mnt/ubna_data_01_mir/recover-20220825/UBNA_002/20220823_033000.WAV,Telephone Field,recover-20220825,002,1795
1127.4845,1127.4954,23750,28949,Nyctalus leisleri,0.01,0.021,-1,Echolocation,/mnt/ubna_data_01_mir/recover-20220825/UBNA_002/20220823_033000.WAV,Telephone Field,recover-20220825,002,1795
1127.5135,1127.5218,28906,39850,Eptesicus serotinus,0.009,0.025,-1,Echolocation,/mnt/ubna_data_01_mir/recover-20220825/UBNA_002/20220823_033000.WAV,Telephone Field,recover-20220825,002,1795
1127.5265,1127.5674,68437,83063,Rhinolophus ferrumequinum,0.024,0.024,-1,Echolocation,/mnt/ubna_data_01_mir/recover-20220825/UBNA_002/20220823_033000.WAV,Telephone Field,recover-20220825,002,1795
1127.5275,1127.5377,26328,34218,Eptesicus serotinus,0.011,0.023,-1,Echolocation,/mnt/ubna_data_01_mir/recover-20220825/UBNA_002/20220823_033000.WAV,Telephone Field,recover-20220825,002,1795
1127.5615,1127.5727,15156,23109,Nyctalus noctula,0.019,0.031,-1,Echolocation,/mnt/ubna_data_01_mir/recover-20220825/UBNA_002/20220823_033000.WAV,Telephone Field,recover-20220825,002,1795
1127.5635,1127.6029,68437,82728,Rhinolophus ferrumequinum,0.023,0.023,-1,Echolocation,/mnt/ubna_data_01_mir/recover-20220825/UBNA_002/20220823_033000.WAV,Telephone Field,recover-20220825,002,1795
1127.6065,1127.6146,27187,38723,Eptesicus serotinus,0.008,0.024,-1,Echolocation,/mnt/ubna_data_01_mir/recover-20220825/UBNA_002/20220823_033000.WAV,Telephone Field,recover-20220825,002,1795
1127.6475,1127.6899,68437,82574,Rhinolophus ferrumequinum,0.027,0.027,-1,Echolocation,/mnt/ubna_data_01_mir/recover-20220825/UBNA_002/20220823_033000.WAV,Telephone Field,recover-20220825,002,1795
1127.6635,1127.7029,68437,82579,Rhinolophus ferrumequinum,0.028,0.028,-1,Echolocation,/mnt/ubna_data_01_mir/recover-20220825/UBNA_002/20220823_033000.WAV,Telephone Field,recover-20220825,002,1795
1127.6885,1127.7003,25468,30989,Nyctalus leisleri,0.013,0.03,-1,Echolocation,/mnt/ubna_data_01_mir/recover-20220825/UBNA_002/20220823_033000.WAV,Telephone Field,recover-20220825,002,1795
1127.6965,1127.7321,68437,80659,Rhinolophus ferrumequinum,0.033,0.033,-1,Echolocation,/mnt/ubna_data_01_mir/recover-20220825/UBNA_002/20220823_033000.WAV,Telephone Field,recover-20220825,002,1795
1127.7225,1127.7285,28046,44468,Myotis daubentonii,0.006,0.023,-1,Echolocation,/mnt/ubna_data_01_mir/recover-20220825/UBNA_002/20220823_033000.WAV,Telephone Field,recover-20220825,002,1795
1127.7245,1127.7642,68437,82643,Rhinolophus ferrumequinum,0.024,0.024,-1,Echolocation,/mnt/ubna_data_01_mir/recover-20220825/UBNA_002/20220823_033000.WAV,Telephone Field,recover-20220825,002,1795
1127.7385,1127.7769,68437,82048,Rhinolophus ferrumequinum,0.024,0.024,-1,Echolocation,/mnt/ubna_data_01_mir/recover-20220825/UBNA_002/20220823_033000.WAV,Telephone Field,recover-20220825,002,1795
1127.7475,1127.7876,68437,82679,Rhinolophus ferrumequinum,0.023,0.023,-1,Echolocation,/mnt/ubna_data_01_mir/recover-20220825/UBNA_002/20220823_033000.WAV,Telephone Field,recover-20220825,002,1795
1127.7855,1127.7923,24609,38116,Plecotus austriacus,0.008,0.025,-1,Echolocation,/mnt/ubna_data_01_mir/recover-20220825/UBNA_002/20220823_033000.WAV,Telephone Field,recover-20220825,002,1795
1127.7965,1127.8051,46093,55395,Pipistrellus pipistrellus,0.021,0.026,-1,Echolocation,/mnt/ubna_data_01_mir/recover-20220825/UBNA_002/20220823_033000.WAV,Telephone Field,recover-20220825,002,1795
1127.7975,1127.8414,68437,82793,Rhinolophus ferrumequinum,0.111,0.111,-1,Echolocation,/mnt/ubna_data_01_mir/recover-20220825/UBNA_002/20220823_033000.WAV,Telephone Field,recover-20220825,002,1795
1127.8195,1127.855,68437,81209,Rhinolophus ferrumequinum,0.022,0.022,-1,Echolocation,/mnt/ubna_data_01_mir/recover-20220825/UBNA_002/20220823_033000.WAV,Telephone Field,recover-20220825,002,1795
1127.8705,1127.8811,23750,29749,Nyctalus leisleri,0.011,0.026,-1,Echolocation,/mnt/ubna_data_01_mir/recover-20220825/UBNA_002/20220823_033000.WAV,Telephone Field,recover-20220825,002,1795
1127.8775,1127.9185,68437,82875,Rhinolophus ferrumequinum,0.025,0.025,-1,Echolocation,/mnt/ubna_data_01_mir/recover-20220825/UBNA_002/20220823_033000.WAV,Telephone Field,recover-20220825,002,1795
1127.9025,1127.9457,68437,82339,Rhinolophus ferrumequinum,0.032,0.032,-1,Echolocation,/mnt/ubna_data_01_mir/recover-20220825/UBNA_002/20220823_033000.WAV,Telephone Field,recover-20220825,002,1795
1127.9165,1127.959,68437,82776,Rhinolophus ferrumequinum,0.03,0.03,-1,Echolocation,/mnt/ubna_data_01_mir/recover-20220825/UBNA_002/20220823_033000.WAV,Telephone Field,recover-20220825,002,1795
1127.9355,1127.976,68437,82051,Rhinolophus ferrumequinum,0.021,0.021,-1,Echolocation,/mnt/ubna_data_01_mir/recover-20220825/UBNA_002/20220823_033000.WAV,Telephone Field,recover-20220825,002,1795
1127.9615,1127.974,22890,27507,Nyctalus leisleri,0.019,0.034,-1,Echolocation,/mnt/ubna_data_01_mir/recover-20220825/UBNA_002/20220823_033000.WAV,Telephone Field,recover-20220825,002,1795
1128.0015,1128.0107,26328,35799,Nyctalus leisleri,0.007,0.027,-1,Echolocation,/mnt/ubna_data_01_mir/recover-20220825/UBNA_002/20220823_033000.WAV,Telephone Field,recover-20220825,002,1795
1128.0015,1128.0338,68437,79324,Rhinolophus ferrumequinum,0.032,0.032,-1,Echolocation,/mnt/ubna_data_01_mir/recover-20220825/UBNA_002/20220823_033000.WAV,Telephone Field,recover-20220825,002,1795
1128.0105,1128.0186,25468,34847,Eptesicus serotinus,0.006,0.021,-1,Echolocation,/mnt/ubna_data_01_mir/recover-20220825/UBNA_002/20220823_033000.WAV,Telephone Field,recover-20220825,002,1795
1128.0735,1128.1101,68437,81698,Rhinolophus ferrumequinum,0.022,0.022,-1,Echolocation,/mnt/ubna_data_01_mir/recover-20220825/UBNA_002/20220823_033000.WAV,Telephone Field,recover-20220825,002,1795
1128.0955,1128.1345,68437,82508,Rhinolophus ferrumequinum,0.021,0.021,-1,Echolocation,/mnt/ubna_data_01_mir/recover-20220825/UBNA_002/20220823_033000.WAV,Telephone Field,recover-20220825,002,1795
1128.1525,1128.1908,68437,82422,Rhinolophus ferrumequinum,0.023,0.023,-1,Echolocation,/mnt/ubna_data_01_mir/recover-20220825/UBNA_002/20220823_033000.WAV,Telephone Field,recover-20220825,002,1795
1128.1945,1128.2347,68437,82088,Rhinolophus ferrumequinum,0.021,0.021,-1,Echolocation,/mnt/ubna_data_01_mir/recover-20220825/UBNA_002/20220823_033000.WAV,Telephone Field,recover-20220825,002,1795
1128.2215,1128.2316,28906,36717,Eptesicus serotinus,0.009,0.021,-1,Echolocation,/mnt/ubna_data_01_mir/recover-20220825/UBNA_002/20220823_033000.WAV,Telephone Field,recover-20220825,002,1795
1128.2355,1128.2774,68437,82552,Rhinolophus ferrumequinum,0.022,0.022,-1,Echolocation,/mnt/ubna_data_01_mir/recover-20220825/UBNA_002/20220823_033000.WAV,Telephone Field,recover-20220825,002,1795
1128.2575,1128.2941,68437,81709,Rhinolophus ferrumequinum,0.028,0.028,-1,Echolocation,/mnt/ubna_data_01_mir/recover-20220825/UBNA_002/20220823_033000.WAV,Telephone Field,recover-20220825,002,1795
1128.3035,1128.3124,27187,35341,Eptesicus serotinus,0.009,0.023,-1,Echolocation,/mnt/ubna_data_01_mir/recover-20220825/UBNA_002/20220823_033000.WAV,Telephone Field,recover-20220825,002,1795
1128.3035,1128.343,68437,82560,Rhinolophus ferrumequinum,0.024,0.024,-1,Echolocation,/mnt/ubna_data_01_mir/recover-20220825/UBNA_002/20220823_033000.WAV,Telephone Field,recover-20220825,002,1795
1128.3405,1128.3818,68437,82771,Rhinolophus ferrumequinum,0.023,0.023,-1,Echolocation,/mnt/ubna_data_01_mir/recover-20220825/UBNA_002/20220823_033000.WAV,Telephone Field,recover-20220825,002,1795
1128.3725,1128.4139,68437,82975,Rhinolophus ferrumequinum,0.026,0.026,-1,Echolocation,/mnt/ubna_data_01_mir/recover-20220825/UBNA_002/20220823_033000.WAV,Telephone Field,recover-20220825,002,1795
1128.4035,1128.4126,22890,29516,Plecotus austriacus,0.008,0.023,-1,Echolocation,/mnt/ubna_data_01_mir/recover-20220825/UBNA_002/20220823_033000.WAV,Telephone Field,recover-20220825,002,1795
1128.4235,1128.4607,68437,81728,Rhinolophus ferrumequinum,0.033,0.033,-1,Echolocation,/mnt/ubna_data_01_mir/recover-20220825/UBNA_002/20220823_033000.WAV,Telephone Field,recover-20220825,002,1795
1128.4455,1128.4556,28906,38334,Eptesicus serotinus,0.009,0.023,-1,Echolocation,/mnt/ubna_data_01_mir/recover-20220825/UBNA_002/20220823_033000.WAV,Telephone Field,recover-20220825,002,1795
1128.4635,1128.5054,68437,82785,Rhinolophus ferrumequinum,0.022,0.023,-1,Echolocation,/mnt/ubna_data_01_mir/recover-20220825/UBNA_002/20220823_033000.WAV,Telephone Field,recover-20220825,002,1795
1128.4695,1128.51,68437,82674,Rhinolophus ferrumequinum,0.022,0.022,-1,Echolocation,/mnt/ubna_data_01_mir/recover-20220825/UBNA_002/20220823_033000.WAV,Telephone Field,recover-20220825,002,1795
1128.4765,1128.5166,68437,82606,Rhinolophus ferrumequinum,0.022,0.022,-1,Echolocation,/mnt/ubna_data_01_mir/recover-20220825/UBNA_002/20220823_033000.WAV,Telephone Field,recover-20220825,002,1795
1128.5305,1128.5687,68437,81481,Rhinolophus ferrumequinum,0.021,0.022,-1,Echolocation,/mnt/ubna_data_01_mir/recover-20220825/UBNA_002/20220823_033000.WAV,Telephone Field,recover-20220825,002,1795
1128.6175,1128.6252,23750,32358,Plecotus austriacus,0.015,0.029,-1,Echolocation,/mnt/ubna_data_01_mir/recover-20220825/UBNA_002/20220823_033000.WAV,Telephone Field,recover-20220825,002,1795
1128.6215,1128.6596,68437,81191,Rhinolophus ferrumequinum,0.022,0.022,-1,Echolocation,/mnt/ubna_data_01_mir/recover-20220825/UBNA_002/20220823_033000.WAV,Telephone Field,recover-20220825,002,1795
1128.6305,1128.6406,45234,50253,Pipistrellus pipistrellus,0.023,0.026,-1,Echolocation,/mnt/ubna_data_01_mir/recover-20220825/UBNA_002/20220823_033000.WAV,Telephone Field,recover-20220825,002,1795
1128.6485,1128.6573,27187,38507,Eptesicus serotinus,0.008,0.022,-1,Echolocation,/mnt/ubna_data_01_mir/recover-20220825/UBNA_002/20220823_033000.WAV,Telephone Field,recover-20220825,002,1795
1128.6525,1128.6938,68437,82086,Rhinolophus ferrumequinum,0.021,0.021,-1,Echolocation,/mnt/ubna_data_01_mir/recover-20220825/UBNA_002/20220823_033000.WAV,Telephone Field,recover-20220825,002,1795
1128.6995,1128.7369,68437,81593,Rhinolophus ferrumequinum,0.021,0.021,-1,Echolocation,/mnt/ubna_data_01_mir/recover-20220825/UBNA_002/20220823_033000.WAV,Telephone Field,recover-20220825,002,1795
1128.7025,1128.7103,28046,39409,Eptesicus serotinus,0.008,0.022,-1,Echolocation,/mnt/ubna_data_01_mir/recover-20220825/UBNA_002/20220823_033000.WAV,Telephone Field,recover-20220825,002,1795
1128.7105,1128.7198,39218,45632,Pipistrellus nathusii,0.01,0.025,-1,Echolocation,/mnt/ubna_data_01_mir/recover-20220825/UBNA_002/20220823_033000.WAV,Telephone Field,recover-20220825,002,1795
1128.7235,1128.7632,68437,82758,Rhinolophus ferrumequinum,0.03,0.031,-1,Echolocation,/mnt/ubna_data_01_mir/recover-20220825/UBNA_002/20220823_033000.WAV,Telephone Field,recover-20220825,002,1795
1128.7475,1128.7882,68437,82269,Rhinolophus ferrumequinum,0.022,0.022,-1,Echolocation,/mnt/ubna_data_01_mir/recover-20220825/UBNA_002/20220823_033000.WAV,Telephone Field,recover-20220825,002,1795
1128.7545,1128.7637,28906,39913,Eptesicus serotinus,0.009,0.024,-1,Echolocation,/mnt/ubna_data_01_mir/recover-20220825/UBNA_002/20220823_033000.WAV,Telephone Field,recover-20220825,002,1795
1128.7745,1128.8156,68437,82117,Rhinolophus ferrumequinum,0.022,0.022,-1,Echolocation,/mnt/ubna_data_01_mir/recover-20220825/UBNA_002/20220823_033000.WAV,Telephone Field,recover-20220825,002,1795
1128.7805,1128.8221,68437,82209,Rhinolophus ferrumequinum,0.023,0.023,-1,Echolocation,/mnt/ubna_data_01_mir/recover-20220825/UBNA_002/20220823_033000.WAV,Telephone Field,recover-20220825,002,1795
1128.7865,1128.8257,68437,82608,Rhinolophus ferrumequinum,0.024,0.024,-1,Echolocation,/mnt/ubna_data_01_mir/recover-20220825/UBNA_002/20220823_033000.WAV,Telephone Field,recover-20220825,002,1795
1128.8235,1128.8629,68437,82023,Rhinolophus ferrumequinum,0.023,0.023,-1,Echolocation,/mnt/ubna_data_01_mir/recover-20220825/UBNA_002/20220823_033000.WAV,Telephone Field,recover-20220825,002,1795
1128.8285,1128.8663,68437,81873,Rhinolophus ferrumequinum,0.023,0.023,-1,Echolocation,/mnt/ubna_data_01_mir/recover-20220825/UBNA_002/20220823_033000.WAV,Telephone Field,recover-20220825,002,1795
1128.8465,1128.8839,68437,81800,Rhinolophus ferrumequinum,0.022,0.022,-1,Echolocation,/mnt/ubna_data_01_mir/recover-20220825/UBNA_002/20220823_033000.WAV,Telephone Field,recover-20220825,002,1795
1128.8515,1128.8856,68437,81081,Rhinolophus ferrumequinum,0.022,0.022,-1,Echolocation,/mnt/ubna_data_01_mir/recover-20220825/UBNA_002/20220823_033000.WAV,Telephone Field,recover-20220825,002,1795
1128.8595,1128.8667,51250,57757,Pipistrellus pipistrellus,0.018,0.022,-1,Echolocation,/mnt/ubna_data_01_mir/recover-20220825/UBNA_002/20220823_033000.WAV,Telephone Field,recover-20220825,002,1795
1128.8765,1128.8878,14296,19701,Nyctalus noctula,0.014,0.024,-1,Echolocation,/mnt/ubna_data_01_mir/recover-20220825/UBNA_002/20220823_033000.WAV,Telephone Field,recover-20220825,002,1795
1128.8785,1128.918,68437,82308,Rhinolophus ferrumequinum,0.022,0.022,-1,Echolocation,/mnt/ubna_data_01_mir/recover-20220825/UBNA_002/20220823_033000.WAV,Telephone Field,recover-20220825,002,1795
1128.8905,1128.9011,28906,35566,Eptesicus serotinus,0.011,0.024,-1,Echolocation,/mnt/ubna_data_01_mir/recover-20220825/UBNA_002/20220823_033000.WAV,Telephone Field,recover-20220825,002,1795
1128.9055,1128.9447,68437,81973,Rhinolophus ferrumequinum,0.021,0.021,-1,Echolocation,/mnt/ubna_data_01_mir/recover-20220825/UBNA_002/20220823_033000.WAV,Telephone Field,recover-20220825,002,1795
1128.9275,1128.9703,68437,82937,Rhinolophus ferrumequinum,0.033,0.033,-1,Echolocation,/mnt/ubna_data_01_mir/recover-20220825/UBNA_002/20220823_033000.WAV,Telephone Field,recover-20220825,002,1795
1128.9515,1128.9912,68437,81967,Rhinolophus ferrumequinum,0.021,0.021,-1,Echolocation,/mnt/ubna_data_01_mir/recover-20220825/UBNA_002/20220823_033000.WAV,Telephone Field,recover-20220825,002,1795
1128.9775,1128.9882,23750,29462,Nyctalus leisleri,0.012,0.028,-1,Echolocation,/mnt/ubna_data_01_mir/recover-20220825/UBNA_002/20220823_033000.WAV,Telephone Field,recover-20220825,002,1795
1129.0495,1129.0608,23750,28593,Nyctalus leisleri,0.017,0.032,-1,Echolocation,/mnt/ubna_data_01_mir/recover-20220825/UBNA_002/20220823_033000.WAV,Telephone Field,recover-20220825,002,1795
1129.0955,1129.1338,68437,82217,Rhinolophus ferrumequinum,0.022,0.023,-1,Echolocation,/mnt/ubna_data_01_mir/recover-20220825/UBNA_002/20220823_033000.WAV,Telephone Field,recover-20220825,002,1795
1129.1065,1129.1139,28906,39442,Eptesicus serotinus,0.006,0.021,-1,Echolocation,/mnt/ubna_data_01_mir/recover-20220825/UBNA_002/20220823_033000.WAV,Telephone Field,recover-20220825,002,1795
1129.1175,1129.1283,22890,28338,Nyctalus leisleri,0.011,0.023,-1,Echolocation,/mnt/ubna_data_01_mir/recover-20220825/UBNA_002/20220823_033000.WAV,Telephone Field,recover-20220825,002,1795
1129.1265,1129.1375,23750,28361,Nyctalus leisleri,0.011,0.022,-1,Echolocation,/mnt/ubna_data_01_mir/recover-20220825/UBNA_002/20220823_033000.WAV,Telephone Field,recover-20220825,002,1795
1129.1275,1129.1631,68437,81520,Rhinolophus ferrumequinum,0.021,0.021,-1,Echolocation,/mnt/ubna_data_01_mir/recover-20220825/UBNA_002/20220823_033000.WAV,Telephone Field,recover-20220825,002,1795
1129.1505,1129.1577,27187,39728,Eptesicus serotinus,0.006,0.021,-1,Echolocation,/mnt/ubna_data_01_mir/recover-20220825/UBNA_002/20220823_033000.WAV,Telephone Field,recover-20220825,002,1795
1129.1605,1129.1712,29765,36830,Eptesicus serotinus,0.01,0.023,-1,Echolocation,/mnt/ubna_data_01_mir/recover-20220825/UBNA_002/20220823_033000.WAV,Telephone Field,recover-20220825,002,1795
1129.1655,1129.1746,28046,36671,Eptesicus serotinus,0.009,0.023,-1,Echolocation,/mnt/ubna_data_01_mir/recover-20220825/UBNA_002/20220823_033000.WAV,Telephone Field,recover-20220825,002,1795
1129.1775,1129.2163,68437,82174,Rhinolophus ferrumequinum,0.026,0.026,-1,Echolocation,/mnt/ubna_data_01_mir/recover-20220825/UBNA_002/20220823_033000.WAV,Telephone Field,recover-20220825,002,1795
1129.2085,1129.217,28046,38587,Eptesicus serotinus,0.007,0.022,-1,Echolocation,/mnt/ubna_data_01_mir/recover-20220825/UBNA_002/20220823_033000.WAV,Telephone Field,recover-20220825,002,1795
1129.2345,1129.2746,68437,82568,Rhinolophus ferrumequinum,0.022,0.022,-1,Echolocation,/mnt/ubna_data_01_mir/recover-20220825/UBNA_002/20220823_033000.WAV,Telephone Field,recover-20220825,002,1795
1129.2655,1129.3062,68437,82538,Rhinolophus ferrumequinum,0.035,0.035,-1,Echolocation,/mnt/ubna_data_01_mir/recover-20220825/UBNA_002/20220823_033000.WAV,Telephone Field,recover-20220825,002,1795
1129.3085,1129.3458,68437,81303,Rhinolophus ferrumequinum,0.022,0.022,-1,Echolocation,/mnt/ubna_data_01_mir/recover-20220825/UBNA_002/20220823_033000.WAV,Telephone Field,recover-20220825,002,1795
1129.3445,1129.3825,68437,82559,Rhinolophus ferrumequinum,0.032,0.032,-1,Echolocation,/mnt/ubna_data_01_mir/recover-20220825/UBNA_002/20220823_033000.WAV,Telephone Field,recover-20220825,002,1795
1129.3655,1129.3714,28046,42506,Eptesicus serotinus,0.005,0.021,-1,Echolocation,/mnt/ubna_data_01_mir/recover-20220825/UBNA_002/20220823_033000.WAV,Telephone Field,recover-20220825,002,1795
1129.3925,1129.3997,23750,32297,Plecotus austriacus,0.011,0.024,-1,Echolocation,/mnt/ubna_data_01_mir/recover-20220825/UBNA_002/20220823_033000.WAV,Telephone Field,recover-20220825,002,1795
1129.4315,1129.4713,68437,82422,Rhinolophus ferrumequinum,0.036,0.036,-1,Echolocation,/mnt/ubna_data_01_mir/recover-20220825/UBNA_002/20220823_033000.WAV,Telephone Field,recover-20220825,002,1795
1129.4325,1129.4447,22890,27193,Nyctalus leisleri,0.012,0.021,-1,Echolocation,/mnt/ubna_data_01_mir/recover-20220825/UBNA_002/20220823_033000.WAV,Telephone Field,recover-20220825,002,1795
1129.4595,1129.4698,28906,39583,Eptesicus serotinus,0.01,0.022,-1,Echolocation,/mnt/ubna_data_01_mir/recover-20220825/UBNA_002/20220823_033000.WAV,Telephone Field,recover-20220825,002,1795
1129.4605,1129.4969,68437,81698,Rhinolophus ferrumequinum,0.021,0.021,-1,Echolocation,/mnt/ubna_data_01_mir/recover-20220825/UBNA_002/20220823_033000.WAV,Telephone Field,recover-20220825,002,1795
1129.4865,1129.5217,68437,81542,Rhinolophus ferrumequinum,0.021,0.021,-1,Echolocation,/mnt/ubna_data_01_mir/recover-20220825/UBNA_002/20220823_033000.WAV,Telephone Field,recover-20220825,002,1795
1129.4965,1129.5076,22890,28027,Nyctalus leisleri,0.011,0.022,-1,Echolocation,/mnt/ubna_data_01_mir/recover-20220825/UBNA_002/20220823_033000.WAV,Telephone Field,recover-20220825,002,1795
1129.5695,1129.6041,68437,80784,Rhinolophus ferrumequinum,0.021,0.021,-1,Echolocation,/mnt/ubna_data_01_mir/recover-20220825/UBNA_002/20220823_033000.WAV,Telephone Field,recover-20220825,002,1795
1129.5885,1129.6267,68437,82096,Rhinolophus ferrumequinum,0.022,0.022,-1,Echolocation,/mnt/ubna_data_01_mir/recover-20220825/UBNA_002/20220823_033000.WAV,Telephone Field,recover-20220825,002,1795
1129.6145,1129.6238,28906,36967,Eptesicus serotinus,0.009,0.023,-1,Echolocation,/mnt/ubna_data_01_mir/recover-20220825/UBNA_002/20220823_033000.WAV,Telephone Field,recover-20220825,002,1795
1129.6205,1129.6546,68437,81228,Rhinolophus ferrumequinum,0.021,0.021,-1,Echolocation,/mnt/ubna_data_01_mir/recover-20220825/UBNA_002/20220823_033000.WAV,Telephone Field,recover-20220825,002,1795
1129.6415,1129.6518,27187,34273,Eptesicus serotinus,0.01,0.022,-1,Echolocation,/mnt/ubna_data_01_mir/recover-20220825/UBNA_002/20220823_033000.WAV,Telephone Field,recover-20220825,002,1795
1129.6805,1129.6934,22890,28887,Nyctalus leisleri,0.016,0.039,-1,Echolocation,/mnt/ubna_data_01_mir/recover-20220825/UBNA_002/20220823_033000.WAV,Telephone Field,recover-20220825,002,1795
1129.6975,1129.7408,68437,83385,Rhinolophus ferrumequinum,0.031,0.031,-1,Echolocation,/mnt/ubna_data_01_mir/recover-20220825/UBNA_002/20220823_033000.WAV,Telephone Field,recover-20220825,002,1795
1129.7185,1129.759,68437,82043,Rhinolophus ferrumequinum,0.021,0.021,-1,Echolocation,/mnt/ubna_data_01_mir/recover-20220825/UBNA_002/20220823_033000.WAV,Telephone Field,recover-20220825,002,1795
1129.7345,1129.769,68437,80867,Rhinolophus ferrumequinum,0.023,0.023,-1,Echolocation,/mnt/ubna_data_01_mir/recover-20220825/UBNA_002/20220823_033000.WAV,Telephone Field,recover-20220825,002,1795
1129.7965,1129.804,23750,31555,Plecotus austriacus,0.009,0.021,-1,Echolocation,/mnt/ubna_data_01_mir/recover-20220825/UBNA_002/20220823_033000.WAV,Telephone Field,recover-20220825,002,1795
1129.8065,1129.8455,68437,81899,Rhinolophus ferrumequinum,0.023,0.023,-1,Echolocation,/mnt/ubna_data_01_mir/recover-20220825/UBNA_002/20220823_033000.WAV,Telephone Field,recover-20220825,002,1795
1129.8455,1129.8818,68437,81892,Rhinolophus ferrumequinum,0.021,0.021,-1,Echolocation,/mnt/ubna_data_01_mir/recover-20220825/UBNA_002/20220823_033000.WAV,Telephone Field,recover-20220825,002,1795
1129.9095,1129.9513,68437,82477,Rhinolophus ferrumequinum,0.032,0.032,-1,Echolocation,/mnt/ubna_data_01_mir/recover-20220825/UBNA_002/20220823_033000.WAV,Telephone Field,recover-20220825,002,1795
1129.9565,1129.9653,22890,30102,Plecotus austriacus,0.01,0.024,-1,Echolocation,/mnt/ubna_data_01_mir/recover-20220825/UBNA_002/20220823_033000.WAV,Telephone Field,recover-20220825,002,1795
1130.0015,1130.0126,48671,54516,Pipistrellus pipistrellus,0.025,0.035,-1,Echolocation,/mnt/ubna_data_01_mir/recover-20220825/UBNA_002/20220823_033000.WAV,Telephone Field,recover-20220825,002,1795
1130.0015,1130.0101,26328,37733,Eptesicus serotinus,0.008,0.031,-1,Echolocation,/mnt/ubna_data_01_mir/recover-20220825/UBNA_002/20220823_033000.WAV,Telephone Field,recover-20220825,002,1795
1130.0015,1130.0104,36640,43312,Pipistrellus nathusii,0.007,0.023,-1,Echolocation,/mnt/ubna_data_01_mir/recover-20220825/UBNA_002/20220823_033000.WAV,Telephone Field,recover-20220825,002,1795
1130.0345,1130.0417,25468,35151,Plecotus austriacus,0.006,0.025,-1,Echolocation,/mnt/ubna_data_01_mir/recover-20220825/UBNA_002/20220823_033000.WAV,Telephone Field,recover-20220825,002,1795
1130.0435,1130.0526,27187,35843,Eptesicus serotinus,0.01,0.024,-1,Echolocation,/mnt/ubna_data_01_mir/recover-20220825/UBNA_002/20220823_033000.WAV,Telephone Field,recover-20220825,002,1795
1130.0495,1130.089,68437,82761,Rhinolophus ferrumequinum,0.03,0.03,-1,Echolocation,/mnt/ubna_data_01_mir/recover-20220825/UBNA_002/20220823_033000.WAV,Telephone Field,recover-20220825,002,1795
1130.0825,1130.1231,68437,83049,Rhinolophus ferrumequinum,0.025,0.025,-1,Echolocation,/mnt/ubna_data_01_mir/recover-20220825/UBNA_002/20220823_033000.WAV,Telephone Field,recover-20220825,002,1795
1130.1215,1130.1595,68437,82042,Rhinolophus ferrumequinum,0.022,0.022,-1,Echolocation,/mnt/ubna_data_01_mir/recover-20220825/UBNA_002/20220823_033000.WAV,Telephone Field,recover-20220825,002,1795
1130.1305,1130.1407,28046,36744,Eptesicus serotinus,0.014,0.03,-1,Echolocation,/mnt/ubna_data_01_mir/recover-20220825/UBNA_002/20220823_033000.WAV,Telephone Field,recover-20220825,002,1795
1130.1825,1130.221,68437,82805,Rhinolophus ferrumequinum,0.031,0.031,-1,Echolocation,/mnt/ubna_data_01_mir/recover-20220825/UBNA_002/20220823_033000.WAV,Telephone Field,recover-20220825,002,1795
1130.2315,1130.274,68437,83100,Rhinolophus ferrumequinum,0.037,0.037,-1,Echolocation,/mnt/ubna_data_01_mir/recover-20220825/UBNA_002/20220823_033000.WAV,Telephone Field,recover-20220825,002,1795
1130.2475,1130.2544,28046,42006,Eptesicus serotinus,0.008,0.026,-1,Echolocation,/mnt/ubna_data_01_mir/recover-20220825/UBNA_002/20220823_033000.WAV,Telephone Field,recover-20220825,002,1795
1130.2775,1130.2901,22890,27463,Nyctalus leisleri,0.012,0.023,-1,Echolocation,/mnt/ubna_data_01_mir/recover-20220825/UBNA_002/20220823_033000.WAV,Telephone Field,recover-20220825,002,1795
1130.2795,1130.3192,68437,82248,Rhinolophus ferrumequinum,0.023,0.023,-1,Echolocation,/mnt/ubna_data_01_mir/recover-20220825/UBNA_002/20220823_033000.WAV,Telephone Field,recover-20220825,002,1795
1130.2995,1130.3081,28046,38652,Eptesicus serotinus,0.009,0.022,-1,Echolocation,/mnt/ubna_data_01_mir/recover-20220825/UBNA_002/20220823_033000.WAV,Telephone Field,recover-20220825,002,1795
1130.3025,1130.3139,49531,53903,Pipistrellus pipistrellus,0.018,0.023,-1,Echolocation,/mnt/ubna_data_01_mir/recover-20220825/UBNA_002/20220823_033000.WAV,Telephone Field,recover-20220825,002,1795
1130.3195,1130.3588,68437,81609,Rhinolophus ferrumequinum,0.021,0.021,-1,Echolocation,/mnt/ubna_data_01_mir/recover-20220825/UBNA_002/20220823_033000.WAV,Telephone Field,recover-20220825,002,1795
1130.3405,1130.3481,24609,34276,Plecotus austriacus,0.009,0.029,-1,Echolocation,/mnt/ubna_data_01_mir/recover-20220825/UBNA_002/20220823_033000.WAV,Telephone Field,recover-20220825,002,1795
1130.3465,1130.3875,68437,82152,Rhinolophus ferrumequinum,0.028,0.028,-1,Echolocation,/mnt/ubna_data_01_mir/recover-20220825/UBNA_002/20220823_033000.WAV,Telephone Field,recover-20220825,002,1795
1130.3485,1130.3587,27187,36213,Eptesicus serotinus,0.015,0.029,-1,Echolocation,/mnt/ubna_data_01_mir/recover-20220825/UBNA_002/20220823_033000.WAV,Telephone Field,recover-20220825,002,1795
1130.3705,1130.4065,68437,81286,Rhinolophus ferrumequinum,0.027,0.027,-1,Echolocation,/mnt/ubna_data_01_mir/recover-20220825/UBNA_002/20220823_033000.WAV,Telephone Field,recover-20220825,002,1795
1130.3835,1130.4176,68437,80849,Rhinolophus ferrumequinum,0.023,0.023,-1,Echolocation,/mnt/ubna_data_01_mir/recover-20220825/UBNA_002/20220823_033000.WAV,Telephone Field,recover-20220825,002,1795
1130.4045,1130.4438,68437,82631,Rhinolophus ferrumequinum,0.022,0.022,-1,Echolocation,/mnt/ubna_data_01_mir/recover-20220825/UBNA_002/20220823_033000.WAV,Telephone Field,recover-20220825,002,1795
1130.4405,1130.4795,68437,82951,Rhinolophus ferrumequinum,0.023,0.023,-1,Echolocation,/mnt/ubna_data_01_mir/recover-20220825/UBNA_002/20220823_033000.WAV,Telephone Field,recover-20220825,002,1795
1130.4605,1130.4682,27187,36975,Eptesicus serotinus,0.013,0.031,-1,Echolocation,/mnt/ubna_data_01_mir/recover-20220825/UBNA_002/20220823_033000.WAV,Telephone Field,recover-20220825,002,1795
1130.5075,1130.5484,68437,82561,Rhinolophus ferrumequinum,0.025,0.025,-1,Echolocation,/mnt/ubna_data_01_mir/recover-20220825/UBNA_002/20220823_033000.WAV,Telephone Field,recover-20220825,002,1795
1130.5315,1130.5726,68437,83361,Rhinolophus ferrumequinum,0.029,0.029,-1,Echolocation,/mnt/ubna_data_01_mir/recover-20220825/UBNA_002/20220823_033000.WAV,Telephone Field,recover-20220825,002,1795
1130.5475,1130.5542,28906,41228,Eptesicus serotinus,0.011,0.036,-1,Echolocation,/mnt/ubna_data_01_mir/recover-20220825/UBNA_002/20220823_033000.WAV,Telephone Field,recover-20220825,002,1795
1130.5695,1130.5776,24609,34083,Eptesicus serotinus,0.008,0.031,-1,Echolocation,/mnt/ubna_data_01_mir/recover-20220825/UBNA_002/20220823_033000.WAV,Telephone Field,recover-20220825,002,1795
1130.5705,1130.6076,68437,82008,Rhinolophus ferrumequinum,0.026,0.026,-1,Echolocation,/mnt/ubna_data_01_mir/recover-20220825/UBNA_002/20220823_033000.WAV,Telephone Field,recover-20220825,002,1795
1130.5845,1130.6242,68437,82402,Rhinolophus ferrumequinum,0.021,0.021,-1,Echolocation,/mnt/ubna_data_01_mir/recover-20220825/UBNA_002/20220823_033000.WAV,Telephone Field,recover-20220825,002,1795
1130.6505,1130.6594,27187,36407,Eptesicus serotinus,0.009,0.024,-1,Echolocation,/mnt/ubna_data_01_mir/recover-20220825/UBNA_002/20220823_033000.WAV,Telephone Field,recover-20220825,002,1795
1130.6665,1130.7041,68437,81834,Rhinolophus ferrumequinum,0.043,0.043,-1,Echolocation,/mnt/ubna_data_01_mir/recover-20220825/UBNA_002/20220823_033000.WAV,Telephone Field,recover-20220825,002,1795
1130.6795,1130.7209,68437,82827,Rhinolophus ferrumequinum,0.023,0.023,-1,Echolocation,/mnt/ubna_data_01_mir/recover-20220825/UBNA_002/20220823_033000.WAV,Telephone Field,recover-20220825,002,1795
1130.7145,1130.7256,22031,26922,Nyctalus leisleri,0.01,0.022,-1,Echolocation,/mnt/ubna_data_01_mir/recover-20220825/UBNA_002/20220823_033000.WAV,Telephone Field,recover-20220825,002,1795
1130.7445,1130.7863,68437,83105,Rhinolophus ferrumequinum,0.024,0.024,-1,Echolocation,/mnt/ubna_data_01_mir/recover-20220825/UBNA_002/20220823_033000.WAV,Telephone Field,recover-20220825,002,1795
1130.7735,1130.8116,68437,82313,Rhinolophus ferrumequinum,0.022,0.022,-1,Echolocation,/mnt/ubna_data_01_mir/recover-20220825/UBNA_002/20220823_033000.WAV,Telephone Field,recover-20220825,002,1795
1130.8455,1130.8556,47812,51477,Pipistrellus pipistrellus,0.021,0.024,-1,Echolocation,/mnt/ubna_data_01_mir/recover-20220825/UBNA_002/20220823_033000.WAV,Telephone Field,recover-20220825,002,1795
1130.9035,1130.9126,28906,37548,Eptesicus serotinus,0.008,0.023,-1,Echolocation,/mnt/ubna_data_01_mir/recover-20220825/UBNA_002/20220823_033000.WAV,Telephone Field,recover-20220825,002,1795
1130.9165,1130.9501,68437,80906,Rhinolophus ferrumequinum,0.023,0.023,-1,Echolocation,/mnt/ubna_data_01_mir/recover-20220825/UBNA_002/20220823_033000.WAV,Telephone Field,recover-20220825,002,1795
1130.9365,1130.9498,22890,27319,Nyctalus leisleri,0.014,0.027,-1,Echolocation,/mnt/ubna_data_01_mir/recover-20220825/UBNA_002/20220823_033000.WAV,Telephone Field,recover-20220825,002,1795
1130.9545,1130.9997,68437,83451,Rhinolophus ferrumequinum,0.049,0.049,-1,Echolocation,/mnt/ubna_data_01_mir/recover-20220825/UBNA_002/20220823_033000.WAV,Telephone Field,recover-20220825,002,1795
1130.9855,1131.0261,68437,82987,Rhinolophus ferrumequinum,0.027,0.027,-1,Echolocation,/mnt/ubna_data_01_mir/recover-20220825/UBNA_002/20220823_033000.WAV,Telephone Field,recover-20220825,002,1795
1131.0175,1131.0553,68437,81916,Rhinolophus ferrumequinum,0.022,0.022,-1,Echolocation,/mnt/ubna_data_01_mir/recover-20220825/UBNA_002/20220823_033000.WAV,Telephone Field,recover-20220825,002,1795
1131.0295,1131.0344,43515,55188,Myotis mystacinus,0.008,0.023,-1,Echolocation,/mnt/ubna_data_01_mir/recover-20220825/UBNA_002/20220823_033000.WAV,Telephone Field,recover-20220825,002,1795
1131.0705,1131.1102,68437,82390,Rhinolophus ferrumequinum,0.027,0.027,-1,Echolocation,/mnt/ubna_data_01_mir/recover-20220825/UBNA_002/20220823_033000.WAV,Telephone Field,recover-20220825,002,1795
1131.0865,1131.1225,68437,81693,Rhinolophus ferrumequinum,0.025,0.025,-1,Echolocation,/mnt/ubna_data_01_mir/recover-20220825/UBNA_002/20220823_033000.WAV,Telephone Field,recover-20220825,002,1795
1131.1205,1131.1304,32343,38049,Barbastellus barbastellus,0.009,0.024,-1,Echolocation,/mnt/ubna_data_01_mir/recover-20220825/UBNA_002/20220823_033000.WAV,Telephone Field,recover-20220825,002,1795
1131.1315,1131.1376,28046,44556,Eptesicus serotinus,0.01,0.037,-1,Echolocation,/mnt/ubna_data_01_mir/recover-20220825/UBNA_002/20220823_033000.WAV,Telephone Field,recover-20220825,002,1795
1131.1395,1131.1785,68437,82277,Rhinolophus ferrumequinum,0.022,0.022,-1,Echolocation,/mnt/ubna_data_01_mir/recover-20220825/UBNA_002/20220823_033000.WAV,Telephone Field,recover-20220825,002,1795
1131.1785,1131.1866,24609,33343,Eptesicus serotinus,0.006,0.021,-1,Echolocation,/mnt/ubna_data_01_mir/recover-20220825/UBNA_002/20220823_033000.WAV,Telephone Field,recover-20220825,002,1795
1131.1955,1131.2393,68437,83224,Rhinolophus ferrumequinum,0.037,0.037,-1,Echolocation,/mnt/ubna_data_01_mir/recover-20220825/UBNA_002/20220823_033000.WAV,Telephone Field,recover-20220825,002,1795
1131.2855,1131.2944,28046,36438,Eptesicus serotinus,0.009,0.024,-1,Echolocation,/mnt/ubna_data_01_mir/recover-20220825/UBNA_002/20220823_033000.WAV,Telephone Field,recover-20220825,002,1795
1131.2885,1131.3198,68437,79722,Rhinolophus ferrumequinum,0.022,0.023,-1,Echolocation,/mnt/ubna_data_01_mir/recover-20220825/UBNA_002/20220823_033000.WAV,Telephone Field,recover-20220825,002,1795
1131.3305,1131.3688,68437,81569,Rhinolophus ferrumequinum,0.022,0.022,-1,Echolocation,/mnt/ubna_data_01_mir/recover-20220825/UBNA_002/20220823_033000.WAV,Telephone Field,recover-20220825,002,1795
1131.3545,1131.3914,68437,81993,Rhinolophus ferrumequinum,0.026,0.026,-1,Echolocation,/mnt/ubna_data_01_mir/recover-20220825/UBNA_002/20220823_033000.WAV,Telephone Field,recover-20220825,002,1795
1131.3835,1131.4262,68437,83369,Rhinolophus ferrumequinum,0.032,0.032,-1,Echolocation,/mnt/ubna_data_01_mir/recover-20220825/UBNA_002/20220823_033000.WAV,Telephone Field,recover-20220825,002,1795
1131.4175,1131.4249,39218,49817,Myotis daubentonii,0.01,0.032,-1,Echolocation,/mnt/ubna_data_01_mir/recover-20220825/UBNA_002/20220823_033000.WAV,Telephone Field,recover-20220825,002,1795
1131.4605,1131.4974,68437,81532,Rhinolophus ferrumequinum,0.024,0.024,-1,Echolocation,/mnt/ubna_data_01_mir/recover-20220825/UBNA_002/20220823_033000.WAV,Telephone Field,recover-20220825,002,1795
1131.5075,1131.5145,27187,44525,Eptesicus serotinus,0.008,0.026,-1,Echolocation,/mnt/ubna_data_01_mir/recover-20220825/UBNA_002/20220823_033000.WAV,Telephone Field,recover-20220825,002,1795
1131.5485,1131.5876,68437,82653,Rhinolophus ferrumequinum,0.023,0.023,-1,Echolocation,/mnt/ubna_data_01_mir/recover-20220825/UBNA_002/20220823_033000.WAV,Telephone Field,recover-20220825,002,1795
1131.5785,1131.5862,50390,57224,Pipistrellus pipistrellus,0.025,0.03,-1,Echolocation,/mnt/ubna_data_01_mir/recover-20220825/UBNA_002/20220823_033000.WAV,Telephone Field,recover-20220825,002,1795
1131.5805,1131.6203,68437,81954,Rhinolophus ferrumequinum,0.023,0.023,-1,Echolocation,/mnt/ubna_data_01_mir/recover-20220825/UBNA_002/20220823_033000.WAV,Telephone Field,recover-20220825,002,1795
1131.5815,1131.5925,22031,26341,Nyctalus leisleri,0.014,0.025,-1,Echolocation,/mnt/ubna_data_01_mir/recover-20220825/UBNA_002/20220823_033000.WAV,Telephone Field,recover-20220825,002,1795
1131.6035,1131.6458,68437,82792,Rhinolophus ferrumequinum,0.046,0.046,-1,Echolocation,/mnt/ubna_data_01_mir/recover-20220825/UBNA_002/20220823_033000.WAV,Telephone Field,recover-20220825,002,1795
1131.6195,1131.626,32343,42147,Myotis daubentonii,0.012,0.03,-1,Echolocation,/mnt/ubna_data_01_mir/recover-20220825/UBNA_002/20220823_033000.WAV,Telephone Field,recover-20220825,002,1795
1131.6425,1131.6805,68437,82161,Rhinolophus ferrumequinum,0.022,0.022,-1,Echolocation,/mnt/ubna_data_01_mir/recover-20220825/UBNA_002/20220823_033000.WAV,Telephone Field,recover-20220825,002,1795
1131.6475,1131.657,29765,40145,Eptesicus serotinus,0.009,0.022,-1,Echolocation,/mnt/ubna_data_01_mir/recover-20220825/UBNA_002/20220823_033000.WAV,Telephone Field,recover-20220825,002,1795
1131.6675,1131.7039,68437,81830,Rhinolophus ferrumequinum,0.022,0.022,-1,Echolocation,/mnt/ubna_data_01_mir/recover-20220825/UBNA_002/20220823_033000.WAV,Telephone Field,recover-20220825,002,1795
1131.6715,1131.678,28046,39080,Eptesicus serotinus,0.014,0.04,-1,Echolocation,/mnt/ubna_data_01_mir/recover-20220825/UBNA_002/20220823_033000.WAV,Telephone Field,recover-20220825,002,1795
1131.7305,1131.7696,68437,81802,Rhinolophus ferrumequinum,0.022,0.022,-1,Echolocation,/mnt/ubna_data_01_mir/recover-20220825/UBNA_002/20220823_033000.WAV,Telephone Field,recover-20220825,002,1795
1131.7375,1131.7743,68437,81985,Rhinolophus ferrumequinum,0.023,0.023,-1,Echolocation,/mnt/ubna_data_01_mir/recover-20220825/UBNA_002/20220823_033000.WAV,Telephone Field,recover-20220825,002,1795
1131.7535,1131.7609,27187,40804,Eptesicus serotinus,0.007,0.023,-1,Echolocation,/mnt/ubna_data_01_mir/recover-20220825/UBNA_002/20220823_033000.WAV,Telephone Field,recover-20220825,002,1795
1131.7735,1131.8146,68437,83137,Rhinolophus ferrumequinum,0.023,0.023,-1,Echolocation,/mnt/ubna_data_01_mir/recover-20220825/UBNA_002/20220823_033000.WAV,Telephone Field,recover-20220825,002,1795
1131.8225,1131.8603,68437,82799,Rhinolophus ferrumequinum,0.022,0.022,-1,Echolocation,/mnt/ubna_data_01_mir/recover-20220825/UBNA_002/20220823_033000.WAV,Telephone Field,recover-20220825,002,1795
1131.8245,1131.8349,23750,30059,Nyctalus leisleri,0.008,0.023,-1,Echolocation,/mnt/ubna_data_01_mir/recover-20220825/UBNA_002/20220823_033000.WAV,Telephone Field,recover-20220825,002,1795
1131.8295,1131.8673,68437,81903,Rhinolophus ferrumequinum,0.022,0.022,-1,Echolocation,/mnt/ubna_data_01_mir/recover-20220825/UBNA_002/20220823_033000.WAV,Telephone Field,recover-20220825,002,1795
1131.8865,1131.9267,68437,83118,Rhinolophus ferrumequinum,0.029,0.029,-1,Echolocation,/mnt/ubna_data_01_mir/recover-20220825/UBNA_002/20220823_033000.WAV,Telephone Field,recover-20220825,002,1795
1131.8945,1131.9034,23750,32118,Plecotus austriacus,0.01,0.031,-1,Echolocation,/mnt/ubna_data_01_mir/recover-20220825/UBNA_002/20220823_033000.WAV,Telephone Field,recover-20220825,002,1795
1131.9115,1131.9491,68437,81930,Rhinolophus ferrumequinum,0.032,0.032,-1,Echolocation,/mnt/ubna_data_01_mir/recover-20220825/UBNA_002/20220823_033000.WAV,Telephone Field,recover-20220825,002,1795
1131.9395,1131.9817,68437,82852,Rhinolophus ferrumequinum,0.023,0.023,-1,Echolocation,/mnt/ubna_data_01_mir/recover-20220825/UBNA_002/20220823_033000.WAV,Telephone Field,recover-20220825,002,1795
1132.0015,1132.0333,68437,80064,Rhinolophus ferrumequinum,0.067,0.067,-1,Echolocation,/mnt/ubna_data_01_mir/recover-20220825/UBNA_002/20220823_033000.WAV,Telephone Field,recover-20220825,002,1795
1132.0015,1132.0156,52968,59243,Pipistrellus pygmaeus,0.017,0.022,-1,Echolocation,/mnt/ubna_data_01_mir/recover-20220825/UBNA_002/20220823_033000.WAV,Telephone Field,recover-20220825,002,1795
1132.0015,1132.0196,16875,21393,Nyctalus noctula,0.023,0.046,-1,Echolocation,/mnt/ubna_data_01_mir/recover-20220825/UBNA_002/20220823_033000.WAV,Telephone Field,recover-20220825,002,1795
1132.0105,1132.0543,68437,82725,Rhinolophus ferrumequinum,0.024,0.024,-1,Echolocation,/mnt/ubna_data_01_mir/recover-20220825/UBNA_002/20220823_033000.WAV,Telephone Field,recover-20220825,002,1795
1132.0195,1132.0592,68437,83098,Rhinolophus ferrumequinum,0.022,0.022,-1,Echolocation,/mnt/ubna_data_01_mir/recover-20220825/UBNA_002/20220823_033000.WAV,Telephone Field,recover-20220825,002,1795
1132.0375,1132.0743,68437,81841,Rhinolophus ferrumequinum,0.022,0.022,-1,Echolocation,/mnt/ubna_data_01_mir/recover-20220825/UBNA_002/20220823_033000.WAV,Telephone Field,recover-20220825,002,1795
1132.0615,1132.0705,28046,37965,Eptesicus serotinus,0.009,0.025,-1,Echolocation,/mnt/ubna_data_01_mir/recover-20220825/UBNA_002/20220823_033000.WAV,Telephone Field,recover-20220825,002,1795
1132.0795,1132.1158,68437,81434,Rhinolophus ferrumequinum,0.026,0.026,-1,Echolocation,/mnt/ubna_data_01_mir/recover-20220825/UBNA_002/20220823_033000.WAV,Telephone Field,recover-20220825,002,1795
1132.0985,1132.1074,28046,37842,Eptesicus serotinus,0.009,0.023,-1,Echolocation,/mnt/ubna_data_01_mir/recover-20220825/UBNA_002/20220823_033000.WAV,Telephone Field,recover-20220825,002,1795
1132.1005,1132.1386,68437,81922,Rhinolophus ferrumequinum,0.022,0.023,-1,Echolocation,/mnt/ubna_data_01_mir/recover-20220825/UBNA_002/20220823_033000.WAV,Telephone Field,recover-20220825,002,1795
1132.1075,1132.1146,49531,54295,Pipistrellus pipistrellus,0.027,0.029,-1,Echolocation,/mnt/ubna_data_01_mir/recover-20220825/UBNA_002/20220823_033000.WAV,Telephone Field,recover-20220825,002,1795
1132.1275,1132.1668,68437,82146,Rhinolophus ferrumequinum,0.023,0.023,-1,Echolocation,/mnt/ubna_data_01_mir/recover-20220825/UBNA_002/20220823_033000.WAV,Telephone Field,recover-20220825,002,1795
1132.1865,1132.225,68437,81740,Rhinolophus ferrumequinum,0.022,0.022,-1,Echolocation,/mnt/ubna_data_01_mir/recover-20220825/UBNA_002/20220823_033000.WAV,Telephone Field,recover-20220825,002,1795
1132.2005,1132.2126,33203,39609,Eptesicus serotinus,0.007,0.026,-1,Echolocation,/mnt/ubna_data_01_mir/recover-20220825/UBNA_002/20220823_033000.WAV,Telephone Field,recover-20220825,002,1795
1132.2035,1132.2386,68437,81570,Rhinolophus ferrumequinum,0.021,0.022,-1,Echolocation,/mnt/ubna_data_01_mir/recover-20220825/UBNA_002/20220823_033000.WAV,Telephone Field,recover-20220825,002,1795
1132.2285,1132.2704,68437,83114,Rhinolophus ferrumequinum,0.035,0.035,-1,Echolocation,/mnt/ubna_data_01_mir/recover-20220825/UBNA_002/20220823_033000.WAV,Telephone Field,recover-20220825,002,1795
1132.2295,1132.2376,44375,54379,Pipistrellus pipistrellus,0.016,0.024,-1,Echolocation,/mnt/ubna_data_01_mir/recover-20220825/UBNA_002/20220823_033000.WAV,Telephone Field,recover-20220825,002,1795
1132.2905,1132.3278,68437,81442,Rhinolophus ferrumequinum,0.022,0.022,-1,Echolocation,/mnt/ubna_data_01_mir/recover-20220825/UBNA_002/20220823_033000.WAV,Telephone Field,recover-20220825,002,1795
1132.3625,1132.4027,68437,82579,Rhinolophus ferrumequinum,0.024,0.024,-1,Echolocation,/mnt/ubna_data_01_mir/recover-20220825/UBNA_002/20220823_033000.WAV,Telephone Field,recover-20220825,002,1795
1132.3815,1132.4199,68437,82563,Rhinolophus ferrumequinum,0.026,0.026,-1,Echolocation,/mnt/ubna_data_01_mir/recover-20220825/UBNA_002/20220823_033000.WAV,Telephone Field,recover-20220825,002,1795
1132.4215,1132.4597,68437,81852,Rhinolophus ferrumequinum,0.023,0.023,-1,Echolocation,/mnt/ubna_data_01_mir/recover-20220825/UBNA_002/20220823_033000.WAV,Telephone Field,recover-20220825,002,1795
1132.4465,1132.4827,68437,81723,Rhinolophus ferrumequinum,0.024,0.024,-1,Echolocation,/mnt/ubna_data_01_mir/recover-20220825/UBNA_002/20220823_033000.WAV,Telephone Field,recover-20220825,002,1795
1132.4605,1132.4987,68437,82160,Rhinolophus ferrumequinum,0.023,0.023,-1,Echolocation,/mnt/ubna_data_01_mir/recover-20220825/UBNA_002/20220823_033000.WAV,Telephone Field,recover-20220825,002,1795
1132.4835,1132.4967,14296,19330,Nyctalus noctula,0.015,0.024,-1,Echolocation,/mnt/ubna_data_01_mir/recover-20220825/UBNA_002/20220823_033000.WAV,Telephone Field,recover-20220825,002,1795
1132.4975,1132.5316,68437,80625,Rhinolophus ferrumequinum,0.028,0.028,-1,Echolocation,/mnt/ubna_data_01_mir/recover-20220825/UBNA_002/20220823_033000.WAV,Telephone Field,recover-20220825,002,1795
1132.5155,1132.552,68437,82152,Rhinolophus ferrumequinum,0.029,0.029,-1,Echolocation,/mnt/ubna_data_01_mir/recover-20220825/UBNA_002/20220823_033000.WAV,Telephone Field,recover-20220825,002,1795
1132.5245,1132.5327,23750,32138,Plecotus austriacus,0.009,0.022,-1,Echolocation,/mnt/ubna_data_01_mir/recover-20220825/UBNA_002/20220823_033000.WAV,Telephone Field,recover-20220825,002,1795
1132.5285,1132.5669,68437,83222,Rhinolophus ferrumequinum,0.023,0.023,-1,Echolocation,/mnt/ubna_data_01_mir/recover-20220825/UBNA_002/20220823_033000.WAV,Telephone Field,recover-20220825,002,1795
1132.5515,1132.5895,68437,81570,Rhinolophus ferrumequinum,0.024,0.024,-1,Echolocation,/mnt/ubna_data_01_mir/recover-20220825/UBNA_002/20220823_033000.WAV,Telephone Field,recover-20220825,002,1795
1132.5955,1132.6377,68437,82947,Rhinolophus ferrumequinum,0.029,0.029,-1,Echolocation,/mnt/ubna_data_01_mir/recover-20220825/UBNA_002/20220823_033000.WAV,Telephone Field,recover-20220825,002,1795
1132.5975,1132.6057,42656,53847,Myotis mystacinus,0.006,0.024,-1,Echolocation,/mnt/ubna_data_01_mir/recover-20220825/UBNA_002/20220823_033000.WAV,Telephone Field,recover-20220825,002,1795
1132.6235,1132.6647,68437,82612,Rhinolophus ferrumequinum,0.038,0.038,-1,Echolocation,/mnt/ubna_data_01_mir/recover-20220825/UBNA_002/20220823_033000.WAV,Telephone Field,recover-20220825,002,1795
1132.6595,1132.668,48671,56955,Pipistrellus pipistrellus,0.019,0.022,-1,Echolocation,/mnt/ubna_data_01_mir/recover-20220825/UBNA_002/20220823_033000.WAV,Telephone Field,recover-20220825,002,1795
1132.7035,1132.7448,68437,82246,Rhinolophus ferrumequinum,0.034,0.034,-1,Echolocation,/mnt/ubna_data_01_mir/recover-20220825/UBNA_002/20220823_033000.WAV,Telephone Field,recover-20220825,002,1795
1132.7085,1132.717,44375,54338,Pipistrellus pipistrellus,0.013,0.022,-1,Echolocation,/mnt/ubna_data_01_mir/recover-20220825/UBNA_002/20220823_033000.WAV,Telephone Field,recover-20220825,002,1795
1132.7265,1132.7663,68437,82283,Rhinolophus ferrumequinum,0.025,0.025,-1,Echolocation,/mnt/ubna_data_01_mir/recover-20220825/UBNA_002/20220823_033000.WAV,Telephone Field,recover-20220825,002,1795
1132.7485,1132.7588,22031,27260,Nyctalus leisleri,0.009,0.022,-1,Echolocation,/mnt/ubna_data_01_mir/recover-20220825/UBNA_002/20220823_033000.WAV,Telephone Field,recover-20220825,002,1795
1132.7995,1132.8418,68437,82901,Rhinolophus ferrumequinum,0.026,0.026,-1,Echolocation,/mnt/ubna_data_01_mir/recover-20220825/UBNA_002/20220823_033000.WAV,Telephone Field,recover-20220825,002,1795
1132.8085,1132.8177,28906,37237,Eptesicus serotinus,0.008,0.022,-1,Echolocation,/mnt/ubna_data_01_mir/recover-20220825/UBNA_002/20220823_033000.WAV,Telephone Field,recover-20220825,002,1795
1132.8255,1132.8658,68437,82424,Rhinolophus ferrumequinum,0.023,0.024,-1,Echolocation,/mnt/ubna_data_01_mir/recover-20220825/UBNA_002/20220823_033000.WAV,Telephone Field,recover-20220825,002,1795
1132.8505,1132.8624,22890,28497,Nyctalus leisleri,0.011,0.024,-1,Echolocation,/mnt/ubna_data_01_mir/recover-20220825/UBNA_002/20220823_033000.WAV,Telephone Field,recover-20220825,002,1795
1132.8695,1132.9071,68437,81853,Rhinolophus ferrumequinum,0.027,0.028,-1,Echolocation,/mnt/ubna_data_01_mir/recover-20220825/UBNA_002/20220823_033000.WAV,Telephone Field,recover-20220825,002,1795
1132.9035,1132.9418,68437,82525,Rhinolophus ferrumequinum,0.032,0.032,-1,Echolocation,/mnt/ubna_data_01_mir/recover-20220825/UBNA_002/20220823_033000.WAV,Telephone Field,recover-20220825,002,1795
1132.9455,1132.9558,22890,29354,Nyctalus leisleri,0.008,0.022,-1,Echolocation,/mnt/ubna_data_01_mir/recover-20220825/UBNA_002/20220823_033000.WAV,Telephone Field,recover-20220825,002,1795
1132.9655,1132.9711,32343,45522,Myotis daubentonii,0.012,0.024,-1,Echolocation,/mnt/ubna_data_01_mir/recover-20220825/UBNA_002/20220823_033000.WAV,Telephone Field,recover-20220825,002,1795
1132.9655,1133.0074,68437,83141,Rhinolophus ferrumequinum,0.034,0.034,-1,Echolocation,/mnt/ubna_data_01_mir/recover-20220825/UBNA_002/20220823_033000.WAV,Telephone Field,recover-20220825,002,1795
1132.9655,1132.9732,28046,39233,Eptesicus serotinus,0.007,0.024,-1,Echolocation,/mnt/ubna_data_01_mir/recover-20220825/UBNA_002/20220823_033000.WAV,Telephone Field,recover-20220825,002,1795
1132.9875,1133.0281,68437,83009,Rhinolophus ferrumequinum,0.034,0.034,-1,Echolocation,/mnt/ubna_data_01_mir/recover-20220825/UBNA_002/20220823_033000.WAV,Telephone Field,recover-20220825,002,1795
1133.0045,1133.0203,21171,24537,Nyctalus leisleri,0.014,0.022,-1,Echolocation,/mnt/ubna_data_01_mir/recover-20220825/UBNA_002/20220823_033000.WAV,Telephone Field,recover-20220825,002,1795
1133.0105,1133.0502,68437,82030,Rhinolophus ferrumequinum,0.025,0.025,-1,Echolocation,/mnt/ubna_data_01_mir/recover-20220825/UBNA_002/20220823_033000.WAV,Telephone Field,recover-20220825,002,1795
1133.0505,1133.0577,27187,41895,Eptesicus serotinus,0.008,0.026,-1,Echolocation,/mnt/ubna_data_01_mir/recover-20220825/UBNA_002/20220823_033000.WAV,Telephone Field,recover-20220825,002,1795
1133.0555,1133.0904,68437,81597,Rhinolophus ferrumequinum,0.023,0.023,-1,Echolocation,/mnt/ubna_data_01_mir/recover-20220825/UBNA_002/20220823_033000.WAV,Telephone Field,recover-20220825,002,1795
1133.0685,1133.1068,68437,82404,Rhinolophus ferrumequinum,0.022,0.022,-1,Echolocation,/mnt/ubna_data_01_mir/recover-20220825/UBNA_002/20220823_033000.WAV,Telephone Field,recover-20220825,002,1795
1133.1255,1133.1367,47812,50832,Pipistrellus pipistrellus,0.071,0.078,-1,Echolocation,/mnt/ubna_data_01_mir/recover-20220825/UBNA_002/20220823_033000.WAV,Telephone Field,recover-20220825,002,1795
1133.1595,1133.1679,27187,37200,Eptesicus serotinus,0.008,0.022,-1,Echolocation,/mnt/ubna_data_01_mir/recover-20220825/UBNA_002/20220823_033000.WAV,Telephone Field,recover-20220825,002,1795
1133.1705,1133.2104,68437,82068,Rhinolophus ferrumequinum,0.022,0.022,-1,Echolocation,/mnt/ubna_data_01_mir/recover-20220825/UBNA_002/20220823_033000.WAV,Telephone Field,recover-20220825,002,1795
1133.1785,1133.2208,68437,82711,Rhinolophus ferrumequinum,0.024,0.024,-1,Echolocation,/mnt/ubna_data_01_mir/recover-20220825/UBNA_002/20220823_033000.WAV,Telephone Field,recover-20220825,002,1795
1133.1845,1133.1923,28046,38068,Eptesicus serotinus,0.006,0.022,-1,Echolocation,/mnt/ubna_data_01_mir/recover-20220825/UBNA_002/20220823_033000.WAV,Telephone Field,recover-20220825,002,1795
1133.1965,1133.2379,68437,83036,Rhinolophus ferrumequinum,0.028,0.028,-1,Echolocation,/mnt/ubna_data_01_mir/recover-20220825/UBNA_002/20220823_033000.WAV,Telephone Field,recover-20220825,002,1795
1133.2125,1133.2319,21171,25120,Nyctalus leisleri,0.019,0.037,-1,Echolocation,/mnt/ubna_data_01_mir/recover-20220825/UBNA_002/20220823_033000.WAV,Telephone Field,recover-20220825,002,1795
1133.2545,1133.2985,68437,83151,Rhinolophus ferrumequinum,0.027,0.027,-1,Echolocation,/mnt/ubna_data_01_mir/recover-20220825/UBNA_002/20220823_033000.WAV,Telephone Field,recover-20220825,002,1795
1133.2575,1133.263,49531,57412,Pipistrellus pipistrellus,0.019,0.023,-1,Echolocation,/mnt/ubna_data_01_mir/recover-20220825/UBNA_002/20220823_033000.WAV,Telephone Field,recover-20220825,002,1795
1133.2935,1133.3041,22031,27175,Nyctalus leisleri,0.009,0.022,-1,Echolocation,/mnt/ubna_data_01_mir/recover-20220825/UBNA_002/20220823_033000.WAV,Telephone Field,recover-20220825,002,1795
1133.3555,1133.3926,68437,81996,Rhinolophus ferrumequinum,0.024,0.024,-1,Echolocation,/mnt/ubna_data_01_mir/recover-20220825/UBNA_002/20220823_033000.WAV,Telephone Field,recover-20220825,002,1795
1133.3895,1133.4336,68437,83314,Rhinolophus ferrumequinum,0.041,0.041,-1,Echolocation,/mnt/ubna_data_01_mir/recover-20220825/UBNA_002/20220823_033000.WAV,Telephone Field,recover-20220825,002,1795
1133.4185,1133.4532,68437,81583,Rhinolophus ferrumequinum,0.023,0.024,-1,Echolocation,/mnt/ubna_data_01_mir/recover-20220825/UBNA_002/20220823_033000.WAV,Telephone Field,recover-20220825,002,1795
1133.4445,1133.4844,68437,82403,Rhinolophus ferrumequinum,0.024,0.024,-1,Echolocation,/mnt/ubna_data_01_mir/recover-20220825/UBNA_002/20220823_033000.WAV,Telephone Field,recover-20220825,002,1795
1133.4595,1133.4994,68437,82073,Rhinolophus ferrumequinum,0.021,0.022,-1,Echolocation,/mnt/ubna_data_01_mir/recover-20220825/UBNA_002/20220823_033000.WAV,Telephone Field,recover-20220825,002,1795
1133.4635,1133.4716,24609,34022,Plecotus austriacus,0.006,0.023,-1,Echolocation,/mnt/ubna_data_01_mir/recover-20220825/UBNA_002/20220823_033000.WAV,Telephone Field,recover-20220825,002,1795
1133.4655,1133.5043,68437,82249,Rhinolophus ferrumequinum,0.022,0.022,-1,Echolocation,/mnt/ubna_data_01_mir/recover-20220825/UBNA_002/20220823_033000.WAV,Telephone Field,recover-20220825,002,1795
1133.4695,1133.4784,25468,33730,Eptesicus serotinus,0.007,0.023,-1,Echolocation,/mnt/ubna_data_01_mir/recover-20220825/UBNA_002/20220823_033000.WAV,Telephone Field,recover-20220825,002,1795
1133.4895,1133.5241,68437,81255,Rhinolophus ferrumequinum,0.024,0.024,-1,Echolocation,/mnt/ubna_data_01_mir/recover-20220825/UBNA_002/20220823_033000.WAV,Telephone Field,recover-20220825,002,1795
1133.5225,1133.5628,68437,82358,Rhinolophus ferrumequinum,0.022,0.022,-1,Echolocation,/mnt/ubna_data_01_mir/recover-20220825/UBNA_002/20220823_033000.WAV,Telephone Field,recover-20220825,002,1795
1133.5285,1133.5688,68437,82662,Rhinolophus ferrumequinum,0.022,0.022,-1,Echolocation,/mnt/ubna_data_01_mir/recover-20220825/UBNA_002/20220823_033000.WAV,Telephone Field,recover-20220825,002,1795
1133.5375,1133.5763,68437,82013,Rhinolophus ferrumequinum,0.022,0.022,-1,Echolocation,/mnt/ubna_data_01_mir/recover-20220825/UBNA_002/20220823_033000.WAV,Telephone Field,recover-20220825,002,1795
1133.5755,1133.6114,68437,81523,Rhinolophus ferrumequinum,0.022,0.022,-1,Echolocation,/mnt/ubna_data_01_mir/recover-20220825/UBNA_002/20220823_033000.WAV,Telephone Field,recover-20220825,002,1795
1133.5775,1133.5842,25468,40833,Myotis nattereri,0.006,0.022,-1,Echolocation,/mnt/ubna_data_01_mir/recover-20220825/UBNA_002/20220823_033000.WAV,Telephone Field,recover-20220825,002,1795
1133.5945,1133.6034,28046,36838,Eptesicus serotinus,0.008,0.022,-1,Echolocation,/mnt/ubna_data_01_mir/recover-20220825/UBNA_002/20220823_033000.WAV,Telephone Field,recover-20220825,002,1795
1133.6385,1133.6748,68437,81393,Rhinolophus ferrumequinum,0.024,0.024,-1,Echolocation,/mnt/ubna_data_01_mir/recover-20220825/UBNA_002/20220823_033000.WAV,Telephone Field,recover-20220825,002,1795
1133.6625,1133.703,68437,82236,Rhinolophus ferrumequinum,0.023,0.023,-1,Echolocation,/mnt/ubna_data_01_mir/recover-20220825/UBNA_002/20220823_033000.WAV,Telephone Field,recover-20220825,002,1795
1133.6935,1133.732,68437,82089,Rhinolophus ferrumequinum,0.023,0.023,-1,Echolocation,/mnt/ubna_data_01_mir/recover-20220825/UBNA_002/20220823_033000.WAV,Telephone Field,recover-20220825,002,1795
1133.7315,1133.7728,68437,82723,Rhinolophus ferrumequinum,0.025,0.025,-1,Echolocation,/mnt/ubna_data_01_mir/recover-20220825/UBNA_002/20220823_033000.WAV,Telephone Field,recover-20220825,002,1795
1133.7385,1133.7462,28046,37439,Eptesicus serotinus,0.013,0.033,-1,Echolocation,/mnt/ubna_data_01_mir/recover-20220825/UBNA_002/20220823_033000.WAV,Telephone Field,recover-20220825,002,1795
1133.7515,1133.7905,68437,81891,Rhinolophus ferrumequinum,0.023,0.023,-1,Echolocation,/mnt/ubna_data_01_mir/recover-20220825/UBNA_002/20220823_033000.WAV,Telephone Field,recover-20220825,002,1795
1133.7815,1133.8186,68437,82535,Rhinolophus ferrumequinum,0.024,0.024,-1,Echolocation,/mnt/ubna_data_01_mir/recover-20220825/UBNA_002/20220823_033000.WAV,Telephone Field,recover-20220825,002,1795
1133.7945,1133.8048,22890,28156,Nyctalus leisleri,0.013,0.029,-1,Echolocation,/mnt/ubna_data_01_mir/recover-20220825/UBNA_002/20220823_033000.WAV,Telephone Field,recover-20220825,002,1795
1133.8105,1133.818,26328,34395,Eptesicus serotinus,0.006,0.022,-1,Echolocation,/mnt/ubna_data_01_mir/recover-20220825/UBNA_002/20220823_033000.WAV,Telephone Field,recover-20220825,002,1795
1133.8205,1133.861,68437,82676,Rhinolophus ferrumequinum,0.031,0.031,-1,Echolocation,/mnt/ubna_data_01_mir/recover-20220825/UBNA_002/20220823_033000.WAV,Telephone Field,recover-20220825,002,1795
1133.8345,1133.8768,68437,82637,Rhinolophus ferrumequinum,0.024,0.024,-1,Echolocation,/mnt/ubna_data_01_mir/recover-20220825/UBNA_002/20220823_033000.WAV,Telephone Field,recover-20220825,002,1795
1133.8795,1133.9183,68437,82136,Rhinolophus ferrumequinum,0.025,0.025,-1,Echolocation,/mnt/ubna_data_01_mir/recover-20220825/UBNA_002/20220823_033000.WAV,Telephone Field,recover-20220825,002,1795
1133.9715,1133.9793,27187,38351,Eptesicus serotinus,0.008,0.023,-1,Echolocation,/mnt/ubna_data_01_mir/recover-20220825/UBNA_002/20220823_033000.WAV,Telephone Field,recover-20220825,002,1795
1133.9825,1133.9922,28906,37462,Eptesicus serotinus,0.009,0.025,-1,Echolocation,/mnt/ubna_data_01_mir/recover-20220825/UBNA_002/20220823_033000.WAV,Telephone Field,recover-20220825,002,1795
1134.0015,1134.0344,68437,79438,Rhinolophus ferrumequinum,0.029,0.029,-1,Echolocation,/mnt/ubna_data_01_mir/recover-20220825/UBNA_002/20220823_033000.WAV,Telephone Field,recover-20220825,002,1795
1134.0015,1134.0102,45234,49472,Pipistrellus pipistrellus,0.022,0.027,-1,Echolocation,/mnt/ubna_data_01_mir/recover-20220825/UBNA_002/20220823_033000.WAV,Telephone Field,recover-20220825,002,1795
1134.0015,1134.0111,23750,31885,Nyctalus leisleri,0.011,0.034,-1,Echolocation,/mnt/ubna_data_01_mir/recover-20220825/UBNA_002/20220823_033000.WAV,Telephone Field,recover-20220825,002,1795
1134.0085,1134.0524,68437,82332,Rhinolophus ferrumequinum,0.022,0.022,-1,Echolocation,/mnt/ubna_data_01_mir/recover-20220825/UBNA_002/20220823_033000.WAV,Telephone Field,recover-20220825,002,1795
1134.0105,1134.0207,23750,30416,Nyctalus leisleri,0.01,0.026,-1,Echolocation,/mnt/ubna_data_01_mir/recover-20220825/UBNA_002/20220823_033000.WAV,Telephone Field,recover-20220825,002,1795
1134.0625,1134.0967,68437,81023,Rhinolophus ferrumequinum,0.023,0.023,-1,Echolocation,/mnt/ubna_data_01_mir/recover-20220825/UBNA_002/20220823_033000.WAV,Telephone Field,recover-20220825,002,1795
1134.0645,1134.0803,22890,26770,Nyctalus leisleri,0.024,0.042,-1,Echolocation,/mnt/ubna_data_01_mir/recover-20220825/UBNA_002/20220823_033000.WAV,Telephone Field,recover-20220825,002,1795
1134.0685,1134.1069,68437,81710,Rhinolophus ferrumequinum,0.022,0.022,-1,Echolocation,/mnt/ubna_data_01_mir/recover-20220825/UBNA_002/20220823_033000.WAV,Telephone Field,recover-20220825,002,1795
1134.1095,1134.1489,68437,82029,Rhinolophus ferrumequinum,0.024,0.024,-1,Echolocation,/mnt/ubna_data_01_mir/recover-20220825/UBNA_002/20220823_033000.WAV,Telephone Field,recover-20220825,002,1795
1134.1235,1134.1312,25468,36574,Plecotus austriacus,0.007,0.024,-1,Echolocation,/mnt/ubna_data_01_mir/recover-20220825/UBNA_002/20220823_033000.WAV,Telephone Field,recover-20220825,002,1795
1134.1275,1134.1661,68437,82581,Rhinolophus ferrumequinum,0.023,0.023,-1,Echolocation,/mnt/ubna_data_01_mir/recover-20220825/UBNA_002/20220823_033000.WAV,Telephone Field,recover-20220825,002,1795
1134.1505,1134.1592,28906,40036,Eptesicus serotinus,0.007,0.022,-1,Echolocation,/mnt/ubna_data_01_mir/recover-20220825/UBNA_002/20220823_033000.WAV,Telephone Field,recover-20220825,002,1795
1134.1535,1134.1724,20312,23429,Nyctalus leisleri,0.013,0.023,-1,Echolocation,/mnt/ubna_data_01_mir/recover-20220825/UBNA_002/20220823_033000.WAV,Telephone Field,recover-20220825,002,1795
1134.1605,1134.1991,68437,82621,Rhinolophus ferrumequinum,0.024,0.024,-1,Echolocation,/mnt/ubna_data_01_mir/recover-20220825/UBNA_002/20220823_033000.WAV,Telephone Field,recover-20220825,002,1795
1134.1715,1134.2099,68437,81773,Rhinolophus ferrumequinum,0.023,0.023,-1,Echolocation,/mnt/ubna_data_01_mir/recover-20220825/UBNA_002/20220823_033000.WAV,Telephone Field,recover-20220825,002,1795
1134.2025,1134.2097,28906,38742,Eptesicus serotinus,0.011,0.03,-1,Echolocation,/mnt/ubna_data_01_mir/recover-20220825/UBNA_002/20220823_033000.WAV,Telephone Field,recover-20220825,002,1795
1134.2115,1134.2527,68437,82567,Rhinolophus ferrumequinum,0.023,0.023,-1,Echolocation,/mnt/ubna_data_01_mir/recover-20220825/UBNA_002/20220823_033000.WAV,Telephone Field,recover-20220825,002,1795
1134.2385,1134.2757,68437,81583,Rhinolophus ferrumequinum,0.022,0.022,-1,Echolocation,/mnt/ubna_data_01_mir/recover-20220825/UBNA_002/20220823_033000.WAV,Telephone Field,recover-20220825,002,1795
1134.2605,1134.3,68437,82158,Rhinolophus ferrumequinum,0.023,0.023,-1,Echolocation,/mnt/ubna_data_01_mir/recover-20220825/UBNA_002/20220823_033000.WAV,Telephone Field,recover-20220825,002,1795
1134.2725,1134.2834,23750,28866,Nyctalus leisleri,0.01,0.023,-1,Echolocation,/mnt/ubna_data_01_mir/recover-20220825/UBNA_002/20220823_033000.WAV,Telephone Field,recover-20220825,002,1795
1134.2835,1134.3207,68437,82839,Rhinolophus ferrumequinum,0.023,0.023,-1,Echolocation,/mnt/ubna_data_01_mir/recover-20220825/UBNA_002/20220823_033000.WAV,Telephone Field,recover-20220825,002,1795
1134.3135,1134.3488,68437,81573,Rhinolophus ferrumequinum,0.03,0.03,-1,Echolocation,/mnt/ubna_data_01_mir/recover-20220825/UBNA_002/20220823_033000.WAV,Telephone Field,recover-20220825,002,1795
1134.3295,1134.3703,68437,82758,Rhinolophus ferrumequinum,0.027,0.027,-1,Echolocation,/mnt/ubna_data_01_mir/recover-20220825/UBNA_002/20220823_033000.WAV,Telephone Field,recover-20220825,002,1795
1134.3325,1134.3411,28046,37570,Eptesicus serotinus,0.008,0.022,-1,Echolocation,/mnt/ubna_data_01_mir/recover-20220825/UBNA_002/20220823_033000.WAV,Telephone Field,recover-20220825,002,1795
1134.3765,1134.4174,68437,81961,Rhinolophus ferrumequinum,0.022,0.022,-1,Echolocation,/mnt/ubna_data_01_mir/recover-20220825/UBNA_002/20220823_033000.WAV,Telephone Field,recover-20220825,002,1795
1134.3965,1134.4353,68437,82033,Rhinolophus ferrumequinum,0.022,0.022,-1,Echolocation,/mnt/ubna_data_01_mir/recover-20220825/UBNA_002/20220823_033000.WAV,Telephone Field,recover-20220825,002,1795
1134.4295,1134.4725,68437,83056,Rhinolophus ferrumequinum,0.033,0.033,-1,Echolocation,/mnt/ubna_data_01_mir/recover-20220825/UBNA_002/20220823_033000.WAV,Telephone Field,recover-20220825,002,1795
1134.4305,1134.4408,28046,37934,Eptesicus serotinus,0.009,0.023,-1,Echolocation,/mnt/ubna_data_01_mir/recover-20220825/UBNA_002/20220823_033000.WAV,Telephone Field,recover-20220825,002,1795
1134.4745,1134.5129,68437,81701,Rhinolophus ferrumequinum,0.022,0.022,-1,Echolocation,/mnt/ubna_data_01_mir/recover-20220825/UBNA_002/20220823_033000.WAV,Telephone Field,recover-20220825,002,1795
1134.5215,1134.533,22890,28096,Nyctalus leisleri,0.011,0.023,-1,Echolocation,/mnt/ubna_data_01_mir/recover-20220825/UBNA_002/20220823_033000.WAV,Telephone Field,recover-20220825,002,1795
1134.5305,1134.5392,28906,37041,Eptesicus serotinus,0.009,0.024,-1,Echolocation,/mnt/ubna_data_01_mir/recover-20220825/UBNA_002/20220823_033000.WAV,Telephone Field,recover-20220825,002,1795
1134.5325,1134.5725,68437,82492,Rhinolophus ferrumequinum,0.022,0.022,-1,Echolocation,/mnt/ubna_data_01_mir/recover-20220825/UBNA_002/20220823_033000.WAV,Telephone Field,recover-20220825,002,1795
1134.5585,1134.5695,27187,33737,Eptesicus serotinus,0.012,0.024,-1,Echolocation,/mnt/ubna_data_01_mir/recover-20220825/UBNA_002/20220823_033000.WAV,Telephone Field,recover-20220825,002,1795
1134.5655,1134.6056,68437,82000,Rhinolophus ferrumequinum,0.024,0.024,-1,Echolocation,/mnt/ubna_data_01_mir/recover-20220825/UBNA_002/20220823_033000.WAV,Telephone Field,recover-20220825,002,1795
1134.5815,1134.6206,68437,82440,Rhinolophus ferrumequinum,0.022,0.022,-1,Echolocation,/mnt/ubna_data_01_mir/recover-20220825/UBNA_002/20220823_033000.WAV,Telephone Field,recover-20220825,002,1795
1134.5855,1134.5955,22890,27327,Nyctalus leisleri,0.014,0.027,-1,Echolocation,/mnt/ubna_data_01_mir/recover-20220825/UBNA_002/20220823_033000.WAV,Telephone Field,recover-20220825,002,1795
1134.6225,1134.6338,22890,27081,Nyctalus leisleri,0.012,0.022,-1,Echolocation,/mnt/ubna_data_01_mir/recover-20220825/UBNA_002/20220823_033000.WAV,Telephone Field,recover-20220825,002,1795
1134.6615,1134.7005,68437,82195,Rhinolophus ferrumequinum,0.025,0.025,-1,Echolocation,/mnt/ubna_data_01_mir/recover-20220825/UBNA_002/20220823_033000.WAV,Telephone Field,recover-20220825,002,1795
1134.6755,1134.6846,28906,36502,Eptesicus serotinus,0.009,0.023,-1,Echolocation,/mnt/ubna_data_01_mir/recover-20220825/UBNA_002/20220823_033000.WAV,Telephone Field,recover-20220825,002,1795
1134.6915,1134.7331,68437,82659,Rhinolophus ferrumequinum,0.024,0.024,-1,Echolocation,/mnt/ubna_data_01_mir/recover-20220825/UBNA_002/20220823_033000.WAV,Telephone Field,recover-20220825,002,1795
1134.6995,1134.7101,27187,35970,Eptesicus serotinus,0.01,0.022,-1,Echolocation,/mnt/ubna_data_01_mir/recover-20220825/UBNA_002/20220823_033000.WAV,Telephone Field,recover-20220825,002,1795
1134.7055,1134.7144,28906,38389,Eptesicus serotinus,0.008,0.022,-1,Echolocation,/mnt/ubna_data_01_mir/recover-20220825/UBNA_002/20220823_033000.WAV,Telephone Field,recover-20220825,002,1795
1134.7475,1134.7589,14296,19459,Nyctalus noctula,0.015,0.027,-1,Echolocation,/mnt/ubna_data_01_mir/recover-20220825/UBNA_002/20220823_033000.WAV,Telephone Field,recover-20220825,002,1795
1134.7485,1134.7592,42656,48295,Pipistrellus pipistrellus,0.019,0.023,-1,Echolocation,/mnt/ubna_data_01_mir/recover-20220825/UBNA_002/20220823_033000.WAV,Telephone Field,recover-20220825,002,1795
1134.7645,1134.7728,23750,33391,Plecotus austriacus,0.01,0.027,-1,Echolocation,/mnt/ubna_data_01_mir/recover-20220825/UBNA_002/20220823_033000.WAV,Telephone Field,recover-20220825,002,1795
1134.7955,1134.8338,68437,81928,Rhinolophus ferrumequinum,0.022,0.022,-1,Echolocation,/mnt/ubna_data_01_mir/recover-20220825/UBNA_002/20220823_033000.WAV,Telephone Field,recover-20220825,002,1795
1134.8395,1134.8507,24609,29768,Nyctalus leisleri,0.015,0.035,-1,Echolocation,/mnt/ubna_data_01_mir/recover-20220825/UBNA_002/20220823_033000.WAV,Telephone Field,recover-20220825,002,1795
1134.8565,1134.896,68437,82316,Rhinolophus ferrumequinum,0.022,0.022,-1,Echolocation,/mnt/ubna_data_01_mir/recover-20220825/UBNA_002/20220823_033000.WAV,Telephone Field,recover-20220825,002,1795
1134.8585,1134.8661,26328,35226,Eptesicus serotinus,0.007,0.022,-1,Echolocation,/mnt/ubna_data_01_mir/recover-20220825/UBNA_002/20220823_033000.WAV,Telephone Field,recover-20220825,002,1795
1134.8685,1134.9075,68437,82114,Rhinolophus ferrumequinum,0.023,0.023,-1,Echolocation,/mnt/ubna_data_01_mir/recover-20220825/UBNA_002/20220823_033000.WAV,Telephone Field,recover-20220825,002,1795
1134.8695,1134.8789,49531,53873,Pipistrellus pipistrellus,0.027,0.03,-1,Echolocation,/mnt/ubna_data_01_mir/recover-20220825/UBNA_002/20220823_033000.WAV,Telephone Field,recover-20220825,002,1795
1134.8935,1134.9099,26328,30518,Nyctalus leisleri,0.051,0.099,-1,Echolocation,/mnt/ubna_data_01_mir/recover-20220825/UBNA_002/20220823_033000.WAV,Telephone Field,recover-20220825,002,1795
1134.8945,1134.9332,68437,82261,Rhinolophus ferrumequinum,0.022,0.022,-1,Echolocation,/mnt/ubna_data_01_mir/recover-20220825/UBNA_002/20220823_033000.WAV,Telephone Field,recover-20220825,002,1795
1134.9155,1134.9549,68437,82039,Rhinolophus ferrumequinum,0.022,0.022,-1,Echolocation,/mnt/ubna_data_01_mir/recover-20220825/UBNA_002/20220823_033000.WAV,Telephone Field,recover-20220825,002,1795
1134.9175,1134.9265,47812,51780,Pipistrellus pipistrellus,0.044,0.046,-1,Echolocation,/mnt/ubna_data_01_mir/recover-20220825/UBNA_002/20220823_033000.WAV,Telephone Field,recover-20220825,002,1795
1134.9335,1134.9441,22031,26591,Nyctalus leisleri,0.012,0.022,-1,Echolocation,/mnt/ubna_data_01_mir/recover-20220825/UBNA_002/20220823_033000.WAV,Telephone Field,recover-20220825,002,1795
1134.9665,1135.0055,68437,82385,Rhinolophus ferrumequinum,0.023,0.023,-1,Echolocation,/mnt/ubna_data_01_mir/recover-20220825/UBNA_002/20220823_033000.WAV,Telephone Field,recover-20220825,002,1795
1134.9975,1135.0385,68437,82527,Rhinolophus ferrumequinum,0.039,0.039,-1,Echolocation,/mnt/ubna_data_01_mir/recover-20220825/UBNA_002/20220823_033000.WAV,Telephone Field,recover-20220825,002,1795
1135.0385,1135.0495,22031,26109,Nyctalus leisleri,0.012,0.022,-1,Echolocation,/mnt/ubna_data_01_mir/recover-20220825/UBNA_002/20220823_033000.WAV,Telephone Field,recover-20220825,002,1795
1135.0665,1135.1102,68437,83102,Rhinolophus ferrumequinum,0.04,0.04,-1,Echolocation,/mnt/ubna_data_01_mir/recover-20220825/UBNA_002/20220823_033000.WAV,Telephone Field,recover-20220825,002,1795
1135.0935,1135.103,24609,30934,Nyctalus leisleri,0.01,0.025,-1,Echolocation,/mnt/ubna_data_01_mir/recover-20220825/UBNA_002/20220823_033000.WAV,Telephone Field,recover-20220825,002,1795
1135.1365,1135.177,68437,82474,Rhinolophus ferrumequinum,0.033,0.033,-1,Echolocation,/mnt/ubna_data_01_mir/recover-20220825/UBNA_002/20220823_033000.WAV,Telephone Field,recover-20220825,002,1795
1135.1475,1135.16,24609,30358,Nyctalus leisleri,0.012,0.028,-1,Echolocation,/mnt/ubna_data_01_mir/recover-20220825/UBNA_002/20220823_033000.WAV,Telephone Field,recover-20220825,002,1795
1135.2255,1135.236,27187,34421,Eptesicus serotinus,0.013,0.027,-1,Echolocation,/mnt/ubna_data_01_mir/recover-20220825/UBNA_002/20220823_033000.WAV,Telephone Field,recover-20220825,002,1795
1135.2435,1135.2626,18593,22049,Nyctalus noctula,0.013,0.023,-1,Echolocation,/mnt/ubna_data_01_mir/recover-20220825/UBNA_002/20220823_033000.WAV,Telephone Field,recover-20220825,002,1795
1135.2805,1135.3207,68437,82547,Rhinolophus ferrumequinum,0.025,0.026,-1,Echolocation,/mnt/ubna_data_01_mir/recover-20220825/UBNA_002/20220823_033000.WAV,Telephone Field,recover-20220825,002,1795
1135.3195,1135.359,68437,81798,Rhinolophus ferrumequinum,0.022,0.022,-1,Echolocation,/mnt/ubna_data_01_mir/recover-20220825/UBNA_002/20220823_033000.WAV,Telephone Field,recover-20220825,002,1795
1135.3385,1135.3488,28046,35722,Eptesicus serotinus,0.011,0.023,-1,Echolocation,/mnt/ubna_data_01_mir/recover-20220825/UBNA_002/20220823_033000.WAV,Telephone Field,recover-20220825,002,1795
1135.3515,1135.3932,68437,82757,Rhinolophus ferrumequinum,0.027,0.027,-1,Echolocation,/mnt/ubna_data_01_mir/recover-20220825/UBNA_002/20220823_033000.WAV,Telephone Field,recover-20220825,002,1795
1135.3675,1135.3764,28046,39353,Eptesicus serotinus,0.008,0.023,-1,Echolocation,/mnt/ubna_data_01_mir/recover-20220825/UBNA_002/20220823_033000.WAV,Telephone Field,recover-20220825,002,1795
1135.3885,1135.4303,68437,82744,Rhinolophus ferrumequinum,0.024,0.024,-1,Echolocation,/mnt/ubna_data_01_mir/recover-20220825/UBNA_002/20220823_033000.WAV,Telephone Field,recover-20220825,002,1795
1135.4085,1135.4479,68437,81748,Rhinolophus ferrumequinum,0.022,0.022,-1,Echolocation,/mnt/ubna_data_01_mir/recover-20220825/UBNA_002/20220823_033000.WAV,Telephone Field,recover-20220825,002,1795
1135.4435,1135.4516,28906,40064,Eptesicus serotinus,0.009,0.025,-1,Echolocation,/mnt/ubna_data_01_mir/recover-20220825/UBNA_002/20220823_033000.WAV,Telephone Field,recover-20220825,002,1795
1135.4855,1135.5253,68437,82478,Rhinolophus ferrumequinum,0.022,0.022,-1,Echolocation,/mnt/ubna_data_01_mir/recover-20220825/UBNA_002/20220823_033000.WAV,Telephone Field,recover-20220825,002,1795
1135.5045,1135.5139,28906,36353,Eptesicus serotinus,0.008,0.022,-1,Echolocation,/mnt/ubna_data_01_mir/recover-20220825/UBNA_002/20220823_033000.WAV,Telephone Field,recover-20220825,002,1795
1135.5215,1135.5584,68437,80974,Rhinolophus ferrumequinum,0.023,0.023,-1,Echolocation,/mnt/ubna_data_01_mir/recover-20220825/UBNA_002/20220823_033000.WAV,Telephone Field,recover-20220825,002,1795
1135.5285,1135.5688,68437,82243,Rhinolophus ferrumequinum,0.023,0.023,-1,Echolocation,/mnt/ubna_data_01_mir/recover-20220825/UBNA_002/20220823_033000.WAV,Telephone Field,recover-20220825,002,1795
1135.5525,1135.561,30625,38601,Eptesicus serotinus,0.007,0.022,-1,Echolocation,/mnt/ubna_data_01_mir/recover-20220825/UBNA_002/20220823_033000.WAV,Telephone Field,recover-20220825,002,1795
1135.6055,1135.6162,22031,26910,Nyctalus leisleri,0.011,0.023,-1,Echolocation,/mnt/ubna_data_01_mir/recover-20220825/UBNA_002/20220823_033000.WAV,Telephone Field,recover-20220825,002,1795
1135.6115,1135.6485,68437,81192,Rhinolophus ferrumequinum,0.024,0.024,-1,Echolocation,/mnt/ubna_data_01_mir/recover-20220825/UBNA_002/20220823_033000.WAV,Telephone Field,recover-20220825,002,1795
1135.6355,1135.6533,22031,25241,Nyctalus leisleri,0.029,0.048,-1,Echolocation,/mnt/ubna_data_01_mir/recover-20220825/UBNA_002/20220823_033000.WAV,Telephone Field,recover-20220825,002,1795
1135.6675,1135.71,68437,82612,Rhinolophus ferrumequinum,0.036,0.036,-1,Echolocation,/mnt/ubna_data_01_mir/recover-20220825/UBNA_002/20220823_033000.WAV,Telephone Field,recover-20220825,002,1795
1135.6785,1135.6861,28906,41412,Eptesicus serotinus,0.013,0.034,-1,Echolocation,/mnt/ubna_data_01_mir/recover-20220825/UBNA_002/20220823_033000.WAV,Telephone Field,recover-20220825,002,1795
1135.7015,1135.7434,68437,82997,Rhinolophus ferrumequinum,0.031,0.031,-1,Echolocation,/mnt/ubna_data_01_mir/recover-20220825/UBNA_002/20220823_033000.WAV,Telephone Field,recover-20220825,002,1795
1135.7445,1135.7838,68437,82286,Rhinolophus ferrumequinum,0.028,0.028,-1,Echolocation,/mnt/ubna_data_01_mir/recover-20220825/UBNA_002/20220823_033000.WAV,Telephone Field,recover-20220825,002,1795
1135.7615,1135.7712,27187,36150,Eptesicus serotinus,0.008,0.022,-1,Echolocation,/mnt/ubna_data_01_mir/recover-20220825/UBNA_002/20220823_033000.WAV,Telephone Field,recover-20220825,002,1795
1135.7825,1135.8233,68437,82753,Rhinolophus ferrumequinum,0.022,0.022,-1,Echolocation,/mnt/ubna_data_01_mir/recover-20220825/UBNA_002/20220823_033000.WAV,Telephone Field,recover-20220825,002,1795
1135.7845,1135.7936,25468,34038,Eptesicus serotinus,0.01,0.023,-1,Echolocation,/mnt/ubna_data_01_mir/recover-20220825/UBNA_002/20220823_033000.WAV,Telephone Field,recover-20220825,002,1795
1135.8075,1135.8454,68437,81934,Rhinolophus ferrumequinum,0.025,0.025,-1,Echolocation,/mnt/ubna_data_01_mir/recover-20220825/UBNA_002/20220823_033000.WAV,Telephone Field,recover-20220825,002,1795
1135.8205,1135.8301,22890,29017,Nyctalus leisleri,0.008,0.022,-1,Echolocation,/mnt/ubna_data_01_mir/recover-20220825/UBNA_002/20220823_033000.WAV,Telephone Field,recover-20220825,002,1795
1135.8365,1135.847,22890,27986,Nyctalus leisleri,0.011,0.023,-1,Echolocation,/mnt/ubna_data_01_mir/recover-20220825/UBNA_002/20220823_033000.WAV,Telephone Field,recover-20220825,002,1795
1135.8695,1135.8766,28046,39239,Eptesicus serotinus,0.01,0.03,-1,Echolocation,/mnt/ubna_data_01_mir/recover-20220825/UBNA_002/20220823_033000.WAV,Telephone Field,recover-20220825,002,1795
1135.8875,1135.9213,68437,81617,Rhinolophus ferrumequinum,0.022,0.022,-1,Echolocation,/mnt/ubna_data_01_mir/recover-20220825/UBNA_002/20220823_033000.WAV,Telephone Field,recover-20220825,002,1795
1135.8975,1135.9364,68437,81690,Rhinolophus ferrumequinum,0.023,0.023,-1,Echolocation,/mnt/ubna_data_01_mir/recover-20220825/UBNA_002/20220823_033000.WAV,Telephone Field,recover-20220825,002,1795
1135.9325,1135.9718,68437,82046,Rhinolophus ferrumequinum,0.022,0.022,-1,Echolocation,/mnt/ubna_data_01_mir/recover-20220825/UBNA_002/20220823_033000.WAV,Telephone Field,recover-20220825,002,1795
1135.9545,1135.9937,68437,81944,Rhinolophus ferrumequinum,0.022,0.022,-1,Echolocation,/mnt/ubna_data_01_mir/recover-20220825/UBNA_002/20220823_033000.WAV,Telephone Field,recover-20220825,002,1795
1135.9865,1135.9984,24609,31167,Nyctalus leisleri,0.012,0.028,-1,Echolocation,/mnt/ubna_data_01_mir/recover-20220825/UBNA_002/20220823_033000.WAV,Telephone Field,recover-20220825,002,1795
1136.0015,1136.0319,69296,81824,Rhinolophus ferrumequinum,0.029,0.029,-1,Echolocation,/mnt/ubna_data_01_mir/recover-20220825/UBNA_002/20220823_033000.WAV,Telephone Field,recover-20220825,002,1795
1136.0015,1136.0116,24609,32710,Nyctalus leisleri,0.011,0.031,-1,Echolocation,/mnt/ubna_data_01_mir/recover-20220825/UBNA_002/20220823_033000.WAV,Telephone Field,recover-20220825,002,1795
1136.0155,1136.0241,28046,40610,Eptesicus serotinus,0.009,0.022,-1,Echolocation,/mnt/ubna_data_01_mir/recover-20220825/UBNA_002/20220823_033000.WAV,Telephone Field,recover-20220825,002,1795
1136.0275,1136.0373,23750,29689,Nyctalus leisleri,0.009,0.023,-1,Echolocation,/mnt/ubna_data_01_mir/recover-20220825/UBNA_002/20220823_033000.WAV,Telephone Field,recover-20220825,002,1795
1136.0525,1136.0895,68437,81515,Rhinolophus ferrumequinum,0.021,0.021,-1,Echolocation,/mnt/ubna_data_01_mir/recover-20220825/UBNA_002/20220823_033000.WAV,Telephone Field,recover-20220825,002,1795
1136.0835,1136.0917,28046,37231,Eptesicus serotinus,0.007,0.022,-1,Echolocation,/mnt/ubna_data_01_mir/recover-20220825/UBNA_002/20220823_033000.WAV,Telephone Field,recover-20220825,002,1795
1136.1145,1136.1535,68437,82162,Rhinolophus ferrumequinum,0.023,0.023,-1,Echolocation,/mnt/ubna_data_01_mir/recover-20220825/UBNA_002/20220823_033000.WAV,Telephone Field,recover-20220825,002,1795
1136.1335,1136.146,22031,26202,Nyctalus leisleri,0.011,0.021,-1,Echolocation,/mnt/ubna_data_01_mir/recover-20220825/UBNA_002/20220823_033000.WAV,Telephone Field,recover-20220825,002,1795
1136.1345,1136.1728,68437,81806,Rhinolophus ferrumequinum,0.021,0.021,-1,Echolocation,/mnt/ubna_data_01_mir/recover-20220825/UBNA_002/20220823_033000.WAV,Telephone Field,recover-20220825,002,1795
1136.1535,1136.1923,68437,82138,Rhinolophus ferrumequinum,0.029,0.029,-1,Echolocation,/mnt/ubna_data_01_mir/recover-20220825/UBNA_002/20220823_033000.WAV,Telephone Field,recover-20220825,002,1795
1136.1575,1136.1659,28046,39706,Eptesicus serotinus,0.008,0.021,-1,Echolocation,/mnt/ubna_data_01_mir/recover-20220825/UBNA_002/20220823_033000.WAV,Telephone Field,recover-20220825,002,1795
1136.1645,1136.1757,22031,26426,Nyctalus leisleri,0.011,0.021,-1,Echolocation,/mnt/ubna_data_01_mir/recover-20220825/UBNA_002/20220823_033000.WAV,Telephone Field,recover-20220825,002,1795
1136.1735,1136.2127,68437,82517,Rhinolophus ferrumequinum,0.029,0.029,-1,Echolocation,/mnt/ubna_data_01_mir/recover-20220825/UBNA_002/20220823_033000.WAV,Telephone Field,recover-20220825,002,1795
1136.1755,1136.1828,26328,38192,Eptesicus serotinus,0.007,0.023,-1,Echolocation,/mnt/ubna_data_01_mir/recover-20220825/UBNA_002/20220823_033000.WAV,Telephone Field,recover-20220825,002,1795
1136.1965,1136.2323,68437,81979,Rhinolophus ferrumequinum,0.035,0.035,-1,Echolocation,/mnt/ubna_data_01_mir/recover-20220825/UBNA_002/20220823_033000.WAV,Telephone Field,recover-20220825,002,1795
1136.2175,1136.2614,68437,83505,Rhinolophus ferrumequinum,0.04,0.04,-1,Echolocation,/mnt/ubna_data_01_mir/recover-20220825/UBNA_002/20220823_033000.WAV,Telephone Field,recover-20220825,002,1795
1136.2575,1136.2651,26328,39418,Eptesicus serotinus,0.007,0.022,-1,Echolocation,/mnt/ubna_data_01_mir/recover-20220825/UBNA_002/20220823_033000.WAV,Telephone Field,recover-20220825,002,1795
1136.2575,1136.2984,68437,82776,Rhinolophus ferrumequinum,0.03,0.03,-1,Echolocation,/mnt/ubna_data_01_mir/recover-20220825/UBNA_002/20220823_033000.WAV,Telephone Field,recover-20220825,002,1795
1136.2775,1136.3178,68437,82327,Rhinolophus ferrumequinum,0.032,0.032,-1,Echolocation,/mnt/ubna_data_01_mir/recover-20220825/UBNA_002/20220823_033000.WAV,Telephone Field,recover-20220825,002,1795
1136.3015,1136.3407,68437,83069,Rhinolophus ferrumequinum,0.029,0.029,-1,Echolocation,/mnt/ubna_data_01_mir/recover-20220825/UBNA_002/20220823_033000.WAV,Telephone Field,recover-20220825,002,1795
1136.3225,1136.3641,68437,82488,Rhinolophus ferrumequinum,0.032,0.032,-1,Echolocation,/mnt/ubna_data_01_mir/recover-20220825/UBNA_002/20220823_033000.WAV,Telephone Field,recover-20220825,002,1795
1136.3585,1136.3943,68437,81671,Rhinolophus ferrumequinum,0.022,0.022,-1,Echolocation,/mnt/ubna_data_01_mir/recover-20220825/UBNA_002/20220823_033000.WAV,Telephone Field,recover-20220825,002,1795
1136.3655,1136.3739,28046,36625,Eptesicus serotinus,0.007,0.021,-1,Echolocation,/mnt/ubna_data_01_mir/recover-20220825/UBNA_002/20220823_033000.WAV,Telephone Field,recover-20220825,002,1795
1136.3795,1136.3975,21171,24482,Nyctalus leisleri,0.015,0.025,-1,Echolocation,/mnt/ubna_data_01_mir/recover-20220825/UBNA_002/20220823_033000.WAV,Telephone Field,recover-20220825,002,1795
1136.3835,1136.4209,68437,81444,Rhinolophus ferrumequinum,0.022,0.022,-1,Echolocation,/mnt/ubna_data_01_mir/recover-20220825/UBNA_002/20220823_033000.WAV,Telephone Field,recover-20220825,002,1795
1136.3905,1136.4006,22890,28933,Nyctalus leisleri,0.012,0.031,-1,Echolocation,/mnt/ubna_data_01_mir/recover-20220825/UBNA_002/20220823_033000.WAV,Telephone Field,recover-20220825,002,1795
1136.4205,1136.4612,68437,82338,Rhinolophus ferrumequinum,0.04,0.04,-1,Echolocation,/mnt/ubna_data_01_mir/recover-20220825/UBNA_002/20220823_033000.WAV,Telephone Field,recover-20220825,002,1795
1136.4435,1136.4827,68437,82881,Rhinolophus ferrumequinum,0.027,0.027,-1,Echolocation,/mnt/ubna_data_01_mir/recover-20220825/UBNA_002/20220823_033000.WAV,Telephone Field,recover-20220825,002,1795
1136.4665,1136.4756,28046,36674,Eptesicus serotinus,0.008,0.022,-1,Echolocation,/mnt/ubna_data_01_mir/recover-20220825/UBNA_002/20220823_033000.WAV,Telephone Field,recover-20220825,002,1795
1136.4945,1136.5041,28046,37455,Eptesicus serotinus,0.014,0.03,-1,Echolocation,/mnt/ubna_data_01_mir/recover-20220825/UBNA_002/20220823_033000.WAV,Telephone Field,recover-20220825,002,1795
1136.5095,1136.5247,20312,24305,Nyctalus leisleri,0.01,0.021,-1,Echolocation,/mnt/ubna_data_01_mir/recover-20220825/UBNA_002/20220823_033000.WAV,Telephone Field,recover-20220825,002,1795
1136.5305,1136.5702,68437,82833,Rhinolophus ferrumequinum,0.026,0.026,-1,Echolocation,/mnt/ubna_data_01_mir/recover-20220825/UBNA_002/20220823_033000.WAV,Telephone Field,recover-20220825,002,1795
1136.5355,1136.5437,25468,36958,Eptesicus serotinus,0.006,0.023,-1,Echolocation,/mnt/ubna_data_01_mir/recover-20220825/UBNA_002/20220823_033000.WAV,Telephone Field,recover-20220825,002,1795
1136.5525,1136.5934,68437,82395,Rhinolophus ferrumequinum,0.022,0.022,-1,Echolocation,/mnt/ubna_data_01_mir/recover-20220825/UBNA_002/20220823_033000.WAV,Telephone Field,recover-20220825,002,1795
1136.5625,1136.5711000000001,28046,36943,Eptesicus serotinus,0.008,0.022,-1,Echolocation,/mnt/ubna_data_01_mir/recover-20220825/UBNA_002/20220823_033000.WAV,Telephone Field,recover-20220825,002,1795
1136.5725,1136.6135,68437,82663,Rhinolophus ferrumequinum,0.023,0.023,-1,Echolocation,/mnt/ubna_data_01_mir/recover-20220825/UBNA_002/20220823_033000.WAV,Telephone Field,recover-20220825,002,1795
1136.5865,1136.5956,28046,36448,Eptesicus serotinus,0.009,0.022,-1,Echolocation,/mnt/ubna_data_01_mir/recover-20220825/UBNA_002/20220823_033000.WAV,Telephone Field,recover-20220825,002,1795
1136.6185,1136.6267,28046,37671,Eptesicus serotinus,0.008,0.025,-1,Echolocation,/mnt/ubna_data_01_mir/recover-20220825/UBNA_002/20220823_033000.WAV,Telephone Field,recover-20220825,002,1795
1136.6495,1136.6891,68437,81862,Rhinolophus ferrumequinum,0.025,0.025,-1,Echolocation,/mnt/ubna_data_01_mir/recover-20220825/UBNA_002/20220823_033000.WAV,Telephone Field,recover-20220825,002,1795
1136.6645,1136.6721,27187,36190,Eptesicus serotinus,0.007,0.024,-1,Echolocation,/mnt/ubna_data_01_mir/recover-20220825/UBNA_002/20220823_033000.WAV,Telephone Field,recover-20220825,002,1795
1136.6835,1136.6946,41796,45719,Pipistrellus nathusii,0.015,0.035,-1,Echolocation,/mnt/ubna_data_01_mir/recover-20220825/UBNA_002/20220823_033000.WAV,Telephone Field,recover-20220825,002,1795
1136.7055,1136.7452,68437,82520,Rhinolophus ferrumequinum,0.027,0.027,-1,Echolocation,/mnt/ubna_data_01_mir/recover-20220825/UBNA_002/20220823_033000.WAV,Telephone Field,recover-20220825,002,1795
1136.7345,1136.7445,21171,28241,Plecotus austriacus,0.016,0.058,-1,Echolocation,/mnt/ubna_data_01_mir/recover-20220825/UBNA_002/20220823_033000.WAV,Telephone Field,recover-20220825,002,1795
1136.7855,1136.8257,68437,82539,Rhinolophus ferrumequinum,0.022,0.022,-1,Echolocation,/mnt/ubna_data_01_mir/recover-20220825/UBNA_002/20220823_033000.WAV,Telephone Field,recover-20220825,002,1795
1136.8035,1136.8443,68437,82694,Rhinolophus ferrumequinum,0.027,0.027,-1,Echolocation,/mnt/ubna_data_01_mir/recover-20220825/UBNA_002/20220823_033000.WAV,Telephone Field,recover-20220825,002,1795
1136.8075,1136.818,24609,30820,Eptesicus serotinus,0.007,0.021,-1,Echolocation,/mnt/ubna_data_01_mir/recover-20220825/UBNA_002/20220823_033000.WAV,Telephone Field,recover-20220825,002,1795
1136.8275,1136.8678,68437,81888,Rhinolophus ferrumequinum,0.024,0.024,-1,Echolocation,/mnt/ubna_data_01_mir/recover-20220825/UBNA_002/20220823_033000.WAV,Telephone Field,recover-20220825,002,1795
1136.8305,1136.8421,22031,26846,Nyctalus leisleri,0.01,0.021,-1,Echolocation,/mnt/ubna_data_01_mir/recover-20220825/UBNA_002/20220823_033000.WAV,Telephone Field,recover-20220825,002,1795
1136.8965,1136.9354,68437,82302,Rhinolophus ferrumequinum,0.023,0.023,-1,Echolocation,/mnt/ubna_data_01_mir/recover-20220825/UBNA_002/20220823_033000.WAV,Telephone Field,recover-20220825,002,1795
1136.8975,1136.9039,27187,44500,Eptesicus serotinus,0.006,0.022,-1,Echolocation,/mnt/ubna_data_01_mir/recover-20220825/UBNA_002/20220823_033000.WAV,Telephone Field,recover-20220825,002,1795
1136.9005,1136.9094,38359,46087,Pipistrellus nathusii,0.007,0.024,-1,Echolocation,/mnt/ubna_data_01_mir/recover-20220825/UBNA_002/20220823_033000.WAV,Telephone Field,recover-20220825,002,1795
1136.9085,1136.9479,68437,82754,Rhinolophus ferrumequinum,0.021,0.021,-1,Echolocation,/mnt/ubna_data_01_mir/recover-20220825/UBNA_002/20220823_033000.WAV,Telephone Field,recover-20220825,002,1795
1136.9275,1136.9383,23750,29198,Nyctalus leisleri,0.012,0.025,-1,Echolocation,/mnt/ubna_data_01_mir/recover-20220825/UBNA_002/20220823_033000.WAV,Telephone Field,recover-20220825,002,1795
1136.9415,1136.9801,68437,82131,Rhinolophus ferrumequinum,0.021,0.021,-1,Echolocation,/mnt/ubna_data_01_mir/recover-20220825/UBNA_002/20220823_033000.WAV,Telephone Field,recover-20220825,002,1795
1136.9485,1136.9595,22890,27964,Nyctalus leisleri,0.011,0.024,-1,Echolocation,/mnt/ubna_data_01_mir/recover-20220825/UBNA_002/20220823_033000.WAV,Telephone Field,recover-20220825,002,1795
1136.9605,1137.0003,68437,82710,Rhinolophus ferrumequinum,0.024,0.024,-1,Echolocation,/mnt/ubna_data_01_mir/recover-20220825/UBNA_002/20220823_033000.WAV,Telephone Field,recover-20220825,002,1795
1136.9805,1136.9908,23750,29919,Nyctalus leisleri,0.011,0.025,-1,Echolocation,/mnt/ubna_data_01_mir/recover-20220825/UBNA_002/20220823_033000.WAV,Telephone Field,recover-20220825,002,1795
1137.0015,1137.0101,28046,38293,Eptesicus serotinus,0.009,0.022,-1,Echolocation,/mnt/ubna_data_01_mir/recover-20220825/UBNA_002/20220823_033000.WAV,Telephone Field,recover-20220825,002,1795
1137.0135,1137.053,68437,82445,Rhinolophus ferrumequinum,0.021,0.021,-1,Echolocation,/mnt/ubna_data_01_mir/recover-20220825/UBNA_002/20220823_033000.WAV,Telephone Field,recover-20220825,002,1795
1137.0215,1137.0598,68437,82029,Rhinolophus ferrumequinum,0.024,0.024,-1,Echolocation,/mnt/ubna_data_01_mir/recover-20220825/UBNA_002/20220823_033000.WAV,Telephone Field,recover-20220825,002,1795
1137.0285,1137.0665,68437,81890,Rhinolophus ferrumequinum,0.023,0.023,-1,Echolocation,/mnt/ubna_data_01_mir/recover-20220825/UBNA_002/20220823_033000.WAV,Telephone Field,recover-20220825,002,1795
1137.0475,1137.0552,28046,37954,Eptesicus serotinus,0.007,0.025,-1,Echolocation,/mnt/ubna_data_01_mir/recover-20220825/UBNA_002/20220823_033000.WAV,Telephone Field,recover-20220825,002,1795
1137.0685,1137.0779,28046,38814,Eptesicus serotinus,0.009,0.023,-1,Echolocation,/mnt/ubna_data_01_mir/recover-20220825/UBNA_002/20220823_033000.WAV,Telephone Field,recover-20220825,002,1795
1137.0745,1137.0848,14296,21467,Nyctalus noctula,0.012,0.022,-1,Echolocation,/mnt/ubna_data_01_mir/recover-20220825/UBNA_002/20220823_033000.WAV,Telephone Field,recover-20220825,002,1795
1137.0795,1137.1182,68437,82194,Rhinolophus ferrumequinum,0.023,0.023,-1,Echolocation,/mnt/ubna_data_01_mir/recover-20220825/UBNA_002/20220823_033000.WAV,Telephone Field,recover-20220825,002,1795
1137.0935,1137.1311,68437,81792,Rhinolophus ferrumequinum,0.021,0.022,-1,Echolocation,/mnt/ubna_data_01_mir/recover-20220825/UBNA_002/20220823_033000.WAV,Telephone Field,recover-20220825,002,1795
1137.1015,1137.1124,31484,38041,Eptesicus serotinus,0.009,0.024,-1,Echolocation,/mnt/ubna_data_01_mir/recover-20220825/UBNA_002/20220823_033000.WAV,Telephone Field,recover-20220825,002,1795
1137.1065,1137.1468,68437,82914,Rhinolophus ferrumequinum,0.031,0.031,-1,Echolocation,/mnt/ubna_data_01_mir/recover-20220825/UBNA_002/20220823_033000.WAV,Telephone Field,recover-20220825,002,1795
1137.1115,1137.1193,28046,42625,Eptesicus serotinus,0.008,0.023,-1,Echolocation,/mnt/ubna_data_01_mir/recover-20220825/UBNA_002/20220823_033000.WAV,Telephone Field,recover-20220825,002,1795
1137.1315,1137.1412,26328,33807,Eptesicus serotinus,0.014,0.029,-1,Echolocation,/mnt/ubna_data_01_mir/recover-20220825/UBNA_002/20220823_033000.WAV,Telephone Field,recover-20220825,002,1795
1137.1475,1137.1834,68437,81589,Rhinolophus ferrumequinum,0.021,0.021,-1,Echolocation,/mnt/ubna_data_01_mir/recover-20220825/UBNA_002/20220823_033000.WAV,Telephone Field,recover-20220825,002,1795
1137.1705,1137.2114,68437,83052,Rhinolophus ferrumequinum,0.027,0.027,-1,Echolocation,/mnt/ubna_data_01_mir/recover-20220825/UBNA_002/20220823_033000.WAV,Telephone Field,recover-20220825,002,1795
1137.1755,1137.186,46953,50269,Pipistrellus pipistrellus,0.02,0.023,-1,Echolocation,/mnt/ubna_data_01_mir/recover-20220825/UBNA_002/20220823_033000.WAV,Telephone Field,recover-20220825,002,1795
1137.2365,1137.2461,24609,31920,Eptesicus serotinus,0.008,0.021,-1,Echolocation,/mnt/ubna_data_01_mir/recover-20220825/UBNA_002/20220823_033000.WAV,Telephone Field,recover-20220825,002,1795
1137.2455,1137.2837,68437,81948,Rhinolophus ferrumequinum,0.021,0.021,-1,Echolocation,/mnt/ubna_data_01_mir/recover-20220825/UBNA_002/20220823_033000.WAV,Telephone Field,recover-20220825,002,1795
1137.2765,1137.2849,28046,38542,Eptesicus serotinus,0.008,0.023,-1,Echolocation,/mnt/ubna_data_01_mir/recover-20220825/UBNA_002/20220823_033000.WAV,Telephone Field,recover-20220825,002,1795
1137.2955,1137.3344,68437,81669,Rhinolophus ferrumequinum,0.022,0.022,-1,Echolocation,/mnt/ubna_data_01_mir/recover-20220825/UBNA_002/20220823_033000.WAV,Telephone Field,recover-20220825,002,1795
1137.3005,1137.3409,68437,82578,Rhinolophus ferrumequinum,0.022,0.022,-1,Echolocation,/mnt/ubna_data_01_mir/recover-20220825/UBNA_002/20220823_033000.WAV,Telephone Field,recover-20220825,002,1795
1137.3065,1137.3184,21171,24504,Nyctalus leisleri,0.012,0.025,-1,Echolocation,/mnt/ubna_data_01_mir/recover-20220825/UBNA_002/20220823_033000.WAV,Telephone Field,recover-20220825,002,1795
1137.3135,1137.3533,68437,82445,Rhinolophus ferrumequinum,0.025,0.025,-1,Echolocation,/mnt/ubna_data_01_mir/recover-20220825/UBNA_002/20220823_033000.WAV,Telephone Field,recover-20220825,002,1795
1137.3425,1137.3788,68437,81536,Rhinolophus ferrumequinum,0.022,0.022,-1,Echolocation,/mnt/ubna_data_01_mir/recover-20220825/UBNA_002/20220823_033000.WAV,Telephone Field,recover-20220825,002,1795
1137.3825,1137.4245,68437,82880,Rhinolophus ferrumequinum,0.025,0.025,-1,Echolocation,/mnt/ubna_data_01_mir/recover-20220825/UBNA_002/20220823_033000.WAV,Telephone Field,recover-20220825,002,1795
1137.3895,1137.4002,26328,33016,Eptesicus serotinus,0.023,0.043,-1,Echolocation,/mnt/ubna_data_01_mir/recover-20220825/UBNA_002/20220823_033000.WAV,Telephone Field,recover-20220825,002,1795
1137.4045,1137.4401,68437,81526,Rhinolophus ferrumequinum,0.032,0.032,-1,Echolocation,/mnt/ubna_data_01_mir/recover-20220825/UBNA_002/20220823_033000.WAV,Telephone Field,recover-20220825,002,1795
1137.4055,1137.4129,27187,43625,Eptesicus serotinus,0.007,0.022,-1,Echolocation,/mnt/ubna_data_01_mir/recover-20220825/UBNA_002/20220823_033000.WAV,Telephone Field,recover-20220825,002,1795
1137.4545,1137.462,26328,37082,Eptesicus serotinus,0.008,0.023,-1,Echolocation,/mnt/ubna_data_01_mir/recover-20220825/UBNA_002/20220823_033000.WAV,Telephone Field,recover-20220825,002,1795
1137.4685,1137.5046,68437,81117,Rhinolophus ferrumequinum,0.021,0.021,-1,Echolocation,/mnt/ubna_data_01_mir/recover-20220825/UBNA_002/20220823_033000.WAV,Telephone Field,recover-20220825,002,1795
1137.4885,1137.5251,68437,81639,Rhinolophus ferrumequinum,0.023,0.023,-1,Echolocation,/mnt/ubna_data_01_mir/recover-20220825/UBNA_002/20220823_033000.WAV,Telephone Field,recover-20220825,002,1795
1137.5125,1137.5204,27187,38679,Eptesicus serotinus,0.008,0.027,-1,Echolocation,/mnt/ubna_data_01_mir/recover-20220825/UBNA_002/20220823_033000.WAV,Telephone Field,recover-20220825,002,1795
1137.5775,1137.6153,68437,82195,Rhinolophus ferrumequinum,0.025,0.025,-1,Echolocation,/mnt/ubna_data_01_mir/recover-20220825/UBNA_002/20220823_033000.WAV,Telephone Field,recover-20220825,002,1795
1137.5835,1137.5931,24609,32184,Nyctalus leisleri,0.007,0.022,-1,Echolocation,/mnt/ubna_data_01_mir/recover-20220825/UBNA_002/20220823_033000.WAV,Telephone Field,recover-20220825,002,1795
1137.6025,1137.6403,68437,81464,Rhinolophus ferrumequinum,0.021,0.021,-1,Echolocation,/mnt/ubna_data_01_mir/recover-20220825/UBNA_002/20220823_033000.WAV,Telephone Field,recover-20220825,002,1795
1137.6035,1137.6128,27187,37662,Eptesicus serotinus,0.01,0.022,-1,Echolocation,/mnt/ubna_data_01_mir/recover-20220825/UBNA_002/20220823_033000.WAV,Telephone Field,recover-20220825,002,1795
1137.6365,1137.6447,27187,37642,Eptesicus serotinus,0.008,0.023,-1,Echolocation,/mnt/ubna_data_01_mir/recover-20220825/UBNA_002/20220823_033000.WAV,Telephone Field,recover-20220825,002,1795
1137.6775,1137.6876,28906,36537,Eptesicus serotinus,0.008,0.022,-1,Echolocation,/mnt/ubna_data_01_mir/recover-20220825/UBNA_002/20220823_033000.WAV,Telephone Field,recover-20220825,002,1795
1137.6955,1137.7057,25468,32305,Eptesicus serotinus,0.011,0.028,-1,Echolocation,/mnt/ubna_data_01_mir/recover-20220825/UBNA_002/20220823_033000.WAV,Telephone Field,recover-20220825,002,1795
1137.7045,1137.741,68437,81965,Rhinolophus ferrumequinum,0.022,0.022,-1,Echolocation,/mnt/ubna_data_01_mir/recover-20220825/UBNA_002/20220823_033000.WAV,Telephone Field,recover-20220825,002,1795
1137.7115,1137.7201,28046,37066,Eptesicus serotinus,0.013,0.028,-1,Echolocation,/mnt/ubna_data_01_mir/recover-20220825/UBNA_002/20220823_033000.WAV,Telephone Field,recover-20220825,002,1795
1137.7245,1137.7323,28046,37930,Eptesicus serotinus,0.007,0.022,-1,Echolocation,/mnt/ubna_data_01_mir/recover-20220825/UBNA_002/20220823_033000.WAV,Telephone Field,recover-20220825,002,1795
1137.7305,1137.7412,22890,27862,Nyctalus leisleri,0.01,0.024,-1,Echolocation,/mnt/ubna_data_01_mir/recover-20220825/UBNA_002/20220823_033000.WAV,Telephone Field,recover-20220825,002,1795
1137.7515,1137.7612,26328,33700,Eptesicus serotinus,0.011,0.025,-1,Echolocation,/mnt/ubna_data_01_mir/recover-20220825/UBNA_002/20220823_033000.WAV,Telephone Field,recover-20220825,002,1795
1137.8035,1137.8123,28046,38441,Eptesicus serotinus,0.009,0.023,-1,Echolocation,/mnt/ubna_data_01_mir/recover-20220825/UBNA_002/20220823_033000.WAV,Telephone Field,recover-20220825,002,1795
1137.8115,1137.8512,68437,81823,Rhinolophus ferrumequinum,0.023,0.023,-1,Echolocation,/mnt/ubna_data_01_mir/recover-20220825/UBNA_002/20220823_033000.WAV,Telephone Field,recover-20220825,002,1795
1137.8345,1137.8738,68437,82471,Rhinolophus ferrumequinum,0.025,0.025,-1,Echolocation,/mnt/ubna_data_01_mir/recover-20220825/UBNA_002/20220823_033000.WAV,Telephone Field,recover-20220825,002,1795
1137.8505,1137.8888,68437,82211,Rhinolophus ferrumequinum,0.026,0.026,-1,Echolocation,/mnt/ubna_data_01_mir/recover-20220825/UBNA_002/20220823_033000.WAV,Telephone Field,recover-20220825,002,1795
1137.8775,1137.9151,68437,82031,Rhinolophus ferrumequinum,0.025,0.025,-1,Echolocation,/mnt/ubna_data_01_mir/recover-20220825/UBNA_002/20220823_033000.WAV,Telephone Field,recover-20220825,002,1795
1137.9075,1137.9441,68437,81141,Rhinolophus ferrumequinum,0.022,0.022,-1,Echolocation,/mnt/ubna_data_01_mir/recover-20220825/UBNA_002/20220823_033000.WAV,Telephone Field,recover-20220825,002,1795
1137.9315,1137.9391,28046,39570,Eptesicus serotinus,0.007,0.022,-1,Echolocation,/mnt/ubna_data_01_mir/recover-20220825/UBNA_002/20220823_033000.WAV,Telephone Field,recover-20220825,002,1795
1137.9325,1137.9682,68437,81352,Rhinolophus ferrumequinum,0.024,0.024,-1,Echolocation,/mnt/ubna_data_01_mir/recover-20220825/UBNA_002/20220823_033000.WAV,Telephone Field,recover-20220825,002,1795
1137.9745,1137.9878,22031,26161,Nyctalus leisleri,0.014,0.024,-1,Echolocation,/mnt/ubna_data_01_mir/recover-20220825/UBNA_002/20220823_033000.WAV,Telephone Field,recover-20220825,002,1795
1138.0015,1138.0104,26328,35391,Nyctalus leisleri,0.007,0.025,-1,Echolocation,/mnt/ubna_data_01_mir/recover-20220825/UBNA_002/20220823_033000.WAV,Telephone Field,recover-20220825,002,1795
1138.0015,1138.0333,69296,81734,Rhinolophus ferrumequinum,0.03,0.03,-1,Echolocation,/mnt/ubna_data_01_mir/recover-20220825/UBNA_002/20220823_033000.WAV,Telephone Field,recover-20220825,002,1795
1138.0115,1138.0576,68437,83077,Rhinolophus ferrumequinum,0.024,0.024,-1,Echolocation,/mnt/ubna_data_01_mir/recover-20220825/UBNA_002/20220823_033000.WAV,Telephone Field,recover-20220825,002,1795
1138.0495,1138.0582,28046,38061,Eptesicus serotinus,0.011,0.026,-1,Echolocation,/mnt/ubna_data_01_mir/recover-20220825/UBNA_002/20220823_033000.WAV,Telephone Field,recover-20220825,002,1795
1138.0585,1138.0675,44375,48377,Pipistrellus pipistrellus,0.097,0.1,-1,Echolocation,/mnt/ubna_data_01_mir/recover-20220825/UBNA_002/20220823_033000.WAV,Telephone Field,recover-20220825,002,1795
1138.0635,1138.1028,68437,81917,Rhinolophus ferrumequinum,0.023,0.023,-1,Echolocation,/mnt/ubna_data_01_mir/recover-20220825/UBNA_002/20220823_033000.WAV,Telephone Field,recover-20220825,002,1795
1138.0745,1138.1105,68437,81251,Rhinolophus ferrumequinum,0.023,0.024,-1,Echolocation,/mnt/ubna_data_01_mir/recover-20220825/UBNA_002/20220823_033000.WAV,Telephone Field,recover-20220825,002,1795
1138.0855,1138.1237,68437,81272,Rhinolophus ferrumequinum,0.022,0.022,-1,Echolocation,/mnt/ubna_data_01_mir/recover-20220825/UBNA_002/20220823_033000.WAV,Telephone Field,recover-20220825,002,1795
1138.1005,1138.1386,68437,81704,Rhinolophus ferrumequinum,0.023,0.023,-1,Echolocation,/mnt/ubna_data_01_mir/recover-20220825/UBNA_002/20220823_033000.WAV,Telephone Field,recover-20220825,002,1795
1138.1755,1138.2156,68437,82333,Rhinolophus ferrumequinum,0.022,0.022,-1,Echolocation,/mnt/ubna_data_01_mir/recover-20220825/UBNA_002/20220823_033000.WAV,Telephone Field,recover-20220825,002,1795
1138.1855,1138.2259,68437,82822,Rhinolophus ferrumequinum,0.023,0.023,-1,Echolocation,/mnt/ubna_data_01_mir/recover-20220825/UBNA_002/20220823_033000.WAV,Telephone Field,recover-20220825,002,1795
1138.2025,1138.2122,24609,31963,Eptesicus serotinus,0.008,0.022,-1,Echolocation,/mnt/ubna_data_01_mir/recover-20220825/UBNA_002/20220823_033000.WAV,Telephone Field,recover-20220825,002,1795
1138.2365,1138.2508,22031,26012,Nyctalus leisleri,0.016,0.028,-1,Echolocation,/mnt/ubna_data_01_mir/recover-20220825/UBNA_002/20220823_033000.WAV,Telephone Field,recover-20220825,002,1795
1138.2395,1138.2775,68437,81927,Rhinolophus ferrumequinum,0.023,0.023,-1,Echolocation,/mnt/ubna_data_01_mir/recover-20220825/UBNA_002/20220823_033000.WAV,Telephone Field,recover-20220825,002,1795
1138.2845,1138.3231,68437,82202,Rhinolophus ferrumequinum,0.04,0.04,-1,Echolocation,/mnt/ubna_data_01_mir/recover-20220825/UBNA_002/20220823_033000.WAV,Telephone Field,recover-20220825,002,1795
1138.3095,1138.3219,22890,27187,Nyctalus leisleri,0.014,0.026,-1,Echolocation,/mnt/ubna_data_01_mir/recover-20220825/UBNA_002/20220823_033000.WAV,Telephone Field,recover-20220825,002,1795
1138.3135,1138.3487,68437,81761,Rhinolophus ferrumequinum,0.022,0.022,-1,Echolocation,/mnt/ubna_data_01_mir/recover-20220825/UBNA_002/20220823_033000.WAV,Telephone Field,recover-20220825,002,1795
1138.3245,1138.3316,27187,40753,Eptesicus serotinus,0.006,0.022,-1,Echolocation,/mnt/ubna_data_01_mir/recover-20220825/UBNA_002/20220823_033000.WAV,Telephone Field,recover-20220825,002,1795
1138.3345,1138.3751,68437,82376,Rhinolophus ferrumequinum,0.024,0.024,-1,Echolocation,/mnt/ubna_data_01_mir/recover-20220825/UBNA_002/20220823_033000.WAV,Telephone Field,recover-20220825,002,1795
1138.3415,1138.3809,68437,82116,Rhinolophus ferrumequinum,0.026,0.026,-1,Echolocation,/mnt/ubna_data_01_mir/recover-20220825/UBNA_002/20220823_033000.WAV,Telephone Field,recover-20220825,002,1795
1138.3485,1138.3574,24609,33221,Eptesicus serotinus,0.007,0.022,-1,Echolocation,/mnt/ubna_data_01_mir/recover-20220825/UBNA_002/20220823_033000.WAV,Telephone Field,recover-20220825,002,1795
1138.3865,1138.426,68437,82531,Rhinolophus ferrumequinum,0.022,0.022,-1,Echolocation,/mnt/ubna_data_01_mir/recover-20220825/UBNA_002/20220823_033000.WAV,Telephone Field,recover-20220825,002,1795
1138.3935,1138.4348,68437,82448,Rhinolophus ferrumequinum,0.021,0.021,-1,Echolocation,/mnt/ubna_data_01_mir/recover-20220825/UBNA_002/20220823_033000.WAV,Telephone Field,recover-20220825,002,1795
1138.4245,1138.4622,68437,81455,Rhinolophus ferrumequinum,0.022,0.022,-1,Echolocation,/mnt/ubna_data_01_mir/recover-20220825/UBNA_002/20220823_033000.WAV,Telephone Field,recover-20220825,002,1795
1138.4335,1138.4415,28046,39106,Eptesicus serotinus,0.007,0.021,-1,Echolocation,/mnt/ubna_data_01_mir/recover-20220825/UBNA_002/20220823_033000.WAV,Telephone Field,recover-20220825,002,1795
1138.4345,1138.4429,23750,31781,Plecotus austriacus,0.008,0.022,-1,Echolocation,/mnt/ubna_data_01_mir/recover-20220825/UBNA_002/20220823_033000.WAV,Telephone Field,recover-20220825,002,1795
1138.4355,1138.4718,68437,81563,Rhinolophus ferrumequinum,0.023,0.023,-1,Echolocation,/mnt/ubna_data_01_mir/recover-20220825/UBNA_002/20220823_033000.WAV,Telephone Field,recover-20220825,002,1795
1138.4755,1138.4904,23750,29952,Nyctalus leisleri,0.021,0.05,-1,Echolocation,/mnt/ubna_data_01_mir/recover-20220825/UBNA_002/20220823_033000.WAV,Telephone Field,recover-20220825,002,1795
1138.5255,1138.5317,24609,39079,Plecotus austriacus,0.014,0.036,-1,Echolocation,/mnt/ubna_data_01_mir/recover-20220825/UBNA_002/20220823_033000.WAV,Telephone Field,recover-20220825,002,1795
1138.5395,1138.5789,68437,81984,Rhinolophus ferrumequinum,0.022,0.022,-1,Echolocation,/mnt/ubna_data_01_mir/recover-20220825/UBNA_002/20220823_033000.WAV,Telephone Field,recover-20220825,002,1795
1138.5515,1138.5646,23750,29503,Nyctalus leisleri,0.013,0.029,-1,Echolocation,/mnt/ubna_data_01_mir/recover-20220825/UBNA_002/20220823_033000.WAV,Telephone Field,recover-20220825,002,1795
1138.5555,1138.5964,68437,83135,Rhinolophus ferrumequinum,0.024,0.024,-1,Echolocation,/mnt/ubna_data_01_mir/recover-20220825/UBNA_002/20220823_033000.WAV,Telephone Field,recover-20220825,002,1795
1138.5735,1138.5827,25468,34070,Eptesicus serotinus,0.009,0.026,-1,Echolocation,/mnt/ubna_data_01_mir/recover-20220825/UBNA_002/20220823_033000.WAV,Telephone Field,recover-20220825,002,1795
1138.5975,1138.6418,68437,83948,Rhinolophus ferrumequinum,0.032,0.032,-1,Echolocation,/mnt/ubna_data_01_mir/recover-20220825/UBNA_002/20220823_033000.WAV,Telephone Field,recover-20220825,002,1795
1138.6355,1138.6486,22031,26280,Nyctalus leisleri,0.014,0.026,-1,Echolocation,/mnt/ubna_data_01_mir/recover-20220825/UBNA_002/20220823_033000.WAV,Telephone Field,recover-20220825,002,1795
1138.6605,1138.7017,68437,83082,Rhinolophus ferrumequinum,0.022,0.022,-1,Echolocation,/mnt/ubna_data_01_mir/recover-20220825/UBNA_002/20220823_033000.WAV,Telephone Field,recover-20220825,002,1795
1138.6935,1138.733,68437,82341,Rhinolophus ferrumequinum,0.022,0.022,-1,Echolocation,/mnt/ubna_data_01_mir/recover-20220825/UBNA_002/20220823_033000.WAV,Telephone Field,recover-20220825,002,1795
1138.7045,1138.7444,68437,82790,Rhinolophus ferrumequinum,0.025,0.025,-1,Echolocation,/mnt/ubna_data_01_mir/recover-20220825/UBNA_002/20220823_033000.WAV,Telephone Field,recover-20220825,002,1795
1138.7165,1138.7555,68437,82585,Rhinolophus ferrumequinum,0.023,0.023,-1,Echolocation,/mnt/ubna_data_01_mir/recover-20220825/UBNA_002/20220823_033000.WAV,Telephone Field,recover-20220825,002,1795
1138.7795,1138.8153,68437,81100,Rhinolophus ferrumequinum,0.022,0.023,-1,Echolocation,/mnt/ubna_data_01_mir/recover-20220825/UBNA_002/20220823_033000.WAV,Telephone Field,recover-20220825,002,1795
1138.8065,1138.8139,28046,40391,Eptesicus serotinus,0.007,0.024,-1,Echolocation,/mnt/ubna_data_01_mir/recover-20220825/UBNA_002/20220823_033000.WAV,Telephone Field,recover-20220825,002,1795
1138.8305,1138.8666,68437,81480,Rhinolophus ferrumequinum,0.024,0.024,-1,Echolocation,/mnt/ubna_data_01_mir/recover-20220825/UBNA_002/20220823_033000.WAV,Telephone Field,recover-20220825,002,1795
1138.8455,1138.8527,32343,42921,Myotis daubentonii,0.008,0.022,-1,Echolocation,/mnt/ubna_data_01_mir/recover-20220825/UBNA_002/20220823_033000.WAV,Telephone Field,recover-20220825,002,1795
1138.8475,1138.8556,28046,38455,Eptesicus serotinus,0.008,0.024,-1,Echolocation,/mnt/ubna_data_01_mir/recover-20220825/UBNA_002/20220823_033000.WAV,Telephone Field,recover-20220825,002,1795
1138.8965,1138.9038,24609,37767,Myotis nattereri,0.006,0.022,-1,Echolocation,/mnt/ubna_data_01_mir/recover-20220825/UBNA_002/20220823_033000.WAV,Telephone Field,recover-20220825,002,1795
1138.9225,1138.9598,68437,81608,Rhinolophus ferrumequinum,0.025,0.025,-1,Echolocation,/mnt/ubna_data_01_mir/recover-20220825/UBNA_002/20220823_033000.WAV,Telephone Field,recover-20220825,002,1795
1138.9655,1139.0031,68437,82414,Rhinolophus ferrumequinum,0.022,0.022,-1,Echolocation,/mnt/ubna_data_01_mir/recover-20220825/UBNA_002/20220823_033000.WAV,Telephone Field,recover-20220825,002,1795
1138.9925,1139.0303,68437,81795,Rhinolophus ferrumequinum,0.022,0.022,-1,Echolocation,/mnt/ubna_data_01_mir/recover-20220825/UBNA_002/20220823_033000.WAV,Telephone Field,recover-20220825,002,1795
1139.0215,1139.0584,68437,82180,Rhinolophus ferrumequinum,0.024,0.024,-1,Echolocation,/mnt/ubna_data_01_mir/recover-20220825/UBNA_002/20220823_033000.WAV,Telephone Field,recover-20220825,002,1795
1139.0625,1139.0733,23750,30997,Nyctalus leisleri,0.012,0.032,-1,Echolocation,/mnt/ubna_data_01_mir/recover-20220825/UBNA_002/20220823_033000.WAV,Telephone Field,recover-20220825,002,1795
1139.0715,1139.1106,68437,82550,Rhinolophus ferrumequinum,0.022,0.022,-1,Echolocation,/mnt/ubna_data_01_mir/recover-20220825/UBNA_002/20220823_033000.WAV,Telephone Field,recover-20220825,002,1795
1139.0825,1139.0915,28046,37554,Eptesicus serotinus,0.01,0.026,-1,Echolocation,/mnt/ubna_data_01_mir/recover-20220825/UBNA_002/20220823_033000.WAV,Telephone Field,recover-20220825,002,1795
1139.0955,1139.1353,68437,82347,Rhinolophus ferrumequinum,0.025,0.025,-1,Echolocation,/mnt/ubna_data_01_mir/recover-20220825/UBNA_002/20220823_033000.WAV,Telephone Field,recover-20220825,002,1795
1139.1115,1139.1199,28906,37391,Eptesicus serotinus,0.01,0.026,-1,Echolocation,/mnt/ubna_data_01_mir/recover-20220825/UBNA_002/20220823_033000.WAV,Telephone Field,recover-20220825,002,1795
1139.1715,1139.1882,30625,36593,Eptesicus serotinus,0.022,0.039,-1,Echolocation,/mnt/ubna_data_01_mir/recover-20220825/UBNA_002/20220823_033000.WAV,Telephone Field,recover-20220825,002,1795
1139.2105,1139.2493,68437,81938,Rhinolophus ferrumequinum,0.025,0.025,-1,Echolocation,/mnt/ubna_data_01_mir/recover-20220825/UBNA_002/20220823_033000.WAV,Telephone Field,recover-20220825,002,1795
1139.2165,1139.2532,68437,81332,Rhinolophus ferrumequinum,0.024,0.024,-1,Echolocation,/mnt/ubna_data_01_mir/recover-20220825/UBNA_002/20220823_033000.WAV,Telephone Field,recover-20220825,002,1795
1139.2485,1139.2588,22890,28068,Nyctalus leisleri,0.01,0.022,-1,Echolocation,/mnt/ubna_data_01_mir/recover-20220825/UBNA_002/20220823_033000.WAV,Telephone Field,recover-20220825,002,1795
1139.2815,1139.3221,68437,82880,Rhinolophus ferrumequinum,0.023,0.023,-1,Echolocation,/mnt/ubna_data_01_mir/recover-20220825/UBNA_002/20220823_033000.WAV,Telephone Field,recover-20220825,002,1795
1139.3095,1139.3449,68437,80521,Rhinolophus ferrumequinum,0.022,0.022,-1,Echolocation,/mnt/ubna_data_01_mir/recover-20220825/UBNA_002/20220823_033000.WAV,Telephone Field,recover-20220825,002,1795
1139.3155,1139.324,28046,38217,Eptesicus serotinus,0.008,0.022,-1,Echolocation,/mnt/ubna_data_01_mir/recover-20220825/UBNA_002/20220823_033000.WAV,Telephone Field,recover-20220825,002,1795
1139.3635,1139.3996,68437,81676,Rhinolophus ferrumequinum,0.024,0.024,-1,Echolocation,/mnt/ubna_data_01_mir/recover-20220825/UBNA_002/20220823_033000.WAV,Telephone Field,recover-20220825,002,1795
1139.3785,1139.3856,28046,40144,Eptesicus serotinus,0.006,0.022,-1,Echolocation,/mnt/ubna_data_01_mir/recover-20220825/UBNA_002/20220823_033000.WAV,Telephone Field,recover-20220825,002,1795
1139.3895,1139.4286,68437,82007,Rhinolophus ferrumequinum,0.027,0.027,-1,Echolocation,/mnt/ubna_data_01_mir/recover-20220825/UBNA_002/20220823_033000.WAV,Telephone Field,recover-20220825,002,1795
1139.3985,1139.4415,68437,83248,Rhinolophus ferrumequinum,0.027,0.027,-1,Echolocation,/mnt/ubna_data_01_mir/recover-20220825/UBNA_002/20220823_033000.WAV,Telephone Field,recover-20220825,002,1795
1139.4425,1139.4817,68437,82184,Rhinolophus ferrumequinum,0.023,0.023,-1,Echolocation,/mnt/ubna_data_01_mir/recover-20220825/UBNA_002/20220823_033000.WAV,Telephone Field,recover-20220825,002,1795
1139.4525,1139.4911,68437,82042,Rhinolophus ferrumequinum,0.022,0.022,-1,Echolocation,/mnt/ubna_data_01_mir/recover-20220825/UBNA_002/20220823_033000.WAV,Telephone Field,recover-20220825,002,1795
1139.4595,1139.497,68437,81713,Rhinolophus ferrumequinum,0.022,0.022,-1,Echolocation,/mnt/ubna_data_01_mir/recover-20220825/UBNA_002/20220823_033000.WAV,Telephone Field,recover-20220825,002,1795
1139.4715,1139.5084,68437,81498,Rhinolophus ferrumequinum,0.021,0.021,-1,Echolocation,/mnt/ubna_data_01_mir/recover-20220825/UBNA_002/20220823_033000.WAV,Telephone Field,recover-20220825,002,1795
1139.5295,1139.54,26328,34290,Eptesicus serotinus,0.011,0.022,-1,Echolocation,/mnt/ubna_data_01_mir/recover-20220825/UBNA_002/20220823_033000.WAV,Telephone Field,recover-20220825,002,1795
1139.5425,1139.5495,23750,32361,Plecotus austriacus,0.012,0.026,-1,Echolocation,/mnt/ubna_data_01_mir/recover-20220825/UBNA_002/20220823_033000.WAV,Telephone Field,recover-20220825,002,1795
1139.5565,1139.5943,68437,82191,Rhinolophus ferrumequinum,0.023,0.023,-1,Echolocation,/mnt/ubna_data_01_mir/recover-20220825/UBNA_002/20220823_033000.WAV,Telephone Field,recover-20220825,002,1795
1139.5825,1139.6194,68437,81738,Rhinolophus ferrumequinum,0.021,0.021,-1,Echolocation,/mnt/ubna_data_01_mir/recover-20220825/UBNA_002/20220823_033000.WAV,Telephone Field,recover-20220825,002,1795
1139.6115,1139.6509,68437,82865,Rhinolophus ferrumequinum,0.029,0.029,-1,Echolocation,/mnt/ubna_data_01_mir/recover-20220825/UBNA_002/20220823_033000.WAV,Telephone Field,recover-20220825,002,1795
1139.6145,1139.6223,28906,39222,Eptesicus serotinus,0.007,0.024,-1,Echolocation,/mnt/ubna_data_01_mir/recover-20220825/UBNA_002/20220823_033000.WAV,Telephone Field,recover-20220825,002,1795
1139.6255,1139.6361,53828,57640,Pipistrellus pygmaeus,0.02,0.023,-1,Echolocation,/mnt/ubna_data_01_mir/recover-20220825/UBNA_002/20220823_033000.WAV,Telephone Field,recover-20220825,002,1795
1139.6435,1139.662,19453,22016,Nyctalus leisleri,0.014,0.025,-1,Echolocation,/mnt/ubna_data_01_mir/recover-20220825/UBNA_002/20220823_033000.WAV,Telephone Field,recover-20220825,002,1795
1139.7065,1139.7457,68437,82497,Rhinolophus ferrumequinum,0.023,0.023,-1,Echolocation,/mnt/ubna_data_01_mir/recover-20220825/UBNA_002/20220823_033000.WAV,Telephone Field,recover-20220825,002,1795
1139.7115,1139.7192,23750,31504,Plecotus austriacus,0.009,0.022,-1,Echolocation,/mnt/ubna_data_01_mir/recover-20220825/UBNA_002/20220823_033000.WAV,Telephone Field,recover-20220825,002,1795
1139.7225,1139.7621,68437,82203,Rhinolophus ferrumequinum,0.022,0.022,-1,Echolocation,/mnt/ubna_data_01_mir/recover-20220825/UBNA_002/20220823_033000.WAV,Telephone Field,recover-20220825,002,1795
1139.7455,1139.7839,68437,81716,Rhinolophus ferrumequinum,0.025,0.025,-1,Echolocation,/mnt/ubna_data_01_mir/recover-20220825/UBNA_002/20220823_033000.WAV,Telephone Field,recover-20220825,002,1795
1139.7665,1139.8046,68437,82168,Rhinolophus ferrumequinum,0.023,0.023,-1,Echolocation,/mnt/ubna_data_01_mir/recover-20220825/UBNA_002/20220823_033000.WAV,Telephone Field,recover-20220825,002,1795
1139.7805,1139.8192,68437,82313,Rhinolophus ferrumequinum,0.023,0.023,-1,Echolocation,/mnt/ubna_data_01_mir/recover-20220825/UBNA_002/20220823_033000.WAV,Telephone Field,recover-20220825,002,1795
1139.8125,1139.8235,28906,37410,Eptesicus serotinus,0.012,0.025,-1,Echolocation,/mnt/ubna_data_01_mir/recover-20220825/UBNA_002/20220823_033000.WAV,Telephone Field,recover-20220825,002,1795
1139.8455,1139.888,68437,82871,Rhinolophus ferrumequinum,0.024,0.024,-1,Echolocation,/mnt/ubna_data_01_mir/recover-20220825/UBNA_002/20220823_033000.WAV,Telephone Field,recover-20220825,002,1795
1139.8725,1139.9075,68437,81036,Rhinolophus ferrumequinum,0.021,0.022,-1,Echolocation,/mnt/ubna_data_01_mir/recover-20220825/UBNA_002/20220823_033000.WAV,Telephone Field,recover-20220825,002,1795
1139.8915,1139.8995,26328,36186,Eptesicus serotinus,0.01,0.025,-1,Echolocation,/mnt/ubna_data_01_mir/recover-20220825/UBNA_002/20220823_033000.WAV,Telephone Field,recover-20220825,002,1795
1139.9685,1139.9764,27187,39234,Eptesicus serotinus,0.007,0.021,-1,Echolocation,/mnt/ubna_data_01_mir/recover-20220825/UBNA_002/20220823_033000.WAV,Telephone Field,recover-20220825,002,1795
1139.9795,1139.9905,23750,29845,Nyctalus leisleri,0.009,0.023,-1,Echolocation,/mnt/ubna_data_01_mir/recover-20220825/UBNA_002/20220823_033000.WAV,Telephone Field,recover-20220825,002,1795
1139.9865,1139.9978,40078,44180,Pipistrellus nathusii,0.019,0.028,-1,Echolocation,/mnt/ubna_data_01_mir/recover-20220825/UBNA_002/20220823_033000.WAV,Telephone Field,recover-20220825,002,1795
1139.9865,1139.9946,28046,39055,Eptesicus serotinus,0.008,0.024,-1,Echolocation,/mnt/ubna_data_01_mir/recover-20220825/UBNA_002/20220823_033000.WAV,Telephone Field,recover-20220825,002,1795
1140.0015,1140.0109,22890,29441,Nyctalus leisleri,0.008,0.022,-1,Echolocation,/mnt/ubna_data_01_mir/recover-20220825/UBNA_002/20220823_033000.WAV,Telephone Field,recover-20220825,002,1795
1140.0015,1140.0328,68437,79940,Rhinolophus ferrumequinum,0.028,0.028,-1,Echolocation,/mnt/ubna_data_01_mir/recover-20220825/UBNA_002/20220823_033000.WAV,Telephone Field,recover-20220825,002,1795
1140.0075,1140.0469,68437,81490,Rhinolophus ferrumequinum,0.022,0.022,-1,Echolocation,/mnt/ubna_data_01_mir/recover-20220825/UBNA_002/20220823_033000.WAV,Telephone Field,recover-20220825,002,1795
1140.0235,1140.0623,68437,82353,Rhinolophus ferrumequinum,0.023,0.023,-1,Echolocation,/mnt/ubna_data_01_mir/recover-20220825/UBNA_002/20220823_033000.WAV,Telephone Field,recover-20220825,002,1795
1140.0365,1140.0471,22031,27106,Nyctalus leisleri,0.008,0.02,-1,Echolocation,/mnt/ubna_data_01_mir/recover-20220825/UBNA_002/20220823_033000.WAV,Telephone Field,recover-20220825,002,1795
1140.0525,1140.0926,68437,81785,Rhinolophus ferrumequinum,0.021,0.021,-1,Echolocation,/mnt/ubna_data_01_mir/recover-20220825/UBNA_002/20220823_033000.WAV,Telephone Field,recover-20220825,002,1795
1140.0635,1140.0713,27187,37561,Eptesicus serotinus,0.007,0.022,-1,Echolocation,/mnt/ubna_data_01_mir/recover-20220825/UBNA_002/20220823_033000.WAV,Telephone Field,recover-20220825,002,1795
1140.1025,1140.1393,68437,82043,Rhinolophus ferrumequinum,0.022,0.022,-1,Echolocation,/mnt/ubna_data_01_mir/recover-20220825/UBNA_002/20220823_033000.WAV,Telephone Field,recover-20220825,002,1795
1140.1125,1140.1245,22031,26228,Nyctalus leisleri,0.01,0.02,-1,Echolocation,/mnt/ubna_data_01_mir/recover-20220825/UBNA_002/20220823_033000.WAV,Telephone Field,recover-20220825,002,1795
1140.1395,1140.1793,68437,82772,Rhinolophus ferrumequinum,0.023,0.023,-1,Echolocation,/mnt/ubna_data_01_mir/recover-20220825/UBNA_002/20220823_033000.WAV,Telephone Field,recover-20220825,002,1795
1140.2035,1140.2136,22031,27468,Nyctalus leisleri,0.008,0.02,-1,Echolocation,/mnt/ubna_data_01_mir/recover-20220825/UBNA_002/20220823_033000.WAV,Telephone Field,recover-20220825,002,1795
1140.2065,1140.2137,27187,37797,Eptesicus serotinus,0.006,0.021,-1,Echolocation,/mnt/ubna_data_01_mir/recover-20220825/UBNA_002/20220823_033000.WAV,Telephone Field,recover-20220825,002,1795
1140.2245,1140.2352,22890,27595,Nyctalus leisleri,0.013,0.025,-1,Echolocation,/mnt/ubna_data_01_mir/recover-20220825/UBNA_002/20220823_033000.WAV,Telephone Field,recover-20220825,002,1795
1140.2315,1140.2743,68437,83184,Rhinolophus ferrumequinum,0.027,0.027,-1,Echolocation,/mnt/ubna_data_01_mir/recover-20220825/UBNA_002/20220823_033000.WAV,Telephone Field,recover-20220825,002,1795
1140.2335,1140.2547,18593,21080,Nyctalus leisleri,0.012,0.024,-1,Echolocation,/mnt/ubna_data_01_mir/recover-20220825/UBNA_002/20220823_033000.WAV,Telephone Field,recover-20220825,002,1795
1140.2435,1140.2792,68437,81880,Rhinolophus ferrumequinum,0.022,0.022,-1,Echolocation,/mnt/ubna_data_01_mir/recover-20220825/UBNA_002/20220823_033000.WAV,Telephone Field,recover-20220825,002,1795
1140.2495,1140.2563,24609,35374,Plecotus austriacus,0.012,0.028,-1,Echolocation,/mnt/ubna_data_01_mir/recover-20220825/UBNA_002/20220823_033000.WAV,Telephone Field,recover-20220825,002,1795
1140.2615,1140.2994,68437,82316,Rhinolophus ferrumequinum,0.02,0.02,-1,Echolocation,/mnt/ubna_data_01_mir/recover-20220825/UBNA_002/20220823_033000.WAV,Telephone Field,recover-20220825,002,1795
1140.2685,1140.3043,68437,81863,Rhinolophus ferrumequinum,0.02,0.02,-1,Echolocation,/mnt/ubna_data_01_mir/recover-20220825/UBNA_002/20220823_033000.WAV,Telephone Field,recover-20220825,002,1795
1140.2795,1140.3167,68437,81748,Rhinolophus ferrumequinum,0.02,0.02,-1,Echolocation,/mnt/ubna_data_01_mir/recover-20220825/UBNA_002/20220823_033000.WAV,Telephone Field,recover-20220825,002,1795
1140.2885,1140.3012,22890,26910,Nyctalus leisleri,0.014,0.025,-1,Echolocation,/mnt/ubna_data_01_mir/recover-20220825/UBNA_002/20220823_033000.WAV,Telephone Field,recover-20220825,002,1795
1140.3065,1140.3161,50390,55051,Pipistrellus pipistrellus,0.016,0.022,-1,Echolocation,/mnt/ubna_data_01_mir/recover-20220825/UBNA_002/20220823_033000.WAV,Telephone Field,recover-20220825,002,1795
1140.3435,1140.3845,68437,81978,Rhinolophus ferrumequinum,0.025,0.025,-1,Echolocation,/mnt/ubna_data_01_mir/recover-20220825/UBNA_002/20220823_033000.WAV,Telephone Field,recover-20220825,002,1795
1140.3515,1140.3589,23750,32897,Plecotus austriacus,0.015,0.028,-1,Echolocation,/mnt/ubna_data_01_mir/recover-20220825/UBNA_002/20220823_033000.WAV,Telephone Field,recover-20220825,002,1795
1140.3935,1140.402,28046,40390,Eptesicus serotinus,0.008,0.022,-1,Echolocation,/mnt/ubna_data_01_mir/recover-20220825/UBNA_002/20220823_033000.WAV,Telephone Field,recover-20220825,002,1795
1140.4035,1140.4446,68437,82382,Rhinolophus ferrumequinum,0.022,0.022,-1,Echolocation,/mnt/ubna_data_01_mir/recover-20220825/UBNA_002/20220823_033000.WAV,Telephone Field,recover-20220825,002,1795
1140.4235,1140.4318,28046,37325,Eptesicus serotinus,0.012,0.027,-1,Echolocation,/mnt/ubna_data_01_mir/recover-20220825/UBNA_002/20220823_033000.WAV,Telephone Field,recover-20220825,002,1795
1140.4345,1140.4455,40078,45949,Pipistrellus nathusii,0.014,0.024,-1,Echolocation,/mnt/ubna_data_01_mir/recover-20220825/UBNA_002/20220823_033000.WAV,Telephone Field,recover-20220825,002,1795
1140.4515,1140.4902,68437,82131,Rhinolophus ferrumequinum,0.02,0.02,-1,Echolocation,/mnt/ubna_data_01_mir/recover-20220825/UBNA_002/20220823_033000.WAV,Telephone Field,recover-20220825,002,1795
1140.4745,1140.4866,22890,27922,Nyctalus leisleri,0.015,0.031,-1,Echolocation,/mnt/ubna_data_01_mir/recover-20220825/UBNA_002/20220823_033000.WAV,Telephone Field,recover-20220825,002,1795
1140.4845,1140.5238,68437,82495,Rhinolophus ferrumequinum,0.026,0.026,-1,Echolocation,/mnt/ubna_data_01_mir/recover-20220825/UBNA_002/20220823_033000.WAV,Telephone Field,recover-20220825,002,1795
1140.4955,1140.5038,27187,37544,Eptesicus serotinus,0.008,0.022,-1,Echolocation,/mnt/ubna_data_01_mir/recover-20220825/UBNA_002/20220823_033000.WAV,Telephone Field,recover-20220825,002,1795
1140.5125,1140.518,49531,58776,Pipistrellus pipistrellus,0.019,0.023,-1,Echolocation,/mnt/ubna_data_01_mir/recover-20220825/UBNA_002/20220823_033000.WAV,Telephone Field,recover-20220825,002,1795
1140.5345,1140.5422,28046,40573,Eptesicus serotinus,0.008,0.023,-1,Echolocation,/mnt/ubna_data_01_mir/recover-20220825/UBNA_002/20220823_033000.WAV,Telephone Field,recover-20220825,002,1795
1140.5775,1140.5875,28906,36652,Eptesicus serotinus,0.008,0.02,-1,Echolocation,/mnt/ubna_data_01_mir/recover-20220825/UBNA_002/20220823_033000.WAV,Telephone Field,recover-20220825,002,1795
1140.5785,1140.6194,68437,82170,Rhinolophus ferrumequinum,0.025,0.025,-1,Echolocation,/mnt/ubna_data_01_mir/recover-20220825/UBNA_002/20220823_033000.WAV,Telephone Field,recover-20220825,002,1795
1140.6325,1140.6719,68437,82154,Rhinolophus ferrumequinum,0.021,0.021,-1,Echolocation,/mnt/ubna_data_01_mir/recover-20220825/UBNA_002/20220823_033000.WAV,Telephone Field,recover-20220825,002,1795
1140.6545,1140.6598,37500,59893,Myotis brandtii,0.008,0.022,-1,Echolocation,/mnt/ubna_data_01_mir/recover-20220825/UBNA_002/20220823_033000.WAV,Telephone Field,recover-20220825,002,1795
1140.6545,1140.6609,46953,54075,Pipistrellus pipistrellus,0.02,0.024,-1,Echolocation,/mnt/ubna_data_01_mir/recover-20220825/UBNA_002/20220823_033000.WAV,Telephone Field,recover-20220825,002,1795
1140.6805,1140.69,26328,33926,Eptesicus serotinus,0.012,0.03,-1,Echolocation,/mnt/ubna_data_01_mir/recover-20220825/UBNA_002/20220823_033000.WAV,Telephone Field,recover-20220825,002,1795
1140.6925,1140.7308,68437,82402,Rhinolophus ferrumequinum,0.02,0.02,-1,Echolocation,/mnt/ubna_data_01_mir/recover-20220825/UBNA_002/20220823_033000.WAV,Telephone Field,recover-20220825,002,1795
1140.7375,1140.7776,68437,82590,Rhinolophus ferrumequinum,0.021,0.021,-1,Echolocation,/mnt/ubna_data_01_mir/recover-20220825/UBNA_002/20220823_033000.WAV,Telephone Field,recover-20220825,002,1795
1140.7485,1140.7598,54687,58992,Pipistrellus pygmaeus,0.021,0.023,-1,Echolocation,/mnt/ubna_data_01_mir/recover-20220825/UBNA_002/20220823_033000.WAV,Telephone Field,recover-20220825,002,1795
1140.7565,1140.7937,68437,82116,Rhinolophus ferrumequinum,0.026,0.026,-1,Echolocation,/mnt/ubna_data_01_mir/recover-20220825/UBNA_002/20220823_033000.WAV,Telephone Field,recover-20220825,002,1795
1140.7725,1140.783,23750,29032,Nyctalus leisleri,0.011,0.023,-1,Echolocation,/mnt/ubna_data_01_mir/recover-20220825/UBNA_002/20220823_033000.WAV,Telephone Field,recover-20220825,002,1795
1140.7745,1140.8117,68437,81623,Rhinolophus ferrumequinum,0.021,0.021,-1,Echolocation,/mnt/ubna_data_01_mir/recover-20220825/UBNA_002/20220823_033000.WAV,Telephone Field,recover-20220825,002,1795
1140.7845,1140.7948,22890,28160,Nyctalus leisleri,0.009,0.02,-1,Echolocation,/mnt/ubna_data_01_mir/recover-20220825/UBNA_002/20220823_033000.WAV,Telephone Field,recover-20220825,002,1795
1140.7925,1140.8032,22031,26339,Nyctalus leisleri,0.011,0.021,-1,Echolocation,/mnt/ubna_data_01_mir/recover-20220825/UBNA_002/20220823_033000.WAV,Telephone Field,recover-20220825,002,1795
1140.7955,1140.8347,68437,82355,Rhinolophus ferrumequinum,0.022,0.022,-1,Echolocation,/mnt/ubna_data_01_mir/recover-20220825/UBNA_002/20220823_033000.WAV,Telephone Field,recover-20220825,002,1795
1140.7955,1140.8052,28046,36632,Eptesicus serotinus,0.009,0.021,-1,Echolocation,/mnt/ubna_data_01_mir/recover-20220825/UBNA_002/20220823_033000.WAV,Telephone Field,recover-20220825,002,1795
1140.8075,1140.8463,68437,82017,Rhinolophus ferrumequinum,0.02,0.02,-1,Echolocation,/mnt/ubna_data_01_mir/recover-20220825/UBNA_002/20220823_033000.WAV,Telephone Field,recover-20220825,002,1795
1140.8345,1140.8462,28046,35052,Eptesicus serotinus,0.019,0.032,-1,Echolocation,/mnt/ubna_data_01_mir/recover-20220825/UBNA_002/20220823_033000.WAV,Telephone Field,recover-20220825,002,1795
1140.8565,1140.8672,22031,26515,Nyctalus leisleri,0.011,0.022,-1,Echolocation,/mnt/ubna_data_01_mir/recover-20220825/UBNA_002/20220823_033000.WAV,Telephone Field,recover-20220825,002,1795
1140.8945,1140.9349,68437,82750,Rhinolophus ferrumequinum,0.028,0.028,-1,Echolocation,/mnt/ubna_data_01_mir/recover-20220825/UBNA_002/20220823_033000.WAV,Telephone Field,recover-20220825,002,1795
1140.9055,1140.9442,68437,82254,Rhinolophus ferrumequinum,0.021,0.021,-1,Echolocation,/mnt/ubna_data_01_mir/recover-20220825/UBNA_002/20220823_033000.WAV,Telephone Field,recover-20220825,002,1795
1140.9595,1140.9972,68437,81552,Rhinolophus ferrumequinum,0.027,0.027,-1,Echolocation,/mnt/ubna_data_01_mir/recover-20220825/UBNA_002/20220823_033000.WAV,Telephone Field,recover-20220825,002,1795
1140.9825,1140.9922,28046,39977,Eptesicus serotinus,0.008,0.021,-1,Echolocation,/mnt/ubna_data_01_mir/recover-20220825/UBNA_002/20220823_033000.WAV,Telephone Field,recover-20220825,002,1795
1141.0195,1141.0613,68437,82677,Rhinolophus ferrumequinum,0.028,0.028,-1,Echolocation,/mnt/ubna_data_01_mir/recover-20220825/UBNA_002/20220823_033000.WAV,Telephone Field,recover-20220825,002,1795
1141.0515,1141.0616,22031,26918,Nyctalus leisleri,0.009,0.022,-1,Echolocation,/mnt/ubna_data_01_mir/recover-20220825/UBNA_002/20220823_033000.WAV,Telephone Field,recover-20220825,002,1795
1141.0715,1141.08,27187,38388,Eptesicus serotinus,0.007,0.02,-1,Echolocation,/mnt/ubna_data_01_mir/recover-20220825/UBNA_002/20220823_033000.WAV,Telephone Field,recover-20220825,002,1795
1141.1125,1141.1524,68437,82433,Rhinolophus ferrumequinum,0.023,0.023,-1,Echolocation,/mnt/ubna_data_01_mir/recover-20220825/UBNA_002/20220823_033000.WAV,Telephone Field,recover-20220825,002,1795
1141.1545,1141.1639,28046,37092,Eptesicus serotinus,0.008,0.02,-1,Echolocation,/mnt/ubna_data_01_mir/recover-20220825/UBNA_002/20220823_033000.WAV,Telephone Field,recover-20220825,002,1795
1141.1985,1141.2371,68437,81970,Rhinolophus ferrumequinum,0.02,0.02,-1,Echolocation,/mnt/ubna_data_01_mir/recover-20220825/UBNA_002/20220823_033000.WAV,Telephone Field,recover-20220825,002,1795
1141.2065,1141.2463,68437,82216,Rhinolophus ferrumequinum,0.02,0.021,-1,Echolocation,/mnt/ubna_data_01_mir/recover-20220825/UBNA_002/20220823_033000.WAV,Telephone Field,recover-20220825,002,1795
1141.2075,1141.2154,28046,38929,Eptesicus serotinus,0.007,0.02,-1,Echolocation,/mnt/ubna_data_01_mir/recover-20220825/UBNA_002/20220823_033000.WAV,Telephone Field,recover-20220825,002,1795
1141.2145,1141.2542,68437,82504,Rhinolophus ferrumequinum,0.023,0.023,-1,Echolocation,/mnt/ubna_data_01_mir/recover-20220825/UBNA_002/20220823_033000.WAV,Telephone Field,recover-20220825,002,1795
1141.2715,1141.2787,27187,40396,Eptesicus serotinus,0.006,0.022,-1,Echolocation,/mnt/ubna_data_01_mir/recover-20220825/UBNA_002/20220823_033000.WAV,Telephone Field,recover-20220825,002,1795
1141.2815,1141.3228,68437,82573,Rhinolophus ferrumequinum,0.023,0.023,-1,Echolocation,/mnt/ubna_data_01_mir/recover-20220825/UBNA_002/20220823_033000.WAV,Telephone Field,recover-20220825,002,1795
1141.2865,1141.2947,27187,38396,Eptesicus serotinus,0.007,0.022,-1,Echolocation,/mnt/ubna_data_01_mir/recover-20220825/UBNA_002/20220823_033000.WAV,Telephone Field,recover-20220825,002,1795
1141.3205,1141.36,68437,81989,Rhinolophus ferrumequinum,0.02,0.02,-1,Echolocation,/mnt/ubna_data_01_mir/recover-20220825/UBNA_002/20220823_033000.WAV,Telephone Field,recover-20220825,002,1795
1141.3235,1141.3469,17734,20983,Nyctalus noctula,0.017,0.027,-1,Echolocation,/mnt/ubna_data_01_mir/recover-20220825/UBNA_002/20220823_033000.WAV,Telephone Field,recover-20220825,002,1795
1141.3365,1141.376,68437,82202,Rhinolophus ferrumequinum,0.021,0.022,-1,Echolocation,/mnt/ubna_data_01_mir/recover-20220825/UBNA_002/20220823_033000.WAV,Telephone Field,recover-20220825,002,1795
1141.3545,1141.3651,23750,29941,Nyctalus leisleri,0.011,0.026,-1,Echolocation,/mnt/ubna_data_01_mir/recover-20220825/UBNA_002/20220823_033000.WAV,Telephone Field,recover-20220825,002,1795
1141.3655,1141.4042,68437,81336,Rhinolophus ferrumequinum,0.025,0.025,-1,Echolocation,/mnt/ubna_data_01_mir/recover-20220825/UBNA_002/20220823_033000.WAV,Telephone Field,recover-20220825,002,1795
1141.3715,1141.4107,68437,82356,Rhinolophus ferrumequinum,0.024,0.024,-1,Echolocation,/mnt/ubna_data_01_mir/recover-20220825/UBNA_002/20220823_033000.WAV,Telephone Field,recover-20220825,002,1795
1141.4825,1141.5222,68437,82648,Rhinolophus ferrumequinum,0.033,0.033,-1,Echolocation,/mnt/ubna_data_01_mir/recover-20220825/UBNA_002/20220823_033000.WAV,Telephone Field,recover-20220825,002,1795
1141.5215,1141.5306,26328,34169,Eptesicus serotinus,0.008,0.024,-1,Echolocation,/mnt/ubna_data_01_mir/recover-20220825/UBNA_002/20220823_033000.WAV,Telephone Field,recover-20220825,002,1795
1141.5285,1141.568,68437,82660,Rhinolophus ferrumequinum,0.023,0.023,-1,Echolocation,/mnt/ubna_data_01_mir/recover-20220825/UBNA_002/20220823_033000.WAV,Telephone Field,recover-20220825,002,1795
1141.5525,1141.5942,68437,83091,Rhinolophus ferrumequinum,0.02,0.021,-1,Echolocation,/mnt/ubna_data_01_mir/recover-20220825/UBNA_002/20220823_033000.WAV,Telephone Field,recover-20220825,002,1795
1141.5605,1141.5971,68437,82112,Rhinolophus ferrumequinum,0.02,0.02,-1,Echolocation,/mnt/ubna_data_01_mir/recover-20220825/UBNA_002/20220823_033000.WAV,Telephone Field,recover-20220825,002,1795
1141.5665,1141.5807,15156,20064,Nyctalus noctula,0.031,0.045,-1,Echolocation,/mnt/ubna_data_01_mir/recover-20220825/UBNA_002/20220823_033000.WAV,Telephone Field,recover-20220825,002,1795
1141.6005,1141.6106,24609,33002,Eptesicus serotinus,0.006,0.021,-1,Echolocation,/mnt/ubna_data_01_mir/recover-20220825/UBNA_002/20220823_033000.WAV,Telephone Field,recover-20220825,002,1795
1141.6025,1141.6097,44375,51859,Pipistrellus pipistrellus,0.02,0.024,-1,Echolocation,/mnt/ubna_data_01_mir/recover-20220825/UBNA_002/20220823_033000.WAV,Telephone Field,recover-20220825,002,1795
1141.6105,1141.6191,28046,37205,Eptesicus serotinus,0.007,0.02,-1,Echolocation,/mnt/ubna_data_01_mir/recover-20220825/UBNA_002/20220823_033000.WAV,Telephone Field,recover-20220825,002,1795
1141.6115,1141.6501,68437,81783,Rhinolophus ferrumequinum,0.023,0.023,-1,Echolocation,/mnt/ubna_data_01_mir/recover-20220825/UBNA_002/20220823_033000.WAV,Telephone Field,recover-20220825,002,1795
1141.6195,1141.6587,68437,82119,Rhinolophus ferrumequinum,0.023,0.023,-1,Echolocation,/mnt/ubna_data_01_mir/recover-20220825/UBNA_002/20220823_033000.WAV,Telephone Field,recover-20220825,002,1795
1141.6385,1141.6478,28046,37468,Eptesicus serotinus,0.007,0.021,-1,Echolocation,/mnt/ubna_data_01_mir/recover-20220825/UBNA_002/20220823_033000.WAV,Telephone Field,recover-20220825,002,1795
1141.6745,1141.6807,24609,36742,Plecotus austriacus,0.015,0.036,-1,Echolocation,/mnt/ubna_data_01_mir/recover-20220825/UBNA_002/20220823_033000.WAV,Telephone Field,recover-20220825,002,1795
1141.7045,1141.7122,27187,37652,Eptesicus serotinus,0.008,0.024,-1,Echolocation,/mnt/ubna_data_01_mir/recover-20220825/UBNA_002/20220823_033000.WAV,Telephone Field,recover-20220825,002,1795
1141.7295,1141.7727,68437,83001,Rhinolophus ferrumequinum,0.026,0.026,-1,Echolocation,/mnt/ubna_data_01_mir/recover-20220825/UBNA_002/20220823_033000.WAV,Telephone Field,recover-20220825,002,1795
1141.7455,1141.7859,68437,82763,Rhinolophus ferrumequinum,0.021,0.021,-1,Echolocation,/mnt/ubna_data_01_mir/recover-20220825/UBNA_002/20220823_033000.WAV,Telephone Field,recover-20220825,002,1795
1141.7525,1141.7623,22890,28859,Nyctalus leisleri,0.009,0.023,-1,Echolocation,/mnt/ubna_data_01_mir/recover-20220825/UBNA_002/20220823_033000.WAV,Telephone Field,recover-20220825,002,1795
1141.8145,1141.8554,68437,83096,Rhinolophus ferrumequinum,0.033,0.033,-1,Echolocation,/mnt/ubna_data_01_mir/recover-20220825/UBNA_002/20220823_033000.WAV,Telephone Field,recover-20220825,002,1795
1141.8345,1141.8438,24609,32681,Eptesicus serotinus,0.008,0.026,-1,Echolocation,/mnt/ubna_data_01_mir/recover-20220825/UBNA_002/20220823_033000.WAV,Telephone Field,recover-20220825,002,1795
1141.8415,1141.8764,68437,80780,Rhinolophus ferrumequinum,0.025,0.025,-1,Echolocation,/mnt/ubna_data_01_mir/recover-20220825/UBNA_002/20220823_033000.WAV,Telephone Field,recover-20220825,002,1795
1141.8695,1141.8804,22890,27928,Nyctalus leisleri,0.01,0.02,-1,Echolocation,/mnt/ubna_data_01_mir/recover-20220825/UBNA_002/20220823_033000.WAV,Telephone Field,recover-20220825,002,1795
1141.8705,1141.8794,51250,56014,Pipistrellus pipistrellus,0.02,0.027,-1,Echolocation,/mnt/ubna_data_01_mir/recover-20220825/UBNA_002/20220823_033000.WAV,Telephone Field,recover-20220825,002,1795
1141.8705,1141.9087,68437,81926,Rhinolophus ferrumequinum,0.021,0.021,-1,Echolocation,/mnt/ubna_data_01_mir/recover-20220825/UBNA_002/20220823_033000.WAV,Telephone Field,recover-20220825,002,1795
1141.8985,1141.9379,68437,82199,Rhinolophus ferrumequinum,0.021,0.021,-1,Echolocation,/mnt/ubna_data_01_mir/recover-20220825/UBNA_002/20220823_033000.WAV,Telephone Field,recover-20220825,002,1795
1141.9075,1141.9159,28906,38330,Eptesicus serotinus,0.007,0.023,-1,Echolocation,/mnt/ubna_data_01_mir/recover-20220825/UBNA_002/20220823_033000.WAV,Telephone Field,recover-20220825,002,1795
1141.9315,1141.9388,28046,39359,Eptesicus serotinus,0.007,0.024,-1,Echolocation,/mnt/ubna_data_01_mir/recover-20220825/UBNA_002/20220823_033000.WAV,Telephone Field,recover-20220825,002,1795
1141.9465,1141.9832,68437,81655,Rhinolophus ferrumequinum,0.021,0.022,-1,Echolocation,/mnt/ubna_data_01_mir/recover-20220825/UBNA_002/20220823_033000.WAV,Telephone Field,recover-20220825,002,1795
1141.9535,1141.9641,22890,27704,Nyctalus leisleri,0.01,0.02,-1,Echolocation,/mnt/ubna_data_01_mir/recover-20220825/UBNA_002/20220823_033000.WAV,Telephone Field,recover-20220825,002,1795
1141.9705,1141.9809,22031,27332,Nyctalus leisleri,0.009,0.022,-1,Echolocation,/mnt/ubna_data_01_mir/recover-20220825/UBNA_002/20220823_033000.WAV,Telephone Field,recover-20220825,002,1795
1141.9865,1141.9953,26328,39085,Eptesicus serotinus,0.011,0.029,-1,Echolocation,/mnt/ubna_data_01_mir/recover-20220825/UBNA_002/20220823_033000.WAV,Telephone Field,recover-20220825,002,1795
1142.0015,1142.0111,47812,52337,Pipistrellus pipistrellus,0.027,0.035,-1,Echolocation,/mnt/ubna_data_01_mir/recover-20220825/UBNA_002/20220823_033000.WAV,Telephone Field,recover-20220825,002,1795
1142.0015,1142.0105,23750,30562,Nyctalus leisleri,0.014,0.035,-1,Echolocation,/mnt/ubna_data_01_mir/recover-20220825/UBNA_002/20220823_033000.WAV,Telephone Field,recover-20220825,002,1795
1142.0015,1142.0364,68437,79737,Rhinolophus ferrumequinum,0.029,0.03,-1,Echolocation,/mnt/ubna_data_01_mir/recover-20220825/UBNA_002/20220823_033000.WAV,Telephone Field,recover-20220825,002,1795
1142.0205,1142.0584,68437,81253,Rhinolophus ferrumequinum,0.022,0.022,-1,Echolocation,/mnt/ubna_data_01_mir/recover-20220825/UBNA_002/20220823_033000.WAV,Telephone Field,recover-20220825,002,1795
1142.0265,1142.0363,22890,29438,Nyctalus leisleri,0.009,0.025,-1,Echolocation,/mnt/ubna_data_01_mir/recover-20220825/UBNA_002/20220823_033000.WAV,Telephone Field,recover-20220825,002,1795
1142.0635,1142.0998,68437,81227,Rhinolophus ferrumequinum,0.022,0.022,-1,Echolocation,/mnt/ubna_data_01_mir/recover-20220825/UBNA_002/20220823_033000.WAV,Telephone Field,recover-20220825,002,1795
1142.0795,1142.0913,26328,32487,Eptesicus serotinus,0.009,0.021,-1,Echolocation,/mnt/ubna_data_01_mir/recover-20220825/UBNA_002/20220823_033000.WAV,Telephone Field,recover-20220825,002,1795
1142.0945,1142.1054,28906,35569,Eptesicus serotinus,0.013,0.028,-1,Echolocation,/mnt/ubna_data_01_mir/recover-20220825/UBNA_002/20220823_033000.WAV,Telephone Field,recover-20220825,002,1795
1142.1205,1142.158,68437,82033,Rhinolophus ferrumequinum,0.024,0.024,-1,Echolocation,/mnt/ubna_data_01_mir/recover-20220825/UBNA_002/20220823_033000.WAV,Telephone Field,recover-20220825,002,1795
1142.1325,1142.1415,28906,37261,Eptesicus serotinus,0.009,0.023,-1,Echolocation,/mnt/ubna_data_01_mir/recover-20220825/UBNA_002/20220823_033000.WAV,Telephone Field,recover-20220825,002,1795
1142.1555,1142.1956,68437,82623,Rhinolophus ferrumequinum,0.025,0.025,-1,Echolocation,/mnt/ubna_data_01_mir/recover-20220825/UBNA_002/20220823_033000.WAV,Telephone Field,recover-20220825,002,1795
1142.1595,1142.1695,23750,29879,Nyctalus leisleri,0.011,0.028,-1,Echolocation,/mnt/ubna_data_01_mir/recover-20220825/UBNA_002/20220823_033000.WAV,Telephone Field,recover-20220825,002,1795
1142.1835,1142.2211,68437,82801,Rhinolophus ferrumequinum,0.025,0.025,-1,Echolocation,/mnt/ubna_data_01_mir/recover-20220825/UBNA_002/20220823_033000.WAV,Telephone Field,recover-20220825,002,1795
1142.2155,1142.2521,68437,81204,Rhinolophus ferrumequinum,0.022,0.022,-1,Echolocation,/mnt/ubna_data_01_mir/recover-20220825/UBNA_002/20220823_033000.WAV,Telephone Field,recover-20220825,002,1795
1142.2245,1142.263,68437,82078,Rhinolophus ferrumequinum,0.03,0.031,-1,Echolocation,/mnt/ubna_data_01_mir/recover-20220825/UBNA_002/20220823_033000.WAV,Telephone Field,recover-20220825,002,1795
1142.2535,1142.2616,27187,37751,Eptesicus serotinus,0.007,0.022,-1,Echolocation,/mnt/ubna_data_01_mir/recover-20220825/UBNA_002/20220823_033000.WAV,Telephone Field,recover-20220825,002,1795
1142.2835,1142.3221,68437,81809,Rhinolophus ferrumequinum,0.024,0.024,-1,Echolocation,/mnt/ubna_data_01_mir/recover-20220825/UBNA_002/20220823_033000.WAV,Telephone Field,recover-20220825,002,1795
1142.3165,1142.3529,68437,80659,Rhinolophus ferrumequinum,0.022,0.022,-1,Echolocation,/mnt/ubna_data_01_mir/recover-20220825/UBNA_002/20220823_033000.WAV,Telephone Field,recover-20220825,002,1795
1142.3865,1142.3936,27187,40972,Eptesicus serotinus,0.006,0.023,-1,Echolocation,/mnt/ubna_data_01_mir/recover-20220825/UBNA_002/20220823_033000.WAV,Telephone Field,recover-20220825,002,1795
1142.4515,1142.4888,68437,81790,Rhinolophus ferrumequinum,0.028,0.028,-1,Echolocation,/mnt/ubna_data_01_mir/recover-20220825/UBNA_002/20220823_033000.WAV,Telephone Field,recover-20220825,002,1795
1142.4795,1142.5218,68437,83286,Rhinolophus ferrumequinum,0.033,0.033,-1,Echolocation,/mnt/ubna_data_01_mir/recover-20220825/UBNA_002/20220823_033000.WAV,Telephone Field,recover-20220825,002,1795
1142.4815,1142.4886,28046,44784,Eptesicus serotinus,0.007,0.023,-1,Echolocation,/mnt/ubna_data_01_mir/recover-20220825/UBNA_002/20220823_033000.WAV,Telephone Field,recover-20220825,002,1795
1142.5295,1142.5677,68437,82170,Rhinolophus ferrumequinum,0.024,0.024,-1,Echolocation,/mnt/ubna_data_01_mir/recover-20220825/UBNA_002/20220823_033000.WAV,Telephone Field,recover-20220825,002,1795
1142.5305,1142.5383,22890,31222,Plecotus austriacus,0.013,0.026,-1,Echolocation,/mnt/ubna_data_01_mir/recover-20220825/UBNA_002/20220823_033000.WAV,Telephone Field,recover-20220825,002,1795
1142.5815,1142.6184,68437,81902,Rhinolophus ferrumequinum,0.024,0.024,-1,Echolocation,/mnt/ubna_data_01_mir/recover-20220825/UBNA_002/20220823_033000.WAV,Telephone Field,recover-20220825,002,1795
1142.5985,1142.6362,68437,81816,Rhinolophus ferrumequinum,0.022,0.022,-1,Echolocation,/mnt/ubna_data_01_mir/recover-20220825/UBNA_002/20220823_033000.WAV,Telephone Field,recover-20220825,002,1795
1142.6445,1142.6521,28906,37765,Eptesicus serotinus,0.015,0.036,-1,Echolocation,/mnt/ubna_data_01_mir/recover-20220825/UBNA_002/20220823_033000.WAV,Telephone Field,recover-20220825,002,1795
1142.6835,1142.6936,23750,29405,Nyctalus leisleri,0.01,0.023,-1,Echolocation,/mnt/ubna_data_01_mir/recover-20220825/UBNA_002/20220823_033000.WAV,Telephone Field,recover-20220825,002,1795
1142.6875,1142.723,68437,81917,Rhinolophus ferrumequinum,0.022,0.022,-1,Echolocation,/mnt/ubna_data_01_mir/recover-20220825/UBNA_002/20220823_033000.WAV,Telephone Field,recover-20220825,002,1795
1142.7095,1142.7464,68437,82201,Rhinolophus ferrumequinum,0.023,0.024,-1,Echolocation,/mnt/ubna_data_01_mir/recover-20220825/UBNA_002/20220823_033000.WAV,Telephone Field,recover-20220825,002,1795
1142.7355,1142.7747,68437,82345,Rhinolophus ferrumequinum,0.033,0.033,-1,Echolocation,/mnt/ubna_data_01_mir/recover-20220825/UBNA_002/20220823_033000.WAV,Telephone Field,recover-20220825,002,1795
1142.7365,1142.746,22890,29730,Plecotus austriacus,0.007,0.022,-1,Echolocation,/mnt/ubna_data_01_mir/recover-20220825/UBNA_002/20220823_033000.WAV,Telephone Field,recover-20220825,002,1795
1142.7395,1142.7476,28046,37053,Eptesicus serotinus,0.006,0.021,-1,Echolocation,/mnt/ubna_data_01_mir/recover-20220825/UBNA_002/20220823_033000.WAV,Telephone Field,recover-20220825,002,1795
1142.7565,1142.7668,24609,30950,Nyctalus leisleri,0.008,0.022,-1,Echolocation,/mnt/ubna_data_01_mir/recover-20220825/UBNA_002/20220823_033000.WAV,Telephone Field,recover-20220825,002,1795
1142.7875,1142.8275,68437,82357,Rhinolophus ferrumequinum,0.026,0.026,-1,Echolocation,/mnt/ubna_data_01_mir/recover-20220825/UBNA_002/20220823_033000.WAV,Telephone Field,recover-20220825,002,1795
1142.8435,1142.8792,68437,81676,Rhinolophus ferrumequinum,0.034,0.034,-1,Echolocation,/mnt/ubna_data_01_mir/recover-20220825/UBNA_002/20220823_033000.WAV,Telephone Field,recover-20220825,002,1795
1142.8525,1142.8934,68437,83025,Rhinolophus ferrumequinum,0.032,0.032,-1,Echolocation,/mnt/ubna_data_01_mir/recover-20220825/UBNA_002/20220823_033000.WAV,Telephone Field,recover-20220825,002,1795
1142.8735,1142.909,68437,81315,Rhinolophus ferrumequinum,0.022,0.022,-1,Echolocation,/mnt/ubna_data_01_mir/recover-20220825/UBNA_002/20220823_033000.WAV,Telephone Field,recover-20220825,002,1795
1142.9175,1142.9277,23750,29882,Nyctalus leisleri,0.009,0.021,-1,Echolocation,/mnt/ubna_data_01_mir/recover-20220825/UBNA_002/20220823_033000.WAV,Telephone Field,recover-20220825,002,1795
1142.9205,1142.9582,68437,81605,Rhinolophus ferrumequinum,0.021,0.021,-1,Echolocation,/mnt/ubna_data_01_mir/recover-20220825/UBNA_002/20220823_033000.WAV,Telephone Field,recover-20220825,002,1795
1142.9395,1142.9767,68437,81960,Rhinolophus ferrumequinum,0.022,0.022,-1,Echolocation,/mnt/ubna_data_01_mir/recover-20220825/UBNA_002/20220823_033000.WAV,Telephone Field,recover-20220825,002,1795
1142.9455,1142.9831,68437,82563,Rhinolophus ferrumequinum,0.023,0.023,-1,Echolocation,/mnt/ubna_data_01_mir/recover-20220825/UBNA_002/20220823_033000.WAV,Telephone Field,recover-20220825,002,1795
1142.9675,1142.974,27187,40793,Eptesicus serotinus,0.006,0.024,-1,Echolocation,/mnt/ubna_data_01_mir/recover-20220825/UBNA_002/20220823_033000.WAV,Telephone Field,recover-20220825,002,1795
1142.9905,1142.9983,45234,49017,Pipistrellus pipistrellus,0.021,0.022,-1,Echolocation,/mnt/ubna_data_01_mir/recover-20220825/UBNA_002/20220823_033000.WAV,Telephone Field,recover-20220825,002,1795
1143.0705,1143.0756,32343,47832,Myotis daubentonii,0.012,0.023,-1,Echolocation,/mnt/ubna_data_01_mir/recover-20220825/UBNA_002/20220823_033000.WAV,Telephone Field,recover-20220825,002,1795
1143.0705,1143.0771,24609,41076,Myotis nattereri,0.007,0.025,-1,Echolocation,/mnt/ubna_data_01_mir/recover-20220825/UBNA_002/20220823_033000.WAV,Telephone Field,recover-20220825,002,1795
1143.1465,1143.1895,68437,83483,Rhinolophus ferrumequinum,0.031,0.031,-1,Echolocation,/mnt/ubna_data_01_mir/recover-20220825/UBNA_002/20220823_033000.WAV,Telephone Field,recover-20220825,002,1795
1143.2095,1143.2179,25468,33829,Eptesicus serotinus,0.011,0.037,-1,Echolocation,/mnt/ubna_data_01_mir/recover-20220825/UBNA_002/20220823_033000.WAV,Telephone Field,recover-20220825,002,1795
1143.2265,1143.267,68437,83052,Rhinolophus ferrumequinum,0.026,0.027,-1,Echolocation,/mnt/ubna_data_01_mir/recover-20220825/UBNA_002/20220823_033000.WAV,Telephone Field,recover-20220825,002,1795
1143.2625,1143.2687,23750,33989,Plecotus austriacus,0.02,0.038,-1,Echolocation,/mnt/ubna_data_01_mir/recover-20220825/UBNA_002/20220823_033000.WAV,Telephone Field,recover-20220825,002,1795
1143.2655,1143.3075,68437,83113,Rhinolophus ferrumequinum,0.042,0.043,-1,Echolocation,/mnt/ubna_data_01_mir/recover-20220825/UBNA_002/20220823_033000.WAV,Telephone Field,recover-20220825,002,1795
1143.3185,1143.3606,68437,82448,Rhinolophus ferrumequinum,0.028,0.028,-1,Echolocation,/mnt/ubna_data_01_mir/recover-20220825/UBNA_002/20220823_033000.WAV,Telephone Field,recover-20220825,002,1795
1143.3725,1143.4142,68437,83182,Rhinolophus ferrumequinum,0.023,0.023,-1,Echolocation,/mnt/ubna_data_01_mir/recover-20220825/UBNA_002/20220823_033000.WAV,Telephone Field,recover-20220825,002,1795
1143.3775,1143.385,27187,36609,Eptesicus serotinus,0.012,0.032,-1,Echolocation,/mnt/ubna_data_01_mir/recover-20220825/UBNA_002/20220823_033000.WAV,Telephone Field,recover-20220825,002,1795
1143.3995,1143.4099,22031,26605,Nyctalus leisleri,0.011,0.021,-1,Echolocation,/mnt/ubna_data_01_mir/recover-20220825/UBNA_002/20220823_033000.WAV,Telephone Field,recover-20220825,002,1795
1143.4245,1143.462,68437,82300,Rhinolophus ferrumequinum,0.047,0.047,-1,Echolocation,/mnt/ubna_data_01_mir/recover-20220825/UBNA_002/20220823_033000.WAV,Telephone Field,recover-20220825,002,1795
1143.4655,1143.504,68437,82666,Rhinolophus ferrumequinum,0.022,0.023,-1,Echolocation,/mnt/ubna_data_01_mir/recover-20220825/UBNA_002/20220823_033000.WAV,Telephone Field,recover-20220825,002,1795
1143.5295,1143.5672,68437,81515,Rhinolophus ferrumequinum,0.021,0.021,-1,Echolocation,/mnt/ubna_data_01_mir/recover-20220825/UBNA_002/20220823_033000.WAV,Telephone Field,recover-20220825,002,1795
1143.5575,1143.5695,28046,34890,Eptesicus serotinus,0.016,0.029,-1,Echolocation,/mnt/ubna_data_01_mir/recover-20220825/UBNA_002/20220823_033000.WAV,Telephone Field,recover-20220825,002,1795
1143.5745,1143.6135,68437,82273,Rhinolophus ferrumequinum,0.027,0.027,-1,Echolocation,/mnt/ubna_data_01_mir/recover-20220825/UBNA_002/20220823_033000.WAV,Telephone Field,recover-20220825,002,1795
1143.5835,1143.619,68437,81898,Rhinolophus ferrumequinum,0.024,0.024,-1,Echolocation,/mnt/ubna_data_01_mir/recover-20220825/UBNA_002/20220823_033000.WAV,Telephone Field,recover-20220825,002,1795
1143.5985,1143.6357,68437,82160,Rhinolophus ferrumequinum,0.021,0.021,-1,Echolocation,/mnt/ubna_data_01_mir/recover-20220825/UBNA_002/20220823_033000.WAV,Telephone Field,recover-20220825,002,1795
1143.6135,1143.6314,21171,25109,Nyctalus leisleri,0.023,0.042,-1,Echolocation,/mnt/ubna_data_01_mir/recover-20220825/UBNA_002/20220823_033000.WAV,Telephone Field,recover-20220825,002,1795
1143.6465,1143.6539,28906,38861,Eptesicus serotinus,0.006,0.022,-1,Echolocation,/mnt/ubna_data_01_mir/recover-20220825/UBNA_002/20220823_033000.WAV,Telephone Field,recover-20220825,002,1795
1143.6475,1143.6538,23750,32640,Plecotus austriacus,0.013,0.025,-1,Echolocation,/mnt/ubna_data_01_mir/recover-20220825/UBNA_002/20220823_033000.WAV,Telephone Field,recover-20220825,002,1795
1143.6605,1143.7014,68437,82470,Rhinolophus ferrumequinum,0.027,0.027,-1,Echolocation,/mnt/ubna_data_01_mir/recover-20220825/UBNA_002/20220823_033000.WAV,Telephone Field,recover-20220825,002,1795
1143.7215,1143.7299,28046,39469,Eptesicus serotinus,0.01,0.028,-1,Echolocation,/mnt/ubna_data_01_mir/recover-20220825/UBNA_002/20220823_033000.WAV,Telephone Field,recover-20220825,002,1795
1143.7595,1143.8002,68437,82695,Rhinolophus ferrumequinum,0.025,0.025,-1,Echolocation,/mnt/ubna_data_01_mir/recover-20220825/UBNA_002/20220823_033000.WAV,Telephone Field,recover-20220825,002,1795
1143.7655,1143.7719,26328,38533,Myotis nattereri,0.004,0.022,-1,Echolocation,/mnt/ubna_data_01_mir/recover-20220825/UBNA_002/20220823_033000.WAV,Telephone Field,recover-20220825,002,1795
1143.7945,1143.8289,68437,82103,Rhinolophus ferrumequinum,0.021,0.021,-1,Echolocation,/mnt/ubna_data_01_mir/recover-20220825/UBNA_002/20220823_033000.WAV,Telephone Field,recover-20220825,002,1795
1143.8365,1143.8747,68437,81996,Rhinolophus ferrumequinum,0.024,0.025,-1,Echolocation,/mnt/ubna_data_01_mir/recover-20220825/UBNA_002/20220823_033000.WAV,Telephone Field,recover-20220825,002,1795
1143.8625,1143.9017,68437,82579,Rhinolophus ferrumequinum,0.028,0.028,-1,Echolocation,/mnt/ubna_data_01_mir/recover-20220825/UBNA_002/20220823_033000.WAV,Telephone Field,recover-20220825,002,1795
1143.9045,1143.9431,68437,82291,Rhinolophus ferrumequinum,0.023,0.023,-1,Echolocation,/mnt/ubna_data_01_mir/recover-20220825/UBNA_002/20220823_033000.WAV,Telephone Field,recover-20220825,002,1795
1143.9115,1143.9188,27187,38287,Eptesicus serotinus,0.006,0.022,-1,Echolocation,/mnt/ubna_data_01_mir/recover-20220825/UBNA_002/20220823_033000.WAV,Telephone Field,recover-20220825,002,1795
1143.9125,1143.954,68437,82952,Rhinolophus ferrumequinum,0.023,0.023,-1,Echolocation,/mnt/ubna_data_01_mir/recover-20220825/UBNA_002/20220823_033000.WAV,Telephone Field,recover-20220825,002,1795
1143.9665,1143.9775,22890,27554,Nyctalus leisleri,0.012,0.023,-1,Echolocation,/mnt/ubna_data_01_mir/recover-20220825/UBNA_002/20220823_033000.WAV,Telephone Field,recover-20220825,002,1795
1143.9815,1143.9956,22890,27234,Nyctalus leisleri,0.016,0.027,-1,Echolocation,/mnt/ubna_data_01_mir/recover-20220825/UBNA_002/20220823_033000.WAV,Telephone Field,recover-20220825,002,1795
1144.0015,1144.0112,26328,33547,Nyctalus leisleri,0.011,0.03,-1,Echolocation,/mnt/ubna_data_01_mir/recover-20220825/UBNA_002/20220823_033000.WAV,Telephone Field,recover-20220825,002,1795
1144.0015,1144.0328,69296,80392,Rhinolophus ferrumequinum,0.039,0.039,-1,Echolocation,/mnt/ubna_data_01_mir/recover-20220825/UBNA_002/20220823_033000.WAV,Telephone Field,recover-20220825,002,1795
1144.0535,1144.0625,19453,25598,Plecotus austriacus,0.011,0.025,-1,Echolocation,/mnt/ubna_data_01_mir/recover-20220825/UBNA_002/20220823_033000.WAV,Telephone Field,recover-20220825,002,1795
1144.0595,1144.0979,68437,81984,Rhinolophus ferrumequinum,0.027,0.027,-1,Echolocation,/mnt/ubna_data_01_mir/recover-20220825/UBNA_002/20220823_033000.WAV,Telephone Field,recover-20220825,002,1795
1144.0885,1144.0964,26328,35771,Eptesicus serotinus,0.011,0.028,-1,Echolocation,/mnt/ubna_data_01_mir/recover-20220825/UBNA_002/20220823_033000.WAV,Telephone Field,recover-20220825,002,1795
1144.1365,1144.1749,68437,80989,Rhinolophus ferrumequinum,0.024,0.024,-1,Echolocation,/mnt/ubna_data_01_mir/recover-20220825/UBNA_002/20220823_033000.WAV,Telephone Field,recover-20220825,002,1795
1144.1595,1144.1966,68437,81640,Rhinolophus ferrumequinum,0.023,0.023,-1,Echolocation,/mnt/ubna_data_01_mir/recover-20220825/UBNA_002/20220823_033000.WAV,Telephone Field,recover-20220825,002,1795
1144.1785,1144.2183,68437,82989,Rhinolophus ferrumequinum,0.032,0.032,-1,Echolocation,/mnt/ubna_data_01_mir/recover-20220825/UBNA_002/20220823_033000.WAV,Telephone Field,recover-20220825,002,1795
1144.2145,1144.2547,68437,82280,Rhinolophus ferrumequinum,0.023,0.023,-1,Echolocation,/mnt/ubna_data_01_mir/recover-20220825/UBNA_002/20220823_033000.WAV,Telephone Field,recover-20220825,002,1795
1144.2335,1144.2714,68437,81967,Rhinolophus ferrumequinum,0.023,0.023,-1,Echolocation,/mnt/ubna_data_01_mir/recover-20220825/UBNA_002/20220823_033000.WAV,Telephone Field,recover-20220825,002,1795
1144.2355,1144.2451,28046,38531,Eptesicus serotinus,0.011,0.027,-1,Echolocation,/mnt/ubna_data_01_mir/recover-20220825/UBNA_002/20220823_033000.WAV,Telephone Field,recover-20220825,002,1795
1144.2795,1144.3207,68437,82957,Rhinolophus ferrumequinum,0.032,0.032,-1,Echolocation,/mnt/ubna_data_01_mir/recover-20220825/UBNA_002/20220823_033000.WAV,Telephone Field,recover-20220825,002,1795
1144.3225,1144.3651,68437,83157,Rhinolophus ferrumequinum,0.032,0.032,-1,Echolocation,/mnt/ubna_data_01_mir/recover-20220825/UBNA_002/20220823_033000.WAV,Telephone Field,recover-20220825,002,1795
1144.3235,1144.3309,28046,38316,Eptesicus serotinus,0.007,0.023,-1,Echolocation,/mnt/ubna_data_01_mir/recover-20220825/UBNA_002/20220823_033000.WAV,Telephone Field,recover-20220825,002,1795
1144.3335,1144.3749,68437,82403,Rhinolophus ferrumequinum,0.022,0.022,-1,Echolocation,/mnt/ubna_data_01_mir/recover-20220825/UBNA_002/20220823_033000.WAV,Telephone Field,recover-20220825,002,1795
1144.3595,1144.3952,68437,81282,Rhinolophus ferrumequinum,0.023,0.023,-1,Echolocation,/mnt/ubna_data_01_mir/recover-20220825/UBNA_002/20220823_033000.WAV,Telephone Field,recover-20220825,002,1795
1144.3925,1144.4276,68437,81006,Rhinolophus ferrumequinum,0.024,0.024,-1,Echolocation,/mnt/ubna_data_01_mir/recover-20220825/UBNA_002/20220823_033000.WAV,Telephone Field,recover-20220825,002,1795
1144.4175,1144.4561,68437,81726,Rhinolophus ferrumequinum,0.022,0.022,-1,Echolocation,/mnt/ubna_data_01_mir/recover-20220825/UBNA_002/20220823_033000.WAV,Telephone Field,recover-20220825,002,1795
1144.4185,1144.4257,27187,40037,Eptesicus serotinus,0.007,0.022,-1,Echolocation,/mnt/ubna_data_01_mir/recover-20220825/UBNA_002/20220823_033000.WAV,Telephone Field,recover-20220825,002,1795
1144.4375,1144.4773,68437,82224,Rhinolophus ferrumequinum,0.024,0.024,-1,Echolocation,/mnt/ubna_data_01_mir/recover-20220825/UBNA_002/20220823_033000.WAV,Telephone Field,recover-20220825,002,1795
1144.4475,1144.456,23750,30811,Plecotus austriacus,0.006,0.024,-1,Echolocation,/mnt/ubna_data_01_mir/recover-20220825/UBNA_002/20220823_033000.WAV,Telephone Field,recover-20220825,002,1795
1144.5175,1144.5604,68437,82750,Rhinolophus ferrumequinum,0.04,0.04,-1,Echolocation,/mnt/ubna_data_01_mir/recover-20220825/UBNA_002/20220823_033000.WAV,Telephone Field,recover-20220825,002,1795
1144.5195,1144.5285,22890,30552,Plecotus austriacus,0.01,0.024,-1,Echolocation,/mnt/ubna_data_01_mir/recover-20220825/UBNA_002/20220823_033000.WAV,Telephone Field,recover-20220825,002,1795
1144.5475,1144.5875,68437,82108,Rhinolophus ferrumequinum,0.023,0.023,-1,Echolocation,/mnt/ubna_data_01_mir/recover-20220825/UBNA_002/20220823_033000.WAV,Telephone Field,recover-20220825,002,1795
1144.5955,1144.6314,68437,80342,Rhinolophus ferrumequinum,0.024,0.024,-1,Echolocation,/mnt/ubna_data_01_mir/recover-20220825/UBNA_002/20220823_033000.WAV,Telephone Field,recover-20220825,002,1795
1144.6245,1144.6353,27187,34417,Eptesicus serotinus,0.015,0.029,-1,Echolocation,/mnt/ubna_data_01_mir/recover-20220825/UBNA_002/20220823_033000.WAV,Telephone Field,recover-20220825,002,1795
1144.6385,1144.6794,68437,82569,Rhinolophus ferrumequinum,0.026,0.026,-1,Echolocation,/mnt/ubna_data_01_mir/recover-20220825/UBNA_002/20220823_033000.WAV,Telephone Field,recover-20220825,002,1795
1144.6425,1144.653,23750,28971,Nyctalus leisleri,0.01,0.022,-1,Echolocation,/mnt/ubna_data_01_mir/recover-20220825/UBNA_002/20220823_033000.WAV,Telephone Field,recover-20220825,002,1795
1144.6535,1144.6938,68437,82923,Rhinolophus ferrumequinum,0.023,0.023,-1,Echolocation,/mnt/ubna_data_01_mir/recover-20220825/UBNA_002/20220823_033000.WAV,Telephone Field,recover-20220825,002,1795
1144.6755,1144.7162,68437,82459,Rhinolophus ferrumequinum,0.022,0.022,-1,Echolocation,/mnt/ubna_data_01_mir/recover-20220825/UBNA_002/20220823_033000.WAV,Telephone Field,recover-20220825,002,1795
1144.6875,1144.6944,28046,41858,Eptesicus serotinus,0.008,0.028,-1,Echolocation,/mnt/ubna_data_01_mir/recover-20220825/UBNA_002/20220823_033000.WAV,Telephone Field,recover-20220825,002,1795
1144.7105,1144.7494,68437,82235,Rhinolophus ferrumequinum,0.023,0.023,-1,Echolocation,/mnt/ubna_data_01_mir/recover-20220825/UBNA_002/20220823_033000.WAV,Telephone Field,recover-20220825,002,1795
1144.7115,1144.7204,25468,33941,Eptesicus serotinus,0.007,0.024,-1,Echolocation,/mnt/ubna_data_01_mir/recover-20220825/UBNA_002/20220823_033000.WAV,Telephone Field,recover-20220825,002,1795
1144.7335,1144.7407,28046,38650,Eptesicus serotinus,0.012,0.033,-1,Echolocation,/mnt/ubna_data_01_mir/recover-20220825/UBNA_002/20220823_033000.WAV,Telephone Field,recover-20220825,002,1795
1144.7535,1144.7614,28046,40104,Eptesicus serotinus,0.007,0.022,-1,Echolocation,/mnt/ubna_data_01_mir/recover-20220825/UBNA_002/20220823_033000.WAV,Telephone Field,recover-20220825,002,1795
1144.7855,1144.8241,68437,81529,Rhinolophus ferrumequinum,0.022,0.022,-1,Echolocation,/mnt/ubna_data_01_mir/recover-20220825/UBNA_002/20220823_033000.WAV,Telephone Field,recover-20220825,002,1795
1144.8155,1144.8577,68437,83176,Rhinolophus ferrumequinum,0.032,0.032,-1,Echolocation,/mnt/ubna_data_01_mir/recover-20220825/UBNA_002/20220823_033000.WAV,Telephone Field,recover-20220825,002,1795
1144.8355,1144.8448,26328,36284,Eptesicus serotinus,0.008,0.022,-1,Echolocation,/mnt/ubna_data_01_mir/recover-20220825/UBNA_002/20220823_033000.WAV,Telephone Field,recover-20220825,002,1795
1144.8525,1144.8868,68437,81698,Rhinolophus ferrumequinum,0.022,0.022,-1,Echolocation,/mnt/ubna_data_01_mir/recover-20220825/UBNA_002/20220823_033000.WAV,Telephone Field,recover-20220825,002,1795
1144.9535,1144.9965,68437,82510,Rhinolophus ferrumequinum,0.022,0.022,-1,Echolocation,/mnt/ubna_data_01_mir/recover-20220825/UBNA_002/20220823_033000.WAV,Telephone Field,recover-20220825,002,1795
1144.9595,1145.0022,68437,82992,Rhinolophus ferrumequinum,0.023,0.023,-1,Echolocation,/mnt/ubna_data_01_mir/recover-20220825/UBNA_002/20220823_033000.WAV,Telephone Field,recover-20220825,002,1795
1144.9635,1144.9708,24609,34308,Plecotus austriacus,0.009,0.025,-1,Echolocation,/mnt/ubna_data_01_mir/recover-20220825/UBNA_002/20220823_033000.WAV,Telephone Field,recover-20220825,002,1795
1145.0185,1145.0262,28046,39128,Eptesicus serotinus,0.008,0.025,-1,Echolocation,/mnt/ubna_data_01_mir/recover-20220825/UBNA_002/20220823_033000.WAV,Telephone Field,recover-20220825,002,1795
1145.0695,1145.1046,68437,81720,Rhinolophus ferrumequinum,0.022,0.022,-1,Echolocation,/mnt/ubna_data_01_mir/recover-20220825/UBNA_002/20220823_033000.WAV,Telephone Field,recover-20220825,002,1795
1145.1125,1145.1232,44375,48914,Pipistrellus pipistrellus,0.021,0.027,-1,Echolocation,/mnt/ubna_data_01_mir/recover-20220825/UBNA_002/20220823_033000.WAV,Telephone Field,recover-20220825,002,1795
1145.1275,1145.1676,68437,81824,Rhinolophus ferrumequinum,0.028,0.028,-1,Echolocation,/mnt/ubna_data_01_mir/recover-20220825/UBNA_002/20220823_033000.WAV,Telephone Field,recover-20220825,002,1795
1145.1515,1145.1613,25468,33392,Eptesicus serotinus,0.011,0.029,-1,Echolocation,/mnt/ubna_data_01_mir/recover-20220825/UBNA_002/20220823_033000.WAV,Telephone Field,recover-20220825,002,1795
1145.1625,1145.1687,32343,45803,Myotis daubentonii,0.012,0.027,-1,Echolocation,/mnt/ubna_data_01_mir/recover-20220825/UBNA_002/20220823_033000.WAV,Telephone Field,recover-20220825,002,1795
1145.1635,1145.1997,68437,81744,Rhinolophus ferrumequinum,0.028,0.028,-1,Echolocation,/mnt/ubna_data_01_mir/recover-20220825/UBNA_002/20220823_033000.WAV,Telephone Field,recover-20220825,002,1795
1145.1985,1145.2388,68437,82732,Rhinolophus ferrumequinum,0.027,0.027,-1,Echolocation,/mnt/ubna_data_01_mir/recover-20220825/UBNA_002/20220823_033000.WAV,Telephone Field,recover-20220825,002,1795
1145.2075,1145.2496,68437,82908,Rhinolophus ferrumequinum,0.026,0.026,-1,Echolocation,/mnt/ubna_data_01_mir/recover-20220825/UBNA_002/20220823_033000.WAV,Telephone Field,recover-20220825,002,1795
1145.2275,1145.2691,68437,82344,Rhinolophus ferrumequinum,0.033,0.033,-1,Echolocation,/mnt/ubna_data_01_mir/recover-20220825/UBNA_002/20220823_033000.WAV,Telephone Field,recover-20220825,002,1795
1145.2275,1145.2422,22031,25880,Nyctalus leisleri,0.015,0.026,-1,Echolocation,/mnt/ubna_data_01_mir/recover-20220825/UBNA_002/20220823_033000.WAV,Telephone Field,recover-20220825,002,1795
1145.2805,1145.3216,68437,82762,Rhinolophus ferrumequinum,0.023,0.023,-1,Echolocation,/mnt/ubna_data_01_mir/recover-20220825/UBNA_002/20220823_033000.WAV,Telephone Field,recover-20220825,002,1795
1145.3435,1145.3514,28046,38261,Eptesicus serotinus,0.009,0.026,-1,Echolocation,/mnt/ubna_data_01_mir/recover-20220825/UBNA_002/20220823_033000.WAV,Telephone Field,recover-20220825,002,1795
1145.3745,1145.3849,26328,34655,Eptesicus serotinus,0.01,0.023,-1,Echolocation,/mnt/ubna_data_01_mir/recover-20220825/UBNA_002/20220823_033000.WAV,Telephone Field,recover-20220825,002,1795
1145.3795,1145.4216,68437,83413,Rhinolophus ferrumequinum,0.026,0.026,-1,Echolocation,/mnt/ubna_data_01_mir/recover-20220825/UBNA_002/20220823_033000.WAV,Telephone Field,recover-20220825,002,1795
1145.3915,1145.43,68437,81133,Rhinolophus ferrumequinum,0.022,0.022,-1,Echolocation,/mnt/ubna_data_01_mir/recover-20220825/UBNA_002/20220823_033000.WAV,Telephone Field,recover-20220825,002,1795
1145.4355,1145.4757,68437,82441,Rhinolophus ferrumequinum,0.022,0.022,-1,Echolocation,/mnt/ubna_data_01_mir/recover-20220825/UBNA_002/20220823_033000.WAV,Telephone Field,recover-20220825,002,1795
1145.4565,1145.4955,68437,82084,Rhinolophus ferrumequinum,0.021,0.021,-1,Echolocation,/mnt/ubna_data_01_mir/recover-20220825/UBNA_002/20220823_033000.WAV,Telephone Field,recover-20220825,002,1795
1145.4675,1145.4749,24609,33049,Plecotus austriacus,0.007,0.022,-1,Echolocation,/mnt/ubna_data_01_mir/recover-20220825/UBNA_002/20220823_033000.WAV,Telephone Field,recover-20220825,002,1795
1145.4755,1145.5169,68437,83063,Rhinolophus ferrumequinum,0.029,0.029,-1,Echolocation,/mnt/ubna_data_01_mir/recover-20220825/UBNA_002/20220823_033000.WAV,Telephone Field,recover-20220825,002,1795
1145.5175,1145.5562,68437,81302,Rhinolophus ferrumequinum,0.023,0.023,-1,Echolocation,/mnt/ubna_data_01_mir/recover-20220825/UBNA_002/20220823_033000.WAV,Telephone Field,recover-20220825,002,1795
1145.5305,1145.5379,23750,32480,Plecotus austriacus,0.012,0.026,-1,Echolocation,/mnt/ubna_data_01_mir/recover-20220825/UBNA_002/20220823_033000.WAV,Telephone Field,recover-20220825,002,1795
1145.5755,1145.5834,27187,39329,Eptesicus serotinus,0.008,0.025,-1,Echolocation,/mnt/ubna_data_01_mir/recover-20220825/UBNA_002/20220823_033000.WAV,Telephone Field,recover-20220825,002,1795
1145.6015,1145.6418,68437,82389,Rhinolophus ferrumequinum,0.023,0.023,-1,Echolocation,/mnt/ubna_data_01_mir/recover-20220825/UBNA_002/20220823_033000.WAV,Telephone Field,recover-20220825,002,1795
1145.6105,1145.6174,23750,32714,Plecotus austriacus,0.011,0.023,-1,Echolocation,/mnt/ubna_data_01_mir/recover-20220825/UBNA_002/20220823_033000.WAV,Telephone Field,recover-20220825,002,1795
1145.6205,1145.6614,68437,82272,Rhinolophus ferrumequinum,0.021,0.021,-1,Echolocation,/mnt/ubna_data_01_mir/recover-20220825/UBNA_002/20220823_033000.WAV,Telephone Field,recover-20220825,002,1795
1145.6625,1145.6691,26328,36592,Plecotus austriacus,0.013,0.046,-1,Echolocation,/mnt/ubna_data_01_mir/recover-20220825/UBNA_002/20220823_033000.WAV,Telephone Field,recover-20220825,002,1795
1145.7025,1145.7178,22890,27651,Nyctalus leisleri,0.04,0.093,-1,Echolocation,/mnt/ubna_data_01_mir/recover-20220825/UBNA_002/20220823_033000.WAV,Telephone Field,recover-20220825,002,1795
1145.7225,1145.7611,68437,81947,Rhinolophus ferrumequinum,0.022,0.022,-1,Echolocation,/mnt/ubna_data_01_mir/recover-20220825/UBNA_002/20220823_033000.WAV,Telephone Field,recover-20220825,002,1795
1145.7555,1145.7939,68437,82177,Rhinolophus ferrumequinum,0.023,0.023,-1,Echolocation,/mnt/ubna_data_01_mir/recover-20220825/UBNA_002/20220823_033000.WAV,Telephone Field,recover-20220825,002,1795
1145.7685,1145.8051,68437,82398,Rhinolophus ferrumequinum,0.023,0.023,-1,Echolocation,/mnt/ubna_data_01_mir/recover-20220825/UBNA_002/20220823_033000.WAV,Telephone Field,recover-20220825,002,1795
1145.8055,1145.8127,28046,39945,Eptesicus serotinus,0.007,0.022,-1,Echolocation,/mnt/ubna_data_01_mir/recover-20220825/UBNA_002/20220823_033000.WAV,Telephone Field,recover-20220825,002,1795
1145.8055,1145.8123,23750,34802,Plecotus austriacus,0.009,0.022,-1,Echolocation,/mnt/ubna_data_01_mir/recover-20220825/UBNA_002/20220823_033000.WAV,Telephone Field,recover-20220825,002,1795
1145.8965,1145.9341,68437,82286,Rhinolophus ferrumequinum,0.022,0.022,-1,Echolocation,/mnt/ubna_data_01_mir/recover-20220825/UBNA_002/20220823_033000.WAV,Telephone Field,recover-20220825,002,1795
1145.9065,1145.9169,28906,36250,Eptesicus serotinus,0.012,0.025,-1,Echolocation,/mnt/ubna_data_01_mir/recover-20220825/UBNA_002/20220823_033000.WAV,Telephone Field,recover-20220825,002,1795
1145.9125,1145.9462,68437,81023,Rhinolophus ferrumequinum,0.023,0.023,-1,Echolocation,/mnt/ubna_data_01_mir/recover-20220825/UBNA_002/20220823_033000.WAV,Telephone Field,recover-20220825,002,1795
1145.9205,1145.9581,68437,82238,Rhinolophus ferrumequinum,0.026,0.026,-1,Echolocation,/mnt/ubna_data_01_mir/recover-20220825/UBNA_002/20220823_033000.WAV,Telephone Field,recover-20220825,002,1795
1145.9515,1145.991,68437,81867,Rhinolophus ferrumequinum,0.022,0.022,-1,Echolocation,/mnt/ubna_data_01_mir/recover-20220825/UBNA_002/20220823_033000.WAV,Telephone Field,recover-20220825,002,1795
1146.0015,1146.0354,68437,79896,Rhinolophus ferrumequinum,0.025,0.025,-1,Echolocation,/mnt/ubna_data_01_mir/recover-20220825/UBNA_002/20220823_033000.WAV,Telephone Field,recover-20220825,002,1795
1146.0015,1146.0141,17734,22431,Nyctalus noctula,0.015,0.034,-1,Echolocation,/mnt/ubna_data_01_mir/recover-20220825/UBNA_002/20220823_033000.WAV,Telephone Field,recover-20220825,002,1795
1146.0555,1146.0941,68437,81768,Rhinolophus ferrumequinum,0.023,0.023,-1,Echolocation,/mnt/ubna_data_01_mir/recover-20220825/UBNA_002/20220823_033000.WAV,Telephone Field,recover-20220825,002,1795
1146.0585,1146.0683,41796,47235,Pipistrellus nathusii,0.009,0.023,-1,Echolocation,/mnt/ubna_data_01_mir/recover-20220825/UBNA_002/20220823_033000.WAV,Telephone Field,recover-20220825,002,1795
1146.0785,1146.1164,68437,81597,Rhinolophus ferrumequinum,0.022,0.022,-1,Echolocation,/mnt/ubna_data_01_mir/recover-20220825/UBNA_002/20220823_033000.WAV,Telephone Field,recover-20220825,002,1795
1146.0815,1146.0908,25468,34272,Eptesicus serotinus,0.01,0.027,-1,Echolocation,/mnt/ubna_data_01_mir/recover-20220825/UBNA_002/20220823_033000.WAV,Telephone Field,recover-20220825,002,1795
1146.1455,1146.1532,28906,40604,Eptesicus serotinus,0.007,0.022,-1,Echolocation,/mnt/ubna_data_01_mir/recover-20220825/UBNA_002/20220823_033000.WAV,Telephone Field,recover-20220825,002,1795
1146.1745,1146.1825,26328,36437,Eptesicus serotinus,0.008,0.022,-1,Echolocation,/mnt/ubna_data_01_mir/recover-20220825/UBNA_002/20220823_033000.WAV,Telephone Field,recover-20220825,002,1795
1146.2255,1146.2629,68437,81856,Rhinolophus ferrumequinum,0.022,0.022,-1,Echolocation,/mnt/ubna_data_01_mir/recover-20220825/UBNA_002/20220823_033000.WAV,Telephone Field,recover-20220825,002,1795
1146.2475,1146.2555,23750,31285,Plecotus austriacus,0.011,0.023,-1,Echolocation,/mnt/ubna_data_01_mir/recover-20220825/UBNA_002/20220823_033000.WAV,Telephone Field,recover-20220825,002,1795
1146.2645,1146.3031,68437,82146,Rhinolophus ferrumequinum,0.023,0.023,-1,Echolocation,/mnt/ubna_data_01_mir/recover-20220825/UBNA_002/20220823_033000.WAV,Telephone Field,recover-20220825,002,1795
1146.2885,1146.3282,68437,82036,Rhinolophus ferrumequinum,0.033,0.033,-1,Echolocation,/mnt/ubna_data_01_mir/recover-20220825/UBNA_002/20220823_033000.WAV,Telephone Field,recover-20220825,002,1795
1146.2925,1146.3031,22890,28574,Nyctalus leisleri,0.009,0.022,-1,Echolocation,/mnt/ubna_data_01_mir/recover-20220825/UBNA_002/20220823_033000.WAV,Telephone Field,recover-20220825,002,1795
1146.3435,1146.3826,68437,82163,Rhinolophus ferrumequinum,0.023,0.023,-1,Echolocation,/mnt/ubna_data_01_mir/recover-20220825/UBNA_002/20220823_033000.WAV,Telephone Field,recover-20220825,002,1795
1146.3435,1146.3527,28906,37076,Eptesicus serotinus,0.008,0.022,-1,Echolocation,/mnt/ubna_data_01_mir/recover-20220825/UBNA_002/20220823_033000.WAV,Telephone Field,recover-20220825,002,1795
1146.3985,1146.4057,27187,37295,Eptesicus serotinus,0.006,0.023,-1,Echolocation,/mnt/ubna_data_01_mir/recover-20220825/UBNA_002/20220823_033000.WAV,Telephone Field,recover-20220825,002,1795
1146.3995,1146.435,68437,81949,Rhinolophus ferrumequinum,0.026,0.026,-1,Echolocation,/mnt/ubna_data_01_mir/recover-20220825/UBNA_002/20220823_033000.WAV,Telephone Field,recover-20220825,002,1795
1146.4115,1146.4524,68437,83171,Rhinolophus ferrumequinum,0.026,0.026,-1,Echolocation,/mnt/ubna_data_01_mir/recover-20220825/UBNA_002/20220823_033000.WAV,Telephone Field,recover-20220825,002,1795
1146.4315,1146.4431,22890,27571,Nyctalus leisleri,0.013,0.025,-1,Echolocation,/mnt/ubna_data_01_mir/recover-20220825/UBNA_002/20220823_033000.WAV,Telephone Field,recover-20220825,002,1795
1146.4485,1146.4559,27187,37647,Eptesicus serotinus,0.007,0.024,-1,Echolocation,/mnt/ubna_data_01_mir/recover-20220825/UBNA_002/20220823_033000.WAV,Telephone Field,recover-20220825,002,1795
1146.4545,1146.4932,68437,82433,Rhinolophus ferrumequinum,0.023,0.023,-1,Echolocation,/mnt/ubna_data_01_mir/recover-20220825/UBNA_002/20220823_033000.WAV,Telephone Field,recover-20220825,002,1795
1146.4795,1146.5159,68437,81672,Rhinolophus ferrumequinum,0.022,0.022,-1,Echolocation,/mnt/ubna_data_01_mir/recover-20220825/UBNA_002/20220823_033000.WAV,Telephone Field,recover-20220825,002,1795
1146.4925,1146.5332,68437,82084,Rhinolophus ferrumequinum,0.023,0.023,-1,Echolocation,/mnt/ubna_data_01_mir/recover-20220825/UBNA_002/20220823_033000.WAV,Telephone Field,recover-20220825,002,1795
1146.5065,1146.5169,27187,36077,Eptesicus serotinus,0.01,0.025,-1,Echolocation,/mnt/ubna_data_01_mir/recover-20220825/UBNA_002/20220823_033000.WAV,Telephone Field,recover-20220825,002,1795
1146.5105,1146.5177,47812,52156,Pipistrellus pipistrellus,0.03,0.032,-1,Echolocation,/mnt/ubna_data_01_mir/recover-20220825/UBNA_002/20220823_033000.WAV,Telephone Field,recover-20220825,002,1795
1146.5285,1146.5354,24609,38819,Plecotus austriacus,0.008,0.027,-1,Echolocation,/mnt/ubna_data_01_mir/recover-20220825/UBNA_002/20220823_033000.WAV,Telephone Field,recover-20220825,002,1795
1146.5755,1146.589,22031,25787,Nyctalus leisleri,0.016,0.027,-1,Echolocation,/mnt/ubna_data_01_mir/recover-20220825/UBNA_002/20220823_033000.WAV,Telephone Field,recover-20220825,002,1795
1146.6195,1146.6273,46953,51039,Pipistrellus pipistrellus,0.025,0.026,-1,Echolocation,/mnt/ubna_data_01_mir/recover-20220825/UBNA_002/20220823_033000.WAV,Telephone Field,recover-20220825,002,1795
1146.6195,1146.6585,68437,81903,Rhinolophus ferrumequinum,0.024,0.024,-1,Echolocation,/mnt/ubna_data_01_mir/recover-20220825/UBNA_002/20220823_033000.WAV,Telephone Field,recover-20220825,002,1795
1146.6285,1146.6656,68437,81551,Rhinolophus ferrumequinum,0.024,0.024,-1,Echolocation,/mnt/ubna_data_01_mir/recover-20220825/UBNA_002/20220823_033000.WAV,Telephone Field,recover-20220825,002,1795
1146.6945,1146.7358,68437,82336,Rhinolophus ferrumequinum,0.031,0.031,-1,Echolocation,/mnt/ubna_data_01_mir/recover-20220825/UBNA_002/20220823_033000.WAV,Telephone Field,recover-20220825,002,1795
1146.7005,1146.7407,68437,81989,Rhinolophus ferrumequinum,0.027,0.027,-1,Echolocation,/mnt/ubna_data_01_mir/recover-20220825/UBNA_002/20220823_033000.WAV,Telephone Field,recover-20220825,002,1795
1146.7275,1146.7364,24609,33293,Eptesicus serotinus,0.009,0.034,-1,Echolocation,/mnt/ubna_data_01_mir/recover-20220825/UBNA_002/20220823_033000.WAV,Telephone Field,recover-20220825,002,1795
1146.7455,1146.7813,68437,81437,Rhinolophus ferrumequinum,0.024,0.024,-1,Echolocation,/mnt/ubna_data_01_mir/recover-20220825/UBNA_002/20220823_033000.WAV,Telephone Field,recover-20220825,002,1795
1146.7705,1146.7815,23750,29561,Nyctalus leisleri,0.01,0.022,-1,Echolocation,/mnt/ubna_data_01_mir/recover-20220825/UBNA_002/20220823_033000.WAV,Telephone Field,recover-20220825,002,1795
1146.7915,1146.8038,44375,48434,Pipistrellus pipistrellus,0.038,0.042,-1,Echolocation,/mnt/ubna_data_01_mir/recover-20220825/UBNA_002/20220823_033000.WAV,Telephone Field,recover-20220825,002,1795
1146.8305,1146.8694,68437,82173,Rhinolophus ferrumequinum,0.023,0.023,-1,Echolocation,/mnt/ubna_data_01_mir/recover-20220825/UBNA_002/20220823_033000.WAV,Telephone Field,recover-20220825,002,1795
1146.8445,1146.8527,26328,35294,Eptesicus serotinus,0.008,0.023,-1,Echolocation,/mnt/ubna_data_01_mir/recover-20220825/UBNA_002/20220823_033000.WAV,Telephone Field,recover-20220825,002,1795
1146.8525,1146.894,68437,83188,Rhinolophus ferrumequinum,0.027,0.027,-1,Echolocation,/mnt/ubna_data_01_mir/recover-20220825/UBNA_002/20220823_033000.WAV,Telephone Field,recover-20220825,002,1795
1146.8595,1146.8667,46953,51984,Pipistrellus pipistrellus,0.024,0.026,-1,Echolocation,/mnt/ubna_data_01_mir/recover-20220825/UBNA_002/20220823_033000.WAV,Telephone Field,recover-20220825,002,1795
1146.8825,1146.8944,22031,26891,Nyctalus leisleri,0.011,0.023,-1,Echolocation,/mnt/ubna_data_01_mir/recover-20220825/UBNA_002/20220823_033000.WAV,Telephone Field,recover-20220825,002,1795
1146.8945,1146.901,47812,56896,Pipistrellus pipistrellus,0.022,0.029,-1,Echolocation,/mnt/ubna_data_01_mir/recover-20220825/UBNA_002/20220823_033000.WAV,Telephone Field,recover-20220825,002,1795
1146.9245,1146.9359,28046,34211,Eptesicus serotinus,0.019,0.035,-1,Echolocation,/mnt/ubna_data_01_mir/recover-20220825/UBNA_002/20220823_033000.WAV,Telephone Field,recover-20220825,002,1795
1146.9455,1146.9876,68437,82512,Rhinolophus ferrumequinum,0.027,0.027,-1,Echolocation,/mnt/ubna_data_01_mir/recover-20220825/UBNA_002/20220823_033000.WAV,Telephone Field,recover-20220825,002,1795
1146.9455,1146.9528,45234,50154,Pipistrellus pipistrellus,0.019,0.023,-1,Echolocation,/mnt/ubna_data_01_mir/recover-20220825/UBNA_002/20220823_033000.WAV,Telephone Field,recover-20220825,002,1795
1146.9755,1147.0107,68437,81367,Rhinolophus ferrumequinum,0.024,0.024,-1,Echolocation,/mnt/ubna_data_01_mir/recover-20220825/UBNA_002/20220823_033000.WAV,Telephone Field,recover-20220825,002,1795
1147.0095,1147.0199,22031,27083,Nyctalus leisleri,0.01,0.023,-1,Echolocation,/mnt/ubna_data_01_mir/recover-20220825/UBNA_002/20220823_033000.WAV,Telephone Field,recover-20220825,002,1795
1147.0295,1147.0674,68437,81971,Rhinolophus ferrumequinum,0.023,0.023,-1,Echolocation,/mnt/ubna_data_01_mir/recover-20220825/UBNA_002/20220823_033000.WAV,Telephone Field,recover-20220825,002,1795
1147.0995,1147.1409,68437,82767,Rhinolophus ferrumequinum,0.033,0.033,-1,Echolocation,/mnt/ubna_data_01_mir/recover-20220825/UBNA_002/20220823_033000.WAV,Telephone Field,recover-20220825,002,1795
1147.1065,1147.1133,27187,39253,Eptesicus serotinus,0.007,0.027,-1,Echolocation,/mnt/ubna_data_01_mir/recover-20220825/UBNA_002/20220823_033000.WAV,Telephone Field,recover-20220825,002,1795
1147.1495,1147.1877,68437,81333,Rhinolophus ferrumequinum,0.022,0.022,-1,Echolocation,/mnt/ubna_data_01_mir/recover-20220825/UBNA_002/20220823_033000.WAV,Telephone Field,recover-20220825,002,1795
1147.1935,1147.2334,68437,81896,Rhinolophus ferrumequinum,0.022,0.022,-1,Echolocation,/mnt/ubna_data_01_mir/recover-20220825/UBNA_002/20220823_033000.WAV,Telephone Field,recover-20220825,002,1795
1147.2135,1147.2525,68437,82360,Rhinolophus ferrumequinum,0.032,0.032,-1,Echolocation,/mnt/ubna_data_01_mir/recover-20220825/UBNA_002/20220823_033000.WAV,Telephone Field,recover-20220825,002,1795
1147.2295,1147.2396,22031,27670,Nyctalus leisleri,0.01,0.026,-1,Echolocation,/mnt/ubna_data_01_mir/recover-20220825/UBNA_002/20220823_033000.WAV,Telephone Field,recover-20220825,002,1795
1147.2685,1147.3072,68437,82888,Rhinolophus ferrumequinum,0.024,0.024,-1,Echolocation,/mnt/ubna_data_01_mir/recover-20220825/UBNA_002/20220823_033000.WAV,Telephone Field,recover-20220825,002,1795
1147.3785,1147.3863,27187,38640,Eptesicus serotinus,0.006,0.022,-1,Echolocation,/mnt/ubna_data_01_mir/recover-20220825/UBNA_002/20220823_033000.WAV,Telephone Field,recover-20220825,002,1795
1147.3945,1147.4023,46953,55501,Pipistrellus pipistrellus,0.024,0.027,-1,Echolocation,/mnt/ubna_data_01_mir/recover-20220825/UBNA_002/20220823_033000.WAV,Telephone Field,recover-20220825,002,1795
1147.3995,1147.4144,23750,28540,Nyctalus leisleri,0.018,0.036,-1,Echolocation,/mnt/ubna_data_01_mir/recover-20220825/UBNA_002/20220823_033000.WAV,Telephone Field,recover-20220825,002,1795
1147.4645,1147.5021,68437,82236,Rhinolophus ferrumequinum,0.023,0.023,-1,Echolocation,/mnt/ubna_data_01_mir/recover-20220825/UBNA_002/20220823_033000.WAV,Telephone Field,recover-20220825,002,1795
1147.4655,1147.4734,28906,42912,Eptesicus serotinus,0.007,0.022,-1,Echolocation,/mnt/ubna_data_01_mir/recover-20220825/UBNA_002/20220823_033000.WAV,Telephone Field,recover-20220825,002,1795
1147.5275,1147.5336,28046,39533,Eptesicus serotinus,0.006,0.027,-1,Echolocation,/mnt/ubna_data_01_mir/recover-20220825/UBNA_002/20220823_033000.WAV,Telephone Field,recover-20220825,002,1795
1147.5465,1147.5555,45234,49642,Pipistrellus pipistrellus,0.026,0.03,-1,Echolocation,/mnt/ubna_data_01_mir/recover-20220825/UBNA_002/20220823_033000.WAV,Telephone Field,recover-20220825,002,1795
1147.6125,1147.6533,68437,83045,Rhinolophus ferrumequinum,0.032,0.032,-1,Echolocation,/mnt/ubna_data_01_mir/recover-20220825/UBNA_002/20220823_033000.WAV,Telephone Field,recover-20220825,002,1795
1147.6385,1147.6733,68437,81247,Rhinolophus ferrumequinum,0.023,0.023,-1,Echolocation,/mnt/ubna_data_01_mir/recover-20220825/UBNA_002/20220823_033000.WAV,Telephone Field,recover-20220825,002,1795
1147.6465,1147.6869,68437,82305,Rhinolophus ferrumequinum,0.023,0.023,-1,Echolocation,/mnt/ubna_data_01_mir/recover-20220825/UBNA_002/20220823_033000.WAV,Telephone Field,recover-20220825,002,1795
1147.6715,1147.6795,28046,39383,Eptesicus serotinus,0.01,0.03,-1,Echolocation,/mnt/ubna_data_01_mir/recover-20220825/UBNA_002/20220823_033000.WAV,Telephone Field,recover-20220825,002,1795
1147.6885,1147.7312,68437,82499,Rhinolophus ferrumequinum,0.028,0.028,-1,Echolocation,/mnt/ubna_data_01_mir/recover-20220825/UBNA_002/20220823_033000.WAV,Telephone Field,recover-20220825,002,1795
1147.7105,1147.7193,28906,38246,Eptesicus serotinus,0.009,0.026,-1,Echolocation,/mnt/ubna_data_01_mir/recover-20220825/UBNA_002/20220823_033000.WAV,Telephone Field,recover-20220825,002,1795
1147.7825,1147.8239,68437,82652,Rhinolophus ferrumequinum,0.025,0.025,-1,Echolocation,/mnt/ubna_data_01_mir/recover-20220825/UBNA_002/20220823_033000.WAV,Telephone Field,recover-20220825,002,1795
1147.8035,1147.8131,22890,28654,Nyctalus leisleri,0.008,0.023,-1,Echolocation,/mnt/ubna_data_01_mir/recover-20220825/UBNA_002/20220823_033000.WAV,Telephone Field,recover-20220825,002,1795
1147.8255,1147.8672,68437,82761,Rhinolophus ferrumequinum,0.028,0.028,-1,Echolocation,/mnt/ubna_data_01_mir/recover-20220825/UBNA_002/20220823_033000.WAV,Telephone Field,recover-20220825,002,1795
1147.8385,1147.855,22031,26345,Nyctalus leisleri,0.012,0.024,-1,Echolocation,/mnt/ubna_data_01_mir/recover-20220825/UBNA_002/20220823_033000.WAV,Telephone Field,recover-20220825,002,1795
1147.8455,1147.8567,23750,29978,Nyctalus leisleri,0.01,0.024,-1,Echolocation,/mnt/ubna_data_01_mir/recover-20220825/UBNA_002/20220823_033000.WAV,Telephone Field,recover-20220825,002,1795
1147.8645,1147.8718,23750,32568,Plecotus austriacus,0.009,0.023,-1,Echolocation,/mnt/ubna_data_01_mir/recover-20220825/UBNA_002/20220823_033000.WAV,Telephone Field,recover-20220825,002,1795
1147.8815,1147.9232,68437,83016,Rhinolophus ferrumequinum,0.029,0.029,-1,Echolocation,/mnt/ubna_data_01_mir/recover-20220825/UBNA_002/20220823_033000.WAV,Telephone Field,recover-20220825,002,1795
1147.9025,1147.9112,28046,36929,Eptesicus serotinus,0.008,0.022,-1,Echolocation,/mnt/ubna_data_01_mir/recover-20220825/UBNA_002/20220823_033000.WAV,Telephone Field,recover-20220825,002,1795
1147.9055,1147.9465,68437,82961,Rhinolophus ferrumequinum,0.029,0.029,-1,Echolocation,/mnt/ubna_data_01_mir/recover-20220825/UBNA_002/20220823_033000.WAV,Telephone Field,recover-20220825,002,1795
1147.9245,1147.9626,68437,82566,Rhinolophus ferrumequinum,0.022,0.022,-1,Echolocation,/mnt/ubna_data_01_mir/recover-20220825/UBNA_002/20220823_033000.WAV,Telephone Field,recover-20220825,002,1795
1147.9345,1147.9432,28906,39723,Eptesicus serotinus,0.007,0.022,-1,Echolocation,/mnt/ubna_data_01_mir/recover-20220825/UBNA_002/20220823_033000.WAV,Telephone Field,recover-20220825,002,1795
1148.0015,1148.0097,26328,35023,Nyctalus leisleri,0.006,0.023,-1,Echolocation,/mnt/ubna_data_01_mir/recover-20220825/UBNA_002/20220823_033000.WAV,Telephone Field,recover-20220825,002,1795
1148.0015,1148.0315,69296,79821,Rhinolophus ferrumequinum,0.021,0.022,-1,Echolocation,/mnt/ubna_data_01_mir/recover-20220825/UBNA_002/20220823_033000.WAV,Telephone Field,recover-20220825,002,1795
1148.0015,1148.013,20312,25803,Nyctalus leisleri,0.01,0.024,-1,Echolocation,/mnt/ubna_data_01_mir/recover-20220825/UBNA_002/20220823_033000.WAV,Telephone Field,recover-20220825,002,1795
1148.0015,1148.0112,46953,51539,Pipistrellus pipistrellus,0.016,0.022,-1,Echolocation,/mnt/ubna_data_01_mir/recover-20220825/UBNA_002/20220823_033000.WAV,Telephone Field,recover-20220825,002,1795
1148.0255,1148.0639,68437,82210,Rhinolophus ferrumequinum,0.022,0.022,-1,Echolocation,/mnt/ubna_data_01_mir/recover-20220825/UBNA_002/20220823_033000.WAV,Telephone Field,recover-20220825,002,1795
1148.0315,1148.0733,68437,82938,Rhinolophus ferrumequinum,0.022,0.022,-1,Echolocation,/mnt/ubna_data_01_mir/recover-20220825/UBNA_002/20220823_033000.WAV,Telephone Field,recover-20220825,002,1795
1148.0645,1148.1017,68437,82138,Rhinolophus ferrumequinum,0.022,0.022,-1,Echolocation,/mnt/ubna_data_01_mir/recover-20220825/UBNA_002/20220823_033000.WAV,Telephone Field,recover-20220825,002,1795
1148.1085,1148.1465,68437,82188,Rhinolophus ferrumequinum,0.022,0.022,-1,Echolocation,/mnt/ubna_data_01_mir/recover-20220825/UBNA_002/20220823_033000.WAV,Telephone Field,recover-20220825,002,1795
1148.1485,1148.1886,68437,82788,Rhinolophus ferrumequinum,0.028,0.028,-1,Echolocation,/mnt/ubna_data_01_mir/recover-20220825/UBNA_002/20220823_033000.WAV,Telephone Field,recover-20220825,002,1795
1148.1755,1148.1825,28046,42432,Eptesicus serotinus,0.008,0.028,-1,Echolocation,/mnt/ubna_data_01_mir/recover-20220825/UBNA_002/20220823_033000.WAV,Telephone Field,recover-20220825,002,1795
1148.1755,1148.188,14296,19624,Nyctalus noctula,0.013,0.021,-1,Echolocation,/mnt/ubna_data_01_mir/recover-20220825/UBNA_002/20220823_033000.WAV,Telephone Field,recover-20220825,002,1795
1148.1885,1148.2253,68437,81221,Rhinolophus ferrumequinum,0.022,0.022,-1,Echolocation,/mnt/ubna_data_01_mir/recover-20220825/UBNA_002/20220823_033000.WAV,Telephone Field,recover-20220825,002,1795
1148.1955,1148.2305,68437,82009,Rhinolophus ferrumequinum,0.023,0.023,-1,Echolocation,/mnt/ubna_data_01_mir/recover-20220825/UBNA_002/20220823_033000.WAV,Telephone Field,recover-20220825,002,1795
1148.2245,1148.2658,68437,82701,Rhinolophus ferrumequinum,0.027,0.027,-1,Echolocation,/mnt/ubna_data_01_mir/recover-20220825/UBNA_002/20220823_033000.WAV,Telephone Field,recover-20220825,002,1795
1148.2615,1148.2992,68437,81709,Rhinolophus ferrumequinum,0.022,0.022,-1,Echolocation,/mnt/ubna_data_01_mir/recover-20220825/UBNA_002/20220823_033000.WAV,Telephone Field,recover-20220825,002,1795
1148.2865,1148.2974,22890,27726,Nyctalus leisleri,0.012,0.024,-1,Echolocation,/mnt/ubna_data_01_mir/recover-20220825/UBNA_002/20220823_033000.WAV,Telephone Field,recover-20220825,002,1795
1148.2965,1148.3373,68437,82823,Rhinolophus ferrumequinum,0.022,0.022,-1,Echolocation,/mnt/ubna_data_01_mir/recover-20220825/UBNA_002/20220823_033000.WAV,Telephone Field,recover-20220825,002,1795
1148.3195,1148.327,27187,41570,Eptesicus serotinus,0.007,0.023,-1,Echolocation,/mnt/ubna_data_01_mir/recover-20220825/UBNA_002/20220823_033000.WAV,Telephone Field,recover-20220825,002,1795
1148.3485,1148.3882,68437,82492,Rhinolophus ferrumequinum,0.022,0.022,-1,Echolocation,/mnt/ubna_data_01_mir/recover-20220825/UBNA_002/20220823_033000.WAV,Telephone Field,recover-20220825,002,1795
1148.4315,1148.4404,26328,37041,Eptesicus serotinus,0.007,0.021,-1,Echolocation,/mnt/ubna_data_01_mir/recover-20220825/UBNA_002/20220823_033000.WAV,Telephone Field,recover-20220825,002,1795
1148.4425,1148.4807,68437,81902,Rhinolophus ferrumequinum,0.023,0.023,-1,Echolocation,/mnt/ubna_data_01_mir/recover-20220825/UBNA_002/20220823_033000.WAV,Telephone Field,recover-20220825,002,1795
1148.4965,1148.5317,68437,81891,Rhinolophus ferrumequinum,0.022,0.022,-1,Echolocation,/mnt/ubna_data_01_mir/recover-20220825/UBNA_002/20220823_033000.WAV,Telephone Field,recover-20220825,002,1795
1148.5055,1148.5166,24609,30412,Nyctalus leisleri,0.013,0.032,-1,Echolocation,/mnt/ubna_data_01_mir/recover-20220825/UBNA_002/20220823_033000.WAV,Telephone Field,recover-20220825,002,1795
1148.5215,1148.5289,27187,39729,Eptesicus serotinus,0.007,0.023,-1,Echolocation,/mnt/ubna_data_01_mir/recover-20220825/UBNA_002/20220823_033000.WAV,Telephone Field,recover-20220825,002,1795
1148.5235,1148.5361,46953,50848,Pipistrellus pipistrellus,0.023,0.026,-1,Echolocation,/mnt/ubna_data_01_mir/recover-20220825/UBNA_002/20220823_033000.WAV,Telephone Field,recover-20220825,002,1795
1148.5975,1148.6048,24609,33719,Plecotus austriacus,0.007,0.023,-1,Echolocation,/mnt/ubna_data_01_mir/recover-20220825/UBNA_002/20220823_033000.WAV,Telephone Field,recover-20220825,002,1795
1148.6635,1148.6733,22031,27349,Nyctalus leisleri,0.009,0.022,-1,Echolocation,/mnt/ubna_data_01_mir/recover-20220825/UBNA_002/20220823_033000.WAV,Telephone Field,recover-20220825,002,1795
1148.6645,1148.7037,68437,82468,Rhinolophus ferrumequinum,0.036,0.036,-1,Echolocation,/mnt/ubna_data_01_mir/recover-20220825/UBNA_002/20220823_033000.WAV,Telephone Field,recover-20220825,002,1795
1148.6775,1148.6857,28046,39827,Eptesicus serotinus,0.008,0.024,-1,Echolocation,/mnt/ubna_data_01_mir/recover-20220825/UBNA_002/20220823_033000.WAV,Telephone Field,recover-20220825,002,1795
1148.7225,1148.7632,68437,82295,Rhinolophus ferrumequinum,0.024,0.024,-1,Echolocation,/mnt/ubna_data_01_mir/recover-20220825/UBNA_002/20220823_033000.WAV,Telephone Field,recover-20220825,002,1795
1148.7675,1148.7797,26328,32452,Eptesicus serotinus,0.019,0.036,-1,Echolocation,/mnt/ubna_data_01_mir/recover-20220825/UBNA_002/20220823_033000.WAV,Telephone Field,recover-20220825,002,1795
1148.7695,1148.8043,68437,81185,Rhinolophus ferrumequinum,0.022,0.022,-1,Echolocation,/mnt/ubna_data_01_mir/recover-20220825/UBNA_002/20220823_033000.WAV,Telephone Field,recover-20220825,002,1795
1148.7745,1148.789,51250,57050,Pipistrellus pipistrellus,0.027,0.038,-1,Echolocation,/mnt/ubna_data_01_mir/recover-20220825/UBNA_002/20220823_033000.WAV,Telephone Field,recover-20220825,002,1795
1148.7755,1148.8136,68437,81861,Rhinolophus ferrumequinum,0.022,0.022,-1,Echolocation,/mnt/ubna_data_01_mir/recover-20220825/UBNA_002/20220823_033000.WAV,Telephone Field,recover-20220825,002,1795
1148.8135,1148.8542,68437,82203,Rhinolophus ferrumequinum,0.029,0.029,-1,Echolocation,/mnt/ubna_data_01_mir/recover-20220825/UBNA_002/20220823_033000.WAV,Telephone Field,recover-20220825,002,1795
1148.8215,1148.8283,25468,35635,Plecotus austriacus,0.011,0.031,-1,Echolocation,/mnt/ubna_data_01_mir/recover-20220825/UBNA_002/20220823_033000.WAV,Telephone Field,recover-20220825,002,1795
1148.8385,1148.8799,68437,82914,Rhinolophus ferrumequinum,0.044,0.044,-1,Echolocation,/mnt/ubna_data_01_mir/recover-20220825/UBNA_002/20220823_033000.WAV,Telephone Field,recover-20220825,002,1795
1148.8585,1148.8692,24609,31826,Nyctalus leisleri,0.008,0.024,-1,Echolocation,/mnt/ubna_data_01_mir/recover-20220825/UBNA_002/20220823_033000.WAV,Telephone Field,recover-20220825,002,1795
1148.8795,1148.9144000000001,68437,80820,Rhinolophus ferrumequinum,0.036,0.036,-1,Echolocation,/mnt/ubna_data_01_mir/recover-20220825/UBNA_002/20220823_033000.WAV,Telephone Field,recover-20220825,002,1795
1148.8925,1148.9001,28046,39140,Eptesicus serotinus,0.007,0.021,-1,Echolocation,/mnt/ubna_data_01_mir/recover-20220825/UBNA_002/20220823_033000.WAV,Telephone Field,recover-20220825,002,1795
1148.9095,1148.9203,22890,26872,Nyctalus leisleri,0.012,0.023,-1,Echolocation,/mnt/ubna_data_01_mir/recover-20220825/UBNA_002/20220823_033000.WAV,Telephone Field,recover-20220825,002,1795
1148.9115,1148.947,68437,80692,Rhinolophus ferrumequinum,0.023,0.023,-1,Echolocation,/mnt/ubna_data_01_mir/recover-20220825/UBNA_002/20220823_033000.WAV,Telephone Field,recover-20220825,002,1795
1149.0055,1149.0132,28046,38652,Eptesicus serotinus,0.006,0.023,-1,Echolocation,/mnt/ubna_data_01_mir/recover-20220825/UBNA_002/20220823_033000.WAV,Telephone Field,recover-20220825,002,1795
1149.0365,1149.0757,68437,82067,Rhinolophus ferrumequinum,0.026,0.026,-1,Echolocation,/mnt/ubna_data_01_mir/recover-20220825/UBNA_002/20220823_033000.WAV,Telephone Field,recover-20220825,002,1795
1149.0465,1149.0828,68437,81670,Rhinolophus ferrumequinum,0.022,0.022,-1,Echolocation,/mnt/ubna_data_01_mir/recover-20220825/UBNA_002/20220823_033000.WAV,Telephone Field,recover-20220825,002,1795
1149.0545,1149.0926,68437,82491,Rhinolophus ferrumequinum,0.024,0.024,-1,Echolocation,/mnt/ubna_data_01_mir/recover-20220825/UBNA_002/20220823_033000.WAV,Telephone Field,recover-20220825,002,1795
1149.0625,1149.1012,68437,82797,Rhinolophus ferrumequinum,0.022,0.023,-1,Echolocation,/mnt/ubna_data_01_mir/recover-20220825/UBNA_002/20220823_033000.WAV,Telephone Field,recover-20220825,002,1795
1149.0845,1149.1266,68437,83073,Rhinolophus ferrumequinum,0.026,0.026,-1,Echolocation,/mnt/ubna_data_01_mir/recover-20220825/UBNA_002/20220823_033000.WAV,Telephone Field,recover-20220825,002,1795
1149.0865,1149.094,28046,40920,Eptesicus serotinus,0.007,0.022,-1,Echolocation,/mnt/ubna_data_01_mir/recover-20220825/UBNA_002/20220823_033000.WAV,Telephone Field,recover-20220825,002,1795
1149.1075,1149.1154,28046,36630,Eptesicus serotinus,0.008,0.021,-1,Echolocation,/mnt/ubna_data_01_mir/recover-20220825/UBNA_002/20220823_033000.WAV,Telephone Field,recover-20220825,002,1795
1149.1205,1149.1569,68437,81561,Rhinolophus ferrumequinum,0.024,0.024,-1,Echolocation,/mnt/ubna_data_01_mir/recover-20220825/UBNA_002/20220823_033000.WAV,Telephone Field,recover-20220825,002,1795
1149.1215,1149.1307,28906,41928,Eptesicus serotinus,0.009,0.023,-1,Echolocation,/mnt/ubna_data_01_mir/recover-20220825/UBNA_002/20220823_033000.WAV,Telephone Field,recover-20220825,002,1795
1149.1265,1149.1359,28906,39152,Eptesicus serotinus,0.01,0.023,-1,Echolocation,/mnt/ubna_data_01_mir/recover-20220825/UBNA_002/20220823_033000.WAV,Telephone Field,recover-20220825,002,1795
1149.1465,1149.1872,68437,82423,Rhinolophus ferrumequinum,0.028,0.028,-1,Echolocation,/mnt/ubna_data_01_mir/recover-20220825/UBNA_002/20220823_033000.WAV,Telephone Field,recover-20220825,002,1795
1149.1485,1149.1544,26328,39441,Plecotus auritus,0.01,0.035,-1,Echolocation,/mnt/ubna_data_01_mir/recover-20220825/UBNA_002/20220823_033000.WAV,Telephone Field,recover-20220825,002,1795
1149.1855,1149.2223,68437,82128,Rhinolophus ferrumequinum,0.022,0.022,-1,Echolocation,/mnt/ubna_data_01_mir/recover-20220825/UBNA_002/20220823_033000.WAV,Telephone Field,recover-20220825,002,1795
1149.1905,1149.1998,28906,39418,Eptesicus serotinus,0.01,0.023,-1,Echolocation,/mnt/ubna_data_01_mir/recover-20220825/UBNA_002/20220823_033000.WAV,Telephone Field,recover-20220825,002,1795
1149.2035,1149.2393,68437,81537,Rhinolophus ferrumequinum,0.022,0.022,-1,Echolocation,/mnt/ubna_data_01_mir/recover-20220825/UBNA_002/20220823_033000.WAV,Telephone Field,recover-20220825,002,1795
1149.2285,1149.2362,28046,40122,Eptesicus serotinus,0.007,0.023,-1,Echolocation,/mnt/ubna_data_01_mir/recover-20220825/UBNA_002/20220823_033000.WAV,Telephone Field,recover-20220825,002,1795
1149.2435,1149.2525,28046,36174,Eptesicus serotinus,0.01,0.023,-1,Echolocation,/mnt/ubna_data_01_mir/recover-20220825/UBNA_002/20220823_033000.WAV,Telephone Field,recover-20220825,002,1795
1149.2475,1149.2892,68437,82146,Rhinolophus ferrumequinum,0.025,0.025,-1,Echolocation,/mnt/ubna_data_01_mir/recover-20220825/UBNA_002/20220823_033000.WAV,Telephone Field,recover-20220825,002,1795
1149.2765,1149.3195,68437,82884,Rhinolophus ferrumequinum,0.039,0.039,-1,Echolocation,/mnt/ubna_data_01_mir/recover-20220825/UBNA_002/20220823_033000.WAV,Telephone Field,recover-20220825,002,1795
1149.2815,1149.2914,28046,36137,Eptesicus serotinus,0.01,0.022,-1,Echolocation,/mnt/ubna_data_01_mir/recover-20220825/UBNA_002/20220823_033000.WAV,Telephone Field,recover-20220825,002,1795
1149.4065,1149.4455,68437,82779,Rhinolophus ferrumequinum,0.024,0.024,-1,Echolocation,/mnt/ubna_data_01_mir/recover-20220825/UBNA_002/20220823_033000.WAV,Telephone Field,recover-20220825,002,1795
1149.4485,1149.4871,68437,82078,Rhinolophus ferrumequinum,0.026,0.026,-1,Echolocation,/mnt/ubna_data_01_mir/recover-20220825/UBNA_002/20220823_033000.WAV,Telephone Field,recover-20220825,002,1795
1149.4625,1149.4697,27187,39671,Eptesicus serotinus,0.006,0.022,-1,Echolocation,/mnt/ubna_data_01_mir/recover-20220825/UBNA_002/20220823_033000.WAV,Telephone Field,recover-20220825,002,1795
1149.4755,1149.5116,68437,81832,Rhinolophus ferrumequinum,0.03,0.03,-1,Echolocation,/mnt/ubna_data_01_mir/recover-20220825/UBNA_002/20220823_033000.WAV,Telephone Field,recover-20220825,002,1795
1149.4985,1149.5089,24609,31876,Nyctalus leisleri,0.008,0.026,-1,Echolocation,/mnt/ubna_data_01_mir/recover-20220825/UBNA_002/20220823_033000.WAV,Telephone Field,recover-20220825,002,1795
1149.5085,1149.5496,68437,83213,Rhinolophus ferrumequinum,0.031,0.031,-1,Echolocation,/mnt/ubna_data_01_mir/recover-20220825/UBNA_002/20220823_033000.WAV,Telephone Field,recover-20220825,002,1795
1149.5255,1149.5376,23750,28251,Nyctalus leisleri,0.014,0.026,-1,Echolocation,/mnt/ubna_data_01_mir/recover-20220825/UBNA_002/20220823_033000.WAV,Telephone Field,recover-20220825,002,1795
1149.5905,1149.5993,24609,33948,Nyctalus leisleri,0.008,0.03,-1,Echolocation,/mnt/ubna_data_01_mir/recover-20220825/UBNA_002/20220823_033000.WAV,Telephone Field,recover-20220825,002,1795
1149.6185,1149.6587,68437,82892,Rhinolophus ferrumequinum,0.028,0.028,-1,Echolocation,/mnt/ubna_data_01_mir/recover-20220825/UBNA_002/20220823_033000.WAV,Telephone Field,recover-20220825,002,1795
1149.6535,1149.6622,40078,44721,Pipistrellus nathusii,0.209,0.248,-1,Echolocation,/mnt/ubna_data_01_mir/recover-20220825/UBNA_002/20220823_033000.WAV,Telephone Field,recover-20220825,002,1795
1149.6545,1149.6622,27187,38283,Eptesicus serotinus,0.007,0.022,-1,Echolocation,/mnt/ubna_data_01_mir/recover-20220825/UBNA_002/20220823_033000.WAV,Telephone Field,recover-20220825,002,1795
1149.6965,1149.737,68437,82451,Rhinolophus ferrumequinum,0.023,0.023,-1,Echolocation,/mnt/ubna_data_01_mir/recover-20220825/UBNA_002/20220823_033000.WAV,Telephone Field,recover-20220825,002,1795
1149.7005,1149.7093,48671,52487,Pipistrellus pipistrellus,0.036,0.039,-1,Echolocation,/mnt/ubna_data_01_mir/recover-20220825/UBNA_002/20220823_033000.WAV,Telephone Field,recover-20220825,002,1795
1149.7015,1149.7104,27187,37520,Eptesicus serotinus,0.008,0.022,-1,Echolocation,/mnt/ubna_data_01_mir/recover-20220825/UBNA_002/20220823_033000.WAV,Telephone Field,recover-20220825,002,1795
1149.7315,1149.7405,39218,43874,Pipistrellus nathusii,0.093,0.144,-1,Echolocation,/mnt/ubna_data_01_mir/recover-20220825/UBNA_002/20220823_033000.WAV,Telephone Field,recover-20220825,002,1795
1149.7345,1149.7414,27187,39885,Eptesicus serotinus,0.006,0.021,-1,Echolocation,/mnt/ubna_data_01_mir/recover-20220825/UBNA_002/20220823_033000.WAV,Telephone Field,recover-20220825,002,1795
1149.7485,1149.7676,16015,21972,Nyctalus noctula,0.018,0.023,-1,Echolocation,/mnt/ubna_data_01_mir/recover-20220825/UBNA_002/20220823_033000.WAV,Telephone Field,recover-20220825,002,1795
1149.7725,1149.8119,68437,82634,Rhinolophus ferrumequinum,0.025,0.025,-1,Echolocation,/mnt/ubna_data_01_mir/recover-20220825/UBNA_002/20220823_033000.WAV,Telephone Field,recover-20220825,002,1795
1149.7885,1149.8305,68437,82531,Rhinolophus ferrumequinum,0.024,0.024,-1,Echolocation,/mnt/ubna_data_01_mir/recover-20220825/UBNA_002/20220823_033000.WAV,Telephone Field,recover-20220825,002,1795
1149.8105,1149.8502,68437,82603,Rhinolophus ferrumequinum,0.022,0.022,-1,Echolocation,/mnt/ubna_data_01_mir/recover-20220825/UBNA_002/20220823_033000.WAV,Telephone Field,recover-20220825,002,1795
1149.8535,1149.8879,68437,81965,Rhinolophus ferrumequinum,0.044,0.045,-1,Echolocation,/mnt/ubna_data_01_mir/recover-20220825/UBNA_002/20220823_033000.WAV,Telephone Field,recover-20220825,002,1795
1149.8635,1149.8727,25468,33564,Eptesicus serotinus,0.011,0.026,-1,Echolocation,/mnt/ubna_data_01_mir/recover-20220825/UBNA_002/20220823_033000.WAV,Telephone Field,recover-20220825,002,1795
1149.8785,1149.9199,68437,83025,Rhinolophus ferrumequinum,0.038,0.038,-1,Echolocation,/mnt/ubna_data_01_mir/recover-20220825/UBNA_002/20220823_033000.WAV,Telephone Field,recover-20220825,002,1795
1149.9215,1149.9275,25468,39381,Myotis nattereri,0.005,0.022,-1,Echolocation,/mnt/ubna_data_01_mir/recover-20220825/UBNA_002/20220823_033000.WAV,Telephone Field,recover-20220825,002,1795
1149.9225,1149.9282,32343,45436,Myotis daubentonii,0.009,0.022,-1,Echolocation,/mnt/ubna_data_01_mir/recover-20220825/UBNA_002/20220823_033000.WAV,Telephone Field,recover-20220825,002,1795
1149.9435,1149.983,68437,82358,Rhinolophus ferrumequinum,0.023,0.023,-1,Echolocation,/mnt/ubna_data_01_mir/recover-20220825/UBNA_002/20220823_033000.WAV,Telephone Field,recover-20220825,002,1795
1149.9725,1149.988,22031,25694,Nyctalus leisleri,0.031,0.05,-1,Echolocation,/mnt/ubna_data_01_mir/recover-20220825/UBNA_002/20220823_033000.WAV,Telephone Field,recover-20220825,002,1795
1150.0015,1150.0343,68437,79810,Rhinolophus ferrumequinum,0.03,0.031,-1,Echolocation,/mnt/ubna_data_01_mir/recover-20220825/UBNA_002/20220823_033000.WAV,Telephone Field,recover-20220825,002,1795
1150.0015,1150.0108,28046,37752,Eptesicus serotinus,0.01,0.029,-1,Echolocation,/mnt/ubna_data_01_mir/recover-20220825/UBNA_002/20220823_033000.WAV,Telephone Field,recover-20220825,002,1795
1150.0015,1150.0132,20312,25463,Nyctalus leisleri,0.009,0.022,-1,Echolocation,/mnt/ubna_data_01_mir/recover-20220825/UBNA_002/20220823_033000.WAV,Telephone Field,recover-20220825,002,1795
1150.0015,1150.0075,50390,57738,Pipistrellus pipistrellus,0.015,0.022,-1,Echolocation,/mnt/ubna_data_01_mir/recover-20220825/UBNA_002/20220823_033000.WAV,Telephone Field,recover-20220825,002,1795
1150.0075,1150.0522,68437,82216,Rhinolophus ferrumequinum,0.023,0.023,-1,Echolocation,/mnt/ubna_data_01_mir/recover-20220825/UBNA_002/20220823_033000.WAV,Telephone Field,recover-20220825,002,1795
1150.0225,1150.0316,28046,37649,Eptesicus serotinus,0.01,0.025,-1,Echolocation,/mnt/ubna_data_01_mir/recover-20220825/UBNA_002/20220823_033000.WAV,Telephone Field,recover-20220825,002,1795
1150.0295,1150.0368,25468,33971,Plecotus austriacus,0.006,0.023,-1,Echolocation,/mnt/ubna_data_01_mir/recover-20220825/UBNA_002/20220823_033000.WAV,Telephone Field,recover-20220825,002,1795
1150.0495,1150.0865,68437,82003,Rhinolophus ferrumequinum,0.025,0.025,-1,Echolocation,/mnt/ubna_data_01_mir/recover-20220825/UBNA_002/20220823_033000.WAV,Telephone Field,recover-20220825,002,1795
1150.0705,1150.1107,68437,82412,Rhinolophus ferrumequinum,0.027,0.027,-1,Echolocation,/mnt/ubna_data_01_mir/recover-20220825/UBNA_002/20220823_033000.WAV,Telephone Field,recover-20220825,002,1795
1150.0775,1150.0864,26328,34966,Eptesicus serotinus,0.008,0.021,-1,Echolocation,/mnt/ubna_data_01_mir/recover-20220825/UBNA_002/20220823_033000.WAV,Telephone Field,recover-20220825,002,1795
1150.0815,1150.1207,68437,82060,Rhinolophus ferrumequinum,0.021,0.021,-1,Echolocation,/mnt/ubna_data_01_mir/recover-20220825/UBNA_002/20220823_033000.WAV,Telephone Field,recover-20220825,002,1795
1150.0915,1150.1308,68437,82229,Rhinolophus ferrumequinum,0.022,0.022,-1,Echolocation,/mnt/ubna_data_01_mir/recover-20220825/UBNA_002/20220823_033000.WAV,Telephone Field,recover-20220825,002,1795
1150.1125,1150.1545,68437,82762,Rhinolophus ferrumequinum,0.025,0.025,-1,Echolocation,/mnt/ubna_data_01_mir/recover-20220825/UBNA_002/20220823_033000.WAV,Telephone Field,recover-20220825,002,1795
1150.1585,1150.1964,68437,81593,Rhinolophus ferrumequinum,0.022,0.022,-1,Echolocation,/mnt/ubna_data_01_mir/recover-20220825/UBNA_002/20220823_033000.WAV,Telephone Field,recover-20220825,002,1795
1150.1785,1150.1869,28046,39720,Eptesicus serotinus,0.008,0.021,-1,Echolocation,/mnt/ubna_data_01_mir/recover-20220825/UBNA_002/20220823_033000.WAV,Telephone Field,recover-20220825,002,1795
1150.1945,1150.2338,68437,82656,Rhinolophus ferrumequinum,0.025,0.025,-1,Echolocation,/mnt/ubna_data_01_mir/recover-20220825/UBNA_002/20220823_033000.WAV,Telephone Field,recover-20220825,002,1795
1150.2015,1150.2393,68437,81639,Rhinolophus ferrumequinum,0.021,0.021,-1,Echolocation,/mnt/ubna_data_01_mir/recover-20220825/UBNA_002/20220823_033000.WAV,Telephone Field,recover-20220825,002,1795
1150.2105,1150.2529,68437,82608,Rhinolophus ferrumequinum,0.026,0.026,-1,Echolocation,/mnt/ubna_data_01_mir/recover-20220825/UBNA_002/20220823_033000.WAV,Telephone Field,recover-20220825,002,1795
1150.2755,1150.285,22031,27257,Nyctalus leisleri,0.008,0.022,-1,Echolocation,/mnt/ubna_data_01_mir/recover-20220825/UBNA_002/20220823_033000.WAV,Telephone Field,recover-20220825,002,1795
1150.2875,1150.3268,68437,82382,Rhinolophus ferrumequinum,0.023,0.023,-1,Echolocation,/mnt/ubna_data_01_mir/recover-20220825/UBNA_002/20220823_033000.WAV,Telephone Field,recover-20220825,002,1795
1150.3135,1150.354,68437,82494,Rhinolophus ferrumequinum,0.028,0.028,-1,Echolocation,/mnt/ubna_data_01_mir/recover-20220825/UBNA_002/20220823_033000.WAV,Telephone Field,recover-20220825,002,1795
1150.3255,1150.3332,48671,52810,Pipistrellus pipistrellus,0.02,0.021,-1,Echolocation,/mnt/ubna_data_01_mir/recover-20220825/UBNA_002/20220823_033000.WAV,Telephone Field,recover-20220825,002,1795
1150.3605,1150.3719,28046,34927,Eptesicus serotinus,0.014,0.029,-1,Echolocation,/mnt/ubna_data_01_mir/recover-20220825/UBNA_002/20220823_033000.WAV,Telephone Field,recover-20220825,002,1795
1150.3685,1150.4068,68437,81469,Rhinolophus ferrumequinum,0.021,0.021,-1,Echolocation,/mnt/ubna_data_01_mir/recover-20220825/UBNA_002/20220823_033000.WAV,Telephone Field,recover-20220825,002,1795
1150.3695,1150.3808,23750,29257,Nyctalus leisleri,0.013,0.028,-1,Echolocation,/mnt/ubna_data_01_mir/recover-20220825/UBNA_002/20220823_033000.WAV,Telephone Field,recover-20220825,002,1795
1150.3895,1150.4302,68437,83287,Rhinolophus ferrumequinum,0.027,0.027,-1,Echolocation,/mnt/ubna_data_01_mir/recover-20220825/UBNA_002/20220823_033000.WAV,Telephone Field,recover-20220825,002,1795
1150.4035,1150.4437,68437,82263,Rhinolophus ferrumequinum,0.021,0.021,-1,Echolocation,/mnt/ubna_data_01_mir/recover-20220825/UBNA_002/20220823_033000.WAV,Telephone Field,recover-20220825,002,1795
1150.4365,1150.4441,28046,38283,Eptesicus serotinus,0.008,0.023,-1,Echolocation,/mnt/ubna_data_01_mir/recover-20220825/UBNA_002/20220823_033000.WAV,Telephone Field,recover-20220825,002,1795
1150.4475,1150.4856,68437,82344,Rhinolophus ferrumequinum,0.022,0.022,-1,Echolocation,/mnt/ubna_data_01_mir/recover-20220825/UBNA_002/20220823_033000.WAV,Telephone Field,recover-20220825,002,1795
1150.4625,1150.5031,68437,82479,Rhinolophus ferrumequinum,0.022,0.022,-1,Echolocation,/mnt/ubna_data_01_mir/recover-20220825/UBNA_002/20220823_033000.WAV,Telephone Field,recover-20220825,002,1795
1150.4965,1150.5326,68437,81203,Rhinolophus ferrumequinum,0.02,0.021,-1,Echolocation,/mnt/ubna_data_01_mir/recover-20220825/UBNA_002/20220823_033000.WAV,Telephone Field,recover-20220825,002,1795
1150.5125,1150.5478,68437,81364,Rhinolophus ferrumequinum,0.021,0.021,-1,Echolocation,/mnt/ubna_data_01_mir/recover-20220825/UBNA_002/20220823_033000.WAV,Telephone Field,recover-20220825,002,1795
1150.5195,1150.5546,68437,81775,Rhinolophus ferrumequinum,0.021,0.021,-1,Echolocation,/mnt/ubna_data_01_mir/recover-20220825/UBNA_002/20220823_033000.WAV,Telephone Field,recover-20220825,002,1795
1150.5345,1150.5429,27187,37053,Eptesicus serotinus,0.013,0.03,-1,Echolocation,/mnt/ubna_data_01_mir/recover-20220825/UBNA_002/20220823_033000.WAV,Telephone Field,recover-20220825,002,1795
1150.5785,1150.5877,27187,36233,Eptesicus serotinus,0.009,0.022,-1,Echolocation,/mnt/ubna_data_01_mir/recover-20220825/UBNA_002/20220823_033000.WAV,Telephone Field,recover-20220825,002,1795
1150.5935,1150.6356,68437,83154,Rhinolophus ferrumequinum,0.039,0.039,-1,Echolocation,/mnt/ubna_data_01_mir/recover-20220825/UBNA_002/20220823_033000.WAV,Telephone Field,recover-20220825,002,1795
1150.6065,1150.642,68437,81156,Rhinolophus ferrumequinum,0.021,0.021,-1,Echolocation,/mnt/ubna_data_01_mir/recover-20220825/UBNA_002/20220823_033000.WAV,Telephone Field,recover-20220825,002,1795
1150.6425,1150.6533,23750,29753,Nyctalus leisleri,0.011,0.024,-1,Echolocation,/mnt/ubna_data_01_mir/recover-20220825/UBNA_002/20220823_033000.WAV,Telephone Field,recover-20220825,002,1795
1150.6715,1150.709,68437,82002,Rhinolophus ferrumequinum,0.026,0.026,-1,Echolocation,/mnt/ubna_data_01_mir/recover-20220825/UBNA_002/20220823_033000.WAV,Telephone Field,recover-20220825,002,1795
1150.7205,1150.7313,22890,27974,Nyctalus leisleri,0.01,0.021,-1,Echolocation,/mnt/ubna_data_01_mir/recover-20220825/UBNA_002/20220823_033000.WAV,Telephone Field,recover-20220825,002,1795
1150.7255,1150.7368,22890,27780,Nyctalus leisleri,0.011,0.021,-1,Echolocation,/mnt/ubna_data_01_mir/recover-20220825/UBNA_002/20220823_033000.WAV,Telephone Field,recover-20220825,002,1795
1150.7405,1150.777,68437,81754,Rhinolophus ferrumequinum,0.021,0.021,-1,Echolocation,/mnt/ubna_data_01_mir/recover-20220825/UBNA_002/20220823_033000.WAV,Telephone Field,recover-20220825,002,1795
1150.7805,1150.818,68437,81928,Rhinolophus ferrumequinum,0.021,0.021,-1,Echolocation,/mnt/ubna_data_01_mir/recover-20220825/UBNA_002/20220823_033000.WAV,Telephone Field,recover-20220825,002,1795
1150.8035,1150.8463,68437,82588,Rhinolophus ferrumequinum,0.025,0.025,-1,Echolocation,/mnt/ubna_data_01_mir/recover-20220825/UBNA_002/20220823_033000.WAV,Telephone Field,recover-20220825,002,1795
1150.8325,1150.8417,28046,36853,Eptesicus serotinus,0.009,0.024,-1,Echolocation,/mnt/ubna_data_01_mir/recover-20220825/UBNA_002/20220823_033000.WAV,Telephone Field,recover-20220825,002,1795
1150.9285,1150.9671,68437,81721,Rhinolophus ferrumequinum,0.021,0.021,-1,Echolocation,/mnt/ubna_data_01_mir/recover-20220825/UBNA_002/20220823_033000.WAV,Telephone Field,recover-20220825,002,1795
1150.9315,1150.9385,28046,39057,Eptesicus serotinus,0.009,0.028,-1,Echolocation,/mnt/ubna_data_01_mir/recover-20220825/UBNA_002/20220823_033000.WAV,Telephone Field,recover-20220825,002,1795
1150.9555,1150.9949,68437,81857,Rhinolophus ferrumequinum,0.021,0.021,-1,Echolocation,/mnt/ubna_data_01_mir/recover-20220825/UBNA_002/20220823_033000.WAV,Telephone Field,recover-20220825,002,1795
1151.0265,1151.0638,68437,81500,Rhinolophus ferrumequinum,0.024,0.024,-1,Echolocation,/mnt/ubna_data_01_mir/recover-20220825/UBNA_002/20220823_033000.WAV,Telephone Field,recover-20220825,002,1795
1151.0275,1151.0341,26328,39288,Eptesicus serotinus,0.005,0.023,-1,Echolocation,/mnt/ubna_data_01_mir/recover-20220825/UBNA_002/20220823_033000.WAV,Telephone Field,recover-20220825,002,1795
1151.0605,1151.0673,22890,31906,Plecotus austriacus,0.014,0.027,-1,Echolocation,/mnt/ubna_data_01_mir/recover-20220825/UBNA_002/20220823_033000.WAV,Telephone Field,recover-20220825,002,1795
1151.1135,1151.1552,68437,82591,Rhinolophus ferrumequinum,0.025,0.025,-1,Echolocation,/mnt/ubna_data_01_mir/recover-20220825/UBNA_002/20220823_033000.WAV,Telephone Field,recover-20220825,002,1795
1151.1205,1151.129,23750,30821,Nyctalus leisleri,0.006,0.023,-1,Echolocation,/mnt/ubna_data_01_mir/recover-20220825/UBNA_002/20220823_033000.WAV,Telephone Field,recover-20220825,002,1795
1151.1355,1151.1779,68437,83255,Rhinolophus ferrumequinum,0.027,0.027,-1,Echolocation,/mnt/ubna_data_01_mir/recover-20220825/UBNA_002/20220823_033000.WAV,Telephone Field,recover-20220825,002,1795
1151.1425,1151.1863,68437,82951,Rhinolophus ferrumequinum,0.027,0.027,-1,Echolocation,/mnt/ubna_data_01_mir/recover-20220825/UBNA_002/20220823_033000.WAV,Telephone Field,recover-20220825,002,1795
1151.1895,1151.2286,68437,82057,Rhinolophus ferrumequinum,0.022,0.022,-1,Echolocation,/mnt/ubna_data_01_mir/recover-20220825/UBNA_002/20220823_033000.WAV,Telephone Field,recover-20220825,002,1795
1151.2245,1151.2628,68437,82007,Rhinolophus ferrumequinum,0.021,0.021,-1,Echolocation,/mnt/ubna_data_01_mir/recover-20220825/UBNA_002/20220823_033000.WAV,Telephone Field,recover-20220825,002,1795
1151.2375,1151.2463,25468,33572,Eptesicus serotinus,0.008,0.022,-1,Echolocation,/mnt/ubna_data_01_mir/recover-20220825/UBNA_002/20220823_033000.WAV,Telephone Field,recover-20220825,002,1795
1151.2505,1151.2895,68437,82510,Rhinolophus ferrumequinum,0.025,0.025,-1,Echolocation,/mnt/ubna_data_01_mir/recover-20220825/UBNA_002/20220823_033000.WAV,Telephone Field,recover-20220825,002,1795
1151.2665,1151.2784,22031,26088,Nyctalus leisleri,0.013,0.023,-1,Echolocation,/mnt/ubna_data_01_mir/recover-20220825/UBNA_002/20220823_033000.WAV,Telephone Field,recover-20220825,002,1795
1151.2835,1151.2903,31484,48858,Myotis daubentonii,0.01,0.021,-1,Echolocation,/mnt/ubna_data_01_mir/recover-20220825/UBNA_002/20220823_033000.WAV,Telephone Field,recover-20220825,002,1795
1151.2845,1151.2906,24609,39998,Myotis nattereri,0.006,0.022,-1,Echolocation,/mnt/ubna_data_01_mir/recover-20220825/UBNA_002/20220823_033000.WAV,Telephone Field,recover-20220825,002,1795
1151.2895,1151.3302,68437,82516,Rhinolophus ferrumequinum,0.023,0.023,-1,Echolocation,/mnt/ubna_data_01_mir/recover-20220825/UBNA_002/20220823_033000.WAV,Telephone Field,recover-20220825,002,1795
1151.3515,1151.3876,68437,81357,Rhinolophus ferrumequinum,0.025,0.025,-1,Echolocation,/mnt/ubna_data_01_mir/recover-20220825/UBNA_002/20220823_033000.WAV,Telephone Field,recover-20220825,002,1795
1151.3585,1151.3687,23750,30303,Nyctalus leisleri,0.008,0.021,-1,Echolocation,/mnt/ubna_data_01_mir/recover-20220825/UBNA_002/20220823_033000.WAV,Telephone Field,recover-20220825,002,1795
1151.3905,1151.4289,68437,82250,Rhinolophus ferrumequinum,0.022,0.022,-1,Echolocation,/mnt/ubna_data_01_mir/recover-20220825/UBNA_002/20220823_033000.WAV,Telephone Field,recover-20220825,002,1795
1151.3945,1151.4018,27187,39980,Eptesicus serotinus,0.006,0.021,-1,Echolocation,/mnt/ubna_data_01_mir/recover-20220825/UBNA_002/20220823_033000.WAV,Telephone Field,recover-20220825,002,1795
1151.4155,1151.4242,28906,43059,Eptesicus serotinus,0.008,0.022,-1,Echolocation,/mnt/ubna_data_01_mir/recover-20220825/UBNA_002/20220823_033000.WAV,Telephone Field,recover-20220825,002,1795
1151.4255,1151.4337,28046,36668,Eptesicus serotinus,0.007,0.022,-1,Echolocation,/mnt/ubna_data_01_mir/recover-20220825/UBNA_002/20220823_033000.WAV,Telephone Field,recover-20220825,002,1795
1151.4265,1151.4378,34062,38462,Pipistrellus nathusii,0.006,0.027,-1,Echolocation,/mnt/ubna_data_01_mir/recover-20220825/UBNA_002/20220823_033000.WAV,Telephone Field,recover-20220825,002,1795
1151.4495,1151.4559,27187,40560,Eptesicus serotinus,0.005,0.022,-1,Echolocation,/mnt/ubna_data_01_mir/recover-20220825/UBNA_002/20220823_033000.WAV,Telephone Field,recover-20220825,002,1795
1151.5055,1151.5144,46953,51508,Pipistrellus pipistrellus,0.022,0.024,-1,Echolocation,/mnt/ubna_data_01_mir/recover-20220825/UBNA_002/20220823_033000.WAV,Telephone Field,recover-20220825,002,1795
1151.5065,1151.5415,68437,81393,Rhinolophus ferrumequinum,0.021,0.021,-1,Echolocation,/mnt/ubna_data_01_mir/recover-20220825/UBNA_002/20220823_033000.WAV,Telephone Field,recover-20220825,002,1795
1151.5155,1151.527,23750,28889,Nyctalus leisleri,0.019,0.036,-1,Echolocation,/mnt/ubna_data_01_mir/recover-20220825/UBNA_002/20220823_033000.WAV,Telephone Field,recover-20220825,002,1795
1151.5245,1151.5605,68437,81914,Rhinolophus ferrumequinum,0.021,0.021,-1,Echolocation,/mnt/ubna_data_01_mir/recover-20220825/UBNA_002/20220823_033000.WAV,Telephone Field,recover-20220825,002,1795
1151.5705,1151.6102,68437,82052,Rhinolophus ferrumequinum,0.021,0.021,-1,Echolocation,/mnt/ubna_data_01_mir/recover-20220825/UBNA_002/20220823_033000.WAV,Telephone Field,recover-20220825,002,1795
1151.6355,1151.6731,68437,82265,Rhinolophus ferrumequinum,0.023,0.023,-1,Echolocation,/mnt/ubna_data_01_mir/recover-20220825/UBNA_002/20220823_033000.WAV,Telephone Field,recover-20220825,002,1795
1151.6835,1151.7249,68437,82757,Rhinolophus ferrumequinum,0.025,0.025,-1,Echolocation,/mnt/ubna_data_01_mir/recover-20220825/UBNA_002/20220823_033000.WAV,Telephone Field,recover-20220825,002,1795
1151.7575,1151.8007,68437,83167,Rhinolophus ferrumequinum,0.029,0.029,-1,Echolocation,/mnt/ubna_data_01_mir/recover-20220825/UBNA_002/20220823_033000.WAV,Telephone Field,recover-20220825,002,1795
1151.7695,1151.7753,28046,41601,Eptesicus serotinus,0.006,0.026,-1,Echolocation,/mnt/ubna_data_01_mir/recover-20220825/UBNA_002/20220823_033000.WAV,Telephone Field,recover-20220825,002,1795
1151.7835,1151.8215,68437,82249,Rhinolophus ferrumequinum,0.021,0.021,-1,Echolocation,/mnt/ubna_data_01_mir/recover-20220825/UBNA_002/20220823_033000.WAV,Telephone Field,recover-20220825,002,1795
1151.8125,1151.819,27187,40656,Eptesicus serotinus,0.006,0.025,-1,Echolocation,/mnt/ubna_data_01_mir/recover-20220825/UBNA_002/20220823_033000.WAV,Telephone Field,recover-20220825,002,1795
1151.8185,1151.8631,68437,83730,Rhinolophus ferrumequinum,0.04,0.04,-1,Echolocation,/mnt/ubna_data_01_mir/recover-20220825/UBNA_002/20220823_033000.WAV,Telephone Field,recover-20220825,002,1795
1151.8705,1151.9139,68437,82977,Rhinolophus ferrumequinum,0.028,0.028,-1,Echolocation,/mnt/ubna_data_01_mir/recover-20220825/UBNA_002/20220823_033000.WAV,Telephone Field,recover-20220825,002,1795
1151.8855,1151.8969,22031,25768,Nyctalus leisleri,0.012,0.021,-1,Echolocation,/mnt/ubna_data_01_mir/recover-20220825/UBNA_002/20220823_033000.WAV,Telephone Field,recover-20220825,002,1795
1151.9275,1151.9711,68437,83228,Rhinolophus ferrumequinum,0.032,0.032,-1,Echolocation,/mnt/ubna_data_01_mir/recover-20220825/UBNA_002/20220823_033000.WAV,Telephone Field,recover-20220825,002,1795
1151.9285,1151.9397,22031,27957,Nyctalus leisleri,0.012,0.031,-1,Echolocation,/mnt/ubna_data_01_mir/recover-20220825/UBNA_002/20220823_033000.WAV,Telephone Field,recover-20220825,002,1795
1151.9435,1151.983,68437,81882,Rhinolophus ferrumequinum,0.022,0.022,-1,Echolocation,/mnt/ubna_data_01_mir/recover-20220825/UBNA_002/20220823_033000.WAV,Telephone Field,recover-20220825,002,1795
1151.9645,1151.9715,27187,38975,Eptesicus serotinus,0.006,0.022,-1,Echolocation,/mnt/ubna_data_01_mir/recover-20220825/UBNA_002/20220823_033000.WAV,Telephone Field,recover-20220825,002,1795
1152.0015,1152.0091,30625,40366,Myotis daubentonii,0.007,0.025,-1,Echolocation,/mnt/ubna_data_01_mir/recover-20220825/UBNA_002/20220823_033000.WAV,Telephone Field,recover-20220825,002,1795
1152.0015,1152.0106,23750,31942,Nyctalus leisleri,0.01,0.03,-1,Echolocation,/mnt/ubna_data_01_mir/recover-20220825/UBNA_002/20220823_033000.WAV,Telephone Field,recover-20220825,002,1795
1152.0015,1152.0138,47812,54339,Pipistrellus pipistrellus,0.022,0.028,-1,Echolocation,/mnt/ubna_data_01_mir/recover-20220825/UBNA_002/20220823_033000.WAV,Telephone Field,recover-20220825,002,1795
1152.0015,1152.0289,70156,85578,Rhinolophus ferrumequinum,0.026,0.026,-1,Echolocation,/mnt/ubna_data_01_mir/recover-20220825/UBNA_002/20220823_033000.WAV,Telephone Field,recover-20220825,002,1795
1152.0215,1152.0402,18593,22647,Nyctalus noctula,0.021,0.034,-1,Echolocation,/mnt/ubna_data_01_mir/recover-20220825/UBNA_002/20220823_033000.WAV,Telephone Field,recover-20220825,002,1795
1152.0265,1152.0358,28906,37136,Eptesicus serotinus,0.012,0.026,-1,Echolocation,/mnt/ubna_data_01_mir/recover-20220825/UBNA_002/20220823_033000.WAV,Telephone Field,recover-20220825,002,1795
1152.0455,1152.085,68437,83011,Rhinolophus ferrumequinum,0.026,0.026,-1,Echolocation,/mnt/ubna_data_01_mir/recover-20220825/UBNA_002/20220823_033000.WAV,Telephone Field,recover-20220825,002,1795
1152.0505,1152.0618,24609,30748,Nyctalus leisleri,0.017,0.042,-1,Echolocation,/mnt/ubna_data_01_mir/recover-20220825/UBNA_002/20220823_033000.WAV,Telephone Field,recover-20220825,002,1795
1152.0825,1152.1229,68437,82418,Rhinolophus ferrumequinum,0.023,0.023,-1,Echolocation,/mnt/ubna_data_01_mir/recover-20220825/UBNA_002/20220823_033000.WAV,Telephone Field,recover-20220825,002,1795
1152.0835,1152.0973,14296,18997,Nyctalus noctula,0.018,0.028,-1,Echolocation,/mnt/ubna_data_01_mir/recover-20220825/UBNA_002/20220823_033000.WAV,Telephone Field,recover-20220825,002,1795
1152.1105,1152.152,68437,82839,Rhinolophus ferrumequinum,0.025,0.026,-1,Echolocation,/mnt/ubna_data_01_mir/recover-20220825/UBNA_002/20220823_033000.WAV,Telephone Field,recover-20220825,002,1795
1152.1215,1152.1308,25468,32700,Eptesicus serotinus,0.008,0.022,-1,Echolocation,/mnt/ubna_data_01_mir/recover-20220825/UBNA_002/20220823_033000.WAV,Telephone Field,recover-20220825,002,1795
1152.1475,1152.157,28906,37467,Eptesicus serotinus,0.009,0.022,-1,Echolocation,/mnt/ubna_data_01_mir/recover-20220825/UBNA_002/20220823_033000.WAV,Telephone Field,recover-20220825,002,1795
1152.1765,1152.2123,68437,81673,Rhinolophus ferrumequinum,0.022,0.022,-1,Echolocation,/mnt/ubna_data_01_mir/recover-20220825/UBNA_002/20220823_033000.WAV,Telephone Field,recover-20220825,002,1795
1152.2125,1152.2496,68437,82187,Rhinolophus ferrumequinum,0.022,0.022,-1,Echolocation,/mnt/ubna_data_01_mir/recover-20220825/UBNA_002/20220823_033000.WAV,Telephone Field,recover-20220825,002,1795
1152.2295,1152.24,24609,30992,Nyctalus leisleri,0.008,0.022,-1,Echolocation,/mnt/ubna_data_01_mir/recover-20220825/UBNA_002/20220823_033000.WAV,Telephone Field,recover-20220825,002,1795
1152.2525,1152.261,22890,30917,Plecotus austriacus,0.016,0.036,-1,Echolocation,/mnt/ubna_data_01_mir/recover-20220825/UBNA_002/20220823_033000.WAV,Telephone Field,recover-20220825,002,1795
1152.2715,1152.2798,27187,41023,Eptesicus serotinus,0.007,0.021,-1,Echolocation,/mnt/ubna_data_01_mir/recover-20220825/UBNA_002/20220823_033000.WAV,Telephone Field,recover-20220825,002,1795
1152.2875,1152.3274,68437,82875,Rhinolophus ferrumequinum,0.024,0.024,-1,Echolocation,/mnt/ubna_data_01_mir/recover-20220825/UBNA_002/20220823_033000.WAV,Telephone Field,recover-20220825,002,1795
1152.3015,1152.312,22890,28777,Nyctalus leisleri,0.009,0.022,-1,Echolocation,/mnt/ubna_data_01_mir/recover-20220825/UBNA_002/20220823_033000.WAV,Telephone Field,recover-20220825,002,1795
1152.3095,1152.323,22031,25550,Nyctalus leisleri,0.017,0.029,-1,Echolocation,/mnt/ubna_data_01_mir/recover-20220825/UBNA_002/20220823_033000.WAV,Telephone Field,recover-20220825,002,1795
1152.3195,1152.3578,68437,82392,Rhinolophus ferrumequinum,0.022,0.022,-1,Echolocation,/mnt/ubna_data_01_mir/recover-20220825/UBNA_002/20220823_033000.WAV,Telephone Field,recover-20220825,002,1795
1152.3365,1152.3787,68437,82675,Rhinolophus ferrumequinum,0.022,0.022,-1,Echolocation,/mnt/ubna_data_01_mir/recover-20220825/UBNA_002/20220823_033000.WAV,Telephone Field,recover-20220825,002,1795
1152.3395,1152.3496,55546,62622,Pipistrellus pygmaeus,0.02,0.023,-1,Echolocation,/mnt/ubna_data_01_mir/recover-20220825/UBNA_002/20220823_033000.WAV,Telephone Field,recover-20220825,002,1795
1152.3435,1152.3845,68437,82666,Rhinolophus ferrumequinum,0.022,0.022,-1,Echolocation,/mnt/ubna_data_01_mir/recover-20220825/UBNA_002/20220823_033000.WAV,Telephone Field,recover-20220825,002,1795
1152.3705,1152.3779,27187,39785,Eptesicus serotinus,0.008,0.026,-1,Echolocation,/mnt/ubna_data_01_mir/recover-20220825/UBNA_002/20220823_033000.WAV,Telephone Field,recover-20220825,002,1795
1152.4015,1152.4115,22890,28164,Nyctalus leisleri,0.009,0.021,-1,Echolocation,/mnt/ubna_data_01_mir/recover-20220825/UBNA_002/20220823_033000.WAV,Telephone Field,recover-20220825,002,1795
1152.4245,1152.4678,68437,82812,Rhinolophus ferrumequinum,0.04,0.04,-1,Echolocation,/mnt/ubna_data_01_mir/recover-20220825/UBNA_002/20220823_033000.WAV,Telephone Field,recover-20220825,002,1795
1152.5195,1152.561,68437,82442,Rhinolophus ferrumequinum,0.024,0.024,-1,Echolocation,/mnt/ubna_data_01_mir/recover-20220825/UBNA_002/20220823_033000.WAV,Telephone Field,recover-20220825,002,1795
1152.6195,1152.6594,68437,82655,Rhinolophus ferrumequinum,0.024,0.024,-1,Echolocation,/mnt/ubna_data_01_mir/recover-20220825/UBNA_002/20220823_033000.WAV,Telephone Field,recover-20220825,002,1795
1152.6475,1152.6558,26328,35244,Eptesicus serotinus,0.008,0.022,-1,Echolocation,/mnt/ubna_data_01_mir/recover-20220825/UBNA_002/20220823_033000.WAV,Telephone Field,recover-20220825,002,1795
1152.6635,1152.6715,27187,36399,Eptesicus serotinus,0.013,0.033,-1,Echolocation,/mnt/ubna_data_01_mir/recover-20220825/UBNA_002/20220823_033000.WAV,Telephone Field,recover-20220825,002,1795
1152.6635,1152.7048,68437,82542,Rhinolophus ferrumequinum,0.025,0.025,-1,Echolocation,/mnt/ubna_data_01_mir/recover-20220825/UBNA_002/20220823_033000.WAV,Telephone Field,recover-20220825,002,1795
1152.6925,1152.7048,27187,34361,Eptesicus serotinus,0.013,0.029,-1,Echolocation,/mnt/ubna_data_01_mir/recover-20220825/UBNA_002/20220823_033000.WAV,Telephone Field,recover-20220825,002,1795
1152.6995,1152.7138,27187,32074,Eptesicus serotinus,0.013,0.028,-1,Echolocation,/mnt/ubna_data_01_mir/recover-20220825/UBNA_002/20220823_033000.WAV,Telephone Field,recover-20220825,002,1795
1152.7265,1152.7629,68437,82137,Rhinolophus ferrumequinum,0.023,0.023,-1,Echolocation,/mnt/ubna_data_01_mir/recover-20220825/UBNA_002/20220823_033000.WAV,Telephone Field,recover-20220825,002,1795
1152.7275,1152.7442,21171,24534,Nyctalus leisleri,0.016,0.026,-1,Echolocation,/mnt/ubna_data_01_mir/recover-20220825/UBNA_002/20220823_033000.WAV,Telephone Field,recover-20220825,002,1795
1152.7705,1152.8072,68437,81779,Rhinolophus ferrumequinum,0.021,0.021,-1,Echolocation,/mnt/ubna_data_01_mir/recover-20220825/UBNA_002/20220823_033000.WAV,Telephone Field,recover-20220825,002,1795
1152.7845,1152.7928,22890,30529,Plecotus austriacus,0.01,0.023,-1,Echolocation,/mnt/ubna_data_01_mir/recover-20220825/UBNA_002/20220823_033000.WAV,Telephone Field,recover-20220825,002,1795
1152.8105,1152.8182,46093,50985,Pipistrellus pipistrellus,0.026,0.028,-1,Echolocation,/mnt/ubna_data_01_mir/recover-20220825/UBNA_002/20220823_033000.WAV,Telephone Field,recover-20220825,002,1795
1152.8205,1152.8576,68437,81683,Rhinolophus ferrumequinum,0.021,0.021,-1,Echolocation,/mnt/ubna_data_01_mir/recover-20220825/UBNA_002/20220823_033000.WAV,Telephone Field,recover-20220825,002,1795
1152.8815,1152.8879,50390,55697,Pipistrellus pipistrellus,0.019,0.021,-1,Echolocation,/mnt/ubna_data_01_mir/recover-20220825/UBNA_002/20220823_033000.WAV,Telephone Field,recover-20220825,002,1795
1152.8935,1152.9337,68437,82894,Rhinolophus ferrumequinum,0.022,0.022,-1,Echolocation,/mnt/ubna_data_01_mir/recover-20220825/UBNA_002/20220823_033000.WAV,Telephone Field,recover-20220825,002,1795
1152.9955,1153.0029,23750,33524,Plecotus austriacus,0.011,0.027,-1,Echolocation,/mnt/ubna_data_01_mir/recover-20220825/UBNA_002/20220823_033000.WAV,Telephone Field,recover-20220825,002,1795
1153.0115,1153.0511,68437,81662,Rhinolophus ferrumequinum,0.022,0.022,-1,Echolocation,/mnt/ubna_data_01_mir/recover-20220825/UBNA_002/20220823_033000.WAV,Telephone Field,recover-20220825,002,1795
1153.0195,1153.0317,14296,19005,Nyctalus noctula,0.033,0.055,-1,Echolocation,/mnt/ubna_data_01_mir/recover-20220825/UBNA_002/20220823_033000.WAV,Telephone Field,recover-20220825,002,1795
1153.0375,1153.0777,68437,82810,Rhinolophus ferrumequinum,0.027,0.027,-1,Echolocation,/mnt/ubna_data_01_mir/recover-20220825/UBNA_002/20220823_033000.WAV,Telephone Field,recover-20220825,002,1795
1153.0755,1153.1118,68437,81869,Rhinolophus ferrumequinum,0.024,0.024,-1,Echolocation,/mnt/ubna_data_01_mir/recover-20220825/UBNA_002/20220823_033000.WAV,Telephone Field,recover-20220825,002,1795
1153.0975,1153.1106,22031,26086,Nyctalus leisleri,0.016,0.029,-1,Echolocation,/mnt/ubna_data_01_mir/recover-20220825/UBNA_002/20220823_033000.WAV,Telephone Field,recover-20220825,002,1795
1153.1105,1153.117,49531,53846,Pipistrellus pipistrellus,0.027,0.028,-1,Echolocation,/mnt/ubna_data_01_mir/recover-20220825/UBNA_002/20220823_033000.WAV,Telephone Field,recover-20220825,002,1795
1153.1375,1153.178,68437,82509,Rhinolophus ferrumequinum,0.023,0.023,-1,Echolocation,/mnt/ubna_data_01_mir/recover-20220825/UBNA_002/20220823_033000.WAV,Telephone Field,recover-20220825,002,1795
1153.1575,1153.1961,68437,81928,Rhinolophus ferrumequinum,0.021,0.021,-1,Echolocation,/mnt/ubna_data_01_mir/recover-20220825/UBNA_002/20220823_033000.WAV,Telephone Field,recover-20220825,002,1795
1153.1845,1153.2211,68437,81909,Rhinolophus ferrumequinum,0.021,0.021,-1,Echolocation,/mnt/ubna_data_01_mir/recover-20220825/UBNA_002/20220823_033000.WAV,Telephone Field,recover-20220825,002,1795
1153.1995,1153.2384,68437,82072,Rhinolophus ferrumequinum,0.023,0.023,-1,Echolocation,/mnt/ubna_data_01_mir/recover-20220825/UBNA_002/20220823_033000.WAV,Telephone Field,recover-20220825,002,1795
1153.2125,1153.2193,25468,34926,Plecotus austriacus,0.009,0.027,-1,Echolocation,/mnt/ubna_data_01_mir/recover-20220825/UBNA_002/20220823_033000.WAV,Telephone Field,recover-20220825,002,1795
1153.2185,1153.2552,68437,81710,Rhinolophus ferrumequinum,0.021,0.021,-1,Echolocation,/mnt/ubna_data_01_mir/recover-20220825/UBNA_002/20220823_033000.WAV,Telephone Field,recover-20220825,002,1795
1153.2395,1153.2482,35781,42582,Barbastellus barbastellus,0.027,0.06,-1,Echolocation,/mnt/ubna_data_01_mir/recover-20220825/UBNA_002/20220823_033000.WAV,Telephone Field,recover-20220825,002,1795
1153.2395,1153.2464,27187,46858,Eptesicus serotinus,0.007,0.023,-1,Echolocation,/mnt/ubna_data_01_mir/recover-20220825/UBNA_002/20220823_033000.WAV,Telephone Field,recover-20220825,002,1795
1153.2545,1153.2943,68437,82915,Rhinolophus ferrumequinum,0.024,0.024,-1,Echolocation,/mnt/ubna_data_01_mir/recover-20220825/UBNA_002/20220823_033000.WAV,Telephone Field,recover-20220825,002,1795
1153.2585,1153.2687,28906,37333,Eptesicus serotinus,0.01,0.022,-1,Echolocation,/mnt/ubna_data_01_mir/recover-20220825/UBNA_002/20220823_033000.WAV,Telephone Field,recover-20220825,002,1795
1153.2875,1153.3262,68437,82491,Rhinolophus ferrumequinum,0.023,0.023,-1,Echolocation,/mnt/ubna_data_01_mir/recover-20220825/UBNA_002/20220823_033000.WAV,Telephone Field,recover-20220825,002,1795
1153.2955,1153.3055,24609,32159,Eptesicus serotinus,0.01,0.028,-1,Echolocation,/mnt/ubna_data_01_mir/recover-20220825/UBNA_002/20220823_033000.WAV,Telephone Field,recover-20220825,002,1795
1153.3465,1153.3599,23750,29316,Nyctalus leisleri,0.015,0.034,-1,Echolocation,/mnt/ubna_data_01_mir/recover-20220825/UBNA_002/20220823_033000.WAV,Telephone Field,recover-20220825,002,1795
1153.3605,1153.3684,25468,34367,Plecotus austriacus,0.006,0.022,-1,Echolocation,/mnt/ubna_data_01_mir/recover-20220825/UBNA_002/20220823_033000.WAV,Telephone Field,recover-20220825,002,1795
1153.4095,1153.4457,68437,81263,Rhinolophus ferrumequinum,0.022,0.022,-1,Echolocation,/mnt/ubna_data_01_mir/recover-20220825/UBNA_002/20220823_033000.WAV,Telephone Field,recover-20220825,002,1795
1153.4215,1153.4356,22890,27990,Nyctalus leisleri,0.016,0.033,-1,Echolocation,/mnt/ubna_data_01_mir/recover-20220825/UBNA_002/20220823_033000.WAV,Telephone Field,recover-20220825,002,1795
1153.4265,1153.4659,68437,82342,Rhinolophus ferrumequinum,0.03,0.03,-1,Echolocation,/mnt/ubna_data_01_mir/recover-20220825/UBNA_002/20220823_033000.WAV,Telephone Field,recover-20220825,002,1795
1153.4375,1153.4499,24609,30526,Nyctalus leisleri,0.012,0.032,-1,Echolocation,/mnt/ubna_data_01_mir/recover-20220825/UBNA_002/20220823_033000.WAV,Telephone Field,recover-20220825,002,1795
1153.4865,1153.5238,68437,81776,Rhinolophus ferrumequinum,0.026,0.026,-1,Echolocation,/mnt/ubna_data_01_mir/recover-20220825/UBNA_002/20220823_033000.WAV,Telephone Field,recover-20220825,002,1795
1153.4935,1153.5056,22890,27520,Nyctalus leisleri,0.012,0.024,-1,Echolocation,/mnt/ubna_data_01_mir/recover-20220825/UBNA_002/20220823_033000.WAV,Telephone Field,recover-20220825,002,1795
1153.5195,1153.5605,68437,83089,Rhinolophus ferrumequinum,0.022,0.022,-1,Echolocation,/mnt/ubna_data_01_mir/recover-20220825/UBNA_002/20220823_033000.WAV,Telephone Field,recover-20220825,002,1795
1153.5275,1153.5661,68437,82372,Rhinolophus ferrumequinum,0.022,0.022,-1,Echolocation,/mnt/ubna_data_01_mir/recover-20220825/UBNA_002/20220823_033000.WAV,Telephone Field,recover-20220825,002,1795
1153.5895,1153.6276,68437,81948,Rhinolophus ferrumequinum,0.022,0.022,-1,Echolocation,/mnt/ubna_data_01_mir/recover-20220825/UBNA_002/20220823_033000.WAV,Telephone Field,recover-20220825,002,1795
1153.5955,1153.6327,68437,82113,Rhinolophus ferrumequinum,0.023,0.023,-1,Echolocation,/mnt/ubna_data_01_mir/recover-20220825/UBNA_002/20220823_033000.WAV,Telephone Field,recover-20220825,002,1795
1153.6525,1153.6903,68437,81804,Rhinolophus ferrumequinum,0.023,0.023,-1,Echolocation,/mnt/ubna_data_01_mir/recover-20220825/UBNA_002/20220823_033000.WAV,Telephone Field,recover-20220825,002,1795
1153.6535,1153.6643,28046,36279,Eptesicus serotinus,0.011,0.024,-1,Echolocation,/mnt/ubna_data_01_mir/recover-20220825/UBNA_002/20220823_033000.WAV,Telephone Field,recover-20220825,002,1795
1153.6665,1153.6747,28046,38385,Eptesicus serotinus,0.008,0.022,-1,Echolocation,/mnt/ubna_data_01_mir/recover-20220825/UBNA_002/20220823_033000.WAV,Telephone Field,recover-20220825,002,1795
1153.7105,1153.7178,28046,39346,Eptesicus serotinus,0.008,0.025,-1,Echolocation,/mnt/ubna_data_01_mir/recover-20220825/UBNA_002/20220823_033000.WAV,Telephone Field,recover-20220825,002,1795
1153.7345,1153.7457,23750,29028,Nyctalus leisleri,0.01,0.022,-1,Echolocation,/mnt/ubna_data_01_mir/recover-20220825/UBNA_002/20220823_033000.WAV,Telephone Field,recover-20220825,002,1795
1153.7755,1153.7867,23750,28653,Nyctalus leisleri,0.01,0.022,-1,Echolocation,/mnt/ubna_data_01_mir/recover-20220825/UBNA_002/20220823_033000.WAV,Telephone Field,recover-20220825,002,1795
1153.8795,1153.8858,24609,35603,Plecotus austriacus,0.01,0.028,-1,Echolocation,/mnt/ubna_data_01_mir/recover-20220825/UBNA_002/20220823_033000.WAV,Telephone Field,recover-20220825,002,1795
1153.8855,1153.925,68437,82089,Rhinolophus ferrumequinum,0.023,0.023,-1,Echolocation,/mnt/ubna_data_01_mir/recover-20220825/UBNA_002/20220823_033000.WAV,Telephone Field,recover-20220825,002,1795
1153.9215,1153.959,68437,81949,Rhinolophus ferrumequinum,0.023,0.023,-1,Echolocation,/mnt/ubna_data_01_mir/recover-20220825/UBNA_002/20220823_033000.WAV,Telephone Field,recover-20220825,002,1795
1153.9605,1153.9721,22890,27845,Nyctalus leisleri,0.011,0.021,-1,Echolocation,/mnt/ubna_data_01_mir/recover-20220825/UBNA_002/20220823_033000.WAV,Telephone Field,recover-20220825,002,1795
1153.9725,1153.9858,22031,25506,Nyctalus leisleri,0.014,0.023,-1,Echolocation,/mnt/ubna_data_01_mir/recover-20220825/UBNA_002/20220823_033000.WAV,Telephone Field,recover-20220825,002,1795
1154.0015,1154.032,68437,79352,Rhinolophus ferrumequinum,0.03,0.031,-1,Echolocation,/mnt/ubna_data_01_mir/recover-20220825/UBNA_002/20220823_033000.WAV,Telephone Field,recover-20220825,002,1795
1154.0015,1154.0094,25468,35711,Nyctalus leisleri,0.006,0.026,-1,Echolocation,/mnt/ubna_data_01_mir/recover-20220825/UBNA_002/20220823_033000.WAV,Telephone Field,recover-20220825,002,1795
1154.0305,1154.0681,68437,81130,Rhinolophus ferrumequinum,0.023,0.023,-1,Echolocation,/mnt/ubna_data_01_mir/recover-20220825/UBNA_002/20220823_033000.WAV,Telephone Field,recover-20220825,002,1795
1154.0405,1154.0761,68437,81398,Rhinolophus ferrumequinum,0.023,0.024,-1,Echolocation,/mnt/ubna_data_01_mir/recover-20220825/UBNA_002/20220823_033000.WAV,Telephone Field,recover-20220825,002,1795
1154.0425,1154.0503,25468,34201,Eptesicus serotinus,0.006,0.021,-1,Echolocation,/mnt/ubna_data_01_mir/recover-20220825/UBNA_002/20220823_033000.WAV,Telephone Field,recover-20220825,002,1795
1154.0635,1154.1016,68437,82324,Rhinolophus ferrumequinum,0.024,0.024,-1,Echolocation,/mnt/ubna_data_01_mir/recover-20220825/UBNA_002/20220823_033000.WAV,Telephone Field,recover-20220825,002,1795
1154.0765,1154.0864,28906,37981,Eptesicus serotinus,0.008,0.022,-1,Echolocation,/mnt/ubna_data_01_mir/recover-20220825/UBNA_002/20220823_033000.WAV,Telephone Field,recover-20220825,002,1795
1154.0905,1154.1017,23750,30684,Nyctalus leisleri,0.009,0.027,-1,Echolocation,/mnt/ubna_data_01_mir/recover-20220825/UBNA_002/20220823_033000.WAV,Telephone Field,recover-20220825,002,1795
1154.0965,1154.1299,68437,81078,Rhinolophus ferrumequinum,0.024,0.024,-1,Echolocation,/mnt/ubna_data_01_mir/recover-20220825/UBNA_002/20220823_033000.WAV,Telephone Field,recover-20220825,002,1795
1154.1075,1154.149,68437,82694,Rhinolophus ferrumequinum,0.034,0.034,-1,Echolocation,/mnt/ubna_data_01_mir/recover-20220825/UBNA_002/20220823_033000.WAV,Telephone Field,recover-20220825,002,1795
1154.1105,1154.1208,29765,37834,Eptesicus serotinus,0.012,0.026,-1,Echolocation,/mnt/ubna_data_01_mir/recover-20220825/UBNA_002/20220823_033000.WAV,Telephone Field,recover-20220825,002,1795
1154.1335,1154.1711,68437,81194,Rhinolophus ferrumequinum,0.025,0.025,-1,Echolocation,/mnt/ubna_data_01_mir/recover-20220825/UBNA_002/20220823_033000.WAV,Telephone Field,recover-20220825,002,1795
1154.1405,1154.1471,25468,35229,Plecotus austriacus,0.009,0.03,-1,Echolocation,/mnt/ubna_data_01_mir/recover-20220825/UBNA_002/20220823_033000.WAV,Telephone Field,recover-20220825,002,1795
1154.1485,1154.1881,68437,82733,Rhinolophus ferrumequinum,0.022,0.022,-1,Echolocation,/mnt/ubna_data_01_mir/recover-20220825/UBNA_002/20220823_033000.WAV,Telephone Field,recover-20220825,002,1795
1154.1705,1154.1797,28906,37019,Eptesicus serotinus,0.008,0.021,-1,Echolocation,/mnt/ubna_data_01_mir/recover-20220825/UBNA_002/20220823_033000.WAV,Telephone Field,recover-20220825,002,1795
1154.1765,1154.2134,68437,81934,Rhinolophus ferrumequinum,0.027,0.027,-1,Echolocation,/mnt/ubna_data_01_mir/recover-20220825/UBNA_002/20220823_033000.WAV,Telephone Field,recover-20220825,002,1795
1154.2085,1154.2479,68437,82098,Rhinolophus ferrumequinum,0.02,0.02,-1,Echolocation,/mnt/ubna_data_01_mir/recover-20220825/UBNA_002/20220823_033000.WAV,Telephone Field,recover-20220825,002,1795
1154.2275,1154.2346,28046,38502,Eptesicus serotinus,0.009,0.025,-1,Echolocation,/mnt/ubna_data_01_mir/recover-20220825/UBNA_002/20220823_033000.WAV,Telephone Field,recover-20220825,002,1795
1154.2365,1154.2763,68437,81971,Rhinolophus ferrumequinum,0.021,0.021,-1,Echolocation,/mnt/ubna_data_01_mir/recover-20220825/UBNA_002/20220823_033000.WAV,Telephone Field,recover-20220825,002,1795
1154.2765,1154.3156,68437,81747,Rhinolophus ferrumequinum,0.021,0.021,-1,Echolocation,/mnt/ubna_data_01_mir/recover-20220825/UBNA_002/20220823_033000.WAV,Telephone Field,recover-20220825,002,1795
1154.3145,1154.351,68437,81144,Rhinolophus ferrumequinum,0.02,0.021,-1,Echolocation,/mnt/ubna_data_01_mir/recover-20220825/UBNA_002/20220823_033000.WAV,Telephone Field,recover-20220825,002,1795
1154.3265,1154.3615,68437,81785,Rhinolophus ferrumequinum,0.021,0.021,-1,Echolocation,/mnt/ubna_data_01_mir/recover-20220825/UBNA_002/20220823_033000.WAV,Telephone Field,recover-20220825,002,1795
1154.3425,1154.38,68437,82028,Rhinolophus ferrumequinum,0.024,0.024,-1,Echolocation,/mnt/ubna_data_01_mir/recover-20220825/UBNA_002/20220823_033000.WAV,Telephone Field,recover-20220825,002,1795
1154.3725,1154.4096,68437,81607,Rhinolophus ferrumequinum,0.021,0.021,-1,Echolocation,/mnt/ubna_data_01_mir/recover-20220825/UBNA_002/20220823_033000.WAV,Telephone Field,recover-20220825,002,1795
1154.3795,1154.4173,68437,81750,Rhinolophus ferrumequinum,0.02,0.021,-1,Echolocation,/mnt/ubna_data_01_mir/recover-20220825/UBNA_002/20220823_033000.WAV,Telephone Field,recover-20220825,002,1795
1154.4035,1154.443,68437,82732,Rhinolophus ferrumequinum,0.037,0.037,-1,Echolocation,/mnt/ubna_data_01_mir/recover-20220825/UBNA_002/20220823_033000.WAV,Telephone Field,recover-20220825,002,1795
1154.4155,1154.4546,68437,81335,Rhinolophus ferrumequinum,0.022,0.022,-1,Echolocation,/mnt/ubna_data_01_mir/recover-20220825/UBNA_002/20220823_033000.WAV,Telephone Field,recover-20220825,002,1795
1154.4245,1154.4621,68437,81751,Rhinolophus ferrumequinum,0.022,0.022,-1,Echolocation,/mnt/ubna_data_01_mir/recover-20220825/UBNA_002/20220823_033000.WAV,Telephone Field,recover-20220825,002,1795
1154.4365,1154.4762,68437,81917,Rhinolophus ferrumequinum,0.02,0.021,-1,Echolocation,/mnt/ubna_data_01_mir/recover-20220825/UBNA_002/20220823_033000.WAV,Telephone Field,recover-20220825,002,1795
1154.4415,1154.4546,44375,47626,Pipistrellus pipistrellus,0.039,0.042,-1,Echolocation,/mnt/ubna_data_01_mir/recover-20220825/UBNA_002/20220823_033000.WAV,Telephone Field,recover-20220825,002,1795
1154.4945,1154.5318,68437,81005,Rhinolophus ferrumequinum,0.021,0.021,-1,Echolocation,/mnt/ubna_data_01_mir/recover-20220825/UBNA_002/20220823_033000.WAV,Telephone Field,recover-20220825,002,1795
1154.5025,1154.5102,28906,38265,Eptesicus serotinus,0.007,0.024,-1,Echolocation,/mnt/ubna_data_01_mir/recover-20220825/UBNA_002/20220823_033000.WAV,Telephone Field,recover-20220825,002,1795
1154.5035,1154.5431,68437,82069,Rhinolophus ferrumequinum,0.029,0.029,-1,Echolocation,/mnt/ubna_data_01_mir/recover-20220825/UBNA_002/20220823_033000.WAV,Telephone Field,recover-20220825,002,1795
1154.5425,1154.5815,68437,82890,Rhinolophus ferrumequinum,0.03,0.03,-1,Echolocation,/mnt/ubna_data_01_mir/recover-20220825/UBNA_002/20220823_033000.WAV,Telephone Field,recover-20220825,002,1795
1154.5435,1154.5529,27187,33251,Eptesicus serotinus,0.024,0.057,-1,Echolocation,/mnt/ubna_data_01_mir/recover-20220825/UBNA_002/20220823_033000.WAV,Telephone Field,recover-20220825,002,1795
1154.5525,1154.5977,68437,83877,Rhinolophus ferrumequinum,0.047,0.047,-1,Echolocation,/mnt/ubna_data_01_mir/recover-20220825/UBNA_002/20220823_033000.WAV,Telephone Field,recover-20220825,002,1795
1154.5645,1154.5721,28046,37516,Eptesicus serotinus,0.007,0.022,-1,Echolocation,/mnt/ubna_data_01_mir/recover-20220825/UBNA_002/20220823_033000.WAV,Telephone Field,recover-20220825,002,1795
1154.5665,1154.5848,20312,23962,Nyctalus leisleri,0.015,0.033,-1,Echolocation,/mnt/ubna_data_01_mir/recover-20220825/UBNA_002/20220823_033000.WAV,Telephone Field,recover-20220825,002,1795
1154.5685,1154.5774,49531,55253,Pipistrellus pipistrellus,0.017,0.021,-1,Echolocation,/mnt/ubna_data_01_mir/recover-20220825/UBNA_002/20220823_033000.WAV,Telephone Field,recover-20220825,002,1795
1154.5905,1154.6264,68437,81276,Rhinolophus ferrumequinum,0.021,0.021,-1,Echolocation,/mnt/ubna_data_01_mir/recover-20220825/UBNA_002/20220823_033000.WAV,Telephone Field,recover-20220825,002,1795
1154.6065,1154.6425,68437,81530,Rhinolophus ferrumequinum,0.022,0.022,-1,Echolocation,/mnt/ubna_data_01_mir/recover-20220825/UBNA_002/20220823_033000.WAV,Telephone Field,recover-20220825,002,1795
1154.6445,1154.6844,68437,81766,Rhinolophus ferrumequinum,0.022,0.022,-1,Echolocation,/mnt/ubna_data_01_mir/recover-20220825/UBNA_002/20220823_033000.WAV,Telephone Field,recover-20220825,002,1795
1154.6655,1154.7018,68437,81233,Rhinolophus ferrumequinum,0.021,0.021,-1,Echolocation,/mnt/ubna_data_01_mir/recover-20220825/UBNA_002/20220823_033000.WAV,Telephone Field,recover-20220825,002,1795
1154.6845,1154.7208,68437,81784,Rhinolophus ferrumequinum,0.021,0.022,-1,Echolocation,/mnt/ubna_data_01_mir/recover-20220825/UBNA_002/20220823_033000.WAV,Telephone Field,recover-20220825,002,1795
1154.7025,1154.741,68437,82217,Rhinolophus ferrumequinum,0.022,0.022,-1,Echolocation,/mnt/ubna_data_01_mir/recover-20220825/UBNA_002/20220823_033000.WAV,Telephone Field,recover-20220825,002,1795
1154.7435,1154.7821,68437,82403,Rhinolophus ferrumequinum,0.021,0.021,-1,Echolocation,/mnt/ubna_data_01_mir/recover-20220825/UBNA_002/20220823_033000.WAV,Telephone Field,recover-20220825,002,1795
1154.7475,1154.7567,22890,29884,Plecotus austriacus,0.007,0.021,-1,Echolocation,/mnt/ubna_data_01_mir/recover-20220825/UBNA_002/20220823_033000.WAV,Telephone Field,recover-20220825,002,1795
1154.7735,1154.8129,68437,82091,Rhinolophus ferrumequinum,0.024,0.024,-1,Echolocation,/mnt/ubna_data_01_mir/recover-20220825/UBNA_002/20220823_033000.WAV,Telephone Field,recover-20220825,002,1795
1154.8095,1154.8477,68437,81881,Rhinolophus ferrumequinum,0.021,0.021,-1,Echolocation,/mnt/ubna_data_01_mir/recover-20220825/UBNA_002/20220823_033000.WAV,Telephone Field,recover-20220825,002,1795
1154.8155,1154.854,68437,81839,Rhinolophus ferrumequinum,0.022,0.022,-1,Echolocation,/mnt/ubna_data_01_mir/recover-20220825/UBNA_002/20220823_033000.WAV,Telephone Field,recover-20220825,002,1795
1154.8345,1154.8434,14296,21916,Plecotus auritus,0.011,0.021,-1,Echolocation,/mnt/ubna_data_01_mir/recover-20220825/UBNA_002/20220823_033000.WAV,Telephone Field,recover-20220825,002,1795
1154.8475,1154.8585,22890,27766,Nyctalus leisleri,0.01,0.021,-1,Echolocation,/mnt/ubna_data_01_mir/recover-20220825/UBNA_002/20220823_033000.WAV,Telephone Field,recover-20220825,002,1795
1154.8715,1154.9089,68437,82394,Rhinolophus ferrumequinum,0.023,0.023,-1,Echolocation,/mnt/ubna_data_01_mir/recover-20220825/UBNA_002/20220823_033000.WAV,Telephone Field,recover-20220825,002,1795
1154.9125,1154.9523,68437,82582,Rhinolophus ferrumequinum,0.021,0.021,-1,Echolocation,/mnt/ubna_data_01_mir/recover-20220825/UBNA_002/20220823_033000.WAV,Telephone Field,recover-20220825,002,1795
1154.9465,1154.9602,51250,55030,Pipistrellus pygmaeus,0.016,0.024,-1,Echolocation,/mnt/ubna_data_01_mir/recover-20220825/UBNA_002/20220823_033000.WAV,Telephone Field,recover-20220825,002,1795
1154.9605,1154.9994,68437,82355,Rhinolophus ferrumequinum,0.024,0.024,-1,Echolocation,/mnt/ubna_data_01_mir/recover-20220825/UBNA_002/20220823_033000.WAV,Telephone Field,recover-20220825,002,1795
1154.9715,1154.9818,23750,30545,Nyctalus leisleri,0.009,0.023,-1,Echolocation,/mnt/ubna_data_01_mir/recover-20220825/UBNA_002/20220823_033000.WAV,Telephone Field,recover-20220825,002,1795
1154.9765,1155.0133,68437,81825,Rhinolophus ferrumequinum,0.02,0.02,-1,Echolocation,/mnt/ubna_data_01_mir/recover-20220825/UBNA_002/20220823_033000.WAV,Telephone Field,recover-20220825,002,1795
1154.9985,1155.0085,28046,38360,Eptesicus serotinus,0.01,0.022,-1,Echolocation,/mnt/ubna_data_01_mir/recover-20220825/UBNA_002/20220823_033000.WAV,Telephone Field,recover-20220825,002,1795
1155.0565,1155.0949,68437,82187,Rhinolophus ferrumequinum,0.021,0.021,-1,Echolocation,/mnt/ubna_data_01_mir/recover-20220825/UBNA_002/20220823_033000.WAV,Telephone Field,recover-20220825,002,1795
1155.0645,1155.1001,68437,81593,Rhinolophus ferrumequinum,0.022,0.022,-1,Echolocation,/mnt/ubna_data_01_mir/recover-20220825/UBNA_002/20220823_033000.WAV,Telephone Field,recover-20220825,002,1795
1155.0735,1155.1145,68437,82254,Rhinolophus ferrumequinum,0.027,0.027,-1,Echolocation,/mnt/ubna_data_01_mir/recover-20220825/UBNA_002/20220823_033000.WAV,Telephone Field,recover-20220825,002,1795
1155.0975,1155.137,68437,82862,Rhinolophus ferrumequinum,0.021,0.021,-1,Echolocation,/mnt/ubna_data_01_mir/recover-20220825/UBNA_002/20220823_033000.WAV,Telephone Field,recover-20220825,002,1795
1155.1075,1155.1168,28046,37273,Eptesicus serotinus,0.009,0.023,-1,Echolocation,/mnt/ubna_data_01_mir/recover-20220825/UBNA_002/20220823_033000.WAV,Telephone Field,recover-20220825,002,1795
1155.1215,1155.1612,68437,81778,Rhinolophus ferrumequinum,0.022,0.022,-1,Echolocation,/mnt/ubna_data_01_mir/recover-20220825/UBNA_002/20220823_033000.WAV,Telephone Field,recover-20220825,002,1795
1155.1425,1155.1819,68437,82242,Rhinolophus ferrumequinum,0.025,0.025,-1,Echolocation,/mnt/ubna_data_01_mir/recover-20220825/UBNA_002/20220823_033000.WAV,Telephone Field,recover-20220825,002,1795
1155.2095,1155.25,68437,82347,Rhinolophus ferrumequinum,0.022,0.022,-1,Echolocation,/mnt/ubna_data_01_mir/recover-20220825/UBNA_002/20220823_033000.WAV,Telephone Field,recover-20220825,002,1795
1155.2165,1155.2239,30625,38237,Eptesicus serotinus,0.013,0.036,-1,Echolocation,/mnt/ubna_data_01_mir/recover-20220825/UBNA_002/20220823_033000.WAV,Telephone Field,recover-20220825,002,1795
1155.2265,1155.2661,68437,82982,Rhinolophus ferrumequinum,0.023,0.023,-1,Echolocation,/mnt/ubna_data_01_mir/recover-20220825/UBNA_002/20220823_033000.WAV,Telephone Field,recover-20220825,002,1795
1155.2405,1155.2475,28906,38917,Eptesicus serotinus,0.006,0.022,-1,Echolocation,/mnt/ubna_data_01_mir/recover-20220825/UBNA_002/20220823_033000.WAV,Telephone Field,recover-20220825,002,1795
1155.2935,1155.3302,68437,81404,Rhinolophus ferrumequinum,0.023,0.023,-1,Echolocation,/mnt/ubna_data_01_mir/recover-20220825/UBNA_002/20220823_033000.WAV,Telephone Field,recover-20220825,002,1795
1155.3145,1155.3577,68437,83409,Rhinolophus ferrumequinum,0.027,0.027,-1,Echolocation,/mnt/ubna_data_01_mir/recover-20220825/UBNA_002/20220823_033000.WAV,Telephone Field,recover-20220825,002,1795
1155.3495,1155.3927,68437,83041,Rhinolophus ferrumequinum,0.023,0.023,-1,Echolocation,/mnt/ubna_data_01_mir/recover-20220825/UBNA_002/20220823_033000.WAV,Telephone Field,recover-20220825,002,1795
1155.3585,1155.3980999999999,68437,82388,Rhinolophus ferrumequinum,0.022,0.022,-1,Echolocation,/mnt/ubna_data_01_mir/recover-20220825/UBNA_002/20220823_033000.WAV,Telephone Field,recover-20220825,002,1795
1155.3695,1155.3806,26328,33583,Eptesicus serotinus,0.012,0.028,-1,Echolocation,/mnt/ubna_data_01_mir/recover-20220825/UBNA_002/20220823_033000.WAV,Telephone Field,recover-20220825,002,1795
1155.3845,1155.4213,68437,81935,Rhinolophus ferrumequinum,0.023,0.024,-1,Echolocation,/mnt/ubna_data_01_mir/recover-20220825/UBNA_002/20220823_033000.WAV,Telephone Field,recover-20220825,002,1795
1155.3945,1155.4055,29765,37556,Eptesicus serotinus,0.011,0.024,-1,Echolocation,/mnt/ubna_data_01_mir/recover-20220825/UBNA_002/20220823_033000.WAV,Telephone Field,recover-20220825,002,1795
1155.4465,1155.4857,68437,82005,Rhinolophus ferrumequinum,0.023,0.023,-1,Echolocation,/mnt/ubna_data_01_mir/recover-20220825/UBNA_002/20220823_033000.WAV,Telephone Field,recover-20220825,002,1795
1155.4505,1155.4683,21171,25865,Nyctalus leisleri,0.014,0.032,-1,Echolocation,/mnt/ubna_data_01_mir/recover-20220825/UBNA_002/20220823_033000.WAV,Telephone Field,recover-20220825,002,1795
1155.4555,1155.4903,68437,81920,Rhinolophus ferrumequinum,0.02,0.02,-1,Echolocation,/mnt/ubna_data_01_mir/recover-20220825/UBNA_002/20220823_033000.WAV,Telephone Field,recover-20220825,002,1795
1155.4685,1155.507,68437,82141,Rhinolophus ferrumequinum,0.022,0.022,-1,Echolocation,/mnt/ubna_data_01_mir/recover-20220825/UBNA_002/20220823_033000.WAV,Telephone Field,recover-20220825,002,1795
1155.4765,1155.5159,68437,82391,Rhinolophus ferrumequinum,0.021,0.021,-1,Echolocation,/mnt/ubna_data_01_mir/recover-20220825/UBNA_002/20220823_033000.WAV,Telephone Field,recover-20220825,002,1795
1155.5175,1155.5284,28906,36212,Eptesicus serotinus,0.009,0.021,-1,Echolocation,/mnt/ubna_data_01_mir/recover-20220825/UBNA_002/20220823_033000.WAV,Telephone Field,recover-20220825,002,1795
1155.5245,1155.5634,68437,82135,Rhinolophus ferrumequinum,0.023,0.023,-1,Echolocation,/mnt/ubna_data_01_mir/recover-20220825/UBNA_002/20220823_033000.WAV,Telephone Field,recover-20220825,002,1795
1155.5745,1155.5825,28046,39501,Eptesicus serotinus,0.007,0.02,-1,Echolocation,/mnt/ubna_data_01_mir/recover-20220825/UBNA_002/20220823_033000.WAV,Telephone Field,recover-20220825,002,1795
1155.5795,1155.615,68437,81349,Rhinolophus ferrumequinum,0.023,0.023,-1,Echolocation,/mnt/ubna_data_01_mir/recover-20220825/UBNA_002/20220823_033000.WAV,Telephone Field,recover-20220825,002,1795
1155.6075,1155.6464,68437,82264,Rhinolophus ferrumequinum,0.026,0.026,-1,Echolocation,/mnt/ubna_data_01_mir/recover-20220825/UBNA_002/20220823_033000.WAV,Telephone Field,recover-20220825,002,1795
1155.6735,1155.7135,68437,83055,Rhinolophus ferrumequinum,0.026,0.026,-1,Echolocation,/mnt/ubna_data_01_mir/recover-20220825/UBNA_002/20220823_033000.WAV,Telephone Field,recover-20220825,002,1795
1155.7235,1155.7605,68437,82026,Rhinolophus ferrumequinum,0.02,0.021,-1,Echolocation,/mnt/ubna_data_01_mir/recover-20220825/UBNA_002/20220823_033000.WAV,Telephone Field,recover-20220825,002,1795
1155.7505,1155.7586,28046,40742,Eptesicus serotinus,0.007,0.02,-1,Echolocation,/mnt/ubna_data_01_mir/recover-20220825/UBNA_002/20220823_033000.WAV,Telephone Field,recover-20220825,002,1795
1155.7685,1155.7777,22890,28979,Nyctalus leisleri,0.008,0.021,-1,Echolocation,/mnt/ubna_data_01_mir/recover-20220825/UBNA_002/20220823_033000.WAV,Telephone Field,recover-20220825,002,1795
1155.7725,1155.8073,68437,80703,Rhinolophus ferrumequinum,0.022,0.022,-1,Echolocation,/mnt/ubna_data_01_mir/recover-20220825/UBNA_002/20220823_033000.WAV,Telephone Field,recover-20220825,002,1795
1155.7935,1155.8027,33203,40914,Eptesicus serotinus,0.012,0.033,-1,Echolocation,/mnt/ubna_data_01_mir/recover-20220825/UBNA_002/20220823_033000.WAV,Telephone Field,recover-20220825,002,1795
1155.7955,1155.8365,68437,81949,Rhinolophus ferrumequinum,0.022,0.022,-1,Echolocation,/mnt/ubna_data_01_mir/recover-20220825/UBNA_002/20220823_033000.WAV,Telephone Field,recover-20220825,002,1795
1155.8075,1155.8433,68437,81496,Rhinolophus ferrumequinum,0.021,0.021,-1,Echolocation,/mnt/ubna_data_01_mir/recover-20220825/UBNA_002/20220823_033000.WAV,Telephone Field,recover-20220825,002,1795
1155.8695,1155.9112,68437,82681,Rhinolophus ferrumequinum,0.037,0.037,-1,Echolocation,/mnt/ubna_data_01_mir/recover-20220825/UBNA_002/20220823_033000.WAV,Telephone Field,recover-20220825,002,1795
1155.9035,1155.9428,68437,81815,Rhinolophus ferrumequinum,0.03,0.03,-1,Echolocation,/mnt/ubna_data_01_mir/recover-20220825/UBNA_002/20220823_033000.WAV,Telephone Field,recover-20220825,002,1795
1155.9225,1155.9595,68437,82407,Rhinolophus ferrumequinum,0.026,0.026,-1,Echolocation,/mnt/ubna_data_01_mir/recover-20220825/UBNA_002/20220823_033000.WAV,Telephone Field,recover-20220825,002,1795
1155.9235,1155.9311,27187,38817,Eptesicus serotinus,0.007,0.023,-1,Echolocation,/mnt/ubna_data_01_mir/recover-20220825/UBNA_002/20220823_033000.WAV,Telephone Field,recover-20220825,002,1795
1155.9545,1155.9945,68437,82523,Rhinolophus ferrumequinum,0.024,0.024,-1,Echolocation,/mnt/ubna_data_01_mir/recover-20220825/UBNA_002/20220823_033000.WAV,Telephone Field,recover-20220825,002,1795
1156.0015,1156.0294,69296,81483,Rhinolophus ferrumequinum,0.027,0.027,-1,Echolocation,/mnt/ubna_data_01_mir/recover-20220825/UBNA_002/20220823_033000.WAV,Telephone Field,recover-20220825,002,1795
1156.0015,1156.009,24609,33468,Nyctalus leisleri,0.008,0.029,-1,Echolocation,/mnt/ubna_data_01_mir/recover-20220825/UBNA_002/20220823_033000.WAV,Telephone Field,recover-20220825,002,1795
1156.0425,1156.0754,68437,81653,Rhinolophus ferrumequinum,0.021,0.021,-1,Echolocation,/mnt/ubna_data_01_mir/recover-20220825/UBNA_002/20220823_033000.WAV,Telephone Field,recover-20220825,002,1795
1156.0545,1156.0921,68437,81780,Rhinolophus ferrumequinum,0.02,0.02,-1,Echolocation,/mnt/ubna_data_01_mir/recover-20220825/UBNA_002/20220823_033000.WAV,Telephone Field,recover-20220825,002,1795
1156.0545,1156.0647,41796,51531,Pipistrellus nathusii,0.007,0.022,-1,Echolocation,/mnt/ubna_data_01_mir/recover-20220825/UBNA_002/20220823_033000.WAV,Telephone Field,recover-20220825,002,1795
1156.0995,1156.1097,22890,28883,Nyctalus leisleri,0.008,0.02,-1,Echolocation,/mnt/ubna_data_01_mir/recover-20220825/UBNA_002/20220823_033000.WAV,Telephone Field,recover-20220825,002,1795
1156.1185,1156.1584,68437,82309,Rhinolophus ferrumequinum,0.023,0.023,-1,Echolocation,/mnt/ubna_data_01_mir/recover-20220825/UBNA_002/20220823_033000.WAV,Telephone Field,recover-20220825,002,1795
1156.1465,1156.1562,23750,30445,Nyctalus leisleri,0.009,0.023,-1,Echolocation,/mnt/ubna_data_01_mir/recover-20220825/UBNA_002/20220823_033000.WAV,Telephone Field,recover-20220825,002,1795
1156.1585,1156.1979,68437,82772,Rhinolophus ferrumequinum,0.022,0.022,-1,Echolocation,/mnt/ubna_data_01_mir/recover-20220825/UBNA_002/20220823_033000.WAV,Telephone Field,recover-20220825,002,1795
1156.1795,1156.2137,68437,81545,Rhinolophus ferrumequinum,0.02,0.02,-1,Echolocation,/mnt/ubna_data_01_mir/recover-20220825/UBNA_002/20220823_033000.WAV,Telephone Field,recover-20220825,002,1795
1156.2025,1156.2417,68437,82555,Rhinolophus ferrumequinum,0.021,0.021,-1,Echolocation,/mnt/ubna_data_01_mir/recover-20220825/UBNA_002/20220823_033000.WAV,Telephone Field,recover-20220825,002,1795
1156.2435,1156.2825,68437,81315,Rhinolophus ferrumequinum,0.022,0.022,-1,Echolocation,/mnt/ubna_data_01_mir/recover-20220825/UBNA_002/20220823_033000.WAV,Telephone Field,recover-20220825,002,1795
1156.3005,1156.3404,68437,82598,Rhinolophus ferrumequinum,0.021,0.021,-1,Echolocation,/mnt/ubna_data_01_mir/recover-20220825/UBNA_002/20220823_033000.WAV,Telephone Field,recover-20220825,002,1795
1156.3385,1156.3765,68437,81658,Rhinolophus ferrumequinum,0.02,0.02,-1,Echolocation,/mnt/ubna_data_01_mir/recover-20220825/UBNA_002/20220823_033000.WAV,Telephone Field,recover-20220825,002,1795
1156.3425,1156.3507,28046,38444,Eptesicus serotinus,0.008,0.022,-1,Echolocation,/mnt/ubna_data_01_mir/recover-20220825/UBNA_002/20220823_033000.WAV,Telephone Field,recover-20220825,002,1795
1156.3575,1156.399,68437,83015,Rhinolophus ferrumequinum,0.026,0.026,-1,Echolocation,/mnt/ubna_data_01_mir/recover-20220825/UBNA_002/20220823_033000.WAV,Telephone Field,recover-20220825,002,1795
1156.3835,1156.3912,28046,40419,Eptesicus serotinus,0.006,0.021,-1,Echolocation,/mnt/ubna_data_01_mir/recover-20220825/UBNA_002/20220823_033000.WAV,Telephone Field,recover-20220825,002,1795
1156.4065,1156.4471,68437,82666,Rhinolophus ferrumequinum,0.022,0.022,-1,Echolocation,/mnt/ubna_data_01_mir/recover-20220825/UBNA_002/20220823_033000.WAV,Telephone Field,recover-20220825,002,1795
1156.4195,1156.4609,68437,82898,Rhinolophus ferrumequinum,0.022,0.022,-1,Echolocation,/mnt/ubna_data_01_mir/recover-20220825/UBNA_002/20220823_033000.WAV,Telephone Field,recover-20220825,002,1795
1156.4275,1156.4669,68437,81937,Rhinolophus ferrumequinum,0.021,0.021,-1,Echolocation,/mnt/ubna_data_01_mir/recover-20220825/UBNA_002/20220823_033000.WAV,Telephone Field,recover-20220825,002,1795
1156.4735,1156.5069,68437,79922,Rhinolophus ferrumequinum,0.021,0.022,-1,Echolocation,/mnt/ubna_data_01_mir/recover-20220825/UBNA_002/20220823_033000.WAV,Telephone Field,recover-20220825,002,1795
1156.4845,1156.522,68437,81714,Rhinolophus ferrumequinum,0.02,0.02,-1,Echolocation,/mnt/ubna_data_01_mir/recover-20220825/UBNA_002/20220823_033000.WAV,Telephone Field,recover-20220825,002,1795
1156.5515,1156.5902,68437,81240,Rhinolophus ferrumequinum,0.02,0.021,-1,Echolocation,/mnt/ubna_data_01_mir/recover-20220825/UBNA_002/20220823_033000.WAV,Telephone Field,recover-20220825,002,1795
1156.5525,1156.5616,24609,31385,Nyctalus leisleri,0.007,0.021,-1,Echolocation,/mnt/ubna_data_01_mir/recover-20220825/UBNA_002/20220823_033000.WAV,Telephone Field,recover-20220825,002,1795
1156.5795,1156.6139,68437,81675,Rhinolophus ferrumequinum,0.022,0.022,-1,Echolocation,/mnt/ubna_data_01_mir/recover-20220825/UBNA_002/20220823_033000.WAV,Telephone Field,recover-20220825,002,1795
1156.5995,1156.6071,26328,35419,Eptesicus serotinus,0.009,0.023,-1,Echolocation,/mnt/ubna_data_01_mir/recover-20220825/UBNA_002/20220823_033000.WAV,Telephone Field,recover-20220825,002,1795
1156.6075,1156.6527,68437,83291,Rhinolophus ferrumequinum,0.03,0.03,-1,Echolocation,/mnt/ubna_data_01_mir/recover-20220825/UBNA_002/20220823_033000.WAV,Telephone Field,recover-20220825,002,1795
1156.6285,1156.6434,37500,41142,Pipistrellus nathusii,0.017,0.027,-1,Echolocation,/mnt/ubna_data_01_mir/recover-20220825/UBNA_002/20220823_033000.WAV,Telephone Field,recover-20220825,002,1795
1156.6335,1156.6721,68437,82182,Rhinolophus ferrumequinum,0.028,0.028,-1,Echolocation,/mnt/ubna_data_01_mir/recover-20220825/UBNA_002/20220823_033000.WAV,Telephone Field,recover-20220825,002,1795
1156.6675,1156.704,68437,81982,Rhinolophus ferrumequinum,0.02,0.02,-1,Echolocation,/mnt/ubna_data_01_mir/recover-20220825/UBNA_002/20220823_033000.WAV,Telephone Field,recover-20220825,002,1795
1156.6795,1156.7175,68437,81982,Rhinolophus ferrumequinum,0.022,0.022,-1,Echolocation,/mnt/ubna_data_01_mir/recover-20220825/UBNA_002/20220823_033000.WAV,Telephone Field,recover-20220825,002,1795
1156.7035,1156.711,28046,40630,Eptesicus serotinus,0.006,0.021,-1,Echolocation,/mnt/ubna_data_01_mir/recover-20220825/UBNA_002/20220823_033000.WAV,Telephone Field,recover-20220825,002,1795
1156.7445,1156.7837,68437,82128,Rhinolophus ferrumequinum,0.021,0.021,-1,Echolocation,/mnt/ubna_data_01_mir/recover-20220825/UBNA_002/20220823_033000.WAV,Telephone Field,recover-20220825,002,1795
1156.7625,1156.7729,22890,27940,Nyctalus leisleri,0.01,0.021,-1,Echolocation,/mnt/ubna_data_01_mir/recover-20220825/UBNA_002/20220823_033000.WAV,Telephone Field,recover-20220825,002,1795
1156.7925,1156.8009,23750,31414,Plecotus austriacus,0.009,0.027,-1,Echolocation,/mnt/ubna_data_01_mir/recover-20220825/UBNA_002/20220823_033000.WAV,Telephone Field,recover-20220825,002,1795
1156.8015,1156.8401,68437,82486,Rhinolophus ferrumequinum,0.022,0.022,-1,Echolocation,/mnt/ubna_data_01_mir/recover-20220825/UBNA_002/20220823_033000.WAV,Telephone Field,recover-20220825,002,1795
1156.8105,1156.8471,68437,81889,Rhinolophus ferrumequinum,0.021,0.021,-1,Echolocation,/mnt/ubna_data_01_mir/recover-20220825/UBNA_002/20220823_033000.WAV,Telephone Field,recover-20220825,002,1795
1156.8495,1156.8916,68437,83021,Rhinolophus ferrumequinum,0.025,0.025,-1,Echolocation,/mnt/ubna_data_01_mir/recover-20220825/UBNA_002/20220823_033000.WAV,Telephone Field,recover-20220825,002,1795
1156.9075,1156.9489,68437,82874,Rhinolophus ferrumequinum,0.029,0.029,-1,Echolocation,/mnt/ubna_data_01_mir/recover-20220825/UBNA_002/20220823_033000.WAV,Telephone Field,recover-20220825,002,1795
1156.9235,1156.9608,68437,82166,Rhinolophus ferrumequinum,0.021,0.021,-1,Echolocation,/mnt/ubna_data_01_mir/recover-20220825/UBNA_002/20220823_033000.WAV,Telephone Field,recover-20220825,002,1795
1156.9275,1156.9351,23750,32566,Plecotus austriacus,0.011,0.025,-1,Echolocation,/mnt/ubna_data_01_mir/recover-20220825/UBNA_002/20220823_033000.WAV,Telephone Field,recover-20220825,002,1795
1156.9605,1156.9999,68437,81889,Rhinolophus ferrumequinum,0.021,0.021,-1,Echolocation,/mnt/ubna_data_01_mir/recover-20220825/UBNA_002/20220823_033000.WAV,Telephone Field,recover-20220825,002,1795
1156.9675,1156.9742,23750,32787,Plecotus austriacus,0.01,0.024,-1,Echolocation,/mnt/ubna_data_01_mir/recover-20220825/UBNA_002/20220823_033000.WAV,Telephone Field,recover-20220825,002,1795
1156.9835,1157.0212,68437,82365,Rhinolophus ferrumequinum,0.03,0.03,-1,Echolocation,/mnt/ubna_data_01_mir/recover-20220825/UBNA_002/20220823_033000.WAV,Telephone Field,recover-20220825,002,1795
1157.0225,1157.0589,68437,81782,Rhinolophus ferrumequinum,0.024,0.024,-1,Echolocation,/mnt/ubna_data_01_mir/recover-20220825/UBNA_002/20220823_033000.WAV,Telephone Field,recover-20220825,002,1795
1157.0305,1157.0403,28046,36263,Eptesicus serotinus,0.01,0.021,-1,Echolocation,/mnt/ubna_data_01_mir/recover-20220825/UBNA_002/20220823_033000.WAV,Telephone Field,recover-20220825,002,1795
1157.0685,1157.1104,68437,82799,Rhinolophus ferrumequinum,0.024,0.024,-1,Echolocation,/mnt/ubna_data_01_mir/recover-20220825/UBNA_002/20220823_033000.WAV,Telephone Field,recover-20220825,002,1795
1157.1055,1157.1139,28046,39298,Eptesicus serotinus,0.007,0.02,-1,Echolocation,/mnt/ubna_data_01_mir/recover-20220825/UBNA_002/20220823_033000.WAV,Telephone Field,recover-20220825,002,1795
1157.1175,1157.1307,14296,19246,Nyctalus noctula,0.014,0.023,-1,Echolocation,/mnt/ubna_data_01_mir/recover-20220825/UBNA_002/20220823_033000.WAV,Telephone Field,recover-20220825,002,1795
1157.1295,1157.1654,68437,81302,Rhinolophus ferrumequinum,0.021,0.021,-1,Echolocation,/mnt/ubna_data_01_mir/recover-20220825/UBNA_002/20220823_033000.WAV,Telephone Field,recover-20220825,002,1795
1157.1445,1157.1836,68437,82954,Rhinolophus ferrumequinum,0.026,0.026,-1,Echolocation,/mnt/ubna_data_01_mir/recover-20220825/UBNA_002/20220823_033000.WAV,Telephone Field,recover-20220825,002,1795
1157.1525,1157.1604,23750,31823,Plecotus austriacus,0.008,0.022,-1,Echolocation,/mnt/ubna_data_01_mir/recover-20220825/UBNA_002/20220823_033000.WAV,Telephone Field,recover-20220825,002,1795
1157.1575,1157.1659,26328,35686,Eptesicus serotinus,0.008,0.022,-1,Echolocation,/mnt/ubna_data_01_mir/recover-20220825/UBNA_002/20220823_033000.WAV,Telephone Field,recover-20220825,002,1795
1157.2105,1157.2207,23750,30119,Nyctalus leisleri,0.008,0.021,-1,Echolocation,/mnt/ubna_data_01_mir/recover-20220825/UBNA_002/20220823_033000.WAV,Telephone Field,recover-20220825,002,1795
1157.2205,1157.2318,22890,27200,Nyctalus leisleri,0.011,0.021,-1,Echolocation,/mnt/ubna_data_01_mir/recover-20220825/UBNA_002/20220823_033000.WAV,Telephone Field,recover-20220825,002,1795
1157.2305,1157.2649,68437,80982,Rhinolophus ferrumequinum,0.021,0.021,-1,Echolocation,/mnt/ubna_data_01_mir/recover-20220825/UBNA_002/20220823_033000.WAV,Telephone Field,recover-20220825,002,1795
1157.2455,1157.282,68437,81499,Rhinolophus ferrumequinum,0.02,0.02,-1,Echolocation,/mnt/ubna_data_01_mir/recover-20220825/UBNA_002/20220823_033000.WAV,Telephone Field,recover-20220825,002,1795
1157.2495,1157.2569,26328,35198,Eptesicus serotinus,0.007,0.024,-1,Echolocation,/mnt/ubna_data_01_mir/recover-20220825/UBNA_002/20220823_033000.WAV,Telephone Field,recover-20220825,002,1795
1157.2785,1157.3192,68437,82856,Rhinolophus ferrumequinum,0.028,0.028,-1,Echolocation,/mnt/ubna_data_01_mir/recover-20220825/UBNA_002/20220823_033000.WAV,Telephone Field,recover-20220825,002,1795
1157.3095,1157.3445,68437,81141,Rhinolophus ferrumequinum,0.02,0.02,-1,Echolocation,/mnt/ubna_data_01_mir/recover-20220825/UBNA_002/20220823_033000.WAV,Telephone Field,recover-20220825,002,1795
1157.3175,1157.3281,22890,27646,Nyctalus leisleri,0.013,0.026,-1,Echolocation,/mnt/ubna_data_01_mir/recover-20220825/UBNA_002/20220823_033000.WAV,Telephone Field,recover-20220825,002,1795
1157.3385,1157.3755,68437,81941,Rhinolophus ferrumequinum,0.022,0.022,-1,Echolocation,/mnt/ubna_data_01_mir/recover-20220825/UBNA_002/20220823_033000.WAV,Telephone Field,recover-20220825,002,1795
1157.3495,1157.3873,68437,81625,Rhinolophus ferrumequinum,0.021,0.021,-1,Echolocation,/mnt/ubna_data_01_mir/recover-20220825/UBNA_002/20220823_033000.WAV,Telephone Field,recover-20220825,002,1795
1157.3515,1157.3601,28046,40447,Eptesicus serotinus,0.008,0.022,-1,Echolocation,/mnt/ubna_data_01_mir/recover-20220825/UBNA_002/20220823_033000.WAV,Telephone Field,recover-20220825,002,1795
1157.3745,1157.4146,68437,82248,Rhinolophus ferrumequinum,0.021,0.021,-1,Echolocation,/mnt/ubna_data_01_mir/recover-20220825/UBNA_002/20220823_033000.WAV,Telephone Field,recover-20220825,002,1795
1157.3905,1157.4285,68437,81628,Rhinolophus ferrumequinum,0.021,0.021,-1,Echolocation,/mnt/ubna_data_01_mir/recover-20220825/UBNA_002/20220823_033000.WAV,Telephone Field,recover-20220825,002,1795
1157.4035,1157.4412,68437,81634,Rhinolophus ferrumequinum,0.021,0.021,-1,Echolocation,/mnt/ubna_data_01_mir/recover-20220825/UBNA_002/20220823_033000.WAV,Telephone Field,recover-20220825,002,1795
1157.5015,1157.5371,68437,81526,Rhinolophus ferrumequinum,0.022,0.022,-1,Echolocation,/mnt/ubna_data_01_mir/recover-20220825/UBNA_002/20220823_033000.WAV,Telephone Field,recover-20220825,002,1795
1157.5185,1157.5256,27187,39484,Eptesicus serotinus,0.007,0.022,-1,Echolocation,/mnt/ubna_data_01_mir/recover-20220825/UBNA_002/20220823_033000.WAV,Telephone Field,recover-20220825,002,1795
1157.5475,1157.5862,68437,82051,Rhinolophus ferrumequinum,0.022,0.022,-1,Echolocation,/mnt/ubna_data_01_mir/recover-20220825/UBNA_002/20220823_033000.WAV,Telephone Field,recover-20220825,002,1795
1157.5955,1157.6389,68437,82808,Rhinolophus ferrumequinum,0.088,0.088,-1,Echolocation,/mnt/ubna_data_01_mir/recover-20220825/UBNA_002/20220823_033000.WAV,Telephone Field,recover-20220825,002,1795
1157.6265,1157.6652,68437,82137,Rhinolophus ferrumequinum,0.024,0.024,-1,Echolocation,/mnt/ubna_data_01_mir/recover-20220825/UBNA_002/20220823_033000.WAV,Telephone Field,recover-20220825,002,1795
1157.6285,1157.6369,28046,40327,Eptesicus serotinus,0.009,0.024,-1,Echolocation,/mnt/ubna_data_01_mir/recover-20220825/UBNA_002/20220823_033000.WAV,Telephone Field,recover-20220825,002,1795
1157.6345,1157.6738,68437,82334,Rhinolophus ferrumequinum,0.021,0.022,-1,Echolocation,/mnt/ubna_data_01_mir/recover-20220825/UBNA_002/20220823_033000.WAV,Telephone Field,recover-20220825,002,1795
1157.6555,1157.6943,68437,81491,Rhinolophus ferrumequinum,0.021,0.021,-1,Echolocation,/mnt/ubna_data_01_mir/recover-20220825/UBNA_002/20220823_033000.WAV,Telephone Field,recover-20220825,002,1795
1157.6595,1157.6659,28906,40492,Eptesicus serotinus,0.005,0.023,-1,Echolocation,/mnt/ubna_data_01_mir/recover-20220825/UBNA_002/20220823_033000.WAV,Telephone Field,recover-20220825,002,1795
1157.7145,1157.7224,28046,37471,Eptesicus serotinus,0.008,0.022,-1,Echolocation,/mnt/ubna_data_01_mir/recover-20220825/UBNA_002/20220823_033000.WAV,Telephone Field,recover-20220825,002,1795
1157.7335,1157.7416,23750,31867,Plecotus austriacus,0.008,0.021,-1,Echolocation,/mnt/ubna_data_01_mir/recover-20220825/UBNA_002/20220823_033000.WAV,Telephone Field,recover-20220825,002,1795
1157.7535,1157.7935,68437,81753,Rhinolophus ferrumequinum,0.023,0.023,-1,Echolocation,/mnt/ubna_data_01_mir/recover-20220825/UBNA_002/20220823_033000.WAV,Telephone Field,recover-20220825,002,1795
1157.7545,1157.7623,28046,42904,Eptesicus serotinus,0.009,0.025,-1,Echolocation,/mnt/ubna_data_01_mir/recover-20220825/UBNA_002/20220823_033000.WAV,Telephone Field,recover-20220825,002,1795
1157.7545,1157.7609,33203,44510,Myotis daubentonii,0.01,0.023,-1,Echolocation,/mnt/ubna_data_01_mir/recover-20220825/UBNA_002/20220823_033000.WAV,Telephone Field,recover-20220825,002,1795
1157.7635,1157.8056,68437,82872,Rhinolophus ferrumequinum,0.022,0.022,-1,Echolocation,/mnt/ubna_data_01_mir/recover-20220825/UBNA_002/20220823_033000.WAV,Telephone Field,recover-20220825,002,1795
1157.7665,1157.7786,24609,30654,Nyctalus leisleri,0.017,0.046,-1,Echolocation,/mnt/ubna_data_01_mir/recover-20220825/UBNA_002/20220823_033000.WAV,Telephone Field,recover-20220825,002,1795
1157.7925,1157.834,68437,82820,Rhinolophus ferrumequinum,0.032,0.032,-1,Echolocation,/mnt/ubna_data_01_mir/recover-20220825/UBNA_002/20220823_033000.WAV,Telephone Field,recover-20220825,002,1795
1157.8655,1157.9065,68437,83163,Rhinolophus ferrumequinum,0.031,0.031,-1,Echolocation,/mnt/ubna_data_01_mir/recover-20220825/UBNA_002/20220823_033000.WAV,Telephone Field,recover-20220825,002,1795
1157.9035,1157.9133,28906,37954,Eptesicus serotinus,0.009,0.021,-1,Echolocation,/mnt/ubna_data_01_mir/recover-20220825/UBNA_002/20220823_033000.WAV,Telephone Field,recover-20220825,002,1795
1157.9285,1157.9659,68437,82202,Rhinolophus ferrumequinum,0.021,0.021,-1,Echolocation,/mnt/ubna_data_01_mir/recover-20220825/UBNA_002/20220823_033000.WAV,Telephone Field,recover-20220825,002,1795
1157.9435,1157.984,68437,82748,Rhinolophus ferrumequinum,0.024,0.024,-1,Echolocation,/mnt/ubna_data_01_mir/recover-20220825/UBNA_002/20220823_033000.WAV,Telephone Field,recover-20220825,002,1795
1158.0015,1158.0136,47812,53606,Pipistrellus pipistrellus,0.019,0.027,-1,Echolocation,/mnt/ubna_data_01_mir/recover-20220825/UBNA_002/20220823_033000.WAV,Telephone Field,recover-20220825,002,1795
1158.0015,1158.0105,26328,34950,Nyctalus leisleri,0.008,0.025,-1,Echolocation,/mnt/ubna_data_01_mir/recover-20220825/UBNA_002/20220823_033000.WAV,Telephone Field,recover-20220825,002,1795
1158.0015,1158.0349,70156,82572,Rhinolophus ferrumequinum,0.032,0.032,-1,Echolocation,/mnt/ubna_data_01_mir/recover-20220825/UBNA_002/20220823_033000.WAV,Telephone Field,recover-20220825,002,1795
1158.0065,1158.0458,69296,82186,Rhinolophus ferrumequinum,0.026,0.026,-1,Echolocation,/mnt/ubna_data_01_mir/recover-20220825/UBNA_002/20220823_033000.WAV,Telephone Field,recover-20220825,002,1795
1158.0115,1158.052,68437,81922,Rhinolophus ferrumequinum,0.026,0.026,-1,Echolocation,/mnt/ubna_data_01_mir/recover-20220825/UBNA_002/20220823_033000.WAV,Telephone Field,recover-20220825,002,1795
1158.0165,1158.0241,28046,38465,Eptesicus serotinus,0.008,0.023,-1,Echolocation,/mnt/ubna_data_01_mir/recover-20220825/UBNA_002/20220823_033000.WAV,Telephone Field,recover-20220825,002,1795
1158.0335,1158.041,28046,41497,Eptesicus serotinus,0.007,0.021,-1,Echolocation,/mnt/ubna_data_01_mir/recover-20220825/UBNA_002/20220823_033000.WAV,Telephone Field,recover-20220825,002,1795
1158.0415,1158.0818,68437,82647,Rhinolophus ferrumequinum,0.025,0.025,-1,Echolocation,/mnt/ubna_data_01_mir/recover-20220825/UBNA_002/20220823_033000.WAV,Telephone Field,recover-20220825,002,1795
1158.0745,1158.0816,28046,41378,Eptesicus serotinus,0.008,0.024,-1,Echolocation,/mnt/ubna_data_01_mir/recover-20220825/UBNA_002/20220823_033000.WAV,Telephone Field,recover-20220825,002,1795
1158.0845,1158.1246,68437,82093,Rhinolophus ferrumequinum,0.027,0.027,-1,Echolocation,/mnt/ubna_data_01_mir/recover-20220825/UBNA_002/20220823_033000.WAV,Telephone Field,recover-20220825,002,1795
1158.1135,1158.1474,68437,81344,Rhinolophus ferrumequinum,0.022,0.022,-1,Echolocation,/mnt/ubna_data_01_mir/recover-20220825/UBNA_002/20220823_033000.WAV,Telephone Field,recover-20220825,002,1795
1158.1245,1158.1628,68437,81961,Rhinolophus ferrumequinum,0.022,0.022,-1,Echolocation,/mnt/ubna_data_01_mir/recover-20220825/UBNA_002/20220823_033000.WAV,Telephone Field,recover-20220825,002,1795
1158.1285,1158.1381,27187,36833,Eptesicus serotinus,0.009,0.02,-1,Echolocation,/mnt/ubna_data_01_mir/recover-20220825/UBNA_002/20220823_033000.WAV,Telephone Field,recover-20220825,002,1795
1158.1415,1158.1536,22031,25621,Nyctalus leisleri,0.016,0.025,-1,Echolocation,/mnt/ubna_data_01_mir/recover-20220825/UBNA_002/20220823_033000.WAV,Telephone Field,recover-20220825,002,1795
1158.1675,1158.2077,68437,82836,Rhinolophus ferrumequinum,0.023,0.023,-1,Echolocation,/mnt/ubna_data_01_mir/recover-20220825/UBNA_002/20220823_033000.WAV,Telephone Field,recover-20220825,002,1795
1158.1715,1158.1818,22890,28218,Nyctalus leisleri,0.011,0.023,-1,Echolocation,/mnt/ubna_data_01_mir/recover-20220825/UBNA_002/20220823_033000.WAV,Telephone Field,recover-20220825,002,1795
1158.1795,1158.218,68437,81648,Rhinolophus ferrumequinum,0.02,0.02,-1,Echolocation,/mnt/ubna_data_01_mir/recover-20220825/UBNA_002/20220823_033000.WAV,Telephone Field,recover-20220825,002,1795
1158.1865,1158.2231,68437,82035,Rhinolophus ferrumequinum,0.021,0.021,-1,Echolocation,/mnt/ubna_data_01_mir/recover-20220825/UBNA_002/20220823_033000.WAV,Telephone Field,recover-20220825,002,1795
1158.2075,1158.2158,28046,39600,Eptesicus serotinus,0.007,0.021,-1,Echolocation,/mnt/ubna_data_01_mir/recover-20220825/UBNA_002/20220823_033000.WAV,Telephone Field,recover-20220825,002,1795
1158.2695,1158.2828,55546,60813,Pipistrellus pygmaeus,0.023,0.024,-1,Echolocation,/mnt/ubna_data_01_mir/recover-20220825/UBNA_002/20220823_033000.WAV,Telephone Field,recover-20220825,002,1795
1158.3125,1158.3233,25468,31656,Eptesicus serotinus,0.009,0.02,-1,Echolocation,/mnt/ubna_data_01_mir/recover-20220825/UBNA_002/20220823_033000.WAV,Telephone Field,recover-20220825,002,1795
1158.3305,1158.3694,68437,82559,Rhinolophus ferrumequinum,0.023,0.023,-1,Echolocation,/mnt/ubna_data_01_mir/recover-20220825/UBNA_002/20220823_033000.WAV,Telephone Field,recover-20220825,002,1795
1158.3335,1158.3409,33203,42219,Myotis daubentonii,0.01,0.024,-1,Echolocation,/mnt/ubna_data_01_mir/recover-20220825/UBNA_002/20220823_033000.WAV,Telephone Field,recover-20220825,002,1795
1158.3535,1158.3938,68437,82361,Rhinolophus ferrumequinum,0.024,0.024,-1,Echolocation,/mnt/ubna_data_01_mir/recover-20220825/UBNA_002/20220823_033000.WAV,Telephone Field,recover-20220825,002,1795
1158.3675,1158.3749,28046,39538,Eptesicus serotinus,0.006,0.02,-1,Echolocation,/mnt/ubna_data_01_mir/recover-20220825/UBNA_002/20220823_033000.WAV,Telephone Field,recover-20220825,002,1795
1158.3715,1158.4097,68437,81707,Rhinolophus ferrumequinum,0.022,0.022,-1,Echolocation,/mnt/ubna_data_01_mir/recover-20220825/UBNA_002/20220823_033000.WAV,Telephone Field,recover-20220825,002,1795
1158.3775,1158.4153,68437,81530,Rhinolophus ferrumequinum,0.021,0.021,-1,Echolocation,/mnt/ubna_data_01_mir/recover-20220825/UBNA_002/20220823_033000.WAV,Telephone Field,recover-20220825,002,1795
1158.3815,1158.3878,26328,41551,Plecotus auritus,0.005,0.023,-1,Echolocation,/mnt/ubna_data_01_mir/recover-20220825/UBNA_002/20220823_033000.WAV,Telephone Field,recover-20220825,002,1795
1158.3995,1158.4091,27187,35518,Eptesicus serotinus,0.011,0.024,-1,Echolocation,/mnt/ubna_data_01_mir/recover-20220825/UBNA_002/20220823_033000.WAV,Telephone Field,recover-20220825,002,1795
1158.4535,1158.4926,68437,81553,Rhinolophus ferrumequinum,0.02,0.02,-1,Echolocation,/mnt/ubna_data_01_mir/recover-20220825/UBNA_002/20220823_033000.WAV,Telephone Field,recover-20220825,002,1795
1158.5175,1158.5544,68437,81392,Rhinolophus ferrumequinum,0.02,0.02,-1,Echolocation,/mnt/ubna_data_01_mir/recover-20220825/UBNA_002/20220823_033000.WAV,Telephone Field,recover-20220825,002,1795
1158.5245,1158.5316,27187,37503,Eptesicus serotinus,0.011,0.03,-1,Echolocation,/mnt/ubna_data_01_mir/recover-20220825/UBNA_002/20220823_033000.WAV,Telephone Field,recover-20220825,002,1795
1158.5345,1158.5418,26328,35190,Eptesicus serotinus,0.008,0.023,-1,Echolocation,/mnt/ubna_data_01_mir/recover-20220825/UBNA_002/20220823_033000.WAV,Telephone Field,recover-20220825,002,1795
1158.5425,1158.5801,68437,81782,Rhinolophus ferrumequinum,0.021,0.021,-1,Echolocation,/mnt/ubna_data_01_mir/recover-20220825/UBNA_002/20220823_033000.WAV,Telephone Field,recover-20220825,002,1795
1158.5965,1158.6355,68437,81874,Rhinolophus ferrumequinum,0.02,0.02,-1,Echolocation,/mnt/ubna_data_01_mir/recover-20220825/UBNA_002/20220823_033000.WAV,Telephone Field,recover-20220825,002,1795
1158.6095,1158.6475,68437,82044,Rhinolophus ferrumequinum,0.021,0.021,-1,Echolocation,/mnt/ubna_data_01_mir/recover-20220825/UBNA_002/20220823_033000.WAV,Telephone Field,recover-20220825,002,1795
1158.6195,1158.6577,68437,82301,Rhinolophus ferrumequinum,0.022,0.022,-1,Echolocation,/mnt/ubna_data_01_mir/recover-20220825/UBNA_002/20220823_033000.WAV,Telephone Field,recover-20220825,002,1795
1158.6255,1158.6348,26328,35163,Eptesicus serotinus,0.01,0.025,-1,Echolocation,/mnt/ubna_data_01_mir/recover-20220825/UBNA_002/20220823_033000.WAV,Telephone Field,recover-20220825,002,1795
1158.6285,1158.6679,68437,82492,Rhinolophus ferrumequinum,0.024,0.024,-1,Echolocation,/mnt/ubna_data_01_mir/recover-20220825/UBNA_002/20220823_033000.WAV,Telephone Field,recover-20220825,002,1795
1158.6425,1158.6558,23750,29128,Nyctalus leisleri,0.019,0.041,-1,Echolocation,/mnt/ubna_data_01_mir/recover-20220825/UBNA_002/20220823_033000.WAV,Telephone Field,recover-20220825,002,1795
1158.6565,1158.6932,68437,81386,Rhinolophus ferrumequinum,0.021,0.021,-1,Echolocation,/mnt/ubna_data_01_mir/recover-20220825/UBNA_002/20220823_033000.WAV,Telephone Field,recover-20220825,002,1795
1158.6565,1158.6624,52109,60420,Pipistrellus pipistrellus,0.019,0.022,-1,Echolocation,/mnt/ubna_data_01_mir/recover-20220825/UBNA_002/20220823_033000.WAV,Telephone Field,recover-20220825,002,1795
1158.6665,1158.7041,68437,81899,Rhinolophus ferrumequinum,0.024,0.024,-1,Echolocation,/mnt/ubna_data_01_mir/recover-20220825/UBNA_002/20220823_033000.WAV,Telephone Field,recover-20220825,002,1795
1158.6855,1158.7222,68437,82135,Rhinolophus ferrumequinum,0.022,0.022,-1,Echolocation,/mnt/ubna_data_01_mir/recover-20220825/UBNA_002/20220823_033000.WAV,Telephone Field,recover-20220825,002,1795
1158.6865,1158.6948,28046,36720,Eptesicus serotinus,0.009,0.025,-1,Echolocation,/mnt/ubna_data_01_mir/recover-20220825/UBNA_002/20220823_033000.WAV,Telephone Field,recover-20220825,002,1795
1158.6955,1158.703,25468,35470,Plecotus austriacus,0.008,0.03,-1,Echolocation,/mnt/ubna_data_01_mir/recover-20220825/UBNA_002/20220823_033000.WAV,Telephone Field,recover-20220825,002,1795
1158.7225,1158.7322,28046,37908,Eptesicus serotinus,0.009,0.021,-1,Echolocation,/mnt/ubna_data_01_mir/recover-20220825/UBNA_002/20220823_033000.WAV,Telephone Field,recover-20220825,002,1795
1158.8255,1158.8669,68437,82255,Rhinolophus ferrumequinum,0.021,0.021,-1,Echolocation,/mnt/ubna_data_01_mir/recover-20220825/UBNA_002/20220823_033000.WAV,Telephone Field,recover-20220825,002,1795
1158.8295,1158.8368,28046,40764,Eptesicus serotinus,0.007,0.023,-1,Echolocation,/mnt/ubna_data_01_mir/recover-20220825/UBNA_002/20220823_033000.WAV,Telephone Field,recover-20220825,002,1795
1158.8515,1158.8617,22031,27856,Nyctalus leisleri,0.008,0.02,-1,Echolocation,/mnt/ubna_data_01_mir/recover-20220825/UBNA_002/20220823_033000.WAV,Telephone Field,recover-20220825,002,1795
1158.8665,1158.8746,28046,38891,Eptesicus serotinus,0.008,0.023,-1,Echolocation,/mnt/ubna_data_01_mir/recover-20220825/UBNA_002/20220823_033000.WAV,Telephone Field,recover-20220825,002,1795
1158.8695,1158.9103,68437,81921,Rhinolophus ferrumequinum,0.042,0.042,-1,Echolocation,/mnt/ubna_data_01_mir/recover-20220825/UBNA_002/20220823_033000.WAV,Telephone Field,recover-20220825,002,1795
1158.8935,1158.9021,26328,34510,Eptesicus serotinus,0.01,0.025,-1,Echolocation,/mnt/ubna_data_01_mir/recover-20220825/UBNA_002/20220823_033000.WAV,Telephone Field,recover-20220825,002,1795
1158.9035,1158.9426,68437,82205,Rhinolophus ferrumequinum,0.02,0.02,-1,Echolocation,/mnt/ubna_data_01_mir/recover-20220825/UBNA_002/20220823_033000.WAV,Telephone Field,recover-20220825,002,1795
1158.9285,1158.9692,68437,82295,Rhinolophus ferrumequinum,0.024,0.024,-1,Echolocation,/mnt/ubna_data_01_mir/recover-20220825/UBNA_002/20220823_033000.WAV,Telephone Field,recover-20220825,002,1795
1158.9455,1158.9848,68437,82327,Rhinolophus ferrumequinum,0.023,0.023,-1,Echolocation,/mnt/ubna_data_01_mir/recover-20220825/UBNA_002/20220823_033000.WAV,Telephone Field,recover-20220825,002,1795
1158.9655,1158.9748,28046,35902,Eptesicus serotinus,0.008,0.02,-1,Echolocation,/mnt/ubna_data_01_mir/recover-20220825/UBNA_002/20220823_033000.WAV,Telephone Field,recover-20220825,002,1795
1158.9995,1159.0408,68437,82602,Rhinolophus ferrumequinum,0.02,0.02,-1,Echolocation,/mnt/ubna_data_01_mir/recover-20220825/UBNA_002/20220823_033000.WAV,Telephone Field,recover-20220825,002,1795
1159.0095,1159.0197,28046,34912,Eptesicus serotinus,0.012,0.024,-1,Echolocation,/mnt/ubna_data_01_mir/recover-20220825/UBNA_002/20220823_033000.WAV,Telephone Field,recover-20220825,002,1795
1159.0255,1159.0652,68437,81955,Rhinolophus ferrumequinum,0.024,0.024,-1,Echolocation,/mnt/ubna_data_01_mir/recover-20220825/UBNA_002/20220823_033000.WAV,Telephone Field,recover-20220825,002,1795
1159.0355,1159.078,68437,82989,Rhinolophus ferrumequinum,0.023,0.023,-1,Echolocation,/mnt/ubna_data_01_mir/recover-20220825/UBNA_002/20220823_033000.WAV,Telephone Field,recover-20220825,002,1795
1159.0475,1159.0579,28046,36356,Eptesicus serotinus,0.011,0.025,-1,Echolocation,/mnt/ubna_data_01_mir/recover-20220825/UBNA_002/20220823_033000.WAV,Telephone Field,recover-20220825,002,1795
1159.1275,1159.1651,68437,81887,Rhinolophus ferrumequinum,0.02,0.02,-1,Echolocation,/mnt/ubna_data_01_mir/recover-20220825/UBNA_002/20220823_033000.WAV,Telephone Field,recover-20220825,002,1795
1159.1605,1159.1798,16015,20934,Nyctalus noctula,0.017,0.023,-1,Echolocation,/mnt/ubna_data_01_mir/recover-20220825/UBNA_002/20220823_033000.WAV,Telephone Field,recover-20220825,002,1795
1159.1755,1159.2156,68437,81870,Rhinolophus ferrumequinum,0.02,0.02,-1,Echolocation,/mnt/ubna_data_01_mir/recover-20220825/UBNA_002/20220823_033000.WAV,Telephone Field,recover-20220825,002,1795
1159.1845,1159.1932,28046,40363,Eptesicus serotinus,0.009,0.022,-1,Echolocation,/mnt/ubna_data_01_mir/recover-20220825/UBNA_002/20220823_033000.WAV,Telephone Field,recover-20220825,002,1795
1159.2025,1159.2112,28046,38025,Eptesicus serotinus,0.008,0.022,-1,Echolocation,/mnt/ubna_data_01_mir/recover-20220825/UBNA_002/20220823_033000.WAV,Telephone Field,recover-20220825,002,1795
1159.2245,1159.2696,68437,83240,Rhinolophus ferrumequinum,0.055,0.055,-1,Echolocation,/mnt/ubna_data_01_mir/recover-20220825/UBNA_002/20220823_033000.WAV,Telephone Field,recover-20220825,002,1795
1159.2265,1159.2355,34921,43387,Barbastellus barbastellus,0.007,0.023,-1,Echolocation,/mnt/ubna_data_01_mir/recover-20220825/UBNA_002/20220823_033000.WAV,Telephone Field,recover-20220825,002,1795
1159.2275,1159.2363,27187,39426,Eptesicus serotinus,0.01,0.025,-1,Echolocation,/mnt/ubna_data_01_mir/recover-20220825/UBNA_002/20220823_033000.WAV,Telephone Field,recover-20220825,002,1795
1159.2465,1159.2836,68437,81695,Rhinolophus ferrumequinum,0.021,0.021,-1,Echolocation,/mnt/ubna_data_01_mir/recover-20220825/UBNA_002/20220823_033000.WAV,Telephone Field,recover-20220825,002,1795
1159.2485,1159.256,26328,37926,Eptesicus serotinus,0.006,0.021,-1,Echolocation,/mnt/ubna_data_01_mir/recover-20220825/UBNA_002/20220823_033000.WAV,Telephone Field,recover-20220825,002,1795
1159.2675,1159.2975,68437,81045,Rhinolophus ferrumequinum,0.021,0.021,-1,Echolocation,/mnt/ubna_data_01_mir/recover-20220825/UBNA_002/20220823_033000.WAV,Telephone Field,recover-20220825,002,1795
1159.2935,1159.3027,28046,36224,Eptesicus serotinus,0.022,0.04,-1,Echolocation,/mnt/ubna_data_01_mir/recover-20220825/UBNA_002/20220823_033000.WAV,Telephone Field,recover-20220825,002,1795
1159.2995,1159.3375,68437,81686,Rhinolophus ferrumequinum,0.021,0.021,-1,Echolocation,/mnt/ubna_data_01_mir/recover-20220825/UBNA_002/20220823_033000.WAV,Telephone Field,recover-20220825,002,1795
1159.3415,1159.3495,27187,37328,Eptesicus serotinus,0.009,0.022,-1,Echolocation,/mnt/ubna_data_01_mir/recover-20220825/UBNA_002/20220823_033000.WAV,Telephone Field,recover-20220825,002,1795
1159.3625,1159.3969,68437,81160,Rhinolophus ferrumequinum,0.021,0.022,-1,Echolocation,/mnt/ubna_data_01_mir/recover-20220825/UBNA_002/20220823_033000.WAV,Telephone Field,recover-20220825,002,1795
1159.3795,1159.4205,68437,82734,Rhinolophus ferrumequinum,0.025,0.025,-1,Echolocation,/mnt/ubna_data_01_mir/recover-20220825/UBNA_002/20220823_033000.WAV,Telephone Field,recover-20220825,002,1795
1159.4085,1159.4156,28046,38995,Eptesicus serotinus,0.006,0.02,-1,Echolocation,/mnt/ubna_data_01_mir/recover-20220825/UBNA_002/20220823_033000.WAV,Telephone Field,recover-20220825,002,1795
1159.4255,1159.4359,22890,28185,Nyctalus leisleri,0.011,0.024,-1,Echolocation,/mnt/ubna_data_01_mir/recover-20220825/UBNA_002/20220823_033000.WAV,Telephone Field,recover-20220825,002,1795
1159.4445,1159.4524,27187,38297,Eptesicus serotinus,0.008,0.022,-1,Echolocation,/mnt/ubna_data_01_mir/recover-20220825/UBNA_002/20220823_033000.WAV,Telephone Field,recover-20220825,002,1795
1159.4515,1159.4934,68437,82428,Rhinolophus ferrumequinum,0.032,0.032,-1,Echolocation,/mnt/ubna_data_01_mir/recover-20220825/UBNA_002/20220823_033000.WAV,Telephone Field,recover-20220825,002,1795
1159.4585,1159.4665,28046,38814,Eptesicus serotinus,0.009,0.023,-1,Echolocation,/mnt/ubna_data_01_mir/recover-20220825/UBNA_002/20220823_033000.WAV,Telephone Field,recover-20220825,002,1795
1159.5005,1159.5196,20312,22987,Nyctalus leisleri,0.014,0.024,-1,Echolocation,/mnt/ubna_data_01_mir/recover-20220825/UBNA_002/20220823_033000.WAV,Telephone Field,recover-20220825,002,1795
1159.5115,1159.52,26328,35599,Eptesicus serotinus,0.008,0.022,-1,Echolocation,/mnt/ubna_data_01_mir/recover-20220825/UBNA_002/20220823_033000.WAV,Telephone Field,recover-20220825,002,1795
1159.5175,1159.5578,68437,82157,Rhinolophus ferrumequinum,0.023,0.023,-1,Echolocation,/mnt/ubna_data_01_mir/recover-20220825/UBNA_002/20220823_033000.WAV,Telephone Field,recover-20220825,002,1795
1159.5315,1159.5707,68437,82711,Rhinolophus ferrumequinum,0.023,0.023,-1,Echolocation,/mnt/ubna_data_01_mir/recover-20220825/UBNA_002/20220823_033000.WAV,Telephone Field,recover-20220825,002,1795
1159.5465,1159.5551,45234,52462,Pipistrellus pipistrellus,0.019,0.021,-1,Echolocation,/mnt/ubna_data_01_mir/recover-20220825/UBNA_002/20220823_033000.WAV,Telephone Field,recover-20220825,002,1795
1159.5715,1159.5818,23750,29822,Nyctalus leisleri,0.008,0.022,-1,Echolocation,/mnt/ubna_data_01_mir/recover-20220825/UBNA_002/20220823_033000.WAV,Telephone Field,recover-20220825,002,1795
1159.5945,1159.6302,68437,81335,Rhinolophus ferrumequinum,0.021,0.021,-1,Echolocation,/mnt/ubna_data_01_mir/recover-20220825/UBNA_002/20220823_033000.WAV,Telephone Field,recover-20220825,002,1795
1159.6025,1159.6124,28906,37505,Eptesicus serotinus,0.009,0.021,-1,Echolocation,/mnt/ubna_data_01_mir/recover-20220825/UBNA_002/20220823_033000.WAV,Telephone Field,recover-20220825,002,1795
1159.6275,1159.667,68437,83181,Rhinolophus ferrumequinum,0.029,0.029,-1,Echolocation,/mnt/ubna_data_01_mir/recover-20220825/UBNA_002/20220823_033000.WAV,Telephone Field,recover-20220825,002,1795
1159.6305,1159.6365,36640,46022,Myotis daubentonii,0.01,0.031,-1,Echolocation,/mnt/ubna_data_01_mir/recover-20220825/UBNA_002/20220823_033000.WAV,Telephone Field,recover-20220825,002,1795
1159.6365,1159.6713,68437,81788,Rhinolophus ferrumequinum,0.022,0.022,-1,Echolocation,/mnt/ubna_data_01_mir/recover-20220825/UBNA_002/20220823_033000.WAV,Telephone Field,recover-20220825,002,1795
1159.6465,1159.6546,23750,32020,Plecotus austriacus,0.007,0.022,-1,Echolocation,/mnt/ubna_data_01_mir/recover-20220825/UBNA_002/20220823_033000.WAV,Telephone Field,recover-20220825,002,1795
1159.6475,1159.6543,28046,38580,Eptesicus serotinus,0.007,0.022,-1,Echolocation,/mnt/ubna_data_01_mir/recover-20220825/UBNA_002/20220823_033000.WAV,Telephone Field,recover-20220825,002,1795
1159.6625,1159.6704,27187,38846,Eptesicus serotinus,0.007,0.021,-1,Echolocation,/mnt/ubna_data_01_mir/recover-20220825/UBNA_002/20220823_033000.WAV,Telephone Field,recover-20220825,002,1795
1159.6645,1159.7016,68437,81395,Rhinolophus ferrumequinum,0.021,0.021,-1,Echolocation,/mnt/ubna_data_01_mir/recover-20220825/UBNA_002/20220823_033000.WAV,Telephone Field,recover-20220825,002,1795
1159.7085,1159.746,68437,82110,Rhinolophus ferrumequinum,0.023,0.023,-1,Echolocation,/mnt/ubna_data_01_mir/recover-20220825/UBNA_002/20220823_033000.WAV,Telephone Field,recover-20220825,002,1795
1159.7245,1159.764,68437,82449,Rhinolophus ferrumequinum,0.02,0.021,-1,Echolocation,/mnt/ubna_data_01_mir/recover-20220825/UBNA_002/20220823_033000.WAV,Telephone Field,recover-20220825,002,1795
1159.7595,1159.7673,28046,37913,Eptesicus serotinus,0.007,0.02,-1,Echolocation,/mnt/ubna_data_01_mir/recover-20220825/UBNA_002/20220823_033000.WAV,Telephone Field,recover-20220825,002,1795
1159.7675,1159.8073,68437,81740,Rhinolophus ferrumequinum,0.027,0.027,-1,Echolocation,/mnt/ubna_data_01_mir/recover-20220825/UBNA_002/20220823_033000.WAV,Telephone Field,recover-20220825,002,1795
1159.8085,1159.8432,68437,80909,Rhinolophus ferrumequinum,0.021,0.021,-1,Echolocation,/mnt/ubna_data_01_mir/recover-20220825/UBNA_002/20220823_033000.WAV,Telephone Field,recover-20220825,002,1795
1159.8315,1159.8394,26328,35623,Eptesicus serotinus,0.008,0.021,-1,Echolocation,/mnt/ubna_data_01_mir/recover-20220825/UBNA_002/20220823_033000.WAV,Telephone Field,recover-20220825,002,1795
1159.8435,1159.8835,68437,82573,Rhinolophus ferrumequinum,0.024,0.024,-1,Echolocation,/mnt/ubna_data_01_mir/recover-20220825/UBNA_002/20220823_033000.WAV,Telephone Field,recover-20220825,002,1795
1159.8515,1159.8603,28046,38420,Eptesicus serotinus,0.008,0.02,-1,Echolocation,/mnt/ubna_data_01_mir/recover-20220825/UBNA_002/20220823_033000.WAV,Telephone Field,recover-20220825,002,1795
1159.8585,1159.8678,28906,38163,Eptesicus serotinus,0.009,0.023,-1,Echolocation,/mnt/ubna_data_01_mir/recover-20220825/UBNA_002/20220823_033000.WAV,Telephone Field,recover-20220825,002,1795
1159.8695,1159.9062,68437,82353,Rhinolophus ferrumequinum,0.022,0.022,-1,Echolocation,/mnt/ubna_data_01_mir/recover-20220825/UBNA_002/20220823_033000.WAV,Telephone Field,recover-20220825,002,1795
1159.8715,1159.8809,28906,38837,Eptesicus serotinus,0.008,0.02,-1,Echolocation,/mnt/ubna_data_01_mir/recover-20220825/UBNA_002/20220823_033000.WAV,Telephone Field,recover-20220825,002,1795
1159.9095,1159.9456,68437,81460,Rhinolophus ferrumequinum,0.021,0.021,-1,Echolocation,/mnt/ubna_data_01_mir/recover-20220825/UBNA_002/20220823_033000.WAV,Telephone Field,recover-20220825,002,1795
1159.9365,1159.9754,68437,81754,Rhinolophus ferrumequinum,0.021,0.021,-1,Echolocation,/mnt/ubna_data_01_mir/recover-20220825/UBNA_002/20220823_033000.WAV,Telephone Field,recover-20220825,002,1795
1159.9475,1159.986,68437,82459,Rhinolophus ferrumequinum,0.022,0.022,-1,Echolocation,/mnt/ubna_data_01_mir/recover-20220825/UBNA_002/20220823_033000.WAV,Telephone Field,recover-20220825,002,1795
1159.9855,1159.9961,22890,28563,Nyctalus leisleri,0.009,0.021,-1,Echolocation,/mnt/ubna_data_01_mir/recover-20220825/UBNA_002/20220823_033000.WAV,Telephone Field,recover-20220825,002,1795
1160.0015,1160.011,46093,53416,Pipistrellus pipistrellus,0.021,0.03,-1,Echolocation,/mnt/ubna_data_01_mir/recover-20220825/UBNA_002/20220823_033000.WAV,Telephone Field,recover-20220825,002,1795
1160.0015,1160.0117,22890,30284,Nyctalus leisleri,0.01,0.034,-1,Echolocation,/mnt/ubna_data_01_mir/recover-20220825/UBNA_002/20220823_033000.WAV,Telephone Field,recover-20220825,002,1795
1160.0015,1160.035,68437,79070,Rhinolophus ferrumequinum,0.061,0.061,-1,Echolocation,/mnt/ubna_data_01_mir/recover-20220825/UBNA_002/20220823_033000.WAV,Telephone Field,recover-20220825,002,1795
1160.0345,1160.0442,28046,36187,Eptesicus serotinus,0.011,0.025,-1,Echolocation,/mnt/ubna_data_01_mir/recover-20220825/UBNA_002/20220823_033000.WAV,Telephone Field,recover-20220825,002,1795
1160.0495,1160.0573,42656,46400,Pipistrellus nathusii,0.056,0.074,-1,Echolocation,/mnt/ubna_data_01_mir/recover-20220825/UBNA_002/20220823_033000.WAV,Telephone Field,recover-20220825,002,1795
1160.0835,1160.0942,28046,36403,Eptesicus serotinus,0.014,0.029,-1,Echolocation,/mnt/ubna_data_01_mir/recover-20220825/UBNA_002/20220823_033000.WAV,Telephone Field,recover-20220825,002,1795
1160.1255,1160.1389,25468,29485,Nyctalus leisleri,0.012,0.024,-1,Echolocation,/mnt/ubna_data_01_mir/recover-20220825/UBNA_002/20220823_033000.WAV,Telephone Field,recover-20220825,002,1795
1160.1355,1160.1429,27187,40466,Eptesicus serotinus,0.005,0.022,-1,Echolocation,/mnt/ubna_data_01_mir/recover-20220825/UBNA_002/20220823_033000.WAV,Telephone Field,recover-20220825,002,1795
1160.1355,1160.144,42656,48696,Pipistrellus nathusii,0.328,0.375,-1,Echolocation,/mnt/ubna_data_01_mir/recover-20220825/UBNA_002/20220823_033000.WAV,Telephone Field,recover-20220825,002,1795
1160.1695,1160.179,49531,55510,Pipistrellus pipistrellus,0.026,0.033,-1,Echolocation,/mnt/ubna_data_01_mir/recover-20220825/UBNA_002/20220823_033000.WAV,Telephone Field,recover-20220825,002,1795
1160.1735,1160.1824,25468,37338,Eptesicus serotinus,0.009,0.024,-1,Echolocation,/mnt/ubna_data_01_mir/recover-20220825/UBNA_002/20220823_033000.WAV,Telephone Field,recover-20220825,002,1795
1160.2375,1160.2459,41796,46940,Pipistrellus nathusii,0.445,0.49,-1,Echolocation,/mnt/ubna_data_01_mir/recover-20220825/UBNA_002/20220823_033000.WAV,Telephone Field,recover-20220825,002,1795
1160.2785,1160.286,28046,39681,Eptesicus serotinus,0.008,0.023,-1,Echolocation,/mnt/ubna_data_01_mir/recover-20220825/UBNA_002/20220823_033000.WAV,Telephone Field,recover-20220825,002,1795
1160.3015,1160.3423,68437,83093,Rhinolophus ferrumequinum,0.025,0.025,-1,Echolocation,/mnt/ubna_data_01_mir/recover-20220825/UBNA_002/20220823_033000.WAV,Telephone Field,recover-20220825,002,1795
1160.3275,1160.3332,30625,63077,Myotis brandtii,0.014,0.028,-1,Echolocation,/mnt/ubna_data_01_mir/recover-20220825/UBNA_002/20220823_033000.WAV,Telephone Field,recover-20220825,002,1795
1160.3275,1160.3361,42656,47272,Pipistrellus nathusii,0.236,0.285,-1,Echolocation,/mnt/ubna_data_01_mir/recover-20220825/UBNA_002/20220823_033000.WAV,Telephone Field,recover-20220825,002,1795
1160.4195,1160.4325,41796,45029,Pipistrellus nathusii,0.109,0.125,-1,Echolocation,/mnt/ubna_data_01_mir/recover-20220825/UBNA_002/20220823_033000.WAV,Telephone Field,recover-20220825,002,1795
1160.4395,1160.4771,68437,82543,Rhinolophus ferrumequinum,0.023,0.023,-1,Echolocation,/mnt/ubna_data_01_mir/recover-20220825/UBNA_002/20220823_033000.WAV,Telephone Field,recover-20220825,002,1795
1160.4775,1160.4923,22031,26072,Nyctalus leisleri,0.014,0.024,-1,Echolocation,/mnt/ubna_data_01_mir/recover-20220825/UBNA_002/20220823_033000.WAV,Telephone Field,recover-20220825,002,1795
1160.4905,1160.4978,28046,38829,Eptesicus serotinus,0.008,0.024,-1,Echolocation,/mnt/ubna_data_01_mir/recover-20220825/UBNA_002/20220823_033000.WAV,Telephone Field,recover-20220825,002,1795
1160.5025,1160.5476,68437,83402,Rhinolophus ferrumequinum,0.055,0.055,-1,Echolocation,/mnt/ubna_data_01_mir/recover-20220825/UBNA_002/20220823_033000.WAV,Telephone Field,recover-20220825,002,1795
1160.5035,1160.5134,41796,47917,Pipistrellus nathusii,0.26,0.295,-1,Echolocation,/mnt/ubna_data_01_mir/recover-20220825/UBNA_002/20220823_033000.WAV,Telephone Field,recover-20220825,002,1795
1160.5265,1160.534,28046,37550,Eptesicus serotinus,0.007,0.023,-1,Echolocation,/mnt/ubna_data_01_mir/recover-20220825/UBNA_002/20220823_033000.WAV,Telephone Field,recover-20220825,002,1795
1160.5655,1160.6049,68437,83107,Rhinolophus ferrumequinum,0.027,0.027,-1,Echolocation,/mnt/ubna_data_01_mir/recover-20220825/UBNA_002/20220823_033000.WAV,Telephone Field,recover-20220825,002,1795
1160.5825,1160.5884,30625,58057,Myotis brandtii,0.012,0.026,-1,Echolocation,/mnt/ubna_data_01_mir/recover-20220825/UBNA_002/20220823_033000.WAV,Telephone Field,recover-20220825,002,1795
1160.5835,1160.5916,42656,48855,Pipistrellus nathusii,0.527,0.567,-1,Echolocation,/mnt/ubna_data_01_mir/recover-20220825/UBNA_002/20220823_033000.WAV,Telephone Field,recover-20220825,002,1795
1160.5905,1160.6041,56406,62664,Pipistrellus pygmaeus,0.022,0.022,-1,Echolocation,/mnt/ubna_data_01_mir/recover-20220825/UBNA_002/20220823_033000.WAV,Telephone Field,recover-20220825,002,1795
1160.6145,1160.6244,27187,35864,Eptesicus serotinus,0.012,0.025,-1,Echolocation,/mnt/ubna_data_01_mir/recover-20220825/UBNA_002/20220823_033000.WAV,Telephone Field,recover-20220825,002,1795
1160.6515,1160.691,68437,82072,Rhinolophus ferrumequinum,0.023,0.023,-1,Echolocation,/mnt/ubna_data_01_mir/recover-20220825/UBNA_002/20220823_033000.WAV,Telephone Field,recover-20220825,002,1795
1160.6645,1160.6828,20312,23692,Nyctalus leisleri,0.013,0.025,-1,Echolocation,/mnt/ubna_data_01_mir/recover-20220825/UBNA_002/20220823_033000.WAV,Telephone Field,recover-20220825,002,1795
1160.6665,1160.6754,41796,47593,Pipistrellus nathusii,0.297,0.322,-1,Echolocation,/mnt/ubna_data_01_mir/recover-20220825/UBNA_002/20220823_033000.WAV,Telephone Field,recover-20220825,002,1795
1160.6985,1160.7374,68437,82041,Rhinolophus ferrumequinum,0.022,0.022,-1,Echolocation,/mnt/ubna_data_01_mir/recover-20220825/UBNA_002/20220823_033000.WAV,Telephone Field,recover-20220825,002,1795
1160.7085,1160.7175,22890,29509,Plecotus austriacus,0.008,0.023,-1,Echolocation,/mnt/ubna_data_01_mir/recover-20220825/UBNA_002/20220823_033000.WAV,Telephone Field,recover-20220825,002,1795
1160.7295,1160.7378,44375,54340,Pipistrellus pipistrellus,0.014,0.027,-1,Echolocation,/mnt/ubna_data_01_mir/recover-20220825/UBNA_002/20220823_033000.WAV,Telephone Field,recover-20220825,002,1795
1160.7535,1160.7621,27187,38219,Eptesicus serotinus,0.008,0.025,-1,Echolocation,/mnt/ubna_data_01_mir/recover-20220825/UBNA_002/20220823_033000.WAV,Telephone Field,recover-20220825,002,1795
1160.7555,1160.7925,68437,81852,Rhinolophus ferrumequinum,0.027,0.027,-1,Echolocation,/mnt/ubna_data_01_mir/recover-20220825/UBNA_002/20220823_033000.WAV,Telephone Field,recover-20220825,002,1795
1160.7715,1160.7785,57265,62212,Pipistrellus pygmaeus,0.024,0.025,-1,Echolocation,/mnt/ubna_data_01_mir/recover-20220825/UBNA_002/20220823_033000.WAV,Telephone Field,recover-20220825,002,1795
1160.7755,1160.7851,28046,38163,Eptesicus serotinus,0.013,0.029,-1,Echolocation,/mnt/ubna_data_01_mir/recover-20220825/UBNA_002/20220823_033000.WAV,Telephone Field,recover-20220825,002,1795
1160.7975,1160.8043,53828,58110,Pipistrellus pygmaeus,0.028,0.03,-1,Echolocation,/mnt/ubna_data_01_mir/recover-20220825/UBNA_002/20220823_033000.WAV,Telephone Field,recover-20220825,002,1795
1160.7975,1160.8041,41796,53518,Pipistrellus nathusii,0.462,0.548,-1,Echolocation,/mnt/ubna_data_01_mir/recover-20220825/UBNA_002/20220823_033000.WAV,Telephone Field,recover-20220825,002,1795
1160.8745,1160.9134,68437,81950,Rhinolophus ferrumequinum,0.025,0.025,-1,Echolocation,/mnt/ubna_data_01_mir/recover-20220825/UBNA_002/20220823_033000.WAV,Telephone Field,recover-20220825,002,1795
1160.8755,1160.8897,22890,26676,Nyctalus leisleri,0.014,0.024,-1,Echolocation,/mnt/ubna_data_01_mir/recover-20220825/UBNA_002/20220823_033000.WAV,Telephone Field,recover-20220825,002,1795
1160.8955,1160.904,27187,40821,Eptesicus serotinus,0.009,0.024,-1,Echolocation,/mnt/ubna_data_01_mir/recover-20220825/UBNA_002/20220823_033000.WAV,Telephone Field,recover-20220825,002,1795
1160.9135,1160.9527,68437,82061,Rhinolophus ferrumequinum,0.023,0.024,-1,Echolocation,/mnt/ubna_data_01_mir/recover-20220825/UBNA_002/20220823_033000.WAV,Telephone Field,recover-20220825,002,1795
1160.9135,1160.926,42656,46639,Pipistrellus nathusii,0.014,0.032,-1,Echolocation,/mnt/ubna_data_01_mir/recover-20220825/UBNA_002/20220823_033000.WAV,Telephone Field,recover-20220825,002,1795
1160.9345,1160.9426,41796,47232,Pipistrellus nathusii,0.199,0.28,-1,Echolocation,/mnt/ubna_data_01_mir/recover-20220825/UBNA_002/20220823_033000.WAV,Telephone Field,recover-20220825,002,1795
1160.9555,1160.9636,48671,55530,Pipistrellus pipistrellus,0.032,0.035,-1,Echolocation,/mnt/ubna_data_01_mir/recover-20220825/UBNA_002/20220823_033000.WAV,Telephone Field,recover-20220825,002,1795
1161.0135,1161.0205,41796,49581,Pipistrellus nathusii,0.389,0.487,-1,Echolocation,/mnt/ubna_data_01_mir/recover-20220825/UBNA_002/20220823_033000.WAV,Telephone Field,recover-20220825,002,1795
1161.0445,1161.0798,68437,80840,Rhinolophus ferrumequinum,0.022,0.022,-1,Echolocation,/mnt/ubna_data_01_mir/recover-20220825/UBNA_002/20220823_033000.WAV,Telephone Field,recover-20220825,002,1795
1161.0445,1161.0536,46953,51349,Pipistrellus pipistrellus,0.024,0.027,-1,Echolocation,/mnt/ubna_data_01_mir/recover-20220825/UBNA_002/20220823_033000.WAV,Telephone Field,recover-20220825,002,1795
1161.0565,1161.0947,68437,82118,Rhinolophus ferrumequinum,0.022,0.022,-1,Echolocation,/mnt/ubna_data_01_mir/recover-20220825/UBNA_002/20220823_033000.WAV,Telephone Field,recover-20220825,002,1795
1161.0855,1161.1212,68437,81651,Rhinolophus ferrumequinum,0.024,0.024,-1,Echolocation,/mnt/ubna_data_01_mir/recover-20220825/UBNA_002/20220823_033000.WAV,Telephone Field,recover-20220825,002,1795
1161.1055,1161.1122,27187,40811,Eptesicus serotinus,0.007,0.025,-1,Echolocation,/mnt/ubna_data_01_mir/recover-20220825/UBNA_002/20220823_033000.WAV,Telephone Field,recover-20220825,002,1795
1161.1635,1161.1747,58125,63724,Pipistrellus pygmaeus,0.021,0.022,-1,Echolocation,/mnt/ubna_data_01_mir/recover-20220825/UBNA_002/20220823_033000.WAV,Telephone Field,recover-20220825,002,1795
1161.1875,1161.1981,23750,30165,Nyctalus leisleri,0.01,0.026,-1,Echolocation,/mnt/ubna_data_01_mir/recover-20220825/UBNA_002/20220823_033000.WAV,Telephone Field,recover-20220825,002,1795
1161.1875,1161.2244,68437,82200,Rhinolophus ferrumequinum,0.027,0.027,-1,Echolocation,/mnt/ubna_data_01_mir/recover-20220825/UBNA_002/20220823_033000.WAV,Telephone Field,recover-20220825,002,1795
1161.2085,1161.2225,15156,20964,Nyctalus noctula,0.022,0.03,-1,Echolocation,/mnt/ubna_data_01_mir/recover-20220825/UBNA_002/20220823_033000.WAV,Telephone Field,recover-20220825,002,1795
1161.2205,1161.2306,24609,31220,Nyctalus leisleri,0.008,0.022,-1,Echolocation,/mnt/ubna_data_01_mir/recover-20220825/UBNA_002/20220823_033000.WAV,Telephone Field,recover-20220825,002,1795
1161.2475,1161.2858,68437,81850,Rhinolophus ferrumequinum,0.024,0.024,-1,Echolocation,/mnt/ubna_data_01_mir/recover-20220825/UBNA_002/20220823_033000.WAV,Telephone Field,recover-20220825,002,1795
1161.2525,1161.2594,23750,32077,Plecotus austriacus,0.011,0.025,-1,Echolocation,/mnt/ubna_data_01_mir/recover-20220825/UBNA_002/20220823_033000.WAV,Telephone Field,recover-20220825,002,1795
1161.2545,1161.2596,48671,56272,Pipistrellus pipistrellus,0.02,0.023,-1,Echolocation,/mnt/ubna_data_01_mir/recover-20220825/UBNA_002/20220823_033000.WAV,Telephone Field,recover-20220825,002,1795
1161.2905,1161.2997,28046,35804,Eptesicus serotinus,0.01,0.024,-1,Echolocation,/mnt/ubna_data_01_mir/recover-20220825/UBNA_002/20220823_033000.WAV,Telephone Field,recover-20220825,002,1795
1161.4175,1161.4327,22890,26617,Nyctalus leisleri,0.023,0.041,-1,Echolocation,/mnt/ubna_data_01_mir/recover-20220825/UBNA_002/20220823_033000.WAV,Telephone Field,recover-20220825,002,1795
1161.4365,1161.473,68437,82413,Rhinolophus ferrumequinum,0.023,0.023,-1,Echolocation,/mnt/ubna_data_01_mir/recover-20220825/UBNA_002/20220823_033000.WAV,Telephone Field,recover-20220825,002,1795
1161.4435,1161.4802,68437,82095,Rhinolophus ferrumequinum,0.022,0.022,-1,Echolocation,/mnt/ubna_data_01_mir/recover-20220825/UBNA_002/20220823_033000.WAV,Telephone Field,recover-20220825,002,1795
1161.4695,1161.4784,28046,40157,Eptesicus serotinus,0.01,0.027,-1,Echolocation,/mnt/ubna_data_01_mir/recover-20220825/UBNA_002/20220823_033000.WAV,Telephone Field,recover-20220825,002,1795
1161.4915,1161.5287,68437,82268,Rhinolophus ferrumequinum,0.028,0.028,-1,Echolocation,/mnt/ubna_data_01_mir/recover-20220825/UBNA_002/20220823_033000.WAV,Telephone Field,recover-20220825,002,1795
1161.4965,1161.5075,24609,29360,Nyctalus leisleri,0.011,0.023,-1,Echolocation,/mnt/ubna_data_01_mir/recover-20220825/UBNA_002/20220823_033000.WAV,Telephone Field,recover-20220825,002,1795
1161.5575,1161.5668,28046,36803,Eptesicus serotinus,0.009,0.022,-1,Echolocation,/mnt/ubna_data_01_mir/recover-20220825/UBNA_002/20220823_033000.WAV,Telephone Field,recover-20220825,002,1795
1161.5935,1161.6047,23750,28436,Nyctalus leisleri,0.012,0.024,-1,Echolocation,/mnt/ubna_data_01_mir/recover-20220825/UBNA_002/20220823_033000.WAV,Telephone Field,recover-20220825,002,1795
1161.6015,1161.6411,68437,82172,Rhinolophus ferrumequinum,0.025,0.025,-1,Echolocation,/mnt/ubna_data_01_mir/recover-20220825/UBNA_002/20220823_033000.WAV,Telephone Field,recover-20220825,002,1795
1161.6115,1161.6516,68437,82147,Rhinolophus ferrumequinum,0.022,0.022,-1,Echolocation,/mnt/ubna_data_01_mir/recover-20220825/UBNA_002/20220823_033000.WAV,Telephone Field,recover-20220825,002,1795
1161.6125,1161.62,33203,40384,Barbastellus barbastellus,0.029,0.051,-1,Echolocation,/mnt/ubna_data_01_mir/recover-20220825/UBNA_002/20220823_033000.WAV,Telephone Field,recover-20220825,002,1795
1161.6295,1161.6423,22031,25605,Nyctalus leisleri,0.013,0.022,-1,Echolocation,/mnt/ubna_data_01_mir/recover-20220825/UBNA_002/20220823_033000.WAV,Telephone Field,recover-20220825,002,1795
1161.6555,1161.6674,23750,29705,Nyctalus leisleri,0.009,0.025,-1,Echolocation,/mnt/ubna_data_01_mir/recover-20220825/UBNA_002/20220823_033000.WAV,Telephone Field,recover-20220825,002,1795
1161.6575,1161.6947,68437,81384,Rhinolophus ferrumequinum,0.022,0.022,-1,Echolocation,/mnt/ubna_data_01_mir/recover-20220825/UBNA_002/20220823_033000.WAV,Telephone Field,recover-20220825,002,1795
1161.6705,1161.71,68437,82122,Rhinolophus ferrumequinum,0.028,0.028,-1,Echolocation,/mnt/ubna_data_01_mir/recover-20220825/UBNA_002/20220823_033000.WAV,Telephone Field,recover-20220825,002,1795
1161.7005,1161.7378,68437,81393,Rhinolophus ferrumequinum,0.022,0.022,-1,Echolocation,/mnt/ubna_data_01_mir/recover-20220825/UBNA_002/20220823_033000.WAV,Telephone Field,recover-20220825,002,1795
1161.7435,1161.7604,38359,41877,Pipistrellus nathusii,0.055,0.062,-1,Echolocation,/mnt/ubna_data_01_mir/recover-20220825/UBNA_002/20220823_033000.WAV,Telephone Field,recover-20220825,002,1795
1161.7435,1161.7823,68437,82197,Rhinolophus ferrumequinum,0.022,0.022,-1,Echolocation,/mnt/ubna_data_01_mir/recover-20220825/UBNA_002/20220823_033000.WAV,Telephone Field,recover-20220825,002,1795
1161.7435,1161.752,28046,38294,Eptesicus serotinus,0.008,0.022,-1,Echolocation,/mnt/ubna_data_01_mir/recover-20220825/UBNA_002/20220823_033000.WAV,Telephone Field,recover-20220825,002,1795
1161.7705,1161.7823,23750,29529,Nyctalus leisleri,0.009,0.022,-1,Echolocation,/mnt/ubna_data_01_mir/recover-20220825/UBNA_002/20220823_033000.WAV,Telephone Field,recover-20220825,002,1795
1161.7795,1161.7899,24609,30527,Nyctalus leisleri,0.009,0.024,-1,Echolocation,/mnt/ubna_data_01_mir/recover-20220825/UBNA_002/20220823_033000.WAV,Telephone Field,recover-20220825,002,1795
1161.7855,1161.8259,68437,82017,Rhinolophus ferrumequinum,0.022,0.022,-1,Echolocation,/mnt/ubna_data_01_mir/recover-20220825/UBNA_002/20220823_033000.WAV,Telephone Field,recover-20220825,002,1795
1161.8065,1161.8169,24609,32146,Eptesicus serotinus,0.008,0.022,-1,Echolocation,/mnt/ubna_data_01_mir/recover-20220825/UBNA_002/20220823_033000.WAV,Telephone Field,recover-20220825,002,1795
1161.8485,1161.8655,22031,26155,Nyctalus leisleri,0.018,0.034,-1,Echolocation,/mnt/ubna_data_01_mir/recover-20220825/UBNA_002/20220823_033000.WAV,Telephone Field,recover-20220825,002,1795
1161.8885,1161.9265,68437,82675,Rhinolophus ferrumequinum,0.022,0.022,-1,Echolocation,/mnt/ubna_data_01_mir/recover-20220825/UBNA_002/20220823_033000.WAV,Telephone Field,recover-20220825,002,1795
1161.8935,1161.9315,68437,81901,Rhinolophus ferrumequinum,0.022,0.022,-1,Echolocation,/mnt/ubna_data_01_mir/recover-20220825/UBNA_002/20220823_033000.WAV,Telephone Field,recover-20220825,002,1795
1161.9275,1161.9356,53828,60767,Pipistrellus pygmaeus,0.065,0.068,-1,Echolocation,/mnt/ubna_data_01_mir/recover-20220825/UBNA_002/20220823_033000.WAV,Telephone Field,recover-20220825,002,1795
1161.9565,1161.9644,28046,39898,Eptesicus serotinus,0.009,0.025,-1,Echolocation,/mnt/ubna_data_01_mir/recover-20220825/UBNA_002/20220823_033000.WAV,Telephone Field,recover-20220825,002,1795
1161.9585,1161.9991,68437,82421,Rhinolophus ferrumequinum,0.023,0.023,-1,Echolocation,/mnt/ubna_data_01_mir/recover-20220825/UBNA_002/20220823_033000.WAV,Telephone Field,recover-20220825,002,1795
1162.0015,1162.0361,68437,79866,Rhinolophus ferrumequinum,0.048,0.048,-1,Echolocation,/mnt/ubna_data_01_mir/recover-20220825/UBNA_002/20220823_033000.WAV,Telephone Field,recover-20220825,002,1795
1162.0015,1162.0129,46953,52032,Pipistrellus pipistrellus,0.019,0.025,-1,Echolocation,/mnt/ubna_data_01_mir/recover-20220825/UBNA_002/20220823_033000.WAV,Telephone Field,recover-20220825,002,1795
1162.0015,1162.0113,26328,33652,Nyctalus leisleri,0.01,0.029,-1,Echolocation,/mnt/ubna_data_01_mir/recover-20220825/UBNA_002/20220823_033000.WAV,Telephone Field,recover-20220825,002,1795
1162.0075,1162.0505,68437,82577,Rhinolophus ferrumequinum,0.03,0.03,-1,Echolocation,/mnt/ubna_data_01_mir/recover-20220825/UBNA_002/20220823_033000.WAV,Telephone Field,recover-20220825,002,1795
1162.0225,1162.0641,68437,83279,Rhinolophus ferrumequinum,0.034,0.034,-1,Echolocation,/mnt/ubna_data_01_mir/recover-20220825/UBNA_002/20220823_033000.WAV,Telephone Field,recover-20220825,002,1795
1162.0385,1162.0751,68437,81892,Rhinolophus ferrumequinum,0.022,0.022,-1,Echolocation,/mnt/ubna_data_01_mir/recover-20220825/UBNA_002/20220823_033000.WAV,Telephone Field,recover-20220825,002,1795
1162.0535,1162.0936,68437,82477,Rhinolophus ferrumequinum,0.021,0.021,-1,Echolocation,/mnt/ubna_data_01_mir/recover-20220825/UBNA_002/20220823_033000.WAV,Telephone Field,recover-20220825,002,1795
1162.0725,1162.0815,23750,32033,Plecotus austriacus,0.012,0.036,-1,Echolocation,/mnt/ubna_data_01_mir/recover-20220825/UBNA_002/20220823_033000.WAV,Telephone Field,recover-20220825,002,1795
1162.0875,1162.1306,68437,82905,Rhinolophus ferrumequinum,0.031,0.031,-1,Echolocation,/mnt/ubna_data_01_mir/recover-20220825/UBNA_002/20220823_033000.WAV,Telephone Field,recover-20220825,002,1795
1162.1195,1162.1581,68437,82333,Rhinolophus ferrumequinum,0.025,0.025,-1,Echolocation,/mnt/ubna_data_01_mir/recover-20220825/UBNA_002/20220823_033000.WAV,Telephone Field,recover-20220825,002,1795
1162.1235,1162.1334,23750,29521,Nyctalus leisleri,0.008,0.021,-1,Echolocation,/mnt/ubna_data_01_mir/recover-20220825/UBNA_002/20220823_033000.WAV,Telephone Field,recover-20220825,002,1795
1162.1395,1162.1793,68437,82274,Rhinolophus ferrumequinum,0.026,0.026,-1,Echolocation,/mnt/ubna_data_01_mir/recover-20220825/UBNA_002/20220823_033000.WAV,Telephone Field,recover-20220825,002,1795
1162.1575,1162.1953,68437,81766,Rhinolophus ferrumequinum,0.023,0.023,-1,Echolocation,/mnt/ubna_data_01_mir/recover-20220825/UBNA_002/20220823_033000.WAV,Telephone Field,recover-20220825,002,1795
1162.1605,1162.1703,23750,30179,Nyctalus leisleri,0.008,0.022,-1,Echolocation,/mnt/ubna_data_01_mir/recover-20220825/UBNA_002/20220823_033000.WAV,Telephone Field,recover-20220825,002,1795
1162.1895,1162.2308,68437,83284,Rhinolophus ferrumequinum,0.028,0.028,-1,Echolocation,/mnt/ubna_data_01_mir/recover-20220825/UBNA_002/20220823_033000.WAV,Telephone Field,recover-20220825,002,1795
1162.2115,1162.2511,68437,82677,Rhinolophus ferrumequinum,0.026,0.026,-1,Echolocation,/mnt/ubna_data_01_mir/recover-20220825/UBNA_002/20220823_033000.WAV,Telephone Field,recover-20220825,002,1795
1162.2235,1162.2672,68437,83088,Rhinolophus ferrumequinum,0.036,0.036,-1,Echolocation,/mnt/ubna_data_01_mir/recover-20220825/UBNA_002/20220823_033000.WAV,Telephone Field,recover-20220825,002,1795
1162.2855,1162.3264,68437,82646,Rhinolophus ferrumequinum,0.023,0.023,-1,Echolocation,/mnt/ubna_data_01_mir/recover-20220825/UBNA_002/20220823_033000.WAV,Telephone Field,recover-20220825,002,1795
1162.2945,1162.3017,28906,39832,Eptesicus serotinus,0.007,0.022,-1,Echolocation,/mnt/ubna_data_01_mir/recover-20220825/UBNA_002/20220823_033000.WAV,Telephone Field,recover-20220825,002,1795
1162.3535,1162.3946,68437,82141,Rhinolophus ferrumequinum,0.025,0.025,-1,Echolocation,/mnt/ubna_data_01_mir/recover-20220825/UBNA_002/20220823_033000.WAV,Telephone Field,recover-20220825,002,1795
1162.3965,1162.4341,68437,81998,Rhinolophus ferrumequinum,0.021,0.021,-1,Echolocation,/mnt/ubna_data_01_mir/recover-20220825/UBNA_002/20220823_033000.WAV,Telephone Field,recover-20220825,002,1795
1162.4355,1162.4442,28046,36583,Eptesicus serotinus,0.01,0.023,-1,Echolocation,/mnt/ubna_data_01_mir/recover-20220825/UBNA_002/20220823_033000.WAV,Telephone Field,recover-20220825,002,1795
1162.4395,1162.4773,68437,82150,Rhinolophus ferrumequinum,0.022,0.022,-1,Echolocation,/mnt/ubna_data_01_mir/recover-20220825/UBNA_002/20220823_033000.WAV,Telephone Field,recover-20220825,002,1795
1162.4695,1162.4808,23750,30504,Nyctalus leisleri,0.011,0.029,-1,Echolocation,/mnt/ubna_data_01_mir/recover-20220825/UBNA_002/20220823_033000.WAV,Telephone Field,recover-20220825,002,1795
1162.5145,1162.5226,24609,33087,Plecotus austriacus,0.008,0.025,-1,Echolocation,/mnt/ubna_data_01_mir/recover-20220825/UBNA_002/20220823_033000.WAV,Telephone Field,recover-20220825,002,1795
1162.5275,1162.5656,68437,81721,Rhinolophus ferrumequinum,0.023,0.023,-1,Echolocation,/mnt/ubna_data_01_mir/recover-20220825/UBNA_002/20220823_033000.WAV,Telephone Field,recover-20220825,002,1795
1162.5305,1162.5424,23750,29291,Nyctalus leisleri,0.012,0.025,-1,Echolocation,/mnt/ubna_data_01_mir/recover-20220825/UBNA_002/20220823_033000.WAV,Telephone Field,recover-20220825,002,1795
1162.5475,1162.5844,68437,81852,Rhinolophus ferrumequinum,0.023,0.023,-1,Echolocation,/mnt/ubna_data_01_mir/recover-20220825/UBNA_002/20220823_033000.WAV,Telephone Field,recover-20220825,002,1795
1162.5805,1162.5909,22890,27783,Nyctalus leisleri,0.011,0.022,-1,Echolocation,/mnt/ubna_data_01_mir/recover-20220825/UBNA_002/20220823_033000.WAV,Telephone Field,recover-20220825,002,1795
1162.5825,1162.5906,28906,39882,Eptesicus serotinus,0.009,0.024,-1,Echolocation,/mnt/ubna_data_01_mir/recover-20220825/UBNA_002/20220823_033000.WAV,Telephone Field,recover-20220825,002,1795
1162.6115,1162.6486,68437,81906,Rhinolophus ferrumequinum,0.022,0.022,-1,Echolocation,/mnt/ubna_data_01_mir/recover-20220825/UBNA_002/20220823_033000.WAV,Telephone Field,recover-20220825,002,1795
1162.6235,1162.6336000000001,24609,30765,Nyctalus leisleri,0.008,0.021,-1,Echolocation,/mnt/ubna_data_01_mir/recover-20220825/UBNA_002/20220823_033000.WAV,Telephone Field,recover-20220825,002,1795
1162.6285,1162.6677,68437,81405,Rhinolophus ferrumequinum,0.022,0.022,-1,Echolocation,/mnt/ubna_data_01_mir/recover-20220825/UBNA_002/20220823_033000.WAV,Telephone Field,recover-20220825,002,1795
1162.6345,1162.6749,68437,82174,Rhinolophus ferrumequinum,0.023,0.023,-1,Echolocation,/mnt/ubna_data_01_mir/recover-20220825/UBNA_002/20220823_033000.WAV,Telephone Field,recover-20220825,002,1795
1162.6455,1162.6855,68437,82338,Rhinolophus ferrumequinum,0.023,0.023,-1,Echolocation,/mnt/ubna_data_01_mir/recover-20220825/UBNA_002/20220823_033000.WAV,Telephone Field,recover-20220825,002,1795
1162.6745,1162.7118,68437,81439,Rhinolophus ferrumequinum,0.021,0.021,-1,Echolocation,/mnt/ubna_data_01_mir/recover-20220825/UBNA_002/20220823_033000.WAV,Telephone Field,recover-20220825,002,1795
1162.6795,1162.7189,68437,81609,Rhinolophus ferrumequinum,0.021,0.021,-1,Echolocation,/mnt/ubna_data_01_mir/recover-20220825/UBNA_002/20220823_033000.WAV,Telephone Field,recover-20220825,002,1795
1162.6805,1162.6876,24609,33730,Plecotus austriacus,0.008,0.022,-1,Echolocation,/mnt/ubna_data_01_mir/recover-20220825/UBNA_002/20220823_033000.WAV,Telephone Field,recover-20220825,002,1795
1162.6915,1162.7255,68437,81900,Rhinolophus ferrumequinum,0.024,0.024,-1,Echolocation,/mnt/ubna_data_01_mir/recover-20220825/UBNA_002/20220823_033000.WAV,Telephone Field,recover-20220825,002,1795
1162.6965,1162.706,45234,48807,Pipistrellus pipistrellus,0.02,0.021,-1,Echolocation,/mnt/ubna_data_01_mir/recover-20220825/UBNA_002/20220823_033000.WAV,Telephone Field,recover-20220825,002,1795
1162.7025,1162.7104,28046,40386,Eptesicus serotinus,0.007,0.022,-1,Echolocation,/mnt/ubna_data_01_mir/recover-20220825/UBNA_002/20220823_033000.WAV,Telephone Field,recover-20220825,002,1795
1162.7255,1162.7646,68437,82370,Rhinolophus ferrumequinum,0.021,0.021,-1,Echolocation,/mnt/ubna_data_01_mir/recover-20220825/UBNA_002/20220823_033000.WAV,Telephone Field,recover-20220825,002,1795
1162.7745,1162.7827,25468,34261,Eptesicus serotinus,0.007,0.021,-1,Echolocation,/mnt/ubna_data_01_mir/recover-20220825/UBNA_002/20220823_033000.WAV,Telephone Field,recover-20220825,002,1795
1162.7765,1162.8148,68437,81541,Rhinolophus ferrumequinum,0.03,0.03,-1,Echolocation,/mnt/ubna_data_01_mir/recover-20220825/UBNA_002/20220823_033000.WAV,Telephone Field,recover-20220825,002,1795
1162.8005,1162.8421,68437,82868,Rhinolophus ferrumequinum,0.029,0.029,-1,Echolocation,/mnt/ubna_data_01_mir/recover-20220825/UBNA_002/20220823_033000.WAV,Telephone Field,recover-20220825,002,1795
1162.8155,1162.8538,68437,82243,Rhinolophus ferrumequinum,0.022,0.022,-1,Echolocation,/mnt/ubna_data_01_mir/recover-20220825/UBNA_002/20220823_033000.WAV,Telephone Field,recover-20220825,002,1795
1162.8275,1162.834,28906,37408,Eptesicus serotinus,0.007,0.025,-1,Echolocation,/mnt/ubna_data_01_mir/recover-20220825/UBNA_002/20220823_033000.WAV,Telephone Field,recover-20220825,002,1795
1162.8435,1162.8815,68437,82078,Rhinolophus ferrumequinum,0.035,0.035,-1,Echolocation,/mnt/ubna_data_01_mir/recover-20220825/UBNA_002/20220823_033000.WAV,Telephone Field,recover-20220825,002,1795
1162.8515,1162.8899,68437,81805,Rhinolophus ferrumequinum,0.023,0.024,-1,Echolocation,/mnt/ubna_data_01_mir/recover-20220825/UBNA_002/20220823_033000.WAV,Telephone Field,recover-20220825,002,1795
1162.8645,1162.8767,36640,39930,Pipistrellus nathusii,0.008,0.023,-1,Echolocation,/mnt/ubna_data_01_mir/recover-20220825/UBNA_002/20220823_033000.WAV,Telephone Field,recover-20220825,002,1795
1162.8885,1162.9271,68437,81853,Rhinolophus ferrumequinum,0.021,0.021,-1,Echolocation,/mnt/ubna_data_01_mir/recover-20220825/UBNA_002/20220823_033000.WAV,Telephone Field,recover-20220825,002,1795
1162.8945,1162.9337,68437,82383,Rhinolophus ferrumequinum,0.022,0.022,-1,Echolocation,/mnt/ubna_data_01_mir/recover-20220825/UBNA_002/20220823_033000.WAV,Telephone Field,recover-20220825,002,1795
1162.9025,1162.9419,68437,82169,Rhinolophus ferrumequinum,0.023,0.023,-1,Echolocation,/mnt/ubna_data_01_mir/recover-20220825/UBNA_002/20220823_033000.WAV,Telephone Field,recover-20220825,002,1795
1162.9255,1162.9374,22890,27983,Nyctalus leisleri,0.013,0.025,-1,Echolocation,/mnt/ubna_data_01_mir/recover-20220825/UBNA_002/20220823_033000.WAV,Telephone Field,recover-20220825,002,1795
1162.9455,1162.9861,68437,81882,Rhinolophus ferrumequinum,0.033,0.033,-1,Echolocation,/mnt/ubna_data_01_mir/recover-20220825/UBNA_002/20220823_033000.WAV,Telephone Field,recover-20220825,002,1795
1162.9655,1163.0011,68437,81237,Rhinolophus ferrumequinum,0.022,0.022,-1,Echolocation,/mnt/ubna_data_01_mir/recover-20220825/UBNA_002/20220823_033000.WAV,Telephone Field,recover-20220825,002,1795
1162.9705,1163.0053,68437,81631,Rhinolophus ferrumequinum,0.022,0.022,-1,Echolocation,/mnt/ubna_data_01_mir/recover-20220825/UBNA_002/20220823_033000.WAV,Telephone Field,recover-20220825,002,1795
1162.9805,1162.9885,26328,34684,Eptesicus serotinus,0.009,0.022,-1,Echolocation,/mnt/ubna_data_01_mir/recover-20220825/UBNA_002/20220823_033000.WAV,Telephone Field,recover-20220825,002,1795
1162.9825,1163.0199,68437,81843,Rhinolophus ferrumequinum,0.021,0.021,-1,Echolocation,/mnt/ubna_data_01_mir/recover-20220825/UBNA_002/20220823_033000.WAV,Telephone Field,recover-20220825,002,1795
1163.0065,1163.0486,68437,82759,Rhinolophus ferrumequinum,0.021,0.021,-1,Echolocation,/mnt/ubna_data_01_mir/recover-20220825/UBNA_002/20220823_033000.WAV,Telephone Field,recover-20220825,002,1795
1163.0245,1163.0633,68437,81937,Rhinolophus ferrumequinum,0.022,0.022,-1,Echolocation,/mnt/ubna_data_01_mir/recover-20220825/UBNA_002/20220823_033000.WAV,Telephone Field,recover-20220825,002,1795
1163.0425,1163.0833,68437,82075,Rhinolophus ferrumequinum,0.023,0.023,-1,Echolocation,/mnt/ubna_data_01_mir/recover-20220825/UBNA_002/20220823_033000.WAV,Telephone Field,recover-20220825,002,1795
1163.1305,1163.1417,47812,51754,Pipistrellus pipistrellus,0.033,0.037,-1,Echolocation,/mnt/ubna_data_01_mir/recover-20220825/UBNA_002/20220823_033000.WAV,Telephone Field,recover-20220825,002,1795
1163.1305,1163.17,68437,81809,Rhinolophus ferrumequinum,0.025,0.025,-1,Echolocation,/mnt/ubna_data_01_mir/recover-20220825/UBNA_002/20220823_033000.WAV,Telephone Field,recover-20220825,002,1795
1163.1455,1163.1568,28906,35322,Eptesicus serotinus,0.012,0.025,-1,Echolocation,/mnt/ubna_data_01_mir/recover-20220825/UBNA_002/20220823_033000.WAV,Telephone Field,recover-20220825,002,1795
1163.1505,1163.1915,68437,82200,Rhinolophus ferrumequinum,0.022,0.022,-1,Echolocation,/mnt/ubna_data_01_mir/recover-20220825/UBNA_002/20220823_033000.WAV,Telephone Field,recover-20220825,002,1795
1163.1595,1163.2014,68437,82905,Rhinolophus ferrumequinum,0.027,0.027,-1,Echolocation,/mnt/ubna_data_01_mir/recover-20220825/UBNA_002/20220823_033000.WAV,Telephone Field,recover-20220825,002,1795
1163.1745,1163.2147,68437,82587,Rhinolophus ferrumequinum,0.025,0.025,-1,Echolocation,/mnt/ubna_data_01_mir/recover-20220825/UBNA_002/20220823_033000.WAV,Telephone Field,recover-20220825,002,1795
1163.1975,1163.2379,68437,83314,Rhinolophus ferrumequinum,0.026,0.026,-1,Echolocation,/mnt/ubna_data_01_mir/recover-20220825/UBNA_002/20220823_033000.WAV,Telephone Field,recover-20220825,002,1795
1163.2155,1163.2608,68437,83847,Rhinolophus ferrumequinum,0.118,0.118,-1,Echolocation,/mnt/ubna_data_01_mir/recover-20220825/UBNA_002/20220823_033000.WAV,Telephone Field,recover-20220825,002,1795
1163.2245,1163.2324,46953,51288,Pipistrellus pipistrellus,0.022,0.023,-1,Echolocation,/mnt/ubna_data_01_mir/recover-20220825/UBNA_002/20220823_033000.WAV,Telephone Field,recover-20220825,002,1795
1163.2385,1163.2823,68437,83215,Rhinolophus ferrumequinum,0.026,0.026,-1,Echolocation,/mnt/ubna_data_01_mir/recover-20220825/UBNA_002/20220823_033000.WAV,Telephone Field,recover-20220825,002,1795
1163.2395,1163.2481,25468,33823,Eptesicus serotinus,0.008,0.023,-1,Echolocation,/mnt/ubna_data_01_mir/recover-20220825/UBNA_002/20220823_033000.WAV,Telephone Field,recover-20220825,002,1795
1163.2605,1163.2938,68437,81524,Rhinolophus ferrumequinum,0.024,0.024,-1,Echolocation,/mnt/ubna_data_01_mir/recover-20220825/UBNA_002/20220823_033000.WAV,Telephone Field,recover-20220825,002,1795
1163.3115,1163.3512,68437,82634,Rhinolophus ferrumequinum,0.029,0.029,-1,Echolocation,/mnt/ubna_data_01_mir/recover-20220825/UBNA_002/20220823_033000.WAV,Telephone Field,recover-20220825,002,1795
1163.3285,1163.3352,24609,37082,Plecotus austriacus,0.012,0.028,-1,Echolocation,/mnt/ubna_data_01_mir/recover-20220825/UBNA_002/20220823_033000.WAV,Telephone Field,recover-20220825,002,1795
1163.3415,1163.3808,68437,82219,Rhinolophus ferrumequinum,0.022,0.022,-1,Echolocation,/mnt/ubna_data_01_mir/recover-20220825/UBNA_002/20220823_033000.WAV,Telephone Field,recover-20220825,002,1795
1163.3575,1163.4001,68437,82518,Rhinolophus ferrumequinum,0.029,0.029,-1,Echolocation,/mnt/ubna_data_01_mir/recover-20220825/UBNA_002/20220823_033000.WAV,Telephone Field,recover-20220825,002,1795
1163.3825,1163.4252,68437,83032,Rhinolophus ferrumequinum,0.036,0.036,-1,Echolocation,/mnt/ubna_data_01_mir/recover-20220825/UBNA_002/20220823_033000.WAV,Telephone Field,recover-20220825,002,1795
1163.4245,1163.4349,23750,29551,Nyctalus leisleri,0.009,0.024,-1,Echolocation,/mnt/ubna_data_01_mir/recover-20220825/UBNA_002/20220823_033000.WAV,Telephone Field,recover-20220825,002,1795
1163.4355,1163.4433,28906,39834,Eptesicus serotinus,0.006,0.021,-1,Echolocation,/mnt/ubna_data_01_mir/recover-20220825/UBNA_002/20220823_033000.WAV,Telephone Field,recover-20220825,002,1795
1163.4425,1163.481,68437,82040,Rhinolophus ferrumequinum,0.021,0.021,-1,Echolocation,/mnt/ubna_data_01_mir/recover-20220825/UBNA_002/20220823_033000.WAV,Telephone Field,recover-20220825,002,1795
1163.4845,1163.5217,68437,82231,Rhinolophus ferrumequinum,0.024,0.024,-1,Echolocation,/mnt/ubna_data_01_mir/recover-20220825/UBNA_002/20220823_033000.WAV,Telephone Field,recover-20220825,002,1795
1163.4995,1163.5074,28046,39675,Eptesicus serotinus,0.009,0.025,-1,Echolocation,/mnt/ubna_data_01_mir/recover-20220825/UBNA_002/20220823_033000.WAV,Telephone Field,recover-20220825,002,1795
1163.5105,1163.5488,68437,81752,Rhinolophus ferrumequinum,0.022,0.022,-1,Echolocation,/mnt/ubna_data_01_mir/recover-20220825/UBNA_002/20220823_033000.WAV,Telephone Field,recover-20220825,002,1795
1163.5155,1163.5544,68437,82295,Rhinolophus ferrumequinum,0.023,0.023,-1,Echolocation,/mnt/ubna_data_01_mir/recover-20220825/UBNA_002/20220823_033000.WAV,Telephone Field,recover-20220825,002,1795
1163.5255,1163.5333,27187,35710,Eptesicus serotinus,0.013,0.031,-1,Echolocation,/mnt/ubna_data_01_mir/recover-20220825/UBNA_002/20220823_033000.WAV,Telephone Field,recover-20220825,002,1795
1163.5545,1163.5946,68437,82320,Rhinolophus ferrumequinum,0.023,0.024,-1,Echolocation,/mnt/ubna_data_01_mir/recover-20220825/UBNA_002/20220823_033000.WAV,Telephone Field,recover-20220825,002,1795
1163.5795,1163.6195,68437,82190,Rhinolophus ferrumequinum,0.024,0.024,-1,Echolocation,/mnt/ubna_data_01_mir/recover-20220825/UBNA_002/20220823_033000.WAV,Telephone Field,recover-20220825,002,1795
1163.6185,1163.6565,68437,82373,Rhinolophus ferrumequinum,0.028,0.028,-1,Echolocation,/mnt/ubna_data_01_mir/recover-20220825/UBNA_002/20220823_033000.WAV,Telephone Field,recover-20220825,002,1795
1163.6285,1163.6669,68437,82302,Rhinolophus ferrumequinum,0.022,0.023,-1,Echolocation,/mnt/ubna_data_01_mir/recover-20220825/UBNA_002/20220823_033000.WAV,Telephone Field,recover-20220825,002,1795
1163.6355,1163.6699,68437,81316,Rhinolophus ferrumequinum,0.021,0.021,-1,Echolocation,/mnt/ubna_data_01_mir/recover-20220825/UBNA_002/20220823_033000.WAV,Telephone Field,recover-20220825,002,1795
1163.6485,1163.6564,28906,40428,Eptesicus serotinus,0.007,0.022,-1,Echolocation,/mnt/ubna_data_01_mir/recover-20220825/UBNA_002/20220823_033000.WAV,Telephone Field,recover-20220825,002,1795
1163.6525,1163.693,68437,82758,Rhinolophus ferrumequinum,0.026,0.026,-1,Echolocation,/mnt/ubna_data_01_mir/recover-20220825/UBNA_002/20220823_033000.WAV,Telephone Field,recover-20220825,002,1795
1163.6635,1163.6999,68437,81954,Rhinolophus ferrumequinum,0.021,0.022,-1,Echolocation,/mnt/ubna_data_01_mir/recover-20220825/UBNA_002/20220823_033000.WAV,Telephone Field,recover-20220825,002,1795
1163.6745,1163.6854,22890,28339,Nyctalus leisleri,0.009,0.021,-1,Echolocation,/mnt/ubna_data_01_mir/recover-20220825/UBNA_002/20220823_033000.WAV,Telephone Field,recover-20220825,002,1795
1163.7135,1163.7487,68437,81336,Rhinolophus ferrumequinum,0.025,0.025,-1,Echolocation,/mnt/ubna_data_01_mir/recover-20220825/UBNA_002/20220823_033000.WAV,Telephone Field,recover-20220825,002,1795
1163.7555,1163.7647,26328,34830,Eptesicus serotinus,0.012,0.03,-1,Echolocation,/mnt/ubna_data_01_mir/recover-20220825/UBNA_002/20220823_033000.WAV,Telephone Field,recover-20220825,002,1795
1163.7715,1163.782,27187,34661,Eptesicus serotinus,0.014,0.026,-1,Echolocation,/mnt/ubna_data_01_mir/recover-20220825/UBNA_002/20220823_033000.WAV,Telephone Field,recover-20220825,002,1795
1163.7815,1163.8149,68437,80626,Rhinolophus ferrumequinum,0.023,0.023,-1,Echolocation,/mnt/ubna_data_01_mir/recover-20220825/UBNA_002/20220823_033000.WAV,Telephone Field,recover-20220825,002,1795
1163.8175,1163.8586,68437,82746,Rhinolophus ferrumequinum,0.024,0.024,-1,Echolocation,/mnt/ubna_data_01_mir/recover-20220825/UBNA_002/20220823_033000.WAV,Telephone Field,recover-20220825,002,1795
1163.8245,1163.845,18593,21372,Nyctalus noctula,0.012,0.023,-1,Echolocation,/mnt/ubna_data_01_mir/recover-20220825/UBNA_002/20220823_033000.WAV,Telephone Field,recover-20220825,002,1795
1163.8585,1163.8978,68437,81939,Rhinolophus ferrumequinum,0.021,0.021,-1,Echolocation,/mnt/ubna_data_01_mir/recover-20220825/UBNA_002/20220823_033000.WAV,Telephone Field,recover-20220825,002,1795
1163.9345,1163.9718,68437,80862,Rhinolophus ferrumequinum,0.023,0.023,-1,Echolocation,/mnt/ubna_data_01_mir/recover-20220825/UBNA_002/20220823_033000.WAV,Telephone Field,recover-20220825,002,1795
1163.9515,1163.9913,68437,82312,Rhinolophus ferrumequinum,0.027,0.027,-1,Echolocation,/mnt/ubna_data_01_mir/recover-20220825/UBNA_002/20220823_033000.WAV,Telephone Field,recover-20220825,002,1795
1163.9715,1163.9786,24609,36012,Plecotus austriacus,0.009,0.024,-1,Echolocation,/mnt/ubna_data_01_mir/recover-20220825/UBNA_002/20220823_033000.WAV,Telephone Field,recover-20220825,002,1795
1164.0015,1164.0338,68437,79838,Rhinolophus ferrumequinum,0.033,0.033,-1,Echolocation,/mnt/ubna_data_01_mir/recover-20220825/UBNA_002/20220823_033000.WAV,Telephone Field,recover-20220825,002,1795
1164.0015,1164.0095,44375,51132,Pipistrellus pipistrellus,0.022,0.029,-1,Echolocation,/mnt/ubna_data_01_mir/recover-20220825/UBNA_002/20220823_033000.WAV,Telephone Field,recover-20220825,002,1795
1164.0015,1164.0098,25468,37386,Myotis nattereri,0.007,0.03,-1,Echolocation,/mnt/ubna_data_01_mir/recover-20220825/UBNA_002/20220823_033000.WAV,Telephone Field,recover-20220825,002,1795
1164.0675,1164.1091,68437,83063,Rhinolophus ferrumequinum,0.034,0.034,-1,Echolocation,/mnt/ubna_data_01_mir/recover-20220825/UBNA_002/20220823_033000.WAV,Telephone Field,recover-20220825,002,1795
1164.0855,1164.0935,28046,38776,Eptesicus serotinus,0.008,0.023,-1,Echolocation,/mnt/ubna_data_01_mir/recover-20220825/UBNA_002/20220823_033000.WAV,Telephone Field,recover-20220825,002,1795
1164.0965,1164.1044,46953,50961,Pipistrellus pipistrellus,0.035,0.037,-1,Echolocation,/mnt/ubna_data_01_mir/recover-20220825/UBNA_002/20220823_033000.WAV,Telephone Field,recover-20220825,002,1795
1164.1225,1164.1329,15156,21509,Nyctalus noctula,0.017,0.034,-1,Echolocation,/mnt/ubna_data_01_mir/recover-20220825/UBNA_002/20220823_033000.WAV,Telephone Field,recover-20220825,002,1795
1164.1525,1164.1693,21171,24132,Nyctalus leisleri,0.015,0.023,-1,Echolocation,/mnt/ubna_data_01_mir/recover-20220825/UBNA_002/20220823_033000.WAV,Telephone Field,recover-20220825,002,1795
1164.1785,1164.2114,68437,80796,Rhinolophus ferrumequinum,0.026,0.026,-1,Echolocation,/mnt/ubna_data_01_mir/recover-20220825/UBNA_002/20220823_033000.WAV,Telephone Field,recover-20220825,002,1795
1164.1875,1164.1967,28046,38638,Eptesicus serotinus,0.014,0.028,-1,Echolocation,/mnt/ubna_data_01_mir/recover-20220825/UBNA_002/20220823_033000.WAV,Telephone Field,recover-20220825,002,1795
1164.2275,1164.2646,68437,81646,Rhinolophus ferrumequinum,0.022,0.022,-1,Echolocation,/mnt/ubna_data_01_mir/recover-20220825/UBNA_002/20220823_033000.WAV,Telephone Field,recover-20220825,002,1795
1164.2525,1164.288,68437,81323,Rhinolophus ferrumequinum,0.035,0.035,-1,Echolocation,/mnt/ubna_data_01_mir/recover-20220825/UBNA_002/20220823_033000.WAV,Telephone Field,recover-20220825,002,1795
1164.2545,1164.2638,28046,37173,Eptesicus serotinus,0.01,0.027,-1,Echolocation,/mnt/ubna_data_01_mir/recover-20220825/UBNA_002/20220823_033000.WAV,Telephone Field,recover-20220825,002,1795
1164.2795,1164.3179,68437,81752,Rhinolophus ferrumequinum,0.022,0.022,-1,Echolocation,/mnt/ubna_data_01_mir/recover-20220825/UBNA_002/20220823_033000.WAV,Telephone Field,recover-20220825,002,1795
1164.2915,1164.3013,24609,32363,Eptesicus serotinus,0.009,0.031,-1,Echolocation,/mnt/ubna_data_01_mir/recover-20220825/UBNA_002/20220823_033000.WAV,Telephone Field,recover-20220825,002,1795
1164.3095,1164.3473,68437,81347,Rhinolophus ferrumequinum,0.024,0.024,-1,Echolocation,/mnt/ubna_data_01_mir/recover-20220825/UBNA_002/20220823_033000.WAV,Telephone Field,recover-20220825,002,1795
1164.3365,1164.3458,28046,36781,Eptesicus serotinus,0.009,0.022,-1,Echolocation,/mnt/ubna_data_01_mir/recover-20220825/UBNA_002/20220823_033000.WAV,Telephone Field,recover-20220825,002,1795
1164.3525,1164.3578,40078,51191,Myotis daubentonii,0.013,0.035,-1,Echolocation,/mnt/ubna_data_01_mir/recover-20220825/UBNA_002/20220823_033000.WAV,Telephone Field,recover-20220825,002,1795
1164.3955,1164.4328,68437,81889,Rhinolophus ferrumequinum,0.028,0.028,-1,Echolocation,/mnt/ubna_data_01_mir/recover-20220825/UBNA_002/20220823_033000.WAV,Telephone Field,recover-20220825,002,1795
1164.4025,1164.4096,27187,38593,Eptesicus serotinus,0.007,0.024,-1,Echolocation,/mnt/ubna_data_01_mir/recover-20220825/UBNA_002/20220823_033000.WAV,Telephone Field,recover-20220825,002,1795
1164.4285,1164.4674,68437,82467,Rhinolophus ferrumequinum,0.024,0.024,-1,Echolocation,/mnt/ubna_data_01_mir/recover-20220825/UBNA_002/20220823_033000.WAV,Telephone Field,recover-20220825,002,1795
1164.4385,1164.448,28906,37550,Eptesicus serotinus,0.011,0.027,-1,Echolocation,/mnt/ubna_data_01_mir/recover-20220825/UBNA_002/20220823_033000.WAV,Telephone Field,recover-20220825,002,1795
1164.4445,1164.485,68437,82698,Rhinolophus ferrumequinum,0.027,0.027,-1,Echolocation,/mnt/ubna_data_01_mir/recover-20220825/UBNA_002/20220823_033000.WAV,Telephone Field,recover-20220825,002,1795
1164.4685,1164.5077,68437,82070,Rhinolophus ferrumequinum,0.023,0.023,-1,Echolocation,/mnt/ubna_data_01_mir/recover-20220825/UBNA_002/20220823_033000.WAV,Telephone Field,recover-20220825,002,1795
1164.4815,1164.5011,20312,23518,Nyctalus leisleri,0.013,0.022,-1,Echolocation,/mnt/ubna_data_01_mir/recover-20220825/UBNA_002/20220823_033000.WAV,Telephone Field,recover-20220825,002,1795
1164.4875,1164.5018,21171,24479,Nyctalus leisleri,0.014,0.023,-1,Echolocation,/mnt/ubna_data_01_mir/recover-20220825/UBNA_002/20220823_033000.WAV,Telephone Field,recover-20220825,002,1795
1164.5335,1164.545,22890,28733,Nyctalus leisleri,0.016,0.033,-1,Echolocation,/mnt/ubna_data_01_mir/recover-20220825/UBNA_002/20220823_033000.WAV,Telephone Field,recover-20220825,002,1795
1164.5345,1164.5706,68437,81777,Rhinolophus ferrumequinum,0.023,0.023,-1,Echolocation,/mnt/ubna_data_01_mir/recover-20220825/UBNA_002/20220823_033000.WAV,Telephone Field,recover-20220825,002,1795
1164.5645,1164.6035,68437,82084,Rhinolophus ferrumequinum,0.022,0.022,-1,Echolocation,/mnt/ubna_data_01_mir/recover-20220825/UBNA_002/20220823_033000.WAV,Telephone Field,recover-20220825,002,1795
1164.5755,1164.6136,68437,82328,Rhinolophus ferrumequinum,0.023,0.023,-1,Echolocation,/mnt/ubna_data_01_mir/recover-20220825/UBNA_002/20220823_033000.WAV,Telephone Field,recover-20220825,002,1795
1164.6475,1164.6568,28046,37034,Eptesicus serotinus,0.028,0.052,-1,Echolocation,/mnt/ubna_data_01_mir/recover-20220825/UBNA_002/20220823_033000.WAV,Telephone Field,recover-20220825,002,1795
1164.6675,1164.6788,28046,36022,Eptesicus serotinus,0.012,0.025,-1,Echolocation,/mnt/ubna_data_01_mir/recover-20220825/UBNA_002/20220823_033000.WAV,Telephone Field,recover-20220825,002,1795
1164.6755,1164.6829,27187,40219,Eptesicus serotinus,0.008,0.028,-1,Echolocation,/mnt/ubna_data_01_mir/recover-20220825/UBNA_002/20220823_033000.WAV,Telephone Field,recover-20220825,002,1795
1164.7115,1164.7187,28046,37285,Eptesicus serotinus,0.01,0.027,-1,Echolocation,/mnt/ubna_data_01_mir/recover-20220825/UBNA_002/20220823_033000.WAV,Telephone Field,recover-20220825,002,1795
1164.7175,1164.7265,44375,47669,Pipistrellus pipistrellus,0.022,0.025,-1,Echolocation,/mnt/ubna_data_01_mir/recover-20220825/UBNA_002/20220823_033000.WAV,Telephone Field,recover-20220825,002,1795
1164.7315,1164.7686,68437,81788,Rhinolophus ferrumequinum,0.023,0.023,-1,Echolocation,/mnt/ubna_data_01_mir/recover-20220825/UBNA_002/20220823_033000.WAV,Telephone Field,recover-20220825,002,1795
1164.7675,1164.7785,23750,29637,Nyctalus leisleri,0.014,0.032,-1,Echolocation,/mnt/ubna_data_01_mir/recover-20220825/UBNA_002/20220823_033000.WAV,Telephone Field,recover-20220825,002,1795
1164.7905,1164.8001,27187,37047,Eptesicus serotinus,0.012,0.028,-1,Echolocation,/mnt/ubna_data_01_mir/recover-20220825/UBNA_002/20220823_033000.WAV,Telephone Field,recover-20220825,002,1795
1164.8205,1164.8587,68437,82208,Rhinolophus ferrumequinum,0.022,0.022,-1,Echolocation,/mnt/ubna_data_01_mir/recover-20220825/UBNA_002/20220823_033000.WAV,Telephone Field,recover-20220825,002,1795
1164.8305,1164.868,68437,81980,Rhinolophus ferrumequinum,0.022,0.022,-1,Echolocation,/mnt/ubna_data_01_mir/recover-20220825/UBNA_002/20220823_033000.WAV,Telephone Field,recover-20220825,002,1795
1164.8685,1164.9066,68437,83162,Rhinolophus ferrumequinum,0.025,0.025,-1,Echolocation,/mnt/ubna_data_01_mir/recover-20220825/UBNA_002/20220823_033000.WAV,Telephone Field,recover-20220825,002,1795
1164.9345,1164.9424,27187,37911,Eptesicus serotinus,0.007,0.023,-1,Echolocation,/mnt/ubna_data_01_mir/recover-20220825/UBNA_002/20220823_033000.WAV,Telephone Field,recover-20220825,002,1795
1164.9525,1164.963,23750,30616,Nyctalus leisleri,0.008,0.023,-1,Echolocation,/mnt/ubna_data_01_mir/recover-20220825/UBNA_002/20220823_033000.WAV,Telephone Field,recover-20220825,002,1795
1164.9755,1165.0152,68437,82516,Rhinolophus ferrumequinum,0.022,0.022,-1,Echolocation,/mnt/ubna_data_01_mir/recover-20220825/UBNA_002/20220823_033000.WAV,Telephone Field,recover-20220825,002,1795
1165.0275,1165.066,68437,81734,Rhinolophus ferrumequinum,0.022,0.022,-1,Echolocation,/mnt/ubna_data_01_mir/recover-20220825/UBNA_002/20220823_033000.WAV,Telephone Field,recover-20220825,002,1795
1165.0345,1165.0448,22031,27316,Nyctalus leisleri,0.012,0.027,-1,Echolocation,/mnt/ubna_data_01_mir/recover-20220825/UBNA_002/20220823_033000.WAV,Telephone Field,recover-20220825,002,1795
1165.0515,1165.0637,27187,32784,Eptesicus serotinus,0.012,0.025,-1,Echolocation,/mnt/ubna_data_01_mir/recover-20220825/UBNA_002/20220823_033000.WAV,Telephone Field,recover-20220825,002,1795
1165.0565,1165.0961,68437,82585,Rhinolophus ferrumequinum,0.025,0.025,-1,Echolocation,/mnt/ubna_data_01_mir/recover-20220825/UBNA_002/20220823_033000.WAV,Telephone Field,recover-20220825,002,1795
1165.0595,1165.0699,28046,35494,Eptesicus serotinus,0.008,0.023,-1,Echolocation,/mnt/ubna_data_01_mir/recover-20220825/UBNA_002/20220823_033000.WAV,Telephone Field,recover-20220825,002,1795
1165.0865,1165.0965,22890,29008,Nyctalus leisleri,0.009,0.022,-1,Echolocation,/mnt/ubna_data_01_mir/recover-20220825/UBNA_002/20220823_033000.WAV,Telephone Field,recover-20220825,002,1795
1165.0875,1165.1266,68437,81695,Rhinolophus ferrumequinum,0.022,0.022,-1,Echolocation,/mnt/ubna_data_01_mir/recover-20220825/UBNA_002/20220823_033000.WAV,Telephone Field,recover-20220825,002,1795
1165.1095,1165.1459,68437,82014,Rhinolophus ferrumequinum,0.03,0.03,-1,Echolocation,/mnt/ubna_data_01_mir/recover-20220825/UBNA_002/20220823_033000.WAV,Telephone Field,recover-20220825,002,1795
1165.1355,1165.1756,68437,82222,Rhinolophus ferrumequinum,0.023,0.023,-1,Echolocation,/mnt/ubna_data_01_mir/recover-20220825/UBNA_002/20220823_033000.WAV,Telephone Field,recover-20220825,002,1795
1165.1435,1165.1841,68437,82265,Rhinolophus ferrumequinum,0.022,0.022,-1,Echolocation,/mnt/ubna_data_01_mir/recover-20220825/UBNA_002/20220823_033000.WAV,Telephone Field,recover-20220825,002,1795
1165.1555,1165.1623,32343,45144,Myotis daubentonii,0.016,0.03,-1,Echolocation,/mnt/ubna_data_01_mir/recover-20220825/UBNA_002/20220823_033000.WAV,Telephone Field,recover-20220825,002,1795
1165.1955,1165.2024,50390,55199,Pipistrellus pipistrellus,0.02,0.023,-1,Echolocation,/mnt/ubna_data_01_mir/recover-20220825/UBNA_002/20220823_033000.WAV,Telephone Field,recover-20220825,002,1795
1165.2275,1165.2651,68437,81619,Rhinolophus ferrumequinum,0.023,0.023,-1,Echolocation,/mnt/ubna_data_01_mir/recover-20220825/UBNA_002/20220823_033000.WAV,Telephone Field,recover-20220825,002,1795
1165.2285,1165.2402,22031,27172,Nyctalus leisleri,0.012,0.026,-1,Echolocation,/mnt/ubna_data_01_mir/recover-20220825/UBNA_002/20220823_033000.WAV,Telephone Field,recover-20220825,002,1795
1165.3235,1165.3674,68437,83338,Rhinolophus ferrumequinum,0.033,0.033,-1,Echolocation,/mnt/ubna_data_01_mir/recover-20220825/UBNA_002/20220823_033000.WAV,Telephone Field,recover-20220825,002,1795
1165.3345,1165.3785,68437,83342,Rhinolophus ferrumequinum,0.023,0.023,-1,Echolocation,/mnt/ubna_data_01_mir/recover-20220825/UBNA_002/20220823_033000.WAV,Telephone Field,recover-20220825,002,1795
1165.3695,1165.4095,68437,82314,Rhinolophus ferrumequinum,0.023,0.023,-1,Echolocation,/mnt/ubna_data_01_mir/recover-20220825/UBNA_002/20220823_033000.WAV,Telephone Field,recover-20220825,002,1795
1165.3895,1165.4272,68437,82429,Rhinolophus ferrumequinum,0.022,0.022,-1,Echolocation,/mnt/ubna_data_01_mir/recover-20220825/UBNA_002/20220823_033000.WAV,Telephone Field,recover-20220825,002,1795
1165.4365,1165.4772,68437,82502,Rhinolophus ferrumequinum,0.026,0.026,-1,Echolocation,/mnt/ubna_data_01_mir/recover-20220825/UBNA_002/20220823_033000.WAV,Telephone Field,recover-20220825,002,1795
1165.4385,1165.4461000000001,28046,39513,Eptesicus serotinus,0.007,0.022,-1,Echolocation,/mnt/ubna_data_01_mir/recover-20220825/UBNA_002/20220823_033000.WAV,Telephone Field,recover-20220825,002,1795
1165.4885,1165.524,68437,81601,Rhinolophus ferrumequinum,0.024,0.024,-1,Echolocation,/mnt/ubna_data_01_mir/recover-20220825/UBNA_002/20220823_033000.WAV,Telephone Field,recover-20220825,002,1795
1165.4975,1165.5347,68437,82402,Rhinolophus ferrumequinum,0.025,0.025,-1,Echolocation,/mnt/ubna_data_01_mir/recover-20220825/UBNA_002/20220823_033000.WAV,Telephone Field,recover-20220825,002,1795
1165.5085,1165.5153,28046,40468,Eptesicus serotinus,0.008,0.028,-1,Echolocation,/mnt/ubna_data_01_mir/recover-20220825/UBNA_002/20220823_033000.WAV,Telephone Field,recover-20220825,002,1795
1165.5285,1165.568,68437,82913,Rhinolophus ferrumequinum,0.028,0.028,-1,Echolocation,/mnt/ubna_data_01_mir/recover-20220825/UBNA_002/20220823_033000.WAV,Telephone Field,recover-20220825,002,1795
1165.5475,1165.5555,22890,30519,Plecotus austriacus,0.01,0.023,-1,Echolocation,/mnt/ubna_data_01_mir/recover-20220825/UBNA_002/20220823_033000.WAV,Telephone Field,recover-20220825,002,1795
1165.5605,1165.6015,68437,82776,Rhinolophus ferrumequinum,0.03,0.03,-1,Echolocation,/mnt/ubna_data_01_mir/recover-20220825/UBNA_002/20220823_033000.WAV,Telephone Field,recover-20220825,002,1795
1165.5665,1165.5785,22031,26171,Nyctalus leisleri,0.013,0.022,-1,Echolocation,/mnt/ubna_data_01_mir/recover-20220825/UBNA_002/20220823_033000.WAV,Telephone Field,recover-20220825,002,1795
1165.5835,1165.5898,29765,58097,Myotis daubentonii,0.011,0.023,-1,Echolocation,/mnt/ubna_data_01_mir/recover-20220825/UBNA_002/20220823_033000.WAV,Telephone Field,recover-20220825,002,1795
1165.5975,1165.6079,24609,29971,Nyctalus leisleri,0.014,0.035,-1,Echolocation,/mnt/ubna_data_01_mir/recover-20220825/UBNA_002/20220823_033000.WAV,Telephone Field,recover-20220825,002,1795
1165.6665,1165.6774,22890,29080,Nyctalus leisleri,0.011,0.025,-1,Echolocation,/mnt/ubna_data_01_mir/recover-20220825/UBNA_002/20220823_033000.WAV,Telephone Field,recover-20220825,002,1795
1165.7175,1165.756,68437,82229,Rhinolophus ferrumequinum,0.023,0.023,-1,Echolocation,/mnt/ubna_data_01_mir/recover-20220825/UBNA_002/20220823_033000.WAV,Telephone Field,recover-20220825,002,1795
1165.8015,1165.8411,68437,82673,Rhinolophus ferrumequinum,0.024,0.024,-1,Echolocation,/mnt/ubna_data_01_mir/recover-20220825/UBNA_002/20220823_033000.WAV,Telephone Field,recover-20220825,002,1795
1165.8085,1165.8483,68437,82249,Rhinolophus ferrumequinum,0.023,0.023,-1,Echolocation,/mnt/ubna_data_01_mir/recover-20220825/UBNA_002/20220823_033000.WAV,Telephone Field,recover-20220825,002,1795
1165.8125,1165.8216,22890,30184,Plecotus austriacus,0.012,0.033,-1,Echolocation,/mnt/ubna_data_01_mir/recover-20220825/UBNA_002/20220823_033000.WAV,Telephone Field,recover-20220825,002,1795
1165.8275,1165.8666,68437,82466,Rhinolophus ferrumequinum,0.023,0.023,-1,Echolocation,/mnt/ubna_data_01_mir/recover-20220825/UBNA_002/20220823_033000.WAV,Telephone Field,recover-20220825,002,1795
1165.8395,1165.8477,47812,55082,Pipistrellus pipistrellus,0.026,0.028,-1,Echolocation,/mnt/ubna_data_01_mir/recover-20220825/UBNA_002/20220823_033000.WAV,Telephone Field,recover-20220825,002,1795
1165.8545,1165.8948,68437,81984,Rhinolophus ferrumequinum,0.027,0.027,-1,Echolocation,/mnt/ubna_data_01_mir/recover-20220825/UBNA_002/20220823_033000.WAV,Telephone Field,recover-20220825,002,1795
1165.9205,1165.9288999999999,28046,40929,Eptesicus serotinus,0.009,0.028,-1,Echolocation,/mnt/ubna_data_01_mir/recover-20220825/UBNA_002/20220823_033000.WAV,Telephone Field,recover-20220825,002,1795
1165.9435,1165.9847,68437,82224,Rhinolophus ferrumequinum,0.022,0.022,-1,Echolocation,/mnt/ubna_data_01_mir/recover-20220825/UBNA_002/20220823_033000.WAV,Telephone Field,recover-20220825,002,1795
1165.9445,1165.9552,46093,53230,Pipistrellus pipistrellus,0.021,0.031,-1,Echolocation,/mnt/ubna_data_01_mir/recover-20220825/UBNA_002/20220823_033000.WAV,Telephone Field,recover-20220825,002,1795
1165.9515,1165.9578,25468,44361,Myotis nattereri,0.011,0.031,-1,Echolocation,/mnt/ubna_data_01_mir/recover-20220825/UBNA_002/20220823_033000.WAV,Telephone Field,recover-20220825,002,1795
1166.0015,1166.0331,68437,79751,Rhinolophus ferrumequinum,0.036,0.037,-1,Echolocation,/mnt/ubna_data_01_mir/recover-20220825/UBNA_002/20220823_033000.WAV,Telephone Field,recover-20220825,002,1795
1166.0015,1166.011,22031,27228,Nyctalus leisleri,0.014,0.035,-1,Echolocation,/mnt/ubna_data_01_mir/recover-20220825/UBNA_002/20220823_033000.WAV,Telephone Field,recover-20220825,002,1795
1166.0015,1166.0128,47812,53828,Pipistrellus pipistrellus,0.019,0.027,-1,Echolocation,/mnt/ubna_data_01_mir/recover-20220825/UBNA_002/20220823_033000.WAV,Telephone Field,recover-20220825,002,1795
1166.0275,1166.0675,68437,82250,Rhinolophus ferrumequinum,0.024,0.024,-1,Echolocation,/mnt/ubna_data_01_mir/recover-20220825/UBNA_002/20220823_033000.WAV,Telephone Field,recover-20220825,002,1795
1166.0485,1166.0851,68437,81265,Rhinolophus ferrumequinum,0.022,0.022,-1,Echolocation,/mnt/ubna_data_01_mir/recover-20220825/UBNA_002/20220823_033000.WAV,Telephone Field,recover-20220825,002,1795
1166.0955,1166.1054,25468,33008,Eptesicus serotinus,0.011,0.023,-1,Echolocation,/mnt/ubna_data_01_mir/recover-20220825/UBNA_002/20220823_033000.WAV,Telephone Field,recover-20220825,002,1795
1166.1165,1166.1262,25468,32442,Eptesicus serotinus,0.007,0.021,-1,Echolocation,/mnt/ubna_data_01_mir/recover-20220825/UBNA_002/20220823_033000.WAV,Telephone Field,recover-20220825,002,1795
1166.1165,1166.1604,68437,83599,Rhinolophus ferrumequinum,0.033,0.033,-1,Echolocation,/mnt/ubna_data_01_mir/recover-20220825/UBNA_002/20220823_033000.WAV,Telephone Field,recover-20220825,002,1795
1166.1525,1166.1938,68437,82680,Rhinolophus ferrumequinum,0.026,0.026,-1,Echolocation,/mnt/ubna_data_01_mir/recover-20220825/UBNA_002/20220823_033000.WAV,Telephone Field,recover-20220825,002,1795
1166.1725,1166.211,68437,82759,Rhinolophus ferrumequinum,0.025,0.025,-1,Echolocation,/mnt/ubna_data_01_mir/recover-20220825/UBNA_002/20220823_033000.WAV,Telephone Field,recover-20220825,002,1795
1166.1895,1166.1985,22890,29955,Plecotus austriacus,0.011,0.029,-1,Echolocation,/mnt/ubna_data_01_mir/recover-20220825/UBNA_002/20220823_033000.WAV,Telephone Field,recover-20220825,002,1795
1166.2335,1166.2728,68437,82478,Rhinolophus ferrumequinum,0.022,0.022,-1,Echolocation,/mnt/ubna_data_01_mir/recover-20220825/UBNA_002/20220823_033000.WAV,Telephone Field,recover-20220825,002,1795
1166.2355,1166.2434,27187,41746,Eptesicus serotinus,0.008,0.021,-1,Echolocation,/mnt/ubna_data_01_mir/recover-20220825/UBNA_002/20220823_033000.WAV,Telephone Field,recover-20220825,002,1795
1166.2485,1166.2865,68437,81984,Rhinolophus ferrumequinum,0.023,0.023,-1,Echolocation,/mnt/ubna_data_01_mir/recover-20220825/UBNA_002/20220823_033000.WAV,Telephone Field,recover-20220825,002,1795
1166.2765,1166.288,28046,33564,Eptesicus serotinus,0.017,0.037,-1,Echolocation,/mnt/ubna_data_01_mir/recover-20220825/UBNA_002/20220823_033000.WAV,Telephone Field,recover-20220825,002,1795
1166.3065,1166.3448,68437,81642,Rhinolophus ferrumequinum,0.021,0.021,-1,Echolocation,/mnt/ubna_data_01_mir/recover-20220825/UBNA_002/20220823_033000.WAV,Telephone Field,recover-20220825,002,1795
1166.3285,1166.3398,28906,35090,Eptesicus serotinus,0.015,0.031,-1,Echolocation,/mnt/ubna_data_01_mir/recover-20220825/UBNA_002/20220823_033000.WAV,Telephone Field,recover-20220825,002,1795
1166.3855,1166.3947,14296,22356,Nyctalus noctula,0.008,0.02,-1,Echolocation,/mnt/ubna_data_01_mir/recover-20220825/UBNA_002/20220823_033000.WAV,Telephone Field,recover-20220825,002,1795
1166.3875,1166.4279,68437,82173,Rhinolophus ferrumequinum,0.025,0.025,-1,Echolocation,/mnt/ubna_data_01_mir/recover-20220825/UBNA_002/20220823_033000.WAV,Telephone Field,recover-20220825,002,1795
1166.3955,1166.4375,68437,82676,Rhinolophus ferrumequinum,0.026,0.026,-1,Echolocation,/mnt/ubna_data_01_mir/recover-20220825/UBNA_002/20220823_033000.WAV,Telephone Field,recover-20220825,002,1795
1166.4345,1166.4756,68437,82790,Rhinolophus ferrumequinum,0.025,0.025,-1,Echolocation,/mnt/ubna_data_01_mir/recover-20220825/UBNA_002/20220823_033000.WAV,Telephone Field,recover-20220825,002,1795
1166.4545,1166.4929,68437,82120,Rhinolophus ferrumequinum,0.02,0.02,-1,Echolocation,/mnt/ubna_data_01_mir/recover-20220825/UBNA_002/20220823_033000.WAV,Telephone Field,recover-20220825,002,1795
1166.4825,1166.4919,51250,56354,Pipistrellus pipistrellus,0.015,0.02,-1,Echolocation,/mnt/ubna_data_01_mir/recover-20220825/UBNA_002/20220823_033000.WAV,Telephone Field,recover-20220825,002,1795
1166.5025,1166.5411,68437,82377,Rhinolophus ferrumequinum,0.023,0.023,-1,Echolocation,/mnt/ubna_data_01_mir/recover-20220825/UBNA_002/20220823_033000.WAV,Telephone Field,recover-20220825,002,1795
1166.5125,1166.5203,28906,38189,Eptesicus serotinus,0.009,0.022,-1,Echolocation,/mnt/ubna_data_01_mir/recover-20220825/UBNA_002/20220823_033000.WAV,Telephone Field,recover-20220825,002,1795
1166.5175,1166.5545,68437,82326,Rhinolophus ferrumequinum,0.021,0.021,-1,Echolocation,/mnt/ubna_data_01_mir/recover-20220825/UBNA_002/20220823_033000.WAV,Telephone Field,recover-20220825,002,1795
1166.5395,1166.5473,22890,31051,Plecotus austriacus,0.009,0.02,-1,Echolocation,/mnt/ubna_data_01_mir/recover-20220825/UBNA_002/20220823_033000.WAV,Telephone Field,recover-20220825,002,1795
1166.5625,1166.6016,68437,82083,Rhinolophus ferrumequinum,0.021,0.021,-1,Echolocation,/mnt/ubna_data_01_mir/recover-20220825/UBNA_002/20220823_033000.WAV,Telephone Field,recover-20220825,002,1795
1166.5875,1166.623,68437,81202,Rhinolophus ferrumequinum,0.024,0.024,-1,Echolocation,/mnt/ubna_data_01_mir/recover-20220825/UBNA_002/20220823_033000.WAV,Telephone Field,recover-20220825,002,1795
1166.6075,1166.645,68437,81765,Rhinolophus ferrumequinum,0.02,0.02,-1,Echolocation,/mnt/ubna_data_01_mir/recover-20220825/UBNA_002/20220823_033000.WAV,Telephone Field,recover-20220825,002,1795
1166.6115,1166.6237,23750,29152,Nyctalus leisleri,0.012,0.028,-1,Echolocation,/mnt/ubna_data_01_mir/recover-20220825/UBNA_002/20220823_033000.WAV,Telephone Field,recover-20220825,002,1795
1166.6165,1166.6239,42656,48699,Pipistrellus pipistrellus,0.026,0.031,-1,Echolocation,/mnt/ubna_data_01_mir/recover-20220825/UBNA_002/20220823_033000.WAV,Telephone Field,recover-20220825,002,1795
1166.6445,1166.6582,28906,34901,Eptesicus serotinus,0.015,0.025,-1,Echolocation,/mnt/ubna_data_01_mir/recover-20220825/UBNA_002/20220823_033000.WAV,Telephone Field,recover-20220825,002,1795
1166.6495,1166.6894,68437,82039,Rhinolophus ferrumequinum,0.021,0.021,-1,Echolocation,/mnt/ubna_data_01_mir/recover-20220825/UBNA_002/20220823_033000.WAV,Telephone Field,recover-20220825,002,1795
1166.6585,1166.6654,28046,40633,Eptesicus serotinus,0.006,0.022,-1,Echolocation,/mnt/ubna_data_01_mir/recover-20220825/UBNA_002/20220823_033000.WAV,Telephone Field,recover-20220825,002,1795
1166.6885,1166.7279,68437,82094,Rhinolophus ferrumequinum,0.023,0.023,-1,Echolocation,/mnt/ubna_data_01_mir/recover-20220825/UBNA_002/20220823_033000.WAV,Telephone Field,recover-20220825,002,1795
1166.6955,1166.706,28906,35721,Eptesicus serotinus,0.009,0.021,-1,Echolocation,/mnt/ubna_data_01_mir/recover-20220825/UBNA_002/20220823_033000.WAV,Telephone Field,recover-20220825,002,1795
1166.7185,1166.76,68437,83020,Rhinolophus ferrumequinum,0.024,0.024,-1,Echolocation,/mnt/ubna_data_01_mir/recover-20220825/UBNA_002/20220823_033000.WAV,Telephone Field,recover-20220825,002,1795
1166.7195,1166.7266,27187,42230,Eptesicus serotinus,0.005,0.022,-1,Echolocation,/mnt/ubna_data_01_mir/recover-20220825/UBNA_002/20220823_033000.WAV,Telephone Field,recover-20220825,002,1795
1166.7845,1166.7914,27187,39527,Eptesicus serotinus,0.006,0.02,-1,Echolocation,/mnt/ubna_data_01_mir/recover-20220825/UBNA_002/20220823_033000.WAV,Telephone Field,recover-20220825,002,1795
1166.8005,1166.812,22890,26816,Nyctalus leisleri,0.016,0.029,-1,Echolocation,/mnt/ubna_data_01_mir/recover-20220825/UBNA_002/20220823_033000.WAV,Telephone Field,recover-20220825,002,1795
1166.8225,1166.833,28046,36058,Eptesicus serotinus,0.013,0.026,-1,Echolocation,/mnt/ubna_data_01_mir/recover-20220825/UBNA_002/20220823_033000.WAV,Telephone Field,recover-20220825,002,1795
1166.8525,1166.86,28046,41162,Eptesicus serotinus,0.007,0.023,-1,Echolocation,/mnt/ubna_data_01_mir/recover-20220825/UBNA_002/20220823_033000.WAV,Telephone Field,recover-20220825,002,1795
1166.8635,1166.8707,28906,37182,Eptesicus serotinus,0.008,0.024,-1,Echolocation,/mnt/ubna_data_01_mir/recover-20220825/UBNA_002/20220823_033000.WAV,Telephone Field,recover-20220825,002,1795
1166.8705,1166.9087,68437,82042,Rhinolophus ferrumequinum,0.024,0.024,-1,Echolocation,/mnt/ubna_data_01_mir/recover-20220825/UBNA_002/20220823_033000.WAV,Telephone Field,recover-20220825,002,1795
1166.8705,1166.8794,46093,52871,Pipistrellus pipistrellus,0.019,0.021,-1,Echolocation,/mnt/ubna_data_01_mir/recover-20220825/UBNA_002/20220823_033000.WAV,Telephone Field,recover-20220825,002,1795
1166.8875,1166.9267,68437,82195,Rhinolophus ferrumequinum,0.022,0.022,-1,Echolocation,/mnt/ubna_data_01_mir/recover-20220825/UBNA_002/20220823_033000.WAV,Telephone Field,recover-20220825,002,1795
1166.8895,1166.9004,23750,29319,Nyctalus leisleri,0.011,0.025,-1,Echolocation,/mnt/ubna_data_01_mir/recover-20220825/UBNA_002/20220823_033000.WAV,Telephone Field,recover-20220825,002,1795
1166.9405,1166.9774,68437,81833,Rhinolophus ferrumequinum,0.021,0.021,-1,Echolocation,/mnt/ubna_data_01_mir/recover-20220825/UBNA_002/20220823_033000.WAV,Telephone Field,recover-20220825,002,1795
1167.0015,1167.0428,68437,82862,Rhinolophus ferrumequinum,0.029,0.029,-1,Echolocation,/mnt/ubna_data_01_mir/recover-20220825/UBNA_002/20220823_033000.WAV,Telephone Field,recover-20220825,002,1795
1167.0125,1167.0503,68437,82360,Rhinolophus ferrumequinum,0.022,0.022,-1,Echolocation,/mnt/ubna_data_01_mir/recover-20220825/UBNA_002/20220823_033000.WAV,Telephone Field,recover-20220825,002,1795
1167.0205,1167.0285,28046,37338,Eptesicus serotinus,0.011,0.027,-1,Echolocation,/mnt/ubna_data_01_mir/recover-20220825/UBNA_002/20220823_033000.WAV,Telephone Field,recover-20220825,002,1795
1167.0755,1167.1117,68437,81929,Rhinolophus ferrumequinum,0.021,0.022,-1,Echolocation,/mnt/ubna_data_01_mir/recover-20220825/UBNA_002/20220823_033000.WAV,Telephone Field,recover-20220825,002,1795
1167.0865,1167.1264,68437,82540,Rhinolophus ferrumequinum,0.024,0.024,-1,Echolocation,/mnt/ubna_data_01_mir/recover-20220825/UBNA_002/20220823_033000.WAV,Telephone Field,recover-20220825,002,1795
1167.1315,1167.1693,68437,82006,Rhinolophus ferrumequinum,0.02,0.02,-1,Echolocation,/mnt/ubna_data_01_mir/recover-20220825/UBNA_002/20220823_033000.WAV,Telephone Field,recover-20220825,002,1795
1167.1435,1167.1556,22890,26801,Nyctalus leisleri,0.012,0.022,-1,Echolocation,/mnt/ubna_data_01_mir/recover-20220825/UBNA_002/20220823_033000.WAV,Telephone Field,recover-20220825,002,1795
1167.1935,1167.2007,26328,35135,Eptesicus serotinus,0.006,0.021,-1,Echolocation,/mnt/ubna_data_01_mir/recover-20220825/UBNA_002/20220823_033000.WAV,Telephone Field,recover-20220825,002,1795
1167.1995,1167.2391,68437,81848,Rhinolophus ferrumequinum,0.022,0.022,-1,Echolocation,/mnt/ubna_data_01_mir/recover-20220825/UBNA_002/20220823_033000.WAV,Telephone Field,recover-20220825,002,1795
1167.2145,1167.2243,28906,36624,Eptesicus serotinus,0.013,0.024,-1,Echolocation,/mnt/ubna_data_01_mir/recover-20220825/UBNA_002/20220823_033000.WAV,Telephone Field,recover-20220825,002,1795
1167.2665,1167.3063,68437,82153,Rhinolophus ferrumequinum,0.021,0.021,-1,Echolocation,/mnt/ubna_data_01_mir/recover-20220825/UBNA_002/20220823_033000.WAV,Telephone Field,recover-20220825,002,1795
1167.2795,1167.2899,23750,29793,Nyctalus leisleri,0.01,0.024,-1,Echolocation,/mnt/ubna_data_01_mir/recover-20220825/UBNA_002/20220823_033000.WAV,Telephone Field,recover-20220825,002,1795
1167.3195,1167.3276,28906,40397,Eptesicus serotinus,0.008,0.022,-1,Echolocation,/mnt/ubna_data_01_mir/recover-20220825/UBNA_002/20220823_033000.WAV,Telephone Field,recover-20220825,002,1795
1167.3305,1167.3679,68437,81384,Rhinolophus ferrumequinum,0.021,0.021,-1,Echolocation,/mnt/ubna_data_01_mir/recover-20220825/UBNA_002/20220823_033000.WAV,Telephone Field,recover-20220825,002,1795
1167.3595,1167.3958,68437,81459,Rhinolophus ferrumequinum,0.021,0.021,-1,Echolocation,/mnt/ubna_data_01_mir/recover-20220825/UBNA_002/20220823_033000.WAV,Telephone Field,recover-20220825,002,1795
1167.4105,1167.4224,24609,30540,Nyctalus leisleri,0.012,0.027,-1,Echolocation,/mnt/ubna_data_01_mir/recover-20220825/UBNA_002/20220823_033000.WAV,Telephone Field,recover-20220825,002,1795
1167.4455,1167.4845,68437,82277,Rhinolophus ferrumequinum,0.022,0.022,-1,Echolocation,/mnt/ubna_data_01_mir/recover-20220825/UBNA_002/20220823_033000.WAV,Telephone Field,recover-20220825,002,1795
1167.4525,1167.4907,68437,82030,Rhinolophus ferrumequinum,0.02,0.02,-1,Echolocation,/mnt/ubna_data_01_mir/recover-20220825/UBNA_002/20220823_033000.WAV,Telephone Field,recover-20220825,002,1795
1167.4615,1167.4696,27187,35027,Eptesicus serotinus,0.009,0.022,-1,Echolocation,/mnt/ubna_data_01_mir/recover-20220825/UBNA_002/20220823_033000.WAV,Telephone Field,recover-20220825,002,1795
1167.4695,1167.5064,68437,82291,Rhinolophus ferrumequinum,0.02,0.021,-1,Echolocation,/mnt/ubna_data_01_mir/recover-20220825/UBNA_002/20220823_033000.WAV,Telephone Field,recover-20220825,002,1795
1167.4955,1167.5346,68437,81690,Rhinolophus ferrumequinum,0.022,0.022,-1,Echolocation,/mnt/ubna_data_01_mir/recover-20220825/UBNA_002/20220823_033000.WAV,Telephone Field,recover-20220825,002,1795
1167.5295,1167.5377,26328,34573,Eptesicus serotinus,0.008,0.021,-1,Echolocation,/mnt/ubna_data_01_mir/recover-20220825/UBNA_002/20220823_033000.WAV,Telephone Field,recover-20220825,002,1795
1167.5425,1167.5797,68437,81836,Rhinolophus ferrumequinum,0.021,0.021,-1,Echolocation,/mnt/ubna_data_01_mir/recover-20220825/UBNA_002/20220823_033000.WAV,Telephone Field,recover-20220825,002,1795
1167.5565,1167.5955,68437,81937,Rhinolophus ferrumequinum,0.02,0.02,-1,Echolocation,/mnt/ubna_data_01_mir/recover-20220825/UBNA_002/20220823_033000.WAV,Telephone Field,recover-20220825,002,1795
1167.5795,1167.5885,43515,49782,Pipistrellus pipistrellus,0.021,0.025,-1,Echolocation,/mnt/ubna_data_01_mir/recover-20220825/UBNA_002/20220823_033000.WAV,Telephone Field,recover-20220825,002,1795
1167.5805,1167.59,25468,32702,Nyctalus leisleri,0.007,0.022,-1,Echolocation,/mnt/ubna_data_01_mir/recover-20220825/UBNA_002/20220823_033000.WAV,Telephone Field,recover-20220825,002,1795
1167.6065,1167.6464,68437,81744,Rhinolophus ferrumequinum,0.022,0.022,-1,Echolocation,/mnt/ubna_data_01_mir/recover-20220825/UBNA_002/20220823_033000.WAV,Telephone Field,recover-20220825,002,1795
1167.6145,1167.6551,68437,82803,Rhinolophus ferrumequinum,0.021,0.021,-1,Echolocation,/mnt/ubna_data_01_mir/recover-20220825/UBNA_002/20220823_033000.WAV,Telephone Field,recover-20220825,002,1795
1167.6145,1167.6248,22890,28085,Nyctalus leisleri,0.01,0.021,-1,Echolocation,/mnt/ubna_data_01_mir/recover-20220825/UBNA_002/20220823_033000.WAV,Telephone Field,recover-20220825,002,1795
1167.6785,1167.717,68437,83001,Rhinolophus ferrumequinum,0.022,0.022,-1,Echolocation,/mnt/ubna_data_01_mir/recover-20220825/UBNA_002/20220823_033000.WAV,Telephone Field,recover-20220825,002,1795
1167.7025,1167.7425,68437,81996,Rhinolophus ferrumequinum,0.021,0.021,-1,Echolocation,/mnt/ubna_data_01_mir/recover-20220825/UBNA_002/20220823_033000.WAV,Telephone Field,recover-20220825,002,1795
1167.7065,1167.7147,28906,39008,Eptesicus serotinus,0.008,0.023,-1,Echolocation,/mnt/ubna_data_01_mir/recover-20220825/UBNA_002/20220823_033000.WAV,Telephone Field,recover-20220825,002,1795
1167.7075,1167.7471,68437,82243,Rhinolophus ferrumequinum,0.022,0.022,-1,Echolocation,/mnt/ubna_data_01_mir/recover-20220825/UBNA_002/20220823_033000.WAV,Telephone Field,recover-20220825,002,1795
1167.7175,1167.7371,19453,22258,Nyctalus leisleri,0.011,0.022,-1,Echolocation,/mnt/ubna_data_01_mir/recover-20220825/UBNA_002/20220823_033000.WAV,Telephone Field,recover-20220825,002,1795
1167.7375,1167.7456,26328,35277,Eptesicus serotinus,0.007,0.022,-1,Echolocation,/mnt/ubna_data_01_mir/recover-20220825/UBNA_002/20220823_033000.WAV,Telephone Field,recover-20220825,002,1795
1167.7625,1167.8003,68437,81235,Rhinolophus ferrumequinum,0.021,0.021,-1,Echolocation,/mnt/ubna_data_01_mir/recover-20220825/UBNA_002/20220823_033000.WAV,Telephone Field,recover-20220825,002,1795
1167.7695,1167.7785,27187,34855,Eptesicus serotinus,0.01,0.023,-1,Echolocation,/mnt/ubna_data_01_mir/recover-20220825/UBNA_002/20220823_033000.WAV,Telephone Field,recover-20220825,002,1795
1167.7765,1167.8184,68437,82635,Rhinolophus ferrumequinum,0.023,0.023,-1,Echolocation,/mnt/ubna_data_01_mir/recover-20220825/UBNA_002/20220823_033000.WAV,Telephone Field,recover-20220825,002,1795
1167.7885,1167.7989,23750,29946,Nyctalus leisleri,0.01,0.026,-1,Echolocation,/mnt/ubna_data_01_mir/recover-20220825/UBNA_002/20220823_033000.WAV,Telephone Field,recover-20220825,002,1795
1167.8035,1167.8124,28906,39198,Eptesicus serotinus,0.008,0.021,-1,Echolocation,/mnt/ubna_data_01_mir/recover-20220825/UBNA_002/20220823_033000.WAV,Telephone Field,recover-20220825,002,1795
1167.8325,1167.8732,68437,82487,Rhinolophus ferrumequinum,0.021,0.021,-1,Echolocation,/mnt/ubna_data_01_mir/recover-20220825/UBNA_002/20220823_033000.WAV,Telephone Field,recover-20220825,002,1795
1167.8385,1167.8461,23750,32053,Plecotus austriacus,0.009,0.025,-1,Echolocation,/mnt/ubna_data_01_mir/recover-20220825/UBNA_002/20220823_033000.WAV,Telephone Field,recover-20220825,002,1795
1167.8545,1167.8936,68437,82515,Rhinolophus ferrumequinum,0.025,0.025,-1,Echolocation,/mnt/ubna_data_01_mir/recover-20220825/UBNA_002/20220823_033000.WAV,Telephone Field,recover-20220825,002,1795
1167.8605,1167.8688,45234,52697,Pipistrellus pipistrellus,0.019,0.022,-1,Echolocation,/mnt/ubna_data_01_mir/recover-20220825/UBNA_002/20220823_033000.WAV,Telephone Field,recover-20220825,002,1795
1167.8855,1167.924,68437,81574,Rhinolophus ferrumequinum,0.021,0.021,-1,Echolocation,/mnt/ubna_data_01_mir/recover-20220825/UBNA_002/20220823_033000.WAV,Telephone Field,recover-20220825,002,1795
1167.8965,1167.9045,28906,38894,Eptesicus serotinus,0.007,0.022,-1,Echolocation,/mnt/ubna_data_01_mir/recover-20220825/UBNA_002/20220823_033000.WAV,Telephone Field,recover-20220825,002,1795
1167.9275,1167.9656,68437,82066,Rhinolophus ferrumequinum,0.021,0.021,-1,Echolocation,/mnt/ubna_data_01_mir/recover-20220825/UBNA_002/20220823_033000.WAV,Telephone Field,recover-20220825,002,1795
1167.9345,1167.9433,24609,32469,Eptesicus serotinus,0.007,0.022,-1,Echolocation,/mnt/ubna_data_01_mir/recover-20220825/UBNA_002/20220823_033000.WAV,Telephone Field,recover-20220825,002,1795
1167.9555,1167.9945,68437,82210,Rhinolophus ferrumequinum,0.022,0.022,-1,Echolocation,/mnt/ubna_data_01_mir/recover-20220825/UBNA_002/20220823_033000.WAV,Telephone Field,recover-20220825,002,1795
1168.0015,1168.033,69296,81430,Rhinolophus ferrumequinum,0.034,0.034,-1,Echolocation,/mnt/ubna_data_01_mir/recover-20220825/UBNA_002/20220823_033000.WAV,Telephone Field,recover-20220825,002,1795
1168.0015,1168.0119,26328,33057,Nyctalus leisleri,0.015,0.037,-1,Echolocation,/mnt/ubna_data_01_mir/recover-20220825/UBNA_002/20220823_033000.WAV,Telephone Field,recover-20220825,002,1795
1168.0125,1168.0575,68437,82750,Rhinolophus ferrumequinum,0.027,0.027,-1,Echolocation,/mnt/ubna_data_01_mir/recover-20220825/UBNA_002/20220823_033000.WAV,Telephone Field,recover-20220825,002,1795
1168.0465,1168.0792,68437,81235,Rhinolophus ferrumequinum,0.031,0.031,-1,Echolocation,/mnt/ubna_data_01_mir/recover-20220825/UBNA_002/20220823_033000.WAV,Telephone Field,recover-20220825,002,1795
1168.0485,1168.0592,47812,52075,Pipistrellus pipistrellus,0.02,0.022,-1,Echolocation,/mnt/ubna_data_01_mir/recover-20220825/UBNA_002/20220823_033000.WAV,Telephone Field,recover-20220825,002,1795
1168.0535,1168.0876,68437,81587,Rhinolophus ferrumequinum,0.022,0.022,-1,Echolocation,/mnt/ubna_data_01_mir/recover-20220825/UBNA_002/20220823_033000.WAV,Telephone Field,recover-20220825,002,1795
1168.0615,1168.0942,68437,81306,Rhinolophus ferrumequinum,0.022,0.022,-1,Echolocation,/mnt/ubna_data_01_mir/recover-20220825/UBNA_002/20220823_033000.WAV,Telephone Field,recover-20220825,002,1795
1168.0875,1168.0986,23750,29014,Nyctalus leisleri,0.012,0.024,-1,Echolocation,/mnt/ubna_data_01_mir/recover-20220825/UBNA_002/20220823_033000.WAV,Telephone Field,recover-20220825,002,1795
1168.0905,1168.1016,28906,35025,Eptesicus serotinus,0.009,0.022,-1,Echolocation,/mnt/ubna_data_01_mir/recover-20220825/UBNA_002/20220823_033000.WAV,Telephone Field,recover-20220825,002,1795
1168.1095,1168.1502,68437,82654,Rhinolophus ferrumequinum,0.037,0.037,-1,Echolocation,/mnt/ubna_data_01_mir/recover-20220825/UBNA_002/20220823_033000.WAV,Telephone Field,recover-20220825,002,1795
1168.1195,1168.1399,18593,21325,Nyctalus noctula,0.014,0.026,-1,Echolocation,/mnt/ubna_data_01_mir/recover-20220825/UBNA_002/20220823_033000.WAV,Telephone Field,recover-20220825,002,1795
1168.1265,1168.1345,27187,37755,Eptesicus serotinus,0.007,0.022,-1,Echolocation,/mnt/ubna_data_01_mir/recover-20220825/UBNA_002/20220823_033000.WAV,Telephone Field,recover-20220825,002,1795
1168.1465,1168.1864,68437,82667,Rhinolophus ferrumequinum,0.022,0.022,-1,Echolocation,/mnt/ubna_data_01_mir/recover-20220825/UBNA_002/20220823_033000.WAV,Telephone Field,recover-20220825,002,1795
1168.1575,1168.1993,68437,83076,Rhinolophus ferrumequinum,0.031,0.031,-1,Echolocation,/mnt/ubna_data_01_mir/recover-20220825/UBNA_002/20220823_033000.WAV,Telephone Field,recover-20220825,002,1795
1168.1805,1168.1899,48671,52989,Pipistrellus pipistrellus,0.021,0.023,-1,Echolocation,/mnt/ubna_data_01_mir/recover-20220825/UBNA_002/20220823_033000.WAV,Telephone Field,recover-20220825,002,1795
1168.1815,1168.216,68437,81305,Rhinolophus ferrumequinum,0.035,0.035,-1,Echolocation,/mnt/ubna_data_01_mir/recover-20220825/UBNA_002/20220823_033000.WAV,Telephone Field,recover-20220825,002,1795
1168.1855,1168.1928,28046,39758,Eptesicus serotinus,0.009,0.029,-1,Echolocation,/mnt/ubna_data_01_mir/recover-20220825/UBNA_002/20220823_033000.WAV,Telephone Field,recover-20220825,002,1795
1168.1915,1168.2263,68437,81290,Rhinolophus ferrumequinum,0.027,0.027,-1,Echolocation,/mnt/ubna_data_01_mir/recover-20220825/UBNA_002/20220823_033000.WAV,Telephone Field,recover-20220825,002,1795
1168.2025,1168.241,68437,82515,Rhinolophus ferrumequinum,0.022,0.022,-1,Echolocation,/mnt/ubna_data_01_mir/recover-20220825/UBNA_002/20220823_033000.WAV,Telephone Field,recover-20220825,002,1795
1168.2165,1168.2263,37500,43312,Pipistrellus nathusii,0.006,0.023,-1,Echolocation,/mnt/ubna_data_01_mir/recover-20220825/UBNA_002/20220823_033000.WAV,Telephone Field,recover-20220825,002,1795
1168.2165,1168.258,68437,82616,Rhinolophus ferrumequinum,0.022,0.022,-1,Echolocation,/mnt/ubna_data_01_mir/recover-20220825/UBNA_002/20220823_033000.WAV,Telephone Field,recover-20220825,002,1795
1168.2385,1168.2802,68437,82093,Rhinolophus ferrumequinum,0.029,0.029,-1,Echolocation,/mnt/ubna_data_01_mir/recover-20220825/UBNA_002/20220823_033000.WAV,Telephone Field,recover-20220825,002,1795
1168.2705,1168.2801,22890,29604,Nyctalus leisleri,0.009,0.025,-1,Echolocation,/mnt/ubna_data_01_mir/recover-20220825/UBNA_002/20220823_033000.WAV,Telephone Field,recover-20220825,002,1795
1168.2705,1168.311,68437,82903,Rhinolophus ferrumequinum,0.026,0.027,-1,Echolocation,/mnt/ubna_data_01_mir/recover-20220825/UBNA_002/20220823_033000.WAV,Telephone Field,recover-20220825,002,1795
1168.2955,1168.3342,68437,81732,Rhinolophus ferrumequinum,0.024,0.024,-1,Echolocation,/mnt/ubna_data_01_mir/recover-20220825/UBNA_002/20220823_033000.WAV,Telephone Field,recover-20220825,002,1795
1168.3035,1168.343,68437,82364,Rhinolophus ferrumequinum,0.023,0.023,-1,Echolocation,/mnt/ubna_data_01_mir/recover-20220825/UBNA_002/20220823_033000.WAV,Telephone Field,recover-20220825,002,1795
1168.3575,1168.3948,68437,81732,Rhinolophus ferrumequinum,0.022,0.022,-1,Echolocation,/mnt/ubna_data_01_mir/recover-20220825/UBNA_002/20220823_033000.WAV,Telephone Field,recover-20220825,002,1795
1168.3695,1168.3772,32343,42041,Myotis daubentonii,0.008,0.022,-1,Echolocation,/mnt/ubna_data_01_mir/recover-20220825/UBNA_002/20220823_033000.WAV,Telephone Field,recover-20220825,002,1795
1168.3765,1168.4184,68437,82667,Rhinolophus ferrumequinum,0.039,0.039,-1,Echolocation,/mnt/ubna_data_01_mir/recover-20220825/UBNA_002/20220823_033000.WAV,Telephone Field,recover-20220825,002,1795
1168.4355,1168.4768,68437,82556,Rhinolophus ferrumequinum,0.036,0.037,-1,Echolocation,/mnt/ubna_data_01_mir/recover-20220825/UBNA_002/20220823_033000.WAV,Telephone Field,recover-20220825,002,1795
1168.4875,1168.5259,68437,82073,Rhinolophus ferrumequinum,0.022,0.022,-1,Echolocation,/mnt/ubna_data_01_mir/recover-20220825/UBNA_002/20220823_033000.WAV,Telephone Field,recover-20220825,002,1795
1168.5215,1168.5611,68437,82635,Rhinolophus ferrumequinum,0.028,0.028,-1,Echolocation,/mnt/ubna_data_01_mir/recover-20220825/UBNA_002/20220823_033000.WAV,Telephone Field,recover-20220825,002,1795
1168.5505,1168.5623,28906,35428,Eptesicus serotinus,0.017,0.032,-1,Echolocation,/mnt/ubna_data_01_mir/recover-20220825/UBNA_002/20220823_033000.WAV,Telephone Field,recover-20220825,002,1795
1168.5565,1168.5993,68437,82728,Rhinolophus ferrumequinum,0.04,0.04,-1,Echolocation,/mnt/ubna_data_01_mir/recover-20220825/UBNA_002/20220823_033000.WAV,Telephone Field,recover-20220825,002,1795
1168.5755,1168.6128,68437,81606,Rhinolophus ferrumequinum,0.023,0.023,-1,Echolocation,/mnt/ubna_data_01_mir/recover-20220825/UBNA_002/20220823_033000.WAV,Telephone Field,recover-20220825,002,1795
1168.6025,1168.61,25468,34248,Plecotus austriacus,0.007,0.023,-1,Echolocation,/mnt/ubna_data_01_mir/recover-20220825/UBNA_002/20220823_033000.WAV,Telephone Field,recover-20220825,002,1795
1168.6075,1168.6473,68437,81907,Rhinolophus ferrumequinum,0.024,0.024,-1,Echolocation,/mnt/ubna_data_01_mir/recover-20220825/UBNA_002/20220823_033000.WAV,Telephone Field,recover-20220825,002,1795
1168.6295,1168.6491,20312,22981,Nyctalus leisleri,0.014,0.023,-1,Echolocation,/mnt/ubna_data_01_mir/recover-20220825/UBNA_002/20220823_033000.WAV,Telephone Field,recover-20220825,002,1795
1168.6345,1168.6723,68437,81937,Rhinolophus ferrumequinum,0.024,0.024,-1,Echolocation,/mnt/ubna_data_01_mir/recover-20220825/UBNA_002/20220823_033000.WAV,Telephone Field,recover-20220825,002,1795
1168.6835,1168.694,22031,26755,Nyctalus leisleri,0.013,0.024,-1,Echolocation,/mnt/ubna_data_01_mir/recover-20220825/UBNA_002/20220823_033000.WAV,Telephone Field,recover-20220825,002,1795
1168.7215,1168.7645,68437,83322,Rhinolophus ferrumequinum,0.033,0.033,-1,Echolocation,/mnt/ubna_data_01_mir/recover-20220825/UBNA_002/20220823_033000.WAV,Telephone Field,recover-20220825,002,1795
1168.7425,1168.7842,68437,82965,Rhinolophus ferrumequinum,0.031,0.031,-1,Echolocation,/mnt/ubna_data_01_mir/recover-20220825/UBNA_002/20220823_033000.WAV,Telephone Field,recover-20220825,002,1795
1168.7665,1168.7749,27187,37137,Eptesicus serotinus,0.008,0.025,-1,Echolocation,/mnt/ubna_data_01_mir/recover-20220825/UBNA_002/20220823_033000.WAV,Telephone Field,recover-20220825,002,1795
1168.8245,1168.8337,28046,38111,Eptesicus serotinus,0.01,0.025,-1,Echolocation,/mnt/ubna_data_01_mir/recover-20220825/UBNA_002/20220823_033000.WAV,Telephone Field,recover-20220825,002,1795
1168.8345,1168.8773,68437,82905,Rhinolophus ferrumequinum,0.033,0.033,-1,Echolocation,/mnt/ubna_data_01_mir/recover-20220825/UBNA_002/20220823_033000.WAV,Telephone Field,recover-20220825,002,1795
1168.8465,1168.8578,22890,28184,Nyctalus leisleri,0.012,0.025,-1,Echolocation,/mnt/ubna_data_01_mir/recover-20220825/UBNA_002/20220823_033000.WAV,Telephone Field,recover-20220825,002,1795
1168.8805,1168.9196,68437,82063,Rhinolophus ferrumequinum,0.023,0.023,-1,Echolocation,/mnt/ubna_data_01_mir/recover-20220825/UBNA_002/20220823_033000.WAV,Telephone Field,recover-20220825,002,1795
1168.8865,1168.925,68437,81948,Rhinolophus ferrumequinum,0.023,0.023,-1,Echolocation,/mnt/ubna_data_01_mir/recover-20220825/UBNA_002/20220823_033000.WAV,Telephone Field,recover-20220825,002,1795
1168.9425,1168.9493,44375,56007,Pipistrellus pipistrellus,0.014,0.022,-1,Echolocation,/mnt/ubna_data_01_mir/recover-20220825/UBNA_002/20220823_033000.WAV,Telephone Field,recover-20220825,002,1795
1168.9645,1169.0019,68437,81602,Rhinolophus ferrumequinum,0.022,0.022,-1,Echolocation,/mnt/ubna_data_01_mir/recover-20220825/UBNA_002/20220823_033000.WAV,Telephone Field,recover-20220825,002,1795
1168.9645,1168.9746,24609,32002,Nyctalus leisleri,0.009,0.026,-1,Echolocation,/mnt/ubna_data_01_mir/recover-20220825/UBNA_002/20220823_033000.WAV,Telephone Field,recover-20220825,002,1795
1168.9815,1169.0221,68437,82842,Rhinolophus ferrumequinum,0.029,0.029,-1,Echolocation,/mnt/ubna_data_01_mir/recover-20220825/UBNA_002/20220823_033000.WAV,Telephone Field,recover-20220825,002,1795
1169.0225,1169.0586,68437,81276,Rhinolophus ferrumequinum,0.027,0.027,-1,Echolocation,/mnt/ubna_data_01_mir/recover-20220825/UBNA_002/20220823_033000.WAV,Telephone Field,recover-20220825,002,1795
1169.0475,1169.0819,68437,81110,Rhinolophus ferrumequinum,0.022,0.022,-1,Echolocation,/mnt/ubna_data_01_mir/recover-20220825/UBNA_002/20220823_033000.WAV,Telephone Field,recover-20220825,002,1795
1169.0655,1169.1078,68437,82985,Rhinolophus ferrumequinum,0.029,0.029,-1,Echolocation,/mnt/ubna_data_01_mir/recover-20220825/UBNA_002/20220823_033000.WAV,Telephone Field,recover-20220825,002,1795
1169.1085,1169.1185,47812,51471,Pipistrellus pipistrellus,0.021,0.023,-1,Echolocation,/mnt/ubna_data_01_mir/recover-20220825/UBNA_002/20220823_033000.WAV,Telephone Field,recover-20220825,002,1795
1169.1825,1169.1907,28046,37761,Eptesicus serotinus,0.009,0.024,-1,Echolocation,/mnt/ubna_data_01_mir/recover-20220825/UBNA_002/20220823_033000.WAV,Telephone Field,recover-20220825,002,1795
1169.2045,1169.2413,68437,81619,Rhinolophus ferrumequinum,0.023,0.023,-1,Echolocation,/mnt/ubna_data_01_mir/recover-20220825/UBNA_002/20220823_033000.WAV,Telephone Field,recover-20220825,002,1795
1169.2165,1169.2252,26328,35689,Eptesicus serotinus,0.01,0.026,-1,Echolocation,/mnt/ubna_data_01_mir/recover-20220825/UBNA_002/20220823_033000.WAV,Telephone Field,recover-20220825,002,1795
1169.2275,1169.2658,68437,81260,Rhinolophus ferrumequinum,0.024,0.024,-1,Echolocation,/mnt/ubna_data_01_mir/recover-20220825/UBNA_002/20220823_033000.WAV,Telephone Field,recover-20220825,002,1795
1169.2585,1169.2674,24609,32429,Nyctalus leisleri,0.006,0.022,-1,Echolocation,/mnt/ubna_data_01_mir/recover-20220825/UBNA_002/20220823_033000.WAV,Telephone Field,recover-20220825,002,1795
1169.2635,1169.2999,68437,82515,Rhinolophus ferrumequinum,0.024,0.024,-1,Echolocation,/mnt/ubna_data_01_mir/recover-20220825/UBNA_002/20220823_033000.WAV,Telephone Field,recover-20220825,002,1795
1169.2685,1169.3054,68437,81562,Rhinolophus ferrumequinum,0.024,0.024,-1,Echolocation,/mnt/ubna_data_01_mir/recover-20220825/UBNA_002/20220823_033000.WAV,Telephone Field,recover-20220825,002,1795
1169.2765,1169.3089,68437,79873,Rhinolophus ferrumequinum,0.024,0.025,-1,Echolocation,/mnt/ubna_data_01_mir/recover-20220825/UBNA_002/20220823_033000.WAV,Telephone Field,recover-20220825,002,1795
1169.2985,1169.3379,68437,82483,Rhinolophus ferrumequinum,0.037,0.037,-1,Echolocation,/mnt/ubna_data_01_mir/recover-20220825/UBNA_002/20220823_033000.WAV,Telephone Field,recover-20220825,002,1795
1169.3105,1169.3503,68437,82391,Rhinolophus ferrumequinum,0.022,0.022,-1,Echolocation,/mnt/ubna_data_01_mir/recover-20220825/UBNA_002/20220823_033000.WAV,Telephone Field,recover-20220825,002,1795
1169.3285,1169.3349,27187,41006,Eptesicus serotinus,0.007,0.032,-1,Echolocation,/mnt/ubna_data_01_mir/recover-20220825/UBNA_002/20220823_033000.WAV,Telephone Field,recover-20220825,002,1795
1169.3685,1169.3763,27187,37902,Eptesicus serotinus,0.006,0.023,-1,Echolocation,/mnt/ubna_data_01_mir/recover-20220825/UBNA_002/20220823_033000.WAV,Telephone Field,recover-20220825,002,1795
1169.3805,1169.4204,68437,82551,Rhinolophus ferrumequinum,0.025,0.025,-1,Echolocation,/mnt/ubna_data_01_mir/recover-20220825/UBNA_002/20220823_033000.WAV,Telephone Field,recover-20220825,002,1795
1169.3805,1169.3873,48671,54501,Pipistrellus pipistrellus,0.023,0.024,-1,Echolocation,/mnt/ubna_data_01_mir/recover-20220825/UBNA_002/20220823_033000.WAV,Telephone Field,recover-20220825,002,1795
1169.4085,1169.416,27187,37718,Eptesicus serotinus,0.007,0.024,-1,Echolocation,/mnt/ubna_data_01_mir/recover-20220825/UBNA_002/20220823_033000.WAV,Telephone Field,recover-20220825,002,1795
1169.4095,1169.4459,68437,81692,Rhinolophus ferrumequinum,0.022,0.022,-1,Echolocation,/mnt/ubna_data_01_mir/recover-20220825/UBNA_002/20220823_033000.WAV,Telephone Field,recover-20220825,002,1795
1169.4235,1169.4632,68437,82434,Rhinolophus ferrumequinum,0.023,0.023,-1,Echolocation,/mnt/ubna_data_01_mir/recover-20220825/UBNA_002/20220823_033000.WAV,Telephone Field,recover-20220825,002,1795
1169.4435,1169.4543,26328,34581,Eptesicus serotinus,0.01,0.028,-1,Echolocation,/mnt/ubna_data_01_mir/recover-20220825/UBNA_002/20220823_033000.WAV,Telephone Field,recover-20220825,002,1795
1169.4555,1169.4627,28046,38428,Eptesicus serotinus,0.006,0.025,-1,Echolocation,/mnt/ubna_data_01_mir/recover-20220825/UBNA_002/20220823_033000.WAV,Telephone Field,recover-20220825,002,1795
1169.4665,1169.5092,68437,83323,Rhinolophus ferrumequinum,0.042,0.042,-1,Echolocation,/mnt/ubna_data_01_mir/recover-20220825/UBNA_002/20220823_033000.WAV,Telephone Field,recover-20220825,002,1795
1169.5335,1169.5418,28046,38637,Eptesicus serotinus,0.007,0.022,-1,Echolocation,/mnt/ubna_data_01_mir/recover-20220825/UBNA_002/20220823_033000.WAV,Telephone Field,recover-20220825,002,1795
1169.5505,1169.5934,68437,82514,Rhinolophus ferrumequinum,0.029,0.029,-1,Echolocation,/mnt/ubna_data_01_mir/recover-20220825/UBNA_002/20220823_033000.WAV,Telephone Field,recover-20220825,002,1795
1169.5935,1169.633,68437,82667,Rhinolophus ferrumequinum,0.036,0.036,-1,Echolocation,/mnt/ubna_data_01_mir/recover-20220825/UBNA_002/20220823_033000.WAV,Telephone Field,recover-20220825,002,1795
1169.6075,1169.6184,28046,35516,Eptesicus serotinus,0.013,0.025,-1,Echolocation,/mnt/ubna_data_01_mir/recover-20220825/UBNA_002/20220823_033000.WAV,Telephone Field,recover-20220825,002,1795
1169.6125,1169.6519,68437,82443,Rhinolophus ferrumequinum,0.028,0.028,-1,Echolocation,/mnt/ubna_data_01_mir/recover-20220825/UBNA_002/20220823_033000.WAV,Telephone Field,recover-20220825,002,1795
1169.6835,1169.7232,68437,82316,Rhinolophus ferrumequinum,0.053,0.053,-1,Echolocation,/mnt/ubna_data_01_mir/recover-20220825/UBNA_002/20220823_033000.WAV,Telephone Field,recover-20220825,002,1795
1169.7125,1169.7527,68437,81936,Rhinolophus ferrumequinum,0.032,0.032,-1,Echolocation,/mnt/ubna_data_01_mir/recover-20220825/UBNA_002/20220823_033000.WAV,Telephone Field,recover-20220825,002,1795
1169.7465,1169.784,68437,81062,Rhinolophus ferrumequinum,0.024,0.024,-1,Echolocation,/mnt/ubna_data_01_mir/recover-20220825/UBNA_002/20220823_033000.WAV,Telephone Field,recover-20220825,002,1795
1169.7565,1169.763,28046,38788,Myotis daubentonii,0.008,0.028,-1,Echolocation,/mnt/ubna_data_01_mir/recover-20220825/UBNA_002/20220823_033000.WAV,Telephone Field,recover-20220825,002,1795
1169.7625,1169.7991,68437,82007,Rhinolophus ferrumequinum,0.028,0.028,-1,Echolocation,/mnt/ubna_data_01_mir/recover-20220825/UBNA_002/20220823_033000.WAV,Telephone Field,recover-20220825,002,1795
1169.8035,1169.8463,68437,83135,Rhinolophus ferrumequinum,0.03,0.03,-1,Echolocation,/mnt/ubna_data_01_mir/recover-20220825/UBNA_002/20220823_033000.WAV,Telephone Field,recover-20220825,002,1795
1169.8115,1169.8528,68437,83522,Rhinolophus ferrumequinum,0.027,0.027,-1,Echolocation,/mnt/ubna_data_01_mir/recover-20220825/UBNA_002/20220823_033000.WAV,Telephone Field,recover-20220825,002,1795
1169.8195,1169.8272,27187,37409,Eptesicus serotinus,0.011,0.029,-1,Echolocation,/mnt/ubna_data_01_mir/recover-20220825/UBNA_002/20220823_033000.WAV,Telephone Field,recover-20220825,002,1795
1169.8495,1169.8605,28906,35882,Eptesicus serotinus,0.011,0.025,-1,Echolocation,/mnt/ubna_data_01_mir/recover-20220825/UBNA_002/20220823_033000.WAV,Telephone Field,recover-20220825,002,1795
1169.8675,1169.9061,68437,81714,Rhinolophus ferrumequinum,0.023,0.023,-1,Echolocation,/mnt/ubna_data_01_mir/recover-20220825/UBNA_002/20220823_033000.WAV,Telephone Field,recover-20220825,002,1795
1169.8895,1169.9023,22031,26400,Nyctalus leisleri,0.013,0.023,-1,Echolocation,/mnt/ubna_data_01_mir/recover-20220825/UBNA_002/20220823_033000.WAV,Telephone Field,recover-20220825,002,1795
1169.8955,1169.9033,28046,36818,Eptesicus serotinus,0.007,0.022,-1,Echolocation,/mnt/ubna_data_01_mir/recover-20220825/UBNA_002/20220823_033000.WAV,Telephone Field,recover-20220825,002,1795
1169.8955,1169.9057,22890,28181,Nyctalus leisleri,0.011,0.023,-1,Echolocation,/mnt/ubna_data_01_mir/recover-20220825/UBNA_002/20220823_033000.WAV,Telephone Field,recover-20220825,002,1795
1169.9325,1169.9449,39218,42938,Pipistrellus nathusii,0.014,0.022,-1,Echolocation,/mnt/ubna_data_01_mir/recover-20220825/UBNA_002/20220823_033000.WAV,Telephone Field,recover-20220825,002,1795
1169.9405,1169.9792,68437,82008,Rhinolophus ferrumequinum,0.025,0.025,-1,Echolocation,/mnt/ubna_data_01_mir/recover-20220825/UBNA_002/20220823_033000.WAV,Telephone Field,recover-20220825,002,1795
1169.9695,1169.9808,23750,30379,Nyctalus leisleri,0.011,0.028,-1,Echolocation,/mnt/ubna_data_01_mir/recover-20220825/UBNA_002/20220823_033000.WAV,Telephone Field,recover-20220825,002,1795
1170.0015,1170.0327,68437,80092,Rhinolophus ferrumequinum,0.028,0.028,-1,Echolocation,/mnt/ubna_data_01_mir/recover-20220825/UBNA_002/20220823_033000.WAV,Telephone Field,recover-20220825,002,1795
1170.0015,1170.0107,23750,29776,Nyctalus leisleri,0.015,0.032,-1,Echolocation,/mnt/ubna_data_01_mir/recover-20220825/UBNA_002/20220823_033000.WAV,Telephone Field,recover-20220825,002,1795
1170.0605,1170.1,68437,82740,Rhinolophus ferrumequinum,0.023,0.023,-1,Echolocation,/mnt/ubna_data_01_mir/recover-20220825/UBNA_002/20220823_033000.WAV,Telephone Field,recover-20220825,002,1795
1170.0765,1170.085,27187,36336,Eptesicus serotinus,0.01,0.023,-1,Echolocation,/mnt/ubna_data_01_mir/recover-20220825/UBNA_002/20220823_033000.WAV,Telephone Field,recover-20220825,002,1795
1170.1295,1170.1354,28046,43551,Eptesicus serotinus,0.006,0.027,-1,Echolocation,/mnt/ubna_data_01_mir/recover-20220825/UBNA_002/20220823_033000.WAV,Telephone Field,recover-20220825,002,1795
1170.1325,1170.1733,68437,82574,Rhinolophus ferrumequinum,0.024,0.024,-1,Echolocation,/mnt/ubna_data_01_mir/recover-20220825/UBNA_002/20220823_033000.WAV,Telephone Field,recover-20220825,002,1795
1170.1425,1170.1504,28046,38151,Eptesicus serotinus,0.009,0.024,-1,Echolocation,/mnt/ubna_data_01_mir/recover-20220825/UBNA_002/20220823_033000.WAV,Telephone Field,recover-20220825,002,1795
1170.1725,1170.2091,68437,82858,Rhinolophus ferrumequinum,0.022,0.022,-1,Echolocation,/mnt/ubna_data_01_mir/recover-20220825/UBNA_002/20220823_033000.WAV,Telephone Field,recover-20220825,002,1795
1170.1955,1170.2035,28046,38188,Eptesicus serotinus,0.008,0.022,-1,Echolocation,/mnt/ubna_data_01_mir/recover-20220825/UBNA_002/20220823_033000.WAV,Telephone Field,recover-20220825,002,1795
1170.2085,1170.2448,68437,81165,Rhinolophus ferrumequinum,0.024,0.024,-1,Echolocation,/mnt/ubna_data_01_mir/recover-20220825/UBNA_002/20220823_033000.WAV,Telephone Field,recover-20220825,002,1795
1170.2535,1170.2906,68437,81873,Rhinolophus ferrumequinum,0.021,0.021,-1,Echolocation,/mnt/ubna_data_01_mir/recover-20220825/UBNA_002/20220823_033000.WAV,Telephone Field,recover-20220825,002,1795
1170.3855,1170.4246,68437,81837,Rhinolophus ferrumequinum,0.021,0.021,-1,Echolocation,/mnt/ubna_data_01_mir/recover-20220825/UBNA_002/20220823_033000.WAV,Telephone Field,recover-20220825,002,1795
1170.4195,1170.4555,68437,82070,Rhinolophus ferrumequinum,0.021,0.021,-1,Echolocation,/mnt/ubna_data_01_mir/recover-20220825/UBNA_002/20220823_033000.WAV,Telephone Field,recover-20220825,002,1795
1170.4345,1170.4745,68437,82011,Rhinolophus ferrumequinum,0.022,0.022,-1,Echolocation,/mnt/ubna_data_01_mir/recover-20220825/UBNA_002/20220823_033000.WAV,Telephone Field,recover-20220825,002,1795
1170.4545,1170.4691,22031,25733,Nyctalus leisleri,0.016,0.029,-1,Echolocation,/mnt/ubna_data_01_mir/recover-20220825/UBNA_002/20220823_033000.WAV,Telephone Field,recover-20220825,002,1795
1170.4605,1170.5012,68437,82249,Rhinolophus ferrumequinum,0.027,0.027,-1,Echolocation,/mnt/ubna_data_01_mir/recover-20220825/UBNA_002/20220823_033000.WAV,Telephone Field,recover-20220825,002,1795
1170.4955,1170.5085,37500,42113,Pipistrellus nathusii,0.063,0.072,-1,Echolocation,/mnt/ubna_data_01_mir/recover-20220825/UBNA_002/20220823_033000.WAV,Telephone Field,recover-20220825,002,1795
1170.4975,1170.5373,68437,82757,Rhinolophus ferrumequinum,0.032,0.032,-1,Echolocation,/mnt/ubna_data_01_mir/recover-20220825/UBNA_002/20220823_033000.WAV,Telephone Field,recover-20220825,002,1795
1170.5095,1170.547,68437,81075,Rhinolophus ferrumequinum,0.023,0.023,-1,Echolocation,/mnt/ubna_data_01_mir/recover-20220825/UBNA_002/20220823_033000.WAV,Telephone Field,recover-20220825,002,1795
1170.5175,1170.5261,28046,38722,Eptesicus serotinus,0.008,0.021,-1,Echolocation,/mnt/ubna_data_01_mir/recover-20220825/UBNA_002/20220823_033000.WAV,Telephone Field,recover-20220825,002,1795
1170.5205,1170.5313,22890,28451,Nyctalus leisleri,0.01,0.023,-1,Echolocation,/mnt/ubna_data_01_mir/recover-20220825/UBNA_002/20220823_033000.WAV,Telephone Field,recover-20220825,002,1795
1170.5215,1170.5595,68437,81680,Rhinolophus ferrumequinum,0.022,0.022,-1,Echolocation,/mnt/ubna_data_01_mir/recover-20220825/UBNA_002/20220823_033000.WAV,Telephone Field,recover-20220825,002,1795
1170.5265,1170.5421,21171,25067,Nyctalus leisleri,0.014,0.025,-1,Echolocation,/mnt/ubna_data_01_mir/recover-20220825/UBNA_002/20220823_033000.WAV,Telephone Field,recover-20220825,002,1795
1170.5385,1170.5473,27187,35999,Eptesicus serotinus,0.008,0.021,-1,Echolocation,/mnt/ubna_data_01_mir/recover-20220825/UBNA_002/20220823_033000.WAV,Telephone Field,recover-20220825,002,1795
1170.5805,1170.6202,68437,82675,Rhinolophus ferrumequinum,0.021,0.021,-1,Echolocation,/mnt/ubna_data_01_mir/recover-20220825/UBNA_002/20220823_033000.WAV,Telephone Field,recover-20220825,002,1795
1170.5915,1170.6291,68437,81805,Rhinolophus ferrumequinum,0.021,0.021,-1,Echolocation,/mnt/ubna_data_01_mir/recover-20220825/UBNA_002/20220823_033000.WAV,Telephone Field,recover-20220825,002,1795
1170.6005,1170.6378,68437,81840,Rhinolophus ferrumequinum,0.023,0.023,-1,Echolocation,/mnt/ubna_data_01_mir/recover-20220825/UBNA_002/20220823_033000.WAV,Telephone Field,recover-20220825,002,1795
1170.6375,1170.6742,68437,81396,Rhinolophus ferrumequinum,0.021,0.021,-1,Echolocation,/mnt/ubna_data_01_mir/recover-20220825/UBNA_002/20220823_033000.WAV,Telephone Field,recover-20220825,002,1795
1170.6555,1170.6709,22031,26067,Nyctalus leisleri,0.013,0.033,-1,Echolocation,/mnt/ubna_data_01_mir/recover-20220825/UBNA_002/20220823_033000.WAV,Telephone Field,recover-20220825,002,1795
1170.6825,1170.6918,28046,38427,Eptesicus serotinus,0.009,0.022,-1,Echolocation,/mnt/ubna_data_01_mir/recover-20220825/UBNA_002/20220823_033000.WAV,Telephone Field,recover-20220825,002,1795
1170.6985,1170.7113,23750,28962,Nyctalus leisleri,0.019,0.039,-1,Echolocation,/mnt/ubna_data_01_mir/recover-20220825/UBNA_002/20220823_033000.WAV,Telephone Field,recover-20220825,002,1795
1170.7055,1170.7428,68437,81304,Rhinolophus ferrumequinum,0.021,0.021,-1,Echolocation,/mnt/ubna_data_01_mir/recover-20220825/UBNA_002/20220823_033000.WAV,Telephone Field,recover-20220825,002,1795
1170.7385,1170.7461,28046,37723,Eptesicus serotinus,0.008,0.022,-1,Echolocation,/mnt/ubna_data_01_mir/recover-20220825/UBNA_002/20220823_033000.WAV,Telephone Field,recover-20220825,002,1795
1170.7445,1170.7833,68437,81880,Rhinolophus ferrumequinum,0.02,0.02,-1,Echolocation,/mnt/ubna_data_01_mir/recover-20220825/UBNA_002/20220823_033000.WAV,Telephone Field,recover-20220825,002,1795
1170.7465,1170.7535,28046,38430,Eptesicus serotinus,0.006,0.02,-1,Echolocation,/mnt/ubna_data_01_mir/recover-20220825/UBNA_002/20220823_033000.WAV,Telephone Field,recover-20220825,002,1795
1170.7685,1170.8075,68437,82666,Rhinolophus ferrumequinum,0.021,0.021,-1,Echolocation,/mnt/ubna_data_01_mir/recover-20220825/UBNA_002/20220823_033000.WAV,Telephone Field,recover-20220825,002,1795
1170.7705,1170.7808,26328,34016,Eptesicus serotinus,0.012,0.025,-1,Echolocation,/mnt/ubna_data_01_mir/recover-20220825/UBNA_002/20220823_033000.WAV,Telephone Field,recover-20220825,002,1795
1170.7915,1170.829,68437,82156,Rhinolophus ferrumequinum,0.022,0.022,-1,Echolocation,/mnt/ubna_data_01_mir/recover-20220825/UBNA_002/20220823_033000.WAV,Telephone Field,recover-20220825,002,1795
1170.7965,1170.8099,44375,47227,Pipistrellus pipistrellus,0.056,0.061,-1,Echolocation,/mnt/ubna_data_01_mir/recover-20220825/UBNA_002/20220823_033000.WAV,Telephone Field,recover-20220825,002,1795
1170.7995,1170.8407,68437,82245,Rhinolophus ferrumequinum,0.022,0.022,-1,Echolocation,/mnt/ubna_data_01_mir/recover-20220825/UBNA_002/20220823_033000.WAV,Telephone Field,recover-20220825,002,1795
1170.8225,1170.8619,68437,82232,Rhinolophus ferrumequinum,0.023,0.023,-1,Echolocation,/mnt/ubna_data_01_mir/recover-20220825/UBNA_002/20220823_033000.WAV,Telephone Field,recover-20220825,002,1795
1170.8575,1170.8663,51250,58068,Pipistrellus pipistrellus,0.018,0.023,-1,Echolocation,/mnt/ubna_data_01_mir/recover-20220825/UBNA_002/20220823_033000.WAV,Telephone Field,recover-20220825,002,1795
1170.8965,1170.9064,23750,31071,Nyctalus leisleri,0.007,0.021,-1,Echolocation,/mnt/ubna_data_01_mir/recover-20220825/UBNA_002/20220823_033000.WAV,Telephone Field,recover-20220825,002,1795
1170.9145,1170.9536,68437,81871,Rhinolophus ferrumequinum,0.022,0.022,-1,Echolocation,/mnt/ubna_data_01_mir/recover-20220825/UBNA_002/20220823_033000.WAV,Telephone Field,recover-20220825,002,1795
1170.9155,1170.9258,24609,32264,Eptesicus serotinus,0.01,0.025,-1,Echolocation,/mnt/ubna_data_01_mir/recover-20220825/UBNA_002/20220823_033000.WAV,Telephone Field,recover-20220825,002,1795
1170.9695,1170.9846,15156,19790,Nyctalus noctula,0.015,0.023,-1,Echolocation,/mnt/ubna_data_01_mir/recover-20220825/UBNA_002/20220823_033000.WAV,Telephone Field,recover-20220825,002,1795
1170.9895,1170.9984,28046,37486,Eptesicus serotinus,0.008,0.021,-1,Echolocation,/mnt/ubna_data_01_mir/recover-20220825/UBNA_002/20220823_033000.WAV,Telephone Field,recover-20220825,002,1795
1170.9905,1171.0303,68437,83047,Rhinolophus ferrumequinum,0.023,0.023,-1,Echolocation,/mnt/ubna_data_01_mir/recover-20220825/UBNA_002/20220823_033000.WAV,Telephone Field,recover-20220825,002,1795
1170.9995,1171.0152,16875,22056,Nyctalus noctula,0.028,0.041,-1,Echolocation,/mnt/ubna_data_01_mir/recover-20220825/UBNA_002/20220823_033000.WAV,Telephone Field,recover-20220825,002,1795
1171.0245,1171.0335,28906,39342,Eptesicus serotinus,0.008,0.023,-1,Echolocation,/mnt/ubna_data_01_mir/recover-20220825/UBNA_002/20220823_033000.WAV,Telephone Field,recover-20220825,002,1795
1171.0455,1171.0539,45234,55725,Pipistrellus pipistrellus,0.015,0.025,-1,Echolocation,/mnt/ubna_data_01_mir/recover-20220825/UBNA_002/20220823_033000.WAV,Telephone Field,recover-20220825,002,1795
1171.0475,1171.0878,68437,82401,Rhinolophus ferrumequinum,0.021,0.021,-1,Echolocation,/mnt/ubna_data_01_mir/recover-20220825/UBNA_002/20220823_033000.WAV,Telephone Field,recover-20220825,002,1795
1171.0575,1171.0675,22890,29227,Nyctalus leisleri,0.008,0.021,-1,Echolocation,/mnt/ubna_data_01_mir/recover-20220825/UBNA_002/20220823_033000.WAV,Telephone Field,recover-20220825,002,1795
1171.1355,1171.1782,68437,83336,Rhinolophus ferrumequinum,0.026,0.026,-1,Echolocation,/mnt/ubna_data_01_mir/recover-20220825/UBNA_002/20220823_033000.WAV,Telephone Field,recover-20220825,002,1795
1171.1425,1171.1848,68437,83379,Rhinolophus ferrumequinum,0.021,0.021,-1,Echolocation,/mnt/ubna_data_01_mir/recover-20220825/UBNA_002/20220823_033000.WAV,Telephone Field,recover-20220825,002,1795
1171.1445,1171.1547,24609,31026,Nyctalus leisleri,0.009,0.027,-1,Echolocation,/mnt/ubna_data_01_mir/recover-20220825/UBNA_002/20220823_033000.WAV,Telephone Field,recover-20220825,002,1795
1171.1485,1171.1887,68437,82835,Rhinolophus ferrumequinum,0.022,0.022,-1,Echolocation,/mnt/ubna_data_01_mir/recover-20220825/UBNA_002/20220823_033000.WAV,Telephone Field,recover-20220825,002,1795
1171.2005,1171.2381,68437,80989,Rhinolophus ferrumequinum,0.022,0.022,-1,Echolocation,/mnt/ubna_data_01_mir/recover-20220825/UBNA_002/20220823_033000.WAV,Telephone Field,recover-20220825,002,1795
1171.2675,1171.2769,28046,37040,Eptesicus serotinus,0.009,0.021,-1,Echolocation,/mnt/ubna_data_01_mir/recover-20220825/UBNA_002/20220823_033000.WAV,Telephone Field,recover-20220825,002,1795
1171.2745,1171.3122,68437,80910,Rhinolophus ferrumequinum,0.03,0.03,-1,Echolocation,/mnt/ubna_data_01_mir/recover-20220825/UBNA_002/20220823_033000.WAV,Telephone Field,recover-20220825,002,1795
1171.2985,1171.3372,68437,82285,Rhinolophus ferrumequinum,0.026,0.026,-1,Echolocation,/mnt/ubna_data_01_mir/recover-20220825/UBNA_002/20220823_033000.WAV,Telephone Field,recover-20220825,002,1795
1171.3005,1171.3098,27187,37439,Eptesicus serotinus,0.01,0.024,-1,Echolocation,/mnt/ubna_data_01_mir/recover-20220825/UBNA_002/20220823_033000.WAV,Telephone Field,recover-20220825,002,1795
1171.3715,1171.3795,28046,42549,Eptesicus serotinus,0.007,0.021,-1,Echolocation,/mnt/ubna_data_01_mir/recover-20220825/UBNA_002/20220823_033000.WAV,Telephone Field,recover-20220825,002,1795
1171.3845,1171.422,68437,81274,Rhinolophus ferrumequinum,0.021,0.021,-1,Echolocation,/mnt/ubna_data_01_mir/recover-20220825/UBNA_002/20220823_033000.WAV,Telephone Field,recover-20220825,002,1795
1171.3895,1171.3967,27187,39371,Eptesicus serotinus,0.007,0.022,-1,Echolocation,/mnt/ubna_data_01_mir/recover-20220825/UBNA_002/20220823_033000.WAV,Telephone Field,recover-20220825,002,1795
1171.4195,1171.4551,68437,80987,Rhinolophus ferrumequinum,0.021,0.021,-1,Echolocation,/mnt/ubna_data_01_mir/recover-20220825/UBNA_002/20220823_033000.WAV,Telephone Field,recover-20220825,002,1795
1171.4355,1171.4725,68437,82113,Rhinolophus ferrumequinum,0.021,0.021,-1,Echolocation,/mnt/ubna_data_01_mir/recover-20220825/UBNA_002/20220823_033000.WAV,Telephone Field,recover-20220825,002,1795
1171.4745,1171.4863,30625,35667,Eptesicus serotinus,0.043,0.091,-1,Echolocation,/mnt/ubna_data_01_mir/recover-20220825/UBNA_002/20220823_033000.WAV,Telephone Field,recover-20220825,002,1795
1171.4955,1171.5343,68437,82147,Rhinolophus ferrumequinum,0.021,0.021,-1,Echolocation,/mnt/ubna_data_01_mir/recover-20220825/UBNA_002/20220823_033000.WAV,Telephone Field,recover-20220825,002,1795
1171.5355,1171.5755,68437,82330,Rhinolophus ferrumequinum,0.022,0.022,-1,Echolocation,/mnt/ubna_data_01_mir/recover-20220825/UBNA_002/20220823_033000.WAV,Telephone Field,recover-20220825,002,1795
1171.5405,1171.5546,15156,20671,Nyctalus noctula,0.017,0.026,-1,Echolocation,/mnt/ubna_data_01_mir/recover-20220825/UBNA_002/20220823_033000.WAV,Telephone Field,recover-20220825,002,1795
1171.5415,1171.5498,27187,37835,Eptesicus serotinus,0.008,0.022,-1,Echolocation,/mnt/ubna_data_01_mir/recover-20220825/UBNA_002/20220823_033000.WAV,Telephone Field,recover-20220825,002,1795
1171.5545,1171.5924,68437,82117,Rhinolophus ferrumequinum,0.022,0.022,-1,Echolocation,/mnt/ubna_data_01_mir/recover-20220825/UBNA_002/20220823_033000.WAV,Telephone Field,recover-20220825,002,1795
1171.5685,1171.5772,28046,40210,Eptesicus serotinus,0.008,0.021,-1,Echolocation,/mnt/ubna_data_01_mir/recover-20220825/UBNA_002/20220823_033000.WAV,Telephone Field,recover-20220825,002,1795
1171.5715,1171.579,47812,52305,Pipistrellus pipistrellus,0.019,0.021,-1,Echolocation,/mnt/ubna_data_01_mir/recover-20220825/UBNA_002/20220823_033000.WAV,Telephone Field,recover-20220825,002,1795
1171.6035,1171.6114,26328,34660,Eptesicus serotinus,0.007,0.022,-1,Echolocation,/mnt/ubna_data_01_mir/recover-20220825/UBNA_002/20220823_033000.WAV,Telephone Field,recover-20220825,002,1795
1171.6065,1171.6474,68437,82972,Rhinolophus ferrumequinum,0.026,0.026,-1,Echolocation,/mnt/ubna_data_01_mir/recover-20220825/UBNA_002/20220823_033000.WAV,Telephone Field,recover-20220825,002,1795
1171.6235,1171.636,23750,29157,Nyctalus leisleri,0.009,0.024,-1,Echolocation,/mnt/ubna_data_01_mir/recover-20220825/UBNA_002/20220823_033000.WAV,Telephone Field,recover-20220825,002,1795
1171.6555,1171.6649,24609,32630,Eptesicus serotinus,0.007,0.021,-1,Echolocation,/mnt/ubna_data_01_mir/recover-20220825/UBNA_002/20220823_033000.WAV,Telephone Field,recover-20220825,002,1795
1171.6615,1171.7019,68437,82603,Rhinolophus ferrumequinum,0.023,0.023,-1,Echolocation,/mnt/ubna_data_01_mir/recover-20220825/UBNA_002/20220823_033000.WAV,Telephone Field,recover-20220825,002,1795
1171.6865,1171.6972,23750,30437,Nyctalus leisleri,0.009,0.024,-1,Echolocation,/mnt/ubna_data_01_mir/recover-20220825/UBNA_002/20220823_033000.WAV,Telephone Field,recover-20220825,002,1795
1171.7055,1171.7433,68437,82573,Rhinolophus ferrumequinum,0.021,0.021,-1,Echolocation,/mnt/ubna_data_01_mir/recover-20220825/UBNA_002/20220823_033000.WAV,Telephone Field,recover-20220825,002,1795
1171.7425,1171.7769,68437,81291,Rhinolophus ferrumequinum,0.022,0.022,-1,Echolocation,/mnt/ubna_data_01_mir/recover-20220825/UBNA_002/20220823_033000.WAV,Telephone Field,recover-20220825,002,1795
1171.7565,1171.7917,68437,82023,Rhinolophus ferrumequinum,0.024,0.024,-1,Echolocation,/mnt/ubna_data_01_mir/recover-20220825/UBNA_002/20220823_033000.WAV,Telephone Field,recover-20220825,002,1795
1171.7685,1171.7788,28046,35952,Eptesicus serotinus,0.009,0.021,-1,Echolocation,/mnt/ubna_data_01_mir/recover-20220825/UBNA_002/20220823_033000.WAV,Telephone Field,recover-20220825,002,1795
1171.7935,1171.8053,23750,28466,Nyctalus leisleri,0.014,0.028,-1,Echolocation,/mnt/ubna_data_01_mir/recover-20220825/UBNA_002/20220823_033000.WAV,Telephone Field,recover-20220825,002,1795
1171.8065,1171.8437,68437,81516,Rhinolophus ferrumequinum,0.021,0.021,-1,Echolocation,/mnt/ubna_data_01_mir/recover-20220825/UBNA_002/20220823_033000.WAV,Telephone Field,recover-20220825,002,1795
1171.8275,1171.8645,68437,81118,Rhinolophus ferrumequinum,0.022,0.022,-1,Echolocation,/mnt/ubna_data_01_mir/recover-20220825/UBNA_002/20220823_033000.WAV,Telephone Field,recover-20220825,002,1795
1171.8295,1171.8382,26328,36060,Eptesicus serotinus,0.008,0.023,-1,Echolocation,/mnt/ubna_data_01_mir/recover-20220825/UBNA_002/20220823_033000.WAV,Telephone Field,recover-20220825,002,1795
1171.8425,1171.881,68437,82379,Rhinolophus ferrumequinum,0.021,0.021,-1,Echolocation,/mnt/ubna_data_01_mir/recover-20220825/UBNA_002/20220823_033000.WAV,Telephone Field,recover-20220825,002,1795
1171.8555,1171.8655,28906,37810,Eptesicus serotinus,0.01,0.023,-1,Echolocation,/mnt/ubna_data_01_mir/recover-20220825/UBNA_002/20220823_033000.WAV,Telephone Field,recover-20220825,002,1795
1171.8635,1171.9013,68437,81538,Rhinolophus ferrumequinum,0.021,0.021,-1,Echolocation,/mnt/ubna_data_01_mir/recover-20220825/UBNA_002/20220823_033000.WAV,Telephone Field,recover-20220825,002,1795
1171.8985,1171.9369,68437,83074,Rhinolophus ferrumequinum,0.024,0.024,-1,Echolocation,/mnt/ubna_data_01_mir/recover-20220825/UBNA_002/20220823_033000.WAV,Telephone Field,recover-20220825,002,1795
1171.9115,1171.9225,14296,19511,Nyctalus noctula,0.011,0.022,-1,Echolocation,/mnt/ubna_data_01_mir/recover-20220825/UBNA_002/20220823_033000.WAV,Telephone Field,recover-20220825,002,1795
1171.9195,1171.9625,68437,82928,Rhinolophus ferrumequinum,0.03,0.03,-1,Echolocation,/mnt/ubna_data_01_mir/recover-20220825/UBNA_002/20220823_033000.WAV,Telephone Field,recover-20220825,002,1795
1171.9265,1171.9672,68437,82766,Rhinolophus ferrumequinum,0.028,0.028,-1,Echolocation,/mnt/ubna_data_01_mir/recover-20220825/UBNA_002/20220823_033000.WAV,Telephone Field,recover-20220825,002,1795
1171.9475,1171.9871,68437,82357,Rhinolophus ferrumequinum,0.021,0.021,-1,Echolocation,/mnt/ubna_data_01_mir/recover-20220825/UBNA_002/20220823_033000.WAV,Telephone Field,recover-20220825,002,1795
1171.9575,1171.9939,68437,82008,Rhinolophus ferrumequinum,0.022,0.022,-1,Echolocation,/mnt/ubna_data_01_mir/recover-20220825/UBNA_002/20220823_033000.WAV,Telephone Field,recover-20220825,002,1795
1172.0015,1172.0325,70156,82050,Rhinolophus ferrumequinum,0.028,0.028,-1,Echolocation,/mnt/ubna_data_01_mir/recover-20220825/UBNA_002/20220823_033000.WAV,Telephone Field,recover-20220825,002,1795
1172.0015,1172.0119,46953,52831,Pipistrellus pipistrellus,0.015,0.024,-1,Echolocation,/mnt/ubna_data_01_mir/recover-20220825/UBNA_002/20220823_033000.WAV,Telephone Field,recover-20220825,002,1795
1172.0015,1172.0097,23750,32925,Nyctalus leisleri,0.009,0.03,-1,Echolocation,/mnt/ubna_data_01_mir/recover-20220825/UBNA_002/20220823_033000.WAV,Telephone Field,recover-20220825,002,1795
1172.0105,1172.0175,27187,38338,Eptesicus serotinus,0.006,0.021,-1,Echolocation,/mnt/ubna_data_01_mir/recover-20220825/UBNA_002/20220823_033000.WAV,Telephone Field,recover-20220825,002,1795
1172.0455,1172.083,68437,81622,Rhinolophus ferrumequinum,0.022,0.022,-1,Echolocation,/mnt/ubna_data_01_mir/recover-20220825/UBNA_002/20220823_033000.WAV,Telephone Field,recover-20220825,002,1795
1172.0835,1172.0918,23750,30989,Plecotus austriacus,0.008,0.021,-1,Echolocation,/mnt/ubna_data_01_mir/recover-20220825/UBNA_002/20220823_033000.WAV,Telephone Field,recover-20220825,002,1795
1172.0955,1172.1379,68437,82926,Rhinolophus ferrumequinum,0.036,0.036,-1,Echolocation,/mnt/ubna_data_01_mir/recover-20220825/UBNA_002/20220823_033000.WAV,Telephone Field,recover-20220825,002,1795
1172.1345,1172.1445,28906,37489,Eptesicus serotinus,0.008,0.023,-1,Echolocation,/mnt/ubna_data_01_mir/recover-20220825/UBNA_002/20220823_033000.WAV,Telephone Field,recover-20220825,002,1795
1172.1625,1172.2043,68437,82713,Rhinolophus ferrumequinum,0.025,0.025,-1,Echolocation,/mnt/ubna_data_01_mir/recover-20220825/UBNA_002/20220823_033000.WAV,Telephone Field,recover-20220825,002,1795
1172.1895,1172.2279,68437,82602,Rhinolophus ferrumequinum,0.023,0.023,-1,Echolocation,/mnt/ubna_data_01_mir/recover-20220825/UBNA_002/20220823_033000.WAV,Telephone Field,recover-20220825,002,1795
1172.1935,1172.2125,19453,21940,Nyctalus leisleri,0.017,0.027,-1,Echolocation,/mnt/ubna_data_01_mir/recover-20220825/UBNA_002/20220823_033000.WAV,Telephone Field,recover-20220825,002,1795
1172.1975,1172.237,68437,82034,Rhinolophus ferrumequinum,0.023,0.023,-1,Echolocation,/mnt/ubna_data_01_mir/recover-20220825/UBNA_002/20220823_033000.WAV,Telephone Field,recover-20220825,002,1795
1172.2335,1172.2449,22890,27435,Nyctalus leisleri,0.011,0.022,-1,Echolocation,/mnt/ubna_data_01_mir/recover-20220825/UBNA_002/20220823_033000.WAV,Telephone Field,recover-20220825,002,1795
1172.2685,1172.3072,68437,81550,Rhinolophus ferrumequinum,0.021,0.021,-1,Echolocation,/mnt/ubna_data_01_mir/recover-20220825/UBNA_002/20220823_033000.WAV,Telephone Field,recover-20220825,002,1795
1172.2745,1172.3128,68437,82106,Rhinolophus ferrumequinum,0.022,0.022,-1,Echolocation,/mnt/ubna_data_01_mir/recover-20220825/UBNA_002/20220823_033000.WAV,Telephone Field,recover-20220825,002,1795
1172.2745,1172.2842,22031,27670,Nyctalus leisleri,0.009,0.022,-1,Echolocation,/mnt/ubna_data_01_mir/recover-20220825/UBNA_002/20220823_033000.WAV,Telephone Field,recover-20220825,002,1795
1172.3115,1172.3494,68437,81848,Rhinolophus ferrumequinum,0.022,0.022,-1,Echolocation,/mnt/ubna_data_01_mir/recover-20220825/UBNA_002/20220823_033000.WAV,Telephone Field,recover-20220825,002,1795
1172.3145,1172.3211,23750,35199,Plecotus austriacus,0.011,0.026,-1,Echolocation,/mnt/ubna_data_01_mir/recover-20220825/UBNA_002/20220823_033000.WAV,Telephone Field,recover-20220825,002,1795
1172.3205,1172.3573,68437,81771,Rhinolophus ferrumequinum,0.022,0.022,-1,Echolocation,/mnt/ubna_data_01_mir/recover-20220825/UBNA_002/20220823_033000.WAV,Telephone Field,recover-20220825,002,1795
1172.3315,1172.3737,68437,82669,Rhinolophus ferrumequinum,0.029,0.029,-1,Echolocation,/mnt/ubna_data_01_mir/recover-20220825/UBNA_002/20220823_033000.WAV,Telephone Field,recover-20220825,002,1795
1172.3435,1172.3562,22031,26013,Nyctalus leisleri,0.014,0.023,-1,Echolocation,/mnt/ubna_data_01_mir/recover-20220825/UBNA_002/20220823_033000.WAV,Telephone Field,recover-20220825,002,1795
1172.3735,1172.3942,18593,21475,Nyctalus noctula,0.012,0.025,-1,Echolocation,/mnt/ubna_data_01_mir/recover-20220825/UBNA_002/20220823_033000.WAV,Telephone Field,recover-20220825,002,1795
1172.3825,1172.3911,28046,38882,Eptesicus serotinus,0.007,0.021,-1,Echolocation,/mnt/ubna_data_01_mir/recover-20220825/UBNA_002/20220823_033000.WAV,Telephone Field,recover-20220825,002,1795
1172.3955,1172.4368,68437,82482,Rhinolophus ferrumequinum,0.026,0.026,-1,Echolocation,/mnt/ubna_data_01_mir/recover-20220825/UBNA_002/20220823_033000.WAV,Telephone Field,recover-20220825,002,1795
1172.4165,1172.4547,68437,82471,Rhinolophus ferrumequinum,0.021,0.021,-1,Echolocation,/mnt/ubna_data_01_mir/recover-20220825/UBNA_002/20220823_033000.WAV,Telephone Field,recover-20220825,002,1795
1172.4445,1172.4858,68437,82802,Rhinolophus ferrumequinum,0.029,0.029,-1,Echolocation,/mnt/ubna_data_01_mir/recover-20220825/UBNA_002/20220823_033000.WAV,Telephone Field,recover-20220825,002,1795
1172.4455,1172.4543,28046,38619,Eptesicus serotinus,0.007,0.021,-1,Echolocation,/mnt/ubna_data_01_mir/recover-20220825/UBNA_002/20220823_033000.WAV,Telephone Field,recover-20220825,002,1795
1172.4715,1172.4815,28046,39640,Eptesicus serotinus,0.01,0.023,-1,Echolocation,/mnt/ubna_data_01_mir/recover-20220825/UBNA_002/20220823_033000.WAV,Telephone Field,recover-20220825,002,1795
1172.4735,1172.516,68437,82979,Rhinolophus ferrumequinum,0.028,0.028,-1,Echolocation,/mnt/ubna_data_01_mir/recover-20220825/UBNA_002/20220823_033000.WAV,Telephone Field,recover-20220825,002,1795
1172.5035,1172.5111,27187,39509,Eptesicus serotinus,0.007,0.021,-1,Echolocation,/mnt/ubna_data_01_mir/recover-20220825/UBNA_002/20220823_033000.WAV,Telephone Field,recover-20220825,002,1795
1172.5235,1172.5656,68437,82539,Rhinolophus ferrumequinum,0.03,0.03,-1,Echolocation,/mnt/ubna_data_01_mir/recover-20220825/UBNA_002/20220823_033000.WAV,Telephone Field,recover-20220825,002,1795
1172.5845,1172.6217,68437,82271,Rhinolophus ferrumequinum,0.021,0.021,-1,Echolocation,/mnt/ubna_data_01_mir/recover-20220825/UBNA_002/20220823_033000.WAV,Telephone Field,recover-20220825,002,1795
1172.5965,1172.6073,22890,27429,Nyctalus leisleri,0.014,0.027,-1,Echolocation,/mnt/ubna_data_01_mir/recover-20220825/UBNA_002/20220823_033000.WAV,Telephone Field,recover-20220825,002,1795
1172.6165,1172.6586,68437,82824,Rhinolophus ferrumequinum,0.03,0.03,-1,Echolocation,/mnt/ubna_data_01_mir/recover-20220825/UBNA_002/20220823_033000.WAV,Telephone Field,recover-20220825,002,1795
1172.6425,1172.6779,68437,81523,Rhinolophus ferrumequinum,0.021,0.021,-1,Echolocation,/mnt/ubna_data_01_mir/recover-20220825/UBNA_002/20220823_033000.WAV,Telephone Field,recover-20220825,002,1795
1172.6445,1172.6524,24609,33282,Plecotus austriacus,0.009,0.027,-1,Echolocation,/mnt/ubna_data_01_mir/recover-20220825/UBNA_002/20220823_033000.WAV,Telephone Field,recover-20220825,002,1795
1172.6525,1172.6927,68437,81921,Rhinolophus ferrumequinum,0.021,0.021,-1,Echolocation,/mnt/ubna_data_01_mir/recover-20220825/UBNA_002/20220823_033000.WAV,Telephone Field,recover-20220825,002,1795
1172.6715,1172.7142,68437,82325,Rhinolophus ferrumequinum,0.029,0.029,-1,Echolocation,/mnt/ubna_data_01_mir/recover-20220825/UBNA_002/20220823_033000.WAV,Telephone Field,recover-20220825,002,1795
1172.6785,1172.7193,68437,82737,Rhinolophus ferrumequinum,0.024,0.024,-1,Echolocation,/mnt/ubna_data_01_mir/recover-20220825/UBNA_002/20220823_033000.WAV,Telephone Field,recover-20220825,002,1795
1172.6985,1172.7071,28046,37970,Eptesicus serotinus,0.008,0.021,-1,Echolocation,/mnt/ubna_data_01_mir/recover-20220825/UBNA_002/20220823_033000.WAV,Telephone Field,recover-20220825,002,1795
1172.7185,1172.7564,68437,81674,Rhinolophus ferrumequinum,0.021,0.021,-1,Echolocation,/mnt/ubna_data_01_mir/recover-20220825/UBNA_002/20220823_033000.WAV,Telephone Field,recover-20220825,002,1795
1172.7345,1172.7709,68437,81219,Rhinolophus ferrumequinum,0.021,0.021,-1,Echolocation,/mnt/ubna_data_01_mir/recover-20220825/UBNA_002/20220823_033000.WAV,Telephone Field,recover-20220825,002,1795
1172.7435,1172.7807,68437,81731,Rhinolophus ferrumequinum,0.021,0.021,-1,Echolocation,/mnt/ubna_data_01_mir/recover-20220825/UBNA_002/20220823_033000.WAV,Telephone Field,recover-20220825,002,1795
1172.7555,1172.7947,68437,82470,Rhinolophus ferrumequinum,0.021,0.021,-1,Echolocation,/mnt/ubna_data_01_mir/recover-20220825/UBNA_002/20220823_033000.WAV,Telephone Field,recover-20220825,002,1795
1172.8085,1172.847,68437,82666,Rhinolophus ferrumequinum,0.023,0.023,-1,Echolocation,/mnt/ubna_data_01_mir/recover-20220825/UBNA_002/20220823_033000.WAV,Telephone Field,recover-20220825,002,1795
1172.8375,1172.8802,68437,83031,Rhinolophus ferrumequinum,0.023,0.023,-1,Echolocation,/mnt/ubna_data_01_mir/recover-20220825/UBNA_002/20220823_033000.WAV,Telephone Field,recover-20220825,002,1795
1172.8455,1172.8845,68437,82260,Rhinolophus ferrumequinum,0.023,0.023,-1,Echolocation,/mnt/ubna_data_01_mir/recover-20220825/UBNA_002/20220823_033000.WAV,Telephone Field,recover-20220825,002,1795
1172.8835,1172.9215,68437,81757,Rhinolophus ferrumequinum,0.024,0.024,-1,Echolocation,/mnt/ubna_data_01_mir/recover-20220825/UBNA_002/20220823_033000.WAV,Telephone Field,recover-20220825,002,1795
1172.8895,1172.9262,68437,82164,Rhinolophus ferrumequinum,0.022,0.022,-1,Echolocation,/mnt/ubna_data_01_mir/recover-20220825/UBNA_002/20220823_033000.WAV,Telephone Field,recover-20220825,002,1795
1172.9195,1172.9583,68437,82273,Rhinolophus ferrumequinum,0.021,0.021,-1,Echolocation,/mnt/ubna_data_01_mir/recover-20220825/UBNA_002/20220823_033000.WAV,Telephone Field,recover-20220825,002,1795
1172.9525,1172.9624,28046,36240,Eptesicus serotinus,0.011,0.023,-1,Echolocation,/mnt/ubna_data_01_mir/recover-20220825/UBNA_002/20220823_033000.WAV,Telephone Field,recover-20220825,002,1795
1172.9715,1172.9781,27187,37696,Eptesicus serotinus,0.005,0.023,-1,Echolocation,/mnt/ubna_data_01_mir/recover-20220825/UBNA_002/20220823_033000.WAV,Telephone Field,recover-20220825,002,1795
1172.9785,1173.0156,68437,82193,Rhinolophus ferrumequinum,0.022,0.022,-1,Echolocation,/mnt/ubna_data_01_mir/recover-20220825/UBNA_002/20220823_033000.WAV,Telephone Field,recover-20220825,002,1795
1172.9875,1173.027,68437,82258,Rhinolophus ferrumequinum,0.021,0.021,-1,Echolocation,/mnt/ubna_data_01_mir/recover-20220825/UBNA_002/20220823_033000.WAV,Telephone Field,recover-20220825,002,1795
1173.0205,1173.0547,68437,81430,Rhinolophus ferrumequinum,0.024,0.024,-1,Echolocation,/mnt/ubna_data_01_mir/recover-20220825/UBNA_002/20220823_033000.WAV,Telephone Field,recover-20220825,002,1795
1173.0345,1173.0436,28046,37909,Eptesicus serotinus,0.008,0.023,-1,Echolocation,/mnt/ubna_data_01_mir/recover-20220825/UBNA_002/20220823_033000.WAV,Telephone Field,recover-20220825,002,1795
1173.0705,1173.079,27187,39863,Eptesicus serotinus,0.008,0.023,-1,Echolocation,/mnt/ubna_data_01_mir/recover-20220825/UBNA_002/20220823_033000.WAV,Telephone Field,recover-20220825,002,1795
1173.1305,1173.1703,68437,82351,Rhinolophus ferrumequinum,0.022,0.022,-1,Echolocation,/mnt/ubna_data_01_mir/recover-20220825/UBNA_002/20220823_033000.WAV,Telephone Field,recover-20220825,002,1795
1173.1565,1173.1994,68437,82823,Rhinolophus ferrumequinum,0.027,0.027,-1,Echolocation,/mnt/ubna_data_01_mir/recover-20220825/UBNA_002/20220823_033000.WAV,Telephone Field,recover-20220825,002,1795
1173.1635,1173.2004,68437,82560,Rhinolophus ferrumequinum,0.028,0.028,-1,Echolocation,/mnt/ubna_data_01_mir/recover-20220825/UBNA_002/20220823_033000.WAV,Telephone Field,recover-20220825,002,1795
1173.2045,1173.2158,28046,35710,Eptesicus serotinus,0.013,0.026,-1,Echolocation,/mnt/ubna_data_01_mir/recover-20220825/UBNA_002/20220823_033000.WAV,Telephone Field,recover-20220825,002,1795
1173.2145,1173.2261,22890,28254,Nyctalus leisleri,0.01,0.021,-1,Echolocation,/mnt/ubna_data_01_mir/recover-20220825/UBNA_002/20220823_033000.WAV,Telephone Field,recover-20220825,002,1795
1173.2575,1173.2995,68437,83205,Rhinolophus ferrumequinum,0.044,0.044,-1,Echolocation,/mnt/ubna_data_01_mir/recover-20220825/UBNA_002/20220823_033000.WAV,Telephone Field,recover-20220825,002,1795
1173.2745,1173.314,68437,82396,Rhinolophus ferrumequinum,0.022,0.022,-1,Echolocation,/mnt/ubna_data_01_mir/recover-20220825/UBNA_002/20220823_033000.WAV,Telephone Field,recover-20220825,002,1795
1173.2825,1173.2924,27187,34072,Eptesicus serotinus,0.01,0.023,-1,Echolocation,/mnt/ubna_data_01_mir/recover-20220825/UBNA_002/20220823_033000.WAV,Telephone Field,recover-20220825,002,1795
1173.3145,1173.3232,28046,36139,Eptesicus serotinus,0.013,0.027,-1,Echolocation,/mnt/ubna_data_01_mir/recover-20220825/UBNA_002/20220823_033000.WAV,Telephone Field,recover-20220825,002,1795
1173.3195,1173.3587,68437,82352,Rhinolophus ferrumequinum,0.023,0.023,-1,Echolocation,/mnt/ubna_data_01_mir/recover-20220825/UBNA_002/20220823_033000.WAV,Telephone Field,recover-20220825,002,1795
1173.3495,1173.3572,28046,37516,Eptesicus serotinus,0.007,0.023,-1,Echolocation,/mnt/ubna_data_01_mir/recover-20220825/UBNA_002/20220823_033000.WAV,Telephone Field,recover-20220825,002,1795
1173.3565,1173.397,68437,82663,Rhinolophus ferrumequinum,0.023,0.023,-1,Echolocation,/mnt/ubna_data_01_mir/recover-20220825/UBNA_002/20220823_033000.WAV,Telephone Field,recover-20220825,002,1795
1173.3765,1173.4144,68437,82099,Rhinolophus ferrumequinum,0.022,0.022,-1,Echolocation,/mnt/ubna_data_01_mir/recover-20220825/UBNA_002/20220823_033000.WAV,Telephone Field,recover-20220825,002,1795
1173.3775,1173.3864,23750,31031,Plecotus austriacus,0.008,0.024,-1,Echolocation,/mnt/ubna_data_01_mir/recover-20220825/UBNA_002/20220823_033000.WAV,Telephone Field,recover-20220825,002,1795
1173.4025,1173.4403,68437,82076,Rhinolophus ferrumequinum,0.024,0.024,-1,Echolocation,/mnt/ubna_data_01_mir/recover-20220825/UBNA_002/20220823_033000.WAV,Telephone Field,recover-20220825,002,1795
1173.4025,1173.4098,25468,38362,Myotis nattereri,0.005,0.022,-1,Echolocation,/mnt/ubna_data_01_mir/recover-20220825/UBNA_002/20220823_033000.WAV,Telephone Field,recover-20220825,002,1795
1173.4165,1173.4555,68437,82216,Rhinolophus ferrumequinum,0.023,0.023,-1,Echolocation,/mnt/ubna_data_01_mir/recover-20220825/UBNA_002/20220823_033000.WAV,Telephone Field,recover-20220825,002,1795
1173.4215,1173.4587,68437,82624,Rhinolophus ferrumequinum,0.023,0.023,-1,Echolocation,/mnt/ubna_data_01_mir/recover-20220825/UBNA_002/20220823_033000.WAV,Telephone Field,recover-20220825,002,1795
1173.4315,1173.439,28906,37022,Eptesicus serotinus,0.006,0.023,-1,Echolocation,/mnt/ubna_data_01_mir/recover-20220825/UBNA_002/20220823_033000.WAV,Telephone Field,recover-20220825,002,1795
1173.4565,1173.4945,68437,81440,Rhinolophus ferrumequinum,0.022,0.023,-1,Echolocation,/mnt/ubna_data_01_mir/recover-20220825/UBNA_002/20220823_033000.WAV,Telephone Field,recover-20220825,002,1795
1173.4645,1173.4727,28046,37836,Eptesicus serotinus,0.007,0.022,-1,Echolocation,/mnt/ubna_data_01_mir/recover-20220825/UBNA_002/20220823_033000.WAV,Telephone Field,recover-20220825,002,1795
1173.4985,1173.5346,68437,81851,Rhinolophus ferrumequinum,0.022,0.022,-1,Echolocation,/mnt/ubna_data_01_mir/recover-20220825/UBNA_002/20220823_033000.WAV,Telephone Field,recover-20220825,002,1795
1173.5075,1173.5184,22890,28894,Nyctalus leisleri,0.012,0.028,-1,Echolocation,/mnt/ubna_data_01_mir/recover-20220825/UBNA_002/20220823_033000.WAV,Telephone Field,recover-20220825,002,1795
1173.5465,1173.5562,28046,37984,Eptesicus serotinus,0.009,0.021,-1,Echolocation,/mnt/ubna_data_01_mir/recover-20220825/UBNA_002/20220823_033000.WAV,Telephone Field,recover-20220825,002,1795
1173.5485,1173.589,68437,82221,Rhinolophus ferrumequinum,0.026,0.026,-1,Echolocation,/mnt/ubna_data_01_mir/recover-20220825/UBNA_002/20220823_033000.WAV,Telephone Field,recover-20220825,002,1795
1173.6035,1173.6465,68437,82710,Rhinolophus ferrumequinum,0.032,0.032,-1,Echolocation,/mnt/ubna_data_01_mir/recover-20220825/UBNA_002/20220823_033000.WAV,Telephone Field,recover-20220825,002,1795
1173.6485,1173.6911,68437,82780,Rhinolophus ferrumequinum,0.03,0.03,-1,Echolocation,/mnt/ubna_data_01_mir/recover-20220825/UBNA_002/20220823_033000.WAV,Telephone Field,recover-20220825,002,1795
1173.6845,1173.6928,28906,38870,Eptesicus serotinus,0.007,0.021,-1,Echolocation,/mnt/ubna_data_01_mir/recover-20220825/UBNA_002/20220823_033000.WAV,Telephone Field,recover-20220825,002,1795
1173.7195,1173.7584,68437,81863,Rhinolophus ferrumequinum,0.024,0.024,-1,Echolocation,/mnt/ubna_data_01_mir/recover-20220825/UBNA_002/20220823_033000.WAV,Telephone Field,recover-20220825,002,1795
1173.7295,1173.7677,68437,82457,Rhinolophus ferrumequinum,0.024,0.024,-1,Echolocation,/mnt/ubna_data_01_mir/recover-20220825/UBNA_002/20220823_033000.WAV,Telephone Field,recover-20220825,002,1795
1173.7315,1173.7389,24609,33715,Plecotus austriacus,0.007,0.022,-1,Echolocation,/mnt/ubna_data_01_mir/recover-20220825/UBNA_002/20220823_033000.WAV,Telephone Field,recover-20220825,002,1795
1173.7425,1173.7825,68437,82211,Rhinolophus ferrumequinum,0.022,0.022,-1,Echolocation,/mnt/ubna_data_01_mir/recover-20220825/UBNA_002/20220823_033000.WAV,Telephone Field,recover-20220825,002,1795
1173.7435,1173.7552,31484,38280,Eptesicus serotinus,0.007,0.023,-1,Echolocation,/mnt/ubna_data_01_mir/recover-20220825/UBNA_002/20220823_033000.WAV,Telephone Field,recover-20220825,002,1795
1173.7535,1173.7686,14296,18828,Nyctalus noctula,0.014,0.022,-1,Echolocation,/mnt/ubna_data_01_mir/recover-20220825/UBNA_002/20220823_033000.WAV,Telephone Field,recover-20220825,002,1795
1173.7585,1173.7986,68437,82352,Rhinolophus ferrumequinum,0.022,0.022,-1,Echolocation,/mnt/ubna_data_01_mir/recover-20220825/UBNA_002/20220823_033000.WAV,Telephone Field,recover-20220825,002,1795
1173.7765,1173.8151,68437,82266,Rhinolophus ferrumequinum,0.024,0.024,-1,Echolocation,/mnt/ubna_data_01_mir/recover-20220825/UBNA_002/20220823_033000.WAV,Telephone Field,recover-20220825,002,1795
1173.8375,1173.8432,49531,56456,Pipistrellus pipistrellus,0.023,0.024,-1,Echolocation,/mnt/ubna_data_01_mir/recover-20220825/UBNA_002/20220823_033000.WAV,Telephone Field,recover-20220825,002,1795
1173.8385,1173.8751,68437,81317,Rhinolophus ferrumequinum,0.022,0.022,-1,Echolocation,/mnt/ubna_data_01_mir/recover-20220825/UBNA_002/20220823_033000.WAV,Telephone Field,recover-20220825,002,1795
1173.8585,1173.8684,22890,29934,Nyctalus leisleri,0.008,0.028,-1,Echolocation,/mnt/ubna_data_01_mir/recover-20220825/UBNA_002/20220823_033000.WAV,Telephone Field,recover-20220825,002,1795
1173.9015,1173.9422,68437,82161,Rhinolophus ferrumequinum,0.022,0.022,-1,Echolocation,/mnt/ubna_data_01_mir/recover-20220825/UBNA_002/20220823_033000.WAV,Telephone Field,recover-20220825,002,1795
1173.9065,1173.9184,27187,34199,Eptesicus serotinus,0.019,0.039,-1,Echolocation,/mnt/ubna_data_01_mir/recover-20220825/UBNA_002/20220823_033000.WAV,Telephone Field,recover-20220825,002,1795
1173.9195,1173.9583,68437,82011,Rhinolophus ferrumequinum,0.022,0.022,-1,Echolocation,/mnt/ubna_data_01_mir/recover-20220825/UBNA_002/20220823_033000.WAV,Telephone Field,recover-20220825,002,1795
1173.9495,1173.9848,68437,81739,Rhinolophus ferrumequinum,0.021,0.021,-1,Echolocation,/mnt/ubna_data_01_mir/recover-20220825/UBNA_002/20220823_033000.WAV,Telephone Field,recover-20220825,002,1795
1173.9585,1173.9976,68437,82304,Rhinolophus ferrumequinum,0.023,0.023,-1,Echolocation,/mnt/ubna_data_01_mir/recover-20220825/UBNA_002/20220823_033000.WAV,Telephone Field,recover-20220825,002,1795
1173.9595,1173.9664,28046,40700,Eptesicus serotinus,0.006,0.024,-1,Echolocation,/mnt/ubna_data_01_mir/recover-20220825/UBNA_002/20220823_033000.WAV,Telephone Field,recover-20220825,002,1795
1173.9895,1173.9991,27187,37085,Eptesicus serotinus,0.009,0.023,-1,Echolocation,/mnt/ubna_data_01_mir/recover-20220825/UBNA_002/20220823_033000.WAV,Telephone Field,recover-20220825,002,1795
1174.0015,1174.0361,68437,79695,Rhinolophus ferrumequinum,0.031,0.031,-1,Echolocation,/mnt/ubna_data_01_mir/recover-20220825/UBNA_002/20220823_033000.WAV,Telephone Field,recover-20220825,002,1795
1174.0015,1174.0097,24609,36457,Nyctalus leisleri,0.008,0.035,-1,Echolocation,/mnt/ubna_data_01_mir/recover-20220825/UBNA_002/20220823_033000.WAV,Telephone Field,recover-20220825,002,1795
1174.0075,1174.0158,27187,36641,Eptesicus serotinus,0.009,0.027,-1,Echolocation,/mnt/ubna_data_01_mir/recover-20220825/UBNA_002/20220823_033000.WAV,Telephone Field,recover-20220825,002,1795
1174.0085,1174.0521,68437,82640,Rhinolophus ferrumequinum,0.022,0.022,-1,Echolocation,/mnt/ubna_data_01_mir/recover-20220825/UBNA_002/20220823_033000.WAV,Telephone Field,recover-20220825,002,1795
1174.0465,1174.0549,27187,38801,Eptesicus serotinus,0.009,0.024,-1,Echolocation,/mnt/ubna_data_01_mir/recover-20220825/UBNA_002/20220823_033000.WAV,Telephone Field,recover-20220825,002,1795
1174.1105,1174.1196,27187,40939,Eptesicus serotinus,0.008,0.021,-1,Echolocation,/mnt/ubna_data_01_mir/recover-20220825/UBNA_002/20220823_033000.WAV,Telephone Field,recover-20220825,002,1795
1174.1905,1174.2321,68437,83161,Rhinolophus ferrumequinum,0.023,0.023,-1,Echolocation,/mnt/ubna_data_01_mir/recover-20220825/UBNA_002/20220823_033000.WAV,Telephone Field,recover-20220825,002,1795
1174.2065,1174.2134,23750,32551,Plecotus austriacus,0.012,0.026,-1,Echolocation,/mnt/ubna_data_01_mir/recover-20220825/UBNA_002/20220823_033000.WAV,Telephone Field,recover-20220825,002,1795
1174.2085,1174.247,68437,82661,Rhinolophus ferrumequinum,0.027,0.027,-1,Echolocation,/mnt/ubna_data_01_mir/recover-20220825/UBNA_002/20220823_033000.WAV,Telephone Field,recover-20220825,002,1795
1174.2325,1174.2415,28046,36601,Eptesicus serotinus,0.009,0.023,-1,Echolocation,/mnt/ubna_data_01_mir/recover-20220825/UBNA_002/20220823_033000.WAV,Telephone Field,recover-20220825,002,1795
1174.2645,1174.3028,68437,82267,Rhinolophus ferrumequinum,0.023,0.023,-1,Echolocation,/mnt/ubna_data_01_mir/recover-20220825/UBNA_002/20220823_033000.WAV,Telephone Field,recover-20220825,002,1795
1174.2795,1174.2877,28046,37289,Eptesicus serotinus,0.007,0.023,-1,Echolocation,/mnt/ubna_data_01_mir/recover-20220825/UBNA_002/20220823_033000.WAV,Telephone Field,recover-20220825,002,1795
1174.3245,1174.3348,28046,35933,Eptesicus serotinus,0.012,0.028,-1,Echolocation,/mnt/ubna_data_01_mir/recover-20220825/UBNA_002/20220823_033000.WAV,Telephone Field,recover-20220825,002,1795
1174.3285,1174.3693,68437,82613,Rhinolophus ferrumequinum,0.024,0.024,-1,Echolocation,/mnt/ubna_data_01_mir/recover-20220825/UBNA_002/20220823_033000.WAV,Telephone Field,recover-20220825,002,1795
1174.3465,1174.3837,68437,81795,Rhinolophus ferrumequinum,0.023,0.023,-1,Echolocation,/mnt/ubna_data_01_mir/recover-20220825/UBNA_002/20220823_033000.WAV,Telephone Field,recover-20220825,002,1795
1174.3695,1174.4091,68437,81740,Rhinolophus ferrumequinum,0.022,0.022,-1,Echolocation,/mnt/ubna_data_01_mir/recover-20220825/UBNA_002/20220823_033000.WAV,Telephone Field,recover-20220825,002,1795
1174.3725,1174.3812,28046,36689,Eptesicus serotinus,0.008,0.022,-1,Echolocation,/mnt/ubna_data_01_mir/recover-20220825/UBNA_002/20220823_033000.WAV,Telephone Field,recover-20220825,002,1795
1174.3865,1174.3964,24609,32170,Nyctalus leisleri,0.008,0.025,-1,Echolocation,/mnt/ubna_data_01_mir/recover-20220825/UBNA_002/20220823_033000.WAV,Telephone Field,recover-20220825,002,1795
1174.4325,1174.4386,30625,41304,Myotis daubentonii,0.021,0.045,-1,Echolocation,/mnt/ubna_data_01_mir/recover-20220825/UBNA_002/20220823_033000.WAV,Telephone Field,recover-20220825,002,1795
1174.4345,1174.4732,68437,82233,Rhinolophus ferrumequinum,0.026,0.026,-1,Echolocation,/mnt/ubna_data_01_mir/recover-20220825/UBNA_002/20220823_033000.WAV,Telephone Field,recover-20220825,002,1795
1174.4575,1174.4643,28046,39561,Eptesicus serotinus,0.007,0.026,-1,Echolocation,/mnt/ubna_data_01_mir/recover-20220825/UBNA_002/20220823_033000.WAV,Telephone Field,recover-20220825,002,1795
1174.4855,1174.4946,25468,33604,Eptesicus serotinus,0.008,0.022,-1,Echolocation,/mnt/ubna_data_01_mir/recover-20220825/UBNA_002/20220823_033000.WAV,Telephone Field,recover-20220825,002,1795
1174.5395,1174.5496,22890,28330,Nyctalus leisleri,0.01,0.021,-1,Echolocation,/mnt/ubna_data_01_mir/recover-20220825/UBNA_002/20220823_033000.WAV,Telephone Field,recover-20220825,002,1795
1174.5595,1174.5787,16875,21451,Nyctalus noctula,0.016,0.022,-1,Echolocation,/mnt/ubna_data_01_mir/recover-20220825/UBNA_002/20220823_033000.WAV,Telephone Field,recover-20220825,002,1795
1174.5615,1174.5994,68437,81696,Rhinolophus ferrumequinum,0.023,0.023,-1,Echolocation,/mnt/ubna_data_01_mir/recover-20220825/UBNA_002/20220823_033000.WAV,Telephone Field,recover-20220825,002,1795
1174.6175,1174.6579,68437,82470,Rhinolophus ferrumequinum,0.026,0.026,-1,Echolocation,/mnt/ubna_data_01_mir/recover-20220825/UBNA_002/20220823_033000.WAV,Telephone Field,recover-20220825,002,1795
1174.6245,1174.632,27187,45294,Eptesicus serotinus,0.007,0.022,-1,Echolocation,/mnt/ubna_data_01_mir/recover-20220825/UBNA_002/20220823_033000.WAV,Telephone Field,recover-20220825,002,1795
1174.6255,1174.634,31484,46115,Myotis daubentonii,0.009,0.022,-1,Echolocation,/mnt/ubna_data_01_mir/recover-20220825/UBNA_002/20220823_033000.WAV,Telephone Field,recover-20220825,002,1795
1174.6475,1174.6578,28046,36641,Eptesicus serotinus,0.011,0.027,-1,Echolocation,/mnt/ubna_data_01_mir/recover-20220825/UBNA_002/20220823_033000.WAV,Telephone Field,recover-20220825,002,1795
1174.6495,1174.6589,52968,56931,Pipistrellus pygmaeus,0.019,0.021,-1,Echolocation,/mnt/ubna_data_01_mir/recover-20220825/UBNA_002/20220823_033000.WAV,Telephone Field,recover-20220825,002,1795
1174.6855,1174.7252,68437,82129,Rhinolophus ferrumequinum,0.022,0.022,-1,Echolocation,/mnt/ubna_data_01_mir/recover-20220825/UBNA_002/20220823_033000.WAV,Telephone Field,recover-20220825,002,1795
1174.6905,1174.6989,26328,39196,Eptesicus serotinus,0.008,0.022,-1,Echolocation,/mnt/ubna_data_01_mir/recover-20220825/UBNA_002/20220823_033000.WAV,Telephone Field,recover-20220825,002,1795
1174.7045,1174.7439,68437,82521,Rhinolophus ferrumequinum,0.026,0.026,-1,Echolocation,/mnt/ubna_data_01_mir/recover-20220825/UBNA_002/20220823_033000.WAV,Telephone Field,recover-20220825,002,1795
1174.8085,1174.8471,68437,82420,Rhinolophus ferrumequinum,0.021,0.021,-1,Echolocation,/mnt/ubna_data_01_mir/recover-20220825/UBNA_002/20220823_033000.WAV,Telephone Field,recover-20220825,002,1795
1174.8515,1174.8887,68437,82299,Rhinolophus ferrumequinum,0.027,0.027,-1,Echolocation,/mnt/ubna_data_01_mir/recover-20220825/UBNA_002/20220823_033000.WAV,Telephone Field,recover-20220825,002,1795
1174.8965,1174.9063,28046,36603,Eptesicus serotinus,0.011,0.027,-1,Echolocation,/mnt/ubna_data_01_mir/recover-20220825/UBNA_002/20220823_033000.WAV,Telephone Field,recover-20220825,002,1795
1174.9165,1174.9598,68437,82882,Rhinolophus ferrumequinum,0.038,0.039,-1,Echolocation,/mnt/ubna_data_01_mir/recover-20220825/UBNA_002/20220823_033000.WAV,Telephone Field,recover-20220825,002,1795
1174.9275,1174.9675,68437,82585,Rhinolophus ferrumequinum,0.022,0.022,-1,Echolocation,/mnt/ubna_data_01_mir/recover-20220825/UBNA_002/20220823_033000.WAV,Telephone Field,recover-20220825,002,1795
1174.9315,1174.943,24609,30930,Nyctalus leisleri,0.017,0.042,-1,Echolocation,/mnt/ubna_data_01_mir/recover-20220825/UBNA_002/20220823_033000.WAV,Telephone Field,recover-20220825,002,1795
1174.9365,1174.9748,68437,82592,Rhinolophus ferrumequinum,0.022,0.022,-1,Echolocation,/mnt/ubna_data_01_mir/recover-20220825/UBNA_002/20220823_033000.WAV,Telephone Field,recover-20220825,002,1795
1175.0185,1175.055,68437,81905,Rhinolophus ferrumequinum,0.021,0.021,-1,Echolocation,/mnt/ubna_data_01_mir/recover-20220825/UBNA_002/20220823_033000.WAV,Telephone Field,recover-20220825,002,1795
1175.0415,1175.0522,22890,28119,Nyctalus leisleri,0.011,0.023,-1,Echolocation,/mnt/ubna_data_01_mir/recover-20220825/UBNA_002/20220823_033000.WAV,Telephone Field,recover-20220825,002,1795
1175.0455,1175.0784,68437,80858,Rhinolophus ferrumequinum,0.023,0.023,-1,Echolocation,/mnt/ubna_data_01_mir/recover-20220825/UBNA_002/20220823_033000.WAV,Telephone Field,recover-20220825,002,1795
1175.1295,1175.1681,68437,82306,Rhinolophus ferrumequinum,0.021,0.021,-1,Echolocation,/mnt/ubna_data_01_mir/recover-20220825/UBNA_002/20220823_033000.WAV,Telephone Field,recover-20220825,002,1795
1175.1405,1175.1516,24609,31546,Eptesicus serotinus,0.011,0.029,-1,Echolocation,/mnt/ubna_data_01_mir/recover-20220825/UBNA_002/20220823_033000.WAV,Telephone Field,recover-20220825,002,1795
1175.1535,1175.1907,68437,81518,Rhinolophus ferrumequinum,0.021,0.021,-1,Echolocation,/mnt/ubna_data_01_mir/recover-20220825/UBNA_002/20220823_033000.WAV,Telephone Field,recover-20220825,002,1795
1175.1635,1175.1698,28046,39856,Eptesicus serotinus,0.011,0.044,-1,Echolocation,/mnt/ubna_data_01_mir/recover-20220825/UBNA_002/20220823_033000.WAV,Telephone Field,recover-20220825,002,1795
1175.2195,1175.2575,68437,81798,Rhinolophus ferrumequinum,0.022,0.022,-1,Echolocation,/mnt/ubna_data_01_mir/recover-20220825/UBNA_002/20220823_033000.WAV,Telephone Field,recover-20220825,002,1795
1175.2295,1175.2677,68437,81733,Rhinolophus ferrumequinum,0.022,0.022,-1,Echolocation,/mnt/ubna_data_01_mir/recover-20220825/UBNA_002/20220823_033000.WAV,Telephone Field,recover-20220825,002,1795
1175.2575,1175.2672,49531,54318,Pipistrellus pipistrellus,0.017,0.022,-1,Echolocation,/mnt/ubna_data_01_mir/recover-20220825/UBNA_002/20220823_033000.WAV,Telephone Field,recover-20220825,002,1795
1175.2875,1175.3247,68437,82231,Rhinolophus ferrumequinum,0.025,0.025,-1,Echolocation,/mnt/ubna_data_01_mir/recover-20220825/UBNA_002/20220823_033000.WAV,Telephone Field,recover-20220825,002,1795
1175.3365,1175.3748,68437,82766,Rhinolophus ferrumequinum,0.026,0.026,-1,Echolocation,/mnt/ubna_data_01_mir/recover-20220825/UBNA_002/20220823_033000.WAV,Telephone Field,recover-20220825,002,1795
1175.3475,1175.3866,68437,82447,Rhinolophus ferrumequinum,0.022,0.022,-1,Echolocation,/mnt/ubna_data_01_mir/recover-20220825/UBNA_002/20220823_033000.WAV,Telephone Field,recover-20220825,002,1795
1175.3525,1175.3915,68437,82257,Rhinolophus ferrumequinum,0.022,0.022,-1,Echolocation,/mnt/ubna_data_01_mir/recover-20220825/UBNA_002/20220823_033000.WAV,Telephone Field,recover-20220825,002,1795
1175.4045,1175.4124,27187,38134,Eptesicus serotinus,0.006,0.021,-1,Echolocation,/mnt/ubna_data_01_mir/recover-20220825/UBNA_002/20220823_033000.WAV,Telephone Field,recover-20220825,002,1795
1175.4105,1175.4525,68437,83468,Rhinolophus ferrumequinum,0.033,0.033,-1,Echolocation,/mnt/ubna_data_01_mir/recover-20220825/UBNA_002/20220823_033000.WAV,Telephone Field,recover-20220825,002,1795
1175.4365,1175.4748,68437,82220,Rhinolophus ferrumequinum,0.024,0.024,-1,Echolocation,/mnt/ubna_data_01_mir/recover-20220825/UBNA_002/20220823_033000.WAV,Telephone Field,recover-20220825,002,1795
1175.4385,1175.4493,22890,28816,Nyctalus leisleri,0.013,0.027,-1,Echolocation,/mnt/ubna_data_01_mir/recover-20220825/UBNA_002/20220823_033000.WAV,Telephone Field,recover-20220825,002,1795
1175.4475,1175.4557,28046,37241,Eptesicus serotinus,0.008,0.021,-1,Echolocation,/mnt/ubna_data_01_mir/recover-20220825/UBNA_002/20220823_033000.WAV,Telephone Field,recover-20220825,002,1795
1175.4605,1175.4993,68437,82385,Rhinolophus ferrumequinum,0.025,0.025,-1,Echolocation,/mnt/ubna_data_01_mir/recover-20220825/UBNA_002/20220823_033000.WAV,Telephone Field,recover-20220825,002,1795
1175.5035,1175.5101,27187,40737,Myotis daubentonii,0.005,0.024,-1,Echolocation,/mnt/ubna_data_01_mir/recover-20220825/UBNA_002/20220823_033000.WAV,Telephone Field,recover-20220825,002,1795
1175.5195,1175.5577,68437,82033,Rhinolophus ferrumequinum,0.023,0.023,-1,Echolocation,/mnt/ubna_data_01_mir/recover-20220825/UBNA_002/20220823_033000.WAV,Telephone Field,recover-20220825,002,1795
1175.5315,1175.5388,28046,39208,Eptesicus serotinus,0.006,0.022,-1,Echolocation,/mnt/ubna_data_01_mir/recover-20220825/UBNA_002/20220823_033000.WAV,Telephone Field,recover-20220825,002,1795
1175.5735,1175.6147,68437,83010,Rhinolophus ferrumequinum,0.026,0.026,-1,Echolocation,/mnt/ubna_data_01_mir/recover-20220825/UBNA_002/20220823_033000.WAV,Telephone Field,recover-20220825,002,1795
1175.6185,1175.6278,40078,46549,Barbastellus barbastellus,0.008,0.026,-1,Echolocation,/mnt/ubna_data_01_mir/recover-20220825/UBNA_002/20220823_033000.WAV,Telephone Field,recover-20220825,002,1795
1175.6395,1175.6788,68437,82396,Rhinolophus ferrumequinum,0.025,0.025,-1,Echolocation,/mnt/ubna_data_01_mir/recover-20220825/UBNA_002/20220823_033000.WAV,Telephone Field,recover-20220825,002,1795
1175.6935,1175.7344,68437,82704,Rhinolophus ferrumequinum,0.028,0.028,-1,Echolocation,/mnt/ubna_data_01_mir/recover-20220825/UBNA_002/20220823_033000.WAV,Telephone Field,recover-20220825,002,1795
1175.7195,1175.7267,27187,39617,Eptesicus serotinus,0.007,0.023,-1,Echolocation,/mnt/ubna_data_01_mir/recover-20220825/UBNA_002/20220823_033000.WAV,Telephone Field,recover-20220825,002,1795
1175.7195,1175.7582,68437,82087,Rhinolophus ferrumequinum,0.023,0.023,-1,Echolocation,/mnt/ubna_data_01_mir/recover-20220825/UBNA_002/20220823_033000.WAV,Telephone Field,recover-20220825,002,1795
1175.7295,1175.7679,68437,82245,Rhinolophus ferrumequinum,0.03,0.03,-1,Echolocation,/mnt/ubna_data_01_mir/recover-20220825/UBNA_002/20220823_033000.WAV,Telephone Field,recover-20220825,002,1795
1175.7645,1175.7767,22890,28053,Nyctalus leisleri,0.011,0.024,-1,Echolocation,/mnt/ubna_data_01_mir/recover-20220825/UBNA_002/20220823_033000.WAV,Telephone Field,recover-20220825,002,1795
1175.8115,1175.8194,28046,40184,Eptesicus serotinus,0.008,0.025,-1,Echolocation,/mnt/ubna_data_01_mir/recover-20220825/UBNA_002/20220823_033000.WAV,Telephone Field,recover-20220825,002,1795
1175.8185,1175.8583,68437,82345,Rhinolophus ferrumequinum,0.026,0.026,-1,Echolocation,/mnt/ubna_data_01_mir/recover-20220825/UBNA_002/20220823_033000.WAV,Telephone Field,recover-20220825,002,1795
1175.8445,1175.8597,22890,27599,Nyctalus leisleri,0.02,0.037,-1,Echolocation,/mnt/ubna_data_01_mir/recover-20220825/UBNA_002/20220823_033000.WAV,Telephone Field,recover-20220825,002,1795
1175.8545,1175.8943,68437,82155,Rhinolophus ferrumequinum,0.022,0.022,-1,Echolocation,/mnt/ubna_data_01_mir/recover-20220825/UBNA_002/20220823_033000.WAV,Telephone Field,recover-20220825,002,1795
1175.8825,1175.9237,68437,83271,Rhinolophus ferrumequinum,0.031,0.031,-1,Echolocation,/mnt/ubna_data_01_mir/recover-20220825/UBNA_002/20220823_033000.WAV,Telephone Field,recover-20220825,002,1795
1175.8895,1175.8991,23750,30653,Nyctalus leisleri,0.008,0.022,-1,Echolocation,/mnt/ubna_data_01_mir/recover-20220825/UBNA_002/20220823_033000.WAV,Telephone Field,recover-20220825,002,1795
1175.9105,1175.9521,68437,82853,Rhinolophus ferrumequinum,0.025,0.025,-1,Echolocation,/mnt/ubna_data_01_mir/recover-20220825/UBNA_002/20220823_033000.WAV,Telephone Field,recover-20220825,002,1795
1175.9115,1175.9214,24609,29876,Nyctalus leisleri,0.011,0.026,-1,Echolocation,/mnt/ubna_data_01_mir/recover-20220825/UBNA_002/20220823_033000.WAV,Telephone Field,recover-20220825,002,1795
1175.9235,1175.9622,68437,81568,Rhinolophus ferrumequinum,0.021,0.021,-1,Echolocation,/mnt/ubna_data_01_mir/recover-20220825/UBNA_002/20220823_033000.WAV,Telephone Field,recover-20220825,002,1795
1175.9405,1175.9789,68437,81466,Rhinolophus ferrumequinum,0.021,0.021,-1,Echolocation,/mnt/ubna_data_01_mir/recover-20220825/UBNA_002/20220823_033000.WAV,Telephone Field,recover-20220825,002,1795
1175.9415,1175.9579,15156,20827,Nyctalus noctula,0.031,0.039,-1,Echolocation,/mnt/ubna_data_01_mir/recover-20220825/UBNA_002/20220823_033000.WAV,Telephone Field,recover-20220825,002,1795
1175.9465,1175.9838,68437,80874,Rhinolophus ferrumequinum,0.023,0.023,-1,Echolocation,/mnt/ubna_data_01_mir/recover-20220825/UBNA_002/20220823_033000.WAV,Telephone Field,recover-20220825,002,1795
1175.9515,1175.9603,26328,35617,Eptesicus serotinus,0.008,0.021,-1,Echolocation,/mnt/ubna_data_01_mir/recover-20220825/UBNA_002/20220823_033000.WAV,Telephone Field,recover-20220825,002,1795
1175.9615,1175.9989,68437,81950,Rhinolophus ferrumequinum,0.021,0.021,-1,Echolocation,/mnt/ubna_data_01_mir/recover-20220825/UBNA_002/20220823_033000.WAV,Telephone Field,recover-20220825,002,1795
1176.0015,1176.0128,19453,24613,Nyctalus noctula,0.009,0.026,-1,Echolocation,/mnt/ubna_data_01_mir/recover-20220825/UBNA_002/20220823_033000.WAV,Telephone Field,recover-20220825,002,1795
1176.0015,1176.0352,68437,79855,Rhinolophus ferrumequinum,0.056,0.057,-1,Echolocation,/mnt/ubna_data_01_mir/recover-20220825/UBNA_002/20220823_033000.WAV,Telephone Field,recover-20220825,002,1795
1176.0085,1176.0516,68437,82883,Rhinolophus ferrumequinum,0.023,0.023,-1,Echolocation,/mnt/ubna_data_01_mir/recover-20220825/UBNA_002/20220823_033000.WAV,Telephone Field,recover-20220825,002,1795
1176.0625,1176.0692,34062,50414,Myotis daubentonii,0.01,0.022,-1,Echolocation,/mnt/ubna_data_01_mir/recover-20220825/UBNA_002/20220823_033000.WAV,Telephone Field,recover-20220825,002,1795
1176.0715,1176.0803,43515,46316,Pipistrellus pipistrellus,0.047,0.055,-1,Echolocation,/mnt/ubna_data_01_mir/recover-20220825/UBNA_002/20220823_033000.WAV,Telephone Field,recover-20220825,002,1795
1176.0755,1176.114,68437,82228,Rhinolophus ferrumequinum,0.023,0.023,-1,Echolocation,/mnt/ubna_data_01_mir/recover-20220825/UBNA_002/20220823_033000.WAV,Telephone Field,recover-20220825,002,1795
1176.1015,1176.1086,56406,61490,Pipistrellus pygmaeus,0.024,0.024,-1,Echolocation,/mnt/ubna_data_01_mir/recover-20220825/UBNA_002/20220823_033000.WAV,Telephone Field,recover-20220825,002,1795
1176.1635,1176.1708,27187,39646,Eptesicus serotinus,0.007,0.022,-1,Echolocation,/mnt/ubna_data_01_mir/recover-20220825/UBNA_002/20220823_033000.WAV,Telephone Field,recover-20220825,002,1795
1176.1865,1176.1947,28046,36760,Eptesicus serotinus,0.008,0.024,-1,Echolocation,/mnt/ubna_data_01_mir/recover-20220825/UBNA_002/20220823_033000.WAV,Telephone Field,recover-20220825,002,1795
1176.2355,1176.2776,68437,82998,Rhinolophus ferrumequinum,0.028,0.028,-1,Echolocation,/mnt/ubna_data_01_mir/recover-20220825/UBNA_002/20220823_033000.WAV,Telephone Field,recover-20220825,002,1795
1176.2585,1176.296,68437,81475,Rhinolophus ferrumequinum,0.023,0.023,-1,Echolocation,/mnt/ubna_data_01_mir/recover-20220825/UBNA_002/20220823_033000.WAV,Telephone Field,recover-20220825,002,1795
1176.2815,1176.2903,28046,37219,Eptesicus serotinus,0.009,0.025,-1,Echolocation,/mnt/ubna_data_01_mir/recover-20220825/UBNA_002/20220823_033000.WAV,Telephone Field,recover-20220825,002,1795
1176.3435,1176.3513,27187,39254,Eptesicus serotinus,0.013,0.03,-1,Echolocation,/mnt/ubna_data_01_mir/recover-20220825/UBNA_002/20220823_033000.WAV,Telephone Field,recover-20220825,002,1795
1176.3515,1176.3624,28046,33864,Eptesicus serotinus,0.017,0.033,-1,Echolocation,/mnt/ubna_data_01_mir/recover-20220825/UBNA_002/20220823_033000.WAV,Telephone Field,recover-20220825,002,1795
1176.3565,1176.3961,68437,82153,Rhinolophus ferrumequinum,0.027,0.027,-1,Echolocation,/mnt/ubna_data_01_mir/recover-20220825/UBNA_002/20220823_033000.WAV,Telephone Field,recover-20220825,002,1795
1176.3775,1176.4147,68437,81875,Rhinolophus ferrumequinum,0.025,0.025,-1,Echolocation,/mnt/ubna_data_01_mir/recover-20220825/UBNA_002/20220823_033000.WAV,Telephone Field,recover-20220825,002,1795
1176.3795,1176.4001,20312,23148,Nyctalus leisleri,0.03,0.054,-1,Echolocation,/mnt/ubna_data_01_mir/recover-20220825/UBNA_002/20220823_033000.WAV,Telephone Field,recover-20220825,002,1795
1176.3935,1176.401,28046,39883,Eptesicus serotinus,0.007,0.023,-1,Echolocation,/mnt/ubna_data_01_mir/recover-20220825/UBNA_002/20220823_033000.WAV,Telephone Field,recover-20220825,002,1795
1176.4915,1176.4994,28046,39460,Eptesicus serotinus,0.008,0.023,-1,Echolocation,/mnt/ubna_data_01_mir/recover-20220825/UBNA_002/20220823_033000.WAV,Telephone Field,recover-20220825,002,1795
1176.5185,1176.5554,68437,81489,Rhinolophus ferrumequinum,0.024,0.024,-1,Echolocation,/mnt/ubna_data_01_mir/recover-20220825/UBNA_002/20220823_033000.WAV,Telephone Field,recover-20220825,002,1795
1176.5465,1176.5836,68437,81692,Rhinolophus ferrumequinum,0.022,0.023,-1,Echolocation,/mnt/ubna_data_01_mir/recover-20220825/UBNA_002/20220823_033000.WAV,Telephone Field,recover-20220825,002,1795
1176.5965,1176.6085,43515,46941,Pipistrellus pipistrellus,0.042,0.055,-1,Echolocation,/mnt/ubna_data_01_mir/recover-20220825/UBNA_002/20220823_033000.WAV,Telephone Field,recover-20220825,002,1795
1176.5995,1176.6385,68437,82423,Rhinolophus ferrumequinum,0.027,0.027,-1,Echolocation,/mnt/ubna_data_01_mir/recover-20220825/UBNA_002/20220823_033000.WAV,Telephone Field,recover-20220825,002,1795
1176.6095,1176.6263,22031,26105,Nyctalus leisleri,0.027,0.052,-1,Echolocation,/mnt/ubna_data_01_mir/recover-20220825/UBNA_002/20220823_033000.WAV,Telephone Field,recover-20220825,002,1795
1176.6245,1176.6331,28046,38399,Eptesicus serotinus,0.009,0.024,-1,Echolocation,/mnt/ubna_data_01_mir/recover-20220825/UBNA_002/20220823_033000.WAV,Telephone Field,recover-20220825,002,1795
1176.6305,1176.6388,28906,38717,Eptesicus serotinus,0.008,0.025,-1,Echolocation,/mnt/ubna_data_01_mir/recover-20220825/UBNA_002/20220823_033000.WAV,Telephone Field,recover-20220825,002,1795
1176.6605,1176.6975,68437,80824,Rhinolophus ferrumequinum,0.022,0.022,-1,Echolocation,/mnt/ubna_data_01_mir/recover-20220825/UBNA_002/20220823_033000.WAV,Telephone Field,recover-20220825,002,1795
1176.7535,1176.7639,46953,54451,Pipistrellus pipistrellus,0.021,0.026,-1,Echolocation,/mnt/ubna_data_01_mir/recover-20220825/UBNA_002/20220823_033000.WAV,Telephone Field,recover-20220825,002,1795
1176.7995,1176.8095,32343,39465,Barbastellus barbastellus,0.01,0.026,-1,Echolocation,/mnt/ubna_data_01_mir/recover-20220825/UBNA_002/20220823_033000.WAV,Telephone Field,recover-20220825,002,1795
1176.8155,1176.8515,68437,81412,Rhinolophus ferrumequinum,0.024,0.025,-1,Echolocation,/mnt/ubna_data_01_mir/recover-20220825/UBNA_002/20220823_033000.WAV,Telephone Field,recover-20220825,002,1795
1176.8195,1176.8272,28046,40191,Eptesicus serotinus,0.007,0.022,-1,Echolocation,/mnt/ubna_data_01_mir/recover-20220825/UBNA_002/20220823_033000.WAV,Telephone Field,recover-20220825,002,1795
1176.8685,1176.9113,68437,83190,Rhinolophus ferrumequinum,0.047,0.047,-1,Echolocation,/mnt/ubna_data_01_mir/recover-20220825/UBNA_002/20220823_033000.WAV,Telephone Field,recover-20220825,002,1795
1176.9165,1176.9259,27187,35873,Eptesicus serotinus,0.012,0.027,-1,Echolocation,/mnt/ubna_data_01_mir/recover-20220825/UBNA_002/20220823_033000.WAV,Telephone Field,recover-20220825,002,1795
1176.9865,1176.9979,39218,42745,Pipistrellus nathusii,0.021,0.028,-1,Echolocation,/mnt/ubna_data_01_mir/recover-20220825/UBNA_002/20220823_033000.WAV,Telephone Field,recover-20220825,002,1795
1177.0165,1177.0521,68437,81923,Rhinolophus ferrumequinum,0.028,0.028,-1,Echolocation,/mnt/ubna_data_01_mir/recover-20220825/UBNA_002/20220823_033000.WAV,Telephone Field,recover-20220825,002,1795
1177.0365,1177.0445,28906,40813,Eptesicus serotinus,0.007,0.022,-1,Echolocation,/mnt/ubna_data_01_mir/recover-20220825/UBNA_002/20220823_033000.WAV,Telephone Field,recover-20220825,002,1795
1177.1345,1177.1424,27187,37614,Eptesicus serotinus,0.007,0.024,-1,Echolocation,/mnt/ubna_data_01_mir/recover-20220825/UBNA_002/20220823_033000.WAV,Telephone Field,recover-20220825,002,1795
1177.1465,1177.1871,68437,83173,Rhinolophus ferrumequinum,0.03,0.03,-1,Echolocation,/mnt/ubna_data_01_mir/recover-20220825/UBNA_002/20220823_033000.WAV,Telephone Field,recover-20220825,002,1795
1177.1525,1177.1618,28046,36683,Eptesicus serotinus,0.01,0.024,-1,Echolocation,/mnt/ubna_data_01_mir/recover-20220825/UBNA_002/20220823_033000.WAV,Telephone Field,recover-20220825,002,1795
1177.1875,1177.2249,68437,82103,Rhinolophus ferrumequinum,0.025,0.025,-1,Echolocation,/mnt/ubna_data_01_mir/recover-20220825/UBNA_002/20220823_033000.WAV,Telephone Field,recover-20220825,002,1795
1177.1905,1177.2007,27187,35284,Eptesicus serotinus,0.014,0.027,-1,Echolocation,/mnt/ubna_data_01_mir/recover-20220825/UBNA_002/20220823_033000.WAV,Telephone Field,recover-20220825,002,1795
1177.2145,1177.2248,44375,49756,Pipistrellus pipistrellus,0.027,0.04,-1,Echolocation,/mnt/ubna_data_01_mir/recover-20220825/UBNA_002/20220823_033000.WAV,Telephone Field,recover-20220825,002,1795
1177.2365,1177.2791,68437,82959,Rhinolophus ferrumequinum,0.028,0.028,-1,Echolocation,/mnt/ubna_data_01_mir/recover-20220825/UBNA_002/20220823_033000.WAV,Telephone Field,recover-20220825,002,1795
1177.2515,1177.2608,39218,44175,Pipistrellus nathusii,0.061,0.081,-1,Echolocation,/mnt/ubna_data_01_mir/recover-20220825/UBNA_002/20220823_033000.WAV,Telephone Field,recover-20220825,002,1795
1177.2545,1177.2627,27187,36914,Eptesicus serotinus,0.008,0.025,-1,Echolocation,/mnt/ubna_data_01_mir/recover-20220825/UBNA_002/20220823_033000.WAV,Telephone Field,recover-20220825,002,1795
1177.2865,1177.3255,68437,82058,Rhinolophus ferrumequinum,0.022,0.023,-1,Echolocation,/mnt/ubna_data_01_mir/recover-20220825/UBNA_002/20220823_033000.WAV,Telephone Field,recover-20220825,002,1795
1177.2955,1177.3067,23750,29438,Nyctalus leisleri,0.01,0.023,-1,Echolocation,/mnt/ubna_data_01_mir/recover-20220825/UBNA_002/20220823_033000.WAV,Telephone Field,recover-20220825,002,1795
1177.3155,1177.3262,24609,32182,Eptesicus serotinus,0.009,0.028,-1,Echolocation,/mnt/ubna_data_01_mir/recover-20220825/UBNA_002/20220823_033000.WAV,Telephone Field,recover-20220825,002,1795
1177.3355,1177.3442,28046,39969,Eptesicus serotinus,0.008,0.023,-1,Echolocation,/mnt/ubna_data_01_mir/recover-20220825/UBNA_002/20220823_033000.WAV,Telephone Field,recover-20220825,002,1795
1177.3485,1177.3619,24609,29932,Nyctalus leisleri,0.015,0.033,-1,Echolocation,/mnt/ubna_data_01_mir/recover-20220825/UBNA_002/20220823_033000.WAV,Telephone Field,recover-20220825,002,1795
1177.3525,1177.3893,68437,82048,Rhinolophus ferrumequinum,0.024,0.024,-1,Echolocation,/mnt/ubna_data_01_mir/recover-20220825/UBNA_002/20220823_033000.WAV,Telephone Field,recover-20220825,002,1795
1177.3555,1177.363,49531,54093,Pipistrellus pipistrellus,0.022,0.024,-1,Echolocation,/mnt/ubna_data_01_mir/recover-20220825/UBNA_002/20220823_033000.WAV,Telephone Field,recover-20220825,002,1795
1177.3855,1177.4238,68437,81577,Rhinolophus ferrumequinum,0.026,0.026,-1,Echolocation,/mnt/ubna_data_01_mir/recover-20220825/UBNA_002/20220823_033000.WAV,Telephone Field,recover-20220825,002,1795
1177.4255,1177.436,27187,34749,Eptesicus serotinus,0.016,0.03,-1,Echolocation,/mnt/ubna_data_01_mir/recover-20220825/UBNA_002/20220823_033000.WAV,Telephone Field,recover-20220825,002,1795
1177.4275,1177.4692,68437,82853,Rhinolophus ferrumequinum,0.026,0.026,-1,Echolocation,/mnt/ubna_data_01_mir/recover-20220825/UBNA_002/20220823_033000.WAV,Telephone Field,recover-20220825,002,1795
1177.4315,1177.4381,42656,55005,Pipistrellus nathusii,0.015,0.04,-1,Echolocation,/mnt/ubna_data_01_mir/recover-20220825/UBNA_002/20220823_033000.WAV,Telephone Field,recover-20220825,002,1795
1177.4585,1177.4674,27187,39388,Eptesicus serotinus,0.008,0.022,-1,Echolocation,/mnt/ubna_data_01_mir/recover-20220825/UBNA_002/20220823_033000.WAV,Telephone Field,recover-20220825,002,1795
1177.5035,1177.5135,22890,28514,Nyctalus leisleri,0.01,0.023,-1,Echolocation,/mnt/ubna_data_01_mir/recover-20220825/UBNA_002/20220823_033000.WAV,Telephone Field,recover-20220825,002,1795
1177.5045,1177.5163,15156,22126,Nyctalus noctula,0.016,0.025,-1,Echolocation,/mnt/ubna_data_01_mir/recover-20220825/UBNA_002/20220823_033000.WAV,Telephone Field,recover-20220825,002,1795
1177.5125,1177.5205,28046,38077,Eptesicus serotinus,0.008,0.022,-1,Echolocation,/mnt/ubna_data_01_mir/recover-20220825/UBNA_002/20220823_033000.WAV,Telephone Field,recover-20220825,002,1795
1177.5255,1177.5353,40937,45197,Pipistrellus nathusii,0.159,0.181,-1,Echolocation,/mnt/ubna_data_01_mir/recover-20220825/UBNA_002/20220823_033000.WAV,Telephone Field,recover-20220825,002,1795
1177.5585,1177.5968,68437,81902,Rhinolophus ferrumequinum,0.023,0.023,-1,Echolocation,/mnt/ubna_data_01_mir/recover-20220825/UBNA_002/20220823_033000.WAV,Telephone Field,recover-20220825,002,1795
1177.6135,1177.6219,26328,35952,Eptesicus serotinus,0.008,0.026,-1,Echolocation,/mnt/ubna_data_01_mir/recover-20220825/UBNA_002/20220823_033000.WAV,Telephone Field,recover-20220825,002,1795
1177.6145,1177.6218,40937,50554,Pipistrellus nathusii,0.462,0.564,-1,Echolocation,/mnt/ubna_data_01_mir/recover-20220825/UBNA_002/20220823_033000.WAV,Telephone Field,recover-20220825,002,1795
1177.6445,1177.652,28046,37412,Eptesicus serotinus,0.007,0.023,-1,Echolocation,/mnt/ubna_data_01_mir/recover-20220825/UBNA_002/20220823_033000.WAV,Telephone Field,recover-20220825,002,1795
1177.6775,1177.6862,28046,39253,Eptesicus serotinus,0.009,0.026,-1,Echolocation,/mnt/ubna_data_01_mir/recover-20220825/UBNA_002/20220823_033000.WAV,Telephone Field,recover-20220825,002,1795
1177.6885,1177.7275,68437,82358,Rhinolophus ferrumequinum,0.024,0.024,-1,Echolocation,/mnt/ubna_data_01_mir/recover-20220825/UBNA_002/20220823_033000.WAV,Telephone Field,recover-20220825,002,1795
1177.7055,1177.7132,41796,47788,Pipistrellus nathusii,0.244,0.359,-1,Echolocation,/mnt/ubna_data_01_mir/recover-20220825/UBNA_002/20220823_033000.WAV,Telephone Field,recover-20220825,002,1795
1177.7235,1177.7652,68437,82735,Rhinolophus ferrumequinum,0.028,0.028,-1,Echolocation,/mnt/ubna_data_01_mir/recover-20220825/UBNA_002/20220823_033000.WAV,Telephone Field,recover-20220825,002,1795
1177.7325,1177.7713,68437,82291,Rhinolophus ferrumequinum,0.023,0.023,-1,Echolocation,/mnt/ubna_data_01_mir/recover-20220825/UBNA_002/20220823_033000.WAV,Telephone Field,recover-20220825,002,1795
1177.7645,1177.8001,68437,81605,Rhinolophus ferrumequinum,0.024,0.024,-1,Echolocation,/mnt/ubna_data_01_mir/recover-20220825/UBNA_002/20220823_033000.WAV,Telephone Field,recover-20220825,002,1795
1177.7795,1177.7997,65859,73986,Pipistrellus pygmaeus,0.024,0.025,-1,Echolocation,/mnt/ubna_data_01_mir/recover-20220825/UBNA_002/20220823_033000.WAV,Telephone Field,recover-20220825,002,1795
1177.7855,1177.8173,68437,81242,Rhinolophus ferrumequinum,0.022,0.022,-1,Echolocation,/mnt/ubna_data_01_mir/recover-20220825/UBNA_002/20220823_033000.WAV,Telephone Field,recover-20220825,002,1795
1177.7935,1177.7999,41796,50174,Pipistrellus nathusii,0.594,0.62,-1,Echolocation,/mnt/ubna_data_01_mir/recover-20220825/UBNA_002/20220823_033000.WAV,Telephone Field,recover-20220825,002,1795
1177.8365,1177.8467,28046,35551,Eptesicus serotinus,0.01,0.024,-1,Echolocation,/mnt/ubna_data_01_mir/recover-20220825/UBNA_002/20220823_033000.WAV,Telephone Field,recover-20220825,002,1795
1177.8775,1177.8844,41796,50301,Pipistrellus nathusii,0.528,0.594,-1,Echolocation,/mnt/ubna_data_01_mir/recover-20220825/UBNA_002/20220823_033000.WAV,Telephone Field,recover-20220825,002,1795
1177.8855,1177.9213,68437,81380,Rhinolophus ferrumequinum,0.022,0.022,-1,Echolocation,/mnt/ubna_data_01_mir/recover-20220825/UBNA_002/20220823_033000.WAV,Telephone Field,recover-20220825,002,1795
1177.9195,1177.9607,68437,82326,Rhinolophus ferrumequinum,0.024,0.024,-1,Echolocation,/mnt/ubna_data_01_mir/recover-20220825/UBNA_002/20220823_033000.WAV,Telephone Field,recover-20220825,002,1795
1177.9255,1177.9434,16875,21083,Nyctalus noctula,0.015,0.022,-1,Echolocation,/mnt/ubna_data_01_mir/recover-20220825/UBNA_002/20220823_033000.WAV,Telephone Field,recover-20220825,002,1795
1177.9565,1177.9663,26328,34849,Eptesicus serotinus,0.012,0.027,-1,Echolocation,/mnt/ubna_data_01_mir/recover-20220825/UBNA_002/20220823_033000.WAV,Telephone Field,recover-20220825,002,1795
1177.9585,1177.997,68437,81774,Rhinolophus ferrumequinum,0.023,0.023,-1,Echolocation,/mnt/ubna_data_01_mir/recover-20220825/UBNA_002/20220823_033000.WAV,Telephone Field,recover-20220825,002,1795
1177.9615,1177.968,41796,48639,Pipistrellus nathusii,0.475,0.525,-1,Echolocation,/mnt/ubna_data_01_mir/recover-20220825/UBNA_002/20220823_033000.WAV,Telephone Field,recover-20220825,002,1795
1178.0015,1178.0103,20312,25667,Nyctalus leisleri,0.01,0.025,-1,Echolocation,/mnt/ubna_data_01_mir/recover-20220825/UBNA_002/20220823_033000.WAV,Telephone Field,recover-20220825,002,1795
1178.0015,1178.0317,68437,80007,Rhinolophus ferrumequinum,0.063,0.064,-1,Echolocation,/mnt/ubna_data_01_mir/recover-20220825/UBNA_002/20220823_033000.WAV,Telephone Field,recover-20220825,002,1795
1178.0015,1178.008,35781,45244,Myotis daubentonii,0.007,0.022,-1,Echolocation,/mnt/ubna_data_01_mir/recover-20220825/UBNA_002/20220823_033000.WAV,Telephone Field,recover-20220825,002,1795
1178.0115,1178.0501,68437,82696,Rhinolophus ferrumequinum,0.024,0.024,-1,Echolocation,/mnt/ubna_data_01_mir/recover-20220825/UBNA_002/20220823_033000.WAV,Telephone Field,recover-20220825,002,1795
1178.0275,1178.0382,23750,29419,Nyctalus leisleri,0.01,0.024,-1,Echolocation,/mnt/ubna_data_01_mir/recover-20220825/UBNA_002/20220823_033000.WAV,Telephone Field,recover-20220825,002,1795
1178.0525,1178.0602,40937,48648,Pipistrellus nathusii,0.554,0.657,-1,Echolocation,/mnt/ubna_data_01_mir/recover-20220825/UBNA_002/20220823_033000.WAV,Telephone Field,recover-20220825,002,1795
1178.0545,1178.0927,68437,81476,Rhinolophus ferrumequinum,0.023,0.023,-1,Echolocation,/mnt/ubna_data_01_mir/recover-20220825/UBNA_002/20220823_033000.WAV,Telephone Field,recover-20220825,002,1795
1178.0745,1178.1144,68437,82403,Rhinolophus ferrumequinum,0.023,0.023,-1,Echolocation,/mnt/ubna_data_01_mir/recover-20220825/UBNA_002/20220823_033000.WAV,Telephone Field,recover-20220825,002,1795
1178.0905,1178.1299,68437,83373,Rhinolophus ferrumequinum,0.026,0.026,-1,Echolocation,/mnt/ubna_data_01_mir/recover-20220825/UBNA_002/20220823_033000.WAV,Telephone Field,recover-20220825,002,1795
1178.1145,1178.1233,27187,36212,Eptesicus serotinus,0.009,0.023,-1,Echolocation,/mnt/ubna_data_01_mir/recover-20220825/UBNA_002/20220823_033000.WAV,Telephone Field,recover-20220825,002,1795
1178.1435,1178.1506,41796,50724,Pipistrellus nathusii,0.418,0.471,-1,Echolocation,/mnt/ubna_data_01_mir/recover-20220825/UBNA_002/20220823_033000.WAV,Telephone Field,recover-20220825,002,1795
1178.1525,1178.1877,68437,80909,Rhinolophus ferrumequinum,0.023,0.023,-1,Echolocation,/mnt/ubna_data_01_mir/recover-20220825/UBNA_002/20220823_033000.WAV,Telephone Field,recover-20220825,002,1795
1178.1585,1178.1669,26328,38863,Eptesicus serotinus,0.01,0.027,-1,Echolocation,/mnt/ubna_data_01_mir/recover-20220825/UBNA_002/20220823_033000.WAV,Telephone Field,recover-20220825,002,1795
1178.2295,1178.2683,68437,82481,Rhinolophus ferrumequinum,0.025,0.025,-1,Echolocation,/mnt/ubna_data_01_mir/recover-20220825/UBNA_002/20220823_033000.WAV,Telephone Field,recover-20220825,002,1795
1178.2345,1178.2425,39218,50172,Pipistrellus nathusii,0.446,0.593,-1,Echolocation,/mnt/ubna_data_01_mir/recover-20220825/UBNA_002/20220823_033000.WAV,Telephone Field,recover-20220825,002,1795
1178.2635,1178.3076,68437,83072,Rhinolophus ferrumequinum,0.056,0.056,-1,Echolocation,/mnt/ubna_data_01_mir/recover-20220825/UBNA_002/20220823_033000.WAV,Telephone Field,recover-20220825,002,1795
1178.3045,1178.3436,68437,82524,Rhinolophus ferrumequinum,0.033,0.033,-1,Echolocation,/mnt/ubna_data_01_mir/recover-20220825/UBNA_002/20220823_033000.WAV,Telephone Field,recover-20220825,002,1795
1178.3265,1178.3344,39218,51085,Pipistrellus nathusii,0.462,0.551,-1,Echolocation,/mnt/ubna_data_01_mir/recover-20220825/UBNA_002/20220823_033000.WAV,Telephone Field,recover-20220825,002,1795
1178.3765,1178.4153,68437,82421,Rhinolophus ferrumequinum,0.024,0.024,-1,Echolocation,/mnt/ubna_data_01_mir/recover-20220825/UBNA_002/20220823_033000.WAV,Telephone Field,recover-20220825,002,1795
1178.3835,1178.3907,28046,40362,Eptesicus serotinus,0.008,0.024,-1,Echolocation,/mnt/ubna_data_01_mir/recover-20220825/UBNA_002/20220823_033000.WAV,Telephone Field,recover-20220825,002,1795
1178.3945,1178.405,37500,42288,Pipistrellus nathusii,0.017,0.027,-1,Echolocation,/mnt/ubna_data_01_mir/recover-20220825/UBNA_002/20220823_033000.WAV,Telephone Field,recover-20220825,002,1795
1178.4165,1178.4241,38359,46510,Pipistrellus nathusii,0.404,0.479,-1,Echolocation,/mnt/ubna_data_01_mir/recover-20220825/UBNA_002/20220823_033000.WAV,Telephone Field,recover-20220825,002,1795
1178.4185,1178.4267,26328,35020,Eptesicus serotinus,0.008,0.023,-1,Echolocation,/mnt/ubna_data_01_mir/recover-20220825/UBNA_002/20220823_033000.WAV,Telephone Field,recover-20220825,002,1795
1178.4205,1178.4564,68437,81472,Rhinolophus ferrumequinum,0.027,0.027,-1,Echolocation,/mnt/ubna_data_01_mir/recover-20220825/UBNA_002/20220823_033000.WAV,Telephone Field,recover-20220825,002,1795
1178.4205,1178.4287,52109,59477,Pipistrellus pygmaeus,0.018,0.023,-1,Echolocation,/mnt/ubna_data_01_mir/recover-20220825/UBNA_002/20220823_033000.WAV,Telephone Field,recover-20220825,002,1795
1178.4245,1178.4354,25468,30921,Eptesicus serotinus,0.009,0.025,-1,Echolocation,/mnt/ubna_data_01_mir/recover-20220825/UBNA_002/20220823_033000.WAV,Telephone Field,recover-20220825,002,1795
1178.4295,1178.4386,28046,35554,Eptesicus serotinus,0.008,0.024,-1,Echolocation,/mnt/ubna_data_01_mir/recover-20220825/UBNA_002/20220823_033000.WAV,Telephone Field,recover-20220825,002,1795
1178.4575,1178.496,68437,81767,Rhinolophus ferrumequinum,0.028,0.028,-1,Echolocation,/mnt/ubna_data_01_mir/recover-20220825/UBNA_002/20220823_033000.WAV,Telephone Field,recover-20220825,002,1795
1178.5055,1178.5136,40078,50676,Pipistrellus nathusii,0.46,0.588,-1,Echolocation,/mnt/ubna_data_01_mir/recover-20220825/UBNA_002/20220823_033000.WAV,Telephone Field,recover-20220825,002,1795
1178.5635,1178.6015,68437,82493,Rhinolophus ferrumequinum,0.031,0.031,-1,Echolocation,/mnt/ubna_data_01_mir/recover-20220825/UBNA_002/20220823_033000.WAV,Telephone Field,recover-20220825,002,1795
1178.5755,1178.5819,28046,36878,Eptesicus serotinus,0.008,0.027,-1,Echolocation,/mnt/ubna_data_01_mir/recover-20220825/UBNA_002/20220823_033000.WAV,Telephone Field,recover-20220825,002,1795
1178.5965,1178.6055,39218,49179,Pipistrellus nathusii,0.548,0.631,-1,Echolocation,/mnt/ubna_data_01_mir/recover-20220825/UBNA_002/20220823_033000.WAV,Telephone Field,recover-20220825,002,1795
1178.5985,1178.6339,68437,81849,Rhinolophus ferrumequinum,0.025,0.025,-1,Echolocation,/mnt/ubna_data_01_mir/recover-20220825/UBNA_002/20220823_033000.WAV,Telephone Field,recover-20220825,002,1795
1178.6415,1178.6505,25468,33594,Eptesicus serotinus,0.01,0.023,-1,Echolocation,/mnt/ubna_data_01_mir/recover-20220825/UBNA_002/20220823_033000.WAV,Telephone Field,recover-20220825,002,1795
1178.6535,1178.6914,68437,81352,Rhinolophus ferrumequinum,0.024,0.024,-1,Echolocation,/mnt/ubna_data_01_mir/recover-20220825/UBNA_002/20220823_033000.WAV,Telephone Field,recover-20220825,002,1795
1178.6725,1178.6798,40078,48784,Pipistrellus nathusii,0.186,0.394,-1,Echolocation,/mnt/ubna_data_01_mir/recover-20220825/UBNA_002/20220823_033000.WAV,Telephone Field,recover-20220825,002,1795
1178.6735,1178.7092,68437,81175,Rhinolophus ferrumequinum,0.023,0.023,-1,Echolocation,/mnt/ubna_data_01_mir/recover-20220825/UBNA_002/20220823_033000.WAV,Telephone Field,recover-20220825,002,1795
1178.7085,1178.7183,23750,30726,Nyctalus leisleri,0.008,0.024,-1,Echolocation,/mnt/ubna_data_01_mir/recover-20220825/UBNA_002/20220823_033000.WAV,Telephone Field,recover-20220825,002,1795
1178.7315,1178.7399,41796,47577,Pipistrellus nathusii,0.222,0.372,-1,Echolocation,/mnt/ubna_data_01_mir/recover-20220825/UBNA_002/20220823_033000.WAV,Telephone Field,recover-20220825,002,1795
1178.7355,1178.7418,28906,42270,Barbastellus barbastellus,0.02,0.043,-1,Echolocation,/mnt/ubna_data_01_mir/recover-20220825/UBNA_002/20220823_033000.WAV,Telephone Field,recover-20220825,002,1795
1178.7535,1178.7618,48671,55144,Pipistrellus pipistrellus,0.019,0.023,-1,Echolocation,/mnt/ubna_data_01_mir/recover-20220825/UBNA_002/20220823_033000.WAV,Telephone Field,recover-20220825,002,1795
1178.7905,1178.8285,68437,81767,Rhinolophus ferrumequinum,0.024,0.024,-1,Echolocation,/mnt/ubna_data_01_mir/recover-20220825/UBNA_002/20220823_033000.WAV,Telephone Field,recover-20220825,002,1795
1178.8065,1178.8144,41796,46024,Pipistrellus nathusii,0.084,0.102,-1,Echolocation,/mnt/ubna_data_01_mir/recover-20220825/UBNA_002/20220823_033000.WAV,Telephone Field,recover-20220825,002,1795
1178.8175,1178.8574,68437,82085,Rhinolophus ferrumequinum,0.023,0.023,-1,Echolocation,/mnt/ubna_data_01_mir/recover-20220825/UBNA_002/20220823_033000.WAV,Telephone Field,recover-20220825,002,1795
1178.8685,1178.905,68437,82069,Rhinolophus ferrumequinum,0.022,0.022,-1,Echolocation,/mnt/ubna_data_01_mir/recover-20220825/UBNA_002/20220823_033000.WAV,Telephone Field,recover-20220825,002,1795
1178.8725,1178.8787,39218,48902,Myotis daubentonii,0.007,0.024,-1,Echolocation,/mnt/ubna_data_01_mir/recover-20220825/UBNA_002/20220823_033000.WAV,Telephone Field,recover-20220825,002,1795
1178.8725,1178.8795,33203,48858,Myotis brandtii,0.01,0.027,-1,Echolocation,/mnt/ubna_data_01_mir/recover-20220825/UBNA_002/20220823_033000.WAV,Telephone Field,recover-20220825,002,1795
1178.9075,1178.9153,28046,39210,Eptesicus serotinus,0.007,0.024,-1,Echolocation,/mnt/ubna_data_01_mir/recover-20220825/UBNA_002/20220823_033000.WAV,Telephone Field,recover-20220825,002,1795
1178.9145,1178.9229,46093,51942,Pipistrellus pipistrellus,0.026,0.034,-1,Echolocation,/mnt/ubna_data_01_mir/recover-20220825/UBNA_002/20220823_033000.WAV,Telephone Field,recover-20220825,002,1795
1178.9375,1178.9787,68437,82590,Rhinolophus ferrumequinum,0.038,0.038,-1,Echolocation,/mnt/ubna_data_01_mir/recover-20220825/UBNA_002/20220823_033000.WAV,Telephone Field,recover-20220825,002,1795
1178.9545,1178.9621,46953,51007,Pipistrellus pipistrellus,0.023,0.025,-1,Echolocation,/mnt/ubna_data_01_mir/recover-20220825/UBNA_002/20220823_033000.WAV,Telephone Field,recover-20220825,002,1795
1178.9635,1178.9953,68437,80799,Rhinolophus ferrumequinum,0.023,0.024,-1,Echolocation,/mnt/ubna_data_01_mir/recover-20220825/UBNA_002/20220823_033000.WAV,Telephone Field,recover-20220825,002,1795
1178.9695,1178.9779,47812,51312,Pipistrellus pipistrellus,0.018,0.023,-1,Echolocation,/mnt/ubna_data_01_mir/recover-20220825/UBNA_002/20220823_033000.WAV,Telephone Field,recover-20220825,002,1795
1179.0015,1179.0394000000001,68437,81680,Rhinolophus ferrumequinum,0.023,0.023,-1,Echolocation,/mnt/ubna_data_01_mir/recover-20220825/UBNA_002/20220823_033000.WAV,Telephone Field,recover-20220825,002,1795
1179.0225,1179.0595,68437,82220,Rhinolophus ferrumequinum,0.024,0.024,-1,Echolocation,/mnt/ubna_data_01_mir/recover-20220825/UBNA_002/20220823_033000.WAV,Telephone Field,recover-20220825,002,1795
1179.0465,1179.0867,68437,83234,Rhinolophus ferrumequinum,0.025,0.025,-1,Echolocation,/mnt/ubna_data_01_mir/recover-20220825/UBNA_002/20220823_033000.WAV,Telephone Field,recover-20220825,002,1795
1179.0585,1179.0673,38359,43849,Pipistrellus nathusii,0.113,0.145,-1,Echolocation,/mnt/ubna_data_01_mir/recover-20220825/UBNA_002/20220823_033000.WAV,Telephone Field,recover-20220825,002,1795
1179.0995,1179.1413,68437,83157,Rhinolophus ferrumequinum,0.053,0.053,-1,Echolocation,/mnt/ubna_data_01_mir/recover-20220825/UBNA_002/20220823_033000.WAV,Telephone Field,recover-20220825,002,1795
1179.1215,1179.1301,27187,36897,Eptesicus serotinus,0.008,0.023,-1,Echolocation,/mnt/ubna_data_01_mir/recover-20220825/UBNA_002/20220823_033000.WAV,Telephone Field,recover-20220825,002,1795
1179.1375,1179.1479,37500,43950,Pipistrellus nathusii,0.025,0.035,-1,Echolocation,/mnt/ubna_data_01_mir/recover-20220825/UBNA_002/20220823_033000.WAV,Telephone Field,recover-20220825,002,1795
1179.1845,1179.2232,68437,82058,Rhinolophus ferrumequinum,0.023,0.023,-1,Echolocation,/mnt/ubna_data_01_mir/recover-20220825/UBNA_002/20220823_033000.WAV,Telephone Field,recover-20220825,002,1795
1179.2135,1179.2561,68437,83544,Rhinolophus ferrumequinum,0.04,0.04,-1,Echolocation,/mnt/ubna_data_01_mir/recover-20220825/UBNA_002/20220823_033000.WAV,Telephone Field,recover-20220825,002,1795
1179.2135,1179.2222,28046,38388,Eptesicus serotinus,0.009,0.023,-1,Echolocation,/mnt/ubna_data_01_mir/recover-20220825/UBNA_002/20220823_033000.WAV,Telephone Field,recover-20220825,002,1795
1179.2355,1179.2473,24609,31421,Nyctalus leisleri,0.011,0.028,-1,Echolocation,/mnt/ubna_data_01_mir/recover-20220825/UBNA_002/20220823_033000.WAV,Telephone Field,recover-20220825,002,1795
1179.2745,1179.3151,68437,82436,Rhinolophus ferrumequinum,0.026,0.026,-1,Echolocation,/mnt/ubna_data_01_mir/recover-20220825/UBNA_002/20220823_033000.WAV,Telephone Field,recover-20220825,002,1795
1179.2765,1179.2853,44375,53156,Pipistrellus pipistrellus,0.012,0.023,-1,Echolocation,/mnt/ubna_data_01_mir/recover-20220825/UBNA_002/20220823_033000.WAV,Telephone Field,recover-20220825,002,1795
1179.2955,1179.3023,58984,66768,Pipistrellus pygmaeus,0.038,0.039,-1,Echolocation,/mnt/ubna_data_01_mir/recover-20220825/UBNA_002/20220823_033000.WAV,Telephone Field,recover-20220825,002,1795
1179.3035,1179.3148,28046,36637,Eptesicus serotinus,0.016,0.031,-1,Echolocation,/mnt/ubna_data_01_mir/recover-20220825/UBNA_002/20220823_033000.WAV,Telephone Field,recover-20220825,002,1795
1179.3155,1179.3256,28046,36344,Eptesicus serotinus,0.011,0.028,-1,Echolocation,/mnt/ubna_data_01_mir/recover-20220825/UBNA_002/20220823_033000.WAV,Telephone Field,recover-20220825,002,1795
1179.3185,1179.3283,48671,52993,Pipistrellus pipistrellus,0.028,0.041,-1,Echolocation,/mnt/ubna_data_01_mir/recover-20220825/UBNA_002/20220823_033000.WAV,Telephone Field,recover-20220825,002,1795
1179.3265,1179.3654,68437,82510,Rhinolophus ferrumequinum,0.022,0.022,-1,Echolocation,/mnt/ubna_data_01_mir/recover-20220825/UBNA_002/20220823_033000.WAV,Telephone Field,recover-20220825,002,1795
1179.3345,1179.3437,28046,35497,Eptesicus serotinus,0.01,0.023,-1,Echolocation,/mnt/ubna_data_01_mir/recover-20220825/UBNA_002/20220823_033000.WAV,Telephone Field,recover-20220825,002,1795
1179.3585,1179.3682,44375,53870,Pipistrellus pipistrellus,0.017,0.03,-1,Echolocation,/mnt/ubna_data_01_mir/recover-20220825/UBNA_002/20220823_033000.WAV,Telephone Field,recover-20220825,002,1795
1179.3795,1179.387,27187,38235,Eptesicus serotinus,0.009,0.026,-1,Echolocation,/mnt/ubna_data_01_mir/recover-20220825/UBNA_002/20220823_033000.WAV,Telephone Field,recover-20220825,002,1795
1179.4555,1179.4627,54687,62456,Pipistrellus pygmaeus,0.023,0.024,-1,Echolocation,/mnt/ubna_data_01_mir/recover-20220825/UBNA_002/20220823_033000.WAV,Telephone Field,recover-20220825,002,1795
1179.5125,1179.5193,32343,45200,Myotis daubentonii,0.01,0.025,-1,Echolocation,/mnt/ubna_data_01_mir/recover-20220825/UBNA_002/20220823_033000.WAV,Telephone Field,recover-20220825,002,1795
1179.5125,1179.519,27187,44600,Eptesicus serotinus,0.007,0.023,-1,Echolocation,/mnt/ubna_data_01_mir/recover-20220825/UBNA_002/20220823_033000.WAV,Telephone Field,recover-20220825,002,1795
1179.5455,1179.5864,68437,82449,Rhinolophus ferrumequinum,0.024,0.024,-1,Echolocation,/mnt/ubna_data_01_mir/recover-20220825/UBNA_002/20220823_033000.WAV,Telephone Field,recover-20220825,002,1795
1179.5525,1179.5919,68437,82548,Rhinolophus ferrumequinum,0.024,0.024,-1,Echolocation,/mnt/ubna_data_01_mir/recover-20220825/UBNA_002/20220823_033000.WAV,Telephone Field,recover-20220825,002,1795
1179.5875,1179.5978,28046,34945,Eptesicus serotinus,0.01,0.022,-1,Echolocation,/mnt/ubna_data_01_mir/recover-20220825/UBNA_002/20220823_033000.WAV,Telephone Field,recover-20220825,002,1795
1179.5955,1179.6036,27187,37028,Eptesicus serotinus,0.008,0.022,-1,Echolocation,/mnt/ubna_data_01_mir/recover-20220825/UBNA_002/20220823_033000.WAV,Telephone Field,recover-20220825,002,1795
1179.6005,1179.6102,52968,57568,Pipistrellus pygmaeus,0.026,0.028,-1,Echolocation,/mnt/ubna_data_01_mir/recover-20220825/UBNA_002/20220823_033000.WAV,Telephone Field,recover-20220825,002,1795
1179.6105,1179.6183,27187,41583,Eptesicus serotinus,0.008,0.023,-1,Echolocation,/mnt/ubna_data_01_mir/recover-20220825/UBNA_002/20220823_033000.WAV,Telephone Field,recover-20220825,002,1795
1179.6215,1179.6592,68437,81808,Rhinolophus ferrumequinum,0.022,0.022,-1,Echolocation,/mnt/ubna_data_01_mir/recover-20220825/UBNA_002/20220823_033000.WAV,Telephone Field,recover-20220825,002,1795
1179.6515,1179.6944,68437,83194,Rhinolophus ferrumequinum,0.061,0.061,-1,Echolocation,/mnt/ubna_data_01_mir/recover-20220825/UBNA_002/20220823_033000.WAV,Telephone Field,recover-20220825,002,1795
1179.6885,1179.7226,68437,81636,Rhinolophus ferrumequinum,0.022,0.022,-1,Echolocation,/mnt/ubna_data_01_mir/recover-20220825/UBNA_002/20220823_033000.WAV,Telephone Field,recover-20220825,002,1795
1179.7315,1179.7394,26328,37806,Eptesicus serotinus,0.007,0.023,-1,Echolocation,/mnt/ubna_data_01_mir/recover-20220825/UBNA_002/20220823_033000.WAV,Telephone Field,recover-20220825,002,1795
1179.7325,1179.74,40078,49345,Pipistrellus nathusii,0.013,0.03,-1,Echolocation,/mnt/ubna_data_01_mir/recover-20220825/UBNA_002/20220823_033000.WAV,Telephone Field,recover-20220825,002,1795
1179.7925,1179.7995,57265,63948,Pipistrellus pygmaeus,0.024,0.025,-1,Echolocation,/mnt/ubna_data_01_mir/recover-20220825/UBNA_002/20220823_033000.WAV,Telephone Field,recover-20220825,002,1795
1179.7995,1179.807,27187,39358,Eptesicus serotinus,0.011,0.032,-1,Echolocation,/mnt/ubna_data_01_mir/recover-20220825/UBNA_002/20220823_033000.WAV,Telephone Field,recover-20220825,002,1795
1179.8355,1179.8431,48671,58222,Pipistrellus pipistrellus,0.025,0.03,-1,Echolocation,/mnt/ubna_data_01_mir/recover-20220825/UBNA_002/20220823_033000.WAV,Telephone Field,recover-20220825,002,1795
1179.8495,1179.8569,43515,47516,Pipistrellus nathusii,0.098,0.125,-1,Echolocation,/mnt/ubna_data_01_mir/recover-20220825/UBNA_002/20220823_033000.WAV,Telephone Field,recover-20220825,002,1795
1179.8675,1179.8767,28046,37985,Eptesicus serotinus,0.009,0.023,-1,Echolocation,/mnt/ubna_data_01_mir/recover-20220825/UBNA_002/20220823_033000.WAV,Telephone Field,recover-20220825,002,1795
1179.8885,1179.8994,28046,34899,Eptesicus serotinus,0.01,0.023,-1,Echolocation,/mnt/ubna_data_01_mir/recover-20220825/UBNA_002/20220823_033000.WAV,Telephone Field,recover-20220825,002,1795
1179.8975,1179.9067,28046,37184,Eptesicus serotinus,0.008,0.023,-1,Echolocation,/mnt/ubna_data_01_mir/recover-20220825/UBNA_002/20220823_033000.WAV,Telephone Field,recover-20220825,002,1795
1179.9205,1179.9285,41796,47240,Pipistrellus nathusii,0.186,0.246,-1,Echolocation,/mnt/ubna_data_01_mir/recover-20220825/UBNA_002/20220823_033000.WAV,Telephone Field,recover-20220825,002,1795
1179.9335,1179.9712,68437,81875,Rhinolophus ferrumequinum,0.022,0.022,-1,Echolocation,/mnt/ubna_data_01_mir/recover-20220825/UBNA_002/20220823_033000.WAV,Telephone Field,recover-20220825,002,1795
1179.9345,1179.9424,48671,55693,Pipistrellus pipistrellus,0.026,0.032,-1,Echolocation,/mnt/ubna_data_01_mir/recover-20220825/UBNA_002/20220823_033000.WAV,Telephone Field,recover-20220825,002,1795
1179.9545,1179.9619,28046,39175,Eptesicus serotinus,0.008,0.024,-1,Echolocation,/mnt/ubna_data_01_mir/recover-20220825/UBNA_002/20220823_033000.WAV,Telephone Field,recover-20220825,002,1795
1179.9585,1179.9696,22890,28032,Nyctalus leisleri,0.013,0.027,-1,Echolocation,/mnt/ubna_data_01_mir/recover-20220825/UBNA_002/20220823_033000.WAV,Telephone Field,recover-20220825,002,1795
1179.9845,1179.9947,22890,28789,Nyctalus leisleri,0.009,0.022,-1,Echolocation,/mnt/ubna_data_01_mir/recover-20220825/UBNA_002/20220823_033000.WAV,Telephone Field,recover-20220825,002,1795
1180.0015,1180.0123,47812,54250,Pipistrellus pipistrellus,0.022,0.032,-1,Echolocation,/mnt/ubna_data_01_mir/recover-20220825/UBNA_002/20220823_033000.WAV,Telephone Field,recover-20220825,002,1795
1180.0015,1180.0295,68437,80287,Rhinolophus ferrumequinum,0.046,0.046,-1,Echolocation,/mnt/ubna_data_01_mir/recover-20220825/UBNA_002/20220823_033000.WAV,Telephone Field,recover-20220825,002,1795
1180.0045,1180.0119,31484,44462,Myotis daubentonii,0.016,0.038,-1,Echolocation,/mnt/ubna_data_01_mir/recover-20220825/UBNA_002/20220823_033000.WAV,Telephone Field,recover-20220825,002,1795
1180.0055,1180.0136,41796,46304,Pipistrellus nathusii,0.029,0.049,-1,Echolocation,/mnt/ubna_data_01_mir/recover-20220825/UBNA_002/20220823_033000.WAV,Telephone Field,recover-20220825,002,1795
1180.0565,1180.0632,48671,53720,Pipistrellus pipistrellus,0.022,0.026,-1,Echolocation,/mnt/ubna_data_01_mir/recover-20220825/UBNA_002/20220823_033000.WAV,Telephone Field,recover-20220825,002,1795
1180.0765,1180.1105,68437,80748,Rhinolophus ferrumequinum,0.022,0.022,-1,Echolocation,/mnt/ubna_data_01_mir/recover-20220825/UBNA_002/20220823_033000.WAV,Telephone Field,recover-20220825,002,1795
1180.0795,1180.0872,28046,39456,Eptesicus serotinus,0.008,0.024,-1,Echolocation,/mnt/ubna_data_01_mir/recover-20220825/UBNA_002/20220823_033000.WAV,Telephone Field,recover-20220825,002,1795
1180.0885,1180.1245,68437,81638,Rhinolophus ferrumequinum,0.028,0.028,-1,Echolocation,/mnt/ubna_data_01_mir/recover-20220825/UBNA_002/20220823_033000.WAV,Telephone Field,recover-20220825,002,1795
1180.1045,1180.1366,68437,80548,Rhinolophus ferrumequinum,0.023,0.024,-1,Echolocation,/mnt/ubna_data_01_mir/recover-20220825/UBNA_002/20220823_033000.WAV,Telephone Field,recover-20220825,002,1795
1180.1155,1180.1543,68437,81953,Rhinolophus ferrumequinum,0.024,0.024,-1,Echolocation,/mnt/ubna_data_01_mir/recover-20220825/UBNA_002/20220823_033000.WAV,Telephone Field,recover-20220825,002,1795
1180.1225,1180.1315,41796,45825,Pipistrellus nathusii,0.06,0.076,-1,Echolocation,/mnt/ubna_data_01_mir/recover-20220825/UBNA_002/20220823_033000.WAV,Telephone Field,recover-20220825,002,1795
1180.1435,1180.1528,26328,37524,Eptesicus serotinus,0.01,0.024,-1,Echolocation,/mnt/ubna_data_01_mir/recover-20220825/UBNA_002/20220823_033000.WAV,Telephone Field,recover-20220825,002,1795
1180.1655,1180.1723,47812,54870,Pipistrellus pipistrellus,0.021,0.027,-1,Echolocation,/mnt/ubna_data_01_mir/recover-20220825/UBNA_002/20220823_033000.WAV,Telephone Field,recover-20220825,002,1795
1180.1655,1180.1713,34062,57793,Myotis brandtii,0.01,0.023,-1,Echolocation,/mnt/ubna_data_01_mir/recover-20220825/UBNA_002/20220823_033000.WAV,Telephone Field,recover-20220825,002,1795
1180.2125,1180.2188,41796,52391,Pipistrellus nathusii,0.007,0.03,-1,Echolocation,/mnt/ubna_data_01_mir/recover-20220825/UBNA_002/20220823_033000.WAV,Telephone Field,recover-20220825,002,1795
1180.2265,1180.2357,27187,35483,Eptesicus serotinus,0.011,0.028,-1,Echolocation,/mnt/ubna_data_01_mir/recover-20220825/UBNA_002/20220823_033000.WAV,Telephone Field,recover-20220825,002,1795
1180.3525,1180.39,68437,82111,Rhinolophus ferrumequinum,0.024,0.024,-1,Echolocation,/mnt/ubna_data_01_mir/recover-20220825/UBNA_002/20220823_033000.WAV,Telephone Field,recover-20220825,002,1795
1180.3845,1180.3916,40937,48025,Pipistrellus nathusii,0.361,0.446,-1,Echolocation,/mnt/ubna_data_01_mir/recover-20220825/UBNA_002/20220823_033000.WAV,Telephone Field,recover-20220825,002,1795
1180.3855,1180.3914,28906,48657,Myotis daubentonii,0.014,0.028,-1,Echolocation,/mnt/ubna_data_01_mir/recover-20220825/UBNA_002/20220823_033000.WAV,Telephone Field,recover-20220825,002,1795
1180.4325,1180.4728,68437,82349,Rhinolophus ferrumequinum,0.024,0.024,-1,Echolocation,/mnt/ubna_data_01_mir/recover-20220825/UBNA_002/20220823_033000.WAV,Telephone Field,recover-20220825,002,1795
1180.4545,1180.4908,68437,82174,Rhinolophus ferrumequinum,0.023,0.023,-1,Echolocation,/mnt/ubna_data_01_mir/recover-20220825/UBNA_002/20220823_033000.WAV,Telephone Field,recover-20220825,002,1795
1180.4605,1180.4689,26328,37195,Eptesicus serotinus,0.01,0.027,-1,Echolocation,/mnt/ubna_data_01_mir/recover-20220825/UBNA_002/20220823_033000.WAV,Telephone Field,recover-20220825,002,1795
1180.4645,1180.4741,43515,47221,Pipistrellus nathusii,0.179,0.209,-1,Echolocation,/mnt/ubna_data_01_mir/recover-20220825/UBNA_002/20220823_033000.WAV,Telephone Field,recover-20220825,002,1795
1180.4685,1180.474,30625,46596,Myotis daubentonii,0.013,0.029,-1,Echolocation,/mnt/ubna_data_01_mir/recover-20220825/UBNA_002/20220823_033000.WAV,Telephone Field,recover-20220825,002,1795
1180.4695,1180.476,26328,36440,Eptesicus serotinus,0.006,0.028,-1,Echolocation,/mnt/ubna_data_01_mir/recover-20220825/UBNA_002/20220823_033000.WAV,Telephone Field,recover-20220825,002,1795
1180.4955,1180.5026,28046,37203,Eptesicus serotinus,0.007,0.026,-1,Echolocation,/mnt/ubna_data_01_mir/recover-20220825/UBNA_002/20220823_033000.WAV,Telephone Field,recover-20220825,002,1795
1180.5395,1180.5553,16015,20668,Nyctalus noctula,0.02,0.035,-1,Echolocation,/mnt/ubna_data_01_mir/recover-20220825/UBNA_002/20220823_033000.WAV,Telephone Field,recover-20220825,002,1795
1180.5405,1180.5473,42656,49708,Pipistrellus nathusii,0.252,0.344,-1,Echolocation,/mnt/ubna_data_01_mir/recover-20220825/UBNA_002/20220823_033000.WAV,Telephone Field,recover-20220825,002,1795
1180.5425,1180.5485,28906,52802,Myotis daubentonii,0.02,0.03,-1,Echolocation,/mnt/ubna_data_01_mir/recover-20220825/UBNA_002/20220823_033000.WAV,Telephone Field,recover-20220825,002,1795
1180.5515,1180.5922,68437,82124,Rhinolophus ferrumequinum,0.023,0.023,-1,Echolocation,/mnt/ubna_data_01_mir/recover-20220825/UBNA_002/20220823_033000.WAV,Telephone Field,recover-20220825,002,1795
1180.5805,1180.5911,46953,49697,Pipistrellus pipistrellus,0.052,0.061,-1,Echolocation,/mnt/ubna_data_01_mir/recover-20220825/UBNA_002/20220823_033000.WAV,Telephone Field,recover-20220825,002,1795
1180.5825,1180.6168,68437,81881,Rhinolophus ferrumequinum,0.022,0.022,-1,Echolocation,/mnt/ubna_data_01_mir/recover-20220825/UBNA_002/20220823_033000.WAV,Telephone Field,recover-20220825,002,1795
1180.5905,1180.5971,50390,55515,Pipistrellus pipistrellus,0.02,0.024,-1,Echolocation,/mnt/ubna_data_01_mir/recover-20220825/UBNA_002/20220823_033000.WAV,Telephone Field,recover-20220825,002,1795
1180.6175,1180.6559,68437,82421,Rhinolophus ferrumequinum,0.023,0.024,-1,Echolocation,/mnt/ubna_data_01_mir/recover-20220825/UBNA_002/20220823_033000.WAV,Telephone Field,recover-20220825,002,1795
1180.6325,1180.6419,34921,40413,Barbastellus barbastellus,0.028,0.057,-1,Echolocation,/mnt/ubna_data_01_mir/recover-20220825/UBNA_002/20220823_033000.WAV,Telephone Field,recover-20220825,002,1795
1180.6355,1180.6426,28046,37400,Eptesicus serotinus,0.01,0.032,-1,Echolocation,/mnt/ubna_data_01_mir/recover-20220825/UBNA_002/20220823_033000.WAV,Telephone Field,recover-20220825,002,1795
1180.6635,1180.6704,49531,57341,Pipistrellus pipistrellus,0.022,0.026,-1,Echolocation,/mnt/ubna_data_01_mir/recover-20220825/UBNA_002/20220823_033000.WAV,Telephone Field,recover-20220825,002,1795
1180.6665,1180.6762,28046,36256,Eptesicus serotinus,0.01,0.025,-1,Echolocation,/mnt/ubna_data_01_mir/recover-20220825/UBNA_002/20220823_033000.WAV,Telephone Field,recover-20220825,002,1795
1180.6775,1180.6866,26328,33294,Eptesicus serotinus,0.009,0.023,-1,Echolocation,/mnt/ubna_data_01_mir/recover-20220825/UBNA_002/20220823_033000.WAV,Telephone Field,recover-20220825,002,1795
1180.7035,1180.7097,43515,51596,Pipistrellus nathusii,0.365,0.455,-1,Echolocation,/mnt/ubna_data_01_mir/recover-20220825/UBNA_002/20220823_033000.WAV,Telephone Field,recover-20220825,002,1795
1180.7035,1180.7093,30625,61468,Myotis brandtii,0.013,0.029,-1,Echolocation,/mnt/ubna_data_01_mir/recover-20220825/UBNA_002/20220823_033000.WAV,Telephone Field,recover-20220825,002,1795
1180.7195,1180.7267,27187,39251,Eptesicus serotinus,0.007,0.025,-1,Echolocation,/mnt/ubna_data_01_mir/recover-20220825/UBNA_002/20220823_033000.WAV,Telephone Field,recover-20220825,002,1795
1180.7285,1180.7639,68437,81962,Rhinolophus ferrumequinum,0.022,0.022,-1,Echolocation,/mnt/ubna_data_01_mir/recover-20220825/UBNA_002/20220823_033000.WAV,Telephone Field,recover-20220825,002,1795
1180.7725,1180.7835,24609,29974,Nyctalus leisleri,0.011,0.026,-1,Echolocation,/mnt/ubna_data_01_mir/recover-20220825/UBNA_002/20220823_033000.WAV,Telephone Field,recover-20220825,002,1795
1180.7785,1180.7841,43515,53263,Pipistrellus nathusii,0.016,0.052,-1,Echolocation,/mnt/ubna_data_01_mir/recover-20220825/UBNA_002/20220823_033000.WAV,Telephone Field,recover-20220825,002,1795
1180.7785,1180.7846,33203,57759,Myotis daubentonii,0.01,0.027,-1,Echolocation,/mnt/ubna_data_01_mir/recover-20220825/UBNA_002/20220823_033000.WAV,Telephone Field,recover-20220825,002,1795
1180.7795,1180.7859,48671,53805,Pipistrellus pipistrellus,0.024,0.038,-1,Echolocation,/mnt/ubna_data_01_mir/recover-20220825/UBNA_002/20220823_033000.WAV,Telephone Field,recover-20220825,002,1795
1180.7825,1180.79,27187,39284,Eptesicus serotinus,0.007,0.024,-1,Echolocation,/mnt/ubna_data_01_mir/recover-20220825/UBNA_002/20220823_033000.WAV,Telephone Field,recover-20220825,002,1795
1180.8025,1180.8132,24609,31548,Eptesicus serotinus,0.009,0.025,-1,Echolocation,/mnt/ubna_data_01_mir/recover-20220825/UBNA_002/20220823_033000.WAV,Telephone Field,recover-20220825,002,1795
1180.8075,1180.8147,46953,56356,Pipistrellus pipistrellus,0.017,0.027,-1,Echolocation,/mnt/ubna_data_01_mir/recover-20220825/UBNA_002/20220823_033000.WAV,Telephone Field,recover-20220825,002,1795
1180.8085,1180.8145,32343,49904,Myotis daubentonii,0.013,0.025,-1,Echolocation,/mnt/ubna_data_01_mir/recover-20220825/UBNA_002/20220823_033000.WAV,Telephone Field,recover-20220825,002,1795
1180.8265,1180.8382,23750,28485,Nyctalus leisleri,0.013,0.025,-1,Echolocation,/mnt/ubna_data_01_mir/recover-20220825/UBNA_002/20220823_033000.WAV,Telephone Field,recover-20220825,002,1795
1180.8675,1180.8743,42656,51046,Pipistrellus nathusii,0.367,0.476,-1,Echolocation,/mnt/ubna_data_01_mir/recover-20220825/UBNA_002/20220823_033000.WAV,Telephone Field,recover-20220825,002,1795
1180.8705,1180.8765,29765,46481,Myotis daubentonii,0.016,0.029,-1,Echolocation,/mnt/ubna_data_01_mir/recover-20220825/UBNA_002/20220823_033000.WAV,Telephone Field,recover-20220825,002,1795
1180.9225,1180.9277,32343,57728,Myotis brandtii,0.009,0.025,-1,Echolocation,/mnt/ubna_data_01_mir/recover-20220825/UBNA_002/20220823_033000.WAV,Telephone Field,recover-20220825,002,1795
1180.9235,1180.9591,68437,80934,Rhinolophus ferrumequinum,0.025,0.025,-1,Echolocation,/mnt/ubna_data_01_mir/recover-20220825/UBNA_002/20220823_033000.WAV,Telephone Field,recover-20220825,002,1795
1180.9615,1180.9676,43515,50017,Pipistrellus nathusii,0.434,0.485,-1,Echolocation,/mnt/ubna_data_01_mir/recover-20220825/UBNA_002/20220823_033000.WAV,Telephone Field,recover-20220825,002,1795
1180.9625,1180.9683,28906,48370,Myotis daubentonii,0.026,0.037,-1,Echolocation,/mnt/ubna_data_01_mir/recover-20220825/UBNA_002/20220823_033000.WAV,Telephone Field,recover-20220825,002,1795
1180.9835,1180.9916,28046,38575,Eptesicus serotinus,0.008,0.023,-1,Echolocation,/mnt/ubna_data_01_mir/recover-20220825/UBNA_002/20220823_033000.WAV,Telephone Field,recover-20220825,002,1795
1181.0285,1181.0385,23750,29656,Nyctalus leisleri,0.009,0.025,-1,Echolocation,/mnt/ubna_data_01_mir/recover-20220825/UBNA_002/20220823_033000.WAV,Telephone Field,recover-20220825,002,1795
1181.0505,1181.0572,41796,50947,Pipistrellus nathusii,0.437,0.506,-1,Echolocation,/mnt/ubna_data_01_mir/recover-20220825/UBNA_002/20220823_033000.WAV,Telephone Field,recover-20220825,002,1795
1181.1175,1181.1257,43515,51039,Pipistrellus pipistrellus,0.013,0.025,-1,Echolocation,/mnt/ubna_data_01_mir/recover-20220825/UBNA_002/20220823_033000.WAV,Telephone Field,recover-20220825,002,1795
1181.1185,1181.1278,27187,35836,Eptesicus serotinus,0.01,0.025,-1,Echolocation,/mnt/ubna_data_01_mir/recover-20220825/UBNA_002/20220823_033000.WAV,Telephone Field,recover-20220825,002,1795
1181.1795,1181.1884,28906,37111,Eptesicus serotinus,0.009,0.027,-1,Echolocation,/mnt/ubna_data_01_mir/recover-20220825/UBNA_002/20220823_033000.WAV,Telephone Field,recover-20220825,002,1795
1181.1915,1181.2288,68437,82078,Rhinolophus ferrumequinum,0.023,0.023,-1,Echolocation,/mnt/ubna_data_01_mir/recover-20220825/UBNA_002/20220823_033000.WAV,Telephone Field,recover-20220825,002,1795
1181.1965,1181.207,55546,61018,Pipistrellus pygmaeus,0.029,0.03,-1,Echolocation,/mnt/ubna_data_01_mir/recover-20220825/UBNA_002/20220823_033000.WAV,Telephone Field,recover-20220825,002,1795
1181.2015,1181.2122,24609,30067,Nyctalus leisleri,0.01,0.024,-1,Echolocation,/mnt/ubna_data_01_mir/recover-20220825/UBNA_002/20220823_033000.WAV,Telephone Field,recover-20220825,002,1795
1181.2165,1181.2553,68437,82368,Rhinolophus ferrumequinum,0.025,0.025,-1,Echolocation,/mnt/ubna_data_01_mir/recover-20220825/UBNA_002/20220823_033000.WAV,Telephone Field,recover-20220825,002,1795
1181.2235,1181.2309,42656,52525,Pipistrellus nathusii,0.523,0.587,-1,Echolocation,/mnt/ubna_data_01_mir/recover-20220825/UBNA_002/20220823_033000.WAV,Telephone Field,recover-20220825,002,1795
1181.2305,1181.2378,25468,33932,Eptesicus serotinus,0.008,0.03,-1,Echolocation,/mnt/ubna_data_01_mir/recover-20220825/UBNA_002/20220823_033000.WAV,Telephone Field,recover-20220825,002,1795
1181.2635,1181.2703,55546,61627,Pipistrellus pygmaeus,0.022,0.023,-1,Echolocation,/mnt/ubna_data_01_mir/recover-20220825/UBNA_002/20220823_033000.WAV,Telephone Field,recover-20220825,002,1795
1181.2645,1181.2717,28046,37720,Eptesicus serotinus,0.01,0.03,-1,Echolocation,/mnt/ubna_data_01_mir/recover-20220825/UBNA_002/20220823_033000.WAV,Telephone Field,recover-20220825,002,1795
1181.2945,1181.3069,45234,49270,Pipistrellus pipistrellus,0.031,0.043,-1,Echolocation,/mnt/ubna_data_01_mir/recover-20220825/UBNA_002/20220823_033000.WAV,Telephone Field,recover-20220825,002,1795
1181.2945,1181.3346,68437,82102,Rhinolophus ferrumequinum,0.024,0.024,-1,Echolocation,/mnt/ubna_data_01_mir/recover-20220825/UBNA_002/20220823_033000.WAV,Telephone Field,recover-20220825,002,1795
1181.2955,1181.3038,27187,39501,Eptesicus serotinus,0.008,0.022,-1,Echolocation,/mnt/ubna_data_01_mir/recover-20220825/UBNA_002/20220823_033000.WAV,Telephone Field,recover-20220825,002,1795
1181.3155,1181.3232,41796,53076,Pipistrellus nathusii,0.489,0.595,-1,Echolocation,/mnt/ubna_data_01_mir/recover-20220825/UBNA_002/20220823_033000.WAV,Telephone Field,recover-20220825,002,1795
1181.3765,1181.3829,31484,45415,Myotis daubentonii,0.013,0.027,-1,Echolocation,/mnt/ubna_data_01_mir/recover-20220825/UBNA_002/20220823_033000.WAV,Telephone Field,recover-20220825,002,1795
1181.4005,1181.4378,68437,81611,Rhinolophus ferrumequinum,0.023,0.023,-1,Echolocation,/mnt/ubna_data_01_mir/recover-20220825/UBNA_002/20220823_033000.WAV,Telephone Field,recover-20220825,002,1795
1181.4215,1181.4292,40937,58525,Pipistrellus nathusii,0.514,0.598,-1,Echolocation,/mnt/ubna_data_01_mir/recover-20220825/UBNA_002/20220823_033000.WAV,Telephone Field,recover-20220825,002,1795
1181.4565,1181.4661,28046,37305,Eptesicus serotinus,0.01,0.023,-1,Echolocation,/mnt/ubna_data_01_mir/recover-20220825/UBNA_002/20220823_033000.WAV,Telephone Field,recover-20220825,002,1795
1181.5045,1181.5117,40078,54631,Pipistrellus nathusii,0.527,0.58,-1,Echolocation,/mnt/ubna_data_01_mir/recover-20220825/UBNA_002/20220823_033000.WAV,Telephone Field,recover-20220825,002,1795
1181.5125,1181.5181,32343,41364,Myotis daubentonii,0.011,0.023,-1,Echolocation,/mnt/ubna_data_01_mir/recover-20220825/UBNA_002/20220823_033000.WAV,Telephone Field,recover-20220825,002,1795
1181.5625,1181.5741,56406,62370,Pipistrellus pygmaeus,0.037,0.038,-1,Echolocation,/mnt/ubna_data_01_mir/recover-20220825/UBNA_002/20220823_033000.WAV,Telephone Field,recover-20220825,002,1795
1181.5795,1181.5875,28906,36295,Eptesicus serotinus,0.009,0.026,-1,Echolocation,/mnt/ubna_data_01_mir/recover-20220825/UBNA_002/20220823_033000.WAV,Telephone Field,recover-20220825,002,1795
1181.5925,1181.6003,40937,54497,Pipistrellus nathusii,0.518,0.584,-1,Echolocation,/mnt/ubna_data_01_mir/recover-20220825/UBNA_002/20220823_033000.WAV,Telephone Field,recover-20220825,002,1795
1181.6425,1181.6514,28046,36900,Eptesicus serotinus,0.009,0.025,-1,Echolocation,/mnt/ubna_data_01_mir/recover-20220825/UBNA_002/20220823_033000.WAV,Telephone Field,recover-20220825,002,1795
1181.6835,1181.7196,68437,81722,Rhinolophus ferrumequinum,0.022,0.022,-1,Echolocation,/mnt/ubna_data_01_mir/recover-20220825/UBNA_002/20220823_033000.WAV,Telephone Field,recover-20220825,002,1795
1181.6845,1181.6906,50390,58225,Pipistrellus pipistrellus,0.016,0.031,-1,Echolocation,/mnt/ubna_data_01_mir/recover-20220825/UBNA_002/20220823_033000.WAV,Telephone Field,recover-20220825,002,1795
1181.6865,1181.694,40937,56832,Pipistrellus nathusii,0.517,0.594,-1,Echolocation,/mnt/ubna_data_01_mir/recover-20220825/UBNA_002/20220823_033000.WAV,Telephone Field,recover-20220825,002,1795
1181.7185,1181.7569,68437,82370,Rhinolophus ferrumequinum,0.024,0.025,-1,Echolocation,/mnt/ubna_data_01_mir/recover-20220825/UBNA_002/20220823_033000.WAV,Telephone Field,recover-20220825,002,1795
1181.7415,1181.7521,28906,35952,Eptesicus serotinus,0.012,0.026,-1,Echolocation,/mnt/ubna_data_01_mir/recover-20220825/UBNA_002/20220823_033000.WAV,Telephone Field,recover-20220825,002,1795
1181.7585,1181.7979,68437,82590,Rhinolophus ferrumequinum,0.028,0.028,-1,Echolocation,/mnt/ubna_data_01_mir/recover-20220825/UBNA_002/20220823_033000.WAV,Telephone Field,recover-20220825,002,1795
1181.7775,1181.7853,45234,52061,Pipistrellus pipistrellus,0.023,0.029,-1,Echolocation,/mnt/ubna_data_01_mir/recover-20220825/UBNA_002/20220823_033000.WAV,Telephone Field,recover-20220825,002,1795
1181.8565,1181.8641,27187,35051,Eptesicus serotinus,0.011,0.027,-1,Echolocation,/mnt/ubna_data_01_mir/recover-20220825/UBNA_002/20220823_033000.WAV,Telephone Field,recover-20220825,002,1795
1181.8635,1181.9,68437,81303,Rhinolophus ferrumequinum,0.024,0.024,-1,Echolocation,/mnt/ubna_data_01_mir/recover-20220825/UBNA_002/20220823_033000.WAV,Telephone Field,recover-20220825,002,1795
1181.8655,1181.8712,29765,49747,Myotis daubentonii,0.01,0.023,-1,Echolocation,/mnt/ubna_data_01_mir/recover-20220825/UBNA_002/20220823_033000.WAV,Telephone Field,recover-20220825,002,1795
1181.8685,1181.8767,40078,56636,Pipistrellus nathusii,0.546,0.637,-1,Echolocation,/mnt/ubna_data_01_mir/recover-20220825/UBNA_002/20220823_033000.WAV,Telephone Field,recover-20220825,002,1795
1181.9325,1181.9726,68437,82623,Rhinolophus ferrumequinum,0.025,0.025,-1,Echolocation,/mnt/ubna_data_01_mir/recover-20220825/UBNA_002/20220823_033000.WAV,Telephone Field,recover-20220825,002,1795
1181.9575,1181.9644,51250,57967,Pipistrellus pipistrellus,0.017,0.03,-1,Echolocation,/mnt/ubna_data_01_mir/recover-20220825/UBNA_002/20220823_033000.WAV,Telephone Field,recover-20220825,002,1795
1181.9595,1181.9967,68437,81615,Rhinolophus ferrumequinum,0.022,0.022,-1,Echolocation,/mnt/ubna_data_01_mir/recover-20220825/UBNA_002/20220823_033000.WAV,Telephone Field,recover-20220825,002,1795
1181.9605,1181.967,28906,47175,Myotis daubentonii,0.011,0.025,-1,Echolocation,/mnt/ubna_data_01_mir/recover-20220825/UBNA_002/20220823_033000.WAV,Telephone Field,recover-20220825,002,1795
1181.9615,1181.9705,39218,56510,Pipistrellus nathusii,0.496,0.589,-1,Echolocation,/mnt/ubna_data_01_mir/recover-20220825/UBNA_002/20220823_033000.WAV,Telephone Field,recover-20220825,002,1795
1182.0015,1182.0098,39218,47929,Pipistrellus nathusii,0.008,0.022,-1,Echolocation,/mnt/ubna_data_01_mir/recover-20220825/UBNA_002/20220823_033000.WAV,Telephone Field,recover-20220825,002,1795
1182.0015,1182.0097,26328,38102,Eptesicus serotinus,0.006,0.028,-1,Echolocation,/mnt/ubna_data_01_mir/recover-20220825/UBNA_002/20220823_033000.WAV,Telephone Field,recover-20220825,002,1795
1182.0015,1182.0144,19453,25019,Nyctalus noctula,0.01,0.027,-1,Echolocation,/mnt/ubna_data_01_mir/recover-20220825/UBNA_002/20220823_033000.WAV,Telephone Field,recover-20220825,002,1795
1182.0015,1182.0075,48671,57049,Pipistrellus pipistrellus,0.015,0.022,-1,Echolocation,/mnt/ubna_data_01_mir/recover-20220825/UBNA_002/20220823_033000.WAV,Telephone Field,recover-20220825,002,1795
1182.0335,1182.0412,27187,36947,Eptesicus serotinus,0.006,0.023,-1,Echolocation,/mnt/ubna_data_01_mir/recover-20220825/UBNA_002/20220823_033000.WAV,Telephone Field,recover-20220825,002,1795
1182.0385,1182.0446,50390,56779,Pipistrellus pipistrellus,0.017,0.03,-1,Echolocation,/mnt/ubna_data_01_mir/recover-20220825/UBNA_002/20220823_033000.WAV,Telephone Field,recover-20220825,002,1795
1182.0425,1182.051,38359,58556,Pipistrellus nathusii,0.517,0.577,-1,Echolocation,/mnt/ubna_data_01_mir/recover-20220825/UBNA_002/20220823_033000.WAV,Telephone Field,recover-20220825,002,1795
1182.1015,1182.1091,46093,51346,Pipistrellus pipistrellus,0.024,0.026,-1,Echolocation,/mnt/ubna_data_01_mir/recover-20220825/UBNA_002/20220823_033000.WAV,Telephone Field,recover-20220825,002,1795
1182.1175,1182.1235,32343,67472,Myotis brandtii,0.029,0.057,-1,Echolocation,/mnt/ubna_data_01_mir/recover-20220825/UBNA_002/20220823_033000.WAV,Telephone Field,recover-20220825,002,1795
1182.1185,1182.1261,40078,58203,Pipistrellus nathusii,0.458,0.532,-1,Echolocation,/mnt/ubna_data_01_mir/recover-20220825/UBNA_002/20220823_033000.WAV,Telephone Field,recover-20220825,002,1795
1182.1265,1182.1342,27187,36486,Eptesicus serotinus,0.007,0.024,-1,Echolocation,/mnt/ubna_data_01_mir/recover-20220825/UBNA_002/20220823_033000.WAV,Telephone Field,recover-20220825,002,1795
1182.1335,1182.168,68437,80695,Rhinolophus ferrumequinum,0.025,0.025,-1,Echolocation,/mnt/ubna_data_01_mir/recover-20220825/UBNA_002/20220823_033000.WAV,Telephone Field,recover-20220825,002,1795
1182.1415,1182.1739,68437,81065,Rhinolophus ferrumequinum,0.024,0.024,-1,Echolocation,/mnt/ubna_data_01_mir/recover-20220825/UBNA_002/20220823_033000.WAV,Telephone Field,recover-20220825,002,1795
1182.1775,1182.1853,57265,63964,Pipistrellus pygmaeus,0.034,0.034,-1,Echolocation,/mnt/ubna_data_01_mir/recover-20220825/UBNA_002/20220823_033000.WAV,Telephone Field,recover-20220825,002,1795
1182.1835,1182.1898,40937,56843,Pipistrellus nathusii,0.352,0.511,-1,Echolocation,/mnt/ubna_data_01_mir/recover-20220825/UBNA_002/20220823_033000.WAV,Telephone Field,recover-20220825,002,1795
1182.1845,1182.1898,30625,67886,Myotis brandtii,0.023,0.049,-1,Echolocation,/mnt/ubna_data_01_mir/recover-20220825/UBNA_002/20220823_033000.WAV,Telephone Field,recover-20220825,002,1795
1182.1905,1182.2255,68437,82024,Rhinolophus ferrumequinum,0.022,0.022,-1,Echolocation,/mnt/ubna_data_01_mir/recover-20220825/UBNA_002/20220823_033000.WAV,Telephone Field,recover-20220825,002,1795
1182.1915,1182.1986,28046,37077,Eptesicus serotinus,0.006,0.023,-1,Echolocation,/mnt/ubna_data_01_mir/recover-20220825/UBNA_002/20220823_033000.WAV,Telephone Field,recover-20220825,002,1795
1182.2365,1182.242,41796,54402,Pipistrellus nathusii,0.306,0.443,-1,Echolocation,/mnt/ubna_data_01_mir/recover-20220825/UBNA_002/20220823_033000.WAV,Telephone Field,recover-20220825,002,1795
1182.2515,1182.2615,28046,33611,Eptesicus serotinus,0.013,0.028,-1,Echolocation,/mnt/ubna_data_01_mir/recover-20220825/UBNA_002/20220823_033000.WAV,Telephone Field,recover-20220825,002,1795
1182.2775,1182.2841,40937,53761,Pipistrellus nathusii,0.121,0.246,-1,Echolocation,/mnt/ubna_data_01_mir/recover-20220825/UBNA_002/20220823_033000.WAV,Telephone Field,recover-20220825,002,1795
1182.3115,1182.3179,40937,52958,Pipistrellus nathusii,0.071,0.156,-1,Echolocation,/mnt/ubna_data_01_mir/recover-20220825/UBNA_002/20220823_033000.WAV,Telephone Field,recover-20220825,002,1795
1182.3195,1182.3521,68437,81521,Rhinolophus ferrumequinum,0.021,0.021,-1,Echolocation,/mnt/ubna_data_01_mir/recover-20220825/UBNA_002/20220823_033000.WAV,Telephone Field,recover-20220825,002,1795
1182.3255,1182.3317,42656,50755,Pipistrellus nathusii,0.138,0.205,-1,Echolocation,/mnt/ubna_data_01_mir/recover-20220825/UBNA_002/20220823_033000.WAV,Telephone Field,recover-20220825,002,1795
1182.3415,1182.3755,68437,81145,Rhinolophus ferrumequinum,0.022,0.022,-1,Echolocation,/mnt/ubna_data_01_mir/recover-20220825/UBNA_002/20220823_033000.WAV,Telephone Field,recover-20220825,002,1795
1182.3455,1182.3513,34062,60300,Myotis brandtii,0.011,0.023,-1,Echolocation,/mnt/ubna_data_01_mir/recover-20220825/UBNA_002/20220823_033000.WAV,Telephone Field,recover-20220825,002,1795
1182.3465,1182.3567,53828,59739,Pipistrellus pygmaeus,0.022,0.023,-1,Echolocation,/mnt/ubna_data_01_mir/recover-20220825/UBNA_002/20220823_033000.WAV,Telephone Field,recover-20220825,002,1795
1182.3515,1182.3595,40937,46813,Pipistrellus nathusii,0.019,0.035,-1,Echolocation,/mnt/ubna_data_01_mir/recover-20220825/UBNA_002/20220823_033000.WAV,Telephone Field,recover-20220825,002,1795
1182.3605,1182.3694,41796,46925,Pipistrellus nathusii,0.03,0.05,-1,Echolocation,/mnt/ubna_data_01_mir/recover-20220825/UBNA_002/20220823_033000.WAV,Telephone Field,recover-20220825,002,1795
1182.3635,1182.3691,32343,57589,Myotis brandtii,0.015,0.035,-1,Echolocation,/mnt/ubna_data_01_mir/recover-20220825/UBNA_002/20220823_033000.WAV,Telephone Field,recover-20220825,002,1795
1182.3865,1182.3932,43515,47903,Pipistrellus pipistrellus,0.02,0.028,-1,Echolocation,/mnt/ubna_data_01_mir/recover-20220825/UBNA_002/20220823_033000.WAV,Telephone Field,recover-20220825,002,1795
1182.3945,1182.4028,28046,36258,Eptesicus serotinus,0.008,0.025,-1,Echolocation,/mnt/ubna_data_01_mir/recover-20220825/UBNA_002/20220823_033000.WAV,Telephone Field,recover-20220825,002,1795
1182.4215,1182.4286,28906,39078,Eptesicus serotinus,0.028,0.07,-1,Echolocation,/mnt/ubna_data_01_mir/recover-20220825/UBNA_002/20220823_033000.WAV,Telephone Field,recover-20220825,002,1795
1182.4465,1182.4536,28046,40212,Eptesicus serotinus,0.007,0.026,-1,Echolocation,/mnt/ubna_data_01_mir/recover-20220825/UBNA_002/20220823_033000.WAV,Telephone Field,recover-20220825,002,1795
1182.4695,1182.5053,68437,80896,Rhinolophus ferrumequinum,0.023,0.023,-1,Echolocation,/mnt/ubna_data_01_mir/recover-20220825/UBNA_002/20220823_033000.WAV,Telephone Field,recover-20220825,002,1795
1182.5065,1182.5169,44375,47533,Pipistrellus pipistrellus,0.035,0.043,-1,Echolocation,/mnt/ubna_data_01_mir/recover-20220825/UBNA_002/20220823_033000.WAV,Telephone Field,recover-20220825,002,1795
1182.5115,1182.5176,24609,35332,Plecotus austriacus,0.009,0.027,-1,Echolocation,/mnt/ubna_data_01_mir/recover-20220825/UBNA_002/20220823_033000.WAV,Telephone Field,recover-20220825,002,1795
1182.5115,1182.548,68437,82497,Rhinolophus ferrumequinum,0.022,0.022,-1,Echolocation,/mnt/ubna_data_01_mir/recover-20220825/UBNA_002/20220823_033000.WAV,Telephone Field,recover-20220825,002,1795
1182.5205,1182.5265,35781,53257,Myotis brandtii,0.01,0.026,-1,Echolocation,/mnt/ubna_data_01_mir/recover-20220825/UBNA_002/20220823_033000.WAV,Telephone Field,recover-20220825,002,1795
1182.5295,1182.5371,55546,60916,Pipistrellus pygmaeus,0.031,0.031,-1,Echolocation,/mnt/ubna_data_01_mir/recover-20220825/UBNA_002/20220823_033000.WAV,Telephone Field,recover-20220825,002,1795
1182.5435,1182.5822,68437,83248,Rhinolophus ferrumequinum,0.025,0.025,-1,Echolocation,/mnt/ubna_data_01_mir/recover-20220825/UBNA_002/20220823_033000.WAV,Telephone Field,recover-20220825,002,1795
1182.5455,1182.5535,28046,41357,Eptesicus serotinus,0.009,0.026,-1,Echolocation,/mnt/ubna_data_01_mir/recover-20220825/UBNA_002/20220823_033000.WAV,Telephone Field,recover-20220825,002,1795
1182.5815,1182.6209,68437,82404,Rhinolophus ferrumequinum,0.027,0.027,-1,Echolocation,/mnt/ubna_data_01_mir/recover-20220825/UBNA_002/20220823_033000.WAV,Telephone Field,recover-20220825,002,1795
1182.5855,1182.5942,28046,37843,Eptesicus serotinus,0.011,0.026,-1,Echolocation,/mnt/ubna_data_01_mir/recover-20220825/UBNA_002/20220823_033000.WAV,Telephone Field,recover-20220825,002,1795
1182.6105,1182.6166,32343,57656,Myotis brandtii,0.009,0.024,-1,Echolocation,/mnt/ubna_data_01_mir/recover-20220825/UBNA_002/20220823_033000.WAV,Telephone Field,recover-20220825,002,1795
1182.6115,1182.6182,40937,52118,Myotis brandtii,0.006,0.025,-1,Echolocation,/mnt/ubna_data_01_mir/recover-20220825/UBNA_002/20220823_033000.WAV,Telephone Field,recover-20220825,002,1795
1182.6315,1182.6375,30625,67359,Myotis brandtii,0.017,0.031,-1,Echolocation,/mnt/ubna_data_01_mir/recover-20220825/UBNA_002/20220823_033000.WAV,Telephone Field,recover-20220825,002,1795
1182.6315,1182.6387,40937,59375,Pipistrellus nathusii,0.457,0.529,-1,Echolocation,/mnt/ubna_data_01_mir/recover-20220825/UBNA_002/20220823_033000.WAV,Telephone Field,recover-20220825,002,1795
1182.6805,1182.6893,28046,41750,Eptesicus serotinus,0.009,0.024,-1,Echolocation,/mnt/ubna_data_01_mir/recover-20220825/UBNA_002/20220823_033000.WAV,Telephone Field,recover-20220825,002,1795
1182.6805,1182.6866,34921,47061,Myotis daubentonii,0.009,0.022,-1,Echolocation,/mnt/ubna_data_01_mir/recover-20220825/UBNA_002/20220823_033000.WAV,Telephone Field,recover-20220825,002,1795
1182.6915,1182.6984,54687,61818,Pipistrellus pygmaeus,0.021,0.022,-1,Echolocation,/mnt/ubna_data_01_mir/recover-20220825/UBNA_002/20220823_033000.WAV,Telephone Field,recover-20220825,002,1795
1182.6985,1182.7057,50390,55110,Pipistrellus pipistrellus,0.019,0.029,-1,Echolocation,/mnt/ubna_data_01_mir/recover-20220825/UBNA_002/20220823_033000.WAV,Telephone Field,recover-20220825,002,1795
1182.7015,1182.7086,40078,56133,Pipistrellus nathusii,0.502,0.598,-1,Echolocation,/mnt/ubna_data_01_mir/recover-20220825/UBNA_002/20220823_033000.WAV,Telephone Field,recover-20220825,002,1795
1182.7665,1182.8002,68437,81992,Rhinolophus ferrumequinum,0.024,0.024,-1,Echolocation,/mnt/ubna_data_01_mir/recover-20220825/UBNA_002/20220823_033000.WAV,Telephone Field,recover-20220825,002,1795
1182.7825,1182.788,28906,64162,Myotis bechsteinii,0.02,0.052,-1,Echolocation,/mnt/ubna_data_01_mir/recover-20220825/UBNA_002/20220823_033000.WAV,Telephone Field,recover-20220825,002,1795
1182.7825,1182.7905,37500,61669,Pipistrellus nathusii,0.447,0.519,-1,Echolocation,/mnt/ubna_data_01_mir/recover-20220825/UBNA_002/20220823_033000.WAV,Telephone Field,recover-20220825,002,1795
1182.7925,1182.7995,26328,36373,Eptesicus serotinus,0.008,0.028,-1,Echolocation,/mnt/ubna_data_01_mir/recover-20220825/UBNA_002/20220823_033000.WAV,Telephone Field,recover-20220825,002,1795
1182.7925,1182.7982,30625,43864,Myotis daubentonii,0.013,0.028,-1,Echolocation,/mnt/ubna_data_01_mir/recover-20220825/UBNA_002/20220823_033000.WAV,Telephone Field,recover-20220825,002,1795
1182.8455,1182.8801,68437,82450,Rhinolophus ferrumequinum,0.022,0.022,-1,Echolocation,/mnt/ubna_data_01_mir/recover-20220825/UBNA_002/20220823_033000.WAV,Telephone Field,recover-20220825,002,1795
1182.8465,1182.8538,28046,40277,Eptesicus serotinus,0.006,0.022,-1,Echolocation,/mnt/ubna_data_01_mir/recover-20220825/UBNA_002/20220823_033000.WAV,Telephone Field,recover-20220825,002,1795
1182.8555,1182.8624,28046,36770,Eptesicus serotinus,0.007,0.023,-1,Echolocation,/mnt/ubna_data_01_mir/recover-20220825/UBNA_002/20220823_033000.WAV,Telephone Field,recover-20220825,002,1795
1182.8685,1182.8762,38359,56752,Pipistrellus nathusii,0.365,0.456,-1,Echolocation,/mnt/ubna_data_01_mir/recover-20220825/UBNA_002/20220823_033000.WAV,Telephone Field,recover-20220825,002,1795
1182.9485,1182.9551,50390,58495,Pipistrellus pipistrellus,0.023,0.044,-1,Echolocation,/mnt/ubna_data_01_mir/recover-20220825/UBNA_002/20220823_033000.WAV,Telephone Field,recover-20220825,002,1795
1182.9525,1182.958,29765,70587,Myotis bechsteinii,0.041,0.086,-1,Echolocation,/mnt/ubna_data_01_mir/recover-20220825/UBNA_002/20220823_033000.WAV,Telephone Field,recover-20220825,002,1795
1182.9525,1182.9601,36640,62425,Pipistrellus nathusii,0.432,0.519,-1,Echolocation,/mnt/ubna_data_01_mir/recover-20220825/UBNA_002/20220823_033000.WAV,Telephone Field,recover-20220825,002,1795
1182.9625,1182.968,30625,41056,Myotis daubentonii,0.012,0.027,-1,Echolocation,/mnt/ubna_data_01_mir/recover-20220825/UBNA_002/20220823_033000.WAV,Telephone Field,recover-20220825,002,1795
1182.9755,1183.0167,68437,82668,Rhinolophus ferrumequinum,0.022,0.022,-1,Echolocation,/mnt/ubna_data_01_mir/recover-20220825/UBNA_002/20220823_033000.WAV,Telephone Field,recover-20220825,002,1795
1182.9865,1183.0235,68437,82877,Rhinolophus ferrumequinum,0.027,0.027,-1,Echolocation,/mnt/ubna_data_01_mir/recover-20220825/UBNA_002/20220823_033000.WAV,Telephone Field,recover-20220825,002,1795
1183.0455,1183.0539,56406,61742,Pipistrellus pygmaeus,0.052,0.053,-1,Echolocation,/mnt/ubna_data_01_mir/recover-20220825/UBNA_002/20220823_033000.WAV,Telephone Field,recover-20220825,002,1795
1183.0855,1183.0936,43515,50379,Pipistrellus pipistrellus,0.013,0.022,-1,Echolocation,/mnt/ubna_data_01_mir/recover-20220825/UBNA_002/20220823_033000.WAV,Telephone Field,recover-20220825,002,1795
1183.0875,1183.0974,26328,32373,Eptesicus serotinus,0.01,0.025,-1,Echolocation,/mnt/ubna_data_01_mir/recover-20220825/UBNA_002/20220823_033000.WAV,Telephone Field,recover-20220825,002,1795
1183.1015,1183.1098,37500,55459,Pipistrellus nathusii,0.333,0.441,-1,Echolocation,/mnt/ubna_data_01_mir/recover-20220825/UBNA_002/20220823_033000.WAV,Telephone Field,recover-20220825,002,1795
1183.1835,1183.1909,35781,60864,Pipistrellus nathusii,0.348,0.443,-1,Echolocation,/mnt/ubna_data_01_mir/recover-20220825/UBNA_002/20220823_033000.WAV,Telephone Field,recover-20220825,002,1795
1183.1845,1183.1898,28046,69014,Myotis bechsteinii,0.046,0.094,-1,Echolocation,/mnt/ubna_data_01_mir/recover-20220825/UBNA_002/20220823_033000.WAV,Telephone Field,recover-20220825,002,1795
1183.1935,1183.1987,31484,42385,Myotis daubentonii,0.011,0.028,-1,Echolocation,/mnt/ubna_data_01_mir/recover-20220825/UBNA_002/20220823_033000.WAV,Telephone Field,recover-20220825,002,1795
1183.2485,1183.2567,34921,43703,Barbastellus barbastellus,0.007,0.023,-1,Echolocation,/mnt/ubna_data_01_mir/recover-20220825/UBNA_002/20220823_033000.WAV,Telephone Field,recover-20220825,002,1795
1183.2915,1183.3254,68437,81057,Rhinolophus ferrumequinum,0.023,0.023,-1,Echolocation,/mnt/ubna_data_01_mir/recover-20220825/UBNA_002/20220823_033000.WAV,Telephone Field,recover-20220825,002,1795
1183.3175,1183.3275,53828,59850,Pipistrellus pygmaeus,0.034,0.036,-1,Echolocation,/mnt/ubna_data_01_mir/recover-20220825/UBNA_002/20220823_033000.WAV,Telephone Field,recover-20220825,002,1795
1183.3225,1183.3293,28046,60831,Myotis bechsteinii,0.013,0.04,-1,Echolocation,/mnt/ubna_data_01_mir/recover-20220825/UBNA_002/20220823_033000.WAV,Telephone Field,recover-20220825,002,1795
1183.3225,1183.3308,35781,56313,Pipistrellus nathusii,0.397,0.471,-1,Echolocation,/mnt/ubna_data_01_mir/recover-20220825/UBNA_002/20220823_033000.WAV,Telephone Field,recover-20220825,002,1795
1183.3225,1183.3556,68437,81072,Rhinolophus ferrumequinum,0.024,0.024,-1,Echolocation,/mnt/ubna_data_01_mir/recover-20220825/UBNA_002/20220823_033000.WAV,Telephone Field,recover-20220825,002,1795
1183.3325,1183.3404,27187,41098,Eptesicus serotinus,0.011,0.032,-1,Echolocation,/mnt/ubna_data_01_mir/recover-20220825/UBNA_002/20220823_033000.WAV,Telephone Field,recover-20220825,002,1795
1183.3435,1183.3543,24609,30429,Nyctalus leisleri,0.009,0.024,-1,Echolocation,/mnt/ubna_data_01_mir/recover-20220825/UBNA_002/20220823_033000.WAV,Telephone Field,recover-20220825,002,1795
1183.4085,1183.417,36640,63584,Pipistrellus nathusii,0.444,0.514,-1,Echolocation,/mnt/ubna_data_01_mir/recover-20220825/UBNA_002/20220823_033000.WAV,Telephone Field,recover-20220825,002,1795
1183.4195,1183.4262,27187,37258,Eptesicus serotinus,0.005,0.022,-1,Echolocation,/mnt/ubna_data_01_mir/recover-20220825/UBNA_002/20220823_033000.WAV,Telephone Field,recover-20220825,002,1795
1183.4515,1183.4601,27187,37209,Eptesicus serotinus,0.011,0.026,-1,Echolocation,/mnt/ubna_data_01_mir/recover-20220825/UBNA_002/20220823_033000.WAV,Telephone Field,recover-20220825,002,1795
1183.4895,1183.4961,48671,59019,Pipistrellus pipistrellus,0.037,0.068,-1,Echolocation,/mnt/ubna_data_01_mir/recover-20220825/UBNA_002/20220823_033000.WAV,Telephone Field,recover-20220825,002,1795
1183.4915,1183.5001,36640,64122,Pipistrellus nathusii,0.463,0.519,-1,Echolocation,/mnt/ubna_data_01_mir/recover-20220825/UBNA_002/20220823_033000.WAV,Telephone Field,recover-20220825,002,1795
1183.5025,1183.5085,35781,49234,Myotis brandtii,0.01,0.026,-1,Echolocation,/mnt/ubna_data_01_mir/recover-20220825/UBNA_002/20220823_033000.WAV,Telephone Field,recover-20220825,002,1795
1183.5405,1183.55,28906,36585,Eptesicus serotinus,0.01,0.022,-1,Echolocation,/mnt/ubna_data_01_mir/recover-20220825/UBNA_002/20220823_033000.WAV,Telephone Field,recover-20220825,002,1795
1183.5715,1183.5776,28906,64949,Myotis brandtii,0.015,0.052,-1,Echolocation,/mnt/ubna_data_01_mir/recover-20220825/UBNA_002/20220823_033000.WAV,Telephone Field,recover-20220825,002,1795
1183.5715,1183.5802,36640,63924,Pipistrellus nathusii,0.541,0.593,-1,Echolocation,/mnt/ubna_data_01_mir/recover-20220825/UBNA_002/20220823_033000.WAV,Telephone Field,recover-20220825,002,1795
1183.5825,1183.5885,34921,47294,Myotis brandtii,0.01,0.028,-1,Echolocation,/mnt/ubna_data_01_mir/recover-20220825/UBNA_002/20220823_033000.WAV,Telephone Field,recover-20220825,002,1795
1183.6325,1183.6692,68437,82296,Rhinolophus ferrumequinum,0.023,0.023,-1,Echolocation,/mnt/ubna_data_01_mir/recover-20220825/UBNA_002/20220823_033000.WAV,Telephone Field,recover-20220825,002,1795
1183.6435,1183.6507,28046,35726,Eptesicus serotinus,0.007,0.023,-1,Echolocation,/mnt/ubna_data_01_mir/recover-20220825/UBNA_002/20220823_033000.WAV,Telephone Field,recover-20220825,002,1795
1183.6515,1183.6574,49531,59010,Pipistrellus pipistrellus,0.018,0.031,-1,Echolocation,/mnt/ubna_data_01_mir/recover-20220825/UBNA_002/20220823_033000.WAV,Telephone Field,recover-20220825,002,1795
1183.6575,1183.665,40078,60250,Pipistrellus nathusii,0.554,0.609,-1,Echolocation,/mnt/ubna_data_01_mir/recover-20220825/UBNA_002/20220823_033000.WAV,Telephone Field,recover-20220825,002,1795
1183.6585,1183.6661,49531,56655,Pipistrellus pipistrellus,0.013,0.024,-1,Echolocation,/mnt/ubna_data_01_mir/recover-20220825/UBNA_002/20220823_033000.WAV,Telephone Field,recover-20220825,002,1795
1183.6655,1183.6709,32343,42537,Myotis daubentonii,0.011,0.026,-1,Echolocation,/mnt/ubna_data_01_mir/recover-20220825/UBNA_002/20220823_033000.WAV,Telephone Field,recover-20220825,002,1795
1183.6705,1183.7058,68437,81527,Rhinolophus ferrumequinum,0.024,0.025,-1,Echolocation,/mnt/ubna_data_01_mir/recover-20220825/UBNA_002/20220823_033000.WAV,Telephone Field,recover-20220825,002,1795
1183.7465,1183.7546,36640,60835,Pipistrellus nathusii,0.428,0.486,-1,Echolocation,/mnt/ubna_data_01_mir/recover-20220825/UBNA_002/20220823_033000.WAV,Telephone Field,recover-20220825,002,1795
1183.7475,1183.7535,28046,63698,Myotis bechsteinii,0.016,0.055,-1,Echolocation,/mnt/ubna_data_01_mir/recover-20220825/UBNA_002/20220823_033000.WAV,Telephone Field,recover-20220825,002,1795
1183.7575,1183.7662,28046,35971,Eptesicus serotinus,0.01,0.03,-1,Echolocation,/mnt/ubna_data_01_mir/recover-20220825/UBNA_002/20220823_033000.WAV,Telephone Field,recover-20220825,002,1795
1183.7615,1183.7926,68437,80747,Rhinolophus ferrumequinum,0.021,0.022,-1,Echolocation,/mnt/ubna_data_01_mir/recover-20220825/UBNA_002/20220823_033000.WAV,Telephone Field,recover-20220825,002,1795
1183.7905,1183.8266,68437,82102,Rhinolophus ferrumequinum,0.028,0.028,-1,Echolocation,/mnt/ubna_data_01_mir/recover-20220825/UBNA_002/20220823_033000.WAV,Telephone Field,recover-20220825,002,1795
1183.8025,1183.8108,28046,37664,Eptesicus serotinus,0.011,0.026,-1,Echolocation,/mnt/ubna_data_01_mir/recover-20220825/UBNA_002/20220823_033000.WAV,Telephone Field,recover-20220825,002,1795
1183.8155,1183.8516,68437,81615,Rhinolophus ferrumequinum,0.024,0.024,-1,Echolocation,/mnt/ubna_data_01_mir/recover-20220825/UBNA_002/20220823_033000.WAV,Telephone Field,recover-20220825,002,1795
1183.8425,1183.8501,37500,62893,Pipistrellus nathusii,0.466,0.544,-1,Echolocation,/mnt/ubna_data_01_mir/recover-20220825/UBNA_002/20220823_033000.WAV,Telephone Field,recover-20220825,002,1795
1183.8425,1183.8529,54687,61177,Pipistrellus pygmaeus,0.026,0.028,-1,Echolocation,/mnt/ubna_data_01_mir/recover-20220825/UBNA_002/20220823_033000.WAV,Telephone Field,recover-20220825,002,1795
1183.8525,1183.8585,30625,44658,Myotis daubentonii,0.012,0.024,-1,Echolocation,/mnt/ubna_data_01_mir/recover-20220825/UBNA_002/20220823_033000.WAV,Telephone Field,recover-20220825,002,1795
1183.8675,1183.8771,22890,30205,Plecotus austriacus,0.006,0.023,-1,Echolocation,/mnt/ubna_data_01_mir/recover-20220825/UBNA_002/20220823_033000.WAV,Telephone Field,recover-20220825,002,1795
1183.8735,1183.8826,26328,35397,Eptesicus serotinus,0.008,0.022,-1,Echolocation,/mnt/ubna_data_01_mir/recover-20220825/UBNA_002/20220823_033000.WAV,Telephone Field,recover-20220825,002,1795
1183.9075,1183.9436,68437,81819,Rhinolophus ferrumequinum,0.022,0.022,-1,Echolocation,/mnt/ubna_data_01_mir/recover-20220825/UBNA_002/20220823_033000.WAV,Telephone Field,recover-20220825,002,1795
1183.9315,1183.9396,36640,62678,Pipistrellus nathusii,0.416,0.476,-1,Echolocation,/mnt/ubna_data_01_mir/recover-20220825/UBNA_002/20220823_033000.WAV,Telephone Field,recover-20220825,002,1795
1183.9355,1183.9702,68437,81817,Rhinolophus ferrumequinum,0.026,0.026,-1,Echolocation,/mnt/ubna_data_01_mir/recover-20220825/UBNA_002/20220823_033000.WAV,Telephone Field,recover-20220825,002,1795
1183.9425,1183.9481,29765,41574,Myotis daubentonii,0.011,0.024,-1,Echolocation,/mnt/ubna_data_01_mir/recover-20220825/UBNA_002/20220823_033000.WAV,Telephone Field,recover-20220825,002,1795
1183.9885,1183.9983,25468,35194,Eptesicus serotinus,0.007,0.021,-1,Echolocation,/mnt/ubna_data_01_mir/recover-20220825/UBNA_002/20220823_033000.WAV,Telephone Field,recover-20220825,002,1795
1184.0015,1184.0091,25468,38065,Myotis nattereri,0.008,0.033,-1,Echolocation,/mnt/ubna_data_01_mir/recover-20220825/UBNA_002/20220823_033000.WAV,Telephone Field,recover-20220825,002,1795
1184.0015,1184.0339,68437,80149,Rhinolophus ferrumequinum,0.039,0.039,-1,Echolocation,/mnt/ubna_data_01_mir/recover-20220825/UBNA_002/20220823_033000.WAV,Telephone Field,recover-20220825,002,1795
1184.0015,1184.0099,48671,55167,Pipistrellus pipistrellus,0.016,0.024,-1,Echolocation,/mnt/ubna_data_01_mir/recover-20220825/UBNA_002/20220823_033000.WAV,Telephone Field,recover-20220825,002,1795
1184.0075,1184.0468,68437,82109,Rhinolophus ferrumequinum,0.029,0.029,-1,Echolocation,/mnt/ubna_data_01_mir/recover-20220825/UBNA_002/20220823_033000.WAV,Telephone Field,recover-20220825,002,1795
1184.0075,1184.0143,34921,47525,Myotis daubentonii,0.011,0.025,-1,Echolocation,/mnt/ubna_data_01_mir/recover-20220825/UBNA_002/20220823_033000.WAV,Telephone Field,recover-20220825,002,1795
1184.0265,1184.0353,37500,65240,Pipistrellus nathusii,0.25,0.446,-1,Echolocation,/mnt/ubna_data_01_mir/recover-20220825/UBNA_002/20220823_033000.WAV,Telephone Field,recover-20220825,002,1795
1184.0285,1184.0351,52109,60673,Pipistrellus pipistrellus,0.019,0.035,-1,Echolocation,/mnt/ubna_data_01_mir/recover-20220825/UBNA_002/20220823_033000.WAV,Telephone Field,recover-20220825,002,1795
1184.0365,1184.0442,27187,36563,Eptesicus serotinus,0.009,0.028,-1,Echolocation,/mnt/ubna_data_01_mir/recover-20220825/UBNA_002/20220823_033000.WAV,Telephone Field,recover-20220825,002,1795
1184.0595,1184.0716,28046,34941,Eptesicus serotinus,0.021,0.037,-1,Echolocation,/mnt/ubna_data_01_mir/recover-20220825/UBNA_002/20220823_033000.WAV,Telephone Field,recover-20220825,002,1795
1184.0705,1184.0789,28046,38310,Eptesicus serotinus,0.01,0.029,-1,Echolocation,/mnt/ubna_data_01_mir/recover-20220825/UBNA_002/20220823_033000.WAV,Telephone Field,recover-20220825,002,1795
1184.0705,1184.0777,34062,42887,Myotis daubentonii,0.009,0.024,-1,Echolocation,/mnt/ubna_data_01_mir/recover-20220825/UBNA_002/20220823_033000.WAV,Telephone Field,recover-20220825,002,1795
1184.0875,1184.0946,56406,61652,Pipistrellus pygmaeus,0.032,0.032,-1,Echolocation,/mnt/ubna_data_01_mir/recover-20220825/UBNA_002/20220823_033000.WAV,Telephone Field,recover-20220825,002,1795
1184.1215,1184.1287,35781,64632,Pipistrellus nathusii,0.228,0.387,-1,Echolocation,/mnt/ubna_data_01_mir/recover-20220825/UBNA_002/20220823_033000.WAV,Telephone Field,recover-20220825,002,1795
1184.1215,1184.1273,27187,65659,Myotis daubentonii,0.015,0.043,-1,Echolocation,/mnt/ubna_data_01_mir/recover-20220825/UBNA_002/20220823_033000.WAV,Telephone Field,recover-20220825,002,1795
1184.1305,1184.1371,26328,35848,Eptesicus serotinus,0.008,0.028,-1,Echolocation,/mnt/ubna_data_01_mir/recover-20220825/UBNA_002/20220823_033000.WAV,Telephone Field,recover-20220825,002,1795
1184.1375,1184.1709,68437,80659,Rhinolophus ferrumequinum,0.023,0.024,-1,Echolocation,/mnt/ubna_data_01_mir/recover-20220825/UBNA_002/20220823_033000.WAV,Telephone Field,recover-20220825,002,1795
1184.1645,1184.1747,22890,29288,Nyctalus leisleri,0.009,0.023,-1,Echolocation,/mnt/ubna_data_01_mir/recover-20220825/UBNA_002/20220823_033000.WAV,Telephone Field,recover-20220825,002,1795
1184.2145,1184.2201,30625,70474,Myotis bechsteinii,0.016,0.048,-1,Echolocation,/mnt/ubna_data_01_mir/recover-20220825/UBNA_002/20220823_033000.WAV,Telephone Field,recover-20220825,002,1795
1184.2145,1184.2211,38359,64698,Pipistrellus nathusii,0.337,0.43,-1,Echolocation,/mnt/ubna_data_01_mir/recover-20220825/UBNA_002/20220823_033000.WAV,Telephone Field,recover-20220825,002,1795
1184.2255,1184.2306,28906,41952,Myotis daubentonii,0.011,0.03,-1,Echolocation,/mnt/ubna_data_01_mir/recover-20220825/UBNA_002/20220823_033000.WAV,Telephone Field,recover-20220825,002,1795
1184.2565,1184.2646,28046,39790,Eptesicus serotinus,0.009,0.024,-1,Echolocation,/mnt/ubna_data_01_mir/recover-20220825/UBNA_002/20220823_033000.WAV,Telephone Field,recover-20220825,002,1795
1184.2885,1184.3033,25468,30873,Eptesicus serotinus,0.037,0.082,-1,Echolocation,/mnt/ubna_data_01_mir/recover-20220825/UBNA_002/20220823_033000.WAV,Telephone Field,recover-20220825,002,1795
1184.3045,1184.3111,46093,60677,Pipistrellus pipistrellus,0.023,0.066,-1,Echolocation,/mnt/ubna_data_01_mir/recover-20220825/UBNA_002/20220823_033000.WAV,Telephone Field,recover-20220825,002,1795
1184.3075,1184.3151,36640,63664,Pipistrellus nathusii,0.429,0.485,-1,Echolocation,/mnt/ubna_data_01_mir/recover-20220825/UBNA_002/20220823_033000.WAV,Telephone Field,recover-20220825,002,1795
1184.3175,1184.3227,30625,42829,Myotis daubentonii,0.015,0.028,-1,Echolocation,/mnt/ubna_data_01_mir/recover-20220825/UBNA_002/20220823_033000.WAV,Telephone Field,recover-20220825,002,1795
1184.3395,1184.3516,27187,33603,Eptesicus serotinus,0.012,0.026,-1,Echolocation,/mnt/ubna_data_01_mir/recover-20220825/UBNA_002/20220823_033000.WAV,Telephone Field,recover-20220825,002,1795
1184.3655,1184.373,24609,33918,Plecotus auritus,0.008,0.027,-1,Echolocation,/mnt/ubna_data_01_mir/recover-20220825/UBNA_002/20220823_033000.WAV,Telephone Field,recover-20220825,002,1795
1184.3965,1184.406,46093,49371,Pipistrellus pipistrellus,0.027,0.032,-1,Echolocation,/mnt/ubna_data_01_mir/recover-20220825/UBNA_002/20220823_033000.WAV,Telephone Field,recover-20220825,002,1795
1184.4405,1184.4752,68437,81314,Rhinolophus ferrumequinum,0.023,0.023,-1,Echolocation,/mnt/ubna_data_01_mir/recover-20220825/UBNA_002/20220823_033000.WAV,Telephone Field,recover-20220825,002,1795
1184.4415,1184.4476,36640,52737,Myotis daubentonii,0.014,0.025,-1,Echolocation,/mnt/ubna_data_01_mir/recover-20220825/UBNA_002/20220823_033000.WAV,Telephone Field,recover-20220825,002,1795
1184.4415,1184.4484,29765,54911,Myotis daubentonii,0.015,0.024,-1,Echolocation,/mnt/ubna_data_01_mir/recover-20220825/UBNA_002/20220823_033000.WAV,Telephone Field,recover-20220825,002,1795
1184.4655,1184.475,44375,49527,Pipistrellus pipistrellus,0.021,0.024,-1,Echolocation,/mnt/ubna_data_01_mir/recover-20220825/UBNA_002/20220823_033000.WAV,Telephone Field,recover-20220825,002,1795
1184.4795,1184.5093,68437,79015,Rhinolophus ferrumequinum,0.021,0.023,-1,Echolocation,/mnt/ubna_data_01_mir/recover-20220825/UBNA_002/20220823_033000.WAV,Telephone Field,recover-20220825,002,1795
1184.4825,1184.492,36640,66563,Pipistrellus nathusii,0.41,0.481,-1,Echolocation,/mnt/ubna_data_01_mir/recover-20220825/UBNA_002/20220823_033000.WAV,Telephone Field,recover-20220825,002,1795
1184.4925,1184.4997,26328,38995,Eptesicus serotinus,0.009,0.029,-1,Echolocation,/mnt/ubna_data_01_mir/recover-20220825/UBNA_002/20220823_033000.WAV,Telephone Field,recover-20220825,002,1795
1184.4935,1184.499,31484,46713,Myotis daubentonii,0.016,0.031,-1,Echolocation,/mnt/ubna_data_01_mir/recover-20220825/UBNA_002/20220823_033000.WAV,Telephone Field,recover-20220825,002,1795
1184.5335,1184.5405,28046,38445,Eptesicus serotinus,0.007,0.024,-1,Echolocation,/mnt/ubna_data_01_mir/recover-20220825/UBNA_002/20220823_033000.WAV,Telephone Field,recover-20220825,002,1795
1184.5695,1184.577,48671,57272,Pipistrellus pipistrellus,0.015,0.027,-1,Echolocation,/mnt/ubna_data_01_mir/recover-20220825/UBNA_002/20220823_033000.WAV,Telephone Field,recover-20220825,002,1795
1184.5755,1184.5824,35781,58198,Pipistrellus nathusii,0.343,0.531,-1,Echolocation,/mnt/ubna_data_01_mir/recover-20220825/UBNA_002/20220823_033000.WAV,Telephone Field,recover-20220825,002,1795
1184.5765,1184.5822,26328,72072,Myotis bechsteinii,0.024,0.061,-1,Echolocation,/mnt/ubna_data_01_mir/recover-20220825/UBNA_002/20220823_033000.WAV,Telephone Field,recover-20220825,002,1795
1184.5865,1184.592,31484,43807,Myotis daubentonii,0.016,0.027,-1,Echolocation,/mnt/ubna_data_01_mir/recover-20220825/UBNA_002/20220823_033000.WAV,Telephone Field,recover-20220825,002,1795
1184.5865,1184.5937,26328,35086,Eptesicus serotinus,0.007,0.024,-1,Echolocation,/mnt/ubna_data_01_mir/recover-20220825/UBNA_002/20220823_033000.WAV,Telephone Field,recover-20220825,002,1795
1184.5895,1184.6203,68437,80576,Rhinolophus ferrumequinum,0.024,0.024,-1,Echolocation,/mnt/ubna_data_01_mir/recover-20220825/UBNA_002/20220823_033000.WAV,Telephone Field,recover-20220825,002,1795
1184.6495,1184.6557,31484,77121,Myotis bechsteinii,0.031,0.07,-1,Echolocation,/mnt/ubna_data_01_mir/recover-20220825/UBNA_002/20220823_033000.WAV,Telephone Field,recover-20220825,002,1795
1184.6505,1184.6575,37500,69090,Pipistrellus nathusii,0.344,0.42,-1,Echolocation,/mnt/ubna_data_01_mir/recover-20220825/UBNA_002/20220823_033000.WAV,Telephone Field,recover-20220825,002,1795
1184.6505,1184.6586,52968,64364,Pipistrellus pygmaeus,0.025,0.041,-1,Echolocation,/mnt/ubna_data_01_mir/recover-20220825/UBNA_002/20220823_033000.WAV,Telephone Field,recover-20220825,002,1795
1184.6595,1184.6659,26328,37519,Eptesicus serotinus,0.006,0.023,-1,Echolocation,/mnt/ubna_data_01_mir/recover-20220825/UBNA_002/20220823_033000.WAV,Telephone Field,recover-20220825,002,1795
1184.6605,1184.6662,32343,47619,Myotis daubentonii,0.013,0.023,-1,Echolocation,/mnt/ubna_data_01_mir/recover-20220825/UBNA_002/20220823_033000.WAV,Telephone Field,recover-20220825,002,1795
1184.6965,1184.735,68437,82559,Rhinolophus ferrumequinum,0.023,0.023,-1,Echolocation,/mnt/ubna_data_01_mir/recover-20220825/UBNA_002/20220823_033000.WAV,Telephone Field,recover-20220825,002,1795
1184.7245,1184.731,39218,65231,Pipistrellus nathusii,0.239,0.433,-1,Echolocation,/mnt/ubna_data_01_mir/recover-20220825/UBNA_002/20220823_033000.WAV,Telephone Field,recover-20220825,002,1795
1184.7265,1184.7334,51250,57939,Pipistrellus pipistrellus,0.022,0.038,-1,Echolocation,/mnt/ubna_data_01_mir/recover-20220825/UBNA_002/20220823_033000.WAV,Telephone Field,recover-20220825,002,1795
1184.7345,1184.7406,36640,50478,Myotis daubentonii,0.011,0.028,-1,Echolocation,/mnt/ubna_data_01_mir/recover-20220825/UBNA_002/20220823_033000.WAV,Telephone Field,recover-20220825,002,1795
1184.7765,1184.7843,50390,59225,Pipistrellus pipistrellus,0.018,0.033,-1,Echolocation,/mnt/ubna_data_01_mir/recover-20220825/UBNA_002/20220823_033000.WAV,Telephone Field,recover-20220825,002,1795
1184.7795,1184.7858,37500,75515,Myotis daubentonii,0.15,0.322,-1,Echolocation,/mnt/ubna_data_01_mir/recover-20220825/UBNA_002/20220823_033000.WAV,Telephone Field,recover-20220825,002,1795
1184.7815,1184.7866,50390,57350,Pipistrellus pipistrellus,0.017,0.034,-1,Echolocation,/mnt/ubna_data_01_mir/recover-20220825/UBNA_002/20220823_033000.WAV,Telephone Field,recover-20220825,002,1795
1184.8175,1184.824,37500,73271,Myotis daubentonii,0.196,0.347,-1,Echolocation,/mnt/ubna_data_01_mir/recover-20220825/UBNA_002/20220823_033000.WAV,Telephone Field,recover-20220825,002,1795
1184.8185,1184.8289,55546,62638,Pipistrellus pygmaeus,0.039,0.042,-1,Echolocation,/mnt/ubna_data_01_mir/recover-20220825/UBNA_002/20220823_033000.WAV,Telephone Field,recover-20220825,002,1795
1184.8195,1184.8267,46953,56165,Pipistrellus pipistrellus,0.027,0.043,-1,Echolocation,/mnt/ubna_data_01_mir/recover-20220825/UBNA_002/20220823_033000.WAV,Telephone Field,recover-20220825,002,1795
1184.8395,1184.8492,25468,31195,Nyctalus leisleri,0.01,0.027,-1,Echolocation,/mnt/ubna_data_01_mir/recover-20220825/UBNA_002/20220823_033000.WAV,Telephone Field,recover-20220825,002,1795
1184.8525,1184.8582,37500,69925,Myotis daubentonii,0.162,0.328,-1,Echolocation,/mnt/ubna_data_01_mir/recover-20220825/UBNA_002/20220823_033000.WAV,Telephone Field,recover-20220825,002,1795
1184.8545,1184.8601,46953,56557,Pipistrellus pipistrellus,0.047,0.086,-1,Echolocation,/mnt/ubna_data_01_mir/recover-20220825/UBNA_002/20220823_033000.WAV,Telephone Field,recover-20220825,002,1795
1184.8695,1184.8769,55546,64033,Pipistrellus pygmaeus,0.024,0.025,-1,Echolocation,/mnt/ubna_data_01_mir/recover-20220825/UBNA_002/20220823_033000.WAV,Telephone Field,recover-20220825,002,1795
1184.8705,1184.8749,37500,65365,Myotis daubentonii,0.072,0.182,-1,Echolocation,/mnt/ubna_data_01_mir/recover-20220825/UBNA_002/20220823_033000.WAV,Telephone Field,recover-20220825,002,1795
1184.8705,1184.8764,47812,57303,Pipistrellus pipistrellus,0.024,0.037,-1,Echolocation,/mnt/ubna_data_01_mir/recover-20220825/UBNA_002/20220823_033000.WAV,Telephone Field,recover-20220825,002,1795
1184.8865,1184.8964,54687,62602,Pipistrellus pygmaeus,0.023,0.024,-1,Echolocation,/mnt/ubna_data_01_mir/recover-20220825/UBNA_002/20220823_033000.WAV,Telephone Field,recover-20220825,002,1795
1184.8865,1184.8918,35781,67951,Myotis daubentonii,0.132,0.266,-1,Echolocation,/mnt/ubna_data_01_mir/recover-20220825/UBNA_002/20220823_033000.WAV,Telephone Field,recover-20220825,002,1795
1184.9035,1184.9097,26328,63326,Myotis nattereri,0.014,0.035,-1,Echolocation,/mnt/ubna_data_01_mir/recover-20220825/UBNA_002/20220823_033000.WAV,Telephone Field,recover-20220825,002,1795
1184.9035,1184.9138,54687,63121,Pipistrellus pygmaeus,0.03,0.031,-1,Echolocation,/mnt/ubna_data_01_mir/recover-20220825/UBNA_002/20220823_033000.WAV,Telephone Field,recover-20220825,002,1795
1184.9035,1184.908,37500,69966,Myotis daubentonii,0.074,0.214,-1,Echolocation,/mnt/ubna_data_01_mir/recover-20220825/UBNA_002/20220823_033000.WAV,Telephone Field,recover-20220825,002,1795
1184.9175,1184.9223,37500,65115,Myotis daubentonii,0.072,0.135,-1,Echolocation,/mnt/ubna_data_01_mir/recover-20220825/UBNA_002/20220823_033000.WAV,Telephone Field,recover-20220825,002,1795
1184.9175,1184.9261,55546,63125,Pipistrellus pygmaeus,0.025,0.026,-1,Echolocation,/mnt/ubna_data_01_mir/recover-20220825/UBNA_002/20220823_033000.WAV,Telephone Field,recover-20220825,002,1795
1184.9285,1184.9345,37500,64666,Myotis daubentonii,0.06,0.104,-1,Echolocation,/mnt/ubna_data_01_mir/recover-20220825/UBNA_002/20220823_033000.WAV,Telephone Field,recover-20220825,002,1795
1184.9295,1184.9373,55546,63604,Pipistrellus pygmaeus,0.026,0.027,-1,Echolocation,/mnt/ubna_data_01_mir/recover-20220825/UBNA_002/20220823_033000.WAV,Telephone Field,recover-20220825,002,1795
1184.9405,1184.9466,56406,64379,Pipistrellus pygmaeus,0.031,0.032,-1,Echolocation,/mnt/ubna_data_01_mir/recover-20220825/UBNA_002/20220823_033000.WAV,Telephone Field,recover-20220825,002,1795
1184.9405,1184.946,37500,60309,Myotis daubentonii,0.055,0.077,-1,Echolocation,/mnt/ubna_data_01_mir/recover-20220825/UBNA_002/20220823_033000.WAV,Telephone Field,recover-20220825,002,1795
1184.9525,1184.9594,26328,58677,Eptesicus serotinus,0.014,0.042,-1,Echolocation,/mnt/ubna_data_01_mir/recover-20220825/UBNA_002/20220823_033000.WAV,Telephone Field,recover-20220825,002,1795
1184.9525,1184.9575,35781,59908,Myotis daubentonii,0.042,0.067,-1,Echolocation,/mnt/ubna_data_01_mir/recover-20220825/UBNA_002/20220823_033000.WAV,Telephone Field,recover-20220825,002,1795
1184.9525,1184.9579,48671,59385,Pipistrellus pipistrellus,0.026,0.029,-1,Echolocation,/mnt/ubna_data_01_mir/recover-20220825/UBNA_002/20220823_033000.WAV,Telephone Field,recover-20220825,002,1795
1184.9625,1184.9682,35781,57546,Myotis daubentonii,0.027,0.04,-1,Echolocation,/mnt/ubna_data_01_mir/recover-20220825/UBNA_002/20220823_033000.WAV,Telephone Field,recover-20220825,002,1795
1184.9635,1184.9703,46093,53965,Pipistrellus pipistrellus,0.029,0.033,-1,Echolocation,/mnt/ubna_data_01_mir/recover-20220825/UBNA_002/20220823_033000.WAV,Telephone Field,recover-20220825,002,1795
1184.9695,1184.976,30625,63405,Myotis daubentonii,0.024,0.031,-1,Echolocation,/mnt/ubna_data_01_mir/recover-20220825/UBNA_002/20220823_033000.WAV,Telephone Field,recover-20220825,002,1795
1184.9735,1184.9801,46953,56045,Pipistrellus pipistrellus,0.028,0.031,-1,Echolocation,/mnt/ubna_data_01_mir/recover-20220825/UBNA_002/20220823_033000.WAV,Telephone Field,recover-20220825,002,1795
1184.9765,1184.9826,28046,60982,Myotis daubentonii,0.017,0.028,-1,Echolocation,/mnt/ubna_data_01_mir/recover-20220825/UBNA_002/20220823_033000.WAV,Telephone Field,recover-20220825,002,1795
1184.9825,1184.9879,34921,62200,Myotis daubentonii,0.037,0.055,-1,Echolocation,/mnt/ubna_data_01_mir/recover-20220825/UBNA_002/20220823_033000.WAV,Telephone Field,recover-20220825,002,1795
1184.9825,1184.9885,52109,61166,Pipistrellus pipistrellus,0.028,0.03,-1,Echolocation,/mnt/ubna_data_01_mir/recover-20220825/UBNA_002/20220823_033000.WAV,Telephone Field,recover-20220825,002,1795
1184.9855,1184.9913,28906,70958,Myotis daubentonii,0.026,0.038,-1,Echolocation,/mnt/ubna_data_01_mir/recover-20220825/UBNA_002/20220823_033000.WAV,Telephone Field,recover-20220825,002,1795
1184.9905,1184.9973,49531,57360,Pipistrellus pipistrellus,0.023,0.024,-1,Echolocation,/mnt/ubna_data_01_mir/recover-20220825/UBNA_002/20220823_033000.WAV,Telephone Field,recover-20220825,002,1795
1184.9905,1184.9956,37500,59883,Myotis daubentonii,0.026,0.044,-1,Echolocation,/mnt/ubna_data_01_mir/recover-20220825/UBNA_002/20220823_033000.WAV,Telephone Field,recover-20220825,002,1795
1185.0035,1185.0079,26328,54000,Myotis daubentonii,0.055,0.128,-1,Echolocation,/mnt/ubna_data_01_mir/recover-20220825/UBNA_002/20220823_033000.WAV,Telephone Field,recover-20220825,002,1795
1185.0685,1185.1066,68437,82285,Rhinolophus ferrumequinum,0.023,0.023,-1,Echolocation,/mnt/ubna_data_01_mir/recover-20220825/UBNA_002/20220823_033000.WAV,Telephone Field,recover-20220825,002,1795
1185.1125,1185.1185,28046,46619,Myotis daubentonii,0.009,0.033,-1,Echolocation,/mnt/ubna_data_01_mir/recover-20220825/UBNA_002/20220823_033000.WAV,Telephone Field,recover-20220825,002,1795
1185.1595,1185.1651,32343,60707,Myotis daubentonii,0.014,0.036,-1,Echolocation,/mnt/ubna_data_01_mir/recover-20220825/UBNA_002/20220823_033000.WAV,Telephone Field,recover-20220825,002,1795
1185.1615,1185.1703,43515,57418,Pipistrellus nathusii,0.373,0.519,-1,Echolocation,/mnt/ubna_data_01_mir/recover-20220825/UBNA_002/20220823_033000.WAV,Telephone Field,recover-20220825,002,1795
1185.1775,1185.1871,54687,61056,Pipistrellus pygmaeus,0.027,0.028,-1,Echolocation,/mnt/ubna_data_01_mir/recover-20220825/UBNA_002/20220823_033000.WAV,Telephone Field,recover-20220825,002,1795
1185.2005,1185.2072,48671,53665,Pipistrellus pipistrellus,0.023,0.024,-1,Echolocation,/mnt/ubna_data_01_mir/recover-20220825/UBNA_002/20220823_033000.WAV,Telephone Field,recover-20220825,002,1795
1185.2275,1185.2359,48671,53151,Pipistrellus pipistrellus,0.027,0.031,-1,Echolocation,/mnt/ubna_data_01_mir/recover-20220825/UBNA_002/20220823_033000.WAV,Telephone Field,recover-20220825,002,1795
1185.2505,1185.2571,52968,61847,Pipistrellus pygmaeus,0.054,0.069,-1,Echolocation,/mnt/ubna_data_01_mir/recover-20220825/UBNA_002/20220823_033000.WAV,Telephone Field,recover-20220825,002,1795
1185.2515,1185.2581,39218,67152,Pipistrellus nathusii,0.344,0.458,-1,Echolocation,/mnt/ubna_data_01_mir/recover-20220825/UBNA_002/20220823_033000.WAV,Telephone Field,recover-20220825,002,1795
1185.2625,1185.2693,35781,57887,Myotis daubentonii,0.012,0.027,-1,Echolocation,/mnt/ubna_data_01_mir/recover-20220825/UBNA_002/20220823_033000.WAV,Telephone Field,recover-20220825,002,1795
1185.2815,1185.3207,68437,82762,Rhinolophus ferrumequinum,0.028,0.028,-1,Echolocation,/mnt/ubna_data_01_mir/recover-20220825/UBNA_002/20220823_033000.WAV,Telephone Field,recover-20220825,002,1795
1185.3105,1185.3202,26328,33303,Eptesicus serotinus,0.014,0.03,-1,Echolocation,/mnt/ubna_data_01_mir/recover-20220825/UBNA_002/20220823_033000.WAV,Telephone Field,recover-20220825,002,1795
1185.3245,1185.3315,40937,71620,Pipistrellus nathusii,0.286,0.413,-1,Echolocation,/mnt/ubna_data_01_mir/recover-20220825/UBNA_002/20220823_033000.WAV,Telephone Field,recover-20220825,002,1795
1185.3345,1185.3402,31484,42581,Myotis daubentonii,0.013,0.024,-1,Echolocation,/mnt/ubna_data_01_mir/recover-20220825/UBNA_002/20220823_033000.WAV,Telephone Field,recover-20220825,002,1795
1185.3345,1185.341,40937,53700,Myotis daubentonii,0.009,0.027,-1,Echolocation,/mnt/ubna_data_01_mir/recover-20220825/UBNA_002/20220823_033000.WAV,Telephone Field,recover-20220825,002,1795
1185.3765,1185.3821,34062,45890,Myotis daubentonii,0.016,0.034,-1,Echolocation,/mnt/ubna_data_01_mir/recover-20220825/UBNA_002/20220823_033000.WAV,Telephone Field,recover-20220825,002,1795
1185.3965,1185.4302,68437,80839,Rhinolophus ferrumequinum,0.024,0.024,-1,Echolocation,/mnt/ubna_data_01_mir/recover-20220825/UBNA_002/20220823_033000.WAV,Telephone Field,recover-20220825,002,1795
1185.4165,1185.4556,68437,82859,Rhinolophus ferrumequinum,0.028,0.028,-1,Echolocation,/mnt/ubna_data_01_mir/recover-20220825/UBNA_002/20220823_033000.WAV,Telephone Field,recover-20220825,002,1795
1185.4725,1185.4794,51250,60277,Pipistrellus pipistrellus,0.014,0.032,-1,Echolocation,/mnt/ubna_data_01_mir/recover-20220825/UBNA_002/20220823_033000.WAV,Telephone Field,recover-20220825,002,1795
1185.4745,1185.4796,29765,83328,Myotis brandtii,0.027,0.072,-1,Echolocation,/mnt/ubna_data_01_mir/recover-20220825/UBNA_002/20220823_033000.WAV,Telephone Field,recover-20220825,002,1795
1185.4745,1185.4805,40078,68795,Pipistrellus nathusii,0.303,0.51,-1,Echolocation,/mnt/ubna_data_01_mir/recover-20220825/UBNA_002/20220823_033000.WAV,Telephone Field,recover-20220825,002,1795
1185.4875,1185.4988,28906,34284,Eptesicus serotinus,0.009,0.026,-1,Echolocation,/mnt/ubna_data_01_mir/recover-20220825/UBNA_002/20220823_033000.WAV,Telephone Field,recover-20220825,002,1795
1185.4895,1185.5002,24609,31062,Eptesicus serotinus,0.009,0.025,-1,Echolocation,/mnt/ubna_data_01_mir/recover-20220825/UBNA_002/20220823_033000.WAV,Telephone Field,recover-20220825,002,1795
1185.5325,1185.5415,28046,33923,Eptesicus serotinus,0.013,0.029,-1,Echolocation,/mnt/ubna_data_01_mir/recover-20220825/UBNA_002/20220823_033000.WAV,Telephone Field,recover-20220825,002,1795
1185.5415,1185.5517,51250,58829,Pipistrellus pygmaeus,0.025,0.036,-1,Echolocation,/mnt/ubna_data_01_mir/recover-20220825/UBNA_002/20220823_033000.WAV,Telephone Field,recover-20220825,002,1795
1185.5455,1185.5518,40078,62888,Myotis daubentonii,0.197,0.499,-1,Echolocation,/mnt/ubna_data_01_mir/recover-20220825/UBNA_002/20220823_033000.WAV,Telephone Field,recover-20220825,002,1795
1185.5455,1185.5512,29765,78769,Myotis brandtii,0.027,0.065,-1,Echolocation,/mnt/ubna_data_01_mir/recover-20220825/UBNA_002/20220823_033000.WAV,Telephone Field,recover-20220825,002,1795
1185.5475,1185.5542,49531,55603,Pipistrellus pipistrellus,0.019,0.033,-1,Echolocation,/mnt/ubna_data_01_mir/recover-20220825/UBNA_002/20220823_033000.WAV,Telephone Field,recover-20220825,002,1795
1185.5685,1185.5762,25468,34704,Eptesicus serotinus,0.007,0.024,-1,Echolocation,/mnt/ubna_data_01_mir/recover-20220825/UBNA_002/20220823_033000.WAV,Telephone Field,recover-20220825,002,1795
1185.6225,1185.6329,52968,57761,Pipistrellus pygmaeus,0.026,0.029,-1,Echolocation,/mnt/ubna_data_01_mir/recover-20220825/UBNA_002/20220823_033000.WAV,Telephone Field,recover-20220825,002,1795
1185.6265,1185.6326,40078,62882,Pipistrellus nathusii,0.269,0.517,-1,Echolocation,/mnt/ubna_data_01_mir/recover-20220825/UBNA_002/20220823_033000.WAV,Telephone Field,recover-20220825,002,1795
1185.6605,1185.6709,28046,35600,Eptesicus serotinus,0.014,0.027,-1,Echolocation,/mnt/ubna_data_01_mir/recover-20220825/UBNA_002/20220823_033000.WAV,Telephone Field,recover-20220825,002,1795
1185.6675,1185.6743,49531,56790,Pipistrellus pipistrellus,0.022,0.024,-1,Echolocation,/mnt/ubna_data_01_mir/recover-20220825/UBNA_002/20220823_033000.WAV,Telephone Field,recover-20220825,002,1795
1185.7085,1185.7151,41796,61968,Pipistrellus nathusii,0.196,0.465,-1,Echolocation,/mnt/ubna_data_01_mir/recover-20220825/UBNA_002/20220823_033000.WAV,Telephone Field,recover-20220825,002,1795
1185.7095,1185.7195,55546,61421,Pipistrellus pygmaeus,0.028,0.029,-1,Echolocation,/mnt/ubna_data_01_mir/recover-20220825/UBNA_002/20220823_033000.WAV,Telephone Field,recover-20220825,002,1795
1185.7275,1185.7656,68437,82227,Rhinolophus ferrumequinum,0.024,0.024,-1,Echolocation,/mnt/ubna_data_01_mir/recover-20220825/UBNA_002/20220823_033000.WAV,Telephone Field,recover-20220825,002,1795
1185.7385,1185.7525,24609,29303,Nyctalus leisleri,0.142,0.291,-1,Echolocation,/mnt/ubna_data_01_mir/recover-20220825/UBNA_002/20220823_033000.WAV,Telephone Field,recover-20220825,002,1795
1185.7975,1185.8043,40078,59403,Pipistrellus nathusii,0.317,0.505,-1,Echolocation,/mnt/ubna_data_01_mir/recover-20220825/UBNA_002/20220823_033000.WAV,Telephone Field,recover-20220825,002,1795
1185.7985,1185.8039,51250,57732,Pipistrellus pipistrellus,0.015,0.029,-1,Echolocation,/mnt/ubna_data_01_mir/recover-20220825/UBNA_002/20220823_033000.WAV,Telephone Field,recover-20220825,002,1795
1185.8065,1185.8148,28046,37184,Eptesicus serotinus,0.008,0.024,-1,Echolocation,/mnt/ubna_data_01_mir/recover-20220825/UBNA_002/20220823_033000.WAV,Telephone Field,recover-20220825,002,1795
1185.8385,1185.8771,68437,82190,Rhinolophus ferrumequinum,0.025,0.026,-1,Echolocation,/mnt/ubna_data_01_mir/recover-20220825/UBNA_002/20220823_033000.WAV,Telephone Field,recover-20220825,002,1795
1185.8555,1185.8643,28906,37278,Eptesicus serotinus,0.01,0.023,-1,Echolocation,/mnt/ubna_data_01_mir/recover-20220825/UBNA_002/20220823_033000.WAV,Telephone Field,recover-20220825,002,1795
1185.8645,1185.8734,28906,35548,Eptesicus serotinus,0.011,0.024,-1,Echolocation,/mnt/ubna_data_01_mir/recover-20220825/UBNA_002/20220823_033000.WAV,Telephone Field,recover-20220825,002,1795
1185.8795,1185.887,40937,62091,Pipistrellus nathusii,0.318,0.493,-1,Echolocation,/mnt/ubna_data_01_mir/recover-20220825/UBNA_002/20220823_033000.WAV,Telephone Field,recover-20220825,002,1795
1185.8795,1185.8849,31484,70156,Myotis brandtii,0.032,0.074,-1,Echolocation,/mnt/ubna_data_01_mir/recover-20220825/UBNA_002/20220823_033000.WAV,Telephone Field,recover-20220825,002,1795
1185.8885,1185.8986,42656,50924,Pipistrellus nathusii,0.015,0.028,-1,Echolocation,/mnt/ubna_data_01_mir/recover-20220825/UBNA_002/20220823_033000.WAV,Telephone Field,recover-20220825,002,1795
1185.9415,1185.9795,68437,81618,Rhinolophus ferrumequinum,0.025,0.025,-1,Echolocation,/mnt/ubna_data_01_mir/recover-20220825/UBNA_002/20220823_033000.WAV,Telephone Field,recover-20220825,002,1795
1185.9535,1185.9615,27187,34466,Eptesicus serotinus,0.009,0.023,-1,Echolocation,/mnt/ubna_data_01_mir/recover-20220825/UBNA_002/20220823_033000.WAV,Telephone Field,recover-20220825,002,1795
1185.9665,1185.9735,40078,66382,Myotis daubentonii,0.22,0.495,-1,Echolocation,/mnt/ubna_data_01_mir/recover-20220825/UBNA_002/20220823_033000.WAV,Telephone Field,recover-20220825,002,1795
1185.9665,1185.9723,32343,74152,Myotis brandtii,0.048,0.107,-1,Echolocation,/mnt/ubna_data_01_mir/recover-20220825/UBNA_002/20220823_033000.WAV,Telephone Field,recover-20220825,002,1795
1185.9665,1185.9725,49531,59775,Pipistrellus pipistrellus,0.023,0.047,-1,Echolocation,/mnt/ubna_data_01_mir/recover-20220825/UBNA_002/20220823_033000.WAV,Telephone Field,recover-20220825,002,1795
1185.9765,1185.9816,30625,41129,Myotis daubentonii,0.016,0.032,-1,Echolocation,/mnt/ubna_data_01_mir/recover-20220825/UBNA_002/20220823_033000.WAV,Telephone Field,recover-20220825,002,1795
1186.0015,1186.0101,34062,42344,Myotis daubentonii,0.007,0.027,-1,Echolocation,/mnt/ubna_data_01_mir/recover-20220825/UBNA_002/20220823_033000.WAV,Telephone Field,recover-20220825,002,1795
1186.0015,1186.035,68437,80678,Rhinolophus ferrumequinum,0.044,0.045,-1,Echolocation,/mnt/ubna_data_01_mir/recover-20220825/UBNA_002/20220823_033000.WAV,Telephone Field,recover-20220825,002,1795
1186.0015,1186.0093,26328,44775,Myotis nattereri,0.008,0.029,-1,Echolocation,/mnt/ubna_data_01_mir/recover-20220825/UBNA_002/20220823_033000.WAV,Telephone Field,recover-20220825,002,1795
1186.0105,1186.0185,24609,33038,Plecotus austriacus,0.007,0.024,-1,Echolocation,/mnt/ubna_data_01_mir/recover-20220825/UBNA_002/20220823_033000.WAV,Telephone Field,recover-20220825,002,1795
1186.0195,1186.0597,68437,82826,Rhinolophus ferrumequinum,0.023,0.023,-1,Echolocation,/mnt/ubna_data_01_mir/recover-20220825/UBNA_002/20220823_033000.WAV,Telephone Field,recover-20220825,002,1795
1186.0555,1186.0629,40937,59526,Pipistrellus nathusii,0.333,0.48,-1,Echolocation,/mnt/ubna_data_01_mir/recover-20220825/UBNA_002/20220823_033000.WAV,Telephone Field,recover-20220825,002,1795
1186.1035,1186.1275,17734,20314,Nyctalus noctula,0.034,0.053,-1,Echolocation,/mnt/ubna_data_01_mir/recover-20220825/UBNA_002/20220823_033000.WAV,Telephone Field,recover-20220825,002,1795
1186.1175,1186.1232,43515,56928,Pipistrellus pipistrellus,0.303,0.578,-1,Echolocation,/mnt/ubna_data_01_mir/recover-20220825/UBNA_002/20220823_033000.WAV,Telephone Field,recover-20220825,002,1795
1186.1185,1186.124,31484,63762,Myotis brandtii,0.014,0.036,-1,Echolocation,/mnt/ubna_data_01_mir/recover-20220825/UBNA_002/20220823_033000.WAV,Telephone Field,recover-20220825,002,1795
1186.1735,1186.1798,41796,59210,Pipistrellus nathusii,0.218,0.505,-1,Echolocation,/mnt/ubna_data_01_mir/recover-20220825/UBNA_002/20220823_033000.WAV,Telephone Field,recover-20220825,002,1795
1186.1745,1186.1796,29765,83364,Myotis bechsteinii,0.031,0.089,-1,Echolocation,/mnt/ubna_data_01_mir/recover-20220825/UBNA_002/20220823_033000.WAV,Telephone Field,recover-20220825,002,1795
1186.1985,1186.239,68437,82653,Rhinolophus ferrumequinum,0.023,0.023,-1,Echolocation,/mnt/ubna_data_01_mir/recover-20220825/UBNA_002/20220823_033000.WAV,Telephone Field,recover-20220825,002,1795
1186.2255,1186.2377,28046,34097,Eptesicus serotinus,0.011,0.023,-1,Echolocation,/mnt/ubna_data_01_mir/recover-20220825/UBNA_002/20220823_033000.WAV,Telephone Field,recover-20220825,002,1795
1186.2435,1186.2543,23750,29057,Nyctalus leisleri,0.012,0.025,-1,Echolocation,/mnt/ubna_data_01_mir/recover-20220825/UBNA_002/20220823_033000.WAV,Telephone Field,recover-20220825,002,1795
1186.2515,1186.257,31484,76320,Myotis brandtii,0.022,0.058,-1,Echolocation,/mnt/ubna_data_01_mir/recover-20220825/UBNA_002/20220823_033000.WAV,Telephone Field,recover-20220825,002,1795
1186.2515,1186.2575,40937,58341,Pipistrellus nathusii,0.195,0.453,-1,Echolocation,/mnt/ubna_data_01_mir/recover-20220825/UBNA_002/20220823_033000.WAV,Telephone Field,recover-20220825,002,1795
1186.2615,1186.2717,24609,30383,Nyctalus leisleri,0.011,0.028,-1,Echolocation,/mnt/ubna_data_01_mir/recover-20220825/UBNA_002/20220823_033000.WAV,Telephone Field,recover-20220825,002,1795
1186.3035,1186.3136,24609,31233,Nyctalus leisleri,0.008,0.023,-1,Echolocation,/mnt/ubna_data_01_mir/recover-20220825/UBNA_002/20220823_033000.WAV,Telephone Field,recover-20220825,002,1795
1186.3275,1186.3336,41796,61143,Pipistrellus nathusii,0.223,0.473,-1,Echolocation,/mnt/ubna_data_01_mir/recover-20220825/UBNA_002/20220823_033000.WAV,Telephone Field,recover-20220825,002,1795
1186.3285,1186.3336,30625,78261,Myotis brandtii,0.02,0.057,-1,Echolocation,/mnt/ubna_data_01_mir/recover-20220825/UBNA_002/20220823_033000.WAV,Telephone Field,recover-20220825,002,1795
1186.3415,1186.3518,28046,34326,Eptesicus serotinus,0.009,0.023,-1,Echolocation,/mnt/ubna_data_01_mir/recover-20220825/UBNA_002/20220823_033000.WAV,Telephone Field,recover-20220825,002,1795
1186.3875,1186.3979,54687,59495,Pipistrellus pygmaeus,0.027,0.028,-1,Echolocation,/mnt/ubna_data_01_mir/recover-20220825/UBNA_002/20220823_033000.WAV,Telephone Field,recover-20220825,002,1795
1186.3875,1186.3931,32343,66141,Myotis brandtii,0.013,0.046,-1,Echolocation,/mnt/ubna_data_01_mir/recover-20220825/UBNA_002/20220823_033000.WAV,Telephone Field,recover-20220825,002,1795
1186.3875,1186.3948,43515,53282,Pipistrellus pipistrellus,0.116,0.17,-1,Echolocation,/mnt/ubna_data_01_mir/recover-20220825/UBNA_002/20220823_033000.WAV,Telephone Field,recover-20220825,002,1795
1186.4105,1186.4184,28046,42789,Eptesicus serotinus,0.008,0.023,-1,Echolocation,/mnt/ubna_data_01_mir/recover-20220825/UBNA_002/20220823_033000.WAV,Telephone Field,recover-20220825,002,1795
1186.4275,1186.4378,28906,36561,Eptesicus serotinus,0.011,0.024,-1,Echolocation,/mnt/ubna_data_01_mir/recover-20220825/UBNA_002/20220823_033000.WAV,Telephone Field,recover-20220825,002,1795
1186.4475,1186.4534,42656,54136,Pipistrellus nathusii,0.077,0.248,-1,Echolocation,/mnt/ubna_data_01_mir/recover-20220825/UBNA_002/20220823_033000.WAV,Telephone Field,recover-20220825,002,1795
1186.4485,1186.4535,30625,73189,Myotis brandtii,0.018,0.06,-1,Echolocation,/mnt/ubna_data_01_mir/recover-20220825/UBNA_002/20220823_033000.WAV,Telephone Field,recover-20220825,002,1795
1186.4675,1186.4794,23750,29110,Nyctalus leisleri,0.012,0.026,-1,Echolocation,/mnt/ubna_data_01_mir/recover-20220825/UBNA_002/20220823_033000.WAV,Telephone Field,recover-20220825,002,1795
1186.5265,1186.5352,43515,49919,Pipistrellus pipistrellus,0.035,0.072,-1,Echolocation,/mnt/ubna_data_01_mir/recover-20220825/UBNA_002/20220823_033000.WAV,Telephone Field,recover-20220825,002,1795
1186.5295,1186.5654,68437,82062,Rhinolophus ferrumequinum,0.023,0.023,-1,Echolocation,/mnt/ubna_data_01_mir/recover-20220825/UBNA_002/20220823_033000.WAV,Telephone Field,recover-20220825,002,1795
1186.5525,1186.561,24609,32601,Eptesicus serotinus,0.007,0.026,-1,Echolocation,/mnt/ubna_data_01_mir/recover-20220825/UBNA_002/20220823_033000.WAV,Telephone Field,recover-20220825,002,1795
1186.5645,1186.5713,43515,48565,Pipistrellus pipistrellus,0.101,0.129,-1,Echolocation,/mnt/ubna_data_01_mir/recover-20220825/UBNA_002/20220823_033000.WAV,Telephone Field,recover-20220825,002,1795
1186.5755,1186.6149,68437,82259,Rhinolophus ferrumequinum,0.024,0.024,-1,Echolocation,/mnt/ubna_data_01_mir/recover-20220825/UBNA_002/20220823_033000.WAV,Telephone Field,recover-20220825,002,1795
1186.5965,1186.607,28046,35152,Eptesicus serotinus,0.065,0.094,-1,Echolocation,/mnt/ubna_data_01_mir/recover-20220825/UBNA_002/20220823_033000.WAV,Telephone Field,recover-20220825,002,1795
1186.6595,1186.6707,25468,32096,Eptesicus serotinus,0.012,0.031,-1,Echolocation,/mnt/ubna_data_01_mir/recover-20220825/UBNA_002/20220823_033000.WAV,Telephone Field,recover-20220825,002,1795
1186.7455,1186.7567,23750,30449,Nyctalus leisleri,0.009,0.024,-1,Echolocation,/mnt/ubna_data_01_mir/recover-20220825/UBNA_002/20220823_033000.WAV,Telephone Field,recover-20220825,002,1795
1186.7705,1186.778,28046,42250,Eptesicus serotinus,0.008,0.024,-1,Echolocation,/mnt/ubna_data_01_mir/recover-20220825/UBNA_002/20220823_033000.WAV,Telephone Field,recover-20220825,002,1795
1186.7935,1186.8037,45234,48141,Pipistrellus pipistrellus,0.026,0.029,-1,Echolocation,/mnt/ubna_data_01_mir/recover-20220825/UBNA_002/20220823_033000.WAV,Telephone Field,recover-20220825,002,1795
1186.8125,1186.8534,68437,81936,Rhinolophus ferrumequinum,0.024,0.024,-1,Echolocation,/mnt/ubna_data_01_mir/recover-20220825/UBNA_002/20220823_033000.WAV,Telephone Field,recover-20220825,002,1795
1186.8235,1186.8314,57265,65105,Pipistrellus pygmaeus,0.025,0.025,-1,Echolocation,/mnt/ubna_data_01_mir/recover-20220825/UBNA_002/20220823_033000.WAV,Telephone Field,recover-20220825,002,1795
1186.8515,1186.8613,24609,35527,Eptesicus serotinus,0.01,0.031,-1,Echolocation,/mnt/ubna_data_01_mir/recover-20220825/UBNA_002/20220823_033000.WAV,Telephone Field,recover-20220825,002,1795
1186.8645,1186.8787,23750,29667,Nyctalus leisleri,0.268,0.582,-1,Echolocation,/mnt/ubna_data_01_mir/recover-20220825/UBNA_002/20220823_033000.WAV,Telephone Field,recover-20220825,002,1795
1186.8825,1186.8934,28906,34677,Eptesicus serotinus,0.012,0.028,-1,Echolocation,/mnt/ubna_data_01_mir/recover-20220825/UBNA_002/20220823_033000.WAV,Telephone Field,recover-20220825,002,1795
1186.9125,1186.9207,28046,42934,Eptesicus serotinus,0.008,0.023,-1,Echolocation,/mnt/ubna_data_01_mir/recover-20220825/UBNA_002/20220823_033000.WAV,Telephone Field,recover-20220825,002,1795
1186.9415,1186.98,68437,83014,Rhinolophus ferrumequinum,0.028,0.028,-1,Echolocation,/mnt/ubna_data_01_mir/recover-20220825/UBNA_002/20220823_033000.WAV,Telephone Field,recover-20220825,002,1795
1186.9475,1186.958,23750,31498,Nyctalus leisleri,0.012,0.043,-1,Echolocation,/mnt/ubna_data_01_mir/recover-20220825/UBNA_002/20220823_033000.WAV,Telephone Field,recover-20220825,002,1795
1186.9945,1187.0056,25468,32845,Eptesicus serotinus,0.014,0.029,-1,Echolocation,/mnt/ubna_data_01_mir/recover-20220825/UBNA_002/20220823_033000.WAV,Telephone Field,recover-20220825,002,1795
1187.0025,1187.0156,23750,28761,Nyctalus leisleri,0.017,0.041,-1,Echolocation,/mnt/ubna_data_01_mir/recover-20220825/UBNA_002/20220823_033000.WAV,Telephone Field,recover-20220825,002,1795
1187.0095,1187.0188,40937,50006,Pipistrellus nathusii,0.014,0.033,-1,Echolocation,/mnt/ubna_data_01_mir/recover-20220825/UBNA_002/20220823_033000.WAV,Telephone Field,recover-20220825,002,1795
1187.0425,1187.0495,28046,45528,Myotis daubentonii,0.007,0.025,-1,Echolocation,/mnt/ubna_data_01_mir/recover-20220825/UBNA_002/20220823_033000.WAV,Telephone Field,recover-20220825,002,1795
1187.0545,1187.095,68437,82681,Rhinolophus ferrumequinum,0.025,0.025,-1,Echolocation,/mnt/ubna_data_01_mir/recover-20220825/UBNA_002/20220823_033000.WAV,Telephone Field,recover-20220825,002,1795
1187.0945,1187.1342,68437,82559,Rhinolophus ferrumequinum,0.024,0.024,-1,Echolocation,/mnt/ubna_data_01_mir/recover-20220825/UBNA_002/20220823_033000.WAV,Telephone Field,recover-20220825,002,1795
1187.1375,1187.1771,68437,82285,Rhinolophus ferrumequinum,0.023,0.023,-1,Echolocation,/mnt/ubna_data_01_mir/recover-20220825/UBNA_002/20220823_033000.WAV,Telephone Field,recover-20220825,002,1795
1187.1445,1187.182,68437,82501,Rhinolophus ferrumequinum,0.027,0.027,-1,Echolocation,/mnt/ubna_data_01_mir/recover-20220825/UBNA_002/20220823_033000.WAV,Telephone Field,recover-20220825,002,1795
1187.1525,1187.1734,21171,24409,Nyctalus noctula,0.038,0.081,-1,Echolocation,/mnt/ubna_data_01_mir/recover-20220825/UBNA_002/20220823_033000.WAV,Telephone Field,recover-20220825,002,1795
1187.1535,1187.1633,44375,48078,Pipistrellus pipistrellus,0.022,0.028,-1,Echolocation,/mnt/ubna_data_01_mir/recover-20220825/UBNA_002/20220823_033000.WAV,Telephone Field,recover-20220825,002,1795
1187.1745,1187.2112,68437,82276,Rhinolophus ferrumequinum,0.025,0.025,-1,Echolocation,/mnt/ubna_data_01_mir/recover-20220825/UBNA_002/20220823_033000.WAV,Telephone Field,recover-20220825,002,1795
1187.1985,1187.2054,38359,49830,Myotis daubentonii,0.053,0.147,-1,Echolocation,/mnt/ubna_data_01_mir/recover-20220825/UBNA_002/20220823_033000.WAV,Telephone Field,recover-20220825,002,1795
1187.2215,1187.2362,23750,32434,Eptesicus serotinus,0.325,0.644,-1,Echolocation,/mnt/ubna_data_01_mir/recover-20220825/UBNA_002/20220823_033000.WAV,Telephone Field,recover-20220825,002,1795
1187.2495,1187.286,68437,81888,Rhinolophus ferrumequinum,0.028,0.028,-1,Echolocation,/mnt/ubna_data_01_mir/recover-20220825/UBNA_002/20220823_033000.WAV,Telephone Field,recover-20220825,002,1795
1187.2555,1187.2634,28906,42164,Eptesicus serotinus,0.008,0.03,-1,Echolocation,/mnt/ubna_data_01_mir/recover-20220825/UBNA_002/20220823_033000.WAV,Telephone Field,recover-20220825,002,1795
1187.2575,1187.264,24609,36430,Plecotus austriacus,0.011,0.03,-1,Echolocation,/mnt/ubna_data_01_mir/recover-20220825/UBNA_002/20220823_033000.WAV,Telephone Field,recover-20220825,002,1795
1187.2595,1187.2663,41796,53987,Myotis brandtii,0.007,0.029,-1,Echolocation,/mnt/ubna_data_01_mir/recover-20220825/UBNA_002/20220823_033000.WAV,Telephone Field,recover-20220825,002,1795
1187.2645,1187.3005,68437,81813,Rhinolophus ferrumequinum,0.023,0.023,-1,Echolocation,/mnt/ubna_data_01_mir/recover-20220825/UBNA_002/20220823_033000.WAV,Telephone Field,recover-20220825,002,1795
1187.3005,1187.3103,28906,36992,Eptesicus serotinus,0.012,0.027,-1,Echolocation,/mnt/ubna_data_01_mir/recover-20220825/UBNA_002/20220823_033000.WAV,Telephone Field,recover-20220825,002,1795
1187.3105,1187.3504,68437,82146,Rhinolophus ferrumequinum,0.027,0.027,-1,Echolocation,/mnt/ubna_data_01_mir/recover-20220825/UBNA_002/20220823_033000.WAV,Telephone Field,recover-20220825,002,1795
1187.3755,1187.3821,38359,48050,Myotis daubentonii,0.011,0.034,-1,Echolocation,/mnt/ubna_data_01_mir/recover-20220825/UBNA_002/20220823_033000.WAV,Telephone Field,recover-20220825,002,1795
1187.4015,1187.4133,24609,29550,Nyctalus leisleri,0.229,0.464,-1,Echolocation,/mnt/ubna_data_01_mir/recover-20220825/UBNA_002/20220823_033000.WAV,Telephone Field,recover-20220825,002,1795
1187.4875,1187.4942,28046,41240,Eptesicus serotinus,0.007,0.027,-1,Echolocation,/mnt/ubna_data_01_mir/recover-20220825/UBNA_002/20220823_033000.WAV,Telephone Field,recover-20220825,002,1795
1187.5345,1187.5723,68437,81903,Rhinolophus ferrumequinum,0.024,0.024,-1,Echolocation,/mnt/ubna_data_01_mir/recover-20220825/UBNA_002/20220823_033000.WAV,Telephone Field,recover-20220825,002,1795
1187.5575,1187.5648,28046,44752,Eptesicus serotinus,0.007,0.023,-1,Echolocation,/mnt/ubna_data_01_mir/recover-20220825/UBNA_002/20220823_033000.WAV,Telephone Field,recover-20220825,002,1795
1187.6155,1187.623,26328,37224,Eptesicus serotinus,0.007,0.023,-1,Echolocation,/mnt/ubna_data_01_mir/recover-20220825/UBNA_002/20220823_033000.WAV,Telephone Field,recover-20220825,002,1795
1187.6205,1187.6628,68437,82895,Rhinolophus ferrumequinum,0.025,0.025,-1,Echolocation,/mnt/ubna_data_01_mir/recover-20220825/UBNA_002/20220823_033000.WAV,Telephone Field,recover-20220825,002,1795
1187.6335,1187.647,23750,32050,Eptesicus serotinus,0.283,0.644,-1,Echolocation,/mnt/ubna_data_01_mir/recover-20220825/UBNA_002/20220823_033000.WAV,Telephone Field,recover-20220825,002,1795
1187.7045,1187.7418,68437,82138,Rhinolophus ferrumequinum,0.023,0.023,-1,Echolocation,/mnt/ubna_data_01_mir/recover-20220825/UBNA_002/20220823_033000.WAV,Telephone Field,recover-20220825,002,1795
1187.7075,1187.715,53828,58309,Pipistrellus pygmaeus,0.023,0.024,-1,Echolocation,/mnt/ubna_data_01_mir/recover-20220825/UBNA_002/20220823_033000.WAV,Telephone Field,recover-20220825,002,1795
1187.7265,1187.7371,24609,30545,Nyctalus leisleri,0.009,0.024,-1,Echolocation,/mnt/ubna_data_01_mir/recover-20220825/UBNA_002/20220823_033000.WAV,Telephone Field,recover-20220825,002,1795
1187.7535,1187.7624,46953,56091,Pipistrellus pipistrellus,0.029,0.034,-1,Echolocation,/mnt/ubna_data_01_mir/recover-20220825/UBNA_002/20220823_033000.WAV,Telephone Field,recover-20220825,002,1795
1187.7595,1187.7676,28906,40731,Eptesicus serotinus,0.008,0.025,-1,Echolocation,/mnt/ubna_data_01_mir/recover-20220825/UBNA_002/20220823_033000.WAV,Telephone Field,recover-20220825,002,1795
1187.7845,1187.7915,44375,48639,Pipistrellus pipistrellus,0.023,0.025,-1,Echolocation,/mnt/ubna_data_01_mir/recover-20220825/UBNA_002/20220823_033000.WAV,Telephone Field,recover-20220825,002,1795
1187.8225,1187.8303,25468,38750,Eptesicus serotinus,0.011,0.037,-1,Echolocation,/mnt/ubna_data_01_mir/recover-20220825/UBNA_002/20220823_033000.WAV,Telephone Field,recover-20220825,002,1795
1187.8725,1187.8865,24609,29367,Nyctalus leisleri,0.227,0.417,-1,Echolocation,/mnt/ubna_data_01_mir/recover-20220825/UBNA_002/20220823_033000.WAV,Telephone Field,recover-20220825,002,1795
1187.8975,1187.9327,68437,81838,Rhinolophus ferrumequinum,0.023,0.023,-1,Echolocation,/mnt/ubna_data_01_mir/recover-20220825/UBNA_002/20220823_033000.WAV,Telephone Field,recover-20220825,002,1795
1187.9065,1187.9136,54687,61338,Pipistrellus pygmaeus,0.025,0.025,-1,Echolocation,/mnt/ubna_data_01_mir/recover-20220825/UBNA_002/20220823_033000.WAV,Telephone Field,recover-20220825,002,1795
1187.9155,1187.9538,68437,82263,Rhinolophus ferrumequinum,0.026,0.026,-1,Echolocation,/mnt/ubna_data_01_mir/recover-20220825/UBNA_002/20220823_033000.WAV,Telephone Field,recover-20220825,002,1795
1187.9355,1187.9441,44375,51280,Pipistrellus pipistrellus,0.217,0.322,-1,Echolocation,/mnt/ubna_data_01_mir/recover-20220825/UBNA_002/20220823_033000.WAV,Telephone Field,recover-20220825,002,1795
1187.9805,1187.9909,28046,37733,Eptesicus serotinus,0.011,0.025,-1,Echolocation,/mnt/ubna_data_01_mir/recover-20220825/UBNA_002/20220823_033000.WAV,Telephone Field,recover-20220825,002,1795
1188.0015,1188.0152,22031,28109,Nyctalus leisleri,0.014,0.034,-1,Echolocation,/mnt/ubna_data_01_mir/recover-20220825/UBNA_002/20220823_033000.WAV,Telephone Field,recover-20220825,002,1795
1188.0015,1188.0337,68437,80057,Rhinolophus ferrumequinum,0.047,0.048,-1,Echolocation,/mnt/ubna_data_01_mir/recover-20220825/UBNA_002/20220823_033000.WAV,Telephone Field,recover-20220825,002,1795
1188.0125,1188.0255,26328,31497,Eptesicus serotinus,0.043,0.086,-1,Echolocation,/mnt/ubna_data_01_mir/recover-20220825/UBNA_002/20220823_033000.WAV,Telephone Field,recover-20220825,002,1795
1188.0195,1188.0301,41796,49622,Pipistrellus nathusii,0.008,0.023,-1,Echolocation,/mnt/ubna_data_01_mir/recover-20220825/UBNA_002/20220823_033000.WAV,Telephone Field,recover-20220825,002,1795
1188.0265,1188.0362,25468,33364,Eptesicus serotinus,0.008,0.023,-1,Echolocation,/mnt/ubna_data_01_mir/recover-20220825/UBNA_002/20220823_033000.WAV,Telephone Field,recover-20220825,002,1795
1188.0565,1188.0662,39218,43405,Pipistrellus nathusii,0.018,0.027,-1,Echolocation,/mnt/ubna_data_01_mir/recover-20220825/UBNA_002/20220823_033000.WAV,Telephone Field,recover-20220825,002,1795
1188.0875,1188.1263,68437,82422,Rhinolophus ferrumequinum,0.022,0.022,-1,Echolocation,/mnt/ubna_data_01_mir/recover-20220825/UBNA_002/20220823_033000.WAV,Telephone Field,recover-20220825,002,1795
1188.1435,1188.1825,68437,82801,Rhinolophus ferrumequinum,0.027,0.027,-1,Echolocation,/mnt/ubna_data_01_mir/recover-20220825/UBNA_002/20220823_033000.WAV,Telephone Field,recover-20220825,002,1795
1188.1485,1188.1594,25468,35011,Eptesicus serotinus,0.387,0.585,-1,Echolocation,/mnt/ubna_data_01_mir/recover-20220825/UBNA_002/20220823_033000.WAV,Telephone Field,recover-20220825,002,1795
1188.1695,1188.2071,68437,82575,Rhinolophus ferrumequinum,0.022,0.022,-1,Echolocation,/mnt/ubna_data_01_mir/recover-20220825/UBNA_002/20220823_033000.WAV,Telephone Field,recover-20220825,002,1795
1188.1865,1188.2266,68437,82294,Rhinolophus ferrumequinum,0.023,0.024,-1,Echolocation,/mnt/ubna_data_01_mir/recover-20220825/UBNA_002/20220823_033000.WAV,Telephone Field,recover-20220825,002,1795
1188.2025,1188.2424,68437,82520,Rhinolophus ferrumequinum,0.031,0.031,-1,Echolocation,/mnt/ubna_data_01_mir/recover-20220825/UBNA_002/20220823_033000.WAV,Telephone Field,recover-20220825,002,1795
1188.2215,1188.2281,28906,39952,Eptesicus serotinus,0.008,0.029,-1,Echolocation,/mnt/ubna_data_01_mir/recover-20220825/UBNA_002/20220823_033000.WAV,Telephone Field,recover-20220825,002,1795
1188.2225,1188.262,68437,82659,Rhinolophus ferrumequinum,0.022,0.022,-1,Echolocation,/mnt/ubna_data_01_mir/recover-20220825/UBNA_002/20220823_033000.WAV,Telephone Field,recover-20220825,002,1795
1188.2395,1188.2467,27187,43124,Eptesicus serotinus,0.008,0.027,-1,Echolocation,/mnt/ubna_data_01_mir/recover-20220825/UBNA_002/20220823_033000.WAV,Telephone Field,recover-20220825,002,1795
1188.2405,1188.2504,42656,46920,Pipistrellus pipistrellus,0.035,0.062,-1,Echolocation,/mnt/ubna_data_01_mir/recover-20220825/UBNA_002/20220823_033000.WAV,Telephone Field,recover-20220825,002,1795
1188.2555,1188.2904,68437,80962,Rhinolophus ferrumequinum,0.023,0.023,-1,Echolocation,/mnt/ubna_data_01_mir/recover-20220825/UBNA_002/20220823_033000.WAV,Telephone Field,recover-20220825,002,1795
1188.2735,1188.3112,68437,81341,Rhinolophus ferrumequinum,0.023,0.023,-1,Echolocation,/mnt/ubna_data_01_mir/recover-20220825/UBNA_002/20220823_033000.WAV,Telephone Field,recover-20220825,002,1795
1188.2755,1188.2838,26328,34894,Eptesicus serotinus,0.307,0.641,-1,Echolocation,/mnt/ubna_data_01_mir/recover-20220825/UBNA_002/20220823_033000.WAV,Telephone Field,recover-20220825,002,1795
1188.2805,1188.3169,68437,82307,Rhinolophus ferrumequinum,0.023,0.023,-1,Echolocation,/mnt/ubna_data_01_mir/recover-20220825/UBNA_002/20220823_033000.WAV,Telephone Field,recover-20220825,002,1795
1188.3005,1188.3381,68437,82148,Rhinolophus ferrumequinum,0.022,0.023,-1,Echolocation,/mnt/ubna_data_01_mir/recover-20220825/UBNA_002/20220823_033000.WAV,Telephone Field,recover-20220825,002,1795
1188.3125,1188.3316,19453,22874,Nyctalus leisleri,0.014,0.029,-1,Echolocation,/mnt/ubna_data_01_mir/recover-20220825/UBNA_002/20220823_033000.WAV,Telephone Field,recover-20220825,002,1795
1188.3235,1188.3349,57265,61909,Pipistrellus pygmaeus,0.038,0.038,-1,Echolocation,/mnt/ubna_data_01_mir/recover-20220825/UBNA_002/20220823_033000.WAV,Telephone Field,recover-20220825,002,1795
1188.3365,1188.3778,68437,82683,Rhinolophus ferrumequinum,0.031,0.031,-1,Echolocation,/mnt/ubna_data_01_mir/recover-20220825/UBNA_002/20220823_033000.WAV,Telephone Field,recover-20220825,002,1795
1188.4415,1188.4818,68437,82642,Rhinolophus ferrumequinum,0.026,0.026,-1,Echolocation,/mnt/ubna_data_01_mir/recover-20220825/UBNA_002/20220823_033000.WAV,Telephone Field,recover-20220825,002,1795
1188.4485,1188.4613,22031,26137,Nyctalus leisleri,0.015,0.026,-1,Echolocation,/mnt/ubna_data_01_mir/recover-20220825/UBNA_002/20220823_033000.WAV,Telephone Field,recover-20220825,002,1795
1188.4755,1188.4828,27187,38268,Eptesicus serotinus,0.006,0.021,-1,Echolocation,/mnt/ubna_data_01_mir/recover-20220825/UBNA_002/20220823_033000.WAV,Telephone Field,recover-20220825,002,1795
1188.4805,1188.521,68437,82636,Rhinolophus ferrumequinum,0.025,0.025,-1,Echolocation,/mnt/ubna_data_01_mir/recover-20220825/UBNA_002/20220823_033000.WAV,Telephone Field,recover-20220825,002,1795
1188.4885,1188.4945,34062,43948,Barbastellus barbastellus,0.006,0.022,-1,Echolocation,/mnt/ubna_data_01_mir/recover-20220825/UBNA_002/20220823_033000.WAV,Telephone Field,recover-20220825,002,1795
1188.4915,1188.5013,45234,54402,Pipistrellus pipistrellus,0.017,0.034,-1,Echolocation,/mnt/ubna_data_01_mir/recover-20220825/UBNA_002/20220823_033000.WAV,Telephone Field,recover-20220825,002,1795
1188.4935,1188.5333,68437,82722,Rhinolophus ferrumequinum,0.039,0.039,-1,Echolocation,/mnt/ubna_data_01_mir/recover-20220825/UBNA_002/20220823_033000.WAV,Telephone Field,recover-20220825,002,1795
1188.4935,1188.5064,24609,37044,Eptesicus serotinus,0.459,0.683,-1,Echolocation,/mnt/ubna_data_01_mir/recover-20220825/UBNA_002/20220823_033000.WAV,Telephone Field,recover-20220825,002,1795
1188.4955,1188.5,33203,43140,Myotis bechsteinii,0.007,0.032,-1,Echolocation,/mnt/ubna_data_01_mir/recover-20220825/UBNA_002/20220823_033000.WAV,Telephone Field,recover-20220825,002,1795
1188.4995,1188.5098,50390,54287,Pipistrellus pygmaeus,0.046,0.071,-1,Echolocation,/mnt/ubna_data_01_mir/recover-20220825/UBNA_002/20220823_033000.WAV,Telephone Field,recover-20220825,002,1795
1188.5035,1188.5104,23750,31049,Nyctalus leisleri,0.009,0.027,-1,Echolocation,/mnt/ubna_data_01_mir/recover-20220825/UBNA_002/20220823_033000.WAV,Telephone Field,recover-20220825,002,1795
1188.5805,1188.6225,68437,82921,Rhinolophus ferrumequinum,0.026,0.026,-1,Echolocation,/mnt/ubna_data_01_mir/recover-20220825/UBNA_002/20220823_033000.WAV,Telephone Field,recover-20220825,002,1795
1188.6025,1188.6416,68437,81766,Rhinolophus ferrumequinum,0.022,0.023,-1,Echolocation,/mnt/ubna_data_01_mir/recover-20220825/UBNA_002/20220823_033000.WAV,Telephone Field,recover-20220825,002,1795
1188.6185,1188.6325,22890,27116,Nyctalus leisleri,0.017,0.032,-1,Echolocation,/mnt/ubna_data_01_mir/recover-20220825/UBNA_002/20220823_033000.WAV,Telephone Field,recover-20220825,002,1795
1188.6375,1188.6473,28906,36764,Eptesicus serotinus,0.01,0.022,-1,Echolocation,/mnt/ubna_data_01_mir/recover-20220825/UBNA_002/20220823_033000.WAV,Telephone Field,recover-20220825,002,1795
1188.6475,1188.6563,28906,40978,Eptesicus serotinus,0.01,0.026,-1,Echolocation,/mnt/ubna_data_01_mir/recover-20220825/UBNA_002/20220823_033000.WAV,Telephone Field,recover-20220825,002,1795
1188.7195,1188.726,26328,37305,Eptesicus serotinus,0.004,0.022,-1,Echolocation,/mnt/ubna_data_01_mir/recover-20220825/UBNA_002/20220823_033000.WAV,Telephone Field,recover-20220825,002,1795
1188.7255,1188.7652,68437,82306,Rhinolophus ferrumequinum,0.022,0.022,-1,Echolocation,/mnt/ubna_data_01_mir/recover-20220825/UBNA_002/20220823_033000.WAV,Telephone Field,recover-20220825,002,1795
1188.7355,1188.748,24609,36157,Eptesicus serotinus,0.474,0.692,-1,Echolocation,/mnt/ubna_data_01_mir/recover-20220825/UBNA_002/20220823_033000.WAV,Telephone Field,recover-20220825,002,1795
1188.7395,1188.7454,55546,61271,Pipistrellus pygmaeus,0.023,0.024,-1,Echolocation,/mnt/ubna_data_01_mir/recover-20220825/UBNA_002/20220823_033000.WAV,Telephone Field,recover-20220825,002,1795
1188.7455,1188.7525,26328,34810,Nyctalus leisleri,0.007,0.038,-1,Echolocation,/mnt/ubna_data_01_mir/recover-20220825/UBNA_002/20220823_033000.WAV,Telephone Field,recover-20220825,002,1795
1188.7465,1188.7532,36640,47350,Barbastellus barbastellus,0.007,0.022,-1,Echolocation,/mnt/ubna_data_01_mir/recover-20220825/UBNA_002/20220823_033000.WAV,Telephone Field,recover-20220825,002,1795
1188.7745,1188.7901,22031,25469,Nyctalus leisleri,0.019,0.031,-1,Echolocation,/mnt/ubna_data_01_mir/recover-20220825/UBNA_002/20220823_033000.WAV,Telephone Field,recover-20220825,002,1795
1188.7775,1188.7906,44375,47618,Pipistrellus pipistrellus,0.041,0.044,-1,Echolocation,/mnt/ubna_data_01_mir/recover-20220825/UBNA_002/20220823_033000.WAV,Telephone Field,recover-20220825,002,1795
1188.7785,1188.8174,68437,82731,Rhinolophus ferrumequinum,0.022,0.022,-1,Echolocation,/mnt/ubna_data_01_mir/recover-20220825/UBNA_002/20220823_033000.WAV,Telephone Field,recover-20220825,002,1795
1188.7975,1188.8373,68437,81602,Rhinolophus ferrumequinum,0.023,0.023,-1,Echolocation,/mnt/ubna_data_01_mir/recover-20220825/UBNA_002/20220823_033000.WAV,Telephone Field,recover-20220825,002,1795
1188.8015,1188.8098,50390,58828,Pipistrellus pipistrellus,0.018,0.023,-1,Echolocation,/mnt/ubna_data_01_mir/recover-20220825/UBNA_002/20220823_033000.WAV,Telephone Field,recover-20220825,002,1795
1188.8355,1188.8744,68437,82461,Rhinolophus ferrumequinum,0.035,0.035,-1,Echolocation,/mnt/ubna_data_01_mir/recover-20220825/UBNA_002/20220823_033000.WAV,Telephone Field,recover-20220825,002,1795
1188.8375,1188.8555,22031,26158,Nyctalus leisleri,0.029,0.061,-1,Echolocation,/mnt/ubna_data_01_mir/recover-20220825/UBNA_002/20220823_033000.WAV,Telephone Field,recover-20220825,002,1795
1188.8525,1188.8721,20312,23108,Nyctalus leisleri,0.016,0.027,-1,Echolocation,/mnt/ubna_data_01_mir/recover-20220825/UBNA_002/20220823_033000.WAV,Telephone Field,recover-20220825,002,1795
1188.8865,1188.9278,68437,83306,Rhinolophus ferrumequinum,0.028,0.028,-1,Echolocation,/mnt/ubna_data_01_mir/recover-20220825/UBNA_002/20220823_033000.WAV,Telephone Field,recover-20220825,002,1795
1188.9085,1188.9488,68437,82745,Rhinolophus ferrumequinum,0.022,0.022,-1,Echolocation,/mnt/ubna_data_01_mir/recover-20220825/UBNA_002/20220823_033000.WAV,Telephone Field,recover-20220825,002,1795
1188.9335,1188.9728,68437,82753,Rhinolophus ferrumequinum,0.025,0.025,-1,Echolocation,/mnt/ubna_data_01_mir/recover-20220825/UBNA_002/20220823_033000.WAV,Telephone Field,recover-20220825,002,1795
1188.9535,1188.9638,25468,34260,Eptesicus serotinus,0.011,0.025,-1,Echolocation,/mnt/ubna_data_01_mir/recover-20220825/UBNA_002/20220823_033000.WAV,Telephone Field,recover-20220825,002,1795
1188.9595,1188.9698,24609,30596,Nyctalus leisleri,0.009,0.025,-1,Echolocation,/mnt/ubna_data_01_mir/recover-20220825/UBNA_002/20220823_033000.WAV,Telephone Field,recover-20220825,002,1795
1188.9735,1188.983,26328,38756,Eptesicus serotinus,0.01,0.025,-1,Echolocation,/mnt/ubna_data_01_mir/recover-20220825/UBNA_002/20220823_033000.WAV,Telephone Field,recover-20220825,002,1795
1188.9865,1188.9992,24609,33773,Eptesicus serotinus,0.336,0.658,-1,Echolocation,/mnt/ubna_data_01_mir/recover-20220825/UBNA_002/20220823_033000.WAV,Telephone Field,recover-20220825,002,1795
1189.0065,1189.0173,22890,27494,Nyctalus leisleri,0.013,0.024,-1,Echolocation,/mnt/ubna_data_01_mir/recover-20220825/UBNA_002/20220823_033000.WAV,Telephone Field,recover-20220825,002,1795
1189.0265,1189.0634,68437,82220,Rhinolophus ferrumequinum,0.024,0.024,-1,Echolocation,/mnt/ubna_data_01_mir/recover-20220825/UBNA_002/20220823_033000.WAV,Telephone Field,recover-20220825,002,1795
1189.0515,1189.0923,68437,82837,Rhinolophus ferrumequinum,0.023,0.023,-1,Echolocation,/mnt/ubna_data_01_mir/recover-20220825/UBNA_002/20220823_033000.WAV,Telephone Field,recover-20220825,002,1795
1189.0805,1189.0904,28906,38357,Eptesicus serotinus,0.01,0.022,-1,Echolocation,/mnt/ubna_data_01_mir/recover-20220825/UBNA_002/20220823_033000.WAV,Telephone Field,recover-20220825,002,1795
1189.0805,1189.0919,37500,42645,Pipistrellus nathusii,0.014,0.024,-1,Echolocation,/mnt/ubna_data_01_mir/recover-20220825/UBNA_002/20220823_033000.WAV,Telephone Field,recover-20220825,002,1795
1189.0865,1189.1247,68437,81869,Rhinolophus ferrumequinum,0.025,0.025,-1,Echolocation,/mnt/ubna_data_01_mir/recover-20220825/UBNA_002/20220823_033000.WAV,Telephone Field,recover-20220825,002,1795
1189.0985,1189.1355,68437,81167,Rhinolophus ferrumequinum,0.022,0.022,-1,Echolocation,/mnt/ubna_data_01_mir/recover-20220825/UBNA_002/20220823_033000.WAV,Telephone Field,recover-20220825,002,1795
1189.1305,1189.1433,26328,31502,Eptesicus serotinus,0.062,0.123,-1,Echolocation,/mnt/ubna_data_01_mir/recover-20220825/UBNA_002/20220823_033000.WAV,Telephone Field,recover-20220825,002,1795
1189.1315,1189.1675,68437,81638,Rhinolophus ferrumequinum,0.022,0.022,-1,Echolocation,/mnt/ubna_data_01_mir/recover-20220825/UBNA_002/20220823_033000.WAV,Telephone Field,recover-20220825,002,1795
1189.1455,1189.1855,68437,82787,Rhinolophus ferrumequinum,0.022,0.022,-1,Echolocation,/mnt/ubna_data_01_mir/recover-20220825/UBNA_002/20220823_033000.WAV,Telephone Field,recover-20220825,002,1795
1189.1555,1189.1628,24609,38437,Myotis nattereri,0.005,0.021,-1,Echolocation,/mnt/ubna_data_01_mir/recover-20220825/UBNA_002/20220823_033000.WAV,Telephone Field,recover-20220825,002,1795
1189.1705,1189.1809,23750,29374,Nyctalus leisleri,0.009,0.021,-1,Echolocation,/mnt/ubna_data_01_mir/recover-20220825/UBNA_002/20220823_033000.WAV,Telephone Field,recover-20220825,002,1795
1189.1715,1189.209,68437,82464,Rhinolophus ferrumequinum,0.023,0.023,-1,Echolocation,/mnt/ubna_data_01_mir/recover-20220825/UBNA_002/20220823_033000.WAV,Telephone Field,recover-20220825,002,1795
1189.1895,1189.2306,68437,82843,Rhinolophus ferrumequinum,0.028,0.028,-1,Echolocation,/mnt/ubna_data_01_mir/recover-20220825/UBNA_002/20220823_033000.WAV,Telephone Field,recover-20220825,002,1795
1189.2035,1189.2121,28906,41439,Eptesicus serotinus,0.009,0.025,-1,Echolocation,/mnt/ubna_data_01_mir/recover-20220825/UBNA_002/20220823_033000.WAV,Telephone Field,recover-20220825,002,1795
1189.2315,1189.2433,24609,31338,Eptesicus serotinus,0.031,0.083,-1,Echolocation,/mnt/ubna_data_01_mir/recover-20220825/UBNA_002/20220823_033000.WAV,Telephone Field,recover-20220825,002,1795
1189.2725,1189.3089,68437,82216,Rhinolophus ferrumequinum,0.024,0.024,-1,Echolocation,/mnt/ubna_data_01_mir/recover-20220825/UBNA_002/20220823_033000.WAV,Telephone Field,recover-20220825,002,1795
1189.2725,1189.2796,23750,33192,Plecotus austriacus,0.012,0.028,-1,Echolocation,/mnt/ubna_data_01_mir/recover-20220825/UBNA_002/20220823_033000.WAV,Telephone Field,recover-20220825,002,1795
1189.2835,1189.2962,55546,59782,Pipistrellus pygmaeus,0.03,0.032,-1,Echolocation,/mnt/ubna_data_01_mir/recover-20220825/UBNA_002/20220823_033000.WAV,Telephone Field,recover-20220825,002,1795
1189.3095,1189.3545,68437,83680,Rhinolophus ferrumequinum,0.048,0.048,-1,Echolocation,/mnt/ubna_data_01_mir/recover-20220825/UBNA_002/20220823_033000.WAV,Telephone Field,recover-20220825,002,1795
1189.3185,1189.3303,22031,26537,Nyctalus leisleri,0.011,0.021,-1,Echolocation,/mnt/ubna_data_01_mir/recover-20220825/UBNA_002/20220823_033000.WAV,Telephone Field,recover-20220825,002,1795
1189.3305,1189.3416,22031,25957,Nyctalus leisleri,0.012,0.021,-1,Echolocation,/mnt/ubna_data_01_mir/recover-20220825/UBNA_002/20220823_033000.WAV,Telephone Field,recover-20220825,002,1795
1189.3405,1189.3837,68437,83213,Rhinolophus ferrumequinum,0.031,0.031,-1,Echolocation,/mnt/ubna_data_01_mir/recover-20220825/UBNA_002/20220823_033000.WAV,Telephone Field,recover-20220825,002,1795
1189.3785,1189.3901,24609,30303,Nyctalus leisleri,0.225,0.469,-1,Echolocation,/mnt/ubna_data_01_mir/recover-20220825/UBNA_002/20220823_033000.WAV,Telephone Field,recover-20220825,002,1795
1189.3885,1189.4276,68437,82483,Rhinolophus ferrumequinum,0.028,0.028,-1,Echolocation,/mnt/ubna_data_01_mir/recover-20220825/UBNA_002/20220823_033000.WAV,Telephone Field,recover-20220825,002,1795
1189.3975,1189.4354,68437,82652,Rhinolophus ferrumequinum,0.021,0.021,-1,Echolocation,/mnt/ubna_data_01_mir/recover-20220825/UBNA_002/20220823_033000.WAV,Telephone Field,recover-20220825,002,1795
1189.4035,1189.4435,68437,82756,Rhinolophus ferrumequinum,0.023,0.023,-1,Echolocation,/mnt/ubna_data_01_mir/recover-20220825/UBNA_002/20220823_033000.WAV,Telephone Field,recover-20220825,002,1795
1189.4105,1189.4505,68437,82704,Rhinolophus ferrumequinum,0.024,0.024,-1,Echolocation,/mnt/ubna_data_01_mir/recover-20220825/UBNA_002/20220823_033000.WAV,Telephone Field,recover-20220825,002,1795
1189.4465,1189.4869,68437,82585,Rhinolophus ferrumequinum,0.028,0.028,-1,Echolocation,/mnt/ubna_data_01_mir/recover-20220825/UBNA_002/20220823_033000.WAV,Telephone Field,recover-20220825,002,1795
1189.4485,1189.4591,28906,35910,Eptesicus serotinus,0.009,0.021,-1,Echolocation,/mnt/ubna_data_01_mir/recover-20220825/UBNA_002/20220823_033000.WAV,Telephone Field,recover-20220825,002,1795
1189.4595,1189.4962,68437,81550,Rhinolophus ferrumequinum,0.023,0.023,-1,Echolocation,/mnt/ubna_data_01_mir/recover-20220825/UBNA_002/20220823_033000.WAV,Telephone Field,recover-20220825,002,1795
1189.4825,1189.5226,68437,82535,Rhinolophus ferrumequinum,0.025,0.025,-1,Echolocation,/mnt/ubna_data_01_mir/recover-20220825/UBNA_002/20220823_033000.WAV,Telephone Field,recover-20220825,002,1795
1189.5325,1189.5455,22890,27128,Nyctalus leisleri,0.014,0.025,-1,Echolocation,/mnt/ubna_data_01_mir/recover-20220825/UBNA_002/20220823_033000.WAV,Telephone Field,recover-20220825,002,1795
1189.5455,1189.584,68437,81790,Rhinolophus ferrumequinum,0.021,0.021,-1,Echolocation,/mnt/ubna_data_01_mir/recover-20220825/UBNA_002/20220823_033000.WAV,Telephone Field,recover-20220825,002,1795
1189.5605,1189.5685,27187,35985,Eptesicus serotinus,0.011,0.026,-1,Echolocation,/mnt/ubna_data_01_mir/recover-20220825/UBNA_002/20220823_033000.WAV,Telephone Field,recover-20220825,002,1795
1189.5715,1189.6113,68437,82709,Rhinolophus ferrumequinum,0.024,0.024,-1,Echolocation,/mnt/ubna_data_01_mir/recover-20220825/UBNA_002/20220823_033000.WAV,Telephone Field,recover-20220825,002,1795
1189.5835,1189.6243,68437,82990,Rhinolophus ferrumequinum,0.033,0.033,-1,Echolocation,/mnt/ubna_data_01_mir/recover-20220825/UBNA_002/20220823_033000.WAV,Telephone Field,recover-20220825,002,1795
1189.5985,1189.6085,22890,28752,Nyctalus leisleri,0.01,0.025,-1,Echolocation,/mnt/ubna_data_01_mir/recover-20220825/UBNA_002/20220823_033000.WAV,Telephone Field,recover-20220825,002,1795
1189.6255,1189.6372,24609,30703,Nyctalus leisleri,0.009,0.024,-1,Echolocation,/mnt/ubna_data_01_mir/recover-20220825/UBNA_002/20220823_033000.WAV,Telephone Field,recover-20220825,002,1795
1189.6275,1189.6632,68437,81170,Rhinolophus ferrumequinum,0.023,0.023,-1,Echolocation,/mnt/ubna_data_01_mir/recover-20220825/UBNA_002/20220823_033000.WAV,Telephone Field,recover-20220825,002,1795
1189.6535,1189.664,24609,31841,Eptesicus serotinus,0.01,0.024,-1,Echolocation,/mnt/ubna_data_01_mir/recover-20220825/UBNA_002/20220823_033000.WAV,Telephone Field,recover-20220825,002,1795
1189.6635,1189.6716,28046,42169,Eptesicus serotinus,0.009,0.025,-1,Echolocation,/mnt/ubna_data_01_mir/recover-20220825/UBNA_002/20220823_033000.WAV,Telephone Field,recover-20220825,002,1795
1189.6835,1189.6907,24609,33860,Plecotus austriacus,0.008,0.024,-1,Echolocation,/mnt/ubna_data_01_mir/recover-20220825/UBNA_002/20220823_033000.WAV,Telephone Field,recover-20220825,002,1795
1189.6965,1189.735,68437,82568,Rhinolophus ferrumequinum,0.021,0.021,-1,Echolocation,/mnt/ubna_data_01_mir/recover-20220825/UBNA_002/20220823_033000.WAV,Telephone Field,recover-20220825,002,1795
1189.7155,1189.7592,68437,83279,Rhinolophus ferrumequinum,0.032,0.032,-1,Echolocation,/mnt/ubna_data_01_mir/recover-20220825/UBNA_002/20220823_033000.WAV,Telephone Field,recover-20220825,002,1795
1189.7585,1189.7693,23750,29732,Nyctalus leisleri,0.01,0.025,-1,Echolocation,/mnt/ubna_data_01_mir/recover-20220825/UBNA_002/20220823_033000.WAV,Telephone Field,recover-20220825,002,1795
1189.7665,1189.803,68437,82328,Rhinolophus ferrumequinum,0.032,0.032,-1,Echolocation,/mnt/ubna_data_01_mir/recover-20220825/UBNA_002/20220823_033000.WAV,Telephone Field,recover-20220825,002,1795
1189.7685,1189.7784,28906,38022,Eptesicus serotinus,0.016,0.029,-1,Echolocation,/mnt/ubna_data_01_mir/recover-20220825/UBNA_002/20220823_033000.WAV,Telephone Field,recover-20220825,002,1795
1189.8025,1189.8107,29765,38868,Eptesicus serotinus,0.008,0.023,-1,Echolocation,/mnt/ubna_data_01_mir/recover-20220825/UBNA_002/20220823_033000.WAV,Telephone Field,recover-20220825,002,1795
1189.8655,1189.8717,48671,53038,Pipistrellus pipistrellus,0.029,0.031,-1,Echolocation,/mnt/ubna_data_01_mir/recover-20220825/UBNA_002/20220823_033000.WAV,Telephone Field,recover-20220825,002,1795
1189.8775,1189.9158,68437,82108,Rhinolophus ferrumequinum,0.022,0.022,-1,Echolocation,/mnt/ubna_data_01_mir/recover-20220825/UBNA_002/20220823_033000.WAV,Telephone Field,recover-20220825,002,1795
1189.8935,1189.9075,23750,28996,Nyctalus leisleri,0.132,0.363,-1,Echolocation,/mnt/ubna_data_01_mir/recover-20220825/UBNA_002/20220823_033000.WAV,Telephone Field,recover-20220825,002,1795
1189.9155,1189.9237,22031,29499,Plecotus austriacus,0.011,0.028,-1,Echolocation,/mnt/ubna_data_01_mir/recover-20220825/UBNA_002/20220823_033000.WAV,Telephone Field,recover-20220825,002,1795
1189.9275,1189.9652,68437,82859,Rhinolophus ferrumequinum,0.023,0.023,-1,Echolocation,/mnt/ubna_data_01_mir/recover-20220825/UBNA_002/20220823_033000.WAV,Telephone Field,recover-20220825,002,1795
1189.9335,1189.9734,68437,83008,Rhinolophus ferrumequinum,0.022,0.022,-1,Echolocation,/mnt/ubna_data_01_mir/recover-20220825/UBNA_002/20220823_033000.WAV,Telephone Field,recover-20220825,002,1795
1189.9705,1189.9789,28906,40602,Eptesicus serotinus,0.008,0.022,-1,Echolocation,/mnt/ubna_data_01_mir/recover-20220825/UBNA_002/20220823_033000.WAV,Telephone Field,recover-20220825,002,1795
1190.0015,1190.0111,22031,28110,Nyctalus leisleri,0.012,0.033,-1,Echolocation,/mnt/ubna_data_01_mir/recover-20220825/UBNA_002/20220823_033000.WAV,Telephone Field,recover-20220825,002,1795
1190.0025,1190.0166,51250,55066,Pipistrellus pygmaeus,0.043,0.054,-1,Echolocation,/mnt/ubna_data_01_mir/recover-20220825/UBNA_002/20220823_033000.WAV,Telephone Field,recover-20220825,002,1795
1190.0695,1190.1083,68437,82899,Rhinolophus ferrumequinum,0.022,0.022,-1,Echolocation,/mnt/ubna_data_01_mir/recover-20220825/UBNA_002/20220823_033000.WAV,Telephone Field,recover-20220825,002,1795
1190.1145,1190.1222,28906,41194,Eptesicus serotinus,0.008,0.021,-1,Echolocation,/mnt/ubna_data_01_mir/recover-20220825/UBNA_002/20220823_033000.WAV,Telephone Field,recover-20220825,002,1795
1190.1355,1190.1466,22890,28548,Nyctalus leisleri,0.012,0.026,-1,Echolocation,/mnt/ubna_data_01_mir/recover-20220825/UBNA_002/20220823_033000.WAV,Telephone Field,recover-20220825,002,1795
1190.1605,1190.1974,68437,81985,Rhinolophus ferrumequinum,0.02,0.021,-1,Echolocation,/mnt/ubna_data_01_mir/recover-20220825/UBNA_002/20220823_033000.WAV,Telephone Field,recover-20220825,002,1795
1190.1725,1190.212,68437,82333,Rhinolophus ferrumequinum,0.022,0.022,-1,Echolocation,/mnt/ubna_data_01_mir/recover-20220825/UBNA_002/20220823_033000.WAV,Telephone Field,recover-20220825,002,1795
1190.2065,1190.2405,68437,81734,Rhinolophus ferrumequinum,0.023,0.023,-1,Echolocation,/mnt/ubna_data_01_mir/recover-20220825/UBNA_002/20220823_033000.WAV,Telephone Field,recover-20220825,002,1795
1190.2165,1190.2252,47812,52986,Pipistrellus pipistrellus,0.027,0.029,-1,Echolocation,/mnt/ubna_data_01_mir/recover-20220825/UBNA_002/20220823_033000.WAV,Telephone Field,recover-20220825,002,1795
1190.2535,1190.2939,68437,82521,Rhinolophus ferrumequinum,0.024,0.024,-1,Echolocation,/mnt/ubna_data_01_mir/recover-20220825/UBNA_002/20220823_033000.WAV,Telephone Field,recover-20220825,002,1795
1190.2785,1190.32,68437,82540,Rhinolophus ferrumequinum,0.032,0.032,-1,Echolocation,/mnt/ubna_data_01_mir/recover-20220825/UBNA_002/20220823_033000.WAV,Telephone Field,recover-20220825,002,1795
1190.2975,1190.3111,38359,42846,Pipistrellus nathusii,0.026,0.041,-1,Echolocation,/mnt/ubna_data_01_mir/recover-20220825/UBNA_002/20220823_033000.WAV,Telephone Field,recover-20220825,002,1795
1190.3145,1190.3526,68437,81988,Rhinolophus ferrumequinum,0.02,0.02,-1,Echolocation,/mnt/ubna_data_01_mir/recover-20220825/UBNA_002/20220823_033000.WAV,Telephone Field,recover-20220825,002,1795
1190.3185,1190.3262,23750,33331,Plecotus austriacus,0.009,0.022,-1,Echolocation,/mnt/ubna_data_01_mir/recover-20220825/UBNA_002/20220823_033000.WAV,Telephone Field,recover-20220825,002,1795
1190.3205,1190.3281,28906,41323,Eptesicus serotinus,0.009,0.027,-1,Echolocation,/mnt/ubna_data_01_mir/recover-20220825/UBNA_002/20220823_033000.WAV,Telephone Field,recover-20220825,002,1795
1190.3205,1190.3611,68437,82498,Rhinolophus ferrumequinum,0.023,0.023,-1,Echolocation,/mnt/ubna_data_01_mir/recover-20220825/UBNA_002/20220823_033000.WAV,Telephone Field,recover-20220825,002,1795
1190.3355,1190.3464,23750,29243,Nyctalus leisleri,0.009,0.021,-1,Echolocation,/mnt/ubna_data_01_mir/recover-20220825/UBNA_002/20220823_033000.WAV,Telephone Field,recover-20220825,002,1795
1190.3395,1190.3496,34921,40790,Barbastellus barbastellus,0.006,0.021,-1,Echolocation,/mnt/ubna_data_01_mir/recover-20220825/UBNA_002/20220823_033000.WAV,Telephone Field,recover-20220825,002,1795
1190.3735,1190.4134,68437,82066,Rhinolophus ferrumequinum,0.021,0.021,-1,Echolocation,/mnt/ubna_data_01_mir/recover-20220825/UBNA_002/20220823_033000.WAV,Telephone Field,recover-20220825,002,1795
1190.3815,1190.4204,68437,83133,Rhinolophus ferrumequinum,0.023,0.023,-1,Echolocation,/mnt/ubna_data_01_mir/recover-20220825/UBNA_002/20220823_033000.WAV,Telephone Field,recover-20220825,002,1795
1190.4455,1190.485,68437,81757,Rhinolophus ferrumequinum,0.023,0.023,-1,Echolocation,/mnt/ubna_data_01_mir/recover-20220825/UBNA_002/20220823_033000.WAV,Telephone Field,recover-20220825,002,1795
1190.4595,1190.4664,28046,39379,Eptesicus serotinus,0.008,0.024,-1,Echolocation,/mnt/ubna_data_01_mir/recover-20220825/UBNA_002/20220823_033000.WAV,Telephone Field,recover-20220825,002,1795
1190.4715,1190.4811,22890,27584,Nyctalus leisleri,0.01,0.02,-1,Echolocation,/mnt/ubna_data_01_mir/recover-20220825/UBNA_002/20220823_033000.WAV,Telephone Field,recover-20220825,002,1795
1190.5205,1190.5596,68437,81748,Rhinolophus ferrumequinum,0.02,0.02,-1,Echolocation,/mnt/ubna_data_01_mir/recover-20220825/UBNA_002/20220823_033000.WAV,Telephone Field,recover-20220825,002,1795
1190.5245,1190.533,28906,39373,Eptesicus serotinus,0.008,0.021,-1,Echolocation,/mnt/ubna_data_01_mir/recover-20220825/UBNA_002/20220823_033000.WAV,Telephone Field,recover-20220825,002,1795
1190.5465,1190.5875,68437,82444,Rhinolophus ferrumequinum,0.022,0.022,-1,Echolocation,/mnt/ubna_data_01_mir/recover-20220825/UBNA_002/20220823_033000.WAV,Telephone Field,recover-20220825,002,1795
1190.5725,1190.6068,68437,81285,Rhinolophus ferrumequinum,0.03,0.03,-1,Echolocation,/mnt/ubna_data_01_mir/recover-20220825/UBNA_002/20220823_033000.WAV,Telephone Field,recover-20220825,002,1795
1190.6205,1190.66,68437,82774,Rhinolophus ferrumequinum,0.024,0.024,-1,Echolocation,/mnt/ubna_data_01_mir/recover-20220825/UBNA_002/20220823_033000.WAV,Telephone Field,recover-20220825,002,1795
1190.6225,1190.6291,27187,38185,Eptesicus serotinus,0.01,0.031,-1,Echolocation,/mnt/ubna_data_01_mir/recover-20220825/UBNA_002/20220823_033000.WAV,Telephone Field,recover-20220825,002,1795
1190.6855,1190.6948,43515,46922,Pipistrellus pipistrellus,0.034,0.037,-1,Echolocation,/mnt/ubna_data_01_mir/recover-20220825/UBNA_002/20220823_033000.WAV,Telephone Field,recover-20220825,002,1795
1190.7145,1190.7245,23750,30629,Nyctalus leisleri,0.008,0.024,-1,Echolocation,/mnt/ubna_data_01_mir/recover-20220825/UBNA_002/20220823_033000.WAV,Telephone Field,recover-20220825,002,1795
1190.7495,1190.7877,68437,81427,Rhinolophus ferrumequinum,0.023,0.023,-1,Echolocation,/mnt/ubna_data_01_mir/recover-20220825/UBNA_002/20220823_033000.WAV,Telephone Field,recover-20220825,002,1795
1190.7605,1190.7973,68437,81554,Rhinolophus ferrumequinum,0.02,0.021,-1,Echolocation,/mnt/ubna_data_01_mir/recover-20220825/UBNA_002/20220823_033000.WAV,Telephone Field,recover-20220825,002,1795
1190.7745,1190.7822,47812,54841,Pipistrellus pipistrellus,0.023,0.024,-1,Echolocation,/mnt/ubna_data_01_mir/recover-20220825/UBNA_002/20220823_033000.WAV,Telephone Field,recover-20220825,002,1795
1190.8035,1190.845,68437,83019,Rhinolophus ferrumequinum,0.028,0.028,-1,Echolocation,/mnt/ubna_data_01_mir/recover-20220825/UBNA_002/20220823_033000.WAV,Telephone Field,recover-20220825,002,1795
1190.8055,1190.8151,44375,47633,Pipistrellus pipistrellus,0.052,0.056,-1,Echolocation,/mnt/ubna_data_01_mir/recover-20220825/UBNA_002/20220823_033000.WAV,Telephone Field,recover-20220825,002,1795
1190.8715,1190.8836000000001,23750,29516,Nyctalus leisleri,0.01,0.024,-1,Echolocation,/mnt/ubna_data_01_mir/recover-20220825/UBNA_002/20220823_033000.WAV,Telephone Field,recover-20220825,002,1795
1190.8855,1190.8967,23750,30730,Nyctalus leisleri,0.014,0.039,-1,Echolocation,/mnt/ubna_data_01_mir/recover-20220825/UBNA_002/20220823_033000.WAV,Telephone Field,recover-20220825,002,1795
1190.9715,1191.0093,68437,82313,Rhinolophus ferrumequinum,0.021,0.021,-1,Echolocation,/mnt/ubna_data_01_mir/recover-20220825/UBNA_002/20220823_033000.WAV,Telephone Field,recover-20220825,002,1795
1191.0005,1191.0095,28906,39643,Eptesicus serotinus,0.008,0.02,-1,Echolocation,/mnt/ubna_data_01_mir/recover-20220825/UBNA_002/20220823_033000.WAV,Telephone Field,recover-20220825,002,1795
1191.0135,1191.053,68437,82313,Rhinolophus ferrumequinum,0.023,0.024,-1,Echolocation,/mnt/ubna_data_01_mir/recover-20220825/UBNA_002/20220823_033000.WAV,Telephone Field,recover-20220825,002,1795
1191.0215,1191.0336,28906,35124,Eptesicus serotinus,0.013,0.024,-1,Echolocation,/mnt/ubna_data_01_mir/recover-20220825/UBNA_002/20220823_033000.WAV,Telephone Field,recover-20220825,002,1795
1191.0485,1191.0583,22031,27471,Nyctalus leisleri,0.008,0.021,-1,Echolocation,/mnt/ubna_data_01_mir/recover-20220825/UBNA_002/20220823_033000.WAV,Telephone Field,recover-20220825,002,1795
1191.0515,1191.0596,28906,36504,Eptesicus serotinus,0.009,0.022,-1,Echolocation,/mnt/ubna_data_01_mir/recover-20220825/UBNA_002/20220823_033000.WAV,Telephone Field,recover-20220825,002,1795
1191.0565,1191.0954,68437,81671,Rhinolophus ferrumequinum,0.021,0.021,-1,Echolocation,/mnt/ubna_data_01_mir/recover-20220825/UBNA_002/20220823_033000.WAV,Telephone Field,recover-20220825,002,1795
1191.1065,1191.1135,24609,33814,Plecotus austriacus,0.008,0.022,-1,Echolocation,/mnt/ubna_data_01_mir/recover-20220825/UBNA_002/20220823_033000.WAV,Telephone Field,recover-20220825,002,1795
1191.1145,1191.1544,68437,81962,Rhinolophus ferrumequinum,0.022,0.022,-1,Echolocation,/mnt/ubna_data_01_mir/recover-20220825/UBNA_002/20220823_033000.WAV,Telephone Field,recover-20220825,002,1795
1191.1595,1191.1668,26328,35377,Eptesicus serotinus,0.007,0.022,-1,Echolocation,/mnt/ubna_data_01_mir/recover-20220825/UBNA_002/20220823_033000.WAV,Telephone Field,recover-20220825,002,1795
1191.2205,1191.2611,68437,82110,Rhinolophus ferrumequinum,0.022,0.022,-1,Echolocation,/mnt/ubna_data_01_mir/recover-20220825/UBNA_002/20220823_033000.WAV,Telephone Field,recover-20220825,002,1795
1191.2255,1191.2679,68437,82681,Rhinolophus ferrumequinum,0.022,0.022,-1,Echolocation,/mnt/ubna_data_01_mir/recover-20220825/UBNA_002/20220823_033000.WAV,Telephone Field,recover-20220825,002,1795
1191.3045,1191.3379,68437,81288,Rhinolophus ferrumequinum,0.021,0.021,-1,Echolocation,/mnt/ubna_data_01_mir/recover-20220825/UBNA_002/20220823_033000.WAV,Telephone Field,recover-20220825,002,1795
1191.3295,1191.3403,54687,60585,Pipistrellus pygmaeus,0.027,0.029,-1,Echolocation,/mnt/ubna_data_01_mir/recover-20220825/UBNA_002/20220823_033000.WAV,Telephone Field,recover-20220825,002,1795
1191.3485,1191.3886,68437,82271,Rhinolophus ferrumequinum,0.022,0.022,-1,Echolocation,/mnt/ubna_data_01_mir/recover-20220825/UBNA_002/20220823_033000.WAV,Telephone Field,recover-20220825,002,1795
1191.3665,1191.4075,68437,83126,Rhinolophus ferrumequinum,0.022,0.022,-1,Echolocation,/mnt/ubna_data_01_mir/recover-20220825/UBNA_002/20220823_033000.WAV,Telephone Field,recover-20220825,002,1795
1191.3915,1191.4291,68437,81816,Rhinolophus ferrumequinum,0.024,0.024,-1,Echolocation,/mnt/ubna_data_01_mir/recover-20220825/UBNA_002/20220823_033000.WAV,Telephone Field,recover-20220825,002,1795
1191.4025,1191.4405,68437,82197,Rhinolophus ferrumequinum,0.022,0.022,-1,Echolocation,/mnt/ubna_data_01_mir/recover-20220825/UBNA_002/20220823_033000.WAV,Telephone Field,recover-20220825,002,1795
1191.4385,1191.4455,28046,41245,Eptesicus serotinus,0.006,0.021,-1,Echolocation,/mnt/ubna_data_01_mir/recover-20220825/UBNA_002/20220823_033000.WAV,Telephone Field,recover-20220825,002,1795
1191.4535,1191.4612,44375,51357,Pipistrellus pipistrellus,0.023,0.025,-1,Echolocation,/mnt/ubna_data_01_mir/recover-20220825/UBNA_002/20220823_033000.WAV,Telephone Field,recover-20220825,002,1795
1191.4825,1191.4902,28046,40823,Eptesicus serotinus,0.008,0.023,-1,Echolocation,/mnt/ubna_data_01_mir/recover-20220825/UBNA_002/20220823_033000.WAV,Telephone Field,recover-20220825,002,1795
1191.4895,1191.4968,28906,38313,Eptesicus serotinus,0.008,0.023,-1,Echolocation,/mnt/ubna_data_01_mir/recover-20220825/UBNA_002/20220823_033000.WAV,Telephone Field,recover-20220825,002,1795
1191.4975,1191.533,68437,81113,Rhinolophus ferrumequinum,0.021,0.021,-1,Echolocation,/mnt/ubna_data_01_mir/recover-20220825/UBNA_002/20220823_033000.WAV,Telephone Field,recover-20220825,002,1795
1191.5155,1191.5562,68437,82712,Rhinolophus ferrumequinum,0.023,0.023,-1,Echolocation,/mnt/ubna_data_01_mir/recover-20220825/UBNA_002/20220823_033000.WAV,Telephone Field,recover-20220825,002,1795
1191.5185,1191.5282,22031,27791,Nyctalus leisleri,0.008,0.022,-1,Echolocation,/mnt/ubna_data_01_mir/recover-20220825/UBNA_002/20220823_033000.WAV,Telephone Field,recover-20220825,002,1795
1191.5375,1191.5775,68437,81953,Rhinolophus ferrumequinum,0.022,0.022,-1,Echolocation,/mnt/ubna_data_01_mir/recover-20220825/UBNA_002/20220823_033000.WAV,Telephone Field,recover-20220825,002,1795
1191.5795,1191.6165,68437,81673,Rhinolophus ferrumequinum,0.021,0.021,-1,Echolocation,/mnt/ubna_data_01_mir/recover-20220825/UBNA_002/20220823_033000.WAV,Telephone Field,recover-20220825,002,1795
1191.5885,1191.6085,19453,23310,Nyctalus noctula,0.031,0.051,-1,Echolocation,/mnt/ubna_data_01_mir/recover-20220825/UBNA_002/20220823_033000.WAV,Telephone Field,recover-20220825,002,1795
1191.6055,1191.6451,68437,82350,Rhinolophus ferrumequinum,0.023,0.023,-1,Echolocation,/mnt/ubna_data_01_mir/recover-20220825/UBNA_002/20220823_033000.WAV,Telephone Field,recover-20220825,002,1795
1191.6075,1191.6157,28046,39760,Eptesicus serotinus,0.007,0.023,-1,Echolocation,/mnt/ubna_data_01_mir/recover-20220825/UBNA_002/20220823_033000.WAV,Telephone Field,recover-20220825,002,1795
1191.6445,1191.6811,68437,81489,Rhinolophus ferrumequinum,0.027,0.027,-1,Echolocation,/mnt/ubna_data_01_mir/recover-20220825/UBNA_002/20220823_033000.WAV,Telephone Field,recover-20220825,002,1795
1191.6475,1191.6557,31484,42308,Myotis daubentonii,0.008,0.024,-1,Echolocation,/mnt/ubna_data_01_mir/recover-20220825/UBNA_002/20220823_033000.WAV,Telephone Field,recover-20220825,002,1795
1191.6895,1191.699,30625,39114,Eptesicus serotinus,0.006,0.02,-1,Echolocation,/mnt/ubna_data_01_mir/recover-20220825/UBNA_002/20220823_033000.WAV,Telephone Field,recover-20220825,002,1795
1191.7085,1191.7197,39218,43300,Pipistrellus nathusii,0.018,0.025,-1,Echolocation,/mnt/ubna_data_01_mir/recover-20220825/UBNA_002/20220823_033000.WAV,Telephone Field,recover-20220825,002,1795
1191.7535,1191.7612,24609,32895,Plecotus austriacus,0.008,0.023,-1,Echolocation,/mnt/ubna_data_01_mir/recover-20220825/UBNA_002/20220823_033000.WAV,Telephone Field,recover-20220825,002,1795
1191.7845,1191.7916,28046,40014,Eptesicus serotinus,0.006,0.022,-1,Echolocation,/mnt/ubna_data_01_mir/recover-20220825/UBNA_002/20220823_033000.WAV,Telephone Field,recover-20220825,002,1795
1191.8015,1191.8159,22890,27681,Nyctalus leisleri,0.127,0.262,-1,Echolocation,/mnt/ubna_data_01_mir/recover-20220825/UBNA_002/20220823_033000.WAV,Telephone Field,recover-20220825,002,1795
1191.8245,1191.8631,68437,81926,Rhinolophus ferrumequinum,0.023,0.023,-1,Echolocation,/mnt/ubna_data_01_mir/recover-20220825/UBNA_002/20220823_033000.WAV,Telephone Field,recover-20220825,002,1795
1191.8585,1191.8965,68437,81526,Rhinolophus ferrumequinum,0.021,0.021,-1,Echolocation,/mnt/ubna_data_01_mir/recover-20220825/UBNA_002/20220823_033000.WAV,Telephone Field,recover-20220825,002,1795
1191.8595,1191.8696,28906,36942,Eptesicus serotinus,0.011,0.024,-1,Echolocation,/mnt/ubna_data_01_mir/recover-20220825/UBNA_002/20220823_033000.WAV,Telephone Field,recover-20220825,002,1795
1191.8645,1191.8980999999999,68437,81299,Rhinolophus ferrumequinum,0.024,0.024,-1,Echolocation,/mnt/ubna_data_01_mir/recover-20220825/UBNA_002/20220823_033000.WAV,Telephone Field,recover-20220825,002,1795
1191.8765,1191.8858,23750,30399,Nyctalus leisleri,0.007,0.021,-1,Echolocation,/mnt/ubna_data_01_mir/recover-20220825/UBNA_002/20220823_033000.WAV,Telephone Field,recover-20220825,002,1795
1191.8885,1191.8989,22890,28032,Nyctalus leisleri,0.011,0.024,-1,Echolocation,/mnt/ubna_data_01_mir/recover-20220825/UBNA_002/20220823_033000.WAV,Telephone Field,recover-20220825,002,1795
1191.8955,1191.9301,68437,81081,Rhinolophus ferrumequinum,0.02,0.02,-1,Echolocation,/mnt/ubna_data_01_mir/recover-20220825/UBNA_002/20220823_033000.WAV,Telephone Field,recover-20220825,002,1795
1191.9055,1191.9161,29765,36415,Eptesicus serotinus,0.011,0.023,-1,Echolocation,/mnt/ubna_data_01_mir/recover-20220825/UBNA_002/20220823_033000.WAV,Telephone Field,recover-20220825,002,1795
1191.9225,1191.9579,68437,81432,Rhinolophus ferrumequinum,0.02,0.02,-1,Echolocation,/mnt/ubna_data_01_mir/recover-20220825/UBNA_002/20220823_033000.WAV,Telephone Field,recover-20220825,002,1795
1192.0015,1192.0336,69296,82191,Rhinolophus ferrumequinum,0.021,0.021,-1,Echolocation,/mnt/ubna_data_01_mir/recover-20220825/UBNA_002/20220823_033000.WAV,Telephone Field,recover-20220825,002,1795
1192.0015,1192.0092,25468,34273,Nyctalus leisleri,0.007,0.024,-1,Echolocation,/mnt/ubna_data_01_mir/recover-20220825/UBNA_002/20220823_033000.WAV,Telephone Field,recover-20220825,002,1795
1192.0125,1192.0527,68437,82119,Rhinolophus ferrumequinum,0.024,0.024,-1,Echolocation,/mnt/ubna_data_01_mir/recover-20220825/UBNA_002/20220823_033000.WAV,Telephone Field,recover-20220825,002,1795
1192.0565,1192.0963,68437,82171,Rhinolophus ferrumequinum,0.021,0.021,-1,Echolocation,/mnt/ubna_data_01_mir/recover-20220825/UBNA_002/20220823_033000.WAV,Telephone Field,recover-20220825,002,1795
1192.0825,1192.1188,68437,81220,Rhinolophus ferrumequinum,0.022,0.022,-1,Echolocation,/mnt/ubna_data_01_mir/recover-20220825/UBNA_002/20220823_033000.WAV,Telephone Field,recover-20220825,002,1795
1192.0975,1192.1339,68437,81985,Rhinolophus ferrumequinum,0.022,0.022,-1,Echolocation,/mnt/ubna_data_01_mir/recover-20220825/UBNA_002/20220823_033000.WAV,Telephone Field,recover-20220825,002,1795
1192.1085,1192.1168,28906,37953,Eptesicus serotinus,0.009,0.023,-1,Echolocation,/mnt/ubna_data_01_mir/recover-20220825/UBNA_002/20220823_033000.WAV,Telephone Field,recover-20220825,002,1795
1192.1515,1192.1605,28906,37996,Eptesicus serotinus,0.008,0.02,-1,Echolocation,/mnt/ubna_data_01_mir/recover-20220825/UBNA_002/20220823_033000.WAV,Telephone Field,recover-20220825,002,1795
1192.1535,1192.1939,68437,82480,Rhinolophus ferrumequinum,0.021,0.021,-1,Echolocation,/mnt/ubna_data_01_mir/recover-20220825/UBNA_002/20220823_033000.WAV,Telephone Field,recover-20220825,002,1795
1192.1735,1192.2131,68437,82468,Rhinolophus ferrumequinum,0.026,0.026,-1,Echolocation,/mnt/ubna_data_01_mir/recover-20220825/UBNA_002/20220823_033000.WAV,Telephone Field,recover-20220825,002,1795
1192.1755,1192.1843,24609,32542,Plecotus austriacus,0.007,0.025,-1,Echolocation,/mnt/ubna_data_01_mir/recover-20220825/UBNA_002/20220823_033000.WAV,Telephone Field,recover-20220825,002,1795
1192.2075,1192.217,24609,31578,Nyctalus leisleri,0.007,0.02,-1,Echolocation,/mnt/ubna_data_01_mir/recover-20220825/UBNA_002/20220823_033000.WAV,Telephone Field,recover-20220825,002,1795
1192.2315,1192.2716,68437,82367,Rhinolophus ferrumequinum,0.026,0.026,-1,Echolocation,/mnt/ubna_data_01_mir/recover-20220825/UBNA_002/20220823_033000.WAV,Telephone Field,recover-20220825,002,1795
1192.2405,1192.2809,68437,82808,Rhinolophus ferrumequinum,0.024,0.024,-1,Echolocation,/mnt/ubna_data_01_mir/recover-20220825/UBNA_002/20220823_033000.WAV,Telephone Field,recover-20220825,002,1795
1192.2545,1192.264,22890,29735,Plecotus austriacus,0.006,0.021,-1,Echolocation,/mnt/ubna_data_01_mir/recover-20220825/UBNA_002/20220823_033000.WAV,Telephone Field,recover-20220825,002,1795
1192.2575,1192.2666,28046,38523,Eptesicus serotinus,0.009,0.021,-1,Echolocation,/mnt/ubna_data_01_mir/recover-20220825/UBNA_002/20220823_033000.WAV,Telephone Field,recover-20220825,002,1795
1192.3045,1192.3407,68437,81510,Rhinolophus ferrumequinum,0.021,0.021,-1,Echolocation,/mnt/ubna_data_01_mir/recover-20220825/UBNA_002/20220823_033000.WAV,Telephone Field,recover-20220825,002,1795
1192.3425,1192.3805,68437,82209,Rhinolophus ferrumequinum,0.022,0.022,-1,Echolocation,/mnt/ubna_data_01_mir/recover-20220825/UBNA_002/20220823_033000.WAV,Telephone Field,recover-20220825,002,1795
1192.3775,1192.4126,68437,80770,Rhinolophus ferrumequinum,0.02,0.021,-1,Echolocation,/mnt/ubna_data_01_mir/recover-20220825/UBNA_002/20220823_033000.WAV,Telephone Field,recover-20220825,002,1795
1192.3905,1192.4298,68437,82571,Rhinolophus ferrumequinum,0.023,0.023,-1,Echolocation,/mnt/ubna_data_01_mir/recover-20220825/UBNA_002/20220823_033000.WAV,Telephone Field,recover-20220825,002,1795
1192.3925,1192.4041,27187,32470,Eptesicus serotinus,0.016,0.032,-1,Echolocation,/mnt/ubna_data_01_mir/recover-20220825/UBNA_002/20220823_033000.WAV,Telephone Field,recover-20220825,002,1795
1192.4695,1192.5054,68437,81212,Rhinolophus ferrumequinum,0.021,0.021,-1,Echolocation,/mnt/ubna_data_01_mir/recover-20220825/UBNA_002/20220823_033000.WAV,Telephone Field,recover-20220825,002,1795
1192.4705,1192.4778,28046,40695,Eptesicus serotinus,0.007,0.022,-1,Echolocation,/mnt/ubna_data_01_mir/recover-20220825/UBNA_002/20220823_033000.WAV,Telephone Field,recover-20220825,002,1795
1192.4895,1192.4986,28906,40062,Eptesicus serotinus,0.008,0.02,-1,Echolocation,/mnt/ubna_data_01_mir/recover-20220825/UBNA_002/20220823_033000.WAV,Telephone Field,recover-20220825,002,1795
1192.5145,1192.5211,28046,38059,Eptesicus serotinus,0.017,0.045,-1,Echolocation,/mnt/ubna_data_01_mir/recover-20220825/UBNA_002/20220823_033000.WAV,Telephone Field,recover-20220825,002,1795
1192.5255,1192.5625,68437,82681,Rhinolophus ferrumequinum,0.02,0.02,-1,Echolocation,/mnt/ubna_data_01_mir/recover-20220825/UBNA_002/20220823_033000.WAV,Telephone Field,recover-20220825,002,1795
1192.5305,1192.5395,28046,36566,Eptesicus serotinus,0.009,0.021,-1,Echolocation,/mnt/ubna_data_01_mir/recover-20220825/UBNA_002/20220823_033000.WAV,Telephone Field,recover-20220825,002,1795
1192.5755,1192.6172,68437,83069,Rhinolophus ferrumequinum,0.027,0.027,-1,Echolocation,/mnt/ubna_data_01_mir/recover-20220825/UBNA_002/20220823_033000.WAV,Telephone Field,recover-20220825,002,1795
1192.5855,1192.5959,23750,29582,Nyctalus leisleri,0.009,0.023,-1,Echolocation,/mnt/ubna_data_01_mir/recover-20220825/UBNA_002/20220823_033000.WAV,Telephone Field,recover-20220825,002,1795
1192.6465,1192.6552,28906,38341,Eptesicus serotinus,0.008,0.021,-1,Echolocation,/mnt/ubna_data_01_mir/recover-20220825/UBNA_002/20220823_033000.WAV,Telephone Field,recover-20220825,002,1795
1192.6745,1192.7163,68437,82677,Rhinolophus ferrumequinum,0.026,0.026,-1,Echolocation,/mnt/ubna_data_01_mir/recover-20220825/UBNA_002/20220823_033000.WAV,Telephone Field,recover-20220825,002,1795
1192.6815,1192.717,68437,81683,Rhinolophus ferrumequinum,0.021,0.021,-1,Echolocation,/mnt/ubna_data_01_mir/recover-20220825/UBNA_002/20220823_033000.WAV,Telephone Field,recover-20220825,002,1795
1192.7215,1192.7586000000001,68437,81617,Rhinolophus ferrumequinum,0.021,0.021,-1,Echolocation,/mnt/ubna_data_01_mir/recover-20220825/UBNA_002/20220823_033000.WAV,Telephone Field,recover-20220825,002,1795
1192.7345,1192.7747,68437,82677,Rhinolophus ferrumequinum,0.024,0.024,-1,Echolocation,/mnt/ubna_data_01_mir/recover-20220825/UBNA_002/20220823_033000.WAV,Telephone Field,recover-20220825,002,1795
1192.7555,1192.7958,68437,81920,Rhinolophus ferrumequinum,0.022,0.022,-1,Echolocation,/mnt/ubna_data_01_mir/recover-20220825/UBNA_002/20220823_033000.WAV,Telephone Field,recover-20220825,002,1795
1192.7605,1192.8011,68437,82069,Rhinolophus ferrumequinum,0.022,0.022,-1,Echolocation,/mnt/ubna_data_01_mir/recover-20220825/UBNA_002/20220823_033000.WAV,Telephone Field,recover-20220825,002,1795
1192.8065,1192.8457,68437,82281,Rhinolophus ferrumequinum,0.023,0.023,-1,Echolocation,/mnt/ubna_data_01_mir/recover-20220825/UBNA_002/20220823_033000.WAV,Telephone Field,recover-20220825,002,1795
1192.8565,1192.8663999999999,22890,28996,Nyctalus leisleri,0.009,0.025,-1,Echolocation,/mnt/ubna_data_01_mir/recover-20220825/UBNA_002/20220823_033000.WAV,Telephone Field,recover-20220825,002,1795
1192.8805,1192.8873,24609,33808,Plecotus austriacus,0.01,0.025,-1,Echolocation,/mnt/ubna_data_01_mir/recover-20220825/UBNA_002/20220823_033000.WAV,Telephone Field,recover-20220825,002,1795
1192.9025,1192.9369,68437,80766,Rhinolophus ferrumequinum,0.023,0.023,-1,Echolocation,/mnt/ubna_data_01_mir/recover-20220825/UBNA_002/20220823_033000.WAV,Telephone Field,recover-20220825,002,1795
1192.9145,1192.9536,68437,82359,Rhinolophus ferrumequinum,0.023,0.023,-1,Echolocation,/mnt/ubna_data_01_mir/recover-20220825/UBNA_002/20220823_033000.WAV,Telephone Field,recover-20220825,002,1795
1192.9185,1192.9273,28046,37905,Eptesicus serotinus,0.01,0.024,-1,Echolocation,/mnt/ubna_data_01_mir/recover-20220825/UBNA_002/20220823_033000.WAV,Telephone Field,recover-20220825,002,1795
1192.9305,1192.9397,28906,37243,Eptesicus serotinus,0.008,0.02,-1,Echolocation,/mnt/ubna_data_01_mir/recover-20220825/UBNA_002/20220823_033000.WAV,Telephone Field,recover-20220825,002,1795
1192.9425,1192.9852,68437,83392,Rhinolophus ferrumequinum,0.03,0.03,-1,Echolocation,/mnt/ubna_data_01_mir/recover-20220825/UBNA_002/20220823_033000.WAV,Telephone Field,recover-20220825,002,1795
1192.9465,1192.9564,22890,28898,Nyctalus leisleri,0.008,0.022,-1,Echolocation,/mnt/ubna_data_01_mir/recover-20220825/UBNA_002/20220823_033000.WAV,Telephone Field,recover-20220825,002,1795
1192.9665,1193.0048,68437,82351,Rhinolophus ferrumequinum,0.021,0.021,-1,Echolocation,/mnt/ubna_data_01_mir/recover-20220825/UBNA_002/20220823_033000.WAV,Telephone Field,recover-20220825,002,1795
1192.9765,1192.9937,20312,24109,Nyctalus leisleri,0.013,0.027,-1,Echolocation,/mnt/ubna_data_01_mir/recover-20220825/UBNA_002/20220823_033000.WAV,Telephone Field,recover-20220825,002,1795
1192.9925,1193.0015,24609,32873,Eptesicus serotinus,0.011,0.042,-1,Echolocation,/mnt/ubna_data_01_mir/recover-20220825/UBNA_002/20220823_033000.WAV,Telephone Field,recover-20220825,002,1795
1193.0065,1193.05,68437,83267,Rhinolophus ferrumequinum,0.035,0.035,-1,Echolocation,/mnt/ubna_data_01_mir/recover-20220825/UBNA_002/20220823_033000.WAV,Telephone Field,recover-20220825,002,1795
1193.0075,1193.0157,46093,51160,Pipistrellus pipistrellus,0.024,0.025,-1,Echolocation,/mnt/ubna_data_01_mir/recover-20220825/UBNA_002/20220823_033000.WAV,Telephone Field,recover-20220825,002,1795
1193.0415,1193.0522,22890,27527,Nyctalus leisleri,0.011,0.022,-1,Echolocation,/mnt/ubna_data_01_mir/recover-20220825/UBNA_002/20220823_033000.WAV,Telephone Field,recover-20220825,002,1795
1193.0435,1193.0787,68437,81853,Rhinolophus ferrumequinum,0.022,0.022,-1,Echolocation,/mnt/ubna_data_01_mir/recover-20220825/UBNA_002/20220823_033000.WAV,Telephone Field,recover-20220825,002,1795
1193.0975,1193.1361,68437,82153,Rhinolophus ferrumequinum,0.022,0.022,-1,Echolocation,/mnt/ubna_data_01_mir/recover-20220825/UBNA_002/20220823_033000.WAV,Telephone Field,recover-20220825,002,1795
1193.1025,1193.1103,27187,36558,Eptesicus serotinus,0.009,0.026,-1,Echolocation,/mnt/ubna_data_01_mir/recover-20220825/UBNA_002/20220823_033000.WAV,Telephone Field,recover-20220825,002,1795
1193.1235,1193.1651,68437,82791,Rhinolophus ferrumequinum,0.022,0.022,-1,Echolocation,/mnt/ubna_data_01_mir/recover-20220825/UBNA_002/20220823_033000.WAV,Telephone Field,recover-20220825,002,1795
1193.1425,1193.1528,22890,27938,Nyctalus leisleri,0.01,0.023,-1,Echolocation,/mnt/ubna_data_01_mir/recover-20220825/UBNA_002/20220823_033000.WAV,Telephone Field,recover-20220825,002,1795
1193.1545,1193.1633,28046,39300,Eptesicus serotinus,0.009,0.021,-1,Echolocation,/mnt/ubna_data_01_mir/recover-20220825/UBNA_002/20220823_033000.WAV,Telephone Field,recover-20220825,002,1795
1193.1865,1193.2264,68437,82854,Rhinolophus ferrumequinum,0.03,0.03,-1,Echolocation,/mnt/ubna_data_01_mir/recover-20220825/UBNA_002/20220823_033000.WAV,Telephone Field,recover-20220825,002,1795
1193.1985,1193.2371,68437,81696,Rhinolophus ferrumequinum,0.021,0.021,-1,Echolocation,/mnt/ubna_data_01_mir/recover-20220825/UBNA_002/20220823_033000.WAV,Telephone Field,recover-20220825,002,1795
1193.2035,1193.2385,68437,81625,Rhinolophus ferrumequinum,0.021,0.021,-1,Echolocation,/mnt/ubna_data_01_mir/recover-20220825/UBNA_002/20220823_033000.WAV,Telephone Field,recover-20220825,002,1795
1193.2055,1193.2135,24609,33110,Plecotus austriacus,0.01,0.027,-1,Echolocation,/mnt/ubna_data_01_mir/recover-20220825/UBNA_002/20220823_033000.WAV,Telephone Field,recover-20220825,002,1795
1193.2345,1193.2462,22890,27807,Nyctalus leisleri,0.011,0.022,-1,Echolocation,/mnt/ubna_data_01_mir/recover-20220825/UBNA_002/20220823_033000.WAV,Telephone Field,recover-20220825,002,1795
1193.2605,1193.3016,68437,82236,Rhinolophus ferrumequinum,0.02,0.021,-1,Echolocation,/mnt/ubna_data_01_mir/recover-20220825/UBNA_002/20220823_033000.WAV,Telephone Field,recover-20220825,002,1795
1193.2845,1193.3218,68437,81589,Rhinolophus ferrumequinum,0.022,0.022,-1,Echolocation,/mnt/ubna_data_01_mir/recover-20220825/UBNA_002/20220823_033000.WAV,Telephone Field,recover-20220825,002,1795
1193.2985,1193.3059,28046,39629,Eptesicus serotinus,0.008,0.021,-1,Echolocation,/mnt/ubna_data_01_mir/recover-20220825/UBNA_002/20220823_033000.WAV,Telephone Field,recover-20220825,002,1795
1193.3235,1193.3648,68437,82916,Rhinolophus ferrumequinum,0.029,0.029,-1,Echolocation,/mnt/ubna_data_01_mir/recover-20220825/UBNA_002/20220823_033000.WAV,Telephone Field,recover-20220825,002,1795
1193.3365,1193.348,23750,29066,Nyctalus leisleri,0.012,0.023,-1,Echolocation,/mnt/ubna_data_01_mir/recover-20220825/UBNA_002/20220823_033000.WAV,Telephone Field,recover-20220825,002,1795
1193.3815,1193.4195,68437,81996,Rhinolophus ferrumequinum,0.021,0.021,-1,Echolocation,/mnt/ubna_data_01_mir/recover-20220825/UBNA_002/20220823_033000.WAV,Telephone Field,recover-20220825,002,1795
1193.4015,1193.4103,28906,38743,Eptesicus serotinus,0.009,0.021,-1,Echolocation,/mnt/ubna_data_01_mir/recover-20220825/UBNA_002/20220823_033000.WAV,Telephone Field,recover-20220825,002,1795
1193.4575,1193.4946,68437,81951,Rhinolophus ferrumequinum,0.027,0.027,-1,Echolocation,/mnt/ubna_data_01_mir/recover-20220825/UBNA_002/20220823_033000.WAV,Telephone Field,recover-20220825,002,1795
1193.4675,1193.4783,24609,31603,Eptesicus serotinus,0.012,0.027,-1,Echolocation,/mnt/ubna_data_01_mir/recover-20220825/UBNA_002/20220823_033000.WAV,Telephone Field,recover-20220825,002,1795
1193.4865,1193.5241,68437,81703,Rhinolophus ferrumequinum,0.021,0.021,-1,Echolocation,/mnt/ubna_data_01_mir/recover-20220825/UBNA_002/20220823_033000.WAV,Telephone Field,recover-20220825,002,1795
1193.4955,1193.5357,68437,82833,Rhinolophus ferrumequinum,0.022,0.022,-1,Echolocation,/mnt/ubna_data_01_mir/recover-20220825/UBNA_002/20220823_033000.WAV,Telephone Field,recover-20220825,002,1795
1193.5035,1193.545,68437,82358,Rhinolophus ferrumequinum,0.021,0.021,-1,Echolocation,/mnt/ubna_data_01_mir/recover-20220825/UBNA_002/20220823_033000.WAV,Telephone Field,recover-20220825,002,1795
1193.5265,1193.5373,24609,31411,Eptesicus serotinus,0.008,0.024,-1,Echolocation,/mnt/ubna_data_01_mir/recover-20220825/UBNA_002/20220823_033000.WAV,Telephone Field,recover-20220825,002,1795
1193.5635,1193.5731,24609,32052,Eptesicus serotinus,0.008,0.023,-1,Echolocation,/mnt/ubna_data_01_mir/recover-20220825/UBNA_002/20220823_033000.WAV,Telephone Field,recover-20220825,002,1795
1193.5815,1193.5898,28046,38314,Eptesicus serotinus,0.009,0.021,-1,Echolocation,/mnt/ubna_data_01_mir/recover-20220825/UBNA_002/20220823_033000.WAV,Telephone Field,recover-20220825,002,1795
1193.5905,1193.6278,68437,81951,Rhinolophus ferrumequinum,0.023,0.023,-1,Echolocation,/mnt/ubna_data_01_mir/recover-20220825/UBNA_002/20220823_033000.WAV,Telephone Field,recover-20220825,002,1795
1193.6335,1193.6412,28906,38974,Eptesicus serotinus,0.007,0.021,-1,Echolocation,/mnt/ubna_data_01_mir/recover-20220825/UBNA_002/20220823_033000.WAV,Telephone Field,recover-20220825,002,1795
1193.6555,1193.6925,68437,82031,Rhinolophus ferrumequinum,0.02,0.02,-1,Echolocation,/mnt/ubna_data_01_mir/recover-20220825/UBNA_002/20220823_033000.WAV,Telephone Field,recover-20220825,002,1795
1193.6825,1193.6914,28046,37292,Eptesicus serotinus,0.009,0.022,-1,Echolocation,/mnt/ubna_data_01_mir/recover-20220825/UBNA_002/20220823_033000.WAV,Telephone Field,recover-20220825,002,1795
1193.7165,1193.725,30625,39526,Eptesicus serotinus,0.007,0.022,-1,Echolocation,/mnt/ubna_data_01_mir/recover-20220825/UBNA_002/20220823_033000.WAV,Telephone Field,recover-20220825,002,1795
1193.7495,1193.7896,68437,82357,Rhinolophus ferrumequinum,0.021,0.021,-1,Echolocation,/mnt/ubna_data_01_mir/recover-20220825/UBNA_002/20220823_033000.WAV,Telephone Field,recover-20220825,002,1795
1193.7925,1193.8306,68437,81854,Rhinolophus ferrumequinum,0.02,0.02,-1,Echolocation,/mnt/ubna_data_01_mir/recover-20220825/UBNA_002/20220823_033000.WAV,Telephone Field,recover-20220825,002,1795
1193.7995,1193.8381,68437,81998,Rhinolophus ferrumequinum,0.021,0.021,-1,Echolocation,/mnt/ubna_data_01_mir/recover-20220825/UBNA_002/20220823_033000.WAV,Telephone Field,recover-20220825,002,1795
1193.8125,1193.8551,68437,82635,Rhinolophus ferrumequinum,0.022,0.022,-1,Echolocation,/mnt/ubna_data_01_mir/recover-20220825/UBNA_002/20220823_033000.WAV,Telephone Field,recover-20220825,002,1795
1193.8395,1193.8472,25468,34358,Eptesicus serotinus,0.007,0.023,-1,Echolocation,/mnt/ubna_data_01_mir/recover-20220825/UBNA_002/20220823_033000.WAV,Telephone Field,recover-20220825,002,1795
1193.8885,1193.8971,28906,38451,Eptesicus serotinus,0.012,0.025,-1,Echolocation,/mnt/ubna_data_01_mir/recover-20220825/UBNA_002/20220823_033000.WAV,Telephone Field,recover-20220825,002,1795
1193.8895,1193.9307,68437,82563,Rhinolophus ferrumequinum,0.024,0.024,-1,Echolocation,/mnt/ubna_data_01_mir/recover-20220825/UBNA_002/20220823_033000.WAV,Telephone Field,recover-20220825,002,1795
1193.9085,1193.9483,68437,82464,Rhinolophus ferrumequinum,0.022,0.022,-1,Echolocation,/mnt/ubna_data_01_mir/recover-20220825/UBNA_002/20220823_033000.WAV,Telephone Field,recover-20220825,002,1795
1193.9555,1193.9961,68437,82509,Rhinolophus ferrumequinum,0.023,0.023,-1,Echolocation,/mnt/ubna_data_01_mir/recover-20220825/UBNA_002/20220823_033000.WAV,Telephone Field,recover-20220825,002,1795
1194.0015,1194.0114,23750,30898,Nyctalus leisleri,0.013,0.032,-1,Echolocation,/mnt/ubna_data_01_mir/recover-20220825/UBNA_002/20220823_033000.WAV,Telephone Field,recover-20220825,002,1795
1194.0015,1194.036,68437,79963,Rhinolophus ferrumequinum,0.031,0.031,-1,Echolocation,/mnt/ubna_data_01_mir/recover-20220825/UBNA_002/20220823_033000.WAV,Telephone Field,recover-20220825,002,1795
1194.0015,1194.0104,46953,53115,Pipistrellus pipistrellus,0.018,0.025,-1,Echolocation,/mnt/ubna_data_01_mir/recover-20220825/UBNA_002/20220823_033000.WAV,Telephone Field,recover-20220825,002,1795
1194.0705,1194.1101,68437,82183,Rhinolophus ferrumequinum,0.023,0.023,-1,Echolocation,/mnt/ubna_data_01_mir/recover-20220825/UBNA_002/20220823_033000.WAV,Telephone Field,recover-20220825,002,1795
1194.0815,1194.1204,68437,81909,Rhinolophus ferrumequinum,0.022,0.022,-1,Echolocation,/mnt/ubna_data_01_mir/recover-20220825/UBNA_002/20220823_033000.WAV,Telephone Field,recover-20220825,002,1795
1194.0935,1194.1008,28906,38902,Eptesicus serotinus,0.01,0.032,-1,Echolocation,/mnt/ubna_data_01_mir/recover-20220825/UBNA_002/20220823_033000.WAV,Telephone Field,recover-20220825,002,1795
1194.1035,1194.1424,68437,82292,Rhinolophus ferrumequinum,0.023,0.023,-1,Echolocation,/mnt/ubna_data_01_mir/recover-20220825/UBNA_002/20220823_033000.WAV,Telephone Field,recover-20220825,002,1795
1194.1255,1194.1637,68437,82340,Rhinolophus ferrumequinum,0.021,0.021,-1,Echolocation,/mnt/ubna_data_01_mir/recover-20220825/UBNA_002/20220823_033000.WAV,Telephone Field,recover-20220825,002,1795
1194.1345,1194.1726,68437,82452,Rhinolophus ferrumequinum,0.023,0.023,-1,Echolocation,/mnt/ubna_data_01_mir/recover-20220825/UBNA_002/20220823_033000.WAV,Telephone Field,recover-20220825,002,1795
1194.1805,1194.1867,28046,37857,Eptesicus serotinus,0.006,0.023,-1,Echolocation,/mnt/ubna_data_01_mir/recover-20220825/UBNA_002/20220823_033000.WAV,Telephone Field,recover-20220825,002,1795
1194.1875,1194.2245,68437,82096,Rhinolophus ferrumequinum,0.022,0.022,-1,Echolocation,/mnt/ubna_data_01_mir/recover-20220825/UBNA_002/20220823_033000.WAV,Telephone Field,recover-20220825,002,1795
1194.1995,1194.2068,24609,32753,Plecotus auritus,0.006,0.024,-1,Echolocation,/mnt/ubna_data_01_mir/recover-20220825/UBNA_002/20220823_033000.WAV,Telephone Field,recover-20220825,002,1795
1194.2045,1194.2438,68437,81962,Rhinolophus ferrumequinum,0.022,0.022,-1,Echolocation,/mnt/ubna_data_01_mir/recover-20220825/UBNA_002/20220823_033000.WAV,Telephone Field,recover-20220825,002,1795
1194.2075,1194.2152,50390,56367,Pipistrellus pipistrellus,0.054,0.061,-1,Echolocation,/mnt/ubna_data_01_mir/recover-20220825/UBNA_002/20220823_033000.WAV,Telephone Field,recover-20220825,002,1795
1194.2245,1194.235,28046,35108,Eptesicus serotinus,0.011,0.023,-1,Echolocation,/mnt/ubna_data_01_mir/recover-20220825/UBNA_002/20220823_033000.WAV,Telephone Field,recover-20220825,002,1795
1194.2305,1194.2729,68437,82595,Rhinolophus ferrumequinum,0.026,0.026,-1,Echolocation,/mnt/ubna_data_01_mir/recover-20220825/UBNA_002/20220823_033000.WAV,Telephone Field,recover-20220825,002,1795
1194.2505,1194.2913,68437,82671,Rhinolophus ferrumequinum,0.036,0.036,-1,Echolocation,/mnt/ubna_data_01_mir/recover-20220825/UBNA_002/20220823_033000.WAV,Telephone Field,recover-20220825,002,1795
1194.2535,1194.2614,46953,50425,Pipistrellus pipistrellus,0.038,0.04,-1,Echolocation,/mnt/ubna_data_01_mir/recover-20220825/UBNA_002/20220823_033000.WAV,Telephone Field,recover-20220825,002,1795
1194.2735,1194.2842,58984,64363,Pipistrellus pygmaeus,0.025,0.026,-1,Echolocation,/mnt/ubna_data_01_mir/recover-20220825/UBNA_002/20220823_033000.WAV,Telephone Field,recover-20220825,002,1795
1194.2895,1194.3001,28046,38285,Eptesicus serotinus,0.013,0.027,-1,Echolocation,/mnt/ubna_data_01_mir/recover-20220825/UBNA_002/20220823_033000.WAV,Telephone Field,recover-20220825,002,1795
1194.2965,1194.3081,28906,36632,Eptesicus serotinus,0.015,0.03,-1,Echolocation,/mnt/ubna_data_01_mir/recover-20220825/UBNA_002/20220823_033000.WAV,Telephone Field,recover-20220825,002,1795
1194.3395,1194.3793,68437,82759,Rhinolophus ferrumequinum,0.03,0.03,-1,Echolocation,/mnt/ubna_data_01_mir/recover-20220825/UBNA_002/20220823_033000.WAV,Telephone Field,recover-20220825,002,1795
1194.3495,1194.3904,68437,82120,Rhinolophus ferrumequinum,0.023,0.023,-1,Echolocation,/mnt/ubna_data_01_mir/recover-20220825/UBNA_002/20220823_033000.WAV,Telephone Field,recover-20220825,002,1795
1194.3505,1194.3612,34062,39903,Eptesicus serotinus,0.005,0.022,-1,Echolocation,/mnt/ubna_data_01_mir/recover-20220825/UBNA_002/20220823_033000.WAV,Telephone Field,recover-20220825,002,1795
1194.3765,1194.3845,24609,33297,Plecotus austriacus,0.005,0.021,-1,Echolocation,/mnt/ubna_data_01_mir/recover-20220825/UBNA_002/20220823_033000.WAV,Telephone Field,recover-20220825,002,1795
1194.3985,1194.4426,68437,83292,Rhinolophus ferrumequinum,0.06,0.06,-1,Echolocation,/mnt/ubna_data_01_mir/recover-20220825/UBNA_002/20220823_033000.WAV,Telephone Field,recover-20220825,002,1795
1194.3995,1194.4054,50390,58308,Pipistrellus pipistrellus,0.018,0.021,-1,Echolocation,/mnt/ubna_data_01_mir/recover-20220825/UBNA_002/20220823_033000.WAV,Telephone Field,recover-20220825,002,1795
1194.4045,1194.4139,29765,40923,Eptesicus serotinus,0.008,0.023,-1,Echolocation,/mnt/ubna_data_01_mir/recover-20220825/UBNA_002/20220823_033000.WAV,Telephone Field,recover-20220825,002,1795
1194.4275,1194.4664,68437,81750,Rhinolophus ferrumequinum,0.023,0.023,-1,Echolocation,/mnt/ubna_data_01_mir/recover-20220825/UBNA_002/20220823_033000.WAV,Telephone Field,recover-20220825,002,1795
1194.4705,1194.5097,68437,82640,Rhinolophus ferrumequinum,0.023,0.023,-1,Echolocation,/mnt/ubna_data_01_mir/recover-20220825/UBNA_002/20220823_033000.WAV,Telephone Field,recover-20220825,002,1795
1194.4725,1194.4814,23750,31617,Plecotus austriacus,0.006,0.021,-1,Echolocation,/mnt/ubna_data_01_mir/recover-20220825/UBNA_002/20220823_033000.WAV,Telephone Field,recover-20220825,002,1795
1194.4855,1194.498,14296,19572,Nyctalus noctula,0.014,0.025,-1,Echolocation,/mnt/ubna_data_01_mir/recover-20220825/UBNA_002/20220823_033000.WAV,Telephone Field,recover-20220825,002,1795
1194.4925,1194.5324,68437,81759,Rhinolophus ferrumequinum,0.021,0.021,-1,Echolocation,/mnt/ubna_data_01_mir/recover-20220825/UBNA_002/20220823_033000.WAV,Telephone Field,recover-20220825,002,1795
1194.5115,1194.5462,68437,81614,Rhinolophus ferrumequinum,0.022,0.022,-1,Echolocation,/mnt/ubna_data_01_mir/recover-20220825/UBNA_002/20220823_033000.WAV,Telephone Field,recover-20220825,002,1795
1194.5345,1194.5431,26328,36482,Eptesicus serotinus,0.009,0.024,-1,Echolocation,/mnt/ubna_data_01_mir/recover-20220825/UBNA_002/20220823_033000.WAV,Telephone Field,recover-20220825,002,1795
1194.5425,1194.5501,28046,38012,Eptesicus serotinus,0.007,0.022,-1,Echolocation,/mnt/ubna_data_01_mir/recover-20220825/UBNA_002/20220823_033000.WAV,Telephone Field,recover-20220825,002,1795
1194.5645,1194.6012,68437,80993,Rhinolophus ferrumequinum,0.023,0.023,-1,Echolocation,/mnt/ubna_data_01_mir/recover-20220825/UBNA_002/20220823_033000.WAV,Telephone Field,recover-20220825,002,1795
1194.5915,1194.6286,68437,81425,Rhinolophus ferrumequinum,0.021,0.021,-1,Echolocation,/mnt/ubna_data_01_mir/recover-20220825/UBNA_002/20220823_033000.WAV,Telephone Field,recover-20220825,002,1795
1194.5975,1194.6084,22890,28427,Nyctalus leisleri,0.013,0.028,-1,Echolocation,/mnt/ubna_data_01_mir/recover-20220825/UBNA_002/20220823_033000.WAV,Telephone Field,recover-20220825,002,1795
1194.6185,1194.6585,68437,82340,Rhinolophus ferrumequinum,0.021,0.021,-1,Echolocation,/mnt/ubna_data_01_mir/recover-20220825/UBNA_002/20220823_033000.WAV,Telephone Field,recover-20220825,002,1795
1194.6785,1194.718,68437,82051,Rhinolophus ferrumequinum,0.021,0.021,-1,Echolocation,/mnt/ubna_data_01_mir/recover-20220825/UBNA_002/20220823_033000.WAV,Telephone Field,recover-20220825,002,1795
1194.6935,1194.735,68437,82355,Rhinolophus ferrumequinum,0.024,0.024,-1,Echolocation,/mnt/ubna_data_01_mir/recover-20220825/UBNA_002/20220823_033000.WAV,Telephone Field,recover-20220825,002,1795
1194.7125,1194.7272,20312,23289,Nyctalus leisleri,0.017,0.026,-1,Echolocation,/mnt/ubna_data_01_mir/recover-20220825/UBNA_002/20220823_033000.WAV,Telephone Field,recover-20220825,002,1795
1194.7305,1194.7385,27187,37936,Eptesicus serotinus,0.007,0.022,-1,Echolocation,/mnt/ubna_data_01_mir/recover-20220825/UBNA_002/20220823_033000.WAV,Telephone Field,recover-20220825,002,1795
1194.7415,1194.7801,68437,82789,Rhinolophus ferrumequinum,0.025,0.025,-1,Echolocation,/mnt/ubna_data_01_mir/recover-20220825/UBNA_002/20220823_033000.WAV,Telephone Field,recover-20220825,002,1795
1194.7735,1194.8125,68437,82133,Rhinolophus ferrumequinum,0.021,0.021,-1,Echolocation,/mnt/ubna_data_01_mir/recover-20220825/UBNA_002/20220823_033000.WAV,Telephone Field,recover-20220825,002,1795
1194.7895,1194.7982,25468,34129,Eptesicus serotinus,0.008,0.022,-1,Echolocation,/mnt/ubna_data_01_mir/recover-20220825/UBNA_002/20220823_033000.WAV,Telephone Field,recover-20220825,002,1795
1194.8145,1194.8549,68437,82577,Rhinolophus ferrumequinum,0.025,0.026,-1,Echolocation,/mnt/ubna_data_01_mir/recover-20220825/UBNA_002/20220823_033000.WAV,Telephone Field,recover-20220825,002,1795
1194.8465,1194.8868,68437,82433,Rhinolophus ferrumequinum,0.024,0.024,-1,Echolocation,/mnt/ubna_data_01_mir/recover-20220825/UBNA_002/20220823_033000.WAV,Telephone Field,recover-20220825,002,1795
1194.8675,1194.9052,68437,81690,Rhinolophus ferrumequinum,0.021,0.021,-1,Echolocation,/mnt/ubna_data_01_mir/recover-20220825/UBNA_002/20220823_033000.WAV,Telephone Field,recover-20220825,002,1795
1194.9065,1194.9467,68437,82466,Rhinolophus ferrumequinum,0.028,0.028,-1,Echolocation,/mnt/ubna_data_01_mir/recover-20220825/UBNA_002/20220823_033000.WAV,Telephone Field,recover-20220825,002,1795
1194.9355,1194.9443,25468,34230,Eptesicus serotinus,0.008,0.021,-1,Echolocation,/mnt/ubna_data_01_mir/recover-20220825/UBNA_002/20220823_033000.WAV,Telephone Field,recover-20220825,002,1795
1194.9465,1194.9867,68437,82202,Rhinolophus ferrumequinum,0.023,0.024,-1,Echolocation,/mnt/ubna_data_01_mir/recover-20220825/UBNA_002/20220823_033000.WAV,Telephone Field,recover-20220825,002,1795
1194.9525,1194.9608,28906,39452,Eptesicus serotinus,0.008,0.023,-1,Echolocation,/mnt/ubna_data_01_mir/recover-20220825/UBNA_002/20220823_033000.WAV,Telephone Field,recover-20220825,002,1795
1194.9705,1195.0083,68437,82519,Rhinolophus ferrumequinum,0.022,0.022,-1,Echolocation,/mnt/ubna_data_01_mir/recover-20220825/UBNA_002/20220823_033000.WAV,Telephone Field,recover-20220825,002,1795
1195.0215,1195.0588,68437,82069,Rhinolophus ferrumequinum,0.023,0.023,-1,Echolocation,/mnt/ubna_data_01_mir/recover-20220825/UBNA_002/20220823_033000.WAV,Telephone Field,recover-20220825,002,1795
1195.0425,1195.0518,28906,39494,Eptesicus serotinus,0.008,0.021,-1,Echolocation,/mnt/ubna_data_01_mir/recover-20220825/UBNA_002/20220823_033000.WAV,Telephone Field,recover-20220825,002,1795
1195.0455,1195.0837,68437,82136,Rhinolophus ferrumequinum,0.021,0.021,-1,Echolocation,/mnt/ubna_data_01_mir/recover-20220825/UBNA_002/20220823_033000.WAV,Telephone Field,recover-20220825,002,1795
1195.0705,1195.1098,68437,82380,Rhinolophus ferrumequinum,0.023,0.023,-1,Echolocation,/mnt/ubna_data_01_mir/recover-20220825/UBNA_002/20220823_033000.WAV,Telephone Field,recover-20220825,002,1795
1195.0705,1195.0825,25468,31802,Eptesicus serotinus,0.017,0.042,-1,Echolocation,/mnt/ubna_data_01_mir/recover-20220825/UBNA_002/20220823_033000.WAV,Telephone Field,recover-20220825,002,1795
1195.1015,1195.1397,68437,81439,Rhinolophus ferrumequinum,0.022,0.022,-1,Echolocation,/mnt/ubna_data_01_mir/recover-20220825/UBNA_002/20220823_033000.WAV,Telephone Field,recover-20220825,002,1795
1195.1395,1195.1776,68437,81703,Rhinolophus ferrumequinum,0.029,0.029,-1,Echolocation,/mnt/ubna_data_01_mir/recover-20220825/UBNA_002/20220823_033000.WAV,Telephone Field,recover-20220825,002,1795
1195.1765,1195.2152,68437,81681,Rhinolophus ferrumequinum,0.026,0.026,-1,Echolocation,/mnt/ubna_data_01_mir/recover-20220825/UBNA_002/20220823_033000.WAV,Telephone Field,recover-20220825,002,1795
1195.1955,1195.2337,68437,82296,Rhinolophus ferrumequinum,0.022,0.022,-1,Echolocation,/mnt/ubna_data_01_mir/recover-20220825/UBNA_002/20220823_033000.WAV,Telephone Field,recover-20220825,002,1795
1195.2255,1195.2669,68437,82748,Rhinolophus ferrumequinum,0.021,0.021,-1,Echolocation,/mnt/ubna_data_01_mir/recover-20220825/UBNA_002/20220823_033000.WAV,Telephone Field,recover-20220825,002,1795
1195.2855,1195.3269,68437,82999,Rhinolophus ferrumequinum,0.049,0.049,-1,Echolocation,/mnt/ubna_data_01_mir/recover-20220825/UBNA_002/20220823_033000.WAV,Telephone Field,recover-20220825,002,1795
1195.3235,1195.33,27187,44165,Eptesicus serotinus,0.007,0.026,-1,Echolocation,/mnt/ubna_data_01_mir/recover-20220825/UBNA_002/20220823_033000.WAV,Telephone Field,recover-20220825,002,1795
1195.3525,1195.3629,22890,27964,Nyctalus leisleri,0.011,0.023,-1,Echolocation,/mnt/ubna_data_01_mir/recover-20220825/UBNA_002/20220823_033000.WAV,Telephone Field,recover-20220825,002,1795
1195.3655,1195.4075,68437,82939,Rhinolophus ferrumequinum,0.029,0.029,-1,Echolocation,/mnt/ubna_data_01_mir/recover-20220825/UBNA_002/20220823_033000.WAV,Telephone Field,recover-20220825,002,1795
1195.3685,1195.3761,28046,39814,Eptesicus serotinus,0.007,0.023,-1,Echolocation,/mnt/ubna_data_01_mir/recover-20220825/UBNA_002/20220823_033000.WAV,Telephone Field,recover-20220825,002,1795
1195.3805,1195.392,23750,29449,Nyctalus leisleri,0.011,0.028,-1,Echolocation,/mnt/ubna_data_01_mir/recover-20220825/UBNA_002/20220823_033000.WAV,Telephone Field,recover-20220825,002,1795
1195.3815,1195.418,68437,82031,Rhinolophus ferrumequinum,0.024,0.024,-1,Echolocation,/mnt/ubna_data_01_mir/recover-20220825/UBNA_002/20220823_033000.WAV,Telephone Field,recover-20220825,002,1795
1195.3995,1195.4419,68437,82729,Rhinolophus ferrumequinum,0.03,0.03,-1,Echolocation,/mnt/ubna_data_01_mir/recover-20220825/UBNA_002/20220823_033000.WAV,Telephone Field,recover-20220825,002,1795
1195.4165,1195.4267,28906,36955,Eptesicus serotinus,0.01,0.023,-1,Echolocation,/mnt/ubna_data_01_mir/recover-20220825/UBNA_002/20220823_033000.WAV,Telephone Field,recover-20220825,002,1795
1195.4565,1195.4912,68437,81098,Rhinolophus ferrumequinum,0.022,0.022,-1,Echolocation,/mnt/ubna_data_01_mir/recover-20220825/UBNA_002/20220823_033000.WAV,Telephone Field,recover-20220825,002,1795
1195.4795,1195.4871,28046,42587,Eptesicus serotinus,0.008,0.025,-1,Echolocation,/mnt/ubna_data_01_mir/recover-20220825/UBNA_002/20220823_033000.WAV,Telephone Field,recover-20220825,002,1795
1195.4975,1195.5364,68437,82395,Rhinolophus ferrumequinum,0.021,0.021,-1,Echolocation,/mnt/ubna_data_01_mir/recover-20220825/UBNA_002/20220823_033000.WAV,Telephone Field,recover-20220825,002,1795
1195.5055,1195.5422,68437,81962,Rhinolophus ferrumequinum,0.024,0.024,-1,Echolocation,/mnt/ubna_data_01_mir/recover-20220825/UBNA_002/20220823_033000.WAV,Telephone Field,recover-20220825,002,1795
1195.5755,1195.6132,68437,82270,Rhinolophus ferrumequinum,0.024,0.024,-1,Echolocation,/mnt/ubna_data_01_mir/recover-20220825/UBNA_002/20220823_033000.WAV,Telephone Field,recover-20220825,002,1795
1195.6255,1195.6337,28046,39157,Eptesicus serotinus,0.007,0.022,-1,Echolocation,/mnt/ubna_data_01_mir/recover-20220825/UBNA_002/20220823_033000.WAV,Telephone Field,recover-20220825,002,1795
1195.6315,1195.6419,22031,25981,Nyctalus leisleri,0.012,0.022,-1,Echolocation,/mnt/ubna_data_01_mir/recover-20220825/UBNA_002/20220823_033000.WAV,Telephone Field,recover-20220825,002,1795
1195.6425,1195.6854,68437,82869,Rhinolophus ferrumequinum,0.035,0.035,-1,Echolocation,/mnt/ubna_data_01_mir/recover-20220825/UBNA_002/20220823_033000.WAV,Telephone Field,recover-20220825,002,1795
1195.6595,1195.6985,68437,81909,Rhinolophus ferrumequinum,0.021,0.021,-1,Echolocation,/mnt/ubna_data_01_mir/recover-20220825/UBNA_002/20220823_033000.WAV,Telephone Field,recover-20220825,002,1795
1195.6735,1195.7118,68437,82406,Rhinolophus ferrumequinum,0.029,0.029,-1,Echolocation,/mnt/ubna_data_01_mir/recover-20220825/UBNA_002/20220823_033000.WAV,Telephone Field,recover-20220825,002,1795
1195.7065,1195.713,28046,39815,Eptesicus serotinus,0.007,0.023,-1,Echolocation,/mnt/ubna_data_01_mir/recover-20220825/UBNA_002/20220823_033000.WAV,Telephone Field,recover-20220825,002,1795
1195.7335,1195.7423,24609,32392,Nyctalus leisleri,0.006,0.022,-1,Echolocation,/mnt/ubna_data_01_mir/recover-20220825/UBNA_002/20220823_033000.WAV,Telephone Field,recover-20220825,002,1795
1195.7345,1195.7779,68437,82940,Rhinolophus ferrumequinum,0.033,0.033,-1,Echolocation,/mnt/ubna_data_01_mir/recover-20220825/UBNA_002/20220823_033000.WAV,Telephone Field,recover-20220825,002,1795
1195.7745,1195.7815,28046,41428,Eptesicus serotinus,0.009,0.033,-1,Echolocation,/mnt/ubna_data_01_mir/recover-20220825/UBNA_002/20220823_033000.WAV,Telephone Field,recover-20220825,002,1795
1195.7875,1195.7965,26328,33616,Eptesicus serotinus,0.018,0.039,-1,Echolocation,/mnt/ubna_data_01_mir/recover-20220825/UBNA_002/20220823_033000.WAV,Telephone Field,recover-20220825,002,1795
1195.7995,1195.8343,68437,81536,Rhinolophus ferrumequinum,0.022,0.022,-1,Echolocation,/mnt/ubna_data_01_mir/recover-20220825/UBNA_002/20220823_033000.WAV,Telephone Field,recover-20220825,002,1795
1195.8375,1195.8813,68437,83249,Rhinolophus ferrumequinum,0.042,0.042,-1,Echolocation,/mnt/ubna_data_01_mir/recover-20220825/UBNA_002/20220823_033000.WAV,Telephone Field,recover-20220825,002,1795
1195.8495,1195.8582,38359,43768,Pipistrellus nathusii,0.147,0.339,-1,Echolocation,/mnt/ubna_data_01_mir/recover-20220825/UBNA_002/20220823_033000.WAV,Telephone Field,recover-20220825,002,1795
1195.8495,1195.8564,26328,40622,Eptesicus serotinus,0.007,0.024,-1,Echolocation,/mnt/ubna_data_01_mir/recover-20220825/UBNA_002/20220823_033000.WAV,Telephone Field,recover-20220825,002,1795
1195.8825,1195.9246,68437,83039,Rhinolophus ferrumequinum,0.034,0.034,-1,Echolocation,/mnt/ubna_data_01_mir/recover-20220825/UBNA_002/20220823_033000.WAV,Telephone Field,recover-20220825,002,1795
1195.9075,1195.9167,23750,31737,Nyctalus leisleri,0.006,0.021,-1,Echolocation,/mnt/ubna_data_01_mir/recover-20220825/UBNA_002/20220823_033000.WAV,Telephone Field,recover-20220825,002,1795
1195.9435,1195.9828,68437,82095,Rhinolophus ferrumequinum,0.022,0.022,-1,Echolocation,/mnt/ubna_data_01_mir/recover-20220825/UBNA_002/20220823_033000.WAV,Telephone Field,recover-20220825,002,1795
1195.9475,1195.9532,36640,45208,Barbastellus barbastellus,0.047,0.081,-1,Echolocation,/mnt/ubna_data_01_mir/recover-20220825/UBNA_002/20220823_033000.WAV,Telephone Field,recover-20220825,002,1795
1195.9645,1195.9984,68437,80793,Rhinolophus ferrumequinum,0.023,0.023,-1,Echolocation,/mnt/ubna_data_01_mir/recover-20220825/UBNA_002/20220823_033000.WAV,Telephone Field,recover-20220825,002,1795
1196.0015,1196.0091,25468,35632,Nyctalus leisleri,0.006,0.024,-1,Echolocation,/mnt/ubna_data_01_mir/recover-20220825/UBNA_002/20220823_033000.WAV,Telephone Field,recover-20220825,002,1795
1196.0015,1196.0325,68437,79741,Rhinolophus ferrumequinum,0.022,0.022,-1,Echolocation,/mnt/ubna_data_01_mir/recover-20220825/UBNA_002/20220823_033000.WAV,Telephone Field,recover-20220825,002,1795
1196.0015,1196.0083,47812,56260,Pipistrellus pipistrellus,0.014,0.021,-1,Echolocation,/mnt/ubna_data_01_mir/recover-20220825/UBNA_002/20220823_033000.WAV,Telephone Field,recover-20220825,002,1795
1196.0385,1196.0792,68437,81850,Rhinolophus ferrumequinum,0.022,0.022,-1,Echolocation,/mnt/ubna_data_01_mir/recover-20220825/UBNA_002/20220823_033000.WAV,Telephone Field,recover-20220825,002,1795
1196.0405,1196.049,26328,38472,Eptesicus serotinus,0.007,0.022,-1,Echolocation,/mnt/ubna_data_01_mir/recover-20220825/UBNA_002/20220823_033000.WAV,Telephone Field,recover-20220825,002,1795
1196.0475,1196.0863,68437,82437,Rhinolophus ferrumequinum,0.02,0.021,-1,Echolocation,/mnt/ubna_data_01_mir/recover-20220825/UBNA_002/20220823_033000.WAV,Telephone Field,recover-20220825,002,1795
1196.1005,1196.1067,28046,41887,Eptesicus serotinus,0.005,0.024,-1,Echolocation,/mnt/ubna_data_01_mir/recover-20220825/UBNA_002/20220823_033000.WAV,Telephone Field,recover-20220825,002,1795
1196.1075,1196.1493,68437,82786,Rhinolophus ferrumequinum,0.024,0.024,-1,Echolocation,/mnt/ubna_data_01_mir/recover-20220825/UBNA_002/20220823_033000.WAV,Telephone Field,recover-20220825,002,1795
1196.1655,1196.2008,68437,81451,Rhinolophus ferrumequinum,0.025,0.026,-1,Echolocation,/mnt/ubna_data_01_mir/recover-20220825/UBNA_002/20220823_033000.WAV,Telephone Field,recover-20220825,002,1795
1196.1725,1196.2139,68437,82849,Rhinolophus ferrumequinum,0.024,0.024,-1,Echolocation,/mnt/ubna_data_01_mir/recover-20220825/UBNA_002/20220823_033000.WAV,Telephone Field,recover-20220825,002,1795
1196.1935,1196.2336,68437,82407,Rhinolophus ferrumequinum,0.022,0.022,-1,Echolocation,/mnt/ubna_data_01_mir/recover-20220825/UBNA_002/20220823_033000.WAV,Telephone Field,recover-20220825,002,1795
1196.2125,1196.2258,22031,25961,Nyctalus leisleri,0.017,0.031,-1,Echolocation,/mnt/ubna_data_01_mir/recover-20220825/UBNA_002/20220823_033000.WAV,Telephone Field,recover-20220825,002,1795
1196.2815,1196.2975,22031,25353,Nyctalus leisleri,0.035,0.063,-1,Echolocation,/mnt/ubna_data_01_mir/recover-20220825/UBNA_002/20220823_033000.WAV,Telephone Field,recover-20220825,002,1795
1196.3045,1196.3455,68437,82545,Rhinolophus ferrumequinum,0.022,0.022,-1,Echolocation,/mnt/ubna_data_01_mir/recover-20220825/UBNA_002/20220823_033000.WAV,Telephone Field,recover-20220825,002,1795
1196.3245,1196.3373,34062,41138,Eptesicus serotinus,0.007,0.021,-1,Echolocation,/mnt/ubna_data_01_mir/recover-20220825/UBNA_002/20220823_033000.WAV,Telephone Field,recover-20220825,002,1795
1196.3305,1196.339,28906,38893,Eptesicus serotinus,0.007,0.02,-1,Echolocation,/mnt/ubna_data_01_mir/recover-20220825/UBNA_002/20220823_033000.WAV,Telephone Field,recover-20220825,002,1795
1196.3425,1196.3829,68437,82372,Rhinolophus ferrumequinum,0.02,0.02,-1,Echolocation,/mnt/ubna_data_01_mir/recover-20220825/UBNA_002/20220823_033000.WAV,Telephone Field,recover-20220825,002,1795
1196.3665,1196.4086,68437,83009,Rhinolophus ferrumequinum,0.022,0.022,-1,Echolocation,/mnt/ubna_data_01_mir/recover-20220825/UBNA_002/20220823_033000.WAV,Telephone Field,recover-20220825,002,1795
1196.3845,1196.3915,27187,41187,Eptesicus serotinus,0.006,0.021,-1,Echolocation,/mnt/ubna_data_01_mir/recover-20220825/UBNA_002/20220823_033000.WAV,Telephone Field,recover-20220825,002,1795
1196.4325,1196.4439,22031,26596,Nyctalus leisleri,0.012,0.026,-1,Echolocation,/mnt/ubna_data_01_mir/recover-20220825/UBNA_002/20220823_033000.WAV,Telephone Field,recover-20220825,002,1795
1196.4345,1196.474,68437,81931,Rhinolophus ferrumequinum,0.023,0.023,-1,Echolocation,/mnt/ubna_data_01_mir/recover-20220825/UBNA_002/20220823_033000.WAV,Telephone Field,recover-20220825,002,1795
1196.4855,1196.5259,68437,82245,Rhinolophus ferrumequinum,0.023,0.023,-1,Echolocation,/mnt/ubna_data_01_mir/recover-20220825/UBNA_002/20220823_033000.WAV,Telephone Field,recover-20220825,002,1795
1196.5065,1196.5193,54687,62112,Pipistrellus pygmaeus,0.019,0.022,-1,Echolocation,/mnt/ubna_data_01_mir/recover-20220825/UBNA_002/20220823_033000.WAV,Telephone Field,recover-20220825,002,1795
1196.5085,1196.52,23750,28057,Nyctalus leisleri,0.017,0.03,-1,Echolocation,/mnt/ubna_data_01_mir/recover-20220825/UBNA_002/20220823_033000.WAV,Telephone Field,recover-20220825,002,1795
1196.5875,1196.626,68437,82160,Rhinolophus ferrumequinum,0.023,0.023,-1,Echolocation,/mnt/ubna_data_01_mir/recover-20220825/UBNA_002/20220823_033000.WAV,Telephone Field,recover-20220825,002,1795
1196.6015,1196.6082,27187,37882,Eptesicus serotinus,0.005,0.02,-1,Echolocation,/mnt/ubna_data_01_mir/recover-20220825/UBNA_002/20220823_033000.WAV,Telephone Field,recover-20220825,002,1795
1196.6115,1196.6547,68437,83017,Rhinolophus ferrumequinum,0.021,0.021,-1,Echolocation,/mnt/ubna_data_01_mir/recover-20220825/UBNA_002/20220823_033000.WAV,Telephone Field,recover-20220825,002,1795
1196.6365,1196.6734,68437,82000,Rhinolophus ferrumequinum,0.021,0.021,-1,Echolocation,/mnt/ubna_data_01_mir/recover-20220825/UBNA_002/20220823_033000.WAV,Telephone Field,recover-20220825,002,1795
1196.6505,1196.6603,28046,37797,Eptesicus serotinus,0.011,0.024,-1,Echolocation,/mnt/ubna_data_01_mir/recover-20220825/UBNA_002/20220823_033000.WAV,Telephone Field,recover-20220825,002,1795
1196.6725,1196.7117,68437,82399,Rhinolophus ferrumequinum,0.021,0.021,-1,Echolocation,/mnt/ubna_data_01_mir/recover-20220825/UBNA_002/20220823_033000.WAV,Telephone Field,recover-20220825,002,1795
1196.6775,1196.6874,25468,32770,Eptesicus serotinus,0.008,0.02,-1,Echolocation,/mnt/ubna_data_01_mir/recover-20220825/UBNA_002/20220823_033000.WAV,Telephone Field,recover-20220825,002,1795
1196.7055,1196.7459,68437,82285,Rhinolophus ferrumequinum,0.021,0.021,-1,Echolocation,/mnt/ubna_data_01_mir/recover-20220825/UBNA_002/20220823_033000.WAV,Telephone Field,recover-20220825,002,1795
1196.7345,1196.7734,68437,81974,Rhinolophus ferrumequinum,0.022,0.022,-1,Echolocation,/mnt/ubna_data_01_mir/recover-20220825/UBNA_002/20220823_033000.WAV,Telephone Field,recover-20220825,002,1795
1196.7665,1196.8081,68437,82990,Rhinolophus ferrumequinum,0.029,0.029,-1,Echolocation,/mnt/ubna_data_01_mir/recover-20220825/UBNA_002/20220823_033000.WAV,Telephone Field,recover-20220825,002,1795
1196.8125,1196.8247,38359,43162,Pipistrellus nathusii,0.012,0.026,-1,Echolocation,/mnt/ubna_data_01_mir/recover-20220825/UBNA_002/20220823_033000.WAV,Telephone Field,recover-20220825,002,1795
1196.8535,1196.892,68437,82531,Rhinolophus ferrumequinum,0.024,0.024,-1,Echolocation,/mnt/ubna_data_01_mir/recover-20220825/UBNA_002/20220823_033000.WAV,Telephone Field,recover-20220825,002,1795
1196.8725,1196.8847,48671,52944,Pipistrellus pipistrellus,0.016,0.022,-1,Echolocation,/mnt/ubna_data_01_mir/recover-20220825/UBNA_002/20220823_033000.WAV,Telephone Field,recover-20220825,002,1795
1196.8785,1196.8884,28046,34999,Eptesicus serotinus,0.012,0.024,-1,Echolocation,/mnt/ubna_data_01_mir/recover-20220825/UBNA_002/20220823_033000.WAV,Telephone Field,recover-20220825,002,1795
1196.9075,1196.9185,22890,27209,Nyctalus leisleri,0.014,0.025,-1,Echolocation,/mnt/ubna_data_01_mir/recover-20220825/UBNA_002/20220823_033000.WAV,Telephone Field,recover-20220825,002,1795
1196.9975,1197.006,27187,36651,Eptesicus serotinus,0.008,0.02,-1,Echolocation,/mnt/ubna_data_01_mir/recover-20220825/UBNA_002/20220823_033000.WAV,Telephone Field,recover-20220825,002,1795
1197.0055,1197.0431,68437,82123,Rhinolophus ferrumequinum,0.022,0.023,-1,Echolocation,/mnt/ubna_data_01_mir/recover-20220825/UBNA_002/20220823_033000.WAV,Telephone Field,recover-20220825,002,1795
1197.0645,1197.0742,22890,29678,Nyctalus leisleri,0.007,0.021,-1,Echolocation,/mnt/ubna_data_01_mir/recover-20220825/UBNA_002/20220823_033000.WAV,Telephone Field,recover-20220825,002,1795
1197.0665,1197.1042,68437,81547,Rhinolophus ferrumequinum,0.02,0.02,-1,Echolocation,/mnt/ubna_data_01_mir/recover-20220825/UBNA_002/20220823_033000.WAV,Telephone Field,recover-20220825,002,1795
1197.1085,1197.1163,15156,26393,Plecotus auritus,0.015,0.024,-1,Echolocation,/mnt/ubna_data_01_mir/recover-20220825/UBNA_002/20220823_033000.WAV,Telephone Field,recover-20220825,002,1795
1197.1275,1197.1383,28046,35060,Eptesicus serotinus,0.012,0.025,-1,Echolocation,/mnt/ubna_data_01_mir/recover-20220825/UBNA_002/20220823_033000.WAV,Telephone Field,recover-20220825,002,1795
1197.1335,1197.173,68437,82629,Rhinolophus ferrumequinum,0.022,0.022,-1,Echolocation,/mnt/ubna_data_01_mir/recover-20220825/UBNA_002/20220823_033000.WAV,Telephone Field,recover-20220825,002,1795
1197.1465,1197.1575,25468,33105,Nyctalus leisleri,0.378,0.661,-1,Echolocation,/mnt/ubna_data_01_mir/recover-20220825/UBNA_002/20220823_033000.WAV,Telephone Field,recover-20220825,002,1795
1197.1705,1197.1817,22031,25626,Nyctalus leisleri,0.014,0.023,-1,Echolocation,/mnt/ubna_data_01_mir/recover-20220825/UBNA_002/20220823_033000.WAV,Telephone Field,recover-20220825,002,1795
1197.1835,1197.2211,68437,81734,Rhinolophus ferrumequinum,0.021,0.022,-1,Echolocation,/mnt/ubna_data_01_mir/recover-20220825/UBNA_002/20220823_033000.WAV,Telephone Field,recover-20220825,002,1795
1197.2075,1197.2471,68437,81984,Rhinolophus ferrumequinum,0.023,0.024,-1,Echolocation,/mnt/ubna_data_01_mir/recover-20220825/UBNA_002/20220823_033000.WAV,Telephone Field,recover-20220825,002,1795
1197.2105,1197.2223,22890,28010,Nyctalus leisleri,0.013,0.026,-1,Echolocation,/mnt/ubna_data_01_mir/recover-20220825/UBNA_002/20220823_033000.WAV,Telephone Field,recover-20220825,002,1795
1197.2385,1197.278,68437,81579,Rhinolophus ferrumequinum,0.021,0.021,-1,Echolocation,/mnt/ubna_data_01_mir/recover-20220825/UBNA_002/20220823_033000.WAV,Telephone Field,recover-20220825,002,1795
1197.2385,1197.2498,28046,34698,Eptesicus serotinus,0.013,0.027,-1,Echolocation,/mnt/ubna_data_01_mir/recover-20220825/UBNA_002/20220823_033000.WAV,Telephone Field,recover-20220825,002,1795
1197.2525,1197.2897,68437,82104,Rhinolophus ferrumequinum,0.02,0.02,-1,Echolocation,/mnt/ubna_data_01_mir/recover-20220825/UBNA_002/20220823_033000.WAV,Telephone Field,recover-20220825,002,1795
1197.2725,1197.3103,68437,81791,Rhinolophus ferrumequinum,0.021,0.021,-1,Echolocation,/mnt/ubna_data_01_mir/recover-20220825/UBNA_002/20220823_033000.WAV,Telephone Field,recover-20220825,002,1795
1197.2945,1197.3023,23750,31912,Plecotus austriacus,0.009,0.022,-1,Echolocation,/mnt/ubna_data_01_mir/recover-20220825/UBNA_002/20220823_033000.WAV,Telephone Field,recover-20220825,002,1795
1197.3835,1197.4242,68437,82561,Rhinolophus ferrumequinum,0.024,0.024,-1,Echolocation,/mnt/ubna_data_01_mir/recover-20220825/UBNA_002/20220823_033000.WAV,Telephone Field,recover-20220825,002,1795
1197.4295,1197.4677,68437,81806,Rhinolophus ferrumequinum,0.021,0.021,-1,Echolocation,/mnt/ubna_data_01_mir/recover-20220825/UBNA_002/20220823_033000.WAV,Telephone Field,recover-20220825,002,1795
1197.4755,1197.4863,23750,29136,Nyctalus leisleri,0.012,0.026,-1,Echolocation,/mnt/ubna_data_01_mir/recover-20220825/UBNA_002/20220823_033000.WAV,Telephone Field,recover-20220825,002,1795
1197.5045,1197.5412,68437,81206,Rhinolophus ferrumequinum,0.021,0.022,-1,Echolocation,/mnt/ubna_data_01_mir/recover-20220825/UBNA_002/20220823_033000.WAV,Telephone Field,recover-20220825,002,1795
1197.5505,1197.5607,22031,27081,Nyctalus leisleri,0.009,0.022,-1,Echolocation,/mnt/ubna_data_01_mir/recover-20220825/UBNA_002/20220823_033000.WAV,Telephone Field,recover-20220825,002,1795
1197.5745,1197.6157,68437,82476,Rhinolophus ferrumequinum,0.023,0.023,-1,Echolocation,/mnt/ubna_data_01_mir/recover-20220825/UBNA_002/20220823_033000.WAV,Telephone Field,recover-20220825,002,1795
1197.5775,1197.5861,27187,39379,Eptesicus serotinus,0.008,0.021,-1,Echolocation,/mnt/ubna_data_01_mir/recover-20220825/UBNA_002/20220823_033000.WAV,Telephone Field,recover-20220825,002,1795
1197.6255,1197.6644000000001,68437,82566,Rhinolophus ferrumequinum,0.022,0.022,-1,Echolocation,/mnt/ubna_data_01_mir/recover-20220825/UBNA_002/20220823_033000.WAV,Telephone Field,recover-20220825,002,1795
1197.6275,1197.6379,25468,31519,Nyctalus leisleri,0.008,0.021,-1,Echolocation,/mnt/ubna_data_01_mir/recover-20220825/UBNA_002/20220823_033000.WAV,Telephone Field,recover-20220825,002,1795
1197.6425,1197.68,68437,82489,Rhinolophus ferrumequinum,0.02,0.02,-1,Echolocation,/mnt/ubna_data_01_mir/recover-20220825/UBNA_002/20220823_033000.WAV,Telephone Field,recover-20220825,002,1795
1197.6615,1197.7023,68437,83025,Rhinolophus ferrumequinum,0.024,0.024,-1,Echolocation,/mnt/ubna_data_01_mir/recover-20220825/UBNA_002/20220823_033000.WAV,Telephone Field,recover-20220825,002,1795
1197.7075,1197.7439,68437,81456,Rhinolophus ferrumequinum,0.024,0.024,-1,Echolocation,/mnt/ubna_data_01_mir/recover-20220825/UBNA_002/20220823_033000.WAV,Telephone Field,recover-20220825,002,1795
1197.7275,1197.7408,28046,34079,Eptesicus serotinus,0.012,0.029,-1,Echolocation,/mnt/ubna_data_01_mir/recover-20220825/UBNA_002/20220823_033000.WAV,Telephone Field,recover-20220825,002,1795
1197.7485,1197.7568,29765,40851,Eptesicus serotinus,0.007,0.021,-1,Echolocation,/mnt/ubna_data_01_mir/recover-20220825/UBNA_002/20220823_033000.WAV,Telephone Field,recover-20220825,002,1795
1197.8005,1197.814,27187,33264,Eptesicus serotinus,0.018,0.035,-1,Echolocation,/mnt/ubna_data_01_mir/recover-20220825/UBNA_002/20220823_033000.WAV,Telephone Field,recover-20220825,002,1795
1197.8495,1197.8593,26328,34036,Eptesicus serotinus,0.009,0.02,-1,Echolocation,/mnt/ubna_data_01_mir/recover-20220825/UBNA_002/20220823_033000.WAV,Telephone Field,recover-20220825,002,1795
1197.8645,1197.9061,68437,83309,Rhinolophus ferrumequinum,0.039,0.039,-1,Echolocation,/mnt/ubna_data_01_mir/recover-20220825/UBNA_002/20220823_033000.WAV,Telephone Field,recover-20220825,002,1795
1197.9445,1197.9821,68437,82148,Rhinolophus ferrumequinum,0.02,0.02,-1,Echolocation,/mnt/ubna_data_01_mir/recover-20220825/UBNA_002/20220823_033000.WAV,Telephone Field,recover-20220825,002,1795
1197.9695,1197.9845,26328,30820,Nyctalus leisleri,0.016,0.036,-1,Echolocation,/mnt/ubna_data_01_mir/recover-20220825/UBNA_002/20220823_033000.WAV,Telephone Field,recover-20220825,002,1795
1197.9815,1197.9872,38359,56338,Myotis brandtii,0.006,0.02,-1,Echolocation,/mnt/ubna_data_01_mir/recover-20220825/UBNA_002/20220823_033000.WAV,Telephone Field,recover-20220825,002,1795
1198.0015,1198.0302,68437,79247,Rhinolophus ferrumequinum,0.025,0.026,-1,Echolocation,/mnt/ubna_data_01_mir/recover-20220825/UBNA_002/20220823_033000.WAV,Telephone Field,recover-20220825,002,1795
1198.0015,1198.0097,26328,35904,Eptesicus serotinus,0.009,0.027,-1,Echolocation,/mnt/ubna_data_01_mir/recover-20220825/UBNA_002/20220823_033000.WAV,Telephone Field,recover-20220825,002,1795
1198.0085,1198.0472,68437,81008,Rhinolophus ferrumequinum,0.022,0.022,-1,Echolocation,/mnt/ubna_data_01_mir/recover-20220825/UBNA_002/20220823_033000.WAV,Telephone Field,recover-20220825,002,1795
1198.0175,1198.0572,68437,82369,Rhinolophus ferrumequinum,0.023,0.023,-1,Echolocation,/mnt/ubna_data_01_mir/recover-20220825/UBNA_002/20220823_033000.WAV,Telephone Field,recover-20220825,002,1795
1198.0725,1198.1084,68437,82575,Rhinolophus ferrumequinum,0.022,0.022,-1,Echolocation,/mnt/ubna_data_01_mir/recover-20220825/UBNA_002/20220823_033000.WAV,Telephone Field,recover-20220825,002,1795
1198.1345,1198.1728,68437,82160,Rhinolophus ferrumequinum,0.023,0.023,-1,Echolocation,/mnt/ubna_data_01_mir/recover-20220825/UBNA_002/20220823_033000.WAV,Telephone Field,recover-20220825,002,1795
1198.1405,1198.1758,68437,81980,Rhinolophus ferrumequinum,0.022,0.022,-1,Echolocation,/mnt/ubna_data_01_mir/recover-20220825/UBNA_002/20220823_033000.WAV,Telephone Field,recover-20220825,002,1795
1198.1825,1198.19,28046,40026,Eptesicus serotinus,0.006,0.021,-1,Echolocation,/mnt/ubna_data_01_mir/recover-20220825/UBNA_002/20220823_033000.WAV,Telephone Field,recover-20220825,002,1795
1198.2255,1198.2679,68437,83265,Rhinolophus ferrumequinum,0.034,0.034,-1,Echolocation,/mnt/ubna_data_01_mir/recover-20220825/UBNA_002/20220823_033000.WAV,Telephone Field,recover-20220825,002,1795
1198.2315,1198.2386,24609,34214,Plecotus austriacus,0.009,0.025,-1,Echolocation,/mnt/ubna_data_01_mir/recover-20220825/UBNA_002/20220823_033000.WAV,Telephone Field,recover-20220825,002,1795
1198.2395,1198.2495,40937,45098,Pipistrellus nathusii,0.028,0.038,-1,Echolocation,/mnt/ubna_data_01_mir/recover-20220825/UBNA_002/20220823_033000.WAV,Telephone Field,recover-20220825,002,1795
1198.2795,1198.2905,27187,35053,Eptesicus serotinus,0.012,0.026,-1,Echolocation,/mnt/ubna_data_01_mir/recover-20220825/UBNA_002/20220823_033000.WAV,Telephone Field,recover-20220825,002,1795
1198.2985,1198.3093,24609,30678,Nyctalus leisleri,0.009,0.023,-1,Echolocation,/mnt/ubna_data_01_mir/recover-20220825/UBNA_002/20220823_033000.WAV,Telephone Field,recover-20220825,002,1795
1198.3635,1198.3744,24609,31738,Nyctalus leisleri,0.01,0.028,-1,Echolocation,/mnt/ubna_data_01_mir/recover-20220825/UBNA_002/20220823_033000.WAV,Telephone Field,recover-20220825,002,1795
1198.3665,1198.3747,34062,42254,Myotis daubentonii,0.009,0.024,-1,Echolocation,/mnt/ubna_data_01_mir/recover-20220825/UBNA_002/20220823_033000.WAV,Telephone Field,recover-20220825,002,1795
1198.3675,1198.4101,68437,82859,Rhinolophus ferrumequinum,0.023,0.023,-1,Echolocation,/mnt/ubna_data_01_mir/recover-20220825/UBNA_002/20220823_033000.WAV,Telephone Field,recover-20220825,002,1795
1198.4615,1198.4693,28046,38100,Eptesicus serotinus,0.01,0.026,-1,Echolocation,/mnt/ubna_data_01_mir/recover-20220825/UBNA_002/20220823_033000.WAV,Telephone Field,recover-20220825,002,1795
1198.4655,1198.5047,68437,82423,Rhinolophus ferrumequinum,0.021,0.021,-1,Echolocation,/mnt/ubna_data_01_mir/recover-20220825/UBNA_002/20220823_033000.WAV,Telephone Field,recover-20220825,002,1795
1198.4825,1198.5185,68437,81581,Rhinolophus ferrumequinum,0.022,0.022,-1,Echolocation,/mnt/ubna_data_01_mir/recover-20220825/UBNA_002/20220823_033000.WAV,Telephone Field,recover-20220825,002,1795
1198.4945,1198.5043,22890,29215,Nyctalus leisleri,0.009,0.025,-1,Echolocation,/mnt/ubna_data_01_mir/recover-20220825/UBNA_002/20220823_033000.WAV,Telephone Field,recover-20220825,002,1795
1198.5095,1198.5484,68437,82600,Rhinolophus ferrumequinum,0.029,0.03,-1,Echolocation,/mnt/ubna_data_01_mir/recover-20220825/UBNA_002/20220823_033000.WAV,Telephone Field,recover-20220825,002,1795
1198.5385,1198.5451,28046,40731,Eptesicus serotinus,0.01,0.029,-1,Echolocation,/mnt/ubna_data_01_mir/recover-20220825/UBNA_002/20220823_033000.WAV,Telephone Field,recover-20220825,002,1795
1198.5495,1198.5906,68437,82511,Rhinolophus ferrumequinum,0.022,0.022,-1,Echolocation,/mnt/ubna_data_01_mir/recover-20220825/UBNA_002/20220823_033000.WAV,Telephone Field,recover-20220825,002,1795
1198.6085,1198.6524,68437,83511,Rhinolophus ferrumequinum,0.028,0.028,-1,Echolocation,/mnt/ubna_data_01_mir/recover-20220825/UBNA_002/20220823_033000.WAV,Telephone Field,recover-20220825,002,1795
1198.6535,1198.6944,68437,82727,Rhinolophus ferrumequinum,0.023,0.023,-1,Echolocation,/mnt/ubna_data_01_mir/recover-20220825/UBNA_002/20220823_033000.WAV,Telephone Field,recover-20220825,002,1795
1198.6775,1198.7176,68437,82567,Rhinolophus ferrumequinum,0.029,0.029,-1,Echolocation,/mnt/ubna_data_01_mir/recover-20220825/UBNA_002/20220823_033000.WAV,Telephone Field,recover-20220825,002,1795
1198.7285,1198.765,68437,82520,Rhinolophus ferrumequinum,0.022,0.022,-1,Echolocation,/mnt/ubna_data_01_mir/recover-20220825/UBNA_002/20220823_033000.WAV,Telephone Field,recover-20220825,002,1795
1198.7445,1198.7528,28046,39323,Eptesicus serotinus,0.008,0.023,-1,Echolocation,/mnt/ubna_data_01_mir/recover-20220825/UBNA_002/20220823_033000.WAV,Telephone Field,recover-20220825,002,1795
1198.7905,1198.7994,47812,51413,Pipistrellus pipistrellus,0.036,0.038,-1,Echolocation,/mnt/ubna_data_01_mir/recover-20220825/UBNA_002/20220823_033000.WAV,Telephone Field,recover-20220825,002,1795
1198.8035,1198.8144,14296,20151,Nyctalus noctula,0.013,0.027,-1,Echolocation,/mnt/ubna_data_01_mir/recover-20220825/UBNA_002/20220823_033000.WAV,Telephone Field,recover-20220825,002,1795
1198.8135,1198.8557,68437,82691,Rhinolophus ferrumequinum,0.035,0.035,-1,Echolocation,/mnt/ubna_data_01_mir/recover-20220825/UBNA_002/20220823_033000.WAV,Telephone Field,recover-20220825,002,1795
1198.8455,1198.8851,68437,82940,Rhinolophus ferrumequinum,0.024,0.024,-1,Echolocation,/mnt/ubna_data_01_mir/recover-20220825/UBNA_002/20220823_033000.WAV,Telephone Field,recover-20220825,002,1795
1198.8535,1198.8971,68437,83265,Rhinolophus ferrumequinum,0.027,0.027,-1,Echolocation,/mnt/ubna_data_01_mir/recover-20220825/UBNA_002/20220823_033000.WAV,Telephone Field,recover-20220825,002,1795
1198.8765,1198.9154,68437,82704,Rhinolophus ferrumequinum,0.026,0.026,-1,Echolocation,/mnt/ubna_data_01_mir/recover-20220825/UBNA_002/20220823_033000.WAV,Telephone Field,recover-20220825,002,1795
1198.9155,1198.9538,68437,82637,Rhinolophus ferrumequinum,0.032,0.032,-1,Echolocation,/mnt/ubna_data_01_mir/recover-20220825/UBNA_002/20220823_033000.WAV,Telephone Field,recover-20220825,002,1795
1198.9155,1198.9269,51250,56341,Pipistrellus pipistrellus,0.015,0.027,-1,Echolocation,/mnt/ubna_data_01_mir/recover-20220825/UBNA_002/20220823_033000.WAV,Telephone Field,recover-20220825,002,1795
1198.9435,1198.9564,36640,40976,Pipistrellus nathusii,0.012,0.021,-1,Echolocation,/mnt/ubna_data_01_mir/recover-20220825/UBNA_002/20220823_033000.WAV,Telephone Field,recover-20220825,002,1795
1198.9625,1198.9999,68437,81704,Rhinolophus ferrumequinum,0.022,0.022,-1,Echolocation,/mnt/ubna_data_01_mir/recover-20220825/UBNA_002/20220823_033000.WAV,Telephone Field,recover-20220825,002,1795
1198.9705,1198.9797,28046,37934,Eptesicus serotinus,0.011,0.025,-1,Echolocation,/mnt/ubna_data_01_mir/recover-20220825/UBNA_002/20220823_033000.WAV,Telephone Field,recover-20220825,002,1795
1198.9925,1199.0302,68437,81802,Rhinolophus ferrumequinum,0.028,0.028,-1,Echolocation,/mnt/ubna_data_01_mir/recover-20220825/UBNA_002/20220823_033000.WAV,Telephone Field,recover-20220825,002,1795
1199.0225,1199.0693,68437,83432,Rhinolophus ferrumequinum,0.051,0.052,-1,Echolocation,/mnt/ubna_data_01_mir/recover-20220825/UBNA_002/20220823_033000.WAV,Telephone Field,recover-20220825,002,1795
1199.0485,1199.0587,33203,41914,Eptesicus serotinus,0.006,0.023,-1,Echolocation,/mnt/ubna_data_01_mir/recover-20220825/UBNA_002/20220823_033000.WAV,Telephone Field,recover-20220825,002,1795
1199.0505,1199.0905,68437,82414,Rhinolophus ferrumequinum,0.022,0.022,-1,Echolocation,/mnt/ubna_data_01_mir/recover-20220825/UBNA_002/20220823_033000.WAV,Telephone Field,recover-20220825,002,1795
1199.0515,1199.0594,28046,39264,Eptesicus serotinus,0.008,0.024,-1,Echolocation,/mnt/ubna_data_01_mir/recover-20220825/UBNA_002/20220823_033000.WAV,Telephone Field,recover-20220825,002,1795
1199.0655,1199.1044,68437,82246,Rhinolophus ferrumequinum,0.022,0.022,-1,Echolocation,/mnt/ubna_data_01_mir/recover-20220825/UBNA_002/20220823_033000.WAV,Telephone Field,recover-20220825,002,1795
1199.1305,1199.1669,68437,81329,Rhinolophus ferrumequinum,0.023,0.023,-1,Echolocation,/mnt/ubna_data_01_mir/recover-20220825/UBNA_002/20220823_033000.WAV,Telephone Field,recover-20220825,002,1795
1199.1555,1199.1975,68437,82549,Rhinolophus ferrumequinum,0.023,0.023,-1,Echolocation,/mnt/ubna_data_01_mir/recover-20220825/UBNA_002/20220823_033000.WAV,Telephone Field,recover-20220825,002,1795
1199.1555,1199.1659,28046,36413,Eptesicus serotinus,0.012,0.026,-1,Echolocation,/mnt/ubna_data_01_mir/recover-20220825/UBNA_002/20220823_033000.WAV,Telephone Field,recover-20220825,002,1795
1199.1705,1199.2107,68437,81923,Rhinolophus ferrumequinum,0.022,0.022,-1,Echolocation,/mnt/ubna_data_01_mir/recover-20220825/UBNA_002/20220823_033000.WAV,Telephone Field,recover-20220825,002,1795
1199.1805,1199.2196,68437,82134,Rhinolophus ferrumequinum,0.023,0.023,-1,Echolocation,/mnt/ubna_data_01_mir/recover-20220825/UBNA_002/20220823_033000.WAV,Telephone Field,recover-20220825,002,1795
1199.1925,1199.2297,68437,81726,Rhinolophus ferrumequinum,0.021,0.021,-1,Echolocation,/mnt/ubna_data_01_mir/recover-20220825/UBNA_002/20220823_033000.WAV,Telephone Field,recover-20220825,002,1795
1199.2005,1199.238,68437,81714,Rhinolophus ferrumequinum,0.022,0.022,-1,Echolocation,/mnt/ubna_data_01_mir/recover-20220825/UBNA_002/20220823_033000.WAV,Telephone Field,recover-20220825,002,1795
1199.2195,1199.2275,26328,35105,Eptesicus serotinus,0.008,0.022,-1,Echolocation,/mnt/ubna_data_01_mir/recover-20220825/UBNA_002/20220823_033000.WAV,Telephone Field,recover-20220825,002,1795
1199.2365,1199.2794,68437,83367,Rhinolophus ferrumequinum,0.038,0.038,-1,Echolocation,/mnt/ubna_data_01_mir/recover-20220825/UBNA_002/20220823_033000.WAV,Telephone Field,recover-20220825,002,1795
1199.2725,1199.3115,68437,82337,Rhinolophus ferrumequinum,0.022,0.022,-1,Echolocation,/mnt/ubna_data_01_mir/recover-20220825/UBNA_002/20220823_033000.WAV,Telephone Field,recover-20220825,002,1795
1199.2785,1199.3163,68437,82076,Rhinolophus ferrumequinum,0.022,0.022,-1,Echolocation,/mnt/ubna_data_01_mir/recover-20220825/UBNA_002/20220823_033000.WAV,Telephone Field,recover-20220825,002,1795
1199.3065,1199.3448,68437,81681,Rhinolophus ferrumequinum,0.024,0.024,-1,Echolocation,/mnt/ubna_data_01_mir/recover-20220825/UBNA_002/20220823_033000.WAV,Telephone Field,recover-20220825,002,1795
1199.3235,1199.3623,68437,82050,Rhinolophus ferrumequinum,0.031,0.031,-1,Echolocation,/mnt/ubna_data_01_mir/recover-20220825/UBNA_002/20220823_033000.WAV,Telephone Field,recover-20220825,002,1795
1199.3245,1199.3329,28046,43031,Eptesicus serotinus,0.011,0.028,-1,Echolocation,/mnt/ubna_data_01_mir/recover-20220825/UBNA_002/20220823_033000.WAV,Telephone Field,recover-20220825,002,1795
1199.3535,1199.3908,68437,81876,Rhinolophus ferrumequinum,0.023,0.023,-1,Echolocation,/mnt/ubna_data_01_mir/recover-20220825/UBNA_002/20220823_033000.WAV,Telephone Field,recover-20220825,002,1795
1199.4255,1199.4635,68437,82393,Rhinolophus ferrumequinum,0.022,0.022,-1,Echolocation,/mnt/ubna_data_01_mir/recover-20220825/UBNA_002/20220823_033000.WAV,Telephone Field,recover-20220825,002,1795
1199.4715,1199.5127,68437,83106,Rhinolophus ferrumequinum,0.035,0.035,-1,Echolocation,/mnt/ubna_data_01_mir/recover-20220825/UBNA_002/20220823_033000.WAV,Telephone Field,recover-20220825,002,1795
1199.5255,1199.5641,68437,82616,Rhinolophus ferrumequinum,0.026,0.026,-1,Echolocation,/mnt/ubna_data_01_mir/recover-20220825/UBNA_002/20220823_033000.WAV,Telephone Field,recover-20220825,002,1795
1199.5815,1199.6191,68437,82092,Rhinolophus ferrumequinum,0.022,0.022,-1,Echolocation,/mnt/ubna_data_01_mir/recover-20220825/UBNA_002/20220823_033000.WAV,Telephone Field,recover-20220825,002,1795
1199.5865,1199.5953,28046,37267,Eptesicus serotinus,0.009,0.024,-1,Echolocation,/mnt/ubna_data_01_mir/recover-20220825/UBNA_002/20220823_033000.WAV,Telephone Field,recover-20220825,002,1795
1199.6285,1199.6715,68437,82860,Rhinolophus ferrumequinum,0.035,0.035,-1,Echolocation,/mnt/ubna_data_01_mir/recover-20220825/UBNA_002/20220823_033000.WAV,Telephone Field,recover-20220825,002,1795
1199.6465,1199.6888,68437,83693,Rhinolophus ferrumequinum,0.028,0.028,-1,Echolocation,/mnt/ubna_data_01_mir/recover-20220825/UBNA_002/20220823_033000.WAV,Telephone Field,recover-20220825,002,1795
1199.6525,1199.6624,22031,26998,Nyctalus leisleri,0.01,0.022,-1,Echolocation,/mnt/ubna_data_01_mir/recover-20220825/UBNA_002/20220823_033000.WAV,Telephone Field,recover-20220825,002,1795
1199.7035,1199.7105999999999,28906,39318,Eptesicus serotinus,0.008,0.028,-1,Echolocation,/mnt/ubna_data_01_mir/recover-20220825/UBNA_002/20220823_033000.WAV,Telephone Field,recover-20220825,002,1795
1199.7245,1199.7343,24609,32576,Eptesicus serotinus,0.008,0.023,-1,Echolocation,/mnt/ubna_data_01_mir/recover-20220825/UBNA_002/20220823_033000.WAV,Telephone Field,recover-20220825,002,1795
1199.7345,1199.7451,23750,29079,Nyctalus leisleri,0.01,0.021,-1,Echolocation,/mnt/ubna_data_01_mir/recover-20220825/UBNA_002/20220823_033000.WAV,Telephone Field,recover-20220825,002,1795
1199.7385,1199.779,68437,82814,Rhinolophus ferrumequinum,0.022,0.022,-1,Echolocation,/mnt/ubna_data_01_mir/recover-20220825/UBNA_002/20220823_033000.WAV,Telephone Field,recover-20220825,002,1795
1199.7625,1199.8017,68437,81841,Rhinolophus ferrumequinum,0.022,0.022,-1,Echolocation,/mnt/ubna_data_01_mir/recover-20220825/UBNA_002/20220823_033000.WAV,Telephone Field,recover-20220825,002,1795
1199.7885,1199.8007,23750,29347,Nyctalus leisleri,0.018,0.042,-1,Echolocation,/mnt/ubna_data_01_mir/recover-20220825/UBNA_002/20220823_033000.WAV,Telephone Field,recover-20220825,002,1795
1199.7995,1199.8342,68437,80592,Rhinolophus ferrumequinum,0.025,0.025,-1,Echolocation,/mnt/ubna_data_01_mir/recover-20220825/UBNA_002/20220823_033000.WAV,Telephone Field,recover-20220825,002,1795
1199.7995,1199.809,28906,37069,Eptesicus serotinus,0.01,0.023,-1,Echolocation,/mnt/ubna_data_01_mir/recover-20220825/UBNA_002/20220823_033000.WAV,Telephone Field,recover-20220825,002,1795
1199.8085,1199.8449,68437,82380,Rhinolophus ferrumequinum,0.033,0.033,-1,Echolocation,/mnt/ubna_data_01_mir/recover-20220825/UBNA_002/20220823_033000.WAV,Telephone Field,recover-20220825,002,1795
1199.8455,1199.8599,23750,28487,Nyctalus leisleri,0.011,0.023,-1,Echolocation,/mnt/ubna_data_01_mir/recover-20220825/UBNA_002/20220823_033000.WAV,Telephone Field,recover-20220825,002,1795
1199.8465,1199.853,47812,55625,Pipistrellus pipistrellus,0.019,0.023,-1,Echolocation,/mnt/ubna_data_01_mir/recover-20220825/UBNA_002/20220823_033000.WAV,Telephone Field,recover-20220825,002,1795
1199.8645,1199.9014,68437,81827,Rhinolophus ferrumequinum,0.022,0.022,-1,Echolocation,/mnt/ubna_data_01_mir/recover-20220825/UBNA_002/20220823_033000.WAV,Telephone Field,recover-20220825,002,1795
1199.8735,1199.9091,68437,82139,Rhinolophus ferrumequinum,0.022,0.022,-1,Echolocation,/mnt/ubna_data_01_mir/recover-20220825/UBNA_002/20220823_033000.WAV,Telephone Field,recover-20220825,002,1795
1199.8745,1199.8853,23750,30237,Nyctalus leisleri,0.009,0.023,-1,Echolocation,/mnt/ubna_data_01_mir/recover-20220825/UBNA_002/20220823_033000.WAV,Telephone Field,recover-20220825,002,1795
1199.9245,1199.9618,68437,82217,Rhinolophus ferrumequinum,0.021,0.021,-1,Echolocation,/mnt/ubna_data_01_mir/recover-20220825/UBNA_002/20220823_033000.WAV,Telephone Field,recover-20220825,002,1795
1199.9495,1199.9876,68437,81772,Rhinolophus ferrumequinum,0.031,0.031,-1,Echolocation,/mnt/ubna_data_01_mir/recover-20220825/UBNA_002/20220823_033000.WAV,Telephone Field,recover-20220825,002,1795
1199.9625,1199.9996,68437,81711,Rhinolophus ferrumequinum,0.024,0.024,-1,Echolocation,/mnt/ubna_data_01_mir/recover-20220825/UBNA_002/20220823_033000.WAV,Telephone Field,recover-20220825,002,1795
1199.9855,1199.9953,28046,37282,Eptesicus serotinus,0.01,0.023,-1,Echolocation,/mnt/ubna_data_01_mir/recover-20220825/UBNA_002/20220823_033000.WAV,Telephone Field,recover-20220825,002,1795
1200.0015,1200.0086,25468,36796,Eptesicus serotinus,0.005,0.026,-1,Echolocation,/mnt/ubna_data_01_mir/recover-20220825/UBNA_002/20220823_033000.WAV,Telephone Field,recover-20220825,002,1795
1200.0015,1200.035,69296,81689,Rhinolophus ferrumequinum,0.025,0.025,-1,Echolocation,/mnt/ubna_data_01_mir/recover-20220825/UBNA_002/20220823_033000.WAV,Telephone Field,recover-20220825,002,1795
1200.0085,1200.0508,68437,82580,Rhinolophus ferrumequinum,0.023,0.023,-1,Echolocation,/mnt/ubna_data_01_mir/recover-20220825/UBNA_002/20220823_033000.WAV,Telephone Field,recover-20220825,002,1795
1200.0285,1200.0376,22031,28630,Plecotus austriacus,0.01,0.024,-1,Echolocation,/mnt/ubna_data_01_mir/recover-20220825/UBNA_002/20220823_033000.WAV,Telephone Field,recover-20220825,002,1795
1200.0535,1200.0922,68437,81882,Rhinolophus ferrumequinum,0.022,0.022,-1,Echolocation,/mnt/ubna_data_01_mir/recover-20220825/UBNA_002/20220823_033000.WAV,Telephone Field,recover-20220825,002,1795
1200.0645,1200.1057,68437,82345,Rhinolophus ferrumequinum,0.029,0.029,-1,Echolocation,/mnt/ubna_data_01_mir/recover-20220825/UBNA_002/20220823_033000.WAV,Telephone Field,recover-20220825,002,1795
1200.0905,1200.1002,22890,29011,Nyctalus leisleri,0.01,0.026,-1,Echolocation,/mnt/ubna_data_01_mir/recover-20220825/UBNA_002/20220823_033000.WAV,Telephone Field,recover-20220825,002,1795
1200.1495,1200.1899,68437,82821,Rhinolophus ferrumequinum,0.023,0.023,-1,Echolocation,/mnt/ubna_data_01_mir/recover-20220825/UBNA_002/20220823_033000.WAV,Telephone Field,recover-20220825,002,1795
1200.1515,1200.1592,23750,32571,Plecotus austriacus,0.009,0.025,-1,Echolocation,/mnt/ubna_data_01_mir/recover-20220825/UBNA_002/20220823_033000.WAV,Telephone Field,recover-20220825,002,1795
1200.1875,1200.2273,68437,82770,Rhinolophus ferrumequinum,0.023,0.023,-1,Echolocation,/mnt/ubna_data_01_mir/recover-20220825/UBNA_002/20220823_033000.WAV,Telephone Field,recover-20220825,002,1795
1200.2085,1200.2163,28046,38871,Eptesicus serotinus,0.006,0.022,-1,Echolocation,/mnt/ubna_data_01_mir/recover-20220825/UBNA_002/20220823_033000.WAV,Telephone Field,recover-20220825,002,1795
1200.2405,1200.2731,68437,80746,Rhinolophus ferrumequinum,0.023,0.023,-1,Echolocation,/mnt/ubna_data_01_mir/recover-20220825/UBNA_002/20220823_033000.WAV,Telephone Field,recover-20220825,002,1795
1200.2645,1200.3009,68437,81513,Rhinolophus ferrumequinum,0.023,0.023,-1,Echolocation,/mnt/ubna_data_01_mir/recover-20220825/UBNA_002/20220823_033000.WAV,Telephone Field,recover-20220825,002,1795
1200.3675,1200.4058,68437,82366,Rhinolophus ferrumequinum,0.024,0.024,-1,Echolocation,/mnt/ubna_data_01_mir/recover-20220825/UBNA_002/20220823_033000.WAV,Telephone Field,recover-20220825,002,1795
1200.3685,1200.3772,26328,35019,Eptesicus serotinus,0.008,0.022,-1,Echolocation,/mnt/ubna_data_01_mir/recover-20220825/UBNA_002/20220823_033000.WAV,Telephone Field,recover-20220825,002,1795
1200.4095,1200.4204,42656,45102,Pipistrellus pipistrellus,0.045,0.051,-1,Echolocation,/mnt/ubna_data_01_mir/recover-20220825/UBNA_002/20220823_033000.WAV,Telephone Field,recover-20220825,002,1795
1200.4155,1200.4558,68437,81736,Rhinolophus ferrumequinum,0.023,0.024,-1,Echolocation,/mnt/ubna_data_01_mir/recover-20220825/UBNA_002/20220823_033000.WAV,Telephone Field,recover-20220825,002,1795
1200.4485,1200.4906,68437,82715,Rhinolophus ferrumequinum,0.026,0.026,-1,Echolocation,/mnt/ubna_data_01_mir/recover-20220825/UBNA_002/20220823_033000.WAV,Telephone Field,recover-20220825,002,1795
1200.4515,1200.461,24609,32096,Nyctalus leisleri,0.007,0.022,-1,Echolocation,/mnt/ubna_data_01_mir/recover-20220825/UBNA_002/20220823_033000.WAV,Telephone Field,recover-20220825,002,1795
1200.4885,1200.4987,25468,33547,Eptesicus serotinus,0.008,0.024,-1,Echolocation,/mnt/ubna_data_01_mir/recover-20220825/UBNA_002/20220823_033000.WAV,Telephone Field,recover-20220825,002,1795
1200.5185,1200.5256,27187,41785,Eptesicus serotinus,0.005,0.024,-1,Echolocation,/mnt/ubna_data_01_mir/recover-20220825/UBNA_002/20220823_033000.WAV,Telephone Field,recover-20220825,002,1795
1200.5395,1200.5775,68437,81909,Rhinolophus ferrumequinum,0.023,0.023,-1,Echolocation,/mnt/ubna_data_01_mir/recover-20220825/UBNA_002/20220823_033000.WAV,Telephone Field,recover-20220825,002,1795
1200.5685,1200.6075,68437,81629,Rhinolophus ferrumequinum,0.022,0.022,-1,Echolocation,/mnt/ubna_data_01_mir/recover-20220825/UBNA_002/20220823_033000.WAV,Telephone Field,recover-20220825,002,1795
1200.6155,1200.6266,28046,34353,Eptesicus serotinus,0.013,0.026,-1,Echolocation,/mnt/ubna_data_01_mir/recover-20220825/UBNA_002/20220823_033000.WAV,Telephone Field,recover-20220825,002,1795
1200.6335,1200.6466,53828,57827,Pipistrellus pygmaeus,0.022,0.024,-1,Echolocation,/mnt/ubna_data_01_mir/recover-20220825/UBNA_002/20220823_033000.WAV,Telephone Field,recover-20220825,002,1795
1200.6575,1200.6937,68437,82072,Rhinolophus ferrumequinum,0.022,0.022,-1,Echolocation,/mnt/ubna_data_01_mir/recover-20220825/UBNA_002/20220823_033000.WAV,Telephone Field,recover-20220825,002,1795
1200.7005,1200.7076,26328,38414,Eptesicus serotinus,0.006,0.022,-1,Echolocation,/mnt/ubna_data_01_mir/recover-20220825/UBNA_002/20220823_033000.WAV,Telephone Field,recover-20220825,002,1795
1200.7175,1200.7282,22031,25923,Nyctalus leisleri,0.013,0.023,-1,Echolocation,/mnt/ubna_data_01_mir/recover-20220825/UBNA_002/20220823_033000.WAV,Telephone Field,recover-20220825,002,1795
1200.7445,1200.7859,68437,82158,Rhinolophus ferrumequinum,0.023,0.023,-1,Echolocation,/mnt/ubna_data_01_mir/recover-20220825/UBNA_002/20220823_033000.WAV,Telephone Field,recover-20220825,002,1795
1200.7525,1200.7933,68437,82409,Rhinolophus ferrumequinum,0.022,0.022,-1,Echolocation,/mnt/ubna_data_01_mir/recover-20220825/UBNA_002/20220823_033000.WAV,Telephone Field,recover-20220825,002,1795
1200.7855,1200.8249,68437,82449,Rhinolophus ferrumequinum,0.025,0.025,-1,Echolocation,/mnt/ubna_data_01_mir/recover-20220825/UBNA_002/20220823_033000.WAV,Telephone Field,recover-20220825,002,1795
1200.7905,1200.7982,28046,37298,Eptesicus serotinus,0.006,0.022,-1,Echolocation,/mnt/ubna_data_01_mir/recover-20220825/UBNA_002/20220823_033000.WAV,Telephone Field,recover-20220825,002,1795
1200.7985,1200.8395,68437,82606,Rhinolophus ferrumequinum,0.023,0.023,-1,Echolocation,/mnt/ubna_data_01_mir/recover-20220825/UBNA_002/20220823_033000.WAV,Telephone Field,recover-20220825,002,1795
1200.8655,1200.8736,28046,39780,Eptesicus serotinus,0.008,0.023,-1,Echolocation,/mnt/ubna_data_01_mir/recover-20220825/UBNA_002/20220823_033000.WAV,Telephone Field,recover-20220825,002,1795
1200.8675,1200.8788,35781,40744,Pipistrellus nathusii,0.02,0.036,-1,Echolocation,/mnt/ubna_data_01_mir/recover-20220825/UBNA_002/20220823_033000.WAV,Telephone Field,recover-20220825,002,1795
1200.8785,1200.9159,68437,81966,Rhinolophus ferrumequinum,0.022,0.022,-1,Echolocation,/mnt/ubna_data_01_mir/recover-20220825/UBNA_002/20220823_033000.WAV,Telephone Field,recover-20220825,002,1795
1200.8985,1200.94,68437,82910,Rhinolophus ferrumequinum,0.022,0.022,-1,Echolocation,/mnt/ubna_data_01_mir/recover-20220825/UBNA_002/20220823_033000.WAV,Telephone Field,recover-20220825,002,1795
1200.9125,1200.9524,68437,82738,Rhinolophus ferrumequinum,0.023,0.023,-1,Echolocation,/mnt/ubna_data_01_mir/recover-20220825/UBNA_002/20220823_033000.WAV,Telephone Field,recover-20220825,002,1795
1200.9355,1200.9739,68437,82362,Rhinolophus ferrumequinum,0.023,0.023,-1,Echolocation,/mnt/ubna_data_01_mir/recover-20220825/UBNA_002/20220823_033000.WAV,Telephone Field,recover-20220825,002,1795
1200.9775,1200.9876,25468,32420,Eptesicus serotinus,0.01,0.029,-1,Echolocation,/mnt/ubna_data_01_mir/recover-20220825/UBNA_002/20220823_033000.WAV,Telephone Field,recover-20220825,002,1795
1201.0145,1201.0232,44375,48027,Pipistrellus pipistrellus,0.05,0.053,-1,Echolocation,/mnt/ubna_data_01_mir/recover-20220825/UBNA_002/20220823_033000.WAV,Telephone Field,recover-20220825,002,1795
1201.0435,1201.085,68437,83454,Rhinolophus ferrumequinum,0.035,0.035,-1,Echolocation,/mnt/ubna_data_01_mir/recover-20220825/UBNA_002/20220823_033000.WAV,Telephone Field,recover-20220825,002,1795
1201.0685,1201.1087,68437,82483,Rhinolophus ferrumequinum,0.023,0.023,-1,Echolocation,/mnt/ubna_data_01_mir/recover-20220825/UBNA_002/20220823_033000.WAV,Telephone Field,recover-20220825,002,1795
1201.1065,1201.142,68437,80784,Rhinolophus ferrumequinum,0.022,0.022,-1,Echolocation,/mnt/ubna_data_01_mir/recover-20220825/UBNA_002/20220823_033000.WAV,Telephone Field,recover-20220825,002,1795
1201.1365,1201.1759,68437,82094,Rhinolophus ferrumequinum,0.023,0.023,-1,Echolocation,/mnt/ubna_data_01_mir/recover-20220825/UBNA_002/20220823_033000.WAV,Telephone Field,recover-20220825,002,1795
1201.1775,1201.2158,68437,82897,Rhinolophus ferrumequinum,0.024,0.024,-1,Echolocation,/mnt/ubna_data_01_mir/recover-20220825/UBNA_002/20220823_033000.WAV,Telephone Field,recover-20220825,002,1795
1201.1905,1201.2036,47812,50785,Pipistrellus pipistrellus,0.036,0.043,-1,Echolocation,/mnt/ubna_data_01_mir/recover-20220825/UBNA_002/20220823_033000.WAV,Telephone Field,recover-20220825,002,1795
1201.2215,1201.2612,68437,82136,Rhinolophus ferrumequinum,0.022,0.022,-1,Echolocation,/mnt/ubna_data_01_mir/recover-20220825/UBNA_002/20220823_033000.WAV,Telephone Field,recover-20220825,002,1795
1201.2325,1201.2705,68437,82364,Rhinolophus ferrumequinum,0.034,0.034,-1,Echolocation,/mnt/ubna_data_01_mir/recover-20220825/UBNA_002/20220823_033000.WAV,Telephone Field,recover-20220825,002,1795
1201.2355,1201.2436,38359,43762,Barbastellus barbastellus,0.031,0.06,-1,Echolocation,/mnt/ubna_data_01_mir/recover-20220825/UBNA_002/20220823_033000.WAV,Telephone Field,recover-20220825,002,1795
1201.2405,1201.247,22890,34003,Plecotus austriacus,0.016,0.032,-1,Echolocation,/mnt/ubna_data_01_mir/recover-20220825/UBNA_002/20220823_033000.WAV,Telephone Field,recover-20220825,002,1795
1201.2415,1201.2825,68437,83461,Rhinolophus ferrumequinum,0.041,0.041,-1,Echolocation,/mnt/ubna_data_01_mir/recover-20220825/UBNA_002/20220823_033000.WAV,Telephone Field,recover-20220825,002,1795
1201.2685,1201.2794,22890,27799,Nyctalus leisleri,0.011,0.022,-1,Echolocation,/mnt/ubna_data_01_mir/recover-20220825/UBNA_002/20220823_033000.WAV,Telephone Field,recover-20220825,002,1795
1201.2825,1201.3248,68437,82821,Rhinolophus ferrumequinum,0.029,0.029,-1,Echolocation,/mnt/ubna_data_01_mir/recover-20220825/UBNA_002/20220823_033000.WAV,Telephone Field,recover-20220825,002,1795
1201.2905,1201.3239,67578,79746,Rhinolophus ferrumequinum,0.024,0.025,-1,Echolocation,/mnt/ubna_data_01_mir/recover-20220825/UBNA_002/20220823_033000.WAV,Telephone Field,recover-20220825,002,1795
1201.3165,1201.3548,68437,82213,Rhinolophus ferrumequinum,0.025,0.025,-1,Echolocation,/mnt/ubna_data_01_mir/recover-20220825/UBNA_002/20220823_033000.WAV,Telephone Field,recover-20220825,002,1795
1201.3225,1201.3305,40937,47302,Pipistrellus nathusii,0.396,0.46,-1,Echolocation,/mnt/ubna_data_01_mir/recover-20220825/UBNA_002/20220823_033000.WAV,Telephone Field,recover-20220825,002,1795
1201.3305,1201.3396,28046,36062,Eptesicus serotinus,0.011,0.025,-1,Echolocation,/mnt/ubna_data_01_mir/recover-20220825/UBNA_002/20220823_033000.WAV,Telephone Field,recover-20220825,002,1795
1201.3425,1201.3822,68437,83008,Rhinolophus ferrumequinum,0.033,0.033,-1,Echolocation,/mnt/ubna_data_01_mir/recover-20220825/UBNA_002/20220823_033000.WAV,Telephone Field,recover-20220825,002,1795
1201.3585,1201.3975,68437,82653,Rhinolophus ferrumequinum,0.024,0.024,-1,Echolocation,/mnt/ubna_data_01_mir/recover-20220825/UBNA_002/20220823_033000.WAV,Telephone Field,recover-20220825,002,1795
1201.3615,1201.3708,27187,36680,Eptesicus serotinus,0.01,0.025,-1,Echolocation,/mnt/ubna_data_01_mir/recover-20220825/UBNA_002/20220823_033000.WAV,Telephone Field,recover-20220825,002,1795
1201.3995,1201.41,22890,28357,Nyctalus leisleri,0.011,0.028,-1,Echolocation,/mnt/ubna_data_01_mir/recover-20220825/UBNA_002/20220823_033000.WAV,Telephone Field,recover-20220825,002,1795
1201.4425,1201.4513,25468,34158,Eptesicus serotinus,0.011,0.034,-1,Echolocation,/mnt/ubna_data_01_mir/recover-20220825/UBNA_002/20220823_033000.WAV,Telephone Field,recover-20220825,002,1795
1201.4425,1201.449,34062,43194,Myotis daubentonii,0.013,0.032,-1,Echolocation,/mnt/ubna_data_01_mir/recover-20220825/UBNA_002/20220823_033000.WAV,Telephone Field,recover-20220825,002,1795
1201.4535,1201.4632,45234,51414,Pipistrellus pipistrellus,0.017,0.022,-1,Echolocation,/mnt/ubna_data_01_mir/recover-20220825/UBNA_002/20220823_033000.WAV,Telephone Field,recover-20220825,002,1795
1201.4735,1201.5085,68437,81448,Rhinolophus ferrumequinum,0.023,0.023,-1,Echolocation,/mnt/ubna_data_01_mir/recover-20220825/UBNA_002/20220823_033000.WAV,Telephone Field,recover-20220825,002,1795
1201.5235,1201.5648,68437,82879,Rhinolophus ferrumequinum,0.023,0.023,-1,Echolocation,/mnt/ubna_data_01_mir/recover-20220825/UBNA_002/20220823_033000.WAV,Telephone Field,recover-20220825,002,1795
1201.5515,1201.5899,68437,82002,Rhinolophus ferrumequinum,0.023,0.023,-1,Echolocation,/mnt/ubna_data_01_mir/recover-20220825/UBNA_002/20220823_033000.WAV,Telephone Field,recover-20220825,002,1795
1201.5525,1201.5627,27187,34289,Eptesicus serotinus,0.01,0.022,-1,Echolocation,/mnt/ubna_data_01_mir/recover-20220825/UBNA_002/20220823_033000.WAV,Telephone Field,recover-20220825,002,1795
1201.5625,1201.6017,68437,81818,Rhinolophus ferrumequinum,0.024,0.024,-1,Echolocation,/mnt/ubna_data_01_mir/recover-20220825/UBNA_002/20220823_033000.WAV,Telephone Field,recover-20220825,002,1795
1201.5685,1201.5778,15156,20965,Nyctalus noctula,0.013,0.029,-1,Echolocation,/mnt/ubna_data_01_mir/recover-20220825/UBNA_002/20220823_033000.WAV,Telephone Field,recover-20220825,002,1795
1201.6315,1201.6728,68437,83201,Rhinolophus ferrumequinum,0.029,0.029,-1,Echolocation,/mnt/ubna_data_01_mir/recover-20220825/UBNA_002/20220823_033000.WAV,Telephone Field,recover-20220825,002,1795
1201.6405,1201.6472,26328,40101,Eptesicus serotinus,0.006,0.023,-1,Echolocation,/mnt/ubna_data_01_mir/recover-20220825/UBNA_002/20220823_033000.WAV,Telephone Field,recover-20220825,002,1795
1201.6955,1201.705,28906,36991,Eptesicus serotinus,0.011,0.028,-1,Echolocation,/mnt/ubna_data_01_mir/recover-20220825/UBNA_002/20220823_033000.WAV,Telephone Field,recover-20220825,002,1795
1201.7025,1201.7127,25468,32485,Eptesicus serotinus,0.009,0.025,-1,Echolocation,/mnt/ubna_data_01_mir/recover-20220825/UBNA_002/20220823_033000.WAV,Telephone Field,recover-20220825,002,1795
1201.7865,1201.8258,68437,82027,Rhinolophus ferrumequinum,0.024,0.024,-1,Echolocation,/mnt/ubna_data_01_mir/recover-20220825/UBNA_002/20220823_033000.WAV,Telephone Field,recover-20220825,002,1795
1201.8255,1201.8631,68437,82356,Rhinolophus ferrumequinum,0.023,0.023,-1,Echolocation,/mnt/ubna_data_01_mir/recover-20220825/UBNA_002/20220823_033000.WAV,Telephone Field,recover-20220825,002,1795
1201.8345,1201.8435,48671,53073,Pipistrellus pipistrellus,0.03,0.034,-1,Echolocation,/mnt/ubna_data_01_mir/recover-20220825/UBNA_002/20220823_033000.WAV,Telephone Field,recover-20220825,002,1795
1201.8365,1201.8468,22890,28472,Nyctalus leisleri,0.01,0.025,-1,Echolocation,/mnt/ubna_data_01_mir/recover-20220825/UBNA_002/20220823_033000.WAV,Telephone Field,recover-20220825,002,1795
1201.8495,1201.8836,68437,81817,Rhinolophus ferrumequinum,0.026,0.026,-1,Echolocation,/mnt/ubna_data_01_mir/recover-20220825/UBNA_002/20220823_033000.WAV,Telephone Field,recover-20220825,002,1795
1201.8725,1201.8812,27187,36079,Eptesicus serotinus,0.012,0.028,-1,Echolocation,/mnt/ubna_data_01_mir/recover-20220825/UBNA_002/20220823_033000.WAV,Telephone Field,recover-20220825,002,1795
1201.8895,1201.9262,68437,81339,Rhinolophus ferrumequinum,0.022,0.022,-1,Echolocation,/mnt/ubna_data_01_mir/recover-20220825/UBNA_002/20220823_033000.WAV,Telephone Field,recover-20220825,002,1795
1201.8985,1201.9099,22890,27969,Nyctalus leisleri,0.011,0.022,-1,Echolocation,/mnt/ubna_data_01_mir/recover-20220825/UBNA_002/20220823_033000.WAV,Telephone Field,recover-20220825,002,1795
1201.9055,1201.9464,68437,81978,Rhinolophus ferrumequinum,0.022,0.022,-1,Echolocation,/mnt/ubna_data_01_mir/recover-20220825/UBNA_002/20220823_033000.WAV,Telephone Field,recover-20220825,002,1795
1201.9855,1201.9948,27187,39004,Eptesicus serotinus,0.009,0.022,-1,Echolocation,/mnt/ubna_data_01_mir/recover-20220825/UBNA_002/20220823_033000.WAV,Telephone Field,recover-20220825,002,1795
1202.0015,1202.0107,22031,27451,Nyctalus leisleri,0.011,0.026,-1,Echolocation,/mnt/ubna_data_01_mir/recover-20220825/UBNA_002/20220823_033000.WAV,Telephone Field,recover-20220825,002,1795
1202.0015,1202.0307,68437,79960,Rhinolophus ferrumequinum,0.028,0.029,-1,Echolocation,/mnt/ubna_data_01_mir/recover-20220825/UBNA_002/20220823_033000.WAV,Telephone Field,recover-20220825,002,1795
1202.0115,1202.05,68437,81665,Rhinolophus ferrumequinum,0.021,0.021,-1,Echolocation,/mnt/ubna_data_01_mir/recover-20220825/UBNA_002/20220823_033000.WAV,Telephone Field,recover-20220825,002,1795
1202.0455,1202.0565,22031,26367,Nyctalus leisleri,0.011,0.021,-1,Echolocation,/mnt/ubna_data_01_mir/recover-20220825/UBNA_002/20220823_033000.WAV,Telephone Field,recover-20220825,002,1795
1202.0635,1202.0707,28046,39440,Eptesicus serotinus,0.008,0.023,-1,Echolocation,/mnt/ubna_data_01_mir/recover-20220825/UBNA_002/20220823_033000.WAV,Telephone Field,recover-20220825,002,1795
1202.0785,1202.1165,68437,82307,Rhinolophus ferrumequinum,0.022,0.022,-1,Echolocation,/mnt/ubna_data_01_mir/recover-20220825/UBNA_002/20220823_033000.WAV,Telephone Field,recover-20220825,002,1795
1202.0855,1202.0958,22031,27004,Nyctalus leisleri,0.009,0.021,-1,Echolocation,/mnt/ubna_data_01_mir/recover-20220825/UBNA_002/20220823_033000.WAV,Telephone Field,recover-20220825,002,1795
1202.1005,1202.1366,68437,81635,Rhinolophus ferrumequinum,0.022,0.022,-1,Echolocation,/mnt/ubna_data_01_mir/recover-20220825/UBNA_002/20220823_033000.WAV,Telephone Field,recover-20220825,002,1795
1202.1265,1202.1364,28906,38505,Eptesicus serotinus,0.009,0.023,-1,Echolocation,/mnt/ubna_data_01_mir/recover-20220825/UBNA_002/20220823_033000.WAV,Telephone Field,recover-20220825,002,1795
1202.1265,1202.1657,68437,82670,Rhinolophus ferrumequinum,0.023,0.023,-1,Echolocation,/mnt/ubna_data_01_mir/recover-20220825/UBNA_002/20220823_033000.WAV,Telephone Field,recover-20220825,002,1795
1202.1485,1202.1882,68437,82828,Rhinolophus ferrumequinum,0.023,0.023,-1,Echolocation,/mnt/ubna_data_01_mir/recover-20220825/UBNA_002/20220823_033000.WAV,Telephone Field,recover-20220825,002,1795
1202.1555,1202.1679,22031,25483,Nyctalus leisleri,0.013,0.022,-1,Echolocation,/mnt/ubna_data_01_mir/recover-20220825/UBNA_002/20220823_033000.WAV,Telephone Field,recover-20220825,002,1795
1202.1825,1202.2217,68437,82167,Rhinolophus ferrumequinum,0.025,0.025,-1,Echolocation,/mnt/ubna_data_01_mir/recover-20220825/UBNA_002/20220823_033000.WAV,Telephone Field,recover-20220825,002,1795
1202.2265,1202.2658,68437,81954,Rhinolophus ferrumequinum,0.022,0.022,-1,Echolocation,/mnt/ubna_data_01_mir/recover-20220825/UBNA_002/20220823_033000.WAV,Telephone Field,recover-20220825,002,1795
1202.2615,1202.2717,40937,44466,Pipistrellus nathusii,0.018,0.042,-1,Echolocation,/mnt/ubna_data_01_mir/recover-20220825/UBNA_002/20220823_033000.WAV,Telephone Field,recover-20220825,002,1795
1202.3175,1202.3557,68437,82178,Rhinolophus ferrumequinum,0.024,0.024,-1,Echolocation,/mnt/ubna_data_01_mir/recover-20220825/UBNA_002/20220823_033000.WAV,Telephone Field,recover-20220825,002,1795
1202.3295,1202.3683,68437,81786,Rhinolophus ferrumequinum,0.025,0.025,-1,Echolocation,/mnt/ubna_data_01_mir/recover-20220825/UBNA_002/20220823_033000.WAV,Telephone Field,recover-20220825,002,1795
1202.3375,1202.3454,27187,40238,Eptesicus serotinus,0.009,0.028,-1,Echolocation,/mnt/ubna_data_01_mir/recover-20220825/UBNA_002/20220823_033000.WAV,Telephone Field,recover-20220825,002,1795
1202.3515,1202.3908,68437,81742,Rhinolophus ferrumequinum,0.025,0.025,-1,Echolocation,/mnt/ubna_data_01_mir/recover-20220825/UBNA_002/20220823_033000.WAV,Telephone Field,recover-20220825,002,1795
1202.3525,1202.3641,23750,28351,Nyctalus leisleri,0.01,0.022,-1,Echolocation,/mnt/ubna_data_01_mir/recover-20220825/UBNA_002/20220823_033000.WAV,Telephone Field,recover-20220825,002,1795
1202.3945,1202.4055,28046,36717,Eptesicus serotinus,0.014,0.028,-1,Echolocation,/mnt/ubna_data_01_mir/recover-20220825/UBNA_002/20220823_033000.WAV,Telephone Field,recover-20220825,002,1795
1202.4475,1202.487,68437,83115,Rhinolophus ferrumequinum,0.027,0.027,-1,Echolocation,/mnt/ubna_data_01_mir/recover-20220825/UBNA_002/20220823_033000.WAV,Telephone Field,recover-20220825,002,1795
1202.4975,1202.505,29765,36673,Eptesicus serotinus,0.017,0.045,-1,Echolocation,/mnt/ubna_data_01_mir/recover-20220825/UBNA_002/20220823_033000.WAV,Telephone Field,recover-20220825,002,1795
1202.5415,1202.5775,68437,82015,Rhinolophus ferrumequinum,0.026,0.026,-1,Echolocation,/mnt/ubna_data_01_mir/recover-20220825/UBNA_002/20220823_033000.WAV,Telephone Field,recover-20220825,002,1795
1202.5775,1202.6141,68437,81779,Rhinolophus ferrumequinum,0.022,0.022,-1,Echolocation,/mnt/ubna_data_01_mir/recover-20220825/UBNA_002/20220823_033000.WAV,Telephone Field,recover-20220825,002,1795
1202.5855,1202.5972,33203,38568,Eptesicus serotinus,0.019,0.065,-1,Echolocation,/mnt/ubna_data_01_mir/recover-20220825/UBNA_002/20220823_033000.WAV,Telephone Field,recover-20220825,002,1795
1202.5905,1202.6285,68437,81946,Rhinolophus ferrumequinum,0.023,0.023,-1,Echolocation,/mnt/ubna_data_01_mir/recover-20220825/UBNA_002/20220823_033000.WAV,Telephone Field,recover-20220825,002,1795
1202.5985,1202.6399,68437,82403,Rhinolophus ferrumequinum,0.023,0.023,-1,Echolocation,/mnt/ubna_data_01_mir/recover-20220825/UBNA_002/20220823_033000.WAV,Telephone Field,recover-20220825,002,1795
1202.6485,1202.6594,28046,35730,Eptesicus serotinus,0.02,0.035,-1,Echolocation,/mnt/ubna_data_01_mir/recover-20220825/UBNA_002/20220823_033000.WAV,Telephone Field,recover-20220825,002,1795
1202.7085,1202.7157,28046,40832,Eptesicus serotinus,0.008,0.025,-1,Echolocation,/mnt/ubna_data_01_mir/recover-20220825/UBNA_002/20220823_033000.WAV,Telephone Field,recover-20220825,002,1795
1202.7145,1202.7542,68437,82458,Rhinolophus ferrumequinum,0.022,0.022,-1,Echolocation,/mnt/ubna_data_01_mir/recover-20220825/UBNA_002/20220823_033000.WAV,Telephone Field,recover-20220825,002,1795
1202.7165,1202.7225,36640,47255,Myotis daubentonii,0.009,0.022,-1,Echolocation,/mnt/ubna_data_01_mir/recover-20220825/UBNA_002/20220823_033000.WAV,Telephone Field,recover-20220825,002,1795
1202.7215,1202.7624,68437,82937,Rhinolophus ferrumequinum,0.023,0.023,-1,Echolocation,/mnt/ubna_data_01_mir/recover-20220825/UBNA_002/20220823_033000.WAV,Telephone Field,recover-20220825,002,1795
1202.7385,1202.779,68437,82859,Rhinolophus ferrumequinum,0.023,0.023,-1,Echolocation,/mnt/ubna_data_01_mir/recover-20220825/UBNA_002/20220823_033000.WAV,Telephone Field,recover-20220825,002,1795
1202.7595,1202.7667,28046,39174,Eptesicus serotinus,0.006,0.021,-1,Echolocation,/mnt/ubna_data_01_mir/recover-20220825/UBNA_002/20220823_033000.WAV,Telephone Field,recover-20220825,002,1795
1202.7735,1202.7834,39218,47558,Pipistrellus nathusii,0.008,0.024,-1,Echolocation,/mnt/ubna_data_01_mir/recover-20220825/UBNA_002/20220823_033000.WAV,Telephone Field,recover-20220825,002,1795
1202.7765,1202.7836,31484,46162,Myotis daubentonii,0.009,0.022,-1,Echolocation,/mnt/ubna_data_01_mir/recover-20220825/UBNA_002/20220823_033000.WAV,Telephone Field,recover-20220825,002,1795
1202.7845,1202.7938,15156,22532,Nyctalus noctula,0.01,0.023,-1,Echolocation,/mnt/ubna_data_01_mir/recover-20220825/UBNA_002/20220823_033000.WAV,Telephone Field,recover-20220825,002,1795
1202.7985,1202.8391,68437,82989,Rhinolophus ferrumequinum,0.028,0.028,-1,Echolocation,/mnt/ubna_data_01_mir/recover-20220825/UBNA_002/20220823_033000.WAV,Telephone Field,recover-20220825,002,1795
1202.8045,1202.8136,28046,38491,Eptesicus serotinus,0.01,0.024,-1,Echolocation,/mnt/ubna_data_01_mir/recover-20220825/UBNA_002/20220823_033000.WAV,Telephone Field,recover-20220825,002,1795
1202.8295,1202.8661,68437,82215,Rhinolophus ferrumequinum,0.023,0.023,-1,Echolocation,/mnt/ubna_data_01_mir/recover-20220825/UBNA_002/20220823_033000.WAV,Telephone Field,recover-20220825,002,1795
1202.8375,1202.8458,28046,40520,Eptesicus serotinus,0.007,0.023,-1,Echolocation,/mnt/ubna_data_01_mir/recover-20220825/UBNA_002/20220823_033000.WAV,Telephone Field,recover-20220825,002,1795
1202.8575,1202.8971,68437,82243,Rhinolophus ferrumequinum,0.026,0.026,-1,Echolocation,/mnt/ubna_data_01_mir/recover-20220825/UBNA_002/20220823_033000.WAV,Telephone Field,recover-20220825,002,1795
1202.8855,1202.9274,68437,82839,Rhinolophus ferrumequinum,0.025,0.025,-1,Echolocation,/mnt/ubna_data_01_mir/recover-20220825/UBNA_002/20220823_033000.WAV,Telephone Field,recover-20220825,002,1795
1202.8945,1202.9024,46953,51940,Pipistrellus pipistrellus,0.025,0.027,-1,Echolocation,/mnt/ubna_data_01_mir/recover-20220825/UBNA_002/20220823_033000.WAV,Telephone Field,recover-20220825,002,1795
1202.9235,1202.9337,28906,35795,Eptesicus serotinus,0.013,0.027,-1,Echolocation,/mnt/ubna_data_01_mir/recover-20220825/UBNA_002/20220823_033000.WAV,Telephone Field,recover-20220825,002,1795
1202.9245,1202.9659,68437,83404,Rhinolophus ferrumequinum,0.041,0.041,-1,Echolocation,/mnt/ubna_data_01_mir/recover-20220825/UBNA_002/20220823_033000.WAV,Telephone Field,recover-20220825,002,1795
1202.9555,1202.9635,28046,39647,Eptesicus serotinus,0.007,0.021,-1,Echolocation,/mnt/ubna_data_01_mir/recover-20220825/UBNA_002/20220823_033000.WAV,Telephone Field,recover-20220825,002,1795
1203.0365,1203.0465,25468,32828,Eptesicus serotinus,0.008,0.021,-1,Echolocation,/mnt/ubna_data_01_mir/recover-20220825/UBNA_002/20220823_033000.WAV,Telephone Field,recover-20220825,002,1795
1203.0515,1203.0607,23750,31428,Nyctalus leisleri,0.006,0.025,-1,Echolocation,/mnt/ubna_data_01_mir/recover-20220825/UBNA_002/20220823_033000.WAV,Telephone Field,recover-20220825,002,1795
1203.0605,1203.0702,26328,33971,Eptesicus serotinus,0.013,0.029,-1,Echolocation,/mnt/ubna_data_01_mir/recover-20220825/UBNA_002/20220823_033000.WAV,Telephone Field,recover-20220825,002,1795
1203.0735,1203.1116,68437,82799,Rhinolophus ferrumequinum,0.023,0.023,-1,Echolocation,/mnt/ubna_data_01_mir/recover-20220825/UBNA_002/20220823_033000.WAV,Telephone Field,recover-20220825,002,1795
1203.0795,1203.087,27187,39250,Eptesicus serotinus,0.007,0.023,-1,Echolocation,/mnt/ubna_data_01_mir/recover-20220825/UBNA_002/20220823_033000.WAV,Telephone Field,recover-20220825,002,1795
1203.1065,1203.1457,68437,82507,Rhinolophus ferrumequinum,0.022,0.022,-1,Echolocation,/mnt/ubna_data_01_mir/recover-20220825/UBNA_002/20220823_033000.WAV,Telephone Field,recover-20220825,002,1795
1203.1125,1203.1245,11718,25680,Eptesicus serotinus,0.014,0.028,-1,Echolocation,/mnt/ubna_data_01_mir/recover-20220825/UBNA_002/20220823_033000.WAV,Telephone Field,recover-20220825,002,1795
1203.1155,1203.1544,68437,82089,Rhinolophus ferrumequinum,0.022,0.022,-1,Echolocation,/mnt/ubna_data_01_mir/recover-20220825/UBNA_002/20220823_033000.WAV,Telephone Field,recover-20220825,002,1795
1203.1235,1203.1321,28046,39649,Eptesicus serotinus,0.008,0.021,-1,Echolocation,/mnt/ubna_data_01_mir/recover-20220825/UBNA_002/20220823_033000.WAV,Telephone Field,recover-20220825,002,1795
1203.1465,1203.1552,30625,38430,Eptesicus serotinus,0.046,0.095,-1,Echolocation,/mnt/ubna_data_01_mir/recover-20220825/UBNA_002/20220823_033000.WAV,Telephone Field,recover-20220825,002,1795
1203.1955,1203.2025,27187,40542,Eptesicus serotinus,0.007,0.024,-1,Echolocation,/mnt/ubna_data_01_mir/recover-20220825/UBNA_002/20220823_033000.WAV,Telephone Field,recover-20220825,002,1795
1203.1965,1203.2024,34921,43411,Myotis daubentonii,0.008,0.021,-1,Echolocation,/mnt/ubna_data_01_mir/recover-20220825/UBNA_002/20220823_033000.WAV,Telephone Field,recover-20220825,002,1795
1203.2365,1203.2751,68437,81465,Rhinolophus ferrumequinum,0.022,0.022,-1,Echolocation,/mnt/ubna_data_01_mir/recover-20220825/UBNA_002/20220823_033000.WAV,Telephone Field,recover-20220825,002,1795
1203.2425,1203.2504,28046,39023,Eptesicus serotinus,0.01,0.029,-1,Echolocation,/mnt/ubna_data_01_mir/recover-20220825/UBNA_002/20220823_033000.WAV,Telephone Field,recover-20220825,002,1795
1203.2625,1203.2706,28046,38862,Eptesicus serotinus,0.008,0.022,-1,Echolocation,/mnt/ubna_data_01_mir/recover-20220825/UBNA_002/20220823_033000.WAV,Telephone Field,recover-20220825,002,1795
1203.2865,1203.2946,28046,38871,Eptesicus serotinus,0.008,0.024,-1,Echolocation,/mnt/ubna_data_01_mir/recover-20220825/UBNA_002/20220823_033000.WAV,Telephone Field,recover-20220825,002,1795
1203.3085,1203.3185,22890,28404,Nyctalus leisleri,0.01,0.022,-1,Echolocation,/mnt/ubna_data_01_mir/recover-20220825/UBNA_002/20220823_033000.WAV,Telephone Field,recover-20220825,002,1795
1203.3305,1203.3399,22031,27442,Nyctalus leisleri,0.008,0.021,-1,Echolocation,/mnt/ubna_data_01_mir/recover-20220825/UBNA_002/20220823_033000.WAV,Telephone Field,recover-20220825,002,1795
1203.3415,1203.3494,28046,38825,Eptesicus serotinus,0.007,0.021,-1,Echolocation,/mnt/ubna_data_01_mir/recover-20220825/UBNA_002/20220823_033000.WAV,Telephone Field,recover-20220825,002,1795
1203.3565,1203.3933,68437,81647,Rhinolophus ferrumequinum,0.022,0.022,-1,Echolocation,/mnt/ubna_data_01_mir/recover-20220825/UBNA_002/20220823_033000.WAV,Telephone Field,recover-20220825,002,1795
1203.3675,1203.4108,68437,83392,Rhinolophus ferrumequinum,0.026,0.026,-1,Echolocation,/mnt/ubna_data_01_mir/recover-20220825/UBNA_002/20220823_033000.WAV,Telephone Field,recover-20220825,002,1795
1203.3765,1203.3844,28906,42541,Eptesicus serotinus,0.007,0.024,-1,Echolocation,/mnt/ubna_data_01_mir/recover-20220825/UBNA_002/20220823_033000.WAV,Telephone Field,recover-20220825,002,1795
1203.3885,1203.4073,20312,23039,Nyctalus leisleri,0.013,0.021,-1,Echolocation,/mnt/ubna_data_01_mir/recover-20220825/UBNA_002/20220823_033000.WAV,Telephone Field,recover-20220825,002,1795
1203.4305,1203.4686,68437,82089,Rhinolophus ferrumequinum,0.021,0.021,-1,Echolocation,/mnt/ubna_data_01_mir/recover-20220825/UBNA_002/20220823_033000.WAV,Telephone Field,recover-20220825,002,1795
1203.4305,1203.436,34921,45969,Myotis daubentonii,0.009,0.021,-1,Echolocation,/mnt/ubna_data_01_mir/recover-20220825/UBNA_002/20220823_033000.WAV,Telephone Field,recover-20220825,002,1795
1203.4315,1203.4385,28046,40054,Eptesicus serotinus,0.008,0.026,-1,Echolocation,/mnt/ubna_data_01_mir/recover-20220825/UBNA_002/20220823_033000.WAV,Telephone Field,recover-20220825,002,1795
1203.4745,1203.5123,68437,81650,Rhinolophus ferrumequinum,0.022,0.022,-1,Echolocation,/mnt/ubna_data_01_mir/recover-20220825/UBNA_002/20220823_033000.WAV,Telephone Field,recover-20220825,002,1795
1203.4845,1203.5217,68437,81702,Rhinolophus ferrumequinum,0.021,0.021,-1,Echolocation,/mnt/ubna_data_01_mir/recover-20220825/UBNA_002/20220823_033000.WAV,Telephone Field,recover-20220825,002,1795
1203.5235,1203.5587,68437,81227,Rhinolophus ferrumequinum,0.022,0.022,-1,Echolocation,/mnt/ubna_data_01_mir/recover-20220825/UBNA_002/20220823_033000.WAV,Telephone Field,recover-20220825,002,1795
1203.5565,1203.574,15156,20332,Nyctalus noctula,0.019,0.026,-1,Echolocation,/mnt/ubna_data_01_mir/recover-20220825/UBNA_002/20220823_033000.WAV,Telephone Field,recover-20220825,002,1795
1203.5995,1203.608,27187,39716,Eptesicus serotinus,0.008,0.023,-1,Echolocation,/mnt/ubna_data_01_mir/recover-20220825/UBNA_002/20220823_033000.WAV,Telephone Field,recover-20220825,002,1795
1203.6065,1203.6166,28906,36215,Eptesicus serotinus,0.009,0.023,-1,Echolocation,/mnt/ubna_data_01_mir/recover-20220825/UBNA_002/20220823_033000.WAV,Telephone Field,recover-20220825,002,1795
1203.6095,1203.649,68437,81724,Rhinolophus ferrumequinum,0.021,0.022,-1,Echolocation,/mnt/ubna_data_01_mir/recover-20220825/UBNA_002/20220823_033000.WAV,Telephone Field,recover-20220825,002,1795
1203.6415,1203.6595,21171,24557,Nyctalus leisleri,0.013,0.022,-1,Echolocation,/mnt/ubna_data_01_mir/recover-20220825/UBNA_002/20220823_033000.WAV,Telephone Field,recover-20220825,002,1795
1203.6745,1203.7146,68437,81706,Rhinolophus ferrumequinum,0.033,0.033,-1,Echolocation,/mnt/ubna_data_01_mir/recover-20220825/UBNA_002/20220823_033000.WAV,Telephone Field,recover-20220825,002,1795
1203.6805,1203.6891,28046,38223,Eptesicus serotinus,0.008,0.022,-1,Echolocation,/mnt/ubna_data_01_mir/recover-20220825/UBNA_002/20220823_033000.WAV,Telephone Field,recover-20220825,002,1795
1203.7025,1203.7122,27187,35776,Eptesicus serotinus,0.014,0.028,-1,Echolocation,/mnt/ubna_data_01_mir/recover-20220825/UBNA_002/20220823_033000.WAV,Telephone Field,recover-20220825,002,1795
1203.7045,1203.744,68437,82835,Rhinolophus ferrumequinum,0.028,0.028,-1,Echolocation,/mnt/ubna_data_01_mir/recover-20220825/UBNA_002/20220823_033000.WAV,Telephone Field,recover-20220825,002,1795
1203.7435,1203.7844,68437,82838,Rhinolophus ferrumequinum,0.026,0.026,-1,Echolocation,/mnt/ubna_data_01_mir/recover-20220825/UBNA_002/20220823_033000.WAV,Telephone Field,recover-20220825,002,1795
1203.7715,1203.8089,68437,82109,Rhinolophus ferrumequinum,0.022,0.022,-1,Echolocation,/mnt/ubna_data_01_mir/recover-20220825/UBNA_002/20220823_033000.WAV,Telephone Field,recover-20220825,002,1795
1203.7755,1203.7832,28046,44509,Eptesicus serotinus,0.007,0.022,-1,Echolocation,/mnt/ubna_data_01_mir/recover-20220825/UBNA_002/20220823_033000.WAV,Telephone Field,recover-20220825,002,1795
1203.7785,1203.8172,68437,82616,Rhinolophus ferrumequinum,0.023,0.023,-1,Echolocation,/mnt/ubna_data_01_mir/recover-20220825/UBNA_002/20220823_033000.WAV,Telephone Field,recover-20220825,002,1795
1203.8055,1203.8427,68437,82346,Rhinolophus ferrumequinum,0.026,0.026,-1,Echolocation,/mnt/ubna_data_01_mir/recover-20220825/UBNA_002/20220823_033000.WAV,Telephone Field,recover-20220825,002,1795
1203.8145,1203.8559,68437,82662,Rhinolophus ferrumequinum,0.022,0.022,-1,Echolocation,/mnt/ubna_data_01_mir/recover-20220825/UBNA_002/20220823_033000.WAV,Telephone Field,recover-20220825,002,1795
1203.8175,1203.8297,22890,28098,Nyctalus leisleri,0.011,0.022,-1,Echolocation,/mnt/ubna_data_01_mir/recover-20220825/UBNA_002/20220823_033000.WAV,Telephone Field,recover-20220825,002,1795
1203.8315,1203.8403,25468,33877,Eptesicus serotinus,0.008,0.022,-1,Echolocation,/mnt/ubna_data_01_mir/recover-20220825/UBNA_002/20220823_033000.WAV,Telephone Field,recover-20220825,002,1795
1203.8755,1203.8844,28046,37317,Eptesicus serotinus,0.009,0.022,-1,Echolocation,/mnt/ubna_data_01_mir/recover-20220825/UBNA_002/20220823_033000.WAV,Telephone Field,recover-20220825,002,1795
1203.9005,1203.9384,68437,81856,Rhinolophus ferrumequinum,0.022,0.022,-1,Echolocation,/mnt/ubna_data_01_mir/recover-20220825/UBNA_002/20220823_033000.WAV,Telephone Field,recover-20220825,002,1795
1203.9045,1203.9158,22890,29244,Nyctalus leisleri,0.011,0.029,-1,Echolocation,/mnt/ubna_data_01_mir/recover-20220825/UBNA_002/20220823_033000.WAV,Telephone Field,recover-20220825,002,1795
1203.9515,1203.9586,23750,32298,Plecotus austriacus,0.013,0.031,-1,Echolocation,/mnt/ubna_data_01_mir/recover-20220825/UBNA_002/20220823_033000.WAV,Telephone Field,recover-20220825,002,1795
1204.0015,1204.0142,20312,25964,Nyctalus leisleri,0.008,0.022,-1,Echolocation,/mnt/ubna_data_01_mir/recover-20220825/UBNA_002/20220823_033000.WAV,Telephone Field,recover-20220825,002,1795
1204.0015,1204.0095,49531,57254,Pipistrellus pipistrellus,0.016,0.027,-1,Echolocation,/mnt/ubna_data_01_mir/recover-20220825/UBNA_002/20220823_033000.WAV,Telephone Field,recover-20220825,002,1795
1204.0015,1204.0096,28906,39944,Eptesicus serotinus,0.008,0.028,-1,Echolocation,/mnt/ubna_data_01_mir/recover-20220825/UBNA_002/20220823_033000.WAV,Telephone Field,recover-20220825,002,1795
1204.0015,1204.0311,69296,80493,Rhinolophus ferrumequinum,0.027,0.028,-1,Echolocation,/mnt/ubna_data_01_mir/recover-20220825/UBNA_002/20220823_033000.WAV,Telephone Field,recover-20220825,002,1795
1204.0535,1204.0944,68437,82942,Rhinolophus ferrumequinum,0.024,0.024,-1,Echolocation,/mnt/ubna_data_01_mir/recover-20220825/UBNA_002/20220823_033000.WAV,Telephone Field,recover-20220825,002,1795
1204.0775,1204.0884,26328,33858,Eptesicus serotinus,0.279,0.462,-1,Echolocation,/mnt/ubna_data_01_mir/recover-20220825/UBNA_002/20220823_033000.WAV,Telephone Field,recover-20220825,002,1795
1204.0935,1204.1307,68437,81988,Rhinolophus ferrumequinum,0.023,0.023,-1,Echolocation,/mnt/ubna_data_01_mir/recover-20220825/UBNA_002/20220823_033000.WAV,Telephone Field,recover-20220825,002,1795
1204.1055,1204.1406,68437,81884,Rhinolophus ferrumequinum,0.021,0.021,-1,Echolocation,/mnt/ubna_data_01_mir/recover-20220825/UBNA_002/20220823_033000.WAV,Telephone Field,recover-20220825,002,1795
1204.1205,1204.1315,46953,51814,Pipistrellus pipistrellus,0.023,0.027,-1,Echolocation,/mnt/ubna_data_01_mir/recover-20220825/UBNA_002/20220823_033000.WAV,Telephone Field,recover-20220825,002,1795
1204.1215,1204.1602,68437,82447,Rhinolophus ferrumequinum,0.021,0.021,-1,Echolocation,/mnt/ubna_data_01_mir/recover-20220825/UBNA_002/20220823_033000.WAV,Telephone Field,recover-20220825,002,1795
1204.1245,1204.1319,27187,40997,Eptesicus serotinus,0.007,0.022,-1,Echolocation,/mnt/ubna_data_01_mir/recover-20220825/UBNA_002/20220823_033000.WAV,Telephone Field,recover-20220825,002,1795
1204.1435,1204.1797,68437,81302,Rhinolophus ferrumequinum,0.026,0.026,-1,Echolocation,/mnt/ubna_data_01_mir/recover-20220825/UBNA_002/20220823_033000.WAV,Telephone Field,recover-20220825,002,1795
1204.1555,1204.1636,28906,38122,Eptesicus serotinus,0.007,0.022,-1,Echolocation,/mnt/ubna_data_01_mir/recover-20220825/UBNA_002/20220823_033000.WAV,Telephone Field,recover-20220825,002,1795
1204.1765,1204.1849,28046,40021,Eptesicus serotinus,0.008,0.023,-1,Echolocation,/mnt/ubna_data_01_mir/recover-20220825/UBNA_002/20220823_033000.WAV,Telephone Field,recover-20220825,002,1795
1204.1875,1204.1992,27187,34167,Eptesicus serotinus,0.011,0.023,-1,Echolocation,/mnt/ubna_data_01_mir/recover-20220825/UBNA_002/20220823_033000.WAV,Telephone Field,recover-20220825,002,1795
1204.2145,1204.2242,22890,28623,Nyctalus leisleri,0.01,0.025,-1,Echolocation,/mnt/ubna_data_01_mir/recover-20220825/UBNA_002/20220823_033000.WAV,Telephone Field,recover-20220825,002,1795
1204.2535,1204.2625,22890,29541,Plecotus austriacus,0.008,0.021,-1,Echolocation,/mnt/ubna_data_01_mir/recover-20220825/UBNA_002/20220823_033000.WAV,Telephone Field,recover-20220825,002,1795
1204.2675,1204.2746,23750,33350,Plecotus austriacus,0.01,0.024,-1,Echolocation,/mnt/ubna_data_01_mir/recover-20220825/UBNA_002/20220823_033000.WAV,Telephone Field,recover-20220825,002,1795
1204.2855,1204.2933,25468,34207,Eptesicus serotinus,0.006,0.021,-1,Echolocation,/mnt/ubna_data_01_mir/recover-20220825/UBNA_002/20220823_033000.WAV,Telephone Field,recover-20220825,002,1795
1204.3105,1204.3183,26328,36536,Eptesicus serotinus,0.008,0.023,-1,Echolocation,/mnt/ubna_data_01_mir/recover-20220825/UBNA_002/20220823_033000.WAV,Telephone Field,recover-20220825,002,1795
1204.3275,1204.3396,25468,31602,Nyctalus leisleri,0.2,0.415,-1,Echolocation,/mnt/ubna_data_01_mir/recover-20220825/UBNA_002/20220823_033000.WAV,Telephone Field,recover-20220825,002,1795
1204.3575,1204.3964,68437,82564,Rhinolophus ferrumequinum,0.023,0.023,-1,Echolocation,/mnt/ubna_data_01_mir/recover-20220825/UBNA_002/20220823_033000.WAV,Telephone Field,recover-20220825,002,1795
1204.3765,1204.4188,68437,83438,Rhinolophus ferrumequinum,0.037,0.037,-1,Echolocation,/mnt/ubna_data_01_mir/recover-20220825/UBNA_002/20220823_033000.WAV,Telephone Field,recover-20220825,002,1795
1204.4235,1204.4646,68437,82791,Rhinolophus ferrumequinum,0.023,0.023,-1,Echolocation,/mnt/ubna_data_01_mir/recover-20220825/UBNA_002/20220823_033000.WAV,Telephone Field,recover-20220825,002,1795
1204.4445,1204.4546,22890,28350,Nyctalus leisleri,0.009,0.021,-1,Echolocation,/mnt/ubna_data_01_mir/recover-20220825/UBNA_002/20220823_033000.WAV,Telephone Field,recover-20220825,002,1795
1204.5135,1204.5203,28046,40441,Eptesicus serotinus,0.007,0.027,-1,Echolocation,/mnt/ubna_data_01_mir/recover-20220825/UBNA_002/20220823_033000.WAV,Telephone Field,recover-20220825,002,1795
1204.5175,1204.5537,68437,81817,Rhinolophus ferrumequinum,0.021,0.021,-1,Echolocation,/mnt/ubna_data_01_mir/recover-20220825/UBNA_002/20220823_033000.WAV,Telephone Field,recover-20220825,002,1795
1204.5575,1204.57,26328,31604,Eptesicus serotinus,0.107,0.187,-1,Echolocation,/mnt/ubna_data_01_mir/recover-20220825/UBNA_002/20220823_033000.WAV,Telephone Field,recover-20220825,002,1795
1204.5905,1204.5976,27187,39343,Eptesicus serotinus,0.006,0.021,-1,Echolocation,/mnt/ubna_data_01_mir/recover-20220825/UBNA_002/20220823_033000.WAV,Telephone Field,recover-20220825,002,1795
1204.5995,1204.6369,68437,81873,Rhinolophus ferrumequinum,0.024,0.024,-1,Echolocation,/mnt/ubna_data_01_mir/recover-20220825/UBNA_002/20220823_033000.WAV,Telephone Field,recover-20220825,002,1795
1204.6135,1204.6203,27187,38680,Eptesicus serotinus,0.007,0.026,-1,Echolocation,/mnt/ubna_data_01_mir/recover-20220825/UBNA_002/20220823_033000.WAV,Telephone Field,recover-20220825,002,1795
1204.6405,1204.6497,47812,51389,Pipistrellus pipistrellus,0.021,0.024,-1,Echolocation,/mnt/ubna_data_01_mir/recover-20220825/UBNA_002/20220823_033000.WAV,Telephone Field,recover-20220825,002,1795
1204.6435,1204.6539,23750,30394,Nyctalus leisleri,0.009,0.024,-1,Echolocation,/mnt/ubna_data_01_mir/recover-20220825/UBNA_002/20220823_033000.WAV,Telephone Field,recover-20220825,002,1795
1204.6445,1204.6809,68437,81627,Rhinolophus ferrumequinum,0.023,0.023,-1,Echolocation,/mnt/ubna_data_01_mir/recover-20220825/UBNA_002/20220823_033000.WAV,Telephone Field,recover-20220825,002,1795
1204.6815,1204.6865,31484,47670,Myotis daubentonii,0.017,0.034,-1,Echolocation,/mnt/ubna_data_01_mir/recover-20220825/UBNA_002/20220823_033000.WAV,Telephone Field,recover-20220825,002,1795
1204.7105,1204.7195,27187,41814,Eptesicus serotinus,0.008,0.021,-1,Echolocation,/mnt/ubna_data_01_mir/recover-20220825/UBNA_002/20220823_033000.WAV,Telephone Field,recover-20220825,002,1795
1204.7455,1204.7562,25468,31791,Eptesicus serotinus,0.008,0.023,-1,Echolocation,/mnt/ubna_data_01_mir/recover-20220825/UBNA_002/20220823_033000.WAV,Telephone Field,recover-20220825,002,1795
1204.7625,1204.7724,23750,31164,Nyctalus leisleri,0.008,0.023,-1,Echolocation,/mnt/ubna_data_01_mir/recover-20220825/UBNA_002/20220823_033000.WAV,Telephone Field,recover-20220825,002,1795
1204.7745,1204.814,68437,82568,Rhinolophus ferrumequinum,0.022,0.022,-1,Echolocation,/mnt/ubna_data_01_mir/recover-20220825/UBNA_002/20220823_033000.WAV,Telephone Field,recover-20220825,002,1795
1204.7985,1204.8363,68437,82697,Rhinolophus ferrumequinum,0.029,0.029,-1,Echolocation,/mnt/ubna_data_01_mir/recover-20220825/UBNA_002/20220823_033000.WAV,Telephone Field,recover-20220825,002,1795
1204.8005,1204.8081,22890,30750,Plecotus austriacus,0.009,0.021,-1,Echolocation,/mnt/ubna_data_01_mir/recover-20220825/UBNA_002/20220823_033000.WAV,Telephone Field,recover-20220825,002,1795
1204.8085,1204.8475,68437,82044,Rhinolophus ferrumequinum,0.021,0.021,-1,Echolocation,/mnt/ubna_data_01_mir/recover-20220825/UBNA_002/20220823_033000.WAV,Telephone Field,recover-20220825,002,1795
1204.8565,1204.8632,34062,43420,Myotis daubentonii,0.012,0.027,-1,Echolocation,/mnt/ubna_data_01_mir/recover-20220825/UBNA_002/20220823_033000.WAV,Telephone Field,recover-20220825,002,1795
1204.8575,1204.8654,27187,37956,Eptesicus serotinus,0.011,0.029,-1,Echolocation,/mnt/ubna_data_01_mir/recover-20220825/UBNA_002/20220823_033000.WAV,Telephone Field,recover-20220825,002,1795
1204.8675,1204.9044,68437,82466,Rhinolophus ferrumequinum,0.024,0.024,-1,Echolocation,/mnt/ubna_data_01_mir/recover-20220825/UBNA_002/20220823_033000.WAV,Telephone Field,recover-20220825,002,1795
1204.8775,1204.8856,25468,38581,Eptesicus serotinus,0.007,0.023,-1,Echolocation,/mnt/ubna_data_01_mir/recover-20220825/UBNA_002/20220823_033000.WAV,Telephone Field,recover-20220825,002,1795
1204.9285,1204.9627,67578,79456,Rhinolophus ferrumequinum,0.021,0.022,-1,Echolocation,/mnt/ubna_data_01_mir/recover-20220825/UBNA_002/20220823_033000.WAV,Telephone Field,recover-20220825,002,1795
1204.9345,1204.968,67578,79223,Rhinolophus ferrumequinum,0.019,0.022,-1,Echolocation,/mnt/ubna_data_01_mir/recover-20220825/UBNA_002/20220823_033000.WAV,Telephone Field,recover-20220825,002,1795
1204.9425,1204.9782,68437,80751,Rhinolophus ferrumequinum,0.021,0.021,-1,Echolocation,/mnt/ubna_data_01_mir/recover-20220825/UBNA_002/20220823_033000.WAV,Telephone Field,recover-20220825,002,1795
1204.9455,1204.9575,52109,55715,Pipistrellus pygmaeus,0.019,0.026,-1,Echolocation,/mnt/ubna_data_01_mir/recover-20220825/UBNA_002/20220823_033000.WAV,Telephone Field,recover-20220825,002,1795
1204.9485,1204.9608,25468,31999,Nyctalus leisleri,0.221,0.471,-1,Echolocation,/mnt/ubna_data_01_mir/recover-20220825/UBNA_002/20220823_033000.WAV,Telephone Field,recover-20220825,002,1795
1204.9855,1205.024,68437,82065,Rhinolophus ferrumequinum,0.021,0.021,-1,Echolocation,/mnt/ubna_data_01_mir/recover-20220825/UBNA_002/20220823_033000.WAV,Telephone Field,recover-20220825,002,1795
1205.0065,1205.0134,57265,63986,Pipistrellus pygmaeus,0.026,0.026,-1,Echolocation,/mnt/ubna_data_01_mir/recover-20220825/UBNA_002/20220823_033000.WAV,Telephone Field,recover-20220825,002,1795
1205.0535,1205.0876,68437,81436,Rhinolophus ferrumequinum,0.023,0.023,-1,Echolocation,/mnt/ubna_data_01_mir/recover-20220825/UBNA_002/20220823_033000.WAV,Telephone Field,recover-20220825,002,1795
1205.0855,1205.1221,68437,81892,Rhinolophus ferrumequinum,0.023,0.023,-1,Echolocation,/mnt/ubna_data_01_mir/recover-20220825/UBNA_002/20220823_033000.WAV,Telephone Field,recover-20220825,002,1795
1205.0865,1205.0993,52968,57487,Pipistrellus pygmaeus,0.02,0.023,-1,Echolocation,/mnt/ubna_data_01_mir/recover-20220825/UBNA_002/20220823_033000.WAV,Telephone Field,recover-20220825,002,1795
1205.0915,1205.0992,31484,42843,Myotis daubentonii,0.009,0.021,-1,Echolocation,/mnt/ubna_data_01_mir/recover-20220825/UBNA_002/20220823_033000.WAV,Telephone Field,recover-20220825,002,1795
1205.1005,1205.141,68437,82498,Rhinolophus ferrumequinum,0.023,0.023,-1,Echolocation,/mnt/ubna_data_01_mir/recover-20220825/UBNA_002/20220823_033000.WAV,Telephone Field,recover-20220825,002,1795
1205.1085,1205.1168,46953,54747,Pipistrellus pipistrellus,0.035,0.038,-1,Echolocation,/mnt/ubna_data_01_mir/recover-20220825/UBNA_002/20220823_033000.WAV,Telephone Field,recover-20220825,002,1795
1205.1125,1205.1216,28046,37354,Eptesicus serotinus,0.01,0.025,-1,Echolocation,/mnt/ubna_data_01_mir/recover-20220825/UBNA_002/20220823_033000.WAV,Telephone Field,recover-20220825,002,1795
1205.1535,1205.1666,26328,30921,Nyctalus leisleri,0.113,0.232,-1,Echolocation,/mnt/ubna_data_01_mir/recover-20220825/UBNA_002/20220823_033000.WAV,Telephone Field,recover-20220825,002,1795
1205.2145,1205.2532,68437,82303,Rhinolophus ferrumequinum,0.021,0.021,-1,Echolocation,/mnt/ubna_data_01_mir/recover-20220825/UBNA_002/20220823_033000.WAV,Telephone Field,recover-20220825,002,1795
1205.2295,1205.2389,28046,36902,Eptesicus serotinus,0.008,0.021,-1,Echolocation,/mnt/ubna_data_01_mir/recover-20220825/UBNA_002/20220823_033000.WAV,Telephone Field,recover-20220825,002,1795
1205.2665,1205.2782,22890,27877,Nyctalus leisleri,0.011,0.021,-1,Echolocation,/mnt/ubna_data_01_mir/recover-20220825/UBNA_002/20220823_033000.WAV,Telephone Field,recover-20220825,002,1795
1205.2895,1205.3022,25468,30677,Nyctalus leisleri,0.168,0.353,-1,Echolocation,/mnt/ubna_data_01_mir/recover-20220825/UBNA_002/20220823_033000.WAV,Telephone Field,recover-20220825,002,1795
1205.3075,1205.344,68437,82188,Rhinolophus ferrumequinum,0.021,0.021,-1,Echolocation,/mnt/ubna_data_01_mir/recover-20220825/UBNA_002/20220823_033000.WAV,Telephone Field,recover-20220825,002,1795
1205.3505,1205.3585,27187,39793,Eptesicus serotinus,0.007,0.021,-1,Echolocation,/mnt/ubna_data_01_mir/recover-20220825/UBNA_002/20220823_033000.WAV,Telephone Field,recover-20220825,002,1795
1205.3515,1205.3922,68437,83030,Rhinolophus ferrumequinum,0.032,0.032,-1,Echolocation,/mnt/ubna_data_01_mir/recover-20220825/UBNA_002/20220823_033000.WAV,Telephone Field,recover-20220825,002,1795
1205.3735,1205.4141,68437,83173,Rhinolophus ferrumequinum,0.024,0.024,-1,Echolocation,/mnt/ubna_data_01_mir/recover-20220825/UBNA_002/20220823_033000.WAV,Telephone Field,recover-20220825,002,1795
1205.4105,1205.4191,27187,38983,Eptesicus serotinus,0.008,0.022,-1,Echolocation,/mnt/ubna_data_01_mir/recover-20220825/UBNA_002/20220823_033000.WAV,Telephone Field,recover-20220825,002,1795
1205.4395,1205.4523,24609,31838,Eptesicus serotinus,0.285,0.538,-1,Echolocation,/mnt/ubna_data_01_mir/recover-20220825/UBNA_002/20220823_033000.WAV,Telephone Field,recover-20220825,002,1795
1205.4825,1205.4915,28046,37872,Eptesicus serotinus,0.009,0.024,-1,Echolocation,/mnt/ubna_data_01_mir/recover-20220825/UBNA_002/20220823_033000.WAV,Telephone Field,recover-20220825,002,1795
1205.5005,1205.5384,68437,82253,Rhinolophus ferrumequinum,0.025,0.025,-1,Echolocation,/mnt/ubna_data_01_mir/recover-20220825/UBNA_002/20220823_033000.WAV,Telephone Field,recover-20220825,002,1795
1205.5155,1205.5226,28046,37074,Eptesicus serotinus,0.006,0.024,-1,Echolocation,/mnt/ubna_data_01_mir/recover-20220825/UBNA_002/20220823_033000.WAV,Telephone Field,recover-20220825,002,1795
1205.5885,1205.602,24609,32701,Eptesicus serotinus,0.266,0.529,-1,Echolocation,/mnt/ubna_data_01_mir/recover-20220825/UBNA_002/20220823_033000.WAV,Telephone Field,recover-20220825,002,1795
1205.6305,1205.6687,68437,82964,Rhinolophus ferrumequinum,0.037,0.037,-1,Echolocation,/mnt/ubna_data_01_mir/recover-20220825/UBNA_002/20220823_033000.WAV,Telephone Field,recover-20220825,002,1795
1205.6345,1205.6406,28046,39100,Eptesicus serotinus,0.007,0.033,-1,Echolocation,/mnt/ubna_data_01_mir/recover-20220825/UBNA_002/20220823_033000.WAV,Telephone Field,recover-20220825,002,1795
1205.6395,1205.6511,22031,26194,Nyctalus leisleri,0.015,0.027,-1,Echolocation,/mnt/ubna_data_01_mir/recover-20220825/UBNA_002/20220823_033000.WAV,Telephone Field,recover-20220825,002,1795
1205.6825,1205.7194,68437,82149,Rhinolophus ferrumequinum,0.022,0.022,-1,Echolocation,/mnt/ubna_data_01_mir/recover-20220825/UBNA_002/20220823_033000.WAV,Telephone Field,recover-20220825,002,1795
1205.6995,1205.7374,68437,82213,Rhinolophus ferrumequinum,0.023,0.024,-1,Echolocation,/mnt/ubna_data_01_mir/recover-20220825/UBNA_002/20220823_033000.WAV,Telephone Field,recover-20220825,002,1795
1205.7205,1205.7549,68437,81176,Rhinolophus ferrumequinum,0.022,0.022,-1,Echolocation,/mnt/ubna_data_01_mir/recover-20220825/UBNA_002/20220823_033000.WAV,Telephone Field,recover-20220825,002,1795
1205.7245,1205.7365,25468,36686,Eptesicus serotinus,0.436,0.672,-1,Echolocation,/mnt/ubna_data_01_mir/recover-20220825/UBNA_002/20220823_033000.WAV,Telephone Field,recover-20220825,002,1795
1205.7265,1205.7315,33203,40483,Myotis bechsteinii,0.003,0.025,-1,Echolocation,/mnt/ubna_data_01_mir/recover-20220825/UBNA_002/20220823_033000.WAV,Telephone Field,recover-20220825,002,1795
1205.7325,1205.7676,68437,81870,Rhinolophus ferrumequinum,0.021,0.021,-1,Echolocation,/mnt/ubna_data_01_mir/recover-20220825/UBNA_002/20220823_033000.WAV,Telephone Field,recover-20220825,002,1795
1205.7445,1205.7855,68437,82920,Rhinolophus ferrumequinum,0.024,0.024,-1,Echolocation,/mnt/ubna_data_01_mir/recover-20220825/UBNA_002/20220823_033000.WAV,Telephone Field,recover-20220825,002,1795
1205.7535,1205.7953,68437,83191,Rhinolophus ferrumequinum,0.028,0.028,-1,Echolocation,/mnt/ubna_data_01_mir/recover-20220825/UBNA_002/20220823_033000.WAV,Telephone Field,recover-20220825,002,1795
1205.7545,1205.7663,22031,26394,Nyctalus leisleri,0.012,0.023,-1,Echolocation,/mnt/ubna_data_01_mir/recover-20220825/UBNA_002/20220823_033000.WAV,Telephone Field,recover-20220825,002,1795
1205.7815,1205.7884,26328,38987,Eptesicus serotinus,0.005,0.022,-1,Echolocation,/mnt/ubna_data_01_mir/recover-20220825/UBNA_002/20220823_033000.WAV,Telephone Field,recover-20220825,002,1795
1205.8115,1205.8189,23750,32807,Plecotus austriacus,0.011,0.025,-1,Echolocation,/mnt/ubna_data_01_mir/recover-20220825/UBNA_002/20220823_033000.WAV,Telephone Field,recover-20220825,002,1795
1205.8355,1205.8753,68437,83001,Rhinolophus ferrumequinum,0.022,0.022,-1,Echolocation,/mnt/ubna_data_01_mir/recover-20220825/UBNA_002/20220823_033000.WAV,Telephone Field,recover-20220825,002,1795
1205.8445,1205.8845,68437,82551,Rhinolophus ferrumequinum,0.025,0.025,-1,Echolocation,/mnt/ubna_data_01_mir/recover-20220825/UBNA_002/20220823_033000.WAV,Telephone Field,recover-20220825,002,1795
1205.8485,1205.8569,25468,36084,Eptesicus serotinus,0.008,0.025,-1,Echolocation,/mnt/ubna_data_01_mir/recover-20220825/UBNA_002/20220823_033000.WAV,Telephone Field,recover-20220825,002,1795
1205.8575,1205.8948,68437,82607,Rhinolophus ferrumequinum,0.021,0.021,-1,Echolocation,/mnt/ubna_data_01_mir/recover-20220825/UBNA_002/20220823_033000.WAV,Telephone Field,recover-20220825,002,1795
1205.8625,1205.8718,26328,33336,Nyctalus leisleri,0.332,0.626,-1,Echolocation,/mnt/ubna_data_01_mir/recover-20220825/UBNA_002/20220823_033000.WAV,Telephone Field,recover-20220825,002,1795
1205.9155,1205.9552,68437,82450,Rhinolophus ferrumequinum,0.023,0.023,-1,Echolocation,/mnt/ubna_data_01_mir/recover-20220825/UBNA_002/20220823_033000.WAV,Telephone Field,recover-20220825,002,1795
1205.9295,1205.9654,68437,82041,Rhinolophus ferrumequinum,0.022,0.022,-1,Echolocation,/mnt/ubna_data_01_mir/recover-20220825/UBNA_002/20220823_033000.WAV,Telephone Field,recover-20220825,002,1795
1205.9445,1205.9509,25468,41071,Myotis nattereri,0.009,0.034,-1,Echolocation,/mnt/ubna_data_01_mir/recover-20220825/UBNA_002/20220823_033000.WAV,Telephone Field,recover-20220825,002,1795
1205.9695,1205.981,22890,27649,Nyctalus leisleri,0.011,0.021,-1,Echolocation,/mnt/ubna_data_01_mir/recover-20220825/UBNA_002/20220823_033000.WAV,Telephone Field,recover-20220825,002,1795
1205.9805,1205.9876,28046,40057,Eptesicus serotinus,0.005,0.022,-1,Echolocation,/mnt/ubna_data_01_mir/recover-20220825/UBNA_002/20220823_033000.WAV,Telephone Field,recover-20220825,002,1795
1206.0015,1206.0318,69296,81588,Rhinolophus ferrumequinum,0.022,0.022,-1,Echolocation,/mnt/ubna_data_01_mir/recover-20220825/UBNA_002/20220823_033000.WAV,Telephone Field,recover-20220825,002,1795
1206.0015,1206.0077,48671,56845,Pipistrellus pipistrellus,0.016,0.023,-1,Echolocation,/mnt/ubna_data_01_mir/recover-20220825/UBNA_002/20220823_033000.WAV,Telephone Field,recover-20220825,002,1795
1206.0015,1206.0127,25468,34151,Nyctalus leisleri,0.018,0.045,-1,Echolocation,/mnt/ubna_data_01_mir/recover-20220825/UBNA_002/20220823_033000.WAV,Telephone Field,recover-20220825,002,1795
1206.0125,1206.0232,25468,35242,Eptesicus serotinus,0.344,0.511,-1,Echolocation,/mnt/ubna_data_01_mir/recover-20220825/UBNA_002/20220823_033000.WAV,Telephone Field,recover-20220825,002,1795
1206.0355,1206.0743,68437,82141,Rhinolophus ferrumequinum,0.021,0.021,-1,Echolocation,/mnt/ubna_data_01_mir/recover-20220825/UBNA_002/20220823_033000.WAV,Telephone Field,recover-20220825,002,1795
1206.0665,1206.0774,26328,33927,Eptesicus serotinus,0.011,0.023,-1,Echolocation,/mnt/ubna_data_01_mir/recover-20220825/UBNA_002/20220823_033000.WAV,Telephone Field,recover-20220825,002,1795
1206.0715,1206.1102,68437,81868,Rhinolophus ferrumequinum,0.023,0.023,-1,Echolocation,/mnt/ubna_data_01_mir/recover-20220825/UBNA_002/20220823_033000.WAV,Telephone Field,recover-20220825,002,1795
1206.1185,1206.1289,24609,30954,Nyctalus leisleri,0.007,0.021,-1,Echolocation,/mnt/ubna_data_01_mir/recover-20220825/UBNA_002/20220823_033000.WAV,Telephone Field,recover-20220825,002,1795
1206.1425,1206.1539,27187,35161,Eptesicus serotinus,0.16,0.204,-1,Echolocation,/mnt/ubna_data_01_mir/recover-20220825/UBNA_002/20220823_033000.WAV,Telephone Field,recover-20220825,002,1795
1206.1455,1206.1858,68437,82185,Rhinolophus ferrumequinum,0.021,0.021,-1,Echolocation,/mnt/ubna_data_01_mir/recover-20220825/UBNA_002/20220823_033000.WAV,Telephone Field,recover-20220825,002,1795
1206.2195,1206.256,68437,81465,Rhinolophus ferrumequinum,0.021,0.021,-1,Echolocation,/mnt/ubna_data_01_mir/recover-20220825/UBNA_002/20220823_033000.WAV,Telephone Field,recover-20220825,002,1795
1206.2275,1206.2476,19453,23171,Nyctalus noctula,0.023,0.041,-1,Echolocation,/mnt/ubna_data_01_mir/recover-20220825/UBNA_002/20220823_033000.WAV,Telephone Field,recover-20220825,002,1795
1206.2515,1206.2916,68437,82682,Rhinolophus ferrumequinum,0.022,0.022,-1,Echolocation,/mnt/ubna_data_01_mir/recover-20220825/UBNA_002/20220823_033000.WAV,Telephone Field,recover-20220825,002,1795
1206.2805,1206.3196,68437,82082,Rhinolophus ferrumequinum,0.021,0.021,-1,Echolocation,/mnt/ubna_data_01_mir/recover-20220825/UBNA_002/20220823_033000.WAV,Telephone Field,recover-20220825,002,1795
1206.3245,1206.3605,68437,81752,Rhinolophus ferrumequinum,0.022,0.022,-1,Echolocation,/mnt/ubna_data_01_mir/recover-20220825/UBNA_002/20220823_033000.WAV,Telephone Field,recover-20220825,002,1795
1206.3465,1206.3881,68437,82556,Rhinolophus ferrumequinum,0.028,0.028,-1,Echolocation,/mnt/ubna_data_01_mir/recover-20220825/UBNA_002/20220823_033000.WAV,Telephone Field,recover-20220825,002,1795
1206.3475,1206.3588,28906,35911,Eptesicus serotinus,0.081,0.116,-1,Echolocation,/mnt/ubna_data_01_mir/recover-20220825/UBNA_002/20220823_033000.WAV,Telephone Field,recover-20220825,002,1795
1206.3695,1206.4103,68437,82078,Rhinolophus ferrumequinum,0.022,0.022,-1,Echolocation,/mnt/ubna_data_01_mir/recover-20220825/UBNA_002/20220823_033000.WAV,Telephone Field,recover-20220825,002,1795
1206.3895,1206.3987,23750,30166,Nyctalus leisleri,0.006,0.021,-1,Echolocation,/mnt/ubna_data_01_mir/recover-20220825/UBNA_002/20220823_033000.WAV,Telephone Field,recover-20220825,002,1795
1206.4625,1206.5007,68437,81924,Rhinolophus ferrumequinum,0.021,0.021,-1,Echolocation,/mnt/ubna_data_01_mir/recover-20220825/UBNA_002/20220823_033000.WAV,Telephone Field,recover-20220825,002,1795
1206.5105,1206.5482,68437,82022,Rhinolophus ferrumequinum,0.022,0.022,-1,Echolocation,/mnt/ubna_data_01_mir/recover-20220825/UBNA_002/20220823_033000.WAV,Telephone Field,recover-20220825,002,1795
1206.5665,1206.5759,24609,31744,Eptesicus serotinus,0.008,0.022,-1,Echolocation,/mnt/ubna_data_01_mir/recover-20220825/UBNA_002/20220823_033000.WAV,Telephone Field,recover-20220825,002,1795
1206.5695,1206.6126,68437,82600,Rhinolophus ferrumequinum,0.021,0.021,-1,Echolocation,/mnt/ubna_data_01_mir/recover-20220825/UBNA_002/20220823_033000.WAV,Telephone Field,recover-20220825,002,1795
1206.5965,1206.6069,22031,27112,Nyctalus leisleri,0.01,0.022,-1,Echolocation,/mnt/ubna_data_01_mir/recover-20220825/UBNA_002/20220823_033000.WAV,Telephone Field,recover-20220825,002,1795
1206.5995,1206.6075,28906,39303,Eptesicus serotinus,0.007,0.022,-1,Echolocation,/mnt/ubna_data_01_mir/recover-20220825/UBNA_002/20220823_033000.WAV,Telephone Field,recover-20220825,002,1795
1206.6245,1206.6337,25468,33161,Eptesicus serotinus,0.008,0.02,-1,Echolocation,/mnt/ubna_data_01_mir/recover-20220825/UBNA_002/20220823_033000.WAV,Telephone Field,recover-20220825,002,1795
1206.6365,1206.6457,28906,37908,Eptesicus serotinus,0.009,0.021,-1,Echolocation,/mnt/ubna_data_01_mir/recover-20220825/UBNA_002/20220823_033000.WAV,Telephone Field,recover-20220825,002,1795
1206.6645,1206.705,68437,81678,Rhinolophus ferrumequinum,0.029,0.029,-1,Echolocation,/mnt/ubna_data_01_mir/recover-20220825/UBNA_002/20220823_033000.WAV,Telephone Field,recover-20220825,002,1795
1206.7205,1206.759,68437,82146,Rhinolophus ferrumequinum,0.02,0.02,-1,Echolocation,/mnt/ubna_data_01_mir/recover-20220825/UBNA_002/20220823_033000.WAV,Telephone Field,recover-20220825,002,1795
1206.7235,1206.7316,25468,35723,Eptesicus serotinus,0.006,0.02,-1,Echolocation,/mnt/ubna_data_01_mir/recover-20220825/UBNA_002/20220823_033000.WAV,Telephone Field,recover-20220825,002,1795
1206.7585,1206.7717,35781,41029,Pipistrellus nathusii,0.026,0.044,-1,Echolocation,/mnt/ubna_data_01_mir/recover-20220825/UBNA_002/20220823_033000.WAV,Telephone Field,recover-20220825,002,1795
1206.7605,1206.771,22031,27325,Nyctalus leisleri,0.009,0.021,-1,Echolocation,/mnt/ubna_data_01_mir/recover-20220825/UBNA_002/20220823_033000.WAV,Telephone Field,recover-20220825,002,1795
1206.7605,1206.7683,28046,37565,Eptesicus serotinus,0.007,0.023,-1,Echolocation,/mnt/ubna_data_01_mir/recover-20220825/UBNA_002/20220823_033000.WAV,Telephone Field,recover-20220825,002,1795
1206.8145,1206.8522,68437,82179,Rhinolophus ferrumequinum,0.021,0.021,-1,Echolocation,/mnt/ubna_data_01_mir/recover-20220825/UBNA_002/20220823_033000.WAV,Telephone Field,recover-20220825,002,1795
1206.8165,1206.8248,23750,32223,Plecotus austriacus,0.007,0.021,-1,Echolocation,/mnt/ubna_data_01_mir/recover-20220825/UBNA_002/20220823_033000.WAV,Telephone Field,recover-20220825,002,1795
1206.8345,1206.8473,25468,32296,Eptesicus serotinus,0.019,0.038,-1,Echolocation,/mnt/ubna_data_01_mir/recover-20220825/UBNA_002/20220823_033000.WAV,Telephone Field,recover-20220825,002,1795
1206.8415,1206.8767,68437,81573,Rhinolophus ferrumequinum,0.02,0.02,-1,Echolocation,/mnt/ubna_data_01_mir/recover-20220825/UBNA_002/20220823_033000.WAV,Telephone Field,recover-20220825,002,1795
1206.8515,1206.8631,52968,56478,Pipistrellus pygmaeus,0.024,0.027,-1,Echolocation,/mnt/ubna_data_01_mir/recover-20220825/UBNA_002/20220823_033000.WAV,Telephone Field,recover-20220825,002,1795
1206.9545,1206.9631,46953,54872,Pipistrellus pipistrellus,0.023,0.026,-1,Echolocation,/mnt/ubna_data_01_mir/recover-20220825/UBNA_002/20220823_033000.WAV,Telephone Field,recover-20220825,002,1795
1206.9605,1206.9708,26328,32585,Eptesicus serotinus,0.207,0.295,-1,Echolocation,/mnt/ubna_data_01_mir/recover-20220825/UBNA_002/20220823_033000.WAV,Telephone Field,recover-20220825,002,1795
1206.9645,1207.004,68437,82174,Rhinolophus ferrumequinum,0.025,0.025,-1,Echolocation,/mnt/ubna_data_01_mir/recover-20220825/UBNA_002/20220823_033000.WAV,Telephone Field,recover-20220825,002,1795
1207.0115,1207.022,22890,27678,Nyctalus leisleri,0.01,0.021,-1,Echolocation,/mnt/ubna_data_01_mir/recover-20220825/UBNA_002/20220823_033000.WAV,Telephone Field,recover-20220825,002,1795
1207.0225,1207.0643,68437,82731,Rhinolophus ferrumequinum,0.023,0.023,-1,Echolocation,/mnt/ubna_data_01_mir/recover-20220825/UBNA_002/20220823_033000.WAV,Telephone Field,recover-20220825,002,1795
1207.0415,1207.0559,22890,26252,Nyctalus leisleri,0.018,0.029,-1,Echolocation,/mnt/ubna_data_01_mir/recover-20220825/UBNA_002/20220823_033000.WAV,Telephone Field,recover-20220825,002,1795
1207.0525,1207.0925,68437,82135,Rhinolophus ferrumequinum,0.021,0.021,-1,Echolocation,/mnt/ubna_data_01_mir/recover-20220825/UBNA_002/20220823_033000.WAV,Telephone Field,recover-20220825,002,1795
1207.0895,1207.0996,27187,34036,Eptesicus serotinus,0.25,0.449,-1,Echolocation,/mnt/ubna_data_01_mir/recover-20220825/UBNA_002/20220823_033000.WAV,Telephone Field,recover-20220825,002,1795
1207.0935,1207.1326,68437,82833,Rhinolophus ferrumequinum,0.02,0.02,-1,Echolocation,/mnt/ubna_data_01_mir/recover-20220825/UBNA_002/20220823_033000.WAV,Telephone Field,recover-20220825,002,1795
1207.1575,1207.165,26328,40878,Eptesicus serotinus,0.007,0.021,-1,Echolocation,/mnt/ubna_data_01_mir/recover-20220825/UBNA_002/20220823_033000.WAV,Telephone Field,recover-20220825,002,1795
1207.1765,1207.19,24609,29560,Nyctalus leisleri,0.011,0.027,-1,Echolocation,/mnt/ubna_data_01_mir/recover-20220825/UBNA_002/20220823_033000.WAV,Telephone Field,recover-20220825,002,1795
1207.1825,1207.2213,68437,81767,Rhinolophus ferrumequinum,0.021,0.021,-1,Echolocation,/mnt/ubna_data_01_mir/recover-20220825/UBNA_002/20220823_033000.WAV,Telephone Field,recover-20220825,002,1795
1207.2025,1207.2125,26328,35314,Eptesicus serotinus,0.026,0.051,-1,Echolocation,/mnt/ubna_data_01_mir/recover-20220825/UBNA_002/20220823_033000.WAV,Telephone Field,recover-20220825,002,1795
1207.2135,1207.226,25468,31361,Eptesicus serotinus,0.105,0.169,-1,Echolocation,/mnt/ubna_data_01_mir/recover-20220825/UBNA_002/20220823_033000.WAV,Telephone Field,recover-20220825,002,1795
1207.2145,1207.2515,68437,80994,Rhinolophus ferrumequinum,0.024,0.024,-1,Echolocation,/mnt/ubna_data_01_mir/recover-20220825/UBNA_002/20220823_033000.WAV,Telephone Field,recover-20220825,002,1795
1207.2525,1207.2902,68437,82533,Rhinolophus ferrumequinum,0.025,0.025,-1,Echolocation,/mnt/ubna_data_01_mir/recover-20220825/UBNA_002/20220823_033000.WAV,Telephone Field,recover-20220825,002,1795
1207.2935,1207.3298,68437,81856,Rhinolophus ferrumequinum,0.02,0.02,-1,Echolocation,/mnt/ubna_data_01_mir/recover-20220825/UBNA_002/20220823_033000.WAV,Telephone Field,recover-20220825,002,1795
1207.3215,1207.3332,26328,33982,Eptesicus serotinus,0.017,0.04,-1,Echolocation,/mnt/ubna_data_01_mir/recover-20220825/UBNA_002/20220823_033000.WAV,Telephone Field,recover-20220825,002,1795
1207.3235,1207.3299,34062,41996,Myotis daubentonii,0.009,0.025,-1,Echolocation,/mnt/ubna_data_01_mir/recover-20220825/UBNA_002/20220823_033000.WAV,Telephone Field,recover-20220825,002,1795
1207.3335,1207.3748,68437,83166,Rhinolophus ferrumequinum,0.025,0.025,-1,Echolocation,/mnt/ubna_data_01_mir/recover-20220825/UBNA_002/20220823_033000.WAV,Telephone Field,recover-20220825,002,1795
1207.3685,1207.4054,68437,81144,Rhinolophus ferrumequinum,0.023,0.023,-1,Echolocation,/mnt/ubna_data_01_mir/recover-20220825/UBNA_002/20220823_033000.WAV,Telephone Field,recover-20220825,002,1795
1207.4315,1207.4703,68437,82279,Rhinolophus ferrumequinum,0.02,0.02,-1,Echolocation,/mnt/ubna_data_01_mir/recover-20220825/UBNA_002/20220823_033000.WAV,Telephone Field,recover-20220825,002,1795
1207.4595,1207.4985,68437,81645,Rhinolophus ferrumequinum,0.021,0.022,-1,Echolocation,/mnt/ubna_data_01_mir/recover-20220825/UBNA_002/20220823_033000.WAV,Telephone Field,recover-20220825,002,1795
1207.4685,1207.4797,23750,28668,Nyctalus leisleri,0.011,0.022,-1,Echolocation,/mnt/ubna_data_01_mir/recover-20220825/UBNA_002/20220823_033000.WAV,Telephone Field,recover-20220825,002,1795
1207.4855,1207.5241,68437,81594,Rhinolophus ferrumequinum,0.023,0.023,-1,Echolocation,/mnt/ubna_data_01_mir/recover-20220825/UBNA_002/20220823_033000.WAV,Telephone Field,recover-20220825,002,1795
1207.4875,1207.5052,22890,25959,Nyctalus leisleri,0.029,0.047,-1,Echolocation,/mnt/ubna_data_01_mir/recover-20220825/UBNA_002/20220823_033000.WAV,Telephone Field,recover-20220825,002,1795
1207.4875,1207.4961,56406,61675,Pipistrellus pygmaeus,0.02,0.02,-1,Echolocation,/mnt/ubna_data_01_mir/recover-20220825/UBNA_002/20220823_033000.WAV,Telephone Field,recover-20220825,002,1795
1207.4995,1207.5412,68437,83073,Rhinolophus ferrumequinum,0.024,0.024,-1,Echolocation,/mnt/ubna_data_01_mir/recover-20220825/UBNA_002/20220823_033000.WAV,Telephone Field,recover-20220825,002,1795
1207.5035,1207.5119,27187,37007,Eptesicus serotinus,0.013,0.029,-1,Echolocation,/mnt/ubna_data_01_mir/recover-20220825/UBNA_002/20220823_033000.WAV,Telephone Field,recover-20220825,002,1795
1207.5225,1207.5605,68437,81486,Rhinolophus ferrumequinum,0.023,0.023,-1,Echolocation,/mnt/ubna_data_01_mir/recover-20220825/UBNA_002/20220823_033000.WAV,Telephone Field,recover-20220825,002,1795
1207.5305,1207.5689,68437,81207,Rhinolophus ferrumequinum,0.023,0.023,-1,Echolocation,/mnt/ubna_data_01_mir/recover-20220825/UBNA_002/20220823_033000.WAV,Telephone Field,recover-20220825,002,1795
1207.5425,1207.5764,68437,80253,Rhinolophus ferrumequinum,0.021,0.021,-1,Echolocation,/mnt/ubna_data_01_mir/recover-20220825/UBNA_002/20220823_033000.WAV,Telephone Field,recover-20220825,002,1795
1207.5725,1207.5824,22890,27985,Nyctalus leisleri,0.009,0.02,-1,Echolocation,/mnt/ubna_data_01_mir/recover-20220825/UBNA_002/20220823_033000.WAV,Telephone Field,recover-20220825,002,1795
1207.5895,1207.5994,28046,35486,Eptesicus serotinus,0.013,0.026,-1,Echolocation,/mnt/ubna_data_01_mir/recover-20220825/UBNA_002/20220823_033000.WAV,Telephone Field,recover-20220825,002,1795
1207.5995,1207.6387,68437,82610,Rhinolophus ferrumequinum,0.034,0.034,-1,Echolocation,/mnt/ubna_data_01_mir/recover-20220825/UBNA_002/20220823_033000.WAV,Telephone Field,recover-20220825,002,1795
1207.6385,1207.6494,22890,28007,Nyctalus leisleri,0.01,0.021,-1,Echolocation,/mnt/ubna_data_01_mir/recover-20220825/UBNA_002/20220823_033000.WAV,Telephone Field,recover-20220825,002,1795
1207.6665,1207.679,25468,32688,Eptesicus serotinus,0.012,0.026,-1,Echolocation,/mnt/ubna_data_01_mir/recover-20220825/UBNA_002/20220823_033000.WAV,Telephone Field,recover-20220825,002,1795
1207.7285,1207.7694,68437,82567,Rhinolophus ferrumequinum,0.022,0.022,-1,Echolocation,/mnt/ubna_data_01_mir/recover-20220825/UBNA_002/20220823_033000.WAV,Telephone Field,recover-20220825,002,1795
1207.7505,1207.7903,68437,82479,Rhinolophus ferrumequinum,0.021,0.021,-1,Echolocation,/mnt/ubna_data_01_mir/recover-20220825/UBNA_002/20220823_033000.WAV,Telephone Field,recover-20220825,002,1795
1207.7565,1207.767,28046,35281,Eptesicus serotinus,0.013,0.027,-1,Echolocation,/mnt/ubna_data_01_mir/recover-20220825/UBNA_002/20220823_033000.WAV,Telephone Field,recover-20220825,002,1795
1207.7755,1207.786,31484,42302,Eptesicus serotinus,0.009,0.024,-1,Echolocation,/mnt/ubna_data_01_mir/recover-20220825/UBNA_002/20220823_033000.WAV,Telephone Field,recover-20220825,002,1795
1207.7835,1207.8218,68437,82181,Rhinolophus ferrumequinum,0.02,0.02,-1,Echolocation,/mnt/ubna_data_01_mir/recover-20220825/UBNA_002/20220823_033000.WAV,Telephone Field,recover-20220825,002,1795
1207.8085,1207.8172,28046,43831,Eptesicus serotinus,0.009,0.023,-1,Echolocation,/mnt/ubna_data_01_mir/recover-20220825/UBNA_002/20220823_033000.WAV,Telephone Field,recover-20220825,002,1795
1207.8575,1207.8958,68437,82165,Rhinolophus ferrumequinum,0.023,0.023,-1,Echolocation,/mnt/ubna_data_01_mir/recover-20220825/UBNA_002/20220823_033000.WAV,Telephone Field,recover-20220825,002,1795
1207.8645,1207.8766,25468,31830,Eptesicus serotinus,0.223,0.402,-1,Echolocation,/mnt/ubna_data_01_mir/recover-20220825/UBNA_002/20220823_033000.WAV,Telephone Field,recover-20220825,002,1795
1207.9115,1207.9195,28046,39787,Eptesicus serotinus,0.007,0.021,-1,Echolocation,/mnt/ubna_data_01_mir/recover-20220825/UBNA_002/20220823_033000.WAV,Telephone Field,recover-20220825,002,1795
1207.9195,1207.9585,68437,82367,Rhinolophus ferrumequinum,0.021,0.021,-1,Echolocation,/mnt/ubna_data_01_mir/recover-20220825/UBNA_002/20220823_033000.WAV,Telephone Field,recover-20220825,002,1795
1207.9265,1207.9648,68437,82487,Rhinolophus ferrumequinum,0.022,0.022,-1,Echolocation,/mnt/ubna_data_01_mir/recover-20220825/UBNA_002/20220823_033000.WAV,Telephone Field,recover-20220825,002,1795
1207.9465,1207.9554,25468,33327,Eptesicus serotinus,0.009,0.025,-1,Echolocation,/mnt/ubna_data_01_mir/recover-20220825/UBNA_002/20220823_033000.WAV,Telephone Field,recover-20220825,002,1795
1207.9565,1207.9933,68437,81929,Rhinolophus ferrumequinum,0.02,0.02,-1,Echolocation,/mnt/ubna_data_01_mir/recover-20220825/UBNA_002/20220823_033000.WAV,Telephone Field,recover-20220825,002,1795
1207.9715,1207.9902,20312,23546,Nyctalus leisleri,0.013,0.022,-1,Echolocation,/mnt/ubna_data_01_mir/recover-20220825/UBNA_002/20220823_033000.WAV,Telephone Field,recover-20220825,002,1795
1207.9745,1207.9824,28046,41386,Eptesicus serotinus,0.006,0.02,-1,Echolocation,/mnt/ubna_data_01_mir/recover-20220825/UBNA_002/20220823_033000.WAV,Telephone Field,recover-20220825,002,1795
1207.9835,1207.9916,26328,36333,Eptesicus serotinus,0.009,0.027,-1,Echolocation,/mnt/ubna_data_01_mir/recover-20220825/UBNA_002/20220823_033000.WAV,Telephone Field,recover-20220825,002,1795
1208.0015,1208.0132,46953,51919,Pipistrellus pipistrellus,0.023,0.03,-1,Echolocation,/mnt/ubna_data_01_mir/recover-20220825/UBNA_002/20220823_033000.WAV,Telephone Field,recover-20220825,002,1795
1208.0015,1208.0125,21171,26379,Nyctalus leisleri,0.011,0.025,-1,Echolocation,/mnt/ubna_data_01_mir/recover-20220825/UBNA_002/20220823_033000.WAV,Telephone Field,recover-20220825,002,1795
1208.0015,1208.0337,69296,81837,Rhinolophus ferrumequinum,0.043,0.043,-1,Echolocation,/mnt/ubna_data_01_mir/recover-20220825/UBNA_002/20220823_033000.WAV,Telephone Field,recover-20220825,002,1795
1208.0085,1208.0507,68437,81785,Rhinolophus ferrumequinum,0.032,0.032,-1,Echolocation,/mnt/ubna_data_01_mir/recover-20220825/UBNA_002/20220823_033000.WAV,Telephone Field,recover-20220825,002,1795
1208.0705,1208.1063,68437,81181,Rhinolophus ferrumequinum,0.021,0.021,-1,Echolocation,/mnt/ubna_data_01_mir/recover-20220825/UBNA_002/20220823_033000.WAV,Telephone Field,recover-20220825,002,1795
1208.1095,1208.1487,68437,82963,Rhinolophus ferrumequinum,0.053,0.053,-1,Echolocation,/mnt/ubna_data_01_mir/recover-20220825/UBNA_002/20220823_033000.WAV,Telephone Field,recover-20220825,002,1795
1208.1505,1208.1869,68437,81960,Rhinolophus ferrumequinum,0.022,0.022,-1,Echolocation,/mnt/ubna_data_01_mir/recover-20220825/UBNA_002/20220823_033000.WAV,Telephone Field,recover-20220825,002,1795
1208.1585,1208.1957,68437,81905,Rhinolophus ferrumequinum,0.022,0.022,-1,Echolocation,/mnt/ubna_data_01_mir/recover-20220825/UBNA_002/20220823_033000.WAV,Telephone Field,recover-20220825,002,1795
1208.1675,1208.2053,68437,82006,Rhinolophus ferrumequinum,0.025,0.025,-1,Echolocation,/mnt/ubna_data_01_mir/recover-20220825/UBNA_002/20220823_033000.WAV,Telephone Field,recover-20220825,002,1795
1208.1755,1208.2149,68437,82430,Rhinolophus ferrumequinum,0.022,0.022,-1,Echolocation,/mnt/ubna_data_01_mir/recover-20220825/UBNA_002/20220823_033000.WAV,Telephone Field,recover-20220825,002,1795
1208.1885,1208.1984,22890,28927,Nyctalus leisleri,0.009,0.022,-1,Echolocation,/mnt/ubna_data_01_mir/recover-20220825/UBNA_002/20220823_033000.WAV,Telephone Field,recover-20220825,002,1795
1208.1975,1208.2379,68437,82843,Rhinolophus ferrumequinum,0.03,0.03,-1,Echolocation,/mnt/ubna_data_01_mir/recover-20220825/UBNA_002/20220823_033000.WAV,Telephone Field,recover-20220825,002,1795
1208.2045,1208.2149,15156,21434,Nyctalus noctula,0.013,0.025,-1,Echolocation,/mnt/ubna_data_01_mir/recover-20220825/UBNA_002/20220823_033000.WAV,Telephone Field,recover-20220825,002,1795
1208.2535,1208.2941,68437,82523,Rhinolophus ferrumequinum,0.024,0.024,-1,Echolocation,/mnt/ubna_data_01_mir/recover-20220825/UBNA_002/20220823_033000.WAV,Telephone Field,recover-20220825,002,1795
1208.2615,1208.3009,68437,81977,Rhinolophus ferrumequinum,0.023,0.023,-1,Echolocation,/mnt/ubna_data_01_mir/recover-20220825/UBNA_002/20220823_033000.WAV,Telephone Field,recover-20220825,002,1795
1208.3195,1208.362,68437,82976,Rhinolophus ferrumequinum,0.026,0.026,-1,Echolocation,/mnt/ubna_data_01_mir/recover-20220825/UBNA_002/20220823_033000.WAV,Telephone Field,recover-20220825,002,1795
1208.3795,1208.3887,28906,37410,Eptesicus serotinus,0.01,0.023,-1,Echolocation,/mnt/ubna_data_01_mir/recover-20220825/UBNA_002/20220823_033000.WAV,Telephone Field,recover-20220825,002,1795
1208.3905,1208.3999,24609,32101,Eptesicus serotinus,0.009,0.025,-1,Echolocation,/mnt/ubna_data_01_mir/recover-20220825/UBNA_002/20220823_033000.WAV,Telephone Field,recover-20220825,002,1795
1208.4205,1208.4624,68437,82927,Rhinolophus ferrumequinum,0.023,0.023,-1,Echolocation,/mnt/ubna_data_01_mir/recover-20220825/UBNA_002/20220823_033000.WAV,Telephone Field,recover-20220825,002,1795
1208.4345,1208.4444,24609,31407,Nyctalus leisleri,0.008,0.021,-1,Echolocation,/mnt/ubna_data_01_mir/recover-20220825/UBNA_002/20220823_033000.WAV,Telephone Field,recover-20220825,002,1795
1208.4555,1208.4936,68437,81139,Rhinolophus ferrumequinum,0.03,0.03,-1,Echolocation,/mnt/ubna_data_01_mir/recover-20220825/UBNA_002/20220823_033000.WAV,Telephone Field,recover-20220825,002,1795
1208.4705,1208.4776,24609,33471,Plecotus austriacus,0.011,0.029,-1,Echolocation,/mnt/ubna_data_01_mir/recover-20220825/UBNA_002/20220823_033000.WAV,Telephone Field,recover-20220825,002,1795
1208.5175,1208.554,68437,81531,Rhinolophus ferrumequinum,0.021,0.021,-1,Echolocation,/mnt/ubna_data_01_mir/recover-20220825/UBNA_002/20220823_033000.WAV,Telephone Field,recover-20220825,002,1795
1208.5585,1208.5964,68437,81981,Rhinolophus ferrumequinum,0.022,0.022,-1,Echolocation,/mnt/ubna_data_01_mir/recover-20220825/UBNA_002/20220823_033000.WAV,Telephone Field,recover-20220825,002,1795
1208.5975,1208.6354,68437,82118,Rhinolophus ferrumequinum,0.023,0.023,-1,Echolocation,/mnt/ubna_data_01_mir/recover-20220825/UBNA_002/20220823_033000.WAV,Telephone Field,recover-20220825,002,1795
1208.6185,1208.6586,68437,82492,Rhinolophus ferrumequinum,0.024,0.024,-1,Echolocation,/mnt/ubna_data_01_mir/recover-20220825/UBNA_002/20220823_033000.WAV,Telephone Field,recover-20220825,002,1795
1208.6505,1208.6886,68437,81963,Rhinolophus ferrumequinum,0.024,0.024,-1,Echolocation,/mnt/ubna_data_01_mir/recover-20220825/UBNA_002/20220823_033000.WAV,Telephone Field,recover-20220825,002,1795
1208.6765,1208.7135,68437,82536,Rhinolophus ferrumequinum,0.022,0.022,-1,Echolocation,/mnt/ubna_data_01_mir/recover-20220825/UBNA_002/20220823_033000.WAV,Telephone Field,recover-20220825,002,1795
1208.6955,1208.7367,68437,83294,Rhinolophus ferrumequinum,0.023,0.023,-1,Echolocation,/mnt/ubna_data_01_mir/recover-20220825/UBNA_002/20220823_033000.WAV,Telephone Field,recover-20220825,002,1795
1208.7425,1208.7537,22031,28056,Nyctalus leisleri,0.013,0.037,-1,Echolocation,/mnt/ubna_data_01_mir/recover-20220825/UBNA_002/20220823_033000.WAV,Telephone Field,recover-20220825,002,1795
1208.7435,1208.7808,68437,82248,Rhinolophus ferrumequinum,0.024,0.024,-1,Echolocation,/mnt/ubna_data_01_mir/recover-20220825/UBNA_002/20220823_033000.WAV,Telephone Field,recover-20220825,002,1795
1208.7445,1208.7634,42656,45223,Pipistrellus pipistrellus,0.081,0.114,-1,Echolocation,/mnt/ubna_data_01_mir/recover-20220825/UBNA_002/20220823_033000.WAV,Telephone Field,recover-20220825,002,1795
1208.7765,1208.7855,28046,36396,Eptesicus serotinus,0.011,0.024,-1,Echolocation,/mnt/ubna_data_01_mir/recover-20220825/UBNA_002/20220823_033000.WAV,Telephone Field,recover-20220825,002,1795
1208.7805,1208.8202,68437,82939,Rhinolophus ferrumequinum,0.024,0.024,-1,Echolocation,/mnt/ubna_data_01_mir/recover-20220825/UBNA_002/20220823_033000.WAV,Telephone Field,recover-20220825,002,1795
1208.8785,1208.9144000000001,68437,81352,Rhinolophus ferrumequinum,0.022,0.022,-1,Echolocation,/mnt/ubna_data_01_mir/recover-20220825/UBNA_002/20220823_033000.WAV,Telephone Field,recover-20220825,002,1795
1208.9025,1208.9413,68437,82289,Rhinolophus ferrumequinum,0.023,0.024,-1,Echolocation,/mnt/ubna_data_01_mir/recover-20220825/UBNA_002/20220823_033000.WAV,Telephone Field,recover-20220825,002,1795
1208.9225,1208.9597,68437,82295,Rhinolophus ferrumequinum,0.022,0.022,-1,Echolocation,/mnt/ubna_data_01_mir/recover-20220825/UBNA_002/20220823_033000.WAV,Telephone Field,recover-20220825,002,1795
1208.9575,1208.968,22890,28335,Nyctalus leisleri,0.012,0.028,-1,Echolocation,/mnt/ubna_data_01_mir/recover-20220825/UBNA_002/20220823_033000.WAV,Telephone Field,recover-20220825,002,1795
1208.9605,1208.999,68437,82270,Rhinolophus ferrumequinum,0.022,0.022,-1,Echolocation,/mnt/ubna_data_01_mir/recover-20220825/UBNA_002/20220823_033000.WAV,Telephone Field,recover-20220825,002,1795
1208.9705,1208.9792,27187,36566,Eptesicus serotinus,0.008,0.023,-1,Echolocation,/mnt/ubna_data_01_mir/recover-20220825/UBNA_002/20220823_033000.WAV,Telephone Field,recover-20220825,002,1795
1208.9715,1208.9784,34062,42152,Myotis daubentonii,0.009,0.021,-1,Echolocation,/mnt/ubna_data_01_mir/recover-20220825/UBNA_002/20220823_033000.WAV,Telephone Field,recover-20220825,002,1795
1208.9915,1209.0012,28046,35635,Eptesicus serotinus,0.01,0.022,-1,Echolocation,/mnt/ubna_data_01_mir/recover-20220825/UBNA_002/20220823_033000.WAV,Telephone Field,recover-20220825,002,1795
1209.0045,1209.0468,68437,83296,Rhinolophus ferrumequinum,0.027,0.027,-1,Echolocation,/mnt/ubna_data_01_mir/recover-20220825/UBNA_002/20220823_033000.WAV,Telephone Field,recover-20220825,002,1795
1209.0075,1209.0168,24609,32139,Nyctalus leisleri,0.008,0.023,-1,Echolocation,/mnt/ubna_data_01_mir/recover-20220825/UBNA_002/20220823_033000.WAV,Telephone Field,recover-20220825,002,1795
1209.0145,1209.0545,68437,82995,Rhinolophus ferrumequinum,0.023,0.023,-1,Echolocation,/mnt/ubna_data_01_mir/recover-20220825/UBNA_002/20220823_033000.WAV,Telephone Field,recover-20220825,002,1795
1209.0315,1209.041,27187,36601,Eptesicus serotinus,0.012,0.026,-1,Echolocation,/mnt/ubna_data_01_mir/recover-20220825/UBNA_002/20220823_033000.WAV,Telephone Field,recover-20220825,002,1795
1209.0605,1209.1036,68437,83450,Rhinolophus ferrumequinum,0.034,0.034,-1,Echolocation,/mnt/ubna_data_01_mir/recover-20220825/UBNA_002/20220823_033000.WAV,Telephone Field,recover-20220825,002,1795
1209.0745,1209.1131,68437,82628,Rhinolophus ferrumequinum,0.027,0.027,-1,Echolocation,/mnt/ubna_data_01_mir/recover-20220825/UBNA_002/20220823_033000.WAV,Telephone Field,recover-20220825,002,1795
1209.0935,1209.1352,68437,82660,Rhinolophus ferrumequinum,0.024,0.024,-1,Echolocation,/mnt/ubna_data_01_mir/recover-20220825/UBNA_002/20220823_033000.WAV,Telephone Field,recover-20220825,002,1795
1209.1405,1209.1764,68437,81242,Rhinolophus ferrumequinum,0.022,0.022,-1,Echolocation,/mnt/ubna_data_01_mir/recover-20220825/UBNA_002/20220823_033000.WAV,Telephone Field,recover-20220825,002,1795
1209.1755,1209.2152,68437,82466,Rhinolophus ferrumequinum,0.026,0.026,-1,Echolocation,/mnt/ubna_data_01_mir/recover-20220825/UBNA_002/20220823_033000.WAV,Telephone Field,recover-20220825,002,1795
1209.1765,1209.1857,28906,43270,Eptesicus serotinus,0.008,0.022,-1,Echolocation,/mnt/ubna_data_01_mir/recover-20220825/UBNA_002/20220823_033000.WAV,Telephone Field,recover-20220825,002,1795
1209.2965,1209.3081,28906,35862,Eptesicus serotinus,0.012,0.025,-1,Echolocation,/mnt/ubna_data_01_mir/recover-20220825/UBNA_002/20220823_033000.WAV,Telephone Field,recover-20220825,002,1795
1209.3115,1209.3516,68437,83246,Rhinolophus ferrumequinum,0.026,0.026,-1,Echolocation,/mnt/ubna_data_01_mir/recover-20220825/UBNA_002/20220823_033000.WAV,Telephone Field,recover-20220825,002,1795
1209.3495,1209.3912,68437,82994,Rhinolophus ferrumequinum,0.027,0.027,-1,Echolocation,/mnt/ubna_data_01_mir/recover-20220825/UBNA_002/20220823_033000.WAV,Telephone Field,recover-20220825,002,1795
1209.3715,1209.4117,68437,82428,Rhinolophus ferrumequinum,0.025,0.025,-1,Echolocation,/mnt/ubna_data_01_mir/recover-20220825/UBNA_002/20220823_033000.WAV,Telephone Field,recover-20220825,002,1795
1209.4485,1209.4868,68437,82639,Rhinolophus ferrumequinum,0.032,0.032,-1,Echolocation,/mnt/ubna_data_01_mir/recover-20220825/UBNA_002/20220823_033000.WAV,Telephone Field,recover-20220825,002,1795
1209.4595,1209.4988,68437,82463,Rhinolophus ferrumequinum,0.039,0.039,-1,Echolocation,/mnt/ubna_data_01_mir/recover-20220825/UBNA_002/20220823_033000.WAV,Telephone Field,recover-20220825,002,1795
1209.4715,1209.4784,24609,33369,Plecotus auritus,0.008,0.024,-1,Echolocation,/mnt/ubna_data_01_mir/recover-20220825/UBNA_002/20220823_033000.WAV,Telephone Field,recover-20220825,002,1795
1209.4895,1209.5312,68437,82780,Rhinolophus ferrumequinum,0.024,0.024,-1,Echolocation,/mnt/ubna_data_01_mir/recover-20220825/UBNA_002/20220823_033000.WAV,Telephone Field,recover-20220825,002,1795
1209.5015,1209.511,23750,30683,Nyctalus leisleri,0.008,0.025,-1,Echolocation,/mnt/ubna_data_01_mir/recover-20220825/UBNA_002/20220823_033000.WAV,Telephone Field,recover-20220825,002,1795
1209.5085,1209.5502,68437,82611,Rhinolophus ferrumequinum,0.033,0.033,-1,Echolocation,/mnt/ubna_data_01_mir/recover-20220825/UBNA_002/20220823_033000.WAV,Telephone Field,recover-20220825,002,1795
1209.5125,1209.5203,28046,36007,Eptesicus serotinus,0.022,0.047,-1,Echolocation,/mnt/ubna_data_01_mir/recover-20220825/UBNA_002/20220823_033000.WAV,Telephone Field,recover-20220825,002,1795
1209.5305,1209.5711,68437,82921,Rhinolophus ferrumequinum,0.03,0.03,-1,Echolocation,/mnt/ubna_data_01_mir/recover-20220825/UBNA_002/20220823_033000.WAV,Telephone Field,recover-20220825,002,1795
1209.5735,1209.6129,68437,82709,Rhinolophus ferrumequinum,0.023,0.023,-1,Echolocation,/mnt/ubna_data_01_mir/recover-20220825/UBNA_002/20220823_033000.WAV,Telephone Field,recover-20220825,002,1795
1209.5855,1209.6225,68437,81486,Rhinolophus ferrumequinum,0.021,0.021,-1,Echolocation,/mnt/ubna_data_01_mir/recover-20220825/UBNA_002/20220823_033000.WAV,Telephone Field,recover-20220825,002,1795
1209.6075,1209.6168,28906,36820,Eptesicus serotinus,0.01,0.022,-1,Echolocation,/mnt/ubna_data_01_mir/recover-20220825/UBNA_002/20220823_033000.WAV,Telephone Field,recover-20220825,002,1795
1209.6145,1209.6514,68437,81471,Rhinolophus ferrumequinum,0.027,0.027,-1,Echolocation,/mnt/ubna_data_01_mir/recover-20220825/UBNA_002/20220823_033000.WAV,Telephone Field,recover-20220825,002,1795
1209.6365,1209.6758,68437,82650,Rhinolophus ferrumequinum,0.021,0.021,-1,Echolocation,/mnt/ubna_data_01_mir/recover-20220825/UBNA_002/20220823_033000.WAV,Telephone Field,recover-20220825,002,1795
1209.6695,1209.7144,68437,83926,Rhinolophus ferrumequinum,0.043,0.043,-1,Echolocation,/mnt/ubna_data_01_mir/recover-20220825/UBNA_002/20220823_033000.WAV,Telephone Field,recover-20220825,002,1795
1209.6965,1209.7359,68437,82144,Rhinolophus ferrumequinum,0.028,0.028,-1,Echolocation,/mnt/ubna_data_01_mir/recover-20220825/UBNA_002/20220823_033000.WAV,Telephone Field,recover-20220825,002,1795
1209.7185,1209.7261,28046,40067,Eptesicus serotinus,0.008,0.025,-1,Echolocation,/mnt/ubna_data_01_mir/recover-20220825/UBNA_002/20220823_033000.WAV,Telephone Field,recover-20220825,002,1795
1209.7475,1209.7597,34921,41022,Pipistrellus nathusii,0.007,0.023,-1,Echolocation,/mnt/ubna_data_01_mir/recover-20220825/UBNA_002/20220823_033000.WAV,Telephone Field,recover-20220825,002,1795
1209.7505,1209.7913,68437,82192,Rhinolophus ferrumequinum,0.021,0.021,-1,Echolocation,/mnt/ubna_data_01_mir/recover-20220825/UBNA_002/20220823_033000.WAV,Telephone Field,recover-20220825,002,1795
1209.7615,1209.7716,23750,29657,Nyctalus leisleri,0.008,0.021,-1,Echolocation,/mnt/ubna_data_01_mir/recover-20220825/UBNA_002/20220823_033000.WAV,Telephone Field,recover-20220825,002,1795
1209.7835,1209.8258,68437,83295,Rhinolophus ferrumequinum,0.035,0.036,-1,Echolocation,/mnt/ubna_data_01_mir/recover-20220825/UBNA_002/20220823_033000.WAV,Telephone Field,recover-20220825,002,1795
1209.8065,1209.8145,28046,40054,Eptesicus serotinus,0.007,0.023,-1,Echolocation,/mnt/ubna_data_01_mir/recover-20220825/UBNA_002/20220823_033000.WAV,Telephone Field,recover-20220825,002,1795
1209.8215,1209.8653,68437,82994,Rhinolophus ferrumequinum,0.093,0.093,-1,Echolocation,/mnt/ubna_data_01_mir/recover-20220825/UBNA_002/20220823_033000.WAV,Telephone Field,recover-20220825,002,1795
1209.8435,1209.8515,28046,39426,Eptesicus serotinus,0.008,0.023,-1,Echolocation,/mnt/ubna_data_01_mir/recover-20220825/UBNA_002/20220823_033000.WAV,Telephone Field,recover-20220825,002,1795
1209.8725,1209.9104,68437,82135,Rhinolophus ferrumequinum,0.022,0.022,-1,Echolocation,/mnt/ubna_data_01_mir/recover-20220825/UBNA_002/20220823_033000.WAV,Telephone Field,recover-20220825,002,1795
1209.9265,1209.9343,27187,40139,Eptesicus serotinus,0.007,0.021,-1,Echolocation,/mnt/ubna_data_01_mir/recover-20220825/UBNA_002/20220823_033000.WAV,Telephone Field,recover-20220825,002,1795
1209.9355,1209.9761,68437,83038,Rhinolophus ferrumequinum,0.034,0.034,-1,Echolocation,/mnt/ubna_data_01_mir/recover-20220825/UBNA_002/20220823_033000.WAV,Telephone Field,recover-20220825,002,1795
1209.9425,1209.9489,28046,44781,Eptesicus serotinus,0.006,0.023,-1,Echolocation,/mnt/ubna_data_01_mir/recover-20220825/UBNA_002/20220823_033000.WAV,Telephone Field,recover-20220825,002,1795
1209.9875,1209.9975,22031,28232,Plecotus austriacus,0.007,0.022,-1,Echolocation,/mnt/ubna_data_01_mir/recover-20220825/UBNA_002/20220823_033000.WAV,Telephone Field,recover-20220825,002,1795
1210.0015,1210.0138,46953,52109,Pipistrellus pipistrellus,0.02,0.027,-1,Echolocation,/mnt/ubna_data_01_mir/recover-20220825/UBNA_002/20220823_033000.WAV,Telephone Field,recover-20220825,002,1795
1210.0015,1210.0364,69296,81318,Rhinolophus ferrumequinum,0.023,0.023,-1,Echolocation,/mnt/ubna_data_01_mir/recover-20220825/UBNA_002/20220823_033000.WAV,Telephone Field,recover-20220825,002,1795
1210.0015,1210.0103,28906,37790,Eptesicus serotinus,0.013,0.031,-1,Echolocation,/mnt/ubna_data_01_mir/recover-20220825/UBNA_002/20220823_033000.WAV,Telephone Field,recover-20220825,002,1795
1210.0075,1210.0177,52109,56016,Pipistrellus pygmaeus,0.015,0.02,-1,Echolocation,/mnt/ubna_data_01_mir/recover-20220825/UBNA_002/20220823_033000.WAV,Telephone Field,recover-20220825,002,1795
1210.0085,1210.0494,68437,81996,Rhinolophus ferrumequinum,0.023,0.023,-1,Echolocation,/mnt/ubna_data_01_mir/recover-20220825/UBNA_002/20220823_033000.WAV,Telephone Field,recover-20220825,002,1795
1210.0275,1210.0642,68437,80825,Rhinolophus ferrumequinum,0.019,0.019,-1,Echolocation,/mnt/ubna_data_01_mir/recover-20220825/UBNA_002/20220823_033000.WAV,Telephone Field,recover-20220825,002,1795
1210.0495,1210.0851,68437,81518,Rhinolophus ferrumequinum,0.019,0.019,-1,Echolocation,/mnt/ubna_data_01_mir/recover-20220825/UBNA_002/20220823_033000.WAV,Telephone Field,recover-20220825,002,1795
1210.0625,1210.0964,68437,81251,Rhinolophus ferrumequinum,0.021,0.021,-1,Echolocation,/mnt/ubna_data_01_mir/recover-20220825/UBNA_002/20220823_033000.WAV,Telephone Field,recover-20220825,002,1795
1210.0735,1210.0805,28046,42216,Eptesicus serotinus,0.007,0.023,-1,Echolocation,/mnt/ubna_data_01_mir/recover-20220825/UBNA_002/20220823_033000.WAV,Telephone Field,recover-20220825,002,1795
1210.0885,1210.1287,68437,82516,Rhinolophus ferrumequinum,0.021,0.021,-1,Echolocation,/mnt/ubna_data_01_mir/recover-20220825/UBNA_002/20220823_033000.WAV,Telephone Field,recover-20220825,002,1795
1210.1325,1210.1401,25468,33992,Eptesicus serotinus,0.006,0.019,-1,Echolocation,/mnt/ubna_data_01_mir/recover-20220825/UBNA_002/20220823_033000.WAV,Telephone Field,recover-20220825,002,1795
1210.1325,1210.1722,68437,81989,Rhinolophus ferrumequinum,0.036,0.036,-1,Echolocation,/mnt/ubna_data_01_mir/recover-20220825/UBNA_002/20220823_033000.WAV,Telephone Field,recover-20220825,002,1795
1210.1405,1210.1479,23750,30829,Plecotus austriacus,0.007,0.02,-1,Echolocation,/mnt/ubna_data_01_mir/recover-20220825/UBNA_002/20220823_033000.WAV,Telephone Field,recover-20220825,002,1795
1210.1665,1210.2049,68437,81782,Rhinolophus ferrumequinum,0.024,0.024,-1,Echolocation,/mnt/ubna_data_01_mir/recover-20220825/UBNA_002/20220823_033000.WAV,Telephone Field,recover-20220825,002,1795
1210.1735,1210.1818,28906,41418,Eptesicus serotinus,0.007,0.02,-1,Echolocation,/mnt/ubna_data_01_mir/recover-20220825/UBNA_002/20220823_033000.WAV,Telephone Field,recover-20220825,002,1795
1210.1915,1210.2339,68437,82779,Rhinolophus ferrumequinum,0.026,0.026,-1,Echolocation,/mnt/ubna_data_01_mir/recover-20220825/UBNA_002/20220823_033000.WAV,Telephone Field,recover-20220825,002,1795
1210.2435,1210.2507,26328,39792,Eptesicus serotinus,0.005,0.019,-1,Echolocation,/mnt/ubna_data_01_mir/recover-20220825/UBNA_002/20220823_033000.WAV,Telephone Field,recover-20220825,002,1795
1210.2545,1210.2914,68437,81500,Rhinolophus ferrumequinum,0.023,0.023,-1,Echolocation,/mnt/ubna_data_01_mir/recover-20220825/UBNA_002/20220823_033000.WAV,Telephone Field,recover-20220825,002,1795
1210.2645,1210.275,22890,27852,Nyctalus leisleri,0.009,0.02,-1,Echolocation,/mnt/ubna_data_01_mir/recover-20220825/UBNA_002/20220823_033000.WAV,Telephone Field,recover-20220825,002,1795
1210.2815,1210.291,28906,37079,Eptesicus serotinus,0.007,0.019,-1,Echolocation,/mnt/ubna_data_01_mir/recover-20220825/UBNA_002/20220823_033000.WAV,Telephone Field,recover-20220825,002,1795
1210.2865,1210.3178,68437,80615,Rhinolophus ferrumequinum,0.021,0.021,-1,Echolocation,/mnt/ubna_data_01_mir/recover-20220825/UBNA_002/20220823_033000.WAV,Telephone Field,recover-20220825,002,1795
1210.2995,1210.3098,22890,28145,Nyctalus leisleri,0.01,0.025,-1,Echolocation,/mnt/ubna_data_01_mir/recover-20220825/UBNA_002/20220823_033000.WAV,Telephone Field,recover-20220825,002,1795
1210.3375,1210.3758,68437,81584,Rhinolophus ferrumequinum,0.023,0.023,-1,Echolocation,/mnt/ubna_data_01_mir/recover-20220825/UBNA_002/20220823_033000.WAV,Telephone Field,recover-20220825,002,1795
1210.3585,1210.3953,68437,81232,Rhinolophus ferrumequinum,0.022,0.023,-1,Echolocation,/mnt/ubna_data_01_mir/recover-20220825/UBNA_002/20220823_033000.WAV,Telephone Field,recover-20220825,002,1795
1210.3665,1210.376,28906,36980,Eptesicus serotinus,0.008,0.02,-1,Echolocation,/mnt/ubna_data_01_mir/recover-20220825/UBNA_002/20220823_033000.WAV,Telephone Field,recover-20220825,002,1795
1210.3825,1210.4187,68437,82458,Rhinolophus ferrumequinum,0.02,0.02,-1,Echolocation,/mnt/ubna_data_01_mir/recover-20220825/UBNA_002/20220823_033000.WAV,Telephone Field,recover-20220825,002,1795
1210.3895,1210.4275,68437,81571,Rhinolophus ferrumequinum,0.02,0.02,-1,Echolocation,/mnt/ubna_data_01_mir/recover-20220825/UBNA_002/20220823_033000.WAV,Telephone Field,recover-20220825,002,1795
1210.4025,1210.4399,68437,81228,Rhinolophus ferrumequinum,0.02,0.02,-1,Echolocation,/mnt/ubna_data_01_mir/recover-20220825/UBNA_002/20220823_033000.WAV,Telephone Field,recover-20220825,002,1795
1210.4325,1210.4413,28906,41392,Eptesicus serotinus,0.01,0.024,-1,Echolocation,/mnt/ubna_data_01_mir/recover-20220825/UBNA_002/20220823_033000.WAV,Telephone Field,recover-20220825,002,1795
1210.4465,1210.4866,68437,82724,Rhinolophus ferrumequinum,0.025,0.025,-1,Echolocation,/mnt/ubna_data_01_mir/recover-20220825/UBNA_002/20220823_033000.WAV,Telephone Field,recover-20220825,002,1795
1210.4505,1210.4582,28046,36591,Eptesicus serotinus,0.012,0.028,-1,Echolocation,/mnt/ubna_data_01_mir/recover-20220825/UBNA_002/20220823_033000.WAV,Telephone Field,recover-20220825,002,1795
1210.4585,1210.4667,28046,38487,Eptesicus serotinus,0.006,0.019,-1,Echolocation,/mnt/ubna_data_01_mir/recover-20220825/UBNA_002/20220823_033000.WAV,Telephone Field,recover-20220825,002,1795
1210.4785,1210.5164,68437,81646,Rhinolophus ferrumequinum,0.02,0.02,-1,Echolocation,/mnt/ubna_data_01_mir/recover-20220825/UBNA_002/20220823_033000.WAV,Telephone Field,recover-20220825,002,1795
1210.4885,1210.4987,28906,35586,Eptesicus serotinus,0.011,0.023,-1,Echolocation,/mnt/ubna_data_01_mir/recover-20220825/UBNA_002/20220823_033000.WAV,Telephone Field,recover-20220825,002,1795
1210.5045,1210.5139,15156,22304,Plecotus auritus,0.009,0.022,-1,Echolocation,/mnt/ubna_data_01_mir/recover-20220825/UBNA_002/20220823_033000.WAV,Telephone Field,recover-20220825,002,1795
1210.5215,1210.5327,22890,27197,Nyctalus leisleri,0.01,0.019,-1,Echolocation,/mnt/ubna_data_01_mir/recover-20220825/UBNA_002/20220823_033000.WAV,Telephone Field,recover-20220825,002,1795
1210.5245,1210.5598,68437,81405,Rhinolophus ferrumequinum,0.021,0.021,-1,Echolocation,/mnt/ubna_data_01_mir/recover-20220825/UBNA_002/20220823_033000.WAV,Telephone Field,recover-20220825,002,1795
1210.5295,1210.5663,68437,81171,Rhinolophus ferrumequinum,0.021,0.021,-1,Echolocation,/mnt/ubna_data_01_mir/recover-20220825/UBNA_002/20220823_033000.WAV,Telephone Field,recover-20220825,002,1795
1210.5355,1210.5426,28046,40027,Eptesicus serotinus,0.007,0.022,-1,Echolocation,/mnt/ubna_data_01_mir/recover-20220825/UBNA_002/20220823_033000.WAV,Telephone Field,recover-20220825,002,1795
1210.5475,1210.5576,55546,62956,Pipistrellus pygmaeus,0.018,0.022,-1,Echolocation,/mnt/ubna_data_01_mir/recover-20220825/UBNA_002/20220823_033000.WAV,Telephone Field,recover-20220825,002,1795
1210.5635,1210.6003,68437,81307,Rhinolophus ferrumequinum,0.019,0.019,-1,Echolocation,/mnt/ubna_data_01_mir/recover-20220825/UBNA_002/20220823_033000.WAV,Telephone Field,recover-20220825,002,1795
1210.5675,1210.5786,25468,31841,Eptesicus serotinus,0.01,0.023,-1,Echolocation,/mnt/ubna_data_01_mir/recover-20220825/UBNA_002/20220823_033000.WAV,Telephone Field,recover-20220825,002,1795
1210.5945,1210.6017,26328,35234,Eptesicus serotinus,0.006,0.02,-1,Echolocation,/mnt/ubna_data_01_mir/recover-20220825/UBNA_002/20220823_033000.WAV,Telephone Field,recover-20220825,002,1795
1210.6185,1210.6572,68437,82208,Rhinolophus ferrumequinum,0.021,0.021,-1,Echolocation,/mnt/ubna_data_01_mir/recover-20220825/UBNA_002/20220823_033000.WAV,Telephone Field,recover-20220825,002,1795
1210.6415,1210.6494,24609,32429,Eptesicus serotinus,0.005,0.019,-1,Echolocation,/mnt/ubna_data_01_mir/recover-20220825/UBNA_002/20220823_033000.WAV,Telephone Field,recover-20220825,002,1795
1210.6435,1210.6833,68437,82972,Rhinolophus ferrumequinum,0.025,0.025,-1,Echolocation,/mnt/ubna_data_01_mir/recover-20220825/UBNA_002/20220823_033000.WAV,Telephone Field,recover-20220825,002,1795
1210.6815,1210.7204,68437,82924,Rhinolophus ferrumequinum,0.03,0.03,-1,Echolocation,/mnt/ubna_data_01_mir/recover-20220825/UBNA_002/20220823_033000.WAV,Telephone Field,recover-20220825,002,1795
1210.6935,1210.7032,25468,32082,Eptesicus serotinus,0.009,0.023,-1,Echolocation,/mnt/ubna_data_01_mir/recover-20220825/UBNA_002/20220823_033000.WAV,Telephone Field,recover-20220825,002,1795
1210.6935,1210.7298,68437,81699,Rhinolophus ferrumequinum,0.02,0.02,-1,Echolocation,/mnt/ubna_data_01_mir/recover-20220825/UBNA_002/20220823_033000.WAV,Telephone Field,recover-20220825,002,1795
1210.7305,1210.7372,28046,42245,Eptesicus serotinus,0.006,0.024,-1,Echolocation,/mnt/ubna_data_01_mir/recover-20220825/UBNA_002/20220823_033000.WAV,Telephone Field,recover-20220825,002,1795
1210.7355,1210.7742,68437,82434,Rhinolophus ferrumequinum,0.024,0.024,-1,Echolocation,/mnt/ubna_data_01_mir/recover-20220825/UBNA_002/20220823_033000.WAV,Telephone Field,recover-20220825,002,1795
1210.7605,1210.7747,24609,30479,Eptesicus serotinus,0.011,0.025,-1,Echolocation,/mnt/ubna_data_01_mir/recover-20220825/UBNA_002/20220823_033000.WAV,Telephone Field,recover-20220825,002,1795
1210.7815,1210.7911,28046,36019,Eptesicus serotinus,0.01,0.022,-1,Echolocation,/mnt/ubna_data_01_mir/recover-20220825/UBNA_002/20220823_033000.WAV,Telephone Field,recover-20220825,002,1795
1210.7875,1210.7957,28906,37564,Eptesicus serotinus,0.008,0.023,-1,Echolocation,/mnt/ubna_data_01_mir/recover-20220825/UBNA_002/20220823_033000.WAV,Telephone Field,recover-20220825,002,1795
1210.8265,1210.8688,68437,82548,Rhinolophus ferrumequinum,0.024,0.024,-1,Echolocation,/mnt/ubna_data_01_mir/recover-20220825/UBNA_002/20220823_033000.WAV,Telephone Field,recover-20220825,002,1795
1210.8605,1210.8681,26328,35235,Eptesicus serotinus,0.007,0.019,-1,Echolocation,/mnt/ubna_data_01_mir/recover-20220825/UBNA_002/20220823_033000.WAV,Telephone Field,recover-20220825,002,1795
1210.8625,1210.9023,68437,82362,Rhinolophus ferrumequinum,0.033,0.033,-1,Echolocation,/mnt/ubna_data_01_mir/recover-20220825/UBNA_002/20220823_033000.WAV,Telephone Field,recover-20220825,002,1795
1210.8915,1210.9322,68437,82632,Rhinolophus ferrumequinum,0.024,0.024,-1,Echolocation,/mnt/ubna_data_01_mir/recover-20220825/UBNA_002/20220823_033000.WAV,Telephone Field,recover-20220825,002,1795
1210.9225,1210.9635,68437,82839,Rhinolophus ferrumequinum,0.027,0.027,-1,Echolocation,/mnt/ubna_data_01_mir/recover-20220825/UBNA_002/20220823_033000.WAV,Telephone Field,recover-20220825,002,1795
1210.9305,1210.941,22890,27932,Nyctalus leisleri,0.012,0.024,-1,Echolocation,/mnt/ubna_data_01_mir/recover-20220825/UBNA_002/20220823_033000.WAV,Telephone Field,recover-20220825,002,1795
1210.9445,1210.9828,68437,81136,Rhinolophus ferrumequinum,0.02,0.02,-1,Echolocation,/mnt/ubna_data_01_mir/recover-20220825/UBNA_002/20220823_033000.WAV,Telephone Field,recover-20220825,002,1795
1210.9775,1210.984,24609,35986,Plecotus austriacus,0.013,0.032,-1,Echolocation,/mnt/ubna_data_01_mir/recover-20220825/UBNA_002/20220823_033000.WAV,Telephone Field,recover-20220825,002,1795
1210.9825,1211.0199,68437,81869,Rhinolophus ferrumequinum,0.02,0.02,-1,Echolocation,/mnt/ubna_data_01_mir/recover-20220825/UBNA_002/20220823_033000.WAV,Telephone Field,recover-20220825,002,1795
1211.0135,1211.0495,68437,81810,Rhinolophus ferrumequinum,0.02,0.02,-1,Echolocation,/mnt/ubna_data_01_mir/recover-20220825/UBNA_002/20220823_033000.WAV,Telephone Field,recover-20220825,002,1795
1211.0145,1211.021,27187,36719,Eptesicus serotinus,0.006,0.024,-1,Echolocation,/mnt/ubna_data_01_mir/recover-20220825/UBNA_002/20220823_033000.WAV,Telephone Field,recover-20220825,002,1795
1211.0205,1211.0577,68437,81724,Rhinolophus ferrumequinum,0.02,0.02,-1,Echolocation,/mnt/ubna_data_01_mir/recover-20220825/UBNA_002/20220823_033000.WAV,Telephone Field,recover-20220825,002,1795
1211.0335,1211.0419,22890,31151,Plecotus austriacus,0.014,0.033,-1,Echolocation,/mnt/ubna_data_01_mir/recover-20220825/UBNA_002/20220823_033000.WAV,Telephone Field,recover-20220825,002,1795
1211.0625,1211.1022,68437,82624,Rhinolophus ferrumequinum,0.021,0.021,-1,Echolocation,/mnt/ubna_data_01_mir/recover-20220825/UBNA_002/20220823_033000.WAV,Telephone Field,recover-20220825,002,1795
1211.0715,1211.081,24609,31560,Eptesicus serotinus,0.007,0.021,-1,Echolocation,/mnt/ubna_data_01_mir/recover-20220825/UBNA_002/20220823_033000.WAV,Telephone Field,recover-20220825,002,1795
1211.0805,1211.0891,25468,33900,Eptesicus serotinus,0.006,0.019,-1,Echolocation,/mnt/ubna_data_01_mir/recover-20220825/UBNA_002/20220823_033000.WAV,Telephone Field,recover-20220825,002,1795
1211.1065,1211.1181,23750,30005,Nyctalus leisleri,0.01,0.027,-1,Echolocation,/mnt/ubna_data_01_mir/recover-20220825/UBNA_002/20220823_033000.WAV,Telephone Field,recover-20220825,002,1795
1211.1265,1211.1343,27187,41248,Eptesicus serotinus,0.007,0.021,-1,Echolocation,/mnt/ubna_data_01_mir/recover-20220825/UBNA_002/20220823_033000.WAV,Telephone Field,recover-20220825,002,1795
1211.1265,1211.1344,33203,45624,Myotis daubentonii,0.008,0.023,-1,Echolocation,/mnt/ubna_data_01_mir/recover-20220825/UBNA_002/20220823_033000.WAV,Telephone Field,recover-20220825,002,1795
1211.1285,1211.1639,68437,81780,Rhinolophus ferrumequinum,0.019,0.019,-1,Echolocation,/mnt/ubna_data_01_mir/recover-20220825/UBNA_002/20220823_033000.WAV,Telephone Field,recover-20220825,002,1795
1211.1485,1211.1868,68437,82024,Rhinolophus ferrumequinum,0.02,0.02,-1,Echolocation,/mnt/ubna_data_01_mir/recover-20220825/UBNA_002/20220823_033000.WAV,Telephone Field,recover-20220825,002,1795
1211.1575,1211.1644000000001,26328,39630,Eptesicus serotinus,0.006,0.02,-1,Echolocation,/mnt/ubna_data_01_mir/recover-20220825/UBNA_002/20220823_033000.WAV,Telephone Field,recover-20220825,002,1795
1211.1845,1211.1973,23750,28939,Nyctalus leisleri,0.011,0.024,-1,Echolocation,/mnt/ubna_data_01_mir/recover-20220825/UBNA_002/20220823_033000.WAV,Telephone Field,recover-20220825,002,1795
1211.2285,1211.2358,24609,33670,Plecotus auritus,0.008,0.027,-1,Echolocation,/mnt/ubna_data_01_mir/recover-20220825/UBNA_002/20220823_033000.WAV,Telephone Field,recover-20220825,002,1795
1211.2315,1211.2719,68437,83184,Rhinolophus ferrumequinum,0.027,0.027,-1,Echolocation,/mnt/ubna_data_01_mir/recover-20220825/UBNA_002/20220823_033000.WAV,Telephone Field,recover-20220825,002,1795
1211.2425,1211.2535,26328,32157,Eptesicus serotinus,0.178,0.325,-1,Echolocation,/mnt/ubna_data_01_mir/recover-20220825/UBNA_002/20220823_033000.WAV,Telephone Field,recover-20220825,002,1795
1211.2775,1211.318,68437,82591,Rhinolophus ferrumequinum,0.021,0.021,-1,Echolocation,/mnt/ubna_data_01_mir/recover-20220825/UBNA_002/20220823_033000.WAV,Telephone Field,recover-20220825,002,1795
1211.2995,1211.3336,68437,81215,Rhinolophus ferrumequinum,0.019,0.02,-1,Echolocation,/mnt/ubna_data_01_mir/recover-20220825/UBNA_002/20220823_033000.WAV,Telephone Field,recover-20220825,002,1795
1211.3085,1211.3186,24609,30676,Nyctalus leisleri,0.009,0.024,-1,Echolocation,/mnt/ubna_data_01_mir/recover-20220825/UBNA_002/20220823_033000.WAV,Telephone Field,recover-20220825,002,1795
1211.3235,1211.3616,68437,82338,Rhinolophus ferrumequinum,0.02,0.02,-1,Echolocation,/mnt/ubna_data_01_mir/recover-20220825/UBNA_002/20220823_033000.WAV,Telephone Field,recover-20220825,002,1795
1211.3575,1211.3952,68437,82190,Rhinolophus ferrumequinum,0.02,0.02,-1,Echolocation,/mnt/ubna_data_01_mir/recover-20220825/UBNA_002/20220823_033000.WAV,Telephone Field,recover-20220825,002,1795
1211.4035,1211.4122,34062,41816,Myotis daubentonii,0.006,0.019,-1,Echolocation,/mnt/ubna_data_01_mir/recover-20220825/UBNA_002/20220823_033000.WAV,Telephone Field,recover-20220825,002,1795
1211.4045,1211.4117,23750,33575,Plecotus austriacus,0.011,0.026,-1,Echolocation,/mnt/ubna_data_01_mir/recover-20220825/UBNA_002/20220823_033000.WAV,Telephone Field,recover-20220825,002,1795
1211.4155,1211.4288,22031,25863,Nyctalus leisleri,0.012,0.021,-1,Echolocation,/mnt/ubna_data_01_mir/recover-20220825/UBNA_002/20220823_033000.WAV,Telephone Field,recover-20220825,002,1795
1211.4335,1211.446,24609,32391,Eptesicus serotinus,0.297,0.524,-1,Echolocation,/mnt/ubna_data_01_mir/recover-20220825/UBNA_002/20220823_033000.WAV,Telephone Field,recover-20220825,002,1795
1211.4375,1211.4766,68437,82318,Rhinolophus ferrumequinum,0.022,0.022,-1,Echolocation,/mnt/ubna_data_01_mir/recover-20220825/UBNA_002/20220823_033000.WAV,Telephone Field,recover-20220825,002,1795
1211.4595,1211.4962,68437,82133,Rhinolophus ferrumequinum,0.021,0.022,-1,Echolocation,/mnt/ubna_data_01_mir/recover-20220825/UBNA_002/20220823_033000.WAV,Telephone Field,recover-20220825,002,1795
1211.4715,1211.5104,68437,82175,Rhinolophus ferrumequinum,0.021,0.021,-1,Echolocation,/mnt/ubna_data_01_mir/recover-20220825/UBNA_002/20220823_033000.WAV,Telephone Field,recover-20220825,002,1795
1211.4905,1211.5005,28906,35855,Eptesicus serotinus,0.011,0.022,-1,Echolocation,/mnt/ubna_data_01_mir/recover-20220825/UBNA_002/20220823_033000.WAV,Telephone Field,recover-20220825,002,1795
1211.5515,1211.5625,28906,35780,Eptesicus serotinus,0.023,0.038,-1,Echolocation,/mnt/ubna_data_01_mir/recover-20220825/UBNA_002/20220823_033000.WAV,Telephone Field,recover-20220825,002,1795
1211.5855,1211.5961,22890,28248,Nyctalus leisleri,0.01,0.024,-1,Echolocation,/mnt/ubna_data_01_mir/recover-20220825/UBNA_002/20220823_033000.WAV,Telephone Field,recover-20220825,002,1795
1211.6015,1211.6349,68437,80583,Rhinolophus ferrumequinum,0.02,0.02,-1,Echolocation,/mnt/ubna_data_01_mir/recover-20220825/UBNA_002/20220823_033000.WAV,Telephone Field,recover-20220825,002,1795
1211.6205,1211.6308,22890,28431,Nyctalus leisleri,0.008,0.019,-1,Echolocation,/mnt/ubna_data_01_mir/recover-20220825/UBNA_002/20220823_033000.WAV,Telephone Field,recover-20220825,002,1795
1211.6215,1211.6607,68437,82452,Rhinolophus ferrumequinum,0.027,0.027,-1,Echolocation,/mnt/ubna_data_01_mir/recover-20220825/UBNA_002/20220823_033000.WAV,Telephone Field,recover-20220825,002,1795
1211.6595,1211.6993,68437,81864,Rhinolophus ferrumequinum,0.02,0.02,-1,Echolocation,/mnt/ubna_data_01_mir/recover-20220825/UBNA_002/20220823_033000.WAV,Telephone Field,recover-20220825,002,1795
1211.6845,1211.692,28906,38043,Eptesicus serotinus,0.008,0.025,-1,Echolocation,/mnt/ubna_data_01_mir/recover-20220825/UBNA_002/20220823_033000.WAV,Telephone Field,recover-20220825,002,1795
1211.6975,1211.7334,68437,82305,Rhinolophus ferrumequinum,0.019,0.019,-1,Echolocation,/mnt/ubna_data_01_mir/recover-20220825/UBNA_002/20220823_033000.WAV,Telephone Field,recover-20220825,002,1795
1211.6985,1211.7064,26328,38378,Eptesicus serotinus,0.007,0.02,-1,Echolocation,/mnt/ubna_data_01_mir/recover-20220825/UBNA_002/20220823_033000.WAV,Telephone Field,recover-20220825,002,1795
1211.7305,1211.7677,68437,81556,Rhinolophus ferrumequinum,0.019,0.019,-1,Echolocation,/mnt/ubna_data_01_mir/recover-20220825/UBNA_002/20220823_033000.WAV,Telephone Field,recover-20220825,002,1795
1211.7385,1211.7492,22890,27745,Nyctalus leisleri,0.009,0.019,-1,Echolocation,/mnt/ubna_data_01_mir/recover-20220825/UBNA_002/20220823_033000.WAV,Telephone Field,recover-20220825,002,1795
1211.7495,1211.7713,19453,22006,Nyctalus leisleri,0.016,0.031,-1,Echolocation,/mnt/ubna_data_01_mir/recover-20220825/UBNA_002/20220823_033000.WAV,Telephone Field,recover-20220825,002,1795
1211.7515,1211.7941,68437,83138,Rhinolophus ferrumequinum,0.042,0.042,-1,Echolocation,/mnt/ubna_data_01_mir/recover-20220825/UBNA_002/20220823_033000.WAV,Telephone Field,recover-20220825,002,1795
1211.7815,1211.8214,68437,82179,Rhinolophus ferrumequinum,0.021,0.021,-1,Echolocation,/mnt/ubna_data_01_mir/recover-20220825/UBNA_002/20220823_033000.WAV,Telephone Field,recover-20220825,002,1795
1211.7885,1211.7971,24609,32135,Eptesicus serotinus,0.005,0.019,-1,Echolocation,/mnt/ubna_data_01_mir/recover-20220825/UBNA_002/20220823_033000.WAV,Telephone Field,recover-20220825,002,1795
1211.8315,1211.8388,27187,37778,Eptesicus serotinus,0.008,0.024,-1,Echolocation,/mnt/ubna_data_01_mir/recover-20220825/UBNA_002/20220823_033000.WAV,Telephone Field,recover-20220825,002,1795
1211.8435,1211.8812,68437,81516,Rhinolophus ferrumequinum,0.024,0.024,-1,Echolocation,/mnt/ubna_data_01_mir/recover-20220825/UBNA_002/20220823_033000.WAV,Telephone Field,recover-20220825,002,1795
1211.8515,1211.888,68437,81673,Rhinolophus ferrumequinum,0.021,0.021,-1,Echolocation,/mnt/ubna_data_01_mir/recover-20220825/UBNA_002/20220823_033000.WAV,Telephone Field,recover-20220825,002,1795
1211.8765,1211.9159,68437,82441,Rhinolophus ferrumequinum,0.022,0.022,-1,Echolocation,/mnt/ubna_data_01_mir/recover-20220825/UBNA_002/20220823_033000.WAV,Telephone Field,recover-20220825,002,1795
1211.8965,1211.9151,20312,23434,Nyctalus leisleri,0.019,0.034,-1,Echolocation,/mnt/ubna_data_01_mir/recover-20220825/UBNA_002/20220823_033000.WAV,Telephone Field,recover-20220825,002,1795
1211.8975,1211.9337,68437,82039,Rhinolophus ferrumequinum,0.024,0.024,-1,Echolocation,/mnt/ubna_data_01_mir/recover-20220825/UBNA_002/20220823_033000.WAV,Telephone Field,recover-20220825,002,1795
1211.8985,1211.9054,27187,39986,Eptesicus serotinus,0.006,0.02,-1,Echolocation,/mnt/ubna_data_01_mir/recover-20220825/UBNA_002/20220823_033000.WAV,Telephone Field,recover-20220825,002,1795
1211.9065,1211.9149,27187,36456,Eptesicus serotinus,0.008,0.019,-1,Echolocation,/mnt/ubna_data_01_mir/recover-20220825/UBNA_002/20220823_033000.WAV,Telephone Field,recover-20220825,002,1795
1211.9595,1211.9965,68437,81680,Rhinolophus ferrumequinum,0.023,0.023,-1,Echolocation,/mnt/ubna_data_01_mir/recover-20220825/UBNA_002/20220823_033000.WAV,Telephone Field,recover-20220825,002,1795
1211.9645,1211.9772,45234,48050,Pipistrellus pipistrellus,0.044,0.05,-1,Echolocation,/mnt/ubna_data_01_mir/recover-20220825/UBNA_002/20220823_033000.WAV,Telephone Field,recover-20220825,002,1795
1211.9845,1211.9927,28046,40667,Eptesicus serotinus,0.007,0.02,-1,Echolocation,/mnt/ubna_data_01_mir/recover-20220825/UBNA_002/20220823_033000.WAV,Telephone Field,recover-20220825,002,1795
1211.9895,1211.9992,26328,35352,Eptesicus serotinus,0.008,0.019,-1,Echolocation,/mnt/ubna_data_01_mir/recover-20220825/UBNA_002/20220823_033000.WAV,Telephone Field,recover-20220825,002,1795
1212.0015,1212.0329,69296,82435,Rhinolophus ferrumequinum,0.043,0.043,-1,Echolocation,/mnt/ubna_data_01_mir/recover-20220825/UBNA_002/20220823_033000.WAV,Telephone Field,recover-20220825,002,1795
1212.0015,1212.0104,23750,30839,Nyctalus leisleri,0.011,0.031,-1,Echolocation,/mnt/ubna_data_01_mir/recover-20220825/UBNA_002/20220823_033000.WAV,Telephone Field,recover-20220825,002,1795
1212.0085,1212.0474,68437,80700,Rhinolophus ferrumequinum,0.021,0.021,-1,Echolocation,/mnt/ubna_data_01_mir/recover-20220825/UBNA_002/20220823_033000.WAV,Telephone Field,recover-20220825,002,1795
1212.0225,1212.0334,24609,31110,Nyctalus leisleri,0.029,0.082,-1,Echolocation,/mnt/ubna_data_01_mir/recover-20220825/UBNA_002/20220823_033000.WAV,Telephone Field,recover-20220825,002,1795
1212.0235,1212.0625,68437,81920,Rhinolophus ferrumequinum,0.022,0.022,-1,Echolocation,/mnt/ubna_data_01_mir/recover-20220825/UBNA_002/20220823_033000.WAV,Telephone Field,recover-20220825,002,1795
1212.1035,1212.1141,28046,35949,Eptesicus serotinus,0.01,0.021,-1,Echolocation,/mnt/ubna_data_01_mir/recover-20220825/UBNA_002/20220823_033000.WAV,Telephone Field,recover-20220825,002,1795
1212.1245,1212.1614,68437,81164,Rhinolophus ferrumequinum,0.021,0.022,-1,Echolocation,/mnt/ubna_data_01_mir/recover-20220825/UBNA_002/20220823_033000.WAV,Telephone Field,recover-20220825,002,1795
1212.1675,1212.2105,68437,82620,Rhinolophus ferrumequinum,0.024,0.024,-1,Echolocation,/mnt/ubna_data_01_mir/recover-20220825/UBNA_002/20220823_033000.WAV,Telephone Field,recover-20220825,002,1795
1212.1755,1212.2146,68437,83070,Rhinolophus ferrumequinum,0.025,0.025,-1,Echolocation,/mnt/ubna_data_01_mir/recover-20220825/UBNA_002/20220823_033000.WAV,Telephone Field,recover-20220825,002,1795
1212.1865,1212.1948,23750,31992,Plecotus austriacus,0.006,0.021,-1,Echolocation,/mnt/ubna_data_01_mir/recover-20220825/UBNA_002/20220823_033000.WAV,Telephone Field,recover-20220825,002,1795
1212.2265,1212.2654,68437,81912,Rhinolophus ferrumequinum,0.023,0.023,-1,Echolocation,/mnt/ubna_data_01_mir/recover-20220825/UBNA_002/20220823_033000.WAV,Telephone Field,recover-20220825,002,1795
1212.2275,1212.237,22890,28799,Nyctalus leisleri,0.008,0.021,-1,Echolocation,/mnt/ubna_data_01_mir/recover-20220825/UBNA_002/20220823_033000.WAV,Telephone Field,recover-20220825,002,1795
1212.2515,1212.2589,27187,40614,Eptesicus serotinus,0.006,0.021,-1,Echolocation,/mnt/ubna_data_01_mir/recover-20220825/UBNA_002/20220823_033000.WAV,Telephone Field,recover-20220825,002,1795
1212.2525,1212.2623,22031,27042,Nyctalus leisleri,0.008,0.021,-1,Echolocation,/mnt/ubna_data_01_mir/recover-20220825/UBNA_002/20220823_033000.WAV,Telephone Field,recover-20220825,002,1795
1212.2715,1212.2774,26328,37581,Plecotus austriacus,0.006,0.026,-1,Echolocation,/mnt/ubna_data_01_mir/recover-20220825/UBNA_002/20220823_033000.WAV,Telephone Field,recover-20220825,002,1795
1212.2825,1212.3232,68437,82004,Rhinolophus ferrumequinum,0.023,0.023,-1,Echolocation,/mnt/ubna_data_01_mir/recover-20220825/UBNA_002/20220823_033000.WAV,Telephone Field,recover-20220825,002,1795
1212.4045,1212.4122,28046,37231,Eptesicus serotinus,0.014,0.035,-1,Echolocation,/mnt/ubna_data_01_mir/recover-20220825/UBNA_002/20220823_033000.WAV,Telephone Field,recover-20220825,002,1795
1212.4295,1212.4406,28906,35599,Eptesicus serotinus,0.01,0.022,-1,Echolocation,/mnt/ubna_data_01_mir/recover-20220825/UBNA_002/20220823_033000.WAV,Telephone Field,recover-20220825,002,1795
1212.4445,1212.4526,46093,50489,Pipistrellus pipistrellus,0.023,0.024,-1,Echolocation,/mnt/ubna_data_01_mir/recover-20220825/UBNA_002/20220823_033000.WAV,Telephone Field,recover-20220825,002,1795
1212.4555,1212.4971,68437,82798,Rhinolophus ferrumequinum,0.027,0.027,-1,Echolocation,/mnt/ubna_data_01_mir/recover-20220825/UBNA_002/20220823_033000.WAV,Telephone Field,recover-20220825,002,1795
1212.4555,1212.4649,28906,37139,Eptesicus serotinus,0.009,0.022,-1,Echolocation,/mnt/ubna_data_01_mir/recover-20220825/UBNA_002/20220823_033000.WAV,Telephone Field,recover-20220825,002,1795
1212.4585,1212.467,22890,30467,Plecotus austriacus,0.01,0.024,-1,Echolocation,/mnt/ubna_data_01_mir/recover-20220825/UBNA_002/20220823_033000.WAV,Telephone Field,recover-20220825,002,1795
1212.4825,1212.515,68437,81763,Rhinolophus ferrumequinum,0.024,0.024,-1,Echolocation,/mnt/ubna_data_01_mir/recover-20220825/UBNA_002/20220823_033000.WAV,Telephone Field,recover-20220825,002,1795
1212.4865,1212.4941,26328,35691,Eptesicus serotinus,0.007,0.021,-1,Echolocation,/mnt/ubna_data_01_mir/recover-20220825/UBNA_002/20220823_033000.WAV,Telephone Field,recover-20220825,002,1795
1212.5095,1212.5198,23750,29823,Nyctalus leisleri,0.008,0.021,-1,Echolocation,/mnt/ubna_data_01_mir/recover-20220825/UBNA_002/20220823_033000.WAV,Telephone Field,recover-20220825,002,1795
1212.5565,1212.5964,68437,82895,Rhinolophus ferrumequinum,0.023,0.023,-1,Echolocation,/mnt/ubna_data_01_mir/recover-20220825/UBNA_002/20220823_033000.WAV,Telephone Field,recover-20220825,002,1795
1212.5595,1212.5703,23750,29754,Nyctalus leisleri,0.008,0.023,-1,Echolocation,/mnt/ubna_data_01_mir/recover-20220825/UBNA_002/20220823_033000.WAV,Telephone Field,recover-20220825,002,1795
1212.5675,1212.6073,68437,82319,Rhinolophus ferrumequinum,0.021,0.021,-1,Echolocation,/mnt/ubna_data_01_mir/recover-20220825/UBNA_002/20220823_033000.WAV,Telephone Field,recover-20220825,002,1795
1212.5685,1212.5744,27187,39260,Plecotus auritus,0.026,0.073,-1,Echolocation,/mnt/ubna_data_01_mir/recover-20220825/UBNA_002/20220823_033000.WAV,Telephone Field,recover-20220825,002,1795
1212.5915,1212.6279,68437,81439,Rhinolophus ferrumequinum,0.021,0.021,-1,Echolocation,/mnt/ubna_data_01_mir/recover-20220825/UBNA_002/20220823_033000.WAV,Telephone Field,recover-20220825,002,1795
1212.5965,1212.6028,28046,39637,Eptesicus serotinus,0.008,0.031,-1,Echolocation,/mnt/ubna_data_01_mir/recover-20220825/UBNA_002/20220823_033000.WAV,Telephone Field,recover-20220825,002,1795
1212.6155,1212.6538,68437,82151,Rhinolophus ferrumequinum,0.021,0.021,-1,Echolocation,/mnt/ubna_data_01_mir/recover-20220825/UBNA_002/20220823_033000.WAV,Telephone Field,recover-20220825,002,1795
1212.6365,1212.6465,23750,29725,Nyctalus leisleri,0.008,0.021,-1,Echolocation,/mnt/ubna_data_01_mir/recover-20220825/UBNA_002/20220823_033000.WAV,Telephone Field,recover-20220825,002,1795
1212.6875,1212.7272,68437,82378,Rhinolophus ferrumequinum,0.024,0.024,-1,Echolocation,/mnt/ubna_data_01_mir/recover-20220825/UBNA_002/20220823_033000.WAV,Telephone Field,recover-20220825,002,1795
1212.7025,1212.7166,22890,27559,Nyctalus leisleri,0.054,0.107,-1,Echolocation,/mnt/ubna_data_01_mir/recover-20220825/UBNA_002/20220823_033000.WAV,Telephone Field,recover-20220825,002,1795
1212.7455,1212.7532,25468,33894,Eptesicus serotinus,0.006,0.022,-1,Echolocation,/mnt/ubna_data_01_mir/recover-20220825/UBNA_002/20220823_033000.WAV,Telephone Field,recover-20220825,002,1795
1212.7625,1212.8018,68437,82303,Rhinolophus ferrumequinum,0.024,0.024,-1,Echolocation,/mnt/ubna_data_01_mir/recover-20220825/UBNA_002/20220823_033000.WAV,Telephone Field,recover-20220825,002,1795
1212.7665,1212.7749,26328,35389,Eptesicus serotinus,0.009,0.022,-1,Echolocation,/mnt/ubna_data_01_mir/recover-20220825/UBNA_002/20220823_033000.WAV,Telephone Field,recover-20220825,002,1795
1212.7825,1212.8177,68437,81944,Rhinolophus ferrumequinum,0.021,0.021,-1,Echolocation,/mnt/ubna_data_01_mir/recover-20220825/UBNA_002/20220823_033000.WAV,Telephone Field,recover-20220825,002,1795
1212.7925,1212.798,48671,53786,Pipistrellus pipistrellus,0.02,0.022,-1,Echolocation,/mnt/ubna_data_01_mir/recover-20220825/UBNA_002/20220823_033000.WAV,Telephone Field,recover-20220825,002,1795
1212.7975,1212.8085,23750,30344,Nyctalus leisleri,0.009,0.027,-1,Echolocation,/mnt/ubna_data_01_mir/recover-20220825/UBNA_002/20220823_033000.WAV,Telephone Field,recover-20220825,002,1795
1212.8315,1212.8721,68437,82280,Rhinolophus ferrumequinum,0.025,0.025,-1,Echolocation,/mnt/ubna_data_01_mir/recover-20220825/UBNA_002/20220823_033000.WAV,Telephone Field,recover-20220825,002,1795
1212.8665,1212.9049,68437,81940,Rhinolophus ferrumequinum,0.025,0.025,-1,Echolocation,/mnt/ubna_data_01_mir/recover-20220825/UBNA_002/20220823_033000.WAV,Telephone Field,recover-20220825,002,1795
1212.9075,1212.9432,68437,81541,Rhinolophus ferrumequinum,0.023,0.023,-1,Echolocation,/mnt/ubna_data_01_mir/recover-20220825/UBNA_002/20220823_033000.WAV,Telephone Field,recover-20220825,002,1795
1212.9215,1212.9324,26328,31650,Eptesicus serotinus,0.055,0.101,-1,Echolocation,/mnt/ubna_data_01_mir/recover-20220825/UBNA_002/20220823_033000.WAV,Telephone Field,recover-20220825,002,1795
1212.9415,1212.9487,24609,33972,Plecotus austriacus,0.01,0.024,-1,Echolocation,/mnt/ubna_data_01_mir/recover-20220825/UBNA_002/20220823_033000.WAV,Telephone Field,recover-20220825,002,1795
1212.9435,1212.9848,68437,82927,Rhinolophus ferrumequinum,0.031,0.031,-1,Echolocation,/mnt/ubna_data_01_mir/recover-20220825/UBNA_002/20220823_033000.WAV,Telephone Field,recover-20220825,002,1795
1212.9675,1212.9785,28906,36998,Eptesicus serotinus,0.016,0.029,-1,Echolocation,/mnt/ubna_data_01_mir/recover-20220825/UBNA_002/20220823_033000.WAV,Telephone Field,recover-20220825,002,1795
1212.9915,1213.0276,68437,81756,Rhinolophus ferrumequinum,0.021,0.021,-1,Echolocation,/mnt/ubna_data_01_mir/recover-20220825/UBNA_002/20220823_033000.WAV,Telephone Field,recover-20220825,002,1795
1213.0055,1213.0146,23750,30652,Nyctalus leisleri,0.008,0.026,-1,Echolocation,/mnt/ubna_data_01_mir/recover-20220825/UBNA_002/20220823_033000.WAV,Telephone Field,recover-20220825,002,1795
1213.0085,1213.0494,68437,82168,Rhinolophus ferrumequinum,0.021,0.021,-1,Echolocation,/mnt/ubna_data_01_mir/recover-20220825/UBNA_002/20220823_033000.WAV,Telephone Field,recover-20220825,002,1795
1213.0275,1213.0351,24609,33927,Plecotus austriacus,0.006,0.021,-1,Echolocation,/mnt/ubna_data_01_mir/recover-20220825/UBNA_002/20220823_033000.WAV,Telephone Field,recover-20220825,002,1795
1213.0445,1213.0595,28046,34116,Eptesicus serotinus,0.026,0.041,-1,Echolocation,/mnt/ubna_data_01_mir/recover-20220825/UBNA_002/20220823_033000.WAV,Telephone Field,recover-20220825,002,1795
1213.0635,1213.0721,24609,32348,Plecotus austriacus,0.006,0.022,-1,Echolocation,/mnt/ubna_data_01_mir/recover-20220825/UBNA_002/20220823_033000.WAV,Telephone Field,recover-20220825,002,1795
1213.1525,1213.1926,68437,81720,Rhinolophus ferrumequinum,0.024,0.024,-1,Echolocation,/mnt/ubna_data_01_mir/recover-20220825/UBNA_002/20220823_033000.WAV,Telephone Field,recover-20220825,002,1795
1213.1815,1213.1934,34062,39939,Eptesicus serotinus,0.01,0.034,-1,Echolocation,/mnt/ubna_data_01_mir/recover-20220825/UBNA_002/20220823_033000.WAV,Telephone Field,recover-20220825,002,1795
1213.2065,1213.2443,68437,81919,Rhinolophus ferrumequinum,0.02,0.021,-1,Echolocation,/mnt/ubna_data_01_mir/recover-20220825/UBNA_002/20220823_033000.WAV,Telephone Field,recover-20220825,002,1795
1213.2495,1213.287,68437,81818,Rhinolophus ferrumequinum,0.023,0.023,-1,Echolocation,/mnt/ubna_data_01_mir/recover-20220825/UBNA_002/20220823_033000.WAV,Telephone Field,recover-20220825,002,1795
1213.2525,1213.262,26328,34243,Eptesicus serotinus,0.01,0.023,-1,Echolocation,/mnt/ubna_data_01_mir/recover-20220825/UBNA_002/20220823_033000.WAV,Telephone Field,recover-20220825,002,1795
1213.2685,1213.3054,68437,81573,Rhinolophus ferrumequinum,0.02,0.02,-1,Echolocation,/mnt/ubna_data_01_mir/recover-20220825/UBNA_002/20220823_033000.WAV,Telephone Field,recover-20220825,002,1795
1213.2765,1213.2872,23750,28958,Nyctalus leisleri,0.009,0.02,-1,Echolocation,/mnt/ubna_data_01_mir/recover-20220825/UBNA_002/20220823_033000.WAV,Telephone Field,recover-20220825,002,1795
1213.2955,1213.3373,68437,83213,Rhinolophus ferrumequinum,0.043,0.043,-1,Echolocation,/mnt/ubna_data_01_mir/recover-20220825/UBNA_002/20220823_033000.WAV,Telephone Field,recover-20220825,002,1795
1213.3105,1213.3241,27187,31716,Eptesicus serotinus,0.033,0.069,-1,Echolocation,/mnt/ubna_data_01_mir/recover-20220825/UBNA_002/20220823_033000.WAV,Telephone Field,recover-20220825,002,1795
1213.3415,1213.3472,49531,54766,Pipistrellus pipistrellus,0.021,0.022,-1,Echolocation,/mnt/ubna_data_01_mir/recover-20220825/UBNA_002/20220823_033000.WAV,Telephone Field,recover-20220825,002,1795
1213.3425,1213.352,29765,37128,Eptesicus serotinus,0.008,0.022,-1,Echolocation,/mnt/ubna_data_01_mir/recover-20220825/UBNA_002/20220823_033000.WAV,Telephone Field,recover-20220825,002,1795
1213.4085,1213.4465,68437,82449,Rhinolophus ferrumequinum,0.024,0.024,-1,Echolocation,/mnt/ubna_data_01_mir/recover-20220825/UBNA_002/20220823_033000.WAV,Telephone Field,recover-20220825,002,1795
1213.4755,1213.4825,24609,35972,Plecotus austriacus,0.011,0.027,-1,Echolocation,/mnt/ubna_data_01_mir/recover-20220825/UBNA_002/20220823_033000.WAV,Telephone Field,recover-20220825,002,1795
1213.4885,1213.5257,68437,82157,Rhinolophus ferrumequinum,0.021,0.022,-1,Echolocation,/mnt/ubna_data_01_mir/recover-20220825/UBNA_002/20220823_033000.WAV,Telephone Field,recover-20220825,002,1795
1213.5325,1213.567,68437,81414,Rhinolophus ferrumequinum,0.021,0.021,-1,Echolocation,/mnt/ubna_data_01_mir/recover-20220825/UBNA_002/20220823_033000.WAV,Telephone Field,recover-20220825,002,1795
1213.5485,1213.5604,28046,34745,Eptesicus serotinus,0.052,0.077,-1,Echolocation,/mnt/ubna_data_01_mir/recover-20220825/UBNA_002/20220823_033000.WAV,Telephone Field,recover-20220825,002,1795
1213.5895,1213.5972,28046,38958,Eptesicus serotinus,0.007,0.022,-1,Echolocation,/mnt/ubna_data_01_mir/recover-20220825/UBNA_002/20220823_033000.WAV,Telephone Field,recover-20220825,002,1795
1213.5905,1213.5978,34921,41955,Myotis daubentonii,0.008,0.023,-1,Echolocation,/mnt/ubna_data_01_mir/recover-20220825/UBNA_002/20220823_033000.WAV,Telephone Field,recover-20220825,002,1795
1213.6175,1213.6559,68437,81539,Rhinolophus ferrumequinum,0.022,0.022,-1,Echolocation,/mnt/ubna_data_01_mir/recover-20220825/UBNA_002/20220823_033000.WAV,Telephone Field,recover-20220825,002,1795
1213.6345,1213.6414,29765,40654,Myotis daubentonii,0.007,0.023,-1,Echolocation,/mnt/ubna_data_01_mir/recover-20220825/UBNA_002/20220823_033000.WAV,Telephone Field,recover-20220825,002,1795
1213.6365,1213.6722,68437,81255,Rhinolophus ferrumequinum,0.021,0.021,-1,Echolocation,/mnt/ubna_data_01_mir/recover-20220825/UBNA_002/20220823_033000.WAV,Telephone Field,recover-20220825,002,1795
1213.6535,1213.6622,23750,31551,Plecotus austriacus,0.006,0.021,-1,Echolocation,/mnt/ubna_data_01_mir/recover-20220825/UBNA_002/20220823_033000.WAV,Telephone Field,recover-20220825,002,1795
1213.6565,1213.6908,68437,81298,Rhinolophus ferrumequinum,0.02,0.021,-1,Echolocation,/mnt/ubna_data_01_mir/recover-20220825/UBNA_002/20220823_033000.WAV,Telephone Field,recover-20220825,002,1795
1213.6825,1213.6927,28046,36202,Eptesicus serotinus,0.009,0.022,-1,Echolocation,/mnt/ubna_data_01_mir/recover-20220825/UBNA_002/20220823_033000.WAV,Telephone Field,recover-20220825,002,1795
1213.7115,1213.7452,68437,81318,Rhinolophus ferrumequinum,0.021,0.021,-1,Echolocation,/mnt/ubna_data_01_mir/recover-20220825/UBNA_002/20220823_033000.WAV,Telephone Field,recover-20220825,002,1795
1213.7185,1213.7555,68437,82004,Rhinolophus ferrumequinum,0.023,0.023,-1,Echolocation,/mnt/ubna_data_01_mir/recover-20220825/UBNA_002/20220823_033000.WAV,Telephone Field,recover-20220825,002,1795
1213.7325,1213.7415,29765,39444,Eptesicus serotinus,0.011,0.026,-1,Echolocation,/mnt/ubna_data_01_mir/recover-20220825/UBNA_002/20220823_033000.WAV,Telephone Field,recover-20220825,002,1795
1213.7435,1213.7795,68437,81965,Rhinolophus ferrumequinum,0.021,0.021,-1,Echolocation,/mnt/ubna_data_01_mir/recover-20220825/UBNA_002/20220823_033000.WAV,Telephone Field,recover-20220825,002,1795
1213.7565,1213.798,68437,82466,Rhinolophus ferrumequinum,0.023,0.024,-1,Echolocation,/mnt/ubna_data_01_mir/recover-20220825/UBNA_002/20220823_033000.WAV,Telephone Field,recover-20220825,002,1795
1213.7705,1213.7784,27187,37741,Eptesicus serotinus,0.008,0.022,-1,Echolocation,/mnt/ubna_data_01_mir/recover-20220825/UBNA_002/20220823_033000.WAV,Telephone Field,recover-20220825,002,1795
1213.8025,1213.841,68437,81824,Rhinolophus ferrumequinum,0.021,0.021,-1,Echolocation,/mnt/ubna_data_01_mir/recover-20220825/UBNA_002/20220823_033000.WAV,Telephone Field,recover-20220825,002,1795
1213.8155,1213.8255,24609,32093,Eptesicus serotinus,0.008,0.026,-1,Echolocation,/mnt/ubna_data_01_mir/recover-20220825/UBNA_002/20220823_033000.WAV,Telephone Field,recover-20220825,002,1795
1213.8295,1213.8396,27187,32266,Eptesicus serotinus,0.19,0.427,-1,Echolocation,/mnt/ubna_data_01_mir/recover-20220825/UBNA_002/20220823_033000.WAV,Telephone Field,recover-20220825,002,1795
1213.8515,1213.8917,68437,82186,Rhinolophus ferrumequinum,0.022,0.023,-1,Echolocation,/mnt/ubna_data_01_mir/recover-20220825/UBNA_002/20220823_033000.WAV,Telephone Field,recover-20220825,002,1795
1213.8915,1213.9303,68437,82854,Rhinolophus ferrumequinum,0.03,0.03,-1,Echolocation,/mnt/ubna_data_01_mir/recover-20220825/UBNA_002/20220823_033000.WAV,Telephone Field,recover-20220825,002,1795
1213.9245,1213.959,68437,81829,Rhinolophus ferrumequinum,0.021,0.021,-1,Echolocation,/mnt/ubna_data_01_mir/recover-20220825/UBNA_002/20220823_033000.WAV,Telephone Field,recover-20220825,002,1795
1213.9295,1213.9428,22890,27642,Nyctalus leisleri,0.015,0.029,-1,Echolocation,/mnt/ubna_data_01_mir/recover-20220825/UBNA_002/20220823_033000.WAV,Telephone Field,recover-20220825,002,1795
1213.9525,1213.9887,68437,81748,Rhinolophus ferrumequinum,0.023,0.023,-1,Echolocation,/mnt/ubna_data_01_mir/recover-20220825/UBNA_002/20220823_033000.WAV,Telephone Field,recover-20220825,002,1795
1213.9615,1213.9716,26328,33390,Eptesicus serotinus,0.257,0.423,-1,Echolocation,/mnt/ubna_data_01_mir/recover-20220825/UBNA_002/20220823_033000.WAV,Telephone Field,recover-20220825,002,1795
1214.0015,1214.0087,24609,35994,Plecotus austriacus,0.008,0.028,-1,Echolocation,/mnt/ubna_data_01_mir/recover-20220825/UBNA_002/20220823_033000.WAV,Telephone Field,recover-20220825,002,1795
1214.0015,1214.0333,68437,79658,Rhinolophus ferrumequinum,0.031,0.031,-1,Echolocation,/mnt/ubna_data_01_mir/recover-20220825/UBNA_002/20220823_033000.WAV,Telephone Field,recover-20220825,002,1795
1214.0205,1214.0571,68437,81983,Rhinolophus ferrumequinum,0.022,0.022,-1,Echolocation,/mnt/ubna_data_01_mir/recover-20220825/UBNA_002/20220823_033000.WAV,Telephone Field,recover-20220825,002,1795
1214.0415,1214.0508,28046,36477,Eptesicus serotinus,0.011,0.025,-1,Echolocation,/mnt/ubna_data_01_mir/recover-20220825/UBNA_002/20220823_033000.WAV,Telephone Field,recover-20220825,002,1795
1214.0595,1214.0994,68437,82895,Rhinolophus ferrumequinum,0.023,0.023,-1,Echolocation,/mnt/ubna_data_01_mir/recover-20220825/UBNA_002/20220823_033000.WAV,Telephone Field,recover-20220825,002,1795
1214.0885,1214.0989,26328,32078,Nyctalus leisleri,0.261,0.535,-1,Echolocation,/mnt/ubna_data_01_mir/recover-20220825/UBNA_002/20220823_033000.WAV,Telephone Field,recover-20220825,002,1795
1214.0965,1214.1378,68437,82735,Rhinolophus ferrumequinum,0.021,0.021,-1,Echolocation,/mnt/ubna_data_01_mir/recover-20220825/UBNA_002/20220823_033000.WAV,Telephone Field,recover-20220825,002,1795
1214.1305,1214.1381,47812,51894,Pipistrellus pipistrellus,0.023,0.024,-1,Echolocation,/mnt/ubna_data_01_mir/recover-20220825/UBNA_002/20220823_033000.WAV,Telephone Field,recover-20220825,002,1795
1214.1375,1214.1752,68437,81984,Rhinolophus ferrumequinum,0.021,0.021,-1,Echolocation,/mnt/ubna_data_01_mir/recover-20220825/UBNA_002/20220823_033000.WAV,Telephone Field,recover-20220825,002,1795
1214.1555,1214.1645,23750,31816,Eptesicus serotinus,0.02,0.076,-1,Echolocation,/mnt/ubna_data_01_mir/recover-20220825/UBNA_002/20220823_033000.WAV,Telephone Field,recover-20220825,002,1795
1214.1695,1214.1817,27187,32392,Eptesicus serotinus,0.072,0.137,-1,Echolocation,/mnt/ubna_data_01_mir/recover-20220825/UBNA_002/20220823_033000.WAV,Telephone Field,recover-20220825,002,1795
1214.1715,1214.2095,68437,82570,Rhinolophus ferrumequinum,0.024,0.024,-1,Echolocation,/mnt/ubna_data_01_mir/recover-20220825/UBNA_002/20220823_033000.WAV,Telephone Field,recover-20220825,002,1795
1214.2095,1214.248,68437,82330,Rhinolophus ferrumequinum,0.02,0.02,-1,Echolocation,/mnt/ubna_data_01_mir/recover-20220825/UBNA_002/20220823_033000.WAV,Telephone Field,recover-20220825,002,1795
1214.2115,1214.2195,28046,40675,Eptesicus serotinus,0.007,0.02,-1,Echolocation,/mnt/ubna_data_01_mir/recover-20220825/UBNA_002/20220823_033000.WAV,Telephone Field,recover-20220825,002,1795
1214.2175,1214.2272,34921,41263,Barbastellus barbastellus,0.007,0.026,-1,Echolocation,/mnt/ubna_data_01_mir/recover-20220825/UBNA_002/20220823_033000.WAV,Telephone Field,recover-20220825,002,1795
1214.2185,1214.2581,68437,82585,Rhinolophus ferrumequinum,0.022,0.022,-1,Echolocation,/mnt/ubna_data_01_mir/recover-20220825/UBNA_002/20220823_033000.WAV,Telephone Field,recover-20220825,002,1795
1214.2625,1214.2766,25468,32068,Eptesicus serotinus,0.17,0.257,-1,Echolocation,/mnt/ubna_data_01_mir/recover-20220825/UBNA_002/20220823_033000.WAV,Telephone Field,recover-20220825,002,1795
1214.3015,1214.3098,28906,39824,Eptesicus serotinus,0.008,0.022,-1,Echolocation,/mnt/ubna_data_01_mir/recover-20220825/UBNA_002/20220823_033000.WAV,Telephone Field,recover-20220825,002,1795
1214.3025,1214.3385,68437,81252,Rhinolophus ferrumequinum,0.021,0.021,-1,Echolocation,/mnt/ubna_data_01_mir/recover-20220825/UBNA_002/20220823_033000.WAV,Telephone Field,recover-20220825,002,1795
1214.3325,1214.3689,68437,81703,Rhinolophus ferrumequinum,0.02,0.02,-1,Echolocation,/mnt/ubna_data_01_mir/recover-20220825/UBNA_002/20220823_033000.WAV,Telephone Field,recover-20220825,002,1795
1214.3415,1214.3779,68437,81645,Rhinolophus ferrumequinum,0.02,0.02,-1,Echolocation,/mnt/ubna_data_01_mir/recover-20220825/UBNA_002/20220823_033000.WAV,Telephone Field,recover-20220825,002,1795
1214.3445,1214.3535,26328,36225,Eptesicus serotinus,0.008,0.021,-1,Echolocation,/mnt/ubna_data_01_mir/recover-20220825/UBNA_002/20220823_033000.WAV,Telephone Field,recover-20220825,002,1795
1214.3685,1214.3759,26328,35990,Eptesicus serotinus,0.008,0.021,-1,Echolocation,/mnt/ubna_data_01_mir/recover-20220825/UBNA_002/20220823_033000.WAV,Telephone Field,recover-20220825,002,1795
1214.3935,1214.4051,27187,32465,Nyctalus leisleri,0.298,0.524,-1,Echolocation,/mnt/ubna_data_01_mir/recover-20220825/UBNA_002/20220823_033000.WAV,Telephone Field,recover-20220825,002,1795
1214.3985,1214.4363,68437,81646,Rhinolophus ferrumequinum,0.02,0.02,-1,Echolocation,/mnt/ubna_data_01_mir/recover-20220825/UBNA_002/20220823_033000.WAV,Telephone Field,recover-20220825,002,1795
1214.4425,1214.4832,68437,82467,Rhinolophus ferrumequinum,0.021,0.021,-1,Echolocation,/mnt/ubna_data_01_mir/recover-20220825/UBNA_002/20220823_033000.WAV,Telephone Field,recover-20220825,002,1795
1214.4475,1214.4547,28046,40468,Eptesicus serotinus,0.007,0.021,-1,Echolocation,/mnt/ubna_data_01_mir/recover-20220825/UBNA_002/20220823_033000.WAV,Telephone Field,recover-20220825,002,1795
1214.4625,1214.4994,68437,82019,Rhinolophus ferrumequinum,0.02,0.02,-1,Echolocation,/mnt/ubna_data_01_mir/recover-20220825/UBNA_002/20220823_033000.WAV,Telephone Field,recover-20220825,002,1795
1214.4815,1214.4903,28046,37902,Eptesicus serotinus,0.008,0.02,-1,Echolocation,/mnt/ubna_data_01_mir/recover-20220825/UBNA_002/20220823_033000.WAV,Telephone Field,recover-20220825,002,1795
1214.5015,1214.5129,26328,33760,Eptesicus serotinus,0.015,0.033,-1,Echolocation,/mnt/ubna_data_01_mir/recover-20220825/UBNA_002/20220823_033000.WAV,Telephone Field,recover-20220825,002,1795
1214.5165,1214.5248,28046,39313,Eptesicus serotinus,0.007,0.022,-1,Echolocation,/mnt/ubna_data_01_mir/recover-20220825/UBNA_002/20220823_033000.WAV,Telephone Field,recover-20220825,002,1795
1214.5175,1214.5273,42656,48731,Pipistrellus pipistrellus,0.014,0.02,-1,Echolocation,/mnt/ubna_data_01_mir/recover-20220825/UBNA_002/20220823_033000.WAV,Telephone Field,recover-20220825,002,1795
1214.5395,1214.5461,26328,36688,Eptesicus serotinus,0.006,0.025,-1,Echolocation,/mnt/ubna_data_01_mir/recover-20220825/UBNA_002/20220823_033000.WAV,Telephone Field,recover-20220825,002,1795
1214.5575,1214.5956,68437,82089,Rhinolophus ferrumequinum,0.023,0.024,-1,Echolocation,/mnt/ubna_data_01_mir/recover-20220825/UBNA_002/20220823_033000.WAV,Telephone Field,recover-20220825,002,1795
1214.5925,1214.5991,28046,44588,Eptesicus serotinus,0.01,0.032,-1,Echolocation,/mnt/ubna_data_01_mir/recover-20220825/UBNA_002/20220823_033000.WAV,Telephone Field,recover-20220825,002,1795
1214.6015,1214.6406,68437,81915,Rhinolophus ferrumequinum,0.022,0.022,-1,Echolocation,/mnt/ubna_data_01_mir/recover-20220825/UBNA_002/20220823_033000.WAV,Telephone Field,recover-20220825,002,1795
1214.6055,1214.6148,22031,27837,Nyctalus leisleri,0.008,0.023,-1,Echolocation,/mnt/ubna_data_01_mir/recover-20220825/UBNA_002/20220823_033000.WAV,Telephone Field,recover-20220825,002,1795
1214.6155,1214.6547,68437,81860,Rhinolophus ferrumequinum,0.02,0.02,-1,Echolocation,/mnt/ubna_data_01_mir/recover-20220825/UBNA_002/20220823_033000.WAV,Telephone Field,recover-20220825,002,1795
1214.6265,1214.6359,24609,31959,Eptesicus serotinus,0.009,0.028,-1,Echolocation,/mnt/ubna_data_01_mir/recover-20220825/UBNA_002/20220823_033000.WAV,Telephone Field,recover-20220825,002,1795
1214.6385,1214.6466,28046,40185,Eptesicus serotinus,0.008,0.022,-1,Echolocation,/mnt/ubna_data_01_mir/recover-20220825/UBNA_002/20220823_033000.WAV,Telephone Field,recover-20220825,002,1795
1214.6585,1214.6953,68437,81727,Rhinolophus ferrumequinum,0.022,0.022,-1,Echolocation,/mnt/ubna_data_01_mir/recover-20220825/UBNA_002/20220823_033000.WAV,Telephone Field,recover-20220825,002,1795
1214.6695,1214.7082,68437,82288,Rhinolophus ferrumequinum,0.023,0.023,-1,Echolocation,/mnt/ubna_data_01_mir/recover-20220825/UBNA_002/20220823_033000.WAV,Telephone Field,recover-20220825,002,1795
1214.7075,1214.7489,68437,82951,Rhinolophus ferrumequinum,0.024,0.024,-1,Echolocation,/mnt/ubna_data_01_mir/recover-20220825/UBNA_002/20220823_033000.WAV,Telephone Field,recover-20220825,002,1795
1214.7365,1214.7584,18593,21165,Nyctalus noctula,0.048,0.089,-1,Echolocation,/mnt/ubna_data_01_mir/recover-20220825/UBNA_002/20220823_033000.WAV,Telephone Field,recover-20220825,002,1795
1214.7385,1214.7752,68437,81718,Rhinolophus ferrumequinum,0.021,0.021,-1,Echolocation,/mnt/ubna_data_01_mir/recover-20220825/UBNA_002/20220823_033000.WAV,Telephone Field,recover-20220825,002,1795
1214.7475,1214.7828,68437,81827,Rhinolophus ferrumequinum,0.021,0.021,-1,Echolocation,/mnt/ubna_data_01_mir/recover-20220825/UBNA_002/20220823_033000.WAV,Telephone Field,recover-20220825,002,1795
1214.7835,1214.8224,68437,82279,Rhinolophus ferrumequinum,0.023,0.023,-1,Echolocation,/mnt/ubna_data_01_mir/recover-20220825/UBNA_002/20220823_033000.WAV,Telephone Field,recover-20220825,002,1795
1214.7925,1214.8018,51250,55924,Pipistrellus pipistrellus,0.019,0.031,-1,Echolocation,/mnt/ubna_data_01_mir/recover-20220825/UBNA_002/20220823_033000.WAV,Telephone Field,recover-20220825,002,1795
1214.8515,1214.8887,68437,82018,Rhinolophus ferrumequinum,0.023,0.023,-1,Echolocation,/mnt/ubna_data_01_mir/recover-20220825/UBNA_002/20220823_033000.WAV,Telephone Field,recover-20220825,002,1795
1214.8705,1214.8818,23750,29436,Nyctalus leisleri,0.009,0.025,-1,Echolocation,/mnt/ubna_data_01_mir/recover-20220825/UBNA_002/20220823_033000.WAV,Telephone Field,recover-20220825,002,1795
1214.8735,1214.8807,46953,55356,Pipistrellus pipistrellus,0.029,0.032,-1,Echolocation,/mnt/ubna_data_01_mir/recover-20220825/UBNA_002/20220823_033000.WAV,Telephone Field,recover-20220825,002,1795
1214.8815,1214.8882,25468,37894,Plecotus austriacus,0.009,0.034,-1,Echolocation,/mnt/ubna_data_01_mir/recover-20220825/UBNA_002/20220823_033000.WAV,Telephone Field,recover-20220825,002,1795
1214.9195,1214.9271,31484,47942,Myotis daubentonii,0.008,0.021,-1,Echolocation,/mnt/ubna_data_01_mir/recover-20220825/UBNA_002/20220823_033000.WAV,Telephone Field,recover-20220825,002,1795
1214.9215,1214.9286,26328,40822,Eptesicus serotinus,0.006,0.021,-1,Echolocation,/mnt/ubna_data_01_mir/recover-20220825/UBNA_002/20220823_033000.WAV,Telephone Field,recover-20220825,002,1795
1214.9325,1214.9726,68437,82747,Rhinolophus ferrumequinum,0.024,0.024,-1,Echolocation,/mnt/ubna_data_01_mir/recover-20220825/UBNA_002/20220823_033000.WAV,Telephone Field,recover-20220825,002,1795
1214.9905,1215.03,68437,82365,Rhinolophus ferrumequinum,0.02,0.02,-1,Echolocation,/mnt/ubna_data_01_mir/recover-20220825/UBNA_002/20220823_033000.WAV,Telephone Field,recover-20220825,002,1795
1215.0035,1215.0115,28046,38756,Eptesicus serotinus,0.008,0.021,-1,Echolocation,/mnt/ubna_data_01_mir/recover-20220825/UBNA_002/20220823_033000.WAV,Telephone Field,recover-20220825,002,1795
1215.0205,1215.0587,68437,82831,Rhinolophus ferrumequinum,0.021,0.021,-1,Echolocation,/mnt/ubna_data_01_mir/recover-20220825/UBNA_002/20220823_033000.WAV,Telephone Field,recover-20220825,002,1795
1215.0525,1215.0622,28906,39346,Eptesicus serotinus,0.011,0.024,-1,Echolocation,/mnt/ubna_data_01_mir/recover-20220825/UBNA_002/20220823_033000.WAV,Telephone Field,recover-20220825,002,1795
1215.0675,1215.0761,28046,39216,Eptesicus serotinus,0.009,0.023,-1,Echolocation,/mnt/ubna_data_01_mir/recover-20220825/UBNA_002/20220823_033000.WAV,Telephone Field,recover-20220825,002,1795
1215.1085,1215.1522,68437,82745,Rhinolophus ferrumequinum,0.032,0.032,-1,Echolocation,/mnt/ubna_data_01_mir/recover-20220825/UBNA_002/20220823_033000.WAV,Telephone Field,recover-20220825,002,1795
1215.1135,1215.1286,22031,25791,Nyctalus leisleri,0.028,0.051,-1,Echolocation,/mnt/ubna_data_01_mir/recover-20220825/UBNA_002/20220823_033000.WAV,Telephone Field,recover-20220825,002,1795
1215.1585,1215.1669,28906,39920,Eptesicus serotinus,0.007,0.022,-1,Echolocation,/mnt/ubna_data_01_mir/recover-20220825/UBNA_002/20220823_033000.WAV,Telephone Field,recover-20220825,002,1795
1215.1935,1215.2033,22031,27374,Nyctalus leisleri,0.007,0.02,-1,Echolocation,/mnt/ubna_data_01_mir/recover-20220825/UBNA_002/20220823_033000.WAV,Telephone Field,recover-20220825,002,1795
1215.2365,1215.25,25468,32302,Eptesicus serotinus,0.018,0.037,-1,Echolocation,/mnt/ubna_data_01_mir/recover-20220825/UBNA_002/20220823_033000.WAV,Telephone Field,recover-20220825,002,1795
1215.3045,1215.3465,68437,82781,Rhinolophus ferrumequinum,0.024,0.024,-1,Echolocation,/mnt/ubna_data_01_mir/recover-20220825/UBNA_002/20220823_033000.WAV,Telephone Field,recover-20220825,002,1795
1215.3245,1215.3653,68437,82835,Rhinolophus ferrumequinum,0.021,0.021,-1,Echolocation,/mnt/ubna_data_01_mir/recover-20220825/UBNA_002/20220823_033000.WAV,Telephone Field,recover-20220825,002,1795
1215.3495,1215.386,68437,82042,Rhinolophus ferrumequinum,0.022,0.022,-1,Echolocation,/mnt/ubna_data_01_mir/recover-20220825/UBNA_002/20220823_033000.WAV,Telephone Field,recover-20220825,002,1795
1215.3525,1215.3612,31484,43933,Eptesicus serotinus,0.007,0.023,-1,Echolocation,/mnt/ubna_data_01_mir/recover-20220825/UBNA_002/20220823_033000.WAV,Telephone Field,recover-20220825,002,1795
1215.3975,1215.4071,26328,35534,Eptesicus serotinus,0.01,0.024,-1,Echolocation,/mnt/ubna_data_01_mir/recover-20220825/UBNA_002/20220823_033000.WAV,Telephone Field,recover-20220825,002,1795
1215.4025,1215.4404,68437,81936,Rhinolophus ferrumequinum,0.02,0.02,-1,Echolocation,/mnt/ubna_data_01_mir/recover-20220825/UBNA_002/20220823_033000.WAV,Telephone Field,recover-20220825,002,1795
1215.4155,1215.4575,68437,82997,Rhinolophus ferrumequinum,0.022,0.022,-1,Echolocation,/mnt/ubna_data_01_mir/recover-20220825/UBNA_002/20220823_033000.WAV,Telephone Field,recover-20220825,002,1795
1215.4425,1215.4812,68437,82483,Rhinolophus ferrumequinum,0.02,0.02,-1,Echolocation,/mnt/ubna_data_01_mir/recover-20220825/UBNA_002/20220823_033000.WAV,Telephone Field,recover-20220825,002,1795
1215.4445,1215.4532,23750,30600,Plecotus austriacus,0.007,0.023,-1,Echolocation,/mnt/ubna_data_01_mir/recover-20220825/UBNA_002/20220823_033000.WAV,Telephone Field,recover-20220825,002,1795
1215.4715,1215.4808,28906,36714,Eptesicus serotinus,0.01,0.022,-1,Echolocation,/mnt/ubna_data_01_mir/recover-20220825/UBNA_002/20220823_033000.WAV,Telephone Field,recover-20220825,002,1795
1215.4785,1215.5205,68437,82380,Rhinolophus ferrumequinum,0.024,0.024,-1,Echolocation,/mnt/ubna_data_01_mir/recover-20220825/UBNA_002/20220823_033000.WAV,Telephone Field,recover-20220825,002,1795
1215.5035,1215.5108,27187,42535,Eptesicus serotinus,0.009,0.026,-1,Echolocation,/mnt/ubna_data_01_mir/recover-20220825/UBNA_002/20220823_033000.WAV,Telephone Field,recover-20220825,002,1795
1215.5415,1215.5756,68437,81924,Rhinolophus ferrumequinum,0.026,0.026,-1,Echolocation,/mnt/ubna_data_01_mir/recover-20220825/UBNA_002/20220823_033000.WAV,Telephone Field,recover-20220825,002,1795
1215.5745,1215.5827,27187,37846,Eptesicus serotinus,0.008,0.021,-1,Echolocation,/mnt/ubna_data_01_mir/recover-20220825/UBNA_002/20220823_033000.WAV,Telephone Field,recover-20220825,002,1795
1215.5955,1215.637,68437,82725,Rhinolophus ferrumequinum,0.023,0.023,-1,Echolocation,/mnt/ubna_data_01_mir/recover-20220825/UBNA_002/20220823_033000.WAV,Telephone Field,recover-20220825,002,1795
1215.6535,1215.6958,68437,83130,Rhinolophus ferrumequinum,0.034,0.034,-1,Echolocation,/mnt/ubna_data_01_mir/recover-20220825/UBNA_002/20220823_033000.WAV,Telephone Field,recover-20220825,002,1795
1215.6685,1215.6793,22031,26757,Nyctalus leisleri,0.01,0.022,-1,Echolocation,/mnt/ubna_data_01_mir/recover-20220825/UBNA_002/20220823_033000.WAV,Telephone Field,recover-20220825,002,1795
1215.6755,1215.7156,68437,82343,Rhinolophus ferrumequinum,0.022,0.022,-1,Echolocation,/mnt/ubna_data_01_mir/recover-20220825/UBNA_002/20220823_033000.WAV,Telephone Field,recover-20220825,002,1795
1215.6875,1215.6948,23750,31926,Plecotus austriacus,0.009,0.022,-1,Echolocation,/mnt/ubna_data_01_mir/recover-20220825/UBNA_002/20220823_033000.WAV,Telephone Field,recover-20220825,002,1795
1215.7255,1215.7623,68437,82435,Rhinolophus ferrumequinum,0.02,0.02,-1,Echolocation,/mnt/ubna_data_01_mir/recover-20220825/UBNA_002/20220823_033000.WAV,Telephone Field,recover-20220825,002,1795
1215.7445,1215.7527,27187,37054,Eptesicus serotinus,0.012,0.028,-1,Echolocation,/mnt/ubna_data_01_mir/recover-20220825/UBNA_002/20220823_033000.WAV,Telephone Field,recover-20220825,002,1795
1215.7895,1215.7961,48671,52677,Pipistrellus pipistrellus,0.019,0.021,-1,Echolocation,/mnt/ubna_data_01_mir/recover-20220825/UBNA_002/20220823_033000.WAV,Telephone Field,recover-20220825,002,1795
1215.7895,1215.797,26328,38459,Eptesicus serotinus,0.006,0.02,-1,Echolocation,/mnt/ubna_data_01_mir/recover-20220825/UBNA_002/20220823_033000.WAV,Telephone Field,recover-20220825,002,1795
1215.8115,1215.8504,68437,82735,Rhinolophus ferrumequinum,0.026,0.026,-1,Echolocation,/mnt/ubna_data_01_mir/recover-20220825/UBNA_002/20220823_033000.WAV,Telephone Field,recover-20220825,002,1795
1215.8665,1215.873,26328,40773,Eptesicus serotinus,0.006,0.023,-1,Echolocation,/mnt/ubna_data_01_mir/recover-20220825/UBNA_002/20220823_033000.WAV,Telephone Field,recover-20220825,002,1795
1215.8675,1215.9035,68437,81038,Rhinolophus ferrumequinum,0.024,0.024,-1,Echolocation,/mnt/ubna_data_01_mir/recover-20220825/UBNA_002/20220823_033000.WAV,Telephone Field,recover-20220825,002,1795
1215.8785,1215.921,68437,83569,Rhinolophus ferrumequinum,0.034,0.034,-1,Echolocation,/mnt/ubna_data_01_mir/recover-20220825/UBNA_002/20220823_033000.WAV,Telephone Field,recover-20220825,002,1795
1215.9015,1215.9436,68437,83252,Rhinolophus ferrumequinum,0.027,0.027,-1,Echolocation,/mnt/ubna_data_01_mir/recover-20220825/UBNA_002/20220823_033000.WAV,Telephone Field,recover-20220825,002,1795
1215.9115,1215.9189,27187,38707,Eptesicus serotinus,0.007,0.021,-1,Echolocation,/mnt/ubna_data_01_mir/recover-20220825/UBNA_002/20220823_033000.WAV,Telephone Field,recover-20220825,002,1795
1215.9485,1215.988,68437,82856,Rhinolophus ferrumequinum,0.021,0.021,-1,Echolocation,/mnt/ubna_data_01_mir/recover-20220825/UBNA_002/20220823_033000.WAV,Telephone Field,recover-20220825,002,1795
1216.0015,1216.0112,22890,29780,Nyctalus leisleri,0.01,0.031,-1,Echolocation,/mnt/ubna_data_01_mir/recover-20220825/UBNA_002/20220823_033000.WAV,Telephone Field,recover-20220825,002,1795
1216.0015,1216.0349,69296,81650,Rhinolophus ferrumequinum,0.029,0.029,-1,Echolocation,/mnt/ubna_data_01_mir/recover-20220825/UBNA_002/20220823_033000.WAV,Telephone Field,recover-20220825,002,1795
1216.0555,1216.0629,25468,35786,Eptesicus serotinus,0.009,0.031,-1,Echolocation,/mnt/ubna_data_01_mir/recover-20220825/UBNA_002/20220823_033000.WAV,Telephone Field,recover-20220825,002,1795
1216.0645,1216.1001,68437,81633,Rhinolophus ferrumequinum,0.027,0.027,-1,Echolocation,/mnt/ubna_data_01_mir/recover-20220825/UBNA_002/20220823_033000.WAV,Telephone Field,recover-20220825,002,1795
1216.0905,1216.0988,28046,39003,Eptesicus serotinus,0.008,0.023,-1,Echolocation,/mnt/ubna_data_01_mir/recover-20220825/UBNA_002/20220823_033000.WAV,Telephone Field,recover-20220825,002,1795
1216.0945,1216.139,68437,83261,Rhinolophus ferrumequinum,0.032,0.032,-1,Echolocation,/mnt/ubna_data_01_mir/recover-20220825/UBNA_002/20220823_033000.WAV,Telephone Field,recover-20220825,002,1795
1216.1155,1216.1578,68437,82932,Rhinolophus ferrumequinum,0.023,0.023,-1,Echolocation,/mnt/ubna_data_01_mir/recover-20220825/UBNA_002/20220823_033000.WAV,Telephone Field,recover-20220825,002,1795
1216.1185,1216.1308,25468,31558,Eptesicus serotinus,0.073,0.137,-1,Echolocation,/mnt/ubna_data_01_mir/recover-20220825/UBNA_002/20220823_033000.WAV,Telephone Field,recover-20220825,002,1795
1216.1215,1216.161,68437,82913,Rhinolophus ferrumequinum,0.022,0.022,-1,Echolocation,/mnt/ubna_data_01_mir/recover-20220825/UBNA_002/20220823_033000.WAV,Telephone Field,recover-20220825,002,1795
1216.1385,1216.1825,68437,83645,Rhinolophus ferrumequinum,0.047,0.047,-1,Echolocation,/mnt/ubna_data_01_mir/recover-20220825/UBNA_002/20220823_033000.WAV,Telephone Field,recover-20220825,002,1795
1216.1555,1216.1949,68437,82664,Rhinolophus ferrumequinum,0.02,0.02,-1,Echolocation,/mnt/ubna_data_01_mir/recover-20220825/UBNA_002/20220823_033000.WAV,Telephone Field,recover-20220825,002,1795
1216.1635,1216.2029,68437,82390,Rhinolophus ferrumequinum,0.021,0.021,-1,Echolocation,/mnt/ubna_data_01_mir/recover-20220825/UBNA_002/20220823_033000.WAV,Telephone Field,recover-20220825,002,1795
1216.2025,1216.2132,34921,42794,Pipistrellus nathusii,0.007,0.031,-1,Echolocation,/mnt/ubna_data_01_mir/recover-20220825/UBNA_002/20220823_033000.WAV,Telephone Field,recover-20220825,002,1795
1216.2085,1216.2476,68437,82965,Rhinolophus ferrumequinum,0.023,0.023,-1,Echolocation,/mnt/ubna_data_01_mir/recover-20220825/UBNA_002/20220823_033000.WAV,Telephone Field,recover-20220825,002,1795
1216.2835,1216.2914,28046,37330,Eptesicus serotinus,0.009,0.024,-1,Echolocation,/mnt/ubna_data_01_mir/recover-20220825/UBNA_002/20220823_033000.WAV,Telephone Field,recover-20220825,002,1795
1216.2935,1216.3326,68437,82338,Rhinolophus ferrumequinum,0.023,0.023,-1,Echolocation,/mnt/ubna_data_01_mir/recover-20220825/UBNA_002/20220823_033000.WAV,Telephone Field,recover-20220825,002,1795
1216.3305,1216.3703,68437,82568,Rhinolophus ferrumequinum,0.031,0.031,-1,Echolocation,/mnt/ubna_data_01_mir/recover-20220825/UBNA_002/20220823_033000.WAV,Telephone Field,recover-20220825,002,1795
1216.3425,1216.3543,28046,34719,Eptesicus serotinus,0.017,0.031,-1,Echolocation,/mnt/ubna_data_01_mir/recover-20220825/UBNA_002/20220823_033000.WAV,Telephone Field,recover-20220825,002,1795
1216.3575,1216.3657,25468,34229,Eptesicus serotinus,0.006,0.02,-1,Echolocation,/mnt/ubna_data_01_mir/recover-20220825/UBNA_002/20220823_033000.WAV,Telephone Field,recover-20220825,002,1795
1216.3685,1216.3801,23750,30138,Nyctalus leisleri,0.01,0.024,-1,Echolocation,/mnt/ubna_data_01_mir/recover-20220825/UBNA_002/20220823_033000.WAV,Telephone Field,recover-20220825,002,1795
1216.3705,1216.4085,68437,82112,Rhinolophus ferrumequinum,0.022,0.022,-1,Echolocation,/mnt/ubna_data_01_mir/recover-20220825/UBNA_002/20220823_033000.WAV,Telephone Field,recover-20220825,002,1795
1216.3875,1216.4268,68437,82551,Rhinolophus ferrumequinum,0.023,0.023,-1,Echolocation,/mnt/ubna_data_01_mir/recover-20220825/UBNA_002/20220823_033000.WAV,Telephone Field,recover-20220825,002,1795
1216.4125,1216.4211,26328,36156,Eptesicus serotinus,0.006,0.02,-1,Echolocation,/mnt/ubna_data_01_mir/recover-20220825/UBNA_002/20220823_033000.WAV,Telephone Field,recover-20220825,002,1795
1216.4155,1216.4464,68437,80834,Rhinolophus ferrumequinum,0.02,0.02,-1,Echolocation,/mnt/ubna_data_01_mir/recover-20220825/UBNA_002/20220823_033000.WAV,Telephone Field,recover-20220825,002,1795
1216.4645,1216.4732,28046,40386,Eptesicus serotinus,0.008,0.021,-1,Echolocation,/mnt/ubna_data_01_mir/recover-20220825/UBNA_002/20220823_033000.WAV,Telephone Field,recover-20220825,002,1795
1216.4995,1216.5131,23750,28802,Nyctalus leisleri,0.014,0.03,-1,Echolocation,/mnt/ubna_data_01_mir/recover-20220825/UBNA_002/20220823_033000.WAV,Telephone Field,recover-20220825,002,1795
1216.5425,1216.5517,28046,37197,Eptesicus serotinus,0.011,0.025,-1,Echolocation,/mnt/ubna_data_01_mir/recover-20220825/UBNA_002/20220823_033000.WAV,Telephone Field,recover-20220825,002,1795
1216.5585,1216.57,22890,26914,Nyctalus leisleri,0.012,0.021,-1,Echolocation,/mnt/ubna_data_01_mir/recover-20220825/UBNA_002/20220823_033000.WAV,Telephone Field,recover-20220825,002,1795
1216.5835,1216.6237,68437,82646,Rhinolophus ferrumequinum,0.022,0.022,-1,Echolocation,/mnt/ubna_data_01_mir/recover-20220825/UBNA_002/20220823_033000.WAV,Telephone Field,recover-20220825,002,1795
1216.5925,1216.6309,68437,82215,Rhinolophus ferrumequinum,0.023,0.023,-1,Echolocation,/mnt/ubna_data_01_mir/recover-20220825/UBNA_002/20220823_033000.WAV,Telephone Field,recover-20220825,002,1795
1216.6145,1216.6559,68437,82451,Rhinolophus ferrumequinum,0.021,0.021,-1,Echolocation,/mnt/ubna_data_01_mir/recover-20220825/UBNA_002/20220823_033000.WAV,Telephone Field,recover-20220825,002,1795
1216.6525,1216.687,68437,81501,Rhinolophus ferrumequinum,0.021,0.021,-1,Echolocation,/mnt/ubna_data_01_mir/recover-20220825/UBNA_002/20220823_033000.WAV,Telephone Field,recover-20220825,002,1795
1216.7185,1216.7606,68437,83410,Rhinolophus ferrumequinum,0.037,0.037,-1,Echolocation,/mnt/ubna_data_01_mir/recover-20220825/UBNA_002/20220823_033000.WAV,Telephone Field,recover-20220825,002,1795
1216.7655,1216.7757,22031,26756,Nyctalus leisleri,0.01,0.021,-1,Echolocation,/mnt/ubna_data_01_mir/recover-20220825/UBNA_002/20220823_033000.WAV,Telephone Field,recover-20220825,002,1795
1216.7955,1216.8325,68437,81142,Rhinolophus ferrumequinum,0.02,0.02,-1,Echolocation,/mnt/ubna_data_01_mir/recover-20220825/UBNA_002/20220823_033000.WAV,Telephone Field,recover-20220825,002,1795
1216.8085,1216.819,22890,28221,Nyctalus leisleri,0.011,0.023,-1,Echolocation,/mnt/ubna_data_01_mir/recover-20220825/UBNA_002/20220823_033000.WAV,Telephone Field,recover-20220825,002,1795
1216.8325,1216.8748,68437,82494,Rhinolophus ferrumequinum,0.024,0.024,-1,Echolocation,/mnt/ubna_data_01_mir/recover-20220825/UBNA_002/20220823_033000.WAV,Telephone Field,recover-20220825,002,1795
1216.8395,1216.8793,68437,83237,Rhinolophus ferrumequinum,0.021,0.021,-1,Echolocation,/mnt/ubna_data_01_mir/recover-20220825/UBNA_002/20220823_033000.WAV,Telephone Field,recover-20220825,002,1795
1216.8485,1216.8582,39218,47633,Pipistrellus nathusii,0.007,0.022,-1,Echolocation,/mnt/ubna_data_01_mir/recover-20220825/UBNA_002/20220823_033000.WAV,Telephone Field,recover-20220825,002,1795
1216.8495,1216.8903,68437,82641,Rhinolophus ferrumequinum,0.02,0.02,-1,Echolocation,/mnt/ubna_data_01_mir/recover-20220825/UBNA_002/20220823_033000.WAV,Telephone Field,recover-20220825,002,1795
1216.8985,1216.9093,22890,28817,Nyctalus leisleri,0.011,0.024,-1,Echolocation,/mnt/ubna_data_01_mir/recover-20220825/UBNA_002/20220823_033000.WAV,Telephone Field,recover-20220825,002,1795
1216.9105,1216.9193,26328,34944,Eptesicus serotinus,0.01,0.023,-1,Echolocation,/mnt/ubna_data_01_mir/recover-20220825/UBNA_002/20220823_033000.WAV,Telephone Field,recover-20220825,002,1795
1216.9285,1216.9674,68437,81917,Rhinolophus ferrumequinum,0.025,0.025,-1,Echolocation,/mnt/ubna_data_01_mir/recover-20220825/UBNA_002/20220823_033000.WAV,Telephone Field,recover-20220825,002,1795
1216.9805,1216.9888,24609,32584,Eptesicus serotinus,0.006,0.023,-1,Echolocation,/mnt/ubna_data_01_mir/recover-20220825/UBNA_002/20220823_033000.WAV,Telephone Field,recover-20220825,002,1795
1216.9805,1217.0205,68437,82722,Rhinolophus ferrumequinum,0.025,0.025,-1,Echolocation,/mnt/ubna_data_01_mir/recover-20220825/UBNA_002/20220823_033000.WAV,Telephone Field,recover-20220825,002,1795
1216.9895,1217.0288,68437,81983,Rhinolophus ferrumequinum,0.024,0.024,-1,Echolocation,/mnt/ubna_data_01_mir/recover-20220825/UBNA_002/20220823_033000.WAV,Telephone Field,recover-20220825,002,1795
1217.0005,1217.0391,68437,82367,Rhinolophus ferrumequinum,0.021,0.021,-1,Echolocation,/mnt/ubna_data_01_mir/recover-20220825/UBNA_002/20220823_033000.WAV,Telephone Field,recover-20220825,002,1795
1217.0435,1217.0836,68437,82833,Rhinolophus ferrumequinum,0.024,0.024,-1,Echolocation,/mnt/ubna_data_01_mir/recover-20220825/UBNA_002/20220823_033000.WAV,Telephone Field,recover-20220825,002,1795
1217.0675,1217.0765,28906,37010,Eptesicus serotinus,0.011,0.025,-1,Echolocation,/mnt/ubna_data_01_mir/recover-20220825/UBNA_002/20220823_033000.WAV,Telephone Field,recover-20220825,002,1795
1217.0775,1217.119,68437,83299,Rhinolophus ferrumequinum,0.033,0.033,-1,Echolocation,/mnt/ubna_data_01_mir/recover-20220825/UBNA_002/20220823_033000.WAV,Telephone Field,recover-20220825,002,1795
1217.0785,1217.0848,50390,57129,Pipistrellus pipistrellus,0.017,0.02,-1,Echolocation,/mnt/ubna_data_01_mir/recover-20220825/UBNA_002/20220823_033000.WAV,Telephone Field,recover-20220825,002,1795
1217.0985,1217.1074,28046,38040,Eptesicus serotinus,0.01,0.021,-1,Echolocation,/mnt/ubna_data_01_mir/recover-20220825/UBNA_002/20220823_033000.WAV,Telephone Field,recover-20220825,002,1795
1217.1115,1217.149,68437,82269,Rhinolophus ferrumequinum,0.02,0.02,-1,Echolocation,/mnt/ubna_data_01_mir/recover-20220825/UBNA_002/20220823_033000.WAV,Telephone Field,recover-20220825,002,1795
1217.1505,1217.1891,68437,82244,Rhinolophus ferrumequinum,0.02,0.02,-1,Echolocation,/mnt/ubna_data_01_mir/recover-20220825/UBNA_002/20220823_033000.WAV,Telephone Field,recover-20220825,002,1795
1217.1815,1217.22,68437,82275,Rhinolophus ferrumequinum,0.02,0.021,-1,Echolocation,/mnt/ubna_data_01_mir/recover-20220825/UBNA_002/20220823_033000.WAV,Telephone Field,recover-20220825,002,1795
1217.2425,1217.2822,68437,82398,Rhinolophus ferrumequinum,0.027,0.027,-1,Echolocation,/mnt/ubna_data_01_mir/recover-20220825/UBNA_002/20220823_033000.WAV,Telephone Field,recover-20220825,002,1795
1217.2435,1217.2509,28046,39787,Eptesicus serotinus,0.007,0.021,-1,Echolocation,/mnt/ubna_data_01_mir/recover-20220825/UBNA_002/20220823_033000.WAV,Telephone Field,recover-20220825,002,1795
1217.2725,1217.284,23750,29013,Nyctalus leisleri,0.014,0.027,-1,Echolocation,/mnt/ubna_data_01_mir/recover-20220825/UBNA_002/20220823_033000.WAV,Telephone Field,recover-20220825,002,1795
1217.2775,1217.2889,23750,28877,Nyctalus leisleri,0.014,0.027,-1,Echolocation,/mnt/ubna_data_01_mir/recover-20220825/UBNA_002/20220823_033000.WAV,Telephone Field,recover-20220825,002,1795
1217.3185,1217.3593,68437,82838,Rhinolophus ferrumequinum,0.021,0.021,-1,Echolocation,/mnt/ubna_data_01_mir/recover-20220825/UBNA_002/20220823_033000.WAV,Telephone Field,recover-20220825,002,1795
1217.3255,1217.3649,68437,82539,Rhinolophus ferrumequinum,0.021,0.021,-1,Echolocation,/mnt/ubna_data_01_mir/recover-20220825/UBNA_002/20220823_033000.WAV,Telephone Field,recover-20220825,002,1795
1217.3465,1217.3576,35781,40375,Barbastellus barbastellus,0.006,0.026,-1,Echolocation,/mnt/ubna_data_01_mir/recover-20220825/UBNA_002/20220823_033000.WAV,Telephone Field,recover-20220825,002,1795
1217.3515,1217.3926,68437,82744,Rhinolophus ferrumequinum,0.022,0.022,-1,Echolocation,/mnt/ubna_data_01_mir/recover-20220825/UBNA_002/20220823_033000.WAV,Telephone Field,recover-20220825,002,1795
1217.3565,1217.3681,23750,28450,Nyctalus leisleri,0.014,0.027,-1,Echolocation,/mnt/ubna_data_01_mir/recover-20220825/UBNA_002/20220823_033000.WAV,Telephone Field,recover-20220825,002,1795
1217.3595,1217.4033,68437,83124,Rhinolophus ferrumequinum,0.021,0.021,-1,Echolocation,/mnt/ubna_data_01_mir/recover-20220825/UBNA_002/20220823_033000.WAV,Telephone Field,recover-20220825,002,1795
1217.3865,1217.3999,24609,30539,Eptesicus serotinus,0.019,0.049,-1,Echolocation,/mnt/ubna_data_01_mir/recover-20220825/UBNA_002/20220823_033000.WAV,Telephone Field,recover-20220825,002,1795
1217.4055,1217.4469,68437,83004,Rhinolophus ferrumequinum,0.024,0.024,-1,Echolocation,/mnt/ubna_data_01_mir/recover-20220825/UBNA_002/20220823_033000.WAV,Telephone Field,recover-20220825,002,1795
1217.4215,1217.4314,22890,29026,Nyctalus leisleri,0.01,0.026,-1,Echolocation,/mnt/ubna_data_01_mir/recover-20220825/UBNA_002/20220823_033000.WAV,Telephone Field,recover-20220825,002,1795
1217.4675,1217.4741,28046,40974,Eptesicus serotinus,0.006,0.023,-1,Echolocation,/mnt/ubna_data_01_mir/recover-20220825/UBNA_002/20220823_033000.WAV,Telephone Field,recover-20220825,002,1795
1217.4765,1217.5188,68437,83344,Rhinolophus ferrumequinum,0.032,0.032,-1,Echolocation,/mnt/ubna_data_01_mir/recover-20220825/UBNA_002/20220823_033000.WAV,Telephone Field,recover-20220825,002,1795
1217.5015,1217.5128,22031,26614,Nyctalus leisleri,0.011,0.022,-1,Echolocation,/mnt/ubna_data_01_mir/recover-20220825/UBNA_002/20220823_033000.WAV,Telephone Field,recover-20220825,002,1795
1217.5015,1217.5448,68437,83915,Rhinolophus ferrumequinum,0.037,0.037,-1,Echolocation,/mnt/ubna_data_01_mir/recover-20220825/UBNA_002/20220823_033000.WAV,Telephone Field,recover-20220825,002,1795
1217.5625,1217.6016,68437,81847,Rhinolophus ferrumequinum,0.033,0.033,-1,Echolocation,/mnt/ubna_data_01_mir/recover-20220825/UBNA_002/20220823_033000.WAV,Telephone Field,recover-20220825,002,1795
1217.5925,1217.628,68437,81664,Rhinolophus ferrumequinum,0.02,0.02,-1,Echolocation,/mnt/ubna_data_01_mir/recover-20220825/UBNA_002/20220823_033000.WAV,Telephone Field,recover-20220825,002,1795
1217.6065,1217.6136,23750,31922,Plecotus austriacus,0.008,0.02,-1,Echolocation,/mnt/ubna_data_01_mir/recover-20220825/UBNA_002/20220823_033000.WAV,Telephone Field,recover-20220825,002,1795
1217.6235,1217.6611,68437,81505,Rhinolophus ferrumequinum,0.023,0.023,-1,Echolocation,/mnt/ubna_data_01_mir/recover-20220825/UBNA_002/20220823_033000.WAV,Telephone Field,recover-20220825,002,1795
1217.6315,1217.651,20312,23242,Nyctalus leisleri,0.014,0.024,-1,Echolocation,/mnt/ubna_data_01_mir/recover-20220825/UBNA_002/20220823_033000.WAV,Telephone Field,recover-20220825,002,1795
1217.6585,1217.6964,68437,81599,Rhinolophus ferrumequinum,0.021,0.021,-1,Echolocation,/mnt/ubna_data_01_mir/recover-20220825/UBNA_002/20220823_033000.WAV,Telephone Field,recover-20220825,002,1795
1217.6585,1217.6659,27187,41092,Eptesicus serotinus,0.006,0.02,-1,Echolocation,/mnt/ubna_data_01_mir/recover-20220825/UBNA_002/20220823_033000.WAV,Telephone Field,recover-20220825,002,1795
1217.6715,1217.7043,68437,80442,Rhinolophus ferrumequinum,0.021,0.021,-1,Echolocation,/mnt/ubna_data_01_mir/recover-20220825/UBNA_002/20220823_033000.WAV,Telephone Field,recover-20220825,002,1795
1217.6965,1217.7324,68437,81256,Rhinolophus ferrumequinum,0.02,0.02,-1,Echolocation,/mnt/ubna_data_01_mir/recover-20220825/UBNA_002/20220823_033000.WAV,Telephone Field,recover-20220825,002,1795
1217.7525,1217.7923,68437,82736,Rhinolophus ferrumequinum,0.021,0.021,-1,Echolocation,/mnt/ubna_data_01_mir/recover-20220825/UBNA_002/20220823_033000.WAV,Telephone Field,recover-20220825,002,1795
1217.7585,1217.7689,22890,28733,Nyctalus leisleri,0.009,0.023,-1,Echolocation,/mnt/ubna_data_01_mir/recover-20220825/UBNA_002/20220823_033000.WAV,Telephone Field,recover-20220825,002,1795
1217.7805,1217.789,26328,36684,Eptesicus serotinus,0.01,0.023,-1,Echolocation,/mnt/ubna_data_01_mir/recover-20220825/UBNA_002/20220823_033000.WAV,Telephone Field,recover-20220825,002,1795
1217.8225,1217.8639,68437,82816,Rhinolophus ferrumequinum,0.023,0.023,-1,Echolocation,/mnt/ubna_data_01_mir/recover-20220825/UBNA_002/20220823_033000.WAV,Telephone Field,recover-20220825,002,1795
1217.8325,1217.8433,23750,29559,Nyctalus leisleri,0.013,0.029,-1,Echolocation,/mnt/ubna_data_01_mir/recover-20220825/UBNA_002/20220823_033000.WAV,Telephone Field,recover-20220825,002,1795
1217.8595,1217.9026,68437,83080,Rhinolophus ferrumequinum,0.042,0.042,-1,Echolocation,/mnt/ubna_data_01_mir/recover-20220825/UBNA_002/20220823_033000.WAV,Telephone Field,recover-20220825,002,1795
1217.8865,1217.8959,25468,33135,Nyctalus leisleri,0.01,0.027,-1,Echolocation,/mnt/ubna_data_01_mir/recover-20220825/UBNA_002/20220823_033000.WAV,Telephone Field,recover-20220825,002,1795
1217.9005,1217.9117,23750,28159,Nyctalus leisleri,0.012,0.022,-1,Echolocation,/mnt/ubna_data_01_mir/recover-20220825/UBNA_002/20220823_033000.WAV,Telephone Field,recover-20220825,002,1795
1217.9175,1217.953,68437,82067,Rhinolophus ferrumequinum,0.024,0.024,-1,Echolocation,/mnt/ubna_data_01_mir/recover-20220825/UBNA_002/20220823_033000.WAV,Telephone Field,recover-20220825,002,1795
1217.9255,1217.9334,27187,39337,Eptesicus serotinus,0.007,0.02,-1,Echolocation,/mnt/ubna_data_01_mir/recover-20220825/UBNA_002/20220823_033000.WAV,Telephone Field,recover-20220825,002,1795
1217.9875,1217.9951,26328,37405,Eptesicus serotinus,0.009,0.028,-1,Echolocation,/mnt/ubna_data_01_mir/recover-20220825/UBNA_002/20220823_033000.WAV,Telephone Field,recover-20220825,002,1795
1218.0015,1218.0317,69296,81423,Rhinolophus ferrumequinum,0.029,0.029,-1,Echolocation,/mnt/ubna_data_01_mir/recover-20220825/UBNA_002/20220823_033000.WAV,Telephone Field,recover-20220825,002,1795
1218.0015,1218.0112,24609,31051,Nyctalus leisleri,0.012,0.029,-1,Echolocation,/mnt/ubna_data_01_mir/recover-20220825/UBNA_002/20220823_033000.WAV,Telephone Field,recover-20220825,002,1795
1218.0415,1218.0515,53828,57974,Pipistrellus pygmaeus,0.021,0.023,-1,Echolocation,/mnt/ubna_data_01_mir/recover-20220825/UBNA_002/20220823_033000.WAV,Telephone Field,recover-20220825,002,1795
1218.0425,1218.0531,23750,29346,Nyctalus leisleri,0.009,0.021,-1,Echolocation,/mnt/ubna_data_01_mir/recover-20220825/UBNA_002/20220823_033000.WAV,Telephone Field,recover-20220825,002,1795
1218.0475,1218.0874,68437,82818,Rhinolophus ferrumequinum,0.021,0.021,-1,Echolocation,/mnt/ubna_data_01_mir/recover-20220825/UBNA_002/20220823_033000.WAV,Telephone Field,recover-20220825,002,1795
1218.0545,1218.0637,28906,36937,Eptesicus serotinus,0.009,0.022,-1,Echolocation,/mnt/ubna_data_01_mir/recover-20220825/UBNA_002/20220823_033000.WAV,Telephone Field,recover-20220825,002,1795
1218.0645,1218.1073,68437,83596,Rhinolophus ferrumequinum,0.032,0.032,-1,Echolocation,/mnt/ubna_data_01_mir/recover-20220825/UBNA_002/20220823_033000.WAV,Telephone Field,recover-20220825,002,1795
1218.0815,1218.0898,29765,40417,Myotis daubentonii,0.007,0.023,-1,Echolocation,/mnt/ubna_data_01_mir/recover-20220825/UBNA_002/20220823_033000.WAV,Telephone Field,recover-20220825,002,1795
1218.0955,1218.1344,68437,81658,Rhinolophus ferrumequinum,0.021,0.021,-1,Echolocation,/mnt/ubna_data_01_mir/recover-20220825/UBNA_002/20220823_033000.WAV,Telephone Field,recover-20220825,002,1795
1218.1255,1218.1356,22031,26656,Nyctalus leisleri,0.009,0.02,-1,Echolocation,/mnt/ubna_data_01_mir/recover-20220825/UBNA_002/20220823_033000.WAV,Telephone Field,recover-20220825,002,1795
1218.1325,1218.1697,68437,81927,Rhinolophus ferrumequinum,0.025,0.025,-1,Echolocation,/mnt/ubna_data_01_mir/recover-20220825/UBNA_002/20220823_033000.WAV,Telephone Field,recover-20220825,002,1795
1218.1505,1218.1927,68437,82998,Rhinolophus ferrumequinum,0.023,0.023,-1,Echolocation,/mnt/ubna_data_01_mir/recover-20220825/UBNA_002/20220823_033000.WAV,Telephone Field,recover-20220825,002,1795
1218.1535,1218.1621,28906,37734,Eptesicus serotinus,0.009,0.023,-1,Echolocation,/mnt/ubna_data_01_mir/recover-20220825/UBNA_002/20220823_033000.WAV,Telephone Field,recover-20220825,002,1795
1218.1805,1218.1898,28906,38866,Eptesicus serotinus,0.008,0.021,-1,Echolocation,/mnt/ubna_data_01_mir/recover-20220825/UBNA_002/20220823_033000.WAV,Telephone Field,recover-20220825,002,1795
1218.1945,1218.2326,68437,81801,Rhinolophus ferrumequinum,0.024,0.024,-1,Echolocation,/mnt/ubna_data_01_mir/recover-20220825/UBNA_002/20220823_033000.WAV,Telephone Field,recover-20220825,002,1795
1218.2255,1218.2675,68437,82473,Rhinolophus ferrumequinum,0.025,0.025,-1,Echolocation,/mnt/ubna_data_01_mir/recover-20220825/UBNA_002/20220823_033000.WAV,Telephone Field,recover-20220825,002,1795
1218.2255,1218.2341,26328,34475,Eptesicus serotinus,0.007,0.021,-1,Echolocation,/mnt/ubna_data_01_mir/recover-20220825/UBNA_002/20220823_033000.WAV,Telephone Field,recover-20220825,002,1795
1218.2445,1218.2817,68437,81949,Rhinolophus ferrumequinum,0.023,0.023,-1,Echolocation,/mnt/ubna_data_01_mir/recover-20220825/UBNA_002/20220823_033000.WAV,Telephone Field,recover-20220825,002,1795
1218.2595,1218.2976,68437,81844,Rhinolophus ferrumequinum,0.021,0.021,-1,Echolocation,/mnt/ubna_data_01_mir/recover-20220825/UBNA_002/20220823_033000.WAV,Telephone Field,recover-20220825,002,1795
1218.2605,1218.2688,23750,30745,Plecotus austriacus,0.008,0.023,-1,Echolocation,/mnt/ubna_data_01_mir/recover-20220825/UBNA_002/20220823_033000.WAV,Telephone Field,recover-20220825,002,1795
1218.2705,1218.2783,50390,55147,Pipistrellus pipistrellus,0.021,0.025,-1,Echolocation,/mnt/ubna_data_01_mir/recover-20220825/UBNA_002/20220823_033000.WAV,Telephone Field,recover-20220825,002,1795
1218.3035,1218.3431,68437,82475,Rhinolophus ferrumequinum,0.028,0.028,-1,Echolocation,/mnt/ubna_data_01_mir/recover-20220825/UBNA_002/20220823_033000.WAV,Telephone Field,recover-20220825,002,1795
1218.3225,1218.3632,68437,82624,Rhinolophus ferrumequinum,0.03,0.03,-1,Echolocation,/mnt/ubna_data_01_mir/recover-20220825/UBNA_002/20220823_033000.WAV,Telephone Field,recover-20220825,002,1795
1218.3615,1218.4022,68437,82887,Rhinolophus ferrumequinum,0.029,0.029,-1,Echolocation,/mnt/ubna_data_01_mir/recover-20220825/UBNA_002/20220823_033000.WAV,Telephone Field,recover-20220825,002,1795
1218.4145,1218.4534,68437,82151,Rhinolophus ferrumequinum,0.022,0.022,-1,Echolocation,/mnt/ubna_data_01_mir/recover-20220825/UBNA_002/20220823_033000.WAV,Telephone Field,recover-20220825,002,1795
1218.4245,1218.4349,22031,26651,Nyctalus leisleri,0.01,0.022,-1,Echolocation,/mnt/ubna_data_01_mir/recover-20220825/UBNA_002/20220823_033000.WAV,Telephone Field,recover-20220825,002,1795
1218.4455,1218.4814,68437,81625,Rhinolophus ferrumequinum,0.021,0.021,-1,Echolocation,/mnt/ubna_data_01_mir/recover-20220825/UBNA_002/20220823_033000.WAV,Telephone Field,recover-20220825,002,1795
1218.4745,1218.5161,68437,82151,Rhinolophus ferrumequinum,0.039,0.039,-1,Echolocation,/mnt/ubna_data_01_mir/recover-20220825/UBNA_002/20220823_033000.WAV,Telephone Field,recover-20220825,002,1795
1218.4915,1218.5029,27187,33434,Eptesicus serotinus,0.02,0.039,-1,Echolocation,/mnt/ubna_data_01_mir/recover-20220825/UBNA_002/20220823_033000.WAV,Telephone Field,recover-20220825,002,1795
1218.5105,1218.5206,50390,61165,Pipistrellus pipistrellus,0.015,0.021,-1,Echolocation,/mnt/ubna_data_01_mir/recover-20220825/UBNA_002/20220823_033000.WAV,Telephone Field,recover-20220825,002,1795
1218.5115,1218.5528,68437,83216,Rhinolophus ferrumequinum,0.041,0.041,-1,Echolocation,/mnt/ubna_data_01_mir/recover-20220825/UBNA_002/20220823_033000.WAV,Telephone Field,recover-20220825,002,1795
1218.5515,1218.5894,68437,82716,Rhinolophus ferrumequinum,0.024,0.024,-1,Echolocation,/mnt/ubna_data_01_mir/recover-20220825/UBNA_002/20220823_033000.WAV,Telephone Field,recover-20220825,002,1795
1218.5565,1218.5644,28046,38051,Eptesicus serotinus,0.007,0.023,-1,Echolocation,/mnt/ubna_data_01_mir/recover-20220825/UBNA_002/20220823_033000.WAV,Telephone Field,recover-20220825,002,1795
1218.5785,1218.6181,68437,82177,Rhinolophus ferrumequinum,0.021,0.021,-1,Echolocation,/mnt/ubna_data_01_mir/recover-20220825/UBNA_002/20220823_033000.WAV,Telephone Field,recover-20220825,002,1795
1218.5895,1218.6295,68437,82516,Rhinolophus ferrumequinum,0.021,0.021,-1,Echolocation,/mnt/ubna_data_01_mir/recover-20220825/UBNA_002/20220823_033000.WAV,Telephone Field,recover-20220825,002,1795
1218.6035,1218.6137,28906,35853,Eptesicus serotinus,0.01,0.02,-1,Echolocation,/mnt/ubna_data_01_mir/recover-20220825/UBNA_002/20220823_033000.WAV,Telephone Field,recover-20220825,002,1795
1218.6125,1218.6521,68437,82428,Rhinolophus ferrumequinum,0.021,0.021,-1,Echolocation,/mnt/ubna_data_01_mir/recover-20220825/UBNA_002/20220823_033000.WAV,Telephone Field,recover-20220825,002,1795
1218.6325,1218.6406,28906,37370,Eptesicus serotinus,0.007,0.021,-1,Echolocation,/mnt/ubna_data_01_mir/recover-20220825/UBNA_002/20220823_033000.WAV,Telephone Field,recover-20220825,002,1795
1218.6995,1218.7384,68437,82298,Rhinolophus ferrumequinum,0.022,0.022,-1,Echolocation,/mnt/ubna_data_01_mir/recover-20220825/UBNA_002/20220823_033000.WAV,Telephone Field,recover-20220825,002,1795
1218.7255,1218.766,68437,82716,Rhinolophus ferrumequinum,0.021,0.021,-1,Echolocation,/mnt/ubna_data_01_mir/recover-20220825/UBNA_002/20220823_033000.WAV,Telephone Field,recover-20220825,002,1795
1218.7395,1218.753,24609,29294,Nyctalus leisleri,0.059,0.155,-1,Echolocation,/mnt/ubna_data_01_mir/recover-20220825/UBNA_002/20220823_033000.WAV,Telephone Field,recover-20220825,002,1795
1218.7445,1218.7825,68437,82007,Rhinolophus ferrumequinum,0.021,0.022,-1,Echolocation,/mnt/ubna_data_01_mir/recover-20220825/UBNA_002/20220823_033000.WAV,Telephone Field,recover-20220825,002,1795
1218.7705,1218.8123,68437,83102,Rhinolophus ferrumequinum,0.037,0.037,-1,Echolocation,/mnt/ubna_data_01_mir/recover-20220825/UBNA_002/20220823_033000.WAV,Telephone Field,recover-20220825,002,1795
1218.7845,1218.8197,67578,79208,Rhinolophus ferrumequinum,0.021,0.021,-1,Echolocation,/mnt/ubna_data_01_mir/recover-20220825/UBNA_002/20220823_033000.WAV,Telephone Field,recover-20220825,002,1795
1218.7955,1218.8028,28046,38754,Eptesicus serotinus,0.006,0.02,-1,Echolocation,/mnt/ubna_data_01_mir/recover-20220825/UBNA_002/20220823_033000.WAV,Telephone Field,recover-20220825,002,1795
1218.8175,1218.8263,28906,37045,Eptesicus serotinus,0.008,0.022,-1,Echolocation,/mnt/ubna_data_01_mir/recover-20220825/UBNA_002/20220823_033000.WAV,Telephone Field,recover-20220825,002,1795
1218.8325,1218.8743,68437,83044,Rhinolophus ferrumequinum,0.022,0.022,-1,Echolocation,/mnt/ubna_data_01_mir/recover-20220825/UBNA_002/20220823_033000.WAV,Telephone Field,recover-20220825,002,1795
1218.8385,1218.8763,68437,82229,Rhinolophus ferrumequinum,0.021,0.021,-1,Echolocation,/mnt/ubna_data_01_mir/recover-20220825/UBNA_002/20220823_033000.WAV,Telephone Field,recover-20220825,002,1795
1218.8955,1218.9354,68437,82389,Rhinolophus ferrumequinum,0.03,0.03,-1,Echolocation,/mnt/ubna_data_01_mir/recover-20220825/UBNA_002/20220823_033000.WAV,Telephone Field,recover-20220825,002,1795
1218.8985,1218.9083,22031,27194,Nyctalus leisleri,0.008,0.02,-1,Echolocation,/mnt/ubna_data_01_mir/recover-20220825/UBNA_002/20220823_033000.WAV,Telephone Field,recover-20220825,002,1795
1218.9175,1218.9608,68437,83256,Rhinolophus ferrumequinum,0.029,0.029,-1,Echolocation,/mnt/ubna_data_01_mir/recover-20220825/UBNA_002/20220823_033000.WAV,Telephone Field,recover-20220825,002,1795
1218.9315,1218.972,68437,82871,Rhinolophus ferrumequinum,0.024,0.024,-1,Echolocation,/mnt/ubna_data_01_mir/recover-20220825/UBNA_002/20220823_033000.WAV,Telephone Field,recover-20220825,002,1795
1218.9405,1218.9771,68437,81933,Rhinolophus ferrumequinum,0.022,0.022,-1,Echolocation,/mnt/ubna_data_01_mir/recover-20220825/UBNA_002/20220823_033000.WAV,Telephone Field,recover-20220825,002,1795
1218.9765,1219.0143,68437,81970,Rhinolophus ferrumequinum,0.023,0.023,-1,Echolocation,/mnt/ubna_data_01_mir/recover-20220825/UBNA_002/20220823_033000.WAV,Telephone Field,recover-20220825,002,1795
1218.9775,1218.9929,23750,28584,Nyctalus leisleri,0.021,0.047,-1,Echolocation,/mnt/ubna_data_01_mir/recover-20220825/UBNA_002/20220823_033000.WAV,Telephone Field,recover-20220825,002,1795
1219.0195,1219.0569,68437,81169,Rhinolophus ferrumequinum,0.022,0.022,-1,Echolocation,/mnt/ubna_data_01_mir/recover-20220825/UBNA_002/20220823_033000.WAV,Telephone Field,recover-20220825,002,1795
1219.0425,1219.0537,22890,27822,Nyctalus leisleri,0.01,0.021,-1,Echolocation,/mnt/ubna_data_01_mir/recover-20220825/UBNA_002/20220823_033000.WAV,Telephone Field,recover-20220825,002,1795
1219.0435,1219.083,68437,82294,Rhinolophus ferrumequinum,0.021,0.021,-1,Echolocation,/mnt/ubna_data_01_mir/recover-20220825/UBNA_002/20220823_033000.WAV,Telephone Field,recover-20220825,002,1795
1219.0725,1219.0791,27187,40348,Eptesicus serotinus,0.007,0.025,-1,Echolocation,/mnt/ubna_data_01_mir/recover-20220825/UBNA_002/20220823_033000.WAV,Telephone Field,recover-20220825,002,1795
1219.0785,1219.1186,68437,82441,Rhinolophus ferrumequinum,0.021,0.021,-1,Echolocation,/mnt/ubna_data_01_mir/recover-20220825/UBNA_002/20220823_033000.WAV,Telephone Field,recover-20220825,002,1795
1219.0995,1219.1389,68437,82701,Rhinolophus ferrumequinum,0.023,0.023,-1,Echolocation,/mnt/ubna_data_01_mir/recover-20220825/UBNA_002/20220823_033000.WAV,Telephone Field,recover-20220825,002,1795
1219.1145,1219.1568,68437,82774,Rhinolophus ferrumequinum,0.026,0.026,-1,Echolocation,/mnt/ubna_data_01_mir/recover-20220825/UBNA_002/20220823_033000.WAV,Telephone Field,recover-20220825,002,1795
1219.1245,1219.1613,68437,81637,Rhinolophus ferrumequinum,0.021,0.021,-1,Echolocation,/mnt/ubna_data_01_mir/recover-20220825/UBNA_002/20220823_033000.WAV,Telephone Field,recover-20220825,002,1795
1219.1385,1219.147,28046,38956,Eptesicus serotinus,0.008,0.02,-1,Echolocation,/mnt/ubna_data_01_mir/recover-20220825/UBNA_002/20220823_033000.WAV,Telephone Field,recover-20220825,002,1795
1219.1865,1219.2234,68437,81298,Rhinolophus ferrumequinum,0.02,0.02,-1,Echolocation,/mnt/ubna_data_01_mir/recover-20220825/UBNA_002/20220823_033000.WAV,Telephone Field,recover-20220825,002,1795
1219.1965,1219.2074,23750,28933,Nyctalus leisleri,0.011,0.024,-1,Echolocation,/mnt/ubna_data_01_mir/recover-20220825/UBNA_002/20220823_033000.WAV,Telephone Field,recover-20220825,002,1795
1219.2185,1219.2575,68437,82107,Rhinolophus ferrumequinum,0.021,0.021,-1,Echolocation,/mnt/ubna_data_01_mir/recover-20220825/UBNA_002/20220823_033000.WAV,Telephone Field,recover-20220825,002,1795
1219.2325,1219.2769,68437,82826,Rhinolophus ferrumequinum,0.025,0.025,-1,Echolocation,/mnt/ubna_data_01_mir/recover-20220825/UBNA_002/20220823_033000.WAV,Telephone Field,recover-20220825,002,1795
1219.2375,1219.2793,68437,82587,Rhinolophus ferrumequinum,0.025,0.025,-1,Echolocation,/mnt/ubna_data_01_mir/recover-20220825/UBNA_002/20220823_033000.WAV,Telephone Field,recover-20220825,002,1795
1219.2515,1219.2725,20312,23281,Nyctalus leisleri,0.022,0.041,-1,Echolocation,/mnt/ubna_data_01_mir/recover-20220825/UBNA_002/20220823_033000.WAV,Telephone Field,recover-20220825,002,1795
1219.2695,1219.3093,68437,82583,Rhinolophus ferrumequinum,0.021,0.021,-1,Echolocation,/mnt/ubna_data_01_mir/recover-20220825/UBNA_002/20220823_033000.WAV,Telephone Field,recover-20220825,002,1795
1219.2705,1219.2841,23750,29530,Nyctalus leisleri,0.016,0.033,-1,Echolocation,/mnt/ubna_data_01_mir/recover-20220825/UBNA_002/20220823_033000.WAV,Telephone Field,recover-20220825,002,1795
1219.2915,1219.301,25468,33412,Eptesicus serotinus,0.009,0.023,-1,Echolocation,/mnt/ubna_data_01_mir/recover-20220825/UBNA_002/20220823_033000.WAV,Telephone Field,recover-20220825,002,1795
1219.3085,1219.3479,68437,82323,Rhinolophus ferrumequinum,0.025,0.025,-1,Echolocation,/mnt/ubna_data_01_mir/recover-20220825/UBNA_002/20220823_033000.WAV,Telephone Field,recover-20220825,002,1795
1219.3135,1219.3234,23750,29227,Nyctalus leisleri,0.011,0.024,-1,Echolocation,/mnt/ubna_data_01_mir/recover-20220825/UBNA_002/20220823_033000.WAV,Telephone Field,recover-20220825,002,1795
1219.3165,1219.3564,68437,82441,Rhinolophus ferrumequinum,0.025,0.025,-1,Echolocation,/mnt/ubna_data_01_mir/recover-20220825/UBNA_002/20220823_033000.WAV,Telephone Field,recover-20220825,002,1795
1219.3385,1219.382,68437,83445,Rhinolophus ferrumequinum,0.029,0.029,-1,Echolocation,/mnt/ubna_data_01_mir/recover-20220825/UBNA_002/20220823_033000.WAV,Telephone Field,recover-20220825,002,1795
1219.3485,1219.3905,68437,82449,Rhinolophus ferrumequinum,0.024,0.024,-1,Echolocation,/mnt/ubna_data_01_mir/recover-20220825/UBNA_002/20220823_033000.WAV,Telephone Field,recover-20220825,002,1795
1219.3825,1219.392,24609,31069,Nyctalus leisleri,0.011,0.028,-1,Echolocation,/mnt/ubna_data_01_mir/recover-20220825/UBNA_002/20220823_033000.WAV,Telephone Field,recover-20220825,002,1795
1219.4195,1219.462,68437,83010,Rhinolophus ferrumequinum,0.021,0.021,-1,Echolocation,/mnt/ubna_data_01_mir/recover-20220825/UBNA_002/20220823_033000.WAV,Telephone Field,recover-20220825,002,1795
1219.4405,1219.4776,68437,81758,Rhinolophus ferrumequinum,0.025,0.025,-1,Echolocation,/mnt/ubna_data_01_mir/recover-20220825/UBNA_002/20220823_033000.WAV,Telephone Field,recover-20220825,002,1795
1219.4585,1219.4973,68437,81704,Rhinolophus ferrumequinum,0.02,0.02,-1,Echolocation,/mnt/ubna_data_01_mir/recover-20220825/UBNA_002/20220823_033000.WAV,Telephone Field,recover-20220825,002,1795
1219.4685,1219.5073,68437,82218,Rhinolophus ferrumequinum,0.021,0.021,-1,Echolocation,/mnt/ubna_data_01_mir/recover-20220825/UBNA_002/20220823_033000.WAV,Telephone Field,recover-20220825,002,1795
1219.4705,1219.4793,29765,39913,Eptesicus serotinus,0.008,0.025,-1,Echolocation,/mnt/ubna_data_01_mir/recover-20220825/UBNA_002/20220823_033000.WAV,Telephone Field,recover-20220825,002,1795
1219.4965,1219.5059,24609,33144,Nyctalus leisleri,0.008,0.028,-1,Echolocation,/mnt/ubna_data_01_mir/recover-20220825/UBNA_002/20220823_033000.WAV,Telephone Field,recover-20220825,002,1795
1219.5125,1219.5557,68437,83116,Rhinolophus ferrumequinum,0.03,0.03,-1,Echolocation,/mnt/ubna_data_01_mir/recover-20220825/UBNA_002/20220823_033000.WAV,Telephone Field,recover-20220825,002,1795
1219.5375,1219.5746,68437,81459,Rhinolophus ferrumequinum,0.021,0.021,-1,Echolocation,/mnt/ubna_data_01_mir/recover-20220825/UBNA_002/20220823_033000.WAV,Telephone Field,recover-20220825,002,1795
1219.5875,1219.6247,68437,81965,Rhinolophus ferrumequinum,0.02,0.02,-1,Echolocation,/mnt/ubna_data_01_mir/recover-20220825/UBNA_002/20220823_033000.WAV,Telephone Field,recover-20220825,002,1795
1219.6045,1219.6124,28046,39324,Eptesicus serotinus,0.007,0.022,-1,Echolocation,/mnt/ubna_data_01_mir/recover-20220825/UBNA_002/20220823_033000.WAV,Telephone Field,recover-20220825,002,1795
1219.6325,1219.6545,18593,21046,Nyctalus noctula,0.011,0.023,-1,Echolocation,/mnt/ubna_data_01_mir/recover-20220825/UBNA_002/20220823_033000.WAV,Telephone Field,recover-20220825,002,1795
1219.6405,1219.6788,68437,82311,Rhinolophus ferrumequinum,0.021,0.021,-1,Echolocation,/mnt/ubna_data_01_mir/recover-20220825/UBNA_002/20220823_033000.WAV,Telephone Field,recover-20220825,002,1795
1219.6665,1219.6736,28046,41482,Eptesicus serotinus,0.007,0.023,-1,Echolocation,/mnt/ubna_data_01_mir/recover-20220825/UBNA_002/20220823_033000.WAV,Telephone Field,recover-20220825,002,1795
1219.6945,1219.7344,68437,82281,Rhinolophus ferrumequinum,0.021,0.021,-1,Echolocation,/mnt/ubna_data_01_mir/recover-20220825/UBNA_002/20220823_033000.WAV,Telephone Field,recover-20220825,002,1795
1219.7105,1219.7461,68437,80849,Rhinolophus ferrumequinum,0.021,0.021,-1,Echolocation,/mnt/ubna_data_01_mir/recover-20220825/UBNA_002/20220823_033000.WAV,Telephone Field,recover-20220825,002,1795
1219.7545,1219.7957,68437,83222,Rhinolophus ferrumequinum,0.03,0.03,-1,Echolocation,/mnt/ubna_data_01_mir/recover-20220825/UBNA_002/20220823_033000.WAV,Telephone Field,recover-20220825,002,1795
1219.7725,1219.81,68437,81742,Rhinolophus ferrumequinum,0.021,0.021,-1,Echolocation,/mnt/ubna_data_01_mir/recover-20220825/UBNA_002/20220823_033000.WAV,Telephone Field,recover-20220825,002,1795
1219.7765,1219.785,28906,37334,Eptesicus serotinus,0.009,0.026,-1,Echolocation,/mnt/ubna_data_01_mir/recover-20220825/UBNA_002/20220823_033000.WAV,Telephone Field,recover-20220825,002,1795
1219.7955,1219.8098,23750,28158,Nyctalus leisleri,0.016,0.03,-1,Echolocation,/mnt/ubna_data_01_mir/recover-20220825/UBNA_002/20220823_033000.WAV,Telephone Field,recover-20220825,002,1795
1219.8015,1219.8406,68437,81851,Rhinolophus ferrumequinum,0.022,0.022,-1,Echolocation,/mnt/ubna_data_01_mir/recover-20220825/UBNA_002/20220823_033000.WAV,Telephone Field,recover-20220825,002,1795
1219.8125,1219.8489,68437,81697,Rhinolophus ferrumequinum,0.024,0.024,-1,Echolocation,/mnt/ubna_data_01_mir/recover-20220825/UBNA_002/20220823_033000.WAV,Telephone Field,recover-20220825,002,1795
1219.8125,1219.8198,28906,40684,Eptesicus serotinus,0.008,0.027,-1,Echolocation,/mnt/ubna_data_01_mir/recover-20220825/UBNA_002/20220823_033000.WAV,Telephone Field,recover-20220825,002,1795
1219.8195,1219.8562,68437,81808,Rhinolophus ferrumequinum,0.02,0.02,-1,Echolocation,/mnt/ubna_data_01_mir/recover-20220825/UBNA_002/20220823_033000.WAV,Telephone Field,recover-20220825,002,1795
1219.8205,1219.8307,24609,31046,Nyctalus leisleri,0.009,0.027,-1,Echolocation,/mnt/ubna_data_01_mir/recover-20220825/UBNA_002/20220823_033000.WAV,Telephone Field,recover-20220825,002,1795
1219.8535,1219.8959,68437,82066,Rhinolophus ferrumequinum,0.02,0.02,-1,Echolocation,/mnt/ubna_data_01_mir/recover-20220825/UBNA_002/20220823_033000.WAV,Telephone Field,recover-20220825,002,1795
1219.8755,1219.9097,68437,81546,Rhinolophus ferrumequinum,0.02,0.02,-1,Echolocation,/mnt/ubna_data_01_mir/recover-20220825/UBNA_002/20220823_033000.WAV,Telephone Field,recover-20220825,002,1795
1219.8865,1219.8924,46953,54517,Pipistrellus pipistrellus,0.038,0.04,-1,Echolocation,/mnt/ubna_data_01_mir/recover-20220825/UBNA_002/20220823_033000.WAV,Telephone Field,recover-20220825,002,1795
1219.9295,1219.9666,68437,81611,Rhinolophus ferrumequinum,0.024,0.024,-1,Echolocation,/mnt/ubna_data_01_mir/recover-20220825/UBNA_002/20220823_033000.WAV,Telephone Field,recover-20220825,002,1795
1219.9315,1219.9438,23750,29932,Nyctalus leisleri,0.012,0.027,-1,Echolocation,/mnt/ubna_data_01_mir/recover-20220825/UBNA_002/20220823_033000.WAV,Telephone Field,recover-20220825,002,1795
1219.9605,1219.9971,68437,81721,Rhinolophus ferrumequinum,0.021,0.021,-1,Echolocation,/mnt/ubna_data_01_mir/recover-20220825/UBNA_002/20220823_033000.WAV,Telephone Field,recover-20220825,002,1795
1219.9855,1219.9989,22890,27228,Nyctalus leisleri,0.015,0.027,-1,Echolocation,/mnt/ubna_data_01_mir/recover-20220825/UBNA_002/20220823_033000.WAV,Telephone Field,recover-20220825,002,1795
1220.0015,1220.0104,26328,37036,Nyctalus leisleri,0.005,0.025,-1,Echolocation,/mnt/ubna_data_01_mir/recover-20220825/UBNA_002/20220823_033000.WAV,Telephone Field,recover-20220825,002,1795
1220.0015,1220.0344,68437,80298,Rhinolophus ferrumequinum,0.034,0.034,-1,Echolocation,/mnt/ubna_data_01_mir/recover-20220825/UBNA_002/20220823_033000.WAV,Telephone Field,recover-20220825,002,1795
1220.0155,1220.0229,23750,32323,Plecotus austriacus,0.009,0.023,-1,Echolocation,/mnt/ubna_data_01_mir/recover-20220825/UBNA_002/20220823_033000.WAV,Telephone Field,recover-20220825,002,1795
1220.0345,1220.0736,68437,81490,Rhinolophus ferrumequinum,0.022,0.022,-1,Echolocation,/mnt/ubna_data_01_mir/recover-20220825/UBNA_002/20220823_033000.WAV,Telephone Field,recover-20220825,002,1795
1220.0415,1220.0817,68437,82657,Rhinolophus ferrumequinum,0.023,0.023,-1,Echolocation,/mnt/ubna_data_01_mir/recover-20220825/UBNA_002/20220823_033000.WAV,Telephone Field,recover-20220825,002,1795
1220.0715,1220.0788,15156,25793,Plecotus auritus,0.017,0.023,-1,Echolocation,/mnt/ubna_data_01_mir/recover-20220825/UBNA_002/20220823_033000.WAV,Telephone Field,recover-20220825,002,1795
1220.0725,1220.0796,48671,52653,Pipistrellus pipistrellus,0.02,0.021,-1,Echolocation,/mnt/ubna_data_01_mir/recover-20220825/UBNA_002/20220823_033000.WAV,Telephone Field,recover-20220825,002,1795
1220.0885,1220.0995,22031,27613,Nyctalus leisleri,0.011,0.025,-1,Echolocation,/mnt/ubna_data_01_mir/recover-20220825/UBNA_002/20220823_033000.WAV,Telephone Field,recover-20220825,002,1795
1220.1065,1220.1433,68437,81070,Rhinolophus ferrumequinum,0.023,0.023,-1,Echolocation,/mnt/ubna_data_01_mir/recover-20220825/UBNA_002/20220823_033000.WAV,Telephone Field,recover-20220825,002,1795
1220.1275,1220.138,25468,31972,Nyctalus leisleri,0.013,0.035,-1,Echolocation,/mnt/ubna_data_01_mir/recover-20220825/UBNA_002/20220823_033000.WAV,Telephone Field,recover-20220825,002,1795
1220.1425,1220.1815,68437,81935,Rhinolophus ferrumequinum,0.028,0.028,-1,Echolocation,/mnt/ubna_data_01_mir/recover-20220825/UBNA_002/20220823_033000.WAV,Telephone Field,recover-20220825,002,1795
1220.1525,1220.1642,22031,26052,Nyctalus leisleri,0.014,0.025,-1,Echolocation,/mnt/ubna_data_01_mir/recover-20220825/UBNA_002/20220823_033000.WAV,Telephone Field,recover-20220825,002,1795
1220.1665,1220.1844,19453,22037,Nyctalus leisleri,0.013,0.022,-1,Echolocation,/mnt/ubna_data_01_mir/recover-20220825/UBNA_002/20220823_033000.WAV,Telephone Field,recover-20220825,002,1795
1220.1825,1220.2228,68437,82376,Rhinolophus ferrumequinum,0.026,0.026,-1,Echolocation,/mnt/ubna_data_01_mir/recover-20220825/UBNA_002/20220823_033000.WAV,Telephone Field,recover-20220825,002,1795
1220.2115,1220.2511,68437,82548,Rhinolophus ferrumequinum,0.024,0.024,-1,Echolocation,/mnt/ubna_data_01_mir/recover-20220825/UBNA_002/20220823_033000.WAV,Telephone Field,recover-20220825,002,1795
1220.2125,1220.22,48671,52369,Pipistrellus pipistrellus,0.023,0.024,-1,Echolocation,/mnt/ubna_data_01_mir/recover-20220825/UBNA_002/20220823_033000.WAV,Telephone Field,recover-20220825,002,1795
1220.2385,1220.2729,68437,81507,Rhinolophus ferrumequinum,0.022,0.022,-1,Echolocation,/mnt/ubna_data_01_mir/recover-20220825/UBNA_002/20220823_033000.WAV,Telephone Field,recover-20220825,002,1795
1220.2455,1220.2541,25468,33608,Eptesicus serotinus,0.008,0.022,-1,Echolocation,/mnt/ubna_data_01_mir/recover-20220825/UBNA_002/20220823_033000.WAV,Telephone Field,recover-20220825,002,1795
1220.3105,1220.3209,44375,47990,Pipistrellus pipistrellus,0.019,0.021,-1,Echolocation,/mnt/ubna_data_01_mir/recover-20220825/UBNA_002/20220823_033000.WAV,Telephone Field,recover-20220825,002,1795
1220.3115,1220.3491,68437,81642,Rhinolophus ferrumequinum,0.022,0.022,-1,Echolocation,/mnt/ubna_data_01_mir/recover-20220825/UBNA_002/20220823_033000.WAV,Telephone Field,recover-20220825,002,1795
1220.3175,1220.327,28046,38117,Eptesicus serotinus,0.01,0.023,-1,Echolocation,/mnt/ubna_data_01_mir/recover-20220825/UBNA_002/20220823_033000.WAV,Telephone Field,recover-20220825,002,1795
1220.3205,1220.3608,68437,83000,Rhinolophus ferrumequinum,0.029,0.03,-1,Echolocation,/mnt/ubna_data_01_mir/recover-20220825/UBNA_002/20220823_033000.WAV,Telephone Field,recover-20220825,002,1795
1220.3425,1220.3508,50390,56519,Pipistrellus pipistrellus,0.02,0.023,-1,Echolocation,/mnt/ubna_data_01_mir/recover-20220825/UBNA_002/20220823_033000.WAV,Telephone Field,recover-20220825,002,1795
1220.3955,1220.4069,22031,26061,Nyctalus leisleri,0.012,0.022,-1,Echolocation,/mnt/ubna_data_01_mir/recover-20220825/UBNA_002/20220823_033000.WAV,Telephone Field,recover-20220825,002,1795
1220.4085,1220.4172,28046,39802,Eptesicus serotinus,0.012,0.028,-1,Echolocation,/mnt/ubna_data_01_mir/recover-20220825/UBNA_002/20220823_033000.WAV,Telephone Field,recover-20220825,002,1795
1220.4395,1220.4469,28046,38213,Eptesicus serotinus,0.007,0.021,-1,Echolocation,/mnt/ubna_data_01_mir/recover-20220825/UBNA_002/20220823_033000.WAV,Telephone Field,recover-20220825,002,1795
1220.4535,1220.4949,68437,82390,Rhinolophus ferrumequinum,0.022,0.022,-1,Echolocation,/mnt/ubna_data_01_mir/recover-20220825/UBNA_002/20220823_033000.WAV,Telephone Field,recover-20220825,002,1795
1220.4625,1220.4709,28046,40226,Eptesicus serotinus,0.008,0.025,-1,Echolocation,/mnt/ubna_data_01_mir/recover-20220825/UBNA_002/20220823_033000.WAV,Telephone Field,recover-20220825,002,1795
1220.5215,1220.5614,68437,81866,Rhinolophus ferrumequinum,0.024,0.024,-1,Echolocation,/mnt/ubna_data_01_mir/recover-20220825/UBNA_002/20220823_033000.WAV,Telephone Field,recover-20220825,002,1795
1220.5325,1220.5704,68437,82235,Rhinolophus ferrumequinum,0.023,0.023,-1,Echolocation,/mnt/ubna_data_01_mir/recover-20220825/UBNA_002/20220823_033000.WAV,Telephone Field,recover-20220825,002,1795
1220.5395,1220.5794,68437,82666,Rhinolophus ferrumequinum,0.025,0.025,-1,Echolocation,/mnt/ubna_data_01_mir/recover-20220825/UBNA_002/20220823_033000.WAV,Telephone Field,recover-20220825,002,1795
1220.5475,1220.5639,22890,26245,Nyctalus leisleri,0.076,0.133,-1,Echolocation,/mnt/ubna_data_01_mir/recover-20220825/UBNA_002/20220823_033000.WAV,Telephone Field,recover-20220825,002,1795
1220.5665,1220.6013,68437,81934,Rhinolophus ferrumequinum,0.026,0.026,-1,Echolocation,/mnt/ubna_data_01_mir/recover-20220825/UBNA_002/20220823_033000.WAV,Telephone Field,recover-20220825,002,1795
1220.6065,1220.6459,68437,82587,Rhinolophus ferrumequinum,0.025,0.025,-1,Echolocation,/mnt/ubna_data_01_mir/recover-20220825/UBNA_002/20220823_033000.WAV,Telephone Field,recover-20220825,002,1795
1220.6855,1220.7234,68437,82329,Rhinolophus ferrumequinum,0.024,0.024,-1,Echolocation,/mnt/ubna_data_01_mir/recover-20220825/UBNA_002/20220823_033000.WAV,Telephone Field,recover-20220825,002,1795
1220.6985,1220.7373,68437,82120,Rhinolophus ferrumequinum,0.021,0.021,-1,Echolocation,/mnt/ubna_data_01_mir/recover-20220825/UBNA_002/20220823_033000.WAV,Telephone Field,recover-20220825,002,1795
1220.7875,1220.824,68437,81091,Rhinolophus ferrumequinum,0.022,0.022,-1,Echolocation,/mnt/ubna_data_01_mir/recover-20220825/UBNA_002/20220823_033000.WAV,Telephone Field,recover-20220825,002,1795
1220.8735,1220.9159,68437,83534,Rhinolophus ferrumequinum,0.033,0.033,-1,Echolocation,/mnt/ubna_data_01_mir/recover-20220825/UBNA_002/20220823_033000.WAV,Telephone Field,recover-20220825,002,1795
1220.9035,1220.943,68437,81847,Rhinolophus ferrumequinum,0.022,0.023,-1,Echolocation,/mnt/ubna_data_01_mir/recover-20220825/UBNA_002/20220823_033000.WAV,Telephone Field,recover-20220825,002,1795
1220.9265,1220.9634,68437,81939,Rhinolophus ferrumequinum,0.021,0.021,-1,Echolocation,/mnt/ubna_data_01_mir/recover-20220825/UBNA_002/20220823_033000.WAV,Telephone Field,recover-20220825,002,1795
1220.9435,1220.952,25468,34316,Eptesicus serotinus,0.008,0.023,-1,Echolocation,/mnt/ubna_data_01_mir/recover-20220825/UBNA_002/20220823_033000.WAV,Telephone Field,recover-20220825,002,1795
1220.9635,1221.0027,68437,81963,Rhinolophus ferrumequinum,0.039,0.039,-1,Echolocation,/mnt/ubna_data_01_mir/recover-20220825/UBNA_002/20220823_033000.WAV,Telephone Field,recover-20220825,002,1795
1221.0135,1221.0222,23750,31252,Plecotus austriacus,0.006,0.021,-1,Echolocation,/mnt/ubna_data_01_mir/recover-20220825/UBNA_002/20220823_033000.WAV,Telephone Field,recover-20220825,002,1795
1221.0375,1221.0762,68437,82095,Rhinolophus ferrumequinum,0.031,0.031,-1,Echolocation,/mnt/ubna_data_01_mir/recover-20220825/UBNA_002/20220823_033000.WAV,Telephone Field,recover-20220825,002,1795
1221.0395,1221.0496,28046,36526,Eptesicus serotinus,0.017,0.03,-1,Echolocation,/mnt/ubna_data_01_mir/recover-20220825/UBNA_002/20220823_033000.WAV,Telephone Field,recover-20220825,002,1795
1221.0525,1221.0886,68437,81276,Rhinolophus ferrumequinum,0.022,0.022,-1,Echolocation,/mnt/ubna_data_01_mir/recover-20220825/UBNA_002/20220823_033000.WAV,Telephone Field,recover-20220825,002,1795
1221.0545,1221.0618,24609,33743,Plecotus austriacus,0.008,0.024,-1,Echolocation,/mnt/ubna_data_01_mir/recover-20220825/UBNA_002/20220823_033000.WAV,Telephone Field,recover-20220825,002,1795
1221.0805,1221.0874,50390,57627,Pipistrellus pipistrellus,0.018,0.024,-1,Echolocation,/mnt/ubna_data_01_mir/recover-20220825/UBNA_002/20220823_033000.WAV,Telephone Field,recover-20220825,002,1795
1221.0865,1221.095,27187,36924,Eptesicus serotinus,0.01,0.024,-1,Echolocation,/mnt/ubna_data_01_mir/recover-20220825/UBNA_002/20220823_033000.WAV,Telephone Field,recover-20220825,002,1795
1221.0945,1221.1321,68437,82475,Rhinolophus ferrumequinum,0.022,0.022,-1,Echolocation,/mnt/ubna_data_01_mir/recover-20220825/UBNA_002/20220823_033000.WAV,Telephone Field,recover-20220825,002,1795
1221.1255,1221.1596,68437,81133,Rhinolophus ferrumequinum,0.021,0.021,-1,Echolocation,/mnt/ubna_data_01_mir/recover-20220825/UBNA_002/20220823_033000.WAV,Telephone Field,recover-20220825,002,1795
1221.1455,1221.1904,68437,83016,Rhinolophus ferrumequinum,0.054,0.054,-1,Echolocation,/mnt/ubna_data_01_mir/recover-20220825/UBNA_002/20220823_033000.WAV,Telephone Field,recover-20220825,002,1795
1221.1485,1221.1559,23750,32990,Plecotus austriacus,0.011,0.025,-1,Echolocation,/mnt/ubna_data_01_mir/recover-20220825/UBNA_002/20220823_033000.WAV,Telephone Field,recover-20220825,002,1795
1221.1645,1221.2018,68437,82072,Rhinolophus ferrumequinum,0.021,0.021,-1,Echolocation,/mnt/ubna_data_01_mir/recover-20220825/UBNA_002/20220823_033000.WAV,Telephone Field,recover-20220825,002,1795
1221.1825,1221.2236,68437,82464,Rhinolophus ferrumequinum,0.022,0.022,-1,Echolocation,/mnt/ubna_data_01_mir/recover-20220825/UBNA_002/20220823_033000.WAV,Telephone Field,recover-20220825,002,1795
1221.2165,1221.2535,68437,81879,Rhinolophus ferrumequinum,0.024,0.024,-1,Echolocation,/mnt/ubna_data_01_mir/recover-20220825/UBNA_002/20220823_033000.WAV,Telephone Field,recover-20220825,002,1795
1221.2315,1221.2705,68437,82025,Rhinolophus ferrumequinum,0.022,0.022,-1,Echolocation,/mnt/ubna_data_01_mir/recover-20220825/UBNA_002/20220823_033000.WAV,Telephone Field,recover-20220825,002,1795
1221.2835,1221.2933,39218,45902,Barbastellus barbastellus,0.007,0.027,-1,Echolocation,/mnt/ubna_data_01_mir/recover-20220825/UBNA_002/20220823_033000.WAV,Telephone Field,recover-20220825,002,1795
1221.3105,1221.3195,32343,42849,Eptesicus serotinus,0.006,0.024,-1,Echolocation,/mnt/ubna_data_01_mir/recover-20220825/UBNA_002/20220823_033000.WAV,Telephone Field,recover-20220825,002,1795
1221.3225,1221.3625,68437,83014,Rhinolophus ferrumequinum,0.032,0.032,-1,Echolocation,/mnt/ubna_data_01_mir/recover-20220825/UBNA_002/20220823_033000.WAV,Telephone Field,recover-20220825,002,1795
1221.3525,1221.3928,68437,82336,Rhinolophus ferrumequinum,0.026,0.026,-1,Echolocation,/mnt/ubna_data_01_mir/recover-20220825/UBNA_002/20220823_033000.WAV,Telephone Field,recover-20220825,002,1795
1221.3655,1221.4064,68437,82520,Rhinolophus ferrumequinum,0.023,0.023,-1,Echolocation,/mnt/ubna_data_01_mir/recover-20220825/UBNA_002/20220823_033000.WAV,Telephone Field,recover-20220825,002,1795
1221.4265,1221.467,68437,82549,Rhinolophus ferrumequinum,0.024,0.024,-1,Echolocation,/mnt/ubna_data_01_mir/recover-20220825/UBNA_002/20220823_033000.WAV,Telephone Field,recover-20220825,002,1795
1221.4315,1221.4448,23750,28881,Nyctalus leisleri,0.015,0.031,-1,Echolocation,/mnt/ubna_data_01_mir/recover-20220825/UBNA_002/20220823_033000.WAV,Telephone Field,recover-20220825,002,1795
1221.4535,1221.4608,28906,42690,Eptesicus serotinus,0.008,0.031,-1,Echolocation,/mnt/ubna_data_01_mir/recover-20220825/UBNA_002/20220823_033000.WAV,Telephone Field,recover-20220825,002,1795
1221.4545,1221.4597,35781,45297,Barbastellus barbastellus,0.006,0.022,-1,Echolocation,/mnt/ubna_data_01_mir/recover-20220825/UBNA_002/20220823_033000.WAV,Telephone Field,recover-20220825,002,1795
1221.4655,1221.5015,68437,82170,Rhinolophus ferrumequinum,0.028,0.028,-1,Echolocation,/mnt/ubna_data_01_mir/recover-20220825/UBNA_002/20220823_033000.WAV,Telephone Field,recover-20220825,002,1795
1221.4965,1221.5081,25468,31205,Eptesicus serotinus,0.012,0.032,-1,Echolocation,/mnt/ubna_data_01_mir/recover-20220825/UBNA_002/20220823_033000.WAV,Telephone Field,recover-20220825,002,1795
1221.5115,1221.5509,68437,82400,Rhinolophus ferrumequinum,0.024,0.024,-1,Echolocation,/mnt/ubna_data_01_mir/recover-20220825/UBNA_002/20220823_033000.WAV,Telephone Field,recover-20220825,002,1795
1221.5255,1221.5661,68437,81749,Rhinolophus ferrumequinum,0.022,0.022,-1,Echolocation,/mnt/ubna_data_01_mir/recover-20220825/UBNA_002/20220823_033000.WAV,Telephone Field,recover-20220825,002,1795
1221.5485,1221.5866,68437,82197,Rhinolophus ferrumequinum,0.022,0.022,-1,Echolocation,/mnt/ubna_data_01_mir/recover-20220825/UBNA_002/20220823_033000.WAV,Telephone Field,recover-20220825,002,1795
1221.5965,1221.6383,68437,83141,Rhinolophus ferrumequinum,0.029,0.029,-1,Echolocation,/mnt/ubna_data_01_mir/recover-20220825/UBNA_002/20220823_033000.WAV,Telephone Field,recover-20220825,002,1795
1221.5985,1221.6127,23750,29151,Nyctalus leisleri,0.015,0.034,-1,Echolocation,/mnt/ubna_data_01_mir/recover-20220825/UBNA_002/20220823_033000.WAV,Telephone Field,recover-20220825,002,1795
1221.6215,1221.6616,68437,82399,Rhinolophus ferrumequinum,0.021,0.021,-1,Echolocation,/mnt/ubna_data_01_mir/recover-20220825/UBNA_002/20220823_033000.WAV,Telephone Field,recover-20220825,002,1795
1221.6465,1221.6566,29765,38042,Eptesicus serotinus,0.014,0.029,-1,Echolocation,/mnt/ubna_data_01_mir/recover-20220825/UBNA_002/20220823_033000.WAV,Telephone Field,recover-20220825,002,1795
1221.6485,1221.6888,68437,81975,Rhinolophus ferrumequinum,0.023,0.023,-1,Echolocation,/mnt/ubna_data_01_mir/recover-20220825/UBNA_002/20220823_033000.WAV,Telephone Field,recover-20220825,002,1795
1221.6925,1221.7308,68437,81482,Rhinolophus ferrumequinum,0.023,0.023,-1,Echolocation,/mnt/ubna_data_01_mir/recover-20220825/UBNA_002/20220823_033000.WAV,Telephone Field,recover-20220825,002,1795
1221.7055,1221.7168,22890,27350,Nyctalus leisleri,0.013,0.024,-1,Echolocation,/mnt/ubna_data_01_mir/recover-20220825/UBNA_002/20220823_033000.WAV,Telephone Field,recover-20220825,002,1795
1221.7325,1221.7709,68437,82088,Rhinolophus ferrumequinum,0.022,0.022,-1,Echolocation,/mnt/ubna_data_01_mir/recover-20220825/UBNA_002/20220823_033000.WAV,Telephone Field,recover-20220825,002,1795
1221.7665,1221.7767,44375,48329,Pipistrellus pipistrellus,0.051,0.056,-1,Echolocation,/mnt/ubna_data_01_mir/recover-20220825/UBNA_002/20220823_033000.WAV,Telephone Field,recover-20220825,002,1795
1221.7705,1221.8097,68437,81951,Rhinolophus ferrumequinum,0.022,0.022,-1,Echolocation,/mnt/ubna_data_01_mir/recover-20220825/UBNA_002/20220823_033000.WAV,Telephone Field,recover-20220825,002,1795
1221.8355,1221.879,68437,83034,Rhinolophus ferrumequinum,0.04,0.04,-1,Echolocation,/mnt/ubna_data_01_mir/recover-20220825/UBNA_002/20220823_033000.WAV,Telephone Field,recover-20220825,002,1795
1221.8905,1221.8988,24609,33591,Plecotus austriacus,0.009,0.028,-1,Echolocation,/mnt/ubna_data_01_mir/recover-20220825/UBNA_002/20220823_033000.WAV,Telephone Field,recover-20220825,002,1795
1221.8975,1221.9353,68437,81530,Rhinolophus ferrumequinum,0.021,0.021,-1,Echolocation,/mnt/ubna_data_01_mir/recover-20220825/UBNA_002/20220823_033000.WAV,Telephone Field,recover-20220825,002,1795
1221.9185,1221.9589,68437,82383,Rhinolophus ferrumequinum,0.021,0.021,-1,Echolocation,/mnt/ubna_data_01_mir/recover-20220825/UBNA_002/20220823_033000.WAV,Telephone Field,recover-20220825,002,1795
1221.9525,1221.9946,68437,83433,Rhinolophus ferrumequinum,0.03,0.03,-1,Echolocation,/mnt/ubna_data_01_mir/recover-20220825/UBNA_002/20220823_033000.WAV,Telephone Field,recover-20220825,002,1795
1222.0015,1222.0113,23750,30124,Nyctalus leisleri,0.011,0.028,-1,Echolocation,/mnt/ubna_data_01_mir/recover-20220825/UBNA_002/20220823_033000.WAV,Telephone Field,recover-20220825,002,1795
1222.0015,1222.0323,68437,79915,Rhinolophus ferrumequinum,0.031,0.032,-1,Echolocation,/mnt/ubna_data_01_mir/recover-20220825/UBNA_002/20220823_033000.WAV,Telephone Field,recover-20220825,002,1795
1222.0115,1222.0222,22890,27801,Nyctalus leisleri,0.012,0.025,-1,Echolocation,/mnt/ubna_data_01_mir/recover-20220825/UBNA_002/20220823_033000.WAV,Telephone Field,recover-20220825,002,1795
1222.0205,1222.0306,24609,31853,Nyctalus leisleri,0.01,0.029,-1,Echolocation,/mnt/ubna_data_01_mir/recover-20220825/UBNA_002/20220823_033000.WAV,Telephone Field,recover-20220825,002,1795
1222.0465,1222.0849,68437,82132,Rhinolophus ferrumequinum,0.021,0.021,-1,Echolocation,/mnt/ubna_data_01_mir/recover-20220825/UBNA_002/20220823_033000.WAV,Telephone Field,recover-20220825,002,1795
1222.0815,1222.1192,68437,81951,Rhinolophus ferrumequinum,0.023,0.023,-1,Echolocation,/mnt/ubna_data_01_mir/recover-20220825/UBNA_002/20220823_033000.WAV,Telephone Field,recover-20220825,002,1795
1222.1075,1222.1136,24609,35911,Plecotus austriacus,0.014,0.034,-1,Echolocation,/mnt/ubna_data_01_mir/recover-20220825/UBNA_002/20220823_033000.WAV,Telephone Field,recover-20220825,002,1795
1222.1265,1222.1379,22031,25143,Nyctalus leisleri,0.014,0.021,-1,Echolocation,/mnt/ubna_data_01_mir/recover-20220825/UBNA_002/20220823_033000.WAV,Telephone Field,recover-20220825,002,1795
1222.1275,1222.1681,68437,82757,Rhinolophus ferrumequinum,0.021,0.021,-1,Echolocation,/mnt/ubna_data_01_mir/recover-20220825/UBNA_002/20220823_033000.WAV,Telephone Field,recover-20220825,002,1795
1222.1525,1222.1936,68437,82389,Rhinolophus ferrumequinum,0.022,0.022,-1,Echolocation,/mnt/ubna_data_01_mir/recover-20220825/UBNA_002/20220823_033000.WAV,Telephone Field,recover-20220825,002,1795
1222.2145,1222.249,68437,81133,Rhinolophus ferrumequinum,0.029,0.029,-1,Echolocation,/mnt/ubna_data_01_mir/recover-20220825/UBNA_002/20220823_033000.WAV,Telephone Field,recover-20220825,002,1795
1222.2265,1222.2632,68437,80897,Rhinolophus ferrumequinum,0.021,0.021,-1,Echolocation,/mnt/ubna_data_01_mir/recover-20220825/UBNA_002/20220823_033000.WAV,Telephone Field,recover-20220825,002,1795
1222.2565,1222.2932,68437,81469,Rhinolophus ferrumequinum,0.021,0.021,-1,Echolocation,/mnt/ubna_data_01_mir/recover-20220825/UBNA_002/20220823_033000.WAV,Telephone Field,recover-20220825,002,1795
1222.2645,1222.3019,68437,82179,Rhinolophus ferrumequinum,0.021,0.021,-1,Echolocation,/mnt/ubna_data_01_mir/recover-20220825/UBNA_002/20220823_033000.WAV,Telephone Field,recover-20220825,002,1795
1222.2715,1222.3108,68437,82711,Rhinolophus ferrumequinum,0.024,0.024,-1,Echolocation,/mnt/ubna_data_01_mir/recover-20220825/UBNA_002/20220823_033000.WAV,Telephone Field,recover-20220825,002,1795
1222.2805,1222.29,24609,32530,Nyctalus leisleri,0.007,0.022,-1,Echolocation,/mnt/ubna_data_01_mir/recover-20220825/UBNA_002/20220823_033000.WAV,Telephone Field,recover-20220825,002,1795
1222.2955,1222.3326,68437,82150,Rhinolophus ferrumequinum,0.023,0.023,-1,Echolocation,/mnt/ubna_data_01_mir/recover-20220825/UBNA_002/20220823_033000.WAV,Telephone Field,recover-20220825,002,1795
1222.3025,1222.3394,68437,81229,Rhinolophus ferrumequinum,0.022,0.022,-1,Echolocation,/mnt/ubna_data_01_mir/recover-20220825/UBNA_002/20220823_033000.WAV,Telephone Field,recover-20220825,002,1795
1222.3255,1222.3625,68437,81590,Rhinolophus ferrumequinum,0.02,0.021,-1,Echolocation,/mnt/ubna_data_01_mir/recover-20220825/UBNA_002/20220823_033000.WAV,Telephone Field,recover-20220825,002,1795
1222.3265,1222.337,22890,28295,Nyctalus leisleri,0.011,0.024,-1,Echolocation,/mnt/ubna_data_01_mir/recover-20220825/UBNA_002/20220823_033000.WAV,Telephone Field,recover-20220825,002,1795
1222.3465,1222.3848,68437,81884,Rhinolophus ferrumequinum,0.021,0.021,-1,Echolocation,/mnt/ubna_data_01_mir/recover-20220825/UBNA_002/20220823_033000.WAV,Telephone Field,recover-20220825,002,1795
1222.3575,1222.3919,68437,81157,Rhinolophus ferrumequinum,0.022,0.022,-1,Echolocation,/mnt/ubna_data_01_mir/recover-20220825/UBNA_002/20220823_033000.WAV,Telephone Field,recover-20220825,002,1795
1222.3585,1222.3681,28906,37378,Eptesicus serotinus,0.009,0.021,-1,Echolocation,/mnt/ubna_data_01_mir/recover-20220825/UBNA_002/20220823_033000.WAV,Telephone Field,recover-20220825,002,1795
1222.3775,1222.4139,68437,81385,Rhinolophus ferrumequinum,0.022,0.022,-1,Echolocation,/mnt/ubna_data_01_mir/recover-20220825/UBNA_002/20220823_033000.WAV,Telephone Field,recover-20220825,002,1795
1222.3875,1222.3952,23750,32235,Plecotus austriacus,0.012,0.027,-1,Echolocation,/mnt/ubna_data_01_mir/recover-20220825/UBNA_002/20220823_033000.WAV,Telephone Field,recover-20220825,002,1795
1222.4305,1222.469,68437,82044,Rhinolophus ferrumequinum,0.027,0.027,-1,Echolocation,/mnt/ubna_data_01_mir/recover-20220825/UBNA_002/20220823_033000.WAV,Telephone Field,recover-20220825,002,1795
1222.4485,1222.4857,68437,82032,Rhinolophus ferrumequinum,0.021,0.021,-1,Echolocation,/mnt/ubna_data_01_mir/recover-20220825/UBNA_002/20220823_033000.WAV,Telephone Field,recover-20220825,002,1795
1222.5545,1222.567,23750,28560,Nyctalus leisleri,0.012,0.024,-1,Echolocation,/mnt/ubna_data_01_mir/recover-20220825/UBNA_002/20220823_033000.WAV,Telephone Field,recover-20220825,002,1795
1222.5615,1222.5695,28906,39174,Eptesicus serotinus,0.008,0.023,-1,Echolocation,/mnt/ubna_data_01_mir/recover-20220825/UBNA_002/20220823_033000.WAV,Telephone Field,recover-20220825,002,1795
1222.5625,1222.6038,68437,81919,Rhinolophus ferrumequinum,0.028,0.028,-1,Echolocation,/mnt/ubna_data_01_mir/recover-20220825/UBNA_002/20220823_033000.WAV,Telephone Field,recover-20220825,002,1795
1222.6125,1222.652,68437,82304,Rhinolophus ferrumequinum,0.026,0.026,-1,Echolocation,/mnt/ubna_data_01_mir/recover-20220825/UBNA_002/20220823_033000.WAV,Telephone Field,recover-20220825,002,1795
1222.6305,1222.6719,68437,82701,Rhinolophus ferrumequinum,0.023,0.023,-1,Echolocation,/mnt/ubna_data_01_mir/recover-20220825/UBNA_002/20220823_033000.WAV,Telephone Field,recover-20220825,002,1795
1222.6405,1222.6842,68437,83036,Rhinolophus ferrumequinum,0.033,0.033,-1,Echolocation,/mnt/ubna_data_01_mir/recover-20220825/UBNA_002/20220823_033000.WAV,Telephone Field,recover-20220825,002,1795
1222.6925,1222.7025,24609,31538,Eptesicus serotinus,0.01,0.029,-1,Echolocation,/mnt/ubna_data_01_mir/recover-20220825/UBNA_002/20220823_033000.WAV,Telephone Field,recover-20220825,002,1795
1222.7325,1222.7749,68437,83367,Rhinolophus ferrumequinum,0.03,0.03,-1,Echolocation,/mnt/ubna_data_01_mir/recover-20220825/UBNA_002/20220823_033000.WAV,Telephone Field,recover-20220825,002,1795
1222.7425,1222.7571,48671,51958,Pipistrellus pipistrellus,0.069,0.08,-1,Echolocation,/mnt/ubna_data_01_mir/recover-20220825/UBNA_002/20220823_033000.WAV,Telephone Field,recover-20220825,002,1795
1222.7655,1222.7788,23750,29096,Nyctalus leisleri,0.013,0.028,-1,Echolocation,/mnt/ubna_data_01_mir/recover-20220825/UBNA_002/20220823_033000.WAV,Telephone Field,recover-20220825,002,1795
1222.7845,1222.7952,22890,27515,Nyctalus leisleri,0.011,0.021,-1,Echolocation,/mnt/ubna_data_01_mir/recover-20220825/UBNA_002/20220823_033000.WAV,Telephone Field,recover-20220825,002,1795
1222.7935,1222.8344,68437,83011,Rhinolophus ferrumequinum,0.023,0.023,-1,Echolocation,/mnt/ubna_data_01_mir/recover-20220825/UBNA_002/20220823_033000.WAV,Telephone Field,recover-20220825,002,1795
1222.8475,1222.8886,68437,82657,Rhinolophus ferrumequinum,0.027,0.027,-1,Echolocation,/mnt/ubna_data_01_mir/recover-20220825/UBNA_002/20220823_033000.WAV,Telephone Field,recover-20220825,002,1795
1222.8825,1222.8935,28046,34594,Eptesicus serotinus,0.017,0.032,-1,Echolocation,/mnt/ubna_data_01_mir/recover-20220825/UBNA_002/20220823_033000.WAV,Telephone Field,recover-20220825,002,1795
1222.8845,1222.9212,68437,80945,Rhinolophus ferrumequinum,0.02,0.021,-1,Echolocation,/mnt/ubna_data_01_mir/recover-20220825/UBNA_002/20220823_033000.WAV,Telephone Field,recover-20220825,002,1795
1222.9025,1222.9409,68437,81758,Rhinolophus ferrumequinum,0.022,0.022,-1,Echolocation,/mnt/ubna_data_01_mir/recover-20220825/UBNA_002/20220823_033000.WAV,Telephone Field,recover-20220825,002,1795
1222.9045,1222.9157,22031,25838,Nyctalus leisleri,0.012,0.021,-1,Echolocation,/mnt/ubna_data_01_mir/recover-20220825/UBNA_002/20220823_033000.WAV,Telephone Field,recover-20220825,002,1795
1222.9215,1222.9586,68437,81568,Rhinolophus ferrumequinum,0.021,0.021,-1,Echolocation,/mnt/ubna_data_01_mir/recover-20220825/UBNA_002/20220823_033000.WAV,Telephone Field,recover-20220825,002,1795
1222.9345,1222.9713,68437,81328,Rhinolophus ferrumequinum,0.021,0.021,-1,Echolocation,/mnt/ubna_data_01_mir/recover-20220825/UBNA_002/20220823_033000.WAV,Telephone Field,recover-20220825,002,1795
1222.9375,1222.9452,28046,39979,Eptesicus serotinus,0.006,0.021,-1,Echolocation,/mnt/ubna_data_01_mir/recover-20220825/UBNA_002/20220823_033000.WAV,Telephone Field,recover-20220825,002,1795
1222.9575,1222.9927,68437,81275,Rhinolophus ferrumequinum,0.021,0.021,-1,Echolocation,/mnt/ubna_data_01_mir/recover-20220825/UBNA_002/20220823_033000.WAV,Telephone Field,recover-20220825,002,1795
1222.9785,1222.9904,22031,25957,Nyctalus leisleri,0.012,0.021,-1,Echolocation,/mnt/ubna_data_01_mir/recover-20220825/UBNA_002/20220823_033000.WAV,Telephone Field,recover-20220825,002,1795
1222.9985,1223.0374,68437,82122,Rhinolophus ferrumequinum,0.027,0.027,-1,Echolocation,/mnt/ubna_data_01_mir/recover-20220825/UBNA_002/20220823_033000.WAV,Telephone Field,recover-20220825,002,1795
1223.0705,1223.1092,68437,81813,Rhinolophus ferrumequinum,0.021,0.021,-1,Echolocation,/mnt/ubna_data_01_mir/recover-20220825/UBNA_002/20220823_033000.WAV,Telephone Field,recover-20220825,002,1795
1223.0805,1223.1191,68437,82082,Rhinolophus ferrumequinum,0.021,0.021,-1,Echolocation,/mnt/ubna_data_01_mir/recover-20220825/UBNA_002/20220823_033000.WAV,Telephone Field,recover-20220825,002,1795
1223.0865,1223.1256,68437,82043,Rhinolophus ferrumequinum,0.02,0.02,-1,Echolocation,/mnt/ubna_data_01_mir/recover-20220825/UBNA_002/20220823_033000.WAV,Telephone Field,recover-20220825,002,1795
1223.1175,1223.1564,68437,82548,Rhinolophus ferrumequinum,0.022,0.022,-1,Echolocation,/mnt/ubna_data_01_mir/recover-20220825/UBNA_002/20220823_033000.WAV,Telephone Field,recover-20220825,002,1795
1223.1215,1223.1306,27187,37314,Eptesicus serotinus,0.008,0.022,-1,Echolocation,/mnt/ubna_data_01_mir/recover-20220825/UBNA_002/20220823_033000.WAV,Telephone Field,recover-20220825,002,1795
1223.1405,1223.1788999999999,68437,82066,Rhinolophus ferrumequinum,0.022,0.022,-1,Echolocation,/mnt/ubna_data_01_mir/recover-20220825/UBNA_002/20220823_033000.WAV,Telephone Field,recover-20220825,002,1795
1223.1715,1223.1796,27187,38640,Eptesicus serotinus,0.006,0.021,-1,Echolocation,/mnt/ubna_data_01_mir/recover-20220825/UBNA_002/20220823_033000.WAV,Telephone Field,recover-20220825,002,1795
1223.1955,1223.234,68437,81665,Rhinolophus ferrumequinum,0.02,0.021,-1,Echolocation,/mnt/ubna_data_01_mir/recover-20220825/UBNA_002/20220823_033000.WAV,Telephone Field,recover-20220825,002,1795
1223.2055,1223.2449,68437,82368,Rhinolophus ferrumequinum,0.021,0.021,-1,Echolocation,/mnt/ubna_data_01_mir/recover-20220825/UBNA_002/20220823_033000.WAV,Telephone Field,recover-20220825,002,1795
1223.2285,1223.2354,27187,38477,Eptesicus serotinus,0.006,0.024,-1,Echolocation,/mnt/ubna_data_01_mir/recover-20220825/UBNA_002/20220823_033000.WAV,Telephone Field,recover-20220825,002,1795
1223.2365,1223.2730999999999,68437,81309,Rhinolophus ferrumequinum,0.021,0.021,-1,Echolocation,/mnt/ubna_data_01_mir/recover-20220825/UBNA_002/20220823_033000.WAV,Telephone Field,recover-20220825,002,1795
1223.2615,1223.2703,28906,38398,Eptesicus serotinus,0.009,0.023,-1,Echolocation,/mnt/ubna_data_01_mir/recover-20220825/UBNA_002/20220823_033000.WAV,Telephone Field,recover-20220825,002,1795
1223.2685,1223.3132,68437,82678,Rhinolophus ferrumequinum,0.059,0.059,-1,Echolocation,/mnt/ubna_data_01_mir/recover-20220825/UBNA_002/20220823_033000.WAV,Telephone Field,recover-20220825,002,1795
1223.2715,1223.2784,24609,33745,Plecotus austriacus,0.008,0.021,-1,Echolocation,/mnt/ubna_data_01_mir/recover-20220825/UBNA_002/20220823_033000.WAV,Telephone Field,recover-20220825,002,1795
1223.2835,1223.3249,68437,83223,Rhinolophus ferrumequinum,0.022,0.022,-1,Echolocation,/mnt/ubna_data_01_mir/recover-20220825/UBNA_002/20220823_033000.WAV,Telephone Field,recover-20220825,002,1795
1223.3445,1223.3547,28046,35832,Eptesicus serotinus,0.009,0.022,-1,Echolocation,/mnt/ubna_data_01_mir/recover-20220825/UBNA_002/20220823_033000.WAV,Telephone Field,recover-20220825,002,1795
1223.3795,1223.4164,68437,82066,Rhinolophus ferrumequinum,0.021,0.021,-1,Echolocation,/mnt/ubna_data_01_mir/recover-20220825/UBNA_002/20220823_033000.WAV,Telephone Field,recover-20220825,002,1795
1223.4035,1223.4404,68437,82071,Rhinolophus ferrumequinum,0.021,0.021,-1,Echolocation,/mnt/ubna_data_01_mir/recover-20220825/UBNA_002/20220823_033000.WAV,Telephone Field,recover-20220825,002,1795
1223.4365,1223.4745,68437,82082,Rhinolophus ferrumequinum,0.024,0.024,-1,Echolocation,/mnt/ubna_data_01_mir/recover-20220825/UBNA_002/20220823_033000.WAV,Telephone Field,recover-20220825,002,1795
1223.4965,1223.5386,68437,82075,Rhinolophus ferrumequinum,0.022,0.022,-1,Echolocation,/mnt/ubna_data_01_mir/recover-20220825/UBNA_002/20220823_033000.WAV,Telephone Field,recover-20220825,002,1795
1223.5215,1223.53,28046,38180,Eptesicus serotinus,0.008,0.023,-1,Echolocation,/mnt/ubna_data_01_mir/recover-20220825/UBNA_002/20220823_033000.WAV,Telephone Field,recover-20220825,002,1795
1223.5465,1223.5892,68437,82944,Rhinolophus ferrumequinum,0.059,0.059,-1,Echolocation,/mnt/ubna_data_01_mir/recover-20220825/UBNA_002/20220823_033000.WAV,Telephone Field,recover-20220825,002,1795
1223.5665,1223.602,68437,81160,Rhinolophus ferrumequinum,0.021,0.021,-1,Echolocation,/mnt/ubna_data_01_mir/recover-20220825/UBNA_002/20220823_033000.WAV,Telephone Field,recover-20220825,002,1795
1223.5845,1223.6231,68437,81860,Rhinolophus ferrumequinum,0.022,0.022,-1,Echolocation,/mnt/ubna_data_01_mir/recover-20220825/UBNA_002/20220823_033000.WAV,Telephone Field,recover-20220825,002,1795
1223.6065,1223.6491,68437,83119,Rhinolophus ferrumequinum,0.023,0.023,-1,Echolocation,/mnt/ubna_data_01_mir/recover-20220825/UBNA_002/20220823_033000.WAV,Telephone Field,recover-20220825,002,1795
1223.6075,1223.6167,28906,37493,Eptesicus serotinus,0.01,0.025,-1,Echolocation,/mnt/ubna_data_01_mir/recover-20220825/UBNA_002/20220823_033000.WAV,Telephone Field,recover-20220825,002,1795
1223.6195,1223.6598,68437,82588,Rhinolophus ferrumequinum,0.02,0.021,-1,Echolocation,/mnt/ubna_data_01_mir/recover-20220825/UBNA_002/20220823_033000.WAV,Telephone Field,recover-20220825,002,1795
1223.6415,1223.6814,68437,82472,Rhinolophus ferrumequinum,0.024,0.024,-1,Echolocation,/mnt/ubna_data_01_mir/recover-20220825/UBNA_002/20220823_033000.WAV,Telephone Field,recover-20220825,002,1795
1223.6465,1223.6575,26328,34165,Eptesicus serotinus,0.012,0.026,-1,Echolocation,/mnt/ubna_data_01_mir/recover-20220825/UBNA_002/20220823_033000.WAV,Telephone Field,recover-20220825,002,1795
1223.6695,1223.6791,28046,36562,Eptesicus serotinus,0.009,0.021,-1,Echolocation,/mnt/ubna_data_01_mir/recover-20220825/UBNA_002/20220823_033000.WAV,Telephone Field,recover-20220825,002,1795
1223.6725,1223.7105999999999,68437,82403,Rhinolophus ferrumequinum,0.022,0.022,-1,Echolocation,/mnt/ubna_data_01_mir/recover-20220825/UBNA_002/20220823_033000.WAV,Telephone Field,recover-20220825,002,1795
1223.6965,1223.7311,68437,80321,Rhinolophus ferrumequinum,0.021,0.021,-1,Echolocation,/mnt/ubna_data_01_mir/recover-20220825/UBNA_002/20220823_033000.WAV,Telephone Field,recover-20220825,002,1795
1223.7225,1223.7319,26328,35038,Eptesicus serotinus,0.009,0.021,-1,Echolocation,/mnt/ubna_data_01_mir/recover-20220825/UBNA_002/20220823_033000.WAV,Telephone Field,recover-20220825,002,1795
1223.7355,1223.7724,68437,81949,Rhinolophus ferrumequinum,0.03,0.03,-1,Echolocation,/mnt/ubna_data_01_mir/recover-20220825/UBNA_002/20220823_033000.WAV,Telephone Field,recover-20220825,002,1795
1223.7455,1223.7809,68437,81075,Rhinolophus ferrumequinum,0.021,0.021,-1,Echolocation,/mnt/ubna_data_01_mir/recover-20220825/UBNA_002/20220823_033000.WAV,Telephone Field,recover-20220825,002,1795
1223.7945,1223.8334,68437,81819,Rhinolophus ferrumequinum,0.021,0.021,-1,Echolocation,/mnt/ubna_data_01_mir/recover-20220825/UBNA_002/20220823_033000.WAV,Telephone Field,recover-20220825,002,1795
1223.8075,1223.8496,68437,82936,Rhinolophus ferrumequinum,0.029,0.029,-1,Echolocation,/mnt/ubna_data_01_mir/recover-20220825/UBNA_002/20220823_033000.WAV,Telephone Field,recover-20220825,002,1795
1223.8215,1223.8315,22031,27559,Nyctalus leisleri,0.009,0.023,-1,Echolocation,/mnt/ubna_data_01_mir/recover-20220825/UBNA_002/20220823_033000.WAV,Telephone Field,recover-20220825,002,1795
1223.8505,1223.8589,28906,37841,Eptesicus serotinus,0.024,0.049,-1,Echolocation,/mnt/ubna_data_01_mir/recover-20220825/UBNA_002/20220823_033000.WAV,Telephone Field,recover-20220825,002,1795
1223.8645,1223.9015,68437,81310,Rhinolophus ferrumequinum,0.022,0.022,-1,Echolocation,/mnt/ubna_data_01_mir/recover-20220825/UBNA_002/20220823_033000.WAV,Telephone Field,recover-20220825,002,1795
1223.8725,1223.9147,68437,82547,Rhinolophus ferrumequinum,0.023,0.023,-1,Echolocation,/mnt/ubna_data_01_mir/recover-20220825/UBNA_002/20220823_033000.WAV,Telephone Field,recover-20220825,002,1795
1223.8815,1223.8977,14296,18021,Nyctalus noctula,0.016,0.027,-1,Echolocation,/mnt/ubna_data_01_mir/recover-20220825/UBNA_002/20220823_033000.WAV,Telephone Field,recover-20220825,002,1795
1223.8825,1223.8888,25468,39593,Myotis nattereri,0.005,0.023,-1,Echolocation,/mnt/ubna_data_01_mir/recover-20220825/UBNA_002/20220823_033000.WAV,Telephone Field,recover-20220825,002,1795
1223.9155,1223.9553,68437,82545,Rhinolophus ferrumequinum,0.025,0.025,-1,Echolocation,/mnt/ubna_data_01_mir/recover-20220825/UBNA_002/20220823_033000.WAV,Telephone Field,recover-20220825,002,1795
1223.9525,1223.9905,68437,81503,Rhinolophus ferrumequinum,0.021,0.021,-1,Echolocation,/mnt/ubna_data_01_mir/recover-20220825/UBNA_002/20220823_033000.WAV,Telephone Field,recover-20220825,002,1795
1223.9785,1223.9899,28906,35189,Eptesicus serotinus,0.01,0.022,-1,Echolocation,/mnt/ubna_data_01_mir/recover-20220825/UBNA_002/20220823_033000.WAV,Telephone Field,recover-20220825,002,1795
1224.0015,1224.0096,25468,33698,Nyctalus leisleri,0.007,0.024,-1,Echolocation,/mnt/ubna_data_01_mir/recover-20220825/UBNA_002/20220823_033000.WAV,Telephone Field,recover-20220825,002,1795
1224.0015,1224.037,68437,80247,Rhinolophus ferrumequinum,0.036,0.036,-1,Echolocation,/mnt/ubna_data_01_mir/recover-20220825/UBNA_002/20220823_033000.WAV,Telephone Field,recover-20220825,002,1795
1224.0085,1224.0155,27187,36720,Eptesicus serotinus,0.006,0.022,-1,Echolocation,/mnt/ubna_data_01_mir/recover-20220825/UBNA_002/20220823_033000.WAV,Telephone Field,recover-20220825,002,1795
1224.0095,1224.0544,68437,82990,Rhinolophus ferrumequinum,0.023,0.023,-1,Echolocation,/mnt/ubna_data_01_mir/recover-20220825/UBNA_002/20220823_033000.WAV,Telephone Field,recover-20220825,002,1795
1224.0345,1224.0453,23750,29633,Nyctalus leisleri,0.011,0.026,-1,Echolocation,/mnt/ubna_data_01_mir/recover-20220825/UBNA_002/20220823_033000.WAV,Telephone Field,recover-20220825,002,1795
1224.0385,1224.0764,68437,82326,Rhinolophus ferrumequinum,0.021,0.021,-1,Echolocation,/mnt/ubna_data_01_mir/recover-20220825/UBNA_002/20220823_033000.WAV,Telephone Field,recover-20220825,002,1795
1224.0575,1224.0663,22890,30187,Plecotus austriacus,0.007,0.021,-1,Echolocation,/mnt/ubna_data_01_mir/recover-20220825/UBNA_002/20220823_033000.WAV,Telephone Field,recover-20220825,002,1795
1224.1045,1224.1141,25468,32717,Eptesicus serotinus,0.009,0.021,-1,Echolocation,/mnt/ubna_data_01_mir/recover-20220825/UBNA_002/20220823_033000.WAV,Telephone Field,recover-20220825,002,1795
1224.1305,1224.1688,68437,81655,Rhinolophus ferrumequinum,0.02,0.02,-1,Echolocation,/mnt/ubna_data_01_mir/recover-20220825/UBNA_002/20220823_033000.WAV,Telephone Field,recover-20220825,002,1795
1224.1565,1224.167,26328,33791,Eptesicus serotinus,0.01,0.021,-1,Echolocation,/mnt/ubna_data_01_mir/recover-20220825/UBNA_002/20220823_033000.WAV,Telephone Field,recover-20220825,002,1795
1224.2075,1224.2272,17734,20860,Nyctalus noctula,0.012,0.021,-1,Echolocation,/mnt/ubna_data_01_mir/recover-20220825/UBNA_002/20220823_033000.WAV,Telephone Field,recover-20220825,002,1795
1224.2365,1224.2718,68437,81445,Rhinolophus ferrumequinum,0.022,0.022,-1,Echolocation,/mnt/ubna_data_01_mir/recover-20220825/UBNA_002/20220823_033000.WAV,Telephone Field,recover-20220825,002,1795
1224.2545,1224.263,27187,42573,Eptesicus serotinus,0.011,0.027,-1,Echolocation,/mnt/ubna_data_01_mir/recover-20220825/UBNA_002/20220823_033000.WAV,Telephone Field,recover-20220825,002,1795
1224.2915,1224.3268,68437,81866,Rhinolophus ferrumequinum,0.025,0.025,-1,Echolocation,/mnt/ubna_data_01_mir/recover-20220825/UBNA_002/20220823_033000.WAV,Telephone Field,recover-20220825,002,1795
1224.3125,1224.3507,68437,82362,Rhinolophus ferrumequinum,0.024,0.024,-1,Echolocation,/mnt/ubna_data_01_mir/recover-20220825/UBNA_002/20220823_033000.WAV,Telephone Field,recover-20220825,002,1795
1224.3345,1224.3404,28046,41748,Myotis daubentonii,0.007,0.031,-1,Echolocation,/mnt/ubna_data_01_mir/recover-20220825/UBNA_002/20220823_033000.WAV,Telephone Field,recover-20220825,002,1795
1224.3555,1224.3948,68437,82143,Rhinolophus ferrumequinum,0.024,0.024,-1,Echolocation,/mnt/ubna_data_01_mir/recover-20220825/UBNA_002/20220823_033000.WAV,Telephone Field,recover-20220825,002,1795
1224.3595,1224.3679,25468,35247,Eptesicus serotinus,0.012,0.03,-1,Echolocation,/mnt/ubna_data_01_mir/recover-20220825/UBNA_002/20220823_033000.WAV,Telephone Field,recover-20220825,002,1795
1224.3865,1224.4264,68437,82027,Rhinolophus ferrumequinum,0.026,0.026,-1,Echolocation,/mnt/ubna_data_01_mir/recover-20220825/UBNA_002/20220823_033000.WAV,Telephone Field,recover-20220825,002,1795
1224.4085,1224.4164,24609,33957,Plecotus austriacus,0.007,0.023,-1,Echolocation,/mnt/ubna_data_01_mir/recover-20220825/UBNA_002/20220823_033000.WAV,Telephone Field,recover-20220825,002,1795
1224.4465,1224.4541,23750,31668,Plecotus austriacus,0.008,0.022,-1,Echolocation,/mnt/ubna_data_01_mir/recover-20220825/UBNA_002/20220823_033000.WAV,Telephone Field,recover-20220825,002,1795
1224.4765,1224.5181,68437,82251,Rhinolophus ferrumequinum,0.023,0.023,-1,Echolocation,/mnt/ubna_data_01_mir/recover-20220825/UBNA_002/20220823_033000.WAV,Telephone Field,recover-20220825,002,1795
1224.4845,1224.4935,26328,35090,Eptesicus serotinus,0.007,0.021,-1,Echolocation,/mnt/ubna_data_01_mir/recover-20220825/UBNA_002/20220823_033000.WAV,Telephone Field,recover-20220825,002,1795
1224.5355,1224.5432,27187,41270,Eptesicus serotinus,0.01,0.025,-1,Echolocation,/mnt/ubna_data_01_mir/recover-20220825/UBNA_002/20220823_033000.WAV,Telephone Field,recover-20220825,002,1795
1224.5585,1224.5925,68437,81164,Rhinolophus ferrumequinum,0.021,0.021,-1,Echolocation,/mnt/ubna_data_01_mir/recover-20220825/UBNA_002/20220823_033000.WAV,Telephone Field,recover-20220825,002,1795
1224.6055,1224.6411,68437,81926,Rhinolophus ferrumequinum,0.026,0.026,-1,Echolocation,/mnt/ubna_data_01_mir/recover-20220825/UBNA_002/20220823_033000.WAV,Telephone Field,recover-20220825,002,1795
1224.6135,1224.6509,68437,82590,Rhinolophus ferrumequinum,0.025,0.025,-1,Echolocation,/mnt/ubna_data_01_mir/recover-20220825/UBNA_002/20220823_033000.WAV,Telephone Field,recover-20220825,002,1795
1224.6365,1224.678,68437,82847,Rhinolophus ferrumequinum,0.021,0.021,-1,Echolocation,/mnt/ubna_data_01_mir/recover-20220825/UBNA_002/20220823_033000.WAV,Telephone Field,recover-20220825,002,1795
1224.6815,1224.7232,68437,82869,Rhinolophus ferrumequinum,0.022,0.022,-1,Echolocation,/mnt/ubna_data_01_mir/recover-20220825/UBNA_002/20220823_033000.WAV,Telephone Field,recover-20220825,002,1795
1224.7355,1224.745,26328,35574,Eptesicus serotinus,0.012,0.025,-1,Echolocation,/mnt/ubna_data_01_mir/recover-20220825/UBNA_002/20220823_033000.WAV,Telephone Field,recover-20220825,002,1795
1224.7515,1224.7883,68437,81466,Rhinolophus ferrumequinum,0.022,0.022,-1,Echolocation,/mnt/ubna_data_01_mir/recover-20220825/UBNA_002/20220823_033000.WAV,Telephone Field,recover-20220825,002,1795
1224.7565,1224.7695,22031,25965,Nyctalus leisleri,0.014,0.024,-1,Echolocation,/mnt/ubna_data_01_mir/recover-20220825/UBNA_002/20220823_033000.WAV,Telephone Field,recover-20220825,002,1795
1224.7595,1224.7698,48671,52341,Pipistrellus pipistrellus,0.036,0.039,-1,Echolocation,/mnt/ubna_data_01_mir/recover-20220825/UBNA_002/20220823_033000.WAV,Telephone Field,recover-20220825,002,1795
1224.7955,1224.8392,68437,83026,Rhinolophus ferrumequinum,0.047,0.047,-1,Echolocation,/mnt/ubna_data_01_mir/recover-20220825/UBNA_002/20220823_033000.WAV,Telephone Field,recover-20220825,002,1795
1224.8185,1224.8571,68437,81741,Rhinolophus ferrumequinum,0.021,0.021,-1,Echolocation,/mnt/ubna_data_01_mir/recover-20220825/UBNA_002/20220823_033000.WAV,Telephone Field,recover-20220825,002,1795
1224.8385,1224.8781,68437,82823,Rhinolophus ferrumequinum,0.02,0.02,-1,Echolocation,/mnt/ubna_data_01_mir/recover-20220825/UBNA_002/20220823_033000.WAV,Telephone Field,recover-20220825,002,1795
1224.8515,1224.8587,28906,39735,Eptesicus serotinus,0.01,0.028,-1,Echolocation,/mnt/ubna_data_01_mir/recover-20220825/UBNA_002/20220823_033000.WAV,Telephone Field,recover-20220825,002,1795
1224.8735,1224.9133,68437,82331,Rhinolophus ferrumequinum,0.025,0.025,-1,Echolocation,/mnt/ubna_data_01_mir/recover-20220825/UBNA_002/20220823_033000.WAV,Telephone Field,recover-20220825,002,1795
1224.8975,1224.9037,48671,53748,Pipistrellus pipistrellus,0.02,0.021,-1,Echolocation,/mnt/ubna_data_01_mir/recover-20220825/UBNA_002/20220823_033000.WAV,Telephone Field,recover-20220825,002,1795
1224.9135,1224.9471,68437,81932,Rhinolophus ferrumequinum,0.02,0.02,-1,Echolocation,/mnt/ubna_data_01_mir/recover-20220825/UBNA_002/20220823_033000.WAV,Telephone Field,recover-20220825,002,1795
1224.9405,1224.9478,26328,37094,Eptesicus serotinus,0.007,0.02,-1,Echolocation,/mnt/ubna_data_01_mir/recover-20220825/UBNA_002/20220823_033000.WAV,Telephone Field,recover-20220825,002,1795
1224.9475,1224.9575,28906,37222,Eptesicus serotinus,0.01,0.021,-1,Echolocation,/mnt/ubna_data_01_mir/recover-20220825/UBNA_002/20220823_033000.WAV,Telephone Field,recover-20220825,002,1795
1224.9805,1224.991,22890,27776,Nyctalus leisleri,0.011,0.022,-1,Echolocation,/mnt/ubna_data_01_mir/recover-20220825/UBNA_002/20220823_033000.WAV,Telephone Field,recover-20220825,002,1795
1224.9935,1225.0044,22890,27658,Nyctalus leisleri,0.011,0.021,-1,Echolocation,/mnt/ubna_data_01_mir/recover-20220825/UBNA_002/20220823_033000.WAV,Telephone Field,recover-20220825,002,1795
1225.0045,1225.0126,28906,39041,Eptesicus serotinus,0.007,0.022,-1,Echolocation,/mnt/ubna_data_01_mir/recover-20220825/UBNA_002/20220823_033000.WAV,Telephone Field,recover-20220825,002,1795
1225.0455,1225.0523,24609,34787,Plecotus austriacus,0.013,0.036,-1,Echolocation,/mnt/ubna_data_01_mir/recover-20220825/UBNA_002/20220823_033000.WAV,Telephone Field,recover-20220825,002,1795
1225.0535,1225.092,68437,82709,Rhinolophus ferrumequinum,0.024,0.024,-1,Echolocation,/mnt/ubna_data_01_mir/recover-20220825/UBNA_002/20220823_033000.WAV,Telephone Field,recover-20220825,002,1795
1225.0955,1225.1348,68437,82422,Rhinolophus ferrumequinum,0.023,0.023,-1,Echolocation,/mnt/ubna_data_01_mir/recover-20220825/UBNA_002/20220823_033000.WAV,Telephone Field,recover-20220825,002,1795
1225.1015,1225.1123,22890,28173,Nyctalus leisleri,0.011,0.023,-1,Echolocation,/mnt/ubna_data_01_mir/recover-20220825/UBNA_002/20220823_033000.WAV,Telephone Field,recover-20220825,002,1795
1225.1185,1225.1569,68437,82024,Rhinolophus ferrumequinum,0.023,0.023,-1,Echolocation,/mnt/ubna_data_01_mir/recover-20220825/UBNA_002/20220823_033000.WAV,Telephone Field,recover-20220825,002,1795
1225.1315,1225.1414,26328,34381,Eptesicus serotinus,0.016,0.036,-1,Echolocation,/mnt/ubna_data_01_mir/recover-20220825/UBNA_002/20220823_033000.WAV,Telephone Field,recover-20220825,002,1795
1225.1345,1225.1726,68437,81584,Rhinolophus ferrumequinum,0.024,0.024,-1,Echolocation,/mnt/ubna_data_01_mir/recover-20220825/UBNA_002/20220823_033000.WAV,Telephone Field,recover-20220825,002,1795
1225.1595,1225.2018,68437,82800,Rhinolophus ferrumequinum,0.026,0.026,-1,Echolocation,/mnt/ubna_data_01_mir/recover-20220825/UBNA_002/20220823_033000.WAV,Telephone Field,recover-20220825,002,1795
1225.1685,1225.1765,49531,57221,Pipistrellus pipistrellus,0.017,0.021,-1,Echolocation,/mnt/ubna_data_01_mir/recover-20220825/UBNA_002/20220823_033000.WAV,Telephone Field,recover-20220825,002,1795
1225.2275,1225.2685,68437,82015,Rhinolophus ferrumequinum,0.023,0.023,-1,Echolocation,/mnt/ubna_data_01_mir/recover-20220825/UBNA_002/20220823_033000.WAV,Telephone Field,recover-20220825,002,1795
1225.2325,1225.2421,28906,36636,Eptesicus serotinus,0.009,0.023,-1,Echolocation,/mnt/ubna_data_01_mir/recover-20220825/UBNA_002/20220823_033000.WAV,Telephone Field,recover-20220825,002,1795
1225.2335,1225.2724,68437,81961,Rhinolophus ferrumequinum,0.022,0.022,-1,Echolocation,/mnt/ubna_data_01_mir/recover-20220825/UBNA_002/20220823_033000.WAV,Telephone Field,recover-20220825,002,1795
1225.2905,1225.3328,68437,82868,Rhinolophus ferrumequinum,0.026,0.026,-1,Echolocation,/mnt/ubna_data_01_mir/recover-20220825/UBNA_002/20220823_033000.WAV,Telephone Field,recover-20220825,002,1795
1225.3055,1225.317,22890,27461,Nyctalus leisleri,0.014,0.026,-1,Echolocation,/mnt/ubna_data_01_mir/recover-20220825/UBNA_002/20220823_033000.WAV,Telephone Field,recover-20220825,002,1795
1225.3125,1225.3524,68437,82992,Rhinolophus ferrumequinum,0.024,0.024,-1,Echolocation,/mnt/ubna_data_01_mir/recover-20220825/UBNA_002/20220823_033000.WAV,Telephone Field,recover-20220825,002,1795
1225.3475,1225.357,28046,35586,Eptesicus serotinus,0.03,0.052,-1,Echolocation,/mnt/ubna_data_01_mir/recover-20220825/UBNA_002/20220823_033000.WAV,Telephone Field,recover-20220825,002,1795
1225.3605,1225.4021,68437,82252,Rhinolophus ferrumequinum,0.021,0.021,-1,Echolocation,/mnt/ubna_data_01_mir/recover-20220825/UBNA_002/20220823_033000.WAV,Telephone Field,recover-20220825,002,1795
1225.3695,1225.3803,23750,29292,Nyctalus leisleri,0.011,0.027,-1,Echolocation,/mnt/ubna_data_01_mir/recover-20220825/UBNA_002/20220823_033000.WAV,Telephone Field,recover-20220825,002,1795
1225.3975,1225.4369,68437,82293,Rhinolophus ferrumequinum,0.024,0.024,-1,Echolocation,/mnt/ubna_data_01_mir/recover-20220825/UBNA_002/20220823_033000.WAV,Telephone Field,recover-20220825,002,1795
1225.4035,1225.4424,68437,82208,Rhinolophus ferrumequinum,0.023,0.023,-1,Echolocation,/mnt/ubna_data_01_mir/recover-20220825/UBNA_002/20220823_033000.WAV,Telephone Field,recover-20220825,002,1795
1225.4405,1225.4751,68437,81335,Rhinolophus ferrumequinum,0.02,0.02,-1,Echolocation,/mnt/ubna_data_01_mir/recover-20220825/UBNA_002/20220823_033000.WAV,Telephone Field,recover-20220825,002,1795
1225.4475,1225.4572,25468,33993,Eptesicus serotinus,0.011,0.026,-1,Echolocation,/mnt/ubna_data_01_mir/recover-20220825/UBNA_002/20220823_033000.WAV,Telephone Field,recover-20220825,002,1795
1225.4605,1225.5,68437,82208,Rhinolophus ferrumequinum,0.022,0.022,-1,Echolocation,/mnt/ubna_data_01_mir/recover-20220825/UBNA_002/20220823_033000.WAV,Telephone Field,recover-20220825,002,1795
1225.4995,1225.5102,24609,31182,Eptesicus serotinus,0.009,0.026,-1,Echolocation,/mnt/ubna_data_01_mir/recover-20220825/UBNA_002/20220823_033000.WAV,Telephone Field,recover-20220825,002,1795
1225.5175,1225.5568,68437,82316,Rhinolophus ferrumequinum,0.021,0.021,-1,Echolocation,/mnt/ubna_data_01_mir/recover-20220825/UBNA_002/20220823_033000.WAV,Telephone Field,recover-20220825,002,1795
1225.5245,1225.5373,26328,32800,Eptesicus serotinus,0.013,0.027,-1,Echolocation,/mnt/ubna_data_01_mir/recover-20220825/UBNA_002/20220823_033000.WAV,Telephone Field,recover-20220825,002,1795
1225.5355,1225.5764,68437,82950,Rhinolophus ferrumequinum,0.022,0.022,-1,Echolocation,/mnt/ubna_data_01_mir/recover-20220825/UBNA_002/20220823_033000.WAV,Telephone Field,recover-20220825,002,1795
1225.5815,1225.6202,68437,81899,Rhinolophus ferrumequinum,0.023,0.023,-1,Echolocation,/mnt/ubna_data_01_mir/recover-20220825/UBNA_002/20220823_033000.WAV,Telephone Field,recover-20220825,002,1795
1225.6375,1225.646,37500,42899,Barbastellus barbastellus,0.031,0.05,-1,Echolocation,/mnt/ubna_data_01_mir/recover-20220825/UBNA_002/20220823_033000.WAV,Telephone Field,recover-20220825,002,1795
1225.6415,1225.6497,27187,39072,Eptesicus serotinus,0.008,0.022,-1,Echolocation,/mnt/ubna_data_01_mir/recover-20220825/UBNA_002/20220823_033000.WAV,Telephone Field,recover-20220825,002,1795
1225.6505,1225.6901,68437,82214,Rhinolophus ferrumequinum,0.021,0.021,-1,Echolocation,/mnt/ubna_data_01_mir/recover-20220825/UBNA_002/20220823_033000.WAV,Telephone Field,recover-20220825,002,1795
1225.6585,1225.6677,28906,37075,Eptesicus serotinus,0.01,0.024,-1,Echolocation,/mnt/ubna_data_01_mir/recover-20220825/UBNA_002/20220823_033000.WAV,Telephone Field,recover-20220825,002,1795
1225.6955,1225.7346,68437,82788,Rhinolophus ferrumequinum,0.023,0.023,-1,Echolocation,/mnt/ubna_data_01_mir/recover-20220825/UBNA_002/20220823_033000.WAV,Telephone Field,recover-20220825,002,1795
1225.7325,1225.7713,68437,82200,Rhinolophus ferrumequinum,0.022,0.022,-1,Echolocation,/mnt/ubna_data_01_mir/recover-20220825/UBNA_002/20220823_033000.WAV,Telephone Field,recover-20220825,002,1795
1225.7655,1225.8049,68437,82007,Rhinolophus ferrumequinum,0.023,0.023,-1,Echolocation,/mnt/ubna_data_01_mir/recover-20220825/UBNA_002/20220823_033000.WAV,Telephone Field,recover-20220825,002,1795
1225.7745,1225.7822,28046,38820,Eptesicus serotinus,0.008,0.023,-1,Echolocation,/mnt/ubna_data_01_mir/recover-20220825/UBNA_002/20220823_033000.WAV,Telephone Field,recover-20220825,002,1795
1225.7985,1225.835,68437,81096,Rhinolophus ferrumequinum,0.021,0.021,-1,Echolocation,/mnt/ubna_data_01_mir/recover-20220825/UBNA_002/20220823_033000.WAV,Telephone Field,recover-20220825,002,1795
1225.8745,1225.8901,55546,61587,Pipistrellus pygmaeus,0.019,0.021,-1,Echolocation,/mnt/ubna_data_01_mir/recover-20220825/UBNA_002/20220823_033000.WAV,Telephone Field,recover-20220825,002,1795
1225.8965,1225.9336,68437,81439,Rhinolophus ferrumequinum,0.023,0.023,-1,Echolocation,/mnt/ubna_data_01_mir/recover-20220825/UBNA_002/20220823_033000.WAV,Telephone Field,recover-20220825,002,1795
1225.9145,1225.9244,24609,31279,Nyctalus leisleri,0.008,0.024,-1,Echolocation,/mnt/ubna_data_01_mir/recover-20220825/UBNA_002/20220823_033000.WAV,Telephone Field,recover-20220825,002,1795
1225.9805,1225.9904,22890,28426,Nyctalus leisleri,0.009,0.021,-1,Echolocation,/mnt/ubna_data_01_mir/recover-20220825/UBNA_002/20220823_033000.WAV,Telephone Field,recover-20220825,002,1795
1226.0015,1226.0317,68437,80512,Rhinolophus ferrumequinum,0.035,0.035,-1,Echolocation,/mnt/ubna_data_01_mir/recover-20220825/UBNA_002/20220823_033000.WAV,Telephone Field,recover-20220825,002,1795
1226.0015,1226.0105,27187,33827,Nyctalus leisleri,0.012,0.036,-1,Echolocation,/mnt/ubna_data_01_mir/recover-20220825/UBNA_002/20220823_033000.WAV,Telephone Field,recover-20220825,002,1795
1226.0015,1226.0118,48671,54972,Pipistrellus pipistrellus,0.016,0.023,-1,Echolocation,/mnt/ubna_data_01_mir/recover-20220825/UBNA_002/20220823_033000.WAV,Telephone Field,recover-20220825,002,1795
1226.0225,1226.0607,68437,81748,Rhinolophus ferrumequinum,0.022,0.022,-1,Echolocation,/mnt/ubna_data_01_mir/recover-20220825/UBNA_002/20220823_033000.WAV,Telephone Field,recover-20220825,002,1795
1226.0265,1226.0356,25468,34083,Eptesicus serotinus,0.009,0.022,-1,Echolocation,/mnt/ubna_data_01_mir/recover-20220825/UBNA_002/20220823_033000.WAV,Telephone Field,recover-20220825,002,1795
1226.0355,1226.0728,68437,82538,Rhinolophus ferrumequinum,0.021,0.021,-1,Echolocation,/mnt/ubna_data_01_mir/recover-20220825/UBNA_002/20220823_033000.WAV,Telephone Field,recover-20220825,002,1795
1226.0455,1226.0541,47812,51814,Pipistrellus pipistrellus,0.024,0.026,-1,Echolocation,/mnt/ubna_data_01_mir/recover-20220825/UBNA_002/20220823_033000.WAV,Telephone Field,recover-20220825,002,1795
1226.0695,1226.1106,68437,82376,Rhinolophus ferrumequinum,0.042,0.042,-1,Echolocation,/mnt/ubna_data_01_mir/recover-20220825/UBNA_002/20220823_033000.WAV,Telephone Field,recover-20220825,002,1795
1226.1055,1226.1397,68437,80828,Rhinolophus ferrumequinum,0.021,0.021,-1,Echolocation,/mnt/ubna_data_01_mir/recover-20220825/UBNA_002/20220823_033000.WAV,Telephone Field,recover-20220825,002,1795
1226.1435,1226.1824,68437,83081,Rhinolophus ferrumequinum,0.022,0.022,-1,Echolocation,/mnt/ubna_data_01_mir/recover-20220825/UBNA_002/20220823_033000.WAV,Telephone Field,recover-20220825,002,1795
1226.1755,1226.186,31484,39270,Eptesicus serotinus,0.009,0.026,-1,Echolocation,/mnt/ubna_data_01_mir/recover-20220825/UBNA_002/20220823_033000.WAV,Telephone Field,recover-20220825,002,1795
1226.1955,1226.2056,22890,29051,Nyctalus leisleri,0.008,0.022,-1,Echolocation,/mnt/ubna_data_01_mir/recover-20220825/UBNA_002/20220823_033000.WAV,Telephone Field,recover-20220825,002,1795
1226.2185,1226.2588,68437,82328,Rhinolophus ferrumequinum,0.024,0.024,-1,Echolocation,/mnt/ubna_data_01_mir/recover-20220825/UBNA_002/20220823_033000.WAV,Telephone Field,recover-20220825,002,1795
1226.2445,1226.2555,28046,35462,Eptesicus serotinus,0.011,0.022,-1,Echolocation,/mnt/ubna_data_01_mir/recover-20220825/UBNA_002/20220823_033000.WAV,Telephone Field,recover-20220825,002,1795
1226.2665,1226.2756,25468,33686,Eptesicus serotinus,0.011,0.028,-1,Echolocation,/mnt/ubna_data_01_mir/recover-20220825/UBNA_002/20220823_033000.WAV,Telephone Field,recover-20220825,002,1795
1226.2745,1226.3171,68437,83320,Rhinolophus ferrumequinum,0.043,0.043,-1,Echolocation,/mnt/ubna_data_01_mir/recover-20220825/UBNA_002/20220823_033000.WAV,Telephone Field,recover-20220825,002,1795
1226.2985,1226.3083,24609,31278,Nyctalus leisleri,0.009,0.026,-1,Echolocation,/mnt/ubna_data_01_mir/recover-20220825/UBNA_002/20220823_033000.WAV,Telephone Field,recover-20220825,002,1795
1226.3305,1226.3383,28046,38259,Eptesicus serotinus,0.008,0.025,-1,Echolocation,/mnt/ubna_data_01_mir/recover-20220825/UBNA_002/20220823_033000.WAV,Telephone Field,recover-20220825,002,1795
1226.3685,1226.3759,26328,35193,Eptesicus serotinus,0.008,0.024,-1,Echolocation,/mnt/ubna_data_01_mir/recover-20220825/UBNA_002/20220823_033000.WAV,Telephone Field,recover-20220825,002,1795
1226.4045,1226.4143,22890,29663,Nyctalus leisleri,0.008,0.024,-1,Echolocation,/mnt/ubna_data_01_mir/recover-20220825/UBNA_002/20220823_033000.WAV,Telephone Field,recover-20220825,002,1795
1226.4345,1226.4413,33203,45394,Myotis daubentonii,0.011,0.028,-1,Echolocation,/mnt/ubna_data_01_mir/recover-20220825/UBNA_002/20220823_033000.WAV,Telephone Field,recover-20220825,002,1795
1226.5085,1226.5507,68437,82373,Rhinolophus ferrumequinum,0.025,0.025,-1,Echolocation,/mnt/ubna_data_01_mir/recover-20220825/UBNA_002/20220823_033000.WAV,Telephone Field,recover-20220825,002,1795
1226.5115,1226.5292,22031,26080,Nyctalus leisleri,0.027,0.053,-1,Echolocation,/mnt/ubna_data_01_mir/recover-20220825/UBNA_002/20220823_033000.WAV,Telephone Field,recover-20220825,002,1795
1226.5485,1226.5831,68437,81681,Rhinolophus ferrumequinum,0.022,0.022,-1,Echolocation,/mnt/ubna_data_01_mir/recover-20220825/UBNA_002/20220823_033000.WAV,Telephone Field,recover-20220825,002,1795
1226.5635,1226.6049,68437,82531,Rhinolophus ferrumequinum,0.028,0.028,-1,Echolocation,/mnt/ubna_data_01_mir/recover-20220825/UBNA_002/20220823_033000.WAV,Telephone Field,recover-20220825,002,1795
1226.5745,1226.6136,68437,82265,Rhinolophus ferrumequinum,0.022,0.022,-1,Echolocation,/mnt/ubna_data_01_mir/recover-20220825/UBNA_002/20220823_033000.WAV,Telephone Field,recover-20220825,002,1795
1226.6015,1226.6398,68437,81867,Rhinolophus ferrumequinum,0.023,0.023,-1,Echolocation,/mnt/ubna_data_01_mir/recover-20220825/UBNA_002/20220823_033000.WAV,Telephone Field,recover-20220825,002,1795
1226.6555,1226.695,68437,82298,Rhinolophus ferrumequinum,0.026,0.026,-1,Echolocation,/mnt/ubna_data_01_mir/recover-20220825/UBNA_002/20220823_033000.WAV,Telephone Field,recover-20220825,002,1795
1226.6705,1226.6812,24609,31112,Eptesicus serotinus,0.022,0.06,-1,Echolocation,/mnt/ubna_data_01_mir/recover-20220825/UBNA_002/20220823_033000.WAV,Telephone Field,recover-20220825,002,1795
1226.7045,1226.7466,68437,82179,Rhinolophus ferrumequinum,0.042,0.042,-1,Echolocation,/mnt/ubna_data_01_mir/recover-20220825/UBNA_002/20220823_033000.WAV,Telephone Field,recover-20220825,002,1795
1226.7095,1226.749,68437,82262,Rhinolophus ferrumequinum,0.043,0.043,-1,Echolocation,/mnt/ubna_data_01_mir/recover-20220825/UBNA_002/20220823_033000.WAV,Telephone Field,recover-20220825,002,1795
1226.7405,1226.7482,27187,40092,Eptesicus serotinus,0.008,0.025,-1,Echolocation,/mnt/ubna_data_01_mir/recover-20220825/UBNA_002/20220823_033000.WAV,Telephone Field,recover-20220825,002,1795
1226.8125,1226.8528,68437,82089,Rhinolophus ferrumequinum,0.023,0.023,-1,Echolocation,/mnt/ubna_data_01_mir/recover-20220825/UBNA_002/20220823_033000.WAV,Telephone Field,recover-20220825,002,1795
1226.8655,1226.876,23750,30594,Nyctalus leisleri,0.009,0.028,-1,Echolocation,/mnt/ubna_data_01_mir/recover-20220825/UBNA_002/20220823_033000.WAV,Telephone Field,recover-20220825,002,1795
1226.8845,1226.8933,45234,50844,Pipistrellus pipistrellus,0.024,0.026,-1,Echolocation,/mnt/ubna_data_01_mir/recover-20220825/UBNA_002/20220823_033000.WAV,Telephone Field,recover-20220825,002,1795
1226.8875,1226.8951,27187,39496,Eptesicus serotinus,0.008,0.025,-1,Echolocation,/mnt/ubna_data_01_mir/recover-20220825/UBNA_002/20220823_033000.WAV,Telephone Field,recover-20220825,002,1795
1226.9075,1226.9158,25468,33389,Eptesicus serotinus,0.008,0.022,-1,Echolocation,/mnt/ubna_data_01_mir/recover-20220825/UBNA_002/20220823_033000.WAV,Telephone Field,recover-20220825,002,1795
1226.9195,1226.9272,27187,38553,Eptesicus serotinus,0.007,0.022,-1,Echolocation,/mnt/ubna_data_01_mir/recover-20220825/UBNA_002/20220823_033000.WAV,Telephone Field,recover-20220825,002,1795
1226.9375,1226.9759,68437,82497,Rhinolophus ferrumequinum,0.024,0.024,-1,Echolocation,/mnt/ubna_data_01_mir/recover-20220825/UBNA_002/20220823_033000.WAV,Telephone Field,recover-20220825,002,1795
1226.9585,1226.999,68437,82397,Rhinolophus ferrumequinum,0.022,0.022,-1,Echolocation,/mnt/ubna_data_01_mir/recover-20220825/UBNA_002/20220823_033000.WAV,Telephone Field,recover-20220825,002,1795
1226.9665,1227.007,68437,82203,Rhinolophus ferrumequinum,0.023,0.023,-1,Echolocation,/mnt/ubna_data_01_mir/recover-20220825/UBNA_002/20220823_033000.WAV,Telephone Field,recover-20220825,002,1795
1227.0045,1227.0214,19453,23378,Nyctalus noctula,0.012,0.026,-1,Echolocation,/mnt/ubna_data_01_mir/recover-20220825/UBNA_002/20220823_033000.WAV,Telephone Field,recover-20220825,002,1795
1227.0995,1227.1396,68437,82308,Rhinolophus ferrumequinum,0.022,0.022,-1,Echolocation,/mnt/ubna_data_01_mir/recover-20220825/UBNA_002/20220823_033000.WAV,Telephone Field,recover-20220825,002,1795
1227.1245,1227.1341,22890,29396,Nyctalus leisleri,0.007,0.022,-1,Echolocation,/mnt/ubna_data_01_mir/recover-20220825/UBNA_002/20220823_033000.WAV,Telephone Field,recover-20220825,002,1795
1227.1835,1227.2263,68437,82684,Rhinolophus ferrumequinum,0.033,0.033,-1,Echolocation,/mnt/ubna_data_01_mir/recover-20220825/UBNA_002/20220823_033000.WAV,Telephone Field,recover-20220825,002,1795
1227.2195,1227.2293,23750,29716,Nyctalus leisleri,0.009,0.023,-1,Echolocation,/mnt/ubna_data_01_mir/recover-20220825/UBNA_002/20220823_033000.WAV,Telephone Field,recover-20220825,002,1795
1227.2695,1227.3106,68437,83196,Rhinolophus ferrumequinum,0.027,0.027,-1,Echolocation,/mnt/ubna_data_01_mir/recover-20220825/UBNA_002/20220823_033000.WAV,Telephone Field,recover-20220825,002,1795
1227.2995,1227.3366,68437,82013,Rhinolophus ferrumequinum,0.021,0.021,-1,Echolocation,/mnt/ubna_data_01_mir/recover-20220825/UBNA_002/20220823_033000.WAV,Telephone Field,recover-20220825,002,1795
1227.3005,1227.3077,27187,39575,Eptesicus serotinus,0.006,0.023,-1,Echolocation,/mnt/ubna_data_01_mir/recover-20220825/UBNA_002/20220823_033000.WAV,Telephone Field,recover-20220825,002,1795
1227.3235,1227.3656,68437,82870,Rhinolophus ferrumequinum,0.024,0.024,-1,Echolocation,/mnt/ubna_data_01_mir/recover-20220825/UBNA_002/20220823_033000.WAV,Telephone Field,recover-20220825,002,1795
1227.3305,1227.3389,44375,49615,Pipistrellus pipistrellus,0.018,0.021,-1,Echolocation,/mnt/ubna_data_01_mir/recover-20220825/UBNA_002/20220823_033000.WAV,Telephone Field,recover-20220825,002,1795
1227.3425,1227.3517,22890,30193,Plecotus austriacus,0.007,0.024,-1,Echolocation,/mnt/ubna_data_01_mir/recover-20220825/UBNA_002/20220823_033000.WAV,Telephone Field,recover-20220825,002,1795
1227.3595,1227.3675,28046,39038,Eptesicus serotinus,0.007,0.023,-1,Echolocation,/mnt/ubna_data_01_mir/recover-20220825/UBNA_002/20220823_033000.WAV,Telephone Field,recover-20220825,002,1795
1227.3785,1227.4163,68437,81600,Rhinolophus ferrumequinum,0.024,0.025,-1,Echolocation,/mnt/ubna_data_01_mir/recover-20220825/UBNA_002/20220823_033000.WAV,Telephone Field,recover-20220825,002,1795
1227.3945,1227.4015,27187,39132,Eptesicus serotinus,0.007,0.023,-1,Echolocation,/mnt/ubna_data_01_mir/recover-20220825/UBNA_002/20220823_033000.WAV,Telephone Field,recover-20220825,002,1795
1227.4835,1227.5237,68437,82838,Rhinolophus ferrumequinum,0.034,0.034,-1,Echolocation,/mnt/ubna_data_01_mir/recover-20220825/UBNA_002/20220823_033000.WAV,Telephone Field,recover-20220825,002,1795
1227.4955,1227.5345,68437,82328,Rhinolophus ferrumequinum,0.023,0.023,-1,Echolocation,/mnt/ubna_data_01_mir/recover-20220825/UBNA_002/20220823_033000.WAV,Telephone Field,recover-20220825,002,1795
1227.5045,1227.5121,28046,38770,Eptesicus serotinus,0.008,0.026,-1,Echolocation,/mnt/ubna_data_01_mir/recover-20220825/UBNA_002/20220823_033000.WAV,Telephone Field,recover-20220825,002,1795
1227.5145,1227.5518,68437,82370,Rhinolophus ferrumequinum,0.022,0.022,-1,Echolocation,/mnt/ubna_data_01_mir/recover-20220825/UBNA_002/20220823_033000.WAV,Telephone Field,recover-20220825,002,1795
1227.5485,1227.5605,32343,37902,Eptesicus serotinus,0.009,0.025,-1,Echolocation,/mnt/ubna_data_01_mir/recover-20220825/UBNA_002/20220823_033000.WAV,Telephone Field,recover-20220825,002,1795
1227.6035,1227.6462,68437,82985,Rhinolophus ferrumequinum,0.026,0.026,-1,Echolocation,/mnt/ubna_data_01_mir/recover-20220825/UBNA_002/20220823_033000.WAV,Telephone Field,recover-20220825,002,1795
1227.6245,1227.6626,68437,81776,Rhinolophus ferrumequinum,0.023,0.023,-1,Echolocation,/mnt/ubna_data_01_mir/recover-20220825/UBNA_002/20220823_033000.WAV,Telephone Field,recover-20220825,002,1795
1227.6305,1227.6691,68437,81867,Rhinolophus ferrumequinum,0.022,0.022,-1,Echolocation,/mnt/ubna_data_01_mir/recover-20220825/UBNA_002/20220823_033000.WAV,Telephone Field,recover-20220825,002,1795
1227.6485,1227.6899,68437,82892,Rhinolophus ferrumequinum,0.023,0.023,-1,Echolocation,/mnt/ubna_data_01_mir/recover-20220825/UBNA_002/20220823_033000.WAV,Telephone Field,recover-20220825,002,1795
1227.6515,1227.6604,23750,31575,Plecotus austriacus,0.006,0.023,-1,Echolocation,/mnt/ubna_data_01_mir/recover-20220825/UBNA_002/20220823_033000.WAV,Telephone Field,recover-20220825,002,1795
1227.6575,1227.6674,24609,31546,Nyctalus leisleri,0.007,0.023,-1,Echolocation,/mnt/ubna_data_01_mir/recover-20220825/UBNA_002/20220823_033000.WAV,Telephone Field,recover-20220825,002,1795
1227.6695,1227.712,68437,82824,Rhinolophus ferrumequinum,0.03,0.03,-1,Echolocation,/mnt/ubna_data_01_mir/recover-20220825/UBNA_002/20220823_033000.WAV,Telephone Field,recover-20220825,002,1795
1227.6735,1227.6809,28046,39104,Eptesicus serotinus,0.006,0.022,-1,Echolocation,/mnt/ubna_data_01_mir/recover-20220825/UBNA_002/20220823_033000.WAV,Telephone Field,recover-20220825,002,1795
1227.7045,1227.7413,68437,81754,Rhinolophus ferrumequinum,0.024,0.024,-1,Echolocation,/mnt/ubna_data_01_mir/recover-20220825/UBNA_002/20220823_033000.WAV,Telephone Field,recover-20220825,002,1795
1227.7115,1227.723,28046,34661,Eptesicus serotinus,0.015,0.03,-1,Echolocation,/mnt/ubna_data_01_mir/recover-20220825/UBNA_002/20220823_033000.WAV,Telephone Field,recover-20220825,002,1795
1227.7795,1227.8195,68437,82483,Rhinolophus ferrumequinum,0.028,0.028,-1,Echolocation,/mnt/ubna_data_01_mir/recover-20220825/UBNA_002/20220823_033000.WAV,Telephone Field,recover-20220825,002,1795
1227.8045,1227.8431,68437,81841,Rhinolophus ferrumequinum,0.024,0.024,-1,Echolocation,/mnt/ubna_data_01_mir/recover-20220825/UBNA_002/20220823_033000.WAV,Telephone Field,recover-20220825,002,1795
1227.8595,1227.8686,28906,37728,Eptesicus serotinus,0.01,0.028,-1,Echolocation,/mnt/ubna_data_01_mir/recover-20220825/UBNA_002/20220823_033000.WAV,Telephone Field,recover-20220825,002,1795
1227.8735,1227.8822,48671,52258,Pipistrellus pipistrellus,0.031,0.033,-1,Echolocation,/mnt/ubna_data_01_mir/recover-20220825/UBNA_002/20220823_033000.WAV,Telephone Field,recover-20220825,002,1795
1227.9155,1227.9262,23750,30685,Nyctalus leisleri,0.012,0.031,-1,Echolocation,/mnt/ubna_data_01_mir/recover-20220825/UBNA_002/20220823_033000.WAV,Telephone Field,recover-20220825,002,1795
1227.9565,1227.9688,14296,19755,Nyctalus noctula,0.013,0.023,-1,Echolocation,/mnt/ubna_data_01_mir/recover-20220825/UBNA_002/20220823_033000.WAV,Telephone Field,recover-20220825,002,1795
1228.0015,1228.0334,68437,79227,Rhinolophus ferrumequinum,0.027,0.028,-1,Echolocation,/mnt/ubna_data_01_mir/recover-20220825/UBNA_002/20220823_033000.WAV,Telephone Field,recover-20220825,002,1795
1228.0015,1228.0184,52968,58322,Pipistrellus pygmaeus,0.018,0.026,-1,Echolocation,/mnt/ubna_data_01_mir/recover-20220825/UBNA_002/20220823_033000.WAV,Telephone Field,recover-20220825,002,1795
1228.0015,1228.0106,20312,26950,Nyctalus leisleri,0.01,0.035,-1,Echolocation,/mnt/ubna_data_01_mir/recover-20220825/UBNA_002/20220823_033000.WAV,Telephone Field,recover-20220825,002,1795
1228.0095,1228.0511,68437,81685,Rhinolophus ferrumequinum,0.022,0.022,-1,Echolocation,/mnt/ubna_data_01_mir/recover-20220825/UBNA_002/20220823_033000.WAV,Telephone Field,recover-20220825,002,1795
1228.0205,1228.0601,68437,82706,Rhinolophus ferrumequinum,0.022,0.022,-1,Echolocation,/mnt/ubna_data_01_mir/recover-20220825/UBNA_002/20220823_033000.WAV,Telephone Field,recover-20220825,002,1795
1228.0635,1228.0726,28046,38326,Eptesicus serotinus,0.01,0.025,-1,Echolocation,/mnt/ubna_data_01_mir/recover-20220825/UBNA_002/20220823_033000.WAV,Telephone Field,recover-20220825,002,1795
1228.0685,1228.1092,68437,82827,Rhinolophus ferrumequinum,0.026,0.026,-1,Echolocation,/mnt/ubna_data_01_mir/recover-20220825/UBNA_002/20220823_033000.WAV,Telephone Field,recover-20220825,002,1795
1228.0735,1228.1128,68437,82495,Rhinolophus ferrumequinum,0.025,0.025,-1,Echolocation,/mnt/ubna_data_01_mir/recover-20220825/UBNA_002/20220823_033000.WAV,Telephone Field,recover-20220825,002,1795
1228.0935,1228.1049,23750,29710,Nyctalus leisleri,0.01,0.024,-1,Echolocation,/mnt/ubna_data_01_mir/recover-20220825/UBNA_002/20220823_033000.WAV,Telephone Field,recover-20220825,002,1795
1228.1085,1228.1492,68437,82963,Rhinolophus ferrumequinum,0.024,0.024,-1,Echolocation,/mnt/ubna_data_01_mir/recover-20220825/UBNA_002/20220823_033000.WAV,Telephone Field,recover-20220825,002,1795
1228.1215,1228.1595,68437,82021,Rhinolophus ferrumequinum,0.022,0.022,-1,Echolocation,/mnt/ubna_data_01_mir/recover-20220825/UBNA_002/20220823_033000.WAV,Telephone Field,recover-20220825,002,1795
1228.1555,1228.1945,68437,82162,Rhinolophus ferrumequinum,0.024,0.024,-1,Echolocation,/mnt/ubna_data_01_mir/recover-20220825/UBNA_002/20220823_033000.WAV,Telephone Field,recover-20220825,002,1795
1228.1655,1228.2035,68437,81860,Rhinolophus ferrumequinum,0.023,0.023,-1,Echolocation,/mnt/ubna_data_01_mir/recover-20220825/UBNA_002/20220823_033000.WAV,Telephone Field,recover-20220825,002,1795
1228.3025,1228.3451,68437,83641,Rhinolophus ferrumequinum,0.03,0.03,-1,Echolocation,/mnt/ubna_data_01_mir/recover-20220825/UBNA_002/20220823_033000.WAV,Telephone Field,recover-20220825,002,1795
1228.3265,1228.3463,21171,24383,Nyctalus leisleri,0.029,0.053,-1,Echolocation,/mnt/ubna_data_01_mir/recover-20220825/UBNA_002/20220823_033000.WAV,Telephone Field,recover-20220825,002,1795
1228.4005,1228.4113,23750,29198,Nyctalus leisleri,0.014,0.029,-1,Echolocation,/mnt/ubna_data_01_mir/recover-20220825/UBNA_002/20220823_033000.WAV,Telephone Field,recover-20220825,002,1795
1228.4335,1228.4737,68437,82430,Rhinolophus ferrumequinum,0.023,0.023,-1,Echolocation,/mnt/ubna_data_01_mir/recover-20220825/UBNA_002/20220823_033000.WAV,Telephone Field,recover-20220825,002,1795
1228.4355,1228.4458,24609,32554,Eptesicus serotinus,0.008,0.026,-1,Echolocation,/mnt/ubna_data_01_mir/recover-20220825/UBNA_002/20220823_033000.WAV,Telephone Field,recover-20220825,002,1795
1228.4395,1228.4789,68437,82291,Rhinolophus ferrumequinum,0.024,0.024,-1,Echolocation,/mnt/ubna_data_01_mir/recover-20220825/UBNA_002/20220823_033000.WAV,Telephone Field,recover-20220825,002,1795
1228.4465,1228.4531,32343,41943,Myotis daubentonii,0.011,0.025,-1,Echolocation,/mnt/ubna_data_01_mir/recover-20220825/UBNA_002/20220823_033000.WAV,Telephone Field,recover-20220825,002,1795
1228.4465,1228.4535,27187,38515,Eptesicus serotinus,0.007,0.024,-1,Echolocation,/mnt/ubna_data_01_mir/recover-20220825/UBNA_002/20220823_033000.WAV,Telephone Field,recover-20220825,002,1795
1228.4625,1228.5,68437,81702,Rhinolophus ferrumequinum,0.026,0.027,-1,Echolocation,/mnt/ubna_data_01_mir/recover-20220825/UBNA_002/20220823_033000.WAV,Telephone Field,recover-20220825,002,1795
1228.4935,1228.5043,24609,30992,Nyctalus leisleri,0.008,0.022,-1,Echolocation,/mnt/ubna_data_01_mir/recover-20220825/UBNA_002/20220823_033000.WAV,Telephone Field,recover-20220825,002,1795
1228.5015,1228.5428,68437,82778,Rhinolophus ferrumequinum,0.027,0.027,-1,Echolocation,/mnt/ubna_data_01_mir/recover-20220825/UBNA_002/20220823_033000.WAV,Telephone Field,recover-20220825,002,1795
1228.5255,1228.5338,42656,48696,Pipistrellus pipistrellus,0.02,0.024,-1,Echolocation,/mnt/ubna_data_01_mir/recover-20220825/UBNA_002/20220823_033000.WAV,Telephone Field,recover-20220825,002,1795
1228.5315,1228.54,24609,32651,Eptesicus serotinus,0.006,0.024,-1,Echolocation,/mnt/ubna_data_01_mir/recover-20220825/UBNA_002/20220823_033000.WAV,Telephone Field,recover-20220825,002,1795
1228.5535,1228.5951,68437,82089,Rhinolophus ferrumequinum,0.021,0.021,-1,Echolocation,/mnt/ubna_data_01_mir/recover-20220825/UBNA_002/20220823_033000.WAV,Telephone Field,recover-20220825,002,1795
1228.5545,1228.5628,28046,39955,Eptesicus serotinus,0.008,0.023,-1,Echolocation,/mnt/ubna_data_01_mir/recover-20220825/UBNA_002/20220823_033000.WAV,Telephone Field,recover-20220825,002,1795
1228.5775,1228.5859,28046,37252,Eptesicus serotinus,0.008,0.022,-1,Echolocation,/mnt/ubna_data_01_mir/recover-20220825/UBNA_002/20220823_033000.WAV,Telephone Field,recover-20220825,002,1795
1228.5955,1228.6371,68437,82661,Rhinolophus ferrumequinum,0.024,0.024,-1,Echolocation,/mnt/ubna_data_01_mir/recover-20220825/UBNA_002/20220823_033000.WAV,Telephone Field,recover-20220825,002,1795
1228.6505,1228.6592,28046,39532,Eptesicus serotinus,0.008,0.021,-1,Echolocation,/mnt/ubna_data_01_mir/recover-20220825/UBNA_002/20220823_033000.WAV,Telephone Field,recover-20220825,002,1795
1228.6875,1228.7248,68437,81790,Rhinolophus ferrumequinum,0.023,0.023,-1,Echolocation,/mnt/ubna_data_01_mir/recover-20220825/UBNA_002/20220823_033000.WAV,Telephone Field,recover-20220825,002,1795
1228.7315,1228.7456,22890,26978,Nyctalus leisleri,0.015,0.026,-1,Echolocation,/mnt/ubna_data_01_mir/recover-20220825/UBNA_002/20220823_033000.WAV,Telephone Field,recover-20220825,002,1795
1228.7315,1228.7707,68437,82959,Rhinolophus ferrumequinum,0.024,0.024,-1,Echolocation,/mnt/ubna_data_01_mir/recover-20220825/UBNA_002/20220823_033000.WAV,Telephone Field,recover-20220825,002,1795
1228.7595,1228.796,68437,82138,Rhinolophus ferrumequinum,0.023,0.023,-1,Echolocation,/mnt/ubna_data_01_mir/recover-20220825/UBNA_002/20220823_033000.WAV,Telephone Field,recover-20220825,002,1795
1228.7655,1228.806,68437,82813,Rhinolophus ferrumequinum,0.024,0.024,-1,Echolocation,/mnt/ubna_data_01_mir/recover-20220825/UBNA_002/20220823_033000.WAV,Telephone Field,recover-20220825,002,1795
1228.7905,1228.7967,51250,57980,Pipistrellus pipistrellus,0.035,0.04,-1,Echolocation,/mnt/ubna_data_01_mir/recover-20220825/UBNA_002/20220823_033000.WAV,Telephone Field,recover-20220825,002,1795
1228.8335,1228.8424,23750,32010,Plecotus austriacus,0.006,0.023,-1,Echolocation,/mnt/ubna_data_01_mir/recover-20220825/UBNA_002/20220823_033000.WAV,Telephone Field,recover-20220825,002,1795
1228.8345,1228.8773,68437,83197,Rhinolophus ferrumequinum,0.039,0.039,-1,Echolocation,/mnt/ubna_data_01_mir/recover-20220825/UBNA_002/20220823_033000.WAV,Telephone Field,recover-20220825,002,1795
1228.8355,1228.842,28046,39548,Eptesicus serotinus,0.006,0.023,-1,Echolocation,/mnt/ubna_data_01_mir/recover-20220825/UBNA_002/20220823_033000.WAV,Telephone Field,recover-20220825,002,1795
1228.8775,1228.8858,28046,38995,Eptesicus serotinus,0.008,0.024,-1,Echolocation,/mnt/ubna_data_01_mir/recover-20220825/UBNA_002/20220823_033000.WAV,Telephone Field,recover-20220825,002,1795
1228.9065,1228.946,68437,81796,Rhinolophus ferrumequinum,0.022,0.022,-1,Echolocation,/mnt/ubna_data_01_mir/recover-20220825/UBNA_002/20220823_033000.WAV,Telephone Field,recover-20220825,002,1795
1228.9695,1229.0014,68437,80083,Rhinolophus ferrumequinum,0.023,0.024,-1,Echolocation,/mnt/ubna_data_01_mir/recover-20220825/UBNA_002/20220823_033000.WAV,Telephone Field,recover-20220825,002,1795
1228.9975,1229.0055,27187,38790,Eptesicus serotinus,0.007,0.021,-1,Echolocation,/mnt/ubna_data_01_mir/recover-20220825/UBNA_002/20220823_033000.WAV,Telephone Field,recover-20220825,002,1795
1229.0595,1229.0669,28046,39589,Eptesicus serotinus,0.007,0.024,-1,Echolocation,/mnt/ubna_data_01_mir/recover-20220825/UBNA_002/20220823_033000.WAV,Telephone Field,recover-20220825,002,1795
1229.0905,1229.1007,23750,29092,Nyctalus leisleri,0.009,0.021,-1,Echolocation,/mnt/ubna_data_01_mir/recover-20220825/UBNA_002/20220823_033000.WAV,Telephone Field,recover-20220825,002,1795
1229.1235,1229.1334,23750,30275,Nyctalus leisleri,0.009,0.023,-1,Echolocation,/mnt/ubna_data_01_mir/recover-20220825/UBNA_002/20220823_033000.WAV,Telephone Field,recover-20220825,002,1795
1229.1505,1229.1868,68437,82047,Rhinolophus ferrumequinum,0.026,0.026,-1,Echolocation,/mnt/ubna_data_01_mir/recover-20220825/UBNA_002/20220823_033000.WAV,Telephone Field,recover-20220825,002,1795
1229.1905,1229.1986,28906,38484,Eptesicus serotinus,0.01,0.029,-1,Echolocation,/mnt/ubna_data_01_mir/recover-20220825/UBNA_002/20220823_033000.WAV,Telephone Field,recover-20220825,002,1795
1229.2085,1229.2483,68437,82353,Rhinolophus ferrumequinum,0.025,0.025,-1,Echolocation,/mnt/ubna_data_01_mir/recover-20220825/UBNA_002/20220823_033000.WAV,Telephone Field,recover-20220825,002,1795
1229.2295,1229.2411,24609,30163,Nyctalus leisleri,0.011,0.025,-1,Echolocation,/mnt/ubna_data_01_mir/recover-20220825/UBNA_002/20220823_033000.WAV,Telephone Field,recover-20220825,002,1795
1229.2465,1229.2872,68437,82277,Rhinolophus ferrumequinum,0.023,0.023,-1,Echolocation,/mnt/ubna_data_01_mir/recover-20220825/UBNA_002/20220823_033000.WAV,Telephone Field,recover-20220825,002,1795
1229.2705,1229.306,68437,81806,Rhinolophus ferrumequinum,0.023,0.023,-1,Echolocation,/mnt/ubna_data_01_mir/recover-20220825/UBNA_002/20220823_033000.WAV,Telephone Field,recover-20220825,002,1795
1229.3195,1229.3581,68437,82432,Rhinolophus ferrumequinum,0.026,0.026,-1,Echolocation,/mnt/ubna_data_01_mir/recover-20220825/UBNA_002/20220823_033000.WAV,Telephone Field,recover-20220825,002,1795
1229.3275,1229.3632,68437,81608,Rhinolophus ferrumequinum,0.021,0.021,-1,Echolocation,/mnt/ubna_data_01_mir/recover-20220825/UBNA_002/20220823_033000.WAV,Telephone Field,recover-20220825,002,1795
1229.3595,1229.3973,68437,82740,Rhinolophus ferrumequinum,0.032,0.032,-1,Echolocation,/mnt/ubna_data_01_mir/recover-20220825/UBNA_002/20220823_033000.WAV,Telephone Field,recover-20220825,002,1795
1229.3855,1229.3946,23750,30760,Eptesicus serotinus,0.006,0.022,-1,Echolocation,/mnt/ubna_data_01_mir/recover-20220825/UBNA_002/20220823_033000.WAV,Telephone Field,recover-20220825,002,1795
1229.4205,1229.459,68437,82037,Rhinolophus ferrumequinum,0.023,0.023,-1,Echolocation,/mnt/ubna_data_01_mir/recover-20220825/UBNA_002/20220823_033000.WAV,Telephone Field,recover-20220825,002,1795
1229.4225,1229.4336,28046,35373,Eptesicus serotinus,0.017,0.033,-1,Echolocation,/mnt/ubna_data_01_mir/recover-20220825/UBNA_002/20220823_033000.WAV,Telephone Field,recover-20220825,002,1795
1229.4355,1229.4657,68437,80086,Rhinolophus ferrumequinum,0.021,0.022,-1,Echolocation,/mnt/ubna_data_01_mir/recover-20220825/UBNA_002/20220823_033000.WAV,Telephone Field,recover-20220825,002,1795
1229.4875,1229.5284,68437,82462,Rhinolophus ferrumequinum,0.028,0.028,-1,Echolocation,/mnt/ubna_data_01_mir/recover-20220825/UBNA_002/20220823_033000.WAV,Telephone Field,recover-20220825,002,1795
1229.5105,1229.5469,68437,81946,Rhinolophus ferrumequinum,0.023,0.023,-1,Echolocation,/mnt/ubna_data_01_mir/recover-20220825/UBNA_002/20220823_033000.WAV,Telephone Field,recover-20220825,002,1795
1229.5425,1229.5568,22890,27198,Nyctalus leisleri,0.013,0.023,-1,Echolocation,/mnt/ubna_data_01_mir/recover-20220825/UBNA_002/20220823_033000.WAV,Telephone Field,recover-20220825,002,1795
1229.5655,1229.6022,68437,81634,Rhinolophus ferrumequinum,0.021,0.021,-1,Echolocation,/mnt/ubna_data_01_mir/recover-20220825/UBNA_002/20220823_033000.WAV,Telephone Field,recover-20220825,002,1795
1229.6145,1229.6249,28906,36084,Eptesicus serotinus,0.009,0.021,-1,Echolocation,/mnt/ubna_data_01_mir/recover-20220825/UBNA_002/20220823_033000.WAV,Telephone Field,recover-20220825,002,1795
1229.6485,1229.6898,68437,82841,Rhinolophus ferrumequinum,0.025,0.025,-1,Echolocation,/mnt/ubna_data_01_mir/recover-20220825/UBNA_002/20220823_033000.WAV,Telephone Field,recover-20220825,002,1795
1229.7125,1229.7483,68437,81288,Rhinolophus ferrumequinum,0.023,0.023,-1,Echolocation,/mnt/ubna_data_01_mir/recover-20220825/UBNA_002/20220823_033000.WAV,Telephone Field,recover-20220825,002,1795
1229.7515,1229.7886,68437,81629,Rhinolophus ferrumequinum,0.024,0.024,-1,Echolocation,/mnt/ubna_data_01_mir/recover-20220825/UBNA_002/20220823_033000.WAV,Telephone Field,recover-20220825,002,1795
1229.7585,1229.7653,45234,52669,Pipistrellus pipistrellus,0.019,0.022,-1,Echolocation,/mnt/ubna_data_01_mir/recover-20220825/UBNA_002/20220823_033000.WAV,Telephone Field,recover-20220825,002,1795
1229.7595,1229.7678,22890,30262,Plecotus austriacus,0.01,0.022,-1,Echolocation,/mnt/ubna_data_01_mir/recover-20220825/UBNA_002/20220823_033000.WAV,Telephone Field,recover-20220825,002,1795
1229.7905,1229.7997,28046,36489,Eptesicus serotinus,0.01,0.023,-1,Echolocation,/mnt/ubna_data_01_mir/recover-20220825/UBNA_002/20220823_033000.WAV,Telephone Field,recover-20220825,002,1795
1229.7925,1229.8124,17734,21923,Nyctalus noctula,0.016,0.024,-1,Echolocation,/mnt/ubna_data_01_mir/recover-20220825/UBNA_002/20220823_033000.WAV,Telephone Field,recover-20220825,002,1795
1229.8115,1229.8507,68437,82487,Rhinolophus ferrumequinum,0.022,0.022,-1,Echolocation,/mnt/ubna_data_01_mir/recover-20220825/UBNA_002/20220823_033000.WAV,Telephone Field,recover-20220825,002,1795
1229.8255,1229.8335,44375,50442,Pipistrellus pipistrellus,0.021,0.022,-1,Echolocation,/mnt/ubna_data_01_mir/recover-20220825/UBNA_002/20220823_033000.WAV,Telephone Field,recover-20220825,002,1795
1229.9135,1229.9512,68437,82362,Rhinolophus ferrumequinum,0.025,0.026,-1,Echolocation,/mnt/ubna_data_01_mir/recover-20220825/UBNA_002/20220823_033000.WAV,Telephone Field,recover-20220825,002,1795
1229.9285,1229.9644,68437,81517,Rhinolophus ferrumequinum,0.021,0.021,-1,Echolocation,/mnt/ubna_data_01_mir/recover-20220825/UBNA_002/20220823_033000.WAV,Telephone Field,recover-20220825,002,1795
1229.9605,1229.9998,68437,82059,Rhinolophus ferrumequinum,0.022,0.022,-1,Echolocation,/mnt/ubna_data_01_mir/recover-20220825/UBNA_002/20220823_033000.WAV,Telephone Field,recover-20220825,002,1795
1229.9895,1229.9989,28046,39459,Eptesicus serotinus,0.012,0.026,-1,Echolocation,/mnt/ubna_data_01_mir/recover-20220825/UBNA_002/20220823_033000.WAV,Telephone Field,recover-20220825,002,1795
1230.0015,1230.0213,17734,22390,Nyctalus noctula,0.057,0.096,-1,Echolocation,/mnt/ubna_data_01_mir/recover-20220825/UBNA_002/20220823_033000.WAV,Telephone Field,recover-20220825,002,1795
1230.0015,1230.0303,69296,80634,Rhinolophus ferrumequinum,0.038,0.038,-1,Echolocation,/mnt/ubna_data_01_mir/recover-20220825/UBNA_002/20220823_033000.WAV,Telephone Field,recover-20220825,002,1795
1230.0015,1230.0091,26328,38526,Myotis nattereri,0.006,0.028,-1,Echolocation,/mnt/ubna_data_01_mir/recover-20220825/UBNA_002/20220823_033000.WAV,Telephone Field,recover-20220825,002,1795
1230.0125,1230.0498,68437,81653,Rhinolophus ferrumequinum,0.022,0.022,-1,Echolocation,/mnt/ubna_data_01_mir/recover-20220825/UBNA_002/20220823_033000.WAV,Telephone Field,recover-20220825,002,1795
1230.0475,1230.0865,68437,82035,Rhinolophus ferrumequinum,0.022,0.022,-1,Echolocation,/mnt/ubna_data_01_mir/recover-20220825/UBNA_002/20220823_033000.WAV,Telephone Field,recover-20220825,002,1795
1230.0715,1230.1101,68437,82303,Rhinolophus ferrumequinum,0.03,0.03,-1,Echolocation,/mnt/ubna_data_01_mir/recover-20220825/UBNA_002/20220823_033000.WAV,Telephone Field,recover-20220825,002,1795
1230.1355,1230.1735,68437,81747,Rhinolophus ferrumequinum,0.023,0.023,-1,Echolocation,/mnt/ubna_data_01_mir/recover-20220825/UBNA_002/20220823_033000.WAV,Telephone Field,recover-20220825,002,1795
1230.1585,1230.1959,68437,81390,Rhinolophus ferrumequinum,0.021,0.021,-1,Echolocation,/mnt/ubna_data_01_mir/recover-20220825/UBNA_002/20220823_033000.WAV,Telephone Field,recover-20220825,002,1795
1230.1715,1230.1788,28046,39346,Eptesicus serotinus,0.007,0.021,-1,Echolocation,/mnt/ubna_data_01_mir/recover-20220825/UBNA_002/20220823_033000.WAV,Telephone Field,recover-20220825,002,1795
1230.1825,1230.1904,25468,34802,Plecotus austriacus,0.006,0.023,-1,Echolocation,/mnt/ubna_data_01_mir/recover-20220825/UBNA_002/20220823_033000.WAV,Telephone Field,recover-20220825,002,1795
1230.1825,1230.216,68437,80779,Rhinolophus ferrumequinum,0.024,0.024,-1,Echolocation,/mnt/ubna_data_01_mir/recover-20220825/UBNA_002/20220823_033000.WAV,Telephone Field,recover-20220825,002,1795
1230.1915,1230.199,24609,33657,Plecotus austriacus,0.007,0.023,-1,Echolocation,/mnt/ubna_data_01_mir/recover-20220825/UBNA_002/20220823_033000.WAV,Telephone Field,recover-20220825,002,1795
1230.2085,1230.2513,68437,82572,Rhinolophus ferrumequinum,0.024,0.024,-1,Echolocation,/mnt/ubna_data_01_mir/recover-20220825/UBNA_002/20220823_033000.WAV,Telephone Field,recover-20220825,002,1795
1230.2425,1230.2835,68437,82638,Rhinolophus ferrumequinum,0.033,0.033,-1,Echolocation,/mnt/ubna_data_01_mir/recover-20220825/UBNA_002/20220823_033000.WAV,Telephone Field,recover-20220825,002,1795
1230.2455,1230.2559,23750,29979,Nyctalus leisleri,0.009,0.024,-1,Echolocation,/mnt/ubna_data_01_mir/recover-20220825/UBNA_002/20220823_033000.WAV,Telephone Field,recover-20220825,002,1795
1230.3615,1230.3704,27187,36563,Eptesicus serotinus,0.008,0.021,-1,Echolocation,/mnt/ubna_data_01_mir/recover-20220825/UBNA_002/20220823_033000.WAV,Telephone Field,recover-20220825,002,1795
1230.3635,1230.4008,68437,82147,Rhinolophus ferrumequinum,0.02,0.02,-1,Echolocation,/mnt/ubna_data_01_mir/recover-20220825/UBNA_002/20220823_033000.WAV,Telephone Field,recover-20220825,002,1795
1230.3865,1230.3954,27187,38400,Eptesicus serotinus,0.008,0.021,-1,Echolocation,/mnt/ubna_data_01_mir/recover-20220825/UBNA_002/20220823_033000.WAV,Telephone Field,recover-20220825,002,1795
1230.3975,1230.436,68437,82129,Rhinolophus ferrumequinum,0.02,0.02,-1,Echolocation,/mnt/ubna_data_01_mir/recover-20220825/UBNA_002/20220823_033000.WAV,Telephone Field,recover-20220825,002,1795
1230.4125,1230.4211,25468,34425,Eptesicus serotinus,0.007,0.021,-1,Echolocation,/mnt/ubna_data_01_mir/recover-20220825/UBNA_002/20220823_033000.WAV,Telephone Field,recover-20220825,002,1795
1230.4255,1230.4669,68437,82589,Rhinolophus ferrumequinum,0.024,0.024,-1,Echolocation,/mnt/ubna_data_01_mir/recover-20220825/UBNA_002/20220823_033000.WAV,Telephone Field,recover-20220825,002,1795
1230.4435,1230.4537,24609,31509,Eptesicus serotinus,0.007,0.021,-1,Echolocation,/mnt/ubna_data_01_mir/recover-20220825/UBNA_002/20220823_033000.WAV,Telephone Field,recover-20220825,002,1795
1230.4695,1230.5083,68437,82186,Rhinolophus ferrumequinum,0.03,0.03,-1,Echolocation,/mnt/ubna_data_01_mir/recover-20220825/UBNA_002/20220823_033000.WAV,Telephone Field,recover-20220825,002,1795
1230.4705,1230.4781,28046,39532,Eptesicus serotinus,0.007,0.023,-1,Echolocation,/mnt/ubna_data_01_mir/recover-20220825/UBNA_002/20220823_033000.WAV,Telephone Field,recover-20220825,002,1795
1230.4915,1230.5345,68437,83186,Rhinolophus ferrumequinum,0.03,0.03,-1,Echolocation,/mnt/ubna_data_01_mir/recover-20220825/UBNA_002/20220823_033000.WAV,Telephone Field,recover-20220825,002,1795
1230.5385,1230.5769,68437,81783,Rhinolophus ferrumequinum,0.022,0.022,-1,Echolocation,/mnt/ubna_data_01_mir/recover-20220825/UBNA_002/20220823_033000.WAV,Telephone Field,recover-20220825,002,1795
1230.5515,1230.5585,26328,40915,Eptesicus serotinus,0.006,0.021,-1,Echolocation,/mnt/ubna_data_01_mir/recover-20220825/UBNA_002/20220823_033000.WAV,Telephone Field,recover-20220825,002,1795
1230.5535,1230.5907,68437,81890,Rhinolophus ferrumequinum,0.022,0.022,-1,Echolocation,/mnt/ubna_data_01_mir/recover-20220825/UBNA_002/20220823_033000.WAV,Telephone Field,recover-20220825,002,1795
1230.5965,1230.6336,68437,82314,Rhinolophus ferrumequinum,0.021,0.021,-1,Echolocation,/mnt/ubna_data_01_mir/recover-20220825/UBNA_002/20220823_033000.WAV,Telephone Field,recover-20220825,002,1795
1230.6235,1230.6315,28046,39074,Eptesicus serotinus,0.007,0.021,-1,Echolocation,/mnt/ubna_data_01_mir/recover-20220825/UBNA_002/20220823_033000.WAV,Telephone Field,recover-20220825,002,1795
1230.6265,1230.6345,47812,52351,Pipistrellus pipistrellus,0.021,0.022,-1,Echolocation,/mnt/ubna_data_01_mir/recover-20220825/UBNA_002/20220823_033000.WAV,Telephone Field,recover-20220825,002,1795
1230.6425,1230.6738,68437,80105,Rhinolophus ferrumequinum,0.038,0.038,-1,Echolocation,/mnt/ubna_data_01_mir/recover-20220825/UBNA_002/20220823_033000.WAV,Telephone Field,recover-20220825,002,1795
1230.6535,1230.6912,68437,81649,Rhinolophus ferrumequinum,0.025,0.025,-1,Echolocation,/mnt/ubna_data_01_mir/recover-20220825/UBNA_002/20220823_033000.WAV,Telephone Field,recover-20220825,002,1795
1230.6765,1230.6841,47812,53721,Pipistrellus pipistrellus,0.02,0.021,-1,Echolocation,/mnt/ubna_data_01_mir/recover-20220825/UBNA_002/20220823_033000.WAV,Telephone Field,recover-20220825,002,1795
1230.7005,1230.7395,68437,82207,Rhinolophus ferrumequinum,0.021,0.021,-1,Echolocation,/mnt/ubna_data_01_mir/recover-20220825/UBNA_002/20220823_033000.WAV,Telephone Field,recover-20220825,002,1795
1230.7225,1230.7333,23750,28540,Nyctalus leisleri,0.011,0.022,-1,Echolocation,/mnt/ubna_data_01_mir/recover-20220825/UBNA_002/20220823_033000.WAV,Telephone Field,recover-20220825,002,1795
1230.7555,1230.7957,68437,82794,Rhinolophus ferrumequinum,0.023,0.023,-1,Echolocation,/mnt/ubna_data_01_mir/recover-20220825/UBNA_002/20220823_033000.WAV,Telephone Field,recover-20220825,002,1795
1230.7555,1230.7659,23750,31170,Nyctalus leisleri,0.009,0.026,-1,Echolocation,/mnt/ubna_data_01_mir/recover-20220825/UBNA_002/20220823_033000.WAV,Telephone Field,recover-20220825,002,1795
1230.7675,1230.7783,23750,29076,Nyctalus leisleri,0.009,0.022,-1,Echolocation,/mnt/ubna_data_01_mir/recover-20220825/UBNA_002/20220823_033000.WAV,Telephone Field,recover-20220825,002,1795
1230.7815,1230.8193,68437,81999,Rhinolophus ferrumequinum,0.021,0.021,-1,Echolocation,/mnt/ubna_data_01_mir/recover-20220825/UBNA_002/20220823_033000.WAV,Telephone Field,recover-20220825,002,1795
1230.7935,1230.8323,68437,81183,Rhinolophus ferrumequinum,0.02,0.02,-1,Echolocation,/mnt/ubna_data_01_mir/recover-20220825/UBNA_002/20220823_033000.WAV,Telephone Field,recover-20220825,002,1795
1230.7975,1230.8073,24609,32710,Eptesicus serotinus,0.007,0.021,-1,Echolocation,/mnt/ubna_data_01_mir/recover-20220825/UBNA_002/20220823_033000.WAV,Telephone Field,recover-20220825,002,1795
1230.8015,1230.8408,68437,82140,Rhinolophus ferrumequinum,0.021,0.021,-1,Echolocation,/mnt/ubna_data_01_mir/recover-20220825/UBNA_002/20220823_033000.WAV,Telephone Field,recover-20220825,002,1795
1230.8595,1230.8669,26328,38347,Eptesicus serotinus,0.006,0.021,-1,Echolocation,/mnt/ubna_data_01_mir/recover-20220825/UBNA_002/20220823_033000.WAV,Telephone Field,recover-20220825,002,1795
1230.8675,1230.8995,68437,80699,Rhinolophus ferrumequinum,0.02,0.021,-1,Echolocation,/mnt/ubna_data_01_mir/recover-20220825/UBNA_002/20220823_033000.WAV,Telephone Field,recover-20220825,002,1795
1230.8835,1230.8942,22890,29074,Nyctalus leisleri,0.014,0.034,-1,Echolocation,/mnt/ubna_data_01_mir/recover-20220825/UBNA_002/20220823_033000.WAV,Telephone Field,recover-20220825,002,1795
1230.8975,1230.9358,68437,81960,Rhinolophus ferrumequinum,0.025,0.025,-1,Echolocation,/mnt/ubna_data_01_mir/recover-20220825/UBNA_002/20220823_033000.WAV,Telephone Field,recover-20220825,002,1795
1230.9355,1230.9742,68437,81167,Rhinolophus ferrumequinum,0.023,0.023,-1,Echolocation,/mnt/ubna_data_01_mir/recover-20220825/UBNA_002/20220823_033000.WAV,Telephone Field,recover-20220825,002,1795
1230.9675,1231.0097,68437,82872,Rhinolophus ferrumequinum,0.043,0.043,-1,Echolocation,/mnt/ubna_data_01_mir/recover-20220825/UBNA_002/20220823_033000.WAV,Telephone Field,recover-20220825,002,1795
1230.9685,1230.9754,28046,43291,Eptesicus serotinus,0.007,0.026,-1,Echolocation,/mnt/ubna_data_01_mir/recover-20220825/UBNA_002/20220823_033000.WAV,Telephone Field,recover-20220825,002,1795
1231.0555,1231.0983,68437,83032,Rhinolophus ferrumequinum,0.021,0.021,-1,Echolocation,/mnt/ubna_data_01_mir/recover-20220825/UBNA_002/20220823_033000.WAV,Telephone Field,recover-20220825,002,1795
1231.0745,1231.1126,68437,81779,Rhinolophus ferrumequinum,0.022,0.022,-1,Echolocation,/mnt/ubna_data_01_mir/recover-20220825/UBNA_002/20220823_033000.WAV,Telephone Field,recover-20220825,002,1795
1231.0995,1231.1075,28046,38164,Eptesicus serotinus,0.008,0.022,-1,Echolocation,/mnt/ubna_data_01_mir/recover-20220825/UBNA_002/20220823_033000.WAV,Telephone Field,recover-20220825,002,1795
1231.1145,1231.1548,68437,82104,Rhinolophus ferrumequinum,0.023,0.023,-1,Echolocation,/mnt/ubna_data_01_mir/recover-20220825/UBNA_002/20220823_033000.WAV,Telephone Field,recover-20220825,002,1795
1231.2145,1231.2223,28046,41259,Eptesicus serotinus,0.007,0.023,-1,Echolocation,/mnt/ubna_data_01_mir/recover-20220825/UBNA_002/20220823_033000.WAV,Telephone Field,recover-20220825,002,1795
1231.2315,1231.2668,68437,81514,Rhinolophus ferrumequinum,0.021,0.021,-1,Echolocation,/mnt/ubna_data_01_mir/recover-20220825/UBNA_002/20220823_033000.WAV,Telephone Field,recover-20220825,002,1795
1231.2435,1231.2837,68437,82166,Rhinolophus ferrumequinum,0.021,0.021,-1,Echolocation,/mnt/ubna_data_01_mir/recover-20220825/UBNA_002/20220823_033000.WAV,Telephone Field,recover-20220825,002,1795
1231.2515,1231.2936,68437,82797,Rhinolophus ferrumequinum,0.022,0.022,-1,Echolocation,/mnt/ubna_data_01_mir/recover-20220825/UBNA_002/20220823_033000.WAV,Telephone Field,recover-20220825,002,1795
1231.3865,1231.424,68437,81651,Rhinolophus ferrumequinum,0.021,0.021,-1,Echolocation,/mnt/ubna_data_01_mir/recover-20220825/UBNA_002/20220823_033000.WAV,Telephone Field,recover-20220825,002,1795
1231.3925,1231.4313,68437,81970,Rhinolophus ferrumequinum,0.021,0.021,-1,Echolocation,/mnt/ubna_data_01_mir/recover-20220825/UBNA_002/20220823_033000.WAV,Telephone Field,recover-20220825,002,1795
1231.4045,1231.4449,68437,82509,Rhinolophus ferrumequinum,0.022,0.022,-1,Echolocation,/mnt/ubna_data_01_mir/recover-20220825/UBNA_002/20220823_033000.WAV,Telephone Field,recover-20220825,002,1795
1231.4345,1231.4721,68437,82211,Rhinolophus ferrumequinum,0.022,0.022,-1,Echolocation,/mnt/ubna_data_01_mir/recover-20220825/UBNA_002/20220823_033000.WAV,Telephone Field,recover-20220825,002,1795
1231.4745,1231.5132,68437,81252,Rhinolophus ferrumequinum,0.02,0.02,-1,Echolocation,/mnt/ubna_data_01_mir/recover-20220825/UBNA_002/20220823_033000.WAV,Telephone Field,recover-20220825,002,1795
1231.5145,1231.5557,68437,82510,Rhinolophus ferrumequinum,0.022,0.022,-1,Echolocation,/mnt/ubna_data_01_mir/recover-20220825/UBNA_002/20220823_033000.WAV,Telephone Field,recover-20220825,002,1795
1231.5555,1231.5653,22890,29556,Nyctalus leisleri,0.008,0.024,-1,Echolocation,/mnt/ubna_data_01_mir/recover-20220825/UBNA_002/20220823_033000.WAV,Telephone Field,recover-20220825,002,1795
1231.5775,1231.6121,68437,81933,Rhinolophus ferrumequinum,0.021,0.021,-1,Echolocation,/mnt/ubna_data_01_mir/recover-20220825/UBNA_002/20220823_033000.WAV,Telephone Field,recover-20220825,002,1795
1231.5785,1231.5874,28906,39519,Eptesicus serotinus,0.01,0.023,-1,Echolocation,/mnt/ubna_data_01_mir/recover-20220825/UBNA_002/20220823_033000.WAV,Telephone Field,recover-20220825,002,1795
1231.5925,1231.6322,68437,82216,Rhinolophus ferrumequinum,0.021,0.021,-1,Echolocation,/mnt/ubna_data_01_mir/recover-20220825/UBNA_002/20220823_033000.WAV,Telephone Field,recover-20220825,002,1795
1231.6375,1231.6731,68437,81131,Rhinolophus ferrumequinum,0.02,0.021,-1,Echolocation,/mnt/ubna_data_01_mir/recover-20220825/UBNA_002/20220823_033000.WAV,Telephone Field,recover-20220825,002,1795
1231.6735,1231.6833,28046,36499,Eptesicus serotinus,0.008,0.021,-1,Echolocation,/mnt/ubna_data_01_mir/recover-20220825/UBNA_002/20220823_033000.WAV,Telephone Field,recover-20220825,002,1795
1231.6855,1231.6929,26328,38713,Eptesicus serotinus,0.006,0.023,-1,Echolocation,/mnt/ubna_data_01_mir/recover-20220825/UBNA_002/20220823_033000.WAV,Telephone Field,recover-20220825,002,1795
1231.7025,1231.7123,28046,35889,Eptesicus serotinus,0.009,0.021,-1,Echolocation,/mnt/ubna_data_01_mir/recover-20220825/UBNA_002/20220823_033000.WAV,Telephone Field,recover-20220825,002,1795
1231.7295,1231.7387,23750,31620,Nyctalus leisleri,0.008,0.025,-1,Echolocation,/mnt/ubna_data_01_mir/recover-20220825/UBNA_002/20220823_033000.WAV,Telephone Field,recover-20220825,002,1795
1231.7395,1231.7765,68437,82211,Rhinolophus ferrumequinum,0.023,0.023,-1,Echolocation,/mnt/ubna_data_01_mir/recover-20220825/UBNA_002/20220823_033000.WAV,Telephone Field,recover-20220825,002,1795
1231.7535,1231.7941,68437,82810,Rhinolophus ferrumequinum,0.021,0.021,-1,Echolocation,/mnt/ubna_data_01_mir/recover-20220825/UBNA_002/20220823_033000.WAV,Telephone Field,recover-20220825,002,1795
1231.7745,1231.7843,22890,28437,Nyctalus leisleri,0.01,0.023,-1,Echolocation,/mnt/ubna_data_01_mir/recover-20220825/UBNA_002/20220823_033000.WAV,Telephone Field,recover-20220825,002,1795
1231.7915,1231.8091,20312,22831,Nyctalus leisleri,0.014,0.021,-1,Echolocation,/mnt/ubna_data_01_mir/recover-20220825/UBNA_002/20220823_033000.WAV,Telephone Field,recover-20220825,002,1795
1231.8035,1231.8434,68437,82079,Rhinolophus ferrumequinum,0.022,0.022,-1,Echolocation,/mnt/ubna_data_01_mir/recover-20220825/UBNA_002/20220823_033000.WAV,Telephone Field,recover-20220825,002,1795
1231.8175,1231.8566,68437,82342,Rhinolophus ferrumequinum,0.022,0.022,-1,Echolocation,/mnt/ubna_data_01_mir/recover-20220825/UBNA_002/20220823_033000.WAV,Telephone Field,recover-20220825,002,1795
1231.8235,1231.8346,22890,27574,Nyctalus leisleri,0.011,0.021,-1,Echolocation,/mnt/ubna_data_01_mir/recover-20220825/UBNA_002/20220823_033000.WAV,Telephone Field,recover-20220825,002,1795
1231.8405,1231.8774,68437,81651,Rhinolophus ferrumequinum,0.022,0.022,-1,Echolocation,/mnt/ubna_data_01_mir/recover-20220825/UBNA_002/20220823_033000.WAV,Telephone Field,recover-20220825,002,1795
1231.8505,1231.8879,68437,81427,Rhinolophus ferrumequinum,0.021,0.022,-1,Echolocation,/mnt/ubna_data_01_mir/recover-20220825/UBNA_002/20220823_033000.WAV,Telephone Field,recover-20220825,002,1795
1231.8595,1231.8991,68437,82135,Rhinolophus ferrumequinum,0.021,0.021,-1,Echolocation,/mnt/ubna_data_01_mir/recover-20220825/UBNA_002/20220823_033000.WAV,Telephone Field,recover-20220825,002,1795
1231.8635,1231.8741,22031,28122,Nyctalus leisleri,0.009,0.027,-1,Echolocation,/mnt/ubna_data_01_mir/recover-20220825/UBNA_002/20220823_033000.WAV,Telephone Field,recover-20220825,002,1795
1231.8865,1231.8945,28046,41959,Eptesicus serotinus,0.009,0.027,-1,Echolocation,/mnt/ubna_data_01_mir/recover-20220825/UBNA_002/20220823_033000.WAV,Telephone Field,recover-20220825,002,1795
1231.8905,1231.9279,68437,81436,Rhinolophus ferrumequinum,0.022,0.022,-1,Echolocation,/mnt/ubna_data_01_mir/recover-20220825/UBNA_002/20220823_033000.WAV,Telephone Field,recover-20220825,002,1795
1231.9045,1231.9178,22890,27037,Nyctalus leisleri,0.013,0.022,-1,Echolocation,/mnt/ubna_data_01_mir/recover-20220825/UBNA_002/20220823_033000.WAV,Telephone Field,recover-20220825,002,1795
1231.9315,1231.9731,68437,82622,Rhinolophus ferrumequinum,0.022,0.023,-1,Echolocation,/mnt/ubna_data_01_mir/recover-20220825/UBNA_002/20220823_033000.WAV,Telephone Field,recover-20220825,002,1795
1231.9845,1231.9935,25468,34578,Eptesicus serotinus,0.008,0.021,-1,Echolocation,/mnt/ubna_data_01_mir/recover-20220825/UBNA_002/20220823_033000.WAV,Telephone Field,recover-20220825,002,1795
1232.0015,1232.0296,69296,82521,Rhinolophus ferrumequinum,0.042,0.042,-1,Echolocation,/mnt/ubna_data_01_mir/recover-20220825/UBNA_002/20220823_033000.WAV,Telephone Field,recover-20220825,002,1795
1232.0015,1232.0097,26328,34965,Nyctalus leisleri,0.006,0.024,-1,Echolocation,/mnt/ubna_data_01_mir/recover-20220825/UBNA_002/20220823_033000.WAV,Telephone Field,recover-20220825,002,1795
1232.0015,1232.016,18593,22931,Nyctalus noctula,0.013,0.031,-1,Echolocation,/mnt/ubna_data_01_mir/recover-20220825/UBNA_002/20220823_033000.WAV,Telephone Field,recover-20220825,002,1795
1232.0125,1232.0219,22890,28692,Nyctalus leisleri,0.008,0.022,-1,Echolocation,/mnt/ubna_data_01_mir/recover-20220825/UBNA_002/20220823_033000.WAV,Telephone Field,recover-20220825,002,1795
1232.0225,1232.0625,68437,82468,Rhinolophus ferrumequinum,0.021,0.021,-1,Echolocation,/mnt/ubna_data_01_mir/recover-20220825/UBNA_002/20220823_033000.WAV,Telephone Field,recover-20220825,002,1795
1232.0605,1232.1013,68437,82817,Rhinolophus ferrumequinum,0.022,0.022,-1,Echolocation,/mnt/ubna_data_01_mir/recover-20220825/UBNA_002/20220823_033000.WAV,Telephone Field,recover-20220825,002,1795
1232.0695,1232.0774,23750,31521,Plecotus austriacus,0.01,0.025,-1,Echolocation,/mnt/ubna_data_01_mir/recover-20220825/UBNA_002/20220823_033000.WAV,Telephone Field,recover-20220825,002,1795
1232.0895,1232.1284,68437,82395,Rhinolophus ferrumequinum,0.022,0.022,-1,Echolocation,/mnt/ubna_data_01_mir/recover-20220825/UBNA_002/20220823_033000.WAV,Telephone Field,recover-20220825,002,1795
1232.1115,1232.1521,68437,82406,Rhinolophus ferrumequinum,0.03,0.03,-1,Echolocation,/mnt/ubna_data_01_mir/recover-20220825/UBNA_002/20220823_033000.WAV,Telephone Field,recover-20220825,002,1795
1232.1345,1232.143,28906,37441,Eptesicus serotinus,0.008,0.021,-1,Echolocation,/mnt/ubna_data_01_mir/recover-20220825/UBNA_002/20220823_033000.WAV,Telephone Field,recover-20220825,002,1795
1232.1545,1232.1945,68437,82323,Rhinolophus ferrumequinum,0.021,0.021,-1,Echolocation,/mnt/ubna_data_01_mir/recover-20220825/UBNA_002/20220823_033000.WAV,Telephone Field,recover-20220825,002,1795
1232.1695,1232.2098,68437,82464,Rhinolophus ferrumequinum,0.023,0.023,-1,Echolocation,/mnt/ubna_data_01_mir/recover-20220825/UBNA_002/20220823_033000.WAV,Telephone Field,recover-20220825,002,1795
1232.1845,1232.1946,22890,29534,Nyctalus leisleri,0.015,0.048,-1,Echolocation,/mnt/ubna_data_01_mir/recover-20220825/UBNA_002/20220823_033000.WAV,Telephone Field,recover-20220825,002,1795
1232.2055,1232.2466,68437,82435,Rhinolophus ferrumequinum,0.02,0.02,-1,Echolocation,/mnt/ubna_data_01_mir/recover-20220825/UBNA_002/20220823_033000.WAV,Telephone Field,recover-20220825,002,1795
1232.2285,1232.2352,26328,35377,Plecotus austriacus,0.006,0.024,-1,Echolocation,/mnt/ubna_data_01_mir/recover-20220825/UBNA_002/20220823_033000.WAV,Telephone Field,recover-20220825,002,1795
1232.2325,1232.2732,68437,82395,Rhinolophus ferrumequinum,0.024,0.024,-1,Echolocation,/mnt/ubna_data_01_mir/recover-20220825/UBNA_002/20220823_033000.WAV,Telephone Field,recover-20220825,002,1795
1232.2675,1232.2768,28046,37104,Eptesicus serotinus,0.01,0.027,-1,Echolocation,/mnt/ubna_data_01_mir/recover-20220825/UBNA_002/20220823_033000.WAV,Telephone Field,recover-20220825,002,1795
1232.2945,1232.336,68437,82766,Rhinolophus ferrumequinum,0.023,0.023,-1,Echolocation,/mnt/ubna_data_01_mir/recover-20220825/UBNA_002/20220823_033000.WAV,Telephone Field,recover-20220825,002,1795
1232.3585,1232.3668,51250,56087,Pipistrellus pipistrellus,0.021,0.024,-1,Echolocation,/mnt/ubna_data_01_mir/recover-20220825/UBNA_002/20220823_033000.WAV,Telephone Field,recover-20220825,002,1795
1232.3805,1232.3958,22031,25329,Nyctalus leisleri,0.016,0.025,-1,Echolocation,/mnt/ubna_data_01_mir/recover-20220825/UBNA_002/20220823_033000.WAV,Telephone Field,recover-20220825,002,1795
1232.3965,1232.4334,68437,80914,Rhinolophus ferrumequinum,0.024,0.024,-1,Echolocation,/mnt/ubna_data_01_mir/recover-20220825/UBNA_002/20220823_033000.WAV,Telephone Field,recover-20220825,002,1795
1232.4055,1232.4387,68437,80689,Rhinolophus ferrumequinum,0.021,0.021,-1,Echolocation,/mnt/ubna_data_01_mir/recover-20220825/UBNA_002/20220823_033000.WAV,Telephone Field,recover-20220825,002,1795
1232.4095,1232.42,34921,41400,Pipistrellus nathusii,0.007,0.025,-1,Echolocation,/mnt/ubna_data_01_mir/recover-20220825/UBNA_002/20220823_033000.WAV,Telephone Field,recover-20220825,002,1795
1232.4295,1232.4682,68437,81890,Rhinolophus ferrumequinum,0.02,0.02,-1,Echolocation,/mnt/ubna_data_01_mir/recover-20220825/UBNA_002/20220823_033000.WAV,Telephone Field,recover-20220825,002,1795
1232.4505,1232.487,68437,81386,Rhinolophus ferrumequinum,0.021,0.021,-1,Echolocation,/mnt/ubna_data_01_mir/recover-20220825/UBNA_002/20220823_033000.WAV,Telephone Field,recover-20220825,002,1795
1232.4635,1232.5024,68437,81507,Rhinolophus ferrumequinum,0.02,0.02,-1,Echolocation,/mnt/ubna_data_01_mir/recover-20220825/UBNA_002/20220823_033000.WAV,Telephone Field,recover-20220825,002,1795
1232.4775,1232.5159,68437,81867,Rhinolophus ferrumequinum,0.021,0.021,-1,Echolocation,/mnt/ubna_data_01_mir/recover-20220825/UBNA_002/20220823_033000.WAV,Telephone Field,recover-20220825,002,1795
1232.4915,1232.5283,68437,81622,Rhinolophus ferrumequinum,0.021,0.021,-1,Echolocation,/mnt/ubna_data_01_mir/recover-20220825/UBNA_002/20220823_033000.WAV,Telephone Field,recover-20220825,002,1795
1232.5025,1232.5124,22890,28557,Nyctalus leisleri,0.007,0.021,-1,Echolocation,/mnt/ubna_data_01_mir/recover-20220825/UBNA_002/20220823_033000.WAV,Telephone Field,recover-20220825,002,1795
1232.5165,1232.556,68437,81949,Rhinolophus ferrumequinum,0.021,0.021,-1,Echolocation,/mnt/ubna_data_01_mir/recover-20220825/UBNA_002/20220823_033000.WAV,Telephone Field,recover-20220825,002,1795
1232.5395,1232.5756,68437,81253,Rhinolophus ferrumequinum,0.023,0.023,-1,Echolocation,/mnt/ubna_data_01_mir/recover-20220825/UBNA_002/20220823_033000.WAV,Telephone Field,recover-20220825,002,1795
1232.5505,1232.5616,23750,28290,Nyctalus leisleri,0.017,0.032,-1,Echolocation,/mnt/ubna_data_01_mir/recover-20220825/UBNA_002/20220823_033000.WAV,Telephone Field,recover-20220825,002,1795
1232.5515,1232.5919,68437,82130,Rhinolophus ferrumequinum,0.024,0.024,-1,Echolocation,/mnt/ubna_data_01_mir/recover-20220825/UBNA_002/20220823_033000.WAV,Telephone Field,recover-20220825,002,1795
1232.5575,1232.5977,68437,82870,Rhinolophus ferrumequinum,0.026,0.026,-1,Echolocation,/mnt/ubna_data_01_mir/recover-20220825/UBNA_002/20220823_033000.WAV,Telephone Field,recover-20220825,002,1795
1232.5665,1232.5776,22031,26674,Nyctalus leisleri,0.011,0.021,-1,Echolocation,/mnt/ubna_data_01_mir/recover-20220825/UBNA_002/20220823_033000.WAV,Telephone Field,recover-20220825,002,1795
1232.5945,1232.6032,29765,37816,Eptesicus serotinus,0.007,0.021,-1,Echolocation,/mnt/ubna_data_01_mir/recover-20220825/UBNA_002/20220823_033000.WAV,Telephone Field,recover-20220825,002,1795
1232.6135,1232.6496,68437,81902,Rhinolophus ferrumequinum,0.02,0.021,-1,Echolocation,/mnt/ubna_data_01_mir/recover-20220825/UBNA_002/20220823_033000.WAV,Telephone Field,recover-20220825,002,1795
1232.6735,1232.7111,68437,82165,Rhinolophus ferrumequinum,0.021,0.021,-1,Echolocation,/mnt/ubna_data_01_mir/recover-20220825/UBNA_002/20220823_033000.WAV,Telephone Field,recover-20220825,002,1795
1232.6795,1232.7179,68437,82283,Rhinolophus ferrumequinum,0.021,0.021,-1,Echolocation,/mnt/ubna_data_01_mir/recover-20220825/UBNA_002/20220823_033000.WAV,Telephone Field,recover-20220825,002,1795
1232.6855,1232.6944,47812,53134,Pipistrellus pipistrellus,0.027,0.029,-1,Echolocation,/mnt/ubna_data_01_mir/recover-20220825/UBNA_002/20220823_033000.WAV,Telephone Field,recover-20220825,002,1795
1232.6955,1232.7063,23750,28970,Nyctalus leisleri,0.012,0.025,-1,Echolocation,/mnt/ubna_data_01_mir/recover-20220825/UBNA_002/20220823_033000.WAV,Telephone Field,recover-20220825,002,1795
1232.7295,1232.7401,22890,28507,Nyctalus leisleri,0.013,0.027,-1,Echolocation,/mnt/ubna_data_01_mir/recover-20220825/UBNA_002/20220823_033000.WAV,Telephone Field,recover-20220825,002,1795
1232.7435,1232.7515,27187,38286,Eptesicus serotinus,0.006,0.02,-1,Echolocation,/mnt/ubna_data_01_mir/recover-20220825/UBNA_002/20220823_033000.WAV,Telephone Field,recover-20220825,002,1795
1232.7665,1232.7743,27187,40175,Eptesicus serotinus,0.007,0.022,-1,Echolocation,/mnt/ubna_data_01_mir/recover-20220825/UBNA_002/20220823_033000.WAV,Telephone Field,recover-20220825,002,1795
1232.7665,1232.8049,68437,81912,Rhinolophus ferrumequinum,0.021,0.021,-1,Echolocation,/mnt/ubna_data_01_mir/recover-20220825/UBNA_002/20220823_033000.WAV,Telephone Field,recover-20220825,002,1795
1232.7915,1232.7991,28046,38465,Eptesicus serotinus,0.006,0.021,-1,Echolocation,/mnt/ubna_data_01_mir/recover-20220825/UBNA_002/20220823_033000.WAV,Telephone Field,recover-20220825,002,1795
1232.8305,1232.8398,26328,37020,Eptesicus serotinus,0.007,0.021,-1,Echolocation,/mnt/ubna_data_01_mir/recover-20220825/UBNA_002/20220823_033000.WAV,Telephone Field,recover-20220825,002,1795
1232.8475,1232.8867,68437,82058,Rhinolophus ferrumequinum,0.027,0.027,-1,Echolocation,/mnt/ubna_data_01_mir/recover-20220825/UBNA_002/20220823_033000.WAV,Telephone Field,recover-20220825,002,1795
1232.8555,1232.8646,28906,36984,Eptesicus serotinus,0.007,0.021,-1,Echolocation,/mnt/ubna_data_01_mir/recover-20220825/UBNA_002/20220823_033000.WAV,Telephone Field,recover-20220825,002,1795
1232.8645,1232.9025,68437,82168,Rhinolophus ferrumequinum,0.03,0.03,-1,Echolocation,/mnt/ubna_data_01_mir/recover-20220825/UBNA_002/20220823_033000.WAV,Telephone Field,recover-20220825,002,1795
1232.8915,1232.9313,68437,82373,Rhinolophus ferrumequinum,0.029,0.029,-1,Echolocation,/mnt/ubna_data_01_mir/recover-20220825/UBNA_002/20220823_033000.WAV,Telephone Field,recover-20220825,002,1795
1232.8975,1232.9073,23750,30378,Nyctalus leisleri,0.008,0.021,-1,Echolocation,/mnt/ubna_data_01_mir/recover-20220825/UBNA_002/20220823_033000.WAV,Telephone Field,recover-20220825,002,1795
1232.9465,1232.9543,28046,40873,Eptesicus serotinus,0.007,0.022,-1,Echolocation,/mnt/ubna_data_01_mir/recover-20220825/UBNA_002/20220823_033000.WAV,Telephone Field,recover-20220825,002,1795
1232.9895,1233.0235,68437,80756,Rhinolophus ferrumequinum,0.021,0.021,-1,Echolocation,/mnt/ubna_data_01_mir/recover-20220825/UBNA_002/20220823_033000.WAV,Telephone Field,recover-20220825,002,1795
1233.0305,1233.067,68437,81370,Rhinolophus ferrumequinum,0.022,0.022,-1,Echolocation,/mnt/ubna_data_01_mir/recover-20220825/UBNA_002/20220823_033000.WAV,Telephone Field,recover-20220825,002,1795
1233.0395,1233.0591,17734,21880,Nyctalus noctula,0.015,0.023,-1,Echolocation,/mnt/ubna_data_01_mir/recover-20220825/UBNA_002/20220823_033000.WAV,Telephone Field,recover-20220825,002,1795
1233.0605,1233.0998,68437,81898,Rhinolophus ferrumequinum,0.021,0.021,-1,Echolocation,/mnt/ubna_data_01_mir/recover-20220825/UBNA_002/20220823_033000.WAV,Telephone Field,recover-20220825,002,1795
1233.0735,1233.1149,68437,82913,Rhinolophus ferrumequinum,0.028,0.028,-1,Echolocation,/mnt/ubna_data_01_mir/recover-20220825/UBNA_002/20220823_033000.WAV,Telephone Field,recover-20220825,002,1795
1233.0805,1233.12,68437,81950,Rhinolophus ferrumequinum,0.021,0.021,-1,Echolocation,/mnt/ubna_data_01_mir/recover-20220825/UBNA_002/20220823_033000.WAV,Telephone Field,recover-20220825,002,1795
1233.0825,1233.093,28906,36246,Eptesicus serotinus,0.009,0.023,-1,Echolocation,/mnt/ubna_data_01_mir/recover-20220825/UBNA_002/20220823_033000.WAV,Telephone Field,recover-20220825,002,1795
1233.0895,1233.1263,68437,80946,Rhinolophus ferrumequinum,0.02,0.02,-1,Echolocation,/mnt/ubna_data_01_mir/recover-20220825/UBNA_002/20220823_033000.WAV,Telephone Field,recover-20220825,002,1795
1233.1085,1233.116,25468,33839,Eptesicus serotinus,0.005,0.02,-1,Echolocation,/mnt/ubna_data_01_mir/recover-20220825/UBNA_002/20220823_033000.WAV,Telephone Field,recover-20220825,002,1795
1233.1885,1233.1992,23750,29266,Nyctalus leisleri,0.011,0.024,-1,Echolocation,/mnt/ubna_data_01_mir/recover-20220825/UBNA_002/20220823_033000.WAV,Telephone Field,recover-20220825,002,1795
1233.2075,1233.2479,68437,81920,Rhinolophus ferrumequinum,0.03,0.03,-1,Echolocation,/mnt/ubna_data_01_mir/recover-20220825/UBNA_002/20220823_033000.WAV,Telephone Field,recover-20220825,002,1795
1233.2075,1233.2165,28906,39510,Eptesicus serotinus,0.007,0.02,-1,Echolocation,/mnt/ubna_data_01_mir/recover-20220825/UBNA_002/20220823_033000.WAV,Telephone Field,recover-20220825,002,1795
1233.2145,1233.2547,68437,82560,Rhinolophus ferrumequinum,0.024,0.024,-1,Echolocation,/mnt/ubna_data_01_mir/recover-20220825/UBNA_002/20220823_033000.WAV,Telephone Field,recover-20220825,002,1795
1233.2555,1233.2662,27187,33946,Eptesicus serotinus,0.009,0.02,-1,Echolocation,/mnt/ubna_data_01_mir/recover-20220825/UBNA_002/20220823_033000.WAV,Telephone Field,recover-20220825,002,1795
1233.2725,1233.2941,19453,22481,Nyctalus leisleri,0.016,0.031,-1,Echolocation,/mnt/ubna_data_01_mir/recover-20220825/UBNA_002/20220823_033000.WAV,Telephone Field,recover-20220825,002,1795
1233.2795,1233.3143,68437,80559,Rhinolophus ferrumequinum,0.021,0.021,-1,Echolocation,/mnt/ubna_data_01_mir/recover-20220825/UBNA_002/20220823_033000.WAV,Telephone Field,recover-20220825,002,1795
1233.2915,1233.3303,68437,82188,Rhinolophus ferrumequinum,0.021,0.021,-1,Echolocation,/mnt/ubna_data_01_mir/recover-20220825/UBNA_002/20220823_033000.WAV,Telephone Field,recover-20220825,002,1795
1233.2925,1233.2986,26328,38870,Myotis nattereri,0.005,0.022,-1,Echolocation,/mnt/ubna_data_01_mir/recover-20220825/UBNA_002/20220823_033000.WAV,Telephone Field,recover-20220825,002,1795
1233.3355,1233.3762,68437,82393,Rhinolophus ferrumequinum,0.022,0.022,-1,Echolocation,/mnt/ubna_data_01_mir/recover-20220825/UBNA_002/20220823_033000.WAV,Telephone Field,recover-20220825,002,1795
1233.3465,1233.381,68437,81043,Rhinolophus ferrumequinum,0.021,0.022,-1,Echolocation,/mnt/ubna_data_01_mir/recover-20220825/UBNA_002/20220823_033000.WAV,Telephone Field,recover-20220825,002,1795
1233.3475,1233.3567,22031,28192,Plecotus austriacus,0.011,0.026,-1,Echolocation,/mnt/ubna_data_01_mir/recover-20220825/UBNA_002/20220823_033000.WAV,Telephone Field,recover-20220825,002,1795
1233.3525,1233.3877,68437,81401,Rhinolophus ferrumequinum,0.021,0.021,-1,Echolocation,/mnt/ubna_data_01_mir/recover-20220825/UBNA_002/20220823_033000.WAV,Telephone Field,recover-20220825,002,1795
1233.3695,1233.3759,28906,41449,Eptesicus serotinus,0.007,0.029,-1,Echolocation,/mnt/ubna_data_01_mir/recover-20220825/UBNA_002/20220823_033000.WAV,Telephone Field,recover-20220825,002,1795
1233.3855,1233.3955,44375,49307,Pipistrellus pipistrellus,0.018,0.021,-1,Echolocation,/mnt/ubna_data_01_mir/recover-20220825/UBNA_002/20220823_033000.WAV,Telephone Field,recover-20220825,002,1795
1233.4015,1233.4384,68437,82032,Rhinolophus ferrumequinum,0.022,0.022,-1,Echolocation,/mnt/ubna_data_01_mir/recover-20220825/UBNA_002/20220823_033000.WAV,Telephone Field,recover-20220825,002,1795
1233.4365,1233.4783,68437,82775,Rhinolophus ferrumequinum,0.024,0.024,-1,Echolocation,/mnt/ubna_data_01_mir/recover-20220825/UBNA_002/20220823_033000.WAV,Telephone Field,recover-20220825,002,1795
1233.4645,1233.4737,28046,39134,Eptesicus serotinus,0.009,0.021,-1,Echolocation,/mnt/ubna_data_01_mir/recover-20220825/UBNA_002/20220823_033000.WAV,Telephone Field,recover-20220825,002,1795
1233.4715,1233.5089,68437,81317,Rhinolophus ferrumequinum,0.021,0.021,-1,Echolocation,/mnt/ubna_data_01_mir/recover-20220825/UBNA_002/20220823_033000.WAV,Telephone Field,recover-20220825,002,1795
1233.4725,1233.4816,28046,39614,Eptesicus serotinus,0.008,0.022,-1,Echolocation,/mnt/ubna_data_01_mir/recover-20220825/UBNA_002/20220823_033000.WAV,Telephone Field,recover-20220825,002,1795
1233.4925,1233.5324,68437,81726,Rhinolophus ferrumequinum,0.023,0.023,-1,Echolocation,/mnt/ubna_data_01_mir/recover-20220825/UBNA_002/20220823_033000.WAV,Telephone Field,recover-20220825,002,1795
1233.5085,1233.5467,68437,81398,Rhinolophus ferrumequinum,0.022,0.022,-1,Echolocation,/mnt/ubna_data_01_mir/recover-20220825/UBNA_002/20220823_033000.WAV,Telephone Field,recover-20220825,002,1795
1233.5265,1233.5635,68437,80669,Rhinolophus ferrumequinum,0.023,0.023,-1,Echolocation,/mnt/ubna_data_01_mir/recover-20220825/UBNA_002/20220823_033000.WAV,Telephone Field,recover-20220825,002,1795
1233.5355,1233.5452,22031,26844,Nyctalus leisleri,0.009,0.021,-1,Echolocation,/mnt/ubna_data_01_mir/recover-20220825/UBNA_002/20220823_033000.WAV,Telephone Field,recover-20220825,002,1795
1233.5595,1233.5986,68437,82219,Rhinolophus ferrumequinum,0.022,0.022,-1,Echolocation,/mnt/ubna_data_01_mir/recover-20220825/UBNA_002/20220823_033000.WAV,Telephone Field,recover-20220825,002,1795
1233.5755,1233.5845,50390,54179,Pipistrellus pipistrellus,0.036,0.041,-1,Echolocation,/mnt/ubna_data_01_mir/recover-20220825/UBNA_002/20220823_033000.WAV,Telephone Field,recover-20220825,002,1795
1233.5905,1233.6289,68437,82237,Rhinolophus ferrumequinum,0.022,0.022,-1,Echolocation,/mnt/ubna_data_01_mir/recover-20220825/UBNA_002/20220823_033000.WAV,Telephone Field,recover-20220825,002,1795
1233.6005,1233.6412,68437,81963,Rhinolophus ferrumequinum,0.021,0.021,-1,Echolocation,/mnt/ubna_data_01_mir/recover-20220825/UBNA_002/20220823_033000.WAV,Telephone Field,recover-20220825,002,1795
1233.6065,1233.6167,22031,25781,Nyctalus leisleri,0.011,0.021,-1,Echolocation,/mnt/ubna_data_01_mir/recover-20220825/UBNA_002/20220823_033000.WAV,Telephone Field,recover-20220825,002,1795
1233.6275,1233.6671,68437,82423,Rhinolophus ferrumequinum,0.023,0.023,-1,Echolocation,/mnt/ubna_data_01_mir/recover-20220825/UBNA_002/20220823_033000.WAV,Telephone Field,recover-20220825,002,1795
1233.6595,1233.6686,28906,38687,Eptesicus serotinus,0.008,0.02,-1,Echolocation,/mnt/ubna_data_01_mir/recover-20220825/UBNA_002/20220823_033000.WAV,Telephone Field,recover-20220825,002,1795
1233.6655,1233.7026,68437,81434,Rhinolophus ferrumequinum,0.022,0.022,-1,Echolocation,/mnt/ubna_data_01_mir/recover-20220825/UBNA_002/20220823_033000.WAV,Telephone Field,recover-20220825,002,1795
1233.6765,1233.7102,68437,81150,Rhinolophus ferrumequinum,0.022,0.022,-1,Echolocation,/mnt/ubna_data_01_mir/recover-20220825/UBNA_002/20220823_033000.WAV,Telephone Field,recover-20220825,002,1795
1233.6885,1233.7272,68437,81923,Rhinolophus ferrumequinum,0.021,0.021,-1,Echolocation,/mnt/ubna_data_01_mir/recover-20220825/UBNA_002/20220823_033000.WAV,Telephone Field,recover-20220825,002,1795
1233.6915,1233.6986,28046,43068,Eptesicus serotinus,0.006,0.022,-1,Echolocation,/mnt/ubna_data_01_mir/recover-20220825/UBNA_002/20220823_033000.WAV,Telephone Field,recover-20220825,002,1795
1233.7085,1233.7474,68437,82138,Rhinolophus ferrumequinum,0.026,0.026,-1,Echolocation,/mnt/ubna_data_01_mir/recover-20220825/UBNA_002/20220823_033000.WAV,Telephone Field,recover-20220825,002,1795
1233.7085,1233.7207,26328,32555,Eptesicus serotinus,0.013,0.033,-1,Echolocation,/mnt/ubna_data_01_mir/recover-20220825/UBNA_002/20220823_033000.WAV,Telephone Field,recover-20220825,002,1795
1233.7485,1233.7849,68437,81560,Rhinolophus ferrumequinum,0.023,0.023,-1,Echolocation,/mnt/ubna_data_01_mir/recover-20220825/UBNA_002/20220823_033000.WAV,Telephone Field,recover-20220825,002,1795
1233.7555,1233.7958,68437,82559,Rhinolophus ferrumequinum,0.024,0.024,-1,Echolocation,/mnt/ubna_data_01_mir/recover-20220825/UBNA_002/20220823_033000.WAV,Telephone Field,recover-20220825,002,1795
1233.8385,1233.8797,68437,82835,Rhinolophus ferrumequinum,0.025,0.025,-1,Echolocation,/mnt/ubna_data_01_mir/recover-20220825/UBNA_002/20220823_033000.WAV,Telephone Field,recover-20220825,002,1795
1233.8895,1233.92,68437,79484,Rhinolophus ferrumequinum,0.023,0.024,-1,Echolocation,/mnt/ubna_data_01_mir/recover-20220825/UBNA_002/20220823_033000.WAV,Telephone Field,recover-20220825,002,1795
1233.9125,1233.9238,22890,27322,Nyctalus leisleri,0.011,0.021,-1,Echolocation,/mnt/ubna_data_01_mir/recover-20220825/UBNA_002/20220823_033000.WAV,Telephone Field,recover-20220825,002,1795
1233.9265,1233.9642,68437,82057,Rhinolophus ferrumequinum,0.02,0.021,-1,Echolocation,/mnt/ubna_data_01_mir/recover-20220825/UBNA_002/20220823_033000.WAV,Telephone Field,recover-20220825,002,1795
1233.9595,1233.9698,28906,35743,Eptesicus serotinus,0.009,0.021,-1,Echolocation,/mnt/ubna_data_01_mir/recover-20220825/UBNA_002/20220823_033000.WAV,Telephone Field,recover-20220825,002,1795
1233.9745,1233.9909,22031,26323,Nyctalus leisleri,0.019,0.035,-1,Echolocation,/mnt/ubna_data_01_mir/recover-20220825/UBNA_002/20220823_033000.WAV,Telephone Field,recover-20220825,002,1795
1233.9845,1233.9924,28046,36389,Eptesicus serotinus,0.007,0.022,-1,Echolocation,/mnt/ubna_data_01_mir/recover-20220825/UBNA_002/20220823_033000.WAV,Telephone Field,recover-20220825,002,1795
1234.0015,1234.0113,44375,50525,Pipistrellus pipistrellus,0.02,0.025,-1,Echolocation,/mnt/ubna_data_01_mir/recover-20220825/UBNA_002/20220823_033000.WAV,Telephone Field,recover-20220825,002,1795
1234.0015,1234.0093,25468,34272,Nyctalus leisleri,0.005,0.023,-1,Echolocation,/mnt/ubna_data_01_mir/recover-20220825/UBNA_002/20220823_033000.WAV,Telephone Field,recover-20220825,002,1795
1234.0015,1234.0104,48671,54437,Pipistrellus pipistrellus,0.017,0.024,-1,Echolocation,/mnt/ubna_data_01_mir/recover-20220825/UBNA_002/20220823_033000.WAV,Telephone Field,recover-20220825,002,1795
1234.0015,1234.0117,31484,38324,Eptesicus serotinus,0.006,0.029,-1,Echolocation,/mnt/ubna_data_01_mir/recover-20220825/UBNA_002/20220823_033000.WAV,Telephone Field,recover-20220825,002,1795
1234.0015,1234.0364,68437,80697,Rhinolophus ferrumequinum,0.071,0.071,-1,Echolocation,/mnt/ubna_data_01_mir/recover-20220825/UBNA_002/20220823_033000.WAV,Telephone Field,recover-20220825,002,1795
1234.0145,1234.061,68437,83351,Rhinolophus ferrumequinum,0.054,0.054,-1,Echolocation,/mnt/ubna_data_01_mir/recover-20220825/UBNA_002/20220823_033000.WAV,Telephone Field,recover-20220825,002,1795
1234.0425,1234.0828,68437,82035,Rhinolophus ferrumequinum,0.028,0.028,-1,Echolocation,/mnt/ubna_data_01_mir/recover-20220825/UBNA_002/20220823_033000.WAV,Telephone Field,recover-20220825,002,1795
1234.0445,1234.0546,22031,27283,Nyctalus leisleri,0.01,0.023,-1,Echolocation,/mnt/ubna_data_01_mir/recover-20220825/UBNA_002/20220823_033000.WAV,Telephone Field,recover-20220825,002,1795
1234.0725,1234.1132,68437,82000,Rhinolophus ferrumequinum,0.028,0.028,-1,Echolocation,/mnt/ubna_data_01_mir/recover-20220825/UBNA_002/20220823_033000.WAV,Telephone Field,recover-20220825,002,1795
1234.1355,1234.174,68437,82080,Rhinolophus ferrumequinum,0.023,0.023,-1,Echolocation,/mnt/ubna_data_01_mir/recover-20220825/UBNA_002/20220823_033000.WAV,Telephone Field,recover-20220825,002,1795
1234.1815,1234.1924,22890,27371,Nyctalus leisleri,0.012,0.023,-1,Echolocation,/mnt/ubna_data_01_mir/recover-20220825/UBNA_002/20220823_033000.WAV,Telephone Field,recover-20220825,002,1795
1234.1895,1234.2241,68437,81824,Rhinolophus ferrumequinum,0.023,0.023,-1,Echolocation,/mnt/ubna_data_01_mir/recover-20220825/UBNA_002/20220823_033000.WAV,Telephone Field,recover-20220825,002,1795
1234.1935,1234.2004,48671,53846,Pipistrellus pipistrellus,0.04,0.042,-1,Echolocation,/mnt/ubna_data_01_mir/recover-20220825/UBNA_002/20220823_033000.WAV,Telephone Field,recover-20220825,002,1795
1234.1985,1234.2071,28046,37271,Eptesicus serotinus,0.01,0.026,-1,Echolocation,/mnt/ubna_data_01_mir/recover-20220825/UBNA_002/20220823_033000.WAV,Telephone Field,recover-20220825,002,1795
1234.2255,1234.2327,24609,33205,Plecotus austriacus,0.008,0.022,-1,Echolocation,/mnt/ubna_data_01_mir/recover-20220825/UBNA_002/20220823_033000.WAV,Telephone Field,recover-20220825,002,1795
1234.2385,1234.278,68437,81935,Rhinolophus ferrumequinum,0.028,0.028,-1,Echolocation,/mnt/ubna_data_01_mir/recover-20220825/UBNA_002/20220823_033000.WAV,Telephone Field,recover-20220825,002,1795
1234.2475,1234.2563,28046,37437,Eptesicus serotinus,0.01,0.025,-1,Echolocation,/mnt/ubna_data_01_mir/recover-20220825/UBNA_002/20220823_033000.WAV,Telephone Field,recover-20220825,002,1795
1234.2915,1234.3277,68437,81159,Rhinolophus ferrumequinum,0.022,0.022,-1,Echolocation,/mnt/ubna_data_01_mir/recover-20220825/UBNA_002/20220823_033000.WAV,Telephone Field,recover-20220825,002,1795
1234.3235,1234.3639,68437,82759,Rhinolophus ferrumequinum,0.022,0.022,-1,Echolocation,/mnt/ubna_data_01_mir/recover-20220825/UBNA_002/20220823_033000.WAV,Telephone Field,recover-20220825,002,1795
1234.3385,1234.3774,68437,82610,Rhinolophus ferrumequinum,0.021,0.021,-1,Echolocation,/mnt/ubna_data_01_mir/recover-20220825/UBNA_002/20220823_033000.WAV,Telephone Field,recover-20220825,002,1795
1234.3525,1234.3959,68437,83083,Rhinolophus ferrumequinum,0.024,0.024,-1,Echolocation,/mnt/ubna_data_01_mir/recover-20220825/UBNA_002/20220823_033000.WAV,Telephone Field,recover-20220825,002,1795
1234.3865,1234.428,68437,82354,Rhinolophus ferrumequinum,0.023,0.023,-1,Echolocation,/mnt/ubna_data_01_mir/recover-20220825/UBNA_002/20220823_033000.WAV,Telephone Field,recover-20220825,002,1795
1234.4095,1234.4204,27187,36316,Eptesicus serotinus,0.014,0.028,-1,Echolocation,/mnt/ubna_data_01_mir/recover-20220825/UBNA_002/20220823_033000.WAV,Telephone Field,recover-20220825,002,1795
1234.4095,1234.45,68437,82417,Rhinolophus ferrumequinum,0.025,0.025,-1,Echolocation,/mnt/ubna_data_01_mir/recover-20220825/UBNA_002/20220823_033000.WAV,Telephone Field,recover-20220825,002,1795
1234.4825,1234.491,22890,29802,Plecotus austriacus,0.007,0.021,-1,Echolocation,/mnt/ubna_data_01_mir/recover-20220825/UBNA_002/20220823_033000.WAV,Telephone Field,recover-20220825,002,1795
1234.4875,1234.5273,68437,82687,Rhinolophus ferrumequinum,0.021,0.021,-1,Echolocation,/mnt/ubna_data_01_mir/recover-20220825/UBNA_002/20220823_033000.WAV,Telephone Field,recover-20220825,002,1795
1234.4995,1234.5368,68437,81790,Rhinolophus ferrumequinum,0.021,0.021,-1,Echolocation,/mnt/ubna_data_01_mir/recover-20220825/UBNA_002/20220823_033000.WAV,Telephone Field,recover-20220825,002,1795
1234.5075,1234.5478,68437,82170,Rhinolophus ferrumequinum,0.022,0.022,-1,Echolocation,/mnt/ubna_data_01_mir/recover-20220825/UBNA_002/20220823_033000.WAV,Telephone Field,recover-20220825,002,1795
1234.5125,1234.5207,28046,40957,Eptesicus serotinus,0.008,0.022,-1,Echolocation,/mnt/ubna_data_01_mir/recover-20220825/UBNA_002/20220823_033000.WAV,Telephone Field,recover-20220825,002,1795
1234.5945,1234.6031,27187,37653,Eptesicus serotinus,0.009,0.023,-1,Echolocation,/mnt/ubna_data_01_mir/recover-20220825/UBNA_002/20220823_033000.WAV,Telephone Field,recover-20220825,002,1795
1234.6085,1234.645,68437,81270,Rhinolophus ferrumequinum,0.024,0.024,-1,Echolocation,/mnt/ubna_data_01_mir/recover-20220825/UBNA_002/20220823_033000.WAV,Telephone Field,recover-20220825,002,1795
1234.6145,1234.6196,40937,52922,Myotis mystacinus,0.005,0.023,-1,Echolocation,/mnt/ubna_data_01_mir/recover-20220825/UBNA_002/20220823_033000.WAV,Telephone Field,recover-20220825,002,1795
1234.6455,1234.6526,28046,38145,Eptesicus serotinus,0.006,0.022,-1,Echolocation,/mnt/ubna_data_01_mir/recover-20220825/UBNA_002/20220823_033000.WAV,Telephone Field,recover-20220825,002,1795
1234.6495,1234.6859,68437,80547,Rhinolophus ferrumequinum,0.026,0.026,-1,Echolocation,/mnt/ubna_data_01_mir/recover-20220825/UBNA_002/20220823_033000.WAV,Telephone Field,recover-20220825,002,1795
1234.6625,1234.6718,44375,48449,Pipistrellus pipistrellus,0.029,0.032,-1,Echolocation,/mnt/ubna_data_01_mir/recover-20220825/UBNA_002/20220823_033000.WAV,Telephone Field,recover-20220825,002,1795
1234.6655,1234.6743,28046,36791,Eptesicus serotinus,0.01,0.026,-1,Echolocation,/mnt/ubna_data_01_mir/recover-20220825/UBNA_002/20220823_033000.WAV,Telephone Field,recover-20220825,002,1795
1234.6835,1234.7209,68437,82169,Rhinolophus ferrumequinum,0.022,0.022,-1,Echolocation,/mnt/ubna_data_01_mir/recover-20220825/UBNA_002/20220823_033000.WAV,Telephone Field,recover-20220825,002,1795
1234.6985,1234.7082,27187,35354,Eptesicus serotinus,0.01,0.022,-1,Echolocation,/mnt/ubna_data_01_mir/recover-20220825/UBNA_002/20220823_033000.WAV,Telephone Field,recover-20220825,002,1795
1234.7155,1234.7232,27187,40182,Eptesicus serotinus,0.007,0.023,-1,Echolocation,/mnt/ubna_data_01_mir/recover-20220825/UBNA_002/20220823_033000.WAV,Telephone Field,recover-20220825,002,1795
1234.7245,1234.7634,68437,82196,Rhinolophus ferrumequinum,0.022,0.023,-1,Echolocation,/mnt/ubna_data_01_mir/recover-20220825/UBNA_002/20220823_033000.WAV,Telephone Field,recover-20220825,002,1795
1234.7985,1234.8183,20312,23012,Nyctalus leisleri,0.016,0.024,-1,Echolocation,/mnt/ubna_data_01_mir/recover-20220825/UBNA_002/20220823_033000.WAV,Telephone Field,recover-20220825,002,1795
1234.8325,1234.8736,68437,82497,Rhinolophus ferrumequinum,0.024,0.024,-1,Echolocation,/mnt/ubna_data_01_mir/recover-20220825/UBNA_002/20220823_033000.WAV,Telephone Field,recover-20220825,002,1795
1234.8715,1234.8821,48671,52407,Pipistrellus pipistrellus,0.021,0.023,-1,Echolocation,/mnt/ubna_data_01_mir/recover-20220825/UBNA_002/20220823_033000.WAV,Telephone Field,recover-20220825,002,1795
1234.8915,1234.9084,22031,24852,Nyctalus leisleri,0.026,0.04,-1,Echolocation,/mnt/ubna_data_01_mir/recover-20220825/UBNA_002/20220823_033000.WAV,Telephone Field,recover-20220825,002,1795
1234.9075,1234.9482,68437,82112,Rhinolophus ferrumequinum,0.024,0.024,-1,Echolocation,/mnt/ubna_data_01_mir/recover-20220825/UBNA_002/20220823_033000.WAV,Telephone Field,recover-20220825,002,1795
1234.9485,1234.9866,68437,81683,Rhinolophus ferrumequinum,0.021,0.021,-1,Echolocation,/mnt/ubna_data_01_mir/recover-20220825/UBNA_002/20220823_033000.WAV,Telephone Field,recover-20220825,002,1795
1234.9715,1234.9789,43515,47238,Pipistrellus pipistrellus,0.02,0.022,-1,Echolocation,/mnt/ubna_data_01_mir/recover-20220825/UBNA_002/20220823_033000.WAV,Telephone Field,recover-20220825,002,1795
1234.9875,1234.9969,26328,36673,Eptesicus serotinus,0.008,0.022,-1,Echolocation,/mnt/ubna_data_01_mir/recover-20220825/UBNA_002/20220823_033000.WAV,Telephone Field,recover-20220825,002,1795
1235.0055,1235.0446,68437,81735,Rhinolophus ferrumequinum,0.022,0.022,-1,Echolocation,/mnt/ubna_data_01_mir/recover-20220825/UBNA_002/20220823_033000.WAV,Telephone Field,recover-20220825,002,1795
1235.0665,1235.0748,45234,49050,Pipistrellus pipistrellus,0.027,0.028,-1,Echolocation,/mnt/ubna_data_01_mir/recover-20220825/UBNA_002/20220823_033000.WAV,Telephone Field,recover-20220825,002,1795
1235.0935,1235.1038,28906,36942,Eptesicus serotinus,0.009,0.022,-1,Echolocation,/mnt/ubna_data_01_mir/recover-20220825/UBNA_002/20220823_033000.WAV,Telephone Field,recover-20220825,002,1795
1235.1405,1235.1813,68437,82730,Rhinolophus ferrumequinum,0.024,0.024,-1,Echolocation,/mnt/ubna_data_01_mir/recover-20220825/UBNA_002/20220823_033000.WAV,Telephone Field,recover-20220825,002,1795
1235.2005,1235.2091,27187,39617,Eptesicus serotinus,0.009,0.024,-1,Echolocation,/mnt/ubna_data_01_mir/recover-20220825/UBNA_002/20220823_033000.WAV,Telephone Field,recover-20220825,002,1795
1235.2035,1235.2444,68437,82537,Rhinolophus ferrumequinum,0.023,0.023,-1,Echolocation,/mnt/ubna_data_01_mir/recover-20220825/UBNA_002/20220823_033000.WAV,Telephone Field,recover-20220825,002,1795
1235.2065,1235.2145,23750,31732,Plecotus austriacus,0.008,0.023,-1,Echolocation,/mnt/ubna_data_01_mir/recover-20220825/UBNA_002/20220823_033000.WAV,Telephone Field,recover-20220825,002,1795
1235.2605,1235.2971,68437,81863,Rhinolophus ferrumequinum,0.022,0.022,-1,Echolocation,/mnt/ubna_data_01_mir/recover-20220825/UBNA_002/20220823_033000.WAV,Telephone Field,recover-20220825,002,1795
1235.3355,1235.3767,68437,83228,Rhinolophus ferrumequinum,0.023,0.023,-1,Echolocation,/mnt/ubna_data_01_mir/recover-20220825/UBNA_002/20220823_033000.WAV,Telephone Field,recover-20220825,002,1795
1235.3695,1235.4096,68437,82686,Rhinolophus ferrumequinum,0.024,0.024,-1,Echolocation,/mnt/ubna_data_01_mir/recover-20220825/UBNA_002/20220823_033000.WAV,Telephone Field,recover-20220825,002,1795
1235.4045,1235.4431,68437,82329,Rhinolophus ferrumequinum,0.027,0.027,-1,Echolocation,/mnt/ubna_data_01_mir/recover-20220825/UBNA_002/20220823_033000.WAV,Telephone Field,recover-20220825,002,1795
1235.4105,1235.4192,28046,38196,Eptesicus serotinus,0.009,0.025,-1,Echolocation,/mnt/ubna_data_01_mir/recover-20220825/UBNA_002/20220823_033000.WAV,Telephone Field,recover-20220825,002,1795
1235.4525,1235.4905,68437,81824,Rhinolophus ferrumequinum,0.023,0.023,-1,Echolocation,/mnt/ubna_data_01_mir/recover-20220825/UBNA_002/20220823_033000.WAV,Telephone Field,recover-20220825,002,1795
1235.4595,1235.4991,68437,81743,Rhinolophus ferrumequinum,0.021,0.022,-1,Echolocation,/mnt/ubna_data_01_mir/recover-20220825/UBNA_002/20220823_033000.WAV,Telephone Field,recover-20220825,002,1795
1235.4655,1235.5038,68437,81979,Rhinolophus ferrumequinum,0.021,0.021,-1,Echolocation,/mnt/ubna_data_01_mir/recover-20220825/UBNA_002/20220823_033000.WAV,Telephone Field,recover-20220825,002,1795
1235.4715,1235.4815,28906,36325,Eptesicus serotinus,0.009,0.023,-1,Echolocation,/mnt/ubna_data_01_mir/recover-20220825/UBNA_002/20220823_033000.WAV,Telephone Field,recover-20220825,002,1795
1235.4975,1235.5352,68437,81611,Rhinolophus ferrumequinum,0.022,0.022,-1,Echolocation,/mnt/ubna_data_01_mir/recover-20220825/UBNA_002/20220823_033000.WAV,Telephone Field,recover-20220825,002,1795
1235.5655,1235.6039,68437,82425,Rhinolophus ferrumequinum,0.022,0.022,-1,Echolocation,/mnt/ubna_data_01_mir/recover-20220825/UBNA_002/20220823_033000.WAV,Telephone Field,recover-20220825,002,1795
1235.5945,1235.6017,28906,39071,Eptesicus serotinus,0.007,0.024,-1,Echolocation,/mnt/ubna_data_01_mir/recover-20220825/UBNA_002/20220823_033000.WAV,Telephone Field,recover-20220825,002,1795
1235.6165,1235.6235,28046,38610,Eptesicus serotinus,0.006,0.024,-1,Echolocation,/mnt/ubna_data_01_mir/recover-20220825/UBNA_002/20220823_033000.WAV,Telephone Field,recover-20220825,002,1795
1235.6245,1235.6624,68437,81539,Rhinolophus ferrumequinum,0.021,0.021,-1,Echolocation,/mnt/ubna_data_01_mir/recover-20220825/UBNA_002/20220823_033000.WAV,Telephone Field,recover-20220825,002,1795
1235.6345,1235.6746,68437,82655,Rhinolophus ferrumequinum,0.023,0.023,-1,Echolocation,/mnt/ubna_data_01_mir/recover-20220825/UBNA_002/20220823_033000.WAV,Telephone Field,recover-20220825,002,1795
1235.6825,1235.6927,22031,27766,Nyctalus leisleri,0.011,0.027,-1,Echolocation,/mnt/ubna_data_01_mir/recover-20220825/UBNA_002/20220823_033000.WAV,Telephone Field,recover-20220825,002,1795
1235.6835,1235.7233,68437,82426,Rhinolophus ferrumequinum,0.023,0.023,-1,Echolocation,/mnt/ubna_data_01_mir/recover-20220825/UBNA_002/20220823_033000.WAV,Telephone Field,recover-20220825,002,1795
1235.6895,1235.6981,28046,37861,Eptesicus serotinus,0.009,0.022,-1,Echolocation,/mnt/ubna_data_01_mir/recover-20220825/UBNA_002/20220823_033000.WAV,Telephone Field,recover-20220825,002,1795
1235.7025,1235.7341,68437,79831,Rhinolophus ferrumequinum,0.022,0.022,-1,Echolocation,/mnt/ubna_data_01_mir/recover-20220825/UBNA_002/20220823_033000.WAV,Telephone Field,recover-20220825,002,1795
1235.7645,1235.8036,68437,81853,Rhinolophus ferrumequinum,0.023,0.023,-1,Echolocation,/mnt/ubna_data_01_mir/recover-20220825/UBNA_002/20220823_033000.WAV,Telephone Field,recover-20220825,002,1795
1235.7925,1235.8319,68437,82133,Rhinolophus ferrumequinum,0.025,0.025,-1,Echolocation,/mnt/ubna_data_01_mir/recover-20220825/UBNA_002/20220823_033000.WAV,Telephone Field,recover-20220825,002,1795
1235.8115,1235.8529,68437,82525,Rhinolophus ferrumequinum,0.025,0.025,-1,Echolocation,/mnt/ubna_data_01_mir/recover-20220825/UBNA_002/20220823_033000.WAV,Telephone Field,recover-20220825,002,1795
1235.8305,1235.8387,28906,38332,Eptesicus serotinus,0.008,0.024,-1,Echolocation,/mnt/ubna_data_01_mir/recover-20220825/UBNA_002/20220823_033000.WAV,Telephone Field,recover-20220825,002,1795
1235.8525,1235.8888,68437,81412,Rhinolophus ferrumequinum,0.022,0.022,-1,Echolocation,/mnt/ubna_data_01_mir/recover-20220825/UBNA_002/20220823_033000.WAV,Telephone Field,recover-20220825,002,1795
1235.8595,1235.901,68437,82768,Rhinolophus ferrumequinum,0.024,0.024,-1,Echolocation,/mnt/ubna_data_01_mir/recover-20220825/UBNA_002/20220823_033000.WAV,Telephone Field,recover-20220825,002,1795
1235.8695,1235.8762,30625,37748,Barbastellus barbastellus,0.017,0.047,-1,Echolocation,/mnt/ubna_data_01_mir/recover-20220825/UBNA_002/20220823_033000.WAV,Telephone Field,recover-20220825,002,1795
1235.8735,1235.884,44375,50567,Pipistrellus pipistrellus,0.014,0.021,-1,Echolocation,/mnt/ubna_data_01_mir/recover-20220825/UBNA_002/20220823_033000.WAV,Telephone Field,recover-20220825,002,1795
1235.8885,1235.9006,23750,28624,Nyctalus leisleri,0.015,0.028,-1,Echolocation,/mnt/ubna_data_01_mir/recover-20220825/UBNA_002/20220823_033000.WAV,Telephone Field,recover-20220825,002,1795
1235.8925,1235.9307,68437,81707,Rhinolophus ferrumequinum,0.021,0.021,-1,Echolocation,/mnt/ubna_data_01_mir/recover-20220825/UBNA_002/20220823_033000.WAV,Telephone Field,recover-20220825,002,1795
1235.9165,1235.9266,25468,32563,Eptesicus serotinus,0.009,0.023,-1,Echolocation,/mnt/ubna_data_01_mir/recover-20220825/UBNA_002/20220823_033000.WAV,Telephone Field,recover-20220825,002,1795
1235.9565,1235.9971,68437,82441,Rhinolophus ferrumequinum,0.03,0.03,-1,Echolocation,/mnt/ubna_data_01_mir/recover-20220825/UBNA_002/20220823_033000.WAV,Telephone Field,recover-20220825,002,1795
1236.0015,1236.0112,26328,35417,Nyctalus leisleri,0.01,0.026,-1,Echolocation,/mnt/ubna_data_01_mir/recover-20220825/UBNA_002/20220823_033000.WAV,Telephone Field,recover-20220825,002,1795
1236.0015,1236.0161,16875,21926,Nyctalus noctula,0.009,0.023,-1,Echolocation,/mnt/ubna_data_01_mir/recover-20220825/UBNA_002/20220823_033000.WAV,Telephone Field,recover-20220825,002,1795
1236.0015,1236.0327,69296,82040,Rhinolophus ferrumequinum,0.02,0.021,-1,Echolocation,/mnt/ubna_data_01_mir/recover-20220825/UBNA_002/20220823_033000.WAV,Telephone Field,recover-20220825,002,1795
1236.0015,1236.01,46953,51654,Pipistrellus pipistrellus,0.017,0.021,-1,Echolocation,/mnt/ubna_data_01_mir/recover-20220825/UBNA_002/20220823_033000.WAV,Telephone Field,recover-20220825,002,1795
1236.0145,1236.0517,68437,81788,Rhinolophus ferrumequinum,0.021,0.021,-1,Echolocation,/mnt/ubna_data_01_mir/recover-20220825/UBNA_002/20220823_033000.WAV,Telephone Field,recover-20220825,002,1795
1236.0145,1236.022,24609,33646,Plecotus austriacus,0.005,0.021,-1,Echolocation,/mnt/ubna_data_01_mir/recover-20220825/UBNA_002/20220823_033000.WAV,Telephone Field,recover-20220825,002,1795
1236.0605,1236.1012,68437,82858,Rhinolophus ferrumequinum,0.028,0.028,-1,Echolocation,/mnt/ubna_data_01_mir/recover-20220825/UBNA_002/20220823_033000.WAV,Telephone Field,recover-20220825,002,1795
1236.0635,1236.0709,28906,40994,Eptesicus serotinus,0.006,0.02,-1,Echolocation,/mnt/ubna_data_01_mir/recover-20220825/UBNA_002/20220823_033000.WAV,Telephone Field,recover-20220825,002,1795
1236.1005,1236.1104,22890,29337,Nyctalus leisleri,0.008,0.021,-1,Echolocation,/mnt/ubna_data_01_mir/recover-20220825/UBNA_002/20220823_033000.WAV,Telephone Field,recover-20220825,002,1795
1236.1305,1236.1381,28046,40570,Eptesicus serotinus,0.007,0.022,-1,Echolocation,/mnt/ubna_data_01_mir/recover-20220825/UBNA_002/20220823_033000.WAV,Telephone Field,recover-20220825,002,1795
1236.1465,1236.1844,68437,81613,Rhinolophus ferrumequinum,0.021,0.021,-1,Echolocation,/mnt/ubna_data_01_mir/recover-20220825/UBNA_002/20220823_033000.WAV,Telephone Field,recover-20220825,002,1795
1236.1535,1236.1892,68437,81604,Rhinolophus ferrumequinum,0.021,0.021,-1,Echolocation,/mnt/ubna_data_01_mir/recover-20220825/UBNA_002/20220823_033000.WAV,Telephone Field,recover-20220825,002,1795
1236.1625,1236.1695,24609,33896,Plecotus austriacus,0.009,0.024,-1,Echolocation,/mnt/ubna_data_01_mir/recover-20220825/UBNA_002/20220823_033000.WAV,Telephone Field,recover-20220825,002,1795
1236.1925,1236.2294,68437,81976,Rhinolophus ferrumequinum,0.022,0.022,-1,Echolocation,/mnt/ubna_data_01_mir/recover-20220825/UBNA_002/20220823_033000.WAV,Telephone Field,recover-20220825,002,1795
1236.2145,1236.2227,28906,39916,Eptesicus serotinus,0.007,0.022,-1,Echolocation,/mnt/ubna_data_01_mir/recover-20220825/UBNA_002/20220823_033000.WAV,Telephone Field,recover-20220825,002,1795
1236.3275,1236.3672,68437,82419,Rhinolophus ferrumequinum,0.025,0.025,-1,Echolocation,/mnt/ubna_data_01_mir/recover-20220825/UBNA_002/20220823_033000.WAV,Telephone Field,recover-20220825,002,1795
1236.3355,1236.3764,68437,82722,Rhinolophus ferrumequinum,0.023,0.023,-1,Echolocation,/mnt/ubna_data_01_mir/recover-20220825/UBNA_002/20220823_033000.WAV,Telephone Field,recover-20220825,002,1795
1236.3365,1236.3463,54687,58603,Pipistrellus pygmaeus,0.022,0.023,-1,Echolocation,/mnt/ubna_data_01_mir/recover-20220825/UBNA_002/20220823_033000.WAV,Telephone Field,recover-20220825,002,1795
1236.3755,1236.4167,68437,82685,Rhinolophus ferrumequinum,0.026,0.026,-1,Echolocation,/mnt/ubna_data_01_mir/recover-20220825/UBNA_002/20220823_033000.WAV,Telephone Field,recover-20220825,002,1795
1236.4245,1236.4629,68437,82657,Rhinolophus ferrumequinum,0.025,0.025,-1,Echolocation,/mnt/ubna_data_01_mir/recover-20220825/UBNA_002/20220823_033000.WAV,Telephone Field,recover-20220825,002,1795
1236.4575,1236.4649,28046,41806,Eptesicus serotinus,0.006,0.021,-1,Echolocation,/mnt/ubna_data_01_mir/recover-20220825/UBNA_002/20220823_033000.WAV,Telephone Field,recover-20220825,002,1795
1236.4645,1236.5018,68437,81527,Rhinolophus ferrumequinum,0.022,0.022,-1,Echolocation,/mnt/ubna_data_01_mir/recover-20220825/UBNA_002/20220823_033000.WAV,Telephone Field,recover-20220825,002,1795
1236.5035,1236.5454,68437,82574,Rhinolophus ferrumequinum,0.033,0.033,-1,Echolocation,/mnt/ubna_data_01_mir/recover-20220825/UBNA_002/20220823_033000.WAV,Telephone Field,recover-20220825,002,1795
1236.5545,1236.5963,68437,82576,Rhinolophus ferrumequinum,0.033,0.033,-1,Echolocation,/mnt/ubna_data_01_mir/recover-20220825/UBNA_002/20220823_033000.WAV,Telephone Field,recover-20220825,002,1795
1236.5655,1236.6037,68437,82255,Rhinolophus ferrumequinum,0.022,0.022,-1,Echolocation,/mnt/ubna_data_01_mir/recover-20220825/UBNA_002/20220823_033000.WAV,Telephone Field,recover-20220825,002,1795
1236.5925,1236.6323,68437,82468,Rhinolophus ferrumequinum,0.026,0.026,-1,Echolocation,/mnt/ubna_data_01_mir/recover-20220825/UBNA_002/20220823_033000.WAV,Telephone Field,recover-20220825,002,1795
1236.5945,1236.6032,30625,40449,Eptesicus serotinus,0.007,0.022,-1,Echolocation,/mnt/ubna_data_01_mir/recover-20220825/UBNA_002/20220823_033000.WAV,Telephone Field,recover-20220825,002,1795
1236.6095,1236.6431,68437,80404,Rhinolophus ferrumequinum,0.021,0.021,-1,Echolocation,/mnt/ubna_data_01_mir/recover-20220825/UBNA_002/20220823_033000.WAV,Telephone Field,recover-20220825,002,1795
1236.6125,1236.6216,27187,35234,Eptesicus serotinus,0.009,0.021,-1,Echolocation,/mnt/ubna_data_01_mir/recover-20220825/UBNA_002/20220823_033000.WAV,Telephone Field,recover-20220825,002,1795
1236.6185,1236.6536,68437,81193,Rhinolophus ferrumequinum,0.02,0.02,-1,Echolocation,/mnt/ubna_data_01_mir/recover-20220825/UBNA_002/20220823_033000.WAV,Telephone Field,recover-20220825,002,1795
1236.6255,1236.6645,68437,82320,Rhinolophus ferrumequinum,0.021,0.021,-1,Echolocation,/mnt/ubna_data_01_mir/recover-20220825/UBNA_002/20220823_033000.WAV,Telephone Field,recover-20220825,002,1795
1236.6485,1236.6546,25468,36819,Plecotus austriacus,0.01,0.03,-1,Echolocation,/mnt/ubna_data_01_mir/recover-20220825/UBNA_002/20220823_033000.WAV,Telephone Field,recover-20220825,002,1795
1236.6665,1236.6774,23750,28877,Nyctalus leisleri,0.011,0.023,-1,Echolocation,/mnt/ubna_data_01_mir/recover-20220825/UBNA_002/20220823_033000.WAV,Telephone Field,recover-20220825,002,1795
1236.6945,1236.7342,68437,82135,Rhinolophus ferrumequinum,0.022,0.022,-1,Echolocation,/mnt/ubna_data_01_mir/recover-20220825/UBNA_002/20220823_033000.WAV,Telephone Field,recover-20220825,002,1795
1236.7055,1236.7446,68437,82816,Rhinolophus ferrumequinum,0.021,0.021,-1,Echolocation,/mnt/ubna_data_01_mir/recover-20220825/UBNA_002/20220823_033000.WAV,Telephone Field,recover-20220825,002,1795
1236.7325,1236.74,24609,34095,Plecotus austriacus,0.009,0.026,-1,Echolocation,/mnt/ubna_data_01_mir/recover-20220825/UBNA_002/20220823_033000.WAV,Telephone Field,recover-20220825,002,1795
1236.7405,1236.7527,22031,25736,Nyctalus leisleri,0.013,0.021,-1,Echolocation,/mnt/ubna_data_01_mir/recover-20220825/UBNA_002/20220823_033000.WAV,Telephone Field,recover-20220825,002,1795
1236.7545,1236.7962,68437,83009,Rhinolophus ferrumequinum,0.024,0.024,-1,Echolocation,/mnt/ubna_data_01_mir/recover-20220825/UBNA_002/20220823_033000.WAV,Telephone Field,recover-20220825,002,1795
1236.7795,1236.8172,68437,82429,Rhinolophus ferrumequinum,0.036,0.036,-1,Echolocation,/mnt/ubna_data_01_mir/recover-20220825/UBNA_002/20220823_033000.WAV,Telephone Field,recover-20220825,002,1795
1236.8185,1236.8539,68437,80892,Rhinolophus ferrumequinum,0.021,0.021,-1,Echolocation,/mnt/ubna_data_01_mir/recover-20220825/UBNA_002/20220823_033000.WAV,Telephone Field,recover-20220825,002,1795
1236.8555,1236.8953,68437,82703,Rhinolophus ferrumequinum,0.025,0.025,-1,Echolocation,/mnt/ubna_data_01_mir/recover-20220825/UBNA_002/20220823_033000.WAV,Telephone Field,recover-20220825,002,1795
1236.9075,1236.9474,68437,82776,Rhinolophus ferrumequinum,0.023,0.023,-1,Echolocation,/mnt/ubna_data_01_mir/recover-20220825/UBNA_002/20220823_033000.WAV,Telephone Field,recover-20220825,002,1795
1236.9335,1236.9413,26328,35366,Eptesicus serotinus,0.008,0.027,-1,Echolocation,/mnt/ubna_data_01_mir/recover-20220825/UBNA_002/20220823_033000.WAV,Telephone Field,recover-20220825,002,1795
1236.9655,1237.0013,68437,81397,Rhinolophus ferrumequinum,0.021,0.021,-1,Echolocation,/mnt/ubna_data_01_mir/recover-20220825/UBNA_002/20220823_033000.WAV,Telephone Field,recover-20220825,002,1795
1236.9855,1236.9938,26328,36272,Eptesicus serotinus,0.008,0.02,-1,Echolocation,/mnt/ubna_data_01_mir/recover-20220825/UBNA_002/20220823_033000.WAV,Telephone Field,recover-20220825,002,1795
1237.0205,1237.062,68437,82436,Rhinolophus ferrumequinum,0.03,0.03,-1,Echolocation,/mnt/ubna_data_01_mir/recover-20220825/UBNA_002/20220823_033000.WAV,Telephone Field,recover-20220825,002,1795
1237.0445,1237.0803,68437,81338,Rhinolophus ferrumequinum,0.021,0.021,-1,Echolocation,/mnt/ubna_data_01_mir/recover-20220825/UBNA_002/20220823_033000.WAV,Telephone Field,recover-20220825,002,1795
1237.0455,1237.0589,54687,59973,Pipistrellus pygmaeus,0.019,0.023,-1,Echolocation,/mnt/ubna_data_01_mir/recover-20220825/UBNA_002/20220823_033000.WAV,Telephone Field,recover-20220825,002,1795
1237.0615,1237.0715,22890,28412,Nyctalus leisleri,0.009,0.021,-1,Echolocation,/mnt/ubna_data_01_mir/recover-20220825/UBNA_002/20220823_033000.WAV,Telephone Field,recover-20220825,002,1795
1237.1315,1237.1436,50390,55476,Pipistrellus pipistrellus,0.022,0.028,-1,Echolocation,/mnt/ubna_data_01_mir/recover-20220825/UBNA_002/20220823_033000.WAV,Telephone Field,recover-20220825,002,1795
1237.1385,1237.1752,68437,81900,Rhinolophus ferrumequinum,0.02,0.02,-1,Echolocation,/mnt/ubna_data_01_mir/recover-20220825/UBNA_002/20220823_033000.WAV,Telephone Field,recover-20220825,002,1795
1237.1615,1237.1695,23750,32662,Plecotus austriacus,0.009,0.022,-1,Echolocation,/mnt/ubna_data_01_mir/recover-20220825/UBNA_002/20220823_033000.WAV,Telephone Field,recover-20220825,002,1795
1237.1885,1237.1981,23750,30865,Nyctalus leisleri,0.007,0.023,-1,Echolocation,/mnt/ubna_data_01_mir/recover-20220825/UBNA_002/20220823_033000.WAV,Telephone Field,recover-20220825,002,1795
1237.2015,1237.2413,68437,82153,Rhinolophus ferrumequinum,0.022,0.022,-1,Echolocation,/mnt/ubna_data_01_mir/recover-20220825/UBNA_002/20220823_033000.WAV,Telephone Field,recover-20220825,002,1795
1237.2075,1237.2438,68437,81937,Rhinolophus ferrumequinum,0.02,0.02,-1,Echolocation,/mnt/ubna_data_01_mir/recover-20220825/UBNA_002/20220823_033000.WAV,Telephone Field,recover-20220825,002,1795
1237.2305,1237.2384,23750,31734,Plecotus austriacus,0.008,0.02,-1,Echolocation,/mnt/ubna_data_01_mir/recover-20220825/UBNA_002/20220823_033000.WAV,Telephone Field,recover-20220825,002,1795
1237.2405,1237.2492,26328,34283,Eptesicus serotinus,0.007,0.02,-1,Echolocation,/mnt/ubna_data_01_mir/recover-20220825/UBNA_002/20220823_033000.WAV,Telephone Field,recover-20220825,002,1795
1237.2725,1237.2834,22031,26573,Nyctalus leisleri,0.01,0.021,-1,Echolocation,/mnt/ubna_data_01_mir/recover-20220825/UBNA_002/20220823_033000.WAV,Telephone Field,recover-20220825,002,1795
1237.2795,1237.3175,68437,81526,Rhinolophus ferrumequinum,0.027,0.027,-1,Echolocation,/mnt/ubna_data_01_mir/recover-20220825/UBNA_002/20220823_033000.WAV,Telephone Field,recover-20220825,002,1795
1237.3055,1237.3136,25468,33802,Eptesicus serotinus,0.006,0.022,-1,Echolocation,/mnt/ubna_data_01_mir/recover-20220825/UBNA_002/20220823_033000.WAV,Telephone Field,recover-20220825,002,1795
1237.3325,1237.3689,68437,81552,Rhinolophus ferrumequinum,0.023,0.023,-1,Echolocation,/mnt/ubna_data_01_mir/recover-20220825/UBNA_002/20220823_033000.WAV,Telephone Field,recover-20220825,002,1795
1237.3495,1237.3861,68437,81687,Rhinolophus ferrumequinum,0.021,0.021,-1,Echolocation,/mnt/ubna_data_01_mir/recover-20220825/UBNA_002/20220823_033000.WAV,Telephone Field,recover-20220825,002,1795
1237.3635,1237.4,68437,81870,Rhinolophus ferrumequinum,0.026,0.026,-1,Echolocation,/mnt/ubna_data_01_mir/recover-20220825/UBNA_002/20220823_033000.WAV,Telephone Field,recover-20220825,002,1795
1237.3905,1237.4286,68437,81907,Rhinolophus ferrumequinum,0.021,0.021,-1,Echolocation,/mnt/ubna_data_01_mir/recover-20220825/UBNA_002/20220823_033000.WAV,Telephone Field,recover-20220825,002,1795
1237.3935,1237.4,28046,41721,Eptesicus serotinus,0.006,0.026,-1,Echolocation,/mnt/ubna_data_01_mir/recover-20220825/UBNA_002/20220823_033000.WAV,Telephone Field,recover-20220825,002,1795
1237.4355,1237.4445,28906,37495,Eptesicus serotinus,0.007,0.021,-1,Echolocation,/mnt/ubna_data_01_mir/recover-20220825/UBNA_002/20220823_033000.WAV,Telephone Field,recover-20220825,002,1795
1237.4365,1237.4767,68437,83000,Rhinolophus ferrumequinum,0.023,0.023,-1,Echolocation,/mnt/ubna_data_01_mir/recover-20220825/UBNA_002/20220823_033000.WAV,Telephone Field,recover-20220825,002,1795
1237.5235,1237.5627,68437,82099,Rhinolophus ferrumequinum,0.022,0.022,-1,Echolocation,/mnt/ubna_data_01_mir/recover-20220825/UBNA_002/20220823_033000.WAV,Telephone Field,recover-20220825,002,1795
1237.5415,1237.5856,68437,83427,Rhinolophus ferrumequinum,0.039,0.039,-1,Echolocation,/mnt/ubna_data_01_mir/recover-20220825/UBNA_002/20220823_033000.WAV,Telephone Field,recover-20220825,002,1795
1237.5715,1237.6089,68437,81772,Rhinolophus ferrumequinum,0.021,0.021,-1,Echolocation,/mnt/ubna_data_01_mir/recover-20220825/UBNA_002/20220823_033000.WAV,Telephone Field,recover-20220825,002,1795
1237.5785,1237.6182,68437,82106,Rhinolophus ferrumequinum,0.022,0.022,-1,Echolocation,/mnt/ubna_data_01_mir/recover-20220825/UBNA_002/20220823_033000.WAV,Telephone Field,recover-20220825,002,1795
1237.6095,1237.6463,68437,81786,Rhinolophus ferrumequinum,0.021,0.021,-1,Echolocation,/mnt/ubna_data_01_mir/recover-20220825/UBNA_002/20220823_033000.WAV,Telephone Field,recover-20220825,002,1795
1237.6495,1237.6924,68437,83363,Rhinolophus ferrumequinum,0.025,0.025,-1,Echolocation,/mnt/ubna_data_01_mir/recover-20220825/UBNA_002/20220823_033000.WAV,Telephone Field,recover-20220825,002,1795
1237.6765,1237.7107,68437,81351,Rhinolophus ferrumequinum,0.024,0.024,-1,Echolocation,/mnt/ubna_data_01_mir/recover-20220825/UBNA_002/20220823_033000.WAV,Telephone Field,recover-20220825,002,1795
1237.7435,1237.7824,68437,82125,Rhinolophus ferrumequinum,0.021,0.021,-1,Echolocation,/mnt/ubna_data_01_mir/recover-20220825/UBNA_002/20220823_033000.WAV,Telephone Field,recover-20220825,002,1795
1237.7505,1237.7901,68437,82174,Rhinolophus ferrumequinum,0.021,0.021,-1,Echolocation,/mnt/ubna_data_01_mir/recover-20220825/UBNA_002/20220823_033000.WAV,Telephone Field,recover-20220825,002,1795
1237.7565,1237.7951,68437,81916,Rhinolophus ferrumequinum,0.021,0.021,-1,Echolocation,/mnt/ubna_data_01_mir/recover-20220825/UBNA_002/20220823_033000.WAV,Telephone Field,recover-20220825,002,1795
1237.7575,1237.7683,24609,32238,Nyctalus leisleri,0.009,0.026,-1,Echolocation,/mnt/ubna_data_01_mir/recover-20220825/UBNA_002/20220823_033000.WAV,Telephone Field,recover-20220825,002,1795
1237.7675,1237.7784,26328,33037,Eptesicus serotinus,0.009,0.021,-1,Echolocation,/mnt/ubna_data_01_mir/recover-20220825/UBNA_002/20220823_033000.WAV,Telephone Field,recover-20220825,002,1795
1237.7825,1237.8191,68437,81455,Rhinolophus ferrumequinum,0.023,0.023,-1,Echolocation,/mnt/ubna_data_01_mir/recover-20220825/UBNA_002/20220823_033000.WAV,Telephone Field,recover-20220825,002,1795
1237.8125,1237.8535,68437,82756,Rhinolophus ferrumequinum,0.023,0.023,-1,Echolocation,/mnt/ubna_data_01_mir/recover-20220825/UBNA_002/20220823_033000.WAV,Telephone Field,recover-20220825,002,1795
1237.8635,1237.904,68437,82938,Rhinolophus ferrumequinum,0.034,0.034,-1,Echolocation,/mnt/ubna_data_01_mir/recover-20220825/UBNA_002/20220823_033000.WAV,Telephone Field,recover-20220825,002,1795
1237.9105,1237.9458,68437,81635,Rhinolophus ferrumequinum,0.022,0.022,-1,Echolocation,/mnt/ubna_data_01_mir/recover-20220825/UBNA_002/20220823_033000.WAV,Telephone Field,recover-20220825,002,1795
1237.9305,1237.9722,68437,83086,Rhinolophus ferrumequinum,0.03,0.03,-1,Echolocation,/mnt/ubna_data_01_mir/recover-20220825/UBNA_002/20220823_033000.WAV,Telephone Field,recover-20220825,002,1795
1237.9455,1237.9578,26328,32484,Eptesicus serotinus,0.015,0.029,-1,Echolocation,/mnt/ubna_data_01_mir/recover-20220825/UBNA_002/20220823_033000.WAV,Telephone Field,recover-20220825,002,1795
1237.9555,1237.967,28906,34787,Eptesicus serotinus,0.016,0.029,-1,Echolocation,/mnt/ubna_data_01_mir/recover-20220825/UBNA_002/20220823_033000.WAV,Telephone Field,recover-20220825,002,1795
1238.0015,1238.0332,68437,80218,Rhinolophus ferrumequinum,0.038,0.038,-1,Echolocation,/mnt/ubna_data_01_mir/recover-20220825/UBNA_002/20220823_033000.WAV,Telephone Field,recover-20220825,002,1795
1238.0015,1238.0094,24609,36874,Myotis nattereri,0.005,0.024,-1,Echolocation,/mnt/ubna_data_01_mir/recover-20220825/UBNA_002/20220823_033000.WAV,Telephone Field,recover-20220825,002,1795
1238.0095,1238.0181,27187,38973,Eptesicus serotinus,0.007,0.021,-1,Echolocation,/mnt/ubna_data_01_mir/recover-20220825/UBNA_002/20220823_033000.WAV,Telephone Field,recover-20220825,002,1795
1238.0145,1238.055,68437,82757,Rhinolophus ferrumequinum,0.023,0.023,-1,Echolocation,/mnt/ubna_data_01_mir/recover-20220825/UBNA_002/20220823_033000.WAV,Telephone Field,recover-20220825,002,1795
1238.0355,1238.073,68437,82352,Rhinolophus ferrumequinum,0.022,0.022,-1,Echolocation,/mnt/ubna_data_01_mir/recover-20220825/UBNA_002/20220823_033000.WAV,Telephone Field,recover-20220825,002,1795
1238.0765,1238.1135,68437,80923,Rhinolophus ferrumequinum,0.02,0.02,-1,Echolocation,/mnt/ubna_data_01_mir/recover-20220825/UBNA_002/20220823_033000.WAV,Telephone Field,recover-20220825,002,1795
1238.0835,1238.1227,68437,82084,Rhinolophus ferrumequinum,0.021,0.021,-1,Echolocation,/mnt/ubna_data_01_mir/recover-20220825/UBNA_002/20220823_033000.WAV,Telephone Field,recover-20220825,002,1795
1238.1105,1238.1312,16015,21597,Nyctalus noctula,0.017,0.022,-1,Echolocation,/mnt/ubna_data_01_mir/recover-20220825/UBNA_002/20220823_033000.WAV,Telephone Field,recover-20220825,002,1795
1238.1245,1238.1634,68437,82387,Rhinolophus ferrumequinum,0.022,0.022,-1,Echolocation,/mnt/ubna_data_01_mir/recover-20220825/UBNA_002/20220823_033000.WAV,Telephone Field,recover-20220825,002,1795
1238.1415,1238.1519,22890,28034,Nyctalus leisleri,0.013,0.028,-1,Echolocation,/mnt/ubna_data_01_mir/recover-20220825/UBNA_002/20220823_033000.WAV,Telephone Field,recover-20220825,002,1795
1238.1485,1238.19,68437,82447,Rhinolophus ferrumequinum,0.025,0.025,-1,Echolocation,/mnt/ubna_data_01_mir/recover-20220825/UBNA_002/20220823_033000.WAV,Telephone Field,recover-20220825,002,1795
1238.1545,1238.1946,68437,83456,Rhinolophus ferrumequinum,0.024,0.024,-1,Echolocation,/mnt/ubna_data_01_mir/recover-20220825/UBNA_002/20220823_033000.WAV,Telephone Field,recover-20220825,002,1795
1238.1655,1238.208,68437,83497,Rhinolophus ferrumequinum,0.028,0.028,-1,Echolocation,/mnt/ubna_data_01_mir/recover-20220825/UBNA_002/20220823_033000.WAV,Telephone Field,recover-20220825,002,1795
1238.1895,1238.2265,68437,82317,Rhinolophus ferrumequinum,0.026,0.026,-1,Echolocation,/mnt/ubna_data_01_mir/recover-20220825/UBNA_002/20220823_033000.WAV,Telephone Field,recover-20220825,002,1795
1238.2165,1238.2558,68437,82983,Rhinolophus ferrumequinum,0.024,0.024,-1,Echolocation,/mnt/ubna_data_01_mir/recover-20220825/UBNA_002/20220823_033000.WAV,Telephone Field,recover-20220825,002,1795
1238.2255,1238.2656,68437,82335,Rhinolophus ferrumequinum,0.023,0.023,-1,Echolocation,/mnt/ubna_data_01_mir/recover-20220825/UBNA_002/20220823_033000.WAV,Telephone Field,recover-20220825,002,1795
1238.2355,1238.2737,68437,82318,Rhinolophus ferrumequinum,0.022,0.022,-1,Echolocation,/mnt/ubna_data_01_mir/recover-20220825/UBNA_002/20220823_033000.WAV,Telephone Field,recover-20220825,002,1795
1238.2435,1238.2522,28046,38968,Eptesicus serotinus,0.008,0.022,-1,Echolocation,/mnt/ubna_data_01_mir/recover-20220825/UBNA_002/20220823_033000.WAV,Telephone Field,recover-20220825,002,1795
1238.2535,1238.292,68437,82093,Rhinolophus ferrumequinum,0.022,0.023,-1,Echolocation,/mnt/ubna_data_01_mir/recover-20220825/UBNA_002/20220823_033000.WAV,Telephone Field,recover-20220825,002,1795
1238.2625,1238.2725,24609,32400,Eptesicus serotinus,0.011,0.032,-1,Echolocation,/mnt/ubna_data_01_mir/recover-20220825/UBNA_002/20220823_033000.WAV,Telephone Field,recover-20220825,002,1795
1238.2645,1238.3067,68437,83675,Rhinolophus ferrumequinum,0.053,0.053,-1,Echolocation,/mnt/ubna_data_01_mir/recover-20220825/UBNA_002/20220823_033000.WAV,Telephone Field,recover-20220825,002,1795
1238.2835,1238.2946,22890,27732,Nyctalus leisleri,0.01,0.021,-1,Echolocation,/mnt/ubna_data_01_mir/recover-20220825/UBNA_002/20220823_033000.WAV,Telephone Field,recover-20220825,002,1795
1238.2835,1238.3228,68437,83117,Rhinolophus ferrumequinum,0.02,0.021,-1,Echolocation,/mnt/ubna_data_01_mir/recover-20220825/UBNA_002/20220823_033000.WAV,Telephone Field,recover-20220825,002,1795
1238.2995,1238.3378,68437,82227,Rhinolophus ferrumequinum,0.02,0.02,-1,Echolocation,/mnt/ubna_data_01_mir/recover-20220825/UBNA_002/20220823_033000.WAV,Telephone Field,recover-20220825,002,1795
1238.3325,1238.3695,68437,81862,Rhinolophus ferrumequinum,0.021,0.021,-1,Echolocation,/mnt/ubna_data_01_mir/recover-20220825/UBNA_002/20220823_033000.WAV,Telephone Field,recover-20220825,002,1795
1238.3345,1238.3466,23750,28691,Nyctalus leisleri,0.024,0.047,-1,Echolocation,/mnt/ubna_data_01_mir/recover-20220825/UBNA_002/20220823_033000.WAV,Telephone Field,recover-20220825,002,1795
1238.3635,1238.3975,68437,80526,Rhinolophus ferrumequinum,0.023,0.023,-1,Echolocation,/mnt/ubna_data_01_mir/recover-20220825/UBNA_002/20220823_033000.WAV,Telephone Field,recover-20220825,002,1795
1238.3785,1238.3889,22031,26211,Nyctalus leisleri,0.011,0.021,-1,Echolocation,/mnt/ubna_data_01_mir/recover-20220825/UBNA_002/20220823_033000.WAV,Telephone Field,recover-20220825,002,1795
1238.3985,1238.4065,34062,41403,Myotis daubentonii,0.007,0.021,-1,Echolocation,/mnt/ubna_data_01_mir/recover-20220825/UBNA_002/20220823_033000.WAV,Telephone Field,recover-20220825,002,1795
1238.4165,1238.4235,28046,40819,Eptesicus serotinus,0.006,0.021,-1,Echolocation,/mnt/ubna_data_01_mir/recover-20220825/UBNA_002/20220823_033000.WAV,Telephone Field,recover-20220825,002,1795
1238.4275,1238.4659,68437,82158,Rhinolophus ferrumequinum,0.03,0.03,-1,Echolocation,/mnt/ubna_data_01_mir/recover-20220825/UBNA_002/20220823_033000.WAV,Telephone Field,recover-20220825,002,1795
1238.4435,1238.4526,28046,39180,Eptesicus serotinus,0.008,0.021,-1,Echolocation,/mnt/ubna_data_01_mir/recover-20220825/UBNA_002/20220823_033000.WAV,Telephone Field,recover-20220825,002,1795
1238.4755,1238.5165,68437,82742,Rhinolophus ferrumequinum,0.025,0.025,-1,Echolocation,/mnt/ubna_data_01_mir/recover-20220825/UBNA_002/20220823_033000.WAV,Telephone Field,recover-20220825,002,1795
1238.4915,1238.5058,24609,29185,Nyctalus leisleri,0.009,0.021,-1,Echolocation,/mnt/ubna_data_01_mir/recover-20220825/UBNA_002/20220823_033000.WAV,Telephone Field,recover-20220825,002,1795
1238.5025,1238.5386,68437,81941,Rhinolophus ferrumequinum,0.021,0.021,-1,Echolocation,/mnt/ubna_data_01_mir/recover-20220825/UBNA_002/20220823_033000.WAV,Telephone Field,recover-20220825,002,1795
1238.5165,1238.5237,27187,39150,Eptesicus serotinus,0.006,0.021,-1,Echolocation,/mnt/ubna_data_01_mir/recover-20220825/UBNA_002/20220823_033000.WAV,Telephone Field,recover-20220825,002,1795
1238.5475,1238.5536,19453,33808,Plecotus austriacus,0.048,0.072,-1,Echolocation,/mnt/ubna_data_01_mir/recover-20220825/UBNA_002/20220823_033000.WAV,Telephone Field,recover-20220825,002,1795
1238.5975,1238.6373,68437,82928,Rhinolophus ferrumequinum,0.026,0.026,-1,Echolocation,/mnt/ubna_data_01_mir/recover-20220825/UBNA_002/20220823_033000.WAV,Telephone Field,recover-20220825,002,1795
1238.6465,1238.682,68437,81781,Rhinolophus ferrumequinum,0.021,0.021,-1,Echolocation,/mnt/ubna_data_01_mir/recover-20220825/UBNA_002/20220823_033000.WAV,Telephone Field,recover-20220825,002,1795
1238.6515,1238.6623,23750,30385,Nyctalus leisleri,0.009,0.022,-1,Echolocation,/mnt/ubna_data_01_mir/recover-20220825/UBNA_002/20220823_033000.WAV,Telephone Field,recover-20220825,002,1795
1238.6685,1238.6748,25468,35396,Plecotus austriacus,0.012,0.033,-1,Echolocation,/mnt/ubna_data_01_mir/recover-20220825/UBNA_002/20220823_033000.WAV,Telephone Field,recover-20220825,002,1795
1238.6765,1238.715,68437,81621,Rhinolophus ferrumequinum,0.023,0.023,-1,Echolocation,/mnt/ubna_data_01_mir/recover-20220825/UBNA_002/20220823_033000.WAV,Telephone Field,recover-20220825,002,1795
1238.7155,1238.7548,68437,82532,Rhinolophus ferrumequinum,0.024,0.024,-1,Echolocation,/mnt/ubna_data_01_mir/recover-20220825/UBNA_002/20220823_033000.WAV,Telephone Field,recover-20220825,002,1795
1238.7165,1238.7278,28906,37144,Eptesicus serotinus,0.011,0.024,-1,Echolocation,/mnt/ubna_data_01_mir/recover-20220825/UBNA_002/20220823_033000.WAV,Telephone Field,recover-20220825,002,1795
1238.7205,1238.7611,68437,82998,Rhinolophus ferrumequinum,0.024,0.024,-1,Echolocation,/mnt/ubna_data_01_mir/recover-20220825/UBNA_002/20220823_033000.WAV,Telephone Field,recover-20220825,002,1795
1238.7215,1238.7307,28046,40437,Eptesicus serotinus,0.009,0.023,-1,Echolocation,/mnt/ubna_data_01_mir/recover-20220825/UBNA_002/20220823_033000.WAV,Telephone Field,recover-20220825,002,1795
1238.7425,1238.7811,68437,82839,Rhinolophus ferrumequinum,0.021,0.021,-1,Echolocation,/mnt/ubna_data_01_mir/recover-20220825/UBNA_002/20220823_033000.WAV,Telephone Field,recover-20220825,002,1795
1238.7455,1238.7546,28906,37677,Eptesicus serotinus,0.01,0.025,-1,Echolocation,/mnt/ubna_data_01_mir/recover-20220825/UBNA_002/20220823_033000.WAV,Telephone Field,recover-20220825,002,1795
1238.7605,1238.7987,68437,82175,Rhinolophus ferrumequinum,0.021,0.021,-1,Echolocation,/mnt/ubna_data_01_mir/recover-20220825/UBNA_002/20220823_033000.WAV,Telephone Field,recover-20220825,002,1795
1238.7745,1238.8126,68437,82163,Rhinolophus ferrumequinum,0.022,0.022,-1,Echolocation,/mnt/ubna_data_01_mir/recover-20220825/UBNA_002/20220823_033000.WAV,Telephone Field,recover-20220825,002,1795
1238.8155,1238.8564,68437,82639,Rhinolophus ferrumequinum,0.021,0.021,-1,Echolocation,/mnt/ubna_data_01_mir/recover-20220825/UBNA_002/20220823_033000.WAV,Telephone Field,recover-20220825,002,1795
1238.8455,1238.8901,68437,83500,Rhinolophus ferrumequinum,0.025,0.025,-1,Echolocation,/mnt/ubna_data_01_mir/recover-20220825/UBNA_002/20220823_033000.WAV,Telephone Field,recover-20220825,002,1795
1238.9385,1238.9779,68437,82241,Rhinolophus ferrumequinum,0.042,0.042,-1,Echolocation,/mnt/ubna_data_01_mir/recover-20220825/UBNA_002/20220823_033000.WAV,Telephone Field,recover-20220825,002,1795
1238.9655,1239.007,68437,83203,Rhinolophus ferrumequinum,0.035,0.035,-1,Echolocation,/mnt/ubna_data_01_mir/recover-20220825/UBNA_002/20220823_033000.WAV,Telephone Field,recover-20220825,002,1795
1238.9665,1238.9739,28046,39213,Eptesicus serotinus,0.006,0.021,-1,Echolocation,/mnt/ubna_data_01_mir/recover-20220825/UBNA_002/20220823_033000.WAV,Telephone Field,recover-20220825,002,1795
1238.9925,1238.9994,27187,38899,Eptesicus serotinus,0.005,0.022,-1,Echolocation,/mnt/ubna_data_01_mir/recover-20220825/UBNA_002/20220823_033000.WAV,Telephone Field,recover-20220825,002,1795
1239.0115,1239.0182,28046,38990,Eptesicus serotinus,0.007,0.028,-1,Echolocation,/mnt/ubna_data_01_mir/recover-20220825/UBNA_002/20220823_033000.WAV,Telephone Field,recover-20220825,002,1795
1239.0275,1239.0451,22031,25184,Nyctalus leisleri,0.018,0.03,-1,Echolocation,/mnt/ubna_data_01_mir/recover-20220825/UBNA_002/20220823_033000.WAV,Telephone Field,recover-20220825,002,1795
1239.0795,1239.1147,68437,81706,Rhinolophus ferrumequinum,0.024,0.024,-1,Echolocation,/mnt/ubna_data_01_mir/recover-20220825/UBNA_002/20220823_033000.WAV,Telephone Field,recover-20220825,002,1795
1239.1165,1239.1251,54687,59612,Pipistrellus pygmaeus,0.02,0.021,-1,Echolocation,/mnt/ubna_data_01_mir/recover-20220825/UBNA_002/20220823_033000.WAV,Telephone Field,recover-20220825,002,1795
1239.1175,1239.1544,68437,81763,Rhinolophus ferrumequinum,0.021,0.021,-1,Echolocation,/mnt/ubna_data_01_mir/recover-20220825/UBNA_002/20220823_033000.WAV,Telephone Field,recover-20220825,002,1795
1239.1975,1239.2405,68437,82567,Rhinolophus ferrumequinum,0.067,0.067,-1,Echolocation,/mnt/ubna_data_01_mir/recover-20220825/UBNA_002/20220823_033000.WAV,Telephone Field,recover-20220825,002,1795
1239.2335,1239.2721,68437,81981,Rhinolophus ferrumequinum,0.021,0.021,-1,Echolocation,/mnt/ubna_data_01_mir/recover-20220825/UBNA_002/20220823_033000.WAV,Telephone Field,recover-20220825,002,1795
1239.2515,1239.259,28046,38421,Eptesicus serotinus,0.007,0.025,-1,Echolocation,/mnt/ubna_data_01_mir/recover-20220825/UBNA_002/20220823_033000.WAV,Telephone Field,recover-20220825,002,1795
1239.2595,1239.2994,68437,81740,Rhinolophus ferrumequinum,0.024,0.024,-1,Echolocation,/mnt/ubna_data_01_mir/recover-20220825/UBNA_002/20220823_033000.WAV,Telephone Field,recover-20220825,002,1795
1239.2795,1239.287,27187,38466,Eptesicus serotinus,0.006,0.021,-1,Echolocation,/mnt/ubna_data_01_mir/recover-20220825/UBNA_002/20220823_033000.WAV,Telephone Field,recover-20220825,002,1795
1239.3075,1239.346,68437,82905,Rhinolophus ferrumequinum,0.027,0.027,-1,Echolocation,/mnt/ubna_data_01_mir/recover-20220825/UBNA_002/20220823_033000.WAV,Telephone Field,recover-20220825,002,1795
1239.3165,1239.3558,68437,82534,Rhinolophus ferrumequinum,0.022,0.022,-1,Echolocation,/mnt/ubna_data_01_mir/recover-20220825/UBNA_002/20220823_033000.WAV,Telephone Field,recover-20220825,002,1795
1239.3265,1239.366,68437,82099,Rhinolophus ferrumequinum,0.023,0.023,-1,Echolocation,/mnt/ubna_data_01_mir/recover-20220825/UBNA_002/20220823_033000.WAV,Telephone Field,recover-20220825,002,1795
1239.3485,1239.3665,20312,23750,Nyctalus leisleri,0.013,0.024,-1,Echolocation,/mnt/ubna_data_01_mir/recover-20220825/UBNA_002/20220823_033000.WAV,Telephone Field,recover-20220825,002,1795
1239.3925,1239.4017,22890,30053,Plecotus austriacus,0.008,0.021,-1,Echolocation,/mnt/ubna_data_01_mir/recover-20220825/UBNA_002/20220823_033000.WAV,Telephone Field,recover-20220825,002,1795
1239.4195,1239.43,26328,33186,Eptesicus serotinus,0.009,0.021,-1,Echolocation,/mnt/ubna_data_01_mir/recover-20220825/UBNA_002/20220823_033000.WAV,Telephone Field,recover-20220825,002,1795
1239.4635,1239.4734,28046,36588,Eptesicus serotinus,0.009,0.021,-1,Echolocation,/mnt/ubna_data_01_mir/recover-20220825/UBNA_002/20220823_033000.WAV,Telephone Field,recover-20220825,002,1795
1239.4875,1239.497,27187,37999,Eptesicus serotinus,0.009,0.022,-1,Echolocation,/mnt/ubna_data_01_mir/recover-20220825/UBNA_002/20220823_033000.WAV,Telephone Field,recover-20220825,002,1795
1239.5505,1239.5907,68437,82230,Rhinolophus ferrumequinum,0.024,0.024,-1,Echolocation,/mnt/ubna_data_01_mir/recover-20220825/UBNA_002/20220823_033000.WAV,Telephone Field,recover-20220825,002,1795
1239.5525,1239.563,26328,32899,Eptesicus serotinus,0.009,0.025,-1,Echolocation,/mnt/ubna_data_01_mir/recover-20220825/UBNA_002/20220823_033000.WAV,Telephone Field,recover-20220825,002,1795
1239.5695,1239.6098,68437,82087,Rhinolophus ferrumequinum,0.026,0.026,-1,Echolocation,/mnt/ubna_data_01_mir/recover-20220825/UBNA_002/20220823_033000.WAV,Telephone Field,recover-20220825,002,1795
1239.5875,1239.5953,27187,37214,Eptesicus serotinus,0.011,0.027,-1,Echolocation,/mnt/ubna_data_01_mir/recover-20220825/UBNA_002/20220823_033000.WAV,Telephone Field,recover-20220825,002,1795
1239.6265,1239.6676,68437,82895,Rhinolophus ferrumequinum,0.025,0.025,-1,Echolocation,/mnt/ubna_data_01_mir/recover-20220825/UBNA_002/20220823_033000.WAV,Telephone Field,recover-20220825,002,1795
1239.6465,1239.6837,68437,82037,Rhinolophus ferrumequinum,0.022,0.022,-1,Echolocation,/mnt/ubna_data_01_mir/recover-20220825/UBNA_002/20220823_033000.WAV,Telephone Field,recover-20220825,002,1795
1239.6685,1239.683,15156,20651,Nyctalus noctula,0.016,0.024,-1,Echolocation,/mnt/ubna_data_01_mir/recover-20220825/UBNA_002/20220823_033000.WAV,Telephone Field,recover-20220825,002,1795
1239.6995,1239.71,22031,26636,Nyctalus leisleri,0.011,0.021,-1,Echolocation,/mnt/ubna_data_01_mir/recover-20220825/UBNA_002/20220823_033000.WAV,Telephone Field,recover-20220825,002,1795
1239.7215,1239.7562,68437,82004,Rhinolophus ferrumequinum,0.022,0.022,-1,Echolocation,/mnt/ubna_data_01_mir/recover-20220825/UBNA_002/20220823_033000.WAV,Telephone Field,recover-20220825,002,1795
1239.7525,1239.7898,68437,81533,Rhinolophus ferrumequinum,0.023,0.023,-1,Echolocation,/mnt/ubna_data_01_mir/recover-20220825/UBNA_002/20220823_033000.WAV,Telephone Field,recover-20220825,002,1795
1239.8355,1239.8763,68437,82667,Rhinolophus ferrumequinum,0.03,0.03,-1,Echolocation,/mnt/ubna_data_01_mir/recover-20220825/UBNA_002/20220823_033000.WAV,Telephone Field,recover-20220825,002,1795
1239.8695,1239.9088,68437,82034,Rhinolophus ferrumequinum,0.023,0.023,-1,Echolocation,/mnt/ubna_data_01_mir/recover-20220825/UBNA_002/20220823_033000.WAV,Telephone Field,recover-20220825,002,1795
1239.8995,1239.9069,27187,36673,Eptesicus serotinus,0.007,0.021,-1,Echolocation,/mnt/ubna_data_01_mir/recover-20220825/UBNA_002/20220823_033000.WAV,Telephone Field,recover-20220825,002,1795
1239.9085,1239.9497,68437,82535,Rhinolophus ferrumequinum,0.023,0.023,-1,Echolocation,/mnt/ubna_data_01_mir/recover-20220825/UBNA_002/20220823_033000.WAV,Telephone Field,recover-20220825,002,1795
1239.9315,1239.9713,68437,82473,Rhinolophus ferrumequinum,0.025,0.025,-1,Echolocation,/mnt/ubna_data_01_mir/recover-20220825/UBNA_002/20220823_033000.WAV,Telephone Field,recover-20220825,002,1795
1239.9325,1239.9391,47812,57681,Pipistrellus pipistrellus,0.021,0.024,-1,Echolocation,/mnt/ubna_data_01_mir/recover-20220825/UBNA_002/20220823_033000.WAV,Telephone Field,recover-20220825,002,1795
1239.9835,1239.9937,28046,36625,Eptesicus serotinus,0.009,0.021,-1,Echolocation,/mnt/ubna_data_01_mir/recover-20220825/UBNA_002/20220823_033000.WAV,Telephone Field,recover-20220825,002,1795
1240.0015,1240.0337,68437,80163,Rhinolophus ferrumequinum,0.057,0.057,-1,Echolocation,/mnt/ubna_data_01_mir/recover-20220825/UBNA_002/20220823_033000.WAV,Telephone Field,recover-20220825,002,1795
1240.0015,1240.0093,46093,50144,Pipistrellus pipistrellus,0.015,0.022,-1,Echolocation,/mnt/ubna_data_01_mir/recover-20220825/UBNA_002/20220823_033000.WAV,Telephone Field,recover-20220825,002,1795
1240.0015,1240.0128,24609,30567,Nyctalus leisleri,0.018,0.039,-1,Echolocation,/mnt/ubna_data_01_mir/recover-20220825/UBNA_002/20220823_033000.WAV,Telephone Field,recover-20220825,002,1795
1240.0115,1240.0579,68437,82821,Rhinolophus ferrumequinum,0.027,0.027,-1,Echolocation,/mnt/ubna_data_01_mir/recover-20220825/UBNA_002/20220823_033000.WAV,Telephone Field,recover-20220825,002,1795
1240.0205,1240.0301,28046,38412,Eptesicus serotinus,0.01,0.025,-1,Echolocation,/mnt/ubna_data_01_mir/recover-20220825/UBNA_002/20220823_033000.WAV,Telephone Field,recover-20220825,002,1795
1240.0265,1240.0357,28046,37130,Eptesicus serotinus,0.009,0.024,-1,Echolocation,/mnt/ubna_data_01_mir/recover-20220825/UBNA_002/20220823_033000.WAV,Telephone Field,recover-20220825,002,1795
1240.0375,1240.0804,68437,82889,Rhinolophus ferrumequinum,0.027,0.027,-1,Echolocation,/mnt/ubna_data_01_mir/recover-20220825/UBNA_002/20220823_033000.WAV,Telephone Field,recover-20220825,002,1795
1240.0385,1240.0487,28046,36178,Eptesicus serotinus,0.01,0.022,-1,Echolocation,/mnt/ubna_data_01_mir/recover-20220825/UBNA_002/20220823_033000.WAV,Telephone Field,recover-20220825,002,1795
1240.0545,1240.0622,28046,38645,Eptesicus serotinus,0.007,0.022,-1,Echolocation,/mnt/ubna_data_01_mir/recover-20220825/UBNA_002/20220823_033000.WAV,Telephone Field,recover-20220825,002,1795
1240.0545,1240.0939,68437,82752,Rhinolophus ferrumequinum,0.032,0.032,-1,Echolocation,/mnt/ubna_data_01_mir/recover-20220825/UBNA_002/20220823_033000.WAV,Telephone Field,recover-20220825,002,1795
1240.0665,1240.0768,22890,28628,Nyctalus leisleri,0.01,0.023,-1,Echolocation,/mnt/ubna_data_01_mir/recover-20220825/UBNA_002/20220823_033000.WAV,Telephone Field,recover-20220825,002,1795
1240.0765,1240.0888,22031,25976,Nyctalus leisleri,0.014,0.023,-1,Echolocation,/mnt/ubna_data_01_mir/recover-20220825/UBNA_002/20220823_033000.WAV,Telephone Field,recover-20220825,002,1795
1240.1435,1240.1817,68437,82533,Rhinolophus ferrumequinum,0.023,0.023,-1,Echolocation,/mnt/ubna_data_01_mir/recover-20220825/UBNA_002/20220823_033000.WAV,Telephone Field,recover-20220825,002,1795
1240.1595,1240.1993,68437,81969,Rhinolophus ferrumequinum,0.021,0.021,-1,Echolocation,/mnt/ubna_data_01_mir/recover-20220825/UBNA_002/20220823_033000.WAV,Telephone Field,recover-20220825,002,1795
1240.1645,1240.1738,28046,38256,Eptesicus serotinus,0.008,0.022,-1,Echolocation,/mnt/ubna_data_01_mir/recover-20220825/UBNA_002/20220823_033000.WAV,Telephone Field,recover-20220825,002,1795
1240.2205,1240.2611,68437,82456,Rhinolophus ferrumequinum,0.027,0.027,-1,Echolocation,/mnt/ubna_data_01_mir/recover-20220825/UBNA_002/20220823_033000.WAV,Telephone Field,recover-20220825,002,1795
1240.2615,1240.2704,26328,35761,Eptesicus serotinus,0.008,0.022,-1,Echolocation,/mnt/ubna_data_01_mir/recover-20220825/UBNA_002/20220823_033000.WAV,Telephone Field,recover-20220825,002,1795
1240.2775,1240.3185,68437,82861,Rhinolophus ferrumequinum,0.026,0.026,-1,Echolocation,/mnt/ubna_data_01_mir/recover-20220825/UBNA_002/20220823_033000.WAV,Telephone Field,recover-20220825,002,1795
1240.3105,1240.3193,28046,37831,Eptesicus serotinus,0.008,0.023,-1,Echolocation,/mnt/ubna_data_01_mir/recover-20220825/UBNA_002/20220823_033000.WAV,Telephone Field,recover-20220825,002,1795
1240.3665,1240.4062,68437,82614,Rhinolophus ferrumequinum,0.023,0.023,-1,Echolocation,/mnt/ubna_data_01_mir/recover-20220825/UBNA_002/20220823_033000.WAV,Telephone Field,recover-20220825,002,1795
1240.3825,1240.3894,28046,39517,Eptesicus serotinus,0.006,0.021,-1,Echolocation,/mnt/ubna_data_01_mir/recover-20220825/UBNA_002/20220823_033000.WAV,Telephone Field,recover-20220825,002,1795
1240.4495,1240.4855,68437,81100,Rhinolophus ferrumequinum,0.021,0.022,-1,Echolocation,/mnt/ubna_data_01_mir/recover-20220825/UBNA_002/20220823_033000.WAV,Telephone Field,recover-20220825,002,1795
1240.4505,1240.4586,27187,39313,Eptesicus serotinus,0.007,0.021,-1,Echolocation,/mnt/ubna_data_01_mir/recover-20220825/UBNA_002/20220823_033000.WAV,Telephone Field,recover-20220825,002,1795
1240.4835,1240.4903,27187,39687,Eptesicus serotinus,0.006,0.024,-1,Echolocation,/mnt/ubna_data_01_mir/recover-20220825/UBNA_002/20220823_033000.WAV,Telephone Field,recover-20220825,002,1795
1240.4925,1240.5306,68437,82314,Rhinolophus ferrumequinum,0.022,0.022,-1,Echolocation,/mnt/ubna_data_01_mir/recover-20220825/UBNA_002/20220823_033000.WAV,Telephone Field,recover-20220825,002,1795
1240.5035,1240.5208,22890,27529,Nyctalus leisleri,0.024,0.045,-1,Echolocation,/mnt/ubna_data_01_mir/recover-20220825/UBNA_002/20220823_033000.WAV,Telephone Field,recover-20220825,002,1795
1240.5125,1240.5525,68437,82163,Rhinolophus ferrumequinum,0.023,0.023,-1,Echolocation,/mnt/ubna_data_01_mir/recover-20220825/UBNA_002/20220823_033000.WAV,Telephone Field,recover-20220825,002,1795
1240.5585,1240.5979,68437,82002,Rhinolophus ferrumequinum,0.025,0.025,-1,Echolocation,/mnt/ubna_data_01_mir/recover-20220825/UBNA_002/20220823_033000.WAV,Telephone Field,recover-20220825,002,1795
1240.5825,1240.5882,26328,36872,Plecotus auritus,0.023,0.066,-1,Echolocation,/mnt/ubna_data_01_mir/recover-20220825/UBNA_002/20220823_033000.WAV,Telephone Field,recover-20220825,002,1795
1240.6055,1240.6418,68437,81457,Rhinolophus ferrumequinum,0.021,0.022,-1,Echolocation,/mnt/ubna_data_01_mir/recover-20220825/UBNA_002/20220823_033000.WAV,Telephone Field,recover-20220825,002,1795
1240.6245,1240.6622,68437,82134,Rhinolophus ferrumequinum,0.021,0.021,-1,Echolocation,/mnt/ubna_data_01_mir/recover-20220825/UBNA_002/20220823_033000.WAV,Telephone Field,recover-20220825,002,1795
1240.6335,1240.642,28046,41615,Eptesicus serotinus,0.008,0.022,-1,Echolocation,/mnt/ubna_data_01_mir/recover-20220825/UBNA_002/20220823_033000.WAV,Telephone Field,recover-20220825,002,1795
1240.6395,1240.6739,68437,80893,Rhinolophus ferrumequinum,0.021,0.021,-1,Echolocation,/mnt/ubna_data_01_mir/recover-20220825/UBNA_002/20220823_033000.WAV,Telephone Field,recover-20220825,002,1795
1240.6475,1240.6814,68437,80681,Rhinolophus ferrumequinum,0.023,0.023,-1,Echolocation,/mnt/ubna_data_01_mir/recover-20220825/UBNA_002/20220823_033000.WAV,Telephone Field,recover-20220825,002,1795
1240.7115,1240.7192,27187,39004,Eptesicus serotinus,0.008,0.028,-1,Echolocation,/mnt/ubna_data_01_mir/recover-20220825/UBNA_002/20220823_033000.WAV,Telephone Field,recover-20220825,002,1795
1240.7225,1240.7298,27187,37930,Eptesicus serotinus,0.008,0.032,-1,Echolocation,/mnt/ubna_data_01_mir/recover-20220825/UBNA_002/20220823_033000.WAV,Telephone Field,recover-20220825,002,1795
1240.7335,1240.7715,68437,81976,Rhinolophus ferrumequinum,0.029,0.029,-1,Echolocation,/mnt/ubna_data_01_mir/recover-20220825/UBNA_002/20220823_033000.WAV,Telephone Field,recover-20220825,002,1795
1240.7495,1240.7867,68437,82347,Rhinolophus ferrumequinum,0.021,0.021,-1,Echolocation,/mnt/ubna_data_01_mir/recover-20220825/UBNA_002/20220823_033000.WAV,Telephone Field,recover-20220825,002,1795
1240.7655,1240.8058,68437,82738,Rhinolophus ferrumequinum,0.023,0.023,-1,Echolocation,/mnt/ubna_data_01_mir/recover-20220825/UBNA_002/20220823_033000.WAV,Telephone Field,recover-20220825,002,1795
1240.7755,1240.784,26328,38214,Eptesicus serotinus,0.007,0.021,-1,Echolocation,/mnt/ubna_data_01_mir/recover-20220825/UBNA_002/20220823_033000.WAV,Telephone Field,recover-20220825,002,1795
1240.7975,1240.8372,68437,81750,Rhinolophus ferrumequinum,0.029,0.029,-1,Echolocation,/mnt/ubna_data_01_mir/recover-20220825/UBNA_002/20220823_033000.WAV,Telephone Field,recover-20220825,002,1795
1240.8255,1240.8326,28046,39590,Eptesicus serotinus,0.007,0.025,-1,Echolocation,/mnt/ubna_data_01_mir/recover-20220825/UBNA_002/20220823_033000.WAV,Telephone Field,recover-20220825,002,1795
1240.8475,1240.8866,68437,82214,Rhinolophus ferrumequinum,0.022,0.022,-1,Echolocation,/mnt/ubna_data_01_mir/recover-20220825/UBNA_002/20220823_033000.WAV,Telephone Field,recover-20220825,002,1795
1240.8515,1240.8607,28046,36592,Eptesicus serotinus,0.009,0.022,-1,Echolocation,/mnt/ubna_data_01_mir/recover-20220825/UBNA_002/20220823_033000.WAV,Telephone Field,recover-20220825,002,1795
1240.8725,1240.9113,68437,82099,Rhinolophus ferrumequinum,0.021,0.021,-1,Echolocation,/mnt/ubna_data_01_mir/recover-20220825/UBNA_002/20220823_033000.WAV,Telephone Field,recover-20220825,002,1795
1240.8995,1240.9066,28046,38901,Eptesicus serotinus,0.006,0.024,-1,Echolocation,/mnt/ubna_data_01_mir/recover-20220825/UBNA_002/20220823_033000.WAV,Telephone Field,recover-20220825,002,1795
1240.9385,1240.9778,68437,82399,Rhinolophus ferrumequinum,0.021,0.021,-1,Echolocation,/mnt/ubna_data_01_mir/recover-20220825/UBNA_002/20220823_033000.WAV,Telephone Field,recover-20220825,002,1795
1240.9675,1241.0022,68437,81447,Rhinolophus ferrumequinum,0.021,0.021,-1,Echolocation,/mnt/ubna_data_01_mir/recover-20220825/UBNA_002/20220823_033000.WAV,Telephone Field,recover-20220825,002,1795
1241.0175,1241.0605,68437,83038,Rhinolophus ferrumequinum,0.038,0.038,-1,Echolocation,/mnt/ubna_data_01_mir/recover-20220825/UBNA_002/20220823_033000.WAV,Telephone Field,recover-20220825,002,1795
1241.0575,1241.0674,28046,37274,Eptesicus serotinus,0.01,0.024,-1,Echolocation,/mnt/ubna_data_01_mir/recover-20220825/UBNA_002/20220823_033000.WAV,Telephone Field,recover-20220825,002,1795
1241.1225,1241.133,27187,34956,Eptesicus serotinus,0.009,0.021,-1,Echolocation,/mnt/ubna_data_01_mir/recover-20220825/UBNA_002/20220823_033000.WAV,Telephone Field,recover-20220825,002,1795
1241.1265,1241.1613,68437,80274,Rhinolophus ferrumequinum,0.021,0.021,-1,Echolocation,/mnt/ubna_data_01_mir/recover-20220825/UBNA_002/20220823_033000.WAV,Telephone Field,recover-20220825,002,1795
1241.1545,1241.1624,33203,43268,Myotis daubentonii,0.011,0.026,-1,Echolocation,/mnt/ubna_data_01_mir/recover-20220825/UBNA_002/20220823_033000.WAV,Telephone Field,recover-20220825,002,1795
1241.1595,1241.1688,28906,38058,Eptesicus serotinus,0.011,0.029,-1,Echolocation,/mnt/ubna_data_01_mir/recover-20220825/UBNA_002/20220823_033000.WAV,Telephone Field,recover-20220825,002,1795
1241.1635,1241.2043,68437,82617,Rhinolophus ferrumequinum,0.029,0.029,-1,Echolocation,/mnt/ubna_data_01_mir/recover-20220825/UBNA_002/20220823_033000.WAV,Telephone Field,recover-20220825,002,1795
1241.1695,1241.1786,14296,24218,Plecotus auritus,0.012,0.023,-1,Echolocation,/mnt/ubna_data_01_mir/recover-20220825/UBNA_002/20220823_033000.WAV,Telephone Field,recover-20220825,002,1795
1241.1755,1241.2148,68437,82487,Rhinolophus ferrumequinum,0.021,0.021,-1,Echolocation,/mnt/ubna_data_01_mir/recover-20220825/UBNA_002/20220823_033000.WAV,Telephone Field,recover-20220825,002,1795
1241.1915,1241.2321,68437,82848,Rhinolophus ferrumequinum,0.028,0.028,-1,Echolocation,/mnt/ubna_data_01_mir/recover-20220825/UBNA_002/20220823_033000.WAV,Telephone Field,recover-20220825,002,1795
1241.2385,1241.2751,68437,81366,Rhinolophus ferrumequinum,0.022,0.022,-1,Echolocation,/mnt/ubna_data_01_mir/recover-20220825/UBNA_002/20220823_033000.WAV,Telephone Field,recover-20220825,002,1795
1241.2685,1241.2803,22890,28433,Nyctalus leisleri,0.012,0.024,-1,Echolocation,/mnt/ubna_data_01_mir/recover-20220825/UBNA_002/20220823_033000.WAV,Telephone Field,recover-20220825,002,1795
1241.2725,1241.2813,28046,36972,Eptesicus serotinus,0.006,0.022,-1,Echolocation,/mnt/ubna_data_01_mir/recover-20220825/UBNA_002/20220823_033000.WAV,Telephone Field,recover-20220825,002,1795
1241.2845,1241.3228,68437,82020,Rhinolophus ferrumequinum,0.022,0.022,-1,Echolocation,/mnt/ubna_data_01_mir/recover-20220825/UBNA_002/20220823_033000.WAV,Telephone Field,recover-20220825,002,1795
1241.3045,1241.3138,26328,35121,Eptesicus serotinus,0.009,0.023,-1,Echolocation,/mnt/ubna_data_01_mir/recover-20220825/UBNA_002/20220823_033000.WAV,Telephone Field,recover-20220825,002,1795
1241.3215,1241.3315,28906,36246,Eptesicus serotinus,0.009,0.023,-1,Echolocation,/mnt/ubna_data_01_mir/recover-20220825/UBNA_002/20220823_033000.WAV,Telephone Field,recover-20220825,002,1795
1241.3435,1241.3795,68437,81624,Rhinolophus ferrumequinum,0.024,0.024,-1,Echolocation,/mnt/ubna_data_01_mir/recover-20220825/UBNA_002/20220823_033000.WAV,Telephone Field,recover-20220825,002,1795
1241.3715,1241.3828,22031,26305,Nyctalus leisleri,0.011,0.021,-1,Echolocation,/mnt/ubna_data_01_mir/recover-20220825/UBNA_002/20220823_033000.WAV,Telephone Field,recover-20220825,002,1795
1241.4045,1241.4454,68437,82644,Rhinolophus ferrumequinum,0.032,0.032,-1,Echolocation,/mnt/ubna_data_01_mir/recover-20220825/UBNA_002/20220823_033000.WAV,Telephone Field,recover-20220825,002,1795
1241.4215,1241.4316,23750,30081,Nyctalus leisleri,0.009,0.021,-1,Echolocation,/mnt/ubna_data_01_mir/recover-20220825/UBNA_002/20220823_033000.WAV,Telephone Field,recover-20220825,002,1795
1241.4435,1241.4851,68437,82751,Rhinolophus ferrumequinum,0.026,0.026,-1,Echolocation,/mnt/ubna_data_01_mir/recover-20220825/UBNA_002/20220823_033000.WAV,Telephone Field,recover-20220825,002,1795
1241.4495,1241.4898,68437,82580,Rhinolophus ferrumequinum,0.024,0.024,-1,Echolocation,/mnt/ubna_data_01_mir/recover-20220825/UBNA_002/20220823_033000.WAV,Telephone Field,recover-20220825,002,1795
1241.4535,1241.46,27187,41329,Eptesicus serotinus,0.006,0.024,-1,Echolocation,/mnt/ubna_data_01_mir/recover-20220825/UBNA_002/20220823_033000.WAV,Telephone Field,recover-20220825,002,1795
1241.4775,1241.4832,29765,41301,Myotis daubentonii,0.015,0.036,-1,Echolocation,/mnt/ubna_data_01_mir/recover-20220825/UBNA_002/20220823_033000.WAV,Telephone Field,recover-20220825,002,1795
1241.5275,1241.5628,68437,81859,Rhinolophus ferrumequinum,0.021,0.022,-1,Echolocation,/mnt/ubna_data_01_mir/recover-20220825/UBNA_002/20220823_033000.WAV,Telephone Field,recover-20220825,002,1795
1241.5605,1241.5948,68437,81140,Rhinolophus ferrumequinum,0.023,0.023,-1,Echolocation,/mnt/ubna_data_01_mir/recover-20220825/UBNA_002/20220823_033000.WAV,Telephone Field,recover-20220825,002,1795
1241.6005,1241.6396,68437,82275,Rhinolophus ferrumequinum,0.021,0.021,-1,Echolocation,/mnt/ubna_data_01_mir/recover-20220825/UBNA_002/20220823_033000.WAV,Telephone Field,recover-20220825,002,1795
1241.6275,1241.6375,22031,27225,Nyctalus leisleri,0.01,0.023,-1,Echolocation,/mnt/ubna_data_01_mir/recover-20220825/UBNA_002/20220823_033000.WAV,Telephone Field,recover-20220825,002,1795
1241.6635,1241.7025,68437,82437,Rhinolophus ferrumequinum,0.026,0.026,-1,Echolocation,/mnt/ubna_data_01_mir/recover-20220825/UBNA_002/20220823_033000.WAV,Telephone Field,recover-20220825,002,1795
1241.6685,1241.6745,28046,39805,Myotis daubentonii,0.015,0.055,-1,Echolocation,/mnt/ubna_data_01_mir/recover-20220825/UBNA_002/20220823_033000.WAV,Telephone Field,recover-20220825,002,1795
1241.6775,1241.7153,68437,81767,Rhinolophus ferrumequinum,0.021,0.022,-1,Echolocation,/mnt/ubna_data_01_mir/recover-20220825/UBNA_002/20220823_033000.WAV,Telephone Field,recover-20220825,002,1795
1241.7015,1241.7108,25468,34264,Eptesicus serotinus,0.01,0.023,-1,Echolocation,/mnt/ubna_data_01_mir/recover-20220825/UBNA_002/20220823_033000.WAV,Telephone Field,recover-20220825,002,1795
1241.7335,1241.7699,68437,81740,Rhinolophus ferrumequinum,0.022,0.022,-1,Echolocation,/mnt/ubna_data_01_mir/recover-20220825/UBNA_002/20220823_033000.WAV,Telephone Field,recover-20220825,002,1795
1241.7625,1241.799,68437,81291,Rhinolophus ferrumequinum,0.024,0.025,-1,Echolocation,/mnt/ubna_data_01_mir/recover-20220825/UBNA_002/20220823_033000.WAV,Telephone Field,recover-20220825,002,1795
1241.7695,1241.8068,68437,81400,Rhinolophus ferrumequinum,0.026,0.026,-1,Echolocation,/mnt/ubna_data_01_mir/recover-20220825/UBNA_002/20220823_033000.WAV,Telephone Field,recover-20220825,002,1795
1241.7965,1241.8071,40078,47166,Pipistrellus nathusii,0.009,0.022,-1,Echolocation,/mnt/ubna_data_01_mir/recover-20220825/UBNA_002/20220823_033000.WAV,Telephone Field,recover-20220825,002,1795
1241.8585,1241.8929,68437,80403,Rhinolophus ferrumequinum,0.022,0.022,-1,Echolocation,/mnt/ubna_data_01_mir/recover-20220825/UBNA_002/20220823_033000.WAV,Telephone Field,recover-20220825,002,1795
1241.8755,1241.9136,68437,82128,Rhinolophus ferrumequinum,0.022,0.022,-1,Echolocation,/mnt/ubna_data_01_mir/recover-20220825/UBNA_002/20220823_033000.WAV,Telephone Field,recover-20220825,002,1795
1241.8785,1241.8853,37500,56538,Myotis mystacinus,0.006,0.022,-1,Echolocation,/mnt/ubna_data_01_mir/recover-20220825/UBNA_002/20220823_033000.WAV,Telephone Field,recover-20220825,002,1795
1242.0015,1242.0348,69296,81456,Rhinolophus ferrumequinum,0.035,0.035,-1,Echolocation,/mnt/ubna_data_01_mir/recover-20220825/UBNA_002/20220823_033000.WAV,Telephone Field,recover-20220825,002,1795
1242.0015,1242.0095,25468,37211,Nyctalus leisleri,0.005,0.022,-1,Echolocation,/mnt/ubna_data_01_mir/recover-20220825/UBNA_002/20220823_033000.WAV,Telephone Field,recover-20220825,002,1795
1242.0015,1242.01,47812,52670,Pipistrellus pipistrellus,0.024,0.029,-1,Echolocation,/mnt/ubna_data_01_mir/recover-20220825/UBNA_002/20220823_033000.WAV,Telephone Field,recover-20220825,002,1795
1242.0195,1242.0572,68437,81940,Rhinolophus ferrumequinum,0.022,0.022,-1,Echolocation,/mnt/ubna_data_01_mir/recover-20220825/UBNA_002/20220823_033000.WAV,Telephone Field,recover-20220825,002,1795
1242.0375,1242.0458,28906,40127,Eptesicus serotinus,0.008,0.022,-1,Echolocation,/mnt/ubna_data_01_mir/recover-20220825/UBNA_002/20220823_033000.WAV,Telephone Field,recover-20220825,002,1795
1242.0405,1242.0768,68437,81380,Rhinolophus ferrumequinum,0.022,0.022,-1,Echolocation,/mnt/ubna_data_01_mir/recover-20220825/UBNA_002/20220823_033000.WAV,Telephone Field,recover-20220825,002,1795
1242.0485,1242.0568,31484,43276,Myotis daubentonii,0.008,0.024,-1,Echolocation,/mnt/ubna_data_01_mir/recover-20220825/UBNA_002/20220823_033000.WAV,Telephone Field,recover-20220825,002,1795
1242.0615,1242.0698,28046,37280,Eptesicus serotinus,0.01,0.023,-1,Echolocation,/mnt/ubna_data_01_mir/recover-20220825/UBNA_002/20220823_033000.WAV,Telephone Field,recover-20220825,002,1795
1242.0835,1242.1234,68437,82309,Rhinolophus ferrumequinum,0.027,0.027,-1,Echolocation,/mnt/ubna_data_01_mir/recover-20220825/UBNA_002/20220823_033000.WAV,Telephone Field,recover-20220825,002,1795
1242.0925,1242.1028,28906,36821,Eptesicus serotinus,0.018,0.032,-1,Echolocation,/mnt/ubna_data_01_mir/recover-20220825/UBNA_002/20220823_033000.WAV,Telephone Field,recover-20220825,002,1795
1242.1165,1242.1566,68437,82345,Rhinolophus ferrumequinum,0.033,0.033,-1,Echolocation,/mnt/ubna_data_01_mir/recover-20220825/UBNA_002/20220823_033000.WAV,Telephone Field,recover-20220825,002,1795
1242.1195,1242.1261,28046,41286,Eptesicus serotinus,0.009,0.028,-1,Echolocation,/mnt/ubna_data_01_mir/recover-20220825/UBNA_002/20220823_033000.WAV,Telephone Field,recover-20220825,002,1795
1242.1205,1242.1272,23750,34534,Plecotus austriacus,0.013,0.028,-1,Echolocation,/mnt/ubna_data_01_mir/recover-20220825/UBNA_002/20220823_033000.WAV,Telephone Field,recover-20220825,002,1795
1242.1655,1242.2022,68437,81483,Rhinolophus ferrumequinum,0.023,0.023,-1,Echolocation,/mnt/ubna_data_01_mir/recover-20220825/UBNA_002/20220823_033000.WAV,Telephone Field,recover-20220825,002,1795
1242.2265,1242.2623,68437,81308,Rhinolophus ferrumequinum,0.021,0.021,-1,Echolocation,/mnt/ubna_data_01_mir/recover-20220825/UBNA_002/20220823_033000.WAV,Telephone Field,recover-20220825,002,1795
1242.2285,1242.2375,28046,39270,Eptesicus serotinus,0.01,0.026,-1,Echolocation,/mnt/ubna_data_01_mir/recover-20220825/UBNA_002/20220823_033000.WAV,Telephone Field,recover-20220825,002,1795
1242.2515,1242.2935,68437,82378,Rhinolophus ferrumequinum,0.024,0.024,-1,Echolocation,/mnt/ubna_data_01_mir/recover-20220825/UBNA_002/20220823_033000.WAV,Telephone Field,recover-20220825,002,1795
1242.2955,1242.3053,25468,32970,Eptesicus serotinus,0.01,0.027,-1,Echolocation,/mnt/ubna_data_01_mir/recover-20220825/UBNA_002/20220823_033000.WAV,Telephone Field,recover-20220825,002,1795
1242.3565,1242.3974,68437,82751,Rhinolophus ferrumequinum,0.025,0.025,-1,Echolocation,/mnt/ubna_data_01_mir/recover-20220825/UBNA_002/20220823_033000.WAV,Telephone Field,recover-20220825,002,1795
1242.3785,1242.4172,68437,82294,Rhinolophus ferrumequinum,0.024,0.024,-1,Echolocation,/mnt/ubna_data_01_mir/recover-20220825/UBNA_002/20220823_033000.WAV,Telephone Field,recover-20220825,002,1795
1242.4025,1242.413,23750,29045,Nyctalus leisleri,0.01,0.021,-1,Echolocation,/mnt/ubna_data_01_mir/recover-20220825/UBNA_002/20220823_033000.WAV,Telephone Field,recover-20220825,002,1795
1242.4215,1242.4604,68437,82301,Rhinolophus ferrumequinum,0.024,0.024,-1,Echolocation,/mnt/ubna_data_01_mir/recover-20220825/UBNA_002/20220823_033000.WAV,Telephone Field,recover-20220825,002,1795
1242.5295,1242.539,23750,30056,Nyctalus leisleri,0.008,0.022,-1,Echolocation,/mnt/ubna_data_01_mir/recover-20220825/UBNA_002/20220823_033000.WAV,Telephone Field,recover-20220825,002,1795
1242.5855,1242.5929,23750,32561,Plecotus austriacus,0.008,0.021,-1,Echolocation,/mnt/ubna_data_01_mir/recover-20220825/UBNA_002/20220823_033000.WAV,Telephone Field,recover-20220825,002,1795
1242.5855,1242.626,68437,82564,Rhinolophus ferrumequinum,0.022,0.022,-1,Echolocation,/mnt/ubna_data_01_mir/recover-20220825/UBNA_002/20220823_033000.WAV,Telephone Field,recover-20220825,002,1795
1242.6415,1242.6498,48671,55878,Pipistrellus pipistrellus,0.021,0.023,-1,Echolocation,/mnt/ubna_data_01_mir/recover-20220825/UBNA_002/20220823_033000.WAV,Telephone Field,recover-20220825,002,1795
1242.6425,1242.6837,68437,82494,Rhinolophus ferrumequinum,0.029,0.029,-1,Echolocation,/mnt/ubna_data_01_mir/recover-20220825/UBNA_002/20220823_033000.WAV,Telephone Field,recover-20220825,002,1795
1242.6515,1242.6891,68437,81421,Rhinolophus ferrumequinum,0.024,0.024,-1,Echolocation,/mnt/ubna_data_01_mir/recover-20220825/UBNA_002/20220823_033000.WAV,Telephone Field,recover-20220825,002,1795
1242.6685,1242.6776,34062,41413,Myotis daubentonii,0.007,0.023,-1,Echolocation,/mnt/ubna_data_01_mir/recover-20220825/UBNA_002/20220823_033000.WAV,Telephone Field,recover-20220825,002,1795
1242.6715,1242.6795,28906,38502,Eptesicus serotinus,0.007,0.022,-1,Echolocation,/mnt/ubna_data_01_mir/recover-20220825/UBNA_002/20220823_033000.WAV,Telephone Field,recover-20220825,002,1795
1242.6945,1242.707,22031,26259,Nyctalus leisleri,0.014,0.024,-1,Echolocation,/mnt/ubna_data_01_mir/recover-20220825/UBNA_002/20220823_033000.WAV,Telephone Field,recover-20220825,002,1795
1242.7395,1242.7512,14296,18942,Nyctalus noctula,0.012,0.022,-1,Echolocation,/mnt/ubna_data_01_mir/recover-20220825/UBNA_002/20220823_033000.WAV,Telephone Field,recover-20220825,002,1795
1242.7405,1242.7749,68437,80247,Rhinolophus ferrumequinum,0.022,0.022,-1,Echolocation,/mnt/ubna_data_01_mir/recover-20220825/UBNA_002/20220823_033000.WAV,Telephone Field,recover-20220825,002,1795
1242.7545,1242.7936,68437,82217,Rhinolophus ferrumequinum,0.023,0.023,-1,Echolocation,/mnt/ubna_data_01_mir/recover-20220825/UBNA_002/20220823_033000.WAV,Telephone Field,recover-20220825,002,1795
1242.7835,1242.8182,68437,81522,Rhinolophus ferrumequinum,0.022,0.022,-1,Echolocation,/mnt/ubna_data_01_mir/recover-20220825/UBNA_002/20220823_033000.WAV,Telephone Field,recover-20220825,002,1795
1242.8045,1242.8108,25468,35903,Plecotus austriacus,0.011,0.029,-1,Echolocation,/mnt/ubna_data_01_mir/recover-20220825/UBNA_002/20220823_033000.WAV,Telephone Field,recover-20220825,002,1795
1242.8425,1242.8829,68437,82772,Rhinolophus ferrumequinum,0.031,0.031,-1,Echolocation,/mnt/ubna_data_01_mir/recover-20220825/UBNA_002/20220823_033000.WAV,Telephone Field,recover-20220825,002,1795
1242.8755,1242.8842,28906,38843,Eptesicus serotinus,0.009,0.024,-1,Echolocation,/mnt/ubna_data_01_mir/recover-20220825/UBNA_002/20220823_033000.WAV,Telephone Field,recover-20220825,002,1795
1242.8825,1242.9191,68437,80618,Rhinolophus ferrumequinum,0.022,0.022,-1,Echolocation,/mnt/ubna_data_01_mir/recover-20220825/UBNA_002/20220823_033000.WAV,Telephone Field,recover-20220825,002,1795
1242.9045,1242.9156,22890,28576,Nyctalus leisleri,0.011,0.024,-1,Echolocation,/mnt/ubna_data_01_mir/recover-20220825/UBNA_002/20220823_033000.WAV,Telephone Field,recover-20220825,002,1795
1242.9075,1242.9454,68437,81591,Rhinolophus ferrumequinum,0.023,0.023,-1,Echolocation,/mnt/ubna_data_01_mir/recover-20220825/UBNA_002/20220823_033000.WAV,Telephone Field,recover-20220825,002,1795
1242.9125,1242.9202,23750,32797,Plecotus austriacus,0.019,0.038,-1,Echolocation,/mnt/ubna_data_01_mir/recover-20220825/UBNA_002/20220823_033000.WAV,Telephone Field,recover-20220825,002,1795
1242.9135,1242.9493,68437,81565,Rhinolophus ferrumequinum,0.022,0.022,-1,Echolocation,/mnt/ubna_data_01_mir/recover-20220825/UBNA_002/20220823_033000.WAV,Telephone Field,recover-20220825,002,1795
1242.9655,1243.007,68437,82553,Rhinolophus ferrumequinum,0.026,0.026,-1,Echolocation,/mnt/ubna_data_01_mir/recover-20220825/UBNA_002/20220823_033000.WAV,Telephone Field,recover-20220825,002,1795
1242.9945,1243.0314,68437,82086,Rhinolophus ferrumequinum,0.021,0.021,-1,Echolocation,/mnt/ubna_data_01_mir/recover-20220825/UBNA_002/20220823_033000.WAV,Telephone Field,recover-20220825,002,1795
1243.0315,1243.07,68437,81988,Rhinolophus ferrumequinum,0.023,0.023,-1,Echolocation,/mnt/ubna_data_01_mir/recover-20220825/UBNA_002/20220823_033000.WAV,Telephone Field,recover-20220825,002,1795
1243.0355,1243.045,22890,28746,Nyctalus leisleri,0.009,0.022,-1,Echolocation,/mnt/ubna_data_01_mir/recover-20220825/UBNA_002/20220823_033000.WAV,Telephone Field,recover-20220825,002,1795
1243.1405,1243.1519,27187,33547,Eptesicus serotinus,0.014,0.027,-1,Echolocation,/mnt/ubna_data_01_mir/recover-20220825/UBNA_002/20220823_033000.WAV,Telephone Field,recover-20220825,002,1795
1243.1445,1243.1585,41796,44303,Pipistrellus pipistrellus,0.036,0.05,-1,Echolocation,/mnt/ubna_data_01_mir/recover-20220825/UBNA_002/20220823_033000.WAV,Telephone Field,recover-20220825,002,1795
1243.1625,1243.2025,68437,82556,Rhinolophus ferrumequinum,0.024,0.024,-1,Echolocation,/mnt/ubna_data_01_mir/recover-20220825/UBNA_002/20220823_033000.WAV,Telephone Field,recover-20220825,002,1795
1243.1625,1243.1721,23750,30176,Nyctalus leisleri,0.008,0.021,-1,Echolocation,/mnt/ubna_data_01_mir/recover-20220825/UBNA_002/20220823_033000.WAV,Telephone Field,recover-20220825,002,1795
1243.1715,1243.214,68437,82407,Rhinolophus ferrumequinum,0.024,0.024,-1,Echolocation,/mnt/ubna_data_01_mir/recover-20220825/UBNA_002/20220823_033000.WAV,Telephone Field,recover-20220825,002,1795
1243.1775,1243.2174,68437,82331,Rhinolophus ferrumequinum,0.023,0.023,-1,Echolocation,/mnt/ubna_data_01_mir/recover-20220825/UBNA_002/20220823_033000.WAV,Telephone Field,recover-20220825,002,1795
1243.2025,1243.2415,68437,82641,Rhinolophus ferrumequinum,0.024,0.024,-1,Echolocation,/mnt/ubna_data_01_mir/recover-20220825/UBNA_002/20220823_033000.WAV,Telephone Field,recover-20220825,002,1795
1243.2035,1243.2109,28906,40195,Eptesicus serotinus,0.008,0.028,-1,Echolocation,/mnt/ubna_data_01_mir/recover-20220825/UBNA_002/20220823_033000.WAV,Telephone Field,recover-20220825,002,1795
1243.2125,1243.2495,68437,81227,Rhinolophus ferrumequinum,0.021,0.021,-1,Echolocation,/mnt/ubna_data_01_mir/recover-20220825/UBNA_002/20220823_033000.WAV,Telephone Field,recover-20220825,002,1795
1243.2185,1243.2556,68437,81331,Rhinolophus ferrumequinum,0.022,0.022,-1,Echolocation,/mnt/ubna_data_01_mir/recover-20220825/UBNA_002/20220823_033000.WAV,Telephone Field,recover-20220825,002,1795
1243.2335,1243.2759,68437,83093,Rhinolophus ferrumequinum,0.031,0.031,-1,Echolocation,/mnt/ubna_data_01_mir/recover-20220825/UBNA_002/20220823_033000.WAV,Telephone Field,recover-20220825,002,1795
1243.2795,1243.2877,48671,54205,Pipistrellus pipistrellus,0.021,0.022,-1,Echolocation,/mnt/ubna_data_01_mir/recover-20220825/UBNA_002/20220823_033000.WAV,Telephone Field,recover-20220825,002,1795
1243.2885,1243.2973,28906,37522,Eptesicus serotinus,0.019,0.035,-1,Echolocation,/mnt/ubna_data_01_mir/recover-20220825/UBNA_002/20220823_033000.WAV,Telephone Field,recover-20220825,002,1795
1243.2985,1243.3395,68437,82339,Rhinolophus ferrumequinum,0.025,0.025,-1,Echolocation,/mnt/ubna_data_01_mir/recover-20220825/UBNA_002/20220823_033000.WAV,Telephone Field,recover-20220825,002,1795
1243.3325,1243.3425,25468,33174,Eptesicus serotinus,0.018,0.04,-1,Echolocation,/mnt/ubna_data_01_mir/recover-20220825/UBNA_002/20220823_033000.WAV,Telephone Field,recover-20220825,002,1795
1243.3365,1243.3795,68437,83147,Rhinolophus ferrumequinum,0.023,0.023,-1,Echolocation,/mnt/ubna_data_01_mir/recover-20220825/UBNA_002/20220823_033000.WAV,Telephone Field,recover-20220825,002,1795
1243.3475,1243.3847,68437,82351,Rhinolophus ferrumequinum,0.022,0.022,-1,Echolocation,/mnt/ubna_data_01_mir/recover-20220825/UBNA_002/20220823_033000.WAV,Telephone Field,recover-20220825,002,1795
1243.3635,1243.402,68437,81436,Rhinolophus ferrumequinum,0.027,0.027,-1,Echolocation,/mnt/ubna_data_01_mir/recover-20220825/UBNA_002/20220823_033000.WAV,Telephone Field,recover-20220825,002,1795
1243.3725,1243.3811,28046,38269,Eptesicus serotinus,0.008,0.021,-1,Echolocation,/mnt/ubna_data_01_mir/recover-20220825/UBNA_002/20220823_033000.WAV,Telephone Field,recover-20220825,002,1795
1243.3785,1243.3857,24609,34455,Plecotus austriacus,0.008,0.023,-1,Echolocation,/mnt/ubna_data_01_mir/recover-20220825/UBNA_002/20220823_033000.WAV,Telephone Field,recover-20220825,002,1795
1243.5175,1243.5601,68437,82988,Rhinolophus ferrumequinum,0.037,0.037,-1,Echolocation,/mnt/ubna_data_01_mir/recover-20220825/UBNA_002/20220823_033000.WAV,Telephone Field,recover-20220825,002,1795
1243.5215,1243.5303,30625,40334,Eptesicus serotinus,0.01,0.026,-1,Echolocation,/mnt/ubna_data_01_mir/recover-20220825/UBNA_002/20220823_033000.WAV,Telephone Field,recover-20220825,002,1795
1243.5215,1243.5294,22890,31285,Plecotus austriacus,0.01,0.024,-1,Echolocation,/mnt/ubna_data_01_mir/recover-20220825/UBNA_002/20220823_033000.WAV,Telephone Field,recover-20220825,002,1795
1243.5345,1243.5436,50390,54970,Pipistrellus pipistrellus,0.032,0.036,-1,Echolocation,/mnt/ubna_data_01_mir/recover-20220825/UBNA_002/20220823_033000.WAV,Telephone Field,recover-20220825,002,1795
1243.5445,1243.556,27187,34906,Eptesicus serotinus,0.012,0.024,-1,Echolocation,/mnt/ubna_data_01_mir/recover-20220825/UBNA_002/20220823_033000.WAV,Telephone Field,recover-20220825,002,1795
1243.5495,1243.5899,68437,82433,Rhinolophus ferrumequinum,0.024,0.024,-1,Echolocation,/mnt/ubna_data_01_mir/recover-20220825/UBNA_002/20220823_033000.WAV,Telephone Field,recover-20220825,002,1795
1243.5925,1243.6309,68437,82368,Rhinolophus ferrumequinum,0.023,0.023,-1,Echolocation,/mnt/ubna_data_01_mir/recover-20220825/UBNA_002/20220823_033000.WAV,Telephone Field,recover-20220825,002,1795
1243.6365,1243.6759,68437,81236,Rhinolophus ferrumequinum,0.021,0.021,-1,Echolocation,/mnt/ubna_data_01_mir/recover-20220825/UBNA_002/20220823_033000.WAV,Telephone Field,recover-20220825,002,1795
1243.6595,1243.6701,28046,35774,Eptesicus serotinus,0.01,0.022,-1,Echolocation,/mnt/ubna_data_01_mir/recover-20220825/UBNA_002/20220823_033000.WAV,Telephone Field,recover-20220825,002,1795
1243.6645,1243.7029,68437,82090,Rhinolophus ferrumequinum,0.022,0.022,-1,Echolocation,/mnt/ubna_data_01_mir/recover-20220825/UBNA_002/20220823_033000.WAV,Telephone Field,recover-20220825,002,1795
1243.6765,1243.7169,68437,82176,Rhinolophus ferrumequinum,0.022,0.022,-1,Echolocation,/mnt/ubna_data_01_mir/recover-20220825/UBNA_002/20220823_033000.WAV,Telephone Field,recover-20220825,002,1795
1243.7015,1243.7112,23750,30942,Nyctalus leisleri,0.008,0.024,-1,Echolocation,/mnt/ubna_data_01_mir/recover-20220825/UBNA_002/20220823_033000.WAV,Telephone Field,recover-20220825,002,1795
1243.7155,1243.755,68437,82129,Rhinolophus ferrumequinum,0.022,0.022,-1,Echolocation,/mnt/ubna_data_01_mir/recover-20220825/UBNA_002/20220823_033000.WAV,Telephone Field,recover-20220825,002,1795
1243.7235,1243.764,68437,82057,Rhinolophus ferrumequinum,0.023,0.023,-1,Echolocation,/mnt/ubna_data_01_mir/recover-20220825/UBNA_002/20220823_033000.WAV,Telephone Field,recover-20220825,002,1795
1243.7395,1243.7833,68437,82891,Rhinolophus ferrumequinum,0.028,0.028,-1,Echolocation,/mnt/ubna_data_01_mir/recover-20220825/UBNA_002/20220823_033000.WAV,Telephone Field,recover-20220825,002,1795
1243.7555,1243.7721,13437,17218,Nyctalus noctula,0.026,0.048,-1,Echolocation,/mnt/ubna_data_01_mir/recover-20220825/UBNA_002/20220823_033000.WAV,Telephone Field,recover-20220825,002,1795
1243.7605,1243.7983,68437,81666,Rhinolophus ferrumequinum,0.021,0.021,-1,Echolocation,/mnt/ubna_data_01_mir/recover-20220825/UBNA_002/20220823_033000.WAV,Telephone Field,recover-20220825,002,1795
1243.7835,1243.8224,68437,81950,Rhinolophus ferrumequinum,0.021,0.021,-1,Echolocation,/mnt/ubna_data_01_mir/recover-20220825/UBNA_002/20220823_033000.WAV,Telephone Field,recover-20220825,002,1795
1243.7935,1243.8304,68437,82075,Rhinolophus ferrumequinum,0.029,0.029,-1,Echolocation,/mnt/ubna_data_01_mir/recover-20220825/UBNA_002/20220823_033000.WAV,Telephone Field,recover-20220825,002,1795
1243.8015,1243.8428,68437,82220,Rhinolophus ferrumequinum,0.025,0.025,-1,Echolocation,/mnt/ubna_data_01_mir/recover-20220825/UBNA_002/20220823_033000.WAV,Telephone Field,recover-20220825,002,1795
1243.8365,1243.8482,22031,26805,Nyctalus leisleri,0.015,0.033,-1,Echolocation,/mnt/ubna_data_01_mir/recover-20220825/UBNA_002/20220823_033000.WAV,Telephone Field,recover-20220825,002,1795
1243.8855,1243.8980999999999,23750,28922,Nyctalus leisleri,0.011,0.023,-1,Echolocation,/mnt/ubna_data_01_mir/recover-20220825/UBNA_002/20220823_033000.WAV,Telephone Field,recover-20220825,002,1795
1243.9085,1243.9519,68437,83114,Rhinolophus ferrumequinum,0.03,0.03,-1,Echolocation,/mnt/ubna_data_01_mir/recover-20220825/UBNA_002/20220823_033000.WAV,Telephone Field,recover-20220825,002,1795
1243.9195,1243.962,68437,83172,Rhinolophus ferrumequinum,0.027,0.027,-1,Echolocation,/mnt/ubna_data_01_mir/recover-20220825/UBNA_002/20220823_033000.WAV,Telephone Field,recover-20220825,002,1795
1243.9385,1243.945,26328,38983,Eptesicus serotinus,0.005,0.022,-1,Echolocation,/mnt/ubna_data_01_mir/recover-20220825/UBNA_002/20220823_033000.WAV,Telephone Field,recover-20220825,002,1795
1244.0015,1244.0352,68437,80240,Rhinolophus ferrumequinum,0.027,0.028,-1,Echolocation,/mnt/ubna_data_01_mir/recover-20220825/UBNA_002/20220823_033000.WAV,Telephone Field,recover-20220825,002,1795
1244.0015,1244.0154,19453,23998,Nyctalus leisleri,0.009,0.02,-1,Echolocation,/mnt/ubna_data_01_mir/recover-20220825/UBNA_002/20220823_033000.WAV,Telephone Field,recover-20220825,002,1795
1244.0015,1244.0107,26328,35041,Eptesicus serotinus,0.01,0.03,-1,Echolocation,/mnt/ubna_data_01_mir/recover-20220825/UBNA_002/20220823_033000.WAV,Telephone Field,recover-20220825,002,1795
1244.0325,1244.0725,68437,82292,Rhinolophus ferrumequinum,0.022,0.022,-1,Echolocation,/mnt/ubna_data_01_mir/recover-20220825/UBNA_002/20220823_033000.WAV,Telephone Field,recover-20220825,002,1795
1244.0445,1244.0814,68437,81252,Rhinolophus ferrumequinum,0.022,0.022,-1,Echolocation,/mnt/ubna_data_01_mir/recover-20220825/UBNA_002/20220823_033000.WAV,Telephone Field,recover-20220825,002,1795
1244.0695,1244.0772,26328,38299,Eptesicus serotinus,0.006,0.021,-1,Echolocation,/mnt/ubna_data_01_mir/recover-20220825/UBNA_002/20220823_033000.WAV,Telephone Field,recover-20220825,002,1795
1244.1215,1244.1621,68437,82599,Rhinolophus ferrumequinum,0.025,0.025,-1,Echolocation,/mnt/ubna_data_01_mir/recover-20220825/UBNA_002/20220823_033000.WAV,Telephone Field,recover-20220825,002,1795
1244.1375,1244.1756,68437,82018,Rhinolophus ferrumequinum,0.02,0.02,-1,Echolocation,/mnt/ubna_data_01_mir/recover-20220825/UBNA_002/20220823_033000.WAV,Telephone Field,recover-20220825,002,1795
1244.2545,1244.2959,68437,82411,Rhinolophus ferrumequinum,0.02,0.02,-1,Echolocation,/mnt/ubna_data_01_mir/recover-20220825/UBNA_002/20220823_033000.WAV,Telephone Field,recover-20220825,002,1795
1244.2775,1244.3179,68437,82482,Rhinolophus ferrumequinum,0.027,0.027,-1,Echolocation,/mnt/ubna_data_01_mir/recover-20220825/UBNA_002/20220823_033000.WAV,Telephone Field,recover-20220825,002,1795
1244.2855,1244.3277,68437,83514,Rhinolophus ferrumequinum,0.025,0.025,-1,Echolocation,/mnt/ubna_data_01_mir/recover-20220825/UBNA_002/20220823_033000.WAV,Telephone Field,recover-20220825,002,1795
1244.3035,1244.3143,23750,29802,Nyctalus leisleri,0.009,0.023,-1,Echolocation,/mnt/ubna_data_01_mir/recover-20220825/UBNA_002/20220823_033000.WAV,Telephone Field,recover-20220825,002,1795
1244.3085,1244.3462,68437,81133,Rhinolophus ferrumequinum,0.023,0.023,-1,Echolocation,/mnt/ubna_data_01_mir/recover-20220825/UBNA_002/20220823_033000.WAV,Telephone Field,recover-20220825,002,1795
1244.3115,1244.3194,28046,38413,Eptesicus serotinus,0.008,0.024,-1,Echolocation,/mnt/ubna_data_01_mir/recover-20220825/UBNA_002/20220823_033000.WAV,Telephone Field,recover-20220825,002,1795
1244.3175,1244.3557,68437,82224,Rhinolophus ferrumequinum,0.021,0.021,-1,Echolocation,/mnt/ubna_data_01_mir/recover-20220825/UBNA_002/20220823_033000.WAV,Telephone Field,recover-20220825,002,1795
1244.3225,1244.3348,23750,29113,Nyctalus leisleri,0.012,0.024,-1,Echolocation,/mnt/ubna_data_01_mir/recover-20220825/UBNA_002/20220823_033000.WAV,Telephone Field,recover-20220825,002,1795
1244.3385,1244.3767,68437,81414,Rhinolophus ferrumequinum,0.02,0.02,-1,Echolocation,/mnt/ubna_data_01_mir/recover-20220825/UBNA_002/20220823_033000.WAV,Telephone Field,recover-20220825,002,1795
1244.3645,1244.3718,28046,37448,Eptesicus serotinus,0.012,0.031,-1,Echolocation,/mnt/ubna_data_01_mir/recover-20220825/UBNA_002/20220823_033000.WAV,Telephone Field,recover-20220825,002,1795
1244.3995,1244.4387,68437,82049,Rhinolophus ferrumequinum,0.025,0.025,-1,Echolocation,/mnt/ubna_data_01_mir/recover-20220825/UBNA_002/20220823_033000.WAV,Telephone Field,recover-20220825,002,1795
1244.4305,1244.4678,68437,81737,Rhinolophus ferrumequinum,0.021,0.021,-1,Echolocation,/mnt/ubna_data_01_mir/recover-20220825/UBNA_002/20220823_033000.WAV,Telephone Field,recover-20220825,002,1795
1244.4355,1244.4463,22031,26694,Nyctalus leisleri,0.011,0.023,-1,Echolocation,/mnt/ubna_data_01_mir/recover-20220825/UBNA_002/20220823_033000.WAV,Telephone Field,recover-20220825,002,1795
1244.4765,1244.5131,68437,81290,Rhinolophus ferrumequinum,0.02,0.02,-1,Echolocation,/mnt/ubna_data_01_mir/recover-20220825/UBNA_002/20220823_033000.WAV,Telephone Field,recover-20220825,002,1795
1244.4805,1244.4955,16015,21660,Nyctalus noctula,0.016,0.024,-1,Echolocation,/mnt/ubna_data_01_mir/recover-20220825/UBNA_002/20220823_033000.WAV,Telephone Field,recover-20220825,002,1795
1244.4865,1244.4939,28906,39240,Eptesicus serotinus,0.006,0.022,-1,Echolocation,/mnt/ubna_data_01_mir/recover-20220825/UBNA_002/20220823_033000.WAV,Telephone Field,recover-20220825,002,1795
1244.4905,1244.528,68437,81930,Rhinolophus ferrumequinum,0.036,0.036,-1,Echolocation,/mnt/ubna_data_01_mir/recover-20220825/UBNA_002/20220823_033000.WAV,Telephone Field,recover-20220825,002,1795
1244.5465,1244.5847,68437,81562,Rhinolophus ferrumequinum,0.021,0.021,-1,Echolocation,/mnt/ubna_data_01_mir/recover-20220825/UBNA_002/20220823_033000.WAV,Telephone Field,recover-20220825,002,1795
1244.5825,1244.5932,26328,34224,Eptesicus serotinus,0.04,0.068,-1,Echolocation,/mnt/ubna_data_01_mir/recover-20220825/UBNA_002/20220823_033000.WAV,Telephone Field,recover-20220825,002,1795
1244.6075,1244.6156,28046,39472,Eptesicus serotinus,0.007,0.02,-1,Echolocation,/mnt/ubna_data_01_mir/recover-20220825/UBNA_002/20220823_033000.WAV,Telephone Field,recover-20220825,002,1795
1244.6365,1244.678,68437,82771,Rhinolophus ferrumequinum,0.024,0.024,-1,Echolocation,/mnt/ubna_data_01_mir/recover-20220825/UBNA_002/20220823_033000.WAV,Telephone Field,recover-20220825,002,1795
1244.6535,1244.6956,68437,83151,Rhinolophus ferrumequinum,0.026,0.026,-1,Echolocation,/mnt/ubna_data_01_mir/recover-20220825/UBNA_002/20220823_033000.WAV,Telephone Field,recover-20220825,002,1795
1244.7635,1244.801,68437,81542,Rhinolophus ferrumequinum,0.024,0.024,-1,Echolocation,/mnt/ubna_data_01_mir/recover-20220825/UBNA_002/20220823_033000.WAV,Telephone Field,recover-20220825,002,1795
1244.7725,1244.8111,68437,82043,Rhinolophus ferrumequinum,0.028,0.028,-1,Echolocation,/mnt/ubna_data_01_mir/recover-20220825/UBNA_002/20220823_033000.WAV,Telephone Field,recover-20220825,002,1795
1244.7735,1244.7868,36640,40535,Pipistrellus nathusii,0.031,0.047,-1,Echolocation,/mnt/ubna_data_01_mir/recover-20220825/UBNA_002/20220823_033000.WAV,Telephone Field,recover-20220825,002,1795
1244.8315,1244.8401,28906,37352,Eptesicus serotinus,0.008,0.025,-1,Echolocation,/mnt/ubna_data_01_mir/recover-20220825/UBNA_002/20220823_033000.WAV,Telephone Field,recover-20220825,002,1795
1244.8395,1244.8774,68437,81369,Rhinolophus ferrumequinum,0.026,0.026,-1,Echolocation,/mnt/ubna_data_01_mir/recover-20220825/UBNA_002/20220823_033000.WAV,Telephone Field,recover-20220825,002,1795
1244.8465,1244.8569,28046,34424,Eptesicus serotinus,0.011,0.025,-1,Echolocation,/mnt/ubna_data_01_mir/recover-20220825/UBNA_002/20220823_033000.WAV,Telephone Field,recover-20220825,002,1795
1244.8635,1244.899,68437,81455,Rhinolophus ferrumequinum,0.02,0.021,-1,Echolocation,/mnt/ubna_data_01_mir/recover-20220825/UBNA_002/20220823_033000.WAV,Telephone Field,recover-20220825,002,1795
1244.8665,1244.8772,23750,29818,Nyctalus leisleri,0.011,0.026,-1,Echolocation,/mnt/ubna_data_01_mir/recover-20220825/UBNA_002/20220823_033000.WAV,Telephone Field,recover-20220825,002,1795
1244.8835,1244.9189,68437,80900,Rhinolophus ferrumequinum,0.021,0.021,-1,Echolocation,/mnt/ubna_data_01_mir/recover-20220825/UBNA_002/20220823_033000.WAV,Telephone Field,recover-20220825,002,1795
1244.8945,1244.9051,22890,27478,Nyctalus leisleri,0.012,0.023,-1,Echolocation,/mnt/ubna_data_01_mir/recover-20220825/UBNA_002/20220823_033000.WAV,Telephone Field,recover-20220825,002,1795
1244.9015,1244.9392,68437,81680,Rhinolophus ferrumequinum,0.02,0.021,-1,Echolocation,/mnt/ubna_data_01_mir/recover-20220825/UBNA_002/20220823_033000.WAV,Telephone Field,recover-20220825,002,1795
1244.9015,1244.9143,54687,58857,Pipistrellus pygmaeus,0.023,0.024,-1,Echolocation,/mnt/ubna_data_01_mir/recover-20220825/UBNA_002/20220823_033000.WAV,Telephone Field,recover-20220825,002,1795
1244.9045,1244.9252,20312,23221,Nyctalus leisleri,0.016,0.029,-1,Echolocation,/mnt/ubna_data_01_mir/recover-20220825/UBNA_002/20220823_033000.WAV,Telephone Field,recover-20220825,002,1795
1244.9235,1244.9616,68437,82165,Rhinolophus ferrumequinum,0.021,0.021,-1,Echolocation,/mnt/ubna_data_01_mir/recover-20220825/UBNA_002/20220823_033000.WAV,Telephone Field,recover-20220825,002,1795
1244.9925,1244.9998,27187,39659,Eptesicus serotinus,0.006,0.02,-1,Echolocation,/mnt/ubna_data_01_mir/recover-20220825/UBNA_002/20220823_033000.WAV,Telephone Field,recover-20220825,002,1795
1245.0015,1245.0403,68437,82273,Rhinolophus ferrumequinum,0.021,0.021,-1,Echolocation,/mnt/ubna_data_01_mir/recover-20220825/UBNA_002/20220823_033000.WAV,Telephone Field,recover-20220825,002,1795
1245.0645,1245.103,68437,82281,Rhinolophus ferrumequinum,0.021,0.021,-1,Echolocation,/mnt/ubna_data_01_mir/recover-20220825/UBNA_002/20220823_033000.WAV,Telephone Field,recover-20220825,002,1795
1245.0805,1245.0922,14296,20804,Nyctalus noctula,0.014,0.024,-1,Echolocation,/mnt/ubna_data_01_mir/recover-20220825/UBNA_002/20220823_033000.WAV,Telephone Field,recover-20220825,002,1795
1245.1145,1245.151,68437,81508,Rhinolophus ferrumequinum,0.021,0.021,-1,Echolocation,/mnt/ubna_data_01_mir/recover-20220825/UBNA_002/20220823_033000.WAV,Telephone Field,recover-20220825,002,1795
1245.1215,1245.1325,22031,26160,Nyctalus leisleri,0.014,0.024,-1,Echolocation,/mnt/ubna_data_01_mir/recover-20220825/UBNA_002/20220823_033000.WAV,Telephone Field,recover-20220825,002,1795
1245.1445,1245.1841,68437,81803,Rhinolophus ferrumequinum,0.02,0.02,-1,Echolocation,/mnt/ubna_data_01_mir/recover-20220825/UBNA_002/20220823_033000.WAV,Telephone Field,recover-20220825,002,1795
1245.1505,1245.1579,48671,58065,Pipistrellus pipistrellus,0.014,0.021,-1,Echolocation,/mnt/ubna_data_01_mir/recover-20220825/UBNA_002/20220823_033000.WAV,Telephone Field,recover-20220825,002,1795
1245.1635,1245.2027,68437,81870,Rhinolophus ferrumequinum,0.022,0.022,-1,Echolocation,/mnt/ubna_data_01_mir/recover-20220825/UBNA_002/20220823_033000.WAV,Telephone Field,recover-20220825,002,1795
1245.2015,1245.2414,68437,82016,Rhinolophus ferrumequinum,0.022,0.022,-1,Echolocation,/mnt/ubna_data_01_mir/recover-20220825/UBNA_002/20220823_033000.WAV,Telephone Field,recover-20220825,002,1795
1245.2085,1245.2142,38359,57271,Myotis brandtii,0.006,0.02,-1,Echolocation,/mnt/ubna_data_01_mir/recover-20220825/UBNA_002/20220823_033000.WAV,Telephone Field,recover-20220825,002,1795
1245.2315,1245.2442,22031,25863,Nyctalus leisleri,0.015,0.025,-1,Echolocation,/mnt/ubna_data_01_mir/recover-20220825/UBNA_002/20220823_033000.WAV,Telephone Field,recover-20220825,002,1795
1245.2325,1245.2729,68437,81989,Rhinolophus ferrumequinum,0.022,0.022,-1,Echolocation,/mnt/ubna_data_01_mir/recover-20220825/UBNA_002/20220823_033000.WAV,Telephone Field,recover-20220825,002,1795
1245.2405,1245.2777,68437,81833,Rhinolophus ferrumequinum,0.022,0.022,-1,Echolocation,/mnt/ubna_data_01_mir/recover-20220825/UBNA_002/20220823_033000.WAV,Telephone Field,recover-20220825,002,1795
1245.2525,1245.2917,68437,82063,Rhinolophus ferrumequinum,0.023,0.023,-1,Echolocation,/mnt/ubna_data_01_mir/recover-20220825/UBNA_002/20220823_033000.WAV,Telephone Field,recover-20220825,002,1795
1245.2845,1245.3259,68437,83233,Rhinolophus ferrumequinum,0.029,0.029,-1,Echolocation,/mnt/ubna_data_01_mir/recover-20220825/UBNA_002/20220823_033000.WAV,Telephone Field,recover-20220825,002,1795
1245.2995,1245.3384,68437,81958,Rhinolophus ferrumequinum,0.023,0.023,-1,Echolocation,/mnt/ubna_data_01_mir/recover-20220825/UBNA_002/20220823_033000.WAV,Telephone Field,recover-20220825,002,1795
1245.3035,1245.3111,28046,39558,Eptesicus serotinus,0.007,0.02,-1,Echolocation,/mnt/ubna_data_01_mir/recover-20220825/UBNA_002/20220823_033000.WAV,Telephone Field,recover-20220825,002,1795
1245.3425,1245.3824,68437,82706,Rhinolophus ferrumequinum,0.022,0.022,-1,Echolocation,/mnt/ubna_data_01_mir/recover-20220825/UBNA_002/20220823_033000.WAV,Telephone Field,recover-20220825,002,1795
1245.3685,1245.4053,68437,81731,Rhinolophus ferrumequinum,0.02,0.02,-1,Echolocation,/mnt/ubna_data_01_mir/recover-20220825/UBNA_002/20220823_033000.WAV,Telephone Field,recover-20220825,002,1795
1245.3755,1245.4124,68437,81726,Rhinolophus ferrumequinum,0.02,0.02,-1,Echolocation,/mnt/ubna_data_01_mir/recover-20220825/UBNA_002/20220823_033000.WAV,Telephone Field,recover-20220825,002,1795
1245.3855,1245.3977,23750,29617,Nyctalus leisleri,0.013,0.03,-1,Echolocation,/mnt/ubna_data_01_mir/recover-20220825/UBNA_002/20220823_033000.WAV,Telephone Field,recover-20220825,002,1795
1245.4445,1245.4862,68437,82859,Rhinolophus ferrumequinum,0.025,0.025,-1,Echolocation,/mnt/ubna_data_01_mir/recover-20220825/UBNA_002/20220823_033000.WAV,Telephone Field,recover-20220825,002,1795
1245.4585,1245.497,68437,81360,Rhinolophus ferrumequinum,0.021,0.021,-1,Echolocation,/mnt/ubna_data_01_mir/recover-20220825/UBNA_002/20220823_033000.WAV,Telephone Field,recover-20220825,002,1795
1245.4635,1245.476,23750,30194,Nyctalus leisleri,0.011,0.03,-1,Echolocation,/mnt/ubna_data_01_mir/recover-20220825/UBNA_002/20220823_033000.WAV,Telephone Field,recover-20220825,002,1795
1245.5015,1245.5419,68437,82369,Rhinolophus ferrumequinum,0.02,0.02,-1,Echolocation,/mnt/ubna_data_01_mir/recover-20220825/UBNA_002/20220823_033000.WAV,Telephone Field,recover-20220825,002,1795
1245.5115,1245.522,26328,33509,Eptesicus serotinus,0.012,0.027,-1,Echolocation,/mnt/ubna_data_01_mir/recover-20220825/UBNA_002/20220823_033000.WAV,Telephone Field,recover-20220825,002,1795
1245.5185,1245.5532,68437,81044,Rhinolophus ferrumequinum,0.021,0.022,-1,Echolocation,/mnt/ubna_data_01_mir/recover-20220825/UBNA_002/20220823_033000.WAV,Telephone Field,recover-20220825,002,1795
1245.5405,1245.5487,28906,38076,Eptesicus serotinus,0.009,0.025,-1,Echolocation,/mnt/ubna_data_01_mir/recover-20220825/UBNA_002/20220823_033000.WAV,Telephone Field,recover-20220825,002,1795
1245.5445,1245.5857,68437,82472,Rhinolophus ferrumequinum,0.021,0.021,-1,Echolocation,/mnt/ubna_data_01_mir/recover-20220825/UBNA_002/20220823_033000.WAV,Telephone Field,recover-20220825,002,1795
1245.5505,1245.5908,68437,82303,Rhinolophus ferrumequinum,0.02,0.02,-1,Echolocation,/mnt/ubna_data_01_mir/recover-20220825/UBNA_002/20220823_033000.WAV,Telephone Field,recover-20220825,002,1795
1245.5685,1245.5762,27187,39573,Eptesicus serotinus,0.007,0.021,-1,Echolocation,/mnt/ubna_data_01_mir/recover-20220825/UBNA_002/20220823_033000.WAV,Telephone Field,recover-20220825,002,1795
1245.6085,1245.6178,46953,50522,Pipistrellus pipistrellus,0.023,0.024,-1,Echolocation,/mnt/ubna_data_01_mir/recover-20220825/UBNA_002/20220823_033000.WAV,Telephone Field,recover-20220825,002,1795
1245.6445,1245.6832,68437,82362,Rhinolophus ferrumequinum,0.025,0.025,-1,Echolocation,/mnt/ubna_data_01_mir/recover-20220825/UBNA_002/20220823_033000.WAV,Telephone Field,recover-20220825,002,1795
1245.6515,1245.6894,68437,82217,Rhinolophus ferrumequinum,0.022,0.022,-1,Echolocation,/mnt/ubna_data_01_mir/recover-20220825/UBNA_002/20220823_033000.WAV,Telephone Field,recover-20220825,002,1795
1245.6905,1245.7319,68437,83041,Rhinolophus ferrumequinum,0.023,0.023,-1,Echolocation,/mnt/ubna_data_01_mir/recover-20220825/UBNA_002/20220823_033000.WAV,Telephone Field,recover-20220825,002,1795
1245.6935,1245.7021,28906,40275,Eptesicus serotinus,0.009,0.024,-1,Echolocation,/mnt/ubna_data_01_mir/recover-20220825/UBNA_002/20220823_033000.WAV,Telephone Field,recover-20220825,002,1795
1245.7105,1245.7478,68437,82125,Rhinolophus ferrumequinum,0.022,0.022,-1,Echolocation,/mnt/ubna_data_01_mir/recover-20220825/UBNA_002/20220823_033000.WAV,Telephone Field,recover-20220825,002,1795
1245.7375,1245.7458,26328,34024,Eptesicus serotinus,0.008,0.02,-1,Echolocation,/mnt/ubna_data_01_mir/recover-20220825/UBNA_002/20220823_033000.WAV,Telephone Field,recover-20220825,002,1795
1245.7405,1245.7791,68437,81857,Rhinolophus ferrumequinum,0.022,0.022,-1,Echolocation,/mnt/ubna_data_01_mir/recover-20220825/UBNA_002/20220823_033000.WAV,Telephone Field,recover-20220825,002,1795
1245.7475,1245.7589,14296,19893,Nyctalus noctula,0.014,0.026,-1,Echolocation,/mnt/ubna_data_01_mir/recover-20220825/UBNA_002/20220823_033000.WAV,Telephone Field,recover-20220825,002,1795
1245.7595,1245.7717,22031,26547,Nyctalus leisleri,0.014,0.025,-1,Echolocation,/mnt/ubna_data_01_mir/recover-20220825/UBNA_002/20220823_033000.WAV,Telephone Field,recover-20220825,002,1795
1245.7615,1245.8023,68437,81978,Rhinolophus ferrumequinum,0.02,0.02,-1,Echolocation,/mnt/ubna_data_01_mir/recover-20220825/UBNA_002/20220823_033000.WAV,Telephone Field,recover-20220825,002,1795
1245.7715,1245.7811,22890,28457,Nyctalus leisleri,0.008,0.021,-1,Echolocation,/mnt/ubna_data_01_mir/recover-20220825/UBNA_002/20220823_033000.WAV,Telephone Field,recover-20220825,002,1795
1245.7965,1245.8063,28046,35998,Eptesicus serotinus,0.011,0.026,-1,Echolocation,/mnt/ubna_data_01_mir/recover-20220825/UBNA_002/20220823_033000.WAV,Telephone Field,recover-20220825,002,1795
1245.7975,1245.8379,68437,81738,Rhinolophus ferrumequinum,0.02,0.02,-1,Echolocation,/mnt/ubna_data_01_mir/recover-20220825/UBNA_002/20220823_033000.WAV,Telephone Field,recover-20220825,002,1795
1245.8035,1245.844,68437,82388,Rhinolophus ferrumequinum,0.02,0.02,-1,Echolocation,/mnt/ubna_data_01_mir/recover-20220825/UBNA_002/20220823_033000.WAV,Telephone Field,recover-20220825,002,1795
1245.8105,1245.8181,28046,40630,Eptesicus serotinus,0.008,0.025,-1,Echolocation,/mnt/ubna_data_01_mir/recover-20220825/UBNA_002/20220823_033000.WAV,Telephone Field,recover-20220825,002,1795
1245.8785,1245.9149,68437,81764,Rhinolophus ferrumequinum,0.021,0.021,-1,Echolocation,/mnt/ubna_data_01_mir/recover-20220825/UBNA_002/20220823_033000.WAV,Telephone Field,recover-20220825,002,1795
1245.8955,1245.9087,22890,28006,Nyctalus leisleri,0.022,0.044,-1,Echolocation,/mnt/ubna_data_01_mir/recover-20220825/UBNA_002/20220823_033000.WAV,Telephone Field,recover-20220825,002,1795
1245.9425,1245.9843,68437,82360,Rhinolophus ferrumequinum,0.022,0.022,-1,Echolocation,/mnt/ubna_data_01_mir/recover-20220825/UBNA_002/20220823_033000.WAV,Telephone Field,recover-20220825,002,1795
1246.0015,1246.0351,68437,80760,Rhinolophus ferrumequinum,0.049,0.05,-1,Echolocation,/mnt/ubna_data_01_mir/recover-20220825/UBNA_002/20220823_033000.WAV,Telephone Field,recover-20220825,002,1795
1246.0015,1246.0113,21171,26178,Nyctalus leisleri,0.01,0.024,-1,Echolocation,/mnt/ubna_data_01_mir/recover-20220825/UBNA_002/20220823_033000.WAV,Telephone Field,recover-20220825,002,1795
1246.0085,1246.0501,68437,82702,Rhinolophus ferrumequinum,0.022,0.022,-1,Echolocation,/mnt/ubna_data_01_mir/recover-20220825/UBNA_002/20220823_033000.WAV,Telephone Field,recover-20220825,002,1795
1246.0275,1246.0388,22031,26226,Nyctalus leisleri,0.011,0.022,-1,Echolocation,/mnt/ubna_data_01_mir/recover-20220825/UBNA_002/20220823_033000.WAV,Telephone Field,recover-20220825,002,1795
1246.0635,1246.0712,23750,31488,Plecotus austriacus,0.009,0.021,-1,Echolocation,/mnt/ubna_data_01_mir/recover-20220825/UBNA_002/20220823_033000.WAV,Telephone Field,recover-20220825,002,1795
1246.0775,1246.0875,28046,36440,Eptesicus serotinus,0.008,0.023,-1,Echolocation,/mnt/ubna_data_01_mir/recover-20220825/UBNA_002/20220823_033000.WAV,Telephone Field,recover-20220825,002,1795
1246.0975,1246.1351,68437,81484,Rhinolophus ferrumequinum,0.02,0.02,-1,Echolocation,/mnt/ubna_data_01_mir/recover-20220825/UBNA_002/20220823_033000.WAV,Telephone Field,recover-20220825,002,1795
1246.1445,1246.156,23750,28776,Nyctalus leisleri,0.015,0.032,-1,Echolocation,/mnt/ubna_data_01_mir/recover-20220825/UBNA_002/20220823_033000.WAV,Telephone Field,recover-20220825,002,1795
1246.1475,1246.1855,68437,82195,Rhinolophus ferrumequinum,0.02,0.02,-1,Echolocation,/mnt/ubna_data_01_mir/recover-20220825/UBNA_002/20220823_033000.WAV,Telephone Field,recover-20220825,002,1795
1246.1595,1246.1669,26328,39703,Eptesicus serotinus,0.005,0.02,-1,Echolocation,/mnt/ubna_data_01_mir/recover-20220825/UBNA_002/20220823_033000.WAV,Telephone Field,recover-20220825,002,1795
1246.1855,1246.1955,28046,35396,Eptesicus serotinus,0.009,0.023,-1,Echolocation,/mnt/ubna_data_01_mir/recover-20220825/UBNA_002/20220823_033000.WAV,Telephone Field,recover-20220825,002,1795
1246.1945,1246.2346,68437,81790,Rhinolophus ferrumequinum,0.022,0.023,-1,Echolocation,/mnt/ubna_data_01_mir/recover-20220825/UBNA_002/20220823_033000.WAV,Telephone Field,recover-20220825,002,1795
1246.2015,1246.2101,27187,38305,Eptesicus serotinus,0.008,0.021,-1,Echolocation,/mnt/ubna_data_01_mir/recover-20220825/UBNA_002/20220823_033000.WAV,Telephone Field,recover-20220825,002,1795
1246.2345,1246.2438,28046,37791,Eptesicus serotinus,0.009,0.025,-1,Echolocation,/mnt/ubna_data_01_mir/recover-20220825/UBNA_002/20220823_033000.WAV,Telephone Field,recover-20220825,002,1795
1246.2595,1246.298,68437,82897,Rhinolophus ferrumequinum,0.021,0.021,-1,Echolocation,/mnt/ubna_data_01_mir/recover-20220825/UBNA_002/20220823_033000.WAV,Telephone Field,recover-20220825,002,1795
1246.2625,1246.2727,22890,28202,Nyctalus leisleri,0.01,0.022,-1,Echolocation,/mnt/ubna_data_01_mir/recover-20220825/UBNA_002/20220823_033000.WAV,Telephone Field,recover-20220825,002,1795
1246.2975,1246.336,68437,82441,Rhinolophus ferrumequinum,0.021,0.021,-1,Echolocation,/mnt/ubna_data_01_mir/recover-20220825/UBNA_002/20220823_033000.WAV,Telephone Field,recover-20220825,002,1795
1246.3405,1246.3795,68437,82335,Rhinolophus ferrumequinum,0.023,0.023,-1,Echolocation,/mnt/ubna_data_01_mir/recover-20220825/UBNA_002/20220823_033000.WAV,Telephone Field,recover-20220825,002,1795
1246.3645,1246.4041,68437,83016,Rhinolophus ferrumequinum,0.023,0.023,-1,Echolocation,/mnt/ubna_data_01_mir/recover-20220825/UBNA_002/20220823_033000.WAV,Telephone Field,recover-20220825,002,1795
1246.3725,1246.3819,24609,31803,Nyctalus leisleri,0.007,0.021,-1,Echolocation,/mnt/ubna_data_01_mir/recover-20220825/UBNA_002/20220823_033000.WAV,Telephone Field,recover-20220825,002,1795
1246.3775,1246.4196,68437,82615,Rhinolophus ferrumequinum,0.02,0.02,-1,Echolocation,/mnt/ubna_data_01_mir/recover-20220825/UBNA_002/20220823_033000.WAV,Telephone Field,recover-20220825,002,1795
1246.4415,1246.4487,31484,43961,Myotis daubentonii,0.008,0.025,-1,Echolocation,/mnt/ubna_data_01_mir/recover-20220825/UBNA_002/20220823_033000.WAV,Telephone Field,recover-20220825,002,1795
1246.4715,1246.5138,68437,83239,Rhinolophus ferrumequinum,0.024,0.024,-1,Echolocation,/mnt/ubna_data_01_mir/recover-20220825/UBNA_002/20220823_033000.WAV,Telephone Field,recover-20220825,002,1795
1246.5005,1246.5105,52109,57456,Pipistrellus pipistrellus,0.027,0.036,-1,Echolocation,/mnt/ubna_data_01_mir/recover-20220825/UBNA_002/20220823_033000.WAV,Telephone Field,recover-20220825,002,1795
1246.5045,1246.5141,27187,35272,Eptesicus serotinus,0.007,0.02,-1,Echolocation,/mnt/ubna_data_01_mir/recover-20220825/UBNA_002/20220823_033000.WAV,Telephone Field,recover-20220825,002,1795
1246.5195,1246.5564,68437,81618,Rhinolophus ferrumequinum,0.02,0.02,-1,Echolocation,/mnt/ubna_data_01_mir/recover-20220825/UBNA_002/20220823_033000.WAV,Telephone Field,recover-20220825,002,1795
1246.5275,1246.5351,28046,40497,Eptesicus serotinus,0.006,0.021,-1,Echolocation,/mnt/ubna_data_01_mir/recover-20220825/UBNA_002/20220823_033000.WAV,Telephone Field,recover-20220825,002,1795
1246.5455,1246.5827,68437,81783,Rhinolophus ferrumequinum,0.02,0.02,-1,Echolocation,/mnt/ubna_data_01_mir/recover-20220825/UBNA_002/20220823_033000.WAV,Telephone Field,recover-20220825,002,1795
1246.5505,1246.5872,68437,81534,Rhinolophus ferrumequinum,0.02,0.02,-1,Echolocation,/mnt/ubna_data_01_mir/recover-20220825/UBNA_002/20220823_033000.WAV,Telephone Field,recover-20220825,002,1795
1246.5715,1246.6081,68437,81348,Rhinolophus ferrumequinum,0.02,0.02,-1,Echolocation,/mnt/ubna_data_01_mir/recover-20220825/UBNA_002/20220823_033000.WAV,Telephone Field,recover-20220825,002,1795
1246.5735,1246.5929,21171,24211,Nyctalus leisleri,0.037,0.069,-1,Echolocation,/mnt/ubna_data_01_mir/recover-20220825/UBNA_002/20220823_033000.WAV,Telephone Field,recover-20220825,002,1795
1246.5895,1246.6287,68437,83009,Rhinolophus ferrumequinum,0.022,0.022,-1,Echolocation,/mnt/ubna_data_01_mir/recover-20220825/UBNA_002/20220823_033000.WAV,Telephone Field,recover-20220825,002,1795
1246.6285,1246.6364,27187,40115,Eptesicus serotinus,0.006,0.021,-1,Echolocation,/mnt/ubna_data_01_mir/recover-20220825/UBNA_002/20220823_033000.WAV,Telephone Field,recover-20220825,002,1795
1246.6485,1246.6583,23750,30051,Nyctalus leisleri,0.008,0.021,-1,Echolocation,/mnt/ubna_data_01_mir/recover-20220825/UBNA_002/20220823_033000.WAV,Telephone Field,recover-20220825,002,1795
1246.6555,1246.6923,68437,81004,Rhinolophus ferrumequinum,0.021,0.021,-1,Echolocation,/mnt/ubna_data_01_mir/recover-20220825/UBNA_002/20220823_033000.WAV,Telephone Field,recover-20220825,002,1795
1246.6575,1246.6669,24609,31888,Nyctalus leisleri,0.006,0.019,-1,Echolocation,/mnt/ubna_data_01_mir/recover-20220825/UBNA_002/20220823_033000.WAV,Telephone Field,recover-20220825,002,1795
1246.6695,1246.707,68437,81730,Rhinolophus ferrumequinum,0.022,0.022,-1,Echolocation,/mnt/ubna_data_01_mir/recover-20220825/UBNA_002/20220823_033000.WAV,Telephone Field,recover-20220825,002,1795
1246.6925,1246.7322,68437,82608,Rhinolophus ferrumequinum,0.022,0.022,-1,Echolocation,/mnt/ubna_data_01_mir/recover-20220825/UBNA_002/20220823_033000.WAV,Telephone Field,recover-20220825,002,1795
1246.7115,1246.75,68437,81719,Rhinolophus ferrumequinum,0.02,0.02,-1,Echolocation,/mnt/ubna_data_01_mir/recover-20220825/UBNA_002/20220823_033000.WAV,Telephone Field,recover-20220825,002,1795
1246.7205,1246.7592,68437,82077,Rhinolophus ferrumequinum,0.021,0.021,-1,Echolocation,/mnt/ubna_data_01_mir/recover-20220825/UBNA_002/20220823_033000.WAV,Telephone Field,recover-20220825,002,1795
1246.7235,1246.732,47812,53633,Pipistrellus pipistrellus,0.02,0.022,-1,Echolocation,/mnt/ubna_data_01_mir/recover-20220825/UBNA_002/20220823_033000.WAV,Telephone Field,recover-20220825,002,1795
1246.7485,1246.7559,28046,37109,Eptesicus serotinus,0.006,0.02,-1,Echolocation,/mnt/ubna_data_01_mir/recover-20220825/UBNA_002/20220823_033000.WAV,Telephone Field,recover-20220825,002,1795
1246.7585,1246.7954,68437,81463,Rhinolophus ferrumequinum,0.021,0.021,-1,Echolocation,/mnt/ubna_data_01_mir/recover-20220825/UBNA_002/20220823_033000.WAV,Telephone Field,recover-20220825,002,1795
1246.7765,1246.7875,28906,36798,Eptesicus serotinus,0.015,0.034,-1,Echolocation,/mnt/ubna_data_01_mir/recover-20220825/UBNA_002/20220823_033000.WAV,Telephone Field,recover-20220825,002,1795
1246.7795,1246.8147,68437,81903,Rhinolophus ferrumequinum,0.021,0.021,-1,Echolocation,/mnt/ubna_data_01_mir/recover-20220825/UBNA_002/20220823_033000.WAV,Telephone Field,recover-20220825,002,1795
1246.7835,1246.7945,24609,30364,Nyctalus leisleri,0.012,0.027,-1,Echolocation,/mnt/ubna_data_01_mir/recover-20220825/UBNA_002/20220823_033000.WAV,Telephone Field,recover-20220825,002,1795
1246.7915,1246.8299,68437,81557,Rhinolophus ferrumequinum,0.02,0.02,-1,Echolocation,/mnt/ubna_data_01_mir/recover-20220825/UBNA_002/20220823_033000.WAV,Telephone Field,recover-20220825,002,1795
1246.7965,1246.8355,68437,82314,Rhinolophus ferrumequinum,0.021,0.021,-1,Echolocation,/mnt/ubna_data_01_mir/recover-20220825/UBNA_002/20220823_033000.WAV,Telephone Field,recover-20220825,002,1795
1246.8125,1246.8222,22890,28548,Nyctalus leisleri,0.009,0.02,-1,Echolocation,/mnt/ubna_data_01_mir/recover-20220825/UBNA_002/20220823_033000.WAV,Telephone Field,recover-20220825,002,1795
1246.8515,1246.8871,68437,81144,Rhinolophus ferrumequinum,0.027,0.027,-1,Echolocation,/mnt/ubna_data_01_mir/recover-20220825/UBNA_002/20220823_033000.WAV,Telephone Field,recover-20220825,002,1795
1246.8775,1246.9131,68437,80989,Rhinolophus ferrumequinum,0.021,0.021,-1,Echolocation,/mnt/ubna_data_01_mir/recover-20220825/UBNA_002/20220823_033000.WAV,Telephone Field,recover-20220825,002,1795
1246.8855,1246.9043,16875,20695,Nyctalus noctula,0.016,0.026,-1,Echolocation,/mnt/ubna_data_01_mir/recover-20220825/UBNA_002/20220823_033000.WAV,Telephone Field,recover-20220825,002,1795
1246.8995,1246.9388,68437,82102,Rhinolophus ferrumequinum,0.022,0.022,-1,Echolocation,/mnt/ubna_data_01_mir/recover-20220825/UBNA_002/20220823_033000.WAV,Telephone Field,recover-20220825,002,1795
1246.9175,1246.9261,28906,38648,Eptesicus serotinus,0.008,0.022,-1,Echolocation,/mnt/ubna_data_01_mir/recover-20220825/UBNA_002/20220823_033000.WAV,Telephone Field,recover-20220825,002,1795
1246.9505,1246.9896,68437,82669,Rhinolophus ferrumequinum,0.022,0.022,-1,Echolocation,/mnt/ubna_data_01_mir/recover-20220825/UBNA_002/20220823_033000.WAV,Telephone Field,recover-20220825,002,1795
1246.9585,1246.9967,68437,82148,Rhinolophus ferrumequinum,0.021,0.021,-1,Echolocation,/mnt/ubna_data_01_mir/recover-20220825/UBNA_002/20220823_033000.WAV,Telephone Field,recover-20220825,002,1795
1246.9695,1247.0107,68437,82610,Rhinolophus ferrumequinum,0.022,0.022,-1,Echolocation,/mnt/ubna_data_01_mir/recover-20220825/UBNA_002/20220823_033000.WAV,Telephone Field,recover-20220825,002,1795
1246.9875,1247.0251,68437,81939,Rhinolophus ferrumequinum,0.02,0.02,-1,Echolocation,/mnt/ubna_data_01_mir/recover-20220825/UBNA_002/20220823_033000.WAV,Telephone Field,recover-20220825,002,1795
1246.9875,1246.995,24609,33494,Plecotus austriacus,0.007,0.022,-1,Echolocation,/mnt/ubna_data_01_mir/recover-20220825/UBNA_002/20220823_033000.WAV,Telephone Field,recover-20220825,002,1795
1247.0025,1247.0435,68437,82552,Rhinolophus ferrumequinum,0.021,0.021,-1,Echolocation,/mnt/ubna_data_01_mir/recover-20220825/UBNA_002/20220823_033000.WAV,Telephone Field,recover-20220825,002,1795
1247.0455,1247.0825,68437,81800,Rhinolophus ferrumequinum,0.022,0.022,-1,Echolocation,/mnt/ubna_data_01_mir/recover-20220825/UBNA_002/20220823_033000.WAV,Telephone Field,recover-20220825,002,1795
1247.0505,1247.0592,42656,52494,Pipistrellus pipistrellus,0.008,0.024,-1,Echolocation,/mnt/ubna_data_01_mir/recover-20220825/UBNA_002/20220823_033000.WAV,Telephone Field,recover-20220825,002,1795
1247.0515,1247.0581,36640,58103,Myotis brandtii,0.007,0.024,-1,Echolocation,/mnt/ubna_data_01_mir/recover-20220825/UBNA_002/20220823_033000.WAV,Telephone Field,recover-20220825,002,1795
1247.0575,1247.0658,28046,38788,Eptesicus serotinus,0.007,0.02,-1,Echolocation,/mnt/ubna_data_01_mir/recover-20220825/UBNA_002/20220823_033000.WAV,Telephone Field,recover-20220825,002,1795
1247.0795,1247.0876,27187,37067,Eptesicus serotinus,0.007,0.022,-1,Echolocation,/mnt/ubna_data_01_mir/recover-20220825/UBNA_002/20220823_033000.WAV,Telephone Field,recover-20220825,002,1795
1247.1125,1247.1495,68437,82098,Rhinolophus ferrumequinum,0.019,0.02,-1,Echolocation,/mnt/ubna_data_01_mir/recover-20220825/UBNA_002/20220823_033000.WAV,Telephone Field,recover-20220825,002,1795
1247.1185,1247.1557,68437,82144,Rhinolophus ferrumequinum,0.02,0.02,-1,Echolocation,/mnt/ubna_data_01_mir/recover-20220825/UBNA_002/20220823_033000.WAV,Telephone Field,recover-20220825,002,1795
1247.1195,1247.1292,28046,36115,Eptesicus serotinus,0.009,0.021,-1,Echolocation,/mnt/ubna_data_01_mir/recover-20220825/UBNA_002/20220823_033000.WAV,Telephone Field,recover-20220825,002,1795
1247.1365,1247.1788,68437,83343,Rhinolophus ferrumequinum,0.031,0.031,-1,Echolocation,/mnt/ubna_data_01_mir/recover-20220825/UBNA_002/20220823_033000.WAV,Telephone Field,recover-20220825,002,1795
1247.1515,1247.1891,68437,82358,Rhinolophus ferrumequinum,0.019,0.02,-1,Echolocation,/mnt/ubna_data_01_mir/recover-20220825/UBNA_002/20220823_033000.WAV,Telephone Field,recover-20220825,002,1795
1247.1825,1247.1911,28046,37617,Eptesicus serotinus,0.009,0.025,-1,Echolocation,/mnt/ubna_data_01_mir/recover-20220825/UBNA_002/20220823_033000.WAV,Telephone Field,recover-20220825,002,1795
1247.1965,1247.2343,68437,82078,Rhinolophus ferrumequinum,0.028,0.028,-1,Echolocation,/mnt/ubna_data_01_mir/recover-20220825/UBNA_002/20220823_033000.WAV,Telephone Field,recover-20220825,002,1795
1247.2045,1247.2132,27187,42415,Eptesicus serotinus,0.008,0.021,-1,Echolocation,/mnt/ubna_data_01_mir/recover-20220825/UBNA_002/20220823_033000.WAV,Telephone Field,recover-20220825,002,1795
1247.2305,1247.2668,68437,81491,Rhinolophus ferrumequinum,0.021,0.021,-1,Echolocation,/mnt/ubna_data_01_mir/recover-20220825/UBNA_002/20220823_033000.WAV,Telephone Field,recover-20220825,002,1795
1247.2595,1247.2697,22031,26740,Nyctalus leisleri,0.01,0.022,-1,Echolocation,/mnt/ubna_data_01_mir/recover-20220825/UBNA_002/20220823_033000.WAV,Telephone Field,recover-20220825,002,1795
1247.2875,1247.3251,68437,82147,Rhinolophus ferrumequinum,0.021,0.021,-1,Echolocation,/mnt/ubna_data_01_mir/recover-20220825/UBNA_002/20220823_033000.WAV,Telephone Field,recover-20220825,002,1795
1247.3105,1247.3494,68437,82109,Rhinolophus ferrumequinum,0.02,0.02,-1,Echolocation,/mnt/ubna_data_01_mir/recover-20220825/UBNA_002/20220823_033000.WAV,Telephone Field,recover-20220825,002,1795
1247.3135,1247.321,28046,38766,Eptesicus serotinus,0.005,0.02,-1,Echolocation,/mnt/ubna_data_01_mir/recover-20220825/UBNA_002/20220823_033000.WAV,Telephone Field,recover-20220825,002,1795
1247.3415,1247.3833,68437,83060,Rhinolophus ferrumequinum,0.025,0.025,-1,Echolocation,/mnt/ubna_data_01_mir/recover-20220825/UBNA_002/20220823_033000.WAV,Telephone Field,recover-20220825,002,1795
1247.4035,1247.4391,68437,81698,Rhinolophus ferrumequinum,0.021,0.021,-1,Echolocation,/mnt/ubna_data_01_mir/recover-20220825/UBNA_002/20220823_033000.WAV,Telephone Field,recover-20220825,002,1795
1247.4255,1247.4361,22890,28099,Nyctalus leisleri,0.01,0.021,-1,Echolocation,/mnt/ubna_data_01_mir/recover-20220825/UBNA_002/20220823_033000.WAV,Telephone Field,recover-20220825,002,1795
1247.4405,1247.477,68437,81240,Rhinolophus ferrumequinum,0.023,0.023,-1,Echolocation,/mnt/ubna_data_01_mir/recover-20220825/UBNA_002/20220823_033000.WAV,Telephone Field,recover-20220825,002,1795
1247.4515,1247.46,28046,39022,Eptesicus serotinus,0.008,0.021,-1,Echolocation,/mnt/ubna_data_01_mir/recover-20220825/UBNA_002/20220823_033000.WAV,Telephone Field,recover-20220825,002,1795
1247.5085,1247.5171,28046,36594,Eptesicus serotinus,0.007,0.022,-1,Echolocation,/mnt/ubna_data_01_mir/recover-20220825/UBNA_002/20220823_033000.WAV,Telephone Field,recover-20220825,002,1795
1247.5175,1247.5279,24609,30276,Nyctalus leisleri,0.008,0.022,-1,Echolocation,/mnt/ubna_data_01_mir/recover-20220825/UBNA_002/20220823_033000.WAV,Telephone Field,recover-20220825,002,1795
1247.5445,1247.5838,68437,82518,Rhinolophus ferrumequinum,0.024,0.024,-1,Echolocation,/mnt/ubna_data_01_mir/recover-20220825/UBNA_002/20220823_033000.WAV,Telephone Field,recover-20220825,002,1795
1247.5925,1247.6334,68437,82058,Rhinolophus ferrumequinum,0.021,0.021,-1,Echolocation,/mnt/ubna_data_01_mir/recover-20220825/UBNA_002/20220823_033000.WAV,Telephone Field,recover-20220825,002,1795
1247.6005,1247.6092,30625,37523,Eptesicus serotinus,0.015,0.039,-1,Echolocation,/mnt/ubna_data_01_mir/recover-20220825/UBNA_002/20220823_033000.WAV,Telephone Field,recover-20220825,002,1795
1247.6115,1247.6516,68437,82287,Rhinolophus ferrumequinum,0.021,0.021,-1,Echolocation,/mnt/ubna_data_01_mir/recover-20220825/UBNA_002/20220823_033000.WAV,Telephone Field,recover-20220825,002,1795
1247.6285,1247.6465,20312,23017,Nyctalus leisleri,0.014,0.022,-1,Echolocation,/mnt/ubna_data_01_mir/recover-20220825/UBNA_002/20220823_033000.WAV,Telephone Field,recover-20220825,002,1795
1247.6595,1247.6674,28046,38064,Eptesicus serotinus,0.006,0.02,-1,Echolocation,/mnt/ubna_data_01_mir/recover-20220825/UBNA_002/20220823_033000.WAV,Telephone Field,recover-20220825,002,1795
1247.6605,1247.696,68437,82070,Rhinolophus ferrumequinum,0.025,0.025,-1,Echolocation,/mnt/ubna_data_01_mir/recover-20220825/UBNA_002/20220823_033000.WAV,Telephone Field,recover-20220825,002,1795
1247.6615,1247.6712,22031,27802,Plecotus austriacus,0.009,0.025,-1,Echolocation,/mnt/ubna_data_01_mir/recover-20220825/UBNA_002/20220823_033000.WAV,Telephone Field,recover-20220825,002,1795
1247.6705,1247.6785,27187,37062,Eptesicus serotinus,0.005,0.02,-1,Echolocation,/mnt/ubna_data_01_mir/recover-20220825/UBNA_002/20220823_033000.WAV,Telephone Field,recover-20220825,002,1795
1247.6975,1247.7399,68437,82734,Rhinolophus ferrumequinum,0.025,0.025,-1,Echolocation,/mnt/ubna_data_01_mir/recover-20220825/UBNA_002/20220823_033000.WAV,Telephone Field,recover-20220825,002,1795
1247.7105,1247.751,68437,82651,Rhinolophus ferrumequinum,0.02,0.02,-1,Echolocation,/mnt/ubna_data_01_mir/recover-20220825/UBNA_002/20220823_033000.WAV,Telephone Field,recover-20220825,002,1795
1247.7645,1247.7998,68437,81085,Rhinolophus ferrumequinum,0.022,0.022,-1,Echolocation,/mnt/ubna_data_01_mir/recover-20220825/UBNA_002/20220823_033000.WAV,Telephone Field,recover-20220825,002,1795
1247.7695,1247.7769,46093,55660,Pipistrellus pipistrellus,0.016,0.021,-1,Echolocation,/mnt/ubna_data_01_mir/recover-20220825/UBNA_002/20220823_033000.WAV,Telephone Field,recover-20220825,002,1795
1247.7735,1247.7806,24609,37501,Plecotus austriacus,0.006,0.02,-1,Echolocation,/mnt/ubna_data_01_mir/recover-20220825/UBNA_002/20220823_033000.WAV,Telephone Field,recover-20220825,002,1795
1247.8085,1247.8301,22031,25494,Nyctalus leisleri,0.117,0.182,-1,Echolocation,/mnt/ubna_data_01_mir/recover-20220825/UBNA_002/20220823_033000.WAV,Telephone Field,recover-20220825,002,1795
1247.8435,1247.886,68437,82330,Rhinolophus ferrumequinum,0.024,0.024,-1,Echolocation,/mnt/ubna_data_01_mir/recover-20220825/UBNA_002/20220823_033000.WAV,Telephone Field,recover-20220825,002,1795
1247.8515,1247.8934,68437,82743,Rhinolophus ferrumequinum,0.023,0.023,-1,Echolocation,/mnt/ubna_data_01_mir/recover-20220825/UBNA_002/20220823_033000.WAV,Telephone Field,recover-20220825,002,1795
1247.8865,1247.9228,68437,81461,Rhinolophus ferrumequinum,0.02,0.02,-1,Echolocation,/mnt/ubna_data_01_mir/recover-20220825/UBNA_002/20220823_033000.WAV,Telephone Field,recover-20220825,002,1795
1247.9185,1247.9293,22890,28336,Nyctalus leisleri,0.01,0.022,-1,Echolocation,/mnt/ubna_data_01_mir/recover-20220825/UBNA_002/20220823_033000.WAV,Telephone Field,recover-20220825,002,1795
1247.9195,1247.9597,68437,82166,Rhinolophus ferrumequinum,0.022,0.022,-1,Echolocation,/mnt/ubna_data_01_mir/recover-20220825/UBNA_002/20220823_033000.WAV,Telephone Field,recover-20220825,002,1795
1247.9435,1247.9534,25468,31965,Nyctalus leisleri,0.01,0.029,-1,Echolocation,/mnt/ubna_data_01_mir/recover-20220825/UBNA_002/20220823_033000.WAV,Telephone Field,recover-20220825,002,1795
1247.9465,1247.9852,68437,82836,Rhinolophus ferrumequinum,0.028,0.028,-1,Echolocation,/mnt/ubna_data_01_mir/recover-20220825/UBNA_002/20220823_033000.WAV,Telephone Field,recover-20220825,002,1795
1247.9675,1247.9765,50390,58199,Pipistrellus pipistrellus,0.015,0.021,-1,Echolocation,/mnt/ubna_data_01_mir/recover-20220825/UBNA_002/20220823_033000.WAV,Telephone Field,recover-20220825,002,1795
1248.0015,1248.0361,68437,80645,Rhinolophus ferrumequinum,0.052,0.052,-1,Echolocation,/mnt/ubna_data_01_mir/recover-20220825/UBNA_002/20220823_033000.WAV,Telephone Field,recover-20220825,002,1795
1248.0015,1248.0106,29765,38380,Eptesicus serotinus,0.007,0.024,-1,Echolocation,/mnt/ubna_data_01_mir/recover-20220825/UBNA_002/20220823_033000.WAV,Telephone Field,recover-20220825,002,1795
1248.0015,1248.0109,22031,27576,Nyctalus leisleri,0.012,0.026,-1,Echolocation,/mnt/ubna_data_01_mir/recover-20220825/UBNA_002/20220823_033000.WAV,Telephone Field,recover-20220825,002,1795
1248.0095,1248.0513,68437,82688,Rhinolophus ferrumequinum,0.025,0.025,-1,Echolocation,/mnt/ubna_data_01_mir/recover-20220825/UBNA_002/20220823_033000.WAV,Telephone Field,recover-20220825,002,1795
1248.0155,1248.0537,68437,82434,Rhinolophus ferrumequinum,0.025,0.025,-1,Echolocation,/mnt/ubna_data_01_mir/recover-20220825/UBNA_002/20220823_033000.WAV,Telephone Field,recover-20220825,002,1795
1248.0275,1248.0663,68437,81956,Rhinolophus ferrumequinum,0.022,0.022,-1,Echolocation,/mnt/ubna_data_01_mir/recover-20220825/UBNA_002/20220823_033000.WAV,Telephone Field,recover-20220825,002,1795
1248.0445,1248.0537,24609,31945,Eptesicus serotinus,0.007,0.022,-1,Echolocation,/mnt/ubna_data_01_mir/recover-20220825/UBNA_002/20220823_033000.WAV,Telephone Field,recover-20220825,002,1795
1248.0465,1248.0852,68437,82542,Rhinolophus ferrumequinum,0.025,0.025,-1,Echolocation,/mnt/ubna_data_01_mir/recover-20220825/UBNA_002/20220823_033000.WAV,Telephone Field,recover-20220825,002,1795
1248.0605,1248.1008,68437,82311,Rhinolophus ferrumequinum,0.024,0.024,-1,Echolocation,/mnt/ubna_data_01_mir/recover-20220825/UBNA_002/20220823_033000.WAV,Telephone Field,recover-20220825,002,1795
1248.0645,1248.0715,47812,54278,Pipistrellus pipistrellus,0.037,0.04,-1,Echolocation,/mnt/ubna_data_01_mir/recover-20220825/UBNA_002/20220823_033000.WAV,Telephone Field,recover-20220825,002,1795
1248.0795,1248.0892,28046,38276,Eptesicus serotinus,0.012,0.026,-1,Echolocation,/mnt/ubna_data_01_mir/recover-20220825/UBNA_002/20220823_033000.WAV,Telephone Field,recover-20220825,002,1795
1248.1185,1248.1263,27187,39695,Eptesicus serotinus,0.008,0.024,-1,Echolocation,/mnt/ubna_data_01_mir/recover-20220825/UBNA_002/20220823_033000.WAV,Telephone Field,recover-20220825,002,1795
1248.1315,1248.1706,68437,82484,Rhinolophus ferrumequinum,0.024,0.024,-1,Echolocation,/mnt/ubna_data_01_mir/recover-20220825/UBNA_002/20220823_033000.WAV,Telephone Field,recover-20220825,002,1795
1248.1545,1248.194,68437,82174,Rhinolophus ferrumequinum,0.023,0.023,-1,Echolocation,/mnt/ubna_data_01_mir/recover-20220825/UBNA_002/20220823_033000.WAV,Telephone Field,recover-20220825,002,1795
1248.1945,1248.2338,68437,82079,Rhinolophus ferrumequinum,0.026,0.026,-1,Echolocation,/mnt/ubna_data_01_mir/recover-20220825/UBNA_002/20220823_033000.WAV,Telephone Field,recover-20220825,002,1795
1248.1995,1248.21,23750,30110,Nyctalus leisleri,0.009,0.023,-1,Echolocation,/mnt/ubna_data_01_mir/recover-20220825/UBNA_002/20220823_033000.WAV,Telephone Field,recover-20220825,002,1795
1248.2045,1248.24,68437,82224,Rhinolophus ferrumequinum,0.024,0.024,-1,Echolocation,/mnt/ubna_data_01_mir/recover-20220825/UBNA_002/20220823_033000.WAV,Telephone Field,recover-20220825,002,1795
1248.2305,1248.2383,28046,39349,Eptesicus serotinus,0.007,0.022,-1,Echolocation,/mnt/ubna_data_01_mir/recover-20220825/UBNA_002/20220823_033000.WAV,Telephone Field,recover-20220825,002,1795
1248.2465,1248.2843,68437,82173,Rhinolophus ferrumequinum,0.023,0.023,-1,Echolocation,/mnt/ubna_data_01_mir/recover-20220825/UBNA_002/20220823_033000.WAV,Telephone Field,recover-20220825,002,1795
1248.2605,1248.3008,68437,82663,Rhinolophus ferrumequinum,0.026,0.026,-1,Echolocation,/mnt/ubna_data_01_mir/recover-20220825/UBNA_002/20220823_033000.WAV,Telephone Field,recover-20220825,002,1795
1248.3045,1248.3447,68437,81537,Rhinolophus ferrumequinum,0.022,0.022,-1,Echolocation,/mnt/ubna_data_01_mir/recover-20220825/UBNA_002/20220823_033000.WAV,Telephone Field,recover-20220825,002,1795
1248.3125,1248.3483,68437,81062,Rhinolophus ferrumequinum,0.022,0.022,-1,Echolocation,/mnt/ubna_data_01_mir/recover-20220825/UBNA_002/20220823_033000.WAV,Telephone Field,recover-20220825,002,1795
1248.3265,1248.3639,68437,82203,Rhinolophus ferrumequinum,0.022,0.022,-1,Echolocation,/mnt/ubna_data_01_mir/recover-20220825/UBNA_002/20220823_033000.WAV,Telephone Field,recover-20220825,002,1795
1248.3425,1248.3786,68437,81848,Rhinolophus ferrumequinum,0.022,0.022,-1,Echolocation,/mnt/ubna_data_01_mir/recover-20220825/UBNA_002/20220823_033000.WAV,Telephone Field,recover-20220825,002,1795
1248.3575,1248.3969,68437,82258,Rhinolophus ferrumequinum,0.021,0.021,-1,Echolocation,/mnt/ubna_data_01_mir/recover-20220825/UBNA_002/20220823_033000.WAV,Telephone Field,recover-20220825,002,1795
1248.3745,1248.3816,29765,39781,Myotis daubentonii,0.01,0.027,-1,Echolocation,/mnt/ubna_data_01_mir/recover-20220825/UBNA_002/20220823_033000.WAV,Telephone Field,recover-20220825,002,1795
1248.3815,1248.4213,68437,82513,Rhinolophus ferrumequinum,0.024,0.024,-1,Echolocation,/mnt/ubna_data_01_mir/recover-20220825/UBNA_002/20220823_033000.WAV,Telephone Field,recover-20220825,002,1795
1248.3905,1248.429,68437,81762,Rhinolophus ferrumequinum,0.022,0.022,-1,Echolocation,/mnt/ubna_data_01_mir/recover-20220825/UBNA_002/20220823_033000.WAV,Telephone Field,recover-20220825,002,1795
1248.4185,1248.4548,68437,81558,Rhinolophus ferrumequinum,0.024,0.025,-1,Echolocation,/mnt/ubna_data_01_mir/recover-20220825/UBNA_002/20220823_033000.WAV,Telephone Field,recover-20220825,002,1795
1248.4185,1248.4258,47812,53493,Pipistrellus pipistrellus,0.021,0.022,-1,Echolocation,/mnt/ubna_data_01_mir/recover-20220825/UBNA_002/20220823_033000.WAV,Telephone Field,recover-20220825,002,1795
1248.4455,1248.4613,54687,59260,Pipistrellus pygmaeus,0.035,0.039,-1,Echolocation,/mnt/ubna_data_01_mir/recover-20220825/UBNA_002/20220823_033000.WAV,Telephone Field,recover-20220825,002,1795
1248.4735,1248.4839,22890,28231,Nyctalus leisleri,0.01,0.022,-1,Echolocation,/mnt/ubna_data_01_mir/recover-20220825/UBNA_002/20220823_033000.WAV,Telephone Field,recover-20220825,002,1795
1248.4865,1248.5202,68437,80794,Rhinolophus ferrumequinum,0.022,0.022,-1,Echolocation,/mnt/ubna_data_01_mir/recover-20220825/UBNA_002/20220823_033000.WAV,Telephone Field,recover-20220825,002,1795
1248.4955,1248.5324,68437,81832,Rhinolophus ferrumequinum,0.023,0.023,-1,Echolocation,/mnt/ubna_data_01_mir/recover-20220825/UBNA_002/20220823_033000.WAV,Telephone Field,recover-20220825,002,1795
1248.5035,1248.5456,68437,83169,Rhinolophus ferrumequinum,0.031,0.031,-1,Echolocation,/mnt/ubna_data_01_mir/recover-20220825/UBNA_002/20220823_033000.WAV,Telephone Field,recover-20220825,002,1795
1248.5535,1248.5954,68437,82635,Rhinolophus ferrumequinum,0.064,0.064,-1,Echolocation,/mnt/ubna_data_01_mir/recover-20220825/UBNA_002/20220823_033000.WAV,Telephone Field,recover-20220825,002,1795
1248.5785,1248.614,68437,81002,Rhinolophus ferrumequinum,0.023,0.023,-1,Echolocation,/mnt/ubna_data_01_mir/recover-20220825/UBNA_002/20220823_033000.WAV,Telephone Field,recover-20220825,002,1795
1248.5825,1248.5875,37500,51850,Myotis daubentonii,0.007,0.026,-1,Echolocation,/mnt/ubna_data_01_mir/recover-20220825/UBNA_002/20220823_033000.WAV,Telephone Field,recover-20220825,002,1795
1248.5835,1248.5902,24609,40965,Myotis nattereri,0.011,0.028,-1,Echolocation,/mnt/ubna_data_01_mir/recover-20220825/UBNA_002/20220823_033000.WAV,Telephone Field,recover-20220825,002,1795
1248.6105,1248.6211,22031,26440,Nyctalus leisleri,0.011,0.021,-1,Echolocation,/mnt/ubna_data_01_mir/recover-20220825/UBNA_002/20220823_033000.WAV,Telephone Field,recover-20220825,002,1795
1248.6465,1248.685,68437,82186,Rhinolophus ferrumequinum,0.021,0.021,-1,Echolocation,/mnt/ubna_data_01_mir/recover-20220825/UBNA_002/20220823_033000.WAV,Telephone Field,recover-20220825,002,1795
1248.7165,1248.7559,68437,82417,Rhinolophus ferrumequinum,0.024,0.024,-1,Echolocation,/mnt/ubna_data_01_mir/recover-20220825/UBNA_002/20220823_033000.WAV,Telephone Field,recover-20220825,002,1795
1248.7385,1248.75,22890,27564,Nyctalus leisleri,0.012,0.022,-1,Echolocation,/mnt/ubna_data_01_mir/recover-20220825/UBNA_002/20220823_033000.WAV,Telephone Field,recover-20220825,002,1795
1248.7405,1248.7795,68437,81681,Rhinolophus ferrumequinum,0.033,0.033,-1,Echolocation,/mnt/ubna_data_01_mir/recover-20220825/UBNA_002/20220823_033000.WAV,Telephone Field,recover-20220825,002,1795
1248.7715,1248.8125,68437,82682,Rhinolophus ferrumequinum,0.026,0.026,-1,Echolocation,/mnt/ubna_data_01_mir/recover-20220825/UBNA_002/20220823_033000.WAV,Telephone Field,recover-20220825,002,1795
1248.7795,1248.8162,68437,82461,Rhinolophus ferrumequinum,0.023,0.023,-1,Echolocation,/mnt/ubna_data_01_mir/recover-20220825/UBNA_002/20220823_033000.WAV,Telephone Field,recover-20220825,002,1795
1248.7905,1248.8003,28046,36773,Eptesicus serotinus,0.01,0.023,-1,Echolocation,/mnt/ubna_data_01_mir/recover-20220825/UBNA_002/20220823_033000.WAV,Telephone Field,recover-20220825,002,1795
1248.8015,1248.8415,68437,82386,Rhinolophus ferrumequinum,0.023,0.023,-1,Echolocation,/mnt/ubna_data_01_mir/recover-20220825/UBNA_002/20220823_033000.WAV,Telephone Field,recover-20220825,002,1795
1248.8105,1248.8469,68437,81644,Rhinolophus ferrumequinum,0.024,0.024,-1,Echolocation,/mnt/ubna_data_01_mir/recover-20220825/UBNA_002/20220823_033000.WAV,Telephone Field,recover-20220825,002,1795
1248.8725,1248.8829,22890,28551,Nyctalus leisleri,0.01,0.023,-1,Echolocation,/mnt/ubna_data_01_mir/recover-20220825/UBNA_002/20220823_033000.WAV,Telephone Field,recover-20220825,002,1795
1248.8865,1248.8968,33203,41512,Barbastellus barbastellus,0.01,0.04,-1,Echolocation,/mnt/ubna_data_01_mir/recover-20220825/UBNA_002/20220823_033000.WAV,Telephone Field,recover-20220825,002,1795
1248.8895,1248.9283,68437,82044,Rhinolophus ferrumequinum,0.032,0.032,-1,Echolocation,/mnt/ubna_data_01_mir/recover-20220825/UBNA_002/20220823_033000.WAV,Telephone Field,recover-20220825,002,1795
1248.9445,1248.9829,68437,82336,Rhinolophus ferrumequinum,0.023,0.023,-1,Echolocation,/mnt/ubna_data_01_mir/recover-20220825/UBNA_002/20220823_033000.WAV,Telephone Field,recover-20220825,002,1795
1248.9515,1248.9926,68437,82872,Rhinolophus ferrumequinum,0.023,0.023,-1,Echolocation,/mnt/ubna_data_01_mir/recover-20220825/UBNA_002/20220823_033000.WAV,Telephone Field,recover-20220825,002,1795
1248.9545,1248.9654,28046,35606,Eptesicus serotinus,0.011,0.023,-1,Echolocation,/mnt/ubna_data_01_mir/recover-20220825/UBNA_002/20220823_033000.WAV,Telephone Field,recover-20220825,002,1795
1248.9845,1249.0247,68437,82371,Rhinolophus ferrumequinum,0.023,0.023,-1,Echolocation,/mnt/ubna_data_01_mir/recover-20220825/UBNA_002/20220823_033000.WAV,Telephone Field,recover-20220825,002,1795
1248.9875,1249.004,28906,33515,Eptesicus serotinus,0.036,0.069,-1,Echolocation,/mnt/ubna_data_01_mir/recover-20220825/UBNA_002/20220823_033000.WAV,Telephone Field,recover-20220825,002,1795
1249.0075,1249.0478,68437,82583,Rhinolophus ferrumequinum,0.023,0.023,-1,Echolocation,/mnt/ubna_data_01_mir/recover-20220825/UBNA_002/20220823_033000.WAV,Telephone Field,recover-20220825,002,1795
1249.0195,1249.0598,68437,82830,Rhinolophus ferrumequinum,0.021,0.021,-1,Echolocation,/mnt/ubna_data_01_mir/recover-20220825/UBNA_002/20220823_033000.WAV,Telephone Field,recover-20220825,002,1795
1249.0285,1249.0675,68437,82710,Rhinolophus ferrumequinum,0.023,0.023,-1,Echolocation,/mnt/ubna_data_01_mir/recover-20220825/UBNA_002/20220823_033000.WAV,Telephone Field,recover-20220825,002,1795
1249.0585,1249.0977,68437,81845,Rhinolophus ferrumequinum,0.025,0.025,-1,Echolocation,/mnt/ubna_data_01_mir/recover-20220825/UBNA_002/20220823_033000.WAV,Telephone Field,recover-20220825,002,1795
1249.0655,1249.0753,28906,37465,Eptesicus serotinus,0.01,0.028,-1,Echolocation,/mnt/ubna_data_01_mir/recover-20220825/UBNA_002/20220823_033000.WAV,Telephone Field,recover-20220825,002,1795
1249.0815,1249.1185,68437,82016,Rhinolophus ferrumequinum,0.024,0.024,-1,Echolocation,/mnt/ubna_data_01_mir/recover-20220825/UBNA_002/20220823_033000.WAV,Telephone Field,recover-20220825,002,1795
1249.0845,1249.0936,22890,29789,Plecotus austriacus,0.008,0.023,-1,Echolocation,/mnt/ubna_data_01_mir/recover-20220825/UBNA_002/20220823_033000.WAV,Telephone Field,recover-20220825,002,1795
1249.1115,1249.1266,24609,28578,Nyctalus leisleri,0.047,0.1,-1,Echolocation,/mnt/ubna_data_01_mir/recover-20220825/UBNA_002/20220823_033000.WAV,Telephone Field,recover-20220825,002,1795
1249.1465,1249.1831,68437,81209,Rhinolophus ferrumequinum,0.023,0.023,-1,Echolocation,/mnt/ubna_data_01_mir/recover-20220825/UBNA_002/20220823_033000.WAV,Telephone Field,recover-20220825,002,1795
1249.1765,1249.215,68437,82188,Rhinolophus ferrumequinum,0.023,0.023,-1,Echolocation,/mnt/ubna_data_01_mir/recover-20220825/UBNA_002/20220823_033000.WAV,Telephone Field,recover-20220825,002,1795
1249.1925,1249.2284,68437,81387,Rhinolophus ferrumequinum,0.021,0.022,-1,Echolocation,/mnt/ubna_data_01_mir/recover-20220825/UBNA_002/20220823_033000.WAV,Telephone Field,recover-20220825,002,1795
1249.2075,1249.2449,68437,82147,Rhinolophus ferrumequinum,0.033,0.033,-1,Echolocation,/mnt/ubna_data_01_mir/recover-20220825/UBNA_002/20220823_033000.WAV,Telephone Field,recover-20220825,002,1795
1249.2285,1249.2682,68437,82075,Rhinolophus ferrumequinum,0.022,0.022,-1,Echolocation,/mnt/ubna_data_01_mir/recover-20220825/UBNA_002/20220823_033000.WAV,Telephone Field,recover-20220825,002,1795
1249.2485,1249.2887,68437,81811,Rhinolophus ferrumequinum,0.022,0.022,-1,Echolocation,/mnt/ubna_data_01_mir/recover-20220825/UBNA_002/20220823_033000.WAV,Telephone Field,recover-20220825,002,1795
1249.2695,1249.3073,68437,82391,Rhinolophus ferrumequinum,0.025,0.025,-1,Echolocation,/mnt/ubna_data_01_mir/recover-20220825/UBNA_002/20220823_033000.WAV,Telephone Field,recover-20220825,002,1795
1249.2795,1249.2885,25468,33376,Eptesicus serotinus,0.01,0.029,-1,Echolocation,/mnt/ubna_data_01_mir/recover-20220825/UBNA_002/20220823_033000.WAV,Telephone Field,recover-20220825,002,1795
1249.3015,1249.3402,68437,82333,Rhinolophus ferrumequinum,0.022,0.022,-1,Echolocation,/mnt/ubna_data_01_mir/recover-20220825/UBNA_002/20220823_033000.WAV,Telephone Field,recover-20220825,002,1795
1249.3065,1249.3169,44375,49508,Pipistrellus pipistrellus,0.024,0.028,-1,Echolocation,/mnt/ubna_data_01_mir/recover-20220825/UBNA_002/20220823_033000.WAV,Telephone Field,recover-20220825,002,1795
1249.3275,1249.3706,68437,82618,Rhinolophus ferrumequinum,0.03,0.03,-1,Echolocation,/mnt/ubna_data_01_mir/recover-20220825/UBNA_002/20220823_033000.WAV,Telephone Field,recover-20220825,002,1795
1249.3345,1249.3422,27187,40066,Eptesicus serotinus,0.008,0.027,-1,Echolocation,/mnt/ubna_data_01_mir/recover-20220825/UBNA_002/20220823_033000.WAV,Telephone Field,recover-20220825,002,1795
1249.3365,1249.3428,34062,44792,Myotis daubentonii,0.01,0.023,-1,Echolocation,/mnt/ubna_data_01_mir/recover-20220825/UBNA_002/20220823_033000.WAV,Telephone Field,recover-20220825,002,1795
1249.3745,1249.4128,68437,82100,Rhinolophus ferrumequinum,0.022,0.022,-1,Echolocation,/mnt/ubna_data_01_mir/recover-20220825/UBNA_002/20220823_033000.WAV,Telephone Field,recover-20220825,002,1795
1249.4005,1249.4412,68437,82437,Rhinolophus ferrumequinum,0.023,0.024,-1,Echolocation,/mnt/ubna_data_01_mir/recover-20220825/UBNA_002/20220823_033000.WAV,Telephone Field,recover-20220825,002,1795
1249.4115,1249.4224,23750,29184,Nyctalus leisleri,0.013,0.03,-1,Echolocation,/mnt/ubna_data_01_mir/recover-20220825/UBNA_002/20220823_033000.WAV,Telephone Field,recover-20220825,002,1795
1249.4205,1249.4302,40078,45115,Pipistrellus nathusii,0.011,0.023,-1,Echolocation,/mnt/ubna_data_01_mir/recover-20220825/UBNA_002/20220823_033000.WAV,Telephone Field,recover-20220825,002,1795
1249.4465,1249.4868,68437,82442,Rhinolophus ferrumequinum,0.026,0.026,-1,Echolocation,/mnt/ubna_data_01_mir/recover-20220825/UBNA_002/20220823_033000.WAV,Telephone Field,recover-20220825,002,1795
1249.4795,1249.5163,68437,81164,Rhinolophus ferrumequinum,0.022,0.022,-1,Echolocation,/mnt/ubna_data_01_mir/recover-20220825/UBNA_002/20220823_033000.WAV,Telephone Field,recover-20220825,002,1795
1249.4915,1249.5319,68437,82299,Rhinolophus ferrumequinum,0.027,0.027,-1,Echolocation,/mnt/ubna_data_01_mir/recover-20220825/UBNA_002/20220823_033000.WAV,Telephone Field,recover-20220825,002,1795
1249.5145,1249.5559,68437,82903,Rhinolophus ferrumequinum,0.025,0.025,-1,Echolocation,/mnt/ubna_data_01_mir/recover-20220825/UBNA_002/20220823_033000.WAV,Telephone Field,recover-20220825,002,1795
1249.5335,1249.5732,68437,82596,Rhinolophus ferrumequinum,0.027,0.027,-1,Echolocation,/mnt/ubna_data_01_mir/recover-20220825/UBNA_002/20220823_033000.WAV,Telephone Field,recover-20220825,002,1795
1249.5475,1249.5868,68437,82285,Rhinolophus ferrumequinum,0.027,0.027,-1,Echolocation,/mnt/ubna_data_01_mir/recover-20220825/UBNA_002/20220823_033000.WAV,Telephone Field,recover-20220825,002,1795
1249.5615,1249.5731,25468,32104,Eptesicus serotinus,0.01,0.026,-1,Echolocation,/mnt/ubna_data_01_mir/recover-20220825/UBNA_002/20220823_033000.WAV,Telephone Field,recover-20220825,002,1795
1249.5695,1249.6076,68437,82128,Rhinolophus ferrumequinum,0.022,0.022,-1,Echolocation,/mnt/ubna_data_01_mir/recover-20220825/UBNA_002/20220823_033000.WAV,Telephone Field,recover-20220825,002,1795
1249.5845,1249.6227,68437,81171,Rhinolophus ferrumequinum,0.022,0.022,-1,Echolocation,/mnt/ubna_data_01_mir/recover-20220825/UBNA_002/20220823_033000.WAV,Telephone Field,recover-20220825,002,1795
1249.5895,1249.5975,23750,32376,Plecotus austriacus,0.008,0.026,-1,Echolocation,/mnt/ubna_data_01_mir/recover-20220825/UBNA_002/20220823_033000.WAV,Telephone Field,recover-20220825,002,1795
1249.6355,1249.6455,28046,35814,Eptesicus serotinus,0.009,0.022,-1,Echolocation,/mnt/ubna_data_01_mir/recover-20220825/UBNA_002/20220823_033000.WAV,Telephone Field,recover-20220825,002,1795
1249.6515,1249.6594,29765,39939,Myotis daubentonii,0.008,0.028,-1,Echolocation,/mnt/ubna_data_01_mir/recover-20220825/UBNA_002/20220823_033000.WAV,Telephone Field,recover-20220825,002,1795
1249.6615,1249.6967,68437,80829,Rhinolophus ferrumequinum,0.021,0.022,-1,Echolocation,/mnt/ubna_data_01_mir/recover-20220825/UBNA_002/20220823_033000.WAV,Telephone Field,recover-20220825,002,1795
1249.6755,1249.7126,68437,81578,Rhinolophus ferrumequinum,0.021,0.022,-1,Echolocation,/mnt/ubna_data_01_mir/recover-20220825/UBNA_002/20220823_033000.WAV,Telephone Field,recover-20220825,002,1795
1249.6895,1249.6967,28046,38163,Eptesicus serotinus,0.007,0.024,-1,Echolocation,/mnt/ubna_data_01_mir/recover-20220825/UBNA_002/20220823_033000.WAV,Telephone Field,recover-20220825,002,1795
1249.7055,1249.747,68437,82541,Rhinolophus ferrumequinum,0.025,0.025,-1,Echolocation,/mnt/ubna_data_01_mir/recover-20220825/UBNA_002/20220823_033000.WAV,Telephone Field,recover-20220825,002,1795
1249.7165,1249.7572,68437,82836,Rhinolophus ferrumequinum,0.024,0.025,-1,Echolocation,/mnt/ubna_data_01_mir/recover-20220825/UBNA_002/20220823_033000.WAV,Telephone Field,recover-20220825,002,1795
1249.7295,1249.7672,68437,82023,Rhinolophus ferrumequinum,0.023,0.023,-1,Echolocation,/mnt/ubna_data_01_mir/recover-20220825/UBNA_002/20220823_033000.WAV,Telephone Field,recover-20220825,002,1795
1249.7565,1249.7975,68437,82187,Rhinolophus ferrumequinum,0.023,0.023,-1,Echolocation,/mnt/ubna_data_01_mir/recover-20220825/UBNA_002/20220823_033000.WAV,Telephone Field,recover-20220825,002,1795
1249.7725,1249.8087,68437,81903,Rhinolophus ferrumequinum,0.022,0.022,-1,Echolocation,/mnt/ubna_data_01_mir/recover-20220825/UBNA_002/20220823_033000.WAV,Telephone Field,recover-20220825,002,1795
1249.8045,1249.8425,68437,81786,Rhinolophus ferrumequinum,0.028,0.028,-1,Echolocation,/mnt/ubna_data_01_mir/recover-20220825/UBNA_002/20220823_033000.WAV,Telephone Field,recover-20220825,002,1795
1249.8275,1249.862,68437,81095,Rhinolophus ferrumequinum,0.023,0.023,-1,Echolocation,/mnt/ubna_data_01_mir/recover-20220825/UBNA_002/20220823_033000.WAV,Telephone Field,recover-20220825,002,1795
1249.8505,1249.8586,27187,38801,Eptesicus serotinus,0.008,0.027,-1,Echolocation,/mnt/ubna_data_01_mir/recover-20220825/UBNA_002/20220823_033000.WAV,Telephone Field,recover-20220825,002,1795
1249.8715,1249.9107,68437,82145,Rhinolophus ferrumequinum,0.023,0.023,-1,Echolocation,/mnt/ubna_data_01_mir/recover-20220825/UBNA_002/20220823_033000.WAV,Telephone Field,recover-20220825,002,1795
1249.8795,1249.9202,68437,81937,Rhinolophus ferrumequinum,0.023,0.023,-1,Echolocation,/mnt/ubna_data_01_mir/recover-20220825/UBNA_002/20220823_033000.WAV,Telephone Field,recover-20220825,002,1795
1249.8995,1249.91,24609,31814,Nyctalus leisleri,0.01,0.028,-1,Echolocation,/mnt/ubna_data_01_mir/recover-20220825/UBNA_002/20220823_033000.WAV,Telephone Field,recover-20220825,002,1795
1249.9335,1249.9694,68437,81702,Rhinolophus ferrumequinum,0.022,0.022,-1,Echolocation,/mnt/ubna_data_01_mir/recover-20220825/UBNA_002/20220823_033000.WAV,Telephone Field,recover-20220825,002,1795
1250.0015,1250.0105,26328,36702,Eptesicus serotinus,0.008,0.029,-1,Echolocation,/mnt/ubna_data_01_mir/recover-20220825/UBNA_002/20220823_033000.WAV,Telephone Field,recover-20220825,002,1795
1250.0015,1250.034,68437,79945,Rhinolophus ferrumequinum,0.035,0.035,-1,Echolocation,/mnt/ubna_data_01_mir/recover-20220825/UBNA_002/20220823_033000.WAV,Telephone Field,recover-20220825,002,1795
1250.0075,1250.0149,25468,33988,Eptesicus serotinus,0.007,0.024,-1,Echolocation,/mnt/ubna_data_01_mir/recover-20220825/UBNA_002/20220823_033000.WAV,Telephone Field,recover-20220825,002,1795
1250.0105,1250.0555,68437,82912,Rhinolophus ferrumequinum,0.026,0.026,-1,Echolocation,/mnt/ubna_data_01_mir/recover-20220825/UBNA_002/20220823_033000.WAV,Telephone Field,recover-20220825,002,1795
1250.0275,1250.0364,28906,36439,Eptesicus serotinus,0.008,0.025,-1,Echolocation,/mnt/ubna_data_01_mir/recover-20220825/UBNA_002/20220823_033000.WAV,Telephone Field,recover-20220825,002,1795
1250.0695,1250.1098,68437,82505,Rhinolophus ferrumequinum,0.025,0.025,-1,Echolocation,/mnt/ubna_data_01_mir/recover-20220825/UBNA_002/20220823_033000.WAV,Telephone Field,recover-20220825,002,1795
1250.0765,1250.1138,68437,82216,Rhinolophus ferrumequinum,0.022,0.022,-1,Echolocation,/mnt/ubna_data_01_mir/recover-20220825/UBNA_002/20220823_033000.WAV,Telephone Field,recover-20220825,002,1795
1250.0875,1250.1257,68437,82339,Rhinolophus ferrumequinum,0.023,0.023,-1,Echolocation,/mnt/ubna_data_01_mir/recover-20220825/UBNA_002/20220823_033000.WAV,Telephone Field,recover-20220825,002,1795
1250.1085,1250.1482,68437,82601,Rhinolophus ferrumequinum,0.046,0.046,-1,Echolocation,/mnt/ubna_data_01_mir/recover-20220825/UBNA_002/20220823_033000.WAV,Telephone Field,recover-20220825,002,1795
1250.1315,1250.1712,68437,82350,Rhinolophus ferrumequinum,0.021,0.021,-1,Echolocation,/mnt/ubna_data_01_mir/recover-20220825/UBNA_002/20220823_033000.WAV,Telephone Field,recover-20220825,002,1795
1250.1685,1250.1763,27187,37493,Eptesicus serotinus,0.006,0.023,-1,Echolocation,/mnt/ubna_data_01_mir/recover-20220825/UBNA_002/20220823_033000.WAV,Telephone Field,recover-20220825,002,1795
1250.1775,1250.2173,68437,81812,Rhinolophus ferrumequinum,0.021,0.021,-1,Echolocation,/mnt/ubna_data_01_mir/recover-20220825/UBNA_002/20220823_033000.WAV,Telephone Field,recover-20220825,002,1795
1250.2015,1250.2386,68437,81220,Rhinolophus ferrumequinum,0.022,0.022,-1,Echolocation,/mnt/ubna_data_01_mir/recover-20220825/UBNA_002/20220823_033000.WAV,Telephone Field,recover-20220825,002,1795
1250.2035,1250.215,23750,29423,Nyctalus leisleri,0.011,0.023,-1,Echolocation,/mnt/ubna_data_01_mir/recover-20220825/UBNA_002/20220823_033000.WAV,Telephone Field,recover-20220825,002,1795
1250.2205,1250.2605,68437,81939,Rhinolophus ferrumequinum,0.026,0.026,-1,Echolocation,/mnt/ubna_data_01_mir/recover-20220825/UBNA_002/20220823_033000.WAV,Telephone Field,recover-20220825,002,1795
1250.2235,1250.2328,28046,36960,Eptesicus serotinus,0.009,0.024,-1,Echolocation,/mnt/ubna_data_01_mir/recover-20220825/UBNA_002/20220823_033000.WAV,Telephone Field,recover-20220825,002,1795
1250.2445,1250.2843,68437,82040,Rhinolophus ferrumequinum,0.027,0.027,-1,Echolocation,/mnt/ubna_data_01_mir/recover-20220825/UBNA_002/20220823_033000.WAV,Telephone Field,recover-20220825,002,1795
1250.2465,1250.2546,50390,56596,Pipistrellus pipistrellus,0.022,0.027,-1,Echolocation,/mnt/ubna_data_01_mir/recover-20220825/UBNA_002/20220823_033000.WAV,Telephone Field,recover-20220825,002,1795
1250.2505,1250.2594,28906,38708,Eptesicus serotinus,0.008,0.021,-1,Echolocation,/mnt/ubna_data_01_mir/recover-20220825/UBNA_002/20220823_033000.WAV,Telephone Field,recover-20220825,002,1795
1250.2755,1250.3129,68437,82285,Rhinolophus ferrumequinum,0.025,0.025,-1,Echolocation,/mnt/ubna_data_01_mir/recover-20220825/UBNA_002/20220823_033000.WAV,Telephone Field,recover-20220825,002,1795
1250.3005,1250.335,68437,81133,Rhinolophus ferrumequinum,0.023,0.023,-1,Echolocation,/mnt/ubna_data_01_mir/recover-20220825/UBNA_002/20220823_033000.WAV,Telephone Field,recover-20220825,002,1795
1250.3605,1250.4024,68437,82574,Rhinolophus ferrumequinum,0.023,0.023,-1,Echolocation,/mnt/ubna_data_01_mir/recover-20220825/UBNA_002/20220823_033000.WAV,Telephone Field,recover-20220825,002,1795
1250.3915,1250.4027,23750,29481,Nyctalus leisleri,0.012,0.027,-1,Echolocation,/mnt/ubna_data_01_mir/recover-20220825/UBNA_002/20220823_033000.WAV,Telephone Field,recover-20220825,002,1795
1250.3965,1250.4076,28906,35603,Eptesicus serotinus,0.012,0.028,-1,Echolocation,/mnt/ubna_data_01_mir/recover-20220825/UBNA_002/20220823_033000.WAV,Telephone Field,recover-20220825,002,1795
1250.4185,1250.429,26328,33364,Eptesicus serotinus,0.011,0.027,-1,Echolocation,/mnt/ubna_data_01_mir/recover-20220825/UBNA_002/20220823_033000.WAV,Telephone Field,recover-20220825,002,1795
1250.4385,1250.4788,68437,82420,Rhinolophus ferrumequinum,0.022,0.022,-1,Echolocation,/mnt/ubna_data_01_mir/recover-20220825/UBNA_002/20220823_033000.WAV,Telephone Field,recover-20220825,002,1795
1250.4445,1250.4513,28046,40071,Eptesicus serotinus,0.006,0.024,-1,Echolocation,/mnt/ubna_data_01_mir/recover-20220825/UBNA_002/20220823_033000.WAV,Telephone Field,recover-20220825,002,1795
1250.5055,1250.5155,26328,33574,Eptesicus serotinus,0.012,0.025,-1,Echolocation,/mnt/ubna_data_01_mir/recover-20220825/UBNA_002/20220823_033000.WAV,Telephone Field,recover-20220825,002,1795
1250.5065,1250.5428,68437,82174,Rhinolophus ferrumequinum,0.022,0.022,-1,Echolocation,/mnt/ubna_data_01_mir/recover-20220825/UBNA_002/20220823_033000.WAV,Telephone Field,recover-20220825,002,1795
1250.5435,1250.5511,28046,40363,Eptesicus serotinus,0.006,0.022,-1,Echolocation,/mnt/ubna_data_01_mir/recover-20220825/UBNA_002/20220823_033000.WAV,Telephone Field,recover-20220825,002,1795
1250.5485,1250.5879,68437,82566,Rhinolophus ferrumequinum,0.022,0.022,-1,Echolocation,/mnt/ubna_data_01_mir/recover-20220825/UBNA_002/20220823_033000.WAV,Telephone Field,recover-20220825,002,1795
1250.5575,1250.599,68437,82723,Rhinolophus ferrumequinum,0.022,0.022,-1,Echolocation,/mnt/ubna_data_01_mir/recover-20220825/UBNA_002/20220823_033000.WAV,Telephone Field,recover-20220825,002,1795
1250.5875,1250.5989,26328,33798,Eptesicus serotinus,0.012,0.027,-1,Echolocation,/mnt/ubna_data_01_mir/recover-20220825/UBNA_002/20220823_033000.WAV,Telephone Field,recover-20220825,002,1795
1250.6205,1250.6599,68437,81862,Rhinolophus ferrumequinum,0.022,0.022,-1,Echolocation,/mnt/ubna_data_01_mir/recover-20220825/UBNA_002/20220823_033000.WAV,Telephone Field,recover-20220825,002,1795
1250.6485,1250.6637,22031,26531,Nyctalus leisleri,0.013,0.025,-1,Echolocation,/mnt/ubna_data_01_mir/recover-20220825/UBNA_002/20220823_033000.WAV,Telephone Field,recover-20220825,002,1795
1250.6595,1250.6728,23750,28167,Nyctalus leisleri,0.018,0.034,-1,Echolocation,/mnt/ubna_data_01_mir/recover-20220825/UBNA_002/20220823_033000.WAV,Telephone Field,recover-20220825,002,1795
1250.6755,1250.6847,43515,49525,Pipistrellus pipistrellus,0.036,0.041,-1,Echolocation,/mnt/ubna_data_01_mir/recover-20220825/UBNA_002/20220823_033000.WAV,Telephone Field,recover-20220825,002,1795
1250.7075,1250.7436,68437,81581,Rhinolophus ferrumequinum,0.023,0.024,-1,Echolocation,/mnt/ubna_data_01_mir/recover-20220825/UBNA_002/20220823_033000.WAV,Telephone Field,recover-20220825,002,1795
1250.7595,1250.7998,68437,82879,Rhinolophus ferrumequinum,0.023,0.023,-1,Echolocation,/mnt/ubna_data_01_mir/recover-20220825/UBNA_002/20220823_033000.WAV,Telephone Field,recover-20220825,002,1795
1250.7605,1250.7681,28046,39714,Eptesicus serotinus,0.008,0.024,-1,Echolocation,/mnt/ubna_data_01_mir/recover-20220825/UBNA_002/20220823_033000.WAV,Telephone Field,recover-20220825,002,1795
1250.7665,1250.777,22031,27715,Nyctalus leisleri,0.014,0.034,-1,Echolocation,/mnt/ubna_data_01_mir/recover-20220825/UBNA_002/20220823_033000.WAV,Telephone Field,recover-20220825,002,1795
1250.7725,1250.8119,68437,82334,Rhinolophus ferrumequinum,0.023,0.023,-1,Echolocation,/mnt/ubna_data_01_mir/recover-20220825/UBNA_002/20220823_033000.WAV,Telephone Field,recover-20220825,002,1795
1250.7965,1250.8361,68437,81474,Rhinolophus ferrumequinum,0.021,0.022,-1,Echolocation,/mnt/ubna_data_01_mir/recover-20220825/UBNA_002/20220823_033000.WAV,Telephone Field,recover-20220825,002,1795
1250.7965,1250.8075,24609,30703,Nyctalus leisleri,0.019,0.049,-1,Echolocation,/mnt/ubna_data_01_mir/recover-20220825/UBNA_002/20220823_033000.WAV,Telephone Field,recover-20220825,002,1795
1250.8055,1250.8137,48671,52143,Pipistrellus pipistrellus,0.025,0.028,-1,Echolocation,/mnt/ubna_data_01_mir/recover-20220825/UBNA_002/20220823_033000.WAV,Telephone Field,recover-20220825,002,1795
1250.8215,1250.8634,68437,82541,Rhinolophus ferrumequinum,0.023,0.023,-1,Echolocation,/mnt/ubna_data_01_mir/recover-20220825/UBNA_002/20220823_033000.WAV,Telephone Field,recover-20220825,002,1795
1250.8285,1250.869,68437,82560,Rhinolophus ferrumequinum,0.025,0.025,-1,Echolocation,/mnt/ubna_data_01_mir/recover-20220825/UBNA_002/20220823_033000.WAV,Telephone Field,recover-20220825,002,1795
1250.8445,1250.851,45234,51622,Pipistrellus pipistrellus,0.027,0.031,-1,Echolocation,/mnt/ubna_data_01_mir/recover-20220825/UBNA_002/20220823_033000.WAV,Telephone Field,recover-20220825,002,1795
1250.8615,1250.8947,68437,80875,Rhinolophus ferrumequinum,0.021,0.021,-1,Echolocation,/mnt/ubna_data_01_mir/recover-20220825/UBNA_002/20220823_033000.WAV,Telephone Field,recover-20220825,002,1795
1250.8985,1250.9399,68437,82193,Rhinolophus ferrumequinum,0.024,0.024,-1,Echolocation,/mnt/ubna_data_01_mir/recover-20220825/UBNA_002/20220823_033000.WAV,Telephone Field,recover-20220825,002,1795
1250.9055,1250.9127,24609,37056,Myotis nattereri,0.006,0.022,-1,Echolocation,/mnt/ubna_data_01_mir/recover-20220825/UBNA_002/20220823_033000.WAV,Telephone Field,recover-20220825,002,1795
1250.9185,1250.958,68437,82364,Rhinolophus ferrumequinum,0.021,0.021,-1,Echolocation,/mnt/ubna_data_01_mir/recover-20220825/UBNA_002/20220823_033000.WAV,Telephone Field,recover-20220825,002,1795
1250.9205,1250.931,22890,29540,Nyctalus leisleri,0.011,0.028,-1,Echolocation,/mnt/ubna_data_01_mir/recover-20220825/UBNA_002/20220823_033000.WAV,Telephone Field,recover-20220825,002,1795
1250.9585,1250.9661,24609,33205,Plecotus austriacus,0.007,0.023,-1,Echolocation,/mnt/ubna_data_01_mir/recover-20220825/UBNA_002/20220823_033000.WAV,Telephone Field,recover-20220825,002,1795
1250.9845,1251.024,68437,82027,Rhinolophus ferrumequinum,0.022,0.022,-1,Echolocation,/mnt/ubna_data_01_mir/recover-20220825/UBNA_002/20220823_033000.WAV,Telephone Field,recover-20220825,002,1795
1250.9865,1251.0044,20312,23321,Nyctalus leisleri,0.015,0.024,-1,Echolocation,/mnt/ubna_data_01_mir/recover-20220825/UBNA_002/20220823_033000.WAV,Telephone Field,recover-20220825,002,1795
1251.0155,1251.0535,68437,81975,Rhinolophus ferrumequinum,0.023,0.023,-1,Echolocation,/mnt/ubna_data_01_mir/recover-20220825/UBNA_002/20220823_033000.WAV,Telephone Field,recover-20220825,002,1795
1251.0385,1251.0784,68437,82486,Rhinolophus ferrumequinum,0.023,0.023,-1,Echolocation,/mnt/ubna_data_01_mir/recover-20220825/UBNA_002/20220823_033000.WAV,Telephone Field,recover-20220825,002,1795
1251.0455,1251.0869,68437,82591,Rhinolophus ferrumequinum,0.022,0.022,-1,Echolocation,/mnt/ubna_data_01_mir/recover-20220825/UBNA_002/20220823_033000.WAV,Telephone Field,recover-20220825,002,1795
1251.0595,1251.07,24609,31044,Nyctalus leisleri,0.01,0.026,-1,Echolocation,/mnt/ubna_data_01_mir/recover-20220825/UBNA_002/20220823_033000.WAV,Telephone Field,recover-20220825,002,1795
1251.0705,1251.1094,68437,82070,Rhinolophus ferrumequinum,0.022,0.022,-1,Echolocation,/mnt/ubna_data_01_mir/recover-20220825/UBNA_002/20220823_033000.WAV,Telephone Field,recover-20220825,002,1795
1251.0895,1251.1276,68437,82388,Rhinolophus ferrumequinum,0.021,0.021,-1,Echolocation,/mnt/ubna_data_01_mir/recover-20220825/UBNA_002/20220823_033000.WAV,Telephone Field,recover-20220825,002,1795
1251.1065,1251.114,32343,47122,Myotis daubentonii,0.011,0.024,-1,Echolocation,/mnt/ubna_data_01_mir/recover-20220825/UBNA_002/20220823_033000.WAV,Telephone Field,recover-20220825,002,1795
1251.1065,1251.1143,28046,42263,Eptesicus serotinus,0.008,0.025,-1,Echolocation,/mnt/ubna_data_01_mir/recover-20220825/UBNA_002/20220823_033000.WAV,Telephone Field,recover-20220825,002,1795
1251.1215,1251.1632,68437,82986,Rhinolophus ferrumequinum,0.024,0.024,-1,Echolocation,/mnt/ubna_data_01_mir/recover-20220825/UBNA_002/20220823_033000.WAV,Telephone Field,recover-20220825,002,1795
1251.1385,1251.1448,26328,40026,Eptesicus serotinus,0.004,0.022,-1,Echolocation,/mnt/ubna_data_01_mir/recover-20220825/UBNA_002/20220823_033000.WAV,Telephone Field,recover-20220825,002,1795
1251.1605,1251.1714,22890,28165,Nyctalus leisleri,0.01,0.022,-1,Echolocation,/mnt/ubna_data_01_mir/recover-20220825/UBNA_002/20220823_033000.WAV,Telephone Field,recover-20220825,002,1795
1251.1775,1251.2218,68437,82921,Rhinolophus ferrumequinum,0.036,0.036,-1,Echolocation,/mnt/ubna_data_01_mir/recover-20220825/UBNA_002/20220823_033000.WAV,Telephone Field,recover-20220825,002,1795
1251.1855,1251.1928,13437,27792,Plecotus auritus,0.02,0.024,-1,Echolocation,/mnt/ubna_data_01_mir/recover-20220825/UBNA_002/20220823_033000.WAV,Telephone Field,recover-20220825,002,1795
1251.2055,1251.2126,40937,51358,Myotis daubentonii,0.007,0.022,-1,Echolocation,/mnt/ubna_data_01_mir/recover-20220825/UBNA_002/20220823_033000.WAV,Telephone Field,recover-20220825,002,1795
1251.2545,1251.2885,68437,80829,Rhinolophus ferrumequinum,0.022,0.022,-1,Echolocation,/mnt/ubna_data_01_mir/recover-20220825/UBNA_002/20220823_033000.WAV,Telephone Field,recover-20220825,002,1795
1251.2565,1251.2671,28906,36619,Eptesicus serotinus,0.011,0.022,-1,Echolocation,/mnt/ubna_data_01_mir/recover-20220825/UBNA_002/20220823_033000.WAV,Telephone Field,recover-20220825,002,1795
1251.2665,1251.272,38359,55789,Myotis mystacinus,0.006,0.023,-1,Echolocation,/mnt/ubna_data_01_mir/recover-20220825/UBNA_002/20220823_033000.WAV,Telephone Field,recover-20220825,002,1795
1251.2705,1251.2778,28046,44731,Eptesicus serotinus,0.01,0.032,-1,Echolocation,/mnt/ubna_data_01_mir/recover-20220825/UBNA_002/20220823_033000.WAV,Telephone Field,recover-20220825,002,1795
1251.3205,1251.3616,68437,82720,Rhinolophus ferrumequinum,0.026,0.026,-1,Echolocation,/mnt/ubna_data_01_mir/recover-20220825/UBNA_002/20220823_033000.WAV,Telephone Field,recover-20220825,002,1795
1251.3215,1251.3312,28906,36760,Eptesicus serotinus,0.008,0.024,-1,Echolocation,/mnt/ubna_data_01_mir/recover-20220825/UBNA_002/20220823_033000.WAV,Telephone Field,recover-20220825,002,1795
1251.3435,1251.3866,68437,82522,Rhinolophus ferrumequinum,0.022,0.022,-1,Echolocation,/mnt/ubna_data_01_mir/recover-20220825/UBNA_002/20220823_033000.WAV,Telephone Field,recover-20220825,002,1795
1251.3595,1251.3978,68437,82557,Rhinolophus ferrumequinum,0.023,0.023,-1,Echolocation,/mnt/ubna_data_01_mir/recover-20220825/UBNA_002/20220823_033000.WAV,Telephone Field,recover-20220825,002,1795
1251.3725,1251.3792,27187,43906,Eptesicus serotinus,0.007,0.027,-1,Echolocation,/mnt/ubna_data_01_mir/recover-20220825/UBNA_002/20220823_033000.WAV,Telephone Field,recover-20220825,002,1795
1251.3945,1251.4322,68437,81588,Rhinolophus ferrumequinum,0.024,0.024,-1,Echolocation,/mnt/ubna_data_01_mir/recover-20220825/UBNA_002/20220823_033000.WAV,Telephone Field,recover-20220825,002,1795
1251.4255,1251.437,35781,40698,Pipistrellus nathusii,0.008,0.023,-1,Echolocation,/mnt/ubna_data_01_mir/recover-20220825/UBNA_002/20220823_033000.WAV,Telephone Field,recover-20220825,002,1795
1251.4365,1251.4472,44375,48593,Pipistrellus pipistrellus,0.023,0.028,-1,Echolocation,/mnt/ubna_data_01_mir/recover-20220825/UBNA_002/20220823_033000.WAV,Telephone Field,recover-20220825,002,1795
1251.4565,1251.4646,26328,34903,Eptesicus serotinus,0.009,0.025,-1,Echolocation,/mnt/ubna_data_01_mir/recover-20220825/UBNA_002/20220823_033000.WAV,Telephone Field,recover-20220825,002,1795
1251.4735,1251.5135,68437,82595,Rhinolophus ferrumequinum,0.023,0.023,-1,Echolocation,/mnt/ubna_data_01_mir/recover-20220825/UBNA_002/20220823_033000.WAV,Telephone Field,recover-20220825,002,1795
1251.4945,1251.5337,68437,82115,Rhinolophus ferrumequinum,0.027,0.027,-1,Echolocation,/mnt/ubna_data_01_mir/recover-20220825/UBNA_002/20220823_033000.WAV,Telephone Field,recover-20220825,002,1795
1251.5465,1251.5556,28046,37738,Eptesicus serotinus,0.008,0.021,-1,Echolocation,/mnt/ubna_data_01_mir/recover-20220825/UBNA_002/20220823_033000.WAV,Telephone Field,recover-20220825,002,1795
1251.5965,1251.6039,24609,33359,Plecotus austriacus,0.007,0.022,-1,Echolocation,/mnt/ubna_data_01_mir/recover-20220825/UBNA_002/20220823_033000.WAV,Telephone Field,recover-20220825,002,1795
1251.6035,1251.6435,68437,82324,Rhinolophus ferrumequinum,0.023,0.023,-1,Echolocation,/mnt/ubna_data_01_mir/recover-20220825/UBNA_002/20220823_033000.WAV,Telephone Field,recover-20220825,002,1795
1251.6195,1251.6274,28906,38233,Eptesicus serotinus,0.009,0.027,-1,Echolocation,/mnt/ubna_data_01_mir/recover-20220825/UBNA_002/20220823_033000.WAV,Telephone Field,recover-20220825,002,1795
1251.6575,1251.6974,68437,81963,Rhinolophus ferrumequinum,0.022,0.022,-1,Echolocation,/mnt/ubna_data_01_mir/recover-20220825/UBNA_002/20220823_033000.WAV,Telephone Field,recover-20220825,002,1795
1251.7065,1251.7471,68437,81589,Rhinolophus ferrumequinum,0.028,0.028,-1,Echolocation,/mnt/ubna_data_01_mir/recover-20220825/UBNA_002/20220823_033000.WAV,Telephone Field,recover-20220825,002,1795
1251.7175,1251.7571,68437,82729,Rhinolophus ferrumequinum,0.025,0.025,-1,Echolocation,/mnt/ubna_data_01_mir/recover-20220825/UBNA_002/20220823_033000.WAV,Telephone Field,recover-20220825,002,1795
1251.7225,1251.7332,45234,50334,Pipistrellus pipistrellus,0.018,0.023,-1,Echolocation,/mnt/ubna_data_01_mir/recover-20220825/UBNA_002/20220823_033000.WAV,Telephone Field,recover-20220825,002,1795
1251.7255,1251.7316,28906,41900,Eptesicus serotinus,0.007,0.032,-1,Echolocation,/mnt/ubna_data_01_mir/recover-20220825/UBNA_002/20220823_033000.WAV,Telephone Field,recover-20220825,002,1795
1251.7395,1251.7508,28906,36305,Eptesicus serotinus,0.013,0.025,-1,Echolocation,/mnt/ubna_data_01_mir/recover-20220825/UBNA_002/20220823_033000.WAV,Telephone Field,recover-20220825,002,1795
1251.7485,1251.7574,28046,38307,Eptesicus serotinus,0.009,0.024,-1,Echolocation,/mnt/ubna_data_01_mir/recover-20220825/UBNA_002/20220823_033000.WAV,Telephone Field,recover-20220825,002,1795
1251.7795,1251.7844,46093,51919,Pipistrellus pipistrellus,0.038,0.039,-1,Echolocation,/mnt/ubna_data_01_mir/recover-20220825/UBNA_002/20220823_033000.WAV,Telephone Field,recover-20220825,002,1795
1251.8005,1251.839,68437,82454,Rhinolophus ferrumequinum,0.025,0.025,-1,Echolocation,/mnt/ubna_data_01_mir/recover-20220825/UBNA_002/20220823_033000.WAV,Telephone Field,recover-20220825,002,1795
1251.8085,1251.8494,68437,82498,Rhinolophus ferrumequinum,0.023,0.023,-1,Echolocation,/mnt/ubna_data_01_mir/recover-20220825/UBNA_002/20220823_033000.WAV,Telephone Field,recover-20220825,002,1795
1251.8115,1251.8174,27187,42885,Eptesicus serotinus,0.006,0.03,-1,Echolocation,/mnt/ubna_data_01_mir/recover-20220825/UBNA_002/20220823_033000.WAV,Telephone Field,recover-20220825,002,1795
1251.8165,1251.8569,68437,82706,Rhinolophus ferrumequinum,0.025,0.025,-1,Echolocation,/mnt/ubna_data_01_mir/recover-20220825/UBNA_002/20220823_033000.WAV,Telephone Field,recover-20220825,002,1795
1251.9175,1251.928,28906,35899,Eptesicus serotinus,0.011,0.027,-1,Echolocation,/mnt/ubna_data_01_mir/recover-20220825/UBNA_002/20220823_033000.WAV,Telephone Field,recover-20220825,002,1795
1251.9885,1251.998,28046,39372,Eptesicus serotinus,0.01,0.023,-1,Echolocation,/mnt/ubna_data_01_mir/recover-20220825/UBNA_002/20220823_033000.WAV,Telephone Field,recover-20220825,002,1795
1252.0015,1252.0319,69296,81254,Rhinolophus ferrumequinum,0.025,0.025,-1,Echolocation,/mnt/ubna_data_01_mir/recover-20220825/UBNA_002/20220823_033000.WAV,Telephone Field,recover-20220825,002,1795
1252.0015,1252.0106,24609,32984,Nyctalus leisleri,0.01,0.029,-1,Echolocation,/mnt/ubna_data_01_mir/recover-20220825/UBNA_002/20220823_033000.WAV,Telephone Field,recover-20220825,002,1795
1252.0015,1252.0102,15156,22745,Plecotus auritus,0.006,0.02,-1,Echolocation,/mnt/ubna_data_01_mir/recover-20220825/UBNA_002/20220823_033000.WAV,Telephone Field,recover-20220825,002,1795
1252.0015,1252.0107,46953,51589,Pipistrellus pipistrellus,0.025,0.032,-1,Echolocation,/mnt/ubna_data_01_mir/recover-20220825/UBNA_002/20220823_033000.WAV,Telephone Field,recover-20220825,002,1795
1252.0265,1252.0665,68437,82022,Rhinolophus ferrumequinum,0.022,0.022,-1,Echolocation,/mnt/ubna_data_01_mir/recover-20220825/UBNA_002/20220823_033000.WAV,Telephone Field,recover-20220825,002,1795
1252.0295,1252.0386,23750,30387,Nyctalus leisleri,0.006,0.021,-1,Echolocation,/mnt/ubna_data_01_mir/recover-20220825/UBNA_002/20220823_033000.WAV,Telephone Field,recover-20220825,002,1795
1252.0415,1252.0531,25468,31562,Eptesicus serotinus,0.011,0.026,-1,Echolocation,/mnt/ubna_data_01_mir/recover-20220825/UBNA_002/20220823_033000.WAV,Telephone Field,recover-20220825,002,1795
1252.0535,1252.0907,68437,82064,Rhinolophus ferrumequinum,0.022,0.022,-1,Echolocation,/mnt/ubna_data_01_mir/recover-20220825/UBNA_002/20220823_033000.WAV,Telephone Field,recover-20220825,002,1795
1252.0655,1252.1076,68437,83000,Rhinolophus ferrumequinum,0.021,0.021,-1,Echolocation,/mnt/ubna_data_01_mir/recover-20220825/UBNA_002/20220823_033000.WAV,Telephone Field,recover-20220825,002,1795
1252.0685,1252.076,25468,34201,Eptesicus serotinus,0.005,0.02,-1,Echolocation,/mnt/ubna_data_01_mir/recover-20220825/UBNA_002/20220823_033000.WAV,Telephone Field,recover-20220825,002,1795
1252.0895,1252.0964,26328,38409,Eptesicus serotinus,0.006,0.023,-1,Echolocation,/mnt/ubna_data_01_mir/recover-20220825/UBNA_002/20220823_033000.WAV,Telephone Field,recover-20220825,002,1795
1252.0975,1252.1386,68437,82645,Rhinolophus ferrumequinum,0.025,0.025,-1,Echolocation,/mnt/ubna_data_01_mir/recover-20220825/UBNA_002/20220823_033000.WAV,Telephone Field,recover-20220825,002,1795
1252.1045,1252.1141,28046,35774,Eptesicus serotinus,0.008,0.021,-1,Echolocation,/mnt/ubna_data_01_mir/recover-20220825/UBNA_002/20220823_033000.WAV,Telephone Field,recover-20220825,002,1795
1252.1235,1252.1562,68437,80568,Rhinolophus ferrumequinum,0.03,0.03,-1,Echolocation,/mnt/ubna_data_01_mir/recover-20220825/UBNA_002/20220823_033000.WAV,Telephone Field,recover-20220825,002,1795
1252.1525,1252.1615,23750,30595,Nyctalus leisleri,0.007,0.022,-1,Echolocation,/mnt/ubna_data_01_mir/recover-20220825/UBNA_002/20220823_033000.WAV,Telephone Field,recover-20220825,002,1795
1252.1695,1252.214,68437,82890,Rhinolophus ferrumequinum,0.033,0.033,-1,Echolocation,/mnt/ubna_data_01_mir/recover-20220825/UBNA_002/20220823_033000.WAV,Telephone Field,recover-20220825,002,1795
1252.2095,1252.2396,68437,80483,Rhinolophus ferrumequinum,0.022,0.022,-1,Echolocation,/mnt/ubna_data_01_mir/recover-20220825/UBNA_002/20220823_033000.WAV,Telephone Field,recover-20220825,002,1795
1252.2795,1252.3196,68437,82588,Rhinolophus ferrumequinum,0.026,0.026,-1,Echolocation,/mnt/ubna_data_01_mir/recover-20220825/UBNA_002/20220823_033000.WAV,Telephone Field,recover-20220825,002,1795
1252.2995,1252.3073,28046,38463,Eptesicus serotinus,0.007,0.025,-1,Echolocation,/mnt/ubna_data_01_mir/recover-20220825/UBNA_002/20220823_033000.WAV,Telephone Field,recover-20220825,002,1795
1252.3225,1252.3319,28046,36204,Eptesicus serotinus,0.008,0.021,-1,Echolocation,/mnt/ubna_data_01_mir/recover-20220825/UBNA_002/20220823_033000.WAV,Telephone Field,recover-20220825,002,1795
1252.3415,1252.38,68437,82134,Rhinolophus ferrumequinum,0.023,0.023,-1,Echolocation,/mnt/ubna_data_01_mir/recover-20220825/UBNA_002/20220823_033000.WAV,Telephone Field,recover-20220825,002,1795
1252.3435,1252.3502,27187,38223,Eptesicus serotinus,0.006,0.024,-1,Echolocation,/mnt/ubna_data_01_mir/recover-20220825/UBNA_002/20220823_033000.WAV,Telephone Field,recover-20220825,002,1795
1252.3635,1252.3708,28046,38794,Eptesicus serotinus,0.008,0.025,-1,Echolocation,/mnt/ubna_data_01_mir/recover-20220825/UBNA_002/20220823_033000.WAV,Telephone Field,recover-20220825,002,1795
1252.3945,1252.4358,68437,82441,Rhinolophus ferrumequinum,0.02,0.02,-1,Echolocation,/mnt/ubna_data_01_mir/recover-20220825/UBNA_002/20220823_033000.WAV,Telephone Field,recover-20220825,002,1795
1252.3995,1252.4389,68437,82046,Rhinolophus ferrumequinum,0.02,0.02,-1,Echolocation,/mnt/ubna_data_01_mir/recover-20220825/UBNA_002/20220823_033000.WAV,Telephone Field,recover-20220825,002,1795
1252.4005,1252.4102,28046,36307,Eptesicus serotinus,0.008,0.02,-1,Echolocation,/mnt/ubna_data_01_mir/recover-20220825/UBNA_002/20220823_033000.WAV,Telephone Field,recover-20220825,002,1795
1252.4175,1252.4557,68437,81515,Rhinolophus ferrumequinum,0.021,0.021,-1,Echolocation,/mnt/ubna_data_01_mir/recover-20220825/UBNA_002/20220823_033000.WAV,Telephone Field,recover-20220825,002,1795
1252.4215,1252.4435,20312,23656,Nyctalus leisleri,0.018,0.039,-1,Echolocation,/mnt/ubna_data_01_mir/recover-20220825/UBNA_002/20220823_033000.WAV,Telephone Field,recover-20220825,002,1795
1252.4525,1252.4609,25468,33514,Eptesicus serotinus,0.006,0.021,-1,Echolocation,/mnt/ubna_data_01_mir/recover-20220825/UBNA_002/20220823_033000.WAV,Telephone Field,recover-20220825,002,1795
1252.4615,1252.472,22890,27842,Nyctalus leisleri,0.011,0.022,-1,Echolocation,/mnt/ubna_data_01_mir/recover-20220825/UBNA_002/20220823_033000.WAV,Telephone Field,recover-20220825,002,1795
1252.4815,1252.5232,68437,82926,Rhinolophus ferrumequinum,0.023,0.023,-1,Echolocation,/mnt/ubna_data_01_mir/recover-20220825/UBNA_002/20220823_033000.WAV,Telephone Field,recover-20220825,002,1795
1252.5075,1252.5473,68437,82438,Rhinolophus ferrumequinum,0.022,0.022,-1,Echolocation,/mnt/ubna_data_01_mir/recover-20220825/UBNA_002/20220823_033000.WAV,Telephone Field,recover-20220825,002,1795
1252.5295,1252.5661,68437,81562,Rhinolophus ferrumequinum,0.022,0.023,-1,Echolocation,/mnt/ubna_data_01_mir/recover-20220825/UBNA_002/20220823_033000.WAV,Telephone Field,recover-20220825,002,1795
1252.5485,1252.5859,68437,81708,Rhinolophus ferrumequinum,0.02,0.02,-1,Echolocation,/mnt/ubna_data_01_mir/recover-20220825/UBNA_002/20220823_033000.WAV,Telephone Field,recover-20220825,002,1795
1252.5665,1252.6051,68437,82304,Rhinolophus ferrumequinum,0.021,0.021,-1,Echolocation,/mnt/ubna_data_01_mir/recover-20220825/UBNA_002/20220823_033000.WAV,Telephone Field,recover-20220825,002,1795
1252.5725,1252.6113,68437,82404,Rhinolophus ferrumequinum,0.02,0.02,-1,Echolocation,/mnt/ubna_data_01_mir/recover-20220825/UBNA_002/20220823_033000.WAV,Telephone Field,recover-20220825,002,1795
1252.6375,1252.6734,68437,81698,Rhinolophus ferrumequinum,0.021,0.021,-1,Echolocation,/mnt/ubna_data_01_mir/recover-20220825/UBNA_002/20220823_033000.WAV,Telephone Field,recover-20220825,002,1795
1252.6395,1252.6475,28906,37822,Eptesicus serotinus,0.006,0.021,-1,Echolocation,/mnt/ubna_data_01_mir/recover-20220825/UBNA_002/20220823_033000.WAV,Telephone Field,recover-20220825,002,1795
1252.6465,1252.6836,68437,81071,Rhinolophus ferrumequinum,0.021,0.021,-1,Echolocation,/mnt/ubna_data_01_mir/recover-20220825/UBNA_002/20220823_033000.WAV,Telephone Field,recover-20220825,002,1795
1252.6995,1252.7386,68437,82253,Rhinolophus ferrumequinum,0.021,0.021,-1,Echolocation,/mnt/ubna_data_01_mir/recover-20220825/UBNA_002/20220823_033000.WAV,Telephone Field,recover-20220825,002,1795
1252.7105,1252.7197,28046,35260,Eptesicus serotinus,0.008,0.02,-1,Echolocation,/mnt/ubna_data_01_mir/recover-20220825/UBNA_002/20220823_033000.WAV,Telephone Field,recover-20220825,002,1795
1252.7215,1252.7571,68437,81267,Rhinolophus ferrumequinum,0.025,0.025,-1,Echolocation,/mnt/ubna_data_01_mir/recover-20220825/UBNA_002/20220823_033000.WAV,Telephone Field,recover-20220825,002,1795
1252.7665,1252.8078,68437,82633,Rhinolophus ferrumequinum,0.026,0.026,-1,Echolocation,/mnt/ubna_data_01_mir/recover-20220825/UBNA_002/20220823_033000.WAV,Telephone Field,recover-20220825,002,1795
1252.7785,1252.8166,68437,82488,Rhinolophus ferrumequinum,0.024,0.024,-1,Echolocation,/mnt/ubna_data_01_mir/recover-20220825/UBNA_002/20220823_033000.WAV,Telephone Field,recover-20220825,002,1795
1252.8225,1252.8638,68437,82396,Rhinolophus ferrumequinum,0.024,0.024,-1,Echolocation,/mnt/ubna_data_01_mir/recover-20220825/UBNA_002/20220823_033000.WAV,Telephone Field,recover-20220825,002,1795
1252.8345,1252.8451,22890,28474,Nyctalus leisleri,0.009,0.021,-1,Echolocation,/mnt/ubna_data_01_mir/recover-20220825/UBNA_002/20220823_033000.WAV,Telephone Field,recover-20220825,002,1795
1252.8395,1252.85,23750,29504,Nyctalus leisleri,0.009,0.021,-1,Echolocation,/mnt/ubna_data_01_mir/recover-20220825/UBNA_002/20220823_033000.WAV,Telephone Field,recover-20220825,002,1795
1252.8425,1252.8806,68437,82264,Rhinolophus ferrumequinum,0.028,0.028,-1,Echolocation,/mnt/ubna_data_01_mir/recover-20220825/UBNA_002/20220823_033000.WAV,Telephone Field,recover-20220825,002,1795
1252.9145,1252.9257,22031,26437,Nyctalus leisleri,0.011,0.021,-1,Echolocation,/mnt/ubna_data_01_mir/recover-20220825/UBNA_002/20220823_033000.WAV,Telephone Field,recover-20220825,002,1795
1252.9215,1252.9295,28046,38605,Eptesicus serotinus,0.007,0.022,-1,Echolocation,/mnt/ubna_data_01_mir/recover-20220825/UBNA_002/20220823_033000.WAV,Telephone Field,recover-20220825,002,1795
1252.9255,1252.9689,68437,82950,Rhinolophus ferrumequinum,0.036,0.036,-1,Echolocation,/mnt/ubna_data_01_mir/recover-20220825/UBNA_002/20220823_033000.WAV,Telephone Field,recover-20220825,002,1795
1252.9485,1252.9566,27187,38649,Eptesicus serotinus,0.007,0.02,-1,Echolocation,/mnt/ubna_data_01_mir/recover-20220825/UBNA_002/20220823_033000.WAV,Telephone Field,recover-20220825,002,1795
1252.9485,1252.987,68437,82111,Rhinolophus ferrumequinum,0.021,0.021,-1,Echolocation,/mnt/ubna_data_01_mir/recover-20220825/UBNA_002/20220823_033000.WAV,Telephone Field,recover-20220825,002,1795
1252.9925,1253.0289,68437,81416,Rhinolophus ferrumequinum,0.02,0.021,-1,Echolocation,/mnt/ubna_data_01_mir/recover-20220825/UBNA_002/20220823_033000.WAV,Telephone Field,recover-20220825,002,1795
1253.0035,1253.0432,68437,83074,Rhinolophus ferrumequinum,0.027,0.027,-1,Echolocation,/mnt/ubna_data_01_mir/recover-20220825/UBNA_002/20220823_033000.WAV,Telephone Field,recover-20220825,002,1795
1253.0295,1253.0679,68437,82306,Rhinolophus ferrumequinum,0.023,0.024,-1,Echolocation,/mnt/ubna_data_01_mir/recover-20220825/UBNA_002/20220823_033000.WAV,Telephone Field,recover-20220825,002,1795
1253.0315,1253.0487,15156,19579,Nyctalus noctula,0.018,0.026,-1,Echolocation,/mnt/ubna_data_01_mir/recover-20220825/UBNA_002/20220823_033000.WAV,Telephone Field,recover-20220825,002,1795
1253.0355,1253.0422,25468,36577,Plecotus auritus,0.006,0.022,-1,Echolocation,/mnt/ubna_data_01_mir/recover-20220825/UBNA_002/20220823_033000.WAV,Telephone Field,recover-20220825,002,1795
1253.0535,1253.0932,68437,82639,Rhinolophus ferrumequinum,0.024,0.024,-1,Echolocation,/mnt/ubna_data_01_mir/recover-20220825/UBNA_002/20220823_033000.WAV,Telephone Field,recover-20220825,002,1795
1253.0635,1253.0748,28046,35920,Eptesicus serotinus,0.011,0.025,-1,Echolocation,/mnt/ubna_data_01_mir/recover-20220825/UBNA_002/20220823_033000.WAV,Telephone Field,recover-20220825,002,1795
1253.0745,1253.1104,68437,81135,Rhinolophus ferrumequinum,0.021,0.021,-1,Echolocation,/mnt/ubna_data_01_mir/recover-20220825/UBNA_002/20220823_033000.WAV,Telephone Field,recover-20220825,002,1795
1253.0875,1253.1235,68437,81228,Rhinolophus ferrumequinum,0.02,0.02,-1,Echolocation,/mnt/ubna_data_01_mir/recover-20220825/UBNA_002/20220823_033000.WAV,Telephone Field,recover-20220825,002,1795
1253.1145,1253.1289,22890,27448,Nyctalus leisleri,0.015,0.028,-1,Echolocation,/mnt/ubna_data_01_mir/recover-20220825/UBNA_002/20220823_033000.WAV,Telephone Field,recover-20220825,002,1795
1253.1235,1253.1603,68437,82169,Rhinolophus ferrumequinum,0.022,0.022,-1,Echolocation,/mnt/ubna_data_01_mir/recover-20220825/UBNA_002/20220823_033000.WAV,Telephone Field,recover-20220825,002,1795
1253.1375,1253.1749,68437,81489,Rhinolophus ferrumequinum,0.022,0.022,-1,Echolocation,/mnt/ubna_data_01_mir/recover-20220825/UBNA_002/20220823_033000.WAV,Telephone Field,recover-20220825,002,1795
1253.1475,1253.1831,68437,81924,Rhinolophus ferrumequinum,0.02,0.02,-1,Echolocation,/mnt/ubna_data_01_mir/recover-20220825/UBNA_002/20220823_033000.WAV,Telephone Field,recover-20220825,002,1795
1253.1775,1253.219,68437,82458,Rhinolophus ferrumequinum,0.029,0.029,-1,Echolocation,/mnt/ubna_data_01_mir/recover-20220825/UBNA_002/20220823_033000.WAV,Telephone Field,recover-20220825,002,1795
1253.1855,1253.1922,30625,44225,Myotis daubentonii,0.016,0.034,-1,Echolocation,/mnt/ubna_data_01_mir/recover-20220825/UBNA_002/20220823_033000.WAV,Telephone Field,recover-20220825,002,1795
1253.2505,1253.2888,68437,81302,Rhinolophus ferrumequinum,0.022,0.022,-1,Echolocation,/mnt/ubna_data_01_mir/recover-20220825/UBNA_002/20220823_033000.WAV,Telephone Field,recover-20220825,002,1795
1253.2575,1253.2954,68437,82188,Rhinolophus ferrumequinum,0.025,0.025,-1,Echolocation,/mnt/ubna_data_01_mir/recover-20220825/UBNA_002/20220823_033000.WAV,Telephone Field,recover-20220825,002,1795
1253.2715,1253.3134,68437,82922,Rhinolophus ferrumequinum,0.036,0.036,-1,Echolocation,/mnt/ubna_data_01_mir/recover-20220825/UBNA_002/20220823_033000.WAV,Telephone Field,recover-20220825,002,1795
1253.2905,1253.3298,68437,81811,Rhinolophus ferrumequinum,0.021,0.021,-1,Echolocation,/mnt/ubna_data_01_mir/recover-20220825/UBNA_002/20220823_033000.WAV,Telephone Field,recover-20220825,002,1795
1253.3205,1253.3281,26328,37967,Eptesicus serotinus,0.006,0.02,-1,Echolocation,/mnt/ubna_data_01_mir/recover-20220825/UBNA_002/20220823_033000.WAV,Telephone Field,recover-20220825,002,1795
1253.3205,1253.3582,68437,82303,Rhinolophus ferrumequinum,0.022,0.022,-1,Echolocation,/mnt/ubna_data_01_mir/recover-20220825/UBNA_002/20220823_033000.WAV,Telephone Field,recover-20220825,002,1795
1253.3305,1253.3634,68437,80421,Rhinolophus ferrumequinum,0.029,0.03,-1,Echolocation,/mnt/ubna_data_01_mir/recover-20220825/UBNA_002/20220823_033000.WAV,Telephone Field,recover-20220825,002,1795
1253.3415,1253.3791,68437,81902,Rhinolophus ferrumequinum,0.021,0.021,-1,Echolocation,/mnt/ubna_data_01_mir/recover-20220825/UBNA_002/20220823_033000.WAV,Telephone Field,recover-20220825,002,1795
1253.3515,1253.3904,68437,81710,Rhinolophus ferrumequinum,0.02,0.02,-1,Echolocation,/mnt/ubna_data_01_mir/recover-20220825/UBNA_002/20220823_033000.WAV,Telephone Field,recover-20220825,002,1795
1253.3585,1253.3663999999999,27187,42267,Eptesicus serotinus,0.007,0.021,-1,Echolocation,/mnt/ubna_data_01_mir/recover-20220825/UBNA_002/20220823_033000.WAV,Telephone Field,recover-20220825,002,1795
1253.3855,1253.4256,68437,82342,Rhinolophus ferrumequinum,0.021,0.021,-1,Echolocation,/mnt/ubna_data_01_mir/recover-20220825/UBNA_002/20220823_033000.WAV,Telephone Field,recover-20220825,002,1795
1253.3885,1253.396,28046,40581,Eptesicus serotinus,0.007,0.022,-1,Echolocation,/mnt/ubna_data_01_mir/recover-20220825/UBNA_002/20220823_033000.WAV,Telephone Field,recover-20220825,002,1795
1253.4155,1253.4255,56406,60946,Pipistrellus pygmaeus,0.031,0.032,-1,Echolocation,/mnt/ubna_data_01_mir/recover-20220825/UBNA_002/20220823_033000.WAV,Telephone Field,recover-20220825,002,1795
1253.4305,1253.439,28906,38992,Eptesicus serotinus,0.011,0.028,-1,Echolocation,/mnt/ubna_data_01_mir/recover-20220825/UBNA_002/20220823_033000.WAV,Telephone Field,recover-20220825,002,1795
1253.4385,1253.4726,68437,81344,Rhinolophus ferrumequinum,0.02,0.02,-1,Echolocation,/mnt/ubna_data_01_mir/recover-20220825/UBNA_002/20220823_033000.WAV,Telephone Field,recover-20220825,002,1795
1253.4455,1253.4794,68437,81376,Rhinolophus ferrumequinum,0.023,0.023,-1,Echolocation,/mnt/ubna_data_01_mir/recover-20220825/UBNA_002/20220823_033000.WAV,Telephone Field,recover-20220825,002,1795
1253.4555,1253.4945,68437,82316,Rhinolophus ferrumequinum,0.021,0.021,-1,Echolocation,/mnt/ubna_data_01_mir/recover-20220825/UBNA_002/20220823_033000.WAV,Telephone Field,recover-20220825,002,1795
1253.4605,1253.4706,23750,29213,Nyctalus leisleri,0.008,0.02,-1,Echolocation,/mnt/ubna_data_01_mir/recover-20220825/UBNA_002/20220823_033000.WAV,Telephone Field,recover-20220825,002,1795
1253.4845,1253.5223,68437,81555,Rhinolophus ferrumequinum,0.021,0.021,-1,Echolocation,/mnt/ubna_data_01_mir/recover-20220825/UBNA_002/20220823_033000.WAV,Telephone Field,recover-20220825,002,1795
1253.4875,1253.4977,47812,51215,Pipistrellus pipistrellus,0.022,0.025,-1,Echolocation,/mnt/ubna_data_01_mir/recover-20220825/UBNA_002/20220823_033000.WAV,Telephone Field,recover-20220825,002,1795
1253.5065,1253.5446,68437,81819,Rhinolophus ferrumequinum,0.021,0.021,-1,Echolocation,/mnt/ubna_data_01_mir/recover-20220825/UBNA_002/20220823_033000.WAV,Telephone Field,recover-20220825,002,1795
1253.5265,1253.5666,68437,82789,Rhinolophus ferrumequinum,0.023,0.023,-1,Echolocation,/mnt/ubna_data_01_mir/recover-20220825/UBNA_002/20220823_033000.WAV,Telephone Field,recover-20220825,002,1795
1253.5335,1253.5744,68437,82525,Rhinolophus ferrumequinum,0.023,0.024,-1,Echolocation,/mnt/ubna_data_01_mir/recover-20220825/UBNA_002/20220823_033000.WAV,Telephone Field,recover-20220825,002,1795
1253.5625,1253.5993,68437,82182,Rhinolophus ferrumequinum,0.02,0.02,-1,Echolocation,/mnt/ubna_data_01_mir/recover-20220825/UBNA_002/20220823_033000.WAV,Telephone Field,recover-20220825,002,1795
1253.5675,1253.6039,68437,81745,Rhinolophus ferrumequinum,0.02,0.02,-1,Echolocation,/mnt/ubna_data_01_mir/recover-20220825/UBNA_002/20220823_033000.WAV,Telephone Field,recover-20220825,002,1795
1253.5695,1253.5799,28046,35046,Eptesicus serotinus,0.008,0.02,-1,Echolocation,/mnt/ubna_data_01_mir/recover-20220825/UBNA_002/20220823_033000.WAV,Telephone Field,recover-20220825,002,1795
1253.5835,1253.592,50390,55226,Pipistrellus pipistrellus,0.018,0.021,-1,Echolocation,/mnt/ubna_data_01_mir/recover-20220825/UBNA_002/20220823_033000.WAV,Telephone Field,recover-20220825,002,1795
1253.5855,1253.6205,68437,81128,Rhinolophus ferrumequinum,0.022,0.022,-1,Echolocation,/mnt/ubna_data_01_mir/recover-20220825/UBNA_002/20220823_033000.WAV,Telephone Field,recover-20220825,002,1795
1253.5915,1253.602,22031,26489,Nyctalus leisleri,0.011,0.02,-1,Echolocation,/mnt/ubna_data_01_mir/recover-20220825/UBNA_002/20220823_033000.WAV,Telephone Field,recover-20220825,002,1795
1253.6005,1253.6395,68437,82201,Rhinolophus ferrumequinum,0.023,0.023,-1,Echolocation,/mnt/ubna_data_01_mir/recover-20220825/UBNA_002/20220823_033000.WAV,Telephone Field,recover-20220825,002,1795
1253.6325,1253.6702,68437,81417,Rhinolophus ferrumequinum,0.023,0.023,-1,Echolocation,/mnt/ubna_data_01_mir/recover-20220825/UBNA_002/20220823_033000.WAV,Telephone Field,recover-20220825,002,1795
1253.6395,1253.6471,28046,44429,Eptesicus serotinus,0.006,0.021,-1,Echolocation,/mnt/ubna_data_01_mir/recover-20220825/UBNA_002/20220823_033000.WAV,Telephone Field,recover-20220825,002,1795
1253.6455,1253.6822,68437,81743,Rhinolophus ferrumequinum,0.029,0.029,-1,Echolocation,/mnt/ubna_data_01_mir/recover-20220825/UBNA_002/20220823_033000.WAV,Telephone Field,recover-20220825,002,1795
1253.6615,1253.672,28046,35454,Eptesicus serotinus,0.014,0.031,-1,Echolocation,/mnt/ubna_data_01_mir/recover-20220825/UBNA_002/20220823_033000.WAV,Telephone Field,recover-20220825,002,1795
1253.6805,1253.6894,28046,36360,Eptesicus serotinus,0.007,0.021,-1,Echolocation,/mnt/ubna_data_01_mir/recover-20220825/UBNA_002/20220823_033000.WAV,Telephone Field,recover-20220825,002,1795
1253.6895,1253.7064,22031,26078,Nyctalus leisleri,0.016,0.029,-1,Echolocation,/mnt/ubna_data_01_mir/recover-20220825/UBNA_002/20220823_033000.WAV,Telephone Field,recover-20220825,002,1795
1253.6915,1253.7294,68437,82695,Rhinolophus ferrumequinum,0.023,0.023,-1,Echolocation,/mnt/ubna_data_01_mir/recover-20220825/UBNA_002/20220823_033000.WAV,Telephone Field,recover-20220825,002,1795
1253.7085,1253.7468,68437,81963,Rhinolophus ferrumequinum,0.029,0.029,-1,Echolocation,/mnt/ubna_data_01_mir/recover-20220825/UBNA_002/20220823_033000.WAV,Telephone Field,recover-20220825,002,1795
1253.7195,1253.7277,25468,33551,Eptesicus serotinus,0.007,0.021,-1,Echolocation,/mnt/ubna_data_01_mir/recover-20220825/UBNA_002/20220823_033000.WAV,Telephone Field,recover-20220825,002,1795
1253.7265,1253.7657,68437,81905,Rhinolophus ferrumequinum,0.026,0.026,-1,Echolocation,/mnt/ubna_data_01_mir/recover-20220825/UBNA_002/20220823_033000.WAV,Telephone Field,recover-20220825,002,1795
1253.7395,1253.7473,27187,40841,Eptesicus serotinus,0.006,0.02,-1,Echolocation,/mnt/ubna_data_01_mir/recover-20220825/UBNA_002/20220823_033000.WAV,Telephone Field,recover-20220825,002,1795
1253.7585,1253.7972,68437,82260,Rhinolophus ferrumequinum,0.028,0.028,-1,Echolocation,/mnt/ubna_data_01_mir/recover-20220825/UBNA_002/20220823_033000.WAV,Telephone Field,recover-20220825,002,1795
1253.7625,1253.7696,27187,36768,Eptesicus serotinus,0.01,0.028,-1,Echolocation,/mnt/ubna_data_01_mir/recover-20220825/UBNA_002/20220823_033000.WAV,Telephone Field,recover-20220825,002,1795
1253.7645,1253.7714,22890,31935,Plecotus austriacus,0.014,0.028,-1,Echolocation,/mnt/ubna_data_01_mir/recover-20220825/UBNA_002/20220823_033000.WAV,Telephone Field,recover-20220825,002,1795
1253.7675,1253.8027,68437,81197,Rhinolophus ferrumequinum,0.021,0.021,-1,Echolocation,/mnt/ubna_data_01_mir/recover-20220825/UBNA_002/20220823_033000.WAV,Telephone Field,recover-20220825,002,1795
1253.7745,1253.8107,68437,81919,Rhinolophus ferrumequinum,0.021,0.021,-1,Echolocation,/mnt/ubna_data_01_mir/recover-20220825/UBNA_002/20220823_033000.WAV,Telephone Field,recover-20220825,002,1795
1253.7925,1253.8336,68437,82931,Rhinolophus ferrumequinum,0.022,0.022,-1,Echolocation,/mnt/ubna_data_01_mir/recover-20220825/UBNA_002/20220823_033000.WAV,Telephone Field,recover-20220825,002,1795
1253.8205,1253.8612,68437,82512,Rhinolophus ferrumequinum,0.024,0.024,-1,Echolocation,/mnt/ubna_data_01_mir/recover-20220825/UBNA_002/20220823_033000.WAV,Telephone Field,recover-20220825,002,1795
1253.8305,1253.8701,68437,82311,Rhinolophus ferrumequinum,0.022,0.022,-1,Echolocation,/mnt/ubna_data_01_mir/recover-20220825/UBNA_002/20220823_033000.WAV,Telephone Field,recover-20220825,002,1795
1253.8425,1253.8839,68437,83253,Rhinolophus ferrumequinum,0.034,0.034,-1,Echolocation,/mnt/ubna_data_01_mir/recover-20220825/UBNA_002/20220823_033000.WAV,Telephone Field,recover-20220825,002,1795
1253.8865,1253.9231,68437,81637,Rhinolophus ferrumequinum,0.02,0.02,-1,Echolocation,/mnt/ubna_data_01_mir/recover-20220825/UBNA_002/20220823_033000.WAV,Telephone Field,recover-20220825,002,1795
1253.8865,1253.8947,27187,36876,Eptesicus serotinus,0.008,0.023,-1,Echolocation,/mnt/ubna_data_01_mir/recover-20220825/UBNA_002/20220823_033000.WAV,Telephone Field,recover-20220825,002,1795
1253.9045,1253.9411,68437,81768,Rhinolophus ferrumequinum,0.02,0.02,-1,Echolocation,/mnt/ubna_data_01_mir/recover-20220825/UBNA_002/20220823_033000.WAV,Telephone Field,recover-20220825,002,1795
1253.9505,1253.9596,27187,36822,Eptesicus serotinus,0.008,0.022,-1,Echolocation,/mnt/ubna_data_01_mir/recover-20220825/UBNA_002/20220823_033000.WAV,Telephone Field,recover-20220825,002,1795
1253.9615,1253.9979,68437,82020,Rhinolophus ferrumequinum,0.021,0.021,-1,Echolocation,/mnt/ubna_data_01_mir/recover-20220825/UBNA_002/20220823_033000.WAV,Telephone Field,recover-20220825,002,1795
1253.9815,1253.9904,23750,31755,Plecotus austriacus,0.006,0.021,-1,Echolocation,/mnt/ubna_data_01_mir/recover-20220825/UBNA_002/20220823_033000.WAV,Telephone Field,recover-20220825,002,1795
1254.0015,1254.0102,22890,29941,Nyctalus leisleri,0.011,0.031,-1,Echolocation,/mnt/ubna_data_01_mir/recover-20220825/UBNA_002/20220823_033000.WAV,Telephone Field,recover-20220825,002,1795
1254.0015,1254.033,68437,79552,Rhinolophus ferrumequinum,0.026,0.026,-1,Echolocation,/mnt/ubna_data_01_mir/recover-20220825/UBNA_002/20220823_033000.WAV,Telephone Field,recover-20220825,002,1795
1254.0645,1254.0696,35781,43641,Myotis daubentonii,0.006,0.023,-1,Echolocation,/mnt/ubna_data_01_mir/recover-20220825/UBNA_002/20220823_033000.WAV,Telephone Field,recover-20220825,002,1795
1254.0655,1254.0711000000001,27187,44647,Myotis nattereri,0.007,0.035,-1,Echolocation,/mnt/ubna_data_01_mir/recover-20220825/UBNA_002/20220823_033000.WAV,Telephone Field,recover-20220825,002,1795
1254.0715,1254.0811,44375,47450,Pipistrellus pipistrellus,0.019,0.021,-1,Echolocation,/mnt/ubna_data_01_mir/recover-20220825/UBNA_002/20220823_033000.WAV,Telephone Field,recover-20220825,002,1795
1254.0715,1254.1157,68437,83283,Rhinolophus ferrumequinum,0.074,0.074,-1,Echolocation,/mnt/ubna_data_01_mir/recover-20220825/UBNA_002/20220823_033000.WAV,Telephone Field,recover-20220825,002,1795
1254.1085,1254.1173,25468,34739,Eptesicus serotinus,0.01,0.025,-1,Echolocation,/mnt/ubna_data_01_mir/recover-20220825/UBNA_002/20220823_033000.WAV,Telephone Field,recover-20220825,002,1795
1254.1085,1254.1485,68437,82501,Rhinolophus ferrumequinum,0.024,0.024,-1,Echolocation,/mnt/ubna_data_01_mir/recover-20220825/UBNA_002/20220823_033000.WAV,Telephone Field,recover-20220825,002,1795
1254.2175,1254.2588,68437,82581,Rhinolophus ferrumequinum,0.022,0.022,-1,Echolocation,/mnt/ubna_data_01_mir/recover-20220825/UBNA_002/20220823_033000.WAV,Telephone Field,recover-20220825,002,1795
1254.2565,1254.2775,19453,21716,Nyctalus leisleri,0.015,0.027,-1,Echolocation,/mnt/ubna_data_01_mir/recover-20220825/UBNA_002/20220823_033000.WAV,Telephone Field,recover-20220825,002,1795
1254.2565,1254.2956,68437,82027,Rhinolophus ferrumequinum,0.022,0.022,-1,Echolocation,/mnt/ubna_data_01_mir/recover-20220825/UBNA_002/20220823_033000.WAV,Telephone Field,recover-20220825,002,1795
1254.2825,1254.3217,68437,82291,Rhinolophus ferrumequinum,0.022,0.022,-1,Echolocation,/mnt/ubna_data_01_mir/recover-20220825/UBNA_002/20220823_033000.WAV,Telephone Field,recover-20220825,002,1795
1254.3195,1254.3614,68437,82737,Rhinolophus ferrumequinum,0.038,0.038,-1,Echolocation,/mnt/ubna_data_01_mir/recover-20220825/UBNA_002/20220823_033000.WAV,Telephone Field,recover-20220825,002,1795
1254.3615,1254.3675,26328,41247,Myotis nattereri,0.004,0.021,-1,Echolocation,/mnt/ubna_data_01_mir/recover-20220825/UBNA_002/20220823_033000.WAV,Telephone Field,recover-20220825,002,1795
1254.3755,1254.4146,68437,82353,Rhinolophus ferrumequinum,0.022,0.022,-1,Echolocation,/mnt/ubna_data_01_mir/recover-20220825/UBNA_002/20220823_033000.WAV,Telephone Field,recover-20220825,002,1795
1254.4155,1254.4268,23750,30336,Nyctalus leisleri,0.011,0.028,-1,Echolocation,/mnt/ubna_data_01_mir/recover-20220825/UBNA_002/20220823_033000.WAV,Telephone Field,recover-20220825,002,1795
1254.4195,1254.4585,68437,81909,Rhinolophus ferrumequinum,0.021,0.022,-1,Echolocation,/mnt/ubna_data_01_mir/recover-20220825/UBNA_002/20220823_033000.WAV,Telephone Field,recover-20220825,002,1795
1254.4645,1254.4753,22890,27771,Nyctalus leisleri,0.014,0.028,-1,Echolocation,/mnt/ubna_data_01_mir/recover-20220825/UBNA_002/20220823_033000.WAV,Telephone Field,recover-20220825,002,1795
1254.4885,1254.4972,28046,39057,Eptesicus serotinus,0.009,0.022,-1,Echolocation,/mnt/ubna_data_01_mir/recover-20220825/UBNA_002/20220823_033000.WAV,Telephone Field,recover-20220825,002,1795
1254.4895,1254.53,68437,82104,Rhinolophus ferrumequinum,0.026,0.026,-1,Echolocation,/mnt/ubna_data_01_mir/recover-20220825/UBNA_002/20220823_033000.WAV,Telephone Field,recover-20220825,002,1795
1254.5095,1254.5507,68437,82928,Rhinolophus ferrumequinum,0.023,0.023,-1,Echolocation,/mnt/ubna_data_01_mir/recover-20220825/UBNA_002/20220823_033000.WAV,Telephone Field,recover-20220825,002,1795
1254.5395,1254.5478,27187,38667,Eptesicus serotinus,0.008,0.022,-1,Echolocation,/mnt/ubna_data_01_mir/recover-20220825/UBNA_002/20220823_033000.WAV,Telephone Field,recover-20220825,002,1795
1254.5505,1254.5596,28906,37096,Eptesicus serotinus,0.009,0.022,-1,Echolocation,/mnt/ubna_data_01_mir/recover-20220825/UBNA_002/20220823_033000.WAV,Telephone Field,recover-20220825,002,1795
1254.5625,1254.6035,68437,82741,Rhinolophus ferrumequinum,0.023,0.023,-1,Echolocation,/mnt/ubna_data_01_mir/recover-20220825/UBNA_002/20220823_033000.WAV,Telephone Field,recover-20220825,002,1795
1254.5735,1254.6117,68437,81847,Rhinolophus ferrumequinum,0.025,0.025,-1,Echolocation,/mnt/ubna_data_01_mir/recover-20220825/UBNA_002/20220823_033000.WAV,Telephone Field,recover-20220825,002,1795
1254.5965,1254.6342,68437,81540,Rhinolophus ferrumequinum,0.022,0.022,-1,Echolocation,/mnt/ubna_data_01_mir/recover-20220825/UBNA_002/20220823_033000.WAV,Telephone Field,recover-20220825,002,1795
1254.6005,1254.6082,23750,31922,Plecotus austriacus,0.011,0.024,-1,Echolocation,/mnt/ubna_data_01_mir/recover-20220825/UBNA_002/20220823_033000.WAV,Telephone Field,recover-20220825,002,1795
1254.6425,1254.6509,23750,32208,Plecotus austriacus,0.011,0.031,-1,Echolocation,/mnt/ubna_data_01_mir/recover-20220825/UBNA_002/20220823_033000.WAV,Telephone Field,recover-20220825,002,1795
1254.6635,1254.672,28906,36994,Eptesicus serotinus,0.01,0.025,-1,Echolocation,/mnt/ubna_data_01_mir/recover-20220825/UBNA_002/20220823_033000.WAV,Telephone Field,recover-20220825,002,1795
1254.6675,1254.6885,18593,21715,Nyctalus noctula,0.023,0.037,-1,Echolocation,/mnt/ubna_data_01_mir/recover-20220825/UBNA_002/20220823_033000.WAV,Telephone Field,recover-20220825,002,1795
1254.6815,1254.7184,68437,82237,Rhinolophus ferrumequinum,0.021,0.021,-1,Echolocation,/mnt/ubna_data_01_mir/recover-20220825/UBNA_002/20220823_033000.WAV,Telephone Field,recover-20220825,002,1795
1254.7565,1254.7647,28906,38890,Eptesicus serotinus,0.008,0.024,-1,Echolocation,/mnt/ubna_data_01_mir/recover-20220825/UBNA_002/20220823_033000.WAV,Telephone Field,recover-20220825,002,1795
1254.7825,1254.7934,26328,33798,Eptesicus serotinus,0.011,0.026,-1,Echolocation,/mnt/ubna_data_01_mir/recover-20220825/UBNA_002/20220823_033000.WAV,Telephone Field,recover-20220825,002,1795
1254.7965,1254.8362,68437,81803,Rhinolophus ferrumequinum,0.023,0.023,-1,Echolocation,/mnt/ubna_data_01_mir/recover-20220825/UBNA_002/20220823_033000.WAV,Telephone Field,recover-20220825,002,1795
1254.8085,1254.8187,22890,28236,Nyctalus leisleri,0.011,0.023,-1,Echolocation,/mnt/ubna_data_01_mir/recover-20220825/UBNA_002/20220823_033000.WAV,Telephone Field,recover-20220825,002,1795
1254.8215,1254.8305,26328,34992,Eptesicus serotinus,0.009,0.022,-1,Echolocation,/mnt/ubna_data_01_mir/recover-20220825/UBNA_002/20220823_033000.WAV,Telephone Field,recover-20220825,002,1795
1254.8745,1254.9127,68437,82616,Rhinolophus ferrumequinum,0.026,0.026,-1,Echolocation,/mnt/ubna_data_01_mir/recover-20220825/UBNA_002/20220823_033000.WAV,Telephone Field,recover-20220825,002,1795
1254.9175,1254.961,68437,83485,Rhinolophus ferrumequinum,0.047,0.047,-1,Echolocation,/mnt/ubna_data_01_mir/recover-20220825/UBNA_002/20220823_033000.WAV,Telephone Field,recover-20220825,002,1795
1254.9545,1254.9953,68437,82313,Rhinolophus ferrumequinum,0.023,0.023,-1,Echolocation,/mnt/ubna_data_01_mir/recover-20220825/UBNA_002/20220823_033000.WAV,Telephone Field,recover-20220825,002,1795
1255.0005,1255.0398,68437,82216,Rhinolophus ferrumequinum,0.024,0.024,-1,Echolocation,/mnt/ubna_data_01_mir/recover-20220825/UBNA_002/20220823_033000.WAV,Telephone Field,recover-20220825,002,1795
1255.0195,1255.0292,44375,51681,Pipistrellus pipistrellus,0.014,0.021,-1,Echolocation,/mnt/ubna_data_01_mir/recover-20220825/UBNA_002/20220823_033000.WAV,Telephone Field,recover-20220825,002,1795
1255.0225,1255.0619,68437,82620,Rhinolophus ferrumequinum,0.021,0.021,-1,Echolocation,/mnt/ubna_data_01_mir/recover-20220825/UBNA_002/20220823_033000.WAV,Telephone Field,recover-20220825,002,1795
1255.0555,1255.0946,68437,81946,Rhinolophus ferrumequinum,0.022,0.022,-1,Echolocation,/mnt/ubna_data_01_mir/recover-20220825/UBNA_002/20220823_033000.WAV,Telephone Field,recover-20220825,002,1795
1255.0875,1255.1205,68437,80463,Rhinolophus ferrumequinum,0.021,0.022,-1,Echolocation,/mnt/ubna_data_01_mir/recover-20220825/UBNA_002/20220823_033000.WAV,Telephone Field,recover-20220825,002,1795
1255.1215,1255.1285,27187,40578,Eptesicus serotinus,0.006,0.021,-1,Echolocation,/mnt/ubna_data_01_mir/recover-20220825/UBNA_002/20220823_033000.WAV,Telephone Field,recover-20220825,002,1795
1255.1225,1255.1455,18593,21477,Nyctalus noctula,0.014,0.027,-1,Echolocation,/mnt/ubna_data_01_mir/recover-20220825/UBNA_002/20220823_033000.WAV,Telephone Field,recover-20220825,002,1795
1255.1275,1255.1495,18593,21187,Nyctalus leisleri,0.013,0.027,-1,Echolocation,/mnt/ubna_data_01_mir/recover-20220825/UBNA_002/20220823_033000.WAV,Telephone Field,recover-20220825,002,1795
1255.1445,1255.1856,68437,82867,Rhinolophus ferrumequinum,0.022,0.022,-1,Echolocation,/mnt/ubna_data_01_mir/recover-20220825/UBNA_002/20220823_033000.WAV,Telephone Field,recover-20220825,002,1795
1255.1475,1255.1548,28906,40953,Eptesicus serotinus,0.009,0.03,-1,Echolocation,/mnt/ubna_data_01_mir/recover-20220825/UBNA_002/20220823_033000.WAV,Telephone Field,recover-20220825,002,1795
1255.1915,1255.2332,68437,82709,Rhinolophus ferrumequinum,0.025,0.025,-1,Echolocation,/mnt/ubna_data_01_mir/recover-20220825/UBNA_002/20220823_033000.WAV,Telephone Field,recover-20220825,002,1795
1255.1935,1255.2009,23750,32259,Plecotus austriacus,0.011,0.025,-1,Echolocation,/mnt/ubna_data_01_mir/recover-20220825/UBNA_002/20220823_033000.WAV,Telephone Field,recover-20220825,002,1795
1255.2175,1255.2563,68437,81742,Rhinolophus ferrumequinum,0.025,0.025,-1,Echolocation,/mnt/ubna_data_01_mir/recover-20220825/UBNA_002/20220823_033000.WAV,Telephone Field,recover-20220825,002,1795
1255.2245,1255.2632,68437,81494,Rhinolophus ferrumequinum,0.021,0.021,-1,Echolocation,/mnt/ubna_data_01_mir/recover-20220825/UBNA_002/20220823_033000.WAV,Telephone Field,recover-20220825,002,1795
1255.2755,1255.2832,28046,39096,Eptesicus serotinus,0.009,0.024,-1,Echolocation,/mnt/ubna_data_01_mir/recover-20220825/UBNA_002/20220823_033000.WAV,Telephone Field,recover-20220825,002,1795
1255.3155,1255.3244,22890,29357,Plecotus austriacus,0.008,0.023,-1,Echolocation,/mnt/ubna_data_01_mir/recover-20220825/UBNA_002/20220823_033000.WAV,Telephone Field,recover-20220825,002,1795
1255.3265,1255.3663,68437,82450,Rhinolophus ferrumequinum,0.023,0.023,-1,Echolocation,/mnt/ubna_data_01_mir/recover-20220825/UBNA_002/20220823_033000.WAV,Telephone Field,recover-20220825,002,1795
1255.3605,1255.4,68437,81937,Rhinolophus ferrumequinum,0.026,0.026,-1,Echolocation,/mnt/ubna_data_01_mir/recover-20220825/UBNA_002/20220823_033000.WAV,Telephone Field,recover-20220825,002,1795
1255.3795,1255.3908,45234,48708,Pipistrellus pipistrellus,0.029,0.033,-1,Echolocation,/mnt/ubna_data_01_mir/recover-20220825/UBNA_002/20220823_033000.WAV,Telephone Field,recover-20220825,002,1795
1255.4305,1255.4415,23750,29971,Nyctalus leisleri,0.012,0.028,-1,Echolocation,/mnt/ubna_data_01_mir/recover-20220825/UBNA_002/20220823_033000.WAV,Telephone Field,recover-20220825,002,1795
1255.4495,1255.4882,68437,82239,Rhinolophus ferrumequinum,0.024,0.024,-1,Echolocation,/mnt/ubna_data_01_mir/recover-20220825/UBNA_002/20220823_033000.WAV,Telephone Field,recover-20220825,002,1795
1255.4765,1255.4837,28046,39555,Eptesicus serotinus,0.006,0.021,-1,Echolocation,/mnt/ubna_data_01_mir/recover-20220825/UBNA_002/20220823_033000.WAV,Telephone Field,recover-20220825,002,1795
1255.5025,1255.5395,68437,82611,Rhinolophus ferrumequinum,0.03,0.03,-1,Echolocation,/mnt/ubna_data_01_mir/recover-20220825/UBNA_002/20220823_033000.WAV,Telephone Field,recover-20220825,002,1795
1255.5285,1255.5392,14296,19813,Nyctalus noctula,0.022,0.04,-1,Echolocation,/mnt/ubna_data_01_mir/recover-20220825/UBNA_002/20220823_033000.WAV,Telephone Field,recover-20220825,002,1795
1255.5515,1255.5605,28046,38960,Eptesicus serotinus,0.008,0.024,-1,Echolocation,/mnt/ubna_data_01_mir/recover-20220825/UBNA_002/20220823_033000.WAV,Telephone Field,recover-20220825,002,1795
1255.5685,1255.6086,68437,82469,Rhinolophus ferrumequinum,0.022,0.022,-1,Echolocation,/mnt/ubna_data_01_mir/recover-20220825/UBNA_002/20220823_033000.WAV,Telephone Field,recover-20220825,002,1795
1255.6125,1255.6525,68437,82694,Rhinolophus ferrumequinum,0.022,0.022,-1,Echolocation,/mnt/ubna_data_01_mir/recover-20220825/UBNA_002/20220823_033000.WAV,Telephone Field,recover-20220825,002,1795
1255.6275,1255.6664,68437,82357,Rhinolophus ferrumequinum,0.022,0.022,-1,Echolocation,/mnt/ubna_data_01_mir/recover-20220825/UBNA_002/20220823_033000.WAV,Telephone Field,recover-20220825,002,1795
1255.6575,1255.6685,28906,36638,Eptesicus serotinus,0.01,0.021,-1,Echolocation,/mnt/ubna_data_01_mir/recover-20220825/UBNA_002/20220823_033000.WAV,Telephone Field,recover-20220825,002,1795
1255.6965,1255.7034,28046,42754,Eptesicus serotinus,0.007,0.024,-1,Echolocation,/mnt/ubna_data_01_mir/recover-20220825/UBNA_002/20220823_033000.WAV,Telephone Field,recover-20220825,002,1795
1255.7565,1255.7652,26328,35241,Eptesicus serotinus,0.011,0.026,-1,Echolocation,/mnt/ubna_data_01_mir/recover-20220825/UBNA_002/20220823_033000.WAV,Telephone Field,recover-20220825,002,1795
1255.7585,1255.7976,68437,82139,Rhinolophus ferrumequinum,0.025,0.025,-1,Echolocation,/mnt/ubna_data_01_mir/recover-20220825/UBNA_002/20220823_033000.WAV,Telephone Field,recover-20220825,002,1795
1255.7655,1255.8018,68437,81391,Rhinolophus ferrumequinum,0.026,0.026,-1,Echolocation,/mnt/ubna_data_01_mir/recover-20220825/UBNA_002/20220823_033000.WAV,Telephone Field,recover-20220825,002,1795
1255.7945,1255.8305,68437,80703,Rhinolophus ferrumequinum,0.023,0.023,-1,Echolocation,/mnt/ubna_data_01_mir/recover-20220825/UBNA_002/20220823_033000.WAV,Telephone Field,recover-20220825,002,1795
1255.8325,1255.8704,68437,82129,Rhinolophus ferrumequinum,0.025,0.026,-1,Echolocation,/mnt/ubna_data_01_mir/recover-20220825/UBNA_002/20220823_033000.WAV,Telephone Field,recover-20220825,002,1795
1255.8745,1255.8844,23750,31161,Nyctalus leisleri,0.007,0.022,-1,Echolocation,/mnt/ubna_data_01_mir/recover-20220825/UBNA_002/20220823_033000.WAV,Telephone Field,recover-20220825,002,1795
1255.8775,1255.9171,68437,82674,Rhinolophus ferrumequinum,0.024,0.024,-1,Echolocation,/mnt/ubna_data_01_mir/recover-20220825/UBNA_002/20220823_033000.WAV,Telephone Field,recover-20220825,002,1795
1255.8865,1255.9259,68437,82303,Rhinolophus ferrumequinum,0.025,0.025,-1,Echolocation,/mnt/ubna_data_01_mir/recover-20220825/UBNA_002/20220823_033000.WAV,Telephone Field,recover-20220825,002,1795
1255.8875,1255.8965,22890,28950,Plecotus austriacus,0.008,0.022,-1,Echolocation,/mnt/ubna_data_01_mir/recover-20220825/UBNA_002/20220823_033000.WAV,Telephone Field,recover-20220825,002,1795
1255.9185,1255.9574,68437,82497,Rhinolophus ferrumequinum,0.023,0.023,-1,Echolocation,/mnt/ubna_data_01_mir/recover-20220825/UBNA_002/20220823_033000.WAV,Telephone Field,recover-20220825,002,1795
1255.9705,1255.9801,25468,32435,Eptesicus serotinus,0.014,0.038,-1,Echolocation,/mnt/ubna_data_01_mir/recover-20220825/UBNA_002/20220823_033000.WAV,Telephone Field,recover-20220825,002,1795
1256.0015,1256.0344,68437,80013,Rhinolophus ferrumequinum,0.024,0.024,-1,Echolocation,/mnt/ubna_data_01_mir/recover-20220825/UBNA_002/20220823_033000.WAV,Telephone Field,recover-20220825,002,1795
1256.0015,1256.0132,46093,51988,Pipistrellus pipistrellus,0.029,0.037,-1,Echolocation,/mnt/ubna_data_01_mir/recover-20220825/UBNA_002/20220823_033000.WAV,Telephone Field,recover-20220825,002,1795
1256.0015,1256.0108,25468,34383,Nyctalus leisleri,0.007,0.024,-1,Echolocation,/mnt/ubna_data_01_mir/recover-20220825/UBNA_002/20220823_033000.WAV,Telephone Field,recover-20220825,002,1795
1256.0095,1256.0495,68437,81583,Rhinolophus ferrumequinum,0.024,0.024,-1,Echolocation,/mnt/ubna_data_01_mir/recover-20220825/UBNA_002/20220823_033000.WAV,Telephone Field,recover-20220825,002,1795
1256.0915,1256.127,68437,80890,Rhinolophus ferrumequinum,0.022,0.022,-1,Echolocation,/mnt/ubna_data_01_mir/recover-20220825/UBNA_002/20220823_033000.WAV,Telephone Field,recover-20220825,002,1795
1256.0985,1256.1341,68437,80504,Rhinolophus ferrumequinum,0.022,0.022,-1,Echolocation,/mnt/ubna_data_01_mir/recover-20220825/UBNA_002/20220823_033000.WAV,Telephone Field,recover-20220825,002,1795
1256.1475,1256.1821,68437,81491,Rhinolophus ferrumequinum,0.02,0.021,-1,Echolocation,/mnt/ubna_data_01_mir/recover-20220825/UBNA_002/20220823_033000.WAV,Telephone Field,recover-20220825,002,1795
1256.1515,1256.1704,21171,24571,Nyctalus leisleri,0.014,0.024,-1,Echolocation,/mnt/ubna_data_01_mir/recover-20220825/UBNA_002/20220823_033000.WAV,Telephone Field,recover-20220825,002,1795
1256.2365,1256.2713,68437,79958,Rhinolophus ferrumequinum,0.042,0.042,-1,Echolocation,/mnt/ubna_data_01_mir/recover-20220825/UBNA_002/20220823_033000.WAV,Telephone Field,recover-20220825,002,1795
1256.2635,1256.3061,68437,83228,Rhinolophus ferrumequinum,0.038,0.038,-1,Echolocation,/mnt/ubna_data_01_mir/recover-20220825/UBNA_002/20220823_033000.WAV,Telephone Field,recover-20220825,002,1795
1256.3095,1256.352,68437,83477,Rhinolophus ferrumequinum,0.035,0.035,-1,Echolocation,/mnt/ubna_data_01_mir/recover-20220825/UBNA_002/20220823_033000.WAV,Telephone Field,recover-20220825,002,1795
1256.3655,1256.3737,28046,38176,Eptesicus serotinus,0.007,0.023,-1,Echolocation,/mnt/ubna_data_01_mir/recover-20220825/UBNA_002/20220823_033000.WAV,Telephone Field,recover-20220825,002,1795
1256.3995,1256.4058,39218,57422,Myotis mystacinus,0.007,0.022,-1,Echolocation,/mnt/ubna_data_01_mir/recover-20220825/UBNA_002/20220823_033000.WAV,Telephone Field,recover-20220825,002,1795
1256.4435,1256.487,68437,82663,Rhinolophus ferrumequinum,0.037,0.037,-1,Echolocation,/mnt/ubna_data_01_mir/recover-20220825/UBNA_002/20220823_033000.WAV,Telephone Field,recover-20220825,002,1795
1256.4485,1256.4553,27187,38714,Eptesicus serotinus,0.006,0.024,-1,Echolocation,/mnt/ubna_data_01_mir/recover-20220825/UBNA_002/20220823_033000.WAV,Telephone Field,recover-20220825,002,1795
1256.4865,1256.5256,68437,82529,Rhinolophus ferrumequinum,0.023,0.023,-1,Echolocation,/mnt/ubna_data_01_mir/recover-20220825/UBNA_002/20220823_033000.WAV,Telephone Field,recover-20220825,002,1795
1256.4965,1256.5367,68437,82828,Rhinolophus ferrumequinum,0.027,0.027,-1,Echolocation,/mnt/ubna_data_01_mir/recover-20220825/UBNA_002/20220823_033000.WAV,Telephone Field,recover-20220825,002,1795
1256.4975,1256.5068,25468,33348,Nyctalus leisleri,0.008,0.027,-1,Echolocation,/mnt/ubna_data_01_mir/recover-20220825/UBNA_002/20220823_033000.WAV,Telephone Field,recover-20220825,002,1795
1256.5355,1256.576,68437,82092,Rhinolophus ferrumequinum,0.022,0.022,-1,Echolocation,/mnt/ubna_data_01_mir/recover-20220825/UBNA_002/20220823_033000.WAV,Telephone Field,recover-20220825,002,1795
1256.5435,1256.5841,68437,82039,Rhinolophus ferrumequinum,0.022,0.022,-1,Echolocation,/mnt/ubna_data_01_mir/recover-20220825/UBNA_002/20220823_033000.WAV,Telephone Field,recover-20220825,002,1795
1256.5485,1256.5888,68437,82352,Rhinolophus ferrumequinum,0.022,0.022,-1,Echolocation,/mnt/ubna_data_01_mir/recover-20220825/UBNA_002/20220823_033000.WAV,Telephone Field,recover-20220825,002,1795
1256.5685,1256.6048,68437,81660,Rhinolophus ferrumequinum,0.021,0.021,-1,Echolocation,/mnt/ubna_data_01_mir/recover-20220825/UBNA_002/20220823_033000.WAV,Telephone Field,recover-20220825,002,1795
1256.5795,1256.5886,23750,30640,Nyctalus leisleri,0.007,0.021,-1,Echolocation,/mnt/ubna_data_01_mir/recover-20220825/UBNA_002/20220823_033000.WAV,Telephone Field,recover-20220825,002,1795
1256.6195,1256.6574,68437,81892,Rhinolophus ferrumequinum,0.032,0.032,-1,Echolocation,/mnt/ubna_data_01_mir/recover-20220825/UBNA_002/20220823_033000.WAV,Telephone Field,recover-20220825,002,1795
1256.6585,1256.666,27187,37652,Eptesicus serotinus,0.006,0.021,-1,Echolocation,/mnt/ubna_data_01_mir/recover-20220825/UBNA_002/20220823_033000.WAV,Telephone Field,recover-20220825,002,1795
1256.6835,1256.7239,68437,82870,Rhinolophus ferrumequinum,0.023,0.023,-1,Echolocation,/mnt/ubna_data_01_mir/recover-20220825/UBNA_002/20220823_033000.WAV,Telephone Field,recover-20220825,002,1795
1256.7015,1256.7121,22890,28495,Nyctalus leisleri,0.01,0.024,-1,Echolocation,/mnt/ubna_data_01_mir/recover-20220825/UBNA_002/20220823_033000.WAV,Telephone Field,recover-20220825,002,1795
1256.7125,1256.751,68437,81391,Rhinolophus ferrumequinum,0.022,0.022,-1,Echolocation,/mnt/ubna_data_01_mir/recover-20220825/UBNA_002/20220823_033000.WAV,Telephone Field,recover-20220825,002,1795
1256.7215,1256.7276,24609,34539,Plecotus austriacus,0.012,0.027,-1,Echolocation,/mnt/ubna_data_01_mir/recover-20220825/UBNA_002/20220823_033000.WAV,Telephone Field,recover-20220825,002,1795
1256.7495,1256.7597,22031,26976,Nyctalus leisleri,0.009,0.021,-1,Echolocation,/mnt/ubna_data_01_mir/recover-20220825/UBNA_002/20220823_033000.WAV,Telephone Field,recover-20220825,002,1795
1256.7515,1256.7584,27187,37330,Eptesicus serotinus,0.005,0.022,-1,Echolocation,/mnt/ubna_data_01_mir/recover-20220825/UBNA_002/20220823_033000.WAV,Telephone Field,recover-20220825,002,1795
1256.7725,1256.7865,22890,27504,Nyctalus leisleri,0.014,0.027,-1,Echolocation,/mnt/ubna_data_01_mir/recover-20220825/UBNA_002/20220823_033000.WAV,Telephone Field,recover-20220825,002,1795
1256.7985,1256.8383,68437,82192,Rhinolophus ferrumequinum,0.021,0.021,-1,Echolocation,/mnt/ubna_data_01_mir/recover-20220825/UBNA_002/20220823_033000.WAV,Telephone Field,recover-20220825,002,1795
1256.8045,1256.8157,22890,28625,Nyctalus leisleri,0.011,0.023,-1,Echolocation,/mnt/ubna_data_01_mir/recover-20220825/UBNA_002/20220823_033000.WAV,Telephone Field,recover-20220825,002,1795
1256.8175,1256.8249,23750,31792,Plecotus austriacus,0.013,0.027,-1,Echolocation,/mnt/ubna_data_01_mir/recover-20220825/UBNA_002/20220823_033000.WAV,Telephone Field,recover-20220825,002,1795
1256.8505,1256.8579,28906,39544,Eptesicus serotinus,0.013,0.035,-1,Echolocation,/mnt/ubna_data_01_mir/recover-20220825/UBNA_002/20220823_033000.WAV,Telephone Field,recover-20220825,002,1795
1256.9025,1256.9121,28046,36427,Eptesicus serotinus,0.008,0.023,-1,Echolocation,/mnt/ubna_data_01_mir/recover-20220825/UBNA_002/20220823_033000.WAV,Telephone Field,recover-20220825,002,1795
1256.9055,1256.9478,68437,82024,Rhinolophus ferrumequinum,0.028,0.028,-1,Echolocation,/mnt/ubna_data_01_mir/recover-20220825/UBNA_002/20220823_033000.WAV,Telephone Field,recover-20220825,002,1795
1256.9385,1256.9816,68437,82468,Rhinolophus ferrumequinum,0.025,0.025,-1,Echolocation,/mnt/ubna_data_01_mir/recover-20220825/UBNA_002/20220823_033000.WAV,Telephone Field,recover-20220825,002,1795
1256.9515,1256.9885,68437,81540,Rhinolophus ferrumequinum,0.021,0.021,-1,Echolocation,/mnt/ubna_data_01_mir/recover-20220825/UBNA_002/20220823_033000.WAV,Telephone Field,recover-20220825,002,1795
1256.9755,1256.9868,24609,30379,Nyctalus leisleri,0.011,0.026,-1,Echolocation,/mnt/ubna_data_01_mir/recover-20220825/UBNA_002/20220823_033000.WAV,Telephone Field,recover-20220825,002,1795
1257.0015,1257.0116,23750,30065,Nyctalus leisleri,0.009,0.024,-1,Echolocation,/mnt/ubna_data_01_mir/recover-20220825/UBNA_002/20220823_033000.WAV,Telephone Field,recover-20220825,002,1795
1257.0365,1257.0474,22890,28077,Nyctalus leisleri,0.01,0.021,-1,Echolocation,/mnt/ubna_data_01_mir/recover-20220825/UBNA_002/20220823_033000.WAV,Telephone Field,recover-20220825,002,1795
1257.0595,1257.0974,68437,81763,Rhinolophus ferrumequinum,0.021,0.021,-1,Echolocation,/mnt/ubna_data_01_mir/recover-20220825/UBNA_002/20220823_033000.WAV,Telephone Field,recover-20220825,002,1795
1257.0765,1257.0868,27187,34828,Eptesicus serotinus,0.008,0.021,-1,Echolocation,/mnt/ubna_data_01_mir/recover-20220825/UBNA_002/20220823_033000.WAV,Telephone Field,recover-20220825,002,1795
1257.1035,1257.1399,68437,81545,Rhinolophus ferrumequinum,0.021,0.021,-1,Echolocation,/mnt/ubna_data_01_mir/recover-20220825/UBNA_002/20220823_033000.WAV,Telephone Field,recover-20220825,002,1795
1257.1385,1257.1497,22031,26557,Nyctalus leisleri,0.011,0.023,-1,Echolocation,/mnt/ubna_data_01_mir/recover-20220825/UBNA_002/20220823_033000.WAV,Telephone Field,recover-20220825,002,1795
1257.1745,1257.2168,68437,82859,Rhinolophus ferrumequinum,0.022,0.022,-1,Echolocation,/mnt/ubna_data_01_mir/recover-20220825/UBNA_002/20220823_033000.WAV,Telephone Field,recover-20220825,002,1795
1257.1845,1257.223,68437,82578,Rhinolophus ferrumequinum,0.021,0.021,-1,Echolocation,/mnt/ubna_data_01_mir/recover-20220825/UBNA_002/20220823_033000.WAV,Telephone Field,recover-20220825,002,1795
1257.2165,1257.2233,23750,32025,Plecotus austriacus,0.01,0.021,-1,Echolocation,/mnt/ubna_data_01_mir/recover-20220825/UBNA_002/20220823_033000.WAV,Telephone Field,recover-20220825,002,1795
1257.2255,1257.2331,46093,52177,Pipistrellus pipistrellus,0.021,0.023,-1,Echolocation,/mnt/ubna_data_01_mir/recover-20220825/UBNA_002/20220823_033000.WAV,Telephone Field,recover-20220825,002,1795
1257.2255,1257.2651,68437,82652,Rhinolophus ferrumequinum,0.024,0.024,-1,Echolocation,/mnt/ubna_data_01_mir/recover-20220825/UBNA_002/20220823_033000.WAV,Telephone Field,recover-20220825,002,1795
1257.2465,1257.2854,68437,82366,Rhinolophus ferrumequinum,0.023,0.023,-1,Echolocation,/mnt/ubna_data_01_mir/recover-20220825/UBNA_002/20220823_033000.WAV,Telephone Field,recover-20220825,002,1795
1257.2525,1257.2613,26328,38126,Eptesicus serotinus,0.006,0.021,-1,Echolocation,/mnt/ubna_data_01_mir/recover-20220825/UBNA_002/20220823_033000.WAV,Telephone Field,recover-20220825,002,1795
1257.2535,1257.2608,45234,50261,Pipistrellus pipistrellus,0.036,0.038,-1,Echolocation,/mnt/ubna_data_01_mir/recover-20220825/UBNA_002/20220823_033000.WAV,Telephone Field,recover-20220825,002,1795
1257.2705,1257.3105,68437,82567,Rhinolophus ferrumequinum,0.022,0.022,-1,Echolocation,/mnt/ubna_data_01_mir/recover-20220825/UBNA_002/20220823_033000.WAV,Telephone Field,recover-20220825,002,1795
1257.2795,1257.2901,22890,28023,Nyctalus leisleri,0.012,0.025,-1,Echolocation,/mnt/ubna_data_01_mir/recover-20220825/UBNA_002/20220823_033000.WAV,Telephone Field,recover-20220825,002,1795
1257.2955,1257.3332,68437,81992,Rhinolophus ferrumequinum,0.021,0.021,-1,Echolocation,/mnt/ubna_data_01_mir/recover-20220825/UBNA_002/20220823_033000.WAV,Telephone Field,recover-20220825,002,1795
1257.2985,1257.3083,28906,36859,Eptesicus serotinus,0.012,0.029,-1,Echolocation,/mnt/ubna_data_01_mir/recover-20220825/UBNA_002/20220823_033000.WAV,Telephone Field,recover-20220825,002,1795
1257.3015,1257.3108,50390,54581,Pipistrellus pipistrellus,0.022,0.029,-1,Echolocation,/mnt/ubna_data_01_mir/recover-20220825/UBNA_002/20220823_033000.WAV,Telephone Field,recover-20220825,002,1795
1257.4105,1257.4509,68437,81857,Rhinolophus ferrumequinum,0.021,0.021,-1,Echolocation,/mnt/ubna_data_01_mir/recover-20220825/UBNA_002/20220823_033000.WAV,Telephone Field,recover-20220825,002,1795
1257.4125,1257.423,22031,26460,Nyctalus leisleri,0.012,0.022,-1,Echolocation,/mnt/ubna_data_01_mir/recover-20220825/UBNA_002/20220823_033000.WAV,Telephone Field,recover-20220825,002,1795
1257.4365,1257.4761,68437,82529,Rhinolophus ferrumequinum,0.024,0.024,-1,Echolocation,/mnt/ubna_data_01_mir/recover-20220825/UBNA_002/20220823_033000.WAV,Telephone Field,recover-20220825,002,1795
1257.4525,1257.4629,23750,29908,Nyctalus leisleri,0.009,0.021,-1,Echolocation,/mnt/ubna_data_01_mir/recover-20220825/UBNA_002/20220823_033000.WAV,Telephone Field,recover-20220825,002,1795
1257.4655,1257.4746,51250,55706,Pipistrellus pipistrellus,0.02,0.026,-1,Echolocation,/mnt/ubna_data_01_mir/recover-20220825/UBNA_002/20220823_033000.WAV,Telephone Field,recover-20220825,002,1795
1257.4795,1257.4898,24609,31369,Nyctalus leisleri,0.008,0.023,-1,Echolocation,/mnt/ubna_data_01_mir/recover-20220825/UBNA_002/20220823_033000.WAV,Telephone Field,recover-20220825,002,1795
1257.4815,1257.5201,68437,81604,Rhinolophus ferrumequinum,0.021,0.021,-1,Echolocation,/mnt/ubna_data_01_mir/recover-20220825/UBNA_002/20220823_033000.WAV,Telephone Field,recover-20220825,002,1795
1257.5005,1257.5418,68437,82552,Rhinolophus ferrumequinum,0.023,0.023,-1,Echolocation,/mnt/ubna_data_01_mir/recover-20220825/UBNA_002/20220823_033000.WAV,Telephone Field,recover-20220825,002,1795
1257.5185,1257.5293,22890,28045,Nyctalus leisleri,0.01,0.021,-1,Echolocation,/mnt/ubna_data_01_mir/recover-20220825/UBNA_002/20220823_033000.WAV,Telephone Field,recover-20220825,002,1795
1257.5315,1257.5402,28906,37100,Eptesicus serotinus,0.006,0.021,-1,Echolocation,/mnt/ubna_data_01_mir/recover-20220825/UBNA_002/20220823_033000.WAV,Telephone Field,recover-20220825,002,1795
1257.5715,1257.6138,68437,82957,Rhinolophus ferrumequinum,0.038,0.038,-1,Echolocation,/mnt/ubna_data_01_mir/recover-20220825/UBNA_002/20220823_033000.WAV,Telephone Field,recover-20220825,002,1795
1257.5805,1257.5907,28906,36422,Eptesicus serotinus,0.008,0.021,-1,Echolocation,/mnt/ubna_data_01_mir/recover-20220825/UBNA_002/20220823_033000.WAV,Telephone Field,recover-20220825,002,1795
1257.6295,1257.6374,26328,38094,Eptesicus serotinus,0.006,0.021,-1,Echolocation,/mnt/ubna_data_01_mir/recover-20220825/UBNA_002/20220823_033000.WAV,Telephone Field,recover-20220825,002,1795
1257.6455,1257.6823,68437,81916,Rhinolophus ferrumequinum,0.022,0.022,-1,Echolocation,/mnt/ubna_data_01_mir/recover-20220825/UBNA_002/20220823_033000.WAV,Telephone Field,recover-20220825,002,1795
1257.6655,1257.7069,68437,82661,Rhinolophus ferrumequinum,0.024,0.024,-1,Echolocation,/mnt/ubna_data_01_mir/recover-20220825/UBNA_002/20220823_033000.WAV,Telephone Field,recover-20220825,002,1795
1257.6875,1257.6961000000001,27187,37826,Eptesicus serotinus,0.008,0.023,-1,Echolocation,/mnt/ubna_data_01_mir/recover-20220825/UBNA_002/20220823_033000.WAV,Telephone Field,recover-20220825,002,1795
1257.6975,1257.7366,68437,82271,Rhinolophus ferrumequinum,0.021,0.021,-1,Echolocation,/mnt/ubna_data_01_mir/recover-20220825/UBNA_002/20220823_033000.WAV,Telephone Field,recover-20220825,002,1795
1257.6985,1257.7066,50390,55704,Pipistrellus pipistrellus,0.02,0.023,-1,Echolocation,/mnt/ubna_data_01_mir/recover-20220825/UBNA_002/20220823_033000.WAV,Telephone Field,recover-20220825,002,1795
1257.7375,1257.7751,68437,82206,Rhinolophus ferrumequinum,0.022,0.022,-1,Echolocation,/mnt/ubna_data_01_mir/recover-20220825/UBNA_002/20220823_033000.WAV,Telephone Field,recover-20220825,002,1795
1257.7425,1257.7517,27187,37287,Eptesicus serotinus,0.008,0.023,-1,Echolocation,/mnt/ubna_data_01_mir/recover-20220825/UBNA_002/20220823_033000.WAV,Telephone Field,recover-20220825,002,1795
1257.7515,1257.7619,28906,35791,Eptesicus serotinus,0.01,0.025,-1,Echolocation,/mnt/ubna_data_01_mir/recover-20220825/UBNA_002/20220823_033000.WAV,Telephone Field,recover-20220825,002,1795
1257.7675,1257.8066,68437,82528,Rhinolophus ferrumequinum,0.031,0.031,-1,Echolocation,/mnt/ubna_data_01_mir/recover-20220825/UBNA_002/20220823_033000.WAV,Telephone Field,recover-20220825,002,1795
1257.7765,1257.786,27187,34970,Eptesicus serotinus,0.007,0.021,-1,Echolocation,/mnt/ubna_data_01_mir/recover-20220825/UBNA_002/20220823_033000.WAV,Telephone Field,recover-20220825,002,1795
1257.8055,1257.8443,68437,82246,Rhinolophus ferrumequinum,0.022,0.022,-1,Echolocation,/mnt/ubna_data_01_mir/recover-20220825/UBNA_002/20220823_033000.WAV,Telephone Field,recover-20220825,002,1795
1257.8225,1257.8304,28046,39784,Eptesicus serotinus,0.009,0.028,-1,Echolocation,/mnt/ubna_data_01_mir/recover-20220825/UBNA_002/20220823_033000.WAV,Telephone Field,recover-20220825,002,1795
1257.8345,1257.8732,68437,82261,Rhinolophus ferrumequinum,0.021,0.021,-1,Echolocation,/mnt/ubna_data_01_mir/recover-20220825/UBNA_002/20220823_033000.WAV,Telephone Field,recover-20220825,002,1795
1257.8745,1257.9102,68437,81056,Rhinolophus ferrumequinum,0.033,0.033,-1,Echolocation,/mnt/ubna_data_01_mir/recover-20220825/UBNA_002/20220823_033000.WAV,Telephone Field,recover-20220825,002,1795
1257.9005,1257.9402,68437,81943,Rhinolophus ferrumequinum,0.026,0.026,-1,Echolocation,/mnt/ubna_data_01_mir/recover-20220825/UBNA_002/20220823_033000.WAV,Telephone Field,recover-20220825,002,1795
1257.9125,1257.9512,68437,82387,Rhinolophus ferrumequinum,0.021,0.021,-1,Echolocation,/mnt/ubna_data_01_mir/recover-20220825/UBNA_002/20220823_033000.WAV,Telephone Field,recover-20220825,002,1795
1257.9855,1257.9944,28046,47116,Eptesicus serotinus,0.008,0.023,-1,Echolocation,/mnt/ubna_data_01_mir/recover-20220825/UBNA_002/20220823_033000.WAV,Telephone Field,recover-20220825,002,1795
1258.0015,1258.0176,17734,23017,Nyctalus noctula,0.012,0.025,-1,Echolocation,/mnt/ubna_data_01_mir/recover-20220825/UBNA_002/20220823_033000.WAV,Telephone Field,recover-20220825,002,1795
1258.0015,1258.0108,25468,32376,Nyctalus leisleri,0.01,0.027,-1,Echolocation,/mnt/ubna_data_01_mir/recover-20220825/UBNA_002/20220823_033000.WAV,Telephone Field,recover-20220825,002,1795
1258.0015,1258.0332,69296,81664,Rhinolophus ferrumequinum,0.026,0.026,-1,Echolocation,/mnt/ubna_data_01_mir/recover-20220825/UBNA_002/20220823_033000.WAV,Telephone Field,recover-20220825,002,1795
1258.0245,1258.0632,68437,81990,Rhinolophus ferrumequinum,0.023,0.023,-1,Echolocation,/mnt/ubna_data_01_mir/recover-20220825/UBNA_002/20220823_033000.WAV,Telephone Field,recover-20220825,002,1795
1258.0435,1258.0875,68437,83304,Rhinolophus ferrumequinum,0.043,0.043,-1,Echolocation,/mnt/ubna_data_01_mir/recover-20220825/UBNA_002/20220823_033000.WAV,Telephone Field,recover-20220825,002,1795
1258.0645,1258.0812,22031,25345,Nyctalus leisleri,0.015,0.024,-1,Echolocation,/mnt/ubna_data_01_mir/recover-20220825/UBNA_002/20220823_033000.WAV,Telephone Field,recover-20220825,002,1795
1258.0725,1258.1138,68437,82608,Rhinolophus ferrumequinum,0.025,0.025,-1,Echolocation,/mnt/ubna_data_01_mir/recover-20220825/UBNA_002/20220823_033000.WAV,Telephone Field,recover-20220825,002,1795
1258.1045,1258.1424,68437,82342,Rhinolophus ferrumequinum,0.024,0.024,-1,Echolocation,/mnt/ubna_data_01_mir/recover-20220825/UBNA_002/20220823_033000.WAV,Telephone Field,recover-20220825,002,1795
1258.1115,1258.1508,68437,82471,Rhinolophus ferrumequinum,0.023,0.023,-1,Echolocation,/mnt/ubna_data_01_mir/recover-20220825/UBNA_002/20220823_033000.WAV,Telephone Field,recover-20220825,002,1795
1258.1485,1258.1901,68437,83056,Rhinolophus ferrumequinum,0.027,0.027,-1,Echolocation,/mnt/ubna_data_01_mir/recover-20220825/UBNA_002/20220823_033000.WAV,Telephone Field,recover-20220825,002,1795
1258.1795,1258.1897,22890,28630,Nyctalus leisleri,0.009,0.022,-1,Echolocation,/mnt/ubna_data_01_mir/recover-20220825/UBNA_002/20220823_033000.WAV,Telephone Field,recover-20220825,002,1795
1258.2375,1258.2784,68437,82765,Rhinolophus ferrumequinum,0.023,0.023,-1,Echolocation,/mnt/ubna_data_01_mir/recover-20220825/UBNA_002/20220823_033000.WAV,Telephone Field,recover-20220825,002,1795
1258.2405,1258.2505,23750,30827,Nyctalus leisleri,0.009,0.024,-1,Echolocation,/mnt/ubna_data_01_mir/recover-20220825/UBNA_002/20220823_033000.WAV,Telephone Field,recover-20220825,002,1795
1258.2555,1258.2931,68437,81723,Rhinolophus ferrumequinum,0.02,0.02,-1,Echolocation,/mnt/ubna_data_01_mir/recover-20220825/UBNA_002/20220823_033000.WAV,Telephone Field,recover-20220825,002,1795
1258.2725,1258.3106,68437,81648,Rhinolophus ferrumequinum,0.02,0.02,-1,Echolocation,/mnt/ubna_data_01_mir/recover-20220825/UBNA_002/20220823_033000.WAV,Telephone Field,recover-20220825,002,1795
1258.2805,1258.298,16015,19803,Nyctalus noctula,0.021,0.031,-1,Echolocation,/mnt/ubna_data_01_mir/recover-20220825/UBNA_002/20220823_033000.WAV,Telephone Field,recover-20220825,002,1795
1258.2805,1258.3168,68437,81785,Rhinolophus ferrumequinum,0.022,0.022,-1,Echolocation,/mnt/ubna_data_01_mir/recover-20220825/UBNA_002/20220823_033000.WAV,Telephone Field,recover-20220825,002,1795
1258.3135,1258.3542,68437,82122,Rhinolophus ferrumequinum,0.02,0.02,-1,Echolocation,/mnt/ubna_data_01_mir/recover-20220825/UBNA_002/20220823_033000.WAV,Telephone Field,recover-20220825,002,1795
1258.3145,1258.3252,23750,29677,Nyctalus leisleri,0.009,0.023,-1,Echolocation,/mnt/ubna_data_01_mir/recover-20220825/UBNA_002/20220823_033000.WAV,Telephone Field,recover-20220825,002,1795
1258.3415,1258.3814,68437,81931,Rhinolophus ferrumequinum,0.024,0.024,-1,Echolocation,/mnt/ubna_data_01_mir/recover-20220825/UBNA_002/20220823_033000.WAV,Telephone Field,recover-20220825,002,1795
1258.3765,1258.4161,68437,82124,Rhinolophus ferrumequinum,0.021,0.021,-1,Echolocation,/mnt/ubna_data_01_mir/recover-20220825/UBNA_002/20220823_033000.WAV,Telephone Field,recover-20220825,002,1795
1258.3925,1258.4332,68437,82399,Rhinolophus ferrumequinum,0.021,0.021,-1,Echolocation,/mnt/ubna_data_01_mir/recover-20220825/UBNA_002/20220823_033000.WAV,Telephone Field,recover-20220825,002,1795
1258.3965,1258.4121,22031,25872,Nyctalus leisleri,0.011,0.02,-1,Echolocation,/mnt/ubna_data_01_mir/recover-20220825/UBNA_002/20220823_033000.WAV,Telephone Field,recover-20220825,002,1795
1258.4125,1258.4498,68437,82007,Rhinolophus ferrumequinum,0.021,0.021,-1,Echolocation,/mnt/ubna_data_01_mir/recover-20220825/UBNA_002/20220823_033000.WAV,Telephone Field,recover-20220825,002,1795
1258.4405,1258.4843,68437,83691,Rhinolophus ferrumequinum,0.032,0.032,-1,Echolocation,/mnt/ubna_data_01_mir/recover-20220825/UBNA_002/20220823_033000.WAV,Telephone Field,recover-20220825,002,1795
1258.4575,1258.4659,28906,37060,Eptesicus serotinus,0.008,0.022,-1,Echolocation,/mnt/ubna_data_01_mir/recover-20220825/UBNA_002/20220823_033000.WAV,Telephone Field,recover-20220825,002,1795
1258.5395,1258.5486,28906,37274,Eptesicus serotinus,0.008,0.021,-1,Echolocation,/mnt/ubna_data_01_mir/recover-20220825/UBNA_002/20220823_033000.WAV,Telephone Field,recover-20220825,002,1795
1258.5525,1258.5903,68437,81427,Rhinolophus ferrumequinum,0.023,0.023,-1,Echolocation,/mnt/ubna_data_01_mir/recover-20220825/UBNA_002/20220823_033000.WAV,Telephone Field,recover-20220825,002,1795
1258.5775,1258.6166,68437,82415,Rhinolophus ferrumequinum,0.021,0.021,-1,Echolocation,/mnt/ubna_data_01_mir/recover-20220825/UBNA_002/20220823_033000.WAV,Telephone Field,recover-20220825,002,1795
1258.5865,1258.5948,28046,38570,Eptesicus serotinus,0.008,0.023,-1,Echolocation,/mnt/ubna_data_01_mir/recover-20220825/UBNA_002/20220823_033000.WAV,Telephone Field,recover-20220825,002,1795
1258.6175,1258.6563,68437,81872,Rhinolophus ferrumequinum,0.022,0.022,-1,Echolocation,/mnt/ubna_data_01_mir/recover-20220825/UBNA_002/20220823_033000.WAV,Telephone Field,recover-20220825,002,1795
1258.6255,1258.6365,23750,28799,Nyctalus leisleri,0.009,0.02,-1,Echolocation,/mnt/ubna_data_01_mir/recover-20220825/UBNA_002/20220823_033000.WAV,Telephone Field,recover-20220825,002,1795
1258.6785,1258.7166,68437,82314,Rhinolophus ferrumequinum,0.022,0.022,-1,Echolocation,/mnt/ubna_data_01_mir/recover-20220825/UBNA_002/20220823_033000.WAV,Telephone Field,recover-20220825,002,1795
1258.6845,1258.6935,28046,37123,Eptesicus serotinus,0.008,0.021,-1,Echolocation,/mnt/ubna_data_01_mir/recover-20220825/UBNA_002/20220823_033000.WAV,Telephone Field,recover-20220825,002,1795
1258.7265,1258.7661,68437,82107,Rhinolophus ferrumequinum,0.02,0.02,-1,Echolocation,/mnt/ubna_data_01_mir/recover-20220825/UBNA_002/20220823_033000.WAV,Telephone Field,recover-20220825,002,1795
1258.7525,1258.7941,68437,82953,Rhinolophus ferrumequinum,0.024,0.024,-1,Echolocation,/mnt/ubna_data_01_mir/recover-20220825/UBNA_002/20220823_033000.WAV,Telephone Field,recover-20220825,002,1795
1258.7975,1258.8388,68437,82627,Rhinolophus ferrumequinum,0.022,0.022,-1,Echolocation,/mnt/ubna_data_01_mir/recover-20220825/UBNA_002/20220823_033000.WAV,Telephone Field,recover-20220825,002,1795
1258.7995,1258.8105,27187,35721,Eptesicus serotinus,0.013,0.026,-1,Echolocation,/mnt/ubna_data_01_mir/recover-20220825/UBNA_002/20220823_033000.WAV,Telephone Field,recover-20220825,002,1795
1258.8215,1258.8611,68437,82918,Rhinolophus ferrumequinum,0.023,0.023,-1,Echolocation,/mnt/ubna_data_01_mir/recover-20220825/UBNA_002/20220823_033000.WAV,Telephone Field,recover-20220825,002,1795
1258.8705,1258.9074,68437,81568,Rhinolophus ferrumequinum,0.022,0.022,-1,Echolocation,/mnt/ubna_data_01_mir/recover-20220825/UBNA_002/20220823_033000.WAV,Telephone Field,recover-20220825,002,1795
1258.9265,1258.9421,21171,24140,Nyctalus leisleri,0.013,0.021,-1,Echolocation,/mnt/ubna_data_01_mir/recover-20220825/UBNA_002/20220823_033000.WAV,Telephone Field,recover-20220825,002,1795
1258.9295,1258.9682,68437,81479,Rhinolophus ferrumequinum,0.02,0.02,-1,Echolocation,/mnt/ubna_data_01_mir/recover-20220825/UBNA_002/20220823_033000.WAV,Telephone Field,recover-20220825,002,1795
1258.9525,1258.9924,68437,82011,Rhinolophus ferrumequinum,0.021,0.021,-1,Echolocation,/mnt/ubna_data_01_mir/recover-20220825/UBNA_002/20220823_033000.WAV,Telephone Field,recover-20220825,002,1795
1258.9775,1259.0185,68437,81957,Rhinolophus ferrumequinum,0.021,0.021,-1,Echolocation,/mnt/ubna_data_01_mir/recover-20220825/UBNA_002/20220823_033000.WAV,Telephone Field,recover-20220825,002,1795
1258.9935,1259.0324,68437,81551,Rhinolophus ferrumequinum,0.023,0.023,-1,Echolocation,/mnt/ubna_data_01_mir/recover-20220825/UBNA_002/20220823_033000.WAV,Telephone Field,recover-20220825,002,1795
1259.0015,1259.0102,25468,34273,Eptesicus serotinus,0.008,0.021,-1,Echolocation,/mnt/ubna_data_01_mir/recover-20220825/UBNA_002/20220823_033000.WAV,Telephone Field,recover-20220825,002,1795
1259.0155,1259.0264,27187,33757,Eptesicus serotinus,0.043,0.072,-1,Echolocation,/mnt/ubna_data_01_mir/recover-20220825/UBNA_002/20220823_033000.WAV,Telephone Field,recover-20220825,002,1795
1259.0395,1259.076,68437,81834,Rhinolophus ferrumequinum,0.023,0.023,-1,Echolocation,/mnt/ubna_data_01_mir/recover-20220825/UBNA_002/20220823_033000.WAV,Telephone Field,recover-20220825,002,1795
1259.0555,1259.0949,68437,82240,Rhinolophus ferrumequinum,0.025,0.025,-1,Echolocation,/mnt/ubna_data_01_mir/recover-20220825/UBNA_002/20220823_033000.WAV,Telephone Field,recover-20220825,002,1795
1259.0625,1259.0736,22890,27770,Nyctalus leisleri,0.012,0.023,-1,Echolocation,/mnt/ubna_data_01_mir/recover-20220825/UBNA_002/20220823_033000.WAV,Telephone Field,recover-20220825,002,1795
1259.0845,1259.1231,68437,81821,Rhinolophus ferrumequinum,0.024,0.024,-1,Echolocation,/mnt/ubna_data_01_mir/recover-20220825/UBNA_002/20220823_033000.WAV,Telephone Field,recover-20220825,002,1795
1259.1025,1259.1119,27187,36388,Eptesicus serotinus,0.009,0.021,-1,Echolocation,/mnt/ubna_data_01_mir/recover-20220825/UBNA_002/20220823_033000.WAV,Telephone Field,recover-20220825,002,1795
1259.1035,1259.1397,68437,81904,Rhinolophus ferrumequinum,0.021,0.021,-1,Echolocation,/mnt/ubna_data_01_mir/recover-20220825/UBNA_002/20220823_033000.WAV,Telephone Field,recover-20220825,002,1795
1259.1115,1259.12,28906,39123,Eptesicus serotinus,0.007,0.022,-1,Echolocation,/mnt/ubna_data_01_mir/recover-20220825/UBNA_002/20220823_033000.WAV,Telephone Field,recover-20220825,002,1795
1259.1205,1259.1574,68437,81654,Rhinolophus ferrumequinum,0.022,0.022,-1,Echolocation,/mnt/ubna_data_01_mir/recover-20220825/UBNA_002/20220823_033000.WAV,Telephone Field,recover-20220825,002,1795
1259.1385,1259.1772,68437,81225,Rhinolophus ferrumequinum,0.021,0.021,-1,Echolocation,/mnt/ubna_data_01_mir/recover-20220825/UBNA_002/20220823_033000.WAV,Telephone Field,recover-20220825,002,1795
1259.1845,1259.2203,68437,81334,Rhinolophus ferrumequinum,0.023,0.023,-1,Echolocation,/mnt/ubna_data_01_mir/recover-20220825/UBNA_002/20220823_033000.WAV,Telephone Field,recover-20220825,002,1795
1259.1945,1259.231,68437,81378,Rhinolophus ferrumequinum,0.021,0.021,-1,Echolocation,/mnt/ubna_data_01_mir/recover-20220825/UBNA_002/20220823_033000.WAV,Telephone Field,recover-20220825,002,1795
1259.2185,1259.2598,68437,83047,Rhinolophus ferrumequinum,0.022,0.022,-1,Echolocation,/mnt/ubna_data_01_mir/recover-20220825/UBNA_002/20220823_033000.WAV,Telephone Field,recover-20220825,002,1795
1259.2465,1259.256,28906,36698,Eptesicus serotinus,0.011,0.024,-1,Echolocation,/mnt/ubna_data_01_mir/recover-20220825/UBNA_002/20220823_033000.WAV,Telephone Field,recover-20220825,002,1795
1259.2465,1259.2859,68437,82276,Rhinolophus ferrumequinum,0.02,0.02,-1,Echolocation,/mnt/ubna_data_01_mir/recover-20220825/UBNA_002/20220823_033000.WAV,Telephone Field,recover-20220825,002,1795
1259.2565,1259.2989,68437,82800,Rhinolophus ferrumequinum,0.023,0.023,-1,Echolocation,/mnt/ubna_data_01_mir/recover-20220825/UBNA_002/20220823_033000.WAV,Telephone Field,recover-20220825,002,1795
1259.2725,1259.3139,68437,82704,Rhinolophus ferrumequinum,0.021,0.021,-1,Echolocation,/mnt/ubna_data_01_mir/recover-20220825/UBNA_002/20220823_033000.WAV,Telephone Field,recover-20220825,002,1795
1259.2835,1259.2903,27187,44163,Eptesicus serotinus,0.007,0.022,-1,Echolocation,/mnt/ubna_data_01_mir/recover-20220825/UBNA_002/20220823_033000.WAV,Telephone Field,recover-20220825,002,1795
1259.2965,1259.3076,36640,42638,Pipistrellus nathusii,0.007,0.022,-1,Echolocation,/mnt/ubna_data_01_mir/recover-20220825/UBNA_002/20220823_033000.WAV,Telephone Field,recover-20220825,002,1795
1259.3205,1259.3582,68437,81566,Rhinolophus ferrumequinum,0.022,0.022,-1,Echolocation,/mnt/ubna_data_01_mir/recover-20220825/UBNA_002/20220823_033000.WAV,Telephone Field,recover-20220825,002,1795
1259.3735,1259.4149,68437,82506,Rhinolophus ferrumequinum,0.03,0.03,-1,Echolocation,/mnt/ubna_data_01_mir/recover-20220825/UBNA_002/20220823_033000.WAV,Telephone Field,recover-20220825,002,1795
1259.3745,1259.3866,22890,26915,Nyctalus leisleri,0.012,0.021,-1,Echolocation,/mnt/ubna_data_01_mir/recover-20220825/UBNA_002/20220823_033000.WAV,Telephone Field,recover-20220825,002,1795
1259.4055,1259.4462,68437,82995,Rhinolophus ferrumequinum,0.024,0.024,-1,Echolocation,/mnt/ubna_data_01_mir/recover-20220825/UBNA_002/20220823_033000.WAV,Telephone Field,recover-20220825,002,1795
1259.4355,1259.4736,68437,81996,Rhinolophus ferrumequinum,0.022,0.023,-1,Echolocation,/mnt/ubna_data_01_mir/recover-20220825/UBNA_002/20220823_033000.WAV,Telephone Field,recover-20220825,002,1795
1259.4495,1259.4885,68437,82688,Rhinolophus ferrumequinum,0.021,0.021,-1,Echolocation,/mnt/ubna_data_01_mir/recover-20220825/UBNA_002/20220823_033000.WAV,Telephone Field,recover-20220825,002,1795
1259.4585,1259.4666,26328,33446,Eptesicus serotinus,0.302,0.489,-1,Echolocation,/mnt/ubna_data_01_mir/recover-20220825/UBNA_002/20220823_033000.WAV,Telephone Field,recover-20220825,002,1795
1259.5005,1259.5419,68437,81986,Rhinolophus ferrumequinum,0.031,0.031,-1,Echolocation,/mnt/ubna_data_01_mir/recover-20220825/UBNA_002/20220823_033000.WAV,Telephone Field,recover-20220825,002,1795
1259.5255,1259.5648,68437,82174,Rhinolophus ferrumequinum,0.021,0.021,-1,Echolocation,/mnt/ubna_data_01_mir/recover-20220825/UBNA_002/20220823_033000.WAV,Telephone Field,recover-20220825,002,1795
1259.5675,1259.5791,26328,32668,Eptesicus serotinus,0.111,0.187,-1,Echolocation,/mnt/ubna_data_01_mir/recover-20220825/UBNA_002/20220823_033000.WAV,Telephone Field,recover-20220825,002,1795
1259.5815,1259.6198,68437,82523,Rhinolophus ferrumequinum,0.021,0.021,-1,Echolocation,/mnt/ubna_data_01_mir/recover-20220825/UBNA_002/20220823_033000.WAV,Telephone Field,recover-20220825,002,1795
1259.5825,1259.5908,27187,38697,Eptesicus serotinus,0.007,0.02,-1,Echolocation,/mnt/ubna_data_01_mir/recover-20220825/UBNA_002/20220823_033000.WAV,Telephone Field,recover-20220825,002,1795
1259.6105,1259.6469,68437,81204,Rhinolophus ferrumequinum,0.023,0.023,-1,Echolocation,/mnt/ubna_data_01_mir/recover-20220825/UBNA_002/20220823_033000.WAV,Telephone Field,recover-20220825,002,1795
1259.6335,1259.6428,24609,32612,Eptesicus serotinus,0.007,0.02,-1,Echolocation,/mnt/ubna_data_01_mir/recover-20220825/UBNA_002/20220823_033000.WAV,Telephone Field,recover-20220825,002,1795
1259.6865,1259.7002,27187,31705,Eptesicus serotinus,0.036,0.068,-1,Echolocation,/mnt/ubna_data_01_mir/recover-20220825/UBNA_002/20220823_033000.WAV,Telephone Field,recover-20220825,002,1795
1259.7035,1259.7391,68437,81646,Rhinolophus ferrumequinum,0.02,0.02,-1,Echolocation,/mnt/ubna_data_01_mir/recover-20220825/UBNA_002/20220823_033000.WAV,Telephone Field,recover-20220825,002,1795
1259.7235,1259.7323,28046,36628,Eptesicus serotinus,0.007,0.02,-1,Echolocation,/mnt/ubna_data_01_mir/recover-20220825/UBNA_002/20220823_033000.WAV,Telephone Field,recover-20220825,002,1795
1259.7485,1259.7893,68437,81674,Rhinolophus ferrumequinum,0.029,0.029,-1,Echolocation,/mnt/ubna_data_01_mir/recover-20220825/UBNA_002/20220823_033000.WAV,Telephone Field,recover-20220825,002,1795
1259.7945,1259.834,68437,81369,Rhinolophus ferrumequinum,0.023,0.023,-1,Echolocation,/mnt/ubna_data_01_mir/recover-20220825/UBNA_002/20220823_033000.WAV,Telephone Field,recover-20220825,002,1795
1259.8015,1259.8121,26328,32992,Eptesicus serotinus,0.026,0.046,-1,Echolocation,/mnt/ubna_data_01_mir/recover-20220825/UBNA_002/20220823_033000.WAV,Telephone Field,recover-20220825,002,1795
1259.8405,1259.8828,68437,82260,Rhinolophus ferrumequinum,0.022,0.022,-1,Echolocation,/mnt/ubna_data_01_mir/recover-20220825/UBNA_002/20220823_033000.WAV,Telephone Field,recover-20220825,002,1795
1259.9245,1259.934,27187,34409,Eptesicus serotinus,0.231,0.335,-1,Echolocation,/mnt/ubna_data_01_mir/recover-20220825/UBNA_002/20220823_033000.WAV,Telephone Field,recover-20220825,002,1795
1259.9405,1259.9817,68437,82453,Rhinolophus ferrumequinum,0.023,0.023,-1,Echolocation,/mnt/ubna_data_01_mir/recover-20220825/UBNA_002/20220823_033000.WAV,Telephone Field,recover-20220825,002,1795
1259.9475,1259.9882,68437,82826,Rhinolophus ferrumequinum,0.021,0.021,-1,Echolocation,/mnt/ubna_data_01_mir/recover-20220825/UBNA_002/20220823_033000.WAV,Telephone Field,recover-20220825,002,1795
1259.9545,1259.9949,68437,82582,Rhinolophus ferrumequinum,0.021,0.021,-1,Echolocation,/mnt/ubna_data_01_mir/recover-20220825/UBNA_002/20220823_033000.WAV,Telephone Field,recover-20220825,002,1795
1260.0015,1260.0098,30625,39985,Eptesicus serotinus,0.008,0.028,-1,Echolocation,/mnt/ubna_data_01_mir/recover-20220825/UBNA_002/20220823_033000.WAV,Telephone Field,recover-20220825,002,1795
1260.0015,1260.0099,25468,36016,Nyctalus leisleri,0.007,0.029,-1,Echolocation,/mnt/ubna_data_01_mir/recover-20220825/UBNA_002/20220823_033000.WAV,Telephone Field,recover-20220825,002,1795
1260.0015,1260.0142,58984,66896,Pipistrellus pygmaeus,0.023,0.024,-1,Echolocation,/mnt/ubna_data_01_mir/recover-20220825/UBNA_002/20220823_033000.WAV,Telephone Field,recover-20220825,002,1795
1260.0015,1260.0338,68437,80199,Rhinolophus ferrumequinum,0.041,0.041,-1,Echolocation,/mnt/ubna_data_01_mir/recover-20220825/UBNA_002/20220823_033000.WAV,Telephone Field,recover-20220825,002,1795
1260.0115,1260.0553,68437,83036,Rhinolophus ferrumequinum,0.023,0.023,-1,Echolocation,/mnt/ubna_data_01_mir/recover-20220825/UBNA_002/20220823_033000.WAV,Telephone Field,recover-20220825,002,1795
1260.0465,1260.0573,27187,33252,Eptesicus serotinus,0.14,0.256,-1,Echolocation,/mnt/ubna_data_01_mir/recover-20220825/UBNA_002/20220823_033000.WAV,Telephone Field,recover-20220825,002,1795
1260.0545,1260.0927,68437,82827,Rhinolophus ferrumequinum,0.023,0.023,-1,Echolocation,/mnt/ubna_data_01_mir/recover-20220825/UBNA_002/20220823_033000.WAV,Telephone Field,recover-20220825,002,1795
1260.1065,1260.1462,68437,82508,Rhinolophus ferrumequinum,0.029,0.029,-1,Echolocation,/mnt/ubna_data_01_mir/recover-20220825/UBNA_002/20220823_033000.WAV,Telephone Field,recover-20220825,002,1795
1260.1525,1260.1928,68437,83076,Rhinolophus ferrumequinum,0.03,0.03,-1,Echolocation,/mnt/ubna_data_01_mir/recover-20220825/UBNA_002/20220823_033000.WAV,Telephone Field,recover-20220825,002,1795
1260.1785,1260.1874,26328,32923,Eptesicus serotinus,0.21,0.452,-1,Echolocation,/mnt/ubna_data_01_mir/recover-20220825/UBNA_002/20220823_033000.WAV,Telephone Field,recover-20220825,002,1795
1260.1945,1260.2311,68437,82051,Rhinolophus ferrumequinum,0.023,0.023,-1,Echolocation,/mnt/ubna_data_01_mir/recover-20220825/UBNA_002/20220823_033000.WAV,Telephone Field,recover-20220825,002,1795
1260.2025,1260.2434,68437,83085,Rhinolophus ferrumequinum,0.025,0.025,-1,Echolocation,/mnt/ubna_data_01_mir/recover-20220825/UBNA_002/20220823_033000.WAV,Telephone Field,recover-20220825,002,1795
1260.2105,1260.2522,68437,82916,Rhinolophus ferrumequinum,0.023,0.023,-1,Echolocation,/mnt/ubna_data_01_mir/recover-20220825/UBNA_002/20220823_033000.WAV,Telephone Field,recover-20220825,002,1795
1260.2195,1260.2304,22890,28810,Nyctalus leisleri,0.013,0.027,-1,Echolocation,/mnt/ubna_data_01_mir/recover-20220825/UBNA_002/20220823_033000.WAV,Telephone Field,recover-20220825,002,1795
1260.2215,1260.2344,42656,45748,Pipistrellus pipistrellus,0.032,0.039,-1,Echolocation,/mnt/ubna_data_01_mir/recover-20220825/UBNA_002/20220823_033000.WAV,Telephone Field,recover-20220825,002,1795
1260.2265,1260.2651,68437,82598,Rhinolophus ferrumequinum,0.025,0.025,-1,Echolocation,/mnt/ubna_data_01_mir/recover-20220825/UBNA_002/20220823_033000.WAV,Telephone Field,recover-20220825,002,1795
1260.2495,1260.2572,25468,37889,Eptesicus serotinus,0.006,0.023,-1,Echolocation,/mnt/ubna_data_01_mir/recover-20220825/UBNA_002/20220823_033000.WAV,Telephone Field,recover-20220825,002,1795
1260.2625,1260.3022,68437,82809,Rhinolophus ferrumequinum,0.026,0.026,-1,Echolocation,/mnt/ubna_data_01_mir/recover-20220825/UBNA_002/20220823_033000.WAV,Telephone Field,recover-20220825,002,1795
1260.2725,1260.2836,22031,26219,Nyctalus leisleri,0.012,0.023,-1,Echolocation,/mnt/ubna_data_01_mir/recover-20220825/UBNA_002/20220823_033000.WAV,Telephone Field,recover-20220825,002,1795
1260.2935,1260.3296,68437,80828,Rhinolophus ferrumequinum,0.028,0.028,-1,Echolocation,/mnt/ubna_data_01_mir/recover-20220825/UBNA_002/20220823_033000.WAV,Telephone Field,recover-20220825,002,1795
1260.3065,1260.321,27187,31949,Nyctalus leisleri,0.29,0.433,-1,Echolocation,/mnt/ubna_data_01_mir/recover-20220825/UBNA_002/20220823_033000.WAV,Telephone Field,recover-20220825,002,1795
1260.3255,1260.3343,27187,36178,Eptesicus serotinus,0.007,0.022,-1,Echolocation,/mnt/ubna_data_01_mir/recover-20220825/UBNA_002/20220823_033000.WAV,Telephone Field,recover-20220825,002,1795
1260.3605,1260.3725,22031,25559,Nyctalus leisleri,0.014,0.023,-1,Echolocation,/mnt/ubna_data_01_mir/recover-20220825/UBNA_002/20220823_033000.WAV,Telephone Field,recover-20220825,002,1795
1260.3695,1260.4085,68437,82257,Rhinolophus ferrumequinum,0.027,0.027,-1,Echolocation,/mnt/ubna_data_01_mir/recover-20220825/UBNA_002/20220823_033000.WAV,Telephone Field,recover-20220825,002,1795
1260.3715,1260.3791,27187,40748,Eptesicus serotinus,0.007,0.023,-1,Echolocation,/mnt/ubna_data_01_mir/recover-20220825/UBNA_002/20220823_033000.WAV,Telephone Field,recover-20220825,002,1795
1260.3865,1260.3943,28046,39662,Eptesicus serotinus,0.007,0.022,-1,Echolocation,/mnt/ubna_data_01_mir/recover-20220825/UBNA_002/20220823_033000.WAV,Telephone Field,recover-20220825,002,1795
1260.4255,1260.434,50390,56471,Pipistrellus pipistrellus,0.02,0.023,-1,Echolocation,/mnt/ubna_data_01_mir/recover-20220825/UBNA_002/20220823_033000.WAV,Telephone Field,recover-20220825,002,1795
1260.4265,1260.4664,68437,82290,Rhinolophus ferrumequinum,0.024,0.024,-1,Echolocation,/mnt/ubna_data_01_mir/recover-20220825/UBNA_002/20220823_033000.WAV,Telephone Field,recover-20220825,002,1795
1260.4305,1260.4423,27187,32653,Eptesicus serotinus,0.085,0.151,-1,Echolocation,/mnt/ubna_data_01_mir/recover-20220825/UBNA_002/20220823_033000.WAV,Telephone Field,recover-20220825,002,1795
1260.4715,1260.4801,28046,38333,Eptesicus serotinus,0.009,0.023,-1,Echolocation,/mnt/ubna_data_01_mir/recover-20220825/UBNA_002/20220823_033000.WAV,Telephone Field,recover-20220825,002,1795
1260.4865,1260.5254,68437,81898,Rhinolophus ferrumequinum,0.022,0.022,-1,Echolocation,/mnt/ubna_data_01_mir/recover-20220825/UBNA_002/20220823_033000.WAV,Telephone Field,recover-20220825,002,1795
1260.4925,1260.5017,28046,37114,Eptesicus serotinus,0.009,0.023,-1,Echolocation,/mnt/ubna_data_01_mir/recover-20220825/UBNA_002/20220823_033000.WAV,Telephone Field,recover-20220825,002,1795
1260.5225,1260.5614,68437,82321,Rhinolophus ferrumequinum,0.022,0.022,-1,Echolocation,/mnt/ubna_data_01_mir/recover-20220825/UBNA_002/20220823_033000.WAV,Telephone Field,recover-20220825,002,1795
1260.5445,1260.5558,27187,33527,Eptesicus serotinus,0.019,0.035,-1,Echolocation,/mnt/ubna_data_01_mir/recover-20220825/UBNA_002/20220823_033000.WAV,Telephone Field,recover-20220825,002,1795
1260.5515,1260.5908,68437,82448,Rhinolophus ferrumequinum,0.024,0.024,-1,Echolocation,/mnt/ubna_data_01_mir/recover-20220825/UBNA_002/20220823_033000.WAV,Telephone Field,recover-20220825,002,1795
1260.5625,1260.5757,25468,31387,Eptesicus serotinus,0.061,0.139,-1,Echolocation,/mnt/ubna_data_01_mir/recover-20220825/UBNA_002/20220823_033000.WAV,Telephone Field,recover-20220825,002,1795
1260.6135,1260.62,47812,53289,Pipistrellus pipistrellus,0.024,0.025,-1,Echolocation,/mnt/ubna_data_01_mir/recover-20220825/UBNA_002/20220823_033000.WAV,Telephone Field,recover-20220825,002,1795
1260.6135,1260.6515,68437,82572,Rhinolophus ferrumequinum,0.023,0.023,-1,Echolocation,/mnt/ubna_data_01_mir/recover-20220825/UBNA_002/20220823_033000.WAV,Telephone Field,recover-20220825,002,1795
1260.6275,1260.6349,27187,37119,Eptesicus serotinus,0.011,0.033,-1,Echolocation,/mnt/ubna_data_01_mir/recover-20220825/UBNA_002/20220823_033000.WAV,Telephone Field,recover-20220825,002,1795
1260.6555,1260.6936,68437,81447,Rhinolophus ferrumequinum,0.023,0.023,-1,Echolocation,/mnt/ubna_data_01_mir/recover-20220825/UBNA_002/20220823_033000.WAV,Telephone Field,recover-20220825,002,1795
1260.6675,1260.6762,28046,40972,Eptesicus serotinus,0.013,0.033,-1,Echolocation,/mnt/ubna_data_01_mir/recover-20220825/UBNA_002/20220823_033000.WAV,Telephone Field,recover-20220825,002,1795
1260.6825,1260.6916,26328,35112,Nyctalus leisleri,0.321,0.661,-1,Echolocation,/mnt/ubna_data_01_mir/recover-20220825/UBNA_002/20220823_033000.WAV,Telephone Field,recover-20220825,002,1795
1260.6955,1260.7346,68437,82531,Rhinolophus ferrumequinum,0.024,0.024,-1,Echolocation,/mnt/ubna_data_01_mir/recover-20220825/UBNA_002/20220823_033000.WAV,Telephone Field,recover-20220825,002,1795
1260.7265,1260.7673,68437,82648,Rhinolophus ferrumequinum,0.027,0.027,-1,Echolocation,/mnt/ubna_data_01_mir/recover-20220825/UBNA_002/20220823_033000.WAV,Telephone Field,recover-20220825,002,1795
1260.7875,1260.8248,68437,81761,Rhinolophus ferrumequinum,0.022,0.022,-1,Echolocation,/mnt/ubna_data_01_mir/recover-20220825/UBNA_002/20220823_033000.WAV,Telephone Field,recover-20220825,002,1795
1260.7895,1260.7982,28046,37229,Eptesicus serotinus,0.008,0.023,-1,Echolocation,/mnt/ubna_data_01_mir/recover-20220825/UBNA_002/20220823_033000.WAV,Telephone Field,recover-20220825,002,1795
1260.7985,1260.8059,28046,37308,Eptesicus serotinus,0.006,0.024,-1,Echolocation,/mnt/ubna_data_01_mir/recover-20220825/UBNA_002/20220823_033000.WAV,Telephone Field,recover-20220825,002,1795
1260.8105,1260.82,26328,34623,Nyctalus leisleri,0.406,0.688,-1,Echolocation,/mnt/ubna_data_01_mir/recover-20220825/UBNA_002/20220823_033000.WAV,Telephone Field,recover-20220825,002,1795
1260.8665,1260.9096,68437,82941,Rhinolophus ferrumequinum,0.037,0.037,-1,Echolocation,/mnt/ubna_data_01_mir/recover-20220825/UBNA_002/20220823_033000.WAV,Telephone Field,recover-20220825,002,1795
1260.8715,1260.8791,28906,39290,Eptesicus serotinus,0.007,0.023,-1,Echolocation,/mnt/ubna_data_01_mir/recover-20220825/UBNA_002/20220823_033000.WAV,Telephone Field,recover-20220825,002,1795
1260.9205,1260.9595,68437,81791,Rhinolophus ferrumequinum,0.032,0.032,-1,Echolocation,/mnt/ubna_data_01_mir/recover-20220825/UBNA_002/20220823_033000.WAV,Telephone Field,recover-20220825,002,1795
1260.9375,1260.9474,26328,40181,Eptesicus serotinus,0.372,0.678,-1,Echolocation,/mnt/ubna_data_01_mir/recover-20220825/UBNA_002/20220823_033000.WAV,Telephone Field,recover-20220825,002,1795
1260.9465,1260.9832,68437,82439,Rhinolophus ferrumequinum,0.023,0.023,-1,Echolocation,/mnt/ubna_data_01_mir/recover-20220825/UBNA_002/20220823_033000.WAV,Telephone Field,recover-20220825,002,1795
1260.9645,1261.0052,68437,83179,Rhinolophus ferrumequinum,0.034,0.034,-1,Echolocation,/mnt/ubna_data_01_mir/recover-20220825/UBNA_002/20220823_033000.WAV,Telephone Field,recover-20220825,002,1795
1260.9775,1260.9858,44375,48850,Pipistrellus pipistrellus,0.022,0.023,-1,Echolocation,/mnt/ubna_data_01_mir/recover-20220825/UBNA_002/20220823_033000.WAV,Telephone Field,recover-20220825,002,1795
1260.9925,1261.0035,22031,26415,Nyctalus leisleri,0.012,0.023,-1,Echolocation,/mnt/ubna_data_01_mir/recover-20220825/UBNA_002/20220823_033000.WAV,Telephone Field,recover-20220825,002,1795
1261.0155,1261.0531,68437,81900,Rhinolophus ferrumequinum,0.027,0.027,-1,Echolocation,/mnt/ubna_data_01_mir/recover-20220825/UBNA_002/20220823_033000.WAV,Telephone Field,recover-20220825,002,1795
1261.0455,1261.055,28906,37953,Eptesicus serotinus,0.008,0.023,-1,Echolocation,/mnt/ubna_data_01_mir/recover-20220825/UBNA_002/20220823_033000.WAV,Telephone Field,recover-20220825,002,1795
1261.0755,1261.0861,26328,34291,Eptesicus serotinus,0.284,0.534,-1,Echolocation,/mnt/ubna_data_01_mir/recover-20220825/UBNA_002/20220823_033000.WAV,Telephone Field,recover-20220825,002,1795
1261.1045,1261.1434,68437,82558,Rhinolophus ferrumequinum,0.034,0.034,-1,Echolocation,/mnt/ubna_data_01_mir/recover-20220825/UBNA_002/20220823_033000.WAV,Telephone Field,recover-20220825,002,1795
1261.1285,1261.1642,68437,81160,Rhinolophus ferrumequinum,0.024,0.024,-1,Echolocation,/mnt/ubna_data_01_mir/recover-20220825/UBNA_002/20220823_033000.WAV,Telephone Field,recover-20220825,002,1795
1261.1305,1261.1392,31484,41825,Barbastellus barbastellus,0.008,0.033,-1,Echolocation,/mnt/ubna_data_01_mir/recover-20220825/UBNA_002/20220823_033000.WAV,Telephone Field,recover-20220825,002,1795
1261.1625,1261.2032,68437,82981,Rhinolophus ferrumequinum,0.024,0.024,-1,Echolocation,/mnt/ubna_data_01_mir/recover-20220825/UBNA_002/20220823_033000.WAV,Telephone Field,recover-20220825,002,1795
1261.1655,1261.172,28046,40718,Myotis daubentonii,0.007,0.029,-1,Echolocation,/mnt/ubna_data_01_mir/recover-20220825/UBNA_002/20220823_033000.WAV,Telephone Field,recover-20220825,002,1795
1261.2115,1261.2195,27187,37452,Eptesicus serotinus,0.408,0.678,-1,Echolocation,/mnt/ubna_data_01_mir/recover-20220825/UBNA_002/20220823_033000.WAV,Telephone Field,recover-20220825,002,1795
1261.2195,1261.26,68437,82922,Rhinolophus ferrumequinum,0.024,0.024,-1,Echolocation,/mnt/ubna_data_01_mir/recover-20220825/UBNA_002/20220823_033000.WAV,Telephone Field,recover-20220825,002,1795
1261.2245,1261.2651,68437,82822,Rhinolophus ferrumequinum,0.024,0.024,-1,Echolocation,/mnt/ubna_data_01_mir/recover-20220825/UBNA_002/20220823_033000.WAV,Telephone Field,recover-20220825,002,1795
1261.2795,1261.2872,27187,41462,Eptesicus serotinus,0.009,0.026,-1,Echolocation,/mnt/ubna_data_01_mir/recover-20220825/UBNA_002/20220823_033000.WAV,Telephone Field,recover-20220825,002,1795
1261.3045,1261.3432,68437,81179,Rhinolophus ferrumequinum,0.025,0.026,-1,Echolocation,/mnt/ubna_data_01_mir/recover-20220825/UBNA_002/20220823_033000.WAV,Telephone Field,recover-20220825,002,1795
1261.3115,1261.3479,68437,81853,Rhinolophus ferrumequinum,0.025,0.025,-1,Echolocation,/mnt/ubna_data_01_mir/recover-20220825/UBNA_002/20220823_033000.WAV,Telephone Field,recover-20220825,002,1795
1261.3425,1261.3517,25468,34690,Eptesicus serotinus,0.377,0.564,-1,Echolocation,/mnt/ubna_data_01_mir/recover-20220825/UBNA_002/20220823_033000.WAV,Telephone Field,recover-20220825,002,1795
1261.3635,1261.3766,22031,26277,Nyctalus leisleri,0.019,0.033,-1,Echolocation,/mnt/ubna_data_01_mir/recover-20220825/UBNA_002/20220823_033000.WAV,Telephone Field,recover-20220825,002,1795
1261.3845,1261.3932,28906,37604,Eptesicus serotinus,0.009,0.023,-1,Echolocation,/mnt/ubna_data_01_mir/recover-20220825/UBNA_002/20220823_033000.WAV,Telephone Field,recover-20220825,002,1795
1261.3865,1261.3964,48671,54795,Pipistrellus pipistrellus,0.021,0.023,-1,Echolocation,/mnt/ubna_data_01_mir/recover-20220825/UBNA_002/20220823_033000.WAV,Telephone Field,recover-20220825,002,1795
1261.4605,1261.4685,26328,38463,Eptesicus serotinus,0.006,0.022,-1,Echolocation,/mnt/ubna_data_01_mir/recover-20220825/UBNA_002/20220823_033000.WAV,Telephone Field,recover-20220825,002,1795
1261.4615,1261.4684,47812,52151,Pipistrellus pipistrellus,0.031,0.032,-1,Echolocation,/mnt/ubna_data_01_mir/recover-20220825/UBNA_002/20220823_033000.WAV,Telephone Field,recover-20220825,002,1795
1261.4755,1261.4843,26328,37313,Eptesicus serotinus,0.348,0.71,-1,Echolocation,/mnt/ubna_data_01_mir/recover-20220825/UBNA_002/20220823_033000.WAV,Telephone Field,recover-20220825,002,1795
1261.4945,1261.5281,68437,81148,Rhinolophus ferrumequinum,0.025,0.025,-1,Echolocation,/mnt/ubna_data_01_mir/recover-20220825/UBNA_002/20220823_033000.WAV,Telephone Field,recover-20220825,002,1795
1261.4965,1261.5043,26328,36964,Eptesicus serotinus,0.007,0.028,-1,Echolocation,/mnt/ubna_data_01_mir/recover-20220825/UBNA_002/20220823_033000.WAV,Telephone Field,recover-20220825,002,1795
1261.5035,1261.5156,22890,27201,Nyctalus leisleri,0.017,0.029,-1,Echolocation,/mnt/ubna_data_01_mir/recover-20220825/UBNA_002/20220823_033000.WAV,Telephone Field,recover-20220825,002,1795
1261.5135,1261.5234,46953,51780,Pipistrellus pipistrellus,0.023,0.025,-1,Echolocation,/mnt/ubna_data_01_mir/recover-20220825/UBNA_002/20220823_033000.WAV,Telephone Field,recover-20220825,002,1795
1261.5135,1261.5517,68437,81987,Rhinolophus ferrumequinum,0.027,0.027,-1,Echolocation,/mnt/ubna_data_01_mir/recover-20220825/UBNA_002/20220823_033000.WAV,Telephone Field,recover-20220825,002,1795
1261.5555,1261.5634,47812,53372,Pipistrellus pipistrellus,0.024,0.025,-1,Echolocation,/mnt/ubna_data_01_mir/recover-20220825/UBNA_002/20220823_033000.WAV,Telephone Field,recover-20220825,002,1795
1261.6065,1261.6161,26328,34567,Nyctalus leisleri,0.329,0.668,-1,Echolocation,/mnt/ubna_data_01_mir/recover-20220825/UBNA_002/20220823_033000.WAV,Telephone Field,recover-20220825,002,1795
1261.6125,1261.6511,68437,82040,Rhinolophus ferrumequinum,0.025,0.025,-1,Echolocation,/mnt/ubna_data_01_mir/recover-20220825/UBNA_002/20220823_033000.WAV,Telephone Field,recover-20220825,002,1795
1261.6365,1261.6742,68437,81529,Rhinolophus ferrumequinum,0.023,0.023,-1,Echolocation,/mnt/ubna_data_01_mir/recover-20220825/UBNA_002/20220823_033000.WAV,Telephone Field,recover-20220825,002,1795
1261.6455,1261.6676,16875,20532,Nyctalus noctula,0.02,0.03,-1,Echolocation,/mnt/ubna_data_01_mir/recover-20220825/UBNA_002/20220823_033000.WAV,Telephone Field,recover-20220825,002,1795
1261.6605,1261.6685,33203,43504,Myotis daubentonii,0.008,0.022,-1,Echolocation,/mnt/ubna_data_01_mir/recover-20220825/UBNA_002/20220823_033000.WAV,Telephone Field,recover-20220825,002,1795
1261.6605,1261.6681,27187,39763,Eptesicus serotinus,0.008,0.025,-1,Echolocation,/mnt/ubna_data_01_mir/recover-20220825/UBNA_002/20220823_033000.WAV,Telephone Field,recover-20220825,002,1795
1261.6815,1261.6884,50390,57861,Pipistrellus pipistrellus,0.023,0.027,-1,Echolocation,/mnt/ubna_data_01_mir/recover-20220825/UBNA_002/20220823_033000.WAV,Telephone Field,recover-20220825,002,1795
1261.6995,1261.7096,27187,33949,Eptesicus serotinus,0.118,0.21,-1,Echolocation,/mnt/ubna_data_01_mir/recover-20220825/UBNA_002/20220823_033000.WAV,Telephone Field,recover-20220825,002,1795
1261.7005,1261.7389,68437,81999,Rhinolophus ferrumequinum,0.022,0.023,-1,Echolocation,/mnt/ubna_data_01_mir/recover-20220825/UBNA_002/20220823_033000.WAV,Telephone Field,recover-20220825,002,1795
1261.7195,1261.7298,22890,28065,Nyctalus leisleri,0.01,0.023,-1,Echolocation,/mnt/ubna_data_01_mir/recover-20220825/UBNA_002/20220823_033000.WAV,Telephone Field,recover-20220825,002,1795
1261.7385,1261.7527,21171,25450,Nyctalus leisleri,0.012,0.025,-1,Echolocation,/mnt/ubna_data_01_mir/recover-20220825/UBNA_002/20220823_033000.WAV,Telephone Field,recover-20220825,002,1795
1261.7395,1261.778,68437,81917,Rhinolophus ferrumequinum,0.023,0.023,-1,Echolocation,/mnt/ubna_data_01_mir/recover-20220825/UBNA_002/20220823_033000.WAV,Telephone Field,recover-20220825,002,1795
1261.7915,1261.8037,24609,30870,Nyctalus leisleri,0.015,0.038,-1,Echolocation,/mnt/ubna_data_01_mir/recover-20220825/UBNA_002/20220823_033000.WAV,Telephone Field,recover-20220825,002,1795
1261.8415,1261.8504,28906,38015,Eptesicus serotinus,0.009,0.023,-1,Echolocation,/mnt/ubna_data_01_mir/recover-20220825/UBNA_002/20220823_033000.WAV,Telephone Field,recover-20220825,002,1795
1261.8695,1261.9105,68437,83182,Rhinolophus ferrumequinum,0.023,0.023,-1,Echolocation,/mnt/ubna_data_01_mir/recover-20220825/UBNA_002/20220823_033000.WAV,Telephone Field,recover-20220825,002,1795
1261.8715,1261.8799,28046,40022,Eptesicus serotinus,0.008,0.023,-1,Echolocation,/mnt/ubna_data_01_mir/recover-20220825/UBNA_002/20220823_033000.WAV,Telephone Field,recover-20220825,002,1795
1261.8775,1261.8961,18593,22983,Nyctalus noctula,0.025,0.038,-1,Echolocation,/mnt/ubna_data_01_mir/recover-20220825/UBNA_002/20220823_033000.WAV,Telephone Field,recover-20220825,002,1795
1261.9005,1261.9135,22890,27942,Nyctalus leisleri,0.017,0.032,-1,Echolocation,/mnt/ubna_data_01_mir/recover-20220825/UBNA_002/20220823_033000.WAV,Telephone Field,recover-20220825,002,1795
1261.9295,1261.9394,28046,36458,Eptesicus serotinus,0.015,0.028,-1,Echolocation,/mnt/ubna_data_01_mir/recover-20220825/UBNA_002/20220823_033000.WAV,Telephone Field,recover-20220825,002,1795
1261.9395,1261.9767,68437,82131,Rhinolophus ferrumequinum,0.022,0.022,-1,Echolocation,/mnt/ubna_data_01_mir/recover-20220825/UBNA_002/20220823_033000.WAV,Telephone Field,recover-20220825,002,1795
1261.9445,1261.9541,26328,34587,Eptesicus serotinus,0.008,0.025,-1,Echolocation,/mnt/ubna_data_01_mir/recover-20220825/UBNA_002/20220823_033000.WAV,Telephone Field,recover-20220825,002,1795
1261.9545,1261.992,68437,82253,Rhinolophus ferrumequinum,0.024,0.024,-1,Echolocation,/mnt/ubna_data_01_mir/recover-20220825/UBNA_002/20220823_033000.WAV,Telephone Field,recover-20220825,002,1795
1261.9765,1261.9863,22031,27728,Nyctalus leisleri,0.009,0.024,-1,Echolocation,/mnt/ubna_data_01_mir/recover-20220825/UBNA_002/20220823_033000.WAV,Telephone Field,recover-20220825,002,1795
1261.9865,1261.9974,22890,30016,Nyctalus leisleri,0.01,0.027,-1,Echolocation,/mnt/ubna_data_01_mir/recover-20220825/UBNA_002/20220823_033000.WAV,Telephone Field,recover-20220825,002,1795
1262.0015,1262.0311,68437,79800,Rhinolophus ferrumequinum,0.028,0.029,-1,Echolocation,/mnt/ubna_data_01_mir/recover-20220825/UBNA_002/20220823_033000.WAV,Telephone Field,recover-20220825,002,1795
1262.0015,1262.0102,27187,36049,Nyctalus leisleri,0.007,0.026,-1,Echolocation,/mnt/ubna_data_01_mir/recover-20220825/UBNA_002/20220823_033000.WAV,Telephone Field,recover-20220825,002,1795
1262.0235,1262.0354,26328,31982,Eptesicus serotinus,0.192,0.381,-1,Echolocation,/mnt/ubna_data_01_mir/recover-20220825/UBNA_002/20220823_033000.WAV,Telephone Field,recover-20220825,002,1795
1262.0655,1262.102,68437,81540,Rhinolophus ferrumequinum,0.023,0.023,-1,Echolocation,/mnt/ubna_data_01_mir/recover-20220825/UBNA_002/20220823_033000.WAV,Telephone Field,recover-20220825,002,1795
1262.0705,1262.1048,68437,81303,Rhinolophus ferrumequinum,0.022,0.023,-1,Echolocation,/mnt/ubna_data_01_mir/recover-20220825/UBNA_002/20220823_033000.WAV,Telephone Field,recover-20220825,002,1795
1262.0935,1262.1297,68437,81230,Rhinolophus ferrumequinum,0.027,0.027,-1,Echolocation,/mnt/ubna_data_01_mir/recover-20220825/UBNA_002/20220823_033000.WAV,Telephone Field,recover-20220825,002,1795
1262.0965,1262.108,22031,26924,Nyctalus leisleri,0.013,0.031,-1,Echolocation,/mnt/ubna_data_01_mir/recover-20220825/UBNA_002/20220823_033000.WAV,Telephone Field,recover-20220825,002,1795
1262.1475,1262.1848,68437,81473,Rhinolophus ferrumequinum,0.021,0.021,-1,Echolocation,/mnt/ubna_data_01_mir/recover-20220825/UBNA_002/20220823_033000.WAV,Telephone Field,recover-20220825,002,1795
1262.1715,1262.1815,22890,28855,Nyctalus leisleri,0.01,0.026,-1,Echolocation,/mnt/ubna_data_01_mir/recover-20220825/UBNA_002/20220823_033000.WAV,Telephone Field,recover-20220825,002,1795
1262.1875,1262.195,28046,40783,Eptesicus serotinus,0.007,0.021,-1,Echolocation,/mnt/ubna_data_01_mir/recover-20220825/UBNA_002/20220823_033000.WAV,Telephone Field,recover-20220825,002,1795
1262.2295,1262.2379,28046,40506,Eptesicus serotinus,0.008,0.021,-1,Echolocation,/mnt/ubna_data_01_mir/recover-20220825/UBNA_002/20220823_033000.WAV,Telephone Field,recover-20220825,002,1795
1262.2695,1262.307,68437,81700,Rhinolophus ferrumequinum,0.022,0.022,-1,Echolocation,/mnt/ubna_data_01_mir/recover-20220825/UBNA_002/20220823_033000.WAV,Telephone Field,recover-20220825,002,1795
1262.2775,1262.3174,68437,82360,Rhinolophus ferrumequinum,0.021,0.021,-1,Echolocation,/mnt/ubna_data_01_mir/recover-20220825/UBNA_002/20220823_033000.WAV,Telephone Field,recover-20220825,002,1795
1262.2805,1262.2907,26328,33323,Eptesicus serotinus,0.015,0.033,-1,Echolocation,/mnt/ubna_data_01_mir/recover-20220825/UBNA_002/20220823_033000.WAV,Telephone Field,recover-20220825,002,1795
1262.3465,1262.3802,68437,81157,Rhinolophus ferrumequinum,0.021,0.021,-1,Echolocation,/mnt/ubna_data_01_mir/recover-20220825/UBNA_002/20220823_033000.WAV,Telephone Field,recover-20220825,002,1795
1262.3585,1262.3953,68437,82135,Rhinolophus ferrumequinum,0.02,0.02,-1,Echolocation,/mnt/ubna_data_01_mir/recover-20220825/UBNA_002/20220823_033000.WAV,Telephone Field,recover-20220825,002,1795
1262.3755,1262.4137,68437,82012,Rhinolophus ferrumequinum,0.022,0.022,-1,Echolocation,/mnt/ubna_data_01_mir/recover-20220825/UBNA_002/20220823_033000.WAV,Telephone Field,recover-20220825,002,1795
1262.3765,1262.3839,24609,33019,Plecotus austriacus,0.006,0.022,-1,Echolocation,/mnt/ubna_data_01_mir/recover-20220825/UBNA_002/20220823_033000.WAV,Telephone Field,recover-20220825,002,1795
1262.3825,1262.4202,68437,81568,Rhinolophus ferrumequinum,0.021,0.021,-1,Echolocation,/mnt/ubna_data_01_mir/recover-20220825/UBNA_002/20220823_033000.WAV,Telephone Field,recover-20220825,002,1795
1262.3985,1262.439,68437,82183,Rhinolophus ferrumequinum,0.02,0.02,-1,Echolocation,/mnt/ubna_data_01_mir/recover-20220825/UBNA_002/20220823_033000.WAV,Telephone Field,recover-20220825,002,1795
1262.4045,1262.415,22890,28331,Nyctalus leisleri,0.01,0.021,-1,Echolocation,/mnt/ubna_data_01_mir/recover-20220825/UBNA_002/20220823_033000.WAV,Telephone Field,recover-20220825,002,1795
1262.4185,1262.4278,27187,34392,Eptesicus serotinus,0.014,0.032,-1,Echolocation,/mnt/ubna_data_01_mir/recover-20220825/UBNA_002/20220823_033000.WAV,Telephone Field,recover-20220825,002,1795
1262.4205,1262.4627,68437,82801,Rhinolophus ferrumequinum,0.023,0.023,-1,Echolocation,/mnt/ubna_data_01_mir/recover-20220825/UBNA_002/20220823_033000.WAV,Telephone Field,recover-20220825,002,1795
1262.4425,1262.4827,68437,81974,Rhinolophus ferrumequinum,0.025,0.025,-1,Echolocation,/mnt/ubna_data_01_mir/recover-20220825/UBNA_002/20220823_033000.WAV,Telephone Field,recover-20220825,002,1795
1262.4685,1262.512,68437,83364,Rhinolophus ferrumequinum,0.03,0.03,-1,Echolocation,/mnt/ubna_data_01_mir/recover-20220825/UBNA_002/20220823_033000.WAV,Telephone Field,recover-20220825,002,1795
1262.5195,1262.5554,68437,82299,Rhinolophus ferrumequinum,0.022,0.022,-1,Echolocation,/mnt/ubna_data_01_mir/recover-20220825/UBNA_002/20220823_033000.WAV,Telephone Field,recover-20220825,002,1795
1262.5595,1262.5692,24609,31531,Nyctalus leisleri,0.007,0.022,-1,Echolocation,/mnt/ubna_data_01_mir/recover-20220825/UBNA_002/20220823_033000.WAV,Telephone Field,recover-20220825,002,1795
1262.5715,1262.6108,68437,82005,Rhinolophus ferrumequinum,0.021,0.021,-1,Echolocation,/mnt/ubna_data_01_mir/recover-20220825/UBNA_002/20220823_033000.WAV,Telephone Field,recover-20220825,002,1795
1262.6085,1262.6446,68437,81379,Rhinolophus ferrumequinum,0.022,0.022,-1,Echolocation,/mnt/ubna_data_01_mir/recover-20220825/UBNA_002/20220823_033000.WAV,Telephone Field,recover-20220825,002,1795
1262.6175,1262.6521,68437,80904,Rhinolophus ferrumequinum,0.021,0.021,-1,Echolocation,/mnt/ubna_data_01_mir/recover-20220825/UBNA_002/20220823_033000.WAV,Telephone Field,recover-20220825,002,1795
1262.6715,1262.6818,22031,27266,Nyctalus leisleri,0.013,0.03,-1,Echolocation,/mnt/ubna_data_01_mir/recover-20220825/UBNA_002/20220823_033000.WAV,Telephone Field,recover-20220825,002,1795
1262.6785,1262.7151,68437,81578,Rhinolophus ferrumequinum,0.022,0.022,-1,Echolocation,/mnt/ubna_data_01_mir/recover-20220825/UBNA_002/20220823_033000.WAV,Telephone Field,recover-20220825,002,1795
1262.6975,1262.7097,26328,31037,Eptesicus serotinus,0.046,0.097,-1,Echolocation,/mnt/ubna_data_01_mir/recover-20220825/UBNA_002/20220823_033000.WAV,Telephone Field,recover-20220825,002,1795
1262.8045,1262.8413,68437,81992,Rhinolophus ferrumequinum,0.025,0.025,-1,Echolocation,/mnt/ubna_data_01_mir/recover-20220825/UBNA_002/20220823_033000.WAV,Telephone Field,recover-20220825,002,1795
1262.8135,1262.8512,68437,81423,Rhinolophus ferrumequinum,0.02,0.02,-1,Echolocation,/mnt/ubna_data_01_mir/recover-20220825/UBNA_002/20220823_033000.WAV,Telephone Field,recover-20220825,002,1795
1262.8355,1262.8453,26328,34427,Eptesicus serotinus,0.009,0.02,-1,Echolocation,/mnt/ubna_data_01_mir/recover-20220825/UBNA_002/20220823_033000.WAV,Telephone Field,recover-20220825,002,1795
1262.8535,1262.8891,68437,80543,Rhinolophus ferrumequinum,0.022,0.022,-1,Echolocation,/mnt/ubna_data_01_mir/recover-20220825/UBNA_002/20220823_033000.WAV,Telephone Field,recover-20220825,002,1795
1262.8705,1262.8777,26328,36279,Eptesicus serotinus,0.009,0.03,-1,Echolocation,/mnt/ubna_data_01_mir/recover-20220825/UBNA_002/20220823_033000.WAV,Telephone Field,recover-20220825,002,1795
1262.8775,1262.9155,68437,82152,Rhinolophus ferrumequinum,0.02,0.02,-1,Echolocation,/mnt/ubna_data_01_mir/recover-20220825/UBNA_002/20220823_033000.WAV,Telephone Field,recover-20220825,002,1795
1262.8875,1262.9274,68437,82003,Rhinolophus ferrumequinum,0.022,0.022,-1,Echolocation,/mnt/ubna_data_01_mir/recover-20220825/UBNA_002/20220823_033000.WAV,Telephone Field,recover-20220825,002,1795
1262.9115,1262.9467,68437,81011,Rhinolophus ferrumequinum,0.021,0.021,-1,Echolocation,/mnt/ubna_data_01_mir/recover-20220825/UBNA_002/20220823_033000.WAV,Telephone Field,recover-20220825,002,1795
1262.9165,1262.9274,25468,32685,Eptesicus serotinus,0.008,0.022,-1,Echolocation,/mnt/ubna_data_01_mir/recover-20220825/UBNA_002/20220823_033000.WAV,Telephone Field,recover-20220825,002,1795
1263.0885,1263.1237,68437,81512,Rhinolophus ferrumequinum,0.02,0.02,-1,Echolocation,/mnt/ubna_data_01_mir/recover-20220825/UBNA_002/20220823_033000.WAV,Telephone Field,recover-20220825,002,1795
1263.0905,1263.1017,34921,40277,Eptesicus serotinus,0.006,0.027,-1,Echolocation,/mnt/ubna_data_01_mir/recover-20220825/UBNA_002/20220823_033000.WAV,Telephone Field,recover-20220825,002,1795
1263.0945,1263.1039,28046,37695,Eptesicus serotinus,0.01,0.025,-1,Echolocation,/mnt/ubna_data_01_mir/recover-20220825/UBNA_002/20220823_033000.WAV,Telephone Field,recover-20220825,002,1795
1263.1355,1263.1431,28046,39804,Eptesicus serotinus,0.007,0.022,-1,Echolocation,/mnt/ubna_data_01_mir/recover-20220825/UBNA_002/20220823_033000.WAV,Telephone Field,recover-20220825,002,1795
1263.1625,1263.1705,28046,38525,Eptesicus serotinus,0.007,0.02,-1,Echolocation,/mnt/ubna_data_01_mir/recover-20220825/UBNA_002/20220823_033000.WAV,Telephone Field,recover-20220825,002,1795
1263.1925,1263.2299,68437,81901,Rhinolophus ferrumequinum,0.02,0.02,-1,Echolocation,/mnt/ubna_data_01_mir/recover-20220825/UBNA_002/20220823_033000.WAV,Telephone Field,recover-20220825,002,1795
1263.2055,1263.2446,68437,82285,Rhinolophus ferrumequinum,0.023,0.024,-1,Echolocation,/mnt/ubna_data_01_mir/recover-20220825/UBNA_002/20220823_033000.WAV,Telephone Field,recover-20220825,002,1795
1263.2185,1263.2254,27187,41789,Eptesicus serotinus,0.006,0.022,-1,Echolocation,/mnt/ubna_data_01_mir/recover-20220825/UBNA_002/20220823_033000.WAV,Telephone Field,recover-20220825,002,1795
1263.2315,1263.2725,68437,83508,Rhinolophus ferrumequinum,0.038,0.038,-1,Echolocation,/mnt/ubna_data_01_mir/recover-20220825/UBNA_002/20220823_033000.WAV,Telephone Field,recover-20220825,002,1795
1263.2815,1263.2892,23750,32618,Plecotus austriacus,0.008,0.02,-1,Echolocation,/mnt/ubna_data_01_mir/recover-20220825/UBNA_002/20220823_033000.WAV,Telephone Field,recover-20220825,002,1795
1263.2865,1263.295,28906,38048,Eptesicus serotinus,0.008,0.02,-1,Echolocation,/mnt/ubna_data_01_mir/recover-20220825/UBNA_002/20220823_033000.WAV,Telephone Field,recover-20220825,002,1795
1263.3085,1263.3504,68437,82604,Rhinolophus ferrumequinum,0.021,0.021,-1,Echolocation,/mnt/ubna_data_01_mir/recover-20220825/UBNA_002/20220823_033000.WAV,Telephone Field,recover-20220825,002,1795
1263.3365,1263.3451,28046,38145,Eptesicus serotinus,0.008,0.02,-1,Echolocation,/mnt/ubna_data_01_mir/recover-20220825/UBNA_002/20220823_033000.WAV,Telephone Field,recover-20220825,002,1795
1263.3805,1263.4184,68437,81610,Rhinolophus ferrumequinum,0.021,0.021,-1,Echolocation,/mnt/ubna_data_01_mir/recover-20220825/UBNA_002/20220823_033000.WAV,Telephone Field,recover-20220825,002,1795
1263.4465,1263.4564,28906,36530,Eptesicus serotinus,0.023,0.04,-1,Echolocation,/mnt/ubna_data_01_mir/recover-20220825/UBNA_002/20220823_033000.WAV,Telephone Field,recover-20220825,002,1795
1263.4735,1263.4826,28046,39416,Eptesicus serotinus,0.01,0.024,-1,Echolocation,/mnt/ubna_data_01_mir/recover-20220825/UBNA_002/20220823_033000.WAV,Telephone Field,recover-20220825,002,1795
1263.4945,1263.5352,68437,82735,Rhinolophus ferrumequinum,0.024,0.024,-1,Echolocation,/mnt/ubna_data_01_mir/recover-20220825/UBNA_002/20220823_033000.WAV,Telephone Field,recover-20220825,002,1795
1263.5065,1263.545,68437,81819,Rhinolophus ferrumequinum,0.021,0.021,-1,Echolocation,/mnt/ubna_data_01_mir/recover-20220825/UBNA_002/20220823_033000.WAV,Telephone Field,recover-20220825,002,1795
1263.5185,1263.5552,68437,81531,Rhinolophus ferrumequinum,0.021,0.021,-1,Echolocation,/mnt/ubna_data_01_mir/recover-20220825/UBNA_002/20220823_033000.WAV,Telephone Field,recover-20220825,002,1795
1263.5315,1263.5717,68437,82830,Rhinolophus ferrumequinum,0.021,0.021,-1,Echolocation,/mnt/ubna_data_01_mir/recover-20220825/UBNA_002/20220823_033000.WAV,Telephone Field,recover-20220825,002,1795
1263.5775,1263.6165,68437,82055,Rhinolophus ferrumequinum,0.02,0.02,-1,Echolocation,/mnt/ubna_data_01_mir/recover-20220825/UBNA_002/20220823_033000.WAV,Telephone Field,recover-20220825,002,1795
1263.6045,1263.6133,24609,32708,Eptesicus serotinus,0.006,0.02,-1,Echolocation,/mnt/ubna_data_01_mir/recover-20220825/UBNA_002/20220823_033000.WAV,Telephone Field,recover-20220825,002,1795
1263.6325,1263.644,22890,27551,Nyctalus leisleri,0.012,0.023,-1,Echolocation,/mnt/ubna_data_01_mir/recover-20220825/UBNA_002/20220823_033000.WAV,Telephone Field,recover-20220825,002,1795
1263.6435,1263.6554,22031,26038,Nyctalus leisleri,0.013,0.022,-1,Echolocation,/mnt/ubna_data_01_mir/recover-20220825/UBNA_002/20220823_033000.WAV,Telephone Field,recover-20220825,002,1795
1263.6675,1263.6759,28906,37707,Eptesicus serotinus,0.007,0.021,-1,Echolocation,/mnt/ubna_data_01_mir/recover-20220825/UBNA_002/20220823_033000.WAV,Telephone Field,recover-20220825,002,1795
1263.6915,1263.7318,68437,82338,Rhinolophus ferrumequinum,0.021,0.021,-1,Echolocation,/mnt/ubna_data_01_mir/recover-20220825/UBNA_002/20220823_033000.WAV,Telephone Field,recover-20220825,002,1795
1263.7015,1263.711,23750,30027,Nyctalus leisleri,0.008,0.021,-1,Echolocation,/mnt/ubna_data_01_mir/recover-20220825/UBNA_002/20220823_033000.WAV,Telephone Field,recover-20220825,002,1795
1263.7405,1263.7808,68437,81970,Rhinolophus ferrumequinum,0.021,0.021,-1,Echolocation,/mnt/ubna_data_01_mir/recover-20220825/UBNA_002/20220823_033000.WAV,Telephone Field,recover-20220825,002,1795
1263.7445,1263.7524,28046,41617,Eptesicus serotinus,0.007,0.021,-1,Echolocation,/mnt/ubna_data_01_mir/recover-20220825/UBNA_002/20220823_033000.WAV,Telephone Field,recover-20220825,002,1795
1263.7665,1263.775,28046,37263,Eptesicus serotinus,0.01,0.023,-1,Echolocation,/mnt/ubna_data_01_mir/recover-20220825/UBNA_002/20220823_033000.WAV,Telephone Field,recover-20220825,002,1795
1263.7885,1263.7973,45234,54098,Pipistrellus pipistrellus,0.012,0.02,-1,Echolocation,/mnt/ubna_data_01_mir/recover-20220825/UBNA_002/20220823_033000.WAV,Telephone Field,recover-20220825,002,1795
1263.7945,1263.8029,28046,37553,Eptesicus serotinus,0.009,0.023,-1,Echolocation,/mnt/ubna_data_01_mir/recover-20220825/UBNA_002/20220823_033000.WAV,Telephone Field,recover-20220825,002,1795
1263.8235,1263.8639,68437,82573,Rhinolophus ferrumequinum,0.025,0.025,-1,Echolocation,/mnt/ubna_data_01_mir/recover-20220825/UBNA_002/20220823_033000.WAV,Telephone Field,recover-20220825,002,1795
1263.8355,1263.8419,28046,39203,Eptesicus serotinus,0.005,0.021,-1,Echolocation,/mnt/ubna_data_01_mir/recover-20220825/UBNA_002/20220823_033000.WAV,Telephone Field,recover-20220825,002,1795
1263.8455,1263.8544,24609,32103,Nyctalus leisleri,0.007,0.025,-1,Echolocation,/mnt/ubna_data_01_mir/recover-20220825/UBNA_002/20220823_033000.WAV,Telephone Field,recover-20220825,002,1795
1263.9245,1263.9636,68437,83029,Rhinolophus ferrumequinum,0.025,0.025,-1,Echolocation,/mnt/ubna_data_01_mir/recover-20220825/UBNA_002/20220823_033000.WAV,Telephone Field,recover-20220825,002,1795
1263.9435,1263.9893,68437,83491,Rhinolophus ferrumequinum,0.037,0.037,-1,Echolocation,/mnt/ubna_data_01_mir/recover-20220825/UBNA_002/20220823_033000.WAV,Telephone Field,recover-20220825,002,1795
1263.9605,1263.9706,28906,35513,Eptesicus serotinus,0.01,0.021,-1,Echolocation,/mnt/ubna_data_01_mir/recover-20220825/UBNA_002/20220823_033000.WAV,Telephone Field,recover-20220825,002,1795
1264.0015,1264.0352,68437,80725,Rhinolophus ferrumequinum,0.043,0.043,-1,Echolocation,/mnt/ubna_data_01_mir/recover-20220825/UBNA_002/20220823_033000.WAV,Telephone Field,recover-20220825,002,1795
1264.0015,1264.0102,27187,36395,Nyctalus leisleri,0.007,0.024,-1,Echolocation,/mnt/ubna_data_01_mir/recover-20220825/UBNA_002/20220823_033000.WAV,Telephone Field,recover-20220825,002,1795
1264.0015,1264.01,22031,28215,Nyctalus leisleri,0.008,0.024,-1,Echolocation,/mnt/ubna_data_01_mir/recover-20220825/UBNA_002/20220823_033000.WAV,Telephone Field,recover-20220825,002,1795
1264.0085,1264.0514,68437,82444,Rhinolophus ferrumequinum,0.02,0.02,-1,Echolocation,/mnt/ubna_data_01_mir/recover-20220825/UBNA_002/20220823_033000.WAV,Telephone Field,recover-20220825,002,1795
1264.0175,1264.0601,68437,82856,Rhinolophus ferrumequinum,0.022,0.022,-1,Echolocation,/mnt/ubna_data_01_mir/recover-20220825/UBNA_002/20220823_033000.WAV,Telephone Field,recover-20220825,002,1795
1264.0895,1264.0991,24609,30430,Nyctalus leisleri,0.008,0.021,-1,Echolocation,/mnt/ubna_data_01_mir/recover-20220825/UBNA_002/20220823_033000.WAV,Telephone Field,recover-20220825,002,1795
1264.1085,1264.147,68437,82505,Rhinolophus ferrumequinum,0.025,0.025,-1,Echolocation,/mnt/ubna_data_01_mir/recover-20220825/UBNA_002/20220823_033000.WAV,Telephone Field,recover-20220825,002,1795
1264.1275,1264.1688,68437,82408,Rhinolophus ferrumequinum,0.021,0.021,-1,Echolocation,/mnt/ubna_data_01_mir/recover-20220825/UBNA_002/20220823_033000.WAV,Telephone Field,recover-20220825,002,1795
1264.1285,1264.1392,26328,33274,Eptesicus serotinus,0.021,0.043,-1,Echolocation,/mnt/ubna_data_01_mir/recover-20220825/UBNA_002/20220823_033000.WAV,Telephone Field,recover-20220825,002,1795
1264.1385,1264.1777,68437,82351,Rhinolophus ferrumequinum,0.02,0.02,-1,Echolocation,/mnt/ubna_data_01_mir/recover-20220825/UBNA_002/20220823_033000.WAV,Telephone Field,recover-20220825,002,1795
1264.1555,1264.1905,68437,80889,Rhinolophus ferrumequinum,0.02,0.02,-1,Echolocation,/mnt/ubna_data_01_mir/recover-20220825/UBNA_002/20220823_033000.WAV,Telephone Field,recover-20220825,002,1795
1264.1685,1264.2035,68437,81526,Rhinolophus ferrumequinum,0.029,0.029,-1,Echolocation,/mnt/ubna_data_01_mir/recover-20220825/UBNA_002/20220823_033000.WAV,Telephone Field,recover-20220825,002,1795
1264.1885,1264.1969,26328,34229,Eptesicus serotinus,0.009,0.024,-1,Echolocation,/mnt/ubna_data_01_mir/recover-20220825/UBNA_002/20220823_033000.WAV,Telephone Field,recover-20220825,002,1795
1264.1965,1264.2377,68437,82985,Rhinolophus ferrumequinum,0.026,0.026,-1,Echolocation,/mnt/ubna_data_01_mir/recover-20220825/UBNA_002/20220823_033000.WAV,Telephone Field,recover-20220825,002,1795
1264.2235,1264.2621,68437,81756,Rhinolophus ferrumequinum,0.021,0.021,-1,Echolocation,/mnt/ubna_data_01_mir/recover-20220825/UBNA_002/20220823_033000.WAV,Telephone Field,recover-20220825,002,1795
1264.2485,1264.2865,68437,81491,Rhinolophus ferrumequinum,0.024,0.024,-1,Echolocation,/mnt/ubna_data_01_mir/recover-20220825/UBNA_002/20220823_033000.WAV,Telephone Field,recover-20220825,002,1795
1264.2555,1264.2659,24609,31133,Nyctalus leisleri,0.009,0.025,-1,Echolocation,/mnt/ubna_data_01_mir/recover-20220825/UBNA_002/20220823_033000.WAV,Telephone Field,recover-20220825,002,1795
1264.2695,1264.2869,20312,22993,Nyctalus leisleri,0.014,0.022,-1,Echolocation,/mnt/ubna_data_01_mir/recover-20220825/UBNA_002/20220823_033000.WAV,Telephone Field,recover-20220825,002,1795
1264.3345,1264.344,22890,29462,Plecotus austriacus,0.01,0.027,-1,Echolocation,/mnt/ubna_data_01_mir/recover-20220825/UBNA_002/20220823_033000.WAV,Telephone Field,recover-20220825,002,1795
1264.3525,1264.3932,68437,82472,Rhinolophus ferrumequinum,0.021,0.021,-1,Echolocation,/mnt/ubna_data_01_mir/recover-20220825/UBNA_002/20220823_033000.WAV,Telephone Field,recover-20220825,002,1795
1264.3695,1264.379,22031,27677,Plecotus austriacus,0.007,0.021,-1,Echolocation,/mnt/ubna_data_01_mir/recover-20220825/UBNA_002/20220823_033000.WAV,Telephone Field,recover-20220825,002,1795
1264.3745,1264.4147,68437,82311,Rhinolophus ferrumequinum,0.022,0.022,-1,Echolocation,/mnt/ubna_data_01_mir/recover-20220825/UBNA_002/20220823_033000.WAV,Telephone Field,recover-20220825,002,1795
1264.3865,1264.4221,68437,81634,Rhinolophus ferrumequinum,0.02,0.02,-1,Echolocation,/mnt/ubna_data_01_mir/recover-20220825/UBNA_002/20220823_033000.WAV,Telephone Field,recover-20220825,002,1795
1264.4055,1264.4438,68437,82436,Rhinolophus ferrumequinum,0.022,0.022,-1,Echolocation,/mnt/ubna_data_01_mir/recover-20220825/UBNA_002/20220823_033000.WAV,Telephone Field,recover-20220825,002,1795
1264.4325,1264.4444,23750,28392,Nyctalus leisleri,0.012,0.024,-1,Echolocation,/mnt/ubna_data_01_mir/recover-20220825/UBNA_002/20220823_033000.WAV,Telephone Field,recover-20220825,002,1795
1264.4445,1264.483,68437,81991,Rhinolophus ferrumequinum,0.022,0.022,-1,Echolocation,/mnt/ubna_data_01_mir/recover-20220825/UBNA_002/20220823_033000.WAV,Telephone Field,recover-20220825,002,1795
1264.4495,1264.4615,44375,46993,Pipistrellus pipistrellus,0.032,0.036,-1,Echolocation,/mnt/ubna_data_01_mir/recover-20220825/UBNA_002/20220823_033000.WAV,Telephone Field,recover-20220825,002,1795
1264.4645,1264.4736,22890,30085,Plecotus austriacus,0.007,0.021,-1,Echolocation,/mnt/ubna_data_01_mir/recover-20220825/UBNA_002/20220823_033000.WAV,Telephone Field,recover-20220825,002,1795
1264.4685,1264.4764,28906,43208,Eptesicus serotinus,0.008,0.023,-1,Echolocation,/mnt/ubna_data_01_mir/recover-20220825/UBNA_002/20220823_033000.WAV,Telephone Field,recover-20220825,002,1795
1264.5005,1264.5076,24609,33884,Plecotus austriacus,0.013,0.036,-1,Echolocation,/mnt/ubna_data_01_mir/recover-20220825/UBNA_002/20220823_033000.WAV,Telephone Field,recover-20220825,002,1795
1264.5005,1264.5417,68437,83036,Rhinolophus ferrumequinum,0.029,0.029,-1,Echolocation,/mnt/ubna_data_01_mir/recover-20220825/UBNA_002/20220823_033000.WAV,Telephone Field,recover-20220825,002,1795
1264.5355,1264.5539,20312,23482,Nyctalus leisleri,0.017,0.029,-1,Echolocation,/mnt/ubna_data_01_mir/recover-20220825/UBNA_002/20220823_033000.WAV,Telephone Field,recover-20220825,002,1795
1264.5365,1264.5769,68437,82654,Rhinolophus ferrumequinum,0.02,0.02,-1,Echolocation,/mnt/ubna_data_01_mir/recover-20220825/UBNA_002/20220823_033000.WAV,Telephone Field,recover-20220825,002,1795
1264.5455,1264.5565,37500,41930,Pipistrellus nathusii,0.012,0.022,-1,Echolocation,/mnt/ubna_data_01_mir/recover-20220825/UBNA_002/20220823_033000.WAV,Telephone Field,recover-20220825,002,1795
1264.5585,1264.5965,68437,81831,Rhinolophus ferrumequinum,0.021,0.021,-1,Echolocation,/mnt/ubna_data_01_mir/recover-20220825/UBNA_002/20220823_033000.WAV,Telephone Field,recover-20220825,002,1795
1264.5775,1264.5869,25468,32826,Eptesicus serotinus,0.007,0.02,-1,Echolocation,/mnt/ubna_data_01_mir/recover-20220825/UBNA_002/20220823_033000.WAV,Telephone Field,recover-20220825,002,1795
1264.6225,1264.6312,27187,37894,Eptesicus serotinus,0.007,0.02,-1,Echolocation,/mnt/ubna_data_01_mir/recover-20220825/UBNA_002/20220823_033000.WAV,Telephone Field,recover-20220825,002,1795
1264.6325,1264.6718,68437,82856,Rhinolophus ferrumequinum,0.024,0.024,-1,Echolocation,/mnt/ubna_data_01_mir/recover-20220825/UBNA_002/20220823_033000.WAV,Telephone Field,recover-20220825,002,1795
1264.6415,1264.6809,68437,82289,Rhinolophus ferrumequinum,0.022,0.022,-1,Echolocation,/mnt/ubna_data_01_mir/recover-20220825/UBNA_002/20220823_033000.WAV,Telephone Field,recover-20220825,002,1795
1264.6955,1264.7366,68437,82826,Rhinolophus ferrumequinum,0.026,0.026,-1,Echolocation,/mnt/ubna_data_01_mir/recover-20220825/UBNA_002/20220823_033000.WAV,Telephone Field,recover-20220825,002,1795
1264.7105,1264.7217,28906,35444,Eptesicus serotinus,0.011,0.023,-1,Echolocation,/mnt/ubna_data_01_mir/recover-20220825/UBNA_002/20220823_033000.WAV,Telephone Field,recover-20220825,002,1795
1264.7315,1264.7695,68437,82286,Rhinolophus ferrumequinum,0.021,0.021,-1,Echolocation,/mnt/ubna_data_01_mir/recover-20220825/UBNA_002/20220823_033000.WAV,Telephone Field,recover-20220825,002,1795
1264.7425,1264.7817,68437,81739,Rhinolophus ferrumequinum,0.02,0.02,-1,Echolocation,/mnt/ubna_data_01_mir/recover-20220825/UBNA_002/20220823_033000.WAV,Telephone Field,recover-20220825,002,1795
1264.7785,1264.818,68437,82230,Rhinolophus ferrumequinum,0.02,0.02,-1,Echolocation,/mnt/ubna_data_01_mir/recover-20220825/UBNA_002/20220823_033000.WAV,Telephone Field,recover-20220825,002,1795
1264.7835,1264.7932,22890,28961,Nyctalus leisleri,0.009,0.022,-1,Echolocation,/mnt/ubna_data_01_mir/recover-20220825/UBNA_002/20220823_033000.WAV,Telephone Field,recover-20220825,002,1795
1264.7925,1264.8317,68437,81717,Rhinolophus ferrumequinum,0.02,0.02,-1,Echolocation,/mnt/ubna_data_01_mir/recover-20220825/UBNA_002/20220823_033000.WAV,Telephone Field,recover-20220825,002,1795
1264.8265,1264.8684,68437,82669,Rhinolophus ferrumequinum,0.025,0.025,-1,Echolocation,/mnt/ubna_data_01_mir/recover-20220825/UBNA_002/20220823_033000.WAV,Telephone Field,recover-20220825,002,1795
1264.8595,1264.9049,68437,83352,Rhinolophus ferrumequinum,0.029,0.029,-1,Echolocation,/mnt/ubna_data_01_mir/recover-20220825/UBNA_002/20220823_033000.WAV,Telephone Field,recover-20220825,002,1795
1264.8835,1264.9236,68437,82245,Rhinolophus ferrumequinum,0.028,0.028,-1,Echolocation,/mnt/ubna_data_01_mir/recover-20220825/UBNA_002/20220823_033000.WAV,Telephone Field,recover-20220825,002,1795
1264.8925,1264.9039,22890,27715,Nyctalus leisleri,0.015,0.028,-1,Echolocation,/mnt/ubna_data_01_mir/recover-20220825/UBNA_002/20220823_033000.WAV,Telephone Field,recover-20220825,002,1795
1264.9055,1264.9163,24609,29386,Nyctalus leisleri,0.011,0.023,-1,Echolocation,/mnt/ubna_data_01_mir/recover-20220825/UBNA_002/20220823_033000.WAV,Telephone Field,recover-20220825,002,1795
1264.9225,1264.9328,29765,38318,Eptesicus serotinus,0.01,0.023,-1,Echolocation,/mnt/ubna_data_01_mir/recover-20220825/UBNA_002/20220823_033000.WAV,Telephone Field,recover-20220825,002,1795
1264.9235,1264.9624,68437,82222,Rhinolophus ferrumequinum,0.029,0.029,-1,Echolocation,/mnt/ubna_data_01_mir/recover-20220825/UBNA_002/20220823_033000.WAV,Telephone Field,recover-20220825,002,1795
1264.9345,1264.9722,68437,81811,Rhinolophus ferrumequinum,0.021,0.021,-1,Echolocation,/mnt/ubna_data_01_mir/recover-20220825/UBNA_002/20220823_033000.WAV,Telephone Field,recover-20220825,002,1795
1264.9565,1264.9938,68437,82191,Rhinolophus ferrumequinum,0.02,0.02,-1,Echolocation,/mnt/ubna_data_01_mir/recover-20220825/UBNA_002/20220823_033000.WAV,Telephone Field,recover-20220825,002,1795
1264.9665,1265.0067,68437,81957,Rhinolophus ferrumequinum,0.023,0.023,-1,Echolocation,/mnt/ubna_data_01_mir/recover-20220825/UBNA_002/20220823_033000.WAV,Telephone Field,recover-20220825,002,1795
1264.9825,1264.9911,25468,34103,Eptesicus serotinus,0.007,0.02,-1,Echolocation,/mnt/ubna_data_01_mir/recover-20220825/UBNA_002/20220823_033000.WAV,Telephone Field,recover-20220825,002,1795
1264.9915,1265.0317,68437,82279,Rhinolophus ferrumequinum,0.021,0.021,-1,Echolocation,/mnt/ubna_data_01_mir/recover-20220825/UBNA_002/20220823_033000.WAV,Telephone Field,recover-20220825,002,1795
1265.0075,1265.0166,28906,36747,Eptesicus serotinus,0.008,0.02,-1,Echolocation,/mnt/ubna_data_01_mir/recover-20220825/UBNA_002/20220823_033000.WAV,Telephone Field,recover-20220825,002,1795
1265.0115,1265.055,68437,83658,Rhinolophus ferrumequinum,0.025,0.025,-1,Echolocation,/mnt/ubna_data_01_mir/recover-20220825/UBNA_002/20220823_033000.WAV,Telephone Field,recover-20220825,002,1795
1265.0195,1265.0611,68437,83396,Rhinolophus ferrumequinum,0.023,0.023,-1,Echolocation,/mnt/ubna_data_01_mir/recover-20220825/UBNA_002/20220823_033000.WAV,Telephone Field,recover-20220825,002,1795
1265.0285,1265.0721,68437,83288,Rhinolophus ferrumequinum,0.027,0.027,-1,Echolocation,/mnt/ubna_data_01_mir/recover-20220825/UBNA_002/20220823_033000.WAV,Telephone Field,recover-20220825,002,1795
1265.0385,1265.0466,27187,35420,Eptesicus serotinus,0.009,0.021,-1,Echolocation,/mnt/ubna_data_01_mir/recover-20220825/UBNA_002/20220823_033000.WAV,Telephone Field,recover-20220825,002,1795
1265.0385,1265.0775,68437,82669,Rhinolophus ferrumequinum,0.023,0.023,-1,Echolocation,/mnt/ubna_data_01_mir/recover-20220825/UBNA_002/20220823_033000.WAV,Telephone Field,recover-20220825,002,1795
1265.0505,1265.0877,68437,82080,Rhinolophus ferrumequinum,0.02,0.02,-1,Echolocation,/mnt/ubna_data_01_mir/recover-20220825/UBNA_002/20220823_033000.WAV,Telephone Field,recover-20220825,002,1795
1265.0535,1265.0641,23750,29958,Nyctalus leisleri,0.008,0.021,-1,Echolocation,/mnt/ubna_data_01_mir/recover-20220825/UBNA_002/20220823_033000.WAV,Telephone Field,recover-20220825,002,1795
1265.0545,1265.0635,28046,37445,Eptesicus serotinus,0.008,0.021,-1,Echolocation,/mnt/ubna_data_01_mir/recover-20220825/UBNA_002/20220823_033000.WAV,Telephone Field,recover-20220825,002,1795
1265.0605,1265.0722,22890,27339,Nyctalus leisleri,0.011,0.02,-1,Echolocation,/mnt/ubna_data_01_mir/recover-20220825/UBNA_002/20220823_033000.WAV,Telephone Field,recover-20220825,002,1795
1265.0915,1265.131,68437,81192,Rhinolophus ferrumequinum,0.034,0.034,-1,Echolocation,/mnt/ubna_data_01_mir/recover-20220825/UBNA_002/20220823_033000.WAV,Telephone Field,recover-20220825,002,1795
1265.1365,1265.148,22031,25970,Nyctalus leisleri,0.011,0.02,-1,Echolocation,/mnt/ubna_data_01_mir/recover-20220825/UBNA_002/20220823_033000.WAV,Telephone Field,recover-20220825,002,1795
1265.1565,1265.1684,54687,59298,Pipistrellus pygmaeus,0.019,0.021,-1,Echolocation,/mnt/ubna_data_01_mir/recover-20220825/UBNA_002/20220823_033000.WAV,Telephone Field,recover-20220825,002,1795
1265.1765,1265.2156,68437,81906,Rhinolophus ferrumequinum,0.02,0.02,-1,Echolocation,/mnt/ubna_data_01_mir/recover-20220825/UBNA_002/20220823_033000.WAV,Telephone Field,recover-20220825,002,1795
1265.1955,1265.2078,44375,47850,Pipistrellus pipistrellus,0.03,0.034,-1,Echolocation,/mnt/ubna_data_01_mir/recover-20220825/UBNA_002/20220823_033000.WAV,Telephone Field,recover-20220825,002,1795
1265.1965,1265.2349,68437,82292,Rhinolophus ferrumequinum,0.023,0.023,-1,Echolocation,/mnt/ubna_data_01_mir/recover-20220825/UBNA_002/20220823_033000.WAV,Telephone Field,recover-20220825,002,1795
1265.2315,1265.2425,25468,31367,Nyctalus leisleri,0.011,0.027,-1,Echolocation,/mnt/ubna_data_01_mir/recover-20220825/UBNA_002/20220823_033000.WAV,Telephone Field,recover-20220825,002,1795
1265.2485,1265.2683,18593,21577,Nyctalus leisleri,0.016,0.033,-1,Echolocation,/mnt/ubna_data_01_mir/recover-20220825/UBNA_002/20220823_033000.WAV,Telephone Field,recover-20220825,002,1795
1265.2515,1265.2929,68437,82448,Rhinolophus ferrumequinum,0.02,0.02,-1,Echolocation,/mnt/ubna_data_01_mir/recover-20220825/UBNA_002/20220823_033000.WAV,Telephone Field,recover-20220825,002,1795
1265.2765,1265.3148,68437,82855,Rhinolophus ferrumequinum,0.023,0.023,-1,Echolocation,/mnt/ubna_data_01_mir/recover-20220825/UBNA_002/20220823_033000.WAV,Telephone Field,recover-20220825,002,1795
1265.3285,1265.368,68437,82062,Rhinolophus ferrumequinum,0.023,0.023,-1,Echolocation,/mnt/ubna_data_01_mir/recover-20220825/UBNA_002/20220823_033000.WAV,Telephone Field,recover-20220825,002,1795
1265.3295,1265.3397,23750,29743,Nyctalus leisleri,0.008,0.02,-1,Echolocation,/mnt/ubna_data_01_mir/recover-20220825/UBNA_002/20220823_033000.WAV,Telephone Field,recover-20220825,002,1795
1265.3415,1265.3502,47812,56004,Pipistrellus pipistrellus,0.02,0.023,-1,Echolocation,/mnt/ubna_data_01_mir/recover-20220825/UBNA_002/20220823_033000.WAV,Telephone Field,recover-20220825,002,1795
1265.3415,1265.353,23750,27531,Nyctalus leisleri,0.014,0.026,-1,Echolocation,/mnt/ubna_data_01_mir/recover-20220825/UBNA_002/20220823_033000.WAV,Telephone Field,recover-20220825,002,1795
1265.3535,1265.3986,68437,83673,Rhinolophus ferrumequinum,0.045,0.045,-1,Echolocation,/mnt/ubna_data_01_mir/recover-20220825/UBNA_002/20220823_033000.WAV,Telephone Field,recover-20220825,002,1795
1265.3815,1265.4174,68437,81482,Rhinolophus ferrumequinum,0.02,0.02,-1,Echolocation,/mnt/ubna_data_01_mir/recover-20220825/UBNA_002/20220823_033000.WAV,Telephone Field,recover-20220825,002,1795
1265.3955,1265.4381,68437,82928,Rhinolophus ferrumequinum,0.023,0.023,-1,Echolocation,/mnt/ubna_data_01_mir/recover-20220825/UBNA_002/20220823_033000.WAV,Telephone Field,recover-20220825,002,1795
1265.4215,1265.461,68437,82416,Rhinolophus ferrumequinum,0.021,0.021,-1,Echolocation,/mnt/ubna_data_01_mir/recover-20220825/UBNA_002/20220823_033000.WAV,Telephone Field,recover-20220825,002,1795
1265.4405,1265.4816,68437,82169,Rhinolophus ferrumequinum,0.021,0.021,-1,Echolocation,/mnt/ubna_data_01_mir/recover-20220825/UBNA_002/20220823_033000.WAV,Telephone Field,recover-20220825,002,1795
1265.4475,1265.4859,68437,81650,Rhinolophus ferrumequinum,0.022,0.022,-1,Echolocation,/mnt/ubna_data_01_mir/recover-20220825/UBNA_002/20220823_033000.WAV,Telephone Field,recover-20220825,002,1795
1265.4755,1265.489,55546,60396,Pipistrellus pygmaeus,0.028,0.03,-1,Echolocation,/mnt/ubna_data_01_mir/recover-20220825/UBNA_002/20220823_033000.WAV,Telephone Field,recover-20220825,002,1795
1265.5105,1265.5519,68437,83283,Rhinolophus ferrumequinum,0.026,0.026,-1,Echolocation,/mnt/ubna_data_01_mir/recover-20220825/UBNA_002/20220823_033000.WAV,Telephone Field,recover-20220825,002,1795
1265.5265,1265.5357,23750,30730,Nyctalus leisleri,0.006,0.02,-1,Echolocation,/mnt/ubna_data_01_mir/recover-20220825/UBNA_002/20220823_033000.WAV,Telephone Field,recover-20220825,002,1795
1265.5585,1265.5679,24609,31648,Nyctalus leisleri,0.007,0.023,-1,Echolocation,/mnt/ubna_data_01_mir/recover-20220825/UBNA_002/20220823_033000.WAV,Telephone Field,recover-20220825,002,1795
1265.5765,1265.6162,68437,82519,Rhinolophus ferrumequinum,0.021,0.021,-1,Echolocation,/mnt/ubna_data_01_mir/recover-20220825/UBNA_002/20220823_033000.WAV,Telephone Field,recover-20220825,002,1795
1265.5955,1265.6383,68437,82849,Rhinolophus ferrumequinum,0.028,0.028,-1,Echolocation,/mnt/ubna_data_01_mir/recover-20220825/UBNA_002/20220823_033000.WAV,Telephone Field,recover-20220825,002,1795
1265.6025,1265.6135,28906,36049,Eptesicus serotinus,0.011,0.023,-1,Echolocation,/mnt/ubna_data_01_mir/recover-20220825/UBNA_002/20220823_033000.WAV,Telephone Field,recover-20220825,002,1795
1265.6065,1265.6198,33203,37572,Eptesicus serotinus,0.006,0.022,-1,Echolocation,/mnt/ubna_data_01_mir/recover-20220825/UBNA_002/20220823_033000.WAV,Telephone Field,recover-20220825,002,1795
1265.6395,1265.6823,68437,82852,Rhinolophus ferrumequinum,0.023,0.023,-1,Echolocation,/mnt/ubna_data_01_mir/recover-20220825/UBNA_002/20220823_033000.WAV,Telephone Field,recover-20220825,002,1795
1265.7145,1265.7513,68437,81503,Rhinolophus ferrumequinum,0.021,0.021,-1,Echolocation,/mnt/ubna_data_01_mir/recover-20220825/UBNA_002/20220823_033000.WAV,Telephone Field,recover-20220825,002,1795
1265.7385,1265.778,68437,82064,Rhinolophus ferrumequinum,0.022,0.022,-1,Echolocation,/mnt/ubna_data_01_mir/recover-20220825/UBNA_002/20220823_033000.WAV,Telephone Field,recover-20220825,002,1795
1265.7645,1265.8014,68437,81763,Rhinolophus ferrumequinum,0.022,0.022,-1,Echolocation,/mnt/ubna_data_01_mir/recover-20220825/UBNA_002/20220823_033000.WAV,Telephone Field,recover-20220825,002,1795
1265.7825,1265.8243,68437,82526,Rhinolophus ferrumequinum,0.022,0.022,-1,Echolocation,/mnt/ubna_data_01_mir/recover-20220825/UBNA_002/20220823_033000.WAV,Telephone Field,recover-20220825,002,1795
1265.8935,1265.932,68437,81859,Rhinolophus ferrumequinum,0.02,0.021,-1,Echolocation,/mnt/ubna_data_01_mir/recover-20220825/UBNA_002/20220823_033000.WAV,Telephone Field,recover-20220825,002,1795
1265.9025,1265.9378,68437,81761,Rhinolophus ferrumequinum,0.022,0.022,-1,Echolocation,/mnt/ubna_data_01_mir/recover-20220825/UBNA_002/20220823_033000.WAV,Telephone Field,recover-20220825,002,1795
1265.9205,1265.9309,28906,35454,Eptesicus serotinus,0.01,0.022,-1,Echolocation,/mnt/ubna_data_01_mir/recover-20220825/UBNA_002/20220823_033000.WAV,Telephone Field,recover-20220825,002,1795
1265.9285,1265.9666,68437,82073,Rhinolophus ferrumequinum,0.021,0.021,-1,Echolocation,/mnt/ubna_data_01_mir/recover-20220825/UBNA_002/20220823_033000.WAV,Telephone Field,recover-20220825,002,1795
1265.9355,1265.9746,68437,82328,Rhinolophus ferrumequinum,0.02,0.02,-1,Echolocation,/mnt/ubna_data_01_mir/recover-20220825/UBNA_002/20220823_033000.WAV,Telephone Field,recover-20220825,002,1795
1265.9465,1265.9838,68437,81128,Rhinolophus ferrumequinum,0.025,0.025,-1,Echolocation,/mnt/ubna_data_01_mir/recover-20220825/UBNA_002/20220823_033000.WAV,Telephone Field,recover-20220825,002,1795
1265.9825,1265.9981,23750,29228,Nyctalus leisleri,0.015,0.032,-1,Echolocation,/mnt/ubna_data_01_mir/recover-20220825/UBNA_002/20220823_033000.WAV,Telephone Field,recover-20220825,002,1795
1266.0015,1266.0109,23750,31267,Nyctalus leisleri,0.009,0.026,-1,Echolocation,/mnt/ubna_data_01_mir/recover-20220825/UBNA_002/20220823_033000.WAV,Telephone Field,recover-20220825,002,1795
1266.0015,1266.0323,68437,79437,Rhinolophus ferrumequinum,0.036,0.036,-1,Echolocation,/mnt/ubna_data_01_mir/recover-20220825/UBNA_002/20220823_033000.WAV,Telephone Field,recover-20220825,002,1795
1266.0155,1266.0258,24609,32927,Eptesicus serotinus,0.011,0.026,-1,Echolocation,/mnt/ubna_data_01_mir/recover-20220825/UBNA_002/20220823_033000.WAV,Telephone Field,recover-20220825,002,1795
1266.0475,1266.0874,68437,82150,Rhinolophus ferrumequinum,0.025,0.025,-1,Echolocation,/mnt/ubna_data_01_mir/recover-20220825/UBNA_002/20220823_033000.WAV,Telephone Field,recover-20220825,002,1795
1266.1115,1266.1478,68437,81181,Rhinolophus ferrumequinum,0.022,0.023,-1,Echolocation,/mnt/ubna_data_01_mir/recover-20220825/UBNA_002/20220823_033000.WAV,Telephone Field,recover-20220825,002,1795
1266.1515,1266.1624,28906,35169,Eptesicus serotinus,0.01,0.022,-1,Echolocation,/mnt/ubna_data_01_mir/recover-20220825/UBNA_002/20220823_033000.WAV,Telephone Field,recover-20220825,002,1795
1266.1795,1266.22,68437,82423,Rhinolophus ferrumequinum,0.025,0.025,-1,Echolocation,/mnt/ubna_data_01_mir/recover-20220825/UBNA_002/20220823_033000.WAV,Telephone Field,recover-20220825,002,1795
1266.2245,1266.2629,68437,82168,Rhinolophus ferrumequinum,0.024,0.024,-1,Echolocation,/mnt/ubna_data_01_mir/recover-20220825/UBNA_002/20220823_033000.WAV,Telephone Field,recover-20220825,002,1795
1266.2275,1266.2372,25468,31960,Eptesicus serotinus,0.009,0.024,-1,Echolocation,/mnt/ubna_data_01_mir/recover-20220825/UBNA_002/20220823_033000.WAV,Telephone Field,recover-20220825,002,1795
1266.2395,1266.245,37500,49833,Myotis daubentonii,0.009,0.027,-1,Echolocation,/mnt/ubna_data_01_mir/recover-20220825/UBNA_002/20220823_033000.WAV,Telephone Field,recover-20220825,002,1795
1266.2505,1266.2642,23750,28445,Nyctalus leisleri,0.014,0.027,-1,Echolocation,/mnt/ubna_data_01_mir/recover-20220825/UBNA_002/20220823_033000.WAV,Telephone Field,recover-20220825,002,1795
1266.2595,1266.2976,68437,81954,Rhinolophus ferrumequinum,0.031,0.031,-1,Echolocation,/mnt/ubna_data_01_mir/recover-20220825/UBNA_002/20220823_033000.WAV,Telephone Field,recover-20220825,002,1795
1266.2785,1266.3184,68437,82473,Rhinolophus ferrumequinum,0.027,0.027,-1,Echolocation,/mnt/ubna_data_01_mir/recover-20220825/UBNA_002/20220823_033000.WAV,Telephone Field,recover-20220825,002,1795
1266.2785,1266.288,25468,32543,Eptesicus serotinus,0.01,0.026,-1,Echolocation,/mnt/ubna_data_01_mir/recover-20220825/UBNA_002/20220823_033000.WAV,Telephone Field,recover-20220825,002,1795
1266.2915,1266.3318,68437,82927,Rhinolophus ferrumequinum,0.03,0.03,-1,Echolocation,/mnt/ubna_data_01_mir/recover-20220825/UBNA_002/20220823_033000.WAV,Telephone Field,recover-20220825,002,1795
1266.3075,1266.3485,68437,83256,Rhinolophus ferrumequinum,0.03,0.03,-1,Echolocation,/mnt/ubna_data_01_mir/recover-20220825/UBNA_002/20220823_033000.WAV,Telephone Field,recover-20220825,002,1795
1266.3125,1266.3198,23750,32251,Plecotus austriacus,0.008,0.022,-1,Echolocation,/mnt/ubna_data_01_mir/recover-20220825/UBNA_002/20220823_033000.WAV,Telephone Field,recover-20220825,002,1795
1266.3465,1266.3541,28906,39127,Eptesicus serotinus,0.007,0.023,-1,Echolocation,/mnt/ubna_data_01_mir/recover-20220825/UBNA_002/20220823_033000.WAV,Telephone Field,recover-20220825,002,1795
1266.3775,1266.4236,68437,83707,Rhinolophus ferrumequinum,0.062,0.062,-1,Echolocation,/mnt/ubna_data_01_mir/recover-20220825/UBNA_002/20220823_033000.WAV,Telephone Field,recover-20220825,002,1795
1266.4105,1266.4458,68437,80813,Rhinolophus ferrumequinum,0.021,0.021,-1,Echolocation,/mnt/ubna_data_01_mir/recover-20220825/UBNA_002/20220823_033000.WAV,Telephone Field,recover-20220825,002,1795
1266.4215,1266.4613,68437,82094,Rhinolophus ferrumequinum,0.031,0.031,-1,Echolocation,/mnt/ubna_data_01_mir/recover-20220825/UBNA_002/20220823_033000.WAV,Telephone Field,recover-20220825,002,1795
1266.4715,1266.5128,68437,82361,Rhinolophus ferrumequinum,0.034,0.034,-1,Echolocation,/mnt/ubna_data_01_mir/recover-20220825/UBNA_002/20220823_033000.WAV,Telephone Field,recover-20220825,002,1795
1266.4915,1266.5282,68437,81507,Rhinolophus ferrumequinum,0.05,0.05,-1,Echolocation,/mnt/ubna_data_01_mir/recover-20220825/UBNA_002/20220823_033000.WAV,Telephone Field,recover-20220825,002,1795
1266.4965,1266.5053,23750,31225,Plecotus austriacus,0.008,0.022,-1,Echolocation,/mnt/ubna_data_01_mir/recover-20220825/UBNA_002/20220823_033000.WAV,Telephone Field,recover-20220825,002,1795
1266.5335,1266.5732,68437,82584,Rhinolophus ferrumequinum,0.025,0.025,-1,Echolocation,/mnt/ubna_data_01_mir/recover-20220825/UBNA_002/20220823_033000.WAV,Telephone Field,recover-20220825,002,1795
1266.5405,1266.5515,25468,32966,Eptesicus serotinus,0.017,0.036,-1,Echolocation,/mnt/ubna_data_01_mir/recover-20220825/UBNA_002/20220823_033000.WAV,Telephone Field,recover-20220825,002,1795
1266.5975,1266.6401,68437,82532,Rhinolophus ferrumequinum,0.028,0.028,-1,Echolocation,/mnt/ubna_data_01_mir/recover-20220825/UBNA_002/20220823_033000.WAV,Telephone Field,recover-20220825,002,1795
1266.6045,1266.6135,28046,38688,Eptesicus serotinus,0.009,0.023,-1,Echolocation,/mnt/ubna_data_01_mir/recover-20220825/UBNA_002/20220823_033000.WAV,Telephone Field,recover-20220825,002,1795
1266.6255,1266.6668,68437,82393,Rhinolophus ferrumequinum,0.023,0.023,-1,Echolocation,/mnt/ubna_data_01_mir/recover-20220825/UBNA_002/20220823_033000.WAV,Telephone Field,recover-20220825,002,1795
1266.6315,1266.6718,68437,82393,Rhinolophus ferrumequinum,0.023,0.023,-1,Echolocation,/mnt/ubna_data_01_mir/recover-20220825/UBNA_002/20220823_033000.WAV,Telephone Field,recover-20220825,002,1795
1266.6685,1266.7102,68437,82549,Rhinolophus ferrumequinum,0.028,0.028,-1,Echolocation,/mnt/ubna_data_01_mir/recover-20220825/UBNA_002/20220823_033000.WAV,Telephone Field,recover-20220825,002,1795
1266.7075,1266.7517,68437,84106,Rhinolophus ferrumequinum,0.035,0.035,-1,Echolocation,/mnt/ubna_data_01_mir/recover-20220825/UBNA_002/20220823_033000.WAV,Telephone Field,recover-20220825,002,1795
1266.7255,1266.7623,68437,81766,Rhinolophus ferrumequinum,0.022,0.022,-1,Echolocation,/mnt/ubna_data_01_mir/recover-20220825/UBNA_002/20220823_033000.WAV,Telephone Field,recover-20220825,002,1795
1266.7635,1266.8011,68437,82120,Rhinolophus ferrumequinum,0.024,0.024,-1,Echolocation,/mnt/ubna_data_01_mir/recover-20220825/UBNA_002/20220823_033000.WAV,Telephone Field,recover-20220825,002,1795
1266.8055,1266.8417,68437,81738,Rhinolophus ferrumequinum,0.03,0.031,-1,Echolocation,/mnt/ubna_data_01_mir/recover-20220825/UBNA_002/20220823_033000.WAV,Telephone Field,recover-20220825,002,1795
1266.8355,1266.8765,68437,82632,Rhinolophus ferrumequinum,0.031,0.031,-1,Echolocation,/mnt/ubna_data_01_mir/recover-20220825/UBNA_002/20220823_033000.WAV,Telephone Field,recover-20220825,002,1795
1266.8965,1266.9334,68437,81356,Rhinolophus ferrumequinum,0.022,0.022,-1,Echolocation,/mnt/ubna_data_01_mir/recover-20220825/UBNA_002/20220823_033000.WAV,Telephone Field,recover-20220825,002,1795
1266.9125,1266.9217,23750,30723,Nyctalus leisleri,0.008,0.023,-1,Echolocation,/mnt/ubna_data_01_mir/recover-20220825/UBNA_002/20220823_033000.WAV,Telephone Field,recover-20220825,002,1795
1266.9275,1266.9346,26328,36902,Eptesicus serotinus,0.005,0.021,-1,Echolocation,/mnt/ubna_data_01_mir/recover-20220825/UBNA_002/20220823_033000.WAV,Telephone Field,recover-20220825,002,1795
1266.9395,1266.9795,68437,82574,Rhinolophus ferrumequinum,0.023,0.023,-1,Echolocation,/mnt/ubna_data_01_mir/recover-20220825/UBNA_002/20220823_033000.WAV,Telephone Field,recover-20220825,002,1795
1266.9685,1266.9747,50390,56367,Pipistrellus pipistrellus,0.022,0.024,-1,Echolocation,/mnt/ubna_data_01_mir/recover-20220825/UBNA_002/20220823_033000.WAV,Telephone Field,recover-20220825,002,1795
1266.9905,1267.0312,68437,82603,Rhinolophus ferrumequinum,0.029,0.029,-1,Echolocation,/mnt/ubna_data_01_mir/recover-20220825/UBNA_002/20220823_033000.WAV,Telephone Field,recover-20220825,002,1795
1266.9915,1267.0027,22890,28655,Nyctalus leisleri,0.013,0.027,-1,Echolocation,/mnt/ubna_data_01_mir/recover-20220825/UBNA_002/20220823_033000.WAV,Telephone Field,recover-20220825,002,1795
1267.0605,1267.0734,43515,47448,Pipistrellus pipistrellus,0.019,0.024,-1,Echolocation,/mnt/ubna_data_01_mir/recover-20220825/UBNA_002/20220823_033000.WAV,Telephone Field,recover-20220825,002,1795
1267.0985,1267.1106,28906,34455,Eptesicus serotinus,0.019,0.034,-1,Echolocation,/mnt/ubna_data_01_mir/recover-20220825/UBNA_002/20220823_033000.WAV,Telephone Field,recover-20220825,002,1795
1267.1165,1267.1561,68437,82410,Rhinolophus ferrumequinum,0.025,0.025,-1,Echolocation,/mnt/ubna_data_01_mir/recover-20220825/UBNA_002/20220823_033000.WAV,Telephone Field,recover-20220825,002,1795
1267.1235,1267.1634,68437,82617,Rhinolophus ferrumequinum,0.026,0.026,-1,Echolocation,/mnt/ubna_data_01_mir/recover-20220825/UBNA_002/20220823_033000.WAV,Telephone Field,recover-20220825,002,1795
1267.1245,1267.1353,24609,30146,Nyctalus leisleri,0.012,0.027,-1,Echolocation,/mnt/ubna_data_01_mir/recover-20220825/UBNA_002/20220823_033000.WAV,Telephone Field,recover-20220825,002,1795
1267.1615,1267.2014,68437,81842,Rhinolophus ferrumequinum,0.022,0.022,-1,Echolocation,/mnt/ubna_data_01_mir/recover-20220825/UBNA_002/20220823_033000.WAV,Telephone Field,recover-20220825,002,1795
1267.1755,1267.2147,68437,82360,Rhinolophus ferrumequinum,0.023,0.023,-1,Echolocation,/mnt/ubna_data_01_mir/recover-20220825/UBNA_002/20220823_033000.WAV,Telephone Field,recover-20220825,002,1795
1267.1845,1267.1931,28046,39070,Eptesicus serotinus,0.008,0.022,-1,Echolocation,/mnt/ubna_data_01_mir/recover-20220825/UBNA_002/20220823_033000.WAV,Telephone Field,recover-20220825,002,1795
1267.2315,1267.267,68437,81805,Rhinolophus ferrumequinum,0.023,0.023,-1,Echolocation,/mnt/ubna_data_01_mir/recover-20220825/UBNA_002/20220823_033000.WAV,Telephone Field,recover-20220825,002,1795
1267.2575,1267.2975,68437,81948,Rhinolophus ferrumequinum,0.021,0.021,-1,Echolocation,/mnt/ubna_data_01_mir/recover-20220825/UBNA_002/20220823_033000.WAV,Telephone Field,recover-20220825,002,1795
1267.2625,1267.3029,68437,82387,Rhinolophus ferrumequinum,0.021,0.021,-1,Echolocation,/mnt/ubna_data_01_mir/recover-20220825/UBNA_002/20220823_033000.WAV,Telephone Field,recover-20220825,002,1795
1267.2785,1267.286,28046,39186,Eptesicus serotinus,0.007,0.024,-1,Echolocation,/mnt/ubna_data_01_mir/recover-20220825/UBNA_002/20220823_033000.WAV,Telephone Field,recover-20220825,002,1795
1267.3505,1267.3939,68437,83347,Rhinolophus ferrumequinum,0.061,0.061,-1,Echolocation,/mnt/ubna_data_01_mir/recover-20220825/UBNA_002/20220823_033000.WAV,Telephone Field,recover-20220825,002,1795
1267.3975,1267.4045,26328,35617,Eptesicus serotinus,0.008,0.025,-1,Echolocation,/mnt/ubna_data_01_mir/recover-20220825/UBNA_002/20220823_033000.WAV,Telephone Field,recover-20220825,002,1795
1267.4155,1267.4544,68437,81996,Rhinolophus ferrumequinum,0.022,0.022,-1,Echolocation,/mnt/ubna_data_01_mir/recover-20220825/UBNA_002/20220823_033000.WAV,Telephone Field,recover-20220825,002,1795
1267.4255,1267.4427,21171,24517,Nyctalus leisleri,0.014,0.021,-1,Echolocation,/mnt/ubna_data_01_mir/recover-20220825/UBNA_002/20220823_033000.WAV,Telephone Field,recover-20220825,002,1795
1267.4645,1267.481,21171,24657,Nyctalus leisleri,0.017,0.028,-1,Echolocation,/mnt/ubna_data_01_mir/recover-20220825/UBNA_002/20220823_033000.WAV,Telephone Field,recover-20220825,002,1795
1267.5025,1267.5427,68437,82116,Rhinolophus ferrumequinum,0.022,0.022,-1,Echolocation,/mnt/ubna_data_01_mir/recover-20220825/UBNA_002/20220823_033000.WAV,Telephone Field,recover-20220825,002,1795
1267.5245,1267.5329,27187,38629,Eptesicus serotinus,0.01,0.025,-1,Echolocation,/mnt/ubna_data_01_mir/recover-20220825/UBNA_002/20220823_033000.WAV,Telephone Field,recover-20220825,002,1795
1267.5245,1267.5684,68437,83773,Rhinolophus ferrumequinum,0.043,0.043,-1,Echolocation,/mnt/ubna_data_01_mir/recover-20220825/UBNA_002/20220823_033000.WAV,Telephone Field,recover-20220825,002,1795
1267.5395,1267.5482,28046,36753,Eptesicus serotinus,0.009,0.023,-1,Echolocation,/mnt/ubna_data_01_mir/recover-20220825/UBNA_002/20220823_033000.WAV,Telephone Field,recover-20220825,002,1795
1267.5555,1267.5667,22890,27865,Nyctalus leisleri,0.011,0.022,-1,Echolocation,/mnt/ubna_data_01_mir/recover-20220825/UBNA_002/20220823_033000.WAV,Telephone Field,recover-20220825,002,1795
1267.5635,1267.5702,24609,34369,Plecotus austriacus,0.011,0.027,-1,Echolocation,/mnt/ubna_data_01_mir/recover-20220825/UBNA_002/20220823_033000.WAV,Telephone Field,recover-20220825,002,1795
1267.5735,1267.6151,68437,82967,Rhinolophus ferrumequinum,0.033,0.033,-1,Echolocation,/mnt/ubna_data_01_mir/recover-20220825/UBNA_002/20220823_033000.WAV,Telephone Field,recover-20220825,002,1795
1267.5925,1267.5997,45234,52732,Pipistrellus pipistrellus,0.039,0.044,-1,Echolocation,/mnt/ubna_data_01_mir/recover-20220825/UBNA_002/20220823_033000.WAV,Telephone Field,recover-20220825,002,1795
1267.6125,1267.6209,27187,36953,Eptesicus serotinus,0.009,0.022,-1,Echolocation,/mnt/ubna_data_01_mir/recover-20220825/UBNA_002/20220823_033000.WAV,Telephone Field,recover-20220825,002,1795
1267.6245,1267.6379,15156,21427,Nyctalus noctula,0.019,0.027,-1,Echolocation,/mnt/ubna_data_01_mir/recover-20220825/UBNA_002/20220823_033000.WAV,Telephone Field,recover-20220825,002,1795
1267.6375,1267.6752,68437,82004,Rhinolophus ferrumequinum,0.023,0.023,-1,Echolocation,/mnt/ubna_data_01_mir/recover-20220825/UBNA_002/20220823_033000.WAV,Telephone Field,recover-20220825,002,1795
1267.6545,1267.6632,28046,38909,Eptesicus serotinus,0.009,0.022,-1,Echolocation,/mnt/ubna_data_01_mir/recover-20220825/UBNA_002/20220823_033000.WAV,Telephone Field,recover-20220825,002,1795
1267.6595,1267.6679,48671,55027,Pipistrellus pipistrellus,0.019,0.022,-1,Echolocation,/mnt/ubna_data_01_mir/recover-20220825/UBNA_002/20220823_033000.WAV,Telephone Field,recover-20220825,002,1795
1267.6795,1267.7212,68437,82643,Rhinolophus ferrumequinum,0.025,0.025,-1,Echolocation,/mnt/ubna_data_01_mir/recover-20220825/UBNA_002/20220823_033000.WAV,Telephone Field,recover-20220825,002,1795
1267.6885,1267.7299,68437,82712,Rhinolophus ferrumequinum,0.024,0.024,-1,Echolocation,/mnt/ubna_data_01_mir/recover-20220825/UBNA_002/20220823_033000.WAV,Telephone Field,recover-20220825,002,1795
1267.7135,1267.7503,68437,81449,Rhinolophus ferrumequinum,0.021,0.021,-1,Echolocation,/mnt/ubna_data_01_mir/recover-20220825/UBNA_002/20220823_033000.WAV,Telephone Field,recover-20220825,002,1795
1267.7405,1267.7506,27187,34599,Eptesicus serotinus,0.01,0.023,-1,Echolocation,/mnt/ubna_data_01_mir/recover-20220825/UBNA_002/20220823_033000.WAV,Telephone Field,recover-20220825,002,1795
1267.7725,1267.8139,68437,82880,Rhinolophus ferrumequinum,0.024,0.024,-1,Echolocation,/mnt/ubna_data_01_mir/recover-20220825/UBNA_002/20220823_033000.WAV,Telephone Field,recover-20220825,002,1795
1267.7825,1267.7903,27187,37738,Eptesicus serotinus,0.009,0.024,-1,Echolocation,/mnt/ubna_data_01_mir/recover-20220825/UBNA_002/20220823_033000.WAV,Telephone Field,recover-20220825,002,1795
1267.7945,1267.8332,68437,82243,Rhinolophus ferrumequinum,0.022,0.022,-1,Echolocation,/mnt/ubna_data_01_mir/recover-20220825/UBNA_002/20220823_033000.WAV,Telephone Field,recover-20220825,002,1795
1267.8075,1267.8468,68437,82250,Rhinolophus ferrumequinum,0.025,0.025,-1,Echolocation,/mnt/ubna_data_01_mir/recover-20220825/UBNA_002/20220823_033000.WAV,Telephone Field,recover-20220825,002,1795
1267.8145,1267.827,24609,29893,Nyctalus leisleri,0.012,0.026,-1,Echolocation,/mnt/ubna_data_01_mir/recover-20220825/UBNA_002/20220823_033000.WAV,Telephone Field,recover-20220825,002,1795
1267.9305,1267.9662,68437,81756,Rhinolophus ferrumequinum,0.024,0.024,-1,Echolocation,/mnt/ubna_data_01_mir/recover-20220825/UBNA_002/20220823_033000.WAV,Telephone Field,recover-20220825,002,1795
1267.9475,1267.9853,68437,81426,Rhinolophus ferrumequinum,0.023,0.023,-1,Echolocation,/mnt/ubna_data_01_mir/recover-20220825/UBNA_002/20220823_033000.WAV,Telephone Field,recover-20220825,002,1795
1268.0015,1268.0311,68437,80949,Rhinolophus ferrumequinum,0.055,0.055,-1,Echolocation,/mnt/ubna_data_01_mir/recover-20220825/UBNA_002/20220823_033000.WAV,Telephone Field,recover-20220825,002,1795
1268.0015,1268.0107,29765,37847,Eptesicus serotinus,0.012,0.029,-1,Echolocation,/mnt/ubna_data_01_mir/recover-20220825/UBNA_002/20220823_033000.WAV,Telephone Field,recover-20220825,002,1795
1268.0095,1268.0498,68437,81977,Rhinolophus ferrumequinum,0.023,0.023,-1,Echolocation,/mnt/ubna_data_01_mir/recover-20220825/UBNA_002/20220823_033000.WAV,Telephone Field,recover-20220825,002,1795
1268.0135,1268.0238,28906,35710,Eptesicus serotinus,0.01,0.023,-1,Echolocation,/mnt/ubna_data_01_mir/recover-20220825/UBNA_002/20220823_033000.WAV,Telephone Field,recover-20220825,002,1795
1268.0685,1268.0777,28046,38501,Eptesicus serotinus,0.009,0.024,-1,Echolocation,/mnt/ubna_data_01_mir/recover-20220825/UBNA_002/20220823_033000.WAV,Telephone Field,recover-20220825,002,1795
1268.0805,1268.1165,68437,81152,Rhinolophus ferrumequinum,0.021,0.021,-1,Echolocation,/mnt/ubna_data_01_mir/recover-20220825/UBNA_002/20220823_033000.WAV,Telephone Field,recover-20220825,002,1795
1268.0945,1268.1366,68437,82484,Rhinolophus ferrumequinum,0.028,0.028,-1,Echolocation,/mnt/ubna_data_01_mir/recover-20220825/UBNA_002/20220823_033000.WAV,Telephone Field,recover-20220825,002,1795
1268.1655,1268.1772,22031,26010,Nyctalus leisleri,0.011,0.02,-1,Echolocation,/mnt/ubna_data_01_mir/recover-20220825/UBNA_002/20220823_033000.WAV,Telephone Field,recover-20220825,002,1795
1268.1715,1268.2105,68437,81435,Rhinolophus ferrumequinum,0.024,0.024,-1,Echolocation,/mnt/ubna_data_01_mir/recover-20220825/UBNA_002/20220823_033000.WAV,Telephone Field,recover-20220825,002,1795
1268.1945,1268.2319,68437,81451,Rhinolophus ferrumequinum,0.022,0.022,-1,Echolocation,/mnt/ubna_data_01_mir/recover-20220825/UBNA_002/20220823_033000.WAV,Telephone Field,recover-20220825,002,1795
1268.2335,1268.2741,68437,82909,Rhinolophus ferrumequinum,0.029,0.029,-1,Echolocation,/mnt/ubna_data_01_mir/recover-20220825/UBNA_002/20220823_033000.WAV,Telephone Field,recover-20220825,002,1795
1268.2595,1268.2972,68437,82240,Rhinolophus ferrumequinum,0.022,0.023,-1,Echolocation,/mnt/ubna_data_01_mir/recover-20220825/UBNA_002/20220823_033000.WAV,Telephone Field,recover-20220825,002,1795
1268.2625,1268.2704,28046,38591,Eptesicus serotinus,0.009,0.025,-1,Echolocation,/mnt/ubna_data_01_mir/recover-20220825/UBNA_002/20220823_033000.WAV,Telephone Field,recover-20220825,002,1795
1268.2715,1268.2828,47812,51717,Pipistrellus pipistrellus,0.029,0.033,-1,Echolocation,/mnt/ubna_data_01_mir/recover-20220825/UBNA_002/20220823_033000.WAV,Telephone Field,recover-20220825,002,1795
1268.2955,1268.303,22890,30921,Plecotus austriacus,0.009,0.021,-1,Echolocation,/mnt/ubna_data_01_mir/recover-20220825/UBNA_002/20220823_033000.WAV,Telephone Field,recover-20220825,002,1795
1268.2955,1268.3037,28046,39782,Eptesicus serotinus,0.007,0.021,-1,Echolocation,/mnt/ubna_data_01_mir/recover-20220825/UBNA_002/20220823_033000.WAV,Telephone Field,recover-20220825,002,1795
1268.3225,1268.3618,68437,82115,Rhinolophus ferrumequinum,0.022,0.022,-1,Echolocation,/mnt/ubna_data_01_mir/recover-20220825/UBNA_002/20220823_033000.WAV,Telephone Field,recover-20220825,002,1795
1268.4305,1268.4744,68437,83430,Rhinolophus ferrumequinum,0.033,0.033,-1,Echolocation,/mnt/ubna_data_01_mir/recover-20220825/UBNA_002/20220823_033000.WAV,Telephone Field,recover-20220825,002,1795
1268.4515,1268.4921,68437,83064,Rhinolophus ferrumequinum,0.029,0.029,-1,Echolocation,/mnt/ubna_data_01_mir/recover-20220825/UBNA_002/20220823_033000.WAV,Telephone Field,recover-20220825,002,1795
1268.4645,1268.4728,28906,37184,Eptesicus serotinus,0.007,0.021,-1,Echolocation,/mnt/ubna_data_01_mir/recover-20220825/UBNA_002/20220823_033000.WAV,Telephone Field,recover-20220825,002,1795
1268.5095,1268.5499,68437,82666,Rhinolophus ferrumequinum,0.021,0.021,-1,Echolocation,/mnt/ubna_data_01_mir/recover-20220825/UBNA_002/20220823_033000.WAV,Telephone Field,recover-20220825,002,1795
1268.5465,1268.5843,68437,82171,Rhinolophus ferrumequinum,0.025,0.025,-1,Echolocation,/mnt/ubna_data_01_mir/recover-20220825/UBNA_002/20220823_033000.WAV,Telephone Field,recover-20220825,002,1795
1268.5805,1268.591,23750,29902,Nyctalus leisleri,0.023,0.068,-1,Echolocation,/mnt/ubna_data_01_mir/recover-20220825/UBNA_002/20220823_033000.WAV,Telephone Field,recover-20220825,002,1795
1268.6015,1268.6431,68437,82318,Rhinolophus ferrumequinum,0.024,0.024,-1,Echolocation,/mnt/ubna_data_01_mir/recover-20220825/UBNA_002/20220823_033000.WAV,Telephone Field,recover-20220825,002,1795
1268.6105,1268.6486,68437,82000,Rhinolophus ferrumequinum,0.022,0.022,-1,Echolocation,/mnt/ubna_data_01_mir/recover-20220825/UBNA_002/20220823_033000.WAV,Telephone Field,recover-20220825,002,1795
1268.6275,1268.6345,27187,41348,Eptesicus serotinus,0.006,0.02,-1,Echolocation,/mnt/ubna_data_01_mir/recover-20220825/UBNA_002/20220823_033000.WAV,Telephone Field,recover-20220825,002,1795
1268.6405,1268.6833,68437,82532,Rhinolophus ferrumequinum,0.034,0.034,-1,Echolocation,/mnt/ubna_data_01_mir/recover-20220825/UBNA_002/20220823_033000.WAV,Telephone Field,recover-20220825,002,1795
1268.6655,1268.7031,68437,81706,Rhinolophus ferrumequinum,0.02,0.02,-1,Echolocation,/mnt/ubna_data_01_mir/recover-20220825/UBNA_002/20220823_033000.WAV,Telephone Field,recover-20220825,002,1795
1268.7085,1268.7506,68437,82422,Rhinolophus ferrumequinum,0.022,0.022,-1,Echolocation,/mnt/ubna_data_01_mir/recover-20220825/UBNA_002/20220823_033000.WAV,Telephone Field,recover-20220825,002,1795
1268.7595,1268.7995,68437,82362,Rhinolophus ferrumequinum,0.023,0.023,-1,Echolocation,/mnt/ubna_data_01_mir/recover-20220825/UBNA_002/20220823_033000.WAV,Telephone Field,recover-20220825,002,1795
1268.7845,1268.795,27187,35624,Eptesicus serotinus,0.009,0.021,-1,Echolocation,/mnt/ubna_data_01_mir/recover-20220825/UBNA_002/20220823_033000.WAV,Telephone Field,recover-20220825,002,1795
1268.7995,1268.8072,28046,37813,Eptesicus serotinus,0.007,0.023,-1,Echolocation,/mnt/ubna_data_01_mir/recover-20220825/UBNA_002/20220823_033000.WAV,Telephone Field,recover-20220825,002,1795
1268.8005,1268.8404,68437,82325,Rhinolophus ferrumequinum,0.022,0.022,-1,Echolocation,/mnt/ubna_data_01_mir/recover-20220825/UBNA_002/20220823_033000.WAV,Telephone Field,recover-20220825,002,1795
1268.8235,1268.8303,27187,38985,Eptesicus serotinus,0.006,0.021,-1,Echolocation,/mnt/ubna_data_01_mir/recover-20220825/UBNA_002/20220823_033000.WAV,Telephone Field,recover-20220825,002,1795
1268.9055,1268.9441,68437,81651,Rhinolophus ferrumequinum,0.02,0.02,-1,Echolocation,/mnt/ubna_data_01_mir/recover-20220825/UBNA_002/20220823_033000.WAV,Telephone Field,recover-20220825,002,1795
1268.9065,1268.9163,28906,37879,Eptesicus serotinus,0.009,0.022,-1,Echolocation,/mnt/ubna_data_01_mir/recover-20220825/UBNA_002/20220823_033000.WAV,Telephone Field,recover-20220825,002,1795
1268.9105,1268.9491,68437,81474,Rhinolophus ferrumequinum,0.02,0.02,-1,Echolocation,/mnt/ubna_data_01_mir/recover-20220825/UBNA_002/20220823_033000.WAV,Telephone Field,recover-20220825,002,1795
1268.9575,1268.9942,68437,81520,Rhinolophus ferrumequinum,0.021,0.021,-1,Echolocation,/mnt/ubna_data_01_mir/recover-20220825/UBNA_002/20220823_033000.WAV,Telephone Field,recover-20220825,002,1795
1268.9595,1268.9669,28046,37212,Eptesicus serotinus,0.006,0.02,-1,Echolocation,/mnt/ubna_data_01_mir/recover-20220825/UBNA_002/20220823_033000.WAV,Telephone Field,recover-20220825,002,1795
1268.9905,1269.0292,68437,82062,Rhinolophus ferrumequinum,0.02,0.021,-1,Echolocation,/mnt/ubna_data_01_mir/recover-20220825/UBNA_002/20220823_033000.WAV,Telephone Field,recover-20220825,002,1795
1268.9955,1269.0044,22890,30741,Plecotus austriacus,0.011,0.03,-1,Echolocation,/mnt/ubna_data_01_mir/recover-20220825/UBNA_002/20220823_033000.WAV,Telephone Field,recover-20220825,002,1795
1269.0105,1269.0484,68437,81748,Rhinolophus ferrumequinum,0.02,0.02,-1,Echolocation,/mnt/ubna_data_01_mir/recover-20220825/UBNA_002/20220823_033000.WAV,Telephone Field,recover-20220825,002,1795
1269.0175,1269.0274,23750,29873,Nyctalus leisleri,0.008,0.022,-1,Echolocation,/mnt/ubna_data_01_mir/recover-20220825/UBNA_002/20220823_033000.WAV,Telephone Field,recover-20220825,002,1795
1269.0325,1269.0433,44375,47439,Pipistrellus pipistrellus,0.019,0.021,-1,Echolocation,/mnt/ubna_data_01_mir/recover-20220825/UBNA_002/20220823_033000.WAV,Telephone Field,recover-20220825,002,1795
1269.0395,1269.0469,28046,39055,Eptesicus serotinus,0.006,0.023,-1,Echolocation,/mnt/ubna_data_01_mir/recover-20220825/UBNA_002/20220823_033000.WAV,Telephone Field,recover-20220825,002,1795
1269.0485,1269.0855999999999,68437,82279,Rhinolophus ferrumequinum,0.021,0.021,-1,Echolocation,/mnt/ubna_data_01_mir/recover-20220825/UBNA_002/20220823_033000.WAV,Telephone Field,recover-20220825,002,1795
1269.0745,1269.082,28046,39266,Eptesicus serotinus,0.007,0.021,-1,Echolocation,/mnt/ubna_data_01_mir/recover-20220825/UBNA_002/20220823_033000.WAV,Telephone Field,recover-20220825,002,1795
1269.1165,1269.1278,23750,28622,Nyctalus leisleri,0.011,0.023,-1,Echolocation,/mnt/ubna_data_01_mir/recover-20220825/UBNA_002/20220823_033000.WAV,Telephone Field,recover-20220825,002,1795
1269.1295,1269.1378,47812,53075,Pipistrellus pipistrellus,0.02,0.021,-1,Echolocation,/mnt/ubna_data_01_mir/recover-20220825/UBNA_002/20220823_033000.WAV,Telephone Field,recover-20220825,002,1795
1269.1555,1269.1947,68437,81763,Rhinolophus ferrumequinum,0.023,0.023,-1,Echolocation,/mnt/ubna_data_01_mir/recover-20220825/UBNA_002/20220823_033000.WAV,Telephone Field,recover-20220825,002,1795
1269.1625,1269.2015,68437,81905,Rhinolophus ferrumequinum,0.024,0.024,-1,Echolocation,/mnt/ubna_data_01_mir/recover-20220825/UBNA_002/20220823_033000.WAV,Telephone Field,recover-20220825,002,1795
1269.1685,1269.1784,23750,29715,Nyctalus leisleri,0.008,0.021,-1,Echolocation,/mnt/ubna_data_01_mir/recover-20220825/UBNA_002/20220823_033000.WAV,Telephone Field,recover-20220825,002,1795
1269.1905,1269.2267,68437,81582,Rhinolophus ferrumequinum,0.021,0.021,-1,Echolocation,/mnt/ubna_data_01_mir/recover-20220825/UBNA_002/20220823_033000.WAV,Telephone Field,recover-20220825,002,1795
1269.1915,1269.2006,23750,29966,Nyctalus leisleri,0.007,0.021,-1,Echolocation,/mnt/ubna_data_01_mir/recover-20220825/UBNA_002/20220823_033000.WAV,Telephone Field,recover-20220825,002,1795
1269.2105,1269.2205,27187,35752,Eptesicus serotinus,0.011,0.025,-1,Echolocation,/mnt/ubna_data_01_mir/recover-20220825/UBNA_002/20220823_033000.WAV,Telephone Field,recover-20220825,002,1795
1269.2275,1269.2682,68437,82977,Rhinolophus ferrumequinum,0.023,0.023,-1,Echolocation,/mnt/ubna_data_01_mir/recover-20220825/UBNA_002/20220823_033000.WAV,Telephone Field,recover-20220825,002,1795
1269.2485,1269.2914,68437,83503,Rhinolophus ferrumequinum,0.036,0.036,-1,Echolocation,/mnt/ubna_data_01_mir/recover-20220825/UBNA_002/20220823_033000.WAV,Telephone Field,recover-20220825,002,1795
1269.2685,1269.2799,26328,33381,Eptesicus serotinus,0.019,0.043,-1,Echolocation,/mnt/ubna_data_01_mir/recover-20220825/UBNA_002/20220823_033000.WAV,Telephone Field,recover-20220825,002,1795
1269.2725,1269.2831,36640,44219,Pipistrellus nathusii,0.008,0.023,-1,Echolocation,/mnt/ubna_data_01_mir/recover-20220825/UBNA_002/20220823_033000.WAV,Telephone Field,recover-20220825,002,1795
1269.2905,1269.3302,68437,82644,Rhinolophus ferrumequinum,0.021,0.021,-1,Echolocation,/mnt/ubna_data_01_mir/recover-20220825/UBNA_002/20220823_033000.WAV,Telephone Field,recover-20220825,002,1795
1269.3035,1269.3116,24609,33954,Plecotus austriacus,0.01,0.032,-1,Echolocation,/mnt/ubna_data_01_mir/recover-20220825/UBNA_002/20220823_033000.WAV,Telephone Field,recover-20220825,002,1795
1269.3035,1269.3445,68437,82972,Rhinolophus ferrumequinum,0.022,0.022,-1,Echolocation,/mnt/ubna_data_01_mir/recover-20220825/UBNA_002/20220823_033000.WAV,Telephone Field,recover-20220825,002,1795
1269.3305,1269.3692,68437,81939,Rhinolophus ferrumequinum,0.024,0.024,-1,Echolocation,/mnt/ubna_data_01_mir/recover-20220825/UBNA_002/20220823_033000.WAV,Telephone Field,recover-20220825,002,1795
1269.3375,1269.3781,68437,82813,Rhinolophus ferrumequinum,0.024,0.024,-1,Echolocation,/mnt/ubna_data_01_mir/recover-20220825/UBNA_002/20220823_033000.WAV,Telephone Field,recover-20220825,002,1795
1269.3505,1269.3589,25468,35059,Eptesicus serotinus,0.011,0.027,-1,Echolocation,/mnt/ubna_data_01_mir/recover-20220825/UBNA_002/20220823_033000.WAV,Telephone Field,recover-20220825,002,1795
1269.3965,1269.4321,68437,81733,Rhinolophus ferrumequinum,0.023,0.024,-1,Echolocation,/mnt/ubna_data_01_mir/recover-20220825/UBNA_002/20220823_033000.WAV,Telephone Field,recover-20220825,002,1795
1269.4035,1269.445,68437,82447,Rhinolophus ferrumequinum,0.022,0.022,-1,Echolocation,/mnt/ubna_data_01_mir/recover-20220825/UBNA_002/20220823_033000.WAV,Telephone Field,recover-20220825,002,1795
1269.4255,1269.4672,68437,82871,Rhinolophus ferrumequinum,0.028,0.028,-1,Echolocation,/mnt/ubna_data_01_mir/recover-20220825/UBNA_002/20220823_033000.WAV,Telephone Field,recover-20220825,002,1795
1269.4425,1269.4772,68437,80427,Rhinolophus ferrumequinum,0.022,0.022,-1,Echolocation,/mnt/ubna_data_01_mir/recover-20220825/UBNA_002/20220823_033000.WAV,Telephone Field,recover-20220825,002,1795
1269.4855,1269.5178,68437,80591,Rhinolophus ferrumequinum,0.021,0.021,-1,Echolocation,/mnt/ubna_data_01_mir/recover-20220825/UBNA_002/20220823_033000.WAV,Telephone Field,recover-20220825,002,1795
1269.4995,1269.5064,28046,40119,Eptesicus serotinus,0.005,0.021,-1,Echolocation,/mnt/ubna_data_01_mir/recover-20220825/UBNA_002/20220823_033000.WAV,Telephone Field,recover-20220825,002,1795
1269.5185,1269.5595,68437,82364,Rhinolophus ferrumequinum,0.022,0.022,-1,Echolocation,/mnt/ubna_data_01_mir/recover-20220825/UBNA_002/20220823_033000.WAV,Telephone Field,recover-20220825,002,1795
1269.5325,1269.5411,27187,36303,Eptesicus serotinus,0.009,0.022,-1,Echolocation,/mnt/ubna_data_01_mir/recover-20220825/UBNA_002/20220823_033000.WAV,Telephone Field,recover-20220825,002,1795
1269.5555,1269.5945,68437,82760,Rhinolophus ferrumequinum,0.023,0.023,-1,Echolocation,/mnt/ubna_data_01_mir/recover-20220825/UBNA_002/20220823_033000.WAV,Telephone Field,recover-20220825,002,1795
1269.5685,1269.6083,68437,82699,Rhinolophus ferrumequinum,0.022,0.022,-1,Echolocation,/mnt/ubna_data_01_mir/recover-20220825/UBNA_002/20220823_033000.WAV,Telephone Field,recover-20220825,002,1795
1269.6025,1269.6412,68437,82314,Rhinolophus ferrumequinum,0.021,0.021,-1,Echolocation,/mnt/ubna_data_01_mir/recover-20220825/UBNA_002/20220823_033000.WAV,Telephone Field,recover-20220825,002,1795
1269.6145,1269.6241,23750,30434,Nyctalus leisleri,0.01,0.03,-1,Echolocation,/mnt/ubna_data_01_mir/recover-20220825/UBNA_002/20220823_033000.WAV,Telephone Field,recover-20220825,002,1795
1269.6215,1269.6594,68437,81821,Rhinolophus ferrumequinum,0.021,0.021,-1,Echolocation,/mnt/ubna_data_01_mir/recover-20220825/UBNA_002/20220823_033000.WAV,Telephone Field,recover-20220825,002,1795
1269.6375,1269.6473,27187,34368,Eptesicus serotinus,0.011,0.026,-1,Echolocation,/mnt/ubna_data_01_mir/recover-20220825/UBNA_002/20220823_033000.WAV,Telephone Field,recover-20220825,002,1795
1269.6705,1269.7072,68437,81631,Rhinolophus ferrumequinum,0.02,0.02,-1,Echolocation,/mnt/ubna_data_01_mir/recover-20220825/UBNA_002/20220823_033000.WAV,Telephone Field,recover-20220825,002,1795
1269.7085,1269.7177,28906,38592,Eptesicus serotinus,0.007,0.021,-1,Echolocation,/mnt/ubna_data_01_mir/recover-20220825/UBNA_002/20220823_033000.WAV,Telephone Field,recover-20220825,002,1795
1269.7105,1269.7503,68437,82302,Rhinolophus ferrumequinum,0.023,0.023,-1,Echolocation,/mnt/ubna_data_01_mir/recover-20220825/UBNA_002/20220823_033000.WAV,Telephone Field,recover-20220825,002,1795
1269.7405,1269.7495,28906,39210,Eptesicus serotinus,0.008,0.021,-1,Echolocation,/mnt/ubna_data_01_mir/recover-20220825/UBNA_002/20220823_033000.WAV,Telephone Field,recover-20220825,002,1795
1269.7445,1269.7839,68437,82383,Rhinolophus ferrumequinum,0.022,0.022,-1,Echolocation,/mnt/ubna_data_01_mir/recover-20220825/UBNA_002/20220823_033000.WAV,Telephone Field,recover-20220825,002,1795
1269.7635,1269.7977,68437,80727,Rhinolophus ferrumequinum,0.023,0.023,-1,Echolocation,/mnt/ubna_data_01_mir/recover-20220825/UBNA_002/20220823_033000.WAV,Telephone Field,recover-20220825,002,1795
1269.7785,1269.8193,68437,82354,Rhinolophus ferrumequinum,0.022,0.022,-1,Echolocation,/mnt/ubna_data_01_mir/recover-20220825/UBNA_002/20220823_033000.WAV,Telephone Field,recover-20220825,002,1795
1269.7925,1269.8024,24609,31683,Eptesicus serotinus,0.008,0.023,-1,Echolocation,/mnt/ubna_data_01_mir/recover-20220825/UBNA_002/20220823_033000.WAV,Telephone Field,recover-20220825,002,1795
1269.8195,1269.8621,68437,83201,Rhinolophus ferrumequinum,0.031,0.031,-1,Echolocation,/mnt/ubna_data_01_mir/recover-20220825/UBNA_002/20220823_033000.WAV,Telephone Field,recover-20220825,002,1795
1269.8335,1269.84,31484,43437,Myotis daubentonii,0.012,0.029,-1,Echolocation,/mnt/ubna_data_01_mir/recover-20220825/UBNA_002/20220823_033000.WAV,Telephone Field,recover-20220825,002,1795
1269.8415,1269.8743,68437,80222,Rhinolophus ferrumequinum,0.022,0.022,-1,Echolocation,/mnt/ubna_data_01_mir/recover-20220825/UBNA_002/20220823_033000.WAV,Telephone Field,recover-20220825,002,1795
1269.8865,1269.9262,68437,82443,Rhinolophus ferrumequinum,0.021,0.021,-1,Echolocation,/mnt/ubna_data_01_mir/recover-20220825/UBNA_002/20220823_033000.WAV,Telephone Field,recover-20220825,002,1795
1269.9215,1269.9601,68437,82077,Rhinolophus ferrumequinum,0.022,0.022,-1,Echolocation,/mnt/ubna_data_01_mir/recover-20220825/UBNA_002/20220823_033000.WAV,Telephone Field,recover-20220825,002,1795
1269.9365,1269.9783,68437,82638,Rhinolophus ferrumequinum,0.023,0.023,-1,Echolocation,/mnt/ubna_data_01_mir/recover-20220825/UBNA_002/20220823_033000.WAV,Telephone Field,recover-20220825,002,1795
1269.9625,1269.9741,23750,29449,Nyctalus leisleri,0.01,0.023,-1,Echolocation,/mnt/ubna_data_01_mir/recover-20220825/UBNA_002/20220823_033000.WAV,Telephone Field,recover-20220825,002,1795
1269.9745,1269.9819,27187,36918,Eptesicus serotinus,0.013,0.032,-1,Echolocation,/mnt/ubna_data_01_mir/recover-20220825/UBNA_002/20220823_033000.WAV,Telephone Field,recover-20220825,002,1795
1270.0015,1270.0143,47812,52548,Pipistrellus pipistrellus,0.025,0.031,-1,Echolocation,/mnt/ubna_data_01_mir/recover-20220825/UBNA_002/20220823_033000.WAV,Telephone Field,recover-20220825,002,1795
1270.0015,1270.0358,68437,80698,Rhinolophus ferrumequinum,0.024,0.025,-1,Echolocation,/mnt/ubna_data_01_mir/recover-20220825/UBNA_002/20220823_033000.WAV,Telephone Field,recover-20220825,002,1795
1270.0015,1270.0112,27187,35868,Nyctalus leisleri,0.009,0.028,-1,Echolocation,/mnt/ubna_data_01_mir/recover-20220825/UBNA_002/20220823_033000.WAV,Telephone Field,recover-20220825,002,1795
1270.0085,1270.018,47812,53206,Pipistrellus pipistrellus,0.019,0.022,-1,Echolocation,/mnt/ubna_data_01_mir/recover-20220825/UBNA_002/20220823_033000.WAV,Telephone Field,recover-20220825,002,1795
1270.0495,1270.059,42656,45506,Pipistrellus pipistrellus,0.017,0.023,-1,Echolocation,/mnt/ubna_data_01_mir/recover-20220825/UBNA_002/20220823_033000.WAV,Telephone Field,recover-20220825,002,1795
1270.0505,1270.0618,22890,28948,Nyctalus leisleri,0.013,0.028,-1,Echolocation,/mnt/ubna_data_01_mir/recover-20220825/UBNA_002/20220823_033000.WAV,Telephone Field,recover-20220825,002,1795
1270.0645,1270.1042,68437,82920,Rhinolophus ferrumequinum,0.025,0.025,-1,Echolocation,/mnt/ubna_data_01_mir/recover-20220825/UBNA_002/20220823_033000.WAV,Telephone Field,recover-20220825,002,1795
1270.0945,1270.1324,68437,81616,Rhinolophus ferrumequinum,0.021,0.021,-1,Echolocation,/mnt/ubna_data_01_mir/recover-20220825/UBNA_002/20220823_033000.WAV,Telephone Field,recover-20220825,002,1795
1270.1405,1270.1805,68437,82586,Rhinolophus ferrumequinum,0.022,0.022,-1,Echolocation,/mnt/ubna_data_01_mir/recover-20220825/UBNA_002/20220823_033000.WAV,Telephone Field,recover-20220825,002,1795
1270.2275,1270.2689,68437,82984,Rhinolophus ferrumequinum,0.031,0.031,-1,Echolocation,/mnt/ubna_data_01_mir/recover-20220825/UBNA_002/20220823_033000.WAV,Telephone Field,recover-20220825,002,1795
1270.2635,1270.3005,68437,82292,Rhinolophus ferrumequinum,0.022,0.022,-1,Echolocation,/mnt/ubna_data_01_mir/recover-20220825/UBNA_002/20220823_033000.WAV,Telephone Field,recover-20220825,002,1795
1270.2635,1270.2725,47812,51257,Pipistrellus pipistrellus,0.033,0.037,-1,Echolocation,/mnt/ubna_data_01_mir/recover-20220825/UBNA_002/20220823_033000.WAV,Telephone Field,recover-20220825,002,1795
1270.2955,1270.3339,68437,82022,Rhinolophus ferrumequinum,0.022,0.022,-1,Echolocation,/mnt/ubna_data_01_mir/recover-20220825/UBNA_002/20220823_033000.WAV,Telephone Field,recover-20220825,002,1795
1270.3005,1270.3109,24609,30717,Nyctalus leisleri,0.013,0.032,-1,Echolocation,/mnt/ubna_data_01_mir/recover-20220825/UBNA_002/20220823_033000.WAV,Telephone Field,recover-20220825,002,1795
1270.3035,1270.3437,68437,82033,Rhinolophus ferrumequinum,0.022,0.022,-1,Echolocation,/mnt/ubna_data_01_mir/recover-20220825/UBNA_002/20220823_033000.WAV,Telephone Field,recover-20220825,002,1795
1270.3135,1270.3229,36640,43461,Barbastellus barbastellus,0.006,0.023,-1,Echolocation,/mnt/ubna_data_01_mir/recover-20220825/UBNA_002/20220823_033000.WAV,Telephone Field,recover-20220825,002,1795
1270.3145,1270.3568,68437,83102,Rhinolophus ferrumequinum,0.025,0.025,-1,Echolocation,/mnt/ubna_data_01_mir/recover-20220825/UBNA_002/20220823_033000.WAV,Telephone Field,recover-20220825,002,1795
1270.3355,1270.3442,26328,35217,Eptesicus serotinus,0.008,0.023,-1,Echolocation,/mnt/ubna_data_01_mir/recover-20220825/UBNA_002/20220823_033000.WAV,Telephone Field,recover-20220825,002,1795
1270.3505,1270.3891,68437,81914,Rhinolophus ferrumequinum,0.022,0.022,-1,Echolocation,/mnt/ubna_data_01_mir/recover-20220825/UBNA_002/20220823_033000.WAV,Telephone Field,recover-20220825,002,1795
1270.3565,1270.3638,27187,42624,Eptesicus serotinus,0.007,0.022,-1,Echolocation,/mnt/ubna_data_01_mir/recover-20220825/UBNA_002/20220823_033000.WAV,Telephone Field,recover-20220825,002,1795
1270.3595,1270.3666,34921,43970,Barbastellus barbastellus,0.008,0.023,-1,Echolocation,/mnt/ubna_data_01_mir/recover-20220825/UBNA_002/20220823_033000.WAV,Telephone Field,recover-20220825,002,1795
1270.3795,1270.4144000000001,68437,81666,Rhinolophus ferrumequinum,0.025,0.026,-1,Echolocation,/mnt/ubna_data_01_mir/recover-20220825/UBNA_002/20220823_033000.WAV,Telephone Field,recover-20220825,002,1795
1270.4365,1270.4724,68437,81734,Rhinolophus ferrumequinum,0.022,0.022,-1,Echolocation,/mnt/ubna_data_01_mir/recover-20220825/UBNA_002/20220823_033000.WAV,Telephone Field,recover-20220825,002,1795
1270.4435,1270.4788,68437,80708,Rhinolophus ferrumequinum,0.021,0.021,-1,Echolocation,/mnt/ubna_data_01_mir/recover-20220825/UBNA_002/20220823_033000.WAV,Telephone Field,recover-20220825,002,1795
1270.4445,1270.4549,24609,31379,Eptesicus serotinus,0.01,0.028,-1,Echolocation,/mnt/ubna_data_01_mir/recover-20220825/UBNA_002/20220823_033000.WAV,Telephone Field,recover-20220825,002,1795
1270.4595,1270.4683,28046,36698,Eptesicus serotinus,0.008,0.021,-1,Echolocation,/mnt/ubna_data_01_mir/recover-20220825/UBNA_002/20220823_033000.WAV,Telephone Field,recover-20220825,002,1795
1270.4895,1270.5297,68437,82238,Rhinolophus ferrumequinum,0.024,0.024,-1,Echolocation,/mnt/ubna_data_01_mir/recover-20220825/UBNA_002/20220823_033000.WAV,Telephone Field,recover-20220825,002,1795
1270.5255,1270.5343,30625,38860,Eptesicus serotinus,0.007,0.027,-1,Echolocation,/mnt/ubna_data_01_mir/recover-20220825/UBNA_002/20220823_033000.WAV,Telephone Field,recover-20220825,002,1795
1270.5445,1270.5858,68437,82788,Rhinolophus ferrumequinum,0.023,0.023,-1,Echolocation,/mnt/ubna_data_01_mir/recover-20220825/UBNA_002/20220823_033000.WAV,Telephone Field,recover-20220825,002,1795
1270.5715,1270.6084,68437,82260,Rhinolophus ferrumequinum,0.023,0.023,-1,Echolocation,/mnt/ubna_data_01_mir/recover-20220825/UBNA_002/20220823_033000.WAV,Telephone Field,recover-20220825,002,1795
1270.6115,1270.6449,68437,81497,Rhinolophus ferrumequinum,0.022,0.022,-1,Echolocation,/mnt/ubna_data_01_mir/recover-20220825/UBNA_002/20220823_033000.WAV,Telephone Field,recover-20220825,002,1795
1270.6235,1270.6624,68437,81767,Rhinolophus ferrumequinum,0.022,0.022,-1,Echolocation,/mnt/ubna_data_01_mir/recover-20220825/UBNA_002/20220823_033000.WAV,Telephone Field,recover-20220825,002,1795
1270.7325,1270.7712,68437,82290,Rhinolophus ferrumequinum,0.022,0.022,-1,Echolocation,/mnt/ubna_data_01_mir/recover-20220825/UBNA_002/20220823_033000.WAV,Telephone Field,recover-20220825,002,1795
1270.7415,1270.7497,28906,38031,Eptesicus serotinus,0.009,0.027,-1,Echolocation,/mnt/ubna_data_01_mir/recover-20220825/UBNA_002/20220823_033000.WAV,Telephone Field,recover-20220825,002,1795
1270.7485,1270.7838,68437,80599,Rhinolophus ferrumequinum,0.022,0.022,-1,Echolocation,/mnt/ubna_data_01_mir/recover-20220825/UBNA_002/20220823_033000.WAV,Telephone Field,recover-20220825,002,1795
1270.7965,1270.835,68437,82543,Rhinolophus ferrumequinum,0.022,0.022,-1,Echolocation,/mnt/ubna_data_01_mir/recover-20220825/UBNA_002/20220823_033000.WAV,Telephone Field,recover-20220825,002,1795
1270.8235,1270.8635,68437,81924,Rhinolophus ferrumequinum,0.022,0.022,-1,Echolocation,/mnt/ubna_data_01_mir/recover-20220825/UBNA_002/20220823_033000.WAV,Telephone Field,recover-20220825,002,1795
1270.8435,1270.8842,68437,83034,Rhinolophus ferrumequinum,0.026,0.026,-1,Echolocation,/mnt/ubna_data_01_mir/recover-20220825/UBNA_002/20220823_033000.WAV,Telephone Field,recover-20220825,002,1795
1270.8475,1270.8546,28046,39026,Eptesicus serotinus,0.007,0.024,-1,Echolocation,/mnt/ubna_data_01_mir/recover-20220825/UBNA_002/20220823_033000.WAV,Telephone Field,recover-20220825,002,1795
1270.8705,1270.9081,68437,82252,Rhinolophus ferrumequinum,0.026,0.026,-1,Echolocation,/mnt/ubna_data_01_mir/recover-20220825/UBNA_002/20220823_033000.WAV,Telephone Field,recover-20220825,002,1795
1270.8985,1270.9322,68437,80926,Rhinolophus ferrumequinum,0.021,0.021,-1,Echolocation,/mnt/ubna_data_01_mir/recover-20220825/UBNA_002/20220823_033000.WAV,Telephone Field,recover-20220825,002,1795
1270.9165,1270.9233,27187,39398,Eptesicus serotinus,0.005,0.021,-1,Echolocation,/mnt/ubna_data_01_mir/recover-20220825/UBNA_002/20220823_033000.WAV,Telephone Field,recover-20220825,002,1795
1270.9245,1270.967,68437,82982,Rhinolophus ferrumequinum,0.027,0.027,-1,Echolocation,/mnt/ubna_data_01_mir/recover-20220825/UBNA_002/20220823_033000.WAV,Telephone Field,recover-20220825,002,1795
1270.9405,1270.9806,68437,82595,Rhinolophus ferrumequinum,0.023,0.023,-1,Echolocation,/mnt/ubna_data_01_mir/recover-20220825/UBNA_002/20220823_033000.WAV,Telephone Field,recover-20220825,002,1795
1270.9695,1270.9768,28046,40034,Eptesicus serotinus,0.006,0.021,-1,Echolocation,/mnt/ubna_data_01_mir/recover-20220825/UBNA_002/20220823_033000.WAV,Telephone Field,recover-20220825,002,1795
1270.9865,1271.0267,68437,82848,Rhinolophus ferrumequinum,0.027,0.028,-1,Echolocation,/mnt/ubna_data_01_mir/recover-20220825/UBNA_002/20220823_033000.WAV,Telephone Field,recover-20220825,002,1795
1271.0305,1271.0709,68437,82521,Rhinolophus ferrumequinum,0.022,0.022,-1,Echolocation,/mnt/ubna_data_01_mir/recover-20220825/UBNA_002/20220823_033000.WAV,Telephone Field,recover-20220825,002,1795
1271.0435,1271.0849,68437,82707,Rhinolophus ferrumequinum,0.021,0.021,-1,Echolocation,/mnt/ubna_data_01_mir/recover-20220825/UBNA_002/20220823_033000.WAV,Telephone Field,recover-20220825,002,1795
1271.0805,1271.119,68437,81992,Rhinolophus ferrumequinum,0.022,0.022,-1,Echolocation,/mnt/ubna_data_01_mir/recover-20220825/UBNA_002/20220823_033000.WAV,Telephone Field,recover-20220825,002,1795
1271.0815,1271.0878,24609,38946,Plecotus austriacus,0.007,0.024,-1,Echolocation,/mnt/ubna_data_01_mir/recover-20220825/UBNA_002/20220823_033000.WAV,Telephone Field,recover-20220825,002,1795
1271.0935,1271.1018,28046,40196,Eptesicus serotinus,0.008,0.023,-1,Echolocation,/mnt/ubna_data_01_mir/recover-20220825/UBNA_002/20220823_033000.WAV,Telephone Field,recover-20220825,002,1795
1271.1055,1271.1161,28906,35960,Eptesicus serotinus,0.01,0.023,-1,Echolocation,/mnt/ubna_data_01_mir/recover-20220825/UBNA_002/20220823_033000.WAV,Telephone Field,recover-20220825,002,1795
1271.1085,1271.1465,68437,81914,Rhinolophus ferrumequinum,0.024,0.024,-1,Echolocation,/mnt/ubna_data_01_mir/recover-20220825/UBNA_002/20220823_033000.WAV,Telephone Field,recover-20220825,002,1795
1271.1545,1271.1611,24609,34396,Plecotus auritus,0.011,0.028,-1,Echolocation,/mnt/ubna_data_01_mir/recover-20220825/UBNA_002/20220823_033000.WAV,Telephone Field,recover-20220825,002,1795
1271.1615,1271.2016,68437,82557,Rhinolophus ferrumequinum,0.022,0.022,-1,Echolocation,/mnt/ubna_data_01_mir/recover-20220825/UBNA_002/20220823_033000.WAV,Telephone Field,recover-20220825,002,1795
1271.1865,1271.2277,68437,82385,Rhinolophus ferrumequinum,0.021,0.021,-1,Echolocation,/mnt/ubna_data_01_mir/recover-20220825/UBNA_002/20220823_033000.WAV,Telephone Field,recover-20220825,002,1795
1271.2085,1271.2165,49531,54089,Pipistrellus pipistrellus,0.022,0.024,-1,Echolocation,/mnt/ubna_data_01_mir/recover-20220825/UBNA_002/20220823_033000.WAV,Telephone Field,recover-20220825,002,1795
1271.2085,1271.2511,68437,82968,Rhinolophus ferrumequinum,0.032,0.032,-1,Echolocation,/mnt/ubna_data_01_mir/recover-20220825/UBNA_002/20220823_033000.WAV,Telephone Field,recover-20220825,002,1795
1271.2345,1271.2792,68437,82494,Rhinolophus ferrumequinum,0.031,0.031,-1,Echolocation,/mnt/ubna_data_01_mir/recover-20220825/UBNA_002/20220823_033000.WAV,Telephone Field,recover-20220825,002,1795
1271.3215,1271.3662,68437,83520,Rhinolophus ferrumequinum,0.046,0.046,-1,Echolocation,/mnt/ubna_data_01_mir/recover-20220825/UBNA_002/20220823_033000.WAV,Telephone Field,recover-20220825,002,1795
1271.3365,1271.3737,68437,81974,Rhinolophus ferrumequinum,0.022,0.022,-1,Echolocation,/mnt/ubna_data_01_mir/recover-20220825/UBNA_002/20220823_033000.WAV,Telephone Field,recover-20220825,002,1795
1271.3435,1271.3508,28046,43035,Eptesicus serotinus,0.009,0.027,-1,Echolocation,/mnt/ubna_data_01_mir/recover-20220825/UBNA_002/20220823_033000.WAV,Telephone Field,recover-20220825,002,1795
1271.3445,1271.38,68437,81776,Rhinolophus ferrumequinum,0.023,0.023,-1,Echolocation,/mnt/ubna_data_01_mir/recover-20220825/UBNA_002/20220823_033000.WAV,Telephone Field,recover-20220825,002,1795
1271.3495,1271.3872,68437,82108,Rhinolophus ferrumequinum,0.023,0.023,-1,Echolocation,/mnt/ubna_data_01_mir/recover-20220825/UBNA_002/20220823_033000.WAV,Telephone Field,recover-20220825,002,1795
1271.3735,1271.4096,68437,81436,Rhinolophus ferrumequinum,0.021,0.021,-1,Echolocation,/mnt/ubna_data_01_mir/recover-20220825/UBNA_002/20220823_033000.WAV,Telephone Field,recover-20220825,002,1795
1271.3875,1271.4255,68437,81710,Rhinolophus ferrumequinum,0.021,0.021,-1,Echolocation,/mnt/ubna_data_01_mir/recover-20220825/UBNA_002/20220823_033000.WAV,Telephone Field,recover-20220825,002,1795
1271.4155,1271.4554,68437,81851,Rhinolophus ferrumequinum,0.021,0.021,-1,Echolocation,/mnt/ubna_data_01_mir/recover-20220825/UBNA_002/20220823_033000.WAV,Telephone Field,recover-20220825,002,1795
1271.4295,1271.4393,25468,32761,Eptesicus serotinus,0.009,0.023,-1,Echolocation,/mnt/ubna_data_01_mir/recover-20220825/UBNA_002/20220823_033000.WAV,Telephone Field,recover-20220825,002,1795
1271.4485,1271.4877,68437,81805,Rhinolophus ferrumequinum,0.03,0.03,-1,Echolocation,/mnt/ubna_data_01_mir/recover-20220825/UBNA_002/20220823_033000.WAV,Telephone Field,recover-20220825,002,1795
1271.4595,1271.4702,28906,36434,Eptesicus serotinus,0.012,0.027,-1,Echolocation,/mnt/ubna_data_01_mir/recover-20220825/UBNA_002/20220823_033000.WAV,Telephone Field,recover-20220825,002,1795
1271.4595,1271.4999,68437,81886,Rhinolophus ferrumequinum,0.024,0.024,-1,Echolocation,/mnt/ubna_data_01_mir/recover-20220825/UBNA_002/20220823_033000.WAV,Telephone Field,recover-20220825,002,1795
1271.4805,1271.5199,68437,82712,Rhinolophus ferrumequinum,0.04,0.04,-1,Echolocation,/mnt/ubna_data_01_mir/recover-20220825/UBNA_002/20220823_033000.WAV,Telephone Field,recover-20220825,002,1795
1271.5065,1271.543,68437,81592,Rhinolophus ferrumequinum,0.022,0.022,-1,Echolocation,/mnt/ubna_data_01_mir/recover-20220825/UBNA_002/20220823_033000.WAV,Telephone Field,recover-20220825,002,1795
1271.5415,1271.5526,42656,48849,Pipistrellus pipistrellus,0.018,0.024,-1,Echolocation,/mnt/ubna_data_01_mir/recover-20220825/UBNA_002/20220823_033000.WAV,Telephone Field,recover-20220825,002,1795
1271.5445,1271.5514,27187,41066,Eptesicus serotinus,0.007,0.023,-1,Echolocation,/mnt/ubna_data_01_mir/recover-20220825/UBNA_002/20220823_033000.WAV,Telephone Field,recover-20220825,002,1795
1271.5475,1271.5571,42656,47024,Pipistrellus pipistrellus,0.017,0.021,-1,Echolocation,/mnt/ubna_data_01_mir/recover-20220825/UBNA_002/20220823_033000.WAV,Telephone Field,recover-20220825,002,1795
1271.5585,1271.6006,68437,82969,Rhinolophus ferrumequinum,0.026,0.026,-1,Echolocation,/mnt/ubna_data_01_mir/recover-20220825/UBNA_002/20220823_033000.WAV,Telephone Field,recover-20220825,002,1795
1271.5585,1271.5682,28046,35801,Eptesicus serotinus,0.008,0.021,-1,Echolocation,/mnt/ubna_data_01_mir/recover-20220825/UBNA_002/20220823_033000.WAV,Telephone Field,recover-20220825,002,1795
1271.6725,1271.6821,27187,35480,Eptesicus serotinus,0.008,0.023,-1,Echolocation,/mnt/ubna_data_01_mir/recover-20220825/UBNA_002/20220823_033000.WAV,Telephone Field,recover-20220825,002,1795
1271.6755,1271.714,68437,82015,Rhinolophus ferrumequinum,0.024,0.024,-1,Echolocation,/mnt/ubna_data_01_mir/recover-20220825/UBNA_002/20220823_033000.WAV,Telephone Field,recover-20220825,002,1795
1271.6795,1271.6868,31484,41491,Myotis daubentonii,0.007,0.022,-1,Echolocation,/mnt/ubna_data_01_mir/recover-20220825/UBNA_002/20220823_033000.WAV,Telephone Field,recover-20220825,002,1795
1271.6985,1271.7096,22890,27056,Nyctalus leisleri,0.014,0.025,-1,Echolocation,/mnt/ubna_data_01_mir/recover-20220825/UBNA_002/20220823_033000.WAV,Telephone Field,recover-20220825,002,1795
1271.7245,1271.7305,24609,40911,Plecotus austriacus,0.01,0.032,-1,Echolocation,/mnt/ubna_data_01_mir/recover-20220825/UBNA_002/20220823_033000.WAV,Telephone Field,recover-20220825,002,1795
1271.7465,1271.7546,28046,39052,Eptesicus serotinus,0.008,0.022,-1,Echolocation,/mnt/ubna_data_01_mir/recover-20220825/UBNA_002/20220823_033000.WAV,Telephone Field,recover-20220825,002,1795
1271.7545,1271.7635,28046,36546,Eptesicus serotinus,0.009,0.021,-1,Echolocation,/mnt/ubna_data_01_mir/recover-20220825/UBNA_002/20220823_033000.WAV,Telephone Field,recover-20220825,002,1795
1271.7845,1271.7942,28906,36175,Eptesicus serotinus,0.009,0.023,-1,Echolocation,/mnt/ubna_data_01_mir/recover-20220825/UBNA_002/20220823_033000.WAV,Telephone Field,recover-20220825,002,1795
1271.8325,1271.8775,68437,83636,Rhinolophus ferrumequinum,0.036,0.036,-1,Echolocation,/mnt/ubna_data_01_mir/recover-20220825/UBNA_002/20220823_033000.WAV,Telephone Field,recover-20220825,002,1795
1271.8485,1271.8651,18593,22521,Nyctalus noctula,0.012,0.025,-1,Echolocation,/mnt/ubna_data_01_mir/recover-20220825/UBNA_002/20220823_033000.WAV,Telephone Field,recover-20220825,002,1795
1271.8595,1271.9046,68437,83393,Rhinolophus ferrumequinum,0.045,0.045,-1,Echolocation,/mnt/ubna_data_01_mir/recover-20220825/UBNA_002/20220823_033000.WAV,Telephone Field,recover-20220825,002,1795
1271.8935,1271.9018,26328,35310,Eptesicus serotinus,0.009,0.022,-1,Echolocation,/mnt/ubna_data_01_mir/recover-20220825/UBNA_002/20220823_033000.WAV,Telephone Field,recover-20220825,002,1795
1271.9075,1271.917,24609,31192,Nyctalus leisleri,0.008,0.022,-1,Echolocation,/mnt/ubna_data_01_mir/recover-20220825/UBNA_002/20220823_033000.WAV,Telephone Field,recover-20220825,002,1795
1271.9435,1271.9847,68437,82637,Rhinolophus ferrumequinum,0.024,0.024,-1,Echolocation,/mnt/ubna_data_01_mir/recover-20220825/UBNA_002/20220823_033000.WAV,Telephone Field,recover-20220825,002,1795
1271.9795,1271.9873,26328,38076,Eptesicus serotinus,0.009,0.025,-1,Echolocation,/mnt/ubna_data_01_mir/recover-20220825/UBNA_002/20220823_033000.WAV,Telephone Field,recover-20220825,002,1795
1272.0015,1272.0154,19453,24274,Nyctalus leisleri,0.01,0.026,-1,Echolocation,/mnt/ubna_data_01_mir/recover-20220825/UBNA_002/20220823_033000.WAV,Telephone Field,recover-20220825,002,1795
1272.0015,1272.0325,68437,79741,Rhinolophus ferrumequinum,0.032,0.032,-1,Echolocation,/mnt/ubna_data_01_mir/recover-20220825/UBNA_002/20220823_033000.WAV,Telephone Field,recover-20220825,002,1795
1272.0015,1272.011,27187,36902,Eptesicus serotinus,0.011,0.034,-1,Echolocation,/mnt/ubna_data_01_mir/recover-20220825/UBNA_002/20220823_033000.WAV,Telephone Field,recover-20220825,002,1795
1272.0155,1272.0239,26328,35997,Eptesicus serotinus,0.01,0.026,-1,Echolocation,/mnt/ubna_data_01_mir/recover-20220825/UBNA_002/20220823_033000.WAV,Telephone Field,recover-20220825,002,1795
1272.0215,1272.0586,68437,81469,Rhinolophus ferrumequinum,0.021,0.021,-1,Echolocation,/mnt/ubna_data_01_mir/recover-20220825/UBNA_002/20220823_033000.WAV,Telephone Field,recover-20220825,002,1795
1272.0475,1272.057,28046,36258,Eptesicus serotinus,0.029,0.05,-1,Echolocation,/mnt/ubna_data_01_mir/recover-20220825/UBNA_002/20220823_033000.WAV,Telephone Field,recover-20220825,002,1795
1272.0825,1272.0913,28046,37911,Eptesicus serotinus,0.009,0.021,-1,Echolocation,/mnt/ubna_data_01_mir/recover-20220825/UBNA_002/20220823_033000.WAV,Telephone Field,recover-20220825,002,1795
1272.1185,1272.1587,68437,82194,Rhinolophus ferrumequinum,0.021,0.021,-1,Echolocation,/mnt/ubna_data_01_mir/recover-20220825/UBNA_002/20220823_033000.WAV,Telephone Field,recover-20220825,002,1795
1272.1285,1272.139,22031,26647,Nyctalus leisleri,0.01,0.021,-1,Echolocation,/mnt/ubna_data_01_mir/recover-20220825/UBNA_002/20220823_033000.WAV,Telephone Field,recover-20220825,002,1795
1272.1445,1272.1798,68437,81656,Rhinolophus ferrumequinum,0.023,0.023,-1,Echolocation,/mnt/ubna_data_01_mir/recover-20220825/UBNA_002/20220823_033000.WAV,Telephone Field,recover-20220825,002,1795
1272.1495,1272.1581,28046,38148,Eptesicus serotinus,0.008,0.022,-1,Echolocation,/mnt/ubna_data_01_mir/recover-20220825/UBNA_002/20220823_033000.WAV,Telephone Field,recover-20220825,002,1795
1272.1565,1272.1989,68437,82567,Rhinolophus ferrumequinum,0.026,0.026,-1,Echolocation,/mnt/ubna_data_01_mir/recover-20220825/UBNA_002/20220823_033000.WAV,Telephone Field,recover-20220825,002,1795
1272.1615,1272.1729,42656,46920,Pipistrellus pipistrellus,0.015,0.022,-1,Echolocation,/mnt/ubna_data_01_mir/recover-20220825/UBNA_002/20220823_033000.WAV,Telephone Field,recover-20220825,002,1795
1272.1985,1272.2077,28906,38211,Eptesicus serotinus,0.009,0.021,-1,Echolocation,/mnt/ubna_data_01_mir/recover-20220825/UBNA_002/20220823_033000.WAV,Telephone Field,recover-20220825,002,1795
1272.2515,1272.2663,23750,27709,Nyctalus leisleri,0.048,0.089,-1,Echolocation,/mnt/ubna_data_01_mir/recover-20220825/UBNA_002/20220823_033000.WAV,Telephone Field,recover-20220825,002,1795
1272.2565,1272.295,68437,81491,Rhinolophus ferrumequinum,0.022,0.022,-1,Echolocation,/mnt/ubna_data_01_mir/recover-20220825/UBNA_002/20220823_033000.WAV,Telephone Field,recover-20220825,002,1795
1272.2695,1272.3067,68437,81870,Rhinolophus ferrumequinum,0.024,0.024,-1,Echolocation,/mnt/ubna_data_01_mir/recover-20220825/UBNA_002/20220823_033000.WAV,Telephone Field,recover-20220825,002,1795
1272.2955,1272.3145,20312,23621,Nyctalus leisleri,0.016,0.03,-1,Echolocation,/mnt/ubna_data_01_mir/recover-20220825/UBNA_002/20220823_033000.WAV,Telephone Field,recover-20220825,002,1795
1272.3245,1272.3349,27187,36075,Eptesicus serotinus,0.026,0.042,-1,Echolocation,/mnt/ubna_data_01_mir/recover-20220825/UBNA_002/20220823_033000.WAV,Telephone Field,recover-20220825,002,1795
1272.3485,1272.355,28046,39397,Eptesicus serotinus,0.012,0.037,-1,Echolocation,/mnt/ubna_data_01_mir/recover-20220825/UBNA_002/20220823_033000.WAV,Telephone Field,recover-20220825,002,1795
1272.3735,1272.4152,68437,82255,Rhinolophus ferrumequinum,0.022,0.022,-1,Echolocation,/mnt/ubna_data_01_mir/recover-20220825/UBNA_002/20220823_033000.WAV,Telephone Field,recover-20220825,002,1795
1272.4015,1272.4099,27187,39038,Eptesicus serotinus,0.009,0.024,-1,Echolocation,/mnt/ubna_data_01_mir/recover-20220825/UBNA_002/20220823_033000.WAV,Telephone Field,recover-20220825,002,1795
1272.4255,1272.4366,34921,41326,Eptesicus serotinus,0.006,0.021,-1,Echolocation,/mnt/ubna_data_01_mir/recover-20220825/UBNA_002/20220823_033000.WAV,Telephone Field,recover-20220825,002,1795
1272.4545,1272.4645,27187,33524,Eptesicus serotinus,0.152,0.244,-1,Echolocation,/mnt/ubna_data_01_mir/recover-20220825/UBNA_002/20220823_033000.WAV,Telephone Field,recover-20220825,002,1795
1272.4695,1272.5085,68437,82840,Rhinolophus ferrumequinum,0.027,0.027,-1,Echolocation,/mnt/ubna_data_01_mir/recover-20220825/UBNA_002/20220823_033000.WAV,Telephone Field,recover-20220825,002,1795
1272.4875,1272.4966,23750,31314,Eptesicus serotinus,0.007,0.023,-1,Echolocation,/mnt/ubna_data_01_mir/recover-20220825/UBNA_002/20220823_033000.WAV,Telephone Field,recover-20220825,002,1795
1272.5085,1272.518,15156,22185,Nyctalus noctula,0.009,0.021,-1,Echolocation,/mnt/ubna_data_01_mir/recover-20220825/UBNA_002/20220823_033000.WAV,Telephone Field,recover-20220825,002,1795
1272.5275,1272.5664,68437,82433,Rhinolophus ferrumequinum,0.021,0.021,-1,Echolocation,/mnt/ubna_data_01_mir/recover-20220825/UBNA_002/20220823_033000.WAV,Telephone Field,recover-20220825,002,1795
1272.5755,1272.5847,27187,35885,Eptesicus serotinus,0.013,0.027,-1,Echolocation,/mnt/ubna_data_01_mir/recover-20220825/UBNA_002/20220823_033000.WAV,Telephone Field,recover-20220825,002,1795
1272.6105,1272.6191,27187,39478,Eptesicus serotinus,0.009,0.024,-1,Echolocation,/mnt/ubna_data_01_mir/recover-20220825/UBNA_002/20220823_033000.WAV,Telephone Field,recover-20220825,002,1795
1272.7065,1272.7149,28046,34740,Eptesicus serotinus,0.256,0.4,-1,Echolocation,/mnt/ubna_data_01_mir/recover-20220825/UBNA_002/20220823_033000.WAV,Telephone Field,recover-20220825,002,1795
1272.7465,1272.7558,28906,40164,Eptesicus serotinus,0.01,0.024,-1,Echolocation,/mnt/ubna_data_01_mir/recover-20220825/UBNA_002/20220823_033000.WAV,Telephone Field,recover-20220825,002,1795
1272.8025,1272.8122,45234,53211,Pipistrellus pipistrellus,0.018,0.024,-1,Echolocation,/mnt/ubna_data_01_mir/recover-20220825/UBNA_002/20220823_033000.WAV,Telephone Field,recover-20220825,002,1795
1272.8055,1272.8161,27187,33414,Eptesicus serotinus,0.201,0.379,-1,Echolocation,/mnt/ubna_data_01_mir/recover-20220825/UBNA_002/20220823_033000.WAV,Telephone Field,recover-20220825,002,1795
1272.8175,1272.8574,68437,82555,Rhinolophus ferrumequinum,0.022,0.022,-1,Echolocation,/mnt/ubna_data_01_mir/recover-20220825/UBNA_002/20220823_033000.WAV,Telephone Field,recover-20220825,002,1795
1272.8235,1272.8333,28906,38886,Eptesicus serotinus,0.009,0.021,-1,Echolocation,/mnt/ubna_data_01_mir/recover-20220825/UBNA_002/20220823_033000.WAV,Telephone Field,recover-20220825,002,1795
1272.8345,1272.8734,68437,82306,Rhinolophus ferrumequinum,0.029,0.029,-1,Echolocation,/mnt/ubna_data_01_mir/recover-20220825/UBNA_002/20220823_033000.WAV,Telephone Field,recover-20220825,002,1795
1272.8605,1272.8697,28906,37784,Eptesicus serotinus,0.009,0.022,-1,Echolocation,/mnt/ubna_data_01_mir/recover-20220825/UBNA_002/20220823_033000.WAV,Telephone Field,recover-20220825,002,1795
1272.8635,1272.88,36640,41446,Pipistrellus nathusii,0.017,0.03,-1,Echolocation,/mnt/ubna_data_01_mir/recover-20220825/UBNA_002/20220823_033000.WAV,Telephone Field,recover-20220825,002,1795
1272.8985,1272.9075,28046,36885,Eptesicus serotinus,0.008,0.021,-1,Echolocation,/mnt/ubna_data_01_mir/recover-20220825/UBNA_002/20220823_033000.WAV,Telephone Field,recover-20220825,002,1795
1272.9025,1272.9404,68437,81436,Rhinolophus ferrumequinum,0.021,0.021,-1,Echolocation,/mnt/ubna_data_01_mir/recover-20220825/UBNA_002/20220823_033000.WAV,Telephone Field,recover-20220825,002,1795
1272.9285,1272.9382,28046,38719,Eptesicus serotinus,0.011,0.024,-1,Echolocation,/mnt/ubna_data_01_mir/recover-20220825/UBNA_002/20220823_033000.WAV,Telephone Field,recover-20220825,002,1795
1272.9295,1272.9663,68437,81895,Rhinolophus ferrumequinum,0.023,0.023,-1,Echolocation,/mnt/ubna_data_01_mir/recover-20220825/UBNA_002/20220823_033000.WAV,Telephone Field,recover-20220825,002,1795
1272.9435,1272.9859,68437,83355,Rhinolophus ferrumequinum,0.033,0.033,-1,Echolocation,/mnt/ubna_data_01_mir/recover-20220825/UBNA_002/20220823_033000.WAV,Telephone Field,recover-20220825,002,1795
1272.9565,1272.9659,27187,34191,Eptesicus serotinus,0.287,0.547,-1,Echolocation,/mnt/ubna_data_01_mir/recover-20220825/UBNA_002/20220823_033000.WAV,Telephone Field,recover-20220825,002,1795
1272.9715,1272.98,28906,39924,Eptesicus serotinus,0.009,0.024,-1,Echolocation,/mnt/ubna_data_01_mir/recover-20220825/UBNA_002/20220823_033000.WAV,Telephone Field,recover-20220825,002,1795
1273.0225,1273.0289,38359,46272,Myotis daubentonii,0.01,0.026,-1,Echolocation,/mnt/ubna_data_01_mir/recover-20220825/UBNA_002/20220823_033000.WAV,Telephone Field,recover-20220825,002,1795
1273.0245,1273.0304,28906,44588,Myotis daubentonii,0.008,0.033,-1,Echolocation,/mnt/ubna_data_01_mir/recover-20220825/UBNA_002/20220823_033000.WAV,Telephone Field,recover-20220825,002,1795
1273.0425,1273.05,28046,41573,Eptesicus serotinus,0.008,0.025,-1,Echolocation,/mnt/ubna_data_01_mir/recover-20220825/UBNA_002/20220823_033000.WAV,Telephone Field,recover-20220825,002,1795
1273.0675,1273.1058,68437,81751,Rhinolophus ferrumequinum,0.022,0.022,-1,Echolocation,/mnt/ubna_data_01_mir/recover-20220825/UBNA_002/20220823_033000.WAV,Telephone Field,recover-20220825,002,1795
1273.0795,1273.0912,28046,35483,Eptesicus serotinus,0.03,0.045,-1,Echolocation,/mnt/ubna_data_01_mir/recover-20220825/UBNA_002/20220823_033000.WAV,Telephone Field,recover-20220825,002,1795
1273.0965,1273.1063,29765,39588,Eptesicus serotinus,0.011,0.024,-1,Echolocation,/mnt/ubna_data_01_mir/recover-20220825/UBNA_002/20220823_033000.WAV,Telephone Field,recover-20220825,002,1795
1273.1635,1273.2004,68437,81707,Rhinolophus ferrumequinum,0.021,0.021,-1,Echolocation,/mnt/ubna_data_01_mir/recover-20220825/UBNA_002/20220823_033000.WAV,Telephone Field,recover-20220825,002,1795
1273.2035,1273.214,27187,34159,Eptesicus serotinus,0.259,0.424,-1,Echolocation,/mnt/ubna_data_01_mir/recover-20220825/UBNA_002/20220823_033000.WAV,Telephone Field,recover-20220825,002,1795
1273.2075,1273.244,68437,81083,Rhinolophus ferrumequinum,0.026,0.026,-1,Echolocation,/mnt/ubna_data_01_mir/recover-20220825/UBNA_002/20220823_033000.WAV,Telephone Field,recover-20220825,002,1795
1273.2205,1273.2586,68437,81893,Rhinolophus ferrumequinum,0.021,0.021,-1,Echolocation,/mnt/ubna_data_01_mir/recover-20220825/UBNA_002/20220823_033000.WAV,Telephone Field,recover-20220825,002,1795
1273.2255,1273.2338,28046,40475,Eptesicus serotinus,0.008,0.021,-1,Echolocation,/mnt/ubna_data_01_mir/recover-20220825/UBNA_002/20220823_033000.WAV,Telephone Field,recover-20220825,002,1795
1273.2755,1273.3097,68437,81726,Rhinolophus ferrumequinum,0.026,0.026,-1,Echolocation,/mnt/ubna_data_01_mir/recover-20220825/UBNA_002/20220823_033000.WAV,Telephone Field,recover-20220825,002,1795
1273.2915,1273.3001,24609,33490,Eptesicus serotinus,0.007,0.021,-1,Echolocation,/mnt/ubna_data_01_mir/recover-20220825/UBNA_002/20220823_033000.WAV,Telephone Field,recover-20220825,002,1795
1273.3095,1273.3479,68437,82358,Rhinolophus ferrumequinum,0.024,0.024,-1,Echolocation,/mnt/ubna_data_01_mir/recover-20220825/UBNA_002/20220823_033000.WAV,Telephone Field,recover-20220825,002,1795
1273.3175,1273.3283,27187,34013,Eptesicus serotinus,0.011,0.022,-1,Echolocation,/mnt/ubna_data_01_mir/recover-20220825/UBNA_002/20220823_033000.WAV,Telephone Field,recover-20220825,002,1795
1273.3195,1273.3612,68437,82562,Rhinolophus ferrumequinum,0.031,0.031,-1,Echolocation,/mnt/ubna_data_01_mir/recover-20220825/UBNA_002/20220823_033000.WAV,Telephone Field,recover-20220825,002,1795
1273.3345,1273.347,27187,34198,Eptesicus serotinus,0.036,0.061,-1,Echolocation,/mnt/ubna_data_01_mir/recover-20220825/UBNA_002/20220823_033000.WAV,Telephone Field,recover-20220825,002,1795
1273.4055,1273.4153,29765,37712,Eptesicus serotinus,0.013,0.027,-1,Echolocation,/mnt/ubna_data_01_mir/recover-20220825/UBNA_002/20220823_033000.WAV,Telephone Field,recover-20220825,002,1795
1273.4335,1273.4428,29765,39238,Eptesicus serotinus,0.007,0.021,-1,Echolocation,/mnt/ubna_data_01_mir/recover-20220825/UBNA_002/20220823_033000.WAV,Telephone Field,recover-20220825,002,1795
1273.4605,1273.4696,26328,38584,Eptesicus serotinus,0.009,0.024,-1,Echolocation,/mnt/ubna_data_01_mir/recover-20220825/UBNA_002/20220823_033000.WAV,Telephone Field,recover-20220825,002,1795
1273.4735,1273.4824,27187,35726,Eptesicus serotinus,0.357,0.579,-1,Echolocation,/mnt/ubna_data_01_mir/recover-20220825/UBNA_002/20220823_033000.WAV,Telephone Field,recover-20220825,002,1795
1273.5115,1273.5489,68437,81848,Rhinolophus ferrumequinum,0.022,0.022,-1,Echolocation,/mnt/ubna_data_01_mir/recover-20220825/UBNA_002/20220823_033000.WAV,Telephone Field,recover-20220825,002,1795
1273.5145,1273.5233,24609,33202,Eptesicus serotinus,0.008,0.021,-1,Echolocation,/mnt/ubna_data_01_mir/recover-20220825/UBNA_002/20220823_033000.WAV,Telephone Field,recover-20220825,002,1795
1273.5355,1273.5744,68437,82288,Rhinolophus ferrumequinum,0.023,0.023,-1,Echolocation,/mnt/ubna_data_01_mir/recover-20220825/UBNA_002/20220823_033000.WAV,Telephone Field,recover-20220825,002,1795
1273.5435,1273.5542,22890,27783,Nyctalus leisleri,0.011,0.022,-1,Echolocation,/mnt/ubna_data_01_mir/recover-20220825/UBNA_002/20220823_033000.WAV,Telephone Field,recover-20220825,002,1795
1273.5545,1273.5914,68437,81372,Rhinolophus ferrumequinum,0.026,0.026,-1,Echolocation,/mnt/ubna_data_01_mir/recover-20220825/UBNA_002/20220823_033000.WAV,Telephone Field,recover-20220825,002,1795
1273.5625,1273.5731,28906,36573,Eptesicus serotinus,0.016,0.03,-1,Echolocation,/mnt/ubna_data_01_mir/recover-20220825/UBNA_002/20220823_033000.WAV,Telephone Field,recover-20220825,002,1795
1273.6005,1273.6124,27187,33413,Eptesicus serotinus,0.274,0.422,-1,Echolocation,/mnt/ubna_data_01_mir/recover-20220825/UBNA_002/20220823_033000.WAV,Telephone Field,recover-20220825,002,1795
1273.6355,1273.652,20312,23433,Nyctalus leisleri,0.016,0.026,-1,Echolocation,/mnt/ubna_data_01_mir/recover-20220825/UBNA_002/20220823_033000.WAV,Telephone Field,recover-20220825,002,1795
1273.6695,1273.7091,68437,82351,Rhinolophus ferrumequinum,0.024,0.024,-1,Echolocation,/mnt/ubna_data_01_mir/recover-20220825/UBNA_002/20220823_033000.WAV,Telephone Field,recover-20220825,002,1795
1273.6715,1273.6792,28046,40670,Eptesicus serotinus,0.008,0.024,-1,Echolocation,/mnt/ubna_data_01_mir/recover-20220825/UBNA_002/20220823_033000.WAV,Telephone Field,recover-20220825,002,1795
1273.6935,1273.7317,68437,82084,Rhinolophus ferrumequinum,0.022,0.022,-1,Echolocation,/mnt/ubna_data_01_mir/recover-20220825/UBNA_002/20220823_033000.WAV,Telephone Field,recover-20220825,002,1795
1273.6985,1273.7366,68437,82016,Rhinolophus ferrumequinum,0.022,0.022,-1,Echolocation,/mnt/ubna_data_01_mir/recover-20220825/UBNA_002/20220823_033000.WAV,Telephone Field,recover-20220825,002,1795
1273.7095,1273.7209,26328,31928,Eptesicus serotinus,0.153,0.259,-1,Echolocation,/mnt/ubna_data_01_mir/recover-20220825/UBNA_002/20220823_033000.WAV,Telephone Field,recover-20220825,002,1795
1273.7145,1273.7546,68437,82319,Rhinolophus ferrumequinum,0.03,0.03,-1,Echolocation,/mnt/ubna_data_01_mir/recover-20220825/UBNA_002/20220823_033000.WAV,Telephone Field,recover-20220825,002,1795
1273.7275,1273.7361,28906,40163,Eptesicus serotinus,0.009,0.022,-1,Echolocation,/mnt/ubna_data_01_mir/recover-20220825/UBNA_002/20220823_033000.WAV,Telephone Field,recover-20220825,002,1795
1273.7505,1273.7851,68437,81183,Rhinolophus ferrumequinum,0.021,0.021,-1,Echolocation,/mnt/ubna_data_01_mir/recover-20220825/UBNA_002/20220823_033000.WAV,Telephone Field,recover-20220825,002,1795
1273.8175,1273.8523,68437,81165,Rhinolophus ferrumequinum,0.021,0.021,-1,Echolocation,/mnt/ubna_data_01_mir/recover-20220825/UBNA_002/20220823_033000.WAV,Telephone Field,recover-20220825,002,1795
1273.8335,1273.8453,22890,27851,Nyctalus leisleri,0.012,0.025,-1,Echolocation,/mnt/ubna_data_01_mir/recover-20220825/UBNA_002/20220823_033000.WAV,Telephone Field,recover-20220825,002,1795
1273.8555,1273.8655,26328,33531,Eptesicus serotinus,0.29,0.429,-1,Echolocation,/mnt/ubna_data_01_mir/recover-20220825/UBNA_002/20220823_033000.WAV,Telephone Field,recover-20220825,002,1795
1273.8685,1273.8788,28906,37856,Eptesicus serotinus,0.014,0.027,-1,Echolocation,/mnt/ubna_data_01_mir/recover-20220825/UBNA_002/20220823_033000.WAV,Telephone Field,recover-20220825,002,1795
1273.8715,1273.907,68437,81668,Rhinolophus ferrumequinum,0.024,0.024,-1,Echolocation,/mnt/ubna_data_01_mir/recover-20220825/UBNA_002/20220823_033000.WAV,Telephone Field,recover-20220825,002,1795
1273.8815,1273.8921,23750,29860,Nyctalus leisleri,0.008,0.021,-1,Echolocation,/mnt/ubna_data_01_mir/recover-20220825/UBNA_002/20220823_033000.WAV,Telephone Field,recover-20220825,002,1795
1273.8985,1273.9087,23750,29634,Nyctalus leisleri,0.009,0.023,-1,Echolocation,/mnt/ubna_data_01_mir/recover-20220825/UBNA_002/20220823_033000.WAV,Telephone Field,recover-20220825,002,1795
1273.9105,1273.9188,31484,41234,Myotis daubentonii,0.009,0.026,-1,Echolocation,/mnt/ubna_data_01_mir/recover-20220825/UBNA_002/20220823_033000.WAV,Telephone Field,recover-20220825,002,1795
1273.9105,1273.9496,68437,82950,Rhinolophus ferrumequinum,0.022,0.022,-1,Echolocation,/mnt/ubna_data_01_mir/recover-20220825/UBNA_002/20220823_033000.WAV,Telephone Field,recover-20220825,002,1795
1273.9605,1273.9691,28906,43058,Eptesicus serotinus,0.008,0.021,-1,Echolocation,/mnt/ubna_data_01_mir/recover-20220825/UBNA_002/20220823_033000.WAV,Telephone Field,recover-20220825,002,1795
1273.9855,1273.9937,26328,36954,Eptesicus serotinus,0.396,0.529,-1,Echolocation,/mnt/ubna_data_01_mir/recover-20220825/UBNA_002/20220823_033000.WAV,Telephone Field,recover-20220825,002,1795
1274.0015,1274.0327,68437,80316,Rhinolophus ferrumequinum,0.045,0.045,-1,Echolocation,/mnt/ubna_data_01_mir/recover-20220825/UBNA_002/20220823_033000.WAV,Telephone Field,recover-20220825,002,1795
1274.0015,1274.0106,47812,54877,Pipistrellus pipistrellus,0.028,0.034,-1,Echolocation,/mnt/ubna_data_01_mir/recover-20220825/UBNA_002/20220823_033000.WAV,Telephone Field,recover-20220825,002,1795
1274.0015,1274.0104,25468,34898,Nyctalus leisleri,0.008,0.027,-1,Echolocation,/mnt/ubna_data_01_mir/recover-20220825/UBNA_002/20220823_033000.WAV,Telephone Field,recover-20220825,002,1795
1274.0145,1274.0592,68437,82908,Rhinolophus ferrumequinum,0.04,0.04,-1,Echolocation,/mnt/ubna_data_01_mir/recover-20220825/UBNA_002/20220823_033000.WAV,Telephone Field,recover-20220825,002,1795
1274.0735,1274.0834,28046,38054,Eptesicus serotinus,0.014,0.027,-1,Echolocation,/mnt/ubna_data_01_mir/recover-20220825/UBNA_002/20220823_033000.WAV,Telephone Field,recover-20220825,002,1795
1274.0795,1274.0891,30625,38290,Eptesicus serotinus,0.011,0.027,-1,Echolocation,/mnt/ubna_data_01_mir/recover-20220825/UBNA_002/20220823_033000.WAV,Telephone Field,recover-20220825,002,1795
1274.1165,1274.1251,27187,34725,Eptesicus serotinus,0.28,0.582,-1,Echolocation,/mnt/ubna_data_01_mir/recover-20220825/UBNA_002/20220823_033000.WAV,Telephone Field,recover-20220825,002,1795
1274.1455,1274.1542,28906,41481,Eptesicus serotinus,0.011,0.025,-1,Echolocation,/mnt/ubna_data_01_mir/recover-20220825/UBNA_002/20220823_033000.WAV,Telephone Field,recover-20220825,002,1795
1274.1635,1274.1701,28046,42439,Eptesicus serotinus,0.007,0.026,-1,Echolocation,/mnt/ubna_data_01_mir/recover-20220825/UBNA_002/20220823_033000.WAV,Telephone Field,recover-20220825,002,1795
1274.1905,1274.2283,68437,82124,Rhinolophus ferrumequinum,0.021,0.021,-1,Echolocation,/mnt/ubna_data_01_mir/recover-20220825/UBNA_002/20220823_033000.WAV,Telephone Field,recover-20220825,002,1795
1274.2195,1274.227,27187,42399,Eptesicus serotinus,0.008,0.023,-1,Echolocation,/mnt/ubna_data_01_mir/recover-20220825/UBNA_002/20220823_033000.WAV,Telephone Field,recover-20220825,002,1795
1274.2525,1274.2618,26328,38438,Eptesicus serotinus,0.49,0.686,-1,Echolocation,/mnt/ubna_data_01_mir/recover-20220825/UBNA_002/20220823_033000.WAV,Telephone Field,recover-20220825,002,1795
1274.2545,1274.2592,33203,40338,Myotis daubentonii,0.006,0.025,-1,Echolocation,/mnt/ubna_data_01_mir/recover-20220825/UBNA_002/20220823_033000.WAV,Telephone Field,recover-20220825,002,1795
1274.2685,1274.2792,22031,27264,Nyctalus leisleri,0.013,0.029,-1,Echolocation,/mnt/ubna_data_01_mir/recover-20220825/UBNA_002/20220823_033000.WAV,Telephone Field,recover-20220825,002,1795
1274.2795,1274.3185,68437,82585,Rhinolophus ferrumequinum,0.024,0.024,-1,Echolocation,/mnt/ubna_data_01_mir/recover-20220825/UBNA_002/20220823_033000.WAV,Telephone Field,recover-20220825,002,1795
1274.2805,1274.2894000000001,28046,36680,Eptesicus serotinus,0.256,0.345,-1,Echolocation,/mnt/ubna_data_01_mir/recover-20220825/UBNA_002/20220823_033000.WAV,Telephone Field,recover-20220825,002,1795
1274.3075,1274.3453,68437,82236,Rhinolophus ferrumequinum,0.022,0.022,-1,Echolocation,/mnt/ubna_data_01_mir/recover-20220825/UBNA_002/20220823_033000.WAV,Telephone Field,recover-20220825,002,1795
1274.3395,1274.346,15156,31685,Plecotus auritus,0.051,0.066,-1,Echolocation,/mnt/ubna_data_01_mir/recover-20220825/UBNA_002/20220823_033000.WAV,Telephone Field,recover-20220825,002,1795
1274.3475,1274.355,27187,47062,Eptesicus serotinus,0.008,0.023,-1,Echolocation,/mnt/ubna_data_01_mir/recover-20220825/UBNA_002/20220823_033000.WAV,Telephone Field,recover-20220825,002,1795
1274.3485,1274.3551,32343,46307,Myotis daubentonii,0.01,0.024,-1,Echolocation,/mnt/ubna_data_01_mir/recover-20220825/UBNA_002/20220823_033000.WAV,Telephone Field,recover-20220825,002,1795
1274.3515,1274.3634,21171,25614,Nyctalus leisleri,0.01,0.021,-1,Echolocation,/mnt/ubna_data_01_mir/recover-20220825/UBNA_002/20220823_033000.WAV,Telephone Field,recover-20220825,002,1795
1274.3825,1274.4208,68437,82221,Rhinolophus ferrumequinum,0.022,0.022,-1,Echolocation,/mnt/ubna_data_01_mir/recover-20220825/UBNA_002/20220823_033000.WAV,Telephone Field,recover-20220825,002,1795
1274.3915,1274.3997,27187,38212,Eptesicus serotinus,0.459,0.614,-1,Echolocation,/mnt/ubna_data_01_mir/recover-20220825/UBNA_002/20220823_033000.WAV,Telephone Field,recover-20220825,002,1795
1274.4405,1274.4771,68437,81229,Rhinolophus ferrumequinum,0.022,0.022,-1,Echolocation,/mnt/ubna_data_01_mir/recover-20220825/UBNA_002/20220823_033000.WAV,Telephone Field,recover-20220825,002,1795
1274.5075,1274.5452,68437,82172,Rhinolophus ferrumequinum,0.023,0.023,-1,Echolocation,/mnt/ubna_data_01_mir/recover-20220825/UBNA_002/20220823_033000.WAV,Telephone Field,recover-20220825,002,1795
1274.5245,1274.5345,26328,35838,Eptesicus serotinus,0.343,0.637,-1,Echolocation,/mnt/ubna_data_01_mir/recover-20220825/UBNA_002/20220823_033000.WAV,Telephone Field,recover-20220825,002,1795
1274.5755,1274.5895,36640,42068,Pipistrellus nathusii,0.015,0.027,-1,Echolocation,/mnt/ubna_data_01_mir/recover-20220825/UBNA_002/20220823_033000.WAV,Telephone Field,recover-20220825,002,1795
1274.5775,1274.6201,68437,83461,Rhinolophus ferrumequinum,0.026,0.026,-1,Echolocation,/mnt/ubna_data_01_mir/recover-20220825/UBNA_002/20220823_033000.WAV,Telephone Field,recover-20220825,002,1795
1274.6155,1274.6229,28046,41824,Eptesicus serotinus,0.009,0.026,-1,Echolocation,/mnt/ubna_data_01_mir/recover-20220825/UBNA_002/20220823_033000.WAV,Telephone Field,recover-20220825,002,1795
1274.6235,1274.6632,68437,83197,Rhinolophus ferrumequinum,0.027,0.027,-1,Echolocation,/mnt/ubna_data_01_mir/recover-20220825/UBNA_002/20220823_033000.WAV,Telephone Field,recover-20220825,002,1795
1274.6565,1274.6652,27187,35222,Eptesicus serotinus,0.335,0.59,-1,Echolocation,/mnt/ubna_data_01_mir/recover-20220825/UBNA_002/20220823_033000.WAV,Telephone Field,recover-20220825,002,1795
1274.6905,1274.7292,68437,82038,Rhinolophus ferrumequinum,0.023,0.023,-1,Echolocation,/mnt/ubna_data_01_mir/recover-20220825/UBNA_002/20220823_033000.WAV,Telephone Field,recover-20220825,002,1795
1274.7385,1274.7492,27187,34920,Eptesicus serotinus,0.018,0.032,-1,Echolocation,/mnt/ubna_data_01_mir/recover-20220825/UBNA_002/20220823_033000.WAV,Telephone Field,recover-20220825,002,1795
1274.7715,1274.7843,26328,32622,Eptesicus serotinus,0.022,0.049,-1,Echolocation,/mnt/ubna_data_01_mir/recover-20220825/UBNA_002/20220823_033000.WAV,Telephone Field,recover-20220825,002,1795
1274.8175,1274.8549,68437,82357,Rhinolophus ferrumequinum,0.023,0.023,-1,Echolocation,/mnt/ubna_data_01_mir/recover-20220825/UBNA_002/20220823_033000.WAV,Telephone Field,recover-20220825,002,1795
1274.8815,1274.9188,68437,82086,Rhinolophus ferrumequinum,0.022,0.022,-1,Echolocation,/mnt/ubna_data_01_mir/recover-20220825/UBNA_002/20220823_033000.WAV,Telephone Field,recover-20220825,002,1795
1274.9115,1274.924,27187,31523,Nyctalus leisleri,0.216,0.377,-1,Echolocation,/mnt/ubna_data_01_mir/recover-20220825/UBNA_002/20220823_033000.WAV,Telephone Field,recover-20220825,002,1795
1274.9305,1274.9697,68437,82442,Rhinolophus ferrumequinum,0.026,0.026,-1,Echolocation,/mnt/ubna_data_01_mir/recover-20220825/UBNA_002/20220823_033000.WAV,Telephone Field,recover-20220825,002,1795
1274.9665,1274.974,26328,36598,Eptesicus serotinus,0.009,0.026,-1,Echolocation,/mnt/ubna_data_01_mir/recover-20220825/UBNA_002/20220823_033000.WAV,Telephone Field,recover-20220825,002,1795
1274.9755,1275.0133,68437,81702,Rhinolophus ferrumequinum,0.023,0.023,-1,Echolocation,/mnt/ubna_data_01_mir/recover-20220825/UBNA_002/20220823_033000.WAV,Telephone Field,recover-20220825,002,1795
1275.0265,1275.0634,68437,82414,Rhinolophus ferrumequinum,0.022,0.022,-1,Echolocation,/mnt/ubna_data_01_mir/recover-20220825/UBNA_002/20220823_033000.WAV,Telephone Field,recover-20220825,002,1795
1275.0485,1275.087,68437,83258,Rhinolophus ferrumequinum,0.03,0.03,-1,Echolocation,/mnt/ubna_data_01_mir/recover-20220825/UBNA_002/20220823_033000.WAV,Telephone Field,recover-20220825,002,1795
1275.0575,1275.0653,25468,34672,Eptesicus serotinus,0.007,0.022,-1,Echolocation,/mnt/ubna_data_01_mir/recover-20220825/UBNA_002/20220823_033000.WAV,Telephone Field,recover-20220825,002,1795
1275.0685,1275.0803,26328,33250,Eptesicus serotinus,0.017,0.031,-1,Echolocation,/mnt/ubna_data_01_mir/recover-20220825/UBNA_002/20220823_033000.WAV,Telephone Field,recover-20220825,002,1795
1275.0725,1275.0802,37500,54538,Myotis daubentonii,0.007,0.021,-1,Echolocation,/mnt/ubna_data_01_mir/recover-20220825/UBNA_002/20220823_033000.WAV,Telephone Field,recover-20220825,002,1795
1275.0735,1275.1132,68437,82135,Rhinolophus ferrumequinum,0.023,0.024,-1,Echolocation,/mnt/ubna_data_01_mir/recover-20220825/UBNA_002/20220823_033000.WAV,Telephone Field,recover-20220825,002,1795
1275.1185,1275.1572,68437,82419,Rhinolophus ferrumequinum,0.024,0.024,-1,Echolocation,/mnt/ubna_data_01_mir/recover-20220825/UBNA_002/20220823_033000.WAV,Telephone Field,recover-20220825,002,1795
1275.1595,1275.198,68437,81804,Rhinolophus ferrumequinum,0.025,0.025,-1,Echolocation,/mnt/ubna_data_01_mir/recover-20220825/UBNA_002/20220823_033000.WAV,Telephone Field,recover-20220825,002,1795
1275.1755,1275.1929,22890,27157,Nyctalus leisleri,0.025,0.05,-1,Echolocation,/mnt/ubna_data_01_mir/recover-20220825/UBNA_002/20220823_033000.WAV,Telephone Field,recover-20220825,002,1795
1275.1775,1275.2191,68437,83287,Rhinolophus ferrumequinum,0.03,0.03,-1,Echolocation,/mnt/ubna_data_01_mir/recover-20220825/UBNA_002/20220823_033000.WAV,Telephone Field,recover-20220825,002,1795
1275.1875,1275.1963,26328,33484,Eptesicus serotinus,0.288,0.467,-1,Echolocation,/mnt/ubna_data_01_mir/recover-20220825/UBNA_002/20220823_033000.WAV,Telephone Field,recover-20220825,002,1795
1275.1995,1275.2408,68437,83112,Rhinolophus ferrumequinum,0.03,0.03,-1,Echolocation,/mnt/ubna_data_01_mir/recover-20220825/UBNA_002/20220823_033000.WAV,Telephone Field,recover-20220825,002,1795
1275.2195,1275.2278,45234,55127,Pipistrellus pipistrellus,0.016,0.024,-1,Echolocation,/mnt/ubna_data_01_mir/recover-20220825/UBNA_002/20220823_033000.WAV,Telephone Field,recover-20220825,002,1795
1275.2235,1275.231,28046,45766,Eptesicus serotinus,0.009,0.026,-1,Echolocation,/mnt/ubna_data_01_mir/recover-20220825/UBNA_002/20220823_033000.WAV,Telephone Field,recover-20220825,002,1795
1275.2285,1275.2715,68437,83725,Rhinolophus ferrumequinum,0.029,0.029,-1,Echolocation,/mnt/ubna_data_01_mir/recover-20220825/UBNA_002/20220823_033000.WAV,Telephone Field,recover-20220825,002,1795
1275.2615,1275.2724,14296,21758,Nyctalus noctula,0.015,0.028,-1,Echolocation,/mnt/ubna_data_01_mir/recover-20220825/UBNA_002/20220823_033000.WAV,Telephone Field,recover-20220825,002,1795
1275.3085,1275.3162,27187,39492,Eptesicus serotinus,0.007,0.022,-1,Echolocation,/mnt/ubna_data_01_mir/recover-20220825/UBNA_002/20220823_033000.WAV,Telephone Field,recover-20220825,002,1795
1275.3325,1275.3706,68437,82709,Rhinolophus ferrumequinum,0.027,0.027,-1,Echolocation,/mnt/ubna_data_01_mir/recover-20220825/UBNA_002/20220823_033000.WAV,Telephone Field,recover-20220825,002,1795
1275.3525,1275.3619,23750,31392,Nyctalus leisleri,0.007,0.026,-1,Echolocation,/mnt/ubna_data_01_mir/recover-20220825/UBNA_002/20220823_033000.WAV,Telephone Field,recover-20220825,002,1795
1275.3725,1275.4122,68437,82530,Rhinolophus ferrumequinum,0.024,0.024,-1,Echolocation,/mnt/ubna_data_01_mir/recover-20220825/UBNA_002/20220823_033000.WAV,Telephone Field,recover-20220825,002,1795
1275.3905,1275.4003,27187,37007,Eptesicus serotinus,0.009,0.022,-1,Echolocation,/mnt/ubna_data_01_mir/recover-20220825/UBNA_002/20220823_033000.WAV,Telephone Field,recover-20220825,002,1795
1275.4495,1275.4872,68437,81637,Rhinolophus ferrumequinum,0.021,0.022,-1,Echolocation,/mnt/ubna_data_01_mir/recover-20220825/UBNA_002/20220823_033000.WAV,Telephone Field,recover-20220825,002,1795
1275.4585,1275.4749,21171,24811,Nyctalus leisleri,0.021,0.037,-1,Echolocation,/mnt/ubna_data_01_mir/recover-20220825/UBNA_002/20220823_033000.WAV,Telephone Field,recover-20220825,002,1795
1275.4655,1275.5022,68437,82643,Rhinolophus ferrumequinum,0.027,0.027,-1,Echolocation,/mnt/ubna_data_01_mir/recover-20220825/UBNA_002/20220823_033000.WAV,Telephone Field,recover-20220825,002,1795
1275.5365,1275.5476,23750,29501,Nyctalus leisleri,0.012,0.03,-1,Echolocation,/mnt/ubna_data_01_mir/recover-20220825/UBNA_002/20220823_033000.WAV,Telephone Field,recover-20220825,002,1795
1275.6115,1275.6494,68437,82101,Rhinolophus ferrumequinum,0.021,0.021,-1,Echolocation,/mnt/ubna_data_01_mir/recover-20220825/UBNA_002/20220823_033000.WAV,Telephone Field,recover-20220825,002,1795
1275.6205,1275.629,33203,43205,Myotis daubentonii,0.007,0.023,-1,Echolocation,/mnt/ubna_data_01_mir/recover-20220825/UBNA_002/20220823_033000.WAV,Telephone Field,recover-20220825,002,1795
1275.6315,1275.6689,68437,82445,Rhinolophus ferrumequinum,0.023,0.023,-1,Echolocation,/mnt/ubna_data_01_mir/recover-20220825/UBNA_002/20220823_033000.WAV,Telephone Field,recover-20220825,002,1795
1275.6585,1275.6958,68437,81643,Rhinolophus ferrumequinum,0.022,0.022,-1,Echolocation,/mnt/ubna_data_01_mir/recover-20220825/UBNA_002/20220823_033000.WAV,Telephone Field,recover-20220825,002,1795
1275.7135,1275.753,68437,81898,Rhinolophus ferrumequinum,0.023,0.023,-1,Echolocation,/mnt/ubna_data_01_mir/recover-20220825/UBNA_002/20220823_033000.WAV,Telephone Field,recover-20220825,002,1795
1275.7145,1275.7232,26328,38498,Eptesicus serotinus,0.008,0.022,-1,Echolocation,/mnt/ubna_data_01_mir/recover-20220825/UBNA_002/20220823_033000.WAV,Telephone Field,recover-20220825,002,1795
1275.7365,1275.7482,43515,47165,Pipistrellus pipistrellus,0.039,0.047,-1,Echolocation,/mnt/ubna_data_01_mir/recover-20220825/UBNA_002/20220823_033000.WAV,Telephone Field,recover-20220825,002,1795
1275.7845,1275.8231,68437,82387,Rhinolophus ferrumequinum,0.022,0.022,-1,Echolocation,/mnt/ubna_data_01_mir/recover-20220825/UBNA_002/20220823_033000.WAV,Telephone Field,recover-20220825,002,1795
1275.7905,1275.8301,68437,82538,Rhinolophus ferrumequinum,0.023,0.023,-1,Echolocation,/mnt/ubna_data_01_mir/recover-20220825/UBNA_002/20220823_033000.WAV,Telephone Field,recover-20220825,002,1795
1275.7975,1275.8381,68437,82956,Rhinolophus ferrumequinum,0.022,0.022,-1,Echolocation,/mnt/ubna_data_01_mir/recover-20220825/UBNA_002/20220823_033000.WAV,Telephone Field,recover-20220825,002,1795
1275.8035,1275.8118,28906,40160,Eptesicus serotinus,0.01,0.026,-1,Echolocation,/mnt/ubna_data_01_mir/recover-20220825/UBNA_002/20220823_033000.WAV,Telephone Field,recover-20220825,002,1795
1275.8125,1275.8513,68437,82198,Rhinolophus ferrumequinum,0.022,0.022,-1,Echolocation,/mnt/ubna_data_01_mir/recover-20220825/UBNA_002/20220823_033000.WAV,Telephone Field,recover-20220825,002,1795
1275.8195,1275.83,41796,49160,Pipistrellus nathusii,0.011,0.043,-1,Echolocation,/mnt/ubna_data_01_mir/recover-20220825/UBNA_002/20220823_033000.WAV,Telephone Field,recover-20220825,002,1795
1275.8895,1275.9345,68437,83406,Rhinolophus ferrumequinum,0.043,0.043,-1,Echolocation,/mnt/ubna_data_01_mir/recover-20220825/UBNA_002/20220823_033000.WAV,Telephone Field,recover-20220825,002,1795
1275.9095,1275.9146,38359,49681,Myotis daubentonii,0.009,0.023,-1,Echolocation,/mnt/ubna_data_01_mir/recover-20220825/UBNA_002/20220823_033000.WAV,Telephone Field,recover-20220825,002,1795
1275.9115,1275.9186,28046,53073,Eptesicus serotinus,0.01,0.03,-1,Echolocation,/mnt/ubna_data_01_mir/recover-20220825/UBNA_002/20220823_033000.WAV,Telephone Field,recover-20220825,002,1795
1275.9655,1275.9758,28046,37634,Eptesicus serotinus,0.018,0.038,-1,Echolocation,/mnt/ubna_data_01_mir/recover-20220825/UBNA_002/20220823_033000.WAV,Telephone Field,recover-20220825,002,1795
1275.9675,1275.9731,40937,50852,Myotis daubentonii,0.011,0.023,-1,Echolocation,/mnt/ubna_data_01_mir/recover-20220825/UBNA_002/20220823_033000.WAV,Telephone Field,recover-20220825,002,1795
1276.0015,1276.0106,26328,36467,Eptesicus serotinus,0.009,0.03,-1,Echolocation,/mnt/ubna_data_01_mir/recover-20220825/UBNA_002/20220823_033000.WAV,Telephone Field,recover-20220825,002,1795
1276.0015,1276.0336,68437,80363,Rhinolophus ferrumequinum,0.055,0.055,-1,Echolocation,/mnt/ubna_data_01_mir/recover-20220825/UBNA_002/20220823_033000.WAV,Telephone Field,recover-20220825,002,1795
1276.0015,1276.018,60703,70567,Pipistrellus pygmaeus,0.029,0.032,-1,Echolocation,/mnt/ubna_data_01_mir/recover-20220825/UBNA_002/20220823_033000.WAV,Telephone Field,recover-20220825,002,1795
1276.0065,1276.0156,27187,37425,Eptesicus serotinus,0.009,0.023,-1,Echolocation,/mnt/ubna_data_01_mir/recover-20220825/UBNA_002/20220823_033000.WAV,Telephone Field,recover-20220825,002,1795
1276.0195,1276.0282,28046,37360,Eptesicus serotinus,0.009,0.023,-1,Echolocation,/mnt/ubna_data_01_mir/recover-20220825/UBNA_002/20220823_033000.WAV,Telephone Field,recover-20220825,002,1795
1276.0305,1276.0414,40937,45762,Pipistrellus nathusii,0.027,0.038,-1,Echolocation,/mnt/ubna_data_01_mir/recover-20220825/UBNA_002/20220823_033000.WAV,Telephone Field,recover-20220825,002,1795
1276.1055,1276.1138,42656,47172,Pipistrellus nathusii,0.132,0.186,-1,Echolocation,/mnt/ubna_data_01_mir/recover-20220825/UBNA_002/20220823_033000.WAV,Telephone Field,recover-20220825,002,1795
1276.1375,1276.1574,19453,22842,Nyctalus noctula,0.017,0.032,-1,Echolocation,/mnt/ubna_data_01_mir/recover-20220825/UBNA_002/20220823_033000.WAV,Telephone Field,recover-20220825,002,1795
1276.1655,1276.1716,37500,48295,Myotis daubentonii,0.02,0.036,-1,Echolocation,/mnt/ubna_data_01_mir/recover-20220825/UBNA_002/20220823_033000.WAV,Telephone Field,recover-20220825,002,1795
1276.1665,1276.1734,26328,44281,Eptesicus serotinus,0.008,0.025,-1,Echolocation,/mnt/ubna_data_01_mir/recover-20220825/UBNA_002/20220823_033000.WAV,Telephone Field,recover-20220825,002,1795
1276.1665,1276.1731,30625,51071,Myotis daubentonii,0.013,0.025,-1,Echolocation,/mnt/ubna_data_01_mir/recover-20220825/UBNA_002/20220823_033000.WAV,Telephone Field,recover-20220825,002,1795
1276.1835,1276.1897,47812,56715,Pipistrellus pipistrellus,0.016,0.024,-1,Echolocation,/mnt/ubna_data_01_mir/recover-20220825/UBNA_002/20220823_033000.WAV,Telephone Field,recover-20220825,002,1795
1276.2265,1276.2348,28046,38235,Eptesicus serotinus,0.008,0.025,-1,Echolocation,/mnt/ubna_data_01_mir/recover-20220825/UBNA_002/20220823_033000.WAV,Telephone Field,recover-20220825,002,1795
1276.2495,1276.2569,28046,39582,Eptesicus serotinus,0.009,0.026,-1,Echolocation,/mnt/ubna_data_01_mir/recover-20220825/UBNA_002/20220823_033000.WAV,Telephone Field,recover-20220825,002,1795
1276.2695,1276.2809,22031,26596,Nyctalus leisleri,0.011,0.024,-1,Echolocation,/mnt/ubna_data_01_mir/recover-20220825/UBNA_002/20220823_033000.WAV,Telephone Field,recover-20220825,002,1795
1276.2805,1276.322,68437,82568,Rhinolophus ferrumequinum,0.025,0.025,-1,Echolocation,/mnt/ubna_data_01_mir/recover-20220825/UBNA_002/20220823_033000.WAV,Telephone Field,recover-20220825,002,1795
1276.3105,1276.3186,47812,52236,Pipistrellus pipistrellus,0.022,0.023,-1,Echolocation,/mnt/ubna_data_01_mir/recover-20220825/UBNA_002/20220823_033000.WAV,Telephone Field,recover-20220825,002,1795
1276.3355,1276.3462,28046,34638,Eptesicus serotinus,0.014,0.027,-1,Echolocation,/mnt/ubna_data_01_mir/recover-20220825/UBNA_002/20220823_033000.WAV,Telephone Field,recover-20220825,002,1795
1276.3515,1276.3603,27187,36615,Eptesicus serotinus,0.008,0.023,-1,Echolocation,/mnt/ubna_data_01_mir/recover-20220825/UBNA_002/20220823_033000.WAV,Telephone Field,recover-20220825,002,1795
1276.3595,1276.3741,14296,19264,Nyctalus noctula,0.02,0.03,-1,Echolocation,/mnt/ubna_data_01_mir/recover-20220825/UBNA_002/20220823_033000.WAV,Telephone Field,recover-20220825,002,1795
1276.3865,1276.3929,28046,41068,Eptesicus serotinus,0.009,0.034,-1,Echolocation,/mnt/ubna_data_01_mir/recover-20220825/UBNA_002/20220823_033000.WAV,Telephone Field,recover-20220825,002,1795
1276.4815,1276.5133,68437,81016,Rhinolophus ferrumequinum,0.03,0.03,-1,Echolocation,/mnt/ubna_data_01_mir/recover-20220825/UBNA_002/20220823_033000.WAV,Telephone Field,recover-20220825,002,1795
1276.4825,1276.4928,24609,31761,Eptesicus serotinus,0.009,0.023,-1,Echolocation,/mnt/ubna_data_01_mir/recover-20220825/UBNA_002/20220823_033000.WAV,Telephone Field,recover-20220825,002,1795
1276.5025,1276.5447,68437,83069,Rhinolophus ferrumequinum,0.027,0.027,-1,Echolocation,/mnt/ubna_data_01_mir/recover-20220825/UBNA_002/20220823_033000.WAV,Telephone Field,recover-20220825,002,1795
1276.5615,1276.601,68437,81967,Rhinolophus ferrumequinum,0.023,0.023,-1,Echolocation,/mnt/ubna_data_01_mir/recover-20220825/UBNA_002/20220823_033000.WAV,Telephone Field,recover-20220825,002,1795
1276.5645,1276.5737,26328,34737,Eptesicus serotinus,0.017,0.035,-1,Echolocation,/mnt/ubna_data_01_mir/recover-20220825/UBNA_002/20220823_033000.WAV,Telephone Field,recover-20220825,002,1795
1276.6575,1276.6983,68437,82961,Rhinolophus ferrumequinum,0.045,0.045,-1,Echolocation,/mnt/ubna_data_01_mir/recover-20220825/UBNA_002/20220823_033000.WAV,Telephone Field,recover-20220825,002,1795
1276.6725,1276.6844,23750,29686,Nyctalus leisleri,0.011,0.025,-1,Echolocation,/mnt/ubna_data_01_mir/recover-20220825/UBNA_002/20220823_033000.WAV,Telephone Field,recover-20220825,002,1795
1276.6815,1276.6916,22031,28077,Nyctalus leisleri,0.009,0.024,-1,Echolocation,/mnt/ubna_data_01_mir/recover-20220825/UBNA_002/20220823_033000.WAV,Telephone Field,recover-20220825,002,1795
1276.7205,1276.7562,68437,81728,Rhinolophus ferrumequinum,0.023,0.023,-1,Echolocation,/mnt/ubna_data_01_mir/recover-20220825/UBNA_002/20220823_033000.WAV,Telephone Field,recover-20220825,002,1795
1276.7735,1276.7815,26328,40906,Eptesicus serotinus,0.008,0.024,-1,Echolocation,/mnt/ubna_data_01_mir/recover-20220825/UBNA_002/20220823_033000.WAV,Telephone Field,recover-20220825,002,1795
1276.7745,1276.8096,68437,80251,Rhinolophus ferrumequinum,0.027,0.027,-1,Echolocation,/mnt/ubna_data_01_mir/recover-20220825/UBNA_002/20220823_033000.WAV,Telephone Field,recover-20220825,002,1795
1276.8225,1276.8605,68437,81678,Rhinolophus ferrumequinum,0.023,0.024,-1,Echolocation,/mnt/ubna_data_01_mir/recover-20220825/UBNA_002/20220823_033000.WAV,Telephone Field,recover-20220825,002,1795
1276.8435,1276.8866,68437,83361,Rhinolophus ferrumequinum,0.027,0.027,-1,Echolocation,/mnt/ubna_data_01_mir/recover-20220825/UBNA_002/20220823_033000.WAV,Telephone Field,recover-20220825,002,1795
1276.8605,1276.8681,27187,44220,Eptesicus serotinus,0.007,0.023,-1,Echolocation,/mnt/ubna_data_01_mir/recover-20220825/UBNA_002/20220823_033000.WAV,Telephone Field,recover-20220825,002,1795
1276.8605,1276.8674,45234,54283,Pipistrellus pipistrellus,0.011,0.023,-1,Echolocation,/mnt/ubna_data_01_mir/recover-20220825/UBNA_002/20220823_033000.WAV,Telephone Field,recover-20220825,002,1795
1276.9275,1276.9677,68437,82649,Rhinolophus ferrumequinum,0.023,0.023,-1,Echolocation,/mnt/ubna_data_01_mir/recover-20220825/UBNA_002/20220823_033000.WAV,Telephone Field,recover-20220825,002,1795
1276.9295,1276.9378,26328,34116,Eptesicus serotinus,0.195,0.311,-1,Echolocation,/mnt/ubna_data_01_mir/recover-20220825/UBNA_002/20220823_033000.WAV,Telephone Field,recover-20220825,002,1795
1276.9455,1276.9657,18593,21795,Nyctalus noctula,0.014,0.025,-1,Echolocation,/mnt/ubna_data_01_mir/recover-20220825/UBNA_002/20220823_033000.WAV,Telephone Field,recover-20220825,002,1795
1276.9835,1276.9932,28906,37736,Eptesicus serotinus,0.012,0.03,-1,Echolocation,/mnt/ubna_data_01_mir/recover-20220825/UBNA_002/20220823_033000.WAV,Telephone Field,recover-20220825,002,1795
1277.0055,1277.0183,22890,27170,Nyctalus leisleri,0.023,0.039,-1,Echolocation,/mnt/ubna_data_01_mir/recover-20220825/UBNA_002/20220823_033000.WAV,Telephone Field,recover-20220825,002,1795
1277.0565,1277.067,26328,33688,Eptesicus serotinus,0.257,0.395,-1,Echolocation,/mnt/ubna_data_01_mir/recover-20220825/UBNA_002/20220823_033000.WAV,Telephone Field,recover-20220825,002,1795
1277.0675,1277.0738,29765,53469,Myotis daubentonii,0.012,0.023,-1,Echolocation,/mnt/ubna_data_01_mir/recover-20220825/UBNA_002/20220823_033000.WAV,Telephone Field,recover-20220825,002,1795
1277.1445,1277.182,68437,81721,Rhinolophus ferrumequinum,0.025,0.025,-1,Echolocation,/mnt/ubna_data_01_mir/recover-20220825/UBNA_002/20220823_033000.WAV,Telephone Field,recover-20220825,002,1795
1277.1705,1277.2066,68437,81304,Rhinolophus ferrumequinum,0.024,0.024,-1,Echolocation,/mnt/ubna_data_01_mir/recover-20220825/UBNA_002/20220823_033000.WAV,Telephone Field,recover-20220825,002,1795
1277.1925,1277.2004,27187,34331,Nyctalus leisleri,0.263,0.568,-1,Echolocation,/mnt/ubna_data_01_mir/recover-20220825/UBNA_002/20220823_033000.WAV,Telephone Field,recover-20220825,002,1795
1277.2255,1277.2664,68437,82273,Rhinolophus ferrumequinum,0.026,0.026,-1,Echolocation,/mnt/ubna_data_01_mir/recover-20220825/UBNA_002/20220823_033000.WAV,Telephone Field,recover-20220825,002,1795
1277.3135,1277.3218,27187,35228,Nyctalus leisleri,0.341,0.634,-1,Echolocation,/mnt/ubna_data_01_mir/recover-20220825/UBNA_002/20220823_033000.WAV,Telephone Field,recover-20220825,002,1795
1277.3145,1277.322,40937,53020,Myotis daubentonii,0.026,0.05,-1,Echolocation,/mnt/ubna_data_01_mir/recover-20220825/UBNA_002/20220823_033000.WAV,Telephone Field,recover-20220825,002,1795
1277.3255,1277.3627,68437,82099,Rhinolophus ferrumequinum,0.025,0.025,-1,Echolocation,/mnt/ubna_data_01_mir/recover-20220825/UBNA_002/20220823_033000.WAV,Telephone Field,recover-20220825,002,1795
1277.3905,1277.3977,28046,38065,Eptesicus serotinus,0.007,0.025,-1,Echolocation,/mnt/ubna_data_01_mir/recover-20220825/UBNA_002/20220823_033000.WAV,Telephone Field,recover-20220825,002,1795
1277.4025,1277.4104,44375,47828,Pipistrellus pipistrellus,0.047,0.054,-1,Echolocation,/mnt/ubna_data_01_mir/recover-20220825/UBNA_002/20220823_033000.WAV,Telephone Field,recover-20220825,002,1795
1277.4895,1277.4948,40937,50549,Pipistrellus nathusii,0.168,0.369,-1,Echolocation,/mnt/ubna_data_01_mir/recover-20220825/UBNA_002/20220823_033000.WAV,Telephone Field,recover-20220825,002,1795
1277.4895,1277.4951,30625,68008,Myotis brandtii,0.03,0.065,-1,Echolocation,/mnt/ubna_data_01_mir/recover-20220825/UBNA_002/20220823_033000.WAV,Telephone Field,recover-20220825,002,1795
1277.5385,1277.5492,22890,29022,Nyctalus leisleri,0.01,0.026,-1,Echolocation,/mnt/ubna_data_01_mir/recover-20220825/UBNA_002/20220823_033000.WAV,Telephone Field,recover-20220825,002,1795
1277.5625,1277.6001,68437,82473,Rhinolophus ferrumequinum,0.023,0.023,-1,Echolocation,/mnt/ubna_data_01_mir/recover-20220825/UBNA_002/20220823_033000.WAV,Telephone Field,recover-20220825,002,1795
1277.5795,1277.587,26328,36996,Eptesicus serotinus,0.008,0.023,-1,Echolocation,/mnt/ubna_data_01_mir/recover-20220825/UBNA_002/20220823_033000.WAV,Telephone Field,recover-20220825,002,1795
1277.5835,1277.592,30625,41960,Myotis daubentonii,0.01,0.023,-1,Echolocation,/mnt/ubna_data_01_mir/recover-20220825/UBNA_002/20220823_033000.WAV,Telephone Field,recover-20220825,002,1795
1277.6085,1277.646,68437,82270,Rhinolophus ferrumequinum,0.027,0.027,-1,Echolocation,/mnt/ubna_data_01_mir/recover-20220825/UBNA_002/20220823_033000.WAV,Telephone Field,recover-20220825,002,1795
1277.6665,1277.6767,41796,46555,Pipistrellus nathusii,0.264,0.319,-1,Echolocation,/mnt/ubna_data_01_mir/recover-20220825/UBNA_002/20220823_033000.WAV,Telephone Field,recover-20220825,002,1795
1277.6695,1277.6769,26328,39059,Eptesicus serotinus,0.008,0.026,-1,Echolocation,/mnt/ubna_data_01_mir/recover-20220825/UBNA_002/20220823_033000.WAV,Telephone Field,recover-20220825,002,1795
1277.6975,1277.7171,20312,23428,Nyctalus leisleri,0.017,0.035,-1,Echolocation,/mnt/ubna_data_01_mir/recover-20220825/UBNA_002/20220823_033000.WAV,Telephone Field,recover-20220825,002,1795
1277.7265,1277.7381,24609,31496,Eptesicus serotinus,0.032,0.084,-1,Echolocation,/mnt/ubna_data_01_mir/recover-20220825/UBNA_002/20220823_033000.WAV,Telephone Field,recover-20220825,002,1795
1277.7405,1277.7582,20312,23532,Nyctalus leisleri,0.013,0.025,-1,Echolocation,/mnt/ubna_data_01_mir/recover-20220825/UBNA_002/20220823_033000.WAV,Telephone Field,recover-20220825,002,1795
1277.7565,1277.7972,68437,82740,Rhinolophus ferrumequinum,0.025,0.025,-1,Echolocation,/mnt/ubna_data_01_mir/recover-20220825/UBNA_002/20220823_033000.WAV,Telephone Field,recover-20220825,002,1795
1277.7895,1277.799,28046,36581,Eptesicus serotinus,0.009,0.023,-1,Echolocation,/mnt/ubna_data_01_mir/recover-20220825/UBNA_002/20220823_033000.WAV,Telephone Field,recover-20220825,002,1795
1277.8125,1277.8537,68437,82726,Rhinolophus ferrumequinum,0.034,0.034,-1,Echolocation,/mnt/ubna_data_01_mir/recover-20220825/UBNA_002/20220823_033000.WAV,Telephone Field,recover-20220825,002,1795
1277.8185,1277.8265,22890,30311,Plecotus austriacus,0.011,0.024,-1,Echolocation,/mnt/ubna_data_01_mir/recover-20220825/UBNA_002/20220823_033000.WAV,Telephone Field,recover-20220825,002,1795
1277.8685,1277.8764,27187,38309,Eptesicus serotinus,0.008,0.024,-1,Echolocation,/mnt/ubna_data_01_mir/recover-20220825/UBNA_002/20220823_033000.WAV,Telephone Field,recover-20220825,002,1795
1277.8905,1277.907,21171,26053,Nyctalus leisleri,0.014,0.036,-1,Echolocation,/mnt/ubna_data_01_mir/recover-20220825/UBNA_002/20220823_033000.WAV,Telephone Field,recover-20220825,002,1795
1277.9615,1277.9683,25468,38479,Eptesicus serotinus,0.013,0.048,-1,Echolocation,/mnt/ubna_data_01_mir/recover-20220825/UBNA_002/20220823_033000.WAV,Telephone Field,recover-20220825,002,1795
1277.9625,1277.9722,42656,47335,Pipistrellus nathusii,0.056,0.08,-1,Echolocation,/mnt/ubna_data_01_mir/recover-20220825/UBNA_002/20220823_033000.WAV,Telephone Field,recover-20220825,002,1795
1277.9715,1277.9834,24609,29886,Nyctalus leisleri,0.016,0.042,-1,Echolocation,/mnt/ubna_data_01_mir/recover-20220825/UBNA_002/20220823_033000.WAV,Telephone Field,recover-20220825,002,1795
1278.0015,1278.0111,47812,52717,Pipistrellus pipistrellus,0.025,0.035,-1,Echolocation,/mnt/ubna_data_01_mir/recover-20220825/UBNA_002/20220823_033000.WAV,Telephone Field,recover-20220825,002,1795
1278.0015,1278.0098,25468,32643,Nyctalus leisleri,0.008,0.027,-1,Echolocation,/mnt/ubna_data_01_mir/recover-20220825/UBNA_002/20220823_033000.WAV,Telephone Field,recover-20220825,002,1795
1278.0015,1278.0113,31484,37990,Pipistrellus nathusii,0.007,0.024,-1,Echolocation,/mnt/ubna_data_01_mir/recover-20220825/UBNA_002/20220823_033000.WAV,Telephone Field,recover-20220825,002,1795
1278.0015,1278.033,69296,81234,Rhinolophus ferrumequinum,0.051,0.051,-1,Echolocation,/mnt/ubna_data_01_mir/recover-20220825/UBNA_002/20220823_033000.WAV,Telephone Field,recover-20220825,002,1795
1278.0145,1278.0229,27187,37362,Eptesicus serotinus,0.011,0.029,-1,Echolocation,/mnt/ubna_data_01_mir/recover-20220825/UBNA_002/20220823_033000.WAV,Telephone Field,recover-20220825,002,1795
1278.0445,1278.0533,28046,36786,Eptesicus serotinus,0.009,0.025,-1,Echolocation,/mnt/ubna_data_01_mir/recover-20220825/UBNA_002/20220823_033000.WAV,Telephone Field,recover-20220825,002,1795
1278.0645,1278.1067,68437,82837,Rhinolophus ferrumequinum,0.026,0.027,-1,Echolocation,/mnt/ubna_data_01_mir/recover-20220825/UBNA_002/20220823_033000.WAV,Telephone Field,recover-20220825,002,1795
1278.0655,1278.0762,23750,29446,Nyctalus leisleri,0.01,0.023,-1,Echolocation,/mnt/ubna_data_01_mir/recover-20220825/UBNA_002/20220823_033000.WAV,Telephone Field,recover-20220825,002,1795
1278.1085,1278.1185,28046,36224,Eptesicus serotinus,0.01,0.023,-1,Echolocation,/mnt/ubna_data_01_mir/recover-20220825/UBNA_002/20220823_033000.WAV,Telephone Field,recover-20220825,002,1795
1278.1085,1278.1466,68437,81557,Rhinolophus ferrumequinum,0.022,0.022,-1,Echolocation,/mnt/ubna_data_01_mir/recover-20220825/UBNA_002/20220823_033000.WAV,Telephone Field,recover-20220825,002,1795
1278.1445,1278.1529,27187,38827,Eptesicus serotinus,0.008,0.022,-1,Echolocation,/mnt/ubna_data_01_mir/recover-20220825/UBNA_002/20220823_033000.WAV,Telephone Field,recover-20220825,002,1795
1278.1475,1278.1598,54687,59984,Pipistrellus pygmaeus,0.043,0.045,-1,Echolocation,/mnt/ubna_data_01_mir/recover-20220825/UBNA_002/20220823_033000.WAV,Telephone Field,recover-20220825,002,1795
1278.1585,1278.166,32343,43404,Myotis daubentonii,0.011,0.026,-1,Echolocation,/mnt/ubna_data_01_mir/recover-20220825/UBNA_002/20220823_033000.WAV,Telephone Field,recover-20220825,002,1795
1278.1605,1278.1701,28046,39157,Eptesicus serotinus,0.011,0.026,-1,Echolocation,/mnt/ubna_data_01_mir/recover-20220825/UBNA_002/20220823_033000.WAV,Telephone Field,recover-20220825,002,1795
1278.1705,1278.1817,28046,34938,Eptesicus serotinus,0.015,0.03,-1,Echolocation,/mnt/ubna_data_01_mir/recover-20220825/UBNA_002/20220823_033000.WAV,Telephone Field,recover-20220825,002,1795
1278.1845,1278.1933,38359,49911,Pipistrellus nathusii,0.019,0.032,-1,Echolocation,/mnt/ubna_data_01_mir/recover-20220825/UBNA_002/20220823_033000.WAV,Telephone Field,recover-20220825,002,1795
1278.2145,1278.2551,68437,82721,Rhinolophus ferrumequinum,0.026,0.026,-1,Echolocation,/mnt/ubna_data_01_mir/recover-20220825/UBNA_002/20220823_033000.WAV,Telephone Field,recover-20220825,002,1795
1278.2235,1278.2325,27187,38676,Eptesicus serotinus,0.009,0.022,-1,Echolocation,/mnt/ubna_data_01_mir/recover-20220825/UBNA_002/20220823_033000.WAV,Telephone Field,recover-20220825,002,1795
1278.2375,1278.2725,68437,82200,Rhinolophus ferrumequinum,0.024,0.024,-1,Echolocation,/mnt/ubna_data_01_mir/recover-20220825/UBNA_002/20220823_033000.WAV,Telephone Field,recover-20220825,002,1795
1278.2825,1278.3086,65859,74022,Pipistrellus pygmaeus,0.032,0.036,-1,Echolocation,/mnt/ubna_data_01_mir/recover-20220825/UBNA_002/20220823_033000.WAV,Telephone Field,recover-20220825,002,1795
1278.2995,1278.3371,68437,82315,Rhinolophus ferrumequinum,0.022,0.022,-1,Echolocation,/mnt/ubna_data_01_mir/recover-20220825/UBNA_002/20220823_033000.WAV,Telephone Field,recover-20220825,002,1795
1278.3185,1278.3261,27187,39135,Eptesicus serotinus,0.009,0.027,-1,Echolocation,/mnt/ubna_data_01_mir/recover-20220825/UBNA_002/20220823_033000.WAV,Telephone Field,recover-20220825,002,1795
1278.3355,1278.3759,68437,82714,Rhinolophus ferrumequinum,0.027,0.027,-1,Echolocation,/mnt/ubna_data_01_mir/recover-20220825/UBNA_002/20220823_033000.WAV,Telephone Field,recover-20220825,002,1795
1278.3585,1278.3668,27187,38864,Eptesicus serotinus,0.009,0.025,-1,Echolocation,/mnt/ubna_data_01_mir/recover-20220825/UBNA_002/20220823_033000.WAV,Telephone Field,recover-20220825,002,1795
1278.4165,1278.4574,68437,82335,Rhinolophus ferrumequinum,0.023,0.023,-1,Echolocation,/mnt/ubna_data_01_mir/recover-20220825/UBNA_002/20220823_033000.WAV,Telephone Field,recover-20220825,002,1795
1278.4255,1278.4357,28046,36573,Eptesicus serotinus,0.012,0.025,-1,Echolocation,/mnt/ubna_data_01_mir/recover-20220825/UBNA_002/20220823_033000.WAV,Telephone Field,recover-20220825,002,1795
1278.4275,1278.4694,68437,82653,Rhinolophus ferrumequinum,0.036,0.036,-1,Echolocation,/mnt/ubna_data_01_mir/recover-20220825/UBNA_002/20220823_033000.WAV,Telephone Field,recover-20220825,002,1795
1278.4345,1278.443,27187,36570,Eptesicus serotinus,0.008,0.023,-1,Echolocation,/mnt/ubna_data_01_mir/recover-20220825/UBNA_002/20220823_033000.WAV,Telephone Field,recover-20220825,002,1795
1278.4565,1278.4672,24609,31453,Eptesicus serotinus,0.011,0.025,-1,Echolocation,/mnt/ubna_data_01_mir/recover-20220825/UBNA_002/20220823_033000.WAV,Telephone Field,recover-20220825,002,1795
1278.4815,1278.4966,21171,25799,Nyctalus leisleri,0.012,0.027,-1,Echolocation,/mnt/ubna_data_01_mir/recover-20220825/UBNA_002/20220823_033000.WAV,Telephone Field,recover-20220825,002,1795
1278.5195,1278.5591,68437,82742,Rhinolophus ferrumequinum,0.023,0.023,-1,Echolocation,/mnt/ubna_data_01_mir/recover-20220825/UBNA_002/20220823_033000.WAV,Telephone Field,recover-20220825,002,1795
1278.5195,1278.5298,23750,30373,Nyctalus leisleri,0.008,0.022,-1,Echolocation,/mnt/ubna_data_01_mir/recover-20220825/UBNA_002/20220823_033000.WAV,Telephone Field,recover-20220825,002,1795
1278.5505,1278.5912,68437,82117,Rhinolophus ferrumequinum,0.029,0.029,-1,Echolocation,/mnt/ubna_data_01_mir/recover-20220825/UBNA_002/20220823_033000.WAV,Telephone Field,recover-20220825,002,1795
1278.5585,1278.5958,68437,81378,Rhinolophus ferrumequinum,0.026,0.026,-1,Echolocation,/mnt/ubna_data_01_mir/recover-20220825/UBNA_002/20220823_033000.WAV,Telephone Field,recover-20220825,002,1795
1278.5765,1278.5855999999999,25468,34383,Eptesicus serotinus,0.009,0.022,-1,Echolocation,/mnt/ubna_data_01_mir/recover-20220825/UBNA_002/20220823_033000.WAV,Telephone Field,recover-20220825,002,1795
1278.5835,1278.619,68437,81639,Rhinolophus ferrumequinum,0.023,0.023,-1,Echolocation,/mnt/ubna_data_01_mir/recover-20220825/UBNA_002/20220823_033000.WAV,Telephone Field,recover-20220825,002,1795
1278.6675,1278.6763,26328,35301,Eptesicus serotinus,0.012,0.027,-1,Echolocation,/mnt/ubna_data_01_mir/recover-20220825/UBNA_002/20220823_033000.WAV,Telephone Field,recover-20220825,002,1795
1278.7395,1278.7809,68437,82885,Rhinolophus ferrumequinum,0.034,0.034,-1,Echolocation,/mnt/ubna_data_01_mir/recover-20220825/UBNA_002/20220823_033000.WAV,Telephone Field,recover-20220825,002,1795
1278.7405,1278.7478,30625,42178,Myotis daubentonii,0.011,0.027,-1,Echolocation,/mnt/ubna_data_01_mir/recover-20220825/UBNA_002/20220823_033000.WAV,Telephone Field,recover-20220825,002,1795
1278.7715,1278.7797,37500,44490,Pipistrellus nathusii,0.008,0.026,-1,Echolocation,/mnt/ubna_data_01_mir/recover-20220825/UBNA_002/20220823_033000.WAV,Telephone Field,recover-20220825,002,1795
1278.7765,1278.7844,27187,37467,Eptesicus serotinus,0.009,0.024,-1,Echolocation,/mnt/ubna_data_01_mir/recover-20220825/UBNA_002/20220823_033000.WAV,Telephone Field,recover-20220825,002,1795
1278.7995,1278.81,28046,36677,Eptesicus serotinus,0.013,0.026,-1,Echolocation,/mnt/ubna_data_01_mir/recover-20220825/UBNA_002/20220823_033000.WAV,Telephone Field,recover-20220825,002,1795
1278.8315,1278.8437,24609,31612,Nyctalus leisleri,0.011,0.031,-1,Echolocation,/mnt/ubna_data_01_mir/recover-20220825/UBNA_002/20220823_033000.WAV,Telephone Field,recover-20220825,002,1795
1278.8445,1278.8577,24609,29562,Nyctalus leisleri,0.015,0.033,-1,Echolocation,/mnt/ubna_data_01_mir/recover-20220825/UBNA_002/20220823_033000.WAV,Telephone Field,recover-20220825,002,1795
1278.8925,1278.9057,23750,28419,Nyctalus leisleri,0.017,0.035,-1,Echolocation,/mnt/ubna_data_01_mir/recover-20220825/UBNA_002/20220823_033000.WAV,Telephone Field,recover-20220825,002,1795
1278.9475,1278.9584,23750,29660,Nyctalus leisleri,0.01,0.024,-1,Echolocation,/mnt/ubna_data_01_mir/recover-20220825/UBNA_002/20220823_033000.WAV,Telephone Field,recover-20220825,002,1795
1278.9485,1278.9589,51250,57195,Pipistrellus pipistrellus,0.017,0.026,-1,Echolocation,/mnt/ubna_data_01_mir/recover-20220825/UBNA_002/20220823_033000.WAV,Telephone Field,recover-20220825,002,1795
1278.9775,1278.9865,23750,31312,Nyctalus leisleri,0.006,0.024,-1,Echolocation,/mnt/ubna_data_01_mir/recover-20220825/UBNA_002/20220823_033000.WAV,Telephone Field,recover-20220825,002,1795
1278.9915,1279.0044,28046,33698,Eptesicus serotinus,0.016,0.031,-1,Echolocation,/mnt/ubna_data_01_mir/recover-20220825/UBNA_002/20220823_033000.WAV,Telephone Field,recover-20220825,002,1795
1279.0115,1279.0501,68437,82257,Rhinolophus ferrumequinum,0.025,0.025,-1,Echolocation,/mnt/ubna_data_01_mir/recover-20220825/UBNA_002/20220823_033000.WAV,Telephone Field,recover-20220825,002,1795
1279.0405,1279.0474,42656,54369,Pipistrellus nathusii,0.012,0.04,-1,Echolocation,/mnt/ubna_data_01_mir/recover-20220825/UBNA_002/20220823_033000.WAV,Telephone Field,recover-20220825,002,1795
1279.1405,1279.1513,22890,28074,Nyctalus leisleri,0.011,0.023,-1,Echolocation,/mnt/ubna_data_01_mir/recover-20220825/UBNA_002/20220823_033000.WAV,Telephone Field,recover-20220825,002,1795
1279.1675,1279.2035,68437,81027,Rhinolophus ferrumequinum,0.022,0.022,-1,Echolocation,/mnt/ubna_data_01_mir/recover-20220825/UBNA_002/20220823_033000.WAV,Telephone Field,recover-20220825,002,1795
1279.2295,1279.2402,22890,27710,Nyctalus leisleri,0.01,0.022,-1,Echolocation,/mnt/ubna_data_01_mir/recover-20220825/UBNA_002/20220823_033000.WAV,Telephone Field,recover-20220825,002,1795
1279.2375,1279.2482,41796,46725,Pipistrellus nathusii,0.221,0.241,-1,Echolocation,/mnt/ubna_data_01_mir/recover-20220825/UBNA_002/20220823_033000.WAV,Telephone Field,recover-20220825,002,1795
1279.2435,1279.2512,26328,37987,Eptesicus serotinus,0.007,0.023,-1,Echolocation,/mnt/ubna_data_01_mir/recover-20220825/UBNA_002/20220823_033000.WAV,Telephone Field,recover-20220825,002,1795
1279.2925,1279.3369,68437,83270,Rhinolophus ferrumequinum,0.03,0.03,-1,Echolocation,/mnt/ubna_data_01_mir/recover-20220825/UBNA_002/20220823_033000.WAV,Telephone Field,recover-20220825,002,1795
1279.3275,1279.3327,40078,51513,Myotis daubentonii,0.12,0.373,-1,Echolocation,/mnt/ubna_data_01_mir/recover-20220825/UBNA_002/20220823_033000.WAV,Telephone Field,recover-20220825,002,1795
1279.3695,1279.4119,68437,83336,Rhinolophus ferrumequinum,0.031,0.031,-1,Echolocation,/mnt/ubna_data_01_mir/recover-20220825/UBNA_002/20220823_033000.WAV,Telephone Field,recover-20220825,002,1795
1279.3885,1279.3971,28046,40806,Eptesicus serotinus,0.009,0.023,-1,Echolocation,/mnt/ubna_data_01_mir/recover-20220825/UBNA_002/20220823_033000.WAV,Telephone Field,recover-20220825,002,1795
1279.4235,1279.4308,41796,49388,Pipistrellus nathusii,0.362,0.469,-1,Echolocation,/mnt/ubna_data_01_mir/recover-20220825/UBNA_002/20220823_033000.WAV,Telephone Field,recover-20220825,002,1795
1279.4495,1279.4605,24609,30649,Nyctalus leisleri,0.014,0.038,-1,Echolocation,/mnt/ubna_data_01_mir/recover-20220825/UBNA_002/20220823_033000.WAV,Telephone Field,recover-20220825,002,1795
1279.4625,1279.4996,68437,81565,Rhinolophus ferrumequinum,0.027,0.027,-1,Echolocation,/mnt/ubna_data_01_mir/recover-20220825/UBNA_002/20220823_033000.WAV,Telephone Field,recover-20220825,002,1795
1279.4885,1279.5261,68437,82231,Rhinolophus ferrumequinum,0.025,0.025,-1,Echolocation,/mnt/ubna_data_01_mir/recover-20220825/UBNA_002/20220823_033000.WAV,Telephone Field,recover-20220825,002,1795
1279.5085,1279.5186,42656,49366,Pipistrellus nathusii,0.047,0.06,-1,Echolocation,/mnt/ubna_data_01_mir/recover-20220825/UBNA_002/20220823_033000.WAV,Telephone Field,recover-20220825,002,1795
1279.5395,1279.5467,50390,57518,Pipistrellus pipistrellus,0.019,0.024,-1,Echolocation,/mnt/ubna_data_01_mir/recover-20220825/UBNA_002/20220823_033000.WAV,Telephone Field,recover-20220825,002,1795
1279.5915,1279.5978,40937,50971,Pipistrellus nathusii,0.351,0.5,-1,Echolocation,/mnt/ubna_data_01_mir/recover-20220825/UBNA_002/20220823_033000.WAV,Telephone Field,recover-20220825,002,1795
1279.6115,1279.6175,47812,56265,Pipistrellus pipistrellus,0.019,0.024,-1,Echolocation,/mnt/ubna_data_01_mir/recover-20220825/UBNA_002/20220823_033000.WAV,Telephone Field,recover-20220825,002,1795
1279.6225,1279.6612,68437,81099,Rhinolophus ferrumequinum,0.022,0.022,-1,Echolocation,/mnt/ubna_data_01_mir/recover-20220825/UBNA_002/20220823_033000.WAV,Telephone Field,recover-20220825,002,1795
1279.6495,1279.6872,68437,82071,Rhinolophus ferrumequinum,0.025,0.025,-1,Echolocation,/mnt/ubna_data_01_mir/recover-20220825/UBNA_002/20220823_033000.WAV,Telephone Field,recover-20220825,002,1795
1279.6555,1279.6931,68437,82458,Rhinolophus ferrumequinum,0.027,0.027,-1,Echolocation,/mnt/ubna_data_01_mir/recover-20220825/UBNA_002/20220823_033000.WAV,Telephone Field,recover-20220825,002,1795
1279.6615,1279.6705,27187,38150,Eptesicus serotinus,0.009,0.023,-1,Echolocation,/mnt/ubna_data_01_mir/recover-20220825/UBNA_002/20220823_033000.WAV,Telephone Field,recover-20220825,002,1795
1279.6785,1279.6858,40078,48201,Pipistrellus nathusii,0.163,0.357,-1,Echolocation,/mnt/ubna_data_01_mir/recover-20220825/UBNA_002/20220823_033000.WAV,Telephone Field,recover-20220825,002,1795
1279.6805,1279.6866,28046,50303,Myotis daubentonii,0.022,0.043,-1,Echolocation,/mnt/ubna_data_01_mir/recover-20220825/UBNA_002/20220823_033000.WAV,Telephone Field,recover-20220825,002,1795
1279.6815,1279.7178,68437,81628,Rhinolophus ferrumequinum,0.023,0.023,-1,Echolocation,/mnt/ubna_data_01_mir/recover-20220825/UBNA_002/20220823_033000.WAV,Telephone Field,recover-20220825,002,1795
1279.7075,1279.7194,22031,25715,Nyctalus leisleri,0.014,0.024,-1,Echolocation,/mnt/ubna_data_01_mir/recover-20220825/UBNA_002/20220823_033000.WAV,Telephone Field,recover-20220825,002,1795
1279.7405,1279.7503,24609,32344,Eptesicus serotinus,0.009,0.026,-1,Echolocation,/mnt/ubna_data_01_mir/recover-20220825/UBNA_002/20220823_033000.WAV,Telephone Field,recover-20220825,002,1795
1279.7495,1279.7926,68437,83137,Rhinolophus ferrumequinum,0.036,0.036,-1,Echolocation,/mnt/ubna_data_01_mir/recover-20220825/UBNA_002/20220823_033000.WAV,Telephone Field,recover-20220825,002,1795
1279.7715,1279.7785,40937,53106,Pipistrellus nathusii,0.38,0.569,-1,Echolocation,/mnt/ubna_data_01_mir/recover-20220825/UBNA_002/20220823_033000.WAV,Telephone Field,recover-20220825,002,1795
1279.8205,1279.8601,68437,82789,Rhinolophus ferrumequinum,0.025,0.025,-1,Echolocation,/mnt/ubna_data_01_mir/recover-20220825/UBNA_002/20220823_033000.WAV,Telephone Field,recover-20220825,002,1795
1279.8455,1279.8843,68437,82604,Rhinolophus ferrumequinum,0.025,0.025,-1,Echolocation,/mnt/ubna_data_01_mir/recover-20220825/UBNA_002/20220823_033000.WAV,Telephone Field,recover-20220825,002,1795
1279.8655,1279.8722,41796,50908,Pipistrellus nathusii,0.582,0.643,-1,Echolocation,/mnt/ubna_data_01_mir/recover-20220825/UBNA_002/20220823_033000.WAV,Telephone Field,recover-20220825,002,1795
1279.8655,1279.8718,28906,49599,Myotis daubentonii,0.012,0.022,-1,Echolocation,/mnt/ubna_data_01_mir/recover-20220825/UBNA_002/20220823_033000.WAV,Telephone Field,recover-20220825,002,1795
1279.9175,1279.9536,68437,81275,Rhinolophus ferrumequinum,0.022,0.022,-1,Echolocation,/mnt/ubna_data_01_mir/recover-20220825/UBNA_002/20220823_033000.WAV,Telephone Field,recover-20220825,002,1795
1279.9655,1279.9716,41796,54242,Pipistrellus nathusii,0.568,0.6,-1,Echolocation,/mnt/ubna_data_01_mir/recover-20220825/UBNA_002/20220823_033000.WAV,Telephone Field,recover-20220825,002,1795
1280.0015,1280.0115,48671,55893,Pipistrellus pygmaeus,0.015,0.029,-1,Echolocation,/mnt/ubna_data_01_mir/recover-20220825/UBNA_002/20220823_033000.WAV,Telephone Field,recover-20220825,002,1795
1280.0015,1280.0099,24609,33714,Nyctalus leisleri,0.008,0.029,-1,Echolocation,/mnt/ubna_data_01_mir/recover-20220825/UBNA_002/20220823_033000.WAV,Telephone Field,recover-20220825,002,1795
1280.0015,1280.027,69296,82581,Rhinolophus ferrumequinum,0.032,0.033,-1,Echolocation,/mnt/ubna_data_01_mir/recover-20220825/UBNA_002/20220823_033000.WAV,Telephone Field,recover-20220825,002,1795
1280.0095,1280.0167,52109,57018,Pipistrellus pygmaeus,0.028,0.03,-1,Echolocation,/mnt/ubna_data_01_mir/recover-20220825/UBNA_002/20220823_033000.WAV,Telephone Field,recover-20220825,002,1795
1280.0215,1280.0283,32343,45672,Myotis daubentonii,0.009,0.03,-1,Echolocation,/mnt/ubna_data_01_mir/recover-20220825/UBNA_002/20220823_033000.WAV,Telephone Field,recover-20220825,002,1795
1280.0575,1280.0637,31484,56051,Barbastellus barbastellus,0.016,0.041,-1,Echolocation,/mnt/ubna_data_01_mir/recover-20220825/UBNA_002/20220823_033000.WAV,Telephone Field,recover-20220825,002,1795
1280.0575,1280.0628,40937,56816,Pipistrellus nathusii,0.557,0.58,-1,Echolocation,/mnt/ubna_data_01_mir/recover-20220825/UBNA_002/20220823_033000.WAV,Telephone Field,recover-20220825,002,1795
1280.0795,1280.0857,47812,56294,Pipistrellus pipistrellus,0.018,0.023,-1,Echolocation,/mnt/ubna_data_01_mir/recover-20220825/UBNA_002/20220823_033000.WAV,Telephone Field,recover-20220825,002,1795
1280.0805,1280.0877,58125,66103,Pipistrellus pygmaeus,0.023,0.023,-1,Echolocation,/mnt/ubna_data_01_mir/recover-20220825/UBNA_002/20220823_033000.WAV,Telephone Field,recover-20220825,002,1795
1280.0995,1280.1091,28906,38582,Eptesicus serotinus,0.011,0.025,-1,Echolocation,/mnt/ubna_data_01_mir/recover-20220825/UBNA_002/20220823_033000.WAV,Telephone Field,recover-20220825,002,1795
1280.1275,1280.1447,16015,20781,Nyctalus noctula,0.029,0.039,-1,Echolocation,/mnt/ubna_data_01_mir/recover-20220825/UBNA_002/20220823_033000.WAV,Telephone Field,recover-20220825,002,1795
1280.1515,1280.1577,31484,49694,Barbastellus barbastellus,0.012,0.028,-1,Echolocation,/mnt/ubna_data_01_mir/recover-20220825/UBNA_002/20220823_033000.WAV,Telephone Field,recover-20220825,002,1795
1280.1545,1280.1605,41796,53367,Pipistrellus nathusii,0.645,0.652,-1,Echolocation,/mnt/ubna_data_01_mir/recover-20220825/UBNA_002/20220823_033000.WAV,Telephone Field,recover-20220825,002,1795
1280.1995,1280.2082,40078,47613,Pipistrellus nathusii,0.011,0.024,-1,Echolocation,/mnt/ubna_data_01_mir/recover-20220825/UBNA_002/20220823_033000.WAV,Telephone Field,recover-20220825,002,1795
1280.2025,1280.2108,27187,40831,Eptesicus serotinus,0.009,0.024,-1,Echolocation,/mnt/ubna_data_01_mir/recover-20220825/UBNA_002/20220823_033000.WAV,Telephone Field,recover-20220825,002,1795
1280.2045,1280.2125,40078,47087,Pipistrellus nathusii,0.01,0.025,-1,Echolocation,/mnt/ubna_data_01_mir/recover-20220825/UBNA_002/20220823_033000.WAV,Telephone Field,recover-20220825,002,1795
1280.2225,1280.2313,51250,56574,Pipistrellus pygmaeus,0.029,0.033,-1,Echolocation,/mnt/ubna_data_01_mir/recover-20220825/UBNA_002/20220823_033000.WAV,Telephone Field,recover-20220825,002,1795
1280.2285,1280.2343,37500,52151,Myotis brandtii,0.01,0.024,-1,Echolocation,/mnt/ubna_data_01_mir/recover-20220825/UBNA_002/20220823_033000.WAV,Telephone Field,recover-20220825,002,1795
1280.2315,1280.249,21171,24816,Nyctalus leisleri,0.012,0.024,-1,Echolocation,/mnt/ubna_data_01_mir/recover-20220825/UBNA_002/20220823_033000.WAV,Telephone Field,recover-20220825,002,1795
1280.2435,1280.2537,26328,40002,Eptesicus serotinus,0.013,0.027,-1,Echolocation,/mnt/ubna_data_01_mir/recover-20220825/UBNA_002/20220823_033000.WAV,Telephone Field,recover-20220825,002,1795
1280.2475,1280.2546,40937,57805,Pipistrellus nathusii,0.645,0.667,-1,Echolocation,/mnt/ubna_data_01_mir/recover-20220825/UBNA_002/20220823_033000.WAV,Telephone Field,recover-20220825,002,1795
1280.2975,1280.3051,28046,41111,Eptesicus serotinus,0.01,0.028,-1,Echolocation,/mnt/ubna_data_01_mir/recover-20220825/UBNA_002/20220823_033000.WAV,Telephone Field,recover-20220825,002,1795
1280.3245,1280.3357,34921,39529,Pipistrellus nathusii,0.018,0.03,-1,Echolocation,/mnt/ubna_data_01_mir/recover-20220825/UBNA_002/20220823_033000.WAV,Telephone Field,recover-20220825,002,1795
1280.3415,1280.3474,31484,55506,Myotis brandtii,0.013,0.03,-1,Echolocation,/mnt/ubna_data_01_mir/recover-20220825/UBNA_002/20220823_033000.WAV,Telephone Field,recover-20220825,002,1795
1280.3435,1280.3509,41796,53888,Pipistrellus nathusii,0.574,0.612,-1,Echolocation,/mnt/ubna_data_01_mir/recover-20220825/UBNA_002/20220823_033000.WAV,Telephone Field,recover-20220825,002,1795
1280.3545,1280.3659,24609,30333,Nyctalus leisleri,0.012,0.031,-1,Echolocation,/mnt/ubna_data_01_mir/recover-20220825/UBNA_002/20220823_033000.WAV,Telephone Field,recover-20220825,002,1795
1280.3915,1280.4321,68437,82968,Rhinolophus ferrumequinum,0.031,0.031,-1,Echolocation,/mnt/ubna_data_01_mir/recover-20220825/UBNA_002/20220823_033000.WAV,Telephone Field,recover-20220825,002,1795
1280.3945,1280.4051,28046,34507,Eptesicus serotinus,0.012,0.024,-1,Echolocation,/mnt/ubna_data_01_mir/recover-20220825/UBNA_002/20220823_033000.WAV,Telephone Field,recover-20220825,002,1795
1280.4015,1280.4203,19453,22662,Nyctalus noctula,0.011,0.024,-1,Echolocation,/mnt/ubna_data_01_mir/recover-20220825/UBNA_002/20220823_033000.WAV,Telephone Field,recover-20220825,002,1795
1280.4345,1280.4397,41796,53642,Pipistrellus nathusii,0.618,0.641,-1,Echolocation,/mnt/ubna_data_01_mir/recover-20220825/UBNA_002/20220823_033000.WAV,Telephone Field,recover-20220825,002,1795
1280.4635,1280.4716,48671,54647,Pipistrellus pipistrellus,0.027,0.035,-1,Echolocation,/mnt/ubna_data_01_mir/recover-20220825/UBNA_002/20220823_033000.WAV,Telephone Field,recover-20220825,002,1795
1280.4755,1280.4821,36640,42560,Barbastellus barbastellus,0.028,0.039,-1,Echolocation,/mnt/ubna_data_01_mir/recover-20220825/UBNA_002/20220823_033000.WAV,Telephone Field,recover-20220825,002,1795
1280.4805,1280.4952,15156,18534,Nyctalus noctula,0.021,0.041,-1,Echolocation,/mnt/ubna_data_01_mir/recover-20220825/UBNA_002/20220823_033000.WAV,Telephone Field,recover-20220825,002,1795
1280.4895,1280.4968,49531,57264,Pipistrellus pipistrellus,0.022,0.026,-1,Echolocation,/mnt/ubna_data_01_mir/recover-20220825/UBNA_002/20220823_033000.WAV,Telephone Field,recover-20220825,002,1795
1280.4915,1280.5024,28046,33534,Eptesicus serotinus,0.015,0.029,-1,Echolocation,/mnt/ubna_data_01_mir/recover-20220825/UBNA_002/20220823_033000.WAV,Telephone Field,recover-20220825,002,1795
1280.5255,1280.5311,40937,56935,Pipistrellus nathusii,0.591,0.62,-1,Echolocation,/mnt/ubna_data_01_mir/recover-20220825/UBNA_002/20220823_033000.WAV,Telephone Field,recover-20220825,002,1795
1280.5255,1280.5315,31484,60307,Myotis brandtii,0.016,0.044,-1,Echolocation,/mnt/ubna_data_01_mir/recover-20220825/UBNA_002/20220823_033000.WAV,Telephone Field,recover-20220825,002,1795
1280.5375,1280.5479,28046,33933,Eptesicus serotinus,0.01,0.025,-1,Echolocation,/mnt/ubna_data_01_mir/recover-20220825/UBNA_002/20220823_033000.WAV,Telephone Field,recover-20220825,002,1795
1280.5565,1280.5716,26328,32086,Eptesicus serotinus,0.013,0.028,-1,Echolocation,/mnt/ubna_data_01_mir/recover-20220825/UBNA_002/20220823_033000.WAV,Telephone Field,recover-20220825,002,1795
1280.5915,1280.5997,40078,48518,Pipistrellus nathusii,0.011,0.023,-1,Echolocation,/mnt/ubna_data_01_mir/recover-20220825/UBNA_002/20220823_033000.WAV,Telephone Field,recover-20220825,002,1795
1280.6095,1280.6189,25468,34062,Eptesicus serotinus,0.017,0.04,-1,Echolocation,/mnt/ubna_data_01_mir/recover-20220825/UBNA_002/20220823_033000.WAV,Telephone Field,recover-20220825,002,1795
1280.6205,1280.6269,40937,54543,Pipistrellus nathusii,0.575,0.604,-1,Echolocation,/mnt/ubna_data_01_mir/recover-20220825/UBNA_002/20220823_033000.WAV,Telephone Field,recover-20220825,002,1795
1280.6305,1280.6399,51250,55940,Pipistrellus pygmaeus,0.042,0.044,-1,Echolocation,/mnt/ubna_data_01_mir/recover-20220825/UBNA_002/20220823_033000.WAV,Telephone Field,recover-20220825,002,1795
1280.6915,1280.7022,27187,34865,Eptesicus serotinus,0.017,0.028,-1,Echolocation,/mnt/ubna_data_01_mir/recover-20220825/UBNA_002/20220823_033000.WAV,Telephone Field,recover-20220825,002,1795
1280.7115,1280.7182,41796,56281,Pipistrellus nathusii,0.623,0.658,-1,Echolocation,/mnt/ubna_data_01_mir/recover-20220825/UBNA_002/20220823_033000.WAV,Telephone Field,recover-20220825,002,1795
1280.7645,1280.7764,15156,20411,Nyctalus noctula,0.017,0.031,-1,Echolocation,/mnt/ubna_data_01_mir/recover-20220825/UBNA_002/20220823_033000.WAV,Telephone Field,recover-20220825,002,1795
1280.7645,1280.7741,46093,49245,Pipistrellus pipistrellus,0.03,0.035,-1,Echolocation,/mnt/ubna_data_01_mir/recover-20220825/UBNA_002/20220823_033000.WAV,Telephone Field,recover-20220825,002,1795
1280.7985,1280.806,40078,54223,Pipistrellus nathusii,0.631,0.664,-1,Echolocation,/mnt/ubna_data_01_mir/recover-20220825/UBNA_002/20220823_033000.WAV,Telephone Field,recover-20220825,002,1795
1280.8895,1280.8969,40078,56751,Pipistrellus nathusii,0.552,0.644,-1,Echolocation,/mnt/ubna_data_01_mir/recover-20220825/UBNA_002/20220823_033000.WAV,Telephone Field,recover-20220825,002,1795
1280.8905,1280.8969,49531,53589,Pipistrellus pipistrellus,0.013,0.023,-1,Echolocation,/mnt/ubna_data_01_mir/recover-20220825/UBNA_002/20220823_033000.WAV,Telephone Field,recover-20220825,002,1795
1280.9305,1280.9405,27187,36246,Eptesicus serotinus,0.013,0.025,-1,Echolocation,/mnt/ubna_data_01_mir/recover-20220825/UBNA_002/20220823_033000.WAV,Telephone Field,recover-20220825,002,1795
1280.9325,1280.9668,68437,81262,Rhinolophus ferrumequinum,0.024,0.024,-1,Echolocation,/mnt/ubna_data_01_mir/recover-20220825/UBNA_002/20220823_033000.WAV,Telephone Field,recover-20220825,002,1795
1280.9385,1280.9496,14296,20905,Nyctalus noctula,0.011,0.023,-1,Echolocation,/mnt/ubna_data_01_mir/recover-20220825/UBNA_002/20220823_033000.WAV,Telephone Field,recover-20220825,002,1795
1280.9775,1280.9908,16875,22498,Nyctalus noctula,0.013,0.028,-1,Echolocation,/mnt/ubna_data_01_mir/recover-20220825/UBNA_002/20220823_033000.WAV,Telephone Field,recover-20220825,002,1795
1280.9795,1280.9859,40937,60083,Pipistrellus nathusii,0.585,0.618,-1,Echolocation,/mnt/ubna_data_01_mir/recover-20220825/UBNA_002/20220823_033000.WAV,Telephone Field,recover-20220825,002,1795
1280.9905,1281.0264,68437,81604,Rhinolophus ferrumequinum,0.026,0.026,-1,Echolocation,/mnt/ubna_data_01_mir/recover-20220825/UBNA_002/20220823_033000.WAV,Telephone Field,recover-20220825,002,1795
1281.0225,1281.03,28046,39631,Eptesicus serotinus,0.012,0.032,-1,Echolocation,/mnt/ubna_data_01_mir/recover-20220825/UBNA_002/20220823_033000.WAV,Telephone Field,recover-20220825,002,1795
1281.0265,1281.036,39218,45674,Pipistrellus nathusii,0.017,0.026,-1,Echolocation,/mnt/ubna_data_01_mir/recover-20220825/UBNA_002/20220823_033000.WAV,Telephone Field,recover-20220825,002,1795
1281.0755,1281.0818,40078,56984,Pipistrellus nathusii,0.526,0.58,-1,Echolocation,/mnt/ubna_data_01_mir/recover-20220825/UBNA_002/20220823_033000.WAV,Telephone Field,recover-20220825,002,1795
1281.0765,1281.0863,22031,28257,Nyctalus leisleri,0.007,0.023,-1,Echolocation,/mnt/ubna_data_01_mir/recover-20220825/UBNA_002/20220823_033000.WAV,Telephone Field,recover-20220825,002,1795
1281.1315,1281.1401,46953,49759,Pipistrellus pipistrellus,0.028,0.042,-1,Echolocation,/mnt/ubna_data_01_mir/recover-20220825/UBNA_002/20220823_033000.WAV,Telephone Field,recover-20220825,002,1795
1281.1555,1281.1644000000001,28046,33573,Eptesicus serotinus,0.012,0.029,-1,Echolocation,/mnt/ubna_data_01_mir/recover-20220825/UBNA_002/20220823_033000.WAV,Telephone Field,recover-20220825,002,1795
1281.1645,1281.1716,49531,55675,Pipistrellus pipistrellus,0.021,0.039,-1,Echolocation,/mnt/ubna_data_01_mir/recover-20220825/UBNA_002/20220823_033000.WAV,Telephone Field,recover-20220825,002,1795
1281.1675,1281.1743,40078,60426,Pipistrellus nathusii,0.666,0.706,-1,Echolocation,/mnt/ubna_data_01_mir/recover-20220825/UBNA_002/20220823_033000.WAV,Telephone Field,recover-20220825,002,1795
1281.1755,1281.1808,31484,43730,Myotis daubentonii,0.01,0.025,-1,Echolocation,/mnt/ubna_data_01_mir/recover-20220825/UBNA_002/20220823_033000.WAV,Telephone Field,recover-20220825,002,1795
1281.2085,1281.2219,21171,25332,Nyctalus leisleri,0.011,0.025,-1,Echolocation,/mnt/ubna_data_01_mir/recover-20220825/UBNA_002/20220823_033000.WAV,Telephone Field,recover-20220825,002,1795
1281.2435,1281.2511,27187,36535,Eptesicus serotinus,0.02,0.043,-1,Echolocation,/mnt/ubna_data_01_mir/recover-20220825/UBNA_002/20220823_033000.WAV,Telephone Field,recover-20220825,002,1795
1281.2435,1281.2516,34062,39544,Barbastellus barbastellus,0.053,0.082,-1,Echolocation,/mnt/ubna_data_01_mir/recover-20220825/UBNA_002/20220823_033000.WAV,Telephone Field,recover-20220825,002,1795
1281.2575,1281.264,40078,57936,Pipistrellus nathusii,0.611,0.669,-1,Echolocation,/mnt/ubna_data_01_mir/recover-20220825/UBNA_002/20220823_033000.WAV,Telephone Field,recover-20220825,002,1795
1281.2585,1281.2639,50390,55387,Pipistrellus pipistrellus,0.017,0.034,-1,Echolocation,/mnt/ubna_data_01_mir/recover-20220825/UBNA_002/20220823_033000.WAV,Telephone Field,recover-20220825,002,1795
1281.3525,1281.3597,40078,57622,Pipistrellus nathusii,0.606,0.662,-1,Echolocation,/mnt/ubna_data_01_mir/recover-20220825/UBNA_002/20220823_033000.WAV,Telephone Field,recover-20220825,002,1795
1281.3625,1281.3724,25468,31860,Eptesicus serotinus,0.009,0.025,-1,Echolocation,/mnt/ubna_data_01_mir/recover-20220825/UBNA_002/20220823_033000.WAV,Telephone Field,recover-20220825,002,1795
1281.4155,1281.4242,48671,54776,Pipistrellus pipistrellus,0.017,0.023,-1,Echolocation,/mnt/ubna_data_01_mir/recover-20220825/UBNA_002/20220823_033000.WAV,Telephone Field,recover-20220825,002,1795
1281.4255,1281.4351,25468,33060,Eptesicus serotinus,0.01,0.024,-1,Echolocation,/mnt/ubna_data_01_mir/recover-20220825/UBNA_002/20220823_033000.WAV,Telephone Field,recover-20220825,002,1795
1281.4305,1281.4382,40937,49529,Pipistrellus nathusii,0.012,0.025,-1,Echolocation,/mnt/ubna_data_01_mir/recover-20220825/UBNA_002/20220823_033000.WAV,Telephone Field,recover-20220825,002,1795
1281.4445,1281.4545,24609,31399,Eptesicus serotinus,0.009,0.027,-1,Echolocation,/mnt/ubna_data_01_mir/recover-20220825/UBNA_002/20220823_033000.WAV,Telephone Field,recover-20220825,002,1795
1281.4785,1281.4844,40937,56233,Pipistrellus nathusii,0.564,0.596,-1,Echolocation,/mnt/ubna_data_01_mir/recover-20220825/UBNA_002/20220823_033000.WAV,Telephone Field,recover-20220825,002,1795
1281.4855,1281.4933,27187,35524,Eptesicus serotinus,0.007,0.023,-1,Echolocation,/mnt/ubna_data_01_mir/recover-20220825/UBNA_002/20220823_033000.WAV,Telephone Field,recover-20220825,002,1795
1281.4985,1281.5046,57265,65925,Pipistrellus pygmaeus,0.023,0.023,-1,Echolocation,/mnt/ubna_data_01_mir/recover-20220825/UBNA_002/20220823_033000.WAV,Telephone Field,recover-20220825,002,1795
1281.5665,1281.5747,46953,50078,Pipistrellus pipistrellus,0.026,0.042,-1,Echolocation,/mnt/ubna_data_01_mir/recover-20220825/UBNA_002/20220823_033000.WAV,Telephone Field,recover-20220825,002,1795
1281.5735,1281.5805,37500,54180,Pipistrellus nathusii,0.537,0.61,-1,Echolocation,/mnt/ubna_data_01_mir/recover-20220825/UBNA_002/20220823_033000.WAV,Telephone Field,recover-20220825,002,1795
1281.5825,1281.5897,26328,37093,Eptesicus serotinus,0.008,0.026,-1,Echolocation,/mnt/ubna_data_01_mir/recover-20220825/UBNA_002/20220823_033000.WAV,Telephone Field,recover-20220825,002,1795
1281.6705,1281.6765,39218,58995,Pipistrellus nathusii,0.432,0.505,-1,Echolocation,/mnt/ubna_data_01_mir/recover-20220825/UBNA_002/20220823_033000.WAV,Telephone Field,recover-20220825,002,1795
1281.6795,1281.6865,27187,37472,Eptesicus serotinus,0.008,0.028,-1,Echolocation,/mnt/ubna_data_01_mir/recover-20220825/UBNA_002/20220823_033000.WAV,Telephone Field,recover-20220825,002,1795
1281.6825,1281.6909,54687,63497,Pipistrellus pygmaeus,0.023,0.024,-1,Echolocation,/mnt/ubna_data_01_mir/recover-20220825/UBNA_002/20220823_033000.WAV,Telephone Field,recover-20220825,002,1795
1281.6935,1281.7005,46953,50739,Pipistrellus pipistrellus,0.025,0.032,-1,Echolocation,/mnt/ubna_data_01_mir/recover-20220825/UBNA_002/20220823_033000.WAV,Telephone Field,recover-20220825,002,1795
1281.7215,1281.7301,40078,47495,Pipistrellus nathusii,0.019,0.03,-1,Echolocation,/mnt/ubna_data_01_mir/recover-20220825/UBNA_002/20220823_033000.WAV,Telephone Field,recover-20220825,002,1795
1281.7245,1281.7322,46093,50222,Pipistrellus pipistrellus,0.023,0.031,-1,Echolocation,/mnt/ubna_data_01_mir/recover-20220825/UBNA_002/20220823_033000.WAV,Telephone Field,recover-20220825,002,1795
1281.7555,1281.7627,28046,35224,Eptesicus serotinus,0.008,0.024,-1,Echolocation,/mnt/ubna_data_01_mir/recover-20220825/UBNA_002/20220823_033000.WAV,Telephone Field,recover-20220825,002,1795
1281.7605,1281.7685,52109,57975,Pipistrellus pygmaeus,0.028,0.032,-1,Echolocation,/mnt/ubna_data_01_mir/recover-20220825/UBNA_002/20220823_033000.WAV,Telephone Field,recover-20220825,002,1795
1281.7685,1281.7746,39218,58456,Pipistrellus nathusii,0.492,0.534,-1,Echolocation,/mnt/ubna_data_01_mir/recover-20220825/UBNA_002/20220823_033000.WAV,Telephone Field,recover-20220825,002,1795
1281.7685,1281.7752,56406,61588,Pipistrellus pygmaeus,0.031,0.032,-1,Echolocation,/mnt/ubna_data_01_mir/recover-20220825/UBNA_002/20220823_033000.WAV,Telephone Field,recover-20220825,002,1795
1281.7765,1281.7851,40078,47609,Pipistrellus nathusii,0.07,0.076,-1,Echolocation,/mnt/ubna_data_01_mir/recover-20220825/UBNA_002/20220823_033000.WAV,Telephone Field,recover-20220825,002,1795
1281.7785,1281.7839,31484,48122,Myotis daubentonii,0.012,0.028,-1,Echolocation,/mnt/ubna_data_01_mir/recover-20220825/UBNA_002/20220823_033000.WAV,Telephone Field,recover-20220825,002,1795
1281.8015,1281.8105,46953,50142,Pipistrellus pipistrellus,0.044,0.068,-1,Echolocation,/mnt/ubna_data_01_mir/recover-20220825/UBNA_002/20220823_033000.WAV,Telephone Field,recover-20220825,002,1795
1281.8035,1281.8109,40937,48311,Pipistrellus nathusii,0.011,0.023,-1,Echolocation,/mnt/ubna_data_01_mir/recover-20220825/UBNA_002/20220823_033000.WAV,Telephone Field,recover-20220825,002,1795
1281.8485,1281.8583,25468,32571,Eptesicus serotinus,0.011,0.029,-1,Echolocation,/mnt/ubna_data_01_mir/recover-20220825/UBNA_002/20220823_033000.WAV,Telephone Field,recover-20220825,002,1795
1281.8615,1281.8706,53828,59391,Pipistrellus pygmaeus,0.023,0.024,-1,Echolocation,/mnt/ubna_data_01_mir/recover-20220825/UBNA_002/20220823_033000.WAV,Telephone Field,recover-20220825,002,1795
1281.8655,1281.871,40937,58399,Pipistrellus nathusii,0.59,0.6,-1,Echolocation,/mnt/ubna_data_01_mir/recover-20220825/UBNA_002/20220823_033000.WAV,Telephone Field,recover-20220825,002,1795
1281.8735,1281.8807,27187,41044,Eptesicus serotinus,0.007,0.024,-1,Echolocation,/mnt/ubna_data_01_mir/recover-20220825/UBNA_002/20220823_033000.WAV,Telephone Field,recover-20220825,002,1795
1281.8835,1281.8932,28046,35976,Eptesicus serotinus,0.011,0.025,-1,Echolocation,/mnt/ubna_data_01_mir/recover-20220825/UBNA_002/20220823_033000.WAV,Telephone Field,recover-20220825,002,1795
1281.8935,1281.9276,68437,81465,Rhinolophus ferrumequinum,0.023,0.023,-1,Echolocation,/mnt/ubna_data_01_mir/recover-20220825/UBNA_002/20220823_033000.WAV,Telephone Field,recover-20220825,002,1795
1281.9435,1281.9515,53828,60929,Pipistrellus pygmaeus,0.027,0.028,-1,Echolocation,/mnt/ubna_data_01_mir/recover-20220825/UBNA_002/20220823_033000.WAV,Telephone Field,recover-20220825,002,1795
1281.9485,1281.9576,28046,34708,Eptesicus serotinus,0.009,0.024,-1,Echolocation,/mnt/ubna_data_01_mir/recover-20220825/UBNA_002/20220823_033000.WAV,Telephone Field,recover-20220825,002,1795
1281.9525,1281.96,51250,57193,Pipistrellus pygmaeus,0.049,0.056,-1,Echolocation,/mnt/ubna_data_01_mir/recover-20220825/UBNA_002/20220823_033000.WAV,Telephone Field,recover-20220825,002,1795
1281.9625,1281.9699,39218,56126,Pipistrellus nathusii,0.422,0.509,-1,Echolocation,/mnt/ubna_data_01_mir/recover-20220825/UBNA_002/20220823_033000.WAV,Telephone Field,recover-20220825,002,1795
1281.9835,1281.9962,24609,31239,Eptesicus serotinus,0.01,0.027,-1,Echolocation,/mnt/ubna_data_01_mir/recover-20220825/UBNA_002/20220823_033000.WAV,Telephone Field,recover-20220825,002,1795
1282.0015,1282.0294,69296,80625,Rhinolophus ferrumequinum,0.026,0.026,-1,Echolocation,/mnt/ubna_data_01_mir/recover-20220825/UBNA_002/20220823_033000.WAV,Telephone Field,recover-20220825,002,1795
1282.0015,1282.0104,22031,29596,Nyctalus leisleri,0.007,0.023,-1,Echolocation,/mnt/ubna_data_01_mir/recover-20220825/UBNA_002/20220823_033000.WAV,Telephone Field,recover-20220825,002,1795
1282.0395,1282.0474,45234,49623,Pipistrellus pipistrellus,0.02,0.024,-1,Echolocation,/mnt/ubna_data_01_mir/recover-20220825/UBNA_002/20220823_033000.WAV,Telephone Field,recover-20220825,002,1795
1282.0625,1282.0683,40078,55856,Pipistrellus nathusii,0.566,0.601,-1,Echolocation,/mnt/ubna_data_01_mir/recover-20220825/UBNA_002/20220823_033000.WAV,Telephone Field,recover-20220825,002,1795
1282.0715,1282.079,39218,50678,Pipistrellus nathusii,0.069,0.095,-1,Echolocation,/mnt/ubna_data_01_mir/recover-20220825/UBNA_002/20220823_033000.WAV,Telephone Field,recover-20220825,002,1795
1282.0845,1282.0927,27187,36292,Eptesicus serotinus,0.007,0.021,-1,Echolocation,/mnt/ubna_data_01_mir/recover-20220825/UBNA_002/20220823_033000.WAV,Telephone Field,recover-20220825,002,1795
1282.0845,1282.0926,48671,54692,Pipistrellus pipistrellus,0.017,0.022,-1,Echolocation,/mnt/ubna_data_01_mir/recover-20220825/UBNA_002/20220823_033000.WAV,Telephone Field,recover-20220825,002,1795
1282.1165,1282.1543,68437,82506,Rhinolophus ferrumequinum,0.023,0.023,-1,Echolocation,/mnt/ubna_data_01_mir/recover-20220825/UBNA_002/20220823_033000.WAV,Telephone Field,recover-20220825,002,1795
1282.1415,1282.1489,50390,57686,Pipistrellus pipistrellus,0.018,0.022,-1,Echolocation,/mnt/ubna_data_01_mir/recover-20220825/UBNA_002/20220823_033000.WAV,Telephone Field,recover-20220825,002,1795
1282.1425,1282.1504,45234,55148,Pipistrellus pipistrellus,0.014,0.026,-1,Echolocation,/mnt/ubna_data_01_mir/recover-20220825/UBNA_002/20220823_033000.WAV,Telephone Field,recover-20220825,002,1795
1282.1455,1282.1521,34062,57864,Myotis brandtii,0.01,0.023,-1,Echolocation,/mnt/ubna_data_01_mir/recover-20220825/UBNA_002/20220823_033000.WAV,Telephone Field,recover-20220825,002,1795
1282.1535,1282.1603,31484,43953,Myotis daubentonii,0.007,0.021,-1,Echolocation,/mnt/ubna_data_01_mir/recover-20220825/UBNA_002/20220823_033000.WAV,Telephone Field,recover-20220825,002,1795
1282.1655,1282.1986,68437,81431,Rhinolophus ferrumequinum,0.021,0.021,-1,Echolocation,/mnt/ubna_data_01_mir/recover-20220825/UBNA_002/20220823_033000.WAV,Telephone Field,recover-20220825,002,1795
1282.1655,1282.1723,39218,61712,Pipistrellus nathusii,0.435,0.55,-1,Echolocation,/mnt/ubna_data_01_mir/recover-20220825/UBNA_002/20220823_033000.WAV,Telephone Field,recover-20220825,002,1795
1282.2105,1282.2178,49531,57431,Pipistrellus pipistrellus,0.017,0.023,-1,Echolocation,/mnt/ubna_data_01_mir/recover-20220825/UBNA_002/20220823_033000.WAV,Telephone Field,recover-20220825,002,1795
1282.2655,1282.2723,40078,56047,Pipistrellus nathusii,0.384,0.475,-1,Echolocation,/mnt/ubna_data_01_mir/recover-20220825/UBNA_002/20220823_033000.WAV,Telephone Field,recover-20220825,002,1795
1282.3005,1282.3387,68437,82251,Rhinolophus ferrumequinum,0.022,0.022,-1,Echolocation,/mnt/ubna_data_01_mir/recover-20220825/UBNA_002/20220823_033000.WAV,Telephone Field,recover-20220825,002,1795
1282.3065,1282.346,68437,82934,Rhinolophus ferrumequinum,0.022,0.022,-1,Echolocation,/mnt/ubna_data_01_mir/recover-20220825/UBNA_002/20220823_033000.WAV,Telephone Field,recover-20220825,002,1795
1282.3205,1282.337,25468,29244,Nyctalus leisleri,0.021,0.048,-1,Echolocation,/mnt/ubna_data_01_mir/recover-20220825/UBNA_002/20220823_033000.WAV,Telephone Field,recover-20220825,002,1795
1282.3325,1282.341,28046,36563,Eptesicus serotinus,0.008,0.022,-1,Echolocation,/mnt/ubna_data_01_mir/recover-20220825/UBNA_002/20220823_033000.WAV,Telephone Field,recover-20220825,002,1795
1282.3485,1282.3573,57265,64728,Pipistrellus pygmaeus,0.022,0.022,-1,Echolocation,/mnt/ubna_data_01_mir/recover-20220825/UBNA_002/20220823_033000.WAV,Telephone Field,recover-20220825,002,1795
1282.3585,1282.365,38359,51839,Pipistrellus nathusii,0.368,0.527,-1,Echolocation,/mnt/ubna_data_01_mir/recover-20220825/UBNA_002/20220823_033000.WAV,Telephone Field,recover-20220825,002,1795
1282.3775,1282.4119,68437,81604,Rhinolophus ferrumequinum,0.022,0.022,-1,Echolocation,/mnt/ubna_data_01_mir/recover-20220825/UBNA_002/20220823_033000.WAV,Telephone Field,recover-20220825,002,1795
1282.3825,1282.3901,28046,36399,Eptesicus serotinus,0.008,0.021,-1,Echolocation,/mnt/ubna_data_01_mir/recover-20220825/UBNA_002/20220823_033000.WAV,Telephone Field,recover-20220825,002,1795
1282.4065,1282.4226,21171,24436,Nyctalus leisleri,0.013,0.022,-1,Echolocation,/mnt/ubna_data_01_mir/recover-20220825/UBNA_002/20220823_033000.WAV,Telephone Field,recover-20220825,002,1795
1282.4195,1282.4278,27187,38069,Eptesicus serotinus,0.008,0.024,-1,Echolocation,/mnt/ubna_data_01_mir/recover-20220825/UBNA_002/20220823_033000.WAV,Telephone Field,recover-20220825,002,1795
1282.4215,1282.4295,38359,48892,Pipistrellus nathusii,0.006,0.022,-1,Echolocation,/mnt/ubna_data_01_mir/recover-20220825/UBNA_002/20220823_033000.WAV,Telephone Field,recover-20220825,002,1795
1282.4355,1282.4708,68437,81874,Rhinolophus ferrumequinum,0.021,0.021,-1,Echolocation,/mnt/ubna_data_01_mir/recover-20220825/UBNA_002/20220823_033000.WAV,Telephone Field,recover-20220825,002,1795
1282.4395,1282.4474,28046,37491,Eptesicus serotinus,0.008,0.023,-1,Echolocation,/mnt/ubna_data_01_mir/recover-20220825/UBNA_002/20220823_033000.WAV,Telephone Field,recover-20220825,002,1795
1282.4525,1282.46,49531,56234,Pipistrellus pipistrellus,0.014,0.027,-1,Echolocation,/mnt/ubna_data_01_mir/recover-20220825/UBNA_002/20220823_033000.WAV,Telephone Field,recover-20220825,002,1795
1282.4555,1282.4613,31484,70125,Myotis bechsteinii,0.025,0.052,-1,Echolocation,/mnt/ubna_data_01_mir/recover-20220825/UBNA_002/20220823_033000.WAV,Telephone Field,recover-20220825,002,1795
1282.4565,1282.4629,39218,59945,Pipistrellus nathusii,0.498,0.55,-1,Echolocation,/mnt/ubna_data_01_mir/recover-20220825/UBNA_002/20220823_033000.WAV,Telephone Field,recover-20220825,002,1795
1282.4905,1282.5258,68437,81889,Rhinolophus ferrumequinum,0.021,0.021,-1,Echolocation,/mnt/ubna_data_01_mir/recover-20220825/UBNA_002/20220823_033000.WAV,Telephone Field,recover-20220825,002,1795
1282.5255,1282.5336,28046,37937,Eptesicus serotinus,0.008,0.021,-1,Echolocation,/mnt/ubna_data_01_mir/recover-20220825/UBNA_002/20220823_033000.WAV,Telephone Field,recover-20220825,002,1795
1282.5425,1282.551,33203,39003,Barbastellus barbastellus,0.006,0.022,-1,Echolocation,/mnt/ubna_data_01_mir/recover-20220825/UBNA_002/20220823_033000.WAV,Telephone Field,recover-20220825,002,1795
1282.5445,1282.5509,27187,35567,Eptesicus serotinus,0.006,0.023,-1,Echolocation,/mnt/ubna_data_01_mir/recover-20220825/UBNA_002/20220823_033000.WAV,Telephone Field,recover-20220825,002,1795
1282.5555,1282.5626,39218,59669,Pipistrellus nathusii,0.598,0.678,-1,Echolocation,/mnt/ubna_data_01_mir/recover-20220825/UBNA_002/20220823_033000.WAV,Telephone Field,recover-20220825,002,1795
1282.5555,1282.564,52968,56545,Pipistrellus pygmaeus,0.042,0.053,-1,Echolocation,/mnt/ubna_data_01_mir/recover-20220825/UBNA_002/20220823_033000.WAV,Telephone Field,recover-20220825,002,1795
1282.5755,1282.6123,68437,81972,Rhinolophus ferrumequinum,0.027,0.027,-1,Echolocation,/mnt/ubna_data_01_mir/recover-20220825/UBNA_002/20220823_033000.WAV,Telephone Field,recover-20220825,002,1795
1282.5815,1282.5917,23750,30547,Nyctalus leisleri,0.007,0.022,-1,Echolocation,/mnt/ubna_data_01_mir/recover-20220825/UBNA_002/20220823_033000.WAV,Telephone Field,recover-20220825,002,1795
1282.5895,1282.5989,27187,36350,Eptesicus serotinus,0.01,0.023,-1,Echolocation,/mnt/ubna_data_01_mir/recover-20220825/UBNA_002/20220823_033000.WAV,Telephone Field,recover-20220825,002,1795
1282.6125,1282.622,28046,39787,Eptesicus serotinus,0.009,0.022,-1,Echolocation,/mnt/ubna_data_01_mir/recover-20220825/UBNA_002/20220823_033000.WAV,Telephone Field,recover-20220825,002,1795
1282.6475,1282.6549,50390,56636,Pipistrellus pipistrellus,0.022,0.048,-1,Echolocation,/mnt/ubna_data_01_mir/recover-20220825/UBNA_002/20220823_033000.WAV,Telephone Field,recover-20220825,002,1795
1282.6525,1282.6587,39218,64102,Pipistrellus nathusii,0.492,0.595,-1,Echolocation,/mnt/ubna_data_01_mir/recover-20220825/UBNA_002/20220823_033000.WAV,Telephone Field,recover-20220825,002,1795
1282.6605,1282.6665,26328,39982,Eptesicus serotinus,0.005,0.023,-1,Echolocation,/mnt/ubna_data_01_mir/recover-20220825/UBNA_002/20220823_033000.WAV,Telephone Field,recover-20220825,002,1795
1282.7015,1282.7087,27187,40472,Eptesicus serotinus,0.006,0.024,-1,Echolocation,/mnt/ubna_data_01_mir/recover-20220825/UBNA_002/20220823_033000.WAV,Telephone Field,recover-20220825,002,1795
1282.7285,1282.7378,35781,42759,Pipistrellus nathusii,0.006,0.021,-1,Echolocation,/mnt/ubna_data_01_mir/recover-20220825/UBNA_002/20220823_033000.WAV,Telephone Field,recover-20220825,002,1795
1282.7395,1282.7466,28046,35782,Eptesicus serotinus,0.007,0.022,-1,Echolocation,/mnt/ubna_data_01_mir/recover-20220825/UBNA_002/20220823_033000.WAV,Telephone Field,recover-20220825,002,1795
1282.7455,1282.7556,50390,55933,Pipistrellus pipistrellus,0.022,0.034,-1,Echolocation,/mnt/ubna_data_01_mir/recover-20220825/UBNA_002/20220823_033000.WAV,Telephone Field,recover-20220825,002,1795
1282.7525,1282.759,39218,59534,Pipistrellus nathusii,0.539,0.633,-1,Echolocation,/mnt/ubna_data_01_mir/recover-20220825/UBNA_002/20220823_033000.WAV,Telephone Field,recover-20220825,002,1795
1282.7565,1282.7721,16015,22959,Nyctalus noctula,0.031,0.044,-1,Echolocation,/mnt/ubna_data_01_mir/recover-20220825/UBNA_002/20220823_033000.WAV,Telephone Field,recover-20220825,002,1795
1282.7655,1282.7736,27187,39525,Eptesicus serotinus,0.009,0.024,-1,Echolocation,/mnt/ubna_data_01_mir/recover-20220825/UBNA_002/20220823_033000.WAV,Telephone Field,recover-20220825,002,1795
1282.7905,1282.8273,68437,81958,Rhinolophus ferrumequinum,0.021,0.021,-1,Echolocation,/mnt/ubna_data_01_mir/recover-20220825/UBNA_002/20220823_033000.WAV,Telephone Field,recover-20220825,002,1795
1282.8185,1282.8527,68437,81185,Rhinolophus ferrumequinum,0.021,0.021,-1,Echolocation,/mnt/ubna_data_01_mir/recover-20220825/UBNA_002/20220823_033000.WAV,Telephone Field,recover-20220825,002,1795
1282.8255,1282.8328,28046,43222,Eptesicus serotinus,0.007,0.022,-1,Echolocation,/mnt/ubna_data_01_mir/recover-20220825/UBNA_002/20220823_033000.WAV,Telephone Field,recover-20220825,002,1795
1282.8455,1282.8818,68437,81876,Rhinolophus ferrumequinum,0.022,0.022,-1,Echolocation,/mnt/ubna_data_01_mir/recover-20220825/UBNA_002/20220823_033000.WAV,Telephone Field,recover-20220825,002,1795
1282.8465,1282.8585,40937,46019,Pipistrellus nathusii,0.028,0.038,-1,Echolocation,/mnt/ubna_data_01_mir/recover-20220825/UBNA_002/20220823_033000.WAV,Telephone Field,recover-20220825,002,1795
1282.8735,1282.8792,33203,61311,Myotis brandtii,0.013,0.026,-1,Echolocation,/mnt/ubna_data_01_mir/recover-20220825/UBNA_002/20220823_033000.WAV,Telephone Field,recover-20220825,002,1795
1282.8765,1282.8837,41796,62569,Pipistrellus nathusii,0.668,0.697,-1,Echolocation,/mnt/ubna_data_01_mir/recover-20220825/UBNA_002/20220823_033000.WAV,Telephone Field,recover-20220825,002,1795
1282.8855,1282.8939,40937,51483,Pipistrellus nathusii,0.02,0.036,-1,Echolocation,/mnt/ubna_data_01_mir/recover-20220825/UBNA_002/20220823_033000.WAV,Telephone Field,recover-20220825,002,1795
1282.8965,1282.9323,68437,82043,Rhinolophus ferrumequinum,0.022,0.022,-1,Echolocation,/mnt/ubna_data_01_mir/recover-20220825/UBNA_002/20220823_033000.WAV,Telephone Field,recover-20220825,002,1795
1282.9225,1282.9609,68437,81847,Rhinolophus ferrumequinum,0.021,0.021,-1,Echolocation,/mnt/ubna_data_01_mir/recover-20220825/UBNA_002/20220823_033000.WAV,Telephone Field,recover-20220825,002,1795
1282.9475,1282.9535,28046,38340,Plecotus auritus,0.005,0.021,-1,Echolocation,/mnt/ubna_data_01_mir/recover-20220825/UBNA_002/20220823_033000.WAV,Telephone Field,recover-20220825,002,1795
1282.9605,1282.9681,49531,55731,Pipistrellus pipistrellus,0.016,0.031,-1,Echolocation,/mnt/ubna_data_01_mir/recover-20220825/UBNA_002/20220823_033000.WAV,Telephone Field,recover-20220825,002,1795
1282.9615,1282.9677,30625,71398,Myotis bechsteinii,0.028,0.053,-1,Echolocation,/mnt/ubna_data_01_mir/recover-20220825/UBNA_002/20220823_033000.WAV,Telephone Field,recover-20220825,002,1795
1282.9625,1282.9698,38359,64154,Pipistrellus nathusii,0.43,0.529,-1,Echolocation,/mnt/ubna_data_01_mir/recover-20220825/UBNA_002/20220823_033000.WAV,Telephone Field,recover-20220825,002,1795
1282.9725,1282.9792,27187,45678,Eptesicus serotinus,0.006,0.022,-1,Echolocation,/mnt/ubna_data_01_mir/recover-20220825/UBNA_002/20220823_033000.WAV,Telephone Field,recover-20220825,002,1795
1282.9755,1283.0081,68437,80764,Rhinolophus ferrumequinum,0.021,0.021,-1,Echolocation,/mnt/ubna_data_01_mir/recover-20220825/UBNA_002/20220823_033000.WAV,Telephone Field,recover-20220825,002,1795
1283.0175,1283.0273,55546,62839,Pipistrellus pygmaeus,0.038,0.039,-1,Echolocation,/mnt/ubna_data_01_mir/recover-20220825/UBNA_002/20220823_033000.WAV,Telephone Field,recover-20220825,002,1795
1283.0195,1283.0528,68437,81691,Rhinolophus ferrumequinum,0.021,0.022,-1,Echolocation,/mnt/ubna_data_01_mir/recover-20220825/UBNA_002/20220823_033000.WAV,Telephone Field,recover-20220825,002,1795
1283.0295,1283.0675,68437,82498,Rhinolophus ferrumequinum,0.025,0.025,-1,Echolocation,/mnt/ubna_data_01_mir/recover-20220825/UBNA_002/20220823_033000.WAV,Telephone Field,recover-20220825,002,1795
1283.0445,1283.0547,24609,28830,Nyctalus leisleri,0.012,0.024,-1,Echolocation,/mnt/ubna_data_01_mir/recover-20220825/UBNA_002/20220823_033000.WAV,Telephone Field,recover-20220825,002,1795
1283.0525,1283.0593,52109,57189,Pipistrellus pygmaeus,0.035,0.048,-1,Echolocation,/mnt/ubna_data_01_mir/recover-20220825/UBNA_002/20220823_033000.WAV,Telephone Field,recover-20220825,002,1795
1283.0555,1283.061,28906,78316,Myotis bechsteinii,0.045,0.1,-1,Echolocation,/mnt/ubna_data_01_mir/recover-20220825/UBNA_002/20220823_033000.WAV,Telephone Field,recover-20220825,002,1795
1283.0555,1283.0619,37500,63634,Pipistrellus nathusii,0.422,0.511,-1,Echolocation,/mnt/ubna_data_01_mir/recover-20220825/UBNA_002/20220823_033000.WAV,Telephone Field,recover-20220825,002,1795
1283.0675,1283.1008,68437,81535,Rhinolophus ferrumequinum,0.024,0.024,-1,Echolocation,/mnt/ubna_data_01_mir/recover-20220825/UBNA_002/20220823_033000.WAV,Telephone Field,recover-20220825,002,1795
1283.0945,1283.1327,68437,82756,Rhinolophus ferrumequinum,0.025,0.025,-1,Echolocation,/mnt/ubna_data_01_mir/recover-20220825/UBNA_002/20220823_033000.WAV,Telephone Field,recover-20220825,002,1795
1283.1205,1283.1278,25468,35525,Plecotus auritus,0.006,0.022,-1,Echolocation,/mnt/ubna_data_01_mir/recover-20220825/UBNA_002/20220823_033000.WAV,Telephone Field,recover-20220825,002,1795
1283.1245,1283.1602,68437,82417,Rhinolophus ferrumequinum,0.021,0.021,-1,Echolocation,/mnt/ubna_data_01_mir/recover-20220825/UBNA_002/20220823_033000.WAV,Telephone Field,recover-20220825,002,1795
1283.1265,1283.1338,27187,39687,Eptesicus serotinus,0.006,0.021,-1,Echolocation,/mnt/ubna_data_01_mir/recover-20220825/UBNA_002/20220823_033000.WAV,Telephone Field,recover-20220825,002,1795
1283.1295,1283.1639,68437,81748,Rhinolophus ferrumequinum,0.021,0.021,-1,Echolocation,/mnt/ubna_data_01_mir/recover-20220825/UBNA_002/20220823_033000.WAV,Telephone Field,recover-20220825,002,1795
1283.1455,1283.1514,31484,72411,Myotis bechsteinii,0.03,0.069,-1,Echolocation,/mnt/ubna_data_01_mir/recover-20220825/UBNA_002/20220823_033000.WAV,Telephone Field,recover-20220825,002,1795
1283.1465,1283.1539,38359,66249,Pipistrellus nathusii,0.45,0.567,-1,Echolocation,/mnt/ubna_data_01_mir/recover-20220825/UBNA_002/20220823_033000.WAV,Telephone Field,recover-20220825,002,1795
1283.1475,1283.1558,52968,58432,Pipistrellus pygmaeus,0.125,0.136,-1,Echolocation,/mnt/ubna_data_01_mir/recover-20220825/UBNA_002/20220823_033000.WAV,Telephone Field,recover-20220825,002,1795
1283.1575,1283.1644000000001,34062,54888,Myotis brandtii,0.01,0.022,-1,Echolocation,/mnt/ubna_data_01_mir/recover-20220825/UBNA_002/20220823_033000.WAV,Telephone Field,recover-20220825,002,1795
1283.2025,1283.239,68437,82127,Rhinolophus ferrumequinum,0.022,0.022,-1,Echolocation,/mnt/ubna_data_01_mir/recover-20220825/UBNA_002/20220823_033000.WAV,Telephone Field,recover-20220825,002,1795
1283.2275,1283.2334,28046,37266,Eptesicus serotinus,0.005,0.022,-1,Echolocation,/mnt/ubna_data_01_mir/recover-20220825/UBNA_002/20220823_033000.WAV,Telephone Field,recover-20220825,002,1795
1283.2375,1283.244,30625,75415,Myotis bechsteinii,0.038,0.079,-1,Echolocation,/mnt/ubna_data_01_mir/recover-20220825/UBNA_002/20220823_033000.WAV,Telephone Field,recover-20220825,002,1795
1283.2385,1283.2452,37500,65949,Pipistrellus nathusii,0.379,0.516,-1,Echolocation,/mnt/ubna_data_01_mir/recover-20220825/UBNA_002/20220823_033000.WAV,Telephone Field,recover-20220825,002,1795
1283.2405,1283.247,49531,55234,Pipistrellus pipistrellus,0.021,0.039,-1,Echolocation,/mnt/ubna_data_01_mir/recover-20220825/UBNA_002/20220823_033000.WAV,Telephone Field,recover-20220825,002,1795
1283.2505,1283.2565,34921,57394,Myotis brandtii,0.018,0.032,-1,Echolocation,/mnt/ubna_data_01_mir/recover-20220825/UBNA_002/20220823_033000.WAV,Telephone Field,recover-20220825,002,1795
1283.3295,1283.3369,39218,70073,Pipistrellus nathusii,0.406,0.528,-1,Echolocation,/mnt/ubna_data_01_mir/recover-20220825/UBNA_002/20220823_033000.WAV,Telephone Field,recover-20220825,002,1795
1283.3315,1283.3386,49531,57799,Pipistrellus pipistrellus,0.017,0.03,-1,Echolocation,/mnt/ubna_data_01_mir/recover-20220825/UBNA_002/20220823_033000.WAV,Telephone Field,recover-20220825,002,1795
1283.3405,1283.3723,68437,80668,Rhinolophus ferrumequinum,0.022,0.022,-1,Echolocation,/mnt/ubna_data_01_mir/recover-20220825/UBNA_002/20220823_033000.WAV,Telephone Field,recover-20220825,002,1795
1283.3425,1283.3489,34062,56062,Myotis brandtii,0.012,0.03,-1,Echolocation,/mnt/ubna_data_01_mir/recover-20220825/UBNA_002/20220823_033000.WAV,Telephone Field,recover-20220825,002,1795
1283.3725,1283.3806,28046,41006,Eptesicus serotinus,0.008,0.021,-1,Echolocation,/mnt/ubna_data_01_mir/recover-20220825/UBNA_002/20220823_033000.WAV,Telephone Field,recover-20220825,002,1795
1283.4115,1283.4191,28906,34789,Eptesicus serotinus,0.008,0.026,-1,Echolocation,/mnt/ubna_data_01_mir/recover-20220825/UBNA_002/20220823_033000.WAV,Telephone Field,recover-20220825,002,1795
1283.4195,1283.4269,49531,58624,Pipistrellus pipistrellus,0.021,0.049,-1,Echolocation,/mnt/ubna_data_01_mir/recover-20220825/UBNA_002/20220823_033000.WAV,Telephone Field,recover-20220825,002,1795
1283.4235,1283.4306,40078,66448,Pipistrellus nathusii,0.309,0.446,-1,Echolocation,/mnt/ubna_data_01_mir/recover-20220825/UBNA_002/20220823_033000.WAV,Telephone Field,recover-20220825,002,1795
1283.4245,1283.4296,28906,79853,Myotis bechsteinii,0.071,0.123,-1,Echolocation,/mnt/ubna_data_01_mir/recover-20220825/UBNA_002/20220823_033000.WAV,Telephone Field,recover-20220825,002,1795
1283.4335,1283.4397,31484,44377,Myotis daubentonii,0.012,0.03,-1,Echolocation,/mnt/ubna_data_01_mir/recover-20220825/UBNA_002/20220823_033000.WAV,Telephone Field,recover-20220825,002,1795
1283.4485,1283.4576,28046,37692,Eptesicus serotinus,0.012,0.029,-1,Echolocation,/mnt/ubna_data_01_mir/recover-20220825/UBNA_002/20220823_033000.WAV,Telephone Field,recover-20220825,002,1795
1283.4685,1283.4782,28906,37013,Eptesicus serotinus,0.01,0.021,-1,Echolocation,/mnt/ubna_data_01_mir/recover-20220825/UBNA_002/20220823_033000.WAV,Telephone Field,recover-20220825,002,1795
1283.5035,1283.5113,28046,40909,Eptesicus serotinus,0.009,0.023,-1,Echolocation,/mnt/ubna_data_01_mir/recover-20220825/UBNA_002/20220823_033000.WAV,Telephone Field,recover-20220825,002,1795
1283.5185,1283.5257,47812,56875,Pipistrellus pipistrellus,0.023,0.034,-1,Echolocation,/mnt/ubna_data_01_mir/recover-20220825/UBNA_002/20220823_033000.WAV,Telephone Field,recover-20220825,002,1795
1283.5215,1283.5347,56406,64952,Pipistrellus pygmaeus,0.021,0.022,-1,Echolocation,/mnt/ubna_data_01_mir/recover-20220825/UBNA_002/20220823_033000.WAV,Telephone Field,recover-20220825,002,1795
1283.5255,1283.5326,37500,60894,Pipistrellus nathusii,0.436,0.544,-1,Echolocation,/mnt/ubna_data_01_mir/recover-20220825/UBNA_002/20220823_033000.WAV,Telephone Field,recover-20220825,002,1795
1283.5485,1283.5874,68437,82780,Rhinolophus ferrumequinum,0.033,0.033,-1,Echolocation,/mnt/ubna_data_01_mir/recover-20220825/UBNA_002/20220823_033000.WAV,Telephone Field,recover-20220825,002,1795
1283.5705,1283.5769,49531,56050,Pipistrellus pipistrellus,0.018,0.022,-1,Echolocation,/mnt/ubna_data_01_mir/recover-20220825/UBNA_002/20220823_033000.WAV,Telephone Field,recover-20220825,002,1795
1283.5865,1283.5958,27187,34546,Eptesicus serotinus,0.013,0.026,-1,Echolocation,/mnt/ubna_data_01_mir/recover-20220825/UBNA_002/20220823_033000.WAV,Telephone Field,recover-20220825,002,1795
1283.5975,1283.6345,68437,81699,Rhinolophus ferrumequinum,0.021,0.022,-1,Echolocation,/mnt/ubna_data_01_mir/recover-20220825/UBNA_002/20220823_033000.WAV,Telephone Field,recover-20220825,002,1795
1283.6225,1283.6296,36640,68212,Pipistrellus nathusii,0.278,0.375,-1,Echolocation,/mnt/ubna_data_01_mir/recover-20220825/UBNA_002/20220823_033000.WAV,Telephone Field,recover-20220825,002,1795
1283.6245,1283.6309,51250,59237,Pipistrellus pipistrellus,0.02,0.037,-1,Echolocation,/mnt/ubna_data_01_mir/recover-20220825/UBNA_002/20220823_033000.WAV,Telephone Field,recover-20220825,002,1795
1283.6315,1283.6397,39218,49007,Pipistrellus nathusii,0.016,0.031,-1,Echolocation,/mnt/ubna_data_01_mir/recover-20220825/UBNA_002/20220823_033000.WAV,Telephone Field,recover-20220825,002,1795
1283.6325,1283.6378,32343,44344,Myotis daubentonii,0.011,0.026,-1,Echolocation,/mnt/ubna_data_01_mir/recover-20220825/UBNA_002/20220823_033000.WAV,Telephone Field,recover-20220825,002,1795
1283.6335,1283.6397,27187,37173,Eptesicus serotinus,0.005,0.024,-1,Echolocation,/mnt/ubna_data_01_mir/recover-20220825/UBNA_002/20220823_033000.WAV,Telephone Field,recover-20220825,002,1795
1283.6765,1283.6864,25468,31567,Eptesicus serotinus,0.008,0.022,-1,Echolocation,/mnt/ubna_data_01_mir/recover-20220825/UBNA_002/20220823_033000.WAV,Telephone Field,recover-20220825,002,1795
1283.7205,1283.7278,49531,56791,Pipistrellus pipistrellus,0.021,0.045,-1,Echolocation,/mnt/ubna_data_01_mir/recover-20220825/UBNA_002/20220823_033000.WAV,Telephone Field,recover-20220825,002,1795
1283.7255,1283.7324,38359,64978,Pipistrellus nathusii,0.428,0.516,-1,Echolocation,/mnt/ubna_data_01_mir/recover-20220825/UBNA_002/20220823_033000.WAV,Telephone Field,recover-20220825,002,1795
1283.7265,1283.733,50390,58300,Pipistrellus pipistrellus,0.027,0.049,-1,Echolocation,/mnt/ubna_data_01_mir/recover-20220825/UBNA_002/20220823_033000.WAV,Telephone Field,recover-20220825,002,1795
1283.7365,1283.7447,40937,52713,Pipistrellus nathusii,0.026,0.039,-1,Echolocation,/mnt/ubna_data_01_mir/recover-20220825/UBNA_002/20220823_033000.WAV,Telephone Field,recover-20220825,002,1795
1283.7375,1283.744,32343,59270,Myotis brandtii,0.012,0.027,-1,Echolocation,/mnt/ubna_data_01_mir/recover-20220825/UBNA_002/20220823_033000.WAV,Telephone Field,recover-20220825,002,1795
1283.8195,1283.8261,40078,69051,Pipistrellus nathusii,0.447,0.506,-1,Echolocation,/mnt/ubna_data_01_mir/recover-20220825/UBNA_002/20220823_033000.WAV,Telephone Field,recover-20220825,002,1795
1283.8195,1283.8254,30625,76758,Myotis brandtii,0.037,0.083,-1,Echolocation,/mnt/ubna_data_01_mir/recover-20220825/UBNA_002/20220823_033000.WAV,Telephone Field,recover-20220825,002,1795
1283.8195,1283.8264,47812,57861,Pipistrellus pipistrellus,0.043,0.085,-1,Echolocation,/mnt/ubna_data_01_mir/recover-20220825/UBNA_002/20220823_033000.WAV,Telephone Field,recover-20220825,002,1795
1283.8295,1283.8354,30625,48478,Myotis daubentonii,0.011,0.025,-1,Echolocation,/mnt/ubna_data_01_mir/recover-20220825/UBNA_002/20220823_033000.WAV,Telephone Field,recover-20220825,002,1795
1283.8305,1283.8388,40937,52465,Pipistrellus nathusii,0.028,0.039,-1,Echolocation,/mnt/ubna_data_01_mir/recover-20220825/UBNA_002/20220823_033000.WAV,Telephone Field,recover-20220825,002,1795
1283.9095,1283.9168,39218,73263,Pipistrellus nathusii,0.527,0.581,-1,Echolocation,/mnt/ubna_data_01_mir/recover-20220825/UBNA_002/20220823_033000.WAV,Telephone Field,recover-20220825,002,1795
1283.9095,1283.9243,19453,27853,Nyctalus noctula,0.012,0.029,-1,Echolocation,/mnt/ubna_data_01_mir/recover-20220825/UBNA_002/20220823_033000.WAV,Telephone Field,recover-20220825,002,1795
1283.9115,1283.9185,51250,60154,Pipistrellus pygmaeus,0.014,0.028,-1,Echolocation,/mnt/ubna_data_01_mir/recover-20220825/UBNA_002/20220823_033000.WAV,Telephone Field,recover-20220825,002,1795
1283.9175,1283.9239,39218,54833,Pipistrellus nathusii,0.03,0.059,-1,Echolocation,/mnt/ubna_data_01_mir/recover-20220825/UBNA_002/20220823_033000.WAV,Telephone Field,recover-20220825,002,1795
1283.9225,1283.9294,39218,55970,Pipistrellus nathusii,0.033,0.063,-1,Echolocation,/mnt/ubna_data_01_mir/recover-20220825/UBNA_002/20220823_033000.WAV,Telephone Field,recover-20220825,002,1795
1283.9805,1283.9895,26328,35708,Eptesicus serotinus,0.008,0.022,-1,Echolocation,/mnt/ubna_data_01_mir/recover-20220825/UBNA_002/20220823_033000.WAV,Telephone Field,recover-20220825,002,1795
1284.0015,1284.0314,68437,80577,Rhinolophus ferrumequinum,0.024,0.024,-1,Echolocation,/mnt/ubna_data_01_mir/recover-20220825/UBNA_002/20220823_033000.WAV,Telephone Field,recover-20220825,002,1795
1284.0015,1284.0115,25468,35291,Nyctalus leisleri,0.013,0.036,-1,Echolocation,/mnt/ubna_data_01_mir/recover-20220825/UBNA_002/20220823_033000.WAV,Telephone Field,recover-20220825,002,1795
1284.0015,1284.0139,47812,53494,Pipistrellus pipistrellus,0.027,0.036,-1,Echolocation,/mnt/ubna_data_01_mir/recover-20220825/UBNA_002/20220823_033000.WAV,Telephone Field,recover-20220825,002,1795
1284.0015,1284.0201,62421,71505,Pipistrellus pygmaeus,0.026,0.028,-1,Echolocation,/mnt/ubna_data_01_mir/recover-20220825/UBNA_002/20220823_033000.WAV,Telephone Field,recover-20220825,002,1795
1284.0235,1284.0644,68437,82427,Rhinolophus ferrumequinum,0.023,0.023,-1,Echolocation,/mnt/ubna_data_01_mir/recover-20220825/UBNA_002/20220823_033000.WAV,Telephone Field,recover-20220825,002,1795
1284.0465,1284.0582,28906,35574,Eptesicus serotinus,0.014,0.026,-1,Echolocation,/mnt/ubna_data_01_mir/recover-20220825/UBNA_002/20220823_033000.WAV,Telephone Field,recover-20220825,002,1795
1284.0605,1284.0679,28906,36264,Eptesicus serotinus,0.007,0.025,-1,Echolocation,/mnt/ubna_data_01_mir/recover-20220825/UBNA_002/20220823_033000.WAV,Telephone Field,recover-20220825,002,1795
1284.0735,1284.0795,40937,70466,Pipistrellus nathusii,0.097,0.193,-1,Echolocation,/mnt/ubna_data_01_mir/recover-20220825/UBNA_002/20220823_033000.WAV,Telephone Field,recover-20220825,002,1795
1284.0745,1284.0811,33203,83817,Myotis brandtii,0.211,0.277,-1,Echolocation,/mnt/ubna_data_01_mir/recover-20220825/UBNA_002/20220823_033000.WAV,Telephone Field,recover-20220825,002,1795
1284.0755,1284.0863,53828,62469,Pipistrellus pygmaeus,0.017,0.023,-1,Echolocation,/mnt/ubna_data_01_mir/recover-20220825/UBNA_002/20220823_033000.WAV,Telephone Field,recover-20220825,002,1795
1284.0755,1284.0849,58125,66317,Pipistrellus pygmaeus,0.023,0.024,-1,Echolocation,/mnt/ubna_data_01_mir/recover-20220825/UBNA_002/20220823_033000.WAV,Telephone Field,recover-20220825,002,1795
1284.0875,1284.0935,32343,57924,Myotis brandtii,0.017,0.038,-1,Echolocation,/mnt/ubna_data_01_mir/recover-20220825/UBNA_002/20220823_033000.WAV,Telephone Field,recover-20220825,002,1795
1284.1635,1284.1704,48671,56871,Pipistrellus pipistrellus,0.054,0.1,-1,Echolocation,/mnt/ubna_data_01_mir/recover-20220825/UBNA_002/20220823_033000.WAV,Telephone Field,recover-20220825,002,1795
1284.1645,1284.1707,38359,68209,Pipistrellus nathusii,0.324,0.49,-1,Echolocation,/mnt/ubna_data_01_mir/recover-20220825/UBNA_002/20220823_033000.WAV,Telephone Field,recover-20220825,002,1795
1284.1735,1284.1792,34921,54521,Myotis brandtii,0.011,0.024,-1,Echolocation,/mnt/ubna_data_01_mir/recover-20220825/UBNA_002/20220823_033000.WAV,Telephone Field,recover-20220825,002,1795
1284.2225,1284.262,68437,81874,Rhinolophus ferrumequinum,0.023,0.023,-1,Echolocation,/mnt/ubna_data_01_mir/recover-20220825/UBNA_002/20220823_033000.WAV,Telephone Field,recover-20220825,002,1795
1284.2285,1284.2708,68437,82022,Rhinolophus ferrumequinum,0.023,0.023,-1,Echolocation,/mnt/ubna_data_01_mir/recover-20220825/UBNA_002/20220823_033000.WAV,Telephone Field,recover-20220825,002,1795
1284.2365,1284.2461,22890,27705,Nyctalus leisleri,0.009,0.023,-1,Echolocation,/mnt/ubna_data_01_mir/recover-20220825/UBNA_002/20220823_033000.WAV,Telephone Field,recover-20220825,002,1795
1284.2495,1284.2608,48671,52945,Pipistrellus pipistrellus,0.036,0.059,-1,Echolocation,/mnt/ubna_data_01_mir/recover-20220825/UBNA_002/20220823_033000.WAV,Telephone Field,recover-20220825,002,1795
1284.2525,1284.2585,38359,66365,Pipistrellus nathusii,0.172,0.41,-1,Echolocation,/mnt/ubna_data_01_mir/recover-20220825/UBNA_002/20220823_033000.WAV,Telephone Field,recover-20220825,002,1795
1284.2535,1284.2592,28046,88463,Myotis bechsteinii,0.079,0.136,-1,Echolocation,/mnt/ubna_data_01_mir/recover-20220825/UBNA_002/20220823_033000.WAV,Telephone Field,recover-20220825,002,1795
1284.2805,1284.2917,22890,28509,Nyctalus leisleri,0.012,0.028,-1,Echolocation,/mnt/ubna_data_01_mir/recover-20220825/UBNA_002/20220823_033000.WAV,Telephone Field,recover-20220825,002,1795
1284.3185,1284.3255,50390,57479,Pipistrellus pipistrellus,0.026,0.031,-1,Echolocation,/mnt/ubna_data_01_mir/recover-20220825/UBNA_002/20220823_033000.WAV,Telephone Field,recover-20220825,002,1795
1284.3195,1284.3289,23750,31200,Nyctalus leisleri,0.006,0.023,-1,Echolocation,/mnt/ubna_data_01_mir/recover-20220825/UBNA_002/20220823_033000.WAV,Telephone Field,recover-20220825,002,1795
1284.3395,1284.3464,28046,37215,Eptesicus serotinus,0.008,0.026,-1,Echolocation,/mnt/ubna_data_01_mir/recover-20220825/UBNA_002/20220823_033000.WAV,Telephone Field,recover-20220825,002,1795
1284.3525,1284.3583,39218,59733,Myotis brandtii,0.146,0.388,-1,Echolocation,/mnt/ubna_data_01_mir/recover-20220825/UBNA_002/20220823_033000.WAV,Telephone Field,recover-20220825,002,1795
1284.3675,1284.405,68437,81936,Rhinolophus ferrumequinum,0.025,0.025,-1,Echolocation,/mnt/ubna_data_01_mir/recover-20220825/UBNA_002/20220823_033000.WAV,Telephone Field,recover-20220825,002,1795
1284.4115,1284.4176,40078,53851,Pipistrellus nathusii,0.159,0.33,-1,Echolocation,/mnt/ubna_data_01_mir/recover-20220825/UBNA_002/20220823_033000.WAV,Telephone Field,recover-20220825,002,1795
1284.4275,1284.4635,68437,80772,Rhinolophus ferrumequinum,0.024,0.024,-1,Echolocation,/mnt/ubna_data_01_mir/recover-20220825/UBNA_002/20220823_033000.WAV,Telephone Field,recover-20220825,002,1795
1284.4455,1284.4789,68437,81161,Rhinolophus ferrumequinum,0.023,0.023,-1,Echolocation,/mnt/ubna_data_01_mir/recover-20220825/UBNA_002/20220823_033000.WAV,Telephone Field,recover-20220825,002,1795
1284.5085,1284.516,28046,35816,Eptesicus serotinus,0.007,0.025,-1,Echolocation,/mnt/ubna_data_01_mir/recover-20220825/UBNA_002/20220823_033000.WAV,Telephone Field,recover-20220825,002,1795
1284.5185,1284.5258,48671,56357,Pipistrellus pipistrellus,0.025,0.049,-1,Echolocation,/mnt/ubna_data_01_mir/recover-20220825/UBNA_002/20220823_033000.WAV,Telephone Field,recover-20220825,002,1795
1284.5195,1284.5256,39218,67931,Myotis brandtii,0.187,0.482,-1,Echolocation,/mnt/ubna_data_01_mir/recover-20220825/UBNA_002/20220823_033000.WAV,Telephone Field,recover-20220825,002,1795
1284.5285,1284.5345,36640,51838,Myotis daubentonii,0.011,0.025,-1,Echolocation,/mnt/ubna_data_01_mir/recover-20220825/UBNA_002/20220823_033000.WAV,Telephone Field,recover-20220825,002,1795
1284.5375,1284.5783,68437,82696,Rhinolophus ferrumequinum,0.027,0.027,-1,Echolocation,/mnt/ubna_data_01_mir/recover-20220825/UBNA_002/20220823_033000.WAV,Telephone Field,recover-20220825,002,1795
1284.5875,1284.5963,26328,37718,Eptesicus serotinus,0.008,0.023,-1,Echolocation,/mnt/ubna_data_01_mir/recover-20220825/UBNA_002/20220823_033000.WAV,Telephone Field,recover-20220825,002,1795
1284.6165,1284.6219,37500,56688,Myotis brandtii,0.179,0.436,-1,Echolocation,/mnt/ubna_data_01_mir/recover-20220825/UBNA_002/20220823_033000.WAV,Telephone Field,recover-20220825,002,1795
1284.6255,1284.6325,27187,37576,Eptesicus serotinus,0.006,0.024,-1,Echolocation,/mnt/ubna_data_01_mir/recover-20220825/UBNA_002/20220823_033000.WAV,Telephone Field,recover-20220825,002,1795
1284.6995,1284.7096,23750,28826,Nyctalus leisleri,0.01,0.022,-1,Echolocation,/mnt/ubna_data_01_mir/recover-20220825/UBNA_002/20220823_033000.WAV,Telephone Field,recover-20220825,002,1795
1284.7115,1284.7181,39218,63681,Pipistrellus nathusii,0.135,0.41,-1,Echolocation,/mnt/ubna_data_01_mir/recover-20220825/UBNA_002/20220823_033000.WAV,Telephone Field,recover-20220825,002,1795
1284.7535,1284.7637,25468,33869,Eptesicus serotinus,0.014,0.03,-1,Echolocation,/mnt/ubna_data_01_mir/recover-20220825/UBNA_002/20220823_033000.WAV,Telephone Field,recover-20220825,002,1795
1284.7945,1284.8028,28046,35328,Eptesicus serotinus,0.009,0.023,-1,Echolocation,/mnt/ubna_data_01_mir/recover-20220825/UBNA_002/20220823_033000.WAV,Telephone Field,recover-20220825,002,1795
1284.8055,1284.8186,50390,56300,Pipistrellus pipistrellus,0.019,0.032,-1,Echolocation,/mnt/ubna_data_01_mir/recover-20220825/UBNA_002/20220823_033000.WAV,Telephone Field,recover-20220825,002,1795
1284.8095,1284.815,39218,60773,Myotis brandtii,0.125,0.35,-1,Echolocation,/mnt/ubna_data_01_mir/recover-20220825/UBNA_002/20220823_033000.WAV,Telephone Field,recover-20220825,002,1795
1284.8175,1284.8255,27187,40685,Eptesicus serotinus,0.008,0.025,-1,Echolocation,/mnt/ubna_data_01_mir/recover-20220825/UBNA_002/20220823_033000.WAV,Telephone Field,recover-20220825,002,1795
1284.8215,1284.8278,34062,59472,Myotis brandtii,0.011,0.026,-1,Echolocation,/mnt/ubna_data_01_mir/recover-20220825/UBNA_002/20220823_033000.WAV,Telephone Field,recover-20220825,002,1795
1284.8545,1284.8651,28046,35793,Eptesicus serotinus,0.011,0.025,-1,Echolocation,/mnt/ubna_data_01_mir/recover-20220825/UBNA_002/20220823_033000.WAV,Telephone Field,recover-20220825,002,1795
1284.8555,1284.8645,47812,53422,Pipistrellus pipistrellus,0.042,0.046,-1,Echolocation,/mnt/ubna_data_01_mir/recover-20220825/UBNA_002/20220823_033000.WAV,Telephone Field,recover-20220825,002,1795
1284.9025,1284.9083,39218,64172,Myotis brandtii,0.146,0.367,-1,Echolocation,/mnt/ubna_data_01_mir/recover-20220825/UBNA_002/20220823_033000.WAV,Telephone Field,recover-20220825,002,1795
1284.9115,1284.9176,34921,47865,Myotis daubentonii,0.01,0.023,-1,Echolocation,/mnt/ubna_data_01_mir/recover-20220825/UBNA_002/20220823_033000.WAV,Telephone Field,recover-20220825,002,1795
1284.9265,1284.9393,22890,26690,Nyctalus leisleri,0.02,0.037,-1,Echolocation,/mnt/ubna_data_01_mir/recover-20220825/UBNA_002/20220823_033000.WAV,Telephone Field,recover-20220825,002,1795
1284.9325,1284.9757,68437,82740,Rhinolophus ferrumequinum,0.024,0.024,-1,Echolocation,/mnt/ubna_data_01_mir/recover-20220825/UBNA_002/20220823_033000.WAV,Telephone Field,recover-20220825,002,1795
1284.9995,1285.0054,40078,67901,Myotis brandtii,0.171,0.433,-1,Echolocation,/mnt/ubna_data_01_mir/recover-20220825/UBNA_002/20220823_033000.WAV,Telephone Field,recover-20220825,002,1795
1285.0585,1285.0668,28046,39747,Eptesicus serotinus,0.008,0.024,-1,Echolocation,/mnt/ubna_data_01_mir/recover-20220825/UBNA_002/20220823_033000.WAV,Telephone Field,recover-20220825,002,1795
1285.0825,1285.0887,40078,71787,Myotis brandtii,0.215,0.436,-1,Echolocation,/mnt/ubna_data_01_mir/recover-20220825/UBNA_002/20220823_033000.WAV,Telephone Field,recover-20220825,002,1795
1285.0835,1285.0916,52109,57187,Pipistrellus pygmaeus,0.027,0.031,-1,Echolocation,/mnt/ubna_data_01_mir/recover-20220825/UBNA_002/20220823_033000.WAV,Telephone Field,recover-20220825,002,1795
1285.1465,1285.1586,22890,27663,Nyctalus leisleri,0.01,0.023,-1,Echolocation,/mnt/ubna_data_01_mir/recover-20220825/UBNA_002/20220823_033000.WAV,Telephone Field,recover-20220825,002,1795
1285.1565,1285.1628,41796,59670,Pipistrellus nathusii,0.318,0.559,-1,Echolocation,/mnt/ubna_data_01_mir/recover-20220825/UBNA_002/20220823_033000.WAV,Telephone Field,recover-20220825,002,1795
1285.1685,1285.1781,28046,34411,Eptesicus serotinus,0.008,0.022,-1,Echolocation,/mnt/ubna_data_01_mir/recover-20220825/UBNA_002/20220823_033000.WAV,Telephone Field,recover-20220825,002,1795
1285.2115,1285.2184,28046,38804,Eptesicus serotinus,0.007,0.025,-1,Echolocation,/mnt/ubna_data_01_mir/recover-20220825/UBNA_002/20220823_033000.WAV,Telephone Field,recover-20220825,002,1795
1285.2355,1285.2432,41796,49386,Pipistrellus nathusii,0.324,0.467,-1,Echolocation,/mnt/ubna_data_01_mir/recover-20220825/UBNA_002/20220823_033000.WAV,Telephone Field,recover-20220825,002,1795
1285.2365,1285.2422,29765,75010,Myotis brandtii,0.031,0.067,-1,Echolocation,/mnt/ubna_data_01_mir/recover-20220825/UBNA_002/20220823_033000.WAV,Telephone Field,recover-20220825,002,1795
1285.2785,1285.2872,28046,36833,Eptesicus serotinus,0.009,0.024,-1,Echolocation,/mnt/ubna_data_01_mir/recover-20220825/UBNA_002/20220823_033000.WAV,Telephone Field,recover-20220825,002,1795
1285.2975,1285.3058,41796,47938,Pipistrellus nathusii,0.203,0.294,-1,Echolocation,/mnt/ubna_data_01_mir/recover-20220825/UBNA_002/20220823_033000.WAV,Telephone Field,recover-20220825,002,1795
1285.3205,1285.3291,48671,53181,Pipistrellus pipistrellus,0.031,0.035,-1,Echolocation,/mnt/ubna_data_01_mir/recover-20220825/UBNA_002/20220823_033000.WAV,Telephone Field,recover-20220825,002,1795
1285.3335,1285.3739,68437,82579,Rhinolophus ferrumequinum,0.026,0.026,-1,Echolocation,/mnt/ubna_data_01_mir/recover-20220825/UBNA_002/20220823_033000.WAV,Telephone Field,recover-20220825,002,1795
1285.3485,1285.3592,27187,34046,Eptesicus serotinus,0.012,0.027,-1,Echolocation,/mnt/ubna_data_01_mir/recover-20220825/UBNA_002/20220823_033000.WAV,Telephone Field,recover-20220825,002,1795
1285.3535,1285.3596,33203,60187,Myotis brandtii,0.011,0.025,-1,Echolocation,/mnt/ubna_data_01_mir/recover-20220825/UBNA_002/20220823_033000.WAV,Telephone Field,recover-20220825,002,1795
1285.3535,1285.3629,43515,53324,Pipistrellus nathusii,0.081,0.123,-1,Echolocation,/mnt/ubna_data_01_mir/recover-20220825/UBNA_002/20220823_033000.WAV,Telephone Field,recover-20220825,002,1795
1285.3995,1285.4183,18593,22642,Nyctalus noctula,0.015,0.024,-1,Echolocation,/mnt/ubna_data_01_mir/recover-20220825/UBNA_002/20220823_033000.WAV,Telephone Field,recover-20220825,002,1795
1285.4125,1285.4179,32343,48582,Myotis daubentonii,0.018,0.043,-1,Echolocation,/mnt/ubna_data_01_mir/recover-20220825/UBNA_002/20220823_033000.WAV,Telephone Field,recover-20220825,002,1795
1285.4135,1285.4196,25468,40946,Plecotus auritus,0.006,0.028,-1,Echolocation,/mnt/ubna_data_01_mir/recover-20220825/UBNA_002/20220823_033000.WAV,Telephone Field,recover-20220825,002,1795
1285.4365,1285.4417,31484,67649,Myotis brandtii,0.025,0.049,-1,Echolocation,/mnt/ubna_data_01_mir/recover-20220825/UBNA_002/20220823_033000.WAV,Telephone Field,recover-20220825,002,1795
1285.4375,1285.4446,42656,49493,Pipistrellus nathusii,0.518,0.556,-1,Echolocation,/mnt/ubna_data_01_mir/recover-20220825/UBNA_002/20220823_033000.WAV,Telephone Field,recover-20220825,002,1795
1285.4505,1285.4613,45234,48245,Pipistrellus pipistrellus,0.025,0.033,-1,Echolocation,/mnt/ubna_data_01_mir/recover-20220825/UBNA_002/20220823_033000.WAV,Telephone Field,recover-20220825,002,1795
1285.4635,1285.4727,25468,34488,Eptesicus serotinus,0.009,0.025,-1,Echolocation,/mnt/ubna_data_01_mir/recover-20220825/UBNA_002/20220823_033000.WAV,Telephone Field,recover-20220825,002,1795
1285.4795,1285.4888,27187,33231,Nyctalus leisleri,0.215,0.479,-1,Echolocation,/mnt/ubna_data_01_mir/recover-20220825/UBNA_002/20220823_033000.WAV,Telephone Field,recover-20220825,002,1795
1285.5145,1285.521,31484,60066,Myotis brandtii,0.01,0.022,-1,Echolocation,/mnt/ubna_data_01_mir/recover-20220825/UBNA_002/20220823_033000.WAV,Telephone Field,recover-20220825,002,1795
1285.5145,1285.5304,43515,48109,Pipistrellus nathusii,0.17,0.214,-1,Echolocation,/mnt/ubna_data_01_mir/recover-20220825/UBNA_002/20220823_033000.WAV,Telephone Field,recover-20220825,002,1795
1285.5265,1285.5357,25468,33435,Eptesicus serotinus,0.009,0.026,-1,Echolocation,/mnt/ubna_data_01_mir/recover-20220825/UBNA_002/20220823_033000.WAV,Telephone Field,recover-20220825,002,1795
1285.5315,1285.5716,68437,82456,Rhinolophus ferrumequinum,0.023,0.023,-1,Echolocation,/mnt/ubna_data_01_mir/recover-20220825/UBNA_002/20220823_033000.WAV,Telephone Field,recover-20220825,002,1795
1285.5405,1285.5812,68437,82785,Rhinolophus ferrumequinum,0.025,0.025,-1,Echolocation,/mnt/ubna_data_01_mir/recover-20220825/UBNA_002/20220823_033000.WAV,Telephone Field,recover-20220825,002,1795
1285.5495,1285.5579,47812,54250,Pipistrellus pipistrellus,0.025,0.027,-1,Echolocation,/mnt/ubna_data_01_mir/recover-20220825/UBNA_002/20220823_033000.WAV,Telephone Field,recover-20220825,002,1795
1285.5695,1285.5818,42656,48851,Pipistrellus pipistrellus,0.018,0.039,-1,Echolocation,/mnt/ubna_data_01_mir/recover-20220825/UBNA_002/20220823_033000.WAV,Telephone Field,recover-20220825,002,1795
1285.5795,1285.588,44375,52309,Pipistrellus pipistrellus,0.011,0.024,-1,Echolocation,/mnt/ubna_data_01_mir/recover-20220825/UBNA_002/20220823_033000.WAV,Telephone Field,recover-20220825,002,1795
1285.5895,1285.5975,45234,55856,Pipistrellus pipistrellus,0.012,0.026,-1,Echolocation,/mnt/ubna_data_01_mir/recover-20220825/UBNA_002/20220823_033000.WAV,Telephone Field,recover-20220825,002,1795
1285.6075,1285.6153,47812,56420,Pipistrellus pipistrellus,0.024,0.027,-1,Echolocation,/mnt/ubna_data_01_mir/recover-20220825/UBNA_002/20220823_033000.WAV,Telephone Field,recover-20220825,002,1795
1285.6095,1285.6166,26328,36098,Plecotus auritus,0.01,0.032,-1,Echolocation,/mnt/ubna_data_01_mir/recover-20220825/UBNA_002/20220823_033000.WAV,Telephone Field,recover-20220825,002,1795
1285.6275,1285.6339,41796,56451,Pipistrellus nathusii,0.05,0.154,-1,Echolocation,/mnt/ubna_data_01_mir/recover-20220825/UBNA_002/20220823_033000.WAV,Telephone Field,recover-20220825,002,1795
1285.6395,1285.65,28046,36067,Eptesicus serotinus,0.009,0.023,-1,Echolocation,/mnt/ubna_data_01_mir/recover-20220825/UBNA_002/20220823_033000.WAV,Telephone Field,recover-20220825,002,1795
1285.6575,1285.6655,51250,56325,Pipistrellus pipistrellus,0.03,0.038,-1,Echolocation,/mnt/ubna_data_01_mir/recover-20220825/UBNA_002/20220823_033000.WAV,Telephone Field,recover-20220825,002,1795
1285.6715,1285.6813,28046,35912,Eptesicus serotinus,0.01,0.024,-1,Echolocation,/mnt/ubna_data_01_mir/recover-20220825/UBNA_002/20220823_033000.WAV,Telephone Field,recover-20220825,002,1795
1285.6955,1285.7371,68437,82118,Rhinolophus ferrumequinum,0.023,0.023,-1,Echolocation,/mnt/ubna_data_01_mir/recover-20220825/UBNA_002/20220823_033000.WAV,Telephone Field,recover-20220825,002,1795
1285.7045,1285.7449,68437,82083,Rhinolophus ferrumequinum,0.023,0.023,-1,Echolocation,/mnt/ubna_data_01_mir/recover-20220825/UBNA_002/20220823_033000.WAV,Telephone Field,recover-20220825,002,1795
1285.7325,1285.7416,43515,51140,Pipistrellus nathusii,0.034,0.069,-1,Echolocation,/mnt/ubna_data_01_mir/recover-20220825/UBNA_002/20220823_033000.WAV,Telephone Field,recover-20220825,002,1795
1285.7335,1285.745,25468,32977,Eptesicus serotinus,0.069,0.11,-1,Echolocation,/mnt/ubna_data_01_mir/recover-20220825/UBNA_002/20220823_033000.WAV,Telephone Field,recover-20220825,002,1795
1285.7455,1285.7542,56406,62142,Pipistrellus pygmaeus,0.027,0.028,-1,Echolocation,/mnt/ubna_data_01_mir/recover-20220825/UBNA_002/20220823_033000.WAV,Telephone Field,recover-20220825,002,1795
1285.7655,1285.7715,27187,40387,Eptesicus serotinus,0.005,0.022,-1,Echolocation,/mnt/ubna_data_01_mir/recover-20220825/UBNA_002/20220823_033000.WAV,Telephone Field,recover-20220825,002,1795
1285.7845,1285.7942,56406,63654,Pipistrellus pygmaeus,0.021,0.022,-1,Echolocation,/mnt/ubna_data_01_mir/recover-20220825/UBNA_002/20220823_033000.WAV,Telephone Field,recover-20220825,002,1795
1285.8475,1285.8579,46953,53569,Pipistrellus pipistrellus,0.02,0.024,-1,Echolocation,/mnt/ubna_data_01_mir/recover-20220825/UBNA_002/20220823_033000.WAV,Telephone Field,recover-20220825,002,1795
1285.8525,1285.8637,26328,34511,Eptesicus serotinus,0.333,0.476,-1,Echolocation,/mnt/ubna_data_01_mir/recover-20220825/UBNA_002/20220823_033000.WAV,Telephone Field,recover-20220825,002,1795
1285.8905,1285.9335,68437,82797,Rhinolophus ferrumequinum,0.028,0.028,-1,Echolocation,/mnt/ubna_data_01_mir/recover-20220825/UBNA_002/20220823_033000.WAV,Telephone Field,recover-20220825,002,1795
1285.8985,1285.9048,38359,62396,Myotis brandtii,0.01,0.025,-1,Echolocation,/mnt/ubna_data_01_mir/recover-20220825/UBNA_002/20220823_033000.WAV,Telephone Field,recover-20220825,002,1795
1285.9015,1285.9081,28046,44612,Eptesicus serotinus,0.007,0.023,-1,Echolocation,/mnt/ubna_data_01_mir/recover-20220825/UBNA_002/20220823_033000.WAV,Telephone Field,recover-20220825,002,1795
1285.9085,1285.919,33203,38744,Barbastellus barbastellus,0.006,0.024,-1,Echolocation,/mnt/ubna_data_01_mir/recover-20220825/UBNA_002/20220823_033000.WAV,Telephone Field,recover-20220825,002,1795
1285.9335,1285.944,28046,35933,Eptesicus serotinus,0.01,0.025,-1,Echolocation,/mnt/ubna_data_01_mir/recover-20220825/UBNA_002/20220823_033000.WAV,Telephone Field,recover-20220825,002,1795
1285.9405,1285.9506,28046,36422,Eptesicus serotinus,0.01,0.025,-1,Echolocation,/mnt/ubna_data_01_mir/recover-20220825/UBNA_002/20220823_033000.WAV,Telephone Field,recover-20220825,002,1795
1285.9715,1285.9837,25468,34575,Eptesicus serotinus,0.315,0.675,-1,Echolocation,/mnt/ubna_data_01_mir/recover-20220825/UBNA_002/20220823_033000.WAV,Telephone Field,recover-20220825,002,1795
1286.0015,1286.0345,68437,80116,Rhinolophus ferrumequinum,0.046,0.046,-1,Echolocation,/mnt/ubna_data_01_mir/recover-20220825/UBNA_002/20220823_033000.WAV,Telephone Field,recover-20220825,002,1795
1286.0015,1286.0095,40078,51086,Pipistrellus nathusii,0.009,0.025,-1,Echolocation,/mnt/ubna_data_01_mir/recover-20220825/UBNA_002/20220823_033000.WAV,Telephone Field,recover-20220825,002,1795
1286.0015,1286.0132,20312,25391,Nyctalus leisleri,0.012,0.03,-1,Echolocation,/mnt/ubna_data_01_mir/recover-20220825/UBNA_002/20220823_033000.WAV,Telephone Field,recover-20220825,002,1795
1286.0015,1286.0091,46953,53064,Pipistrellus pipistrellus,0.016,0.023,-1,Echolocation,/mnt/ubna_data_01_mir/recover-20220825/UBNA_002/20220823_033000.WAV,Telephone Field,recover-20220825,002,1795
1286.0085,1286.0502,68437,82201,Rhinolophus ferrumequinum,0.026,0.026,-1,Echolocation,/mnt/ubna_data_01_mir/recover-20220825/UBNA_002/20220823_033000.WAV,Telephone Field,recover-20220825,002,1795
1286.0345,1286.0438,28046,36070,Eptesicus serotinus,0.01,0.024,-1,Echolocation,/mnt/ubna_data_01_mir/recover-20220825/UBNA_002/20220823_033000.WAV,Telephone Field,recover-20220825,002,1795
1286.0585,1286.0658,48671,56096,Pipistrellus pipistrellus,0.02,0.024,-1,Echolocation,/mnt/ubna_data_01_mir/recover-20220825/UBNA_002/20220823_033000.WAV,Telephone Field,recover-20220825,002,1795
1286.0685,1286.1082,68437,82129,Rhinolophus ferrumequinum,0.023,0.023,-1,Echolocation,/mnt/ubna_data_01_mir/recover-20220825/UBNA_002/20220823_033000.WAV,Telephone Field,recover-20220825,002,1795
1286.1065,1286.1188,25468,34712,Eptesicus serotinus,0.345,0.48,-1,Echolocation,/mnt/ubna_data_01_mir/recover-20220825/UBNA_002/20220823_033000.WAV,Telephone Field,recover-20220825,002,1795
1286.1125,1286.151,68437,81458,Rhinolophus ferrumequinum,0.023,0.023,-1,Echolocation,/mnt/ubna_data_01_mir/recover-20220825/UBNA_002/20220823_033000.WAV,Telephone Field,recover-20220825,002,1795
1286.1675,1286.1779,39218,43539,Pipistrellus nathusii,0.022,0.032,-1,Echolocation,/mnt/ubna_data_01_mir/recover-20220825/UBNA_002/20220823_033000.WAV,Telephone Field,recover-20220825,002,1795
1286.1895,1286.1973,27187,37976,Eptesicus serotinus,0.008,0.024,-1,Echolocation,/mnt/ubna_data_01_mir/recover-20220825/UBNA_002/20220823_033000.WAV,Telephone Field,recover-20220825,002,1795
1286.1965,1286.2053,28046,37557,Eptesicus serotinus,0.008,0.024,-1,Echolocation,/mnt/ubna_data_01_mir/recover-20220825/UBNA_002/20220823_033000.WAV,Telephone Field,recover-20220825,002,1795
1286.2215,1286.2618,68437,82710,Rhinolophus ferrumequinum,0.024,0.024,-1,Echolocation,/mnt/ubna_data_01_mir/recover-20220825/UBNA_002/20220823_033000.WAV,Telephone Field,recover-20220825,002,1795
1286.2295,1286.2372,37500,45833,Pipistrellus nathusii,0.012,0.025,-1,Echolocation,/mnt/ubna_data_01_mir/recover-20220825/UBNA_002/20220823_033000.WAV,Telephone Field,recover-20220825,002,1795
1286.2385,1286.2775,68437,81657,Rhinolophus ferrumequinum,0.029,0.029,-1,Echolocation,/mnt/ubna_data_01_mir/recover-20220825/UBNA_002/20220823_033000.WAV,Telephone Field,recover-20220825,002,1795
1286.2405,1286.2496,27187,35998,Eptesicus serotinus,0.313,0.674,-1,Echolocation,/mnt/ubna_data_01_mir/recover-20220825/UBNA_002/20220823_033000.WAV,Telephone Field,recover-20220825,002,1795
1286.2805,1286.3191,68437,81690,Rhinolophus ferrumequinum,0.023,0.023,-1,Echolocation,/mnt/ubna_data_01_mir/recover-20220825/UBNA_002/20220823_033000.WAV,Telephone Field,recover-20220825,002,1795
1286.3175,1286.3253,41796,48959,Pipistrellus nathusii,0.019,0.034,-1,Echolocation,/mnt/ubna_data_01_mir/recover-20220825/UBNA_002/20220823_033000.WAV,Telephone Field,recover-20220825,002,1795
1286.3195,1286.3265,31484,47258,Myotis daubentonii,0.011,0.024,-1,Echolocation,/mnt/ubna_data_01_mir/recover-20220825/UBNA_002/20220823_033000.WAV,Telephone Field,recover-20220825,002,1795
1286.3215,1286.3283,27187,40554,Eptesicus serotinus,0.007,0.025,-1,Echolocation,/mnt/ubna_data_01_mir/recover-20220825/UBNA_002/20220823_033000.WAV,Telephone Field,recover-20220825,002,1795
1286.3395,1286.3787,68437,81835,Rhinolophus ferrumequinum,0.026,0.026,-1,Echolocation,/mnt/ubna_data_01_mir/recover-20220825/UBNA_002/20220823_033000.WAV,Telephone Field,recover-20220825,002,1795
1286.3555,1286.3656,23750,29283,Nyctalus leisleri,0.013,0.032,-1,Echolocation,/mnt/ubna_data_01_mir/recover-20220825/UBNA_002/20220823_033000.WAV,Telephone Field,recover-20220825,002,1795
1286.3735,1286.3843,27187,35690,Eptesicus serotinus,0.323,0.553,-1,Echolocation,/mnt/ubna_data_01_mir/recover-20220825/UBNA_002/20220823_033000.WAV,Telephone Field,recover-20220825,002,1795
1286.3815,1286.3887,45234,49309,Pipistrellus pipistrellus,0.024,0.026,-1,Echolocation,/mnt/ubna_data_01_mir/recover-20220825/UBNA_002/20220823_033000.WAV,Telephone Field,recover-20220825,002,1795
1286.4055,1286.4393,68437,81287,Rhinolophus ferrumequinum,0.031,0.031,-1,Echolocation,/mnt/ubna_data_01_mir/recover-20220825/UBNA_002/20220823_033000.WAV,Telephone Field,recover-20220825,002,1795
1286.4065,1286.4154,43515,51682,Pipistrellus pipistrellus,0.01,0.024,-1,Echolocation,/mnt/ubna_data_01_mir/recover-20220825/UBNA_002/20220823_033000.WAV,Telephone Field,recover-20220825,002,1795
1286.4335,1286.4471,22031,27672,Nyctalus leisleri,0.014,0.038,-1,Echolocation,/mnt/ubna_data_01_mir/recover-20220825/UBNA_002/20220823_033000.WAV,Telephone Field,recover-20220825,002,1795
1286.4405,1286.451,22890,28372,Nyctalus leisleri,0.01,0.027,-1,Echolocation,/mnt/ubna_data_01_mir/recover-20220825/UBNA_002/20220823_033000.WAV,Telephone Field,recover-20220825,002,1795
1286.4915,1286.5274,68437,79891,Rhinolophus ferrumequinum,0.027,0.027,-1,Echolocation,/mnt/ubna_data_01_mir/recover-20220825/UBNA_002/20220823_033000.WAV,Telephone Field,recover-20220825,002,1795
1286.5025,1286.5149,27187,35766,Eptesicus serotinus,0.335,0.459,-1,Echolocation,/mnt/ubna_data_01_mir/recover-20220825/UBNA_002/20220823_033000.WAV,Telephone Field,recover-20220825,002,1795
1286.5805,1286.5913,23750,29440,Nyctalus leisleri,0.009,0.023,-1,Echolocation,/mnt/ubna_data_01_mir/recover-20220825/UBNA_002/20220823_033000.WAV,Telephone Field,recover-20220825,002,1795
1286.5825,1286.5922,42656,46434,Pipistrellus pipistrellus,0.018,0.025,-1,Echolocation,/mnt/ubna_data_01_mir/recover-20220825/UBNA_002/20220823_033000.WAV,Telephone Field,recover-20220825,002,1795
1286.6075,1286.6453,68437,82140,Rhinolophus ferrumequinum,0.025,0.025,-1,Echolocation,/mnt/ubna_data_01_mir/recover-20220825/UBNA_002/20220823_033000.WAV,Telephone Field,recover-20220825,002,1795
1286.6235,1286.6328,27187,34441,Eptesicus serotinus,0.198,0.274,-1,Echolocation,/mnt/ubna_data_01_mir/recover-20220825/UBNA_002/20220823_033000.WAV,Telephone Field,recover-20220825,002,1795
1286.7125,1286.7543,68437,82780,Rhinolophus ferrumequinum,0.028,0.028,-1,Echolocation,/mnt/ubna_data_01_mir/recover-20220825/UBNA_002/20220823_033000.WAV,Telephone Field,recover-20220825,002,1795
1286.7185,1286.7274,47812,51642,Pipistrellus pipistrellus,0.043,0.051,-1,Echolocation,/mnt/ubna_data_01_mir/recover-20220825/UBNA_002/20220823_033000.WAV,Telephone Field,recover-20220825,002,1795
1286.7365,1286.7467,27187,36689,Eptesicus serotinus,0.015,0.03,-1,Echolocation,/mnt/ubna_data_01_mir/recover-20220825/UBNA_002/20220823_033000.WAV,Telephone Field,recover-20220825,002,1795
1286.7435,1286.7513,28046,38600,Eptesicus serotinus,0.009,0.028,-1,Echolocation,/mnt/ubna_data_01_mir/recover-20220825/UBNA_002/20220823_033000.WAV,Telephone Field,recover-20220825,002,1795
1286.7835,1286.7919,26328,35715,Eptesicus serotinus,0.008,0.024,-1,Echolocation,/mnt/ubna_data_01_mir/recover-20220825/UBNA_002/20220823_033000.WAV,Telephone Field,recover-20220825,002,1795
1286.8055,1286.8157,23750,30016,Nyctalus leisleri,0.009,0.024,-1,Echolocation,/mnt/ubna_data_01_mir/recover-20220825/UBNA_002/20220823_033000.WAV,Telephone Field,recover-20220825,002,1795
1286.8265,1286.8653,68437,81325,Rhinolophus ferrumequinum,0.023,0.023,-1,Echolocation,/mnt/ubna_data_01_mir/recover-20220825/UBNA_002/20220823_033000.WAV,Telephone Field,recover-20220825,002,1795
1286.8825,1286.8901,40937,47658,Pipistrellus nathusii,0.241,0.432,-1,Echolocation,/mnt/ubna_data_01_mir/recover-20220825/UBNA_002/20220823_033000.WAV,Telephone Field,recover-20220825,002,1795
1286.8915,1286.8991,25468,33726,Eptesicus serotinus,0.009,0.029,-1,Echolocation,/mnt/ubna_data_01_mir/recover-20220825/UBNA_002/20220823_033000.WAV,Telephone Field,recover-20220825,002,1795
1286.9225,1286.9639,68437,81739,Rhinolophus ferrumequinum,0.023,0.024,-1,Echolocation,/mnt/ubna_data_01_mir/recover-20220825/UBNA_002/20220823_033000.WAV,Telephone Field,recover-20220825,002,1795
1286.9345,1286.9445,23750,28931,Nyctalus leisleri,0.009,0.023,-1,Echolocation,/mnt/ubna_data_01_mir/recover-20220825/UBNA_002/20220823_033000.WAV,Telephone Field,recover-20220825,002,1795
1286.9405,1286.9494,41796,46294,Pipistrellus nathusii,0.099,0.118,-1,Echolocation,/mnt/ubna_data_01_mir/recover-20220825/UBNA_002/20220823_033000.WAV,Telephone Field,recover-20220825,002,1795
1286.9845,1286.9959,43515,46987,Pipistrellus pipistrellus,0.051,0.066,-1,Echolocation,/mnt/ubna_data_01_mir/recover-20220825/UBNA_002/20220823_033000.WAV,Telephone Field,recover-20220825,002,1795
1286.9985,1287.0071,41796,47615,Pipistrellus nathusii,0.282,0.337,-1,Echolocation,/mnt/ubna_data_01_mir/recover-20220825/UBNA_002/20220823_033000.WAV,Telephone Field,recover-20220825,002,1795
1287.0225,1287.0304,37500,46482,Pipistrellus nathusii,0.011,0.027,-1,Echolocation,/mnt/ubna_data_01_mir/recover-20220825/UBNA_002/20220823_033000.WAV,Telephone Field,recover-20220825,002,1795
1287.0235,1287.031,27187,39197,Eptesicus serotinus,0.008,0.026,-1,Echolocation,/mnt/ubna_data_01_mir/recover-20220825/UBNA_002/20220823_033000.WAV,Telephone Field,recover-20220825,002,1795
1287.0475,1287.0551,27187,37209,Eptesicus serotinus,0.009,0.026,-1,Echolocation,/mnt/ubna_data_01_mir/recover-20220825/UBNA_002/20220823_033000.WAV,Telephone Field,recover-20220825,002,1795
1287.0645,1287.0728,28046,36200,Eptesicus serotinus,0.012,0.031,-1,Echolocation,/mnt/ubna_data_01_mir/recover-20220825/UBNA_002/20220823_033000.WAV,Telephone Field,recover-20220825,002,1795
1287.0815,1287.0871,29765,59938,Myotis brandtii,0.014,0.027,-1,Echolocation,/mnt/ubna_data_01_mir/recover-20220825/UBNA_002/20220823_033000.WAV,Telephone Field,recover-20220825,002,1795
1287.0815,1287.0882,40937,48602,Pipistrellus nathusii,0.288,0.439,-1,Echolocation,/mnt/ubna_data_01_mir/recover-20220825/UBNA_002/20220823_033000.WAV,Telephone Field,recover-20220825,002,1795
1287.1175,1287.1246,24609,34465,Plecotus austriacus,0.012,0.038,-1,Echolocation,/mnt/ubna_data_01_mir/recover-20220825/UBNA_002/20220823_033000.WAV,Telephone Field,recover-20220825,002,1795
1287.1525,1287.1606,28046,40211,Eptesicus serotinus,0.008,0.024,-1,Echolocation,/mnt/ubna_data_01_mir/recover-20220825/UBNA_002/20220823_033000.WAV,Telephone Field,recover-20220825,002,1795
1287.1605,1287.1691,41796,46872,Pipistrellus nathusii,0.194,0.212,-1,Echolocation,/mnt/ubna_data_01_mir/recover-20220825/UBNA_002/20220823_033000.WAV,Telephone Field,recover-20220825,002,1795
1287.1775,1287.185,27187,39062,Eptesicus serotinus,0.01,0.032,-1,Echolocation,/mnt/ubna_data_01_mir/recover-20220825/UBNA_002/20220823_033000.WAV,Telephone Field,recover-20220825,002,1795
1287.1785,1287.2161,68437,81072,Rhinolophus ferrumequinum,0.024,0.024,-1,Echolocation,/mnt/ubna_data_01_mir/recover-20220825/UBNA_002/20220823_033000.WAV,Telephone Field,recover-20220825,002,1795
1287.2115,1287.2213,47812,53647,Pipistrellus pipistrellus,0.034,0.041,-1,Echolocation,/mnt/ubna_data_01_mir/recover-20220825/UBNA_002/20220823_033000.WAV,Telephone Field,recover-20220825,002,1795
1287.2425,1287.2525,28046,35183,Eptesicus serotinus,0.01,0.024,-1,Echolocation,/mnt/ubna_data_01_mir/recover-20220825/UBNA_002/20220823_033000.WAV,Telephone Field,recover-20220825,002,1795
1287.2735,1287.2804,40078,49591,Pipistrellus nathusii,0.351,0.527,-1,Echolocation,/mnt/ubna_data_01_mir/recover-20220825/UBNA_002/20220823_033000.WAV,Telephone Field,recover-20220825,002,1795
1287.2955,1287.3042,28046,38559,Eptesicus serotinus,0.011,0.028,-1,Echolocation,/mnt/ubna_data_01_mir/recover-20220825/UBNA_002/20220823_033000.WAV,Telephone Field,recover-20220825,002,1795
1287.3155,1287.3243,28046,35300,Eptesicus serotinus,0.011,0.024,-1,Echolocation,/mnt/ubna_data_01_mir/recover-20220825/UBNA_002/20220823_033000.WAV,Telephone Field,recover-20220825,002,1795
1287.3355,1287.3439,43515,51912,Pipistrellus pipistrellus,0.011,0.024,-1,Echolocation,/mnt/ubna_data_01_mir/recover-20220825/UBNA_002/20220823_033000.WAV,Telephone Field,recover-20220825,002,1795
1287.3725,1287.3807,26328,35173,Eptesicus serotinus,0.008,0.024,-1,Echolocation,/mnt/ubna_data_01_mir/recover-20220825/UBNA_002/20220823_033000.WAV,Telephone Field,recover-20220825,002,1795
1287.3775,1287.3867,41796,47410,Pipistrellus nathusii,0.243,0.288,-1,Echolocation,/mnt/ubna_data_01_mir/recover-20220825/UBNA_002/20220823_033000.WAV,Telephone Field,recover-20220825,002,1795
1287.4215,1287.4313,27187,35351,Eptesicus serotinus,0.01,0.023,-1,Echolocation,/mnt/ubna_data_01_mir/recover-20220825/UBNA_002/20220823_033000.WAV,Telephone Field,recover-20220825,002,1795
1287.4265,1287.4353,27187,40451,Eptesicus serotinus,0.009,0.023,-1,Echolocation,/mnt/ubna_data_01_mir/recover-20220825/UBNA_002/20220823_033000.WAV,Telephone Field,recover-20220825,002,1795
1287.4275,1287.4353,46093,51219,Pipistrellus pipistrellus,0.023,0.025,-1,Echolocation,/mnt/ubna_data_01_mir/recover-20220825/UBNA_002/20220823_033000.WAV,Telephone Field,recover-20220825,002,1795
1287.4375,1287.4459,27187,37275,Eptesicus serotinus,0.008,0.023,-1,Echolocation,/mnt/ubna_data_01_mir/recover-20220825/UBNA_002/20220823_033000.WAV,Telephone Field,recover-20220825,002,1795
1287.4555,1287.4945,68437,81897,Rhinolophus ferrumequinum,0.026,0.026,-1,Echolocation,/mnt/ubna_data_01_mir/recover-20220825/UBNA_002/20220823_033000.WAV,Telephone Field,recover-20220825,002,1795
1287.4635,1287.5035,68437,82370,Rhinolophus ferrumequinum,0.023,0.023,-1,Echolocation,/mnt/ubna_data_01_mir/recover-20220825/UBNA_002/20220823_033000.WAV,Telephone Field,recover-20220825,002,1795
1287.4715,1287.477,41796,51607,Pipistrellus nathusii,0.459,0.521,-1,Echolocation,/mnt/ubna_data_01_mir/recover-20220825/UBNA_002/20220823_033000.WAV,Telephone Field,recover-20220825,002,1795
1287.4915,1287.4987,28046,37754,Eptesicus serotinus,0.007,0.024,-1,Echolocation,/mnt/ubna_data_01_mir/recover-20220825/UBNA_002/20220823_033000.WAV,Telephone Field,recover-20220825,002,1795
1287.5025,1287.5105,54687,59471,Pipistrellus pygmaeus,0.023,0.023,-1,Echolocation,/mnt/ubna_data_01_mir/recover-20220825/UBNA_002/20220823_033000.WAV,Telephone Field,recover-20220825,002,1795
1287.5115,1287.5227,34062,39567,Barbastellus barbastellus,0.008,0.031,-1,Echolocation,/mnt/ubna_data_01_mir/recover-20220825/UBNA_002/20220823_033000.WAV,Telephone Field,recover-20220825,002,1795
1287.5155,1287.524,27187,37928,Eptesicus serotinus,0.011,0.028,-1,Echolocation,/mnt/ubna_data_01_mir/recover-20220825/UBNA_002/20220823_033000.WAV,Telephone Field,recover-20220825,002,1795
1287.5695,1287.576,38359,50697,Pipistrellus nathusii,0.231,0.431,-1,Echolocation,/mnt/ubna_data_01_mir/recover-20220825/UBNA_002/20220823_033000.WAV,Telephone Field,recover-20220825,002,1795
1287.5895,1287.6,24609,32297,Eptesicus serotinus,0.01,0.024,-1,Echolocation,/mnt/ubna_data_01_mir/recover-20220825/UBNA_002/20220823_033000.WAV,Telephone Field,recover-20220825,002,1795
1287.5935,1287.6005,48671,53014,Pipistrellus pipistrellus,0.035,0.038,-1,Echolocation,/mnt/ubna_data_01_mir/recover-20220825/UBNA_002/20220823_033000.WAV,Telephone Field,recover-20220825,002,1795
1287.6015,1287.6109,27187,35481,Eptesicus serotinus,0.009,0.025,-1,Echolocation,/mnt/ubna_data_01_mir/recover-20220825/UBNA_002/20220823_033000.WAV,Telephone Field,recover-20220825,002,1795
1287.6385,1287.6472,42656,48227,Pipistrellus nathusii,0.07,0.093,-1,Echolocation,/mnt/ubna_data_01_mir/recover-20220825/UBNA_002/20220823_033000.WAV,Telephone Field,recover-20220825,002,1795
1287.6885,1287.6956,40078,50329,Pipistrellus nathusii,0.233,0.353,-1,Echolocation,/mnt/ubna_data_01_mir/recover-20220825/UBNA_002/20220823_033000.WAV,Telephone Field,recover-20220825,002,1795
1287.6995,1287.7056,33203,43355,Myotis daubentonii,0.011,0.023,-1,Echolocation,/mnt/ubna_data_01_mir/recover-20220825/UBNA_002/20220823_033000.WAV,Telephone Field,recover-20220825,002,1795
1287.7015,1287.7103,27187,35533,Eptesicus serotinus,0.009,0.024,-1,Echolocation,/mnt/ubna_data_01_mir/recover-20220825/UBNA_002/20220823_033000.WAV,Telephone Field,recover-20220825,002,1795
1287.7295,1287.7372,48671,53463,Pipistrellus pipistrellus,0.044,0.048,-1,Echolocation,/mnt/ubna_data_01_mir/recover-20220825/UBNA_002/20220823_033000.WAV,Telephone Field,recover-20220825,002,1795
1287.7435,1287.7519,28046,36240,Eptesicus serotinus,0.007,0.023,-1,Echolocation,/mnt/ubna_data_01_mir/recover-20220825/UBNA_002/20220823_033000.WAV,Telephone Field,recover-20220825,002,1795
1287.7715,1287.7789,28046,39488,Eptesicus serotinus,0.008,0.027,-1,Echolocation,/mnt/ubna_data_01_mir/recover-20220825/UBNA_002/20220823_033000.WAV,Telephone Field,recover-20220825,002,1795
1287.7785,1287.8186,68437,82421,Rhinolophus ferrumequinum,0.03,0.03,-1,Echolocation,/mnt/ubna_data_01_mir/recover-20220825/UBNA_002/20220823_033000.WAV,Telephone Field,recover-20220825,002,1795
1287.7855,1287.7955,41796,46073,Pipistrellus nathusii,0.042,0.056,-1,Echolocation,/mnt/ubna_data_01_mir/recover-20220825/UBNA_002/20220823_033000.WAV,Telephone Field,recover-20220825,002,1795
1287.8075,1287.8208,22890,26567,Nyctalus leisleri,0.017,0.028,-1,Echolocation,/mnt/ubna_data_01_mir/recover-20220825/UBNA_002/20220823_033000.WAV,Telephone Field,recover-20220825,002,1795
1287.8245,1287.8626,68437,81374,Rhinolophus ferrumequinum,0.023,0.023,-1,Echolocation,/mnt/ubna_data_01_mir/recover-20220825/UBNA_002/20220823_033000.WAV,Telephone Field,recover-20220825,002,1795
1287.8285,1287.8363,48671,55062,Pipistrellus pipistrellus,0.021,0.028,-1,Echolocation,/mnt/ubna_data_01_mir/recover-20220825/UBNA_002/20220823_033000.WAV,Telephone Field,recover-20220825,002,1795
1287.8465,1287.8865,68437,82327,Rhinolophus ferrumequinum,0.024,0.024,-1,Echolocation,/mnt/ubna_data_01_mir/recover-20220825/UBNA_002/20220823_033000.WAV,Telephone Field,recover-20220825,002,1795
1287.8805,1287.8886,27187,36816,Eptesicus serotinus,0.008,0.025,-1,Echolocation,/mnt/ubna_data_01_mir/recover-20220825/UBNA_002/20220823_033000.WAV,Telephone Field,recover-20220825,002,1795
1287.8985,1287.9368,68437,81600,Rhinolophus ferrumequinum,0.025,0.025,-1,Echolocation,/mnt/ubna_data_01_mir/recover-20220825/UBNA_002/20220823_033000.WAV,Telephone Field,recover-20220825,002,1795
1287.9185,1287.9577,68437,81971,Rhinolophus ferrumequinum,0.024,0.024,-1,Echolocation,/mnt/ubna_data_01_mir/recover-20220825/UBNA_002/20220823_033000.WAV,Telephone Field,recover-20220825,002,1795
1287.9255,1287.9646,68437,82115,Rhinolophus ferrumequinum,0.023,0.023,-1,Echolocation,/mnt/ubna_data_01_mir/recover-20220825/UBNA_002/20220823_033000.WAV,Telephone Field,recover-20220825,002,1795
1287.9375,1287.9747,68437,81447,Rhinolophus ferrumequinum,0.023,0.023,-1,Echolocation,/mnt/ubna_data_01_mir/recover-20220825/UBNA_002/20220823_033000.WAV,Telephone Field,recover-20220825,002,1795
1287.9525,1287.9627,23750,29446,Nyctalus leisleri,0.01,0.025,-1,Echolocation,/mnt/ubna_data_01_mir/recover-20220825/UBNA_002/20220823_033000.WAV,Telephone Field,recover-20220825,002,1795
1287.9855,1287.9918,39218,53688,Myotis brandtii,0.01,0.029,-1,Echolocation,/mnt/ubna_data_01_mir/recover-20220825/UBNA_002/20220823_033000.WAV,Telephone Field,recover-20220825,002,1795
1287.9865,1287.9962,27187,41322,Eptesicus serotinus,0.013,0.028,-1,Echolocation,/mnt/ubna_data_01_mir/recover-20220825/UBNA_002/20220823_033000.WAV,Telephone Field,recover-20220825,002,1795
1288.0015,1288.0126,47812,53794,Pipistrellus pipistrellus,0.016,0.021,-1,Echolocation,/mnt/ubna_data_01_mir/recover-20220825/UBNA_002/20220823_033000.WAV,Telephone Field,recover-20220825,002,1795
1288.0015,1288.0308,69296,81201,Rhinolophus ferrumequinum,0.029,0.029,-1,Echolocation,/mnt/ubna_data_01_mir/recover-20220825/UBNA_002/20220823_033000.WAV,Telephone Field,recover-20220825,002,1795
1288.0015,1288.01,25468,32959,Nyctalus leisleri,0.011,0.033,-1,Echolocation,/mnt/ubna_data_01_mir/recover-20220825/UBNA_002/20220823_033000.WAV,Telephone Field,recover-20220825,002,1795
1288.0085,1288.0488,68437,81340,Rhinolophus ferrumequinum,0.027,0.027,-1,Echolocation,/mnt/ubna_data_01_mir/recover-20220825/UBNA_002/20220823_033000.WAV,Telephone Field,recover-20220825,002,1795
1288.0155,1288.0573,68437,83132,Rhinolophus ferrumequinum,0.025,0.025,-1,Echolocation,/mnt/ubna_data_01_mir/recover-20220825/UBNA_002/20220823_033000.WAV,Telephone Field,recover-20220825,002,1795
1288.0715,1288.1091,68437,81739,Rhinolophus ferrumequinum,0.021,0.021,-1,Echolocation,/mnt/ubna_data_01_mir/recover-20220825/UBNA_002/20220823_033000.WAV,Telephone Field,recover-20220825,002,1795
1288.0825,1288.09,28046,39770,Eptesicus serotinus,0.007,0.023,-1,Echolocation,/mnt/ubna_data_01_mir/recover-20220825/UBNA_002/20220823_033000.WAV,Telephone Field,recover-20220825,002,1795
1288.0965,1288.1087,53828,57712,Pipistrellus pygmaeus,0.04,0.045,-1,Echolocation,/mnt/ubna_data_01_mir/recover-20220825/UBNA_002/20220823_033000.WAV,Telephone Field,recover-20220825,002,1795
1288.1165,1288.153,68437,80975,Rhinolophus ferrumequinum,0.022,0.022,-1,Echolocation,/mnt/ubna_data_01_mir/recover-20220825/UBNA_002/20220823_033000.WAV,Telephone Field,recover-20220825,002,1795
1288.1325,1288.1707,68437,81825,Rhinolophus ferrumequinum,0.023,0.023,-1,Echolocation,/mnt/ubna_data_01_mir/recover-20220825/UBNA_002/20220823_033000.WAV,Telephone Field,recover-20220825,002,1795
1288.1475,1288.1569,24609,32753,Eptesicus serotinus,0.008,0.026,-1,Echolocation,/mnt/ubna_data_01_mir/recover-20220825/UBNA_002/20220823_033000.WAV,Telephone Field,recover-20220825,002,1795
1288.1575,1288.1942,68437,80516,Rhinolophus ferrumequinum,0.024,0.024,-1,Echolocation,/mnt/ubna_data_01_mir/recover-20220825/UBNA_002/20220823_033000.WAV,Telephone Field,recover-20220825,002,1795
1288.1665,1288.1772,22890,27893,Nyctalus leisleri,0.01,0.022,-1,Echolocation,/mnt/ubna_data_01_mir/recover-20220825/UBNA_002/20220823_033000.WAV,Telephone Field,recover-20220825,002,1795
1288.1865,1288.196,50390,57302,Pipistrellus pipistrellus,0.024,0.031,-1,Echolocation,/mnt/ubna_data_01_mir/recover-20220825/UBNA_002/20220823_033000.WAV,Telephone Field,recover-20220825,002,1795
1288.2395,1288.2785,68437,81860,Rhinolophus ferrumequinum,0.023,0.023,-1,Echolocation,/mnt/ubna_data_01_mir/recover-20220825/UBNA_002/20220823_033000.WAV,Telephone Field,recover-20220825,002,1795
1288.2585,1288.2979,68437,81775,Rhinolophus ferrumequinum,0.021,0.021,-1,Echolocation,/mnt/ubna_data_01_mir/recover-20220825/UBNA_002/20220823_033000.WAV,Telephone Field,recover-20220825,002,1795
1288.2795,1288.3198,68437,82565,Rhinolophus ferrumequinum,0.022,0.022,-1,Echolocation,/mnt/ubna_data_01_mir/recover-20220825/UBNA_002/20220823_033000.WAV,Telephone Field,recover-20220825,002,1795
1288.3015,1288.3092,28046,39545,Eptesicus serotinus,0.012,0.028,-1,Echolocation,/mnt/ubna_data_01_mir/recover-20220825/UBNA_002/20220823_033000.WAV,Telephone Field,recover-20220825,002,1795
1288.3155,1288.3547,68437,82319,Rhinolophus ferrumequinum,0.027,0.027,-1,Echolocation,/mnt/ubna_data_01_mir/recover-20220825/UBNA_002/20220823_033000.WAV,Telephone Field,recover-20220825,002,1795
1288.3545,1288.3921,68437,82118,Rhinolophus ferrumequinum,0.021,0.021,-1,Echolocation,/mnt/ubna_data_01_mir/recover-20220825/UBNA_002/20220823_033000.WAV,Telephone Field,recover-20220825,002,1795
1288.4185,1288.4575,68437,82270,Rhinolophus ferrumequinum,0.024,0.024,-1,Echolocation,/mnt/ubna_data_01_mir/recover-20220825/UBNA_002/20220823_033000.WAV,Telephone Field,recover-20220825,002,1795
1288.4285,1288.465,68437,81762,Rhinolophus ferrumequinum,0.022,0.022,-1,Echolocation,/mnt/ubna_data_01_mir/recover-20220825/UBNA_002/20220823_033000.WAV,Telephone Field,recover-20220825,002,1795
1288.4445,1288.4535,27187,35722,Eptesicus serotinus,0.009,0.022,-1,Echolocation,/mnt/ubna_data_01_mir/recover-20220825/UBNA_002/20220823_033000.WAV,Telephone Field,recover-20220825,002,1795
1288.5385,1288.5782,68437,82695,Rhinolophus ferrumequinum,0.024,0.024,-1,Echolocation,/mnt/ubna_data_01_mir/recover-20220825/UBNA_002/20220823_033000.WAV,Telephone Field,recover-20220825,002,1795
1288.5635,1288.6023,68437,82259,Rhinolophus ferrumequinum,0.023,0.023,-1,Echolocation,/mnt/ubna_data_01_mir/recover-20220825/UBNA_002/20220823_033000.WAV,Telephone Field,recover-20220825,002,1795
1288.5795,1288.5941,22890,26089,Nyctalus leisleri,0.159,0.233,-1,Echolocation,/mnt/ubna_data_01_mir/recover-20220825/UBNA_002/20220823_033000.WAV,Telephone Field,recover-20220825,002,1795
1288.5855,1288.5944,40937,45968,Barbastellus barbastellus,0.036,0.11,-1,Echolocation,/mnt/ubna_data_01_mir/recover-20220825/UBNA_002/20220823_033000.WAV,Telephone Field,recover-20220825,002,1795
1288.6085,1288.6516,68437,82630,Rhinolophus ferrumequinum,0.054,0.054,-1,Echolocation,/mnt/ubna_data_01_mir/recover-20220825/UBNA_002/20220823_033000.WAV,Telephone Field,recover-20220825,002,1795
1288.6395,1288.6516,50390,54415,Pipistrellus pipistrellus,0.013,0.023,-1,Echolocation,/mnt/ubna_data_01_mir/recover-20220825/UBNA_002/20220823_033000.WAV,Telephone Field,recover-20220825,002,1795
1288.6455,1288.6564,24609,30968,Nyctalus leisleri,0.01,0.024,-1,Echolocation,/mnt/ubna_data_01_mir/recover-20220825/UBNA_002/20220823_033000.WAV,Telephone Field,recover-20220825,002,1795
1288.7235,1288.7623,68437,82600,Rhinolophus ferrumequinum,0.022,0.022,-1,Echolocation,/mnt/ubna_data_01_mir/recover-20220825/UBNA_002/20220823_033000.WAV,Telephone Field,recover-20220825,002,1795
1288.7325,1288.7703,68437,81902,Rhinolophus ferrumequinum,0.022,0.022,-1,Echolocation,/mnt/ubna_data_01_mir/recover-20220825/UBNA_002/20220823_033000.WAV,Telephone Field,recover-20220825,002,1795
1288.7425,1288.7808,68437,82351,Rhinolophus ferrumequinum,0.023,0.023,-1,Echolocation,/mnt/ubna_data_01_mir/recover-20220825/UBNA_002/20220823_033000.WAV,Telephone Field,recover-20220825,002,1795
1288.7665,1288.8079,68437,82049,Rhinolophus ferrumequinum,0.022,0.022,-1,Echolocation,/mnt/ubna_data_01_mir/recover-20220825/UBNA_002/20220823_033000.WAV,Telephone Field,recover-20220825,002,1795
1288.7935,1288.8043,22890,28162,Nyctalus leisleri,0.013,0.029,-1,Echolocation,/mnt/ubna_data_01_mir/recover-20220825/UBNA_002/20220823_033000.WAV,Telephone Field,recover-20220825,002,1795
1288.8225,1288.8597,68437,81195,Rhinolophus ferrumequinum,0.022,0.022,-1,Echolocation,/mnt/ubna_data_01_mir/recover-20220825/UBNA_002/20220823_033000.WAV,Telephone Field,recover-20220825,002,1795
1288.8685,1288.8775,27187,35791,Eptesicus serotinus,0.009,0.022,-1,Echolocation,/mnt/ubna_data_01_mir/recover-20220825/UBNA_002/20220823_033000.WAV,Telephone Field,recover-20220825,002,1795
1288.8815,1288.9255,68437,83131,Rhinolophus ferrumequinum,0.04,0.04,-1,Echolocation,/mnt/ubna_data_01_mir/recover-20220825/UBNA_002/20220823_033000.WAV,Telephone Field,recover-20220825,002,1795
1288.8935,1288.906,24609,30855,Nyctalus leisleri,0.011,0.027,-1,Echolocation,/mnt/ubna_data_01_mir/recover-20220825/UBNA_002/20220823_033000.WAV,Telephone Field,recover-20220825,002,1795
1288.8985,1288.9402,68437,82643,Rhinolophus ferrumequinum,0.024,0.024,-1,Echolocation,/mnt/ubna_data_01_mir/recover-20220825/UBNA_002/20220823_033000.WAV,Telephone Field,recover-20220825,002,1795
1288.9035,1288.9189,22031,25839,Nyctalus leisleri,0.014,0.023,-1,Echolocation,/mnt/ubna_data_01_mir/recover-20220825/UBNA_002/20220823_033000.WAV,Telephone Field,recover-20220825,002,1795
1288.9195,1288.9565,68437,82074,Rhinolophus ferrumequinum,0.023,0.023,-1,Echolocation,/mnt/ubna_data_01_mir/recover-20220825/UBNA_002/20220823_033000.WAV,Telephone Field,recover-20220825,002,1795
1288.9205,1288.9318,51250,60464,Pipistrellus pipistrellus,0.015,0.023,-1,Echolocation,/mnt/ubna_data_01_mir/recover-20220825/UBNA_002/20220823_033000.WAV,Telephone Field,recover-20220825,002,1795
1288.9555,1288.9989,68437,83235,Rhinolophus ferrumequinum,0.03,0.03,-1,Echolocation,/mnt/ubna_data_01_mir/recover-20220825/UBNA_002/20220823_033000.WAV,Telephone Field,recover-20220825,002,1795
1288.9795,1288.9878,26328,37644,Eptesicus serotinus,0.008,0.021,-1,Echolocation,/mnt/ubna_data_01_mir/recover-20220825/UBNA_002/20220823_033000.WAV,Telephone Field,recover-20220825,002,1795
1289.0455,1289.0859,68437,82837,Rhinolophus ferrumequinum,0.027,0.028,-1,Echolocation,/mnt/ubna_data_01_mir/recover-20220825/UBNA_002/20220823_033000.WAV,Telephone Field,recover-20220825,002,1795
1289.0875,1289.1302,68437,82719,Rhinolophus ferrumequinum,0.039,0.039,-1,Echolocation,/mnt/ubna_data_01_mir/recover-20220825/UBNA_002/20220823_033000.WAV,Telephone Field,recover-20220825,002,1795
1289.1135,1289.1206,27187,39615,Eptesicus serotinus,0.006,0.023,-1,Echolocation,/mnt/ubna_data_01_mir/recover-20220825/UBNA_002/20220823_033000.WAV,Telephone Field,recover-20220825,002,1795
1289.1175,1289.1591,68437,82257,Rhinolophus ferrumequinum,0.024,0.024,-1,Echolocation,/mnt/ubna_data_01_mir/recover-20220825/UBNA_002/20220823_033000.WAV,Telephone Field,recover-20220825,002,1795
1289.1315,1289.1525,20312,23259,Nyctalus leisleri,0.013,0.022,-1,Echolocation,/mnt/ubna_data_01_mir/recover-20220825/UBNA_002/20220823_033000.WAV,Telephone Field,recover-20220825,002,1795
1289.1595,1289.1972,68437,81990,Rhinolophus ferrumequinum,0.021,0.021,-1,Echolocation,/mnt/ubna_data_01_mir/recover-20220825/UBNA_002/20220823_033000.WAV,Telephone Field,recover-20220825,002,1795
1289.1755,1289.2167,68437,82839,Rhinolophus ferrumequinum,0.026,0.026,-1,Echolocation,/mnt/ubna_data_01_mir/recover-20220825/UBNA_002/20220823_033000.WAV,Telephone Field,recover-20220825,002,1795
1289.1905,1289.1981,46093,51028,Pipistrellus pipistrellus,0.021,0.023,-1,Echolocation,/mnt/ubna_data_01_mir/recover-20220825/UBNA_002/20220823_033000.WAV,Telephone Field,recover-20220825,002,1795
1289.1955,1289.2074,22890,27668,Nyctalus leisleri,0.018,0.036,-1,Echolocation,/mnt/ubna_data_01_mir/recover-20220825/UBNA_002/20220823_033000.WAV,Telephone Field,recover-20220825,002,1795
1289.2085,1289.2459,68437,82057,Rhinolophus ferrumequinum,0.021,0.021,-1,Echolocation,/mnt/ubna_data_01_mir/recover-20220825/UBNA_002/20220823_033000.WAV,Telephone Field,recover-20220825,002,1795
1289.2145,1289.2518,68437,82497,Rhinolophus ferrumequinum,0.021,0.021,-1,Echolocation,/mnt/ubna_data_01_mir/recover-20220825/UBNA_002/20220823_033000.WAV,Telephone Field,recover-20220825,002,1795
1289.2225,1289.2301,28046,38213,Eptesicus serotinus,0.006,0.022,-1,Echolocation,/mnt/ubna_data_01_mir/recover-20220825/UBNA_002/20220823_033000.WAV,Telephone Field,recover-20220825,002,1795
1289.2265,1289.2634,68437,81641,Rhinolophus ferrumequinum,0.021,0.021,-1,Echolocation,/mnt/ubna_data_01_mir/recover-20220825/UBNA_002/20220823_033000.WAV,Telephone Field,recover-20220825,002,1795
1289.2295,1289.2366,28046,37097,Eptesicus serotinus,0.005,0.022,-1,Echolocation,/mnt/ubna_data_01_mir/recover-20220825/UBNA_002/20220823_033000.WAV,Telephone Field,recover-20220825,002,1795
1289.2465,1289.285,68437,82277,Rhinolophus ferrumequinum,0.025,0.025,-1,Echolocation,/mnt/ubna_data_01_mir/recover-20220825/UBNA_002/20220823_033000.WAV,Telephone Field,recover-20220825,002,1795
1289.2765,1289.3128,68437,81509,Rhinolophus ferrumequinum,0.021,0.021,-1,Echolocation,/mnt/ubna_data_01_mir/recover-20220825/UBNA_002/20220823_033000.WAV,Telephone Field,recover-20220825,002,1795
1289.2875,1289.2983,24609,32264,Eptesicus serotinus,0.011,0.023,-1,Echolocation,/mnt/ubna_data_01_mir/recover-20220825/UBNA_002/20220823_033000.WAV,Telephone Field,recover-20220825,002,1795
1289.3035,1289.3448,68437,82156,Rhinolophus ferrumequinum,0.022,0.022,-1,Echolocation,/mnt/ubna_data_01_mir/recover-20220825/UBNA_002/20220823_033000.WAV,Telephone Field,recover-20220825,002,1795
1289.3115,1289.3535,68437,83219,Rhinolophus ferrumequinum,0.024,0.024,-1,Echolocation,/mnt/ubna_data_01_mir/recover-20220825/UBNA_002/20220823_033000.WAV,Telephone Field,recover-20220825,002,1795
1289.3585,1289.3991,68437,82466,Rhinolophus ferrumequinum,0.023,0.023,-1,Echolocation,/mnt/ubna_data_01_mir/recover-20220825/UBNA_002/20220823_033000.WAV,Telephone Field,recover-20220825,002,1795
1289.3615,1289.3718,37500,43365,Pipistrellus nathusii,0.009,0.022,-1,Echolocation,/mnt/ubna_data_01_mir/recover-20220825/UBNA_002/20220823_033000.WAV,Telephone Field,recover-20220825,002,1795
1289.3685,1289.4066,68437,82559,Rhinolophus ferrumequinum,0.022,0.022,-1,Echolocation,/mnt/ubna_data_01_mir/recover-20220825/UBNA_002/20220823_033000.WAV,Telephone Field,recover-20220825,002,1795
1289.4075,1289.4166,24609,31986,Eptesicus serotinus,0.008,0.022,-1,Echolocation,/mnt/ubna_data_01_mir/recover-20220825/UBNA_002/20220823_033000.WAV,Telephone Field,recover-20220825,002,1795
1289.4315,1289.4436,22890,27899,Nyctalus leisleri,0.012,0.022,-1,Echolocation,/mnt/ubna_data_01_mir/recover-20220825/UBNA_002/20220823_033000.WAV,Telephone Field,recover-20220825,002,1795
1289.4415,1289.4775,68437,81180,Rhinolophus ferrumequinum,0.022,0.022,-1,Echolocation,/mnt/ubna_data_01_mir/recover-20220825/UBNA_002/20220823_033000.WAV,Telephone Field,recover-20220825,002,1795
1289.4495,1289.4919,68437,82991,Rhinolophus ferrumequinum,0.022,0.022,-1,Echolocation,/mnt/ubna_data_01_mir/recover-20220825/UBNA_002/20220823_033000.WAV,Telephone Field,recover-20220825,002,1795
1289.4965,1289.5064,24609,31176,Nyctalus leisleri,0.008,0.023,-1,Echolocation,/mnt/ubna_data_01_mir/recover-20220825/UBNA_002/20220823_033000.WAV,Telephone Field,recover-20220825,002,1795
1289.5045,1289.5391,68437,80225,Rhinolophus ferrumequinum,0.022,0.022,-1,Echolocation,/mnt/ubna_data_01_mir/recover-20220825/UBNA_002/20220823_033000.WAV,Telephone Field,recover-20220825,002,1795
1289.5555,1289.5928,68437,81304,Rhinolophus ferrumequinum,0.028,0.028,-1,Echolocation,/mnt/ubna_data_01_mir/recover-20220825/UBNA_002/20220823_033000.WAV,Telephone Field,recover-20220825,002,1795
1289.5895,1289.5985,23750,31079,Eptesicus serotinus,0.006,0.022,-1,Echolocation,/mnt/ubna_data_01_mir/recover-20220825/UBNA_002/20220823_033000.WAV,Telephone Field,recover-20220825,002,1795
1289.5945,1289.6321,68437,81844,Rhinolophus ferrumequinum,0.025,0.025,-1,Echolocation,/mnt/ubna_data_01_mir/recover-20220825/UBNA_002/20220823_033000.WAV,Telephone Field,recover-20220825,002,1795
1289.5965,1289.6079,35781,42262,Pipistrellus nathusii,0.006,0.023,-1,Echolocation,/mnt/ubna_data_01_mir/recover-20220825/UBNA_002/20220823_033000.WAV,Telephone Field,recover-20220825,002,1795
1289.6245,1289.6616,68437,81996,Rhinolophus ferrumequinum,0.022,0.022,-1,Echolocation,/mnt/ubna_data_01_mir/recover-20220825/UBNA_002/20220823_033000.WAV,Telephone Field,recover-20220825,002,1795
1289.6405,1289.6813,68437,82058,Rhinolophus ferrumequinum,0.021,0.021,-1,Echolocation,/mnt/ubna_data_01_mir/recover-20220825/UBNA_002/20220823_033000.WAV,Telephone Field,recover-20220825,002,1795
1289.6435,1289.654,23750,29421,Nyctalus leisleri,0.01,0.022,-1,Echolocation,/mnt/ubna_data_01_mir/recover-20220825/UBNA_002/20220823_033000.WAV,Telephone Field,recover-20220825,002,1795
1289.6645,1289.6974,68437,81197,Rhinolophus ferrumequinum,0.028,0.028,-1,Echolocation,/mnt/ubna_data_01_mir/recover-20220825/UBNA_002/20220823_033000.WAV,Telephone Field,recover-20220825,002,1795
1289.7085,1289.7469,68437,82565,Rhinolophus ferrumequinum,0.038,0.038,-1,Echolocation,/mnt/ubna_data_01_mir/recover-20220825/UBNA_002/20220823_033000.WAV,Telephone Field,recover-20220825,002,1795
1289.7315,1289.7705,68437,82456,Rhinolophus ferrumequinum,0.022,0.022,-1,Echolocation,/mnt/ubna_data_01_mir/recover-20220825/UBNA_002/20220823_033000.WAV,Telephone Field,recover-20220825,002,1795
1289.7455,1289.7517,24609,34693,Plecotus austriacus,0.015,0.036,-1,Echolocation,/mnt/ubna_data_01_mir/recover-20220825/UBNA_002/20220823_033000.WAV,Telephone Field,recover-20220825,002,1795
1289.7485,1289.7879,68437,82676,Rhinolophus ferrumequinum,0.023,0.023,-1,Echolocation,/mnt/ubna_data_01_mir/recover-20220825/UBNA_002/20220823_033000.WAV,Telephone Field,recover-20220825,002,1795
1289.7585,1289.7964,68437,81850,Rhinolophus ferrumequinum,0.021,0.021,-1,Echolocation,/mnt/ubna_data_01_mir/recover-20220825/UBNA_002/20220823_033000.WAV,Telephone Field,recover-20220825,002,1795
1289.7855,1289.7957,23750,29322,Nyctalus leisleri,0.012,0.027,-1,Echolocation,/mnt/ubna_data_01_mir/recover-20220825/UBNA_002/20220823_033000.WAV,Telephone Field,recover-20220825,002,1795
1289.7985,1289.8399,68437,83166,Rhinolophus ferrumequinum,0.026,0.026,-1,Echolocation,/mnt/ubna_data_01_mir/recover-20220825/UBNA_002/20220823_033000.WAV,Telephone Field,recover-20220825,002,1795
1289.8145,1289.8521,68437,81943,Rhinolophus ferrumequinum,0.021,0.021,-1,Echolocation,/mnt/ubna_data_01_mir/recover-20220825/UBNA_002/20220823_033000.WAV,Telephone Field,recover-20220825,002,1795
1289.8265,1289.8406,23750,28389,Nyctalus leisleri,0.049,0.116,-1,Echolocation,/mnt/ubna_data_01_mir/recover-20220825/UBNA_002/20220823_033000.WAV,Telephone Field,recover-20220825,002,1795
1289.8405,1289.8774,68437,82297,Rhinolophus ferrumequinum,0.023,0.023,-1,Echolocation,/mnt/ubna_data_01_mir/recover-20220825/UBNA_002/20220823_033000.WAV,Telephone Field,recover-20220825,002,1795
1289.8545,1289.8885,68437,81005,Rhinolophus ferrumequinum,0.025,0.025,-1,Echolocation,/mnt/ubna_data_01_mir/recover-20220825/UBNA_002/20220823_033000.WAV,Telephone Field,recover-20220825,002,1795
1289.8605,1289.8971,68437,81535,Rhinolophus ferrumequinum,0.022,0.022,-1,Echolocation,/mnt/ubna_data_01_mir/recover-20220825/UBNA_002/20220823_033000.WAV,Telephone Field,recover-20220825,002,1795
1289.9245,1289.9608,68437,81201,Rhinolophus ferrumequinum,0.021,0.021,-1,Echolocation,/mnt/ubna_data_01_mir/recover-20220825/UBNA_002/20220823_033000.WAV,Telephone Field,recover-20220825,002,1795
1289.9595,1289.9962,68437,81890,Rhinolophus ferrumequinum,0.021,0.021,-1,Echolocation,/mnt/ubna_data_01_mir/recover-20220825/UBNA_002/20220823_033000.WAV,Telephone Field,recover-20220825,002,1795
1290.0015,1290.0358,68437,79677,Rhinolophus ferrumequinum,0.037,0.037,-1,Echolocation,/mnt/ubna_data_01_mir/recover-20220825/UBNA_002/20220823_033000.WAV,Telephone Field,recover-20220825,002,1795
1290.0015,1290.0099,45234,50554,Pipistrellus pipistrellus,0.038,0.046,-1,Echolocation,/mnt/ubna_data_01_mir/recover-20220825/UBNA_002/20220823_033000.WAV,Telephone Field,recover-20220825,002,1795
1290.0015,1290.0104,23750,31481,Nyctalus leisleri,0.009,0.025,-1,Echolocation,/mnt/ubna_data_01_mir/recover-20220825/UBNA_002/20220823_033000.WAV,Telephone Field,recover-20220825,002,1795
1290.0125,1290.0531,68437,82070,Rhinolophus ferrumequinum,0.022,0.022,-1,Echolocation,/mnt/ubna_data_01_mir/recover-20220825/UBNA_002/20220823_033000.WAV,Telephone Field,recover-20220825,002,1795
1290.0195,1290.0289,28906,39112,Eptesicus serotinus,0.01,0.027,-1,Echolocation,/mnt/ubna_data_01_mir/recover-20220825/UBNA_002/20220823_033000.WAV,Telephone Field,recover-20220825,002,1795
1290.0455,1290.0529,28046,44962,Eptesicus serotinus,0.007,0.022,-1,Echolocation,/mnt/ubna_data_01_mir/recover-20220825/UBNA_002/20220823_033000.WAV,Telephone Field,recover-20220825,002,1795
1290.0525,1290.095,68437,82479,Rhinolophus ferrumequinum,0.025,0.025,-1,Echolocation,/mnt/ubna_data_01_mir/recover-20220825/UBNA_002/20220823_033000.WAV,Telephone Field,recover-20220825,002,1795
1290.0935,1290.1028,28906,37244,Eptesicus serotinus,0.009,0.022,-1,Echolocation,/mnt/ubna_data_01_mir/recover-20220825/UBNA_002/20220823_033000.WAV,Telephone Field,recover-20220825,002,1795
1290.0955,1290.1337,68437,82364,Rhinolophus ferrumequinum,0.024,0.024,-1,Echolocation,/mnt/ubna_data_01_mir/recover-20220825/UBNA_002/20220823_033000.WAV,Telephone Field,recover-20220825,002,1795
1290.1535,1290.1936,68437,82566,Rhinolophus ferrumequinum,0.022,0.022,-1,Echolocation,/mnt/ubna_data_01_mir/recover-20220825/UBNA_002/20220823_033000.WAV,Telephone Field,recover-20220825,002,1795
1290.1605,1290.2011,68437,82760,Rhinolophus ferrumequinum,0.022,0.022,-1,Echolocation,/mnt/ubna_data_01_mir/recover-20220825/UBNA_002/20220823_033000.WAV,Telephone Field,recover-20220825,002,1795
1290.1615,1290.1687,23750,36634,Plecotus austriacus,0.01,0.026,-1,Echolocation,/mnt/ubna_data_01_mir/recover-20220825/UBNA_002/20220823_033000.WAV,Telephone Field,recover-20220825,002,1795
1290.1695,1290.2095,68437,82151,Rhinolophus ferrumequinum,0.026,0.026,-1,Echolocation,/mnt/ubna_data_01_mir/recover-20220825/UBNA_002/20220823_033000.WAV,Telephone Field,recover-20220825,002,1795
1290.1835,1290.1937,25468,33051,Eptesicus serotinus,0.011,0.025,-1,Echolocation,/mnt/ubna_data_01_mir/recover-20220825/UBNA_002/20220823_033000.WAV,Telephone Field,recover-20220825,002,1795
1290.1855,1290.2246,68437,82208,Rhinolophus ferrumequinum,0.023,0.023,-1,Echolocation,/mnt/ubna_data_01_mir/recover-20220825/UBNA_002/20220823_033000.WAV,Telephone Field,recover-20220825,002,1795
1290.2045,1290.2431,68437,82933,Rhinolophus ferrumequinum,0.023,0.023,-1,Echolocation,/mnt/ubna_data_01_mir/recover-20220825/UBNA_002/20220823_033000.WAV,Telephone Field,recover-20220825,002,1795
1290.2115,1290.2498,68437,82467,Rhinolophus ferrumequinum,0.025,0.025,-1,Echolocation,/mnt/ubna_data_01_mir/recover-20220825/UBNA_002/20220823_033000.WAV,Telephone Field,recover-20220825,002,1795
1290.2535,1290.2628,28906,40980,Eptesicus serotinus,0.008,0.022,-1,Echolocation,/mnt/ubna_data_01_mir/recover-20220825/UBNA_002/20220823_033000.WAV,Telephone Field,recover-20220825,002,1795
1290.3025,1290.3113,23750,31078,Plecotus austriacus,0.007,0.023,-1,Echolocation,/mnt/ubna_data_01_mir/recover-20220825/UBNA_002/20220823_033000.WAV,Telephone Field,recover-20220825,002,1795
1290.3265,1290.371,68437,83378,Rhinolophus ferrumequinum,0.031,0.031,-1,Echolocation,/mnt/ubna_data_01_mir/recover-20220825/UBNA_002/20220823_033000.WAV,Telephone Field,recover-20220825,002,1795
1290.3495,1290.388,68437,81920,Rhinolophus ferrumequinum,0.025,0.025,-1,Echolocation,/mnt/ubna_data_01_mir/recover-20220825/UBNA_002/20220823_033000.WAV,Telephone Field,recover-20220825,002,1795
1290.3605,1290.3982,68437,81609,Rhinolophus ferrumequinum,0.022,0.022,-1,Echolocation,/mnt/ubna_data_01_mir/recover-20220825/UBNA_002/20220823_033000.WAV,Telephone Field,recover-20220825,002,1795
1290.4195,1290.457,68437,82171,Rhinolophus ferrumequinum,0.024,0.024,-1,Echolocation,/mnt/ubna_data_01_mir/recover-20220825/UBNA_002/20220823_033000.WAV,Telephone Field,recover-20220825,002,1795
1290.4275,1290.4637,68437,81730,Rhinolophus ferrumequinum,0.026,0.026,-1,Echolocation,/mnt/ubna_data_01_mir/recover-20220825/UBNA_002/20220823_033000.WAV,Telephone Field,recover-20220825,002,1795
1290.4355,1290.4745,68437,82661,Rhinolophus ferrumequinum,0.024,0.024,-1,Echolocation,/mnt/ubna_data_01_mir/recover-20220825/UBNA_002/20220823_033000.WAV,Telephone Field,recover-20220825,002,1795
1290.4475,1290.4878,68437,82359,Rhinolophus ferrumequinum,0.022,0.022,-1,Echolocation,/mnt/ubna_data_01_mir/recover-20220825/UBNA_002/20220823_033000.WAV,Telephone Field,recover-20220825,002,1795
1290.4565,1290.4959,68437,82316,Rhinolophus ferrumequinum,0.022,0.022,-1,Echolocation,/mnt/ubna_data_01_mir/recover-20220825/UBNA_002/20220823_033000.WAV,Telephone Field,recover-20220825,002,1795
1290.4725,1290.5113,68437,82005,Rhinolophus ferrumequinum,0.023,0.023,-1,Echolocation,/mnt/ubna_data_01_mir/recover-20220825/UBNA_002/20220823_033000.WAV,Telephone Field,recover-20220825,002,1795
1290.4805,1290.5186,68437,82414,Rhinolophus ferrumequinum,0.022,0.022,-1,Echolocation,/mnt/ubna_data_01_mir/recover-20220825/UBNA_002/20220823_033000.WAV,Telephone Field,recover-20220825,002,1795
1290.4925,1290.5069,23750,28669,Nyctalus leisleri,0.02,0.047,-1,Echolocation,/mnt/ubna_data_01_mir/recover-20220825/UBNA_002/20220823_033000.WAV,Telephone Field,recover-20220825,002,1795
1290.5355,1290.5765,68437,82541,Rhinolophus ferrumequinum,0.04,0.04,-1,Echolocation,/mnt/ubna_data_01_mir/recover-20220825/UBNA_002/20220823_033000.WAV,Telephone Field,recover-20220825,002,1795
1290.5465,1290.5574,24609,31356,Nyctalus leisleri,0.012,0.034,-1,Echolocation,/mnt/ubna_data_01_mir/recover-20220825/UBNA_002/20220823_033000.WAV,Telephone Field,recover-20220825,002,1795
1290.5505,1290.5614,35781,41083,Pipistrellus nathusii,0.016,0.035,-1,Echolocation,/mnt/ubna_data_01_mir/recover-20220825/UBNA_002/20220823_033000.WAV,Telephone Field,recover-20220825,002,1795
1290.5695,1290.6102,68437,82562,Rhinolophus ferrumequinum,0.031,0.031,-1,Echolocation,/mnt/ubna_data_01_mir/recover-20220825/UBNA_002/20220823_033000.WAV,Telephone Field,recover-20220825,002,1795
1290.5795,1290.6175,68437,82444,Rhinolophus ferrumequinum,0.023,0.024,-1,Echolocation,/mnt/ubna_data_01_mir/recover-20220825/UBNA_002/20220823_033000.WAV,Telephone Field,recover-20220825,002,1795
1290.5925,1290.6005,27187,38517,Eptesicus serotinus,0.007,0.023,-1,Echolocation,/mnt/ubna_data_01_mir/recover-20220825/UBNA_002/20220823_033000.WAV,Telephone Field,recover-20220825,002,1795
1290.6085,1290.6149,25468,37847,Plecotus austriacus,0.009,0.03,-1,Echolocation,/mnt/ubna_data_01_mir/recover-20220825/UBNA_002/20220823_033000.WAV,Telephone Field,recover-20220825,002,1795
1290.6295,1290.6707,68437,83035,Rhinolophus ferrumequinum,0.026,0.026,-1,Echolocation,/mnt/ubna_data_01_mir/recover-20220825/UBNA_002/20220823_033000.WAV,Telephone Field,recover-20220825,002,1795
1290.6315,1290.6454,24609,33052,Eptesicus serotinus,0.336,0.57,-1,Echolocation,/mnt/ubna_data_01_mir/recover-20220825/UBNA_002/20220823_033000.WAV,Telephone Field,recover-20220825,002,1795
1290.6545,1290.6904,68437,81746,Rhinolophus ferrumequinum,0.021,0.022,-1,Echolocation,/mnt/ubna_data_01_mir/recover-20220825/UBNA_002/20220823_033000.WAV,Telephone Field,recover-20220825,002,1795
1290.6665,1290.7043,68437,81760,Rhinolophus ferrumequinum,0.022,0.022,-1,Echolocation,/mnt/ubna_data_01_mir/recover-20220825/UBNA_002/20220823_033000.WAV,Telephone Field,recover-20220825,002,1795
1290.6885,1290.6982,27187,36418,Eptesicus serotinus,0.014,0.027,-1,Echolocation,/mnt/ubna_data_01_mir/recover-20220825/UBNA_002/20220823_033000.WAV,Telephone Field,recover-20220825,002,1795
1290.7085,1290.7505,68437,83268,Rhinolophus ferrumequinum,0.033,0.033,-1,Echolocation,/mnt/ubna_data_01_mir/recover-20220825/UBNA_002/20220823_033000.WAV,Telephone Field,recover-20220825,002,1795
1290.7255,1290.7339,50390,56062,Pipistrellus pipistrellus,0.028,0.033,-1,Echolocation,/mnt/ubna_data_01_mir/recover-20220825/UBNA_002/20220823_033000.WAV,Telephone Field,recover-20220825,002,1795
1290.7295,1290.7685,68437,82154,Rhinolophus ferrumequinum,0.022,0.022,-1,Echolocation,/mnt/ubna_data_01_mir/recover-20220825/UBNA_002/20220823_033000.WAV,Telephone Field,recover-20220825,002,1795
1290.7515,1290.7598,46953,54038,Pipistrellus pipistrellus,0.021,0.022,-1,Echolocation,/mnt/ubna_data_01_mir/recover-20220825/UBNA_002/20220823_033000.WAV,Telephone Field,recover-20220825,002,1795
1290.7675,1290.8071,68437,82116,Rhinolophus ferrumequinum,0.023,0.023,-1,Echolocation,/mnt/ubna_data_01_mir/recover-20220825/UBNA_002/20220823_033000.WAV,Telephone Field,recover-20220825,002,1795
1290.7705,1290.7819,22890,28100,Nyctalus leisleri,0.011,0.023,-1,Echolocation,/mnt/ubna_data_01_mir/recover-20220825/UBNA_002/20220823_033000.WAV,Telephone Field,recover-20220825,002,1795
1290.7905,1290.8325,68437,82209,Rhinolophus ferrumequinum,0.027,0.027,-1,Echolocation,/mnt/ubna_data_01_mir/recover-20220825/UBNA_002/20220823_033000.WAV,Telephone Field,recover-20220825,002,1795
1290.8585,1290.8688,26328,34719,Eptesicus serotinus,0.012,0.027,-1,Echolocation,/mnt/ubna_data_01_mir/recover-20220825/UBNA_002/20220823_033000.WAV,Telephone Field,recover-20220825,002,1795
1290.8655,1290.9037,68437,81767,Rhinolophus ferrumequinum,0.021,0.022,-1,Echolocation,/mnt/ubna_data_01_mir/recover-20220825/UBNA_002/20220823_033000.WAV,Telephone Field,recover-20220825,002,1795
1290.8815,1290.8942,24609,29880,Nyctalus leisleri,0.284,0.536,-1,Echolocation,/mnt/ubna_data_01_mir/recover-20220825/UBNA_002/20220823_033000.WAV,Telephone Field,recover-20220825,002,1795
1290.9035,1290.9431,68437,82111,Rhinolophus ferrumequinum,0.023,0.023,-1,Echolocation,/mnt/ubna_data_01_mir/recover-20220825/UBNA_002/20220823_033000.WAV,Telephone Field,recover-20220825,002,1795
1290.9425,1290.9539,23750,29371,Nyctalus leisleri,0.455,0.628,-1,Echolocation,/mnt/ubna_data_01_mir/recover-20220825/UBNA_002/20220823_033000.WAV,Telephone Field,recover-20220825,002,1795
1290.9985,1291.0087,44375,50125,Pipistrellus pipistrellus,0.023,0.028,-1,Echolocation,/mnt/ubna_data_01_mir/recover-20220825/UBNA_002/20220823_033000.WAV,Telephone Field,recover-20220825,002,1795
1291.0075,1291.0472,68437,82187,Rhinolophus ferrumequinum,0.042,0.042,-1,Echolocation,/mnt/ubna_data_01_mir/recover-20220825/UBNA_002/20220823_033000.WAV,Telephone Field,recover-20220825,002,1795
1291.0385,1291.0758,68437,82400,Rhinolophus ferrumequinum,0.022,0.022,-1,Echolocation,/mnt/ubna_data_01_mir/recover-20220825/UBNA_002/20220823_033000.WAV,Telephone Field,recover-20220825,002,1795
1291.0395,1291.047,47812,54735,Pipistrellus pipistrellus,0.023,0.024,-1,Echolocation,/mnt/ubna_data_01_mir/recover-20220825/UBNA_002/20220823_033000.WAV,Telephone Field,recover-20220825,002,1795
1291.0515,1291.0899,68437,82138,Rhinolophus ferrumequinum,0.026,0.026,-1,Echolocation,/mnt/ubna_data_01_mir/recover-20220825/UBNA_002/20220823_033000.WAV,Telephone Field,recover-20220825,002,1795
1291.0725,1291.1106,68437,82668,Rhinolophus ferrumequinum,0.024,0.024,-1,Echolocation,/mnt/ubna_data_01_mir/recover-20220825/UBNA_002/20220823_033000.WAV,Telephone Field,recover-20220825,002,1795
1291.0775,1291.0864,23750,30714,Plecotus austriacus,0.008,0.024,-1,Echolocation,/mnt/ubna_data_01_mir/recover-20220825/UBNA_002/20220823_033000.WAV,Telephone Field,recover-20220825,002,1795
1291.1015,1291.1393,68437,81689,Rhinolophus ferrumequinum,0.023,0.023,-1,Echolocation,/mnt/ubna_data_01_mir/recover-20220825/UBNA_002/20220823_033000.WAV,Telephone Field,recover-20220825,002,1795
1291.1115,1291.1213,28046,36549,Eptesicus serotinus,0.01,0.024,-1,Echolocation,/mnt/ubna_data_01_mir/recover-20220825/UBNA_002/20220823_033000.WAV,Telephone Field,recover-20220825,002,1795
1291.1295,1291.1433,24609,28929,Nyctalus leisleri,0.041,0.096,-1,Echolocation,/mnt/ubna_data_01_mir/recover-20220825/UBNA_002/20220823_033000.WAV,Telephone Field,recover-20220825,002,1795
1291.1445,1291.1809,68437,82003,Rhinolophus ferrumequinum,0.022,0.022,-1,Echolocation,/mnt/ubna_data_01_mir/recover-20220825/UBNA_002/20220823_033000.WAV,Telephone Field,recover-20220825,002,1795
1291.1505,1291.1874,68437,81949,Rhinolophus ferrumequinum,0.022,0.022,-1,Echolocation,/mnt/ubna_data_01_mir/recover-20220825/UBNA_002/20220823_033000.WAV,Telephone Field,recover-20220825,002,1795
1291.1785,1291.1859,25468,39089,Eptesicus serotinus,0.005,0.023,-1,Echolocation,/mnt/ubna_data_01_mir/recover-20220825/UBNA_002/20220823_033000.WAV,Telephone Field,recover-20220825,002,1795
1291.1875,1291.2285,68437,83316,Rhinolophus ferrumequinum,0.039,0.039,-1,Echolocation,/mnt/ubna_data_01_mir/recover-20220825/UBNA_002/20220823_033000.WAV,Telephone Field,recover-20220825,002,1795
1291.2065,1291.2174,22890,28974,Nyctalus leisleri,0.01,0.025,-1,Echolocation,/mnt/ubna_data_01_mir/recover-20220825/UBNA_002/20220823_033000.WAV,Telephone Field,recover-20220825,002,1795
1291.2235,1291.2335,25468,33441,Eptesicus serotinus,0.27,0.52,-1,Echolocation,/mnt/ubna_data_01_mir/recover-20220825/UBNA_002/20220823_033000.WAV,Telephone Field,recover-20220825,002,1795
1291.2455,1291.2829,68437,82249,Rhinolophus ferrumequinum,0.022,0.022,-1,Echolocation,/mnt/ubna_data_01_mir/recover-20220825/UBNA_002/20220823_033000.WAV,Telephone Field,recover-20220825,002,1795
1291.2605,1291.2732,39218,43412,Pipistrellus nathusii,0.039,0.052,-1,Echolocation,/mnt/ubna_data_01_mir/recover-20220825/UBNA_002/20220823_033000.WAV,Telephone Field,recover-20220825,002,1795
1291.2645,1291.3022,68437,82163,Rhinolophus ferrumequinum,0.022,0.022,-1,Echolocation,/mnt/ubna_data_01_mir/recover-20220825/UBNA_002/20220823_033000.WAV,Telephone Field,recover-20220825,002,1795
1291.3185,1291.3294,25468,32347,Eptesicus serotinus,0.01,0.023,-1,Echolocation,/mnt/ubna_data_01_mir/recover-20220825/UBNA_002/20220823_033000.WAV,Telephone Field,recover-20220825,002,1795
1291.4125,1291.422,54687,58310,Pipistrellus pygmaeus,0.028,0.029,-1,Echolocation,/mnt/ubna_data_01_mir/recover-20220825/UBNA_002/20220823_033000.WAV,Telephone Field,recover-20220825,002,1795
1291.4125,1291.4493,68437,82509,Rhinolophus ferrumequinum,0.023,0.023,-1,Echolocation,/mnt/ubna_data_01_mir/recover-20220825/UBNA_002/20220823_033000.WAV,Telephone Field,recover-20220825,002,1795
1291.4275,1291.4666,68437,81826,Rhinolophus ferrumequinum,0.024,0.024,-1,Echolocation,/mnt/ubna_data_01_mir/recover-20220825/UBNA_002/20220823_033000.WAV,Telephone Field,recover-20220825,002,1795
1291.4295,1291.438,44375,52995,Pipistrellus pipistrellus,0.021,0.025,-1,Echolocation,/mnt/ubna_data_01_mir/recover-20220825/UBNA_002/20220823_033000.WAV,Telephone Field,recover-20220825,002,1795
1291.4345,1291.4746,68437,82693,Rhinolophus ferrumequinum,0.025,0.025,-1,Echolocation,/mnt/ubna_data_01_mir/recover-20220825/UBNA_002/20220823_033000.WAV,Telephone Field,recover-20220825,002,1795
1291.4525,1291.4902,68437,82144,Rhinolophus ferrumequinum,0.022,0.022,-1,Echolocation,/mnt/ubna_data_01_mir/recover-20220825/UBNA_002/20220823_033000.WAV,Telephone Field,recover-20220825,002,1795
1291.4945,1291.5083,25468,31097,Nyctalus leisleri,0.076,0.194,-1,Echolocation,/mnt/ubna_data_01_mir/recover-20220825/UBNA_002/20220823_033000.WAV,Telephone Field,recover-20220825,002,1795
1291.5305,1291.5682,68437,82075,Rhinolophus ferrumequinum,0.03,0.03,-1,Echolocation,/mnt/ubna_data_01_mir/recover-20220825/UBNA_002/20220823_033000.WAV,Telephone Field,recover-20220825,002,1795
1291.5435,1291.5561,24609,30876,Nyctalus leisleri,0.011,0.029,-1,Echolocation,/mnt/ubna_data_01_mir/recover-20220825/UBNA_002/20220823_033000.WAV,Telephone Field,recover-20220825,002,1795
1291.5945,1291.6301,68437,81262,Rhinolophus ferrumequinum,0.024,0.024,-1,Echolocation,/mnt/ubna_data_01_mir/recover-20220825/UBNA_002/20220823_033000.WAV,Telephone Field,recover-20220825,002,1795
1291.6055,1291.6434,68437,82218,Rhinolophus ferrumequinum,0.026,0.026,-1,Echolocation,/mnt/ubna_data_01_mir/recover-20220825/UBNA_002/20220823_033000.WAV,Telephone Field,recover-20220825,002,1795
1291.6315,1291.64,28046,37420,Eptesicus serotinus,0.008,0.022,-1,Echolocation,/mnt/ubna_data_01_mir/recover-20220825/UBNA_002/20220823_033000.WAV,Telephone Field,recover-20220825,002,1795
1291.6375,1291.6821,68437,83291,Rhinolophus ferrumequinum,0.032,0.032,-1,Echolocation,/mnt/ubna_data_01_mir/recover-20220825/UBNA_002/20220823_033000.WAV,Telephone Field,recover-20220825,002,1795
1291.7035,1291.7366,68437,80396,Rhinolophus ferrumequinum,0.022,0.022,-1,Echolocation,/mnt/ubna_data_01_mir/recover-20220825/UBNA_002/20220823_033000.WAV,Telephone Field,recover-20220825,002,1795
1291.7185,1291.7584,68437,82497,Rhinolophus ferrumequinum,0.033,0.033,-1,Echolocation,/mnt/ubna_data_01_mir/recover-20220825/UBNA_002/20220823_033000.WAV,Telephone Field,recover-20220825,002,1795
1291.7315,1291.7445,23750,28494,Nyctalus leisleri,0.146,0.35,-1,Echolocation,/mnt/ubna_data_01_mir/recover-20220825/UBNA_002/20220823_033000.WAV,Telephone Field,recover-20220825,002,1795
1291.7515,1291.7604,28046,37183,Eptesicus serotinus,0.008,0.022,-1,Echolocation,/mnt/ubna_data_01_mir/recover-20220825/UBNA_002/20220823_033000.WAV,Telephone Field,recover-20220825,002,1795
1291.7545,1291.7959,68437,83466,Rhinolophus ferrumequinum,0.039,0.039,-1,Echolocation,/mnt/ubna_data_01_mir/recover-20220825/UBNA_002/20220823_033000.WAV,Telephone Field,recover-20220825,002,1795
1291.7685,1291.7745,24609,41655,Plecotus austriacus,0.013,0.035,-1,Echolocation,/mnt/ubna_data_01_mir/recover-20220825/UBNA_002/20220823_033000.WAV,Telephone Field,recover-20220825,002,1795
1291.7835,1291.7922,28046,36334,Eptesicus serotinus,0.009,0.024,-1,Echolocation,/mnt/ubna_data_01_mir/recover-20220825/UBNA_002/20220823_033000.WAV,Telephone Field,recover-20220825,002,1795
1291.8025,1291.8102,28046,40057,Eptesicus serotinus,0.008,0.026,-1,Echolocation,/mnt/ubna_data_01_mir/recover-20220825/UBNA_002/20220823_033000.WAV,Telephone Field,recover-20220825,002,1795
1291.8055,1291.8455,68437,82554,Rhinolophus ferrumequinum,0.032,0.032,-1,Echolocation,/mnt/ubna_data_01_mir/recover-20220825/UBNA_002/20220823_033000.WAV,Telephone Field,recover-20220825,002,1795
1291.8135,1291.8539,68437,81850,Rhinolophus ferrumequinum,0.028,0.028,-1,Echolocation,/mnt/ubna_data_01_mir/recover-20220825/UBNA_002/20220823_033000.WAV,Telephone Field,recover-20220825,002,1795
1291.8175,1291.826,54687,59605,Pipistrellus pygmaeus,0.023,0.024,-1,Echolocation,/mnt/ubna_data_01_mir/recover-20220825/UBNA_002/20220823_033000.WAV,Telephone Field,recover-20220825,002,1795
1291.8235,1291.8649,68437,82509,Rhinolophus ferrumequinum,0.035,0.035,-1,Echolocation,/mnt/ubna_data_01_mir/recover-20220825/UBNA_002/20220823_033000.WAV,Telephone Field,recover-20220825,002,1795
1291.8295,1291.8405,30625,38222,Eptesicus serotinus,0.01,0.023,-1,Echolocation,/mnt/ubna_data_01_mir/recover-20220825/UBNA_002/20220823_033000.WAV,Telephone Field,recover-20220825,002,1795
1291.8615,1291.9007,68437,82154,Rhinolophus ferrumequinum,0.025,0.025,-1,Echolocation,/mnt/ubna_data_01_mir/recover-20220825/UBNA_002/20220823_033000.WAV,Telephone Field,recover-20220825,002,1795
1291.8645,1291.8755,22890,28306,Nyctalus leisleri,0.011,0.023,-1,Echolocation,/mnt/ubna_data_01_mir/recover-20220825/UBNA_002/20220823_033000.WAV,Telephone Field,recover-20220825,002,1795
1291.8795,1291.9191,68437,82259,Rhinolophus ferrumequinum,0.022,0.022,-1,Echolocation,/mnt/ubna_data_01_mir/recover-20220825/UBNA_002/20220823_033000.WAV,Telephone Field,recover-20220825,002,1795
1291.8855,1291.893,28906,37659,Eptesicus serotinus,0.009,0.027,-1,Echolocation,/mnt/ubna_data_01_mir/recover-20220825/UBNA_002/20220823_033000.WAV,Telephone Field,recover-20220825,002,1795
1291.8895,1291.9294,68437,83167,Rhinolophus ferrumequinum,0.026,0.026,-1,Echolocation,/mnt/ubna_data_01_mir/recover-20220825/UBNA_002/20220823_033000.WAV,Telephone Field,recover-20220825,002,1795
1291.9265,1291.9663,68437,82104,Rhinolophus ferrumequinum,0.023,0.023,-1,Echolocation,/mnt/ubna_data_01_mir/recover-20220825/UBNA_002/20220823_033000.WAV,Telephone Field,recover-20220825,002,1795
1291.9355,1291.9738,68437,81920,Rhinolophus ferrumequinum,0.023,0.023,-1,Echolocation,/mnt/ubna_data_01_mir/recover-20220825/UBNA_002/20220823_033000.WAV,Telephone Field,recover-20220825,002,1795
1291.9435,1291.9524,28906,39701,Eptesicus serotinus,0.009,0.026,-1,Echolocation,/mnt/ubna_data_01_mir/recover-20220825/UBNA_002/20220823_033000.WAV,Telephone Field,recover-20220825,002,1795
1291.9835,1291.9912,28046,43936,Eptesicus serotinus,0.009,0.029,-1,Echolocation,/mnt/ubna_data_01_mir/recover-20220825/UBNA_002/20220823_033000.WAV,Telephone Field,recover-20220825,002,1795
1292.0015,1292.0361,68437,80528,Rhinolophus ferrumequinum,0.054,0.054,-1,Echolocation,/mnt/ubna_data_01_mir/recover-20220825/UBNA_002/20220823_033000.WAV,Telephone Field,recover-20220825,002,1795
1292.0015,1292.0135,21171,25952,Nyctalus leisleri,0.018,0.041,-1,Echolocation,/mnt/ubna_data_01_mir/recover-20220825/UBNA_002/20220823_033000.WAV,Telephone Field,recover-20220825,002,1795
1292.0075,1292.0504,68437,82422,Rhinolophus ferrumequinum,0.022,0.022,-1,Echolocation,/mnt/ubna_data_01_mir/recover-20220825/UBNA_002/20220823_033000.WAV,Telephone Field,recover-20220825,002,1795
1292.0155,1292.0596,68437,83445,Rhinolophus ferrumequinum,0.021,0.021,-1,Echolocation,/mnt/ubna_data_01_mir/recover-20220825/UBNA_002/20220823_033000.WAV,Telephone Field,recover-20220825,002,1795
1292.0535,1292.0633,47812,52090,Pipistrellus pipistrellus,0.022,0.024,-1,Echolocation,/mnt/ubna_data_01_mir/recover-20220825/UBNA_002/20220823_033000.WAV,Telephone Field,recover-20220825,002,1795
1292.0555,1292.0971,68437,82971,Rhinolophus ferrumequinum,0.029,0.029,-1,Echolocation,/mnt/ubna_data_01_mir/recover-20220825/UBNA_002/20220823_033000.WAV,Telephone Field,recover-20220825,002,1795
1292.0585,1292.0707,22890,27159,Nyctalus leisleri,0.016,0.028,-1,Echolocation,/mnt/ubna_data_01_mir/recover-20220825/UBNA_002/20220823_033000.WAV,Telephone Field,recover-20220825,002,1795
1292.1205,1292.1339,26328,32580,Eptesicus serotinus,0.014,0.028,-1,Echolocation,/mnt/ubna_data_01_mir/recover-20220825/UBNA_002/20220823_033000.WAV,Telephone Field,recover-20220825,002,1795
1292.1295,1292.1673,68437,82226,Rhinolophus ferrumequinum,0.026,0.026,-1,Echolocation,/mnt/ubna_data_01_mir/recover-20220825/UBNA_002/20220823_033000.WAV,Telephone Field,recover-20220825,002,1795
1292.1695,1292.2072,68437,82289,Rhinolophus ferrumequinum,0.021,0.021,-1,Echolocation,/mnt/ubna_data_01_mir/recover-20220825/UBNA_002/20220823_033000.WAV,Telephone Field,recover-20220825,002,1795
1292.1805,1292.1907,28046,35963,Eptesicus serotinus,0.009,0.023,-1,Echolocation,/mnt/ubna_data_01_mir/recover-20220825/UBNA_002/20220823_033000.WAV,Telephone Field,recover-20220825,002,1795
1292.1885,1292.1975,28906,36586,Eptesicus serotinus,0.008,0.022,-1,Echolocation,/mnt/ubna_data_01_mir/recover-20220825/UBNA_002/20220823_033000.WAV,Telephone Field,recover-20220825,002,1795
1292.2045,1292.2418,68437,81476,Rhinolophus ferrumequinum,0.021,0.021,-1,Echolocation,/mnt/ubna_data_01_mir/recover-20220825/UBNA_002/20220823_033000.WAV,Telephone Field,recover-20220825,002,1795
1292.2125,1292.2491,68437,81336,Rhinolophus ferrumequinum,0.023,0.023,-1,Echolocation,/mnt/ubna_data_01_mir/recover-20220825/UBNA_002/20220823_033000.WAV,Telephone Field,recover-20220825,002,1795
1292.2325,1292.2711,68437,82355,Rhinolophus ferrumequinum,0.021,0.021,-1,Echolocation,/mnt/ubna_data_01_mir/recover-20220825/UBNA_002/20220823_033000.WAV,Telephone Field,recover-20220825,002,1795
1292.2505,1292.2607,43515,48244,Pipistrellus pipistrellus,0.02,0.028,-1,Echolocation,/mnt/ubna_data_01_mir/recover-20220825/UBNA_002/20220823_033000.WAV,Telephone Field,recover-20220825,002,1795
1292.3175,1292.3269,30625,44202,Myotis daubentonii,0.008,0.026,-1,Echolocation,/mnt/ubna_data_01_mir/recover-20220825/UBNA_002/20220823_033000.WAV,Telephone Field,recover-20220825,002,1795
1292.3305,1292.3719,68437,82284,Rhinolophus ferrumequinum,0.024,0.024,-1,Echolocation,/mnt/ubna_data_01_mir/recover-20220825/UBNA_002/20220823_033000.WAV,Telephone Field,recover-20220825,002,1795
1292.3405,1292.3808,68437,82441,Rhinolophus ferrumequinum,0.023,0.023,-1,Echolocation,/mnt/ubna_data_01_mir/recover-20220825/UBNA_002/20220823_033000.WAV,Telephone Field,recover-20220825,002,1795
1292.3505,1292.3917,68437,83039,Rhinolophus ferrumequinum,0.022,0.022,-1,Echolocation,/mnt/ubna_data_01_mir/recover-20220825/UBNA_002/20220823_033000.WAV,Telephone Field,recover-20220825,002,1795
1292.3515,1292.3598,28046,39479,Eptesicus serotinus,0.009,0.025,-1,Echolocation,/mnt/ubna_data_01_mir/recover-20220825/UBNA_002/20220823_033000.WAV,Telephone Field,recover-20220825,002,1795
1292.3605,1292.3999,68437,82195,Rhinolophus ferrumequinum,0.021,0.021,-1,Echolocation,/mnt/ubna_data_01_mir/recover-20220825/UBNA_002/20220823_033000.WAV,Telephone Field,recover-20220825,002,1795
1292.3825,1292.4208,68437,82476,Rhinolophus ferrumequinum,0.029,0.029,-1,Echolocation,/mnt/ubna_data_01_mir/recover-20220825/UBNA_002/20220823_033000.WAV,Telephone Field,recover-20220825,002,1795
1292.3995,1292.4367,68437,81700,Rhinolophus ferrumequinum,0.021,0.021,-1,Echolocation,/mnt/ubna_data_01_mir/recover-20220825/UBNA_002/20220823_033000.WAV,Telephone Field,recover-20220825,002,1795
1292.4185,1292.4268,28046,39363,Eptesicus serotinus,0.008,0.022,-1,Echolocation,/mnt/ubna_data_01_mir/recover-20220825/UBNA_002/20220823_033000.WAV,Telephone Field,recover-20220825,002,1795
1292.4555,1292.4969,68437,83256,Rhinolophus ferrumequinum,0.024,0.024,-1,Echolocation,/mnt/ubna_data_01_mir/recover-20220825/UBNA_002/20220823_033000.WAV,Telephone Field,recover-20220825,002,1795
1292.4655,1292.4741,28046,38583,Eptesicus serotinus,0.007,0.021,-1,Echolocation,/mnt/ubna_data_01_mir/recover-20220825/UBNA_002/20220823_033000.WAV,Telephone Field,recover-20220825,002,1795
1292.4925,1292.5002,28046,38160,Eptesicus serotinus,0.008,0.028,-1,Echolocation,/mnt/ubna_data_01_mir/recover-20220825/UBNA_002/20220823_033000.WAV,Telephone Field,recover-20220825,002,1795
1292.5065,1292.5475,68437,82645,Rhinolophus ferrumequinum,0.03,0.03,-1,Echolocation,/mnt/ubna_data_01_mir/recover-20220825/UBNA_002/20220823_033000.WAV,Telephone Field,recover-20220825,002,1795
1292.5215,1292.5318,52109,59391,Pipistrellus pipistrellus,0.016,0.025,-1,Echolocation,/mnt/ubna_data_01_mir/recover-20220825/UBNA_002/20220823_033000.WAV,Telephone Field,recover-20220825,002,1795
1292.5705,1292.6059,68437,81180,Rhinolophus ferrumequinum,0.022,0.022,-1,Echolocation,/mnt/ubna_data_01_mir/recover-20220825/UBNA_002/20220823_033000.WAV,Telephone Field,recover-20220825,002,1795
1292.5835,1292.5933,28046,36509,Eptesicus serotinus,0.01,0.022,-1,Echolocation,/mnt/ubna_data_01_mir/recover-20220825/UBNA_002/20220823_033000.WAV,Telephone Field,recover-20220825,002,1795
1292.6625,1292.6697,28906,39419,Myotis daubentonii,0.007,0.027,-1,Echolocation,/mnt/ubna_data_01_mir/recover-20220825/UBNA_002/20220823_033000.WAV,Telephone Field,recover-20220825,002,1795
1292.6765,1292.7159,68437,82729,Rhinolophus ferrumequinum,0.022,0.022,-1,Echolocation,/mnt/ubna_data_01_mir/recover-20220825/UBNA_002/20220823_033000.WAV,Telephone Field,recover-20220825,002,1795
1292.7045,1292.7474,68437,83133,Rhinolophus ferrumequinum,0.026,0.026,-1,Echolocation,/mnt/ubna_data_01_mir/recover-20220825/UBNA_002/20220823_033000.WAV,Telephone Field,recover-20220825,002,1795
1292.7295,1292.7412,24609,29990,Nyctalus leisleri,0.01,0.025,-1,Echolocation,/mnt/ubna_data_01_mir/recover-20220825/UBNA_002/20220823_033000.WAV,Telephone Field,recover-20220825,002,1795
1292.7575,1292.7929,68437,82041,Rhinolophus ferrumequinum,0.029,0.029,-1,Echolocation,/mnt/ubna_data_01_mir/recover-20220825/UBNA_002/20220823_033000.WAV,Telephone Field,recover-20220825,002,1795
1292.7715,1292.7797,27187,38055,Eptesicus serotinus,0.007,0.021,-1,Echolocation,/mnt/ubna_data_01_mir/recover-20220825/UBNA_002/20220823_033000.WAV,Telephone Field,recover-20220825,002,1795
1292.7795,1292.792,22890,27667,Nyctalus leisleri,0.012,0.023,-1,Echolocation,/mnt/ubna_data_01_mir/recover-20220825/UBNA_002/20220823_033000.WAV,Telephone Field,recover-20220825,002,1795
1292.7855,1292.8013,22031,25372,Nyctalus leisleri,0.013,0.022,-1,Echolocation,/mnt/ubna_data_01_mir/recover-20220825/UBNA_002/20220823_033000.WAV,Telephone Field,recover-20220825,002,1795
1292.7965,1292.8378,68437,82752,Rhinolophus ferrumequinum,0.024,0.024,-1,Echolocation,/mnt/ubna_data_01_mir/recover-20220825/UBNA_002/20220823_033000.WAV,Telephone Field,recover-20220825,002,1795
1292.8105,1292.8185,47812,52992,Pipistrellus pipistrellus,0.023,0.024,-1,Echolocation,/mnt/ubna_data_01_mir/recover-20220825/UBNA_002/20220823_033000.WAV,Telephone Field,recover-20220825,002,1795
1292.8265,1292.8644,68437,81600,Rhinolophus ferrumequinum,0.024,0.024,-1,Echolocation,/mnt/ubna_data_01_mir/recover-20220825/UBNA_002/20220823_033000.WAV,Telephone Field,recover-20220825,002,1795
1292.8365,1292.8766,68437,82333,Rhinolophus ferrumequinum,0.022,0.022,-1,Echolocation,/mnt/ubna_data_01_mir/recover-20220825/UBNA_002/20220823_033000.WAV,Telephone Field,recover-20220825,002,1795
1292.8435,1292.8539,23750,29826,Nyctalus leisleri,0.009,0.023,-1,Echolocation,/mnt/ubna_data_01_mir/recover-20220825/UBNA_002/20220823_033000.WAV,Telephone Field,recover-20220825,002,1795
1292.8585,1292.8964,68437,81401,Rhinolophus ferrumequinum,0.021,0.021,-1,Echolocation,/mnt/ubna_data_01_mir/recover-20220825/UBNA_002/20220823_033000.WAV,Telephone Field,recover-20220825,002,1795
1292.8925,1292.9309,68437,82895,Rhinolophus ferrumequinum,0.022,0.022,-1,Echolocation,/mnt/ubna_data_01_mir/recover-20220825/UBNA_002/20220823_033000.WAV,Telephone Field,recover-20220825,002,1795
1292.9295,1292.9685,68437,82058,Rhinolophus ferrumequinum,0.022,0.022,-1,Echolocation,/mnt/ubna_data_01_mir/recover-20220825/UBNA_002/20220823_033000.WAV,Telephone Field,recover-20220825,002,1795
1292.9585,1292.996,68437,81359,Rhinolophus ferrumequinum,0.023,0.023,-1,Echolocation,/mnt/ubna_data_01_mir/recover-20220825/UBNA_002/20220823_033000.WAV,Telephone Field,recover-20220825,002,1795
1292.9675,1293.0081,68437,81373,Rhinolophus ferrumequinum,0.026,0.026,-1,Echolocation,/mnt/ubna_data_01_mir/recover-20220825/UBNA_002/20220823_033000.WAV,Telephone Field,recover-20220825,002,1795
1293.0075,1293.0209,27187,33716,Eptesicus serotinus,0.016,0.027,-1,Echolocation,/mnt/ubna_data_01_mir/recover-20220825/UBNA_002/20220823_033000.WAV,Telephone Field,recover-20220825,002,1795
1293.0435,1293.0755,68437,79848,Rhinolophus ferrumequinum,0.02,0.021,-1,Echolocation,/mnt/ubna_data_01_mir/recover-20220825/UBNA_002/20220823_033000.WAV,Telephone Field,recover-20220825,002,1795
1293.0605,1293.07,27187,35476,Eptesicus serotinus,0.027,0.051,-1,Echolocation,/mnt/ubna_data_01_mir/recover-20220825/UBNA_002/20220823_033000.WAV,Telephone Field,recover-20220825,002,1795
1293.0615,1293.1028,68437,82562,Rhinolophus ferrumequinum,0.029,0.029,-1,Echolocation,/mnt/ubna_data_01_mir/recover-20220825/UBNA_002/20220823_033000.WAV,Telephone Field,recover-20220825,002,1795
1293.0685,1293.1106,68437,83045,Rhinolophus ferrumequinum,0.028,0.028,-1,Echolocation,/mnt/ubna_data_01_mir/recover-20220825/UBNA_002/20220823_033000.WAV,Telephone Field,recover-20220825,002,1795
1293.0855,1293.1,22031,26342,Nyctalus leisleri,0.033,0.062,-1,Echolocation,/mnt/ubna_data_01_mir/recover-20220825/UBNA_002/20220823_033000.WAV,Telephone Field,recover-20220825,002,1795
1293.1035,1293.113,28046,36162,Eptesicus serotinus,0.008,0.021,-1,Echolocation,/mnt/ubna_data_01_mir/recover-20220825/UBNA_002/20220823_033000.WAV,Telephone Field,recover-20220825,002,1795
1293.1205,1293.1586,68437,81731,Rhinolophus ferrumequinum,0.022,0.022,-1,Echolocation,/mnt/ubna_data_01_mir/recover-20220825/UBNA_002/20220823_033000.WAV,Telephone Field,recover-20220825,002,1795
1293.1415,1293.1811,68437,81896,Rhinolophus ferrumequinum,0.025,0.025,-1,Echolocation,/mnt/ubna_data_01_mir/recover-20220825/UBNA_002/20220823_033000.WAV,Telephone Field,recover-20220825,002,1795
1293.1605,1293.2013,68437,82857,Rhinolophus ferrumequinum,0.025,0.025,-1,Echolocation,/mnt/ubna_data_01_mir/recover-20220825/UBNA_002/20220823_033000.WAV,Telephone Field,recover-20220825,002,1795
1293.1615,1293.171,22890,29888,Plecotus austriacus,0.008,0.024,-1,Echolocation,/mnt/ubna_data_01_mir/recover-20220825/UBNA_002/20220823_033000.WAV,Telephone Field,recover-20220825,002,1795
1293.1645,1293.1723,28046,41409,Eptesicus serotinus,0.008,0.024,-1,Echolocation,/mnt/ubna_data_01_mir/recover-20220825/UBNA_002/20220823_033000.WAV,Telephone Field,recover-20220825,002,1795
1293.1655,1293.1748,38359,44690,Myotis daubentonii,0.006,0.022,-1,Echolocation,/mnt/ubna_data_01_mir/recover-20220825/UBNA_002/20220823_033000.WAV,Telephone Field,recover-20220825,002,1795
1293.2035,1293.2398,68437,80624,Rhinolophus ferrumequinum,0.021,0.021,-1,Echolocation,/mnt/ubna_data_01_mir/recover-20220825/UBNA_002/20220823_033000.WAV,Telephone Field,recover-20220825,002,1795
1293.2215,1293.2282,28046,40317,Eptesicus serotinus,0.006,0.025,-1,Echolocation,/mnt/ubna_data_01_mir/recover-20220825/UBNA_002/20220823_033000.WAV,Telephone Field,recover-20220825,002,1795
1293.2435,1293.2855,68437,83039,Rhinolophus ferrumequinum,0.024,0.024,-1,Echolocation,/mnt/ubna_data_01_mir/recover-20220825/UBNA_002/20220823_033000.WAV,Telephone Field,recover-20220825,002,1795
1293.2665,1293.3046,68437,81681,Rhinolophus ferrumequinum,0.023,0.023,-1,Echolocation,/mnt/ubna_data_01_mir/recover-20220825/UBNA_002/20220823_033000.WAV,Telephone Field,recover-20220825,002,1795
1293.2705,1293.2782,27187,39505,Eptesicus serotinus,0.007,0.024,-1,Echolocation,/mnt/ubna_data_01_mir/recover-20220825/UBNA_002/20220823_033000.WAV,Telephone Field,recover-20220825,002,1795
1293.2785,1293.3151,68437,82028,Rhinolophus ferrumequinum,0.023,0.023,-1,Echolocation,/mnt/ubna_data_01_mir/recover-20220825/UBNA_002/20220823_033000.WAV,Telephone Field,recover-20220825,002,1795
1293.2885,1293.3257,68437,82100,Rhinolophus ferrumequinum,0.022,0.022,-1,Echolocation,/mnt/ubna_data_01_mir/recover-20220825/UBNA_002/20220823_033000.WAV,Telephone Field,recover-20220825,002,1795
1293.2915,1293.3091,16015,20267,Nyctalus noctula,0.017,0.026,-1,Echolocation,/mnt/ubna_data_01_mir/recover-20220825/UBNA_002/20220823_033000.WAV,Telephone Field,recover-20220825,002,1795
1293.3035,1293.3449,68437,83079,Rhinolophus ferrumequinum,0.031,0.031,-1,Echolocation,/mnt/ubna_data_01_mir/recover-20220825/UBNA_002/20220823_033000.WAV,Telephone Field,recover-20220825,002,1795
1293.3165,1293.332,23750,27632,Nyctalus leisleri,0.024,0.043,-1,Echolocation,/mnt/ubna_data_01_mir/recover-20220825/UBNA_002/20220823_033000.WAV,Telephone Field,recover-20220825,002,1795
1293.3615,1293.4011,68437,81788,Rhinolophus ferrumequinum,0.023,0.023,-1,Echolocation,/mnt/ubna_data_01_mir/recover-20220825/UBNA_002/20220823_033000.WAV,Telephone Field,recover-20220825,002,1795
1293.3675,1293.3747,27187,47288,Eptesicus serotinus,0.008,0.023,-1,Echolocation,/mnt/ubna_data_01_mir/recover-20220825/UBNA_002/20220823_033000.WAV,Telephone Field,recover-20220825,002,1795
1293.3685,1293.3742,35781,43578,Myotis daubentonii,0.009,0.024,-1,Echolocation,/mnt/ubna_data_01_mir/recover-20220825/UBNA_002/20220823_033000.WAV,Telephone Field,recover-20220825,002,1795
1293.3995,1293.4109,22031,26751,Nyctalus leisleri,0.011,0.022,-1,Echolocation,/mnt/ubna_data_01_mir/recover-20220825/UBNA_002/20220823_033000.WAV,Telephone Field,recover-20220825,002,1795
1293.4725,1293.4791,31484,42336,Barbastellus barbastellus,0.029,0.072,-1,Echolocation,/mnt/ubna_data_01_mir/recover-20220825/UBNA_002/20220823_033000.WAV,Telephone Field,recover-20220825,002,1795
1293.4985,1293.5373,68437,82246,Rhinolophus ferrumequinum,0.023,0.023,-1,Echolocation,/mnt/ubna_data_01_mir/recover-20220825/UBNA_002/20220823_033000.WAV,Telephone Field,recover-20220825,002,1795
1293.5165,1293.5279,22890,27522,Nyctalus leisleri,0.016,0.028,-1,Echolocation,/mnt/ubna_data_01_mir/recover-20220825/UBNA_002/20220823_033000.WAV,Telephone Field,recover-20220825,002,1795
1293.5705,1293.6124,68437,83108,Rhinolophus ferrumequinum,0.026,0.026,-1,Echolocation,/mnt/ubna_data_01_mir/recover-20220825/UBNA_002/20220823_033000.WAV,Telephone Field,recover-20220825,002,1795
1293.5955,1293.6363,68437,82533,Rhinolophus ferrumequinum,0.021,0.021,-1,Echolocation,/mnt/ubna_data_01_mir/recover-20220825/UBNA_002/20220823_033000.WAV,Telephone Field,recover-20220825,002,1795
1293.6135,1293.6294,22031,25453,Nyctalus leisleri,0.051,0.086,-1,Echolocation,/mnt/ubna_data_01_mir/recover-20220825/UBNA_002/20220823_033000.WAV,Telephone Field,recover-20220825,002,1795
1293.6275,1293.6681,68437,83125,Rhinolophus ferrumequinum,0.023,0.023,-1,Echolocation,/mnt/ubna_data_01_mir/recover-20220825/UBNA_002/20220823_033000.WAV,Telephone Field,recover-20220825,002,1795
1293.6375,1293.6439,48671,52964,Pipistrellus pipistrellus,0.021,0.023,-1,Echolocation,/mnt/ubna_data_01_mir/recover-20220825/UBNA_002/20220823_033000.WAV,Telephone Field,recover-20220825,002,1795
1293.6455,1293.6836,68437,81925,Rhinolophus ferrumequinum,0.021,0.021,-1,Echolocation,/mnt/ubna_data_01_mir/recover-20220825/UBNA_002/20220823_033000.WAV,Telephone Field,recover-20220825,002,1795
1293.6515,1293.6653,23750,29094,Nyctalus leisleri,0.019,0.04,-1,Echolocation,/mnt/ubna_data_01_mir/recover-20220825/UBNA_002/20220823_033000.WAV,Telephone Field,recover-20220825,002,1795
1293.6925,1293.7013,27187,38398,Eptesicus serotinus,0.008,0.022,-1,Echolocation,/mnt/ubna_data_01_mir/recover-20220825/UBNA_002/20220823_033000.WAV,Telephone Field,recover-20220825,002,1795
1293.7175,1293.7275,45234,48121,Pipistrellus pipistrellus,0.024,0.027,-1,Echolocation,/mnt/ubna_data_01_mir/recover-20220825/UBNA_002/20220823_033000.WAV,Telephone Field,recover-20220825,002,1795
1293.7265,1293.7657,68437,82317,Rhinolophus ferrumequinum,0.021,0.021,-1,Echolocation,/mnt/ubna_data_01_mir/recover-20220825/UBNA_002/20220823_033000.WAV,Telephone Field,recover-20220825,002,1795
1293.7615,1293.8022,68437,83154,Rhinolophus ferrumequinum,0.025,0.025,-1,Echolocation,/mnt/ubna_data_01_mir/recover-20220825/UBNA_002/20220823_033000.WAV,Telephone Field,recover-20220825,002,1795
1293.7875,1293.8243,68437,81771,Rhinolophus ferrumequinum,0.023,0.023,-1,Echolocation,/mnt/ubna_data_01_mir/recover-20220825/UBNA_002/20220823_033000.WAV,Telephone Field,recover-20220825,002,1795
1293.8105,1293.85,68437,82262,Rhinolophus ferrumequinum,0.025,0.026,-1,Echolocation,/mnt/ubna_data_01_mir/recover-20220825/UBNA_002/20220823_033000.WAV,Telephone Field,recover-20220825,002,1795
1293.8555,1293.8963,68437,82473,Rhinolophus ferrumequinum,0.027,0.027,-1,Echolocation,/mnt/ubna_data_01_mir/recover-20220825/UBNA_002/20220823_033000.WAV,Telephone Field,recover-20220825,002,1795
1293.8775,1293.9172,68437,82058,Rhinolophus ferrumequinum,0.023,0.023,-1,Echolocation,/mnt/ubna_data_01_mir/recover-20220825/UBNA_002/20220823_033000.WAV,Telephone Field,recover-20220825,002,1795
1293.8965,1293.9034,27187,41813,Eptesicus serotinus,0.007,0.027,-1,Echolocation,/mnt/ubna_data_01_mir/recover-20220825/UBNA_002/20220823_033000.WAV,Telephone Field,recover-20220825,002,1795
1293.9285,1293.967,68437,82129,Rhinolophus ferrumequinum,0.022,0.022,-1,Echolocation,/mnt/ubna_data_01_mir/recover-20220825/UBNA_002/20220823_033000.WAV,Telephone Field,recover-20220825,002,1795
1293.9305,1293.9399,28046,36418,Eptesicus serotinus,0.009,0.022,-1,Echolocation,/mnt/ubna_data_01_mir/recover-20220825/UBNA_002/20220823_033000.WAV,Telephone Field,recover-20220825,002,1795
1293.9505,1293.9586,27187,39339,Eptesicus serotinus,0.007,0.021,-1,Echolocation,/mnt/ubna_data_01_mir/recover-20220825/UBNA_002/20220823_033000.WAV,Telephone Field,recover-20220825,002,1795
1294.0015,1294.0146,48671,55519,Pipistrellus pipistrellus,0.023,0.029,-1,Echolocation,/mnt/ubna_data_01_mir/recover-20220825/UBNA_002/20220823_033000.WAV,Telephone Field,recover-20220825,002,1795
1294.0015,1294.0133,20312,24970,Nyctalus leisleri,0.013,0.028,-1,Echolocation,/mnt/ubna_data_01_mir/recover-20220825/UBNA_002/20220823_033000.WAV,Telephone Field,recover-20220825,002,1795
1294.0015,1294.0327,68437,79735,Rhinolophus ferrumequinum,0.035,0.035,-1,Echolocation,/mnt/ubna_data_01_mir/recover-20220825/UBNA_002/20220823_033000.WAV,Telephone Field,recover-20220825,002,1795
1294.0145,1294.0529,68437,83061,Rhinolophus ferrumequinum,0.025,0.025,-1,Echolocation,/mnt/ubna_data_01_mir/recover-20220825/UBNA_002/20220823_033000.WAV,Telephone Field,recover-20220825,002,1795
1294.0445,1294.0805,68437,81538,Rhinolophus ferrumequinum,0.038,0.038,-1,Echolocation,/mnt/ubna_data_01_mir/recover-20220825/UBNA_002/20220823_033000.WAV,Telephone Field,recover-20220825,002,1795
1294.0765,1294.083,28046,39759,Eptesicus serotinus,0.006,0.022,-1,Echolocation,/mnt/ubna_data_01_mir/recover-20220825/UBNA_002/20220823_033000.WAV,Telephone Field,recover-20220825,002,1795
1294.0805,1294.1194,68437,82265,Rhinolophus ferrumequinum,0.024,0.024,-1,Echolocation,/mnt/ubna_data_01_mir/recover-20220825/UBNA_002/20220823_033000.WAV,Telephone Field,recover-20220825,002,1795
1294.0885,1294.1284,68437,82269,Rhinolophus ferrumequinum,0.025,0.025,-1,Echolocation,/mnt/ubna_data_01_mir/recover-20220825/UBNA_002/20220823_033000.WAV,Telephone Field,recover-20220825,002,1795
1294.1025,1294.1422,68437,82534,Rhinolophus ferrumequinum,0.023,0.023,-1,Echolocation,/mnt/ubna_data_01_mir/recover-20220825/UBNA_002/20220823_033000.WAV,Telephone Field,recover-20220825,002,1795
1294.1165,1294.1552,68437,82384,Rhinolophus ferrumequinum,0.021,0.021,-1,Echolocation,/mnt/ubna_data_01_mir/recover-20220825/UBNA_002/20220823_033000.WAV,Telephone Field,recover-20220825,002,1795
1294.1535,1294.1899,68437,80813,Rhinolophus ferrumequinum,0.022,0.022,-1,Echolocation,/mnt/ubna_data_01_mir/recover-20220825/UBNA_002/20220823_033000.WAV,Telephone Field,recover-20220825,002,1795
1294.1855,1294.1965,22890,27819,Nyctalus leisleri,0.011,0.023,-1,Echolocation,/mnt/ubna_data_01_mir/recover-20220825/UBNA_002/20220823_033000.WAV,Telephone Field,recover-20220825,002,1795
1294.2245,1294.2628,68437,81342,Rhinolophus ferrumequinum,0.021,0.021,-1,Echolocation,/mnt/ubna_data_01_mir/recover-20220825/UBNA_002/20220823_033000.WAV,Telephone Field,recover-20220825,002,1795
1294.2505,1294.2617,22890,27837,Nyctalus leisleri,0.013,0.024,-1,Echolocation,/mnt/ubna_data_01_mir/recover-20220825/UBNA_002/20220823_033000.WAV,Telephone Field,recover-20220825,002,1795
1294.2675,1294.3061,68437,81934,Rhinolophus ferrumequinum,0.025,0.025,-1,Echolocation,/mnt/ubna_data_01_mir/recover-20220825/UBNA_002/20220823_033000.WAV,Telephone Field,recover-20220825,002,1795
1294.2945,1294.33,68437,81246,Rhinolophus ferrumequinum,0.021,0.021,-1,Echolocation,/mnt/ubna_data_01_mir/recover-20220825/UBNA_002/20220823_033000.WAV,Telephone Field,recover-20220825,002,1795
1294.3045,1294.3426,68437,81732,Rhinolophus ferrumequinum,0.021,0.022,-1,Echolocation,/mnt/ubna_data_01_mir/recover-20220825/UBNA_002/20220823_033000.WAV,Telephone Field,recover-20220825,002,1795
1294.3275,1294.3381,23750,29556,Nyctalus leisleri,0.011,0.028,-1,Echolocation,/mnt/ubna_data_01_mir/recover-20220825/UBNA_002/20220823_033000.WAV,Telephone Field,recover-20220825,002,1795
1294.3505,1294.3939,68437,82686,Rhinolophus ferrumequinum,0.028,0.028,-1,Echolocation,/mnt/ubna_data_01_mir/recover-20220825/UBNA_002/20220823_033000.WAV,Telephone Field,recover-20220825,002,1795
1294.3535,1294.3617,28046,38450,Eptesicus serotinus,0.007,0.021,-1,Echolocation,/mnt/ubna_data_01_mir/recover-20220825/UBNA_002/20220823_033000.WAV,Telephone Field,recover-20220825,002,1795
1294.4065,1294.4119,24609,35386,Plecotus austriacus,0.017,0.036,-1,Echolocation,/mnt/ubna_data_01_mir/recover-20220825/UBNA_002/20220823_033000.WAV,Telephone Field,recover-20220825,002,1795
1294.4215,1294.4601,68437,81912,Rhinolophus ferrumequinum,0.021,0.021,-1,Echolocation,/mnt/ubna_data_01_mir/recover-20220825/UBNA_002/20220823_033000.WAV,Telephone Field,recover-20220825,002,1795
1294.4245,1294.4375,50390,55185,Pipistrellus pipistrellus,0.018,0.023,-1,Echolocation,/mnt/ubna_data_01_mir/recover-20220825/UBNA_002/20220823_033000.WAV,Telephone Field,recover-20220825,002,1795
1294.4495,1294.4573,29765,40788,Eptesicus serotinus,0.01,0.029,-1,Echolocation,/mnt/ubna_data_01_mir/recover-20220825/UBNA_002/20220823_033000.WAV,Telephone Field,recover-20220825,002,1795
1294.4565,1294.4971,68437,82501,Rhinolophus ferrumequinum,0.025,0.025,-1,Echolocation,/mnt/ubna_data_01_mir/recover-20220825/UBNA_002/20220823_033000.WAV,Telephone Field,recover-20220825,002,1795
1294.4725,1294.4883,20312,23437,Nyctalus leisleri,0.014,0.022,-1,Echolocation,/mnt/ubna_data_01_mir/recover-20220825/UBNA_002/20220823_033000.WAV,Telephone Field,recover-20220825,002,1795
1294.4765,1294.4861,29765,40082,Eptesicus serotinus,0.011,0.028,-1,Echolocation,/mnt/ubna_data_01_mir/recover-20220825/UBNA_002/20220823_033000.WAV,Telephone Field,recover-20220825,002,1795
1294.4795,1294.5124,68437,81067,Rhinolophus ferrumequinum,0.027,0.027,-1,Echolocation,/mnt/ubna_data_01_mir/recover-20220825/UBNA_002/20220823_033000.WAV,Telephone Field,recover-20220825,002,1795
1294.5595,1294.5699,34921,40204,Pipistrellus nathusii,0.005,0.022,-1,Echolocation,/mnt/ubna_data_01_mir/recover-20220825/UBNA_002/20220823_033000.WAV,Telephone Field,recover-20220825,002,1795
1294.5635,1294.5731,49531,53214,Pipistrellus pipistrellus,0.043,0.05,-1,Echolocation,/mnt/ubna_data_01_mir/recover-20220825/UBNA_002/20220823_033000.WAV,Telephone Field,recover-20220825,002,1795
1294.5775,1294.6169,68437,82225,Rhinolophus ferrumequinum,0.022,0.022,-1,Echolocation,/mnt/ubna_data_01_mir/recover-20220825/UBNA_002/20220823_033000.WAV,Telephone Field,recover-20220825,002,1795
1294.6045,1294.6444,68437,82327,Rhinolophus ferrumequinum,0.023,0.023,-1,Echolocation,/mnt/ubna_data_01_mir/recover-20220825/UBNA_002/20220823_033000.WAV,Telephone Field,recover-20220825,002,1795
1294.6425,1294.6806,68437,82148,Rhinolophus ferrumequinum,0.021,0.021,-1,Echolocation,/mnt/ubna_data_01_mir/recover-20220825/UBNA_002/20220823_033000.WAV,Telephone Field,recover-20220825,002,1795
1294.6425,1294.6523,46093,50819,Pipistrellus pipistrellus,0.02,0.022,-1,Echolocation,/mnt/ubna_data_01_mir/recover-20220825/UBNA_002/20220823_033000.WAV,Telephone Field,recover-20220825,002,1795
1294.6585,1294.6687,25468,32392,Eptesicus serotinus,0.01,0.024,-1,Echolocation,/mnt/ubna_data_01_mir/recover-20220825/UBNA_002/20220823_033000.WAV,Telephone Field,recover-20220825,002,1795
1294.6965,1294.7333,68437,81017,Rhinolophus ferrumequinum,0.026,0.026,-1,Echolocation,/mnt/ubna_data_01_mir/recover-20220825/UBNA_002/20220823_033000.WAV,Telephone Field,recover-20220825,002,1795
1294.7045,1294.7407,68437,81911,Rhinolophus ferrumequinum,0.022,0.022,-1,Echolocation,/mnt/ubna_data_01_mir/recover-20220825/UBNA_002/20220823_033000.WAV,Telephone Field,recover-20220825,002,1795
1294.7175,1294.7267,28906,38096,Eptesicus serotinus,0.009,0.022,-1,Echolocation,/mnt/ubna_data_01_mir/recover-20220825/UBNA_002/20220823_033000.WAV,Telephone Field,recover-20220825,002,1795
1294.7475,1294.7851,68437,81624,Rhinolophus ferrumequinum,0.023,0.023,-1,Echolocation,/mnt/ubna_data_01_mir/recover-20220825/UBNA_002/20220823_033000.WAV,Telephone Field,recover-20220825,002,1795
1294.7695,1294.7788,28046,36958,Eptesicus serotinus,0.012,0.026,-1,Echolocation,/mnt/ubna_data_01_mir/recover-20220825/UBNA_002/20220823_033000.WAV,Telephone Field,recover-20220825,002,1795
1294.7745,1294.8117,68437,82072,Rhinolophus ferrumequinum,0.024,0.024,-1,Echolocation,/mnt/ubna_data_01_mir/recover-20220825/UBNA_002/20220823_033000.WAV,Telephone Field,recover-20220825,002,1795
1294.7905,1294.8311,68437,82649,Rhinolophus ferrumequinum,0.024,0.024,-1,Echolocation,/mnt/ubna_data_01_mir/recover-20220825/UBNA_002/20220823_033000.WAV,Telephone Field,recover-20220825,002,1795
1294.8095,1294.8511,68437,82636,Rhinolophus ferrumequinum,0.027,0.028,-1,Echolocation,/mnt/ubna_data_01_mir/recover-20220825/UBNA_002/20220823_033000.WAV,Telephone Field,recover-20220825,002,1795
1294.8115,1294.8195,23750,32034,Plecotus austriacus,0.009,0.023,-1,Echolocation,/mnt/ubna_data_01_mir/recover-20220825/UBNA_002/20220823_033000.WAV,Telephone Field,recover-20220825,002,1795
1294.8535,1294.8899,68437,81985,Rhinolophus ferrumequinum,0.025,0.025,-1,Echolocation,/mnt/ubna_data_01_mir/recover-20220825/UBNA_002/20220823_033000.WAV,Telephone Field,recover-20220825,002,1795
1294.8665,1294.8744,28046,42247,Eptesicus serotinus,0.008,0.025,-1,Echolocation,/mnt/ubna_data_01_mir/recover-20220825/UBNA_002/20220823_033000.WAV,Telephone Field,recover-20220825,002,1795
1294.8705,1294.8797,34062,41921,Myotis daubentonii,0.006,0.027,-1,Echolocation,/mnt/ubna_data_01_mir/recover-20220825/UBNA_002/20220823_033000.WAV,Telephone Field,recover-20220825,002,1795
1294.8705,1294.9127,68437,83071,Rhinolophus ferrumequinum,0.023,0.023,-1,Echolocation,/mnt/ubna_data_01_mir/recover-20220825/UBNA_002/20220823_033000.WAV,Telephone Field,recover-20220825,002,1795
1294.8965,1294.9352,68437,81493,Rhinolophus ferrumequinum,0.021,0.021,-1,Echolocation,/mnt/ubna_data_01_mir/recover-20220825/UBNA_002/20220823_033000.WAV,Telephone Field,recover-20220825,002,1795
1294.9225,1294.9618,68437,82084,Rhinolophus ferrumequinum,0.024,0.024,-1,Echolocation,/mnt/ubna_data_01_mir/recover-20220825/UBNA_002/20220823_033000.WAV,Telephone Field,recover-20220825,002,1795
1294.9675,1295.0013,68437,80985,Rhinolophus ferrumequinum,0.021,0.022,-1,Echolocation,/mnt/ubna_data_01_mir/recover-20220825/UBNA_002/20220823_033000.WAV,Telephone Field,recover-20220825,002,1795
1294.9985,1295.0351,68437,81373,Rhinolophus ferrumequinum,0.024,0.024,-1,Echolocation,/mnt/ubna_data_01_mir/recover-20220825/UBNA_002/20220823_033000.WAV,Telephone Field,recover-20220825,002,1795
1295.0315,1295.0703,68437,81904,Rhinolophus ferrumequinum,0.021,0.021,-1,Echolocation,/mnt/ubna_data_01_mir/recover-20220825/UBNA_002/20220823_033000.WAV,Telephone Field,recover-20220825,002,1795
1295.0355,1295.0465,43515,45902,Pipistrellus pipistrellus,0.03,0.032,-1,Echolocation,/mnt/ubna_data_01_mir/recover-20220825/UBNA_002/20220823_033000.WAV,Telephone Field,recover-20220825,002,1795
1295.0805,1295.1189,68437,81695,Rhinolophus ferrumequinum,0.021,0.022,-1,Echolocation,/mnt/ubna_data_01_mir/recover-20220825/UBNA_002/20220823_033000.WAV,Telephone Field,recover-20220825,002,1795
1295.0825,1295.0974,25468,29539,Nyctalus leisleri,0.038,0.069,-1,Echolocation,/mnt/ubna_data_01_mir/recover-20220825/UBNA_002/20220823_033000.WAV,Telephone Field,recover-20220825,002,1795
1295.1045,1295.1423,68437,82510,Rhinolophus ferrumequinum,0.022,0.022,-1,Echolocation,/mnt/ubna_data_01_mir/recover-20220825/UBNA_002/20220823_033000.WAV,Telephone Field,recover-20220825,002,1795
1295.1135,1295.1222,24609,32553,Nyctalus leisleri,0.006,0.021,-1,Echolocation,/mnt/ubna_data_01_mir/recover-20220825/UBNA_002/20220823_033000.WAV,Telephone Field,recover-20220825,002,1795
1295.1455,1295.1872,68437,82413,Rhinolophus ferrumequinum,0.023,0.023,-1,Echolocation,/mnt/ubna_data_01_mir/recover-20220825/UBNA_002/20220823_033000.WAV,Telephone Field,recover-20220825,002,1795
1295.1595,1295.1911,68437,80327,Rhinolophus ferrumequinum,0.021,0.022,-1,Echolocation,/mnt/ubna_data_01_mir/recover-20220825/UBNA_002/20220823_033000.WAV,Telephone Field,recover-20220825,002,1795
1295.1725,1295.2143,68437,82744,Rhinolophus ferrumequinum,0.028,0.028,-1,Echolocation,/mnt/ubna_data_01_mir/recover-20220825/UBNA_002/20220823_033000.WAV,Telephone Field,recover-20220825,002,1795
1295.1995,1295.2366,68437,81827,Rhinolophus ferrumequinum,0.025,0.025,-1,Echolocation,/mnt/ubna_data_01_mir/recover-20220825/UBNA_002/20220823_033000.WAV,Telephone Field,recover-20220825,002,1795
1295.2065,1295.2446,68437,81384,Rhinolophus ferrumequinum,0.024,0.024,-1,Echolocation,/mnt/ubna_data_01_mir/recover-20220825/UBNA_002/20220823_033000.WAV,Telephone Field,recover-20220825,002,1795
1295.2415,1295.2828,68437,82218,Rhinolophus ferrumequinum,0.022,0.022,-1,Echolocation,/mnt/ubna_data_01_mir/recover-20220825/UBNA_002/20220823_033000.WAV,Telephone Field,recover-20220825,002,1795
1295.2495,1295.2881,68437,82626,Rhinolophus ferrumequinum,0.021,0.021,-1,Echolocation,/mnt/ubna_data_01_mir/recover-20220825/UBNA_002/20220823_033000.WAV,Telephone Field,recover-20220825,002,1795
1295.2895,1295.2967,50390,57794,Pipistrellus pipistrellus,0.022,0.026,-1,Echolocation,/mnt/ubna_data_01_mir/recover-20220825/UBNA_002/20220823_033000.WAV,Telephone Field,recover-20220825,002,1795
1295.3075,1295.3486,68437,82909,Rhinolophus ferrumequinum,0.027,0.027,-1,Echolocation,/mnt/ubna_data_01_mir/recover-20220825/UBNA_002/20220823_033000.WAV,Telephone Field,recover-20220825,002,1795
1295.3105,1295.3212,23750,29190,Nyctalus leisleri,0.01,0.022,-1,Echolocation,/mnt/ubna_data_01_mir/recover-20220825/UBNA_002/20220823_033000.WAV,Telephone Field,recover-20220825,002,1795
1295.3155,1295.3246,22890,28895,Nyctalus leisleri,0.008,0.022,-1,Echolocation,/mnt/ubna_data_01_mir/recover-20220825/UBNA_002/20220823_033000.WAV,Telephone Field,recover-20220825,002,1795
1295.3335,1295.3429,14296,19920,Nyctalus noctula,0.015,0.037,-1,Echolocation,/mnt/ubna_data_01_mir/recover-20220825/UBNA_002/20220823_033000.WAV,Telephone Field,recover-20220825,002,1795
1295.3455,1295.3857,68437,82450,Rhinolophus ferrumequinum,0.025,0.025,-1,Echolocation,/mnt/ubna_data_01_mir/recover-20220825/UBNA_002/20220823_033000.WAV,Telephone Field,recover-20220825,002,1795
1295.3525,1295.362,27187,35937,Eptesicus serotinus,0.009,0.022,-1,Echolocation,/mnt/ubna_data_01_mir/recover-20220825/UBNA_002/20220823_033000.WAV,Telephone Field,recover-20220825,002,1795
1295.3805,1295.4205,68437,82778,Rhinolophus ferrumequinum,0.022,0.022,-1,Echolocation,/mnt/ubna_data_01_mir/recover-20220825/UBNA_002/20220823_033000.WAV,Telephone Field,recover-20220825,002,1795
1295.3875,1295.4265,68437,82231,Rhinolophus ferrumequinum,0.021,0.021,-1,Echolocation,/mnt/ubna_data_01_mir/recover-20220825/UBNA_002/20220823_033000.WAV,Telephone Field,recover-20220825,002,1795
1295.3985,1295.4388,68437,82349,Rhinolophus ferrumequinum,0.022,0.022,-1,Echolocation,/mnt/ubna_data_01_mir/recover-20220825/UBNA_002/20220823_033000.WAV,Telephone Field,recover-20220825,002,1795
1295.4265,1295.464,68437,81721,Rhinolophus ferrumequinum,0.021,0.021,-1,Echolocation,/mnt/ubna_data_01_mir/recover-20220825/UBNA_002/20220823_033000.WAV,Telephone Field,recover-20220825,002,1795
1295.4515,1295.4874,68437,81678,Rhinolophus ferrumequinum,0.022,0.022,-1,Echolocation,/mnt/ubna_data_01_mir/recover-20220825/UBNA_002/20220823_033000.WAV,Telephone Field,recover-20220825,002,1795
1295.4605,1295.5025,68437,82763,Rhinolophus ferrumequinum,0.023,0.023,-1,Echolocation,/mnt/ubna_data_01_mir/recover-20220825/UBNA_002/20220823_033000.WAV,Telephone Field,recover-20220825,002,1795
1295.4625,1295.4731,23750,29426,Nyctalus leisleri,0.01,0.023,-1,Echolocation,/mnt/ubna_data_01_mir/recover-20220825/UBNA_002/20220823_033000.WAV,Telephone Field,recover-20220825,002,1795
1295.4815,1295.5188,68437,81528,Rhinolophus ferrumequinum,0.022,0.022,-1,Echolocation,/mnt/ubna_data_01_mir/recover-20220825/UBNA_002/20220823_033000.WAV,Telephone Field,recover-20220825,002,1795
1295.4985,1295.5362,68437,81781,Rhinolophus ferrumequinum,0.022,0.023,-1,Echolocation,/mnt/ubna_data_01_mir/recover-20220825/UBNA_002/20220823_033000.WAV,Telephone Field,recover-20220825,002,1795
1295.5285,1295.5377,28906,38751,Eptesicus serotinus,0.01,0.024,-1,Echolocation,/mnt/ubna_data_01_mir/recover-20220825/UBNA_002/20220823_033000.WAV,Telephone Field,recover-20220825,002,1795
1295.5505,1295.5606,27187,36804,Eptesicus serotinus,0.009,0.021,-1,Echolocation,/mnt/ubna_data_01_mir/recover-20220825/UBNA_002/20220823_033000.WAV,Telephone Field,recover-20220825,002,1795
1295.5615,1295.5682,28906,41187,Eptesicus serotinus,0.009,0.032,-1,Echolocation,/mnt/ubna_data_01_mir/recover-20220825/UBNA_002/20220823_033000.WAV,Telephone Field,recover-20220825,002,1795
1295.5765,1295.615,68437,82072,Rhinolophus ferrumequinum,0.024,0.024,-1,Echolocation,/mnt/ubna_data_01_mir/recover-20220825/UBNA_002/20220823_033000.WAV,Telephone Field,recover-20220825,002,1795
1295.5825,1295.6223,68437,81775,Rhinolophus ferrumequinum,0.023,0.023,-1,Echolocation,/mnt/ubna_data_01_mir/recover-20220825/UBNA_002/20220823_033000.WAV,Telephone Field,recover-20220825,002,1795
1295.6135,1295.6517,68437,81972,Rhinolophus ferrumequinum,0.023,0.023,-1,Echolocation,/mnt/ubna_data_01_mir/recover-20220825/UBNA_002/20220823_033000.WAV,Telephone Field,recover-20220825,002,1795
1295.6405,1295.6813,68437,82544,Rhinolophus ferrumequinum,0.032,0.032,-1,Echolocation,/mnt/ubna_data_01_mir/recover-20220825/UBNA_002/20220823_033000.WAV,Telephone Field,recover-20220825,002,1795
1295.6655,1295.6745,23750,31125,Plecotus austriacus,0.009,0.026,-1,Echolocation,/mnt/ubna_data_01_mir/recover-20220825/UBNA_002/20220823_033000.WAV,Telephone Field,recover-20220825,002,1795
1295.6735,1295.7126,68437,82278,Rhinolophus ferrumequinum,0.032,0.032,-1,Echolocation,/mnt/ubna_data_01_mir/recover-20220825/UBNA_002/20220823_033000.WAV,Telephone Field,recover-20220825,002,1795
1295.6905,1295.7275,68437,80999,Rhinolophus ferrumequinum,0.024,0.024,-1,Echolocation,/mnt/ubna_data_01_mir/recover-20220825/UBNA_002/20220823_033000.WAV,Telephone Field,recover-20220825,002,1795
1295.7015,1295.7118,23750,29875,Nyctalus leisleri,0.009,0.023,-1,Echolocation,/mnt/ubna_data_01_mir/recover-20220825/UBNA_002/20220823_033000.WAV,Telephone Field,recover-20220825,002,1795
1295.7175,1295.7585,68437,83366,Rhinolophus ferrumequinum,0.035,0.035,-1,Echolocation,/mnt/ubna_data_01_mir/recover-20220825/UBNA_002/20220823_033000.WAV,Telephone Field,recover-20220825,002,1795
1295.7285,1295.7371,25468,34044,Eptesicus serotinus,0.007,0.021,-1,Echolocation,/mnt/ubna_data_01_mir/recover-20220825/UBNA_002/20220823_033000.WAV,Telephone Field,recover-20220825,002,1795
1295.7435,1295.752,25468,34077,Eptesicus serotinus,0.009,0.023,-1,Echolocation,/mnt/ubna_data_01_mir/recover-20220825/UBNA_002/20220823_033000.WAV,Telephone Field,recover-20220825,002,1795
1295.7495,1295.7898,68437,82095,Rhinolophus ferrumequinum,0.025,0.025,-1,Echolocation,/mnt/ubna_data_01_mir/recover-20220825/UBNA_002/20220823_033000.WAV,Telephone Field,recover-20220825,002,1795
1295.7845,1295.82,68437,81435,Rhinolophus ferrumequinum,0.022,0.022,-1,Echolocation,/mnt/ubna_data_01_mir/recover-20220825/UBNA_002/20220823_033000.WAV,Telephone Field,recover-20220825,002,1795
1295.8055,1295.8452,68437,82727,Rhinolophus ferrumequinum,0.037,0.037,-1,Echolocation,/mnt/ubna_data_01_mir/recover-20220825/UBNA_002/20220823_033000.WAV,Telephone Field,recover-20220825,002,1795
1295.8225,1295.8613,68437,82366,Rhinolophus ferrumequinum,0.022,0.022,-1,Echolocation,/mnt/ubna_data_01_mir/recover-20220825/UBNA_002/20220823_033000.WAV,Telephone Field,recover-20220825,002,1795
1295.8795,1295.8867,28046,42776,Eptesicus serotinus,0.007,0.022,-1,Echolocation,/mnt/ubna_data_01_mir/recover-20220825/UBNA_002/20220823_033000.WAV,Telephone Field,recover-20220825,002,1795
1295.9125,1295.948,68437,81294,Rhinolophus ferrumequinum,0.023,0.023,-1,Echolocation,/mnt/ubna_data_01_mir/recover-20220825/UBNA_002/20220823_033000.WAV,Telephone Field,recover-20220825,002,1795
1295.9815,1295.9889,23750,32044,Plecotus austriacus,0.009,0.022,-1,Echolocation,/mnt/ubna_data_01_mir/recover-20220825/UBNA_002/20220823_033000.WAV,Telephone Field,recover-20220825,002,1795
1296.0015,1296.009,25468,37332,Myotis nattereri,0.004,0.021,-1,Echolocation,/mnt/ubna_data_01_mir/recover-20220825/UBNA_002/20220823_033000.WAV,Telephone Field,recover-20220825,002,1795
1296.0015,1296.0158,17734,23249,Nyctalus noctula,0.01,0.021,-1,Echolocation,/mnt/ubna_data_01_mir/recover-20220825/UBNA_002/20220823_033000.WAV,Telephone Field,recover-20220825,002,1795
1296.0015,1296.0345,69296,81141,Rhinolophus ferrumequinum,0.033,0.033,-1,Echolocation,/mnt/ubna_data_01_mir/recover-20220825/UBNA_002/20220823_033000.WAV,Telephone Field,recover-20220825,002,1795
1296.0115,1296.0509,68437,82108,Rhinolophus ferrumequinum,0.022,0.022,-1,Echolocation,/mnt/ubna_data_01_mir/recover-20220825/UBNA_002/20220823_033000.WAV,Telephone Field,recover-20220825,002,1795
1296.0205,1296.031,22031,26013,Nyctalus leisleri,0.012,0.021,-1,Echolocation,/mnt/ubna_data_01_mir/recover-20220825/UBNA_002/20220823_033000.WAV,Telephone Field,recover-20220825,002,1795
1296.0425,1296.0807,68437,81422,Rhinolophus ferrumequinum,0.022,0.022,-1,Echolocation,/mnt/ubna_data_01_mir/recover-20220825/UBNA_002/20220823_033000.WAV,Telephone Field,recover-20220825,002,1795
1296.0445,1296.0532,26328,36418,Eptesicus serotinus,0.011,0.027,-1,Echolocation,/mnt/ubna_data_01_mir/recover-20220825/UBNA_002/20220823_033000.WAV,Telephone Field,recover-20220825,002,1795
1296.0795,1296.0891,25468,33187,Eptesicus serotinus,0.008,0.025,-1,Echolocation,/mnt/ubna_data_01_mir/recover-20220825/UBNA_002/20220823_033000.WAV,Telephone Field,recover-20220825,002,1795
1296.1125,1296.1582,68437,83647,Rhinolophus ferrumequinum,0.033,0.033,-1,Echolocation,/mnt/ubna_data_01_mir/recover-20220825/UBNA_002/20220823_033000.WAV,Telephone Field,recover-20220825,002,1795
1296.1175,1296.162,68437,83831,Rhinolophus ferrumequinum,0.033,0.033,-1,Echolocation,/mnt/ubna_data_01_mir/recover-20220825/UBNA_002/20220823_033000.WAV,Telephone Field,recover-20220825,002,1795
1296.1625,1296.1707,32343,41611,Myotis daubentonii,0.008,0.021,-1,Echolocation,/mnt/ubna_data_01_mir/recover-20220825/UBNA_002/20220823_033000.WAV,Telephone Field,recover-20220825,002,1795
1296.1675,1296.2053,68437,82069,Rhinolophus ferrumequinum,0.022,0.022,-1,Echolocation,/mnt/ubna_data_01_mir/recover-20220825/UBNA_002/20220823_033000.WAV,Telephone Field,recover-20220825,002,1795
1296.1885,1296.2286,68437,82883,Rhinolophus ferrumequinum,0.029,0.029,-1,Echolocation,/mnt/ubna_data_01_mir/recover-20220825/UBNA_002/20220823_033000.WAV,Telephone Field,recover-20220825,002,1795
1296.2175,1296.2567,68437,82443,Rhinolophus ferrumequinum,0.025,0.025,-1,Echolocation,/mnt/ubna_data_01_mir/recover-20220825/UBNA_002/20220823_033000.WAV,Telephone Field,recover-20220825,002,1795
1296.2185,1296.2289,22031,27101,Nyctalus leisleri,0.01,0.023,-1,Echolocation,/mnt/ubna_data_01_mir/recover-20220825/UBNA_002/20220823_033000.WAV,Telephone Field,recover-20220825,002,1795
1296.2385,1296.2467,28046,39427,Eptesicus serotinus,0.007,0.022,-1,Echolocation,/mnt/ubna_data_01_mir/recover-20220825/UBNA_002/20220823_033000.WAV,Telephone Field,recover-20220825,002,1795
1296.2535,1296.2926,68437,82003,Rhinolophus ferrumequinum,0.021,0.021,-1,Echolocation,/mnt/ubna_data_01_mir/recover-20220825/UBNA_002/20220823_033000.WAV,Telephone Field,recover-20220825,002,1795
1296.2655,1296.2745,24609,32777,Eptesicus serotinus,0.006,0.022,-1,Echolocation,/mnt/ubna_data_01_mir/recover-20220825/UBNA_002/20220823_033000.WAV,Telephone Field,recover-20220825,002,1795
1296.2855,1296.3258,68437,82053,Rhinolophus ferrumequinum,0.026,0.026,-1,Echolocation,/mnt/ubna_data_01_mir/recover-20220825/UBNA_002/20220823_033000.WAV,Telephone Field,recover-20220825,002,1795
1296.3005,1296.3099,28046,36482,Eptesicus serotinus,0.009,0.022,-1,Echolocation,/mnt/ubna_data_01_mir/recover-20220825/UBNA_002/20220823_033000.WAV,Telephone Field,recover-20220825,002,1795
1296.3025,1296.3415,68437,82150,Rhinolophus ferrumequinum,0.022,0.022,-1,Echolocation,/mnt/ubna_data_01_mir/recover-20220825/UBNA_002/20220823_033000.WAV,Telephone Field,recover-20220825,002,1795
1296.3315,1296.3449,57265,62307,Pipistrellus pygmaeus,0.021,0.021,-1,Echolocation,/mnt/ubna_data_01_mir/recover-20220825/UBNA_002/20220823_033000.WAV,Telephone Field,recover-20220825,002,1795
1296.3385,1296.3464,23750,31413,Plecotus austriacus,0.008,0.021,-1,Echolocation,/mnt/ubna_data_01_mir/recover-20220825/UBNA_002/20220823_033000.WAV,Telephone Field,recover-20220825,002,1795
1296.3635,1296.4009,68437,81892,Rhinolophus ferrumequinum,0.022,0.022,-1,Echolocation,/mnt/ubna_data_01_mir/recover-20220825/UBNA_002/20220823_033000.WAV,Telephone Field,recover-20220825,002,1795
1296.4295,1296.4685,68437,82004,Rhinolophus ferrumequinum,0.021,0.021,-1,Echolocation,/mnt/ubna_data_01_mir/recover-20220825/UBNA_002/20220823_033000.WAV,Telephone Field,recover-20220825,002,1795
1296.4495,1296.4572,26328,35743,Eptesicus serotinus,0.005,0.021,-1,Echolocation,/mnt/ubna_data_01_mir/recover-20220825/UBNA_002/20220823_033000.WAV,Telephone Field,recover-20220825,002,1795
1296.4755,1296.5145,68437,82254,Rhinolophus ferrumequinum,0.023,0.023,-1,Echolocation,/mnt/ubna_data_01_mir/recover-20220825/UBNA_002/20220823_033000.WAV,Telephone Field,recover-20220825,002,1795
1296.5055,1296.5457,68437,82415,Rhinolophus ferrumequinum,0.022,0.022,-1,Echolocation,/mnt/ubna_data_01_mir/recover-20220825/UBNA_002/20220823_033000.WAV,Telephone Field,recover-20220825,002,1795
1296.5085,1296.5209,22031,26229,Nyctalus leisleri,0.012,0.022,-1,Echolocation,/mnt/ubna_data_01_mir/recover-20220825/UBNA_002/20220823_033000.WAV,Telephone Field,recover-20220825,002,1795
1296.5305,1296.5722,68437,82268,Rhinolophus ferrumequinum,0.022,0.022,-1,Echolocation,/mnt/ubna_data_01_mir/recover-20220825/UBNA_002/20220823_033000.WAV,Telephone Field,recover-20220825,002,1795
1296.5355,1296.5772,68437,82910,Rhinolophus ferrumequinum,0.022,0.022,-1,Echolocation,/mnt/ubna_data_01_mir/recover-20220825/UBNA_002/20220823_033000.WAV,Telephone Field,recover-20220825,002,1795
1296.5655,1296.6033,68437,81703,Rhinolophus ferrumequinum,0.021,0.021,-1,Echolocation,/mnt/ubna_data_01_mir/recover-20220825/UBNA_002/20220823_033000.WAV,Telephone Field,recover-20220825,002,1795
1296.5805,1296.5889,28906,38759,Eptesicus serotinus,0.007,0.021,-1,Echolocation,/mnt/ubna_data_01_mir/recover-20220825/UBNA_002/20220823_033000.WAV,Telephone Field,recover-20220825,002,1795
1296.6185,1296.6576,68437,81691,Rhinolophus ferrumequinum,0.022,0.022,-1,Echolocation,/mnt/ubna_data_01_mir/recover-20220825/UBNA_002/20220823_033000.WAV,Telephone Field,recover-20220825,002,1795
1296.6385,1296.6779,68437,82575,Rhinolophus ferrumequinum,0.021,0.021,-1,Echolocation,/mnt/ubna_data_01_mir/recover-20220825/UBNA_002/20220823_033000.WAV,Telephone Field,recover-20220825,002,1795
1296.6955,1296.7361,68437,82154,Rhinolophus ferrumequinum,0.023,0.023,-1,Echolocation,/mnt/ubna_data_01_mir/recover-20220825/UBNA_002/20220823_033000.WAV,Telephone Field,recover-20220825,002,1795
1296.7065,1296.7449,68437,81995,Rhinolophus ferrumequinum,0.021,0.021,-1,Echolocation,/mnt/ubna_data_01_mir/recover-20220825/UBNA_002/20220823_033000.WAV,Telephone Field,recover-20220825,002,1795
1296.7165,1296.7272,23750,28853,Nyctalus leisleri,0.012,0.024,-1,Echolocation,/mnt/ubna_data_01_mir/recover-20220825/UBNA_002/20220823_033000.WAV,Telephone Field,recover-20220825,002,1795
1296.7205,1296.7322,40937,47728,Pipistrellus nathusii,0.009,0.022,-1,Echolocation,/mnt/ubna_data_01_mir/recover-20220825/UBNA_002/20220823_033000.WAV,Telephone Field,recover-20220825,002,1795
1296.7575,1296.7711,14296,19119,Nyctalus noctula,0.018,0.029,-1,Echolocation,/mnt/ubna_data_01_mir/recover-20220825/UBNA_002/20220823_033000.WAV,Telephone Field,recover-20220825,002,1795
1296.7615,1296.7956,68437,80810,Rhinolophus ferrumequinum,0.021,0.021,-1,Echolocation,/mnt/ubna_data_01_mir/recover-20220825/UBNA_002/20220823_033000.WAV,Telephone Field,recover-20220825,002,1795
1296.7905,1296.828,68437,81835,Rhinolophus ferrumequinum,0.021,0.021,-1,Echolocation,/mnt/ubna_data_01_mir/recover-20220825/UBNA_002/20220823_033000.WAV,Telephone Field,recover-20220825,002,1795
1296.7945,1296.8063,23750,29572,Nyctalus leisleri,0.012,0.025,-1,Echolocation,/mnt/ubna_data_01_mir/recover-20220825/UBNA_002/20220823_033000.WAV,Telephone Field,recover-20220825,002,1795
1296.8195,1296.8304,28046,35016,Eptesicus serotinus,0.015,0.029,-1,Echolocation,/mnt/ubna_data_01_mir/recover-20220825/UBNA_002/20220823_033000.WAV,Telephone Field,recover-20220825,002,1795
1296.8225,1296.863,68437,82478,Rhinolophus ferrumequinum,0.027,0.027,-1,Echolocation,/mnt/ubna_data_01_mir/recover-20220825/UBNA_002/20220823_033000.WAV,Telephone Field,recover-20220825,002,1795
1296.8395,1296.8525,22890,27723,Nyctalus leisleri,0.02,0.037,-1,Echolocation,/mnt/ubna_data_01_mir/recover-20220825/UBNA_002/20220823_033000.WAV,Telephone Field,recover-20220825,002,1795
1296.8485,1296.8894,68437,82747,Rhinolophus ferrumequinum,0.025,0.025,-1,Echolocation,/mnt/ubna_data_01_mir/recover-20220825/UBNA_002/20220823_033000.WAV,Telephone Field,recover-20220825,002,1795
1296.8715,1296.8812,24609,31478,Nyctalus leisleri,0.008,0.022,-1,Echolocation,/mnt/ubna_data_01_mir/recover-20220825/UBNA_002/20220823_033000.WAV,Telephone Field,recover-20220825,002,1795
1296.9075,1296.9452,68437,81890,Rhinolophus ferrumequinum,0.022,0.022,-1,Echolocation,/mnt/ubna_data_01_mir/recover-20220825/UBNA_002/20220823_033000.WAV,Telephone Field,recover-20220825,002,1795
1296.9095,1296.917,27187,37700,Eptesicus serotinus,0.006,0.021,-1,Echolocation,/mnt/ubna_data_01_mir/recover-20220825/UBNA_002/20220823_033000.WAV,Telephone Field,recover-20220825,002,1795
1296.9195,1296.9582,68437,82246,Rhinolophus ferrumequinum,0.021,0.021,-1,Echolocation,/mnt/ubna_data_01_mir/recover-20220825/UBNA_002/20220823_033000.WAV,Telephone Field,recover-20220825,002,1795
1296.9385,1296.9833,68437,82999,Rhinolophus ferrumequinum,0.035,0.035,-1,Echolocation,/mnt/ubna_data_01_mir/recover-20220825/UBNA_002/20220823_033000.WAV,Telephone Field,recover-20220825,002,1795
1296.9405,1296.9508,44375,49100,Pipistrellus pipistrellus,0.026,0.029,-1,Echolocation,/mnt/ubna_data_01_mir/recover-20220825/UBNA_002/20220823_033000.WAV,Telephone Field,recover-20220825,002,1795
1296.9535,1296.9662,25468,30179,Eptesicus serotinus,0.085,0.177,-1,Echolocation,/mnt/ubna_data_01_mir/recover-20220825/UBNA_002/20220823_033000.WAV,Telephone Field,recover-20220825,002,1795
1296.9835,1297.0235,68437,83080,Rhinolophus ferrumequinum,0.033,0.034,-1,Echolocation,/mnt/ubna_data_01_mir/recover-20220825/UBNA_002/20220823_033000.WAV,Telephone Field,recover-20220825,002,1795
1297.0095,1297.0472,68437,81921,Rhinolophus ferrumequinum,0.021,0.021,-1,Echolocation,/mnt/ubna_data_01_mir/recover-20220825/UBNA_002/20220823_033000.WAV,Telephone Field,recover-20220825,002,1795
1297.0115,1297.0187,28046,43700,Eptesicus serotinus,0.009,0.03,-1,Echolocation,/mnt/ubna_data_01_mir/recover-20220825/UBNA_002/20220823_033000.WAV,Telephone Field,recover-20220825,002,1795
1297.0385,1297.0804,68437,83090,Rhinolophus ferrumequinum,0.033,0.033,-1,Echolocation,/mnt/ubna_data_01_mir/recover-20220825/UBNA_002/20220823_033000.WAV,Telephone Field,recover-20220825,002,1795
1297.0785,1297.1167,68437,81776,Rhinolophus ferrumequinum,0.021,0.021,-1,Echolocation,/mnt/ubna_data_01_mir/recover-20220825/UBNA_002/20220823_033000.WAV,Telephone Field,recover-20220825,002,1795
1297.1005,1297.1393,68437,82409,Rhinolophus ferrumequinum,0.023,0.023,-1,Echolocation,/mnt/ubna_data_01_mir/recover-20220825/UBNA_002/20220823_033000.WAV,Telephone Field,recover-20220825,002,1795
1297.1245,1297.1656,68437,82587,Rhinolophus ferrumequinum,0.025,0.025,-1,Echolocation,/mnt/ubna_data_01_mir/recover-20220825/UBNA_002/20220823_033000.WAV,Telephone Field,recover-20220825,002,1795
1297.1265,1297.1344,28046,40307,Eptesicus serotinus,0.006,0.021,-1,Echolocation,/mnt/ubna_data_01_mir/recover-20220825/UBNA_002/20220823_033000.WAV,Telephone Field,recover-20220825,002,1795
1297.1325,1297.1428,22031,26196,Nyctalus leisleri,0.013,0.022,-1,Echolocation,/mnt/ubna_data_01_mir/recover-20220825/UBNA_002/20220823_033000.WAV,Telephone Field,recover-20220825,002,1795
1297.1545,1297.1618,23750,32787,Plecotus austriacus,0.01,0.024,-1,Echolocation,/mnt/ubna_data_01_mir/recover-20220825/UBNA_002/20220823_033000.WAV,Telephone Field,recover-20220825,002,1795
1297.1725,1297.214,68437,82843,Rhinolophus ferrumequinum,0.028,0.028,-1,Echolocation,/mnt/ubna_data_01_mir/recover-20220825/UBNA_002/20220823_033000.WAV,Telephone Field,recover-20220825,002,1795
1297.2095,1297.2507,68437,82152,Rhinolophus ferrumequinum,0.024,0.024,-1,Echolocation,/mnt/ubna_data_01_mir/recover-20220825/UBNA_002/20220823_033000.WAV,Telephone Field,recover-20220825,002,1795
1297.2325,1297.2463,24609,29112,Nyctalus leisleri,0.204,0.304,-1,Echolocation,/mnt/ubna_data_01_mir/recover-20220825/UBNA_002/20220823_033000.WAV,Telephone Field,recover-20220825,002,1795
1297.2805,1297.3211,68437,82231,Rhinolophus ferrumequinum,0.021,0.021,-1,Echolocation,/mnt/ubna_data_01_mir/recover-20220825/UBNA_002/20220823_033000.WAV,Telephone Field,recover-20220825,002,1795
1297.3445,1297.352,28046,39026,Eptesicus serotinus,0.008,0.026,-1,Echolocation,/mnt/ubna_data_01_mir/recover-20220825/UBNA_002/20220823_033000.WAV,Telephone Field,recover-20220825,002,1795
1297.3545,1297.365,22890,28412,Nyctalus leisleri,0.009,0.021,-1,Echolocation,/mnt/ubna_data_01_mir/recover-20220825/UBNA_002/20220823_033000.WAV,Telephone Field,recover-20220825,002,1795
1297.3715,1297.3801,28046,36845,Eptesicus serotinus,0.016,0.032,-1,Echolocation,/mnt/ubna_data_01_mir/recover-20220825/UBNA_002/20220823_033000.WAV,Telephone Field,recover-20220825,002,1795
1297.3725,1297.4107,68437,82393,Rhinolophus ferrumequinum,0.025,0.025,-1,Echolocation,/mnt/ubna_data_01_mir/recover-20220825/UBNA_002/20220823_033000.WAV,Telephone Field,recover-20220825,002,1795
1297.4065,1297.4438,68437,81605,Rhinolophus ferrumequinum,0.021,0.021,-1,Echolocation,/mnt/ubna_data_01_mir/recover-20220825/UBNA_002/20220823_033000.WAV,Telephone Field,recover-20220825,002,1795
1297.4245,1297.4344,28046,38718,Eptesicus serotinus,0.011,0.025,-1,Echolocation,/mnt/ubna_data_01_mir/recover-20220825/UBNA_002/20220823_033000.WAV,Telephone Field,recover-20220825,002,1795
1297.4295,1297.4714,68437,82733,Rhinolophus ferrumequinum,0.027,0.027,-1,Echolocation,/mnt/ubna_data_01_mir/recover-20220825/UBNA_002/20220823_033000.WAV,Telephone Field,recover-20220825,002,1795
1297.4935,1297.5004,29765,43186,Myotis daubentonii,0.01,0.025,-1,Echolocation,/mnt/ubna_data_01_mir/recover-20220825/UBNA_002/20220823_033000.WAV,Telephone Field,recover-20220825,002,1795
1297.5805,1297.5913,22890,28572,Nyctalus leisleri,0.01,0.023,-1,Echolocation,/mnt/ubna_data_01_mir/recover-20220825/UBNA_002/20220823_033000.WAV,Telephone Field,recover-20220825,002,1795
1297.6025,1297.641,68437,82690,Rhinolophus ferrumequinum,0.027,0.027,-1,Echolocation,/mnt/ubna_data_01_mir/recover-20220825/UBNA_002/20220823_033000.WAV,Telephone Field,recover-20220825,002,1795
1297.6195,1297.6614,68437,81885,Rhinolophus ferrumequinum,0.024,0.024,-1,Echolocation,/mnt/ubna_data_01_mir/recover-20220825/UBNA_002/20220823_033000.WAV,Telephone Field,recover-20220825,002,1795
1297.6425,1297.6495,41796,55667,Myotis mystacinus,0.006,0.023,-1,Echolocation,/mnt/ubna_data_01_mir/recover-20220825/UBNA_002/20220823_033000.WAV,Telephone Field,recover-20220825,002,1795
1297.6425,1297.6513,28046,41992,Eptesicus serotinus,0.008,0.023,-1,Echolocation,/mnt/ubna_data_01_mir/recover-20220825/UBNA_002/20220823_033000.WAV,Telephone Field,recover-20220825,002,1795
1297.6635,1297.7017,68437,82095,Rhinolophus ferrumequinum,0.024,0.024,-1,Echolocation,/mnt/ubna_data_01_mir/recover-20220825/UBNA_002/20220823_033000.WAV,Telephone Field,recover-20220825,002,1795
1297.6965,1297.7049,45234,48760,Pipistrellus pipistrellus,0.023,0.024,-1,Echolocation,/mnt/ubna_data_01_mir/recover-20220825/UBNA_002/20220823_033000.WAV,Telephone Field,recover-20220825,002,1795
1297.6985,1297.7402,68437,82735,Rhinolophus ferrumequinum,0.025,0.025,-1,Echolocation,/mnt/ubna_data_01_mir/recover-20220825/UBNA_002/20220823_033000.WAV,Telephone Field,recover-20220825,002,1795
1297.7055,1297.7141,23750,31501,Plecotus austriacus,0.008,0.024,-1,Echolocation,/mnt/ubna_data_01_mir/recover-20220825/UBNA_002/20220823_033000.WAV,Telephone Field,recover-20220825,002,1795
1297.7065,1297.7153,28046,37296,Eptesicus serotinus,0.009,0.024,-1,Echolocation,/mnt/ubna_data_01_mir/recover-20220825/UBNA_002/20220823_033000.WAV,Telephone Field,recover-20220825,002,1795
1297.7305,1297.7387,44375,48900,Pipistrellus pipistrellus,0.021,0.023,-1,Echolocation,/mnt/ubna_data_01_mir/recover-20220825/UBNA_002/20220823_033000.WAV,Telephone Field,recover-20220825,002,1795
1297.7315,1297.7699,68437,82500,Rhinolophus ferrumequinum,0.025,0.025,-1,Echolocation,/mnt/ubna_data_01_mir/recover-20220825/UBNA_002/20220823_033000.WAV,Telephone Field,recover-20220825,002,1795
1297.7575,1297.7969,68437,82337,Rhinolophus ferrumequinum,0.025,0.025,-1,Echolocation,/mnt/ubna_data_01_mir/recover-20220825/UBNA_002/20220823_033000.WAV,Telephone Field,recover-20220825,002,1795
1297.7745,1297.7858,23750,29752,Nyctalus leisleri,0.011,0.025,-1,Echolocation,/mnt/ubna_data_01_mir/recover-20220825/UBNA_002/20220823_033000.WAV,Telephone Field,recover-20220825,002,1795
1297.7855,1297.8029,23750,27629,Nyctalus leisleri,0.013,0.025,-1,Echolocation,/mnt/ubna_data_01_mir/recover-20220825/UBNA_002/20220823_033000.WAV,Telephone Field,recover-20220825,002,1795
1297.7975,1297.8058,28046,38866,Eptesicus serotinus,0.007,0.021,-1,Echolocation,/mnt/ubna_data_01_mir/recover-20220825/UBNA_002/20220823_033000.WAV,Telephone Field,recover-20220825,002,1795
1297.8545,1297.8623,28046,39940,Eptesicus serotinus,0.006,0.021,-1,Echolocation,/mnt/ubna_data_01_mir/recover-20220825/UBNA_002/20220823_033000.WAV,Telephone Field,recover-20220825,002,1795
1297.9045,1297.9131,27187,37288,Eptesicus serotinus,0.008,0.021,-1,Echolocation,/mnt/ubna_data_01_mir/recover-20220825/UBNA_002/20220823_033000.WAV,Telephone Field,recover-20220825,002,1795
1297.9245,1297.9638,68437,82389,Rhinolophus ferrumequinum,0.026,0.026,-1,Echolocation,/mnt/ubna_data_01_mir/recover-20220825/UBNA_002/20220823_033000.WAV,Telephone Field,recover-20220825,002,1795
1297.9295,1297.9441,28046,33794,Eptesicus serotinus,0.034,0.056,-1,Echolocation,/mnt/ubna_data_01_mir/recover-20220825/UBNA_002/20220823_033000.WAV,Telephone Field,recover-20220825,002,1795
1298.0015,1298.0097,39218,47459,Pipistrellus nathusii,0.01,0.023,-1,Echolocation,/mnt/ubna_data_01_mir/recover-20220825/UBNA_002/20220823_033000.WAV,Telephone Field,recover-20220825,002,1795
1298.0015,1298.0357,68437,80474,Rhinolophus ferrumequinum,0.036,0.036,-1,Echolocation,/mnt/ubna_data_01_mir/recover-20220825/UBNA_002/20220823_033000.WAV,Telephone Field,recover-20220825,002,1795
1298.0095,1298.021,24609,30780,Nyctalus leisleri,0.332,0.636,-1,Echolocation,/mnt/ubna_data_01_mir/recover-20220825/UBNA_002/20220823_033000.WAV,Telephone Field,recover-20220825,002,1795
1298.0535,1298.0947,68437,83108,Rhinolophus ferrumequinum,0.03,0.03,-1,Echolocation,/mnt/ubna_data_01_mir/recover-20220825/UBNA_002/20220823_033000.WAV,Telephone Field,recover-20220825,002,1795
1298.1045,1298.1486,68437,83571,Rhinolophus ferrumequinum,0.035,0.035,-1,Echolocation,/mnt/ubna_data_01_mir/recover-20220825/UBNA_002/20220823_033000.WAV,Telephone Field,recover-20220825,002,1795
1298.1255,1298.1637,68437,81895,Rhinolophus ferrumequinum,0.022,0.022,-1,Echolocation,/mnt/ubna_data_01_mir/recover-20220825/UBNA_002/20220823_033000.WAV,Telephone Field,recover-20220825,002,1795
1298.1445,1298.1784,68437,81546,Rhinolophus ferrumequinum,0.021,0.021,-1,Echolocation,/mnt/ubna_data_01_mir/recover-20220825/UBNA_002/20220823_033000.WAV,Telephone Field,recover-20220825,002,1795
1298.1695,1298.1781,28046,39128,Eptesicus serotinus,0.013,0.03,-1,Echolocation,/mnt/ubna_data_01_mir/recover-20220825/UBNA_002/20220823_033000.WAV,Telephone Field,recover-20220825,002,1795
1298.1715,1298.2117,68437,82758,Rhinolophus ferrumequinum,0.027,0.027,-1,Echolocation,/mnt/ubna_data_01_mir/recover-20220825/UBNA_002/20220823_033000.WAV,Telephone Field,recover-20220825,002,1795
1298.2105,1298.2311,18593,22324,Nyctalus noctula,0.016,0.028,-1,Echolocation,/mnt/ubna_data_01_mir/recover-20220825/UBNA_002/20220823_033000.WAV,Telephone Field,recover-20220825,002,1795
1298.2275,1298.235,23750,32512,Plecotus austriacus,0.012,0.027,-1,Echolocation,/mnt/ubna_data_01_mir/recover-20220825/UBNA_002/20220823_033000.WAV,Telephone Field,recover-20220825,002,1795
1298.2435,1298.2565,24609,31665,Eptesicus serotinus,0.271,0.536,-1,Echolocation,/mnt/ubna_data_01_mir/recover-20220825/UBNA_002/20220823_033000.WAV,Telephone Field,recover-20220825,002,1795
1298.2615,1298.3004,68437,82827,Rhinolophus ferrumequinum,0.033,0.033,-1,Echolocation,/mnt/ubna_data_01_mir/recover-20220825/UBNA_002/20220823_033000.WAV,Telephone Field,recover-20220825,002,1795
1298.2845,1298.3237,68437,82574,Rhinolophus ferrumequinum,0.028,0.028,-1,Echolocation,/mnt/ubna_data_01_mir/recover-20220825/UBNA_002/20220823_033000.WAV,Telephone Field,recover-20220825,002,1795
1298.3355,1298.3712,68437,81014,Rhinolophus ferrumequinum,0.022,0.022,-1,Echolocation,/mnt/ubna_data_01_mir/recover-20220825/UBNA_002/20220823_033000.WAV,Telephone Field,recover-20220825,002,1795
1298.3565,1298.3945,68437,82263,Rhinolophus ferrumequinum,0.026,0.026,-1,Echolocation,/mnt/ubna_data_01_mir/recover-20220825/UBNA_002/20220823_033000.WAV,Telephone Field,recover-20220825,002,1795
1298.4035,1298.4103,28046,40962,Eptesicus serotinus,0.007,0.026,-1,Echolocation,/mnt/ubna_data_01_mir/recover-20220825/UBNA_002/20220823_033000.WAV,Telephone Field,recover-20220825,002,1795
1298.4095,1298.4454,68437,81914,Rhinolophus ferrumequinum,0.023,0.023,-1,Echolocation,/mnt/ubna_data_01_mir/recover-20220825/UBNA_002/20220823_033000.WAV,Telephone Field,recover-20220825,002,1795
1298.4195,1298.4317,25468,32195,Eptesicus serotinus,0.25,0.549,-1,Echolocation,/mnt/ubna_data_01_mir/recover-20220825/UBNA_002/20220823_033000.WAV,Telephone Field,recover-20220825,002,1795
1298.4595,1298.4962,68437,82039,Rhinolophus ferrumequinum,0.021,0.021,-1,Echolocation,/mnt/ubna_data_01_mir/recover-20220825/UBNA_002/20220823_033000.WAV,Telephone Field,recover-20220825,002,1795
1298.5025,1298.5423,68437,82348,Rhinolophus ferrumequinum,0.021,0.021,-1,Echolocation,/mnt/ubna_data_01_mir/recover-20220825/UBNA_002/20220823_033000.WAV,Telephone Field,recover-20220825,002,1795
1298.5045,1298.5141,43515,46868,Pipistrellus pipistrellus,0.025,0.028,-1,Echolocation,/mnt/ubna_data_01_mir/recover-20220825/UBNA_002/20220823_033000.WAV,Telephone Field,recover-20220825,002,1795
1298.5065,1298.5185,25468,31244,Nyctalus leisleri,0.013,0.033,-1,Echolocation,/mnt/ubna_data_01_mir/recover-20220825/UBNA_002/20220823_033000.WAV,Telephone Field,recover-20220825,002,1795
1298.5285,1298.5684,68437,82622,Rhinolophus ferrumequinum,0.026,0.026,-1,Echolocation,/mnt/ubna_data_01_mir/recover-20220825/UBNA_002/20220823_033000.WAV,Telephone Field,recover-20220825,002,1795
1298.5445,1298.5554,28046,34320,Eptesicus serotinus,0.175,0.308,-1,Echolocation,/mnt/ubna_data_01_mir/recover-20220825/UBNA_002/20220823_033000.WAV,Telephone Field,recover-20220825,002,1795
1298.5485,1298.5882,68437,81908,Rhinolophus ferrumequinum,0.025,0.025,-1,Echolocation,/mnt/ubna_data_01_mir/recover-20220825/UBNA_002/20220823_033000.WAV,Telephone Field,recover-20220825,002,1795
1298.6235,1298.6389,15156,20857,Nyctalus noctula,0.045,0.058,-1,Echolocation,/mnt/ubna_data_01_mir/recover-20220825/UBNA_002/20220823_033000.WAV,Telephone Field,recover-20220825,002,1795
1298.6435,1298.6793,68437,81965,Rhinolophus ferrumequinum,0.021,0.021,-1,Echolocation,/mnt/ubna_data_01_mir/recover-20220825/UBNA_002/20220823_033000.WAV,Telephone Field,recover-20220825,002,1795
1298.6575,1298.6982,68437,82410,Rhinolophus ferrumequinum,0.022,0.022,-1,Echolocation,/mnt/ubna_data_01_mir/recover-20220825/UBNA_002/20220823_033000.WAV,Telephone Field,recover-20220825,002,1795
1298.6725,1298.7143,68437,82850,Rhinolophus ferrumequinum,0.029,0.029,-1,Echolocation,/mnt/ubna_data_01_mir/recover-20220825/UBNA_002/20220823_033000.WAV,Telephone Field,recover-20220825,002,1795
1298.6875,1298.6966,27187,33757,Eptesicus serotinus,0.054,0.104,-1,Echolocation,/mnt/ubna_data_01_mir/recover-20220825/UBNA_002/20220823_033000.WAV,Telephone Field,recover-20220825,002,1795
1298.6995,1298.7407,68437,82845,Rhinolophus ferrumequinum,0.027,0.027,-1,Echolocation,/mnt/ubna_data_01_mir/recover-20220825/UBNA_002/20220823_033000.WAV,Telephone Field,recover-20220825,002,1795
1298.7115,1298.7226,34062,39358,Eptesicus serotinus,0.005,0.021,-1,Echolocation,/mnt/ubna_data_01_mir/recover-20220825/UBNA_002/20220823_033000.WAV,Telephone Field,recover-20220825,002,1795
1298.7325,1298.772,68437,82149,Rhinolophus ferrumequinum,0.027,0.027,-1,Echolocation,/mnt/ubna_data_01_mir/recover-20220825/UBNA_002/20220823_033000.WAV,Telephone Field,recover-20220825,002,1795
1298.7735,1298.8119,68437,81891,Rhinolophus ferrumequinum,0.023,0.023,-1,Echolocation,/mnt/ubna_data_01_mir/recover-20220825/UBNA_002/20220823_033000.WAV,Telephone Field,recover-20220825,002,1795
1298.7805,1298.8186,68437,81407,Rhinolophus ferrumequinum,0.024,0.024,-1,Echolocation,/mnt/ubna_data_01_mir/recover-20220825/UBNA_002/20220823_033000.WAV,Telephone Field,recover-20220825,002,1795
1298.7965,1298.8081,22890,28033,Nyctalus leisleri,0.014,0.029,-1,Echolocation,/mnt/ubna_data_01_mir/recover-20220825/UBNA_002/20220823_033000.WAV,Telephone Field,recover-20220825,002,1795
1298.8065,1298.8462,68437,82455,Rhinolophus ferrumequinum,0.021,0.021,-1,Echolocation,/mnt/ubna_data_01_mir/recover-20220825/UBNA_002/20220823_033000.WAV,Telephone Field,recover-20220825,002,1795
1298.8495,1298.8618,22031,26598,Nyctalus leisleri,0.015,0.03,-1,Echolocation,/mnt/ubna_data_01_mir/recover-20220825/UBNA_002/20220823_033000.WAV,Telephone Field,recover-20220825,002,1795
1298.8865,1298.9221,68437,81413,Rhinolophus ferrumequinum,0.022,0.022,-1,Echolocation,/mnt/ubna_data_01_mir/recover-20220825/UBNA_002/20220823_033000.WAV,Telephone Field,recover-20220825,002,1795
1298.9075,1298.9153,25468,34998,Plecotus austriacus,0.013,0.04,-1,Echolocation,/mnt/ubna_data_01_mir/recover-20220825/UBNA_002/20220823_033000.WAV,Telephone Field,recover-20220825,002,1795
1298.9115,1298.9528,68437,82916,Rhinolophus ferrumequinum,0.029,0.029,-1,Echolocation,/mnt/ubna_data_01_mir/recover-20220825/UBNA_002/20220823_033000.WAV,Telephone Field,recover-20220825,002,1795
1298.9185,1298.9304,24609,29982,Nyctalus leisleri,0.01,0.023,-1,Echolocation,/mnt/ubna_data_01_mir/recover-20220825/UBNA_002/20220823_033000.WAV,Telephone Field,recover-20220825,002,1795
1298.9345,1298.9442,27187,34534,Eptesicus serotinus,0.009,0.023,-1,Echolocation,/mnt/ubna_data_01_mir/recover-20220825/UBNA_002/20220823_033000.WAV,Telephone Field,recover-20220825,002,1795
1298.9375,1298.9749,68437,82119,Rhinolophus ferrumequinum,0.021,0.021,-1,Echolocation,/mnt/ubna_data_01_mir/recover-20220825/UBNA_002/20220823_033000.WAV,Telephone Field,recover-20220825,002,1795
1298.9485,1298.9857,68437,81864,Rhinolophus ferrumequinum,0.025,0.026,-1,Echolocation,/mnt/ubna_data_01_mir/recover-20220825/UBNA_002/20220823_033000.WAV,Telephone Field,recover-20220825,002,1795
1298.9615,1299.0039,68437,83367,Rhinolophus ferrumequinum,0.038,0.038,-1,Echolocation,/mnt/ubna_data_01_mir/recover-20220825/UBNA_002/20220823_033000.WAV,Telephone Field,recover-20220825,002,1795
1298.9715,1298.9801,26328,34008,Eptesicus serotinus,0.008,0.022,-1,Echolocation,/mnt/ubna_data_01_mir/recover-20220825/UBNA_002/20220823_033000.WAV,Telephone Field,recover-20220825,002,1795
1298.9895,1299.002,28046,33649,Eptesicus serotinus,0.013,0.026,-1,Echolocation,/mnt/ubna_data_01_mir/recover-20220825/UBNA_002/20220823_033000.WAV,Telephone Field,recover-20220825,002,1795
1299.0305,1299.0532,20312,22924,Nyctalus leisleri,0.022,0.043,-1,Echolocation,/mnt/ubna_data_01_mir/recover-20220825/UBNA_002/20220823_033000.WAV,Telephone Field,recover-20220825,002,1795
1299.0515,1299.0957,68437,83001,Rhinolophus ferrumequinum,0.043,0.043,-1,Echolocation,/mnt/ubna_data_01_mir/recover-20220825/UBNA_002/20220823_033000.WAV,Telephone Field,recover-20220825,002,1795
1299.0765,1299.1134,68437,81774,Rhinolophus ferrumequinum,0.023,0.023,-1,Echolocation,/mnt/ubna_data_01_mir/recover-20220825/UBNA_002/20220823_033000.WAV,Telephone Field,recover-20220825,002,1795
1299.1495,1299.1858,68437,81475,Rhinolophus ferrumequinum,0.022,0.022,-1,Echolocation,/mnt/ubna_data_01_mir/recover-20220825/UBNA_002/20220823_033000.WAV,Telephone Field,recover-20220825,002,1795
1299.1515,1299.1624,22890,28014,Nyctalus leisleri,0.012,0.025,-1,Echolocation,/mnt/ubna_data_01_mir/recover-20220825/UBNA_002/20220823_033000.WAV,Telephone Field,recover-20220825,002,1795
1299.1645,1299.2,68437,81792,Rhinolophus ferrumequinum,0.027,0.027,-1,Echolocation,/mnt/ubna_data_01_mir/recover-20220825/UBNA_002/20220823_033000.WAV,Telephone Field,recover-20220825,002,1795
1299.1765,1299.2152,68437,81795,Rhinolophus ferrumequinum,0.022,0.022,-1,Echolocation,/mnt/ubna_data_01_mir/recover-20220825/UBNA_002/20220823_033000.WAV,Telephone Field,recover-20220825,002,1795
1299.1805,1299.1978,28906,33069,Eptesicus serotinus,0.024,0.05,-1,Echolocation,/mnt/ubna_data_01_mir/recover-20220825/UBNA_002/20220823_033000.WAV,Telephone Field,recover-20220825,002,1795
1299.2125,1299.2499,68437,81944,Rhinolophus ferrumequinum,0.022,0.022,-1,Echolocation,/mnt/ubna_data_01_mir/recover-20220825/UBNA_002/20220823_033000.WAV,Telephone Field,recover-20220825,002,1795
1299.2265,1299.2674,68437,82760,Rhinolophus ferrumequinum,0.037,0.037,-1,Echolocation,/mnt/ubna_data_01_mir/recover-20220825/UBNA_002/20220823_033000.WAV,Telephone Field,recover-20220825,002,1795
1299.2675,1299.3089,68437,82811,Rhinolophus ferrumequinum,0.026,0.026,-1,Echolocation,/mnt/ubna_data_01_mir/recover-20220825/UBNA_002/20220823_033000.WAV,Telephone Field,recover-20220825,002,1795
1299.3005,1299.3109,25468,32668,Eptesicus serotinus,0.009,0.023,-1,Echolocation,/mnt/ubna_data_01_mir/recover-20220825/UBNA_002/20220823_033000.WAV,Telephone Field,recover-20220825,002,1795
1299.3255,1299.3643,68437,81914,Rhinolophus ferrumequinum,0.023,0.023,-1,Echolocation,/mnt/ubna_data_01_mir/recover-20220825/UBNA_002/20220823_033000.WAV,Telephone Field,recover-20220825,002,1795
1299.3585,1299.397,68437,81729,Rhinolophus ferrumequinum,0.026,0.026,-1,Echolocation,/mnt/ubna_data_01_mir/recover-20220825/UBNA_002/20220823_033000.WAV,Telephone Field,recover-20220825,002,1795
1299.3705,1299.3788,28906,40752,Eptesicus serotinus,0.009,0.027,-1,Echolocation,/mnt/ubna_data_01_mir/recover-20220825/UBNA_002/20220823_033000.WAV,Telephone Field,recover-20220825,002,1795
1299.3865,1299.4263,68437,82544,Rhinolophus ferrumequinum,0.023,0.023,-1,Echolocation,/mnt/ubna_data_01_mir/recover-20220825/UBNA_002/20220823_033000.WAV,Telephone Field,recover-20220825,002,1795
1299.3965,1299.4044,28046,39272,Eptesicus serotinus,0.007,0.021,-1,Echolocation,/mnt/ubna_data_01_mir/recover-20220825/UBNA_002/20220823_033000.WAV,Telephone Field,recover-20220825,002,1795
1299.4305,1299.474,68437,83365,Rhinolophus ferrumequinum,0.037,0.037,-1,Echolocation,/mnt/ubna_data_01_mir/recover-20220825/UBNA_002/20220823_033000.WAV,Telephone Field,recover-20220825,002,1795
1299.4575,1299.4992,68437,83098,Rhinolophus ferrumequinum,0.025,0.025,-1,Echolocation,/mnt/ubna_data_01_mir/recover-20220825/UBNA_002/20220823_033000.WAV,Telephone Field,recover-20220825,002,1795
1299.5275,1299.5668,68437,82878,Rhinolophus ferrumequinum,0.024,0.024,-1,Echolocation,/mnt/ubna_data_01_mir/recover-20220825/UBNA_002/20220823_033000.WAV,Telephone Field,recover-20220825,002,1795
1299.5365,1299.5764,68437,82343,Rhinolophus ferrumequinum,0.023,0.023,-1,Echolocation,/mnt/ubna_data_01_mir/recover-20220825/UBNA_002/20220823_033000.WAV,Telephone Field,recover-20220825,002,1795
1299.5555,1299.5924,68437,81903,Rhinolophus ferrumequinum,0.022,0.022,-1,Echolocation,/mnt/ubna_data_01_mir/recover-20220825/UBNA_002/20220823_033000.WAV,Telephone Field,recover-20220825,002,1795
1299.5685,1299.5766,28046,41568,Eptesicus serotinus,0.008,0.022,-1,Echolocation,/mnt/ubna_data_01_mir/recover-20220825/UBNA_002/20220823_033000.WAV,Telephone Field,recover-20220825,002,1795
1299.5805,1299.6174,68437,81720,Rhinolophus ferrumequinum,0.021,0.021,-1,Echolocation,/mnt/ubna_data_01_mir/recover-20220825/UBNA_002/20220823_033000.WAV,Telephone Field,recover-20220825,002,1795
1299.6185,1299.6551,68437,81617,Rhinolophus ferrumequinum,0.021,0.021,-1,Echolocation,/mnt/ubna_data_01_mir/recover-20220825/UBNA_002/20220823_033000.WAV,Telephone Field,recover-20220825,002,1795
1299.6505,1299.6628,24609,29864,Nyctalus leisleri,0.019,0.041,-1,Echolocation,/mnt/ubna_data_01_mir/recover-20220825/UBNA_002/20220823_033000.WAV,Telephone Field,recover-20220825,002,1795
1299.6645,1299.6729,28046,37539,Eptesicus serotinus,0.008,0.022,-1,Echolocation,/mnt/ubna_data_01_mir/recover-20220825/UBNA_002/20220823_033000.WAV,Telephone Field,recover-20220825,002,1795
1299.6955,1299.731,68437,81570,Rhinolophus ferrumequinum,0.021,0.022,-1,Echolocation,/mnt/ubna_data_01_mir/recover-20220825/UBNA_002/20220823_033000.WAV,Telephone Field,recover-20220825,002,1795
1299.7155,1299.755,68437,82280,Rhinolophus ferrumequinum,0.032,0.032,-1,Echolocation,/mnt/ubna_data_01_mir/recover-20220825/UBNA_002/20220823_033000.WAV,Telephone Field,recover-20220825,002,1795
1299.7285,1299.7378,24609,31751,Eptesicus serotinus,0.008,0.024,-1,Echolocation,/mnt/ubna_data_01_mir/recover-20220825/UBNA_002/20220823_033000.WAV,Telephone Field,recover-20220825,002,1795
1299.7305,1299.7688,68437,82694,Rhinolophus ferrumequinum,0.021,0.021,-1,Echolocation,/mnt/ubna_data_01_mir/recover-20220825/UBNA_002/20220823_033000.WAV,Telephone Field,recover-20220825,002,1795
1299.7435,1299.752,28046,40746,Eptesicus serotinus,0.008,0.022,-1,Echolocation,/mnt/ubna_data_01_mir/recover-20220825/UBNA_002/20220823_033000.WAV,Telephone Field,recover-20220825,002,1795
1299.7635,1299.809,68437,83347,Rhinolophus ferrumequinum,0.039,0.039,-1,Echolocation,/mnt/ubna_data_01_mir/recover-20220825/UBNA_002/20220823_033000.WAV,Telephone Field,recover-20220825,002,1795
1299.7805,1299.8184,68437,82216,Rhinolophus ferrumequinum,0.028,0.028,-1,Echolocation,/mnt/ubna_data_01_mir/recover-20220825/UBNA_002/20220823_033000.WAV,Telephone Field,recover-20220825,002,1795
1299.8155,1299.8534,68437,81805,Rhinolophus ferrumequinum,0.022,0.022,-1,Echolocation,/mnt/ubna_data_01_mir/recover-20220825/UBNA_002/20220823_033000.WAV,Telephone Field,recover-20220825,002,1795
1299.8375,1299.8781,68437,82993,Rhinolophus ferrumequinum,0.031,0.031,-1,Echolocation,/mnt/ubna_data_01_mir/recover-20220825/UBNA_002/20220823_033000.WAV,Telephone Field,recover-20220825,002,1795
1299.8475,1299.8868,68437,82693,Rhinolophus ferrumequinum,0.024,0.024,-1,Echolocation,/mnt/ubna_data_01_mir/recover-20220825/UBNA_002/20220823_033000.WAV,Telephone Field,recover-20220825,002,1795
1299.8595,1299.8984,68437,81845,Rhinolophus ferrumequinum,0.021,0.022,-1,Echolocation,/mnt/ubna_data_01_mir/recover-20220825/UBNA_002/20220823_033000.WAV,Telephone Field,recover-20220825,002,1795
1299.9105,1299.9498,68437,82174,Rhinolophus ferrumequinum,0.022,0.022,-1,Echolocation,/mnt/ubna_data_01_mir/recover-20220825/UBNA_002/20220823_033000.WAV,Telephone Field,recover-20220825,002,1795
1299.9315,1299.9379,26328,41871,Plecotus auritus,0.006,0.025,-1,Echolocation,/mnt/ubna_data_01_mir/recover-20220825/UBNA_002/20220823_033000.WAV,Telephone Field,recover-20220825,002,1795
1299.9405,1299.9491,23750,30881,Plecotus austriacus,0.007,0.024,-1,Echolocation,/mnt/ubna_data_01_mir/recover-20220825/UBNA_002/20220823_033000.WAV,Telephone Field,recover-20220825,002,1795
1299.9465,1299.9892,68437,82702,Rhinolophus ferrumequinum,0.027,0.027,-1,Echolocation,/mnt/ubna_data_01_mir/recover-20220825/UBNA_002/20220823_033000.WAV,Telephone Field,recover-20220825,002,1795
1299.9685,1299.9778,26328,32474,Nyctalus leisleri,0.249,0.464,-1,Echolocation,/mnt/ubna_data_01_mir/recover-20220825/UBNA_002/20220823_033000.WAV,Telephone Field,recover-20220825,002,1795
1299.9855,1299.9955,22031,27527,Nyctalus leisleri,0.009,0.023,-1,Echolocation,/mnt/ubna_data_01_mir/recover-20220825/UBNA_002/20220823_033000.WAV,Telephone Field,recover-20220825,002,1795
1300.0015,1300.0119,27187,34296,Nyctalus leisleri,0.015,0.038,-1,Echolocation,/mnt/ubna_data_01_mir/recover-20220825/UBNA_002/20220823_033000.WAV,Telephone Field,recover-20220825,002,1795
1300.0015,1300.032,69296,81211,Rhinolophus ferrumequinum,0.027,0.028,-1,Echolocation,/mnt/ubna_data_01_mir/recover-20220825/UBNA_002/20220823_033000.WAV,Telephone Field,recover-20220825,002,1795
1300.0385,1300.0462,26328,39573,Eptesicus serotinus,0.007,0.023,-1,Echolocation,/mnt/ubna_data_01_mir/recover-20220825/UBNA_002/20220823_033000.WAV,Telephone Field,recover-20220825,002,1795
1300.0425,1300.076,68437,81377,Rhinolophus ferrumequinum,0.021,0.021,-1,Echolocation,/mnt/ubna_data_01_mir/recover-20220825/UBNA_002/20220823_033000.WAV,Telephone Field,recover-20220825,002,1795
1300.0775,1300.1142,68437,81806,Rhinolophus ferrumequinum,0.021,0.021,-1,Echolocation,/mnt/ubna_data_01_mir/recover-20220825/UBNA_002/20220823_033000.WAV,Telephone Field,recover-20220825,002,1795
1300.1375,1300.145,28046,40520,Eptesicus serotinus,0.007,0.022,-1,Echolocation,/mnt/ubna_data_01_mir/recover-20220825/UBNA_002/20220823_033000.WAV,Telephone Field,recover-20220825,002,1795
1300.1385,1300.1781,68437,82632,Rhinolophus ferrumequinum,0.022,0.022,-1,Echolocation,/mnt/ubna_data_01_mir/recover-20220825/UBNA_002/20220823_033000.WAV,Telephone Field,recover-20220825,002,1795
1300.1465,1300.1862,68437,82329,Rhinolophus ferrumequinum,0.023,0.023,-1,Echolocation,/mnt/ubna_data_01_mir/recover-20220825/UBNA_002/20220823_033000.WAV,Telephone Field,recover-20220825,002,1795
1300.1835,1300.1906,24609,35479,Plecotus austriacus,0.007,0.023,-1,Echolocation,/mnt/ubna_data_01_mir/recover-20220825/UBNA_002/20220823_033000.WAV,Telephone Field,recover-20220825,002,1795
1300.2015,1300.2408,68437,82332,Rhinolophus ferrumequinum,0.023,0.023,-1,Echolocation,/mnt/ubna_data_01_mir/recover-20220825/UBNA_002/20220823_033000.WAV,Telephone Field,recover-20220825,002,1795
1300.2275,1300.2691,68437,83438,Rhinolophus ferrumequinum,0.047,0.047,-1,Echolocation,/mnt/ubna_data_01_mir/recover-20220825/UBNA_002/20220823_033000.WAV,Telephone Field,recover-20220825,002,1795
1300.2325,1300.2404,26328,38517,Eptesicus serotinus,0.006,0.021,-1,Echolocation,/mnt/ubna_data_01_mir/recover-20220825/UBNA_002/20220823_033000.WAV,Telephone Field,recover-20220825,002,1795
1300.2635,1300.302,68437,82230,Rhinolophus ferrumequinum,0.023,0.023,-1,Echolocation,/mnt/ubna_data_01_mir/recover-20220825/UBNA_002/20220823_033000.WAV,Telephone Field,recover-20220825,002,1795
1300.2915,1300.3292,68437,82050,Rhinolophus ferrumequinum,0.022,0.022,-1,Echolocation,/mnt/ubna_data_01_mir/recover-20220825/UBNA_002/20220823_033000.WAV,Telephone Field,recover-20220825,002,1795
1300.3545,1300.3917,68437,82439,Rhinolophus ferrumequinum,0.022,0.022,-1,Echolocation,/mnt/ubna_data_01_mir/recover-20220825/UBNA_002/20220823_033000.WAV,Telephone Field,recover-20220825,002,1795
1300.3555,1300.3666,28906,35919,Eptesicus serotinus,0.012,0.024,-1,Echolocation,/mnt/ubna_data_01_mir/recover-20220825/UBNA_002/20220823_033000.WAV,Telephone Field,recover-20220825,002,1795
1300.3975,1300.4071,28906,37360,Eptesicus serotinus,0.01,0.023,-1,Echolocation,/mnt/ubna_data_01_mir/recover-20220825/UBNA_002/20220823_033000.WAV,Telephone Field,recover-20220825,002,1795
1300.4015,1300.4359,68437,81013,Rhinolophus ferrumequinum,0.029,0.029,-1,Echolocation,/mnt/ubna_data_01_mir/recover-20220825/UBNA_002/20220823_033000.WAV,Telephone Field,recover-20220825,002,1795
1300.4125,1300.4468,68437,81895,Rhinolophus ferrumequinum,0.024,0.024,-1,Echolocation,/mnt/ubna_data_01_mir/recover-20220825/UBNA_002/20220823_033000.WAV,Telephone Field,recover-20220825,002,1795
1300.4195,1300.427,23750,31952,Plecotus austriacus,0.008,0.021,-1,Echolocation,/mnt/ubna_data_01_mir/recover-20220825/UBNA_002/20220823_033000.WAV,Telephone Field,recover-20220825,002,1795
1300.4515,1300.4616,22031,28233,Nyctalus leisleri,0.009,0.026,-1,Echolocation,/mnt/ubna_data_01_mir/recover-20220825/UBNA_002/20220823_033000.WAV,Telephone Field,recover-20220825,002,1795
1300.4915,1300.5282,68437,81884,Rhinolophus ferrumequinum,0.024,0.024,-1,Echolocation,/mnt/ubna_data_01_mir/recover-20220825/UBNA_002/20220823_033000.WAV,Telephone Field,recover-20220825,002,1795
1300.5055,1300.5444,68437,82584,Rhinolophus ferrumequinum,0.022,0.022,-1,Echolocation,/mnt/ubna_data_01_mir/recover-20220825/UBNA_002/20220823_033000.WAV,Telephone Field,recover-20220825,002,1795
1300.5275,1300.5374,28906,37328,Eptesicus serotinus,0.009,0.024,-1,Echolocation,/mnt/ubna_data_01_mir/recover-20220825/UBNA_002/20220823_033000.WAV,Telephone Field,recover-20220825,002,1795
1300.5605,1300.5999,68437,82225,Rhinolophus ferrumequinum,0.021,0.021,-1,Echolocation,/mnt/ubna_data_01_mir/recover-20220825/UBNA_002/20220823_033000.WAV,Telephone Field,recover-20220825,002,1795
1300.5915,1300.6345,68437,83401,Rhinolophus ferrumequinum,0.036,0.036,-1,Echolocation,/mnt/ubna_data_01_mir/recover-20220825/UBNA_002/20220823_033000.WAV,Telephone Field,recover-20220825,002,1795
1300.6225,1300.6625,68437,82258,Rhinolophus ferrumequinum,0.028,0.028,-1,Echolocation,/mnt/ubna_data_01_mir/recover-20220825/UBNA_002/20220823_033000.WAV,Telephone Field,recover-20220825,002,1795
1300.6285,1300.6447,19453,23469,Nyctalus leisleri,0.01,0.021,-1,Echolocation,/mnt/ubna_data_01_mir/recover-20220825/UBNA_002/20220823_033000.WAV,Telephone Field,recover-20220825,002,1795
1300.6315,1300.6745,68437,83439,Rhinolophus ferrumequinum,0.035,0.035,-1,Echolocation,/mnt/ubna_data_01_mir/recover-20220825/UBNA_002/20220823_033000.WAV,Telephone Field,recover-20220825,002,1795
1300.6325,1300.6417,28906,36425,Eptesicus serotinus,0.009,0.022,-1,Echolocation,/mnt/ubna_data_01_mir/recover-20220825/UBNA_002/20220823_033000.WAV,Telephone Field,recover-20220825,002,1795
1300.6475,1300.6538,50390,59080,Pipistrellus pipistrellus,0.02,0.024,-1,Echolocation,/mnt/ubna_data_01_mir/recover-20220825/UBNA_002/20220823_033000.WAV,Telephone Field,recover-20220825,002,1795
1300.6655,1300.7083,68437,82945,Rhinolophus ferrumequinum,0.029,0.029,-1,Echolocation,/mnt/ubna_data_01_mir/recover-20220825/UBNA_002/20220823_033000.WAV,Telephone Field,recover-20220825,002,1795
1300.6655,1300.6784,23750,28250,Nyctalus leisleri,0.015,0.028,-1,Echolocation,/mnt/ubna_data_01_mir/recover-20220825/UBNA_002/20220823_033000.WAV,Telephone Field,recover-20220825,002,1795
1300.6945,1300.7066,41796,48025,Pipistrellus pipistrellus,0.014,0.021,-1,Echolocation,/mnt/ubna_data_01_mir/recover-20220825/UBNA_002/20220823_033000.WAV,Telephone Field,recover-20220825,002,1795
1300.7135,1300.7521,68437,81671,Rhinolophus ferrumequinum,0.021,0.021,-1,Echolocation,/mnt/ubna_data_01_mir/recover-20220825/UBNA_002/20220823_033000.WAV,Telephone Field,recover-20220825,002,1795
1300.7355,1300.774,68437,82236,Rhinolophus ferrumequinum,0.022,0.022,-1,Echolocation,/mnt/ubna_data_01_mir/recover-20220825/UBNA_002/20220823_033000.WAV,Telephone Field,recover-20220825,002,1795
1300.7355,1300.7522,22031,25710,Nyctalus leisleri,0.016,0.028,-1,Echolocation,/mnt/ubna_data_01_mir/recover-20220825/UBNA_002/20220823_033000.WAV,Telephone Field,recover-20220825,002,1795
1300.7665,1300.7736,25468,35329,Plecotus austriacus,0.008,0.029,-1,Echolocation,/mnt/ubna_data_01_mir/recover-20220825/UBNA_002/20220823_033000.WAV,Telephone Field,recover-20220825,002,1795
1300.7705,1300.81,68437,82078,Rhinolophus ferrumequinum,0.024,0.024,-1,Echolocation,/mnt/ubna_data_01_mir/recover-20220825/UBNA_002/20220823_033000.WAV,Telephone Field,recover-20220825,002,1795
1300.7845,1300.7983,22031,25579,Nyctalus leisleri,0.029,0.046,-1,Echolocation,/mnt/ubna_data_01_mir/recover-20220825/UBNA_002/20220823_033000.WAV,Telephone Field,recover-20220825,002,1795
1300.8215,1300.8619,68437,82774,Rhinolophus ferrumequinum,0.023,0.023,-1,Echolocation,/mnt/ubna_data_01_mir/recover-20220825/UBNA_002/20220823_033000.WAV,Telephone Field,recover-20220825,002,1795
1300.8515,1300.8593,28906,40032,Eptesicus serotinus,0.008,0.024,-1,Echolocation,/mnt/ubna_data_01_mir/recover-20220825/UBNA_002/20220823_033000.WAV,Telephone Field,recover-20220825,002,1795
1300.8515,1300.8598,23750,32098,Plecotus austriacus,0.01,0.024,-1,Echolocation,/mnt/ubna_data_01_mir/recover-20220825/UBNA_002/20220823_033000.WAV,Telephone Field,recover-20220825,002,1795
1300.8525,1300.893,68437,82926,Rhinolophus ferrumequinum,0.026,0.026,-1,Echolocation,/mnt/ubna_data_01_mir/recover-20220825/UBNA_002/20220823_033000.WAV,Telephone Field,recover-20220825,002,1795
1300.8565,1300.8641,35781,44188,Myotis daubentonii,0.006,0.021,-1,Echolocation,/mnt/ubna_data_01_mir/recover-20220825/UBNA_002/20220823_033000.WAV,Telephone Field,recover-20220825,002,1795
1300.8835,1300.8928,46953,51432,Pipistrellus pipistrellus,0.031,0.033,-1,Echolocation,/mnt/ubna_data_01_mir/recover-20220825/UBNA_002/20220823_033000.WAV,Telephone Field,recover-20220825,002,1795
1300.8885,1300.9267,68437,82109,Rhinolophus ferrumequinum,0.023,0.023,-1,Echolocation,/mnt/ubna_data_01_mir/recover-20220825/UBNA_002/20220823_033000.WAV,Telephone Field,recover-20220825,002,1795
1300.8985,1300.9078,28906,36521,Eptesicus serotinus,0.007,0.022,-1,Echolocation,/mnt/ubna_data_01_mir/recover-20220825/UBNA_002/20220823_033000.WAV,Telephone Field,recover-20220825,002,1795
1300.9115,1300.9198,27187,36430,Eptesicus serotinus,0.009,0.025,-1,Echolocation,/mnt/ubna_data_01_mir/recover-20220825/UBNA_002/20220823_033000.WAV,Telephone Field,recover-20220825,002,1795
1300.9335,1300.977,68437,83221,Rhinolophus ferrumequinum,0.029,0.029,-1,Echolocation,/mnt/ubna_data_01_mir/recover-20220825/UBNA_002/20220823_033000.WAV,Telephone Field,recover-20220825,002,1795
1300.9565,1300.9978,68437,82848,Rhinolophus ferrumequinum,0.024,0.024,-1,Echolocation,/mnt/ubna_data_01_mir/recover-20220825/UBNA_002/20220823_033000.WAV,Telephone Field,recover-20220825,002,1795
1300.9665,1301.0064,68437,82613,Rhinolophus ferrumequinum,0.023,0.023,-1,Echolocation,/mnt/ubna_data_01_mir/recover-20220825/UBNA_002/20220823_033000.WAV,Telephone Field,recover-20220825,002,1795
1300.9755,1300.9846,28906,37932,Eptesicus serotinus,0.011,0.028,-1,Echolocation,/mnt/ubna_data_01_mir/recover-20220825/UBNA_002/20220823_033000.WAV,Telephone Field,recover-20220825,002,1795
1300.9875,1301.0235,68437,81886,Rhinolophus ferrumequinum,0.021,0.021,-1,Echolocation,/mnt/ubna_data_01_mir/recover-20220825/UBNA_002/20220823_033000.WAV,Telephone Field,recover-20220825,002,1795
1301.0035,1301.0137,28046,35302,Eptesicus serotinus,0.013,0.026,-1,Echolocation,/mnt/ubna_data_01_mir/recover-20220825/UBNA_002/20220823_033000.WAV,Telephone Field,recover-20220825,002,1795
1301.0075,1301.0451,68437,81837,Rhinolophus ferrumequinum,0.021,0.021,-1,Echolocation,/mnt/ubna_data_01_mir/recover-20220825/UBNA_002/20220823_033000.WAV,Telephone Field,recover-20220825,002,1795
1301.0635,1301.1025,68437,81994,Rhinolophus ferrumequinum,0.024,0.024,-1,Echolocation,/mnt/ubna_data_01_mir/recover-20220825/UBNA_002/20220823_033000.WAV,Telephone Field,recover-20220825,002,1795
1301.0715,1301.1113,68437,82056,Rhinolophus ferrumequinum,0.024,0.024,-1,Echolocation,/mnt/ubna_data_01_mir/recover-20220825/UBNA_002/20220823_033000.WAV,Telephone Field,recover-20220825,002,1795
1301.1115,1301.1501,68437,82384,Rhinolophus ferrumequinum,0.022,0.022,-1,Echolocation,/mnt/ubna_data_01_mir/recover-20220825/UBNA_002/20220823_033000.WAV,Telephone Field,recover-20220825,002,1795
1301.1325,1301.1436,22890,27289,Nyctalus leisleri,0.013,0.024,-1,Echolocation,/mnt/ubna_data_01_mir/recover-20220825/UBNA_002/20220823_033000.WAV,Telephone Field,recover-20220825,002,1795
1301.1495,1301.1611,23750,28787,Nyctalus leisleri,0.012,0.025,-1,Echolocation,/mnt/ubna_data_01_mir/recover-20220825/UBNA_002/20220823_033000.WAV,Telephone Field,recover-20220825,002,1795
1301.1685,1301.1794,23750,29125,Nyctalus leisleri,0.014,0.033,-1,Echolocation,/mnt/ubna_data_01_mir/recover-20220825/UBNA_002/20220823_033000.WAV,Telephone Field,recover-20220825,002,1795
1301.1715,1301.2028,68437,80434,Rhinolophus ferrumequinum,0.025,0.026,-1,Echolocation,/mnt/ubna_data_01_mir/recover-20220825/UBNA_002/20220823_033000.WAV,Telephone Field,recover-20220825,002,1795
1301.1795,1301.2163,68437,82392,Rhinolophus ferrumequinum,0.023,0.023,-1,Echolocation,/mnt/ubna_data_01_mir/recover-20220825/UBNA_002/20220823_033000.WAV,Telephone Field,recover-20220825,002,1795
1301.2005,1301.2115,22890,28549,Nyctalus leisleri,0.012,0.025,-1,Echolocation,/mnt/ubna_data_01_mir/recover-20220825/UBNA_002/20220823_033000.WAV,Telephone Field,recover-20220825,002,1795
1301.2075,1301.2196,23750,29129,Nyctalus leisleri,0.012,0.026,-1,Echolocation,/mnt/ubna_data_01_mir/recover-20220825/UBNA_002/20220823_033000.WAV,Telephone Field,recover-20220825,002,1795
1301.2125,1301.251,68437,82480,Rhinolophus ferrumequinum,0.027,0.027,-1,Echolocation,/mnt/ubna_data_01_mir/recover-20220825/UBNA_002/20220823_033000.WAV,Telephone Field,recover-20220825,002,1795
1301.2635,1301.2996,68437,81678,Rhinolophus ferrumequinum,0.023,0.023,-1,Echolocation,/mnt/ubna_data_01_mir/recover-20220825/UBNA_002/20220823_033000.WAV,Telephone Field,recover-20220825,002,1795
1301.2685,1301.2765,28046,39989,Eptesicus serotinus,0.008,0.024,-1,Echolocation,/mnt/ubna_data_01_mir/recover-20220825/UBNA_002/20220823_033000.WAV,Telephone Field,recover-20220825,002,1795
1301.2975,1301.3378,68437,81795,Rhinolophus ferrumequinum,0.031,0.031,-1,Echolocation,/mnt/ubna_data_01_mir/recover-20220825/UBNA_002/20220823_033000.WAV,Telephone Field,recover-20220825,002,1795
1301.3665,1301.4029,68437,82277,Rhinolophus ferrumequinum,0.021,0.021,-1,Echolocation,/mnt/ubna_data_01_mir/recover-20220825/UBNA_002/20220823_033000.WAV,Telephone Field,recover-20220825,002,1795
1301.3765,1301.3861,24609,32299,Nyctalus leisleri,0.022,0.068,-1,Echolocation,/mnt/ubna_data_01_mir/recover-20220825/UBNA_002/20220823_033000.WAV,Telephone Field,recover-20220825,002,1795
1301.3945,1301.4349,68437,82064,Rhinolophus ferrumequinum,0.021,0.022,-1,Echolocation,/mnt/ubna_data_01_mir/recover-20220825/UBNA_002/20220823_033000.WAV,Telephone Field,recover-20220825,002,1795
1301.4145,1301.4531,68437,81708,Rhinolophus ferrumequinum,0.022,0.022,-1,Echolocation,/mnt/ubna_data_01_mir/recover-20220825/UBNA_002/20220823_033000.WAV,Telephone Field,recover-20220825,002,1795
1301.4315,1301.4397,25468,34431,Eptesicus serotinus,0.006,0.022,-1,Echolocation,/mnt/ubna_data_01_mir/recover-20220825/UBNA_002/20220823_033000.WAV,Telephone Field,recover-20220825,002,1795
1301.4585,1301.4646,46953,55525,Pipistrellus pipistrellus,0.115,0.119,-1,Echolocation,/mnt/ubna_data_01_mir/recover-20220825/UBNA_002/20220823_033000.WAV,Telephone Field,recover-20220825,002,1795
1301.5035,1301.5437,68437,82657,Rhinolophus ferrumequinum,0.024,0.024,-1,Echolocation,/mnt/ubna_data_01_mir/recover-20220825/UBNA_002/20220823_033000.WAV,Telephone Field,recover-20220825,002,1795
1301.5125,1301.5534,68437,82611,Rhinolophus ferrumequinum,0.021,0.021,-1,Echolocation,/mnt/ubna_data_01_mir/recover-20220825/UBNA_002/20220823_033000.WAV,Telephone Field,recover-20220825,002,1795
1301.5515,1301.5635,55546,60495,Pipistrellus pygmaeus,0.019,0.021,-1,Echolocation,/mnt/ubna_data_01_mir/recover-20220825/UBNA_002/20220823_033000.WAV,Telephone Field,recover-20220825,002,1795
1301.5735,1301.5928,16015,20883,Nyctalus noctula,0.018,0.025,-1,Echolocation,/mnt/ubna_data_01_mir/recover-20220825/UBNA_002/20220823_033000.WAV,Telephone Field,recover-20220825,002,1795
1301.6125,1301.6488,68437,81486,Rhinolophus ferrumequinum,0.024,0.024,-1,Echolocation,/mnt/ubna_data_01_mir/recover-20220825/UBNA_002/20220823_033000.WAV,Telephone Field,recover-20220825,002,1795
1301.6205,1301.6583,68437,82326,Rhinolophus ferrumequinum,0.021,0.021,-1,Echolocation,/mnt/ubna_data_01_mir/recover-20220825/UBNA_002/20220823_033000.WAV,Telephone Field,recover-20220825,002,1795
1301.6225,1301.6405,20312,23286,Nyctalus leisleri,0.019,0.032,-1,Echolocation,/mnt/ubna_data_01_mir/recover-20220825/UBNA_002/20220823_033000.WAV,Telephone Field,recover-20220825,002,1795
1301.6755,1301.7159,68437,82743,Rhinolophus ferrumequinum,0.028,0.028,-1,Echolocation,/mnt/ubna_data_01_mir/recover-20220825/UBNA_002/20220823_033000.WAV,Telephone Field,recover-20220825,002,1795
1301.7075,1301.7473,68437,82312,Rhinolophus ferrumequinum,0.022,0.022,-1,Echolocation,/mnt/ubna_data_01_mir/recover-20220825/UBNA_002/20220823_033000.WAV,Telephone Field,recover-20220825,002,1795
1301.7245,1301.7659,68437,83034,Rhinolophus ferrumequinum,0.032,0.032,-1,Echolocation,/mnt/ubna_data_01_mir/recover-20220825/UBNA_002/20220823_033000.WAV,Telephone Field,recover-20220825,002,1795
1301.7465,1301.7566,26328,34354,Eptesicus serotinus,0.01,0.022,-1,Echolocation,/mnt/ubna_data_01_mir/recover-20220825/UBNA_002/20220823_033000.WAV,Telephone Field,recover-20220825,002,1795
1301.7695,1301.8091,68437,82381,Rhinolophus ferrumequinum,0.021,0.021,-1,Echolocation,/mnt/ubna_data_01_mir/recover-20220825/UBNA_002/20220823_033000.WAV,Telephone Field,recover-20220825,002,1795
1301.7945,1301.8319,68437,82354,Rhinolophus ferrumequinum,0.021,0.021,-1,Echolocation,/mnt/ubna_data_01_mir/recover-20220825/UBNA_002/20220823_033000.WAV,Telephone Field,recover-20220825,002,1795
1301.8195,1301.8614,68437,82611,Rhinolophus ferrumequinum,0.033,0.033,-1,Echolocation,/mnt/ubna_data_01_mir/recover-20220825/UBNA_002/20220823_033000.WAV,Telephone Field,recover-20220825,002,1795
1301.8235,1301.8338,22890,27958,Nyctalus leisleri,0.011,0.023,-1,Echolocation,/mnt/ubna_data_01_mir/recover-20220825/UBNA_002/20220823_033000.WAV,Telephone Field,recover-20220825,002,1795
1301.8315,1301.8522,17734,20854,Nyctalus noctula,0.013,0.023,-1,Echolocation,/mnt/ubna_data_01_mir/recover-20220825/UBNA_002/20220823_033000.WAV,Telephone Field,recover-20220825,002,1795
1301.8465,1301.8572,22890,28367,Nyctalus leisleri,0.01,0.022,-1,Echolocation,/mnt/ubna_data_01_mir/recover-20220825/UBNA_002/20220823_033000.WAV,Telephone Field,recover-20220825,002,1795
1301.8525,1301.8632,22890,27111,Nyctalus leisleri,0.013,0.022,-1,Echolocation,/mnt/ubna_data_01_mir/recover-20220825/UBNA_002/20220823_033000.WAV,Telephone Field,recover-20220825,002,1795
1301.8635,1301.8980999999999,68437,81199,Rhinolophus ferrumequinum,0.021,0.021,-1,Echolocation,/mnt/ubna_data_01_mir/recover-20220825/UBNA_002/20220823_033000.WAV,Telephone Field,recover-20220825,002,1795
1301.8825,1301.9191,68437,81892,Rhinolophus ferrumequinum,0.025,0.025,-1,Echolocation,/mnt/ubna_data_01_mir/recover-20220825/UBNA_002/20220823_033000.WAV,Telephone Field,recover-20220825,002,1795
1301.9275,1301.9688,68437,83140,Rhinolophus ferrumequinum,0.032,0.032,-1,Echolocation,/mnt/ubna_data_01_mir/recover-20220825/UBNA_002/20220823_033000.WAV,Telephone Field,recover-20220825,002,1795
1301.9745,1301.9843,28046,35133,Eptesicus serotinus,0.009,0.023,-1,Echolocation,/mnt/ubna_data_01_mir/recover-20220825/UBNA_002/20220823_033000.WAV,Telephone Field,recover-20220825,002,1795
1302.0015,1302.011,38359,45959,Pipistrellus nathusii,0.006,0.023,-1,Echolocation,/mnt/ubna_data_01_mir/recover-20220825/UBNA_002/20220823_033000.WAV,Telephone Field,recover-20220825,002,1795
1302.0015,1302.0104,21171,27415,Nyctalus leisleri,0.009,0.028,-1,Echolocation,/mnt/ubna_data_01_mir/recover-20220825/UBNA_002/20220823_033000.WAV,Telephone Field,recover-20220825,002,1795
1302.0015,1302.0347,68437,79979,Rhinolophus ferrumequinum,0.028,0.029,-1,Echolocation,/mnt/ubna_data_01_mir/recover-20220825/UBNA_002/20220823_033000.WAV,Telephone Field,recover-20220825,002,1795
1302.0185,1302.0294,38359,42865,Pipistrellus nathusii,0.046,0.06,-1,Echolocation,/mnt/ubna_data_01_mir/recover-20220825/UBNA_002/20220823_033000.WAV,Telephone Field,recover-20220825,002,1795
1302.0385,1302.0749,68437,81969,Rhinolophus ferrumequinum,0.022,0.022,-1,Echolocation,/mnt/ubna_data_01_mir/recover-20220825/UBNA_002/20220823_033000.WAV,Telephone Field,recover-20220825,002,1795
1302.0835,1302.1269,68437,82976,Rhinolophus ferrumequinum,0.046,0.046,-1,Echolocation,/mnt/ubna_data_01_mir/recover-20220825/UBNA_002/20220823_033000.WAV,Telephone Field,recover-20220825,002,1795
1302.1115,1302.1501,68437,82479,Rhinolophus ferrumequinum,0.025,0.025,-1,Echolocation,/mnt/ubna_data_01_mir/recover-20220825/UBNA_002/20220823_033000.WAV,Telephone Field,recover-20220825,002,1795
1302.1175,1302.1565,68437,82581,Rhinolophus ferrumequinum,0.026,0.026,-1,Echolocation,/mnt/ubna_data_01_mir/recover-20220825/UBNA_002/20220823_033000.WAV,Telephone Field,recover-20220825,002,1795
1302.1355,1302.147,22890,27257,Nyctalus leisleri,0.013,0.023,-1,Echolocation,/mnt/ubna_data_01_mir/recover-20220825/UBNA_002/20220823_033000.WAV,Telephone Field,recover-20220825,002,1795
1302.1415,1302.154,22031,26028,Nyctalus leisleri,0.014,0.023,-1,Echolocation,/mnt/ubna_data_01_mir/recover-20220825/UBNA_002/20220823_033000.WAV,Telephone Field,recover-20220825,002,1795
1302.1585,1302.1978,68437,82437,Rhinolophus ferrumequinum,0.022,0.022,-1,Echolocation,/mnt/ubna_data_01_mir/recover-20220825/UBNA_002/20220823_033000.WAV,Telephone Field,recover-20220825,002,1795
1302.2105,1302.2227,15156,21487,Nyctalus noctula,0.015,0.025,-1,Echolocation,/mnt/ubna_data_01_mir/recover-20220825/UBNA_002/20220823_033000.WAV,Telephone Field,recover-20220825,002,1795
1302.2165,1302.2541,68437,81889,Rhinolophus ferrumequinum,0.023,0.023,-1,Echolocation,/mnt/ubna_data_01_mir/recover-20220825/UBNA_002/20220823_033000.WAV,Telephone Field,recover-20220825,002,1795
1302.2285,1302.2366,28046,37056,Eptesicus serotinus,0.008,0.023,-1,Echolocation,/mnt/ubna_data_01_mir/recover-20220825/UBNA_002/20220823_033000.WAV,Telephone Field,recover-20220825,002,1795
1302.2525,1302.2908,68437,81833,Rhinolophus ferrumequinum,0.022,0.022,-1,Echolocation,/mnt/ubna_data_01_mir/recover-20220825/UBNA_002/20220823_033000.WAV,Telephone Field,recover-20220825,002,1795
1302.2535,1302.2657,15156,22114,Nyctalus noctula,0.013,0.022,-1,Echolocation,/mnt/ubna_data_01_mir/recover-20220825/UBNA_002/20220823_033000.WAV,Telephone Field,recover-20220825,002,1795
1302.2775,1302.2859,30625,38502,Barbastellus barbastellus,0.01,0.031,-1,Echolocation,/mnt/ubna_data_01_mir/recover-20220825/UBNA_002/20220823_033000.WAV,Telephone Field,recover-20220825,002,1795
1302.4645,1302.4756,22031,26092,Nyctalus leisleri,0.019,0.032,-1,Echolocation,/mnt/ubna_data_01_mir/recover-20220825/UBNA_002/20220823_033000.WAV,Telephone Field,recover-20220825,002,1795
1302.4725,1302.5084,68437,81292,Rhinolophus ferrumequinum,0.024,0.024,-1,Echolocation,/mnt/ubna_data_01_mir/recover-20220825/UBNA_002/20220823_033000.WAV,Telephone Field,recover-20220825,002,1795
1302.4935,1302.5312,68437,82295,Rhinolophus ferrumequinum,0.027,0.027,-1,Echolocation,/mnt/ubna_data_01_mir/recover-20220825/UBNA_002/20220823_033000.WAV,Telephone Field,recover-20220825,002,1795
1302.5055,1302.5464,68437,82960,Rhinolophus ferrumequinum,0.023,0.023,-1,Echolocation,/mnt/ubna_data_01_mir/recover-20220825/UBNA_002/20220823_033000.WAV,Telephone Field,recover-20220825,002,1795
1302.5075,1302.5187,22890,27468,Nyctalus leisleri,0.012,0.024,-1,Echolocation,/mnt/ubna_data_01_mir/recover-20220825/UBNA_002/20220823_033000.WAV,Telephone Field,recover-20220825,002,1795
1302.5385,1302.5767,68437,82248,Rhinolophus ferrumequinum,0.023,0.023,-1,Echolocation,/mnt/ubna_data_01_mir/recover-20220825/UBNA_002/20220823_033000.WAV,Telephone Field,recover-20220825,002,1795
1302.5425,1302.5491,47812,54857,Pipistrellus pipistrellus,0.026,0.028,-1,Echolocation,/mnt/ubna_data_01_mir/recover-20220825/UBNA_002/20220823_033000.WAV,Telephone Field,recover-20220825,002,1795
1302.5995,1302.6076,28046,37682,Eptesicus serotinus,0.008,0.023,-1,Echolocation,/mnt/ubna_data_01_mir/recover-20220825/UBNA_002/20220823_033000.WAV,Telephone Field,recover-20220825,002,1795
1302.6335,1302.6426,25468,34256,Eptesicus serotinus,0.007,0.022,-1,Echolocation,/mnt/ubna_data_01_mir/recover-20220825/UBNA_002/20220823_033000.WAV,Telephone Field,recover-20220825,002,1795
1302.6405,1302.6794,68437,82721,Rhinolophus ferrumequinum,0.022,0.022,-1,Echolocation,/mnt/ubna_data_01_mir/recover-20220825/UBNA_002/20220823_033000.WAV,Telephone Field,recover-20220825,002,1795
1302.7325,1302.7436,22890,26532,Nyctalus leisleri,0.015,0.025,-1,Echolocation,/mnt/ubna_data_01_mir/recover-20220825/UBNA_002/20220823_033000.WAV,Telephone Field,recover-20220825,002,1795
1302.7485,1302.7572,28046,37994,Eptesicus serotinus,0.008,0.026,-1,Echolocation,/mnt/ubna_data_01_mir/recover-20220825/UBNA_002/20220823_033000.WAV,Telephone Field,recover-20220825,002,1795
1302.7685,1302.7852,20312,23117,Nyctalus leisleri,0.012,0.022,-1,Echolocation,/mnt/ubna_data_01_mir/recover-20220825/UBNA_002/20220823_033000.WAV,Telephone Field,recover-20220825,002,1795
1302.7955,1302.8093,22890,27369,Nyctalus leisleri,0.014,0.026,-1,Echolocation,/mnt/ubna_data_01_mir/recover-20220825/UBNA_002/20220823_033000.WAV,Telephone Field,recover-20220825,002,1795
1302.8195,1302.8559,68437,82590,Rhinolophus ferrumequinum,0.028,0.028,-1,Echolocation,/mnt/ubna_data_01_mir/recover-20220825/UBNA_002/20220823_033000.WAV,Telephone Field,recover-20220825,002,1795
1302.8685,1302.9074,68437,82140,Rhinolophus ferrumequinum,0.023,0.023,-1,Echolocation,/mnt/ubna_data_01_mir/recover-20220825/UBNA_002/20220823_033000.WAV,Telephone Field,recover-20220825,002,1795
1302.8975,1302.9366,68437,82092,Rhinolophus ferrumequinum,0.022,0.022,-1,Echolocation,/mnt/ubna_data_01_mir/recover-20220825/UBNA_002/20220823_033000.WAV,Telephone Field,recover-20220825,002,1795
1302.9115,1302.924,46953,48632,Pipistrellus pipistrellus,0.06,0.069,-1,Echolocation,/mnt/ubna_data_01_mir/recover-20220825/UBNA_002/20220823_033000.WAV,Telephone Field,recover-20220825,002,1795
1302.9165,1302.9553,68437,81923,Rhinolophus ferrumequinum,0.026,0.026,-1,Echolocation,/mnt/ubna_data_01_mir/recover-20220825/UBNA_002/20220823_033000.WAV,Telephone Field,recover-20220825,002,1795
1302.9535,1302.9611,31484,39051,Barbastellus barbastellus,0.019,0.044,-1,Echolocation,/mnt/ubna_data_01_mir/recover-20220825/UBNA_002/20220823_033000.WAV,Telephone Field,recover-20220825,002,1795
1302.9895,1303.0286,68437,82327,Rhinolophus ferrumequinum,0.022,0.022,-1,Echolocation,/mnt/ubna_data_01_mir/recover-20220825/UBNA_002/20220823_033000.WAV,Telephone Field,recover-20220825,002,1795
1303.0775,1303.0834,26328,41799,Myotis nattereri,0.004,0.022,-1,Echolocation,/mnt/ubna_data_01_mir/recover-20220825/UBNA_002/20220823_033000.WAV,Telephone Field,recover-20220825,002,1795
1303.1295,1303.1391,23750,31003,Nyctalus leisleri,0.008,0.024,-1,Echolocation,/mnt/ubna_data_01_mir/recover-20220825/UBNA_002/20220823_033000.WAV,Telephone Field,recover-20220825,002,1795
1303.1425,1303.1839,68437,82707,Rhinolophus ferrumequinum,0.024,0.024,-1,Echolocation,/mnt/ubna_data_01_mir/recover-20220825/UBNA_002/20220823_033000.WAV,Telephone Field,recover-20220825,002,1795
1303.1455,1303.1556,28906,37000,Eptesicus serotinus,0.01,0.023,-1,Echolocation,/mnt/ubna_data_01_mir/recover-20220825/UBNA_002/20220823_033000.WAV,Telephone Field,recover-20220825,002,1795
1303.1745,1303.2145,68437,82763,Rhinolophus ferrumequinum,0.023,0.023,-1,Echolocation,/mnt/ubna_data_01_mir/recover-20220825/UBNA_002/20220823_033000.WAV,Telephone Field,recover-20220825,002,1795
1303.2065,1303.2162,25468,33219,Eptesicus serotinus,0.008,0.022,-1,Echolocation,/mnt/ubna_data_01_mir/recover-20220825/UBNA_002/20220823_033000.WAV,Telephone Field,recover-20220825,002,1795
1303.2155,1303.2227,28046,39553,Eptesicus serotinus,0.007,0.022,-1,Echolocation,/mnt/ubna_data_01_mir/recover-20220825/UBNA_002/20220823_033000.WAV,Telephone Field,recover-20220825,002,1795
1303.2595,1303.2662,32343,47244,Myotis daubentonii,0.015,0.031,-1,Echolocation,/mnt/ubna_data_01_mir/recover-20220825/UBNA_002/20220823_033000.WAV,Telephone Field,recover-20220825,002,1795
1303.2755,1303.2856,28906,35636,Eptesicus serotinus,0.012,0.026,-1,Echolocation,/mnt/ubna_data_01_mir/recover-20220825/UBNA_002/20220823_033000.WAV,Telephone Field,recover-20220825,002,1795
1303.2905,1303.3315,68437,83149,Rhinolophus ferrumequinum,0.025,0.025,-1,Echolocation,/mnt/ubna_data_01_mir/recover-20220825/UBNA_002/20220823_033000.WAV,Telephone Field,recover-20220825,002,1795
1303.3555,1303.3947,68437,82602,Rhinolophus ferrumequinum,0.033,0.033,-1,Echolocation,/mnt/ubna_data_01_mir/recover-20220825/UBNA_002/20220823_033000.WAV,Telephone Field,recover-20220825,002,1795
1303.3605,1303.3706,24609,31838,Nyctalus leisleri,0.009,0.027,-1,Echolocation,/mnt/ubna_data_01_mir/recover-20220825/UBNA_002/20220823_033000.WAV,Telephone Field,recover-20220825,002,1795
1303.3875,1303.3977,23750,30599,Nyctalus leisleri,0.01,0.027,-1,Echolocation,/mnt/ubna_data_01_mir/recover-20220825/UBNA_002/20220823_033000.WAV,Telephone Field,recover-20220825,002,1795
1303.5055,1303.5236,16015,21408,Nyctalus noctula,0.017,0.023,-1,Echolocation,/mnt/ubna_data_01_mir/recover-20220825/UBNA_002/20220823_033000.WAV,Telephone Field,recover-20220825,002,1795
1303.5255,1303.5367,23750,29863,Nyctalus leisleri,0.011,0.025,-1,Echolocation,/mnt/ubna_data_01_mir/recover-20220825/UBNA_002/20220823_033000.WAV,Telephone Field,recover-20220825,002,1795
1303.5315,1303.5724,68437,82945,Rhinolophus ferrumequinum,0.028,0.028,-1,Echolocation,/mnt/ubna_data_01_mir/recover-20220825/UBNA_002/20220823_033000.WAV,Telephone Field,recover-20220825,002,1795
1303.5835,1303.6225,68437,82294,Rhinolophus ferrumequinum,0.026,0.026,-1,Echolocation,/mnt/ubna_data_01_mir/recover-20220825/UBNA_002/20220823_033000.WAV,Telephone Field,recover-20220825,002,1795
1303.5855,1303.5966,27187,34010,Eptesicus serotinus,0.013,0.026,-1,Echolocation,/mnt/ubna_data_01_mir/recover-20220825/UBNA_002/20220823_033000.WAV,Telephone Field,recover-20220825,002,1795
1303.5895,1303.6267,68437,82004,Rhinolophus ferrumequinum,0.022,0.022,-1,Echolocation,/mnt/ubna_data_01_mir/recover-20220825/UBNA_002/20220823_033000.WAV,Telephone Field,recover-20220825,002,1795
1303.6205,1303.6623,68437,82894,Rhinolophus ferrumequinum,0.031,0.031,-1,Echolocation,/mnt/ubna_data_01_mir/recover-20220825/UBNA_002/20220823_033000.WAV,Telephone Field,recover-20220825,002,1795
1303.6935,1303.7335,68437,82376,Rhinolophus ferrumequinum,0.023,0.023,-1,Echolocation,/mnt/ubna_data_01_mir/recover-20220825/UBNA_002/20220823_033000.WAV,Telephone Field,recover-20220825,002,1795
1303.7195,1303.7308,22890,28143,Nyctalus leisleri,0.014,0.028,-1,Echolocation,/mnt/ubna_data_01_mir/recover-20220825/UBNA_002/20220823_033000.WAV,Telephone Field,recover-20220825,002,1795
1303.7225,1303.7622,68437,82097,Rhinolophus ferrumequinum,0.024,0.024,-1,Echolocation,/mnt/ubna_data_01_mir/recover-20220825/UBNA_002/20220823_033000.WAV,Telephone Field,recover-20220825,002,1795
1303.7355,1303.7557,19453,22392,Nyctalus leisleri,0.011,0.022,-1,Echolocation,/mnt/ubna_data_01_mir/recover-20220825/UBNA_002/20220823_033000.WAV,Telephone Field,recover-20220825,002,1795
1303.7605,1303.7677,26328,38224,Eptesicus serotinus,0.006,0.022,-1,Echolocation,/mnt/ubna_data_01_mir/recover-20220825/UBNA_002/20220823_033000.WAV,Telephone Field,recover-20220825,002,1795
1303.7855,1303.7959,24609,31142,Nyctalus leisleri,0.012,0.033,-1,Echolocation,/mnt/ubna_data_01_mir/recover-20220825/UBNA_002/20220823_033000.WAV,Telephone Field,recover-20220825,002,1795
1303.7955,1303.8355,68437,81907,Rhinolophus ferrumequinum,0.024,0.024,-1,Echolocation,/mnt/ubna_data_01_mir/recover-20220825/UBNA_002/20220823_033000.WAV,Telephone Field,recover-20220825,002,1795
1303.8085,1303.8463,68437,81150,Rhinolophus ferrumequinum,0.029,0.029,-1,Echolocation,/mnt/ubna_data_01_mir/recover-20220825/UBNA_002/20220823_033000.WAV,Telephone Field,recover-20220825,002,1795
1303.8325,1303.8429,22031,26994,Nyctalus leisleri,0.011,0.022,-1,Echolocation,/mnt/ubna_data_01_mir/recover-20220825/UBNA_002/20220823_033000.WAV,Telephone Field,recover-20220825,002,1795
1303.8665,1303.8753,28046,38893,Eptesicus serotinus,0.009,0.024,-1,Echolocation,/mnt/ubna_data_01_mir/recover-20220825/UBNA_002/20220823_033000.WAV,Telephone Field,recover-20220825,002,1795
1303.8765,1303.9133,68437,82401,Rhinolophus ferrumequinum,0.024,0.024,-1,Echolocation,/mnt/ubna_data_01_mir/recover-20220825/UBNA_002/20220823_033000.WAV,Telephone Field,recover-20220825,002,1795
1303.9075,1303.9144000000001,24609,34358,Plecotus austriacus,0.012,0.029,-1,Echolocation,/mnt/ubna_data_01_mir/recover-20220825/UBNA_002/20220823_033000.WAV,Telephone Field,recover-20220825,002,1795
1303.9335,1303.9411,27187,37281,Eptesicus serotinus,0.008,0.026,-1,Echolocation,/mnt/ubna_data_01_mir/recover-20220825/UBNA_002/20220823_033000.WAV,Telephone Field,recover-20220825,002,1795
1303.9435,1303.9826,68437,82065,Rhinolophus ferrumequinum,0.023,0.023,-1,Echolocation,/mnt/ubna_data_01_mir/recover-20220825/UBNA_002/20220823_033000.WAV,Telephone Field,recover-20220825,002,1795
1303.9805,1303.9999,22031,26087,Nyctalus leisleri,0.027,0.056,-1,Echolocation,/mnt/ubna_data_01_mir/recover-20220825/UBNA_002/20220823_033000.WAV,Telephone Field,recover-20220825,002,1795
1304.0015,1304.0104,24609,32940,Eptesicus serotinus,0.007,0.026,-1,Echolocation,/mnt/ubna_data_01_mir/recover-20220825/UBNA_002/20220823_033000.WAV,Telephone Field,recover-20220825,002,1795
1304.0015,1304.0341,68437,79397,Rhinolophus ferrumequinum,0.037,0.038,-1,Echolocation,/mnt/ubna_data_01_mir/recover-20220825/UBNA_002/20220823_033000.WAV,Telephone Field,recover-20220825,002,1795
1304.0205,1304.0289,28906,38640,Eptesicus serotinus,0.008,0.022,-1,Echolocation,/mnt/ubna_data_01_mir/recover-20220825/UBNA_002/20220823_033000.WAV,Telephone Field,recover-20220825,002,1795
1304.0275,1304.0374,14296,24495,Nyctalus noctula,0.011,0.022,-1,Echolocation,/mnt/ubna_data_01_mir/recover-20220825/UBNA_002/20220823_033000.WAV,Telephone Field,recover-20220825,002,1795
1304.0535,1304.0623,27187,41503,Eptesicus serotinus,0.009,0.021,-1,Echolocation,/mnt/ubna_data_01_mir/recover-20220825/UBNA_002/20220823_033000.WAV,Telephone Field,recover-20220825,002,1795
1304.0545,1304.0956,68437,82252,Rhinolophus ferrumequinum,0.021,0.021,-1,Echolocation,/mnt/ubna_data_01_mir/recover-20220825/UBNA_002/20220823_033000.WAV,Telephone Field,recover-20220825,002,1795
1304.1145,1304.1223,26328,35332,Eptesicus serotinus,0.008,0.022,-1,Echolocation,/mnt/ubna_data_01_mir/recover-20220825/UBNA_002/20220823_033000.WAV,Telephone Field,recover-20220825,002,1795
1304.1295,1304.1668,68437,81292,Rhinolophus ferrumequinum,0.021,0.021,-1,Echolocation,/mnt/ubna_data_01_mir/recover-20220825/UBNA_002/20220823_033000.WAV,Telephone Field,recover-20220825,002,1795
1304.1905,1304.2231,68437,80519,Rhinolophus ferrumequinum,0.021,0.021,-1,Echolocation,/mnt/ubna_data_01_mir/recover-20220825/UBNA_002/20220823_033000.WAV,Telephone Field,recover-20220825,002,1795
1304.2025,1304.2389,68437,81907,Rhinolophus ferrumequinum,0.021,0.021,-1,Echolocation,/mnt/ubna_data_01_mir/recover-20220825/UBNA_002/20220823_033000.WAV,Telephone Field,recover-20220825,002,1795
1304.2325,1304.2722,68437,82733,Rhinolophus ferrumequinum,0.022,0.022,-1,Echolocation,/mnt/ubna_data_01_mir/recover-20220825/UBNA_002/20220823_033000.WAV,Telephone Field,recover-20220825,002,1795
1304.2495,1304.2584,30625,38864,Eptesicus serotinus,0.009,0.024,-1,Echolocation,/mnt/ubna_data_01_mir/recover-20220825/UBNA_002/20220823_033000.WAV,Telephone Field,recover-20220825,002,1795
1304.2875,1304.2998,22890,27944,Nyctalus leisleri,0.015,0.03,-1,Echolocation,/mnt/ubna_data_01_mir/recover-20220825/UBNA_002/20220823_033000.WAV,Telephone Field,recover-20220825,002,1795
1304.3155,1304.3232,23750,33893,Plecotus austriacus,0.008,0.022,-1,Echolocation,/mnt/ubna_data_01_mir/recover-20220825/UBNA_002/20220823_033000.WAV,Telephone Field,recover-20220825,002,1795
1304.3265,1304.3362,24609,31746,Eptesicus serotinus,0.008,0.023,-1,Echolocation,/mnt/ubna_data_01_mir/recover-20220825/UBNA_002/20220823_033000.WAV,Telephone Field,recover-20220825,002,1795
1304.3505,1304.3879,68437,81615,Rhinolophus ferrumequinum,0.021,0.021,-1,Echolocation,/mnt/ubna_data_01_mir/recover-20220825/UBNA_002/20220823_033000.WAV,Telephone Field,recover-20220825,002,1795
1304.3795,1304.4194,68437,82331,Rhinolophus ferrumequinum,0.023,0.023,-1,Echolocation,/mnt/ubna_data_01_mir/recover-20220825/UBNA_002/20220823_033000.WAV,Telephone Field,recover-20220825,002,1795
1304.3925,1304.4322,68437,82077,Rhinolophus ferrumequinum,0.031,0.031,-1,Echolocation,/mnt/ubna_data_01_mir/recover-20220825/UBNA_002/20220823_033000.WAV,Telephone Field,recover-20220825,002,1795
1304.4125,1304.452,68437,81421,Rhinolophus ferrumequinum,0.023,0.023,-1,Echolocation,/mnt/ubna_data_01_mir/recover-20220825/UBNA_002/20220823_033000.WAV,Telephone Field,recover-20220825,002,1795
1304.4195,1304.4576,68437,82108,Rhinolophus ferrumequinum,0.022,0.022,-1,Echolocation,/mnt/ubna_data_01_mir/recover-20220825/UBNA_002/20220823_033000.WAV,Telephone Field,recover-20220825,002,1795
1304.4635,1304.5037,68437,82372,Rhinolophus ferrumequinum,0.023,0.023,-1,Echolocation,/mnt/ubna_data_01_mir/recover-20220825/UBNA_002/20220823_033000.WAV,Telephone Field,recover-20220825,002,1795
1304.5145,1304.5513,68437,81865,Rhinolophus ferrumequinum,0.022,0.022,-1,Echolocation,/mnt/ubna_data_01_mir/recover-20220825/UBNA_002/20220823_033000.WAV,Telephone Field,recover-20220825,002,1795
1304.5275,1304.5379,44375,50223,Pipistrellus pipistrellus,0.019,0.023,-1,Echolocation,/mnt/ubna_data_01_mir/recover-20220825/UBNA_002/20220823_033000.WAV,Telephone Field,recover-20220825,002,1795
1304.5535,1304.5619,25468,34906,Eptesicus serotinus,0.008,0.025,-1,Echolocation,/mnt/ubna_data_01_mir/recover-20220825/UBNA_002/20220823_033000.WAV,Telephone Field,recover-20220825,002,1795
1304.5795,1304.5863,26328,40698,Eptesicus serotinus,0.006,0.023,-1,Echolocation,/mnt/ubna_data_01_mir/recover-20220825/UBNA_002/20220823_033000.WAV,Telephone Field,recover-20220825,002,1795
1304.6115,1304.6535,68437,83313,Rhinolophus ferrumequinum,0.026,0.026,-1,Echolocation,/mnt/ubna_data_01_mir/recover-20220825/UBNA_002/20220823_033000.WAV,Telephone Field,recover-20220825,002,1795
1304.6285,1304.6684,68437,82379,Rhinolophus ferrumequinum,0.029,0.029,-1,Echolocation,/mnt/ubna_data_01_mir/recover-20220825/UBNA_002/20220823_033000.WAV,Telephone Field,recover-20220825,002,1795
1304.6395,1304.647,25468,35355,Eptesicus serotinus,0.007,0.024,-1,Echolocation,/mnt/ubna_data_01_mir/recover-20220825/UBNA_002/20220823_033000.WAV,Telephone Field,recover-20220825,002,1795
1304.6635,1304.6987,68437,81397,Rhinolophus ferrumequinum,0.021,0.021,-1,Echolocation,/mnt/ubna_data_01_mir/recover-20220825/UBNA_002/20220823_033000.WAV,Telephone Field,recover-20220825,002,1795
1304.6815,1304.7217,68437,82458,Rhinolophus ferrumequinum,0.023,0.023,-1,Echolocation,/mnt/ubna_data_01_mir/recover-20220825/UBNA_002/20220823_033000.WAV,Telephone Field,recover-20220825,002,1795
1304.6875,1304.7258,68437,81915,Rhinolophus ferrumequinum,0.021,0.021,-1,Echolocation,/mnt/ubna_data_01_mir/recover-20220825/UBNA_002/20220823_033000.WAV,Telephone Field,recover-20220825,002,1795
1304.7225,1304.7628,68437,82760,Rhinolophus ferrumequinum,0.022,0.022,-1,Echolocation,/mnt/ubna_data_01_mir/recover-20220825/UBNA_002/20220823_033000.WAV,Telephone Field,recover-20220825,002,1795
1304.7275,1304.7674,68437,82876,Rhinolophus ferrumequinum,0.022,0.022,-1,Echolocation,/mnt/ubna_data_01_mir/recover-20220825/UBNA_002/20220823_033000.WAV,Telephone Field,recover-20220825,002,1795
1304.7345,1304.7757,68437,82727,Rhinolophus ferrumequinum,0.025,0.025,-1,Echolocation,/mnt/ubna_data_01_mir/recover-20220825/UBNA_002/20220823_033000.WAV,Telephone Field,recover-20220825,002,1795
1304.7415,1304.7794,68437,82511,Rhinolophus ferrumequinum,0.022,0.022,-1,Echolocation,/mnt/ubna_data_01_mir/recover-20220825/UBNA_002/20220823_033000.WAV,Telephone Field,recover-20220825,002,1795
1304.7485,1304.7593,23750,30021,Nyctalus leisleri,0.011,0.025,-1,Echolocation,/mnt/ubna_data_01_mir/recover-20220825/UBNA_002/20220823_033000.WAV,Telephone Field,recover-20220825,002,1795
1304.7625,1304.8025,68437,82901,Rhinolophus ferrumequinum,0.023,0.023,-1,Echolocation,/mnt/ubna_data_01_mir/recover-20220825/UBNA_002/20220823_033000.WAV,Telephone Field,recover-20220825,002,1795
1304.7755,1304.784,23750,32480,Plecotus austriacus,0.009,0.025,-1,Echolocation,/mnt/ubna_data_01_mir/recover-20220825/UBNA_002/20220823_033000.WAV,Telephone Field,recover-20220825,002,1795
1304.7865,1304.7972,24609,30879,Nyctalus leisleri,0.013,0.032,-1,Echolocation,/mnt/ubna_data_01_mir/recover-20220825/UBNA_002/20220823_033000.WAV,Telephone Field,recover-20220825,002,1795
1304.8165,1304.8606,68437,83468,Rhinolophus ferrumequinum,0.029,0.029,-1,Echolocation,/mnt/ubna_data_01_mir/recover-20220825/UBNA_002/20220823_033000.WAV,Telephone Field,recover-20220825,002,1795
1304.8315,1304.8438,22890,27952,Nyctalus leisleri,0.012,0.026,-1,Echolocation,/mnt/ubna_data_01_mir/recover-20220825/UBNA_002/20220823_033000.WAV,Telephone Field,recover-20220825,002,1795
1304.8405,1304.8759,68437,81384,Rhinolophus ferrumequinum,0.026,0.026,-1,Echolocation,/mnt/ubna_data_01_mir/recover-20220825/UBNA_002/20220823_033000.WAV,Telephone Field,recover-20220825,002,1795
1304.8655,1304.8752,44375,49333,Pipistrellus pipistrellus,0.019,0.022,-1,Echolocation,/mnt/ubna_data_01_mir/recover-20220825/UBNA_002/20220823_033000.WAV,Telephone Field,recover-20220825,002,1795
1304.8675,1304.9052,68437,82078,Rhinolophus ferrumequinum,0.023,0.023,-1,Echolocation,/mnt/ubna_data_01_mir/recover-20220825/UBNA_002/20220823_033000.WAV,Telephone Field,recover-20220825,002,1795
1304.8975,1304.9366,68437,82169,Rhinolophus ferrumequinum,0.022,0.022,-1,Echolocation,/mnt/ubna_data_01_mir/recover-20220825/UBNA_002/20220823_033000.WAV,Telephone Field,recover-20220825,002,1795
1304.9035,1304.9162,28906,34685,Eptesicus serotinus,0.038,0.058,-1,Echolocation,/mnt/ubna_data_01_mir/recover-20220825/UBNA_002/20220823_033000.WAV,Telephone Field,recover-20220825,002,1795
1304.9805,1305.0169,68437,80181,Rhinolophus ferrumequinum,0.026,0.026,-1,Echolocation,/mnt/ubna_data_01_mir/recover-20220825/UBNA_002/20220823_033000.WAV,Telephone Field,recover-20220825,002,1795
1304.9815,1305.0002,15156,19424,Nyctalus noctula,0.02,0.029,-1,Echolocation,/mnt/ubna_data_01_mir/recover-20220825/UBNA_002/20220823_033000.WAV,Telephone Field,recover-20220825,002,1795
1304.9915,1305.0321,68437,81837,Rhinolophus ferrumequinum,0.022,0.022,-1,Echolocation,/mnt/ubna_data_01_mir/recover-20220825/UBNA_002/20220823_033000.WAV,Telephone Field,recover-20220825,002,1795
1304.9975,1305.0387,68437,82483,Rhinolophus ferrumequinum,0.021,0.021,-1,Echolocation,/mnt/ubna_data_01_mir/recover-20220825/UBNA_002/20220823_033000.WAV,Telephone Field,recover-20220825,002,1795
1304.9975,1305.0064,24609,32491,Eptesicus serotinus,0.008,0.022,-1,Echolocation,/mnt/ubna_data_01_mir/recover-20220825/UBNA_002/20220823_033000.WAV,Telephone Field,recover-20220825,002,1795
1305.0125,1305.0546,68437,83141,Rhinolophus ferrumequinum,0.039,0.039,-1,Echolocation,/mnt/ubna_data_01_mir/recover-20220825/UBNA_002/20220823_033000.WAV,Telephone Field,recover-20220825,002,1795
1305.0255,1305.0361,22890,27655,Nyctalus leisleri,0.011,0.021,-1,Echolocation,/mnt/ubna_data_01_mir/recover-20220825/UBNA_002/20220823_033000.WAV,Telephone Field,recover-20220825,002,1795
1305.0825,1305.0901,28906,40169,Eptesicus serotinus,0.009,0.025,-1,Echolocation,/mnt/ubna_data_01_mir/recover-20220825/UBNA_002/20220823_033000.WAV,Telephone Field,recover-20220825,002,1795
1305.1515,1305.1862,68437,81538,Rhinolophus ferrumequinum,0.023,0.023,-1,Echolocation,/mnt/ubna_data_01_mir/recover-20220825/UBNA_002/20220823_033000.WAV,Telephone Field,recover-20220825,002,1795
1305.2095,1305.2498,68437,82234,Rhinolophus ferrumequinum,0.021,0.021,-1,Echolocation,/mnt/ubna_data_01_mir/recover-20220825/UBNA_002/20220823_033000.WAV,Telephone Field,recover-20220825,002,1795
1305.2155,1305.2243,26328,34358,Eptesicus serotinus,0.011,0.026,-1,Echolocation,/mnt/ubna_data_01_mir/recover-20220825/UBNA_002/20220823_033000.WAV,Telephone Field,recover-20220825,002,1795
1305.2265,1305.2661,68437,82549,Rhinolophus ferrumequinum,0.025,0.025,-1,Echolocation,/mnt/ubna_data_01_mir/recover-20220825/UBNA_002/20220823_033000.WAV,Telephone Field,recover-20220825,002,1795
1305.2455,1305.2535,28046,38887,Eptesicus serotinus,0.008,0.022,-1,Echolocation,/mnt/ubna_data_01_mir/recover-20220825/UBNA_002/20220823_033000.WAV,Telephone Field,recover-20220825,002,1795
1305.2475,1305.2872,68437,81880,Rhinolophus ferrumequinum,0.023,0.023,-1,Echolocation,/mnt/ubna_data_01_mir/recover-20220825/UBNA_002/20220823_033000.WAV,Telephone Field,recover-20220825,002,1795
1305.3185,1305.3288,27187,35283,Eptesicus serotinus,0.016,0.031,-1,Echolocation,/mnt/ubna_data_01_mir/recover-20220825/UBNA_002/20220823_033000.WAV,Telephone Field,recover-20220825,002,1795
1305.3835,1305.4229,68437,82314,Rhinolophus ferrumequinum,0.021,0.021,-1,Echolocation,/mnt/ubna_data_01_mir/recover-20220825/UBNA_002/20220823_033000.WAV,Telephone Field,recover-20220825,002,1795
1305.4005,1305.4087,23750,32189,Plecotus austriacus,0.008,0.025,-1,Echolocation,/mnt/ubna_data_01_mir/recover-20220825/UBNA_002/20220823_033000.WAV,Telephone Field,recover-20220825,002,1795
1305.4125,1305.4497,68437,81611,Rhinolophus ferrumequinum,0.021,0.021,-1,Echolocation,/mnt/ubna_data_01_mir/recover-20220825/UBNA_002/20220823_033000.WAV,Telephone Field,recover-20220825,002,1795
1305.4405,1305.4804,68437,82629,Rhinolophus ferrumequinum,0.024,0.024,-1,Echolocation,/mnt/ubna_data_01_mir/recover-20220825/UBNA_002/20220823_033000.WAV,Telephone Field,recover-20220825,002,1795
1305.4485,1305.4594,23750,29516,Nyctalus leisleri,0.011,0.026,-1,Echolocation,/mnt/ubna_data_01_mir/recover-20220825/UBNA_002/20220823_033000.WAV,Telephone Field,recover-20220825,002,1795
1305.4865,1305.4947,26328,35525,Eptesicus serotinus,0.009,0.023,-1,Echolocation,/mnt/ubna_data_01_mir/recover-20220825/UBNA_002/20220823_033000.WAV,Telephone Field,recover-20220825,002,1795
1305.4955,1305.532,68437,81707,Rhinolophus ferrumequinum,0.026,0.026,-1,Echolocation,/mnt/ubna_data_01_mir/recover-20220825/UBNA_002/20220823_033000.WAV,Telephone Field,recover-20220825,002,1795
1305.5145,1305.525,23750,29206,Nyctalus leisleri,0.012,0.026,-1,Echolocation,/mnt/ubna_data_01_mir/recover-20220825/UBNA_002/20220823_033000.WAV,Telephone Field,recover-20220825,002,1795
1305.5235,1305.5598,68437,81941,Rhinolophus ferrumequinum,0.023,0.023,-1,Echolocation,/mnt/ubna_data_01_mir/recover-20220825/UBNA_002/20220823_033000.WAV,Telephone Field,recover-20220825,002,1795
1305.5345,1305.5733,68437,82465,Rhinolophus ferrumequinum,0.024,0.024,-1,Echolocation,/mnt/ubna_data_01_mir/recover-20220825/UBNA_002/20220823_033000.WAV,Telephone Field,recover-20220825,002,1795
1305.5415,1305.5513,24609,31467,Nyctalus leisleri,0.007,0.022,-1,Echolocation,/mnt/ubna_data_01_mir/recover-20220825/UBNA_002/20220823_033000.WAV,Telephone Field,recover-20220825,002,1795
1305.5685,1305.6136,68437,83118,Rhinolophus ferrumequinum,0.064,0.064,-1,Echolocation,/mnt/ubna_data_01_mir/recover-20220825/UBNA_002/20220823_033000.WAV,Telephone Field,recover-20220825,002,1795
1305.6535,1305.6901,68437,82035,Rhinolophus ferrumequinum,0.022,0.022,-1,Echolocation,/mnt/ubna_data_01_mir/recover-20220825/UBNA_002/20220823_033000.WAV,Telephone Field,recover-20220825,002,1795
1305.6555,1305.6652,26328,35338,Eptesicus serotinus,0.013,0.03,-1,Echolocation,/mnt/ubna_data_01_mir/recover-20220825/UBNA_002/20220823_033000.WAV,Telephone Field,recover-20220825,002,1795
1305.6745,1305.7127,68437,81871,Rhinolophus ferrumequinum,0.023,0.023,-1,Echolocation,/mnt/ubna_data_01_mir/recover-20220825/UBNA_002/20220823_033000.WAV,Telephone Field,recover-20220825,002,1795
1305.6755,1305.687,22031,26371,Nyctalus leisleri,0.011,0.021,-1,Echolocation,/mnt/ubna_data_01_mir/recover-20220825/UBNA_002/20220823_033000.WAV,Telephone Field,recover-20220825,002,1795
1305.6935,1305.6994,38359,48260,Myotis daubentonii,0.008,0.022,-1,Echolocation,/mnt/ubna_data_01_mir/recover-20220825/UBNA_002/20220823_033000.WAV,Telephone Field,recover-20220825,002,1795
1305.7205,1305.7598,68437,81441,Rhinolophus ferrumequinum,0.024,0.024,-1,Echolocation,/mnt/ubna_data_01_mir/recover-20220825/UBNA_002/20220823_033000.WAV,Telephone Field,recover-20220825,002,1795
1305.7635,1305.7734,28906,36394,Eptesicus serotinus,0.01,0.022,-1,Echolocation,/mnt/ubna_data_01_mir/recover-20220825/UBNA_002/20220823_033000.WAV,Telephone Field,recover-20220825,002,1795
1305.7715,1305.7793,28046,40342,Eptesicus serotinus,0.008,0.023,-1,Echolocation,/mnt/ubna_data_01_mir/recover-20220825/UBNA_002/20220823_033000.WAV,Telephone Field,recover-20220825,002,1795
1305.8115,1305.8236,22031,26491,Nyctalus leisleri,0.012,0.024,-1,Echolocation,/mnt/ubna_data_01_mir/recover-20220825/UBNA_002/20220823_033000.WAV,Telephone Field,recover-20220825,002,1795
1305.8255,1305.8661,68437,82177,Rhinolophus ferrumequinum,0.022,0.022,-1,Echolocation,/mnt/ubna_data_01_mir/recover-20220825/UBNA_002/20220823_033000.WAV,Telephone Field,recover-20220825,002,1795
1305.8255,1305.835,28906,39188,Eptesicus serotinus,0.008,0.021,-1,Echolocation,/mnt/ubna_data_01_mir/recover-20220825/UBNA_002/20220823_033000.WAV,Telephone Field,recover-20220825,002,1795
1305.8305,1305.872,68437,82694,Rhinolophus ferrumequinum,0.021,0.021,-1,Echolocation,/mnt/ubna_data_01_mir/recover-20220825/UBNA_002/20220823_033000.WAV,Telephone Field,recover-20220825,002,1795
1305.8455,1305.8819,68437,81482,Rhinolophus ferrumequinum,0.031,0.031,-1,Echolocation,/mnt/ubna_data_01_mir/recover-20220825/UBNA_002/20220823_033000.WAV,Telephone Field,recover-20220825,002,1795
1305.8765,1305.8843,27187,40584,Eptesicus serotinus,0.008,0.022,-1,Echolocation,/mnt/ubna_data_01_mir/recover-20220825/UBNA_002/20220823_033000.WAV,Telephone Field,recover-20220825,002,1795
1305.8835,1305.9226,68437,81986,Rhinolophus ferrumequinum,0.028,0.028,-1,Echolocation,/mnt/ubna_data_01_mir/recover-20220825/UBNA_002/20220823_033000.WAV,Telephone Field,recover-20220825,002,1795
1305.9085,1305.9153,44375,50622,Pipistrellus pipistrellus,0.038,0.041,-1,Echolocation,/mnt/ubna_data_01_mir/recover-20220825/UBNA_002/20220823_033000.WAV,Telephone Field,recover-20220825,002,1795
1305.9245,1305.933,28906,37864,Eptesicus serotinus,0.009,0.025,-1,Echolocation,/mnt/ubna_data_01_mir/recover-20220825/UBNA_002/20220823_033000.WAV,Telephone Field,recover-20220825,002,1795
1305.9355,1305.9733,68437,81934,Rhinolophus ferrumequinum,0.021,0.021,-1,Echolocation,/mnt/ubna_data_01_mir/recover-20220825/UBNA_002/20220823_033000.WAV,Telephone Field,recover-20220825,002,1795
1305.9475,1305.9857,68437,81855,Rhinolophus ferrumequinum,0.024,0.024,-1,Echolocation,/mnt/ubna_data_01_mir/recover-20220825/UBNA_002/20220823_033000.WAV,Telephone Field,recover-20220825,002,1795
1305.9895,1305.9998,22031,28570,Nyctalus leisleri,0.008,0.022,-1,Echolocation,/mnt/ubna_data_01_mir/recover-20220825/UBNA_002/20220823_033000.WAV,Telephone Field,recover-20220825,002,1795
1306.0015,1306.0349,69296,80592,Rhinolophus ferrumequinum,0.041,0.042,-1,Echolocation,/mnt/ubna_data_01_mir/recover-20220825/UBNA_002/20220823_033000.WAV,Telephone Field,recover-20220825,002,1795
1306.0015,1306.0099,23750,30803,Nyctalus leisleri,0.01,0.029,-1,Echolocation,/mnt/ubna_data_01_mir/recover-20220825/UBNA_002/20220823_033000.WAV,Telephone Field,recover-20220825,002,1795
1306.0015,1306.0098,46953,51075,Pipistrellus pipistrellus,0.022,0.027,-1,Echolocation,/mnt/ubna_data_01_mir/recover-20220825/UBNA_002/20220823_033000.WAV,Telephone Field,recover-20220825,002,1795
1306.0385,1306.0761,68437,82063,Rhinolophus ferrumequinum,0.02,0.02,-1,Echolocation,/mnt/ubna_data_01_mir/recover-20220825/UBNA_002/20220823_033000.WAV,Telephone Field,recover-20220825,002,1795
1306.0435,1306.0507,26328,38998,Eptesicus serotinus,0.006,0.021,-1,Echolocation,/mnt/ubna_data_01_mir/recover-20220825/UBNA_002/20220823_033000.WAV,Telephone Field,recover-20220825,002,1795
1306.0445,1306.0501,33203,43704,Myotis daubentonii,0.008,0.021,-1,Echolocation,/mnt/ubna_data_01_mir/recover-20220825/UBNA_002/20220823_033000.WAV,Telephone Field,recover-20220825,002,1795
1306.1095,1306.1503,68437,82887,Rhinolophus ferrumequinum,0.024,0.024,-1,Echolocation,/mnt/ubna_data_01_mir/recover-20220825/UBNA_002/20220823_033000.WAV,Telephone Field,recover-20220825,002,1795
1306.1325,1306.1758,68437,83385,Rhinolophus ferrumequinum,0.032,0.032,-1,Echolocation,/mnt/ubna_data_01_mir/recover-20220825/UBNA_002/20220823_033000.WAV,Telephone Field,recover-20220825,002,1795
1306.1745,1306.2123,68437,82021,Rhinolophus ferrumequinum,0.022,0.022,-1,Echolocation,/mnt/ubna_data_01_mir/recover-20220825/UBNA_002/20220823_033000.WAV,Telephone Field,recover-20220825,002,1795
1306.1915,1306.2299,68437,81448,Rhinolophus ferrumequinum,0.023,0.023,-1,Echolocation,/mnt/ubna_data_01_mir/recover-20220825/UBNA_002/20220823_033000.WAV,Telephone Field,recover-20220825,002,1795
1306.1975,1306.2346,68437,80559,Rhinolophus ferrumequinum,0.023,0.023,-1,Echolocation,/mnt/ubna_data_01_mir/recover-20220825/UBNA_002/20220823_033000.WAV,Telephone Field,recover-20220825,002,1795
1306.2195,1306.2573,68437,81958,Rhinolophus ferrumequinum,0.032,0.032,-1,Echolocation,/mnt/ubna_data_01_mir/recover-20220825/UBNA_002/20220823_033000.WAV,Telephone Field,recover-20220825,002,1795
1306.2525,1306.2911,68437,82034,Rhinolophus ferrumequinum,0.026,0.026,-1,Echolocation,/mnt/ubna_data_01_mir/recover-20220825/UBNA_002/20220823_033000.WAV,Telephone Field,recover-20220825,002,1795
1306.3275,1306.3631,68437,81290,Rhinolophus ferrumequinum,0.02,0.02,-1,Echolocation,/mnt/ubna_data_01_mir/recover-20220825/UBNA_002/20220823_033000.WAV,Telephone Field,recover-20220825,002,1795
1306.3315,1306.3384,27187,39869,Eptesicus serotinus,0.006,0.023,-1,Echolocation,/mnt/ubna_data_01_mir/recover-20220825/UBNA_002/20220823_033000.WAV,Telephone Field,recover-20220825,002,1795
1306.3325,1306.3437,22031,26697,Nyctalus leisleri,0.012,0.024,-1,Echolocation,/mnt/ubna_data_01_mir/recover-20220825/UBNA_002/20220823_033000.WAV,Telephone Field,recover-20220825,002,1795
1306.3405,1306.3774,68437,81890,Rhinolophus ferrumequinum,0.02,0.02,-1,Echolocation,/mnt/ubna_data_01_mir/recover-20220825/UBNA_002/20220823_033000.WAV,Telephone Field,recover-20220825,002,1795
1306.3515,1306.3614,23750,28982,Nyctalus leisleri,0.011,0.027,-1,Echolocation,/mnt/ubna_data_01_mir/recover-20220825/UBNA_002/20220823_033000.WAV,Telephone Field,recover-20220825,002,1795
1306.3625,1306.4023,68437,81853,Rhinolophus ferrumequinum,0.021,0.021,-1,Echolocation,/mnt/ubna_data_01_mir/recover-20220825/UBNA_002/20220823_033000.WAV,Telephone Field,recover-20220825,002,1795
1306.3965,1306.4354,68437,82205,Rhinolophus ferrumequinum,0.023,0.023,-1,Echolocation,/mnt/ubna_data_01_mir/recover-20220825/UBNA_002/20220823_033000.WAV,Telephone Field,recover-20220825,002,1795
1306.4435,1306.4513,28046,38258,Eptesicus serotinus,0.006,0.02,-1,Echolocation,/mnt/ubna_data_01_mir/recover-20220825/UBNA_002/20220823_033000.WAV,Telephone Field,recover-20220825,002,1795
1306.4445,1306.487,68437,83115,Rhinolophus ferrumequinum,0.025,0.025,-1,Echolocation,/mnt/ubna_data_01_mir/recover-20220825/UBNA_002/20220823_033000.WAV,Telephone Field,recover-20220825,002,1795
1306.4765,1306.5151,68437,81939,Rhinolophus ferrumequinum,0.023,0.023,-1,Echolocation,/mnt/ubna_data_01_mir/recover-20220825/UBNA_002/20220823_033000.WAV,Telephone Field,recover-20220825,002,1795
1306.5445,1306.5826,68437,82276,Rhinolophus ferrumequinum,0.02,0.02,-1,Echolocation,/mnt/ubna_data_01_mir/recover-20220825/UBNA_002/20220823_033000.WAV,Telephone Field,recover-20220825,002,1795
1306.5935,1306.6336000000001,68437,82843,Rhinolophus ferrumequinum,0.023,0.023,-1,Echolocation,/mnt/ubna_data_01_mir/recover-20220825/UBNA_002/20220823_033000.WAV,Telephone Field,recover-20220825,002,1795
1306.5955,1306.6028,24609,33273,Plecotus austriacus,0.008,0.024,-1,Echolocation,/mnt/ubna_data_01_mir/recover-20220825/UBNA_002/20220823_033000.WAV,Telephone Field,recover-20220825,002,1795
1306.6205,1306.6581,68437,80983,Rhinolophus ferrumequinum,0.021,0.022,-1,Echolocation,/mnt/ubna_data_01_mir/recover-20220825/UBNA_002/20220823_033000.WAV,Telephone Field,recover-20220825,002,1795
1306.6425,1306.6788999999999,68437,81561,Rhinolophus ferrumequinum,0.025,0.025,-1,Echolocation,/mnt/ubna_data_01_mir/recover-20220825/UBNA_002/20220823_033000.WAV,Telephone Field,recover-20220825,002,1795
1306.6715,1306.7119,68437,82567,Rhinolophus ferrumequinum,0.023,0.023,-1,Echolocation,/mnt/ubna_data_01_mir/recover-20220825/UBNA_002/20220823_033000.WAV,Telephone Field,recover-20220825,002,1795
1306.6945,1306.7351,68437,81946,Rhinolophus ferrumequinum,0.021,0.021,-1,Echolocation,/mnt/ubna_data_01_mir/recover-20220825/UBNA_002/20220823_033000.WAV,Telephone Field,recover-20220825,002,1795
1306.7215,1306.76,68437,81527,Rhinolophus ferrumequinum,0.02,0.02,-1,Echolocation,/mnt/ubna_data_01_mir/recover-20220825/UBNA_002/20220823_033000.WAV,Telephone Field,recover-20220825,002,1795
1306.7505,1306.7898,68437,82303,Rhinolophus ferrumequinum,0.023,0.023,-1,Echolocation,/mnt/ubna_data_01_mir/recover-20220825/UBNA_002/20220823_033000.WAV,Telephone Field,recover-20220825,002,1795
1306.7655,1306.8035,68437,81631,Rhinolophus ferrumequinum,0.021,0.021,-1,Echolocation,/mnt/ubna_data_01_mir/recover-20220825/UBNA_002/20220823_033000.WAV,Telephone Field,recover-20220825,002,1795
1306.7775,1306.8179,68437,82483,Rhinolophus ferrumequinum,0.025,0.025,-1,Echolocation,/mnt/ubna_data_01_mir/recover-20220825/UBNA_002/20220823_033000.WAV,Telephone Field,recover-20220825,002,1795
1306.8005,1306.843,68437,82981,Rhinolophus ferrumequinum,0.023,0.023,-1,Echolocation,/mnt/ubna_data_01_mir/recover-20220825/UBNA_002/20220823_033000.WAV,Telephone Field,recover-20220825,002,1795
1306.8065,1306.8177,24609,30808,Nyctalus leisleri,0.01,0.024,-1,Echolocation,/mnt/ubna_data_01_mir/recover-20220825/UBNA_002/20220823_033000.WAV,Telephone Field,recover-20220825,002,1795
1306.8585,1306.8673,28046,36544,Eptesicus serotinus,0.008,0.02,-1,Echolocation,/mnt/ubna_data_01_mir/recover-20220825/UBNA_002/20220823_033000.WAV,Telephone Field,recover-20220825,002,1795
1306.8725,1306.9107,68437,82091,Rhinolophus ferrumequinum,0.022,0.022,-1,Echolocation,/mnt/ubna_data_01_mir/recover-20220825/UBNA_002/20220823_033000.WAV,Telephone Field,recover-20220825,002,1795
1306.9065,1306.9473,68437,82472,Rhinolophus ferrumequinum,0.025,0.025,-1,Echolocation,/mnt/ubna_data_01_mir/recover-20220825/UBNA_002/20220823_033000.WAV,Telephone Field,recover-20220825,002,1795
1306.9205,1306.9571,68437,81194,Rhinolophus ferrumequinum,0.022,0.022,-1,Echolocation,/mnt/ubna_data_01_mir/recover-20220825/UBNA_002/20220823_033000.WAV,Telephone Field,recover-20220825,002,1795
1306.9275,1306.9653,68437,81407,Rhinolophus ferrumequinum,0.024,0.024,-1,Echolocation,/mnt/ubna_data_01_mir/recover-20220825/UBNA_002/20220823_033000.WAV,Telephone Field,recover-20220825,002,1795
1306.9285,1306.9392,22890,28639,Nyctalus leisleri,0.009,0.022,-1,Echolocation,/mnt/ubna_data_01_mir/recover-20220825/UBNA_002/20220823_033000.WAV,Telephone Field,recover-20220825,002,1795
1306.9445,1306.9859,68437,82659,Rhinolophus ferrumequinum,0.02,0.02,-1,Echolocation,/mnt/ubna_data_01_mir/recover-20220825/UBNA_002/20220823_033000.WAV,Telephone Field,recover-20220825,002,1795
1306.9505,1306.9583,28906,37349,Eptesicus serotinus,0.008,0.022,-1,Echolocation,/mnt/ubna_data_01_mir/recover-20220825/UBNA_002/20220823_033000.WAV,Telephone Field,recover-20220825,002,1795
1306.9955,1307.0356,68437,81922,Rhinolophus ferrumequinum,0.022,0.022,-1,Echolocation,/mnt/ubna_data_01_mir/recover-20220825/UBNA_002/20220823_033000.WAV,Telephone Field,recover-20220825,002,1795
1307.0815,1307.1188,68437,82139,Rhinolophus ferrumequinum,0.02,0.02,-1,Echolocation,/mnt/ubna_data_01_mir/recover-20220825/UBNA_002/20220823_033000.WAV,Telephone Field,recover-20220825,002,1795
1307.1085,1307.1515,68437,83335,Rhinolophus ferrumequinum,0.034,0.034,-1,Echolocation,/mnt/ubna_data_01_mir/recover-20220825/UBNA_002/20220823_033000.WAV,Telephone Field,recover-20220825,002,1795
1307.1215,1307.1622,68437,82470,Rhinolophus ferrumequinum,0.021,0.021,-1,Echolocation,/mnt/ubna_data_01_mir/recover-20220825/UBNA_002/20220823_033000.WAV,Telephone Field,recover-20220825,002,1795
1307.1805,1307.2208,68437,81873,Rhinolophus ferrumequinum,0.025,0.025,-1,Echolocation,/mnt/ubna_data_01_mir/recover-20220825/UBNA_002/20220823_033000.WAV,Telephone Field,recover-20220825,002,1795
1307.2195,1307.2266,27187,42474,Eptesicus serotinus,0.007,0.022,-1,Echolocation,/mnt/ubna_data_01_mir/recover-20220825/UBNA_002/20220823_033000.WAV,Telephone Field,recover-20220825,002,1795
1307.2395,1307.2806,68437,82286,Rhinolophus ferrumequinum,0.022,0.022,-1,Echolocation,/mnt/ubna_data_01_mir/recover-20220825/UBNA_002/20220823_033000.WAV,Telephone Field,recover-20220825,002,1795
1307.2485,1307.2578,28046,37567,Eptesicus serotinus,0.01,0.023,-1,Echolocation,/mnt/ubna_data_01_mir/recover-20220825/UBNA_002/20220823_033000.WAV,Telephone Field,recover-20220825,002,1795
1307.2985,1307.3373,68437,82614,Rhinolophus ferrumequinum,0.023,0.023,-1,Echolocation,/mnt/ubna_data_01_mir/recover-20220825/UBNA_002/20220823_033000.WAV,Telephone Field,recover-20220825,002,1795
1307.3075,1307.3479,68437,82640,Rhinolophus ferrumequinum,0.024,0.024,-1,Echolocation,/mnt/ubna_data_01_mir/recover-20220825/UBNA_002/20220823_033000.WAV,Telephone Field,recover-20220825,002,1795
1307.3265,1307.3369,23750,29628,Nyctalus leisleri,0.009,0.023,-1,Echolocation,/mnt/ubna_data_01_mir/recover-20220825/UBNA_002/20220823_033000.WAV,Telephone Field,recover-20220825,002,1795
1307.3585,1307.3957,68437,82307,Rhinolophus ferrumequinum,0.021,0.021,-1,Echolocation,/mnt/ubna_data_01_mir/recover-20220825/UBNA_002/20220823_033000.WAV,Telephone Field,recover-20220825,002,1795
1307.3725,1307.4121,68437,82093,Rhinolophus ferrumequinum,0.022,0.022,-1,Echolocation,/mnt/ubna_data_01_mir/recover-20220825/UBNA_002/20220823_033000.WAV,Telephone Field,recover-20220825,002,1795
1307.3945,1307.4314,68437,81573,Rhinolophus ferrumequinum,0.022,0.022,-1,Echolocation,/mnt/ubna_data_01_mir/recover-20220825/UBNA_002/20220823_033000.WAV,Telephone Field,recover-20220825,002,1795
1307.4015,1307.438,68437,81900,Rhinolophus ferrumequinum,0.023,0.023,-1,Echolocation,/mnt/ubna_data_01_mir/recover-20220825/UBNA_002/20220823_033000.WAV,Telephone Field,recover-20220825,002,1795
1307.4295,1307.4702,68437,82241,Rhinolophus ferrumequinum,0.023,0.023,-1,Echolocation,/mnt/ubna_data_01_mir/recover-20220825/UBNA_002/20220823_033000.WAV,Telephone Field,recover-20220825,002,1795
1307.4505,1307.4904,68437,82209,Rhinolophus ferrumequinum,0.021,0.021,-1,Echolocation,/mnt/ubna_data_01_mir/recover-20220825/UBNA_002/20220823_033000.WAV,Telephone Field,recover-20220825,002,1795
1307.4845,1307.5226,68437,82147,Rhinolophus ferrumequinum,0.02,0.02,-1,Echolocation,/mnt/ubna_data_01_mir/recover-20220825/UBNA_002/20220823_033000.WAV,Telephone Field,recover-20220825,002,1795
1307.4965,1307.5364,68437,82450,Rhinolophus ferrumequinum,0.022,0.022,-1,Echolocation,/mnt/ubna_data_01_mir/recover-20220825/UBNA_002/20220823_033000.WAV,Telephone Field,recover-20220825,002,1795
1307.5015,1307.5403,68437,82196,Rhinolophus ferrumequinum,0.021,0.021,-1,Echolocation,/mnt/ubna_data_01_mir/recover-20220825/UBNA_002/20220823_033000.WAV,Telephone Field,recover-20220825,002,1795
1307.5355,1307.5442,25468,32713,Eptesicus serotinus,0.007,0.021,-1,Echolocation,/mnt/ubna_data_01_mir/recover-20220825/UBNA_002/20220823_033000.WAV,Telephone Field,recover-20220825,002,1795
1307.5575,1307.596,68437,82091,Rhinolophus ferrumequinum,0.02,0.02,-1,Echolocation,/mnt/ubna_data_01_mir/recover-20220825/UBNA_002/20220823_033000.WAV,Telephone Field,recover-20220825,002,1795
1307.5795,1307.6182,68437,82274,Rhinolophus ferrumequinum,0.021,0.021,-1,Echolocation,/mnt/ubna_data_01_mir/recover-20220825/UBNA_002/20220823_033000.WAV,Telephone Field,recover-20220825,002,1795
1307.6185,1307.6597,68437,82493,Rhinolophus ferrumequinum,0.021,0.021,-1,Echolocation,/mnt/ubna_data_01_mir/recover-20220825/UBNA_002/20220823_033000.WAV,Telephone Field,recover-20220825,002,1795
1307.6555,1307.6986,68437,82879,Rhinolophus ferrumequinum,0.025,0.025,-1,Echolocation,/mnt/ubna_data_01_mir/recover-20220825/UBNA_002/20220823_033000.WAV,Telephone Field,recover-20220825,002,1795
1307.6645,1307.7048,68437,82498,Rhinolophus ferrumequinum,0.03,0.03,-1,Echolocation,/mnt/ubna_data_01_mir/recover-20220825/UBNA_002/20220823_033000.WAV,Telephone Field,recover-20220825,002,1795
1307.7115,1307.7495,68437,81619,Rhinolophus ferrumequinum,0.02,0.02,-1,Echolocation,/mnt/ubna_data_01_mir/recover-20220825/UBNA_002/20220823_033000.WAV,Telephone Field,recover-20220825,002,1795
1307.7275,1307.7677,68437,83055,Rhinolophus ferrumequinum,0.026,0.026,-1,Echolocation,/mnt/ubna_data_01_mir/recover-20220825/UBNA_002/20220823_033000.WAV,Telephone Field,recover-20220825,002,1795
1307.7475,1307.7828,68437,81327,Rhinolophus ferrumequinum,0.023,0.023,-1,Echolocation,/mnt/ubna_data_01_mir/recover-20220825/UBNA_002/20220823_033000.WAV,Telephone Field,recover-20220825,002,1795
1307.7995,1307.8091,24609,32106,Eptesicus serotinus,0.007,0.02,-1,Echolocation,/mnt/ubna_data_01_mir/recover-20220825/UBNA_002/20220823_033000.WAV,Telephone Field,recover-20220825,002,1795
1307.8105,1307.8197,28046,37608,Eptesicus serotinus,0.009,0.024,-1,Echolocation,/mnt/ubna_data_01_mir/recover-20220825/UBNA_002/20220823_033000.WAV,Telephone Field,recover-20220825,002,1795
1307.8335,1307.8414,23750,31855,Plecotus austriacus,0.009,0.021,-1,Echolocation,/mnt/ubna_data_01_mir/recover-20220825/UBNA_002/20220823_033000.WAV,Telephone Field,recover-20220825,002,1795
1307.8605,1307.898,68437,81606,Rhinolophus ferrumequinum,0.023,0.023,-1,Echolocation,/mnt/ubna_data_01_mir/recover-20220825/UBNA_002/20220823_033000.WAV,Telephone Field,recover-20220825,002,1795
1307.8735,1307.884,28906,35702,Eptesicus serotinus,0.008,0.02,-1,Echolocation,/mnt/ubna_data_01_mir/recover-20220825/UBNA_002/20220823_033000.WAV,Telephone Field,recover-20220825,002,1795
1307.8765,1307.9158,68437,82260,Rhinolophus ferrumequinum,0.021,0.021,-1,Echolocation,/mnt/ubna_data_01_mir/recover-20220825/UBNA_002/20220823_033000.WAV,Telephone Field,recover-20220825,002,1795
1307.8895,1307.9325,68437,82799,Rhinolophus ferrumequinum,0.044,0.044,-1,Echolocation,/mnt/ubna_data_01_mir/recover-20220825/UBNA_002/20220823_033000.WAV,Telephone Field,recover-20220825,002,1795
1307.8945,1307.903,26328,34640,Eptesicus serotinus,0.011,0.025,-1,Echolocation,/mnt/ubna_data_01_mir/recover-20220825/UBNA_002/20220823_033000.WAV,Telephone Field,recover-20220825,002,1795
1307.8985,1307.9379,68437,82050,Rhinolophus ferrumequinum,0.024,0.024,-1,Echolocation,/mnt/ubna_data_01_mir/recover-20220825/UBNA_002/20220823_033000.WAV,Telephone Field,recover-20220825,002,1795
1307.9175,1307.9555,68437,82189,Rhinolophus ferrumequinum,0.02,0.02,-1,Echolocation,/mnt/ubna_data_01_mir/recover-20220825/UBNA_002/20220823_033000.WAV,Telephone Field,recover-20220825,002,1795
1307.9835,1307.9937,23750,30687,Nyctalus leisleri,0.007,0.022,-1,Echolocation,/mnt/ubna_data_01_mir/recover-20220825/UBNA_002/20220823_033000.WAV,Telephone Field,recover-20220825,002,1795
1307.9875,1307.9949,44375,56900,Pipistrellus pipistrellus,0.014,0.026,-1,Echolocation,/mnt/ubna_data_01_mir/recover-20220825/UBNA_002/20220823_033000.WAV,Telephone Field,recover-20220825,002,1795
1307.9895,1307.9996,26328,35243,Eptesicus serotinus,0.009,0.021,-1,Echolocation,/mnt/ubna_data_01_mir/recover-20220825/UBNA_002/20220823_033000.WAV,Telephone Field,recover-20220825,002,1795
1308.0015,1308.0165,54687,60308,Pipistrellus pygmaeus,0.018,0.023,-1,Echolocation,/mnt/ubna_data_01_mir/recover-20220825/UBNA_002/20220823_033000.WAV,Telephone Field,recover-20220825,002,1795
1308.0015,1308.0112,27187,35146,Eptesicus serotinus,0.011,0.03,-1,Echolocation,/mnt/ubna_data_01_mir/recover-20220825/UBNA_002/20220823_033000.WAV,Telephone Field,recover-20220825,002,1795
1308.0015,1308.0351,68437,80012,Rhinolophus ferrumequinum,0.03,0.031,-1,Echolocation,/mnt/ubna_data_01_mir/recover-20220825/UBNA_002/20220823_033000.WAV,Telephone Field,recover-20220825,002,1795
1308.0085,1308.0519,68437,82519,Rhinolophus ferrumequinum,0.023,0.023,-1,Echolocation,/mnt/ubna_data_01_mir/recover-20220825/UBNA_002/20220823_033000.WAV,Telephone Field,recover-20220825,002,1795
1308.0175,1308.0607,68437,82807,Rhinolophus ferrumequinum,0.028,0.028,-1,Echolocation,/mnt/ubna_data_01_mir/recover-20220825/UBNA_002/20220823_033000.WAV,Telephone Field,recover-20220825,002,1795
1308.0255,1308.0629,68437,82297,Rhinolophus ferrumequinum,0.03,0.03,-1,Echolocation,/mnt/ubna_data_01_mir/recover-20220825/UBNA_002/20220823_033000.WAV,Telephone Field,recover-20220825,002,1795
1308.0305,1308.0376,25468,35452,Plecotus austriacus,0.008,0.03,-1,Echolocation,/mnt/ubna_data_01_mir/recover-20220825/UBNA_002/20220823_033000.WAV,Telephone Field,recover-20220825,002,1795
1308.0565,1308.0654,28906,38401,Eptesicus serotinus,0.008,0.021,-1,Echolocation,/mnt/ubna_data_01_mir/recover-20220825/UBNA_002/20220823_033000.WAV,Telephone Field,recover-20220825,002,1795
1308.0675,1308.0884,17734,20247,Nyctalus noctula,0.012,0.023,-1,Echolocation,/mnt/ubna_data_01_mir/recover-20220825/UBNA_002/20220823_033000.WAV,Telephone Field,recover-20220825,002,1795
1308.0825,1308.0907,25468,37625,Eptesicus serotinus,0.007,0.022,-1,Echolocation,/mnt/ubna_data_01_mir/recover-20220825/UBNA_002/20220823_033000.WAV,Telephone Field,recover-20220825,002,1795
1308.1095,1308.1483,68437,81795,Rhinolophus ferrumequinum,0.021,0.021,-1,Echolocation,/mnt/ubna_data_01_mir/recover-20220825/UBNA_002/20220823_033000.WAV,Telephone Field,recover-20220825,002,1795
1308.1385,1308.1755,68437,81402,Rhinolophus ferrumequinum,0.022,0.022,-1,Echolocation,/mnt/ubna_data_01_mir/recover-20220825/UBNA_002/20220823_033000.WAV,Telephone Field,recover-20220825,002,1795
1308.1415,1308.1528,22031,25785,Nyctalus leisleri,0.013,0.022,-1,Echolocation,/mnt/ubna_data_01_mir/recover-20220825/UBNA_002/20220823_033000.WAV,Telephone Field,recover-20220825,002,1795
1308.1505,1308.185,68437,80822,Rhinolophus ferrumequinum,0.021,0.021,-1,Echolocation,/mnt/ubna_data_01_mir/recover-20220825/UBNA_002/20220823_033000.WAV,Telephone Field,recover-20220825,002,1795
1308.1595,1308.1941,68437,81031,Rhinolophus ferrumequinum,0.021,0.021,-1,Echolocation,/mnt/ubna_data_01_mir/recover-20220825/UBNA_002/20220823_033000.WAV,Telephone Field,recover-20220825,002,1795
1308.1695,1308.2076,68437,82267,Rhinolophus ferrumequinum,0.021,0.021,-1,Echolocation,/mnt/ubna_data_01_mir/recover-20220825/UBNA_002/20220823_033000.WAV,Telephone Field,recover-20220825,002,1795
1308.2035,1308.2395,68437,81305,Rhinolophus ferrumequinum,0.025,0.025,-1,Echolocation,/mnt/ubna_data_01_mir/recover-20220825/UBNA_002/20220823_033000.WAV,Telephone Field,recover-20220825,002,1795
1308.2145,1308.2336,20312,23662,Nyctalus leisleri,0.014,0.025,-1,Echolocation,/mnt/ubna_data_01_mir/recover-20220825/UBNA_002/20220823_033000.WAV,Telephone Field,recover-20220825,002,1795
1308.2175,1308.2528,68437,82223,Rhinolophus ferrumequinum,0.021,0.021,-1,Echolocation,/mnt/ubna_data_01_mir/recover-20220825/UBNA_002/20220823_033000.WAV,Telephone Field,recover-20220825,002,1795
1308.2255,1308.2636,68437,82191,Rhinolophus ferrumequinum,0.021,0.021,-1,Echolocation,/mnt/ubna_data_01_mir/recover-20220825/UBNA_002/20220823_033000.WAV,Telephone Field,recover-20220825,002,1795
1308.2345,1308.2418,23750,37026,Plecotus austriacus,0.007,0.021,-1,Echolocation,/mnt/ubna_data_01_mir/recover-20220825/UBNA_002/20220823_033000.WAV,Telephone Field,recover-20220825,002,1795
1308.2665,1308.2803,23750,28644,Nyctalus leisleri,0.018,0.037,-1,Echolocation,/mnt/ubna_data_01_mir/recover-20220825/UBNA_002/20220823_033000.WAV,Telephone Field,recover-20220825,002,1795
1308.2725,1308.3119,68437,82182,Rhinolophus ferrumequinum,0.023,0.023,-1,Echolocation,/mnt/ubna_data_01_mir/recover-20220825/UBNA_002/20220823_033000.WAV,Telephone Field,recover-20220825,002,1795
1308.2975,1308.3331,68437,80870,Rhinolophus ferrumequinum,0.021,0.022,-1,Echolocation,/mnt/ubna_data_01_mir/recover-20220825/UBNA_002/20220823_033000.WAV,Telephone Field,recover-20220825,002,1795
1308.3085,1308.3166,24609,32977,Plecotus austriacus,0.005,0.021,-1,Echolocation,/mnt/ubna_data_01_mir/recover-20220825/UBNA_002/20220823_033000.WAV,Telephone Field,recover-20220825,002,1795
1308.3255,1308.3369,47812,52567,Pipistrellus pipistrellus,0.041,0.047,-1,Echolocation,/mnt/ubna_data_01_mir/recover-20220825/UBNA_002/20220823_033000.WAV,Telephone Field,recover-20220825,002,1795
1308.3415,1308.378,68437,81402,Rhinolophus ferrumequinum,0.026,0.026,-1,Echolocation,/mnt/ubna_data_01_mir/recover-20220825/UBNA_002/20220823_033000.WAV,Telephone Field,recover-20220825,002,1795
1308.3495,1308.3588,23750,31576,Nyctalus leisleri,0.007,0.026,-1,Echolocation,/mnt/ubna_data_01_mir/recover-20220825/UBNA_002/20220823_033000.WAV,Telephone Field,recover-20220825,002,1795
1308.4225,1308.4624,68437,81913,Rhinolophus ferrumequinum,0.022,0.022,-1,Echolocation,/mnt/ubna_data_01_mir/recover-20220825/UBNA_002/20220823_033000.WAV,Telephone Field,recover-20220825,002,1795
1308.4245,1308.4315,28046,41896,Eptesicus serotinus,0.008,0.027,-1,Echolocation,/mnt/ubna_data_01_mir/recover-20220825/UBNA_002/20220823_033000.WAV,Telephone Field,recover-20220825,002,1795
1308.4505,1308.4883,68437,82386,Rhinolophus ferrumequinum,0.021,0.021,-1,Echolocation,/mnt/ubna_data_01_mir/recover-20220825/UBNA_002/20220823_033000.WAV,Telephone Field,recover-20220825,002,1795
1308.4665,1308.5079,68437,82519,Rhinolophus ferrumequinum,0.022,0.022,-1,Echolocation,/mnt/ubna_data_01_mir/recover-20220825/UBNA_002/20220823_033000.WAV,Telephone Field,recover-20220825,002,1795
1308.5105,1308.548,68437,81683,Rhinolophus ferrumequinum,0.022,0.022,-1,Echolocation,/mnt/ubna_data_01_mir/recover-20220825/UBNA_002/20220823_033000.WAV,Telephone Field,recover-20220825,002,1795
1308.5165,1308.5544,68437,81898,Rhinolophus ferrumequinum,0.021,0.021,-1,Echolocation,/mnt/ubna_data_01_mir/recover-20220825/UBNA_002/20220823_033000.WAV,Telephone Field,recover-20220825,002,1795
1308.5185,1308.5279,28046,38628,Eptesicus serotinus,0.009,0.022,-1,Echolocation,/mnt/ubna_data_01_mir/recover-20220825/UBNA_002/20220823_033000.WAV,Telephone Field,recover-20220825,002,1795
1308.5255,1308.5365,23750,29491,Nyctalus leisleri,0.011,0.024,-1,Echolocation,/mnt/ubna_data_01_mir/recover-20220825/UBNA_002/20220823_033000.WAV,Telephone Field,recover-20220825,002,1795
1308.5415,1308.5777,68437,80807,Rhinolophus ferrumequinum,0.025,0.026,-1,Echolocation,/mnt/ubna_data_01_mir/recover-20220825/UBNA_002/20220823_033000.WAV,Telephone Field,recover-20220825,002,1795
1308.5735,1308.5811,26328,35920,Eptesicus serotinus,0.007,0.026,-1,Echolocation,/mnt/ubna_data_01_mir/recover-20220825/UBNA_002/20220823_033000.WAV,Telephone Field,recover-20220825,002,1795
1308.6025,1308.6432,68437,82191,Rhinolophus ferrumequinum,0.027,0.027,-1,Echolocation,/mnt/ubna_data_01_mir/recover-20220825/UBNA_002/20220823_033000.WAV,Telephone Field,recover-20220825,002,1795
1308.6115,1308.6503,68437,82607,Rhinolophus ferrumequinum,0.022,0.022,-1,Echolocation,/mnt/ubna_data_01_mir/recover-20220825/UBNA_002/20220823_033000.WAV,Telephone Field,recover-20220825,002,1795
1308.6155,1308.6228,27187,35872,Eptesicus serotinus,0.007,0.021,-1,Echolocation,/mnt/ubna_data_01_mir/recover-20220825/UBNA_002/20220823_033000.WAV,Telephone Field,recover-20220825,002,1795
1308.6505,1308.6866,68437,80727,Rhinolophus ferrumequinum,0.024,0.025,-1,Echolocation,/mnt/ubna_data_01_mir/recover-20220825/UBNA_002/20220823_033000.WAV,Telephone Field,recover-20220825,002,1795
1308.6845,1308.7213,68437,81366,Rhinolophus ferrumequinum,0.021,0.021,-1,Echolocation,/mnt/ubna_data_01_mir/recover-20220825/UBNA_002/20220823_033000.WAV,Telephone Field,recover-20220825,002,1795
1308.6905,1308.7005,24609,30244,Nyctalus leisleri,0.008,0.021,-1,Echolocation,/mnt/ubna_data_01_mir/recover-20220825/UBNA_002/20220823_033000.WAV,Telephone Field,recover-20220825,002,1795
1308.7005,1308.7097,28046,38513,Eptesicus serotinus,0.009,0.021,-1,Echolocation,/mnt/ubna_data_01_mir/recover-20220825/UBNA_002/20220823_033000.WAV,Telephone Field,recover-20220825,002,1795
1308.7335,1308.7704,68437,81170,Rhinolophus ferrumequinum,0.023,0.023,-1,Echolocation,/mnt/ubna_data_01_mir/recover-20220825/UBNA_002/20220823_033000.WAV,Telephone Field,recover-20220825,002,1795
1308.7685,1308.7799,22031,25527,Nyctalus leisleri,0.012,0.021,-1,Echolocation,/mnt/ubna_data_01_mir/recover-20220825/UBNA_002/20220823_033000.WAV,Telephone Field,recover-20220825,002,1795
1308.8055,1308.8444,68437,82580,Rhinolophus ferrumequinum,0.022,0.022,-1,Echolocation,/mnt/ubna_data_01_mir/recover-20220825/UBNA_002/20220823_033000.WAV,Telephone Field,recover-20220825,002,1795
1308.8225,1308.8615,68437,82523,Rhinolophus ferrumequinum,0.023,0.023,-1,Echolocation,/mnt/ubna_data_01_mir/recover-20220825/UBNA_002/20220823_033000.WAV,Telephone Field,recover-20220825,002,1795
1308.8585,1308.9014,68437,83257,Rhinolophus ferrumequinum,0.039,0.039,-1,Echolocation,/mnt/ubna_data_01_mir/recover-20220825/UBNA_002/20220823_033000.WAV,Telephone Field,recover-20220825,002,1795
1308.8765,1308.89,22031,26301,Nyctalus leisleri,0.015,0.027,-1,Echolocation,/mnt/ubna_data_01_mir/recover-20220825/UBNA_002/20220823_033000.WAV,Telephone Field,recover-20220825,002,1795
1308.8835,1308.8968,22890,26466,Nyctalus leisleri,0.016,0.026,-1,Echolocation,/mnt/ubna_data_01_mir/recover-20220825/UBNA_002/20220823_033000.WAV,Telephone Field,recover-20220825,002,1795
1308.9235,1308.9628,68437,81838,Rhinolophus ferrumequinum,0.023,0.023,-1,Echolocation,/mnt/ubna_data_01_mir/recover-20220825/UBNA_002/20220823_033000.WAV,Telephone Field,recover-20220825,002,1795
1308.9435,1308.9846,68437,82568,Rhinolophus ferrumequinum,0.023,0.023,-1,Echolocation,/mnt/ubna_data_01_mir/recover-20220825/UBNA_002/20220823_033000.WAV,Telephone Field,recover-20220825,002,1795
1308.9675,1309.0037,68437,81788,Rhinolophus ferrumequinum,0.023,0.023,-1,Echolocation,/mnt/ubna_data_01_mir/recover-20220825/UBNA_002/20220823_033000.WAV,Telephone Field,recover-20220825,002,1795
1308.9915,1309.0327,68437,82435,Rhinolophus ferrumequinum,0.024,0.024,-1,Echolocation,/mnt/ubna_data_01_mir/recover-20220825/UBNA_002/20220823_033000.WAV,Telephone Field,recover-20220825,002,1795
1309.0045,1309.042,68437,82054,Rhinolophus ferrumequinum,0.027,0.027,-1,Echolocation,/mnt/ubna_data_01_mir/recover-20220825/UBNA_002/20220823_033000.WAV,Telephone Field,recover-20220825,002,1795
1309.0545,1309.0949,68437,83211,Rhinolophus ferrumequinum,0.028,0.028,-1,Echolocation,/mnt/ubna_data_01_mir/recover-20220825/UBNA_002/20220823_033000.WAV,Telephone Field,recover-20220825,002,1795
1309.0875,1309.127,68437,81879,Rhinolophus ferrumequinum,0.022,0.022,-1,Echolocation,/mnt/ubna_data_01_mir/recover-20220825/UBNA_002/20220823_033000.WAV,Telephone Field,recover-20220825,002,1795
1309.0875,1309.1008,22031,26635,Nyctalus leisleri,0.019,0.037,-1,Echolocation,/mnt/ubna_data_01_mir/recover-20220825/UBNA_002/20220823_033000.WAV,Telephone Field,recover-20220825,002,1795
1309.1015,1309.1404,68437,82522,Rhinolophus ferrumequinum,0.02,0.021,-1,Echolocation,/mnt/ubna_data_01_mir/recover-20220825/UBNA_002/20220823_033000.WAV,Telephone Field,recover-20220825,002,1795
1309.1245,1309.1597,68437,81881,Rhinolophus ferrumequinum,0.021,0.021,-1,Echolocation,/mnt/ubna_data_01_mir/recover-20220825/UBNA_002/20220823_033000.WAV,Telephone Field,recover-20220825,002,1795
1309.1365,1309.1762,68437,82015,Rhinolophus ferrumequinum,0.021,0.021,-1,Echolocation,/mnt/ubna_data_01_mir/recover-20220825/UBNA_002/20220823_033000.WAV,Telephone Field,recover-20220825,002,1795
1309.1465,1309.1544,28046,37537,Eptesicus serotinus,0.008,0.022,-1,Echolocation,/mnt/ubna_data_01_mir/recover-20220825/UBNA_002/20220823_033000.WAV,Telephone Field,recover-20220825,002,1795
1309.1495,1309.1848,68437,81535,Rhinolophus ferrumequinum,0.021,0.021,-1,Echolocation,/mnt/ubna_data_01_mir/recover-20220825/UBNA_002/20220823_033000.WAV,Telephone Field,recover-20220825,002,1795
1309.1585,1309.1761,20312,22864,Nyctalus leisleri,0.014,0.022,-1,Echolocation,/mnt/ubna_data_01_mir/recover-20220825/UBNA_002/20220823_033000.WAV,Telephone Field,recover-20220825,002,1795
1309.1585,1309.197,68437,82210,Rhinolophus ferrumequinum,0.022,0.022,-1,Echolocation,/mnt/ubna_data_01_mir/recover-20220825/UBNA_002/20220823_033000.WAV,Telephone Field,recover-20220825,002,1795
1309.1835,1309.2197,68437,81597,Rhinolophus ferrumequinum,0.021,0.021,-1,Echolocation,/mnt/ubna_data_01_mir/recover-20220825/UBNA_002/20220823_033000.WAV,Telephone Field,recover-20220825,002,1795
1309.2085,1309.2453,68437,81659,Rhinolophus ferrumequinum,0.022,0.022,-1,Echolocation,/mnt/ubna_data_01_mir/recover-20220825/UBNA_002/20220823_033000.WAV,Telephone Field,recover-20220825,002,1795
1309.2385,1309.2766,68437,82327,Rhinolophus ferrumequinum,0.024,0.024,-1,Echolocation,/mnt/ubna_data_01_mir/recover-20220825/UBNA_002/20220823_033000.WAV,Telephone Field,recover-20220825,002,1795
1309.2605,1309.3,68437,82607,Rhinolophus ferrumequinum,0.022,0.022,-1,Echolocation,/mnt/ubna_data_01_mir/recover-20220825/UBNA_002/20220823_033000.WAV,Telephone Field,recover-20220825,002,1795
1309.2845,1309.3209,68437,81798,Rhinolophus ferrumequinum,0.022,0.022,-1,Echolocation,/mnt/ubna_data_01_mir/recover-20220825/UBNA_002/20220823_033000.WAV,Telephone Field,recover-20220825,002,1795
1309.3725,1309.3816,27187,36933,Eptesicus serotinus,0.009,0.023,-1,Echolocation,/mnt/ubna_data_01_mir/recover-20220825/UBNA_002/20220823_033000.WAV,Telephone Field,recover-20220825,002,1795
1309.3805,1309.4176,68437,81353,Rhinolophus ferrumequinum,0.021,0.021,-1,Echolocation,/mnt/ubna_data_01_mir/recover-20220825/UBNA_002/20220823_033000.WAV,Telephone Field,recover-20220825,002,1795
1309.3885,1309.4249,68437,81702,Rhinolophus ferrumequinum,0.022,0.022,-1,Echolocation,/mnt/ubna_data_01_mir/recover-20220825/UBNA_002/20220823_033000.WAV,Telephone Field,recover-20220825,002,1795
1309.3945,1309.4317,68437,81772,Rhinolophus ferrumequinum,0.022,0.023,-1,Echolocation,/mnt/ubna_data_01_mir/recover-20220825/UBNA_002/20220823_033000.WAV,Telephone Field,recover-20220825,002,1795
1309.4145,1309.4231,28046,38720,Eptesicus serotinus,0.008,0.021,-1,Echolocation,/mnt/ubna_data_01_mir/recover-20220825/UBNA_002/20220823_033000.WAV,Telephone Field,recover-20220825,002,1795
1309.4355,1309.4745,68437,82488,Rhinolophus ferrumequinum,0.021,0.021,-1,Echolocation,/mnt/ubna_data_01_mir/recover-20220825/UBNA_002/20220823_033000.WAV,Telephone Field,recover-20220825,002,1795
1309.4585,1309.4674,25468,33298,Eptesicus serotinus,0.008,0.021,-1,Echolocation,/mnt/ubna_data_01_mir/recover-20220825/UBNA_002/20220823_033000.WAV,Telephone Field,recover-20220825,002,1795
1309.4665,1309.4738,23750,32496,Plecotus austriacus,0.009,0.022,-1,Echolocation,/mnt/ubna_data_01_mir/recover-20220825/UBNA_002/20220823_033000.WAV,Telephone Field,recover-20220825,002,1795
1309.4665,1309.5061,68437,82493,Rhinolophus ferrumequinum,0.022,0.022,-1,Echolocation,/mnt/ubna_data_01_mir/recover-20220825/UBNA_002/20220823_033000.WAV,Telephone Field,recover-20220825,002,1795
1309.4755,1309.5167,68437,82633,Rhinolophus ferrumequinum,0.021,0.021,-1,Echolocation,/mnt/ubna_data_01_mir/recover-20220825/UBNA_002/20220823_033000.WAV,Telephone Field,recover-20220825,002,1795
1309.5175,1309.5237,50390,54961,Pipistrellus pipistrellus,0.023,0.024,-1,Echolocation,/mnt/ubna_data_01_mir/recover-20220825/UBNA_002/20220823_033000.WAV,Telephone Field,recover-20220825,002,1795
1309.5195,1309.5608,68437,83089,Rhinolophus ferrumequinum,0.032,0.032,-1,Echolocation,/mnt/ubna_data_01_mir/recover-20220825/UBNA_002/20220823_033000.WAV,Telephone Field,recover-20220825,002,1795
1309.5335,1309.5742,68437,82622,Rhinolophus ferrumequinum,0.023,0.023,-1,Echolocation,/mnt/ubna_data_01_mir/recover-20220825/UBNA_002/20220823_033000.WAV,Telephone Field,recover-20220825,002,1795
1309.5345,1309.5452,27187,35072,Eptesicus serotinus,0.012,0.022,-1,Echolocation,/mnt/ubna_data_01_mir/recover-20220825/UBNA_002/20220823_033000.WAV,Telephone Field,recover-20220825,002,1795
1309.5555,1309.5928,68437,80818,Rhinolophus ferrumequinum,0.024,0.024,-1,Echolocation,/mnt/ubna_data_01_mir/recover-20220825/UBNA_002/20220823_033000.WAV,Telephone Field,recover-20220825,002,1795
1309.5705,1309.6078,68437,81174,Rhinolophus ferrumequinum,0.021,0.021,-1,Echolocation,/mnt/ubna_data_01_mir/recover-20220825/UBNA_002/20220823_033000.WAV,Telephone Field,recover-20220825,002,1795
1309.5915,1309.5994,25468,34221,Eptesicus serotinus,0.006,0.021,-1,Echolocation,/mnt/ubna_data_01_mir/recover-20220825/UBNA_002/20220823_033000.WAV,Telephone Field,recover-20220825,002,1795
1309.5935,1309.6331,68437,82116,Rhinolophus ferrumequinum,0.024,0.024,-1,Echolocation,/mnt/ubna_data_01_mir/recover-20220825/UBNA_002/20220823_033000.WAV,Telephone Field,recover-20220825,002,1795
1309.6045,1309.6478,68437,83476,Rhinolophus ferrumequinum,0.037,0.037,-1,Echolocation,/mnt/ubna_data_01_mir/recover-20220825/UBNA_002/20220823_033000.WAV,Telephone Field,recover-20220825,002,1795
1309.6175,1309.6585,68437,82867,Rhinolophus ferrumequinum,0.026,0.026,-1,Echolocation,/mnt/ubna_data_01_mir/recover-20220825/UBNA_002/20220823_033000.WAV,Telephone Field,recover-20220825,002,1795
1309.6185,1309.6282,28046,39405,Eptesicus serotinus,0.012,0.027,-1,Echolocation,/mnt/ubna_data_01_mir/recover-20220825/UBNA_002/20220823_033000.WAV,Telephone Field,recover-20220825,002,1795
1309.6235,1309.6325,28046,36066,Eptesicus serotinus,0.013,0.027,-1,Echolocation,/mnt/ubna_data_01_mir/recover-20220825/UBNA_002/20220823_033000.WAV,Telephone Field,recover-20220825,002,1795
1309.6275,1309.6702,68437,83334,Rhinolophus ferrumequinum,0.029,0.029,-1,Echolocation,/mnt/ubna_data_01_mir/recover-20220825/UBNA_002/20220823_033000.WAV,Telephone Field,recover-20220825,002,1795
1309.6505,1309.6583,22890,30666,Plecotus austriacus,0.011,0.024,-1,Echolocation,/mnt/ubna_data_01_mir/recover-20220825/UBNA_002/20220823_033000.WAV,Telephone Field,recover-20220825,002,1795
1309.6625,1309.7046,68437,83431,Rhinolophus ferrumequinum,0.027,0.027,-1,Echolocation,/mnt/ubna_data_01_mir/recover-20220825/UBNA_002/20220823_033000.WAV,Telephone Field,recover-20220825,002,1795
1309.6865,1309.7293,68437,82657,Rhinolophus ferrumequinum,0.023,0.023,-1,Echolocation,/mnt/ubna_data_01_mir/recover-20220825/UBNA_002/20220823_033000.WAV,Telephone Field,recover-20220825,002,1795
1309.7245,1309.7637,68437,82134,Rhinolophus ferrumequinum,0.023,0.023,-1,Echolocation,/mnt/ubna_data_01_mir/recover-20220825/UBNA_002/20220823_033000.WAV,Telephone Field,recover-20220825,002,1795
1309.7415,1309.7797,68437,82359,Rhinolophus ferrumequinum,0.023,0.023,-1,Echolocation,/mnt/ubna_data_01_mir/recover-20220825/UBNA_002/20220823_033000.WAV,Telephone Field,recover-20220825,002,1795
1309.7695,1309.8095,68437,83202,Rhinolophus ferrumequinum,0.038,0.038,-1,Echolocation,/mnt/ubna_data_01_mir/recover-20220825/UBNA_002/20220823_033000.WAV,Telephone Field,recover-20220825,002,1795
1309.8195,1309.8617,68437,82517,Rhinolophus ferrumequinum,0.023,0.023,-1,Echolocation,/mnt/ubna_data_01_mir/recover-20220825/UBNA_002/20220823_033000.WAV,Telephone Field,recover-20220825,002,1795
1309.8445,1309.8827,68437,81824,Rhinolophus ferrumequinum,0.022,0.022,-1,Echolocation,/mnt/ubna_data_01_mir/recover-20220825/UBNA_002/20220823_033000.WAV,Telephone Field,recover-20220825,002,1795
1309.8475,1309.8582,34921,40055,Barbastellus barbastellus,0.006,0.024,-1,Echolocation,/mnt/ubna_data_01_mir/recover-20220825/UBNA_002/20220823_033000.WAV,Telephone Field,recover-20220825,002,1795
1309.8505,1309.8581,28046,38846,Eptesicus serotinus,0.008,0.025,-1,Echolocation,/mnt/ubna_data_01_mir/recover-20220825/UBNA_002/20220823_033000.WAV,Telephone Field,recover-20220825,002,1795
1309.8765,1309.9132,68437,81678,Rhinolophus ferrumequinum,0.024,0.024,-1,Echolocation,/mnt/ubna_data_01_mir/recover-20220825/UBNA_002/20220823_033000.WAV,Telephone Field,recover-20220825,002,1795
1309.8765,1309.8874,22890,28215,Nyctalus leisleri,0.009,0.021,-1,Echolocation,/mnt/ubna_data_01_mir/recover-20220825/UBNA_002/20220823_033000.WAV,Telephone Field,recover-20220825,002,1795
1309.9005,1309.908,24609,38343,Myotis nattereri,0.006,0.023,-1,Echolocation,/mnt/ubna_data_01_mir/recover-20220825/UBNA_002/20220823_033000.WAV,Telephone Field,recover-20220825,002,1795
1309.9085,1309.9467,68437,82181,Rhinolophus ferrumequinum,0.022,0.022,-1,Echolocation,/mnt/ubna_data_01_mir/recover-20220825/UBNA_002/20220823_033000.WAV,Telephone Field,recover-20220825,002,1795
1309.9455,1309.9829,68437,81994,Rhinolophus ferrumequinum,0.021,0.021,-1,Echolocation,/mnt/ubna_data_01_mir/recover-20220825/UBNA_002/20220823_033000.WAV,Telephone Field,recover-20220825,002,1795
1309.9565,1309.9668,23750,29729,Nyctalus leisleri,0.009,0.022,-1,Echolocation,/mnt/ubna_data_01_mir/recover-20220825/UBNA_002/20220823_033000.WAV,Telephone Field,recover-20220825,002,1795
1309.9775,1309.9849,49531,55509,Pipistrellus pipistrellus,0.019,0.022,-1,Echolocation,/mnt/ubna_data_01_mir/recover-20220825/UBNA_002/20220823_033000.WAV,Telephone Field,recover-20220825,002,1795
1309.9865,1309.9961,28906,38827,Eptesicus serotinus,0.01,0.025,-1,Echolocation,/mnt/ubna_data_01_mir/recover-20220825/UBNA_002/20220823_033000.WAV,Telephone Field,recover-20220825,002,1795
1310.0015,1310.0334,69296,81048,Rhinolophus ferrumequinum,0.028,0.028,-1,Echolocation,/mnt/ubna_data_01_mir/recover-20220825/UBNA_002/20220823_033000.WAV,Telephone Field,recover-20220825,002,1795
1310.0015,1310.0116,37500,43497,Pipistrellus nathusii,0.01,0.026,-1,Echolocation,/mnt/ubna_data_01_mir/recover-20220825/UBNA_002/20220823_033000.WAV,Telephone Field,recover-20220825,002,1795
1310.0015,1310.0105,28906,40227,Eptesicus serotinus,0.008,0.025,-1,Echolocation,/mnt/ubna_data_01_mir/recover-20220825/UBNA_002/20220823_033000.WAV,Telephone Field,recover-20220825,002,1795
1310.0165,1310.0261,28046,35750,Eptesicus serotinus,0.014,0.029,-1,Echolocation,/mnt/ubna_data_01_mir/recover-20220825/UBNA_002/20220823_033000.WAV,Telephone Field,recover-20220825,002,1795
1310.0545,1310.0938,68437,81817,Rhinolophus ferrumequinum,0.02,0.02,-1,Echolocation,/mnt/ubna_data_01_mir/recover-20220825/UBNA_002/20220823_033000.WAV,Telephone Field,recover-20220825,002,1795
1310.0645,1310.0996,68437,80628,Rhinolophus ferrumequinum,0.021,0.021,-1,Echolocation,/mnt/ubna_data_01_mir/recover-20220825/UBNA_002/20220823_033000.WAV,Telephone Field,recover-20220825,002,1795
1310.0765,1310.0855999999999,27187,39923,Eptesicus serotinus,0.009,0.021,-1,Echolocation,/mnt/ubna_data_01_mir/recover-20220825/UBNA_002/20220823_033000.WAV,Telephone Field,recover-20220825,002,1795
1310.0845,1310.1207,68437,80429,Rhinolophus ferrumequinum,0.023,0.023,-1,Echolocation,/mnt/ubna_data_01_mir/recover-20220825/UBNA_002/20220823_033000.WAV,Telephone Field,recover-20220825,002,1795
1310.0875,1310.0959,24609,31699,Nyctalus leisleri,0.007,0.021,-1,Echolocation,/mnt/ubna_data_01_mir/recover-20220825/UBNA_002/20220823_033000.WAV,Telephone Field,recover-20220825,002,1795
1310.1075,1310.1475,68437,82248,Rhinolophus ferrumequinum,0.023,0.023,-1,Echolocation,/mnt/ubna_data_01_mir/recover-20220825/UBNA_002/20220823_033000.WAV,Telephone Field,recover-20220825,002,1795
1310.1665,1310.2069,68437,81803,Rhinolophus ferrumequinum,0.022,0.022,-1,Echolocation,/mnt/ubna_data_01_mir/recover-20220825/UBNA_002/20220823_033000.WAV,Telephone Field,recover-20220825,002,1795
1310.1865,1310.2275,68437,82677,Rhinolophus ferrumequinum,0.024,0.024,-1,Echolocation,/mnt/ubna_data_01_mir/recover-20220825/UBNA_002/20220823_033000.WAV,Telephone Field,recover-20220825,002,1795
1310.2035,1310.241,68437,82095,Rhinolophus ferrumequinum,0.02,0.02,-1,Echolocation,/mnt/ubna_data_01_mir/recover-20220825/UBNA_002/20220823_033000.WAV,Telephone Field,recover-20220825,002,1795
1310.2125,1310.251,68437,81937,Rhinolophus ferrumequinum,0.02,0.02,-1,Echolocation,/mnt/ubna_data_01_mir/recover-20220825/UBNA_002/20220823_033000.WAV,Telephone Field,recover-20220825,002,1795
1310.2165,1310.2274,24609,31047,Nyctalus leisleri,0.011,0.028,-1,Echolocation,/mnt/ubna_data_01_mir/recover-20220825/UBNA_002/20220823_033000.WAV,Telephone Field,recover-20220825,002,1795
1310.2405,1310.2785,68437,81651,Rhinolophus ferrumequinum,0.024,0.024,-1,Echolocation,/mnt/ubna_data_01_mir/recover-20220825/UBNA_002/20220823_033000.WAV,Telephone Field,recover-20220825,002,1795
1310.2695,1310.3092,68437,82023,Rhinolophus ferrumequinum,0.022,0.022,-1,Echolocation,/mnt/ubna_data_01_mir/recover-20220825/UBNA_002/20220823_033000.WAV,Telephone Field,recover-20220825,002,1795
1310.2825,1310.317,68437,81200,Rhinolophus ferrumequinum,0.026,0.026,-1,Echolocation,/mnt/ubna_data_01_mir/recover-20220825/UBNA_002/20220823_033000.WAV,Telephone Field,recover-20220825,002,1795
1310.3115,1310.3528,68437,82332,Rhinolophus ferrumequinum,0.022,0.022,-1,Echolocation,/mnt/ubna_data_01_mir/recover-20220825/UBNA_002/20220823_033000.WAV,Telephone Field,recover-20220825,002,1795
1310.3165,1310.3557,68437,82319,Rhinolophus ferrumequinum,0.022,0.022,-1,Echolocation,/mnt/ubna_data_01_mir/recover-20220825/UBNA_002/20220823_033000.WAV,Telephone Field,recover-20220825,002,1795
1310.3335,1310.3414,28046,41537,Eptesicus serotinus,0.008,0.022,-1,Echolocation,/mnt/ubna_data_01_mir/recover-20220825/UBNA_002/20220823_033000.WAV,Telephone Field,recover-20220825,002,1795
1310.3355,1310.3767,68437,82921,Rhinolophus ferrumequinum,0.032,0.032,-1,Echolocation,/mnt/ubna_data_01_mir/recover-20220825/UBNA_002/20220823_033000.WAV,Telephone Field,recover-20220825,002,1795
1310.3675,1310.4119,68437,83246,Rhinolophus ferrumequinum,0.025,0.025,-1,Echolocation,/mnt/ubna_data_01_mir/recover-20220825/UBNA_002/20220823_033000.WAV,Telephone Field,recover-20220825,002,1795
1310.3915,1310.433,68437,82494,Rhinolophus ferrumequinum,0.026,0.026,-1,Echolocation,/mnt/ubna_data_01_mir/recover-20220825/UBNA_002/20220823_033000.WAV,Telephone Field,recover-20220825,002,1795
1310.3945,1310.4027,27187,42325,Eptesicus serotinus,0.008,0.02,-1,Echolocation,/mnt/ubna_data_01_mir/recover-20220825/UBNA_002/20220823_033000.WAV,Telephone Field,recover-20220825,002,1795
1310.4115,1310.4179,49531,54928,Pipistrellus pipistrellus,0.024,0.025,-1,Echolocation,/mnt/ubna_data_01_mir/recover-20220825/UBNA_002/20220823_033000.WAV,Telephone Field,recover-20220825,002,1795
1310.4125,1310.4516,68437,82426,Rhinolophus ferrumequinum,0.025,0.025,-1,Echolocation,/mnt/ubna_data_01_mir/recover-20220825/UBNA_002/20220823_033000.WAV,Telephone Field,recover-20220825,002,1795
1310.4395,1310.451,22031,27173,Nyctalus leisleri,0.01,0.022,-1,Echolocation,/mnt/ubna_data_01_mir/recover-20220825/UBNA_002/20220823_033000.WAV,Telephone Field,recover-20220825,002,1795
1310.5145,1310.5252,26328,33623,Eptesicus serotinus,0.012,0.025,-1,Echolocation,/mnt/ubna_data_01_mir/recover-20220825/UBNA_002/20220823_033000.WAV,Telephone Field,recover-20220825,002,1795
1310.5425,1310.5823,68437,82027,Rhinolophus ferrumequinum,0.026,0.026,-1,Echolocation,/mnt/ubna_data_01_mir/recover-20220825/UBNA_002/20220823_033000.WAV,Telephone Field,recover-20220825,002,1795
1310.5515,1310.5946,68437,83094,Rhinolophus ferrumequinum,0.024,0.024,-1,Echolocation,/mnt/ubna_data_01_mir/recover-20220825/UBNA_002/20220823_033000.WAV,Telephone Field,recover-20220825,002,1795
1310.5785,1310.5877,25468,33498,Eptesicus serotinus,0.01,0.027,-1,Echolocation,/mnt/ubna_data_01_mir/recover-20220825/UBNA_002/20220823_033000.WAV,Telephone Field,recover-20220825,002,1795
1310.5885,1310.5981,22890,28954,Nyctalus leisleri,0.01,0.025,-1,Echolocation,/mnt/ubna_data_01_mir/recover-20220825/UBNA_002/20220823_033000.WAV,Telephone Field,recover-20220825,002,1795
1310.6175,1310.6575,68437,82748,Rhinolophus ferrumequinum,0.025,0.025,-1,Echolocation,/mnt/ubna_data_01_mir/recover-20220825/UBNA_002/20220823_033000.WAV,Telephone Field,recover-20220825,002,1795
1310.6475,1310.6884,68437,82133,Rhinolophus ferrumequinum,0.025,0.025,-1,Echolocation,/mnt/ubna_data_01_mir/recover-20220825/UBNA_002/20220823_033000.WAV,Telephone Field,recover-20220825,002,1795
1310.6705,1310.7095,68437,82030,Rhinolophus ferrumequinum,0.02,0.02,-1,Echolocation,/mnt/ubna_data_01_mir/recover-20220825/UBNA_002/20220823_033000.WAV,Telephone Field,recover-20220825,002,1795
1310.6965,1310.7053,44375,52712,Pipistrellus pipistrellus,0.018,0.021,-1,Echolocation,/mnt/ubna_data_01_mir/recover-20220825/UBNA_002/20220823_033000.WAV,Telephone Field,recover-20220825,002,1795
1310.7045,1310.7436,68437,81799,Rhinolophus ferrumequinum,0.04,0.04,-1,Echolocation,/mnt/ubna_data_01_mir/recover-20220825/UBNA_002/20220823_033000.WAV,Telephone Field,recover-20220825,002,1795
1310.7115,1310.7207,22890,29395,Nyctalus leisleri,0.007,0.022,-1,Echolocation,/mnt/ubna_data_01_mir/recover-20220825/UBNA_002/20220823_033000.WAV,Telephone Field,recover-20220825,002,1795
1310.7255,1310.7652,68437,82267,Rhinolophus ferrumequinum,0.021,0.021,-1,Echolocation,/mnt/ubna_data_01_mir/recover-20220825/UBNA_002/20220823_033000.WAV,Telephone Field,recover-20220825,002,1795
1310.7415,1310.7494,27187,38608,Eptesicus serotinus,0.008,0.022,-1,Echolocation,/mnt/ubna_data_01_mir/recover-20220825/UBNA_002/20220823_033000.WAV,Telephone Field,recover-20220825,002,1795
1310.7465,1310.7872,68437,82689,Rhinolophus ferrumequinum,0.024,0.024,-1,Echolocation,/mnt/ubna_data_01_mir/recover-20220825/UBNA_002/20220823_033000.WAV,Telephone Field,recover-20220825,002,1795
1310.7765,1310.784,27187,38172,Eptesicus serotinus,0.006,0.022,-1,Echolocation,/mnt/ubna_data_01_mir/recover-20220825/UBNA_002/20220823_033000.WAV,Telephone Field,recover-20220825,002,1795
1310.7855,1310.7948,24609,31812,Eptesicus serotinus,0.006,0.021,-1,Echolocation,/mnt/ubna_data_01_mir/recover-20220825/UBNA_002/20220823_033000.WAV,Telephone Field,recover-20220825,002,1795
1310.8275,1310.8327,40937,60964,Myotis mystacinus,0.006,0.02,-1,Echolocation,/mnt/ubna_data_01_mir/recover-20220825/UBNA_002/20220823_033000.WAV,Telephone Field,recover-20220825,002,1795
1310.8465,1310.8874,68437,82639,Rhinolophus ferrumequinum,0.022,0.022,-1,Echolocation,/mnt/ubna_data_01_mir/recover-20220825/UBNA_002/20220823_033000.WAV,Telephone Field,recover-20220825,002,1795
1310.8545,1310.8643,28046,35775,Eptesicus serotinus,0.011,0.025,-1,Echolocation,/mnt/ubna_data_01_mir/recover-20220825/UBNA_002/20220823_033000.WAV,Telephone Field,recover-20220825,002,1795
1310.8855,1310.9216,68437,80977,Rhinolophus ferrumequinum,0.023,0.023,-1,Echolocation,/mnt/ubna_data_01_mir/recover-20220825/UBNA_002/20220823_033000.WAV,Telephone Field,recover-20220825,002,1795
1310.8895,1310.9006,26328,34140,Eptesicus serotinus,0.015,0.038,-1,Echolocation,/mnt/ubna_data_01_mir/recover-20220825/UBNA_002/20220823_033000.WAV,Telephone Field,recover-20220825,002,1795
1310.8975,1310.9328,68437,81402,Rhinolophus ferrumequinum,0.021,0.021,-1,Echolocation,/mnt/ubna_data_01_mir/recover-20220825/UBNA_002/20220823_033000.WAV,Telephone Field,recover-20220825,002,1795
1310.9275,1310.9694,68437,81870,Rhinolophus ferrumequinum,0.023,0.023,-1,Echolocation,/mnt/ubna_data_01_mir/recover-20220825/UBNA_002/20220823_033000.WAV,Telephone Field,recover-20220825,002,1795
1310.9705,1311.0061,68437,81765,Rhinolophus ferrumequinum,0.024,0.024,-1,Echolocation,/mnt/ubna_data_01_mir/recover-20220825/UBNA_002/20220823_033000.WAV,Telephone Field,recover-20220825,002,1795
1310.9775,1311.0135,68437,82024,Rhinolophus ferrumequinum,0.02,0.02,-1,Echolocation,/mnt/ubna_data_01_mir/recover-20220825/UBNA_002/20220823_033000.WAV,Telephone Field,recover-20220825,002,1795
1310.9955,1311.0037,24609,32967,Plecotus austriacus,0.005,0.021,-1,Echolocation,/mnt/ubna_data_01_mir/recover-20220825/UBNA_002/20220823_033000.WAV,Telephone Field,recover-20220825,002,1795
1311.0555,1311.0663,27187,34009,Eptesicus serotinus,0.016,0.031,-1,Echolocation,/mnt/ubna_data_01_mir/recover-20220825/UBNA_002/20220823_033000.WAV,Telephone Field,recover-20220825,002,1795
1311.0985,1311.1061,27187,39816,Eptesicus serotinus,0.007,0.022,-1,Echolocation,/mnt/ubna_data_01_mir/recover-20220825/UBNA_002/20220823_033000.WAV,Telephone Field,recover-20220825,002,1795
1311.1005,1311.1413,68437,82441,Rhinolophus ferrumequinum,0.024,0.024,-1,Echolocation,/mnt/ubna_data_01_mir/recover-20220825/UBNA_002/20220823_033000.WAV,Telephone Field,recover-20220825,002,1795
1311.1255,1311.1331,27187,39632,Eptesicus serotinus,0.008,0.023,-1,Echolocation,/mnt/ubna_data_01_mir/recover-20220825/UBNA_002/20220823_033000.WAV,Telephone Field,recover-20220825,002,1795
1311.1275,1311.1657,68437,81996,Rhinolophus ferrumequinum,0.025,0.025,-1,Echolocation,/mnt/ubna_data_01_mir/recover-20220825/UBNA_002/20220823_033000.WAV,Telephone Field,recover-20220825,002,1795
1311.1375,1311.152,22890,26940,Nyctalus leisleri,0.021,0.037,-1,Echolocation,/mnt/ubna_data_01_mir/recover-20220825/UBNA_002/20220823_033000.WAV,Telephone Field,recover-20220825,002,1795
1311.1545,1311.166,22031,26177,Nyctalus leisleri,0.012,0.022,-1,Echolocation,/mnt/ubna_data_01_mir/recover-20220825/UBNA_002/20220823_033000.WAV,Telephone Field,recover-20220825,002,1795
1311.1575,1311.1986,68437,82511,Rhinolophus ferrumequinum,0.021,0.021,-1,Echolocation,/mnt/ubna_data_01_mir/recover-20220825/UBNA_002/20220823_033000.WAV,Telephone Field,recover-20220825,002,1795
1311.1965,1311.204,25468,34893,Eptesicus serotinus,0.005,0.021,-1,Echolocation,/mnt/ubna_data_01_mir/recover-20220825/UBNA_002/20220823_033000.WAV,Telephone Field,recover-20220825,002,1795
1311.2105,1311.2188,28046,39435,Eptesicus serotinus,0.007,0.022,-1,Echolocation,/mnt/ubna_data_01_mir/recover-20220825/UBNA_002/20220823_033000.WAV,Telephone Field,recover-20220825,002,1795
1311.2275,1311.2351,28046,39529,Eptesicus serotinus,0.007,0.022,-1,Echolocation,/mnt/ubna_data_01_mir/recover-20220825/UBNA_002/20220823_033000.WAV,Telephone Field,recover-20220825,002,1795
1311.3055,1311.3163,23750,30471,Nyctalus leisleri,0.008,0.022,-1,Echolocation,/mnt/ubna_data_01_mir/recover-20220825/UBNA_002/20220823_033000.WAV,Telephone Field,recover-20220825,002,1795
1311.3115,1311.3229,24609,30460,Nyctalus leisleri,0.009,0.022,-1,Echolocation,/mnt/ubna_data_01_mir/recover-20220825/UBNA_002/20220823_033000.WAV,Telephone Field,recover-20220825,002,1795
1311.3315,1311.369,68437,81728,Rhinolophus ferrumequinum,0.021,0.021,-1,Echolocation,/mnt/ubna_data_01_mir/recover-20220825/UBNA_002/20220823_033000.WAV,Telephone Field,recover-20220825,002,1795
1311.3415,1311.3485,27187,41483,Eptesicus serotinus,0.006,0.024,-1,Echolocation,/mnt/ubna_data_01_mir/recover-20220825/UBNA_002/20220823_033000.WAV,Telephone Field,recover-20220825,002,1795
1311.4075,1311.446,68437,81660,Rhinolophus ferrumequinum,0.021,0.021,-1,Echolocation,/mnt/ubna_data_01_mir/recover-20220825/UBNA_002/20220823_033000.WAV,Telephone Field,recover-20220825,002,1795
1311.4455,1311.4525,28046,37848,Eptesicus serotinus,0.007,0.021,-1,Echolocation,/mnt/ubna_data_01_mir/recover-20220825/UBNA_002/20220823_033000.WAV,Telephone Field,recover-20220825,002,1795
1311.4805,1311.4882,28046,38639,Eptesicus serotinus,0.006,0.021,-1,Echolocation,/mnt/ubna_data_01_mir/recover-20220825/UBNA_002/20220823_033000.WAV,Telephone Field,recover-20220825,002,1795
1311.5015,1311.5125,22890,27036,Nyctalus leisleri,0.011,0.02,-1,Echolocation,/mnt/ubna_data_01_mir/recover-20220825/UBNA_002/20220823_033000.WAV,Telephone Field,recover-20220825,002,1795
1311.5205,1311.5569,68437,81526,Rhinolophus ferrumequinum,0.021,0.021,-1,Echolocation,/mnt/ubna_data_01_mir/recover-20220825/UBNA_002/20220823_033000.WAV,Telephone Field,recover-20220825,002,1795
1311.5485,1311.5551,28046,41218,Myotis daubentonii,0.007,0.028,-1,Echolocation,/mnt/ubna_data_01_mir/recover-20220825/UBNA_002/20220823_033000.WAV,Telephone Field,recover-20220825,002,1795
1311.5855,1311.5962,41796,44344,Pipistrellus pipistrellus,0.018,0.024,-1,Echolocation,/mnt/ubna_data_01_mir/recover-20220825/UBNA_002/20220823_033000.WAV,Telephone Field,recover-20220825,002,1795
1311.5875,1311.6282,68437,82307,Rhinolophus ferrumequinum,0.023,0.023,-1,Echolocation,/mnt/ubna_data_01_mir/recover-20220825/UBNA_002/20220823_033000.WAV,Telephone Field,recover-20220825,002,1795
1311.6305,1311.6699,68437,82020,Rhinolophus ferrumequinum,0.021,0.021,-1,Echolocation,/mnt/ubna_data_01_mir/recover-20220825/UBNA_002/20220823_033000.WAV,Telephone Field,recover-20220825,002,1795
1311.6375,1311.6486,42656,46007,Pipistrellus pipistrellus,0.026,0.032,-1,Echolocation,/mnt/ubna_data_01_mir/recover-20220825/UBNA_002/20220823_033000.WAV,Telephone Field,recover-20220825,002,1795
1311.6405,1311.6788999999999,68437,81600,Rhinolophus ferrumequinum,0.02,0.02,-1,Echolocation,/mnt/ubna_data_01_mir/recover-20220825/UBNA_002/20220823_033000.WAV,Telephone Field,recover-20220825,002,1795
1311.6715,1311.6787,24609,33504,Plecotus austriacus,0.008,0.023,-1,Echolocation,/mnt/ubna_data_01_mir/recover-20220825/UBNA_002/20220823_033000.WAV,Telephone Field,recover-20220825,002,1795
1311.7005,1311.7097,28046,36550,Eptesicus serotinus,0.008,0.02,-1,Echolocation,/mnt/ubna_data_01_mir/recover-20220825/UBNA_002/20220823_033000.WAV,Telephone Field,recover-20220825,002,1795
1311.7015,1311.7419,68437,82630,Rhinolophus ferrumequinum,0.034,0.034,-1,Echolocation,/mnt/ubna_data_01_mir/recover-20220825/UBNA_002/20220823_033000.WAV,Telephone Field,recover-20220825,002,1795
1311.7095,1311.7541,68437,83520,Rhinolophus ferrumequinum,0.038,0.038,-1,Echolocation,/mnt/ubna_data_01_mir/recover-20220825/UBNA_002/20220823_033000.WAV,Telephone Field,recover-20220825,002,1795
1311.7345,1311.7422,27187,38016,Eptesicus serotinus,0.007,0.023,-1,Echolocation,/mnt/ubna_data_01_mir/recover-20220825/UBNA_002/20220823_033000.WAV,Telephone Field,recover-20220825,002,1795
1311.7565,1311.7646,26328,36158,Eptesicus serotinus,0.008,0.022,-1,Echolocation,/mnt/ubna_data_01_mir/recover-20220825/UBNA_002/20220823_033000.WAV,Telephone Field,recover-20220825,002,1795
1311.7875,1311.824,68437,81314,Rhinolophus ferrumequinum,0.021,0.021,-1,Echolocation,/mnt/ubna_data_01_mir/recover-20220825/UBNA_002/20220823_033000.WAV,Telephone Field,recover-20220825,002,1795
1311.8515,1311.8949,68437,82741,Rhinolophus ferrumequinum,0.025,0.025,-1,Echolocation,/mnt/ubna_data_01_mir/recover-20220825/UBNA_002/20220823_033000.WAV,Telephone Field,recover-20220825,002,1795
1311.8695,1311.8748,39218,56273,Myotis mystacinus,0.007,0.023,-1,Echolocation,/mnt/ubna_data_01_mir/recover-20220825/UBNA_002/20220823_033000.WAV,Telephone Field,recover-20220825,002,1795
1311.8805,1311.893,37500,40986,Pipistrellus nathusii,0.008,0.024,-1,Echolocation,/mnt/ubna_data_01_mir/recover-20220825/UBNA_002/20220823_033000.WAV,Telephone Field,recover-20220825,002,1795
1311.9305,1311.9703,68437,82667,Rhinolophus ferrumequinum,0.027,0.027,-1,Echolocation,/mnt/ubna_data_01_mir/recover-20220825/UBNA_002/20220823_033000.WAV,Telephone Field,recover-20220825,002,1795
1311.9375,1311.9442,23750,37749,Myotis nattereri,0.009,0.027,-1,Echolocation,/mnt/ubna_data_01_mir/recover-20220825/UBNA_002/20220823_033000.WAV,Telephone Field,recover-20220825,002,1795
1311.9465,1311.9862,68437,82208,Rhinolophus ferrumequinum,0.025,0.025,-1,Echolocation,/mnt/ubna_data_01_mir/recover-20220825/UBNA_002/20220823_033000.WAV,Telephone Field,recover-20220825,002,1795
1311.9575,1311.9957,68437,81606,Rhinolophus ferrumequinum,0.02,0.02,-1,Echolocation,/mnt/ubna_data_01_mir/recover-20220825/UBNA_002/20220823_033000.WAV,Telephone Field,recover-20220825,002,1795
1311.9635,1311.9696,28046,39597,Eptesicus serotinus,0.008,0.033,-1,Echolocation,/mnt/ubna_data_01_mir/recover-20220825/UBNA_002/20220823_033000.WAV,Telephone Field,recover-20220825,002,1795
1312.0015,1312.0107,47812,55778,Pipistrellus pipistrellus,0.018,0.025,-1,Echolocation,/mnt/ubna_data_01_mir/recover-20220825/UBNA_002/20220823_033000.WAV,Telephone Field,recover-20220825,002,1795
1312.0015,1312.0108,24609,31076,Nyctalus leisleri,0.014,0.034,-1,Echolocation,/mnt/ubna_data_01_mir/recover-20220825/UBNA_002/20220823_033000.WAV,Telephone Field,recover-20220825,002,1795
1312.0015,1312.0308,69296,82534,Rhinolophus ferrumequinum,0.028,0.028,-1,Echolocation,/mnt/ubna_data_01_mir/recover-20220825/UBNA_002/20220823_033000.WAV,Telephone Field,recover-20220825,002,1795
1312.0285,1312.0697,68437,83124,Rhinolophus ferrumequinum,0.022,0.023,-1,Echolocation,/mnt/ubna_data_01_mir/recover-20220825/UBNA_002/20220823_033000.WAV,Telephone Field,recover-20220825,002,1795
1312.0705,1312.1113,68437,82732,Rhinolophus ferrumequinum,0.026,0.026,-1,Echolocation,/mnt/ubna_data_01_mir/recover-20220825/UBNA_002/20220823_033000.WAV,Telephone Field,recover-20220825,002,1795
1312.0885,1312.128,68437,82313,Rhinolophus ferrumequinum,0.021,0.021,-1,Echolocation,/mnt/ubna_data_01_mir/recover-20220825/UBNA_002/20220823_033000.WAV,Telephone Field,recover-20220825,002,1795
1312.1185,1312.1553,68437,80954,Rhinolophus ferrumequinum,0.024,0.025,-1,Echolocation,/mnt/ubna_data_01_mir/recover-20220825/UBNA_002/20220823_033000.WAV,Telephone Field,recover-20220825,002,1795
1312.1285,1312.1434,26328,30907,Nyctalus leisleri,0.024,0.056,-1,Echolocation,/mnt/ubna_data_01_mir/recover-20220825/UBNA_002/20220823_033000.WAV,Telephone Field,recover-20220825,002,1795
1312.1435,1312.1812,68437,82395,Rhinolophus ferrumequinum,0.022,0.022,-1,Echolocation,/mnt/ubna_data_01_mir/recover-20220825/UBNA_002/20220823_033000.WAV,Telephone Field,recover-20220825,002,1795
1312.1565,1312.1948,68437,81519,Rhinolophus ferrumequinum,0.022,0.022,-1,Echolocation,/mnt/ubna_data_01_mir/recover-20220825/UBNA_002/20220823_033000.WAV,Telephone Field,recover-20220825,002,1795
1312.1715,1312.179,25468,34433,Eptesicus serotinus,0.006,0.021,-1,Echolocation,/mnt/ubna_data_01_mir/recover-20220825/UBNA_002/20220823_033000.WAV,Telephone Field,recover-20220825,002,1795
1312.1755,1312.2173,68437,83129,Rhinolophus ferrumequinum,0.038,0.038,-1,Echolocation,/mnt/ubna_data_01_mir/recover-20220825/UBNA_002/20220823_033000.WAV,Telephone Field,recover-20220825,002,1795
1312.2275,1312.2381,14296,22418,Nyctalus noctula,0.01,0.02,-1,Echolocation,/mnt/ubna_data_01_mir/recover-20220825/UBNA_002/20220823_033000.WAV,Telephone Field,recover-20220825,002,1795
1312.2525,1312.27,20312,23501,Nyctalus leisleri,0.011,0.021,-1,Echolocation,/mnt/ubna_data_01_mir/recover-20220825/UBNA_002/20220823_033000.WAV,Telephone Field,recover-20220825,002,1795
1312.2985,1312.3359,68437,81632,Rhinolophus ferrumequinum,0.021,0.021,-1,Echolocation,/mnt/ubna_data_01_mir/recover-20220825/UBNA_002/20220823_033000.WAV,Telephone Field,recover-20220825,002,1795
1312.3095,1312.3489,68437,82632,Rhinolophus ferrumequinum,0.023,0.023,-1,Echolocation,/mnt/ubna_data_01_mir/recover-20220825/UBNA_002/20220823_033000.WAV,Telephone Field,recover-20220825,002,1795
1312.3375,1312.3728,68437,80927,Rhinolophus ferrumequinum,0.02,0.021,-1,Echolocation,/mnt/ubna_data_01_mir/recover-20220825/UBNA_002/20220823_033000.WAV,Telephone Field,recover-20220825,002,1795
1312.3465,1312.3529,23750,35738,Plecotus austriacus,0.013,0.029,-1,Echolocation,/mnt/ubna_data_01_mir/recover-20220825/UBNA_002/20220823_033000.WAV,Telephone Field,recover-20220825,002,1795
1312.3685,1312.3799,34062,38445,Barbastellus barbastellus,0.013,0.043,-1,Echolocation,/mnt/ubna_data_01_mir/recover-20220825/UBNA_002/20220823_033000.WAV,Telephone Field,recover-20220825,002,1795
1312.3685,1312.377,27187,38441,Eptesicus serotinus,0.01,0.027,-1,Echolocation,/mnt/ubna_data_01_mir/recover-20220825/UBNA_002/20220823_033000.WAV,Telephone Field,recover-20220825,002,1795
1312.3695,1312.4052,68437,81474,Rhinolophus ferrumequinum,0.021,0.021,-1,Echolocation,/mnt/ubna_data_01_mir/recover-20220825/UBNA_002/20220823_033000.WAV,Telephone Field,recover-20220825,002,1795
1312.3845,1312.4205,68437,81531,Rhinolophus ferrumequinum,0.02,0.02,-1,Echolocation,/mnt/ubna_data_01_mir/recover-20220825/UBNA_002/20220823_033000.WAV,Telephone Field,recover-20220825,002,1795
1312.3995,1312.4065,28046,40725,Eptesicus serotinus,0.009,0.028,-1,Echolocation,/mnt/ubna_data_01_mir/recover-20220825/UBNA_002/20220823_033000.WAV,Telephone Field,recover-20220825,002,1795
1312.4075,1312.4448,68437,81545,Rhinolophus ferrumequinum,0.023,0.023,-1,Echolocation,/mnt/ubna_data_01_mir/recover-20220825/UBNA_002/20220823_033000.WAV,Telephone Field,recover-20220825,002,1795
1312.4305,1312.4699,68437,82031,Rhinolophus ferrumequinum,0.022,0.022,-1,Echolocation,/mnt/ubna_data_01_mir/recover-20220825/UBNA_002/20220823_033000.WAV,Telephone Field,recover-20220825,002,1795
1312.4945,1312.5322,68437,81694,Rhinolophus ferrumequinum,0.022,0.022,-1,Echolocation,/mnt/ubna_data_01_mir/recover-20220825/UBNA_002/20220823_033000.WAV,Telephone Field,recover-20220825,002,1795
1312.5025,1312.5079,46093,53605,Pipistrellus pipistrellus,0.037,0.04,-1,Echolocation,/mnt/ubna_data_01_mir/recover-20220825/UBNA_002/20220823_033000.WAV,Telephone Field,recover-20220825,002,1795
1312.5035,1312.5089,38359,60104,Myotis brandtii,0.008,0.023,-1,Echolocation,/mnt/ubna_data_01_mir/recover-20220825/UBNA_002/20220823_033000.WAV,Telephone Field,recover-20220825,002,1795
1312.5355,1312.5751,68437,82292,Rhinolophus ferrumequinum,0.022,0.022,-1,Echolocation,/mnt/ubna_data_01_mir/recover-20220825/UBNA_002/20220823_033000.WAV,Telephone Field,recover-20220825,002,1795
1312.5605,1312.5705,27187,35354,Eptesicus serotinus,0.009,0.021,-1,Echolocation,/mnt/ubna_data_01_mir/recover-20220825/UBNA_002/20220823_033000.WAV,Telephone Field,recover-20220825,002,1795
1312.5675,1312.5783,22890,28393,Nyctalus leisleri,0.01,0.023,-1,Echolocation,/mnt/ubna_data_01_mir/recover-20220825/UBNA_002/20220823_033000.WAV,Telephone Field,recover-20220825,002,1795
1312.6025,1312.6409,68437,81919,Rhinolophus ferrumequinum,0.023,0.023,-1,Echolocation,/mnt/ubna_data_01_mir/recover-20220825/UBNA_002/20220823_033000.WAV,Telephone Field,recover-20220825,002,1795
1312.6085,1312.6177,26328,33957,Eptesicus serotinus,0.012,0.027,-1,Echolocation,/mnt/ubna_data_01_mir/recover-20220825/UBNA_002/20220823_033000.WAV,Telephone Field,recover-20220825,002,1795
1312.6445,1312.657,23750,29426,Nyctalus leisleri,0.012,0.029,-1,Echolocation,/mnt/ubna_data_01_mir/recover-20220825/UBNA_002/20220823_033000.WAV,Telephone Field,recover-20220825,002,1795
1312.6555,1312.6708,26328,30105,Nyctalus leisleri,0.017,0.036,-1,Echolocation,/mnt/ubna_data_01_mir/recover-20220825/UBNA_002/20220823_033000.WAV,Telephone Field,recover-20220825,002,1795
1312.6835,1312.6939,28046,37148,Eptesicus serotinus,0.01,0.023,-1,Echolocation,/mnt/ubna_data_01_mir/recover-20220825/UBNA_002/20220823_033000.WAV,Telephone Field,recover-20220825,002,1795
1312.6835,1312.7188,68437,81140,Rhinolophus ferrumequinum,0.021,0.021,-1,Echolocation,/mnt/ubna_data_01_mir/recover-20220825/UBNA_002/20220823_033000.WAV,Telephone Field,recover-20220825,002,1795
1312.7115,1312.7191,27187,44966,Eptesicus serotinus,0.01,0.029,-1,Echolocation,/mnt/ubna_data_01_mir/recover-20220825/UBNA_002/20220823_033000.WAV,Telephone Field,recover-20220825,002,1795
1312.7115,1312.7508,68437,81868,Rhinolophus ferrumequinum,0.022,0.022,-1,Echolocation,/mnt/ubna_data_01_mir/recover-20220825/UBNA_002/20220823_033000.WAV,Telephone Field,recover-20220825,002,1795
1312.7355,1312.7433,28046,38202,Eptesicus serotinus,0.006,0.02,-1,Echolocation,/mnt/ubna_data_01_mir/recover-20220825/UBNA_002/20220823_033000.WAV,Telephone Field,recover-20220825,002,1795
1312.7555,1312.7937,68437,82267,Rhinolophus ferrumequinum,0.022,0.022,-1,Echolocation,/mnt/ubna_data_01_mir/recover-20220825/UBNA_002/20220823_033000.WAV,Telephone Field,recover-20220825,002,1795
1312.7665,1312.8074,68437,82028,Rhinolophus ferrumequinum,0.02,0.02,-1,Echolocation,/mnt/ubna_data_01_mir/recover-20220825/UBNA_002/20220823_033000.WAV,Telephone Field,recover-20220825,002,1795
1312.7875,1312.8227,68437,81595,Rhinolophus ferrumequinum,0.021,0.022,-1,Echolocation,/mnt/ubna_data_01_mir/recover-20220825/UBNA_002/20220823_033000.WAV,Telephone Field,recover-20220825,002,1795
1312.8185,1312.8272,28046,39184,Eptesicus serotinus,0.01,0.025,-1,Echolocation,/mnt/ubna_data_01_mir/recover-20220825/UBNA_002/20220823_033000.WAV,Telephone Field,recover-20220825,002,1795
1312.8375,1312.8757,68437,81708,Rhinolophus ferrumequinum,0.024,0.024,-1,Echolocation,/mnt/ubna_data_01_mir/recover-20220825/UBNA_002/20220823_033000.WAV,Telephone Field,recover-20220825,002,1795
1312.8425,1312.8572,21171,24799,Nyctalus leisleri,0.012,0.02,-1,Echolocation,/mnt/ubna_data_01_mir/recover-20220825/UBNA_002/20220823_033000.WAV,Telephone Field,recover-20220825,002,1795
1312.8575,1312.8949,68437,81434,Rhinolophus ferrumequinum,0.021,0.022,-1,Echolocation,/mnt/ubna_data_01_mir/recover-20220825/UBNA_002/20220823_033000.WAV,Telephone Field,recover-20220825,002,1795
1312.8795,1312.9166,68437,82172,Rhinolophus ferrumequinum,0.022,0.022,-1,Echolocation,/mnt/ubna_data_01_mir/recover-20220825/UBNA_002/20220823_033000.WAV,Telephone Field,recover-20220825,002,1795
1312.8925,1312.9035,23750,29570,Nyctalus leisleri,0.009,0.021,-1,Echolocation,/mnt/ubna_data_01_mir/recover-20220825/UBNA_002/20220823_033000.WAV,Telephone Field,recover-20220825,002,1795
1312.9025,1312.9437,68437,82300,Rhinolophus ferrumequinum,0.026,0.026,-1,Echolocation,/mnt/ubna_data_01_mir/recover-20220825/UBNA_002/20220823_033000.WAV,Telephone Field,recover-20220825,002,1795
1312.9065,1312.9151,27187,36886,Eptesicus serotinus,0.008,0.021,-1,Echolocation,/mnt/ubna_data_01_mir/recover-20220825/UBNA_002/20220823_033000.WAV,Telephone Field,recover-20220825,002,1795
1312.9335,1312.975,68437,82897,Rhinolophus ferrumequinum,0.025,0.025,-1,Echolocation,/mnt/ubna_data_01_mir/recover-20220825/UBNA_002/20220823_033000.WAV,Telephone Field,recover-20220825,002,1795
1312.9595,1312.9989,68437,81572,Rhinolophus ferrumequinum,0.026,0.026,-1,Echolocation,/mnt/ubna_data_01_mir/recover-20220825/UBNA_002/20220823_033000.WAV,Telephone Field,recover-20220825,002,1795
1312.9685,1313.004,68437,80960,Rhinolophus ferrumequinum,0.023,0.023,-1,Echolocation,/mnt/ubna_data_01_mir/recover-20220825/UBNA_002/20220823_033000.WAV,Telephone Field,recover-20220825,002,1795
1312.9795,1312.9861,27187,38751,Eptesicus serotinus,0.006,0.023,-1,Echolocation,/mnt/ubna_data_01_mir/recover-20220825/UBNA_002/20220823_033000.WAV,Telephone Field,recover-20220825,002,1795
1313.0265,1313.0664,68437,82306,Rhinolophus ferrumequinum,0.024,0.024,-1,Echolocation,/mnt/ubna_data_01_mir/recover-20220825/UBNA_002/20220823_033000.WAV,Telephone Field,recover-20220825,002,1795
1313.0435,1313.0529,27187,35913,Eptesicus serotinus,0.009,0.021,-1,Echolocation,/mnt/ubna_data_01_mir/recover-20220825/UBNA_002/20220823_033000.WAV,Telephone Field,recover-20220825,002,1795
1313.0725,1313.1115,68437,82109,Rhinolophus ferrumequinum,0.024,0.024,-1,Echolocation,/mnt/ubna_data_01_mir/recover-20220825/UBNA_002/20220823_033000.WAV,Telephone Field,recover-20220825,002,1795
1313.0925,1313.104,22890,27181,Nyctalus leisleri,0.012,0.022,-1,Echolocation,/mnt/ubna_data_01_mir/recover-20220825/UBNA_002/20220823_033000.WAV,Telephone Field,recover-20220825,002,1795
1313.0965,1313.1356,68437,81923,Rhinolophus ferrumequinum,0.023,0.023,-1,Echolocation,/mnt/ubna_data_01_mir/recover-20220825/UBNA_002/20220823_033000.WAV,Telephone Field,recover-20220825,002,1795
1313.1065,1313.1449,68437,82311,Rhinolophus ferrumequinum,0.021,0.021,-1,Echolocation,/mnt/ubna_data_01_mir/recover-20220825/UBNA_002/20220823_033000.WAV,Telephone Field,recover-20220825,002,1795
1313.1345,1313.1698,68437,81496,Rhinolophus ferrumequinum,0.02,0.021,-1,Echolocation,/mnt/ubna_data_01_mir/recover-20220825/UBNA_002/20220823_033000.WAV,Telephone Field,recover-20220825,002,1795
1313.1415,1313.1738,68437,80914,Rhinolophus ferrumequinum,0.02,0.021,-1,Echolocation,/mnt/ubna_data_01_mir/recover-20220825/UBNA_002/20220823_033000.WAV,Telephone Field,recover-20220825,002,1795
1313.1895,1313.2288,68437,81720,Rhinolophus ferrumequinum,0.022,0.022,-1,Echolocation,/mnt/ubna_data_01_mir/recover-20220825/UBNA_002/20220823_033000.WAV,Telephone Field,recover-20220825,002,1795
1313.2525,1313.2859,68437,80678,Rhinolophus ferrumequinum,0.021,0.021,-1,Echolocation,/mnt/ubna_data_01_mir/recover-20220825/UBNA_002/20220823_033000.WAV,Telephone Field,recover-20220825,002,1795
1313.2695,1313.3054,68437,81409,Rhinolophus ferrumequinum,0.022,0.022,-1,Echolocation,/mnt/ubna_data_01_mir/recover-20220825/UBNA_002/20220823_033000.WAV,Telephone Field,recover-20220825,002,1795
1313.2975,1313.3379,68437,82492,Rhinolophus ferrumequinum,0.024,0.024,-1,Echolocation,/mnt/ubna_data_01_mir/recover-20220825/UBNA_002/20220823_033000.WAV,Telephone Field,recover-20220825,002,1795
1313.3175,1313.3551,68437,82113,Rhinolophus ferrumequinum,0.02,0.021,-1,Echolocation,/mnt/ubna_data_01_mir/recover-20220825/UBNA_002/20220823_033000.WAV,Telephone Field,recover-20220825,002,1795
1313.3375,1313.3768,68437,82749,Rhinolophus ferrumequinum,0.023,0.023,-1,Echolocation,/mnt/ubna_data_01_mir/recover-20220825/UBNA_002/20220823_033000.WAV,Telephone Field,recover-20220825,002,1795
1313.3695,1313.377,56406,61816,Pipistrellus pygmaeus,0.022,0.023,-1,Echolocation,/mnt/ubna_data_01_mir/recover-20220825/UBNA_002/20220823_033000.WAV,Telephone Field,recover-20220825,002,1795
1313.3965,1313.4345,68437,82189,Rhinolophus ferrumequinum,0.021,0.021,-1,Echolocation,/mnt/ubna_data_01_mir/recover-20220825/UBNA_002/20220823_033000.WAV,Telephone Field,recover-20220825,002,1795
1313.4365,1313.4743,68437,82126,Rhinolophus ferrumequinum,0.022,0.022,-1,Echolocation,/mnt/ubna_data_01_mir/recover-20220825/UBNA_002/20220823_033000.WAV,Telephone Field,recover-20220825,002,1795
1313.4615,1313.5028,68437,82908,Rhinolophus ferrumequinum,0.023,0.023,-1,Echolocation,/mnt/ubna_data_01_mir/recover-20220825/UBNA_002/20220823_033000.WAV,Telephone Field,recover-20220825,002,1795
1313.4795,1313.4873,28046,37148,Eptesicus serotinus,0.008,0.023,-1,Echolocation,/mnt/ubna_data_01_mir/recover-20220825/UBNA_002/20220823_033000.WAV,Telephone Field,recover-20220825,002,1795
1313.4895,1313.5232,68437,80762,Rhinolophus ferrumequinum,0.023,0.023,-1,Echolocation,/mnt/ubna_data_01_mir/recover-20220825/UBNA_002/20220823_033000.WAV,Telephone Field,recover-20220825,002,1795
1313.5035,1313.5134,52968,59573,Pipistrellus pipistrellus,0.015,0.026,-1,Echolocation,/mnt/ubna_data_01_mir/recover-20220825/UBNA_002/20220823_033000.WAV,Telephone Field,recover-20220825,002,1795
1313.5105,1313.5211,28906,37484,Eptesicus serotinus,0.013,0.027,-1,Echolocation,/mnt/ubna_data_01_mir/recover-20220825/UBNA_002/20220823_033000.WAV,Telephone Field,recover-20220825,002,1795
1313.5135,1313.5494,68437,81037,Rhinolophus ferrumequinum,0.022,0.022,-1,Echolocation,/mnt/ubna_data_01_mir/recover-20220825/UBNA_002/20220823_033000.WAV,Telephone Field,recover-20220825,002,1795
1313.6355,1313.6718,68437,81605,Rhinolophus ferrumequinum,0.023,0.023,-1,Echolocation,/mnt/ubna_data_01_mir/recover-20220825/UBNA_002/20220823_033000.WAV,Telephone Field,recover-20220825,002,1795
1313.6455,1313.6562,22890,27918,Nyctalus leisleri,0.011,0.023,-1,Echolocation,/mnt/ubna_data_01_mir/recover-20220825/UBNA_002/20220823_033000.WAV,Telephone Field,recover-20220825,002,1795
1313.6955,1313.7059,22031,26652,Nyctalus leisleri,0.009,0.021,-1,Echolocation,/mnt/ubna_data_01_mir/recover-20220825/UBNA_002/20220823_033000.WAV,Telephone Field,recover-20220825,002,1795
1313.6985,1313.7065,27187,39072,Eptesicus serotinus,0.007,0.025,-1,Echolocation,/mnt/ubna_data_01_mir/recover-20220825/UBNA_002/20220823_033000.WAV,Telephone Field,recover-20220825,002,1795
1313.7305,1313.7691,68437,82520,Rhinolophus ferrumequinum,0.021,0.021,-1,Echolocation,/mnt/ubna_data_01_mir/recover-20220825/UBNA_002/20220823_033000.WAV,Telephone Field,recover-20220825,002,1795
1313.7465,1313.7822,68437,80932,Rhinolophus ferrumequinum,0.022,0.022,-1,Echolocation,/mnt/ubna_data_01_mir/recover-20220825/UBNA_002/20220823_033000.WAV,Telephone Field,recover-20220825,002,1795
1313.8075,1313.8163,24609,32618,Nyctalus leisleri,0.007,0.024,-1,Echolocation,/mnt/ubna_data_01_mir/recover-20220825/UBNA_002/20220823_033000.WAV,Telephone Field,recover-20220825,002,1795
1313.8185,1313.857,68437,81690,Rhinolophus ferrumequinum,0.021,0.021,-1,Echolocation,/mnt/ubna_data_01_mir/recover-20220825/UBNA_002/20220823_033000.WAV,Telephone Field,recover-20220825,002,1795
1313.8265,1313.8659,68437,81907,Rhinolophus ferrumequinum,0.02,0.021,-1,Echolocation,/mnt/ubna_data_01_mir/recover-20220825/UBNA_002/20220823_033000.WAV,Telephone Field,recover-20220825,002,1795
1313.8805,1313.8903,44375,47541,Pipistrellus pipistrellus,0.025,0.027,-1,Echolocation,/mnt/ubna_data_01_mir/recover-20220825/UBNA_002/20220823_033000.WAV,Telephone Field,recover-20220825,002,1795
1313.8975,1313.9095,34062,38673,Pipistrellus nathusii,0.006,0.021,-1,Echolocation,/mnt/ubna_data_01_mir/recover-20220825/UBNA_002/20220823_033000.WAV,Telephone Field,recover-20220825,002,1795
1313.9455,1313.987,68437,82283,Rhinolophus ferrumequinum,0.028,0.028,-1,Echolocation,/mnt/ubna_data_01_mir/recover-20220825/UBNA_002/20220823_033000.WAV,Telephone Field,recover-20220825,002,1795
1313.9475,1313.9576,22890,27496,Nyctalus leisleri,0.01,0.021,-1,Echolocation,/mnt/ubna_data_01_mir/recover-20220825/UBNA_002/20220823_033000.WAV,Telephone Field,recover-20220825,002,1795
1314.0015,1314.0303,69296,81331,Rhinolophus ferrumequinum,0.023,0.023,-1,Echolocation,/mnt/ubna_data_01_mir/recover-20220825/UBNA_002/20220823_033000.WAV,Telephone Field,recover-20220825,002,1795
1314.0015,1314.0173,55546,62939,Pipistrellus pygmaeus,0.021,0.024,-1,Echolocation,/mnt/ubna_data_01_mir/recover-20220825/UBNA_002/20220823_033000.WAV,Telephone Field,recover-20220825,002,1795
1314.0015,1314.01,27187,37992,Eptesicus serotinus,0.007,0.024,-1,Echolocation,/mnt/ubna_data_01_mir/recover-20220825/UBNA_002/20220823_033000.WAV,Telephone Field,recover-20220825,002,1795
1314.0135,1314.0207,24609,33703,Plecotus austriacus,0.008,0.024,-1,Echolocation,/mnt/ubna_data_01_mir/recover-20220825/UBNA_002/20220823_033000.WAV,Telephone Field,recover-20220825,002,1795
1314.0155,1314.0548,68437,82761,Rhinolophus ferrumequinum,0.022,0.022,-1,Echolocation,/mnt/ubna_data_01_mir/recover-20220825/UBNA_002/20220823_033000.WAV,Telephone Field,recover-20220825,002,1795
1314.0265,1314.0687,68437,82356,Rhinolophus ferrumequinum,0.024,0.024,-1,Echolocation,/mnt/ubna_data_01_mir/recover-20220825/UBNA_002/20220823_033000.WAV,Telephone Field,recover-20220825,002,1795
1314.0295,1314.0373,27187,36980,Eptesicus serotinus,0.014,0.032,-1,Echolocation,/mnt/ubna_data_01_mir/recover-20220825/UBNA_002/20220823_033000.WAV,Telephone Field,recover-20220825,002,1795
1314.0385,1314.0487,22890,27756,Nyctalus leisleri,0.013,0.026,-1,Echolocation,/mnt/ubna_data_01_mir/recover-20220825/UBNA_002/20220823_033000.WAV,Telephone Field,recover-20220825,002,1795
1314.0495,1314.0673,49531,54101,Pipistrellus pipistrellus,0.045,0.056,-1,Echolocation,/mnt/ubna_data_01_mir/recover-20220825/UBNA_002/20220823_033000.WAV,Telephone Field,recover-20220825,002,1795
1314.1155,1314.1544,68437,81881,Rhinolophus ferrumequinum,0.032,0.032,-1,Echolocation,/mnt/ubna_data_01_mir/recover-20220825/UBNA_002/20220823_033000.WAV,Telephone Field,recover-20220825,002,1795
1314.1535,1314.1624,28046,39275,Eptesicus serotinus,0.008,0.021,-1,Echolocation,/mnt/ubna_data_01_mir/recover-20220825/UBNA_002/20220823_033000.WAV,Telephone Field,recover-20220825,002,1795
1314.1725,1314.2119,68437,82276,Rhinolophus ferrumequinum,0.023,0.023,-1,Echolocation,/mnt/ubna_data_01_mir/recover-20220825/UBNA_002/20220823_033000.WAV,Telephone Field,recover-20220825,002,1795
1314.2115,1314.25,68437,82241,Rhinolophus ferrumequinum,0.022,0.022,-1,Echolocation,/mnt/ubna_data_01_mir/recover-20220825/UBNA_002/20220823_033000.WAV,Telephone Field,recover-20220825,002,1795
1314.2315,1314.2406,22890,30411,Plecotus austriacus,0.014,0.031,-1,Echolocation,/mnt/ubna_data_01_mir/recover-20220825/UBNA_002/20220823_033000.WAV,Telephone Field,recover-20220825,002,1795
1314.2325,1314.2399,28906,39500,Eptesicus serotinus,0.008,0.027,-1,Echolocation,/mnt/ubna_data_01_mir/recover-20220825/UBNA_002/20220823_033000.WAV,Telephone Field,recover-20220825,002,1795
1314.2325,1314.2779,68437,83235,Rhinolophus ferrumequinum,0.037,0.037,-1,Echolocation,/mnt/ubna_data_01_mir/recover-20220825/UBNA_002/20220823_033000.WAV,Telephone Field,recover-20220825,002,1795
1314.2505,1314.2915,68437,82900,Rhinolophus ferrumequinum,0.032,0.032,-1,Echolocation,/mnt/ubna_data_01_mir/recover-20220825/UBNA_002/20220823_033000.WAV,Telephone Field,recover-20220825,002,1795
1314.2795,1314.2898,28906,36739,Eptesicus serotinus,0.012,0.025,-1,Echolocation,/mnt/ubna_data_01_mir/recover-20220825/UBNA_002/20220823_033000.WAV,Telephone Field,recover-20220825,002,1795
1314.2795,1314.318,68437,81951,Rhinolophus ferrumequinum,0.022,0.022,-1,Echolocation,/mnt/ubna_data_01_mir/recover-20220825/UBNA_002/20220823_033000.WAV,Telephone Field,recover-20220825,002,1795
1314.3025,1314.3087,27187,36515,Eptesicus serotinus,0.005,0.021,-1,Echolocation,/mnt/ubna_data_01_mir/recover-20220825/UBNA_002/20220823_033000.WAV,Telephone Field,recover-20220825,002,1795
1314.3295,1314.3676,68437,81593,Rhinolophus ferrumequinum,0.022,0.022,-1,Echolocation,/mnt/ubna_data_01_mir/recover-20220825/UBNA_002/20220823_033000.WAV,Telephone Field,recover-20220825,002,1795
1314.3695,1314.4078,68437,82404,Rhinolophus ferrumequinum,0.021,0.021,-1,Echolocation,/mnt/ubna_data_01_mir/recover-20220825/UBNA_002/20220823_033000.WAV,Telephone Field,recover-20220825,002,1795
1314.3925,1314.3996,24609,32783,Plecotus austriacus,0.009,0.022,-1,Echolocation,/mnt/ubna_data_01_mir/recover-20220825/UBNA_002/20220823_033000.WAV,Telephone Field,recover-20220825,002,1795
1314.3995,1314.4391,68437,82257,Rhinolophus ferrumequinum,0.024,0.025,-1,Echolocation,/mnt/ubna_data_01_mir/recover-20220825/UBNA_002/20220823_033000.WAV,Telephone Field,recover-20220825,002,1795
1314.4255,1314.4671,68437,82792,Rhinolophus ferrumequinum,0.035,0.035,-1,Echolocation,/mnt/ubna_data_01_mir/recover-20220825/UBNA_002/20220823_033000.WAV,Telephone Field,recover-20220825,002,1795
1314.4365,1314.4451,25468,33473,Eptesicus serotinus,0.009,0.025,-1,Echolocation,/mnt/ubna_data_01_mir/recover-20220825/UBNA_002/20220823_033000.WAV,Telephone Field,recover-20220825,002,1795
1314.4525,1314.4924,68437,82724,Rhinolophus ferrumequinum,0.022,0.022,-1,Echolocation,/mnt/ubna_data_01_mir/recover-20220825/UBNA_002/20220823_033000.WAV,Telephone Field,recover-20220825,002,1795
1314.4785,1314.5155,68437,81529,Rhinolophus ferrumequinum,0.024,0.024,-1,Echolocation,/mnt/ubna_data_01_mir/recover-20220825/UBNA_002/20220823_033000.WAV,Telephone Field,recover-20220825,002,1795
1314.5025,1314.5134,22890,29374,Nyctalus leisleri,0.012,0.031,-1,Echolocation,/mnt/ubna_data_01_mir/recover-20220825/UBNA_002/20220823_033000.WAV,Telephone Field,recover-20220825,002,1795
1314.5365,1314.5456,25468,33330,Eptesicus serotinus,0.008,0.021,-1,Echolocation,/mnt/ubna_data_01_mir/recover-20220825/UBNA_002/20220823_033000.WAV,Telephone Field,recover-20220825,002,1795
1314.5775,1314.6155,68437,82207,Rhinolophus ferrumequinum,0.021,0.021,-1,Echolocation,/mnt/ubna_data_01_mir/recover-20220825/UBNA_002/20220823_033000.WAV,Telephone Field,recover-20220825,002,1795
1314.6125,1314.6219,28906,37705,Eptesicus serotinus,0.008,0.022,-1,Echolocation,/mnt/ubna_data_01_mir/recover-20220825/UBNA_002/20220823_033000.WAV,Telephone Field,recover-20220825,002,1795
1314.6825,1314.7192,68437,81135,Rhinolophus ferrumequinum,0.021,0.021,-1,Echolocation,/mnt/ubna_data_01_mir/recover-20220825/UBNA_002/20220823_033000.WAV,Telephone Field,recover-20220825,002,1795
1314.6895,1314.726,68437,81410,Rhinolophus ferrumequinum,0.022,0.022,-1,Echolocation,/mnt/ubna_data_01_mir/recover-20220825/UBNA_002/20220823_033000.WAV,Telephone Field,recover-20220825,002,1795
1314.7235,1314.7604,68437,81697,Rhinolophus ferrumequinum,0.021,0.021,-1,Echolocation,/mnt/ubna_data_01_mir/recover-20220825/UBNA_002/20220823_033000.WAV,Telephone Field,recover-20220825,002,1795
1314.7485,1314.7567,24609,32263,Plecotus austriacus,0.006,0.023,-1,Echolocation,/mnt/ubna_data_01_mir/recover-20220825/UBNA_002/20220823_033000.WAV,Telephone Field,recover-20220825,002,1795
1314.7545,1314.7908,68437,81582,Rhinolophus ferrumequinum,0.022,0.022,-1,Echolocation,/mnt/ubna_data_01_mir/recover-20220825/UBNA_002/20220823_033000.WAV,Telephone Field,recover-20220825,002,1795
1314.7605,1314.7983,68437,81409,Rhinolophus ferrumequinum,0.021,0.021,-1,Echolocation,/mnt/ubna_data_01_mir/recover-20220825/UBNA_002/20220823_033000.WAV,Telephone Field,recover-20220825,002,1795
1314.7815,1314.819,68437,81312,Rhinolophus ferrumequinum,0.022,0.022,-1,Echolocation,/mnt/ubna_data_01_mir/recover-20220825/UBNA_002/20220823_033000.WAV,Telephone Field,recover-20220825,002,1795
1314.7905,1314.8309,68437,82715,Rhinolophus ferrumequinum,0.023,0.023,-1,Echolocation,/mnt/ubna_data_01_mir/recover-20220825/UBNA_002/20220823_033000.WAV,Telephone Field,recover-20220825,002,1795
1314.7995,1314.8063,24609,36508,Plecotus austriacus,0.008,0.025,-1,Echolocation,/mnt/ubna_data_01_mir/recover-20220825/UBNA_002/20220823_033000.WAV,Telephone Field,recover-20220825,002,1795
1314.8225,1314.8592,68437,80756,Rhinolophus ferrumequinum,0.023,0.023,-1,Echolocation,/mnt/ubna_data_01_mir/recover-20220825/UBNA_002/20220823_033000.WAV,Telephone Field,recover-20220825,002,1795
1314.8665,1314.9057,68437,82238,Rhinolophus ferrumequinum,0.022,0.022,-1,Echolocation,/mnt/ubna_data_01_mir/recover-20220825/UBNA_002/20220823_033000.WAV,Telephone Field,recover-20220825,002,1795
1314.8675,1314.8794,22890,28615,Nyctalus leisleri,0.013,0.028,-1,Echolocation,/mnt/ubna_data_01_mir/recover-20220825/UBNA_002/20220823_033000.WAV,Telephone Field,recover-20220825,002,1795
1314.9055,1314.9457,68437,82718,Rhinolophus ferrumequinum,0.022,0.022,-1,Echolocation,/mnt/ubna_data_01_mir/recover-20220825/UBNA_002/20220823_033000.WAV,Telephone Field,recover-20220825,002,1795
1314.9155,1314.9555,68437,82257,Rhinolophus ferrumequinum,0.022,0.022,-1,Echolocation,/mnt/ubna_data_01_mir/recover-20220825/UBNA_002/20220823_033000.WAV,Telephone Field,recover-20220825,002,1795
1314.9155,1314.9261,28906,36072,Eptesicus serotinus,0.009,0.022,-1,Echolocation,/mnt/ubna_data_01_mir/recover-20220825/UBNA_002/20220823_033000.WAV,Telephone Field,recover-20220825,002,1795
1314.9325,1314.9452,22890,27044,Nyctalus leisleri,0.016,0.026,-1,Echolocation,/mnt/ubna_data_01_mir/recover-20220825/UBNA_002/20220823_033000.WAV,Telephone Field,recover-20220825,002,1795
1314.9535,1314.964,30625,37515,Eptesicus serotinus,0.018,0.037,-1,Echolocation,/mnt/ubna_data_01_mir/recover-20220825/UBNA_002/20220823_033000.WAV,Telephone Field,recover-20220825,002,1795
1314.9845,1315.0228,68437,82129,Rhinolophus ferrumequinum,0.022,0.022,-1,Echolocation,/mnt/ubna_data_01_mir/recover-20220825/UBNA_002/20220823_033000.WAV,Telephone Field,recover-20220825,002,1795
1315.0055,1315.0191,21171,24398,Nyctalus leisleri,0.013,0.021,-1,Echolocation,/mnt/ubna_data_01_mir/recover-20220825/UBNA_002/20220823_033000.WAV,Telephone Field,recover-20220825,002,1795
1315.0425,1315.0839,68437,82398,Rhinolophus ferrumequinum,0.026,0.026,-1,Echolocation,/mnt/ubna_data_01_mir/recover-20220825/UBNA_002/20220823_033000.WAV,Telephone Field,recover-20220825,002,1795
1315.0595,1315.0693,22890,28332,Nyctalus leisleri,0.009,0.021,-1,Echolocation,/mnt/ubna_data_01_mir/recover-20220825/UBNA_002/20220823_033000.WAV,Telephone Field,recover-20220825,002,1795
1315.1035,1315.1115,47812,52176,Pipistrellus pipistrellus,0.024,0.025,-1,Echolocation,/mnt/ubna_data_01_mir/recover-20220825/UBNA_002/20220823_033000.WAV,Telephone Field,recover-20220825,002,1795
1315.1135,1315.1219,28046,38010,Eptesicus serotinus,0.007,0.022,-1,Echolocation,/mnt/ubna_data_01_mir/recover-20220825/UBNA_002/20220823_033000.WAV,Telephone Field,recover-20220825,002,1795
1315.1405,1315.1505,22031,26652,Nyctalus leisleri,0.01,0.021,-1,Echolocation,/mnt/ubna_data_01_mir/recover-20220825/UBNA_002/20220823_033000.WAV,Telephone Field,recover-20220825,002,1795
1315.1475,1315.1886,68437,82625,Rhinolophus ferrumequinum,0.031,0.031,-1,Echolocation,/mnt/ubna_data_01_mir/recover-20220825/UBNA_002/20220823_033000.WAV,Telephone Field,recover-20220825,002,1795
1315.1645,1315.1727,24609,32964,Plecotus austriacus,0.009,0.027,-1,Echolocation,/mnt/ubna_data_01_mir/recover-20220825/UBNA_002/20220823_033000.WAV,Telephone Field,recover-20220825,002,1795
1315.1785,1315.2178,68437,82566,Rhinolophus ferrumequinum,0.021,0.021,-1,Echolocation,/mnt/ubna_data_01_mir/recover-20220825/UBNA_002/20220823_033000.WAV,Telephone Field,recover-20220825,002,1795
1315.1885,1315.1968,48671,54178,Pipistrellus pipistrellus,0.019,0.021,-1,Echolocation,/mnt/ubna_data_01_mir/recover-20220825/UBNA_002/20220823_033000.WAV,Telephone Field,recover-20220825,002,1795
1315.2195,1315.2299,24609,29982,Nyctalus leisleri,0.009,0.021,-1,Echolocation,/mnt/ubna_data_01_mir/recover-20220825/UBNA_002/20220823_033000.WAV,Telephone Field,recover-20220825,002,1795
1315.2245,1315.2436,19453,22441,Nyctalus leisleri,0.014,0.027,-1,Echolocation,/mnt/ubna_data_01_mir/recover-20220825/UBNA_002/20220823_033000.WAV,Telephone Field,recover-20220825,002,1795
1315.2495,1315.2614,55546,60796,Pipistrellus pygmaeus,0.024,0.025,-1,Echolocation,/mnt/ubna_data_01_mir/recover-20220825/UBNA_002/20220823_033000.WAV,Telephone Field,recover-20220825,002,1795
1315.2695,1315.2767,28046,38782,Eptesicus serotinus,0.007,0.023,-1,Echolocation,/mnt/ubna_data_01_mir/recover-20220825/UBNA_002/20220823_033000.WAV,Telephone Field,recover-20220825,002,1795
1315.2955,1315.3349,68437,82033,Rhinolophus ferrumequinum,0.024,0.024,-1,Echolocation,/mnt/ubna_data_01_mir/recover-20220825/UBNA_002/20220823_033000.WAV,Telephone Field,recover-20220825,002,1795
1315.3275,1315.3364,28046,37912,Eptesicus serotinus,0.007,0.021,-1,Echolocation,/mnt/ubna_data_01_mir/recover-20220825/UBNA_002/20220823_033000.WAV,Telephone Field,recover-20220825,002,1795
1315.3735,1315.4143,68437,82183,Rhinolophus ferrumequinum,0.023,0.023,-1,Echolocation,/mnt/ubna_data_01_mir/recover-20220825/UBNA_002/20220823_033000.WAV,Telephone Field,recover-20220825,002,1795
1315.3795,1315.3899,14296,19670,Nyctalus noctula,0.012,0.033,-1,Echolocation,/mnt/ubna_data_01_mir/recover-20220825/UBNA_002/20220823_033000.WAV,Telephone Field,recover-20220825,002,1795
1315.3925,1315.4103,37500,41853,Pipistrellus nathusii,0.031,0.05,-1,Echolocation,/mnt/ubna_data_01_mir/recover-20220825/UBNA_002/20220823_033000.WAV,Telephone Field,recover-20220825,002,1795
1315.3955,1315.4311,68437,81575,Rhinolophus ferrumequinum,0.021,0.021,-1,Echolocation,/mnt/ubna_data_01_mir/recover-20220825/UBNA_002/20220823_033000.WAV,Telephone Field,recover-20220825,002,1795
1315.4195,1315.427,23750,32900,Plecotus austriacus,0.012,0.027,-1,Echolocation,/mnt/ubna_data_01_mir/recover-20220825/UBNA_002/20220823_033000.WAV,Telephone Field,recover-20220825,002,1795
1315.4335,1315.4719,68437,82263,Rhinolophus ferrumequinum,0.021,0.021,-1,Echolocation,/mnt/ubna_data_01_mir/recover-20220825/UBNA_002/20220823_033000.WAV,Telephone Field,recover-20220825,002,1795
1315.4515,1315.461,25468,32442,Eptesicus serotinus,0.009,0.026,-1,Echolocation,/mnt/ubna_data_01_mir/recover-20220825/UBNA_002/20220823_033000.WAV,Telephone Field,recover-20220825,002,1795
1315.5335,1315.5745,68437,82360,Rhinolophus ferrumequinum,0.023,0.023,-1,Echolocation,/mnt/ubna_data_01_mir/recover-20220825/UBNA_002/20220823_033000.WAV,Telephone Field,recover-20220825,002,1795
1315.5445,1315.5862,68437,82730,Rhinolophus ferrumequinum,0.022,0.022,-1,Echolocation,/mnt/ubna_data_01_mir/recover-20220825/UBNA_002/20220823_033000.WAV,Telephone Field,recover-20220825,002,1795
1315.5715,1315.5783,28046,40531,Eptesicus serotinus,0.006,0.022,-1,Echolocation,/mnt/ubna_data_01_mir/recover-20220825/UBNA_002/20220823_033000.WAV,Telephone Field,recover-20220825,002,1795
1315.5825,1315.5907,28046,36559,Eptesicus serotinus,0.01,0.023,-1,Echolocation,/mnt/ubna_data_01_mir/recover-20220825/UBNA_002/20220823_033000.WAV,Telephone Field,recover-20220825,002,1795
1315.6355,1315.6436,28906,39275,Eptesicus serotinus,0.009,0.025,-1,Echolocation,/mnt/ubna_data_01_mir/recover-20220825/UBNA_002/20220823_033000.WAV,Telephone Field,recover-20220825,002,1795
1315.6435,1315.6832,68437,82445,Rhinolophus ferrumequinum,0.029,0.029,-1,Echolocation,/mnt/ubna_data_01_mir/recover-20220825/UBNA_002/20220823_033000.WAV,Telephone Field,recover-20220825,002,1795
1315.6895,1315.697,28046,40300,Eptesicus serotinus,0.008,0.024,-1,Echolocation,/mnt/ubna_data_01_mir/recover-20220825/UBNA_002/20220823_033000.WAV,Telephone Field,recover-20220825,002,1795
1315.7055,1315.7464,68437,82618,Rhinolophus ferrumequinum,0.024,0.024,-1,Echolocation,/mnt/ubna_data_01_mir/recover-20220825/UBNA_002/20220823_033000.WAV,Telephone Field,recover-20220825,002,1795
1315.7605,1315.7965,68437,81992,Rhinolophus ferrumequinum,0.024,0.024,-1,Echolocation,/mnt/ubna_data_01_mir/recover-20220825/UBNA_002/20220823_033000.WAV,Telephone Field,recover-20220825,002,1795
1315.7765,1315.7842,27187,40228,Eptesicus serotinus,0.007,0.024,-1,Echolocation,/mnt/ubna_data_01_mir/recover-20220825/UBNA_002/20220823_033000.WAV,Telephone Field,recover-20220825,002,1795
1315.7985,1315.8394,68437,82371,Rhinolophus ferrumequinum,0.025,0.025,-1,Echolocation,/mnt/ubna_data_01_mir/recover-20220825/UBNA_002/20220823_033000.WAV,Telephone Field,recover-20220825,002,1795
1315.8145,1315.8521,68437,81457,Rhinolophus ferrumequinum,0.021,0.021,-1,Echolocation,/mnt/ubna_data_01_mir/recover-20220825/UBNA_002/20220823_033000.WAV,Telephone Field,recover-20220825,002,1795
1315.8205,1315.8288,25468,33822,Eptesicus serotinus,0.007,0.021,-1,Echolocation,/mnt/ubna_data_01_mir/recover-20220825/UBNA_002/20220823_033000.WAV,Telephone Field,recover-20220825,002,1795
1315.8335,1315.8705,68437,81859,Rhinolophus ferrumequinum,0.024,0.024,-1,Echolocation,/mnt/ubna_data_01_mir/recover-20220825/UBNA_002/20220823_033000.WAV,Telephone Field,recover-20220825,002,1795
1315.8615,1315.8689,27187,42602,Eptesicus serotinus,0.007,0.023,-1,Echolocation,/mnt/ubna_data_01_mir/recover-20220825/UBNA_002/20220823_033000.WAV,Telephone Field,recover-20220825,002,1795
1315.8795,1315.8907,28046,35894,Eptesicus serotinus,0.014,0.025,-1,Echolocation,/mnt/ubna_data_01_mir/recover-20220825/UBNA_002/20220823_033000.WAV,Telephone Field,recover-20220825,002,1795
1315.8875,1315.896,29765,39986,Eptesicus serotinus,0.011,0.028,-1,Echolocation,/mnt/ubna_data_01_mir/recover-20220825/UBNA_002/20220823_033000.WAV,Telephone Field,recover-20220825,002,1795
1315.9375,1315.9779,68437,82755,Rhinolophus ferrumequinum,0.022,0.022,-1,Echolocation,/mnt/ubna_data_01_mir/recover-20220825/UBNA_002/20220823_033000.WAV,Telephone Field,recover-20220825,002,1795
1315.9445,1315.9546,24609,30982,Nyctalus leisleri,0.008,0.021,-1,Echolocation,/mnt/ubna_data_01_mir/recover-20220825/UBNA_002/20220823_033000.WAV,Telephone Field,recover-20220825,002,1795
1315.9515,1315.9912,68437,81839,Rhinolophus ferrumequinum,0.021,0.021,-1,Echolocation,/mnt/ubna_data_01_mir/recover-20220825/UBNA_002/20220823_033000.WAV,Telephone Field,recover-20220825,002,1795
1315.9615,1315.9706,28906,36786,Eptesicus serotinus,0.008,0.021,-1,Echolocation,/mnt/ubna_data_01_mir/recover-20220825/UBNA_002/20220823_033000.WAV,Telephone Field,recover-20220825,002,1795
1316.0015,1316.0326,68437,80529,Rhinolophus ferrumequinum,0.056,0.056,-1,Echolocation,/mnt/ubna_data_01_mir/recover-20220825/UBNA_002/20220823_033000.WAV,Telephone Field,recover-20220825,002,1795
1316.0015,1316.0099,22890,30429,Nyctalus leisleri,0.011,0.031,-1,Echolocation,/mnt/ubna_data_01_mir/recover-20220825/UBNA_002/20220823_033000.WAV,Telephone Field,recover-20220825,002,1795
1316.0365,1316.0455,38359,45437,Pipistrellus nathusii,0.016,0.029,-1,Echolocation,/mnt/ubna_data_01_mir/recover-20220825/UBNA_002/20220823_033000.WAV,Telephone Field,recover-20220825,002,1795
1316.0385,1316.0474,24609,32250,Eptesicus serotinus,0.009,0.025,-1,Echolocation,/mnt/ubna_data_01_mir/recover-20220825/UBNA_002/20220823_033000.WAV,Telephone Field,recover-20220825,002,1795
1316.0645,1316.1005,68437,81379,Rhinolophus ferrumequinum,0.025,0.025,-1,Echolocation,/mnt/ubna_data_01_mir/recover-20220825/UBNA_002/20220823_033000.WAV,Telephone Field,recover-20220825,002,1795
1316.1515,1316.1606,46093,54678,Pipistrellus pipistrellus,0.019,0.029,-1,Echolocation,/mnt/ubna_data_01_mir/recover-20220825/UBNA_002/20220823_033000.WAV,Telephone Field,recover-20220825,002,1795
1316.1645,1316.1814,22031,26420,Nyctalus leisleri,0.011,0.024,-1,Echolocation,/mnt/ubna_data_01_mir/recover-20220825/UBNA_002/20220823_033000.WAV,Telephone Field,recover-20220825,002,1795
1316.1675,1316.2068,68437,82687,Rhinolophus ferrumequinum,0.023,0.023,-1,Echolocation,/mnt/ubna_data_01_mir/recover-20220825/UBNA_002/20220823_033000.WAV,Telephone Field,recover-20220825,002,1795
1316.1705,1316.1841,22890,26881,Nyctalus leisleri,0.013,0.023,-1,Echolocation,/mnt/ubna_data_01_mir/recover-20220825/UBNA_002/20220823_033000.WAV,Telephone Field,recover-20220825,002,1795
1316.2065,1316.2141,27187,37917,Eptesicus serotinus,0.008,0.025,-1,Echolocation,/mnt/ubna_data_01_mir/recover-20220825/UBNA_002/20220823_033000.WAV,Telephone Field,recover-20220825,002,1795
1316.2135,1316.2212,27187,39795,Eptesicus serotinus,0.008,0.024,-1,Echolocation,/mnt/ubna_data_01_mir/recover-20220825/UBNA_002/20220823_033000.WAV,Telephone Field,recover-20220825,002,1795
1316.2475,1316.283,68437,81594,Rhinolophus ferrumequinum,0.022,0.022,-1,Echolocation,/mnt/ubna_data_01_mir/recover-20220825/UBNA_002/20220823_033000.WAV,Telephone Field,recover-20220825,002,1795
1316.2545,1316.291,68437,81956,Rhinolophus ferrumequinum,0.024,0.024,-1,Echolocation,/mnt/ubna_data_01_mir/recover-20220825/UBNA_002/20220823_033000.WAV,Telephone Field,recover-20220825,002,1795
1316.2915,1316.2985,40937,50820,Pipistrellus nathusii,0.013,0.032,-1,Echolocation,/mnt/ubna_data_01_mir/recover-20220825/UBNA_002/20220823_033000.WAV,Telephone Field,recover-20220825,002,1795
1316.3245,1316.3336,26328,35811,Eptesicus serotinus,0.009,0.023,-1,Echolocation,/mnt/ubna_data_01_mir/recover-20220825/UBNA_002/20220823_033000.WAV,Telephone Field,recover-20220825,002,1795
1316.3445,1316.354,36640,42953,Pipistrellus nathusii,0.016,0.029,-1,Echolocation,/mnt/ubna_data_01_mir/recover-20220825/UBNA_002/20220823_033000.WAV,Telephone Field,recover-20220825,002,1795
1316.4495,1316.4582,26328,38662,Eptesicus serotinus,0.009,0.023,-1,Echolocation,/mnt/ubna_data_01_mir/recover-20220825/UBNA_002/20220823_033000.WAV,Telephone Field,recover-20220825,002,1795
1316.4755,1316.4815,37500,58337,Myotis brandtii,0.011,0.022,-1,Echolocation,/mnt/ubna_data_01_mir/recover-20220825/UBNA_002/20220823_033000.WAV,Telephone Field,recover-20220825,002,1795
1316.4755,1316.4838,27187,36231,Eptesicus serotinus,0.008,0.024,-1,Echolocation,/mnt/ubna_data_01_mir/recover-20220825/UBNA_002/20220823_033000.WAV,Telephone Field,recover-20220825,002,1795
1316.4765,1316.5153,68437,82837,Rhinolophus ferrumequinum,0.025,0.025,-1,Echolocation,/mnt/ubna_data_01_mir/recover-20220825/UBNA_002/20220823_033000.WAV,Telephone Field,recover-20220825,002,1795
1316.4885,1316.4951,40078,49917,Myotis brandtii,0.024,0.074,-1,Echolocation,/mnt/ubna_data_01_mir/recover-20220825/UBNA_002/20220823_033000.WAV,Telephone Field,recover-20220825,002,1795
1316.5115,1316.5225,22890,27711,Nyctalus leisleri,0.01,0.022,-1,Echolocation,/mnt/ubna_data_01_mir/recover-20220825/UBNA_002/20220823_033000.WAV,Telephone Field,recover-20220825,002,1795
1316.5705,1316.6109,68437,82646,Rhinolophus ferrumequinum,0.042,0.042,-1,Echolocation,/mnt/ubna_data_01_mir/recover-20220825/UBNA_002/20220823_033000.WAV,Telephone Field,recover-20220825,002,1795
1316.5845,1316.5909,41796,51982,Myotis daubentonii,0.006,0.022,-1,Echolocation,/mnt/ubna_data_01_mir/recover-20220825/UBNA_002/20220823_033000.WAV,Telephone Field,recover-20220825,002,1795
1316.5865,1316.5929,30625,50925,Myotis daubentonii,0.012,0.025,-1,Echolocation,/mnt/ubna_data_01_mir/recover-20220825/UBNA_002/20220823_033000.WAV,Telephone Field,recover-20220825,002,1795
1316.6495,1316.6638,23750,28303,Nyctalus leisleri,0.014,0.027,-1,Echolocation,/mnt/ubna_data_01_mir/recover-20220825/UBNA_002/20220823_033000.WAV,Telephone Field,recover-20220825,002,1795
1316.6575,1316.6972,68437,82320,Rhinolophus ferrumequinum,0.023,0.023,-1,Echolocation,/mnt/ubna_data_01_mir/recover-20220825/UBNA_002/20220823_033000.WAV,Telephone Field,recover-20220825,002,1795
1316.6715,1316.6765,40937,52470,Pipistrellus nathusii,0.09,0.252,-1,Echolocation,/mnt/ubna_data_01_mir/recover-20220825/UBNA_002/20220823_033000.WAV,Telephone Field,recover-20220825,002,1795
1316.7355,1316.7718,68437,82335,Rhinolophus ferrumequinum,0.031,0.031,-1,Echolocation,/mnt/ubna_data_01_mir/recover-20220825/UBNA_002/20220823_033000.WAV,Telephone Field,recover-20220825,002,1795
1316.7575,1316.7633,40937,49178,Pipistrellus nathusii,0.436,0.495,-1,Echolocation,/mnt/ubna_data_01_mir/recover-20220825/UBNA_002/20220823_033000.WAV,Telephone Field,recover-20220825,002,1795
1316.7725,1316.8116,68437,82920,Rhinolophus ferrumequinum,0.025,0.025,-1,Echolocation,/mnt/ubna_data_01_mir/recover-20220825/UBNA_002/20220823_033000.WAV,Telephone Field,recover-20220825,002,1795
1316.8185,1316.8264,26328,38977,Eptesicus serotinus,0.008,0.023,-1,Echolocation,/mnt/ubna_data_01_mir/recover-20220825/UBNA_002/20220823_033000.WAV,Telephone Field,recover-20220825,002,1795
1316.8205,1316.8279,39218,49462,Pipistrellus nathusii,0.01,0.027,-1,Echolocation,/mnt/ubna_data_01_mir/recover-20220825/UBNA_002/20220823_033000.WAV,Telephone Field,recover-20220825,002,1795
1316.8425,1316.8482,37500,51709,Myotis brandtii,0.046,0.12,-1,Echolocation,/mnt/ubna_data_01_mir/recover-20220825/UBNA_002/20220823_033000.WAV,Telephone Field,recover-20220825,002,1795
1316.8425,1316.8499,48671,54928,Pipistrellus pipistrellus,0.013,0.023,-1,Echolocation,/mnt/ubna_data_01_mir/recover-20220825/UBNA_002/20220823_033000.WAV,Telephone Field,recover-20220825,002,1795
1316.8965,1316.9063,22890,30006,Nyctalus leisleri,0.007,0.028,-1,Echolocation,/mnt/ubna_data_01_mir/recover-20220825/UBNA_002/20220823_033000.WAV,Telephone Field,recover-20220825,002,1795
1316.9325,1316.9524,20312,23452,Nyctalus leisleri,0.015,0.03,-1,Echolocation,/mnt/ubna_data_01_mir/recover-20220825/UBNA_002/20220823_033000.WAV,Telephone Field,recover-20220825,002,1795
1316.9365,1316.9461000000001,56406,65044,Pipistrellus pygmaeus,0.026,0.027,-1,Echolocation,/mnt/ubna_data_01_mir/recover-20220825/UBNA_002/20220823_033000.WAV,Telephone Field,recover-20220825,002,1795
1316.9405,1316.9466,40078,49942,Pipistrellus nathusii,0.208,0.373,-1,Echolocation,/mnt/ubna_data_01_mir/recover-20220825/UBNA_002/20220823_033000.WAV,Telephone Field,recover-20220825,002,1795
1316.9515,1316.9601,27187,34012,Eptesicus serotinus,0.006,0.023,-1,Echolocation,/mnt/ubna_data_01_mir/recover-20220825/UBNA_002/20220823_033000.WAV,Telephone Field,recover-20220825,002,1795
1316.9755,1316.9819,36640,48818,Myotis brandtii,0.009,0.023,-1,Echolocation,/mnt/ubna_data_01_mir/recover-20220825/UBNA_002/20220823_033000.WAV,Telephone Field,recover-20220825,002,1795
1316.9755,1317.0142,68437,82542,Rhinolophus ferrumequinum,0.024,0.024,-1,Echolocation,/mnt/ubna_data_01_mir/recover-20220825/UBNA_002/20220823_033000.WAV,Telephone Field,recover-20220825,002,1795
1316.9775,1316.985,32343,43089,Myotis daubentonii,0.008,0.023,-1,Echolocation,/mnt/ubna_data_01_mir/recover-20220825/UBNA_002/20220823_033000.WAV,Telephone Field,recover-20220825,002,1795
1316.9955,1317.0118,20312,23563,Nyctalus leisleri,0.012,0.022,-1,Echolocation,/mnt/ubna_data_01_mir/recover-20220825/UBNA_002/20220823_033000.WAV,Telephone Field,recover-20220825,002,1795
1317.0375,1317.0433,40078,53647,Pipistrellus nathusii,0.167,0.33,-1,Echolocation,/mnt/ubna_data_01_mir/recover-20220825/UBNA_002/20220823_033000.WAV,Telephone Field,recover-20220825,002,1795
1317.0505,1317.0593,27187,34791,Eptesicus serotinus,0.009,0.026,-1,Echolocation,/mnt/ubna_data_01_mir/recover-20220825/UBNA_002/20220823_033000.WAV,Telephone Field,recover-20220825,002,1795
1317.0815,1317.1206,68437,82775,Rhinolophus ferrumequinum,0.027,0.027,-1,Echolocation,/mnt/ubna_data_01_mir/recover-20220825/UBNA_002/20220823_033000.WAV,Telephone Field,recover-20220825,002,1795
1317.0895,1317.0984,27187,39730,Eptesicus serotinus,0.01,0.025,-1,Echolocation,/mnt/ubna_data_01_mir/recover-20220825/UBNA_002/20220823_033000.WAV,Telephone Field,recover-20220825,002,1795
1317.1045,1317.117,25468,31596,Eptesicus serotinus,0.011,0.025,-1,Echolocation,/mnt/ubna_data_01_mir/recover-20220825/UBNA_002/20220823_033000.WAV,Telephone Field,recover-20220825,002,1795
1317.1205,1317.1599,68437,82210,Rhinolophus ferrumequinum,0.024,0.024,-1,Echolocation,/mnt/ubna_data_01_mir/recover-20220825/UBNA_002/20220823_033000.WAV,Telephone Field,recover-20220825,002,1795
1317.1365,1317.1422,40937,51035,Pipistrellus nathusii,0.336,0.414,-1,Echolocation,/mnt/ubna_data_01_mir/recover-20220825/UBNA_002/20220823_033000.WAV,Telephone Field,recover-20220825,002,1795
1317.1455,1317.1539,26328,33207,Eptesicus serotinus,0.008,0.024,-1,Echolocation,/mnt/ubna_data_01_mir/recover-20220825/UBNA_002/20220823_033000.WAV,Telephone Field,recover-20220825,002,1795
1317.1685,1317.1791,28046,34728,Eptesicus serotinus,0.012,0.026,-1,Echolocation,/mnt/ubna_data_01_mir/recover-20220825/UBNA_002/20220823_033000.WAV,Telephone Field,recover-20220825,002,1795
1317.2185,1317.2245,38359,59836,Myotis brandtii,0.013,0.024,-1,Echolocation,/mnt/ubna_data_01_mir/recover-20220825/UBNA_002/20220823_033000.WAV,Telephone Field,recover-20220825,002,1795
1317.2345,1317.2416,40078,46917,Pipistrellus nathusii,0.082,0.111,-1,Echolocation,/mnt/ubna_data_01_mir/recover-20220825/UBNA_002/20220823_033000.WAV,Telephone Field,recover-20220825,002,1795
1317.2835,1317.2931,25468,33990,Eptesicus serotinus,0.008,0.023,-1,Echolocation,/mnt/ubna_data_01_mir/recover-20220825/UBNA_002/20220823_033000.WAV,Telephone Field,recover-20220825,002,1795
1317.3075,1317.3146,40937,52621,Pipistrellus nathusii,0.16,0.244,-1,Echolocation,/mnt/ubna_data_01_mir/recover-20220825/UBNA_002/20220823_033000.WAV,Telephone Field,recover-20220825,002,1795
1317.3695,1317.3756,40937,52561,Pipistrellus nathusii,0.211,0.393,-1,Echolocation,/mnt/ubna_data_01_mir/recover-20220825/UBNA_002/20220823_033000.WAV,Telephone Field,recover-20220825,002,1795
1317.3965,1317.4065,27187,35525,Eptesicus serotinus,0.013,0.029,-1,Echolocation,/mnt/ubna_data_01_mir/recover-20220825/UBNA_002/20220823_033000.WAV,Telephone Field,recover-20220825,002,1795
1317.4305,1317.4676,68437,82740,Rhinolophus ferrumequinum,0.028,0.029,-1,Echolocation,/mnt/ubna_data_01_mir/recover-20220825/UBNA_002/20220823_033000.WAV,Telephone Field,recover-20220825,002,1795
1317.4405,1317.4468,40078,51666,Pipistrellus nathusii,0.142,0.299,-1,Echolocation,/mnt/ubna_data_01_mir/recover-20220825/UBNA_002/20220823_033000.WAV,Telephone Field,recover-20220825,002,1795
1317.4965,1317.5069,39218,43798,Pipistrellus nathusii,0.02,0.028,-1,Echolocation,/mnt/ubna_data_01_mir/recover-20220825/UBNA_002/20220823_033000.WAV,Telephone Field,recover-20220825,002,1795
1317.5295,1317.5358,40078,52203,Pipistrellus nathusii,0.468,0.571,-1,Echolocation,/mnt/ubna_data_01_mir/recover-20220825/UBNA_002/20220823_033000.WAV,Telephone Field,recover-20220825,002,1795
1317.6195,1317.626,39218,49541,Pipistrellus nathusii,0.334,0.456,-1,Echolocation,/mnt/ubna_data_01_mir/recover-20220825/UBNA_002/20220823_033000.WAV,Telephone Field,recover-20220825,002,1795
1317.7035,1317.7107,37500,48582,Pipistrellus nathusii,0.317,0.504,-1,Echolocation,/mnt/ubna_data_01_mir/recover-20220825/UBNA_002/20220823_033000.WAV,Telephone Field,recover-20220825,002,1795
1317.7515,1317.7892,68437,81753,Rhinolophus ferrumequinum,0.022,0.022,-1,Echolocation,/mnt/ubna_data_01_mir/recover-20220825/UBNA_002/20220823_033000.WAV,Telephone Field,recover-20220825,002,1795
1317.7665,1317.7773,26328,33341,Eptesicus serotinus,0.013,0.027,-1,Echolocation,/mnt/ubna_data_01_mir/recover-20220825/UBNA_002/20220823_033000.WAV,Telephone Field,recover-20220825,002,1795
1317.7915,1317.7977,38359,53444,Pipistrellus nathusii,0.442,0.587,-1,Echolocation,/mnt/ubna_data_01_mir/recover-20220825/UBNA_002/20220823_033000.WAV,Telephone Field,recover-20220825,002,1795
1317.8005,1317.8071,30625,39803,Myotis daubentonii,0.014,0.023,-1,Echolocation,/mnt/ubna_data_01_mir/recover-20220825/UBNA_002/20220823_033000.WAV,Telephone Field,recover-20220825,002,1795
1317.8085,1317.8489,68437,82538,Rhinolophus ferrumequinum,0.029,0.03,-1,Echolocation,/mnt/ubna_data_01_mir/recover-20220825/UBNA_002/20220823_033000.WAV,Telephone Field,recover-20220825,002,1795
1317.8825,1317.8888,39218,49535,Pipistrellus nathusii,0.355,0.497,-1,Echolocation,/mnt/ubna_data_01_mir/recover-20220825/UBNA_002/20220823_033000.WAV,Telephone Field,recover-20220825,002,1795
1317.9375,1317.943,36640,54591,Myotis brandtii,0.012,0.027,-1,Echolocation,/mnt/ubna_data_01_mir/recover-20220825/UBNA_002/20220823_033000.WAV,Telephone Field,recover-20220825,002,1795
1317.9405,1317.9485,55546,60979,Pipistrellus pygmaeus,0.031,0.031,-1,Echolocation,/mnt/ubna_data_01_mir/recover-20220825/UBNA_002/20220823_033000.WAV,Telephone Field,recover-20220825,002,1795
1317.9675,1317.9985,68437,80832,Rhinolophus ferrumequinum,0.022,0.022,-1,Echolocation,/mnt/ubna_data_01_mir/recover-20220825/UBNA_002/20220823_033000.WAV,Telephone Field,recover-20220825,002,1795
1317.9695,1317.9769000000001,27187,36254,Eptesicus serotinus,0.007,0.023,-1,Echolocation,/mnt/ubna_data_01_mir/recover-20220825/UBNA_002/20220823_033000.WAV,Telephone Field,recover-20220825,002,1795
1317.9815,1317.9875,38359,56176,Pipistrellus nathusii,0.415,0.594,-1,Echolocation,/mnt/ubna_data_01_mir/recover-20220825/UBNA_002/20220823_033000.WAV,Telephone Field,recover-20220825,002,1795
1317.9905,1317.9965,31484,40675,Myotis daubentonii,0.012,0.024,-1,Echolocation,/mnt/ubna_data_01_mir/recover-20220825/UBNA_002/20220823_033000.WAV,Telephone Field,recover-20220825,002,1795
1318.0015,1318.0074,46953,56315,Pipistrellus pipistrellus,0.011,0.021,-1,Echolocation,/mnt/ubna_data_01_mir/recover-20220825/UBNA_002/20220823_033000.WAV,Telephone Field,recover-20220825,002,1795
1318.0015,1318.0333,68437,80027,Rhinolophus ferrumequinum,0.04,0.04,-1,Echolocation,/mnt/ubna_data_01_mir/recover-20220825/UBNA_002/20220823_033000.WAV,Telephone Field,recover-20220825,002,1795
1318.0015,1318.0102,36640,44744,Pipistrellus nathusii,0.006,0.021,-1,Echolocation,/mnt/ubna_data_01_mir/recover-20220825/UBNA_002/20220823_033000.WAV,Telephone Field,recover-20220825,002,1795
1318.0015,1318.016,17734,22932,Nyctalus noctula,0.015,0.034,-1,Echolocation,/mnt/ubna_data_01_mir/recover-20220825/UBNA_002/20220823_033000.WAV,Telephone Field,recover-20220825,002,1795
1318.0455,1318.0811,68437,80911,Rhinolophus ferrumequinum,0.021,0.021,-1,Echolocation,/mnt/ubna_data_01_mir/recover-20220825/UBNA_002/20220823_033000.WAV,Telephone Field,recover-20220825,002,1795
1318.0805,1318.0868,38359,54854,Pipistrellus nathusii,0.184,0.412,-1,Echolocation,/mnt/ubna_data_01_mir/recover-20220825/UBNA_002/20220823_033000.WAV,Telephone Field,recover-20220825,002,1795
1318.0965,1318.1362,68437,82505,Rhinolophus ferrumequinum,0.026,0.026,-1,Echolocation,/mnt/ubna_data_01_mir/recover-20220825/UBNA_002/20220823_033000.WAV,Telephone Field,recover-20220825,002,1795
1318.1315,1318.1676,68437,82076,Rhinolophus ferrumequinum,0.021,0.021,-1,Echolocation,/mnt/ubna_data_01_mir/recover-20220825/UBNA_002/20220823_033000.WAV,Telephone Field,recover-20220825,002,1795
1318.1555,1318.1639,26328,37408,Eptesicus serotinus,0.007,0.021,-1,Echolocation,/mnt/ubna_data_01_mir/recover-20220825/UBNA_002/20220823_033000.WAV,Telephone Field,recover-20220825,002,1795
1318.1625,1318.1714,28046,34807,Eptesicus serotinus,0.008,0.022,-1,Echolocation,/mnt/ubna_data_01_mir/recover-20220825/UBNA_002/20220823_033000.WAV,Telephone Field,recover-20220825,002,1795
1318.1765,1318.1828,39218,54453,Pipistrellus nathusii,0.373,0.546,-1,Echolocation,/mnt/ubna_data_01_mir/recover-20220825/UBNA_002/20220823_033000.WAV,Telephone Field,recover-20220825,002,1795
1318.1855,1318.1911,31484,43527,Myotis daubentonii,0.01,0.022,-1,Echolocation,/mnt/ubna_data_01_mir/recover-20220825/UBNA_002/20220823_033000.WAV,Telephone Field,recover-20220825,002,1795
1318.2275,1318.2381,28906,35211,Eptesicus serotinus,0.011,0.026,-1,Echolocation,/mnt/ubna_data_01_mir/recover-20220825/UBNA_002/20220823_033000.WAV,Telephone Field,recover-20220825,002,1795
1318.2455,1318.2557,43515,49624,Pipistrellus nathusii,0.013,0.03,-1,Echolocation,/mnt/ubna_data_01_mir/recover-20220825/UBNA_002/20220823_033000.WAV,Telephone Field,recover-20220825,002,1795
1318.2565,1318.2638,28046,38104,Eptesicus serotinus,0.006,0.021,-1,Echolocation,/mnt/ubna_data_01_mir/recover-20220825/UBNA_002/20220823_033000.WAV,Telephone Field,recover-20220825,002,1795
1318.2745,1318.2795,37500,56643,Pipistrellus nathusii,0.118,0.335,-1,Echolocation,/mnt/ubna_data_01_mir/recover-20220825/UBNA_002/20220823_033000.WAV,Telephone Field,recover-20220825,002,1795
1318.2825,1318.2898,27187,35311,Nyctalus leisleri,0.005,0.021,-1,Echolocation,/mnt/ubna_data_01_mir/recover-20220825/UBNA_002/20220823_033000.WAV,Telephone Field,recover-20220825,002,1795
1318.3145,1318.3224,28046,39941,Eptesicus serotinus,0.008,0.024,-1,Echolocation,/mnt/ubna_data_01_mir/recover-20220825/UBNA_002/20220823_033000.WAV,Telephone Field,recover-20220825,002,1795
1318.3535,1318.3603,28046,36054,Eptesicus serotinus,0.005,0.022,-1,Echolocation,/mnt/ubna_data_01_mir/recover-20220825/UBNA_002/20220823_033000.WAV,Telephone Field,recover-20220825,002,1795
1318.3655,1318.3711,39218,55007,Pipistrellus nathusii,0.271,0.442,-1,Echolocation,/mnt/ubna_data_01_mir/recover-20220825/UBNA_002/20220823_033000.WAV,Telephone Field,recover-20220825,002,1795
1318.4135,1318.4494,68437,81579,Rhinolophus ferrumequinum,0.021,0.021,-1,Echolocation,/mnt/ubna_data_01_mir/recover-20220825/UBNA_002/20220823_033000.WAV,Telephone Field,recover-20220825,002,1795
1318.4265,1318.4343,46953,51852,Pipistrellus pipistrellus,0.025,0.027,-1,Echolocation,/mnt/ubna_data_01_mir/recover-20220825/UBNA_002/20220823_033000.WAV,Telephone Field,recover-20220825,002,1795
1318.4405,1318.475,68437,80813,Rhinolophus ferrumequinum,0.021,0.021,-1,Echolocation,/mnt/ubna_data_01_mir/recover-20220825/UBNA_002/20220823_033000.WAV,Telephone Field,recover-20220825,002,1795
1318.4435,1318.4544,41796,46386,Pipistrellus nathusii,0.029,0.042,-1,Echolocation,/mnt/ubna_data_01_mir/recover-20220825/UBNA_002/20220823_033000.WAV,Telephone Field,recover-20220825,002,1795
1318.4655,1318.4719,40078,55935,Pipistrellus nathusii,0.35,0.521,-1,Echolocation,/mnt/ubna_data_01_mir/recover-20220825/UBNA_002/20220823_033000.WAV,Telephone Field,recover-20220825,002,1795
1318.4845,1318.5235,68437,82656,Rhinolophus ferrumequinum,0.021,0.021,-1,Echolocation,/mnt/ubna_data_01_mir/recover-20220825/UBNA_002/20220823_033000.WAV,Telephone Field,recover-20220825,002,1795
1318.5615,1318.5677,37500,54789,Pipistrellus nathusii,0.252,0.471,-1,Echolocation,/mnt/ubna_data_01_mir/recover-20220825/UBNA_002/20220823_033000.WAV,Telephone Field,recover-20220825,002,1795
1318.5705,1318.5758,32343,44804,Myotis daubentonii,0.01,0.025,-1,Echolocation,/mnt/ubna_data_01_mir/recover-20220825/UBNA_002/20220823_033000.WAV,Telephone Field,recover-20220825,002,1795
1318.5985,1318.608,28046,37001,Eptesicus serotinus,0.011,0.026,-1,Echolocation,/mnt/ubna_data_01_mir/recover-20220825/UBNA_002/20220823_033000.WAV,Telephone Field,recover-20220825,002,1795
1318.6175,1318.6565,68437,81900,Rhinolophus ferrumequinum,0.027,0.027,-1,Echolocation,/mnt/ubna_data_01_mir/recover-20220825/UBNA_002/20220823_033000.WAV,Telephone Field,recover-20220825,002,1795
1318.6255,1318.6365,23750,29046,Nyctalus leisleri,0.01,0.023,-1,Echolocation,/mnt/ubna_data_01_mir/recover-20220825/UBNA_002/20220823_033000.WAV,Telephone Field,recover-20220825,002,1795
1318.6545,1318.6639,48671,52043,Pipistrellus pipistrellus,0.014,0.024,-1,Echolocation,/mnt/ubna_data_01_mir/recover-20220825/UBNA_002/20220823_033000.WAV,Telephone Field,recover-20220825,002,1795
1318.6565,1318.6632,38359,54793,Pipistrellus nathusii,0.294,0.485,-1,Echolocation,/mnt/ubna_data_01_mir/recover-20220825/UBNA_002/20220823_033000.WAV,Telephone Field,recover-20220825,002,1795
1318.6675,1318.6763,28046,34420,Eptesicus serotinus,0.007,0.025,-1,Echolocation,/mnt/ubna_data_01_mir/recover-20220825/UBNA_002/20220823_033000.WAV,Telephone Field,recover-20220825,002,1795
1318.6755,1318.7061,67578,78574,Rhinolophus ferrumequinum,0.02,0.021,-1,Echolocation,/mnt/ubna_data_01_mir/recover-20220825/UBNA_002/20220823_033000.WAV,Telephone Field,recover-20220825,002,1795
1318.6925,1318.7013,22890,29938,Plecotus austriacus,0.008,0.023,-1,Echolocation,/mnt/ubna_data_01_mir/recover-20220825/UBNA_002/20220823_033000.WAV,Telephone Field,recover-20220825,002,1795
1318.7275,1318.7656,68437,82814,Rhinolophus ferrumequinum,0.022,0.022,-1,Echolocation,/mnt/ubna_data_01_mir/recover-20220825/UBNA_002/20220823_033000.WAV,Telephone Field,recover-20220825,002,1795
1318.7325,1318.7398,28046,37286,Eptesicus serotinus,0.006,0.021,-1,Echolocation,/mnt/ubna_data_01_mir/recover-20220825/UBNA_002/20220823_033000.WAV,Telephone Field,recover-20220825,002,1795
1318.7345,1318.7709,68437,81997,Rhinolophus ferrumequinum,0.021,0.021,-1,Echolocation,/mnt/ubna_data_01_mir/recover-20220825/UBNA_002/20220823_033000.WAV,Telephone Field,recover-20220825,002,1795
1318.7425,1318.7495,47812,51657,Pipistrellus pipistrellus,0.022,0.032,-1,Echolocation,/mnt/ubna_data_01_mir/recover-20220825/UBNA_002/20220823_033000.WAV,Telephone Field,recover-20220825,002,1795
1318.7485,1318.7547,38359,57166,Pipistrellus nathusii,0.371,0.595,-1,Echolocation,/mnt/ubna_data_01_mir/recover-20220825/UBNA_002/20220823_033000.WAV,Telephone Field,recover-20220825,002,1795
1318.7645,1318.7988,68437,81688,Rhinolophus ferrumequinum,0.021,0.021,-1,Echolocation,/mnt/ubna_data_01_mir/recover-20220825/UBNA_002/20220823_033000.WAV,Telephone Field,recover-20220825,002,1795
1318.8195,1318.8565,68437,81738,Rhinolophus ferrumequinum,0.021,0.021,-1,Echolocation,/mnt/ubna_data_01_mir/recover-20220825/UBNA_002/20220823_033000.WAV,Telephone Field,recover-20220825,002,1795
1318.8255,1318.8317,28046,37831,Eptesicus serotinus,0.005,0.021,-1,Echolocation,/mnt/ubna_data_01_mir/recover-20220825/UBNA_002/20220823_033000.WAV,Telephone Field,recover-20220825,002,1795
1318.8405,1318.8505,49531,53027,Pipistrellus pipistrellus,0.016,0.028,-1,Echolocation,/mnt/ubna_data_01_mir/recover-20220825/UBNA_002/20220823_033000.WAV,Telephone Field,recover-20220825,002,1795
1318.8425,1318.848,36640,58592,Pipistrellus nathusii,0.25,0.465,-1,Echolocation,/mnt/ubna_data_01_mir/recover-20220825/UBNA_002/20220823_033000.WAV,Telephone Field,recover-20220825,002,1795
1318.8525,1318.8608,27187,35131,Eptesicus serotinus,0.007,0.025,-1,Echolocation,/mnt/ubna_data_01_mir/recover-20220825/UBNA_002/20220823_033000.WAV,Telephone Field,recover-20220825,002,1795
1318.8805,1318.8859,35781,63038,Myotis brandtii,0.01,0.024,-1,Echolocation,/mnt/ubna_data_01_mir/recover-20220825/UBNA_002/20220823_033000.WAV,Telephone Field,recover-20220825,002,1795
1318.8855,1318.896,24609,30085,Nyctalus leisleri,0.009,0.022,-1,Echolocation,/mnt/ubna_data_01_mir/recover-20220825/UBNA_002/20220823_033000.WAV,Telephone Field,recover-20220825,002,1795
1318.9045,1318.9133,43515,50377,Pipistrellus pipistrellus,0.013,0.024,-1,Echolocation,/mnt/ubna_data_01_mir/recover-20220825/UBNA_002/20220823_033000.WAV,Telephone Field,recover-20220825,002,1795
1318.9125,1318.9265,24609,28878,Nyctalus leisleri,0.016,0.035,-1,Echolocation,/mnt/ubna_data_01_mir/recover-20220825/UBNA_002/20220823_033000.WAV,Telephone Field,recover-20220825,002,1795
1318.9215,1318.9573,68437,81989,Rhinolophus ferrumequinum,0.021,0.021,-1,Echolocation,/mnt/ubna_data_01_mir/recover-20220825/UBNA_002/20220823_033000.WAV,Telephone Field,recover-20220825,002,1795
1318.9325,1318.9485,22031,25364,Nyctalus leisleri,0.014,0.022,-1,Echolocation,/mnt/ubna_data_01_mir/recover-20220825/UBNA_002/20220823_033000.WAV,Telephone Field,recover-20220825,002,1795
1318.9475,1318.9541,28046,39235,Eptesicus serotinus,0.006,0.021,-1,Echolocation,/mnt/ubna_data_01_mir/recover-20220825/UBNA_002/20220823_033000.WAV,Telephone Field,recover-20220825,002,1795
1318.9635,1318.971,39218,51522,Pipistrellus nathusii,0.496,0.572,-1,Echolocation,/mnt/ubna_data_01_mir/recover-20220825/UBNA_002/20220823_033000.WAV,Telephone Field,recover-20220825,002,1795
1319.0025,1319.011,27187,35390,Eptesicus serotinus,0.009,0.022,-1,Echolocation,/mnt/ubna_data_01_mir/recover-20220825/UBNA_002/20220823_033000.WAV,Telephone Field,recover-20220825,002,1795
1319.0185,1319.0275,28046,37738,Eptesicus serotinus,0.009,0.025,-1,Echolocation,/mnt/ubna_data_01_mir/recover-20220825/UBNA_002/20220823_033000.WAV,Telephone Field,recover-20220825,002,1795
1319.0315,1319.0637,68437,80990,Rhinolophus ferrumequinum,0.021,0.021,-1,Echolocation,/mnt/ubna_data_01_mir/recover-20220825/UBNA_002/20220823_033000.WAV,Telephone Field,recover-20220825,002,1795
1319.0445,1319.0502,40078,56098,Pipistrellus nathusii,0.486,0.587,-1,Echolocation,/mnt/ubna_data_01_mir/recover-20220825/UBNA_002/20220823_033000.WAV,Telephone Field,recover-20220825,002,1795
1319.1035,1319.1117,28046,41658,Eptesicus serotinus,0.008,0.021,-1,Echolocation,/mnt/ubna_data_01_mir/recover-20220825/UBNA_002/20220823_033000.WAV,Telephone Field,recover-20220825,002,1795
1319.1235,1319.1307,28046,35569,Eptesicus serotinus,0.007,0.022,-1,Echolocation,/mnt/ubna_data_01_mir/recover-20220825/UBNA_002/20220823_033000.WAV,Telephone Field,recover-20220825,002,1795
1319.1355,1319.142,38359,58943,Pipistrellus nathusii,0.294,0.492,-1,Echolocation,/mnt/ubna_data_01_mir/recover-20220825/UBNA_002/20220823_033000.WAV,Telephone Field,recover-20220825,002,1795
1319.1355,1319.1414,30625,68043,Myotis bechsteinii,0.043,0.105,-1,Echolocation,/mnt/ubna_data_01_mir/recover-20220825/UBNA_002/20220823_033000.WAV,Telephone Field,recover-20220825,002,1795
1319.1495,1319.161,26328,31351,Nyctalus leisleri,0.011,0.025,-1,Echolocation,/mnt/ubna_data_01_mir/recover-20220825/UBNA_002/20220823_033000.WAV,Telephone Field,recover-20220825,002,1795
1319.2195,1319.2291,27187,34070,Eptesicus serotinus,0.01,0.023,-1,Echolocation,/mnt/ubna_data_01_mir/recover-20220825/UBNA_002/20220823_033000.WAV,Telephone Field,recover-20220825,002,1795
1319.2365,1319.2432,36640,53336,Pipistrellus nathusii,0.526,0.646,-1,Echolocation,/mnt/ubna_data_01_mir/recover-20220825/UBNA_002/20220823_033000.WAV,Telephone Field,recover-20220825,002,1795
1319.2455,1319.251,31484,44501,Myotis daubentonii,0.011,0.025,-1,Echolocation,/mnt/ubna_data_01_mir/recover-20220825/UBNA_002/20220823_033000.WAV,Telephone Field,recover-20220825,002,1795
1319.2525,1319.2862,68437,81757,Rhinolophus ferrumequinum,0.024,0.024,-1,Echolocation,/mnt/ubna_data_01_mir/recover-20220825/UBNA_002/20220823_033000.WAV,Telephone Field,recover-20220825,002,1795
1319.2955,1319.3073,24609,30360,Nyctalus leisleri,0.009,0.024,-1,Echolocation,/mnt/ubna_data_01_mir/recover-20220825/UBNA_002/20220823_033000.WAV,Telephone Field,recover-20220825,002,1795
1319.3165,1319.3228,35781,50789,Myotis brandtii,0.009,0.025,-1,Echolocation,/mnt/ubna_data_01_mir/recover-20220825/UBNA_002/20220823_033000.WAV,Telephone Field,recover-20220825,002,1795
1319.3225,1319.3304,28046,34910,Eptesicus serotinus,0.007,0.023,-1,Echolocation,/mnt/ubna_data_01_mir/recover-20220825/UBNA_002/20220823_033000.WAV,Telephone Field,recover-20220825,002,1795
1319.3345,1319.341,39218,57185,Pipistrellus nathusii,0.534,0.619,-1,Echolocation,/mnt/ubna_data_01_mir/recover-20220825/UBNA_002/20220823_033000.WAV,Telephone Field,recover-20220825,002,1795
1319.3355,1319.3421,48671,53357,Pipistrellus pipistrellus,0.014,0.024,-1,Echolocation,/mnt/ubna_data_01_mir/recover-20220825/UBNA_002/20220823_033000.WAV,Telephone Field,recover-20220825,002,1795
1319.3865,1319.3951,28046,38512,Eptesicus serotinus,0.008,0.021,-1,Echolocation,/mnt/ubna_data_01_mir/recover-20220825/UBNA_002/20220823_033000.WAV,Telephone Field,recover-20220825,002,1795
1319.3985,1319.4065,28046,38603,Eptesicus serotinus,0.006,0.021,-1,Echolocation,/mnt/ubna_data_01_mir/recover-20220825/UBNA_002/20220823_033000.WAV,Telephone Field,recover-20220825,002,1795
1319.4155,1319.4241,46953,54591,Pipistrellus pipistrellus,0.028,0.033,-1,Echolocation,/mnt/ubna_data_01_mir/recover-20220825/UBNA_002/20220823_033000.WAV,Telephone Field,recover-20220825,002,1795
1319.4275,1319.4355,28046,34792,Eptesicus serotinus,0.007,0.022,-1,Echolocation,/mnt/ubna_data_01_mir/recover-20220825/UBNA_002/20220823_033000.WAV,Telephone Field,recover-20220825,002,1795
1319.4375,1319.4475,48671,51945,Pipistrellus pipistrellus,0.02,0.029,-1,Echolocation,/mnt/ubna_data_01_mir/recover-20220825/UBNA_002/20220823_033000.WAV,Telephone Field,recover-20220825,002,1795
1319.4395,1319.4463,38359,56291,Pipistrellus nathusii,0.369,0.571,-1,Echolocation,/mnt/ubna_data_01_mir/recover-20220825/UBNA_002/20220823_033000.WAV,Telephone Field,recover-20220825,002,1795
1319.4485,1319.4538,31484,43070,Myotis daubentonii,0.011,0.026,-1,Echolocation,/mnt/ubna_data_01_mir/recover-20220825/UBNA_002/20220823_033000.WAV,Telephone Field,recover-20220825,002,1795
1319.4675,1319.4772,28046,35276,Eptesicus serotinus,0.009,0.021,-1,Echolocation,/mnt/ubna_data_01_mir/recover-20220825/UBNA_002/20220823_033000.WAV,Telephone Field,recover-20220825,002,1795
1319.4815,1319.4916,24609,30548,Nyctalus leisleri,0.008,0.022,-1,Echolocation,/mnt/ubna_data_01_mir/recover-20220825/UBNA_002/20220823_033000.WAV,Telephone Field,recover-20220825,002,1795
1319.5215,1319.5291,28046,38177,Eptesicus serotinus,0.006,0.021,-1,Echolocation,/mnt/ubna_data_01_mir/recover-20220825/UBNA_002/20220823_033000.WAV,Telephone Field,recover-20220825,002,1795
1319.5375,1319.544,37500,61274,Pipistrellus nathusii,0.435,0.596,-1,Echolocation,/mnt/ubna_data_01_mir/recover-20220825/UBNA_002/20220823_033000.WAV,Telephone Field,recover-20220825,002,1795
1319.5385,1319.5462,48671,54281,Pipistrellus pipistrellus,0.015,0.027,-1,Echolocation,/mnt/ubna_data_01_mir/recover-20220825/UBNA_002/20220823_033000.WAV,Telephone Field,recover-20220825,002,1795
1319.5455,1319.5522,26328,34869,Nyctalus leisleri,0.005,0.024,-1,Echolocation,/mnt/ubna_data_01_mir/recover-20220825/UBNA_002/20220823_033000.WAV,Telephone Field,recover-20220825,002,1795
1319.6135,1319.6231,28046,35666,Eptesicus serotinus,0.009,0.023,-1,Echolocation,/mnt/ubna_data_01_mir/recover-20220825/UBNA_002/20220823_033000.WAV,Telephone Field,recover-20220825,002,1795
1319.6315,1319.6374,36640,62133,Pipistrellus nathusii,0.504,0.583,-1,Echolocation,/mnt/ubna_data_01_mir/recover-20220825/UBNA_002/20220823_033000.WAV,Telephone Field,recover-20220825,002,1795
1319.6325,1319.6384,48671,53476,Pipistrellus pipistrellus,0.013,0.025,-1,Echolocation,/mnt/ubna_data_01_mir/recover-20220825/UBNA_002/20220823_033000.WAV,Telephone Field,recover-20220825,002,1795
1319.6395,1319.6454,36640,50521,Myotis brandtii,0.018,0.037,-1,Echolocation,/mnt/ubna_data_01_mir/recover-20220825/UBNA_002/20220823_033000.WAV,Telephone Field,recover-20220825,002,1795
1319.7025,1319.712,28046,36910,Eptesicus serotinus,0.009,0.023,-1,Echolocation,/mnt/ubna_data_01_mir/recover-20220825/UBNA_002/20220823_033000.WAV,Telephone Field,recover-20220825,002,1795
1319.7085,1319.7211,23750,28075,Nyctalus leisleri,0.011,0.021,-1,Echolocation,/mnt/ubna_data_01_mir/recover-20220825/UBNA_002/20220823_033000.WAV,Telephone Field,recover-20220825,002,1795
1319.7265,1319.7331,36640,55203,Pipistrellus nathusii,0.478,0.581,-1,Echolocation,/mnt/ubna_data_01_mir/recover-20220825/UBNA_002/20220823_033000.WAV,Telephone Field,recover-20220825,002,1795
1319.7425,1319.7804,68437,81981,Rhinolophus ferrumequinum,0.024,0.024,-1,Echolocation,/mnt/ubna_data_01_mir/recover-20220825/UBNA_002/20220823_033000.WAV,Telephone Field,recover-20220825,002,1795
1319.7825,1319.8205,68437,81856,Rhinolophus ferrumequinum,0.022,0.022,-1,Echolocation,/mnt/ubna_data_01_mir/recover-20220825/UBNA_002/20220823_033000.WAV,Telephone Field,recover-20220825,002,1795
1319.7865,1319.7956,28046,37859,Eptesicus serotinus,0.009,0.022,-1,Echolocation,/mnt/ubna_data_01_mir/recover-20220825/UBNA_002/20220823_033000.WAV,Telephone Field,recover-20220825,002,1795
1319.8075,1319.8147,28046,35931,Eptesicus serotinus,0.007,0.021,-1,Echolocation,/mnt/ubna_data_01_mir/recover-20220825/UBNA_002/20220823_033000.WAV,Telephone Field,recover-20220825,002,1795
1319.8225,1319.8281,36640,56570,Pipistrellus nathusii,0.35,0.574,-1,Echolocation,/mnt/ubna_data_01_mir/recover-20220825/UBNA_002/20220823_033000.WAV,Telephone Field,recover-20220825,002,1795
1319.8315,1319.8375,31484,43174,Myotis daubentonii,0.01,0.024,-1,Echolocation,/mnt/ubna_data_01_mir/recover-20220825/UBNA_002/20220823_033000.WAV,Telephone Field,recover-20220825,002,1795
1319.8675,1319.8778,15156,22069,Plecotus auritus,0.01,0.026,-1,Echolocation,/mnt/ubna_data_01_mir/recover-20220825/UBNA_002/20220823_033000.WAV,Telephone Field,recover-20220825,002,1795
1319.9005,1319.9366,68437,81985,Rhinolophus ferrumequinum,0.022,0.022,-1,Echolocation,/mnt/ubna_data_01_mir/recover-20220825/UBNA_002/20220823_033000.WAV,Telephone Field,recover-20220825,002,1795
1319.9035,1319.9104,28046,38616,Eptesicus serotinus,0.006,0.021,-1,Echolocation,/mnt/ubna_data_01_mir/recover-20220825/UBNA_002/20220823_033000.WAV,Telephone Field,recover-20220825,002,1795
1319.9205,1319.9267,42656,57293,Myotis brandtii,0.017,0.062,-1,Echolocation,/mnt/ubna_data_01_mir/recover-20220825/UBNA_002/20220823_033000.WAV,Telephone Field,recover-20220825,002,1795
1319.9225,1319.9288999999999,35781,60825,Pipistrellus nathusii,0.34,0.584,-1,Echolocation,/mnt/ubna_data_01_mir/recover-20220825/UBNA_002/20220823_033000.WAV,Telephone Field,recover-20220825,002,1795
1319.9325,1319.9383,30625,43985,Myotis daubentonii,0.012,0.031,-1,Echolocation,/mnt/ubna_data_01_mir/recover-20220825/UBNA_002/20220823_033000.WAV,Telephone Field,recover-20220825,002,1795
1319.9825,1319.9913,40937,48124,Pipistrellus nathusii,0.012,0.025,-1,Echolocation,/mnt/ubna_data_01_mir/recover-20220825/UBNA_002/20220823_033000.WAV,Telephone Field,recover-20220825,002,1795
1319.9885,1319.9976,26328,37741,Eptesicus serotinus,0.008,0.021,-1,Echolocation,/mnt/ubna_data_01_mir/recover-20220825/UBNA_002/20220823_033000.WAV,Telephone Field,recover-20220825,002,1795
1320.0015,1320.008,42656,64098,Myotis brandtii,0.009,0.026,-1,Echolocation,/mnt/ubna_data_01_mir/recover-20220825/UBNA_002/20220823_033000.WAV,Telephone Field,recover-20220825,002,1795
1320.0015,1320.011,23750,32659,Nyctalus leisleri,0.009,0.027,-1,Echolocation,/mnt/ubna_data_01_mir/recover-20220825/UBNA_002/20220823_033000.WAV,Telephone Field,recover-20220825,002,1795
1320.0015,1320.0337,68437,80848,Rhinolophus ferrumequinum,0.038,0.038,-1,Echolocation,/mnt/ubna_data_01_mir/recover-20220825/UBNA_002/20220823_033000.WAV,Telephone Field,recover-20220825,002,1795
1320.0015,1320.0089,37500,61210,Myotis brandtii,0.01,0.023,-1,Echolocation,/mnt/ubna_data_01_mir/recover-20220825/UBNA_002/20220823_033000.WAV,Telephone Field,recover-20220825,002,1795
1320.0015,1320.0077,47812,60618,Pipistrellus pipistrellus,0.013,0.028,-1,Echolocation,/mnt/ubna_data_01_mir/recover-20220825/UBNA_002/20220823_033000.WAV,Telephone Field,recover-20220825,002,1795
1320.0175,1320.0248,42656,53483,Pipistrellus pipistrellus,0.016,0.046,-1,Echolocation,/mnt/ubna_data_01_mir/recover-20220825/UBNA_002/20220823_033000.WAV,Telephone Field,recover-20220825,002,1795
1320.0185,1320.0252,28046,69641,Myotis bechsteinii,0.068,0.091,-1,Echolocation,/mnt/ubna_data_01_mir/recover-20220825/UBNA_002/20220823_033000.WAV,Telephone Field,recover-20220825,002,1795
1320.0195,1320.0257,35781,54314,Pipistrellus nathusii,0.21,0.483,-1,Echolocation,/mnt/ubna_data_01_mir/recover-20220825/UBNA_002/20220823_033000.WAV,Telephone Field,recover-20220825,002,1795
1320.0285,1320.0341,28046,42434,Myotis daubentonii,0.006,0.022,-1,Echolocation,/mnt/ubna_data_01_mir/recover-20220825/UBNA_002/20220823_033000.WAV,Telephone Field,recover-20220825,002,1795
1320.0435,1320.0506,24609,34344,Plecotus austriacus,0.008,0.027,-1,Echolocation,/mnt/ubna_data_01_mir/recover-20220825/UBNA_002/20220823_033000.WAV,Telephone Field,recover-20220825,002,1795
1320.0605,1320.0683,47812,53415,Pipistrellus pipistrellus,0.019,0.022,-1,Echolocation,/mnt/ubna_data_01_mir/recover-20220825/UBNA_002/20220823_033000.WAV,Telephone Field,recover-20220825,002,1795
1320.0795,1320.0901,24609,29828,Nyctalus leisleri,0.01,0.024,-1,Echolocation,/mnt/ubna_data_01_mir/recover-20220825/UBNA_002/20220823_033000.WAV,Telephone Field,recover-20220825,002,1795
1320.1145,1320.1212,28046,74589,Myotis bechsteinii,0.103,0.13,-1,Echolocation,/mnt/ubna_data_01_mir/recover-20220825/UBNA_002/20220823_033000.WAV,Telephone Field,recover-20220825,002,1795
1320.1145,1320.1213,35781,57533,Pipistrellus nathusii,0.206,0.475,-1,Echolocation,/mnt/ubna_data_01_mir/recover-20220825/UBNA_002/20220823_033000.WAV,Telephone Field,recover-20220825,002,1795
1320.1235,1320.1291,26328,44801,Plecotus auritus,0.006,0.023,-1,Echolocation,/mnt/ubna_data_01_mir/recover-20220825/UBNA_002/20220823_033000.WAV,Telephone Field,recover-20220825,002,1795
1320.1275,1320.1588,68437,81141,Rhinolophus ferrumequinum,0.023,0.023,-1,Echolocation,/mnt/ubna_data_01_mir/recover-20220825/UBNA_002/20220823_033000.WAV,Telephone Field,recover-20220825,002,1795
1320.1745,1320.2082,68437,81405,Rhinolophus ferrumequinum,0.021,0.021,-1,Echolocation,/mnt/ubna_data_01_mir/recover-20220825/UBNA_002/20220823_033000.WAV,Telephone Field,recover-20220825,002,1795
1320.1795,1320.2156,68437,81893,Rhinolophus ferrumequinum,0.022,0.022,-1,Echolocation,/mnt/ubna_data_01_mir/recover-20220825/UBNA_002/20220823_033000.WAV,Telephone Field,recover-20220825,002,1795
1320.1815,1320.1903,45234,54700,Pipistrellus pipistrellus,0.018,0.024,-1,Echolocation,/mnt/ubna_data_01_mir/recover-20220825/UBNA_002/20220823_033000.WAV,Telephone Field,recover-20220825,002,1795
1320.1905,1320.1991,26328,33956,Eptesicus serotinus,0.01,0.023,-1,Echolocation,/mnt/ubna_data_01_mir/recover-20220825/UBNA_002/20220823_033000.WAV,Telephone Field,recover-20220825,002,1795
1320.2105,1320.2178,30625,71856,Myotis bechsteinii,0.07,0.099,-1,Echolocation,/mnt/ubna_data_01_mir/recover-20220825/UBNA_002/20220823_033000.WAV,Telephone Field,recover-20220825,002,1795
1320.2125,1320.2188,47812,56702,Pipistrellus pipistrellus,0.03,0.051,-1,Echolocation,/mnt/ubna_data_01_mir/recover-20220825/UBNA_002/20220823_033000.WAV,Telephone Field,recover-20220825,002,1795
1320.2125,1320.2197,36640,62116,Pipistrellus nathusii,0.45,0.584,-1,Echolocation,/mnt/ubna_data_01_mir/recover-20220825/UBNA_002/20220823_033000.WAV,Telephone Field,recover-20220825,002,1795
1320.2205,1320.2263,27187,45102,Plecotus auritus,0.004,0.022,-1,Echolocation,/mnt/ubna_data_01_mir/recover-20220825/UBNA_002/20220823_033000.WAV,Telephone Field,recover-20220825,002,1795
1320.2225,1320.2285,34921,53342,Myotis brandtii,0.014,0.029,-1,Echolocation,/mnt/ubna_data_01_mir/recover-20220825/UBNA_002/20220823_033000.WAV,Telephone Field,recover-20220825,002,1795
1320.2265,1320.2587,68437,81264,Rhinolophus ferrumequinum,0.024,0.024,-1,Echolocation,/mnt/ubna_data_01_mir/recover-20220825/UBNA_002/20220823_033000.WAV,Telephone Field,recover-20220825,002,1795
1320.2565,1320.2665,24609,30840,Eptesicus serotinus,0.007,0.022,-1,Echolocation,/mnt/ubna_data_01_mir/recover-20220825/UBNA_002/20220823_033000.WAV,Telephone Field,recover-20220825,002,1795
1320.2685,1320.2756,55546,63573,Pipistrellus pygmaeus,0.022,0.022,-1,Echolocation,/mnt/ubna_data_01_mir/recover-20220825/UBNA_002/20220823_033000.WAV,Telephone Field,recover-20220825,002,1795
1320.3005,1320.3363,68437,81963,Rhinolophus ferrumequinum,0.025,0.025,-1,Echolocation,/mnt/ubna_data_01_mir/recover-20220825/UBNA_002/20220823_033000.WAV,Telephone Field,recover-20220825,002,1795
1320.3045,1320.3131,48671,55091,Pipistrellus pipistrellus,0.019,0.029,-1,Echolocation,/mnt/ubna_data_01_mir/recover-20220825/UBNA_002/20220823_033000.WAV,Telephone Field,recover-20220825,002,1795
1320.3065,1320.3132,26328,77189,Myotis bechsteinii,0.167,0.201,-1,Echolocation,/mnt/ubna_data_01_mir/recover-20220825/UBNA_002/20220823_033000.WAV,Telephone Field,recover-20220825,002,1795
1320.3075,1320.3137,34921,57039,Pipistrellus nathusii,0.161,0.477,-1,Echolocation,/mnt/ubna_data_01_mir/recover-20220825/UBNA_002/20220823_033000.WAV,Telephone Field,recover-20220825,002,1795
1320.3165,1320.3226,25468,39540,Plecotus auritus,0.005,0.025,-1,Echolocation,/mnt/ubna_data_01_mir/recover-20220825/UBNA_002/20220823_033000.WAV,Telephone Field,recover-20220825,002,1795
1320.3205,1320.3569,68437,81313,Rhinolophus ferrumequinum,0.025,0.025,-1,Echolocation,/mnt/ubna_data_01_mir/recover-20220825/UBNA_002/20220823_033000.WAV,Telephone Field,recover-20220825,002,1795
1320.3935,1320.4015,47812,56036,Pipistrellus pipistrellus,0.019,0.032,-1,Echolocation,/mnt/ubna_data_01_mir/recover-20220825/UBNA_002/20220823_033000.WAV,Telephone Field,recover-20220825,002,1795
1320.3985,1320.4051,26328,82297,Myotis bechsteinii,0.173,0.211,-1,Echolocation,/mnt/ubna_data_01_mir/recover-20220825/UBNA_002/20220823_033000.WAV,Telephone Field,recover-20220825,002,1795
1320.3995,1320.4063,34921,61389,Myotis brandtii,0.18,0.451,-1,Echolocation,/mnt/ubna_data_01_mir/recover-20220825/UBNA_002/20220823_033000.WAV,Telephone Field,recover-20220825,002,1795
1320.4095,1320.4144,28046,43827,Myotis daubentonii,0.007,0.027,-1,Echolocation,/mnt/ubna_data_01_mir/recover-20220825/UBNA_002/20220823_033000.WAV,Telephone Field,recover-20220825,002,1795
1320.4145,1320.4447,68437,81512,Rhinolophus ferrumequinum,0.028,0.028,-1,Echolocation,/mnt/ubna_data_01_mir/recover-20220825/UBNA_002/20220823_033000.WAV,Telephone Field,recover-20220825,002,1795
1320.4485,1320.4835,68437,81446,Rhinolophus ferrumequinum,0.022,0.022,-1,Echolocation,/mnt/ubna_data_01_mir/recover-20220825/UBNA_002/20220823_033000.WAV,Telephone Field,recover-20220825,002,1795
1320.4505,1320.46,44375,50530,Pipistrellus pipistrellus,0.018,0.022,-1,Echolocation,/mnt/ubna_data_01_mir/recover-20220825/UBNA_002/20220823_033000.WAV,Telephone Field,recover-20220825,002,1795
1320.4675,1320.473,34921,70551,Myotis brandtii,0.021,0.035,-1,Echolocation,/mnt/ubna_data_01_mir/recover-20220825/UBNA_002/20220823_033000.WAV,Telephone Field,recover-20220825,002,1795
1320.4675,1320.4739,42656,56611,Myotis brandtii,0.014,0.038,-1,Echolocation,/mnt/ubna_data_01_mir/recover-20220825/UBNA_002/20220823_033000.WAV,Telephone Field,recover-20220825,002,1795
1320.4805,1320.4889,28906,35683,Eptesicus serotinus,0.007,0.024,-1,Echolocation,/mnt/ubna_data_01_mir/recover-20220825/UBNA_002/20220823_033000.WAV,Telephone Field,recover-20220825,002,1795
1320.4965,1320.5022,28906,74739,Myotis bechsteinii,0.083,0.122,-1,Echolocation,/mnt/ubna_data_01_mir/recover-20220825/UBNA_002/20220823_033000.WAV,Telephone Field,recover-20220825,002,1795
1320.4965,1320.5041,47812,54708,Pipistrellus pipistrellus,0.016,0.027,-1,Echolocation,/mnt/ubna_data_01_mir/recover-20220825/UBNA_002/20220823_033000.WAV,Telephone Field,recover-20220825,002,1795
1320.4965,1320.503,37500,62296,Pipistrellus nathusii,0.338,0.591,-1,Echolocation,/mnt/ubna_data_01_mir/recover-20220825/UBNA_002/20220823_033000.WAV,Telephone Field,recover-20220825,002,1795
1320.5065,1320.5117,33203,55250,Myotis brandtii,0.016,0.03,-1,Echolocation,/mnt/ubna_data_01_mir/recover-20220825/UBNA_002/20220823_033000.WAV,Telephone Field,recover-20220825,002,1795
1320.5125,1320.5439,68437,80742,Rhinolophus ferrumequinum,0.022,0.022,-1,Echolocation,/mnt/ubna_data_01_mir/recover-20220825/UBNA_002/20220823_033000.WAV,Telephone Field,recover-20220825,002,1795
1320.5275,1320.5698,68437,83772,Rhinolophus ferrumequinum,0.034,0.034,-1,Echolocation,/mnt/ubna_data_01_mir/recover-20220825/UBNA_002/20220823_033000.WAV,Telephone Field,recover-20220825,002,1795
1320.5615,1320.5776,20312,25174,Nyctalus noctula,0.019,0.037,-1,Echolocation,/mnt/ubna_data_01_mir/recover-20220825/UBNA_002/20220823_033000.WAV,Telephone Field,recover-20220825,002,1795
1320.5905,1320.5972,29765,69301,Myotis bechsteinii,0.063,0.094,-1,Echolocation,/mnt/ubna_data_01_mir/recover-20220825/UBNA_002/20220823_033000.WAV,Telephone Field,recover-20220825,002,1795
1320.5915,1320.5975,37500,58641,Pipistrellus nathusii,0.289,0.468,-1,Echolocation,/mnt/ubna_data_01_mir/recover-20220825/UBNA_002/20220823_033000.WAV,Telephone Field,recover-20220825,002,1795
1320.5915,1320.5976,49531,55536,Pipistrellus pipistrellus,0.015,0.024,-1,Echolocation,/mnt/ubna_data_01_mir/recover-20220825/UBNA_002/20220823_033000.WAV,Telephone Field,recover-20220825,002,1795
1320.6025,1320.6087,33203,60497,Myotis brandtii,0.019,0.038,-1,Echolocation,/mnt/ubna_data_01_mir/recover-20220825/UBNA_002/20220823_033000.WAV,Telephone Field,recover-20220825,002,1795
1320.6135,1320.6499,68437,81781,Rhinolophus ferrumequinum,0.021,0.022,-1,Echolocation,/mnt/ubna_data_01_mir/recover-20220825/UBNA_002/20220823_033000.WAV,Telephone Field,recover-20220825,002,1795
1320.6495,1320.6546,37500,62729,Myotis brandtii,0.027,0.051,-1,Echolocation,/mnt/ubna_data_01_mir/recover-20220825/UBNA_002/20220823_033000.WAV,Telephone Field,recover-20220825,002,1795
1320.6585,1320.6691,23750,27903,Nyctalus leisleri,0.014,0.026,-1,Echolocation,/mnt/ubna_data_01_mir/recover-20220825/UBNA_002/20220823_033000.WAV,Telephone Field,recover-20220825,002,1795
1320.6815,1320.6888,49531,56309,Pipistrellus pipistrellus,0.03,0.054,-1,Echolocation,/mnt/ubna_data_01_mir/recover-20220825/UBNA_002/20220823_033000.WAV,Telephone Field,recover-20220825,002,1795
1320.6845,1320.691,36640,61307,Pipistrellus nathusii,0.245,0.541,-1,Echolocation,/mnt/ubna_data_01_mir/recover-20220825/UBNA_002/20220823_033000.WAV,Telephone Field,recover-20220825,002,1795
1320.6845,1320.6909,28046,77028,Myotis bechsteinii,0.095,0.129,-1,Echolocation,/mnt/ubna_data_01_mir/recover-20220825/UBNA_002/20220823_033000.WAV,Telephone Field,recover-20220825,002,1795
1320.6945,1320.7001,33203,57588,Myotis brandtii,0.013,0.025,-1,Echolocation,/mnt/ubna_data_01_mir/recover-20220825/UBNA_002/20220823_033000.WAV,Telephone Field,recover-20220825,002,1795
1320.6945,1320.7008,26328,40667,Eptesicus serotinus,0.005,0.025,-1,Echolocation,/mnt/ubna_data_01_mir/recover-20220825/UBNA_002/20220823_033000.WAV,Telephone Field,recover-20220825,002,1795
1320.7065,1320.7413,68437,81153,Rhinolophus ferrumequinum,0.025,0.025,-1,Echolocation,/mnt/ubna_data_01_mir/recover-20220825/UBNA_002/20220823_033000.WAV,Telephone Field,recover-20220825,002,1795
1320.7085,1320.7171,26328,37408,Eptesicus serotinus,0.01,0.022,-1,Echolocation,/mnt/ubna_data_01_mir/recover-20220825/UBNA_002/20220823_033000.WAV,Telephone Field,recover-20220825,002,1795
1320.7615,1320.7982,68437,82243,Rhinolophus ferrumequinum,0.022,0.022,-1,Echolocation,/mnt/ubna_data_01_mir/recover-20220825/UBNA_002/20220823_033000.WAV,Telephone Field,recover-20220825,002,1795
1320.7685,1320.8033,68437,81692,Rhinolophus ferrumequinum,0.023,0.023,-1,Echolocation,/mnt/ubna_data_01_mir/recover-20220825/UBNA_002/20220823_033000.WAV,Telephone Field,recover-20220825,002,1795
1320.7715,1320.7784,50390,55849,Pipistrellus pipistrellus,0.025,0.039,-1,Echolocation,/mnt/ubna_data_01_mir/recover-20220825/UBNA_002/20220823_033000.WAV,Telephone Field,recover-20220825,002,1795
1320.7765,1320.7831,29765,72946,Myotis bechsteinii,0.07,0.103,-1,Echolocation,/mnt/ubna_data_01_mir/recover-20220825/UBNA_002/20220823_033000.WAV,Telephone Field,recover-20220825,002,1795
1320.7765,1320.7833,36640,59906,Pipistrellus nathusii,0.282,0.485,-1,Echolocation,/mnt/ubna_data_01_mir/recover-20220825/UBNA_002/20220823_033000.WAV,Telephone Field,recover-20220825,002,1795
1320.7885,1320.7947,30625,63762,Myotis brandtii,0.025,0.057,-1,Echolocation,/mnt/ubna_data_01_mir/recover-20220825/UBNA_002/20220823_033000.WAV,Telephone Field,recover-20220825,002,1795
1320.7895,1320.8181,68437,81019,Rhinolophus ferrumequinum,0.03,0.03,-1,Echolocation,/mnt/ubna_data_01_mir/recover-20220825/UBNA_002/20220823_033000.WAV,Telephone Field,recover-20220825,002,1795
1320.8055,1320.8398,68437,80793,Rhinolophus ferrumequinum,0.022,0.022,-1,Echolocation,/mnt/ubna_data_01_mir/recover-20220825/UBNA_002/20220823_033000.WAV,Telephone Field,recover-20220825,002,1795
1320.8615,1320.8691,49531,57089,Pipistrellus pipistrellus,0.019,0.036,-1,Echolocation,/mnt/ubna_data_01_mir/recover-20220825/UBNA_002/20220823_033000.WAV,Telephone Field,recover-20220825,002,1795
1320.8655,1320.8719,26328,82637,Myotis bechsteinii,0.168,0.201,-1,Echolocation,/mnt/ubna_data_01_mir/recover-20220825/UBNA_002/20220823_033000.WAV,Telephone Field,recover-20220825,002,1795
1320.8655,1320.872,34062,62747,Myotis brandtii,0.177,0.429,-1,Echolocation,/mnt/ubna_data_01_mir/recover-20220825/UBNA_002/20220823_033000.WAV,Telephone Field,recover-20220825,002,1795
1320.8745,1320.8836,40078,47453,Pipistrellus nathusii,0.033,0.043,-1,Echolocation,/mnt/ubna_data_01_mir/recover-20220825/UBNA_002/20220823_033000.WAV,Telephone Field,recover-20220825,002,1795
1320.8745,1320.8814,26328,43359,Eptesicus serotinus,0.008,0.031,-1,Echolocation,/mnt/ubna_data_01_mir/recover-20220825/UBNA_002/20220823_033000.WAV,Telephone Field,recover-20220825,002,1795
1320.8775,1320.9087,68437,81132,Rhinolophus ferrumequinum,0.024,0.024,-1,Echolocation,/mnt/ubna_data_01_mir/recover-20220825/UBNA_002/20220823_033000.WAV,Telephone Field,recover-20220825,002,1795
1320.9535,1320.9601,48671,55731,Pipistrellus pipistrellus,0.043,0.078,-1,Echolocation,/mnt/ubna_data_01_mir/recover-20220825/UBNA_002/20220823_033000.WAV,Telephone Field,recover-20220825,002,1795
1320.9565,1320.9629,28906,75463,Myotis bechsteinii,0.076,0.117,-1,Echolocation,/mnt/ubna_data_01_mir/recover-20220825/UBNA_002/20220823_033000.WAV,Telephone Field,recover-20220825,002,1795
1320.9575,1320.9644,36640,68563,Pipistrellus nathusii,0.301,0.458,-1,Echolocation,/mnt/ubna_data_01_mir/recover-20220825/UBNA_002/20220823_033000.WAV,Telephone Field,recover-20220825,002,1795
1320.9695,1320.9756,32343,60740,Myotis brandtii,0.018,0.038,-1,Echolocation,/mnt/ubna_data_01_mir/recover-20220825/UBNA_002/20220823_033000.WAV,Telephone Field,recover-20220825,002,1795
1321.0405,1321.0469,28906,78144,Myotis bechsteinii,0.09,0.126,-1,Echolocation,/mnt/ubna_data_01_mir/recover-20220825/UBNA_002/20220823_033000.WAV,Telephone Field,recover-20220825,002,1795
1321.0405,1321.0476,36640,68614,Pipistrellus nathusii,0.322,0.469,-1,Echolocation,/mnt/ubna_data_01_mir/recover-20220825/UBNA_002/20220823_033000.WAV,Telephone Field,recover-20220825,002,1795
1321.0425,1321.0519,48671,55601,Pipistrellus pipistrellus,0.019,0.031,-1,Echolocation,/mnt/ubna_data_01_mir/recover-20220825/UBNA_002/20220823_033000.WAV,Telephone Field,recover-20220825,002,1795
1321.0495,1321.0565,37500,52325,Pipistrellus nathusii,0.019,0.045,-1,Echolocation,/mnt/ubna_data_01_mir/recover-20220825/UBNA_002/20220823_033000.WAV,Telephone Field,recover-20220825,002,1795
1321.0495,1321.0548,25468,48254,Plecotus auritus,0.009,0.027,-1,Echolocation,/mnt/ubna_data_01_mir/recover-20220825/UBNA_002/20220823_033000.WAV,Telephone Field,recover-20220825,002,1795
1321.0525,1321.0582,32343,62479,Myotis brandtii,0.02,0.037,-1,Echolocation,/mnt/ubna_data_01_mir/recover-20220825/UBNA_002/20220823_033000.WAV,Telephone Field,recover-20220825,002,1795
1321.0855,1321.1017,21171,25459,Nyctalus leisleri,0.011,0.023,-1,Echolocation,/mnt/ubna_data_01_mir/recover-20220825/UBNA_002/20220823_033000.WAV,Telephone Field,recover-20220825,002,1795
1321.1215,1321.128,26328,83235,Myotis bechsteinii,0.181,0.224,-1,Echolocation,/mnt/ubna_data_01_mir/recover-20220825/UBNA_002/20220823_033000.WAV,Telephone Field,recover-20220825,002,1795
1321.1225,1321.1294,33203,73914,Myotis brandtii,0.178,0.279,-1,Echolocation,/mnt/ubna_data_01_mir/recover-20220825/UBNA_002/20220823_033000.WAV,Telephone Field,recover-20220825,002,1795
1321.1325,1321.1383,33203,64066,Myotis brandtii,0.019,0.032,-1,Echolocation,/mnt/ubna_data_01_mir/recover-20220825/UBNA_002/20220823_033000.WAV,Telephone Field,recover-20220825,002,1795
1321.1795,1321.188,49531,55132,Pipistrellus pipistrellus,0.022,0.028,-1,Echolocation,/mnt/ubna_data_01_mir/recover-20220825/UBNA_002/20220823_033000.WAV,Telephone Field,recover-20220825,002,1795
1321.1955,1321.2041,25468,31429,Eptesicus serotinus,0.008,0.028,-1,Echolocation,/mnt/ubna_data_01_mir/recover-20220825/UBNA_002/20220823_033000.WAV,Telephone Field,recover-20220825,002,1795
1321.2065,1321.2136,36640,68278,Pipistrellus nathusii,0.237,0.465,-1,Echolocation,/mnt/ubna_data_01_mir/recover-20220825/UBNA_002/20220823_033000.WAV,Telephone Field,recover-20220825,002,1795
1321.2075,1321.2137,28046,78753,Myotis bechsteinii,0.095,0.126,-1,Echolocation,/mnt/ubna_data_01_mir/recover-20220825/UBNA_002/20220823_033000.WAV,Telephone Field,recover-20220825,002,1795
1321.2195,1321.2269,38359,53537,Pipistrellus nathusii,0.037,0.059,-1,Echolocation,/mnt/ubna_data_01_mir/recover-20220825/UBNA_002/20220823_033000.WAV,Telephone Field,recover-20220825,002,1795
1321.2215,1321.253,68437,81033,Rhinolophus ferrumequinum,0.021,0.021,-1,Echolocation,/mnt/ubna_data_01_mir/recover-20220825/UBNA_002/20220823_033000.WAV,Telephone Field,recover-20220825,002,1795
1321.2545,1321.2626,28046,40303,Eptesicus serotinus,0.008,0.022,-1,Echolocation,/mnt/ubna_data_01_mir/recover-20220825/UBNA_002/20220823_033000.WAV,Telephone Field,recover-20220825,002,1795
1321.2775,1321.3133,68437,80178,Rhinolophus ferrumequinum,0.021,0.021,-1,Echolocation,/mnt/ubna_data_01_mir/recover-20220825/UBNA_002/20220823_033000.WAV,Telephone Field,recover-20220825,002,1795
1321.3265,1321.3344,45234,54639,Pipistrellus pipistrellus,0.015,0.024,-1,Echolocation,/mnt/ubna_data_01_mir/recover-20220825/UBNA_002/20220823_033000.WAV,Telephone Field,recover-20220825,002,1795
1321.3545,1321.361,28046,39162,Eptesicus serotinus,0.006,0.022,-1,Echolocation,/mnt/ubna_data_01_mir/recover-20220825/UBNA_002/20220823_033000.WAV,Telephone Field,recover-20220825,002,1795
1321.3665,1321.3807,54687,62527,Pipistrellus pygmaeus,0.036,0.039,-1,Echolocation,/mnt/ubna_data_01_mir/recover-20220825/UBNA_002/20220823_033000.WAV,Telephone Field,recover-20220825,002,1795
1321.3685,1321.3747,39218,67372,Myotis brandtii,0.112,0.257,-1,Echolocation,/mnt/ubna_data_01_mir/recover-20220825/UBNA_002/20220823_033000.WAV,Telephone Field,recover-20220825,002,1795
1321.3695,1321.3763,32343,78324,Myotis brandtii,0.179,0.26,-1,Echolocation,/mnt/ubna_data_01_mir/recover-20220825/UBNA_002/20220823_033000.WAV,Telephone Field,recover-20220825,002,1795
1321.3785,1321.3835,32343,54273,Myotis brandtii,0.017,0.035,-1,Echolocation,/mnt/ubna_data_01_mir/recover-20220825/UBNA_002/20220823_033000.WAV,Telephone Field,recover-20220825,002,1795
1321.4025,1321.412,28046,37266,Eptesicus serotinus,0.009,0.023,-1,Echolocation,/mnt/ubna_data_01_mir/recover-20220825/UBNA_002/20220823_033000.WAV,Telephone Field,recover-20220825,002,1795
1321.4205,1321.4286,49531,54742,Pipistrellus pipistrellus,0.024,0.029,-1,Echolocation,/mnt/ubna_data_01_mir/recover-20220825/UBNA_002/20220823_033000.WAV,Telephone Field,recover-20220825,002,1795
1321.4355,1321.4426,28046,34882,Eptesicus serotinus,0.008,0.023,-1,Echolocation,/mnt/ubna_data_01_mir/recover-20220825/UBNA_002/20220823_033000.WAV,Telephone Field,recover-20220825,002,1795
1321.4485,1321.4539,40937,66867,Pipistrellus nathusii,0.054,0.127,-1,Echolocation,/mnt/ubna_data_01_mir/recover-20220825/UBNA_002/20220823_033000.WAV,Telephone Field,recover-20220825,002,1795
1321.4485,1321.4557,32343,78571,Myotis brandtii,0.224,0.324,-1,Echolocation,/mnt/ubna_data_01_mir/recover-20220825/UBNA_002/20220823_033000.WAV,Telephone Field,recover-20220825,002,1795
1321.4565,1321.4632,37500,51925,Myotis brandtii,0.016,0.033,-1,Echolocation,/mnt/ubna_data_01_mir/recover-20220825/UBNA_002/20220823_033000.WAV,Telephone Field,recover-20220825,002,1795
1321.4925,1321.5016,28046,37132,Eptesicus serotinus,0.009,0.022,-1,Echolocation,/mnt/ubna_data_01_mir/recover-20220825/UBNA_002/20220823_033000.WAV,Telephone Field,recover-20220825,002,1795
1321.5035,1321.5466,68437,83346,Rhinolophus ferrumequinum,0.022,0.022,-1,Echolocation,/mnt/ubna_data_01_mir/recover-20220825/UBNA_002/20220823_033000.WAV,Telephone Field,recover-20220825,002,1795
1321.5145,1321.5554,68437,82667,Rhinolophus ferrumequinum,0.022,0.022,-1,Echolocation,/mnt/ubna_data_01_mir/recover-20220825/UBNA_002/20220823_033000.WAV,Telephone Field,recover-20220825,002,1795
1321.5365,1321.5435,48671,52646,Pipistrellus pipistrellus,0.035,0.063,-1,Echolocation,/mnt/ubna_data_01_mir/recover-20220825/UBNA_002/20220823_033000.WAV,Telephone Field,recover-20220825,002,1795
1321.5415,1321.5489,35781,69581,Pipistrellus nathusii,0.459,0.571,-1,Echolocation,/mnt/ubna_data_01_mir/recover-20220825/UBNA_002/20220823_033000.WAV,Telephone Field,recover-20220825,002,1795
1321.5415,1321.5478,28046,80143,Myotis bechsteinii,0.079,0.106,-1,Echolocation,/mnt/ubna_data_01_mir/recover-20220825/UBNA_002/20220823_033000.WAV,Telephone Field,recover-20220825,002,1795
1321.5425,1321.5499,48671,55637,Pipistrellus pipistrellus,0.036,0.056,-1,Echolocation,/mnt/ubna_data_01_mir/recover-20220825/UBNA_002/20220823_033000.WAV,Telephone Field,recover-20220825,002,1795
1321.6255,1321.635,28046,33601,Eptesicus serotinus,0.011,0.027,-1,Echolocation,/mnt/ubna_data_01_mir/recover-20220825/UBNA_002/20220823_033000.WAV,Telephone Field,recover-20220825,002,1795
1321.6375,1321.6439,27187,84071,Myotis bechsteinii,0.115,0.147,-1,Echolocation,/mnt/ubna_data_01_mir/recover-20220825/UBNA_002/20220823_033000.WAV,Telephone Field,recover-20220825,002,1795
1321.6385,1321.6463,34921,73950,Pipistrellus nathusii,0.202,0.384,-1,Echolocation,/mnt/ubna_data_01_mir/recover-20220825/UBNA_002/20220823_033000.WAV,Telephone Field,recover-20220825,002,1795
1321.6395,1321.6481,54687,66303,Pipistrellus pygmaeus,0.04,0.042,-1,Echolocation,/mnt/ubna_data_01_mir/recover-20220825/UBNA_002/20220823_033000.WAV,Telephone Field,recover-20220825,002,1795
1321.6465,1321.6526,37500,51308,Myotis brandtii,0.018,0.04,-1,Echolocation,/mnt/ubna_data_01_mir/recover-20220825/UBNA_002/20220823_033000.WAV,Telephone Field,recover-20220825,002,1795
1321.6475,1321.6557,51250,64765,Pipistrellus pygmaeus,0.022,0.023,-1,Echolocation,/mnt/ubna_data_01_mir/recover-20220825/UBNA_002/20220823_033000.WAV,Telephone Field,recover-20220825,002,1795
1321.6515,1321.6806,68437,80643,Rhinolophus ferrumequinum,0.022,0.022,-1,Echolocation,/mnt/ubna_data_01_mir/recover-20220825/UBNA_002/20220823_033000.WAV,Telephone Field,recover-20220825,002,1795
1321.6845,1321.6949,28906,36038,Eptesicus serotinus,0.008,0.022,-1,Echolocation,/mnt/ubna_data_01_mir/recover-20220825/UBNA_002/20220823_033000.WAV,Telephone Field,recover-20220825,002,1795
1321.7185,1321.7553,68437,82056,Rhinolophus ferrumequinum,0.022,0.022,-1,Echolocation,/mnt/ubna_data_01_mir/recover-20220825/UBNA_002/20220823_033000.WAV,Telephone Field,recover-20220825,002,1795
1321.7355,1321.7429,36640,70684,Pipistrellus nathusii,0.29,0.454,-1,Echolocation,/mnt/ubna_data_01_mir/recover-20220825/UBNA_002/20220823_033000.WAV,Telephone Field,recover-20220825,002,1795
1321.7355,1321.742,28046,82275,Myotis bechsteinii,0.107,0.135,-1,Echolocation,/mnt/ubna_data_01_mir/recover-20220825/UBNA_002/20220823_033000.WAV,Telephone Field,recover-20220825,002,1795
1321.7375,1321.7447,48671,56748,Pipistrellus pipistrellus,0.015,0.029,-1,Echolocation,/mnt/ubna_data_01_mir/recover-20220825/UBNA_002/20220823_033000.WAV,Telephone Field,recover-20220825,002,1795
1321.7445,1321.75,38359,55182,Myotis brandtii,0.024,0.044,-1,Echolocation,/mnt/ubna_data_01_mir/recover-20220825/UBNA_002/20220823_033000.WAV,Telephone Field,recover-20220825,002,1795
1321.8185,1321.8274,54687,61250,Pipistrellus pygmaeus,0.028,0.029,-1,Echolocation,/mnt/ubna_data_01_mir/recover-20220825/UBNA_002/20220823_033000.WAV,Telephone Field,recover-20220825,002,1795
1321.8235,1321.8293,50390,60119,Pipistrellus pipistrellus,0.007,0.025,-1,Echolocation,/mnt/ubna_data_01_mir/recover-20220825/UBNA_002/20220823_033000.WAV,Telephone Field,recover-20220825,002,1795
1321.8305,1321.8377,26328,87610,Myotis bechsteinii,0.173,0.209,-1,Echolocation,/mnt/ubna_data_01_mir/recover-20220825/UBNA_002/20220823_033000.WAV,Telephone Field,recover-20220825,002,1795
1321.8315,1321.8392,33203,79069,Myotis brandtii,0.189,0.289,-1,Echolocation,/mnt/ubna_data_01_mir/recover-20220825/UBNA_002/20220823_033000.WAV,Telephone Field,recover-20220825,002,1795
1321.8325,1321.8389,51250,62496,Pipistrellus pipistrellus,0.02,0.039,-1,Echolocation,/mnt/ubna_data_01_mir/recover-20220825/UBNA_002/20220823_033000.WAV,Telephone Field,recover-20220825,002,1795
1321.8325,1321.8405,56406,65348,Pipistrellus pygmaeus,0.035,0.036,-1,Echolocation,/mnt/ubna_data_01_mir/recover-20220825/UBNA_002/20220823_033000.WAV,Telephone Field,recover-20220825,002,1795
1321.8395,1321.8467,37500,48564,Pipistrellus nathusii,0.015,0.033,-1,Echolocation,/mnt/ubna_data_01_mir/recover-20220825/UBNA_002/20220823_033000.WAV,Telephone Field,recover-20220825,002,1795
1321.8395,1321.8444,32343,44820,Myotis daubentonii,0.009,0.026,-1,Echolocation,/mnt/ubna_data_01_mir/recover-20220825/UBNA_002/20220823_033000.WAV,Telephone Field,recover-20220825,002,1795
1321.8435,1321.8764,68437,81166,Rhinolophus ferrumequinum,0.023,0.024,-1,Echolocation,/mnt/ubna_data_01_mir/recover-20220825/UBNA_002/20220823_033000.WAV,Telephone Field,recover-20220825,002,1795
1321.8585,1321.8952,68437,82611,Rhinolophus ferrumequinum,0.021,0.021,-1,Echolocation,/mnt/ubna_data_01_mir/recover-20220825/UBNA_002/20220823_033000.WAV,Telephone Field,recover-20220825,002,1795
1321.8635,1321.8736,24609,31506,Eptesicus serotinus,0.007,0.022,-1,Echolocation,/mnt/ubna_data_01_mir/recover-20220825/UBNA_002/20220823_033000.WAV,Telephone Field,recover-20220825,002,1795
1321.9155,1321.9525,68437,82387,Rhinolophus ferrumequinum,0.022,0.022,-1,Echolocation,/mnt/ubna_data_01_mir/recover-20220825/UBNA_002/20220823_033000.WAV,Telephone Field,recover-20220825,002,1795
1321.9155,1321.9292,52968,58124,Pipistrellus pygmaeus,0.05,0.059,-1,Echolocation,/mnt/ubna_data_01_mir/recover-20220825/UBNA_002/20220823_033000.WAV,Telephone Field,recover-20220825,002,1795
1321.9185,1321.9253,26328,79710,Myotis bechsteinii,0.14,0.183,-1,Echolocation,/mnt/ubna_data_01_mir/recover-20220825/UBNA_002/20220823_033000.WAV,Telephone Field,recover-20220825,002,1795
1321.9195,1321.9265,35781,67638,Pipistrellus nathusii,0.278,0.417,-1,Echolocation,/mnt/ubna_data_01_mir/recover-20220825/UBNA_002/20220823_033000.WAV,Telephone Field,recover-20220825,002,1795
1321.9275,1321.9336,37500,52363,Myotis brandtii,0.015,0.034,-1,Echolocation,/mnt/ubna_data_01_mir/recover-20220825/UBNA_002/20220823_033000.WAV,Telephone Field,recover-20220825,002,1795
1321.9295,1321.9345,33203,55964,Myotis brandtii,0.019,0.033,-1,Echolocation,/mnt/ubna_data_01_mir/recover-20220825/UBNA_002/20220823_033000.WAV,Telephone Field,recover-20220825,002,1795
1321.9335,1321.9636,68437,81054,Rhinolophus ferrumequinum,0.024,0.024,-1,Echolocation,/mnt/ubna_data_01_mir/recover-20220825/UBNA_002/20220823_033000.WAV,Telephone Field,recover-20220825,002,1795
1321.9655,1321.9751,27187,36416,Eptesicus serotinus,0.01,0.024,-1,Echolocation,/mnt/ubna_data_01_mir/recover-20220825/UBNA_002/20220823_033000.WAV,Telephone Field,recover-20220825,002,1795
1321.9805,1321.9893,28046,36949,Eptesicus serotinus,0.008,0.021,-1,Echolocation,/mnt/ubna_data_01_mir/recover-20220825/UBNA_002/20220823_033000.WAV,Telephone Field,recover-20220825,002,1795
1322.0015,1322.0274,68437,80276,Rhinolophus ferrumequinum,0.027,0.028,-1,Echolocation,/mnt/ubna_data_01_mir/recover-20220825/UBNA_002/20220823_033000.WAV,Telephone Field,recover-20220825,002,1795
1322.0015,1322.0098,24609,31610,Nyctalus leisleri,0.009,0.029,-1,Echolocation,/mnt/ubna_data_01_mir/recover-20220825/UBNA_002/20220823_033000.WAV,Telephone Field,recover-20220825,002,1795
1322.0125,1322.0189,27187,78906,Myotis bechsteinii,0.1,0.178,-1,Echolocation,/mnt/ubna_data_01_mir/recover-20220825/UBNA_002/20220823_033000.WAV,Telephone Field,recover-20220825,002,1795
1322.0125,1322.02,34062,66424,Pipistrellus nathusii,0.297,0.391,-1,Echolocation,/mnt/ubna_data_01_mir/recover-20220825/UBNA_002/20220823_033000.WAV,Telephone Field,recover-20220825,002,1795
1322.0215,1322.0285,37500,47534,Pipistrellus nathusii,0.012,0.027,-1,Echolocation,/mnt/ubna_data_01_mir/recover-20220825/UBNA_002/20220823_033000.WAV,Telephone Field,recover-20220825,002,1795
1322.0235,1322.0288,31484,42342,Myotis daubentonii,0.009,0.022,-1,Echolocation,/mnt/ubna_data_01_mir/recover-20220825/UBNA_002/20220823_033000.WAV,Telephone Field,recover-20220825,002,1795
1322.0555,1322.093,68437,81611,Rhinolophus ferrumequinum,0.022,0.022,-1,Echolocation,/mnt/ubna_data_01_mir/recover-20220825/UBNA_002/20220823_033000.WAV,Telephone Field,recover-20220825,002,1795
1322.0635,1322.0741,28046,39793,Eptesicus serotinus,0.009,0.02,-1,Echolocation,/mnt/ubna_data_01_mir/recover-20220825/UBNA_002/20220823_033000.WAV,Telephone Field,recover-20220825,002,1795
1322.0815,1322.1188,68437,82392,Rhinolophus ferrumequinum,0.025,0.025,-1,Echolocation,/mnt/ubna_data_01_mir/recover-20220825/UBNA_002/20220823_033000.WAV,Telephone Field,recover-20220825,002,1795
1322.0995,1322.1156,53828,60651,Pipistrellus pygmaeus,0.03,0.033,-1,Echolocation,/mnt/ubna_data_01_mir/recover-20220825/UBNA_002/20220823_033000.WAV,Telephone Field,recover-20220825,002,1795
1322.1025,1322.109,29765,64448,Myotis bechsteinii,0.027,0.057,-1,Echolocation,/mnt/ubna_data_01_mir/recover-20220825/UBNA_002/20220823_033000.WAV,Telephone Field,recover-20220825,002,1795
1322.1045,1322.1107,36640,57922,Pipistrellus nathusii,0.652,0.703,-1,Echolocation,/mnt/ubna_data_01_mir/recover-20220825/UBNA_002/20220823_033000.WAV,Telephone Field,recover-20220825,002,1795
1322.1055,1322.1123,47812,54115,Pipistrellus pipistrellus,0.014,0.025,-1,Echolocation,/mnt/ubna_data_01_mir/recover-20220825/UBNA_002/20220823_033000.WAV,Telephone Field,recover-20220825,002,1795
1322.1135,1322.1187,29765,41764,Myotis daubentonii,0.009,0.027,-1,Echolocation,/mnt/ubna_data_01_mir/recover-20220825/UBNA_002/20220823_033000.WAV,Telephone Field,recover-20220825,002,1795
1322.1475,1322.157,55546,60745,Pipistrellus pygmaeus,0.025,0.026,-1,Echolocation,/mnt/ubna_data_01_mir/recover-20220825/UBNA_002/20220823_033000.WAV,Telephone Field,recover-20220825,002,1795
1322.1625,1322.1715,28046,36883,Eptesicus serotinus,0.011,0.027,-1,Echolocation,/mnt/ubna_data_01_mir/recover-20220825/UBNA_002/20220823_033000.WAV,Telephone Field,recover-20220825,002,1795
1322.1955,1322.2024,26328,74084,Myotis bechsteinii,0.083,0.126,-1,Echolocation,/mnt/ubna_data_01_mir/recover-20220825/UBNA_002/20220823_033000.WAV,Telephone Field,recover-20220825,002,1795
1322.1955,1322.2048,49531,54583,Pipistrellus pipistrellus,0.027,0.047,-1,Echolocation,/mnt/ubna_data_01_mir/recover-20220825/UBNA_002/20220823_033000.WAV,Telephone Field,recover-20220825,002,1795
1322.1965,1322.2041,33203,65926,Pipistrellus nathusii,0.408,0.525,-1,Echolocation,/mnt/ubna_data_01_mir/recover-20220825/UBNA_002/20220823_033000.WAV,Telephone Field,recover-20220825,002,1795
1322.2055,1322.2124,37500,49742,Pipistrellus nathusii,0.013,0.026,-1,Echolocation,/mnt/ubna_data_01_mir/recover-20220825/UBNA_002/20220823_033000.WAV,Telephone Field,recover-20220825,002,1795
1322.2075,1322.2127,29765,41083,Myotis daubentonii,0.01,0.026,-1,Echolocation,/mnt/ubna_data_01_mir/recover-20220825/UBNA_002/20220823_033000.WAV,Telephone Field,recover-20220825,002,1795
1322.2095,1322.2409,68437,81120,Rhinolophus ferrumequinum,0.022,0.022,-1,Echolocation,/mnt/ubna_data_01_mir/recover-20220825/UBNA_002/20220823_033000.WAV,Telephone Field,recover-20220825,002,1795
1322.2585,1322.2671,26328,34570,Eptesicus serotinus,0.007,0.02,-1,Echolocation,/mnt/ubna_data_01_mir/recover-20220825/UBNA_002/20220823_033000.WAV,Telephone Field,recover-20220825,002,1795
1322.2765,1322.3086,68437,81252,Rhinolophus ferrumequinum,0.02,0.02,-1,Echolocation,/mnt/ubna_data_01_mir/recover-20220825/UBNA_002/20220823_033000.WAV,Telephone Field,recover-20220825,002,1795
1322.2885,1322.2944,45234,59141,Myotis brandtii,0.007,0.032,-1,Echolocation,/mnt/ubna_data_01_mir/recover-20220825/UBNA_002/20220823_033000.WAV,Telephone Field,recover-20220825,002,1795
1322.2895,1322.2959,27187,73190,Myotis bechsteinii,0.089,0.128,-1,Echolocation,/mnt/ubna_data_01_mir/recover-20220825/UBNA_002/20220823_033000.WAV,Telephone Field,recover-20220825,002,1795
1322.2895,1322.297,34062,65418,Pipistrellus nathusii,0.217,0.386,-1,Echolocation,/mnt/ubna_data_01_mir/recover-20220825/UBNA_002/20220823_033000.WAV,Telephone Field,recover-20220825,002,1795
1322.3005,1322.3062,28046,42147,Myotis daubentonii,0.009,0.028,-1,Echolocation,/mnt/ubna_data_01_mir/recover-20220825/UBNA_002/20220823_033000.WAV,Telephone Field,recover-20220825,002,1795
1322.3785,1322.3872,25468,32254,Eptesicus serotinus,0.008,0.021,-1,Echolocation,/mnt/ubna_data_01_mir/recover-20220825/UBNA_002/20220823_033000.WAV,Telephone Field,recover-20220825,002,1795
1322.3905,1322.3971,37500,61740,Pipistrellus nathusii,0.603,0.682,-1,Echolocation,/mnt/ubna_data_01_mir/recover-20220825/UBNA_002/20220823_033000.WAV,Telephone Field,recover-20220825,002,1795
1322.4145,1322.4313,22031,25297,Nyctalus leisleri,0.02,0.033,-1,Echolocation,/mnt/ubna_data_01_mir/recover-20220825/UBNA_002/20220823_033000.WAV,Telephone Field,recover-20220825,002,1795
1322.4275,1322.4366,26328,35030,Eptesicus serotinus,0.009,0.024,-1,Echolocation,/mnt/ubna_data_01_mir/recover-20220825/UBNA_002/20220823_033000.WAV,Telephone Field,recover-20220825,002,1795
1322.4375,1322.4765,68437,82245,Rhinolophus ferrumequinum,0.02,0.02,-1,Echolocation,/mnt/ubna_data_01_mir/recover-20220825/UBNA_002/20220823_033000.WAV,Telephone Field,recover-20220825,002,1795
1322.4485,1322.46,28906,34591,Eptesicus serotinus,0.01,0.022,-1,Echolocation,/mnt/ubna_data_01_mir/recover-20220825/UBNA_002/20220823_033000.WAV,Telephone Field,recover-20220825,002,1795
1322.4725,1322.4795,28046,36767,Eptesicus serotinus,0.005,0.021,-1,Echolocation,/mnt/ubna_data_01_mir/recover-20220825/UBNA_002/20220823_033000.WAV,Telephone Field,recover-20220825,002,1795
1322.4875,1322.4942,37500,53836,Pipistrellus nathusii,0.629,0.695,-1,Echolocation,/mnt/ubna_data_01_mir/recover-20220825/UBNA_002/20220823_033000.WAV,Telephone Field,recover-20220825,002,1795
1322.4965,1322.5018,30625,41519,Myotis daubentonii,0.011,0.026,-1,Echolocation,/mnt/ubna_data_01_mir/recover-20220825/UBNA_002/20220823_033000.WAV,Telephone Field,recover-20220825,002,1795
1322.5695,1322.5776,28046,35208,Eptesicus serotinus,0.008,0.026,-1,Echolocation,/mnt/ubna_data_01_mir/recover-20220825/UBNA_002/20220823_033000.WAV,Telephone Field,recover-20220825,002,1795
1322.5815,1322.5891,46093,55244,Pipistrellus pipistrellus,0.011,0.03,-1,Echolocation,/mnt/ubna_data_01_mir/recover-20220825/UBNA_002/20220823_033000.WAV,Telephone Field,recover-20220825,002,1795
1322.5845,1322.5908,34921,59819,Pipistrellus nathusii,0.294,0.379,-1,Echolocation,/mnt/ubna_data_01_mir/recover-20220825/UBNA_002/20220823_033000.WAV,Telephone Field,recover-20220825,002,1795
1322.5935,1322.5985,31484,42859,Myotis daubentonii,0.008,0.024,-1,Echolocation,/mnt/ubna_data_01_mir/recover-20220825/UBNA_002/20220823_033000.WAV,Telephone Field,recover-20220825,002,1795
1322.5985,1322.6274,68437,80727,Rhinolophus ferrumequinum,0.024,0.024,-1,Echolocation,/mnt/ubna_data_01_mir/recover-20220825/UBNA_002/20220823_033000.WAV,Telephone Field,recover-20220825,002,1795
1322.6075,1322.6182,23750,30598,Nyctalus leisleri,0.009,0.026,-1,Echolocation,/mnt/ubna_data_01_mir/recover-20220825/UBNA_002/20220823_033000.WAV,Telephone Field,recover-20220825,002,1795
1322.6215,1322.6297,28046,37624,Eptesicus serotinus,0.008,0.025,-1,Echolocation,/mnt/ubna_data_01_mir/recover-20220825/UBNA_002/20220823_033000.WAV,Telephone Field,recover-20220825,002,1795
1322.6225,1322.6611,68437,82766,Rhinolophus ferrumequinum,0.021,0.021,-1,Echolocation,/mnt/ubna_data_01_mir/recover-20220825/UBNA_002/20220823_033000.WAV,Telephone Field,recover-20220825,002,1795
1322.6295,1322.6674,68437,82532,Rhinolophus ferrumequinum,0.021,0.021,-1,Echolocation,/mnt/ubna_data_01_mir/recover-20220825/UBNA_002/20220823_033000.WAV,Telephone Field,recover-20220825,002,1795
1322.6785,1322.7111,68437,81401,Rhinolophus ferrumequinum,0.022,0.022,-1,Echolocation,/mnt/ubna_data_01_mir/recover-20220825/UBNA_002/20220823_033000.WAV,Telephone Field,recover-20220825,002,1795
1322.6795,1322.689,49531,53074,Pipistrellus pipistrellus,0.021,0.042,-1,Echolocation,/mnt/ubna_data_01_mir/recover-20220825/UBNA_002/20220823_033000.WAV,Telephone Field,recover-20220825,002,1795
1322.6855,1322.6925,34921,58127,Pipistrellus nathusii,0.507,0.584,-1,Echolocation,/mnt/ubna_data_01_mir/recover-20220825/UBNA_002/20220823_033000.WAV,Telephone Field,recover-20220825,002,1795
1322.6855,1322.6916,27187,69128,Myotis bechsteinii,0.063,0.106,-1,Echolocation,/mnt/ubna_data_01_mir/recover-20220825/UBNA_002/20220823_033000.WAV,Telephone Field,recover-20220825,002,1795
1322.6955,1322.7011,32343,51778,Myotis brandtii,0.011,0.024,-1,Echolocation,/mnt/ubna_data_01_mir/recover-20220825/UBNA_002/20220823_033000.WAV,Telephone Field,recover-20220825,002,1795
1322.7025,1322.7359,68437,81077,Rhinolophus ferrumequinum,0.021,0.021,-1,Echolocation,/mnt/ubna_data_01_mir/recover-20220825/UBNA_002/20220823_033000.WAV,Telephone Field,recover-20220825,002,1795
1322.7285,1322.7399,26328,32993,Eptesicus serotinus,0.019,0.034,-1,Echolocation,/mnt/ubna_data_01_mir/recover-20220825/UBNA_002/20220823_033000.WAV,Telephone Field,recover-20220825,002,1795
1322.7715,1322.7786,28046,36850,Eptesicus serotinus,0.005,0.02,-1,Echolocation,/mnt/ubna_data_01_mir/recover-20220825/UBNA_002/20220823_033000.WAV,Telephone Field,recover-20220825,002,1795
1322.7765,1322.8115,68437,81144,Rhinolophus ferrumequinum,0.021,0.021,-1,Echolocation,/mnt/ubna_data_01_mir/recover-20220825/UBNA_002/20220823_033000.WAV,Telephone Field,recover-20220825,002,1795
1322.7825,1322.7923,48671,54169,Pipistrellus pipistrellus,0.015,0.024,-1,Echolocation,/mnt/ubna_data_01_mir/recover-20220825/UBNA_002/20220823_033000.WAV,Telephone Field,recover-20220825,002,1795
1322.7855,1322.792,37500,54306,Pipistrellus nathusii,0.619,0.687,-1,Echolocation,/mnt/ubna_data_01_mir/recover-20220825/UBNA_002/20220823_033000.WAV,Telephone Field,recover-20220825,002,1795
1322.7935,1322.7988,30625,44293,Myotis daubentonii,0.009,0.025,-1,Echolocation,/mnt/ubna_data_01_mir/recover-20220825/UBNA_002/20220823_033000.WAV,Telephone Field,recover-20220825,002,1795
1322.8195,1322.8614,68437,83522,Rhinolophus ferrumequinum,0.028,0.028,-1,Echolocation,/mnt/ubna_data_01_mir/recover-20220825/UBNA_002/20220823_033000.WAV,Telephone Field,recover-20220825,002,1795
1322.8575,1322.866,53828,60069,Pipistrellus pygmaeus,0.02,0.022,-1,Echolocation,/mnt/ubna_data_01_mir/recover-20220825/UBNA_002/20220823_033000.WAV,Telephone Field,recover-20220825,002,1795
1322.9315,1322.9392,28046,37613,Eptesicus serotinus,0.007,0.021,-1,Echolocation,/mnt/ubna_data_01_mir/recover-20220825/UBNA_002/20220823_033000.WAV,Telephone Field,recover-20220825,002,1795
1322.9335,1322.9438,44375,47073,Pipistrellus pipistrellus,0.015,0.021,-1,Echolocation,/mnt/ubna_data_01_mir/recover-20220825/UBNA_002/20220823_033000.WAV,Telephone Field,recover-20220825,002,1795
1322.9555,1322.9637,28046,36071,Eptesicus serotinus,0.008,0.023,-1,Echolocation,/mnt/ubna_data_01_mir/recover-20220825/UBNA_002/20220823_033000.WAV,Telephone Field,recover-20220825,002,1795
1322.9685,1323.0033,68437,81059,Rhinolophus ferrumequinum,0.021,0.021,-1,Echolocation,/mnt/ubna_data_01_mir/recover-20220825/UBNA_002/20220823_033000.WAV,Telephone Field,recover-20220825,002,1795
1322.9695,1322.9764,44375,55246,Pipistrellus pipistrellus,0.012,0.035,-1,Echolocation,/mnt/ubna_data_01_mir/recover-20220825/UBNA_002/20220823_033000.WAV,Telephone Field,recover-20220825,002,1795
1322.9725,1322.9791,36640,55521,Pipistrellus nathusii,0.651,0.689,-1,Echolocation,/mnt/ubna_data_01_mir/recover-20220825/UBNA_002/20220823_033000.WAV,Telephone Field,recover-20220825,002,1795
1322.9805,1322.9862,29765,42240,Myotis daubentonii,0.009,0.023,-1,Echolocation,/mnt/ubna_data_01_mir/recover-20220825/UBNA_002/20220823_033000.WAV,Telephone Field,recover-20220825,002,1795
1322.9845,1323.0171,68437,81201,Rhinolophus ferrumequinum,0.021,0.021,-1,Echolocation,/mnt/ubna_data_01_mir/recover-20220825/UBNA_002/20220823_033000.WAV,Telephone Field,recover-20220825,002,1795
1323.0685,1323.1071,68437,81832,Rhinolophus ferrumequinum,0.023,0.023,-1,Echolocation,/mnt/ubna_data_01_mir/recover-20220825/UBNA_002/20220823_033000.WAV,Telephone Field,recover-20220825,002,1795
1323.0725,1323.0805,37500,49012,Pipistrellus nathusii,0.584,0.673,-1,Echolocation,/mnt/ubna_data_01_mir/recover-20220825/UBNA_002/20220823_033000.WAV,Telephone Field,recover-20220825,002,1795
1323.0815,1323.0887,27187,34833,Eptesicus serotinus,0.005,0.021,-1,Echolocation,/mnt/ubna_data_01_mir/recover-20220825/UBNA_002/20220823_033000.WAV,Telephone Field,recover-20220825,002,1795
1323.1515,1323.1596,27187,38421,Eptesicus serotinus,0.008,0.021,-1,Echolocation,/mnt/ubna_data_01_mir/recover-20220825/UBNA_002/20220823_033000.WAV,Telephone Field,recover-20220825,002,1795
1323.1565,1323.163,36640,51696,Myotis daubentonii,0.007,0.021,-1,Echolocation,/mnt/ubna_data_01_mir/recover-20220825/UBNA_002/20220823_033000.WAV,Telephone Field,recover-20220825,002,1795
1323.1695,1323.1778,44375,53937,Pipistrellus pipistrellus,0.013,0.028,-1,Echolocation,/mnt/ubna_data_01_mir/recover-20220825/UBNA_002/20220823_033000.WAV,Telephone Field,recover-20220825,002,1795
1323.1725,1323.1792,35781,50444,Pipistrellus nathusii,0.44,0.578,-1,Echolocation,/mnt/ubna_data_01_mir/recover-20220825/UBNA_002/20220823_033000.WAV,Telephone Field,recover-20220825,002,1795
1323.1825,1323.1901,27187,36320,Eptesicus serotinus,0.006,0.024,-1,Echolocation,/mnt/ubna_data_01_mir/recover-20220825/UBNA_002/20220823_033000.WAV,Telephone Field,recover-20220825,002,1795
1323.2095,1323.2179,28046,37733,Eptesicus serotinus,0.01,0.027,-1,Echolocation,/mnt/ubna_data_01_mir/recover-20220825/UBNA_002/20220823_033000.WAV,Telephone Field,recover-20220825,002,1795
1323.2435,1323.2539,28046,34336,Eptesicus serotinus,0.01,0.023,-1,Echolocation,/mnt/ubna_data_01_mir/recover-20220825/UBNA_002/20220823_033000.WAV,Telephone Field,recover-20220825,002,1795
1323.2735,1323.2808,38359,49594,Pipistrellus nathusii,0.616,0.683,-1,Echolocation,/mnt/ubna_data_01_mir/recover-20220825/UBNA_002/20220823_033000.WAV,Telephone Field,recover-20220825,002,1795
1323.2915,1323.3315,68437,82128,Rhinolophus ferrumequinum,0.021,0.021,-1,Echolocation,/mnt/ubna_data_01_mir/recover-20220825/UBNA_002/20220823_033000.WAV,Telephone Field,recover-20220825,002,1795
1323.2975,1323.338,68437,82500,Rhinolophus ferrumequinum,0.021,0.021,-1,Echolocation,/mnt/ubna_data_01_mir/recover-20220825/UBNA_002/20220823_033000.WAV,Telephone Field,recover-20220825,002,1795
1323.3435,1323.3536,44375,50654,Pipistrellus pipistrellus,0.021,0.027,-1,Echolocation,/mnt/ubna_data_01_mir/recover-20220825/UBNA_002/20220823_033000.WAV,Telephone Field,recover-20220825,002,1795
1323.3515,1323.3602,25468,33539,Eptesicus serotinus,0.007,0.021,-1,Echolocation,/mnt/ubna_data_01_mir/recover-20220825/UBNA_002/20220823_033000.WAV,Telephone Field,recover-20220825,002,1795
1323.3695,1323.3808,39218,43270,Pipistrellus nathusii,0.021,0.029,-1,Echolocation,/mnt/ubna_data_01_mir/recover-20220825/UBNA_002/20220823_033000.WAV,Telephone Field,recover-20220825,002,1795
1323.3835,1323.392,28046,36926,Eptesicus serotinus,0.009,0.025,-1,Echolocation,/mnt/ubna_data_01_mir/recover-20220825/UBNA_002/20220823_033000.WAV,Telephone Field,recover-20220825,002,1795
1323.4055,1323.4431,68437,82508,Rhinolophus ferrumequinum,0.023,0.023,-1,Echolocation,/mnt/ubna_data_01_mir/recover-20220825/UBNA_002/20220823_033000.WAV,Telephone Field,recover-20220825,002,1795
1323.4365,1323.4422,37500,60966,Myotis mystacinus,0.007,0.021,-1,Echolocation,/mnt/ubna_data_01_mir/recover-20220825/UBNA_002/20220823_033000.WAV,Telephone Field,recover-20220825,002,1795
1323.4495,1323.4563,36640,53558,Pipistrellus nathusii,0.508,0.608,-1,Echolocation,/mnt/ubna_data_01_mir/recover-20220825/UBNA_002/20220823_033000.WAV,Telephone Field,recover-20220825,002,1795
1323.4575,1323.463,29765,44543,Myotis daubentonii,0.011,0.025,-1,Echolocation,/mnt/ubna_data_01_mir/recover-20220825/UBNA_002/20220823_033000.WAV,Telephone Field,recover-20220825,002,1795
1323.5105,1323.5218,24609,29871,Nyctalus leisleri,0.009,0.021,-1,Echolocation,/mnt/ubna_data_01_mir/recover-20220825/UBNA_002/20220823_033000.WAV,Telephone Field,recover-20220825,002,1795
1323.5435,1323.5505,37500,50273,Pipistrellus nathusii,0.584,0.663,-1,Echolocation,/mnt/ubna_data_01_mir/recover-20220825/UBNA_002/20220823_033000.WAV,Telephone Field,recover-20220825,002,1795
1323.5715,1323.585,14296,19690,Nyctalus noctula,0.013,0.021,-1,Echolocation,/mnt/ubna_data_01_mir/recover-20220825/UBNA_002/20220823_033000.WAV,Telephone Field,recover-20220825,002,1795
1323.6105,1323.6201,42656,53692,Pipistrellus pipistrellus,0.011,0.022,-1,Echolocation,/mnt/ubna_data_01_mir/recover-20220825/UBNA_002/20220823_033000.WAV,Telephone Field,recover-20220825,002,1795
1323.6385,1323.6458,38359,48898,Pipistrellus nathusii,0.332,0.506,-1,Echolocation,/mnt/ubna_data_01_mir/recover-20220825/UBNA_002/20220823_033000.WAV,Telephone Field,recover-20220825,002,1795
1323.6485,1323.6576,27187,34370,Eptesicus serotinus,0.007,0.023,-1,Echolocation,/mnt/ubna_data_01_mir/recover-20220825/UBNA_002/20220823_033000.WAV,Telephone Field,recover-20220825,002,1795
1323.6725,1323.7122,68437,82842,Rhinolophus ferrumequinum,0.024,0.024,-1,Echolocation,/mnt/ubna_data_01_mir/recover-20220825/UBNA_002/20220823_033000.WAV,Telephone Field,recover-20220825,002,1795
1323.7335,1323.769,68437,81562,Rhinolophus ferrumequinum,0.02,0.02,-1,Echolocation,/mnt/ubna_data_01_mir/recover-20220825/UBNA_002/20220823_033000.WAV,Telephone Field,recover-20220825,002,1795
1323.7575,1323.7941,68437,82240,Rhinolophus ferrumequinum,0.021,0.021,-1,Echolocation,/mnt/ubna_data_01_mir/recover-20220825/UBNA_002/20220823_033000.WAV,Telephone Field,recover-20220825,002,1795
1323.7955,1323.8035,28906,36116,Eptesicus serotinus,0.007,0.023,-1,Echolocation,/mnt/ubna_data_01_mir/recover-20220825/UBNA_002/20220823_033000.WAV,Telephone Field,recover-20220825,002,1795
1323.8105,1323.8161,36640,54160,Pipistrellus nathusii,0.441,0.603,-1,Echolocation,/mnt/ubna_data_01_mir/recover-20220825/UBNA_002/20220823_033000.WAV,Telephone Field,recover-20220825,002,1795
1323.8185,1323.8242,29765,45485,Myotis daubentonii,0.009,0.025,-1,Echolocation,/mnt/ubna_data_01_mir/recover-20220825/UBNA_002/20220823_033000.WAV,Telephone Field,recover-20220825,002,1795
1323.8425,1323.8788,68437,81811,Rhinolophus ferrumequinum,0.02,0.02,-1,Echolocation,/mnt/ubna_data_01_mir/recover-20220825/UBNA_002/20220823_033000.WAV,Telephone Field,recover-20220825,002,1795
1323.8935,1323.9007,36640,49097,Pipistrellus nathusii,0.34,0.539,-1,Echolocation,/mnt/ubna_data_01_mir/recover-20220825/UBNA_002/20220823_033000.WAV,Telephone Field,recover-20220825,002,1795
1323.9065,1323.9125,31484,61043,Myotis brandtii,0.015,0.033,-1,Echolocation,/mnt/ubna_data_01_mir/recover-20220825/UBNA_002/20220823_033000.WAV,Telephone Field,recover-20220825,002,1795
1323.9245,1323.9621,68437,81140,Rhinolophus ferrumequinum,0.022,0.022,-1,Echolocation,/mnt/ubna_data_01_mir/recover-20220825/UBNA_002/20220823_033000.WAV,Telephone Field,recover-20220825,002,1795
1323.9275,1323.9397,27187,32623,Eptesicus serotinus,0.024,0.046,-1,Echolocation,/mnt/ubna_data_01_mir/recover-20220825/UBNA_002/20220823_033000.WAV,Telephone Field,recover-20220825,002,1795
1323.9635,1323.9716,28046,36895,Eptesicus serotinus,0.007,0.021,-1,Echolocation,/mnt/ubna_data_01_mir/recover-20220825/UBNA_002/20220823_033000.WAV,Telephone Field,recover-20220825,002,1795
1323.9755,1323.9855,52968,57687,Pipistrellus pygmaeus,0.019,0.02,-1,Echolocation,/mnt/ubna_data_01_mir/recover-20220825/UBNA_002/20220823_033000.WAV,Telephone Field,recover-20220825,002,1795
1323.9775,1323.9849,36640,53452,Pipistrellus nathusii,0.431,0.588,-1,Echolocation,/mnt/ubna_data_01_mir/recover-20220825/UBNA_002/20220823_033000.WAV,Telephone Field,recover-20220825,002,1795
1323.9855,1323.9918,26328,38257,Eptesicus serotinus,0.005,0.023,-1,Echolocation,/mnt/ubna_data_01_mir/recover-20220825/UBNA_002/20220823_033000.WAV,Telephone Field,recover-20220825,002,1795
1324.0015,1324.0361,68437,81075,Rhinolophus ferrumequinum,0.091,0.092,-1,Echolocation,/mnt/ubna_data_01_mir/recover-20220825/UBNA_002/20220823_033000.WAV,Telephone Field,recover-20220825,002,1795
1324.0015,1324.0107,26328,33501,Nyctalus leisleri,0.009,0.029,-1,Echolocation,/mnt/ubna_data_01_mir/recover-20220825/UBNA_002/20220823_033000.WAV,Telephone Field,recover-20220825,002,1795
1324.0015,1324.0105,55546,63891,Pipistrellus pygmaeus,0.019,0.022,-1,Echolocation,/mnt/ubna_data_01_mir/recover-20220825/UBNA_002/20220823_033000.WAV,Telephone Field,recover-20220825,002,1795
1324.0085,1324.0541,68437,82735,Rhinolophus ferrumequinum,0.031,0.031,-1,Echolocation,/mnt/ubna_data_01_mir/recover-20220825/UBNA_002/20220823_033000.WAV,Telephone Field,recover-20220825,002,1795
1324.0215,1324.0313,47812,54983,Pipistrellus pipistrellus,0.022,0.025,-1,Echolocation,/mnt/ubna_data_01_mir/recover-20220825/UBNA_002/20220823_033000.WAV,Telephone Field,recover-20220825,002,1795
1324.0445,1324.0506,32343,63034,Myotis brandtii,0.011,0.024,-1,Echolocation,/mnt/ubna_data_01_mir/recover-20220825/UBNA_002/20220823_033000.WAV,Telephone Field,recover-20220825,002,1795
1324.0455,1324.0528,47812,55209,Pipistrellus pipistrellus,0.019,0.023,-1,Echolocation,/mnt/ubna_data_01_mir/recover-20220825/UBNA_002/20220823_033000.WAV,Telephone Field,recover-20220825,002,1795
1324.0545,1324.0648,28046,35296,Eptesicus serotinus,0.011,0.024,-1,Echolocation,/mnt/ubna_data_01_mir/recover-20220825/UBNA_002/20220823_033000.WAV,Telephone Field,recover-20220825,002,1795
1324.0835,1324.0887,28046,75634,Myotis bechsteinii,0.076,0.116,-1,Echolocation,/mnt/ubna_data_01_mir/recover-20220825/UBNA_002/20220823_033000.WAV,Telephone Field,recover-20220825,002,1795
1324.0835,1324.0893,36640,55521,Pipistrellus nathusii,0.288,0.542,-1,Echolocation,/mnt/ubna_data_01_mir/recover-20220825/UBNA_002/20220823_033000.WAV,Telephone Field,recover-20220825,002,1795
1324.0925,1324.0985,30625,45239,Myotis daubentonii,0.013,0.027,-1,Echolocation,/mnt/ubna_data_01_mir/recover-20220825/UBNA_002/20220823_033000.WAV,Telephone Field,recover-20220825,002,1795
1324.0985,1324.1368,68437,81951,Rhinolophus ferrumequinum,0.022,0.022,-1,Echolocation,/mnt/ubna_data_01_mir/recover-20220825/UBNA_002/20220823_033000.WAV,Telephone Field,recover-20220825,002,1795
1324.1225,1324.1607,68437,82389,Rhinolophus ferrumequinum,0.025,0.025,-1,Echolocation,/mnt/ubna_data_01_mir/recover-20220825/UBNA_002/20220823_033000.WAV,Telephone Field,recover-20220825,002,1795
1324.1295,1324.1654,68437,81939,Rhinolophus ferrumequinum,0.022,0.022,-1,Echolocation,/mnt/ubna_data_01_mir/recover-20220825/UBNA_002/20220823_033000.WAV,Telephone Field,recover-20220825,002,1795
1324.1435,1324.1806,68437,82474,Rhinolophus ferrumequinum,0.021,0.021,-1,Echolocation,/mnt/ubna_data_01_mir/recover-20220825/UBNA_002/20220823_033000.WAV,Telephone Field,recover-20220825,002,1795
1324.1475,1324.1584,22890,29191,Nyctalus leisleri,0.008,0.022,-1,Echolocation,/mnt/ubna_data_01_mir/recover-20220825/UBNA_002/20220823_033000.WAV,Telephone Field,recover-20220825,002,1795
1324.1635,1324.1709,41796,48825,Pipistrellus nathusii,0.561,0.585,-1,Echolocation,/mnt/ubna_data_01_mir/recover-20220825/UBNA_002/20220823_033000.WAV,Telephone Field,recover-20220825,002,1795
1324.1795,1324.1878,56406,62466,Pipistrellus pygmaeus,0.02,0.021,-1,Echolocation,/mnt/ubna_data_01_mir/recover-20220825/UBNA_002/20220823_033000.WAV,Telephone Field,recover-20220825,002,1795
1324.2165,1324.2556,68437,82472,Rhinolophus ferrumequinum,0.026,0.026,-1,Echolocation,/mnt/ubna_data_01_mir/recover-20220825/UBNA_002/20220823_033000.WAV,Telephone Field,recover-20220825,002,1795
1324.2375,1324.2742,68437,81551,Rhinolophus ferrumequinum,0.022,0.022,-1,Echolocation,/mnt/ubna_data_01_mir/recover-20220825/UBNA_002/20220823_033000.WAV,Telephone Field,recover-20220825,002,1795
1324.2415,1324.2481,25468,36017,Plecotus austriacus,0.008,0.028,-1,Echolocation,/mnt/ubna_data_01_mir/recover-20220825/UBNA_002/20220823_033000.WAV,Telephone Field,recover-20220825,002,1795
1324.2475,1324.2857,68437,82218,Rhinolophus ferrumequinum,0.022,0.022,-1,Echolocation,/mnt/ubna_data_01_mir/recover-20220825/UBNA_002/20220823_033000.WAV,Telephone Field,recover-20220825,002,1795
1324.2515,1324.2607,44375,49057,Pipistrellus pipistrellus,0.024,0.04,-1,Echolocation,/mnt/ubna_data_01_mir/recover-20220825/UBNA_002/20220823_033000.WAV,Telephone Field,recover-20220825,002,1795
1324.2605,1324.2683,27187,37630,Eptesicus serotinus,0.007,0.021,-1,Echolocation,/mnt/ubna_data_01_mir/recover-20220825/UBNA_002/20220823_033000.WAV,Telephone Field,recover-20220825,002,1795
1324.3055,1324.3131,27187,43522,Eptesicus serotinus,0.007,0.022,-1,Echolocation,/mnt/ubna_data_01_mir/recover-20220825/UBNA_002/20220823_033000.WAV,Telephone Field,recover-20220825,002,1795
1324.3205,1324.33,27187,34539,Eptesicus serotinus,0.009,0.025,-1,Echolocation,/mnt/ubna_data_01_mir/recover-20220825/UBNA_002/20220823_033000.WAV,Telephone Field,recover-20220825,002,1795
1324.3385,1324.3439,39218,62032,Myotis brandtii,0.009,0.029,-1,Echolocation,/mnt/ubna_data_01_mir/recover-20220825/UBNA_002/20220823_033000.WAV,Telephone Field,recover-20220825,002,1795
1324.3395,1324.3465,27187,35398,Eptesicus serotinus,0.005,0.022,-1,Echolocation,/mnt/ubna_data_01_mir/recover-20220825/UBNA_002/20220823_033000.WAV,Telephone Field,recover-20220825,002,1795
1324.3485,1324.3576,49531,53848,Pipistrellus pipistrellus,0.019,0.029,-1,Echolocation,/mnt/ubna_data_01_mir/recover-20220825/UBNA_002/20220823_033000.WAV,Telephone Field,recover-20220825,002,1795
1324.3505,1324.3562,38359,58779,Pipistrellus nathusii,0.412,0.574,-1,Echolocation,/mnt/ubna_data_01_mir/recover-20220825/UBNA_002/20220823_033000.WAV,Telephone Field,recover-20220825,002,1795
1324.3665,1324.4052,68437,82231,Rhinolophus ferrumequinum,0.025,0.025,-1,Echolocation,/mnt/ubna_data_01_mir/recover-20220825/UBNA_002/20220823_033000.WAV,Telephone Field,recover-20220825,002,1795
1324.3955,1324.4374,68437,83241,Rhinolophus ferrumequinum,0.028,0.028,-1,Echolocation,/mnt/ubna_data_01_mir/recover-20220825/UBNA_002/20220823_033000.WAV,Telephone Field,recover-20220825,002,1795
1324.3985,1324.4088,55546,60411,Pipistrellus pygmaeus,0.044,0.045,-1,Echolocation,/mnt/ubna_data_01_mir/recover-20220825/UBNA_002/20220823_033000.WAV,Telephone Field,recover-20220825,002,1795
1324.4415,1324.4484,48671,58461,Pipistrellus pipistrellus,0.027,0.048,-1,Echolocation,/mnt/ubna_data_01_mir/recover-20220825/UBNA_002/20220823_033000.WAV,Telephone Field,recover-20220825,002,1795
1324.4455,1324.451,28046,75029,Myotis bechsteinii,0.09,0.151,-1,Echolocation,/mnt/ubna_data_01_mir/recover-20220825/UBNA_002/20220823_033000.WAV,Telephone Field,recover-20220825,002,1795
1324.4465,1324.4522,36640,59949,Pipistrellus nathusii,0.182,0.515,-1,Echolocation,/mnt/ubna_data_01_mir/recover-20220825/UBNA_002/20220823_033000.WAV,Telephone Field,recover-20220825,002,1795
1324.4575,1324.4634,33203,56541,Myotis brandtii,0.016,0.033,-1,Echolocation,/mnt/ubna_data_01_mir/recover-20220825/UBNA_002/20220823_033000.WAV,Telephone Field,recover-20220825,002,1795
1324.5115,1324.5202,28046,36479,Eptesicus serotinus,0.008,0.021,-1,Echolocation,/mnt/ubna_data_01_mir/recover-20220825/UBNA_002/20220823_033000.WAV,Telephone Field,recover-20220825,002,1795
1324.5405,1324.5462,35781,54750,Myotis brandtii,0.171,0.42,-1,Echolocation,/mnt/ubna_data_01_mir/recover-20220825/UBNA_002/20220823_033000.WAV,Telephone Field,recover-20220825,002,1795
1324.5505,1324.5571,32343,52448,Myotis brandtii,0.011,0.024,-1,Echolocation,/mnt/ubna_data_01_mir/recover-20220825/UBNA_002/20220823_033000.WAV,Telephone Field,recover-20220825,002,1795
1324.5505,1324.5578,43515,53055,Pipistrellus pipistrellus,0.009,0.023,-1,Echolocation,/mnt/ubna_data_01_mir/recover-20220825/UBNA_002/20220823_033000.WAV,Telephone Field,recover-20220825,002,1795
1324.5595,1324.5987,68437,82580,Rhinolophus ferrumequinum,0.025,0.025,-1,Echolocation,/mnt/ubna_data_01_mir/recover-20220825/UBNA_002/20220823_033000.WAV,Telephone Field,recover-20220825,002,1795
1324.5865,1324.5952,28046,36182,Eptesicus serotinus,0.007,0.023,-1,Echolocation,/mnt/ubna_data_01_mir/recover-20220825/UBNA_002/20220823_033000.WAV,Telephone Field,recover-20220825,002,1795
1324.6105,1324.6495,68437,82440,Rhinolophus ferrumequinum,0.022,0.022,-1,Echolocation,/mnt/ubna_data_01_mir/recover-20220825/UBNA_002/20220823_033000.WAV,Telephone Field,recover-20220825,002,1795
1324.6225,1324.6306,27187,38599,Eptesicus serotinus,0.01,0.031,-1,Echolocation,/mnt/ubna_data_01_mir/recover-20220825/UBNA_002/20220823_033000.WAV,Telephone Field,recover-20220825,002,1795
1324.6355,1324.6425,47812,54183,Pipistrellus pipistrellus,0.023,0.038,-1,Echolocation,/mnt/ubna_data_01_mir/recover-20220825/UBNA_002/20220823_033000.WAV,Telephone Field,recover-20220825,002,1795
1324.6375,1324.643,38359,59441,Pipistrellus nathusii,0.351,0.575,-1,Echolocation,/mnt/ubna_data_01_mir/recover-20220825/UBNA_002/20220823_033000.WAV,Telephone Field,recover-20220825,002,1795
1324.6475,1324.6529,31484,60019,Myotis brandtii,0.029,0.061,-1,Echolocation,/mnt/ubna_data_01_mir/recover-20220825/UBNA_002/20220823_033000.WAV,Telephone Field,recover-20220825,002,1795
1324.6955,1324.7171,19453,22660,Nyctalus noctula,0.011,0.022,-1,Echolocation,/mnt/ubna_data_01_mir/recover-20220825/UBNA_002/20220823_033000.WAV,Telephone Field,recover-20220825,002,1795
1324.6955,1324.7359,68437,82337,Rhinolophus ferrumequinum,0.021,0.021,-1,Echolocation,/mnt/ubna_data_01_mir/recover-20220825/UBNA_002/20220823_033000.WAV,Telephone Field,recover-20220825,002,1795
1324.7235,1324.7323,52109,56046,Pipistrellus pygmaeus,0.023,0.028,-1,Echolocation,/mnt/ubna_data_01_mir/recover-20220825/UBNA_002/20220823_033000.WAV,Telephone Field,recover-20220825,002,1795
1324.7265,1324.7315,28906,77637,Myotis bechsteinii,0.071,0.121,-1,Echolocation,/mnt/ubna_data_01_mir/recover-20220825/UBNA_002/20220823_033000.WAV,Telephone Field,recover-20220825,002,1795
1324.7265,1324.7321,37500,60057,Myotis brandtii,0.193,0.527,-1,Echolocation,/mnt/ubna_data_01_mir/recover-20220825/UBNA_002/20220823_033000.WAV,Telephone Field,recover-20220825,002,1795
1324.7375,1324.7437,35781,56247,Myotis brandtii,0.013,0.024,-1,Echolocation,/mnt/ubna_data_01_mir/recover-20220825/UBNA_002/20220823_033000.WAV,Telephone Field,recover-20220825,002,1795
1324.7405,1324.7498,27187,34109,Eptesicus serotinus,0.006,0.021,-1,Echolocation,/mnt/ubna_data_01_mir/recover-20220825/UBNA_002/20220823_033000.WAV,Telephone Field,recover-20220825,002,1795
1324.7565,1324.7675,26328,32417,Eptesicus serotinus,0.011,0.026,-1,Echolocation,/mnt/ubna_data_01_mir/recover-20220825/UBNA_002/20220823_033000.WAV,Telephone Field,recover-20220825,002,1795
1324.7855,1324.8248,68437,82168,Rhinolophus ferrumequinum,0.024,0.024,-1,Echolocation,/mnt/ubna_data_01_mir/recover-20220825/UBNA_002/20220823_033000.WAV,Telephone Field,recover-20220825,002,1795
1324.7865,1324.7939,46953,51599,Pipistrellus pipistrellus,0.026,0.028,-1,Echolocation,/mnt/ubna_data_01_mir/recover-20220825/UBNA_002/20220823_033000.WAV,Telephone Field,recover-20220825,002,1795
1324.8085,1324.8142,38359,62607,Myotis brandtii,0.01,0.022,-1,Echolocation,/mnt/ubna_data_01_mir/recover-20220825/UBNA_002/20220823_033000.WAV,Telephone Field,recover-20220825,002,1795
1324.8205,1324.8255,28046,74830,Myotis bechsteinii,0.069,0.119,-1,Echolocation,/mnt/ubna_data_01_mir/recover-20220825/UBNA_002/20220823_033000.WAV,Telephone Field,recover-20220825,002,1795
1324.8215,1324.8273,37500,56486,Pipistrellus nathusii,0.264,0.519,-1,Echolocation,/mnt/ubna_data_01_mir/recover-20220825/UBNA_002/20220823_033000.WAV,Telephone Field,recover-20220825,002,1795
1324.8305,1324.8368,34062,48786,Myotis brandtii,0.01,0.023,-1,Echolocation,/mnt/ubna_data_01_mir/recover-20220825/UBNA_002/20220823_033000.WAV,Telephone Field,recover-20220825,002,1795
1324.8305,1324.8375,27187,36331,Eptesicus serotinus,0.006,0.025,-1,Echolocation,/mnt/ubna_data_01_mir/recover-20220825/UBNA_002/20220823_033000.WAV,Telephone Field,recover-20220825,002,1795
1324.8365,1324.8715,68437,82002,Rhinolophus ferrumequinum,0.023,0.024,-1,Echolocation,/mnt/ubna_data_01_mir/recover-20220825/UBNA_002/20220823_033000.WAV,Telephone Field,recover-20220825,002,1795
1324.8605,1324.8691,28046,36708,Eptesicus serotinus,0.01,0.029,-1,Echolocation,/mnt/ubna_data_01_mir/recover-20220825/UBNA_002/20220823_033000.WAV,Telephone Field,recover-20220825,002,1795
1324.9005,1324.907,40078,61767,Myotis mystacinus,0.007,0.021,-1,Echolocation,/mnt/ubna_data_01_mir/recover-20220825/UBNA_002/20220823_033000.WAV,Telephone Field,recover-20220825,002,1795
1324.9005,1324.9093,29765,36811,Eptesicus serotinus,0.006,0.026,-1,Echolocation,/mnt/ubna_data_01_mir/recover-20220825/UBNA_002/20220823_033000.WAV,Telephone Field,recover-20220825,002,1795
1324.9105,1324.918,52968,57865,Pipistrellus pygmaeus,0.036,0.039,-1,Echolocation,/mnt/ubna_data_01_mir/recover-20220825/UBNA_002/20220823_033000.WAV,Telephone Field,recover-20220825,002,1795
1324.9135,1324.9202,37500,55685,Pipistrellus nathusii,0.24,0.512,-1,Echolocation,/mnt/ubna_data_01_mir/recover-20220825/UBNA_002/20220823_033000.WAV,Telephone Field,recover-20220825,002,1795
1324.9145,1324.9198,28046,72856,Myotis bechsteinii,0.064,0.116,-1,Echolocation,/mnt/ubna_data_01_mir/recover-20220825/UBNA_002/20220823_033000.WAV,Telephone Field,recover-20220825,002,1795
1324.9235,1324.9317,27187,34296,Nyctalus leisleri,0.007,0.029,-1,Echolocation,/mnt/ubna_data_01_mir/recover-20220825/UBNA_002/20220823_033000.WAV,Telephone Field,recover-20220825,002,1795
1324.9275,1324.962,68437,81643,Rhinolophus ferrumequinum,0.024,0.024,-1,Echolocation,/mnt/ubna_data_01_mir/recover-20220825/UBNA_002/20220823_033000.WAV,Telephone Field,recover-20220825,002,1795
1325.0045,1325.0103,49531,54141,Pipistrellus pipistrellus,0.013,0.024,-1,Echolocation,/mnt/ubna_data_01_mir/recover-20220825/UBNA_002/20220823_033000.WAV,Telephone Field,recover-20220825,002,1795
1325.0045,1325.0116,37500,55459,Pipistrellus nathusii,0.528,0.593,-1,Echolocation,/mnt/ubna_data_01_mir/recover-20220825/UBNA_002/20220823_033000.WAV,Telephone Field,recover-20220825,002,1795
1325.0115,1325.0169,28906,43279,Myotis daubentonii,0.01,0.022,-1,Echolocation,/mnt/ubna_data_01_mir/recover-20220825/UBNA_002/20220823_033000.WAV,Telephone Field,recover-20220825,002,1795
1325.0385,1325.0782,68437,82497,Rhinolophus ferrumequinum,0.023,0.023,-1,Echolocation,/mnt/ubna_data_01_mir/recover-20220825/UBNA_002/20220823_033000.WAV,Telephone Field,recover-20220825,002,1795
1325.0895,1325.0965,47812,55224,Pipistrellus pipistrellus,0.027,0.043,-1,Echolocation,/mnt/ubna_data_01_mir/recover-20220825/UBNA_002/20220823_033000.WAV,Telephone Field,recover-20220825,002,1795
1325.0925,1325.0977,27187,75799,Myotis bechsteinii,0.097,0.16,-1,Echolocation,/mnt/ubna_data_01_mir/recover-20220825/UBNA_002/20220823_033000.WAV,Telephone Field,recover-20220825,002,1795
1325.0935,1325.0998,34921,59499,Pipistrellus nathusii,0.24,0.537,-1,Echolocation,/mnt/ubna_data_01_mir/recover-20220825/UBNA_002/20220823_033000.WAV,Telephone Field,recover-20220825,002,1795
1325.1025,1325.1082,31484,42928,Myotis daubentonii,0.011,0.022,-1,Echolocation,/mnt/ubna_data_01_mir/recover-20220825/UBNA_002/20220823_033000.WAV,Telephone Field,recover-20220825,002,1795
1325.1165,1325.1589,68437,82907,Rhinolophus ferrumequinum,0.032,0.032,-1,Echolocation,/mnt/ubna_data_01_mir/recover-20220825/UBNA_002/20220823_033000.WAV,Telephone Field,recover-20220825,002,1795
1325.1655,1325.2031,68437,81879,Rhinolophus ferrumequinum,0.021,0.021,-1,Echolocation,/mnt/ubna_data_01_mir/recover-20220825/UBNA_002/20220823_033000.WAV,Telephone Field,recover-20220825,002,1795
1325.1815,1325.1873,37500,51137,Pipistrellus nathusii,0.315,0.469,-1,Echolocation,/mnt/ubna_data_01_mir/recover-20220825/UBNA_002/20220823_033000.WAV,Telephone Field,recover-20220825,002,1795
1325.1905,1325.2,25468,31367,Nyctalus leisleri,0.008,0.022,-1,Echolocation,/mnt/ubna_data_01_mir/recover-20220825/UBNA_002/20220823_033000.WAV,Telephone Field,recover-20220825,002,1795
1325.2075,1325.2506,68437,83526,Rhinolophus ferrumequinum,0.028,0.028,-1,Echolocation,/mnt/ubna_data_01_mir/recover-20220825/UBNA_002/20220823_033000.WAV,Telephone Field,recover-20220825,002,1795
1325.2175,1325.2559,68437,82551,Rhinolophus ferrumequinum,0.022,0.022,-1,Echolocation,/mnt/ubna_data_01_mir/recover-20220825/UBNA_002/20220823_033000.WAV,Telephone Field,recover-20220825,002,1795
1325.2355,1325.245,34921,42695,Pipistrellus nathusii,0.052,0.076,-1,Echolocation,/mnt/ubna_data_01_mir/recover-20220825/UBNA_002/20220823_033000.WAV,Telephone Field,recover-20220825,002,1795
1325.2825,1325.3176,68437,82426,Rhinolophus ferrumequinum,0.021,0.021,-1,Echolocation,/mnt/ubna_data_01_mir/recover-20220825/UBNA_002/20220823_033000.WAV,Telephone Field,recover-20220825,002,1795
1325.2835,1325.2915,29765,50133,Myotis daubentonii,0.008,0.024,-1,Echolocation,/mnt/ubna_data_01_mir/recover-20220825/UBNA_002/20220823_033000.WAV,Telephone Field,recover-20220825,002,1795
1325.3035,1325.3364,68437,80272,Rhinolophus ferrumequinum,0.021,0.021,-1,Echolocation,/mnt/ubna_data_01_mir/recover-20220825/UBNA_002/20220823_033000.WAV,Telephone Field,recover-20220825,002,1795
1325.3145,1325.3224,27187,40706,Eptesicus serotinus,0.008,0.022,-1,Echolocation,/mnt/ubna_data_01_mir/recover-20220825/UBNA_002/20220823_033000.WAV,Telephone Field,recover-20220825,002,1795
1325.3225,1325.3283,37500,48466,Myotis brandtii,0.008,0.021,-1,Echolocation,/mnt/ubna_data_01_mir/recover-20220825/UBNA_002/20220823_033000.WAV,Telephone Field,recover-20220825,002,1795
1325.3305,1325.336,39218,55165,Myotis brandtii,0.006,0.021,-1,Echolocation,/mnt/ubna_data_01_mir/recover-20220825/UBNA_002/20220823_033000.WAV,Telephone Field,recover-20220825,002,1795
1325.3305,1325.3363,27187,35805,Myotis daubentonii,0.004,0.026,-1,Echolocation,/mnt/ubna_data_01_mir/recover-20220825/UBNA_002/20220823_033000.WAV,Telephone Field,recover-20220825,002,1795
1325.3335,1325.3391,46953,60479,Pipistrellus pipistrellus,0.018,0.024,-1,Echolocation,/mnt/ubna_data_01_mir/recover-20220825/UBNA_002/20220823_033000.WAV,Telephone Field,recover-20220825,002,1795
1325.3435,1325.3492,26328,77822,Myotis bechsteinii,0.113,0.146,-1,Echolocation,/mnt/ubna_data_01_mir/recover-20220825/UBNA_002/20220823_033000.WAV,Telephone Field,recover-20220825,002,1795
1325.3435,1325.3499,34921,60483,Pipistrellus nathusii,0.218,0.546,-1,Echolocation,/mnt/ubna_data_01_mir/recover-20220825/UBNA_002/20220823_033000.WAV,Telephone Field,recover-20220825,002,1795
1325.3435,1325.3511,49531,54748,Pipistrellus pipistrellus,0.023,0.035,-1,Echolocation,/mnt/ubna_data_01_mir/recover-20220825/UBNA_002/20220823_033000.WAV,Telephone Field,recover-20220825,002,1795
1325.3535,1325.3608,27187,36652,Eptesicus serotinus,0.006,0.027,-1,Echolocation,/mnt/ubna_data_01_mir/recover-20220825/UBNA_002/20220823_033000.WAV,Telephone Field,recover-20220825,002,1795
1325.3785,1325.419,68437,82181,Rhinolophus ferrumequinum,0.021,0.021,-1,Echolocation,/mnt/ubna_data_01_mir/recover-20220825/UBNA_002/20220823_033000.WAV,Telephone Field,recover-20220825,002,1795
1325.4015,1325.4114,25468,32336,Eptesicus serotinus,0.023,0.057,-1,Echolocation,/mnt/ubna_data_01_mir/recover-20220825/UBNA_002/20220823_033000.WAV,Telephone Field,recover-20220825,002,1795
1325.4095,1325.4478,68437,82737,Rhinolophus ferrumequinum,0.022,0.022,-1,Echolocation,/mnt/ubna_data_01_mir/recover-20220825/UBNA_002/20220823_033000.WAV,Telephone Field,recover-20220825,002,1795
1325.4315,1325.438,38359,47645,Pipistrellus nathusii,0.364,0.477,-1,Echolocation,/mnt/ubna_data_01_mir/recover-20220825/UBNA_002/20220823_033000.WAV,Telephone Field,recover-20220825,002,1795
1325.4395,1325.4454,29765,40976,Myotis daubentonii,0.01,0.021,-1,Echolocation,/mnt/ubna_data_01_mir/recover-20220825/UBNA_002/20220823_033000.WAV,Telephone Field,recover-20220825,002,1795
1325.4635,1325.5035,68437,82316,Rhinolophus ferrumequinum,0.022,0.022,-1,Echolocation,/mnt/ubna_data_01_mir/recover-20220825/UBNA_002/20220823_033000.WAV,Telephone Field,recover-20220825,002,1795
1325.4685,1325.4761,42656,50101,Pipistrellus pipistrellus,0.017,0.025,-1,Echolocation,/mnt/ubna_data_01_mir/recover-20220825/UBNA_002/20220823_033000.WAV,Telephone Field,recover-20220825,002,1795
1325.4795,1325.5161,68437,82350,Rhinolophus ferrumequinum,0.023,0.023,-1,Echolocation,/mnt/ubna_data_01_mir/recover-20220825/UBNA_002/20220823_033000.WAV,Telephone Field,recover-20220825,002,1795
1325.5445,1325.5523,28046,36643,Eptesicus serotinus,0.008,0.025,-1,Echolocation,/mnt/ubna_data_01_mir/recover-20220825/UBNA_002/20220823_033000.WAV,Telephone Field,recover-20220825,002,1795
1325.5695,1325.6075,68437,82320,Rhinolophus ferrumequinum,0.022,0.022,-1,Echolocation,/mnt/ubna_data_01_mir/recover-20220825/UBNA_002/20220823_033000.WAV,Telephone Field,recover-20220825,002,1795
1325.6125,1325.6179,36640,53290,Myotis brandtii,0.155,0.331,-1,Echolocation,/mnt/ubna_data_01_mir/recover-20220825/UBNA_002/20220823_033000.WAV,Telephone Field,recover-20220825,002,1795
1325.6255,1325.6344,28046,35003,Eptesicus serotinus,0.008,0.025,-1,Echolocation,/mnt/ubna_data_01_mir/recover-20220825/UBNA_002/20220823_033000.WAV,Telephone Field,recover-20220825,002,1795
1325.6605,1325.6684,27187,37576,Eptesicus serotinus,0.006,0.021,-1,Echolocation,/mnt/ubna_data_01_mir/recover-20220825/UBNA_002/20220823_033000.WAV,Telephone Field,recover-20220825,002,1795
1325.6645,1325.6766,56406,62216,Pipistrellus pygmaeus,0.023,0.023,-1,Echolocation,/mnt/ubna_data_01_mir/recover-20220825/UBNA_002/20220823_033000.WAV,Telephone Field,recover-20220825,002,1795
1325.6875,1325.6953,27187,39723,Eptesicus serotinus,0.007,0.022,-1,Echolocation,/mnt/ubna_data_01_mir/recover-20220825/UBNA_002/20220823_033000.WAV,Telephone Field,recover-20220825,002,1795
1325.6945,1325.7319,68437,81878,Rhinolophus ferrumequinum,0.021,0.021,-1,Echolocation,/mnt/ubna_data_01_mir/recover-20220825/UBNA_002/20220823_033000.WAV,Telephone Field,recover-20220825,002,1795
1325.7025,1325.71,27187,43903,Eptesicus serotinus,0.007,0.024,-1,Echolocation,/mnt/ubna_data_01_mir/recover-20220825/UBNA_002/20220823_033000.WAV,Telephone Field,recover-20220825,002,1795
1325.7085,1325.7174,40937,44933,Pipistrellus nathusii,0.047,0.061,-1,Echolocation,/mnt/ubna_data_01_mir/recover-20220825/UBNA_002/20220823_033000.WAV,Telephone Field,recover-20220825,002,1795
1325.7115,1325.7179,25468,39202,Myotis nattereri,0.005,0.023,-1,Echolocation,/mnt/ubna_data_01_mir/recover-20220825/UBNA_002/20220823_033000.WAV,Telephone Field,recover-20220825,002,1795
1325.7465,1325.7818,68437,81559,Rhinolophus ferrumequinum,0.022,0.022,-1,Echolocation,/mnt/ubna_data_01_mir/recover-20220825/UBNA_002/20220823_033000.WAV,Telephone Field,recover-20220825,002,1795
1325.7545,1325.7659,49531,54837,Pipistrellus pipistrellus,0.051,0.072,-1,Echolocation,/mnt/ubna_data_01_mir/recover-20220825/UBNA_002/20220823_033000.WAV,Telephone Field,recover-20220825,002,1795
1325.7695,1325.8072,68437,82225,Rhinolophus ferrumequinum,0.022,0.022,-1,Echolocation,/mnt/ubna_data_01_mir/recover-20220825/UBNA_002/20220823_033000.WAV,Telephone Field,recover-20220825,002,1795
1325.7915,1325.7997,27187,36644,Eptesicus serotinus,0.008,0.023,-1,Echolocation,/mnt/ubna_data_01_mir/recover-20220825/UBNA_002/20220823_033000.WAV,Telephone Field,recover-20220825,002,1795
1325.7945,1325.83,68437,81225,Rhinolophus ferrumequinum,0.021,0.021,-1,Echolocation,/mnt/ubna_data_01_mir/recover-20220825/UBNA_002/20220823_033000.WAV,Telephone Field,recover-20220825,002,1795
1325.8005,1325.8095,40937,48783,Pipistrellus nathusii,0.361,0.434,-1,Echolocation,/mnt/ubna_data_01_mir/recover-20220825/UBNA_002/20220823_033000.WAV,Telephone Field,recover-20220825,002,1795
1325.8125,1325.848,68437,81208,Rhinolophus ferrumequinum,0.021,0.021,-1,Echolocation,/mnt/ubna_data_01_mir/recover-20220825/UBNA_002/20220823_033000.WAV,Telephone Field,recover-20220825,002,1795
1325.8525,1325.8922,68437,82430,Rhinolophus ferrumequinum,0.022,0.022,-1,Echolocation,/mnt/ubna_data_01_mir/recover-20220825/UBNA_002/20220823_033000.WAV,Telephone Field,recover-20220825,002,1795
1325.8655,1325.8758,14296,18849,Nyctalus noctula,0.01,0.023,-1,Echolocation,/mnt/ubna_data_01_mir/recover-20220825/UBNA_002/20220823_033000.WAV,Telephone Field,recover-20220825,002,1795
1325.8865,1325.924,68437,81992,Rhinolophus ferrumequinum,0.022,0.022,-1,Echolocation,/mnt/ubna_data_01_mir/recover-20220825/UBNA_002/20220823_033000.WAV,Telephone Field,recover-20220825,002,1795
1325.8945,1325.9042,40937,45258,Pipistrellus nathusii,0.022,0.036,-1,Echolocation,/mnt/ubna_data_01_mir/recover-20220825/UBNA_002/20220823_033000.WAV,Telephone Field,recover-20220825,002,1795
1325.9015,1325.9097,27187,39570,Eptesicus serotinus,0.007,0.022,-1,Echolocation,/mnt/ubna_data_01_mir/recover-20220825/UBNA_002/20220823_033000.WAV,Telephone Field,recover-20220825,002,1795
1325.9085,1325.9482,68437,82583,Rhinolophus ferrumequinum,0.021,0.021,-1,Echolocation,/mnt/ubna_data_01_mir/recover-20220825/UBNA_002/20220823_033000.WAV,Telephone Field,recover-20220825,002,1795
1325.9215,1325.962,68437,83363,Rhinolophus ferrumequinum,0.026,0.026,-1,Echolocation,/mnt/ubna_data_01_mir/recover-20220825/UBNA_002/20220823_033000.WAV,Telephone Field,recover-20220825,002,1795
1325.9845,1325.9898,39218,54141,Myotis brandtii,0.116,0.301,-1,Echolocation,/mnt/ubna_data_01_mir/recover-20220825/UBNA_002/20220823_033000.WAV,Telephone Field,recover-20220825,002,1795
1326.0015,1326.0313,68437,80337,Rhinolophus ferrumequinum,0.028,0.028,-1,Echolocation,/mnt/ubna_data_01_mir/recover-20220825/UBNA_002/20220823_033000.WAV,Telephone Field,recover-20220825,002,1795
1326.0015,1326.0086,24609,37823,Myotis nattereri,0.006,0.025,-1,Echolocation,/mnt/ubna_data_01_mir/recover-20220825/UBNA_002/20220823_033000.WAV,Telephone Field,recover-20220825,002,1795
1326.0015,1326.0101,46953,52079,Pipistrellus pipistrellus,0.016,0.022,-1,Echolocation,/mnt/ubna_data_01_mir/recover-20220825/UBNA_002/20220823_033000.WAV,Telephone Field,recover-20220825,002,1795
1326.0045,1326.0118,32343,45170,Myotis daubentonii,0.014,0.021,-1,Echolocation,/mnt/ubna_data_01_mir/recover-20220825/UBNA_002/20220823_033000.WAV,Telephone Field,recover-20220825,002,1795
1326.0065,1326.0467,68437,81014,Rhinolophus ferrumequinum,0.024,0.024,-1,Echolocation,/mnt/ubna_data_01_mir/recover-20220825/UBNA_002/20220823_033000.WAV,Telephone Field,recover-20220825,002,1795
1326.0375,1326.0454,27187,37678,Eptesicus serotinus,0.007,0.021,-1,Echolocation,/mnt/ubna_data_01_mir/recover-20220825/UBNA_002/20220823_033000.WAV,Telephone Field,recover-20220825,002,1795
1326.0775,1326.0863,24609,32912,Eptesicus serotinus,0.007,0.022,-1,Echolocation,/mnt/ubna_data_01_mir/recover-20220825/UBNA_002/20220823_033000.WAV,Telephone Field,recover-20220825,002,1795
1326.1135,1326.1207,27187,38395,Eptesicus serotinus,0.006,0.021,-1,Echolocation,/mnt/ubna_data_01_mir/recover-20220825/UBNA_002/20220823_033000.WAV,Telephone Field,recover-20220825,002,1795
1326.1385,1326.1497,22890,28356,Nyctalus leisleri,0.011,0.024,-1,Echolocation,/mnt/ubna_data_01_mir/recover-20220825/UBNA_002/20220823_033000.WAV,Telephone Field,recover-20220825,002,1795
1326.1485,1326.1583,24609,31643,Eptesicus serotinus,0.008,0.022,-1,Echolocation,/mnt/ubna_data_01_mir/recover-20220825/UBNA_002/20220823_033000.WAV,Telephone Field,recover-20220825,002,1795
1326.1525,1326.1937,68437,82843,Rhinolophus ferrumequinum,0.031,0.031,-1,Echolocation,/mnt/ubna_data_01_mir/recover-20220825/UBNA_002/20220823_033000.WAV,Telephone Field,recover-20220825,002,1795
1326.1565,1326.164,27187,37769,Eptesicus serotinus,0.007,0.024,-1,Echolocation,/mnt/ubna_data_01_mir/recover-20220825/UBNA_002/20220823_033000.WAV,Telephone Field,recover-20220825,002,1795
1326.1645,1326.17,40078,51318,Myotis daubentonii,0.18,0.271,-1,Echolocation,/mnt/ubna_data_01_mir/recover-20220825/UBNA_002/20220823_033000.WAV,Telephone Field,recover-20220825,002,1795
1326.2295,1326.2692,68437,82421,Rhinolophus ferrumequinum,0.021,0.021,-1,Echolocation,/mnt/ubna_data_01_mir/recover-20220825/UBNA_002/20220823_033000.WAV,Telephone Field,recover-20220825,002,1795
1326.2535,1326.2598,26328,41322,Eptesicus serotinus,0.006,0.023,-1,Echolocation,/mnt/ubna_data_01_mir/recover-20220825/UBNA_002/20220823_033000.WAV,Telephone Field,recover-20220825,002,1795
1326.2675,1326.3102,68437,82978,Rhinolophus ferrumequinum,0.026,0.026,-1,Echolocation,/mnt/ubna_data_01_mir/recover-20220825/UBNA_002/20220823_033000.WAV,Telephone Field,recover-20220825,002,1795
1326.3145,1326.3236,27187,36461,Eptesicus serotinus,0.01,0.025,-1,Echolocation,/mnt/ubna_data_01_mir/recover-20220825/UBNA_002/20220823_033000.WAV,Telephone Field,recover-20220825,002,1795
1326.3355,1326.3729,68437,81791,Rhinolophus ferrumequinum,0.021,0.021,-1,Echolocation,/mnt/ubna_data_01_mir/recover-20220825/UBNA_002/20220823_033000.WAV,Telephone Field,recover-20220825,002,1795
1326.3425,1326.3476,30625,66523,Myotis daubentonii,0.063,0.109,-1,Echolocation,/mnt/ubna_data_01_mir/recover-20220825/UBNA_002/20220823_033000.WAV,Telephone Field,recover-20220825,002,1795
1326.3435,1326.347,38359,53706,Myotis daubentonii,0.126,0.238,-1,Echolocation,/mnt/ubna_data_01_mir/recover-20220825/UBNA_002/20220823_033000.WAV,Telephone Field,recover-20220825,002,1795
1326.4005,1326.4395,68437,82391,Rhinolophus ferrumequinum,0.021,0.021,-1,Echolocation,/mnt/ubna_data_01_mir/recover-20220825/UBNA_002/20220823_033000.WAV,Telephone Field,recover-20220825,002,1795
1326.4035,1326.4098,30625,51449,Myotis daubentonii,0.013,0.023,-1,Echolocation,/mnt/ubna_data_01_mir/recover-20220825/UBNA_002/20220823_033000.WAV,Telephone Field,recover-20220825,002,1795
1326.4305,1326.4385,27187,39836,Eptesicus serotinus,0.008,0.022,-1,Echolocation,/mnt/ubna_data_01_mir/recover-20220825/UBNA_002/20220823_033000.WAV,Telephone Field,recover-20220825,002,1795
1326.4725,1326.4796,27187,43093,Myotis daubentonii,0.008,0.028,-1,Echolocation,/mnt/ubna_data_01_mir/recover-20220825/UBNA_002/20220823_033000.WAV,Telephone Field,recover-20220825,002,1795
1326.4905,1326.5314,68437,82700,Rhinolophus ferrumequinum,0.029,0.029,-1,Echolocation,/mnt/ubna_data_01_mir/recover-20220825/UBNA_002/20220823_033000.WAV,Telephone Field,recover-20220825,002,1795
1326.5145,1326.5515,68437,82299,Rhinolophus ferrumequinum,0.022,0.022,-1,Echolocation,/mnt/ubna_data_01_mir/recover-20220825/UBNA_002/20220823_033000.WAV,Telephone Field,recover-20220825,002,1795
1326.5525,1326.5635,28906,37517,Eptesicus serotinus,0.019,0.036,-1,Echolocation,/mnt/ubna_data_01_mir/recover-20220825/UBNA_002/20220823_033000.WAV,Telephone Field,recover-20220825,002,1795
1326.5545,1326.595,68437,82478,Rhinolophus ferrumequinum,0.026,0.026,-1,Echolocation,/mnt/ubna_data_01_mir/recover-20220825/UBNA_002/20220823_033000.WAV,Telephone Field,recover-20220825,002,1795
1326.5935,1326.6029,27187,35237,Eptesicus serotinus,0.009,0.022,-1,Echolocation,/mnt/ubna_data_01_mir/recover-20220825/UBNA_002/20220823_033000.WAV,Telephone Field,recover-20220825,002,1795
1326.6005,1326.6387,68437,82401,Rhinolophus ferrumequinum,0.022,0.022,-1,Echolocation,/mnt/ubna_data_01_mir/recover-20220825/UBNA_002/20220823_033000.WAV,Telephone Field,recover-20220825,002,1795
1326.6385,1326.678,68437,82779,Rhinolophus ferrumequinum,0.022,0.022,-1,Echolocation,/mnt/ubna_data_01_mir/recover-20220825/UBNA_002/20220823_033000.WAV,Telephone Field,recover-20220825,002,1795
1326.6385,1326.6493,28046,37414,Eptesicus serotinus,0.015,0.03,-1,Echolocation,/mnt/ubna_data_01_mir/recover-20220825/UBNA_002/20220823_033000.WAV,Telephone Field,recover-20220825,002,1795
1326.6875,1326.6966,28046,38583,Eptesicus serotinus,0.008,0.024,-1,Echolocation,/mnt/ubna_data_01_mir/recover-20220825/UBNA_002/20220823_033000.WAV,Telephone Field,recover-20220825,002,1795
1326.6915,1326.729,68437,82344,Rhinolophus ferrumequinum,0.022,0.022,-1,Echolocation,/mnt/ubna_data_01_mir/recover-20220825/UBNA_002/20220823_033000.WAV,Telephone Field,recover-20220825,002,1795
1326.7075,1326.7133,29765,56041,Myotis daubentonii,0.024,0.039,-1,Echolocation,/mnt/ubna_data_01_mir/recover-20220825/UBNA_002/20220823_033000.WAV,Telephone Field,recover-20220825,002,1795
1326.7075,1326.7128,39218,49724,Myotis daubentonii,0.045,0.067,-1,Echolocation,/mnt/ubna_data_01_mir/recover-20220825/UBNA_002/20220823_033000.WAV,Telephone Field,recover-20220825,002,1795
1326.7165,1326.752,68437,81733,Rhinolophus ferrumequinum,0.023,0.023,-1,Echolocation,/mnt/ubna_data_01_mir/recover-20220825/UBNA_002/20220823_033000.WAV,Telephone Field,recover-20220825,002,1795
1326.7215,1326.7289,27187,38432,Eptesicus serotinus,0.007,0.025,-1,Echolocation,/mnt/ubna_data_01_mir/recover-20220825/UBNA_002/20220823_033000.WAV,Telephone Field,recover-20220825,002,1795
1326.7275,1326.7351,28046,39031,Eptesicus serotinus,0.007,0.023,-1,Echolocation,/mnt/ubna_data_01_mir/recover-20220825/UBNA_002/20220823_033000.WAV,Telephone Field,recover-20220825,002,1795
1326.7575,1326.7963,68437,82534,Rhinolophus ferrumequinum,0.025,0.025,-1,Echolocation,/mnt/ubna_data_01_mir/recover-20220825/UBNA_002/20220823_033000.WAV,Telephone Field,recover-20220825,002,1795
1326.7775,1326.7857,27187,41249,Eptesicus serotinus,0.009,0.024,-1,Echolocation,/mnt/ubna_data_01_mir/recover-20220825/UBNA_002/20220823_033000.WAV,Telephone Field,recover-20220825,002,1795
1326.7955,1326.8308,68437,81512,Rhinolophus ferrumequinum,0.022,0.022,-1,Echolocation,/mnt/ubna_data_01_mir/recover-20220825/UBNA_002/20220823_033000.WAV,Telephone Field,recover-20220825,002,1795
1326.8255,1326.8315,45234,54168,Pipistrellus pipistrellus,0.017,0.022,-1,Echolocation,/mnt/ubna_data_01_mir/recover-20220825/UBNA_002/20220823_033000.WAV,Telephone Field,recover-20220825,002,1795
1326.8365,1326.875,68437,81774,Rhinolophus ferrumequinum,0.021,0.021,-1,Echolocation,/mnt/ubna_data_01_mir/recover-20220825/UBNA_002/20220823_033000.WAV,Telephone Field,recover-20220825,002,1795
1326.8565,1326.8935,68437,80833,Rhinolophus ferrumequinum,0.025,0.025,-1,Echolocation,/mnt/ubna_data_01_mir/recover-20220825/UBNA_002/20220823_033000.WAV,Telephone Field,recover-20220825,002,1795
1326.8775,1326.9139,68437,80915,Rhinolophus ferrumequinum,0.023,0.023,-1,Echolocation,/mnt/ubna_data_01_mir/recover-20220825/UBNA_002/20220823_033000.WAV,Telephone Field,recover-20220825,002,1795
1326.8805,1326.8863,37500,53697,Myotis daubentonii,0.007,0.021,-1,Echolocation,/mnt/ubna_data_01_mir/recover-20220825/UBNA_002/20220823_033000.WAV,Telephone Field,recover-20220825,002,1795
1326.9195,1326.9265,27187,37700,Eptesicus serotinus,0.006,0.022,-1,Echolocation,/mnt/ubna_data_01_mir/recover-20220825/UBNA_002/20220823_033000.WAV,Telephone Field,recover-20220825,002,1795
1326.9615,1326.9747,23750,29441,Nyctalus leisleri,0.011,0.025,-1,Echolocation,/mnt/ubna_data_01_mir/recover-20220825/UBNA_002/20220823_033000.WAV,Telephone Field,recover-20220825,002,1795
1326.9715,1326.9824,23750,29358,Nyctalus leisleri,0.01,0.023,-1,Echolocation,/mnt/ubna_data_01_mir/recover-20220825/UBNA_002/20220823_033000.WAV,Telephone Field,recover-20220825,002,1795
1326.9865,1326.9975,23750,30494,Nyctalus leisleri,0.012,0.03,-1,Echolocation,/mnt/ubna_data_01_mir/recover-20220825/UBNA_002/20220823_033000.WAV,Telephone Field,recover-20220825,002,1795
1326.9995,1327.0074,28046,38614,Eptesicus serotinus,0.009,0.026,-1,Echolocation,/mnt/ubna_data_01_mir/recover-20220825/UBNA_002/20220823_033000.WAV,Telephone Field,recover-20220825,002,1795
1327.0285,1327.0679,68437,81998,Rhinolophus ferrumequinum,0.024,0.024,-1,Echolocation,/mnt/ubna_data_01_mir/recover-20220825/UBNA_002/20220823_033000.WAV,Telephone Field,recover-20220825,002,1795
1327.0485,1327.0818,68437,81888,Rhinolophus ferrumequinum,0.028,0.028,-1,Echolocation,/mnt/ubna_data_01_mir/recover-20220825/UBNA_002/20220823_033000.WAV,Telephone Field,recover-20220825,002,1795
1327.1065,1327.1441,68437,81678,Rhinolophus ferrumequinum,0.023,0.023,-1,Echolocation,/mnt/ubna_data_01_mir/recover-20220825/UBNA_002/20220823_033000.WAV,Telephone Field,recover-20220825,002,1795
1327.1295,1327.1381,26328,37430,Eptesicus serotinus,0.009,0.027,-1,Echolocation,/mnt/ubna_data_01_mir/recover-20220825/UBNA_002/20220823_033000.WAV,Telephone Field,recover-20220825,002,1795
1327.1815,1327.1877,27187,39006,Eptesicus serotinus,0.007,0.03,-1,Echolocation,/mnt/ubna_data_01_mir/recover-20220825/UBNA_002/20220823_033000.WAV,Telephone Field,recover-20220825,002,1795
1327.2165,1327.2523,68437,81598,Rhinolophus ferrumequinum,0.025,0.025,-1,Echolocation,/mnt/ubna_data_01_mir/recover-20220825/UBNA_002/20220823_033000.WAV,Telephone Field,recover-20220825,002,1795
1327.2355,1327.2768,68437,82786,Rhinolophus ferrumequinum,0.025,0.025,-1,Echolocation,/mnt/ubna_data_01_mir/recover-20220825/UBNA_002/20220823_033000.WAV,Telephone Field,recover-20220825,002,1795
1327.2485,1327.289,68437,82888,Rhinolophus ferrumequinum,0.023,0.023,-1,Echolocation,/mnt/ubna_data_01_mir/recover-20220825/UBNA_002/20220823_033000.WAV,Telephone Field,recover-20220825,002,1795
1327.2735,1327.3144,68437,81722,Rhinolophus ferrumequinum,0.023,0.023,-1,Echolocation,/mnt/ubna_data_01_mir/recover-20220825/UBNA_002/20220823_033000.WAV,Telephone Field,recover-20220825,002,1795
1327.2815,1327.3219,68437,82334,Rhinolophus ferrumequinum,0.023,0.023,-1,Echolocation,/mnt/ubna_data_01_mir/recover-20220825/UBNA_002/20220823_033000.WAV,Telephone Field,recover-20220825,002,1795
1327.2865,1327.2944,27187,36450,Eptesicus serotinus,0.006,0.021,-1,Echolocation,/mnt/ubna_data_01_mir/recover-20220825/UBNA_002/20220823_033000.WAV,Telephone Field,recover-20220825,002,1795
1327.3275,1327.369,68437,83055,Rhinolophus ferrumequinum,0.028,0.028,-1,Echolocation,/mnt/ubna_data_01_mir/recover-20220825/UBNA_002/20220823_033000.WAV,Telephone Field,recover-20220825,002,1795
1327.3355,1327.3439,30625,38767,Myotis daubentonii,0.01,0.029,-1,Echolocation,/mnt/ubna_data_01_mir/recover-20220825/UBNA_002/20220823_033000.WAV,Telephone Field,recover-20220825,002,1795
1327.3645,1327.4013,68437,81999,Rhinolophus ferrumequinum,0.026,0.026,-1,Echolocation,/mnt/ubna_data_01_mir/recover-20220825/UBNA_002/20220823_033000.WAV,Telephone Field,recover-20220825,002,1795
1327.3905,1327.431,68437,82919,Rhinolophus ferrumequinum,0.028,0.028,-1,Echolocation,/mnt/ubna_data_01_mir/recover-20220825/UBNA_002/20220823_033000.WAV,Telephone Field,recover-20220825,002,1795
1327.4325,1327.4415,25468,33443,Eptesicus serotinus,0.009,0.023,-1,Echolocation,/mnt/ubna_data_01_mir/recover-20220825/UBNA_002/20220823_033000.WAV,Telephone Field,recover-20220825,002,1795
1327.4465,1327.4896,68437,83248,Rhinolophus ferrumequinum,0.031,0.031,-1,Echolocation,/mnt/ubna_data_01_mir/recover-20220825/UBNA_002/20220823_033000.WAV,Telephone Field,recover-20220825,002,1795
1327.4855,1327.491,34921,50750,Myotis daubentonii,0.014,0.028,-1,Echolocation,/mnt/ubna_data_01_mir/recover-20220825/UBNA_002/20220823_033000.WAV,Telephone Field,recover-20220825,002,1795
1327.5355,1327.5721,68437,81384,Rhinolophus ferrumequinum,0.022,0.022,-1,Echolocation,/mnt/ubna_data_01_mir/recover-20220825/UBNA_002/20220823_033000.WAV,Telephone Field,recover-20220825,002,1795
1327.5465,1327.5571,36640,42606,Barbastellus barbastellus,0.005,0.023,-1,Echolocation,/mnt/ubna_data_01_mir/recover-20220825/UBNA_002/20220823_033000.WAV,Telephone Field,recover-20220825,002,1795
1327.5495,1327.5576,22890,31607,Plecotus austriacus,0.011,0.026,-1,Echolocation,/mnt/ubna_data_01_mir/recover-20220825/UBNA_002/20220823_033000.WAV,Telephone Field,recover-20220825,002,1795
1327.5515,1327.5596,28046,37914,Eptesicus serotinus,0.01,0.027,-1,Echolocation,/mnt/ubna_data_01_mir/recover-20220825/UBNA_002/20220823_033000.WAV,Telephone Field,recover-20220825,002,1795
1327.5625,1327.6055,68437,83174,Rhinolophus ferrumequinum,0.049,0.049,-1,Echolocation,/mnt/ubna_data_01_mir/recover-20220825/UBNA_002/20220823_033000.WAV,Telephone Field,recover-20220825,002,1795
1327.6135,1327.6466,68437,81438,Rhinolophus ferrumequinum,0.023,0.024,-1,Echolocation,/mnt/ubna_data_01_mir/recover-20220825/UBNA_002/20220823_033000.WAV,Telephone Field,recover-20220825,002,1795
1327.6395,1327.6794,68437,81955,Rhinolophus ferrumequinum,0.022,0.022,-1,Echolocation,/mnt/ubna_data_01_mir/recover-20220825/UBNA_002/20220823_033000.WAV,Telephone Field,recover-20220825,002,1795
1327.7025,1327.7423,68437,82318,Rhinolophus ferrumequinum,0.021,0.021,-1,Echolocation,/mnt/ubna_data_01_mir/recover-20220825/UBNA_002/20220823_033000.WAV,Telephone Field,recover-20220825,002,1795
1327.7485,1327.7564,36640,44195,Myotis daubentonii,0.01,0.023,-1,Echolocation,/mnt/ubna_data_01_mir/recover-20220825/UBNA_002/20220823_033000.WAV,Telephone Field,recover-20220825,002,1795
1327.7795,1327.7911,23750,29315,Nyctalus leisleri,0.01,0.023,-1,Echolocation,/mnt/ubna_data_01_mir/recover-20220825/UBNA_002/20220823_033000.WAV,Telephone Field,recover-20220825,002,1795
1327.7885,1327.7969,28046,39164,Eptesicus serotinus,0.007,0.021,-1,Echolocation,/mnt/ubna_data_01_mir/recover-20220825/UBNA_002/20220823_033000.WAV,Telephone Field,recover-20220825,002,1795
1327.7975,1327.8319,68437,81085,Rhinolophus ferrumequinum,0.023,0.023,-1,Echolocation,/mnt/ubna_data_01_mir/recover-20220825/UBNA_002/20220823_033000.WAV,Telephone Field,recover-20220825,002,1795
1327.8115,1327.849,68437,81660,Rhinolophus ferrumequinum,0.021,0.021,-1,Echolocation,/mnt/ubna_data_01_mir/recover-20220825/UBNA_002/20220823_033000.WAV,Telephone Field,recover-20220825,002,1795
1327.9015,1327.909,27187,39203,Eptesicus serotinus,0.008,0.027,-1,Echolocation,/mnt/ubna_data_01_mir/recover-20220825/UBNA_002/20220823_033000.WAV,Telephone Field,recover-20220825,002,1795
1327.9245,1327.9326,27187,37900,Eptesicus serotinus,0.008,0.023,-1,Echolocation,/mnt/ubna_data_01_mir/recover-20220825/UBNA_002/20220823_033000.WAV,Telephone Field,recover-20220825,002,1795
1327.9375,1327.9478,28046,36138,Eptesicus serotinus,0.013,0.028,-1,Echolocation,/mnt/ubna_data_01_mir/recover-20220825/UBNA_002/20220823_033000.WAV,Telephone Field,recover-20220825,002,1795
1327.9565,1327.9915,68437,81468,Rhinolophus ferrumequinum,0.021,0.022,-1,Echolocation,/mnt/ubna_data_01_mir/recover-20220825/UBNA_002/20220823_033000.WAV,Telephone Field,recover-20220825,002,1795
1327.9755,1327.9835,27187,39649,Eptesicus serotinus,0.008,0.025,-1,Echolocation,/mnt/ubna_data_01_mir/recover-20220825/UBNA_002/20220823_033000.WAV,Telephone Field,recover-20220825,002,1795
1327.9825,1327.9897,27187,40493,Eptesicus serotinus,0.008,0.027,-1,Echolocation,/mnt/ubna_data_01_mir/recover-20220825/UBNA_002/20220823_033000.WAV,Telephone Field,recover-20220825,002,1795
1328.0015,1328.0083,46953,55243,Pipistrellus pipistrellus,0.013,0.023,-1,Echolocation,/mnt/ubna_data_01_mir/recover-20220825/UBNA_002/20220823_033000.WAV,Telephone Field,recover-20220825,002,1795
1328.0015,1328.0123,21171,26756,Nyctalus leisleri,0.013,0.028,-1,Echolocation,/mnt/ubna_data_01_mir/recover-20220825/UBNA_002/20220823_033000.WAV,Telephone Field,recover-20220825,002,1795
1328.0015,1328.0341,69296,81321,Rhinolophus ferrumequinum,0.028,0.028,-1,Echolocation,/mnt/ubna_data_01_mir/recover-20220825/UBNA_002/20220823_033000.WAV,Telephone Field,recover-20220825,002,1795
1328.0015,1328.0093,26328,36339,Nyctalus leisleri,0.007,0.029,-1,Echolocation,/mnt/ubna_data_01_mir/recover-20220825/UBNA_002/20220823_033000.WAV,Telephone Field,recover-20220825,002,1795
1328.0095,1328.0512,68437,81437,Rhinolophus ferrumequinum,0.027,0.027,-1,Echolocation,/mnt/ubna_data_01_mir/recover-20220825/UBNA_002/20220823_033000.WAV,Telephone Field,recover-20220825,002,1795
1328.0545,1328.0943,68437,82526,Rhinolophus ferrumequinum,0.022,0.022,-1,Echolocation,/mnt/ubna_data_01_mir/recover-20220825/UBNA_002/20220823_033000.WAV,Telephone Field,recover-20220825,002,1795
1328.0695,1328.103,68437,81491,Rhinolophus ferrumequinum,0.021,0.021,-1,Echolocation,/mnt/ubna_data_01_mir/recover-20220825/UBNA_002/20220823_033000.WAV,Telephone Field,recover-20220825,002,1795
1328.0745,1328.0854,28906,35788,Eptesicus serotinus,0.013,0.028,-1,Echolocation,/mnt/ubna_data_01_mir/recover-20220825/UBNA_002/20220823_033000.WAV,Telephone Field,recover-20220825,002,1795
1328.0935,1328.1305,68437,81366,Rhinolophus ferrumequinum,0.023,0.023,-1,Echolocation,/mnt/ubna_data_01_mir/recover-20220825/UBNA_002/20220823_033000.WAV,Telephone Field,recover-20220825,002,1795
1328.1165,1328.1253,28046,38243,Eptesicus serotinus,0.008,0.022,-1,Echolocation,/mnt/ubna_data_01_mir/recover-20220825/UBNA_002/20220823_033000.WAV,Telephone Field,recover-20220825,002,1795
1328.1205,1328.1581,68437,81779,Rhinolophus ferrumequinum,0.023,0.023,-1,Echolocation,/mnt/ubna_data_01_mir/recover-20220825/UBNA_002/20220823_033000.WAV,Telephone Field,recover-20220825,002,1795
1328.1545,1328.1958,68437,82730,Rhinolophus ferrumequinum,0.023,0.023,-1,Echolocation,/mnt/ubna_data_01_mir/recover-20220825/UBNA_002/20220823_033000.WAV,Telephone Field,recover-20220825,002,1795
1328.1685,1328.2088,68437,82681,Rhinolophus ferrumequinum,0.023,0.023,-1,Echolocation,/mnt/ubna_data_01_mir/recover-20220825/UBNA_002/20220823_033000.WAV,Telephone Field,recover-20220825,002,1795
1328.2235,1328.2606,68437,82351,Rhinolophus ferrumequinum,0.023,0.023,-1,Echolocation,/mnt/ubna_data_01_mir/recover-20220825/UBNA_002/20220823_033000.WAV,Telephone Field,recover-20220825,002,1795
1328.2285,1328.2396,22031,27763,Nyctalus leisleri,0.012,0.029,-1,Echolocation,/mnt/ubna_data_01_mir/recover-20220825/UBNA_002/20220823_033000.WAV,Telephone Field,recover-20220825,002,1795
1328.2505,1328.2892,68437,82261,Rhinolophus ferrumequinum,0.025,0.025,-1,Echolocation,/mnt/ubna_data_01_mir/recover-20220825/UBNA_002/20220823_033000.WAV,Telephone Field,recover-20220825,002,1795
1328.2835,1328.3201,68437,81553,Rhinolophus ferrumequinum,0.021,0.022,-1,Echolocation,/mnt/ubna_data_01_mir/recover-20220825/UBNA_002/20220823_033000.WAV,Telephone Field,recover-20220825,002,1795
1328.3215,1328.3291,28046,41542,Eptesicus serotinus,0.006,0.022,-1,Echolocation,/mnt/ubna_data_01_mir/recover-20220825/UBNA_002/20220823_033000.WAV,Telephone Field,recover-20220825,002,1795
1328.3285,1328.3363,28046,38672,Eptesicus serotinus,0.007,0.023,-1,Echolocation,/mnt/ubna_data_01_mir/recover-20220825/UBNA_002/20220823_033000.WAV,Telephone Field,recover-20220825,002,1795
1328.3635,1328.3714,23750,31732,Plecotus austriacus,0.008,0.022,-1,Echolocation,/mnt/ubna_data_01_mir/recover-20220825/UBNA_002/20220823_033000.WAV,Telephone Field,recover-20220825,002,1795
1328.4005,1328.4405,68437,82148,Rhinolophus ferrumequinum,0.024,0.024,-1,Echolocation,/mnt/ubna_data_01_mir/recover-20220825/UBNA_002/20220823_033000.WAV,Telephone Field,recover-20220825,002,1795
1328.4115,1328.4303,21171,24549,Nyctalus leisleri,0.028,0.051,-1,Echolocation,/mnt/ubna_data_01_mir/recover-20220825/UBNA_002/20220823_033000.WAV,Telephone Field,recover-20220825,002,1795
1328.4475,1328.4852,68437,81908,Rhinolophus ferrumequinum,0.022,0.022,-1,Echolocation,/mnt/ubna_data_01_mir/recover-20220825/UBNA_002/20220823_033000.WAV,Telephone Field,recover-20220825,002,1795
1328.4685,1328.5072,68437,82374,Rhinolophus ferrumequinum,0.028,0.028,-1,Echolocation,/mnt/ubna_data_01_mir/recover-20220825/UBNA_002/20220823_033000.WAV,Telephone Field,recover-20220825,002,1795
1328.5135,1328.5543,68437,82689,Rhinolophus ferrumequinum,0.026,0.026,-1,Echolocation,/mnt/ubna_data_01_mir/recover-20220825/UBNA_002/20220823_033000.WAV,Telephone Field,recover-20220825,002,1795
1328.5425,1328.5826,68437,82174,Rhinolophus ferrumequinum,0.024,0.024,-1,Echolocation,/mnt/ubna_data_01_mir/recover-20220825/UBNA_002/20220823_033000.WAV,Telephone Field,recover-20220825,002,1795
1328.5885,1328.6283,68437,81983,Rhinolophus ferrumequinum,0.023,0.023,-1,Echolocation,/mnt/ubna_data_01_mir/recover-20220825/UBNA_002/20220823_033000.WAV,Telephone Field,recover-20220825,002,1795
1328.6305,1328.6704,68437,82352,Rhinolophus ferrumequinum,0.025,0.025,-1,Echolocation,/mnt/ubna_data_01_mir/recover-20220825/UBNA_002/20220823_033000.WAV,Telephone Field,recover-20220825,002,1795
1328.6745,1328.7099,68437,81341,Rhinolophus ferrumequinum,0.022,0.022,-1,Echolocation,/mnt/ubna_data_01_mir/recover-20220825/UBNA_002/20220823_033000.WAV,Telephone Field,recover-20220825,002,1795
1328.6835,1328.7232,68437,81824,Rhinolophus ferrumequinum,0.023,0.023,-1,Echolocation,/mnt/ubna_data_01_mir/recover-20220825/UBNA_002/20220823_033000.WAV,Telephone Field,recover-20220825,002,1795
1328.7095,1328.7485,68437,81882,Rhinolophus ferrumequinum,0.036,0.036,-1,Echolocation,/mnt/ubna_data_01_mir/recover-20220825/UBNA_002/20220823_033000.WAV,Telephone Field,recover-20220825,002,1795
1328.7295,1328.7664,68437,81669,Rhinolophus ferrumequinum,0.025,0.025,-1,Echolocation,/mnt/ubna_data_01_mir/recover-20220825/UBNA_002/20220823_033000.WAV,Telephone Field,recover-20220825,002,1795
1328.7535,1328.7631,47812,52035,Pipistrellus pipistrellus,0.024,0.026,-1,Echolocation,/mnt/ubna_data_01_mir/recover-20220825/UBNA_002/20220823_033000.WAV,Telephone Field,recover-20220825,002,1795
1328.7545,1328.7621,24609,33746,Plecotus austriacus,0.007,0.022,-1,Echolocation,/mnt/ubna_data_01_mir/recover-20220825/UBNA_002/20220823_033000.WAV,Telephone Field,recover-20220825,002,1795
1328.7765,1328.8177,68437,83020,Rhinolophus ferrumequinum,0.035,0.035,-1,Echolocation,/mnt/ubna_data_01_mir/recover-20220825/UBNA_002/20220823_033000.WAV,Telephone Field,recover-20220825,002,1795
1328.8055,1328.8436,68437,81882,Rhinolophus ferrumequinum,0.03,0.03,-1,Echolocation,/mnt/ubna_data_01_mir/recover-20220825/UBNA_002/20220823_033000.WAV,Telephone Field,recover-20220825,002,1795
1328.8825,1328.9239,68437,82779,Rhinolophus ferrumequinum,0.032,0.032,-1,Echolocation,/mnt/ubna_data_01_mir/recover-20220825/UBNA_002/20220823_033000.WAV,Telephone Field,recover-20220825,002,1795
1328.9105,1328.9527,68437,82621,Rhinolophus ferrumequinum,0.029,0.029,-1,Echolocation,/mnt/ubna_data_01_mir/recover-20220825/UBNA_002/20220823_033000.WAV,Telephone Field,recover-20220825,002,1795
1328.9255,1328.9658,68437,82149,Rhinolophus ferrumequinum,0.023,0.023,-1,Echolocation,/mnt/ubna_data_01_mir/recover-20220825/UBNA_002/20220823_033000.WAV,Telephone Field,recover-20220825,002,1795
1328.9565,1328.9957,68437,82496,Rhinolophus ferrumequinum,0.028,0.028,-1,Echolocation,/mnt/ubna_data_01_mir/recover-20220825/UBNA_002/20220823_033000.WAV,Telephone Field,recover-20220825,002,1795
1328.9585,1328.9684,25468,33041,Eptesicus serotinus,0.011,0.03,-1,Echolocation,/mnt/ubna_data_01_mir/recover-20220825/UBNA_002/20220823_033000.WAV,Telephone Field,recover-20220825,002,1795
1328.9875,1328.9975,47812,52162,Pipistrellus pipistrellus,0.032,0.035,-1,Echolocation,/mnt/ubna_data_01_mir/recover-20220825/UBNA_002/20220823_033000.WAV,Telephone Field,recover-20220825,002,1795
1329.0005,1329.0419,68437,82748,Rhinolophus ferrumequinum,0.022,0.022,-1,Echolocation,/mnt/ubna_data_01_mir/recover-20220825/UBNA_002/20220823_033000.WAV,Telephone Field,recover-20220825,002,1795
1329.0085,1329.0164,28906,40493,Eptesicus serotinus,0.007,0.024,-1,Echolocation,/mnt/ubna_data_01_mir/recover-20220825/UBNA_002/20220823_033000.WAV,Telephone Field,recover-20220825,002,1795
1329.0285,1329.0659,68437,82651,Rhinolophus ferrumequinum,0.026,0.026,-1,Echolocation,/mnt/ubna_data_01_mir/recover-20220825/UBNA_002/20220823_033000.WAV,Telephone Field,recover-20220825,002,1795
1329.0345,1329.0415,24609,35057,Plecotus austriacus,0.007,0.024,-1,Echolocation,/mnt/ubna_data_01_mir/recover-20220825/UBNA_002/20220823_033000.WAV,Telephone Field,recover-20220825,002,1795
1329.0425,1329.0815,68437,82222,Rhinolophus ferrumequinum,0.023,0.023,-1,Echolocation,/mnt/ubna_data_01_mir/recover-20220825/UBNA_002/20220823_033000.WAV,Telephone Field,recover-20220825,002,1795
1329.0815,1329.1231,68437,81955,Rhinolophus ferrumequinum,0.024,0.024,-1,Echolocation,/mnt/ubna_data_01_mir/recover-20220825/UBNA_002/20220823_033000.WAV,Telephone Field,recover-20220825,002,1795
1329.0895,1329.1282,68437,82059,Rhinolophus ferrumequinum,0.022,0.022,-1,Echolocation,/mnt/ubna_data_01_mir/recover-20220825/UBNA_002/20220823_033000.WAV,Telephone Field,recover-20220825,002,1795
1329.1065,1329.1423,68437,81675,Rhinolophus ferrumequinum,0.025,0.025,-1,Echolocation,/mnt/ubna_data_01_mir/recover-20220825/UBNA_002/20220823_033000.WAV,Telephone Field,recover-20220825,002,1795
1329.1245,1329.1348,22890,28242,Nyctalus leisleri,0.011,0.025,-1,Echolocation,/mnt/ubna_data_01_mir/recover-20220825/UBNA_002/20220823_033000.WAV,Telephone Field,recover-20220825,002,1795
1329.1405,1329.1836,68437,83116,Rhinolophus ferrumequinum,0.029,0.029,-1,Echolocation,/mnt/ubna_data_01_mir/recover-20220825/UBNA_002/20220823_033000.WAV,Telephone Field,recover-20220825,002,1795
1329.1495,1329.194,68437,83113,Rhinolophus ferrumequinum,0.03,0.03,-1,Echolocation,/mnt/ubna_data_01_mir/recover-20220825/UBNA_002/20220823_033000.WAV,Telephone Field,recover-20220825,002,1795
1329.1885,1329.197,28906,39731,Eptesicus serotinus,0.008,0.022,-1,Echolocation,/mnt/ubna_data_01_mir/recover-20220825/UBNA_002/20220823_033000.WAV,Telephone Field,recover-20220825,002,1795
1329.1965,1329.236,68437,82406,Rhinolophus ferrumequinum,0.028,0.028,-1,Echolocation,/mnt/ubna_data_01_mir/recover-20220825/UBNA_002/20220823_033000.WAV,Telephone Field,recover-20220825,002,1795
1329.2125,1329.2217,22031,28366,Plecotus austriacus,0.008,0.023,-1,Echolocation,/mnt/ubna_data_01_mir/recover-20220825/UBNA_002/20220823_033000.WAV,Telephone Field,recover-20220825,002,1795
1329.2215,1329.2606,68437,82273,Rhinolophus ferrumequinum,0.025,0.025,-1,Echolocation,/mnt/ubna_data_01_mir/recover-20220825/UBNA_002/20220823_033000.WAV,Telephone Field,recover-20220825,002,1795
1329.2485,1329.2886,68437,82106,Rhinolophus ferrumequinum,0.026,0.026,-1,Echolocation,/mnt/ubna_data_01_mir/recover-20220825/UBNA_002/20220823_033000.WAV,Telephone Field,recover-20220825,002,1795
1329.2665,1329.3082,68437,82260,Rhinolophus ferrumequinum,0.024,0.024,-1,Echolocation,/mnt/ubna_data_01_mir/recover-20220825/UBNA_002/20220823_033000.WAV,Telephone Field,recover-20220825,002,1795
1329.2905,1329.2975,23750,33479,Plecotus austriacus,0.013,0.028,-1,Echolocation,/mnt/ubna_data_01_mir/recover-20220825/UBNA_002/20220823_033000.WAV,Telephone Field,recover-20220825,002,1795
1329.2965,1329.3358,68437,81972,Rhinolophus ferrumequinum,0.023,0.023,-1,Echolocation,/mnt/ubna_data_01_mir/recover-20220825/UBNA_002/20220823_033000.WAV,Telephone Field,recover-20220825,002,1795
1329.3445,1329.3833,68437,81819,Rhinolophus ferrumequinum,0.022,0.023,-1,Echolocation,/mnt/ubna_data_01_mir/recover-20220825/UBNA_002/20220823_033000.WAV,Telephone Field,recover-20220825,002,1795
1329.3735,1329.4117,68437,82364,Rhinolophus ferrumequinum,0.023,0.023,-1,Echolocation,/mnt/ubna_data_01_mir/recover-20220825/UBNA_002/20220823_033000.WAV,Telephone Field,recover-20220825,002,1795
1329.3985,1329.438,68437,82624,Rhinolophus ferrumequinum,0.024,0.024,-1,Echolocation,/mnt/ubna_data_01_mir/recover-20220825/UBNA_002/20220823_033000.WAV,Telephone Field,recover-20220825,002,1795
1329.4385,1329.4748,68437,81489,Rhinolophus ferrumequinum,0.029,0.029,-1,Echolocation,/mnt/ubna_data_01_mir/recover-20220825/UBNA_002/20220823_033000.WAV,Telephone Field,recover-20220825,002,1795
1329.4435,1329.4528,28046,38245,Eptesicus serotinus,0.009,0.023,-1,Echolocation,/mnt/ubna_data_01_mir/recover-20220825/UBNA_002/20220823_033000.WAV,Telephone Field,recover-20220825,002,1795
1329.4645,1329.4744,46093,53627,Pipistrellus pipistrellus,0.02,0.03,-1,Echolocation,/mnt/ubna_data_01_mir/recover-20220825/UBNA_002/20220823_033000.WAV,Telephone Field,recover-20220825,002,1795
1329.4735,1329.4878,24609,29912,Nyctalus leisleri,0.027,0.061,-1,Echolocation,/mnt/ubna_data_01_mir/recover-20220825/UBNA_002/20220823_033000.WAV,Telephone Field,recover-20220825,002,1795
1329.4785,1329.5157,68437,82188,Rhinolophus ferrumequinum,0.022,0.022,-1,Echolocation,/mnt/ubna_data_01_mir/recover-20220825/UBNA_002/20220823_033000.WAV,Telephone Field,recover-20220825,002,1795
1329.4895,1329.5284,68437,82744,Rhinolophus ferrumequinum,0.025,0.025,-1,Echolocation,/mnt/ubna_data_01_mir/recover-20220825/UBNA_002/20220823_033000.WAV,Telephone Field,recover-20220825,002,1795
1329.5295,1329.539,28046,35752,Eptesicus serotinus,0.009,0.025,-1,Echolocation,/mnt/ubna_data_01_mir/recover-20220825/UBNA_002/20220823_033000.WAV,Telephone Field,recover-20220825,002,1795
1329.5495,1329.5876,68437,81246,Rhinolophus ferrumequinum,0.023,0.023,-1,Echolocation,/mnt/ubna_data_01_mir/recover-20220825/UBNA_002/20220823_033000.WAV,Telephone Field,recover-20220825,002,1795
1329.5685,1329.6097,68437,82334,Rhinolophus ferrumequinum,0.022,0.022,-1,Echolocation,/mnt/ubna_data_01_mir/recover-20220825/UBNA_002/20220823_033000.WAV,Telephone Field,recover-20220825,002,1795
1329.5885,1329.6267,68437,82233,Rhinolophus ferrumequinum,0.022,0.022,-1,Echolocation,/mnt/ubna_data_01_mir/recover-20220825/UBNA_002/20220823_033000.WAV,Telephone Field,recover-20220825,002,1795
1329.6515,1329.6915,68437,82261,Rhinolophus ferrumequinum,0.022,0.022,-1,Echolocation,/mnt/ubna_data_01_mir/recover-20220825/UBNA_002/20220823_033000.WAV,Telephone Field,recover-20220825,002,1795
1329.6915,1329.711,16875,21045,Nyctalus noctula,0.023,0.032,-1,Echolocation,/mnt/ubna_data_01_mir/recover-20220825/UBNA_002/20220823_033000.WAV,Telephone Field,recover-20220825,002,1795
1329.6965,1329.734,68437,81533,Rhinolophus ferrumequinum,0.023,0.023,-1,Echolocation,/mnt/ubna_data_01_mir/recover-20220825/UBNA_002/20220823_033000.WAV,Telephone Field,recover-20220825,002,1795
1329.7155,1329.7281,28906,34877,Eptesicus serotinus,0.012,0.027,-1,Echolocation,/mnt/ubna_data_01_mir/recover-20220825/UBNA_002/20220823_033000.WAV,Telephone Field,recover-20220825,002,1795
1329.7315,1329.7391,28906,38153,Eptesicus serotinus,0.006,0.022,-1,Echolocation,/mnt/ubna_data_01_mir/recover-20220825/UBNA_002/20220823_033000.WAV,Telephone Field,recover-20220825,002,1795
1329.7445,1329.7509,37500,58119,Myotis mystacinus,0.008,0.024,-1,Echolocation,/mnt/ubna_data_01_mir/recover-20220825/UBNA_002/20220823_033000.WAV,Telephone Field,recover-20220825,002,1795
1329.7705,1329.8159,68437,83599,Rhinolophus ferrumequinum,0.046,0.046,-1,Echolocation,/mnt/ubna_data_01_mir/recover-20220825/UBNA_002/20220823_033000.WAV,Telephone Field,recover-20220825,002,1795
1329.8015,1329.8346,68437,80835,Rhinolophus ferrumequinum,0.021,0.022,-1,Echolocation,/mnt/ubna_data_01_mir/recover-20220825/UBNA_002/20220823_033000.WAV,Telephone Field,recover-20220825,002,1795
1329.8075,1329.8421,68437,81088,Rhinolophus ferrumequinum,0.021,0.022,-1,Echolocation,/mnt/ubna_data_01_mir/recover-20220825/UBNA_002/20220823_033000.WAV,Telephone Field,recover-20220825,002,1795
1329.8075,1329.8162,27187,38633,Eptesicus serotinus,0.008,0.023,-1,Echolocation,/mnt/ubna_data_01_mir/recover-20220825/UBNA_002/20220823_033000.WAV,Telephone Field,recover-20220825,002,1795
1329.8235,1329.8627,68437,82704,Rhinolophus ferrumequinum,0.029,0.029,-1,Echolocation,/mnt/ubna_data_01_mir/recover-20220825/UBNA_002/20220823_033000.WAV,Telephone Field,recover-20220825,002,1795
1329.8305,1329.8712,68437,82996,Rhinolophus ferrumequinum,0.029,0.029,-1,Echolocation,/mnt/ubna_data_01_mir/recover-20220825/UBNA_002/20220823_033000.WAV,Telephone Field,recover-20220825,002,1795
1329.8335,1329.8429,28046,39161,Eptesicus serotinus,0.008,0.023,-1,Echolocation,/mnt/ubna_data_01_mir/recover-20220825/UBNA_002/20220823_033000.WAV,Telephone Field,recover-20220825,002,1795
1329.8465,1329.8543,26328,38490,Eptesicus serotinus,0.006,0.022,-1,Echolocation,/mnt/ubna_data_01_mir/recover-20220825/UBNA_002/20220823_033000.WAV,Telephone Field,recover-20220825,002,1795
1329.8475,1329.8871,68437,82239,Rhinolophus ferrumequinum,0.021,0.021,-1,Echolocation,/mnt/ubna_data_01_mir/recover-20220825/UBNA_002/20220823_033000.WAV,Telephone Field,recover-20220825,002,1795
1329.8645,1329.9033,68437,81893,Rhinolophus ferrumequinum,0.024,0.024,-1,Echolocation,/mnt/ubna_data_01_mir/recover-20220825/UBNA_002/20220823_033000.WAV,Telephone Field,recover-20220825,002,1795
1329.8695,1329.878,23750,31957,Plecotus austriacus,0.008,0.023,-1,Echolocation,/mnt/ubna_data_01_mir/recover-20220825/UBNA_002/20220823_033000.WAV,Telephone Field,recover-20220825,002,1795
1329.8705,1329.8776,28046,39912,Eptesicus serotinus,0.006,0.022,-1,Echolocation,/mnt/ubna_data_01_mir/recover-20220825/UBNA_002/20220823_033000.WAV,Telephone Field,recover-20220825,002,1795
1329.9195,1329.9298,22890,29440,Nyctalus leisleri,0.011,0.032,-1,Echolocation,/mnt/ubna_data_01_mir/recover-20220825/UBNA_002/20220823_033000.WAV,Telephone Field,recover-20220825,002,1795
1329.9235,1329.9638,68437,82459,Rhinolophus ferrumequinum,0.022,0.022,-1,Echolocation,/mnt/ubna_data_01_mir/recover-20220825/UBNA_002/20220823_033000.WAV,Telephone Field,recover-20220825,002,1795
1329.9285,1329.9361,47812,55544,Pipistrellus pipistrellus,0.019,0.022,-1,Echolocation,/mnt/ubna_data_01_mir/recover-20220825/UBNA_002/20220823_033000.WAV,Telephone Field,recover-20220825,002,1795
1329.9515,1329.9909,68437,81619,Rhinolophus ferrumequinum,0.027,0.027,-1,Echolocation,/mnt/ubna_data_01_mir/recover-20220825/UBNA_002/20220823_033000.WAV,Telephone Field,recover-20220825,002,1795
1330.0015,1330.0104,26328,34270,Eptesicus serotinus,0.008,0.026,-1,Echolocation,/mnt/ubna_data_01_mir/recover-20220825/UBNA_002/20220823_033000.WAV,Telephone Field,recover-20220825,002,1795
1330.0015,1330.0353,68437,79986,Rhinolophus ferrumequinum,0.037,0.038,-1,Echolocation,/mnt/ubna_data_01_mir/recover-20220825/UBNA_002/20220823_033000.WAV,Telephone Field,recover-20220825,002,1795
1330.0085,1330.05,68437,82139,Rhinolophus ferrumequinum,0.024,0.024,-1,Echolocation,/mnt/ubna_data_01_mir/recover-20220825/UBNA_002/20220823_033000.WAV,Telephone Field,recover-20220825,002,1795
1330.0205,1330.0329,22031,25877,Nyctalus leisleri,0.016,0.025,-1,Echolocation,/mnt/ubna_data_01_mir/recover-20220825/UBNA_002/20220823_033000.WAV,Telephone Field,recover-20220825,002,1795
1330.0305,1330.0688,68437,82205,Rhinolophus ferrumequinum,0.023,0.023,-1,Echolocation,/mnt/ubna_data_01_mir/recover-20220825/UBNA_002/20220823_033000.WAV,Telephone Field,recover-20220825,002,1795
1330.0405,1330.0583,21171,24218,Nyctalus leisleri,0.016,0.026,-1,Echolocation,/mnt/ubna_data_01_mir/recover-20220825/UBNA_002/20220823_033000.WAV,Telephone Field,recover-20220825,002,1795
1330.0645,1330.0735,27187,39334,Eptesicus serotinus,0.007,0.022,-1,Echolocation,/mnt/ubna_data_01_mir/recover-20220825/UBNA_002/20220823_033000.WAV,Telephone Field,recover-20220825,002,1795
1330.0815,1330.123,68437,82744,Rhinolophus ferrumequinum,0.026,0.026,-1,Echolocation,/mnt/ubna_data_01_mir/recover-20220825/UBNA_002/20220823_033000.WAV,Telephone Field,recover-20220825,002,1795
1330.0875,1330.0961,28906,37814,Eptesicus serotinus,0.007,0.023,-1,Echolocation,/mnt/ubna_data_01_mir/recover-20220825/UBNA_002/20220823_033000.WAV,Telephone Field,recover-20220825,002,1795
1330.1095,1330.1494,68437,82656,Rhinolophus ferrumequinum,0.024,0.024,-1,Echolocation,/mnt/ubna_data_01_mir/recover-20220825/UBNA_002/20220823_033000.WAV,Telephone Field,recover-20220825,002,1795
1330.1235,1330.1606,68437,82326,Rhinolophus ferrumequinum,0.022,0.022,-1,Echolocation,/mnt/ubna_data_01_mir/recover-20220825/UBNA_002/20220823_033000.WAV,Telephone Field,recover-20220825,002,1795
1330.1635,1330.1982,68437,80545,Rhinolophus ferrumequinum,0.026,0.026,-1,Echolocation,/mnt/ubna_data_01_mir/recover-20220825/UBNA_002/20220823_033000.WAV,Telephone Field,recover-20220825,002,1795
1330.1885,1330.1984,28046,36152,Eptesicus serotinus,0.009,0.022,-1,Echolocation,/mnt/ubna_data_01_mir/recover-20220825/UBNA_002/20220823_033000.WAV,Telephone Field,recover-20220825,002,1795
1330.1925,1330.2319,68437,82401,Rhinolophus ferrumequinum,0.022,0.022,-1,Echolocation,/mnt/ubna_data_01_mir/recover-20220825/UBNA_002/20220823_033000.WAV,Telephone Field,recover-20220825,002,1795
1330.2125,1330.2203,23750,32113,Plecotus austriacus,0.008,0.021,-1,Echolocation,/mnt/ubna_data_01_mir/recover-20220825/UBNA_002/20220823_033000.WAV,Telephone Field,recover-20220825,002,1795
1330.2315,1330.2689,68437,82355,Rhinolophus ferrumequinum,0.021,0.021,-1,Echolocation,/mnt/ubna_data_01_mir/recover-20220825/UBNA_002/20220823_033000.WAV,Telephone Field,recover-20220825,002,1795
1330.2765,1330.3175,68437,82489,Rhinolophus ferrumequinum,0.025,0.025,-1,Echolocation,/mnt/ubna_data_01_mir/recover-20220825/UBNA_002/20220823_033000.WAV,Telephone Field,recover-20220825,002,1795
1330.2875,1330.2944,50390,55267,Pipistrellus pipistrellus,0.02,0.022,-1,Echolocation,/mnt/ubna_data_01_mir/recover-20220825/UBNA_002/20220823_033000.WAV,Telephone Field,recover-20220825,002,1795
1330.2885,1330.3281,68437,82707,Rhinolophus ferrumequinum,0.023,0.023,-1,Echolocation,/mnt/ubna_data_01_mir/recover-20220825/UBNA_002/20220823_033000.WAV,Telephone Field,recover-20220825,002,1795
1330.3105,1330.3507,68437,82519,Rhinolophus ferrumequinum,0.022,0.022,-1,Echolocation,/mnt/ubna_data_01_mir/recover-20220825/UBNA_002/20220823_033000.WAV,Telephone Field,recover-20220825,002,1795
1330.3255,1330.3347,23750,30824,Plecotus austriacus,0.008,0.024,-1,Echolocation,/mnt/ubna_data_01_mir/recover-20220825/UBNA_002/20220823_033000.WAV,Telephone Field,recover-20220825,002,1795
1330.3455,1330.3836,68437,82621,Rhinolophus ferrumequinum,0.035,0.035,-1,Echolocation,/mnt/ubna_data_01_mir/recover-20220825/UBNA_002/20220823_033000.WAV,Telephone Field,recover-20220825,002,1795
1330.3755,1330.4157,68437,82586,Rhinolophus ferrumequinum,0.027,0.027,-1,Echolocation,/mnt/ubna_data_01_mir/recover-20220825/UBNA_002/20220823_033000.WAV,Telephone Field,recover-20220825,002,1795
1330.4055,1330.4464,68437,82703,Rhinolophus ferrumequinum,0.024,0.024,-1,Echolocation,/mnt/ubna_data_01_mir/recover-20220825/UBNA_002/20220823_033000.WAV,Telephone Field,recover-20220825,002,1795
1330.4455,1330.4855,68437,82220,Rhinolophus ferrumequinum,0.029,0.029,-1,Echolocation,/mnt/ubna_data_01_mir/recover-20220825/UBNA_002/20220823_033000.WAV,Telephone Field,recover-20220825,002,1795
1330.4835,1330.5252,68437,82419,Rhinolophus ferrumequinum,0.026,0.027,-1,Echolocation,/mnt/ubna_data_01_mir/recover-20220825/UBNA_002/20220823_033000.WAV,Telephone Field,recover-20220825,002,1795
1330.4905,1330.5296,68437,82345,Rhinolophus ferrumequinum,0.029,0.029,-1,Echolocation,/mnt/ubna_data_01_mir/recover-20220825/UBNA_002/20220823_033000.WAV,Telephone Field,recover-20220825,002,1795
1330.4915,1330.5028,22890,28086,Nyctalus leisleri,0.031,0.074,-1,Echolocation,/mnt/ubna_data_01_mir/recover-20220825/UBNA_002/20220823_033000.WAV,Telephone Field,recover-20220825,002,1795
1330.5145,1330.5547,68437,82568,Rhinolophus ferrumequinum,0.026,0.026,-1,Echolocation,/mnt/ubna_data_01_mir/recover-20220825/UBNA_002/20220823_033000.WAV,Telephone Field,recover-20220825,002,1795
1330.5185,1330.5281,28906,39285,Eptesicus serotinus,0.01,0.026,-1,Echolocation,/mnt/ubna_data_01_mir/recover-20220825/UBNA_002/20220823_033000.WAV,Telephone Field,recover-20220825,002,1795
1330.5305,1330.5685,68437,82094,Rhinolophus ferrumequinum,0.022,0.022,-1,Echolocation,/mnt/ubna_data_01_mir/recover-20220825/UBNA_002/20220823_033000.WAV,Telephone Field,recover-20220825,002,1795
1330.5485,1330.5879,68437,82369,Rhinolophus ferrumequinum,0.032,0.032,-1,Echolocation,/mnt/ubna_data_01_mir/recover-20220825/UBNA_002/20220823_033000.WAV,Telephone Field,recover-20220825,002,1795
1330.5725,1330.6109,68437,82013,Rhinolophus ferrumequinum,0.023,0.023,-1,Echolocation,/mnt/ubna_data_01_mir/recover-20220825/UBNA_002/20220823_033000.WAV,Telephone Field,recover-20220825,002,1795
1330.5845,1330.624,68437,81938,Rhinolophus ferrumequinum,0.025,0.025,-1,Echolocation,/mnt/ubna_data_01_mir/recover-20220825/UBNA_002/20220823_033000.WAV,Telephone Field,recover-20220825,002,1795
1330.6045,1330.6135,28906,38691,Eptesicus serotinus,0.007,0.022,-1,Echolocation,/mnt/ubna_data_01_mir/recover-20220825/UBNA_002/20220823_033000.WAV,Telephone Field,recover-20220825,002,1795
1330.6065,1330.6465,68437,82545,Rhinolophus ferrumequinum,0.026,0.026,-1,Echolocation,/mnt/ubna_data_01_mir/recover-20220825/UBNA_002/20220823_033000.WAV,Telephone Field,recover-20220825,002,1795
1330.6865,1330.693,28046,39310,Eptesicus serotinus,0.005,0.022,-1,Echolocation,/mnt/ubna_data_01_mir/recover-20220825/UBNA_002/20220823_033000.WAV,Telephone Field,recover-20220825,002,1795
1330.7595,1330.7692,27187,33897,Eptesicus serotinus,0.016,0.033,-1,Echolocation,/mnt/ubna_data_01_mir/recover-20220825/UBNA_002/20220823_033000.WAV,Telephone Field,recover-20220825,002,1795
1330.7685,1330.8115,68437,83158,Rhinolophus ferrumequinum,0.025,0.025,-1,Echolocation,/mnt/ubna_data_01_mir/recover-20220825/UBNA_002/20220823_033000.WAV,Telephone Field,recover-20220825,002,1795
1330.7845,1330.8251,68437,82941,Rhinolophus ferrumequinum,0.022,0.022,-1,Echolocation,/mnt/ubna_data_01_mir/recover-20220825/UBNA_002/20220823_033000.WAV,Telephone Field,recover-20220825,002,1795
1330.8255,1330.8656,68437,82108,Rhinolophus ferrumequinum,0.027,0.027,-1,Echolocation,/mnt/ubna_data_01_mir/recover-20220825/UBNA_002/20220823_033000.WAV,Telephone Field,recover-20220825,002,1795
1330.8475,1330.89,68437,83674,Rhinolophus ferrumequinum,0.036,0.036,-1,Echolocation,/mnt/ubna_data_01_mir/recover-20220825/UBNA_002/20220823_033000.WAV,Telephone Field,recover-20220825,002,1795
1330.8705,1330.878,28906,39228,Eptesicus serotinus,0.006,0.022,-1,Echolocation,/mnt/ubna_data_01_mir/recover-20220825/UBNA_002/20220823_033000.WAV,Telephone Field,recover-20220825,002,1795
1330.8725,1330.8826,22031,27783,Plecotus austriacus,0.008,0.022,-1,Echolocation,/mnt/ubna_data_01_mir/recover-20220825/UBNA_002/20220823_033000.WAV,Telephone Field,recover-20220825,002,1795
1330.9115,1330.9514,68437,82137,Rhinolophus ferrumequinum,0.026,0.026,-1,Echolocation,/mnt/ubna_data_01_mir/recover-20220825/UBNA_002/20220823_033000.WAV,Telephone Field,recover-20220825,002,1795
1330.9315,1330.9717,68437,82413,Rhinolophus ferrumequinum,0.024,0.024,-1,Echolocation,/mnt/ubna_data_01_mir/recover-20220825/UBNA_002/20220823_033000.WAV,Telephone Field,recover-20220825,002,1795
1330.9475,1330.9546,28046,37780,Eptesicus serotinus,0.007,0.022,-1,Echolocation,/mnt/ubna_data_01_mir/recover-20220825/UBNA_002/20220823_033000.WAV,Telephone Field,recover-20220825,002,1795
1330.9495,1330.9865,68437,82615,Rhinolophus ferrumequinum,0.022,0.022,-1,Echolocation,/mnt/ubna_data_01_mir/recover-20220825/UBNA_002/20220823_033000.WAV,Telephone Field,recover-20220825,002,1795
1330.9755,1331.0125,68437,81723,Rhinolophus ferrumequinum,0.023,0.023,-1,Echolocation,/mnt/ubna_data_01_mir/recover-20220825/UBNA_002/20220823_033000.WAV,Telephone Field,recover-20220825,002,1795
1330.9835,1330.992,22890,30148,Plecotus austriacus,0.01,0.022,-1,Echolocation,/mnt/ubna_data_01_mir/recover-20220825/UBNA_002/20220823_033000.WAV,Telephone Field,recover-20220825,002,1795
1330.9935,1331.0301,68437,81917,Rhinolophus ferrumequinum,0.024,0.025,-1,Echolocation,/mnt/ubna_data_01_mir/recover-20220825/UBNA_002/20220823_033000.WAV,Telephone Field,recover-20220825,002,1795
1331.0205,1331.056,68437,81117,Rhinolophus ferrumequinum,0.026,0.026,-1,Echolocation,/mnt/ubna_data_01_mir/recover-20220825/UBNA_002/20220823_033000.WAV,Telephone Field,recover-20220825,002,1795
1331.0815,1331.1248,68437,83126,Rhinolophus ferrumequinum,0.045,0.045,-1,Echolocation,/mnt/ubna_data_01_mir/recover-20220825/UBNA_002/20220823_033000.WAV,Telephone Field,recover-20220825,002,1795
1331.0835,1331.0921,27187,36279,Eptesicus serotinus,0.009,0.024,-1,Echolocation,/mnt/ubna_data_01_mir/recover-20220825/UBNA_002/20220823_033000.WAV,Telephone Field,recover-20220825,002,1795
1331.0895,1331.0985,45234,49248,Pipistrellus pipistrellus,0.021,0.022,-1,Echolocation,/mnt/ubna_data_01_mir/recover-20220825/UBNA_002/20220823_033000.WAV,Telephone Field,recover-20220825,002,1795
1331.1155,1331.154,68437,82285,Rhinolophus ferrumequinum,0.024,0.024,-1,Echolocation,/mnt/ubna_data_01_mir/recover-20220825/UBNA_002/20220823_033000.WAV,Telephone Field,recover-20220825,002,1795
1331.1335,1331.1398,52109,58376,Pipistrellus pipistrellus,0.023,0.029,-1,Echolocation,/mnt/ubna_data_01_mir/recover-20220825/UBNA_002/20220823_033000.WAV,Telephone Field,recover-20220825,002,1795
1331.1505,1331.1857,68437,81295,Rhinolophus ferrumequinum,0.026,0.026,-1,Echolocation,/mnt/ubna_data_01_mir/recover-20220825/UBNA_002/20220823_033000.WAV,Telephone Field,recover-20220825,002,1795
1331.1645,1331.1744,22031,27322,Nyctalus leisleri,0.01,0.023,-1,Echolocation,/mnt/ubna_data_01_mir/recover-20220825/UBNA_002/20220823_033000.WAV,Telephone Field,recover-20220825,002,1795
1331.1665,1331.2044,68437,81670,Rhinolophus ferrumequinum,0.027,0.027,-1,Echolocation,/mnt/ubna_data_01_mir/recover-20220825/UBNA_002/20220823_033000.WAV,Telephone Field,recover-20220825,002,1795
1331.2495,1331.2585,26328,38574,Eptesicus serotinus,0.007,0.022,-1,Echolocation,/mnt/ubna_data_01_mir/recover-20220825/UBNA_002/20220823_033000.WAV,Telephone Field,recover-20220825,002,1795
1331.2775,1331.3171,68437,82616,Rhinolophus ferrumequinum,0.024,0.024,-1,Echolocation,/mnt/ubna_data_01_mir/recover-20220825/UBNA_002/20220823_033000.WAV,Telephone Field,recover-20220825,002,1795
1331.3025,1331.3435,68437,82483,Rhinolophus ferrumequinum,0.025,0.025,-1,Echolocation,/mnt/ubna_data_01_mir/recover-20220825/UBNA_002/20220823_033000.WAV,Telephone Field,recover-20220825,002,1795
1331.3365,1331.347,25468,30909,Nyctalus leisleri,0.014,0.034,-1,Echolocation,/mnt/ubna_data_01_mir/recover-20220825/UBNA_002/20220823_033000.WAV,Telephone Field,recover-20220825,002,1795
1331.3375,1331.381,68437,83565,Rhinolophus ferrumequinum,0.031,0.031,-1,Echolocation,/mnt/ubna_data_01_mir/recover-20220825/UBNA_002/20220823_033000.WAV,Telephone Field,recover-20220825,002,1795
1331.3565,1331.3964,68437,82354,Rhinolophus ferrumequinum,0.024,0.024,-1,Echolocation,/mnt/ubna_data_01_mir/recover-20220825/UBNA_002/20220823_033000.WAV,Telephone Field,recover-20220825,002,1795
1331.3735,1331.4101,68437,82242,Rhinolophus ferrumequinum,0.025,0.025,-1,Echolocation,/mnt/ubna_data_01_mir/recover-20220825/UBNA_002/20220823_033000.WAV,Telephone Field,recover-20220825,002,1795
1331.3795,1331.3929,23750,28479,Nyctalus leisleri,0.02,0.039,-1,Echolocation,/mnt/ubna_data_01_mir/recover-20220825/UBNA_002/20220823_033000.WAV,Telephone Field,recover-20220825,002,1795
1331.3835,1331.4185,68437,81065,Rhinolophus ferrumequinum,0.025,0.025,-1,Echolocation,/mnt/ubna_data_01_mir/recover-20220825/UBNA_002/20220823_033000.WAV,Telephone Field,recover-20220825,002,1795
1331.4085,1331.4169,27187,37439,Eptesicus serotinus,0.008,0.023,-1,Echolocation,/mnt/ubna_data_01_mir/recover-20220825/UBNA_002/20220823_033000.WAV,Telephone Field,recover-20220825,002,1795
1331.4115,1331.4506,68437,82505,Rhinolophus ferrumequinum,0.022,0.022,-1,Echolocation,/mnt/ubna_data_01_mir/recover-20220825/UBNA_002/20220823_033000.WAV,Telephone Field,recover-20220825,002,1795
1331.4485,1331.4897,68437,82549,Rhinolophus ferrumequinum,0.025,0.025,-1,Echolocation,/mnt/ubna_data_01_mir/recover-20220825/UBNA_002/20220823_033000.WAV,Telephone Field,recover-20220825,002,1795
1331.4965,1331.538,68437,82632,Rhinolophus ferrumequinum,0.027,0.027,-1,Echolocation,/mnt/ubna_data_01_mir/recover-20220825/UBNA_002/20220823_033000.WAV,Telephone Field,recover-20220825,002,1795
1331.5125,1331.5528,68437,82369,Rhinolophus ferrumequinum,0.023,0.023,-1,Echolocation,/mnt/ubna_data_01_mir/recover-20220825/UBNA_002/20220823_033000.WAV,Telephone Field,recover-20220825,002,1795
1331.5205,1331.5596,68437,81813,Rhinolophus ferrumequinum,0.022,0.022,-1,Echolocation,/mnt/ubna_data_01_mir/recover-20220825/UBNA_002/20220823_033000.WAV,Telephone Field,recover-20220825,002,1795
1331.5365,1331.5752,68437,82001,Rhinolophus ferrumequinum,0.022,0.022,-1,Echolocation,/mnt/ubna_data_01_mir/recover-20220825/UBNA_002/20220823_033000.WAV,Telephone Field,recover-20220825,002,1795
1331.5435,1331.5848,68437,82910,Rhinolophus ferrumequinum,0.023,0.023,-1,Echolocation,/mnt/ubna_data_01_mir/recover-20220825/UBNA_002/20220823_033000.WAV,Telephone Field,recover-20220825,002,1795
1331.5565,1331.5949,68437,81734,Rhinolophus ferrumequinum,0.029,0.029,-1,Echolocation,/mnt/ubna_data_01_mir/recover-20220825/UBNA_002/20220823_033000.WAV,Telephone Field,recover-20220825,002,1795
1331.6135,1331.6522,68437,81714,Rhinolophus ferrumequinum,0.034,0.034,-1,Echolocation,/mnt/ubna_data_01_mir/recover-20220825/UBNA_002/20220823_033000.WAV,Telephone Field,recover-20220825,002,1795
1331.6685,1331.7073,68437,82433,Rhinolophus ferrumequinum,0.024,0.024,-1,Echolocation,/mnt/ubna_data_01_mir/recover-20220825/UBNA_002/20220823_033000.WAV,Telephone Field,recover-20220825,002,1795
1331.6765,1331.7125,68437,82226,Rhinolophus ferrumequinum,0.021,0.022,-1,Echolocation,/mnt/ubna_data_01_mir/recover-20220825/UBNA_002/20220823_033000.WAV,Telephone Field,recover-20220825,002,1795
1331.6935,1331.7337,68437,82558,Rhinolophus ferrumequinum,0.041,0.041,-1,Echolocation,/mnt/ubna_data_01_mir/recover-20220825/UBNA_002/20220823_033000.WAV,Telephone Field,recover-20220825,002,1795
1331.7055,1331.7123,28046,41401,Eptesicus serotinus,0.006,0.024,-1,Echolocation,/mnt/ubna_data_01_mir/recover-20220825/UBNA_002/20220823_033000.WAV,Telephone Field,recover-20220825,002,1795
1331.7135,1331.7504,68437,82484,Rhinolophus ferrumequinum,0.022,0.022,-1,Echolocation,/mnt/ubna_data_01_mir/recover-20220825/UBNA_002/20220823_033000.WAV,Telephone Field,recover-20220825,002,1795
1331.7285,1331.7649,68437,81328,Rhinolophus ferrumequinum,0.026,0.026,-1,Echolocation,/mnt/ubna_data_01_mir/recover-20220825/UBNA_002/20220823_033000.WAV,Telephone Field,recover-20220825,002,1795
1331.7505,1331.7595,28046,37294,Eptesicus serotinus,0.01,0.026,-1,Echolocation,/mnt/ubna_data_01_mir/recover-20220825/UBNA_002/20220823_033000.WAV,Telephone Field,recover-20220825,002,1795
1331.7525,1331.7592,22890,31462,Plecotus austriacus,0.015,0.028,-1,Echolocation,/mnt/ubna_data_01_mir/recover-20220825/UBNA_002/20220823_033000.WAV,Telephone Field,recover-20220825,002,1795
1331.7595,1331.7977,68437,82623,Rhinolophus ferrumequinum,0.023,0.023,-1,Echolocation,/mnt/ubna_data_01_mir/recover-20220825/UBNA_002/20220823_033000.WAV,Telephone Field,recover-20220825,002,1795
1331.7945,1331.8064,24609,31300,Nyctalus leisleri,0.012,0.032,-1,Echolocation,/mnt/ubna_data_01_mir/recover-20220825/UBNA_002/20220823_033000.WAV,Telephone Field,recover-20220825,002,1795
1331.8115,1331.8512,68437,82539,Rhinolophus ferrumequinum,0.022,0.022,-1,Echolocation,/mnt/ubna_data_01_mir/recover-20220825/UBNA_002/20220823_033000.WAV,Telephone Field,recover-20220825,002,1795
1331.8395,1331.8797,68437,81929,Rhinolophus ferrumequinum,0.023,0.023,-1,Echolocation,/mnt/ubna_data_01_mir/recover-20220825/UBNA_002/20220823_033000.WAV,Telephone Field,recover-20220825,002,1795
1331.8535,1331.8905,68437,81734,Rhinolophus ferrumequinum,0.024,0.024,-1,Echolocation,/mnt/ubna_data_01_mir/recover-20220825/UBNA_002/20220823_033000.WAV,Telephone Field,recover-20220825,002,1795
1331.8805,1331.8896,25468,33893,Eptesicus serotinus,0.008,0.024,-1,Echolocation,/mnt/ubna_data_01_mir/recover-20220825/UBNA_002/20220823_033000.WAV,Telephone Field,recover-20220825,002,1795
1331.8875,1331.9277,68437,82392,Rhinolophus ferrumequinum,0.027,0.027,-1,Echolocation,/mnt/ubna_data_01_mir/recover-20220825/UBNA_002/20220823_033000.WAV,Telephone Field,recover-20220825,002,1795
1331.9255,1331.9629,68437,81403,Rhinolophus ferrumequinum,0.022,0.022,-1,Echolocation,/mnt/ubna_data_01_mir/recover-20220825/UBNA_002/20220823_033000.WAV,Telephone Field,recover-20220825,002,1795
1331.9735,1331.9804,52109,58886,Pipistrellus pipistrellus,0.017,0.025,-1,Echolocation,/mnt/ubna_data_01_mir/recover-20220825/UBNA_002/20220823_033000.WAV,Telephone Field,recover-20220825,002,1795
1331.9765,1331.9826,23750,38093,Plecotus austriacus,0.019,0.039,-1,Echolocation,/mnt/ubna_data_01_mir/recover-20220825/UBNA_002/20220823_033000.WAV,Telephone Field,recover-20220825,002,1795
1331.9865,1331.9952,28906,37368,Eptesicus serotinus,0.008,0.025,-1,Echolocation,/mnt/ubna_data_01_mir/recover-20220825/UBNA_002/20220823_033000.WAV,Telephone Field,recover-20220825,002,1795
1332.0015,1332.0322,68437,79940,Rhinolophus ferrumequinum,0.061,0.061,-1,Echolocation,/mnt/ubna_data_01_mir/recover-20220825/UBNA_002/20220823_033000.WAV,Telephone Field,recover-20220825,002,1795
1332.0015,1332.0084,46953,54025,Pipistrellus pipistrellus,0.015,0.022,-1,Echolocation,/mnt/ubna_data_01_mir/recover-20220825/UBNA_002/20220823_033000.WAV,Telephone Field,recover-20220825,002,1795
1332.0015,1332.0089,37500,49252,Myotis daubentonii,0.009,0.022,-1,Echolocation,/mnt/ubna_data_01_mir/recover-20220825/UBNA_002/20220823_033000.WAV,Telephone Field,recover-20220825,002,1795
1332.0095,1332.0181,26328,36882,Eptesicus serotinus,0.02,0.043,-1,Echolocation,/mnt/ubna_data_01_mir/recover-20220825/UBNA_002/20220823_033000.WAV,Telephone Field,recover-20220825,002,1795
1332.0225,1332.0593,68437,82479,Rhinolophus ferrumequinum,0.022,0.022,-1,Echolocation,/mnt/ubna_data_01_mir/recover-20220825/UBNA_002/20220823_033000.WAV,Telephone Field,recover-20220825,002,1795
1332.0385,1332.08,68437,83408,Rhinolophus ferrumequinum,0.033,0.033,-1,Echolocation,/mnt/ubna_data_01_mir/recover-20220825/UBNA_002/20220823_033000.WAV,Telephone Field,recover-20220825,002,1795
1332.0515,1332.0931,68437,82846,Rhinolophus ferrumequinum,0.028,0.028,-1,Echolocation,/mnt/ubna_data_01_mir/recover-20220825/UBNA_002/20220823_033000.WAV,Telephone Field,recover-20220825,002,1795
1332.0525,1332.06,25468,35051,Eptesicus serotinus,0.008,0.026,-1,Echolocation,/mnt/ubna_data_01_mir/recover-20220825/UBNA_002/20220823_033000.WAV,Telephone Field,recover-20220825,002,1795
1332.1315,1332.17,68437,81601,Rhinolophus ferrumequinum,0.022,0.022,-1,Echolocation,/mnt/ubna_data_01_mir/recover-20220825/UBNA_002/20220823_033000.WAV,Telephone Field,recover-20220825,002,1795
1332.1665,1332.2014,68437,81633,Rhinolophus ferrumequinum,0.021,0.021,-1,Echolocation,/mnt/ubna_data_01_mir/recover-20220825/UBNA_002/20220823_033000.WAV,Telephone Field,recover-20220825,002,1795
1332.1815,1332.1894,28046,39374,Eptesicus serotinus,0.008,0.024,-1,Echolocation,/mnt/ubna_data_01_mir/recover-20220825/UBNA_002/20220823_033000.WAV,Telephone Field,recover-20220825,002,1795
1332.2015,1332.2394,68437,82152,Rhinolophus ferrumequinum,0.021,0.021,-1,Echolocation,/mnt/ubna_data_01_mir/recover-20220825/UBNA_002/20220823_033000.WAV,Telephone Field,recover-20220825,002,1795
1332.2125,1332.2217,25468,33863,Eptesicus serotinus,0.011,0.029,-1,Echolocation,/mnt/ubna_data_01_mir/recover-20220825/UBNA_002/20220823_033000.WAV,Telephone Field,recover-20220825,002,1795
1332.2655,1332.3018,68437,81599,Rhinolophus ferrumequinum,0.021,0.022,-1,Echolocation,/mnt/ubna_data_01_mir/recover-20220825/UBNA_002/20220823_033000.WAV,Telephone Field,recover-20220825,002,1795
1332.2685,1332.276,27187,38545,Eptesicus serotinus,0.006,0.022,-1,Echolocation,/mnt/ubna_data_01_mir/recover-20220825/UBNA_002/20220823_033000.WAV,Telephone Field,recover-20220825,002,1795
1332.2805,1332.3115,68437,81353,Rhinolophus ferrumequinum,0.022,0.022,-1,Echolocation,/mnt/ubna_data_01_mir/recover-20220825/UBNA_002/20220823_033000.WAV,Telephone Field,recover-20220825,002,1795
1332.2905,1332.3271,68437,82189,Rhinolophus ferrumequinum,0.024,0.024,-1,Echolocation,/mnt/ubna_data_01_mir/recover-20220825/UBNA_002/20220823_033000.WAV,Telephone Field,recover-20220825,002,1795
1332.3005,1332.32,19453,23183,Nyctalus noctula,0.019,0.035,-1,Echolocation,/mnt/ubna_data_01_mir/recover-20220825/UBNA_002/20220823_033000.WAV,Telephone Field,recover-20220825,002,1795
1332.3185,1332.3239,28046,45571,Myotis daubentonii,0.011,0.043,-1,Echolocation,/mnt/ubna_data_01_mir/recover-20220825/UBNA_002/20220823_033000.WAV,Telephone Field,recover-20220825,002,1795
1332.3345,1332.344,28046,36840,Eptesicus serotinus,0.011,0.026,-1,Echolocation,/mnt/ubna_data_01_mir/recover-20220825/UBNA_002/20220823_033000.WAV,Telephone Field,recover-20220825,002,1795
1332.3365,1332.3773,68437,82316,Rhinolophus ferrumequinum,0.023,0.023,-1,Echolocation,/mnt/ubna_data_01_mir/recover-20220825/UBNA_002/20220823_033000.WAV,Telephone Field,recover-20220825,002,1795
1332.3455,1332.3855,68437,82201,Rhinolophus ferrumequinum,0.027,0.027,-1,Echolocation,/mnt/ubna_data_01_mir/recover-20220825/UBNA_002/20220823_033000.WAV,Telephone Field,recover-20220825,002,1795
1332.3525,1332.3908,68437,82190,Rhinolophus ferrumequinum,0.025,0.025,-1,Echolocation,/mnt/ubna_data_01_mir/recover-20220825/UBNA_002/20220823_033000.WAV,Telephone Field,recover-20220825,002,1795
1332.4065,1332.4157,28046,38678,Eptesicus serotinus,0.008,0.022,-1,Echolocation,/mnt/ubna_data_01_mir/recover-20220825/UBNA_002/20220823_033000.WAV,Telephone Field,recover-20220825,002,1795
1332.4215,1332.4598,68437,81820,Rhinolophus ferrumequinum,0.022,0.022,-1,Echolocation,/mnt/ubna_data_01_mir/recover-20220825/UBNA_002/20220823_033000.WAV,Telephone Field,recover-20220825,002,1795
1332.4245,1332.4342,23750,30814,Nyctalus leisleri,0.008,0.023,-1,Echolocation,/mnt/ubna_data_01_mir/recover-20220825/UBNA_002/20220823_033000.WAV,Telephone Field,recover-20220825,002,1795
1332.4465,1332.486,68437,82925,Rhinolophus ferrumequinum,0.024,0.024,-1,Echolocation,/mnt/ubna_data_01_mir/recover-20220825/UBNA_002/20220823_033000.WAV,Telephone Field,recover-20220825,002,1795
1332.4575,1332.494,68437,81427,Rhinolophus ferrumequinum,0.022,0.022,-1,Echolocation,/mnt/ubna_data_01_mir/recover-20220825/UBNA_002/20220823_033000.WAV,Telephone Field,recover-20220825,002,1795
1332.4785,1332.4899,25468,32655,Eptesicus serotinus,0.011,0.023,-1,Echolocation,/mnt/ubna_data_01_mir/recover-20220825/UBNA_002/20220823_033000.WAV,Telephone Field,recover-20220825,002,1795
1332.4835,1332.5215,68437,82108,Rhinolophus ferrumequinum,0.021,0.021,-1,Echolocation,/mnt/ubna_data_01_mir/recover-20220825/UBNA_002/20220823_033000.WAV,Telephone Field,recover-20220825,002,1795
1332.4885,1332.5256,68437,81858,Rhinolophus ferrumequinum,0.022,0.022,-1,Echolocation,/mnt/ubna_data_01_mir/recover-20220825/UBNA_002/20220823_033000.WAV,Telephone Field,recover-20220825,002,1795
1332.5035,1332.5416,68437,82419,Rhinolophus ferrumequinum,0.022,0.023,-1,Echolocation,/mnt/ubna_data_01_mir/recover-20220825/UBNA_002/20220823_033000.WAV,Telephone Field,recover-20220825,002,1795
1332.5045,1332.5098,34062,45189,Myotis daubentonii,0.012,0.023,-1,Echolocation,/mnt/ubna_data_01_mir/recover-20220825/UBNA_002/20220823_033000.WAV,Telephone Field,recover-20220825,002,1795
1332.5115,1332.5509,68437,82608,Rhinolophus ferrumequinum,0.024,0.024,-1,Echolocation,/mnt/ubna_data_01_mir/recover-20220825/UBNA_002/20220823_033000.WAV,Telephone Field,recover-20220825,002,1795
1332.5115,1332.5232,22890,28417,Nyctalus leisleri,0.014,0.029,-1,Echolocation,/mnt/ubna_data_01_mir/recover-20220825/UBNA_002/20220823_033000.WAV,Telephone Field,recover-20220825,002,1795
1332.5195,1332.5302,23750,30466,Nyctalus leisleri,0.011,0.026,-1,Echolocation,/mnt/ubna_data_01_mir/recover-20220825/UBNA_002/20220823_033000.WAV,Telephone Field,recover-20220825,002,1795
1332.5375,1332.5445,23750,38648,Plecotus austriacus,0.008,0.027,-1,Echolocation,/mnt/ubna_data_01_mir/recover-20220825/UBNA_002/20220823_033000.WAV,Telephone Field,recover-20220825,002,1795
1332.5855,1332.5922,27187,47034,Eptesicus serotinus,0.008,0.025,-1,Echolocation,/mnt/ubna_data_01_mir/recover-20220825/UBNA_002/20220823_033000.WAV,Telephone Field,recover-20220825,002,1795
1332.6105,1332.6494,68437,82585,Rhinolophus ferrumequinum,0.022,0.022,-1,Echolocation,/mnt/ubna_data_01_mir/recover-20220825/UBNA_002/20220823_033000.WAV,Telephone Field,recover-20220825,002,1795
1332.6575,1332.6945,68437,81635,Rhinolophus ferrumequinum,0.025,0.025,-1,Echolocation,/mnt/ubna_data_01_mir/recover-20220825/UBNA_002/20220823_033000.WAV,Telephone Field,recover-20220825,002,1795
1332.6765,1332.7191,68437,83206,Rhinolophus ferrumequinum,0.044,0.044,-1,Echolocation,/mnt/ubna_data_01_mir/recover-20220825/UBNA_002/20220823_033000.WAV,Telephone Field,recover-20220825,002,1795
1332.6865,1332.6945,27187,37574,Eptesicus serotinus,0.007,0.023,-1,Echolocation,/mnt/ubna_data_01_mir/recover-20220825/UBNA_002/20220823_033000.WAV,Telephone Field,recover-20220825,002,1795
1332.7005,1332.7391,68437,82242,Rhinolophus ferrumequinum,0.023,0.023,-1,Echolocation,/mnt/ubna_data_01_mir/recover-20220825/UBNA_002/20220823_033000.WAV,Telephone Field,recover-20220825,002,1795
1332.7115,1332.7487,68437,82133,Rhinolophus ferrumequinum,0.022,0.022,-1,Echolocation,/mnt/ubna_data_01_mir/recover-20220825/UBNA_002/20220823_033000.WAV,Telephone Field,recover-20220825,002,1795
1332.7125,1332.7229,23750,29341,Nyctalus leisleri,0.009,0.022,-1,Echolocation,/mnt/ubna_data_01_mir/recover-20220825/UBNA_002/20220823_033000.WAV,Telephone Field,recover-20220825,002,1795
1332.7465,1332.7867,68437,81737,Rhinolophus ferrumequinum,0.03,0.03,-1,Echolocation,/mnt/ubna_data_01_mir/recover-20220825/UBNA_002/20220823_033000.WAV,Telephone Field,recover-20220825,002,1795
1332.7575,1332.7671,28046,36446,Eptesicus serotinus,0.01,0.023,-1,Echolocation,/mnt/ubna_data_01_mir/recover-20220825/UBNA_002/20220823_033000.WAV,Telephone Field,recover-20220825,002,1795
1332.7905,1332.7983,33203,42512,Myotis daubentonii,0.011,0.024,-1,Echolocation,/mnt/ubna_data_01_mir/recover-20220825/UBNA_002/20220823_033000.WAV,Telephone Field,recover-20220825,002,1795
1332.7915,1332.7989,27187,40106,Eptesicus serotinus,0.008,0.028,-1,Echolocation,/mnt/ubna_data_01_mir/recover-20220825/UBNA_002/20220823_033000.WAV,Telephone Field,recover-20220825,002,1795
1332.8155,1332.8294,36640,41537,Pipistrellus nathusii,0.009,0.028,-1,Echolocation,/mnt/ubna_data_01_mir/recover-20220825/UBNA_002/20220823_033000.WAV,Telephone Field,recover-20220825,002,1795
1332.8435,1332.8556,22890,28386,Nyctalus leisleri,0.012,0.026,-1,Echolocation,/mnt/ubna_data_01_mir/recover-20220825/UBNA_002/20220823_033000.WAV,Telephone Field,recover-20220825,002,1795
1332.8495,1332.8868,68437,81738,Rhinolophus ferrumequinum,0.021,0.021,-1,Echolocation,/mnt/ubna_data_01_mir/recover-20220825/UBNA_002/20220823_033000.WAV,Telephone Field,recover-20220825,002,1795
1332.8685,1332.9059,68437,81435,Rhinolophus ferrumequinum,0.021,0.021,-1,Echolocation,/mnt/ubna_data_01_mir/recover-20220825/UBNA_002/20220823_033000.WAV,Telephone Field,recover-20220825,002,1795
1332.8765,1332.8854,27187,37012,Eptesicus serotinus,0.008,0.023,-1,Echolocation,/mnt/ubna_data_01_mir/recover-20220825/UBNA_002/20220823_033000.WAV,Telephone Field,recover-20220825,002,1795
1332.8855,1332.9238,68437,82532,Rhinolophus ferrumequinum,0.022,0.022,-1,Echolocation,/mnt/ubna_data_01_mir/recover-20220825/UBNA_002/20220823_033000.WAV,Telephone Field,recover-20220825,002,1795
1332.9095,1332.9168,41796,54192,Myotis daubentonii,0.005,0.023,-1,Echolocation,/mnt/ubna_data_01_mir/recover-20220825/UBNA_002/20220823_033000.WAV,Telephone Field,recover-20220825,002,1795
1332.9255,1332.9628,68437,82435,Rhinolophus ferrumequinum,0.022,0.022,-1,Echolocation,/mnt/ubna_data_01_mir/recover-20220825/UBNA_002/20220823_033000.WAV,Telephone Field,recover-20220825,002,1795
1332.9305,1332.9389,28046,37721,Eptesicus serotinus,0.008,0.024,-1,Echolocation,/mnt/ubna_data_01_mir/recover-20220825/UBNA_002/20220823_033000.WAV,Telephone Field,recover-20220825,002,1795
1332.9415,1332.9813,68437,82433,Rhinolophus ferrumequinum,0.022,0.022,-1,Echolocation,/mnt/ubna_data_01_mir/recover-20220825/UBNA_002/20220823_033000.WAV,Telephone Field,recover-20220825,002,1795
1332.9495,1332.9847,68437,81802,Rhinolophus ferrumequinum,0.022,0.022,-1,Echolocation,/mnt/ubna_data_01_mir/recover-20220825/UBNA_002/20220823_033000.WAV,Telephone Field,recover-20220825,002,1795
1332.9675,1333.0103,68437,82639,Rhinolophus ferrumequinum,0.038,0.038,-1,Echolocation,/mnt/ubna_data_01_mir/recover-20220825/UBNA_002/20220823_033000.WAV,Telephone Field,recover-20220825,002,1795
1332.9785,1332.9868,26328,41550,Eptesicus serotinus,0.008,0.022,-1,Echolocation,/mnt/ubna_data_01_mir/recover-20220825/UBNA_002/20220823_033000.WAV,Telephone Field,recover-20220825,002,1795
1332.9945,1333.0396,68437,83823,Rhinolophus ferrumequinum,0.048,0.048,-1,Echolocation,/mnt/ubna_data_01_mir/recover-20220825/UBNA_002/20220823_033000.WAV,Telephone Field,recover-20220825,002,1795
1333.0035,1333.0111,27187,39237,Eptesicus serotinus,0.009,0.028,-1,Echolocation,/mnt/ubna_data_01_mir/recover-20220825/UBNA_002/20220823_033000.WAV,Telephone Field,recover-20220825,002,1795
1333.0305,1333.0392,28046,39164,Eptesicus serotinus,0.01,0.024,-1,Echolocation,/mnt/ubna_data_01_mir/recover-20220825/UBNA_002/20220823_033000.WAV,Telephone Field,recover-20220825,002,1795
1333.0835,1333.121,68437,82333,Rhinolophus ferrumequinum,0.023,0.023,-1,Echolocation,/mnt/ubna_data_01_mir/recover-20220825/UBNA_002/20220823_033000.WAV,Telephone Field,recover-20220825,002,1795
1333.0835,1333.0917,26328,35890,Eptesicus serotinus,0.014,0.033,-1,Echolocation,/mnt/ubna_data_01_mir/recover-20220825/UBNA_002/20220823_033000.WAV,Telephone Field,recover-20220825,002,1795
1333.0925,1333.1035,22890,27814,Nyctalus leisleri,0.012,0.024,-1,Echolocation,/mnt/ubna_data_01_mir/recover-20220825/UBNA_002/20220823_033000.WAV,Telephone Field,recover-20220825,002,1795
1333.1085,1333.1474,68437,82273,Rhinolophus ferrumequinum,0.024,0.024,-1,Echolocation,/mnt/ubna_data_01_mir/recover-20220825/UBNA_002/20220823_033000.WAV,Telephone Field,recover-20220825,002,1795
1333.1155,1333.1523,68437,81731,Rhinolophus ferrumequinum,0.025,0.025,-1,Echolocation,/mnt/ubna_data_01_mir/recover-20220825/UBNA_002/20220823_033000.WAV,Telephone Field,recover-20220825,002,1795
1333.1195,1333.1289,28046,41121,Eptesicus serotinus,0.01,0.024,-1,Echolocation,/mnt/ubna_data_01_mir/recover-20220825/UBNA_002/20220823_033000.WAV,Telephone Field,recover-20220825,002,1795
1333.1355,1333.1431,32343,48571,Myotis daubentonii,0.012,0.023,-1,Echolocation,/mnt/ubna_data_01_mir/recover-20220825/UBNA_002/20220823_033000.WAV,Telephone Field,recover-20220825,002,1795
1333.1775,1333.2126,68437,81610,Rhinolophus ferrumequinum,0.022,0.022,-1,Echolocation,/mnt/ubna_data_01_mir/recover-20220825/UBNA_002/20220823_033000.WAV,Telephone Field,recover-20220825,002,1795
1333.1965,1333.2055,27187,36966,Eptesicus serotinus,0.01,0.023,-1,Echolocation,/mnt/ubna_data_01_mir/recover-20220825/UBNA_002/20220823_033000.WAV,Telephone Field,recover-20220825,002,1795
1333.2025,1333.2117,46093,55655,Pipistrellus pipistrellus,0.022,0.026,-1,Echolocation,/mnt/ubna_data_01_mir/recover-20220825/UBNA_002/20220823_033000.WAV,Telephone Field,recover-20220825,002,1795
1333.2095,1333.218,28906,40260,Eptesicus serotinus,0.007,0.021,-1,Echolocation,/mnt/ubna_data_01_mir/recover-20220825/UBNA_002/20220823_033000.WAV,Telephone Field,recover-20220825,002,1795
1333.2165,1333.2533,68437,81389,Rhinolophus ferrumequinum,0.022,0.022,-1,Echolocation,/mnt/ubna_data_01_mir/recover-20220825/UBNA_002/20220823_033000.WAV,Telephone Field,recover-20220825,002,1795
1333.2365,1333.2472,22890,28473,Nyctalus leisleri,0.013,0.03,-1,Echolocation,/mnt/ubna_data_01_mir/recover-20220825/UBNA_002/20220823_033000.WAV,Telephone Field,recover-20220825,002,1795
1333.2385,1333.2767,68437,82034,Rhinolophus ferrumequinum,0.022,0.022,-1,Echolocation,/mnt/ubna_data_01_mir/recover-20220825/UBNA_002/20220823_033000.WAV,Telephone Field,recover-20220825,002,1795
1333.2605,1333.3046,68437,83437,Rhinolophus ferrumequinum,0.056,0.056,-1,Echolocation,/mnt/ubna_data_01_mir/recover-20220825/UBNA_002/20220823_033000.WAV,Telephone Field,recover-20220825,002,1795
1333.2685,1333.2758,26328,37604,Eptesicus serotinus,0.005,0.021,-1,Echolocation,/mnt/ubna_data_01_mir/recover-20220825/UBNA_002/20220823_033000.WAV,Telephone Field,recover-20220825,002,1795
1333.3245,1333.3357,28906,36302,Eptesicus serotinus,0.016,0.031,-1,Echolocation,/mnt/ubna_data_01_mir/recover-20220825/UBNA_002/20220823_033000.WAV,Telephone Field,recover-20220825,002,1795
1333.3305,1333.3668,68437,81905,Rhinolophus ferrumequinum,0.022,0.022,-1,Echolocation,/mnt/ubna_data_01_mir/recover-20220825/UBNA_002/20220823_033000.WAV,Telephone Field,recover-20220825,002,1795
1333.3715,1333.3794,49531,55659,Pipistrellus pipistrellus,0.021,0.024,-1,Echolocation,/mnt/ubna_data_01_mir/recover-20220825/UBNA_002/20220823_033000.WAV,Telephone Field,recover-20220825,002,1795
1333.3795,1333.3874,27187,40123,Eptesicus serotinus,0.009,0.028,-1,Echolocation,/mnt/ubna_data_01_mir/recover-20220825/UBNA_002/20220823_033000.WAV,Telephone Field,recover-20220825,002,1795
1333.3795,1333.416,68437,81693,Rhinolophus ferrumequinum,0.022,0.022,-1,Echolocation,/mnt/ubna_data_01_mir/recover-20220825/UBNA_002/20220823_033000.WAV,Telephone Field,recover-20220825,002,1795
1333.3855,1333.421,68437,81605,Rhinolophus ferrumequinum,0.021,0.021,-1,Echolocation,/mnt/ubna_data_01_mir/recover-20220825/UBNA_002/20220823_033000.WAV,Telephone Field,recover-20220825,002,1795
1333.3975,1333.4369,68437,82176,Rhinolophus ferrumequinum,0.028,0.028,-1,Echolocation,/mnt/ubna_data_01_mir/recover-20220825/UBNA_002/20220823_033000.WAV,Telephone Field,recover-20220825,002,1795
1333.4305,1333.4671,68437,81351,Rhinolophus ferrumequinum,0.024,0.024,-1,Echolocation,/mnt/ubna_data_01_mir/recover-20220825/UBNA_002/20220823_033000.WAV,Telephone Field,recover-20220825,002,1795
1333.4575,1333.4951,68437,82379,Rhinolophus ferrumequinum,0.021,0.021,-1,Echolocation,/mnt/ubna_data_01_mir/recover-20220825/UBNA_002/20220823_033000.WAV,Telephone Field,recover-20220825,002,1795
1333.4705,1333.4773,31484,48849,Myotis daubentonii,0.015,0.03,-1,Echolocation,/mnt/ubna_data_01_mir/recover-20220825/UBNA_002/20220823_033000.WAV,Telephone Field,recover-20220825,002,1795
1333.4755,1333.5145,68437,82391,Rhinolophus ferrumequinum,0.03,0.03,-1,Echolocation,/mnt/ubna_data_01_mir/recover-20220825/UBNA_002/20220823_033000.WAV,Telephone Field,recover-20220825,002,1795
1333.5085,1333.5453,68437,81351,Rhinolophus ferrumequinum,0.022,0.022,-1,Echolocation,/mnt/ubna_data_01_mir/recover-20220825/UBNA_002/20220823_033000.WAV,Telephone Field,recover-20220825,002,1795
1333.5465,1333.5529,24609,35486,Plecotus austriacus,0.011,0.029,-1,Echolocation,/mnt/ubna_data_01_mir/recover-20220825/UBNA_002/20220823_033000.WAV,Telephone Field,recover-20220825,002,1795
1333.5555,1333.5952,68437,82398,Rhinolophus ferrumequinum,0.027,0.027,-1,Echolocation,/mnt/ubna_data_01_mir/recover-20220825/UBNA_002/20220823_033000.WAV,Telephone Field,recover-20220825,002,1795
1333.5865,1333.5985,39218,43126,Pipistrellus nathusii,0.023,0.037,-1,Echolocation,/mnt/ubna_data_01_mir/recover-20220825/UBNA_002/20220823_033000.WAV,Telephone Field,recover-20220825,002,1795
1333.5885,1333.5971,27187,35967,Eptesicus serotinus,0.008,0.021,-1,Echolocation,/mnt/ubna_data_01_mir/recover-20220825/UBNA_002/20220823_033000.WAV,Telephone Field,recover-20220825,002,1795
1333.5975,1333.6331,68437,81448,Rhinolophus ferrumequinum,0.023,0.023,-1,Echolocation,/mnt/ubna_data_01_mir/recover-20220825/UBNA_002/20220823_033000.WAV,Telephone Field,recover-20220825,002,1795
1333.5995,1333.6089,27187,35845,Eptesicus serotinus,0.015,0.028,-1,Echolocation,/mnt/ubna_data_01_mir/recover-20220825/UBNA_002/20220823_033000.WAV,Telephone Field,recover-20220825,002,1795
1333.6095,1333.619,22890,28940,Nyctalus leisleri,0.008,0.022,-1,Echolocation,/mnt/ubna_data_01_mir/recover-20220825/UBNA_002/20220823_033000.WAV,Telephone Field,recover-20220825,002,1795
1333.6125,1333.6503,68437,81970,Rhinolophus ferrumequinum,0.022,0.022,-1,Echolocation,/mnt/ubna_data_01_mir/recover-20220825/UBNA_002/20220823_033000.WAV,Telephone Field,recover-20220825,002,1795
1333.6405,1333.6471,27187,44037,Eptesicus serotinus,0.007,0.026,-1,Echolocation,/mnt/ubna_data_01_mir/recover-20220825/UBNA_002/20220823_033000.WAV,Telephone Field,recover-20220825,002,1795
1333.6465,1333.6548,28906,38023,Eptesicus serotinus,0.01,0.028,-1,Echolocation,/mnt/ubna_data_01_mir/recover-20220825/UBNA_002/20220823_033000.WAV,Telephone Field,recover-20220825,002,1795
1333.6595,1333.6709,33203,39824,Eptesicus serotinus,0.006,0.023,-1,Echolocation,/mnt/ubna_data_01_mir/recover-20220825/UBNA_002/20220823_033000.WAV,Telephone Field,recover-20220825,002,1795
1333.6635,1333.6725,28046,37045,Eptesicus serotinus,0.01,0.025,-1,Echolocation,/mnt/ubna_data_01_mir/recover-20220825/UBNA_002/20220823_033000.WAV,Telephone Field,recover-20220825,002,1795
1333.6845,1333.7214,68437,81962,Rhinolophus ferrumequinum,0.023,0.023,-1,Echolocation,/mnt/ubna_data_01_mir/recover-20220825/UBNA_002/20220823_033000.WAV,Telephone Field,recover-20220825,002,1795
1333.7225,1333.761,68437,82157,Rhinolophus ferrumequinum,0.023,0.024,-1,Echolocation,/mnt/ubna_data_01_mir/recover-20220825/UBNA_002/20220823_033000.WAV,Telephone Field,recover-20220825,002,1795
1333.7435,1333.7857,68437,83000,Rhinolophus ferrumequinum,0.025,0.025,-1,Echolocation,/mnt/ubna_data_01_mir/recover-20220825/UBNA_002/20220823_033000.WAV,Telephone Field,recover-20220825,002,1795
1333.7505,1333.7892,68437,82200,Rhinolophus ferrumequinum,0.025,0.025,-1,Echolocation,/mnt/ubna_data_01_mir/recover-20220825/UBNA_002/20220823_033000.WAV,Telephone Field,recover-20220825,002,1795
1333.7855,1333.795,28906,37535,Eptesicus serotinus,0.008,0.022,-1,Echolocation,/mnt/ubna_data_01_mir/recover-20220825/UBNA_002/20220823_033000.WAV,Telephone Field,recover-20220825,002,1795
1333.8105,1333.8447,68437,80451,Rhinolophus ferrumequinum,0.022,0.022,-1,Echolocation,/mnt/ubna_data_01_mir/recover-20220825/UBNA_002/20220823_033000.WAV,Telephone Field,recover-20220825,002,1795
1333.8175,1333.8335,23750,28366,Nyctalus leisleri,0.026,0.046,-1,Echolocation,/mnt/ubna_data_01_mir/recover-20220825/UBNA_002/20220823_033000.WAV,Telephone Field,recover-20220825,002,1795
1333.8435,1333.8832,68437,82325,Rhinolophus ferrumequinum,0.022,0.022,-1,Echolocation,/mnt/ubna_data_01_mir/recover-20220825/UBNA_002/20220823_033000.WAV,Telephone Field,recover-20220825,002,1795
1333.8535,1333.8652,22031,26318,Nyctalus leisleri,0.014,0.025,-1,Echolocation,/mnt/ubna_data_01_mir/recover-20220825/UBNA_002/20220823_033000.WAV,Telephone Field,recover-20220825,002,1795
1333.8635,1333.9005,68437,82091,Rhinolophus ferrumequinum,0.023,0.023,-1,Echolocation,/mnt/ubna_data_01_mir/recover-20220825/UBNA_002/20220823_033000.WAV,Telephone Field,recover-20220825,002,1795
1333.8895,1333.9001,22890,28469,Nyctalus leisleri,0.011,0.023,-1,Echolocation,/mnt/ubna_data_01_mir/recover-20220825/UBNA_002/20220823_033000.WAV,Telephone Field,recover-20220825,002,1795
1333.9015,1333.9406,68437,82121,Rhinolophus ferrumequinum,0.025,0.025,-1,Echolocation,/mnt/ubna_data_01_mir/recover-20220825/UBNA_002/20220823_033000.WAV,Telephone Field,recover-20220825,002,1795
1333.9125,1333.9506,68437,82269,Rhinolophus ferrumequinum,0.023,0.023,-1,Echolocation,/mnt/ubna_data_01_mir/recover-20220825/UBNA_002/20220823_033000.WAV,Telephone Field,recover-20220825,002,1795
1333.9475,1333.9551,26328,38598,Eptesicus serotinus,0.006,0.021,-1,Echolocation,/mnt/ubna_data_01_mir/recover-20220825/UBNA_002/20220823_033000.WAV,Telephone Field,recover-20220825,002,1795
1333.9545,1333.9919,68437,82212,Rhinolophus ferrumequinum,0.032,0.032,-1,Echolocation,/mnt/ubna_data_01_mir/recover-20220825/UBNA_002/20220823_033000.WAV,Telephone Field,recover-20220825,002,1795
1333.9755,1333.981,27187,45232,Plecotus auritus,0.009,0.042,-1,Echolocation,/mnt/ubna_data_01_mir/recover-20220825/UBNA_002/20220823_033000.WAV,Telephone Field,recover-20220825,002,1795
1334.0015,1334.0118,46953,53284,Pipistrellus pipistrellus,0.018,0.028,-1,Echolocation,/mnt/ubna_data_01_mir/recover-20220825/UBNA_002/20220823_033000.WAV,Telephone Field,recover-20220825,002,1795
1334.0015,1334.0322,69296,81806,Rhinolophus ferrumequinum,0.023,0.024,-1,Echolocation,/mnt/ubna_data_01_mir/recover-20220825/UBNA_002/20220823_033000.WAV,Telephone Field,recover-20220825,002,1795
1334.0015,1334.0108,22890,29134,Nyctalus leisleri,0.013,0.032,-1,Echolocation,/mnt/ubna_data_01_mir/recover-20220825/UBNA_002/20220823_033000.WAV,Telephone Field,recover-20220825,002,1795
1334.0155,1334.0225,26328,36327,Eptesicus serotinus,0.019,0.053,-1,Echolocation,/mnt/ubna_data_01_mir/recover-20220825/UBNA_002/20220823_033000.WAV,Telephone Field,recover-20220825,002,1795
1334.0245,1334.0377,14296,18717,Nyctalus noctula,0.018,0.039,-1,Echolocation,/mnt/ubna_data_01_mir/recover-20220825/UBNA_002/20220823_033000.WAV,Telephone Field,recover-20220825,002,1795
1334.0275,1334.0339,35781,47541,Barbastellus barbastellus,0.009,0.024,-1,Echolocation,/mnt/ubna_data_01_mir/recover-20220825/UBNA_002/20220823_033000.WAV,Telephone Field,recover-20220825,002,1795
1334.0285,1334.0359,26328,38600,Eptesicus serotinus,0.009,0.027,-1,Echolocation,/mnt/ubna_data_01_mir/recover-20220825/UBNA_002/20220823_033000.WAV,Telephone Field,recover-20220825,002,1795
1334.0425,1334.0508,47812,55127,Pipistrellus pipistrellus,0.028,0.031,-1,Echolocation,/mnt/ubna_data_01_mir/recover-20220825/UBNA_002/20220823_033000.WAV,Telephone Field,recover-20220825,002,1795
1334.0465,1334.0529,30625,48575,Myotis daubentonii,0.014,0.027,-1,Echolocation,/mnt/ubna_data_01_mir/recover-20220825/UBNA_002/20220823_033000.WAV,Telephone Field,recover-20220825,002,1795
1334.0495,1334.0577,42656,47440,Pipistrellus nathusii,0.024,0.047,-1,Echolocation,/mnt/ubna_data_01_mir/recover-20220825/UBNA_002/20220823_033000.WAV,Telephone Field,recover-20220825,002,1795
1334.0535,1334.0593,30625,51395,Myotis daubentonii,0.014,0.025,-1,Echolocation,/mnt/ubna_data_01_mir/recover-20220825/UBNA_002/20220823_033000.WAV,Telephone Field,recover-20220825,002,1795
1334.0595,1334.0982,68437,82713,Rhinolophus ferrumequinum,0.03,0.03,-1,Echolocation,/mnt/ubna_data_01_mir/recover-20220825/UBNA_002/20220823_033000.WAV,Telephone Field,recover-20220825,002,1795
1334.0745,1334.1147,68437,82456,Rhinolophus ferrumequinum,0.024,0.025,-1,Echolocation,/mnt/ubna_data_01_mir/recover-20220825/UBNA_002/20220823_033000.WAV,Telephone Field,recover-20220825,002,1795
1334.0775,1334.0854,30625,41705,Myotis daubentonii,0.009,0.032,-1,Echolocation,/mnt/ubna_data_01_mir/recover-20220825/UBNA_002/20220823_033000.WAV,Telephone Field,recover-20220825,002,1795
1334.1015,1334.1442,68437,83320,Rhinolophus ferrumequinum,0.044,0.044,-1,Echolocation,/mnt/ubna_data_01_mir/recover-20220825/UBNA_002/20220823_033000.WAV,Telephone Field,recover-20220825,002,1795
1334.1105,1334.1183,27187,37783,Eptesicus serotinus,0.008,0.024,-1,Echolocation,/mnt/ubna_data_01_mir/recover-20220825/UBNA_002/20220823_033000.WAV,Telephone Field,recover-20220825,002,1795
1334.1315,1334.139,26328,36011,Eptesicus serotinus,0.01,0.026,-1,Echolocation,/mnt/ubna_data_01_mir/recover-20220825/UBNA_002/20220823_033000.WAV,Telephone Field,recover-20220825,002,1795
1334.1795,1334.2204,68437,82761,Rhinolophus ferrumequinum,0.024,0.024,-1,Echolocation,/mnt/ubna_data_01_mir/recover-20220825/UBNA_002/20220823_033000.WAV,Telephone Field,recover-20220825,002,1795
1334.2015,1334.2077,33203,47982,Myotis daubentonii,0.016,0.032,-1,Echolocation,/mnt/ubna_data_01_mir/recover-20220825/UBNA_002/20220823_033000.WAV,Telephone Field,recover-20220825,002,1795
1334.2355,1334.2438,27187,37025,Eptesicus serotinus,0.01,0.026,-1,Echolocation,/mnt/ubna_data_01_mir/recover-20220825/UBNA_002/20220823_033000.WAV,Telephone Field,recover-20220825,002,1795
1334.2735,1334.2794,32343,43053,Myotis daubentonii,0.015,0.033,-1,Echolocation,/mnt/ubna_data_01_mir/recover-20220825/UBNA_002/20220823_033000.WAV,Telephone Field,recover-20220825,002,1795
1334.2825,1334.2917,42656,48135,Pipistrellus nathusii,0.018,0.036,-1,Echolocation,/mnt/ubna_data_01_mir/recover-20220825/UBNA_002/20220823_033000.WAV,Telephone Field,recover-20220825,002,1795
1334.3045,1334.3129,22890,31221,Plecotus austriacus,0.012,0.029,-1,Echolocation,/mnt/ubna_data_01_mir/recover-20220825/UBNA_002/20220823_033000.WAV,Telephone Field,recover-20220825,002,1795
1334.3755,1334.3827,31484,46686,Myotis daubentonii,0.009,0.023,-1,Echolocation,/mnt/ubna_data_01_mir/recover-20220825/UBNA_002/20220823_033000.WAV,Telephone Field,recover-20220825,002,1795
1334.3855,1334.395,28046,36213,Eptesicus serotinus,0.011,0.026,-1,Echolocation,/mnt/ubna_data_01_mir/recover-20220825/UBNA_002/20220823_033000.WAV,Telephone Field,recover-20220825,002,1795
1334.4005,1334.4085,30625,43145,Myotis daubentonii,0.009,0.026,-1,Echolocation,/mnt/ubna_data_01_mir/recover-20220825/UBNA_002/20220823_033000.WAV,Telephone Field,recover-20220825,002,1795
1334.4625,1334.5029,68437,82628,Rhinolophus ferrumequinum,0.025,0.025,-1,Echolocation,/mnt/ubna_data_01_mir/recover-20220825/UBNA_002/20220823_033000.WAV,Telephone Field,recover-20220825,002,1795
1334.5465,1334.5796,68437,81053,Rhinolophus ferrumequinum,0.023,0.023,-1,Echolocation,/mnt/ubna_data_01_mir/recover-20220825/UBNA_002/20220823_033000.WAV,Telephone Field,recover-20220825,002,1795
1334.5785,1334.5868,28046,41120,Eptesicus serotinus,0.009,0.025,-1,Echolocation,/mnt/ubna_data_01_mir/recover-20220825/UBNA_002/20220823_033000.WAV,Telephone Field,recover-20220825,002,1795
1334.5855,1334.5958,28046,35173,Eptesicus serotinus,0.011,0.024,-1,Echolocation,/mnt/ubna_data_01_mir/recover-20220825/UBNA_002/20220823_033000.WAV,Telephone Field,recover-20220825,002,1795
1334.6005,1334.6086,27187,40585,Eptesicus serotinus,0.01,0.026,-1,Echolocation,/mnt/ubna_data_01_mir/recover-20220825/UBNA_002/20220823_033000.WAV,Telephone Field,recover-20220825,002,1795
1334.6125,1334.6221,24609,32634,Eptesicus serotinus,0.01,0.032,-1,Echolocation,/mnt/ubna_data_01_mir/recover-20220825/UBNA_002/20220823_033000.WAV,Telephone Field,recover-20220825,002,1795
1334.6545,1334.6617,28046,39411,Eptesicus serotinus,0.007,0.023,-1,Echolocation,/mnt/ubna_data_01_mir/recover-20220825/UBNA_002/20220823_033000.WAV,Telephone Field,recover-20220825,002,1795
1334.7175,1334.7254,43515,48786,Pipistrellus nathusii,0.207,0.261,-1,Echolocation,/mnt/ubna_data_01_mir/recover-20220825/UBNA_002/20220823_033000.WAV,Telephone Field,recover-20220825,002,1795
1334.7385,1334.7493,22890,29366,Nyctalus leisleri,0.009,0.025,-1,Echolocation,/mnt/ubna_data_01_mir/recover-20220825/UBNA_002/20220823_033000.WAV,Telephone Field,recover-20220825,002,1795
1334.7555,1334.7945,68437,81943,Rhinolophus ferrumequinum,0.024,0.024,-1,Echolocation,/mnt/ubna_data_01_mir/recover-20220825/UBNA_002/20220823_033000.WAV,Telephone Field,recover-20220825,002,1795
1334.7795,1334.7878,44375,47020,Pipistrellus pipistrellus,0.058,0.069,-1,Echolocation,/mnt/ubna_data_01_mir/recover-20220825/UBNA_002/20220823_033000.WAV,Telephone Field,recover-20220825,002,1795
1334.7885,1334.8256,68437,81055,Rhinolophus ferrumequinum,0.023,0.023,-1,Echolocation,/mnt/ubna_data_01_mir/recover-20220825/UBNA_002/20220823_033000.WAV,Telephone Field,recover-20220825,002,1795
1334.8075,1334.8484,68437,82328,Rhinolophus ferrumequinum,0.025,0.025,-1,Echolocation,/mnt/ubna_data_01_mir/recover-20220825/UBNA_002/20220823_033000.WAV,Telephone Field,recover-20220825,002,1795
1334.8565,1334.864,42656,49072,Pipistrellus nathusii,0.114,0.177,-1,Echolocation,/mnt/ubna_data_01_mir/recover-20220825/UBNA_002/20220823_033000.WAV,Telephone Field,recover-20220825,002,1795
1334.8595,1334.866,30625,50938,Myotis daubentonii,0.015,0.04,-1,Echolocation,/mnt/ubna_data_01_mir/recover-20220825/UBNA_002/20220823_033000.WAV,Telephone Field,recover-20220825,002,1795
1334.8805,1334.9239,68437,83450,Rhinolophus ferrumequinum,0.032,0.032,-1,Echolocation,/mnt/ubna_data_01_mir/recover-20220825/UBNA_002/20220823_033000.WAV,Telephone Field,recover-20220825,002,1795
1334.8835,1334.8906,27187,39574,Eptesicus serotinus,0.007,0.023,-1,Echolocation,/mnt/ubna_data_01_mir/recover-20220825/UBNA_002/20220823_033000.WAV,Telephone Field,recover-20220825,002,1795
1334.8995,1334.9144000000001,22890,26695,Nyctalus leisleri,0.026,0.048,-1,Echolocation,/mnt/ubna_data_01_mir/recover-20220825/UBNA_002/20220823_033000.WAV,Telephone Field,recover-20220825,002,1795
1334.9365,1334.9449,43515,48137,Pipistrellus nathusii,0.09,0.12,-1,Echolocation,/mnt/ubna_data_01_mir/recover-20220825/UBNA_002/20220823_033000.WAV,Telephone Field,recover-20220825,002,1795
1334.9775,1334.9882,23750,28738,Nyctalus leisleri,0.012,0.026,-1,Echolocation,/mnt/ubna_data_01_mir/recover-20220825/UBNA_002/20220823_033000.WAV,Telephone Field,recover-20220825,002,1795
1334.9935,1335.0009,42656,48557,Pipistrellus nathusii,0.199,0.266,-1,Echolocation,/mnt/ubna_data_01_mir/recover-20220825/UBNA_002/20220823_033000.WAV,Telephone Field,recover-20220825,002,1795
1334.9975,1335.0048,28906,39039,Barbastellus barbastellus,0.017,0.037,-1,Echolocation,/mnt/ubna_data_01_mir/recover-20220825/UBNA_002/20220823_033000.WAV,Telephone Field,recover-20220825,002,1795
1335.0375,1335.0782,68437,82649,Rhinolophus ferrumequinum,0.023,0.023,-1,Echolocation,/mnt/ubna_data_01_mir/recover-20220825/UBNA_002/20220823_033000.WAV,Telephone Field,recover-20220825,002,1795
1335.0525,1335.0597,41796,48734,Pipistrellus nathusii,0.267,0.443,-1,Echolocation,/mnt/ubna_data_01_mir/recover-20220825/UBNA_002/20220823_033000.WAV,Telephone Field,recover-20220825,002,1795
1335.0645,1335.0748,22031,27164,Nyctalus leisleri,0.015,0.039,-1,Echolocation,/mnt/ubna_data_01_mir/recover-20220825/UBNA_002/20220823_033000.WAV,Telephone Field,recover-20220825,002,1795
1335.1175,1335.133,24609,29979,Nyctalus leisleri,0.015,0.032,-1,Echolocation,/mnt/ubna_data_01_mir/recover-20220825/UBNA_002/20220823_033000.WAV,Telephone Field,recover-20220825,002,1795
1335.1325,1335.1402,42656,48490,Pipistrellus nathusii,0.192,0.349,-1,Echolocation,/mnt/ubna_data_01_mir/recover-20220825/UBNA_002/20220823_033000.WAV,Telephone Field,recover-20220825,002,1795
1335.1355,1335.1414,29765,51115,Myotis daubentonii,0.013,0.026,-1,Echolocation,/mnt/ubna_data_01_mir/recover-20220825/UBNA_002/20220823_033000.WAV,Telephone Field,recover-20220825,002,1795
1335.1595,1335.1913,68437,80855,Rhinolophus ferrumequinum,0.024,0.024,-1,Echolocation,/mnt/ubna_data_01_mir/recover-20220825/UBNA_002/20220823_033000.WAV,Telephone Field,recover-20220825,002,1795
1335.1825,1335.2195,68437,81934,Rhinolophus ferrumequinum,0.023,0.024,-1,Echolocation,/mnt/ubna_data_01_mir/recover-20220825/UBNA_002/20220823_033000.WAV,Telephone Field,recover-20220825,002,1795
1335.1835,1335.1925,28046,39346,Eptesicus serotinus,0.009,0.023,-1,Echolocation,/mnt/ubna_data_01_mir/recover-20220825/UBNA_002/20220823_033000.WAV,Telephone Field,recover-20220825,002,1795
1335.2125,1335.2189,30625,50070,Myotis daubentonii,0.01,0.026,-1,Echolocation,/mnt/ubna_data_01_mir/recover-20220825/UBNA_002/20220823_033000.WAV,Telephone Field,recover-20220825,002,1795
1335.2145,1335.2246,43515,47831,Pipistrellus nathusii,0.285,0.33,-1,Echolocation,/mnt/ubna_data_01_mir/recover-20220825/UBNA_002/20220823_033000.WAV,Telephone Field,recover-20220825,002,1795
1335.2175,1335.2251,26328,39182,Eptesicus serotinus,0.008,0.025,-1,Echolocation,/mnt/ubna_data_01_mir/recover-20220825/UBNA_002/20220823_033000.WAV,Telephone Field,recover-20220825,002,1795
1335.2745,1335.2817,48671,55363,Pipistrellus pipistrellus,0.022,0.026,-1,Echolocation,/mnt/ubna_data_01_mir/recover-20220825/UBNA_002/20220823_033000.WAV,Telephone Field,recover-20220825,002,1795
1335.2825,1335.323,68437,82665,Rhinolophus ferrumequinum,0.025,0.025,-1,Echolocation,/mnt/ubna_data_01_mir/recover-20220825/UBNA_002/20220823_033000.WAV,Telephone Field,recover-20220825,002,1795
1335.3025,1335.311,26328,34132,Eptesicus serotinus,0.011,0.025,-1,Echolocation,/mnt/ubna_data_01_mir/recover-20220825/UBNA_002/20220823_033000.WAV,Telephone Field,recover-20220825,002,1795
1335.3075,1335.3149,42656,53955,Pipistrellus nathusii,0.353,0.465,-1,Echolocation,/mnt/ubna_data_01_mir/recover-20220825/UBNA_002/20220823_033000.WAV,Telephone Field,recover-20220825,002,1795
1335.3505,1335.3597,28046,36929,Eptesicus serotinus,0.011,0.025,-1,Echolocation,/mnt/ubna_data_01_mir/recover-20220825/UBNA_002/20220823_033000.WAV,Telephone Field,recover-20220825,002,1795
1335.3605,1335.3708,24609,31543,Eptesicus serotinus,0.009,0.028,-1,Echolocation,/mnt/ubna_data_01_mir/recover-20220825/UBNA_002/20220823_033000.WAV,Telephone Field,recover-20220825,002,1795
1335.4005,1335.408,41796,50830,Pipistrellus nathusii,0.217,0.433,-1,Echolocation,/mnt/ubna_data_01_mir/recover-20220825/UBNA_002/20220823_033000.WAV,Telephone Field,recover-20220825,002,1795
1335.4015,1335.4075,29765,56237,Myotis daubentonii,0.013,0.026,-1,Echolocation,/mnt/ubna_data_01_mir/recover-20220825/UBNA_002/20220823_033000.WAV,Telephone Field,recover-20220825,002,1795
1335.4425,1335.4532,22890,28422,Nyctalus leisleri,0.01,0.023,-1,Echolocation,/mnt/ubna_data_01_mir/recover-20220825/UBNA_002/20220823_033000.WAV,Telephone Field,recover-20220825,002,1795
1335.4875,1335.4949,41796,48510,Pipistrellus nathusii,0.181,0.369,-1,Echolocation,/mnt/ubna_data_01_mir/recover-20220825/UBNA_002/20220823_033000.WAV,Telephone Field,recover-20220825,002,1795
1335.5825,1335.5884,30625,65153,Myotis brandtii,0.012,0.023,-1,Echolocation,/mnt/ubna_data_01_mir/recover-20220825/UBNA_002/20220823_033000.WAV,Telephone Field,recover-20220825,002,1795
1335.5835,1335.59,41796,56441,Pipistrellus nathusii,0.319,0.479,-1,Echolocation,/mnt/ubna_data_01_mir/recover-20220825/UBNA_002/20220823_033000.WAV,Telephone Field,recover-20220825,002,1795
1335.5955,1335.6036,27187,34923,Eptesicus serotinus,0.008,0.025,-1,Echolocation,/mnt/ubna_data_01_mir/recover-20220825/UBNA_002/20220823_033000.WAV,Telephone Field,recover-20220825,002,1795
1335.6605,1335.6677,41796,49994,Pipistrellus nathusii,0.307,0.484,-1,Echolocation,/mnt/ubna_data_01_mir/recover-20220825/UBNA_002/20220823_033000.WAV,Telephone Field,recover-20220825,002,1795
1335.7235,1335.7642,68437,82844,Rhinolophus ferrumequinum,0.026,0.026,-1,Echolocation,/mnt/ubna_data_01_mir/recover-20220825/UBNA_002/20220823_033000.WAV,Telephone Field,recover-20220825,002,1795
1335.7305,1335.7397,26328,34870,Eptesicus serotinus,0.019,0.036,-1,Echolocation,/mnt/ubna_data_01_mir/recover-20220825/UBNA_002/20220823_033000.WAV,Telephone Field,recover-20220825,002,1795
1335.7365,1335.7456,25468,31967,Eptesicus serotinus,0.014,0.036,-1,Echolocation,/mnt/ubna_data_01_mir/recover-20220825/UBNA_002/20220823_033000.WAV,Telephone Field,recover-20220825,002,1795
1335.7515,1335.759,41796,51124,Pipistrellus nathusii,0.379,0.471,-1,Echolocation,/mnt/ubna_data_01_mir/recover-20220825/UBNA_002/20220823_033000.WAV,Telephone Field,recover-20220825,002,1795
1335.8155,1335.8208,49531,54931,Pipistrellus pipistrellus,0.021,0.024,-1,Echolocation,/mnt/ubna_data_01_mir/recover-20220825/UBNA_002/20220823_033000.WAV,Telephone Field,recover-20220825,002,1795
1335.8185,1335.8319,22890,27705,Nyctalus leisleri,0.026,0.051,-1,Echolocation,/mnt/ubna_data_01_mir/recover-20220825/UBNA_002/20220823_033000.WAV,Telephone Field,recover-20220825,002,1795
1335.8465,1335.8527,41796,56990,Pipistrellus nathusii,0.321,0.424,-1,Echolocation,/mnt/ubna_data_01_mir/recover-20220825/UBNA_002/20220823_033000.WAV,Telephone Field,recover-20220825,002,1795
1335.9005,1335.909,28046,36023,Eptesicus serotinus,0.016,0.033,-1,Echolocation,/mnt/ubna_data_01_mir/recover-20220825/UBNA_002/20220823_033000.WAV,Telephone Field,recover-20220825,002,1795
1335.9405,1335.9463,42656,55616,Pipistrellus nathusii,0.416,0.515,-1,Echolocation,/mnt/ubna_data_01_mir/recover-20220825/UBNA_002/20220823_033000.WAV,Telephone Field,recover-20220825,002,1795
1336.0015,1336.0087,46093,55083,Pipistrellus pipistrellus,0.022,0.029,-1,Echolocation,/mnt/ubna_data_01_mir/recover-20220825/UBNA_002/20220823_033000.WAV,Telephone Field,recover-20220825,002,1795
1336.0015,1336.0306,69296,81658,Rhinolophus ferrumequinum,0.034,0.034,-1,Echolocation,/mnt/ubna_data_01_mir/recover-20220825/UBNA_002/20220823_033000.WAV,Telephone Field,recover-20220825,002,1795
1336.0015,1336.0092,23750,35585,Myotis nattereri,0.006,0.024,-1,Echolocation,/mnt/ubna_data_01_mir/recover-20220825/UBNA_002/20220823_033000.WAV,Telephone Field,recover-20220825,002,1795
1336.0335,1336.0406,42656,53272,Pipistrellus nathusii,0.512,0.542,-1,Echolocation,/mnt/ubna_data_01_mir/recover-20220825/UBNA_002/20220823_033000.WAV,Telephone Field,recover-20220825,002,1795
1336.0395,1336.0473,54687,66319,Pipistrellus pygmaeus,0.038,0.038,-1,Echolocation,/mnt/ubna_data_01_mir/recover-20220825/UBNA_002/20220823_033000.WAV,Telephone Field,recover-20220825,002,1795
1336.0435,1336.049,30625,46971,Myotis daubentonii,0.015,0.025,-1,Echolocation,/mnt/ubna_data_01_mir/recover-20220825/UBNA_002/20220823_033000.WAV,Telephone Field,recover-20220825,002,1795
1336.0435,1336.0508,22890,34795,Plecotus austriacus,0.008,0.024,-1,Echolocation,/mnt/ubna_data_01_mir/recover-20220825/UBNA_002/20220823_033000.WAV,Telephone Field,recover-20220825,002,1795
1336.0665,1336.0777,22031,26880,Nyctalus leisleri,0.011,0.027,-1,Echolocation,/mnt/ubna_data_01_mir/recover-20220825/UBNA_002/20220823_033000.WAV,Telephone Field,recover-20220825,002,1795
1336.0925,1336.0995,43515,50040,Pipistrellus pipistrellus,0.018,0.025,-1,Echolocation,/mnt/ubna_data_01_mir/recover-20220825/UBNA_002/20220823_033000.WAV,Telephone Field,recover-20220825,002,1795
1336.1245,1336.1312,41796,50394,Pipistrellus nathusii,0.64,0.656,-1,Echolocation,/mnt/ubna_data_01_mir/recover-20220825/UBNA_002/20220823_033000.WAV,Telephone Field,recover-20220825,002,1795
1336.1325,1336.1404,55546,65356,Pipistrellus pygmaeus,0.028,0.029,-1,Echolocation,/mnt/ubna_data_01_mir/recover-20220825/UBNA_002/20220823_033000.WAV,Telephone Field,recover-20220825,002,1795
1336.1525,1336.164,24609,30708,Eptesicus serotinus,0.011,0.031,-1,Echolocation,/mnt/ubna_data_01_mir/recover-20220825/UBNA_002/20220823_033000.WAV,Telephone Field,recover-20220825,002,1795
1336.1685,1336.1756,46093,53725,Pipistrellus pipistrellus,0.025,0.027,-1,Echolocation,/mnt/ubna_data_01_mir/recover-20220825/UBNA_002/20220823_033000.WAV,Telephone Field,recover-20220825,002,1795
1336.1745,1336.1834,28046,36386,Eptesicus serotinus,0.009,0.023,-1,Echolocation,/mnt/ubna_data_01_mir/recover-20220825/UBNA_002/20220823_033000.WAV,Telephone Field,recover-20220825,002,1795
1336.1925,1336.2026,45234,52322,Pipistrellus pipistrellus,0.028,0.035,-1,Echolocation,/mnt/ubna_data_01_mir/recover-20220825/UBNA_002/20220823_033000.WAV,Telephone Field,recover-20220825,002,1795
1336.2155,1336.2235,54687,59291,Pipistrellus pygmaeus,0.025,0.028,-1,Echolocation,/mnt/ubna_data_01_mir/recover-20220825/UBNA_002/20220823_033000.WAV,Telephone Field,recover-20220825,002,1795
1336.2155,1336.2234,41796,57533,Pipistrellus nathusii,0.583,0.638,-1,Echolocation,/mnt/ubna_data_01_mir/recover-20220825/UBNA_002/20220823_033000.WAV,Telephone Field,recover-20220825,002,1795
1336.2335,1336.2737,68437,83131,Rhinolophus ferrumequinum,0.041,0.041,-1,Echolocation,/mnt/ubna_data_01_mir/recover-20220825/UBNA_002/20220823_033000.WAV,Telephone Field,recover-20220825,002,1795
1336.2645,1336.2739,55546,62035,Pipistrellus pygmaeus,0.027,0.028,-1,Echolocation,/mnt/ubna_data_01_mir/recover-20220825/UBNA_002/20220823_033000.WAV,Telephone Field,recover-20220825,002,1795
1336.2675,1336.2757,28906,38430,Eptesicus serotinus,0.008,0.023,-1,Echolocation,/mnt/ubna_data_01_mir/recover-20220825/UBNA_002/20220823_033000.WAV,Telephone Field,recover-20220825,002,1795
1336.3085,1336.3166,52109,56169,Pipistrellus pygmaeus,0.098,0.11,-1,Echolocation,/mnt/ubna_data_01_mir/recover-20220825/UBNA_002/20220823_033000.WAV,Telephone Field,recover-20220825,002,1795
1336.3135,1336.3209,41796,59524,Pipistrellus nathusii,0.649,0.674,-1,Echolocation,/mnt/ubna_data_01_mir/recover-20220825/UBNA_002/20220823_033000.WAV,Telephone Field,recover-20220825,002,1795
1336.3345,1336.3448,21171,27517,Plecotus austriacus,0.01,0.028,-1,Echolocation,/mnt/ubna_data_01_mir/recover-20220825/UBNA_002/20220823_033000.WAV,Telephone Field,recover-20220825,002,1795
1336.3355,1336.3427,48671,56479,Pipistrellus pipistrellus,0.022,0.027,-1,Echolocation,/mnt/ubna_data_01_mir/recover-20220825/UBNA_002/20220823_033000.WAV,Telephone Field,recover-20220825,002,1795
1336.4015,1336.4095,41796,54772,Pipistrellus nathusii,0.462,0.538,-1,Echolocation,/mnt/ubna_data_01_mir/recover-20220825/UBNA_002/20220823_033000.WAV,Telephone Field,recover-20220825,002,1795
1336.4145,1336.4199,32343,58045,Myotis brandtii,0.011,0.028,-1,Echolocation,/mnt/ubna_data_01_mir/recover-20220825/UBNA_002/20220823_033000.WAV,Telephone Field,recover-20220825,002,1795
1336.4145,1336.4213,27187,50527,Eptesicus serotinus,0.007,0.027,-1,Echolocation,/mnt/ubna_data_01_mir/recover-20220825/UBNA_002/20220823_033000.WAV,Telephone Field,recover-20220825,002,1795
1336.4325,1336.4736,68437,83277,Rhinolophus ferrumequinum,0.028,0.028,-1,Echolocation,/mnt/ubna_data_01_mir/recover-20220825/UBNA_002/20220823_033000.WAV,Telephone Field,recover-20220825,002,1795
1336.4495,1336.4556,25468,36201,Plecotus austriacus,0.017,0.036,-1,Echolocation,/mnt/ubna_data_01_mir/recover-20220825/UBNA_002/20220823_033000.WAV,Telephone Field,recover-20220825,002,1795
1336.4605,1336.4946,68437,81002,Rhinolophus ferrumequinum,0.023,0.023,-1,Echolocation,/mnt/ubna_data_01_mir/recover-20220825/UBNA_002/20220823_033000.WAV,Telephone Field,recover-20220825,002,1795
1336.4725,1336.4792,48671,54351,Pipistrellus pipistrellus,0.021,0.025,-1,Echolocation,/mnt/ubna_data_01_mir/recover-20220825/UBNA_002/20220823_033000.WAV,Telephone Field,recover-20220825,002,1795
1336.4975,1336.5066,52968,58113,Pipistrellus pygmaeus,0.022,0.024,-1,Echolocation,/mnt/ubna_data_01_mir/recover-20220825/UBNA_002/20220823_033000.WAV,Telephone Field,recover-20220825,002,1795
1336.4985,1336.5047,41796,58224,Pipistrellus nathusii,0.565,0.586,-1,Echolocation,/mnt/ubna_data_01_mir/recover-20220825/UBNA_002/20220823_033000.WAV,Telephone Field,recover-20220825,002,1795
1336.5065,1336.5153,40937,49534,Pipistrellus nathusii,0.033,0.043,-1,Echolocation,/mnt/ubna_data_01_mir/recover-20220825/UBNA_002/20220823_033000.WAV,Telephone Field,recover-20220825,002,1795
1336.5265,1336.5464,21171,24223,Nyctalus leisleri,0.023,0.042,-1,Echolocation,/mnt/ubna_data_01_mir/recover-20220825/UBNA_002/20220823_033000.WAV,Telephone Field,recover-20220825,002,1795
1336.5745,1336.5819,34921,44613,Myotis daubentonii,0.011,0.029,-1,Echolocation,/mnt/ubna_data_01_mir/recover-20220825/UBNA_002/20220823_033000.WAV,Telephone Field,recover-20220825,002,1795
1336.5895,1336.5963,53828,60758,Pipistrellus pygmaeus,0.143,0.15,-1,Echolocation,/mnt/ubna_data_01_mir/recover-20220825/UBNA_002/20220823_033000.WAV,Telephone Field,recover-20220825,002,1795
1336.5905,1336.5968,41796,60465,Pipistrellus nathusii,0.618,0.635,-1,Echolocation,/mnt/ubna_data_01_mir/recover-20220825/UBNA_002/20220823_033000.WAV,Telephone Field,recover-20220825,002,1795
1336.6075,1336.6178,25468,31143,Nyctalus leisleri,0.008,0.023,-1,Echolocation,/mnt/ubna_data_01_mir/recover-20220825/UBNA_002/20220823_033000.WAV,Telephone Field,recover-20220825,002,1795
1336.6435,1336.6503,52968,57248,Pipistrellus pygmaeus,0.039,0.042,-1,Echolocation,/mnt/ubna_data_01_mir/recover-20220825/UBNA_002/20220823_033000.WAV,Telephone Field,recover-20220825,002,1795
1336.6695,1336.6784,44375,48539,Pipistrellus pipistrellus,0.024,0.027,-1,Echolocation,/mnt/ubna_data_01_mir/recover-20220825/UBNA_002/20220823_033000.WAV,Telephone Field,recover-20220825,002,1795
1336.6855,1336.6954,54687,59795,Pipistrellus pygmaeus,0.029,0.031,-1,Echolocation,/mnt/ubna_data_01_mir/recover-20220825/UBNA_002/20220823_033000.WAV,Telephone Field,recover-20220825,002,1795
1336.6905,1336.6977,41796,61345,Pipistrellus nathusii,0.617,0.641,-1,Echolocation,/mnt/ubna_data_01_mir/recover-20220825/UBNA_002/20220823_033000.WAV,Telephone Field,recover-20220825,002,1795
1336.6915,1336.6968,52109,57470,Pipistrellus pipistrellus,0.014,0.029,-1,Echolocation,/mnt/ubna_data_01_mir/recover-20220825/UBNA_002/20220823_033000.WAV,Telephone Field,recover-20220825,002,1795
1336.7245,1336.7314,48671,55059,Pipistrellus pipistrellus,0.022,0.025,-1,Echolocation,/mnt/ubna_data_01_mir/recover-20220825/UBNA_002/20220823_033000.WAV,Telephone Field,recover-20220825,002,1795
1336.7555,1336.7708,20312,23988,Nyctalus leisleri,0.015,0.026,-1,Echolocation,/mnt/ubna_data_01_mir/recover-20220825/UBNA_002/20220823_033000.WAV,Telephone Field,recover-20220825,002,1795
1336.7775,1336.7858,53828,59842,Pipistrellus pygmaeus,0.04,0.043,-1,Echolocation,/mnt/ubna_data_01_mir/recover-20220825/UBNA_002/20220823_033000.WAV,Telephone Field,recover-20220825,002,1795
1336.7815,1336.7889,40937,60404,Pipistrellus nathusii,0.623,0.666,-1,Echolocation,/mnt/ubna_data_01_mir/recover-20220825/UBNA_002/20220823_033000.WAV,Telephone Field,recover-20220825,002,1795
1336.8825,1336.8911,40937,59470,Pipistrellus nathusii,0.636,0.687,-1,Echolocation,/mnt/ubna_data_01_mir/recover-20220825/UBNA_002/20220823_033000.WAV,Telephone Field,recover-20220825,002,1795
1336.8825,1336.8882,53828,58373,Pipistrellus pygmaeus,0.032,0.038,-1,Echolocation,/mnt/ubna_data_01_mir/recover-20220825/UBNA_002/20220823_033000.WAV,Telephone Field,recover-20220825,002,1795
1336.9025,1336.9376,68437,81445,Rhinolophus ferrumequinum,0.024,0.024,-1,Echolocation,/mnt/ubna_data_01_mir/recover-20220825/UBNA_002/20220823_033000.WAV,Telephone Field,recover-20220825,002,1795
1336.9245,1336.9329,55546,61630,Pipistrellus pygmaeus,0.052,0.053,-1,Echolocation,/mnt/ubna_data_01_mir/recover-20220825/UBNA_002/20220823_033000.WAV,Telephone Field,recover-20220825,002,1795
1336.9355,1336.9418,42656,48352,Pipistrellus nathusii,0.31,0.328,-1,Echolocation,/mnt/ubna_data_01_mir/recover-20220825/UBNA_002/20220823_033000.WAV,Telephone Field,recover-20220825,002,1795
1336.9655,1336.9732,46953,53209,Pipistrellus pipistrellus,0.023,0.026,-1,Echolocation,/mnt/ubna_data_01_mir/recover-20220825/UBNA_002/20220823_033000.WAV,Telephone Field,recover-20220825,002,1795
1336.9735,1336.983,41796,46317,Pipistrellus pipistrellus,0.014,0.026,-1,Echolocation,/mnt/ubna_data_01_mir/recover-20220825/UBNA_002/20220823_033000.WAV,Telephone Field,recover-20220825,002,1795
1336.9735,1336.981,47812,53441,Pipistrellus pipistrellus,0.019,0.023,-1,Echolocation,/mnt/ubna_data_01_mir/recover-20220825/UBNA_002/20220823_033000.WAV,Telephone Field,recover-20220825,002,1795
1336.9975,1337.0373,68437,81970,Rhinolophus ferrumequinum,0.029,0.029,-1,Echolocation,/mnt/ubna_data_01_mir/recover-20220825/UBNA_002/20220823_033000.WAV,Telephone Field,recover-20220825,002,1795
1337.0195,1337.0265,28046,39905,Eptesicus serotinus,0.007,0.023,-1,Echolocation,/mnt/ubna_data_01_mir/recover-20220825/UBNA_002/20220823_033000.WAV,Telephone Field,recover-20220825,002,1795
1337.0195,1337.0283,39218,44588,Pipistrellus nathusii,0.019,0.031,-1,Echolocation,/mnt/ubna_data_01_mir/recover-20220825/UBNA_002/20220823_033000.WAV,Telephone Field,recover-20220825,002,1795
1337.0285,1337.0358,47812,53891,Pipistrellus pipistrellus,0.021,0.026,-1,Echolocation,/mnt/ubna_data_01_mir/recover-20220825/UBNA_002/20220823_033000.WAV,Telephone Field,recover-20220825,002,1795
1337.0575,1337.0662,41796,57944,Pipistrellus nathusii,0.275,0.325,-1,Echolocation,/mnt/ubna_data_01_mir/recover-20220825/UBNA_002/20220823_033000.WAV,Telephone Field,recover-20220825,002,1795
1337.0585,1337.0681,55546,60903,Pipistrellus pygmaeus,0.026,0.027,-1,Echolocation,/mnt/ubna_data_01_mir/recover-20220825/UBNA_002/20220823_033000.WAV,Telephone Field,recover-20220825,002,1795
1337.0675,1337.0743,27187,35554,Eptesicus serotinus,0.006,0.025,-1,Echolocation,/mnt/ubna_data_01_mir/recover-20220825/UBNA_002/20220823_033000.WAV,Telephone Field,recover-20220825,002,1795
1337.1465,1337.158,22890,27250,Nyctalus leisleri,0.014,0.027,-1,Echolocation,/mnt/ubna_data_01_mir/recover-20220825/UBNA_002/20220823_033000.WAV,Telephone Field,recover-20220825,002,1795
1337.1555,1337.1622,52968,57476,Pipistrellus pygmaeus,0.031,0.046,-1,Echolocation,/mnt/ubna_data_01_mir/recover-20220825/UBNA_002/20220823_033000.WAV,Telephone Field,recover-20220825,002,1795
1337.1565,1337.1642,40937,60474,Pipistrellus nathusii,0.571,0.629,-1,Echolocation,/mnt/ubna_data_01_mir/recover-20220825/UBNA_002/20220823_033000.WAV,Telephone Field,recover-20220825,002,1795
1337.2235,1337.2569,68437,81008,Rhinolophus ferrumequinum,0.024,0.024,-1,Echolocation,/mnt/ubna_data_01_mir/recover-20220825/UBNA_002/20220823_033000.WAV,Telephone Field,recover-20220825,002,1795
1337.2475,1337.2567,53828,59301,Pipistrellus pygmaeus,0.028,0.031,-1,Echolocation,/mnt/ubna_data_01_mir/recover-20220825/UBNA_002/20220823_033000.WAV,Telephone Field,recover-20220825,002,1795
1337.2505,1337.2593,40078,62466,Pipistrellus nathusii,0.518,0.564,-1,Echolocation,/mnt/ubna_data_01_mir/recover-20220825/UBNA_002/20220823_033000.WAV,Telephone Field,recover-20220825,002,1795
1337.2505,1337.2561,31484,63827,Myotis brandtii,0.011,0.034,-1,Echolocation,/mnt/ubna_data_01_mir/recover-20220825/UBNA_002/20220823_033000.WAV,Telephone Field,recover-20220825,002,1795
1337.2525,1337.2575,51250,56339,Pipistrellus pygmaeus,0.016,0.033,-1,Echolocation,/mnt/ubna_data_01_mir/recover-20220825/UBNA_002/20220823_033000.WAV,Telephone Field,recover-20220825,002,1795
1337.2925,1337.3036,28906,35357,Eptesicus serotinus,0.013,0.026,-1,Echolocation,/mnt/ubna_data_01_mir/recover-20220825/UBNA_002/20220823_033000.WAV,Telephone Field,recover-20220825,002,1795
1337.2995,1337.3102,28906,35923,Eptesicus serotinus,0.011,0.024,-1,Echolocation,/mnt/ubna_data_01_mir/recover-20220825/UBNA_002/20220823_033000.WAV,Telephone Field,recover-20220825,002,1795
1337.3445,1337.3517,40937,54209,Pipistrellus nathusii,0.667,0.693,-1,Echolocation,/mnt/ubna_data_01_mir/recover-20220825/UBNA_002/20220823_033000.WAV,Telephone Field,recover-20220825,002,1795
1337.3465,1337.3579,15156,19669,Nyctalus noctula,0.011,0.028,-1,Echolocation,/mnt/ubna_data_01_mir/recover-20220825/UBNA_002/20220823_033000.WAV,Telephone Field,recover-20220825,002,1795
1337.3515,1337.3604,58984,66095,Pipistrellus pygmaeus,0.041,0.041,-1,Echolocation,/mnt/ubna_data_01_mir/recover-20220825/UBNA_002/20220823_033000.WAV,Telephone Field,recover-20220825,002,1795
1337.3685,1337.3812,29765,34663,Eptesicus serotinus,0.022,0.041,-1,Echolocation,/mnt/ubna_data_01_mir/recover-20220825/UBNA_002/20220823_033000.WAV,Telephone Field,recover-20220825,002,1795
1337.3995,1337.4153,21171,25098,Nyctalus leisleri,0.013,0.026,-1,Echolocation,/mnt/ubna_data_01_mir/recover-20220825/UBNA_002/20220823_033000.WAV,Telephone Field,recover-20220825,002,1795
1337.4025,1337.4136,37500,40580,Pipistrellus nathusii,0.027,0.036,-1,Echolocation,/mnt/ubna_data_01_mir/recover-20220825/UBNA_002/20220823_033000.WAV,Telephone Field,recover-20220825,002,1795
1337.4355,1337.4434,52968,56840,Pipistrellus pygmaeus,0.027,0.034,-1,Echolocation,/mnt/ubna_data_01_mir/recover-20220825/UBNA_002/20220823_033000.WAV,Telephone Field,recover-20220825,002,1795
1337.4365,1337.4433,40937,58071,Pipistrellus nathusii,0.657,0.668,-1,Echolocation,/mnt/ubna_data_01_mir/recover-20220825/UBNA_002/20220823_033000.WAV,Telephone Field,recover-20220825,002,1795
1337.4465,1337.4561,55546,65798,Pipistrellus pygmaeus,0.029,0.03,-1,Echolocation,/mnt/ubna_data_01_mir/recover-20220825/UBNA_002/20220823_033000.WAV,Telephone Field,recover-20220825,002,1795
1337.4475,1337.4535,33203,56049,Myotis brandtii,0.01,0.024,-1,Echolocation,/mnt/ubna_data_01_mir/recover-20220825/UBNA_002/20220823_033000.WAV,Telephone Field,recover-20220825,002,1795
1337.4545,1337.4617,23750,38913,Myotis nattereri,0.01,0.023,-1,Echolocation,/mnt/ubna_data_01_mir/recover-20220825/UBNA_002/20220823_033000.WAV,Telephone Field,recover-20220825,002,1795
1337.4945,1337.5303,68437,82003,Rhinolophus ferrumequinum,0.023,0.023,-1,Echolocation,/mnt/ubna_data_01_mir/recover-20220825/UBNA_002/20220823_033000.WAV,Telephone Field,recover-20220825,002,1795
1337.5285,1337.536,40937,55136,Pipistrellus nathusii,0.552,0.588,-1,Echolocation,/mnt/ubna_data_01_mir/recover-20220825/UBNA_002/20220823_033000.WAV,Telephone Field,recover-20220825,002,1795
1337.5615,1337.5693,53828,58849,Pipistrellus pygmaeus,0.022,0.023,-1,Echolocation,/mnt/ubna_data_01_mir/recover-20220825/UBNA_002/20220823_033000.WAV,Telephone Field,recover-20220825,002,1795
1337.5865,1337.5961,46093,51662,Pipistrellus pipistrellus,0.039,0.044,-1,Echolocation,/mnt/ubna_data_01_mir/recover-20220825/UBNA_002/20220823_033000.WAV,Telephone Field,recover-20220825,002,1795
1337.6075,1337.6149,47812,56598,Pipistrellus pipistrellus,0.021,0.025,-1,Echolocation,/mnt/ubna_data_01_mir/recover-20220825/UBNA_002/20220823_033000.WAV,Telephone Field,recover-20220825,002,1795
1337.6185,1337.6259,40937,61332,Pipistrellus nathusii,0.577,0.627,-1,Echolocation,/mnt/ubna_data_01_mir/recover-20220825/UBNA_002/20220823_033000.WAV,Telephone Field,recover-20220825,002,1795
1337.6355,1337.6675,68437,81205,Rhinolophus ferrumequinum,0.025,0.025,-1,Echolocation,/mnt/ubna_data_01_mir/recover-20220825/UBNA_002/20220823_033000.WAV,Telephone Field,recover-20220825,002,1795
1337.6365,1337.6472,29765,35849,Eptesicus serotinus,0.008,0.024,-1,Echolocation,/mnt/ubna_data_01_mir/recover-20220825/UBNA_002/20220823_033000.WAV,Telephone Field,recover-20220825,002,1795
1337.6555,1337.6639,58125,70068,Pipistrellus pygmaeus,0.023,0.023,-1,Echolocation,/mnt/ubna_data_01_mir/recover-20220825/UBNA_002/20220823_033000.WAV,Telephone Field,recover-20220825,002,1795
1337.6795,1337.7101,68437,81052,Rhinolophus ferrumequinum,0.024,0.024,-1,Echolocation,/mnt/ubna_data_01_mir/recover-20220825/UBNA_002/20220823_033000.WAV,Telephone Field,recover-20220825,002,1795
1337.6885,1337.6954,46953,51811,Pipistrellus pipistrellus,0.072,0.089,-1,Echolocation,/mnt/ubna_data_01_mir/recover-20220825/UBNA_002/20220823_033000.WAV,Telephone Field,recover-20220825,002,1795
1337.7065,1337.7131,49531,57440,Pipistrellus pipistrellus,0.014,0.029,-1,Echolocation,/mnt/ubna_data_01_mir/recover-20220825/UBNA_002/20220823_033000.WAV,Telephone Field,recover-20220825,002,1795
1337.7085,1337.716,41796,63925,Pipistrellus nathusii,0.638,0.676,-1,Echolocation,/mnt/ubna_data_01_mir/recover-20220825/UBNA_002/20220823_033000.WAV,Telephone Field,recover-20220825,002,1795
1337.7595,1337.7699,22890,29181,Nyctalus leisleri,0.011,0.03,-1,Echolocation,/mnt/ubna_data_01_mir/recover-20220825/UBNA_002/20220823_033000.WAV,Telephone Field,recover-20220825,002,1795
1337.7605,1337.7663,28906,41555,Eptesicus serotinus,0.005,0.027,-1,Echolocation,/mnt/ubna_data_01_mir/recover-20220825/UBNA_002/20220823_033000.WAV,Telephone Field,recover-20220825,002,1795
1337.7795,1337.7904,24609,30819,Nyctalus leisleri,0.009,0.023,-1,Echolocation,/mnt/ubna_data_01_mir/recover-20220825/UBNA_002/20220823_033000.WAV,Telephone Field,recover-20220825,002,1795
1337.7995,1337.8074,54687,58701,Pipistrellus pygmaeus,0.081,0.083,-1,Echolocation,/mnt/ubna_data_01_mir/recover-20220825/UBNA_002/20220823_033000.WAV,Telephone Field,recover-20220825,002,1795
1337.7995,1337.8056,41796,59587,Pipistrellus nathusii,0.539,0.561,-1,Echolocation,/mnt/ubna_data_01_mir/recover-20220825/UBNA_002/20220823_033000.WAV,Telephone Field,recover-20220825,002,1795
1337.8485,1337.8838,68437,81888,Rhinolophus ferrumequinum,0.024,0.024,-1,Echolocation,/mnt/ubna_data_01_mir/recover-20220825/UBNA_002/20220823_033000.WAV,Telephone Field,recover-20220825,002,1795
1337.8555,1337.888,68437,81604,Rhinolophus ferrumequinum,0.023,0.023,-1,Echolocation,/mnt/ubna_data_01_mir/recover-20220825/UBNA_002/20220823_033000.WAV,Telephone Field,recover-20220825,002,1795
1337.8555,1337.8624,48671,54707,Pipistrellus pipistrellus,0.02,0.024,-1,Echolocation,/mnt/ubna_data_01_mir/recover-20220825/UBNA_002/20220823_033000.WAV,Telephone Field,recover-20220825,002,1795
1337.8875,1337.8933,41796,60874,Pipistrellus nathusii,0.565,0.602,-1,Echolocation,/mnt/ubna_data_01_mir/recover-20220825/UBNA_002/20220823_033000.WAV,Telephone Field,recover-20220825,002,1795
1337.9735,1337.9821,53828,58896,Pipistrellus pygmaeus,0.044,0.049,-1,Echolocation,/mnt/ubna_data_01_mir/recover-20220825/UBNA_002/20220823_033000.WAV,Telephone Field,recover-20220825,002,1795
1337.9745,1337.9803,40937,62174,Pipistrellus nathusii,0.399,0.423,-1,Echolocation,/mnt/ubna_data_01_mir/recover-20220825/UBNA_002/20220823_033000.WAV,Telephone Field,recover-20220825,002,1795
1338.0015,1338.0329,69296,82767,Rhinolophus ferrumequinum,0.026,0.026,-1,Echolocation,/mnt/ubna_data_01_mir/recover-20220825/UBNA_002/20220823_033000.WAV,Telephone Field,recover-20220825,002,1795
1338.0015,1338.0102,25468,35634,Nyctalus leisleri,0.005,0.024,-1,Echolocation,/mnt/ubna_data_01_mir/recover-20220825/UBNA_002/20220823_033000.WAV,Telephone Field,recover-20220825,002,1795
1338.0095,1338.0474,68437,81392,Rhinolophus ferrumequinum,0.021,0.021,-1,Echolocation,/mnt/ubna_data_01_mir/recover-20220825/UBNA_002/20220823_033000.WAV,Telephone Field,recover-20220825,002,1795
1338.0315,1338.0688,68437,82086,Rhinolophus ferrumequinum,0.023,0.023,-1,Echolocation,/mnt/ubna_data_01_mir/recover-20220825/UBNA_002/20220823_033000.WAV,Telephone Field,recover-20220825,002,1795
1338.0625,1338.0675,30625,77944,Myotis brandtii,0.032,0.065,-1,Echolocation,/mnt/ubna_data_01_mir/recover-20220825/UBNA_002/20220823_033000.WAV,Telephone Field,recover-20220825,002,1795
1338.0625,1338.0688,40078,54013,Pipistrellus nathusii,0.166,0.405,-1,Echolocation,/mnt/ubna_data_01_mir/recover-20220825/UBNA_002/20220823_033000.WAV,Telephone Field,recover-20220825,002,1795
1338.0705,1338.1082,68437,82178,Rhinolophus ferrumequinum,0.023,0.023,-1,Echolocation,/mnt/ubna_data_01_mir/recover-20220825/UBNA_002/20220823_033000.WAV,Telephone Field,recover-20220825,002,1795
1338.1015,1338.1402,68437,81994,Rhinolophus ferrumequinum,0.021,0.021,-1,Echolocation,/mnt/ubna_data_01_mir/recover-20220825/UBNA_002/20220823_033000.WAV,Telephone Field,recover-20220825,002,1795
1338.1555,1338.1616,40937,59923,Pipistrellus nathusii,0.121,0.417,-1,Echolocation,/mnt/ubna_data_01_mir/recover-20220825/UBNA_002/20220823_033000.WAV,Telephone Field,recover-20220825,002,1795
1338.1955,1338.2045,28046,39085,Eptesicus serotinus,0.017,0.032,-1,Echolocation,/mnt/ubna_data_01_mir/recover-20220825/UBNA_002/20220823_033000.WAV,Telephone Field,recover-20220825,002,1795
1338.2335,1338.2735,68437,82500,Rhinolophus ferrumequinum,0.022,0.022,-1,Echolocation,/mnt/ubna_data_01_mir/recover-20220825/UBNA_002/20220823_033000.WAV,Telephone Field,recover-20220825,002,1795
1338.2375,1338.2478,42656,45771,Pipistrellus pipistrellus,0.094,0.137,-1,Echolocation,/mnt/ubna_data_01_mir/recover-20220825/UBNA_002/20220823_033000.WAV,Telephone Field,recover-20220825,002,1795
1338.2715,1338.278,28046,40751,Eptesicus serotinus,0.007,0.025,-1,Echolocation,/mnt/ubna_data_01_mir/recover-20220825/UBNA_002/20220823_033000.WAV,Telephone Field,recover-20220825,002,1795
1338.2815,1338.3204,68437,81810,Rhinolophus ferrumequinum,0.021,0.021,-1,Echolocation,/mnt/ubna_data_01_mir/recover-20220825/UBNA_002/20220823_033000.WAV,Telephone Field,recover-20220825,002,1795
1338.2855,1338.2955,24609,31782,Eptesicus serotinus,0.009,0.022,-1,Echolocation,/mnt/ubna_data_01_mir/recover-20220825/UBNA_002/20220823_033000.WAV,Telephone Field,recover-20220825,002,1795
1338.3305,1338.339,42656,51539,Pipistrellus nathusii,0.005,0.024,-1,Echolocation,/mnt/ubna_data_01_mir/recover-20220825/UBNA_002/20220823_033000.WAV,Telephone Field,recover-20220825,002,1795
1338.3335,1338.3734,68437,81920,Rhinolophus ferrumequinum,0.021,0.021,-1,Echolocation,/mnt/ubna_data_01_mir/recover-20220825/UBNA_002/20220823_033000.WAV,Telephone Field,recover-20220825,002,1795
1338.3525,1338.3904,68437,82587,Rhinolophus ferrumequinum,0.021,0.021,-1,Echolocation,/mnt/ubna_data_01_mir/recover-20220825/UBNA_002/20220823_033000.WAV,Telephone Field,recover-20220825,002,1795
1338.4015,1338.4381,68437,81536,Rhinolophus ferrumequinum,0.021,0.021,-1,Echolocation,/mnt/ubna_data_01_mir/recover-20220825/UBNA_002/20220823_033000.WAV,Telephone Field,recover-20220825,002,1795
1338.4435,1338.454,27187,35048,Eptesicus serotinus,0.014,0.028,-1,Echolocation,/mnt/ubna_data_01_mir/recover-20220825/UBNA_002/20220823_033000.WAV,Telephone Field,recover-20220825,002,1795
1338.4485,1338.4897,68437,82473,Rhinolophus ferrumequinum,0.021,0.021,-1,Echolocation,/mnt/ubna_data_01_mir/recover-20220825/UBNA_002/20220823_033000.WAV,Telephone Field,recover-20220825,002,1795
1338.4575,1338.4962,68437,82832,Rhinolophus ferrumequinum,0.022,0.022,-1,Echolocation,/mnt/ubna_data_01_mir/recover-20220825/UBNA_002/20220823_033000.WAV,Telephone Field,recover-20220825,002,1795
1338.4935,1338.532,68437,81389,Rhinolophus ferrumequinum,0.022,0.022,-1,Echolocation,/mnt/ubna_data_01_mir/recover-20220825/UBNA_002/20220823_033000.WAV,Telephone Field,recover-20220825,002,1795
1338.5045,1338.5423,68437,82175,Rhinolophus ferrumequinum,0.022,0.023,-1,Echolocation,/mnt/ubna_data_01_mir/recover-20220825/UBNA_002/20220823_033000.WAV,Telephone Field,recover-20220825,002,1795
1338.5105,1338.5183,28046,39162,Eptesicus serotinus,0.007,0.022,-1,Echolocation,/mnt/ubna_data_01_mir/recover-20220825/UBNA_002/20220823_033000.WAV,Telephone Field,recover-20220825,002,1795
1338.5545,1338.5904,68437,81527,Rhinolophus ferrumequinum,0.021,0.021,-1,Echolocation,/mnt/ubna_data_01_mir/recover-20220825/UBNA_002/20220823_033000.WAV,Telephone Field,recover-20220825,002,1795
1338.5735,1338.6102,68437,81601,Rhinolophus ferrumequinum,0.021,0.021,-1,Echolocation,/mnt/ubna_data_01_mir/recover-20220825/UBNA_002/20220823_033000.WAV,Telephone Field,recover-20220825,002,1795
1338.5835,1338.6227,68437,82560,Rhinolophus ferrumequinum,0.021,0.021,-1,Echolocation,/mnt/ubna_data_01_mir/recover-20220825/UBNA_002/20220823_033000.WAV,Telephone Field,recover-20220825,002,1795
1338.6555,1338.6925,68437,81703,Rhinolophus ferrumequinum,0.022,0.022,-1,Echolocation,/mnt/ubna_data_01_mir/recover-20220825/UBNA_002/20220823_033000.WAV,Telephone Field,recover-20220825,002,1795
1338.6885,1338.7245,68437,80612,Rhinolophus ferrumequinum,0.02,0.02,-1,Echolocation,/mnt/ubna_data_01_mir/recover-20220825/UBNA_002/20220823_033000.WAV,Telephone Field,recover-20220825,002,1795
1338.7045,1338.7465,68437,83055,Rhinolophus ferrumequinum,0.032,0.032,-1,Echolocation,/mnt/ubna_data_01_mir/recover-20220825/UBNA_002/20220823_033000.WAV,Telephone Field,recover-20220825,002,1795
1338.7225,1338.7313,28046,38634,Eptesicus serotinus,0.008,0.021,-1,Echolocation,/mnt/ubna_data_01_mir/recover-20220825/UBNA_002/20220823_033000.WAV,Telephone Field,recover-20220825,002,1795
1338.7695,1338.7801,25468,32937,Eptesicus serotinus,0.016,0.038,-1,Echolocation,/mnt/ubna_data_01_mir/recover-20220825/UBNA_002/20220823_033000.WAV,Telephone Field,recover-20220825,002,1795
1338.7955,1338.8053,26328,33811,Eptesicus serotinus,0.01,0.024,-1,Echolocation,/mnt/ubna_data_01_mir/recover-20220825/UBNA_002/20220823_033000.WAV,Telephone Field,recover-20220825,002,1795
1338.8235,1338.8595,68437,82462,Rhinolophus ferrumequinum,0.02,0.02,-1,Echolocation,/mnt/ubna_data_01_mir/recover-20220825/UBNA_002/20220823_033000.WAV,Telephone Field,recover-20220825,002,1795
1338.8295,1338.841,22890,28491,Nyctalus leisleri,0.011,0.024,-1,Echolocation,/mnt/ubna_data_01_mir/recover-20220825/UBNA_002/20220823_033000.WAV,Telephone Field,recover-20220825,002,1795
1338.8365,1338.8447,28046,40217,Eptesicus serotinus,0.008,0.022,-1,Echolocation,/mnt/ubna_data_01_mir/recover-20220825/UBNA_002/20220823_033000.WAV,Telephone Field,recover-20220825,002,1795
1338.8515,1338.8851,68437,80722,Rhinolophus ferrumequinum,0.02,0.021,-1,Echolocation,/mnt/ubna_data_01_mir/recover-20220825/UBNA_002/20220823_033000.WAV,Telephone Field,recover-20220825,002,1795
1338.8595,1338.8973,68437,81832,Rhinolophus ferrumequinum,0.021,0.021,-1,Echolocation,/mnt/ubna_data_01_mir/recover-20220825/UBNA_002/20220823_033000.WAV,Telephone Field,recover-20220825,002,1795
1338.8995,1338.9417,68437,83314,Rhinolophus ferrumequinum,0.028,0.028,-1,Echolocation,/mnt/ubna_data_01_mir/recover-20220825/UBNA_002/20220823_033000.WAV,Telephone Field,recover-20220825,002,1795
1338.9145,1338.9218,28906,40363,Eptesicus serotinus,0.008,0.025,-1,Echolocation,/mnt/ubna_data_01_mir/recover-20220825/UBNA_002/20220823_033000.WAV,Telephone Field,recover-20220825,002,1795
1338.9315,1338.9661,68437,81161,Rhinolophus ferrumequinum,0.022,0.022,-1,Echolocation,/mnt/ubna_data_01_mir/recover-20220825/UBNA_002/20220823_033000.WAV,Telephone Field,recover-20220825,002,1795
1338.9715,1339.0109,68437,82643,Rhinolophus ferrumequinum,0.04,0.04,-1,Echolocation,/mnt/ubna_data_01_mir/recover-20220825/UBNA_002/20220823_033000.WAV,Telephone Field,recover-20220825,002,1795
1339.0225,1339.057,68437,81078,Rhinolophus ferrumequinum,0.021,0.021,-1,Echolocation,/mnt/ubna_data_01_mir/recover-20220825/UBNA_002/20220823_033000.WAV,Telephone Field,recover-20220825,002,1795
1339.0495,1339.0915,68437,82283,Rhinolophus ferrumequinum,0.022,0.022,-1,Echolocation,/mnt/ubna_data_01_mir/recover-20220825/UBNA_002/20220823_033000.WAV,Telephone Field,recover-20220825,002,1795
1339.0565,1339.098,68437,82878,Rhinolophus ferrumequinum,0.023,0.023,-1,Echolocation,/mnt/ubna_data_01_mir/recover-20220825/UBNA_002/20220823_033000.WAV,Telephone Field,recover-20220825,002,1795
1339.0725,1339.0792,28046,46737,Eptesicus serotinus,0.006,0.02,-1,Echolocation,/mnt/ubna_data_01_mir/recover-20220825/UBNA_002/20220823_033000.WAV,Telephone Field,recover-20220825,002,1795
1339.1015,1339.1412,68437,82470,Rhinolophus ferrumequinum,0.024,0.024,-1,Echolocation,/mnt/ubna_data_01_mir/recover-20220825/UBNA_002/20220823_033000.WAV,Telephone Field,recover-20220825,002,1795
1339.1075,1339.117,26328,34549,Eptesicus serotinus,0.011,0.022,-1,Echolocation,/mnt/ubna_data_01_mir/recover-20220825/UBNA_002/20220823_033000.WAV,Telephone Field,recover-20220825,002,1795
1339.1185,1339.128,28046,35768,Eptesicus serotinus,0.009,0.021,-1,Echolocation,/mnt/ubna_data_01_mir/recover-20220825/UBNA_002/20220823_033000.WAV,Telephone Field,recover-20220825,002,1795
1339.1895,1339.2303,68437,82841,Rhinolophus ferrumequinum,0.024,0.024,-1,Echolocation,/mnt/ubna_data_01_mir/recover-20220825/UBNA_002/20220823_033000.WAV,Telephone Field,recover-20220825,002,1795
1339.1945,1339.2035,28906,36554,Eptesicus serotinus,0.008,0.021,-1,Echolocation,/mnt/ubna_data_01_mir/recover-20220825/UBNA_002/20220823_033000.WAV,Telephone Field,recover-20220825,002,1795
1339.2155,1339.227,39218,43416,Pipistrellus nathusii,0.016,0.026,-1,Echolocation,/mnt/ubna_data_01_mir/recover-20220825/UBNA_002/20220823_033000.WAV,Telephone Field,recover-20220825,002,1795
1339.2215,1339.2615,68437,81996,Rhinolophus ferrumequinum,0.021,0.021,-1,Echolocation,/mnt/ubna_data_01_mir/recover-20220825/UBNA_002/20220823_033000.WAV,Telephone Field,recover-20220825,002,1795
1339.2305,1339.2719,68437,82379,Rhinolophus ferrumequinum,0.023,0.023,-1,Echolocation,/mnt/ubna_data_01_mir/recover-20220825/UBNA_002/20220823_033000.WAV,Telephone Field,recover-20220825,002,1795
1339.2375,1339.2744,68437,81405,Rhinolophus ferrumequinum,0.021,0.021,-1,Echolocation,/mnt/ubna_data_01_mir/recover-20220825/UBNA_002/20220823_033000.WAV,Telephone Field,recover-20220825,002,1795
1339.2855,1339.3259,68437,82670,Rhinolophus ferrumequinum,0.023,0.023,-1,Echolocation,/mnt/ubna_data_01_mir/recover-20220825/UBNA_002/20220823_033000.WAV,Telephone Field,recover-20220825,002,1795
1339.3245,1339.3606,68437,81765,Rhinolophus ferrumequinum,0.027,0.027,-1,Echolocation,/mnt/ubna_data_01_mir/recover-20220825/UBNA_002/20220823_033000.WAV,Telephone Field,recover-20220825,002,1795
1339.3435,1339.3552,28906,36256,Eptesicus serotinus,0.016,0.029,-1,Echolocation,/mnt/ubna_data_01_mir/recover-20220825/UBNA_002/20220823_033000.WAV,Telephone Field,recover-20220825,002,1795
1339.3915,1339.4303,68437,82162,Rhinolophus ferrumequinum,0.021,0.021,-1,Echolocation,/mnt/ubna_data_01_mir/recover-20220825/UBNA_002/20220823_033000.WAV,Telephone Field,recover-20220825,002,1795
1339.4555,1339.4958,68437,82733,Rhinolophus ferrumequinum,0.022,0.022,-1,Echolocation,/mnt/ubna_data_01_mir/recover-20220825/UBNA_002/20220823_033000.WAV,Telephone Field,recover-20220825,002,1795
1339.4655,1339.5067,68437,82680,Rhinolophus ferrumequinum,0.026,0.026,-1,Echolocation,/mnt/ubna_data_01_mir/recover-20220825/UBNA_002/20220823_033000.WAV,Telephone Field,recover-20220825,002,1795
1339.5125,1339.5526,68437,81359,Rhinolophus ferrumequinum,0.021,0.021,-1,Echolocation,/mnt/ubna_data_01_mir/recover-20220825/UBNA_002/20220823_033000.WAV,Telephone Field,recover-20220825,002,1795
1339.5395,1339.5787,68437,82123,Rhinolophus ferrumequinum,0.022,0.022,-1,Echolocation,/mnt/ubna_data_01_mir/recover-20220825/UBNA_002/20220823_033000.WAV,Telephone Field,recover-20220825,002,1795
1339.6025,1339.6407,68437,81936,Rhinolophus ferrumequinum,0.021,0.021,-1,Echolocation,/mnt/ubna_data_01_mir/recover-20220825/UBNA_002/20220823_033000.WAV,Telephone Field,recover-20220825,002,1795
1339.6475,1339.687,68437,81979,Rhinolophus ferrumequinum,0.021,0.021,-1,Echolocation,/mnt/ubna_data_01_mir/recover-20220825/UBNA_002/20220823_033000.WAV,Telephone Field,recover-20220825,002,1795
1339.6665,1339.6766,28906,36985,Eptesicus serotinus,0.011,0.025,-1,Echolocation,/mnt/ubna_data_01_mir/recover-20220825/UBNA_002/20220823_033000.WAV,Telephone Field,recover-20220825,002,1795
1339.6695,1339.7117,68437,83322,Rhinolophus ferrumequinum,0.032,0.032,-1,Echolocation,/mnt/ubna_data_01_mir/recover-20220825/UBNA_002/20220823_033000.WAV,Telephone Field,recover-20220825,002,1795
1339.7105,1339.7451,68437,80848,Rhinolophus ferrumequinum,0.022,0.022,-1,Echolocation,/mnt/ubna_data_01_mir/recover-20220825/UBNA_002/20220823_033000.WAV,Telephone Field,recover-20220825,002,1795
1339.7195,1339.7578,68437,81309,Rhinolophus ferrumequinum,0.021,0.021,-1,Echolocation,/mnt/ubna_data_01_mir/recover-20220825/UBNA_002/20220823_033000.WAV,Telephone Field,recover-20220825,002,1795
1339.7245,1339.7362,14296,23442,Nyctalus noctula,0.013,0.023,-1,Echolocation,/mnt/ubna_data_01_mir/recover-20220825/UBNA_002/20220823_033000.WAV,Telephone Field,recover-20220825,002,1795
1339.7745,1339.814,68437,81909,Rhinolophus ferrumequinum,0.02,0.02,-1,Echolocation,/mnt/ubna_data_01_mir/recover-20220825/UBNA_002/20220823_033000.WAV,Telephone Field,recover-20220825,002,1795
1339.7805,1339.789,25468,34073,Eptesicus serotinus,0.008,0.021,-1,Echolocation,/mnt/ubna_data_01_mir/recover-20220825/UBNA_002/20220823_033000.WAV,Telephone Field,recover-20220825,002,1795
1339.8015,1339.838,68437,81337,Rhinolophus ferrumequinum,0.023,0.023,-1,Echolocation,/mnt/ubna_data_01_mir/recover-20220825/UBNA_002/20220823_033000.WAV,Telephone Field,recover-20220825,002,1795
1339.8285,1339.838,28046,36907,Eptesicus serotinus,0.009,0.022,-1,Echolocation,/mnt/ubna_data_01_mir/recover-20220825/UBNA_002/20220823_033000.WAV,Telephone Field,recover-20220825,002,1795
1339.8585,1339.8947,68437,81543,Rhinolophus ferrumequinum,0.021,0.021,-1,Echolocation,/mnt/ubna_data_01_mir/recover-20220825/UBNA_002/20220823_033000.WAV,Telephone Field,recover-20220825,002,1795
1339.8835,1339.8902,34062,42663,Myotis daubentonii,0.009,0.023,-1,Echolocation,/mnt/ubna_data_01_mir/recover-20220825/UBNA_002/20220823_033000.WAV,Telephone Field,recover-20220825,002,1795
1339.8845,1339.8911,27187,40371,Eptesicus serotinus,0.005,0.023,-1,Echolocation,/mnt/ubna_data_01_mir/recover-20220825/UBNA_002/20220823_033000.WAV,Telephone Field,recover-20220825,002,1795
1339.8945,1339.9088,15156,20874,Nyctalus noctula,0.018,0.026,-1,Echolocation,/mnt/ubna_data_01_mir/recover-20220825/UBNA_002/20220823_033000.WAV,Telephone Field,recover-20220825,002,1795
1339.9105,1339.951,68437,82226,Rhinolophus ferrumequinum,0.021,0.021,-1,Echolocation,/mnt/ubna_data_01_mir/recover-20220825/UBNA_002/20220823_033000.WAV,Telephone Field,recover-20220825,002,1795
1339.9385,1339.9507,45234,48870,Pipistrellus pipistrellus,0.055,0.059,-1,Echolocation,/mnt/ubna_data_01_mir/recover-20220825/UBNA_002/20220823_033000.WAV,Telephone Field,recover-20220825,002,1795
1339.9515,1339.9609,28906,38301,Eptesicus serotinus,0.01,0.024,-1,Echolocation,/mnt/ubna_data_01_mir/recover-20220825/UBNA_002/20220823_033000.WAV,Telephone Field,recover-20220825,002,1795
1339.9555,1339.9651,35781,41334,Pipistrellus nathusii,0.014,0.028,-1,Echolocation,/mnt/ubna_data_01_mir/recover-20220825/UBNA_002/20220823_033000.WAV,Telephone Field,recover-20220825,002,1795
1340.0015,1340.0101,27187,37536,Eptesicus serotinus,0.015,0.039,-1,Echolocation,/mnt/ubna_data_01_mir/recover-20220825/UBNA_002/20220823_033000.WAV,Telephone Field,recover-20220825,002,1795
1340.0015,1340.0333,68437,80126,Rhinolophus ferrumequinum,0.025,0.025,-1,Echolocation,/mnt/ubna_data_01_mir/recover-20220825/UBNA_002/20220823_033000.WAV,Telephone Field,recover-20220825,002,1795
1340.0025,1340.0114,58125,64883,Pipistrellus pygmaeus,0.021,0.021,-1,Echolocation,/mnt/ubna_data_01_mir/recover-20220825/UBNA_002/20220823_033000.WAV,Telephone Field,recover-20220825,002,1795
1340.0135,1340.0529,68437,82217,Rhinolophus ferrumequinum,0.022,0.022,-1,Echolocation,/mnt/ubna_data_01_mir/recover-20220825/UBNA_002/20220823_033000.WAV,Telephone Field,recover-20220825,002,1795
1340.0235,1340.0628,68437,82359,Rhinolophus ferrumequinum,0.024,0.024,-1,Echolocation,/mnt/ubna_data_01_mir/recover-20220825/UBNA_002/20220823_033000.WAV,Telephone Field,recover-20220825,002,1795
1340.1025,1340.1386,68437,81218,Rhinolophus ferrumequinum,0.022,0.022,-1,Echolocation,/mnt/ubna_data_01_mir/recover-20220825/UBNA_002/20220823_033000.WAV,Telephone Field,recover-20220825,002,1795
1340.1115,1340.1483,68437,82058,Rhinolophus ferrumequinum,0.023,0.023,-1,Echolocation,/mnt/ubna_data_01_mir/recover-20220825/UBNA_002/20220823_033000.WAV,Telephone Field,recover-20220825,002,1795
1340.1135,1340.1222,28046,38638,Eptesicus serotinus,0.009,0.024,-1,Echolocation,/mnt/ubna_data_01_mir/recover-20220825/UBNA_002/20220823_033000.WAV,Telephone Field,recover-20220825,002,1795
1340.1305,1340.1697,68437,82573,Rhinolophus ferrumequinum,0.022,0.022,-1,Echolocation,/mnt/ubna_data_01_mir/recover-20220825/UBNA_002/20220823_033000.WAV,Telephone Field,recover-20220825,002,1795
1340.1455,1340.181,68437,81333,Rhinolophus ferrumequinum,0.022,0.022,-1,Echolocation,/mnt/ubna_data_01_mir/recover-20220825/UBNA_002/20220823_033000.WAV,Telephone Field,recover-20220825,002,1795
1340.1925,1340.2332,68437,82603,Rhinolophus ferrumequinum,0.024,0.024,-1,Echolocation,/mnt/ubna_data_01_mir/recover-20220825/UBNA_002/20220823_033000.WAV,Telephone Field,recover-20220825,002,1795
1340.1945,1340.2068,47812,51710,Pipistrellus pipistrellus,0.025,0.031,-1,Echolocation,/mnt/ubna_data_01_mir/recover-20220825/UBNA_002/20220823_033000.WAV,Telephone Field,recover-20220825,002,1795
1340.2205,1340.2571,68437,81766,Rhinolophus ferrumequinum,0.024,0.024,-1,Echolocation,/mnt/ubna_data_01_mir/recover-20220825/UBNA_002/20220823_033000.WAV,Telephone Field,recover-20220825,002,1795
1340.2325,1340.2707,68437,82032,Rhinolophus ferrumequinum,0.038,0.038,-1,Echolocation,/mnt/ubna_data_01_mir/recover-20220825/UBNA_002/20220823_033000.WAV,Telephone Field,recover-20220825,002,1795
1340.3205,1340.3596,68437,81713,Rhinolophus ferrumequinum,0.023,0.023,-1,Echolocation,/mnt/ubna_data_01_mir/recover-20220825/UBNA_002/20220823_033000.WAV,Telephone Field,recover-20220825,002,1795
1340.3495,1340.3911,68437,83061,Rhinolophus ferrumequinum,0.028,0.028,-1,Echolocation,/mnt/ubna_data_01_mir/recover-20220825/UBNA_002/20220823_033000.WAV,Telephone Field,recover-20220825,002,1795
1340.3695,1340.3764,26328,38909,Eptesicus serotinus,0.005,0.022,-1,Echolocation,/mnt/ubna_data_01_mir/recover-20220825/UBNA_002/20220823_033000.WAV,Telephone Field,recover-20220825,002,1795
1340.3735,1340.4116,68437,82652,Rhinolophus ferrumequinum,0.026,0.026,-1,Echolocation,/mnt/ubna_data_01_mir/recover-20220825/UBNA_002/20220823_033000.WAV,Telephone Field,recover-20220825,002,1795
1340.3815,1340.4205,68437,82158,Rhinolophus ferrumequinum,0.024,0.024,-1,Echolocation,/mnt/ubna_data_01_mir/recover-20220825/UBNA_002/20220823_033000.WAV,Telephone Field,recover-20220825,002,1795
1340.3995,1340.4379,68437,82172,Rhinolophus ferrumequinum,0.031,0.031,-1,Echolocation,/mnt/ubna_data_01_mir/recover-20220825/UBNA_002/20220823_033000.WAV,Telephone Field,recover-20220825,002,1795
1340.4035,1340.4097,28046,40729,Eptesicus serotinus,0.008,0.032,-1,Echolocation,/mnt/ubna_data_01_mir/recover-20220825/UBNA_002/20220823_033000.WAV,Telephone Field,recover-20220825,002,1795
1340.4075,1340.4166,46953,54338,Pipistrellus pipistrellus,0.031,0.034,-1,Echolocation,/mnt/ubna_data_01_mir/recover-20220825/UBNA_002/20220823_033000.WAV,Telephone Field,recover-20220825,002,1795
1340.4355,1340.4695,68437,80934,Rhinolophus ferrumequinum,0.033,0.033,-1,Echolocation,/mnt/ubna_data_01_mir/recover-20220825/UBNA_002/20220823_033000.WAV,Telephone Field,recover-20220825,002,1795
1340.4435,1340.4521,28906,36621,Eptesicus serotinus,0.011,0.024,-1,Echolocation,/mnt/ubna_data_01_mir/recover-20220825/UBNA_002/20220823_033000.WAV,Telephone Field,recover-20220825,002,1795
1340.4505,1340.4639,14296,19365,Nyctalus noctula,0.017,0.027,-1,Echolocation,/mnt/ubna_data_01_mir/recover-20220825/UBNA_002/20220823_033000.WAV,Telephone Field,recover-20220825,002,1795
1340.4695,1340.5022,68437,80490,Rhinolophus ferrumequinum,0.027,0.027,-1,Echolocation,/mnt/ubna_data_01_mir/recover-20220825/UBNA_002/20220823_033000.WAV,Telephone Field,recover-20220825,002,1795
1340.4825,1340.521,68437,81733,Rhinolophus ferrumequinum,0.031,0.031,-1,Echolocation,/mnt/ubna_data_01_mir/recover-20220825/UBNA_002/20220823_033000.WAV,Telephone Field,recover-20220825,002,1795
1340.4825,1340.4942,23750,28862,Nyctalus leisleri,0.013,0.025,-1,Echolocation,/mnt/ubna_data_01_mir/recover-20220825/UBNA_002/20220823_033000.WAV,Telephone Field,recover-20220825,002,1795
1340.5275,1340.5676,68437,82441,Rhinolophus ferrumequinum,0.032,0.032,-1,Echolocation,/mnt/ubna_data_01_mir/recover-20220825/UBNA_002/20220823_033000.WAV,Telephone Field,recover-20220825,002,1795
1340.5325,1340.5417,27187,40721,Eptesicus serotinus,0.009,0.023,-1,Echolocation,/mnt/ubna_data_01_mir/recover-20220825/UBNA_002/20220823_033000.WAV,Telephone Field,recover-20220825,002,1795
1340.5615,1340.57,28906,39205,Eptesicus serotinus,0.009,0.024,-1,Echolocation,/mnt/ubna_data_01_mir/recover-20220825/UBNA_002/20220823_033000.WAV,Telephone Field,recover-20220825,002,1795
1340.5655,1340.6038,68437,80881,Rhinolophus ferrumequinum,0.026,0.026,-1,Echolocation,/mnt/ubna_data_01_mir/recover-20220825/UBNA_002/20220823_033000.WAV,Telephone Field,recover-20220825,002,1795
1340.5665,1340.5753,26328,34782,Eptesicus serotinus,0.008,0.024,-1,Echolocation,/mnt/ubna_data_01_mir/recover-20220825/UBNA_002/20220823_033000.WAV,Telephone Field,recover-20220825,002,1795
1340.6175,1340.6259,25468,34159,Eptesicus serotinus,0.008,0.022,-1,Echolocation,/mnt/ubna_data_01_mir/recover-20220825/UBNA_002/20220823_033000.WAV,Telephone Field,recover-20220825,002,1795
1340.6485,1340.6575,22890,30279,Plecotus austriacus,0.01,0.025,-1,Echolocation,/mnt/ubna_data_01_mir/recover-20220825/UBNA_002/20220823_033000.WAV,Telephone Field,recover-20220825,002,1795
1340.6615,1340.6999,68437,82323,Rhinolophus ferrumequinum,0.025,0.025,-1,Echolocation,/mnt/ubna_data_01_mir/recover-20220825/UBNA_002/20220823_033000.WAV,Telephone Field,recover-20220825,002,1795
1340.7295,1340.7671,68437,81407,Rhinolophus ferrumequinum,0.022,0.022,-1,Echolocation,/mnt/ubna_data_01_mir/recover-20220825/UBNA_002/20220823_033000.WAV,Telephone Field,recover-20220825,002,1795
1340.7455,1340.7564,28046,35192,Eptesicus serotinus,0.015,0.027,-1,Echolocation,/mnt/ubna_data_01_mir/recover-20220825/UBNA_002/20220823_033000.WAV,Telephone Field,recover-20220825,002,1795
1340.7585,1340.7945,68437,81240,Rhinolophus ferrumequinum,0.023,0.023,-1,Echolocation,/mnt/ubna_data_01_mir/recover-20220825/UBNA_002/20220823_033000.WAV,Telephone Field,recover-20220825,002,1795
1340.7625,1340.7722,23750,31580,Nyctalus leisleri,0.007,0.025,-1,Echolocation,/mnt/ubna_data_01_mir/recover-20220825/UBNA_002/20220823_033000.WAV,Telephone Field,recover-20220825,002,1795
1340.7935,1340.836,68437,82667,Rhinolophus ferrumequinum,0.025,0.025,-1,Echolocation,/mnt/ubna_data_01_mir/recover-20220825/UBNA_002/20220823_033000.WAV,Telephone Field,recover-20220825,002,1795
1340.7975,1340.8088,23750,29429,Nyctalus leisleri,0.013,0.029,-1,Echolocation,/mnt/ubna_data_01_mir/recover-20220825/UBNA_002/20220823_033000.WAV,Telephone Field,recover-20220825,002,1795
1340.8255,1340.8635,68437,82459,Rhinolophus ferrumequinum,0.024,0.024,-1,Echolocation,/mnt/ubna_data_01_mir/recover-20220825/UBNA_002/20220823_033000.WAV,Telephone Field,recover-20220825,002,1795
1340.8345,1340.8422,28046,39312,Eptesicus serotinus,0.007,0.022,-1,Echolocation,/mnt/ubna_data_01_mir/recover-20220825/UBNA_002/20220823_033000.WAV,Telephone Field,recover-20220825,002,1795
1340.8455,1340.8862,68437,82569,Rhinolophus ferrumequinum,0.026,0.026,-1,Echolocation,/mnt/ubna_data_01_mir/recover-20220825/UBNA_002/20220823_033000.WAV,Telephone Field,recover-20220825,002,1795
1340.8705,1340.8771,47812,55000,Pipistrellus pipistrellus,0.038,0.039,-1,Echolocation,/mnt/ubna_data_01_mir/recover-20220825/UBNA_002/20220823_033000.WAV,Telephone Field,recover-20220825,002,1795
1340.8705,1340.9083,68437,81700,Rhinolophus ferrumequinum,0.023,0.023,-1,Echolocation,/mnt/ubna_data_01_mir/recover-20220825/UBNA_002/20220823_033000.WAV,Telephone Field,recover-20220825,002,1795
1340.8985,1340.938,68437,81759,Rhinolophus ferrumequinum,0.022,0.022,-1,Echolocation,/mnt/ubna_data_01_mir/recover-20220825/UBNA_002/20220823_033000.WAV,Telephone Field,recover-20220825,002,1795
1340.9245,1340.9609,68437,81885,Rhinolophus ferrumequinum,0.024,0.024,-1,Echolocation,/mnt/ubna_data_01_mir/recover-20220825/UBNA_002/20220823_033000.WAV,Telephone Field,recover-20220825,002,1795
1340.9315,1340.9392,28046,40106,Eptesicus serotinus,0.008,0.023,-1,Echolocation,/mnt/ubna_data_01_mir/recover-20220825/UBNA_002/20220823_033000.WAV,Telephone Field,recover-20220825,002,1795
1340.9595,1341.0007,68437,82761,Rhinolophus ferrumequinum,0.031,0.031,-1,Echolocation,/mnt/ubna_data_01_mir/recover-20220825/UBNA_002/20220823_033000.WAV,Telephone Field,recover-20220825,002,1795
1340.9665,1340.9738,23750,32535,Plecotus austriacus,0.009,0.022,-1,Echolocation,/mnt/ubna_data_01_mir/recover-20220825/UBNA_002/20220823_033000.WAV,Telephone Field,recover-20220825,002,1795
1340.9905,1340.9982,44375,48977,Pipistrellus pipistrellus,0.022,0.025,-1,Echolocation,/mnt/ubna_data_01_mir/recover-20220825/UBNA_002/20220823_033000.WAV,Telephone Field,recover-20220825,002,1795
1341.0135,1341.024,23750,29368,Nyctalus leisleri,0.009,0.022,-1,Echolocation,/mnt/ubna_data_01_mir/recover-20220825/UBNA_002/20220823_033000.WAV,Telephone Field,recover-20220825,002,1795
1341.0425,1341.0825,68437,82688,Rhinolophus ferrumequinum,0.025,0.025,-1,Echolocation,/mnt/ubna_data_01_mir/recover-20220825/UBNA_002/20220823_033000.WAV,Telephone Field,recover-20220825,002,1795
1341.0625,1341.1023,68437,82701,Rhinolophus ferrumequinum,0.025,0.025,-1,Echolocation,/mnt/ubna_data_01_mir/recover-20220825/UBNA_002/20220823_033000.WAV,Telephone Field,recover-20220825,002,1795
1341.0835,1341.0922,28046,38323,Eptesicus serotinus,0.008,0.022,-1,Echolocation,/mnt/ubna_data_01_mir/recover-20220825/UBNA_002/20220823_033000.WAV,Telephone Field,recover-20220825,002,1795
1341.0885,1341.1286,68437,82917,Rhinolophus ferrumequinum,0.029,0.029,-1,Echolocation,/mnt/ubna_data_01_mir/recover-20220825/UBNA_002/20220823_033000.WAV,Telephone Field,recover-20220825,002,1795
1341.1195,1341.1571,68437,82177,Rhinolophus ferrumequinum,0.024,0.024,-1,Echolocation,/mnt/ubna_data_01_mir/recover-20220825/UBNA_002/20220823_033000.WAV,Telephone Field,recover-20220825,002,1795
1341.1295,1341.1714,68437,82354,Rhinolophus ferrumequinum,0.023,0.023,-1,Echolocation,/mnt/ubna_data_01_mir/recover-20220825/UBNA_002/20220823_033000.WAV,Telephone Field,recover-20220825,002,1795
1341.1365,1341.1488,36640,41633,Pipistrellus nathusii,0.022,0.039,-1,Echolocation,/mnt/ubna_data_01_mir/recover-20220825/UBNA_002/20220823_033000.WAV,Telephone Field,recover-20220825,002,1795
1341.1625,1341.1725,42656,52032,Pipistrellus nathusii,0.007,0.025,-1,Echolocation,/mnt/ubna_data_01_mir/recover-20220825/UBNA_002/20220823_033000.WAV,Telephone Field,recover-20220825,002,1795
1341.1645,1341.1716,27187,40776,Eptesicus serotinus,0.006,0.022,-1,Echolocation,/mnt/ubna_data_01_mir/recover-20220825/UBNA_002/20220823_033000.WAV,Telephone Field,recover-20220825,002,1795
1341.1885,1341.1948,26328,41913,Myotis nattereri,0.005,0.023,-1,Echolocation,/mnt/ubna_data_01_mir/recover-20220825/UBNA_002/20220823_033000.WAV,Telephone Field,recover-20220825,002,1795
1341.1905,1341.2326,68437,82833,Rhinolophus ferrumequinum,0.035,0.035,-1,Echolocation,/mnt/ubna_data_01_mir/recover-20220825/UBNA_002/20220823_033000.WAV,Telephone Field,recover-20220825,002,1795
1341.2125,1341.2203,26328,35593,Eptesicus serotinus,0.008,0.023,-1,Echolocation,/mnt/ubna_data_01_mir/recover-20220825/UBNA_002/20220823_033000.WAV,Telephone Field,recover-20220825,002,1795
1341.2235,1341.2328,28046,37665,Eptesicus serotinus,0.01,0.023,-1,Echolocation,/mnt/ubna_data_01_mir/recover-20220825/UBNA_002/20220823_033000.WAV,Telephone Field,recover-20220825,002,1795
1341.2785,1341.3181,68437,82208,Rhinolophus ferrumequinum,0.024,0.024,-1,Echolocation,/mnt/ubna_data_01_mir/recover-20220825/UBNA_002/20220823_033000.WAV,Telephone Field,recover-20220825,002,1795
1341.3145,1341.3527,68437,82380,Rhinolophus ferrumequinum,0.021,0.021,-1,Echolocation,/mnt/ubna_data_01_mir/recover-20220825/UBNA_002/20220823_033000.WAV,Telephone Field,recover-20220825,002,1795
1341.3335,1341.3755,68437,82986,Rhinolophus ferrumequinum,0.033,0.033,-1,Echolocation,/mnt/ubna_data_01_mir/recover-20220825/UBNA_002/20220823_033000.WAV,Telephone Field,recover-20220825,002,1795
1341.3435,1341.3867,68437,83547,Rhinolophus ferrumequinum,0.053,0.053,-1,Echolocation,/mnt/ubna_data_01_mir/recover-20220825/UBNA_002/20220823_033000.WAV,Telephone Field,recover-20220825,002,1795
1341.3685,1341.3785,28046,35296,Eptesicus serotinus,0.014,0.029,-1,Echolocation,/mnt/ubna_data_01_mir/recover-20220825/UBNA_002/20220823_033000.WAV,Telephone Field,recover-20220825,002,1795
1341.3835,1341.4239,68437,82307,Rhinolophus ferrumequinum,0.029,0.029,-1,Echolocation,/mnt/ubna_data_01_mir/recover-20220825/UBNA_002/20220823_033000.WAV,Telephone Field,recover-20220825,002,1795
1341.4005,1341.4143,22890,27379,Nyctalus leisleri,0.016,0.028,-1,Echolocation,/mnt/ubna_data_01_mir/recover-20220825/UBNA_002/20220823_033000.WAV,Telephone Field,recover-20220825,002,1795
1341.4075,1341.4474,68437,82676,Rhinolophus ferrumequinum,0.026,0.026,-1,Echolocation,/mnt/ubna_data_01_mir/recover-20220825/UBNA_002/20220823_033000.WAV,Telephone Field,recover-20220825,002,1795
1341.4085,1341.4163,51250,58423,Pipistrellus pipistrellus,0.017,0.022,-1,Echolocation,/mnt/ubna_data_01_mir/recover-20220825/UBNA_002/20220823_033000.WAV,Telephone Field,recover-20220825,002,1795
1341.4345,1341.4763,68437,83601,Rhinolophus ferrumequinum,0.032,0.032,-1,Echolocation,/mnt/ubna_data_01_mir/recover-20220825/UBNA_002/20220823_033000.WAV,Telephone Field,recover-20220825,002,1795
1341.4525,1341.4898,68437,81680,Rhinolophus ferrumequinum,0.023,0.023,-1,Echolocation,/mnt/ubna_data_01_mir/recover-20220825/UBNA_002/20220823_033000.WAV,Telephone Field,recover-20220825,002,1795
1341.4635,1341.5023,68437,81278,Rhinolophus ferrumequinum,0.025,0.025,-1,Echolocation,/mnt/ubna_data_01_mir/recover-20220825/UBNA_002/20220823_033000.WAV,Telephone Field,recover-20220825,002,1795
1341.4705,1341.5088,68437,81594,Rhinolophus ferrumequinum,0.023,0.023,-1,Echolocation,/mnt/ubna_data_01_mir/recover-20220825/UBNA_002/20220823_033000.WAV,Telephone Field,recover-20220825,002,1795
1341.4845,1341.494,28906,36243,Eptesicus serotinus,0.008,0.022,-1,Echolocation,/mnt/ubna_data_01_mir/recover-20220825/UBNA_002/20220823_033000.WAV,Telephone Field,recover-20220825,002,1795
1341.5005,1341.536,68437,80551,Rhinolophus ferrumequinum,0.033,0.033,-1,Echolocation,/mnt/ubna_data_01_mir/recover-20220825/UBNA_002/20220823_033000.WAV,Telephone Field,recover-20220825,002,1795
1341.5415,1341.5741,68437,81650,Rhinolophus ferrumequinum,0.025,0.025,-1,Echolocation,/mnt/ubna_data_01_mir/recover-20220825/UBNA_002/20220823_033000.WAV,Telephone Field,recover-20220825,002,1795
1341.5555,1341.592,68437,81210,Rhinolophus ferrumequinum,0.024,0.024,-1,Echolocation,/mnt/ubna_data_01_mir/recover-20220825/UBNA_002/20220823_033000.WAV,Telephone Field,recover-20220825,002,1795
1341.5615,1341.5974,68437,81401,Rhinolophus ferrumequinum,0.023,0.023,-1,Echolocation,/mnt/ubna_data_01_mir/recover-20220825/UBNA_002/20220823_033000.WAV,Telephone Field,recover-20220825,002,1795
1341.5655,1341.5736,28046,38095,Eptesicus serotinus,0.008,0.021,-1,Echolocation,/mnt/ubna_data_01_mir/recover-20220825/UBNA_002/20220823_033000.WAV,Telephone Field,recover-20220825,002,1795
1341.5745,1341.6112,68437,82042,Rhinolophus ferrumequinum,0.024,0.024,-1,Echolocation,/mnt/ubna_data_01_mir/recover-20220825/UBNA_002/20220823_033000.WAV,Telephone Field,recover-20220825,002,1795
1341.5955,1341.605,28906,38322,Eptesicus serotinus,0.011,0.025,-1,Echolocation,/mnt/ubna_data_01_mir/recover-20220825/UBNA_002/20220823_033000.WAV,Telephone Field,recover-20220825,002,1795
1341.6085,1341.6477,68437,82238,Rhinolophus ferrumequinum,0.022,0.022,-1,Echolocation,/mnt/ubna_data_01_mir/recover-20220825/UBNA_002/20220823_033000.WAV,Telephone Field,recover-20220825,002,1795
1341.6265,1341.6649,68437,81831,Rhinolophus ferrumequinum,0.023,0.023,-1,Echolocation,/mnt/ubna_data_01_mir/recover-20220825/UBNA_002/20220823_033000.WAV,Telephone Field,recover-20220825,002,1795
1341.6585,1341.6979,68437,81797,Rhinolophus ferrumequinum,0.022,0.022,-1,Echolocation,/mnt/ubna_data_01_mir/recover-20220825/UBNA_002/20220823_033000.WAV,Telephone Field,recover-20220825,002,1795
1341.6675,1341.7067,68437,82477,Rhinolophus ferrumequinum,0.033,0.033,-1,Echolocation,/mnt/ubna_data_01_mir/recover-20220825/UBNA_002/20220823_033000.WAV,Telephone Field,recover-20220825,002,1795
1341.6675,1341.6758,25468,35900,Eptesicus serotinus,0.014,0.04,-1,Echolocation,/mnt/ubna_data_01_mir/recover-20220825/UBNA_002/20220823_033000.WAV,Telephone Field,recover-20220825,002,1795
1341.6915,1341.7323,68437,82600,Rhinolophus ferrumequinum,0.028,0.028,-1,Echolocation,/mnt/ubna_data_01_mir/recover-20220825/UBNA_002/20220823_033000.WAV,Telephone Field,recover-20220825,002,1795
1341.7165,1341.7295,23750,29449,Nyctalus leisleri,0.016,0.036,-1,Echolocation,/mnt/ubna_data_01_mir/recover-20220825/UBNA_002/20220823_033000.WAV,Telephone Field,recover-20220825,002,1795
1341.7375,1341.7771,68437,82375,Rhinolophus ferrumequinum,0.039,0.039,-1,Echolocation,/mnt/ubna_data_01_mir/recover-20220825/UBNA_002/20220823_033000.WAV,Telephone Field,recover-20220825,002,1795
1341.7575,1341.7975,68437,82854,Rhinolophus ferrumequinum,0.033,0.034,-1,Echolocation,/mnt/ubna_data_01_mir/recover-20220825/UBNA_002/20220823_033000.WAV,Telephone Field,recover-20220825,002,1795
1341.7645,1341.7747,24609,32514,Nyctalus leisleri,0.01,0.031,-1,Echolocation,/mnt/ubna_data_01_mir/recover-20220825/UBNA_002/20220823_033000.WAV,Telephone Field,recover-20220825,002,1795
1341.7745,1341.8162,68437,82448,Rhinolophus ferrumequinum,0.028,0.028,-1,Echolocation,/mnt/ubna_data_01_mir/recover-20220825/UBNA_002/20220823_033000.WAV,Telephone Field,recover-20220825,002,1795
1341.8605,1341.9017,68437,82891,Rhinolophus ferrumequinum,0.031,0.031,-1,Echolocation,/mnt/ubna_data_01_mir/recover-20220825/UBNA_002/20220823_033000.WAV,Telephone Field,recover-20220825,002,1795
1341.8905,1341.8965,34921,45851,Myotis daubentonii,0.009,0.021,-1,Echolocation,/mnt/ubna_data_01_mir/recover-20220825/UBNA_002/20220823_033000.WAV,Telephone Field,recover-20220825,002,1795
1341.9085,1341.946,68437,81838,Rhinolophus ferrumequinum,0.022,0.022,-1,Echolocation,/mnt/ubna_data_01_mir/recover-20220825/UBNA_002/20220823_033000.WAV,Telephone Field,recover-20220825,002,1795
1341.9235,1341.9362,39218,42766,Pipistrellus nathusii,0.053,0.062,-1,Echolocation,/mnt/ubna_data_01_mir/recover-20220825/UBNA_002/20220823_033000.WAV,Telephone Field,recover-20220825,002,1795
1341.9465,1341.9572,22890,28377,Nyctalus leisleri,0.01,0.022,-1,Echolocation,/mnt/ubna_data_01_mir/recover-20220825/UBNA_002/20220823_033000.WAV,Telephone Field,recover-20220825,002,1795
1341.9485,1341.9895,68437,83100,Rhinolophus ferrumequinum,0.03,0.03,-1,Echolocation,/mnt/ubna_data_01_mir/recover-20220825/UBNA_002/20220823_033000.WAV,Telephone Field,recover-20220825,002,1795
1341.9535,1341.9649,23750,28870,Nyctalus leisleri,0.011,0.022,-1,Echolocation,/mnt/ubna_data_01_mir/recover-20220825/UBNA_002/20220823_033000.WAV,Telephone Field,recover-20220825,002,1795
1341.9625,1341.9735,22890,28208,Nyctalus leisleri,0.01,0.023,-1,Echolocation,/mnt/ubna_data_01_mir/recover-20220825/UBNA_002/20220823_033000.WAV,Telephone Field,recover-20220825,002,1795
1341.9815,1341.9899,28046,40005,Eptesicus serotinus,0.008,0.023,-1,Echolocation,/mnt/ubna_data_01_mir/recover-20220825/UBNA_002/20220823_033000.WAV,Telephone Field,recover-20220825,002,1795
1342.0015,1342.0335,68437,79906,Rhinolophus ferrumequinum,0.032,0.032,-1,Echolocation,/mnt/ubna_data_01_mir/recover-20220825/UBNA_002/20220823_033000.WAV,Telephone Field,recover-20220825,002,1795
1342.0015,1342.0098,25468,34340,Nyctalus leisleri,0.006,0.024,-1,Echolocation,/mnt/ubna_data_01_mir/recover-20220825/UBNA_002/20220823_033000.WAV,Telephone Field,recover-20220825,002,1795
1342.0015,1342.01,43515,48715,Pipistrellus pipistrellus,0.017,0.025,-1,Echolocation,/mnt/ubna_data_01_mir/recover-20220825/UBNA_002/20220823_033000.WAV,Telephone Field,recover-20220825,002,1795
1342.0115,1342.0528,68437,82530,Rhinolophus ferrumequinum,0.022,0.022,-1,Echolocation,/mnt/ubna_data_01_mir/recover-20220825/UBNA_002/20220823_033000.WAV,Telephone Field,recover-20220825,002,1795
1342.0305,1342.0407,28046,36360,Eptesicus serotinus,0.011,0.025,-1,Echolocation,/mnt/ubna_data_01_mir/recover-20220825/UBNA_002/20220823_033000.WAV,Telephone Field,recover-20220825,002,1795
1342.0515,1342.0938,68437,82853,Rhinolophus ferrumequinum,0.038,0.038,-1,Echolocation,/mnt/ubna_data_01_mir/recover-20220825/UBNA_002/20220823_033000.WAV,Telephone Field,recover-20220825,002,1795
1342.0785,1342.088,14296,19366,Nyctalus noctula,0.016,0.031,-1,Echolocation,/mnt/ubna_data_01_mir/recover-20220825/UBNA_002/20220823_033000.WAV,Telephone Field,recover-20220825,002,1795
1342.0795,1342.1167,68437,81124,Rhinolophus ferrumequinum,0.029,0.029,-1,Echolocation,/mnt/ubna_data_01_mir/recover-20220825/UBNA_002/20220823_033000.WAV,Telephone Field,recover-20220825,002,1795
1342.1175,1342.1575,68437,82762,Rhinolophus ferrumequinum,0.023,0.023,-1,Echolocation,/mnt/ubna_data_01_mir/recover-20220825/UBNA_002/20220823_033000.WAV,Telephone Field,recover-20220825,002,1795
1342.1385,1342.1785,68437,82246,Rhinolophus ferrumequinum,0.022,0.022,-1,Echolocation,/mnt/ubna_data_01_mir/recover-20220825/UBNA_002/20220823_033000.WAV,Telephone Field,recover-20220825,002,1795
1342.1465,1342.184,68437,82193,Rhinolophus ferrumequinum,0.022,0.022,-1,Echolocation,/mnt/ubna_data_01_mir/recover-20220825/UBNA_002/20220823_033000.WAV,Telephone Field,recover-20220825,002,1795
1342.1795,1342.1903,22031,26458,Nyctalus leisleri,0.013,0.024,-1,Echolocation,/mnt/ubna_data_01_mir/recover-20220825/UBNA_002/20220823_033000.WAV,Telephone Field,recover-20220825,002,1795
1342.2015,1342.2391,68437,81825,Rhinolophus ferrumequinum,0.03,0.03,-1,Echolocation,/mnt/ubna_data_01_mir/recover-20220825/UBNA_002/20220823_033000.WAV,Telephone Field,recover-20220825,002,1795
1342.2225,1342.2613,68437,82621,Rhinolophus ferrumequinum,0.027,0.027,-1,Echolocation,/mnt/ubna_data_01_mir/recover-20220825/UBNA_002/20220823_033000.WAV,Telephone Field,recover-20220825,002,1795
1342.2535,1342.2607,28046,39314,Eptesicus serotinus,0.006,0.023,-1,Echolocation,/mnt/ubna_data_01_mir/recover-20220825/UBNA_002/20220823_033000.WAV,Telephone Field,recover-20220825,002,1795
1342.2555,1342.2966,68437,82478,Rhinolophus ferrumequinum,0.023,0.023,-1,Echolocation,/mnt/ubna_data_01_mir/recover-20220825/UBNA_002/20220823_033000.WAV,Telephone Field,recover-20220825,002,1795
1342.2845,1342.2978,35781,41045,Pipistrellus nathusii,0.01,0.026,-1,Echolocation,/mnt/ubna_data_01_mir/recover-20220825/UBNA_002/20220823_033000.WAV,Telephone Field,recover-20220825,002,1795
1342.2875,1342.2959,28046,37390,Eptesicus serotinus,0.008,0.022,-1,Echolocation,/mnt/ubna_data_01_mir/recover-20220825/UBNA_002/20220823_033000.WAV,Telephone Field,recover-20220825,002,1795
1342.3405,1342.381,68437,83114,Rhinolophus ferrumequinum,0.028,0.028,-1,Echolocation,/mnt/ubna_data_01_mir/recover-20220825/UBNA_002/20220823_033000.WAV,Telephone Field,recover-20220825,002,1795
1342.3435,1342.3532,26328,35961,Eptesicus serotinus,0.01,0.023,-1,Echolocation,/mnt/ubna_data_01_mir/recover-20220825/UBNA_002/20220823_033000.WAV,Telephone Field,recover-20220825,002,1795
1342.3625,1342.4067,68437,83067,Rhinolophus ferrumequinum,0.023,0.023,-1,Echolocation,/mnt/ubna_data_01_mir/recover-20220825/UBNA_002/20220823_033000.WAV,Telephone Field,recover-20220825,002,1795
1342.4045,1342.4418,68437,82042,Rhinolophus ferrumequinum,0.021,0.021,-1,Echolocation,/mnt/ubna_data_01_mir/recover-20220825/UBNA_002/20220823_033000.WAV,Telephone Field,recover-20220825,002,1795
1342.4345,1342.4753,68437,82633,Rhinolophus ferrumequinum,0.021,0.021,-1,Echolocation,/mnt/ubna_data_01_mir/recover-20220825/UBNA_002/20220823_033000.WAV,Telephone Field,recover-20220825,002,1795
1342.4495,1342.491,68437,82690,Rhinolophus ferrumequinum,0.024,0.024,-1,Echolocation,/mnt/ubna_data_01_mir/recover-20220825/UBNA_002/20220823_033000.WAV,Telephone Field,recover-20220825,002,1795
1342.4625,1342.4706,28046,38820,Eptesicus serotinus,0.007,0.021,-1,Echolocation,/mnt/ubna_data_01_mir/recover-20220825/UBNA_002/20220823_033000.WAV,Telephone Field,recover-20220825,002,1795
1342.4815,1342.5206,68437,81852,Rhinolophus ferrumequinum,0.022,0.022,-1,Echolocation,/mnt/ubna_data_01_mir/recover-20220825/UBNA_002/20220823_033000.WAV,Telephone Field,recover-20220825,002,1795
1342.4915,1342.5302,68437,82104,Rhinolophus ferrumequinum,0.021,0.021,-1,Echolocation,/mnt/ubna_data_01_mir/recover-20220825/UBNA_002/20220823_033000.WAV,Telephone Field,recover-20220825,002,1795
1342.4995,1342.5078,28046,38526,Eptesicus serotinus,0.007,0.021,-1,Echolocation,/mnt/ubna_data_01_mir/recover-20220825/UBNA_002/20220823_033000.WAV,Telephone Field,recover-20220825,002,1795
1342.5445,1342.587,68437,83210,Rhinolophus ferrumequinum,0.057,0.057,-1,Echolocation,/mnt/ubna_data_01_mir/recover-20220825/UBNA_002/20220823_033000.WAV,Telephone Field,recover-20220825,002,1795
1342.5655,1342.5771,23750,29426,Nyctalus leisleri,0.012,0.027,-1,Echolocation,/mnt/ubna_data_01_mir/recover-20220825/UBNA_002/20220823_033000.WAV,Telephone Field,recover-20220825,002,1795
1342.5925,1342.631,68437,82071,Rhinolophus ferrumequinum,0.022,0.022,-1,Echolocation,/mnt/ubna_data_01_mir/recover-20220825/UBNA_002/20220823_033000.WAV,Telephone Field,recover-20220825,002,1795
1342.5995,1342.641,68437,82696,Rhinolophus ferrumequinum,0.024,0.024,-1,Echolocation,/mnt/ubna_data_01_mir/recover-20220825/UBNA_002/20220823_033000.WAV,Telephone Field,recover-20220825,002,1795
1342.6365,1342.6477,22890,27931,Nyctalus leisleri,0.011,0.022,-1,Echolocation,/mnt/ubna_data_01_mir/recover-20220825/UBNA_002/20220823_033000.WAV,Telephone Field,recover-20220825,002,1795
1342.6425,1342.6877,68437,83537,Rhinolophus ferrumequinum,0.037,0.037,-1,Echolocation,/mnt/ubna_data_01_mir/recover-20220825/UBNA_002/20220823_033000.WAV,Telephone Field,recover-20220825,002,1795
1342.6555,1342.6956,68437,82353,Rhinolophus ferrumequinum,0.024,0.024,-1,Echolocation,/mnt/ubna_data_01_mir/recover-20220825/UBNA_002/20220823_033000.WAV,Telephone Field,recover-20220825,002,1795
1342.6625,1342.7015,68437,82000,Rhinolophus ferrumequinum,0.024,0.024,-1,Echolocation,/mnt/ubna_data_01_mir/recover-20220825/UBNA_002/20220823_033000.WAV,Telephone Field,recover-20220825,002,1795
1342.6955,1342.7028,28046,42027,Eptesicus serotinus,0.006,0.023,-1,Echolocation,/mnt/ubna_data_01_mir/recover-20220825/UBNA_002/20220823_033000.WAV,Telephone Field,recover-20220825,002,1795
1342.7075,1342.7458,68437,82509,Rhinolophus ferrumequinum,0.023,0.023,-1,Echolocation,/mnt/ubna_data_01_mir/recover-20220825/UBNA_002/20220823_033000.WAV,Telephone Field,recover-20220825,002,1795
1342.7295,1342.7705,68437,82884,Rhinolophus ferrumequinum,0.022,0.022,-1,Echolocation,/mnt/ubna_data_01_mir/recover-20220825/UBNA_002/20220823_033000.WAV,Telephone Field,recover-20220825,002,1795
1342.7575,1342.7968,68437,82627,Rhinolophus ferrumequinum,0.024,0.024,-1,Echolocation,/mnt/ubna_data_01_mir/recover-20220825/UBNA_002/20220823_033000.WAV,Telephone Field,recover-20220825,002,1795
1342.7675,1342.7754,51250,57627,Pipistrellus pipistrellus,0.017,0.022,-1,Echolocation,/mnt/ubna_data_01_mir/recover-20220825/UBNA_002/20220823_033000.WAV,Telephone Field,recover-20220825,002,1795
1342.7695,1342.7836,22890,27661,Nyctalus leisleri,0.029,0.057,-1,Echolocation,/mnt/ubna_data_01_mir/recover-20220825/UBNA_002/20220823_033000.WAV,Telephone Field,recover-20220825,002,1795
1342.8045,1342.8468,68437,82600,Rhinolophus ferrumequinum,0.023,0.023,-1,Echolocation,/mnt/ubna_data_01_mir/recover-20220825/UBNA_002/20220823_033000.WAV,Telephone Field,recover-20220825,002,1795
1342.8215,1342.8621,68437,82678,Rhinolophus ferrumequinum,0.022,0.022,-1,Echolocation,/mnt/ubna_data_01_mir/recover-20220825/UBNA_002/20220823_033000.WAV,Telephone Field,recover-20220825,002,1795
1342.8485,1342.8904,68437,82850,Rhinolophus ferrumequinum,0.029,0.029,-1,Echolocation,/mnt/ubna_data_01_mir/recover-20220825/UBNA_002/20220823_033000.WAV,Telephone Field,recover-20220825,002,1795
1342.8755,1342.9119,68437,81545,Rhinolophus ferrumequinum,0.024,0.024,-1,Echolocation,/mnt/ubna_data_01_mir/recover-20220825/UBNA_002/20220823_033000.WAV,Telephone Field,recover-20220825,002,1795
1342.8895,1342.925,68437,81917,Rhinolophus ferrumequinum,0.023,0.023,-1,Echolocation,/mnt/ubna_data_01_mir/recover-20220825/UBNA_002/20220823_033000.WAV,Telephone Field,recover-20220825,002,1795
1342.9175,1342.9569,68437,82312,Rhinolophus ferrumequinum,0.021,0.021,-1,Echolocation,/mnt/ubna_data_01_mir/recover-20220825/UBNA_002/20220823_033000.WAV,Telephone Field,recover-20220825,002,1795
1342.9275,1342.9378,28046,35552,Eptesicus serotinus,0.01,0.023,-1,Echolocation,/mnt/ubna_data_01_mir/recover-20220825/UBNA_002/20220823_033000.WAV,Telephone Field,recover-20220825,002,1795
1342.9305,1342.9715,68437,82498,Rhinolophus ferrumequinum,0.024,0.024,-1,Echolocation,/mnt/ubna_data_01_mir/recover-20220825/UBNA_002/20220823_033000.WAV,Telephone Field,recover-20220825,002,1795
1342.9345,1342.9425,28046,37272,Eptesicus serotinus,0.007,0.023,-1,Echolocation,/mnt/ubna_data_01_mir/recover-20220825/UBNA_002/20220823_033000.WAV,Telephone Field,recover-20220825,002,1795
1342.9565,1342.9641,28046,38378,Eptesicus serotinus,0.007,0.024,-1,Echolocation,/mnt/ubna_data_01_mir/recover-20220825/UBNA_002/20220823_033000.WAV,Telephone Field,recover-20220825,002,1795
1342.9595,1342.9981,68437,82063,Rhinolophus ferrumequinum,0.022,0.022,-1,Echolocation,/mnt/ubna_data_01_mir/recover-20220825/UBNA_002/20220823_033000.WAV,Telephone Field,recover-20220825,002,1795
1342.9665,1343.0029,68437,81040,Rhinolophus ferrumequinum,0.024,0.024,-1,Echolocation,/mnt/ubna_data_01_mir/recover-20220825/UBNA_002/20220823_033000.WAV,Telephone Field,recover-20220825,002,1795
1342.9705,1342.9798,24609,32351,Eptesicus serotinus,0.009,0.023,-1,Echolocation,/mnt/ubna_data_01_mir/recover-20220825/UBNA_002/20220823_033000.WAV,Telephone Field,recover-20220825,002,1795
1343.0485,1343.059,24609,32588,Eptesicus serotinus,0.01,0.029,-1,Echolocation,/mnt/ubna_data_01_mir/recover-20220825/UBNA_002/20220823_033000.WAV,Telephone Field,recover-20220825,002,1795
1343.0645,1343.0762,28906,34421,Eptesicus serotinus,0.011,0.023,-1,Echolocation,/mnt/ubna_data_01_mir/recover-20220825/UBNA_002/20220823_033000.WAV,Telephone Field,recover-20220825,002,1795
1343.0785,1343.1175,68437,82721,Rhinolophus ferrumequinum,0.022,0.022,-1,Echolocation,/mnt/ubna_data_01_mir/recover-20220825/UBNA_002/20220823_033000.WAV,Telephone Field,recover-20220825,002,1795
1343.1475,1343.186,68437,82405,Rhinolophus ferrumequinum,0.029,0.029,-1,Echolocation,/mnt/ubna_data_01_mir/recover-20220825/UBNA_002/20220823_033000.WAV,Telephone Field,recover-20220825,002,1795
1343.1945,1343.2336,68437,81912,Rhinolophus ferrumequinum,0.026,0.026,-1,Echolocation,/mnt/ubna_data_01_mir/recover-20220825/UBNA_002/20220823_033000.WAV,Telephone Field,recover-20220825,002,1795
1343.2005,1343.2103,23750,30102,Nyctalus leisleri,0.009,0.022,-1,Echolocation,/mnt/ubna_data_01_mir/recover-20220825/UBNA_002/20220823_033000.WAV,Telephone Field,recover-20220825,002,1795
1343.2315,1343.2424,22890,27851,Nyctalus leisleri,0.011,0.022,-1,Echolocation,/mnt/ubna_data_01_mir/recover-20220825/UBNA_002/20220823_033000.WAV,Telephone Field,recover-20220825,002,1795
1343.2335,1343.2702,68437,81531,Rhinolophus ferrumequinum,0.022,0.022,-1,Echolocation,/mnt/ubna_data_01_mir/recover-20220825/UBNA_002/20220823_033000.WAV,Telephone Field,recover-20220825,002,1795
1343.2375,1343.2484,22890,27669,Nyctalus leisleri,0.011,0.022,-1,Echolocation,/mnt/ubna_data_01_mir/recover-20220825/UBNA_002/20220823_033000.WAV,Telephone Field,recover-20220825,002,1795
1343.2505,1343.2582,27187,40229,Eptesicus serotinus,0.007,0.022,-1,Echolocation,/mnt/ubna_data_01_mir/recover-20220825/UBNA_002/20220823_033000.WAV,Telephone Field,recover-20220825,002,1795
1343.2615,1343.3006,68437,81937,Rhinolophus ferrumequinum,0.026,0.026,-1,Echolocation,/mnt/ubna_data_01_mir/recover-20220825/UBNA_002/20220823_033000.WAV,Telephone Field,recover-20220825,002,1795
1343.2715,1343.3123,68437,82027,Rhinolophus ferrumequinum,0.024,0.024,-1,Echolocation,/mnt/ubna_data_01_mir/recover-20220825/UBNA_002/20220823_033000.WAV,Telephone Field,recover-20220825,002,1795
1343.3095,1343.3482,68437,82594,Rhinolophus ferrumequinum,0.026,0.026,-1,Echolocation,/mnt/ubna_data_01_mir/recover-20220825/UBNA_002/20220823_033000.WAV,Telephone Field,recover-20220825,002,1795
1343.3155,1343.3546,68437,82010,Rhinolophus ferrumequinum,0.026,0.026,-1,Echolocation,/mnt/ubna_data_01_mir/recover-20220825/UBNA_002/20220823_033000.WAV,Telephone Field,recover-20220825,002,1795
1343.3615,1343.3703,28906,38047,Eptesicus serotinus,0.007,0.021,-1,Echolocation,/mnt/ubna_data_01_mir/recover-20220825/UBNA_002/20220823_033000.WAV,Telephone Field,recover-20220825,002,1795
1343.3745,1343.3866,23750,28476,Nyctalus leisleri,0.012,0.024,-1,Echolocation,/mnt/ubna_data_01_mir/recover-20220825/UBNA_002/20220823_033000.WAV,Telephone Field,recover-20220825,002,1795
1343.3765,1343.4149,68437,82202,Rhinolophus ferrumequinum,0.023,0.023,-1,Echolocation,/mnt/ubna_data_01_mir/recover-20220825/UBNA_002/20220823_033000.WAV,Telephone Field,recover-20220825,002,1795
1343.3995,1343.4369,68437,81553,Rhinolophus ferrumequinum,0.024,0.024,-1,Echolocation,/mnt/ubna_data_01_mir/recover-20220825/UBNA_002/20220823_033000.WAV,Telephone Field,recover-20220825,002,1795
1343.4065,1343.4418,68437,81460,Rhinolophus ferrumequinum,0.022,0.022,-1,Echolocation,/mnt/ubna_data_01_mir/recover-20220825/UBNA_002/20220823_033000.WAV,Telephone Field,recover-20220825,002,1795
1343.4145,1343.4233,28046,36930,Eptesicus serotinus,0.007,0.021,-1,Echolocation,/mnt/ubna_data_01_mir/recover-20220825/UBNA_002/20220823_033000.WAV,Telephone Field,recover-20220825,002,1795
1343.5185,1343.5576,68437,81942,Rhinolophus ferrumequinum,0.022,0.022,-1,Echolocation,/mnt/ubna_data_01_mir/recover-20220825/UBNA_002/20220823_033000.WAV,Telephone Field,recover-20220825,002,1795
1343.5475,1343.5857,68437,81734,Rhinolophus ferrumequinum,0.022,0.022,-1,Echolocation,/mnt/ubna_data_01_mir/recover-20220825/UBNA_002/20220823_033000.WAV,Telephone Field,recover-20220825,002,1795
1343.5665,1343.603,68437,81421,Rhinolophus ferrumequinum,0.028,0.028,-1,Echolocation,/mnt/ubna_data_01_mir/recover-20220825/UBNA_002/20220823_033000.WAV,Telephone Field,recover-20220825,002,1795
1343.5685,1343.5759,27187,39882,Eptesicus serotinus,0.006,0.023,-1,Echolocation,/mnt/ubna_data_01_mir/recover-20220825/UBNA_002/20220823_033000.WAV,Telephone Field,recover-20220825,002,1795
1343.5845,1343.5925,28046,38843,Eptesicus serotinus,0.007,0.021,-1,Echolocation,/mnt/ubna_data_01_mir/recover-20220825/UBNA_002/20220823_033000.WAV,Telephone Field,recover-20220825,002,1795
1343.6005,1343.6089,28046,37518,Eptesicus serotinus,0.008,0.023,-1,Echolocation,/mnt/ubna_data_01_mir/recover-20220825/UBNA_002/20220823_033000.WAV,Telephone Field,recover-20220825,002,1795
1343.6435,1343.683,68437,82318,Rhinolophus ferrumequinum,0.029,0.029,-1,Echolocation,/mnt/ubna_data_01_mir/recover-20220825/UBNA_002/20220823_033000.WAV,Telephone Field,recover-20220825,002,1795
1343.7105,1343.7245,52968,57130,Pipistrellus pygmaeus,0.015,0.022,-1,Echolocation,/mnt/ubna_data_01_mir/recover-20220825/UBNA_002/20220823_033000.WAV,Telephone Field,recover-20220825,002,1795
1343.7115,1343.7469,68437,82522,Rhinolophus ferrumequinum,0.023,0.023,-1,Echolocation,/mnt/ubna_data_01_mir/recover-20220825/UBNA_002/20220823_033000.WAV,Telephone Field,recover-20220825,002,1795
1343.7215,1343.7323,44375,49666,Pipistrellus pipistrellus,0.023,0.029,-1,Echolocation,/mnt/ubna_data_01_mir/recover-20220825/UBNA_002/20220823_033000.WAV,Telephone Field,recover-20220825,002,1795
1343.7265,1343.7662,68437,82757,Rhinolophus ferrumequinum,0.026,0.026,-1,Echolocation,/mnt/ubna_data_01_mir/recover-20220825/UBNA_002/20220823_033000.WAV,Telephone Field,recover-20220825,002,1795
1343.7435,1343.756,23750,28833,Nyctalus leisleri,0.012,0.025,-1,Echolocation,/mnt/ubna_data_01_mir/recover-20220825/UBNA_002/20220823_033000.WAV,Telephone Field,recover-20220825,002,1795
1343.7485,1343.7923,68437,82900,Rhinolophus ferrumequinum,0.03,0.03,-1,Echolocation,/mnt/ubna_data_01_mir/recover-20220825/UBNA_002/20220823_033000.WAV,Telephone Field,recover-20220825,002,1795
1343.7755,1343.8132,68437,82103,Rhinolophus ferrumequinum,0.042,0.042,-1,Echolocation,/mnt/ubna_data_01_mir/recover-20220825/UBNA_002/20220823_033000.WAV,Telephone Field,recover-20220825,002,1795
1343.8105,1343.8479,68437,82069,Rhinolophus ferrumequinum,0.024,0.024,-1,Echolocation,/mnt/ubna_data_01_mir/recover-20220825/UBNA_002/20220823_033000.WAV,Telephone Field,recover-20220825,002,1795
1343.8205,1343.8587,68437,82524,Rhinolophus ferrumequinum,0.022,0.022,-1,Echolocation,/mnt/ubna_data_01_mir/recover-20220825/UBNA_002/20220823_033000.WAV,Telephone Field,recover-20220825,002,1795
1343.8415,1343.8812,68437,81770,Rhinolophus ferrumequinum,0.023,0.023,-1,Echolocation,/mnt/ubna_data_01_mir/recover-20220825/UBNA_002/20220823_033000.WAV,Telephone Field,recover-20220825,002,1795
1343.9185,1343.9633,68437,83814,Rhinolophus ferrumequinum,0.041,0.041,-1,Echolocation,/mnt/ubna_data_01_mir/recover-20220825/UBNA_002/20220823_033000.WAV,Telephone Field,recover-20220825,002,1795
1343.9245,1343.9332,22031,28647,Plecotus austriacus,0.01,0.021,-1,Echolocation,/mnt/ubna_data_01_mir/recover-20220825/UBNA_002/20220823_033000.WAV,Telephone Field,recover-20220825,002,1795
1343.9325,1343.9749,68437,82283,Rhinolophus ferrumequinum,0.023,0.023,-1,Echolocation,/mnt/ubna_data_01_mir/recover-20220825/UBNA_002/20220823_033000.WAV,Telephone Field,recover-20220825,002,1795
1343.9335,1343.9452,34062,40336,Eptesicus serotinus,0.008,0.029,-1,Echolocation,/mnt/ubna_data_01_mir/recover-20220825/UBNA_002/20220823_033000.WAV,Telephone Field,recover-20220825,002,1795
1343.9615,1343.9717,23750,29205,Nyctalus leisleri,0.01,0.022,-1,Echolocation,/mnt/ubna_data_01_mir/recover-20220825/UBNA_002/20220823_033000.WAV,Telephone Field,recover-20220825,002,1795
1343.9835,1343.9909,23750,32585,Plecotus austriacus,0.01,0.026,-1,Echolocation,/mnt/ubna_data_01_mir/recover-20220825/UBNA_002/20220823_033000.WAV,Telephone Field,recover-20220825,002,1795
1344.0015,1344.0384,69296,81742,Rhinolophus ferrumequinum,0.038,0.039,-1,Echolocation,/mnt/ubna_data_01_mir/recover-20220825/UBNA_002/20220823_033000.WAV,Telephone Field,recover-20220825,002,1795
1344.0015,1344.0112,25468,32196,Nyctalus leisleri,0.014,0.037,-1,Echolocation,/mnt/ubna_data_01_mir/recover-20220825/UBNA_002/20220823_033000.WAV,Telephone Field,recover-20220825,002,1795
1344.0095,1344.0227,22890,26968,Nyctalus leisleri,0.014,0.024,-1,Echolocation,/mnt/ubna_data_01_mir/recover-20220825/UBNA_002/20220823_033000.WAV,Telephone Field,recover-20220825,002,1795
1344.0115,1344.0573,68437,82986,Rhinolophus ferrumequinum,0.023,0.023,-1,Echolocation,/mnt/ubna_data_01_mir/recover-20220825/UBNA_002/20220823_033000.WAV,Telephone Field,recover-20220825,002,1795
1344.0675,1344.113,68437,83136,Rhinolophus ferrumequinum,0.038,0.038,-1,Echolocation,/mnt/ubna_data_01_mir/recover-20220825/UBNA_002/20220823_033000.WAV,Telephone Field,recover-20220825,002,1795
1344.0675,1344.0764,28046,38927,Eptesicus serotinus,0.009,0.023,-1,Echolocation,/mnt/ubna_data_01_mir/recover-20220825/UBNA_002/20220823_033000.WAV,Telephone Field,recover-20220825,002,1795
1344.1025,1344.1398,68437,81987,Rhinolophus ferrumequinum,0.023,0.023,-1,Echolocation,/mnt/ubna_data_01_mir/recover-20220825/UBNA_002/20220823_033000.WAV,Telephone Field,recover-20220825,002,1795
1344.1495,1344.187,68437,81717,Rhinolophus ferrumequinum,0.021,0.021,-1,Echolocation,/mnt/ubna_data_01_mir/recover-20220825/UBNA_002/20220823_033000.WAV,Telephone Field,recover-20220825,002,1795
1344.1545,1344.1635,23750,30625,Plecotus austriacus,0.007,0.025,-1,Echolocation,/mnt/ubna_data_01_mir/recover-20220825/UBNA_002/20220823_033000.WAV,Telephone Field,recover-20220825,002,1795
1344.1545,1344.193,68437,81715,Rhinolophus ferrumequinum,0.021,0.021,-1,Echolocation,/mnt/ubna_data_01_mir/recover-20220825/UBNA_002/20220823_033000.WAV,Telephone Field,recover-20220825,002,1795
1344.1665,1344.207,68437,82633,Rhinolophus ferrumequinum,0.022,0.022,-1,Echolocation,/mnt/ubna_data_01_mir/recover-20220825/UBNA_002/20220823_033000.WAV,Telephone Field,recover-20220825,002,1795
1344.1995,1344.2377,68437,81745,Rhinolophus ferrumequinum,0.029,0.029,-1,Echolocation,/mnt/ubna_data_01_mir/recover-20220825/UBNA_002/20220823_033000.WAV,Telephone Field,recover-20220825,002,1795
1344.2065,1344.2163,29765,38555,Eptesicus serotinus,0.011,0.025,-1,Echolocation,/mnt/ubna_data_01_mir/recover-20220825/UBNA_002/20220823_033000.WAV,Telephone Field,recover-20220825,002,1795
1344.2075,1344.2435,68437,82092,Rhinolophus ferrumequinum,0.031,0.031,-1,Echolocation,/mnt/ubna_data_01_mir/recover-20220825/UBNA_002/20220823_033000.WAV,Telephone Field,recover-20220825,002,1795
1344.2225,1344.2327,28046,35607,Eptesicus serotinus,0.014,0.027,-1,Echolocation,/mnt/ubna_data_01_mir/recover-20220825/UBNA_002/20220823_033000.WAV,Telephone Field,recover-20220825,002,1795
1344.2245,1344.2629,68437,81835,Rhinolophus ferrumequinum,0.023,0.023,-1,Echolocation,/mnt/ubna_data_01_mir/recover-20220825/UBNA_002/20220823_033000.WAV,Telephone Field,recover-20220825,002,1795
1344.2905,1344.3301,68437,82359,Rhinolophus ferrumequinum,0.026,0.026,-1,Echolocation,/mnt/ubna_data_01_mir/recover-20220825/UBNA_002/20220823_033000.WAV,Telephone Field,recover-20220825,002,1795
1344.3095,1344.3194,22031,27758,Nyctalus leisleri,0.008,0.021,-1,Echolocation,/mnt/ubna_data_01_mir/recover-20220825/UBNA_002/20220823_033000.WAV,Telephone Field,recover-20220825,002,1795
1344.3155,1344.3232,28046,39292,Eptesicus serotinus,0.007,0.022,-1,Echolocation,/mnt/ubna_data_01_mir/recover-20220825/UBNA_002/20220823_033000.WAV,Telephone Field,recover-20220825,002,1795
1344.4105,1344.4555,68437,83600,Rhinolophus ferrumequinum,0.027,0.027,-1,Echolocation,/mnt/ubna_data_01_mir/recover-20220825/UBNA_002/20220823_033000.WAV,Telephone Field,recover-20220825,002,1795
1344.4315,1344.4658,68437,81406,Rhinolophus ferrumequinum,0.023,0.023,-1,Echolocation,/mnt/ubna_data_01_mir/recover-20220825/UBNA_002/20220823_033000.WAV,Telephone Field,recover-20220825,002,1795
1344.5355,1344.5466,22890,27495,Nyctalus leisleri,0.012,0.022,-1,Echolocation,/mnt/ubna_data_01_mir/recover-20220825/UBNA_002/20220823_033000.WAV,Telephone Field,recover-20220825,002,1795
1344.5425,1344.5807,68437,81820,Rhinolophus ferrumequinum,0.022,0.022,-1,Echolocation,/mnt/ubna_data_01_mir/recover-20220825/UBNA_002/20220823_033000.WAV,Telephone Field,recover-20220825,002,1795
1344.5875,1344.5954,27187,36425,Eptesicus serotinus,0.008,0.022,-1,Echolocation,/mnt/ubna_data_01_mir/recover-20220825/UBNA_002/20220823_033000.WAV,Telephone Field,recover-20220825,002,1795
1344.5945,1344.6302,68437,81811,Rhinolophus ferrumequinum,0.021,0.021,-1,Echolocation,/mnt/ubna_data_01_mir/recover-20220825/UBNA_002/20220823_033000.WAV,Telephone Field,recover-20220825,002,1795
1344.6145,1344.6531,68437,81703,Rhinolophus ferrumequinum,0.021,0.021,-1,Echolocation,/mnt/ubna_data_01_mir/recover-20220825/UBNA_002/20220823_033000.WAV,Telephone Field,recover-20220825,002,1795
1344.6855,1344.7267,68437,82301,Rhinolophus ferrumequinum,0.021,0.021,-1,Echolocation,/mnt/ubna_data_01_mir/recover-20220825/UBNA_002/20220823_033000.WAV,Telephone Field,recover-20220825,002,1795
1344.7105,1344.7194,44375,49358,Pipistrellus pipistrellus,0.03,0.033,-1,Echolocation,/mnt/ubna_data_01_mir/recover-20220825/UBNA_002/20220823_033000.WAV,Telephone Field,recover-20220825,002,1795
1344.7465,1344.7576,29765,38465,Eptesicus serotinus,0.014,0.03,-1,Echolocation,/mnt/ubna_data_01_mir/recover-20220825/UBNA_002/20220823_033000.WAV,Telephone Field,recover-20220825,002,1795
1344.7855,1344.7961,22890,27561,Nyctalus leisleri,0.01,0.021,-1,Echolocation,/mnt/ubna_data_01_mir/recover-20220825/UBNA_002/20220823_033000.WAV,Telephone Field,recover-20220825,002,1795
1344.8365,1344.8741,68437,82418,Rhinolophus ferrumequinum,0.021,0.021,-1,Echolocation,/mnt/ubna_data_01_mir/recover-20220825/UBNA_002/20220823_033000.WAV,Telephone Field,recover-20220825,002,1795
1344.8445,1344.8558,23750,30038,Nyctalus leisleri,0.024,0.061,-1,Echolocation,/mnt/ubna_data_01_mir/recover-20220825/UBNA_002/20220823_033000.WAV,Telephone Field,recover-20220825,002,1795
1344.8765,1344.916,68437,82299,Rhinolophus ferrumequinum,0.024,0.024,-1,Echolocation,/mnt/ubna_data_01_mir/recover-20220825/UBNA_002/20220823_033000.WAV,Telephone Field,recover-20220825,002,1795
1344.9265,1344.9363,28046,37191,Eptesicus serotinus,0.01,0.024,-1,Echolocation,/mnt/ubna_data_01_mir/recover-20220825/UBNA_002/20220823_033000.WAV,Telephone Field,recover-20220825,002,1795
1344.9345,1344.9426,28046,39221,Eptesicus serotinus,0.008,0.024,-1,Echolocation,/mnt/ubna_data_01_mir/recover-20220825/UBNA_002/20220823_033000.WAV,Telephone Field,recover-20220825,002,1795
1344.9485,1344.9888,68437,82253,Rhinolophus ferrumequinum,0.026,0.026,-1,Echolocation,/mnt/ubna_data_01_mir/recover-20220825/UBNA_002/20220823_033000.WAV,Telephone Field,recover-20220825,002,1795
1344.9685,1344.9771,29765,39697,Eptesicus serotinus,0.007,0.023,-1,Echolocation,/mnt/ubna_data_01_mir/recover-20220825/UBNA_002/20220823_033000.WAV,Telephone Field,recover-20220825,002,1795
1344.9755,1345.0135,68437,82157,Rhinolophus ferrumequinum,0.023,0.023,-1,Echolocation,/mnt/ubna_data_01_mir/recover-20220825/UBNA_002/20220823_033000.WAV,Telephone Field,recover-20220825,002,1795
1345.0225,1345.0639,68437,82636,Rhinolophus ferrumequinum,0.023,0.023,-1,Echolocation,/mnt/ubna_data_01_mir/recover-20220825/UBNA_002/20220823_033000.WAV,Telephone Field,recover-20220825,002,1795
1345.0425,1345.0504,26328,35152,Eptesicus serotinus,0.007,0.022,-1,Echolocation,/mnt/ubna_data_01_mir/recover-20220825/UBNA_002/20220823_033000.WAV,Telephone Field,recover-20220825,002,1795
1345.0595,1345.0986,68437,81971,Rhinolophus ferrumequinum,0.021,0.021,-1,Echolocation,/mnt/ubna_data_01_mir/recover-20220825/UBNA_002/20220823_033000.WAV,Telephone Field,recover-20220825,002,1795
1345.0645,1345.0751,27187,35473,Eptesicus serotinus,0.011,0.024,-1,Echolocation,/mnt/ubna_data_01_mir/recover-20220825/UBNA_002/20220823_033000.WAV,Telephone Field,recover-20220825,002,1795
1345.0675,1345.1055,68437,81894,Rhinolophus ferrumequinum,0.021,0.021,-1,Echolocation,/mnt/ubna_data_01_mir/recover-20220825/UBNA_002/20220823_033000.WAV,Telephone Field,recover-20220825,002,1795
1345.0725,1345.0824,28906,36745,Eptesicus serotinus,0.011,0.026,-1,Echolocation,/mnt/ubna_data_01_mir/recover-20220825/UBNA_002/20220823_033000.WAV,Telephone Field,recover-20220825,002,1795
1345.0895,1345.1322,68437,82779,Rhinolophus ferrumequinum,0.049,0.049,-1,Echolocation,/mnt/ubna_data_01_mir/recover-20220825/UBNA_002/20220823_033000.WAV,Telephone Field,recover-20220825,002,1795
1345.1375,1345.1768,68437,81770,Rhinolophus ferrumequinum,0.021,0.021,-1,Echolocation,/mnt/ubna_data_01_mir/recover-20220825/UBNA_002/20220823_033000.WAV,Telephone Field,recover-20220825,002,1795
1345.1495,1345.189,68437,82343,Rhinolophus ferrumequinum,0.022,0.022,-1,Echolocation,/mnt/ubna_data_01_mir/recover-20220825/UBNA_002/20220823_033000.WAV,Telephone Field,recover-20220825,002,1795
1345.1555,1345.195,68437,82397,Rhinolophus ferrumequinum,0.022,0.022,-1,Echolocation,/mnt/ubna_data_01_mir/recover-20220825/UBNA_002/20220823_033000.WAV,Telephone Field,recover-20220825,002,1795
1345.1795,1345.2141,68437,81659,Rhinolophus ferrumequinum,0.022,0.022,-1,Echolocation,/mnt/ubna_data_01_mir/recover-20220825/UBNA_002/20220823_033000.WAV,Telephone Field,recover-20220825,002,1795
1345.1925,1345.2321,68437,82135,Rhinolophus ferrumequinum,0.021,0.021,-1,Echolocation,/mnt/ubna_data_01_mir/recover-20220825/UBNA_002/20220823_033000.WAV,Telephone Field,recover-20220825,002,1795
1345.2305,1345.2677,68437,81902,Rhinolophus ferrumequinum,0.023,0.023,-1,Echolocation,/mnt/ubna_data_01_mir/recover-20220825/UBNA_002/20220823_033000.WAV,Telephone Field,recover-20220825,002,1795
1345.2465,1345.2558,28046,37119,Eptesicus serotinus,0.009,0.023,-1,Echolocation,/mnt/ubna_data_01_mir/recover-20220825/UBNA_002/20220823_033000.WAV,Telephone Field,recover-20220825,002,1795
1345.3335,1345.3766,68437,83369,Rhinolophus ferrumequinum,0.025,0.025,-1,Echolocation,/mnt/ubna_data_01_mir/recover-20220825/UBNA_002/20220823_033000.WAV,Telephone Field,recover-20220825,002,1795
1345.3635,1345.4041,68437,82124,Rhinolophus ferrumequinum,0.022,0.022,-1,Echolocation,/mnt/ubna_data_01_mir/recover-20220825/UBNA_002/20220823_033000.WAV,Telephone Field,recover-20220825,002,1795
1345.4015,1345.4398,68437,82199,Rhinolophus ferrumequinum,0.025,0.025,-1,Echolocation,/mnt/ubna_data_01_mir/recover-20220825/UBNA_002/20220823_033000.WAV,Telephone Field,recover-20220825,002,1795
1345.4585,1345.4665,23750,31851,Plecotus austriacus,0.007,0.023,-1,Echolocation,/mnt/ubna_data_01_mir/recover-20220825/UBNA_002/20220823_033000.WAV,Telephone Field,recover-20220825,002,1795
1345.4795,1345.5183,68437,81858,Rhinolophus ferrumequinum,0.022,0.022,-1,Echolocation,/mnt/ubna_data_01_mir/recover-20220825/UBNA_002/20220823_033000.WAV,Telephone Field,recover-20220825,002,1795
1345.4885,1345.5234,68437,81417,Rhinolophus ferrumequinum,0.021,0.021,-1,Echolocation,/mnt/ubna_data_01_mir/recover-20220825/UBNA_002/20220823_033000.WAV,Telephone Field,recover-20220825,002,1795
1345.5045,1345.5437,68437,81795,Rhinolophus ferrumequinum,0.023,0.023,-1,Echolocation,/mnt/ubna_data_01_mir/recover-20220825/UBNA_002/20220823_033000.WAV,Telephone Field,recover-20220825,002,1795
1345.5125,1345.5502,68437,81643,Rhinolophus ferrumequinum,0.022,0.022,-1,Echolocation,/mnt/ubna_data_01_mir/recover-20220825/UBNA_002/20220823_033000.WAV,Telephone Field,recover-20220825,002,1795
1345.5145,1345.5237,28046,37431,Eptesicus serotinus,0.01,0.024,-1,Echolocation,/mnt/ubna_data_01_mir/recover-20220825/UBNA_002/20220823_033000.WAV,Telephone Field,recover-20220825,002,1795
1345.5475,1345.555,28046,39881,Eptesicus serotinus,0.007,0.023,-1,Echolocation,/mnt/ubna_data_01_mir/recover-20220825/UBNA_002/20220823_033000.WAV,Telephone Field,recover-20220825,002,1795
1345.5575,1345.5976,68437,82406,Rhinolophus ferrumequinum,0.022,0.022,-1,Echolocation,/mnt/ubna_data_01_mir/recover-20220825/UBNA_002/20220823_033000.WAV,Telephone Field,recover-20220825,002,1795
1345.5815,1345.5926,24609,31873,Eptesicus serotinus,0.01,0.03,-1,Echolocation,/mnt/ubna_data_01_mir/recover-20220825/UBNA_002/20220823_033000.WAV,Telephone Field,recover-20220825,002,1795
1345.5875,1345.6282,68437,82576,Rhinolophus ferrumequinum,0.025,0.025,-1,Echolocation,/mnt/ubna_data_01_mir/recover-20220825/UBNA_002/20220823_033000.WAV,Telephone Field,recover-20220825,002,1795
1345.6075,1345.6412,68437,81272,Rhinolophus ferrumequinum,0.022,0.023,-1,Echolocation,/mnt/ubna_data_01_mir/recover-20220825/UBNA_002/20220823_033000.WAV,Telephone Field,recover-20220825,002,1795
1345.6075,1345.6165,28906,39954,Eptesicus serotinus,0.008,0.022,-1,Echolocation,/mnt/ubna_data_01_mir/recover-20220825/UBNA_002/20220823_033000.WAV,Telephone Field,recover-20220825,002,1795
1345.6235,1345.6588,68437,81415,Rhinolophus ferrumequinum,0.021,0.021,-1,Echolocation,/mnt/ubna_data_01_mir/recover-20220825/UBNA_002/20220823_033000.WAV,Telephone Field,recover-20220825,002,1795
1345.6465,1345.6587,22890,26674,Nyctalus leisleri,0.018,0.029,-1,Echolocation,/mnt/ubna_data_01_mir/recover-20220825/UBNA_002/20220823_033000.WAV,Telephone Field,recover-20220825,002,1795
1345.6625,1345.7017,68437,82532,Rhinolophus ferrumequinum,0.022,0.022,-1,Echolocation,/mnt/ubna_data_01_mir/recover-20220825/UBNA_002/20220823_033000.WAV,Telephone Field,recover-20220825,002,1795
1345.6845,1345.7263,68437,82532,Rhinolophus ferrumequinum,0.028,0.028,-1,Echolocation,/mnt/ubna_data_01_mir/recover-20220825/UBNA_002/20220823_033000.WAV,Telephone Field,recover-20220825,002,1795
1345.6905,1345.7314,68437,82675,Rhinolophus ferrumequinum,0.027,0.027,-1,Echolocation,/mnt/ubna_data_01_mir/recover-20220825/UBNA_002/20220823_033000.WAV,Telephone Field,recover-20220825,002,1795
1345.7175,1345.729,24609,31242,Nyctalus leisleri,0.011,0.028,-1,Echolocation,/mnt/ubna_data_01_mir/recover-20220825/UBNA_002/20220823_033000.WAV,Telephone Field,recover-20220825,002,1795
1345.7665,1345.8073,68437,81658,Rhinolophus ferrumequinum,0.027,0.027,-1,Echolocation,/mnt/ubna_data_01_mir/recover-20220825/UBNA_002/20220823_033000.WAV,Telephone Field,recover-20220825,002,1795
1345.7835,1345.7923,28906,40386,Eptesicus serotinus,0.01,0.025,-1,Echolocation,/mnt/ubna_data_01_mir/recover-20220825/UBNA_002/20220823_033000.WAV,Telephone Field,recover-20220825,002,1795
1345.8075,1345.8491,68437,82986,Rhinolophus ferrumequinum,0.024,0.024,-1,Echolocation,/mnt/ubna_data_01_mir/recover-20220825/UBNA_002/20220823_033000.WAV,Telephone Field,recover-20220825,002,1795
1345.8515,1345.8626,22890,28313,Nyctalus leisleri,0.01,0.022,-1,Echolocation,/mnt/ubna_data_01_mir/recover-20220825/UBNA_002/20220823_033000.WAV,Telephone Field,recover-20220825,002,1795
1345.8745,1345.9139,68437,82562,Rhinolophus ferrumequinum,0.026,0.026,-1,Echolocation,/mnt/ubna_data_01_mir/recover-20220825/UBNA_002/20220823_033000.WAV,Telephone Field,recover-20220825,002,1795
1345.9135,1345.9544,68437,82433,Rhinolophus ferrumequinum,0.021,0.021,-1,Echolocation,/mnt/ubna_data_01_mir/recover-20220825/UBNA_002/20220823_033000.WAV,Telephone Field,recover-20220825,002,1795
1345.9825,1345.9928,43515,50415,Pipistrellus pipistrellus,0.013,0.021,-1,Echolocation,/mnt/ubna_data_01_mir/recover-20220825/UBNA_002/20220823_033000.WAV,Telephone Field,recover-20220825,002,1795
1346.0015,1346.0094,25468,36043,Eptesicus serotinus,0.004,0.022,-1,Echolocation,/mnt/ubna_data_01_mir/recover-20220825/UBNA_002/20220823_033000.WAV,Telephone Field,recover-20220825,002,1795
1346.0015,1346.0369,69296,81808,Rhinolophus ferrumequinum,0.034,0.034,-1,Echolocation,/mnt/ubna_data_01_mir/recover-20220825/UBNA_002/20220823_033000.WAV,Telephone Field,recover-20220825,002,1795
1346.0015,1346.0098,48671,56121,Pipistrellus pipistrellus,0.015,0.024,-1,Echolocation,/mnt/ubna_data_01_mir/recover-20220825/UBNA_002/20220823_033000.WAV,Telephone Field,recover-20220825,002,1795
1346.0085,1346.0536,68437,82744,Rhinolophus ferrumequinum,0.027,0.027,-1,Echolocation,/mnt/ubna_data_01_mir/recover-20220825/UBNA_002/20220823_033000.WAV,Telephone Field,recover-20220825,002,1795
1346.0155,1346.0224,23750,32624,Plecotus austriacus,0.01,0.027,-1,Echolocation,/mnt/ubna_data_01_mir/recover-20220825/UBNA_002/20220823_033000.WAV,Telephone Field,recover-20220825,002,1795
1346.0445,1346.0843,68437,82384,Rhinolophus ferrumequinum,0.026,0.026,-1,Echolocation,/mnt/ubna_data_01_mir/recover-20220825/UBNA_002/20220823_033000.WAV,Telephone Field,recover-20220825,002,1795
1346.0755,1346.0835,28906,37503,Eptesicus serotinus,0.009,0.023,-1,Echolocation,/mnt/ubna_data_01_mir/recover-20220825/UBNA_002/20220823_033000.WAV,Telephone Field,recover-20220825,002,1795
1346.0985,1346.1078,26328,35442,Eptesicus serotinus,0.011,0.023,-1,Echolocation,/mnt/ubna_data_01_mir/recover-20220825/UBNA_002/20220823_033000.WAV,Telephone Field,recover-20220825,002,1795
1346.1495,1346.1894,68437,81894,Rhinolophus ferrumequinum,0.024,0.024,-1,Echolocation,/mnt/ubna_data_01_mir/recover-20220825/UBNA_002/20220823_033000.WAV,Telephone Field,recover-20220825,002,1795
1346.1775,1346.1868,27187,35521,Eptesicus serotinus,0.011,0.026,-1,Echolocation,/mnt/ubna_data_01_mir/recover-20220825/UBNA_002/20220823_033000.WAV,Telephone Field,recover-20220825,002,1795
1346.1875,1346.2277,68437,82009,Rhinolophus ferrumequinum,0.022,0.022,-1,Echolocation,/mnt/ubna_data_01_mir/recover-20220825/UBNA_002/20220823_033000.WAV,Telephone Field,recover-20220825,002,1795
1346.2485,1346.287,68437,81711,Rhinolophus ferrumequinum,0.023,0.023,-1,Echolocation,/mnt/ubna_data_01_mir/recover-20220825/UBNA_002/20220823_033000.WAV,Telephone Field,recover-20220825,002,1795
1346.2665,1346.2842,21171,24141,Nyctalus leisleri,0.014,0.022,-1,Echolocation,/mnt/ubna_data_01_mir/recover-20220825/UBNA_002/20220823_033000.WAV,Telephone Field,recover-20220825,002,1795
1346.2825,1346.2918,28046,36774,Eptesicus serotinus,0.009,0.021,-1,Echolocation,/mnt/ubna_data_01_mir/recover-20220825/UBNA_002/20220823_033000.WAV,Telephone Field,recover-20220825,002,1795
1346.3275,1346.3376,22890,28422,Nyctalus leisleri,0.009,0.022,-1,Echolocation,/mnt/ubna_data_01_mir/recover-20220825/UBNA_002/20220823_033000.WAV,Telephone Field,recover-20220825,002,1795
1346.3435,1346.3519000000001,25468,33747,Eptesicus serotinus,0.006,0.021,-1,Echolocation,/mnt/ubna_data_01_mir/recover-20220825/UBNA_002/20220823_033000.WAV,Telephone Field,recover-20220825,002,1795
1346.3435,1346.3829,68437,82482,Rhinolophus ferrumequinum,0.026,0.026,-1,Echolocation,/mnt/ubna_data_01_mir/recover-20220825/UBNA_002/20220823_033000.WAV,Telephone Field,recover-20220825,002,1795
1346.3515,1346.3589,48671,54369,Pipistrellus pipistrellus,0.019,0.021,-1,Echolocation,/mnt/ubna_data_01_mir/recover-20220825/UBNA_002/20220823_033000.WAV,Telephone Field,recover-20220825,002,1795
1346.3535,1346.3946,68437,82709,Rhinolophus ferrumequinum,0.022,0.022,-1,Echolocation,/mnt/ubna_data_01_mir/recover-20220825/UBNA_002/20220823_033000.WAV,Telephone Field,recover-20220825,002,1795
1346.3785,1346.4206,68437,82912,Rhinolophus ferrumequinum,0.035,0.035,-1,Echolocation,/mnt/ubna_data_01_mir/recover-20220825/UBNA_002/20220823_033000.WAV,Telephone Field,recover-20220825,002,1795
1346.3935,1346.436,68437,82779,Rhinolophus ferrumequinum,0.032,0.032,-1,Echolocation,/mnt/ubna_data_01_mir/recover-20220825/UBNA_002/20220823_033000.WAV,Telephone Field,recover-20220825,002,1795
1346.3955,1346.4041,27187,36502,Eptesicus serotinus,0.009,0.023,-1,Echolocation,/mnt/ubna_data_01_mir/recover-20220825/UBNA_002/20220823_033000.WAV,Telephone Field,recover-20220825,002,1795
1346.4315,1346.4436,22031,26176,Nyctalus leisleri,0.012,0.022,-1,Echolocation,/mnt/ubna_data_01_mir/recover-20220825/UBNA_002/20220823_033000.WAV,Telephone Field,recover-20220825,002,1795
1346.4525,1346.4932,68437,82331,Rhinolophus ferrumequinum,0.024,0.024,-1,Echolocation,/mnt/ubna_data_01_mir/recover-20220825/UBNA_002/20220823_033000.WAV,Telephone Field,recover-20220825,002,1795
1346.4695,1346.5049,68437,81224,Rhinolophus ferrumequinum,0.023,0.023,-1,Echolocation,/mnt/ubna_data_01_mir/recover-20220825/UBNA_002/20220823_033000.WAV,Telephone Field,recover-20220825,002,1795
1346.4735,1346.4839,22890,28163,Nyctalus leisleri,0.01,0.022,-1,Echolocation,/mnt/ubna_data_01_mir/recover-20220825/UBNA_002/20220823_033000.WAV,Telephone Field,recover-20220825,002,1795
1346.4835,1346.5226,68437,82343,Rhinolophus ferrumequinum,0.021,0.021,-1,Echolocation,/mnt/ubna_data_01_mir/recover-20220825/UBNA_002/20220823_033000.WAV,Telephone Field,recover-20220825,002,1795
1346.5105,1346.5492,68437,82607,Rhinolophus ferrumequinum,0.022,0.023,-1,Echolocation,/mnt/ubna_data_01_mir/recover-20220825/UBNA_002/20220823_033000.WAV,Telephone Field,recover-20220825,002,1795
1346.5355,1346.5745,68437,82525,Rhinolophus ferrumequinum,0.026,0.026,-1,Echolocation,/mnt/ubna_data_01_mir/recover-20220825/UBNA_002/20220823_033000.WAV,Telephone Field,recover-20220825,002,1795
1346.5675,1346.6073,68437,82332,Rhinolophus ferrumequinum,0.021,0.021,-1,Echolocation,/mnt/ubna_data_01_mir/recover-20220825/UBNA_002/20220823_033000.WAV,Telephone Field,recover-20220825,002,1795
1346.5725,1346.5864,38359,42023,Pipistrellus nathusii,0.018,0.028,-1,Echolocation,/mnt/ubna_data_01_mir/recover-20220825/UBNA_002/20220823_033000.WAV,Telephone Field,recover-20220825,002,1795
1346.5795,1346.5863,27187,37111,Eptesicus serotinus,0.009,0.028,-1,Echolocation,/mnt/ubna_data_01_mir/recover-20220825/UBNA_002/20220823_033000.WAV,Telephone Field,recover-20220825,002,1795
1346.5865,1346.6258,68437,82401,Rhinolophus ferrumequinum,0.028,0.028,-1,Echolocation,/mnt/ubna_data_01_mir/recover-20220825/UBNA_002/20220823_033000.WAV,Telephone Field,recover-20220825,002,1795
1346.5945,1346.6064,15156,20606,Nyctalus noctula,0.017,0.028,-1,Echolocation,/mnt/ubna_data_01_mir/recover-20220825/UBNA_002/20220823_033000.WAV,Telephone Field,recover-20220825,002,1795
1346.5965,1346.6374,68437,83018,Rhinolophus ferrumequinum,0.024,0.024,-1,Echolocation,/mnt/ubna_data_01_mir/recover-20220825/UBNA_002/20220823_033000.WAV,Telephone Field,recover-20220825,002,1795
1346.6135,1346.6522,68437,81128,Rhinolophus ferrumequinum,0.024,0.024,-1,Echolocation,/mnt/ubna_data_01_mir/recover-20220825/UBNA_002/20220823_033000.WAV,Telephone Field,recover-20220825,002,1795
1346.6245,1346.6645,68437,82212,Rhinolophus ferrumequinum,0.034,0.034,-1,Echolocation,/mnt/ubna_data_01_mir/recover-20220825/UBNA_002/20220823_033000.WAV,Telephone Field,recover-20220825,002,1795
1346.6615,1346.7006,68437,82502,Rhinolophus ferrumequinum,0.026,0.026,-1,Echolocation,/mnt/ubna_data_01_mir/recover-20220825/UBNA_002/20220823_033000.WAV,Telephone Field,recover-20220825,002,1795
1346.6835,1346.6915,28046,39241,Eptesicus serotinus,0.008,0.021,-1,Echolocation,/mnt/ubna_data_01_mir/recover-20220825/UBNA_002/20220823_033000.WAV,Telephone Field,recover-20220825,002,1795
1346.6975,1346.7085,22890,27508,Nyctalus leisleri,0.01,0.021,-1,Echolocation,/mnt/ubna_data_01_mir/recover-20220825/UBNA_002/20220823_033000.WAV,Telephone Field,recover-20220825,002,1795
1346.7155,1346.725,28046,37810,Eptesicus serotinus,0.01,0.023,-1,Echolocation,/mnt/ubna_data_01_mir/recover-20220825/UBNA_002/20220823_033000.WAV,Telephone Field,recover-20220825,002,1795
1346.7475,1346.7881,68437,82588,Rhinolophus ferrumequinum,0.026,0.026,-1,Echolocation,/mnt/ubna_data_01_mir/recover-20220825/UBNA_002/20220823_033000.WAV,Telephone Field,recover-20220825,002,1795
1346.7475,1346.7555,28046,38507,Eptesicus serotinus,0.007,0.021,-1,Echolocation,/mnt/ubna_data_01_mir/recover-20220825/UBNA_002/20220823_033000.WAV,Telephone Field,recover-20220825,002,1795
1346.7645,1346.774,22890,29119,Nyctalus leisleri,0.007,0.021,-1,Echolocation,/mnt/ubna_data_01_mir/recover-20220825/UBNA_002/20220823_033000.WAV,Telephone Field,recover-20220825,002,1795
1346.7845,1346.8251,68437,82436,Rhinolophus ferrumequinum,0.021,0.021,-1,Echolocation,/mnt/ubna_data_01_mir/recover-20220825/UBNA_002/20220823_033000.WAV,Telephone Field,recover-20220825,002,1795
1346.8275,1346.8665,68437,82436,Rhinolophus ferrumequinum,0.021,0.021,-1,Echolocation,/mnt/ubna_data_01_mir/recover-20220825/UBNA_002/20220823_033000.WAV,Telephone Field,recover-20220825,002,1795
1346.8365,1346.8553,22031,25015,Nyctalus leisleri,0.027,0.045,-1,Echolocation,/mnt/ubna_data_01_mir/recover-20220825/UBNA_002/20220823_033000.WAV,Telephone Field,recover-20220825,002,1795
1346.8675,1346.9104,68437,83302,Rhinolophus ferrumequinum,0.023,0.023,-1,Echolocation,/mnt/ubna_data_01_mir/recover-20220825/UBNA_002/20220823_033000.WAV,Telephone Field,recover-20220825,002,1795
1346.8955,1346.9041,28046,37820,Eptesicus serotinus,0.009,0.021,-1,Echolocation,/mnt/ubna_data_01_mir/recover-20220825/UBNA_002/20220823_033000.WAV,Telephone Field,recover-20220825,002,1795
1346.9025,1346.9082,51250,57212,Pipistrellus pipistrellus,0.026,0.029,-1,Echolocation,/mnt/ubna_data_01_mir/recover-20220825/UBNA_002/20220823_033000.WAV,Telephone Field,recover-20220825,002,1795
1346.9035,1346.9087,39218,63001,Myotis mystacinus,0.009,0.027,-1,Echolocation,/mnt/ubna_data_01_mir/recover-20220825/UBNA_002/20220823_033000.WAV,Telephone Field,recover-20220825,002,1795
1346.9325,1346.9729,68437,82671,Rhinolophus ferrumequinum,0.021,0.021,-1,Echolocation,/mnt/ubna_data_01_mir/recover-20220825/UBNA_002/20220823_033000.WAV,Telephone Field,recover-20220825,002,1795
1346.9355,1346.9456,14296,20681,Nyctalus noctula,0.012,0.026,-1,Echolocation,/mnt/ubna_data_01_mir/recover-20220825/UBNA_002/20220823_033000.WAV,Telephone Field,recover-20220825,002,1795
1346.9485,1346.9608,24609,29642,Nyctalus leisleri,0.012,0.026,-1,Echolocation,/mnt/ubna_data_01_mir/recover-20220825/UBNA_002/20220823_033000.WAV,Telephone Field,recover-20220825,002,1795
1346.9505,1346.9931,68437,83327,Rhinolophus ferrumequinum,0.027,0.027,-1,Echolocation,/mnt/ubna_data_01_mir/recover-20220825/UBNA_002/20220823_033000.WAV,Telephone Field,recover-20220825,002,1795
1347.0015,1347.0403,68437,81396,Rhinolophus ferrumequinum,0.023,0.023,-1,Echolocation,/mnt/ubna_data_01_mir/recover-20220825/UBNA_002/20220823_033000.WAV,Telephone Field,recover-20220825,002,1795
1347.0095,1347.0418,69296,80708,Rhinolophus ferrumequinum,0.032,0.032,-1,Echolocation,/mnt/ubna_data_01_mir/recover-20220825/UBNA_002/20220823_033000.WAV,Telephone Field,recover-20220825,002,1795
1347.0355,1347.0462,23750,28581,Nyctalus leisleri,0.015,0.031,-1,Echolocation,/mnt/ubna_data_01_mir/recover-20220825/UBNA_002/20220823_033000.WAV,Telephone Field,recover-20220825,002,1795
1347.0435,1347.0826,68437,81935,Rhinolophus ferrumequinum,0.023,0.023,-1,Echolocation,/mnt/ubna_data_01_mir/recover-20220825/UBNA_002/20220823_033000.WAV,Telephone Field,recover-20220825,002,1795
1347.0665,1347.0764,14296,20860,Nyctalus noctula,0.013,0.025,-1,Echolocation,/mnt/ubna_data_01_mir/recover-20220825/UBNA_002/20220823_033000.WAV,Telephone Field,recover-20220825,002,1795
1347.0825,1347.1224,68437,82445,Rhinolophus ferrumequinum,0.023,0.023,-1,Echolocation,/mnt/ubna_data_01_mir/recover-20220825/UBNA_002/20220823_033000.WAV,Telephone Field,recover-20220825,002,1795
1347.0895,1347.1301,68437,82642,Rhinolophus ferrumequinum,0.025,0.025,-1,Echolocation,/mnt/ubna_data_01_mir/recover-20220825/UBNA_002/20220823_033000.WAV,Telephone Field,recover-20220825,002,1795
1347.1025,1347.1434,68437,82325,Rhinolophus ferrumequinum,0.021,0.021,-1,Echolocation,/mnt/ubna_data_01_mir/recover-20220825/UBNA_002/20220823_033000.WAV,Telephone Field,recover-20220825,002,1795
1347.1565,1347.194,68437,82034,Rhinolophus ferrumequinum,0.028,0.028,-1,Echolocation,/mnt/ubna_data_01_mir/recover-20220825/UBNA_002/20220823_033000.WAV,Telephone Field,recover-20220825,002,1795
1347.1735,1347.211,68437,81686,Rhinolophus ferrumequinum,0.024,0.024,-1,Echolocation,/mnt/ubna_data_01_mir/recover-20220825/UBNA_002/20220823_033000.WAV,Telephone Field,recover-20220825,002,1795
1347.1965,1347.2029,28906,39510,Eptesicus serotinus,0.008,0.026,-1,Echolocation,/mnt/ubna_data_01_mir/recover-20220825/UBNA_002/20220823_033000.WAV,Telephone Field,recover-20220825,002,1795
1347.2115,1347.2532,68437,82284,Rhinolophus ferrumequinum,0.021,0.021,-1,Echolocation,/mnt/ubna_data_01_mir/recover-20220825/UBNA_002/20220823_033000.WAV,Telephone Field,recover-20220825,002,1795
1347.2275,1347.2672,68437,82812,Rhinolophus ferrumequinum,0.023,0.023,-1,Echolocation,/mnt/ubna_data_01_mir/recover-20220825/UBNA_002/20220823_033000.WAV,Telephone Field,recover-20220825,002,1795
1347.2585,1347.2713,37500,42088,Pipistrellus nathusii,0.015,0.026,-1,Echolocation,/mnt/ubna_data_01_mir/recover-20220825/UBNA_002/20220823_033000.WAV,Telephone Field,recover-20220825,002,1795
1347.2665,1347.2769,23750,29620,Nyctalus leisleri,0.011,0.027,-1,Echolocation,/mnt/ubna_data_01_mir/recover-20220825/UBNA_002/20220823_033000.WAV,Telephone Field,recover-20220825,002,1795
1347.2925,1347.3028,43515,50051,Pipistrellus pipistrellus,0.017,0.025,-1,Echolocation,/mnt/ubna_data_01_mir/recover-20220825/UBNA_002/20220823_033000.WAV,Telephone Field,recover-20220825,002,1795
1347.3305,1347.3406,28046,35944,Eptesicus serotinus,0.012,0.024,-1,Echolocation,/mnt/ubna_data_01_mir/recover-20220825/UBNA_002/20220823_033000.WAV,Telephone Field,recover-20220825,002,1795
1347.3655,1347.4065,68437,82428,Rhinolophus ferrumequinum,0.021,0.021,-1,Echolocation,/mnt/ubna_data_01_mir/recover-20220825/UBNA_002/20220823_033000.WAV,Telephone Field,recover-20220825,002,1795
1347.3745,1347.4173,68437,83141,Rhinolophus ferrumequinum,0.023,0.023,-1,Echolocation,/mnt/ubna_data_01_mir/recover-20220825/UBNA_002/20220823_033000.WAV,Telephone Field,recover-20220825,002,1795
1347.3795,1347.386,28906,39085,Eptesicus serotinus,0.007,0.023,-1,Echolocation,/mnt/ubna_data_01_mir/recover-20220825/UBNA_002/20220823_033000.WAV,Telephone Field,recover-20220825,002,1795
1347.4175,1347.4545,68437,81949,Rhinolophus ferrumequinum,0.021,0.021,-1,Echolocation,/mnt/ubna_data_01_mir/recover-20220825/UBNA_002/20220823_033000.WAV,Telephone Field,recover-20220825,002,1795
1347.4545,1347.4958,68437,82152,Rhinolophus ferrumequinum,0.023,0.023,-1,Echolocation,/mnt/ubna_data_01_mir/recover-20220825/UBNA_002/20220823_033000.WAV,Telephone Field,recover-20220825,002,1795
1347.4845,1347.5258,68437,83640,Rhinolophus ferrumequinum,0.038,0.038,-1,Echolocation,/mnt/ubna_data_01_mir/recover-20220825/UBNA_002/20220823_033000.WAV,Telephone Field,recover-20220825,002,1795
1347.5195,1347.5582,68437,82340,Rhinolophus ferrumequinum,0.039,0.039,-1,Echolocation,/mnt/ubna_data_01_mir/recover-20220825/UBNA_002/20220823_033000.WAV,Telephone Field,recover-20220825,002,1795
1347.5265,1347.5331,27187,40972,Eptesicus serotinus,0.006,0.022,-1,Echolocation,/mnt/ubna_data_01_mir/recover-20220825/UBNA_002/20220823_033000.WAV,Telephone Field,recover-20220825,002,1795
1347.5595,1347.5989,68437,82112,Rhinolophus ferrumequinum,0.023,0.023,-1,Echolocation,/mnt/ubna_data_01_mir/recover-20220825/UBNA_002/20220823_033000.WAV,Telephone Field,recover-20220825,002,1795
1347.6025,1347.6448,68437,82577,Rhinolophus ferrumequinum,0.03,0.03,-1,Echolocation,/mnt/ubna_data_01_mir/recover-20220825/UBNA_002/20220823_033000.WAV,Telephone Field,recover-20220825,002,1795
1347.6215,1347.6306,28046,36700,Eptesicus serotinus,0.009,0.022,-1,Echolocation,/mnt/ubna_data_01_mir/recover-20220825/UBNA_002/20220823_033000.WAV,Telephone Field,recover-20220825,002,1795
1347.6255,1347.6649,68437,82651,Rhinolophus ferrumequinum,0.023,0.023,-1,Echolocation,/mnt/ubna_data_01_mir/recover-20220825/UBNA_002/20220823_033000.WAV,Telephone Field,recover-20220825,002,1795
1347.6485,1347.6864,68437,81587,Rhinolophus ferrumequinum,0.022,0.022,-1,Echolocation,/mnt/ubna_data_01_mir/recover-20220825/UBNA_002/20220823_033000.WAV,Telephone Field,recover-20220825,002,1795
1347.6535,1347.6894,68437,81429,Rhinolophus ferrumequinum,0.022,0.022,-1,Echolocation,/mnt/ubna_data_01_mir/recover-20220825/UBNA_002/20220823_033000.WAV,Telephone Field,recover-20220825,002,1795
1347.6805,1347.691,27187,34670,Eptesicus serotinus,0.012,0.023,-1,Echolocation,/mnt/ubna_data_01_mir/recover-20220825/UBNA_002/20220823_033000.WAV,Telephone Field,recover-20220825,002,1795
1347.7555,1347.7643,43515,54144,Pipistrellus pipistrellus,0.014,0.024,-1,Echolocation,/mnt/ubna_data_01_mir/recover-20220825/UBNA_002/20220823_033000.WAV,Telephone Field,recover-20220825,002,1795
1347.7755,1347.8136,68437,82062,Rhinolophus ferrumequinum,0.023,0.023,-1,Echolocation,/mnt/ubna_data_01_mir/recover-20220825/UBNA_002/20220823_033000.WAV,Telephone Field,recover-20220825,002,1795
1347.7835,1347.794,22890,28487,Nyctalus leisleri,0.011,0.025,-1,Echolocation,/mnt/ubna_data_01_mir/recover-20220825/UBNA_002/20220823_033000.WAV,Telephone Field,recover-20220825,002,1795
1347.7935,1347.8093,20312,24377,Nyctalus leisleri,0.01,0.022,-1,Echolocation,/mnt/ubna_data_01_mir/recover-20220825/UBNA_002/20220823_033000.WAV,Telephone Field,recover-20220825,002,1795
1347.8045,1347.8449,68437,81765,Rhinolophus ferrumequinum,0.021,0.022,-1,Echolocation,/mnt/ubna_data_01_mir/recover-20220825/UBNA_002/20220823_033000.WAV,Telephone Field,recover-20220825,002,1795
1347.8165,1347.8548,68437,81982,Rhinolophus ferrumequinum,0.022,0.022,-1,Echolocation,/mnt/ubna_data_01_mir/recover-20220825/UBNA_002/20220823_033000.WAV,Telephone Field,recover-20220825,002,1795
1347.8365,1347.8447,22890,30087,Plecotus austriacus,0.009,0.022,-1,Echolocation,/mnt/ubna_data_01_mir/recover-20220825/UBNA_002/20220823_033000.WAV,Telephone Field,recover-20220825,002,1795
1347.8605,1347.8686,28046,41419,Eptesicus serotinus,0.007,0.021,-1,Echolocation,/mnt/ubna_data_01_mir/recover-20220825/UBNA_002/20220823_033000.WAV,Telephone Field,recover-20220825,002,1795
1347.8765,1347.9149,68437,82301,Rhinolophus ferrumequinum,0.025,0.025,-1,Echolocation,/mnt/ubna_data_01_mir/recover-20220825/UBNA_002/20220823_033000.WAV,Telephone Field,recover-20220825,002,1795
1347.8915,1347.9292,68437,81956,Rhinolophus ferrumequinum,0.021,0.021,-1,Echolocation,/mnt/ubna_data_01_mir/recover-20220825/UBNA_002/20220823_033000.WAV,Telephone Field,recover-20220825,002,1795
1347.9295,1347.9653,68437,81690,Rhinolophus ferrumequinum,0.021,0.021,-1,Echolocation,/mnt/ubna_data_01_mir/recover-20220825/UBNA_002/20220823_033000.WAV,Telephone Field,recover-20220825,002,1795
1347.9445,1347.9546,22890,28453,Nyctalus leisleri,0.009,0.022,-1,Echolocation,/mnt/ubna_data_01_mir/recover-20220825/UBNA_002/20220823_033000.WAV,Telephone Field,recover-20220825,002,1795
1348.0015,1348.0098,22890,29463,Nyctalus leisleri,0.009,0.028,-1,Echolocation,/mnt/ubna_data_01_mir/recover-20220825/UBNA_002/20220823_033000.WAV,Telephone Field,recover-20220825,002,1795
1348.0025,1348.0444,68437,81782,Rhinolophus ferrumequinum,0.035,0.036,-1,Echolocation,/mnt/ubna_data_01_mir/recover-20220825/UBNA_002/20220823_033000.WAV,Telephone Field,recover-20220825,002,1795
1348.0085,1348.0529,68437,82544,Rhinolophus ferrumequinum,0.04,0.04,-1,Echolocation,/mnt/ubna_data_01_mir/recover-20220825/UBNA_002/20220823_033000.WAV,Telephone Field,recover-20220825,002,1795
1348.0495,1348.0855999999999,68437,80935,Rhinolophus ferrumequinum,0.021,0.021,-1,Echolocation,/mnt/ubna_data_01_mir/recover-20220825/UBNA_002/20220823_033000.WAV,Telephone Field,recover-20220825,002,1795
1348.0695,1348.1143,68437,83611,Rhinolophus ferrumequinum,0.041,0.041,-1,Echolocation,/mnt/ubna_data_01_mir/recover-20220825/UBNA_002/20220823_033000.WAV,Telephone Field,recover-20220825,002,1795
1348.0735,1348.0806,27187,40730,Eptesicus serotinus,0.006,0.022,-1,Echolocation,/mnt/ubna_data_01_mir/recover-20220825/UBNA_002/20220823_033000.WAV,Telephone Field,recover-20220825,002,1795
1348.0955,1348.1357,68437,82139,Rhinolophus ferrumequinum,0.022,0.022,-1,Echolocation,/mnt/ubna_data_01_mir/recover-20220825/UBNA_002/20220823_033000.WAV,Telephone Field,recover-20220825,002,1795
1348.1025,1348.1103,27187,36563,Eptesicus serotinus,0.007,0.023,-1,Echolocation,/mnt/ubna_data_01_mir/recover-20220825/UBNA_002/20220823_033000.WAV,Telephone Field,recover-20220825,002,1795
1348.1175,1348.1529,68437,80737,Rhinolophus ferrumequinum,0.024,0.024,-1,Echolocation,/mnt/ubna_data_01_mir/recover-20220825/UBNA_002/20220823_033000.WAV,Telephone Field,recover-20220825,002,1795
1348.1265,1348.1405,32343,38221,Eptesicus serotinus,0.01,0.025,-1,Echolocation,/mnt/ubna_data_01_mir/recover-20220825/UBNA_002/20220823_033000.WAV,Telephone Field,recover-20220825,002,1795
1348.1445,1348.1526,28046,36908,Eptesicus serotinus,0.04,0.076,-1,Echolocation,/mnt/ubna_data_01_mir/recover-20220825/UBNA_002/20220823_033000.WAV,Telephone Field,recover-20220825,002,1795
1348.2325,1348.2429,34921,43509,Myotis daubentonii,0.005,0.021,-1,Echolocation,/mnt/ubna_data_01_mir/recover-20220825/UBNA_002/20220823_033000.WAV,Telephone Field,recover-20220825,002,1795
1348.2335,1348.2749,68437,82691,Rhinolophus ferrumequinum,0.028,0.028,-1,Echolocation,/mnt/ubna_data_01_mir/recover-20220825/UBNA_002/20220823_033000.WAV,Telephone Field,recover-20220825,002,1795
1348.2615,1348.2976,68437,80763,Rhinolophus ferrumequinum,0.023,0.023,-1,Echolocation,/mnt/ubna_data_01_mir/recover-20220825/UBNA_002/20220823_033000.WAV,Telephone Field,recover-20220825,002,1795
1348.2675,1348.3011,68437,80533,Rhinolophus ferrumequinum,0.023,0.023,-1,Echolocation,/mnt/ubna_data_01_mir/recover-20220825/UBNA_002/20220823_033000.WAV,Telephone Field,recover-20220825,002,1795
1348.2735,1348.2833,23750,30422,Nyctalus leisleri,0.011,0.03,-1,Echolocation,/mnt/ubna_data_01_mir/recover-20220825/UBNA_002/20220823_033000.WAV,Telephone Field,recover-20220825,002,1795
1348.2935,1348.3337,68437,82438,Rhinolophus ferrumequinum,0.022,0.022,-1,Echolocation,/mnt/ubna_data_01_mir/recover-20220825/UBNA_002/20220823_033000.WAV,Telephone Field,recover-20220825,002,1795
1348.3565,1348.3994,68437,83748,Rhinolophus ferrumequinum,0.028,0.028,-1,Echolocation,/mnt/ubna_data_01_mir/recover-20220825/UBNA_002/20220823_033000.WAV,Telephone Field,recover-20220825,002,1795
1348.4295,1348.4663,68437,81719,Rhinolophus ferrumequinum,0.022,0.022,-1,Echolocation,/mnt/ubna_data_01_mir/recover-20220825/UBNA_002/20220823_033000.WAV,Telephone Field,recover-20220825,002,1795
1348.4605,1348.5008,68437,82633,Rhinolophus ferrumequinum,0.025,0.025,-1,Echolocation,/mnt/ubna_data_01_mir/recover-20220825/UBNA_002/20220823_033000.WAV,Telephone Field,recover-20220825,002,1795
1348.4765,1348.5151,68437,82020,Rhinolophus ferrumequinum,0.021,0.021,-1,Echolocation,/mnt/ubna_data_01_mir/recover-20220825/UBNA_002/20220823_033000.WAV,Telephone Field,recover-20220825,002,1795
1348.5005,1348.5386,68437,82233,Rhinolophus ferrumequinum,0.022,0.022,-1,Echolocation,/mnt/ubna_data_01_mir/recover-20220825/UBNA_002/20220823_033000.WAV,Telephone Field,recover-20220825,002,1795
1348.5015,1348.5107,28046,36856,Eptesicus serotinus,0.008,0.021,-1,Echolocation,/mnt/ubna_data_01_mir/recover-20220825/UBNA_002/20220823_033000.WAV,Telephone Field,recover-20220825,002,1795
1348.5815,1348.5923,23750,29650,Nyctalus leisleri,0.01,0.023,-1,Echolocation,/mnt/ubna_data_01_mir/recover-20220825/UBNA_002/20220823_033000.WAV,Telephone Field,recover-20220825,002,1795
1348.5855,1348.6249,68437,82672,Rhinolophus ferrumequinum,0.025,0.025,-1,Echolocation,/mnt/ubna_data_01_mir/recover-20220825/UBNA_002/20220823_033000.WAV,Telephone Field,recover-20220825,002,1795
1348.5915,1348.6022,25468,33066,Eptesicus serotinus,0.01,0.022,-1,Echolocation,/mnt/ubna_data_01_mir/recover-20220825/UBNA_002/20220823_033000.WAV,Telephone Field,recover-20220825,002,1795
1348.6165,1348.6516,68437,81714,Rhinolophus ferrumequinum,0.023,0.023,-1,Echolocation,/mnt/ubna_data_01_mir/recover-20220825/UBNA_002/20220823_033000.WAV,Telephone Field,recover-20220825,002,1795
1348.6195,1348.6263,28906,41281,Eptesicus serotinus,0.006,0.024,-1,Echolocation,/mnt/ubna_data_01_mir/recover-20220825/UBNA_002/20220823_033000.WAV,Telephone Field,recover-20220825,002,1795
1348.6735,1348.6814,27187,38474,Eptesicus serotinus,0.006,0.023,-1,Echolocation,/mnt/ubna_data_01_mir/recover-20220825/UBNA_002/20220823_033000.WAV,Telephone Field,recover-20220825,002,1795
1348.6935,1348.7328,68437,81916,Rhinolophus ferrumequinum,0.022,0.022,-1,Echolocation,/mnt/ubna_data_01_mir/recover-20220825/UBNA_002/20220823_033000.WAV,Telephone Field,recover-20220825,002,1795
1348.7275,1348.7352,26328,35871,Eptesicus serotinus,0.007,0.021,-1,Echolocation,/mnt/ubna_data_01_mir/recover-20220825/UBNA_002/20220823_033000.WAV,Telephone Field,recover-20220825,002,1795
1348.7375,1348.7752,68437,82286,Rhinolophus ferrumequinum,0.021,0.021,-1,Echolocation,/mnt/ubna_data_01_mir/recover-20220825/UBNA_002/20220823_033000.WAV,Telephone Field,recover-20220825,002,1795
1348.7565,1348.7967,68437,82643,Rhinolophus ferrumequinum,0.023,0.023,-1,Echolocation,/mnt/ubna_data_01_mir/recover-20220825/UBNA_002/20220823_033000.WAV,Telephone Field,recover-20220825,002,1795
1348.7805,1348.7894000000001,26328,33915,Eptesicus serotinus,0.01,0.023,-1,Echolocation,/mnt/ubna_data_01_mir/recover-20220825/UBNA_002/20220823_033000.WAV,Telephone Field,recover-20220825,002,1795
1348.7985,1348.8083,23750,30503,Nyctalus leisleri,0.009,0.027,-1,Echolocation,/mnt/ubna_data_01_mir/recover-20220825/UBNA_002/20220823_033000.WAV,Telephone Field,recover-20220825,002,1795
1348.8215,1348.8573,68437,81293,Rhinolophus ferrumequinum,0.021,0.021,-1,Echolocation,/mnt/ubna_data_01_mir/recover-20220825/UBNA_002/20220823_033000.WAV,Telephone Field,recover-20220825,002,1795
1348.8285,1348.8644,68437,81607,Rhinolophus ferrumequinum,0.022,0.022,-1,Echolocation,/mnt/ubna_data_01_mir/recover-20220825/UBNA_002/20220823_033000.WAV,Telephone Field,recover-20220825,002,1795
1348.8435,1348.8832,68437,82552,Rhinolophus ferrumequinum,0.022,0.022,-1,Echolocation,/mnt/ubna_data_01_mir/recover-20220825/UBNA_002/20220823_033000.WAV,Telephone Field,recover-20220825,002,1795
1348.8435,1348.8546,45234,48265,Pipistrellus pipistrellus,0.035,0.038,-1,Echolocation,/mnt/ubna_data_01_mir/recover-20220825/UBNA_002/20220823_033000.WAV,Telephone Field,recover-20220825,002,1795
1348.8715,1348.9117,68437,82206,Rhinolophus ferrumequinum,0.021,0.021,-1,Echolocation,/mnt/ubna_data_01_mir/recover-20220825/UBNA_002/20220823_033000.WAV,Telephone Field,recover-20220825,002,1795
1348.9105,1348.9481,68437,81735,Rhinolophus ferrumequinum,0.022,0.022,-1,Echolocation,/mnt/ubna_data_01_mir/recover-20220825/UBNA_002/20220823_033000.WAV,Telephone Field,recover-20220825,002,1795
1348.9505,1348.96,24609,31426,Nyctalus leisleri,0.008,0.025,-1,Echolocation,/mnt/ubna_data_01_mir/recover-20220825/UBNA_002/20220823_033000.WAV,Telephone Field,recover-20220825,002,1795
1348.9825,1348.9927,24609,31267,Nyctalus leisleri,0.008,0.025,-1,Echolocation,/mnt/ubna_data_01_mir/recover-20220825/UBNA_002/20220823_033000.WAV,Telephone Field,recover-20220825,002,1795
1348.9955,1349.0326,68437,81870,Rhinolophus ferrumequinum,0.023,0.023,-1,Echolocation,/mnt/ubna_data_01_mir/recover-20220825/UBNA_002/20220823_033000.WAV,Telephone Field,recover-20220825,002,1795
1349.0065,1349.0167,14296,22555,Nyctalus noctula,0.011,0.023,-1,Echolocation,/mnt/ubna_data_01_mir/recover-20220825/UBNA_002/20220823_033000.WAV,Telephone Field,recover-20220825,002,1795
1349.0075,1349.0191,46953,51103,Pipistrellus pipistrellus,0.034,0.038,-1,Echolocation,/mnt/ubna_data_01_mir/recover-20220825/UBNA_002/20220823_033000.WAV,Telephone Field,recover-20220825,002,1795
1349.0125,1349.0483,68437,80811,Rhinolophus ferrumequinum,0.024,0.024,-1,Echolocation,/mnt/ubna_data_01_mir/recover-20220825/UBNA_002/20220823_033000.WAV,Telephone Field,recover-20220825,002,1795
1349.0355,1349.0744,68437,82117,Rhinolophus ferrumequinum,0.022,0.022,-1,Echolocation,/mnt/ubna_data_01_mir/recover-20220825/UBNA_002/20220823_033000.WAV,Telephone Field,recover-20220825,002,1795
1349.0425,1349.0824,68437,81953,Rhinolophus ferrumequinum,0.022,0.022,-1,Echolocation,/mnt/ubna_data_01_mir/recover-20220825/UBNA_002/20220823_033000.WAV,Telephone Field,recover-20220825,002,1795
1349.0605,1349.1016,68437,82514,Rhinolophus ferrumequinum,0.023,0.023,-1,Echolocation,/mnt/ubna_data_01_mir/recover-20220825/UBNA_002/20220823_033000.WAV,Telephone Field,recover-20220825,002,1795
1349.0805,1349.1181,68437,82434,Rhinolophus ferrumequinum,0.021,0.022,-1,Echolocation,/mnt/ubna_data_01_mir/recover-20220825/UBNA_002/20220823_033000.WAV,Telephone Field,recover-20220825,002,1795
1349.0925,1349.1294,68437,82707,Rhinolophus ferrumequinum,0.027,0.027,-1,Echolocation,/mnt/ubna_data_01_mir/recover-20220825/UBNA_002/20220823_033000.WAV,Telephone Field,recover-20220825,002,1795
1349.1095,1349.1492,68437,81955,Rhinolophus ferrumequinum,0.024,0.024,-1,Echolocation,/mnt/ubna_data_01_mir/recover-20220825/UBNA_002/20220823_033000.WAV,Telephone Field,recover-20220825,002,1795
1349.1715,1349.2134,68437,82429,Rhinolophus ferrumequinum,0.024,0.024,-1,Echolocation,/mnt/ubna_data_01_mir/recover-20220825/UBNA_002/20220823_033000.WAV,Telephone Field,recover-20220825,002,1795
1349.1745,1349.1846,28906,36053,Eptesicus serotinus,0.009,0.023,-1,Echolocation,/mnt/ubna_data_01_mir/recover-20220825/UBNA_002/20220823_033000.WAV,Telephone Field,recover-20220825,002,1795
1349.2005,1349.2108,22890,28415,Nyctalus leisleri,0.009,0.021,-1,Echolocation,/mnt/ubna_data_01_mir/recover-20220825/UBNA_002/20220823_033000.WAV,Telephone Field,recover-20220825,002,1795
1349.2345,1349.2758,68437,82068,Rhinolophus ferrumequinum,0.021,0.021,-1,Echolocation,/mnt/ubna_data_01_mir/recover-20220825/UBNA_002/20220823_033000.WAV,Telephone Field,recover-20220825,002,1795
1349.2445,1349.2835,68437,82142,Rhinolophus ferrumequinum,0.021,0.021,-1,Echolocation,/mnt/ubna_data_01_mir/recover-20220825/UBNA_002/20220823_033000.WAV,Telephone Field,recover-20220825,002,1795
1349.2525,1349.2907,68437,82210,Rhinolophus ferrumequinum,0.024,0.024,-1,Echolocation,/mnt/ubna_data_01_mir/recover-20220825/UBNA_002/20220823_033000.WAV,Telephone Field,recover-20220825,002,1795
1349.2905,1349.3326,68437,82973,Rhinolophus ferrumequinum,0.029,0.029,-1,Echolocation,/mnt/ubna_data_01_mir/recover-20220825/UBNA_002/20220823_033000.WAV,Telephone Field,recover-20220825,002,1795
1349.2955,1349.3073,22890,27128,Nyctalus leisleri,0.011,0.021,-1,Echolocation,/mnt/ubna_data_01_mir/recover-20220825/UBNA_002/20220823_033000.WAV,Telephone Field,recover-20220825,002,1795
1349.3905,1349.4311,68437,83037,Rhinolophus ferrumequinum,0.025,0.025,-1,Echolocation,/mnt/ubna_data_01_mir/recover-20220825/UBNA_002/20220823_033000.WAV,Telephone Field,recover-20220825,002,1795
1349.3925,1349.4037,22890,27267,Nyctalus leisleri,0.012,0.022,-1,Echolocation,/mnt/ubna_data_01_mir/recover-20220825/UBNA_002/20220823_033000.WAV,Telephone Field,recover-20220825,002,1795
1349.4255,1349.4645,68437,82112,Rhinolophus ferrumequinum,0.022,0.022,-1,Echolocation,/mnt/ubna_data_01_mir/recover-20220825/UBNA_002/20220823_033000.WAV,Telephone Field,recover-20220825,002,1795
1349.4465,1349.4847,68437,82301,Rhinolophus ferrumequinum,0.021,0.021,-1,Echolocation,/mnt/ubna_data_01_mir/recover-20220825/UBNA_002/20220823_033000.WAV,Telephone Field,recover-20220825,002,1795
1349.4845,1349.4926,28046,39039,Eptesicus serotinus,0.007,0.022,-1,Echolocation,/mnt/ubna_data_01_mir/recover-20220825/UBNA_002/20220823_033000.WAV,Telephone Field,recover-20220825,002,1795
1349.5365,1349.5712,68437,81682,Rhinolophus ferrumequinum,0.024,0.024,-1,Echolocation,/mnt/ubna_data_01_mir/recover-20220825/UBNA_002/20220823_033000.WAV,Telephone Field,recover-20220825,002,1795
1349.5435,1349.5808,68437,82415,Rhinolophus ferrumequinum,0.023,0.023,-1,Echolocation,/mnt/ubna_data_01_mir/recover-20220825/UBNA_002/20220823_033000.WAV,Telephone Field,recover-20220825,002,1795
1349.5435,1349.5513,28046,40175,Eptesicus serotinus,0.008,0.025,-1,Echolocation,/mnt/ubna_data_01_mir/recover-20220825/UBNA_002/20220823_033000.WAV,Telephone Field,recover-20220825,002,1795
1349.5825,1349.6258,68437,82975,Rhinolophus ferrumequinum,0.031,0.031,-1,Echolocation,/mnt/ubna_data_01_mir/recover-20220825/UBNA_002/20220823_033000.WAV,Telephone Field,recover-20220825,002,1795
1349.6235,1349.6608,68437,81999,Rhinolophus ferrumequinum,0.023,0.023,-1,Echolocation,/mnt/ubna_data_01_mir/recover-20220825/UBNA_002/20220823_033000.WAV,Telephone Field,recover-20220825,002,1795
1349.6285,1349.6374,24609,32559,Eptesicus serotinus,0.008,0.022,-1,Echolocation,/mnt/ubna_data_01_mir/recover-20220825/UBNA_002/20220823_033000.WAV,Telephone Field,recover-20220825,002,1795
1349.6345,1349.6715,68437,82036,Rhinolophus ferrumequinum,0.021,0.021,-1,Echolocation,/mnt/ubna_data_01_mir/recover-20220825/UBNA_002/20220823_033000.WAV,Telephone Field,recover-20220825,002,1795
1349.6435,1349.6517,28906,38802,Eptesicus serotinus,0.01,0.025,-1,Echolocation,/mnt/ubna_data_01_mir/recover-20220825/UBNA_002/20220823_033000.WAV,Telephone Field,recover-20220825,002,1795
1349.6615,1349.6991,68437,82027,Rhinolophus ferrumequinum,0.022,0.022,-1,Echolocation,/mnt/ubna_data_01_mir/recover-20220825/UBNA_002/20220823_033000.WAV,Telephone Field,recover-20220825,002,1795
1349.7095,1349.7499,68437,82514,Rhinolophus ferrumequinum,0.031,0.031,-1,Echolocation,/mnt/ubna_data_01_mir/recover-20220825/UBNA_002/20220823_033000.WAV,Telephone Field,recover-20220825,002,1795
1349.7315,1349.7689,68437,82205,Rhinolophus ferrumequinum,0.023,0.023,-1,Echolocation,/mnt/ubna_data_01_mir/recover-20220825/UBNA_002/20220823_033000.WAV,Telephone Field,recover-20220825,002,1795
1349.7585,1349.7666,27187,38611,Eptesicus serotinus,0.01,0.027,-1,Echolocation,/mnt/ubna_data_01_mir/recover-20220825/UBNA_002/20220823_033000.WAV,Telephone Field,recover-20220825,002,1795
1349.7615,1349.8021,68437,82927,Rhinolophus ferrumequinum,0.028,0.028,-1,Echolocation,/mnt/ubna_data_01_mir/recover-20220825/UBNA_002/20220823_033000.WAV,Telephone Field,recover-20220825,002,1795
1349.7945,1349.8054,34921,40095,Myotis daubentonii,0.004,0.022,-1,Echolocation,/mnt/ubna_data_01_mir/recover-20220825/UBNA_002/20220823_033000.WAV,Telephone Field,recover-20220825,002,1795
1349.7975,1349.8059,28046,37668,Eptesicus serotinus,0.008,0.022,-1,Echolocation,/mnt/ubna_data_01_mir/recover-20220825/UBNA_002/20220823_033000.WAV,Telephone Field,recover-20220825,002,1795
1349.8065,1349.8473,68437,82841,Rhinolophus ferrumequinum,0.025,0.025,-1,Echolocation,/mnt/ubna_data_01_mir/recover-20220825/UBNA_002/20220823_033000.WAV,Telephone Field,recover-20220825,002,1795
1349.8545,1349.8735,18593,22423,Nyctalus noctula,0.015,0.024,-1,Echolocation,/mnt/ubna_data_01_mir/recover-20220825/UBNA_002/20220823_033000.WAV,Telephone Field,recover-20220825,002,1795
1349.8585,1349.8696,28906,35290,Eptesicus serotinus,0.016,0.031,-1,Echolocation,/mnt/ubna_data_01_mir/recover-20220825/UBNA_002/20220823_033000.WAV,Telephone Field,recover-20220825,002,1795
1349.8785,1349.9162,68437,81819,Rhinolophus ferrumequinum,0.022,0.022,-1,Echolocation,/mnt/ubna_data_01_mir/recover-20220825/UBNA_002/20220823_033000.WAV,Telephone Field,recover-20220825,002,1795
1349.8865,1349.8952,25468,34480,Eptesicus serotinus,0.007,0.021,-1,Echolocation,/mnt/ubna_data_01_mir/recover-20220825/UBNA_002/20220823_033000.WAV,Telephone Field,recover-20220825,002,1795
1349.8995,1349.9076,28906,39582,Eptesicus serotinus,0.01,0.026,-1,Echolocation,/mnt/ubna_data_01_mir/recover-20220825/UBNA_002/20220823_033000.WAV,Telephone Field,recover-20220825,002,1795
1349.9035,1349.9401,68437,82229,Rhinolophus ferrumequinum,0.025,0.025,-1,Echolocation,/mnt/ubna_data_01_mir/recover-20220825/UBNA_002/20220823_033000.WAV,Telephone Field,recover-20220825,002,1795
1349.9095,1349.9212,36640,41323,Pipistrellus nathusii,0.006,0.023,-1,Echolocation,/mnt/ubna_data_01_mir/recover-20220825/UBNA_002/20220823_033000.WAV,Telephone Field,recover-20220825,002,1795
1349.9175,1349.9341,22890,27499,Nyctalus leisleri,0.021,0.042,-1,Echolocation,/mnt/ubna_data_01_mir/recover-20220825/UBNA_002/20220823_033000.WAV,Telephone Field,recover-20220825,002,1795
1349.9585,1349.9962,68437,81766,Rhinolophus ferrumequinum,0.021,0.021,-1,Echolocation,/mnt/ubna_data_01_mir/recover-20220825/UBNA_002/20220823_033000.WAV,Telephone Field,recover-20220825,002,1795
1349.9725,1349.9819,47812,51316,Pipistrellus pipistrellus,0.025,0.028,-1,Echolocation,/mnt/ubna_data_01_mir/recover-20220825/UBNA_002/20220823_033000.WAV,Telephone Field,recover-20220825,002,1795
1350.0015,1350.0117,47812,54405,Pipistrellus pipistrellus,0.017,0.025,-1,Echolocation,/mnt/ubna_data_01_mir/recover-20220825/UBNA_002/20220823_033000.WAV,Telephone Field,recover-20220825,002,1795
1350.0015,1350.0116,26328,33359,Nyctalus leisleri,0.014,0.037,-1,Echolocation,/mnt/ubna_data_01_mir/recover-20220825/UBNA_002/20220823_033000.WAV,Telephone Field,recover-20220825,002,1795
1350.0015,1350.0302,69296,80312,Rhinolophus ferrumequinum,0.025,0.025,-1,Echolocation,/mnt/ubna_data_01_mir/recover-20220825/UBNA_002/20220823_033000.WAV,Telephone Field,recover-20220825,002,1795
1350.0745,1350.0892,14296,19092,Nyctalus noctula,0.015,0.024,-1,Echolocation,/mnt/ubna_data_01_mir/recover-20220825/UBNA_002/20220823_033000.WAV,Telephone Field,recover-20220825,002,1795
1350.0985,1350.1057,36640,43549,Barbastellus barbastellus,0.02,0.036,-1,Echolocation,/mnt/ubna_data_01_mir/recover-20220825/UBNA_002/20220823_033000.WAV,Telephone Field,recover-20220825,002,1795
1350.1705,1350.2139,68437,83485,Rhinolophus ferrumequinum,0.054,0.054,-1,Echolocation,/mnt/ubna_data_01_mir/recover-20220825/UBNA_002/20220823_033000.WAV,Telephone Field,recover-20220825,002,1795
1350.1725,1350.1853,47812,50962,Pipistrellus pipistrellus,0.022,0.025,-1,Echolocation,/mnt/ubna_data_01_mir/recover-20220825/UBNA_002/20220823_033000.WAV,Telephone Field,recover-20220825,002,1795
1350.2005,1350.2159,21171,24228,Nyctalus leisleri,0.015,0.024,-1,Echolocation,/mnt/ubna_data_01_mir/recover-20220825/UBNA_002/20220823_033000.WAV,Telephone Field,recover-20220825,002,1795
1350.2095,1350.2175,28046,38379,Eptesicus serotinus,0.008,0.023,-1,Echolocation,/mnt/ubna_data_01_mir/recover-20220825/UBNA_002/20220823_033000.WAV,Telephone Field,recover-20220825,002,1795
1350.2205,1350.2288,28046,40135,Eptesicus serotinus,0.009,0.025,-1,Echolocation,/mnt/ubna_data_01_mir/recover-20220825/UBNA_002/20220823_033000.WAV,Telephone Field,recover-20220825,002,1795
1350.2305,1350.2676,68437,81750,Rhinolophus ferrumequinum,0.023,0.023,-1,Echolocation,/mnt/ubna_data_01_mir/recover-20220825/UBNA_002/20220823_033000.WAV,Telephone Field,recover-20220825,002,1795
1350.2465,1350.2857,68437,82310,Rhinolophus ferrumequinum,0.023,0.023,-1,Echolocation,/mnt/ubna_data_01_mir/recover-20220825/UBNA_002/20220823_033000.WAV,Telephone Field,recover-20220825,002,1795
1350.2895,1350.3303,68437,82459,Rhinolophus ferrumequinum,0.029,0.029,-1,Echolocation,/mnt/ubna_data_01_mir/recover-20220825/UBNA_002/20220823_033000.WAV,Telephone Field,recover-20220825,002,1795
1350.3035,1350.3421,68437,82696,Rhinolophus ferrumequinum,0.023,0.023,-1,Echolocation,/mnt/ubna_data_01_mir/recover-20220825/UBNA_002/20220823_033000.WAV,Telephone Field,recover-20220825,002,1795
1350.3605,1350.3979,68437,81616,Rhinolophus ferrumequinum,0.026,0.026,-1,Echolocation,/mnt/ubna_data_01_mir/recover-20220825/UBNA_002/20220823_033000.WAV,Telephone Field,recover-20220825,002,1795
1350.3795,1350.3899,23750,29699,Nyctalus leisleri,0.011,0.028,-1,Echolocation,/mnt/ubna_data_01_mir/recover-20220825/UBNA_002/20220823_033000.WAV,Telephone Field,recover-20220825,002,1795
1350.3905,1350.4281,68437,82576,Rhinolophus ferrumequinum,0.027,0.027,-1,Echolocation,/mnt/ubna_data_01_mir/recover-20220825/UBNA_002/20220823_033000.WAV,Telephone Field,recover-20220825,002,1795
1350.4075,1350.4481,68437,82154,Rhinolophus ferrumequinum,0.032,0.033,-1,Echolocation,/mnt/ubna_data_01_mir/recover-20220825/UBNA_002/20220823_033000.WAV,Telephone Field,recover-20220825,002,1795
1350.4365,1350.4443,43515,46996,Pipistrellus pipistrellus,0.023,0.027,-1,Echolocation,/mnt/ubna_data_01_mir/recover-20220825/UBNA_002/20220823_033000.WAV,Telephone Field,recover-20220825,002,1795
1350.4365,1350.4441,23750,32842,Plecotus austriacus,0.007,0.027,-1,Echolocation,/mnt/ubna_data_01_mir/recover-20220825/UBNA_002/20220823_033000.WAV,Telephone Field,recover-20220825,002,1795
1350.4465,1350.4856,68437,82167,Rhinolophus ferrumequinum,0.031,0.031,-1,Echolocation,/mnt/ubna_data_01_mir/recover-20220825/UBNA_002/20220823_033000.WAV,Telephone Field,recover-20220825,002,1795
1350.4605,1350.5037,68437,83614,Rhinolophus ferrumequinum,0.034,0.034,-1,Echolocation,/mnt/ubna_data_01_mir/recover-20220825/UBNA_002/20220823_033000.WAV,Telephone Field,recover-20220825,002,1795
1350.5325,1350.5419,24609,31105,Nyctalus leisleri,0.008,0.023,-1,Echolocation,/mnt/ubna_data_01_mir/recover-20220825/UBNA_002/20220823_033000.WAV,Telephone Field,recover-20220825,002,1795
1350.5445,1350.5868,68437,82812,Rhinolophus ferrumequinum,0.035,0.035,-1,Echolocation,/mnt/ubna_data_01_mir/recover-20220825/UBNA_002/20220823_033000.WAV,Telephone Field,recover-20220825,002,1795
1350.5695,1350.6077,68437,81833,Rhinolophus ferrumequinum,0.022,0.022,-1,Echolocation,/mnt/ubna_data_01_mir/recover-20220825/UBNA_002/20220823_033000.WAV,Telephone Field,recover-20220825,002,1795
1350.6005,1350.6371,68437,82004,Rhinolophus ferrumequinum,0.024,0.024,-1,Echolocation,/mnt/ubna_data_01_mir/recover-20220825/UBNA_002/20220823_033000.WAV,Telephone Field,recover-20220825,002,1795
1350.6145,1350.6552,68437,82607,Rhinolophus ferrumequinum,0.023,0.023,-1,Echolocation,/mnt/ubna_data_01_mir/recover-20220825/UBNA_002/20220823_033000.WAV,Telephone Field,recover-20220825,002,1795
1350.6835,1350.7216,68437,81966,Rhinolophus ferrumequinum,0.023,0.023,-1,Echolocation,/mnt/ubna_data_01_mir/recover-20220825/UBNA_002/20220823_033000.WAV,Telephone Field,recover-20220825,002,1795
1350.7185,1350.726,51250,58267,Pipistrellus pipistrellus,0.02,0.023,-1,Echolocation,/mnt/ubna_data_01_mir/recover-20220825/UBNA_002/20220823_033000.WAV,Telephone Field,recover-20220825,002,1795
1350.7205,1350.7595,68437,82464,Rhinolophus ferrumequinum,0.024,0.024,-1,Echolocation,/mnt/ubna_data_01_mir/recover-20220825/UBNA_002/20220823_033000.WAV,Telephone Field,recover-20220825,002,1795
1350.7335,1350.7398,46093,52229,Pipistrellus pipistrellus,0.02,0.022,-1,Echolocation,/mnt/ubna_data_01_mir/recover-20220825/UBNA_002/20220823_033000.WAV,Telephone Field,recover-20220825,002,1795
1350.7675,1350.7758,28906,37087,Eptesicus serotinus,0.012,0.027,-1,Echolocation,/mnt/ubna_data_01_mir/recover-20220825/UBNA_002/20220823_033000.WAV,Telephone Field,recover-20220825,002,1795
1350.7895,1350.8296,68437,82350,Rhinolophus ferrumequinum,0.023,0.023,-1,Echolocation,/mnt/ubna_data_01_mir/recover-20220825/UBNA_002/20220823_033000.WAV,Telephone Field,recover-20220825,002,1795
1350.8045,1350.8145,23750,30311,Nyctalus leisleri,0.009,0.025,-1,Echolocation,/mnt/ubna_data_01_mir/recover-20220825/UBNA_002/20220823_033000.WAV,Telephone Field,recover-20220825,002,1795
1350.8265,1350.834,26328,38662,Eptesicus serotinus,0.007,0.023,-1,Echolocation,/mnt/ubna_data_01_mir/recover-20220825/UBNA_002/20220823_033000.WAV,Telephone Field,recover-20220825,002,1795
1350.8355,1350.8449,28046,36056,Eptesicus serotinus,0.008,0.022,-1,Echolocation,/mnt/ubna_data_01_mir/recover-20220825/UBNA_002/20220823_033000.WAV,Telephone Field,recover-20220825,002,1795
1350.8615,1350.9021,68437,82670,Rhinolophus ferrumequinum,0.025,0.025,-1,Echolocation,/mnt/ubna_data_01_mir/recover-20220825/UBNA_002/20220823_033000.WAV,Telephone Field,recover-20220825,002,1795
1350.9045,1350.9448,68437,82429,Rhinolophus ferrumequinum,0.027,0.027,-1,Echolocation,/mnt/ubna_data_01_mir/recover-20220825/UBNA_002/20220823_033000.WAV,Telephone Field,recover-20220825,002,1795
1350.9435,1350.9828,68437,82267,Rhinolophus ferrumequinum,0.024,0.024,-1,Echolocation,/mnt/ubna_data_01_mir/recover-20220825/UBNA_002/20220823_033000.WAV,Telephone Field,recover-20220825,002,1795
1350.9595,1350.9683,28046,39433,Eptesicus serotinus,0.01,0.027,-1,Echolocation,/mnt/ubna_data_01_mir/recover-20220825/UBNA_002/20220823_033000.WAV,Telephone Field,recover-20220825,002,1795
1350.9735,1350.9813,28046,37371,Eptesicus serotinus,0.007,0.023,-1,Echolocation,/mnt/ubna_data_01_mir/recover-20220825/UBNA_002/20220823_033000.WAV,Telephone Field,recover-20220825,002,1795
1350.9925,1351.0036,28046,35890,Eptesicus serotinus,0.015,0.029,-1,Echolocation,/mnt/ubna_data_01_mir/recover-20220825/UBNA_002/20220823_033000.WAV,Telephone Field,recover-20220825,002,1795
1351.0095,1351.0159,28906,40810,Eptesicus serotinus,0.008,0.033,-1,Echolocation,/mnt/ubna_data_01_mir/recover-20220825/UBNA_002/20220823_033000.WAV,Telephone Field,recover-20220825,002,1795
1351.0215,1351.0587,68437,82413,Rhinolophus ferrumequinum,0.024,0.024,-1,Echolocation,/mnt/ubna_data_01_mir/recover-20220825/UBNA_002/20220823_033000.WAV,Telephone Field,recover-20220825,002,1795
1351.0955,1351.1028,42656,53423,Pipistrellus pipistrellus,0.008,0.022,-1,Echolocation,/mnt/ubna_data_01_mir/recover-20220825/UBNA_002/20220823_033000.WAV,Telephone Field,recover-20220825,002,1795
1351.1325,1351.1725,68437,82704,Rhinolophus ferrumequinum,0.035,0.035,-1,Echolocation,/mnt/ubna_data_01_mir/recover-20220825/UBNA_002/20220823_033000.WAV,Telephone Field,recover-20220825,002,1795
1351.1425,1351.1829,68437,83258,Rhinolophus ferrumequinum,0.031,0.031,-1,Echolocation,/mnt/ubna_data_01_mir/recover-20220825/UBNA_002/20220823_033000.WAV,Telephone Field,recover-20220825,002,1795
1351.1485,1351.1582,43515,47298,Pipistrellus pipistrellus,0.038,0.044,-1,Echolocation,/mnt/ubna_data_01_mir/recover-20220825/UBNA_002/20220823_033000.WAV,Telephone Field,recover-20220825,002,1795
1351.1505,1351.1577,27187,43077,Eptesicus serotinus,0.008,0.024,-1,Echolocation,/mnt/ubna_data_01_mir/recover-20220825/UBNA_002/20220823_033000.WAV,Telephone Field,recover-20220825,002,1795
1351.2585,1351.2684,47812,54328,Pipistrellus pipistrellus,0.021,0.024,-1,Echolocation,/mnt/ubna_data_01_mir/recover-20220825/UBNA_002/20220823_033000.WAV,Telephone Field,recover-20220825,002,1795
1351.2905,1351.3319,68437,83098,Rhinolophus ferrumequinum,0.023,0.023,-1,Echolocation,/mnt/ubna_data_01_mir/recover-20220825/UBNA_002/20220823_033000.WAV,Telephone Field,recover-20220825,002,1795
1351.3165,1351.3286,27187,33869,Eptesicus serotinus,0.019,0.036,-1,Echolocation,/mnt/ubna_data_01_mir/recover-20220825/UBNA_002/20220823_033000.WAV,Telephone Field,recover-20220825,002,1795
1351.3185,1351.3577,68437,82352,Rhinolophus ferrumequinum,0.023,0.023,-1,Echolocation,/mnt/ubna_data_01_mir/recover-20220825/UBNA_002/20220823_033000.WAV,Telephone Field,recover-20220825,002,1795
1351.3265,1351.3653,68437,82167,Rhinolophus ferrumequinum,0.023,0.023,-1,Echolocation,/mnt/ubna_data_01_mir/recover-20220825/UBNA_002/20220823_033000.WAV,Telephone Field,recover-20220825,002,1795
1351.3295,1351.339,43515,48633,Pipistrellus pipistrellus,0.022,0.036,-1,Echolocation,/mnt/ubna_data_01_mir/recover-20220825/UBNA_002/20220823_033000.WAV,Telephone Field,recover-20220825,002,1795
1351.3295,1351.3372,27187,39302,Eptesicus serotinus,0.007,0.026,-1,Echolocation,/mnt/ubna_data_01_mir/recover-20220825/UBNA_002/20220823_033000.WAV,Telephone Field,recover-20220825,002,1795
1351.3535,1351.3939,68437,82546,Rhinolophus ferrumequinum,0.025,0.026,-1,Echolocation,/mnt/ubna_data_01_mir/recover-20220825/UBNA_002/20220823_033000.WAV,Telephone Field,recover-20220825,002,1795
1351.3985,1351.4064,28046,40255,Eptesicus serotinus,0.008,0.024,-1,Echolocation,/mnt/ubna_data_01_mir/recover-20220825/UBNA_002/20220823_033000.WAV,Telephone Field,recover-20220825,002,1795
1351.4175,1351.4265,22031,28468,Plecotus austriacus,0.008,0.022,-1,Echolocation,/mnt/ubna_data_01_mir/recover-20220825/UBNA_002/20220823_033000.WAV,Telephone Field,recover-20220825,002,1795
1351.4445,1351.4835,68437,82267,Rhinolophus ferrumequinum,0.029,0.029,-1,Echolocation,/mnt/ubna_data_01_mir/recover-20220825/UBNA_002/20220823_033000.WAV,Telephone Field,recover-20220825,002,1795
1351.4705,1351.5101,68437,81578,Rhinolophus ferrumequinum,0.027,0.027,-1,Echolocation,/mnt/ubna_data_01_mir/recover-20220825/UBNA_002/20220823_033000.WAV,Telephone Field,recover-20220825,002,1795
1351.4755,1351.514,68437,82255,Rhinolophus ferrumequinum,0.026,0.026,-1,Echolocation,/mnt/ubna_data_01_mir/recover-20220825/UBNA_002/20220823_033000.WAV,Telephone Field,recover-20220825,002,1795
1351.5245,1351.5663,68437,82766,Rhinolophus ferrumequinum,0.022,0.022,-1,Echolocation,/mnt/ubna_data_01_mir/recover-20220825/UBNA_002/20220823_033000.WAV,Telephone Field,recover-20220825,002,1795
1351.5435,1351.5547,23750,28779,Nyctalus leisleri,0.011,0.023,-1,Echolocation,/mnt/ubna_data_01_mir/recover-20220825/UBNA_002/20220823_033000.WAV,Telephone Field,recover-20220825,002,1795
1351.6075,1351.648,68437,82737,Rhinolophus ferrumequinum,0.024,0.024,-1,Echolocation,/mnt/ubna_data_01_mir/recover-20220825/UBNA_002/20220823_033000.WAV,Telephone Field,recover-20220825,002,1795
1351.6275,1351.6353,43515,47414,Pipistrellus pipistrellus,0.035,0.045,-1,Echolocation,/mnt/ubna_data_01_mir/recover-20220825/UBNA_002/20220823_033000.WAV,Telephone Field,recover-20220825,002,1795
1351.6515,1351.6932,68437,82587,Rhinolophus ferrumequinum,0.026,0.026,-1,Echolocation,/mnt/ubna_data_01_mir/recover-20220825/UBNA_002/20220823_033000.WAV,Telephone Field,recover-20220825,002,1795
1351.7305,1351.7699,68437,82262,Rhinolophus ferrumequinum,0.023,0.023,-1,Echolocation,/mnt/ubna_data_01_mir/recover-20220825/UBNA_002/20220823_033000.WAV,Telephone Field,recover-20220825,002,1795
1351.7875,1351.7959,28046,38586,Eptesicus serotinus,0.008,0.024,-1,Echolocation,/mnt/ubna_data_01_mir/recover-20220825/UBNA_002/20220823_033000.WAV,Telephone Field,recover-20220825,002,1795
1351.8165,1351.8284,40078,44408,Pipistrellus nathusii,0.013,0.024,-1,Echolocation,/mnt/ubna_data_01_mir/recover-20220825/UBNA_002/20220823_033000.WAV,Telephone Field,recover-20220825,002,1795
1351.8385,1351.8786,68437,83041,Rhinolophus ferrumequinum,0.037,0.037,-1,Echolocation,/mnt/ubna_data_01_mir/recover-20220825/UBNA_002/20220823_033000.WAV,Telephone Field,recover-20220825,002,1795
1351.8505,1351.8579,28046,37088,Eptesicus serotinus,0.009,0.027,-1,Echolocation,/mnt/ubna_data_01_mir/recover-20220825/UBNA_002/20220823_033000.WAV,Telephone Field,recover-20220825,002,1795
1351.8515,1351.8588,23750,33008,Plecotus austriacus,0.012,0.027,-1,Echolocation,/mnt/ubna_data_01_mir/recover-20220825/UBNA_002/20220823_033000.WAV,Telephone Field,recover-20220825,002,1795
1351.8665,1351.9059,68437,82244,Rhinolophus ferrumequinum,0.025,0.025,-1,Echolocation,/mnt/ubna_data_01_mir/recover-20220825/UBNA_002/20220823_033000.WAV,Telephone Field,recover-20220825,002,1795
1351.8685,1351.8844,22890,27468,Nyctalus leisleri,0.023,0.044,-1,Echolocation,/mnt/ubna_data_01_mir/recover-20220825/UBNA_002/20220823_033000.WAV,Telephone Field,recover-20220825,002,1795
1351.9075,1351.9145,42656,48596,Pipistrellus nathusii,0.142,0.317,-1,Echolocation,/mnt/ubna_data_01_mir/recover-20220825/UBNA_002/20220823_033000.WAV,Telephone Field,recover-20220825,002,1795
1351.9085,1351.9142,30625,61904,Myotis brandtii,0.015,0.034,-1,Echolocation,/mnt/ubna_data_01_mir/recover-20220825/UBNA_002/20220823_033000.WAV,Telephone Field,recover-20220825,002,1795
1351.9095,1351.9484,68437,81975,Rhinolophus ferrumequinum,0.026,0.026,-1,Echolocation,/mnt/ubna_data_01_mir/recover-20220825/UBNA_002/20220823_033000.WAV,Telephone Field,recover-20220825,002,1795
1351.9255,1351.9635,68437,82493,Rhinolophus ferrumequinum,0.022,0.022,-1,Echolocation,/mnt/ubna_data_01_mir/recover-20220825/UBNA_002/20220823_033000.WAV,Telephone Field,recover-20220825,002,1795
1351.9385,1351.9459,27187,37955,Eptesicus serotinus,0.012,0.031,-1,Echolocation,/mnt/ubna_data_01_mir/recover-20220825/UBNA_002/20220823_033000.WAV,Telephone Field,recover-20220825,002,1795
1351.9895,1351.9993,27187,37748,Eptesicus serotinus,0.012,0.027,-1,Echolocation,/mnt/ubna_data_01_mir/recover-20220825/UBNA_002/20220823_033000.WAV,Telephone Field,recover-20220825,002,1795
1352.0015,1352.0102,21171,27910,Nyctalus leisleri,0.009,0.026,-1,Echolocation,/mnt/ubna_data_01_mir/recover-20220825/UBNA_002/20220823_033000.WAV,Telephone Field,recover-20220825,002,1795
1352.0015,1352.0082,41796,50445,Pipistrellus nathusii,0.455,0.483,-1,Echolocation,/mnt/ubna_data_01_mir/recover-20220825/UBNA_002/20220823_033000.WAV,Telephone Field,recover-20220825,002,1795
1352.0015,1352.0288,68437,79354,Rhinolophus ferrumequinum,0.047,0.048,-1,Echolocation,/mnt/ubna_data_01_mir/recover-20220825/UBNA_002/20220823_033000.WAV,Telephone Field,recover-20220825,002,1795
1352.0145,1352.0266,28046,33805,Eptesicus serotinus,0.021,0.038,-1,Echolocation,/mnt/ubna_data_01_mir/recover-20220825/UBNA_002/20220823_033000.WAV,Telephone Field,recover-20220825,002,1795
1352.0855,1352.0924,41796,48315,Pipistrellus nathusii,0.052,0.122,-1,Echolocation,/mnt/ubna_data_01_mir/recover-20220825/UBNA_002/20220823_033000.WAV,Telephone Field,recover-20220825,002,1795
1352.1345,1352.174,68437,82359,Rhinolophus ferrumequinum,0.025,0.025,-1,Echolocation,/mnt/ubna_data_01_mir/recover-20220825/UBNA_002/20220823_033000.WAV,Telephone Field,recover-20220825,002,1795
1352.1355,1352.1437,34921,45374,Pipistrellus nathusii,0.008,0.027,-1,Echolocation,/mnt/ubna_data_01_mir/recover-20220825/UBNA_002/20220823_033000.WAV,Telephone Field,recover-20220825,002,1795
1352.1845,1352.1913,40937,50605,Pipistrellus nathusii,0.263,0.477,-1,Echolocation,/mnt/ubna_data_01_mir/recover-20220825/UBNA_002/20220823_033000.WAV,Telephone Field,recover-20220825,002,1795
1352.1875,1352.195,13437,21849,Barbastellus barbastellus,0.028,0.03,-1,Echolocation,/mnt/ubna_data_01_mir/recover-20220825/UBNA_002/20220823_033000.WAV,Telephone Field,recover-20220825,002,1795
1352.2745,1352.2811,40937,50282,Pipistrellus nathusii,0.452,0.567,-1,Echolocation,/mnt/ubna_data_01_mir/recover-20220825/UBNA_002/20220823_033000.WAV,Telephone Field,recover-20220825,002,1795
1352.3085,1352.3196,22890,28358,Nyctalus leisleri,0.01,0.023,-1,Echolocation,/mnt/ubna_data_01_mir/recover-20220825/UBNA_002/20220823_033000.WAV,Telephone Field,recover-20220825,002,1795
1352.3425,1352.3805,68437,81572,Rhinolophus ferrumequinum,0.024,0.024,-1,Echolocation,/mnt/ubna_data_01_mir/recover-20220825/UBNA_002/20220823_033000.WAV,Telephone Field,recover-20220825,002,1795
1352.3555,1352.3624,40078,50513,Pipistrellus nathusii,0.335,0.514,-1,Echolocation,/mnt/ubna_data_01_mir/recover-20220825/UBNA_002/20220823_033000.WAV,Telephone Field,recover-20220825,002,1795
1352.3595,1352.3671,12578,28872,Barbastellus barbastellus,0.03,0.031,-1,Echolocation,/mnt/ubna_data_01_mir/recover-20220825/UBNA_002/20220823_033000.WAV,Telephone Field,recover-20220825,002,1795
1352.3675,1352.3764,26328,33990,Eptesicus serotinus,0.008,0.023,-1,Echolocation,/mnt/ubna_data_01_mir/recover-20220825/UBNA_002/20220823_033000.WAV,Telephone Field,recover-20220825,002,1795
1352.3995,1352.41,39218,44037,Pipistrellus nathusii,0.023,0.031,-1,Echolocation,/mnt/ubna_data_01_mir/recover-20220825/UBNA_002/20220823_033000.WAV,Telephone Field,recover-20220825,002,1795
1352.4245,1352.4319,26328,38960,Eptesicus serotinus,0.008,0.026,-1,Echolocation,/mnt/ubna_data_01_mir/recover-20220825/UBNA_002/20220823_033000.WAV,Telephone Field,recover-20220825,002,1795
1352.4275,1352.4336,35781,50017,Myotis brandtii,0.011,0.027,-1,Echolocation,/mnt/ubna_data_01_mir/recover-20220825/UBNA_002/20220823_033000.WAV,Telephone Field,recover-20220825,002,1795
1352.4465,1352.4528,40937,49967,Pipistrellus nathusii,0.447,0.523,-1,Echolocation,/mnt/ubna_data_01_mir/recover-20220825/UBNA_002/20220823_033000.WAV,Telephone Field,recover-20220825,002,1795
1352.4585,1352.4686,23750,29562,Eptesicus serotinus,0.009,0.025,-1,Echolocation,/mnt/ubna_data_01_mir/recover-20220825/UBNA_002/20220823_033000.WAV,Telephone Field,recover-20220825,002,1795
1352.4825,1352.4931,28046,36690,Eptesicus serotinus,0.03,0.048,-1,Echolocation,/mnt/ubna_data_01_mir/recover-20220825/UBNA_002/20220823_033000.WAV,Telephone Field,recover-20220825,002,1795
1352.5485,1352.5562,40078,47523,Pipistrellus nathusii,0.357,0.476,-1,Echolocation,/mnt/ubna_data_01_mir/recover-20220825/UBNA_002/20220823_033000.WAV,Telephone Field,recover-20220825,002,1795
1352.5585,1352.5675,23750,29194,Nyctalus leisleri,0.01,0.024,-1,Echolocation,/mnt/ubna_data_01_mir/recover-20220825/UBNA_002/20220823_033000.WAV,Telephone Field,recover-20220825,002,1795
1352.6155,1352.6262,28046,36185,Eptesicus serotinus,0.012,0.025,-1,Echolocation,/mnt/ubna_data_01_mir/recover-20220825/UBNA_002/20220823_033000.WAV,Telephone Field,recover-20220825,002,1795
1352.6445,1352.6512,34062,46404,Myotis daubentonii,0.009,0.026,-1,Echolocation,/mnt/ubna_data_01_mir/recover-20220825/UBNA_002/20220823_033000.WAV,Telephone Field,recover-20220825,002,1795
1352.6475,1352.6548,27187,38044,Eptesicus serotinus,0.009,0.026,-1,Echolocation,/mnt/ubna_data_01_mir/recover-20220825/UBNA_002/20220823_033000.WAV,Telephone Field,recover-20220825,002,1795
1352.6595,1352.6659,40937,49242,Pipistrellus nathusii,0.637,0.667,-1,Echolocation,/mnt/ubna_data_01_mir/recover-20220825/UBNA_002/20220823_033000.WAV,Telephone Field,recover-20220825,002,1795
1352.6645,1352.673,24609,33171,Eptesicus serotinus,0.009,0.028,-1,Echolocation,/mnt/ubna_data_01_mir/recover-20220825/UBNA_002/20220823_033000.WAV,Telephone Field,recover-20220825,002,1795
1352.7245,1352.7633,68437,81742,Rhinolophus ferrumequinum,0.023,0.023,-1,Echolocation,/mnt/ubna_data_01_mir/recover-20220825/UBNA_002/20220823_033000.WAV,Telephone Field,recover-20220825,002,1795
1352.7275,1352.7385,37500,42481,Pipistrellus nathusii,0.027,0.044,-1,Echolocation,/mnt/ubna_data_01_mir/recover-20220825/UBNA_002/20220823_033000.WAV,Telephone Field,recover-20220825,002,1795
1352.7315,1352.771,68437,82269,Rhinolophus ferrumequinum,0.024,0.024,-1,Echolocation,/mnt/ubna_data_01_mir/recover-20220825/UBNA_002/20220823_033000.WAV,Telephone Field,recover-20220825,002,1795
1352.7315,1352.7407,26328,35739,Eptesicus serotinus,0.011,0.029,-1,Echolocation,/mnt/ubna_data_01_mir/recover-20220825/UBNA_002/20220823_033000.WAV,Telephone Field,recover-20220825,002,1795
1352.7575,1352.7641,41796,51271,Pipistrellus nathusii,0.526,0.605,-1,Echolocation,/mnt/ubna_data_01_mir/recover-20220825/UBNA_002/20220823_033000.WAV,Telephone Field,recover-20220825,002,1795
1352.8155,1352.8226,27187,38433,Eptesicus serotinus,0.011,0.031,-1,Echolocation,/mnt/ubna_data_01_mir/recover-20220825/UBNA_002/20220823_033000.WAV,Telephone Field,recover-20220825,002,1795
1352.8415,1352.8546,40078,43556,Pipistrellus nathusii,0.109,0.116,-1,Echolocation,/mnt/ubna_data_01_mir/recover-20220825/UBNA_002/20220823_033000.WAV,Telephone Field,recover-20220825,002,1795
1352.8885,1352.8956,27187,37960,Eptesicus serotinus,0.008,0.027,-1,Echolocation,/mnt/ubna_data_01_mir/recover-20220825/UBNA_002/20220823_033000.WAV,Telephone Field,recover-20220825,002,1795
1352.9315,1352.9382,40078,52867,Pipistrellus nathusii,0.311,0.484,-1,Echolocation,/mnt/ubna_data_01_mir/recover-20220825/UBNA_002/20220823_033000.WAV,Telephone Field,recover-20220825,002,1795
1352.9355,1352.9415,26328,42254,Myotis daubentonii,0.01,0.03,-1,Echolocation,/mnt/ubna_data_01_mir/recover-20220825/UBNA_002/20220823_033000.WAV,Telephone Field,recover-20220825,002,1795
1352.9685,1352.9764,27187,37457,Eptesicus serotinus,0.007,0.023,-1,Echolocation,/mnt/ubna_data_01_mir/recover-20220825/UBNA_002/20220823_033000.WAV,Telephone Field,recover-20220825,002,1795
1353.0065,1353.0187,23750,29239,Nyctalus leisleri,0.01,0.024,-1,Echolocation,/mnt/ubna_data_01_mir/recover-20220825/UBNA_002/20220823_033000.WAV,Telephone Field,recover-20220825,002,1795
1353.0225,1353.0297,40937,51553,Pipistrellus nathusii,0.296,0.479,-1,Echolocation,/mnt/ubna_data_01_mir/recover-20220825/UBNA_002/20220823_033000.WAV,Telephone Field,recover-20220825,002,1795
1353.0405,1353.0495,24609,33216,Eptesicus serotinus,0.009,0.025,-1,Echolocation,/mnt/ubna_data_01_mir/recover-20220825/UBNA_002/20220823_033000.WAV,Telephone Field,recover-20220825,002,1795
1353.1255,1353.1638,68437,82643,Rhinolophus ferrumequinum,0.027,0.027,-1,Echolocation,/mnt/ubna_data_01_mir/recover-20220825/UBNA_002/20220823_033000.WAV,Telephone Field,recover-20220825,002,1795
1353.1565,1353.1707,25468,30331,Nyctalus leisleri,0.011,0.025,-1,Echolocation,/mnt/ubna_data_01_mir/recover-20220825/UBNA_002/20220823_033000.WAV,Telephone Field,recover-20220825,002,1795
1353.1755,1353.2091,68437,80160,Rhinolophus ferrumequinum,0.023,0.024,-1,Echolocation,/mnt/ubna_data_01_mir/recover-20220825/UBNA_002/20220823_033000.WAV,Telephone Field,recover-20220825,002,1795
1353.2145,1353.2217,41796,52086,Pipistrellus nathusii,0.375,0.544,-1,Echolocation,/mnt/ubna_data_01_mir/recover-20220825/UBNA_002/20220823_033000.WAV,Telephone Field,recover-20220825,002,1795
1353.2195,1353.2271,12578,26929,Barbastellus barbastellus,0.032,0.034,-1,Echolocation,/mnt/ubna_data_01_mir/recover-20220825/UBNA_002/20220823_033000.WAV,Telephone Field,recover-20220825,002,1795
1353.2195,1353.2266,23750,30916,Eptesicus serotinus,0.008,0.025,-1,Echolocation,/mnt/ubna_data_01_mir/recover-20220825/UBNA_002/20220823_033000.WAV,Telephone Field,recover-20220825,002,1795
1353.3285,1353.3396,57265,65177,Pipistrellus pygmaeus,0.026,0.026,-1,Echolocation,/mnt/ubna_data_01_mir/recover-20220825/UBNA_002/20220823_033000.WAV,Telephone Field,recover-20220825,002,1795
1353.3555,1353.3655,28046,35876,Eptesicus serotinus,0.01,0.024,-1,Echolocation,/mnt/ubna_data_01_mir/recover-20220825/UBNA_002/20220823_033000.WAV,Telephone Field,recover-20220825,002,1795
1353.3945,1353.4034,27187,37522,Eptesicus serotinus,0.011,0.026,-1,Echolocation,/mnt/ubna_data_01_mir/recover-20220825/UBNA_002/20220823_033000.WAV,Telephone Field,recover-20220825,002,1795
1353.4045,1353.4125,40937,47258,Pipistrellus nathusii,0.075,0.175,-1,Echolocation,/mnt/ubna_data_01_mir/recover-20220825/UBNA_002/20220823_033000.WAV,Telephone Field,recover-20220825,002,1795
1353.4055,1353.4128,56406,67023,Pipistrellus pygmaeus,0.024,0.024,-1,Echolocation,/mnt/ubna_data_01_mir/recover-20220825/UBNA_002/20220823_033000.WAV,Telephone Field,recover-20220825,002,1795
1353.4965,1353.5052,28046,36465,Eptesicus serotinus,0.009,0.023,-1,Echolocation,/mnt/ubna_data_01_mir/recover-20220825/UBNA_002/20220823_033000.WAV,Telephone Field,recover-20220825,002,1795
1353.5365,1353.5488,23750,29229,Nyctalus leisleri,0.011,0.026,-1,Echolocation,/mnt/ubna_data_01_mir/recover-20220825/UBNA_002/20220823_033000.WAV,Telephone Field,recover-20220825,002,1795
1353.5505,1353.5582,26328,39109,Eptesicus serotinus,0.008,0.024,-1,Echolocation,/mnt/ubna_data_01_mir/recover-20220825/UBNA_002/20220823_033000.WAV,Telephone Field,recover-20220825,002,1795
1353.5855,1353.5923,40937,50350,Pipistrellus nathusii,0.26,0.39,-1,Echolocation,/mnt/ubna_data_01_mir/recover-20220825/UBNA_002/20220823_033000.WAV,Telephone Field,recover-20220825,002,1795
1353.6235,1353.6329,39218,45092,Pipistrellus nathusii,0.013,0.023,-1,Echolocation,/mnt/ubna_data_01_mir/recover-20220825/UBNA_002/20220823_033000.WAV,Telephone Field,recover-20220825,002,1795
1353.6585,1353.6977,68437,82536,Rhinolophus ferrumequinum,0.024,0.025,-1,Echolocation,/mnt/ubna_data_01_mir/recover-20220825/UBNA_002/20220823_033000.WAV,Telephone Field,recover-20220825,002,1795
1353.6795,1353.686,47812,52336,Pipistrellus pipistrellus,0.025,0.031,-1,Echolocation,/mnt/ubna_data_01_mir/recover-20220825/UBNA_002/20220823_033000.WAV,Telephone Field,recover-20220825,002,1795
1353.6875,1353.6973,41796,47182,Pipistrellus nathusii,0.035,0.048,-1,Echolocation,/mnt/ubna_data_01_mir/recover-20220825/UBNA_002/20220823_033000.WAV,Telephone Field,recover-20220825,002,1795
1353.6905,1353.6977,26328,39144,Eptesicus serotinus,0.009,0.029,-1,Echolocation,/mnt/ubna_data_01_mir/recover-20220825/UBNA_002/20220823_033000.WAV,Telephone Field,recover-20220825,002,1795
1353.7225,1353.7609,68437,81856,Rhinolophus ferrumequinum,0.024,0.024,-1,Echolocation,/mnt/ubna_data_01_mir/recover-20220825/UBNA_002/20220823_033000.WAV,Telephone Field,recover-20220825,002,1795
1353.7425,1353.7503,28046,37573,Eptesicus serotinus,0.009,0.027,-1,Echolocation,/mnt/ubna_data_01_mir/recover-20220825/UBNA_002/20220823_033000.WAV,Telephone Field,recover-20220825,002,1795
1353.7885,1353.7964,40078,47154,Pipistrellus nathusii,0.147,0.255,-1,Echolocation,/mnt/ubna_data_01_mir/recover-20220825/UBNA_002/20220823_033000.WAV,Telephone Field,recover-20220825,002,1795
1353.7975,1353.805,26328,36661,Eptesicus serotinus,0.007,0.023,-1,Echolocation,/mnt/ubna_data_01_mir/recover-20220825/UBNA_002/20220823_033000.WAV,Telephone Field,recover-20220825,002,1795
1353.8435,1353.8499,35781,43852,Myotis daubentonii,0.01,0.027,-1,Echolocation,/mnt/ubna_data_01_mir/recover-20220825/UBNA_002/20220823_033000.WAV,Telephone Field,recover-20220825,002,1795
1353.8435,1353.851,26328,38041,Eptesicus serotinus,0.01,0.03,-1,Echolocation,/mnt/ubna_data_01_mir/recover-20220825/UBNA_002/20220823_033000.WAV,Telephone Field,recover-20220825,002,1795
1353.8735,1353.8824,26328,35062,Eptesicus serotinus,0.012,0.029,-1,Echolocation,/mnt/ubna_data_01_mir/recover-20220825/UBNA_002/20220823_033000.WAV,Telephone Field,recover-20220825,002,1795
1353.8735,1353.8821,40078,47572,Pipistrellus nathusii,0.015,0.024,-1,Echolocation,/mnt/ubna_data_01_mir/recover-20220825/UBNA_002/20220823_033000.WAV,Telephone Field,recover-20220825,002,1795
1353.8745,1353.8814,32343,43008,Myotis daubentonii,0.01,0.026,-1,Echolocation,/mnt/ubna_data_01_mir/recover-20220825/UBNA_002/20220823_033000.WAV,Telephone Field,recover-20220825,002,1795
1353.8895,1353.8959,40078,47109,Pipistrellus nathusii,0.224,0.301,-1,Echolocation,/mnt/ubna_data_01_mir/recover-20220825/UBNA_002/20220823_033000.WAV,Telephone Field,recover-20220825,002,1795
1353.8925,1353.9019,12578,22229,Barbastellus barbastellus,0.021,0.023,-1,Echolocation,/mnt/ubna_data_01_mir/recover-20220825/UBNA_002/20220823_033000.WAV,Telephone Field,recover-20220825,002,1795
1353.9335,1353.9409,26328,38928,Eptesicus serotinus,0.01,0.027,-1,Echolocation,/mnt/ubna_data_01_mir/recover-20220825/UBNA_002/20220823_033000.WAV,Telephone Field,recover-20220825,002,1795
1353.9745,1353.9843,55546,60665,Pipistrellus pygmaeus,0.027,0.027,-1,Echolocation,/mnt/ubna_data_01_mir/recover-20220825/UBNA_002/20220823_033000.WAV,Telephone Field,recover-20220825,002,1795
1353.9815,1353.9887,34921,41358,Barbastellus barbastellus,0.024,0.036,-1,Echolocation,/mnt/ubna_data_01_mir/recover-20220825/UBNA_002/20220823_033000.WAV,Telephone Field,recover-20220825,002,1795
1353.9835,1353.9925,26328,36790,Eptesicus serotinus,0.011,0.028,-1,Echolocation,/mnt/ubna_data_01_mir/recover-20220825/UBNA_002/20220823_033000.WAV,Telephone Field,recover-20220825,002,1795
1354.0015,1354.0101,26328,35225,Nyctalus leisleri,0.008,0.029,-1,Echolocation,/mnt/ubna_data_01_mir/recover-20220825/UBNA_002/20220823_033000.WAV,Telephone Field,recover-20220825,002,1795
1354.0015,1354.0103,21171,26305,Nyctalus leisleri,0.012,0.026,-1,Echolocation,/mnt/ubna_data_01_mir/recover-20220825/UBNA_002/20220823_033000.WAV,Telephone Field,recover-20220825,002,1795
1354.0015,1354.0365,69296,81814,Rhinolophus ferrumequinum,0.038,0.038,-1,Echolocation,/mnt/ubna_data_01_mir/recover-20220825/UBNA_002/20220823_033000.WAV,Telephone Field,recover-20220825,002,1795
1354.0095,1354.0556,68437,83119,Rhinolophus ferrumequinum,0.027,0.027,-1,Echolocation,/mnt/ubna_data_01_mir/recover-20220825/UBNA_002/20220823_033000.WAV,Telephone Field,recover-20220825,002,1795
1354.0535,1354.0635,27187,35536,Eptesicus serotinus,0.012,0.028,-1,Echolocation,/mnt/ubna_data_01_mir/recover-20220825/UBNA_002/20220823_033000.WAV,Telephone Field,recover-20220825,002,1795
1354.0635,1354.1055,68437,83099,Rhinolophus ferrumequinum,0.024,0.024,-1,Echolocation,/mnt/ubna_data_01_mir/recover-20220825/UBNA_002/20220823_033000.WAV,Telephone Field,recover-20220825,002,1795
1354.0685,1354.0795,23750,29549,Nyctalus leisleri,0.012,0.029,-1,Echolocation,/mnt/ubna_data_01_mir/recover-20220825/UBNA_002/20220823_033000.WAV,Telephone Field,recover-20220825,002,1795
1354.0965,1354.1033,27187,37268,Eptesicus serotinus,0.007,0.027,-1,Echolocation,/mnt/ubna_data_01_mir/recover-20220825/UBNA_002/20220823_033000.WAV,Telephone Field,recover-20220825,002,1795
1354.1025,1354.1445,68437,82326,Rhinolophus ferrumequinum,0.036,0.036,-1,Echolocation,/mnt/ubna_data_01_mir/recover-20220825/UBNA_002/20220823_033000.WAV,Telephone Field,recover-20220825,002,1795
1354.1725,1354.2118,68437,82076,Rhinolophus ferrumequinum,0.025,0.025,-1,Echolocation,/mnt/ubna_data_01_mir/recover-20220825/UBNA_002/20220823_033000.WAV,Telephone Field,recover-20220825,002,1795
1354.2285,1354.2699,68437,82683,Rhinolophus ferrumequinum,0.028,0.028,-1,Echolocation,/mnt/ubna_data_01_mir/recover-20220825/UBNA_002/20220823_033000.WAV,Telephone Field,recover-20220825,002,1795
1354.2385,1354.2793,68437,82379,Rhinolophus ferrumequinum,0.024,0.024,-1,Echolocation,/mnt/ubna_data_01_mir/recover-20220825/UBNA_002/20220823_033000.WAV,Telephone Field,recover-20220825,002,1795
1354.2995,1354.3071,44375,51957,Pipistrellus pipistrellus,0.016,0.03,-1,Echolocation,/mnt/ubna_data_01_mir/recover-20220825/UBNA_002/20220823_033000.WAV,Telephone Field,recover-20220825,002,1795
1354.3005,1354.3411,68437,83077,Rhinolophus ferrumequinum,0.025,0.025,-1,Echolocation,/mnt/ubna_data_01_mir/recover-20220825/UBNA_002/20220823_033000.WAV,Telephone Field,recover-20220825,002,1795
1354.3465,1354.3851,68437,82586,Rhinolophus ferrumequinum,0.029,0.029,-1,Echolocation,/mnt/ubna_data_01_mir/recover-20220825/UBNA_002/20220823_033000.WAV,Telephone Field,recover-20220825,002,1795
1354.3845,1354.3896,37500,56489,Myotis daubentonii,0.031,0.062,-1,Echolocation,/mnt/ubna_data_01_mir/recover-20220825/UBNA_002/20220823_033000.WAV,Telephone Field,recover-20220825,002,1795
1354.3865,1354.3929,28906,52540,Myotis daubentonii,0.02,0.035,-1,Echolocation,/mnt/ubna_data_01_mir/recover-20220825/UBNA_002/20220823_033000.WAV,Telephone Field,recover-20220825,002,1795
1354.4515,1354.4935,68437,83040,Rhinolophus ferrumequinum,0.026,0.026,-1,Echolocation,/mnt/ubna_data_01_mir/recover-20220825/UBNA_002/20220823_033000.WAV,Telephone Field,recover-20220825,002,1795
1354.5165,1354.5525,68437,81820,Rhinolophus ferrumequinum,0.027,0.027,-1,Echolocation,/mnt/ubna_data_01_mir/recover-20220825/UBNA_002/20220823_033000.WAV,Telephone Field,recover-20220825,002,1795
1354.5345,1354.5415,26328,37189,Eptesicus serotinus,0.007,0.026,-1,Echolocation,/mnt/ubna_data_01_mir/recover-20220825/UBNA_002/20220823_033000.WAV,Telephone Field,recover-20220825,002,1795
1354.5565,1354.5777,16015,20290,Nyctalus noctula,0.028,0.038,-1,Echolocation,/mnt/ubna_data_01_mir/recover-20220825/UBNA_002/20220823_033000.WAV,Telephone Field,recover-20220825,002,1795
1354.6505,1354.6592,28906,37728,Eptesicus serotinus,0.017,0.04,-1,Echolocation,/mnt/ubna_data_01_mir/recover-20220825/UBNA_002/20220823_033000.WAV,Telephone Field,recover-20220825,002,1795
1354.7355,1354.7437,29765,40455,Myotis daubentonii,0.008,0.024,-1,Echolocation,/mnt/ubna_data_01_mir/recover-20220825/UBNA_002/20220823_033000.WAV,Telephone Field,recover-20220825,002,1795
1354.7375,1354.7453,48671,52914,Pipistrellus pipistrellus,0.024,0.026,-1,Echolocation,/mnt/ubna_data_01_mir/recover-20220825/UBNA_002/20220823_033000.WAV,Telephone Field,recover-20220825,002,1795
1354.7565,1354.7964,68437,82548,Rhinolophus ferrumequinum,0.025,0.025,-1,Echolocation,/mnt/ubna_data_01_mir/recover-20220825/UBNA_002/20220823_033000.WAV,Telephone Field,recover-20220825,002,1795
1354.7595,1354.766,40078,49326,Pipistrellus nathusii,0.165,0.41,-1,Echolocation,/mnt/ubna_data_01_mir/recover-20220825/UBNA_002/20220823_033000.WAV,Telephone Field,recover-20220825,002,1795
1354.8035,1354.8443,68437,82701,Rhinolophus ferrumequinum,0.026,0.026,-1,Echolocation,/mnt/ubna_data_01_mir/recover-20220825/UBNA_002/20220823_033000.WAV,Telephone Field,recover-20220825,002,1795
1354.8725,1354.8814,27187,35744,Eptesicus serotinus,0.009,0.025,-1,Echolocation,/mnt/ubna_data_01_mir/recover-20220825/UBNA_002/20220823_033000.WAV,Telephone Field,recover-20220825,002,1795
1354.8905,1354.9291,68437,82445,Rhinolophus ferrumequinum,0.025,0.025,-1,Echolocation,/mnt/ubna_data_01_mir/recover-20220825/UBNA_002/20220823_033000.WAV,Telephone Field,recover-20220825,002,1795
1354.9075,1354.9193,40937,45603,Pipistrellus nathusii,0.021,0.03,-1,Echolocation,/mnt/ubna_data_01_mir/recover-20220825/UBNA_002/20220823_033000.WAV,Telephone Field,recover-20220825,002,1795
1354.9375,1354.9448,40078,51130,Pipistrellus nathusii,0.144,0.264,-1,Echolocation,/mnt/ubna_data_01_mir/recover-20220825/UBNA_002/20220823_033000.WAV,Telephone Field,recover-20220825,002,1795
1354.9645,1355.0029,68437,81619,Rhinolophus ferrumequinum,0.026,0.026,-1,Echolocation,/mnt/ubna_data_01_mir/recover-20220825/UBNA_002/20220823_033000.WAV,Telephone Field,recover-20220825,002,1795
1354.9715,1354.9784,26328,38259,Eptesicus serotinus,0.006,0.024,-1,Echolocation,/mnt/ubna_data_01_mir/recover-20220825/UBNA_002/20220823_033000.WAV,Telephone Field,recover-20220825,002,1795
1354.9825,1354.9902,56406,61359,Pipistrellus pygmaeus,0.026,0.026,-1,Echolocation,/mnt/ubna_data_01_mir/recover-20220825/UBNA_002/20220823_033000.WAV,Telephone Field,recover-20220825,002,1795
1355.0115,1355.0174,40078,50254,Myotis daubentonii,0.13,0.349,-1,Echolocation,/mnt/ubna_data_01_mir/recover-20220825/UBNA_002/20220823_033000.WAV,Telephone Field,recover-20220825,002,1795
1355.0375,1355.0482,55546,61139,Pipistrellus pygmaeus,0.03,0.031,-1,Echolocation,/mnt/ubna_data_01_mir/recover-20220825/UBNA_002/20220823_033000.WAV,Telephone Field,recover-20220825,002,1795
1355.0455,1355.0528,26328,39762,Eptesicus serotinus,0.007,0.025,-1,Echolocation,/mnt/ubna_data_01_mir/recover-20220825/UBNA_002/20220823_033000.WAV,Telephone Field,recover-20220825,002,1795
1355.0825,1355.0889,28906,50926,Myotis daubentonii,0.019,0.03,-1,Echolocation,/mnt/ubna_data_01_mir/recover-20220825/UBNA_002/20220823_033000.WAV,Telephone Field,recover-20220825,002,1795
1355.0855,1355.0936,42656,48417,Pipistrellus nathusii,0.015,0.037,-1,Echolocation,/mnt/ubna_data_01_mir/recover-20220825/UBNA_002/20220823_033000.WAV,Telephone Field,recover-20220825,002,1795
1355.1625,1355.1697,28906,49902,Myotis daubentonii,0.015,0.029,-1,Echolocation,/mnt/ubna_data_01_mir/recover-20220825/UBNA_002/20220823_033000.WAV,Telephone Field,recover-20220825,002,1795
1355.1635,1355.1691,36640,49677,Myotis daubentonii,0.022,0.038,-1,Echolocation,/mnt/ubna_data_01_mir/recover-20220825/UBNA_002/20220823_033000.WAV,Telephone Field,recover-20220825,002,1795
1355.1715,1355.2117,68437,82110,Rhinolophus ferrumequinum,0.024,0.024,-1,Echolocation,/mnt/ubna_data_01_mir/recover-20220825/UBNA_002/20220823_033000.WAV,Telephone Field,recover-20220825,002,1795
1355.2185,1355.2579,68437,82217,Rhinolophus ferrumequinum,0.024,0.024,-1,Echolocation,/mnt/ubna_data_01_mir/recover-20220825/UBNA_002/20220823_033000.WAV,Telephone Field,recover-20220825,002,1795
1355.2375,1355.2444,41796,49065,Pipistrellus nathusii,0.043,0.123,-1,Echolocation,/mnt/ubna_data_01_mir/recover-20220825/UBNA_002/20220823_033000.WAV,Telephone Field,recover-20220825,002,1795
1355.2395,1355.245,30625,65918,Myotis daubentonii,0.021,0.048,-1,Echolocation,/mnt/ubna_data_01_mir/recover-20220825/UBNA_002/20220823_033000.WAV,Telephone Field,recover-20220825,002,1795
1355.2545,1355.2943,68437,82616,Rhinolophus ferrumequinum,0.025,0.025,-1,Echolocation,/mnt/ubna_data_01_mir/recover-20220825/UBNA_002/20220823_033000.WAV,Telephone Field,recover-20220825,002,1795
1355.2615,1355.2699,27187,37383,Eptesicus serotinus,0.008,0.024,-1,Echolocation,/mnt/ubna_data_01_mir/recover-20220825/UBNA_002/20220823_033000.WAV,Telephone Field,recover-20220825,002,1795
1355.2825,1355.3245,68437,83134,Rhinolophus ferrumequinum,0.024,0.024,-1,Echolocation,/mnt/ubna_data_01_mir/recover-20220825/UBNA_002/20220823_033000.WAV,Telephone Field,recover-20220825,002,1795
1355.3155,1355.3213,40937,52219,Myotis daubentonii,0.169,0.367,-1,Echolocation,/mnt/ubna_data_01_mir/recover-20220825/UBNA_002/20220823_033000.WAV,Telephone Field,recover-20220825,002,1795
1355.3165,1355.3216,29765,64275,Myotis daubentonii,0.042,0.079,-1,Echolocation,/mnt/ubna_data_01_mir/recover-20220825/UBNA_002/20220823_033000.WAV,Telephone Field,recover-20220825,002,1795
1355.3695,1355.415,68437,83681,Rhinolophus ferrumequinum,0.071,0.071,-1,Echolocation,/mnt/ubna_data_01_mir/recover-20220825/UBNA_002/20220823_033000.WAV,Telephone Field,recover-20220825,002,1795
1355.3895,1355.3954,40937,50750,Pipistrellus nathusii,0.117,0.301,-1,Echolocation,/mnt/ubna_data_01_mir/recover-20220825/UBNA_002/20220823_033000.WAV,Telephone Field,recover-20220825,002,1795
1355.4165,1355.4564,68437,82779,Rhinolophus ferrumequinum,0.025,0.026,-1,Echolocation,/mnt/ubna_data_01_mir/recover-20220825/UBNA_002/20220823_033000.WAV,Telephone Field,recover-20220825,002,1795
1355.4365,1355.4775,68437,83021,Rhinolophus ferrumequinum,0.033,0.033,-1,Echolocation,/mnt/ubna_data_01_mir/recover-20220825/UBNA_002/20220823_033000.WAV,Telephone Field,recover-20220825,002,1795
1355.4425,1355.4483,43515,53747,Pipistrellus nathusii,0.167,0.351,-1,Echolocation,/mnt/ubna_data_01_mir/recover-20220825/UBNA_002/20220823_033000.WAV,Telephone Field,recover-20220825,002,1795
1355.4435,1355.4484,31484,70851,Myotis brandtii,0.055,0.097,-1,Echolocation,/mnt/ubna_data_01_mir/recover-20220825/UBNA_002/20220823_033000.WAV,Telephone Field,recover-20220825,002,1795
1355.4875,1355.4977,28046,36132,Eptesicus serotinus,0.017,0.036,-1,Echolocation,/mnt/ubna_data_01_mir/recover-20220825/UBNA_002/20220823_033000.WAV,Telephone Field,recover-20220825,002,1795
1355.4985,1355.5369,68437,81660,Rhinolophus ferrumequinum,0.024,0.024,-1,Echolocation,/mnt/ubna_data_01_mir/recover-20220825/UBNA_002/20220823_033000.WAV,Telephone Field,recover-20220825,002,1795
1355.5305,1355.5358,38359,56448,Myotis daubentonii,0.014,0.038,-1,Echolocation,/mnt/ubna_data_01_mir/recover-20220825/UBNA_002/20220823_033000.WAV,Telephone Field,recover-20220825,002,1795
1355.5485,1355.555,23750,33328,Plecotus austriacus,0.011,0.028,-1,Echolocation,/mnt/ubna_data_01_mir/recover-20220825/UBNA_002/20220823_033000.WAV,Telephone Field,recover-20220825,002,1795
1355.5645,1355.5744,46953,52545,Pipistrellus pipistrellus,0.027,0.032,-1,Echolocation,/mnt/ubna_data_01_mir/recover-20220825/UBNA_002/20220823_033000.WAV,Telephone Field,recover-20220825,002,1795
1355.5815,1355.6231,68437,82889,Rhinolophus ferrumequinum,0.027,0.027,-1,Echolocation,/mnt/ubna_data_01_mir/recover-20220825/UBNA_002/20220823_033000.WAV,Telephone Field,recover-20220825,002,1795
1355.6435,1355.6838,68437,82261,Rhinolophus ferrumequinum,0.024,0.024,-1,Echolocation,/mnt/ubna_data_01_mir/recover-20220825/UBNA_002/20220823_033000.WAV,Telephone Field,recover-20220825,002,1795
1355.6515,1355.658,40937,54215,Myotis daubentonii,0.009,0.025,-1,Echolocation,/mnt/ubna_data_01_mir/recover-20220825/UBNA_002/20220823_033000.WAV,Telephone Field,recover-20220825,002,1795
1355.6515,1355.6577,32343,55237,Myotis daubentonii,0.01,0.025,-1,Echolocation,/mnt/ubna_data_01_mir/recover-20220825/UBNA_002/20220823_033000.WAV,Telephone Field,recover-20220825,002,1795
1355.6855,1355.6928,26328,37173,Eptesicus serotinus,0.006,0.024,-1,Echolocation,/mnt/ubna_data_01_mir/recover-20220825/UBNA_002/20220823_033000.WAV,Telephone Field,recover-20220825,002,1795
1355.7265,1355.7321,34921,58245,Myotis brandtii,0.012,0.028,-1,Echolocation,/mnt/ubna_data_01_mir/recover-20220825/UBNA_002/20220823_033000.WAV,Telephone Field,recover-20220825,002,1795
1355.7285,1355.7686,68437,82658,Rhinolophus ferrumequinum,0.027,0.027,-1,Echolocation,/mnt/ubna_data_01_mir/recover-20220825/UBNA_002/20220823_033000.WAV,Telephone Field,recover-20220825,002,1795
1355.7285,1355.7367,25468,38087,Eptesicus serotinus,0.01,0.03,-1,Echolocation,/mnt/ubna_data_01_mir/recover-20220825/UBNA_002/20220823_033000.WAV,Telephone Field,recover-20220825,002,1795
1355.7505,1355.7558,37500,53003,Myotis daubentonii,0.023,0.05,-1,Echolocation,/mnt/ubna_data_01_mir/recover-20220825/UBNA_002/20220823_033000.WAV,Telephone Field,recover-20220825,002,1795
1355.7715,1355.811,68437,81279,Rhinolophus ferrumequinum,0.027,0.027,-1,Echolocation,/mnt/ubna_data_01_mir/recover-20220825/UBNA_002/20220823_033000.WAV,Telephone Field,recover-20220825,002,1795
1355.7955,1355.8335,68437,81506,Rhinolophus ferrumequinum,0.025,0.025,-1,Echolocation,/mnt/ubna_data_01_mir/recover-20220825/UBNA_002/20220823_033000.WAV,Telephone Field,recover-20220825,002,1795
1355.8385,1355.8448,39218,62433,Myotis brandtii,0.017,0.034,-1,Echolocation,/mnt/ubna_data_01_mir/recover-20220825/UBNA_002/20220823_033000.WAV,Telephone Field,recover-20220825,002,1795
1355.8555,1355.8721,21171,24620,Nyctalus leisleri,0.015,0.027,-1,Echolocation,/mnt/ubna_data_01_mir/recover-20220825/UBNA_002/20220823_033000.WAV,Telephone Field,recover-20220825,002,1795
1355.8925,1355.9032,55546,62125,Pipistrellus pygmaeus,0.023,0.025,-1,Echolocation,/mnt/ubna_data_01_mir/recover-20220825/UBNA_002/20220823_033000.WAV,Telephone Field,recover-20220825,002,1795
1355.9155,1355.9235,37500,44204,Barbastellus barbastellus,0.022,0.064,-1,Echolocation,/mnt/ubna_data_01_mir/recover-20220825/UBNA_002/20220823_033000.WAV,Telephone Field,recover-20220825,002,1795
1355.9455,1355.987,68437,82782,Rhinolophus ferrumequinum,0.025,0.025,-1,Echolocation,/mnt/ubna_data_01_mir/recover-20220825/UBNA_002/20220823_033000.WAV,Telephone Field,recover-20220825,002,1795
1355.9575,1355.9983,68437,82393,Rhinolophus ferrumequinum,0.025,0.025,-1,Echolocation,/mnt/ubna_data_01_mir/recover-20220825/UBNA_002/20220823_033000.WAV,Telephone Field,recover-20220825,002,1795
1355.9845,1355.9924,46093,56111,Pipistrellus pipistrellus,0.014,0.028,-1,Echolocation,/mnt/ubna_data_01_mir/recover-20220825/UBNA_002/20220823_033000.WAV,Telephone Field,recover-20220825,002,1795
1355.9865,1355.9966,28046,41986,Eptesicus serotinus,0.011,0.027,-1,Echolocation,/mnt/ubna_data_01_mir/recover-20220825/UBNA_002/20220823_033000.WAV,Telephone Field,recover-20220825,002,1795
1356.0015,1356.0083,46953,52699,Pipistrellus pipistrellus,0.017,0.022,-1,Echolocation,/mnt/ubna_data_01_mir/recover-20220825/UBNA_002/20220823_033000.WAV,Telephone Field,recover-20220825,002,1795
1356.0015,1356.0331,68437,80392,Rhinolophus ferrumequinum,0.06,0.06,-1,Echolocation,/mnt/ubna_data_01_mir/recover-20220825/UBNA_002/20220823_033000.WAV,Telephone Field,recover-20220825,002,1795
1356.0015,1356.0126,21171,26345,Nyctalus leisleri,0.013,0.029,-1,Echolocation,/mnt/ubna_data_01_mir/recover-20220825/UBNA_002/20220823_033000.WAV,Telephone Field,recover-20220825,002,1795
1356.0095,1356.0503,68437,82523,Rhinolophus ferrumequinum,0.026,0.026,-1,Echolocation,/mnt/ubna_data_01_mir/recover-20220825/UBNA_002/20220823_033000.WAV,Telephone Field,recover-20220825,002,1795
1356.0175,1356.0267,25468,33908,Eptesicus serotinus,0.009,0.023,-1,Echolocation,/mnt/ubna_data_01_mir/recover-20220825/UBNA_002/20220823_033000.WAV,Telephone Field,recover-20220825,002,1795
1356.0275,1356.0371,30625,41132,Eptesicus serotinus,0.006,0.022,-1,Echolocation,/mnt/ubna_data_01_mir/recover-20220825/UBNA_002/20220823_033000.WAV,Telephone Field,recover-20220825,002,1795
1356.0375,1356.0477,22031,27613,Nyctalus leisleri,0.01,0.026,-1,Echolocation,/mnt/ubna_data_01_mir/recover-20220825/UBNA_002/20220823_033000.WAV,Telephone Field,recover-20220825,002,1795
1356.0635,1356.1003,68437,82035,Rhinolophus ferrumequinum,0.022,0.022,-1,Echolocation,/mnt/ubna_data_01_mir/recover-20220825/UBNA_002/20220823_033000.WAV,Telephone Field,recover-20220825,002,1795
1356.1055,1356.1123,28046,39411,Eptesicus serotinus,0.007,0.024,-1,Echolocation,/mnt/ubna_data_01_mir/recover-20220825/UBNA_002/20220823_033000.WAV,Telephone Field,recover-20220825,002,1795
1356.1255,1356.1382,58984,63967,Pipistrellus pygmaeus,0.054,0.055,-1,Echolocation,/mnt/ubna_data_01_mir/recover-20220825/UBNA_002/20220823_033000.WAV,Telephone Field,recover-20220825,002,1795
1356.1375,1356.1763,68437,81318,Rhinolophus ferrumequinum,0.023,0.023,-1,Echolocation,/mnt/ubna_data_01_mir/recover-20220825/UBNA_002/20220823_033000.WAV,Telephone Field,recover-20220825,002,1795
1356.1395,1356.1486,28046,36823,Eptesicus serotinus,0.011,0.025,-1,Echolocation,/mnt/ubna_data_01_mir/recover-20220825/UBNA_002/20220823_033000.WAV,Telephone Field,recover-20220825,002,1795
1356.1665,1356.1751,27187,37672,Eptesicus serotinus,0.009,0.022,-1,Echolocation,/mnt/ubna_data_01_mir/recover-20220825/UBNA_002/20220823_033000.WAV,Telephone Field,recover-20220825,002,1795
1356.1695,1356.2097,68437,82783,Rhinolophus ferrumequinum,0.022,0.022,-1,Echolocation,/mnt/ubna_data_01_mir/recover-20220825/UBNA_002/20220823_033000.WAV,Telephone Field,recover-20220825,002,1795
1356.1975,1356.2044,41796,53968,Myotis daubentonii,0.006,0.024,-1,Echolocation,/mnt/ubna_data_01_mir/recover-20220825/UBNA_002/20220823_033000.WAV,Telephone Field,recover-20220825,002,1795
1356.1995,1356.2402,68437,83030,Rhinolophus ferrumequinum,0.035,0.035,-1,Echolocation,/mnt/ubna_data_01_mir/recover-20220825/UBNA_002/20220823_033000.WAV,Telephone Field,recover-20220825,002,1795
1356.2495,1356.2845,68437,82004,Rhinolophus ferrumequinum,0.024,0.024,-1,Echolocation,/mnt/ubna_data_01_mir/recover-20220825/UBNA_002/20220823_033000.WAV,Telephone Field,recover-20220825,002,1795
1356.2695,1356.3093,68437,82362,Rhinolophus ferrumequinum,0.024,0.024,-1,Echolocation,/mnt/ubna_data_01_mir/recover-20220825/UBNA_002/20220823_033000.WAV,Telephone Field,recover-20220825,002,1795
1356.3005,1356.3101,28046,41839,Eptesicus serotinus,0.01,0.022,-1,Echolocation,/mnt/ubna_data_01_mir/recover-20220825/UBNA_002/20220823_033000.WAV,Telephone Field,recover-20220825,002,1795
1356.3335,1356.3438,23750,31241,Nyctalus leisleri,0.01,0.029,-1,Echolocation,/mnt/ubna_data_01_mir/recover-20220825/UBNA_002/20220823_033000.WAV,Telephone Field,recover-20220825,002,1795
1356.3335,1356.3425,43515,54744,Pipistrellus pipistrellus,0.01,0.025,-1,Echolocation,/mnt/ubna_data_01_mir/recover-20220825/UBNA_002/20220823_033000.WAV,Telephone Field,recover-20220825,002,1795
1356.3335,1356.37,68437,82083,Rhinolophus ferrumequinum,0.026,0.026,-1,Echolocation,/mnt/ubna_data_01_mir/recover-20220825/UBNA_002/20220823_033000.WAV,Telephone Field,recover-20220825,002,1795
1356.3365,1356.3431,58125,64196,Pipistrellus pygmaeus,0.035,0.035,-1,Echolocation,/mnt/ubna_data_01_mir/recover-20220825/UBNA_002/20220823_033000.WAV,Telephone Field,recover-20220825,002,1795
1356.3765,1356.4132,68437,81881,Rhinolophus ferrumequinum,0.023,0.023,-1,Echolocation,/mnt/ubna_data_01_mir/recover-20220825/UBNA_002/20220823_033000.WAV,Telephone Field,recover-20220825,002,1795
1356.4105,1356.4234,22890,27697,Nyctalus leisleri,0.014,0.025,-1,Echolocation,/mnt/ubna_data_01_mir/recover-20220825/UBNA_002/20220823_033000.WAV,Telephone Field,recover-20220825,002,1795
1356.4185,1356.4296,23750,28844,Nyctalus leisleri,0.012,0.024,-1,Echolocation,/mnt/ubna_data_01_mir/recover-20220825/UBNA_002/20220823_033000.WAV,Telephone Field,recover-20220825,002,1795
1356.4355,1356.4723,68437,82192,Rhinolophus ferrumequinum,0.025,0.025,-1,Echolocation,/mnt/ubna_data_01_mir/recover-20220825/UBNA_002/20220823_033000.WAV,Telephone Field,recover-20220825,002,1795
1356.4445,1356.4534,28046,36729,Eptesicus serotinus,0.013,0.025,-1,Echolocation,/mnt/ubna_data_01_mir/recover-20220825/UBNA_002/20220823_033000.WAV,Telephone Field,recover-20220825,002,1795
1356.4475,1356.4594,43515,46900,Pipistrellus pipistrellus,0.03,0.038,-1,Echolocation,/mnt/ubna_data_01_mir/recover-20220825/UBNA_002/20220823_033000.WAV,Telephone Field,recover-20220825,002,1795
1356.4765,1356.4875,28046,36026,Eptesicus serotinus,0.014,0.027,-1,Echolocation,/mnt/ubna_data_01_mir/recover-20220825/UBNA_002/20220823_033000.WAV,Telephone Field,recover-20220825,002,1795
1356.4845,1356.4945,23750,30475,Nyctalus leisleri,0.009,0.025,-1,Echolocation,/mnt/ubna_data_01_mir/recover-20220825/UBNA_002/20220823_033000.WAV,Telephone Field,recover-20220825,002,1795
1356.4965,1356.5063,24609,31585,Eptesicus serotinus,0.008,0.022,-1,Echolocation,/mnt/ubna_data_01_mir/recover-20220825/UBNA_002/20220823_033000.WAV,Telephone Field,recover-20220825,002,1795
1356.5145,1356.5495,68437,81261,Rhinolophus ferrumequinum,0.022,0.022,-1,Echolocation,/mnt/ubna_data_01_mir/recover-20220825/UBNA_002/20220823_033000.WAV,Telephone Field,recover-20220825,002,1795
1356.5315,1356.5392,28046,40683,Eptesicus serotinus,0.007,0.022,-1,Echolocation,/mnt/ubna_data_01_mir/recover-20220825/UBNA_002/20220823_033000.WAV,Telephone Field,recover-20220825,002,1795
1356.5635,1356.572,27187,39852,Eptesicus serotinus,0.01,0.026,-1,Echolocation,/mnt/ubna_data_01_mir/recover-20220825/UBNA_002/20220823_033000.WAV,Telephone Field,recover-20220825,002,1795
1356.5825,1356.5944,28046,35612,Eptesicus serotinus,0.015,0.03,-1,Echolocation,/mnt/ubna_data_01_mir/recover-20220825/UBNA_002/20220823_033000.WAV,Telephone Field,recover-20220825,002,1795
1356.6415,1356.6809,68437,82680,Rhinolophus ferrumequinum,0.026,0.026,-1,Echolocation,/mnt/ubna_data_01_mir/recover-20220825/UBNA_002/20220823_033000.WAV,Telephone Field,recover-20220825,002,1795
1356.6625,1356.6704,26328,41048,Eptesicus serotinus,0.009,0.026,-1,Echolocation,/mnt/ubna_data_01_mir/recover-20220825/UBNA_002/20220823_033000.WAV,Telephone Field,recover-20220825,002,1795
1356.6635,1356.6703,37500,46774,Barbastellus barbastellus,0.015,0.039,-1,Echolocation,/mnt/ubna_data_01_mir/recover-20220825/UBNA_002/20220823_033000.WAV,Telephone Field,recover-20220825,002,1795
1356.6735,1356.7098,68437,81297,Rhinolophus ferrumequinum,0.023,0.023,-1,Echolocation,/mnt/ubna_data_01_mir/recover-20220825/UBNA_002/20220823_033000.WAV,Telephone Field,recover-20220825,002,1795
1356.7255,1356.7357,28046,34508,Eptesicus serotinus,0.01,0.022,-1,Echolocation,/mnt/ubna_data_01_mir/recover-20220825/UBNA_002/20220823_033000.WAV,Telephone Field,recover-20220825,002,1795
1356.7415,1356.7841,68437,83352,Rhinolophus ferrumequinum,0.028,0.028,-1,Echolocation,/mnt/ubna_data_01_mir/recover-20220825/UBNA_002/20220823_033000.WAV,Telephone Field,recover-20220825,002,1795
1356.7425,1356.7539,28046,35184,Eptesicus serotinus,0.016,0.03,-1,Echolocation,/mnt/ubna_data_01_mir/recover-20220825/UBNA_002/20220823_033000.WAV,Telephone Field,recover-20220825,002,1795
1356.7485,1356.7888,68437,82723,Rhinolophus ferrumequinum,0.025,0.025,-1,Echolocation,/mnt/ubna_data_01_mir/recover-20220825/UBNA_002/20220823_033000.WAV,Telephone Field,recover-20220825,002,1795
1356.7945,1356.8014,33203,43361,Myotis daubentonii,0.013,0.026,-1,Echolocation,/mnt/ubna_data_01_mir/recover-20220825/UBNA_002/20220823_033000.WAV,Telephone Field,recover-20220825,002,1795
1356.7945,1356.8016,26328,42918,Eptesicus serotinus,0.011,0.032,-1,Echolocation,/mnt/ubna_data_01_mir/recover-20220825/UBNA_002/20220823_033000.WAV,Telephone Field,recover-20220825,002,1795
1356.7985,1356.8412,68437,83239,Rhinolophus ferrumequinum,0.036,0.036,-1,Echolocation,/mnt/ubna_data_01_mir/recover-20220825/UBNA_002/20220823_033000.WAV,Telephone Field,recover-20220825,002,1795
1356.8035,1356.8207,21171,24500,Nyctalus leisleri,0.015,0.029,-1,Echolocation,/mnt/ubna_data_01_mir/recover-20220825/UBNA_002/20220823_033000.WAV,Telephone Field,recover-20220825,002,1795
1356.9095,1356.9533,68437,82965,Rhinolophus ferrumequinum,0.032,0.032,-1,Echolocation,/mnt/ubna_data_01_mir/recover-20220825/UBNA_002/20220823_033000.WAV,Telephone Field,recover-20220825,002,1795
1356.9855,1356.9927,58984,66942,Pipistrellus pygmaeus,0.043,0.044,-1,Echolocation,/mnt/ubna_data_01_mir/recover-20220825/UBNA_002/20220823_033000.WAV,Telephone Field,recover-20220825,002,1795
1356.9875,1357.0246,68437,81384,Rhinolophus ferrumequinum,0.024,0.024,-1,Echolocation,/mnt/ubna_data_01_mir/recover-20220825/UBNA_002/20220823_033000.WAV,Telephone Field,recover-20220825,002,1795
1356.9965,1357.0323,68437,81158,Rhinolophus ferrumequinum,0.025,0.025,-1,Echolocation,/mnt/ubna_data_01_mir/recover-20220825/UBNA_002/20220823_033000.WAV,Telephone Field,recover-20220825,002,1795
1356.9985,1357.0085,28046,36893,Eptesicus serotinus,0.011,0.024,-1,Echolocation,/mnt/ubna_data_01_mir/recover-20220825/UBNA_002/20220823_033000.WAV,Telephone Field,recover-20220825,002,1795
1357.0075,1357.022,15156,20726,Nyctalus noctula,0.021,0.03,-1,Echolocation,/mnt/ubna_data_01_mir/recover-20220825/UBNA_002/20220823_033000.WAV,Telephone Field,recover-20220825,002,1795
1357.0075,1357.0181,27187,33709,Eptesicus serotinus,0.01,0.022,-1,Echolocation,/mnt/ubna_data_01_mir/recover-20220825/UBNA_002/20220823_033000.WAV,Telephone Field,recover-20220825,002,1795
1357.0475,1357.0581,22031,27264,Nyctalus leisleri,0.011,0.022,-1,Echolocation,/mnt/ubna_data_01_mir/recover-20220825/UBNA_002/20220823_033000.WAV,Telephone Field,recover-20220825,002,1795
1357.0515,1357.0596,27187,38873,Eptesicus serotinus,0.008,0.023,-1,Echolocation,/mnt/ubna_data_01_mir/recover-20220825/UBNA_002/20220823_033000.WAV,Telephone Field,recover-20220825,002,1795
1357.0785,1357.1162,68437,81234,Rhinolophus ferrumequinum,0.027,0.028,-1,Echolocation,/mnt/ubna_data_01_mir/recover-20220825/UBNA_002/20220823_033000.WAV,Telephone Field,recover-20220825,002,1795
1357.1395,1357.1461,34062,43656,Myotis daubentonii,0.011,0.023,-1,Echolocation,/mnt/ubna_data_01_mir/recover-20220825/UBNA_002/20220823_033000.WAV,Telephone Field,recover-20220825,002,1795
1357.1405,1357.1487,26328,36483,Eptesicus serotinus,0.008,0.022,-1,Echolocation,/mnt/ubna_data_01_mir/recover-20220825/UBNA_002/20220823_033000.WAV,Telephone Field,recover-20220825,002,1795
1357.1665,1357.2068,68437,83129,Rhinolophus ferrumequinum,0.023,0.023,-1,Echolocation,/mnt/ubna_data_01_mir/recover-20220825/UBNA_002/20220823_033000.WAV,Telephone Field,recover-20220825,002,1795
1357.2205,1357.2334,22890,27163,Nyctalus leisleri,0.013,0.025,-1,Echolocation,/mnt/ubna_data_01_mir/recover-20220825/UBNA_002/20220823_033000.WAV,Telephone Field,recover-20220825,002,1795
1357.2685,1357.3058,68437,82048,Rhinolophus ferrumequinum,0.022,0.022,-1,Echolocation,/mnt/ubna_data_01_mir/recover-20220825/UBNA_002/20220823_033000.WAV,Telephone Field,recover-20220825,002,1795
1357.2775,1357.2888,22031,27133,Nyctalus leisleri,0.01,0.022,-1,Echolocation,/mnt/ubna_data_01_mir/recover-20220825/UBNA_002/20220823_033000.WAV,Telephone Field,recover-20220825,002,1795
1357.2925,1357.3007,28046,39995,Eptesicus serotinus,0.009,0.026,-1,Echolocation,/mnt/ubna_data_01_mir/recover-20220825/UBNA_002/20220823_033000.WAV,Telephone Field,recover-20220825,002,1795
1357.3065,1357.344,68437,82209,Rhinolophus ferrumequinum,0.022,0.022,-1,Echolocation,/mnt/ubna_data_01_mir/recover-20220825/UBNA_002/20220823_033000.WAV,Telephone Field,recover-20220825,002,1795
1357.3275,1357.3375,26328,34075,Eptesicus serotinus,0.03,0.054,-1,Echolocation,/mnt/ubna_data_01_mir/recover-20220825/UBNA_002/20220823_033000.WAV,Telephone Field,recover-20220825,002,1795
1357.3505,1357.3591,46953,51310,Pipistrellus pipistrellus,0.022,0.024,-1,Echolocation,/mnt/ubna_data_01_mir/recover-20220825/UBNA_002/20220823_033000.WAV,Telephone Field,recover-20220825,002,1795
1357.3695,1357.4077,68437,82138,Rhinolophus ferrumequinum,0.023,0.023,-1,Echolocation,/mnt/ubna_data_01_mir/recover-20220825/UBNA_002/20220823_033000.WAV,Telephone Field,recover-20220825,002,1795
1357.3985,1357.4397,68437,82408,Rhinolophus ferrumequinum,0.024,0.024,-1,Echolocation,/mnt/ubna_data_01_mir/recover-20220825/UBNA_002/20220823_033000.WAV,Telephone Field,recover-20220825,002,1795
1357.4055,1357.4455,68437,82634,Rhinolophus ferrumequinum,0.022,0.022,-1,Echolocation,/mnt/ubna_data_01_mir/recover-20220825/UBNA_002/20220823_033000.WAV,Telephone Field,recover-20220825,002,1795
1357.4335,1357.4726,68437,82906,Rhinolophus ferrumequinum,0.026,0.026,-1,Echolocation,/mnt/ubna_data_01_mir/recover-20220825/UBNA_002/20220823_033000.WAV,Telephone Field,recover-20220825,002,1795
1357.4675,1357.5066,68437,82133,Rhinolophus ferrumequinum,0.025,0.025,-1,Echolocation,/mnt/ubna_data_01_mir/recover-20220825/UBNA_002/20220823_033000.WAV,Telephone Field,recover-20220825,002,1795
1357.4785,1357.4883,28046,38259,Eptesicus serotinus,0.01,0.025,-1,Echolocation,/mnt/ubna_data_01_mir/recover-20220825/UBNA_002/20220823_033000.WAV,Telephone Field,recover-20220825,002,1795
1357.4865,1357.4962,23750,30467,Nyctalus leisleri,0.008,0.024,-1,Echolocation,/mnt/ubna_data_01_mir/recover-20220825/UBNA_002/20220823_033000.WAV,Telephone Field,recover-20220825,002,1795
1357.4895,1357.5255,68437,81790,Rhinolophus ferrumequinum,0.023,0.023,-1,Echolocation,/mnt/ubna_data_01_mir/recover-20220825/UBNA_002/20220823_033000.WAV,Telephone Field,recover-20220825,002,1795
1357.5215,1357.5293,28906,39630,Myotis daubentonii,0.008,0.024,-1,Echolocation,/mnt/ubna_data_01_mir/recover-20220825/UBNA_002/20220823_033000.WAV,Telephone Field,recover-20220825,002,1795
1357.5365,1357.5468,23750,30412,Nyctalus leisleri,0.008,0.024,-1,Echolocation,/mnt/ubna_data_01_mir/recover-20220825/UBNA_002/20220823_033000.WAV,Telephone Field,recover-20220825,002,1795
1357.5435,1357.549,49531,55604,Pipistrellus pipistrellus,0.033,0.036,-1,Echolocation,/mnt/ubna_data_01_mir/recover-20220825/UBNA_002/20220823_033000.WAV,Telephone Field,recover-20220825,002,1795
1357.5775,1357.6195,68437,82925,Rhinolophus ferrumequinum,0.022,0.022,-1,Echolocation,/mnt/ubna_data_01_mir/recover-20220825/UBNA_002/20220823_033000.WAV,Telephone Field,recover-20220825,002,1795
1357.5795,1357.5896,28046,35123,Eptesicus serotinus,0.024,0.042,-1,Echolocation,/mnt/ubna_data_01_mir/recover-20220825/UBNA_002/20220823_033000.WAV,Telephone Field,recover-20220825,002,1795
1357.6115,1357.6197,27187,38653,Eptesicus serotinus,0.009,0.026,-1,Echolocation,/mnt/ubna_data_01_mir/recover-20220825/UBNA_002/20220823_033000.WAV,Telephone Field,recover-20220825,002,1795
1357.6555,1357.6628,42656,49921,Pipistrellus nathusii,0.343,0.454,-1,Echolocation,/mnt/ubna_data_01_mir/recover-20220825/UBNA_002/20220823_033000.WAV,Telephone Field,recover-20220825,002,1795
1357.6605,1357.6967,68437,81779,Rhinolophus ferrumequinum,0.023,0.023,-1,Echolocation,/mnt/ubna_data_01_mir/recover-20220825/UBNA_002/20220823_033000.WAV,Telephone Field,recover-20220825,002,1795
1357.6825,1357.6968,22890,27416,Nyctalus leisleri,0.01,0.023,-1,Echolocation,/mnt/ubna_data_01_mir/recover-20220825/UBNA_002/20220823_033000.WAV,Telephone Field,recover-20220825,002,1795
1357.7285,1357.7706,68437,82729,Rhinolophus ferrumequinum,0.032,0.032,-1,Echolocation,/mnt/ubna_data_01_mir/recover-20220825/UBNA_002/20220823_033000.WAV,Telephone Field,recover-20220825,002,1795
1357.7685,1357.7762,43515,54663,Pipistrellus nathusii,0.198,0.495,-1,Echolocation,/mnt/ubna_data_01_mir/recover-20220825/UBNA_002/20220823_033000.WAV,Telephone Field,recover-20220825,002,1795
1357.7705,1357.7776,28906,46460,Myotis daubentonii,0.01,0.025,-1,Echolocation,/mnt/ubna_data_01_mir/recover-20220825/UBNA_002/20220823_033000.WAV,Telephone Field,recover-20220825,002,1795
1357.8545,1357.8619,49531,53646,Pipistrellus pipistrellus,0.02,0.026,-1,Echolocation,/mnt/ubna_data_01_mir/recover-20220825/UBNA_002/20220823_033000.WAV,Telephone Field,recover-20220825,002,1795
1357.8565,1357.8625,39218,47248,Barbastellus barbastellus,0.068,0.102,-1,Echolocation,/mnt/ubna_data_01_mir/recover-20220825/UBNA_002/20220823_033000.WAV,Telephone Field,recover-20220825,002,1795
1357.8745,1357.8833,54687,60297,Pipistrellus pygmaeus,0.025,0.025,-1,Echolocation,/mnt/ubna_data_01_mir/recover-20220825/UBNA_002/20220823_033000.WAV,Telephone Field,recover-20220825,002,1795
1357.8975,1357.9313,68437,80310,Rhinolophus ferrumequinum,0.023,0.023,-1,Echolocation,/mnt/ubna_data_01_mir/recover-20220825/UBNA_002/20220823_033000.WAV,Telephone Field,recover-20220825,002,1795
1357.8985,1357.9127,28906,36194,Eptesicus serotinus,0.048,0.064,-1,Echolocation,/mnt/ubna_data_01_mir/recover-20220825/UBNA_002/20220823_033000.WAV,Telephone Field,recover-20220825,002,1795
1357.9495,1357.956,41796,47997,Pipistrellus nathusii,0.416,0.491,-1,Echolocation,/mnt/ubna_data_01_mir/recover-20220825/UBNA_002/20220823_033000.WAV,Telephone Field,recover-20220825,002,1795
1357.9525,1357.9927,68437,81978,Rhinolophus ferrumequinum,0.024,0.024,-1,Echolocation,/mnt/ubna_data_01_mir/recover-20220825/UBNA_002/20220823_033000.WAV,Telephone Field,recover-20220825,002,1795
1357.9615,1357.971,28046,34596,Eptesicus serotinus,0.011,0.026,-1,Echolocation,/mnt/ubna_data_01_mir/recover-20220825/UBNA_002/20220823_033000.WAV,Telephone Field,recover-20220825,002,1795
1358.0015,1358.0097,26328,38009,Nyctalus leisleri,0.008,0.028,-1,Echolocation,/mnt/ubna_data_01_mir/recover-20220825/UBNA_002/20220823_033000.WAV,Telephone Field,recover-20220825,002,1795
1358.0015,1358.0346,68437,79214,Rhinolophus ferrumequinum,0.055,0.055,-1,Echolocation,/mnt/ubna_data_01_mir/recover-20220825/UBNA_002/20220823_033000.WAV,Telephone Field,recover-20220825,002,1795
1358.0235,1358.0324,25468,34137,Eptesicus serotinus,0.007,0.023,-1,Echolocation,/mnt/ubna_data_01_mir/recover-20220825/UBNA_002/20220823_033000.WAV,Telephone Field,recover-20220825,002,1795
1358.0405,1358.0796,68437,82443,Rhinolophus ferrumequinum,0.022,0.022,-1,Echolocation,/mnt/ubna_data_01_mir/recover-20220825/UBNA_002/20220823_033000.WAV,Telephone Field,recover-20220825,002,1795
1358.0495,1358.0582,28046,37131,Eptesicus serotinus,0.007,0.021,-1,Echolocation,/mnt/ubna_data_01_mir/recover-20220825/UBNA_002/20220823_033000.WAV,Telephone Field,recover-20220825,002,1795
1358.0585,1358.0979,68437,82255,Rhinolophus ferrumequinum,0.023,0.023,-1,Echolocation,/mnt/ubna_data_01_mir/recover-20220825/UBNA_002/20220823_033000.WAV,Telephone Field,recover-20220825,002,1795
1358.1215,1358.1318,54687,58570,Pipistrellus pygmaeus,0.021,0.023,-1,Echolocation,/mnt/ubna_data_01_mir/recover-20220825/UBNA_002/20220823_033000.WAV,Telephone Field,recover-20220825,002,1795
1358.1405,1358.1784,68437,82215,Rhinolophus ferrumequinum,0.021,0.021,-1,Echolocation,/mnt/ubna_data_01_mir/recover-20220825/UBNA_002/20220823_033000.WAV,Telephone Field,recover-20220825,002,1795
1358.1765,1358.2126,68437,81158,Rhinolophus ferrumequinum,0.02,0.02,-1,Echolocation,/mnt/ubna_data_01_mir/recover-20220825/UBNA_002/20220823_033000.WAV,Telephone Field,recover-20220825,002,1795
1358.2285,1358.2678,68437,82744,Rhinolophus ferrumequinum,0.023,0.023,-1,Echolocation,/mnt/ubna_data_01_mir/recover-20220825/UBNA_002/20220823_033000.WAV,Telephone Field,recover-20220825,002,1795
1358.2315,1358.2404,27187,35944,Eptesicus serotinus,0.007,0.02,-1,Echolocation,/mnt/ubna_data_01_mir/recover-20220825/UBNA_002/20220823_033000.WAV,Telephone Field,recover-20220825,002,1795
1358.2375,1358.2746,68437,82222,Rhinolophus ferrumequinum,0.022,0.022,-1,Echolocation,/mnt/ubna_data_01_mir/recover-20220825/UBNA_002/20220823_033000.WAV,Telephone Field,recover-20220825,002,1795
1358.3005,1358.3377,68437,81728,Rhinolophus ferrumequinum,0.023,0.023,-1,Echolocation,/mnt/ubna_data_01_mir/recover-20220825/UBNA_002/20220823_033000.WAV,Telephone Field,recover-20220825,002,1795
1358.3275,1358.3387,15156,21102,Nyctalus noctula,0.011,0.022,-1,Echolocation,/mnt/ubna_data_01_mir/recover-20220825/UBNA_002/20220823_033000.WAV,Telephone Field,recover-20220825,002,1795
1358.3305,1358.3683,68437,81179,Rhinolophus ferrumequinum,0.021,0.021,-1,Echolocation,/mnt/ubna_data_01_mir/recover-20220825/UBNA_002/20220823_033000.WAV,Telephone Field,recover-20220825,002,1795
1358.3475,1358.3585,23750,29054,Nyctalus leisleri,0.011,0.023,-1,Echolocation,/mnt/ubna_data_01_mir/recover-20220825/UBNA_002/20220823_033000.WAV,Telephone Field,recover-20220825,002,1795
1358.3815,1358.4232,68437,82825,Rhinolophus ferrumequinum,0.024,0.024,-1,Echolocation,/mnt/ubna_data_01_mir/recover-20220825/UBNA_002/20220823_033000.WAV,Telephone Field,recover-20220825,002,1795
1358.3835,1358.3927,22890,28832,Nyctalus leisleri,0.007,0.02,-1,Echolocation,/mnt/ubna_data_01_mir/recover-20220825/UBNA_002/20220823_033000.WAV,Telephone Field,recover-20220825,002,1795
1358.3895,1358.4294,68437,82530,Rhinolophus ferrumequinum,0.027,0.027,-1,Echolocation,/mnt/ubna_data_01_mir/recover-20220825/UBNA_002/20220823_033000.WAV,Telephone Field,recover-20220825,002,1795
1358.4395,1358.4505,22890,27437,Nyctalus leisleri,0.012,0.022,-1,Echolocation,/mnt/ubna_data_01_mir/recover-20220825/UBNA_002/20220823_033000.WAV,Telephone Field,recover-20220825,002,1795
1358.4505,1358.4934,68437,82924,Rhinolophus ferrumequinum,0.028,0.028,-1,Echolocation,/mnt/ubna_data_01_mir/recover-20220825/UBNA_002/20220823_033000.WAV,Telephone Field,recover-20220825,002,1795
1358.5225,1358.5318,25468,32541,Eptesicus serotinus,0.007,0.021,-1,Echolocation,/mnt/ubna_data_01_mir/recover-20220825/UBNA_002/20220823_033000.WAV,Telephone Field,recover-20220825,002,1795
1358.5385,1358.5781,68437,82102,Rhinolophus ferrumequinum,0.024,0.024,-1,Echolocation,/mnt/ubna_data_01_mir/recover-20220825/UBNA_002/20220823_033000.WAV,Telephone Field,recover-20220825,002,1795
1358.5545,1358.5652,49531,53785,Pipistrellus pipistrellus,0.03,0.034,-1,Echolocation,/mnt/ubna_data_01_mir/recover-20220825/UBNA_002/20220823_033000.WAV,Telephone Field,recover-20220825,002,1795
1358.5995,1358.6389,68437,82516,Rhinolophus ferrumequinum,0.022,0.022,-1,Echolocation,/mnt/ubna_data_01_mir/recover-20220825/UBNA_002/20220823_033000.WAV,Telephone Field,recover-20220825,002,1795
1358.6005,1358.6171,20312,23661,Nyctalus leisleri,0.017,0.03,-1,Echolocation,/mnt/ubna_data_01_mir/recover-20220825/UBNA_002/20220823_033000.WAV,Telephone Field,recover-20220825,002,1795
1358.6205,1358.6283,28046,37837,Eptesicus serotinus,0.008,0.022,-1,Echolocation,/mnt/ubna_data_01_mir/recover-20220825/UBNA_002/20220823_033000.WAV,Telephone Field,recover-20220825,002,1795
1358.6225,1358.6613,68437,82173,Rhinolophus ferrumequinum,0.02,0.02,-1,Echolocation,/mnt/ubna_data_01_mir/recover-20220825/UBNA_002/20220823_033000.WAV,Telephone Field,recover-20220825,002,1795
1358.6415,1358.6482,28046,42324,Eptesicus serotinus,0.006,0.023,-1,Echolocation,/mnt/ubna_data_01_mir/recover-20220825/UBNA_002/20220823_033000.WAV,Telephone Field,recover-20220825,002,1795
1358.6475,1358.682,68437,81532,Rhinolophus ferrumequinum,0.021,0.021,-1,Echolocation,/mnt/ubna_data_01_mir/recover-20220825/UBNA_002/20220823_033000.WAV,Telephone Field,recover-20220825,002,1795
1358.6745,1358.6839,28046,36292,Eptesicus serotinus,0.01,0.025,-1,Echolocation,/mnt/ubna_data_01_mir/recover-20220825/UBNA_002/20220823_033000.WAV,Telephone Field,recover-20220825,002,1795
1358.6945,1358.7328,68437,82059,Rhinolophus ferrumequinum,0.022,0.022,-1,Echolocation,/mnt/ubna_data_01_mir/recover-20220825/UBNA_002/20220823_033000.WAV,Telephone Field,recover-20220825,002,1795
1358.6965,1358.7068,24609,30643,Nyctalus leisleri,0.01,0.025,-1,Echolocation,/mnt/ubna_data_01_mir/recover-20220825/UBNA_002/20220823_033000.WAV,Telephone Field,recover-20220825,002,1795
1358.7095,1358.7476,68437,81890,Rhinolophus ferrumequinum,0.021,0.021,-1,Echolocation,/mnt/ubna_data_01_mir/recover-20220825/UBNA_002/20220823_033000.WAV,Telephone Field,recover-20220825,002,1795
1358.7115,1358.7192,27187,37575,Eptesicus serotinus,0.006,0.021,-1,Echolocation,/mnt/ubna_data_01_mir/recover-20220825/UBNA_002/20220823_033000.WAV,Telephone Field,recover-20220825,002,1795
1358.7325,1358.7725,68437,82708,Rhinolophus ferrumequinum,0.024,0.024,-1,Echolocation,/mnt/ubna_data_01_mir/recover-20220825/UBNA_002/20220823_033000.WAV,Telephone Field,recover-20220825,002,1795
1358.7325,1358.7403,28046,39325,Eptesicus serotinus,0.008,0.024,-1,Echolocation,/mnt/ubna_data_01_mir/recover-20220825/UBNA_002/20220823_033000.WAV,Telephone Field,recover-20220825,002,1795
1358.7785,1358.8154,68437,81725,Rhinolophus ferrumequinum,0.023,0.023,-1,Echolocation,/mnt/ubna_data_01_mir/recover-20220825/UBNA_002/20220823_033000.WAV,Telephone Field,recover-20220825,002,1795
1358.7875,1358.8246,68437,81939,Rhinolophus ferrumequinum,0.02,0.02,-1,Echolocation,/mnt/ubna_data_01_mir/recover-20220825/UBNA_002/20220823_033000.WAV,Telephone Field,recover-20220825,002,1795
1358.7965,1358.8072,39218,44825,Pipistrellus nathusii,0.022,0.035,-1,Echolocation,/mnt/ubna_data_01_mir/recover-20220825/UBNA_002/20220823_033000.WAV,Telephone Field,recover-20220825,002,1795
1358.8155,1358.8563,68437,82300,Rhinolophus ferrumequinum,0.026,0.026,-1,Echolocation,/mnt/ubna_data_01_mir/recover-20220825/UBNA_002/20220823_033000.WAV,Telephone Field,recover-20220825,002,1795
1358.8305,1358.8407,22890,28430,Nyctalus leisleri,0.009,0.022,-1,Echolocation,/mnt/ubna_data_01_mir/recover-20220825/UBNA_002/20220823_033000.WAV,Telephone Field,recover-20220825,002,1795
1358.8625,1358.9016,68437,82267,Rhinolophus ferrumequinum,0.024,0.024,-1,Echolocation,/mnt/ubna_data_01_mir/recover-20220825/UBNA_002/20220823_033000.WAV,Telephone Field,recover-20220825,002,1795
1358.8875,1358.9232,68437,81659,Rhinolophus ferrumequinum,0.022,0.022,-1,Echolocation,/mnt/ubna_data_01_mir/recover-20220825/UBNA_002/20220823_033000.WAV,Telephone Field,recover-20220825,002,1795
1358.8945,1358.9326,68437,82540,Rhinolophus ferrumequinum,0.023,0.023,-1,Echolocation,/mnt/ubna_data_01_mir/recover-20220825/UBNA_002/20220823_033000.WAV,Telephone Field,recover-20220825,002,1795
1358.9125,1358.9217,24609,31588,Nyctalus leisleri,0.007,0.021,-1,Echolocation,/mnt/ubna_data_01_mir/recover-20220825/UBNA_002/20220823_033000.WAV,Telephone Field,recover-20220825,002,1795
1358.9205,1358.9608,68437,82407,Rhinolophus ferrumequinum,0.025,0.025,-1,Echolocation,/mnt/ubna_data_01_mir/recover-20220825/UBNA_002/20220823_033000.WAV,Telephone Field,recover-20220825,002,1795
1358.9485,1358.9577,24609,32766,Nyctalus leisleri,0.012,0.041,-1,Echolocation,/mnt/ubna_data_01_mir/recover-20220825/UBNA_002/20220823_033000.WAV,Telephone Field,recover-20220825,002,1795
1358.9575,1358.9987,68437,82574,Rhinolophus ferrumequinum,0.022,0.022,-1,Echolocation,/mnt/ubna_data_01_mir/recover-20220825/UBNA_002/20220823_033000.WAV,Telephone Field,recover-20220825,002,1795
1358.9635,1359.0035,68437,82220,Rhinolophus ferrumequinum,0.02,0.02,-1,Echolocation,/mnt/ubna_data_01_mir/recover-20220825/UBNA_002/20220823_033000.WAV,Telephone Field,recover-20220825,002,1795
1358.9815,1358.9893,26328,34706,Eptesicus serotinus,0.006,0.021,-1,Echolocation,/mnt/ubna_data_01_mir/recover-20220825/UBNA_002/20220823_033000.WAV,Telephone Field,recover-20220825,002,1795
1359.0075,1359.0488,68437,82792,Rhinolophus ferrumequinum,0.023,0.023,-1,Echolocation,/mnt/ubna_data_01_mir/recover-20220825/UBNA_002/20220823_033000.WAV,Telephone Field,recover-20220825,002,1795
1359.0525,1359.071,20312,23820,Nyctalus leisleri,0.018,0.031,-1,Echolocation,/mnt/ubna_data_01_mir/recover-20220825/UBNA_002/20220823_033000.WAV,Telephone Field,recover-20220825,002,1795
1359.0745,1359.1149,68437,82369,Rhinolophus ferrumequinum,0.027,0.027,-1,Echolocation,/mnt/ubna_data_01_mir/recover-20220825/UBNA_002/20220823_033000.WAV,Telephone Field,recover-20220825,002,1795
1359.0885,1359.0958,27187,39385,Eptesicus serotinus,0.006,0.027,-1,Echolocation,/mnt/ubna_data_01_mir/recover-20220825/UBNA_002/20220823_033000.WAV,Telephone Field,recover-20220825,002,1795
1359.1055,1359.1151,27187,35557,Eptesicus serotinus,0.008,0.021,-1,Echolocation,/mnt/ubna_data_01_mir/recover-20220825/UBNA_002/20220823_033000.WAV,Telephone Field,recover-20220825,002,1795
1359.1245,1359.1636,68437,82271,Rhinolophus ferrumequinum,0.023,0.023,-1,Echolocation,/mnt/ubna_data_01_mir/recover-20220825/UBNA_002/20220823_033000.WAV,Telephone Field,recover-20220825,002,1795
1359.1315,1359.1391,23750,31900,Plecotus austriacus,0.009,0.021,-1,Echolocation,/mnt/ubna_data_01_mir/recover-20220825/UBNA_002/20220823_033000.WAV,Telephone Field,recover-20220825,002,1795
1359.1655,1359.2098,68437,83743,Rhinolophus ferrumequinum,0.037,0.037,-1,Echolocation,/mnt/ubna_data_01_mir/recover-20220825/UBNA_002/20220823_033000.WAV,Telephone Field,recover-20220825,002,1795
1359.1755,1359.1845,49531,54582,Pipistrellus pipistrellus,0.021,0.023,-1,Echolocation,/mnt/ubna_data_01_mir/recover-20220825/UBNA_002/20220823_033000.WAV,Telephone Field,recover-20220825,002,1795
1359.1905,1359.1982,23750,31020,Plecotus austriacus,0.008,0.02,-1,Echolocation,/mnt/ubna_data_01_mir/recover-20220825/UBNA_002/20220823_033000.WAV,Telephone Field,recover-20220825,002,1795
1359.2135,1359.2523,68437,82101,Rhinolophus ferrumequinum,0.021,0.021,-1,Echolocation,/mnt/ubna_data_01_mir/recover-20220825/UBNA_002/20220823_033000.WAV,Telephone Field,recover-20220825,002,1795
1359.2195,1359.2297,22890,28587,Nyctalus leisleri,0.009,0.022,-1,Echolocation,/mnt/ubna_data_01_mir/recover-20220825/UBNA_002/20220823_033000.WAV,Telephone Field,recover-20220825,002,1795
1359.2495,1359.2586,54687,58441,Pipistrellus pygmaeus,0.023,0.024,-1,Echolocation,/mnt/ubna_data_01_mir/recover-20220825/UBNA_002/20220823_033000.WAV,Telephone Field,recover-20220825,002,1795
1359.2705,1359.3109,68437,82369,Rhinolophus ferrumequinum,0.026,0.026,-1,Echolocation,/mnt/ubna_data_01_mir/recover-20220825/UBNA_002/20220823_033000.WAV,Telephone Field,recover-20220825,002,1795
1359.2905,1359.3266,68437,81440,Rhinolophus ferrumequinum,0.022,0.022,-1,Echolocation,/mnt/ubna_data_01_mir/recover-20220825/UBNA_002/20220823_033000.WAV,Telephone Field,recover-20220825,002,1795
1359.2985,1359.3054,26328,39658,Eptesicus serotinus,0.005,0.021,-1,Echolocation,/mnt/ubna_data_01_mir/recover-20220825/UBNA_002/20220823_033000.WAV,Telephone Field,recover-20220825,002,1795
1359.3085,1359.343,68437,81722,Rhinolophus ferrumequinum,0.023,0.023,-1,Echolocation,/mnt/ubna_data_01_mir/recover-20220825/UBNA_002/20220823_033000.WAV,Telephone Field,recover-20220825,002,1795
1359.3735,1359.3838,55546,60287,Pipistrellus pygmaeus,0.036,0.038,-1,Echolocation,/mnt/ubna_data_01_mir/recover-20220825/UBNA_002/20220823_033000.WAV,Telephone Field,recover-20220825,002,1795
1359.3805,1359.3884,25468,34797,Eptesicus serotinus,0.005,0.02,-1,Echolocation,/mnt/ubna_data_01_mir/recover-20220825/UBNA_002/20220823_033000.WAV,Telephone Field,recover-20220825,002,1795
1359.3935,1359.4346,68437,83211,Rhinolophus ferrumequinum,0.023,0.023,-1,Echolocation,/mnt/ubna_data_01_mir/recover-20220825/UBNA_002/20220823_033000.WAV,Telephone Field,recover-20220825,002,1795
1359.4025,1359.4452,68437,83128,Rhinolophus ferrumequinum,0.023,0.023,-1,Echolocation,/mnt/ubna_data_01_mir/recover-20220825/UBNA_002/20220823_033000.WAV,Telephone Field,recover-20220825,002,1795
1359.4055,1359.4156,23750,31052,Nyctalus leisleri,0.013,0.039,-1,Echolocation,/mnt/ubna_data_01_mir/recover-20220825/UBNA_002/20220823_033000.WAV,Telephone Field,recover-20220825,002,1795
1359.4275,1359.4676,68437,82258,Rhinolophus ferrumequinum,0.022,0.022,-1,Echolocation,/mnt/ubna_data_01_mir/recover-20220825/UBNA_002/20220823_033000.WAV,Telephone Field,recover-20220825,002,1795
1359.4335,1359.4729,68437,82135,Rhinolophus ferrumequinum,0.021,0.021,-1,Echolocation,/mnt/ubna_data_01_mir/recover-20220825/UBNA_002/20220823_033000.WAV,Telephone Field,recover-20220825,002,1795
1359.4435,1359.4541,23750,29788,Nyctalus leisleri,0.01,0.024,-1,Echolocation,/mnt/ubna_data_01_mir/recover-20220825/UBNA_002/20220823_033000.WAV,Telephone Field,recover-20220825,002,1795
1359.4915,1359.5003,28046,39288,Eptesicus serotinus,0.008,0.023,-1,Echolocation,/mnt/ubna_data_01_mir/recover-20220825/UBNA_002/20220823_033000.WAV,Telephone Field,recover-20220825,002,1795
1359.5165,1359.5244,28046,38312,Eptesicus serotinus,0.006,0.021,-1,Echolocation,/mnt/ubna_data_01_mir/recover-20220825/UBNA_002/20220823_033000.WAV,Telephone Field,recover-20220825,002,1795
1359.5255,1359.5373,22890,27631,Nyctalus leisleri,0.01,0.021,-1,Echolocation,/mnt/ubna_data_01_mir/recover-20220825/UBNA_002/20220823_033000.WAV,Telephone Field,recover-20220825,002,1795
1359.5375,1359.5462,24609,32014,Nyctalus leisleri,0.006,0.024,-1,Echolocation,/mnt/ubna_data_01_mir/recover-20220825/UBNA_002/20220823_033000.WAV,Telephone Field,recover-20220825,002,1795
1359.5455,1359.5864,68437,83274,Rhinolophus ferrumequinum,0.049,0.049,-1,Echolocation,/mnt/ubna_data_01_mir/recover-20220825/UBNA_002/20220823_033000.WAV,Telephone Field,recover-20220825,002,1795
1359.5845,1359.6164,68437,80277,Rhinolophus ferrumequinum,0.024,0.025,-1,Echolocation,/mnt/ubna_data_01_mir/recover-20220825/UBNA_002/20220823_033000.WAV,Telephone Field,recover-20220825,002,1795
1359.6125,1359.6483,68437,81009,Rhinolophus ferrumequinum,0.021,0.021,-1,Echolocation,/mnt/ubna_data_01_mir/recover-20220825/UBNA_002/20220823_033000.WAV,Telephone Field,recover-20220825,002,1795
1359.6615,1359.6945,68437,81015,Rhinolophus ferrumequinum,0.022,0.022,-1,Echolocation,/mnt/ubna_data_01_mir/recover-20220825/UBNA_002/20220823_033000.WAV,Telephone Field,recover-20220825,002,1795
1359.6835,1359.7211,68437,81693,Rhinolophus ferrumequinum,0.023,0.023,-1,Echolocation,/mnt/ubna_data_01_mir/recover-20220825/UBNA_002/20220823_033000.WAV,Telephone Field,recover-20220825,002,1795
1359.7055,1359.7161,23750,30198,Nyctalus leisleri,0.009,0.024,-1,Echolocation,/mnt/ubna_data_01_mir/recover-20220825/UBNA_002/20220823_033000.WAV,Telephone Field,recover-20220825,002,1795
1359.7165,1359.7539,68437,82211,Rhinolophus ferrumequinum,0.022,0.022,-1,Echolocation,/mnt/ubna_data_01_mir/recover-20220825/UBNA_002/20220823_033000.WAV,Telephone Field,recover-20220825,002,1795
1359.7225,1359.7298,26328,38045,Eptesicus serotinus,0.006,0.024,-1,Echolocation,/mnt/ubna_data_01_mir/recover-20220825/UBNA_002/20220823_033000.WAV,Telephone Field,recover-20220825,002,1795
1359.7375,1359.7499,31484,38455,Eptesicus serotinus,0.014,0.033,-1,Echolocation,/mnt/ubna_data_01_mir/recover-20220825/UBNA_002/20220823_033000.WAV,Telephone Field,recover-20220825,002,1795
1359.7415,1359.7815,68437,82473,Rhinolophus ferrumequinum,0.03,0.03,-1,Echolocation,/mnt/ubna_data_01_mir/recover-20220825/UBNA_002/20220823_033000.WAV,Telephone Field,recover-20220825,002,1795
1359.7565,1359.793,68437,81786,Rhinolophus ferrumequinum,0.021,0.021,-1,Echolocation,/mnt/ubna_data_01_mir/recover-20220825/UBNA_002/20220823_033000.WAV,Telephone Field,recover-20220825,002,1795
1359.7655,1359.7737,27187,37953,Eptesicus serotinus,0.007,0.021,-1,Echolocation,/mnt/ubna_data_01_mir/recover-20220825/UBNA_002/20220823_033000.WAV,Telephone Field,recover-20220825,002,1795
1359.7715,1359.779,23750,32172,Plecotus austriacus,0.008,0.021,-1,Echolocation,/mnt/ubna_data_01_mir/recover-20220825/UBNA_002/20220823_033000.WAV,Telephone Field,recover-20220825,002,1795
1359.7725,1359.7812,28906,37900,Eptesicus serotinus,0.007,0.022,-1,Echolocation,/mnt/ubna_data_01_mir/recover-20220825/UBNA_002/20220823_033000.WAV,Telephone Field,recover-20220825,002,1795
1359.7985,1359.8388,68437,82500,Rhinolophus ferrumequinum,0.032,0.032,-1,Echolocation,/mnt/ubna_data_01_mir/recover-20220825/UBNA_002/20220823_033000.WAV,Telephone Field,recover-20220825,002,1795
1359.8065,1359.8179,24609,31841,Nyctalus leisleri,0.011,0.031,-1,Echolocation,/mnt/ubna_data_01_mir/recover-20220825/UBNA_002/20220823_033000.WAV,Telephone Field,recover-20220825,002,1795
1359.8185,1359.8252,48671,54973,Pipistrellus pipistrellus,0.019,0.021,-1,Echolocation,/mnt/ubna_data_01_mir/recover-20220825/UBNA_002/20220823_033000.WAV,Telephone Field,recover-20220825,002,1795
1359.8195,1359.8568,68437,82273,Rhinolophus ferrumequinum,0.023,0.023,-1,Echolocation,/mnt/ubna_data_01_mir/recover-20220825/UBNA_002/20220823_033000.WAV,Telephone Field,recover-20220825,002,1795
1359.8345,1359.8746,68437,82741,Rhinolophus ferrumequinum,0.024,0.024,-1,Echolocation,/mnt/ubna_data_01_mir/recover-20220825/UBNA_002/20220823_033000.WAV,Telephone Field,recover-20220825,002,1795
1359.8855,1359.9248,68437,82308,Rhinolophus ferrumequinum,0.021,0.022,-1,Echolocation,/mnt/ubna_data_01_mir/recover-20220825/UBNA_002/20220823_033000.WAV,Telephone Field,recover-20220825,002,1795
1359.9185,1359.9576,68437,82331,Rhinolophus ferrumequinum,0.029,0.029,-1,Echolocation,/mnt/ubna_data_01_mir/recover-20220825/UBNA_002/20220823_033000.WAV,Telephone Field,recover-20220825,002,1795
1359.9405,1359.9503,21171,26532,Nyctalus leisleri,0.008,0.024,-1,Echolocation,/mnt/ubna_data_01_mir/recover-20220825/UBNA_002/20220823_033000.WAV,Telephone Field,recover-20220825,002,1795
1359.9525,1359.9925,68437,82367,Rhinolophus ferrumequinum,0.024,0.024,-1,Echolocation,/mnt/ubna_data_01_mir/recover-20220825/UBNA_002/20220823_033000.WAV,Telephone Field,recover-20220825,002,1795
1360.0015,1360.0104,25468,35726,Eptesicus serotinus,0.006,0.025,-1,Echolocation,/mnt/ubna_data_01_mir/recover-20220825/UBNA_002/20220823_033000.WAV,Telephone Field,recover-20220825,002,1795
1360.0015,1360.0356,68437,80320,Rhinolophus ferrumequinum,0.043,0.044,-1,Echolocation,/mnt/ubna_data_01_mir/recover-20220825/UBNA_002/20220823_033000.WAV,Telephone Field,recover-20220825,002,1795
1360.0095,1360.0183,23750,30747,Nyctalus leisleri,0.008,0.024,-1,Echolocation,/mnt/ubna_data_01_mir/recover-20220825/UBNA_002/20220823_033000.WAV,Telephone Field,recover-20220825,002,1795
1360.0185,1360.062,68437,82707,Rhinolophus ferrumequinum,0.022,0.022,-1,Echolocation,/mnt/ubna_data_01_mir/recover-20220825/UBNA_002/20220823_033000.WAV,Telephone Field,recover-20220825,002,1795
1360.0285,1360.0711,68437,83269,Rhinolophus ferrumequinum,0.035,0.035,-1,Echolocation,/mnt/ubna_data_01_mir/recover-20220825/UBNA_002/20220823_033000.WAV,Telephone Field,recover-20220825,002,1795
1360.0575,1360.0989,68437,82683,Rhinolophus ferrumequinum,0.032,0.032,-1,Echolocation,/mnt/ubna_data_01_mir/recover-20220825/UBNA_002/20220823_033000.WAV,Telephone Field,recover-20220825,002,1795
1360.0595,1360.0699,23750,30077,Nyctalus leisleri,0.009,0.025,-1,Echolocation,/mnt/ubna_data_01_mir/recover-20220825/UBNA_002/20220823_033000.WAV,Telephone Field,recover-20220825,002,1795
1360.0715,1360.081,28046,35705,Eptesicus serotinus,0.009,0.024,-1,Echolocation,/mnt/ubna_data_01_mir/recover-20220825/UBNA_002/20220823_033000.WAV,Telephone Field,recover-20220825,002,1795
1360.0715,1360.1049,68437,80895,Rhinolophus ferrumequinum,0.026,0.026,-1,Echolocation,/mnt/ubna_data_01_mir/recover-20220825/UBNA_002/20220823_033000.WAV,Telephone Field,recover-20220825,002,1795
1360.0785,1360.0855,48671,55324,Pipistrellus pipistrellus,0.023,0.025,-1,Echolocation,/mnt/ubna_data_01_mir/recover-20220825/UBNA_002/20220823_033000.WAV,Telephone Field,recover-20220825,002,1795
1360.1005,1360.1393,68437,81617,Rhinolophus ferrumequinum,0.022,0.022,-1,Echolocation,/mnt/ubna_data_01_mir/recover-20220825/UBNA_002/20220823_033000.WAV,Telephone Field,recover-20220825,002,1795
1360.1165,1360.1248,28046,38866,Eptesicus serotinus,0.008,0.024,-1,Echolocation,/mnt/ubna_data_01_mir/recover-20220825/UBNA_002/20220823_033000.WAV,Telephone Field,recover-20220825,002,1795
1360.1345,1360.1744,68437,82357,Rhinolophus ferrumequinum,0.022,0.022,-1,Echolocation,/mnt/ubna_data_01_mir/recover-20220825/UBNA_002/20220823_033000.WAV,Telephone Field,recover-20220825,002,1795
1360.1475,1360.1568,28906,37135,Eptesicus serotinus,0.009,0.025,-1,Echolocation,/mnt/ubna_data_01_mir/recover-20220825/UBNA_002/20220823_033000.WAV,Telephone Field,recover-20220825,002,1795
1360.1685,1360.184,23750,28847,Nyctalus leisleri,0.037,0.093,-1,Echolocation,/mnt/ubna_data_01_mir/recover-20220825/UBNA_002/20220823_033000.WAV,Telephone Field,recover-20220825,002,1795
1360.1935,1360.2029,26328,35547,Eptesicus serotinus,0.008,0.023,-1,Echolocation,/mnt/ubna_data_01_mir/recover-20220825/UBNA_002/20220823_033000.WAV,Telephone Field,recover-20220825,002,1795
1360.2175,1360.2262,27187,38529,Eptesicus serotinus,0.009,0.023,-1,Echolocation,/mnt/ubna_data_01_mir/recover-20220825/UBNA_002/20220823_033000.WAV,Telephone Field,recover-20220825,002,1795
1360.2455,1360.2555,44375,48366,Pipistrellus pipistrellus,0.022,0.026,-1,Echolocation,/mnt/ubna_data_01_mir/recover-20220825/UBNA_002/20220823_033000.WAV,Telephone Field,recover-20220825,002,1795
1360.2475,1360.2548,27187,37326,Eptesicus serotinus,0.007,0.022,-1,Echolocation,/mnt/ubna_data_01_mir/recover-20220825/UBNA_002/20220823_033000.WAV,Telephone Field,recover-20220825,002,1795
1360.2475,1360.2871,68437,82729,Rhinolophus ferrumequinum,0.028,0.028,-1,Echolocation,/mnt/ubna_data_01_mir/recover-20220825/UBNA_002/20220823_033000.WAV,Telephone Field,recover-20220825,002,1795
1360.2645,1360.302,68437,82211,Rhinolophus ferrumequinum,0.023,0.023,-1,Echolocation,/mnt/ubna_data_01_mir/recover-20220825/UBNA_002/20220823_033000.WAV,Telephone Field,recover-20220825,002,1795
1360.3065,1360.3407,68437,80622,Rhinolophus ferrumequinum,0.028,0.028,-1,Echolocation,/mnt/ubna_data_01_mir/recover-20220825/UBNA_002/20220823_033000.WAV,Telephone Field,recover-20220825,002,1795
1360.3585,1360.3669,15156,24807,Plecotus auritus,0.011,0.025,-1,Echolocation,/mnt/ubna_data_01_mir/recover-20220825/UBNA_002/20220823_033000.WAV,Telephone Field,recover-20220825,002,1795
1360.3615,1360.3697,27187,38159,Eptesicus serotinus,0.007,0.022,-1,Echolocation,/mnt/ubna_data_01_mir/recover-20220825/UBNA_002/20220823_033000.WAV,Telephone Field,recover-20220825,002,1795
1360.4085,1360.4265,18593,23090,Nyctalus noctula,0.025,0.039,-1,Echolocation,/mnt/ubna_data_01_mir/recover-20220825/UBNA_002/20220823_033000.WAV,Telephone Field,recover-20220825,002,1795
1360.4625,1360.5009,68437,81879,Rhinolophus ferrumequinum,0.025,0.025,-1,Echolocation,/mnt/ubna_data_01_mir/recover-20220825/UBNA_002/20220823_033000.WAV,Telephone Field,recover-20220825,002,1795
1360.4705,1360.5095,68437,82768,Rhinolophus ferrumequinum,0.024,0.024,-1,Echolocation,/mnt/ubna_data_01_mir/recover-20220825/UBNA_002/20220823_033000.WAV,Telephone Field,recover-20220825,002,1795
1360.4795,1360.4895,28046,36704,Eptesicus serotinus,0.011,0.026,-1,Echolocation,/mnt/ubna_data_01_mir/recover-20220825/UBNA_002/20220823_033000.WAV,Telephone Field,recover-20220825,002,1795
1360.5035,1360.5109,28046,38653,Eptesicus serotinus,0.006,0.023,-1,Echolocation,/mnt/ubna_data_01_mir/recover-20220825/UBNA_002/20220823_033000.WAV,Telephone Field,recover-20220825,002,1795
1360.5285,1360.571,68437,83296,Rhinolophus ferrumequinum,0.039,0.039,-1,Echolocation,/mnt/ubna_data_01_mir/recover-20220825/UBNA_002/20220823_033000.WAV,Telephone Field,recover-20220825,002,1795
1360.5355,1360.5445,50390,56049,Pipistrellus pipistrellus,0.022,0.028,-1,Echolocation,/mnt/ubna_data_01_mir/recover-20220825/UBNA_002/20220823_033000.WAV,Telephone Field,recover-20220825,002,1795
1360.5555,1360.5646,28046,36496,Eptesicus serotinus,0.009,0.023,-1,Echolocation,/mnt/ubna_data_01_mir/recover-20220825/UBNA_002/20220823_033000.WAV,Telephone Field,recover-20220825,002,1795
1360.5705,1360.5785,27187,40271,Eptesicus serotinus,0.008,0.023,-1,Echolocation,/mnt/ubna_data_01_mir/recover-20220825/UBNA_002/20220823_033000.WAV,Telephone Field,recover-20220825,002,1795
1360.5755,1360.608,68437,80218,Rhinolophus ferrumequinum,0.031,0.031,-1,Echolocation,/mnt/ubna_data_01_mir/recover-20220825/UBNA_002/20220823_033000.WAV,Telephone Field,recover-20220825,002,1795
1360.5835,1360.5903,27187,38959,Eptesicus serotinus,0.006,0.026,-1,Echolocation,/mnt/ubna_data_01_mir/recover-20220825/UBNA_002/20220823_033000.WAV,Telephone Field,recover-20220825,002,1795
1360.5835,1360.6212,68437,81809,Rhinolophus ferrumequinum,0.023,0.023,-1,Echolocation,/mnt/ubna_data_01_mir/recover-20220825/UBNA_002/20220823_033000.WAV,Telephone Field,recover-20220825,002,1795
1360.6065,1360.6152,28046,37614,Eptesicus serotinus,0.01,0.027,-1,Echolocation,/mnt/ubna_data_01_mir/recover-20220825/UBNA_002/20220823_033000.WAV,Telephone Field,recover-20220825,002,1795
1360.6715,1360.6794,28046,39372,Eptesicus serotinus,0.007,0.022,-1,Echolocation,/mnt/ubna_data_01_mir/recover-20220825/UBNA_002/20220823_033000.WAV,Telephone Field,recover-20220825,002,1795
1360.6955,1360.7037,44375,53843,Pipistrellus pipistrellus,0.013,0.022,-1,Echolocation,/mnt/ubna_data_01_mir/recover-20220825/UBNA_002/20220823_033000.WAV,Telephone Field,recover-20220825,002,1795
1360.7225,1360.7575,68437,80881,Rhinolophus ferrumequinum,0.029,0.029,-1,Echolocation,/mnt/ubna_data_01_mir/recover-20220825/UBNA_002/20220823_033000.WAV,Telephone Field,recover-20220825,002,1795
1360.7635,1360.7711,28046,37170,Eptesicus serotinus,0.008,0.027,-1,Echolocation,/mnt/ubna_data_01_mir/recover-20220825/UBNA_002/20220823_033000.WAV,Telephone Field,recover-20220825,002,1795
1360.8035,1360.8423,68437,82474,Rhinolophus ferrumequinum,0.023,0.023,-1,Echolocation,/mnt/ubna_data_01_mir/recover-20220825/UBNA_002/20220823_033000.WAV,Telephone Field,recover-20220825,002,1795
1360.8275,1360.8681,68437,82141,Rhinolophus ferrumequinum,0.022,0.022,-1,Echolocation,/mnt/ubna_data_01_mir/recover-20220825/UBNA_002/20220823_033000.WAV,Telephone Field,recover-20220825,002,1795
1360.8765,1360.885,45234,49162,Pipistrellus pipistrellus,0.032,0.034,-1,Echolocation,/mnt/ubna_data_01_mir/recover-20220825/UBNA_002/20220823_033000.WAV,Telephone Field,recover-20220825,002,1795
1360.8955,1360.9339,68437,82190,Rhinolophus ferrumequinum,0.022,0.022,-1,Echolocation,/mnt/ubna_data_01_mir/recover-20220825/UBNA_002/20220823_033000.WAV,Telephone Field,recover-20220825,002,1795
1360.9915,1361.0058,15156,21288,Nyctalus noctula,0.017,0.024,-1,Echolocation,/mnt/ubna_data_01_mir/recover-20220825/UBNA_002/20220823_033000.WAV,Telephone Field,recover-20220825,002,1795
1361.0065,1361.0156,27187,36588,Eptesicus serotinus,0.008,0.022,-1,Echolocation,/mnt/ubna_data_01_mir/recover-20220825/UBNA_002/20220823_033000.WAV,Telephone Field,recover-20220825,002,1795
1361.0415,1361.0499,51250,57189,Pipistrellus pipistrellus,0.016,0.023,-1,Echolocation,/mnt/ubna_data_01_mir/recover-20220825/UBNA_002/20220823_033000.WAV,Telephone Field,recover-20220825,002,1795
1361.0685,1361.1077,68437,81789,Rhinolophus ferrumequinum,0.028,0.028,-1,Echolocation,/mnt/ubna_data_01_mir/recover-20220825/UBNA_002/20220823_033000.WAV,Telephone Field,recover-20220825,002,1795
1361.0745,1361.0831,25468,35900,Eptesicus serotinus,0.007,0.023,-1,Echolocation,/mnt/ubna_data_01_mir/recover-20220825/UBNA_002/20220823_033000.WAV,Telephone Field,recover-20220825,002,1795
1361.0865,1361.0961,25468,33022,Eptesicus serotinus,0.009,0.022,-1,Echolocation,/mnt/ubna_data_01_mir/recover-20220825/UBNA_002/20220823_033000.WAV,Telephone Field,recover-20220825,002,1795
1361.0925,1361.1008,44375,48726,Pipistrellus pipistrellus,0.035,0.049,-1,Echolocation,/mnt/ubna_data_01_mir/recover-20220825/UBNA_002/20220823_033000.WAV,Telephone Field,recover-20220825,002,1795
1361.0945,1361.1011,29765,56278,Myotis daubentonii,0.015,0.027,-1,Echolocation,/mnt/ubna_data_01_mir/recover-20220825/UBNA_002/20220823_033000.WAV,Telephone Field,recover-20220825,002,1795
1361.1045,1361.1448,68437,81639,Rhinolophus ferrumequinum,0.027,0.027,-1,Echolocation,/mnt/ubna_data_01_mir/recover-20220825/UBNA_002/20220823_033000.WAV,Telephone Field,recover-20220825,002,1795
1361.1135,1361.1221,23750,31777,Plecotus austriacus,0.007,0.024,-1,Echolocation,/mnt/ubna_data_01_mir/recover-20220825/UBNA_002/20220823_033000.WAV,Telephone Field,recover-20220825,002,1795
1361.1385,1361.1483,28046,36384,Eptesicus serotinus,0.013,0.031,-1,Echolocation,/mnt/ubna_data_01_mir/recover-20220825/UBNA_002/20220823_033000.WAV,Telephone Field,recover-20220825,002,1795
1361.1505,1361.1909,68437,82818,Rhinolophus ferrumequinum,0.026,0.026,-1,Echolocation,/mnt/ubna_data_01_mir/recover-20220825/UBNA_002/20220823_033000.WAV,Telephone Field,recover-20220825,002,1795
1361.2215,1361.2303,22890,30154,Plecotus austriacus,0.008,0.023,-1,Echolocation,/mnt/ubna_data_01_mir/recover-20220825/UBNA_002/20220823_033000.WAV,Telephone Field,recover-20220825,002,1795
1361.2425,1361.2819,68437,81975,Rhinolophus ferrumequinum,0.022,0.022,-1,Echolocation,/mnt/ubna_data_01_mir/recover-20220825/UBNA_002/20220823_033000.WAV,Telephone Field,recover-20220825,002,1795
1361.2465,1361.2545,28046,41382,Eptesicus serotinus,0.022,0.05,-1,Echolocation,/mnt/ubna_data_01_mir/recover-20220825/UBNA_002/20220823_033000.WAV,Telephone Field,recover-20220825,002,1795
1361.2645,1361.3062,68437,82904,Rhinolophus ferrumequinum,0.034,0.034,-1,Echolocation,/mnt/ubna_data_01_mir/recover-20220825/UBNA_002/20220823_033000.WAV,Telephone Field,recover-20220825,002,1795
1361.3075,1361.3425,68437,81824,Rhinolophus ferrumequinum,0.023,0.023,-1,Echolocation,/mnt/ubna_data_01_mir/recover-20220825/UBNA_002/20220823_033000.WAV,Telephone Field,recover-20220825,002,1795
1361.3235,1361.361,68437,81670,Rhinolophus ferrumequinum,0.022,0.022,-1,Echolocation,/mnt/ubna_data_01_mir/recover-20220825/UBNA_002/20220823_033000.WAV,Telephone Field,recover-20220825,002,1795
1361.3615,1361.3683,27187,39578,Eptesicus serotinus,0.006,0.023,-1,Echolocation,/mnt/ubna_data_01_mir/recover-20220825/UBNA_002/20220823_033000.WAV,Telephone Field,recover-20220825,002,1795
1361.3815,1361.39,43515,48264,Pipistrellus nathusii,0.122,0.197,-1,Echolocation,/mnt/ubna_data_01_mir/recover-20220825/UBNA_002/20220823_033000.WAV,Telephone Field,recover-20220825,002,1795
1361.3835,1361.3899,29765,50297,Myotis daubentonii,0.014,0.026,-1,Echolocation,/mnt/ubna_data_01_mir/recover-20220825/UBNA_002/20220823_033000.WAV,Telephone Field,recover-20220825,002,1795
1361.4385,1361.4451,32343,43121,Myotis daubentonii,0.011,0.024,-1,Echolocation,/mnt/ubna_data_01_mir/recover-20220825/UBNA_002/20220823_033000.WAV,Telephone Field,recover-20220825,002,1795
1361.4685,1361.4738,40078,50416,Myotis daubentonii,0.019,0.036,-1,Echolocation,/mnt/ubna_data_01_mir/recover-20220825/UBNA_002/20220823_033000.WAV,Telephone Field,recover-20220825,002,1795
1361.4685,1361.4747,31484,61210,Myotis daubentonii,0.014,0.032,-1,Echolocation,/mnt/ubna_data_01_mir/recover-20220825/UBNA_002/20220823_033000.WAV,Telephone Field,recover-20220825,002,1795
1361.5125,1361.5513,68437,82769,Rhinolophus ferrumequinum,0.035,0.035,-1,Echolocation,/mnt/ubna_data_01_mir/recover-20220825/UBNA_002/20220823_033000.WAV,Telephone Field,recover-20220825,002,1795
1361.5415,1361.5484,44375,48377,Pipistrellus pipistrellus,0.166,0.192,-1,Echolocation,/mnt/ubna_data_01_mir/recover-20220825/UBNA_002/20220823_033000.WAV,Telephone Field,recover-20220825,002,1795
1361.5435,1361.5488,36640,52459,Myotis daubentonii,0.023,0.054,-1,Echolocation,/mnt/ubna_data_01_mir/recover-20220825/UBNA_002/20220823_033000.WAV,Telephone Field,recover-20220825,002,1795
1361.5865,1361.6264,68437,82016,Rhinolophus ferrumequinum,0.023,0.023,-1,Echolocation,/mnt/ubna_data_01_mir/recover-20220825/UBNA_002/20220823_033000.WAV,Telephone Field,recover-20220825,002,1795
1361.6355,1361.6424,40937,51582,Pipistrellus nathusii,0.075,0.194,-1,Echolocation,/mnt/ubna_data_01_mir/recover-20220825/UBNA_002/20220823_033000.WAV,Telephone Field,recover-20220825,002,1795
1361.6375,1361.6428,31484,60563,Myotis daubentonii,0.028,0.053,-1,Echolocation,/mnt/ubna_data_01_mir/recover-20220825/UBNA_002/20220823_033000.WAV,Telephone Field,recover-20220825,002,1795
1361.6725,1361.683,28046,36092,Eptesicus serotinus,0.01,0.023,-1,Echolocation,/mnt/ubna_data_01_mir/recover-20220825/UBNA_002/20220823_033000.WAV,Telephone Field,recover-20220825,002,1795
1361.7355,1361.744,43515,51136,Pipistrellus nathusii,0.138,0.384,-1,Echolocation,/mnt/ubna_data_01_mir/recover-20220825/UBNA_002/20220823_033000.WAV,Telephone Field,recover-20220825,002,1795
1361.7375,1361.7752,68437,81196,Rhinolophus ferrumequinum,0.023,0.023,-1,Echolocation,/mnt/ubna_data_01_mir/recover-20220825/UBNA_002/20220823_033000.WAV,Telephone Field,recover-20220825,002,1795
1361.8155,1361.8238,28906,38028,Eptesicus serotinus,0.008,0.025,-1,Echolocation,/mnt/ubna_data_01_mir/recover-20220825/UBNA_002/20220823_033000.WAV,Telephone Field,recover-20220825,002,1795
1361.8285,1361.8358,42656,48979,Pipistrellus nathusii,0.185,0.345,-1,Echolocation,/mnt/ubna_data_01_mir/recover-20220825/UBNA_002/20220823_033000.WAV,Telephone Field,recover-20220825,002,1795
1361.8315,1361.8382,29765,54101,Myotis daubentonii,0.02,0.03,-1,Echolocation,/mnt/ubna_data_01_mir/recover-20220825/UBNA_002/20220823_033000.WAV,Telephone Field,recover-20220825,002,1795
1361.8445,1361.8848,68437,81762,Rhinolophus ferrumequinum,0.024,0.024,-1,Echolocation,/mnt/ubna_data_01_mir/recover-20220825/UBNA_002/20220823_033000.WAV,Telephone Field,recover-20220825,002,1795
1361.8835,1361.8908,24609,34344,Plecotus austriacus,0.012,0.035,-1,Echolocation,/mnt/ubna_data_01_mir/recover-20220825/UBNA_002/20220823_033000.WAV,Telephone Field,recover-20220825,002,1795
1361.8905,1361.8988,28046,36836,Eptesicus serotinus,0.007,0.024,-1,Echolocation,/mnt/ubna_data_01_mir/recover-20220825/UBNA_002/20220823_033000.WAV,Telephone Field,recover-20220825,002,1795
1361.9015,1361.9387,68437,81768,Rhinolophus ferrumequinum,0.023,0.023,-1,Echolocation,/mnt/ubna_data_01_mir/recover-20220825/UBNA_002/20220823_033000.WAV,Telephone Field,recover-20220825,002,1795
1361.9245,1361.9323,42656,47629,Pipistrellus nathusii,0.188,0.429,-1,Echolocation,/mnt/ubna_data_01_mir/recover-20220825/UBNA_002/20220823_033000.WAV,Telephone Field,recover-20220825,002,1795
1361.9275,1361.9334,30625,55606,Myotis daubentonii,0.019,0.029,-1,Echolocation,/mnt/ubna_data_01_mir/recover-20220825/UBNA_002/20220823_033000.WAV,Telephone Field,recover-20220825,002,1795
1361.9875,1361.9982,27187,35787,Eptesicus serotinus,0.012,0.026,-1,Echolocation,/mnt/ubna_data_01_mir/recover-20220825/UBNA_002/20220823_033000.WAV,Telephone Field,recover-20220825,002,1795
1362.0015,1362.0092,24609,35454,Eptesicus serotinus,0.005,0.023,-1,Echolocation,/mnt/ubna_data_01_mir/recover-20220825/UBNA_002/20220823_033000.WAV,Telephone Field,recover-20220825,002,1795
1362.0015,1362.0096,36640,44203,Pipistrellus nathusii,0.009,0.031,-1,Echolocation,/mnt/ubna_data_01_mir/recover-20220825/UBNA_002/20220823_033000.WAV,Telephone Field,recover-20220825,002,1795
1362.0015,1362.0291,69296,81375,Rhinolophus ferrumequinum,0.045,0.046,-1,Echolocation,/mnt/ubna_data_01_mir/recover-20220825/UBNA_002/20220823_033000.WAV,Telephone Field,recover-20220825,002,1795
1362.0145,1362.0205,40937,49933,Pipistrellus nathusii,0.44,0.508,-1,Echolocation,/mnt/ubna_data_01_mir/recover-20220825/UBNA_002/20220823_033000.WAV,Telephone Field,recover-20220825,002,1795
1362.0365,1362.0487,22890,27834,Nyctalus leisleri,0.013,0.026,-1,Echolocation,/mnt/ubna_data_01_mir/recover-20220825/UBNA_002/20220823_033000.WAV,Telephone Field,recover-20220825,002,1795
1362.0385,1362.0448,28906,38560,Eptesicus serotinus,0.006,0.023,-1,Echolocation,/mnt/ubna_data_01_mir/recover-20220825/UBNA_002/20220823_033000.WAV,Telephone Field,recover-20220825,002,1795
1362.0465,1362.0872,68437,82759,Rhinolophus ferrumequinum,0.045,0.045,-1,Echolocation,/mnt/ubna_data_01_mir/recover-20220825/UBNA_002/20220823_033000.WAV,Telephone Field,recover-20220825,002,1795
1362.1055,1362.1226,22031,26567,Nyctalus noctula,0.102,0.195,-1,Echolocation,/mnt/ubna_data_01_mir/recover-20220825/UBNA_002/20220823_033000.WAV,Telephone Field,recover-20220825,002,1795
1362.1085,1362.1474,68437,81815,Rhinolophus ferrumequinum,0.024,0.024,-1,Echolocation,/mnt/ubna_data_01_mir/recover-20220825/UBNA_002/20220823_033000.WAV,Telephone Field,recover-20220825,002,1795
1362.1115,1362.119,41796,49258,Pipistrellus nathusii,0.494,0.577,-1,Echolocation,/mnt/ubna_data_01_mir/recover-20220825/UBNA_002/20220823_033000.WAV,Telephone Field,recover-20220825,002,1795
1362.1685,1362.1779,28046,38071,Eptesicus serotinus,0.009,0.024,-1,Echolocation,/mnt/ubna_data_01_mir/recover-20220825/UBNA_002/20220823_033000.WAV,Telephone Field,recover-20220825,002,1795
1362.1935,1362.2055,23750,28114,Nyctalus leisleri,0.013,0.025,-1,Echolocation,/mnt/ubna_data_01_mir/recover-20220825/UBNA_002/20220823_033000.WAV,Telephone Field,recover-20220825,002,1795
1362.2045,1362.2113,40937,49060,Pipistrellus nathusii,0.518,0.59,-1,Echolocation,/mnt/ubna_data_01_mir/recover-20220825/UBNA_002/20220823_033000.WAV,Telephone Field,recover-20220825,002,1795
1362.2085,1362.2155,25468,34321,Eptesicus serotinus,0.006,0.024,-1,Echolocation,/mnt/ubna_data_01_mir/recover-20220825/UBNA_002/20220823_033000.WAV,Telephone Field,recover-20220825,002,1795
1362.2135,1362.251,68437,81738,Rhinolophus ferrumequinum,0.025,0.025,-1,Echolocation,/mnt/ubna_data_01_mir/recover-20220825/UBNA_002/20220823_033000.WAV,Telephone Field,recover-20220825,002,1795
1362.2165,1362.2244,27187,34835,Eptesicus serotinus,0.007,0.023,-1,Echolocation,/mnt/ubna_data_01_mir/recover-20220825/UBNA_002/20220823_033000.WAV,Telephone Field,recover-20220825,002,1795
1362.2585,1362.265,36640,42686,Barbastellus barbastellus,0.033,0.044,-1,Echolocation,/mnt/ubna_data_01_mir/recover-20220825/UBNA_002/20220823_033000.WAV,Telephone Field,recover-20220825,002,1795
1362.2705,1362.3083,68437,81975,Rhinolophus ferrumequinum,0.026,0.026,-1,Echolocation,/mnt/ubna_data_01_mir/recover-20220825/UBNA_002/20220823_033000.WAV,Telephone Field,recover-20220825,002,1795
1362.2955,1362.3345,68437,81834,Rhinolophus ferrumequinum,0.024,0.024,-1,Echolocation,/mnt/ubna_data_01_mir/recover-20220825/UBNA_002/20220823_033000.WAV,Telephone Field,recover-20220825,002,1795
1362.2965,1362.3022,41796,48115,Pipistrellus nathusii,0.197,0.248,-1,Echolocation,/mnt/ubna_data_01_mir/recover-20220825/UBNA_002/20220823_033000.WAV,Telephone Field,recover-20220825,002,1795
1362.3045,1362.3447,68437,82261,Rhinolophus ferrumequinum,0.025,0.025,-1,Echolocation,/mnt/ubna_data_01_mir/recover-20220825/UBNA_002/20220823_033000.WAV,Telephone Field,recover-20220825,002,1795
1362.3365,1362.3429,51250,58900,Pipistrellus pipistrellus,0.021,0.027,-1,Echolocation,/mnt/ubna_data_01_mir/recover-20220825/UBNA_002/20220823_033000.WAV,Telephone Field,recover-20220825,002,1795
1362.3455,1362.3519000000001,39218,50338,Myotis brandtii,0.01,0.038,-1,Echolocation,/mnt/ubna_data_01_mir/recover-20220825/UBNA_002/20220823_033000.WAV,Telephone Field,recover-20220825,002,1795
1362.3825,1362.4224,68437,82263,Rhinolophus ferrumequinum,0.023,0.023,-1,Echolocation,/mnt/ubna_data_01_mir/recover-20220825/UBNA_002/20220823_033000.WAV,Telephone Field,recover-20220825,002,1795
1362.3835,1362.3898,41796,51759,Pipistrellus nathusii,0.315,0.447,-1,Echolocation,/mnt/ubna_data_01_mir/recover-20220825/UBNA_002/20220823_033000.WAV,Telephone Field,recover-20220825,002,1795
1362.4275,1362.4374,24609,31256,Nyctalus leisleri,0.008,0.023,-1,Echolocation,/mnt/ubna_data_01_mir/recover-20220825/UBNA_002/20220823_033000.WAV,Telephone Field,recover-20220825,002,1795
1362.4675,1362.5072,68437,82568,Rhinolophus ferrumequinum,0.022,0.023,-1,Echolocation,/mnt/ubna_data_01_mir/recover-20220825/UBNA_002/20220823_033000.WAV,Telephone Field,recover-20220825,002,1795
1362.4895,1362.4972,27187,36277,Eptesicus serotinus,0.008,0.024,-1,Echolocation,/mnt/ubna_data_01_mir/recover-20220825/UBNA_002/20220823_033000.WAV,Telephone Field,recover-20220825,002,1795
1362.5005,1362.535,68437,80950,Rhinolophus ferrumequinum,0.022,0.022,-1,Echolocation,/mnt/ubna_data_01_mir/recover-20220825/UBNA_002/20220823_033000.WAV,Telephone Field,recover-20220825,002,1795
1362.5255,1362.5648,68437,82490,Rhinolophus ferrumequinum,0.022,0.023,-1,Echolocation,/mnt/ubna_data_01_mir/recover-20220825/UBNA_002/20220823_033000.WAV,Telephone Field,recover-20220825,002,1795
1362.5495,1362.5583,54687,61799,Pipistrellus pygmaeus,0.026,0.027,-1,Echolocation,/mnt/ubna_data_01_mir/recover-20220825/UBNA_002/20220823_033000.WAV,Telephone Field,recover-20220825,002,1795
1362.5545,1362.562,27187,37517,Eptesicus serotinus,0.007,0.023,-1,Echolocation,/mnt/ubna_data_01_mir/recover-20220825/UBNA_002/20220823_033000.WAV,Telephone Field,recover-20220825,002,1795
1362.5655,1362.5751,27187,34688,Eptesicus serotinus,0.01,0.023,-1,Echolocation,/mnt/ubna_data_01_mir/recover-20220825/UBNA_002/20220823_033000.WAV,Telephone Field,recover-20220825,002,1795
1362.5755,1362.6122,68437,82097,Rhinolophus ferrumequinum,0.026,0.026,-1,Echolocation,/mnt/ubna_data_01_mir/recover-20220825/UBNA_002/20220823_033000.WAV,Telephone Field,recover-20220825,002,1795
1362.5825,1362.5952,41796,45337,Pipistrellus nathusii,0.042,0.057,-1,Echolocation,/mnt/ubna_data_01_mir/recover-20220825/UBNA_002/20220823_033000.WAV,Telephone Field,recover-20220825,002,1795
1362.6195,1362.6277,27187,37390,Eptesicus serotinus,0.008,0.022,-1,Echolocation,/mnt/ubna_data_01_mir/recover-20220825/UBNA_002/20220823_033000.WAV,Telephone Field,recover-20220825,002,1795
1362.6495,1362.6574,41796,48818,Pipistrellus nathusii,0.158,0.231,-1,Echolocation,/mnt/ubna_data_01_mir/recover-20220825/UBNA_002/20220823_033000.WAV,Telephone Field,recover-20220825,002,1795
1362.6815,1362.7209,68437,82240,Rhinolophus ferrumequinum,0.025,0.025,-1,Echolocation,/mnt/ubna_data_01_mir/recover-20220825/UBNA_002/20220823_033000.WAV,Telephone Field,recover-20220825,002,1795
1362.6985,1362.705,49531,56267,Pipistrellus pipistrellus,0.018,0.023,-1,Echolocation,/mnt/ubna_data_01_mir/recover-20220825/UBNA_002/20220823_033000.WAV,Telephone Field,recover-20220825,002,1795
1362.7045,1362.7466,68437,82273,Rhinolophus ferrumequinum,0.024,0.024,-1,Echolocation,/mnt/ubna_data_01_mir/recover-20220825/UBNA_002/20220823_033000.WAV,Telephone Field,recover-20220825,002,1795
1362.7995,1362.8079,48671,55164,Pipistrellus pipistrellus,0.019,0.023,-1,Echolocation,/mnt/ubna_data_01_mir/recover-20220825/UBNA_002/20220823_033000.WAV,Telephone Field,recover-20220825,002,1795
1362.8165,1362.8254,28046,36024,Eptesicus serotinus,0.009,0.026,-1,Echolocation,/mnt/ubna_data_01_mir/recover-20220825/UBNA_002/20220823_033000.WAV,Telephone Field,recover-20220825,002,1795
1362.8235,1362.8314,43515,48965,Pipistrellus pipistrellus,0.014,0.025,-1,Echolocation,/mnt/ubna_data_01_mir/recover-20220825/UBNA_002/20220823_033000.WAV,Telephone Field,recover-20220825,002,1795
1362.8245,1362.863,68437,82006,Rhinolophus ferrumequinum,0.023,0.023,-1,Echolocation,/mnt/ubna_data_01_mir/recover-20220825/UBNA_002/20220823_033000.WAV,Telephone Field,recover-20220825,002,1795
1362.8245,1362.832,31484,42431,Myotis daubentonii,0.008,0.025,-1,Echolocation,/mnt/ubna_data_01_mir/recover-20220825/UBNA_002/20220823_033000.WAV,Telephone Field,recover-20220825,002,1795
1362.8605,1362.8706,23750,30022,Nyctalus leisleri,0.009,0.029,-1,Echolocation,/mnt/ubna_data_01_mir/recover-20220825/UBNA_002/20220823_033000.WAV,Telephone Field,recover-20220825,002,1795
1362.8785,1362.916,68437,82166,Rhinolophus ferrumequinum,0.023,0.023,-1,Echolocation,/mnt/ubna_data_01_mir/recover-20220825/UBNA_002/20220823_033000.WAV,Telephone Field,recover-20220825,002,1795
1362.9185,1362.9302,40937,45200,Pipistrellus nathusii,0.096,0.112,-1,Echolocation,/mnt/ubna_data_01_mir/recover-20220825/UBNA_002/20220823_033000.WAV,Telephone Field,recover-20220825,002,1795
1362.9605,1362.9704,28046,37031,Eptesicus serotinus,0.011,0.024,-1,Echolocation,/mnt/ubna_data_01_mir/recover-20220825/UBNA_002/20220823_033000.WAV,Telephone Field,recover-20220825,002,1795
1363.0095,1363.017,40937,47543,Pipistrellus nathusii,0.341,0.497,-1,Echolocation,/mnt/ubna_data_01_mir/recover-20220825/UBNA_002/20220823_033000.WAV,Telephone Field,recover-20220825,002,1795
1363.0125,1363.0204,24609,31801,Eptesicus serotinus,0.009,0.028,-1,Echolocation,/mnt/ubna_data_01_mir/recover-20220825/UBNA_002/20220823_033000.WAV,Telephone Field,recover-20220825,002,1795
1363.0135,1363.0245,58125,64683,Pipistrellus pygmaeus,0.024,0.024,-1,Echolocation,/mnt/ubna_data_01_mir/recover-20220825/UBNA_002/20220823_033000.WAV,Telephone Field,recover-20220825,002,1795
1363.1005,1363.1393,68437,82304,Rhinolophus ferrumequinum,0.025,0.025,-1,Echolocation,/mnt/ubna_data_01_mir/recover-20220825/UBNA_002/20220823_033000.WAV,Telephone Field,recover-20220825,002,1795
1363.1055,1363.1138,39218,45631,Pipistrellus nathusii,0.163,0.273,-1,Echolocation,/mnt/ubna_data_01_mir/recover-20220825/UBNA_002/20220823_033000.WAV,Telephone Field,recover-20220825,002,1795
1363.1085,1363.1172,12578,20871,Barbastellus barbastellus,0.024,0.027,-1,Echolocation,/mnt/ubna_data_01_mir/recover-20220825/UBNA_002/20220823_033000.WAV,Telephone Field,recover-20220825,002,1795
1363.1255,1363.1644000000001,68437,82219,Rhinolophus ferrumequinum,0.026,0.026,-1,Echolocation,/mnt/ubna_data_01_mir/recover-20220825/UBNA_002/20220823_033000.WAV,Telephone Field,recover-20220825,002,1795
1363.1665,1363.1752,25468,33457,Eptesicus serotinus,0.008,0.023,-1,Echolocation,/mnt/ubna_data_01_mir/recover-20220825/UBNA_002/20220823_033000.WAV,Telephone Field,recover-20220825,002,1795
1363.1805,1363.1898,28046,36048,Eptesicus serotinus,0.013,0.031,-1,Echolocation,/mnt/ubna_data_01_mir/recover-20220825/UBNA_002/20220823_033000.WAV,Telephone Field,recover-20220825,002,1795
1363.2015,1363.2082,40078,47645,Pipistrellus nathusii,0.554,0.595,-1,Echolocation,/mnt/ubna_data_01_mir/recover-20220825/UBNA_002/20220823_033000.WAV,Telephone Field,recover-20220825,002,1795
1363.2445,1363.2542,23750,30868,Nyctalus leisleri,0.008,0.026,-1,Echolocation,/mnt/ubna_data_01_mir/recover-20220825/UBNA_002/20220823_033000.WAV,Telephone Field,recover-20220825,002,1795
1363.2445,1363.2531,46093,50162,Pipistrellus pipistrellus,0.02,0.024,-1,Echolocation,/mnt/ubna_data_01_mir/recover-20220825/UBNA_002/20220823_033000.WAV,Telephone Field,recover-20220825,002,1795
1363.2615,1363.2691,43515,49830,Pipistrellus pipistrellus,0.018,0.022,-1,Echolocation,/mnt/ubna_data_01_mir/recover-20220825/UBNA_002/20220823_033000.WAV,Telephone Field,recover-20220825,002,1795
1363.2955,1363.3038,41796,48779,Pipistrellus nathusii,0.023,0.044,-1,Echolocation,/mnt/ubna_data_01_mir/recover-20220825/UBNA_002/20220823_033000.WAV,Telephone Field,recover-20220825,002,1795
1363.2995,1363.3059,31484,42177,Myotis daubentonii,0.023,0.047,-1,Echolocation,/mnt/ubna_data_01_mir/recover-20220825/UBNA_002/20220823_033000.WAV,Telephone Field,recover-20220825,002,1795
1363.3035,1363.3405,68437,81521,Rhinolophus ferrumequinum,0.028,0.028,-1,Echolocation,/mnt/ubna_data_01_mir/recover-20220825/UBNA_002/20220823_033000.WAV,Telephone Field,recover-20220825,002,1795
1363.3145,1363.3223,27187,38024,Eptesicus serotinus,0.008,0.024,-1,Echolocation,/mnt/ubna_data_01_mir/recover-20220825/UBNA_002/20220823_033000.WAV,Telephone Field,recover-20220825,002,1795
1363.3225,1363.3315,22890,30765,Plecotus austriacus,0.008,0.03,-1,Echolocation,/mnt/ubna_data_01_mir/recover-20220825/UBNA_002/20220823_033000.WAV,Telephone Field,recover-20220825,002,1795
1363.3415,1363.3519000000001,23750,28994,Nyctalus leisleri,0.01,0.023,-1,Echolocation,/mnt/ubna_data_01_mir/recover-20220825/UBNA_002/20220823_033000.WAV,Telephone Field,recover-20220825,002,1795
1363.3775,1363.3848,27187,36479,Eptesicus serotinus,0.01,0.026,-1,Echolocation,/mnt/ubna_data_01_mir/recover-20220825/UBNA_002/20220823_033000.WAV,Telephone Field,recover-20220825,002,1795
1363.3945,1363.4014,37500,43922,Barbastellus barbastellus,0.054,0.099,-1,Echolocation,/mnt/ubna_data_01_mir/recover-20220825/UBNA_002/20220823_033000.WAV,Telephone Field,recover-20220825,002,1795
1363.4005,1363.4082,54687,61714,Pipistrellus pygmaeus,0.025,0.026,-1,Echolocation,/mnt/ubna_data_01_mir/recover-20220825/UBNA_002/20220823_033000.WAV,Telephone Field,recover-20220825,002,1795
1363.4075,1363.447,68437,82676,Rhinolophus ferrumequinum,0.027,0.027,-1,Echolocation,/mnt/ubna_data_01_mir/recover-20220825/UBNA_002/20220823_033000.WAV,Telephone Field,recover-20220825,002,1795
1363.4105,1363.4244,14296,19349,Nyctalus noctula,0.033,0.048,-1,Echolocation,/mnt/ubna_data_01_mir/recover-20220825/UBNA_002/20220823_033000.WAV,Telephone Field,recover-20220825,002,1795
1363.4155,1363.4243,28046,36518,Eptesicus serotinus,0.008,0.023,-1,Echolocation,/mnt/ubna_data_01_mir/recover-20220825/UBNA_002/20220823_033000.WAV,Telephone Field,recover-20220825,002,1795
1363.4905,1363.4968,40937,48428,Pipistrellus nathusii,0.472,0.539,-1,Echolocation,/mnt/ubna_data_01_mir/recover-20220825/UBNA_002/20220823_033000.WAV,Telephone Field,recover-20220825,002,1795
1363.4985,1363.5078,27187,34799,Eptesicus serotinus,0.009,0.026,-1,Echolocation,/mnt/ubna_data_01_mir/recover-20220825/UBNA_002/20220823_033000.WAV,Telephone Field,recover-20220825,002,1795
1363.5035,1363.5438,68437,82388,Rhinolophus ferrumequinum,0.023,0.023,-1,Echolocation,/mnt/ubna_data_01_mir/recover-20220825/UBNA_002/20220823_033000.WAV,Telephone Field,recover-20220825,002,1795
1363.5095,1363.5198,23750,30389,Nyctalus leisleri,0.009,0.027,-1,Echolocation,/mnt/ubna_data_01_mir/recover-20220825/UBNA_002/20220823_033000.WAV,Telephone Field,recover-20220825,002,1795
1363.5335,1363.5429,27187,39259,Eptesicus serotinus,0.009,0.023,-1,Echolocation,/mnt/ubna_data_01_mir/recover-20220825/UBNA_002/20220823_033000.WAV,Telephone Field,recover-20220825,002,1795
1363.5625,1363.5723,55546,60773,Pipistrellus pygmaeus,0.03,0.03,-1,Echolocation,/mnt/ubna_data_01_mir/recover-20220825/UBNA_002/20220823_033000.WAV,Telephone Field,recover-20220825,002,1795
1363.5845,1363.6233,68437,82166,Rhinolophus ferrumequinum,0.023,0.023,-1,Echolocation,/mnt/ubna_data_01_mir/recover-20220825/UBNA_002/20220823_033000.WAV,Telephone Field,recover-20220825,002,1795
1363.5945,1363.6036,41796,47350,Pipistrellus nathusii,0.022,0.036,-1,Echolocation,/mnt/ubna_data_01_mir/recover-20220825/UBNA_002/20220823_033000.WAV,Telephone Field,recover-20220825,002,1795
1363.6265,1363.6375,28046,35527,Eptesicus serotinus,0.013,0.026,-1,Echolocation,/mnt/ubna_data_01_mir/recover-20220825/UBNA_002/20220823_033000.WAV,Telephone Field,recover-20220825,002,1795
1363.6625,1363.7015,68437,82376,Rhinolophus ferrumequinum,0.024,0.024,-1,Echolocation,/mnt/ubna_data_01_mir/recover-20220825/UBNA_002/20220823_033000.WAV,Telephone Field,recover-20220825,002,1795
1363.6695,1363.7089,68437,81821,Rhinolophus ferrumequinum,0.023,0.023,-1,Echolocation,/mnt/ubna_data_01_mir/recover-20220825/UBNA_002/20220823_033000.WAV,Telephone Field,recover-20220825,002,1795
1363.6705,1363.6795,44375,53634,Pipistrellus pipistrellus,0.016,0.033,-1,Echolocation,/mnt/ubna_data_01_mir/recover-20220825/UBNA_002/20220823_033000.WAV,Telephone Field,recover-20220825,002,1795
1363.6885,1363.6971,41796,47960,Pipistrellus nathusii,0.013,0.029,-1,Echolocation,/mnt/ubna_data_01_mir/recover-20220825/UBNA_002/20220823_033000.WAV,Telephone Field,recover-20220825,002,1795
1363.7115,1363.7186,28046,38109,Eptesicus serotinus,0.006,0.023,-1,Echolocation,/mnt/ubna_data_01_mir/recover-20220825/UBNA_002/20220823_033000.WAV,Telephone Field,recover-20220825,002,1795
1363.7215,1363.7593,68437,82058,Rhinolophus ferrumequinum,0.023,0.023,-1,Echolocation,/mnt/ubna_data_01_mir/recover-20220825/UBNA_002/20220823_033000.WAV,Telephone Field,recover-20220825,002,1795
1363.7315,1363.7709,68437,81097,Rhinolophus ferrumequinum,0.023,0.024,-1,Echolocation,/mnt/ubna_data_01_mir/recover-20220825/UBNA_002/20220823_033000.WAV,Telephone Field,recover-20220825,002,1795
1363.7525,1363.7626,41796,50778,Pipistrellus nathusii,0.02,0.034,-1,Echolocation,/mnt/ubna_data_01_mir/recover-20220825/UBNA_002/20220823_033000.WAV,Telephone Field,recover-20220825,002,1795
1363.7555,1363.7628,28046,39573,Eptesicus serotinus,0.008,0.026,-1,Echolocation,/mnt/ubna_data_01_mir/recover-20220825/UBNA_002/20220823_033000.WAV,Telephone Field,recover-20220825,002,1795
1363.7885,1363.796,40937,48510,Pipistrellus nathusii,0.305,0.469,-1,Echolocation,/mnt/ubna_data_01_mir/recover-20220825/UBNA_002/20220823_033000.WAV,Telephone Field,recover-20220825,002,1795
1363.8115,1363.8519000000001,68437,82682,Rhinolophus ferrumequinum,0.026,0.026,-1,Echolocation,/mnt/ubna_data_01_mir/recover-20220825/UBNA_002/20220823_033000.WAV,Telephone Field,recover-20220825,002,1795
1363.8625,1363.8725,25468,32905,Eptesicus serotinus,0.013,0.03,-1,Echolocation,/mnt/ubna_data_01_mir/recover-20220825/UBNA_002/20220823_033000.WAV,Telephone Field,recover-20220825,002,1795
1363.8795,1363.8862,40078,48226,Pipistrellus nathusii,0.016,0.036,-1,Echolocation,/mnt/ubna_data_01_mir/recover-20220825/UBNA_002/20220823_033000.WAV,Telephone Field,recover-20220825,002,1795
1363.8815,1363.8899,27187,36181,Eptesicus serotinus,0.008,0.023,-1,Echolocation,/mnt/ubna_data_01_mir/recover-20220825/UBNA_002/20220823_033000.WAV,Telephone Field,recover-20220825,002,1795
1363.9075,1363.9495,68437,82466,Rhinolophus ferrumequinum,0.031,0.031,-1,Echolocation,/mnt/ubna_data_01_mir/recover-20220825/UBNA_002/20220823_033000.WAV,Telephone Field,recover-20220825,002,1795
1363.9085,1363.9168,28046,37114,Eptesicus serotinus,0.008,0.024,-1,Echolocation,/mnt/ubna_data_01_mir/recover-20220825/UBNA_002/20220823_033000.WAV,Telephone Field,recover-20220825,002,1795
1363.9415,1363.9496,40937,46729,Pipistrellus nathusii,0.227,0.343,-1,Echolocation,/mnt/ubna_data_01_mir/recover-20220825/UBNA_002/20220823_033000.WAV,Telephone Field,recover-20220825,002,1795
1363.9535,1363.9609,27187,34923,Eptesicus serotinus,0.007,0.023,-1,Echolocation,/mnt/ubna_data_01_mir/recover-20220825/UBNA_002/20220823_033000.WAV,Telephone Field,recover-20220825,002,1795
1364.0015,1364.012,27187,32692,Nyctalus leisleri,0.026,0.054,-1,Echolocation,/mnt/ubna_data_01_mir/recover-20220825/UBNA_002/20220823_033000.WAV,Telephone Field,recover-20220825,002,1795
1364.0015,1364.0379,68437,80454,Rhinolophus ferrumequinum,0.057,0.057,-1,Echolocation,/mnt/ubna_data_01_mir/recover-20220825/UBNA_002/20220823_033000.WAV,Telephone Field,recover-20220825,002,1795
1364.0085,1364.055,68437,82836,Rhinolophus ferrumequinum,0.029,0.029,-1,Echolocation,/mnt/ubna_data_01_mir/recover-20220825/UBNA_002/20220823_033000.WAV,Telephone Field,recover-20220825,002,1795
1364.0115,1364.0224,42656,49828,Pipistrellus pipistrellus,0.008,0.022,-1,Echolocation,/mnt/ubna_data_01_mir/recover-20220825/UBNA_002/20220823_033000.WAV,Telephone Field,recover-20220825,002,1795
1364.0495,1364.0921,68437,83298,Rhinolophus ferrumequinum,0.039,0.039,-1,Echolocation,/mnt/ubna_data_01_mir/recover-20220825/UBNA_002/20220823_033000.WAV,Telephone Field,recover-20220825,002,1795
1364.0535,1364.062,27187,39726,Eptesicus serotinus,0.008,0.023,-1,Echolocation,/mnt/ubna_data_01_mir/recover-20220825/UBNA_002/20220823_033000.WAV,Telephone Field,recover-20220825,002,1795
1364.1025,1364.1439,68437,83592,Rhinolophus ferrumequinum,0.034,0.034,-1,Echolocation,/mnt/ubna_data_01_mir/recover-20220825/UBNA_002/20220823_033000.WAV,Telephone Field,recover-20220825,002,1795
1364.1125,1364.1508,68437,81564,Rhinolophus ferrumequinum,0.023,0.023,-1,Echolocation,/mnt/ubna_data_01_mir/recover-20220825/UBNA_002/20220823_033000.WAV,Telephone Field,recover-20220825,002,1795
1364.1555,1364.1631,26328,37483,Eptesicus serotinus,0.008,0.027,-1,Echolocation,/mnt/ubna_data_01_mir/recover-20220825/UBNA_002/20220823_033000.WAV,Telephone Field,recover-20220825,002,1795
1364.1565,1364.1636,40937,47755,Pipistrellus nathusii,0.142,0.286,-1,Echolocation,/mnt/ubna_data_01_mir/recover-20220825/UBNA_002/20220823_033000.WAV,Telephone Field,recover-20220825,002,1795
1364.2145,1364.2511,68437,81739,Rhinolophus ferrumequinum,0.022,0.022,-1,Echolocation,/mnt/ubna_data_01_mir/recover-20220825/UBNA_002/20220823_033000.WAV,Telephone Field,recover-20220825,002,1795
1364.2435,1364.2533,26328,34527,Eptesicus serotinus,0.012,0.026,-1,Echolocation,/mnt/ubna_data_01_mir/recover-20220825/UBNA_002/20220823_033000.WAV,Telephone Field,recover-20220825,002,1795
1364.2585,1364.2969,68437,82413,Rhinolophus ferrumequinum,0.023,0.023,-1,Echolocation,/mnt/ubna_data_01_mir/recover-20220825/UBNA_002/20220823_033000.WAV,Telephone Field,recover-20220825,002,1795
1364.2835,1364.2972,40937,44112,Pipistrellus nathusii,0.082,0.091,-1,Echolocation,/mnt/ubna_data_01_mir/recover-20220825/UBNA_002/20220823_033000.WAV,Telephone Field,recover-20220825,002,1795
1364.3805,1364.3913,22890,28398,Nyctalus leisleri,0.012,0.027,-1,Echolocation,/mnt/ubna_data_01_mir/recover-20220825/UBNA_002/20220823_033000.WAV,Telephone Field,recover-20220825,002,1795
1364.4435,1364.4822,68437,81957,Rhinolophus ferrumequinum,0.022,0.022,-1,Echolocation,/mnt/ubna_data_01_mir/recover-20220825/UBNA_002/20220823_033000.WAV,Telephone Field,recover-20220825,002,1795
1364.4735,1364.5112,68437,81991,Rhinolophus ferrumequinum,0.024,0.024,-1,Echolocation,/mnt/ubna_data_01_mir/recover-20220825/UBNA_002/20220823_033000.WAV,Telephone Field,recover-20220825,002,1795
1364.5015,1364.5086,42656,48792,Pipistrellus nathusii,0.098,0.142,-1,Echolocation,/mnt/ubna_data_01_mir/recover-20220825/UBNA_002/20220823_033000.WAV,Telephone Field,recover-20220825,002,1795
1364.5035,1364.5417,68437,81554,Rhinolophus ferrumequinum,0.024,0.024,-1,Echolocation,/mnt/ubna_data_01_mir/recover-20220825/UBNA_002/20220823_033000.WAV,Telephone Field,recover-20220825,002,1795
1364.5145,1364.5236,28046,34535,Eptesicus serotinus,0.019,0.04,-1,Echolocation,/mnt/ubna_data_01_mir/recover-20220825/UBNA_002/20220823_033000.WAV,Telephone Field,recover-20220825,002,1795
1364.5275,1364.5682,68437,82746,Rhinolophus ferrumequinum,0.025,0.025,-1,Echolocation,/mnt/ubna_data_01_mir/recover-20220825/UBNA_002/20220823_033000.WAV,Telephone Field,recover-20220825,002,1795
1364.5345,1364.5432,31484,39900,Barbastellus barbastellus,0.007,0.023,-1,Echolocation,/mnt/ubna_data_01_mir/recover-20220825/UBNA_002/20220823_033000.WAV,Telephone Field,recover-20220825,002,1795
1364.5605,1364.5993,68437,82285,Rhinolophus ferrumequinum,0.025,0.025,-1,Echolocation,/mnt/ubna_data_01_mir/recover-20220825/UBNA_002/20220823_033000.WAV,Telephone Field,recover-20220825,002,1795
1364.5855,1364.6245,68437,82443,Rhinolophus ferrumequinum,0.023,0.023,-1,Echolocation,/mnt/ubna_data_01_mir/recover-20220825/UBNA_002/20220823_033000.WAV,Telephone Field,recover-20220825,002,1795
1364.5965,1364.6371,68437,81763,Rhinolophus ferrumequinum,0.022,0.022,-1,Echolocation,/mnt/ubna_data_01_mir/recover-20220825/UBNA_002/20220823_033000.WAV,Telephone Field,recover-20220825,002,1795
1364.6365,1364.6444,27187,38590,Eptesicus serotinus,0.007,0.022,-1,Echolocation,/mnt/ubna_data_01_mir/recover-20220825/UBNA_002/20220823_033000.WAV,Telephone Field,recover-20220825,002,1795
1364.6435,1364.683,68437,81651,Rhinolophus ferrumequinum,0.023,0.023,-1,Echolocation,/mnt/ubna_data_01_mir/recover-20220825/UBNA_002/20220823_033000.WAV,Telephone Field,recover-20220825,002,1795
1364.6825,1364.7246,68437,83267,Rhinolophus ferrumequinum,0.036,0.036,-1,Echolocation,/mnt/ubna_data_01_mir/recover-20220825/UBNA_002/20220823_033000.WAV,Telephone Field,recover-20220825,002,1795
1364.6945,1364.7052,34062,39616,Pipistrellus nathusii,0.013,0.033,-1,Echolocation,/mnt/ubna_data_01_mir/recover-20220825/UBNA_002/20220823_033000.WAV,Telephone Field,recover-20220825,002,1795
1364.7065,1364.7441,68437,82042,Rhinolophus ferrumequinum,0.024,0.024,-1,Echolocation,/mnt/ubna_data_01_mir/recover-20220825/UBNA_002/20220823_033000.WAV,Telephone Field,recover-20220825,002,1795
1364.7215,1364.729,43515,50750,Pipistrellus nathusii,0.03,0.06,-1,Echolocation,/mnt/ubna_data_01_mir/recover-20220825/UBNA_002/20220823_033000.WAV,Telephone Field,recover-20220825,002,1795
1364.7235,1364.7289,32343,59741,Myotis brandtii,0.014,0.032,-1,Echolocation,/mnt/ubna_data_01_mir/recover-20220825/UBNA_002/20220823_033000.WAV,Telephone Field,recover-20220825,002,1795
1364.7315,1364.7716,68437,82793,Rhinolophus ferrumequinum,0.027,0.027,-1,Echolocation,/mnt/ubna_data_01_mir/recover-20220825/UBNA_002/20220823_033000.WAV,Telephone Field,recover-20220825,002,1795
1364.7435,1364.7826,68437,81806,Rhinolophus ferrumequinum,0.023,0.023,-1,Echolocation,/mnt/ubna_data_01_mir/recover-20220825/UBNA_002/20220823_033000.WAV,Telephone Field,recover-20220825,002,1795
1364.7795,1364.8176,68437,81712,Rhinolophus ferrumequinum,0.023,0.023,-1,Echolocation,/mnt/ubna_data_01_mir/recover-20220825/UBNA_002/20220823_033000.WAV,Telephone Field,recover-20220825,002,1795
1364.7825,1364.7915,27187,38718,Eptesicus serotinus,0.009,0.023,-1,Echolocation,/mnt/ubna_data_01_mir/recover-20220825/UBNA_002/20220823_033000.WAV,Telephone Field,recover-20220825,002,1795
1364.8445,1364.8502,40078,54873,Myotis brandtii,0.009,0.03,-1,Echolocation,/mnt/ubna_data_01_mir/recover-20220825/UBNA_002/20220823_033000.WAV,Telephone Field,recover-20220825,002,1795
1364.8445,1364.85,32343,58161,Myotis brandtii,0.011,0.024,-1,Echolocation,/mnt/ubna_data_01_mir/recover-20220825/UBNA_002/20220823_033000.WAV,Telephone Field,recover-20220825,002,1795
1364.9455,1364.983,68437,81194,Rhinolophus ferrumequinum,0.022,0.022,-1,Echolocation,/mnt/ubna_data_01_mir/recover-20220825/UBNA_002/20220823_033000.WAV,Telephone Field,recover-20220825,002,1795
1364.9805,1365.0226,68437,83223,Rhinolophus ferrumequinum,0.026,0.026,-1,Echolocation,/mnt/ubna_data_01_mir/recover-20220825/UBNA_002/20220823_033000.WAV,Telephone Field,recover-20220825,002,1795
1364.9955,1365.0352,68437,82512,Rhinolophus ferrumequinum,0.023,0.023,-1,Echolocation,/mnt/ubna_data_01_mir/recover-20220825/UBNA_002/20220823_033000.WAV,Telephone Field,recover-20220825,002,1795
1365.0055,1365.0178,22031,26248,Nyctalus leisleri,0.016,0.031,-1,Echolocation,/mnt/ubna_data_01_mir/recover-20220825/UBNA_002/20220823_033000.WAV,Telephone Field,recover-20220825,002,1795
1365.0075,1365.0134,39218,53731,Myotis brandtii,0.01,0.024,-1,Echolocation,/mnt/ubna_data_01_mir/recover-20220825/UBNA_002/20220823_033000.WAV,Telephone Field,recover-20220825,002,1795
1365.0135,1365.0506,68437,82076,Rhinolophus ferrumequinum,0.024,0.024,-1,Echolocation,/mnt/ubna_data_01_mir/recover-20220825/UBNA_002/20220823_033000.WAV,Telephone Field,recover-20220825,002,1795
1365.0645,1365.0718,41796,47502,Pipistrellus nathusii,0.166,0.204,-1,Echolocation,/mnt/ubna_data_01_mir/recover-20220825/UBNA_002/20220823_033000.WAV,Telephone Field,recover-20220825,002,1795
1365.0645,1365.0709,31484,57257,Myotis brandtii,0.011,0.023,-1,Echolocation,/mnt/ubna_data_01_mir/recover-20220825/UBNA_002/20220823_033000.WAV,Telephone Field,recover-20220825,002,1795
1365.0755,1365.116,68437,82998,Rhinolophus ferrumequinum,0.049,0.049,-1,Echolocation,/mnt/ubna_data_01_mir/recover-20220825/UBNA_002/20220823_033000.WAV,Telephone Field,recover-20220825,002,1795
1365.1125,1365.1503,68437,82236,Rhinolophus ferrumequinum,0.023,0.023,-1,Echolocation,/mnt/ubna_data_01_mir/recover-20220825/UBNA_002/20220823_033000.WAV,Telephone Field,recover-20220825,002,1795
1365.1335,1365.1399,28046,41561,Myotis daubentonii,0.007,0.022,-1,Echolocation,/mnt/ubna_data_01_mir/recover-20220825/UBNA_002/20220823_033000.WAV,Telephone Field,recover-20220825,002,1795
1365.1335,1365.1417,41796,47681,Pipistrellus nathusii,0.314,0.364,-1,Echolocation,/mnt/ubna_data_01_mir/recover-20220825/UBNA_002/20220823_033000.WAV,Telephone Field,recover-20220825,002,1795
1365.1515,1365.1905,68437,82483,Rhinolophus ferrumequinum,0.024,0.024,-1,Echolocation,/mnt/ubna_data_01_mir/recover-20220825/UBNA_002/20220823_033000.WAV,Telephone Field,recover-20220825,002,1795
1365.1565,1365.1949,68437,82204,Rhinolophus ferrumequinum,0.024,0.024,-1,Echolocation,/mnt/ubna_data_01_mir/recover-20220825/UBNA_002/20220823_033000.WAV,Telephone Field,recover-20220825,002,1795
1365.1665,1365.1753,40937,45764,Pipistrellus nathusii,0.017,0.027,-1,Echolocation,/mnt/ubna_data_01_mir/recover-20220825/UBNA_002/20220823_033000.WAV,Telephone Field,recover-20220825,002,1795
1365.1725,1365.2109,68437,82307,Rhinolophus ferrumequinum,0.023,0.024,-1,Echolocation,/mnt/ubna_data_01_mir/recover-20220825/UBNA_002/20220823_033000.WAV,Telephone Field,recover-20220825,002,1795
1365.2115,1365.2504,68437,82364,Rhinolophus ferrumequinum,0.024,0.024,-1,Echolocation,/mnt/ubna_data_01_mir/recover-20220825/UBNA_002/20220823_033000.WAV,Telephone Field,recover-20220825,002,1795
1365.2205,1365.2279,40078,48143,Pipistrellus nathusii,0.347,0.514,-1,Echolocation,/mnt/ubna_data_01_mir/recover-20220825/UBNA_002/20220823_033000.WAV,Telephone Field,recover-20220825,002,1795
1365.2255,1365.2356,22890,28450,Nyctalus leisleri,0.012,0.025,-1,Echolocation,/mnt/ubna_data_01_mir/recover-20220825/UBNA_002/20220823_033000.WAV,Telephone Field,recover-20220825,002,1795
1365.2265,1365.2631,68437,82142,Rhinolophus ferrumequinum,0.025,0.025,-1,Echolocation,/mnt/ubna_data_01_mir/recover-20220825/UBNA_002/20220823_033000.WAV,Telephone Field,recover-20220825,002,1795
1365.2555,1365.3,68437,83499,Rhinolophus ferrumequinum,0.03,0.03,-1,Echolocation,/mnt/ubna_data_01_mir/recover-20220825/UBNA_002/20220823_033000.WAV,Telephone Field,recover-20220825,002,1795
1365.2605,1365.2687,26328,35479,Eptesicus serotinus,0.014,0.034,-1,Echolocation,/mnt/ubna_data_01_mir/recover-20220825/UBNA_002/20220823_033000.WAV,Telephone Field,recover-20220825,002,1795
1365.2785,1365.3177,68437,82185,Rhinolophus ferrumequinum,0.022,0.022,-1,Echolocation,/mnt/ubna_data_01_mir/recover-20220825/UBNA_002/20220823_033000.WAV,Telephone Field,recover-20220825,002,1795
1365.2885,1365.2943,38359,47201,Pipistrellus nathusii,0.138,0.384,-1,Echolocation,/mnt/ubna_data_01_mir/recover-20220825/UBNA_002/20220823_033000.WAV,Telephone Field,recover-20220825,002,1795
1365.2935,1365.3312,68437,81687,Rhinolophus ferrumequinum,0.022,0.022,-1,Echolocation,/mnt/ubna_data_01_mir/recover-20220825/UBNA_002/20220823_033000.WAV,Telephone Field,recover-20220825,002,1795
1365.3305,1365.3401,57265,63095,Pipistrellus pygmaeus,0.021,0.022,-1,Echolocation,/mnt/ubna_data_01_mir/recover-20220825/UBNA_002/20220823_033000.WAV,Telephone Field,recover-20220825,002,1795
1365.3415,1365.3814,68437,82185,Rhinolophus ferrumequinum,0.025,0.025,-1,Echolocation,/mnt/ubna_data_01_mir/recover-20220825/UBNA_002/20220823_033000.WAV,Telephone Field,recover-20220825,002,1795
1365.3435,1365.3535,23750,29892,Nyctalus leisleri,0.009,0.024,-1,Echolocation,/mnt/ubna_data_01_mir/recover-20220825/UBNA_002/20220823_033000.WAV,Telephone Field,recover-20220825,002,1795
1365.3745,1365.3963,18593,21109,Nyctalus noctula,0.038,0.063,-1,Echolocation,/mnt/ubna_data_01_mir/recover-20220825/UBNA_002/20220823_033000.WAV,Telephone Field,recover-20220825,002,1795
1365.3975,1365.4378,68437,82095,Rhinolophus ferrumequinum,0.024,0.024,-1,Echolocation,/mnt/ubna_data_01_mir/recover-20220825/UBNA_002/20220823_033000.WAV,Telephone Field,recover-20220825,002,1795
1365.4155,1365.4242,28046,36369,Eptesicus serotinus,0.008,0.024,-1,Echolocation,/mnt/ubna_data_01_mir/recover-20220825/UBNA_002/20220823_033000.WAV,Telephone Field,recover-20220825,002,1795
1365.4325,1365.4683,68437,81905,Rhinolophus ferrumequinum,0.025,0.025,-1,Echolocation,/mnt/ubna_data_01_mir/recover-20220825/UBNA_002/20220823_033000.WAV,Telephone Field,recover-20220825,002,1795
1365.4525,1365.4925,68437,82418,Rhinolophus ferrumequinum,0.024,0.024,-1,Echolocation,/mnt/ubna_data_01_mir/recover-20220825/UBNA_002/20220823_033000.WAV,Telephone Field,recover-20220825,002,1795
1365.4645,1365.5044,68437,82622,Rhinolophus ferrumequinum,0.023,0.023,-1,Echolocation,/mnt/ubna_data_01_mir/recover-20220825/UBNA_002/20220823_033000.WAV,Telephone Field,recover-20220825,002,1795
1365.4905,1365.5307,68437,82348,Rhinolophus ferrumequinum,0.022,0.022,-1,Echolocation,/mnt/ubna_data_01_mir/recover-20220825/UBNA_002/20220823_033000.WAV,Telephone Field,recover-20220825,002,1795
1365.5295,1365.5378,36640,45484,Pipistrellus nathusii,0.019,0.046,-1,Echolocation,/mnt/ubna_data_01_mir/recover-20220825/UBNA_002/20220823_033000.WAV,Telephone Field,recover-20220825,002,1795
1365.5315,1365.5705,68437,82820,Rhinolophus ferrumequinum,0.022,0.022,-1,Echolocation,/mnt/ubna_data_01_mir/recover-20220825/UBNA_002/20220823_033000.WAV,Telephone Field,recover-20220825,002,1795
1365.5475,1365.5873,68437,83001,Rhinolophus ferrumequinum,0.022,0.022,-1,Echolocation,/mnt/ubna_data_01_mir/recover-20220825/UBNA_002/20220823_033000.WAV,Telephone Field,recover-20220825,002,1795
1365.5495,1365.555,39218,49401,Pipistrellus nathusii,0.079,0.245,-1,Echolocation,/mnt/ubna_data_01_mir/recover-20220825/UBNA_002/20220823_033000.WAV,Telephone Field,recover-20220825,002,1795
1365.5765,1365.6185,68437,82770,Rhinolophus ferrumequinum,0.027,0.027,-1,Echolocation,/mnt/ubna_data_01_mir/recover-20220825/UBNA_002/20220823_033000.WAV,Telephone Field,recover-20220825,002,1795
1365.5915,1365.6323,68437,82786,Rhinolophus ferrumequinum,0.024,0.024,-1,Echolocation,/mnt/ubna_data_01_mir/recover-20220825/UBNA_002/20220823_033000.WAV,Telephone Field,recover-20220825,002,1795
1365.6025,1365.6434,68437,82265,Rhinolophus ferrumequinum,0.023,0.023,-1,Echolocation,/mnt/ubna_data_01_mir/recover-20220825/UBNA_002/20220823_033000.WAV,Telephone Field,recover-20220825,002,1795
1365.6345,1365.6434,28046,35802,Eptesicus serotinus,0.01,0.023,-1,Echolocation,/mnt/ubna_data_01_mir/recover-20220825/UBNA_002/20220823_033000.WAV,Telephone Field,recover-20220825,002,1795
1365.6555,1365.6965,68437,82472,Rhinolophus ferrumequinum,0.028,0.028,-1,Echolocation,/mnt/ubna_data_01_mir/recover-20220825/UBNA_002/20220823_033000.WAV,Telephone Field,recover-20220825,002,1795
1365.6745,1365.6823,54687,61511,Pipistrellus pygmaeus,0.023,0.025,-1,Echolocation,/mnt/ubna_data_01_mir/recover-20220825/UBNA_002/20220823_033000.WAV,Telephone Field,recover-20220825,002,1795
1365.7255,1365.7684,68437,82957,Rhinolophus ferrumequinum,0.035,0.035,-1,Echolocation,/mnt/ubna_data_01_mir/recover-20220825/UBNA_002/20220823_033000.WAV,Telephone Field,recover-20220825,002,1795
1365.7285,1365.7354,28046,39813,Eptesicus serotinus,0.008,0.028,-1,Echolocation,/mnt/ubna_data_01_mir/recover-20220825/UBNA_002/20220823_033000.WAV,Telephone Field,recover-20220825,002,1795
1365.7525,1365.7907,68437,82294,Rhinolophus ferrumequinum,0.023,0.023,-1,Echolocation,/mnt/ubna_data_01_mir/recover-20220825/UBNA_002/20220823_033000.WAV,Telephone Field,recover-20220825,002,1795
1365.7905,1365.7999,26328,35091,Eptesicus serotinus,0.009,0.023,-1,Echolocation,/mnt/ubna_data_01_mir/recover-20220825/UBNA_002/20220823_033000.WAV,Telephone Field,recover-20220825,002,1795
1365.7955,1365.8025,55546,60803,Pipistrellus pygmaeus,0.023,0.024,-1,Echolocation,/mnt/ubna_data_01_mir/recover-20220825/UBNA_002/20220823_033000.WAV,Telephone Field,recover-20220825,002,1795
1365.7975,1365.8043,40937,50868,Pipistrellus nathusii,0.008,0.022,-1,Echolocation,/mnt/ubna_data_01_mir/recover-20220825/UBNA_002/20220823_033000.WAV,Telephone Field,recover-20220825,002,1795
1365.7985,1365.8401,68437,82835,Rhinolophus ferrumequinum,0.053,0.053,-1,Echolocation,/mnt/ubna_data_01_mir/recover-20220825/UBNA_002/20220823_033000.WAV,Telephone Field,recover-20220825,002,1795
1365.7995,1365.8072,27187,40955,Eptesicus serotinus,0.007,0.022,-1,Echolocation,/mnt/ubna_data_01_mir/recover-20220825/UBNA_002/20220823_033000.WAV,Telephone Field,recover-20220825,002,1795
1365.8195,1365.838,21171,24242,Nyctalus leisleri,0.016,0.028,-1,Echolocation,/mnt/ubna_data_01_mir/recover-20220825/UBNA_002/20220823_033000.WAV,Telephone Field,recover-20220825,002,1795
1365.8425,1365.8818,68437,82030,Rhinolophus ferrumequinum,0.026,0.026,-1,Echolocation,/mnt/ubna_data_01_mir/recover-20220825/UBNA_002/20220823_033000.WAV,Telephone Field,recover-20220825,002,1795
1365.8465,1365.8583,28046,34082,Eptesicus serotinus,0.015,0.029,-1,Echolocation,/mnt/ubna_data_01_mir/recover-20220825/UBNA_002/20220823_033000.WAV,Telephone Field,recover-20220825,002,1795
1365.8775,1365.888,40937,44940,Pipistrellus nathusii,0.023,0.035,-1,Echolocation,/mnt/ubna_data_01_mir/recover-20220825/UBNA_002/20220823_033000.WAV,Telephone Field,recover-20220825,002,1795
1365.9235,1365.9322,26328,34189,Eptesicus serotinus,0.01,0.026,-1,Echolocation,/mnt/ubna_data_01_mir/recover-20220825/UBNA_002/20220823_033000.WAV,Telephone Field,recover-20220825,002,1795
1365.9335,1365.9728,68437,82600,Rhinolophus ferrumequinum,0.025,0.025,-1,Echolocation,/mnt/ubna_data_01_mir/recover-20220825/UBNA_002/20220823_033000.WAV,Telephone Field,recover-20220825,002,1795
1366.0015,1366.03,69296,80849,Rhinolophus ferrumequinum,0.028,0.028,-1,Echolocation,/mnt/ubna_data_01_mir/recover-20220825/UBNA_002/20220823_033000.WAV,Telephone Field,recover-20220825,002,1795
1366.0015,1366.0116,22031,26438,Nyctalus leisleri,0.018,0.037,-1,Echolocation,/mnt/ubna_data_01_mir/recover-20220825/UBNA_002/20220823_033000.WAV,Telephone Field,recover-20220825,002,1795
1366.0485,1366.0567,28046,41076,Eptesicus serotinus,0.009,0.026,-1,Echolocation,/mnt/ubna_data_01_mir/recover-20220825/UBNA_002/20220823_033000.WAV,Telephone Field,recover-20220825,002,1795
1366.0525,1366.0859,68437,81038,Rhinolophus ferrumequinum,0.021,0.021,-1,Echolocation,/mnt/ubna_data_01_mir/recover-20220825/UBNA_002/20220823_033000.WAV,Telephone Field,recover-20220825,002,1795
1366.0715,1366.1117,68437,82424,Rhinolophus ferrumequinum,0.022,0.022,-1,Echolocation,/mnt/ubna_data_01_mir/recover-20220825/UBNA_002/20220823_033000.WAV,Telephone Field,recover-20220825,002,1795
1366.1275,1366.1657,68437,82433,Rhinolophus ferrumequinum,0.023,0.023,-1,Echolocation,/mnt/ubna_data_01_mir/recover-20220825/UBNA_002/20220823_033000.WAV,Telephone Field,recover-20220825,002,1795
1366.1325,1366.1433,38359,43895,Pipistrellus nathusii,0.016,0.024,-1,Echolocation,/mnt/ubna_data_01_mir/recover-20220825/UBNA_002/20220823_033000.WAV,Telephone Field,recover-20220825,002,1795
1366.1705,1366.2096,68437,82588,Rhinolophus ferrumequinum,0.027,0.027,-1,Echolocation,/mnt/ubna_data_01_mir/recover-20220825/UBNA_002/20220823_033000.WAV,Telephone Field,recover-20220825,002,1795
1366.1915,1366.2276,68437,82506,Rhinolophus ferrumequinum,0.023,0.023,-1,Echolocation,/mnt/ubna_data_01_mir/recover-20220825/UBNA_002/20220823_033000.WAV,Telephone Field,recover-20220825,002,1795
1366.1945,1366.2032,28046,38109,Eptesicus serotinus,0.008,0.023,-1,Echolocation,/mnt/ubna_data_01_mir/recover-20220825/UBNA_002/20220823_033000.WAV,Telephone Field,recover-20220825,002,1795
1366.2225,1366.2425,19453,22211,Nyctalus leisleri,0.014,0.026,-1,Echolocation,/mnt/ubna_data_01_mir/recover-20220825/UBNA_002/20220823_033000.WAV,Telephone Field,recover-20220825,002,1795
1366.2435,1366.2826,68437,82242,Rhinolophus ferrumequinum,0.024,0.024,-1,Echolocation,/mnt/ubna_data_01_mir/recover-20220825/UBNA_002/20220823_033000.WAV,Telephone Field,recover-20220825,002,1795
1366.2465,1366.258,15156,21304,Nyctalus noctula,0.018,0.028,-1,Echolocation,/mnt/ubna_data_01_mir/recover-20220825/UBNA_002/20220823_033000.WAV,Telephone Field,recover-20220825,002,1795
1366.2645,1366.3038999999999,68437,82400,Rhinolophus ferrumequinum,0.022,0.022,-1,Echolocation,/mnt/ubna_data_01_mir/recover-20220825/UBNA_002/20220823_033000.WAV,Telephone Field,recover-20220825,002,1795
1366.2805,1366.3152,68437,81394,Rhinolophus ferrumequinum,0.021,0.021,-1,Echolocation,/mnt/ubna_data_01_mir/recover-20220825/UBNA_002/20220823_033000.WAV,Telephone Field,recover-20220825,002,1795
1366.2865,1366.293,27187,40297,Eptesicus serotinus,0.005,0.021,-1,Echolocation,/mnt/ubna_data_01_mir/recover-20220825/UBNA_002/20220823_033000.WAV,Telephone Field,recover-20220825,002,1795
1366.3235,1366.3336,22031,27107,Nyctalus leisleri,0.009,0.021,-1,Echolocation,/mnt/ubna_data_01_mir/recover-20220825/UBNA_002/20220823_033000.WAV,Telephone Field,recover-20220825,002,1795
1366.3475,1366.3828,68437,81087,Rhinolophus ferrumequinum,0.022,0.022,-1,Echolocation,/mnt/ubna_data_01_mir/recover-20220825/UBNA_002/20220823_033000.WAV,Telephone Field,recover-20220825,002,1795
1366.3635,1366.3718,28046,37478,Eptesicus serotinus,0.007,0.021,-1,Echolocation,/mnt/ubna_data_01_mir/recover-20220825/UBNA_002/20220823_033000.WAV,Telephone Field,recover-20220825,002,1795
1366.3785,1366.416,68437,81295,Rhinolophus ferrumequinum,0.025,0.025,-1,Echolocation,/mnt/ubna_data_01_mir/recover-20220825/UBNA_002/20220823_033000.WAV,Telephone Field,recover-20220825,002,1795
1366.3845,1366.4249,68437,82755,Rhinolophus ferrumequinum,0.026,0.026,-1,Echolocation,/mnt/ubna_data_01_mir/recover-20220825/UBNA_002/20220823_033000.WAV,Telephone Field,recover-20220825,002,1795
1366.3955,1366.404,35781,41734,Pipistrellus nathusii,0.008,0.024,-1,Echolocation,/mnt/ubna_data_01_mir/recover-20220825/UBNA_002/20220823_033000.WAV,Telephone Field,recover-20220825,002,1795
1366.4295,1366.4659,68437,81533,Rhinolophus ferrumequinum,0.025,0.025,-1,Echolocation,/mnt/ubna_data_01_mir/recover-20220825/UBNA_002/20220823_033000.WAV,Telephone Field,recover-20220825,002,1795
1366.4395,1366.45,22031,27402,Nyctalus leisleri,0.009,0.021,-1,Echolocation,/mnt/ubna_data_01_mir/recover-20220825/UBNA_002/20220823_033000.WAV,Telephone Field,recover-20220825,002,1795
1366.4635,1366.5028,68437,81719,Rhinolophus ferrumequinum,0.023,0.023,-1,Echolocation,/mnt/ubna_data_01_mir/recover-20220825/UBNA_002/20220823_033000.WAV,Telephone Field,recover-20220825,002,1795
1366.4865,1366.5241,68437,82256,Rhinolophus ferrumequinum,0.021,0.021,-1,Echolocation,/mnt/ubna_data_01_mir/recover-20220825/UBNA_002/20220823_033000.WAV,Telephone Field,recover-20220825,002,1795
1366.5205,1366.5618,68437,82254,Rhinolophus ferrumequinum,0.022,0.022,-1,Echolocation,/mnt/ubna_data_01_mir/recover-20220825/UBNA_002/20220823_033000.WAV,Telephone Field,recover-20220825,002,1795
1366.5285,1366.5712,68437,83091,Rhinolophus ferrumequinum,0.024,0.024,-1,Echolocation,/mnt/ubna_data_01_mir/recover-20220825/UBNA_002/20220823_033000.WAV,Telephone Field,recover-20220825,002,1795
1366.5325,1366.542,47812,51744,Pipistrellus pipistrellus,0.022,0.026,-1,Echolocation,/mnt/ubna_data_01_mir/recover-20220825/UBNA_002/20220823_033000.WAV,Telephone Field,recover-20220825,002,1795
1366.5525,1366.59,68437,81107,Rhinolophus ferrumequinum,0.025,0.025,-1,Echolocation,/mnt/ubna_data_01_mir/recover-20220825/UBNA_002/20220823_033000.WAV,Telephone Field,recover-20220825,002,1795
1366.5605,1366.5921,68437,80782,Rhinolophus ferrumequinum,0.028,0.028,-1,Echolocation,/mnt/ubna_data_01_mir/recover-20220825/UBNA_002/20220823_033000.WAV,Telephone Field,recover-20220825,002,1795
1366.5855,1366.6259,68437,82241,Rhinolophus ferrumequinum,0.023,0.023,-1,Echolocation,/mnt/ubna_data_01_mir/recover-20220825/UBNA_002/20220823_033000.WAV,Telephone Field,recover-20220825,002,1795
1366.6155,1366.6491,68437,81138,Rhinolophus ferrumequinum,0.033,0.033,-1,Echolocation,/mnt/ubna_data_01_mir/recover-20220825/UBNA_002/20220823_033000.WAV,Telephone Field,recover-20220825,002,1795
1366.6285,1366.6649,68437,81947,Rhinolophus ferrumequinum,0.024,0.024,-1,Echolocation,/mnt/ubna_data_01_mir/recover-20220825/UBNA_002/20220823_033000.WAV,Telephone Field,recover-20220825,002,1795
1366.6325,1366.6436,23750,29447,Nyctalus leisleri,0.01,0.022,-1,Echolocation,/mnt/ubna_data_01_mir/recover-20220825/UBNA_002/20220823_033000.WAV,Telephone Field,recover-20220825,002,1795
1366.6525,1366.663,39218,46060,Pipistrellus nathusii,0.016,0.029,-1,Echolocation,/mnt/ubna_data_01_mir/recover-20220825/UBNA_002/20220823_033000.WAV,Telephone Field,recover-20220825,002,1795
1366.6545,1366.6949,68437,83027,Rhinolophus ferrumequinum,0.024,0.024,-1,Echolocation,/mnt/ubna_data_01_mir/recover-20220825/UBNA_002/20220823_033000.WAV,Telephone Field,recover-20220825,002,1795
1366.6715,1366.7115,68437,82749,Rhinolophus ferrumequinum,0.023,0.023,-1,Echolocation,/mnt/ubna_data_01_mir/recover-20220825/UBNA_002/20220823_033000.WAV,Telephone Field,recover-20220825,002,1795
1366.6845,1366.7225,68437,81873,Rhinolophus ferrumequinum,0.023,0.023,-1,Echolocation,/mnt/ubna_data_01_mir/recover-20220825/UBNA_002/20220823_033000.WAV,Telephone Field,recover-20220825,002,1795
1366.6845,1366.6952,22890,27810,Nyctalus leisleri,0.01,0.022,-1,Echolocation,/mnt/ubna_data_01_mir/recover-20220825/UBNA_002/20220823_033000.WAV,Telephone Field,recover-20220825,002,1795
1366.6935,1366.7329,68437,82672,Rhinolophus ferrumequinum,0.023,0.023,-1,Echolocation,/mnt/ubna_data_01_mir/recover-20220825/UBNA_002/20220823_033000.WAV,Telephone Field,recover-20220825,002,1795
1366.7145,1366.7544,68437,83036,Rhinolophus ferrumequinum,0.024,0.024,-1,Echolocation,/mnt/ubna_data_01_mir/recover-20220825/UBNA_002/20220823_033000.WAV,Telephone Field,recover-20220825,002,1795
1366.7255,1366.7355,23750,29697,Nyctalus leisleri,0.009,0.022,-1,Echolocation,/mnt/ubna_data_01_mir/recover-20220825/UBNA_002/20220823_033000.WAV,Telephone Field,recover-20220825,002,1795
1366.7475,1366.76,23750,28593,Nyctalus leisleri,0.012,0.024,-1,Echolocation,/mnt/ubna_data_01_mir/recover-20220825/UBNA_002/20220823_033000.WAV,Telephone Field,recover-20220825,002,1795
1366.7485,1366.7589,43515,49405,Pipistrellus pipistrellus,0.015,0.021,-1,Echolocation,/mnt/ubna_data_01_mir/recover-20220825/UBNA_002/20220823_033000.WAV,Telephone Field,recover-20220825,002,1795
1366.7865,1366.824,68437,82153,Rhinolophus ferrumequinum,0.022,0.022,-1,Echolocation,/mnt/ubna_data_01_mir/recover-20220825/UBNA_002/20220823_033000.WAV,Telephone Field,recover-20220825,002,1795
1366.7875,1366.7948,27187,40799,Eptesicus serotinus,0.007,0.024,-1,Echolocation,/mnt/ubna_data_01_mir/recover-20220825/UBNA_002/20220823_033000.WAV,Telephone Field,recover-20220825,002,1795
1366.8245,1366.8647,68437,82418,Rhinolophus ferrumequinum,0.032,0.032,-1,Echolocation,/mnt/ubna_data_01_mir/recover-20220825/UBNA_002/20220823_033000.WAV,Telephone Field,recover-20220825,002,1795
1366.8355,1366.8443,24609,32227,Eptesicus serotinus,0.006,0.022,-1,Echolocation,/mnt/ubna_data_01_mir/recover-20220825/UBNA_002/20220823_033000.WAV,Telephone Field,recover-20220825,002,1795
1366.8405,1366.8805,68437,82563,Rhinolophus ferrumequinum,0.03,0.03,-1,Echolocation,/mnt/ubna_data_01_mir/recover-20220825/UBNA_002/20220823_033000.WAV,Telephone Field,recover-20220825,002,1795
1366.8435,1366.852,23750,31075,Plecotus austriacus,0.006,0.021,-1,Echolocation,/mnt/ubna_data_01_mir/recover-20220825/UBNA_002/20220823_033000.WAV,Telephone Field,recover-20220825,002,1795
1366.8705,1366.9099,68437,81794,Rhinolophus ferrumequinum,0.032,0.032,-1,Echolocation,/mnt/ubna_data_01_mir/recover-20220825/UBNA_002/20220823_033000.WAV,Telephone Field,recover-20220825,002,1795
1366.9295,1366.9398,46953,50562,Pipistrellus pipistrellus,0.021,0.023,-1,Echolocation,/mnt/ubna_data_01_mir/recover-20220825/UBNA_002/20220823_033000.WAV,Telephone Field,recover-20220825,002,1795
1366.9505,1366.9684,22031,25959,Nyctalus leisleri,0.028,0.058,-1,Echolocation,/mnt/ubna_data_01_mir/recover-20220825/UBNA_002/20220823_033000.WAV,Telephone Field,recover-20220825,002,1795
1366.9515,1366.9626,44375,48257,Pipistrellus pipistrellus,0.02,0.023,-1,Echolocation,/mnt/ubna_data_01_mir/recover-20220825/UBNA_002/20220823_033000.WAV,Telephone Field,recover-20220825,002,1795
1366.9755,1366.9825,28046,38990,Eptesicus serotinus,0.007,0.026,-1,Echolocation,/mnt/ubna_data_01_mir/recover-20220825/UBNA_002/20220823_033000.WAV,Telephone Field,recover-20220825,002,1795
1367.0645,1367.1008,68437,81852,Rhinolophus ferrumequinum,0.021,0.021,-1,Echolocation,/mnt/ubna_data_01_mir/recover-20220825/UBNA_002/20220823_033000.WAV,Telephone Field,recover-20220825,002,1795
1367.0805,1367.1226,68437,83152,Rhinolophus ferrumequinum,0.03,0.03,-1,Echolocation,/mnt/ubna_data_01_mir/recover-20220825/UBNA_002/20220823_033000.WAV,Telephone Field,recover-20220825,002,1795
1367.1025,1367.1113,23750,31147,Plecotus austriacus,0.007,0.021,-1,Echolocation,/mnt/ubna_data_01_mir/recover-20220825/UBNA_002/20220823_033000.WAV,Telephone Field,recover-20220825,002,1795
1367.1255,1367.1604,68437,81287,Rhinolophus ferrumequinum,0.021,0.021,-1,Echolocation,/mnt/ubna_data_01_mir/recover-20220825/UBNA_002/20220823_033000.WAV,Telephone Field,recover-20220825,002,1795
1367.1465,1367.157,28906,35892,Eptesicus serotinus,0.013,0.025,-1,Echolocation,/mnt/ubna_data_01_mir/recover-20220825/UBNA_002/20220823_033000.WAV,Telephone Field,recover-20220825,002,1795
1367.1615,1367.1962,68437,81175,Rhinolophus ferrumequinum,0.021,0.021,-1,Echolocation,/mnt/ubna_data_01_mir/recover-20220825/UBNA_002/20220823_033000.WAV,Telephone Field,recover-20220825,002,1795
1367.1805,1367.1886,22890,30792,Plecotus austriacus,0.011,0.025,-1,Echolocation,/mnt/ubna_data_01_mir/recover-20220825/UBNA_002/20220823_033000.WAV,Telephone Field,recover-20220825,002,1795
1367.1955,1367.2334,68437,82014,Rhinolophus ferrumequinum,0.022,0.022,-1,Echolocation,/mnt/ubna_data_01_mir/recover-20220825/UBNA_002/20220823_033000.WAV,Telephone Field,recover-20220825,002,1795
1367.2065,1367.2198,44375,47209,Pipistrellus pipistrellus,0.027,0.03,-1,Echolocation,/mnt/ubna_data_01_mir/recover-20220825/UBNA_002/20220823_033000.WAV,Telephone Field,recover-20220825,002,1795
1367.2345,1367.246,22890,28221,Nyctalus leisleri,0.011,0.023,-1,Echolocation,/mnt/ubna_data_01_mir/recover-20220825/UBNA_002/20220823_033000.WAV,Telephone Field,recover-20220825,002,1795
1367.2545,1367.2923,68437,82087,Rhinolophus ferrumequinum,0.023,0.023,-1,Echolocation,/mnt/ubna_data_01_mir/recover-20220825/UBNA_002/20220823_033000.WAV,Telephone Field,recover-20220825,002,1795
1367.2675,1367.2803,28906,33540,Eptesicus serotinus,0.033,0.07,-1,Echolocation,/mnt/ubna_data_01_mir/recover-20220825/UBNA_002/20220823_033000.WAV,Telephone Field,recover-20220825,002,1795
1367.2715,1367.3081,68437,81967,Rhinolophus ferrumequinum,0.021,0.021,-1,Echolocation,/mnt/ubna_data_01_mir/recover-20220825/UBNA_002/20220823_033000.WAV,Telephone Field,recover-20220825,002,1795
1367.3075,1367.3164,28906,36629,Eptesicus serotinus,0.009,0.024,-1,Echolocation,/mnt/ubna_data_01_mir/recover-20220825/UBNA_002/20220823_033000.WAV,Telephone Field,recover-20220825,002,1795
1367.3195,1367.3555,68437,81810,Rhinolophus ferrumequinum,0.024,0.024,-1,Echolocation,/mnt/ubna_data_01_mir/recover-20220825/UBNA_002/20220823_033000.WAV,Telephone Field,recover-20220825,002,1795
1367.3355,1367.3745,68437,82551,Rhinolophus ferrumequinum,0.025,0.025,-1,Echolocation,/mnt/ubna_data_01_mir/recover-20220825/UBNA_002/20220823_033000.WAV,Telephone Field,recover-20220825,002,1795
1367.3425,1367.3813,68437,82364,Rhinolophus ferrumequinum,0.022,0.022,-1,Echolocation,/mnt/ubna_data_01_mir/recover-20220825/UBNA_002/20220823_033000.WAV,Telephone Field,recover-20220825,002,1795
1367.3435,1367.3523,26328,34415,Eptesicus serotinus,0.008,0.021,-1,Echolocation,/mnt/ubna_data_01_mir/recover-20220825/UBNA_002/20220823_033000.WAV,Telephone Field,recover-20220825,002,1795
1367.3905,1367.3997,14296,21085,Nyctalus noctula,0.011,0.031,-1,Echolocation,/mnt/ubna_data_01_mir/recover-20220825/UBNA_002/20220823_033000.WAV,Telephone Field,recover-20220825,002,1795
1367.3945,1367.4323,68437,82469,Rhinolophus ferrumequinum,0.023,0.023,-1,Echolocation,/mnt/ubna_data_01_mir/recover-20220825/UBNA_002/20220823_033000.WAV,Telephone Field,recover-20220825,002,1795
1367.4175,1367.4293,21171,25922,Nyctalus leisleri,0.011,0.025,-1,Echolocation,/mnt/ubna_data_01_mir/recover-20220825/UBNA_002/20220823_033000.WAV,Telephone Field,recover-20220825,002,1795
1367.4375,1367.4794,68437,82227,Rhinolophus ferrumequinum,0.027,0.027,-1,Echolocation,/mnt/ubna_data_01_mir/recover-20220825/UBNA_002/20220823_033000.WAV,Telephone Field,recover-20220825,002,1795
1367.4605,1367.4777,19453,23507,Nyctalus leisleri,0.011,0.026,-1,Echolocation,/mnt/ubna_data_01_mir/recover-20220825/UBNA_002/20220823_033000.WAV,Telephone Field,recover-20220825,002,1795
1367.4985,1367.5091,28046,35031,Eptesicus serotinus,0.011,0.025,-1,Echolocation,/mnt/ubna_data_01_mir/recover-20220825/UBNA_002/20220823_033000.WAV,Telephone Field,recover-20220825,002,1795
1367.5165,1367.5277,23750,30017,Nyctalus leisleri,0.01,0.026,-1,Echolocation,/mnt/ubna_data_01_mir/recover-20220825/UBNA_002/20220823_033000.WAV,Telephone Field,recover-20220825,002,1795
1367.5245,1367.5303,46953,56139,Pipistrellus pipistrellus,0.021,0.023,-1,Echolocation,/mnt/ubna_data_01_mir/recover-20220825/UBNA_002/20220823_033000.WAV,Telephone Field,recover-20220825,002,1795
1367.5255,1367.5361,26328,32194,Eptesicus serotinus,0.01,0.026,-1,Echolocation,/mnt/ubna_data_01_mir/recover-20220825/UBNA_002/20220823_033000.WAV,Telephone Field,recover-20220825,002,1795
1367.5435,1367.5852,68437,82812,Rhinolophus ferrumequinum,0.031,0.031,-1,Echolocation,/mnt/ubna_data_01_mir/recover-20220825/UBNA_002/20220823_033000.WAV,Telephone Field,recover-20220825,002,1795
1367.5495,1367.5571,27187,35130,Eptesicus serotinus,0.008,0.024,-1,Echolocation,/mnt/ubna_data_01_mir/recover-20220825/UBNA_002/20220823_033000.WAV,Telephone Field,recover-20220825,002,1795
1367.5635,1367.603,68437,82010,Rhinolophus ferrumequinum,0.022,0.022,-1,Echolocation,/mnt/ubna_data_01_mir/recover-20220825/UBNA_002/20220823_033000.WAV,Telephone Field,recover-20220825,002,1795
1367.5985,1367.6391,68437,82031,Rhinolophus ferrumequinum,0.024,0.024,-1,Echolocation,/mnt/ubna_data_01_mir/recover-20220825/UBNA_002/20220823_033000.WAV,Telephone Field,recover-20220825,002,1795
1367.6425,1367.6538,22890,27356,Nyctalus leisleri,0.015,0.027,-1,Echolocation,/mnt/ubna_data_01_mir/recover-20220825/UBNA_002/20220823_033000.WAV,Telephone Field,recover-20220825,002,1795
1367.6505,1367.6878,68437,82219,Rhinolophus ferrumequinum,0.021,0.021,-1,Echolocation,/mnt/ubna_data_01_mir/recover-20220825/UBNA_002/20220823_033000.WAV,Telephone Field,recover-20220825,002,1795
1367.6715,1367.6778,26328,40655,Myotis nattereri,0.005,0.022,-1,Echolocation,/mnt/ubna_data_01_mir/recover-20220825/UBNA_002/20220823_033000.WAV,Telephone Field,recover-20220825,002,1795
1367.6865,1367.7269000000001,68437,82354,Rhinolophus ferrumequinum,0.024,0.024,-1,Echolocation,/mnt/ubna_data_01_mir/recover-20220825/UBNA_002/20220823_033000.WAV,Telephone Field,recover-20220825,002,1795
1367.7555,1367.7981,68437,82975,Rhinolophus ferrumequinum,0.024,0.024,-1,Echolocation,/mnt/ubna_data_01_mir/recover-20220825/UBNA_002/20220823_033000.WAV,Telephone Field,recover-20220825,002,1795
1367.7615,1367.8027,68437,82695,Rhinolophus ferrumequinum,0.023,0.023,-1,Echolocation,/mnt/ubna_data_01_mir/recover-20220825/UBNA_002/20220823_033000.WAV,Telephone Field,recover-20220825,002,1795
1367.7965,1367.8035,24609,34557,Plecotus austriacus,0.02,0.053,-1,Echolocation,/mnt/ubna_data_01_mir/recover-20220825/UBNA_002/20220823_033000.WAV,Telephone Field,recover-20220825,002,1795
1367.7985,1367.8387,68437,82021,Rhinolophus ferrumequinum,0.037,0.037,-1,Echolocation,/mnt/ubna_data_01_mir/recover-20220825/UBNA_002/20220823_033000.WAV,Telephone Field,recover-20220825,002,1795
1367.8195,1367.8305,23750,30135,Nyctalus leisleri,0.01,0.026,-1,Echolocation,/mnt/ubna_data_01_mir/recover-20220825/UBNA_002/20220823_033000.WAV,Telephone Field,recover-20220825,002,1795
1367.8595,1367.8711,36640,40551,Pipistrellus nathusii,0.018,0.029,-1,Echolocation,/mnt/ubna_data_01_mir/recover-20220825/UBNA_002/20220823_033000.WAV,Telephone Field,recover-20220825,002,1795
1367.8875,1367.8949,28906,40118,Eptesicus serotinus,0.008,0.028,-1,Echolocation,/mnt/ubna_data_01_mir/recover-20220825/UBNA_002/20220823_033000.WAV,Telephone Field,recover-20220825,002,1795
1367.8885,1367.9288999999999,68437,82316,Rhinolophus ferrumequinum,0.023,0.023,-1,Echolocation,/mnt/ubna_data_01_mir/recover-20220825/UBNA_002/20220823_033000.WAV,Telephone Field,recover-20220825,002,1795
1367.8945,1367.9323,68437,81847,Rhinolophus ferrumequinum,0.022,0.022,-1,Echolocation,/mnt/ubna_data_01_mir/recover-20220825/UBNA_002/20220823_033000.WAV,Telephone Field,recover-20220825,002,1795
1367.9305,1367.9706,68437,82505,Rhinolophus ferrumequinum,0.022,0.022,-1,Echolocation,/mnt/ubna_data_01_mir/recover-20220825/UBNA_002/20220823_033000.WAV,Telephone Field,recover-20220825,002,1795
1368.0015,1368.0119,23750,29515,Nyctalus leisleri,0.026,0.051,-1,Echolocation,/mnt/ubna_data_01_mir/recover-20220825/UBNA_002/20220823_033000.WAV,Telephone Field,recover-20220825,002,1795
1368.0015,1368.0105,34921,43553,Myotis daubentonii,0.006,0.02,-1,Echolocation,/mnt/ubna_data_01_mir/recover-20220825/UBNA_002/20220823_033000.WAV,Telephone Field,recover-20220825,002,1795
1368.0025,1368.042,68437,81823,Rhinolophus ferrumequinum,0.021,0.021,-1,Echolocation,/mnt/ubna_data_01_mir/recover-20220825/UBNA_002/20220823_033000.WAV,Telephone Field,recover-20220825,002,1795
1368.0405,1368.078,68437,81001,Rhinolophus ferrumequinum,0.023,0.023,-1,Echolocation,/mnt/ubna_data_01_mir/recover-20220825/UBNA_002/20220823_033000.WAV,Telephone Field,recover-20220825,002,1795
1368.0445,1368.0565,22031,25762,Nyctalus leisleri,0.013,0.021,-1,Echolocation,/mnt/ubna_data_01_mir/recover-20220825/UBNA_002/20220823_033000.WAV,Telephone Field,recover-20220825,002,1795
1368.0615,1368.1012,68437,82637,Rhinolophus ferrumequinum,0.021,0.021,-1,Echolocation,/mnt/ubna_data_01_mir/recover-20220825/UBNA_002/20220823_033000.WAV,Telephone Field,recover-20220825,002,1795
1368.1035,1368.1127,26328,33885,Eptesicus serotinus,0.009,0.023,-1,Echolocation,/mnt/ubna_data_01_mir/recover-20220825/UBNA_002/20220823_033000.WAV,Telephone Field,recover-20220825,002,1795
1368.1195,1368.1275,28046,37046,Eptesicus serotinus,0.006,0.021,-1,Echolocation,/mnt/ubna_data_01_mir/recover-20220825/UBNA_002/20220823_033000.WAV,Telephone Field,recover-20220825,002,1795
1368.1445,1368.1825,68437,82359,Rhinolophus ferrumequinum,0.022,0.022,-1,Echolocation,/mnt/ubna_data_01_mir/recover-20220825/UBNA_002/20220823_033000.WAV,Telephone Field,recover-20220825,002,1795
1368.1865,1368.1929,23750,33083,Plecotus austriacus,0.012,0.025,-1,Echolocation,/mnt/ubna_data_01_mir/recover-20220825/UBNA_002/20220823_033000.WAV,Telephone Field,recover-20220825,002,1795
1368.2055,1368.2153,50390,55457,Pipistrellus pipistrellus,0.019,0.025,-1,Echolocation,/mnt/ubna_data_01_mir/recover-20220825/UBNA_002/20220823_033000.WAV,Telephone Field,recover-20220825,002,1795
1368.2415,1368.2817,68437,82449,Rhinolophus ferrumequinum,0.022,0.022,-1,Echolocation,/mnt/ubna_data_01_mir/recover-20220825/UBNA_002/20220823_033000.WAV,Telephone Field,recover-20220825,002,1795
1368.2905,1368.3017,23750,29284,Nyctalus leisleri,0.011,0.023,-1,Echolocation,/mnt/ubna_data_01_mir/recover-20220825/UBNA_002/20220823_033000.WAV,Telephone Field,recover-20220825,002,1795
1368.2985,1368.3373,68437,82770,Rhinolophus ferrumequinum,0.024,0.024,-1,Echolocation,/mnt/ubna_data_01_mir/recover-20220825/UBNA_002/20220823_033000.WAV,Telephone Field,recover-20220825,002,1795
1368.3405,1368.3512,28906,34211,Eptesicus serotinus,0.016,0.033,-1,Echolocation,/mnt/ubna_data_01_mir/recover-20220825/UBNA_002/20220823_033000.WAV,Telephone Field,recover-20220825,002,1795
1368.3435,1368.3845,68437,82585,Rhinolophus ferrumequinum,0.03,0.03,-1,Echolocation,/mnt/ubna_data_01_mir/recover-20220825/UBNA_002/20220823_033000.WAV,Telephone Field,recover-20220825,002,1795
1368.3655,1368.4066,68437,82903,Rhinolophus ferrumequinum,0.023,0.023,-1,Echolocation,/mnt/ubna_data_01_mir/recover-20220825/UBNA_002/20220823_033000.WAV,Telephone Field,recover-20220825,002,1795
1368.4345,1368.444,23750,30720,Nyctalus leisleri,0.008,0.026,-1,Echolocation,/mnt/ubna_data_01_mir/recover-20220825/UBNA_002/20220823_033000.WAV,Telephone Field,recover-20220825,002,1795
1368.4775,1368.4885,28046,35032,Eptesicus serotinus,0.018,0.033,-1,Echolocation,/mnt/ubna_data_01_mir/recover-20220825/UBNA_002/20220823_033000.WAV,Telephone Field,recover-20220825,002,1795
1368.5465,1368.5847,68437,82047,Rhinolophus ferrumequinum,0.024,0.024,-1,Echolocation,/mnt/ubna_data_01_mir/recover-20220825/UBNA_002/20220823_033000.WAV,Telephone Field,recover-20220825,002,1795
1368.5615,1368.5971,68437,81777,Rhinolophus ferrumequinum,0.021,0.021,-1,Echolocation,/mnt/ubna_data_01_mir/recover-20220825/UBNA_002/20220823_033000.WAV,Telephone Field,recover-20220825,002,1795
1368.5845,1368.5977,22890,27651,Nyctalus leisleri,0.015,0.027,-1,Echolocation,/mnt/ubna_data_01_mir/recover-20220825/UBNA_002/20220823_033000.WAV,Telephone Field,recover-20220825,002,1795
1368.6235,1368.6602,68437,81920,Rhinolophus ferrumequinum,0.02,0.02,-1,Echolocation,/mnt/ubna_data_01_mir/recover-20220825/UBNA_002/20220823_033000.WAV,Telephone Field,recover-20220825,002,1795
1368.6715,1368.7081,68437,81233,Rhinolophus ferrumequinum,0.024,0.024,-1,Echolocation,/mnt/ubna_data_01_mir/recover-20220825/UBNA_002/20220823_033000.WAV,Telephone Field,recover-20220825,002,1795
1368.7265,1368.7364,24609,32086,Nyctalus leisleri,0.008,0.023,-1,Echolocation,/mnt/ubna_data_01_mir/recover-20220825/UBNA_002/20220823_033000.WAV,Telephone Field,recover-20220825,002,1795
1368.7535,1368.7952,68437,82542,Rhinolophus ferrumequinum,0.023,0.023,-1,Echolocation,/mnt/ubna_data_01_mir/recover-20220825/UBNA_002/20220823_033000.WAV,Telephone Field,recover-20220825,002,1795
1368.7555,1368.7653,28906,36637,Eptesicus serotinus,0.009,0.023,-1,Echolocation,/mnt/ubna_data_01_mir/recover-20220825/UBNA_002/20220823_033000.WAV,Telephone Field,recover-20220825,002,1795
1368.7955,1368.8324,68437,81497,Rhinolophus ferrumequinum,0.021,0.021,-1,Echolocation,/mnt/ubna_data_01_mir/recover-20220825/UBNA_002/20220823_033000.WAV,Telephone Field,recover-20220825,002,1795
1368.8035,1368.841,68437,80943,Rhinolophus ferrumequinum,0.023,0.023,-1,Echolocation,/mnt/ubna_data_01_mir/recover-20220825/UBNA_002/20220823_033000.WAV,Telephone Field,recover-20220825,002,1795
1368.8455,1368.882,68437,81505,Rhinolophus ferrumequinum,0.022,0.022,-1,Echolocation,/mnt/ubna_data_01_mir/recover-20220825/UBNA_002/20220823_033000.WAV,Telephone Field,recover-20220825,002,1795
1368.8675,1368.9061,68437,82145,Rhinolophus ferrumequinum,0.021,0.021,-1,Echolocation,/mnt/ubna_data_01_mir/recover-20220825/UBNA_002/20220823_033000.WAV,Telephone Field,recover-20220825,002,1795
1368.8725,1368.8837,28046,35117,Eptesicus serotinus,0.018,0.038,-1,Echolocation,/mnt/ubna_data_01_mir/recover-20220825/UBNA_002/20220823_033000.WAV,Telephone Field,recover-20220825,002,1795
1368.9155,1368.9568,68437,82715,Rhinolophus ferrumequinum,0.023,0.023,-1,Echolocation,/mnt/ubna_data_01_mir/recover-20220825/UBNA_002/20220823_033000.WAV,Telephone Field,recover-20220825,002,1795
1368.9505,1368.9607,23750,29899,Nyctalus leisleri,0.01,0.022,-1,Echolocation,/mnt/ubna_data_01_mir/recover-20220825/UBNA_002/20220823_033000.WAV,Telephone Field,recover-20220825,002,1795
1368.9505,1368.9915,68437,82595,Rhinolophus ferrumequinum,0.021,0.021,-1,Echolocation,/mnt/ubna_data_01_mir/recover-20220825/UBNA_002/20220823_033000.WAV,Telephone Field,recover-20220825,002,1795
1368.9665,1368.9744,27187,40384,Eptesicus serotinus,0.007,0.022,-1,Echolocation,/mnt/ubna_data_01_mir/recover-20220825/UBNA_002/20220823_033000.WAV,Telephone Field,recover-20220825,002,1795
1368.9865,1369.0259,68437,82410,Rhinolophus ferrumequinum,0.023,0.023,-1,Echolocation,/mnt/ubna_data_01_mir/recover-20220825/UBNA_002/20220823_033000.WAV,Telephone Field,recover-20220825,002,1795
1368.9945,1369.0323,68437,82232,Rhinolophus ferrumequinum,0.025,0.025,-1,Echolocation,/mnt/ubna_data_01_mir/recover-20220825/UBNA_002/20220823_033000.WAV,Telephone Field,recover-20220825,002,1795
1369.0035,1369.0103,28906,38781,Eptesicus serotinus,0.009,0.027,-1,Echolocation,/mnt/ubna_data_01_mir/recover-20220825/UBNA_002/20220823_033000.WAV,Telephone Field,recover-20220825,002,1795
1369.0365,1369.0723,68437,81483,Rhinolophus ferrumequinum,0.02,0.02,-1,Echolocation,/mnt/ubna_data_01_mir/recover-20220825/UBNA_002/20220823_033000.WAV,Telephone Field,recover-20220825,002,1795
1369.0475,1369.0877,68437,82444,Rhinolophus ferrumequinum,0.022,0.022,-1,Echolocation,/mnt/ubna_data_01_mir/recover-20220825/UBNA_002/20220823_033000.WAV,Telephone Field,recover-20220825,002,1795
1369.0485,1369.0586,24609,31638,Nyctalus leisleri,0.009,0.027,-1,Echolocation,/mnt/ubna_data_01_mir/recover-20220825/UBNA_002/20220823_033000.WAV,Telephone Field,recover-20220825,002,1795
1369.0855,1369.1228,68437,81983,Rhinolophus ferrumequinum,0.021,0.021,-1,Echolocation,/mnt/ubna_data_01_mir/recover-20220825/UBNA_002/20220823_033000.WAV,Telephone Field,recover-20220825,002,1795
1369.1025,1369.1106,28046,38575,Eptesicus serotinus,0.008,0.023,-1,Echolocation,/mnt/ubna_data_01_mir/recover-20220825/UBNA_002/20220823_033000.WAV,Telephone Field,recover-20220825,002,1795
1369.1045,1369.1388,68437,81814,Rhinolophus ferrumequinum,0.02,0.02,-1,Echolocation,/mnt/ubna_data_01_mir/recover-20220825/UBNA_002/20220823_033000.WAV,Telephone Field,recover-20220825,002,1795
1369.1355,1369.1756,68437,82262,Rhinolophus ferrumequinum,0.02,0.02,-1,Echolocation,/mnt/ubna_data_01_mir/recover-20220825/UBNA_002/20220823_033000.WAV,Telephone Field,recover-20220825,002,1795
1369.1965,1369.2181,18593,21155,Nyctalus noctula,0.017,0.033,-1,Echolocation,/mnt/ubna_data_01_mir/recover-20220825/UBNA_002/20220823_033000.WAV,Telephone Field,recover-20220825,002,1795
1369.2145,1369.2541,68437,81943,Rhinolophus ferrumequinum,0.022,0.022,-1,Echolocation,/mnt/ubna_data_01_mir/recover-20220825/UBNA_002/20220823_033000.WAV,Telephone Field,recover-20220825,002,1795
1369.2405,1369.2793,68437,82201,Rhinolophus ferrumequinum,0.025,0.025,-1,Echolocation,/mnt/ubna_data_01_mir/recover-20220825/UBNA_002/20220823_033000.WAV,Telephone Field,recover-20220825,002,1795
1369.2665,1369.307,68437,82206,Rhinolophus ferrumequinum,0.023,0.023,-1,Echolocation,/mnt/ubna_data_01_mir/recover-20220825/UBNA_002/20220823_033000.WAV,Telephone Field,recover-20220825,002,1795
1369.2795,1369.3169,68437,82148,Rhinolophus ferrumequinum,0.021,0.021,-1,Echolocation,/mnt/ubna_data_01_mir/recover-20220825/UBNA_002/20220823_033000.WAV,Telephone Field,recover-20220825,002,1795
1369.2865,1369.3257,68437,81977,Rhinolophus ferrumequinum,0.023,0.023,-1,Echolocation,/mnt/ubna_data_01_mir/recover-20220825/UBNA_002/20220823_033000.WAV,Telephone Field,recover-20220825,002,1795
1369.3475,1369.3565,28906,37192,Eptesicus serotinus,0.011,0.027,-1,Echolocation,/mnt/ubna_data_01_mir/recover-20220825/UBNA_002/20220823_033000.WAV,Telephone Field,recover-20220825,002,1795
1369.3555,1369.3652,28046,36205,Eptesicus serotinus,0.01,0.022,-1,Echolocation,/mnt/ubna_data_01_mir/recover-20220825/UBNA_002/20220823_033000.WAV,Telephone Field,recover-20220825,002,1795
1369.3995,1369.4342,68437,81737,Rhinolophus ferrumequinum,0.022,0.022,-1,Echolocation,/mnt/ubna_data_01_mir/recover-20220825/UBNA_002/20220823_033000.WAV,Telephone Field,recover-20220825,002,1795
1369.4105,1369.4211,28906,35735,Eptesicus serotinus,0.011,0.025,-1,Echolocation,/mnt/ubna_data_01_mir/recover-20220825/UBNA_002/20220823_033000.WAV,Telephone Field,recover-20220825,002,1795
1369.4345,1369.4747,68437,82924,Rhinolophus ferrumequinum,0.032,0.032,-1,Echolocation,/mnt/ubna_data_01_mir/recover-20220825/UBNA_002/20220823_033000.WAV,Telephone Field,recover-20220825,002,1795
1369.4385,1369.447,27187,38990,Eptesicus serotinus,0.008,0.022,-1,Echolocation,/mnt/ubna_data_01_mir/recover-20220825/UBNA_002/20220823_033000.WAV,Telephone Field,recover-20220825,002,1795
1369.4575,1369.4727,23750,29145,Nyctalus leisleri,0.014,0.028,-1,Echolocation,/mnt/ubna_data_01_mir/recover-20220825/UBNA_002/20220823_033000.WAV,Telephone Field,recover-20220825,002,1795
1369.5045,1369.543,68437,81907,Rhinolophus ferrumequinum,0.023,0.023,-1,Echolocation,/mnt/ubna_data_01_mir/recover-20220825/UBNA_002/20220823_033000.WAV,Telephone Field,recover-20220825,002,1795
1369.5115,1369.5196,24609,32841,Nyctalus leisleri,0.006,0.02,-1,Echolocation,/mnt/ubna_data_01_mir/recover-20220825/UBNA_002/20220823_033000.WAV,Telephone Field,recover-20220825,002,1795
1369.5295,1369.5701,68437,82924,Rhinolophus ferrumequinum,0.024,0.024,-1,Echolocation,/mnt/ubna_data_01_mir/recover-20220825/UBNA_002/20220823_033000.WAV,Telephone Field,recover-20220825,002,1795
1369.5345,1369.547,51250,55712,Pipistrellus pipistrellus,0.041,0.051,-1,Echolocation,/mnt/ubna_data_01_mir/recover-20220825/UBNA_002/20220823_033000.WAV,Telephone Field,recover-20220825,002,1795
1369.5435,1369.5515,28046,36863,Eptesicus serotinus,0.007,0.02,-1,Echolocation,/mnt/ubna_data_01_mir/recover-20220825/UBNA_002/20220823_033000.WAV,Telephone Field,recover-20220825,002,1795
1369.5765,1369.6155,68437,82403,Rhinolophus ferrumequinum,0.022,0.022,-1,Echolocation,/mnt/ubna_data_01_mir/recover-20220825/UBNA_002/20220823_033000.WAV,Telephone Field,recover-20220825,002,1795
1369.5975,1369.6402,68437,83085,Rhinolophus ferrumequinum,0.024,0.024,-1,Echolocation,/mnt/ubna_data_01_mir/recover-20220825/UBNA_002/20220823_033000.WAV,Telephone Field,recover-20220825,002,1795
1369.6305,1369.666,68437,81283,Rhinolophus ferrumequinum,0.023,0.023,-1,Echolocation,/mnt/ubna_data_01_mir/recover-20220825/UBNA_002/20220823_033000.WAV,Telephone Field,recover-20220825,002,1795
1369.6385,1369.6759,68437,81632,Rhinolophus ferrumequinum,0.023,0.024,-1,Echolocation,/mnt/ubna_data_01_mir/recover-20220825/UBNA_002/20220823_033000.WAV,Telephone Field,recover-20220825,002,1795
1369.6445,1369.6808,68437,82017,Rhinolophus ferrumequinum,0.021,0.021,-1,Echolocation,/mnt/ubna_data_01_mir/recover-20220825/UBNA_002/20220823_033000.WAV,Telephone Field,recover-20220825,002,1795
1369.6575,1369.6648,25468,34618,Plecotus austriacus,0.006,0.023,-1,Echolocation,/mnt/ubna_data_01_mir/recover-20220825/UBNA_002/20220823_033000.WAV,Telephone Field,recover-20220825,002,1795
1369.6825,1369.6909,28906,38251,Eptesicus serotinus,0.009,0.026,-1,Echolocation,/mnt/ubna_data_01_mir/recover-20220825/UBNA_002/20220823_033000.WAV,Telephone Field,recover-20220825,002,1795
1369.6845,1369.6913,24609,33630,Plecotus austriacus,0.01,0.026,-1,Echolocation,/mnt/ubna_data_01_mir/recover-20220825/UBNA_002/20220823_033000.WAV,Telephone Field,recover-20220825,002,1795
1369.7385,1369.7487,23750,29850,Nyctalus leisleri,0.01,0.023,-1,Echolocation,/mnt/ubna_data_01_mir/recover-20220825/UBNA_002/20220823_033000.WAV,Telephone Field,recover-20220825,002,1795
1369.7385,1369.7471,44375,50538,Pipistrellus pipistrellus,0.03,0.033,-1,Echolocation,/mnt/ubna_data_01_mir/recover-20220825/UBNA_002/20220823_033000.WAV,Telephone Field,recover-20220825,002,1795
1369.8475,1369.8577,23750,30234,Nyctalus leisleri,0.012,0.03,-1,Echolocation,/mnt/ubna_data_01_mir/recover-20220825/UBNA_002/20220823_033000.WAV,Telephone Field,recover-20220825,002,1795
1369.8625,1369.8994,68437,81672,Rhinolophus ferrumequinum,0.02,0.02,-1,Echolocation,/mnt/ubna_data_01_mir/recover-20220825/UBNA_002/20220823_033000.WAV,Telephone Field,recover-20220825,002,1795
1369.8935,1369.9124,19453,22926,Nyctalus leisleri,0.017,0.037,-1,Echolocation,/mnt/ubna_data_01_mir/recover-20220825/UBNA_002/20220823_033000.WAV,Telephone Field,recover-20220825,002,1795
1369.9145,1369.9479,68437,80368,Rhinolophus ferrumequinum,0.02,0.02,-1,Echolocation,/mnt/ubna_data_01_mir/recover-20220825/UBNA_002/20220823_033000.WAV,Telephone Field,recover-20220825,002,1795
1369.9275,1369.9361,22890,29123,Plecotus austriacus,0.007,0.021,-1,Echolocation,/mnt/ubna_data_01_mir/recover-20220825/UBNA_002/20220823_033000.WAV,Telephone Field,recover-20220825,002,1795
1369.9535,1369.9927,68437,82201,Rhinolophus ferrumequinum,0.029,0.029,-1,Echolocation,/mnt/ubna_data_01_mir/recover-20220825/UBNA_002/20220823_033000.WAV,Telephone Field,recover-20220825,002,1795
1369.9685,1369.9774,28046,36597,Eptesicus serotinus,0.008,0.021,-1,Echolocation,/mnt/ubna_data_01_mir/recover-20220825/UBNA_002/20220823_033000.WAV,Telephone Field,recover-20220825,002,1795
1369.9815,1369.9898,23750,31897,Plecotus austriacus,0.008,0.021,-1,Echolocation,/mnt/ubna_data_01_mir/recover-20220825/UBNA_002/20220823_033000.WAV,Telephone Field,recover-20220825,002,1795
1370.0015,1370.0334,69296,81493,Rhinolophus ferrumequinum,0.037,0.037,-1,Echolocation,/mnt/ubna_data_01_mir/recover-20220825/UBNA_002/20220823_033000.WAV,Telephone Field,recover-20220825,002,1795
1370.0015,1370.0079,49531,56768,Pipistrellus pipistrellus,0.017,0.023,-1,Echolocation,/mnt/ubna_data_01_mir/recover-20220825/UBNA_002/20220823_033000.WAV,Telephone Field,recover-20220825,002,1795
1370.0015,1370.0112,26328,35644,Nyctalus leisleri,0.012,0.033,-1,Echolocation,/mnt/ubna_data_01_mir/recover-20220825/UBNA_002/20220823_033000.WAV,Telephone Field,recover-20220825,002,1795
1370.0315,1370.0718,68437,82566,Rhinolophus ferrumequinum,0.024,0.024,-1,Echolocation,/mnt/ubna_data_01_mir/recover-20220825/UBNA_002/20220823_033000.WAV,Telephone Field,recover-20220825,002,1795
1370.0325,1370.0436,29765,37573,Eptesicus serotinus,0.017,0.03,-1,Echolocation,/mnt/ubna_data_01_mir/recover-20220825/UBNA_002/20220823_033000.WAV,Telephone Field,recover-20220825,002,1795
1370.0375,1370.075,68437,82455,Rhinolophus ferrumequinum,0.024,0.025,-1,Echolocation,/mnt/ubna_data_01_mir/recover-20220825/UBNA_002/20220823_033000.WAV,Telephone Field,recover-20220825,002,1795
1370.0465,1370.0896,68437,83036,Rhinolophus ferrumequinum,0.025,0.025,-1,Echolocation,/mnt/ubna_data_01_mir/recover-20220825/UBNA_002/20220823_033000.WAV,Telephone Field,recover-20220825,002,1795
1370.0655,1370.0746,24609,31824,Eptesicus serotinus,0.007,0.021,-1,Echolocation,/mnt/ubna_data_01_mir/recover-20220825/UBNA_002/20220823_033000.WAV,Telephone Field,recover-20220825,002,1795
1370.1075,1370.1457,68437,81977,Rhinolophus ferrumequinum,0.021,0.021,-1,Echolocation,/mnt/ubna_data_01_mir/recover-20220825/UBNA_002/20220823_033000.WAV,Telephone Field,recover-20220825,002,1795
1370.1155,1370.1275,23750,28400,Nyctalus leisleri,0.016,0.03,-1,Echolocation,/mnt/ubna_data_01_mir/recover-20220825/UBNA_002/20220823_033000.WAV,Telephone Field,recover-20220825,002,1795
1370.1355,1370.1746,68437,81859,Rhinolophus ferrumequinum,0.023,0.023,-1,Echolocation,/mnt/ubna_data_01_mir/recover-20220825/UBNA_002/20220823_033000.WAV,Telephone Field,recover-20220825,002,1795
1370.1465,1370.1559,28906,37285,Eptesicus serotinus,0.01,0.022,-1,Echolocation,/mnt/ubna_data_01_mir/recover-20220825/UBNA_002/20220823_033000.WAV,Telephone Field,recover-20220825,002,1795
1370.1935,1370.2347,68437,82766,Rhinolophus ferrumequinum,0.027,0.027,-1,Echolocation,/mnt/ubna_data_01_mir/recover-20220825/UBNA_002/20220823_033000.WAV,Telephone Field,recover-20220825,002,1795
1370.2045,1370.247,68437,82955,Rhinolophus ferrumequinum,0.025,0.025,-1,Echolocation,/mnt/ubna_data_01_mir/recover-20220825/UBNA_002/20220823_033000.WAV,Telephone Field,recover-20220825,002,1795
1370.2445,1370.253,27187,36380,Eptesicus serotinus,0.009,0.022,-1,Echolocation,/mnt/ubna_data_01_mir/recover-20220825/UBNA_002/20220823_033000.WAV,Telephone Field,recover-20220825,002,1795
1370.2735,1370.2854,23750,28730,Nyctalus leisleri,0.011,0.021,-1,Echolocation,/mnt/ubna_data_01_mir/recover-20220825/UBNA_002/20220823_033000.WAV,Telephone Field,recover-20220825,002,1795
1370.2835,1370.3199,68437,81707,Rhinolophus ferrumequinum,0.029,0.029,-1,Echolocation,/mnt/ubna_data_01_mir/recover-20220825/UBNA_002/20220823_033000.WAV,Telephone Field,recover-20220825,002,1795
1370.3495,1370.3835,68437,81129,Rhinolophus ferrumequinum,0.023,0.023,-1,Echolocation,/mnt/ubna_data_01_mir/recover-20220825/UBNA_002/20220823_033000.WAV,Telephone Field,recover-20220825,002,1795
1370.3765,1370.3888,34062,40401,Eptesicus serotinus,0.009,0.03,-1,Echolocation,/mnt/ubna_data_01_mir/recover-20220825/UBNA_002/20220823_033000.WAV,Telephone Field,recover-20220825,002,1795
1370.3885,1370.4016,30625,36852,Eptesicus serotinus,0.012,0.025,-1,Echolocation,/mnt/ubna_data_01_mir/recover-20220825/UBNA_002/20220823_033000.WAV,Telephone Field,recover-20220825,002,1795
1370.4085,1370.4502,68437,82424,Rhinolophus ferrumequinum,0.022,0.022,-1,Echolocation,/mnt/ubna_data_01_mir/recover-20220825/UBNA_002/20220823_033000.WAV,Telephone Field,recover-20220825,002,1795
1370.4565,1370.4667,23750,30788,Nyctalus leisleri,0.012,0.035,-1,Echolocation,/mnt/ubna_data_01_mir/recover-20220825/UBNA_002/20220823_033000.WAV,Telephone Field,recover-20220825,002,1795
1370.4665,1370.5006,68437,80482,Rhinolophus ferrumequinum,0.02,0.02,-1,Echolocation,/mnt/ubna_data_01_mir/recover-20220825/UBNA_002/20220823_033000.WAV,Telephone Field,recover-20220825,002,1795
1370.5115,1370.5523,68437,82436,Rhinolophus ferrumequinum,0.022,0.022,-1,Echolocation,/mnt/ubna_data_01_mir/recover-20220825/UBNA_002/20220823_033000.WAV,Telephone Field,recover-20220825,002,1795
1370.5255,1370.564,68437,81751,Rhinolophus ferrumequinum,0.023,0.023,-1,Echolocation,/mnt/ubna_data_01_mir/recover-20220825/UBNA_002/20220823_033000.WAV,Telephone Field,recover-20220825,002,1795
1370.5425,1370.5506,28046,38869,Eptesicus serotinus,0.008,0.025,-1,Echolocation,/mnt/ubna_data_01_mir/recover-20220825/UBNA_002/20220823_033000.WAV,Telephone Field,recover-20220825,002,1795
1370.5875,1370.6282,68437,82014,Rhinolophus ferrumequinum,0.024,0.024,-1,Echolocation,/mnt/ubna_data_01_mir/recover-20220825/UBNA_002/20220823_033000.WAV,Telephone Field,recover-20220825,002,1795
1370.6075,1370.6445,68437,82032,Rhinolophus ferrumequinum,0.022,0.022,-1,Echolocation,/mnt/ubna_data_01_mir/recover-20220825/UBNA_002/20220823_033000.WAV,Telephone Field,recover-20220825,002,1795
1370.6095,1370.6161,28046,42462,Eptesicus serotinus,0.009,0.033,-1,Echolocation,/mnt/ubna_data_01_mir/recover-20220825/UBNA_002/20220823_033000.WAV,Telephone Field,recover-20220825,002,1795
1370.6125,1370.6185,35781,43479,Myotis daubentonii,0.015,0.034,-1,Echolocation,/mnt/ubna_data_01_mir/recover-20220825/UBNA_002/20220823_033000.WAV,Telephone Field,recover-20220825,002,1795
1370.6145,1370.6549,68437,82009,Rhinolophus ferrumequinum,0.021,0.021,-1,Echolocation,/mnt/ubna_data_01_mir/recover-20220825/UBNA_002/20220823_033000.WAV,Telephone Field,recover-20220825,002,1795
1370.6355,1370.6774,68437,81990,Rhinolophus ferrumequinum,0.023,0.023,-1,Echolocation,/mnt/ubna_data_01_mir/recover-20220825/UBNA_002/20220823_033000.WAV,Telephone Field,recover-20220825,002,1795
1370.6625,1370.7024,68437,82921,Rhinolophus ferrumequinum,0.03,0.03,-1,Echolocation,/mnt/ubna_data_01_mir/recover-20220825/UBNA_002/20220823_033000.WAV,Telephone Field,recover-20220825,002,1795
1370.6635,1370.6714,24609,32714,Plecotus austriacus,0.005,0.021,-1,Echolocation,/mnt/ubna_data_01_mir/recover-20220825/UBNA_002/20220823_033000.WAV,Telephone Field,recover-20220825,002,1795
1370.6875,1370.7252,68437,81845,Rhinolophus ferrumequinum,0.02,0.02,-1,Echolocation,/mnt/ubna_data_01_mir/recover-20220825/UBNA_002/20220823_033000.WAV,Telephone Field,recover-20220825,002,1795
1370.6975,1370.7342,68437,81570,Rhinolophus ferrumequinum,0.022,0.022,-1,Echolocation,/mnt/ubna_data_01_mir/recover-20220825/UBNA_002/20220823_033000.WAV,Telephone Field,recover-20220825,002,1795
1370.7065,1370.7431,68437,81220,Rhinolophus ferrumequinum,0.021,0.021,-1,Echolocation,/mnt/ubna_data_01_mir/recover-20220825/UBNA_002/20220823_033000.WAV,Telephone Field,recover-20220825,002,1795
1370.7245,1370.7355,23750,28448,Nyctalus leisleri,0.012,0.023,-1,Echolocation,/mnt/ubna_data_01_mir/recover-20220825/UBNA_002/20220823_033000.WAV,Telephone Field,recover-20220825,002,1795
1370.7255,1370.7642,68437,81922,Rhinolophus ferrumequinum,0.023,0.023,-1,Echolocation,/mnt/ubna_data_01_mir/recover-20220825/UBNA_002/20220823_033000.WAV,Telephone Field,recover-20220825,002,1795
1370.7335,1370.7426,28046,36804,Eptesicus serotinus,0.007,0.021,-1,Echolocation,/mnt/ubna_data_01_mir/recover-20220825/UBNA_002/20220823_033000.WAV,Telephone Field,recover-20220825,002,1795
1370.7355,1370.7458,34062,40942,Eptesicus serotinus,0.006,0.023,-1,Echolocation,/mnt/ubna_data_01_mir/recover-20220825/UBNA_002/20220823_033000.WAV,Telephone Field,recover-20220825,002,1795
1370.7635,1370.8014,68437,81579,Rhinolophus ferrumequinum,0.023,0.023,-1,Echolocation,/mnt/ubna_data_01_mir/recover-20220825/UBNA_002/20220823_033000.WAV,Telephone Field,recover-20220825,002,1795
1370.7885,1370.8279,68437,81680,Rhinolophus ferrumequinum,0.027,0.027,-1,Echolocation,/mnt/ubna_data_01_mir/recover-20220825/UBNA_002/20220823_033000.WAV,Telephone Field,recover-20220825,002,1795
1370.8015,1370.8354,68437,80819,Rhinolophus ferrumequinum,0.027,0.027,-1,Echolocation,/mnt/ubna_data_01_mir/recover-20220825/UBNA_002/20220823_033000.WAV,Telephone Field,recover-20220825,002,1795
1370.8635,1370.907,68437,83166,Rhinolophus ferrumequinum,0.031,0.031,-1,Echolocation,/mnt/ubna_data_01_mir/recover-20220825/UBNA_002/20220823_033000.WAV,Telephone Field,recover-20220825,002,1795
1370.8665,1370.8754,28046,37467,Eptesicus serotinus,0.012,0.027,-1,Echolocation,/mnt/ubna_data_01_mir/recover-20220825/UBNA_002/20220823_033000.WAV,Telephone Field,recover-20220825,002,1795
1370.9065,1370.9457,68437,82126,Rhinolophus ferrumequinum,0.021,0.021,-1,Echolocation,/mnt/ubna_data_01_mir/recover-20220825/UBNA_002/20220823_033000.WAV,Telephone Field,recover-20220825,002,1795
1370.9165,1370.9246,28046,39621,Eptesicus serotinus,0.008,0.023,-1,Echolocation,/mnt/ubna_data_01_mir/recover-20220825/UBNA_002/20220823_033000.WAV,Telephone Field,recover-20220825,002,1795
1370.9185,1370.9578,68437,82334,Rhinolophus ferrumequinum,0.021,0.021,-1,Echolocation,/mnt/ubna_data_01_mir/recover-20220825/UBNA_002/20220823_033000.WAV,Telephone Field,recover-20220825,002,1795
1370.9255,1370.935,22890,28998,Nyctalus leisleri,0.008,0.021,-1,Echolocation,/mnt/ubna_data_01_mir/recover-20220825/UBNA_002/20220823_033000.WAV,Telephone Field,recover-20220825,002,1795
1370.9415,1370.9824,68437,82108,Rhinolophus ferrumequinum,0.032,0.032,-1,Echolocation,/mnt/ubna_data_01_mir/recover-20220825/UBNA_002/20220823_033000.WAV,Telephone Field,recover-20220825,002,1795
1370.9455,1370.9577,37500,42463,Pipistrellus nathusii,0.01,0.024,-1,Echolocation,/mnt/ubna_data_01_mir/recover-20220825/UBNA_002/20220823_033000.WAV,Telephone Field,recover-20220825,002,1795
1370.9625,1371.0041,68437,82489,Rhinolophus ferrumequinum,0.022,0.022,-1,Echolocation,/mnt/ubna_data_01_mir/recover-20220825/UBNA_002/20220823_033000.WAV,Telephone Field,recover-20220825,002,1795
1370.9985,1371.0355,68437,81793,Rhinolophus ferrumequinum,0.02,0.02,-1,Echolocation,/mnt/ubna_data_01_mir/recover-20220825/UBNA_002/20220823_033000.WAV,Telephone Field,recover-20220825,002,1795
1371.0175,1371.0378,20312,23002,Nyctalus leisleri,0.036,0.068,-1,Echolocation,/mnt/ubna_data_01_mir/recover-20220825/UBNA_002/20220823_033000.WAV,Telephone Field,recover-20220825,002,1795
1371.0345,1371.0669,68437,80711,Rhinolophus ferrumequinum,0.021,0.021,-1,Echolocation,/mnt/ubna_data_01_mir/recover-20220825/UBNA_002/20220823_033000.WAV,Telephone Field,recover-20220825,002,1795
1371.0795,1371.1151,68437,81167,Rhinolophus ferrumequinum,0.021,0.021,-1,Echolocation,/mnt/ubna_data_01_mir/recover-20220825/UBNA_002/20220823_033000.WAV,Telephone Field,recover-20220825,002,1795
1371.0895,1371.098,28046,39244,Eptesicus serotinus,0.007,0.02,-1,Echolocation,/mnt/ubna_data_01_mir/recover-20220825/UBNA_002/20220823_033000.WAV,Telephone Field,recover-20220825,002,1795
1371.1025,1371.1425,68437,82613,Rhinolophus ferrumequinum,0.024,0.024,-1,Echolocation,/mnt/ubna_data_01_mir/recover-20220825/UBNA_002/20220823_033000.WAV,Telephone Field,recover-20220825,002,1795
1371.1185,1371.1568,68437,82113,Rhinolophus ferrumequinum,0.02,0.02,-1,Echolocation,/mnt/ubna_data_01_mir/recover-20220825/UBNA_002/20220823_033000.WAV,Telephone Field,recover-20220825,002,1795
1371.1195,1371.1271,28046,39311,Eptesicus serotinus,0.008,0.026,-1,Echolocation,/mnt/ubna_data_01_mir/recover-20220825/UBNA_002/20220823_033000.WAV,Telephone Field,recover-20220825,002,1795
1371.1255,1371.1625,68437,81910,Rhinolophus ferrumequinum,0.021,0.021,-1,Echolocation,/mnt/ubna_data_01_mir/recover-20220825/UBNA_002/20220823_033000.WAV,Telephone Field,recover-20220825,002,1795
1371.1375,1371.1515,51250,54988,Pipistrellus pygmaeus,0.014,0.025,-1,Echolocation,/mnt/ubna_data_01_mir/recover-20220825/UBNA_002/20220823_033000.WAV,Telephone Field,recover-20220825,002,1795
1371.1415,1371.1817,68437,82500,Rhinolophus ferrumequinum,0.023,0.023,-1,Echolocation,/mnt/ubna_data_01_mir/recover-20220825/UBNA_002/20220823_033000.WAV,Telephone Field,recover-20220825,002,1795
1371.1785,1371.1848,34062,41743,Barbastellus barbastellus,0.011,0.037,-1,Echolocation,/mnt/ubna_data_01_mir/recover-20220825/UBNA_002/20220823_033000.WAV,Telephone Field,recover-20220825,002,1795
1371.1875,1371.2273,68437,81689,Rhinolophus ferrumequinum,0.021,0.021,-1,Echolocation,/mnt/ubna_data_01_mir/recover-20220825/UBNA_002/20220823_033000.WAV,Telephone Field,recover-20220825,002,1795
1371.2235,1371.2619,68437,82288,Rhinolophus ferrumequinum,0.02,0.02,-1,Echolocation,/mnt/ubna_data_01_mir/recover-20220825/UBNA_002/20220823_033000.WAV,Telephone Field,recover-20220825,002,1795
1371.2475,1371.2873,68437,81940,Rhinolophus ferrumequinum,0.025,0.025,-1,Echolocation,/mnt/ubna_data_01_mir/recover-20220825/UBNA_002/20220823_033000.WAV,Telephone Field,recover-20220825,002,1795
1371.2725,1371.3111,68437,82309,Rhinolophus ferrumequinum,0.023,0.023,-1,Echolocation,/mnt/ubna_data_01_mir/recover-20220825/UBNA_002/20220823_033000.WAV,Telephone Field,recover-20220825,002,1795
1371.3075,1371.3165,28906,38075,Eptesicus serotinus,0.01,0.027,-1,Echolocation,/mnt/ubna_data_01_mir/recover-20220825/UBNA_002/20220823_033000.WAV,Telephone Field,recover-20220825,002,1795
1371.3085,1371.3448,68437,80937,Rhinolophus ferrumequinum,0.041,0.041,-1,Echolocation,/mnt/ubna_data_01_mir/recover-20220825/UBNA_002/20220823_033000.WAV,Telephone Field,recover-20220825,002,1795
1371.3345,1371.3437,28906,36799,Eptesicus serotinus,0.008,0.022,-1,Echolocation,/mnt/ubna_data_01_mir/recover-20220825/UBNA_002/20220823_033000.WAV,Telephone Field,recover-20220825,002,1795
1371.3725,1371.4121,68437,82327,Rhinolophus ferrumequinum,0.021,0.021,-1,Echolocation,/mnt/ubna_data_01_mir/recover-20220825/UBNA_002/20220823_033000.WAV,Telephone Field,recover-20220825,002,1795
1371.3725,1371.3856,22890,27162,Nyctalus leisleri,0.015,0.026,-1,Echolocation,/mnt/ubna_data_01_mir/recover-20220825/UBNA_002/20220823_033000.WAV,Telephone Field,recover-20220825,002,1795
1371.3785,1371.3903,22890,27589,Nyctalus leisleri,0.012,0.023,-1,Echolocation,/mnt/ubna_data_01_mir/recover-20220825/UBNA_002/20220823_033000.WAV,Telephone Field,recover-20220825,002,1795
1371.3835,1371.3911,28046,37713,Eptesicus serotinus,0.006,0.02,-1,Echolocation,/mnt/ubna_data_01_mir/recover-20220825/UBNA_002/20220823_033000.WAV,Telephone Field,recover-20220825,002,1795
1371.3985,1371.4379,68437,82441,Rhinolophus ferrumequinum,0.029,0.029,-1,Echolocation,/mnt/ubna_data_01_mir/recover-20220825/UBNA_002/20220823_033000.WAV,Telephone Field,recover-20220825,002,1795
1371.4015,1371.4095,22890,29898,Plecotus austriacus,0.009,0.022,-1,Echolocation,/mnt/ubna_data_01_mir/recover-20220825/UBNA_002/20220823_033000.WAV,Telephone Field,recover-20220825,002,1795
1371.4305,1371.4669,68437,81250,Rhinolophus ferrumequinum,0.025,0.025,-1,Echolocation,/mnt/ubna_data_01_mir/recover-20220825/UBNA_002/20220823_033000.WAV,Telephone Field,recover-20220825,002,1795
1371.4525,1371.4935,68437,83566,Rhinolophus ferrumequinum,0.029,0.029,-1,Echolocation,/mnt/ubna_data_01_mir/recover-20220825/UBNA_002/20220823_033000.WAV,Telephone Field,recover-20220825,002,1795
1371.4905,1371.4983,27187,36850,Eptesicus serotinus,0.007,0.023,-1,Echolocation,/mnt/ubna_data_01_mir/recover-20220825/UBNA_002/20220823_033000.WAV,Telephone Field,recover-20220825,002,1795
1371.5255,1371.5367,22031,26590,Nyctalus leisleri,0.011,0.021,-1,Echolocation,/mnt/ubna_data_01_mir/recover-20220825/UBNA_002/20220823_033000.WAV,Telephone Field,recover-20220825,002,1795
1371.5695,1371.5846,22890,26609,Nyctalus leisleri,0.016,0.026,-1,Echolocation,/mnt/ubna_data_01_mir/recover-20220825/UBNA_002/20220823_033000.WAV,Telephone Field,recover-20220825,002,1795
1371.5745,1371.6121,68437,81871,Rhinolophus ferrumequinum,0.02,0.02,-1,Echolocation,/mnt/ubna_data_01_mir/recover-20220825/UBNA_002/20220823_033000.WAV,Telephone Field,recover-20220825,002,1795
1371.5895,1371.6262,68437,81803,Rhinolophus ferrumequinum,0.02,0.02,-1,Echolocation,/mnt/ubna_data_01_mir/recover-20220825/UBNA_002/20220823_033000.WAV,Telephone Field,recover-20220825,002,1795
1371.6075,1371.6482,68437,82049,Rhinolophus ferrumequinum,0.024,0.024,-1,Echolocation,/mnt/ubna_data_01_mir/recover-20220825/UBNA_002/20220823_033000.WAV,Telephone Field,recover-20220825,002,1795
1371.6195,1371.6265,27187,39034,Eptesicus serotinus,0.006,0.022,-1,Echolocation,/mnt/ubna_data_01_mir/recover-20220825/UBNA_002/20220823_033000.WAV,Telephone Field,recover-20220825,002,1795
1371.6405,1371.6801,68437,82214,Rhinolophus ferrumequinum,0.021,0.021,-1,Echolocation,/mnt/ubna_data_01_mir/recover-20220825/UBNA_002/20220823_033000.WAV,Telephone Field,recover-20220825,002,1795
1371.6705,1371.6784,28046,38429,Eptesicus serotinus,0.009,0.024,-1,Echolocation,/mnt/ubna_data_01_mir/recover-20220825/UBNA_002/20220823_033000.WAV,Telephone Field,recover-20220825,002,1795
1371.6805,1371.6914,28906,36341,Eptesicus serotinus,0.013,0.026,-1,Echolocation,/mnt/ubna_data_01_mir/recover-20220825/UBNA_002/20220823_033000.WAV,Telephone Field,recover-20220825,002,1795
1371.6845,1371.7209,68437,81447,Rhinolophus ferrumequinum,0.021,0.021,-1,Echolocation,/mnt/ubna_data_01_mir/recover-20220825/UBNA_002/20220823_033000.WAV,Telephone Field,recover-20220825,002,1795
1371.7035,1371.7415,68437,82049,Rhinolophus ferrumequinum,0.02,0.021,-1,Echolocation,/mnt/ubna_data_01_mir/recover-20220825/UBNA_002/20220823_033000.WAV,Telephone Field,recover-20220825,002,1795
1371.7165,1371.7273,22031,26050,Nyctalus leisleri,0.014,0.024,-1,Echolocation,/mnt/ubna_data_01_mir/recover-20220825/UBNA_002/20220823_033000.WAV,Telephone Field,recover-20220825,002,1795
1371.7985,1371.8084,44375,52419,Pipistrellus pipistrellus,0.016,0.022,-1,Echolocation,/mnt/ubna_data_01_mir/recover-20220825/UBNA_002/20220823_033000.WAV,Telephone Field,recover-20220825,002,1795
1371.8085,1371.8169,27187,37459,Eptesicus serotinus,0.008,0.022,-1,Echolocation,/mnt/ubna_data_01_mir/recover-20220825/UBNA_002/20220823_033000.WAV,Telephone Field,recover-20220825,002,1795
1371.8155,1371.8568,68437,82454,Rhinolophus ferrumequinum,0.02,0.02,-1,Echolocation,/mnt/ubna_data_01_mir/recover-20220825/UBNA_002/20220823_033000.WAV,Telephone Field,recover-20220825,002,1795
1371.8235,1371.8396,21171,24847,Nyctalus leisleri,0.017,0.032,-1,Echolocation,/mnt/ubna_data_01_mir/recover-20220825/UBNA_002/20220823_033000.WAV,Telephone Field,recover-20220825,002,1795
1371.8275,1371.868,68437,82640,Rhinolophus ferrumequinum,0.022,0.023,-1,Echolocation,/mnt/ubna_data_01_mir/recover-20220825/UBNA_002/20220823_033000.WAV,Telephone Field,recover-20220825,002,1795
1371.8455,1371.8843,68437,81712,Rhinolophus ferrumequinum,0.021,0.021,-1,Echolocation,/mnt/ubna_data_01_mir/recover-20220825/UBNA_002/20220823_033000.WAV,Telephone Field,recover-20220825,002,1795
1371.8645,1371.9025,68437,82116,Rhinolophus ferrumequinum,0.022,0.022,-1,Echolocation,/mnt/ubna_data_01_mir/recover-20220825/UBNA_002/20220823_033000.WAV,Telephone Field,recover-20220825,002,1795
1371.9085,1371.9444,68437,81301,Rhinolophus ferrumequinum,0.02,0.021,-1,Echolocation,/mnt/ubna_data_01_mir/recover-20220825/UBNA_002/20220823_033000.WAV,Telephone Field,recover-20220825,002,1795
1371.9325,1371.9697,68437,81226,Rhinolophus ferrumequinum,0.021,0.021,-1,Echolocation,/mnt/ubna_data_01_mir/recover-20220825/UBNA_002/20220823_033000.WAV,Telephone Field,recover-20220825,002,1795
1371.9405,1371.9526,22890,27223,Nyctalus leisleri,0.017,0.03,-1,Echolocation,/mnt/ubna_data_01_mir/recover-20220825/UBNA_002/20220823_033000.WAV,Telephone Field,recover-20220825,002,1795
1372.0045,1372.0109,31484,40549,Myotis daubentonii,0.02,0.045,-1,Echolocation,/mnt/ubna_data_01_mir/recover-20220825/UBNA_002/20220823_033000.WAV,Telephone Field,recover-20220825,002,1795
1372.0055,1372.0131,27187,39105,Eptesicus serotinus,0.018,0.045,-1,Echolocation,/mnt/ubna_data_01_mir/recover-20220825/UBNA_002/20220823_033000.WAV,Telephone Field,recover-20220825,002,1795
1372.0425,1372.0546,28906,35245,Eptesicus serotinus,0.015,0.027,-1,Echolocation,/mnt/ubna_data_01_mir/recover-20220825/UBNA_002/20220823_033000.WAV,Telephone Field,recover-20220825,002,1795
1372.0515,1372.0879,68437,82020,Rhinolophus ferrumequinum,0.021,0.021,-1,Echolocation,/mnt/ubna_data_01_mir/recover-20220825/UBNA_002/20220823_033000.WAV,Telephone Field,recover-20220825,002,1795
1372.0535,1372.0648,22890,27326,Nyctalus leisleri,0.013,0.024,-1,Echolocation,/mnt/ubna_data_01_mir/recover-20220825/UBNA_002/20220823_033000.WAV,Telephone Field,recover-20220825,002,1795
1372.0775,1372.1173,68437,82181,Rhinolophus ferrumequinum,0.022,0.022,-1,Echolocation,/mnt/ubna_data_01_mir/recover-20220825/UBNA_002/20220823_033000.WAV,Telephone Field,recover-20220825,002,1795
1372.1225,1372.131,27187,37294,Eptesicus serotinus,0.013,0.029,-1,Echolocation,/mnt/ubna_data_01_mir/recover-20220825/UBNA_002/20220823_033000.WAV,Telephone Field,recover-20220825,002,1795
1372.1405,1372.1788,68437,82167,Rhinolophus ferrumequinum,0.031,0.031,-1,Echolocation,/mnt/ubna_data_01_mir/recover-20220825/UBNA_002/20220823_033000.WAV,Telephone Field,recover-20220825,002,1795
1372.1425,1372.1513,27187,38393,Eptesicus serotinus,0.01,0.022,-1,Echolocation,/mnt/ubna_data_01_mir/recover-20220825/UBNA_002/20220823_033000.WAV,Telephone Field,recover-20220825,002,1795
1372.1585,1372.1967,68437,82007,Rhinolophus ferrumequinum,0.021,0.021,-1,Echolocation,/mnt/ubna_data_01_mir/recover-20220825/UBNA_002/20220823_033000.WAV,Telephone Field,recover-20220825,002,1795
1372.2255,1372.263,68437,81449,Rhinolophus ferrumequinum,0.021,0.021,-1,Echolocation,/mnt/ubna_data_01_mir/recover-20220825/UBNA_002/20220823_033000.WAV,Telephone Field,recover-20220825,002,1795
1372.2365,1372.2437,25468,33837,Plecotus auritus,0.006,0.021,-1,Echolocation,/mnt/ubna_data_01_mir/recover-20220825/UBNA_002/20220823_033000.WAV,Telephone Field,recover-20220825,002,1795
1372.2585,1372.2993,68437,82088,Rhinolophus ferrumequinum,0.036,0.036,-1,Echolocation,/mnt/ubna_data_01_mir/recover-20220825/UBNA_002/20220823_033000.WAV,Telephone Field,recover-20220825,002,1795
1372.2885,1372.3278,68437,82392,Rhinolophus ferrumequinum,0.023,0.023,-1,Echolocation,/mnt/ubna_data_01_mir/recover-20220825/UBNA_002/20220823_033000.WAV,Telephone Field,recover-20220825,002,1795
1372.3375,1372.3471,28046,36583,Eptesicus serotinus,0.009,0.021,-1,Echolocation,/mnt/ubna_data_01_mir/recover-20220825/UBNA_002/20220823_033000.WAV,Telephone Field,recover-20220825,002,1795
1372.3515,1372.3592,27187,38811,Eptesicus serotinus,0.007,0.022,-1,Echolocation,/mnt/ubna_data_01_mir/recover-20220825/UBNA_002/20220823_033000.WAV,Telephone Field,recover-20220825,002,1795
1372.3785,1372.414,68437,81230,Rhinolophus ferrumequinum,0.024,0.024,-1,Echolocation,/mnt/ubna_data_01_mir/recover-20220825/UBNA_002/20220823_033000.WAV,Telephone Field,recover-20220825,002,1795
1372.4545,1372.4932,68437,82228,Rhinolophus ferrumequinum,0.025,0.025,-1,Echolocation,/mnt/ubna_data_01_mir/recover-20220825/UBNA_002/20220823_033000.WAV,Telephone Field,recover-20220825,002,1795
1372.4835,1372.4933,22031,27676,Nyctalus leisleri,0.01,0.027,-1,Echolocation,/mnt/ubna_data_01_mir/recover-20220825/UBNA_002/20220823_033000.WAV,Telephone Field,recover-20220825,002,1795
1372.4965,1372.5351,68437,82092,Rhinolophus ferrumequinum,0.022,0.022,-1,Echolocation,/mnt/ubna_data_01_mir/recover-20220825/UBNA_002/20220823_033000.WAV,Telephone Field,recover-20220825,002,1795
1372.5075,1372.5484,68437,82408,Rhinolophus ferrumequinum,0.021,0.021,-1,Echolocation,/mnt/ubna_data_01_mir/recover-20220825/UBNA_002/20220823_033000.WAV,Telephone Field,recover-20220825,002,1795
1372.5175,1372.558,68437,83006,Rhinolophus ferrumequinum,0.023,0.023,-1,Echolocation,/mnt/ubna_data_01_mir/recover-20220825/UBNA_002/20220823_033000.WAV,Telephone Field,recover-20220825,002,1795
1372.5225,1372.5639,68437,82700,Rhinolophus ferrumequinum,0.023,0.023,-1,Echolocation,/mnt/ubna_data_01_mir/recover-20220825/UBNA_002/20220823_033000.WAV,Telephone Field,recover-20220825,002,1795
1372.5855,1372.6276,68437,82627,Rhinolophus ferrumequinum,0.025,0.025,-1,Echolocation,/mnt/ubna_data_01_mir/recover-20220825/UBNA_002/20220823_033000.WAV,Telephone Field,recover-20220825,002,1795
1372.6405,1372.6505,37500,43050,Barbastellus barbastellus,0.007,0.023,-1,Echolocation,/mnt/ubna_data_01_mir/recover-20220825/UBNA_002/20220823_033000.WAV,Telephone Field,recover-20220825,002,1795
1372.6435,1372.6518,28046,40138,Eptesicus serotinus,0.008,0.024,-1,Echolocation,/mnt/ubna_data_01_mir/recover-20220825/UBNA_002/20220823_033000.WAV,Telephone Field,recover-20220825,002,1795
1372.6555,1372.6632,26328,34357,Eptesicus serotinus,0.007,0.021,-1,Echolocation,/mnt/ubna_data_01_mir/recover-20220825/UBNA_002/20220823_033000.WAV,Telephone Field,recover-20220825,002,1795
1372.7075,1372.7147,26328,35858,Eptesicus serotinus,0.007,0.022,-1,Echolocation,/mnt/ubna_data_01_mir/recover-20220825/UBNA_002/20220823_033000.WAV,Telephone Field,recover-20220825,002,1795
1372.7505,1372.7897,68437,82616,Rhinolophus ferrumequinum,0.021,0.021,-1,Echolocation,/mnt/ubna_data_01_mir/recover-20220825/UBNA_002/20220823_033000.WAV,Telephone Field,recover-20220825,002,1795
1372.7805,1372.8214,68437,82681,Rhinolophus ferrumequinum,0.044,0.044,-1,Echolocation,/mnt/ubna_data_01_mir/recover-20220825/UBNA_002/20220823_033000.WAV,Telephone Field,recover-20220825,002,1795
1372.7935,1372.8019,28046,39119,Eptesicus serotinus,0.008,0.021,-1,Echolocation,/mnt/ubna_data_01_mir/recover-20220825/UBNA_002/20220823_033000.WAV,Telephone Field,recover-20220825,002,1795
1372.7985,1372.8067,28046,37465,Eptesicus serotinus,0.008,0.021,-1,Echolocation,/mnt/ubna_data_01_mir/recover-20220825/UBNA_002/20220823_033000.WAV,Telephone Field,recover-20220825,002,1795
1372.8185,1372.8606,68437,82625,Rhinolophus ferrumequinum,0.022,0.022,-1,Echolocation,/mnt/ubna_data_01_mir/recover-20220825/UBNA_002/20220823_033000.WAV,Telephone Field,recover-20220825,002,1795
1372.8195,1372.8278,28046,39717,Eptesicus serotinus,0.007,0.022,-1,Echolocation,/mnt/ubna_data_01_mir/recover-20220825/UBNA_002/20220823_033000.WAV,Telephone Field,recover-20220825,002,1795
1372.8875,1372.8972,28046,36732,Eptesicus serotinus,0.009,0.021,-1,Echolocation,/mnt/ubna_data_01_mir/recover-20220825/UBNA_002/20220823_033000.WAV,Telephone Field,recover-20220825,002,1795
1372.9055,1372.9459,68437,82699,Rhinolophus ferrumequinum,0.025,0.025,-1,Echolocation,/mnt/ubna_data_01_mir/recover-20220825/UBNA_002/20220823_033000.WAV,Telephone Field,recover-20220825,002,1795
1372.9355,1372.9461000000001,28906,36229,Eptesicus serotinus,0.012,0.025,-1,Echolocation,/mnt/ubna_data_01_mir/recover-20220825/UBNA_002/20220823_033000.WAV,Telephone Field,recover-20220825,002,1795
1372.9435,1372.982,68437,82357,Rhinolophus ferrumequinum,0.022,0.022,-1,Echolocation,/mnt/ubna_data_01_mir/recover-20220825/UBNA_002/20220823_033000.WAV,Telephone Field,recover-20220825,002,1795
1372.9535,1372.9935,68437,81977,Rhinolophus ferrumequinum,0.022,0.022,-1,Echolocation,/mnt/ubna_data_01_mir/recover-20220825/UBNA_002/20220823_033000.WAV,Telephone Field,recover-20220825,002,1795
1373.0145,1373.0279,48671,53344,Pipistrellus pipistrellus,0.022,0.026,-1,Echolocation,/mnt/ubna_data_01_mir/recover-20220825/UBNA_002/20220823_033000.WAV,Telephone Field,recover-20220825,002,1795
1373.0165,1373.0552,68437,82067,Rhinolophus ferrumequinum,0.025,0.025,-1,Echolocation,/mnt/ubna_data_01_mir/recover-20220825/UBNA_002/20220823_033000.WAV,Telephone Field,recover-20220825,002,1795
1373.0195,1373.0247,31484,46255,Myotis daubentonii,0.013,0.032,-1,Echolocation,/mnt/ubna_data_01_mir/recover-20220825/UBNA_002/20220823_033000.WAV,Telephone Field,recover-20220825,002,1795
1373.0195,1373.0246,27187,45531,Myotis nattereri,0.008,0.033,-1,Echolocation,/mnt/ubna_data_01_mir/recover-20220825/UBNA_002/20220823_033000.WAV,Telephone Field,recover-20220825,002,1795
1373.0555,1373.0918,68437,81211,Rhinolophus ferrumequinum,0.022,0.022,-1,Echolocation,/mnt/ubna_data_01_mir/recover-20220825/UBNA_002/20220823_033000.WAV,Telephone Field,recover-20220825,002,1795
1373.0715,1373.1134,68437,82424,Rhinolophus ferrumequinum,0.026,0.026,-1,Echolocation,/mnt/ubna_data_01_mir/recover-20220825/UBNA_002/20220823_033000.WAV,Telephone Field,recover-20220825,002,1795
1373.0835,1373.093,25468,32719,Eptesicus serotinus,0.008,0.023,-1,Echolocation,/mnt/ubna_data_01_mir/recover-20220825/UBNA_002/20220823_033000.WAV,Telephone Field,recover-20220825,002,1795
1373.0975,1373.1352,68437,81991,Rhinolophus ferrumequinum,0.022,0.022,-1,Echolocation,/mnt/ubna_data_01_mir/recover-20220825/UBNA_002/20220823_033000.WAV,Telephone Field,recover-20220825,002,1795
1373.0985,1373.112,50390,53915,Pipistrellus pipistrellus,0.037,0.047,-1,Echolocation,/mnt/ubna_data_01_mir/recover-20220825/UBNA_002/20220823_033000.WAV,Telephone Field,recover-20220825,002,1795
1373.1285,1373.1372,45234,48802,Pipistrellus pipistrellus,0.041,0.043,-1,Echolocation,/mnt/ubna_data_01_mir/recover-20220825/UBNA_002/20220823_033000.WAV,Telephone Field,recover-20220825,002,1795
1373.1345,1373.1432,28046,36667,Eptesicus serotinus,0.009,0.023,-1,Echolocation,/mnt/ubna_data_01_mir/recover-20220825/UBNA_002/20220823_033000.WAV,Telephone Field,recover-20220825,002,1795
1373.1435,1373.1539,28046,35620,Eptesicus serotinus,0.014,0.027,-1,Echolocation,/mnt/ubna_data_01_mir/recover-20220825/UBNA_002/20220823_033000.WAV,Telephone Field,recover-20220825,002,1795
1373.1765,1373.1871,22890,28335,Nyctalus leisleri,0.014,0.03,-1,Echolocation,/mnt/ubna_data_01_mir/recover-20220825/UBNA_002/20220823_033000.WAV,Telephone Field,recover-20220825,002,1795
1373.1935,1373.2013,45234,48715,Pipistrellus pipistrellus,0.022,0.023,-1,Echolocation,/mnt/ubna_data_01_mir/recover-20220825/UBNA_002/20220823_033000.WAV,Telephone Field,recover-20220825,002,1795
1373.2115,1373.248,68437,82135,Rhinolophus ferrumequinum,0.025,0.025,-1,Echolocation,/mnt/ubna_data_01_mir/recover-20220825/UBNA_002/20220823_033000.WAV,Telephone Field,recover-20220825,002,1795
1373.2265,1373.2369,40937,47867,Pipistrellus nathusii,0.011,0.024,-1,Echolocation,/mnt/ubna_data_01_mir/recover-20220825/UBNA_002/20220823_033000.WAV,Telephone Field,recover-20220825,002,1795
1373.2475,1373.258,28906,36807,Eptesicus serotinus,0.01,0.023,-1,Echolocation,/mnt/ubna_data_01_mir/recover-20220825/UBNA_002/20220823_033000.WAV,Telephone Field,recover-20220825,002,1795
1373.2475,1373.287,68437,82224,Rhinolophus ferrumequinum,0.023,0.023,-1,Echolocation,/mnt/ubna_data_01_mir/recover-20220825/UBNA_002/20220823_033000.WAV,Telephone Field,recover-20220825,002,1795
1373.2555,1373.2947,68437,82225,Rhinolophus ferrumequinum,0.023,0.023,-1,Echolocation,/mnt/ubna_data_01_mir/recover-20220825/UBNA_002/20220823_033000.WAV,Telephone Field,recover-20220825,002,1795
1373.2755,1373.2896,15156,20893,Nyctalus noctula,0.017,0.024,-1,Echolocation,/mnt/ubna_data_01_mir/recover-20220825/UBNA_002/20220823_033000.WAV,Telephone Field,recover-20220825,002,1795
1373.3415,1373.384,68437,82855,Rhinolophus ferrumequinum,0.024,0.024,-1,Echolocation,/mnt/ubna_data_01_mir/recover-20220825/UBNA_002/20220823_033000.WAV,Telephone Field,recover-20220825,002,1795
1373.3815,1373.4182,68437,81596,Rhinolophus ferrumequinum,0.022,0.022,-1,Echolocation,/mnt/ubna_data_01_mir/recover-20220825/UBNA_002/20220823_033000.WAV,Telephone Field,recover-20220825,002,1795
1373.4025,1373.4413,68437,81673,Rhinolophus ferrumequinum,0.023,0.023,-1,Echolocation,/mnt/ubna_data_01_mir/recover-20220825/UBNA_002/20220823_033000.WAV,Telephone Field,recover-20220825,002,1795
1373.4065,1373.4147,55546,66525,Pipistrellus pygmaeus,0.034,0.036,-1,Echolocation,/mnt/ubna_data_01_mir/recover-20220825/UBNA_002/20220823_033000.WAV,Telephone Field,recover-20220825,002,1795
1373.4105,1373.452,68437,82232,Rhinolophus ferrumequinum,0.021,0.021,-1,Echolocation,/mnt/ubna_data_01_mir/recover-20220825/UBNA_002/20220823_033000.WAV,Telephone Field,recover-20220825,002,1795
1373.4475,1373.4553,28046,39983,Eptesicus serotinus,0.009,0.024,-1,Echolocation,/mnt/ubna_data_01_mir/recover-20220825/UBNA_002/20220823_033000.WAV,Telephone Field,recover-20220825,002,1795
1373.4715,1373.4794,44375,53203,Pipistrellus pipistrellus,0.016,0.024,-1,Echolocation,/mnt/ubna_data_01_mir/recover-20220825/UBNA_002/20220823_033000.WAV,Telephone Field,recover-20220825,002,1795
1373.5055,1373.5143,27187,37131,Eptesicus serotinus,0.009,0.022,-1,Echolocation,/mnt/ubna_data_01_mir/recover-20220825/UBNA_002/20220823_033000.WAV,Telephone Field,recover-20220825,002,1795
1373.5235,1373.5659,68437,82386,Rhinolophus ferrumequinum,0.026,0.026,-1,Echolocation,/mnt/ubna_data_01_mir/recover-20220825/UBNA_002/20220823_033000.WAV,Telephone Field,recover-20220825,002,1795
1373.5465,1373.5852,68437,82323,Rhinolophus ferrumequinum,0.025,0.025,-1,Echolocation,/mnt/ubna_data_01_mir/recover-20220825/UBNA_002/20220823_033000.WAV,Telephone Field,recover-20220825,002,1795
1373.5475,1373.5533,27187,40093,Plecotus auritus,0.007,0.027,-1,Echolocation,/mnt/ubna_data_01_mir/recover-20220825/UBNA_002/20220823_033000.WAV,Telephone Field,recover-20220825,002,1795
1373.5475,1373.5549,42656,46639,Pipistrellus pipistrellus,0.025,0.033,-1,Echolocation,/mnt/ubna_data_01_mir/recover-20220825/UBNA_002/20220823_033000.WAV,Telephone Field,recover-20220825,002,1795
1373.5995,1373.6396,68437,82587,Rhinolophus ferrumequinum,0.026,0.026,-1,Echolocation,/mnt/ubna_data_01_mir/recover-20220825/UBNA_002/20220823_033000.WAV,Telephone Field,recover-20220825,002,1795
1373.6175,1373.6277,28906,36346,Eptesicus serotinus,0.012,0.023,-1,Echolocation,/mnt/ubna_data_01_mir/recover-20220825/UBNA_002/20220823_033000.WAV,Telephone Field,recover-20220825,002,1795
1373.6455,1373.6826,68437,81208,Rhinolophus ferrumequinum,0.021,0.021,-1,Echolocation,/mnt/ubna_data_01_mir/recover-20220825/UBNA_002/20220823_033000.WAV,Telephone Field,recover-20220825,002,1795
1373.6735,1373.711,68437,81638,Rhinolophus ferrumequinum,0.022,0.022,-1,Echolocation,/mnt/ubna_data_01_mir/recover-20220825/UBNA_002/20220823_033000.WAV,Telephone Field,recover-20220825,002,1795
1373.6875,1373.7293,68437,82498,Rhinolophus ferrumequinum,0.026,0.026,-1,Echolocation,/mnt/ubna_data_01_mir/recover-20220825/UBNA_002/20220823_033000.WAV,Telephone Field,recover-20220825,002,1795
1373.7185,1373.7619,68437,82827,Rhinolophus ferrumequinum,0.027,0.027,-1,Echolocation,/mnt/ubna_data_01_mir/recover-20220825/UBNA_002/20220823_033000.WAV,Telephone Field,recover-20220825,002,1795
1373.7215,1373.7315,40937,47692,Pipistrellus nathusii,0.018,0.052,-1,Echolocation,/mnt/ubna_data_01_mir/recover-20220825/UBNA_002/20220823_033000.WAV,Telephone Field,recover-20220825,002,1795
1373.7265,1373.7332,27187,39650,Eptesicus serotinus,0.006,0.027,-1,Echolocation,/mnt/ubna_data_01_mir/recover-20220825/UBNA_002/20220823_033000.WAV,Telephone Field,recover-20220825,002,1795
1373.7405,1373.7792,68437,82253,Rhinolophus ferrumequinum,0.026,0.026,-1,Echolocation,/mnt/ubna_data_01_mir/recover-20220825/UBNA_002/20220823_033000.WAV,Telephone Field,recover-20220825,002,1795
1373.7605,1373.8005,68437,82157,Rhinolophus ferrumequinum,0.021,0.021,-1,Echolocation,/mnt/ubna_data_01_mir/recover-20220825/UBNA_002/20220823_033000.WAV,Telephone Field,recover-20220825,002,1795
1373.8465,1373.887,68437,82697,Rhinolophus ferrumequinum,0.024,0.024,-1,Echolocation,/mnt/ubna_data_01_mir/recover-20220825/UBNA_002/20220823_033000.WAV,Telephone Field,recover-20220825,002,1795
1373.8575,1373.8951,68437,81796,Rhinolophus ferrumequinum,0.021,0.021,-1,Echolocation,/mnt/ubna_data_01_mir/recover-20220825/UBNA_002/20220823_033000.WAV,Telephone Field,recover-20220825,002,1795
1373.8595,1373.8698,23750,29287,Nyctalus leisleri,0.011,0.024,-1,Echolocation,/mnt/ubna_data_01_mir/recover-20220825/UBNA_002/20220823_033000.WAV,Telephone Field,recover-20220825,002,1795
1373.8685,1373.8794,22031,26078,Nyctalus leisleri,0.012,0.021,-1,Echolocation,/mnt/ubna_data_01_mir/recover-20220825/UBNA_002/20220823_033000.WAV,Telephone Field,recover-20220825,002,1795
1373.8935,1373.933,68437,82531,Rhinolophus ferrumequinum,0.021,0.021,-1,Echolocation,/mnt/ubna_data_01_mir/recover-20220825/UBNA_002/20220823_033000.WAV,Telephone Field,recover-20220825,002,1795
1373.8965,1373.9054,42656,46457,Pipistrellus pipistrellus,0.019,0.028,-1,Echolocation,/mnt/ubna_data_01_mir/recover-20220825/UBNA_002/20220823_033000.WAV,Telephone Field,recover-20220825,002,1795
1373.9265,1373.9675,68437,82772,Rhinolophus ferrumequinum,0.025,0.025,-1,Echolocation,/mnt/ubna_data_01_mir/recover-20220825/UBNA_002/20220823_033000.WAV,Telephone Field,recover-20220825,002,1795
1373.9345,1373.9544,19453,22752,Nyctalus noctula,0.028,0.056,-1,Echolocation,/mnt/ubna_data_01_mir/recover-20220825/UBNA_002/20220823_033000.WAV,Telephone Field,recover-20220825,002,1795
1373.9515,1373.9593,41796,47077,Pipistrellus nathusii,0.031,0.095,-1,Echolocation,/mnt/ubna_data_01_mir/recover-20220825/UBNA_002/20220823_033000.WAV,Telephone Field,recover-20220825,002,1795
1373.9555,1373.961,29765,50322,Myotis daubentonii,0.009,0.025,-1,Echolocation,/mnt/ubna_data_01_mir/recover-20220825/UBNA_002/20220823_033000.WAV,Telephone Field,recover-20220825,002,1795
1374.0015,1374.0084,38359,45816,Pipistrellus nathusii,0.007,0.023,-1,Echolocation,/mnt/ubna_data_01_mir/recover-20220825/UBNA_002/20220823_033000.WAV,Telephone Field,recover-20220825,002,1795
1374.0015,1374.0095,23750,32423,Nyctalus leisleri,0.006,0.028,-1,Echolocation,/mnt/ubna_data_01_mir/recover-20220825/UBNA_002/20220823_033000.WAV,Telephone Field,recover-20220825,002,1795
1374.0015,1374.0094,34062,42110,Pipistrellus nathusii,0.006,0.024,-1,Echolocation,/mnt/ubna_data_01_mir/recover-20220825/UBNA_002/20220823_033000.WAV,Telephone Field,recover-20220825,002,1795
1374.0015,1374.0285,69296,81438,Rhinolophus ferrumequinum,0.035,0.035,-1,Echolocation,/mnt/ubna_data_01_mir/recover-20220825/UBNA_002/20220823_033000.WAV,Telephone Field,recover-20220825,002,1795
1374.0015,1374.0138,52109,59709,Pipistrellus pygmaeus,0.021,0.026,-1,Echolocation,/mnt/ubna_data_01_mir/recover-20220825/UBNA_002/20220823_033000.WAV,Telephone Field,recover-20220825,002,1795
1374.0195,1374.0256,30625,47079,Myotis daubentonii,0.012,0.024,-1,Echolocation,/mnt/ubna_data_01_mir/recover-20220825/UBNA_002/20220823_033000.WAV,Telephone Field,recover-20220825,002,1795
1374.0735,1374.0833,26328,33285,Eptesicus serotinus,0.01,0.026,-1,Echolocation,/mnt/ubna_data_01_mir/recover-20220825/UBNA_002/20220823_033000.WAV,Telephone Field,recover-20220825,002,1795
1374.1055,1374.1133,42656,47482,Pipistrellus nathusii,0.049,0.061,-1,Echolocation,/mnt/ubna_data_01_mir/recover-20220825/UBNA_002/20220823_033000.WAV,Telephone Field,recover-20220825,002,1795
1374.1405,1374.1486,48671,53073,Pipistrellus pipistrellus,0.021,0.026,-1,Echolocation,/mnt/ubna_data_01_mir/recover-20220825/UBNA_002/20220823_033000.WAV,Telephone Field,recover-20220825,002,1795
1374.1665,1374.1997,68437,81137,Rhinolophus ferrumequinum,0.023,0.024,-1,Echolocation,/mnt/ubna_data_01_mir/recover-20220825/UBNA_002/20220823_033000.WAV,Telephone Field,recover-20220825,002,1795
1374.1945,1374.2022,41796,50063,Pipistrellus nathusii,0.21,0.266,-1,Echolocation,/mnt/ubna_data_01_mir/recover-20220825/UBNA_002/20220823_033000.WAV,Telephone Field,recover-20220825,002,1795
1374.1965,1374.2067,22890,28355,Nyctalus leisleri,0.01,0.026,-1,Echolocation,/mnt/ubna_data_01_mir/recover-20220825/UBNA_002/20220823_033000.WAV,Telephone Field,recover-20220825,002,1795
1374.2055,1374.2168,23750,28372,Nyctalus leisleri,0.011,0.025,-1,Echolocation,/mnt/ubna_data_01_mir/recover-20220825/UBNA_002/20220823_033000.WAV,Telephone Field,recover-20220825,002,1795
1374.2075,1374.2144,50390,57945,Pipistrellus pipistrellus,0.016,0.023,-1,Echolocation,/mnt/ubna_data_01_mir/recover-20220825/UBNA_002/20220823_033000.WAV,Telephone Field,recover-20220825,002,1795
1374.2505,1374.2599,40937,44833,Pipistrellus nathusii,0.024,0.034,-1,Echolocation,/mnt/ubna_data_01_mir/recover-20220825/UBNA_002/20220823_033000.WAV,Telephone Field,recover-20220825,002,1795
1374.2885,1374.2955,43515,48472,Pipistrellus nathusii,0.128,0.144,-1,Echolocation,/mnt/ubna_data_01_mir/recover-20220825/UBNA_002/20220823_033000.WAV,Telephone Field,recover-20220825,002,1795
1374.2895,1374.2994,23750,28719,Nyctalus leisleri,0.009,0.023,-1,Echolocation,/mnt/ubna_data_01_mir/recover-20220825/UBNA_002/20220823_033000.WAV,Telephone Field,recover-20220825,002,1795
1374.3125,1374.3192,55546,61832,Pipistrellus pygmaeus,0.023,0.023,-1,Echolocation,/mnt/ubna_data_01_mir/recover-20220825/UBNA_002/20220823_033000.WAV,Telephone Field,recover-20220825,002,1795
1374.3225,1374.3315,38359,45110,Pipistrellus nathusii,0.014,0.027,-1,Echolocation,/mnt/ubna_data_01_mir/recover-20220825/UBNA_002/20220823_033000.WAV,Telephone Field,recover-20220825,002,1795
1374.3255,1374.3321,32343,42240,Barbastellus barbastellus,0.013,0.03,-1,Echolocation,/mnt/ubna_data_01_mir/recover-20220825/UBNA_002/20220823_033000.WAV,Telephone Field,recover-20220825,002,1795
1374.3255,1374.3336,27187,36610,Eptesicus serotinus,0.009,0.026,-1,Echolocation,/mnt/ubna_data_01_mir/recover-20220825/UBNA_002/20220823_033000.WAV,Telephone Field,recover-20220825,002,1795
1374.3395,1374.3501,23750,29714,Nyctalus leisleri,0.008,0.023,-1,Echolocation,/mnt/ubna_data_01_mir/recover-20220825/UBNA_002/20220823_033000.WAV,Telephone Field,recover-20220825,002,1795
1374.3705,1374.3801,28046,35998,Eptesicus serotinus,0.011,0.024,-1,Echolocation,/mnt/ubna_data_01_mir/recover-20220825/UBNA_002/20220823_033000.WAV,Telephone Field,recover-20220825,002,1795
1374.3835,1374.3955,23750,29427,Nyctalus leisleri,0.013,0.031,-1,Echolocation,/mnt/ubna_data_01_mir/recover-20220825/UBNA_002/20220823_033000.WAV,Telephone Field,recover-20220825,002,1795
1374.3905,1374.4006,43515,47012,Pipistrellus nathusii,0.042,0.05,-1,Echolocation,/mnt/ubna_data_01_mir/recover-20220825/UBNA_002/20220823_033000.WAV,Telephone Field,recover-20220825,002,1795
1374.3955,1374.402,33203,45759,Barbastellus barbastellus,0.013,0.03,-1,Echolocation,/mnt/ubna_data_01_mir/recover-20220825/UBNA_002/20220823_033000.WAV,Telephone Field,recover-20220825,002,1795
1374.3965,1374.4033,26328,35659,Eptesicus serotinus,0.007,0.026,-1,Echolocation,/mnt/ubna_data_01_mir/recover-20220825/UBNA_002/20220823_033000.WAV,Telephone Field,recover-20220825,002,1795
1374.4585,1374.4676,42656,47505,Pipistrellus nathusii,0.158,0.182,-1,Echolocation,/mnt/ubna_data_01_mir/recover-20220825/UBNA_002/20220823_033000.WAV,Telephone Field,recover-20220825,002,1795
1374.4805,1374.4878,34921,40972,Barbastellus barbastellus,0.017,0.028,-1,Echolocation,/mnt/ubna_data_01_mir/recover-20220825/UBNA_002/20220823_033000.WAV,Telephone Field,recover-20220825,002,1795
1374.4825,1374.4913,26328,36560,Eptesicus serotinus,0.018,0.038,-1,Echolocation,/mnt/ubna_data_01_mir/recover-20220825/UBNA_002/20220823_033000.WAV,Telephone Field,recover-20220825,002,1795
1374.5075,1374.5189,41796,45042,Pipistrellus nathusii,0.044,0.051,-1,Echolocation,/mnt/ubna_data_01_mir/recover-20220825/UBNA_002/20220823_033000.WAV,Telephone Field,recover-20220825,002,1795
1374.5365,1374.5442,41796,48296,Pipistrellus nathusii,0.025,0.037,-1,Echolocation,/mnt/ubna_data_01_mir/recover-20220825/UBNA_002/20220823_033000.WAV,Telephone Field,recover-20220825,002,1795
1374.5605,1374.5702,25468,31596,Eptesicus serotinus,0.008,0.025,-1,Echolocation,/mnt/ubna_data_01_mir/recover-20220825/UBNA_002/20220823_033000.WAV,Telephone Field,recover-20220825,002,1795
1374.5615,1374.5706,41796,48155,Pipistrellus nathusii,0.154,0.181,-1,Echolocation,/mnt/ubna_data_01_mir/recover-20220825/UBNA_002/20220823_033000.WAV,Telephone Field,recover-20220825,002,1795
1374.5875,1374.5974,27187,33944,Eptesicus serotinus,0.012,0.027,-1,Echolocation,/mnt/ubna_data_01_mir/recover-20220825/UBNA_002/20220823_033000.WAV,Telephone Field,recover-20220825,002,1795
1374.6265,1374.6334,41796,52005,Pipistrellus nathusii,0.364,0.484,-1,Echolocation,/mnt/ubna_data_01_mir/recover-20220825/UBNA_002/20220823_033000.WAV,Telephone Field,recover-20220825,002,1795
1374.6745,1374.712,68437,81602,Rhinolophus ferrumequinum,0.023,0.023,-1,Echolocation,/mnt/ubna_data_01_mir/recover-20220825/UBNA_002/20220823_033000.WAV,Telephone Field,recover-20220825,002,1795
1374.7135,1374.72,40937,51539,Pipistrellus nathusii,0.295,0.407,-1,Echolocation,/mnt/ubna_data_01_mir/recover-20220825/UBNA_002/20220823_033000.WAV,Telephone Field,recover-20220825,002,1795
1374.7295,1374.7393,28046,35455,Eptesicus serotinus,0.01,0.023,-1,Echolocation,/mnt/ubna_data_01_mir/recover-20220825/UBNA_002/20220823_033000.WAV,Telephone Field,recover-20220825,002,1795
1374.7455,1374.7522,53828,58825,Pipistrellus pygmaeus,0.024,0.024,-1,Echolocation,/mnt/ubna_data_01_mir/recover-20220825/UBNA_002/20220823_033000.WAV,Telephone Field,recover-20220825,002,1795
1374.7595,1374.7685,58125,64903,Pipistrellus pygmaeus,0.025,0.026,-1,Echolocation,/mnt/ubna_data_01_mir/recover-20220825/UBNA_002/20220823_033000.WAV,Telephone Field,recover-20220825,002,1795
1374.8075,1374.813,40078,53402,Pipistrellus nathusii,0.357,0.429,-1,Echolocation,/mnt/ubna_data_01_mir/recover-20220825/UBNA_002/20220823_033000.WAV,Telephone Field,recover-20220825,002,1795
1374.8245,1374.8625,68437,82431,Rhinolophus ferrumequinum,0.025,0.025,-1,Echolocation,/mnt/ubna_data_01_mir/recover-20220825/UBNA_002/20220823_033000.WAV,Telephone Field,recover-20220825,002,1795
1374.8435,1374.854,28046,35025,Eptesicus serotinus,0.012,0.024,-1,Echolocation,/mnt/ubna_data_01_mir/recover-20220825/UBNA_002/20220823_033000.WAV,Telephone Field,recover-20220825,002,1795
1374.8825,1374.8901,28046,37285,Eptesicus serotinus,0.007,0.022,-1,Echolocation,/mnt/ubna_data_01_mir/recover-20220825/UBNA_002/20220823_033000.WAV,Telephone Field,recover-20220825,002,1795
1374.8865,1374.897,37500,41684,Pipistrellus nathusii,0.032,0.048,-1,Echolocation,/mnt/ubna_data_01_mir/recover-20220825/UBNA_002/20220823_033000.WAV,Telephone Field,recover-20220825,002,1795
1374.8985,1374.9052,40078,48103,Pipistrellus nathusii,0.462,0.494,-1,Echolocation,/mnt/ubna_data_01_mir/recover-20220825/UBNA_002/20220823_033000.WAV,Telephone Field,recover-20220825,002,1795
1374.8995,1374.9074,12578,24809,Barbastellus barbastellus,0.045,0.048,-1,Echolocation,/mnt/ubna_data_01_mir/recover-20220825/UBNA_002/20220823_033000.WAV,Telephone Field,recover-20220825,002,1795
1374.9155,1374.9231,27187,34613,Eptesicus serotinus,0.009,0.027,-1,Echolocation,/mnt/ubna_data_01_mir/recover-20220825/UBNA_002/20220823_033000.WAV,Telephone Field,recover-20220825,002,1795
1374.9585,1374.9667,39218,47297,Pipistrellus nathusii,0.009,0.023,-1,Echolocation,/mnt/ubna_data_01_mir/recover-20220825/UBNA_002/20220823_033000.WAV,Telephone Field,recover-20220825,002,1795
1374.9595,1374.9676,27187,39744,Eptesicus serotinus,0.011,0.03,-1,Echolocation,/mnt/ubna_data_01_mir/recover-20220825/UBNA_002/20220823_033000.WAV,Telephone Field,recover-20220825,002,1795
1374.9925,1375.0,38359,52050,Pipistrellus nathusii,0.505,0.619,-1,Echolocation,/mnt/ubna_data_01_mir/recover-20220825/UBNA_002/20220823_033000.WAV,Telephone Field,recover-20220825,002,1795
1375.0075,1375.0201,22890,26683,Nyctalus leisleri,0.183,0.33,-1,Echolocation,/mnt/ubna_data_01_mir/recover-20220825/UBNA_002/20220823_033000.WAV,Telephone Field,recover-20220825,002,1795
1375.0345,1375.0435,28046,36507,Eptesicus serotinus,0.01,0.024,-1,Echolocation,/mnt/ubna_data_01_mir/recover-20220825/UBNA_002/20220823_033000.WAV,Telephone Field,recover-20220825,002,1795
1375.0825,1375.0887,39218,51079,Pipistrellus nathusii,0.472,0.589,-1,Echolocation,/mnt/ubna_data_01_mir/recover-20220825/UBNA_002/20220823_033000.WAV,Telephone Field,recover-20220825,002,1795
1375.1125,1375.1205,54687,63200,Pipistrellus pygmaeus,0.033,0.034,-1,Echolocation,/mnt/ubna_data_01_mir/recover-20220825/UBNA_002/20220823_033000.WAV,Telephone Field,recover-20220825,002,1795
1375.1445,1375.1531,28046,37556,Eptesicus serotinus,0.009,0.024,-1,Echolocation,/mnt/ubna_data_01_mir/recover-20220825/UBNA_002/20220823_033000.WAV,Telephone Field,recover-20220825,002,1795
1375.1655,1375.2008,68437,81550,Rhinolophus ferrumequinum,0.024,0.024,-1,Echolocation,/mnt/ubna_data_01_mir/recover-20220825/UBNA_002/20220823_033000.WAV,Telephone Field,recover-20220825,002,1795
1375.1815,1375.1885,39218,55166,Pipistrellus nathusii,0.524,0.634,-1,Echolocation,/mnt/ubna_data_01_mir/recover-20220825/UBNA_002/20220823_033000.WAV,Telephone Field,recover-20220825,002,1795
1375.1825,1375.1881,49531,53388,Pipistrellus pipistrellus,0.013,0.023,-1,Echolocation,/mnt/ubna_data_01_mir/recover-20220825/UBNA_002/20220823_033000.WAV,Telephone Field,recover-20220825,002,1795
1375.2505,1375.2598,27187,36588,Eptesicus serotinus,0.011,0.026,-1,Echolocation,/mnt/ubna_data_01_mir/recover-20220825/UBNA_002/20220823_033000.WAV,Telephone Field,recover-20220825,002,1795
1375.2725,1375.279,40078,55746,Pipistrellus nathusii,0.61,0.688,-1,Echolocation,/mnt/ubna_data_01_mir/recover-20220825/UBNA_002/20220823_033000.WAV,Telephone Field,recover-20220825,002,1795
1375.2815,1375.2869,32343,44884,Myotis daubentonii,0.01,0.023,-1,Echolocation,/mnt/ubna_data_01_mir/recover-20220825/UBNA_002/20220823_033000.WAV,Telephone Field,recover-20220825,002,1795
1375.3645,1375.3703,49531,53410,Pipistrellus pipistrellus,0.014,0.024,-1,Echolocation,/mnt/ubna_data_01_mir/recover-20220825/UBNA_002/20220823_033000.WAV,Telephone Field,recover-20220825,002,1795
1375.3645,1375.3712,39218,56126,Pipistrellus nathusii,0.666,0.687,-1,Echolocation,/mnt/ubna_data_01_mir/recover-20220825/UBNA_002/20220823_033000.WAV,Telephone Field,recover-20220825,002,1795
1375.3735,1375.3806,26328,34881,Eptesicus serotinus,0.006,0.024,-1,Echolocation,/mnt/ubna_data_01_mir/recover-20220825/UBNA_002/20220823_033000.WAV,Telephone Field,recover-20220825,002,1795
1375.3785,1375.3867,27187,35604,Eptesicus serotinus,0.009,0.025,-1,Echolocation,/mnt/ubna_data_01_mir/recover-20220825/UBNA_002/20220823_033000.WAV,Telephone Field,recover-20220825,002,1795
1375.4325,1375.4402,40078,54677,Pipistrellus nathusii,0.427,0.574,-1,Echolocation,/mnt/ubna_data_01_mir/recover-20220825/UBNA_002/20220823_033000.WAV,Telephone Field,recover-20220825,002,1795
1375.4755,1375.4853,25468,32584,Eptesicus serotinus,0.01,0.023,-1,Echolocation,/mnt/ubna_data_01_mir/recover-20220825/UBNA_002/20220823_033000.WAV,Telephone Field,recover-20220825,002,1795
1375.4915,1375.5002,28046,34715,Eptesicus serotinus,0.011,0.026,-1,Echolocation,/mnt/ubna_data_01_mir/recover-20220825/UBNA_002/20220823_033000.WAV,Telephone Field,recover-20220825,002,1795
1375.5055,1375.5117,40078,54404,Pipistrellus nathusii,0.464,0.517,-1,Echolocation,/mnt/ubna_data_01_mir/recover-20220825/UBNA_002/20220823_033000.WAV,Telephone Field,recover-20220825,002,1795
1375.5245,1375.5322,27187,36121,Eptesicus serotinus,0.01,0.027,-1,Echolocation,/mnt/ubna_data_01_mir/recover-20220825/UBNA_002/20220823_033000.WAV,Telephone Field,recover-20220825,002,1795
1375.5385,1375.5759,68437,82600,Rhinolophus ferrumequinum,0.027,0.027,-1,Echolocation,/mnt/ubna_data_01_mir/recover-20220825/UBNA_002/20220823_033000.WAV,Telephone Field,recover-20220825,002,1795
1375.5545,1375.5683,22031,25821,Nyctalus leisleri,0.016,0.028,-1,Echolocation,/mnt/ubna_data_01_mir/recover-20220825/UBNA_002/20220823_033000.WAV,Telephone Field,recover-20220825,002,1795
1375.5695,1375.5771,39218,50329,Pipistrellus nathusii,0.361,0.524,-1,Echolocation,/mnt/ubna_data_01_mir/recover-20220825/UBNA_002/20220823_033000.WAV,Telephone Field,recover-20220825,002,1795
1375.6075,1375.6156,28046,37033,Eptesicus serotinus,0.009,0.024,-1,Echolocation,/mnt/ubna_data_01_mir/recover-20220825/UBNA_002/20220823_033000.WAV,Telephone Field,recover-20220825,002,1795
1375.6375,1375.6451,41796,53278,Pipistrellus nathusii,0.339,0.481,-1,Echolocation,/mnt/ubna_data_01_mir/recover-20220825/UBNA_002/20220823_033000.WAV,Telephone Field,recover-20220825,002,1795
1375.6975,1375.7043,40078,52703,Pipistrellus nathusii,0.252,0.438,-1,Echolocation,/mnt/ubna_data_01_mir/recover-20220825/UBNA_002/20220823_033000.WAV,Telephone Field,recover-20220825,002,1795
1375.7015,1375.7141,16015,20403,Nyctalus noctula,0.017,0.034,-1,Echolocation,/mnt/ubna_data_01_mir/recover-20220825/UBNA_002/20220823_033000.WAV,Telephone Field,recover-20220825,002,1795
1375.7615,1375.7687,40937,49151,Pipistrellus nathusii,0.43,0.492,-1,Echolocation,/mnt/ubna_data_01_mir/recover-20220825/UBNA_002/20220823_033000.WAV,Telephone Field,recover-20220825,002,1795
1375.7895,1375.8241,68437,81452,Rhinolophus ferrumequinum,0.03,0.03,-1,Echolocation,/mnt/ubna_data_01_mir/recover-20220825/UBNA_002/20220823_033000.WAV,Telephone Field,recover-20220825,002,1795
1375.8225,1375.8281,40937,52360,Pipistrellus nathusii,0.295,0.363,-1,Echolocation,/mnt/ubna_data_01_mir/recover-20220825/UBNA_002/20220823_033000.WAV,Telephone Field,recover-20220825,002,1795
1375.8335,1375.8439,27187,31605,Eptesicus serotinus,0.012,0.027,-1,Echolocation,/mnt/ubna_data_01_mir/recover-20220825/UBNA_002/20220823_033000.WAV,Telephone Field,recover-20220825,002,1795
1375.8575,1375.8713,28046,32556,Eptesicus serotinus,0.017,0.04,-1,Echolocation,/mnt/ubna_data_01_mir/recover-20220825/UBNA_002/20220823_033000.WAV,Telephone Field,recover-20220825,002,1795
1375.8635,1375.9012,68437,81645,Rhinolophus ferrumequinum,0.023,0.023,-1,Echolocation,/mnt/ubna_data_01_mir/recover-20220825/UBNA_002/20220823_033000.WAV,Telephone Field,recover-20220825,002,1795
1375.8845,1375.8928,40937,47900,Pipistrellus nathusii,0.284,0.4,-1,Echolocation,/mnt/ubna_data_01_mir/recover-20220825/UBNA_002/20220823_033000.WAV,Telephone Field,recover-20220825,002,1795
1375.9425,1375.949,40937,51629,Pipistrellus nathusii,0.335,0.457,-1,Echolocation,/mnt/ubna_data_01_mir/recover-20220825/UBNA_002/20220823_033000.WAV,Telephone Field,recover-20220825,002,1795
1375.9515,1375.9605,24609,29273,Nyctalus leisleri,0.01,0.024,-1,Echolocation,/mnt/ubna_data_01_mir/recover-20220825/UBNA_002/20220823_033000.WAV,Telephone Field,recover-20220825,002,1795
1376.0015,1376.0071,42656,52775,Pipistrellus nathusii,0.188,0.244,-1,Echolocation,/mnt/ubna_data_01_mir/recover-20220825/UBNA_002/20220823_033000.WAV,Telephone Field,recover-20220825,002,1795
1376.0015,1376.0087,24609,38415,Myotis nattereri,0.007,0.032,-1,Echolocation,/mnt/ubna_data_01_mir/recover-20220825/UBNA_002/20220823_033000.WAV,Telephone Field,recover-20220825,002,1795
1376.0015,1376.0293,69296,82700,Rhinolophus ferrumequinum,0.031,0.031,-1,Echolocation,/mnt/ubna_data_01_mir/recover-20220825/UBNA_002/20220823_033000.WAV,Telephone Field,recover-20220825,002,1795
1376.0095,1376.0198,28046,34538,Eptesicus serotinus,0.01,0.028,-1,Echolocation,/mnt/ubna_data_01_mir/recover-20220825/UBNA_002/20220823_033000.WAV,Telephone Field,recover-20220825,002,1795
1376.0425,1376.0511,54687,62447,Pipistrellus pygmaeus,0.023,0.023,-1,Echolocation,/mnt/ubna_data_01_mir/recover-20220825/UBNA_002/20220823_033000.WAV,Telephone Field,recover-20220825,002,1795
1376.0505,1376.0567,42656,55607,Pipistrellus nathusii,0.386,0.428,-1,Echolocation,/mnt/ubna_data_01_mir/recover-20220825/UBNA_002/20220823_033000.WAV,Telephone Field,recover-20220825,002,1795
1376.0535,1376.0707,18593,24585,Nyctalus noctula,0.014,0.025,-1,Echolocation,/mnt/ubna_data_01_mir/recover-20220825/UBNA_002/20220823_033000.WAV,Telephone Field,recover-20220825,002,1795
1376.0825,1376.1226,68437,81983,Rhinolophus ferrumequinum,0.023,0.023,-1,Echolocation,/mnt/ubna_data_01_mir/recover-20220825/UBNA_002/20220823_033000.WAV,Telephone Field,recover-20220825,002,1795
1376.0935,1376.1008,27187,35003,Eptesicus serotinus,0.006,0.022,-1,Echolocation,/mnt/ubna_data_01_mir/recover-20220825/UBNA_002/20220823_033000.WAV,Telephone Field,recover-20220825,002,1795
1376.1005,1376.1097,42656,52052,Pipistrellus nathusii,0.455,0.487,-1,Echolocation,/mnt/ubna_data_01_mir/recover-20220825/UBNA_002/20220823_033000.WAV,Telephone Field,recover-20220825,002,1795
1376.1195,1376.1597,68437,82764,Rhinolophus ferrumequinum,0.035,0.035,-1,Echolocation,/mnt/ubna_data_01_mir/recover-20220825/UBNA_002/20220823_033000.WAV,Telephone Field,recover-20220825,002,1795
1376.1325,1376.1406,28046,37785,Eptesicus serotinus,0.008,0.023,-1,Echolocation,/mnt/ubna_data_01_mir/recover-20220825/UBNA_002/20220823_033000.WAV,Telephone Field,recover-20220825,002,1795
1376.1335,1376.1427,38359,44564,Pipistrellus nathusii,0.017,0.032,-1,Echolocation,/mnt/ubna_data_01_mir/recover-20220825/UBNA_002/20220823_033000.WAV,Telephone Field,recover-20220825,002,1795
1376.1345,1376.1422,48671,56984,Pipistrellus pipistrellus,0.021,0.026,-1,Echolocation,/mnt/ubna_data_01_mir/recover-20220825/UBNA_002/20220823_033000.WAV,Telephone Field,recover-20220825,002,1795
1376.1445,1376.1506,31484,62464,Myotis brandtii,0.017,0.032,-1,Echolocation,/mnt/ubna_data_01_mir/recover-20220825/UBNA_002/20220823_033000.WAV,Telephone Field,recover-20220825,002,1795
1376.1455,1376.1511,43515,57632,Pipistrellus nathusii,0.464,0.509,-1,Echolocation,/mnt/ubna_data_01_mir/recover-20220825/UBNA_002/20220823_033000.WAV,Telephone Field,recover-20220825,002,1795
1376.1575,1376.1656,28046,37603,Eptesicus serotinus,0.009,0.025,-1,Echolocation,/mnt/ubna_data_01_mir/recover-20220825/UBNA_002/20220823_033000.WAV,Telephone Field,recover-20220825,002,1795
1376.1755,1376.2105,68437,82246,Rhinolophus ferrumequinum,0.024,0.024,-1,Echolocation,/mnt/ubna_data_01_mir/recover-20220825/UBNA_002/20220823_033000.WAV,Telephone Field,recover-20220825,002,1795
1376.1775,1376.1842,48671,57188,Pipistrellus pipistrellus,0.021,0.024,-1,Echolocation,/mnt/ubna_data_01_mir/recover-20220825/UBNA_002/20220823_033000.WAV,Telephone Field,recover-20220825,002,1795
1376.2195,1376.2248,42656,54600,Pipistrellus nathusii,0.413,0.433,-1,Echolocation,/mnt/ubna_data_01_mir/recover-20220825/UBNA_002/20220823_033000.WAV,Telephone Field,recover-20220825,002,1795
1376.2665,1376.275,41796,48823,Pipistrellus nathusii,0.026,0.041,-1,Echolocation,/mnt/ubna_data_01_mir/recover-20220825/UBNA_002/20220823_033000.WAV,Telephone Field,recover-20220825,002,1795
1376.2685,1376.2744,37500,49010,Myotis daubentonii,0.012,0.04,-1,Echolocation,/mnt/ubna_data_01_mir/recover-20220825/UBNA_002/20220823_033000.WAV,Telephone Field,recover-20220825,002,1795
1376.2965,1376.3077,53828,59609,Pipistrellus pygmaeus,0.027,0.028,-1,Echolocation,/mnt/ubna_data_01_mir/recover-20220825/UBNA_002/20220823_033000.WAV,Telephone Field,recover-20220825,002,1795
1376.3025,1376.308,42656,59097,Pipistrellus nathusii,0.322,0.381,-1,Echolocation,/mnt/ubna_data_01_mir/recover-20220825/UBNA_002/20220823_033000.WAV,Telephone Field,recover-20220825,002,1795
1376.3025,1376.3079,32343,70876,Myotis brandtii,0.048,0.084,-1,Echolocation,/mnt/ubna_data_01_mir/recover-20220825/UBNA_002/20220823_033000.WAV,Telephone Field,recover-20220825,002,1795
1376.3035,1376.3404,68437,81161,Rhinolophus ferrumequinum,0.022,0.022,-1,Echolocation,/mnt/ubna_data_01_mir/recover-20220825/UBNA_002/20220823_033000.WAV,Telephone Field,recover-20220825,002,1795
1376.3785,1376.3838,32343,42846,Myotis daubentonii,0.011,0.023,-1,Echolocation,/mnt/ubna_data_01_mir/recover-20220825/UBNA_002/20220823_033000.WAV,Telephone Field,recover-20220825,002,1795
1376.3795,1376.388,45234,57676,Pipistrellus pipistrellus,0.015,0.029,-1,Echolocation,/mnt/ubna_data_01_mir/recover-20220825/UBNA_002/20220823_033000.WAV,Telephone Field,recover-20220825,002,1795
1376.3915,1376.3972,30625,73052,Myotis brandtii,0.022,0.041,-1,Echolocation,/mnt/ubna_data_01_mir/recover-20220825/UBNA_002/20220823_033000.WAV,Telephone Field,recover-20220825,002,1795
1376.3925,1376.3977,43515,58377,Pipistrellus nathusii,0.499,0.524,-1,Echolocation,/mnt/ubna_data_01_mir/recover-20220825/UBNA_002/20220823_033000.WAV,Telephone Field,recover-20220825,002,1795
1376.4255,1376.4622,68437,81788,Rhinolophus ferrumequinum,0.022,0.022,-1,Echolocation,/mnt/ubna_data_01_mir/recover-20220825/UBNA_002/20220823_033000.WAV,Telephone Field,recover-20220825,002,1795
1376.4505,1376.4566,34062,54842,Myotis brandtii,0.011,0.023,-1,Echolocation,/mnt/ubna_data_01_mir/recover-20220825/UBNA_002/20220823_033000.WAV,Telephone Field,recover-20220825,002,1795
1376.4505,1376.4576,42656,52462,Pipistrellus nathusii,0.009,0.026,-1,Echolocation,/mnt/ubna_data_01_mir/recover-20220825/UBNA_002/20220823_033000.WAV,Telephone Field,recover-20220825,002,1795
1376.4785,1376.4842,42656,60690,Pipistrellus nathusii,0.385,0.506,-1,Echolocation,/mnt/ubna_data_01_mir/recover-20220825/UBNA_002/20220823_033000.WAV,Telephone Field,recover-20220825,002,1795
1376.4845,1376.5182,68437,81206,Rhinolophus ferrumequinum,0.026,0.026,-1,Echolocation,/mnt/ubna_data_01_mir/recover-20220825/UBNA_002/20220823_033000.WAV,Telephone Field,recover-20220825,002,1795
1376.5385,1376.5495,43515,47695,Pipistrellus pipistrellus,0.014,0.022,-1,Echolocation,/mnt/ubna_data_01_mir/recover-20220825/UBNA_002/20220823_033000.WAV,Telephone Field,recover-20220825,002,1795
1376.5715,1376.577,29765,74099,Myotis brandtii,0.02,0.038,-1,Echolocation,/mnt/ubna_data_01_mir/recover-20220825/UBNA_002/20220823_033000.WAV,Telephone Field,recover-20220825,002,1795
1376.5725,1376.5782,42656,59294,Pipistrellus nathusii,0.468,0.519,-1,Echolocation,/mnt/ubna_data_01_mir/recover-20220825/UBNA_002/20220823_033000.WAV,Telephone Field,recover-20220825,002,1795
1376.5745,1376.6093,68437,81723,Rhinolophus ferrumequinum,0.024,0.024,-1,Echolocation,/mnt/ubna_data_01_mir/recover-20220825/UBNA_002/20220823_033000.WAV,Telephone Field,recover-20220825,002,1795
1376.6365,1376.6729,68437,81640,Rhinolophus ferrumequinum,0.024,0.024,-1,Echolocation,/mnt/ubna_data_01_mir/recover-20220825/UBNA_002/20220823_033000.WAV,Telephone Field,recover-20220825,002,1795
1376.6375,1376.645,48671,56643,Pipistrellus pipistrellus,0.019,0.022,-1,Echolocation,/mnt/ubna_data_01_mir/recover-20220825/UBNA_002/20220823_033000.WAV,Telephone Field,recover-20220825,002,1795
1376.6455,1376.6539,28046,36103,Eptesicus serotinus,0.01,0.025,-1,Echolocation,/mnt/ubna_data_01_mir/recover-20220825/UBNA_002/20220823_033000.WAV,Telephone Field,recover-20220825,002,1795
1376.6615,1376.6675,42656,61482,Pipistrellus nathusii,0.459,0.507,-1,Echolocation,/mnt/ubna_data_01_mir/recover-20220825/UBNA_002/20220823_033000.WAV,Telephone Field,recover-20220825,002,1795
1376.6615,1376.6682,53828,58614,Pipistrellus pygmaeus,0.055,0.06,-1,Echolocation,/mnt/ubna_data_01_mir/recover-20220825/UBNA_002/20220823_033000.WAV,Telephone Field,recover-20220825,002,1795
1376.6735,1376.6816,28046,35846,Eptesicus serotinus,0.007,0.024,-1,Echolocation,/mnt/ubna_data_01_mir/recover-20220825/UBNA_002/20220823_033000.WAV,Telephone Field,recover-20220825,002,1795
1376.7385,1376.7735,68437,81801,Rhinolophus ferrumequinum,0.025,0.025,-1,Echolocation,/mnt/ubna_data_01_mir/recover-20220825/UBNA_002/20220823_033000.WAV,Telephone Field,recover-20220825,002,1795
1376.7395,1376.7467,28046,35980,Eptesicus serotinus,0.008,0.022,-1,Echolocation,/mnt/ubna_data_01_mir/recover-20220825/UBNA_002/20220823_033000.WAV,Telephone Field,recover-20220825,002,1795
1376.7545,1376.7596,28906,78608,Myotis brandtii,0.022,0.05,-1,Echolocation,/mnt/ubna_data_01_mir/recover-20220825/UBNA_002/20220823_033000.WAV,Telephone Field,recover-20220825,002,1795
1376.7545,1376.7605,40937,63351,Pipistrellus nathusii,0.458,0.521,-1,Echolocation,/mnt/ubna_data_01_mir/recover-20220825/UBNA_002/20220823_033000.WAV,Telephone Field,recover-20220825,002,1795
1376.7645,1376.772,27187,39233,Eptesicus serotinus,0.006,0.023,-1,Echolocation,/mnt/ubna_data_01_mir/recover-20220825/UBNA_002/20220823_033000.WAV,Telephone Field,recover-20220825,002,1795
1376.7855,1376.7961,25468,32973,Eptesicus serotinus,0.01,0.022,-1,Echolocation,/mnt/ubna_data_01_mir/recover-20220825/UBNA_002/20220823_033000.WAV,Telephone Field,recover-20220825,002,1795
1376.7905,1376.8299,68437,82745,Rhinolophus ferrumequinum,0.031,0.031,-1,Echolocation,/mnt/ubna_data_01_mir/recover-20220825/UBNA_002/20220823_033000.WAV,Telephone Field,recover-20220825,002,1795
1376.7985,1376.8056,55546,62093,Pipistrellus pygmaeus,0.03,0.03,-1,Echolocation,/mnt/ubna_data_01_mir/recover-20220825/UBNA_002/20220823_033000.WAV,Telephone Field,recover-20220825,002,1795
1376.8425,1376.8482,39218,66824,Pipistrellus nathusii,0.258,0.414,-1,Echolocation,/mnt/ubna_data_01_mir/recover-20220825/UBNA_002/20220823_033000.WAV,Telephone Field,recover-20220825,002,1795
1376.8425,1376.8495,58984,64896,Pipistrellus pygmaeus,0.021,0.022,-1,Echolocation,/mnt/ubna_data_01_mir/recover-20220825/UBNA_002/20220823_033000.WAV,Telephone Field,recover-20220825,002,1795
1376.8685,1376.8748,28906,38434,Eptesicus serotinus,0.013,0.039,-1,Echolocation,/mnt/ubna_data_01_mir/recover-20220825/UBNA_002/20220823_033000.WAV,Telephone Field,recover-20220825,002,1795
1376.8745,1376.9124,68437,81815,Rhinolophus ferrumequinum,0.023,0.023,-1,Echolocation,/mnt/ubna_data_01_mir/recover-20220825/UBNA_002/20220823_033000.WAV,Telephone Field,recover-20220825,002,1795
1376.9065,1376.9164,46093,49467,Pipistrellus pipistrellus,0.022,0.029,-1,Echolocation,/mnt/ubna_data_01_mir/recover-20220825/UBNA_002/20220823_033000.WAV,Telephone Field,recover-20220825,002,1795
1376.9235,1376.9301,28046,36470,Eptesicus serotinus,0.011,0.031,-1,Echolocation,/mnt/ubna_data_01_mir/recover-20220825/UBNA_002/20220823_033000.WAV,Telephone Field,recover-20220825,002,1795
1376.9345,1376.9421,49531,58365,Pipistrellus pipistrellus,0.015,0.034,-1,Echolocation,/mnt/ubna_data_01_mir/recover-20220825/UBNA_002/20220823_033000.WAV,Telephone Field,recover-20220825,002,1795
1376.9365,1376.9429,40078,62154,Pipistrellus nathusii,0.547,0.634,-1,Echolocation,/mnt/ubna_data_01_mir/recover-20220825/UBNA_002/20220823_033000.WAV,Telephone Field,recover-20220825,002,1795
1376.9455,1376.9535,27187,38578,Eptesicus serotinus,0.007,0.023,-1,Echolocation,/mnt/ubna_data_01_mir/recover-20220825/UBNA_002/20220823_033000.WAV,Telephone Field,recover-20220825,002,1795
1377.0035,1377.0409,68437,81643,Rhinolophus ferrumequinum,0.022,0.022,-1,Echolocation,/mnt/ubna_data_01_mir/recover-20220825/UBNA_002/20220823_033000.WAV,Telephone Field,recover-20220825,002,1795
1377.0115,1377.0208,28046,34509,Eptesicus serotinus,0.015,0.031,-1,Echolocation,/mnt/ubna_data_01_mir/recover-20220825/UBNA_002/20220823_033000.WAV,Telephone Field,recover-20220825,002,1795
1377.0205,1377.0292,50390,58078,Pipistrellus pipistrellus,0.046,0.088,-1,Echolocation,/mnt/ubna_data_01_mir/recover-20220825/UBNA_002/20220823_033000.WAV,Telephone Field,recover-20220825,002,1795
1377.0245,1377.0297,28046,75106,Myotis bechsteinii,0.053,0.109,-1,Echolocation,/mnt/ubna_data_01_mir/recover-20220825/UBNA_002/20220823_033000.WAV,Telephone Field,recover-20220825,002,1795
1377.0255,1377.0317,38359,63896,Pipistrellus nathusii,0.441,0.519,-1,Echolocation,/mnt/ubna_data_01_mir/recover-20220825/UBNA_002/20220823_033000.WAV,Telephone Field,recover-20220825,002,1795
1377.0355,1377.0419,34921,56107,Myotis brandtii,0.015,0.029,-1,Echolocation,/mnt/ubna_data_01_mir/recover-20220825/UBNA_002/20220823_033000.WAV,Telephone Field,recover-20220825,002,1795
1377.0955,1377.1022,49531,59550,Pipistrellus pipistrellus,0.019,0.023,-1,Echolocation,/mnt/ubna_data_01_mir/recover-20220825/UBNA_002/20220823_033000.WAV,Telephone Field,recover-20220825,002,1795
1377.0965,1377.1042,54687,64040,Pipistrellus pygmaeus,0.024,0.025,-1,Echolocation,/mnt/ubna_data_01_mir/recover-20220825/UBNA_002/20220823_033000.WAV,Telephone Field,recover-20220825,002,1795
1377.1185,1377.1257,40078,64809,Pipistrellus nathusii,0.49,0.627,-1,Echolocation,/mnt/ubna_data_01_mir/recover-20220825/UBNA_002/20220823_033000.WAV,Telephone Field,recover-20220825,002,1795
1377.1195,1377.1258,50390,57273,Pipistrellus pygmaeus,0.024,0.049,-1,Echolocation,/mnt/ubna_data_01_mir/recover-20220825/UBNA_002/20220823_033000.WAV,Telephone Field,recover-20220825,002,1795
1377.1275,1377.1362,52968,67563,Pipistrellus pygmaeus,0.021,0.022,-1,Echolocation,/mnt/ubna_data_01_mir/recover-20220825/UBNA_002/20220823_033000.WAV,Telephone Field,recover-20220825,002,1795
1377.1705,1377.1773,56406,61838,Pipistrellus pygmaeus,0.027,0.028,-1,Echolocation,/mnt/ubna_data_01_mir/recover-20220825/UBNA_002/20220823_033000.WAV,Telephone Field,recover-20220825,002,1795
1377.2115,1377.2176,49531,57996,Pipistrellus pipistrellus,0.026,0.044,-1,Echolocation,/mnt/ubna_data_01_mir/recover-20220825/UBNA_002/20220823_033000.WAV,Telephone Field,recover-20220825,002,1795
1377.2125,1377.2187,39218,64367,Pipistrellus nathusii,0.633,0.66,-1,Echolocation,/mnt/ubna_data_01_mir/recover-20220825/UBNA_002/20220823_033000.WAV,Telephone Field,recover-20220825,002,1795
1377.2215,1377.2291,40078,52339,Pipistrellus nathusii,0.013,0.027,-1,Echolocation,/mnt/ubna_data_01_mir/recover-20220825/UBNA_002/20220823_033000.WAV,Telephone Field,recover-20220825,002,1795
1377.2215,1377.2294,51250,62616,Pipistrellus pygmaeus,0.025,0.027,-1,Echolocation,/mnt/ubna_data_01_mir/recover-20220825/UBNA_002/20220823_033000.WAV,Telephone Field,recover-20220825,002,1795
1377.2235,1377.2296,33203,58611,Myotis brandtii,0.011,0.022,-1,Echolocation,/mnt/ubna_data_01_mir/recover-20220825/UBNA_002/20220823_033000.WAV,Telephone Field,recover-20220825,002,1795
1377.2685,1377.2776,26328,34245,Eptesicus serotinus,0.01,0.024,-1,Echolocation,/mnt/ubna_data_01_mir/recover-20220825/UBNA_002/20220823_033000.WAV,Telephone Field,recover-20220825,002,1795
1377.2995,1377.3057,39218,67513,Pipistrellus nathusii,0.651,0.685,-1,Echolocation,/mnt/ubna_data_01_mir/recover-20220825/UBNA_002/20220823_033000.WAV,Telephone Field,recover-20220825,002,1795
1377.2995,1377.3049,50390,60082,Pipistrellus pipistrellus,0.036,0.062,-1,Echolocation,/mnt/ubna_data_01_mir/recover-20220825/UBNA_002/20220823_033000.WAV,Telephone Field,recover-20220825,002,1795
1377.3085,1377.3155,26328,38740,Eptesicus serotinus,0.006,0.023,-1,Echolocation,/mnt/ubna_data_01_mir/recover-20220825/UBNA_002/20220823_033000.WAV,Telephone Field,recover-20220825,002,1795
1377.3355,1377.346,33203,39171,Eptesicus serotinus,0.006,0.025,-1,Echolocation,/mnt/ubna_data_01_mir/recover-20220825/UBNA_002/20220823_033000.WAV,Telephone Field,recover-20220825,002,1795
1377.3895,1377.3961,38359,68020,Pipistrellus nathusii,0.379,0.479,-1,Echolocation,/mnt/ubna_data_01_mir/recover-20220825/UBNA_002/20220823_033000.WAV,Telephone Field,recover-20220825,002,1795
1377.3905,1377.3975,52968,61608,Pipistrellus pygmaeus,0.056,0.067,-1,Echolocation,/mnt/ubna_data_01_mir/recover-20220825/UBNA_002/20220823_033000.WAV,Telephone Field,recover-20220825,002,1795
1377.4035,1377.4135,28046,36157,Eptesicus serotinus,0.013,0.035,-1,Echolocation,/mnt/ubna_data_01_mir/recover-20220825/UBNA_002/20220823_033000.WAV,Telephone Field,recover-20220825,002,1795
1377.4485,1377.4577,47812,53207,Pipistrellus pipistrellus,0.045,0.052,-1,Echolocation,/mnt/ubna_data_01_mir/recover-20220825/UBNA_002/20220823_033000.WAV,Telephone Field,recover-20220825,002,1795
1377.4485,1377.4599,24609,30784,Nyctalus leisleri,0.01,0.028,-1,Echolocation,/mnt/ubna_data_01_mir/recover-20220825/UBNA_002/20220823_033000.WAV,Telephone Field,recover-20220825,002,1795
1377.4515,1377.4917,68437,82400,Rhinolophus ferrumequinum,0.032,0.032,-1,Echolocation,/mnt/ubna_data_01_mir/recover-20220825/UBNA_002/20220823_033000.WAV,Telephone Field,recover-20220825,002,1795
1377.4805,1377.5116,68437,79932,Rhinolophus ferrumequinum,0.022,0.022,-1,Echolocation,/mnt/ubna_data_01_mir/recover-20220825/UBNA_002/20220823_033000.WAV,Telephone Field,recover-20220825,002,1795
1377.4805,1377.4886,52968,59079,Pipistrellus pygmaeus,0.046,0.057,-1,Echolocation,/mnt/ubna_data_01_mir/recover-20220825/UBNA_002/20220823_033000.WAV,Telephone Field,recover-20220825,002,1795
1377.4835,1377.4894,30625,68161,Barbastellus barbastellus,0.014,0.043,-1,Echolocation,/mnt/ubna_data_01_mir/recover-20220825/UBNA_002/20220823_033000.WAV,Telephone Field,recover-20220825,002,1795
1377.4845,1377.4911,38359,65859,Pipistrellus nathusii,0.558,0.628,-1,Echolocation,/mnt/ubna_data_01_mir/recover-20220825/UBNA_002/20220823_033000.WAV,Telephone Field,recover-20220825,002,1795
1377.4955,1377.5028,39218,54923,Pipistrellus nathusii,0.064,0.091,-1,Echolocation,/mnt/ubna_data_01_mir/recover-20220825/UBNA_002/20220823_033000.WAV,Telephone Field,recover-20220825,002,1795
1377.5085,1377.5401,68437,80369,Rhinolophus ferrumequinum,0.022,0.022,-1,Echolocation,/mnt/ubna_data_01_mir/recover-20220825/UBNA_002/20220823_033000.WAV,Telephone Field,recover-20220825,002,1795
1377.5275,1377.537,28046,36765,Eptesicus serotinus,0.012,0.027,-1,Echolocation,/mnt/ubna_data_01_mir/recover-20220825/UBNA_002/20220823_033000.WAV,Telephone Field,recover-20220825,002,1795
1377.5625,1377.5697,28046,36318,Eptesicus serotinus,0.008,0.026,-1,Echolocation,/mnt/ubna_data_01_mir/recover-20220825/UBNA_002/20220823_033000.WAV,Telephone Field,recover-20220825,002,1795
1377.5745,1377.5821,49531,59365,Pipistrellus pipistrellus,0.045,0.08,-1,Echolocation,/mnt/ubna_data_01_mir/recover-20220825/UBNA_002/20220823_033000.WAV,Telephone Field,recover-20220825,002,1795
1377.5755,1377.5816,30625,76142,Myotis brandtii,0.034,0.071,-1,Echolocation,/mnt/ubna_data_01_mir/recover-20220825/UBNA_002/20220823_033000.WAV,Telephone Field,recover-20220825,002,1795
1377.5755,1377.5825,38359,70295,Pipistrellus nathusii,0.32,0.502,-1,Echolocation,/mnt/ubna_data_01_mir/recover-20220825/UBNA_002/20220823_033000.WAV,Telephone Field,recover-20220825,002,1795
1377.5845,1377.5918,39218,52994,Pipistrellus nathusii,0.02,0.036,-1,Echolocation,/mnt/ubna_data_01_mir/recover-20220825/UBNA_002/20220823_033000.WAV,Telephone Field,recover-20220825,002,1795
1377.5865,1377.5919,30625,45976,Myotis daubentonii,0.013,0.03,-1,Echolocation,/mnt/ubna_data_01_mir/recover-20220825/UBNA_002/20220823_033000.WAV,Telephone Field,recover-20220825,002,1795
1377.6435,1377.6508,47812,52792,Pipistrellus pipistrellus,0.021,0.024,-1,Echolocation,/mnt/ubna_data_01_mir/recover-20220825/UBNA_002/20220823_033000.WAV,Telephone Field,recover-20220825,002,1795
1377.6435,1377.6514,28046,42568,Eptesicus serotinus,0.009,0.023,-1,Echolocation,/mnt/ubna_data_01_mir/recover-20220825/UBNA_002/20220823_033000.WAV,Telephone Field,recover-20220825,002,1795
1377.6635,1377.6752,54687,60302,Pipistrellus pygmaeus,0.063,0.066,-1,Echolocation,/mnt/ubna_data_01_mir/recover-20220825/UBNA_002/20220823_033000.WAV,Telephone Field,recover-20220825,002,1795
1377.6695,1377.6761,39218,65369,Pipistrellus nathusii,0.552,0.648,-1,Echolocation,/mnt/ubna_data_01_mir/recover-20220825/UBNA_002/20220823_033000.WAV,Telephone Field,recover-20220825,002,1795
1377.6705,1377.6767,52109,61560,Pipistrellus pipistrellus,0.019,0.037,-1,Echolocation,/mnt/ubna_data_01_mir/recover-20220825/UBNA_002/20220823_033000.WAV,Telephone Field,recover-20220825,002,1795
1377.6745,1377.6828,21171,39759,Myotis nattereri,0.007,0.023,-1,Echolocation,/mnt/ubna_data_01_mir/recover-20220825/UBNA_002/20220823_033000.WAV,Telephone Field,recover-20220825,002,1795
1377.6785,1377.6864,27187,34716,Eptesicus serotinus,0.007,0.026,-1,Echolocation,/mnt/ubna_data_01_mir/recover-20220825/UBNA_002/20220823_033000.WAV,Telephone Field,recover-20220825,002,1795
1377.6795,1377.6857,34921,48066,Myotis brandtii,0.012,0.031,-1,Echolocation,/mnt/ubna_data_01_mir/recover-20220825/UBNA_002/20220823_033000.WAV,Telephone Field,recover-20220825,002,1795
1377.7015,1377.7143,37500,40619,Pipistrellus nathusii,0.022,0.033,-1,Echolocation,/mnt/ubna_data_01_mir/recover-20220825/UBNA_002/20220823_033000.WAV,Telephone Field,recover-20220825,002,1795
1377.7095,1377.7199,50390,55989,Pipistrellus pygmaeus,0.019,0.033,-1,Echolocation,/mnt/ubna_data_01_mir/recover-20220825/UBNA_002/20220823_033000.WAV,Telephone Field,recover-20220825,002,1795
1377.7145,1377.7543,68437,82720,Rhinolophus ferrumequinum,0.023,0.024,-1,Echolocation,/mnt/ubna_data_01_mir/recover-20220825/UBNA_002/20220823_033000.WAV,Telephone Field,recover-20220825,002,1795
1377.7225,1377.7594,68437,81269,Rhinolophus ferrumequinum,0.022,0.022,-1,Echolocation,/mnt/ubna_data_01_mir/recover-20220825/UBNA_002/20220823_033000.WAV,Telephone Field,recover-20220825,002,1795
1377.7315,1377.7379,55546,62484,Pipistrellus pygmaeus,0.024,0.025,-1,Echolocation,/mnt/ubna_data_01_mir/recover-20220825/UBNA_002/20220823_033000.WAV,Telephone Field,recover-20220825,002,1795
1377.7325,1377.7697,68437,82146,Rhinolophus ferrumequinum,0.023,0.023,-1,Echolocation,/mnt/ubna_data_01_mir/recover-20220825/UBNA_002/20220823_033000.WAV,Telephone Field,recover-20220825,002,1795
1377.7585,1377.7698,37500,43098,Pipistrellus nathusii,0.011,0.022,-1,Echolocation,/mnt/ubna_data_01_mir/recover-20220825/UBNA_002/20220823_033000.WAV,Telephone Field,recover-20220825,002,1795
1377.7655,1377.7758,40937,47365,Pipistrellus nathusii,0.016,0.026,-1,Echolocation,/mnt/ubna_data_01_mir/recover-20220825/UBNA_002/20220823_033000.WAV,Telephone Field,recover-20220825,002,1795
1377.7695,1377.7777,28046,41474,Eptesicus serotinus,0.009,0.022,-1,Echolocation,/mnt/ubna_data_01_mir/recover-20220825/UBNA_002/20220823_033000.WAV,Telephone Field,recover-20220825,002,1795
1377.7845,1377.7942,25468,33164,Eptesicus serotinus,0.011,0.024,-1,Echolocation,/mnt/ubna_data_01_mir/recover-20220825/UBNA_002/20220823_033000.WAV,Telephone Field,recover-20220825,002,1795
1377.7915,1377.7987,55546,64294,Pipistrellus pygmaeus,0.034,0.035,-1,Echolocation,/mnt/ubna_data_01_mir/recover-20220825/UBNA_002/20220823_033000.WAV,Telephone Field,recover-20220825,002,1795
1377.8175,1377.8548,68437,81624,Rhinolophus ferrumequinum,0.024,0.024,-1,Echolocation,/mnt/ubna_data_01_mir/recover-20220825/UBNA_002/20220823_033000.WAV,Telephone Field,recover-20220825,002,1795
1377.8275,1377.8341,28046,38400,Eptesicus serotinus,0.007,0.026,-1,Echolocation,/mnt/ubna_data_01_mir/recover-20220825/UBNA_002/20220823_033000.WAV,Telephone Field,recover-20220825,002,1795
1377.8365,1377.8471,53828,58831,Pipistrellus pygmaeus,0.07,0.076,-1,Echolocation,/mnt/ubna_data_01_mir/recover-20220825/UBNA_002/20220823_033000.WAV,Telephone Field,recover-20220825,002,1795
1377.8425,1377.8488,38359,66105,Pipistrellus nathusii,0.638,0.673,-1,Echolocation,/mnt/ubna_data_01_mir/recover-20220825/UBNA_002/20220823_033000.WAV,Telephone Field,recover-20220825,002,1795
1377.8435,1377.8487,49531,57245,Pipistrellus pipistrellus,0.034,0.066,-1,Echolocation,/mnt/ubna_data_01_mir/recover-20220825/UBNA_002/20220823_033000.WAV,Telephone Field,recover-20220825,002,1795
1377.8505,1377.8557,30625,45784,Myotis daubentonii,0.01,0.022,-1,Echolocation,/mnt/ubna_data_01_mir/recover-20220825/UBNA_002/20220823_033000.WAV,Telephone Field,recover-20220825,002,1795
1377.8555,1377.8869,68437,80978,Rhinolophus ferrumequinum,0.023,0.023,-1,Echolocation,/mnt/ubna_data_01_mir/recover-20220825/UBNA_002/20220823_033000.WAV,Telephone Field,recover-20220825,002,1795
1377.8895,1377.8999,24609,30482,Eptesicus serotinus,0.008,0.022,-1,Echolocation,/mnt/ubna_data_01_mir/recover-20220825/UBNA_002/20220823_033000.WAV,Telephone Field,recover-20220825,002,1795
1377.9245,1377.9314,49531,56168,Pipistrellus pipistrellus,0.049,0.089,-1,Echolocation,/mnt/ubna_data_01_mir/recover-20220825/UBNA_002/20220823_033000.WAV,Telephone Field,recover-20220825,002,1795
1377.9265,1377.9327,34921,69986,Pipistrellus nathusii,0.219,0.42,-1,Echolocation,/mnt/ubna_data_01_mir/recover-20220825/UBNA_002/20220823_033000.WAV,Telephone Field,recover-20220825,002,1795
1377.9345,1377.9412,40078,52871,Pipistrellus nathusii,0.016,0.033,-1,Echolocation,/mnt/ubna_data_01_mir/recover-20220825/UBNA_002/20220823_033000.WAV,Telephone Field,recover-20220825,002,1795
1377.9615,1377.9992,68437,82367,Rhinolophus ferrumequinum,0.022,0.022,-1,Echolocation,/mnt/ubna_data_01_mir/recover-20220825/UBNA_002/20220823_033000.WAV,Telephone Field,recover-20220825,002,1795
1377.9815,1377.988,32343,44956,Myotis daubentonii,0.01,0.028,-1,Echolocation,/mnt/ubna_data_01_mir/recover-20220825/UBNA_002/20220823_033000.WAV,Telephone Field,recover-20220825,002,1795
1377.9835,1377.9912,27187,41512,Eptesicus serotinus,0.011,0.028,-1,Echolocation,/mnt/ubna_data_01_mir/recover-20220825/UBNA_002/20220823_033000.WAV,Telephone Field,recover-20220825,002,1795
1378.0015,1378.0354,68437,80578,Rhinolophus ferrumequinum,0.045,0.045,-1,Echolocation,/mnt/ubna_data_01_mir/recover-20220825/UBNA_002/20220823_033000.WAV,Telephone Field,recover-20220825,002,1795
1378.0015,1378.01,49531,60852,Pipistrellus pipistrellus,0.011,0.025,-1,Echolocation,/mnt/ubna_data_01_mir/recover-20220825/UBNA_002/20220823_033000.WAV,Telephone Field,recover-20220825,002,1795
1378.0015,1378.0112,22031,27982,Nyctalus leisleri,0.011,0.029,-1,Echolocation,/mnt/ubna_data_01_mir/recover-20220825/UBNA_002/20220823_033000.WAV,Telephone Field,recover-20220825,002,1795
1378.0075,1378.0535,68437,82717,Rhinolophus ferrumequinum,0.023,0.023,-1,Echolocation,/mnt/ubna_data_01_mir/recover-20220825/UBNA_002/20220823_033000.WAV,Telephone Field,recover-20220825,002,1795
1378.0105,1378.0175,40078,52138,Pipistrellus nathusii,0.287,0.508,-1,Echolocation,/mnt/ubna_data_01_mir/recover-20220825/UBNA_002/20220823_033000.WAV,Telephone Field,recover-20220825,002,1795
1378.0105,1378.0153,28906,76890,Myotis brandtii,0.043,0.08,-1,Echolocation,/mnt/ubna_data_01_mir/recover-20220825/UBNA_002/20220823_033000.WAV,Telephone Field,recover-20220825,002,1795
1378.0195,1378.0261,26328,37674,Eptesicus serotinus,0.004,0.023,-1,Echolocation,/mnt/ubna_data_01_mir/recover-20220825/UBNA_002/20220823_033000.WAV,Telephone Field,recover-20220825,002,1795
1378.0635,1378.0732,23750,29409,Nyctalus leisleri,0.01,0.024,-1,Echolocation,/mnt/ubna_data_01_mir/recover-20220825/UBNA_002/20220823_033000.WAV,Telephone Field,recover-20220825,002,1795
1378.0755,1378.086,54687,59775,Pipistrellus pygmaeus,0.022,0.023,-1,Echolocation,/mnt/ubna_data_01_mir/recover-20220825/UBNA_002/20220823_033000.WAV,Telephone Field,recover-20220825,002,1795
1378.0785,1378.0845,40078,64421,Pipistrellus nathusii,0.264,0.45,-1,Echolocation,/mnt/ubna_data_01_mir/recover-20220825/UBNA_002/20220823_033000.WAV,Telephone Field,recover-20220825,002,1795
1378.0795,1378.0876,49531,55452,Pipistrellus pipistrellus,0.026,0.041,-1,Echolocation,/mnt/ubna_data_01_mir/recover-20220825/UBNA_002/20220823_033000.WAV,Telephone Field,recover-20220825,002,1795
1378.0945,1378.1324,68437,82460,Rhinolophus ferrumequinum,0.024,0.024,-1,Echolocation,/mnt/ubna_data_01_mir/recover-20220825/UBNA_002/20220823_033000.WAV,Telephone Field,recover-20220825,002,1795
1378.1085,1378.1211,22031,26315,Nyctalus leisleri,0.013,0.024,-1,Echolocation,/mnt/ubna_data_01_mir/recover-20220825/UBNA_002/20220823_033000.WAV,Telephone Field,recover-20220825,002,1795
1378.1335,1378.1438,25468,32513,Eptesicus serotinus,0.009,0.023,-1,Echolocation,/mnt/ubna_data_01_mir/recover-20220825/UBNA_002/20220823_033000.WAV,Telephone Field,recover-20220825,002,1795
1378.1635,1378.1723,28046,35614,Eptesicus serotinus,0.008,0.023,-1,Echolocation,/mnt/ubna_data_01_mir/recover-20220825/UBNA_002/20220823_033000.WAV,Telephone Field,recover-20220825,002,1795
1378.1775,1378.1839,38359,55552,Pipistrellus nathusii,0.317,0.497,-1,Echolocation,/mnt/ubna_data_01_mir/recover-20220825/UBNA_002/20220823_033000.WAV,Telephone Field,recover-20220825,002,1795
1378.1855,1378.1909,28906,40908,Myotis daubentonii,0.01,0.025,-1,Echolocation,/mnt/ubna_data_01_mir/recover-20220825/UBNA_002/20220823_033000.WAV,Telephone Field,recover-20220825,002,1795
1378.2205,1378.2304,28046,36436,Eptesicus serotinus,0.01,0.025,-1,Echolocation,/mnt/ubna_data_01_mir/recover-20220825/UBNA_002/20220823_033000.WAV,Telephone Field,recover-20220825,002,1795
1378.2605,1378.2703,52109,56073,Pipistrellus pygmaeus,0.072,0.083,-1,Echolocation,/mnt/ubna_data_01_mir/recover-20220825/UBNA_002/20220823_033000.WAV,Telephone Field,recover-20220825,002,1795
1378.2625,1378.2683,38359,58575,Pipistrellus nathusii,0.203,0.503,-1,Echolocation,/mnt/ubna_data_01_mir/recover-20220825/UBNA_002/20220823_033000.WAV,Telephone Field,recover-20220825,002,1795
1378.3185,1378.3531,68437,81580,Rhinolophus ferrumequinum,0.023,0.023,-1,Echolocation,/mnt/ubna_data_01_mir/recover-20220825/UBNA_002/20220823_033000.WAV,Telephone Field,recover-20220825,002,1795
1378.3245,1378.3351,22890,28311,Nyctalus leisleri,0.01,0.023,-1,Echolocation,/mnt/ubna_data_01_mir/recover-20220825/UBNA_002/20220823_033000.WAV,Telephone Field,recover-20220825,002,1795
1378.3535,1378.3612,40937,50076,Pipistrellus nathusii,0.321,0.431,-1,Echolocation,/mnt/ubna_data_01_mir/recover-20220825/UBNA_002/20220823_033000.WAV,Telephone Field,recover-20220825,002,1795
1378.3675,1378.3739,42656,53312,Pipistrellus nathusii,0.02,0.057,-1,Echolocation,/mnt/ubna_data_01_mir/recover-20220825/UBNA_002/20220823_033000.WAV,Telephone Field,recover-20220825,002,1795
1378.3675,1378.3728,31484,72697,Myotis brandtii,0.029,0.046,-1,Echolocation,/mnt/ubna_data_01_mir/recover-20220825/UBNA_002/20220823_033000.WAV,Telephone Field,recover-20220825,002,1795
1378.4165,1378.424,27187,39586,Eptesicus serotinus,0.007,0.025,-1,Echolocation,/mnt/ubna_data_01_mir/recover-20220825/UBNA_002/20220823_033000.WAV,Telephone Field,recover-20220825,002,1795
1378.4295,1378.435,35781,65463,Myotis brandtii,0.014,0.026,-1,Echolocation,/mnt/ubna_data_01_mir/recover-20220825/UBNA_002/20220823_033000.WAV,Telephone Field,recover-20220825,002,1795
1378.4315,1378.4362,46953,56551,Pipistrellus pipistrellus,0.024,0.034,-1,Echolocation,/mnt/ubna_data_01_mir/recover-20220825/UBNA_002/20220823_033000.WAV,Telephone Field,recover-20220825,002,1795
1378.4465,1378.4532,40937,51905,Pipistrellus nathusii,0.23,0.385,-1,Echolocation,/mnt/ubna_data_01_mir/recover-20220825/UBNA_002/20220823_033000.WAV,Telephone Field,recover-20220825,002,1795
1378.4745,1378.4822,28046,41675,Eptesicus serotinus,0.007,0.023,-1,Echolocation,/mnt/ubna_data_01_mir/recover-20220825/UBNA_002/20220823_033000.WAV,Telephone Field,recover-20220825,002,1795
1378.4985,1378.5369,68437,81562,Rhinolophus ferrumequinum,0.023,0.023,-1,Echolocation,/mnt/ubna_data_01_mir/recover-20220825/UBNA_002/20220823_033000.WAV,Telephone Field,recover-20220825,002,1795
1378.5355,1378.5411,40078,58797,Pipistrellus nathusii,0.18,0.492,-1,Echolocation,/mnt/ubna_data_01_mir/recover-20220825/UBNA_002/20220823_033000.WAV,Telephone Field,recover-20220825,002,1795
1378.5365,1378.5412,28046,78441,Myotis brandtii,0.035,0.085,-1,Echolocation,/mnt/ubna_data_01_mir/recover-20220825/UBNA_002/20220823_033000.WAV,Telephone Field,recover-20220825,002,1795
1378.6265,1378.6339,40937,49573,Pipistrellus nathusii,0.349,0.481,-1,Echolocation,/mnt/ubna_data_01_mir/recover-20220825/UBNA_002/20220823_033000.WAV,Telephone Field,recover-20220825,002,1795
1378.6445,1378.6551,23750,29006,Nyctalus leisleri,0.011,0.026,-1,Echolocation,/mnt/ubna_data_01_mir/recover-20220825/UBNA_002/20220823_033000.WAV,Telephone Field,recover-20220825,002,1795
1378.6605,1378.6675,27187,37805,Eptesicus serotinus,0.007,0.024,-1,Echolocation,/mnt/ubna_data_01_mir/recover-20220825/UBNA_002/20220823_033000.WAV,Telephone Field,recover-20220825,002,1795
1378.7125,1378.7249,50390,55182,Pipistrellus pygmaeus,0.028,0.051,-1,Echolocation,/mnt/ubna_data_01_mir/recover-20220825/UBNA_002/20220823_033000.WAV,Telephone Field,recover-20220825,002,1795
1378.7135,1378.7191,40078,56333,Pipistrellus nathusii,0.166,0.425,-1,Echolocation,/mnt/ubna_data_01_mir/recover-20220825/UBNA_002/20220823_033000.WAV,Telephone Field,recover-20220825,002,1795
1378.7305,1378.7397,27187,35346,Eptesicus serotinus,0.009,0.024,-1,Echolocation,/mnt/ubna_data_01_mir/recover-20220825/UBNA_002/20220823_033000.WAV,Telephone Field,recover-20220825,002,1795
1378.7605,1378.7666,38359,54365,Myotis brandtii,0.01,0.025,-1,Echolocation,/mnt/ubna_data_01_mir/recover-20220825/UBNA_002/20220823_033000.WAV,Telephone Field,recover-20220825,002,1795
1378.7705,1378.8087,68437,81857,Rhinolophus ferrumequinum,0.025,0.025,-1,Echolocation,/mnt/ubna_data_01_mir/recover-20220825/UBNA_002/20220823_033000.WAV,Telephone Field,recover-20220825,002,1795
1378.8145,1378.8225,41796,46826,Pipistrellus nathusii,0.246,0.273,-1,Echolocation,/mnt/ubna_data_01_mir/recover-20220825/UBNA_002/20220823_033000.WAV,Telephone Field,recover-20220825,002,1795
1378.8615,1378.9007,68437,83009,Rhinolophus ferrumequinum,0.028,0.028,-1,Echolocation,/mnt/ubna_data_01_mir/recover-20220825/UBNA_002/20220823_033000.WAV,Telephone Field,recover-20220825,002,1795
1378.8665,1378.8728,30625,41825,Myotis daubentonii,0.016,0.046,-1,Echolocation,/mnt/ubna_data_01_mir/recover-20220825/UBNA_002/20220823_033000.WAV,Telephone Field,recover-20220825,002,1795
1378.8835,1378.8893,29765,64450,Myotis brandtii,0.015,0.036,-1,Echolocation,/mnt/ubna_data_01_mir/recover-20220825/UBNA_002/20220823_033000.WAV,Telephone Field,recover-20220825,002,1795
1378.8835,1378.8907,40078,49302,Pipistrellus nathusii,0.128,0.222,-1,Echolocation,/mnt/ubna_data_01_mir/recover-20220825/UBNA_002/20220823_033000.WAV,Telephone Field,recover-20220825,002,1795
1378.8915,1378.8991,27187,39367,Eptesicus serotinus,0.007,0.024,-1,Echolocation,/mnt/ubna_data_01_mir/recover-20220825/UBNA_002/20220823_033000.WAV,Telephone Field,recover-20220825,002,1795
1378.9245,1378.9322,52109,58017,Pipistrellus pipistrellus,0.02,0.026,-1,Echolocation,/mnt/ubna_data_01_mir/recover-20220825/UBNA_002/20220823_033000.WAV,Telephone Field,recover-20220825,002,1795
1378.9285,1378.9684,68437,82008,Rhinolophus ferrumequinum,0.027,0.027,-1,Echolocation,/mnt/ubna_data_01_mir/recover-20220825/UBNA_002/20220823_033000.WAV,Telephone Field,recover-20220825,002,1795
1378.9395,1378.9491,43515,47417,Pipistrellus pipistrellus,0.019,0.024,-1,Echolocation,/mnt/ubna_data_01_mir/recover-20220825/UBNA_002/20220823_033000.WAV,Telephone Field,recover-20220825,002,1795
1378.9505,1378.9908,68437,82991,Rhinolophus ferrumequinum,0.026,0.026,-1,Echolocation,/mnt/ubna_data_01_mir/recover-20220825/UBNA_002/20220823_033000.WAV,Telephone Field,recover-20220825,002,1795
1378.9565,1378.9667,23750,29330,Nyctalus leisleri,0.016,0.042,-1,Echolocation,/mnt/ubna_data_01_mir/recover-20220825/UBNA_002/20220823_033000.WAV,Telephone Field,recover-20220825,002,1795
1378.9965,1379.0031,45234,54313,Pipistrellus pipistrellus,0.014,0.025,-1,Echolocation,/mnt/ubna_data_01_mir/recover-20220825/UBNA_002/20220823_033000.WAV,Telephone Field,recover-20220825,002,1795
1379.0005,1379.008,28046,54679,Myotis daubentonii,0.009,0.025,-1,Echolocation,/mnt/ubna_data_01_mir/recover-20220825/UBNA_002/20220823_033000.WAV,Telephone Field,recover-20220825,002,1795
1379.0045,1379.012,32343,44526,Myotis brandtii,0.007,0.025,-1,Echolocation,/mnt/ubna_data_01_mir/recover-20220825/UBNA_002/20220823_033000.WAV,Telephone Field,recover-20220825,002,1795
1379.0385,1379.0473,25468,35577,Eptesicus serotinus,0.008,0.025,-1,Echolocation,/mnt/ubna_data_01_mir/recover-20220825/UBNA_002/20220823_033000.WAV,Telephone Field,recover-20220825,002,1795
1379.0525,1379.0614,28046,36189,Eptesicus serotinus,0.008,0.023,-1,Echolocation,/mnt/ubna_data_01_mir/recover-20220825/UBNA_002/20220823_033000.WAV,Telephone Field,recover-20220825,002,1795
1379.0695,1379.0787,27187,37201,Eptesicus serotinus,0.008,0.023,-1,Echolocation,/mnt/ubna_data_01_mir/recover-20220825/UBNA_002/20220823_033000.WAV,Telephone Field,recover-20220825,002,1795
1379.0805,1379.0871,27187,47955,Myotis daubentonii,0.006,0.025,-1,Echolocation,/mnt/ubna_data_01_mir/recover-20220825/UBNA_002/20220823_033000.WAV,Telephone Field,recover-20220825,002,1795
1379.0805,1379.117,68437,82101,Rhinolophus ferrumequinum,0.024,0.024,-1,Echolocation,/mnt/ubna_data_01_mir/recover-20220825/UBNA_002/20220823_033000.WAV,Telephone Field,recover-20220825,002,1795
1379.0815,1379.0871,34921,53448,Myotis daubentonii,0.012,0.027,-1,Echolocation,/mnt/ubna_data_01_mir/recover-20220825/UBNA_002/20220823_033000.WAV,Telephone Field,recover-20220825,002,1795
1379.1345,1379.1454,23750,29319,Nyctalus leisleri,0.01,0.025,-1,Echolocation,/mnt/ubna_data_01_mir/recover-20220825/UBNA_002/20220823_033000.WAV,Telephone Field,recover-20220825,002,1795
1379.1625,1379.1706,41796,47510,Pipistrellus nathusii,0.016,0.036,-1,Echolocation,/mnt/ubna_data_01_mir/recover-20220825/UBNA_002/20220823_033000.WAV,Telephone Field,recover-20220825,002,1795
1379.1655,1379.1718,28906,55552,Myotis daubentonii,0.011,0.023,-1,Echolocation,/mnt/ubna_data_01_mir/recover-20220825/UBNA_002/20220823_033000.WAV,Telephone Field,recover-20220825,002,1795
1379.2455,1379.2549,44375,53860,Pipistrellus pipistrellus,0.014,0.024,-1,Echolocation,/mnt/ubna_data_01_mir/recover-20220825/UBNA_002/20220823_033000.WAV,Telephone Field,recover-20220825,002,1795
1379.2455,1379.2858,68437,82167,Rhinolophus ferrumequinum,0.027,0.027,-1,Echolocation,/mnt/ubna_data_01_mir/recover-20220825/UBNA_002/20220823_033000.WAV,Telephone Field,recover-20220825,002,1795
1379.2965,1379.3097,23750,28818,Nyctalus leisleri,0.014,0.031,-1,Echolocation,/mnt/ubna_data_01_mir/recover-20220825/UBNA_002/20220823_033000.WAV,Telephone Field,recover-20220825,002,1795
1379.3285,1379.3381,28046,36072,Eptesicus serotinus,0.009,0.024,-1,Echolocation,/mnt/ubna_data_01_mir/recover-20220825/UBNA_002/20220823_033000.WAV,Telephone Field,recover-20220825,002,1795
1379.3495,1379.3908,68437,82539,Rhinolophus ferrumequinum,0.023,0.023,-1,Echolocation,/mnt/ubna_data_01_mir/recover-20220825/UBNA_002/20220823_033000.WAV,Telephone Field,recover-20220825,002,1795
1379.3665,1379.379,55546,62452,Pipistrellus pygmaeus,0.024,0.025,-1,Echolocation,/mnt/ubna_data_01_mir/recover-20220825/UBNA_002/20220823_033000.WAV,Telephone Field,recover-20220825,002,1795
1379.3795,1379.3852,34921,51920,Myotis daubentonii,0.013,0.028,-1,Echolocation,/mnt/ubna_data_01_mir/recover-20220825/UBNA_002/20220823_033000.WAV,Telephone Field,recover-20220825,002,1795
1379.4465,1379.4833,68437,81917,Rhinolophus ferrumequinum,0.024,0.024,-1,Echolocation,/mnt/ubna_data_01_mir/recover-20220825/UBNA_002/20220823_033000.WAV,Telephone Field,recover-20220825,002,1795
1379.4835,1379.5235,68437,82051,Rhinolophus ferrumequinum,0.023,0.023,-1,Echolocation,/mnt/ubna_data_01_mir/recover-20220825/UBNA_002/20220823_033000.WAV,Telephone Field,recover-20220825,002,1795
1379.5025,1379.5128,22890,29795,Nyctalus leisleri,0.015,0.045,-1,Echolocation,/mnt/ubna_data_01_mir/recover-20220825/UBNA_002/20220823_033000.WAV,Telephone Field,recover-20220825,002,1795
1379.5205,1379.5285,48671,54105,Pipistrellus pipistrellus,0.024,0.029,-1,Echolocation,/mnt/ubna_data_01_mir/recover-20220825/UBNA_002/20220823_033000.WAV,Telephone Field,recover-20220825,002,1795
1379.5225,1379.5296,42656,52239,Pipistrellus pipistrellus,0.008,0.023,-1,Echolocation,/mnt/ubna_data_01_mir/recover-20220825/UBNA_002/20220823_033000.WAV,Telephone Field,recover-20220825,002,1795
1379.5415,1379.5773,68437,81460,Rhinolophus ferrumequinum,0.023,0.023,-1,Echolocation,/mnt/ubna_data_01_mir/recover-20220825/UBNA_002/20220823_033000.WAV,Telephone Field,recover-20220825,002,1795
1379.5645,1379.6045,68437,82077,Rhinolophus ferrumequinum,0.024,0.024,-1,Echolocation,/mnt/ubna_data_01_mir/recover-20220825/UBNA_002/20220823_033000.WAV,Telephone Field,recover-20220825,002,1795
1379.6435,1379.6788,68437,81835,Rhinolophus ferrumequinum,0.023,0.023,-1,Echolocation,/mnt/ubna_data_01_mir/recover-20220825/UBNA_002/20220823_033000.WAV,Telephone Field,recover-20220825,002,1795
1379.6525,1379.6616,53828,58810,Pipistrellus pygmaeus,0.022,0.028,-1,Echolocation,/mnt/ubna_data_01_mir/recover-20220825/UBNA_002/20220823_033000.WAV,Telephone Field,recover-20220825,002,1795
1379.7425,1379.7497,27187,42871,Eptesicus serotinus,0.008,0.027,-1,Echolocation,/mnt/ubna_data_01_mir/recover-20220825/UBNA_002/20220823_033000.WAV,Telephone Field,recover-20220825,002,1795
1379.8545,1379.8644,24609,31190,Eptesicus serotinus,0.008,0.024,-1,Echolocation,/mnt/ubna_data_01_mir/recover-20220825/UBNA_002/20220823_033000.WAV,Telephone Field,recover-20220825,002,1795
1379.8695,1379.9142,68437,83648,Rhinolophus ferrumequinum,0.042,0.042,-1,Echolocation,/mnt/ubna_data_01_mir/recover-20220825/UBNA_002/20220823_033000.WAV,Telephone Field,recover-20220825,002,1795
1379.8775,1379.8856,44375,55533,Pipistrellus pipistrellus,0.012,0.026,-1,Echolocation,/mnt/ubna_data_01_mir/recover-20220825/UBNA_002/20220823_033000.WAV,Telephone Field,recover-20220825,002,1795
1379.8805,1379.8876,58984,65185,Pipistrellus pygmaeus,0.026,0.026,-1,Echolocation,/mnt/ubna_data_01_mir/recover-20220825/UBNA_002/20220823_033000.WAV,Telephone Field,recover-20220825,002,1795
1379.8825,1379.8914,27187,40897,Eptesicus serotinus,0.009,0.023,-1,Echolocation,/mnt/ubna_data_01_mir/recover-20220825/UBNA_002/20220823_033000.WAV,Telephone Field,recover-20220825,002,1795
1379.9005,1379.9066,27187,42489,Myotis daubentonii,0.005,0.024,-1,Echolocation,/mnt/ubna_data_01_mir/recover-20220825/UBNA_002/20220823_033000.WAV,Telephone Field,recover-20220825,002,1795
1379.9265,1379.9444,20312,23839,Nyctalus leisleri,0.014,0.024,-1,Echolocation,/mnt/ubna_data_01_mir/recover-20220825/UBNA_002/20220823_033000.WAV,Telephone Field,recover-20220825,002,1795
1379.9485,1379.9585,25468,33330,Eptesicus serotinus,0.007,0.024,-1,Echolocation,/mnt/ubna_data_01_mir/recover-20220825/UBNA_002/20220823_033000.WAV,Telephone Field,recover-20220825,002,1795
1379.9485,1379.956,49531,54384,Pipistrellus pipistrellus,0.022,0.027,-1,Echolocation,/mnt/ubna_data_01_mir/recover-20220825/UBNA_002/20220823_033000.WAV,Telephone Field,recover-20220825,002,1795
1379.9735,1379.9817,47812,51964,Pipistrellus pipistrellus,0.025,0.027,-1,Echolocation,/mnt/ubna_data_01_mir/recover-20220825/UBNA_002/20220823_033000.WAV,Telephone Field,recover-20220825,002,1795
1379.9865,1379.9967,27187,39012,Eptesicus serotinus,0.012,0.027,-1,Echolocation,/mnt/ubna_data_01_mir/recover-20220825/UBNA_002/20220823_033000.WAV,Telephone Field,recover-20220825,002,1795
1380.0015,1380.035,68437,80049,Rhinolophus ferrumequinum,0.042,0.042,-1,Echolocation,/mnt/ubna_data_01_mir/recover-20220825/UBNA_002/20220823_033000.WAV,Telephone Field,recover-20220825,002,1795
1380.0015,1380.0105,26328,33329,Nyctalus leisleri,0.01,0.031,-1,Echolocation,/mnt/ubna_data_01_mir/recover-20220825/UBNA_002/20220823_033000.WAV,Telephone Field,recover-20220825,002,1795
1380.0105,1380.0547,68437,83126,Rhinolophus ferrumequinum,0.023,0.023,-1,Echolocation,/mnt/ubna_data_01_mir/recover-20220825/UBNA_002/20220823_033000.WAV,Telephone Field,recover-20220825,002,1795
1380.0135,1380.02,28046,39091,Myotis daubentonii,0.008,0.03,-1,Echolocation,/mnt/ubna_data_01_mir/recover-20220825/UBNA_002/20220823_033000.WAV,Telephone Field,recover-20220825,002,1795
1380.0205,1380.0579,68437,82533,Rhinolophus ferrumequinum,0.021,0.021,-1,Echolocation,/mnt/ubna_data_01_mir/recover-20220825/UBNA_002/20220823_033000.WAV,Telephone Field,recover-20220825,002,1795
1380.0355,1380.0456,22890,29125,Nyctalus leisleri,0.008,0.022,-1,Echolocation,/mnt/ubna_data_01_mir/recover-20220825/UBNA_002/20220823_033000.WAV,Telephone Field,recover-20220825,002,1795
1380.0405,1380.0465,31484,48230,Myotis daubentonii,0.012,0.026,-1,Echolocation,/mnt/ubna_data_01_mir/recover-20220825/UBNA_002/20220823_033000.WAV,Telephone Field,recover-20220825,002,1795
1380.0655,1380.0737,27187,38783,Eptesicus serotinus,0.007,0.021,-1,Echolocation,/mnt/ubna_data_01_mir/recover-20220825/UBNA_002/20220823_033000.WAV,Telephone Field,recover-20220825,002,1795
1380.0795,1380.0864,26328,37742,Eptesicus serotinus,0.006,0.023,-1,Echolocation,/mnt/ubna_data_01_mir/recover-20220825/UBNA_002/20220823_033000.WAV,Telephone Field,recover-20220825,002,1795
1380.1155,1380.1237,27187,39703,Eptesicus serotinus,0.008,0.022,-1,Echolocation,/mnt/ubna_data_01_mir/recover-20220825/UBNA_002/20220823_033000.WAV,Telephone Field,recover-20220825,002,1795
1380.1235,1380.1326,26328,33771,Eptesicus serotinus,0.013,0.032,-1,Echolocation,/mnt/ubna_data_01_mir/recover-20220825/UBNA_002/20220823_033000.WAV,Telephone Field,recover-20220825,002,1795
1380.1345,1380.1408,40078,51817,Myotis daubentonii,0.058,0.148,-1,Echolocation,/mnt/ubna_data_01_mir/recover-20220825/UBNA_002/20220823_033000.WAV,Telephone Field,recover-20220825,002,1795
1380.1355,1380.1411,30625,72119,Myotis brandtii,0.019,0.049,-1,Echolocation,/mnt/ubna_data_01_mir/recover-20220825/UBNA_002/20220823_033000.WAV,Telephone Field,recover-20220825,002,1795
1380.1845,1380.1917,28046,37725,Eptesicus serotinus,0.006,0.022,-1,Echolocation,/mnt/ubna_data_01_mir/recover-20220825/UBNA_002/20220823_033000.WAV,Telephone Field,recover-20220825,002,1795
1380.1895,1380.2088,18593,22228,Nyctalus noctula,0.013,0.023,-1,Echolocation,/mnt/ubna_data_01_mir/recover-20220825/UBNA_002/20220823_033000.WAV,Telephone Field,recover-20220825,002,1795
1380.1925,1380.2313,68437,82272,Rhinolophus ferrumequinum,0.021,0.021,-1,Echolocation,/mnt/ubna_data_01_mir/recover-20220825/UBNA_002/20220823_033000.WAV,Telephone Field,recover-20220825,002,1795
1380.2085,1380.2482,68437,82454,Rhinolophus ferrumequinum,0.022,0.022,-1,Echolocation,/mnt/ubna_data_01_mir/recover-20220825/UBNA_002/20220823_033000.WAV,Telephone Field,recover-20220825,002,1795
1380.2285,1380.2341,39218,51448,Myotis daubentonii,0.041,0.079,-1,Echolocation,/mnt/ubna_data_01_mir/recover-20220825/UBNA_002/20220823_033000.WAV,Telephone Field,recover-20220825,002,1795
1380.2295,1380.2696,68437,82832,Rhinolophus ferrumequinum,0.026,0.026,-1,Echolocation,/mnt/ubna_data_01_mir/recover-20220825/UBNA_002/20220823_033000.WAV,Telephone Field,recover-20220825,002,1795
1380.2295,1380.2359,28906,57056,Myotis daubentonii,0.016,0.029,-1,Echolocation,/mnt/ubna_data_01_mir/recover-20220825/UBNA_002/20220823_033000.WAV,Telephone Field,recover-20220825,002,1795
1380.2755,1380.2862,24609,31574,Nyctalus leisleri,0.014,0.037,-1,Echolocation,/mnt/ubna_data_01_mir/recover-20220825/UBNA_002/20220823_033000.WAV,Telephone Field,recover-20220825,002,1795
1380.3145,1380.3547,68437,82306,Rhinolophus ferrumequinum,0.022,0.022,-1,Echolocation,/mnt/ubna_data_01_mir/recover-20220825/UBNA_002/20220823_033000.WAV,Telephone Field,recover-20220825,002,1795
1380.3425,1380.3834,68437,82734,Rhinolophus ferrumequinum,0.021,0.021,-1,Echolocation,/mnt/ubna_data_01_mir/recover-20220825/UBNA_002/20220823_033000.WAV,Telephone Field,recover-20220825,002,1795
1380.3535,1380.3949,68437,82785,Rhinolophus ferrumequinum,0.024,0.024,-1,Echolocation,/mnt/ubna_data_01_mir/recover-20220825/UBNA_002/20220823_033000.WAV,Telephone Field,recover-20220825,002,1795
1380.3635,1380.3712,28046,41380,Eptesicus serotinus,0.007,0.022,-1,Echolocation,/mnt/ubna_data_01_mir/recover-20220825/UBNA_002/20220823_033000.WAV,Telephone Field,recover-20220825,002,1795
1380.3825,1380.4209,68437,82612,Rhinolophus ferrumequinum,0.024,0.024,-1,Echolocation,/mnt/ubna_data_01_mir/recover-20220825/UBNA_002/20220823_033000.WAV,Telephone Field,recover-20220825,002,1795
1380.3905,1380.4313,68437,82084,Rhinolophus ferrumequinum,0.022,0.022,-1,Echolocation,/mnt/ubna_data_01_mir/recover-20220825/UBNA_002/20220823_033000.WAV,Telephone Field,recover-20220825,002,1795
1380.4865,1380.4966,22890,27610,Nyctalus leisleri,0.011,0.023,-1,Echolocation,/mnt/ubna_data_01_mir/recover-20220825/UBNA_002/20220823_033000.WAV,Telephone Field,recover-20220825,002,1795
1380.5105,1380.5178,27187,45528,Eptesicus serotinus,0.008,0.025,-1,Echolocation,/mnt/ubna_data_01_mir/recover-20220825/UBNA_002/20220823_033000.WAV,Telephone Field,recover-20220825,002,1795
1380.5245,1380.5635,68437,81996,Rhinolophus ferrumequinum,0.021,0.021,-1,Echolocation,/mnt/ubna_data_01_mir/recover-20220825/UBNA_002/20220823_033000.WAV,Telephone Field,recover-20220825,002,1795
1380.5335,1380.5425,28046,37894,Eptesicus serotinus,0.008,0.021,-1,Echolocation,/mnt/ubna_data_01_mir/recover-20220825/UBNA_002/20220823_033000.WAV,Telephone Field,recover-20220825,002,1795
1380.5515,1380.5601,28046,38948,Eptesicus serotinus,0.01,0.027,-1,Echolocation,/mnt/ubna_data_01_mir/recover-20220825/UBNA_002/20220823_033000.WAV,Telephone Field,recover-20220825,002,1795
1380.5675,1380.6124,68437,83354,Rhinolophus ferrumequinum,0.044,0.044,-1,Echolocation,/mnt/ubna_data_01_mir/recover-20220825/UBNA_002/20220823_033000.WAV,Telephone Field,recover-20220825,002,1795
1380.5905,1380.6268,68437,81937,Rhinolophus ferrumequinum,0.022,0.022,-1,Echolocation,/mnt/ubna_data_01_mir/recover-20220825/UBNA_002/20220823_033000.WAV,Telephone Field,recover-20220825,002,1795
1380.6115,1380.619,28906,38932,Eptesicus serotinus,0.007,0.025,-1,Echolocation,/mnt/ubna_data_01_mir/recover-20220825/UBNA_002/20220823_033000.WAV,Telephone Field,recover-20220825,002,1795
1380.6275,1380.6669,68437,82074,Rhinolophus ferrumequinum,0.022,0.022,-1,Echolocation,/mnt/ubna_data_01_mir/recover-20220825/UBNA_002/20220823_033000.WAV,Telephone Field,recover-20220825,002,1795
1380.6445,1380.6538,28046,40413,Eptesicus serotinus,0.008,0.021,-1,Echolocation,/mnt/ubna_data_01_mir/recover-20220825/UBNA_002/20220823_033000.WAV,Telephone Field,recover-20220825,002,1795
1380.7005,1380.743,68437,83158,Rhinolophus ferrumequinum,0.025,0.025,-1,Echolocation,/mnt/ubna_data_01_mir/recover-20220825/UBNA_002/20220823_033000.WAV,Telephone Field,recover-20220825,002,1795
1380.7285,1380.7691,68437,82124,Rhinolophus ferrumequinum,0.024,0.024,-1,Echolocation,/mnt/ubna_data_01_mir/recover-20220825/UBNA_002/20220823_033000.WAV,Telephone Field,recover-20220825,002,1795
1380.7455,1380.7523,28046,38598,Eptesicus serotinus,0.008,0.032,-1,Echolocation,/mnt/ubna_data_01_mir/recover-20220825/UBNA_002/20220823_033000.WAV,Telephone Field,recover-20220825,002,1795
1380.7545,1380.7907,68437,81669,Rhinolophus ferrumequinum,0.022,0.022,-1,Echolocation,/mnt/ubna_data_01_mir/recover-20220825/UBNA_002/20220823_033000.WAV,Telephone Field,recover-20220825,002,1795
1380.7735,1380.7838,23750,30304,Nyctalus leisleri,0.009,0.024,-1,Echolocation,/mnt/ubna_data_01_mir/recover-20220825/UBNA_002/20220823_033000.WAV,Telephone Field,recover-20220825,002,1795
1380.7745,1380.8181,68437,83683,Rhinolophus ferrumequinum,0.029,0.029,-1,Echolocation,/mnt/ubna_data_01_mir/recover-20220825/UBNA_002/20220823_033000.WAV,Telephone Field,recover-20220825,002,1795
1380.7885,1380.7973,28906,37280,Eptesicus serotinus,0.008,0.022,-1,Echolocation,/mnt/ubna_data_01_mir/recover-20220825/UBNA_002/20220823_033000.WAV,Telephone Field,recover-20220825,002,1795
1380.8005,1380.8384,68437,81982,Rhinolophus ferrumequinum,0.021,0.021,-1,Echolocation,/mnt/ubna_data_01_mir/recover-20220825/UBNA_002/20220823_033000.WAV,Telephone Field,recover-20220825,002,1795
1380.8545,1380.8888,68437,80204,Rhinolophus ferrumequinum,0.021,0.021,-1,Echolocation,/mnt/ubna_data_01_mir/recover-20220825/UBNA_002/20220823_033000.WAV,Telephone Field,recover-20220825,002,1795
1380.8735,1380.912,68437,82099,Rhinolophus ferrumequinum,0.021,0.021,-1,Echolocation,/mnt/ubna_data_01_mir/recover-20220825/UBNA_002/20220823_033000.WAV,Telephone Field,recover-20220825,002,1795
1380.9115,1380.9497,68437,82063,Rhinolophus ferrumequinum,0.023,0.023,-1,Echolocation,/mnt/ubna_data_01_mir/recover-20220825/UBNA_002/20220823_033000.WAV,Telephone Field,recover-20220825,002,1795
1380.9215,1380.9633,68437,82290,Rhinolophus ferrumequinum,0.022,0.022,-1,Echolocation,/mnt/ubna_data_01_mir/recover-20220825/UBNA_002/20220823_033000.WAV,Telephone Field,recover-20220825,002,1795
1380.9305,1380.9392,23750,30548,Plecotus austriacus,0.008,0.022,-1,Echolocation,/mnt/ubna_data_01_mir/recover-20220825/UBNA_002/20220823_033000.WAV,Telephone Field,recover-20220825,002,1795
1380.9565,1380.9674,23750,28311,Nyctalus leisleri,0.012,0.024,-1,Echolocation,/mnt/ubna_data_01_mir/recover-20220825/UBNA_002/20220823_033000.WAV,Telephone Field,recover-20220825,002,1795
1380.9835,1380.9912,28906,37937,Eptesicus serotinus,0.019,0.044,-1,Echolocation,/mnt/ubna_data_01_mir/recover-20220825/UBNA_002/20220823_033000.WAV,Telephone Field,recover-20220825,002,1795
1380.9945,1381.0329,68437,81745,Rhinolophus ferrumequinum,0.022,0.022,-1,Echolocation,/mnt/ubna_data_01_mir/recover-20220825/UBNA_002/20220823_033000.WAV,Telephone Field,recover-20220825,002,1795
1381.0105,1381.0194,28046,37536,Eptesicus serotinus,0.009,0.025,-1,Echolocation,/mnt/ubna_data_01_mir/recover-20220825/UBNA_002/20220823_033000.WAV,Telephone Field,recover-20220825,002,1795
1381.0795,1381.1176,68437,81956,Rhinolophus ferrumequinum,0.021,0.021,-1,Echolocation,/mnt/ubna_data_01_mir/recover-20220825/UBNA_002/20220823_033000.WAV,Telephone Field,recover-20220825,002,1795
1381.0895,1381.1023,28046,33645,Eptesicus serotinus,0.014,0.028,-1,Echolocation,/mnt/ubna_data_01_mir/recover-20220825/UBNA_002/20220823_033000.WAV,Telephone Field,recover-20220825,002,1795
1381.1195,1381.1612,68437,82646,Rhinolophus ferrumequinum,0.025,0.025,-1,Echolocation,/mnt/ubna_data_01_mir/recover-20220825/UBNA_002/20220823_033000.WAV,Telephone Field,recover-20220825,002,1795
1381.1255,1381.1321,50390,56139,Pipistrellus pipistrellus,0.019,0.021,-1,Echolocation,/mnt/ubna_data_01_mir/recover-20220825/UBNA_002/20220823_033000.WAV,Telephone Field,recover-20220825,002,1795
1381.1355,1381.1457,22890,30100,Plecotus austriacus,0.009,0.029,-1,Echolocation,/mnt/ubna_data_01_mir/recover-20220825/UBNA_002/20220823_033000.WAV,Telephone Field,recover-20220825,002,1795
1381.1725,1381.1874,23750,27757,Nyctalus leisleri,0.023,0.042,-1,Echolocation,/mnt/ubna_data_01_mir/recover-20220825/UBNA_002/20220823_033000.WAV,Telephone Field,recover-20220825,002,1795
1381.1965,1381.2096,23750,28785,Nyctalus leisleri,0.035,0.069,-1,Echolocation,/mnt/ubna_data_01_mir/recover-20220825/UBNA_002/20220823_033000.WAV,Telephone Field,recover-20220825,002,1795
1381.2225,1381.2623,68437,82302,Rhinolophus ferrumequinum,0.023,0.023,-1,Echolocation,/mnt/ubna_data_01_mir/recover-20220825/UBNA_002/20220823_033000.WAV,Telephone Field,recover-20220825,002,1795
1381.2555,1381.262,27187,37563,Eptesicus serotinus,0.013,0.05,-1,Echolocation,/mnt/ubna_data_01_mir/recover-20220825/UBNA_002/20220823_033000.WAV,Telephone Field,recover-20220825,002,1795
1381.2755,1381.3145,68437,81630,Rhinolophus ferrumequinum,0.021,0.021,-1,Echolocation,/mnt/ubna_data_01_mir/recover-20220825/UBNA_002/20220823_033000.WAV,Telephone Field,recover-20220825,002,1795
1381.3025,1381.3112,28906,37787,Eptesicus serotinus,0.007,0.021,-1,Echolocation,/mnt/ubna_data_01_mir/recover-20220825/UBNA_002/20220823_033000.WAV,Telephone Field,recover-20220825,002,1795
1381.3175,1381.3559,68437,82187,Rhinolophus ferrumequinum,0.022,0.022,-1,Echolocation,/mnt/ubna_data_01_mir/recover-20220825/UBNA_002/20220823_033000.WAV,Telephone Field,recover-20220825,002,1795
1381.3415,1381.3816,68437,82426,Rhinolophus ferrumequinum,0.021,0.021,-1,Echolocation,/mnt/ubna_data_01_mir/recover-20220825/UBNA_002/20220823_033000.WAV,Telephone Field,recover-20220825,002,1795
1381.3695,1381.3806,45234,48814,Pipistrellus pipistrellus,0.026,0.028,-1,Echolocation,/mnt/ubna_data_01_mir/recover-20220825/UBNA_002/20220823_033000.WAV,Telephone Field,recover-20220825,002,1795
1381.3735,1381.381,28046,38201,Eptesicus serotinus,0.007,0.022,-1,Echolocation,/mnt/ubna_data_01_mir/recover-20220825/UBNA_002/20220823_033000.WAV,Telephone Field,recover-20220825,002,1795
1381.4595,1381.4679,26328,37240,Eptesicus serotinus,0.008,0.024,-1,Echolocation,/mnt/ubna_data_01_mir/recover-20220825/UBNA_002/20220823_033000.WAV,Telephone Field,recover-20220825,002,1795
1381.4775,1381.4876,25468,31648,Nyctalus leisleri,0.01,0.027,-1,Echolocation,/mnt/ubna_data_01_mir/recover-20220825/UBNA_002/20220823_033000.WAV,Telephone Field,recover-20220825,002,1795
1381.4785,1381.5175,68437,81778,Rhinolophus ferrumequinum,0.021,0.021,-1,Echolocation,/mnt/ubna_data_01_mir/recover-20220825/UBNA_002/20220823_033000.WAV,Telephone Field,recover-20220825,002,1795
1381.5755,1381.5861,24609,31379,Eptesicus serotinus,0.011,0.03,-1,Echolocation,/mnt/ubna_data_01_mir/recover-20220825/UBNA_002/20220823_033000.WAV,Telephone Field,recover-20220825,002,1795
1381.5765,1381.6135,68437,81840,Rhinolophus ferrumequinum,0.022,0.022,-1,Echolocation,/mnt/ubna_data_01_mir/recover-20220825/UBNA_002/20220823_033000.WAV,Telephone Field,recover-20220825,002,1795
1381.6005,1381.6122,24609,30312,Nyctalus leisleri,0.016,0.036,-1,Echolocation,/mnt/ubna_data_01_mir/recover-20220825/UBNA_002/20220823_033000.WAV,Telephone Field,recover-20220825,002,1795
1381.6325,1381.6401,24609,34134,Plecotus austriacus,0.009,0.025,-1,Echolocation,/mnt/ubna_data_01_mir/recover-20220825/UBNA_002/20220823_033000.WAV,Telephone Field,recover-20220825,002,1795
1381.6325,1381.6438,40078,44005,Pipistrellus nathusii,0.02,0.031,-1,Echolocation,/mnt/ubna_data_01_mir/recover-20220825/UBNA_002/20220823_033000.WAV,Telephone Field,recover-20220825,002,1795
1381.6645,1381.7016,68437,81447,Rhinolophus ferrumequinum,0.042,0.042,-1,Echolocation,/mnt/ubna_data_01_mir/recover-20220825/UBNA_002/20220823_033000.WAV,Telephone Field,recover-20220825,002,1795
1381.7035,1381.7444,68437,82511,Rhinolophus ferrumequinum,0.024,0.024,-1,Echolocation,/mnt/ubna_data_01_mir/recover-20220825/UBNA_002/20220823_033000.WAV,Telephone Field,recover-20220825,002,1795
1381.7395,1381.7457,27187,39770,Eptesicus serotinus,0.005,0.022,-1,Echolocation,/mnt/ubna_data_01_mir/recover-20220825/UBNA_002/20220823_033000.WAV,Telephone Field,recover-20220825,002,1795
1381.7425,1381.7535,22031,26436,Nyctalus leisleri,0.011,0.022,-1,Echolocation,/mnt/ubna_data_01_mir/recover-20220825/UBNA_002/20220823_033000.WAV,Telephone Field,recover-20220825,002,1795
1381.8085,1381.8533,68437,83004,Rhinolophus ferrumequinum,0.048,0.048,-1,Echolocation,/mnt/ubna_data_01_mir/recover-20220825/UBNA_002/20220823_033000.WAV,Telephone Field,recover-20220825,002,1795
1381.8095,1381.8193,29765,39901,Eptesicus serotinus,0.009,0.023,-1,Echolocation,/mnt/ubna_data_01_mir/recover-20220825/UBNA_002/20220823_033000.WAV,Telephone Field,recover-20220825,002,1795
1381.8145,1381.8252,28906,35906,Eptesicus serotinus,0.01,0.022,-1,Echolocation,/mnt/ubna_data_01_mir/recover-20220825/UBNA_002/20220823_033000.WAV,Telephone Field,recover-20220825,002,1795
1381.8345,1381.8722,68437,82456,Rhinolophus ferrumequinum,0.025,0.025,-1,Echolocation,/mnt/ubna_data_01_mir/recover-20220825/UBNA_002/20220823_033000.WAV,Telephone Field,recover-20220825,002,1795
1381.8655,1381.9052,68437,82459,Rhinolophus ferrumequinum,0.021,0.021,-1,Echolocation,/mnt/ubna_data_01_mir/recover-20220825/UBNA_002/20220823_033000.WAV,Telephone Field,recover-20220825,002,1795
1381.8995,1381.9383,68437,82294,Rhinolophus ferrumequinum,0.025,0.025,-1,Echolocation,/mnt/ubna_data_01_mir/recover-20220825/UBNA_002/20220823_033000.WAV,Telephone Field,recover-20220825,002,1795
1381.9265,1381.9342,27187,40904,Eptesicus serotinus,0.009,0.027,-1,Echolocation,/mnt/ubna_data_01_mir/recover-20220825/UBNA_002/20220823_033000.WAV,Telephone Field,recover-20220825,002,1795
1381.9295,1381.9675,68437,80987,Rhinolophus ferrumequinum,0.029,0.029,-1,Echolocation,/mnt/ubna_data_01_mir/recover-20220825/UBNA_002/20220823_033000.WAV,Telephone Field,recover-20220825,002,1795
1382.0015,1382.0091,29765,44078,Myotis daubentonii,0.008,0.022,-1,Echolocation,/mnt/ubna_data_01_mir/recover-20220825/UBNA_002/20220823_033000.WAV,Telephone Field,recover-20220825,002,1795
1382.0015,1382.033,68437,80122,Rhinolophus ferrumequinum,0.023,0.023,-1,Echolocation,/mnt/ubna_data_01_mir/recover-20220825/UBNA_002/20220823_033000.WAV,Telephone Field,recover-20220825,002,1795
1382.0015,1382.0092,37500,46499,Myotis daubentonii,0.006,0.024,-1,Echolocation,/mnt/ubna_data_01_mir/recover-20220825/UBNA_002/20220823_033000.WAV,Telephone Field,recover-20220825,002,1795
1382.0015,1382.0077,46953,51535,Pipistrellus pipistrellus,0.019,0.023,-1,Echolocation,/mnt/ubna_data_01_mir/recover-20220825/UBNA_002/20220823_033000.WAV,Telephone Field,recover-20220825,002,1795
1382.0015,1382.0103,21171,26928,Nyctalus leisleri,0.009,0.024,-1,Echolocation,/mnt/ubna_data_01_mir/recover-20220825/UBNA_002/20220823_033000.WAV,Telephone Field,recover-20220825,002,1795
1382.0015,1382.0093,25468,36343,Nyctalus leisleri,0.005,0.024,-1,Echolocation,/mnt/ubna_data_01_mir/recover-20220825/UBNA_002/20220823_033000.WAV,Telephone Field,recover-20220825,002,1795
1382.0265,1382.064,68437,81929,Rhinolophus ferrumequinum,0.022,0.022,-1,Echolocation,/mnt/ubna_data_01_mir/recover-20220825/UBNA_002/20220823_033000.WAV,Telephone Field,recover-20220825,002,1795
1382.0285,1382.0374,28046,40585,Eptesicus serotinus,0.008,0.022,-1,Echolocation,/mnt/ubna_data_01_mir/recover-20220825/UBNA_002/20220823_033000.WAV,Telephone Field,recover-20220825,002,1795
1382.0815,1382.1219,68437,82254,Rhinolophus ferrumequinum,0.022,0.022,-1,Echolocation,/mnt/ubna_data_01_mir/recover-20220825/UBNA_002/20220823_033000.WAV,Telephone Field,recover-20220825,002,1795
1382.0995,1382.1383,68437,82726,Rhinolophus ferrumequinum,0.03,0.03,-1,Echolocation,/mnt/ubna_data_01_mir/recover-20220825/UBNA_002/20220823_033000.WAV,Telephone Field,recover-20220825,002,1795
1382.1265,1382.1674,68437,82258,Rhinolophus ferrumequinum,0.021,0.021,-1,Echolocation,/mnt/ubna_data_01_mir/recover-20220825/UBNA_002/20220823_033000.WAV,Telephone Field,recover-20220825,002,1795
1382.1505,1382.1573,49531,55920,Pipistrellus pipistrellus,0.023,0.025,-1,Echolocation,/mnt/ubna_data_01_mir/recover-20220825/UBNA_002/20220823_033000.WAV,Telephone Field,recover-20220825,002,1795
1382.1605,1382.1775,22031,26328,Nyctalus leisleri,0.013,0.027,-1,Echolocation,/mnt/ubna_data_01_mir/recover-20220825/UBNA_002/20220823_033000.WAV,Telephone Field,recover-20220825,002,1795
1382.1625,1382.2039,68437,82422,Rhinolophus ferrumequinum,0.023,0.023,-1,Echolocation,/mnt/ubna_data_01_mir/recover-20220825/UBNA_002/20220823_033000.WAV,Telephone Field,recover-20220825,002,1795
1382.1715,1382.178,28046,42432,Eptesicus serotinus,0.011,0.039,-1,Echolocation,/mnt/ubna_data_01_mir/recover-20220825/UBNA_002/20220823_033000.WAV,Telephone Field,recover-20220825,002,1795
1382.2495,1382.2871,68437,81766,Rhinolophus ferrumequinum,0.022,0.022,-1,Echolocation,/mnt/ubna_data_01_mir/recover-20220825/UBNA_002/20220823_033000.WAV,Telephone Field,recover-20220825,002,1795
1382.2585,1382.2957,68437,81361,Rhinolophus ferrumequinum,0.022,0.022,-1,Echolocation,/mnt/ubna_data_01_mir/recover-20220825/UBNA_002/20220823_033000.WAV,Telephone Field,recover-20220825,002,1795
1382.2795,1382.3159,68437,81381,Rhinolophus ferrumequinum,0.035,0.035,-1,Echolocation,/mnt/ubna_data_01_mir/recover-20220825/UBNA_002/20220823_033000.WAV,Telephone Field,recover-20220825,002,1795
1382.2905,1382.3053,22890,26922,Nyctalus leisleri,0.045,0.077,-1,Echolocation,/mnt/ubna_data_01_mir/recover-20220825/UBNA_002/20220823_033000.WAV,Telephone Field,recover-20220825,002,1795
1382.3055,1382.3432,68437,81284,Rhinolophus ferrumequinum,0.022,0.022,-1,Echolocation,/mnt/ubna_data_01_mir/recover-20220825/UBNA_002/20220823_033000.WAV,Telephone Field,recover-20220825,002,1795
1382.3185,1382.3583,68437,82383,Rhinolophus ferrumequinum,0.023,0.023,-1,Echolocation,/mnt/ubna_data_01_mir/recover-20220825/UBNA_002/20220823_033000.WAV,Telephone Field,recover-20220825,002,1795
1382.3795,1382.42,68437,82479,Rhinolophus ferrumequinum,0.022,0.022,-1,Echolocation,/mnt/ubna_data_01_mir/recover-20220825/UBNA_002/20220823_033000.WAV,Telephone Field,recover-20220825,002,1795
1382.4025,1382.4103,27187,35944,Eptesicus serotinus,0.009,0.024,-1,Echolocation,/mnt/ubna_data_01_mir/recover-20220825/UBNA_002/20220823_033000.WAV,Telephone Field,recover-20220825,002,1795
1382.4085,1382.4182,25468,32702,Eptesicus serotinus,0.011,0.027,-1,Echolocation,/mnt/ubna_data_01_mir/recover-20220825/UBNA_002/20220823_033000.WAV,Telephone Field,recover-20220825,002,1795
1382.4265,1382.4641,68437,81630,Rhinolophus ferrumequinum,0.021,0.021,-1,Echolocation,/mnt/ubna_data_01_mir/recover-20220825/UBNA_002/20220823_033000.WAV,Telephone Field,recover-20220825,002,1795
1382.4505,1382.4601,25468,34167,Eptesicus serotinus,0.013,0.032,-1,Echolocation,/mnt/ubna_data_01_mir/recover-20220825/UBNA_002/20220823_033000.WAV,Telephone Field,recover-20220825,002,1795
1382.4725,1382.4803,27187,39709,Eptesicus serotinus,0.008,0.025,-1,Echolocation,/mnt/ubna_data_01_mir/recover-20220825/UBNA_002/20220823_033000.WAV,Telephone Field,recover-20220825,002,1795
1382.4775,1382.5161,68437,82149,Rhinolophus ferrumequinum,0.022,0.022,-1,Echolocation,/mnt/ubna_data_01_mir/recover-20220825/UBNA_002/20220823_033000.WAV,Telephone Field,recover-20220825,002,1795
1382.5325,1382.5706,68437,82085,Rhinolophus ferrumequinum,0.021,0.021,-1,Echolocation,/mnt/ubna_data_01_mir/recover-20220825/UBNA_002/20220823_033000.WAV,Telephone Field,recover-20220825,002,1795
1382.5735,1382.5856,22031,25890,Nyctalus leisleri,0.013,0.021,-1,Echolocation,/mnt/ubna_data_01_mir/recover-20220825/UBNA_002/20220823_033000.WAV,Telephone Field,recover-20220825,002,1795
1382.6125,1382.6494,68437,82103,Rhinolophus ferrumequinum,0.021,0.021,-1,Echolocation,/mnt/ubna_data_01_mir/recover-20220825/UBNA_002/20220823_033000.WAV,Telephone Field,recover-20220825,002,1795
1382.6175,1382.6254,28046,38661,Eptesicus serotinus,0.008,0.025,-1,Echolocation,/mnt/ubna_data_01_mir/recover-20220825/UBNA_002/20220823_033000.WAV,Telephone Field,recover-20220825,002,1795
1382.6495,1382.6892,68437,83016,Rhinolophus ferrumequinum,0.024,0.024,-1,Echolocation,/mnt/ubna_data_01_mir/recover-20220825/UBNA_002/20220823_033000.WAV,Telephone Field,recover-20220825,002,1795
1382.6565,1382.6678,23750,29242,Nyctalus leisleri,0.009,0.022,-1,Echolocation,/mnt/ubna_data_01_mir/recover-20220825/UBNA_002/20220823_033000.WAV,Telephone Field,recover-20220825,002,1795
1382.6615,1382.7001,68437,81364,Rhinolophus ferrumequinum,0.021,0.021,-1,Echolocation,/mnt/ubna_data_01_mir/recover-20220825/UBNA_002/20220823_033000.WAV,Telephone Field,recover-20220825,002,1795
1382.6945,1382.7038,25468,33400,Eptesicus serotinus,0.011,0.027,-1,Echolocation,/mnt/ubna_data_01_mir/recover-20220825/UBNA_002/20220823_033000.WAV,Telephone Field,recover-20220825,002,1795
1382.7095,1382.7496,68437,82685,Rhinolophus ferrumequinum,0.024,0.024,-1,Echolocation,/mnt/ubna_data_01_mir/recover-20220825/UBNA_002/20220823_033000.WAV,Telephone Field,recover-20220825,002,1795
1382.7335,1382.7722,68437,81732,Rhinolophus ferrumequinum,0.021,0.021,-1,Echolocation,/mnt/ubna_data_01_mir/recover-20220825/UBNA_002/20220823_033000.WAV,Telephone Field,recover-20220825,002,1795
1382.7475,1382.7541,27187,39209,Eptesicus serotinus,0.007,0.028,-1,Echolocation,/mnt/ubna_data_01_mir/recover-20220825/UBNA_002/20220823_033000.WAV,Telephone Field,recover-20220825,002,1795
1382.7655,1382.7761,28046,36118,Eptesicus serotinus,0.012,0.023,-1,Echolocation,/mnt/ubna_data_01_mir/recover-20220825/UBNA_002/20220823_033000.WAV,Telephone Field,recover-20220825,002,1795
1382.8125,1382.8493,68437,81611,Rhinolophus ferrumequinum,0.022,0.022,-1,Echolocation,/mnt/ubna_data_01_mir/recover-20220825/UBNA_002/20220823_033000.WAV,Telephone Field,recover-20220825,002,1795
1382.8185,1382.8315,23750,27920,Nyctalus leisleri,0.015,0.026,-1,Echolocation,/mnt/ubna_data_01_mir/recover-20220825/UBNA_002/20220823_033000.WAV,Telephone Field,recover-20220825,002,1795
1382.8245,1382.8656,68437,82715,Rhinolophus ferrumequinum,0.026,0.026,-1,Echolocation,/mnt/ubna_data_01_mir/recover-20220825/UBNA_002/20220823_033000.WAV,Telephone Field,recover-20220825,002,1795
1382.8895,1382.8969,26328,35589,Eptesicus serotinus,0.007,0.023,-1,Echolocation,/mnt/ubna_data_01_mir/recover-20220825/UBNA_002/20220823_033000.WAV,Telephone Field,recover-20220825,002,1795
1382.9665,1382.9753,42656,50456,Pipistrellus nathusii,0.005,0.021,-1,Echolocation,/mnt/ubna_data_01_mir/recover-20220825/UBNA_002/20220823_033000.WAV,Telephone Field,recover-20220825,002,1795
1382.9795,1382.9882,24609,32270,Nyctalus leisleri,0.006,0.022,-1,Echolocation,/mnt/ubna_data_01_mir/recover-20220825/UBNA_002/20220823_033000.WAV,Telephone Field,recover-20220825,002,1795
1382.9855,1383.0245,68437,82283,Rhinolophus ferrumequinum,0.022,0.022,-1,Echolocation,/mnt/ubna_data_01_mir/recover-20220825/UBNA_002/20220823_033000.WAV,Telephone Field,recover-20220825,002,1795
1383.0105,1383.0493,68437,82051,Rhinolophus ferrumequinum,0.021,0.021,-1,Echolocation,/mnt/ubna_data_01_mir/recover-20220825/UBNA_002/20220823_033000.WAV,Telephone Field,recover-20220825,002,1795
1383.0255,1383.0623,68437,81835,Rhinolophus ferrumequinum,0.021,0.022,-1,Echolocation,/mnt/ubna_data_01_mir/recover-20220825/UBNA_002/20220823_033000.WAV,Telephone Field,recover-20220825,002,1795
1383.0395,1383.0475,27187,39832,Eptesicus serotinus,0.007,0.022,-1,Echolocation,/mnt/ubna_data_01_mir/recover-20220825/UBNA_002/20220823_033000.WAV,Telephone Field,recover-20220825,002,1795
1383.0735,1383.0812,27187,37948,Eptesicus serotinus,0.007,0.022,-1,Echolocation,/mnt/ubna_data_01_mir/recover-20220825/UBNA_002/20220823_033000.WAV,Telephone Field,recover-20220825,002,1795
1383.0855,1383.1196,68437,82139,Rhinolophus ferrumequinum,0.025,0.025,-1,Echolocation,/mnt/ubna_data_01_mir/recover-20220825/UBNA_002/20220823_033000.WAV,Telephone Field,recover-20220825,002,1795
1383.1025,1383.1143,25468,32373,Eptesicus serotinus,0.016,0.036,-1,Echolocation,/mnt/ubna_data_01_mir/recover-20220825/UBNA_002/20220823_033000.WAV,Telephone Field,recover-20220825,002,1795
1383.1275,1383.1354,25468,36278,Eptesicus serotinus,0.007,0.021,-1,Echolocation,/mnt/ubna_data_01_mir/recover-20220825/UBNA_002/20220823_033000.WAV,Telephone Field,recover-20220825,002,1795
1383.1375,1383.1755,68437,82077,Rhinolophus ferrumequinum,0.021,0.021,-1,Echolocation,/mnt/ubna_data_01_mir/recover-20220825/UBNA_002/20220823_033000.WAV,Telephone Field,recover-20220825,002,1795
1383.1425,1383.1508,27187,38930,Eptesicus serotinus,0.008,0.022,-1,Echolocation,/mnt/ubna_data_01_mir/recover-20220825/UBNA_002/20220823_033000.WAV,Telephone Field,recover-20220825,002,1795
1383.2065,1383.2136,48671,55130,Pipistrellus pipistrellus,0.021,0.022,-1,Echolocation,/mnt/ubna_data_01_mir/recover-20220825/UBNA_002/20220823_033000.WAV,Telephone Field,recover-20220825,002,1795
1383.2085,1383.2454,68437,81634,Rhinolophus ferrumequinum,0.024,0.024,-1,Echolocation,/mnt/ubna_data_01_mir/recover-20220825/UBNA_002/20220823_033000.WAV,Telephone Field,recover-20220825,002,1795
1383.2095,1383.2166,28046,40505,Eptesicus serotinus,0.006,0.022,-1,Echolocation,/mnt/ubna_data_01_mir/recover-20220825/UBNA_002/20220823_033000.WAV,Telephone Field,recover-20220825,002,1795
1383.2385,1383.275,68437,82047,Rhinolophus ferrumequinum,0.023,0.023,-1,Echolocation,/mnt/ubna_data_01_mir/recover-20220825/UBNA_002/20220823_033000.WAV,Telephone Field,recover-20220825,002,1795
1383.2505,1383.2596,28906,36769,Eptesicus serotinus,0.008,0.021,-1,Echolocation,/mnt/ubna_data_01_mir/recover-20220825/UBNA_002/20220823_033000.WAV,Telephone Field,recover-20220825,002,1795
1383.3105,1383.3226,22890,27627,Nyctalus leisleri,0.014,0.025,-1,Echolocation,/mnt/ubna_data_01_mir/recover-20220825/UBNA_002/20220823_033000.WAV,Telephone Field,recover-20220825,002,1795
1383.3235,1383.3621,68437,81983,Rhinolophus ferrumequinum,0.021,0.021,-1,Echolocation,/mnt/ubna_data_01_mir/recover-20220825/UBNA_002/20220823_033000.WAV,Telephone Field,recover-20220825,002,1795
1383.3415,1383.3501,28046,38534,Eptesicus serotinus,0.011,0.024,-1,Echolocation,/mnt/ubna_data_01_mir/recover-20220825/UBNA_002/20220823_033000.WAV,Telephone Field,recover-20220825,002,1795
1383.3945,1383.4252,68437,80542,Rhinolophus ferrumequinum,0.027,0.027,-1,Echolocation,/mnt/ubna_data_01_mir/recover-20220825/UBNA_002/20220823_033000.WAV,Telephone Field,recover-20220825,002,1795
1383.4745,1383.5107,68437,81445,Rhinolophus ferrumequinum,0.022,0.022,-1,Echolocation,/mnt/ubna_data_01_mir/recover-20220825/UBNA_002/20220823_033000.WAV,Telephone Field,recover-20220825,002,1795
1383.4775,1383.4844,23750,32787,Plecotus austriacus,0.013,0.028,-1,Echolocation,/mnt/ubna_data_01_mir/recover-20220825/UBNA_002/20220823_033000.WAV,Telephone Field,recover-20220825,002,1795
1383.5015,1383.5435,68437,83222,Rhinolophus ferrumequinum,0.029,0.029,-1,Echolocation,/mnt/ubna_data_01_mir/recover-20220825/UBNA_002/20220823_033000.WAV,Telephone Field,recover-20220825,002,1795
1383.5235,1383.5605,68437,81284,Rhinolophus ferrumequinum,0.021,0.021,-1,Echolocation,/mnt/ubna_data_01_mir/recover-20220825/UBNA_002/20220823_033000.WAV,Telephone Field,recover-20220825,002,1795
1383.6015,1383.6392,68437,81923,Rhinolophus ferrumequinum,0.024,0.024,-1,Echolocation,/mnt/ubna_data_01_mir/recover-20220825/UBNA_002/20220823_033000.WAV,Telephone Field,recover-20220825,002,1795
1383.6035,1383.6107,26328,37493,Eptesicus serotinus,0.005,0.022,-1,Echolocation,/mnt/ubna_data_01_mir/recover-20220825/UBNA_002/20220823_033000.WAV,Telephone Field,recover-20220825,002,1795
1383.6295,1383.6354,33203,47324,Myotis daubentonii,0.01,0.021,-1,Echolocation,/mnt/ubna_data_01_mir/recover-20220825/UBNA_002/20220823_033000.WAV,Telephone Field,recover-20220825,002,1795
1383.6405,1383.6798,68437,82215,Rhinolophus ferrumequinum,0.023,0.023,-1,Echolocation,/mnt/ubna_data_01_mir/recover-20220825/UBNA_002/20220823_033000.WAV,Telephone Field,recover-20220825,002,1795
1383.7215,1383.7306,28046,37318,Eptesicus serotinus,0.009,0.023,-1,Echolocation,/mnt/ubna_data_01_mir/recover-20220825/UBNA_002/20220823_033000.WAV,Telephone Field,recover-20220825,002,1795
1383.7515,1383.7686,20312,23363,Nyctalus leisleri,0.015,0.024,-1,Echolocation,/mnt/ubna_data_01_mir/recover-20220825/UBNA_002/20220823_033000.WAV,Telephone Field,recover-20220825,002,1795
1383.7625,1383.7722,22031,27630,Nyctalus leisleri,0.01,0.024,-1,Echolocation,/mnt/ubna_data_01_mir/recover-20220825/UBNA_002/20220823_033000.WAV,Telephone Field,recover-20220825,002,1795
1383.7755,1383.7831,27187,36451,Eptesicus serotinus,0.008,0.023,-1,Echolocation,/mnt/ubna_data_01_mir/recover-20220825/UBNA_002/20220823_033000.WAV,Telephone Field,recover-20220825,002,1795
1383.8035,1383.8425,68437,82292,Rhinolophus ferrumequinum,0.024,0.024,-1,Echolocation,/mnt/ubna_data_01_mir/recover-20220825/UBNA_002/20220823_033000.WAV,Telephone Field,recover-20220825,002,1795
1383.8575,1383.8674,23750,30478,Eptesicus serotinus,0.018,0.057,-1,Echolocation,/mnt/ubna_data_01_mir/recover-20220825/UBNA_002/20220823_033000.WAV,Telephone Field,recover-20220825,002,1795
1383.9295,1383.9665,68437,82189,Rhinolophus ferrumequinum,0.022,0.022,-1,Echolocation,/mnt/ubna_data_01_mir/recover-20220825/UBNA_002/20220823_033000.WAV,Telephone Field,recover-20220825,002,1795
1383.9875,1383.9957,28906,42040,Eptesicus serotinus,0.008,0.023,-1,Echolocation,/mnt/ubna_data_01_mir/recover-20220825/UBNA_002/20220823_033000.WAV,Telephone Field,recover-20220825,002,1795
1384.0015,1384.0086,46953,51808,Pipistrellus pipistrellus,0.021,0.025,-1,Echolocation,/mnt/ubna_data_01_mir/recover-20220825/UBNA_002/20220823_033000.WAV,Telephone Field,recover-20220825,002,1795
1384.0015,1384.0312,68437,79374,Rhinolophus ferrumequinum,0.031,0.031,-1,Echolocation,/mnt/ubna_data_01_mir/recover-20220825/UBNA_002/20220823_033000.WAV,Telephone Field,recover-20220825,002,1795
1384.0015,1384.0107,22031,28988,Nyctalus leisleri,0.009,0.028,-1,Echolocation,/mnt/ubna_data_01_mir/recover-20220825/UBNA_002/20220823_033000.WAV,Telephone Field,recover-20220825,002,1795
1384.0125,1384.0504,68437,81586,Rhinolophus ferrumequinum,0.02,0.02,-1,Echolocation,/mnt/ubna_data_01_mir/recover-20220825/UBNA_002/20220823_033000.WAV,Telephone Field,recover-20220825,002,1795
1384.0365,1384.0748,68437,82071,Rhinolophus ferrumequinum,0.022,0.022,-1,Echolocation,/mnt/ubna_data_01_mir/recover-20220825/UBNA_002/20220823_033000.WAV,Telephone Field,recover-20220825,002,1795
1384.0635,1384.0736,24609,31160,Nyctalus leisleri,0.008,0.022,-1,Echolocation,/mnt/ubna_data_01_mir/recover-20220825/UBNA_002/20220823_033000.WAV,Telephone Field,recover-20220825,002,1795
1384.0955,1384.1054,24609,31216,Eptesicus serotinus,0.007,0.021,-1,Echolocation,/mnt/ubna_data_01_mir/recover-20220825/UBNA_002/20220823_033000.WAV,Telephone Field,recover-20220825,002,1795
1384.1055,1384.1158,28906,35527,Eptesicus serotinus,0.008,0.02,-1,Echolocation,/mnt/ubna_data_01_mir/recover-20220825/UBNA_002/20220823_033000.WAV,Telephone Field,recover-20220825,002,1795
1384.1605,1384.1996,68437,82200,Rhinolophus ferrumequinum,0.021,0.021,-1,Echolocation,/mnt/ubna_data_01_mir/recover-20220825/UBNA_002/20220823_033000.WAV,Telephone Field,recover-20220825,002,1795
1384.1855,1384.2271,68437,83210,Rhinolophus ferrumequinum,0.037,0.037,-1,Echolocation,/mnt/ubna_data_01_mir/recover-20220825/UBNA_002/20220823_033000.WAV,Telephone Field,recover-20220825,002,1795
1384.2075,1384.2443,68437,82088,Rhinolophus ferrumequinum,0.025,0.025,-1,Echolocation,/mnt/ubna_data_01_mir/recover-20220825/UBNA_002/20220823_033000.WAV,Telephone Field,recover-20220825,002,1795
1384.2545,1384.2753,16015,21107,Nyctalus noctula,0.022,0.028,-1,Echolocation,/mnt/ubna_data_01_mir/recover-20220825/UBNA_002/20220823_033000.WAV,Telephone Field,recover-20220825,002,1795
1384.3025,1384.3383,68437,80881,Rhinolophus ferrumequinum,0.023,0.023,-1,Echolocation,/mnt/ubna_data_01_mir/recover-20220825/UBNA_002/20220823_033000.WAV,Telephone Field,recover-20220825,002,1795
1384.3075,1384.3447,68437,81011,Rhinolophus ferrumequinum,0.023,0.023,-1,Echolocation,/mnt/ubna_data_01_mir/recover-20220825/UBNA_002/20220823_033000.WAV,Telephone Field,recover-20220825,002,1795
1384.3205,1384.3566,68437,81108,Rhinolophus ferrumequinum,0.021,0.021,-1,Echolocation,/mnt/ubna_data_01_mir/recover-20220825/UBNA_002/20220823_033000.WAV,Telephone Field,recover-20220825,002,1795
1384.3365,1384.3824,68437,83971,Rhinolophus ferrumequinum,0.038,0.038,-1,Echolocation,/mnt/ubna_data_01_mir/recover-20220825/UBNA_002/20220823_033000.WAV,Telephone Field,recover-20220825,002,1795
1384.3845,1384.4194,68437,81167,Rhinolophus ferrumequinum,0.021,0.021,-1,Echolocation,/mnt/ubna_data_01_mir/recover-20220825/UBNA_002/20220823_033000.WAV,Telephone Field,recover-20220825,002,1795
1384.3885,1384.401,16015,21706,Nyctalus noctula,0.014,0.023,-1,Echolocation,/mnt/ubna_data_01_mir/recover-20220825/UBNA_002/20220823_033000.WAV,Telephone Field,recover-20220825,002,1795
1384.3905,1384.4252,68437,80941,Rhinolophus ferrumequinum,0.022,0.023,-1,Echolocation,/mnt/ubna_data_01_mir/recover-20220825/UBNA_002/20220823_033000.WAV,Telephone Field,recover-20220825,002,1795
1384.3995,1384.4347,68437,81285,Rhinolophus ferrumequinum,0.023,0.023,-1,Echolocation,/mnt/ubna_data_01_mir/recover-20220825/UBNA_002/20220823_033000.WAV,Telephone Field,recover-20220825,002,1795
1384.4335,1384.4724,68437,82388,Rhinolophus ferrumequinum,0.021,0.021,-1,Echolocation,/mnt/ubna_data_01_mir/recover-20220825/UBNA_002/20220823_033000.WAV,Telephone Field,recover-20220825,002,1795
1384.4475,1384.4866,68437,81744,Rhinolophus ferrumequinum,0.021,0.021,-1,Echolocation,/mnt/ubna_data_01_mir/recover-20220825/UBNA_002/20220823_033000.WAV,Telephone Field,recover-20220825,002,1795
1384.4725,1384.5135,68437,83047,Rhinolophus ferrumequinum,0.026,0.026,-1,Echolocation,/mnt/ubna_data_01_mir/recover-20220825/UBNA_002/20220823_033000.WAV,Telephone Field,recover-20220825,002,1795
1384.4795,1384.4867,28046,40087,Eptesicus serotinus,0.006,0.024,-1,Echolocation,/mnt/ubna_data_01_mir/recover-20220825/UBNA_002/20220823_033000.WAV,Telephone Field,recover-20220825,002,1795
1384.4995,1384.5411,68437,82646,Rhinolophus ferrumequinum,0.024,0.024,-1,Echolocation,/mnt/ubna_data_01_mir/recover-20220825/UBNA_002/20220823_033000.WAV,Telephone Field,recover-20220825,002,1795
1384.5435,1384.5829,68437,82345,Rhinolophus ferrumequinum,0.02,0.02,-1,Echolocation,/mnt/ubna_data_01_mir/recover-20220825/UBNA_002/20220823_033000.WAV,Telephone Field,recover-20220825,002,1795
1384.5515,1384.5914,68437,82746,Rhinolophus ferrumequinum,0.023,0.023,-1,Echolocation,/mnt/ubna_data_01_mir/recover-20220825/UBNA_002/20220823_033000.WAV,Telephone Field,recover-20220825,002,1795
1384.5795,1384.6197,68437,82665,Rhinolophus ferrumequinum,0.031,0.031,-1,Echolocation,/mnt/ubna_data_01_mir/recover-20220825/UBNA_002/20220823_033000.WAV,Telephone Field,recover-20220825,002,1795
1384.6015,1384.612,23750,29394,Nyctalus leisleri,0.009,0.02,-1,Echolocation,/mnt/ubna_data_01_mir/recover-20220825/UBNA_002/20220823_033000.WAV,Telephone Field,recover-20220825,002,1795
1384.6575,1384.6959,68437,81649,Rhinolophus ferrumequinum,0.021,0.021,-1,Echolocation,/mnt/ubna_data_01_mir/recover-20220825/UBNA_002/20220823_033000.WAV,Telephone Field,recover-20220825,002,1795
1384.6665,1384.704,68437,81850,Rhinolophus ferrumequinum,0.023,0.023,-1,Echolocation,/mnt/ubna_data_01_mir/recover-20220825/UBNA_002/20220823_033000.WAV,Telephone Field,recover-20220825,002,1795
1384.6815,1384.6919,35781,43066,Myotis daubentonii,0.006,0.024,-1,Echolocation,/mnt/ubna_data_01_mir/recover-20220825/UBNA_002/20220823_033000.WAV,Telephone Field,recover-20220825,002,1795
1384.6915,1384.704,23750,29189,Nyctalus leisleri,0.012,0.028,-1,Echolocation,/mnt/ubna_data_01_mir/recover-20220825/UBNA_002/20220823_033000.WAV,Telephone Field,recover-20220825,002,1795
1384.6955,1384.7323,68437,81880,Rhinolophus ferrumequinum,0.02,0.02,-1,Echolocation,/mnt/ubna_data_01_mir/recover-20220825/UBNA_002/20220823_033000.WAV,Telephone Field,recover-20220825,002,1795
1384.7055,1384.7429,68437,82063,Rhinolophus ferrumequinum,0.021,0.021,-1,Echolocation,/mnt/ubna_data_01_mir/recover-20220825/UBNA_002/20220823_033000.WAV,Telephone Field,recover-20220825,002,1795
1384.7155,1384.7259,22890,28692,Nyctalus leisleri,0.009,0.021,-1,Echolocation,/mnt/ubna_data_01_mir/recover-20220825/UBNA_002/20220823_033000.WAV,Telephone Field,recover-20220825,002,1795
1384.7315,1384.7421,22031,27515,Nyctalus leisleri,0.011,0.028,-1,Echolocation,/mnt/ubna_data_01_mir/recover-20220825/UBNA_002/20220823_033000.WAV,Telephone Field,recover-20220825,002,1795
1384.7625,1384.8002,68437,82150,Rhinolophus ferrumequinum,0.02,0.02,-1,Echolocation,/mnt/ubna_data_01_mir/recover-20220825/UBNA_002/20220823_033000.WAV,Telephone Field,recover-20220825,002,1795
1384.7835,1384.8235,68437,82888,Rhinolophus ferrumequinum,0.021,0.021,-1,Echolocation,/mnt/ubna_data_01_mir/recover-20220825/UBNA_002/20220823_033000.WAV,Telephone Field,recover-20220825,002,1795
1384.7885,1384.7986,28046,35887,Eptesicus serotinus,0.01,0.023,-1,Echolocation,/mnt/ubna_data_01_mir/recover-20220825/UBNA_002/20220823_033000.WAV,Telephone Field,recover-20220825,002,1795
1384.7995,1384.8083,24609,31745,Nyctalus leisleri,0.007,0.021,-1,Echolocation,/mnt/ubna_data_01_mir/recover-20220825/UBNA_002/20220823_033000.WAV,Telephone Field,recover-20220825,002,1795
1384.8095,1384.8466,68437,82177,Rhinolophus ferrumequinum,0.021,0.021,-1,Echolocation,/mnt/ubna_data_01_mir/recover-20220825/UBNA_002/20220823_033000.WAV,Telephone Field,recover-20220825,002,1795
1384.8255,1384.8651,68437,82068,Rhinolophus ferrumequinum,0.023,0.023,-1,Echolocation,/mnt/ubna_data_01_mir/recover-20220825/UBNA_002/20220823_033000.WAV,Telephone Field,recover-20220825,002,1795
1384.8335,1384.8711,68437,82007,Rhinolophus ferrumequinum,0.022,0.022,-1,Echolocation,/mnt/ubna_data_01_mir/recover-20220825/UBNA_002/20220823_033000.WAV,Telephone Field,recover-20220825,002,1795
1384.8345,1384.8423,28046,38765,Eptesicus serotinus,0.008,0.023,-1,Echolocation,/mnt/ubna_data_01_mir/recover-20220825/UBNA_002/20220823_033000.WAV,Telephone Field,recover-20220825,002,1795
1384.8625,1384.8992,68437,81798,Rhinolophus ferrumequinum,0.021,0.021,-1,Echolocation,/mnt/ubna_data_01_mir/recover-20220825/UBNA_002/20220823_033000.WAV,Telephone Field,recover-20220825,002,1795
1384.8835,1384.9246,68437,83184,Rhinolophus ferrumequinum,0.023,0.023,-1,Echolocation,/mnt/ubna_data_01_mir/recover-20220825/UBNA_002/20220823_033000.WAV,Telephone Field,recover-20220825,002,1795
1384.8945,1384.9333,68437,82351,Rhinolophus ferrumequinum,0.021,0.021,-1,Echolocation,/mnt/ubna_data_01_mir/recover-20220825/UBNA_002/20220823_033000.WAV,Telephone Field,recover-20220825,002,1795
1384.8955,1384.903,27187,38502,Eptesicus serotinus,0.007,0.022,-1,Echolocation,/mnt/ubna_data_01_mir/recover-20220825/UBNA_002/20220823_033000.WAV,Telephone Field,recover-20220825,002,1795
1384.9095,1384.9487,68437,82292,Rhinolophus ferrumequinum,0.023,0.023,-1,Echolocation,/mnt/ubna_data_01_mir/recover-20220825/UBNA_002/20220823_033000.WAV,Telephone Field,recover-20220825,002,1795
1384.9355,1384.9734,68437,81878,Rhinolophus ferrumequinum,0.022,0.022,-1,Echolocation,/mnt/ubna_data_01_mir/recover-20220825/UBNA_002/20220823_033000.WAV,Telephone Field,recover-20220825,002,1795
1384.9455,1384.9874,68437,82841,Rhinolophus ferrumequinum,0.028,0.028,-1,Echolocation,/mnt/ubna_data_01_mir/recover-20220825/UBNA_002/20220823_033000.WAV,Telephone Field,recover-20220825,002,1795
1384.9565,1384.9771,20312,23582,Nyctalus leisleri,0.024,0.051,-1,Echolocation,/mnt/ubna_data_01_mir/recover-20220825/UBNA_002/20220823_033000.WAV,Telephone Field,recover-20220825,002,1795
1384.9815,1385.0185,68437,81965,Rhinolophus ferrumequinum,0.023,0.023,-1,Echolocation,/mnt/ubna_data_01_mir/recover-20220825/UBNA_002/20220823_033000.WAV,Telephone Field,recover-20220825,002,1795
1384.9895,1385.025,68437,81514,Rhinolophus ferrumequinum,0.021,0.021,-1,Echolocation,/mnt/ubna_data_01_mir/recover-20220825/UBNA_002/20220823_033000.WAV,Telephone Field,recover-20220825,002,1795
1384.9945,1385.0034,28046,36055,Eptesicus serotinus,0.007,0.021,-1,Echolocation,/mnt/ubna_data_01_mir/recover-20220825/UBNA_002/20220823_033000.WAV,Telephone Field,recover-20220825,002,1795
1385.0105,1385.0197,28046,37958,Eptesicus serotinus,0.007,0.021,-1,Echolocation,/mnt/ubna_data_01_mir/recover-20220825/UBNA_002/20220823_033000.WAV,Telephone Field,recover-20220825,002,1795
1385.0285,1385.0393,22890,28714,Nyctalus leisleri,0.011,0.024,-1,Echolocation,/mnt/ubna_data_01_mir/recover-20220825/UBNA_002/20220823_033000.WAV,Telephone Field,recover-20220825,002,1795
1385.0545,1385.0922,68437,82221,Rhinolophus ferrumequinum,0.02,0.02,-1,Echolocation,/mnt/ubna_data_01_mir/recover-20220825/UBNA_002/20220823_033000.WAV,Telephone Field,recover-20220825,002,1795
1385.0755,1385.1116,68437,81543,Rhinolophus ferrumequinum,0.02,0.02,-1,Echolocation,/mnt/ubna_data_01_mir/recover-20220825/UBNA_002/20220823_033000.WAV,Telephone Field,recover-20220825,002,1795
1385.0895,1385.0997,23750,29449,Nyctalus leisleri,0.01,0.024,-1,Echolocation,/mnt/ubna_data_01_mir/recover-20220825/UBNA_002/20220823_033000.WAV,Telephone Field,recover-20220825,002,1795
1385.0995,1385.1392,68437,82638,Rhinolophus ferrumequinum,0.023,0.023,-1,Echolocation,/mnt/ubna_data_01_mir/recover-20220825/UBNA_002/20220823_033000.WAV,Telephone Field,recover-20220825,002,1795
1385.1075,1385.1475,68437,82604,Rhinolophus ferrumequinum,0.024,0.024,-1,Echolocation,/mnt/ubna_data_01_mir/recover-20220825/UBNA_002/20220823_033000.WAV,Telephone Field,recover-20220825,002,1795
1385.1625,1385.2008,68437,82359,Rhinolophus ferrumequinum,0.023,0.023,-1,Echolocation,/mnt/ubna_data_01_mir/recover-20220825/UBNA_002/20220823_033000.WAV,Telephone Field,recover-20220825,002,1795
1385.1665,1385.1743,26328,35471,Eptesicus serotinus,0.007,0.022,-1,Echolocation,/mnt/ubna_data_01_mir/recover-20220825/UBNA_002/20220823_033000.WAV,Telephone Field,recover-20220825,002,1795
1385.1895,1385.197,24609,32953,Plecotus austriacus,0.007,0.022,-1,Echolocation,/mnt/ubna_data_01_mir/recover-20220825/UBNA_002/20220823_033000.WAV,Telephone Field,recover-20220825,002,1795
1385.2075,1385.2439,68437,81135,Rhinolophus ferrumequinum,0.02,0.02,-1,Echolocation,/mnt/ubna_data_01_mir/recover-20220825/UBNA_002/20220823_033000.WAV,Telephone Field,recover-20220825,002,1795
1385.2375,1385.2794,68437,83302,Rhinolophus ferrumequinum,0.045,0.045,-1,Echolocation,/mnt/ubna_data_01_mir/recover-20220825/UBNA_002/20220823_033000.WAV,Telephone Field,recover-20220825,002,1795
1385.2535,1385.2901,68437,82126,Rhinolophus ferrumequinum,0.022,0.022,-1,Echolocation,/mnt/ubna_data_01_mir/recover-20220825/UBNA_002/20220823_033000.WAV,Telephone Field,recover-20220825,002,1795
1385.2565,1385.2673,22890,27793,Nyctalus leisleri,0.012,0.023,-1,Echolocation,/mnt/ubna_data_01_mir/recover-20220825/UBNA_002/20220823_033000.WAV,Telephone Field,recover-20220825,002,1795
1385.2865,1385.324,68437,81636,Rhinolophus ferrumequinum,0.023,0.023,-1,Echolocation,/mnt/ubna_data_01_mir/recover-20220825/UBNA_002/20220823_033000.WAV,Telephone Field,recover-20220825,002,1795
1385.2945,1385.3349,68437,83157,Rhinolophus ferrumequinum,0.028,0.028,-1,Echolocation,/mnt/ubna_data_01_mir/recover-20220825/UBNA_002/20220823_033000.WAV,Telephone Field,recover-20220825,002,1795
1385.3135,1385.3233,24609,31758,Eptesicus serotinus,0.008,0.023,-1,Echolocation,/mnt/ubna_data_01_mir/recover-20220825/UBNA_002/20220823_033000.WAV,Telephone Field,recover-20220825,002,1795
1385.3275,1385.3666,68437,82423,Rhinolophus ferrumequinum,0.02,0.02,-1,Echolocation,/mnt/ubna_data_01_mir/recover-20220825/UBNA_002/20220823_033000.WAV,Telephone Field,recover-20220825,002,1795
1385.3765,1385.4166,68437,82240,Rhinolophus ferrumequinum,0.022,0.022,-1,Echolocation,/mnt/ubna_data_01_mir/recover-20220825/UBNA_002/20220823_033000.WAV,Telephone Field,recover-20220825,002,1795
1385.3875,1385.3965,28046,41403,Eptesicus serotinus,0.008,0.02,-1,Echolocation,/mnt/ubna_data_01_mir/recover-20220825/UBNA_002/20220823_033000.WAV,Telephone Field,recover-20220825,002,1795
1385.3965,1385.438,68437,83203,Rhinolophus ferrumequinum,0.026,0.026,-1,Echolocation,/mnt/ubna_data_01_mir/recover-20220825/UBNA_002/20220823_033000.WAV,Telephone Field,recover-20220825,002,1795
1385.4205,1385.4566,68437,81962,Rhinolophus ferrumequinum,0.029,0.029,-1,Echolocation,/mnt/ubna_data_01_mir/recover-20220825/UBNA_002/20220823_033000.WAV,Telephone Field,recover-20220825,002,1795
1385.4285,1385.4669,68437,81785,Rhinolophus ferrumequinum,0.021,0.021,-1,Echolocation,/mnt/ubna_data_01_mir/recover-20220825/UBNA_002/20220823_033000.WAV,Telephone Field,recover-20220825,002,1795
1385.4435,1385.4547,23750,29215,Nyctalus leisleri,0.009,0.022,-1,Echolocation,/mnt/ubna_data_01_mir/recover-20220825/UBNA_002/20220823_033000.WAV,Telephone Field,recover-20220825,002,1795
1385.4555,1385.492,68437,82120,Rhinolophus ferrumequinum,0.02,0.02,-1,Echolocation,/mnt/ubna_data_01_mir/recover-20220825/UBNA_002/20220823_033000.WAV,Telephone Field,recover-20220825,002,1795
1385.4695,1385.4765,29765,39255,Myotis daubentonii,0.009,0.027,-1,Echolocation,/mnt/ubna_data_01_mir/recover-20220825/UBNA_002/20220823_033000.WAV,Telephone Field,recover-20220825,002,1795
1385.5305,1385.5699,68437,82342,Rhinolophus ferrumequinum,0.023,0.023,-1,Echolocation,/mnt/ubna_data_01_mir/recover-20220825/UBNA_002/20220823_033000.WAV,Telephone Field,recover-20220825,002,1795
1385.5445,1385.5814,68437,82169,Rhinolophus ferrumequinum,0.022,0.022,-1,Echolocation,/mnt/ubna_data_01_mir/recover-20220825/UBNA_002/20220823_033000.WAV,Telephone Field,recover-20220825,002,1795
1385.5565,1385.5938,68437,81909,Rhinolophus ferrumequinum,0.02,0.021,-1,Echolocation,/mnt/ubna_data_01_mir/recover-20220825/UBNA_002/20220823_033000.WAV,Telephone Field,recover-20220825,002,1795
1385.5895,1385.6283,68437,81550,Rhinolophus ferrumequinum,0.023,0.023,-1,Echolocation,/mnt/ubna_data_01_mir/recover-20220825/UBNA_002/20220823_033000.WAV,Telephone Field,recover-20220825,002,1795
1385.5975,1385.6073,28046,36889,Eptesicus serotinus,0.009,0.022,-1,Echolocation,/mnt/ubna_data_01_mir/recover-20220825/UBNA_002/20220823_033000.WAV,Telephone Field,recover-20220825,002,1795
1385.6205,1385.6291,23750,31476,Plecotus austriacus,0.01,0.028,-1,Echolocation,/mnt/ubna_data_01_mir/recover-20220825/UBNA_002/20220823_033000.WAV,Telephone Field,recover-20220825,002,1795
1385.6715,1385.6802,27187,36111,Eptesicus serotinus,0.008,0.022,-1,Echolocation,/mnt/ubna_data_01_mir/recover-20220825/UBNA_002/20220823_033000.WAV,Telephone Field,recover-20220825,002,1795
1385.6745,1385.7128,68437,81674,Rhinolophus ferrumequinum,0.022,0.022,-1,Echolocation,/mnt/ubna_data_01_mir/recover-20220825/UBNA_002/20220823_033000.WAV,Telephone Field,recover-20220825,002,1795
1385.7045,1385.7451,68437,82387,Rhinolophus ferrumequinum,0.024,0.024,-1,Echolocation,/mnt/ubna_data_01_mir/recover-20220825/UBNA_002/20220823_033000.WAV,Telephone Field,recover-20220825,002,1795
1385.7405,1385.7511,22890,28064,Nyctalus leisleri,0.01,0.021,-1,Echolocation,/mnt/ubna_data_01_mir/recover-20220825/UBNA_002/20220823_033000.WAV,Telephone Field,recover-20220825,002,1795
1385.7925,1385.8376,68437,83198,Rhinolophus ferrumequinum,0.03,0.03,-1,Echolocation,/mnt/ubna_data_01_mir/recover-20220825/UBNA_002/20220823_033000.WAV,Telephone Field,recover-20220825,002,1795
1385.7985,1385.842,68437,83535,Rhinolophus ferrumequinum,0.029,0.029,-1,Echolocation,/mnt/ubna_data_01_mir/recover-20220825/UBNA_002/20220823_033000.WAV,Telephone Field,recover-20220825,002,1795
1385.8385,1385.8506,22890,28260,Nyctalus leisleri,0.012,0.024,-1,Echolocation,/mnt/ubna_data_01_mir/recover-20220825/UBNA_002/20220823_033000.WAV,Telephone Field,recover-20220825,002,1795
1385.8615,1385.9037,68437,82711,Rhinolophus ferrumequinum,0.022,0.022,-1,Echolocation,/mnt/ubna_data_01_mir/recover-20220825/UBNA_002/20220823_033000.WAV,Telephone Field,recover-20220825,002,1795
1385.8725,1385.8825,22031,28935,Plecotus austriacus,0.01,0.039,-1,Echolocation,/mnt/ubna_data_01_mir/recover-20220825/UBNA_002/20220823_033000.WAV,Telephone Field,recover-20220825,002,1795
1385.8805,1385.9198,68437,82029,Rhinolophus ferrumequinum,0.023,0.023,-1,Echolocation,/mnt/ubna_data_01_mir/recover-20220825/UBNA_002/20220823_033000.WAV,Telephone Field,recover-20220825,002,1795
1385.8875,1385.8961,28046,41138,Eptesicus serotinus,0.01,0.028,-1,Echolocation,/mnt/ubna_data_01_mir/recover-20220825/UBNA_002/20220823_033000.WAV,Telephone Field,recover-20220825,002,1795
1385.9285,1385.9636,68437,81191,Rhinolophus ferrumequinum,0.021,0.021,-1,Echolocation,/mnt/ubna_data_01_mir/recover-20220825/UBNA_002/20220823_033000.WAV,Telephone Field,recover-20220825,002,1795
1385.9815,1385.9916,23750,29088,Nyctalus leisleri,0.01,0.021,-1,Echolocation,/mnt/ubna_data_01_mir/recover-20220825/UBNA_002/20220823_033000.WAV,Telephone Field,recover-20220825,002,1795
1386.0015,1386.0085,45234,52147,Pipistrellus pipistrellus,0.017,0.022,-1,Echolocation,/mnt/ubna_data_01_mir/recover-20220825/UBNA_002/20220823_033000.WAV,Telephone Field,recover-20220825,002,1795
1386.0015,1386.0354,68437,80420,Rhinolophus ferrumequinum,0.037,0.037,-1,Echolocation,/mnt/ubna_data_01_mir/recover-20220825/UBNA_002/20220823_033000.WAV,Telephone Field,recover-20220825,002,1795
1386.0015,1386.0109,22031,28113,Nyctalus leisleri,0.01,0.024,-1,Echolocation,/mnt/ubna_data_01_mir/recover-20220825/UBNA_002/20220823_033000.WAV,Telephone Field,recover-20220825,002,1795
1386.0105,1386.0191,25468,33641,Eptesicus serotinus,0.008,0.023,-1,Echolocation,/mnt/ubna_data_01_mir/recover-20220825/UBNA_002/20220823_033000.WAV,Telephone Field,recover-20220825,002,1795
1386.0215,1386.0632,68437,83016,Rhinolophus ferrumequinum,0.029,0.029,-1,Echolocation,/mnt/ubna_data_01_mir/recover-20220825/UBNA_002/20220823_033000.WAV,Telephone Field,recover-20220825,002,1795
1386.0425,1386.0515,28046,41810,Eptesicus serotinus,0.008,0.022,-1,Echolocation,/mnt/ubna_data_01_mir/recover-20220825/UBNA_002/20220823_033000.WAV,Telephone Field,recover-20220825,002,1795
1386.0765,1386.0837,30625,41052,Myotis daubentonii,0.009,0.028,-1,Echolocation,/mnt/ubna_data_01_mir/recover-20220825/UBNA_002/20220823_033000.WAV,Telephone Field,recover-20220825,002,1795
1386.0825,1386.0929,23750,29860,Nyctalus leisleri,0.013,0.029,-1,Echolocation,/mnt/ubna_data_01_mir/recover-20220825/UBNA_002/20220823_033000.WAV,Telephone Field,recover-20220825,002,1795
1386.0945,1386.1058,22890,27825,Nyctalus leisleri,0.011,0.022,-1,Echolocation,/mnt/ubna_data_01_mir/recover-20220825/UBNA_002/20220823_033000.WAV,Telephone Field,recover-20220825,002,1795
1386.1325,1386.1703,68437,82056,Rhinolophus ferrumequinum,0.025,0.025,-1,Echolocation,/mnt/ubna_data_01_mir/recover-20220825/UBNA_002/20220823_033000.WAV,Telephone Field,recover-20220825,002,1795
1386.1415,1386.1515,28046,36171,Eptesicus serotinus,0.012,0.025,-1,Echolocation,/mnt/ubna_data_01_mir/recover-20220825/UBNA_002/20220823_033000.WAV,Telephone Field,recover-20220825,002,1795
1386.2345,1386.2749,68437,82635,Rhinolophus ferrumequinum,0.027,0.027,-1,Echolocation,/mnt/ubna_data_01_mir/recover-20220825/UBNA_002/20220823_033000.WAV,Telephone Field,recover-20220825,002,1795
1386.2605,1386.2703,22031,27637,Nyctalus leisleri,0.009,0.022,-1,Echolocation,/mnt/ubna_data_01_mir/recover-20220825/UBNA_002/20220823_033000.WAV,Telephone Field,recover-20220825,002,1795
1386.2615,1386.2998,68437,82650,Rhinolophus ferrumequinum,0.024,0.024,-1,Echolocation,/mnt/ubna_data_01_mir/recover-20220825/UBNA_002/20220823_033000.WAV,Telephone Field,recover-20220825,002,1795
1386.2905,1386.3282,68437,82256,Rhinolophus ferrumequinum,0.023,0.023,-1,Echolocation,/mnt/ubna_data_01_mir/recover-20220825/UBNA_002/20220823_033000.WAV,Telephone Field,recover-20220825,002,1795
1386.2905,1386.3006,22031,26814,Nyctalus leisleri,0.009,0.021,-1,Echolocation,/mnt/ubna_data_01_mir/recover-20220825/UBNA_002/20220823_033000.WAV,Telephone Field,recover-20220825,002,1795
1386.3015,1386.3092,27187,39936,Eptesicus serotinus,0.006,0.022,-1,Echolocation,/mnt/ubna_data_01_mir/recover-20220825/UBNA_002/20220823_033000.WAV,Telephone Field,recover-20220825,002,1795
1386.3035,1386.3462,68437,83291,Rhinolophus ferrumequinum,0.039,0.039,-1,Echolocation,/mnt/ubna_data_01_mir/recover-20220825/UBNA_002/20220823_033000.WAV,Telephone Field,recover-20220825,002,1795
1386.3515,1386.3898,68437,82179,Rhinolophus ferrumequinum,0.023,0.023,-1,Echolocation,/mnt/ubna_data_01_mir/recover-20220825/UBNA_002/20220823_033000.WAV,Telephone Field,recover-20220825,002,1795
1386.3655,1386.3754,24609,31474,Nyctalus leisleri,0.008,0.022,-1,Echolocation,/mnt/ubna_data_01_mir/recover-20220825/UBNA_002/20220823_033000.WAV,Telephone Field,recover-20220825,002,1795
1386.4195,1386.4569,68437,81334,Rhinolophus ferrumequinum,0.021,0.021,-1,Echolocation,/mnt/ubna_data_01_mir/recover-20220825/UBNA_002/20220823_033000.WAV,Telephone Field,recover-20220825,002,1795
1386.4305,1386.4656,68437,81853,Rhinolophus ferrumequinum,0.021,0.021,-1,Echolocation,/mnt/ubna_data_01_mir/recover-20220825/UBNA_002/20220823_033000.WAV,Telephone Field,recover-20220825,002,1795
1386.4435,1386.4848,68437,82604,Rhinolophus ferrumequinum,0.03,0.03,-1,Echolocation,/mnt/ubna_data_01_mir/recover-20220825/UBNA_002/20220823_033000.WAV,Telephone Field,recover-20220825,002,1795
1386.4745,1386.4825,26328,34909,Eptesicus serotinus,0.009,0.025,-1,Echolocation,/mnt/ubna_data_01_mir/recover-20220825/UBNA_002/20220823_033000.WAV,Telephone Field,recover-20220825,002,1795
1386.4815,1386.5208,68437,81765,Rhinolophus ferrumequinum,0.023,0.023,-1,Echolocation,/mnt/ubna_data_01_mir/recover-20220825/UBNA_002/20220823_033000.WAV,Telephone Field,recover-20220825,002,1795
1386.4995,1386.5382,68437,82344,Rhinolophus ferrumequinum,0.026,0.026,-1,Echolocation,/mnt/ubna_data_01_mir/recover-20220825/UBNA_002/20220823_033000.WAV,Telephone Field,recover-20220825,002,1795
1386.5065,1386.5159,25468,34093,Eptesicus serotinus,0.009,0.022,-1,Echolocation,/mnt/ubna_data_01_mir/recover-20220825/UBNA_002/20220823_033000.WAV,Telephone Field,recover-20220825,002,1795
1386.5375,1386.5763,68437,82382,Rhinolophus ferrumequinum,0.021,0.021,-1,Echolocation,/mnt/ubna_data_01_mir/recover-20220825/UBNA_002/20220823_033000.WAV,Telephone Field,recover-20220825,002,1795
1386.5425,1386.5525,28046,35868,Eptesicus serotinus,0.009,0.025,-1,Echolocation,/mnt/ubna_data_01_mir/recover-20220825/UBNA_002/20220823_033000.WAV,Telephone Field,recover-20220825,002,1795
1386.5685,1386.5768,28046,37631,Eptesicus serotinus,0.008,0.023,-1,Echolocation,/mnt/ubna_data_01_mir/recover-20220825/UBNA_002/20220823_033000.WAV,Telephone Field,recover-20220825,002,1795
1386.5875,1386.6262,68437,82701,Rhinolophus ferrumequinum,0.022,0.022,-1,Echolocation,/mnt/ubna_data_01_mir/recover-20220825/UBNA_002/20220823_033000.WAV,Telephone Field,recover-20220825,002,1795
1386.6355,1386.6695,68437,80916,Rhinolophus ferrumequinum,0.021,0.021,-1,Echolocation,/mnt/ubna_data_01_mir/recover-20220825/UBNA_002/20220823_033000.WAV,Telephone Field,recover-20220825,002,1795
1386.6585,1386.6691,22890,27941,Nyctalus leisleri,0.01,0.021,-1,Echolocation,/mnt/ubna_data_01_mir/recover-20220825/UBNA_002/20220823_033000.WAV,Telephone Field,recover-20220825,002,1795
1386.6635,1386.7018,68437,82459,Rhinolophus ferrumequinum,0.025,0.025,-1,Echolocation,/mnt/ubna_data_01_mir/recover-20220825/UBNA_002/20220823_033000.WAV,Telephone Field,recover-20220825,002,1795
1386.6785,1386.7146,68437,81317,Rhinolophus ferrumequinum,0.021,0.021,-1,Echolocation,/mnt/ubna_data_01_mir/recover-20220825/UBNA_002/20220823_033000.WAV,Telephone Field,recover-20220825,002,1795
1386.7225,1386.762,68437,82094,Rhinolophus ferrumequinum,0.022,0.022,-1,Echolocation,/mnt/ubna_data_01_mir/recover-20220825/UBNA_002/20220823_033000.WAV,Telephone Field,recover-20220825,002,1795
1386.7265,1386.7371,22890,28378,Nyctalus leisleri,0.012,0.028,-1,Echolocation,/mnt/ubna_data_01_mir/recover-20220825/UBNA_002/20220823_033000.WAV,Telephone Field,recover-20220825,002,1795
1386.7535,1386.7946,68437,82558,Rhinolophus ferrumequinum,0.021,0.021,-1,Echolocation,/mnt/ubna_data_01_mir/recover-20220825/UBNA_002/20220823_033000.WAV,Telephone Field,recover-20220825,002,1795
1386.7625,1386.7708,23750,31093,Plecotus austriacus,0.007,0.022,-1,Echolocation,/mnt/ubna_data_01_mir/recover-20220825/UBNA_002/20220823_033000.WAV,Telephone Field,recover-20220825,002,1795
1386.7725,1386.7824,22890,29262,Nyctalus leisleri,0.01,0.027,-1,Echolocation,/mnt/ubna_data_01_mir/recover-20220825/UBNA_002/20220823_033000.WAV,Telephone Field,recover-20220825,002,1795
1386.7795,1386.8162,68437,81614,Rhinolophus ferrumequinum,0.021,0.021,-1,Echolocation,/mnt/ubna_data_01_mir/recover-20220825/UBNA_002/20220823_033000.WAV,Telephone Field,recover-20220825,002,1795
1386.7945,1386.8361,68437,82643,Rhinolophus ferrumequinum,0.03,0.03,-1,Echolocation,/mnt/ubna_data_01_mir/recover-20220825/UBNA_002/20220823_033000.WAV,Telephone Field,recover-20220825,002,1795
1386.8365,1386.8736,68437,82066,Rhinolophus ferrumequinum,0.022,0.022,-1,Echolocation,/mnt/ubna_data_01_mir/recover-20220825/UBNA_002/20220823_033000.WAV,Telephone Field,recover-20220825,002,1795
1386.9035,1386.9433,68437,82195,Rhinolophus ferrumequinum,0.027,0.027,-1,Echolocation,/mnt/ubna_data_01_mir/recover-20220825/UBNA_002/20220823_033000.WAV,Telephone Field,recover-20220825,002,1795
1386.9435,1386.9514,22890,30519,Plecotus austriacus,0.014,0.028,-1,Echolocation,/mnt/ubna_data_01_mir/recover-20220825/UBNA_002/20220823_033000.WAV,Telephone Field,recover-20220825,002,1795
1386.9535,1386.9929,68437,82222,Rhinolophus ferrumequinum,0.024,0.024,-1,Echolocation,/mnt/ubna_data_01_mir/recover-20220825/UBNA_002/20220823_033000.WAV,Telephone Field,recover-20220825,002,1795
1386.9805,1387.0168,68437,81940,Rhinolophus ferrumequinum,0.023,0.023,-1,Echolocation,/mnt/ubna_data_01_mir/recover-20220825/UBNA_002/20220823_033000.WAV,Telephone Field,recover-20220825,002,1795
1386.9855,1387.0221,68437,81789,Rhinolophus ferrumequinum,0.023,0.023,-1,Echolocation,/mnt/ubna_data_01_mir/recover-20220825/UBNA_002/20220823_033000.WAV,Telephone Field,recover-20220825,002,1795
1386.9945,1387.0041,27187,35806,Eptesicus serotinus,0.012,0.025,-1,Echolocation,/mnt/ubna_data_01_mir/recover-20220825/UBNA_002/20220823_033000.WAV,Telephone Field,recover-20220825,002,1795
1387.0195,1387.0634,68437,83570,Rhinolophus ferrumequinum,0.03,0.03,-1,Echolocation,/mnt/ubna_data_01_mir/recover-20220825/UBNA_002/20220823_033000.WAV,Telephone Field,recover-20220825,002,1795
1387.0355,1387.0765,68437,81878,Rhinolophus ferrumequinum,0.025,0.025,-1,Echolocation,/mnt/ubna_data_01_mir/recover-20220825/UBNA_002/20220823_033000.WAV,Telephone Field,recover-20220825,002,1795
1387.0405,1387.049,27187,36501,Eptesicus serotinus,0.008,0.021,-1,Echolocation,/mnt/ubna_data_01_mir/recover-20220825/UBNA_002/20220823_033000.WAV,Telephone Field,recover-20220825,002,1795
1387.0475,1387.0844,68437,81322,Rhinolophus ferrumequinum,0.023,0.023,-1,Echolocation,/mnt/ubna_data_01_mir/recover-20220825/UBNA_002/20220823_033000.WAV,Telephone Field,recover-20220825,002,1795
1387.0545,1387.0646,28046,35912,Eptesicus serotinus,0.009,0.022,-1,Echolocation,/mnt/ubna_data_01_mir/recover-20220825/UBNA_002/20220823_033000.WAV,Telephone Field,recover-20220825,002,1795
1387.0595,1387.0958,68437,81687,Rhinolophus ferrumequinum,0.025,0.025,-1,Echolocation,/mnt/ubna_data_01_mir/recover-20220825/UBNA_002/20220823_033000.WAV,Telephone Field,recover-20220825,002,1795
1387.0685,1387.1114,68437,82710,Rhinolophus ferrumequinum,0.036,0.036,-1,Echolocation,/mnt/ubna_data_01_mir/recover-20220825/UBNA_002/20220823_033000.WAV,Telephone Field,recover-20220825,002,1795
1387.0925,1387.1323,68437,82381,Rhinolophus ferrumequinum,0.024,0.024,-1,Echolocation,/mnt/ubna_data_01_mir/recover-20220825/UBNA_002/20220823_033000.WAV,Telephone Field,recover-20220825,002,1795
1387.1085,1387.1196,24609,30831,Nyctalus leisleri,0.01,0.024,-1,Echolocation,/mnt/ubna_data_01_mir/recover-20220825/UBNA_002/20220823_033000.WAV,Telephone Field,recover-20220825,002,1795
1387.1365,1387.1532,22031,24825,Nyctalus leisleri,0.065,0.099,-1,Echolocation,/mnt/ubna_data_01_mir/recover-20220825/UBNA_002/20220823_033000.WAV,Telephone Field,recover-20220825,002,1795
1387.1555,1387.1927,68437,82161,Rhinolophus ferrumequinum,0.032,0.032,-1,Echolocation,/mnt/ubna_data_01_mir/recover-20220825/UBNA_002/20220823_033000.WAV,Telephone Field,recover-20220825,002,1795
1387.2045,1387.216,50390,54873,Pipistrellus pipistrellus,0.025,0.033,-1,Echolocation,/mnt/ubna_data_01_mir/recover-20220825/UBNA_002/20220823_033000.WAV,Telephone Field,recover-20220825,002,1795
1387.2115,1387.2197,28046,40157,Eptesicus serotinus,0.008,0.023,-1,Echolocation,/mnt/ubna_data_01_mir/recover-20220825/UBNA_002/20220823_033000.WAV,Telephone Field,recover-20220825,002,1795
1387.2215,1387.229,27187,38946,Eptesicus serotinus,0.006,0.022,-1,Echolocation,/mnt/ubna_data_01_mir/recover-20220825/UBNA_002/20220823_033000.WAV,Telephone Field,recover-20220825,002,1795
1387.2235,1387.2657,68437,82725,Rhinolophus ferrumequinum,0.022,0.022,-1,Echolocation,/mnt/ubna_data_01_mir/recover-20220825/UBNA_002/20220823_033000.WAV,Telephone Field,recover-20220825,002,1795
1387.2425,1387.2822,68437,82176,Rhinolophus ferrumequinum,0.022,0.022,-1,Echolocation,/mnt/ubna_data_01_mir/recover-20220825/UBNA_002/20220823_033000.WAV,Telephone Field,recover-20220825,002,1795
1387.2435,1387.252,28046,36992,Eptesicus serotinus,0.01,0.027,-1,Echolocation,/mnt/ubna_data_01_mir/recover-20220825/UBNA_002/20220823_033000.WAV,Telephone Field,recover-20220825,002,1795
1387.2605,1387.2981,68437,82514,Rhinolophus ferrumequinum,0.023,0.023,-1,Echolocation,/mnt/ubna_data_01_mir/recover-20220825/UBNA_002/20220823_033000.WAV,Telephone Field,recover-20220825,002,1795
1387.2775,1387.3149,68437,81918,Rhinolophus ferrumequinum,0.023,0.023,-1,Echolocation,/mnt/ubna_data_01_mir/recover-20220825/UBNA_002/20220823_033000.WAV,Telephone Field,recover-20220825,002,1795
1387.2875,1387.326,68437,82158,Rhinolophus ferrumequinum,0.021,0.021,-1,Echolocation,/mnt/ubna_data_01_mir/recover-20220825/UBNA_002/20220823_033000.WAV,Telephone Field,recover-20220825,002,1795
1387.3065,1387.3453,68437,82342,Rhinolophus ferrumequinum,0.023,0.023,-1,Echolocation,/mnt/ubna_data_01_mir/recover-20220825/UBNA_002/20220823_033000.WAV,Telephone Field,recover-20220825,002,1795
1387.3195,1387.3564,68437,81725,Rhinolophus ferrumequinum,0.023,0.023,-1,Echolocation,/mnt/ubna_data_01_mir/recover-20220825/UBNA_002/20220823_033000.WAV,Telephone Field,recover-20220825,002,1795
1387.3305,1387.3415,23750,29220,Nyctalus leisleri,0.011,0.025,-1,Echolocation,/mnt/ubna_data_01_mir/recover-20220825/UBNA_002/20220823_033000.WAV,Telephone Field,recover-20220825,002,1795
1387.3575,1387.3983,68437,82620,Rhinolophus ferrumequinum,0.023,0.023,-1,Echolocation,/mnt/ubna_data_01_mir/recover-20220825/UBNA_002/20220823_033000.WAV,Telephone Field,recover-20220825,002,1795
1387.3675,1387.3772,28906,36389,Eptesicus serotinus,0.01,0.024,-1,Echolocation,/mnt/ubna_data_01_mir/recover-20220825/UBNA_002/20220823_033000.WAV,Telephone Field,recover-20220825,002,1795
1387.3855,1387.4262,68437,83005,Rhinolophus ferrumequinum,0.027,0.027,-1,Echolocation,/mnt/ubna_data_01_mir/recover-20220825/UBNA_002/20220823_033000.WAV,Telephone Field,recover-20220825,002,1795
1387.4155,1387.4254,28906,35899,Eptesicus serotinus,0.01,0.022,-1,Echolocation,/mnt/ubna_data_01_mir/recover-20220825/UBNA_002/20220823_033000.WAV,Telephone Field,recover-20220825,002,1795
1387.4275,1387.465,68437,82463,Rhinolophus ferrumequinum,0.027,0.027,-1,Echolocation,/mnt/ubna_data_01_mir/recover-20220825/UBNA_002/20220823_033000.WAV,Telephone Field,recover-20220825,002,1795
1387.4635,1387.501,68437,82211,Rhinolophus ferrumequinum,0.022,0.022,-1,Echolocation,/mnt/ubna_data_01_mir/recover-20220825/UBNA_002/20220823_033000.WAV,Telephone Field,recover-20220825,002,1795
1387.4925,1387.504,22031,26018,Nyctalus leisleri,0.012,0.022,-1,Echolocation,/mnt/ubna_data_01_mir/recover-20220825/UBNA_002/20220823_033000.WAV,Telephone Field,recover-20220825,002,1795
1387.5175,1387.5595,68437,83071,Rhinolophus ferrumequinum,0.025,0.025,-1,Echolocation,/mnt/ubna_data_01_mir/recover-20220825/UBNA_002/20220823_033000.WAV,Telephone Field,recover-20220825,002,1795
1387.5405,1387.577,68437,82438,Rhinolophus ferrumequinum,0.022,0.022,-1,Echolocation,/mnt/ubna_data_01_mir/recover-20220825/UBNA_002/20220823_033000.WAV,Telephone Field,recover-20220825,002,1795
1387.5935,1387.6024,28906,38106,Eptesicus serotinus,0.008,0.024,-1,Echolocation,/mnt/ubna_data_01_mir/recover-20220825/UBNA_002/20220823_033000.WAV,Telephone Field,recover-20220825,002,1795
1387.5965,1387.6073,22890,27821,Nyctalus leisleri,0.013,0.025,-1,Echolocation,/mnt/ubna_data_01_mir/recover-20220825/UBNA_002/20220823_033000.WAV,Telephone Field,recover-20220825,002,1795
1387.6065,1387.6165,22890,27984,Nyctalus leisleri,0.011,0.024,-1,Echolocation,/mnt/ubna_data_01_mir/recover-20220825/UBNA_002/20220823_033000.WAV,Telephone Field,recover-20220825,002,1795
1387.6255,1387.6328,24609,34809,Plecotus austriacus,0.008,0.022,-1,Echolocation,/mnt/ubna_data_01_mir/recover-20220825/UBNA_002/20220823_033000.WAV,Telephone Field,recover-20220825,002,1795
1387.6395,1387.6774,68437,82096,Rhinolophus ferrumequinum,0.022,0.022,-1,Echolocation,/mnt/ubna_data_01_mir/recover-20220825/UBNA_002/20220823_033000.WAV,Telephone Field,recover-20220825,002,1795
1387.6765,1387.7161,68437,81993,Rhinolophus ferrumequinum,0.021,0.021,-1,Echolocation,/mnt/ubna_data_01_mir/recover-20220825/UBNA_002/20220823_033000.WAV,Telephone Field,recover-20220825,002,1795
1387.6875,1387.6959,28906,38697,Eptesicus serotinus,0.009,0.024,-1,Echolocation,/mnt/ubna_data_01_mir/recover-20220825/UBNA_002/20220823_033000.WAV,Telephone Field,recover-20220825,002,1795
1387.7175,1387.7271,28046,36078,Eptesicus serotinus,0.007,0.021,-1,Echolocation,/mnt/ubna_data_01_mir/recover-20220825/UBNA_002/20220823_033000.WAV,Telephone Field,recover-20220825,002,1795
1387.7375,1387.783,68437,83622,Rhinolophus ferrumequinum,0.043,0.043,-1,Echolocation,/mnt/ubna_data_01_mir/recover-20220825/UBNA_002/20220823_033000.WAV,Telephone Field,recover-20220825,002,1795
1387.7585,1387.7998,68437,82934,Rhinolophus ferrumequinum,0.023,0.023,-1,Echolocation,/mnt/ubna_data_01_mir/recover-20220825/UBNA_002/20220823_033000.WAV,Telephone Field,recover-20220825,002,1795
1387.7685,1387.8118,68437,83380,Rhinolophus ferrumequinum,0.027,0.027,-1,Echolocation,/mnt/ubna_data_01_mir/recover-20220825/UBNA_002/20220823_033000.WAV,Telephone Field,recover-20220825,002,1795
1387.8115,1387.8541,68437,82581,Rhinolophus ferrumequinum,0.038,0.038,-1,Echolocation,/mnt/ubna_data_01_mir/recover-20220825/UBNA_002/20220823_033000.WAV,Telephone Field,recover-20220825,002,1795
1387.8135,1387.8211,23750,33245,Plecotus austriacus,0.01,0.025,-1,Echolocation,/mnt/ubna_data_01_mir/recover-20220825/UBNA_002/20220823_033000.WAV,Telephone Field,recover-20220825,002,1795
1387.8145,1387.8216,28906,39283,Myotis daubentonii,0.007,0.026,-1,Echolocation,/mnt/ubna_data_01_mir/recover-20220825/UBNA_002/20220823_033000.WAV,Telephone Field,recover-20220825,002,1795
1387.8515,1387.8597,28046,40677,Eptesicus serotinus,0.01,0.027,-1,Echolocation,/mnt/ubna_data_01_mir/recover-20220825/UBNA_002/20220823_033000.WAV,Telephone Field,recover-20220825,002,1795
1387.8525,1387.8957,68437,83290,Rhinolophus ferrumequinum,0.035,0.035,-1,Echolocation,/mnt/ubna_data_01_mir/recover-20220825/UBNA_002/20220823_033000.WAV,Telephone Field,recover-20220825,002,1795
1387.8535,1387.8699,20312,24509,Nyctalus leisleri,0.01,0.022,-1,Echolocation,/mnt/ubna_data_01_mir/recover-20220825/UBNA_002/20220823_033000.WAV,Telephone Field,recover-20220825,002,1795
1387.9195,1387.9283,22890,29380,Plecotus austriacus,0.008,0.022,-1,Echolocation,/mnt/ubna_data_01_mir/recover-20220825/UBNA_002/20220823_033000.WAV,Telephone Field,recover-20220825,002,1795
1387.9305,1387.968,68437,82136,Rhinolophus ferrumequinum,0.022,0.022,-1,Echolocation,/mnt/ubna_data_01_mir/recover-20220825/UBNA_002/20220823_033000.WAV,Telephone Field,recover-20220825,002,1795
1387.9425,1387.9514,31484,42060,Myotis daubentonii,0.008,0.024,-1,Echolocation,/mnt/ubna_data_01_mir/recover-20220825/UBNA_002/20220823_033000.WAV,Telephone Field,recover-20220825,002,1795
1388.0015,1388.0129,46953,53241,Pipistrellus pipistrellus,0.019,0.025,-1,Echolocation,/mnt/ubna_data_01_mir/recover-20220825/UBNA_002/20220823_033000.WAV,Telephone Field,recover-20220825,002,1795
1388.0015,1388.0095,24609,33222,Nyctalus leisleri,0.009,0.027,-1,Echolocation,/mnt/ubna_data_01_mir/recover-20220825/UBNA_002/20220823_033000.WAV,Telephone Field,recover-20220825,002,1795
1388.0015,1388.0105,36640,43074,Pipistrellus nathusii,0.006,0.021,-1,Echolocation,/mnt/ubna_data_01_mir/recover-20220825/UBNA_002/20220823_033000.WAV,Telephone Field,recover-20220825,002,1795
1388.0015,1388.03,69296,81760,Rhinolophus ferrumequinum,0.037,0.038,-1,Echolocation,/mnt/ubna_data_01_mir/recover-20220825/UBNA_002/20220823_033000.WAV,Telephone Field,recover-20220825,002,1795
1388.0115,1388.0207,27187,37273,Eptesicus serotinus,0.008,0.021,-1,Echolocation,/mnt/ubna_data_01_mir/recover-20220825/UBNA_002/20220823_033000.WAV,Telephone Field,recover-20220825,002,1795
1388.0235,1388.0628,68437,82592,Rhinolophus ferrumequinum,0.022,0.022,-1,Echolocation,/mnt/ubna_data_01_mir/recover-20220825/UBNA_002/20220823_033000.WAV,Telephone Field,recover-20220825,002,1795
1388.0495,1388.0569,27187,39234,Eptesicus serotinus,0.006,0.022,-1,Echolocation,/mnt/ubna_data_01_mir/recover-20220825/UBNA_002/20220823_033000.WAV,Telephone Field,recover-20220825,002,1795
1388.0695,1388.1099,68437,82536,Rhinolophus ferrumequinum,0.025,0.025,-1,Echolocation,/mnt/ubna_data_01_mir/recover-20220825/UBNA_002/20220823_033000.WAV,Telephone Field,recover-20220825,002,1795
1388.0785,1388.1215,68437,82863,Rhinolophus ferrumequinum,0.024,0.024,-1,Echolocation,/mnt/ubna_data_01_mir/recover-20220825/UBNA_002/20220823_033000.WAV,Telephone Field,recover-20220825,002,1795
1388.0885,1388.13,68437,82724,Rhinolophus ferrumequinum,0.024,0.024,-1,Echolocation,/mnt/ubna_data_01_mir/recover-20220825/UBNA_002/20220823_033000.WAV,Telephone Field,recover-20220825,002,1795
1388.1005,1388.1097,23750,31047,Nyctalus leisleri,0.007,0.023,-1,Echolocation,/mnt/ubna_data_01_mir/recover-20220825/UBNA_002/20220823_033000.WAV,Telephone Field,recover-20220825,002,1795
1388.1355,1388.1425,28046,41815,Eptesicus serotinus,0.007,0.024,-1,Echolocation,/mnt/ubna_data_01_mir/recover-20220825/UBNA_002/20220823_033000.WAV,Telephone Field,recover-20220825,002,1795
1388.1355,1388.176,68437,83228,Rhinolophus ferrumequinum,0.024,0.024,-1,Echolocation,/mnt/ubna_data_01_mir/recover-20220825/UBNA_002/20220823_033000.WAV,Telephone Field,recover-20220825,002,1795
1388.2265,1388.2352,27187,40647,Eptesicus serotinus,0.009,0.025,-1,Echolocation,/mnt/ubna_data_01_mir/recover-20220825/UBNA_002/20220823_033000.WAV,Telephone Field,recover-20220825,002,1795
1388.2455,1388.2821,68437,82358,Rhinolophus ferrumequinum,0.024,0.024,-1,Echolocation,/mnt/ubna_data_01_mir/recover-20220825/UBNA_002/20220823_033000.WAV,Telephone Field,recover-20220825,002,1795
1388.2695,1388.3071,68437,82383,Rhinolophus ferrumequinum,0.022,0.022,-1,Echolocation,/mnt/ubna_data_01_mir/recover-20220825/UBNA_002/20220823_033000.WAV,Telephone Field,recover-20220825,002,1795
1388.2875,1388.3251,68437,82079,Rhinolophus ferrumequinum,0.022,0.022,-1,Echolocation,/mnt/ubna_data_01_mir/recover-20220825/UBNA_002/20220823_033000.WAV,Telephone Field,recover-20220825,002,1795
1388.2935,1388.3312,68437,82383,Rhinolophus ferrumequinum,0.022,0.022,-1,Echolocation,/mnt/ubna_data_01_mir/recover-20220825/UBNA_002/20220823_033000.WAV,Telephone Field,recover-20220825,002,1795
1388.3435,1388.3545,22890,28149,Nyctalus leisleri,0.01,0.023,-1,Echolocation,/mnt/ubna_data_01_mir/recover-20220825/UBNA_002/20220823_033000.WAV,Telephone Field,recover-20220825,002,1795
1388.3525,1388.392,68437,82699,Rhinolophus ferrumequinum,0.028,0.028,-1,Echolocation,/mnt/ubna_data_01_mir/recover-20220825/UBNA_002/20220823_033000.WAV,Telephone Field,recover-20220825,002,1795
1388.3785,1388.39,22890,28706,Nyctalus leisleri,0.014,0.031,-1,Echolocation,/mnt/ubna_data_01_mir/recover-20220825/UBNA_002/20220823_033000.WAV,Telephone Field,recover-20220825,002,1795
1388.4915,1388.5263,68437,81334,Rhinolophus ferrumequinum,0.023,0.023,-1,Echolocation,/mnt/ubna_data_01_mir/recover-20220825/UBNA_002/20220823_033000.WAV,Telephone Field,recover-20220825,002,1795
1388.5155,1388.5556,68437,82692,Rhinolophus ferrumequinum,0.026,0.026,-1,Echolocation,/mnt/ubna_data_01_mir/recover-20220825/UBNA_002/20220823_033000.WAV,Telephone Field,recover-20220825,002,1795
1388.5555,1388.5935,68437,82339,Rhinolophus ferrumequinum,0.021,0.021,-1,Echolocation,/mnt/ubna_data_01_mir/recover-20220825/UBNA_002/20220823_033000.WAV,Telephone Field,recover-20220825,002,1795
1388.5725,1388.6143,68437,82359,Rhinolophus ferrumequinum,0.029,0.029,-1,Echolocation,/mnt/ubna_data_01_mir/recover-20220825/UBNA_002/20220823_033000.WAV,Telephone Field,recover-20220825,002,1795
1388.5735,1388.5862,22031,26631,Nyctalus leisleri,0.014,0.028,-1,Echolocation,/mnt/ubna_data_01_mir/recover-20220825/UBNA_002/20220823_033000.WAV,Telephone Field,recover-20220825,002,1795
1388.5955,1388.6323,68437,82226,Rhinolophus ferrumequinum,0.022,0.022,-1,Echolocation,/mnt/ubna_data_01_mir/recover-20220825/UBNA_002/20220823_033000.WAV,Telephone Field,recover-20220825,002,1795
1388.6185,1388.6259,28046,42380,Eptesicus serotinus,0.009,0.026,-1,Echolocation,/mnt/ubna_data_01_mir/recover-20220825/UBNA_002/20220823_033000.WAV,Telephone Field,recover-20220825,002,1795
1388.6995,1388.7363,68437,81448,Rhinolophus ferrumequinum,0.021,0.021,-1,Echolocation,/mnt/ubna_data_01_mir/recover-20220825/UBNA_002/20220823_033000.WAV,Telephone Field,recover-20220825,002,1795
1388.7025,1388.7123,37500,43776,Barbastellus barbastellus,0.012,0.035,-1,Echolocation,/mnt/ubna_data_01_mir/recover-20220825/UBNA_002/20220823_033000.WAV,Telephone Field,recover-20220825,002,1795
1388.7045,1388.7141,22890,31170,Plecotus austriacus,0.008,0.025,-1,Echolocation,/mnt/ubna_data_01_mir/recover-20220825/UBNA_002/20220823_033000.WAV,Telephone Field,recover-20220825,002,1795
1388.7595,1388.7671,28046,38606,Eptesicus serotinus,0.008,0.025,-1,Echolocation,/mnt/ubna_data_01_mir/recover-20220825/UBNA_002/20220823_033000.WAV,Telephone Field,recover-20220825,002,1795
1388.8305,1388.8685,68437,81951,Rhinolophus ferrumequinum,0.022,0.022,-1,Echolocation,/mnt/ubna_data_01_mir/recover-20220825/UBNA_002/20220823_033000.WAV,Telephone Field,recover-20220825,002,1795
1388.8485,1388.8608,22890,27298,Nyctalus leisleri,0.012,0.022,-1,Echolocation,/mnt/ubna_data_01_mir/recover-20220825/UBNA_002/20220823_033000.WAV,Telephone Field,recover-20220825,002,1795
1388.8595,1388.8993,68437,82852,Rhinolophus ferrumequinum,0.023,0.023,-1,Echolocation,/mnt/ubna_data_01_mir/recover-20220825/UBNA_002/20220823_033000.WAV,Telephone Field,recover-20220825,002,1795
1388.8765,1388.9161,68437,82589,Rhinolophus ferrumequinum,0.021,0.021,-1,Echolocation,/mnt/ubna_data_01_mir/recover-20220825/UBNA_002/20220823_033000.WAV,Telephone Field,recover-20220825,002,1795
1388.9135,1388.9487,68437,80938,Rhinolophus ferrumequinum,0.028,0.028,-1,Echolocation,/mnt/ubna_data_01_mir/recover-20220825/UBNA_002/20220823_033000.WAV,Telephone Field,recover-20220825,002,1795
1388.9375,1388.9466,28046,36354,Eptesicus serotinus,0.007,0.022,-1,Echolocation,/mnt/ubna_data_01_mir/recover-20220825/UBNA_002/20220823_033000.WAV,Telephone Field,recover-20220825,002,1795
1388.9425,1388.982,68437,82299,Rhinolophus ferrumequinum,0.023,0.023,-1,Echolocation,/mnt/ubna_data_01_mir/recover-20220825/UBNA_002/20220823_033000.WAV,Telephone Field,recover-20220825,002,1795
1388.9675,1389.0066,68437,82094,Rhinolophus ferrumequinum,0.022,0.022,-1,Echolocation,/mnt/ubna_data_01_mir/recover-20220825/UBNA_002/20220823_033000.WAV,Telephone Field,recover-20220825,002,1795
1389.0075,1389.0446,68437,82491,Rhinolophus ferrumequinum,0.022,0.022,-1,Echolocation,/mnt/ubna_data_01_mir/recover-20220825/UBNA_002/20220823_033000.WAV,Telephone Field,recover-20220825,002,1795
1389.0165,1389.0565,68437,82571,Rhinolophus ferrumequinum,0.022,0.022,-1,Echolocation,/mnt/ubna_data_01_mir/recover-20220825/UBNA_002/20220823_033000.WAV,Telephone Field,recover-20220825,002,1795
1389.0245,1389.0356,23750,29334,Nyctalus leisleri,0.014,0.029,-1,Echolocation,/mnt/ubna_data_01_mir/recover-20220825/UBNA_002/20220823_033000.WAV,Telephone Field,recover-20220825,002,1795
1389.0625,1389.0989,68437,81354,Rhinolophus ferrumequinum,0.022,0.022,-1,Echolocation,/mnt/ubna_data_01_mir/recover-20220825/UBNA_002/20220823_033000.WAV,Telephone Field,recover-20220825,002,1795
1389.0625,1389.0709,23750,33216,Plecotus austriacus,0.007,0.024,-1,Echolocation,/mnt/ubna_data_01_mir/recover-20220825/UBNA_002/20220823_033000.WAV,Telephone Field,recover-20220825,002,1795
1389.0625,1389.0693,36640,48547,Myotis daubentonii,0.01,0.022,-1,Echolocation,/mnt/ubna_data_01_mir/recover-20220825/UBNA_002/20220823_033000.WAV,Telephone Field,recover-20220825,002,1795
1389.0645,1389.0726,31484,42961,Myotis daubentonii,0.009,0.025,-1,Echolocation,/mnt/ubna_data_01_mir/recover-20220825/UBNA_002/20220823_033000.WAV,Telephone Field,recover-20220825,002,1795
1389.0715,1389.0819,22031,26565,Nyctalus leisleri,0.012,0.023,-1,Echolocation,/mnt/ubna_data_01_mir/recover-20220825/UBNA_002/20220823_033000.WAV,Telephone Field,recover-20220825,002,1795
1389.0945,1389.1344,68437,82685,Rhinolophus ferrumequinum,0.022,0.022,-1,Echolocation,/mnt/ubna_data_01_mir/recover-20220825/UBNA_002/20220823_033000.WAV,Telephone Field,recover-20220825,002,1795
1389.1395,1389.1745,68437,81841,Rhinolophus ferrumequinum,0.022,0.022,-1,Echolocation,/mnt/ubna_data_01_mir/recover-20220825/UBNA_002/20220823_033000.WAV,Telephone Field,recover-20220825,002,1795
1389.1515,1389.1901,68437,81926,Rhinolophus ferrumequinum,0.027,0.027,-1,Echolocation,/mnt/ubna_data_01_mir/recover-20220825/UBNA_002/20220823_033000.WAV,Telephone Field,recover-20220825,002,1795
1389.1745,1389.2134,68437,81419,Rhinolophus ferrumequinum,0.022,0.022,-1,Echolocation,/mnt/ubna_data_01_mir/recover-20220825/UBNA_002/20220823_033000.WAV,Telephone Field,recover-20220825,002,1795
1389.2155,1389.2548,68437,82737,Rhinolophus ferrumequinum,0.026,0.026,-1,Echolocation,/mnt/ubna_data_01_mir/recover-20220825/UBNA_002/20220823_033000.WAV,Telephone Field,recover-20220825,002,1795
1389.2645,1389.2721,26328,38645,Eptesicus serotinus,0.006,0.021,-1,Echolocation,/mnt/ubna_data_01_mir/recover-20220825/UBNA_002/20220823_033000.WAV,Telephone Field,recover-20220825,002,1795
1389.3085,1389.3498,68437,82992,Rhinolophus ferrumequinum,0.033,0.033,-1,Echolocation,/mnt/ubna_data_01_mir/recover-20220825/UBNA_002/20220823_033000.WAV,Telephone Field,recover-20220825,002,1795
1389.3125,1389.3239,35781,40937,Pipistrellus nathusii,0.011,0.026,-1,Echolocation,/mnt/ubna_data_01_mir/recover-20220825/UBNA_002/20220823_033000.WAV,Telephone Field,recover-20220825,002,1795
1389.3595,1389.3944,68437,80530,Rhinolophus ferrumequinum,0.023,0.023,-1,Echolocation,/mnt/ubna_data_01_mir/recover-20220825/UBNA_002/20220823_033000.WAV,Telephone Field,recover-20220825,002,1795
1389.3865,1389.4256,68437,82429,Rhinolophus ferrumequinum,0.024,0.024,-1,Echolocation,/mnt/ubna_data_01_mir/recover-20220825/UBNA_002/20220823_033000.WAV,Telephone Field,recover-20220825,002,1795
1389.4095,1389.4285,19453,22822,Nyctalus leisleri,0.014,0.028,-1,Echolocation,/mnt/ubna_data_01_mir/recover-20220825/UBNA_002/20220823_033000.WAV,Telephone Field,recover-20220825,002,1795
1389.4315,1389.4672,68437,81316,Rhinolophus ferrumequinum,0.023,0.023,-1,Echolocation,/mnt/ubna_data_01_mir/recover-20220825/UBNA_002/20220823_033000.WAV,Telephone Field,recover-20220825,002,1795
1389.4665,1389.4763,25468,32794,Eptesicus serotinus,0.009,0.022,-1,Echolocation,/mnt/ubna_data_01_mir/recover-20220825/UBNA_002/20220823_033000.WAV,Telephone Field,recover-20220825,002,1795
1389.4685,1389.5044,68437,81539,Rhinolophus ferrumequinum,0.024,0.024,-1,Echolocation,/mnt/ubna_data_01_mir/recover-20220825/UBNA_002/20220823_033000.WAV,Telephone Field,recover-20220825,002,1795
1389.4955,1389.503,28046,37926,Eptesicus serotinus,0.007,0.023,-1,Echolocation,/mnt/ubna_data_01_mir/recover-20220825/UBNA_002/20220823_033000.WAV,Telephone Field,recover-20220825,002,1795
1389.5065,1389.5159,28046,38544,Eptesicus serotinus,0.009,0.024,-1,Echolocation,/mnt/ubna_data_01_mir/recover-20220825/UBNA_002/20220823_033000.WAV,Telephone Field,recover-20220825,002,1795
1389.5145,1389.5547,68437,82346,Rhinolophus ferrumequinum,0.022,0.022,-1,Echolocation,/mnt/ubna_data_01_mir/recover-20220825/UBNA_002/20220823_033000.WAV,Telephone Field,recover-20220825,002,1795
1389.5755,1389.5857,22031,27192,Nyctalus leisleri,0.009,0.022,-1,Echolocation,/mnt/ubna_data_01_mir/recover-20220825/UBNA_002/20220823_033000.WAV,Telephone Field,recover-20220825,002,1795
1389.6205,1389.6256,39218,52532,Myotis daubentonii,0.005,0.023,-1,Echolocation,/mnt/ubna_data_01_mir/recover-20220825/UBNA_002/20220823_033000.WAV,Telephone Field,recover-20220825,002,1795
1389.6265,1389.6404,23750,29169,Nyctalus leisleri,0.019,0.037,-1,Echolocation,/mnt/ubna_data_01_mir/recover-20220825/UBNA_002/20220823_033000.WAV,Telephone Field,recover-20220825,002,1795
1389.6275,1389.6655,68437,81960,Rhinolophus ferrumequinum,0.023,0.024,-1,Echolocation,/mnt/ubna_data_01_mir/recover-20220825/UBNA_002/20220823_033000.WAV,Telephone Field,recover-20220825,002,1795
1389.6535,1389.6908,68437,81508,Rhinolophus ferrumequinum,0.025,0.025,-1,Echolocation,/mnt/ubna_data_01_mir/recover-20220825/UBNA_002/20220823_033000.WAV,Telephone Field,recover-20220825,002,1795
1389.6555,1389.6622,28906,42332,Eptesicus serotinus,0.007,0.024,-1,Echolocation,/mnt/ubna_data_01_mir/recover-20220825/UBNA_002/20220823_033000.WAV,Telephone Field,recover-20220825,002,1795
1389.6625,1389.6979,68437,81231,Rhinolophus ferrumequinum,0.023,0.023,-1,Echolocation,/mnt/ubna_data_01_mir/recover-20220825/UBNA_002/20220823_033000.WAV,Telephone Field,recover-20220825,002,1795
1389.6695,1389.7044,68437,81427,Rhinolophus ferrumequinum,0.022,0.022,-1,Echolocation,/mnt/ubna_data_01_mir/recover-20220825/UBNA_002/20220823_033000.WAV,Telephone Field,recover-20220825,002,1795
1389.6945,1389.7335,68437,82001,Rhinolophus ferrumequinum,0.022,0.022,-1,Echolocation,/mnt/ubna_data_01_mir/recover-20220825/UBNA_002/20220823_033000.WAV,Telephone Field,recover-20220825,002,1795
1389.7235,1389.7624,68437,81625,Rhinolophus ferrumequinum,0.024,0.024,-1,Echolocation,/mnt/ubna_data_01_mir/recover-20220825/UBNA_002/20220823_033000.WAV,Telephone Field,recover-20220825,002,1795
1389.7255,1389.7326,47812,52487,Pipistrellus pipistrellus,0.028,0.029,-1,Echolocation,/mnt/ubna_data_01_mir/recover-20220825/UBNA_002/20220823_033000.WAV,Telephone Field,recover-20220825,002,1795
1389.7275,1389.74,24609,30115,Nyctalus leisleri,0.015,0.038,-1,Echolocation,/mnt/ubna_data_01_mir/recover-20220825/UBNA_002/20220823_033000.WAV,Telephone Field,recover-20220825,002,1795
1389.7385,1389.7458,28046,38745,Eptesicus serotinus,0.006,0.023,-1,Echolocation,/mnt/ubna_data_01_mir/recover-20220825/UBNA_002/20220823_033000.WAV,Telephone Field,recover-20220825,002,1795
1389.7395,1389.7772,68437,82593,Rhinolophus ferrumequinum,0.022,0.022,-1,Echolocation,/mnt/ubna_data_01_mir/recover-20220825/UBNA_002/20220823_033000.WAV,Telephone Field,recover-20220825,002,1795
1389.7915,1389.801,24609,32877,Eptesicus serotinus,0.008,0.025,-1,Echolocation,/mnt/ubna_data_01_mir/recover-20220825/UBNA_002/20220823_033000.WAV,Telephone Field,recover-20220825,002,1795
1389.8245,1389.8638,68437,81974,Rhinolophus ferrumequinum,0.025,0.025,-1,Echolocation,/mnt/ubna_data_01_mir/recover-20220825/UBNA_002/20220823_033000.WAV,Telephone Field,recover-20220825,002,1795
1389.8555,1389.8951,68437,82343,Rhinolophus ferrumequinum,0.025,0.025,-1,Echolocation,/mnt/ubna_data_01_mir/recover-20220825/UBNA_002/20220823_033000.WAV,Telephone Field,recover-20220825,002,1795
1389.8615,1389.8717,24609,31768,Eptesicus serotinus,0.01,0.028,-1,Echolocation,/mnt/ubna_data_01_mir/recover-20220825/UBNA_002/20220823_033000.WAV,Telephone Field,recover-20220825,002,1795
1389.8715,1389.8826,26328,33587,Eptesicus serotinus,0.011,0.023,-1,Echolocation,/mnt/ubna_data_01_mir/recover-20220825/UBNA_002/20220823_033000.WAV,Telephone Field,recover-20220825,002,1795
1390.0015,1390.0098,25468,34023,Nyctalus leisleri,0.009,0.031,-1,Echolocation,/mnt/ubna_data_01_mir/recover-20220825/UBNA_002/20220823_033000.WAV,Telephone Field,recover-20220825,002,1795
1390.0015,1390.0332,69296,81770,Rhinolophus ferrumequinum,0.04,0.04,-1,Echolocation,/mnt/ubna_data_01_mir/recover-20220825/UBNA_002/20220823_033000.WAV,Telephone Field,recover-20220825,002,1795
1390.0165,1390.0589,68437,82424,Rhinolophus ferrumequinum,0.029,0.029,-1,Echolocation,/mnt/ubna_data_01_mir/recover-20220825/UBNA_002/20220823_033000.WAV,Telephone Field,recover-20220825,002,1795
1390.0605,1390.0991,68437,81599,Rhinolophus ferrumequinum,0.021,0.021,-1,Echolocation,/mnt/ubna_data_01_mir/recover-20220825/UBNA_002/20220823_033000.WAV,Telephone Field,recover-20220825,002,1795
1390.0925,1390.136,68437,82835,Rhinolophus ferrumequinum,0.022,0.022,-1,Echolocation,/mnt/ubna_data_01_mir/recover-20220825/UBNA_002/20220823_033000.WAV,Telephone Field,recover-20220825,002,1795
1390.1275,1390.1364,25468,34101,Eptesicus serotinus,0.011,0.029,-1,Echolocation,/mnt/ubna_data_01_mir/recover-20220825/UBNA_002/20220823_033000.WAV,Telephone Field,recover-20220825,002,1795
1390.1945,1390.2308,68437,81935,Rhinolophus ferrumequinum,0.023,0.023,-1,Echolocation,/mnt/ubna_data_01_mir/recover-20220825/UBNA_002/20220823_033000.WAV,Telephone Field,recover-20220825,002,1795
1390.2115,1390.2195,29765,39430,Eptesicus serotinus,0.008,0.023,-1,Echolocation,/mnt/ubna_data_01_mir/recover-20220825/UBNA_002/20220823_033000.WAV,Telephone Field,recover-20220825,002,1795
1390.2125,1390.253,68437,83170,Rhinolophus ferrumequinum,0.027,0.027,-1,Echolocation,/mnt/ubna_data_01_mir/recover-20220825/UBNA_002/20220823_033000.WAV,Telephone Field,recover-20220825,002,1795
1390.2345,1390.2729,68437,81793,Rhinolophus ferrumequinum,0.021,0.021,-1,Echolocation,/mnt/ubna_data_01_mir/recover-20220825/UBNA_002/20220823_033000.WAV,Telephone Field,recover-20220825,002,1795
1390.3075,1390.3464,68437,81995,Rhinolophus ferrumequinum,0.021,0.021,-1,Echolocation,/mnt/ubna_data_01_mir/recover-20220825/UBNA_002/20220823_033000.WAV,Telephone Field,recover-20220825,002,1795
1390.3395,1390.3467,24609,34673,Plecotus austriacus,0.008,0.023,-1,Echolocation,/mnt/ubna_data_01_mir/recover-20220825/UBNA_002/20220823_033000.WAV,Telephone Field,recover-20220825,002,1795
1390.3395,1390.3791,68437,82272,Rhinolophus ferrumequinum,0.023,0.023,-1,Echolocation,/mnt/ubna_data_01_mir/recover-20220825/UBNA_002/20220823_033000.WAV,Telephone Field,recover-20220825,002,1795
1390.3475,1390.3847,68437,80966,Rhinolophus ferrumequinum,0.021,0.021,-1,Echolocation,/mnt/ubna_data_01_mir/recover-20220825/UBNA_002/20220823_033000.WAV,Telephone Field,recover-20220825,002,1795
1390.3775,1390.4177,68437,82334,Rhinolophus ferrumequinum,0.032,0.032,-1,Echolocation,/mnt/ubna_data_01_mir/recover-20220825/UBNA_002/20220823_033000.WAV,Telephone Field,recover-20220825,002,1795
1390.4055,1390.4433,68437,81926,Rhinolophus ferrumequinum,0.04,0.04,-1,Echolocation,/mnt/ubna_data_01_mir/recover-20220825/UBNA_002/20220823_033000.WAV,Telephone Field,recover-20220825,002,1795
1390.4115,1390.4205,28906,36693,Eptesicus serotinus,0.013,0.026,-1,Echolocation,/mnt/ubna_data_01_mir/recover-20220825/UBNA_002/20220823_033000.WAV,Telephone Field,recover-20220825,002,1795
1390.4685,1390.4787,28046,36098,Eptesicus serotinus,0.011,0.022,-1,Echolocation,/mnt/ubna_data_01_mir/recover-20220825/UBNA_002/20220823_033000.WAV,Telephone Field,recover-20220825,002,1795
1390.4815,1390.4888,46093,50832,Pipistrellus pipistrellus,0.028,0.028,-1,Echolocation,/mnt/ubna_data_01_mir/recover-20220825/UBNA_002/20220823_033000.WAV,Telephone Field,recover-20220825,002,1795
1390.4965,1390.5346,68437,82431,Rhinolophus ferrumequinum,0.021,0.021,-1,Echolocation,/mnt/ubna_data_01_mir/recover-20220825/UBNA_002/20220823_033000.WAV,Telephone Field,recover-20220825,002,1795
1390.5355,1390.5468,28906,35047,Eptesicus serotinus,0.017,0.03,-1,Echolocation,/mnt/ubna_data_01_mir/recover-20220825/UBNA_002/20220823_033000.WAV,Telephone Field,recover-20220825,002,1795
1390.5625,1390.5714,26328,39201,Eptesicus serotinus,0.009,0.026,-1,Echolocation,/mnt/ubna_data_01_mir/recover-20220825/UBNA_002/20220823_033000.WAV,Telephone Field,recover-20220825,002,1795
1390.5805,1390.6161,68437,81531,Rhinolophus ferrumequinum,0.021,0.021,-1,Echolocation,/mnt/ubna_data_01_mir/recover-20220825/UBNA_002/20220823_033000.WAV,Telephone Field,recover-20220825,002,1795
1390.5815,1390.5913,22890,28386,Nyctalus leisleri,0.009,0.022,-1,Echolocation,/mnt/ubna_data_01_mir/recover-20220825/UBNA_002/20220823_033000.WAV,Telephone Field,recover-20220825,002,1795
1390.6005,1390.6096,26328,34893,Eptesicus serotinus,0.012,0.026,-1,Echolocation,/mnt/ubna_data_01_mir/recover-20220825/UBNA_002/20220823_033000.WAV,Telephone Field,recover-20220825,002,1795
1390.6515,1390.6878,68437,82009,Rhinolophus ferrumequinum,0.021,0.021,-1,Echolocation,/mnt/ubna_data_01_mir/recover-20220825/UBNA_002/20220823_033000.WAV,Telephone Field,recover-20220825,002,1795
1390.6615,1390.6701,28046,38560,Eptesicus serotinus,0.009,0.022,-1,Echolocation,/mnt/ubna_data_01_mir/recover-20220825/UBNA_002/20220823_033000.WAV,Telephone Field,recover-20220825,002,1795
1390.6965,1390.7356,68437,82394,Rhinolophus ferrumequinum,0.035,0.035,-1,Echolocation,/mnt/ubna_data_01_mir/recover-20220825/UBNA_002/20220823_033000.WAV,Telephone Field,recover-20220825,002,1795
1390.7255,1390.7602,68437,81117,Rhinolophus ferrumequinum,0.022,0.022,-1,Echolocation,/mnt/ubna_data_01_mir/recover-20220825/UBNA_002/20220823_033000.WAV,Telephone Field,recover-20220825,002,1795
1390.7495,1390.7575,29765,38336,Eptesicus serotinus,0.008,0.022,-1,Echolocation,/mnt/ubna_data_01_mir/recover-20220825/UBNA_002/20220823_033000.WAV,Telephone Field,recover-20220825,002,1795
1390.7835,1390.7939,23750,29587,Nyctalus leisleri,0.011,0.024,-1,Echolocation,/mnt/ubna_data_01_mir/recover-20220825/UBNA_002/20220823_033000.WAV,Telephone Field,recover-20220825,002,1795
1390.7995,1390.8425,68437,82509,Rhinolophus ferrumequinum,0.023,0.023,-1,Echolocation,/mnt/ubna_data_01_mir/recover-20220825/UBNA_002/20220823_033000.WAV,Telephone Field,recover-20220825,002,1795
1390.8025,1390.8128,28046,35614,Eptesicus serotinus,0.01,0.021,-1,Echolocation,/mnt/ubna_data_01_mir/recover-20220825/UBNA_002/20220823_033000.WAV,Telephone Field,recover-20220825,002,1795
1390.8115,1390.8213,27187,35144,Eptesicus serotinus,0.013,0.028,-1,Echolocation,/mnt/ubna_data_01_mir/recover-20220825/UBNA_002/20220823_033000.WAV,Telephone Field,recover-20220825,002,1795
1390.8135,1390.852,68437,82852,Rhinolophus ferrumequinum,0.023,0.023,-1,Echolocation,/mnt/ubna_data_01_mir/recover-20220825/UBNA_002/20220823_033000.WAV,Telephone Field,recover-20220825,002,1795
1390.8305,1390.8394,28046,37983,Eptesicus serotinus,0.009,0.022,-1,Echolocation,/mnt/ubna_data_01_mir/recover-20220825/UBNA_002/20220823_033000.WAV,Telephone Field,recover-20220825,002,1795
1390.8315,1390.8765,68437,83414,Rhinolophus ferrumequinum,0.049,0.049,-1,Echolocation,/mnt/ubna_data_01_mir/recover-20220825/UBNA_002/20220823_033000.WAV,Telephone Field,recover-20220825,002,1795
1390.8785,1390.9178,68437,81854,Rhinolophus ferrumequinum,0.023,0.023,-1,Echolocation,/mnt/ubna_data_01_mir/recover-20220825/UBNA_002/20220823_033000.WAV,Telephone Field,recover-20220825,002,1795
1390.9035,1390.9435,68437,82676,Rhinolophus ferrumequinum,0.026,0.026,-1,Echolocation,/mnt/ubna_data_01_mir/recover-20220825/UBNA_002/20220823_033000.WAV,Telephone Field,recover-20220825,002,1795
1390.9085,1390.921,26328,32472,Eptesicus serotinus,0.014,0.028,-1,Echolocation,/mnt/ubna_data_01_mir/recover-20220825/UBNA_002/20220823_033000.WAV,Telephone Field,recover-20220825,002,1795
1390.9525,1390.991,68437,81840,Rhinolophus ferrumequinum,0.043,0.043,-1,Echolocation,/mnt/ubna_data_01_mir/recover-20220825/UBNA_002/20220823_033000.WAV,Telephone Field,recover-20220825,002,1795
1390.9625,1390.9733,28046,35549,Eptesicus serotinus,0.01,0.022,-1,Echolocation,/mnt/ubna_data_01_mir/recover-20220825/UBNA_002/20220823_033000.WAV,Telephone Field,recover-20220825,002,1795
1390.9805,1391.0223,68437,82346,Rhinolophus ferrumequinum,0.023,0.023,-1,Echolocation,/mnt/ubna_data_01_mir/recover-20220825/UBNA_002/20220823_033000.WAV,Telephone Field,recover-20220825,002,1795
1390.9895,1391.0065,19453,23789,Nyctalus noctula,0.015,0.031,-1,Echolocation,/mnt/ubna_data_01_mir/recover-20220825/UBNA_002/20220823_033000.WAV,Telephone Field,recover-20220825,002,1795
1391.0085,1391.019,22890,28531,Nyctalus leisleri,0.012,0.026,-1,Echolocation,/mnt/ubna_data_01_mir/recover-20220825/UBNA_002/20220823_033000.WAV,Telephone Field,recover-20220825,002,1795
1391.0315,1391.0697,68437,82487,Rhinolophus ferrumequinum,0.021,0.021,-1,Echolocation,/mnt/ubna_data_01_mir/recover-20220825/UBNA_002/20220823_033000.WAV,Telephone Field,recover-20220825,002,1795
1391.0395,1391.0527,24609,30759,Nyctalus leisleri,0.021,0.052,-1,Echolocation,/mnt/ubna_data_01_mir/recover-20220825/UBNA_002/20220823_033000.WAV,Telephone Field,recover-20220825,002,1795
1391.0585,1391.0687,28046,37488,Eptesicus serotinus,0.011,0.023,-1,Echolocation,/mnt/ubna_data_01_mir/recover-20220825/UBNA_002/20220823_033000.WAV,Telephone Field,recover-20220825,002,1795
1391.0585,1391.0953,68437,82642,Rhinolophus ferrumequinum,0.022,0.022,-1,Echolocation,/mnt/ubna_data_01_mir/recover-20220825/UBNA_002/20220823_033000.WAV,Telephone Field,recover-20220825,002,1795
1391.0605,1391.0709,33203,38836,Eptesicus serotinus,0.008,0.024,-1,Echolocation,/mnt/ubna_data_01_mir/recover-20220825/UBNA_002/20220823_033000.WAV,Telephone Field,recover-20220825,002,1795
1391.0805,1391.0878,27187,39054,Eptesicus serotinus,0.006,0.021,-1,Echolocation,/mnt/ubna_data_01_mir/recover-20220825/UBNA_002/20220823_033000.WAV,Telephone Field,recover-20220825,002,1795
1391.1405,1391.182,68437,82722,Rhinolophus ferrumequinum,0.03,0.03,-1,Echolocation,/mnt/ubna_data_01_mir/recover-20220825/UBNA_002/20220823_033000.WAV,Telephone Field,recover-20220825,002,1795
1391.1685,1391.2032,68437,81396,Rhinolophus ferrumequinum,0.024,0.024,-1,Echolocation,/mnt/ubna_data_01_mir/recover-20220825/UBNA_002/20220823_033000.WAV,Telephone Field,recover-20220825,002,1795
1391.1825,1391.2167,68437,81679,Rhinolophus ferrumequinum,0.021,0.021,-1,Echolocation,/mnt/ubna_data_01_mir/recover-20220825/UBNA_002/20220823_033000.WAV,Telephone Field,recover-20220825,002,1795
1391.1905,1391.2265,68437,81634,Rhinolophus ferrumequinum,0.021,0.021,-1,Echolocation,/mnt/ubna_data_01_mir/recover-20220825/UBNA_002/20220823_033000.WAV,Telephone Field,recover-20220825,002,1795
1391.2105,1391.2192,28046,38390,Eptesicus serotinus,0.008,0.021,-1,Echolocation,/mnt/ubna_data_01_mir/recover-20220825/UBNA_002/20220823_033000.WAV,Telephone Field,recover-20220825,002,1795
1391.2115,1391.2217,32343,39704,Eptesicus serotinus,0.007,0.021,-1,Echolocation,/mnt/ubna_data_01_mir/recover-20220825/UBNA_002/20220823_033000.WAV,Telephone Field,recover-20220825,002,1795
1391.2215,1391.2608,68437,82225,Rhinolophus ferrumequinum,0.023,0.023,-1,Echolocation,/mnt/ubna_data_01_mir/recover-20220825/UBNA_002/20220823_033000.WAV,Telephone Field,recover-20220825,002,1795
1391.2325,1391.2437,28906,36581,Eptesicus serotinus,0.014,0.028,-1,Echolocation,/mnt/ubna_data_01_mir/recover-20220825/UBNA_002/20220823_033000.WAV,Telephone Field,recover-20220825,002,1795
1391.2455,1391.2871,68437,82594,Rhinolophus ferrumequinum,0.024,0.024,-1,Echolocation,/mnt/ubna_data_01_mir/recover-20220825/UBNA_002/20220823_033000.WAV,Telephone Field,recover-20220825,002,1795
1391.2505,1391.2908,68437,82624,Rhinolophus ferrumequinum,0.024,0.024,-1,Echolocation,/mnt/ubna_data_01_mir/recover-20220825/UBNA_002/20220823_033000.WAV,Telephone Field,recover-20220825,002,1795
1391.2615,1391.2711,23750,30501,Nyctalus leisleri,0.009,0.025,-1,Echolocation,/mnt/ubna_data_01_mir/recover-20220825/UBNA_002/20220823_033000.WAV,Telephone Field,recover-20220825,002,1795
1391.2865,1391.3232,68437,81389,Rhinolophus ferrumequinum,0.022,0.022,-1,Echolocation,/mnt/ubna_data_01_mir/recover-20220825/UBNA_002/20220823_033000.WAV,Telephone Field,recover-20220825,002,1795
1391.3025,1391.3122,28906,38979,Eptesicus serotinus,0.009,0.022,-1,Echolocation,/mnt/ubna_data_01_mir/recover-20220825/UBNA_002/20220823_033000.WAV,Telephone Field,recover-20220825,002,1795
1391.3185,1391.355,68437,81206,Rhinolophus ferrumequinum,0.021,0.021,-1,Echolocation,/mnt/ubna_data_01_mir/recover-20220825/UBNA_002/20220823_033000.WAV,Telephone Field,recover-20220825,002,1795
1391.3245,1391.3618,68437,81907,Rhinolophus ferrumequinum,0.021,0.021,-1,Echolocation,/mnt/ubna_data_01_mir/recover-20220825/UBNA_002/20220823_033000.WAV,Telephone Field,recover-20220825,002,1795
1391.3375,1391.3762,68437,82106,Rhinolophus ferrumequinum,0.021,0.021,-1,Echolocation,/mnt/ubna_data_01_mir/recover-20220825/UBNA_002/20220823_033000.WAV,Telephone Field,recover-20220825,002,1795
1391.3415,1391.3546,22890,27108,Nyctalus leisleri,0.013,0.024,-1,Echolocation,/mnt/ubna_data_01_mir/recover-20220825/UBNA_002/20220823_033000.WAV,Telephone Field,recover-20220825,002,1795
1391.3525,1391.361,28906,41259,Eptesicus serotinus,0.008,0.021,-1,Echolocation,/mnt/ubna_data_01_mir/recover-20220825/UBNA_002/20220823_033000.WAV,Telephone Field,recover-20220825,002,1795
1391.3695,1391.3794,28046,36729,Eptesicus serotinus,0.009,0.022,-1,Echolocation,/mnt/ubna_data_01_mir/recover-20220825/UBNA_002/20220823_033000.WAV,Telephone Field,recover-20220825,002,1795
1391.3965,1391.4043,28046,38523,Eptesicus serotinus,0.006,0.021,-1,Echolocation,/mnt/ubna_data_01_mir/recover-20220825/UBNA_002/20220823_033000.WAV,Telephone Field,recover-20220825,002,1795
1391.4125,1391.4237,43515,48411,Pipistrellus pipistrellus,0.025,0.03,-1,Echolocation,/mnt/ubna_data_01_mir/recover-20220825/UBNA_002/20220823_033000.WAV,Telephone Field,recover-20220825,002,1795
1391.4615,1391.4698,23750,31298,Plecotus austriacus,0.009,0.025,-1,Echolocation,/mnt/ubna_data_01_mir/recover-20220825/UBNA_002/20220823_033000.WAV,Telephone Field,recover-20220825,002,1795
1391.4685,1391.5059,68437,81958,Rhinolophus ferrumequinum,0.025,0.025,-1,Echolocation,/mnt/ubna_data_01_mir/recover-20220825/UBNA_002/20220823_033000.WAV,Telephone Field,recover-20220825,002,1795
1391.4955,1391.5035,28046,37637,Eptesicus serotinus,0.009,0.023,-1,Echolocation,/mnt/ubna_data_01_mir/recover-20220825/UBNA_002/20220823_033000.WAV,Telephone Field,recover-20220825,002,1795
1391.5075,1391.5462,68437,82090,Rhinolophus ferrumequinum,0.024,0.024,-1,Echolocation,/mnt/ubna_data_01_mir/recover-20220825/UBNA_002/20220823_033000.WAV,Telephone Field,recover-20220825,002,1795
1391.5205,1391.5282,25468,34125,Eptesicus serotinus,0.007,0.022,-1,Echolocation,/mnt/ubna_data_01_mir/recover-20220825/UBNA_002/20220823_033000.WAV,Telephone Field,recover-20220825,002,1795
1391.5405,1391.5819,68437,82506,Rhinolophus ferrumequinum,0.028,0.028,-1,Echolocation,/mnt/ubna_data_01_mir/recover-20220825/UBNA_002/20220823_033000.WAV,Telephone Field,recover-20220825,002,1795
1391.5465,1391.5577,28906,35668,Eptesicus serotinus,0.017,0.031,-1,Echolocation,/mnt/ubna_data_01_mir/recover-20220825/UBNA_002/20220823_033000.WAV,Telephone Field,recover-20220825,002,1795
1391.5535,1391.5911,68437,81345,Rhinolophus ferrumequinum,0.022,0.022,-1,Echolocation,/mnt/ubna_data_01_mir/recover-20220825/UBNA_002/20220823_033000.WAV,Telephone Field,recover-20220825,002,1795
1391.5855,1391.6275,68437,83321,Rhinolophus ferrumequinum,0.024,0.024,-1,Echolocation,/mnt/ubna_data_01_mir/recover-20220825/UBNA_002/20220823_033000.WAV,Telephone Field,recover-20220825,002,1795
1391.6275,1391.6363,26328,33827,Eptesicus serotinus,0.019,0.044,-1,Echolocation,/mnt/ubna_data_01_mir/recover-20220825/UBNA_002/20220823_033000.WAV,Telephone Field,recover-20220825,002,1795
1391.6375,1391.676,68437,82132,Rhinolophus ferrumequinum,0.024,0.024,-1,Echolocation,/mnt/ubna_data_01_mir/recover-20220825/UBNA_002/20220823_033000.WAV,Telephone Field,recover-20220825,002,1795
1391.6675,1391.6753,28046,38529,Eptesicus serotinus,0.008,0.023,-1,Echolocation,/mnt/ubna_data_01_mir/recover-20220825/UBNA_002/20220823_033000.WAV,Telephone Field,recover-20220825,002,1795
1391.6685,1391.7052,68437,81425,Rhinolophus ferrumequinum,0.021,0.021,-1,Echolocation,/mnt/ubna_data_01_mir/recover-20220825/UBNA_002/20220823_033000.WAV,Telephone Field,recover-20220825,002,1795
1391.7205,1391.7318,23750,29723,Nyctalus leisleri,0.013,0.03,-1,Echolocation,/mnt/ubna_data_01_mir/recover-20220825/UBNA_002/20220823_033000.WAV,Telephone Field,recover-20220825,002,1795
1391.7385,1391.7782,68437,81774,Rhinolophus ferrumequinum,0.021,0.021,-1,Echolocation,/mnt/ubna_data_01_mir/recover-20220825/UBNA_002/20220823_033000.WAV,Telephone Field,recover-20220825,002,1795
1391.7875,1391.8288,68437,82127,Rhinolophus ferrumequinum,0.022,0.022,-1,Echolocation,/mnt/ubna_data_01_mir/recover-20220825/UBNA_002/20220823_033000.WAV,Telephone Field,recover-20220825,002,1795
1391.7935,1391.8353,68437,82801,Rhinolophus ferrumequinum,0.021,0.021,-1,Echolocation,/mnt/ubna_data_01_mir/recover-20220825/UBNA_002/20220823_033000.WAV,Telephone Field,recover-20220825,002,1795
1391.8125,1391.8483,68437,81523,Rhinolophus ferrumequinum,0.024,0.024,-1,Echolocation,/mnt/ubna_data_01_mir/recover-20220825/UBNA_002/20220823_033000.WAV,Telephone Field,recover-20220825,002,1795
1391.8225,1391.8621,68437,82065,Rhinolophus ferrumequinum,0.026,0.026,-1,Echolocation,/mnt/ubna_data_01_mir/recover-20220825/UBNA_002/20220823_033000.WAV,Telephone Field,recover-20220825,002,1795
1391.8225,1391.8313,28046,38307,Eptesicus serotinus,0.011,0.026,-1,Echolocation,/mnt/ubna_data_01_mir/recover-20220825/UBNA_002/20220823_033000.WAV,Telephone Field,recover-20220825,002,1795
1391.8585,1391.896,68437,82136,Rhinolophus ferrumequinum,0.022,0.022,-1,Echolocation,/mnt/ubna_data_01_mir/recover-20220825/UBNA_002/20220823_033000.WAV,Telephone Field,recover-20220825,002,1795
1391.8605,1391.8707,23750,29233,Nyctalus leisleri,0.009,0.022,-1,Echolocation,/mnt/ubna_data_01_mir/recover-20220825/UBNA_002/20220823_033000.WAV,Telephone Field,recover-20220825,002,1795
1391.8985,1391.9061,27187,38384,Eptesicus serotinus,0.007,0.021,-1,Echolocation,/mnt/ubna_data_01_mir/recover-20220825/UBNA_002/20220823_033000.WAV,Telephone Field,recover-20220825,002,1795
1391.8985,1391.9089,22031,27494,Nyctalus leisleri,0.008,0.021,-1,Echolocation,/mnt/ubna_data_01_mir/recover-20220825/UBNA_002/20220823_033000.WAV,Telephone Field,recover-20220825,002,1795
1391.9385,1391.9777,68437,82248,Rhinolophus ferrumequinum,0.023,0.023,-1,Echolocation,/mnt/ubna_data_01_mir/recover-20220825/UBNA_002/20220823_033000.WAV,Telephone Field,recover-20220825,002,1795
1392.0015,1392.0341,68437,80030,Rhinolophus ferrumequinum,0.026,0.027,-1,Echolocation,/mnt/ubna_data_01_mir/recover-20220825/UBNA_002/20220823_033000.WAV,Telephone Field,recover-20220825,002,1795
1392.0015,1392.009,24609,37383,Myotis nattereri,0.007,0.028,-1,Echolocation,/mnt/ubna_data_01_mir/recover-20220825/UBNA_002/20220823_033000.WAV,Telephone Field,recover-20220825,002,1795
1392.0015,1392.0093,47812,55890,Pipistrellus pipistrellus,0.014,0.022,-1,Echolocation,/mnt/ubna_data_01_mir/recover-20220825/UBNA_002/20220823_033000.WAV,Telephone Field,recover-20220825,002,1795
1392.0225,1392.0623,68437,82618,Rhinolophus ferrumequinum,0.024,0.024,-1,Echolocation,/mnt/ubna_data_01_mir/recover-20220825/UBNA_002/20220823_033000.WAV,Telephone Field,recover-20220825,002,1795
1392.1045,1392.1449,68437,82915,Rhinolophus ferrumequinum,0.024,0.024,-1,Echolocation,/mnt/ubna_data_01_mir/recover-20220825/UBNA_002/20220823_033000.WAV,Telephone Field,recover-20220825,002,1795
1392.1295,1392.1417,15156,20499,Nyctalus noctula,0.013,0.023,-1,Echolocation,/mnt/ubna_data_01_mir/recover-20220825/UBNA_002/20220823_033000.WAV,Telephone Field,recover-20220825,002,1795
1392.1455,1392.1841,68437,82468,Rhinolophus ferrumequinum,0.026,0.026,-1,Echolocation,/mnt/ubna_data_01_mir/recover-20220825/UBNA_002/20220823_033000.WAV,Telephone Field,recover-20220825,002,1795
1392.1715,1392.1798,34921,45833,Myotis daubentonii,0.008,0.024,-1,Echolocation,/mnt/ubna_data_01_mir/recover-20220825/UBNA_002/20220823_033000.WAV,Telephone Field,recover-20220825,002,1795
1392.2215,1392.259,68437,81859,Rhinolophus ferrumequinum,0.024,0.024,-1,Echolocation,/mnt/ubna_data_01_mir/recover-20220825/UBNA_002/20220823_033000.WAV,Telephone Field,recover-20220825,002,1795
1392.2465,1392.2839,68437,81126,Rhinolophus ferrumequinum,0.023,0.023,-1,Echolocation,/mnt/ubna_data_01_mir/recover-20220825/UBNA_002/20220823_033000.WAV,Telephone Field,recover-20220825,002,1795
1392.3065,1392.3443,68437,82068,Rhinolophus ferrumequinum,0.022,0.022,-1,Echolocation,/mnt/ubna_data_01_mir/recover-20220825/UBNA_002/20220823_033000.WAV,Telephone Field,recover-20220825,002,1795
1392.3345,1392.3439,22031,28860,Plecotus austriacus,0.01,0.028,-1,Echolocation,/mnt/ubna_data_01_mir/recover-20220825/UBNA_002/20220823_033000.WAV,Telephone Field,recover-20220825,002,1795
1392.3705,1392.4102,68437,82645,Rhinolophus ferrumequinum,0.024,0.024,-1,Echolocation,/mnt/ubna_data_01_mir/recover-20220825/UBNA_002/20220823_033000.WAV,Telephone Field,recover-20220825,002,1795
1392.3925,1392.4023,28046,41067,Eptesicus serotinus,0.009,0.022,-1,Echolocation,/mnt/ubna_data_01_mir/recover-20220825/UBNA_002/20220823_033000.WAV,Telephone Field,recover-20220825,002,1795
1392.5375,1392.5752,68437,82500,Rhinolophus ferrumequinum,0.025,0.025,-1,Echolocation,/mnt/ubna_data_01_mir/recover-20220825/UBNA_002/20220823_033000.WAV,Telephone Field,recover-20220825,002,1795
1392.5945,1392.602,28046,39589,Eptesicus serotinus,0.007,0.026,-1,Echolocation,/mnt/ubna_data_01_mir/recover-20220825/UBNA_002/20220823_033000.WAV,Telephone Field,recover-20220825,002,1795
1392.6085,1392.6184,26328,33648,Eptesicus serotinus,0.009,0.022,-1,Echolocation,/mnt/ubna_data_01_mir/recover-20220825/UBNA_002/20220823_033000.WAV,Telephone Field,recover-20220825,002,1795
1392.6235,1392.6327,28906,37921,Eptesicus serotinus,0.009,0.022,-1,Echolocation,/mnt/ubna_data_01_mir/recover-20220825/UBNA_002/20220823_033000.WAV,Telephone Field,recover-20220825,002,1795
1392.6295,1392.64,28906,36412,Eptesicus serotinus,0.009,0.022,-1,Echolocation,/mnt/ubna_data_01_mir/recover-20220825/UBNA_002/20220823_033000.WAV,Telephone Field,recover-20220825,002,1795
1392.6725,1392.7129,68437,82197,Rhinolophus ferrumequinum,0.022,0.022,-1,Echolocation,/mnt/ubna_data_01_mir/recover-20220825/UBNA_002/20220823_033000.WAV,Telephone Field,recover-20220825,002,1795
1392.7225,1392.7334,51250,56685,Pipistrellus pipistrellus,0.036,0.048,-1,Echolocation,/mnt/ubna_data_01_mir/recover-20220825/UBNA_002/20220823_033000.WAV,Telephone Field,recover-20220825,002,1795
1392.7745,1392.7832,25468,34214,Eptesicus serotinus,0.009,0.024,-1,Echolocation,/mnt/ubna_data_01_mir/recover-20220825/UBNA_002/20220823_033000.WAV,Telephone Field,recover-20220825,002,1795
1392.7855,1392.8273,68437,82159,Rhinolophus ferrumequinum,0.024,0.024,-1,Echolocation,/mnt/ubna_data_01_mir/recover-20220825/UBNA_002/20220823_033000.WAV,Telephone Field,recover-20220825,002,1795
1392.8315,1392.8686,68437,81098,Rhinolophus ferrumequinum,0.022,0.022,-1,Echolocation,/mnt/ubna_data_01_mir/recover-20220825/UBNA_002/20220823_033000.WAV,Telephone Field,recover-20220825,002,1795
1392.8575,1392.8737,28906,32809,Eptesicus serotinus,0.039,0.08,-1,Echolocation,/mnt/ubna_data_01_mir/recover-20220825/UBNA_002/20220823_033000.WAV,Telephone Field,recover-20220825,002,1795
1392.8635,1392.9009,68437,82635,Rhinolophus ferrumequinum,0.025,0.025,-1,Echolocation,/mnt/ubna_data_01_mir/recover-20220825/UBNA_002/20220823_033000.WAV,Telephone Field,recover-20220825,002,1795
1392.8745,1392.8835,45234,48811,Pipistrellus pipistrellus,0.029,0.032,-1,Echolocation,/mnt/ubna_data_01_mir/recover-20220825/UBNA_002/20220823_033000.WAV,Telephone Field,recover-20220825,002,1795
1392.8775,1392.8867,26328,35122,Eptesicus serotinus,0.012,0.027,-1,Echolocation,/mnt/ubna_data_01_mir/recover-20220825/UBNA_002/20220823_033000.WAV,Telephone Field,recover-20220825,002,1795
1392.8995,1392.9366,68437,81972,Rhinolophus ferrumequinum,0.021,0.021,-1,Echolocation,/mnt/ubna_data_01_mir/recover-20220825/UBNA_002/20220823_033000.WAV,Telephone Field,recover-20220825,002,1795
1392.9155,1392.9241,28046,41899,Eptesicus serotinus,0.009,0.024,-1,Echolocation,/mnt/ubna_data_01_mir/recover-20220825/UBNA_002/20220823_033000.WAV,Telephone Field,recover-20220825,002,1795
1392.9655,1392.9732,28046,39522,Eptesicus serotinus,0.007,0.025,-1,Echolocation,/mnt/ubna_data_01_mir/recover-20220825/UBNA_002/20220823_033000.WAV,Telephone Field,recover-20220825,002,1795
1392.9735,1392.9877,15156,20915,Nyctalus noctula,0.016,0.024,-1,Echolocation,/mnt/ubna_data_01_mir/recover-20220825/UBNA_002/20220823_033000.WAV,Telephone Field,recover-20220825,002,1795
1392.9955,1393.0049,24609,32075,Eptesicus serotinus,0.01,0.03,-1,Echolocation,/mnt/ubna_data_01_mir/recover-20220825/UBNA_002/20220823_033000.WAV,Telephone Field,recover-20220825,002,1795
1392.9995,1393.0391,68437,81836,Rhinolophus ferrumequinum,0.026,0.026,-1,Echolocation,/mnt/ubna_data_01_mir/recover-20220825/UBNA_002/20220823_033000.WAV,Telephone Field,recover-20220825,002,1795
1393.0315,1393.0409,24609,32771,Eptesicus serotinus,0.008,0.021,-1,Echolocation,/mnt/ubna_data_01_mir/recover-20220825/UBNA_002/20220823_033000.WAV,Telephone Field,recover-20220825,002,1795
1393.0445,1393.0584,22031,25897,Nyctalus leisleri,0.017,0.03,-1,Echolocation,/mnt/ubna_data_01_mir/recover-20220825/UBNA_002/20220823_033000.WAV,Telephone Field,recover-20220825,002,1795
1393.0475,1393.0554,28046,38834,Eptesicus serotinus,0.007,0.021,-1,Echolocation,/mnt/ubna_data_01_mir/recover-20220825/UBNA_002/20220823_033000.WAV,Telephone Field,recover-20220825,002,1795
1393.0665,1393.0758,28046,36933,Eptesicus serotinus,0.009,0.021,-1,Echolocation,/mnt/ubna_data_01_mir/recover-20220825/UBNA_002/20220823_033000.WAV,Telephone Field,recover-20220825,002,1795
1393.0805,1393.1207,68437,82865,Rhinolophus ferrumequinum,0.023,0.023,-1,Echolocation,/mnt/ubna_data_01_mir/recover-20220825/UBNA_002/20220823_033000.WAV,Telephone Field,recover-20220825,002,1795
1393.0825,1393.0915,28046,36986,Eptesicus serotinus,0.009,0.022,-1,Echolocation,/mnt/ubna_data_01_mir/recover-20220825/UBNA_002/20220823_033000.WAV,Telephone Field,recover-20220825,002,1795
1393.0975,1393.1062,25468,34059,Eptesicus serotinus,0.013,0.037,-1,Echolocation,/mnt/ubna_data_01_mir/recover-20220825/UBNA_002/20220823_033000.WAV,Telephone Field,recover-20220825,002,1795
1393.1305,1393.1389,27187,41312,Eptesicus serotinus,0.01,0.024,-1,Echolocation,/mnt/ubna_data_01_mir/recover-20220825/UBNA_002/20220823_033000.WAV,Telephone Field,recover-20220825,002,1795
1393.1475,1393.1549,28046,39323,Eptesicus serotinus,0.007,0.022,-1,Echolocation,/mnt/ubna_data_01_mir/recover-20220825/UBNA_002/20220823_033000.WAV,Telephone Field,recover-20220825,002,1795
1393.1785,1393.1862,47812,51618,Pipistrellus pipistrellus,0.027,0.028,-1,Echolocation,/mnt/ubna_data_01_mir/recover-20220825/UBNA_002/20220823_033000.WAV,Telephone Field,recover-20220825,002,1795
1393.2485,1393.2616,44375,47119,Pipistrellus pipistrellus,0.047,0.054,-1,Echolocation,/mnt/ubna_data_01_mir/recover-20220825/UBNA_002/20220823_033000.WAV,Telephone Field,recover-20220825,002,1795
1393.2645,1393.3034,68437,82264,Rhinolophus ferrumequinum,0.029,0.029,-1,Echolocation,/mnt/ubna_data_01_mir/recover-20220825/UBNA_002/20220823_033000.WAV,Telephone Field,recover-20220825,002,1795
1393.2915,1393.2993,28046,39514,Eptesicus serotinus,0.007,0.022,-1,Echolocation,/mnt/ubna_data_01_mir/recover-20220825/UBNA_002/20220823_033000.WAV,Telephone Field,recover-20220825,002,1795
1393.3765,1393.417,68437,82180,Rhinolophus ferrumequinum,0.021,0.021,-1,Echolocation,/mnt/ubna_data_01_mir/recover-20220825/UBNA_002/20220823_033000.WAV,Telephone Field,recover-20220825,002,1795
1393.4015,1393.4408,68437,82037,Rhinolophus ferrumequinum,0.022,0.022,-1,Echolocation,/mnt/ubna_data_01_mir/recover-20220825/UBNA_002/20220823_033000.WAV,Telephone Field,recover-20220825,002,1795
1393.4265,1393.4632,68437,81017,Rhinolophus ferrumequinum,0.027,0.027,-1,Echolocation,/mnt/ubna_data_01_mir/recover-20220825/UBNA_002/20220823_033000.WAV,Telephone Field,recover-20220825,002,1795
1393.4435,1393.4563,27187,32362,Eptesicus serotinus,0.051,0.086,-1,Echolocation,/mnt/ubna_data_01_mir/recover-20220825/UBNA_002/20220823_033000.WAV,Telephone Field,recover-20220825,002,1795
1393.4885,1393.5274,68437,82150,Rhinolophus ferrumequinum,0.021,0.022,-1,Echolocation,/mnt/ubna_data_01_mir/recover-20220825/UBNA_002/20220823_033000.WAV,Telephone Field,recover-20220825,002,1795
1393.4945,1393.533,68437,82134,Rhinolophus ferrumequinum,0.021,0.021,-1,Echolocation,/mnt/ubna_data_01_mir/recover-20220825/UBNA_002/20220823_033000.WAV,Telephone Field,recover-20220825,002,1795
1393.5025,1393.5411,68437,82454,Rhinolophus ferrumequinum,0.021,0.021,-1,Echolocation,/mnt/ubna_data_01_mir/recover-20220825/UBNA_002/20220823_033000.WAV,Telephone Field,recover-20220825,002,1795
1393.5125,1393.5513,68437,82234,Rhinolophus ferrumequinum,0.023,0.023,-1,Echolocation,/mnt/ubna_data_01_mir/recover-20220825/UBNA_002/20220823_033000.WAV,Telephone Field,recover-20220825,002,1795
1393.5405,1393.5509,24609,32011,Nyctalus leisleri,0.009,0.027,-1,Echolocation,/mnt/ubna_data_01_mir/recover-20220825/UBNA_002/20220823_033000.WAV,Telephone Field,recover-20220825,002,1795
1393.5755,1393.6178,68437,83208,Rhinolophus ferrumequinum,0.032,0.032,-1,Echolocation,/mnt/ubna_data_01_mir/recover-20220825/UBNA_002/20220823_033000.WAV,Telephone Field,recover-20220825,002,1795
1393.5765,1393.5865,24609,31057,Nyctalus leisleri,0.007,0.021,-1,Echolocation,/mnt/ubna_data_01_mir/recover-20220825/UBNA_002/20220823_033000.WAV,Telephone Field,recover-20220825,002,1795
1393.5985,1393.6377,68437,82358,Rhinolophus ferrumequinum,0.022,0.022,-1,Echolocation,/mnt/ubna_data_01_mir/recover-20220825/UBNA_002/20220823_033000.WAV,Telephone Field,recover-20220825,002,1795
1393.6055,1393.6137,28046,38547,Eptesicus serotinus,0.008,0.023,-1,Echolocation,/mnt/ubna_data_01_mir/recover-20220825/UBNA_002/20220823_033000.WAV,Telephone Field,recover-20220825,002,1795
1393.6055,1393.6151,22890,29931,Nyctalus leisleri,0.007,0.023,-1,Echolocation,/mnt/ubna_data_01_mir/recover-20220825/UBNA_002/20220823_033000.WAV,Telephone Field,recover-20220825,002,1795
1393.6185,1393.6572,68437,82421,Rhinolophus ferrumequinum,0.021,0.021,-1,Echolocation,/mnt/ubna_data_01_mir/recover-20220825/UBNA_002/20220823_033000.WAV,Telephone Field,recover-20220825,002,1795
1393.6355,1393.6446,22890,29507,Nyctalus leisleri,0.007,0.021,-1,Echolocation,/mnt/ubna_data_01_mir/recover-20220825/UBNA_002/20220823_033000.WAV,Telephone Field,recover-20220825,002,1795
1393.6695,1393.6773,39218,48650,Pipistrellus nathusii,0.031,0.105,-1,Echolocation,/mnt/ubna_data_01_mir/recover-20220825/UBNA_002/20220823_033000.WAV,Telephone Field,recover-20220825,002,1795
1393.6935,1393.7282,68437,80669,Rhinolophus ferrumequinum,0.025,0.025,-1,Echolocation,/mnt/ubna_data_01_mir/recover-20220825/UBNA_002/20220823_033000.WAV,Telephone Field,recover-20220825,002,1795
1393.7365,1393.7749,68437,81564,Rhinolophus ferrumequinum,0.023,0.023,-1,Echolocation,/mnt/ubna_data_01_mir/recover-20220825/UBNA_002/20220823_033000.WAV,Telephone Field,recover-20220825,002,1795
1393.7585,1393.7665,28046,40968,Eptesicus serotinus,0.008,0.023,-1,Echolocation,/mnt/ubna_data_01_mir/recover-20220825/UBNA_002/20220823_033000.WAV,Telephone Field,recover-20220825,002,1795
1393.7765,1393.8155,68437,82376,Rhinolophus ferrumequinum,0.027,0.027,-1,Echolocation,/mnt/ubna_data_01_mir/recover-20220825/UBNA_002/20220823_033000.WAV,Telephone Field,recover-20220825,002,1795
1393.8295,1393.8366,30625,43214,Myotis daubentonii,0.011,0.028,-1,Echolocation,/mnt/ubna_data_01_mir/recover-20220825/UBNA_002/20220823_033000.WAV,Telephone Field,recover-20220825,002,1795
1393.8455,1393.8851,68437,82357,Rhinolophus ferrumequinum,0.021,0.021,-1,Echolocation,/mnt/ubna_data_01_mir/recover-20220825/UBNA_002/20220823_033000.WAV,Telephone Field,recover-20220825,002,1795
1393.8535,1393.8621,28046,38296,Eptesicus serotinus,0.009,0.023,-1,Echolocation,/mnt/ubna_data_01_mir/recover-20220825/UBNA_002/20220823_033000.WAV,Telephone Field,recover-20220825,002,1795
1393.9005,1393.9405,68437,82646,Rhinolophus ferrumequinum,0.033,0.033,-1,Echolocation,/mnt/ubna_data_01_mir/recover-20220825/UBNA_002/20220823_033000.WAV,Telephone Field,recover-20220825,002,1795
1393.9025,1393.9078,38359,49265,Myotis daubentonii,0.015,0.035,-1,Echolocation,/mnt/ubna_data_01_mir/recover-20220825/UBNA_002/20220823_033000.WAV,Telephone Field,recover-20220825,002,1795
1393.9035,1393.911,24609,39157,Plecotus austriacus,0.006,0.024,-1,Echolocation,/mnt/ubna_data_01_mir/recover-20220825/UBNA_002/20220823_033000.WAV,Telephone Field,recover-20220825,002,1795
1393.9175,1393.9599,68437,82236,Rhinolophus ferrumequinum,0.025,0.025,-1,Echolocation,/mnt/ubna_data_01_mir/recover-20220825/UBNA_002/20220823_033000.WAV,Telephone Field,recover-20220825,002,1795
1393.9575,1393.998,68437,82733,Rhinolophus ferrumequinum,0.027,0.027,-1,Echolocation,/mnt/ubna_data_01_mir/recover-20220825/UBNA_002/20220823_033000.WAV,Telephone Field,recover-20220825,002,1795
1393.9845,1393.992,27187,37711,Eptesicus serotinus,0.008,0.023,-1,Echolocation,/mnt/ubna_data_01_mir/recover-20220825/UBNA_002/20220823_033000.WAV,Telephone Field,recover-20220825,002,1795
1394.0015,1394.0125,46093,51824,Pipistrellus pipistrellus,0.022,0.028,-1,Echolocation,/mnt/ubna_data_01_mir/recover-20220825/UBNA_002/20220823_033000.WAV,Telephone Field,recover-20220825,002,1795
1394.0015,1394.0327,69296,81334,Rhinolophus ferrumequinum,0.027,0.027,-1,Echolocation,/mnt/ubna_data_01_mir/recover-20220825/UBNA_002/20220823_033000.WAV,Telephone Field,recover-20220825,002,1795
1394.0015,1394.0098,25468,35843,Eptesicus serotinus,0.006,0.028,-1,Echolocation,/mnt/ubna_data_01_mir/recover-20220825/UBNA_002/20220823_033000.WAV,Telephone Field,recover-20220825,002,1795
1394.0105,1394.0519,68437,82183,Rhinolophus ferrumequinum,0.023,0.023,-1,Echolocation,/mnt/ubna_data_01_mir/recover-20220825/UBNA_002/20220823_033000.WAV,Telephone Field,recover-20220825,002,1795
1394.0375,1394.0763,68437,81523,Rhinolophus ferrumequinum,0.021,0.021,-1,Echolocation,/mnt/ubna_data_01_mir/recover-20220825/UBNA_002/20220823_033000.WAV,Telephone Field,recover-20220825,002,1795
1394.0395,1394.0482,27187,38979,Eptesicus serotinus,0.008,0.024,-1,Echolocation,/mnt/ubna_data_01_mir/recover-20220825/UBNA_002/20220823_033000.WAV,Telephone Field,recover-20220825,002,1795
1394.0665,1394.1046,68437,82653,Rhinolophus ferrumequinum,0.021,0.021,-1,Echolocation,/mnt/ubna_data_01_mir/recover-20220825/UBNA_002/20220823_033000.WAV,Telephone Field,recover-20220825,002,1795
1394.0985,1394.1083,24609,31764,Nyctalus leisleri,0.007,0.023,-1,Echolocation,/mnt/ubna_data_01_mir/recover-20220825/UBNA_002/20220823_033000.WAV,Telephone Field,recover-20220825,002,1795
1394.1285,1394.1667,68437,82041,Rhinolophus ferrumequinum,0.022,0.022,-1,Echolocation,/mnt/ubna_data_01_mir/recover-20220825/UBNA_002/20220823_033000.WAV,Telephone Field,recover-20220825,002,1795
1394.1315,1394.1453,22031,25989,Nyctalus leisleri,0.016,0.026,-1,Echolocation,/mnt/ubna_data_01_mir/recover-20220825/UBNA_002/20220823_033000.WAV,Telephone Field,recover-20220825,002,1795
1394.1645,1394.2028,68437,82483,Rhinolophus ferrumequinum,0.021,0.021,-1,Echolocation,/mnt/ubna_data_01_mir/recover-20220825/UBNA_002/20220823_033000.WAV,Telephone Field,recover-20220825,002,1795
1394.1775,1394.2139,68437,81713,Rhinolophus ferrumequinum,0.021,0.021,-1,Echolocation,/mnt/ubna_data_01_mir/recover-20220825/UBNA_002/20220823_033000.WAV,Telephone Field,recover-20220825,002,1795
1394.1775,1394.1866,28046,39125,Eptesicus serotinus,0.009,0.021,-1,Echolocation,/mnt/ubna_data_01_mir/recover-20220825/UBNA_002/20220823_033000.WAV,Telephone Field,recover-20220825,002,1795
1394.1955,1394.2322,68437,81392,Rhinolophus ferrumequinum,0.028,0.028,-1,Echolocation,/mnt/ubna_data_01_mir/recover-20220825/UBNA_002/20220823_033000.WAV,Telephone Field,recover-20220825,002,1795
1394.2195,1394.2555,68437,80857,Rhinolophus ferrumequinum,0.021,0.021,-1,Echolocation,/mnt/ubna_data_01_mir/recover-20220825/UBNA_002/20220823_033000.WAV,Telephone Field,recover-20220825,002,1795
1394.2435,1394.2839,68437,82811,Rhinolophus ferrumequinum,0.021,0.021,-1,Echolocation,/mnt/ubna_data_01_mir/recover-20220825/UBNA_002/20220823_033000.WAV,Telephone Field,recover-20220825,002,1795
1394.2655,1394.304,68437,81909,Rhinolophus ferrumequinum,0.022,0.022,-1,Echolocation,/mnt/ubna_data_01_mir/recover-20220825/UBNA_002/20220823_033000.WAV,Telephone Field,recover-20220825,002,1795
1394.2885,1394.2978,46953,55838,Pipistrellus pipistrellus,0.02,0.024,-1,Echolocation,/mnt/ubna_data_01_mir/recover-20220825/UBNA_002/20220823_033000.WAV,Telephone Field,recover-20220825,002,1795
1394.2985,1394.3351,68437,81820,Rhinolophus ferrumequinum,0.022,0.022,-1,Echolocation,/mnt/ubna_data_01_mir/recover-20220825/UBNA_002/20220823_033000.WAV,Telephone Field,recover-20220825,002,1795
1394.3105,1394.318,27187,38280,Eptesicus serotinus,0.008,0.022,-1,Echolocation,/mnt/ubna_data_01_mir/recover-20220825/UBNA_002/20220823_033000.WAV,Telephone Field,recover-20220825,002,1795
1394.3365,1394.3773,68437,82857,Rhinolophus ferrumequinum,0.039,0.039,-1,Echolocation,/mnt/ubna_data_01_mir/recover-20220825/UBNA_002/20220823_033000.WAV,Telephone Field,recover-20220825,002,1795
1394.3435,1394.354,23750,29900,Nyctalus leisleri,0.009,0.021,-1,Echolocation,/mnt/ubna_data_01_mir/recover-20220825/UBNA_002/20220823_033000.WAV,Telephone Field,recover-20220825,002,1795
1394.3585,1394.3787,19453,22639,Nyctalus noctula,0.047,0.09,-1,Echolocation,/mnt/ubna_data_01_mir/recover-20220825/UBNA_002/20220823_033000.WAV,Telephone Field,recover-20220825,002,1795
1394.3745,1394.4115,68437,81308,Rhinolophus ferrumequinum,0.022,0.022,-1,Echolocation,/mnt/ubna_data_01_mir/recover-20220825/UBNA_002/20220823_033000.WAV,Telephone Field,recover-20220825,002,1795
1394.4075,1394.4438,68437,81270,Rhinolophus ferrumequinum,0.022,0.022,-1,Echolocation,/mnt/ubna_data_01_mir/recover-20220825/UBNA_002/20220823_033000.WAV,Telephone Field,recover-20220825,002,1795
1394.4395,1394.4778,68437,82425,Rhinolophus ferrumequinum,0.024,0.024,-1,Echolocation,/mnt/ubna_data_01_mir/recover-20220825/UBNA_002/20220823_033000.WAV,Telephone Field,recover-20220825,002,1795
1394.4555,1394.4914,68437,81229,Rhinolophus ferrumequinum,0.021,0.021,-1,Echolocation,/mnt/ubna_data_01_mir/recover-20220825/UBNA_002/20220823_033000.WAV,Telephone Field,recover-20220825,002,1795
1394.4775,1394.4881,22890,27813,Nyctalus leisleri,0.011,0.022,-1,Echolocation,/mnt/ubna_data_01_mir/recover-20220825/UBNA_002/20220823_033000.WAV,Telephone Field,recover-20220825,002,1795
1394.5175,1394.5608,68437,84030,Rhinolophus ferrumequinum,0.033,0.033,-1,Echolocation,/mnt/ubna_data_01_mir/recover-20220825/UBNA_002/20220823_033000.WAV,Telephone Field,recover-20220825,002,1795
1394.5535,1394.5935,68437,82036,Rhinolophus ferrumequinum,0.023,0.023,-1,Echolocation,/mnt/ubna_data_01_mir/recover-20220825/UBNA_002/20220823_033000.WAV,Telephone Field,recover-20220825,002,1795
1394.5875,1394.598,22890,27273,Nyctalus leisleri,0.012,0.023,-1,Echolocation,/mnt/ubna_data_01_mir/recover-20220825/UBNA_002/20220823_033000.WAV,Telephone Field,recover-20220825,002,1795
1394.6025,1394.642,68437,82394,Rhinolophus ferrumequinum,0.028,0.028,-1,Echolocation,/mnt/ubna_data_01_mir/recover-20220825/UBNA_002/20220823_033000.WAV,Telephone Field,recover-20220825,002,1795
1394.6315,1394.6389,28906,40143,Eptesicus serotinus,0.007,0.021,-1,Echolocation,/mnt/ubna_data_01_mir/recover-20220825/UBNA_002/20220823_033000.WAV,Telephone Field,recover-20220825,002,1795
1394.6675,1394.6774,33203,39300,Myotis daubentonii,0.005,0.021,-1,Echolocation,/mnt/ubna_data_01_mir/recover-20220825/UBNA_002/20220823_033000.WAV,Telephone Field,recover-20220825,002,1795
1394.6925,1394.7007,49531,54525,Pipistrellus pipistrellus,0.021,0.024,-1,Echolocation,/mnt/ubna_data_01_mir/recover-20220825/UBNA_002/20220823_033000.WAV,Telephone Field,recover-20220825,002,1795
1394.6935,1394.7349,68437,82536,Rhinolophus ferrumequinum,0.024,0.024,-1,Echolocation,/mnt/ubna_data_01_mir/recover-20220825/UBNA_002/20220823_033000.WAV,Telephone Field,recover-20220825,002,1795
1394.7005,1394.7093,28046,36129,Eptesicus serotinus,0.01,0.024,-1,Echolocation,/mnt/ubna_data_01_mir/recover-20220825/UBNA_002/20220823_033000.WAV,Telephone Field,recover-20220825,002,1795
1394.7205,1394.7586,68437,82809,Rhinolophus ferrumequinum,0.025,0.025,-1,Echolocation,/mnt/ubna_data_01_mir/recover-20220825/UBNA_002/20220823_033000.WAV,Telephone Field,recover-20220825,002,1795
1394.7375,1394.7776,68437,83059,Rhinolophus ferrumequinum,0.021,0.021,-1,Echolocation,/mnt/ubna_data_01_mir/recover-20220825/UBNA_002/20220823_033000.WAV,Telephone Field,recover-20220825,002,1795
1394.7715,1394.8093,68437,81786,Rhinolophus ferrumequinum,0.022,0.022,-1,Echolocation,/mnt/ubna_data_01_mir/recover-20220825/UBNA_002/20220823_033000.WAV,Telephone Field,recover-20220825,002,1795
1394.7875,1394.7958,28046,36476,Eptesicus serotinus,0.012,0.028,-1,Echolocation,/mnt/ubna_data_01_mir/recover-20220825/UBNA_002/20220823_033000.WAV,Telephone Field,recover-20220825,002,1795
1394.8035,1394.842,68437,81854,Rhinolophus ferrumequinum,0.023,0.023,-1,Echolocation,/mnt/ubna_data_01_mir/recover-20220825/UBNA_002/20220823_033000.WAV,Telephone Field,recover-20220825,002,1795
1394.8145,1394.851,68437,81940,Rhinolophus ferrumequinum,0.028,0.028,-1,Echolocation,/mnt/ubna_data_01_mir/recover-20220825/UBNA_002/20220823_033000.WAV,Telephone Field,recover-20220825,002,1795
1394.8225,1394.8616,68437,82522,Rhinolophus ferrumequinum,0.024,0.024,-1,Echolocation,/mnt/ubna_data_01_mir/recover-20220825/UBNA_002/20220823_033000.WAV,Telephone Field,recover-20220825,002,1795
1394.8405,1394.8805,68437,82592,Rhinolophus ferrumequinum,0.029,0.029,-1,Echolocation,/mnt/ubna_data_01_mir/recover-20220825/UBNA_002/20220823_033000.WAV,Telephone Field,recover-20220825,002,1795
1394.8465,1394.8553,28046,38974,Eptesicus serotinus,0.007,0.021,-1,Echolocation,/mnt/ubna_data_01_mir/recover-20220825/UBNA_002/20220823_033000.WAV,Telephone Field,recover-20220825,002,1795
1394.8705,1394.9109,68437,82344,Rhinolophus ferrumequinum,0.025,0.025,-1,Echolocation,/mnt/ubna_data_01_mir/recover-20220825/UBNA_002/20220823_033000.WAV,Telephone Field,recover-20220825,002,1795
1394.9005,1394.9408,68437,82391,Rhinolophus ferrumequinum,0.021,0.021,-1,Echolocation,/mnt/ubna_data_01_mir/recover-20220825/UBNA_002/20220823_033000.WAV,Telephone Field,recover-20220825,002,1795
1394.9155,1394.9215,26328,45885,Myotis nattereri,0.006,0.024,-1,Echolocation,/mnt/ubna_data_01_mir/recover-20220825/UBNA_002/20220823_033000.WAV,Telephone Field,recover-20220825,002,1795
1394.9275,1394.9349,28906,37624,Eptesicus serotinus,0.007,0.024,-1,Echolocation,/mnt/ubna_data_01_mir/recover-20220825/UBNA_002/20220823_033000.WAV,Telephone Field,recover-20220825,002,1795
1394.9275,1394.9381,22890,28230,Nyctalus leisleri,0.012,0.026,-1,Echolocation,/mnt/ubna_data_01_mir/recover-20220825/UBNA_002/20220823_033000.WAV,Telephone Field,recover-20220825,002,1795
1394.9445,1394.9799,68437,81299,Rhinolophus ferrumequinum,0.023,0.023,-1,Echolocation,/mnt/ubna_data_01_mir/recover-20220825/UBNA_002/20220823_033000.WAV,Telephone Field,recover-20220825,002,1795
1394.9635,1394.9719,48671,54561,Pipistrellus pipistrellus,0.024,0.027,-1,Echolocation,/mnt/ubna_data_01_mir/recover-20220825/UBNA_002/20220823_033000.WAV,Telephone Field,recover-20220825,002,1795
1394.9815,1395.0174,68437,81623,Rhinolophus ferrumequinum,0.022,0.022,-1,Echolocation,/mnt/ubna_data_01_mir/recover-20220825/UBNA_002/20220823_033000.WAV,Telephone Field,recover-20220825,002,1795
1394.9905,1395.0006,23750,30574,Nyctalus leisleri,0.007,0.021,-1,Echolocation,/mnt/ubna_data_01_mir/recover-20220825/UBNA_002/20220823_033000.WAV,Telephone Field,recover-20220825,002,1795
1394.9915,1395.0316,68437,81579,Rhinolophus ferrumequinum,0.024,0.024,-1,Echolocation,/mnt/ubna_data_01_mir/recover-20220825/UBNA_002/20220823_033000.WAV,Telephone Field,recover-20220825,002,1795
1395.0085,1395.0476,68437,82528,Rhinolophus ferrumequinum,0.022,0.022,-1,Echolocation,/mnt/ubna_data_01_mir/recover-20220825/UBNA_002/20220823_033000.WAV,Telephone Field,recover-20220825,002,1795
1395.0135,1395.0541,68437,82525,Rhinolophus ferrumequinum,0.022,0.022,-1,Echolocation,/mnt/ubna_data_01_mir/recover-20220825/UBNA_002/20220823_033000.WAV,Telephone Field,recover-20220825,002,1795
1395.0355,1395.0455,28046,36967,Eptesicus serotinus,0.011,0.025,-1,Echolocation,/mnt/ubna_data_01_mir/recover-20220825/UBNA_002/20220823_033000.WAV,Telephone Field,recover-20220825,002,1795
1395.0415,1395.0536,15156,20954,Nyctalus noctula,0.041,0.057,-1,Echolocation,/mnt/ubna_data_01_mir/recover-20220825/UBNA_002/20220823_033000.WAV,Telephone Field,recover-20220825,002,1795
1395.0495,1395.0581,28046,38766,Eptesicus serotinus,0.008,0.021,-1,Echolocation,/mnt/ubna_data_01_mir/recover-20220825/UBNA_002/20220823_033000.WAV,Telephone Field,recover-20220825,002,1795
1395.0505,1395.0863,68437,81732,Rhinolophus ferrumequinum,0.022,0.022,-1,Echolocation,/mnt/ubna_data_01_mir/recover-20220825/UBNA_002/20220823_033000.WAV,Telephone Field,recover-20220825,002,1795
1395.0625,1395.1019000000001,68437,82291,Rhinolophus ferrumequinum,0.026,0.026,-1,Echolocation,/mnt/ubna_data_01_mir/recover-20220825/UBNA_002/20220823_033000.WAV,Telephone Field,recover-20220825,002,1795
1395.1235,1395.1324,49531,53098,Pipistrellus pipistrellus,0.026,0.029,-1,Echolocation,/mnt/ubna_data_01_mir/recover-20220825/UBNA_002/20220823_033000.WAV,Telephone Field,recover-20220825,002,1795
1395.1335,1395.1717,68437,81921,Rhinolophus ferrumequinum,0.022,0.022,-1,Echolocation,/mnt/ubna_data_01_mir/recover-20220825/UBNA_002/20220823_033000.WAV,Telephone Field,recover-20220825,002,1795
1395.1865,1395.2245,68437,82331,Rhinolophus ferrumequinum,0.022,0.022,-1,Echolocation,/mnt/ubna_data_01_mir/recover-20220825/UBNA_002/20220823_033000.WAV,Telephone Field,recover-20220825,002,1795
1395.2215,1395.2622,68437,83061,Rhinolophus ferrumequinum,0.03,0.03,-1,Echolocation,/mnt/ubna_data_01_mir/recover-20220825/UBNA_002/20220823_033000.WAV,Telephone Field,recover-20220825,002,1795
1395.2295,1395.2689,68437,82491,Rhinolophus ferrumequinum,0.022,0.022,-1,Echolocation,/mnt/ubna_data_01_mir/recover-20220825/UBNA_002/20220823_033000.WAV,Telephone Field,recover-20220825,002,1795
1395.2365,1395.2456,34062,40328,Barbastellus barbastellus,0.017,0.037,-1,Echolocation,/mnt/ubna_data_01_mir/recover-20220825/UBNA_002/20220823_033000.WAV,Telephone Field,recover-20220825,002,1795
1395.2465,1395.254,26328,37911,Eptesicus serotinus,0.006,0.022,-1,Echolocation,/mnt/ubna_data_01_mir/recover-20220825/UBNA_002/20220823_033000.WAV,Telephone Field,recover-20220825,002,1795
1395.2725,1395.3108,68437,81742,Rhinolophus ferrumequinum,0.022,0.022,-1,Echolocation,/mnt/ubna_data_01_mir/recover-20220825/UBNA_002/20220823_033000.WAV,Telephone Field,recover-20220825,002,1795
1395.2845,1395.295,23750,29764,Nyctalus leisleri,0.011,0.03,-1,Echolocation,/mnt/ubna_data_01_mir/recover-20220825/UBNA_002/20220823_033000.WAV,Telephone Field,recover-20220825,002,1795
1395.3105,1395.3484,68437,81763,Rhinolophus ferrumequinum,0.024,0.024,-1,Echolocation,/mnt/ubna_data_01_mir/recover-20220825/UBNA_002/20220823_033000.WAV,Telephone Field,recover-20220825,002,1795
1395.3295,1395.3395,24609,31602,Nyctalus leisleri,0.007,0.021,-1,Echolocation,/mnt/ubna_data_01_mir/recover-20220825/UBNA_002/20220823_033000.WAV,Telephone Field,recover-20220825,002,1795
1395.3325,1395.3422,28906,36112,Eptesicus serotinus,0.008,0.023,-1,Echolocation,/mnt/ubna_data_01_mir/recover-20220825/UBNA_002/20220823_033000.WAV,Telephone Field,recover-20220825,002,1795
1395.3605,1395.3671,27187,39870,Eptesicus serotinus,0.005,0.021,-1,Echolocation,/mnt/ubna_data_01_mir/recover-20220825/UBNA_002/20220823_033000.WAV,Telephone Field,recover-20220825,002,1795
1395.3645,1395.3718,51250,56837,Pipistrellus pipistrellus,0.018,0.022,-1,Echolocation,/mnt/ubna_data_01_mir/recover-20220825/UBNA_002/20220823_033000.WAV,Telephone Field,recover-20220825,002,1795
1395.3645,1395.4021,68437,81816,Rhinolophus ferrumequinum,0.022,0.022,-1,Echolocation,/mnt/ubna_data_01_mir/recover-20220825/UBNA_002/20220823_033000.WAV,Telephone Field,recover-20220825,002,1795
1395.3715,1395.4079,68437,81624,Rhinolophus ferrumequinum,0.022,0.022,-1,Echolocation,/mnt/ubna_data_01_mir/recover-20220825/UBNA_002/20220823_033000.WAV,Telephone Field,recover-20220825,002,1795
1395.3935,1395.4323,68437,82539,Rhinolophus ferrumequinum,0.021,0.021,-1,Echolocation,/mnt/ubna_data_01_mir/recover-20220825/UBNA_002/20220823_033000.WAV,Telephone Field,recover-20220825,002,1795
1395.4105,1395.4504,68437,82439,Rhinolophus ferrumequinum,0.033,0.033,-1,Echolocation,/mnt/ubna_data_01_mir/recover-20220825/UBNA_002/20220823_033000.WAV,Telephone Field,recover-20220825,002,1795
1395.4155,1395.4576,68437,82784,Rhinolophus ferrumequinum,0.034,0.034,-1,Echolocation,/mnt/ubna_data_01_mir/recover-20220825/UBNA_002/20220823_033000.WAV,Telephone Field,recover-20220825,002,1795
1395.4405,1395.4747,68437,81093,Rhinolophus ferrumequinum,0.022,0.022,-1,Echolocation,/mnt/ubna_data_01_mir/recover-20220825/UBNA_002/20220823_033000.WAV,Telephone Field,recover-20220825,002,1795
1395.4585,1395.4917,69296,81652,Rhinolophus ferrumequinum,0.023,0.023,-1,Echolocation,/mnt/ubna_data_01_mir/recover-20220825/UBNA_002/20220823_033000.WAV,Telephone Field,recover-20220825,002,1795
1395.4795,1395.5178,68437,81947,Rhinolophus ferrumequinum,0.021,0.021,-1,Echolocation,/mnt/ubna_data_01_mir/recover-20220825/UBNA_002/20220823_033000.WAV,Telephone Field,recover-20220825,002,1795
1395.4975,1395.5344,68437,81904,Rhinolophus ferrumequinum,0.023,0.024,-1,Echolocation,/mnt/ubna_data_01_mir/recover-20220825/UBNA_002/20220823_033000.WAV,Telephone Field,recover-20220825,002,1795
1395.5125,1395.5559,68437,82996,Rhinolophus ferrumequinum,0.029,0.029,-1,Echolocation,/mnt/ubna_data_01_mir/recover-20220825/UBNA_002/20220823_033000.WAV,Telephone Field,recover-20220825,002,1795
1395.5665,1395.6054,68437,82549,Rhinolophus ferrumequinum,0.023,0.023,-1,Echolocation,/mnt/ubna_data_01_mir/recover-20220825/UBNA_002/20220823_033000.WAV,Telephone Field,recover-20220825,002,1795
1395.6005,1395.6384,68437,82196,Rhinolophus ferrumequinum,0.021,0.021,-1,Echolocation,/mnt/ubna_data_01_mir/recover-20220825/UBNA_002/20220823_033000.WAV,Telephone Field,recover-20220825,002,1795
1395.6225,1395.6593,68437,81879,Rhinolophus ferrumequinum,0.021,0.021,-1,Echolocation,/mnt/ubna_data_01_mir/recover-20220825/UBNA_002/20220823_033000.WAV,Telephone Field,recover-20220825,002,1795
1395.6545,1395.6927,68437,81653,Rhinolophus ferrumequinum,0.024,0.024,-1,Echolocation,/mnt/ubna_data_01_mir/recover-20220825/UBNA_002/20220823_033000.WAV,Telephone Field,recover-20220825,002,1795
1395.7105,1395.7209,51250,56401,Pipistrellus pipistrellus,0.016,0.024,-1,Echolocation,/mnt/ubna_data_01_mir/recover-20220825/UBNA_002/20220823_033000.WAV,Telephone Field,recover-20220825,002,1795
1395.7155,1395.7228,27187,39363,Eptesicus serotinus,0.006,0.022,-1,Echolocation,/mnt/ubna_data_01_mir/recover-20220825/UBNA_002/20220823_033000.WAV,Telephone Field,recover-20220825,002,1795
1395.7225,1395.7605,68437,82025,Rhinolophus ferrumequinum,0.021,0.021,-1,Echolocation,/mnt/ubna_data_01_mir/recover-20220825/UBNA_002/20220823_033000.WAV,Telephone Field,recover-20220825,002,1795
1395.7635,1395.8044,68437,82414,Rhinolophus ferrumequinum,0.031,0.031,-1,Echolocation,/mnt/ubna_data_01_mir/recover-20220825/UBNA_002/20220823_033000.WAV,Telephone Field,recover-20220825,002,1795
1395.7755,1395.8161,68437,82665,Rhinolophus ferrumequinum,0.036,0.036,-1,Echolocation,/mnt/ubna_data_01_mir/recover-20220825/UBNA_002/20220823_033000.WAV,Telephone Field,recover-20220825,002,1795
1395.8085,1395.8154,27187,38357,Eptesicus serotinus,0.006,0.024,-1,Echolocation,/mnt/ubna_data_01_mir/recover-20220825/UBNA_002/20220823_033000.WAV,Telephone Field,recover-20220825,002,1795
1395.8155,1395.8539,68437,82209,Rhinolophus ferrumequinum,0.023,0.023,-1,Echolocation,/mnt/ubna_data_01_mir/recover-20220825/UBNA_002/20220823_033000.WAV,Telephone Field,recover-20220825,002,1795
1395.8235,1395.8313,28046,40303,Eptesicus serotinus,0.007,0.022,-1,Echolocation,/mnt/ubna_data_01_mir/recover-20220825/UBNA_002/20220823_033000.WAV,Telephone Field,recover-20220825,002,1795
1395.8395,1395.8767,68437,82224,Rhinolophus ferrumequinum,0.025,0.025,-1,Echolocation,/mnt/ubna_data_01_mir/recover-20220825/UBNA_002/20220823_033000.WAV,Telephone Field,recover-20220825,002,1795
1395.8595,1395.9011,68437,83095,Rhinolophus ferrumequinum,0.03,0.03,-1,Echolocation,/mnt/ubna_data_01_mir/recover-20220825/UBNA_002/20220823_033000.WAV,Telephone Field,recover-20220825,002,1795
1395.8835,1395.8937,28906,36616,Eptesicus serotinus,0.01,0.023,-1,Echolocation,/mnt/ubna_data_01_mir/recover-20220825/UBNA_002/20220823_033000.WAV,Telephone Field,recover-20220825,002,1795
1395.8865,1395.9273,68437,82226,Rhinolophus ferrumequinum,0.023,0.023,-1,Echolocation,/mnt/ubna_data_01_mir/recover-20220825/UBNA_002/20220823_033000.WAV,Telephone Field,recover-20220825,002,1795
1395.9055,1395.9421,68437,82504,Rhinolophus ferrumequinum,0.022,0.022,-1,Echolocation,/mnt/ubna_data_01_mir/recover-20220825/UBNA_002/20220823_033000.WAV,Telephone Field,recover-20220825,002,1795
1395.9275,1395.936,26328,35378,Eptesicus serotinus,0.017,0.035,-1,Echolocation,/mnt/ubna_data_01_mir/recover-20220825/UBNA_002/20220823_033000.WAV,Telephone Field,recover-20220825,002,1795
1395.9355,1395.9448,28046,35790,Eptesicus serotinus,0.01,0.021,-1,Echolocation,/mnt/ubna_data_01_mir/recover-20220825/UBNA_002/20220823_033000.WAV,Telephone Field,recover-20220825,002,1795
1395.9445,1395.9831,68437,81628,Rhinolophus ferrumequinum,0.023,0.023,-1,Echolocation,/mnt/ubna_data_01_mir/recover-20220825/UBNA_002/20220823_033000.WAV,Telephone Field,recover-20220825,002,1795
1395.9635,1395.9985,68437,81827,Rhinolophus ferrumequinum,0.024,0.024,-1,Echolocation,/mnt/ubna_data_01_mir/recover-20220825/UBNA_002/20220823_033000.WAV,Telephone Field,recover-20220825,002,1795
1396.0015,1396.0103,22031,27909,Nyctalus leisleri,0.01,0.028,-1,Echolocation,/mnt/ubna_data_01_mir/recover-20220825/UBNA_002/20220823_033000.WAV,Telephone Field,recover-20220825,002,1795
1396.0015,1396.0341,68437,79777,Rhinolophus ferrumequinum,0.022,0.022,-1,Echolocation,/mnt/ubna_data_01_mir/recover-20220825/UBNA_002/20220823_033000.WAV,Telephone Field,recover-20220825,002,1795
1396.0145,1396.0562,68437,82436,Rhinolophus ferrumequinum,0.021,0.021,-1,Echolocation,/mnt/ubna_data_01_mir/recover-20220825/UBNA_002/20220823_033000.WAV,Telephone Field,recover-20220825,002,1795
1396.0465,1396.0563,24609,33387,Nyctalus leisleri,0.007,0.026,-1,Echolocation,/mnt/ubna_data_01_mir/recover-20220825/UBNA_002/20220823_033000.WAV,Telephone Field,recover-20220825,002,1795
1396.0505,1396.0912,68437,82657,Rhinolophus ferrumequinum,0.028,0.028,-1,Echolocation,/mnt/ubna_data_01_mir/recover-20220825/UBNA_002/20220823_033000.WAV,Telephone Field,recover-20220825,002,1795
1396.0685,1396.0785,23750,30862,Nyctalus leisleri,0.008,0.022,-1,Echolocation,/mnt/ubna_data_01_mir/recover-20220825/UBNA_002/20220823_033000.WAV,Telephone Field,recover-20220825,002,1795
1396.1155,1396.1277,34062,39805,Eptesicus serotinus,0.006,0.021,-1,Echolocation,/mnt/ubna_data_01_mir/recover-20220825/UBNA_002/20220823_033000.WAV,Telephone Field,recover-20220825,002,1795
1396.1435,1396.1854,68437,82633,Rhinolophus ferrumequinum,0.03,0.03,-1,Echolocation,/mnt/ubna_data_01_mir/recover-20220825/UBNA_002/20220823_033000.WAV,Telephone Field,recover-20220825,002,1795
1396.1565,1396.1645,23750,31628,Plecotus austriacus,0.008,0.021,-1,Echolocation,/mnt/ubna_data_01_mir/recover-20220825/UBNA_002/20220823_033000.WAV,Telephone Field,recover-20220825,002,1795
1396.1875,1396.2239,68437,81212,Rhinolophus ferrumequinum,0.021,0.021,-1,Echolocation,/mnt/ubna_data_01_mir/recover-20220825/UBNA_002/20220823_033000.WAV,Telephone Field,recover-20220825,002,1795
1396.1975,1396.2116,51250,55425,Pipistrellus pipistrellus,0.051,0.062,-1,Echolocation,/mnt/ubna_data_01_mir/recover-20220825/UBNA_002/20220823_033000.WAV,Telephone Field,recover-20220825,002,1795
1396.2015,1396.2405,68437,82035,Rhinolophus ferrumequinum,0.024,0.024,-1,Echolocation,/mnt/ubna_data_01_mir/recover-20220825/UBNA_002/20220823_033000.WAV,Telephone Field,recover-20220825,002,1795
1396.2215,1396.2591,68437,81079,Rhinolophus ferrumequinum,0.022,0.022,-1,Echolocation,/mnt/ubna_data_01_mir/recover-20220825/UBNA_002/20220823_033000.WAV,Telephone Field,recover-20220825,002,1795
1396.2235,1396.2326,26328,34697,Eptesicus serotinus,0.018,0.045,-1,Echolocation,/mnt/ubna_data_01_mir/recover-20220825/UBNA_002/20220823_033000.WAV,Telephone Field,recover-20220825,002,1795
1396.2975,1396.3404,68437,82921,Rhinolophus ferrumequinum,0.03,0.03,-1,Echolocation,/mnt/ubna_data_01_mir/recover-20220825/UBNA_002/20220823_033000.WAV,Telephone Field,recover-20220825,002,1795
1396.3085,1396.3152,28046,37153,Eptesicus serotinus,0.006,0.023,-1,Echolocation,/mnt/ubna_data_01_mir/recover-20220825/UBNA_002/20220823_033000.WAV,Telephone Field,recover-20220825,002,1795
1396.3325,1396.372,68437,82276,Rhinolophus ferrumequinum,0.025,0.025,-1,Echolocation,/mnt/ubna_data_01_mir/recover-20220825/UBNA_002/20220823_033000.WAV,Telephone Field,recover-20220825,002,1795
1396.3965,1396.403,27187,41442,Eptesicus serotinus,0.005,0.022,-1,Echolocation,/mnt/ubna_data_01_mir/recover-20220825/UBNA_002/20220823_033000.WAV,Telephone Field,recover-20220825,002,1795
1396.4225,1396.4633,68437,82650,Rhinolophus ferrumequinum,0.022,0.022,-1,Echolocation,/mnt/ubna_data_01_mir/recover-20220825/UBNA_002/20220823_033000.WAV,Telephone Field,recover-20220825,002,1795
1396.4495,1396.4587,28046,36541,Eptesicus serotinus,0.011,0.027,-1,Echolocation,/mnt/ubna_data_01_mir/recover-20220825/UBNA_002/20220823_033000.WAV,Telephone Field,recover-20220825,002,1795
1396.5265,1396.5645,68437,81800,Rhinolophus ferrumequinum,0.024,0.024,-1,Echolocation,/mnt/ubna_data_01_mir/recover-20220825/UBNA_002/20220823_033000.WAV,Telephone Field,recover-20220825,002,1795
1396.5535,1396.564,40937,46795,Pipistrellus nathusii,0.019,0.032,-1,Echolocation,/mnt/ubna_data_01_mir/recover-20220825/UBNA_002/20220823_033000.WAV,Telephone Field,recover-20220825,002,1795
1396.5555,1396.5639,47812,52040,Pipistrellus pipistrellus,0.021,0.024,-1,Echolocation,/mnt/ubna_data_01_mir/recover-20220825/UBNA_002/20220823_033000.WAV,Telephone Field,recover-20220825,002,1795
1396.5675,1396.5761,28046,39763,Eptesicus serotinus,0.008,0.022,-1,Echolocation,/mnt/ubna_data_01_mir/recover-20220825/UBNA_002/20220823_033000.WAV,Telephone Field,recover-20220825,002,1795
1396.5885,1396.596,24609,35391,Plecotus austriacus,0.011,0.029,-1,Echolocation,/mnt/ubna_data_01_mir/recover-20220825/UBNA_002/20220823_033000.WAV,Telephone Field,recover-20220825,002,1795
1396.6095,1396.6474,68437,81544,Rhinolophus ferrumequinum,0.026,0.026,-1,Echolocation,/mnt/ubna_data_01_mir/recover-20220825/UBNA_002/20220823_033000.WAV,Telephone Field,recover-20220825,002,1795
1396.6315,1396.6397,28906,38849,Eptesicus serotinus,0.008,0.025,-1,Echolocation,/mnt/ubna_data_01_mir/recover-20220825/UBNA_002/20220823_033000.WAV,Telephone Field,recover-20220825,002,1795
1396.6355,1396.6743,68437,82151,Rhinolophus ferrumequinum,0.022,0.022,-1,Echolocation,/mnt/ubna_data_01_mir/recover-20220825/UBNA_002/20220823_033000.WAV,Telephone Field,recover-20220825,002,1795
1396.6885,1396.7003,24609,31176,Nyctalus leisleri,0.012,0.031,-1,Echolocation,/mnt/ubna_data_01_mir/recover-20220825/UBNA_002/20220823_033000.WAV,Telephone Field,recover-20220825,002,1795
1396.7115,1396.7495,68437,82212,Rhinolophus ferrumequinum,0.023,0.023,-1,Echolocation,/mnt/ubna_data_01_mir/recover-20220825/UBNA_002/20220823_033000.WAV,Telephone Field,recover-20220825,002,1795
1396.7315,1396.7394,28046,40360,Eptesicus serotinus,0.007,0.022,-1,Echolocation,/mnt/ubna_data_01_mir/recover-20220825/UBNA_002/20220823_033000.WAV,Telephone Field,recover-20220825,002,1795
1396.7535,1396.7916,68437,81834,Rhinolophus ferrumequinum,0.023,0.023,-1,Echolocation,/mnt/ubna_data_01_mir/recover-20220825/UBNA_002/20220823_033000.WAV,Telephone Field,recover-20220825,002,1795
1396.7775,1396.786,26328,36921,Eptesicus serotinus,0.007,0.022,-1,Echolocation,/mnt/ubna_data_01_mir/recover-20220825/UBNA_002/20220823_033000.WAV,Telephone Field,recover-20220825,002,1795
1396.7955,1396.8008,40078,56747,Myotis mystacinus,0.006,0.022,-1,Echolocation,/mnt/ubna_data_01_mir/recover-20220825/UBNA_002/20220823_033000.WAV,Telephone Field,recover-20220825,002,1795
1396.7985,1396.8365,68437,82521,Rhinolophus ferrumequinum,0.025,0.025,-1,Echolocation,/mnt/ubna_data_01_mir/recover-20220825/UBNA_002/20220823_033000.WAV,Telephone Field,recover-20220825,002,1795
1396.8265,1396.8694,68437,82970,Rhinolophus ferrumequinum,0.031,0.031,-1,Echolocation,/mnt/ubna_data_01_mir/recover-20220825/UBNA_002/20220823_033000.WAV,Telephone Field,recover-20220825,002,1795
1396.8565,1396.893,68437,81130,Rhinolophus ferrumequinum,0.025,0.025,-1,Echolocation,/mnt/ubna_data_01_mir/recover-20220825/UBNA_002/20220823_033000.WAV,Telephone Field,recover-20220825,002,1795
1396.9025,1396.9106,45234,51519,Pipistrellus pipistrellus,0.03,0.033,-1,Echolocation,/mnt/ubna_data_01_mir/recover-20220825/UBNA_002/20220823_033000.WAV,Telephone Field,recover-20220825,002,1795
1396.9115,1396.9216,44375,49095,Pipistrellus pipistrellus,0.02,0.024,-1,Echolocation,/mnt/ubna_data_01_mir/recover-20220825/UBNA_002/20220823_033000.WAV,Telephone Field,recover-20220825,002,1795
1396.9305,1396.9694,68437,82168,Rhinolophus ferrumequinum,0.023,0.023,-1,Echolocation,/mnt/ubna_data_01_mir/recover-20220825/UBNA_002/20220823_033000.WAV,Telephone Field,recover-20220825,002,1795
1396.9535,1396.9941,68437,82506,Rhinolophus ferrumequinum,0.028,0.028,-1,Echolocation,/mnt/ubna_data_01_mir/recover-20220825/UBNA_002/20220823_033000.WAV,Telephone Field,recover-20220825,002,1795
1396.9565,1396.9645,26328,37255,Eptesicus serotinus,0.008,0.029,-1,Echolocation,/mnt/ubna_data_01_mir/recover-20220825/UBNA_002/20220823_033000.WAV,Telephone Field,recover-20220825,002,1795
1397.0155,1397.0522,68437,81871,Rhinolophus ferrumequinum,0.022,0.022,-1,Echolocation,/mnt/ubna_data_01_mir/recover-20220825/UBNA_002/20220823_033000.WAV,Telephone Field,recover-20220825,002,1795
1397.0315,1397.0708,68437,82194,Rhinolophus ferrumequinum,0.022,0.022,-1,Echolocation,/mnt/ubna_data_01_mir/recover-20220825/UBNA_002/20220823_033000.WAV,Telephone Field,recover-20220825,002,1795
1397.0475,1397.0548,27187,39051,Eptesicus serotinus,0.007,0.028,-1,Echolocation,/mnt/ubna_data_01_mir/recover-20220825/UBNA_002/20220823_033000.WAV,Telephone Field,recover-20220825,002,1795
1397.0725,1397.0817,46093,50515,Pipistrellus pipistrellus,0.028,0.029,-1,Echolocation,/mnt/ubna_data_01_mir/recover-20220825/UBNA_002/20220823_033000.WAV,Telephone Field,recover-20220825,002,1795
1397.0795,1397.1195,68437,82475,Rhinolophus ferrumequinum,0.021,0.021,-1,Echolocation,/mnt/ubna_data_01_mir/recover-20220825/UBNA_002/20220823_033000.WAV,Telephone Field,recover-20220825,002,1795
1397.0905,1397.1011,22890,27286,Nyctalus leisleri,0.012,0.023,-1,Echolocation,/mnt/ubna_data_01_mir/recover-20220825/UBNA_002/20220823_033000.WAV,Telephone Field,recover-20220825,002,1795
1397.1085,1397.147,68437,82750,Rhinolophus ferrumequinum,0.022,0.022,-1,Echolocation,/mnt/ubna_data_01_mir/recover-20220825/UBNA_002/20220823_033000.WAV,Telephone Field,recover-20220825,002,1795
1397.1115,1397.1181,28046,39929,Eptesicus serotinus,0.014,0.047,-1,Echolocation,/mnt/ubna_data_01_mir/recover-20220825/UBNA_002/20220823_033000.WAV,Telephone Field,recover-20220825,002,1795
1397.1405,1397.1748,68437,81074,Rhinolophus ferrumequinum,0.022,0.022,-1,Echolocation,/mnt/ubna_data_01_mir/recover-20220825/UBNA_002/20220823_033000.WAV,Telephone Field,recover-20220825,002,1795
1397.1505,1397.157,26328,41827,Eptesicus serotinus,0.005,0.024,-1,Echolocation,/mnt/ubna_data_01_mir/recover-20220825/UBNA_002/20220823_033000.WAV,Telephone Field,recover-20220825,002,1795
1397.1655,1397.2082,68437,83202,Rhinolophus ferrumequinum,0.034,0.034,-1,Echolocation,/mnt/ubna_data_01_mir/recover-20220825/UBNA_002/20220823_033000.WAV,Telephone Field,recover-20220825,002,1795
1397.1675,1397.1771,25468,33591,Eptesicus serotinus,0.014,0.033,-1,Echolocation,/mnt/ubna_data_01_mir/recover-20220825/UBNA_002/20220823_033000.WAV,Telephone Field,recover-20220825,002,1795
1397.2055,1397.2143,25468,33334,Eptesicus serotinus,0.011,0.031,-1,Echolocation,/mnt/ubna_data_01_mir/recover-20220825/UBNA_002/20220823_033000.WAV,Telephone Field,recover-20220825,002,1795
1397.2435,1397.2824,68437,82354,Rhinolophus ferrumequinum,0.022,0.022,-1,Echolocation,/mnt/ubna_data_01_mir/recover-20220825/UBNA_002/20220823_033000.WAV,Telephone Field,recover-20220825,002,1795
1397.2955,1397.3053,24609,33147,Eptesicus serotinus,0.008,0.024,-1,Echolocation,/mnt/ubna_data_01_mir/recover-20220825/UBNA_002/20220823_033000.WAV,Telephone Field,recover-20220825,002,1795
1397.3165,1397.3283,40078,45252,Pipistrellus nathusii,0.008,0.024,-1,Echolocation,/mnt/ubna_data_01_mir/recover-20220825/UBNA_002/20220823_033000.WAV,Telephone Field,recover-20220825,002,1795
1397.3375,1397.3449,28046,39645,Eptesicus serotinus,0.007,0.025,-1,Echolocation,/mnt/ubna_data_01_mir/recover-20220825/UBNA_002/20220823_033000.WAV,Telephone Field,recover-20220825,002,1795
1397.3465,1397.3868,68437,82126,Rhinolophus ferrumequinum,0.022,0.022,-1,Echolocation,/mnt/ubna_data_01_mir/recover-20220825/UBNA_002/20220823_033000.WAV,Telephone Field,recover-20220825,002,1795
1397.3495,1397.3573,28046,37434,Eptesicus serotinus,0.008,0.026,-1,Echolocation,/mnt/ubna_data_01_mir/recover-20220825/UBNA_002/20220823_033000.WAV,Telephone Field,recover-20220825,002,1795
1397.3595,1397.3665,28046,39791,Eptesicus serotinus,0.006,0.023,-1,Echolocation,/mnt/ubna_data_01_mir/recover-20220825/UBNA_002/20220823_033000.WAV,Telephone Field,recover-20220825,002,1795
1397.3755,1397.4154,68437,81947,Rhinolophus ferrumequinum,0.025,0.025,-1,Echolocation,/mnt/ubna_data_01_mir/recover-20220825/UBNA_002/20220823_033000.WAV,Telephone Field,recover-20220825,002,1795
1397.3955,1397.4058,22031,27029,Nyctalus leisleri,0.01,0.023,-1,Echolocation,/mnt/ubna_data_01_mir/recover-20220825/UBNA_002/20220823_033000.WAV,Telephone Field,recover-20220825,002,1795
1397.3995,1397.4386,68437,82657,Rhinolophus ferrumequinum,0.022,0.022,-1,Echolocation,/mnt/ubna_data_01_mir/recover-20220825/UBNA_002/20220823_033000.WAV,Telephone Field,recover-20220825,002,1795
1397.4395,1397.4783,68437,82424,Rhinolophus ferrumequinum,0.022,0.022,-1,Echolocation,/mnt/ubna_data_01_mir/recover-20220825/UBNA_002/20220823_033000.WAV,Telephone Field,recover-20220825,002,1795
1397.4485,1397.4884,68437,82299,Rhinolophus ferrumequinum,0.022,0.022,-1,Echolocation,/mnt/ubna_data_01_mir/recover-20220825/UBNA_002/20220823_033000.WAV,Telephone Field,recover-20220825,002,1795
1397.4705,1397.5087,68437,82245,Rhinolophus ferrumequinum,0.022,0.022,-1,Echolocation,/mnt/ubna_data_01_mir/recover-20220825/UBNA_002/20220823_033000.WAV,Telephone Field,recover-20220825,002,1795
1397.4825,1397.5247,68437,83109,Rhinolophus ferrumequinum,0.026,0.026,-1,Echolocation,/mnt/ubna_data_01_mir/recover-20220825/UBNA_002/20220823_033000.WAV,Telephone Field,recover-20220825,002,1795
1397.4945,1397.5331,68437,82601,Rhinolophus ferrumequinum,0.025,0.025,-1,Echolocation,/mnt/ubna_data_01_mir/recover-20220825/UBNA_002/20220823_033000.WAV,Telephone Field,recover-20220825,002,1795
1397.4985,1397.514,41796,46019,Pipistrellus nathusii,0.038,0.065,-1,Echolocation,/mnt/ubna_data_01_mir/recover-20220825/UBNA_002/20220823_033000.WAV,Telephone Field,recover-20220825,002,1795
1397.5145,1397.5217,26328,37310,Eptesicus serotinus,0.006,0.022,-1,Echolocation,/mnt/ubna_data_01_mir/recover-20220825/UBNA_002/20220823_033000.WAV,Telephone Field,recover-20220825,002,1795
1397.5225,1397.53,51250,57747,Pipistrellus pipistrellus,0.021,0.026,-1,Echolocation,/mnt/ubna_data_01_mir/recover-20220825/UBNA_002/20220823_033000.WAV,Telephone Field,recover-20220825,002,1795
1397.5245,1397.5336,28046,36817,Eptesicus serotinus,0.01,0.027,-1,Echolocation,/mnt/ubna_data_01_mir/recover-20220825/UBNA_002/20220823_033000.WAV,Telephone Field,recover-20220825,002,1795
1397.5495,1397.5921,68437,83246,Rhinolophus ferrumequinum,0.024,0.024,-1,Echolocation,/mnt/ubna_data_01_mir/recover-20220825/UBNA_002/20220823_033000.WAV,Telephone Field,recover-20220825,002,1795
1397.5755,1397.6161,68437,82562,Rhinolophus ferrumequinum,0.035,0.035,-1,Echolocation,/mnt/ubna_data_01_mir/recover-20220825/UBNA_002/20220823_033000.WAV,Telephone Field,recover-20220825,002,1795
1397.6135,1397.654,68437,82708,Rhinolophus ferrumequinum,0.023,0.023,-1,Echolocation,/mnt/ubna_data_01_mir/recover-20220825/UBNA_002/20220823_033000.WAV,Telephone Field,recover-20220825,002,1795
1397.6325,1397.6401,27187,38701,Eptesicus serotinus,0.006,0.022,-1,Echolocation,/mnt/ubna_data_01_mir/recover-20220825/UBNA_002/20220823_033000.WAV,Telephone Field,recover-20220825,002,1795
1397.6515,1397.6912,68437,82238,Rhinolophus ferrumequinum,0.03,0.03,-1,Echolocation,/mnt/ubna_data_01_mir/recover-20220825/UBNA_002/20220823_033000.WAV,Telephone Field,recover-20220825,002,1795
1397.6745,1397.6854,27187,34843,Eptesicus serotinus,0.013,0.03,-1,Echolocation,/mnt/ubna_data_01_mir/recover-20220825/UBNA_002/20220823_033000.WAV,Telephone Field,recover-20220825,002,1795
1397.6855,1397.6906,34921,58031,Myotis brandtii,0.008,0.022,-1,Echolocation,/mnt/ubna_data_01_mir/recover-20220825/UBNA_002/20220823_033000.WAV,Telephone Field,recover-20220825,002,1795
1397.7135,1397.7244,23750,29662,Nyctalus leisleri,0.009,0.022,-1,Echolocation,/mnt/ubna_data_01_mir/recover-20220825/UBNA_002/20220823_033000.WAV,Telephone Field,recover-20220825,002,1795
1397.7135,1397.7537,68437,82653,Rhinolophus ferrumequinum,0.029,0.029,-1,Echolocation,/mnt/ubna_data_01_mir/recover-20220825/UBNA_002/20220823_033000.WAV,Telephone Field,recover-20220825,002,1795
1397.7375,1397.7478,22890,29661,Nyctalus leisleri,0.008,0.024,-1,Echolocation,/mnt/ubna_data_01_mir/recover-20220825/UBNA_002/20220823_033000.WAV,Telephone Field,recover-20220825,002,1795
1397.7565,1397.7929,68437,82436,Rhinolophus ferrumequinum,0.023,0.023,-1,Echolocation,/mnt/ubna_data_01_mir/recover-20220825/UBNA_002/20220823_033000.WAV,Telephone Field,recover-20220825,002,1795
1397.7925,1397.7993,27187,41186,Eptesicus serotinus,0.009,0.03,-1,Echolocation,/mnt/ubna_data_01_mir/recover-20220825/UBNA_002/20220823_033000.WAV,Telephone Field,recover-20220825,002,1795
1397.8185,1397.8573,68437,82081,Rhinolophus ferrumequinum,0.023,0.023,-1,Echolocation,/mnt/ubna_data_01_mir/recover-20220825/UBNA_002/20220823_033000.WAV,Telephone Field,recover-20220825,002,1795
1397.8245,1397.831,24609,38015,Plecotus austriacus,0.008,0.026,-1,Echolocation,/mnt/ubna_data_01_mir/recover-20220825/UBNA_002/20220823_033000.WAV,Telephone Field,recover-20220825,002,1795
1397.8245,1397.8631,68437,81786,Rhinolophus ferrumequinum,0.023,0.023,-1,Echolocation,/mnt/ubna_data_01_mir/recover-20220825/UBNA_002/20220823_033000.WAV,Telephone Field,recover-20220825,002,1795
1397.8345,1397.873,68437,81496,Rhinolophus ferrumequinum,0.023,0.023,-1,Echolocation,/mnt/ubna_data_01_mir/recover-20220825/UBNA_002/20220823_033000.WAV,Telephone Field,recover-20220825,002,1795
1397.8785,1397.8848,28046,37249,Eptesicus serotinus,0.007,0.026,-1,Echolocation,/mnt/ubna_data_01_mir/recover-20220825/UBNA_002/20220823_033000.WAV,Telephone Field,recover-20220825,002,1795
1397.9005,1397.9388,68437,82197,Rhinolophus ferrumequinum,0.021,0.021,-1,Echolocation,/mnt/ubna_data_01_mir/recover-20220825/UBNA_002/20220823_033000.WAV,Telephone Field,recover-20220825,002,1795
1397.9545,1397.9952,68437,82682,Rhinolophus ferrumequinum,0.023,0.023,-1,Echolocation,/mnt/ubna_data_01_mir/recover-20220825/UBNA_002/20220823_033000.WAV,Telephone Field,recover-20220825,002,1795
1398.0015,1398.0295,69296,80472,Rhinolophus ferrumequinum,0.028,0.029,-1,Echolocation,/mnt/ubna_data_01_mir/recover-20220825/UBNA_002/20220823_033000.WAV,Telephone Field,recover-20220825,002,1795
1398.0015,1398.012,25468,32809,Nyctalus leisleri,0.016,0.044,-1,Echolocation,/mnt/ubna_data_01_mir/recover-20220825/UBNA_002/20220823_033000.WAV,Telephone Field,recover-20220825,002,1795
1398.0085,1398.017,26328,34589,Eptesicus serotinus,0.011,0.027,-1,Echolocation,/mnt/ubna_data_01_mir/recover-20220825/UBNA_002/20220823_033000.WAV,Telephone Field,recover-20220825,002,1795
1398.0135,1398.0506,68437,82327,Rhinolophus ferrumequinum,0.021,0.021,-1,Echolocation,/mnt/ubna_data_01_mir/recover-20220825/UBNA_002/20220823_033000.WAV,Telephone Field,recover-20220825,002,1795
1398.0165,1398.0269,28046,34802,Eptesicus serotinus,0.01,0.024,-1,Echolocation,/mnt/ubna_data_01_mir/recover-20220825/UBNA_002/20220823_033000.WAV,Telephone Field,recover-20220825,002,1795
1398.0755,1398.1174,68437,82931,Rhinolophus ferrumequinum,0.026,0.026,-1,Echolocation,/mnt/ubna_data_01_mir/recover-20220825/UBNA_002/20220823_033000.WAV,Telephone Field,recover-20220825,002,1795
1398.0845,1398.1278,68437,83486,Rhinolophus ferrumequinum,0.035,0.035,-1,Echolocation,/mnt/ubna_data_01_mir/recover-20220825/UBNA_002/20220823_033000.WAV,Telephone Field,recover-20220825,002,1795
1398.1065,1398.1183,46953,51244,Pipistrellus pipistrellus,0.036,0.04,-1,Echolocation,/mnt/ubna_data_01_mir/recover-20220825/UBNA_002/20220823_033000.WAV,Telephone Field,recover-20220825,002,1795
1398.1165,1398.124,28046,37746,Eptesicus serotinus,0.007,0.022,-1,Echolocation,/mnt/ubna_data_01_mir/recover-20220825/UBNA_002/20220823_033000.WAV,Telephone Field,recover-20220825,002,1795
1398.1315,1398.1682,68437,81905,Rhinolophus ferrumequinum,0.025,0.025,-1,Echolocation,/mnt/ubna_data_01_mir/recover-20220825/UBNA_002/20220823_033000.WAV,Telephone Field,recover-20220825,002,1795
1398.1405,1398.1496,23750,31697,Plecotus austriacus,0.009,0.028,-1,Echolocation,/mnt/ubna_data_01_mir/recover-20220825/UBNA_002/20220823_033000.WAV,Telephone Field,recover-20220825,002,1795
1398.1665,1398.2078,68437,82547,Rhinolophus ferrumequinum,0.023,0.023,-1,Echolocation,/mnt/ubna_data_01_mir/recover-20220825/UBNA_002/20220823_033000.WAV,Telephone Field,recover-20220825,002,1795
1398.2095,1398.2509,68437,83001,Rhinolophus ferrumequinum,0.023,0.023,-1,Echolocation,/mnt/ubna_data_01_mir/recover-20220825/UBNA_002/20220823_033000.WAV,Telephone Field,recover-20220825,002,1795
1398.2385,1398.2742,68437,81500,Rhinolophus ferrumequinum,0.023,0.023,-1,Echolocation,/mnt/ubna_data_01_mir/recover-20220825/UBNA_002/20220823_033000.WAV,Telephone Field,recover-20220825,002,1795
1398.2955,1398.3348,68437,82609,Rhinolophus ferrumequinum,0.023,0.023,-1,Echolocation,/mnt/ubna_data_01_mir/recover-20220825/UBNA_002/20220823_033000.WAV,Telephone Field,recover-20220825,002,1795
1398.3135,1398.3245,27187,35248,Eptesicus serotinus,0.013,0.025,-1,Echolocation,/mnt/ubna_data_01_mir/recover-20220825/UBNA_002/20220823_033000.WAV,Telephone Field,recover-20220825,002,1795
1398.3225,1398.3611,68437,82206,Rhinolophus ferrumequinum,0.024,0.024,-1,Echolocation,/mnt/ubna_data_01_mir/recover-20220825/UBNA_002/20220823_033000.WAV,Telephone Field,recover-20220825,002,1795
1398.3405,1398.385,68437,83952,Rhinolophus ferrumequinum,0.05,0.05,-1,Echolocation,/mnt/ubna_data_01_mir/recover-20220825/UBNA_002/20220823_033000.WAV,Telephone Field,recover-20220825,002,1795
1398.3745,1398.413,68437,82563,Rhinolophus ferrumequinum,0.023,0.023,-1,Echolocation,/mnt/ubna_data_01_mir/recover-20220825/UBNA_002/20220823_033000.WAV,Telephone Field,recover-20220825,002,1795
1398.3755,1398.3856,23750,30729,Nyctalus leisleri,0.009,0.026,-1,Echolocation,/mnt/ubna_data_01_mir/recover-20220825/UBNA_002/20220823_033000.WAV,Telephone Field,recover-20220825,002,1795
1398.3845,1398.4204,68437,81707,Rhinolophus ferrumequinum,0.021,0.021,-1,Echolocation,/mnt/ubna_data_01_mir/recover-20220825/UBNA_002/20220823_033000.WAV,Telephone Field,recover-20220825,002,1795
1398.3995,1398.4085,26328,33937,Eptesicus serotinus,0.034,0.073,-1,Echolocation,/mnt/ubna_data_01_mir/recover-20220825/UBNA_002/20220823_033000.WAV,Telephone Field,recover-20220825,002,1795
1398.4725,1398.5125,68437,82507,Rhinolophus ferrumequinum,0.023,0.023,-1,Echolocation,/mnt/ubna_data_01_mir/recover-20220825/UBNA_002/20220823_033000.WAV,Telephone Field,recover-20220825,002,1795
1398.4845,1398.5239,68437,82876,Rhinolophus ferrumequinum,0.023,0.023,-1,Echolocation,/mnt/ubna_data_01_mir/recover-20220825/UBNA_002/20220823_033000.WAV,Telephone Field,recover-20220825,002,1795
1398.4935,1398.5016,28046,37852,Eptesicus serotinus,0.008,0.023,-1,Echolocation,/mnt/ubna_data_01_mir/recover-20220825/UBNA_002/20220823_033000.WAV,Telephone Field,recover-20220825,002,1795
1398.4955,1398.5331,68437,81662,Rhinolophus ferrumequinum,0.025,0.025,-1,Echolocation,/mnt/ubna_data_01_mir/recover-20220825/UBNA_002/20220823_033000.WAV,Telephone Field,recover-20220825,002,1795
1398.5205,1398.5263,47812,55263,Pipistrellus pipistrellus,0.024,0.027,-1,Echolocation,/mnt/ubna_data_01_mir/recover-20220825/UBNA_002/20220823_033000.WAV,Telephone Field,recover-20220825,002,1795
1398.5395,1398.5477,25468,34254,Eptesicus serotinus,0.009,0.023,-1,Echolocation,/mnt/ubna_data_01_mir/recover-20220825/UBNA_002/20220823_033000.WAV,Telephone Field,recover-20220825,002,1795
1398.5425,1398.5818,68437,82613,Rhinolophus ferrumequinum,0.05,0.05,-1,Echolocation,/mnt/ubna_data_01_mir/recover-20220825/UBNA_002/20220823_033000.WAV,Telephone Field,recover-20220825,002,1795
1398.6125,1398.6217,25468,33609,Eptesicus serotinus,0.009,0.024,-1,Echolocation,/mnt/ubna_data_01_mir/recover-20220825/UBNA_002/20220823_033000.WAV,Telephone Field,recover-20220825,002,1795
1398.6225,1398.6581,68437,81286,Rhinolophus ferrumequinum,0.021,0.022,-1,Echolocation,/mnt/ubna_data_01_mir/recover-20220825/UBNA_002/20220823_033000.WAV,Telephone Field,recover-20220825,002,1795
1398.6395,1398.6781,68437,82153,Rhinolophus ferrumequinum,0.022,0.022,-1,Echolocation,/mnt/ubna_data_01_mir/recover-20220825/UBNA_002/20220823_033000.WAV,Telephone Field,recover-20220825,002,1795
1398.6995,1398.7396,68437,82864,Rhinolophus ferrumequinum,0.024,0.024,-1,Echolocation,/mnt/ubna_data_01_mir/recover-20220825/UBNA_002/20220823_033000.WAV,Telephone Field,recover-20220825,002,1795
1398.7125,1398.7476,68437,81366,Rhinolophus ferrumequinum,0.023,0.023,-1,Echolocation,/mnt/ubna_data_01_mir/recover-20220825/UBNA_002/20220823_033000.WAV,Telephone Field,recover-20220825,002,1795
1398.7245,1398.7341,45234,48815,Pipistrellus pipistrellus,0.037,0.042,-1,Echolocation,/mnt/ubna_data_01_mir/recover-20220825/UBNA_002/20220823_033000.WAV,Telephone Field,recover-20220825,002,1795
1398.7255,1398.7617,68437,81509,Rhinolophus ferrumequinum,0.022,0.022,-1,Echolocation,/mnt/ubna_data_01_mir/recover-20220825/UBNA_002/20220823_033000.WAV,Telephone Field,recover-20220825,002,1795
1398.7345,1398.7467,22031,26589,Nyctalus leisleri,0.013,0.027,-1,Echolocation,/mnt/ubna_data_01_mir/recover-20220825/UBNA_002/20220823_033000.WAV,Telephone Field,recover-20220825,002,1795
1398.8005,1398.8434,68437,82919,Rhinolophus ferrumequinum,0.024,0.024,-1,Echolocation,/mnt/ubna_data_01_mir/recover-20220825/UBNA_002/20220823_033000.WAV,Telephone Field,recover-20220825,002,1795
1398.8035,1398.8134,22890,30203,Plecotus austriacus,0.007,0.024,-1,Echolocation,/mnt/ubna_data_01_mir/recover-20220825/UBNA_002/20220823_033000.WAV,Telephone Field,recover-20220825,002,1795
1398.8135,1398.852,68437,81719,Rhinolophus ferrumequinum,0.022,0.022,-1,Echolocation,/mnt/ubna_data_01_mir/recover-20220825/UBNA_002/20220823_033000.WAV,Telephone Field,recover-20220825,002,1795
1398.8495,1398.888,68437,82347,Rhinolophus ferrumequinum,0.023,0.023,-1,Echolocation,/mnt/ubna_data_01_mir/recover-20220825/UBNA_002/20220823_033000.WAV,Telephone Field,recover-20220825,002,1795
1398.8765,1398.9162,68437,82682,Rhinolophus ferrumequinum,0.024,0.024,-1,Echolocation,/mnt/ubna_data_01_mir/recover-20220825/UBNA_002/20220823_033000.WAV,Telephone Field,recover-20220825,002,1795
1398.9075,1398.9443,68437,82300,Rhinolophus ferrumequinum,0.022,0.022,-1,Echolocation,/mnt/ubna_data_01_mir/recover-20220825/UBNA_002/20220823_033000.WAV,Telephone Field,recover-20220825,002,1795
1398.9705,1399.0055,68437,81913,Rhinolophus ferrumequinum,0.023,0.023,-1,Echolocation,/mnt/ubna_data_01_mir/recover-20220825/UBNA_002/20220823_033000.WAV,Telephone Field,recover-20220825,002,1795
1398.9895,1399.0054,20312,24186,Nyctalus leisleri,0.01,0.023,-1,Echolocation,/mnt/ubna_data_01_mir/recover-20220825/UBNA_002/20220823_033000.WAV,Telephone Field,recover-20220825,002,1795
1398.9995,1399.0362,68437,81945,Rhinolophus ferrumequinum,0.022,0.022,-1,Echolocation,/mnt/ubna_data_01_mir/recover-20220825/UBNA_002/20220823_033000.WAV,Telephone Field,recover-20220825,002,1795
1399.0215,1399.0598,68437,82340,Rhinolophus ferrumequinum,0.026,0.026,-1,Echolocation,/mnt/ubna_data_01_mir/recover-20220825/UBNA_002/20220823_033000.WAV,Telephone Field,recover-20220825,002,1795
1399.0485,1399.0882,68437,81636,Rhinolophus ferrumequinum,0.023,0.023,-1,Echolocation,/mnt/ubna_data_01_mir/recover-20220825/UBNA_002/20220823_033000.WAV,Telephone Field,recover-20220825,002,1795
1399.0585,1399.0974,68437,82640,Rhinolophus ferrumequinum,0.022,0.022,-1,Echolocation,/mnt/ubna_data_01_mir/recover-20220825/UBNA_002/20220823_033000.WAV,Telephone Field,recover-20220825,002,1795
1399.0805,1399.1168,68437,81696,Rhinolophus ferrumequinum,0.026,0.026,-1,Echolocation,/mnt/ubna_data_01_mir/recover-20220825/UBNA_002/20220823_033000.WAV,Telephone Field,recover-20220825,002,1795
1399.1015,1399.1352,68437,81330,Rhinolophus ferrumequinum,0.022,0.022,-1,Echolocation,/mnt/ubna_data_01_mir/recover-20220825/UBNA_002/20220823_033000.WAV,Telephone Field,recover-20220825,002,1795
1399.1185,1399.1563,68437,82609,Rhinolophus ferrumequinum,0.023,0.023,-1,Echolocation,/mnt/ubna_data_01_mir/recover-20220825/UBNA_002/20220823_033000.WAV,Telephone Field,recover-20220825,002,1795
1399.1195,1399.1288,27187,38385,Eptesicus serotinus,0.009,0.023,-1,Echolocation,/mnt/ubna_data_01_mir/recover-20220825/UBNA_002/20220823_033000.WAV,Telephone Field,recover-20220825,002,1795
1399.1305,1399.1428,23750,29502,Nyctalus leisleri,0.012,0.029,-1,Echolocation,/mnt/ubna_data_01_mir/recover-20220825/UBNA_002/20220823_033000.WAV,Telephone Field,recover-20220825,002,1795
1399.1585,1399.1953,68437,82158,Rhinolophus ferrumequinum,0.021,0.021,-1,Echolocation,/mnt/ubna_data_01_mir/recover-20220825/UBNA_002/20220823_033000.WAV,Telephone Field,recover-20220825,002,1795
1399.1895,1399.2341,68437,83587,Rhinolophus ferrumequinum,0.038,0.038,-1,Echolocation,/mnt/ubna_data_01_mir/recover-20220825/UBNA_002/20220823_033000.WAV,Telephone Field,recover-20220825,002,1795
1399.1905,1399.1997,48671,57963,Pipistrellus pipistrellus,0.018,0.022,-1,Echolocation,/mnt/ubna_data_01_mir/recover-20220825/UBNA_002/20220823_033000.WAV,Telephone Field,recover-20220825,002,1795
1399.1915,1399.2029,28906,35309,Eptesicus serotinus,0.01,0.024,-1,Echolocation,/mnt/ubna_data_01_mir/recover-20220825/UBNA_002/20220823_033000.WAV,Telephone Field,recover-20220825,002,1795
1399.2185,1399.2544,68437,81731,Rhinolophus ferrumequinum,0.029,0.029,-1,Echolocation,/mnt/ubna_data_01_mir/recover-20220825/UBNA_002/20220823_033000.WAV,Telephone Field,recover-20220825,002,1795
1399.2265,1399.2364,22890,28192,Nyctalus leisleri,0.01,0.022,-1,Echolocation,/mnt/ubna_data_01_mir/recover-20220825/UBNA_002/20220823_033000.WAV,Telephone Field,recover-20220825,002,1795
1399.2675,1399.3093,68437,82733,Rhinolophus ferrumequinum,0.028,0.028,-1,Echolocation,/mnt/ubna_data_01_mir/recover-20220825/UBNA_002/20220823_033000.WAV,Telephone Field,recover-20220825,002,1795
1399.3145,1399.3524,68437,81796,Rhinolophus ferrumequinum,0.024,0.025,-1,Echolocation,/mnt/ubna_data_01_mir/recover-20220825/UBNA_002/20220823_033000.WAV,Telephone Field,recover-20220825,002,1795
1399.3315,1399.373,68437,82642,Rhinolophus ferrumequinum,0.029,0.029,-1,Echolocation,/mnt/ubna_data_01_mir/recover-20220825/UBNA_002/20220823_033000.WAV,Telephone Field,recover-20220825,002,1795
1399.3615,1399.4051,68437,83348,Rhinolophus ferrumequinum,0.047,0.047,-1,Echolocation,/mnt/ubna_data_01_mir/recover-20220825/UBNA_002/20220823_033000.WAV,Telephone Field,recover-20220825,002,1795
1399.3935,1399.401,46953,52428,Pipistrellus pipistrellus,0.022,0.023,-1,Echolocation,/mnt/ubna_data_01_mir/recover-20220825/UBNA_002/20220823_033000.WAV,Telephone Field,recover-20220825,002,1795
1399.3935,1399.4331,68437,82472,Rhinolophus ferrumequinum,0.024,0.024,-1,Echolocation,/mnt/ubna_data_01_mir/recover-20220825/UBNA_002/20220823_033000.WAV,Telephone Field,recover-20220825,002,1795
1399.4265,1399.4359,45234,48869,Pipistrellus pipistrellus,0.021,0.023,-1,Echolocation,/mnt/ubna_data_01_mir/recover-20220825/UBNA_002/20220823_033000.WAV,Telephone Field,recover-20220825,002,1795
1399.4285,1399.4691,68437,82618,Rhinolophus ferrumequinum,0.023,0.023,-1,Echolocation,/mnt/ubna_data_01_mir/recover-20220825/UBNA_002/20220823_033000.WAV,Telephone Field,recover-20220825,002,1795
1399.4405,1399.4479,26328,35944,Eptesicus serotinus,0.008,0.023,-1,Echolocation,/mnt/ubna_data_01_mir/recover-20220825/UBNA_002/20220823_033000.WAV,Telephone Field,recover-20220825,002,1795
1399.4525,1399.4901,68437,82109,Rhinolophus ferrumequinum,0.025,0.025,-1,Echolocation,/mnt/ubna_data_01_mir/recover-20220825/UBNA_002/20220823_033000.WAV,Telephone Field,recover-20220825,002,1795
1399.4805,1399.5225,68437,82901,Rhinolophus ferrumequinum,0.023,0.023,-1,Echolocation,/mnt/ubna_data_01_mir/recover-20220825/UBNA_002/20220823_033000.WAV,Telephone Field,recover-20220825,002,1795
1399.5285,1399.5645,68437,82022,Rhinolophus ferrumequinum,0.023,0.023,-1,Echolocation,/mnt/ubna_data_01_mir/recover-20220825/UBNA_002/20220823_033000.WAV,Telephone Field,recover-20220825,002,1795
1399.5385,1399.5483,26328,33681,Eptesicus serotinus,0.01,0.023,-1,Echolocation,/mnt/ubna_data_01_mir/recover-20220825/UBNA_002/20220823_033000.WAV,Telephone Field,recover-20220825,002,1795
1399.5645,1399.571,30625,54169,Myotis daubentonii,0.012,0.026,-1,Echolocation,/mnt/ubna_data_01_mir/recover-20220825/UBNA_002/20220823_033000.WAV,Telephone Field,recover-20220825,002,1795
1399.5665,1399.572,36640,50914,Myotis daubentonii,0.013,0.03,-1,Echolocation,/mnt/ubna_data_01_mir/recover-20220825/UBNA_002/20220823_033000.WAV,Telephone Field,recover-20220825,002,1795
1399.5785,1399.614,68437,81104,Rhinolophus ferrumequinum,0.029,0.029,-1,Echolocation,/mnt/ubna_data_01_mir/recover-20220825/UBNA_002/20220823_033000.WAV,Telephone Field,recover-20220825,002,1795
1399.6005,1399.6076,28046,38943,Eptesicus serotinus,0.006,0.023,-1,Echolocation,/mnt/ubna_data_01_mir/recover-20220825/UBNA_002/20220823_033000.WAV,Telephone Field,recover-20220825,002,1795
1399.6195,1399.6559,68437,81846,Rhinolophus ferrumequinum,0.022,0.022,-1,Echolocation,/mnt/ubna_data_01_mir/recover-20220825/UBNA_002/20220823_033000.WAV,Telephone Field,recover-20220825,002,1795
1399.6355,1399.675,68437,82018,Rhinolophus ferrumequinum,0.032,0.032,-1,Echolocation,/mnt/ubna_data_01_mir/recover-20220825/UBNA_002/20220823_033000.WAV,Telephone Field,recover-20220825,002,1795
1399.6365,1399.645,40937,47625,Pipistrellus nathusii,0.199,0.281,-1,Echolocation,/mnt/ubna_data_01_mir/recover-20220825/UBNA_002/20220823_033000.WAV,Telephone Field,recover-20220825,002,1795
1399.6645,1399.6725,28046,37325,Eptesicus serotinus,0.008,0.026,-1,Echolocation,/mnt/ubna_data_01_mir/recover-20220825/UBNA_002/20220823_033000.WAV,Telephone Field,recover-20220825,002,1795
1399.6775,1399.7167,68437,82138,Rhinolophus ferrumequinum,0.022,0.022,-1,Echolocation,/mnt/ubna_data_01_mir/recover-20220825/UBNA_002/20220823_033000.WAV,Telephone Field,recover-20220825,002,1795
1399.6865,1399.6954,28046,39061,Eptesicus serotinus,0.008,0.022,-1,Echolocation,/mnt/ubna_data_01_mir/recover-20220825/UBNA_002/20220823_033000.WAV,Telephone Field,recover-20220825,002,1795
1399.7015,1399.71,40937,45846,Pipistrellus nathusii,0.071,0.133,-1,Echolocation,/mnt/ubna_data_01_mir/recover-20220825/UBNA_002/20220823_033000.WAV,Telephone Field,recover-20220825,002,1795
1399.7105,1399.749,68437,82209,Rhinolophus ferrumequinum,0.025,0.025,-1,Echolocation,/mnt/ubna_data_01_mir/recover-20220825/UBNA_002/20220823_033000.WAV,Telephone Field,recover-20220825,002,1795
1399.7605,1399.7725,28046,33447,Eptesicus serotinus,0.019,0.033,-1,Echolocation,/mnt/ubna_data_01_mir/recover-20220825/UBNA_002/20220823_033000.WAV,Telephone Field,recover-20220825,002,1795
1399.7845,1399.8205,68437,81841,Rhinolophus ferrumequinum,0.022,0.023,-1,Echolocation,/mnt/ubna_data_01_mir/recover-20220825/UBNA_002/20220823_033000.WAV,Telephone Field,recover-20220825,002,1795
1399.7925,1399.8005,27187,42664,Eptesicus serotinus,0.008,0.023,-1,Echolocation,/mnt/ubna_data_01_mir/recover-20220825/UBNA_002/20220823_033000.WAV,Telephone Field,recover-20220825,002,1795
1399.8075,1399.8143,28046,40153,Eptesicus serotinus,0.008,0.028,-1,Echolocation,/mnt/ubna_data_01_mir/recover-20220825/UBNA_002/20220823_033000.WAV,Telephone Field,recover-20220825,002,1795
1399.8175,1399.8594,68437,83217,Rhinolophus ferrumequinum,0.037,0.037,-1,Echolocation,/mnt/ubna_data_01_mir/recover-20220825/UBNA_002/20220823_033000.WAV,Telephone Field,recover-20220825,002,1795
1399.8345,1399.8426,40078,47688,Pipistrellus nathusii,0.409,0.502,-1,Echolocation,/mnt/ubna_data_01_mir/recover-20220825/UBNA_002/20220823_033000.WAV,Telephone Field,recover-20220825,002,1795
1399.8375,1399.8719,68437,81105,Rhinolophus ferrumequinum,0.022,0.022,-1,Echolocation,/mnt/ubna_data_01_mir/recover-20220825/UBNA_002/20220823_033000.WAV,Telephone Field,recover-20220825,002,1795
1399.8615,1399.8986,68437,81114,Rhinolophus ferrumequinum,0.022,0.022,-1,Echolocation,/mnt/ubna_data_01_mir/recover-20220825/UBNA_002/20220823_033000.WAV,Telephone Field,recover-20220825,002,1795
1399.8855,1399.8958,28046,36680,Eptesicus serotinus,0.012,0.024,-1,Echolocation,/mnt/ubna_data_01_mir/recover-20220825/UBNA_002/20220823_033000.WAV,Telephone Field,recover-20220825,002,1795
1399.8865,1399.9309,68437,83333,Rhinolophus ferrumequinum,0.027,0.027,-1,Echolocation,/mnt/ubna_data_01_mir/recover-20220825/UBNA_002/20220823_033000.WAV,Telephone Field,recover-20220825,002,1795
1399.9065,1399.9119,39218,48522,Barbastellus barbastellus,0.063,0.195,-1,Echolocation,/mnt/ubna_data_01_mir/recover-20220825/UBNA_002/20220823_033000.WAV,Telephone Field,recover-20220825,002,1795
1399.9105,1399.948,68437,82706,Rhinolophus ferrumequinum,0.03,0.03,-1,Echolocation,/mnt/ubna_data_01_mir/recover-20220825/UBNA_002/20220823_033000.WAV,Telephone Field,recover-20220825,002,1795
1399.9205,1399.9302,25468,32756,Eptesicus serotinus,0.01,0.027,-1,Echolocation,/mnt/ubna_data_01_mir/recover-20220825/UBNA_002/20220823_033000.WAV,Telephone Field,recover-20220825,002,1795
1400.0015,1400.0078,39218,46042,Pipistrellus nathusii,0.044,0.061,-1,Echolocation,/mnt/ubna_data_01_mir/recover-20220825/UBNA_002/20220823_033000.WAV,Telephone Field,recover-20220825,002,1795
1400.0015,1400.0149,52109,59257,Pipistrellus pygmaeus,0.013,0.021,-1,Echolocation,/mnt/ubna_data_01_mir/recover-20220825/UBNA_002/20220823_033000.WAV,Telephone Field,recover-20220825,002,1795
1400.0015,1400.0077,22890,36977,Myotis nattereri,0.007,0.029,-1,Echolocation,/mnt/ubna_data_01_mir/recover-20220825/UBNA_002/20220823_033000.WAV,Telephone Field,recover-20220825,002,1795
1400.0015,1400.0315,68437,80360,Rhinolophus ferrumequinum,0.038,0.038,-1,Echolocation,/mnt/ubna_data_01_mir/recover-20220825/UBNA_002/20220823_033000.WAV,Telephone Field,recover-20220825,002,1795
1400.0095,1400.0186,47812,55164,Pipistrellus pipistrellus,0.014,0.022,-1,Echolocation,/mnt/ubna_data_01_mir/recover-20220825/UBNA_002/20220823_033000.WAV,Telephone Field,recover-20220825,002,1795
1400.0415,1400.0513,44375,47613,Pipistrellus pipistrellus,0.023,0.029,-1,Echolocation,/mnt/ubna_data_01_mir/recover-20220825/UBNA_002/20220823_033000.WAV,Telephone Field,recover-20220825,002,1795
1400.0435,1400.0842,68437,82873,Rhinolophus ferrumequinum,0.021,0.021,-1,Echolocation,/mnt/ubna_data_01_mir/recover-20220825/UBNA_002/20220823_033000.WAV,Telephone Field,recover-20220825,002,1795
1400.0605,1400.068,28906,38521,Myotis daubentonii,0.008,0.024,-1,Echolocation,/mnt/ubna_data_01_mir/recover-20220825/UBNA_002/20220823_033000.WAV,Telephone Field,recover-20220825,002,1795
1400.0645,1400.0748,41796,45803,Pipistrellus nathusii,0.029,0.039,-1,Echolocation,/mnt/ubna_data_01_mir/recover-20220825/UBNA_002/20220823_033000.WAV,Telephone Field,recover-20220825,002,1795
1400.0665,1400.073,30625,42447,Myotis daubentonii,0.012,0.024,-1,Echolocation,/mnt/ubna_data_01_mir/recover-20220825/UBNA_002/20220823_033000.WAV,Telephone Field,recover-20220825,002,1795
1400.0885,1400.0945,39218,52066,Pipistrellus nathusii,0.221,0.384,-1,Echolocation,/mnt/ubna_data_01_mir/recover-20220825/UBNA_002/20220823_033000.WAV,Telephone Field,recover-20220825,002,1795
1400.1115,1400.1514,68437,82446,Rhinolophus ferrumequinum,0.022,0.022,-1,Echolocation,/mnt/ubna_data_01_mir/recover-20220825/UBNA_002/20220823_033000.WAV,Telephone Field,recover-20220825,002,1795
1400.1395,1400.1485,41796,48413,Pipistrellus nathusii,0.035,0.045,-1,Echolocation,/mnt/ubna_data_01_mir/recover-20220825/UBNA_002/20220823_033000.WAV,Telephone Field,recover-20220825,002,1795
1400.1865,1400.1931,40078,52913,Pipistrellus nathusii,0.485,0.597,-1,Echolocation,/mnt/ubna_data_01_mir/recover-20220825/UBNA_002/20220823_033000.WAV,Telephone Field,recover-20220825,002,1795
1400.2165,1400.2253,28046,36684,Eptesicus serotinus,0.01,0.027,-1,Echolocation,/mnt/ubna_data_01_mir/recover-20220825/UBNA_002/20220823_033000.WAV,Telephone Field,recover-20220825,002,1795
1400.2435,1400.2512,53828,61179,Pipistrellus pygmaeus,0.022,0.023,-1,Echolocation,/mnt/ubna_data_01_mir/recover-20220825/UBNA_002/20220823_033000.WAV,Telephone Field,recover-20220825,002,1795
1400.2435,1400.2543,28046,34885,Eptesicus serotinus,0.014,0.028,-1,Echolocation,/mnt/ubna_data_01_mir/recover-20220825/UBNA_002/20220823_033000.WAV,Telephone Field,recover-20220825,002,1795
1400.2485,1400.2886,68437,82550,Rhinolophus ferrumequinum,0.023,0.023,-1,Echolocation,/mnt/ubna_data_01_mir/recover-20220825/UBNA_002/20220823_033000.WAV,Telephone Field,recover-20220825,002,1795
1400.2685,1400.2747,35781,55958,Myotis brandtii,0.012,0.025,-1,Echolocation,/mnt/ubna_data_01_mir/recover-20220825/UBNA_002/20220823_033000.WAV,Telephone Field,recover-20220825,002,1795
1400.2825,1400.2893,39218,50539,Pipistrellus nathusii,0.464,0.521,-1,Echolocation,/mnt/ubna_data_01_mir/recover-20220825/UBNA_002/20220823_033000.WAV,Telephone Field,recover-20220825,002,1795
1400.2825,1400.3005,16015,20730,Nyctalus noctula,0.013,0.024,-1,Echolocation,/mnt/ubna_data_01_mir/recover-20220825/UBNA_002/20220823_033000.WAV,Telephone Field,recover-20220825,002,1795
1400.2895,1400.2955,31484,42253,Myotis daubentonii,0.017,0.026,-1,Echolocation,/mnt/ubna_data_01_mir/recover-20220825/UBNA_002/20220823_033000.WAV,Telephone Field,recover-20220825,002,1795
1400.3335,1400.3408,55546,61423,Pipistrellus pygmaeus,0.026,0.026,-1,Echolocation,/mnt/ubna_data_01_mir/recover-20220825/UBNA_002/20220823_033000.WAV,Telephone Field,recover-20220825,002,1795
1400.3365,1400.3437,27187,42570,Eptesicus serotinus,0.008,0.025,-1,Echolocation,/mnt/ubna_data_01_mir/recover-20220825/UBNA_002/20220823_033000.WAV,Telephone Field,recover-20220825,002,1795
1400.3625,1400.371,28046,37622,Eptesicus serotinus,0.008,0.021,-1,Echolocation,/mnt/ubna_data_01_mir/recover-20220825/UBNA_002/20220823_033000.WAV,Telephone Field,recover-20220825,002,1795
1400.3705,1400.381,22890,27861,Nyctalus leisleri,0.009,0.021,-1,Echolocation,/mnt/ubna_data_01_mir/recover-20220825/UBNA_002/20220823_033000.WAV,Telephone Field,recover-20220825,002,1795
1400.3765,1400.3839,40078,51860,Pipistrellus nathusii,0.407,0.556,-1,Echolocation,/mnt/ubna_data_01_mir/recover-20220825/UBNA_002/20220823_033000.WAV,Telephone Field,recover-20220825,002,1795
1400.3775,1400.3903,16875,23042,Nyctalus noctula,0.008,0.026,-1,Echolocation,/mnt/ubna_data_01_mir/recover-20220825/UBNA_002/20220823_033000.WAV,Telephone Field,recover-20220825,002,1795
1400.3845,1400.3908,30625,42313,Myotis daubentonii,0.013,0.021,-1,Echolocation,/mnt/ubna_data_01_mir/recover-20220825/UBNA_002/20220823_033000.WAV,Telephone Field,recover-20220825,002,1795
1400.3895,1400.4287,68437,82507,Rhinolophus ferrumequinum,0.026,0.026,-1,Echolocation,/mnt/ubna_data_01_mir/recover-20220825/UBNA_002/20220823_033000.WAV,Telephone Field,recover-20220825,002,1795
1400.4325,1400.4411,41796,50652,Pipistrellus nathusii,0.014,0.029,-1,Echolocation,/mnt/ubna_data_01_mir/recover-20220825/UBNA_002/20220823_033000.WAV,Telephone Field,recover-20220825,002,1795
1400.4345,1400.4416,27187,40347,Eptesicus serotinus,0.007,0.029,-1,Echolocation,/mnt/ubna_data_01_mir/recover-20220825/UBNA_002/20220823_033000.WAV,Telephone Field,recover-20220825,002,1795
1400.4755,1400.4817,38359,53667,Pipistrellus nathusii,0.41,0.563,-1,Echolocation,/mnt/ubna_data_01_mir/recover-20220825/UBNA_002/20220823_033000.WAV,Telephone Field,recover-20220825,002,1795
1400.5145,1400.5233,26328,35828,Eptesicus serotinus,0.007,0.021,-1,Echolocation,/mnt/ubna_data_01_mir/recover-20220825/UBNA_002/20220823_033000.WAV,Telephone Field,recover-20220825,002,1795
1400.5175,1400.5543,68437,82055,Rhinolophus ferrumequinum,0.025,0.025,-1,Echolocation,/mnt/ubna_data_01_mir/recover-20220825/UBNA_002/20220823_033000.WAV,Telephone Field,recover-20220825,002,1795
1400.5385,1400.5478,41796,46919,Pipistrellus nathusii,0.018,0.027,-1,Echolocation,/mnt/ubna_data_01_mir/recover-20220825/UBNA_002/20220823_033000.WAV,Telephone Field,recover-20220825,002,1795
1400.5755,1400.5821,39218,51663,Pipistrellus nathusii,0.372,0.51,-1,Echolocation,/mnt/ubna_data_01_mir/recover-20220825/UBNA_002/20220823_033000.WAV,Telephone Field,recover-20220825,002,1795
1400.5835,1400.5902,31484,39546,Myotis daubentonii,0.014,0.027,-1,Echolocation,/mnt/ubna_data_01_mir/recover-20220825/UBNA_002/20220823_033000.WAV,Telephone Field,recover-20220825,002,1795
1400.5845,1400.5929,26328,33785,Eptesicus serotinus,0.008,0.029,-1,Echolocation,/mnt/ubna_data_01_mir/recover-20220825/UBNA_002/20220823_033000.WAV,Telephone Field,recover-20220825,002,1795
1400.6055,1400.6123,48671,56206,Pipistrellus pipistrellus,0.016,0.021,-1,Echolocation,/mnt/ubna_data_01_mir/recover-20220825/UBNA_002/20220823_033000.WAV,Telephone Field,recover-20220825,002,1795
1400.6405,1400.6486,27187,36976,Eptesicus serotinus,0.009,0.025,-1,Echolocation,/mnt/ubna_data_01_mir/recover-20220825/UBNA_002/20220823_033000.WAV,Telephone Field,recover-20220825,002,1795
1400.6545,1400.6912,68437,81502,Rhinolophus ferrumequinum,0.021,0.021,-1,Echolocation,/mnt/ubna_data_01_mir/recover-20220825/UBNA_002/20220823_033000.WAV,Telephone Field,recover-20220825,002,1795
1400.6705,1400.6768,37500,49378,Pipistrellus nathusii,0.484,0.594,-1,Echolocation,/mnt/ubna_data_01_mir/recover-20220825/UBNA_002/20220823_033000.WAV,Telephone Field,recover-20220825,002,1795
1400.7245,1400.7634,68437,82411,Rhinolophus ferrumequinum,0.021,0.021,-1,Echolocation,/mnt/ubna_data_01_mir/recover-20220825/UBNA_002/20220823_033000.WAV,Telephone Field,recover-20220825,002,1795
1400.7465,1400.7552,41796,48367,Pipistrellus nathusii,0.012,0.024,-1,Echolocation,/mnt/ubna_data_01_mir/recover-20220825/UBNA_002/20220823_033000.WAV,Telephone Field,recover-20220825,002,1795
1400.7665,1400.774,38359,51436,Pipistrellus nathusii,0.527,0.671,-1,Echolocation,/mnt/ubna_data_01_mir/recover-20220825/UBNA_002/20220823_033000.WAV,Telephone Field,recover-20220825,002,1795
1400.7935,1400.8029,56406,63101,Pipistrellus pygmaeus,0.156,0.157,-1,Echolocation,/mnt/ubna_data_01_mir/recover-20220825/UBNA_002/20220823_033000.WAV,Telephone Field,recover-20220825,002,1795
1400.7995,1400.8072,27187,35957,Eptesicus serotinus,0.006,0.023,-1,Echolocation,/mnt/ubna_data_01_mir/recover-20220825/UBNA_002/20220823_033000.WAV,Telephone Field,recover-20220825,002,1795
1400.8615,1400.8684,50390,53801,Pipistrellus pipistrellus,0.02,0.036,-1,Echolocation,/mnt/ubna_data_01_mir/recover-20220825/UBNA_002/20220823_033000.WAV,Telephone Field,recover-20220825,002,1795
1400.8635,1400.8713,38359,55904,Pipistrellus nathusii,0.486,0.638,-1,Echolocation,/mnt/ubna_data_01_mir/recover-20220825/UBNA_002/20220823_033000.WAV,Telephone Field,recover-20220825,002,1795
1400.8725,1400.878,30625,40322,Myotis daubentonii,0.014,0.025,-1,Echolocation,/mnt/ubna_data_01_mir/recover-20220825/UBNA_002/20220823_033000.WAV,Telephone Field,recover-20220825,002,1795
1400.8775,1400.9093,68437,81645,Rhinolophus ferrumequinum,0.023,0.023,-1,Echolocation,/mnt/ubna_data_01_mir/recover-20220825/UBNA_002/20220823_033000.WAV,Telephone Field,recover-20220825,002,1795
1400.8835,1400.9176,68437,82003,Rhinolophus ferrumequinum,0.021,0.021,-1,Echolocation,/mnt/ubna_data_01_mir/recover-20220825/UBNA_002/20220823_033000.WAV,Telephone Field,recover-20220825,002,1795
1400.8995,1400.909,28046,36204,Eptesicus serotinus,0.007,0.021,-1,Echolocation,/mnt/ubna_data_01_mir/recover-20220825/UBNA_002/20220823_033000.WAV,Telephone Field,recover-20220825,002,1795
1400.9475,1400.9871,68437,82413,Rhinolophus ferrumequinum,0.026,0.026,-1,Echolocation,/mnt/ubna_data_01_mir/recover-20220825/UBNA_002/20220823_033000.WAV,Telephone Field,recover-20220825,002,1795
1400.9565,1400.964,38359,53196,Pipistrellus nathusii,0.545,0.68,-1,Echolocation,/mnt/ubna_data_01_mir/recover-20220825/UBNA_002/20220823_033000.WAV,Telephone Field,recover-20220825,002,1795
1400.9635,1400.9698,28046,36790,Myotis daubentonii,0.009,0.021,-1,Echolocation,/mnt/ubna_data_01_mir/recover-20220825/UBNA_002/20220823_033000.WAV,Telephone Field,recover-20220825,002,1795
1400.9725,1401.0141,68437,82722,Rhinolophus ferrumequinum,0.023,0.023,-1,Echolocation,/mnt/ubna_data_01_mir/recover-20220825/UBNA_002/20220823_033000.WAV,Telephone Field,recover-20220825,002,1795
1401.0445,1401.0521,38359,50721,Pipistrellus nathusii,0.415,0.585,-1,Echolocation,/mnt/ubna_data_01_mir/recover-20220825/UBNA_002/20220823_033000.WAV,Telephone Field,recover-20220825,002,1795
1401.0445,1401.0517,49531,55071,Pipistrellus pipistrellus,0.013,0.021,-1,Echolocation,/mnt/ubna_data_01_mir/recover-20220825/UBNA_002/20220823_033000.WAV,Telephone Field,recover-20220825,002,1795
1401.0485,1401.056,56406,65757,Pipistrellus pygmaeus,0.02,0.021,-1,Echolocation,/mnt/ubna_data_01_mir/recover-20220825/UBNA_002/20220823_033000.WAV,Telephone Field,recover-20220825,002,1795
1401.0535,1401.0602,30625,39642,Myotis daubentonii,0.012,0.021,-1,Echolocation,/mnt/ubna_data_01_mir/recover-20220825/UBNA_002/20220823_033000.WAV,Telephone Field,recover-20220825,002,1795
1401.1345,1401.1444,24609,30226,Nyctalus leisleri,0.008,0.021,-1,Echolocation,/mnt/ubna_data_01_mir/recover-20220825/UBNA_002/20220823_033000.WAV,Telephone Field,recover-20220825,002,1795
1401.1365,1401.1742,68437,82308,Rhinolophus ferrumequinum,0.022,0.022,-1,Echolocation,/mnt/ubna_data_01_mir/recover-20220825/UBNA_002/20220823_033000.WAV,Telephone Field,recover-20220825,002,1795
1401.1535,1401.161,38359,56049,Pipistrellus nathusii,0.522,0.666,-1,Echolocation,/mnt/ubna_data_01_mir/recover-20220825/UBNA_002/20220823_033000.WAV,Telephone Field,recover-20220825,002,1795
1401.1535,1401.1603,49531,53949,Pipistrellus pipistrellus,0.016,0.027,-1,Echolocation,/mnt/ubna_data_01_mir/recover-20220825/UBNA_002/20220823_033000.WAV,Telephone Field,recover-20220825,002,1795
1401.2505,1401.2571,48671,52306,Pipistrellus pipistrellus,0.017,0.026,-1,Echolocation,/mnt/ubna_data_01_mir/recover-20220825/UBNA_002/20220823_033000.WAV,Telephone Field,recover-20220825,002,1795
1401.2505,1401.2578,37500,54419,Pipistrellus nathusii,0.548,0.666,-1,Echolocation,/mnt/ubna_data_01_mir/recover-20220825/UBNA_002/20220823_033000.WAV,Telephone Field,recover-20220825,002,1795
1401.2585,1401.2643,30625,41495,Myotis daubentonii,0.013,0.025,-1,Echolocation,/mnt/ubna_data_01_mir/recover-20220825/UBNA_002/20220823_033000.WAV,Telephone Field,recover-20220825,002,1795
1401.2855,1401.2942,27187,37690,Eptesicus serotinus,0.008,0.021,-1,Echolocation,/mnt/ubna_data_01_mir/recover-20220825/UBNA_002/20220823_033000.WAV,Telephone Field,recover-20220825,002,1795
1401.3075,1401.3148,28046,36517,Eptesicus serotinus,0.008,0.025,-1,Echolocation,/mnt/ubna_data_01_mir/recover-20220825/UBNA_002/20220823_033000.WAV,Telephone Field,recover-20220825,002,1795
1401.3205,1401.3265,37500,58084,Pipistrellus nathusii,0.507,0.646,-1,Echolocation,/mnt/ubna_data_01_mir/recover-20220825/UBNA_002/20220823_033000.WAV,Telephone Field,recover-20220825,002,1795
1401.3205,1401.3563,68437,81330,Rhinolophus ferrumequinum,0.021,0.021,-1,Echolocation,/mnt/ubna_data_01_mir/recover-20220825/UBNA_002/20220823_033000.WAV,Telephone Field,recover-20220825,002,1795
1401.3285,1401.334,28906,38973,Myotis daubentonii,0.013,0.023,-1,Echolocation,/mnt/ubna_data_01_mir/recover-20220825/UBNA_002/20220823_033000.WAV,Telephone Field,recover-20220825,002,1795
1401.3575,1401.3669,28046,38285,Eptesicus serotinus,0.009,0.022,-1,Echolocation,/mnt/ubna_data_01_mir/recover-20220825/UBNA_002/20220823_033000.WAV,Telephone Field,recover-20220825,002,1795
1401.3885,1401.3952,37500,52259,Pipistrellus nathusii,0.374,0.573,-1,Echolocation,/mnt/ubna_data_01_mir/recover-20220825/UBNA_002/20220823_033000.WAV,Telephone Field,recover-20220825,002,1795
1401.3975,1401.4053,26328,33962,Eptesicus serotinus,0.006,0.026,-1,Echolocation,/mnt/ubna_data_01_mir/recover-20220825/UBNA_002/20220823_033000.WAV,Telephone Field,recover-20220825,002,1795
1401.4495,1401.4562,47812,53215,Pipistrellus pipistrellus,0.02,0.021,-1,Echolocation,/mnt/ubna_data_01_mir/recover-20220825/UBNA_002/20220823_033000.WAV,Telephone Field,recover-20220825,002,1795
1401.4525,1401.458,35781,55830,Myotis brandtii,0.011,0.022,-1,Echolocation,/mnt/ubna_data_01_mir/recover-20220825/UBNA_002/20220823_033000.WAV,Telephone Field,recover-20220825,002,1795
1401.4595,1401.4674,28046,35672,Eptesicus serotinus,0.008,0.027,-1,Echolocation,/mnt/ubna_data_01_mir/recover-20220825/UBNA_002/20220823_033000.WAV,Telephone Field,recover-20220825,002,1795
1401.4715,1401.4787,38359,55547,Pipistrellus nathusii,0.549,0.674,-1,Echolocation,/mnt/ubna_data_01_mir/recover-20220825/UBNA_002/20220823_033000.WAV,Telephone Field,recover-20220825,002,1795
1401.4725,1401.4782,48671,52708,Pipistrellus pipistrellus,0.013,0.023,-1,Echolocation,/mnt/ubna_data_01_mir/recover-20220825/UBNA_002/20220823_033000.WAV,Telephone Field,recover-20220825,002,1795
1401.4795,1401.4856,30625,39703,Myotis daubentonii,0.012,0.022,-1,Echolocation,/mnt/ubna_data_01_mir/recover-20220825/UBNA_002/20220823_033000.WAV,Telephone Field,recover-20220825,002,1795
1401.5095,1401.5287,20312,23480,Nyctalus leisleri,0.013,0.024,-1,Echolocation,/mnt/ubna_data_01_mir/recover-20220825/UBNA_002/20220823_033000.WAV,Telephone Field,recover-20220825,002,1795
1401.5235,1401.5611,68437,82000,Rhinolophus ferrumequinum,0.02,0.02,-1,Echolocation,/mnt/ubna_data_01_mir/recover-20220825/UBNA_002/20220823_033000.WAV,Telephone Field,recover-20220825,002,1795
1401.5255,1401.5317,30625,44841,Myotis daubentonii,0.015,0.025,-1,Echolocation,/mnt/ubna_data_01_mir/recover-20220825/UBNA_002/20220823_033000.WAV,Telephone Field,recover-20220825,002,1795
1401.5405,1401.5465,38359,56862,Pipistrellus nathusii,0.426,0.562,-1,Echolocation,/mnt/ubna_data_01_mir/recover-20220825/UBNA_002/20220823_033000.WAV,Telephone Field,recover-20220825,002,1795
1401.5705,1401.6077,68437,81906,Rhinolophus ferrumequinum,0.021,0.021,-1,Echolocation,/mnt/ubna_data_01_mir/recover-20220825/UBNA_002/20220823_033000.WAV,Telephone Field,recover-20220825,002,1795
1401.5765,1401.6126,68437,81962,Rhinolophus ferrumequinum,0.021,0.022,-1,Echolocation,/mnt/ubna_data_01_mir/recover-20220825/UBNA_002/20220823_033000.WAV,Telephone Field,recover-20220825,002,1795
1401.5805,1401.5891,28046,38501,Eptesicus serotinus,0.007,0.021,-1,Echolocation,/mnt/ubna_data_01_mir/recover-20220825/UBNA_002/20220823_033000.WAV,Telephone Field,recover-20220825,002,1795
1401.6095,1401.6163999999999,40078,57637,Pipistrellus nathusii,0.552,0.67,-1,Echolocation,/mnt/ubna_data_01_mir/recover-20220825/UBNA_002/20220823_033000.WAV,Telephone Field,recover-20220825,002,1795
1401.6505,1401.6601,38359,44256,Pipistrellus nathusii,0.022,0.03,-1,Echolocation,/mnt/ubna_data_01_mir/recover-20220825/UBNA_002/20220823_033000.WAV,Telephone Field,recover-20220825,002,1795
1401.6755,1401.6858,23750,28322,Nyctalus leisleri,0.012,0.026,-1,Echolocation,/mnt/ubna_data_01_mir/recover-20220825/UBNA_002/20220823_033000.WAV,Telephone Field,recover-20220825,002,1795
1401.6905,1401.6975,38359,59193,Pipistrellus nathusii,0.613,0.666,-1,Echolocation,/mnt/ubna_data_01_mir/recover-20220825/UBNA_002/20220823_033000.WAV,Telephone Field,recover-20220825,002,1795
1401.6965,1401.7022,28906,39051,Myotis daubentonii,0.013,0.024,-1,Echolocation,/mnt/ubna_data_01_mir/recover-20220825/UBNA_002/20220823_033000.WAV,Telephone Field,recover-20220825,002,1795
1401.7535,1401.7885,68437,80908,Rhinolophus ferrumequinum,0.021,0.021,-1,Echolocation,/mnt/ubna_data_01_mir/recover-20220825/UBNA_002/20220823_033000.WAV,Telephone Field,recover-20220825,002,1795
1401.7905,1401.7974,38359,58307,Pipistrellus nathusii,0.492,0.648,-1,Echolocation,/mnt/ubna_data_01_mir/recover-20220825/UBNA_002/20220823_033000.WAV,Telephone Field,recover-20220825,002,1795
1401.7995,1401.8055,34921,45158,Myotis daubentonii,0.011,0.025,-1,Echolocation,/mnt/ubna_data_01_mir/recover-20220825/UBNA_002/20220823_033000.WAV,Telephone Field,recover-20220825,002,1795
1401.8295,1401.8371,50390,56878,Pipistrellus pipistrellus,0.017,0.022,-1,Echolocation,/mnt/ubna_data_01_mir/recover-20220825/UBNA_002/20220823_033000.WAV,Telephone Field,recover-20220825,002,1795
1401.8315,1401.8392,26328,37507,Eptesicus serotinus,0.006,0.021,-1,Echolocation,/mnt/ubna_data_01_mir/recover-20220825/UBNA_002/20220823_033000.WAV,Telephone Field,recover-20220825,002,1795
1401.8515,1401.8621,22890,27962,Nyctalus leisleri,0.011,0.024,-1,Echolocation,/mnt/ubna_data_01_mir/recover-20220825/UBNA_002/20220823_033000.WAV,Telephone Field,recover-20220825,002,1795
1401.8785,1401.8848,27187,35965,Eptesicus serotinus,0.005,0.021,-1,Echolocation,/mnt/ubna_data_01_mir/recover-20220825/UBNA_002/20220823_033000.WAV,Telephone Field,recover-20220825,002,1795
1401.8895,1401.8967,48671,54187,Pipistrellus pipistrellus,0.012,0.025,-1,Echolocation,/mnt/ubna_data_01_mir/recover-20220825/UBNA_002/20220823_033000.WAV,Telephone Field,recover-20220825,002,1795
1401.8905,1401.8980999999999,38359,57947,Pipistrellus nathusii,0.488,0.616,-1,Echolocation,/mnt/ubna_data_01_mir/recover-20220825/UBNA_002/20220823_033000.WAV,Telephone Field,recover-20220825,002,1795
1401.9115,1401.9469,68437,81761,Rhinolophus ferrumequinum,0.023,0.023,-1,Echolocation,/mnt/ubna_data_01_mir/recover-20220825/UBNA_002/20220823_033000.WAV,Telephone Field,recover-20220825,002,1795
1401.9175,1401.9528,68437,81317,Rhinolophus ferrumequinum,0.024,0.024,-1,Echolocation,/mnt/ubna_data_01_mir/recover-20220825/UBNA_002/20220823_033000.WAV,Telephone Field,recover-20220825,002,1795
1401.9175,1401.9272,25468,33846,Eptesicus serotinus,0.012,0.028,-1,Echolocation,/mnt/ubna_data_01_mir/recover-20220825/UBNA_002/20220823_033000.WAV,Telephone Field,recover-20220825,002,1795
1401.9715,1401.9777,40937,55187,Myotis brandtii,0.008,0.021,-1,Echolocation,/mnt/ubna_data_01_mir/recover-20220825/UBNA_002/20220823_033000.WAV,Telephone Field,recover-20220825,002,1795
1401.9715,1401.9775,30625,43156,Myotis daubentonii,0.017,0.029,-1,Echolocation,/mnt/ubna_data_01_mir/recover-20220825/UBNA_002/20220823_033000.WAV,Telephone Field,recover-20220825,002,1795
1401.9845,1401.991,49531,54457,Pipistrellus pipistrellus,0.018,0.03,-1,Echolocation,/mnt/ubna_data_01_mir/recover-20220825/UBNA_002/20220823_033000.WAV,Telephone Field,recover-20220825,002,1795
1401.9865,1401.9924,28906,55859,Myotis daubentonii,0.008,0.03,-1,Echolocation,/mnt/ubna_data_01_mir/recover-20220825/UBNA_002/20220823_033000.WAV,Telephone Field,recover-20220825,002,1795
1401.9875,1401.995,36640,58089,Pipistrellus nathusii,0.569,0.657,-1,Echolocation,/mnt/ubna_data_01_mir/recover-20220825/UBNA_002/20220823_033000.WAV,Telephone Field,recover-20220825,002,1795
1402.0015,1402.0093,38359,47047,Pipistrellus nathusii,0.014,0.036,-1,Echolocation,/mnt/ubna_data_01_mir/recover-20220825/UBNA_002/20220823_033000.WAV,Telephone Field,recover-20220825,002,1795
1402.0015,1402.0317,68437,80596,Rhinolophus ferrumequinum,0.037,0.037,-1,Echolocation,/mnt/ubna_data_01_mir/recover-20220825/UBNA_002/20220823_033000.WAV,Telephone Field,recover-20220825,002,1795
1402.0015,1402.0117,24609,31148,Nyctalus leisleri,0.017,0.04,-1,Echolocation,/mnt/ubna_data_01_mir/recover-20220825/UBNA_002/20220823_033000.WAV,Telephone Field,recover-20220825,002,1795
1402.0165,1402.0271,28046,37173,Eptesicus serotinus,0.011,0.023,-1,Echolocation,/mnt/ubna_data_01_mir/recover-20220825/UBNA_002/20220823_033000.WAV,Telephone Field,recover-20220825,002,1795
1402.0285,1402.0368,28046,38173,Eptesicus serotinus,0.007,0.023,-1,Echolocation,/mnt/ubna_data_01_mir/recover-20220825/UBNA_002/20220823_033000.WAV,Telephone Field,recover-20220825,002,1795
1402.0375,1402.0441,47812,55573,Pipistrellus pipistrellus,0.023,0.027,-1,Echolocation,/mnt/ubna_data_01_mir/recover-20220825/UBNA_002/20220823_033000.WAV,Telephone Field,recover-20220825,002,1795
1402.0535,1402.0949,68437,83034,Rhinolophus ferrumequinum,0.028,0.028,-1,Echolocation,/mnt/ubna_data_01_mir/recover-20220825/UBNA_002/20220823_033000.WAV,Telephone Field,recover-20220825,002,1795
1402.0605,1402.0693,35781,42144,Pipistrellus nathusii,0.011,0.027,-1,Echolocation,/mnt/ubna_data_01_mir/recover-20220825/UBNA_002/20220823_033000.WAV,Telephone Field,recover-20220825,002,1795
1402.0755,1402.1127,68437,81960,Rhinolophus ferrumequinum,0.024,0.024,-1,Echolocation,/mnt/ubna_data_01_mir/recover-20220825/UBNA_002/20220823_033000.WAV,Telephone Field,recover-20220825,002,1795
1402.0885,1402.0949,48671,55703,Pipistrellus pipistrellus,0.021,0.038,-1,Echolocation,/mnt/ubna_data_01_mir/recover-20220825/UBNA_002/20220823_033000.WAV,Telephone Field,recover-20220825,002,1795
1402.0905,1402.0983,36640,59973,Pipistrellus nathusii,0.321,0.512,-1,Echolocation,/mnt/ubna_data_01_mir/recover-20220825/UBNA_002/20220823_033000.WAV,Telephone Field,recover-20220825,002,1795
1402.0995,1402.1064,26328,34042,Eptesicus serotinus,0.006,0.024,-1,Echolocation,/mnt/ubna_data_01_mir/recover-20220825/UBNA_002/20220823_033000.WAV,Telephone Field,recover-20220825,002,1795
1402.0995,1402.1055,30625,42179,Myotis daubentonii,0.012,0.024,-1,Echolocation,/mnt/ubna_data_01_mir/recover-20220825/UBNA_002/20220823_033000.WAV,Telephone Field,recover-20220825,002,1795
1402.1045,1402.1428,68437,82608,Rhinolophus ferrumequinum,0.024,0.024,-1,Echolocation,/mnt/ubna_data_01_mir/recover-20220825/UBNA_002/20220823_033000.WAV,Telephone Field,recover-20220825,002,1795
1402.1645,1402.1785,16015,21828,Nyctalus noctula,0.018,0.027,-1,Echolocation,/mnt/ubna_data_01_mir/recover-20220825/UBNA_002/20220823_033000.WAV,Telephone Field,recover-20220825,002,1795
1402.1785,1402.1872,27187,34385,Eptesicus serotinus,0.009,0.025,-1,Echolocation,/mnt/ubna_data_01_mir/recover-20220825/UBNA_002/20220823_033000.WAV,Telephone Field,recover-20220825,002,1795
1402.1905,1402.1969,49531,53677,Pipistrellus pipistrellus,0.019,0.034,-1,Echolocation,/mnt/ubna_data_01_mir/recover-20220825/UBNA_002/20220823_033000.WAV,Telephone Field,recover-20220825,002,1795
1402.1905,1402.1967,28906,62201,Myotis bechsteinii,0.015,0.051,-1,Echolocation,/mnt/ubna_data_01_mir/recover-20220825/UBNA_002/20220823_033000.WAV,Telephone Field,recover-20220825,002,1795
1402.1915,1402.1983,36640,55322,Pipistrellus nathusii,0.423,0.535,-1,Echolocation,/mnt/ubna_data_01_mir/recover-20220825/UBNA_002/20220823_033000.WAV,Telephone Field,recover-20220825,002,1795
1402.2005,1402.2063,34921,46525,Myotis brandtii,0.009,0.025,-1,Echolocation,/mnt/ubna_data_01_mir/recover-20220825/UBNA_002/20220823_033000.WAV,Telephone Field,recover-20220825,002,1795
1402.2005,1402.2061,30625,41819,Myotis daubentonii,0.012,0.023,-1,Echolocation,/mnt/ubna_data_01_mir/recover-20220825/UBNA_002/20220823_033000.WAV,Telephone Field,recover-20220825,002,1795
1402.2045,1402.2353,68437,81214,Rhinolophus ferrumequinum,0.029,0.029,-1,Echolocation,/mnt/ubna_data_01_mir/recover-20220825/UBNA_002/20220823_033000.WAV,Telephone Field,recover-20220825,002,1795
1402.2275,1402.2652,68437,82149,Rhinolophus ferrumequinum,0.025,0.025,-1,Echolocation,/mnt/ubna_data_01_mir/recover-20220825/UBNA_002/20220823_033000.WAV,Telephone Field,recover-20220825,002,1795
1402.2785,1402.2857,42656,52787,Pipistrellus nathusii,0.015,0.048,-1,Echolocation,/mnt/ubna_data_01_mir/recover-20220825/UBNA_002/20220823_033000.WAV,Telephone Field,recover-20220825,002,1795
1402.2815,1402.2905,36640,49007,Pipistrellus nathusii,0.467,0.58,-1,Echolocation,/mnt/ubna_data_01_mir/recover-20220825/UBNA_002/20220823_033000.WAV,Telephone Field,recover-20220825,002,1795
1402.2885,1402.2943,28906,37404,Myotis daubentonii,0.011,0.023,-1,Echolocation,/mnt/ubna_data_01_mir/recover-20220825/UBNA_002/20220823_033000.WAV,Telephone Field,recover-20220825,002,1795
1402.2905,1402.3037,16015,21583,Nyctalus noctula,0.016,0.03,-1,Echolocation,/mnt/ubna_data_01_mir/recover-20220825/UBNA_002/20220823_033000.WAV,Telephone Field,recover-20220825,002,1795
1402.3235,1402.3331,48671,54222,Pipistrellus pipistrellus,0.019,0.029,-1,Echolocation,/mnt/ubna_data_01_mir/recover-20220825/UBNA_002/20220823_033000.WAV,Telephone Field,recover-20220825,002,1795
1402.3245,1402.3345,22890,28672,Nyctalus leisleri,0.009,0.025,-1,Echolocation,/mnt/ubna_data_01_mir/recover-20220825/UBNA_002/20220823_033000.WAV,Telephone Field,recover-20220825,002,1795
1402.3265,1402.3332,27187,39414,Eptesicus serotinus,0.006,0.024,-1,Echolocation,/mnt/ubna_data_01_mir/recover-20220825/UBNA_002/20220823_033000.WAV,Telephone Field,recover-20220825,002,1795
1402.3495,1402.3545,34062,55220,Myotis daubentonii,0.02,0.04,-1,Echolocation,/mnt/ubna_data_01_mir/recover-20220825/UBNA_002/20220823_033000.WAV,Telephone Field,recover-20220825,002,1795
1402.3725,1402.3807,35781,59270,Pipistrellus nathusii,0.375,0.526,-1,Echolocation,/mnt/ubna_data_01_mir/recover-20220825/UBNA_002/20220823_033000.WAV,Telephone Field,recover-20220825,002,1795
1402.4305,1402.4415,23750,29606,Nyctalus leisleri,0.014,0.035,-1,Echolocation,/mnt/ubna_data_01_mir/recover-20220825/UBNA_002/20220823_033000.WAV,Telephone Field,recover-20220825,002,1795
1402.4425,1402.4495,57265,64566,Pipistrellus pygmaeus,0.042,0.042,-1,Echolocation,/mnt/ubna_data_01_mir/recover-20220825/UBNA_002/20220823_033000.WAV,Telephone Field,recover-20220825,002,1795
1402.4565,1402.4623,37500,60092,Myotis mystacinus,0.009,0.026,-1,Echolocation,/mnt/ubna_data_01_mir/recover-20220825/UBNA_002/20220823_033000.WAV,Telephone Field,recover-20220825,002,1795
1402.4615,1402.4671,27187,39617,Plecotus auritus,0.006,0.025,-1,Echolocation,/mnt/ubna_data_01_mir/recover-20220825/UBNA_002/20220823_033000.WAV,Telephone Field,recover-20220825,002,1795
1402.4685,1402.4748,44375,55514,Myotis brandtii,0.008,0.029,-1,Echolocation,/mnt/ubna_data_01_mir/recover-20220825/UBNA_002/20220823_033000.WAV,Telephone Field,recover-20220825,002,1795
1402.4705,1402.4795,36640,54859,Pipistrellus nathusii,0.496,0.63,-1,Echolocation,/mnt/ubna_data_01_mir/recover-20220825/UBNA_002/20220823_033000.WAV,Telephone Field,recover-20220825,002,1795
1402.4785,1402.4859,36640,47182,Myotis brandtii,0.011,0.031,-1,Echolocation,/mnt/ubna_data_01_mir/recover-20220825/UBNA_002/20220823_033000.WAV,Telephone Field,recover-20220825,002,1795
1402.4855,1402.4953,56406,63766,Pipistrellus pygmaeus,0.033,0.033,-1,Echolocation,/mnt/ubna_data_01_mir/recover-20220825/UBNA_002/20220823_033000.WAV,Telephone Field,recover-20220825,002,1795
1402.5305,1402.5386,27187,39868,Eptesicus serotinus,0.008,0.023,-1,Echolocation,/mnt/ubna_data_01_mir/recover-20220825/UBNA_002/20220823_033000.WAV,Telephone Field,recover-20220825,002,1795
1402.5535,1402.5586,38359,58629,Myotis brandtii,0.008,0.023,-1,Echolocation,/mnt/ubna_data_01_mir/recover-20220825/UBNA_002/20220823_033000.WAV,Telephone Field,recover-20220825,002,1795
1402.5645,1402.5776,56406,62859,Pipistrellus pygmaeus,0.035,0.037,-1,Echolocation,/mnt/ubna_data_01_mir/recover-20220825/UBNA_002/20220823_033000.WAV,Telephone Field,recover-20220825,002,1795
1402.5685,1402.5779,36640,57638,Pipistrellus nathusii,0.438,0.557,-1,Echolocation,/mnt/ubna_data_01_mir/recover-20220825/UBNA_002/20220823_033000.WAV,Telephone Field,recover-20220825,002,1795
1402.5765,1402.5828,29765,39517,Myotis daubentonii,0.012,0.024,-1,Echolocation,/mnt/ubna_data_01_mir/recover-20220825/UBNA_002/20220823_033000.WAV,Telephone Field,recover-20220825,002,1795
1402.6395,1402.6459,46093,55637,Pipistrellus pipistrellus,0.007,0.03,-1,Echolocation,/mnt/ubna_data_01_mir/recover-20220825/UBNA_002/20220823_033000.WAV,Telephone Field,recover-20220825,002,1795
1402.6425,1402.6498,38359,55217,Pipistrellus nathusii,0.659,0.702,-1,Echolocation,/mnt/ubna_data_01_mir/recover-20220825/UBNA_002/20220823_033000.WAV,Telephone Field,recover-20220825,002,1795
1402.6495,1402.6551,30625,44625,Myotis daubentonii,0.012,0.024,-1,Echolocation,/mnt/ubna_data_01_mir/recover-20220825/UBNA_002/20220823_033000.WAV,Telephone Field,recover-20220825,002,1795
1402.7095,1402.7491,68437,82161,Rhinolophus ferrumequinum,0.024,0.024,-1,Echolocation,/mnt/ubna_data_01_mir/recover-20220825/UBNA_002/20220823_033000.WAV,Telephone Field,recover-20220825,002,1795
1402.7355,1402.7435,49531,53473,Pipistrellus pipistrellus,0.022,0.037,-1,Echolocation,/mnt/ubna_data_01_mir/recover-20220825/UBNA_002/20220823_033000.WAV,Telephone Field,recover-20220825,002,1795
1402.7385,1402.7457,36640,59581,Pipistrellus nathusii,0.511,0.624,-1,Echolocation,/mnt/ubna_data_01_mir/recover-20220825/UBNA_002/20220823_033000.WAV,Telephone Field,recover-20220825,002,1795
1402.8155,1402.8562,68437,83020,Rhinolophus ferrumequinum,0.027,0.027,-1,Echolocation,/mnt/ubna_data_01_mir/recover-20220825/UBNA_002/20220823_033000.WAV,Telephone Field,recover-20220825,002,1795
1402.8155,1402.8229,28046,37895,Eptesicus serotinus,0.007,0.025,-1,Echolocation,/mnt/ubna_data_01_mir/recover-20220825/UBNA_002/20220823_033000.WAV,Telephone Field,recover-20220825,002,1795
1402.8295,1402.8375,27187,40750,Eptesicus serotinus,0.008,0.023,-1,Echolocation,/mnt/ubna_data_01_mir/recover-20220825/UBNA_002/20220823_033000.WAV,Telephone Field,recover-20220825,002,1795
1402.8315,1402.8374,34921,52614,Myotis daubentonii,0.011,0.027,-1,Echolocation,/mnt/ubna_data_01_mir/recover-20220825/UBNA_002/20220823_033000.WAV,Telephone Field,recover-20220825,002,1795
1402.8475,1402.8569,36640,53992,Pipistrellus nathusii,0.574,0.645,-1,Echolocation,/mnt/ubna_data_01_mir/recover-20220825/UBNA_002/20220823_033000.WAV,Telephone Field,recover-20220825,002,1795
1402.8625,1402.8968,68437,80986,Rhinolophus ferrumequinum,0.023,0.023,-1,Echolocation,/mnt/ubna_data_01_mir/recover-20220825/UBNA_002/20220823_033000.WAV,Telephone Field,recover-20220825,002,1795
1402.8755,1402.8827,22890,33619,Plecotus austriacus,0.009,0.025,-1,Echolocation,/mnt/ubna_data_01_mir/recover-20220825/UBNA_002/20220823_033000.WAV,Telephone Field,recover-20220825,002,1795
1402.8765,1402.8825,30625,39696,Myotis daubentonii,0.012,0.03,-1,Echolocation,/mnt/ubna_data_01_mir/recover-20220825/UBNA_002/20220823_033000.WAV,Telephone Field,recover-20220825,002,1795
1402.9125,1402.9175,38359,56381,Myotis brandtii,0.008,0.025,-1,Echolocation,/mnt/ubna_data_01_mir/recover-20220825/UBNA_002/20220823_033000.WAV,Telephone Field,recover-20220825,002,1795
1402.9145,1402.9212,28046,37892,Eptesicus serotinus,0.008,0.028,-1,Echolocation,/mnt/ubna_data_01_mir/recover-20220825/UBNA_002/20220823_033000.WAV,Telephone Field,recover-20220825,002,1795
1402.9265,1402.9349,48671,52644,Pipistrellus pipistrellus,0.013,0.025,-1,Echolocation,/mnt/ubna_data_01_mir/recover-20220825/UBNA_002/20220823_033000.WAV,Telephone Field,recover-20220825,002,1795
1402.9275,1402.9374,15156,20809,Nyctalus noctula,0.009,0.025,-1,Echolocation,/mnt/ubna_data_01_mir/recover-20220825/UBNA_002/20220823_033000.WAV,Telephone Field,recover-20220825,002,1795
1402.9285,1402.9352,38359,55083,Pipistrellus nathusii,0.464,0.641,-1,Echolocation,/mnt/ubna_data_01_mir/recover-20220825/UBNA_002/20220823_033000.WAV,Telephone Field,recover-20220825,002,1795
1402.9375,1402.9449,27187,36157,Eptesicus serotinus,0.006,0.03,-1,Echolocation,/mnt/ubna_data_01_mir/recover-20220825/UBNA_002/20220823_033000.WAV,Telephone Field,recover-20220825,002,1795
1402.9695,1402.9754,39218,51901,Pipistrellus nathusii,0.352,0.504,-1,Echolocation,/mnt/ubna_data_01_mir/recover-20220825/UBNA_002/20220823_033000.WAV,Telephone Field,recover-20220825,002,1795
1403.0045,1403.0107,39218,50919,Myotis daubentonii,0.103,0.198,-1,Echolocation,/mnt/ubna_data_01_mir/recover-20220825/UBNA_002/20220823_033000.WAV,Telephone Field,recover-20220825,002,1795
1403.0195,1403.0264,42656,48997,Pipistrellus nathusii,0.079,0.106,-1,Echolocation,/mnt/ubna_data_01_mir/recover-20220825/UBNA_002/20220823_033000.WAV,Telephone Field,recover-20220825,002,1795
1403.0365,1403.0413,37500,51429,Myotis daubentonii,0.117,0.195,-1,Echolocation,/mnt/ubna_data_01_mir/recover-20220825/UBNA_002/20220823_033000.WAV,Telephone Field,recover-20220825,002,1795
1403.0555,1403.0953,68437,82725,Rhinolophus ferrumequinum,0.024,0.024,-1,Echolocation,/mnt/ubna_data_01_mir/recover-20220825/UBNA_002/20220823_033000.WAV,Telephone Field,recover-20220825,002,1795
1403.0615,1403.1004,68437,82123,Rhinolophus ferrumequinum,0.024,0.024,-1,Echolocation,/mnt/ubna_data_01_mir/recover-20220825/UBNA_002/20220823_033000.WAV,Telephone Field,recover-20220825,002,1795
1403.0695,1403.0773,42656,50356,Pipistrellus nathusii,0.145,0.185,-1,Echolocation,/mnt/ubna_data_01_mir/recover-20220825/UBNA_002/20220823_033000.WAV,Telephone Field,recover-20220825,002,1795
1403.0765,1403.085,27187,36551,Eptesicus serotinus,0.009,0.028,-1,Echolocation,/mnt/ubna_data_01_mir/recover-20220825/UBNA_002/20220823_033000.WAV,Telephone Field,recover-20220825,002,1795
1403.0875,1403.0924,37500,51242,Myotis daubentonii,0.043,0.069,-1,Echolocation,/mnt/ubna_data_01_mir/recover-20220825/UBNA_002/20220823_033000.WAV,Telephone Field,recover-20220825,002,1795
1403.1035,1403.1087,33203,54460,Myotis daubentonii,0.043,0.07,-1,Echolocation,/mnt/ubna_data_01_mir/recover-20220825/UBNA_002/20220823_033000.WAV,Telephone Field,recover-20220825,002,1795
1403.1175,1403.1522,68437,81980,Rhinolophus ferrumequinum,0.023,0.023,-1,Echolocation,/mnt/ubna_data_01_mir/recover-20220825/UBNA_002/20220823_033000.WAV,Telephone Field,recover-20220825,002,1795
1403.1355,1403.1449,28046,40981,Eptesicus serotinus,0.014,0.031,-1,Echolocation,/mnt/ubna_data_01_mir/recover-20220825/UBNA_002/20220823_033000.WAV,Telephone Field,recover-20220825,002,1795
1403.1445,1403.156,28906,35368,Eptesicus serotinus,0.014,0.027,-1,Echolocation,/mnt/ubna_data_01_mir/recover-20220825/UBNA_002/20220823_033000.WAV,Telephone Field,recover-20220825,002,1795
1403.1635,1403.1696,31484,44120,Myotis daubentonii,0.019,0.038,-1,Echolocation,/mnt/ubna_data_01_mir/recover-20220825/UBNA_002/20220823_033000.WAV,Telephone Field,recover-20220825,002,1795
1403.1695,1403.1787,41796,49042,Pipistrellus nathusii,0.012,0.025,-1,Echolocation,/mnt/ubna_data_01_mir/recover-20220825/UBNA_002/20220823_033000.WAV,Telephone Field,recover-20220825,002,1795
1403.1705,1403.1777,36640,50321,Myotis brandtii,0.009,0.023,-1,Echolocation,/mnt/ubna_data_01_mir/recover-20220825/UBNA_002/20220823_033000.WAV,Telephone Field,recover-20220825,002,1795
1403.1725,1403.182,47812,51134,Pipistrellus pipistrellus,0.018,0.029,-1,Echolocation,/mnt/ubna_data_01_mir/recover-20220825/UBNA_002/20220823_033000.WAV,Telephone Field,recover-20220825,002,1795
1403.2175,1403.2243,57265,64032,Pipistrellus pygmaeus,0.056,0.056,-1,Echolocation,/mnt/ubna_data_01_mir/recover-20220825/UBNA_002/20220823_033000.WAV,Telephone Field,recover-20220825,002,1795
1403.2425,1403.253,28046,33869,Eptesicus serotinus,0.011,0.027,-1,Echolocation,/mnt/ubna_data_01_mir/recover-20220825/UBNA_002/20220823_033000.WAV,Telephone Field,recover-20220825,002,1795
1403.2555,1403.263,27187,41761,Eptesicus serotinus,0.007,0.025,-1,Echolocation,/mnt/ubna_data_01_mir/recover-20220825/UBNA_002/20220823_033000.WAV,Telephone Field,recover-20220825,002,1795
1403.2585,1403.2678,42656,49815,Pipistrellus nathusii,0.013,0.027,-1,Echolocation,/mnt/ubna_data_01_mir/recover-20220825/UBNA_002/20220823_033000.WAV,Telephone Field,recover-20220825,002,1795
1403.2595,1403.2926,68437,81774,Rhinolophus ferrumequinum,0.023,0.023,-1,Echolocation,/mnt/ubna_data_01_mir/recover-20220825/UBNA_002/20220823_033000.WAV,Telephone Field,recover-20220825,002,1795
1403.2885,1403.3009,58125,64692,Pipistrellus pygmaeus,0.033,0.034,-1,Echolocation,/mnt/ubna_data_01_mir/recover-20220825/UBNA_002/20220823_033000.WAV,Telephone Field,recover-20220825,002,1795
1403.3265,1403.3345,45234,49012,Pipistrellus pipistrellus,0.019,0.023,-1,Echolocation,/mnt/ubna_data_01_mir/recover-20220825/UBNA_002/20220823_033000.WAV,Telephone Field,recover-20220825,002,1795
1403.3875,1403.3932,31484,47819,Myotis daubentonii,0.019,0.032,-1,Echolocation,/mnt/ubna_data_01_mir/recover-20220825/UBNA_002/20220823_033000.WAV,Telephone Field,recover-20220825,002,1795
1403.3935,1403.4034,42656,48767,Pipistrellus nathusii,0.026,0.039,-1,Echolocation,/mnt/ubna_data_01_mir/recover-20220825/UBNA_002/20220823_033000.WAV,Telephone Field,recover-20220825,002,1795
1403.3955,1403.4022,27187,40571,Eptesicus serotinus,0.008,0.027,-1,Echolocation,/mnt/ubna_data_01_mir/recover-20220825/UBNA_002/20220823_033000.WAV,Telephone Field,recover-20220825,002,1795
1403.4115,1403.4485,68437,81980,Rhinolophus ferrumequinum,0.023,0.023,-1,Echolocation,/mnt/ubna_data_01_mir/recover-20220825/UBNA_002/20220823_033000.WAV,Telephone Field,recover-20220825,002,1795
1403.4495,1403.4574,38359,45347,Pipistrellus nathusii,0.232,0.282,-1,Echolocation,/mnt/ubna_data_01_mir/recover-20220825/UBNA_002/20220823_033000.WAV,Telephone Field,recover-20220825,002,1795
1403.4775,1403.4897,35781,41365,Pipistrellus nathusii,0.029,0.043,-1,Echolocation,/mnt/ubna_data_01_mir/recover-20220825/UBNA_002/20220823_033000.WAV,Telephone Field,recover-20220825,002,1795
1403.4895,1403.4968,27187,41553,Eptesicus serotinus,0.007,0.024,-1,Echolocation,/mnt/ubna_data_01_mir/recover-20220825/UBNA_002/20220823_033000.WAV,Telephone Field,recover-20220825,002,1795
1403.4905,1403.4962,35781,50106,Myotis daubentonii,0.01,0.024,-1,Echolocation,/mnt/ubna_data_01_mir/recover-20220825/UBNA_002/20220823_033000.WAV,Telephone Field,recover-20220825,002,1795
1403.4915,1403.4969,31484,48665,Myotis daubentonii,0.013,0.025,-1,Echolocation,/mnt/ubna_data_01_mir/recover-20220825/UBNA_002/20220823_033000.WAV,Telephone Field,recover-20220825,002,1795
1403.5025,1403.5128,22890,28140,Nyctalus leisleri,0.01,0.025,-1,Echolocation,/mnt/ubna_data_01_mir/recover-20220825/UBNA_002/20220823_033000.WAV,Telephone Field,recover-20220825,002,1795
1403.5095,1403.5162,39218,50980,Pipistrellus nathusii,0.574,0.639,-1,Echolocation,/mnt/ubna_data_01_mir/recover-20220825/UBNA_002/20220823_033000.WAV,Telephone Field,recover-20220825,002,1795
1403.5155,1403.5211,29765,41823,Myotis daubentonii,0.014,0.025,-1,Echolocation,/mnt/ubna_data_01_mir/recover-20220825/UBNA_002/20220823_033000.WAV,Telephone Field,recover-20220825,002,1795
1403.5685,1403.5774,48671,54706,Pipistrellus pipistrellus,0.018,0.027,-1,Echolocation,/mnt/ubna_data_01_mir/recover-20220825/UBNA_002/20220823_033000.WAV,Telephone Field,recover-20220825,002,1795
1403.5925,1403.6,36640,47696,Pipistrellus nathusii,0.463,0.595,-1,Echolocation,/mnt/ubna_data_01_mir/recover-20220825/UBNA_002/20220823_033000.WAV,Telephone Field,recover-20220825,002,1795
1403.6005,1403.6072,30625,42455,Myotis daubentonii,0.013,0.025,-1,Echolocation,/mnt/ubna_data_01_mir/recover-20220825/UBNA_002/20220823_033000.WAV,Telephone Field,recover-20220825,002,1795
1403.6155,1403.623,48671,56951,Pipistrellus pipistrellus,0.02,0.026,-1,Echolocation,/mnt/ubna_data_01_mir/recover-20220825/UBNA_002/20220823_033000.WAV,Telephone Field,recover-20220825,002,1795
1403.6175,1403.6268,25468,36738,Eptesicus serotinus,0.012,0.028,-1,Echolocation,/mnt/ubna_data_01_mir/recover-20220825/UBNA_002/20220823_033000.WAV,Telephone Field,recover-20220825,002,1795
1403.6555,1403.6657,28046,35210,Eptesicus serotinus,0.011,0.024,-1,Echolocation,/mnt/ubna_data_01_mir/recover-20220825/UBNA_002/20220823_033000.WAV,Telephone Field,recover-20220825,002,1795
1403.6715,1403.6787,36640,49269,Pipistrellus nathusii,0.427,0.604,-1,Echolocation,/mnt/ubna_data_01_mir/recover-20220825/UBNA_002/20220823_033000.WAV,Telephone Field,recover-20220825,002,1795
1403.7065,1403.7148,27187,43399,Eptesicus serotinus,0.009,0.025,-1,Echolocation,/mnt/ubna_data_01_mir/recover-20220825/UBNA_002/20220823_033000.WAV,Telephone Field,recover-20220825,002,1795
1403.7065,1403.7125,34062,53681,Myotis brandtii,0.011,0.026,-1,Echolocation,/mnt/ubna_data_01_mir/recover-20220825/UBNA_002/20220823_033000.WAV,Telephone Field,recover-20220825,002,1795
1403.7075,1403.7153,41796,49637,Pipistrellus nathusii,0.016,0.035,-1,Echolocation,/mnt/ubna_data_01_mir/recover-20220825/UBNA_002/20220823_033000.WAV,Telephone Field,recover-20220825,002,1795
1403.7415,1403.7488,45234,51251,Pipistrellus pipistrellus,0.026,0.032,-1,Echolocation,/mnt/ubna_data_01_mir/recover-20220825/UBNA_002/20220823_033000.WAV,Telephone Field,recover-20220825,002,1795
1403.7565,1403.7641,36640,47961,Myotis brandtii,0.009,0.024,-1,Echolocation,/mnt/ubna_data_01_mir/recover-20220825/UBNA_002/20220823_033000.WAV,Telephone Field,recover-20220825,002,1795
1403.7575,1403.7652,40937,47553,Pipistrellus nathusii,0.01,0.024,-1,Echolocation,/mnt/ubna_data_01_mir/recover-20220825/UBNA_002/20220823_033000.WAV,Telephone Field,recover-20220825,002,1795
1403.7745,1403.8128,68437,82270,Rhinolophus ferrumequinum,0.025,0.025,-1,Echolocation,/mnt/ubna_data_01_mir/recover-20220825/UBNA_002/20220823_033000.WAV,Telephone Field,recover-20220825,002,1795
1403.7785,1403.7889,42656,53190,Pipistrellus nathusii,0.032,0.047,-1,Echolocation,/mnt/ubna_data_01_mir/recover-20220825/UBNA_002/20220823_033000.WAV,Telephone Field,recover-20220825,002,1795
1403.8395,1403.8461,36640,51400,Pipistrellus nathusii,0.473,0.623,-1,Echolocation,/mnt/ubna_data_01_mir/recover-20220825/UBNA_002/20220823_033000.WAV,Telephone Field,recover-20220825,002,1795
1403.8405,1403.8468,46953,50748,Pipistrellus pipistrellus,0.017,0.027,-1,Echolocation,/mnt/ubna_data_01_mir/recover-20220825/UBNA_002/20220823_033000.WAV,Telephone Field,recover-20220825,002,1795
1403.8485,1403.8548,29765,42642,Myotis daubentonii,0.015,0.028,-1,Echolocation,/mnt/ubna_data_01_mir/recover-20220825/UBNA_002/20220823_033000.WAV,Telephone Field,recover-20220825,002,1795
1403.8855,1403.9246,68437,82406,Rhinolophus ferrumequinum,0.023,0.024,-1,Echolocation,/mnt/ubna_data_01_mir/recover-20220825/UBNA_002/20220823_033000.WAV,Telephone Field,recover-20220825,002,1795
1403.9325,1403.9393,38359,56649,Pipistrellus nathusii,0.579,0.678,-1,Echolocation,/mnt/ubna_data_01_mir/recover-20220825/UBNA_002/20220823_033000.WAV,Telephone Field,recover-20220825,002,1795
1403.9405,1403.9473,26328,36255,Eptesicus serotinus,0.005,0.024,-1,Echolocation,/mnt/ubna_data_01_mir/recover-20220825/UBNA_002/20220823_033000.WAV,Telephone Field,recover-20220825,002,1795
1403.9405,1403.9464,33203,45215,Myotis daubentonii,0.013,0.025,-1,Echolocation,/mnt/ubna_data_01_mir/recover-20220825/UBNA_002/20220823_033000.WAV,Telephone Field,recover-20220825,002,1795
1404.0015,1404.0092,26328,36271,Nyctalus leisleri,0.004,0.021,-1,Echolocation,/mnt/ubna_data_01_mir/recover-20220825/UBNA_002/20220823_033000.WAV,Telephone Field,recover-20220825,002,1795
1404.0015,1404.0363,68437,81087,Rhinolophus ferrumequinum,0.042,0.042,-1,Echolocation,/mnt/ubna_data_01_mir/recover-20220825/UBNA_002/20220823_033000.WAV,Telephone Field,recover-20220825,002,1795
1404.0015,1404.0101,21171,27241,Nyctalus leisleri,0.007,0.022,-1,Echolocation,/mnt/ubna_data_01_mir/recover-20220825/UBNA_002/20220823_033000.WAV,Telephone Field,recover-20220825,002,1795
1404.0085,1404.0532,68437,83204,Rhinolophus ferrumequinum,0.032,0.032,-1,Echolocation,/mnt/ubna_data_01_mir/recover-20220825/UBNA_002/20220823_033000.WAV,Telephone Field,recover-20220825,002,1795
1404.0185,1404.0257,38359,58857,Pipistrellus nathusii,0.501,0.615,-1,Echolocation,/mnt/ubna_data_01_mir/recover-20220825/UBNA_002/20220823_033000.WAV,Telephone Field,recover-20220825,002,1795
1404.0195,1404.0249,47812,54636,Pipistrellus pipistrellus,0.015,0.03,-1,Echolocation,/mnt/ubna_data_01_mir/recover-20220825/UBNA_002/20220823_033000.WAV,Telephone Field,recover-20220825,002,1795
1404.0265,1404.0333,27187,39865,Eptesicus serotinus,0.006,0.023,-1,Echolocation,/mnt/ubna_data_01_mir/recover-20220825/UBNA_002/20220823_033000.WAV,Telephone Field,recover-20220825,002,1795
1404.0275,1404.0337,32343,43590,Myotis daubentonii,0.009,0.021,-1,Echolocation,/mnt/ubna_data_01_mir/recover-20220825/UBNA_002/20220823_033000.WAV,Telephone Field,recover-20220825,002,1795
1404.0675,1404.0758,46953,51667,Pipistrellus pipistrellus,0.034,0.039,-1,Echolocation,/mnt/ubna_data_01_mir/recover-20220825/UBNA_002/20220823_033000.WAV,Telephone Field,recover-20220825,002,1795
1404.0925,1404.0994,28046,34943,Eptesicus serotinus,0.006,0.021,-1,Echolocation,/mnt/ubna_data_01_mir/recover-20220825/UBNA_002/20220823_033000.WAV,Telephone Field,recover-20220825,002,1795
1404.1035,1404.1107,37500,59321,Pipistrellus nathusii,0.414,0.576,-1,Echolocation,/mnt/ubna_data_01_mir/recover-20220825/UBNA_002/20220823_033000.WAV,Telephone Field,recover-20220825,002,1795
1404.1035,1404.1099,29765,70531,Myotis bechsteinii,0.045,0.072,-1,Echolocation,/mnt/ubna_data_01_mir/recover-20220825/UBNA_002/20220823_033000.WAV,Telephone Field,recover-20220825,002,1795
1404.1135,1404.1208,27187,39171,Eptesicus serotinus,0.009,0.03,-1,Echolocation,/mnt/ubna_data_01_mir/recover-20220825/UBNA_002/20220823_033000.WAV,Telephone Field,recover-20220825,002,1795
1404.1305,1404.1388,56406,62017,Pipistrellus pygmaeus,0.028,0.029,-1,Echolocation,/mnt/ubna_data_01_mir/recover-20220825/UBNA_002/20220823_033000.WAV,Telephone Field,recover-20220825,002,1795
1404.1625,1404.1717,54687,63380,Pipistrellus pygmaeus,0.023,0.023,-1,Echolocation,/mnt/ubna_data_01_mir/recover-20220825/UBNA_002/20220823_033000.WAV,Telephone Field,recover-20220825,002,1795
1404.1635,1404.1729,27187,38070,Eptesicus serotinus,0.008,0.021,-1,Echolocation,/mnt/ubna_data_01_mir/recover-20220825/UBNA_002/20220823_033000.WAV,Telephone Field,recover-20220825,002,1795
1404.1855,1404.193,28046,34988,Eptesicus serotinus,0.007,0.023,-1,Echolocation,/mnt/ubna_data_01_mir/recover-20220825/UBNA_002/20220823_033000.WAV,Telephone Field,recover-20220825,002,1795
1404.1935,1404.1998,47812,54884,Pipistrellus pipistrellus,0.025,0.039,-1,Echolocation,/mnt/ubna_data_01_mir/recover-20220825/UBNA_002/20220823_033000.WAV,Telephone Field,recover-20220825,002,1795
1404.1955,1404.2022,29765,63249,Myotis bechsteinii,0.033,0.058,-1,Echolocation,/mnt/ubna_data_01_mir/recover-20220825/UBNA_002/20220823_033000.WAV,Telephone Field,recover-20220825,002,1795
1404.1975,1404.205,37500,58940,Pipistrellus nathusii,0.505,0.617,-1,Echolocation,/mnt/ubna_data_01_mir/recover-20220825/UBNA_002/20220823_033000.WAV,Telephone Field,recover-20220825,002,1795
1404.2075,1404.2138,26328,39373,Eptesicus serotinus,0.004,0.025,-1,Echolocation,/mnt/ubna_data_01_mir/recover-20220825/UBNA_002/20220823_033000.WAV,Telephone Field,recover-20220825,002,1795
1404.2745,1404.285,40078,44335,Pipistrellus nathusii,0.014,0.023,-1,Echolocation,/mnt/ubna_data_01_mir/recover-20220825/UBNA_002/20220823_033000.WAV,Telephone Field,recover-20220825,002,1795
1404.2935,1404.3023,54687,60431,Pipistrellus pygmaeus,0.044,0.045,-1,Echolocation,/mnt/ubna_data_01_mir/recover-20220825/UBNA_002/20220823_033000.WAV,Telephone Field,recover-20220825,002,1795
1404.2935,1404.2996,29765,70161,Myotis bechsteinii,0.053,0.086,-1,Echolocation,/mnt/ubna_data_01_mir/recover-20220825/UBNA_002/20220823_033000.WAV,Telephone Field,recover-20220825,002,1795
1404.2945,1404.3018,37500,56279,Pipistrellus nathusii,0.428,0.562,-1,Echolocation,/mnt/ubna_data_01_mir/recover-20220825/UBNA_002/20220823_033000.WAV,Telephone Field,recover-20220825,002,1795
1404.3025,1404.308,30625,44938,Myotis daubentonii,0.01,0.025,-1,Echolocation,/mnt/ubna_data_01_mir/recover-20220825/UBNA_002/20220823_033000.WAV,Telephone Field,recover-20220825,002,1795
1404.3785,1404.3871,47812,53476,Pipistrellus pipistrellus,0.015,0.024,-1,Echolocation,/mnt/ubna_data_01_mir/recover-20220825/UBNA_002/20220823_033000.WAV,Telephone Field,recover-20220825,002,1795
1404.3845,1404.3917,37500,50709,Pipistrellus nathusii,0.409,0.58,-1,Echolocation,/mnt/ubna_data_01_mir/recover-20220825/UBNA_002/20220823_033000.WAV,Telephone Field,recover-20220825,002,1795
1404.3925,1404.3979,29765,44462,Myotis daubentonii,0.011,0.026,-1,Echolocation,/mnt/ubna_data_01_mir/recover-20220825/UBNA_002/20220823_033000.WAV,Telephone Field,recover-20220825,002,1795
1404.4125,1404.4486,68437,81394,Rhinolophus ferrumequinum,0.021,0.021,-1,Echolocation,/mnt/ubna_data_01_mir/recover-20220825/UBNA_002/20220823_033000.WAV,Telephone Field,recover-20220825,002,1795
1404.4795,1404.4848,29765,67003,Myotis bechsteinii,0.022,0.048,-1,Echolocation,/mnt/ubna_data_01_mir/recover-20220825/UBNA_002/20220823_033000.WAV,Telephone Field,recover-20220825,002,1795
1404.4795,1404.4865,48671,53215,Pipistrellus pipistrellus,0.013,0.023,-1,Echolocation,/mnt/ubna_data_01_mir/recover-20220825/UBNA_002/20220823_033000.WAV,Telephone Field,recover-20220825,002,1795
1404.4815,1404.4884,37500,57189,Pipistrellus nathusii,0.621,0.652,-1,Echolocation,/mnt/ubna_data_01_mir/recover-20220825/UBNA_002/20220823_033000.WAV,Telephone Field,recover-20220825,002,1795
1404.4825,1404.4972,19453,25484,Nyctalus noctula,0.025,0.046,-1,Echolocation,/mnt/ubna_data_01_mir/recover-20220825/UBNA_002/20220823_033000.WAV,Telephone Field,recover-20220825,002,1795
1404.4935,1404.5254,68437,81073,Rhinolophus ferrumequinum,0.021,0.022,-1,Echolocation,/mnt/ubna_data_01_mir/recover-20220825/UBNA_002/20220823_033000.WAV,Telephone Field,recover-20220825,002,1795
1404.5065,1404.5143,27187,35744,Eptesicus serotinus,0.005,0.022,-1,Echolocation,/mnt/ubna_data_01_mir/recover-20220825/UBNA_002/20220823_033000.WAV,Telephone Field,recover-20220825,002,1795
1404.5435,1404.583,68437,82572,Rhinolophus ferrumequinum,0.023,0.023,-1,Echolocation,/mnt/ubna_data_01_mir/recover-20220825/UBNA_002/20220823_033000.WAV,Telephone Field,recover-20220825,002,1795
1404.5445,1404.5528,28046,36315,Eptesicus serotinus,0.007,0.021,-1,Echolocation,/mnt/ubna_data_01_mir/recover-20220825/UBNA_002/20220823_033000.WAV,Telephone Field,recover-20220825,002,1795
1404.5735,1404.5811,49531,55729,Pipistrellus pipistrellus,0.023,0.042,-1,Echolocation,/mnt/ubna_data_01_mir/recover-20220825/UBNA_002/20220823_033000.WAV,Telephone Field,recover-20220825,002,1795
1404.5755,1404.5806,29765,68321,Myotis bechsteinii,0.043,0.074,-1,Echolocation,/mnt/ubna_data_01_mir/recover-20220825/UBNA_002/20220823_033000.WAV,Telephone Field,recover-20220825,002,1795
1404.5765,1404.5841,37500,63295,Pipistrellus nathusii,0.503,0.609,-1,Echolocation,/mnt/ubna_data_01_mir/recover-20220825/UBNA_002/20220823_033000.WAV,Telephone Field,recover-20220825,002,1795
1404.5765,1404.5904,20312,26899,Nyctalus noctula,0.016,0.034,-1,Echolocation,/mnt/ubna_data_01_mir/recover-20220825/UBNA_002/20220823_033000.WAV,Telephone Field,recover-20220825,002,1795
1404.6165,1404.6272,25468,32160,Eptesicus serotinus,0.011,0.026,-1,Echolocation,/mnt/ubna_data_01_mir/recover-20220825/UBNA_002/20220823_033000.WAV,Telephone Field,recover-20220825,002,1795
1404.6245,1404.6382,25468,30022,Eptesicus serotinus,0.01,0.025,-1,Echolocation,/mnt/ubna_data_01_mir/recover-20220825/UBNA_002/20220823_033000.WAV,Telephone Field,recover-20220825,002,1795
1404.6675,1404.6779,53828,58677,Pipistrellus pygmaeus,0.029,0.031,-1,Echolocation,/mnt/ubna_data_01_mir/recover-20220825/UBNA_002/20220823_033000.WAV,Telephone Field,recover-20220825,002,1795
1404.6685,1404.6747,48671,54697,Pipistrellus pipistrellus,0.017,0.03,-1,Echolocation,/mnt/ubna_data_01_mir/recover-20220825/UBNA_002/20220823_033000.WAV,Telephone Field,recover-20220825,002,1795
1404.6685,1404.6754,37500,58559,Pipistrellus nathusii,0.587,0.633,-1,Echolocation,/mnt/ubna_data_01_mir/recover-20220825/UBNA_002/20220823_033000.WAV,Telephone Field,recover-20220825,002,1795
1404.6735,1404.6787,28906,43662,Myotis daubentonii,0.008,0.021,-1,Echolocation,/mnt/ubna_data_01_mir/recover-20220825/UBNA_002/20220823_033000.WAV,Telephone Field,recover-20220825,002,1795
1404.6765,1404.7033,68437,80616,Rhinolophus ferrumequinum,0.026,0.026,-1,Echolocation,/mnt/ubna_data_01_mir/recover-20220825/UBNA_002/20220823_033000.WAV,Telephone Field,recover-20220825,002,1795
1404.7265,1404.7335,33203,51864,Myotis brandtii,0.008,0.022,-1,Echolocation,/mnt/ubna_data_01_mir/recover-20220825/UBNA_002/20220823_033000.WAV,Telephone Field,recover-20220825,002,1795
1404.7445,1404.7553,48671,55934,Pipistrellus pipistrellus,0.013,0.022,-1,Echolocation,/mnt/ubna_data_01_mir/recover-20220825/UBNA_002/20220823_033000.WAV,Telephone Field,recover-20220825,002,1795
1404.7515,1404.7576,38359,58110,Pipistrellus nathusii,0.402,0.519,-1,Echolocation,/mnt/ubna_data_01_mir/recover-20220825/UBNA_002/20220823_033000.WAV,Telephone Field,recover-20220825,002,1795
1404.7595,1404.7664,27187,37375,Eptesicus serotinus,0.006,0.024,-1,Echolocation,/mnt/ubna_data_01_mir/recover-20220825/UBNA_002/20220823_033000.WAV,Telephone Field,recover-20220825,002,1795
1404.7605,1404.7912,68437,80028,Rhinolophus ferrumequinum,0.024,0.024,-1,Echolocation,/mnt/ubna_data_01_mir/recover-20220825/UBNA_002/20220823_033000.WAV,Telephone Field,recover-20220825,002,1795
1404.8485,1404.8564,36640,57939,Pipistrellus nathusii,0.62,0.666,-1,Echolocation,/mnt/ubna_data_01_mir/recover-20220825/UBNA_002/20220823_033000.WAV,Telephone Field,recover-20220825,002,1795
1404.8495,1404.8562,46953,52944,Pipistrellus pipistrellus,0.013,0.027,-1,Echolocation,/mnt/ubna_data_01_mir/recover-20220825/UBNA_002/20220823_033000.WAV,Telephone Field,recover-20220825,002,1795
1404.8565,1404.863,26328,36045,Eptesicus serotinus,0.005,0.023,-1,Echolocation,/mnt/ubna_data_01_mir/recover-20220825/UBNA_002/20220823_033000.WAV,Telephone Field,recover-20220825,002,1795
1404.8625,1404.891,68437,80462,Rhinolophus ferrumequinum,0.024,0.025,-1,Echolocation,/mnt/ubna_data_01_mir/recover-20220825/UBNA_002/20220823_033000.WAV,Telephone Field,recover-20220825,002,1795
1404.8685,1404.8811,54687,60748,Pipistrellus pygmaeus,0.023,0.024,-1,Echolocation,/mnt/ubna_data_01_mir/recover-20220825/UBNA_002/20220823_033000.WAV,Telephone Field,recover-20220825,002,1795
1404.9435,1404.9522,28046,35454,Eptesicus serotinus,0.009,0.024,-1,Echolocation,/mnt/ubna_data_01_mir/recover-20220825/UBNA_002/20220823_033000.WAV,Telephone Field,recover-20220825,002,1795
1404.9565,1404.9696,54687,61038,Pipistrellus pygmaeus,0.021,0.022,-1,Echolocation,/mnt/ubna_data_01_mir/recover-20220825/UBNA_002/20220823_033000.WAV,Telephone Field,recover-20220825,002,1795
1404.9595,1404.9667,37500,62565,Pipistrellus nathusii,0.62,0.668,-1,Echolocation,/mnt/ubna_data_01_mir/recover-20220825/UBNA_002/20220823_033000.WAV,Telephone Field,recover-20220825,002,1795
1404.9615,1404.967,48671,55560,Pipistrellus pipistrellus,0.018,0.038,-1,Echolocation,/mnt/ubna_data_01_mir/recover-20220825/UBNA_002/20220823_033000.WAV,Telephone Field,recover-20220825,002,1795
1404.9675,1404.9729,29765,42839,Myotis daubentonii,0.009,0.024,-1,Echolocation,/mnt/ubna_data_01_mir/recover-20220825/UBNA_002/20220823_033000.WAV,Telephone Field,recover-20220825,002,1795
1404.9695,1404.9749,34921,52060,Myotis brandtii,0.011,0.025,-1,Echolocation,/mnt/ubna_data_01_mir/recover-20220825/UBNA_002/20220823_033000.WAV,Telephone Field,recover-20220825,002,1795
1404.9705,1404.9802,23750,29285,Nyctalus leisleri,0.009,0.024,-1,Echolocation,/mnt/ubna_data_01_mir/recover-20220825/UBNA_002/20220823_033000.WAV,Telephone Field,recover-20220825,002,1795
1404.9735,1405.0061,68437,81479,Rhinolophus ferrumequinum,0.022,0.023,-1,Echolocation,/mnt/ubna_data_01_mir/recover-20220825/UBNA_002/20220823_033000.WAV,Telephone Field,recover-20220825,002,1795
1404.9935,1405.0034,31484,38308,Barbastellus barbastellus,0.01,0.032,-1,Echolocation,/mnt/ubna_data_01_mir/recover-20220825/UBNA_002/20220823_033000.WAV,Telephone Field,recover-20220825,002,1795
1405.0545,1405.0621,48671,54333,Pipistrellus pipistrellus,0.022,0.04,-1,Echolocation,/mnt/ubna_data_01_mir/recover-20220825/UBNA_002/20220823_033000.WAV,Telephone Field,recover-20220825,002,1795
1405.0585,1405.0663,36640,57333,Pipistrellus nathusii,0.564,0.631,-1,Echolocation,/mnt/ubna_data_01_mir/recover-20220825/UBNA_002/20220823_033000.WAV,Telephone Field,recover-20220825,002,1795
1405.0595,1405.0661,48671,53784,Pipistrellus pipistrellus,0.02,0.034,-1,Echolocation,/mnt/ubna_data_01_mir/recover-20220825/UBNA_002/20220823_033000.WAV,Telephone Field,recover-20220825,002,1795
1405.0665,1405.0741,27187,37263,Eptesicus serotinus,0.006,0.024,-1,Echolocation,/mnt/ubna_data_01_mir/recover-20220825/UBNA_002/20220823_033000.WAV,Telephone Field,recover-20220825,002,1795
1405.0695,1405.0998,68437,80851,Rhinolophus ferrumequinum,0.022,0.022,-1,Echolocation,/mnt/ubna_data_01_mir/recover-20220825/UBNA_002/20220823_033000.WAV,Telephone Field,recover-20220825,002,1795
1405.0955,1405.1047,28046,37430,Eptesicus serotinus,0.009,0.022,-1,Echolocation,/mnt/ubna_data_01_mir/recover-20220825/UBNA_002/20220823_033000.WAV,Telephone Field,recover-20220825,002,1795
1405.1285,1405.138,38359,49263,Pipistrellus nathusii,0.014,0.026,-1,Echolocation,/mnt/ubna_data_01_mir/recover-20220825/UBNA_002/20220823_033000.WAV,Telephone Field,recover-20220825,002,1795
1405.1325,1405.1406,46093,52216,Pipistrellus pipistrellus,0.045,0.049,-1,Echolocation,/mnt/ubna_data_01_mir/recover-20220825/UBNA_002/20220823_033000.WAV,Telephone Field,recover-20220825,002,1795
1405.1575,1405.1692,52109,56636,Pipistrellus pygmaeus,0.028,0.035,-1,Echolocation,/mnt/ubna_data_01_mir/recover-20220825/UBNA_002/20220823_033000.WAV,Telephone Field,recover-20220825,002,1795
1405.1625,1405.1698,37500,60528,Pipistrellus nathusii,0.559,0.626,-1,Echolocation,/mnt/ubna_data_01_mir/recover-20220825/UBNA_002/20220823_033000.WAV,Telephone Field,recover-20220825,002,1795
1405.1635,1405.1714,48671,54558,Pipistrellus pipistrellus,0.016,0.028,-1,Echolocation,/mnt/ubna_data_01_mir/recover-20220825/UBNA_002/20220823_033000.WAV,Telephone Field,recover-20220825,002,1795
1405.1705,1405.177,26328,39657,Eptesicus serotinus,0.006,0.026,-1,Echolocation,/mnt/ubna_data_01_mir/recover-20220825/UBNA_002/20220823_033000.WAV,Telephone Field,recover-20220825,002,1795
1405.1725,1405.183,15156,23133,Nyctalus noctula,0.014,0.028,-1,Echolocation,/mnt/ubna_data_01_mir/recover-20220825/UBNA_002/20220823_033000.WAV,Telephone Field,recover-20220825,002,1795
1405.1745,1405.2027,68437,80813,Rhinolophus ferrumequinum,0.022,0.022,-1,Echolocation,/mnt/ubna_data_01_mir/recover-20220825/UBNA_002/20220823_033000.WAV,Telephone Field,recover-20220825,002,1795
1405.1915,1405.1993,49531,58364,Pipistrellus pipistrellus,0.025,0.034,-1,Echolocation,/mnt/ubna_data_01_mir/recover-20220825/UBNA_002/20220823_033000.WAV,Telephone Field,recover-20220825,002,1795
1405.2425,1405.2489,28046,35450,Eptesicus serotinus,0.005,0.021,-1,Echolocation,/mnt/ubna_data_01_mir/recover-20220825/UBNA_002/20220823_033000.WAV,Telephone Field,recover-20220825,002,1795
1405.2555,1405.2638,36640,66976,Pipistrellus nathusii,0.436,0.534,-1,Echolocation,/mnt/ubna_data_01_mir/recover-20220825/UBNA_002/20220823_033000.WAV,Telephone Field,recover-20220825,002,1795
1405.2555,1405.2621,49531,57647,Pipistrellus pipistrellus,0.015,0.029,-1,Echolocation,/mnt/ubna_data_01_mir/recover-20220825/UBNA_002/20220823_033000.WAV,Telephone Field,recover-20220825,002,1795
1405.2555,1405.2606,28906,68144,Myotis bechsteinii,0.022,0.047,-1,Echolocation,/mnt/ubna_data_01_mir/recover-20220825/UBNA_002/20220823_033000.WAV,Telephone Field,recover-20220825,002,1795
1405.2705,1405.301,68437,80784,Rhinolophus ferrumequinum,0.029,0.029,-1,Echolocation,/mnt/ubna_data_01_mir/recover-20220825/UBNA_002/20220823_033000.WAV,Telephone Field,recover-20220825,002,1795
1405.3505,1405.3607,54687,60351,Pipistrellus pygmaeus,0.022,0.023,-1,Echolocation,/mnt/ubna_data_01_mir/recover-20220825/UBNA_002/20220823_033000.WAV,Telephone Field,recover-20220825,002,1795
1405.3575,1405.3661,36640,64720,Pipistrellus nathusii,0.63,0.67,-1,Echolocation,/mnt/ubna_data_01_mir/recover-20220825/UBNA_002/20220823_033000.WAV,Telephone Field,recover-20220825,002,1795
1405.3575,1405.3653,49531,57855,Pipistrellus pipistrellus,0.025,0.04,-1,Echolocation,/mnt/ubna_data_01_mir/recover-20220825/UBNA_002/20220823_033000.WAV,Telephone Field,recover-20220825,002,1795
1405.3605,1405.3739,20312,30582,Nyctalus noctula,0.01,0.023,-1,Echolocation,/mnt/ubna_data_01_mir/recover-20220825/UBNA_002/20220823_033000.WAV,Telephone Field,recover-20220825,002,1795
1405.3925,1405.4009,28046,39400,Eptesicus serotinus,0.011,0.031,-1,Echolocation,/mnt/ubna_data_01_mir/recover-20220825/UBNA_002/20220823_033000.WAV,Telephone Field,recover-20220825,002,1795
1405.4285,1405.4345,29765,76808,Myotis bechsteinii,0.036,0.068,-1,Echolocation,/mnt/ubna_data_01_mir/recover-20220825/UBNA_002/20220823_033000.WAV,Telephone Field,recover-20220825,002,1795
1405.4295,1405.4363,38359,68162,Pipistrellus nathusii,0.625,0.673,-1,Echolocation,/mnt/ubna_data_01_mir/recover-20220825/UBNA_002/20220823_033000.WAV,Telephone Field,recover-20220825,002,1795
1405.4315,1405.4373,47812,57595,Pipistrellus pipistrellus,0.017,0.035,-1,Echolocation,/mnt/ubna_data_01_mir/recover-20220825/UBNA_002/20220823_033000.WAV,Telephone Field,recover-20220825,002,1795
1405.4385,1405.4446,34062,44989,Myotis daubentonii,0.01,0.027,-1,Echolocation,/mnt/ubna_data_01_mir/recover-20220825/UBNA_002/20220823_033000.WAV,Telephone Field,recover-20220825,002,1795
1405.4415,1405.4724,68437,80736,Rhinolophus ferrumequinum,0.022,0.022,-1,Echolocation,/mnt/ubna_data_01_mir/recover-20220825/UBNA_002/20220823_033000.WAV,Telephone Field,recover-20220825,002,1795
1405.4445,1405.4549,25468,30428,Nyctalus leisleri,0.011,0.023,-1,Echolocation,/mnt/ubna_data_01_mir/recover-20220825/UBNA_002/20220823_033000.WAV,Telephone Field,recover-20220825,002,1795
1405.4725,1405.4806,47812,53810,Pipistrellus pipistrellus,0.013,0.026,-1,Echolocation,/mnt/ubna_data_01_mir/recover-20220825/UBNA_002/20220823_033000.WAV,Telephone Field,recover-20220825,002,1795
1405.4755,1405.4812,37500,64010,Pipistrellus nathusii,0.203,0.437,-1,Echolocation,/mnt/ubna_data_01_mir/recover-20220825/UBNA_002/20220823_033000.WAV,Telephone Field,recover-20220825,002,1795
1405.4765,1405.4817,26328,79562,Myotis bechsteinii,0.072,0.106,-1,Echolocation,/mnt/ubna_data_01_mir/recover-20220825/UBNA_002/20220823_033000.WAV,Telephone Field,recover-20220825,002,1795
1405.4835,1405.489,31484,44212,Myotis daubentonii,0.012,0.026,-1,Echolocation,/mnt/ubna_data_01_mir/recover-20220825/UBNA_002/20220823_033000.WAV,Telephone Field,recover-20220825,002,1795
1405.5425,1405.5524,52968,59422,Pipistrellus pygmaeus,0.049,0.054,-1,Echolocation,/mnt/ubna_data_01_mir/recover-20220825/UBNA_002/20220823_033000.WAV,Telephone Field,recover-20220825,002,1795
1405.5455,1405.5525,38359,63409,Pipistrellus nathusii,0.687,0.723,-1,Echolocation,/mnt/ubna_data_01_mir/recover-20220825/UBNA_002/20220823_033000.WAV,Telephone Field,recover-20220825,002,1795
1405.5595,1405.5924,68437,81213,Rhinolophus ferrumequinum,0.022,0.022,-1,Echolocation,/mnt/ubna_data_01_mir/recover-20220825/UBNA_002/20220823_033000.WAV,Telephone Field,recover-20220825,002,1795
1405.5905,1405.5993,28046,36770,Eptesicus serotinus,0.008,0.024,-1,Echolocation,/mnt/ubna_data_01_mir/recover-20220825/UBNA_002/20220823_033000.WAV,Telephone Field,recover-20220825,002,1795
1405.6325,1405.6392,29765,64138,Myotis bechsteinii,0.021,0.042,-1,Echolocation,/mnt/ubna_data_01_mir/recover-20220825/UBNA_002/20220823_033000.WAV,Telephone Field,recover-20220825,002,1795
1405.6345,1405.6417,50390,57326,Pipistrellus pipistrellus,0.012,0.022,-1,Echolocation,/mnt/ubna_data_01_mir/recover-20220825/UBNA_002/20220823_033000.WAV,Telephone Field,recover-20220825,002,1795
1405.6345,1405.6431,37500,63129,Pipistrellus nathusii,0.679,0.714,-1,Echolocation,/mnt/ubna_data_01_mir/recover-20220825/UBNA_002/20220823_033000.WAV,Telephone Field,recover-20220825,002,1795
1405.6425,1405.6486,26328,41229,Eptesicus serotinus,0.006,0.025,-1,Echolocation,/mnt/ubna_data_01_mir/recover-20220825/UBNA_002/20220823_033000.WAV,Telephone Field,recover-20220825,002,1795
1405.6485,1405.6788,68437,80898,Rhinolophus ferrumequinum,0.021,0.021,-1,Echolocation,/mnt/ubna_data_01_mir/recover-20220825/UBNA_002/20220823_033000.WAV,Telephone Field,recover-20220825,002,1795
1405.6705,1405.7058,68437,81881,Rhinolophus ferrumequinum,0.024,0.024,-1,Echolocation,/mnt/ubna_data_01_mir/recover-20220825/UBNA_002/20220823_033000.WAV,Telephone Field,recover-20220825,002,1795
1405.7145,1405.7223,28046,36069,Eptesicus serotinus,0.007,0.021,-1,Echolocation,/mnt/ubna_data_01_mir/recover-20220825/UBNA_002/20220823_033000.WAV,Telephone Field,recover-20220825,002,1795
1405.7275,1405.734,28906,69599,Myotis bechsteinii,0.031,0.059,-1,Echolocation,/mnt/ubna_data_01_mir/recover-20220825/UBNA_002/20220823_033000.WAV,Telephone Field,recover-20220825,002,1795
1405.7275,1405.7348,48671,59583,Pipistrellus pipistrellus,0.024,0.052,-1,Echolocation,/mnt/ubna_data_01_mir/recover-20220825/UBNA_002/20220823_033000.WAV,Telephone Field,recover-20220825,002,1795
1405.7285,1405.7372,36640,67536,Pipistrellus nathusii,0.479,0.545,-1,Echolocation,/mnt/ubna_data_01_mir/recover-20220825/UBNA_002/20220823_033000.WAV,Telephone Field,recover-20220825,002,1795
1405.7295,1405.7377,56406,63884,Pipistrellus pygmaeus,0.032,0.034,-1,Echolocation,/mnt/ubna_data_01_mir/recover-20220825/UBNA_002/20220823_033000.WAV,Telephone Field,recover-20220825,002,1795
1405.7375,1405.7447,36640,45603,Pipistrellus nathusii,0.014,0.029,-1,Echolocation,/mnt/ubna_data_01_mir/recover-20220825/UBNA_002/20220823_033000.WAV,Telephone Field,recover-20220825,002,1795
1405.8265,1405.8344,36640,67980,Pipistrellus nathusii,0.623,0.679,-1,Echolocation,/mnt/ubna_data_01_mir/recover-20220825/UBNA_002/20220823_033000.WAV,Telephone Field,recover-20220825,002,1795
1405.8275,1405.8348,49531,59361,Pipistrellus pipistrellus,0.02,0.034,-1,Echolocation,/mnt/ubna_data_01_mir/recover-20220825/UBNA_002/20220823_033000.WAV,Telephone Field,recover-20220825,002,1795
1405.8345,1405.8414,25468,36485,Eptesicus serotinus,0.005,0.021,-1,Echolocation,/mnt/ubna_data_01_mir/recover-20220825/UBNA_002/20220823_033000.WAV,Telephone Field,recover-20220825,002,1795
1405.8365,1405.8421,33203,49976,Myotis brandtii,0.009,0.022,-1,Echolocation,/mnt/ubna_data_01_mir/recover-20220825/UBNA_002/20220823_033000.WAV,Telephone Field,recover-20220825,002,1795
1405.8365,1405.8424,37500,51873,Myotis brandtii,0.011,0.021,-1,Echolocation,/mnt/ubna_data_01_mir/recover-20220825/UBNA_002/20220823_033000.WAV,Telephone Field,recover-20220825,002,1795
1405.8395,1405.8693,68437,81352,Rhinolophus ferrumequinum,0.021,0.021,-1,Echolocation,/mnt/ubna_data_01_mir/recover-20220825/UBNA_002/20220823_033000.WAV,Telephone Field,recover-20220825,002,1795
1405.8825,1405.8914,28046,36531,Eptesicus serotinus,0.008,0.023,-1,Echolocation,/mnt/ubna_data_01_mir/recover-20220825/UBNA_002/20220823_033000.WAV,Telephone Field,recover-20220825,002,1795
1405.9215,1405.9279,48671,57889,Pipistrellus pipistrellus,0.024,0.035,-1,Echolocation,/mnt/ubna_data_01_mir/recover-20220825/UBNA_002/20220823_033000.WAV,Telephone Field,recover-20220825,002,1795
1405.9265,1405.9352,36640,63899,Pipistrellus nathusii,0.529,0.611,-1,Echolocation,/mnt/ubna_data_01_mir/recover-20220825/UBNA_002/20220823_033000.WAV,Telephone Field,recover-20220825,002,1795
1405.9265,1405.9339,48671,59514,Pipistrellus pipistrellus,0.02,0.034,-1,Echolocation,/mnt/ubna_data_01_mir/recover-20220825/UBNA_002/20220823_033000.WAV,Telephone Field,recover-20220825,002,1795
1405.9365,1405.9437,37500,51976,Pipistrellus nathusii,0.022,0.048,-1,Echolocation,/mnt/ubna_data_01_mir/recover-20220825/UBNA_002/20220823_033000.WAV,Telephone Field,recover-20220825,002,1795
1405.9365,1405.9434,46953,54620,Pipistrellus pipistrellus,0.012,0.022,-1,Echolocation,/mnt/ubna_data_01_mir/recover-20220825/UBNA_002/20220823_033000.WAV,Telephone Field,recover-20220825,002,1795
1405.9445,1405.9752,68437,80268,Rhinolophus ferrumequinum,0.03,0.03,-1,Echolocation,/mnt/ubna_data_01_mir/recover-20220825/UBNA_002/20220823_033000.WAV,Telephone Field,recover-20220825,002,1795
1405.9635,1405.9737,28046,35562,Eptesicus serotinus,0.011,0.027,-1,Echolocation,/mnt/ubna_data_01_mir/recover-20220825/UBNA_002/20220823_033000.WAV,Telephone Field,recover-20220825,002,1795
1406.0015,1406.0119,46953,55161,Pipistrellus pipistrellus,0.013,0.024,-1,Echolocation,/mnt/ubna_data_01_mir/recover-20220825/UBNA_002/20220823_033000.WAV,Telephone Field,recover-20220825,002,1795
1406.0015,1406.0105,22031,28075,Nyctalus leisleri,0.008,0.024,-1,Echolocation,/mnt/ubna_data_01_mir/recover-20220825/UBNA_002/20220823_033000.WAV,Telephone Field,recover-20220825,002,1795
1406.0015,1406.0314,69296,81662,Rhinolophus ferrumequinum,0.025,0.025,-1,Echolocation,/mnt/ubna_data_01_mir/recover-20220825/UBNA_002/20220823_033000.WAV,Telephone Field,recover-20220825,002,1795
1406.0105,1406.0181,28046,35153,Eptesicus serotinus,0.008,0.028,-1,Echolocation,/mnt/ubna_data_01_mir/recover-20220825/UBNA_002/20220823_033000.WAV,Telephone Field,recover-20220825,002,1795
1406.0225,1406.029,47812,57841,Pipistrellus pipistrellus,0.033,0.055,-1,Echolocation,/mnt/ubna_data_01_mir/recover-20220825/UBNA_002/20220823_033000.WAV,Telephone Field,recover-20220825,002,1795
1406.0245,1406.0312,37500,69327,Pipistrellus nathusii,0.522,0.575,-1,Echolocation,/mnt/ubna_data_01_mir/recover-20220825/UBNA_002/20220823_033000.WAV,Telephone Field,recover-20220825,002,1795
1406.0335,1406.0402,36640,48630,Pipistrellus nathusii,0.015,0.038,-1,Echolocation,/mnt/ubna_data_01_mir/recover-20220825/UBNA_002/20220823_033000.WAV,Telephone Field,recover-20220825,002,1795
1406.0345,1406.0398,28906,42814,Myotis daubentonii,0.012,0.029,-1,Echolocation,/mnt/ubna_data_01_mir/recover-20220825/UBNA_002/20220823_033000.WAV,Telephone Field,recover-20220825,002,1795
1406.0355,1406.0649,68437,81163,Rhinolophus ferrumequinum,0.023,0.023,-1,Echolocation,/mnt/ubna_data_01_mir/recover-20220825/UBNA_002/20220823_033000.WAV,Telephone Field,recover-20220825,002,1795
1406.0665,1406.0747,26328,36476,Eptesicus serotinus,0.008,0.024,-1,Echolocation,/mnt/ubna_data_01_mir/recover-20220825/UBNA_002/20220823_033000.WAV,Telephone Field,recover-20220825,002,1795
1406.1265,1406.1329,47812,59097,Pipistrellus pipistrellus,0.026,0.043,-1,Echolocation,/mnt/ubna_data_01_mir/recover-20220825/UBNA_002/20220823_033000.WAV,Telephone Field,recover-20220825,002,1795
1406.1275,1406.1349,37500,66444,Pipistrellus nathusii,0.535,0.583,-1,Echolocation,/mnt/ubna_data_01_mir/recover-20220825/UBNA_002/20220823_033000.WAV,Telephone Field,recover-20220825,002,1795
1406.1275,1406.1323,28906,64742,Myotis daubentonii,0.013,0.043,-1,Echolocation,/mnt/ubna_data_01_mir/recover-20220825/UBNA_002/20220823_033000.WAV,Telephone Field,recover-20220825,002,1795
1406.1375,1406.1443,37500,55411,Pipistrellus nathusii,0.052,0.103,-1,Echolocation,/mnt/ubna_data_01_mir/recover-20220825/UBNA_002/20220823_033000.WAV,Telephone Field,recover-20220825,002,1795
1406.1445,1406.1762,68437,81153,Rhinolophus ferrumequinum,0.024,0.024,-1,Echolocation,/mnt/ubna_data_01_mir/recover-20220825/UBNA_002/20220823_033000.WAV,Telephone Field,recover-20220825,002,1795
1406.1965,1406.2319,68437,81327,Rhinolophus ferrumequinum,0.023,0.023,-1,Echolocation,/mnt/ubna_data_01_mir/recover-20220825/UBNA_002/20220823_033000.WAV,Telephone Field,recover-20220825,002,1795
1406.1975,1406.2048,50390,56788,Pipistrellus pipistrellus,0.018,0.023,-1,Echolocation,/mnt/ubna_data_01_mir/recover-20220825/UBNA_002/20220823_033000.WAV,Telephone Field,recover-20220825,002,1795
1406.2165,1406.2229,29765,51413,Myotis daubentonii,0.015,0.027,-1,Echolocation,/mnt/ubna_data_01_mir/recover-20220825/UBNA_002/20220823_033000.WAV,Telephone Field,recover-20220825,002,1795
1406.2405,1406.248,32343,52753,Myotis brandtii,0.01,0.026,-1,Echolocation,/mnt/ubna_data_01_mir/recover-20220825/UBNA_002/20220823_033000.WAV,Telephone Field,recover-20220825,002,1795
1406.2655,1406.273,28046,39014,Eptesicus serotinus,0.008,0.026,-1,Echolocation,/mnt/ubna_data_01_mir/recover-20220825/UBNA_002/20220823_033000.WAV,Telephone Field,recover-20220825,002,1795
1406.2775,1406.2855,42656,54153,Myotis brandtii,0.007,0.023,-1,Echolocation,/mnt/ubna_data_01_mir/recover-20220825/UBNA_002/20220823_033000.WAV,Telephone Field,recover-20220825,002,1795
1406.2805,1406.2868,36640,53430,Myotis brandtii,0.011,0.027,-1,Echolocation,/mnt/ubna_data_01_mir/recover-20220825/UBNA_002/20220823_033000.WAV,Telephone Field,recover-20220825,002,1795
1406.3065,1406.3179,55546,62509,Pipistrellus pygmaeus,0.024,0.026,-1,Echolocation,/mnt/ubna_data_01_mir/recover-20220825/UBNA_002/20220823_033000.WAV,Telephone Field,recover-20220825,002,1795
1406.3125,1406.3192,48671,59969,Pipistrellus pipistrellus,0.021,0.039,-1,Echolocation,/mnt/ubna_data_01_mir/recover-20220825/UBNA_002/20220823_033000.WAV,Telephone Field,recover-20220825,002,1795
1406.3145,1406.3215,35781,69880,Pipistrellus nathusii,0.401,0.518,-1,Echolocation,/mnt/ubna_data_01_mir/recover-20220825/UBNA_002/20220823_033000.WAV,Telephone Field,recover-20220825,002,1795
1406.3245,1406.3299,30625,46478,Myotis daubentonii,0.015,0.029,-1,Echolocation,/mnt/ubna_data_01_mir/recover-20220825/UBNA_002/20220823_033000.WAV,Telephone Field,recover-20220825,002,1795
1406.3265,1406.3572,68437,81171,Rhinolophus ferrumequinum,0.025,0.025,-1,Echolocation,/mnt/ubna_data_01_mir/recover-20220825/UBNA_002/20220823_033000.WAV,Telephone Field,recover-20220825,002,1795
1406.3715,1406.3802,28046,40182,Eptesicus serotinus,0.009,0.023,-1,Echolocation,/mnt/ubna_data_01_mir/recover-20220825/UBNA_002/20220823_033000.WAV,Telephone Field,recover-20220825,002,1795
1406.3725,1406.4111,68437,82295,Rhinolophus ferrumequinum,0.025,0.025,-1,Echolocation,/mnt/ubna_data_01_mir/recover-20220825/UBNA_002/20220823_033000.WAV,Telephone Field,recover-20220825,002,1795
1406.3785,1406.4166,68437,82407,Rhinolophus ferrumequinum,0.023,0.023,-1,Echolocation,/mnt/ubna_data_01_mir/recover-20220825/UBNA_002/20220823_033000.WAV,Telephone Field,recover-20220825,002,1795
1406.3795,1406.3863,49531,55275,Pipistrellus pipistrellus,0.02,0.026,-1,Echolocation,/mnt/ubna_data_01_mir/recover-20220825/UBNA_002/20220823_033000.WAV,Telephone Field,recover-20220825,002,1795
1406.4075,1406.4162,53828,58719,Pipistrellus pygmaeus,0.047,0.051,-1,Echolocation,/mnt/ubna_data_01_mir/recover-20220825/UBNA_002/20220823_033000.WAV,Telephone Field,recover-20220825,002,1795
1406.4165,1406.4236,36640,56152,Pipistrellus nathusii,0.607,0.642,-1,Echolocation,/mnt/ubna_data_01_mir/recover-20220825/UBNA_002/20220823_033000.WAV,Telephone Field,recover-20220825,002,1795
1406.4175,1406.4251,46953,53880,Pipistrellus pipistrellus,0.01,0.026,-1,Echolocation,/mnt/ubna_data_01_mir/recover-20220825/UBNA_002/20220823_033000.WAV,Telephone Field,recover-20220825,002,1795
1406.4255,1406.4307,28906,44703,Myotis daubentonii,0.015,0.031,-1,Echolocation,/mnt/ubna_data_01_mir/recover-20220825/UBNA_002/20220823_033000.WAV,Telephone Field,recover-20220825,002,1795
1406.4835,1406.4901,56406,61912,Pipistrellus pygmaeus,0.023,0.024,-1,Echolocation,/mnt/ubna_data_01_mir/recover-20220825/UBNA_002/20220823_033000.WAV,Telephone Field,recover-20220825,002,1795
1406.4915,1406.4978,34921,54246,Myotis brandtii,0.009,0.022,-1,Echolocation,/mnt/ubna_data_01_mir/recover-20220825/UBNA_002/20220823_033000.WAV,Telephone Field,recover-20220825,002,1795
1406.4925,1406.4999,30625,51706,Myotis daubentonii,0.013,0.023,-1,Echolocation,/mnt/ubna_data_01_mir/recover-20220825/UBNA_002/20220823_033000.WAV,Telephone Field,recover-20220825,002,1795
1406.5175,1406.5241,46953,60631,Pipistrellus pipistrellus,0.011,0.035,-1,Echolocation,/mnt/ubna_data_01_mir/recover-20220825/UBNA_002/20220823_033000.WAV,Telephone Field,recover-20220825,002,1795
1406.5195,1406.5274,36640,69143,Pipistrellus nathusii,0.366,0.502,-1,Echolocation,/mnt/ubna_data_01_mir/recover-20220825/UBNA_002/20220823_033000.WAV,Telephone Field,recover-20220825,002,1795
1406.5205,1406.5275,52968,60649,Pipistrellus pipistrellus,0.013,0.026,-1,Echolocation,/mnt/ubna_data_01_mir/recover-20220825/UBNA_002/20220823_033000.WAV,Telephone Field,recover-20220825,002,1795
1406.5245,1406.53,45234,55551,Pipistrellus pipistrellus,0.009,0.03,-1,Echolocation,/mnt/ubna_data_01_mir/recover-20220825/UBNA_002/20220823_033000.WAV,Telephone Field,recover-20220825,002,1795
1406.5335,1406.5625,68437,80537,Rhinolophus ferrumequinum,0.024,0.024,-1,Echolocation,/mnt/ubna_data_01_mir/recover-20220825/UBNA_002/20220823_033000.WAV,Telephone Field,recover-20220825,002,1795
1406.5595,1406.5927,68437,81768,Rhinolophus ferrumequinum,0.022,0.022,-1,Echolocation,/mnt/ubna_data_01_mir/recover-20220825/UBNA_002/20220823_033000.WAV,Telephone Field,recover-20220825,002,1795
1406.5955,1406.607,32343,37283,Pipistrellus nathusii,0.006,0.024,-1,Echolocation,/mnt/ubna_data_01_mir/recover-20220825/UBNA_002/20220823_033000.WAV,Telephone Field,recover-20220825,002,1795
1406.6125,1406.6176,26328,67129,Myotis daubentonii,0.054,0.115,-1,Echolocation,/mnt/ubna_data_01_mir/recover-20220825/UBNA_002/20220823_033000.WAV,Telephone Field,recover-20220825,002,1795
1406.6135,1406.6213,35781,65299,Pipistrellus nathusii,0.548,0.601,-1,Echolocation,/mnt/ubna_data_01_mir/recover-20220825/UBNA_002/20220823_033000.WAV,Telephone Field,recover-20220825,002,1795
1406.6155,1406.6209,46093,58029,Pipistrellus pipistrellus,0.024,0.047,-1,Echolocation,/mnt/ubna_data_01_mir/recover-20220825/UBNA_002/20220823_033000.WAV,Telephone Field,recover-20220825,002,1795
1406.6245,1406.6307,30625,42928,Myotis daubentonii,0.014,0.029,-1,Echolocation,/mnt/ubna_data_01_mir/recover-20220825/UBNA_002/20220823_033000.WAV,Telephone Field,recover-20220825,002,1795
1406.7175,1406.7244,49531,57412,Pipistrellus pipistrellus,0.029,0.053,-1,Echolocation,/mnt/ubna_data_01_mir/recover-20220825/UBNA_002/20220823_033000.WAV,Telephone Field,recover-20220825,002,1795
1406.7205,1406.7282,36640,67700,Pipistrellus nathusii,0.396,0.509,-1,Echolocation,/mnt/ubna_data_01_mir/recover-20220825/UBNA_002/20220823_033000.WAV,Telephone Field,recover-20220825,002,1795
1406.7855,1406.8001,22890,26739,Nyctalus leisleri,0.016,0.028,-1,Echolocation,/mnt/ubna_data_01_mir/recover-20220825/UBNA_002/20220823_033000.WAV,Telephone Field,recover-20220825,002,1795
1406.8235,1406.8316,52968,60512,Pipistrellus pygmaeus,0.06,0.072,-1,Echolocation,/mnt/ubna_data_01_mir/recover-20220825/UBNA_002/20220823_033000.WAV,Telephone Field,recover-20220825,002,1795
1406.8265,1406.833,36640,56404,Pipistrellus nathusii,0.394,0.543,-1,Echolocation,/mnt/ubna_data_01_mir/recover-20220825/UBNA_002/20220823_033000.WAV,Telephone Field,recover-20220825,002,1795
1406.8335,1406.839,24609,38879,Myotis nattereri,0.006,0.025,-1,Echolocation,/mnt/ubna_data_01_mir/recover-20220825/UBNA_002/20220823_033000.WAV,Telephone Field,recover-20220825,002,1795
1406.8495,1406.8565,46953,54166,Pipistrellus pipistrellus,0.019,0.024,-1,Echolocation,/mnt/ubna_data_01_mir/recover-20220825/UBNA_002/20220823_033000.WAV,Telephone Field,recover-20220825,002,1795
1406.8885,1406.8956,38359,60935,Pipistrellus nathusii,0.358,0.543,-1,Echolocation,/mnt/ubna_data_01_mir/recover-20220825/UBNA_002/20220823_033000.WAV,Telephone Field,recover-20220825,002,1795
1406.8995,1406.9056,29765,48046,Myotis daubentonii,0.023,0.037,-1,Echolocation,/mnt/ubna_data_01_mir/recover-20220825/UBNA_002/20220823_033000.WAV,Telephone Field,recover-20220825,002,1795
1406.9145,1406.9237,39218,43374,Pipistrellus nathusii,0.091,0.101,-1,Echolocation,/mnt/ubna_data_01_mir/recover-20220825/UBNA_002/20220823_033000.WAV,Telephone Field,recover-20220825,002,1795
1406.9185,1406.9262,27187,45534,Eptesicus serotinus,0.007,0.023,-1,Echolocation,/mnt/ubna_data_01_mir/recover-20220825/UBNA_002/20220823_033000.WAV,Telephone Field,recover-20220825,002,1795
1406.9485,1406.9557,27187,36016,Eptesicus serotinus,0.007,0.024,-1,Echolocation,/mnt/ubna_data_01_mir/recover-20220825/UBNA_002/20220823_033000.WAV,Telephone Field,recover-20220825,002,1795
1406.9555,1406.9618,49531,56562,Pipistrellus pipistrellus,0.022,0.04,-1,Echolocation,/mnt/ubna_data_01_mir/recover-20220825/UBNA_002/20220823_033000.WAV,Telephone Field,recover-20220825,002,1795
1406.9595,1406.966,36640,58111,Pipistrellus nathusii,0.381,0.604,-1,Echolocation,/mnt/ubna_data_01_mir/recover-20220825/UBNA_002/20220823_033000.WAV,Telephone Field,recover-20220825,002,1795
1406.9695,1406.975,30625,45026,Myotis daubentonii,0.015,0.029,-1,Echolocation,/mnt/ubna_data_01_mir/recover-20220825/UBNA_002/20220823_033000.WAV,Telephone Field,recover-20220825,002,1795
1406.9905,1407.0072,28906,33530,Eptesicus serotinus,0.017,0.031,-1,Echolocation,/mnt/ubna_data_01_mir/recover-20220825/UBNA_002/20220823_033000.WAV,Telephone Field,recover-20220825,002,1795
1406.9925,1407.0331,68437,82686,Rhinolophus ferrumequinum,0.025,0.025,-1,Echolocation,/mnt/ubna_data_01_mir/recover-20220825/UBNA_002/20220823_033000.WAV,Telephone Field,recover-20220825,002,1795
1407.0015,1407.0109,28046,35615,Eptesicus serotinus,0.008,0.024,-1,Echolocation,/mnt/ubna_data_01_mir/recover-20220825/UBNA_002/20220823_033000.WAV,Telephone Field,recover-20220825,002,1795
1407.0385,1407.0441,29765,68027,Myotis brandtii,0.027,0.079,-1,Echolocation,/mnt/ubna_data_01_mir/recover-20220825/UBNA_002/20220823_033000.WAV,Telephone Field,recover-20220825,002,1795
1407.0395,1407.0451,37500,54505,Pipistrellus nathusii,0.417,0.589,-1,Echolocation,/mnt/ubna_data_01_mir/recover-20220825/UBNA_002/20220823_033000.WAV,Telephone Field,recover-20220825,002,1795
1407.0485,1407.0557,26328,34981,Nyctalus leisleri,0.005,0.028,-1,Echolocation,/mnt/ubna_data_01_mir/recover-20220825/UBNA_002/20220823_033000.WAV,Telephone Field,recover-20220825,002,1795
1407.0785,1407.0911,56406,62486,Pipistrellus pygmaeus,0.023,0.024,-1,Echolocation,/mnt/ubna_data_01_mir/recover-20220825/UBNA_002/20220823_033000.WAV,Telephone Field,recover-20220825,002,1795
1407.0835,1407.0902,39218,53429,Myotis brandtii,0.009,0.023,-1,Echolocation,/mnt/ubna_data_01_mir/recover-20220825/UBNA_002/20220823_033000.WAV,Telephone Field,recover-20220825,002,1795
1407.0865,1407.095,28046,36726,Eptesicus serotinus,0.009,0.026,-1,Echolocation,/mnt/ubna_data_01_mir/recover-20220825/UBNA_002/20220823_033000.WAV,Telephone Field,recover-20220825,002,1795
1407.1065,1407.1142,42656,50461,Pipistrellus nathusii,0.018,0.046,-1,Echolocation,/mnt/ubna_data_01_mir/recover-20220825/UBNA_002/20220823_033000.WAV,Telephone Field,recover-20220825,002,1795
1407.1085,1407.114,35781,50393,Myotis daubentonii,0.166,0.497,-1,Echolocation,/mnt/ubna_data_01_mir/recover-20220825/UBNA_002/20220823_033000.WAV,Telephone Field,recover-20220825,002,1795
1407.1175,1407.124,26328,35766,Eptesicus serotinus,0.005,0.024,-1,Echolocation,/mnt/ubna_data_01_mir/recover-20220825/UBNA_002/20220823_033000.WAV,Telephone Field,recover-20220825,002,1795
1407.1175,1407.153,68437,81816,Rhinolophus ferrumequinum,0.023,0.023,-1,Echolocation,/mnt/ubna_data_01_mir/recover-20220825/UBNA_002/20220823_033000.WAV,Telephone Field,recover-20220825,002,1795
1407.1295,1407.1465,16015,21409,Nyctalus noctula,0.028,0.036,-1,Echolocation,/mnt/ubna_data_01_mir/recover-20220825/UBNA_002/20220823_033000.WAV,Telephone Field,recover-20220825,002,1795
1407.1835,1407.1887,37500,53374,Pipistrellus nathusii,0.126,0.407,-1,Echolocation,/mnt/ubna_data_01_mir/recover-20220825/UBNA_002/20220823_033000.WAV,Telephone Field,recover-20220825,002,1795
1407.1915,1407.2053,15156,20789,Nyctalus noctula,0.017,0.029,-1,Echolocation,/mnt/ubna_data_01_mir/recover-20220825/UBNA_002/20220823_033000.WAV,Telephone Field,recover-20220825,002,1795
1407.1915,1407.1983,29765,41803,Myotis daubentonii,0.013,0.023,-1,Echolocation,/mnt/ubna_data_01_mir/recover-20220825/UBNA_002/20220823_033000.WAV,Telephone Field,recover-20220825,002,1795
1407.2505,1407.255,41796,52139,Pipistrellus nathusii,0.292,0.351,-1,Echolocation,/mnt/ubna_data_01_mir/recover-20220825/UBNA_002/20220823_033000.WAV,Telephone Field,recover-20220825,002,1795
1407.2605,1407.2698,27187,41540,Eptesicus serotinus,0.008,0.023,-1,Echolocation,/mnt/ubna_data_01_mir/recover-20220825/UBNA_002/20220823_033000.WAV,Telephone Field,recover-20220825,002,1795
1407.3035,1407.3102,36640,48827,Myotis daubentonii,0.011,0.032,-1,Echolocation,/mnt/ubna_data_01_mir/recover-20220825/UBNA_002/20220823_033000.WAV,Telephone Field,recover-20220825,002,1795
1407.3035,1407.3108,42656,48490,Pipistrellus nathusii,0.024,0.041,-1,Echolocation,/mnt/ubna_data_01_mir/recover-20220825/UBNA_002/20220823_033000.WAV,Telephone Field,recover-20220825,002,1795
1407.3285,1407.3347,40937,53099,Myotis daubentonii,0.058,0.168,-1,Echolocation,/mnt/ubna_data_01_mir/recover-20220825/UBNA_002/20220823_033000.WAV,Telephone Field,recover-20220825,002,1795
1407.3435,1407.3496,37500,57937,Myotis daubentonii,0.015,0.034,-1,Echolocation,/mnt/ubna_data_01_mir/recover-20220825/UBNA_002/20220823_033000.WAV,Telephone Field,recover-20220825,002,1795
1407.3595,1407.3677,44375,49166,Pipistrellus pipistrellus,0.017,0.024,-1,Echolocation,/mnt/ubna_data_01_mir/recover-20220825/UBNA_002/20220823_033000.WAV,Telephone Field,recover-20220825,002,1795
1407.3615,1407.3677,29765,50550,Myotis daubentonii,0.018,0.029,-1,Echolocation,/mnt/ubna_data_01_mir/recover-20220825/UBNA_002/20220823_033000.WAV,Telephone Field,recover-20220825,002,1795
1407.4035,1407.4374,68437,81233,Rhinolophus ferrumequinum,0.028,0.028,-1,Echolocation,/mnt/ubna_data_01_mir/recover-20220825/UBNA_002/20220823_033000.WAV,Telephone Field,recover-20220825,002,1795
1407.4245,1407.4331,27187,40646,Eptesicus serotinus,0.008,0.023,-1,Echolocation,/mnt/ubna_data_01_mir/recover-20220825/UBNA_002/20220823_033000.WAV,Telephone Field,recover-20220825,002,1795
1407.4635,1407.4706,27187,41409,Eptesicus serotinus,0.007,0.026,-1,Echolocation,/mnt/ubna_data_01_mir/recover-20220825/UBNA_002/20220823_033000.WAV,Telephone Field,recover-20220825,002,1795
1407.5185,1407.526,56406,64568,Pipistrellus pygmaeus,0.032,0.033,-1,Echolocation,/mnt/ubna_data_01_mir/recover-20220825/UBNA_002/20220823_033000.WAV,Telephone Field,recover-20220825,002,1795
1407.5315,1407.5386,30625,48053,Myotis daubentonii,0.013,0.025,-1,Echolocation,/mnt/ubna_data_01_mir/recover-20220825/UBNA_002/20220823_033000.WAV,Telephone Field,recover-20220825,002,1795
1407.5405,1407.5503,42656,48288,Pipistrellus nathusii,0.036,0.051,-1,Echolocation,/mnt/ubna_data_01_mir/recover-20220825/UBNA_002/20220823_033000.WAV,Telephone Field,recover-20220825,002,1795
1407.5575,1407.564,30625,48956,Myotis daubentonii,0.015,0.027,-1,Echolocation,/mnt/ubna_data_01_mir/recover-20220825/UBNA_002/20220823_033000.WAV,Telephone Field,recover-20220825,002,1795
1407.5595,1407.5699,40937,49330,Pipistrellus nathusii,0.028,0.039,-1,Echolocation,/mnt/ubna_data_01_mir/recover-20220825/UBNA_002/20220823_033000.WAV,Telephone Field,recover-20220825,002,1795
1407.5925,1407.6026,52968,58326,Pipistrellus pygmaeus,0.021,0.023,-1,Echolocation,/mnt/ubna_data_01_mir/recover-20220825/UBNA_002/20220823_033000.WAV,Telephone Field,recover-20220825,002,1795
1407.5965,1407.6028,38359,57662,Pipistrellus nathusii,0.722,0.736,-1,Echolocation,/mnt/ubna_data_01_mir/recover-20220825/UBNA_002/20220823_033000.WAV,Telephone Field,recover-20220825,002,1795
1407.6055,1407.6111,34062,55433,Myotis brandtii,0.011,0.023,-1,Echolocation,/mnt/ubna_data_01_mir/recover-20220825/UBNA_002/20220823_033000.WAV,Telephone Field,recover-20220825,002,1795
1407.6265,1407.6362,28046,37876,Eptesicus serotinus,0.009,0.023,-1,Echolocation,/mnt/ubna_data_01_mir/recover-20220825/UBNA_002/20220823_033000.WAV,Telephone Field,recover-20220825,002,1795
1407.6465,1407.6535,28046,38385,Eptesicus serotinus,0.013,0.04,-1,Echolocation,/mnt/ubna_data_01_mir/recover-20220825/UBNA_002/20220823_033000.WAV,Telephone Field,recover-20220825,002,1795
1407.6655,1407.6712,29765,59005,Myotis daubentonii,0.013,0.036,-1,Echolocation,/mnt/ubna_data_01_mir/recover-20220825/UBNA_002/20220823_033000.WAV,Telephone Field,recover-20220825,002,1795
1407.6655,1407.6712,48671,53766,Pipistrellus pipistrellus,0.027,0.044,-1,Echolocation,/mnt/ubna_data_01_mir/recover-20220825/UBNA_002/20220823_033000.WAV,Telephone Field,recover-20220825,002,1795
1407.6665,1407.6738,38359,54206,Pipistrellus nathusii,0.602,0.655,-1,Echolocation,/mnt/ubna_data_01_mir/recover-20220825/UBNA_002/20220823_033000.WAV,Telephone Field,recover-20220825,002,1795
1407.7145,1407.7266,35781,40520,Pipistrellus nathusii,0.083,0.099,-1,Echolocation,/mnt/ubna_data_01_mir/recover-20220825/UBNA_002/20220823_033000.WAV,Telephone Field,recover-20220825,002,1795
1407.7425,1407.7521,52968,58608,Pipistrellus pygmaeus,0.027,0.029,-1,Echolocation,/mnt/ubna_data_01_mir/recover-20220825/UBNA_002/20220823_033000.WAV,Telephone Field,recover-20220825,002,1795
1407.7455,1407.7515,27187,58179,Myotis bechsteinii,0.017,0.045,-1,Echolocation,/mnt/ubna_data_01_mir/recover-20220825/UBNA_002/20220823_033000.WAV,Telephone Field,recover-20220825,002,1795
1407.7475,1407.7541,48671,55624,Pipistrellus pipistrellus,0.016,0.028,-1,Echolocation,/mnt/ubna_data_01_mir/recover-20220825/UBNA_002/20220823_033000.WAV,Telephone Field,recover-20220825,002,1795
1407.7475,1407.7542,35781,56087,Pipistrellus nathusii,0.49,0.606,-1,Echolocation,/mnt/ubna_data_01_mir/recover-20220825/UBNA_002/20220823_033000.WAV,Telephone Field,recover-20220825,002,1795
1407.7555,1407.7613,29765,44767,Myotis daubentonii,0.014,0.027,-1,Echolocation,/mnt/ubna_data_01_mir/recover-20220825/UBNA_002/20220823_033000.WAV,Telephone Field,recover-20220825,002,1795
1407.7795,1407.7887,28046,38024,Eptesicus serotinus,0.009,0.025,-1,Echolocation,/mnt/ubna_data_01_mir/recover-20220825/UBNA_002/20220823_033000.WAV,Telephone Field,recover-20220825,002,1795
1407.8265,1407.8328,29765,58644,Myotis bechsteinii,0.009,0.034,-1,Echolocation,/mnt/ubna_data_01_mir/recover-20220825/UBNA_002/20220823_033000.WAV,Telephone Field,recover-20220825,002,1795
1407.8265,1407.8332,45234,54812,Pipistrellus pipistrellus,0.013,0.031,-1,Echolocation,/mnt/ubna_data_01_mir/recover-20220825/UBNA_002/20220823_033000.WAV,Telephone Field,recover-20220825,002,1795
1407.8285,1407.8376,37500,53626,Pipistrellus nathusii,0.538,0.665,-1,Echolocation,/mnt/ubna_data_01_mir/recover-20220825/UBNA_002/20220823_033000.WAV,Telephone Field,recover-20220825,002,1795
1407.8365,1407.8431,26328,36102,Eptesicus serotinus,0.005,0.023,-1,Echolocation,/mnt/ubna_data_01_mir/recover-20220825/UBNA_002/20220823_033000.WAV,Telephone Field,recover-20220825,002,1795
1407.8695,1407.9103,68437,82516,Rhinolophus ferrumequinum,0.025,0.025,-1,Echolocation,/mnt/ubna_data_01_mir/recover-20220825/UBNA_002/20220823_033000.WAV,Telephone Field,recover-20220825,002,1795
1407.8695,1407.8763,49531,55944,Pipistrellus pipistrellus,0.024,0.029,-1,Echolocation,/mnt/ubna_data_01_mir/recover-20220825/UBNA_002/20220823_033000.WAV,Telephone Field,recover-20220825,002,1795
1407.8785,1407.8869,28046,37430,Eptesicus serotinus,0.008,0.024,-1,Echolocation,/mnt/ubna_data_01_mir/recover-20220825/UBNA_002/20220823_033000.WAV,Telephone Field,recover-20220825,002,1795
1407.9125,1407.9193,37500,51725,Pipistrellus nathusii,0.55,0.645,-1,Echolocation,/mnt/ubna_data_01_mir/recover-20220825/UBNA_002/20220823_033000.WAV,Telephone Field,recover-20220825,002,1795
1407.9215,1407.9273,30625,43113,Myotis daubentonii,0.015,0.026,-1,Echolocation,/mnt/ubna_data_01_mir/recover-20220825/UBNA_002/20220823_033000.WAV,Telephone Field,recover-20220825,002,1795
1407.9495,1407.9647,15156,20503,Nyctalus noctula,0.022,0.032,-1,Echolocation,/mnt/ubna_data_01_mir/recover-20220825/UBNA_002/20220823_033000.WAV,Telephone Field,recover-20220825,002,1795
1407.9525,1407.9882,68437,81008,Rhinolophus ferrumequinum,0.022,0.022,-1,Echolocation,/mnt/ubna_data_01_mir/recover-20220825/UBNA_002/20220823_033000.WAV,Telephone Field,recover-20220825,002,1795
1407.9575,1407.9644,50390,60056,Pipistrellus pipistrellus,0.018,0.024,-1,Echolocation,/mnt/ubna_data_01_mir/recover-20220825/UBNA_002/20220823_033000.WAV,Telephone Field,recover-20220825,002,1795
1408.0015,1408.0324,69296,81282,Rhinolophus ferrumequinum,0.049,0.05,-1,Echolocation,/mnt/ubna_data_01_mir/recover-20220825/UBNA_002/20220823_033000.WAV,Telephone Field,recover-20220825,002,1795
1408.0015,1408.0153,20312,24632,Nyctalus leisleri,0.02,0.042,-1,Echolocation,/mnt/ubna_data_01_mir/recover-20220825/UBNA_002/20220823_033000.WAV,Telephone Field,recover-20220825,002,1795
1408.0015,1408.0085,28046,38375,Myotis daubentonii,0.006,0.025,-1,Echolocation,/mnt/ubna_data_01_mir/recover-20220825/UBNA_002/20220823_033000.WAV,Telephone Field,recover-20220825,002,1795
1408.0015,1408.0104,39218,45485,Pipistrellus nathusii,0.02,0.033,-1,Echolocation,/mnt/ubna_data_01_mir/recover-20220825/UBNA_002/20220823_033000.WAV,Telephone Field,recover-20220825,002,1795
1408.0215,1408.0296,46953,54853,Pipistrellus pipistrellus,0.025,0.031,-1,Echolocation,/mnt/ubna_data_01_mir/recover-20220825/UBNA_002/20220823_033000.WAV,Telephone Field,recover-20220825,002,1795
1408.0245,1408.033,27187,40609,Eptesicus serotinus,0.01,0.026,-1,Echolocation,/mnt/ubna_data_01_mir/recover-20220825/UBNA_002/20220823_033000.WAV,Telephone Field,recover-20220825,002,1795
1408.0265,1408.034,40937,50637,Pipistrellus nathusii,0.014,0.03,-1,Echolocation,/mnt/ubna_data_01_mir/recover-20220825/UBNA_002/20220823_033000.WAV,Telephone Field,recover-20220825,002,1795
1408.0415,1408.0521,28046,34375,Eptesicus serotinus,0.012,0.026,-1,Echolocation,/mnt/ubna_data_01_mir/recover-20220825/UBNA_002/20220823_033000.WAV,Telephone Field,recover-20220825,002,1795
1408.0495,1408.057,50390,60602,Pipistrellus pipistrellus,0.02,0.028,-1,Echolocation,/mnt/ubna_data_01_mir/recover-20220825/UBNA_002/20220823_033000.WAV,Telephone Field,recover-20220825,002,1795
1408.0685,1408.1113,68437,83142,Rhinolophus ferrumequinum,0.044,0.044,-1,Echolocation,/mnt/ubna_data_01_mir/recover-20220825/UBNA_002/20220823_033000.WAV,Telephone Field,recover-20220825,002,1795
1408.0775,1408.0835,40937,51016,Pipistrellus nathusii,0.43,0.516,-1,Echolocation,/mnt/ubna_data_01_mir/recover-20220825/UBNA_002/20220823_033000.WAV,Telephone Field,recover-20220825,002,1795
1408.1255,1408.1653,68437,82410,Rhinolophus ferrumequinum,0.025,0.025,-1,Echolocation,/mnt/ubna_data_01_mir/recover-20220825/UBNA_002/20220823_033000.WAV,Telephone Field,recover-20220825,002,1795
1408.1295,1408.1387,36640,42079,Pipistrellus nathusii,0.016,0.03,-1,Echolocation,/mnt/ubna_data_01_mir/recover-20220825/UBNA_002/20220823_033000.WAV,Telephone Field,recover-20220825,002,1795
1408.1315,1408.139,26328,36645,Eptesicus serotinus,0.009,0.029,-1,Echolocation,/mnt/ubna_data_01_mir/recover-20220825/UBNA_002/20220823_033000.WAV,Telephone Field,recover-20220825,002,1795
1408.1315,1408.1385,32343,40834,Barbastellus barbastellus,0.012,0.029,-1,Echolocation,/mnt/ubna_data_01_mir/recover-20220825/UBNA_002/20220823_033000.WAV,Telephone Field,recover-20220825,002,1795
1408.1475,1408.1538,40937,51451,Pipistrellus nathusii,0.137,0.264,-1,Echolocation,/mnt/ubna_data_01_mir/recover-20220825/UBNA_002/20220823_033000.WAV,Telephone Field,recover-20220825,002,1795
1408.1615,1408.1701,27187,34812,Eptesicus serotinus,0.008,0.024,-1,Echolocation,/mnt/ubna_data_01_mir/recover-20220825/UBNA_002/20220823_033000.WAV,Telephone Field,recover-20220825,002,1795
1408.1985,1408.2071,41796,47350,Pipistrellus nathusii,0.245,0.266,-1,Echolocation,/mnt/ubna_data_01_mir/recover-20220825/UBNA_002/20220823_033000.WAV,Telephone Field,recover-20220825,002,1795
1408.2155,1408.2233,27187,38926,Eptesicus serotinus,0.023,0.048,-1,Echolocation,/mnt/ubna_data_01_mir/recover-20220825/UBNA_002/20220823_033000.WAV,Telephone Field,recover-20220825,002,1795
1408.2275,1408.2339,54687,61807,Pipistrellus pygmaeus,0.024,0.024,-1,Echolocation,/mnt/ubna_data_01_mir/recover-20220825/UBNA_002/20220823_033000.WAV,Telephone Field,recover-20220825,002,1795
1408.2475,1408.2543,38359,49379,Pipistrellus nathusii,0.178,0.297,-1,Echolocation,/mnt/ubna_data_01_mir/recover-20220825/UBNA_002/20220823_033000.WAV,Telephone Field,recover-20220825,002,1795
1408.2595,1408.2686,27187,34238,Eptesicus serotinus,0.008,0.024,-1,Echolocation,/mnt/ubna_data_01_mir/recover-20220825/UBNA_002/20220823_033000.WAV,Telephone Field,recover-20220825,002,1795
1408.2685,1408.2758,42656,49929,Pipistrellus nathusii,0.035,0.054,-1,Echolocation,/mnt/ubna_data_01_mir/recover-20220825/UBNA_002/20220823_033000.WAV,Telephone Field,recover-20220825,002,1795
1408.2815,1408.2898,51250,56714,Pipistrellus pygmaeus,0.021,0.026,-1,Echolocation,/mnt/ubna_data_01_mir/recover-20220825/UBNA_002/20220823_033000.WAV,Telephone Field,recover-20220825,002,1795
1408.2825,1408.29,29765,43020,Myotis daubentonii,0.009,0.028,-1,Echolocation,/mnt/ubna_data_01_mir/recover-20220825/UBNA_002/20220823_033000.WAV,Telephone Field,recover-20220825,002,1795
1408.2825,1408.2887,42656,53497,Pipistrellus nathusii,0.01,0.036,-1,Echolocation,/mnt/ubna_data_01_mir/recover-20220825/UBNA_002/20220823_033000.WAV,Telephone Field,recover-20220825,002,1795
1408.2925,1408.3006,41796,47666,Pipistrellus nathusii,0.01,0.026,-1,Echolocation,/mnt/ubna_data_01_mir/recover-20220825/UBNA_002/20220823_033000.WAV,Telephone Field,recover-20220825,002,1795
1408.3655,1408.3735,27187,36686,Eptesicus serotinus,0.009,0.026,-1,Echolocation,/mnt/ubna_data_01_mir/recover-20220825/UBNA_002/20220823_033000.WAV,Telephone Field,recover-20220825,002,1795
1408.3935,1408.4032,37500,42685,Pipistrellus nathusii,0.017,0.031,-1,Echolocation,/mnt/ubna_data_01_mir/recover-20220825/UBNA_002/20220823_033000.WAV,Telephone Field,recover-20220825,002,1795
1408.4135,1408.4221,34062,41980,Pipistrellus nathusii,0.008,0.024,-1,Echolocation,/mnt/ubna_data_01_mir/recover-20220825/UBNA_002/20220823_033000.WAV,Telephone Field,recover-20220825,002,1795
1408.4155,1408.4231,27187,38069,Eptesicus serotinus,0.007,0.024,-1,Echolocation,/mnt/ubna_data_01_mir/recover-20220825/UBNA_002/20220823_033000.WAV,Telephone Field,recover-20220825,002,1795
1408.4275,1408.4357,42656,49743,Pipistrellus nathusii,0.028,0.039,-1,Echolocation,/mnt/ubna_data_01_mir/recover-20220825/UBNA_002/20220823_033000.WAV,Telephone Field,recover-20220825,002,1795
1408.4305,1408.4598,68437,80542,Rhinolophus ferrumequinum,0.023,0.023,-1,Echolocation,/mnt/ubna_data_01_mir/recover-20220825/UBNA_002/20220823_033000.WAV,Telephone Field,recover-20220825,002,1795
1408.4425,1408.4508,28046,38702,Eptesicus serotinus,0.009,0.025,-1,Echolocation,/mnt/ubna_data_01_mir/recover-20220825/UBNA_002/20220823_033000.WAV,Telephone Field,recover-20220825,002,1795
1408.4565,1408.4655,27187,37012,Eptesicus serotinus,0.011,0.026,-1,Echolocation,/mnt/ubna_data_01_mir/recover-20220825/UBNA_002/20220823_033000.WAV,Telephone Field,recover-20220825,002,1795
1408.5185,1408.526,51250,55562,Pipistrellus pygmaeus,0.02,0.037,-1,Echolocation,/mnt/ubna_data_01_mir/recover-20220825/UBNA_002/20220823_033000.WAV,Telephone Field,recover-20220825,002,1795
1408.5215,1408.5281,37500,58397,Pipistrellus nathusii,0.542,0.643,-1,Echolocation,/mnt/ubna_data_01_mir/recover-20220825/UBNA_002/20220823_033000.WAV,Telephone Field,recover-20220825,002,1795
1408.5235,1408.5281,50390,54957,Pipistrellus pipistrellus,0.02,0.037,-1,Echolocation,/mnt/ubna_data_01_mir/recover-20220825/UBNA_002/20220823_033000.WAV,Telephone Field,recover-20220825,002,1795
1408.5445,1408.5552,23750,28761,Nyctalus leisleri,0.011,0.023,-1,Echolocation,/mnt/ubna_data_01_mir/recover-20220825/UBNA_002/20220823_033000.WAV,Telephone Field,recover-20220825,002,1795
1408.5815,1408.5886,50390,54559,Pipistrellus pipistrellus,0.03,0.052,-1,Echolocation,/mnt/ubna_data_01_mir/recover-20220825/UBNA_002/20220823_033000.WAV,Telephone Field,recover-20220825,002,1795
1408.5845,1408.5906,43515,56018,Pipistrellus nathusii,0.026,0.053,-1,Echolocation,/mnt/ubna_data_01_mir/recover-20220825/UBNA_002/20220823_033000.WAV,Telephone Field,recover-20220825,002,1795
1408.5855,1408.5914,35781,58317,Pipistrellus nathusii,0.4,0.604,-1,Echolocation,/mnt/ubna_data_01_mir/recover-20220825/UBNA_002/20220823_033000.WAV,Telephone Field,recover-20220825,002,1795
1408.5955,1408.6013,31484,42166,Myotis daubentonii,0.011,0.023,-1,Echolocation,/mnt/ubna_data_01_mir/recover-20220825/UBNA_002/20220823_033000.WAV,Telephone Field,recover-20220825,002,1795
1408.5995,1408.6186,19453,22837,Nyctalus leisleri,0.012,0.026,-1,Echolocation,/mnt/ubna_data_01_mir/recover-20220825/UBNA_002/20220823_033000.WAV,Telephone Field,recover-20220825,002,1795
1408.6125,1408.6197,56406,62737,Pipistrellus pygmaeus,0.031,0.032,-1,Echolocation,/mnt/ubna_data_01_mir/recover-20220825/UBNA_002/20220823_033000.WAV,Telephone Field,recover-20220825,002,1795
1408.6155,1408.6289,30625,35781,Eptesicus serotinus,0.012,0.029,-1,Echolocation,/mnt/ubna_data_01_mir/recover-20220825/UBNA_002/20220823_033000.WAV,Telephone Field,recover-20220825,002,1795
1408.6345,1408.6412,28046,36854,Barbastellus barbastellus,0.019,0.051,-1,Echolocation,/mnt/ubna_data_01_mir/recover-20220825/UBNA_002/20220823_033000.WAV,Telephone Field,recover-20220825,002,1795
1408.6395,1408.6467,49531,56167,Pipistrellus pipistrellus,0.018,0.024,-1,Echolocation,/mnt/ubna_data_01_mir/recover-20220825/UBNA_002/20220823_033000.WAV,Telephone Field,recover-20220825,002,1795
1408.6605,1408.6668,24609,37345,Plecotus auritus,0.006,0.024,-1,Echolocation,/mnt/ubna_data_01_mir/recover-20220825/UBNA_002/20220823_033000.WAV,Telephone Field,recover-20220825,002,1795
1408.6615,1408.6674,36640,45443,Pipistrellus nathusii,0.417,0.611,-1,Echolocation,/mnt/ubna_data_01_mir/recover-20220825/UBNA_002/20220823_033000.WAV,Telephone Field,recover-20220825,002,1795
1408.6865,1408.7257,68437,82100,Rhinolophus ferrumequinum,0.024,0.024,-1,Echolocation,/mnt/ubna_data_01_mir/recover-20220825/UBNA_002/20220823_033000.WAV,Telephone Field,recover-20220825,002,1795
1408.7135,1408.7237,43515,50788,Pipistrellus nathusii,0.028,0.039,-1,Echolocation,/mnt/ubna_data_01_mir/recover-20220825/UBNA_002/20220823_033000.WAV,Telephone Field,recover-20220825,002,1795
1408.7385,1408.7449,38359,49712,Pipistrellus nathusii,0.359,0.486,-1,Echolocation,/mnt/ubna_data_01_mir/recover-20220825/UBNA_002/20220823_033000.WAV,Telephone Field,recover-20220825,002,1795
1408.7515,1408.7607,27187,34730,Eptesicus serotinus,0.009,0.024,-1,Echolocation,/mnt/ubna_data_01_mir/recover-20220825/UBNA_002/20220823_033000.WAV,Telephone Field,recover-20220825,002,1795
1408.7625,1408.7708,27187,36144,Eptesicus serotinus,0.009,0.024,-1,Echolocation,/mnt/ubna_data_01_mir/recover-20220825/UBNA_002/20220823_033000.WAV,Telephone Field,recover-20220825,002,1795
1408.7675,1408.7738,47812,52755,Pipistrellus pipistrellus,0.02,0.024,-1,Echolocation,/mnt/ubna_data_01_mir/recover-20220825/UBNA_002/20220823_033000.WAV,Telephone Field,recover-20220825,002,1795
1408.7695,1408.8053,68437,81828,Rhinolophus ferrumequinum,0.023,0.023,-1,Echolocation,/mnt/ubna_data_01_mir/recover-20220825/UBNA_002/20220823_033000.WAV,Telephone Field,recover-20220825,002,1795
1408.7765,1408.7854,28046,35642,Eptesicus serotinus,0.012,0.025,-1,Echolocation,/mnt/ubna_data_01_mir/recover-20220825/UBNA_002/20220823_033000.WAV,Telephone Field,recover-20220825,002,1795
1408.7915,1408.8002,40937,48263,Pipistrellus nathusii,0.017,0.029,-1,Echolocation,/mnt/ubna_data_01_mir/recover-20220825/UBNA_002/20220823_033000.WAV,Telephone Field,recover-20220825,002,1795
1408.8135,1408.8518,68437,81887,Rhinolophus ferrumequinum,0.028,0.028,-1,Echolocation,/mnt/ubna_data_01_mir/recover-20220825/UBNA_002/20220823_033000.WAV,Telephone Field,recover-20220825,002,1795
1408.8175,1408.8241,36640,48865,Pipistrellus nathusii,0.367,0.584,-1,Echolocation,/mnt/ubna_data_01_mir/recover-20220825/UBNA_002/20220823_033000.WAV,Telephone Field,recover-20220825,002,1795
1408.8215,1408.8286,56406,68948,Pipistrellus pygmaeus,0.022,0.023,-1,Echolocation,/mnt/ubna_data_01_mir/recover-20220825/UBNA_002/20220823_033000.WAV,Telephone Field,recover-20220825,002,1795
1408.8295,1408.8353,30625,47272,Myotis daubentonii,0.016,0.027,-1,Echolocation,/mnt/ubna_data_01_mir/recover-20220825/UBNA_002/20220823_033000.WAV,Telephone Field,recover-20220825,002,1795
1408.8555,1408.891,68437,80948,Rhinolophus ferrumequinum,0.023,0.023,-1,Echolocation,/mnt/ubna_data_01_mir/recover-20220825/UBNA_002/20220823_033000.WAV,Telephone Field,recover-20220825,002,1795
1408.9045,1408.91,37500,47825,Pipistrellus nathusii,0.224,0.394,-1,Echolocation,/mnt/ubna_data_01_mir/recover-20220825/UBNA_002/20220823_033000.WAV,Telephone Field,recover-20220825,002,1795
1408.9315,1408.9393,26328,42298,Eptesicus serotinus,0.009,0.025,-1,Echolocation,/mnt/ubna_data_01_mir/recover-20220825/UBNA_002/20220823_033000.WAV,Telephone Field,recover-20220825,002,1795
1408.9325,1408.9405,38359,45345,Pipistrellus nathusii,0.026,0.043,-1,Echolocation,/mnt/ubna_data_01_mir/recover-20220825/UBNA_002/20220823_033000.WAV,Telephone Field,recover-20220825,002,1795
1408.9875,1408.9943,37500,49723,Pipistrellus nathusii,0.493,0.626,-1,Echolocation,/mnt/ubna_data_01_mir/recover-20220825/UBNA_002/20220823_033000.WAV,Telephone Field,recover-20220825,002,1795
1409.0185,1409.0287,53828,58794,Pipistrellus pygmaeus,0.102,0.109,-1,Echolocation,/mnt/ubna_data_01_mir/recover-20220825/UBNA_002/20220823_033000.WAV,Telephone Field,recover-20220825,002,1795
1409.0355,1409.0439,27187,35151,Eptesicus serotinus,0.012,0.031,-1,Echolocation,/mnt/ubna_data_01_mir/recover-20220825/UBNA_002/20220823_033000.WAV,Telephone Field,recover-20220825,002,1795
1409.0355,1409.0453,32343,37361,Barbastellus barbastellus,0.01,0.027,-1,Echolocation,/mnt/ubna_data_01_mir/recover-20220825/UBNA_002/20220823_033000.WAV,Telephone Field,recover-20220825,002,1795
1409.0375,1409.076,68437,82568,Rhinolophus ferrumequinum,0.026,0.026,-1,Echolocation,/mnt/ubna_data_01_mir/recover-20220825/UBNA_002/20220823_033000.WAV,Telephone Field,recover-20220825,002,1795
1409.0655,1409.075,26328,34713,Eptesicus serotinus,0.02,0.039,-1,Echolocation,/mnt/ubna_data_01_mir/recover-20220825/UBNA_002/20220823_033000.WAV,Telephone Field,recover-20220825,002,1795
1409.0755,1409.0833,39218,48569,Pipistrellus nathusii,0.493,0.599,-1,Echolocation,/mnt/ubna_data_01_mir/recover-20220825/UBNA_002/20220823_033000.WAV,Telephone Field,recover-20220825,002,1795
1409.0855,1409.0939,26328,36490,Eptesicus serotinus,0.008,0.024,-1,Echolocation,/mnt/ubna_data_01_mir/recover-20220825/UBNA_002/20220823_033000.WAV,Telephone Field,recover-20220825,002,1795
1409.1045,1409.1125,28046,40712,Eptesicus serotinus,0.008,0.023,-1,Echolocation,/mnt/ubna_data_01_mir/recover-20220825/UBNA_002/20220823_033000.WAV,Telephone Field,recover-20220825,002,1795
1409.1685,1409.1756,55546,62839,Pipistrellus pygmaeus,0.034,0.035,-1,Echolocation,/mnt/ubna_data_01_mir/recover-20220825/UBNA_002/20220823_033000.WAV,Telephone Field,recover-20220825,002,1795
1409.1785,1409.1881,27187,35006,Eptesicus serotinus,0.018,0.033,-1,Echolocation,/mnt/ubna_data_01_mir/recover-20220825/UBNA_002/20220823_033000.WAV,Telephone Field,recover-20220825,002,1795
1409.1945,1409.2035,40937,46579,Pipistrellus nathusii,0.021,0.031,-1,Echolocation,/mnt/ubna_data_01_mir/recover-20220825/UBNA_002/20220823_033000.WAV,Telephone Field,recover-20220825,002,1795
1409.2075,1409.2427,68437,81971,Rhinolophus ferrumequinum,0.024,0.024,-1,Echolocation,/mnt/ubna_data_01_mir/recover-20220825/UBNA_002/20220823_033000.WAV,Telephone Field,recover-20220825,002,1795
1409.2365,1409.2418,34921,47876,Myotis daubentonii,0.019,0.032,-1,Echolocation,/mnt/ubna_data_01_mir/recover-20220825/UBNA_002/20220823_033000.WAV,Telephone Field,recover-20220825,002,1795
1409.2415,1409.2526,22890,27045,Nyctalus leisleri,0.013,0.025,-1,Echolocation,/mnt/ubna_data_01_mir/recover-20220825/UBNA_002/20220823_033000.WAV,Telephone Field,recover-20220825,002,1795
1409.2515,1409.258,40078,52254,Pipistrellus nathusii,0.333,0.441,-1,Echolocation,/mnt/ubna_data_01_mir/recover-20220825/UBNA_002/20220823_033000.WAV,Telephone Field,recover-20220825,002,1795
1409.3175,1409.3251,27187,38050,Eptesicus serotinus,0.009,0.024,-1,Echolocation,/mnt/ubna_data_01_mir/recover-20220825/UBNA_002/20220823_033000.WAV,Telephone Field,recover-20220825,002,1795
1409.3235,1409.3335,39218,43892,Pipistrellus nathusii,0.072,0.081,-1,Echolocation,/mnt/ubna_data_01_mir/recover-20220825/UBNA_002/20220823_033000.WAV,Telephone Field,recover-20220825,002,1795
1409.3365,1409.3427,40078,51293,Pipistrellus nathusii,0.192,0.355,-1,Echolocation,/mnt/ubna_data_01_mir/recover-20220825/UBNA_002/20220823_033000.WAV,Telephone Field,recover-20220825,002,1795
1409.3465,1409.3539,25468,35255,Eptesicus serotinus,0.008,0.027,-1,Echolocation,/mnt/ubna_data_01_mir/recover-20220825/UBNA_002/20220823_033000.WAV,Telephone Field,recover-20220825,002,1795
1409.3675,1409.3752,54687,63074,Pipistrellus pygmaeus,0.032,0.034,-1,Echolocation,/mnt/ubna_data_01_mir/recover-20220825/UBNA_002/20220823_033000.WAV,Telephone Field,recover-20220825,002,1795
1409.3695,1409.3785,28046,36598,Eptesicus serotinus,0.009,0.024,-1,Echolocation,/mnt/ubna_data_01_mir/recover-20220825/UBNA_002/20220823_033000.WAV,Telephone Field,recover-20220825,002,1795
1409.3925,1409.4024,42656,52245,Pipistrellus nathusii,0.022,0.035,-1,Echolocation,/mnt/ubna_data_01_mir/recover-20220825/UBNA_002/20220823_033000.WAV,Telephone Field,recover-20220825,002,1795
1409.3925,1409.3999,26328,38356,Eptesicus serotinus,0.008,0.025,-1,Echolocation,/mnt/ubna_data_01_mir/recover-20220825/UBNA_002/20220823_033000.WAV,Telephone Field,recover-20220825,002,1795
1409.4265,1409.4329,38359,50531,Pipistrellus nathusii,0.43,0.556,-1,Echolocation,/mnt/ubna_data_01_mir/recover-20220825/UBNA_002/20220823_033000.WAV,Telephone Field,recover-20220825,002,1795
1409.4345,1409.4409,31484,42473,Myotis daubentonii,0.012,0.024,-1,Echolocation,/mnt/ubna_data_01_mir/recover-20220825/UBNA_002/20220823_033000.WAV,Telephone Field,recover-20220825,002,1795
1409.4825,1409.4888,48671,56512,Pipistrellus pipistrellus,0.031,0.034,-1,Echolocation,/mnt/ubna_data_01_mir/recover-20220825/UBNA_002/20220823_033000.WAV,Telephone Field,recover-20220825,002,1795
1409.4835,1409.5249,68437,83057,Rhinolophus ferrumequinum,0.046,0.046,-1,Echolocation,/mnt/ubna_data_01_mir/recover-20220825/UBNA_002/20220823_033000.WAV,Telephone Field,recover-20220825,002,1795
1409.5195,1409.5273,38359,50850,Pipistrellus nathusii,0.391,0.562,-1,Echolocation,/mnt/ubna_data_01_mir/recover-20220825/UBNA_002/20220823_033000.WAV,Telephone Field,recover-20220825,002,1795
1409.5715,1409.5785,38359,49137,Myotis brandtii,0.008,0.027,-1,Echolocation,/mnt/ubna_data_01_mir/recover-20220825/UBNA_002/20220823_033000.WAV,Telephone Field,recover-20220825,002,1795
1409.5905,1409.5987,27187,38427,Eptesicus serotinus,0.01,0.025,-1,Echolocation,/mnt/ubna_data_01_mir/recover-20220825/UBNA_002/20220823_033000.WAV,Telephone Field,recover-20220825,002,1795
1409.6095,1409.6158,39218,50690,Pipistrellus nathusii,0.443,0.591,-1,Echolocation,/mnt/ubna_data_01_mir/recover-20220825/UBNA_002/20220823_033000.WAV,Telephone Field,recover-20220825,002,1795
1409.6185,1409.6243,32343,43808,Myotis daubentonii,0.014,0.025,-1,Echolocation,/mnt/ubna_data_01_mir/recover-20220825/UBNA_002/20220823_033000.WAV,Telephone Field,recover-20220825,002,1795
1409.6455,1409.685,68437,81651,Rhinolophus ferrumequinum,0.024,0.024,-1,Echolocation,/mnt/ubna_data_01_mir/recover-20220825/UBNA_002/20220823_033000.WAV,Telephone Field,recover-20220825,002,1795
1409.6495,1409.6671,21171,25507,Nyctalus leisleri,0.013,0.03,-1,Echolocation,/mnt/ubna_data_01_mir/recover-20220825/UBNA_002/20220823_033000.WAV,Telephone Field,recover-20220825,002,1795
1409.6835,1409.6909,40937,49740,Pipistrellus nathusii,0.012,0.027,-1,Echolocation,/mnt/ubna_data_01_mir/recover-20220825/UBNA_002/20220823_033000.WAV,Telephone Field,recover-20220825,002,1795
1409.6835,1409.6916,26328,36360,Eptesicus serotinus,0.009,0.027,-1,Echolocation,/mnt/ubna_data_01_mir/recover-20220825/UBNA_002/20220823_033000.WAV,Telephone Field,recover-20220825,002,1795
1409.6875,1409.6955,35781,42421,Barbastellus barbastellus,0.014,0.03,-1,Echolocation,/mnt/ubna_data_01_mir/recover-20220825/UBNA_002/20220823_033000.WAV,Telephone Field,recover-20220825,002,1795
1409.7165,1409.7241,37500,46131,Pipistrellus nathusii,0.486,0.596,-1,Echolocation,/mnt/ubna_data_01_mir/recover-20220825/UBNA_002/20220823_033000.WAV,Telephone Field,recover-20220825,002,1795
1409.7185,1409.7255,24609,35645,Eptesicus serotinus,0.005,0.025,-1,Echolocation,/mnt/ubna_data_01_mir/recover-20220825/UBNA_002/20220823_033000.WAV,Telephone Field,recover-20220825,002,1795
1409.7295,1409.7378,27187,34843,Eptesicus serotinus,0.008,0.025,-1,Echolocation,/mnt/ubna_data_01_mir/recover-20220825/UBNA_002/20220823_033000.WAV,Telephone Field,recover-20220825,002,1795
1409.8045,1409.8115,50390,53449,Pipistrellus pipistrellus,0.017,0.026,-1,Echolocation,/mnt/ubna_data_01_mir/recover-20220825/UBNA_002/20220823_033000.WAV,Telephone Field,recover-20220825,002,1795
1409.8075,1409.8137,38359,54434,Pipistrellus nathusii,0.616,0.706,-1,Echolocation,/mnt/ubna_data_01_mir/recover-20220825/UBNA_002/20220823_033000.WAV,Telephone Field,recover-20220825,002,1795
1409.8155,1409.8208,30625,41199,Myotis daubentonii,0.013,0.027,-1,Echolocation,/mnt/ubna_data_01_mir/recover-20220825/UBNA_002/20220823_033000.WAV,Telephone Field,recover-20220825,002,1795
1409.8645,1409.8724,45234,50768,Pipistrellus pipistrellus,0.022,0.025,-1,Echolocation,/mnt/ubna_data_01_mir/recover-20220825/UBNA_002/20220823_033000.WAV,Telephone Field,recover-20220825,002,1795
1409.8875,1409.8932,38359,56582,Pipistrellus nathusii,0.343,0.582,-1,Echolocation,/mnt/ubna_data_01_mir/recover-20220825/UBNA_002/20220823_033000.WAV,Telephone Field,recover-20220825,002,1795
1409.9735,1409.9842,37500,41742,Pipistrellus nathusii,0.013,0.023,-1,Echolocation,/mnt/ubna_data_01_mir/recover-20220825/UBNA_002/20220823_033000.WAV,Telephone Field,recover-20220825,002,1795
1409.9875,1409.9957,39218,54161,Pipistrellus nathusii,0.547,0.626,-1,Echolocation,/mnt/ubna_data_01_mir/recover-20220825/UBNA_002/20220823_033000.WAV,Telephone Field,recover-20220825,002,1795
1410.0015,1410.0107,22890,31404,Nyctalus leisleri,0.009,0.028,-1,Echolocation,/mnt/ubna_data_01_mir/recover-20220825/UBNA_002/20220823_033000.WAV,Telephone Field,recover-20220825,002,1795
1410.0015,1410.011,48671,57948,Pipistrellus pipistrellus,0.024,0.032,-1,Echolocation,/mnt/ubna_data_01_mir/recover-20220825/UBNA_002/20220823_033000.WAV,Telephone Field,recover-20220825,002,1795
1410.0115,1410.0198,27187,38833,Eptesicus serotinus,0.008,0.021,-1,Echolocation,/mnt/ubna_data_01_mir/recover-20220825/UBNA_002/20220823_033000.WAV,Telephone Field,recover-20220825,002,1795
1410.0255,1410.0643,68437,82797,Rhinolophus ferrumequinum,0.03,0.03,-1,Echolocation,/mnt/ubna_data_01_mir/recover-20220825/UBNA_002/20220823_033000.WAV,Telephone Field,recover-20220825,002,1795
1410.0555,1410.0615,32343,58766,Myotis brandtii,0.011,0.024,-1,Echolocation,/mnt/ubna_data_01_mir/recover-20220825/UBNA_002/20220823_033000.WAV,Telephone Field,recover-20220825,002,1795
1410.0555,1410.0626,40937,51749,Myotis brandtii,0.008,0.027,-1,Echolocation,/mnt/ubna_data_01_mir/recover-20220825/UBNA_002/20220823_033000.WAV,Telephone Field,recover-20220825,002,1795
1410.0685,1410.0759,28046,35334,Eptesicus serotinus,0.007,0.025,-1,Echolocation,/mnt/ubna_data_01_mir/recover-20220825/UBNA_002/20220823_033000.WAV,Telephone Field,recover-20220825,002,1795
1410.0815,1410.0874,30625,60359,Myotis bechsteinii,0.016,0.038,-1,Echolocation,/mnt/ubna_data_01_mir/recover-20220825/UBNA_002/20220823_033000.WAV,Telephone Field,recover-20220825,002,1795
1410.0825,1410.0897,49531,55124,Pipistrellus pipistrellus,0.014,0.024,-1,Echolocation,/mnt/ubna_data_01_mir/recover-20220825/UBNA_002/20220823_033000.WAV,Telephone Field,recover-20220825,002,1795
1410.0825,1410.0901,38359,59647,Pipistrellus nathusii,0.712,0.748,-1,Echolocation,/mnt/ubna_data_01_mir/recover-20220825/UBNA_002/20220823_033000.WAV,Telephone Field,recover-20220825,002,1795
1410.0975,1410.1331,68437,82383,Rhinolophus ferrumequinum,0.029,0.029,-1,Echolocation,/mnt/ubna_data_01_mir/recover-20220825/UBNA_002/20220823_033000.WAV,Telephone Field,recover-20220825,002,1795
1410.1405,1410.1472,57265,63096,Pipistrellus pygmaeus,0.021,0.021,-1,Echolocation,/mnt/ubna_data_01_mir/recover-20220825/UBNA_002/20220823_033000.WAV,Telephone Field,recover-20220825,002,1795
1410.1645,1410.1749,28046,34875,Eptesicus serotinus,0.008,0.021,-1,Echolocation,/mnt/ubna_data_01_mir/recover-20220825/UBNA_002/20220823_033000.WAV,Telephone Field,recover-20220825,002,1795
1410.1885,1410.1978,43515,50338,Pipistrellus pipistrellus,0.009,0.023,-1,Echolocation,/mnt/ubna_data_01_mir/recover-20220825/UBNA_002/20220823_033000.WAV,Telephone Field,recover-20220825,002,1795
1410.2525,1410.2857,68437,81402,Rhinolophus ferrumequinum,0.024,0.024,-1,Echolocation,/mnt/ubna_data_01_mir/recover-20220825/UBNA_002/20220823_033000.WAV,Telephone Field,recover-20220825,002,1795
1410.2605,1410.2676,49531,55487,Pipistrellus pipistrellus,0.02,0.03,-1,Echolocation,/mnt/ubna_data_01_mir/recover-20220825/UBNA_002/20220823_033000.WAV,Telephone Field,recover-20220825,002,1795
1410.2605,1410.2919,68437,81027,Rhinolophus ferrumequinum,0.022,0.022,-1,Echolocation,/mnt/ubna_data_01_mir/recover-20220825/UBNA_002/20220823_033000.WAV,Telephone Field,recover-20220825,002,1795
1410.2625,1410.2706,36640,59919,Pipistrellus nathusii,0.458,0.576,-1,Echolocation,/mnt/ubna_data_01_mir/recover-20220825/UBNA_002/20220823_033000.WAV,Telephone Field,recover-20220825,002,1795
1410.2715,1410.2774,35781,49992,Myotis brandtii,0.014,0.031,-1,Echolocation,/mnt/ubna_data_01_mir/recover-20220825/UBNA_002/20220823_033000.WAV,Telephone Field,recover-20220825,002,1795
1410.3595,1410.3678,37500,59068,Pipistrellus nathusii,0.62,0.687,-1,Echolocation,/mnt/ubna_data_01_mir/recover-20220825/UBNA_002/20220823_033000.WAV,Telephone Field,recover-20220825,002,1795
1410.3625,1410.3709,21171,34260,Myotis nattereri,0.008,0.022,-1,Echolocation,/mnt/ubna_data_01_mir/recover-20220825/UBNA_002/20220823_033000.WAV,Telephone Field,recover-20220825,002,1795
1410.3975,1410.4042,46953,53420,Pipistrellus pipistrellus,0.018,0.022,-1,Echolocation,/mnt/ubna_data_01_mir/recover-20220825/UBNA_002/20220823_033000.WAV,Telephone Field,recover-20220825,002,1795
1410.4405,1410.4472,25468,34259,Plecotus austriacus,0.007,0.022,-1,Echolocation,/mnt/ubna_data_01_mir/recover-20220825/UBNA_002/20220823_033000.WAV,Telephone Field,recover-20220825,002,1795
1410.4465,1410.4831,68437,81741,Rhinolophus ferrumequinum,0.023,0.023,-1,Echolocation,/mnt/ubna_data_01_mir/recover-20220825/UBNA_002/20220823_033000.WAV,Telephone Field,recover-20220825,002,1795
1410.4545,1410.461,49531,57035,Pipistrellus pipistrellus,0.017,0.03,-1,Echolocation,/mnt/ubna_data_01_mir/recover-20220825/UBNA_002/20220823_033000.WAV,Telephone Field,recover-20220825,002,1795
1410.4555,1410.4653,36640,61876,Pipistrellus nathusii,0.321,0.542,-1,Echolocation,/mnt/ubna_data_01_mir/recover-20220825/UBNA_002/20220823_033000.WAV,Telephone Field,recover-20220825,002,1795
1410.5275,1410.5349,27187,46278,Eptesicus serotinus,0.008,0.023,-1,Echolocation,/mnt/ubna_data_01_mir/recover-20220825/UBNA_002/20220823_033000.WAV,Telephone Field,recover-20220825,002,1795
1410.5535,1410.5602,46093,57048,Pipistrellus pipistrellus,0.012,0.031,-1,Echolocation,/mnt/ubna_data_01_mir/recover-20220825/UBNA_002/20220823_033000.WAV,Telephone Field,recover-20220825,002,1795
1410.5545,1410.5607,30625,63700,Myotis bechsteinii,0.015,0.037,-1,Echolocation,/mnt/ubna_data_01_mir/recover-20220825/UBNA_002/20220823_033000.WAV,Telephone Field,recover-20220825,002,1795
1410.5555,1410.5641,37500,59855,Pipistrellus nathusii,0.611,0.668,-1,Echolocation,/mnt/ubna_data_01_mir/recover-20220825/UBNA_002/20220823_033000.WAV,Telephone Field,recover-20220825,002,1795
1410.5705,1410.6022,68437,81381,Rhinolophus ferrumequinum,0.021,0.021,-1,Echolocation,/mnt/ubna_data_01_mir/recover-20220825/UBNA_002/20220823_033000.WAV,Telephone Field,recover-20220825,002,1795
1410.6185,1410.6279,43515,51200,Pipistrellus pipistrellus,0.012,0.024,-1,Echolocation,/mnt/ubna_data_01_mir/recover-20220825/UBNA_002/20220823_033000.WAV,Telephone Field,recover-20220825,002,1795
1410.6445,1410.6514,45234,56044,Pipistrellus pipistrellus,0.011,0.026,-1,Echolocation,/mnt/ubna_data_01_mir/recover-20220825/UBNA_002/20220823_033000.WAV,Telephone Field,recover-20220825,002,1795
1410.6455,1410.6531,28906,65856,Myotis bechsteinii,0.054,0.078,-1,Echolocation,/mnt/ubna_data_01_mir/recover-20220825/UBNA_002/20220823_033000.WAV,Telephone Field,recover-20220825,002,1795
1410.6475,1410.6548,35781,57854,Pipistrellus nathusii,0.298,0.458,-1,Echolocation,/mnt/ubna_data_01_mir/recover-20220825/UBNA_002/20220823_033000.WAV,Telephone Field,recover-20220825,002,1795
1410.6565,1410.6628,33203,47128,Myotis daubentonii,0.009,0.024,-1,Echolocation,/mnt/ubna_data_01_mir/recover-20220825/UBNA_002/20220823_033000.WAV,Telephone Field,recover-20220825,002,1795
1410.6905,1410.6995,28046,35694,Eptesicus serotinus,0.008,0.021,-1,Echolocation,/mnt/ubna_data_01_mir/recover-20220825/UBNA_002/20220823_033000.WAV,Telephone Field,recover-20220825,002,1795
1410.6995,1410.7073,27187,35892,Eptesicus serotinus,0.01,0.027,-1,Echolocation,/mnt/ubna_data_01_mir/recover-20220825/UBNA_002/20220823_033000.WAV,Telephone Field,recover-20220825,002,1795
1410.7465,1410.753,30625,68411,Myotis bechsteinii,0.031,0.055,-1,Echolocation,/mnt/ubna_data_01_mir/recover-20220825/UBNA_002/20220823_033000.WAV,Telephone Field,recover-20220825,002,1795
1410.7465,1410.7534,49531,56229,Pipistrellus pipistrellus,0.022,0.036,-1,Echolocation,/mnt/ubna_data_01_mir/recover-20220825/UBNA_002/20220823_033000.WAV,Telephone Field,recover-20220825,002,1795
1410.7485,1410.7573,37500,61097,Pipistrellus nathusii,0.614,0.688,-1,Echolocation,/mnt/ubna_data_01_mir/recover-20220825/UBNA_002/20220823_033000.WAV,Telephone Field,recover-20220825,002,1795
1410.7565,1410.7625,27187,40386,Eptesicus serotinus,0.004,0.023,-1,Echolocation,/mnt/ubna_data_01_mir/recover-20220825/UBNA_002/20220823_033000.WAV,Telephone Field,recover-20220825,002,1795
1410.7575,1410.7631,34062,47254,Myotis brandtii,0.01,0.026,-1,Echolocation,/mnt/ubna_data_01_mir/recover-20220825/UBNA_002/20220823_033000.WAV,Telephone Field,recover-20220825,002,1795
1410.7625,1410.7945,68437,80842,Rhinolophus ferrumequinum,0.021,0.022,-1,Echolocation,/mnt/ubna_data_01_mir/recover-20220825/UBNA_002/20220823_033000.WAV,Telephone Field,recover-20220825,002,1795
1410.7895,1410.7991,24609,31486,Nyctalus leisleri,0.01,0.032,-1,Echolocation,/mnt/ubna_data_01_mir/recover-20220825/UBNA_002/20220823_033000.WAV,Telephone Field,recover-20220825,002,1795
1410.8445,1410.8523,30625,68661,Myotis bechsteinii,0.023,0.04,-1,Echolocation,/mnt/ubna_data_01_mir/recover-20220825/UBNA_002/20220823_033000.WAV,Telephone Field,recover-20220825,002,1795
1410.8465,1410.8567,56406,63647,Pipistrellus pygmaeus,0.02,0.022,-1,Echolocation,/mnt/ubna_data_01_mir/recover-20220825/UBNA_002/20220823_033000.WAV,Telephone Field,recover-20220825,002,1795
1410.8465,1410.8545,37500,66477,Pipistrellus nathusii,0.573,0.654,-1,Echolocation,/mnt/ubna_data_01_mir/recover-20220825/UBNA_002/20220823_033000.WAV,Telephone Field,recover-20220825,002,1795
1410.8485,1410.8559,47812,57568,Pipistrellus pipistrellus,0.01,0.025,-1,Echolocation,/mnt/ubna_data_01_mir/recover-20220825/UBNA_002/20220823_033000.WAV,Telephone Field,recover-20220825,002,1795
1410.8555,1410.8608,36640,49374,Myotis brandtii,0.014,0.032,-1,Echolocation,/mnt/ubna_data_01_mir/recover-20220825/UBNA_002/20220823_033000.WAV,Telephone Field,recover-20220825,002,1795
1410.8605,1410.8932,68437,81094,Rhinolophus ferrumequinum,0.024,0.024,-1,Echolocation,/mnt/ubna_data_01_mir/recover-20220825/UBNA_002/20220823_033000.WAV,Telephone Field,recover-20220825,002,1795
1410.9385,1410.9451,28046,35737,Eptesicus serotinus,0.007,0.024,-1,Echolocation,/mnt/ubna_data_01_mir/recover-20220825/UBNA_002/20220823_033000.WAV,Telephone Field,recover-20220825,002,1795
1410.9445,1410.9499,48671,60843,Pipistrellus pipistrellus,0.01,0.024,-1,Echolocation,/mnt/ubna_data_01_mir/recover-20220825/UBNA_002/20220823_033000.WAV,Telephone Field,recover-20220825,002,1795
1410.9505,1410.9837,68437,81791,Rhinolophus ferrumequinum,0.024,0.024,-1,Echolocation,/mnt/ubna_data_01_mir/recover-20220825/UBNA_002/20220823_033000.WAV,Telephone Field,recover-20220825,002,1795
1410.9515,1410.9602,37500,65052,Pipistrellus nathusii,0.535,0.628,-1,Echolocation,/mnt/ubna_data_01_mir/recover-20220825/UBNA_002/20220823_033000.WAV,Telephone Field,recover-20220825,002,1795
1410.9525,1410.9604,49531,57734,Pipistrellus pipistrellus,0.018,0.032,-1,Echolocation,/mnt/ubna_data_01_mir/recover-20220825/UBNA_002/20220823_033000.WAV,Telephone Field,recover-20220825,002,1795
1410.9855,1411.0227,68437,82142,Rhinolophus ferrumequinum,0.021,0.021,-1,Echolocation,/mnt/ubna_data_01_mir/recover-20220825/UBNA_002/20220823_033000.WAV,Telephone Field,recover-20220825,002,1795
1411.0105,1411.0175,57265,63130,Pipistrellus pygmaeus,0.021,0.021,-1,Echolocation,/mnt/ubna_data_01_mir/recover-20220825/UBNA_002/20220823_033000.WAV,Telephone Field,recover-20220825,002,1795
1411.0545,1411.0624,38359,69011,Pipistrellus nathusii,0.605,0.689,-1,Echolocation,/mnt/ubna_data_01_mir/recover-20220825/UBNA_002/20220823_033000.WAV,Telephone Field,recover-20220825,002,1795
1411.0545,1411.0604,28906,72208,Myotis bechsteinii,0.031,0.055,-1,Echolocation,/mnt/ubna_data_01_mir/recover-20220825/UBNA_002/20220823_033000.WAV,Telephone Field,recover-20220825,002,1795
1411.0565,1411.064,49531,56475,Pipistrellus pipistrellus,0.015,0.03,-1,Echolocation,/mnt/ubna_data_01_mir/recover-20220825/UBNA_002/20220823_033000.WAV,Telephone Field,recover-20220825,002,1795
1411.0635,1411.0692,38359,50712,Myotis brandtii,0.018,0.036,-1,Echolocation,/mnt/ubna_data_01_mir/recover-20220825/UBNA_002/20220823_033000.WAV,Telephone Field,recover-20220825,002,1795
1411.0695,1411.1037,68437,81422,Rhinolophus ferrumequinum,0.024,0.024,-1,Echolocation,/mnt/ubna_data_01_mir/recover-20220825/UBNA_002/20220823_033000.WAV,Telephone Field,recover-20220825,002,1795
1411.0885,1411.1283,68437,82484,Rhinolophus ferrumequinum,0.022,0.022,-1,Echolocation,/mnt/ubna_data_01_mir/recover-20220825/UBNA_002/20220823_033000.WAV,Telephone Field,recover-20220825,002,1795
1411.0895,1411.1027,53828,58674,Pipistrellus pygmaeus,0.04,0.043,-1,Echolocation,/mnt/ubna_data_01_mir/recover-20220825/UBNA_002/20220823_033000.WAV,Telephone Field,recover-20220825,002,1795
1411.1085,1411.151,68437,83473,Rhinolophus ferrumequinum,0.029,0.029,-1,Echolocation,/mnt/ubna_data_01_mir/recover-20220825/UBNA_002/20220823_033000.WAV,Telephone Field,recover-20220825,002,1795
1411.1095,1411.1171,46093,53104,Pipistrellus pipistrellus,0.019,0.024,-1,Echolocation,/mnt/ubna_data_01_mir/recover-20220825/UBNA_002/20220823_033000.WAV,Telephone Field,recover-20220825,002,1795
1411.1235,1411.1657,68437,83475,Rhinolophus ferrumequinum,0.025,0.025,-1,Echolocation,/mnt/ubna_data_01_mir/recover-20220825/UBNA_002/20220823_033000.WAV,Telephone Field,recover-20220825,002,1795
1411.1395,1411.1456,30625,40196,Myotis daubentonii,0.009,0.021,-1,Echolocation,/mnt/ubna_data_01_mir/recover-20220825/UBNA_002/20220823_033000.WAV,Telephone Field,recover-20220825,002,1795
1411.1475,1411.1625,22031,26016,Nyctalus leisleri,0.015,0.029,-1,Echolocation,/mnt/ubna_data_01_mir/recover-20220825/UBNA_002/20220823_033000.WAV,Telephone Field,recover-20220825,002,1795
1411.1525,1411.1612,48671,54863,Pipistrellus pipistrellus,0.017,0.03,-1,Echolocation,/mnt/ubna_data_01_mir/recover-20220825/UBNA_002/20220823_033000.WAV,Telephone Field,recover-20220825,002,1795
1411.1555,1411.1622,30625,75716,Myotis bechsteinii,0.049,0.084,-1,Echolocation,/mnt/ubna_data_01_mir/recover-20220825/UBNA_002/20220823_033000.WAV,Telephone Field,recover-20220825,002,1795
1411.1565,1411.1647,37500,65752,Pipistrellus nathusii,0.569,0.659,-1,Echolocation,/mnt/ubna_data_01_mir/recover-20220825/UBNA_002/20220823_033000.WAV,Telephone Field,recover-20220825,002,1795
1411.1575,1411.166,49531,57577,Pipistrellus pipistrellus,0.019,0.032,-1,Echolocation,/mnt/ubna_data_01_mir/recover-20220825/UBNA_002/20220823_033000.WAV,Telephone Field,recover-20220825,002,1795
1411.2265,1411.2644,68437,82439,Rhinolophus ferrumequinum,0.021,0.021,-1,Echolocation,/mnt/ubna_data_01_mir/recover-20220825/UBNA_002/20220823_033000.WAV,Telephone Field,recover-20220825,002,1795
1411.2395,1411.2465,30625,39388,Barbastellus barbastellus,0.011,0.033,-1,Echolocation,/mnt/ubna_data_01_mir/recover-20220825/UBNA_002/20220823_033000.WAV,Telephone Field,recover-20220825,002,1795
1411.2505,1411.264,18593,24110,Nyctalus noctula,0.03,0.059,-1,Echolocation,/mnt/ubna_data_01_mir/recover-20220825/UBNA_002/20220823_033000.WAV,Telephone Field,recover-20220825,002,1795
1411.2535,1411.2605,30625,74699,Myotis bechsteinii,0.027,0.046,-1,Echolocation,/mnt/ubna_data_01_mir/recover-20220825/UBNA_002/20220823_033000.WAV,Telephone Field,recover-20220825,002,1795
1411.2545,1411.2628,37500,69320,Pipistrellus nathusii,0.546,0.62,-1,Echolocation,/mnt/ubna_data_01_mir/recover-20220825/UBNA_002/20220823_033000.WAV,Telephone Field,recover-20220825,002,1795
1411.2565,1411.2647,48671,57275,Pipistrellus pipistrellus,0.019,0.036,-1,Echolocation,/mnt/ubna_data_01_mir/recover-20220825/UBNA_002/20220823_033000.WAV,Telephone Field,recover-20220825,002,1795
1411.2635,1411.2691,37500,50455,Myotis brandtii,0.018,0.038,-1,Echolocation,/mnt/ubna_data_01_mir/recover-20220825/UBNA_002/20220823_033000.WAV,Telephone Field,recover-20220825,002,1795
1411.2645,1411.2714,26328,37630,Eptesicus serotinus,0.005,0.022,-1,Echolocation,/mnt/ubna_data_01_mir/recover-20220825/UBNA_002/20220823_033000.WAV,Telephone Field,recover-20220825,002,1795
1411.3035,1411.3109,50390,57806,Pipistrellus pipistrellus,0.017,0.023,-1,Echolocation,/mnt/ubna_data_01_mir/recover-20220825/UBNA_002/20220823_033000.WAV,Telephone Field,recover-20220825,002,1795
1411.3465,1411.3526,28906,69424,Myotis bechsteinii,0.036,0.056,-1,Echolocation,/mnt/ubna_data_01_mir/recover-20220825/UBNA_002/20220823_033000.WAV,Telephone Field,recover-20220825,002,1795
1411.3465,1411.3531,48671,55910,Pipistrellus pipistrellus,0.025,0.046,-1,Echolocation,/mnt/ubna_data_01_mir/recover-20220825/UBNA_002/20220823_033000.WAV,Telephone Field,recover-20220825,002,1795
1411.3485,1411.3567,36640,70523,Pipistrellus nathusii,0.568,0.616,-1,Echolocation,/mnt/ubna_data_01_mir/recover-20220825/UBNA_002/20220823_033000.WAV,Telephone Field,recover-20220825,002,1795
1411.3565,1411.3626,26328,38433,Eptesicus serotinus,0.004,0.023,-1,Echolocation,/mnt/ubna_data_01_mir/recover-20220825/UBNA_002/20220823_033000.WAV,Telephone Field,recover-20220825,002,1795
1411.3585,1411.364,34062,49909,Myotis brandtii,0.01,0.023,-1,Echolocation,/mnt/ubna_data_01_mir/recover-20220825/UBNA_002/20220823_033000.WAV,Telephone Field,recover-20220825,002,1795
1411.3955,1411.4059,28046,34920,Eptesicus serotinus,0.021,0.037,-1,Echolocation,/mnt/ubna_data_01_mir/recover-20220825/UBNA_002/20220823_033000.WAV,Telephone Field,recover-20220825,002,1795
1411.4125,1411.4504,68437,81995,Rhinolophus ferrumequinum,0.023,0.023,-1,Echolocation,/mnt/ubna_data_01_mir/recover-20220825/UBNA_002/20220823_033000.WAV,Telephone Field,recover-20220825,002,1795
1411.4235,1411.4339,22031,27152,Nyctalus leisleri,0.009,0.022,-1,Echolocation,/mnt/ubna_data_01_mir/recover-20220825/UBNA_002/20220823_033000.WAV,Telephone Field,recover-20220825,002,1795
1411.4305,1411.4397,28906,36205,Eptesicus serotinus,0.011,0.029,-1,Echolocation,/mnt/ubna_data_01_mir/recover-20220825/UBNA_002/20220823_033000.WAV,Telephone Field,recover-20220825,002,1795
1411.4455,1411.452,29765,72609,Myotis bechsteinii,0.024,0.048,-1,Echolocation,/mnt/ubna_data_01_mir/recover-20220825/UBNA_002/20220823_033000.WAV,Telephone Field,recover-20220825,002,1795
1411.4465,1411.4541,38359,64826,Pipistrellus nathusii,0.717,0.74,-1,Echolocation,/mnt/ubna_data_01_mir/recover-20220825/UBNA_002/20220823_033000.WAV,Telephone Field,recover-20220825,002,1795
1411.4465,1411.454,50390,59490,Pipistrellus pipistrellus,0.017,0.03,-1,Echolocation,/mnt/ubna_data_01_mir/recover-20220825/UBNA_002/20220823_033000.WAV,Telephone Field,recover-20220825,002,1795
1411.4545,1411.4604,37500,49618,Myotis brandtii,0.014,0.029,-1,Echolocation,/mnt/ubna_data_01_mir/recover-20220825/UBNA_002/20220823_033000.WAV,Telephone Field,recover-20220825,002,1795
1411.4565,1411.4644,27187,36305,Eptesicus serotinus,0.006,0.024,-1,Echolocation,/mnt/ubna_data_01_mir/recover-20220825/UBNA_002/20220823_033000.WAV,Telephone Field,recover-20220825,002,1795
1411.4605,1411.4944,68437,81442,Rhinolophus ferrumequinum,0.026,0.026,-1,Echolocation,/mnt/ubna_data_01_mir/recover-20220825/UBNA_002/20220823_033000.WAV,Telephone Field,recover-20220825,002,1795
1411.4875,1411.497,26328,36792,Eptesicus serotinus,0.009,0.023,-1,Echolocation,/mnt/ubna_data_01_mir/recover-20220825/UBNA_002/20220823_033000.WAV,Telephone Field,recover-20220825,002,1795
1411.4995,1411.5348,68437,82530,Rhinolophus ferrumequinum,0.022,0.022,-1,Echolocation,/mnt/ubna_data_01_mir/recover-20220825/UBNA_002/20220823_033000.WAV,Telephone Field,recover-20220825,002,1795
1411.5425,1411.5486,28046,80150,Myotis bechsteinii,0.078,0.102,-1,Echolocation,/mnt/ubna_data_01_mir/recover-20220825/UBNA_002/20220823_033000.WAV,Telephone Field,recover-20220825,002,1795
1411.5425,1411.5497,37500,67625,Pipistrellus nathusii,0.495,0.583,-1,Echolocation,/mnt/ubna_data_01_mir/recover-20220825/UBNA_002/20220823_033000.WAV,Telephone Field,recover-20220825,002,1795
1411.5445,1411.5524,49531,57799,Pipistrellus pipistrellus,0.019,0.034,-1,Echolocation,/mnt/ubna_data_01_mir/recover-20220825/UBNA_002/20220823_033000.WAV,Telephone Field,recover-20220825,002,1795
1411.5515,1411.5586,37500,49790,Pipistrellus nathusii,0.018,0.04,-1,Echolocation,/mnt/ubna_data_01_mir/recover-20220825/UBNA_002/20220823_033000.WAV,Telephone Field,recover-20220825,002,1795
1411.5535,1411.5599,26328,38482,Eptesicus serotinus,0.006,0.03,-1,Echolocation,/mnt/ubna_data_01_mir/recover-20220825/UBNA_002/20220823_033000.WAV,Telephone Field,recover-20220825,002,1795
1411.5725,1411.6091,68437,82512,Rhinolophus ferrumequinum,0.021,0.022,-1,Echolocation,/mnt/ubna_data_01_mir/recover-20220825/UBNA_002/20220823_033000.WAV,Telephone Field,recover-20220825,002,1795
1411.6195,1411.6274,28046,35963,Eptesicus serotinus,0.008,0.025,-1,Echolocation,/mnt/ubna_data_01_mir/recover-20220825/UBNA_002/20220823_033000.WAV,Telephone Field,recover-20220825,002,1795
1411.6325,1411.6389,28046,77888,Myotis bechsteinii,0.085,0.115,-1,Echolocation,/mnt/ubna_data_01_mir/recover-20220825/UBNA_002/20220823_033000.WAV,Telephone Field,recover-20220825,002,1795
1411.6335,1411.6403,35781,69080,Pipistrellus nathusii,0.432,0.519,-1,Echolocation,/mnt/ubna_data_01_mir/recover-20220825/UBNA_002/20220823_033000.WAV,Telephone Field,recover-20220825,002,1795
1411.6345,1411.6403,49531,57206,Pipistrellus pipistrellus,0.034,0.064,-1,Echolocation,/mnt/ubna_data_01_mir/recover-20220825/UBNA_002/20220823_033000.WAV,Telephone Field,recover-20220825,002,1795
1411.6435,1411.6716,68437,80468,Rhinolophus ferrumequinum,0.024,0.025,-1,Echolocation,/mnt/ubna_data_01_mir/recover-20220825/UBNA_002/20220823_033000.WAV,Telephone Field,recover-20220825,002,1795
1411.6435,1411.6489,30625,46152,Myotis daubentonii,0.009,0.026,-1,Echolocation,/mnt/ubna_data_01_mir/recover-20220825/UBNA_002/20220823_033000.WAV,Telephone Field,recover-20220825,002,1795
1411.6815,1411.7196,68437,82547,Rhinolophus ferrumequinum,0.021,0.021,-1,Echolocation,/mnt/ubna_data_01_mir/recover-20220825/UBNA_002/20220823_033000.WAV,Telephone Field,recover-20220825,002,1795
1411.7155,1411.7221,27187,36673,Eptesicus serotinus,0.007,0.028,-1,Echolocation,/mnt/ubna_data_01_mir/recover-20220825/UBNA_002/20220823_033000.WAV,Telephone Field,recover-20220825,002,1795
1411.7155,1411.7207,33203,43688,Myotis daubentonii,0.009,0.026,-1,Echolocation,/mnt/ubna_data_01_mir/recover-20220825/UBNA_002/20220823_033000.WAV,Telephone Field,recover-20220825,002,1795
1411.7285,1411.7343,29765,80293,Myotis bechsteinii,0.05,0.076,-1,Echolocation,/mnt/ubna_data_01_mir/recover-20220825/UBNA_002/20220823_033000.WAV,Telephone Field,recover-20220825,002,1795
1411.7285,1411.7361,38359,69003,Pipistrellus nathusii,0.52,0.625,-1,Echolocation,/mnt/ubna_data_01_mir/recover-20220825/UBNA_002/20220823_033000.WAV,Telephone Field,recover-20220825,002,1795
1411.7295,1411.7374,49531,58932,Pipistrellus pipistrellus,0.025,0.042,-1,Echolocation,/mnt/ubna_data_01_mir/recover-20220825/UBNA_002/20220823_033000.WAV,Telephone Field,recover-20220825,002,1795
1411.7375,1411.7519,16015,24862,Nyctalus noctula,0.019,0.028,-1,Echolocation,/mnt/ubna_data_01_mir/recover-20220825/UBNA_002/20220823_033000.WAV,Telephone Field,recover-20220825,002,1795
1411.7385,1411.7439,34921,47983,Myotis brandtii,0.012,0.029,-1,Echolocation,/mnt/ubna_data_01_mir/recover-20220825/UBNA_002/20220823_033000.WAV,Telephone Field,recover-20220825,002,1795
1411.7425,1411.774,68437,80867,Rhinolophus ferrumequinum,0.024,0.024,-1,Echolocation,/mnt/ubna_data_01_mir/recover-20220825/UBNA_002/20220823_033000.WAV,Telephone Field,recover-20220825,002,1795
1411.8365,1411.8422,28046,37008,Eptesicus serotinus,0.004,0.022,-1,Echolocation,/mnt/ubna_data_01_mir/recover-20220825/UBNA_002/20220823_033000.WAV,Telephone Field,recover-20220825,002,1795
1411.8475,1411.855,38359,69668,Pipistrellus nathusii,0.609,0.66,-1,Echolocation,/mnt/ubna_data_01_mir/recover-20220825/UBNA_002/20220823_033000.WAV,Telephone Field,recover-20220825,002,1795
1411.8495,1411.8558,50390,58557,Pipistrellus pipistrellus,0.012,0.032,-1,Echolocation,/mnt/ubna_data_01_mir/recover-20220825/UBNA_002/20220823_033000.WAV,Telephone Field,recover-20220825,002,1795
1411.8575,1411.8629,34921,51360,Myotis brandtii,0.014,0.03,-1,Echolocation,/mnt/ubna_data_01_mir/recover-20220825/UBNA_002/20220823_033000.WAV,Telephone Field,recover-20220825,002,1795
1411.8885,1411.8976,28906,36957,Eptesicus serotinus,0.009,0.024,-1,Echolocation,/mnt/ubna_data_01_mir/recover-20220825/UBNA_002/20220823_033000.WAV,Telephone Field,recover-20220825,002,1795
1411.9195,1411.9597,68437,82690,Rhinolophus ferrumequinum,0.022,0.022,-1,Echolocation,/mnt/ubna_data_01_mir/recover-20220825/UBNA_002/20220823_033000.WAV,Telephone Field,recover-20220825,002,1795
1411.9405,1411.9472,29765,76801,Myotis bechsteinii,0.044,0.09,-1,Echolocation,/mnt/ubna_data_01_mir/recover-20220825/UBNA_002/20220823_033000.WAV,Telephone Field,recover-20220825,002,1795
1411.9415,1411.9489,36640,67042,Pipistrellus nathusii,0.526,0.602,-1,Echolocation,/mnt/ubna_data_01_mir/recover-20220825/UBNA_002/20220823_033000.WAV,Telephone Field,recover-20220825,002,1795
1411.9435,1411.9506,47812,54501,Pipistrellus pipistrellus,0.018,0.034,-1,Echolocation,/mnt/ubna_data_01_mir/recover-20220825/UBNA_002/20220823_033000.WAV,Telephone Field,recover-20220825,002,1795
1411.9555,1411.9855,68437,80570,Rhinolophus ferrumequinum,0.023,0.023,-1,Echolocation,/mnt/ubna_data_01_mir/recover-20220825/UBNA_002/20220823_033000.WAV,Telephone Field,recover-20220825,002,1795
1412.0015,1412.0289,70156,79866,Rhinolophus ferrumequinum,0.047,0.048,-1,Echolocation,/mnt/ubna_data_01_mir/recover-20220825/UBNA_002/20220823_033000.WAV,Telephone Field,recover-20220825,002,1795
1412.0015,1412.0123,52968,59645,Pipistrellus pygmaeus,0.022,0.026,-1,Echolocation,/mnt/ubna_data_01_mir/recover-20220825/UBNA_002/20220823_033000.WAV,Telephone Field,recover-20220825,002,1795
1412.0015,1412.0095,48671,55777,Pipistrellus pipistrellus,0.021,0.032,-1,Echolocation,/mnt/ubna_data_01_mir/recover-20220825/UBNA_002/20220823_033000.WAV,Telephone Field,recover-20220825,002,1795
1412.0015,1412.0096,23750,32181,Nyctalus leisleri,0.01,0.032,-1,Echolocation,/mnt/ubna_data_01_mir/recover-20220825/UBNA_002/20220823_033000.WAV,Telephone Field,recover-20220825,002,1795
1412.0145,1412.0225,27187,38590,Eptesicus serotinus,0.009,0.025,-1,Echolocation,/mnt/ubna_data_01_mir/recover-20220825/UBNA_002/20220823_033000.WAV,Telephone Field,recover-20220825,002,1795
1412.0375,1412.0432,39218,65470,Pipistrellus nathusii,0.36,0.445,-1,Echolocation,/mnt/ubna_data_01_mir/recover-20220825/UBNA_002/20220823_033000.WAV,Telephone Field,recover-20220825,002,1795
1412.0395,1412.0498,48671,55352,Pipistrellus pipistrellus,0.022,0.036,-1,Echolocation,/mnt/ubna_data_01_mir/recover-20220825/UBNA_002/20220823_033000.WAV,Telephone Field,recover-20220825,002,1795
1412.0465,1412.0523,36640,52135,Myotis brandtii,0.014,0.026,-1,Echolocation,/mnt/ubna_data_01_mir/recover-20220825/UBNA_002/20220823_033000.WAV,Telephone Field,recover-20220825,002,1795
1412.0475,1412.0568,28046,33241,Nyctalus leisleri,0.007,0.025,-1,Echolocation,/mnt/ubna_data_01_mir/recover-20220825/UBNA_002/20220823_033000.WAV,Telephone Field,recover-20220825,002,1795
1412.0795,1412.089,23750,31526,Eptesicus serotinus,0.007,0.023,-1,Echolocation,/mnt/ubna_data_01_mir/recover-20220825/UBNA_002/20220823_033000.WAV,Telephone Field,recover-20220825,002,1795
1412.0805,1412.0927,15156,21179,Nyctalus noctula,0.018,0.029,-1,Echolocation,/mnt/ubna_data_01_mir/recover-20220825/UBNA_002/20220823_033000.WAV,Telephone Field,recover-20220825,002,1795
1412.1045,1412.1126,46953,52850,Pipistrellus pipistrellus,0.037,0.044,-1,Echolocation,/mnt/ubna_data_01_mir/recover-20220825/UBNA_002/20220823_033000.WAV,Telephone Field,recover-20220825,002,1795
1412.1295,1412.1452,52109,58256,Pipistrellus pygmaeus,0.017,0.028,-1,Echolocation,/mnt/ubna_data_01_mir/recover-20220825/UBNA_002/20220823_033000.WAV,Telephone Field,recover-20220825,002,1795
1412.1335,1412.1392,39218,64786,Pipistrellus nathusii,0.48,0.529,-1,Echolocation,/mnt/ubna_data_01_mir/recover-20220825/UBNA_002/20220823_033000.WAV,Telephone Field,recover-20220825,002,1795
1412.1345,1412.1413,50390,56831,Pipistrellus pipistrellus,0.016,0.029,-1,Echolocation,/mnt/ubna_data_01_mir/recover-20220825/UBNA_002/20220823_033000.WAV,Telephone Field,recover-20220825,002,1795
1412.1435,1412.1492,34062,53015,Myotis brandtii,0.014,0.027,-1,Echolocation,/mnt/ubna_data_01_mir/recover-20220825/UBNA_002/20220823_033000.WAV,Telephone Field,recover-20220825,002,1795
1412.2135,1412.2264,51250,55975,Pipistrellus pygmaeus,0.026,0.037,-1,Echolocation,/mnt/ubna_data_01_mir/recover-20220825/UBNA_002/20220823_033000.WAV,Telephone Field,recover-20220825,002,1795
1412.2175,1412.2236,40078,59521,Pipistrellus nathusii,0.363,0.536,-1,Echolocation,/mnt/ubna_data_01_mir/recover-20220825/UBNA_002/20220823_033000.WAV,Telephone Field,recover-20220825,002,1795
1412.2195,1412.2345,16015,22779,Nyctalus noctula,0.016,0.026,-1,Echolocation,/mnt/ubna_data_01_mir/recover-20220825/UBNA_002/20220823_033000.WAV,Telephone Field,recover-20220825,002,1795
1412.2255,1412.2307,32343,44217,Myotis daubentonii,0.01,0.022,-1,Echolocation,/mnt/ubna_data_01_mir/recover-20220825/UBNA_002/20220823_033000.WAV,Telephone Field,recover-20220825,002,1795
1412.2325,1412.2659,68437,81208,Rhinolophus ferrumequinum,0.023,0.023,-1,Echolocation,/mnt/ubna_data_01_mir/recover-20220825/UBNA_002/20220823_033000.WAV,Telephone Field,recover-20220825,002,1795
1412.2445,1412.2809,68437,81002,Rhinolophus ferrumequinum,0.023,0.023,-1,Echolocation,/mnt/ubna_data_01_mir/recover-20220825/UBNA_002/20220823_033000.WAV,Telephone Field,recover-20220825,002,1795
1412.2445,1412.2534,26328,35258,Eptesicus serotinus,0.014,0.035,-1,Echolocation,/mnt/ubna_data_01_mir/recover-20220825/UBNA_002/20220823_033000.WAV,Telephone Field,recover-20220825,002,1795
1412.2785,1412.2857,56406,61317,Pipistrellus pygmaeus,0.027,0.027,-1,Echolocation,/mnt/ubna_data_01_mir/recover-20220825/UBNA_002/20220823_033000.WAV,Telephone Field,recover-20220825,002,1795
1412.2805,1412.2882,27187,38396,Eptesicus serotinus,0.008,0.023,-1,Echolocation,/mnt/ubna_data_01_mir/recover-20220825/UBNA_002/20220823_033000.WAV,Telephone Field,recover-20220825,002,1795
1412.2995,1412.3063,28046,36435,Eptesicus serotinus,0.006,0.025,-1,Echolocation,/mnt/ubna_data_01_mir/recover-20220825/UBNA_002/20220823_033000.WAV,Telephone Field,recover-20220825,002,1795
1412.3115,1412.317,28906,74671,Myotis brandtii,0.021,0.046,-1,Echolocation,/mnt/ubna_data_01_mir/recover-20220825/UBNA_002/20220823_033000.WAV,Telephone Field,recover-20220825,002,1795
1412.3115,1412.3167,40937,57520,Pipistrellus nathusii,0.284,0.445,-1,Echolocation,/mnt/ubna_data_01_mir/recover-20220825/UBNA_002/20220823_033000.WAV,Telephone Field,recover-20220825,002,1795
1412.3735,1412.3865,58984,65725,Pipistrellus pygmaeus,0.047,0.047,-1,Echolocation,/mnt/ubna_data_01_mir/recover-20220825/UBNA_002/20220823_033000.WAV,Telephone Field,recover-20220825,002,1795
1412.4095,1412.4153,40078,60344,Pipistrellus nathusii,0.211,0.486,-1,Echolocation,/mnt/ubna_data_01_mir/recover-20220825/UBNA_002/20220823_033000.WAV,Telephone Field,recover-20220825,002,1795
1412.4105,1412.4167,49531,53958,Pipistrellus pipistrellus,0.017,0.032,-1,Echolocation,/mnt/ubna_data_01_mir/recover-20220825/UBNA_002/20220823_033000.WAV,Telephone Field,recover-20220825,002,1795
1412.4105,1412.4151,28046,78339,Myotis bechsteinii,0.038,0.083,-1,Echolocation,/mnt/ubna_data_01_mir/recover-20220825/UBNA_002/20220823_033000.WAV,Telephone Field,recover-20220825,002,1795
1412.4335,1412.4483,22031,25521,Nyctalus leisleri,0.016,0.025,-1,Echolocation,/mnt/ubna_data_01_mir/recover-20220825/UBNA_002/20220823_033000.WAV,Telephone Field,recover-20220825,002,1795
1412.4635,1412.47,34921,49573,Myotis brandtii,0.009,0.023,-1,Echolocation,/mnt/ubna_data_01_mir/recover-20220825/UBNA_002/20220823_033000.WAV,Telephone Field,recover-20220825,002,1795
1412.4815,1412.4903,27187,35305,Eptesicus serotinus,0.011,0.028,-1,Echolocation,/mnt/ubna_data_01_mir/recover-20220825/UBNA_002/20220823_033000.WAV,Telephone Field,recover-20220825,002,1795
1412.4815,1412.4879,33203,40854,Barbastellus barbastellus,0.011,0.028,-1,Echolocation,/mnt/ubna_data_01_mir/recover-20220825/UBNA_002/20220823_033000.WAV,Telephone Field,recover-20220825,002,1795
1412.4855,1412.4921,53828,59608,Pipistrellus pygmaeus,0.021,0.023,-1,Echolocation,/mnt/ubna_data_01_mir/recover-20220825/UBNA_002/20220823_033000.WAV,Telephone Field,recover-20220825,002,1795
1412.4955,1412.501,29765,69229,Myotis brandtii,0.017,0.034,-1,Echolocation,/mnt/ubna_data_01_mir/recover-20220825/UBNA_002/20220823_033000.WAV,Telephone Field,recover-20220825,002,1795
1412.4955,1412.5032,41796,51608,Pipistrellus nathusii,0.444,0.475,-1,Echolocation,/mnt/ubna_data_01_mir/recover-20220825/UBNA_002/20220823_033000.WAV,Telephone Field,recover-20220825,002,1795
1412.5865,1412.5963,55546,61849,Pipistrellus pygmaeus,0.023,0.024,-1,Echolocation,/mnt/ubna_data_01_mir/recover-20220825/UBNA_002/20220823_033000.WAV,Telephone Field,recover-20220825,002,1795
1412.5885,1412.5977,43515,57453,Pipistrellus nathusii,0.473,0.522,-1,Echolocation,/mnt/ubna_data_01_mir/recover-20220825/UBNA_002/20220823_033000.WAV,Telephone Field,recover-20220825,002,1795
1412.5885,1412.5936,29765,68071,Myotis brandtii,0.019,0.041,-1,Echolocation,/mnt/ubna_data_01_mir/recover-20220825/UBNA_002/20220823_033000.WAV,Telephone Field,recover-20220825,002,1795
1412.6185,1412.6266,28046,39121,Eptesicus serotinus,0.01,0.029,-1,Echolocation,/mnt/ubna_data_01_mir/recover-20220825/UBNA_002/20220823_033000.WAV,Telephone Field,recover-20220825,002,1795
1412.6475,1412.688,68437,82534,Rhinolophus ferrumequinum,0.024,0.024,-1,Echolocation,/mnt/ubna_data_01_mir/recover-20220825/UBNA_002/20220823_033000.WAV,Telephone Field,recover-20220825,002,1795
1412.6655,1412.7053,68437,82293,Rhinolophus ferrumequinum,0.024,0.024,-1,Echolocation,/mnt/ubna_data_01_mir/recover-20220825/UBNA_002/20220823_033000.WAV,Telephone Field,recover-20220825,002,1795
1412.6725,1412.6796,41796,55206,Pipistrellus nathusii,0.273,0.455,-1,Echolocation,/mnt/ubna_data_01_mir/recover-20220825/UBNA_002/20220823_033000.WAV,Telephone Field,recover-20220825,002,1795
1412.7255,1412.7315,41796,55436,Pipistrellus nathusii,0.226,0.403,-1,Echolocation,/mnt/ubna_data_01_mir/recover-20220825/UBNA_002/20220823_033000.WAV,Telephone Field,recover-20220825,002,1795
1412.7805,1412.7856,40937,63550,Pipistrellus nathusii,0.248,0.423,-1,Echolocation,/mnt/ubna_data_01_mir/recover-20220825/UBNA_002/20220823_033000.WAV,Telephone Field,recover-20220825,002,1795
1412.7805,1412.7856,28906,82970,Myotis bechsteinii,0.029,0.069,-1,Echolocation,/mnt/ubna_data_01_mir/recover-20220825/UBNA_002/20220823_033000.WAV,Telephone Field,recover-20220825,002,1795
1412.7895,1412.795,35781,46129,Myotis daubentonii,0.009,0.023,-1,Echolocation,/mnt/ubna_data_01_mir/recover-20220825/UBNA_002/20220823_033000.WAV,Telephone Field,recover-20220825,002,1795
1412.7935,1412.8292,68437,80747,Rhinolophus ferrumequinum,0.022,0.023,-1,Echolocation,/mnt/ubna_data_01_mir/recover-20220825/UBNA_002/20220823_033000.WAV,Telephone Field,recover-20220825,002,1795
1412.7945,1412.8045,28046,33997,Eptesicus serotinus,0.008,0.023,-1,Echolocation,/mnt/ubna_data_01_mir/recover-20220825/UBNA_002/20220823_033000.WAV,Telephone Field,recover-20220825,002,1795
1412.8305,1412.8369,53828,62235,Pipistrellus pygmaeus,0.03,0.032,-1,Echolocation,/mnt/ubna_data_01_mir/recover-20220825/UBNA_002/20220823_033000.WAV,Telephone Field,recover-20220825,002,1795
1412.8625,1412.8682,40937,56299,Pipistrellus nathusii,0.285,0.411,-1,Echolocation,/mnt/ubna_data_01_mir/recover-20220825/UBNA_002/20220823_033000.WAV,Telephone Field,recover-20220825,002,1795
1412.8715,1412.8778,34921,44804,Myotis brandtii,0.008,0.023,-1,Echolocation,/mnt/ubna_data_01_mir/recover-20220825/UBNA_002/20220823_033000.WAV,Telephone Field,recover-20220825,002,1795
1412.8755,1412.8833,27187,36402,Eptesicus serotinus,0.006,0.022,-1,Echolocation,/mnt/ubna_data_01_mir/recover-20220825/UBNA_002/20220823_033000.WAV,Telephone Field,recover-20220825,002,1795
1412.8795,1412.9147,68437,80851,Rhinolophus ferrumequinum,0.024,0.024,-1,Echolocation,/mnt/ubna_data_01_mir/recover-20220825/UBNA_002/20220823_033000.WAV,Telephone Field,recover-20220825,002,1795
1412.9095,1412.9161,33203,43083,Barbastellus barbastellus,0.009,0.026,-1,Echolocation,/mnt/ubna_data_01_mir/recover-20220825/UBNA_002/20220823_033000.WAV,Telephone Field,recover-20220825,002,1795
1412.9095,1412.917,28046,39320,Eptesicus serotinus,0.008,0.024,-1,Echolocation,/mnt/ubna_data_01_mir/recover-20220825/UBNA_002/20220823_033000.WAV,Telephone Field,recover-20220825,002,1795
1412.9235,1412.9539,68437,79672,Rhinolophus ferrumequinum,0.029,0.03,-1,Echolocation,/mnt/ubna_data_01_mir/recover-20220825/UBNA_002/20220823_033000.WAV,Telephone Field,recover-20220825,002,1795
1412.9395,1412.946,38359,49857,Myotis brandtii,0.008,0.023,-1,Echolocation,/mnt/ubna_data_01_mir/recover-20220825/UBNA_002/20220823_033000.WAV,Telephone Field,recover-20220825,002,1795
1412.9535,1412.9598,40937,61676,Pipistrellus nathusii,0.286,0.458,-1,Echolocation,/mnt/ubna_data_01_mir/recover-20220825/UBNA_002/20220823_033000.WAV,Telephone Field,recover-20220825,002,1795
1412.9535,1412.9612,52968,57593,Pipistrellus pygmaeus,0.022,0.026,-1,Echolocation,/mnt/ubna_data_01_mir/recover-20220825/UBNA_002/20220823_033000.WAV,Telephone Field,recover-20220825,002,1795
1412.9785,1412.9885,50390,54809,Pipistrellus pipistrellus,0.018,0.024,-1,Echolocation,/mnt/ubna_data_01_mir/recover-20220825/UBNA_002/20220823_033000.WAV,Telephone Field,recover-20220825,002,1795
1412.9845,1412.9937,27187,36487,Eptesicus serotinus,0.009,0.022,-1,Echolocation,/mnt/ubna_data_01_mir/recover-20220825/UBNA_002/20220823_033000.WAV,Telephone Field,recover-20220825,002,1795
1412.9945,1413.0038,28046,36030,Eptesicus serotinus,0.011,0.026,-1,Echolocation,/mnt/ubna_data_01_mir/recover-20220825/UBNA_002/20220823_033000.WAV,Telephone Field,recover-20220825,002,1795
1413.0245,1413.0359,52968,58790,Pipistrellus pygmaeus,0.037,0.041,-1,Echolocation,/mnt/ubna_data_01_mir/recover-20220825/UBNA_002/20220823_033000.WAV,Telephone Field,recover-20220825,002,1795
1413.0285,1413.0343,40078,66233,Pipistrellus nathusii,0.282,0.455,-1,Echolocation,/mnt/ubna_data_01_mir/recover-20220825/UBNA_002/20220823_033000.WAV,Telephone Field,recover-20220825,002,1795
1413.0295,1413.0344,28906,81235,Myotis bechsteinii,0.04,0.097,-1,Echolocation,/mnt/ubna_data_01_mir/recover-20220825/UBNA_002/20220823_033000.WAV,Telephone Field,recover-20220825,002,1795
1413.0855,1413.0955,52968,58116,Pipistrellus pygmaeus,0.022,0.025,-1,Echolocation,/mnt/ubna_data_01_mir/recover-20220825/UBNA_002/20220823_033000.WAV,Telephone Field,recover-20220825,002,1795
1413.0865,1413.0923,38359,67350,Pipistrellus nathusii,0.168,0.402,-1,Echolocation,/mnt/ubna_data_01_mir/recover-20220825/UBNA_002/20220823_033000.WAV,Telephone Field,recover-20220825,002,1795
1413.1055,1413.1134,27187,37241,Eptesicus serotinus,0.01,0.028,-1,Echolocation,/mnt/ubna_data_01_mir/recover-20220825/UBNA_002/20220823_033000.WAV,Telephone Field,recover-20220825,002,1795
1413.1435,1413.1831,68437,82246,Rhinolophus ferrumequinum,0.023,0.024,-1,Echolocation,/mnt/ubna_data_01_mir/recover-20220825/UBNA_002/20220823_033000.WAV,Telephone Field,recover-20220825,002,1795
1413.1555,1413.1917,68437,81769,Rhinolophus ferrumequinum,0.024,0.024,-1,Echolocation,/mnt/ubna_data_01_mir/recover-20220825/UBNA_002/20220823_033000.WAV,Telephone Field,recover-20220825,002,1795
1413.1635,1413.1721,41796,48278,Pipistrellus nathusii,0.49,0.521,-1,Echolocation,/mnt/ubna_data_01_mir/recover-20220825/UBNA_002/20220823_033000.WAV,Telephone Field,recover-20220825,002,1795
1413.1725,1413.1817,28046,34650,Eptesicus serotinus,0.007,0.024,-1,Echolocation,/mnt/ubna_data_01_mir/recover-20220825/UBNA_002/20220823_033000.WAV,Telephone Field,recover-20220825,002,1795
1413.2045,1413.2138,28046,35940,Eptesicus serotinus,0.01,0.024,-1,Echolocation,/mnt/ubna_data_01_mir/recover-20220825/UBNA_002/20220823_033000.WAV,Telephone Field,recover-20220825,002,1795
1413.2185,1413.2603,68437,82850,Rhinolophus ferrumequinum,0.024,0.024,-1,Echolocation,/mnt/ubna_data_01_mir/recover-20220825/UBNA_002/20220823_033000.WAV,Telephone Field,recover-20220825,002,1795
1413.2185,1413.228,27187,35084,Eptesicus serotinus,0.009,0.023,-1,Echolocation,/mnt/ubna_data_01_mir/recover-20220825/UBNA_002/20220823_033000.WAV,Telephone Field,recover-20220825,002,1795
1413.2425,1413.2811,68437,81952,Rhinolophus ferrumequinum,0.023,0.023,-1,Echolocation,/mnt/ubna_data_01_mir/recover-20220825/UBNA_002/20220823_033000.WAV,Telephone Field,recover-20220825,002,1795
1413.2475,1413.2685,21171,24534,Nyctalus leisleri,0.019,0.034,-1,Echolocation,/mnt/ubna_data_01_mir/recover-20220825/UBNA_002/20220823_033000.WAV,Telephone Field,recover-20220825,002,1795
1413.2655,1413.2747,41796,49402,Pipistrellus nathusii,0.39,0.424,-1,Echolocation,/mnt/ubna_data_01_mir/recover-20220825/UBNA_002/20220823_033000.WAV,Telephone Field,recover-20220825,002,1795
1413.2845,1413.2958,28906,34964,Eptesicus serotinus,0.012,0.025,-1,Echolocation,/mnt/ubna_data_01_mir/recover-20220825/UBNA_002/20220823_033000.WAV,Telephone Field,recover-20220825,002,1795
1413.2985,1413.314,57265,65657,Pipistrellus pygmaeus,0.075,0.076,-1,Echolocation,/mnt/ubna_data_01_mir/recover-20220825/UBNA_002/20220823_033000.WAV,Telephone Field,recover-20220825,002,1795
1413.2995,1413.3062,28046,39945,Eptesicus serotinus,0.008,0.031,-1,Echolocation,/mnt/ubna_data_01_mir/recover-20220825/UBNA_002/20220823_033000.WAV,Telephone Field,recover-20220825,002,1795
1413.3575,1413.3671,43515,54208,Pipistrellus nathusii,0.011,0.027,-1,Echolocation,/mnt/ubna_data_01_mir/recover-20220825/UBNA_002/20220823_033000.WAV,Telephone Field,recover-20220825,002,1795
1413.3725,1413.3804,40937,47657,Pipistrellus nathusii,0.013,0.028,-1,Echolocation,/mnt/ubna_data_01_mir/recover-20220825/UBNA_002/20220823_033000.WAV,Telephone Field,recover-20220825,002,1795
1413.3725,1413.3802,27187,39392,Eptesicus serotinus,0.008,0.026,-1,Echolocation,/mnt/ubna_data_01_mir/recover-20220825/UBNA_002/20220823_033000.WAV,Telephone Field,recover-20220825,002,1795
1413.3765,1413.4119,68437,81721,Rhinolophus ferrumequinum,0.022,0.022,-1,Echolocation,/mnt/ubna_data_01_mir/recover-20220825/UBNA_002/20220823_033000.WAV,Telephone Field,recover-20220825,002,1795
1413.4005,1413.41,45234,50887,Pipistrellus pipistrellus,0.019,0.023,-1,Echolocation,/mnt/ubna_data_01_mir/recover-20220825/UBNA_002/20220823_033000.WAV,Telephone Field,recover-20220825,002,1795
1413.4185,1413.4578,68437,81933,Rhinolophus ferrumequinum,0.023,0.023,-1,Echolocation,/mnt/ubna_data_01_mir/recover-20220825/UBNA_002/20220823_033000.WAV,Telephone Field,recover-20220825,002,1795
1413.4265,1413.4356,26328,34841,Eptesicus serotinus,0.009,0.026,-1,Echolocation,/mnt/ubna_data_01_mir/recover-20220825/UBNA_002/20220823_033000.WAV,Telephone Field,recover-20220825,002,1795
1413.4425,1413.4816,68437,82616,Rhinolophus ferrumequinum,0.025,0.025,-1,Echolocation,/mnt/ubna_data_01_mir/recover-20220825/UBNA_002/20220823_033000.WAV,Telephone Field,recover-20220825,002,1795
1413.4625,1413.4743,41796,49612,Pipistrellus nathusii,0.371,0.396,-1,Echolocation,/mnt/ubna_data_01_mir/recover-20220825/UBNA_002/20220823_033000.WAV,Telephone Field,recover-20220825,002,1795
1413.4755,1413.5077,68437,80725,Rhinolophus ferrumequinum,0.025,0.025,-1,Echolocation,/mnt/ubna_data_01_mir/recover-20220825/UBNA_002/20220823_033000.WAV,Telephone Field,recover-20220825,002,1795
1413.5125,1413.55,68437,82266,Rhinolophus ferrumequinum,0.025,0.025,-1,Echolocation,/mnt/ubna_data_01_mir/recover-20220825/UBNA_002/20220823_033000.WAV,Telephone Field,recover-20220825,002,1795
1413.5205,1413.5305,23750,30491,Nyctalus leisleri,0.007,0.023,-1,Echolocation,/mnt/ubna_data_01_mir/recover-20220825/UBNA_002/20220823_033000.WAV,Telephone Field,recover-20220825,002,1795
1413.5265,1413.5337,28046,36305,Eptesicus serotinus,0.007,0.024,-1,Echolocation,/mnt/ubna_data_01_mir/recover-20220825/UBNA_002/20220823_033000.WAV,Telephone Field,recover-20220825,002,1795
1413.5395,1413.5472,40937,49874,Pipistrellus nathusii,0.011,0.026,-1,Echolocation,/mnt/ubna_data_01_mir/recover-20220825/UBNA_002/20220823_033000.WAV,Telephone Field,recover-20220825,002,1795
1413.5435,1413.5505,27187,39335,Eptesicus serotinus,0.007,0.022,-1,Echolocation,/mnt/ubna_data_01_mir/recover-20220825/UBNA_002/20220823_033000.WAV,Telephone Field,recover-20220825,002,1795
1413.5675,1413.5772,26328,32851,Eptesicus serotinus,0.01,0.025,-1,Echolocation,/mnt/ubna_data_01_mir/recover-20220825/UBNA_002/20220823_033000.WAV,Telephone Field,recover-20220825,002,1795
1413.6145,1413.6247,40937,49584,Pipistrellus nathusii,0.426,0.452,-1,Echolocation,/mnt/ubna_data_01_mir/recover-20220825/UBNA_002/20220823_033000.WAV,Telephone Field,recover-20220825,002,1795
1413.6465,1413.6548,28046,36456,Eptesicus serotinus,0.007,0.023,-1,Echolocation,/mnt/ubna_data_01_mir/recover-20220825/UBNA_002/20220823_033000.WAV,Telephone Field,recover-20220825,002,1795
1413.6935,1413.7044,41796,45943,Pipistrellus nathusii,0.088,0.1,-1,Echolocation,/mnt/ubna_data_01_mir/recover-20220825/UBNA_002/20220823_033000.WAV,Telephone Field,recover-20220825,002,1795
1413.7085,1413.7449,68437,81640,Rhinolophus ferrumequinum,0.022,0.022,-1,Echolocation,/mnt/ubna_data_01_mir/recover-20220825/UBNA_002/20220823_033000.WAV,Telephone Field,recover-20220825,002,1795
1413.7285,1413.7365,54687,62242,Pipistrellus pygmaeus,0.022,0.025,-1,Echolocation,/mnt/ubna_data_01_mir/recover-20220825/UBNA_002/20220823_033000.WAV,Telephone Field,recover-20220825,002,1795
1413.7305,1413.767,68437,81247,Rhinolophus ferrumequinum,0.023,0.023,-1,Echolocation,/mnt/ubna_data_01_mir/recover-20220825/UBNA_002/20220823_033000.WAV,Telephone Field,recover-20220825,002,1795
1413.7465,1413.7592,24609,29972,Nyctalus leisleri,0.012,0.029,-1,Echolocation,/mnt/ubna_data_01_mir/recover-20220825/UBNA_002/20220823_033000.WAV,Telephone Field,recover-20220825,002,1795
1413.7475,1413.7878,68437,82453,Rhinolophus ferrumequinum,0.025,0.025,-1,Echolocation,/mnt/ubna_data_01_mir/recover-20220825/UBNA_002/20220823_033000.WAV,Telephone Field,recover-20220825,002,1795
1413.7525,1413.7636,45234,49220,Pipistrellus pipistrellus,0.018,0.023,-1,Echolocation,/mnt/ubna_data_01_mir/recover-20220825/UBNA_002/20220823_033000.WAV,Telephone Field,recover-20220825,002,1795
1413.7755,1413.783,40078,51986,Pipistrellus nathusii,0.149,0.222,-1,Echolocation,/mnt/ubna_data_01_mir/recover-20220825/UBNA_002/20220823_033000.WAV,Telephone Field,recover-20220825,002,1795
1413.8295,1413.8377,49531,60035,Pipistrellus pipistrellus,0.026,0.038,-1,Echolocation,/mnt/ubna_data_01_mir/recover-20220825/UBNA_002/20220823_033000.WAV,Telephone Field,recover-20220825,002,1795
1413.8615,1413.8703,39218,48491,Pipistrellus nathusii,0.011,0.023,-1,Echolocation,/mnt/ubna_data_01_mir/recover-20220825/UBNA_002/20220823_033000.WAV,Telephone Field,recover-20220825,002,1795
1413.8925,1413.906,54687,60819,Pipistrellus pygmaeus,0.048,0.05,-1,Echolocation,/mnt/ubna_data_01_mir/recover-20220825/UBNA_002/20220823_033000.WAV,Telephone Field,recover-20220825,002,1795
1413.8995,1413.9072,26328,38410,Eptesicus serotinus,0.008,0.023,-1,Echolocation,/mnt/ubna_data_01_mir/recover-20220825/UBNA_002/20220823_033000.WAV,Telephone Field,recover-20220825,002,1795
1413.9285,1413.9396,39218,47018,Pipistrellus nathusii,0.13,0.168,-1,Echolocation,/mnt/ubna_data_01_mir/recover-20220825/UBNA_002/20220823_033000.WAV,Telephone Field,recover-20220825,002,1795
1413.9495,1413.9575,48671,57099,Pipistrellus pipistrellus,0.02,0.023,-1,Echolocation,/mnt/ubna_data_01_mir/recover-20220825/UBNA_002/20220823_033000.WAV,Telephone Field,recover-20220825,002,1795
1413.9715,1413.9809,55546,64527,Pipistrellus pygmaeus,0.022,0.023,-1,Echolocation,/mnt/ubna_data_01_mir/recover-20220825/UBNA_002/20220823_033000.WAV,Telephone Field,recover-20220825,002,1795
1414.0015,1414.0121,25468,32885,Nyctalus leisleri,0.016,0.049,-1,Echolocation,/mnt/ubna_data_01_mir/recover-20220825/UBNA_002/20220823_033000.WAV,Telephone Field,recover-20220825,002,1795
1414.0015,1414.0317,68437,79688,Rhinolophus ferrumequinum,0.043,0.044,-1,Echolocation,/mnt/ubna_data_01_mir/recover-20220825/UBNA_002/20220823_033000.WAV,Telephone Field,recover-20220825,002,1795
1414.0065,1414.0176,24609,31176,Nyctalus leisleri,0.015,0.041,-1,Echolocation,/mnt/ubna_data_01_mir/recover-20220825/UBNA_002/20220823_033000.WAV,Telephone Field,recover-20220825,002,1795
1414.0155,1414.0243,28046,37802,Eptesicus serotinus,0.01,0.026,-1,Echolocation,/mnt/ubna_data_01_mir/recover-20220825/UBNA_002/20220823_033000.WAV,Telephone Field,recover-20220825,002,1795
1414.0315,1414.0398,28046,38792,Eptesicus serotinus,0.008,0.024,-1,Echolocation,/mnt/ubna_data_01_mir/recover-20220825/UBNA_002/20220823_033000.WAV,Telephone Field,recover-20220825,002,1795
1414.0425,1414.0789,68437,81441,Rhinolophus ferrumequinum,0.023,0.023,-1,Echolocation,/mnt/ubna_data_01_mir/recover-20220825/UBNA_002/20220823_033000.WAV,Telephone Field,recover-20220825,002,1795
1414.0445,1414.0524,32343,39034,Barbastellus barbastellus,0.039,0.075,-1,Echolocation,/mnt/ubna_data_01_mir/recover-20220825/UBNA_002/20220823_033000.WAV,Telephone Field,recover-20220825,002,1795
1414.0665,1414.0807,15156,20666,Nyctalus noctula,0.017,0.025,-1,Echolocation,/mnt/ubna_data_01_mir/recover-20220825/UBNA_002/20220823_033000.WAV,Telephone Field,recover-20220825,002,1795
1414.0795,1414.1165,68437,81606,Rhinolophus ferrumequinum,0.022,0.022,-1,Echolocation,/mnt/ubna_data_01_mir/recover-20220825/UBNA_002/20220823_033000.WAV,Telephone Field,recover-20220825,002,1795
1414.0985,1414.1051,38359,49163,Myotis daubentonii,0.018,0.032,-1,Echolocation,/mnt/ubna_data_01_mir/recover-20220825/UBNA_002/20220823_033000.WAV,Telephone Field,recover-20220825,002,1795
1414.1885,1414.1962,27187,38151,Eptesicus serotinus,0.007,0.023,-1,Echolocation,/mnt/ubna_data_01_mir/recover-20220825/UBNA_002/20220823_033000.WAV,Telephone Field,recover-20220825,002,1795
1414.1995,1414.2392,68437,82455,Rhinolophus ferrumequinum,0.024,0.024,-1,Echolocation,/mnt/ubna_data_01_mir/recover-20220825/UBNA_002/20220823_033000.WAV,Telephone Field,recover-20220825,002,1795
1414.2075,1414.2134,26328,39435,Plecotus auritus,0.016,0.048,-1,Echolocation,/mnt/ubna_data_01_mir/recover-20220825/UBNA_002/20220823_033000.WAV,Telephone Field,recover-20220825,002,1795
1414.2455,1414.2527,44375,50184,Pipistrellus pipistrellus,0.023,0.028,-1,Echolocation,/mnt/ubna_data_01_mir/recover-20220825/UBNA_002/20220823_033000.WAV,Telephone Field,recover-20220825,002,1795
1414.2455,1414.2651,18593,22491,Nyctalus noctula,0.021,0.035,-1,Echolocation,/mnt/ubna_data_01_mir/recover-20220825/UBNA_002/20220823_033000.WAV,Telephone Field,recover-20220825,002,1795
1414.2655,1414.2723,26328,39612,Eptesicus serotinus,0.006,0.022,-1,Echolocation,/mnt/ubna_data_01_mir/recover-20220825/UBNA_002/20220823_033000.WAV,Telephone Field,recover-20220825,002,1795
1414.2815,1414.2929,23750,29427,Nyctalus leisleri,0.012,0.028,-1,Echolocation,/mnt/ubna_data_01_mir/recover-20220825/UBNA_002/20220823_033000.WAV,Telephone Field,recover-20220825,002,1795
1414.3045,1414.3131,27187,39374,Eptesicus serotinus,0.009,0.024,-1,Echolocation,/mnt/ubna_data_01_mir/recover-20220825/UBNA_002/20220823_033000.WAV,Telephone Field,recover-20220825,002,1795
1414.3215,1414.3624,68437,82359,Rhinolophus ferrumequinum,0.022,0.022,-1,Echolocation,/mnt/ubna_data_01_mir/recover-20220825/UBNA_002/20220823_033000.WAV,Telephone Field,recover-20220825,002,1795
1414.3515,1414.359,27187,39329,Eptesicus serotinus,0.007,0.024,-1,Echolocation,/mnt/ubna_data_01_mir/recover-20220825/UBNA_002/20220823_033000.WAV,Telephone Field,recover-20220825,002,1795
1414.3635,1414.3758,37500,42954,Pipistrellus nathusii,0.016,0.025,-1,Echolocation,/mnt/ubna_data_01_mir/recover-20220825/UBNA_002/20220823_033000.WAV,Telephone Field,recover-20220825,002,1795
1414.3645,1414.4041,68437,82397,Rhinolophus ferrumequinum,0.025,0.025,-1,Echolocation,/mnt/ubna_data_01_mir/recover-20220825/UBNA_002/20220823_033000.WAV,Telephone Field,recover-20220825,002,1795
1414.3975,1414.4031,34921,49891,Myotis daubentonii,0.015,0.025,-1,Echolocation,/mnt/ubna_data_01_mir/recover-20220825/UBNA_002/20220823_033000.WAV,Telephone Field,recover-20220825,002,1795
1414.4205,1414.4572,68437,81445,Rhinolophus ferrumequinum,0.022,0.022,-1,Echolocation,/mnt/ubna_data_01_mir/recover-20220825/UBNA_002/20220823_033000.WAV,Telephone Field,recover-20220825,002,1795
1414.4375,1414.4462,28046,38972,Eptesicus serotinus,0.007,0.022,-1,Echolocation,/mnt/ubna_data_01_mir/recover-20220825/UBNA_002/20220823_033000.WAV,Telephone Field,recover-20220825,002,1795
1414.4455,1414.453,28046,37737,Eptesicus serotinus,0.006,0.022,-1,Echolocation,/mnt/ubna_data_01_mir/recover-20220825/UBNA_002/20220823_033000.WAV,Telephone Field,recover-20220825,002,1795
1414.4615,1414.4984,68437,82213,Rhinolophus ferrumequinum,0.022,0.022,-1,Echolocation,/mnt/ubna_data_01_mir/recover-20220825/UBNA_002/20220823_033000.WAV,Telephone Field,recover-20220825,002,1795
1414.4665,1414.4745,40937,48401,Pipistrellus nathusii,0.006,0.022,-1,Echolocation,/mnt/ubna_data_01_mir/recover-20220825/UBNA_002/20220823_033000.WAV,Telephone Field,recover-20220825,002,1795
1414.4895,1414.4985,22890,30651,Plecotus austriacus,0.012,0.044,-1,Echolocation,/mnt/ubna_data_01_mir/recover-20220825/UBNA_002/20220823_033000.WAV,Telephone Field,recover-20220825,002,1795
1414.4985,1414.5358,68437,81760,Rhinolophus ferrumequinum,0.022,0.022,-1,Echolocation,/mnt/ubna_data_01_mir/recover-20220825/UBNA_002/20220823_033000.WAV,Telephone Field,recover-20220825,002,1795
1414.5155,1414.521,39218,52051,Myotis daubentonii,0.01,0.022,-1,Echolocation,/mnt/ubna_data_01_mir/recover-20220825/UBNA_002/20220823_033000.WAV,Telephone Field,recover-20220825,002,1795
1414.5165,1414.5233,25468,37319,Myotis nattereri,0.006,0.03,-1,Echolocation,/mnt/ubna_data_01_mir/recover-20220825/UBNA_002/20220823_033000.WAV,Telephone Field,recover-20220825,002,1795
1414.5665,1414.5746,27187,37733,Eptesicus serotinus,0.007,0.022,-1,Echolocation,/mnt/ubna_data_01_mir/recover-20220825/UBNA_002/20220823_033000.WAV,Telephone Field,recover-20220825,002,1795
1414.5775,1414.6162,68437,81897,Rhinolophus ferrumequinum,0.022,0.022,-1,Echolocation,/mnt/ubna_data_01_mir/recover-20220825/UBNA_002/20220823_033000.WAV,Telephone Field,recover-20220825,002,1795
1414.6195,1414.6596,68437,82454,Rhinolophus ferrumequinum,0.025,0.026,-1,Echolocation,/mnt/ubna_data_01_mir/recover-20220825/UBNA_002/20220823_033000.WAV,Telephone Field,recover-20220825,002,1795
1414.6525,1414.6607,25468,33977,Eptesicus serotinus,0.007,0.022,-1,Echolocation,/mnt/ubna_data_01_mir/recover-20220825/UBNA_002/20220823_033000.WAV,Telephone Field,recover-20220825,002,1795
1414.6785,1414.7129,68437,80720,Rhinolophus ferrumequinum,0.024,0.024,-1,Echolocation,/mnt/ubna_data_01_mir/recover-20220825/UBNA_002/20220823_033000.WAV,Telephone Field,recover-20220825,002,1795
1414.6875,1414.6951,27187,38725,Eptesicus serotinus,0.011,0.028,-1,Echolocation,/mnt/ubna_data_01_mir/recover-20220825/UBNA_002/20220823_033000.WAV,Telephone Field,recover-20220825,002,1795
1414.7205,1414.7288,27187,36535,Eptesicus serotinus,0.008,0.022,-1,Echolocation,/mnt/ubna_data_01_mir/recover-20220825/UBNA_002/20220823_033000.WAV,Telephone Field,recover-20220825,002,1795
1414.7405,1414.7467,30625,43574,Myotis daubentonii,0.021,0.038,-1,Echolocation,/mnt/ubna_data_01_mir/recover-20220825/UBNA_002/20220823_033000.WAV,Telephone Field,recover-20220825,002,1795
1414.7485,1414.7916,68437,83765,Rhinolophus ferrumequinum,0.045,0.045,-1,Echolocation,/mnt/ubna_data_01_mir/recover-20220825/UBNA_002/20220823_033000.WAV,Telephone Field,recover-20220825,002,1795
1414.7515,1414.7598,55546,60081,Pipistrellus pygmaeus,0.034,0.036,-1,Echolocation,/mnt/ubna_data_01_mir/recover-20220825/UBNA_002/20220823_033000.WAV,Telephone Field,recover-20220825,002,1795
1414.7785,1414.815,68437,80787,Rhinolophus ferrumequinum,0.023,0.023,-1,Echolocation,/mnt/ubna_data_01_mir/recover-20220825/UBNA_002/20220823_033000.WAV,Telephone Field,recover-20220825,002,1795
1414.7835,1414.7915,37500,44793,Pipistrellus nathusii,0.117,0.279,-1,Echolocation,/mnt/ubna_data_01_mir/recover-20220825/UBNA_002/20220823_033000.WAV,Telephone Field,recover-20220825,002,1795
1414.7875,1414.8241,68437,81944,Rhinolophus ferrumequinum,0.023,0.023,-1,Echolocation,/mnt/ubna_data_01_mir/recover-20220825/UBNA_002/20220823_033000.WAV,Telephone Field,recover-20220825,002,1795
1414.7925,1414.8012,16015,23142,Nyctalus noctula,0.013,0.031,-1,Echolocation,/mnt/ubna_data_01_mir/recover-20220825/UBNA_002/20220823_033000.WAV,Telephone Field,recover-20220825,002,1795
1414.8175,1414.8496,68437,80541,Rhinolophus ferrumequinum,0.029,0.029,-1,Echolocation,/mnt/ubna_data_01_mir/recover-20220825/UBNA_002/20220823_033000.WAV,Telephone Field,recover-20220825,002,1795
1414.8185,1414.8282,45234,53485,Pipistrellus pipistrellus,0.014,0.023,-1,Echolocation,/mnt/ubna_data_01_mir/recover-20220825/UBNA_002/20220823_033000.WAV,Telephone Field,recover-20220825,002,1795
1414.8965,1414.9058,31484,39514,Myotis daubentonii,0.01,0.028,-1,Echolocation,/mnt/ubna_data_01_mir/recover-20220825/UBNA_002/20220823_033000.WAV,Telephone Field,recover-20220825,002,1795
1414.8985,1414.9066,27187,36928,Eptesicus serotinus,0.011,0.028,-1,Echolocation,/mnt/ubna_data_01_mir/recover-20220825/UBNA_002/20220823_033000.WAV,Telephone Field,recover-20220825,002,1795
1414.9225,1414.931,23750,31748,Plecotus austriacus,0.006,0.022,-1,Echolocation,/mnt/ubna_data_01_mir/recover-20220825/UBNA_002/20220823_033000.WAV,Telephone Field,recover-20220825,002,1795
1414.9495,1414.9561,49531,54698,Pipistrellus pipistrellus,0.021,0.024,-1,Echolocation,/mnt/ubna_data_01_mir/recover-20220825/UBNA_002/20220823_033000.WAV,Telephone Field,recover-20220825,002,1795
1414.9595,1415.0001,68437,82689,Rhinolophus ferrumequinum,0.027,0.027,-1,Echolocation,/mnt/ubna_data_01_mir/recover-20220825/UBNA_002/20220823_033000.WAV,Telephone Field,recover-20220825,002,1795
1414.9815,1414.9873,38359,47342,Pipistrellus nathusii,0.195,0.463,-1,Echolocation,/mnt/ubna_data_01_mir/recover-20220825/UBNA_002/20220823_033000.WAV,Telephone Field,recover-20220825,002,1795
1415.0055,1415.0235,20312,23432,Nyctalus leisleri,0.014,0.023,-1,Echolocation,/mnt/ubna_data_01_mir/recover-20220825/UBNA_002/20220823_033000.WAV,Telephone Field,recover-20220825,002,1795
1415.0175,1415.0557,68437,81778,Rhinolophus ferrumequinum,0.032,0.032,-1,Echolocation,/mnt/ubna_data_01_mir/recover-20220825/UBNA_002/20220823_033000.WAV,Telephone Field,recover-20220825,002,1795
1415.0535,1415.0639,29765,37854,Eptesicus serotinus,0.011,0.026,-1,Echolocation,/mnt/ubna_data_01_mir/recover-20220825/UBNA_002/20220823_033000.WAV,Telephone Field,recover-20220825,002,1795
1415.0715,1415.0785,37500,49885,Myotis daubentonii,0.011,0.024,-1,Echolocation,/mnt/ubna_data_01_mir/recover-20220825/UBNA_002/20220823_033000.WAV,Telephone Field,recover-20220825,002,1795
1415.0985,1415.1085,28046,36547,Eptesicus serotinus,0.01,0.023,-1,Echolocation,/mnt/ubna_data_01_mir/recover-20220825/UBNA_002/20220823_033000.WAV,Telephone Field,recover-20220825,002,1795
1415.1025,1415.1412,68437,81731,Rhinolophus ferrumequinum,0.024,0.024,-1,Echolocation,/mnt/ubna_data_01_mir/recover-20220825/UBNA_002/20220823_033000.WAV,Telephone Field,recover-20220825,002,1795
1415.1485,1415.1593,23750,30611,Nyctalus leisleri,0.012,0.031,-1,Echolocation,/mnt/ubna_data_01_mir/recover-20220825/UBNA_002/20220823_033000.WAV,Telephone Field,recover-20220825,002,1795
1415.1555,1415.1936,68437,82183,Rhinolophus ferrumequinum,0.023,0.023,-1,Echolocation,/mnt/ubna_data_01_mir/recover-20220825/UBNA_002/20220823_033000.WAV,Telephone Field,recover-20220825,002,1795
1415.1725,1415.1783,37500,46143,Pipistrellus nathusii,0.256,0.492,-1,Echolocation,/mnt/ubna_data_01_mir/recover-20220825/UBNA_002/20220823_033000.WAV,Telephone Field,recover-20220825,002,1795
1415.1815,1415.1869,29765,40292,Myotis daubentonii,0.012,0.023,-1,Echolocation,/mnt/ubna_data_01_mir/recover-20220825/UBNA_002/20220823_033000.WAV,Telephone Field,recover-20220825,002,1795
1415.2325,1415.2707,68437,81669,Rhinolophus ferrumequinum,0.023,0.023,-1,Echolocation,/mnt/ubna_data_01_mir/recover-20220825/UBNA_002/20220823_033000.WAV,Telephone Field,recover-20220825,002,1795
1415.2455,1415.254,26328,35099,Eptesicus serotinus,0.008,0.025,-1,Echolocation,/mnt/ubna_data_01_mir/recover-20220825/UBNA_002/20220823_033000.WAV,Telephone Field,recover-20220825,002,1795
1415.3325,1415.3718,68437,82216,Rhinolophus ferrumequinum,0.022,0.022,-1,Echolocation,/mnt/ubna_data_01_mir/recover-20220825/UBNA_002/20220823_033000.WAV,Telephone Field,recover-20220825,002,1795
1415.3395,1415.3496,23750,30379,Nyctalus leisleri,0.007,0.023,-1,Echolocation,/mnt/ubna_data_01_mir/recover-20220825/UBNA_002/20220823_033000.WAV,Telephone Field,recover-20220825,002,1795
1415.3815,1415.3872,37500,49531,Pipistrellus nathusii,0.155,0.47,-1,Echolocation,/mnt/ubna_data_01_mir/recover-20220825/UBNA_002/20220823_033000.WAV,Telephone Field,recover-20220825,002,1795
1415.4425,1415.4794,68437,81743,Rhinolophus ferrumequinum,0.022,0.022,-1,Echolocation,/mnt/ubna_data_01_mir/recover-20220825/UBNA_002/20220823_033000.WAV,Telephone Field,recover-20220825,002,1795
1415.4435,1415.4519,25468,35977,Eptesicus serotinus,0.006,0.023,-1,Echolocation,/mnt/ubna_data_01_mir/recover-20220825/UBNA_002/20220823_033000.WAV,Telephone Field,recover-20220825,002,1795
1415.4515,1415.4573,30625,52406,Myotis daubentonii,0.015,0.024,-1,Echolocation,/mnt/ubna_data_01_mir/recover-20220825/UBNA_002/20220823_033000.WAV,Telephone Field,recover-20220825,002,1795
1415.4785,1415.486,27187,40721,Eptesicus serotinus,0.008,0.025,-1,Echolocation,/mnt/ubna_data_01_mir/recover-20220825/UBNA_002/20220823_033000.WAV,Telephone Field,recover-20220825,002,1795
1415.5145,1415.5245,26328,34364,Eptesicus serotinus,0.017,0.036,-1,Echolocation,/mnt/ubna_data_01_mir/recover-20220825/UBNA_002/20220823_033000.WAV,Telephone Field,recover-20220825,002,1795
1415.5445,1415.5524,57265,62134,Pipistrellus pygmaeus,0.032,0.032,-1,Echolocation,/mnt/ubna_data_01_mir/recover-20220825/UBNA_002/20220823_033000.WAV,Telephone Field,recover-20220825,002,1795
1415.5455,1415.5535,27187,38455,Eptesicus serotinus,0.007,0.022,-1,Echolocation,/mnt/ubna_data_01_mir/recover-20220825/UBNA_002/20220823_033000.WAV,Telephone Field,recover-20220825,002,1795
1415.5525,1415.5948,68437,82544,Rhinolophus ferrumequinum,0.034,0.034,-1,Echolocation,/mnt/ubna_data_01_mir/recover-20220825/UBNA_002/20220823_033000.WAV,Telephone Field,recover-20220825,002,1795
1415.5825,1415.5883,33203,46856,Myotis daubentonii,0.02,0.034,-1,Echolocation,/mnt/ubna_data_01_mir/recover-20220825/UBNA_002/20220823_033000.WAV,Telephone Field,recover-20220825,002,1795
1415.5855,1415.5959,23750,30516,Nyctalus leisleri,0.008,0.024,-1,Echolocation,/mnt/ubna_data_01_mir/recover-20220825/UBNA_002/20220823_033000.WAV,Telephone Field,recover-20220825,002,1795
1415.6205,1415.6591,68437,82130,Rhinolophus ferrumequinum,0.025,0.025,-1,Echolocation,/mnt/ubna_data_01_mir/recover-20220825/UBNA_002/20220823_033000.WAV,Telephone Field,recover-20220825,002,1795
1415.6395,1415.647,27187,41433,Eptesicus serotinus,0.008,0.023,-1,Echolocation,/mnt/ubna_data_01_mir/recover-20220825/UBNA_002/20220823_033000.WAV,Telephone Field,recover-20220825,002,1795
1415.6585,1415.6755,14296,18461,Nyctalus noctula,0.019,0.029,-1,Echolocation,/mnt/ubna_data_01_mir/recover-20220825/UBNA_002/20220823_033000.WAV,Telephone Field,recover-20220825,002,1795
1415.6915,1415.6991,28046,37517,Eptesicus serotinus,0.007,0.023,-1,Echolocation,/mnt/ubna_data_01_mir/recover-20220825/UBNA_002/20220823_033000.WAV,Telephone Field,recover-20220825,002,1795
1415.7075,1415.7198,23750,29086,Nyctalus leisleri,0.016,0.034,-1,Echolocation,/mnt/ubna_data_01_mir/recover-20220825/UBNA_002/20220823_033000.WAV,Telephone Field,recover-20220825,002,1795
1415.7205,1415.7258,36640,49915,Myotis daubentonii,0.014,0.025,-1,Echolocation,/mnt/ubna_data_01_mir/recover-20220825/UBNA_002/20220823_033000.WAV,Telephone Field,recover-20220825,002,1795
1415.7305,1415.7708,68437,82911,Rhinolophus ferrumequinum,0.027,0.027,-1,Echolocation,/mnt/ubna_data_01_mir/recover-20220825/UBNA_002/20220823_033000.WAV,Telephone Field,recover-20220825,002,1795
1415.7505,1415.7572,27187,38114,Eptesicus serotinus,0.006,0.022,-1,Echolocation,/mnt/ubna_data_01_mir/recover-20220825/UBNA_002/20220823_033000.WAV,Telephone Field,recover-20220825,002,1795
1415.7615,1415.8002,68437,82256,Rhinolophus ferrumequinum,0.022,0.022,-1,Echolocation,/mnt/ubna_data_01_mir/recover-20220825/UBNA_002/20220823_033000.WAV,Telephone Field,recover-20220825,002,1795
1415.8055,1415.8126,27187,36555,Eptesicus serotinus,0.008,0.024,-1,Echolocation,/mnt/ubna_data_01_mir/recover-20220825/UBNA_002/20220823_033000.WAV,Telephone Field,recover-20220825,002,1795
1415.8075,1415.8447,68437,82507,Rhinolophus ferrumequinum,0.023,0.023,-1,Echolocation,/mnt/ubna_data_01_mir/recover-20220825/UBNA_002/20220823_033000.WAV,Telephone Field,recover-20220825,002,1795
1415.8155,1415.8252,25468,33370,Eptesicus serotinus,0.013,0.028,-1,Echolocation,/mnt/ubna_data_01_mir/recover-20220825/UBNA_002/20220823_033000.WAV,Telephone Field,recover-20220825,002,1795
1415.8155,1415.8535,68437,82488,Rhinolophus ferrumequinum,0.022,0.022,-1,Echolocation,/mnt/ubna_data_01_mir/recover-20220825/UBNA_002/20220823_033000.WAV,Telephone Field,recover-20220825,002,1795
1415.8545,1415.8607,31484,44433,Myotis daubentonii,0.017,0.03,-1,Echolocation,/mnt/ubna_data_01_mir/recover-20220825/UBNA_002/20220823_033000.WAV,Telephone Field,recover-20220825,002,1795
1415.8725,1415.9121,68437,82307,Rhinolophus ferrumequinum,0.029,0.029,-1,Echolocation,/mnt/ubna_data_01_mir/recover-20220825/UBNA_002/20220823_033000.WAV,Telephone Field,recover-20220825,002,1795
1415.8735,1415.8813,27187,38072,Eptesicus serotinus,0.008,0.026,-1,Echolocation,/mnt/ubna_data_01_mir/recover-20220825/UBNA_002/20220823_033000.WAV,Telephone Field,recover-20220825,002,1795
1415.8935,1415.9041,23750,29404,Nyctalus leisleri,0.01,0.023,-1,Echolocation,/mnt/ubna_data_01_mir/recover-20220825/UBNA_002/20220823_033000.WAV,Telephone Field,recover-20220825,002,1795
1415.9185,1415.9566,68437,81821,Rhinolophus ferrumequinum,0.022,0.022,-1,Echolocation,/mnt/ubna_data_01_mir/recover-20220825/UBNA_002/20220823_033000.WAV,Telephone Field,recover-20220825,002,1795
1415.9315,1415.973,68437,82343,Rhinolophus ferrumequinum,0.023,0.023,-1,Echolocation,/mnt/ubna_data_01_mir/recover-20220825/UBNA_002/20220823_033000.WAV,Telephone Field,recover-20220825,002,1795
1415.9465,1415.9554,27187,36317,Eptesicus serotinus,0.011,0.027,-1,Echolocation,/mnt/ubna_data_01_mir/recover-20220825/UBNA_002/20220823_033000.WAV,Telephone Field,recover-20220825,002,1795
1415.9875,1415.9961,27187,38724,Eptesicus serotinus,0.009,0.023,-1,Echolocation,/mnt/ubna_data_01_mir/recover-20220825/UBNA_002/20220823_033000.WAV,Telephone Field,recover-20220825,002,1795
1416.0015,1416.0344,69296,81648,Rhinolophus ferrumequinum,0.024,0.025,-1,Echolocation,/mnt/ubna_data_01_mir/recover-20220825/UBNA_002/20220823_033000.WAV,Telephone Field,recover-20220825,002,1795
1416.0015,1416.0106,26328,35530,Nyctalus leisleri,0.007,0.025,-1,Echolocation,/mnt/ubna_data_01_mir/recover-20220825/UBNA_002/20220823_033000.WAV,Telephone Field,recover-20220825,002,1795
1416.0225,1416.0347,22890,28078,Nyctalus leisleri,0.011,0.023,-1,Echolocation,/mnt/ubna_data_01_mir/recover-20220825/UBNA_002/20220823_033000.WAV,Telephone Field,recover-20220825,002,1795
1416.0455,1416.0867,68437,82935,Rhinolophus ferrumequinum,0.034,0.034,-1,Echolocation,/mnt/ubna_data_01_mir/recover-20220825/UBNA_002/20220823_033000.WAV,Telephone Field,recover-20220825,002,1795
1416.0475,1416.0559,27187,39639,Eptesicus serotinus,0.008,0.023,-1,Echolocation,/mnt/ubna_data_01_mir/recover-20220825/UBNA_002/20220823_033000.WAV,Telephone Field,recover-20220825,002,1795
1416.0605,1416.0701,28906,38160,Eptesicus serotinus,0.009,0.021,-1,Echolocation,/mnt/ubna_data_01_mir/recover-20220825/UBNA_002/20220823_033000.WAV,Telephone Field,recover-20220825,002,1795
1416.0645,1416.1001,68437,81911,Rhinolophus ferrumequinum,0.022,0.022,-1,Echolocation,/mnt/ubna_data_01_mir/recover-20220825/UBNA_002/20220823_033000.WAV,Telephone Field,recover-20220825,002,1795
1416.0725,1416.1057,68437,81671,Rhinolophus ferrumequinum,0.021,0.021,-1,Echolocation,/mnt/ubna_data_01_mir/recover-20220825/UBNA_002/20220823_033000.WAV,Telephone Field,recover-20220825,002,1795
1416.0865,1416.1249,68437,82433,Rhinolophus ferrumequinum,0.022,0.022,-1,Echolocation,/mnt/ubna_data_01_mir/recover-20220825/UBNA_002/20220823_033000.WAV,Telephone Field,recover-20220825,002,1795
1416.1095,1416.1198,23750,29526,Nyctalus leisleri,0.008,0.021,-1,Echolocation,/mnt/ubna_data_01_mir/recover-20220825/UBNA_002/20220823_033000.WAV,Telephone Field,recover-20220825,002,1795
1416.1115,1416.1504,68437,82301,Rhinolophus ferrumequinum,0.02,0.02,-1,Echolocation,/mnt/ubna_data_01_mir/recover-20220825/UBNA_002/20220823_033000.WAV,Telephone Field,recover-20220825,002,1795
1416.1235,1416.1626,68437,82239,Rhinolophus ferrumequinum,0.021,0.021,-1,Echolocation,/mnt/ubna_data_01_mir/recover-20220825/UBNA_002/20220823_033000.WAV,Telephone Field,recover-20220825,002,1795
1416.1325,1416.1407,22031,30193,Plecotus austriacus,0.015,0.033,-1,Echolocation,/mnt/ubna_data_01_mir/recover-20220825/UBNA_002/20220823_033000.WAV,Telephone Field,recover-20220825,002,1795
1416.1395,1416.1773,68437,82477,Rhinolophus ferrumequinum,0.023,0.023,-1,Echolocation,/mnt/ubna_data_01_mir/recover-20220825/UBNA_002/20220823_033000.WAV,Telephone Field,recover-20220825,002,1795
1416.1865,1416.2236,68437,82277,Rhinolophus ferrumequinum,0.023,0.023,-1,Echolocation,/mnt/ubna_data_01_mir/recover-20220825/UBNA_002/20220823_033000.WAV,Telephone Field,recover-20220825,002,1795
1416.2135,1416.2523,68437,81987,Rhinolophus ferrumequinum,0.022,0.022,-1,Echolocation,/mnt/ubna_data_01_mir/recover-20220825/UBNA_002/20220823_033000.WAV,Telephone Field,recover-20220825,002,1795
1416.2315,1416.271,68437,82710,Rhinolophus ferrumequinum,0.022,0.022,-1,Echolocation,/mnt/ubna_data_01_mir/recover-20220825/UBNA_002/20220823_033000.WAV,Telephone Field,recover-20220825,002,1795
1416.2535,1416.2935,68437,82689,Rhinolophus ferrumequinum,0.024,0.024,-1,Echolocation,/mnt/ubna_data_01_mir/recover-20220825/UBNA_002/20220823_033000.WAV,Telephone Field,recover-20220825,002,1795
1416.2655,1416.3039,68437,81459,Rhinolophus ferrumequinum,0.021,0.021,-1,Echolocation,/mnt/ubna_data_01_mir/recover-20220825/UBNA_002/20220823_033000.WAV,Telephone Field,recover-20220825,002,1795
1416.2895,1416.3012,21171,25042,Nyctalus leisleri,0.012,0.02,-1,Echolocation,/mnt/ubna_data_01_mir/recover-20220825/UBNA_002/20220823_033000.WAV,Telephone Field,recover-20220825,002,1795
1416.2955,1416.3035,50390,58196,Pipistrellus pipistrellus,0.019,0.023,-1,Echolocation,/mnt/ubna_data_01_mir/recover-20220825/UBNA_002/20220823_033000.WAV,Telephone Field,recover-20220825,002,1795
1416.3085,1416.3256,20312,23682,Nyctalus leisleri,0.019,0.034,-1,Echolocation,/mnt/ubna_data_01_mir/recover-20220825/UBNA_002/20220823_033000.WAV,Telephone Field,recover-20220825,002,1795
1416.3435,1416.354,28046,36636,Eptesicus serotinus,0.01,0.021,-1,Echolocation,/mnt/ubna_data_01_mir/recover-20220825/UBNA_002/20220823_033000.WAV,Telephone Field,recover-20220825,002,1795
1416.3445,1416.3832,68437,81871,Rhinolophus ferrumequinum,0.021,0.022,-1,Echolocation,/mnt/ubna_data_01_mir/recover-20220825/UBNA_002/20220823_033000.WAV,Telephone Field,recover-20220825,002,1795
1416.3515,1416.3867,68437,81323,Rhinolophus ferrumequinum,0.021,0.021,-1,Echolocation,/mnt/ubna_data_01_mir/recover-20220825/UBNA_002/20220823_033000.WAV,Telephone Field,recover-20220825,002,1795
1416.3655,1416.4057,68437,82380,Rhinolophus ferrumequinum,0.022,0.022,-1,Echolocation,/mnt/ubna_data_01_mir/recover-20220825/UBNA_002/20220823_033000.WAV,Telephone Field,recover-20220825,002,1795
1416.3835,1416.3938,25468,32337,Eptesicus serotinus,0.009,0.02,-1,Echolocation,/mnt/ubna_data_01_mir/recover-20220825/UBNA_002/20220823_033000.WAV,Telephone Field,recover-20220825,002,1795
1416.3965,1416.4332,68437,81415,Rhinolophus ferrumequinum,0.027,0.028,-1,Echolocation,/mnt/ubna_data_01_mir/recover-20220825/UBNA_002/20220823_033000.WAV,Telephone Field,recover-20220825,002,1795
1416.4065,1416.4455,68437,82157,Rhinolophus ferrumequinum,0.02,0.02,-1,Echolocation,/mnt/ubna_data_01_mir/recover-20220825/UBNA_002/20220823_033000.WAV,Telephone Field,recover-20220825,002,1795
1416.4305,1416.4413,22890,27783,Nyctalus leisleri,0.011,0.023,-1,Echolocation,/mnt/ubna_data_01_mir/recover-20220825/UBNA_002/20220823_033000.WAV,Telephone Field,recover-20220825,002,1795
1416.4495,1416.4882,68437,81804,Rhinolophus ferrumequinum,0.022,0.022,-1,Echolocation,/mnt/ubna_data_01_mir/recover-20220825/UBNA_002/20220823_033000.WAV,Telephone Field,recover-20220825,002,1795
1416.4925,1416.527,68437,81324,Rhinolophus ferrumequinum,0.021,0.021,-1,Echolocation,/mnt/ubna_data_01_mir/recover-20220825/UBNA_002/20220823_033000.WAV,Telephone Field,recover-20220825,002,1795
1416.4935,1416.5034,24609,31364,Nyctalus leisleri,0.007,0.021,-1,Echolocation,/mnt/ubna_data_01_mir/recover-20220825/UBNA_002/20220823_033000.WAV,Telephone Field,recover-20220825,002,1795
1416.5265,1416.5672,68437,82793,Rhinolophus ferrumequinum,0.025,0.025,-1,Echolocation,/mnt/ubna_data_01_mir/recover-20220825/UBNA_002/20220823_033000.WAV,Telephone Field,recover-20220825,002,1795
1416.5485,1416.5871,68437,81793,Rhinolophus ferrumequinum,0.022,0.022,-1,Echolocation,/mnt/ubna_data_01_mir/recover-20220825/UBNA_002/20220823_033000.WAV,Telephone Field,recover-20220825,002,1795
1416.5575,1416.5934,68437,81701,Rhinolophus ferrumequinum,0.025,0.025,-1,Echolocation,/mnt/ubna_data_01_mir/recover-20220825/UBNA_002/20220823_033000.WAV,Telephone Field,recover-20220825,002,1795
1416.5895,1416.6005,28906,35258,Eptesicus serotinus,0.01,0.023,-1,Echolocation,/mnt/ubna_data_01_mir/recover-20220825/UBNA_002/20220823_033000.WAV,Telephone Field,recover-20220825,002,1795
1416.6155,1416.6522,68437,81437,Rhinolophus ferrumequinum,0.02,0.02,-1,Echolocation,/mnt/ubna_data_01_mir/recover-20220825/UBNA_002/20220823_033000.WAV,Telephone Field,recover-20220825,002,1795
1416.6235,1416.6602,68437,81180,Rhinolophus ferrumequinum,0.022,0.022,-1,Echolocation,/mnt/ubna_data_01_mir/recover-20220825/UBNA_002/20220823_033000.WAV,Telephone Field,recover-20220825,002,1795
1416.6755,1416.6834,28906,38006,Eptesicus serotinus,0.007,0.021,-1,Echolocation,/mnt/ubna_data_01_mir/recover-20220825/UBNA_002/20220823_033000.WAV,Telephone Field,recover-20220825,002,1795
1416.6835,1416.7191,68437,81540,Rhinolophus ferrumequinum,0.02,0.02,-1,Echolocation,/mnt/ubna_data_01_mir/recover-20220825/UBNA_002/20220823_033000.WAV,Telephone Field,recover-20220825,002,1795
1416.7405,1416.7531,25468,30559,Nyctalus leisleri,0.011,0.027,-1,Echolocation,/mnt/ubna_data_01_mir/recover-20220825/UBNA_002/20220823_033000.WAV,Telephone Field,recover-20220825,002,1795
1416.7455,1416.7864,68437,82374,Rhinolophus ferrumequinum,0.022,0.022,-1,Echolocation,/mnt/ubna_data_01_mir/recover-20220825/UBNA_002/20220823_033000.WAV,Telephone Field,recover-20220825,002,1795
1416.7565,1416.7635,24609,34165,Plecotus austriacus,0.009,0.023,-1,Echolocation,/mnt/ubna_data_01_mir/recover-20220825/UBNA_002/20220823_033000.WAV,Telephone Field,recover-20220825,002,1795
1416.7805,1416.7927,22031,25333,Nyctalus leisleri,0.013,0.021,-1,Echolocation,/mnt/ubna_data_01_mir/recover-20220825/UBNA_002/20220823_033000.WAV,Telephone Field,recover-20220825,002,1795
1416.7835,1416.8191,68437,81365,Rhinolophus ferrumequinum,0.021,0.021,-1,Echolocation,/mnt/ubna_data_01_mir/recover-20220825/UBNA_002/20220823_033000.WAV,Telephone Field,recover-20220825,002,1795
1416.7955,1416.8331,68437,82727,Rhinolophus ferrumequinum,0.021,0.021,-1,Echolocation,/mnt/ubna_data_01_mir/recover-20220825/UBNA_002/20220823_033000.WAV,Telephone Field,recover-20220825,002,1795
1416.8035,1416.8419,68437,82140,Rhinolophus ferrumequinum,0.023,0.023,-1,Echolocation,/mnt/ubna_data_01_mir/recover-20220825/UBNA_002/20220823_033000.WAV,Telephone Field,recover-20220825,002,1795
1416.8135,1416.8489,68437,81280,Rhinolophus ferrumequinum,0.024,0.024,-1,Echolocation,/mnt/ubna_data_01_mir/recover-20220825/UBNA_002/20220823_033000.WAV,Telephone Field,recover-20220825,002,1795
1416.8775,1416.8887,23750,29213,Nyctalus leisleri,0.012,0.025,-1,Echolocation,/mnt/ubna_data_01_mir/recover-20220825/UBNA_002/20220823_033000.WAV,Telephone Field,recover-20220825,002,1795
1416.9035,1416.9373,68437,81672,Rhinolophus ferrumequinum,0.023,0.024,-1,Echolocation,/mnt/ubna_data_01_mir/recover-20220825/UBNA_002/20220823_033000.WAV,Telephone Field,recover-20220825,002,1795
1416.9275,1416.9704,68437,83065,Rhinolophus ferrumequinum,0.04,0.04,-1,Echolocation,/mnt/ubna_data_01_mir/recover-20220825/UBNA_002/20220823_033000.WAV,Telephone Field,recover-20220825,002,1795
1416.9365,1416.9465,42656,46088,Pipistrellus pipistrellus,0.022,0.031,-1,Echolocation,/mnt/ubna_data_01_mir/recover-20220825/UBNA_002/20220823_033000.WAV,Telephone Field,recover-20220825,002,1795
1416.9555,1416.9935,68437,82244,Rhinolophus ferrumequinum,0.021,0.021,-1,Echolocation,/mnt/ubna_data_01_mir/recover-20220825/UBNA_002/20220823_033000.WAV,Telephone Field,recover-20220825,002,1795
1416.9645,1417.0034,68437,82202,Rhinolophus ferrumequinum,0.023,0.023,-1,Echolocation,/mnt/ubna_data_01_mir/recover-20220825/UBNA_002/20220823_033000.WAV,Telephone Field,recover-20220825,002,1795
1416.9695,1417.0064,68437,81256,Rhinolophus ferrumequinum,0.023,0.023,-1,Echolocation,/mnt/ubna_data_01_mir/recover-20220825/UBNA_002/20220823_033000.WAV,Telephone Field,recover-20220825,002,1795
1416.9715,1416.9807,56406,62783,Pipistrellus pygmaeus,0.022,0.023,-1,Echolocation,/mnt/ubna_data_01_mir/recover-20220825/UBNA_002/20220823_033000.WAV,Telephone Field,recover-20220825,002,1795
1416.9845,1416.9934,28906,36548,Eptesicus serotinus,0.008,0.021,-1,Echolocation,/mnt/ubna_data_01_mir/recover-20220825/UBNA_002/20220823_033000.WAV,Telephone Field,recover-20220825,002,1795
1416.9975,1417.0353,68437,81032,Rhinolophus ferrumequinum,0.02,0.02,-1,Echolocation,/mnt/ubna_data_01_mir/recover-20220825/UBNA_002/20220823_033000.WAV,Telephone Field,recover-20220825,002,1795
1417.0225,1417.0377,25468,30317,Nyctalus leisleri,0.017,0.038,-1,Echolocation,/mnt/ubna_data_01_mir/recover-20220825/UBNA_002/20220823_033000.WAV,Telephone Field,recover-20220825,002,1795
1417.0395,1417.0791,68437,82274,Rhinolophus ferrumequinum,0.021,0.021,-1,Echolocation,/mnt/ubna_data_01_mir/recover-20220825/UBNA_002/20220823_033000.WAV,Telephone Field,recover-20220825,002,1795
1417.0465,1417.0554,24609,32410,Eptesicus serotinus,0.007,0.021,-1,Echolocation,/mnt/ubna_data_01_mir/recover-20220825/UBNA_002/20220823_033000.WAV,Telephone Field,recover-20220825,002,1795
1417.0575,1417.0667,28906,37856,Eptesicus serotinus,0.008,0.022,-1,Echolocation,/mnt/ubna_data_01_mir/recover-20220825/UBNA_002/20220823_033000.WAV,Telephone Field,recover-20220825,002,1795
1417.0775,1417.1208,68437,83162,Rhinolophus ferrumequinum,0.035,0.035,-1,Echolocation,/mnt/ubna_data_01_mir/recover-20220825/UBNA_002/20220823_033000.WAV,Telephone Field,recover-20220825,002,1795
1417.0955,1417.132,68437,80277,Rhinolophus ferrumequinum,0.022,0.022,-1,Echolocation,/mnt/ubna_data_01_mir/recover-20220825/UBNA_002/20220823_033000.WAV,Telephone Field,recover-20220825,002,1795
1417.1155,1417.1549,68437,82729,Rhinolophus ferrumequinum,0.045,0.045,-1,Echolocation,/mnt/ubna_data_01_mir/recover-20220825/UBNA_002/20220823_033000.WAV,Telephone Field,recover-20220825,002,1795
1417.1365,1417.1434,22890,31315,Plecotus austriacus,0.012,0.023,-1,Echolocation,/mnt/ubna_data_01_mir/recover-20220825/UBNA_002/20220823_033000.WAV,Telephone Field,recover-20220825,002,1795
1417.1555,1417.1945,68437,82480,Rhinolophus ferrumequinum,0.022,0.022,-1,Echolocation,/mnt/ubna_data_01_mir/recover-20220825/UBNA_002/20220823_033000.WAV,Telephone Field,recover-20220825,002,1795
1417.1835,1417.2191,68437,81025,Rhinolophus ferrumequinum,0.023,0.023,-1,Echolocation,/mnt/ubna_data_01_mir/recover-20220825/UBNA_002/20220823_033000.WAV,Telephone Field,recover-20220825,002,1795
1417.2065,1417.2404,68437,80891,Rhinolophus ferrumequinum,0.021,0.022,-1,Echolocation,/mnt/ubna_data_01_mir/recover-20220825/UBNA_002/20220823_033000.WAV,Telephone Field,recover-20220825,002,1795
1417.2085,1417.2189,24609,31345,Nyctalus leisleri,0.008,0.022,-1,Echolocation,/mnt/ubna_data_01_mir/recover-20220825/UBNA_002/20220823_033000.WAV,Telephone Field,recover-20220825,002,1795
1417.2275,1417.2646,68437,82032,Rhinolophus ferrumequinum,0.022,0.022,-1,Echolocation,/mnt/ubna_data_01_mir/recover-20220825/UBNA_002/20220823_033000.WAV,Telephone Field,recover-20220825,002,1795
1417.2485,1417.2884,68437,82030,Rhinolophus ferrumequinum,0.022,0.022,-1,Echolocation,/mnt/ubna_data_01_mir/recover-20220825/UBNA_002/20220823_033000.WAV,Telephone Field,recover-20220825,002,1795
1417.2725,1417.3121,68437,82300,Rhinolophus ferrumequinum,0.021,0.021,-1,Echolocation,/mnt/ubna_data_01_mir/recover-20220825/UBNA_002/20220823_033000.WAV,Telephone Field,recover-20220825,002,1795
1417.2995,1417.3402,68437,82315,Rhinolophus ferrumequinum,0.025,0.025,-1,Echolocation,/mnt/ubna_data_01_mir/recover-20220825/UBNA_002/20220823_033000.WAV,Telephone Field,recover-20220825,002,1795
1417.3105,1417.348,68437,81694,Rhinolophus ferrumequinum,0.021,0.021,-1,Echolocation,/mnt/ubna_data_01_mir/recover-20220825/UBNA_002/20220823_033000.WAV,Telephone Field,recover-20220825,002,1795
1417.3485,1417.3866,68437,82471,Rhinolophus ferrumequinum,0.034,0.034,-1,Echolocation,/mnt/ubna_data_01_mir/recover-20220825/UBNA_002/20220823_033000.WAV,Telephone Field,recover-20220825,002,1795
1417.3815,1417.4192,68437,81228,Rhinolophus ferrumequinum,0.024,0.024,-1,Echolocation,/mnt/ubna_data_01_mir/recover-20220825/UBNA_002/20220823_033000.WAV,Telephone Field,recover-20220825,002,1795
1417.3845,1417.3992,22890,26771,Nyctalus leisleri,0.023,0.038,-1,Echolocation,/mnt/ubna_data_01_mir/recover-20220825/UBNA_002/20220823_033000.WAV,Telephone Field,recover-20220825,002,1795
1417.4125,1417.4514,68437,82005,Rhinolophus ferrumequinum,0.023,0.023,-1,Echolocation,/mnt/ubna_data_01_mir/recover-20220825/UBNA_002/20220823_033000.WAV,Telephone Field,recover-20220825,002,1795
1417.4135,1417.4223,28046,40713,Eptesicus serotinus,0.007,0.021,-1,Echolocation,/mnt/ubna_data_01_mir/recover-20220825/UBNA_002/20220823_033000.WAV,Telephone Field,recover-20220825,002,1795
1417.4325,1417.4413,25468,34475,Eptesicus serotinus,0.008,0.021,-1,Echolocation,/mnt/ubna_data_01_mir/recover-20220825/UBNA_002/20220823_033000.WAV,Telephone Field,recover-20220825,002,1795
1417.4325,1417.4689,68437,81480,Rhinolophus ferrumequinum,0.02,0.02,-1,Echolocation,/mnt/ubna_data_01_mir/recover-20220825/UBNA_002/20220823_033000.WAV,Telephone Field,recover-20220825,002,1795
1417.4335,1417.4437,35781,42329,Eptesicus serotinus,0.006,0.023,-1,Echolocation,/mnt/ubna_data_01_mir/recover-20220825/UBNA_002/20220823_033000.WAV,Telephone Field,recover-20220825,002,1795
1417.4595,1417.4717,47812,51009,Pipistrellus pipistrellus,0.027,0.032,-1,Echolocation,/mnt/ubna_data_01_mir/recover-20220825/UBNA_002/20220823_033000.WAV,Telephone Field,recover-20220825,002,1795
1417.4695,1417.4788,22890,28777,Nyctalus leisleri,0.009,0.024,-1,Echolocation,/mnt/ubna_data_01_mir/recover-20220825/UBNA_002/20220823_033000.WAV,Telephone Field,recover-20220825,002,1795
1417.4735,1417.5064,68437,80809,Rhinolophus ferrumequinum,0.021,0.021,-1,Echolocation,/mnt/ubna_data_01_mir/recover-20220825/UBNA_002/20220823_033000.WAV,Telephone Field,recover-20220825,002,1795
1417.4835,1417.5213,68437,81897,Rhinolophus ferrumequinum,0.021,0.021,-1,Echolocation,/mnt/ubna_data_01_mir/recover-20220825/UBNA_002/20220823_033000.WAV,Telephone Field,recover-20220825,002,1795
1417.4875,1417.4958,28906,38710,Eptesicus serotinus,0.008,0.022,-1,Echolocation,/mnt/ubna_data_01_mir/recover-20220825/UBNA_002/20220823_033000.WAV,Telephone Field,recover-20220825,002,1795
1417.5035,1417.5406,68437,82047,Rhinolophus ferrumequinum,0.022,0.022,-1,Echolocation,/mnt/ubna_data_01_mir/recover-20220825/UBNA_002/20220823_033000.WAV,Telephone Field,recover-20220825,002,1795
1417.5305,1417.5722,68437,82660,Rhinolophus ferrumequinum,0.028,0.028,-1,Echolocation,/mnt/ubna_data_01_mir/recover-20220825/UBNA_002/20220823_033000.WAV,Telephone Field,recover-20220825,002,1795
1417.5635,1417.6065,68437,83063,Rhinolophus ferrumequinum,0.039,0.039,-1,Echolocation,/mnt/ubna_data_01_mir/recover-20220825/UBNA_002/20220823_033000.WAV,Telephone Field,recover-20220825,002,1795
1417.6125,1417.6533,68437,82150,Rhinolophus ferrumequinum,0.031,0.031,-1,Echolocation,/mnt/ubna_data_01_mir/recover-20220825/UBNA_002/20220823_033000.WAV,Telephone Field,recover-20220825,002,1795
1417.6555,1417.6622,56406,61201,Pipistrellus pygmaeus,0.022,0.023,-1,Echolocation,/mnt/ubna_data_01_mir/recover-20220825/UBNA_002/20220823_033000.WAV,Telephone Field,recover-20220825,002,1795
1417.6975,1417.7366,68437,81335,Rhinolophus ferrumequinum,0.022,0.022,-1,Echolocation,/mnt/ubna_data_01_mir/recover-20220825/UBNA_002/20220823_033000.WAV,Telephone Field,recover-20220825,002,1795
1417.7245,1417.7644,68437,82083,Rhinolophus ferrumequinum,0.024,0.024,-1,Echolocation,/mnt/ubna_data_01_mir/recover-20220825/UBNA_002/20220823_033000.WAV,Telephone Field,recover-20220825,002,1795
1417.7265,1417.7386,23750,28561,Nyctalus leisleri,0.018,0.034,-1,Echolocation,/mnt/ubna_data_01_mir/recover-20220825/UBNA_002/20220823_033000.WAV,Telephone Field,recover-20220825,002,1795
1417.7485,1417.7877,68437,82161,Rhinolophus ferrumequinum,0.027,0.027,-1,Echolocation,/mnt/ubna_data_01_mir/recover-20220825/UBNA_002/20220823_033000.WAV,Telephone Field,recover-20220825,002,1795
1417.7635,1417.8033,68437,82421,Rhinolophus ferrumequinum,0.02,0.021,-1,Echolocation,/mnt/ubna_data_01_mir/recover-20220825/UBNA_002/20220823_033000.WAV,Telephone Field,recover-20220825,002,1795
1417.7785,1417.8192,68437,83032,Rhinolophus ferrumequinum,0.024,0.024,-1,Echolocation,/mnt/ubna_data_01_mir/recover-20220825/UBNA_002/20220823_033000.WAV,Telephone Field,recover-20220825,002,1795
1417.7925,1417.8329,68437,83175,Rhinolophus ferrumequinum,0.023,0.023,-1,Echolocation,/mnt/ubna_data_01_mir/recover-20220825/UBNA_002/20220823_033000.WAV,Telephone Field,recover-20220825,002,1795
1417.8015,1417.8095,27187,38196,Eptesicus serotinus,0.006,0.021,-1,Echolocation,/mnt/ubna_data_01_mir/recover-20220825/UBNA_002/20220823_033000.WAV,Telephone Field,recover-20220825,002,1795
1417.8055,1417.8127,34921,42770,Myotis daubentonii,0.008,0.022,-1,Echolocation,/mnt/ubna_data_01_mir/recover-20220825/UBNA_002/20220823_033000.WAV,Telephone Field,recover-20220825,002,1795
1417.8075,1417.8155,27187,37605,Eptesicus serotinus,0.006,0.02,-1,Echolocation,/mnt/ubna_data_01_mir/recover-20220825/UBNA_002/20220823_033000.WAV,Telephone Field,recover-20220825,002,1795
1417.8085,1417.8176,22890,29590,Plecotus austriacus,0.007,0.021,-1,Echolocation,/mnt/ubna_data_01_mir/recover-20220825/UBNA_002/20220823_033000.WAV,Telephone Field,recover-20220825,002,1795
1417.8295,1417.8657,68437,81789,Rhinolophus ferrumequinum,0.022,0.022,-1,Echolocation,/mnt/ubna_data_01_mir/recover-20220825/UBNA_002/20220823_033000.WAV,Telephone Field,recover-20220825,002,1795
1417.8565,1417.8994,68437,83473,Rhinolophus ferrumequinum,0.036,0.036,-1,Echolocation,/mnt/ubna_data_01_mir/recover-20220825/UBNA_002/20220823_033000.WAV,Telephone Field,recover-20220825,002,1795
1417.9075,1417.9485,68437,83037,Rhinolophus ferrumequinum,0.036,0.036,-1,Echolocation,/mnt/ubna_data_01_mir/recover-20220825/UBNA_002/20220823_033000.WAV,Telephone Field,recover-20220825,002,1795
1417.9095,1417.9173,28046,40198,Eptesicus serotinus,0.008,0.023,-1,Echolocation,/mnt/ubna_data_01_mir/recover-20220825/UBNA_002/20220823_033000.WAV,Telephone Field,recover-20220825,002,1795
1417.9155,1417.9282,44375,47608,Pipistrellus pipistrellus,0.038,0.045,-1,Echolocation,/mnt/ubna_data_01_mir/recover-20220825/UBNA_002/20220823_033000.WAV,Telephone Field,recover-20220825,002,1795
1417.9335,1417.9709,68437,82089,Rhinolophus ferrumequinum,0.021,0.021,-1,Echolocation,/mnt/ubna_data_01_mir/recover-20220825/UBNA_002/20220823_033000.WAV,Telephone Field,recover-20220825,002,1795
1417.9415,1417.9516,28906,36749,Eptesicus serotinus,0.008,0.02,-1,Echolocation,/mnt/ubna_data_01_mir/recover-20220825/UBNA_002/20220823_033000.WAV,Telephone Field,recover-20220825,002,1795
1417.9485,1417.9862,68437,81696,Rhinolophus ferrumequinum,0.021,0.021,-1,Echolocation,/mnt/ubna_data_01_mir/recover-20220825/UBNA_002/20220823_033000.WAV,Telephone Field,recover-20220825,002,1795
1417.9535,1417.9918,68437,81417,Rhinolophus ferrumequinum,0.021,0.021,-1,Echolocation,/mnt/ubna_data_01_mir/recover-20220825/UBNA_002/20220823_033000.WAV,Telephone Field,recover-20220825,002,1795
1418.0015,1418.0118,24609,32059,Nyctalus leisleri,0.01,0.028,-1,Echolocation,/mnt/ubna_data_01_mir/recover-20220825/UBNA_002/20220823_033000.WAV,Telephone Field,recover-20220825,002,1795
1418.0015,1418.0329,69296,81196,Rhinolophus ferrumequinum,0.03,0.03,-1,Echolocation,/mnt/ubna_data_01_mir/recover-20220825/UBNA_002/20220823_033000.WAV,Telephone Field,recover-20220825,002,1795
1418.0255,1418.031,40078,51891,Myotis daubentonii,0.005,0.019,-1,Echolocation,/mnt/ubna_data_01_mir/recover-20220825/UBNA_002/20220823_033000.WAV,Telephone Field,recover-20220825,002,1795
1418.0345,1418.0441,28906,35555,Eptesicus serotinus,0.008,0.019,-1,Echolocation,/mnt/ubna_data_01_mir/recover-20220825/UBNA_002/20220823_033000.WAV,Telephone Field,recover-20220825,002,1795
1418.0635,1418.0729,38359,44097,Pipistrellus nathusii,0.015,0.027,-1,Echolocation,/mnt/ubna_data_01_mir/recover-20220825/UBNA_002/20220823_033000.WAV,Telephone Field,recover-20220825,002,1795
1418.0845,1418.1277,68437,83200,Rhinolophus ferrumequinum,0.04,0.04,-1,Echolocation,/mnt/ubna_data_01_mir/recover-20220825/UBNA_002/20220823_033000.WAV,Telephone Field,recover-20220825,002,1795
1418.1565,1418.1991,68437,82825,Rhinolophus ferrumequinum,0.022,0.022,-1,Echolocation,/mnt/ubna_data_01_mir/recover-20220825/UBNA_002/20220823_033000.WAV,Telephone Field,recover-20220825,002,1795
1418.2015,1418.2424,68437,82910,Rhinolophus ferrumequinum,0.022,0.022,-1,Echolocation,/mnt/ubna_data_01_mir/recover-20220825/UBNA_002/20220823_033000.WAV,Telephone Field,recover-20220825,002,1795
1418.2505,1418.2888,68437,82716,Rhinolophus ferrumequinum,0.021,0.021,-1,Echolocation,/mnt/ubna_data_01_mir/recover-20220825/UBNA_002/20220823_033000.WAV,Telephone Field,recover-20220825,002,1795
1418.2515,1418.2607,23750,30912,Plecotus austriacus,0.006,0.021,-1,Echolocation,/mnt/ubna_data_01_mir/recover-20220825/UBNA_002/20220823_033000.WAV,Telephone Field,recover-20220825,002,1795
1418.2625,1418.305,68437,83194,Rhinolophus ferrumequinum,0.024,0.024,-1,Echolocation,/mnt/ubna_data_01_mir/recover-20220825/UBNA_002/20220823_033000.WAV,Telephone Field,recover-20220825,002,1795
1418.2635,1418.2707,24609,32815,Plecotus austriacus,0.008,0.021,-1,Echolocation,/mnt/ubna_data_01_mir/recover-20220825/UBNA_002/20220823_033000.WAV,Telephone Field,recover-20220825,002,1795
1418.2875,1418.3281,68437,82427,Rhinolophus ferrumequinum,0.021,0.021,-1,Echolocation,/mnt/ubna_data_01_mir/recover-20220825/UBNA_002/20220823_033000.WAV,Telephone Field,recover-20220825,002,1795
1418.3005,1418.3163,21171,24231,Nyctalus leisleri,0.013,0.02,-1,Echolocation,/mnt/ubna_data_01_mir/recover-20220825/UBNA_002/20220823_033000.WAV,Telephone Field,recover-20220825,002,1795
1418.3055,1418.317,22890,27572,Nyctalus leisleri,0.01,0.02,-1,Echolocation,/mnt/ubna_data_01_mir/recover-20220825/UBNA_002/20220823_033000.WAV,Telephone Field,recover-20220825,002,1795
1418.3075,1418.3502,68437,82929,Rhinolophus ferrumequinum,0.027,0.027,-1,Echolocation,/mnt/ubna_data_01_mir/recover-20220825/UBNA_002/20220823_033000.WAV,Telephone Field,recover-20220825,002,1795
1418.3155,1418.3248,28046,36133,Eptesicus serotinus,0.009,0.023,-1,Echolocation,/mnt/ubna_data_01_mir/recover-20220825/UBNA_002/20220823_033000.WAV,Telephone Field,recover-20220825,002,1795
1418.3425,1418.3811,68437,81228,Rhinolophus ferrumequinum,0.019,0.019,-1,Echolocation,/mnt/ubna_data_01_mir/recover-20220825/UBNA_002/20220823_033000.WAV,Telephone Field,recover-20220825,002,1795
1418.3615,1418.3726,28906,36902,Eptesicus serotinus,0.016,0.032,-1,Echolocation,/mnt/ubna_data_01_mir/recover-20220825/UBNA_002/20220823_033000.WAV,Telephone Field,recover-20220825,002,1795
1418.3725,1418.4096,68437,81694,Rhinolophus ferrumequinum,0.019,0.019,-1,Echolocation,/mnt/ubna_data_01_mir/recover-20220825/UBNA_002/20220823_033000.WAV,Telephone Field,recover-20220825,002,1795
1418.3805,1418.3886,27187,38320,Eptesicus serotinus,0.007,0.021,-1,Echolocation,/mnt/ubna_data_01_mir/recover-20220825/UBNA_002/20220823_033000.WAV,Telephone Field,recover-20220825,002,1795
1418.3825,1418.3933,22031,27248,Nyctalus leisleri,0.009,0.021,-1,Echolocation,/mnt/ubna_data_01_mir/recover-20220825/UBNA_002/20220823_033000.WAV,Telephone Field,recover-20220825,002,1795
1418.3835,1418.4299,68437,83607,Rhinolophus ferrumequinum,0.037,0.037,-1,Echolocation,/mnt/ubna_data_01_mir/recover-20220825/UBNA_002/20220823_033000.WAV,Telephone Field,recover-20220825,002,1795
1418.3975,1418.404,28906,39789,Eptesicus serotinus,0.005,0.022,-1,Echolocation,/mnt/ubna_data_01_mir/recover-20220825/UBNA_002/20220823_033000.WAV,Telephone Field,recover-20220825,002,1795
1418.4245,1418.4631,68437,81945,Rhinolophus ferrumequinum,0.021,0.021,-1,Echolocation,/mnt/ubna_data_01_mir/recover-20220825/UBNA_002/20220823_033000.WAV,Telephone Field,recover-20220825,002,1795
1418.4405,1418.4823,68437,82813,Rhinolophus ferrumequinum,0.022,0.022,-1,Echolocation,/mnt/ubna_data_01_mir/recover-20220825/UBNA_002/20220823_033000.WAV,Telephone Field,recover-20220825,002,1795
1418.4435,1418.4558,22031,25941,Nyctalus leisleri,0.013,0.025,-1,Echolocation,/mnt/ubna_data_01_mir/recover-20220825/UBNA_002/20220823_033000.WAV,Telephone Field,recover-20220825,002,1795
1418.4605,1418.4695,25468,33678,Eptesicus serotinus,0.007,0.02,-1,Echolocation,/mnt/ubna_data_01_mir/recover-20220825/UBNA_002/20220823_033000.WAV,Telephone Field,recover-20220825,002,1795
1418.4715,1418.5105,68437,82647,Rhinolophus ferrumequinum,0.02,0.02,-1,Echolocation,/mnt/ubna_data_01_mir/recover-20220825/UBNA_002/20220823_033000.WAV,Telephone Field,recover-20220825,002,1795
1418.4755,1418.4837,23750,32066,Plecotus austriacus,0.007,0.024,-1,Echolocation,/mnt/ubna_data_01_mir/recover-20220825/UBNA_002/20220823_033000.WAV,Telephone Field,recover-20220825,002,1795
1418.4855,1418.5239,68437,81676,Rhinolophus ferrumequinum,0.02,0.02,-1,Echolocation,/mnt/ubna_data_01_mir/recover-20220825/UBNA_002/20220823_033000.WAV,Telephone Field,recover-20220825,002,1795
1418.4975,1418.5376,68437,82549,Rhinolophus ferrumequinum,0.022,0.022,-1,Echolocation,/mnt/ubna_data_01_mir/recover-20220825/UBNA_002/20220823_033000.WAV,Telephone Field,recover-20220825,002,1795
1418.5315,1418.5712,68437,82360,Rhinolophus ferrumequinum,0.021,0.021,-1,Echolocation,/mnt/ubna_data_01_mir/recover-20220825/UBNA_002/20220823_033000.WAV,Telephone Field,recover-20220825,002,1795
1418.5535,1418.5635,25468,33490,Eptesicus serotinus,0.008,0.019,-1,Echolocation,/mnt/ubna_data_01_mir/recover-20220825/UBNA_002/20220823_033000.WAV,Telephone Field,recover-20220825,002,1795
1418.5795,1418.5882,23750,31182,Plecotus austriacus,0.006,0.02,-1,Echolocation,/mnt/ubna_data_01_mir/recover-20220825/UBNA_002/20220823_033000.WAV,Telephone Field,recover-20220825,002,1795
1418.6065,1418.645,68437,82166,Rhinolophus ferrumequinum,0.021,0.021,-1,Echolocation,/mnt/ubna_data_01_mir/recover-20220825/UBNA_002/20220823_033000.WAV,Telephone Field,recover-20220825,002,1795
1418.6265,1418.6327,28906,40539,Myotis daubentonii,0.005,0.026,-1,Echolocation,/mnt/ubna_data_01_mir/recover-20220825/UBNA_002/20220823_033000.WAV,Telephone Field,recover-20220825,002,1795
1418.6515,1418.6614,28906,35177,Eptesicus serotinus,0.008,0.02,-1,Echolocation,/mnt/ubna_data_01_mir/recover-20220825/UBNA_002/20220823_033000.WAV,Telephone Field,recover-20220825,002,1795
1418.6765,1418.7147,68437,81982,Rhinolophus ferrumequinum,0.02,0.02,-1,Echolocation,/mnt/ubna_data_01_mir/recover-20220825/UBNA_002/20220823_033000.WAV,Telephone Field,recover-20220825,002,1795
1418.6995,1418.7393,68437,82692,Rhinolophus ferrumequinum,0.022,0.022,-1,Echolocation,/mnt/ubna_data_01_mir/recover-20220825/UBNA_002/20220823_033000.WAV,Telephone Field,recover-20220825,002,1795
1418.7485,1418.7879,68437,81888,Rhinolophus ferrumequinum,0.022,0.022,-1,Echolocation,/mnt/ubna_data_01_mir/recover-20220825/UBNA_002/20220823_033000.WAV,Telephone Field,recover-20220825,002,1795
1418.8505,1418.8925,68437,83262,Rhinolophus ferrumequinum,0.03,0.03,-1,Echolocation,/mnt/ubna_data_01_mir/recover-20220825/UBNA_002/20220823_033000.WAV,Telephone Field,recover-20220825,002,1795
1418.8805,1418.8948,22031,26540,Nyctalus leisleri,0.011,0.021,-1,Echolocation,/mnt/ubna_data_01_mir/recover-20220825/UBNA_002/20220823_033000.WAV,Telephone Field,recover-20220825,002,1795
1418.9385,1418.98,68437,82993,Rhinolophus ferrumequinum,0.025,0.025,-1,Echolocation,/mnt/ubna_data_01_mir/recover-20220825/UBNA_002/20220823_033000.WAV,Telephone Field,recover-20220825,002,1795
1418.9465,1418.9574,22031,25631,Nyctalus leisleri,0.012,0.021,-1,Echolocation,/mnt/ubna_data_01_mir/recover-20220825/UBNA_002/20220823_033000.WAV,Telephone Field,recover-20220825,002,1795
1419.0075,1419.0483,68437,82260,Rhinolophus ferrumequinum,0.02,0.02,-1,Echolocation,/mnt/ubna_data_01_mir/recover-20220825/UBNA_002/20220823_033000.WAV,Telephone Field,recover-20220825,002,1795
1419.0165,1419.0574,68437,82235,Rhinolophus ferrumequinum,0.02,0.02,-1,Echolocation,/mnt/ubna_data_01_mir/recover-20220825/UBNA_002/20220823_033000.WAV,Telephone Field,recover-20220825,002,1795
1419.0285,1419.0666,68437,81960,Rhinolophus ferrumequinum,0.02,0.02,-1,Echolocation,/mnt/ubna_data_01_mir/recover-20220825/UBNA_002/20220823_033000.WAV,Telephone Field,recover-20220825,002,1795
1419.0315,1419.039,27187,39253,Eptesicus serotinus,0.007,0.024,-1,Echolocation,/mnt/ubna_data_01_mir/recover-20220825/UBNA_002/20220823_033000.WAV,Telephone Field,recover-20220825,002,1795
1419.0495,1419.0937,68437,83076,Rhinolophus ferrumequinum,0.031,0.031,-1,Echolocation,/mnt/ubna_data_01_mir/recover-20220825/UBNA_002/20220823_033000.WAV,Telephone Field,recover-20220825,002,1795
1419.0695,1419.0787,23750,30437,Nyctalus leisleri,0.007,0.019,-1,Echolocation,/mnt/ubna_data_01_mir/recover-20220825/UBNA_002/20220823_033000.WAV,Telephone Field,recover-20220825,002,1795
1419.0895,1419.0973,26328,34424,Eptesicus serotinus,0.006,0.019,-1,Echolocation,/mnt/ubna_data_01_mir/recover-20220825/UBNA_002/20220823_033000.WAV,Telephone Field,recover-20220825,002,1795
1419.0945,1419.1366,68437,82560,Rhinolophus ferrumequinum,0.021,0.021,-1,Echolocation,/mnt/ubna_data_01_mir/recover-20220825/UBNA_002/20220823_033000.WAV,Telephone Field,recover-20220825,002,1795
1419.1195,1419.1606,68437,82593,Rhinolophus ferrumequinum,0.026,0.026,-1,Echolocation,/mnt/ubna_data_01_mir/recover-20220825/UBNA_002/20220823_033000.WAV,Telephone Field,recover-20220825,002,1795
1419.1515,1419.1919,68437,82389,Rhinolophus ferrumequinum,0.023,0.023,-1,Echolocation,/mnt/ubna_data_01_mir/recover-20220825/UBNA_002/20220823_033000.WAV,Telephone Field,recover-20220825,002,1795
1419.1795,1419.2186,68437,82670,Rhinolophus ferrumequinum,0.022,0.022,-1,Echolocation,/mnt/ubna_data_01_mir/recover-20220825/UBNA_002/20220823_033000.WAV,Telephone Field,recover-20220825,002,1795
1419.2065,1419.2526,68437,84134,Rhinolophus ferrumequinum,0.042,0.042,-1,Echolocation,/mnt/ubna_data_01_mir/recover-20220825/UBNA_002/20220823_033000.WAV,Telephone Field,recover-20220825,002,1795
1419.2225,1419.2296,28046,39633,Eptesicus serotinus,0.006,0.021,-1,Echolocation,/mnt/ubna_data_01_mir/recover-20220825/UBNA_002/20220823_033000.WAV,Telephone Field,recover-20220825,002,1795
1419.2395,1419.2767,68437,81077,Rhinolophus ferrumequinum,0.019,0.019,-1,Echolocation,/mnt/ubna_data_01_mir/recover-20220825/UBNA_002/20220823_033000.WAV,Telephone Field,recover-20220825,002,1795
1419.2635,1419.2746,23750,29180,Nyctalus leisleri,0.008,0.019,-1,Echolocation,/mnt/ubna_data_01_mir/recover-20220825/UBNA_002/20220823_033000.WAV,Telephone Field,recover-20220825,002,1795
1419.2745,1419.2856,23750,29450,Nyctalus leisleri,0.01,0.022,-1,Echolocation,/mnt/ubna_data_01_mir/recover-20220825/UBNA_002/20220823_033000.WAV,Telephone Field,recover-20220825,002,1795
1419.2775,1419.3138,68437,81627,Rhinolophus ferrumequinum,0.022,0.022,-1,Echolocation,/mnt/ubna_data_01_mir/recover-20220825/UBNA_002/20220823_033000.WAV,Telephone Field,recover-20220825,002,1795
1419.2895,1419.2975,26328,35003,Eptesicus serotinus,0.008,0.023,-1,Echolocation,/mnt/ubna_data_01_mir/recover-20220825/UBNA_002/20220823_033000.WAV,Telephone Field,recover-20220825,002,1795
1419.2995,1419.3386,68437,81940,Rhinolophus ferrumequinum,0.019,0.019,-1,Echolocation,/mnt/ubna_data_01_mir/recover-20220825/UBNA_002/20220823_033000.WAV,Telephone Field,recover-20220825,002,1795
1419.3235,1419.3644,68437,82574,Rhinolophus ferrumequinum,0.022,0.022,-1,Echolocation,/mnt/ubna_data_01_mir/recover-20220825/UBNA_002/20220823_033000.WAV,Telephone Field,recover-20220825,002,1795
1419.3555,1419.3644,44375,49437,Pipistrellus pipistrellus,0.021,0.023,-1,Echolocation,/mnt/ubna_data_01_mir/recover-20220825/UBNA_002/20220823_033000.WAV,Telephone Field,recover-20220825,002,1795
1419.3565,1419.3971,68437,83092,Rhinolophus ferrumequinum,0.023,0.023,-1,Echolocation,/mnt/ubna_data_01_mir/recover-20220825/UBNA_002/20220823_033000.WAV,Telephone Field,recover-20220825,002,1795
1419.3885,1419.4034,15156,19550,Nyctalus noctula,0.023,0.035,-1,Echolocation,/mnt/ubna_data_01_mir/recover-20220825/UBNA_002/20220823_033000.WAV,Telephone Field,recover-20220825,002,1795
1419.4145,1419.4523,68437,82316,Rhinolophus ferrumequinum,0.021,0.021,-1,Echolocation,/mnt/ubna_data_01_mir/recover-20220825/UBNA_002/20220823_033000.WAV,Telephone Field,recover-20220825,002,1795
1419.4395,1419.4802,68437,82005,Rhinolophus ferrumequinum,0.022,0.022,-1,Echolocation,/mnt/ubna_data_01_mir/recover-20220825/UBNA_002/20220823_033000.WAV,Telephone Field,recover-20220825,002,1795
1419.5565,1419.5961,68437,82418,Rhinolophus ferrumequinum,0.024,0.024,-1,Echolocation,/mnt/ubna_data_01_mir/recover-20220825/UBNA_002/20220823_033000.WAV,Telephone Field,recover-20220825,002,1795
1419.6185,1419.656,68437,81308,Rhinolophus ferrumequinum,0.02,0.021,-1,Echolocation,/mnt/ubna_data_01_mir/recover-20220825/UBNA_002/20220823_033000.WAV,Telephone Field,recover-20220825,002,1795
1419.6265,1419.635,23750,32055,Plecotus austriacus,0.008,0.021,-1,Echolocation,/mnt/ubna_data_01_mir/recover-20220825/UBNA_002/20220823_033000.WAV,Telephone Field,recover-20220825,002,1795
1419.6655,1419.673,23750,31452,Plecotus austriacus,0.007,0.019,-1,Echolocation,/mnt/ubna_data_01_mir/recover-20220825/UBNA_002/20220823_033000.WAV,Telephone Field,recover-20220825,002,1795
1419.6955,1419.7338,68437,81847,Rhinolophus ferrumequinum,0.02,0.02,-1,Echolocation,/mnt/ubna_data_01_mir/recover-20220825/UBNA_002/20220823_033000.WAV,Telephone Field,recover-20220825,002,1795
1419.7115,1419.7206,28906,37554,Eptesicus serotinus,0.007,0.02,-1,Echolocation,/mnt/ubna_data_01_mir/recover-20220825/UBNA_002/20220823_033000.WAV,Telephone Field,recover-20220825,002,1795
1419.7355,1419.7705,68437,81819,Rhinolophus ferrumequinum,0.02,0.02,-1,Echolocation,/mnt/ubna_data_01_mir/recover-20220825/UBNA_002/20220823_033000.WAV,Telephone Field,recover-20220825,002,1795
1419.7555,1419.7901,68437,81163,Rhinolophus ferrumequinum,0.019,0.019,-1,Echolocation,/mnt/ubna_data_01_mir/recover-20220825/UBNA_002/20220823_033000.WAV,Telephone Field,recover-20220825,002,1795
1419.7645,1419.7749,22031,25810,Nyctalus leisleri,0.011,0.019,-1,Echolocation,/mnt/ubna_data_01_mir/recover-20220825/UBNA_002/20220823_033000.WAV,Telephone Field,recover-20220825,002,1795
1419.7775,1419.7857,24609,32387,Plecotus austriacus,0.005,0.02,-1,Echolocation,/mnt/ubna_data_01_mir/recover-20220825/UBNA_002/20220823_033000.WAV,Telephone Field,recover-20220825,002,1795
1419.7885,1419.8256,68437,81682,Rhinolophus ferrumequinum,0.02,0.02,-1,Echolocation,/mnt/ubna_data_01_mir/recover-20220825/UBNA_002/20220823_033000.WAV,Telephone Field,recover-20220825,002,1795
1419.8135,1419.8514,68437,81991,Rhinolophus ferrumequinum,0.019,0.019,-1,Echolocation,/mnt/ubna_data_01_mir/recover-20220825/UBNA_002/20220823_033000.WAV,Telephone Field,recover-20220825,002,1795
1419.8405,1419.8807,68437,82869,Rhinolophus ferrumequinum,0.02,0.02,-1,Echolocation,/mnt/ubna_data_01_mir/recover-20220825/UBNA_002/20220823_033000.WAV,Telephone Field,recover-20220825,002,1795
1419.8455,1419.8857,68437,82470,Rhinolophus ferrumequinum,0.02,0.02,-1,Echolocation,/mnt/ubna_data_01_mir/recover-20220825/UBNA_002/20220823_033000.WAV,Telephone Field,recover-20220825,002,1795
1419.8525,1419.8884,68437,81451,Rhinolophus ferrumequinum,0.021,0.021,-1,Echolocation,/mnt/ubna_data_01_mir/recover-20220825/UBNA_002/20220823_033000.WAV,Telephone Field,recover-20220825,002,1795
1419.8825,1419.891,22890,30195,Plecotus austriacus,0.01,0.023,-1,Echolocation,/mnt/ubna_data_01_mir/recover-20220825/UBNA_002/20220823_033000.WAV,Telephone Field,recover-20220825,002,1795
1419.9455,1419.9857,68437,82136,Rhinolophus ferrumequinum,0.022,0.022,-1,Echolocation,/mnt/ubna_data_01_mir/recover-20220825/UBNA_002/20220823_033000.WAV,Telephone Field,recover-20220825,002,1795
1420.0015,1420.0341,68437,79916,Rhinolophus ferrumequinum,0.048,0.048,-1,Echolocation,/mnt/ubna_data_01_mir/recover-20220825/UBNA_002/20220823_033000.WAV,Telephone Field,recover-20220825,002,1795
1420.0015,1420.0098,26328,36559,Nyctalus leisleri,0.007,0.028,-1,Echolocation,/mnt/ubna_data_01_mir/recover-20220825/UBNA_002/20220823_033000.WAV,Telephone Field,recover-20220825,002,1795
1420.0025,1420.0198,17734,21419,Nyctalus noctula,0.039,0.063,-1,Echolocation,/mnt/ubna_data_01_mir/recover-20220825/UBNA_002/20220823_033000.WAV,Telephone Field,recover-20220825,002,1795
1420.0095,1420.0199,22031,25246,Nyctalus leisleri,0.012,0.02,-1,Echolocation,/mnt/ubna_data_01_mir/recover-20220825/UBNA_002/20220823_033000.WAV,Telephone Field,recover-20220825,002,1795
1420.0135,1420.0537,68437,82704,Rhinolophus ferrumequinum,0.022,0.022,-1,Echolocation,/mnt/ubna_data_01_mir/recover-20220825/UBNA_002/20220823_033000.WAV,Telephone Field,recover-20220825,002,1795
1420.0575,1420.0944,68437,81710,Rhinolophus ferrumequinum,0.022,0.022,-1,Echolocation,/mnt/ubna_data_01_mir/recover-20220825/UBNA_002/20220823_033000.WAV,Telephone Field,recover-20220825,002,1795
1420.0755,1420.1135,68437,82439,Rhinolophus ferrumequinum,0.031,0.031,-1,Echolocation,/mnt/ubna_data_01_mir/recover-20220825/UBNA_002/20220823_033000.WAV,Telephone Field,recover-20220825,002,1795
1420.0885,1420.1287,68437,82237,Rhinolophus ferrumequinum,0.024,0.024,-1,Echolocation,/mnt/ubna_data_01_mir/recover-20220825/UBNA_002/20220823_033000.WAV,Telephone Field,recover-20220825,002,1795
1420.1195,1420.1268,23750,32323,Plecotus austriacus,0.013,0.029,-1,Echolocation,/mnt/ubna_data_01_mir/recover-20220825/UBNA_002/20220823_033000.WAV,Telephone Field,recover-20220825,002,1795
1420.1415,1420.1795,68437,81670,Rhinolophus ferrumequinum,0.024,0.024,-1,Echolocation,/mnt/ubna_data_01_mir/recover-20220825/UBNA_002/20220823_033000.WAV,Telephone Field,recover-20220825,002,1795
1420.1685,1420.1795,22031,26137,Nyctalus leisleri,0.011,0.021,-1,Echolocation,/mnt/ubna_data_01_mir/recover-20220825/UBNA_002/20220823_033000.WAV,Telephone Field,recover-20220825,002,1795
1420.2255,1420.2661,68437,82418,Rhinolophus ferrumequinum,0.023,0.023,-1,Echolocation,/mnt/ubna_data_01_mir/recover-20220825/UBNA_002/20220823_033000.WAV,Telephone Field,recover-20220825,002,1795
1420.2315,1420.2701,68437,82451,Rhinolophus ferrumequinum,0.023,0.023,-1,Echolocation,/mnt/ubna_data_01_mir/recover-20220825/UBNA_002/20220823_033000.WAV,Telephone Field,recover-20220825,002,1795
1420.2355,1420.2467,23750,29289,Nyctalus leisleri,0.015,0.033,-1,Echolocation,/mnt/ubna_data_01_mir/recover-20220825/UBNA_002/20220823_033000.WAV,Telephone Field,recover-20220825,002,1795
1420.2495,1420.258,26328,37569,Eptesicus serotinus,0.007,0.023,-1,Echolocation,/mnt/ubna_data_01_mir/recover-20220825/UBNA_002/20220823_033000.WAV,Telephone Field,recover-20220825,002,1795
1420.2825,1420.2945,23750,29313,Nyctalus leisleri,0.013,0.028,-1,Echolocation,/mnt/ubna_data_01_mir/recover-20220825/UBNA_002/20220823_033000.WAV,Telephone Field,recover-20220825,002,1795
1420.2985,1420.3071,24609,32271,Plecotus austriacus,0.007,0.021,-1,Echolocation,/mnt/ubna_data_01_mir/recover-20220825/UBNA_002/20220823_033000.WAV,Telephone Field,recover-20220825,002,1795
1420.3345,1420.3746,68437,82586,Rhinolophus ferrumequinum,0.026,0.026,-1,Echolocation,/mnt/ubna_data_01_mir/recover-20220825/UBNA_002/20220823_033000.WAV,Telephone Field,recover-20220825,002,1795
1420.3455,1420.354,28906,38066,Eptesicus serotinus,0.007,0.02,-1,Echolocation,/mnt/ubna_data_01_mir/recover-20220825/UBNA_002/20220823_033000.WAV,Telephone Field,recover-20220825,002,1795
1420.3655,1420.4074,68437,82703,Rhinolophus ferrumequinum,0.022,0.022,-1,Echolocation,/mnt/ubna_data_01_mir/recover-20220825/UBNA_002/20220823_033000.WAV,Telephone Field,recover-20220825,002,1795
1420.3755,1420.4121,68437,81682,Rhinolophus ferrumequinum,0.021,0.021,-1,Echolocation,/mnt/ubna_data_01_mir/recover-20220825/UBNA_002/20220823_033000.WAV,Telephone Field,recover-20220825,002,1795
1420.4715,1420.5144,68437,82441,Rhinolophus ferrumequinum,0.038,0.038,-1,Echolocation,/mnt/ubna_data_01_mir/recover-20220825/UBNA_002/20220823_033000.WAV,Telephone Field,recover-20220825,002,1795
1420.4855,1420.5241,68437,82220,Rhinolophus ferrumequinum,0.027,0.027,-1,Echolocation,/mnt/ubna_data_01_mir/recover-20220825/UBNA_002/20220823_033000.WAV,Telephone Field,recover-20220825,002,1795
1420.5065,1420.5424,68437,81100,Rhinolophus ferrumequinum,0.02,0.021,-1,Echolocation,/mnt/ubna_data_01_mir/recover-20220825/UBNA_002/20220823_033000.WAV,Telephone Field,recover-20220825,002,1795
1420.5185,1420.5292,27187,35111,Eptesicus serotinus,0.01,0.022,-1,Echolocation,/mnt/ubna_data_01_mir/recover-20220825/UBNA_002/20220823_033000.WAV,Telephone Field,recover-20220825,002,1795
1420.5655,1420.6062,68437,82803,Rhinolophus ferrumequinum,0.023,0.023,-1,Echolocation,/mnt/ubna_data_01_mir/recover-20220825/UBNA_002/20220823_033000.WAV,Telephone Field,recover-20220825,002,1795
1420.5975,1420.636,68437,82102,Rhinolophus ferrumequinum,0.022,0.022,-1,Echolocation,/mnt/ubna_data_01_mir/recover-20220825/UBNA_002/20220823_033000.WAV,Telephone Field,recover-20220825,002,1795
1420.6445,1420.6822,68437,82197,Rhinolophus ferrumequinum,0.021,0.021,-1,Echolocation,/mnt/ubna_data_01_mir/recover-20220825/UBNA_002/20220823_033000.WAV,Telephone Field,recover-20220825,002,1795
1420.6605,1420.6711,28906,37067,Eptesicus serotinus,0.011,0.024,-1,Echolocation,/mnt/ubna_data_01_mir/recover-20220825/UBNA_002/20220823_033000.WAV,Telephone Field,recover-20220825,002,1795
1420.6675,1420.704,68437,81747,Rhinolophus ferrumequinum,0.02,0.02,-1,Echolocation,/mnt/ubna_data_01_mir/recover-20220825/UBNA_002/20220823_033000.WAV,Telephone Field,recover-20220825,002,1795
1420.6755,1420.6972,17734,20297,Nyctalus noctula,0.016,0.03,-1,Echolocation,/mnt/ubna_data_01_mir/recover-20220825/UBNA_002/20220823_033000.WAV,Telephone Field,recover-20220825,002,1795
1420.6875,1420.7277,68437,82331,Rhinolophus ferrumequinum,0.026,0.026,-1,Echolocation,/mnt/ubna_data_01_mir/recover-20220825/UBNA_002/20220823_033000.WAV,Telephone Field,recover-20220825,002,1795
1420.7075,1420.7502,68437,83029,Rhinolophus ferrumequinum,0.042,0.042,-1,Echolocation,/mnt/ubna_data_01_mir/recover-20220825/UBNA_002/20220823_033000.WAV,Telephone Field,recover-20220825,002,1795
1420.7145,1420.7238,28906,39709,Eptesicus serotinus,0.007,0.021,-1,Echolocation,/mnt/ubna_data_01_mir/recover-20220825/UBNA_002/20220823_033000.WAV,Telephone Field,recover-20220825,002,1795
1420.7865,1420.7977,28046,34573,Eptesicus serotinus,0.031,0.052,-1,Echolocation,/mnt/ubna_data_01_mir/recover-20220825/UBNA_002/20220823_033000.WAV,Telephone Field,recover-20220825,002,1795
1420.8155,1420.8236,27187,39420,Eptesicus serotinus,0.007,0.021,-1,Echolocation,/mnt/ubna_data_01_mir/recover-20220825/UBNA_002/20220823_033000.WAV,Telephone Field,recover-20220825,002,1795
1420.8165,1420.8551,68437,82271,Rhinolophus ferrumequinum,0.02,0.02,-1,Echolocation,/mnt/ubna_data_01_mir/recover-20220825/UBNA_002/20220823_033000.WAV,Telephone Field,recover-20220825,002,1795
1420.8375,1420.8795,68437,82542,Rhinolophus ferrumequinum,0.023,0.023,-1,Echolocation,/mnt/ubna_data_01_mir/recover-20220825/UBNA_002/20220823_033000.WAV,Telephone Field,recover-20220825,002,1795
1420.8545,1420.8626,28046,38655,Eptesicus serotinus,0.007,0.021,-1,Echolocation,/mnt/ubna_data_01_mir/recover-20220825/UBNA_002/20220823_033000.WAV,Telephone Field,recover-20220825,002,1795
1420.8565,1420.8962,68437,82721,Rhinolophus ferrumequinum,0.029,0.029,-1,Echolocation,/mnt/ubna_data_01_mir/recover-20220825/UBNA_002/20220823_033000.WAV,Telephone Field,recover-20220825,002,1795
1420.8695,1420.8789,22890,29516,Nyctalus leisleri,0.007,0.022,-1,Echolocation,/mnt/ubna_data_01_mir/recover-20220825/UBNA_002/20220823_033000.WAV,Telephone Field,recover-20220825,002,1795
1420.8965,1420.9344,68437,82233,Rhinolophus ferrumequinum,0.021,0.021,-1,Echolocation,/mnt/ubna_data_01_mir/recover-20220825/UBNA_002/20220823_033000.WAV,Telephone Field,recover-20220825,002,1795
1420.9005,1420.909,27187,38717,Eptesicus serotinus,0.008,0.022,-1,Echolocation,/mnt/ubna_data_01_mir/recover-20220825/UBNA_002/20220823_033000.WAV,Telephone Field,recover-20220825,002,1795
1420.9035,1420.9415,68437,81970,Rhinolophus ferrumequinum,0.021,0.021,-1,Echolocation,/mnt/ubna_data_01_mir/recover-20220825/UBNA_002/20220823_033000.WAV,Telephone Field,recover-20220825,002,1795
1420.9245,1420.9321,28906,40551,Eptesicus serotinus,0.006,0.022,-1,Echolocation,/mnt/ubna_data_01_mir/recover-20220825/UBNA_002/20220823_033000.WAV,Telephone Field,recover-20220825,002,1795
1420.9425,1420.9787,68437,81014,Rhinolophus ferrumequinum,0.039,0.039,-1,Echolocation,/mnt/ubna_data_01_mir/recover-20220825/UBNA_002/20220823_033000.WAV,Telephone Field,recover-20220825,002,1795
1420.9545,1420.9914,68437,81744,Rhinolophus ferrumequinum,0.021,0.022,-1,Echolocation,/mnt/ubna_data_01_mir/recover-20220825/UBNA_002/20220823_033000.WAV,Telephone Field,recover-20220825,002,1795
1420.9685,1420.9796,22031,26050,Nyctalus leisleri,0.017,0.028,-1,Echolocation,/mnt/ubna_data_01_mir/recover-20220825/UBNA_002/20220823_033000.WAV,Telephone Field,recover-20220825,002,1795
1420.9695,1421.0079,68437,81870,Rhinolophus ferrumequinum,0.02,0.02,-1,Echolocation,/mnt/ubna_data_01_mir/recover-20220825/UBNA_002/20220823_033000.WAV,Telephone Field,recover-20220825,002,1795
1421.0155,1421.0233,28046,40430,Eptesicus serotinus,0.007,0.021,-1,Echolocation,/mnt/ubna_data_01_mir/recover-20220825/UBNA_002/20220823_033000.WAV,Telephone Field,recover-20220825,002,1795
1421.0925,1421.1022,22890,28080,Nyctalus leisleri,0.009,0.02,-1,Echolocation,/mnt/ubna_data_01_mir/recover-20220825/UBNA_002/20220823_033000.WAV,Telephone Field,recover-20220825,002,1795
1421.0925,1421.133,68437,82695,Rhinolophus ferrumequinum,0.026,0.026,-1,Echolocation,/mnt/ubna_data_01_mir/recover-20220825/UBNA_002/20220823_033000.WAV,Telephone Field,recover-20220825,002,1795
1421.1005,1421.1389,68437,81389,Rhinolophus ferrumequinum,0.025,0.025,-1,Echolocation,/mnt/ubna_data_01_mir/recover-20220825/UBNA_002/20220823_033000.WAV,Telephone Field,recover-20220825,002,1795
1421.1525,1421.1937,68437,82453,Rhinolophus ferrumequinum,0.023,0.023,-1,Echolocation,/mnt/ubna_data_01_mir/recover-20220825/UBNA_002/20220823_033000.WAV,Telephone Field,recover-20220825,002,1795
1421.1805,1421.1906,22890,28284,Nyctalus leisleri,0.01,0.021,-1,Echolocation,/mnt/ubna_data_01_mir/recover-20220825/UBNA_002/20220823_033000.WAV,Telephone Field,recover-20220825,002,1795
1421.1965,1421.2339,68437,82167,Rhinolophus ferrumequinum,0.026,0.026,-1,Echolocation,/mnt/ubna_data_01_mir/recover-20220825/UBNA_002/20220823_033000.WAV,Telephone Field,recover-20220825,002,1795
1421.1975,1421.2088,28906,34290,Eptesicus serotinus,0.013,0.028,-1,Echolocation,/mnt/ubna_data_01_mir/recover-20220825/UBNA_002/20220823_033000.WAV,Telephone Field,recover-20220825,002,1795
1421.2265,1421.2404,28906,33828,Eptesicus serotinus,0.013,0.025,-1,Echolocation,/mnt/ubna_data_01_mir/recover-20220825/UBNA_002/20220823_033000.WAV,Telephone Field,recover-20220825,002,1795
1421.2385,1421.2471,28046,37534,Eptesicus serotinus,0.007,0.021,-1,Echolocation,/mnt/ubna_data_01_mir/recover-20220825/UBNA_002/20220823_033000.WAV,Telephone Field,recover-20220825,002,1795
1421.2485,1421.2883,68437,82895,Rhinolophus ferrumequinum,0.026,0.026,-1,Echolocation,/mnt/ubna_data_01_mir/recover-20220825/UBNA_002/20220823_033000.WAV,Telephone Field,recover-20220825,002,1795
1421.2595,1421.2986,68437,81741,Rhinolophus ferrumequinum,0.026,0.026,-1,Echolocation,/mnt/ubna_data_01_mir/recover-20220825/UBNA_002/20220823_033000.WAV,Telephone Field,recover-20220825,002,1795
1421.2725,1421.3111,68437,82383,Rhinolophus ferrumequinum,0.022,0.022,-1,Echolocation,/mnt/ubna_data_01_mir/recover-20220825/UBNA_002/20220823_033000.WAV,Telephone Field,recover-20220825,002,1795
1421.2805,1421.315,68437,81803,Rhinolophus ferrumequinum,0.021,0.021,-1,Echolocation,/mnt/ubna_data_01_mir/recover-20220825/UBNA_002/20220823_033000.WAV,Telephone Field,recover-20220825,002,1795
1421.3215,1421.3282,25468,35717,Plecotus austriacus,0.01,0.028,-1,Echolocation,/mnt/ubna_data_01_mir/recover-20220825/UBNA_002/20220823_033000.WAV,Telephone Field,recover-20220825,002,1795
1421.3235,1421.3625,68437,82831,Rhinolophus ferrumequinum,0.03,0.03,-1,Echolocation,/mnt/ubna_data_01_mir/recover-20220825/UBNA_002/20220823_033000.WAV,Telephone Field,recover-20220825,002,1795
1421.3345,1421.3748,68437,83137,Rhinolophus ferrumequinum,0.027,0.027,-1,Echolocation,/mnt/ubna_data_01_mir/recover-20220825/UBNA_002/20220823_033000.WAV,Telephone Field,recover-20220825,002,1795
1421.3595,1421.3666,27187,44429,Eptesicus serotinus,0.008,0.024,-1,Echolocation,/mnt/ubna_data_01_mir/recover-20220825/UBNA_002/20220823_033000.WAV,Telephone Field,recover-20220825,002,1795
1421.3625,1421.4021,68437,82409,Rhinolophus ferrumequinum,0.021,0.021,-1,Echolocation,/mnt/ubna_data_01_mir/recover-20220825/UBNA_002/20220823_033000.WAV,Telephone Field,recover-20220825,002,1795
1421.3765,1421.4118,68437,81253,Rhinolophus ferrumequinum,0.022,0.023,-1,Echolocation,/mnt/ubna_data_01_mir/recover-20220825/UBNA_002/20220823_033000.WAV,Telephone Field,recover-20220825,002,1795
1421.3845,1421.4268,68437,82468,Rhinolophus ferrumequinum,0.028,0.028,-1,Echolocation,/mnt/ubna_data_01_mir/recover-20220825/UBNA_002/20220823_033000.WAV,Telephone Field,recover-20220825,002,1795
1421.4045,1421.443,68437,81995,Rhinolophus ferrumequinum,0.023,0.023,-1,Echolocation,/mnt/ubna_data_01_mir/recover-20220825/UBNA_002/20220823_033000.WAV,Telephone Field,recover-20220825,002,1795
1421.4175,1421.4528,68437,81298,Rhinolophus ferrumequinum,0.02,0.02,-1,Echolocation,/mnt/ubna_data_01_mir/recover-20220825/UBNA_002/20220823_033000.WAV,Telephone Field,recover-20220825,002,1795
1421.4185,1421.4282,22890,28929,Nyctalus leisleri,0.008,0.02,-1,Echolocation,/mnt/ubna_data_01_mir/recover-20220825/UBNA_002/20220823_033000.WAV,Telephone Field,recover-20220825,002,1795
1421.4515,1421.4896,68437,82066,Rhinolophus ferrumequinum,0.02,0.02,-1,Echolocation,/mnt/ubna_data_01_mir/recover-20220825/UBNA_002/20220823_033000.WAV,Telephone Field,recover-20220825,002,1795
1421.4865,1421.5241,68437,81716,Rhinolophus ferrumequinum,0.02,0.02,-1,Echolocation,/mnt/ubna_data_01_mir/recover-20220825/UBNA_002/20220823_033000.WAV,Telephone Field,recover-20220825,002,1795
1421.5035,1421.5411,68437,82534,Rhinolophus ferrumequinum,0.021,0.021,-1,Echolocation,/mnt/ubna_data_01_mir/recover-20220825/UBNA_002/20220823_033000.WAV,Telephone Field,recover-20220825,002,1795
1421.5095,1421.5494,68437,82704,Rhinolophus ferrumequinum,0.02,0.02,-1,Echolocation,/mnt/ubna_data_01_mir/recover-20220825/UBNA_002/20220823_033000.WAV,Telephone Field,recover-20220825,002,1795
1421.5215,1421.5316,22031,27183,Nyctalus leisleri,0.01,0.023,-1,Echolocation,/mnt/ubna_data_01_mir/recover-20220825/UBNA_002/20220823_033000.WAV,Telephone Field,recover-20220825,002,1795
1421.5345,1421.5732,68437,82281,Rhinolophus ferrumequinum,0.021,0.021,-1,Echolocation,/mnt/ubna_data_01_mir/recover-20220825/UBNA_002/20220823_033000.WAV,Telephone Field,recover-20220825,002,1795
1421.5655,1421.5724,24609,33153,Plecotus austriacus,0.01,0.025,-1,Echolocation,/mnt/ubna_data_01_mir/recover-20220825/UBNA_002/20220823_033000.WAV,Telephone Field,recover-20220825,002,1795
1421.5765,1421.6145,68437,81468,Rhinolophus ferrumequinum,0.021,0.021,-1,Echolocation,/mnt/ubna_data_01_mir/recover-20220825/UBNA_002/20220823_033000.WAV,Telephone Field,recover-20220825,002,1795
1421.5905,1421.5995,26328,35597,Eptesicus serotinus,0.011,0.027,-1,Echolocation,/mnt/ubna_data_01_mir/recover-20220825/UBNA_002/20220823_033000.WAV,Telephone Field,recover-20220825,002,1795
1421.6245,1421.6643,68437,82693,Rhinolophus ferrumequinum,0.023,0.023,-1,Echolocation,/mnt/ubna_data_01_mir/recover-20220825/UBNA_002/20220823_033000.WAV,Telephone Field,recover-20220825,002,1795
1421.6755,1421.7165,68437,82574,Rhinolophus ferrumequinum,0.032,0.032,-1,Echolocation,/mnt/ubna_data_01_mir/recover-20220825/UBNA_002/20220823_033000.WAV,Telephone Field,recover-20220825,002,1795
1421.7585,1421.7996,68437,82698,Rhinolophus ferrumequinum,0.022,0.022,-1,Echolocation,/mnt/ubna_data_01_mir/recover-20220825/UBNA_002/20220823_033000.WAV,Telephone Field,recover-20220825,002,1795
1421.8125,1421.8207,28906,37797,Eptesicus serotinus,0.011,0.029,-1,Echolocation,/mnt/ubna_data_01_mir/recover-20220825/UBNA_002/20220823_033000.WAV,Telephone Field,recover-20220825,002,1795
1421.8175,1421.8565,68437,82097,Rhinolophus ferrumequinum,0.02,0.02,-1,Echolocation,/mnt/ubna_data_01_mir/recover-20220825/UBNA_002/20220823_033000.WAV,Telephone Field,recover-20220825,002,1795
1421.8235,1421.8605,68437,81696,Rhinolophus ferrumequinum,0.02,0.02,-1,Echolocation,/mnt/ubna_data_01_mir/recover-20220825/UBNA_002/20220823_033000.WAV,Telephone Field,recover-20220825,002,1795
1421.8655,1421.9036,68437,81886,Rhinolophus ferrumequinum,0.02,0.02,-1,Echolocation,/mnt/ubna_data_01_mir/recover-20220825/UBNA_002/20220823_033000.WAV,Telephone Field,recover-20220825,002,1795
1421.8915,1421.931,68437,82222,Rhinolophus ferrumequinum,0.022,0.022,-1,Echolocation,/mnt/ubna_data_01_mir/recover-20220825/UBNA_002/20220823_033000.WAV,Telephone Field,recover-20220825,002,1795
1421.9125,1421.9509,68437,82274,Rhinolophus ferrumequinum,0.02,0.02,-1,Echolocation,/mnt/ubna_data_01_mir/recover-20220825/UBNA_002/20220823_033000.WAV,Telephone Field,recover-20220825,002,1795
1421.9185,1421.9258,24609,33160,Plecotus austriacus,0.008,0.022,-1,Echolocation,/mnt/ubna_data_01_mir/recover-20220825/UBNA_002/20220823_033000.WAV,Telephone Field,recover-20220825,002,1795
1421.9345,1421.9762,68437,82683,Rhinolophus ferrumequinum,0.027,0.027,-1,Echolocation,/mnt/ubna_data_01_mir/recover-20220825/UBNA_002/20220823_033000.WAV,Telephone Field,recover-20220825,002,1795
1421.9535,1421.9612,23750,31756,Plecotus austriacus,0.008,0.021,-1,Echolocation,/mnt/ubna_data_01_mir/recover-20220825/UBNA_002/20220823_033000.WAV,Telephone Field,recover-20220825,002,1795
1421.9595,1421.9678,28046,39443,Eptesicus serotinus,0.009,0.024,-1,Echolocation,/mnt/ubna_data_01_mir/recover-20220825/UBNA_002/20220823_033000.WAV,Telephone Field,recover-20220825,002,1795
1421.9675,1421.9749,23750,31969,Plecotus austriacus,0.009,0.022,-1,Echolocation,/mnt/ubna_data_01_mir/recover-20220825/UBNA_002/20220823_033000.WAV,Telephone Field,recover-20220825,002,1795
1421.9835,1421.9915,27187,38703,Eptesicus serotinus,0.011,0.027,-1,Echolocation,/mnt/ubna_data_01_mir/recover-20220825/UBNA_002/20220823_033000.WAV,Telephone Field,recover-20220825,002,1795
1422.0015,1422.0098,26328,38230,Eptesicus serotinus,0.006,0.024,-1,Echolocation,/mnt/ubna_data_01_mir/recover-20220825/UBNA_002/20220823_033000.WAV,Telephone Field,recover-20220825,002,1795
1422.0015,1422.0314,69296,81166,Rhinolophus ferrumequinum,0.032,0.032,-1,Echolocation,/mnt/ubna_data_01_mir/recover-20220825/UBNA_002/20220823_033000.WAV,Telephone Field,recover-20220825,002,1795
1422.0325,1422.0733,68437,82721,Rhinolophus ferrumequinum,0.032,0.032,-1,Echolocation,/mnt/ubna_data_01_mir/recover-20220825/UBNA_002/20220823_033000.WAV,Telephone Field,recover-20220825,002,1795
1422.0525,1422.0599,44375,47550,Pipistrellus pipistrellus,0.025,0.026,-1,Echolocation,/mnt/ubna_data_01_mir/recover-20220825/UBNA_002/20220823_033000.WAV,Telephone Field,recover-20220825,002,1795
1422.0765,1422.1142,68437,81700,Rhinolophus ferrumequinum,0.02,0.02,-1,Echolocation,/mnt/ubna_data_01_mir/recover-20220825/UBNA_002/20220823_033000.WAV,Telephone Field,recover-20220825,002,1795
1422.1355,1422.1724,68437,81532,Rhinolophus ferrumequinum,0.025,0.025,-1,Echolocation,/mnt/ubna_data_01_mir/recover-20220825/UBNA_002/20220823_033000.WAV,Telephone Field,recover-20220825,002,1795
1422.1605,1422.2017,68437,82242,Rhinolophus ferrumequinum,0.022,0.022,-1,Echolocation,/mnt/ubna_data_01_mir/recover-20220825/UBNA_002/20220823_033000.WAV,Telephone Field,recover-20220825,002,1795
1422.1685,1422.1792,23750,30014,Nyctalus leisleri,0.01,0.024,-1,Echolocation,/mnt/ubna_data_01_mir/recover-20220825/UBNA_002/20220823_033000.WAV,Telephone Field,recover-20220825,002,1795
1422.1815,1422.219,68437,82003,Rhinolophus ferrumequinum,0.02,0.02,-1,Echolocation,/mnt/ubna_data_01_mir/recover-20220825/UBNA_002/20220823_033000.WAV,Telephone Field,recover-20220825,002,1795
1422.1935,1422.2039,22031,26919,Nyctalus leisleri,0.01,0.021,-1,Echolocation,/mnt/ubna_data_01_mir/recover-20220825/UBNA_002/20220823_033000.WAV,Telephone Field,recover-20220825,002,1795
1422.2095,1422.219,28906,38139,Eptesicus serotinus,0.009,0.023,-1,Echolocation,/mnt/ubna_data_01_mir/recover-20220825/UBNA_002/20220823_033000.WAV,Telephone Field,recover-20220825,002,1795
1422.2105,1422.2513,68437,82827,Rhinolophus ferrumequinum,0.023,0.023,-1,Echolocation,/mnt/ubna_data_01_mir/recover-20220825/UBNA_002/20220823_033000.WAV,Telephone Field,recover-20220825,002,1795
1422.2405,1422.2515,28906,34853,Eptesicus serotinus,0.01,0.021,-1,Echolocation,/mnt/ubna_data_01_mir/recover-20220825/UBNA_002/20220823_033000.WAV,Telephone Field,recover-20220825,002,1795
1422.2515,1422.2598,28046,39397,Eptesicus serotinus,0.007,0.022,-1,Echolocation,/mnt/ubna_data_01_mir/recover-20220825/UBNA_002/20220823_033000.WAV,Telephone Field,recover-20220825,002,1795
1422.2515,1422.2874,68437,81818,Rhinolophus ferrumequinum,0.022,0.022,-1,Echolocation,/mnt/ubna_data_01_mir/recover-20220825/UBNA_002/20220823_033000.WAV,Telephone Field,recover-20220825,002,1795
1422.2675,1422.2777,22890,27911,Nyctalus leisleri,0.01,0.022,-1,Echolocation,/mnt/ubna_data_01_mir/recover-20220825/UBNA_002/20220823_033000.WAV,Telephone Field,recover-20220825,002,1795
1422.2795,1422.3163,68437,81979,Rhinolophus ferrumequinum,0.043,0.043,-1,Echolocation,/mnt/ubna_data_01_mir/recover-20220825/UBNA_002/20220823_033000.WAV,Telephone Field,recover-20220825,002,1795
1422.3185,1422.3263,23750,32228,Plecotus austriacus,0.012,0.027,-1,Echolocation,/mnt/ubna_data_01_mir/recover-20220825/UBNA_002/20220823_033000.WAV,Telephone Field,recover-20220825,002,1795
1422.3465,1422.3575,24609,29618,Eptesicus serotinus,0.131,0.263,-1,Echolocation,/mnt/ubna_data_01_mir/recover-20220825/UBNA_002/20220823_033000.WAV,Telephone Field,recover-20220825,002,1795
1422.3875,1422.3949,28046,38292,Eptesicus serotinus,0.006,0.021,-1,Echolocation,/mnt/ubna_data_01_mir/recover-20220825/UBNA_002/20220823_033000.WAV,Telephone Field,recover-20220825,002,1795
1422.3955,1422.4304,68437,80575,Rhinolophus ferrumequinum,0.021,0.021,-1,Echolocation,/mnt/ubna_data_01_mir/recover-20220825/UBNA_002/20220823_033000.WAV,Telephone Field,recover-20220825,002,1795
1422.4105,1422.4484,68437,81742,Rhinolophus ferrumequinum,0.024,0.024,-1,Echolocation,/mnt/ubna_data_01_mir/recover-20220825/UBNA_002/20220823_033000.WAV,Telephone Field,recover-20220825,002,1795
1422.4225,1422.4643,68437,82508,Rhinolophus ferrumequinum,0.023,0.023,-1,Echolocation,/mnt/ubna_data_01_mir/recover-20220825/UBNA_002/20220823_033000.WAV,Telephone Field,recover-20220825,002,1795
1422.4765,1422.5091,68437,80621,Rhinolophus ferrumequinum,0.02,0.02,-1,Echolocation,/mnt/ubna_data_01_mir/recover-20220825/UBNA_002/20220823_033000.WAV,Telephone Field,recover-20220825,002,1795
1422.4945,1422.5307,68437,81358,Rhinolophus ferrumequinum,0.02,0.02,-1,Echolocation,/mnt/ubna_data_01_mir/recover-20220825/UBNA_002/20220823_033000.WAV,Telephone Field,recover-20220825,002,1795
1422.4945,1422.5107,26328,31417,Nyctalus leisleri,0.125,0.27,-1,Echolocation,/mnt/ubna_data_01_mir/recover-20220825/UBNA_002/20220823_033000.WAV,Telephone Field,recover-20220825,002,1795
1422.5065,1422.5422,68437,81434,Rhinolophus ferrumequinum,0.02,0.021,-1,Echolocation,/mnt/ubna_data_01_mir/recover-20220825/UBNA_002/20220823_033000.WAV,Telephone Field,recover-20220825,002,1795
1422.5265,1422.563,68437,81482,Rhinolophus ferrumequinum,0.02,0.02,-1,Echolocation,/mnt/ubna_data_01_mir/recover-20220825/UBNA_002/20220823_033000.WAV,Telephone Field,recover-20220825,002,1795
1422.5585,1422.5666,27187,39039,Eptesicus serotinus,0.007,0.022,-1,Echolocation,/mnt/ubna_data_01_mir/recover-20220825/UBNA_002/20220823_033000.WAV,Telephone Field,recover-20220825,002,1795
1422.5905,1422.6287,68437,82357,Rhinolophus ferrumequinum,0.026,0.026,-1,Echolocation,/mnt/ubna_data_01_mir/recover-20220825/UBNA_002/20220823_033000.WAV,Telephone Field,recover-20220825,002,1795
1422.6245,1422.6652,68437,82432,Rhinolophus ferrumequinum,0.023,0.023,-1,Echolocation,/mnt/ubna_data_01_mir/recover-20220825/UBNA_002/20220823_033000.WAV,Telephone Field,recover-20220825,002,1795
1422.6385,1422.6749,68437,81751,Rhinolophus ferrumequinum,0.02,0.02,-1,Echolocation,/mnt/ubna_data_01_mir/recover-20220825/UBNA_002/20220823_033000.WAV,Telephone Field,recover-20220825,002,1795
1422.7275,1422.7646,68437,81744,Rhinolophus ferrumequinum,0.02,0.02,-1,Echolocation,/mnt/ubna_data_01_mir/recover-20220825/UBNA_002/20220823_033000.WAV,Telephone Field,recover-20220825,002,1795
1422.7435,1422.7813,68437,81778,Rhinolophus ferrumequinum,0.021,0.022,-1,Echolocation,/mnt/ubna_data_01_mir/recover-20220825/UBNA_002/20220823_033000.WAV,Telephone Field,recover-20220825,002,1795
1422.7645,1422.8059,68437,82941,Rhinolophus ferrumequinum,0.029,0.029,-1,Echolocation,/mnt/ubna_data_01_mir/recover-20220825/UBNA_002/20220823_033000.WAV,Telephone Field,recover-20220825,002,1795
1422.7835,1422.8196,68437,81750,Rhinolophus ferrumequinum,0.023,0.023,-1,Echolocation,/mnt/ubna_data_01_mir/recover-20220825/UBNA_002/20220823_033000.WAV,Telephone Field,recover-20220825,002,1795
1422.7935,1422.8345,68437,82686,Rhinolophus ferrumequinum,0.03,0.03,-1,Echolocation,/mnt/ubna_data_01_mir/recover-20220825/UBNA_002/20220823_033000.WAV,Telephone Field,recover-20220825,002,1795
1422.8075,1422.8198,28906,32724,Nyctalus leisleri,0.115,0.223,-1,Echolocation,/mnt/ubna_data_01_mir/recover-20220825/UBNA_002/20220823_033000.WAV,Telephone Field,recover-20220825,002,1795
1422.8225,1422.8608,68437,82794,Rhinolophus ferrumequinum,0.027,0.027,-1,Echolocation,/mnt/ubna_data_01_mir/recover-20220825/UBNA_002/20220823_033000.WAV,Telephone Field,recover-20220825,002,1795
1422.8355,1422.8481,23750,28418,Nyctalus leisleri,0.027,0.056,-1,Echolocation,/mnt/ubna_data_01_mir/recover-20220825/UBNA_002/20220823_033000.WAV,Telephone Field,recover-20220825,002,1795
1422.8955,1422.9382,68437,82960,Rhinolophus ferrumequinum,0.044,0.044,-1,Echolocation,/mnt/ubna_data_01_mir/recover-20220825/UBNA_002/20220823_033000.WAV,Telephone Field,recover-20220825,002,1795
1422.9195,1422.9603,68437,82289,Rhinolophus ferrumequinum,0.023,0.023,-1,Echolocation,/mnt/ubna_data_01_mir/recover-20220825/UBNA_002/20220823_033000.WAV,Telephone Field,recover-20220825,002,1795
1422.9255,1422.9664,68437,82627,Rhinolophus ferrumequinum,0.023,0.023,-1,Echolocation,/mnt/ubna_data_01_mir/recover-20220825/UBNA_002/20220823_033000.WAV,Telephone Field,recover-20220825,002,1795
1422.9395,1422.9783,68437,82793,Rhinolophus ferrumequinum,0.022,0.022,-1,Echolocation,/mnt/ubna_data_01_mir/recover-20220825/UBNA_002/20220823_033000.WAV,Telephone Field,recover-20220825,002,1795
1423.0115,1423.0527,68437,82518,Rhinolophus ferrumequinum,0.022,0.022,-1,Echolocation,/mnt/ubna_data_01_mir/recover-20220825/UBNA_002/20220823_033000.WAV,Telephone Field,recover-20220825,002,1795
1423.0125,1423.0208,26328,36146,Eptesicus serotinus,0.012,0.031,-1,Echolocation,/mnt/ubna_data_01_mir/recover-20220825/UBNA_002/20220823_033000.WAV,Telephone Field,recover-20220825,002,1795
1423.0225,1423.0325,23750,29910,Nyctalus leisleri,0.008,0.021,-1,Echolocation,/mnt/ubna_data_01_mir/recover-20220825/UBNA_002/20220823_033000.WAV,Telephone Field,recover-20220825,002,1795
1423.0405,1423.0473,27187,37260,Eptesicus serotinus,0.007,0.022,-1,Echolocation,/mnt/ubna_data_01_mir/recover-20220825/UBNA_002/20220823_033000.WAV,Telephone Field,recover-20220825,002,1795
1423.0685,1423.1076,68437,82515,Rhinolophus ferrumequinum,0.02,0.02,-1,Echolocation,/mnt/ubna_data_01_mir/recover-20220825/UBNA_002/20220823_033000.WAV,Telephone Field,recover-20220825,002,1795
1423.0815,1423.1192,68437,81904,Rhinolophus ferrumequinum,0.024,0.024,-1,Echolocation,/mnt/ubna_data_01_mir/recover-20220825/UBNA_002/20220823_033000.WAV,Telephone Field,recover-20220825,002,1795
1423.1245,1423.1333,49531,54414,Pipistrellus pipistrellus,0.024,0.027,-1,Echolocation,/mnt/ubna_data_01_mir/recover-20220825/UBNA_002/20220823_033000.WAV,Telephone Field,recover-20220825,002,1795
1423.1285,1423.1374,36640,45104,Pipistrellus nathusii,0.006,0.021,-1,Echolocation,/mnt/ubna_data_01_mir/recover-20220825/UBNA_002/20220823_033000.WAV,Telephone Field,recover-20220825,002,1795
1423.1295,1423.1379,28046,42651,Eptesicus serotinus,0.01,0.026,-1,Echolocation,/mnt/ubna_data_01_mir/recover-20220825/UBNA_002/20220823_033000.WAV,Telephone Field,recover-20220825,002,1795
1423.1405,1423.1771,68437,82036,Rhinolophus ferrumequinum,0.021,0.021,-1,Echolocation,/mnt/ubna_data_01_mir/recover-20220825/UBNA_002/20220823_033000.WAV,Telephone Field,recover-20220825,002,1795
1423.1405,1423.1478,23750,31542,Plecotus austriacus,0.008,0.02,-1,Echolocation,/mnt/ubna_data_01_mir/recover-20220825/UBNA_002/20220823_033000.WAV,Telephone Field,recover-20220825,002,1795
1423.1555,1423.166,24609,31883,Eptesicus serotinus,0.013,0.03,-1,Echolocation,/mnt/ubna_data_01_mir/recover-20220825/UBNA_002/20220823_033000.WAV,Telephone Field,recover-20220825,002,1795
1423.1815,1423.2201,68437,82786,Rhinolophus ferrumequinum,0.033,0.033,-1,Echolocation,/mnt/ubna_data_01_mir/recover-20220825/UBNA_002/20220823_033000.WAV,Telephone Field,recover-20220825,002,1795
1423.1895,1423.1968,27187,41009,Eptesicus serotinus,0.006,0.021,-1,Echolocation,/mnt/ubna_data_01_mir/recover-20220825/UBNA_002/20220823_033000.WAV,Telephone Field,recover-20220825,002,1795
1423.2285,1423.2669,68437,82519,Rhinolophus ferrumequinum,0.035,0.035,-1,Echolocation,/mnt/ubna_data_01_mir/recover-20220825/UBNA_002/20220823_033000.WAV,Telephone Field,recover-20220825,002,1795
1423.2415,1423.2541,22890,27064,Nyctalus leisleri,0.017,0.029,-1,Echolocation,/mnt/ubna_data_01_mir/recover-20220825/UBNA_002/20220823_033000.WAV,Telephone Field,recover-20220825,002,1795
1423.2585,1423.2688,24609,31378,Nyctalus leisleri,0.011,0.032,-1,Echolocation,/mnt/ubna_data_01_mir/recover-20220825/UBNA_002/20220823_033000.WAV,Telephone Field,recover-20220825,002,1795
1423.2755,1423.3116,68437,81883,Rhinolophus ferrumequinum,0.022,0.022,-1,Echolocation,/mnt/ubna_data_01_mir/recover-20220825/UBNA_002/20220823_033000.WAV,Telephone Field,recover-20220825,002,1795
1423.2875,1423.2977,28906,35386,Eptesicus serotinus,0.01,0.022,-1,Echolocation,/mnt/ubna_data_01_mir/recover-20220825/UBNA_002/20220823_033000.WAV,Telephone Field,recover-20220825,002,1795
1423.2895,1423.3291,68437,82353,Rhinolophus ferrumequinum,0.033,0.033,-1,Echolocation,/mnt/ubna_data_01_mir/recover-20220825/UBNA_002/20220823_033000.WAV,Telephone Field,recover-20220825,002,1795
1423.3145,1423.3248,28906,36196,Eptesicus serotinus,0.01,0.023,-1,Echolocation,/mnt/ubna_data_01_mir/recover-20220825/UBNA_002/20220823_033000.WAV,Telephone Field,recover-20220825,002,1795
1423.3165,1423.3545,68437,81926,Rhinolophus ferrumequinum,0.026,0.026,-1,Echolocation,/mnt/ubna_data_01_mir/recover-20220825/UBNA_002/20220823_033000.WAV,Telephone Field,recover-20220825,002,1795
1423.3335,1423.3735,68437,83168,Rhinolophus ferrumequinum,0.027,0.027,-1,Echolocation,/mnt/ubna_data_01_mir/recover-20220825/UBNA_002/20220823_033000.WAV,Telephone Field,recover-20220825,002,1795
1423.3345,1423.3453,22031,26025,Nyctalus leisleri,0.012,0.02,-1,Echolocation,/mnt/ubna_data_01_mir/recover-20220825/UBNA_002/20220823_033000.WAV,Telephone Field,recover-20220825,002,1795
1423.3515,1423.3649,57265,62748,Pipistrellus pygmaeus,0.021,0.022,-1,Echolocation,/mnt/ubna_data_01_mir/recover-20220825/UBNA_002/20220823_033000.WAV,Telephone Field,recover-20220825,002,1795
1423.3725,1423.3811,28046,39064,Eptesicus serotinus,0.007,0.02,-1,Echolocation,/mnt/ubna_data_01_mir/recover-20220825/UBNA_002/20220823_033000.WAV,Telephone Field,recover-20220825,002,1795
1423.3745,1423.4107,68437,81245,Rhinolophus ferrumequinum,0.022,0.023,-1,Echolocation,/mnt/ubna_data_01_mir/recover-20220825/UBNA_002/20220823_033000.WAV,Telephone Field,recover-20220825,002,1795
1423.4045,1423.4432,68437,82372,Rhinolophus ferrumequinum,0.023,0.023,-1,Echolocation,/mnt/ubna_data_01_mir/recover-20220825/UBNA_002/20220823_033000.WAV,Telephone Field,recover-20220825,002,1795
1423.4125,1423.4238,22890,28331,Nyctalus leisleri,0.014,0.028,-1,Echolocation,/mnt/ubna_data_01_mir/recover-20220825/UBNA_002/20220823_033000.WAV,Telephone Field,recover-20220825,002,1795
1423.4155,1423.4226,28906,39683,Eptesicus serotinus,0.006,0.022,-1,Echolocation,/mnt/ubna_data_01_mir/recover-20220825/UBNA_002/20220823_033000.WAV,Telephone Field,recover-20220825,002,1795
1423.4245,1423.4605,68437,81481,Rhinolophus ferrumequinum,0.028,0.028,-1,Echolocation,/mnt/ubna_data_01_mir/recover-20220825/UBNA_002/20220823_033000.WAV,Telephone Field,recover-20220825,002,1795
1423.4555,1423.4941,68437,82353,Rhinolophus ferrumequinum,0.032,0.032,-1,Echolocation,/mnt/ubna_data_01_mir/recover-20220825/UBNA_002/20220823_033000.WAV,Telephone Field,recover-20220825,002,1795
1423.5045,1423.5402,68437,80866,Rhinolophus ferrumequinum,0.02,0.021,-1,Echolocation,/mnt/ubna_data_01_mir/recover-20220825/UBNA_002/20220823_033000.WAV,Telephone Field,recover-20220825,002,1795
1423.5105,1423.5183,28046,38572,Eptesicus serotinus,0.007,0.021,-1,Echolocation,/mnt/ubna_data_01_mir/recover-20220825/UBNA_002/20220823_033000.WAV,Telephone Field,recover-20220825,002,1795
1423.5565,1423.5956,68437,82223,Rhinolophus ferrumequinum,0.026,0.026,-1,Echolocation,/mnt/ubna_data_01_mir/recover-20220825/UBNA_002/20220823_033000.WAV,Telephone Field,recover-20220825,002,1795
1423.5595,1423.5699,28906,36741,Eptesicus serotinus,0.01,0.022,-1,Echolocation,/mnt/ubna_data_01_mir/recover-20220825/UBNA_002/20220823_033000.WAV,Telephone Field,recover-20220825,002,1795
1423.5705,1423.5811,22890,27119,Nyctalus leisleri,0.012,0.022,-1,Echolocation,/mnt/ubna_data_01_mir/recover-20220825/UBNA_002/20220823_033000.WAV,Telephone Field,recover-20220825,002,1795
1423.6005,1423.6074,23750,32319,Plecotus austriacus,0.009,0.021,-1,Echolocation,/mnt/ubna_data_01_mir/recover-20220825/UBNA_002/20220823_033000.WAV,Telephone Field,recover-20220825,002,1795
1423.6145,1423.6533,68437,82584,Rhinolophus ferrumequinum,0.024,0.024,-1,Echolocation,/mnt/ubna_data_01_mir/recover-20220825/UBNA_002/20220823_033000.WAV,Telephone Field,recover-20220825,002,1795
1423.6525,1423.6903,68437,81804,Rhinolophus ferrumequinum,0.025,0.025,-1,Echolocation,/mnt/ubna_data_01_mir/recover-20220825/UBNA_002/20220823_033000.WAV,Telephone Field,recover-20220825,002,1795
1423.6595,1423.6717,22890,27921,Nyctalus leisleri,0.011,0.022,-1,Echolocation,/mnt/ubna_data_01_mir/recover-20220825/UBNA_002/20220823_033000.WAV,Telephone Field,recover-20220825,002,1795
1423.7075,1423.744,68437,81886,Rhinolophus ferrumequinum,0.026,0.026,-1,Echolocation,/mnt/ubna_data_01_mir/recover-20220825/UBNA_002/20220823_033000.WAV,Telephone Field,recover-20220825,002,1795
1423.7405,1423.7786,68437,81280,Rhinolophus ferrumequinum,0.022,0.022,-1,Echolocation,/mnt/ubna_data_01_mir/recover-20220825/UBNA_002/20220823_033000.WAV,Telephone Field,recover-20220825,002,1795
1423.8015,1423.8086,27187,37815,Eptesicus serotinus,0.009,0.027,-1,Echolocation,/mnt/ubna_data_01_mir/recover-20220825/UBNA_002/20220823_033000.WAV,Telephone Field,recover-20220825,002,1795
1423.8115,1423.8213,24609,32058,Eptesicus serotinus,0.011,0.027,-1,Echolocation,/mnt/ubna_data_01_mir/recover-20220825/UBNA_002/20220823_033000.WAV,Telephone Field,recover-20220825,002,1795
1423.8385,1423.8793,68437,82182,Rhinolophus ferrumequinum,0.031,0.031,-1,Echolocation,/mnt/ubna_data_01_mir/recover-20220825/UBNA_002/20220823_033000.WAV,Telephone Field,recover-20220825,002,1795
1423.8605,1423.8986,68437,81807,Rhinolophus ferrumequinum,0.024,0.025,-1,Echolocation,/mnt/ubna_data_01_mir/recover-20220825/UBNA_002/20220823_033000.WAV,Telephone Field,recover-20220825,002,1795
1423.8705,1423.9066,68437,82078,Rhinolophus ferrumequinum,0.025,0.025,-1,Echolocation,/mnt/ubna_data_01_mir/recover-20220825/UBNA_002/20220823_033000.WAV,Telephone Field,recover-20220825,002,1795
1423.9015,1423.9427,68437,82463,Rhinolophus ferrumequinum,0.025,0.025,-1,Echolocation,/mnt/ubna_data_01_mir/recover-20220825/UBNA_002/20220823_033000.WAV,Telephone Field,recover-20220825,002,1795
1423.9775,1423.9878,22890,27711,Nyctalus leisleri,0.01,0.021,-1,Echolocation,/mnt/ubna_data_01_mir/recover-20220825/UBNA_002/20220823_033000.WAV,Telephone Field,recover-20220825,002,1795
1424.0015,1424.0104,22890,30052,Nyctalus leisleri,0.008,0.024,-1,Echolocation,/mnt/ubna_data_01_mir/recover-20220825/UBNA_002/20220823_033000.WAV,Telephone Field,recover-20220825,002,1795
1424.0015,1424.0076,46093,53637,Pipistrellus pipistrellus,0.016,0.023,-1,Echolocation,/mnt/ubna_data_01_mir/recover-20220825/UBNA_002/20220823_033000.WAV,Telephone Field,recover-20220825,002,1795
1424.0015,1424.0342,68437,80184,Rhinolophus ferrumequinum,0.033,0.033,-1,Echolocation,/mnt/ubna_data_01_mir/recover-20220825/UBNA_002/20220823_033000.WAV,Telephone Field,recover-20220825,002,1795
1424.0085,1424.0516,68437,81921,Rhinolophus ferrumequinum,0.025,0.025,-1,Echolocation,/mnt/ubna_data_01_mir/recover-20220825/UBNA_002/20220823_033000.WAV,Telephone Field,recover-20220825,002,1795
1424.0605,1424.0994,68437,81998,Rhinolophus ferrumequinum,0.029,0.029,-1,Echolocation,/mnt/ubna_data_01_mir/recover-20220825/UBNA_002/20220823_033000.WAV,Telephone Field,recover-20220825,002,1795
1424.1145,1424.1501,68437,81125,Rhinolophus ferrumequinum,0.023,0.023,-1,Echolocation,/mnt/ubna_data_01_mir/recover-20220825/UBNA_002/20220823_033000.WAV,Telephone Field,recover-20220825,002,1795
1424.1145,1424.1257,22890,28063,Nyctalus leisleri,0.011,0.023,-1,Echolocation,/mnt/ubna_data_01_mir/recover-20220825/UBNA_002/20220823_033000.WAV,Telephone Field,recover-20220825,002,1795
1424.1645,1424.1724,28046,39427,Eptesicus serotinus,0.007,0.021,-1,Echolocation,/mnt/ubna_data_01_mir/recover-20220825/UBNA_002/20220823_033000.WAV,Telephone Field,recover-20220825,002,1795
1424.1815,1424.2209,68437,81941,Rhinolophus ferrumequinum,0.022,0.022,-1,Echolocation,/mnt/ubna_data_01_mir/recover-20220825/UBNA_002/20220823_033000.WAV,Telephone Field,recover-20220825,002,1795
1424.1875,1424.1982,22031,26829,Nyctalus leisleri,0.011,0.023,-1,Echolocation,/mnt/ubna_data_01_mir/recover-20220825/UBNA_002/20220823_033000.WAV,Telephone Field,recover-20220825,002,1795
1424.2035,1424.2127,31484,42155,Eptesicus serotinus,0.006,0.021,-1,Echolocation,/mnt/ubna_data_01_mir/recover-20220825/UBNA_002/20220823_033000.WAV,Telephone Field,recover-20220825,002,1795
1424.2275,1424.2696,68437,82692,Rhinolophus ferrumequinum,0.03,0.03,-1,Echolocation,/mnt/ubna_data_01_mir/recover-20220825/UBNA_002/20220823_033000.WAV,Telephone Field,recover-20220825,002,1795
1424.2365,1424.2469,22890,28771,Nyctalus leisleri,0.012,0.025,-1,Echolocation,/mnt/ubna_data_01_mir/recover-20220825/UBNA_002/20220823_033000.WAV,Telephone Field,recover-20220825,002,1795
1424.2835,1424.2959,37500,41699,Pipistrellus nathusii,0.012,0.026,-1,Echolocation,/mnt/ubna_data_01_mir/recover-20220825/UBNA_002/20220823_033000.WAV,Telephone Field,recover-20220825,002,1795
1424.2855,1424.3262,68437,82885,Rhinolophus ferrumequinum,0.026,0.026,-1,Echolocation,/mnt/ubna_data_01_mir/recover-20220825/UBNA_002/20220823_033000.WAV,Telephone Field,recover-20220825,002,1795
1424.3045,1424.3447,68437,82313,Rhinolophus ferrumequinum,0.033,0.033,-1,Echolocation,/mnt/ubna_data_01_mir/recover-20220825/UBNA_002/20220823_033000.WAV,Telephone Field,recover-20220825,002,1795
1424.3275,1424.3478,20312,23165,Nyctalus leisleri,0.014,0.028,-1,Echolocation,/mnt/ubna_data_01_mir/recover-20220825/UBNA_002/20220823_033000.WAV,Telephone Field,recover-20220825,002,1795
1424.3315,1424.3725,68437,82440,Rhinolophus ferrumequinum,0.024,0.024,-1,Echolocation,/mnt/ubna_data_01_mir/recover-20220825/UBNA_002/20220823_033000.WAV,Telephone Field,recover-20220825,002,1795
1424.3365,1424.3492,25468,31901,Eptesicus serotinus,0.016,0.035,-1,Echolocation,/mnt/ubna_data_01_mir/recover-20220825/UBNA_002/20220823_033000.WAV,Telephone Field,recover-20220825,002,1795
1424.3575,1424.399,68437,82527,Rhinolophus ferrumequinum,0.024,0.024,-1,Echolocation,/mnt/ubna_data_01_mir/recover-20220825/UBNA_002/20220823_033000.WAV,Telephone Field,recover-20220825,002,1795
1424.3695,1424.3799,23750,29317,Nyctalus leisleri,0.01,0.024,-1,Echolocation,/mnt/ubna_data_01_mir/recover-20220825/UBNA_002/20220823_033000.WAV,Telephone Field,recover-20220825,002,1795
1424.3835,1424.4271,68437,83745,Rhinolophus ferrumequinum,0.03,0.03,-1,Echolocation,/mnt/ubna_data_01_mir/recover-20220825/UBNA_002/20220823_033000.WAV,Telephone Field,recover-20220825,002,1795
1424.4145,1424.453,68437,82058,Rhinolophus ferrumequinum,0.024,0.024,-1,Echolocation,/mnt/ubna_data_01_mir/recover-20220825/UBNA_002/20220823_033000.WAV,Telephone Field,recover-20220825,002,1795
1424.4205,1424.4578,68437,81959,Rhinolophus ferrumequinum,0.022,0.022,-1,Echolocation,/mnt/ubna_data_01_mir/recover-20220825/UBNA_002/20220823_033000.WAV,Telephone Field,recover-20220825,002,1795
1424.4285,1424.4682,68437,81845,Rhinolophus ferrumequinum,0.025,0.025,-1,Echolocation,/mnt/ubna_data_01_mir/recover-20220825/UBNA_002/20220823_033000.WAV,Telephone Field,recover-20220825,002,1795
1424.4935,1424.5344,68437,83247,Rhinolophus ferrumequinum,0.03,0.03,-1,Echolocation,/mnt/ubna_data_01_mir/recover-20220825/UBNA_002/20220823_033000.WAV,Telephone Field,recover-20220825,002,1795
1424.5065,1424.5425,68437,81978,Rhinolophus ferrumequinum,0.022,0.022,-1,Echolocation,/mnt/ubna_data_01_mir/recover-20220825/UBNA_002/20220823_033000.WAV,Telephone Field,recover-20220825,002,1795
1424.5535,1424.5942,68437,83321,Rhinolophus ferrumequinum,0.026,0.026,-1,Echolocation,/mnt/ubna_data_01_mir/recover-20220825/UBNA_002/20220823_033000.WAV,Telephone Field,recover-20220825,002,1795
1424.5885,1424.6286,68437,82522,Rhinolophus ferrumequinum,0.022,0.022,-1,Echolocation,/mnt/ubna_data_01_mir/recover-20220825/UBNA_002/20220823_033000.WAV,Telephone Field,recover-20220825,002,1795
1424.5915,1424.5985,28046,39262,Eptesicus serotinus,0.006,0.023,-1,Echolocation,/mnt/ubna_data_01_mir/recover-20220825/UBNA_002/20220823_033000.WAV,Telephone Field,recover-20220825,002,1795
1424.6155,1424.6239,26328,35195,Eptesicus serotinus,0.008,0.021,-1,Echolocation,/mnt/ubna_data_01_mir/recover-20220825/UBNA_002/20220823_033000.WAV,Telephone Field,recover-20220825,002,1795
1424.6225,1424.6618,68437,82058,Rhinolophus ferrumequinum,0.023,0.024,-1,Echolocation,/mnt/ubna_data_01_mir/recover-20220825/UBNA_002/20220823_033000.WAV,Telephone Field,recover-20220825,002,1795
1424.6255,1424.633,27187,35540,Eptesicus serotinus,0.008,0.024,-1,Echolocation,/mnt/ubna_data_01_mir/recover-20220825/UBNA_002/20220823_033000.WAV,Telephone Field,recover-20220825,002,1795
1424.6315,1424.6705,68437,82735,Rhinolophus ferrumequinum,0.022,0.022,-1,Echolocation,/mnt/ubna_data_01_mir/recover-20220825/UBNA_002/20220823_033000.WAV,Telephone Field,recover-20220825,002,1795
1424.6795,1424.7185,68437,82444,Rhinolophus ferrumequinum,0.031,0.031,-1,Echolocation,/mnt/ubna_data_01_mir/recover-20220825/UBNA_002/20220823_033000.WAV,Telephone Field,recover-20220825,002,1795
1424.6905,1424.7314,68437,81494,Rhinolophus ferrumequinum,0.023,0.023,-1,Echolocation,/mnt/ubna_data_01_mir/recover-20220825/UBNA_002/20220823_033000.WAV,Telephone Field,recover-20220825,002,1795
1424.7065,1424.7169,27187,34290,Eptesicus serotinus,0.011,0.024,-1,Echolocation,/mnt/ubna_data_01_mir/recover-20220825/UBNA_002/20220823_033000.WAV,Telephone Field,recover-20220825,002,1795
1424.7485,1424.7889,68437,81776,Rhinolophus ferrumequinum,0.024,0.024,-1,Echolocation,/mnt/ubna_data_01_mir/recover-20220825/UBNA_002/20220823_033000.WAV,Telephone Field,recover-20220825,002,1795
1424.7685,1424.8059,68437,81958,Rhinolophus ferrumequinum,0.022,0.022,-1,Echolocation,/mnt/ubna_data_01_mir/recover-20220825/UBNA_002/20220823_033000.WAV,Telephone Field,recover-20220825,002,1795
1424.7925,1424.8001,26328,35691,Eptesicus serotinus,0.01,0.033,-1,Echolocation,/mnt/ubna_data_01_mir/recover-20220825/UBNA_002/20220823_033000.WAV,Telephone Field,recover-20220825,002,1795
1424.8155,1424.8562,68437,82614,Rhinolophus ferrumequinum,0.024,0.024,-1,Echolocation,/mnt/ubna_data_01_mir/recover-20220825/UBNA_002/20220823_033000.WAV,Telephone Field,recover-20220825,002,1795
1424.8295,1424.869,68437,82522,Rhinolophus ferrumequinum,0.021,0.021,-1,Echolocation,/mnt/ubna_data_01_mir/recover-20220825/UBNA_002/20220823_033000.WAV,Telephone Field,recover-20220825,002,1795
1424.8595,1424.8996,68437,82252,Rhinolophus ferrumequinum,0.022,0.022,-1,Echolocation,/mnt/ubna_data_01_mir/recover-20220825/UBNA_002/20220823_033000.WAV,Telephone Field,recover-20220825,002,1795
1424.8645,1424.8752,22890,29145,Nyctalus leisleri,0.015,0.04,-1,Echolocation,/mnt/ubna_data_01_mir/recover-20220825/UBNA_002/20220823_033000.WAV,Telephone Field,recover-20220825,002,1795
1424.8795,1424.9183,68437,82573,Rhinolophus ferrumequinum,0.022,0.022,-1,Echolocation,/mnt/ubna_data_01_mir/recover-20220825/UBNA_002/20220823_033000.WAV,Telephone Field,recover-20220825,002,1795
1424.8925,1424.9288,68437,81567,Rhinolophus ferrumequinum,0.021,0.021,-1,Echolocation,/mnt/ubna_data_01_mir/recover-20220825/UBNA_002/20220823_033000.WAV,Telephone Field,recover-20220825,002,1795
1424.8925,1424.9016,29765,37368,Eptesicus serotinus,0.007,0.022,-1,Echolocation,/mnt/ubna_data_01_mir/recover-20220825/UBNA_002/20220823_033000.WAV,Telephone Field,recover-20220825,002,1795
1424.9085,1424.9498,68437,82206,Rhinolophus ferrumequinum,0.027,0.027,-1,Echolocation,/mnt/ubna_data_01_mir/recover-20220825/UBNA_002/20220823_033000.WAV,Telephone Field,recover-20220825,002,1795
1424.9185,1424.9589,68437,82812,Rhinolophus ferrumequinum,0.022,0.022,-1,Echolocation,/mnt/ubna_data_01_mir/recover-20220825/UBNA_002/20220823_033000.WAV,Telephone Field,recover-20220825,002,1795
1424.9365,1424.9748,68437,82047,Rhinolophus ferrumequinum,0.028,0.028,-1,Echolocation,/mnt/ubna_data_01_mir/recover-20220825/UBNA_002/20220823_033000.WAV,Telephone Field,recover-20220825,002,1795
1424.9825,1425.0213,68437,82375,Rhinolophus ferrumequinum,0.023,0.023,-1,Echolocation,/mnt/ubna_data_01_mir/recover-20220825/UBNA_002/20220823_033000.WAV,Telephone Field,recover-20220825,002,1795
1424.9995,1425.0383,68437,82186,Rhinolophus ferrumequinum,0.022,0.022,-1,Echolocation,/mnt/ubna_data_01_mir/recover-20220825/UBNA_002/20220823_033000.WAV,Telephone Field,recover-20220825,002,1795
1425.0025,1425.0175,16875,21958,Nyctalus noctula,0.016,0.025,-1,Echolocation,/mnt/ubna_data_01_mir/recover-20220825/UBNA_002/20220823_033000.WAV,Telephone Field,recover-20220825,002,1795
1425.0105,1425.0482,68437,82163,Rhinolophus ferrumequinum,0.022,0.022,-1,Echolocation,/mnt/ubna_data_01_mir/recover-20220825/UBNA_002/20220823_033000.WAV,Telephone Field,recover-20220825,002,1795
1425.0535,1425.0905,68437,81374,Rhinolophus ferrumequinum,0.029,0.029,-1,Echolocation,/mnt/ubna_data_01_mir/recover-20220825/UBNA_002/20220823_033000.WAV,Telephone Field,recover-20220825,002,1795
1425.0625,1425.0985,68437,81172,Rhinolophus ferrumequinum,0.021,0.021,-1,Echolocation,/mnt/ubna_data_01_mir/recover-20220825/UBNA_002/20220823_033000.WAV,Telephone Field,recover-20220825,002,1795
1425.0755,1425.1123,68437,81669,Rhinolophus ferrumequinum,0.023,0.023,-1,Echolocation,/mnt/ubna_data_01_mir/recover-20220825/UBNA_002/20220823_033000.WAV,Telephone Field,recover-20220825,002,1795
1425.0825,1425.0881,28046,43227,Plecotus auritus,0.005,0.027,-1,Echolocation,/mnt/ubna_data_01_mir/recover-20220825/UBNA_002/20220823_033000.WAV,Telephone Field,recover-20220825,002,1795
1425.0895,1425.1269,68437,81503,Rhinolophus ferrumequinum,0.021,0.021,-1,Echolocation,/mnt/ubna_data_01_mir/recover-20220825/UBNA_002/20220823_033000.WAV,Telephone Field,recover-20220825,002,1795
1425.0935,1425.1013,51250,58142,Pipistrellus pipistrellus,0.025,0.031,-1,Echolocation,/mnt/ubna_data_01_mir/recover-20220825/UBNA_002/20220823_033000.WAV,Telephone Field,recover-20220825,002,1795
1425.1085,1425.1462,68437,82318,Rhinolophus ferrumequinum,0.031,0.031,-1,Echolocation,/mnt/ubna_data_01_mir/recover-20220825/UBNA_002/20220823_033000.WAV,Telephone Field,recover-20220825,002,1795
1425.1355,1425.1726,68437,81358,Rhinolophus ferrumequinum,0.022,0.022,-1,Echolocation,/mnt/ubna_data_01_mir/recover-20220825/UBNA_002/20220823_033000.WAV,Telephone Field,recover-20220825,002,1795
1425.1435,1425.1826,68437,81808,Rhinolophus ferrumequinum,0.021,0.021,-1,Echolocation,/mnt/ubna_data_01_mir/recover-20220825/UBNA_002/20220823_033000.WAV,Telephone Field,recover-20220825,002,1795
1425.1605,1425.1996,68437,81807,Rhinolophus ferrumequinum,0.036,0.036,-1,Echolocation,/mnt/ubna_data_01_mir/recover-20220825/UBNA_002/20220823_033000.WAV,Telephone Field,recover-20220825,002,1795
1425.1715,1425.1869,15156,20308,Nyctalus noctula,0.017,0.025,-1,Echolocation,/mnt/ubna_data_01_mir/recover-20220825/UBNA_002/20220823_033000.WAV,Telephone Field,recover-20220825,002,1795
1425.1785,1425.1923,51250,55277,Pipistrellus pygmaeus,0.021,0.026,-1,Echolocation,/mnt/ubna_data_01_mir/recover-20220825/UBNA_002/20220823_033000.WAV,Telephone Field,recover-20220825,002,1795
1425.1825,1425.191,23750,32026,Plecotus austriacus,0.009,0.028,-1,Echolocation,/mnt/ubna_data_01_mir/recover-20220825/UBNA_002/20220823_033000.WAV,Telephone Field,recover-20220825,002,1795
1425.2085,1425.2467,68437,81573,Rhinolophus ferrumequinum,0.024,0.024,-1,Echolocation,/mnt/ubna_data_01_mir/recover-20220825/UBNA_002/20220823_033000.WAV,Telephone Field,recover-20220825,002,1795
1425.2505,1425.289,68437,82071,Rhinolophus ferrumequinum,0.024,0.024,-1,Echolocation,/mnt/ubna_data_01_mir/recover-20220825/UBNA_002/20220823_033000.WAV,Telephone Field,recover-20220825,002,1795
1425.2795,1425.3185,68437,81734,Rhinolophus ferrumequinum,0.021,0.021,-1,Echolocation,/mnt/ubna_data_01_mir/recover-20220825/UBNA_002/20220823_033000.WAV,Telephone Field,recover-20220825,002,1795
1425.2835,1425.2909,49531,54477,Pipistrellus pipistrellus,0.03,0.033,-1,Echolocation,/mnt/ubna_data_01_mir/recover-20220825/UBNA_002/20220823_033000.WAV,Telephone Field,recover-20220825,002,1795
1425.2945,1425.3335,68437,82032,Rhinolophus ferrumequinum,0.023,0.023,-1,Echolocation,/mnt/ubna_data_01_mir/recover-20220825/UBNA_002/20220823_033000.WAV,Telephone Field,recover-20220825,002,1795
1425.3215,1425.3635,68437,82319,Rhinolophus ferrumequinum,0.024,0.024,-1,Echolocation,/mnt/ubna_data_01_mir/recover-20220825/UBNA_002/20220823_033000.WAV,Telephone Field,recover-20220825,002,1795
1425.3455,1425.3836,68437,81354,Rhinolophus ferrumequinum,0.021,0.022,-1,Echolocation,/mnt/ubna_data_01_mir/recover-20220825/UBNA_002/20220823_033000.WAV,Telephone Field,recover-20220825,002,1795
1425.3545,1425.3926,68437,81759,Rhinolophus ferrumequinum,0.021,0.022,-1,Echolocation,/mnt/ubna_data_01_mir/recover-20220825/UBNA_002/20220823_033000.WAV,Telephone Field,recover-20220825,002,1795
1425.3945,1425.402,47812,57739,Pipistrellus pipistrellus,0.019,0.023,-1,Echolocation,/mnt/ubna_data_01_mir/recover-20220825/UBNA_002/20220823_033000.WAV,Telephone Field,recover-20220825,002,1795
1425.4085,1425.4463,68437,81988,Rhinolophus ferrumequinum,0.021,0.021,-1,Echolocation,/mnt/ubna_data_01_mir/recover-20220825/UBNA_002/20220823_033000.WAV,Telephone Field,recover-20220825,002,1795
1425.4225,1425.4354,23750,29183,Nyctalus leisleri,0.012,0.027,-1,Echolocation,/mnt/ubna_data_01_mir/recover-20220825/UBNA_002/20220823_033000.WAV,Telephone Field,recover-20220825,002,1795
1425.4365,1425.4754,68437,82524,Rhinolophus ferrumequinum,0.024,0.024,-1,Echolocation,/mnt/ubna_data_01_mir/recover-20220825/UBNA_002/20220823_033000.WAV,Telephone Field,recover-20220825,002,1795
1425.4665,1425.5025,68437,81898,Rhinolophus ferrumequinum,0.025,0.025,-1,Echolocation,/mnt/ubna_data_01_mir/recover-20220825/UBNA_002/20220823_033000.WAV,Telephone Field,recover-20220825,002,1795
1425.4845,1425.5230999999999,68437,82179,Rhinolophus ferrumequinum,0.022,0.022,-1,Echolocation,/mnt/ubna_data_01_mir/recover-20220825/UBNA_002/20220823_033000.WAV,Telephone Field,recover-20220825,002,1795
1425.4985,1425.509,22890,27689,Nyctalus leisleri,0.011,0.023,-1,Echolocation,/mnt/ubna_data_01_mir/recover-20220825/UBNA_002/20220823_033000.WAV,Telephone Field,recover-20220825,002,1795
1425.5085,1425.5476,68437,82369,Rhinolophus ferrumequinum,0.027,0.027,-1,Echolocation,/mnt/ubna_data_01_mir/recover-20220825/UBNA_002/20220823_033000.WAV,Telephone Field,recover-20220825,002,1795
1425.5135,1425.5194,28906,40465,Eptesicus serotinus,0.005,0.023,-1,Echolocation,/mnt/ubna_data_01_mir/recover-20220825/UBNA_002/20220823_033000.WAV,Telephone Field,recover-20220825,002,1795
1425.5415,1425.554,22890,26898,Nyctalus leisleri,0.014,0.024,-1,Echolocation,/mnt/ubna_data_01_mir/recover-20220825/UBNA_002/20220823_033000.WAV,Telephone Field,recover-20220825,002,1795
1425.5805,1425.62,68437,82276,Rhinolophus ferrumequinum,0.021,0.021,-1,Echolocation,/mnt/ubna_data_01_mir/recover-20220825/UBNA_002/20220823_033000.WAV,Telephone Field,recover-20220825,002,1795
1425.5855,1425.5959,22890,28083,Nyctalus leisleri,0.01,0.022,-1,Echolocation,/mnt/ubna_data_01_mir/recover-20220825/UBNA_002/20220823_033000.WAV,Telephone Field,recover-20220825,002,1795
1425.5945,1425.6312,68437,81819,Rhinolophus ferrumequinum,0.021,0.021,-1,Echolocation,/mnt/ubna_data_01_mir/recover-20220825/UBNA_002/20220823_033000.WAV,Telephone Field,recover-20220825,002,1795
1425.6105,1425.6454,68437,81122,Rhinolophus ferrumequinum,0.022,0.022,-1,Echolocation,/mnt/ubna_data_01_mir/recover-20220825/UBNA_002/20220823_033000.WAV,Telephone Field,recover-20220825,002,1795
1425.6695,1425.7103,68437,82642,Rhinolophus ferrumequinum,0.026,0.026,-1,Echolocation,/mnt/ubna_data_01_mir/recover-20220825/UBNA_002/20220823_033000.WAV,Telephone Field,recover-20220825,002,1795
1425.6865,1425.7279,68437,82753,Rhinolophus ferrumequinum,0.022,0.022,-1,Echolocation,/mnt/ubna_data_01_mir/recover-20220825/UBNA_002/20220823_033000.WAV,Telephone Field,recover-20220825,002,1795
1425.6955,1425.7031,28906,41412,Eptesicus serotinus,0.006,0.022,-1,Echolocation,/mnt/ubna_data_01_mir/recover-20220825/UBNA_002/20220823_033000.WAV,Telephone Field,recover-20220825,002,1795
1425.7255,1425.7335,27187,37126,Eptesicus serotinus,0.009,0.026,-1,Echolocation,/mnt/ubna_data_01_mir/recover-20220825/UBNA_002/20220823_033000.WAV,Telephone Field,recover-20220825,002,1795
1425.7255,1425.7647,68437,82637,Rhinolophus ferrumequinum,0.024,0.024,-1,Echolocation,/mnt/ubna_data_01_mir/recover-20220825/UBNA_002/20220823_033000.WAV,Telephone Field,recover-20220825,002,1795
1425.7545,1425.7967,68437,82880,Rhinolophus ferrumequinum,0.025,0.025,-1,Echolocation,/mnt/ubna_data_01_mir/recover-20220825/UBNA_002/20220823_033000.WAV,Telephone Field,recover-20220825,002,1795
1425.7775,1425.817,68437,82009,Rhinolophus ferrumequinum,0.022,0.022,-1,Echolocation,/mnt/ubna_data_01_mir/recover-20220825/UBNA_002/20220823_033000.WAV,Telephone Field,recover-20220825,002,1795
1425.8705,1425.9092,68437,82192,Rhinolophus ferrumequinum,0.021,0.021,-1,Echolocation,/mnt/ubna_data_01_mir/recover-20220825/UBNA_002/20220823_033000.WAV,Telephone Field,recover-20220825,002,1795
1425.8985,1425.936,68437,82188,Rhinolophus ferrumequinum,0.021,0.021,-1,Echolocation,/mnt/ubna_data_01_mir/recover-20220825/UBNA_002/20220823_033000.WAV,Telephone Field,recover-20220825,002,1795
1425.9115,1425.9481,68437,80942,Rhinolophus ferrumequinum,0.021,0.021,-1,Echolocation,/mnt/ubna_data_01_mir/recover-20220825/UBNA_002/20220823_033000.WAV,Telephone Field,recover-20220825,002,1795
1425.9125,1425.9202,27187,38232,Eptesicus serotinus,0.008,0.022,-1,Echolocation,/mnt/ubna_data_01_mir/recover-20220825/UBNA_002/20220823_033000.WAV,Telephone Field,recover-20220825,002,1795
1425.9525,1425.9629,23750,29799,Nyctalus leisleri,0.015,0.04,-1,Echolocation,/mnt/ubna_data_01_mir/recover-20220825/UBNA_002/20220823_033000.WAV,Telephone Field,recover-20220825,002,1795
1426.0015,1426.033,68437,79979,Rhinolophus ferrumequinum,0.047,0.047,-1,Echolocation,/mnt/ubna_data_01_mir/recover-20220825/UBNA_002/20220823_033000.WAV,Telephone Field,recover-20220825,002,1795
1426.0015,1426.0149,21171,26453,Nyctalus leisleri,0.013,0.029,-1,Echolocation,/mnt/ubna_data_01_mir/recover-20220825/UBNA_002/20220823_033000.WAV,Telephone Field,recover-20220825,002,1795
1426.0015,1426.0099,26328,33757,Nyctalus leisleri,0.011,0.034,-1,Echolocation,/mnt/ubna_data_01_mir/recover-20220825/UBNA_002/20220823_033000.WAV,Telephone Field,recover-20220825,002,1795
1426.0155,1426.0632,68437,84165,Rhinolophus ferrumequinum,0.055,0.055,-1,Echolocation,/mnt/ubna_data_01_mir/recover-20220825/UBNA_002/20220823_033000.WAV,Telephone Field,recover-20220825,002,1795
1426.0215,1426.0328,22031,27842,Nyctalus leisleri,0.009,0.025,-1,Echolocation,/mnt/ubna_data_01_mir/recover-20220825/UBNA_002/20220823_033000.WAV,Telephone Field,recover-20220825,002,1795
1426.1005,1426.1075,28046,40710,Eptesicus serotinus,0.007,0.025,-1,Echolocation,/mnt/ubna_data_01_mir/recover-20220825/UBNA_002/20220823_033000.WAV,Telephone Field,recover-20220825,002,1795
1426.1085,1426.1468,68437,82777,Rhinolophus ferrumequinum,0.021,0.021,-1,Echolocation,/mnt/ubna_data_01_mir/recover-20220825/UBNA_002/20220823_033000.WAV,Telephone Field,recover-20220825,002,1795
1426.1175,1426.1599,68437,83614,Rhinolophus ferrumequinum,0.027,0.027,-1,Echolocation,/mnt/ubna_data_01_mir/recover-20220825/UBNA_002/20220823_033000.WAV,Telephone Field,recover-20220825,002,1795
1426.1465,1426.1871,68437,82272,Rhinolophus ferrumequinum,0.021,0.021,-1,Echolocation,/mnt/ubna_data_01_mir/recover-20220825/UBNA_002/20220823_033000.WAV,Telephone Field,recover-20220825,002,1795
1426.1605,1426.1689,23750,32878,Plecotus austriacus,0.011,0.032,-1,Echolocation,/mnt/ubna_data_01_mir/recover-20220825/UBNA_002/20220823_033000.WAV,Telephone Field,recover-20220825,002,1795
1426.1765,1426.213,68437,82186,Rhinolophus ferrumequinum,0.022,0.022,-1,Echolocation,/mnt/ubna_data_01_mir/recover-20220825/UBNA_002/20220823_033000.WAV,Telephone Field,recover-20220825,002,1795
1426.1945,1426.2335,68437,82073,Rhinolophus ferrumequinum,0.021,0.021,-1,Echolocation,/mnt/ubna_data_01_mir/recover-20220825/UBNA_002/20220823_033000.WAV,Telephone Field,recover-20220825,002,1795
1426.1985,1426.2097,28906,34444,Eptesicus serotinus,0.022,0.04,-1,Echolocation,/mnt/ubna_data_01_mir/recover-20220825/UBNA_002/20220823_033000.WAV,Telephone Field,recover-20220825,002,1795
1426.2955,1426.3307,68437,81667,Rhinolophus ferrumequinum,0.021,0.021,-1,Echolocation,/mnt/ubna_data_01_mir/recover-20220825/UBNA_002/20220823_033000.WAV,Telephone Field,recover-20220825,002,1795
1426.3065,1426.3155,28046,40390,Eptesicus serotinus,0.011,0.025,-1,Echolocation,/mnt/ubna_data_01_mir/recover-20220825/UBNA_002/20220823_033000.WAV,Telephone Field,recover-20220825,002,1795
1426.3205,1426.3591,68437,82177,Rhinolophus ferrumequinum,0.021,0.021,-1,Echolocation,/mnt/ubna_data_01_mir/recover-20220825/UBNA_002/20220823_033000.WAV,Telephone Field,recover-20220825,002,1795
1426.3335,1426.3728,68437,82220,Rhinolophus ferrumequinum,0.022,0.022,-1,Echolocation,/mnt/ubna_data_01_mir/recover-20220825/UBNA_002/20220823_033000.WAV,Telephone Field,recover-20220825,002,1795
1426.3385,1426.3468,27187,39114,Eptesicus serotinus,0.008,0.021,-1,Echolocation,/mnt/ubna_data_01_mir/recover-20220825/UBNA_002/20220823_033000.WAV,Telephone Field,recover-20220825,002,1795
1426.3535,1426.3922,68437,81967,Rhinolophus ferrumequinum,0.023,0.023,-1,Echolocation,/mnt/ubna_data_01_mir/recover-20220825/UBNA_002/20220823_033000.WAV,Telephone Field,recover-20220825,002,1795
1426.3555,1426.3684,37500,42657,Pipistrellus nathusii,0.014,0.021,-1,Echolocation,/mnt/ubna_data_01_mir/recover-20220825/UBNA_002/20220823_033000.WAV,Telephone Field,recover-20220825,002,1795
1426.3705,1426.407,68437,81447,Rhinolophus ferrumequinum,0.021,0.021,-1,Echolocation,/mnt/ubna_data_01_mir/recover-20220825/UBNA_002/20220823_033000.WAV,Telephone Field,recover-20220825,002,1795
1426.3815,1426.3984,29765,34762,Eptesicus serotinus,0.037,0.064,-1,Echolocation,/mnt/ubna_data_01_mir/recover-20220825/UBNA_002/20220823_033000.WAV,Telephone Field,recover-20220825,002,1795
1426.4235,1426.4628,68437,82555,Rhinolophus ferrumequinum,0.022,0.022,-1,Echolocation,/mnt/ubna_data_01_mir/recover-20220825/UBNA_002/20220823_033000.WAV,Telephone Field,recover-20220825,002,1795
1426.4285,1426.4357,14296,31594,Plecotus auritus,0.018,0.022,-1,Echolocation,/mnt/ubna_data_01_mir/recover-20220825/UBNA_002/20220823_033000.WAV,Telephone Field,recover-20220825,002,1795
1426.4605,1426.4717,38359,43012,Pipistrellus nathusii,0.009,0.027,-1,Echolocation,/mnt/ubna_data_01_mir/recover-20220825/UBNA_002/20220823_033000.WAV,Telephone Field,recover-20220825,002,1795
1426.4995,1426.5412,68437,82614,Rhinolophus ferrumequinum,0.023,0.023,-1,Echolocation,/mnt/ubna_data_01_mir/recover-20220825/UBNA_002/20220823_033000.WAV,Telephone Field,recover-20220825,002,1795
1426.5165,1426.5245,28046,38720,Eptesicus serotinus,0.014,0.034,-1,Echolocation,/mnt/ubna_data_01_mir/recover-20220825/UBNA_002/20220823_033000.WAV,Telephone Field,recover-20220825,002,1795
1426.5195,1426.5579,68437,82399,Rhinolophus ferrumequinum,0.021,0.021,-1,Echolocation,/mnt/ubna_data_01_mir/recover-20220825/UBNA_002/20220823_033000.WAV,Telephone Field,recover-20220825,002,1795
1426.5435,1426.5847,68437,82640,Rhinolophus ferrumequinum,0.022,0.022,-1,Echolocation,/mnt/ubna_data_01_mir/recover-20220825/UBNA_002/20220823_033000.WAV,Telephone Field,recover-20220825,002,1795
1426.5515,1426.5569,28046,44127,Plecotus auritus,0.005,0.026,-1,Echolocation,/mnt/ubna_data_01_mir/recover-20220825/UBNA_002/20220823_033000.WAV,Telephone Field,recover-20220825,002,1795
1426.6295,1426.6671,68437,82082,Rhinolophus ferrumequinum,0.022,0.022,-1,Echolocation,/mnt/ubna_data_01_mir/recover-20220825/UBNA_002/20220823_033000.WAV,Telephone Field,recover-20220825,002,1795
1426.6425,1426.6489,13437,32127,Plecotus auritus,0.022,0.023,-1,Echolocation,/mnt/ubna_data_01_mir/recover-20220825/UBNA_002/20220823_033000.WAV,Telephone Field,recover-20220825,002,1795
1426.6685,1426.6767,25468,34129,Eptesicus serotinus,0.008,0.021,-1,Echolocation,/mnt/ubna_data_01_mir/recover-20220825/UBNA_002/20220823_033000.WAV,Telephone Field,recover-20220825,002,1795
1426.6695,1426.7054,68437,81800,Rhinolophus ferrumequinum,0.021,0.021,-1,Echolocation,/mnt/ubna_data_01_mir/recover-20220825/UBNA_002/20220823_033000.WAV,Telephone Field,recover-20220825,002,1795
1426.6895,1426.7266,68437,82106,Rhinolophus ferrumequinum,0.021,0.021,-1,Echolocation,/mnt/ubna_data_01_mir/recover-20220825/UBNA_002/20220823_033000.WAV,Telephone Field,recover-20220825,002,1795
1426.7505,1426.7629,23750,29646,Nyctalus leisleri,0.011,0.027,-1,Echolocation,/mnt/ubna_data_01_mir/recover-20220825/UBNA_002/20220823_033000.WAV,Telephone Field,recover-20220825,002,1795
1426.7765,1426.8203,68437,83379,Rhinolophus ferrumequinum,0.032,0.032,-1,Echolocation,/mnt/ubna_data_01_mir/recover-20220825/UBNA_002/20220823_033000.WAV,Telephone Field,recover-20220825,002,1795
1426.7825,1426.7912,28046,36193,Eptesicus serotinus,0.008,0.021,-1,Echolocation,/mnt/ubna_data_01_mir/recover-20220825/UBNA_002/20220823_033000.WAV,Telephone Field,recover-20220825,002,1795
1426.8075,1426.8442,68437,82588,Rhinolophus ferrumequinum,0.025,0.025,-1,Echolocation,/mnt/ubna_data_01_mir/recover-20220825/UBNA_002/20220823_033000.WAV,Telephone Field,recover-20220825,002,1795
1426.8305,1426.8667,68437,82305,Rhinolophus ferrumequinum,0.026,0.026,-1,Echolocation,/mnt/ubna_data_01_mir/recover-20220825/UBNA_002/20220823_033000.WAV,Telephone Field,recover-20220825,002,1795
1426.8505,1426.8586,28046,39258,Eptesicus serotinus,0.008,0.022,-1,Echolocation,/mnt/ubna_data_01_mir/recover-20220825/UBNA_002/20220823_033000.WAV,Telephone Field,recover-20220825,002,1795
1426.8985,1426.9076,28906,40361,Eptesicus serotinus,0.008,0.021,-1,Echolocation,/mnt/ubna_data_01_mir/recover-20220825/UBNA_002/20220823_033000.WAV,Telephone Field,recover-20220825,002,1795
1426.8995,1426.934,68437,81943,Rhinolophus ferrumequinum,0.021,0.021,-1,Echolocation,/mnt/ubna_data_01_mir/recover-20220825/UBNA_002/20220823_033000.WAV,Telephone Field,recover-20220825,002,1795
1426.9155,1426.9581,68437,83175,Rhinolophus ferrumequinum,0.031,0.031,-1,Echolocation,/mnt/ubna_data_01_mir/recover-20220825/UBNA_002/20220823_033000.WAV,Telephone Field,recover-20220825,002,1795
1426.9435,1426.9812,68437,82383,Rhinolophus ferrumequinum,0.025,0.025,-1,Echolocation,/mnt/ubna_data_01_mir/recover-20220825/UBNA_002/20220823_033000.WAV,Telephone Field,recover-20220825,002,1795
1426.9605,1426.9973,68437,81576,Rhinolophus ferrumequinum,0.021,0.022,-1,Echolocation,/mnt/ubna_data_01_mir/recover-20220825/UBNA_002/20220823_033000.WAV,Telephone Field,recover-20220825,002,1795
1426.9905,1427.0021,38359,42563,Pipistrellus nathusii,0.023,0.034,-1,Echolocation,/mnt/ubna_data_01_mir/recover-20220825/UBNA_002/20220823_033000.WAV,Telephone Field,recover-20220825,002,1795
1426.9995,1427.0368,68437,81878,Rhinolophus ferrumequinum,0.028,0.028,-1,Echolocation,/mnt/ubna_data_01_mir/recover-20220825/UBNA_002/20220823_033000.WAV,Telephone Field,recover-20220825,002,1795
1427.0325,1427.0416,28906,38191,Eptesicus serotinus,0.01,0.026,-1,Echolocation,/mnt/ubna_data_01_mir/recover-20220825/UBNA_002/20220823_033000.WAV,Telephone Field,recover-20220825,002,1795
1427.0625,1427.1029,68437,82152,Rhinolophus ferrumequinum,0.021,0.021,-1,Echolocation,/mnt/ubna_data_01_mir/recover-20220825/UBNA_002/20220823_033000.WAV,Telephone Field,recover-20220825,002,1795
1427.1395,1427.1473,26328,37019,Eptesicus serotinus,0.008,0.022,-1,Echolocation,/mnt/ubna_data_01_mir/recover-20220825/UBNA_002/20220823_033000.WAV,Telephone Field,recover-20220825,002,1795
1427.1485,1427.1865,68437,82732,Rhinolophus ferrumequinum,0.022,0.022,-1,Echolocation,/mnt/ubna_data_01_mir/recover-20220825/UBNA_002/20220823_033000.WAV,Telephone Field,recover-20220825,002,1795
1427.1745,1427.1831,43515,52213,Pipistrellus pipistrellus,0.011,0.021,-1,Echolocation,/mnt/ubna_data_01_mir/recover-20220825/UBNA_002/20220823_033000.WAV,Telephone Field,recover-20220825,002,1795
1427.1775,1427.213,68437,81022,Rhinolophus ferrumequinum,0.021,0.021,-1,Echolocation,/mnt/ubna_data_01_mir/recover-20220825/UBNA_002/20220823_033000.WAV,Telephone Field,recover-20220825,002,1795
1427.1905,1427.2282,68437,82055,Rhinolophus ferrumequinum,0.023,0.023,-1,Echolocation,/mnt/ubna_data_01_mir/recover-20220825/UBNA_002/20220823_033000.WAV,Telephone Field,recover-20220825,002,1795
1427.1975,1427.2128,22890,27233,Nyctalus leisleri,0.015,0.03,-1,Echolocation,/mnt/ubna_data_01_mir/recover-20220825/UBNA_002/20220823_033000.WAV,Telephone Field,recover-20220825,002,1795
1427.2335,1427.274,68437,82174,Rhinolophus ferrumequinum,0.027,0.027,-1,Echolocation,/mnt/ubna_data_01_mir/recover-20220825/UBNA_002/20220823_033000.WAV,Telephone Field,recover-20220825,002,1795
1427.2475,1427.2562,23750,30922,Plecotus austriacus,0.006,0.021,-1,Echolocation,/mnt/ubna_data_01_mir/recover-20220825/UBNA_002/20220823_033000.WAV,Telephone Field,recover-20220825,002,1795
1427.2635,1427.2732,28046,37107,Eptesicus serotinus,0.02,0.036,-1,Echolocation,/mnt/ubna_data_01_mir/recover-20220825/UBNA_002/20220823_033000.WAV,Telephone Field,recover-20220825,002,1795
1427.2755,1427.3153,68437,82215,Rhinolophus ferrumequinum,0.024,0.024,-1,Echolocation,/mnt/ubna_data_01_mir/recover-20220825/UBNA_002/20220823_033000.WAV,Telephone Field,recover-20220825,002,1795
1427.2835,1427.2912,28046,44925,Eptesicus serotinus,0.007,0.022,-1,Echolocation,/mnt/ubna_data_01_mir/recover-20220825/UBNA_002/20220823_033000.WAV,Telephone Field,recover-20220825,002,1795
1427.2885,1427.3283,68437,82482,Rhinolophus ferrumequinum,0.021,0.021,-1,Echolocation,/mnt/ubna_data_01_mir/recover-20220825/UBNA_002/20220823_033000.WAV,Telephone Field,recover-20220825,002,1795
1427.3015,1427.3148,24609,29551,Nyctalus leisleri,0.02,0.041,-1,Echolocation,/mnt/ubna_data_01_mir/recover-20220825/UBNA_002/20220823_033000.WAV,Telephone Field,recover-20220825,002,1795
1427.3265,1427.367,68437,82801,Rhinolophus ferrumequinum,0.023,0.023,-1,Echolocation,/mnt/ubna_data_01_mir/recover-20220825/UBNA_002/20220823_033000.WAV,Telephone Field,recover-20220825,002,1795
1427.3295,1427.3446,21171,24934,Nyctalus leisleri,0.016,0.03,-1,Echolocation,/mnt/ubna_data_01_mir/recover-20220825/UBNA_002/20220823_033000.WAV,Telephone Field,recover-20220825,002,1795
1427.3675,1427.4043,68437,82199,Rhinolophus ferrumequinum,0.022,0.022,-1,Echolocation,/mnt/ubna_data_01_mir/recover-20220825/UBNA_002/20220823_033000.WAV,Telephone Field,recover-20220825,002,1795
1427.3795,1427.3906,22890,27820,Nyctalus leisleri,0.011,0.022,-1,Echolocation,/mnt/ubna_data_01_mir/recover-20220825/UBNA_002/20220823_033000.WAV,Telephone Field,recover-20220825,002,1795
1427.3895,1427.4275,68437,81888,Rhinolophus ferrumequinum,0.023,0.023,-1,Echolocation,/mnt/ubna_data_01_mir/recover-20220825/UBNA_002/20220823_033000.WAV,Telephone Field,recover-20220825,002,1795
1427.4395,1427.4789,68437,82524,Rhinolophus ferrumequinum,0.023,0.023,-1,Echolocation,/mnt/ubna_data_01_mir/recover-20220825/UBNA_002/20220823_033000.WAV,Telephone Field,recover-20220825,002,1795
1427.4495,1427.4878,68437,82369,Rhinolophus ferrumequinum,0.022,0.022,-1,Echolocation,/mnt/ubna_data_01_mir/recover-20220825/UBNA_002/20220823_033000.WAV,Telephone Field,recover-20220825,002,1795
1427.4715,1427.4784,28046,38585,Eptesicus serotinus,0.008,0.025,-1,Echolocation,/mnt/ubna_data_01_mir/recover-20220825/UBNA_002/20220823_033000.WAV,Telephone Field,recover-20220825,002,1795
1427.4775,1427.5182,68437,82600,Rhinolophus ferrumequinum,0.029,0.029,-1,Echolocation,/mnt/ubna_data_01_mir/recover-20220825/UBNA_002/20220823_033000.WAV,Telephone Field,recover-20220825,002,1795
1427.4965,1427.504,24609,33371,Plecotus austriacus,0.006,0.021,-1,Echolocation,/mnt/ubna_data_01_mir/recover-20220825/UBNA_002/20220823_033000.WAV,Telephone Field,recover-20220825,002,1795
1427.4965,1427.5334,68437,81943,Rhinolophus ferrumequinum,0.021,0.021,-1,Echolocation,/mnt/ubna_data_01_mir/recover-20220825/UBNA_002/20220823_033000.WAV,Telephone Field,recover-20220825,002,1795
1427.5075,1427.5181,23750,29246,Nyctalus leisleri,0.009,0.021,-1,Echolocation,/mnt/ubna_data_01_mir/recover-20220825/UBNA_002/20220823_033000.WAV,Telephone Field,recover-20220825,002,1795
1427.5205,1427.5596,68437,82187,Rhinolophus ferrumequinum,0.025,0.026,-1,Echolocation,/mnt/ubna_data_01_mir/recover-20220825/UBNA_002/20220823_033000.WAV,Telephone Field,recover-20220825,002,1795
1427.5225,1427.5311,24609,33851,Plecotus austriacus,0.006,0.024,-1,Echolocation,/mnt/ubna_data_01_mir/recover-20220825/UBNA_002/20220823_033000.WAV,Telephone Field,recover-20220825,002,1795
1427.6045,1427.6134,22890,29439,Plecotus austriacus,0.008,0.021,-1,Echolocation,/mnt/ubna_data_01_mir/recover-20220825/UBNA_002/20220823_033000.WAV,Telephone Field,recover-20220825,002,1795
1427.6155,1427.654,68437,81785,Rhinolophus ferrumequinum,0.03,0.03,-1,Echolocation,/mnt/ubna_data_01_mir/recover-20220825/UBNA_002/20220823_033000.WAV,Telephone Field,recover-20220825,002,1795
1427.6205,1427.6278,28046,37455,Eptesicus serotinus,0.012,0.032,-1,Echolocation,/mnt/ubna_data_01_mir/recover-20220825/UBNA_002/20220823_033000.WAV,Telephone Field,recover-20220825,002,1795
1427.6955,1427.7167,18593,21901,Nyctalus noctula,0.027,0.041,-1,Echolocation,/mnt/ubna_data_01_mir/recover-20220825/UBNA_002/20220823_033000.WAV,Telephone Field,recover-20220825,002,1795
1427.7515,1427.7911,68437,82781,Rhinolophus ferrumequinum,0.022,0.022,-1,Echolocation,/mnt/ubna_data_01_mir/recover-20220825/UBNA_002/20220823_033000.WAV,Telephone Field,recover-20220825,002,1795
1427.7815,1427.7919,23750,29282,Nyctalus leisleri,0.009,0.021,-1,Echolocation,/mnt/ubna_data_01_mir/recover-20220825/UBNA_002/20220823_033000.WAV,Telephone Field,recover-20220825,002,1795
1427.7955,1427.8052,28906,36273,Eptesicus serotinus,0.009,0.021,-1,Echolocation,/mnt/ubna_data_01_mir/recover-20220825/UBNA_002/20220823_033000.WAV,Telephone Field,recover-20220825,002,1795
1427.8015,1427.8397,68437,81728,Rhinolophus ferrumequinum,0.02,0.021,-1,Echolocation,/mnt/ubna_data_01_mir/recover-20220825/UBNA_002/20220823_033000.WAV,Telephone Field,recover-20220825,002,1795
1427.8305,1427.8372,27187,38749,Eptesicus serotinus,0.006,0.022,-1,Echolocation,/mnt/ubna_data_01_mir/recover-20220825/UBNA_002/20220823_033000.WAV,Telephone Field,recover-20220825,002,1795
1427.8465,1427.8859,68437,83001,Rhinolophus ferrumequinum,0.024,0.024,-1,Echolocation,/mnt/ubna_data_01_mir/recover-20220825/UBNA_002/20220823_033000.WAV,Telephone Field,recover-20220825,002,1795
1427.8695,1427.8747,39218,61646,Myotis brandtii,0.009,0.024,-1,Echolocation,/mnt/ubna_data_01_mir/recover-20220825/UBNA_002/20220823_033000.WAV,Telephone Field,recover-20220825,002,1795
1427.8725,1427.8829,23750,30170,Nyctalus leisleri,0.007,0.021,-1,Echolocation,/mnt/ubna_data_01_mir/recover-20220825/UBNA_002/20220823_033000.WAV,Telephone Field,recover-20220825,002,1795
1427.8785,1427.8874,22890,29940,Plecotus austriacus,0.008,0.023,-1,Echolocation,/mnt/ubna_data_01_mir/recover-20220825/UBNA_002/20220823_033000.WAV,Telephone Field,recover-20220825,002,1795
1427.8785,1427.9173,68437,82081,Rhinolophus ferrumequinum,0.021,0.021,-1,Echolocation,/mnt/ubna_data_01_mir/recover-20220825/UBNA_002/20220823_033000.WAV,Telephone Field,recover-20220825,002,1795
1427.8835,1427.8904,28046,40147,Eptesicus serotinus,0.006,0.022,-1,Echolocation,/mnt/ubna_data_01_mir/recover-20220825/UBNA_002/20220823_033000.WAV,Telephone Field,recover-20220825,002,1795
1427.9195,1427.9292,28046,39892,Eptesicus serotinus,0.011,0.024,-1,Echolocation,/mnt/ubna_data_01_mir/recover-20220825/UBNA_002/20220823_033000.WAV,Telephone Field,recover-20220825,002,1795
1427.9315,1427.9426,23750,29403,Nyctalus leisleri,0.01,0.024,-1,Echolocation,/mnt/ubna_data_01_mir/recover-20220825/UBNA_002/20220823_033000.WAV,Telephone Field,recover-20220825,002,1795
1427.9375,1427.9751,68437,81848,Rhinolophus ferrumequinum,0.024,0.024,-1,Echolocation,/mnt/ubna_data_01_mir/recover-20220825/UBNA_002/20220823_033000.WAV,Telephone Field,recover-20220825,002,1795
1427.9595,1427.9701,24609,29669,Nyctalus leisleri,0.009,0.022,-1,Echolocation,/mnt/ubna_data_01_mir/recover-20220825/UBNA_002/20220823_033000.WAV,Telephone Field,recover-20220825,002,1795
1428.0015,1428.0137,18593,22716,Nyctalus leisleri,0.013,0.026,-1,Echolocation,/mnt/ubna_data_01_mir/recover-20220825/UBNA_002/20220823_033000.WAV,Telephone Field,recover-20220825,002,1795
1428.0015,1428.0107,27187,37457,Eptesicus serotinus,0.009,0.027,-1,Echolocation,/mnt/ubna_data_01_mir/recover-20220825/UBNA_002/20220823_033000.WAV,Telephone Field,recover-20220825,002,1795
1428.0025,1428.0432,68437,81850,Rhinolophus ferrumequinum,0.022,0.023,-1,Echolocation,/mnt/ubna_data_01_mir/recover-20220825/UBNA_002/20220823_033000.WAV,Telephone Field,recover-20220825,002,1795
1428.0115,1428.0528,68437,82653,Rhinolophus ferrumequinum,0.023,0.023,-1,Echolocation,/mnt/ubna_data_01_mir/recover-20220825/UBNA_002/20220823_033000.WAV,Telephone Field,recover-20220825,002,1795
1428.0145,1428.0252,14296,19724,Nyctalus noctula,0.013,0.028,-1,Echolocation,/mnt/ubna_data_01_mir/recover-20220825/UBNA_002/20220823_033000.WAV,Telephone Field,recover-20220825,002,1795
1428.0225,1428.0612,68437,81871,Rhinolophus ferrumequinum,0.022,0.022,-1,Echolocation,/mnt/ubna_data_01_mir/recover-20220825/UBNA_002/20220823_033000.WAV,Telephone Field,recover-20220825,002,1795
1428.0235,1428.0347,28046,36028,Eptesicus serotinus,0.013,0.028,-1,Echolocation,/mnt/ubna_data_01_mir/recover-20220825/UBNA_002/20220823_033000.WAV,Telephone Field,recover-20220825,002,1795
1428.0605,1428.0731,14296,19539,Nyctalus noctula,0.014,0.024,-1,Echolocation,/mnt/ubna_data_01_mir/recover-20220825/UBNA_002/20220823_033000.WAV,Telephone Field,recover-20220825,002,1795
1428.1265,1428.1342,28046,40990,Eptesicus serotinus,0.009,0.027,-1,Echolocation,/mnt/ubna_data_01_mir/recover-20220825/UBNA_002/20220823_033000.WAV,Telephone Field,recover-20220825,002,1795
1428.1545,1428.1617,28046,40073,Eptesicus serotinus,0.007,0.023,-1,Echolocation,/mnt/ubna_data_01_mir/recover-20220825/UBNA_002/20220823_033000.WAV,Telephone Field,recover-20220825,002,1795
1428.1835,1428.1941,22890,27786,Nyctalus leisleri,0.011,0.021,-1,Echolocation,/mnt/ubna_data_01_mir/recover-20220825/UBNA_002/20220823_033000.WAV,Telephone Field,recover-20220825,002,1795
1428.2025,1428.2427,68437,82804,Rhinolophus ferrumequinum,0.022,0.022,-1,Echolocation,/mnt/ubna_data_01_mir/recover-20220825/UBNA_002/20220823_033000.WAV,Telephone Field,recover-20220825,002,1795
1428.2075,1428.2476,68437,82354,Rhinolophus ferrumequinum,0.021,0.021,-1,Echolocation,/mnt/ubna_data_01_mir/recover-20220825/UBNA_002/20220823_033000.WAV,Telephone Field,recover-20220825,002,1795
1428.2095,1428.2192,28046,36391,Eptesicus serotinus,0.009,0.022,-1,Echolocation,/mnt/ubna_data_01_mir/recover-20220825/UBNA_002/20220823_033000.WAV,Telephone Field,recover-20220825,002,1795
1428.2235,1428.232,28046,38417,Eptesicus serotinus,0.008,0.021,-1,Echolocation,/mnt/ubna_data_01_mir/recover-20220825/UBNA_002/20220823_033000.WAV,Telephone Field,recover-20220825,002,1795
1428.2365,1428.2455,28046,36450,Eptesicus serotinus,0.009,0.024,-1,Echolocation,/mnt/ubna_data_01_mir/recover-20220825/UBNA_002/20220823_033000.WAV,Telephone Field,recover-20220825,002,1795
1428.2515,1428.2912,68437,82054,Rhinolophus ferrumequinum,0.021,0.021,-1,Echolocation,/mnt/ubna_data_01_mir/recover-20220825/UBNA_002/20220823_033000.WAV,Telephone Field,recover-20220825,002,1795
1428.2635,1428.304,68437,82886,Rhinolophus ferrumequinum,0.029,0.029,-1,Echolocation,/mnt/ubna_data_01_mir/recover-20220825/UBNA_002/20220823_033000.WAV,Telephone Field,recover-20220825,002,1795
1428.3375,1428.3802,68437,83132,Rhinolophus ferrumequinum,0.025,0.025,-1,Echolocation,/mnt/ubna_data_01_mir/recover-20220825/UBNA_002/20220823_033000.WAV,Telephone Field,recover-20220825,002,1795
1428.3605,1428.4019,68437,82636,Rhinolophus ferrumequinum,0.032,0.032,-1,Echolocation,/mnt/ubna_data_01_mir/recover-20220825/UBNA_002/20220823_033000.WAV,Telephone Field,recover-20220825,002,1795
1428.3905,1428.4303,68437,82558,Rhinolophus ferrumequinum,0.022,0.022,-1,Echolocation,/mnt/ubna_data_01_mir/recover-20220825/UBNA_002/20220823_033000.WAV,Telephone Field,recover-20220825,002,1795
1428.4375,1428.4506,24609,29476,Nyctalus leisleri,0.017,0.031,-1,Echolocation,/mnt/ubna_data_01_mir/recover-20220825/UBNA_002/20220823_033000.WAV,Telephone Field,recover-20220825,002,1795
1428.4605,1428.5033,68437,83033,Rhinolophus ferrumequinum,0.044,0.044,-1,Echolocation,/mnt/ubna_data_01_mir/recover-20220825/UBNA_002/20220823_033000.WAV,Telephone Field,recover-20220825,002,1795
1428.5515,1428.5619,28906,36747,Eptesicus serotinus,0.009,0.023,-1,Echolocation,/mnt/ubna_data_01_mir/recover-20220825/UBNA_002/20220823_033000.WAV,Telephone Field,recover-20220825,002,1795
1428.5515,1428.5926,68437,83090,Rhinolophus ferrumequinum,0.035,0.035,-1,Echolocation,/mnt/ubna_data_01_mir/recover-20220825/UBNA_002/20220823_033000.WAV,Telephone Field,recover-20220825,002,1795
1428.5785,1428.5878,28046,38002,Eptesicus serotinus,0.012,0.028,-1,Echolocation,/mnt/ubna_data_01_mir/recover-20220825/UBNA_002/20220823_033000.WAV,Telephone Field,recover-20220825,002,1795
1428.5955,1428.6036,28046,40521,Eptesicus serotinus,0.009,0.025,-1,Echolocation,/mnt/ubna_data_01_mir/recover-20220825/UBNA_002/20220823_033000.WAV,Telephone Field,recover-20220825,002,1795
1428.6195,1428.6266,28046,39344,Eptesicus serotinus,0.007,0.025,-1,Echolocation,/mnt/ubna_data_01_mir/recover-20220825/UBNA_002/20220823_033000.WAV,Telephone Field,recover-20220825,002,1795
1428.6325,1428.6431,22890,28359,Nyctalus leisleri,0.009,0.022,-1,Echolocation,/mnt/ubna_data_01_mir/recover-20220825/UBNA_002/20220823_033000.WAV,Telephone Field,recover-20220825,002,1795
1428.6335,1428.676,68437,83230,Rhinolophus ferrumequinum,0.029,0.029,-1,Echolocation,/mnt/ubna_data_01_mir/recover-20220825/UBNA_002/20220823_033000.WAV,Telephone Field,recover-20220825,002,1795
1428.6515,1428.6615,23750,30102,Nyctalus leisleri,0.013,0.037,-1,Echolocation,/mnt/ubna_data_01_mir/recover-20220825/UBNA_002/20220823_033000.WAV,Telephone Field,recover-20220825,002,1795
1428.6845,1428.7254,68437,83010,Rhinolophus ferrumequinum,0.022,0.022,-1,Echolocation,/mnt/ubna_data_01_mir/recover-20220825/UBNA_002/20220823_033000.WAV,Telephone Field,recover-20220825,002,1795
1428.6975,1428.7356,68437,82554,Rhinolophus ferrumequinum,0.023,0.023,-1,Echolocation,/mnt/ubna_data_01_mir/recover-20220825/UBNA_002/20220823_033000.WAV,Telephone Field,recover-20220825,002,1795
1428.7355,1428.7728,68437,81679,Rhinolophus ferrumequinum,0.024,0.024,-1,Echolocation,/mnt/ubna_data_01_mir/recover-20220825/UBNA_002/20220823_033000.WAV,Telephone Field,recover-20220825,002,1795
1428.7525,1428.7589,27187,41075,Eptesicus serotinus,0.006,0.027,-1,Echolocation,/mnt/ubna_data_01_mir/recover-20220825/UBNA_002/20220823_033000.WAV,Telephone Field,recover-20220825,002,1795
1428.7635,1428.8029,68437,81850,Rhinolophus ferrumequinum,0.022,0.022,-1,Echolocation,/mnt/ubna_data_01_mir/recover-20220825/UBNA_002/20220823_033000.WAV,Telephone Field,recover-20220825,002,1795
1428.7905,1428.8257,68437,81439,Rhinolophus ferrumequinum,0.024,0.024,-1,Echolocation,/mnt/ubna_data_01_mir/recover-20220825/UBNA_002/20220823_033000.WAV,Telephone Field,recover-20220825,002,1795
1428.8035,1428.811,28046,40462,Eptesicus serotinus,0.008,0.025,-1,Echolocation,/mnt/ubna_data_01_mir/recover-20220825/UBNA_002/20220823_033000.WAV,Telephone Field,recover-20220825,002,1795
1428.8505,1428.8588,28046,40054,Eptesicus serotinus,0.007,0.022,-1,Echolocation,/mnt/ubna_data_01_mir/recover-20220825/UBNA_002/20220823_033000.WAV,Telephone Field,recover-20220825,002,1795
1428.8555,1428.8904,68437,81559,Rhinolophus ferrumequinum,0.024,0.024,-1,Echolocation,/mnt/ubna_data_01_mir/recover-20220825/UBNA_002/20220823_033000.WAV,Telephone Field,recover-20220825,002,1795
1428.8795,1428.8874,27187,42642,Eptesicus serotinus,0.008,0.021,-1,Echolocation,/mnt/ubna_data_01_mir/recover-20220825/UBNA_002/20220823_033000.WAV,Telephone Field,recover-20220825,002,1795
1428.8795,1428.919,68437,82314,Rhinolophus ferrumequinum,0.022,0.022,-1,Echolocation,/mnt/ubna_data_01_mir/recover-20220825/UBNA_002/20220823_033000.WAV,Telephone Field,recover-20220825,002,1795
1428.8815,1428.888,32343,44884,Myotis daubentonii,0.008,0.022,-1,Echolocation,/mnt/ubna_data_01_mir/recover-20220825/UBNA_002/20220823_033000.WAV,Telephone Field,recover-20220825,002,1795
1428.8975,1428.9037,28046,40971,Eptesicus serotinus,0.007,0.027,-1,Echolocation,/mnt/ubna_data_01_mir/recover-20220825/UBNA_002/20220823_033000.WAV,Telephone Field,recover-20220825,002,1795
1428.9215,1428.9322,28046,35838,Eptesicus serotinus,0.01,0.023,-1,Echolocation,/mnt/ubna_data_01_mir/recover-20220825/UBNA_002/20220823_033000.WAV,Telephone Field,recover-20220825,002,1795
1428.9555,1428.9736,22890,26850,Nyctalus leisleri,0.03,0.056,-1,Echolocation,/mnt/ubna_data_01_mir/recover-20220825/UBNA_002/20220823_033000.WAV,Telephone Field,recover-20220825,002,1795
1428.9995,1429.0049,29765,49973,Myotis daubentonii,0.018,0.033,-1,Echolocation,/mnt/ubna_data_01_mir/recover-20220825/UBNA_002/20220823_033000.WAV,Telephone Field,recover-20220825,002,1795
1429.0315,1429.0407,27187,36471,Eptesicus serotinus,0.009,0.022,-1,Echolocation,/mnt/ubna_data_01_mir/recover-20220825/UBNA_002/20220823_033000.WAV,Telephone Field,recover-20220825,002,1795
1429.0355,1429.0747,68437,82056,Rhinolophus ferrumequinum,0.023,0.023,-1,Echolocation,/mnt/ubna_data_01_mir/recover-20220825/UBNA_002/20220823_033000.WAV,Telephone Field,recover-20220825,002,1795
1429.0585,1429.1005,68437,82753,Rhinolophus ferrumequinum,0.035,0.035,-1,Echolocation,/mnt/ubna_data_01_mir/recover-20220825/UBNA_002/20220823_033000.WAV,Telephone Field,recover-20220825,002,1795
1429.0685,1429.1082,68437,82588,Rhinolophus ferrumequinum,0.022,0.022,-1,Echolocation,/mnt/ubna_data_01_mir/recover-20220825/UBNA_002/20220823_033000.WAV,Telephone Field,recover-20220825,002,1795
1429.0815,1429.0934,25468,30986,Eptesicus serotinus,0.009,0.024,-1,Echolocation,/mnt/ubna_data_01_mir/recover-20220825/UBNA_002/20220823_033000.WAV,Telephone Field,recover-20220825,002,1795
1429.1335,1429.1731,68437,83000,Rhinolophus ferrumequinum,0.025,0.025,-1,Echolocation,/mnt/ubna_data_01_mir/recover-20220825/UBNA_002/20220823_033000.WAV,Telephone Field,recover-20220825,002,1795
1429.1795,1429.2178,68437,82321,Rhinolophus ferrumequinum,0.022,0.022,-1,Echolocation,/mnt/ubna_data_01_mir/recover-20220825/UBNA_002/20220823_033000.WAV,Telephone Field,recover-20220825,002,1795
1429.2035,1429.2229,20312,23509,Nyctalus leisleri,0.019,0.033,-1,Echolocation,/mnt/ubna_data_01_mir/recover-20220825/UBNA_002/20220823_033000.WAV,Telephone Field,recover-20220825,002,1795
1429.2145,1429.2509,68437,81368,Rhinolophus ferrumequinum,0.021,0.021,-1,Echolocation,/mnt/ubna_data_01_mir/recover-20220825/UBNA_002/20220823_033000.WAV,Telephone Field,recover-20220825,002,1795
1429.2865,1429.327,68437,82727,Rhinolophus ferrumequinum,0.026,0.027,-1,Echolocation,/mnt/ubna_data_01_mir/recover-20220825/UBNA_002/20220823_033000.WAV,Telephone Field,recover-20220825,002,1795
1429.3455,1429.3583,23750,29050,Nyctalus leisleri,0.02,0.041,-1,Echolocation,/mnt/ubna_data_01_mir/recover-20220825/UBNA_002/20220823_033000.WAV,Telephone Field,recover-20220825,002,1795
1429.3775,1429.3859,28906,36691,Eptesicus serotinus,0.008,0.021,-1,Echolocation,/mnt/ubna_data_01_mir/recover-20220825/UBNA_002/20220823_033000.WAV,Telephone Field,recover-20220825,002,1795
1429.4005,1429.4425,68437,83476,Rhinolophus ferrumequinum,0.03,0.03,-1,Echolocation,/mnt/ubna_data_01_mir/recover-20220825/UBNA_002/20220823_033000.WAV,Telephone Field,recover-20220825,002,1795
1429.4345,1429.4743,68437,82787,Rhinolophus ferrumequinum,0.039,0.039,-1,Echolocation,/mnt/ubna_data_01_mir/recover-20220825/UBNA_002/20220823_033000.WAV,Telephone Field,recover-20220825,002,1795
1429.4395,1429.4504,28046,37117,Eptesicus serotinus,0.012,0.028,-1,Echolocation,/mnt/ubna_data_01_mir/recover-20220825/UBNA_002/20220823_033000.WAV,Telephone Field,recover-20220825,002,1795
1429.4425,1429.4806,68437,83059,Rhinolophus ferrumequinum,0.03,0.03,-1,Echolocation,/mnt/ubna_data_01_mir/recover-20220825/UBNA_002/20220823_033000.WAV,Telephone Field,recover-20220825,002,1795
1429.4625,1429.5025,68437,82772,Rhinolophus ferrumequinum,0.022,0.022,-1,Echolocation,/mnt/ubna_data_01_mir/recover-20220825/UBNA_002/20220823_033000.WAV,Telephone Field,recover-20220825,002,1795
1429.4645,1429.4747,30625,39061,Eptesicus serotinus,0.009,0.023,-1,Echolocation,/mnt/ubna_data_01_mir/recover-20220825/UBNA_002/20220823_033000.WAV,Telephone Field,recover-20220825,002,1795
1429.4945,1429.5033,30625,43434,Myotis daubentonii,0.007,0.021,-1,Echolocation,/mnt/ubna_data_01_mir/recover-20220825/UBNA_002/20220823_033000.WAV,Telephone Field,recover-20220825,002,1795
1429.5395,1429.5471,27187,38844,Eptesicus serotinus,0.009,0.026,-1,Echolocation,/mnt/ubna_data_01_mir/recover-20220825/UBNA_002/20220823_033000.WAV,Telephone Field,recover-20220825,002,1795
1429.5705,1429.6091,68437,82174,Rhinolophus ferrumequinum,0.027,0.027,-1,Echolocation,/mnt/ubna_data_01_mir/recover-20220825/UBNA_002/20220823_033000.WAV,Telephone Field,recover-20220825,002,1795
1429.5945,1429.6047,22031,27550,Nyctalus leisleri,0.008,0.022,-1,Echolocation,/mnt/ubna_data_01_mir/recover-20220825/UBNA_002/20220823_033000.WAV,Telephone Field,recover-20220825,002,1795
1429.6105,1429.618,28046,39090,Eptesicus serotinus,0.016,0.042,-1,Echolocation,/mnt/ubna_data_01_mir/recover-20220825/UBNA_002/20220823_033000.WAV,Telephone Field,recover-20220825,002,1795
1429.6365,1429.6752,68437,81646,Rhinolophus ferrumequinum,0.03,0.03,-1,Echolocation,/mnt/ubna_data_01_mir/recover-20220825/UBNA_002/20220823_033000.WAV,Telephone Field,recover-20220825,002,1795
1429.6365,1429.6472,14296,19675,Nyctalus noctula,0.017,0.031,-1,Echolocation,/mnt/ubna_data_01_mir/recover-20220825/UBNA_002/20220823_033000.WAV,Telephone Field,recover-20220825,002,1795
1429.6635,1429.7028,68437,82049,Rhinolophus ferrumequinum,0.023,0.023,-1,Echolocation,/mnt/ubna_data_01_mir/recover-20220825/UBNA_002/20220823_033000.WAV,Telephone Field,recover-20220825,002,1795
1429.6665,1429.676,22031,27858,Nyctalus leisleri,0.009,0.024,-1,Echolocation,/mnt/ubna_data_01_mir/recover-20220825/UBNA_002/20220823_033000.WAV,Telephone Field,recover-20220825,002,1795
1429.6795,1429.6871,27187,39817,Eptesicus serotinus,0.007,0.023,-1,Echolocation,/mnt/ubna_data_01_mir/recover-20220825/UBNA_002/20220823_033000.WAV,Telephone Field,recover-20220825,002,1795
1429.7025,1429.7456,68437,83291,Rhinolophus ferrumequinum,0.036,0.036,-1,Echolocation,/mnt/ubna_data_01_mir/recover-20220825/UBNA_002/20220823_033000.WAV,Telephone Field,recover-20220825,002,1795
1429.7555,1429.7624,26328,40125,Eptesicus serotinus,0.006,0.022,-1,Echolocation,/mnt/ubna_data_01_mir/recover-20220825/UBNA_002/20220823_033000.WAV,Telephone Field,recover-20220825,002,1795
1429.7655,1429.8055,68437,82287,Rhinolophus ferrumequinum,0.035,0.035,-1,Echolocation,/mnt/ubna_data_01_mir/recover-20220825/UBNA_002/20220823_033000.WAV,Telephone Field,recover-20220825,002,1795
1429.7665,1429.7773,28046,34854,Eptesicus serotinus,0.011,0.024,-1,Echolocation,/mnt/ubna_data_01_mir/recover-20220825/UBNA_002/20220823_033000.WAV,Telephone Field,recover-20220825,002,1795
1429.7935,1429.8325,68437,82485,Rhinolophus ferrumequinum,0.023,0.023,-1,Echolocation,/mnt/ubna_data_01_mir/recover-20220825/UBNA_002/20220823_033000.WAV,Telephone Field,recover-20220825,002,1795
1429.8085,1429.8497,68437,83009,Rhinolophus ferrumequinum,0.022,0.022,-1,Echolocation,/mnt/ubna_data_01_mir/recover-20220825/UBNA_002/20220823_033000.WAV,Telephone Field,recover-20220825,002,1795
1429.8495,1429.8591,43515,48191,Pipistrellus pipistrellus,0.02,0.023,-1,Echolocation,/mnt/ubna_data_01_mir/recover-20220825/UBNA_002/20220823_033000.WAV,Telephone Field,recover-20220825,002,1795
1429.8825,1429.9199,68437,82173,Rhinolophus ferrumequinum,0.021,0.021,-1,Echolocation,/mnt/ubna_data_01_mir/recover-20220825/UBNA_002/20220823_033000.WAV,Telephone Field,recover-20220825,002,1795
1429.9275,1429.9415,22031,26295,Nyctalus leisleri,0.013,0.024,-1,Echolocation,/mnt/ubna_data_01_mir/recover-20220825/UBNA_002/20220823_033000.WAV,Telephone Field,recover-20220825,002,1795
1429.9295,1429.9657,68437,81949,Rhinolophus ferrumequinum,0.021,0.021,-1,Echolocation,/mnt/ubna_data_01_mir/recover-20220825/UBNA_002/20220823_033000.WAV,Telephone Field,recover-20220825,002,1795
1429.9485,1429.9569,27187,36794,Eptesicus serotinus,0.008,0.022,-1,Echolocation,/mnt/ubna_data_01_mir/recover-20220825/UBNA_002/20220823_033000.WAV,Telephone Field,recover-20220825,002,1795
1429.9635,1429.9992,68437,82120,Rhinolophus ferrumequinum,0.021,0.021,-1,Echolocation,/mnt/ubna_data_01_mir/recover-20220825/UBNA_002/20220823_033000.WAV,Telephone Field,recover-20220825,002,1795
1429.9835,1429.9923,26328,36030,Eptesicus serotinus,0.008,0.027,-1,Echolocation,/mnt/ubna_data_01_mir/recover-20220825/UBNA_002/20220823_033000.WAV,Telephone Field,recover-20220825,002,1795
1430.0015,1430.0097,22031,28879,Nyctalus leisleri,0.009,0.028,-1,Echolocation,/mnt/ubna_data_01_mir/recover-20220825/UBNA_002/20220823_033000.WAV,Telephone Field,recover-20220825,002,1795
1430.0015,1430.0348,68437,80267,Rhinolophus ferrumequinum,0.046,0.046,-1,Echolocation,/mnt/ubna_data_01_mir/recover-20220825/UBNA_002/20220823_033000.WAV,Telephone Field,recover-20220825,002,1795
1430.0015,1430.01,48671,55512,Pipistrellus pipistrellus,0.022,0.029,-1,Echolocation,/mnt/ubna_data_01_mir/recover-20220825/UBNA_002/20220823_033000.WAV,Telephone Field,recover-20220825,002,1795
1430.0485,1430.0866,68437,82130,Rhinolophus ferrumequinum,0.023,0.023,-1,Echolocation,/mnt/ubna_data_01_mir/recover-20220825/UBNA_002/20220823_033000.WAV,Telephone Field,recover-20220825,002,1795
1430.0565,1430.0644,22890,30601,Plecotus austriacus,0.01,0.023,-1,Echolocation,/mnt/ubna_data_01_mir/recover-20220825/UBNA_002/20220823_033000.WAV,Telephone Field,recover-20220825,002,1795
1430.0955,1430.1393,68437,83129,Rhinolophus ferrumequinum,0.103,0.104,-1,Echolocation,/mnt/ubna_data_01_mir/recover-20220825/UBNA_002/20220823_033000.WAV,Telephone Field,recover-20220825,002,1795
1430.1295,1430.1644000000001,68437,81324,Rhinolophus ferrumequinum,0.023,0.023,-1,Echolocation,/mnt/ubna_data_01_mir/recover-20220825/UBNA_002/20220823_033000.WAV,Telephone Field,recover-20220825,002,1795
1430.1575,1430.1686,22031,26514,Nyctalus leisleri,0.011,0.023,-1,Echolocation,/mnt/ubna_data_01_mir/recover-20220825/UBNA_002/20220823_033000.WAV,Telephone Field,recover-20220825,002,1795
1430.1825,1430.2226,68437,82513,Rhinolophus ferrumequinum,0.022,0.022,-1,Echolocation,/mnt/ubna_data_01_mir/recover-20220825/UBNA_002/20220823_033000.WAV,Telephone Field,recover-20220825,002,1795
1430.1885,1430.1968,28046,39974,Eptesicus serotinus,0.01,0.025,-1,Echolocation,/mnt/ubna_data_01_mir/recover-20220825/UBNA_002/20220823_033000.WAV,Telephone Field,recover-20220825,002,1795
1430.1975,1430.239,68437,83140,Rhinolophus ferrumequinum,0.034,0.034,-1,Echolocation,/mnt/ubna_data_01_mir/recover-20220825/UBNA_002/20220823_033000.WAV,Telephone Field,recover-20220825,002,1795
1430.2285,1430.2388,22890,28374,Nyctalus leisleri,0.01,0.023,-1,Echolocation,/mnt/ubna_data_01_mir/recover-20220825/UBNA_002/20220823_033000.WAV,Telephone Field,recover-20220825,002,1795
1430.2425,1430.257,22031,25605,Nyctalus leisleri,0.019,0.03,-1,Echolocation,/mnt/ubna_data_01_mir/recover-20220825/UBNA_002/20220823_033000.WAV,Telephone Field,recover-20220825,002,1795
1430.2445,1430.2832,68437,82171,Rhinolophus ferrumequinum,0.021,0.021,-1,Echolocation,/mnt/ubna_data_01_mir/recover-20220825/UBNA_002/20220823_033000.WAV,Telephone Field,recover-20220825,002,1795
1430.2635,1430.3026,68437,83147,Rhinolophus ferrumequinum,0.029,0.029,-1,Echolocation,/mnt/ubna_data_01_mir/recover-20220825/UBNA_002/20220823_033000.WAV,Telephone Field,recover-20220825,002,1795
1430.3445,1430.3835,68437,82395,Rhinolophus ferrumequinum,0.021,0.021,-1,Echolocation,/mnt/ubna_data_01_mir/recover-20220825/UBNA_002/20220823_033000.WAV,Telephone Field,recover-20220825,002,1795
1430.3735,1430.4097,68437,82415,Rhinolophus ferrumequinum,0.022,0.022,-1,Echolocation,/mnt/ubna_data_01_mir/recover-20220825/UBNA_002/20220823_033000.WAV,Telephone Field,recover-20220825,002,1795
1430.3865,1430.4251,68437,82312,Rhinolophus ferrumequinum,0.021,0.021,-1,Echolocation,/mnt/ubna_data_01_mir/recover-20220825/UBNA_002/20220823_033000.WAV,Telephone Field,recover-20220825,002,1795
1430.4015,1430.4397,68437,82707,Rhinolophus ferrumequinum,0.021,0.021,-1,Echolocation,/mnt/ubna_data_01_mir/recover-20220825/UBNA_002/20220823_033000.WAV,Telephone Field,recover-20220825,002,1795
1430.4515,1430.4926,68437,82622,Rhinolophus ferrumequinum,0.025,0.025,-1,Echolocation,/mnt/ubna_data_01_mir/recover-20220825/UBNA_002/20220823_033000.WAV,Telephone Field,recover-20220825,002,1795
1430.4765,1430.5146,68437,82189,Rhinolophus ferrumequinum,0.022,0.022,-1,Echolocation,/mnt/ubna_data_01_mir/recover-20220825/UBNA_002/20220823_033000.WAV,Telephone Field,recover-20220825,002,1795
1430.4905,1430.4987,27187,40907,Eptesicus serotinus,0.009,0.025,-1,Echolocation,/mnt/ubna_data_01_mir/recover-20220825/UBNA_002/20220823_033000.WAV,Telephone Field,recover-20220825,002,1795
1430.4905,1430.5011,35781,41025,Barbastellus barbastellus,0.021,0.075,-1,Echolocation,/mnt/ubna_data_01_mir/recover-20220825/UBNA_002/20220823_033000.WAV,Telephone Field,recover-20220825,002,1795
1430.5045,1430.5428,68437,82614,Rhinolophus ferrumequinum,0.023,0.023,-1,Echolocation,/mnt/ubna_data_01_mir/recover-20220825/UBNA_002/20220823_033000.WAV,Telephone Field,recover-20220825,002,1795
1430.5085,1430.5154,27187,40929,Eptesicus serotinus,0.006,0.021,-1,Echolocation,/mnt/ubna_data_01_mir/recover-20220825/UBNA_002/20220823_033000.WAV,Telephone Field,recover-20220825,002,1795
1430.5185,1430.562,68437,83403,Rhinolophus ferrumequinum,0.039,0.039,-1,Echolocation,/mnt/ubna_data_01_mir/recover-20220825/UBNA_002/20220823_033000.WAV,Telephone Field,recover-20220825,002,1795
1430.5265,1430.5343,24609,32631,Eptesicus serotinus,0.006,0.022,-1,Echolocation,/mnt/ubna_data_01_mir/recover-20220825/UBNA_002/20220823_033000.WAV,Telephone Field,recover-20220825,002,1795
1430.5505,1430.5894,68437,82055,Rhinolophus ferrumequinum,0.024,0.024,-1,Echolocation,/mnt/ubna_data_01_mir/recover-20220825/UBNA_002/20220823_033000.WAV,Telephone Field,recover-20220825,002,1795
1430.5965,1430.6051,32343,42245,Myotis daubentonii,0.009,0.028,-1,Echolocation,/mnt/ubna_data_01_mir/recover-20220825/UBNA_002/20220823_033000.WAV,Telephone Field,recover-20220825,002,1795
1430.6015,1430.6383,68437,82161,Rhinolophus ferrumequinum,0.023,0.023,-1,Echolocation,/mnt/ubna_data_01_mir/recover-20220825/UBNA_002/20220823_033000.WAV,Telephone Field,recover-20220825,002,1795
1430.6265,1430.6654,68437,82129,Rhinolophus ferrumequinum,0.025,0.025,-1,Echolocation,/mnt/ubna_data_01_mir/recover-20220825/UBNA_002/20220823_033000.WAV,Telephone Field,recover-20220825,002,1795
1430.6375,1430.6738,68437,81679,Rhinolophus ferrumequinum,0.021,0.021,-1,Echolocation,/mnt/ubna_data_01_mir/recover-20220825/UBNA_002/20220823_033000.WAV,Telephone Field,recover-20220825,002,1795
1430.6655,1430.706,68437,82808,Rhinolophus ferrumequinum,0.028,0.028,-1,Echolocation,/mnt/ubna_data_01_mir/recover-20220825/UBNA_002/20220823_033000.WAV,Telephone Field,recover-20220825,002,1795
1430.6775,1430.6872,22890,29061,Nyctalus leisleri,0.008,0.024,-1,Echolocation,/mnt/ubna_data_01_mir/recover-20220825/UBNA_002/20220823_033000.WAV,Telephone Field,recover-20220825,002,1795
1430.7065,1430.7168,24609,31738,Nyctalus leisleri,0.009,0.027,-1,Echolocation,/mnt/ubna_data_01_mir/recover-20220825/UBNA_002/20220823_033000.WAV,Telephone Field,recover-20220825,002,1795
1430.7285,1430.767,68437,82237,Rhinolophus ferrumequinum,0.025,0.025,-1,Echolocation,/mnt/ubna_data_01_mir/recover-20220825/UBNA_002/20220823_033000.WAV,Telephone Field,recover-20220825,002,1795
1430.7415,1430.7478,24609,35678,Plecotus austriacus,0.015,0.039,-1,Echolocation,/mnt/ubna_data_01_mir/recover-20220825/UBNA_002/20220823_033000.WAV,Telephone Field,recover-20220825,002,1795
1430.7505,1430.7847,68437,81981,Rhinolophus ferrumequinum,0.023,0.023,-1,Echolocation,/mnt/ubna_data_01_mir/recover-20220825/UBNA_002/20220823_033000.WAV,Telephone Field,recover-20220825,002,1795
1430.7685,1430.8062,68437,81380,Rhinolophus ferrumequinum,0.021,0.021,-1,Echolocation,/mnt/ubna_data_01_mir/recover-20220825/UBNA_002/20220823_033000.WAV,Telephone Field,recover-20220825,002,1795
1430.8475,1430.8834,68437,81369,Rhinolophus ferrumequinum,0.021,0.021,-1,Echolocation,/mnt/ubna_data_01_mir/recover-20220825/UBNA_002/20220823_033000.WAV,Telephone Field,recover-20220825,002,1795
1430.8845,1430.9224,68437,81707,Rhinolophus ferrumequinum,0.023,0.023,-1,Echolocation,/mnt/ubna_data_01_mir/recover-20220825/UBNA_002/20220823_033000.WAV,Telephone Field,recover-20220825,002,1795
1430.8905,1430.9273,68437,82180,Rhinolophus ferrumequinum,0.022,0.022,-1,Echolocation,/mnt/ubna_data_01_mir/recover-20220825/UBNA_002/20220823_033000.WAV,Telephone Field,recover-20220825,002,1795
1430.9025,1430.9111,26328,35823,Eptesicus serotinus,0.026,0.048,-1,Echolocation,/mnt/ubna_data_01_mir/recover-20220825/UBNA_002/20220823_033000.WAV,Telephone Field,recover-20220825,002,1795
1430.9025,1430.9419,68437,82600,Rhinolophus ferrumequinum,0.023,0.023,-1,Echolocation,/mnt/ubna_data_01_mir/recover-20220825/UBNA_002/20220823_033000.WAV,Telephone Field,recover-20220825,002,1795
1430.9225,1430.9293,28046,41761,Eptesicus serotinus,0.006,0.021,-1,Echolocation,/mnt/ubna_data_01_mir/recover-20220825/UBNA_002/20220823_033000.WAV,Telephone Field,recover-20220825,002,1795
1430.9505,1430.9876,68437,81830,Rhinolophus ferrumequinum,0.022,0.022,-1,Echolocation,/mnt/ubna_data_01_mir/recover-20220825/UBNA_002/20220823_033000.WAV,Telephone Field,recover-20220825,002,1795
1430.9605,1430.9708,15156,20898,Nyctalus noctula,0.011,0.023,-1,Echolocation,/mnt/ubna_data_01_mir/recover-20220825/UBNA_002/20220823_033000.WAV,Telephone Field,recover-20220825,002,1795
1430.9885,1431.0276,68437,82204,Rhinolophus ferrumequinum,0.021,0.021,-1,Echolocation,/mnt/ubna_data_01_mir/recover-20220825/UBNA_002/20220823_033000.WAV,Telephone Field,recover-20220825,002,1795
1430.9945,1431.0062,26328,32211,Eptesicus serotinus,0.01,0.023,-1,Echolocation,/mnt/ubna_data_01_mir/recover-20220825/UBNA_002/20220823_033000.WAV,Telephone Field,recover-20220825,002,1795
1431.0275,1431.0652,68437,82110,Rhinolophus ferrumequinum,0.022,0.022,-1,Echolocation,/mnt/ubna_data_01_mir/recover-20220825/UBNA_002/20220823_033000.WAV,Telephone Field,recover-20220825,002,1795
1431.0355,1431.0425,28046,40923,Eptesicus serotinus,0.008,0.027,-1,Echolocation,/mnt/ubna_data_01_mir/recover-20220825/UBNA_002/20220823_033000.WAV,Telephone Field,recover-20220825,002,1795
1431.0415,1431.0527,22031,26270,Nyctalus leisleri,0.012,0.023,-1,Echolocation,/mnt/ubna_data_01_mir/recover-20220825/UBNA_002/20220823_033000.WAV,Telephone Field,recover-20220825,002,1795
1431.0425,1431.0791,68437,82200,Rhinolophus ferrumequinum,0.022,0.022,-1,Echolocation,/mnt/ubna_data_01_mir/recover-20220825/UBNA_002/20220823_033000.WAV,Telephone Field,recover-20220825,002,1795
1431.0495,1431.066,21171,23875,Nyctalus leisleri,0.016,0.024,-1,Echolocation,/mnt/ubna_data_01_mir/recover-20220825/UBNA_002/20220823_033000.WAV,Telephone Field,recover-20220825,002,1795
1431.0635,1431.0704,27187,39293,Eptesicus serotinus,0.006,0.022,-1,Echolocation,/mnt/ubna_data_01_mir/recover-20220825/UBNA_002/20220823_033000.WAV,Telephone Field,recover-20220825,002,1795
1431.0825,1431.1141,68437,79989,Rhinolophus ferrumequinum,0.022,0.022,-1,Echolocation,/mnt/ubna_data_01_mir/recover-20220825/UBNA_002/20220823_033000.WAV,Telephone Field,recover-20220825,002,1795
1431.1625,1431.2023,68437,81327,Rhinolophus ferrumequinum,0.021,0.021,-1,Echolocation,/mnt/ubna_data_01_mir/recover-20220825/UBNA_002/20220823_033000.WAV,Telephone Field,recover-20220825,002,1795
1431.1965,1431.2322,68437,81954,Rhinolophus ferrumequinum,0.021,0.021,-1,Echolocation,/mnt/ubna_data_01_mir/recover-20220825/UBNA_002/20220823_033000.WAV,Telephone Field,recover-20220825,002,1795
1431.2125,1431.2482,68437,81007,Rhinolophus ferrumequinum,0.021,0.021,-1,Echolocation,/mnt/ubna_data_01_mir/recover-20220825/UBNA_002/20220823_033000.WAV,Telephone Field,recover-20220825,002,1795
1431.2385,1431.2768,68437,82310,Rhinolophus ferrumequinum,0.021,0.021,-1,Echolocation,/mnt/ubna_data_01_mir/recover-20220825/UBNA_002/20220823_033000.WAV,Telephone Field,recover-20220825,002,1795
1431.2595,1431.3004,68437,82577,Rhinolophus ferrumequinum,0.027,0.027,-1,Echolocation,/mnt/ubna_data_01_mir/recover-20220825/UBNA_002/20220823_033000.WAV,Telephone Field,recover-20220825,002,1795
1431.2695,1431.3073,68437,82069,Rhinolophus ferrumequinum,0.025,0.025,-1,Echolocation,/mnt/ubna_data_01_mir/recover-20220825/UBNA_002/20220823_033000.WAV,Telephone Field,recover-20220825,002,1795
1431.2815,1431.32,68437,82021,Rhinolophus ferrumequinum,0.021,0.021,-1,Echolocation,/mnt/ubna_data_01_mir/recover-20220825/UBNA_002/20220823_033000.WAV,Telephone Field,recover-20220825,002,1795
1431.3865,1431.4241,68437,81688,Rhinolophus ferrumequinum,0.023,0.023,-1,Echolocation,/mnt/ubna_data_01_mir/recover-20220825/UBNA_002/20220823_033000.WAV,Telephone Field,recover-20220825,002,1795
1431.4015,1431.4425,68437,82421,Rhinolophus ferrumequinum,0.027,0.027,-1,Echolocation,/mnt/ubna_data_01_mir/recover-20220825/UBNA_002/20220823_033000.WAV,Telephone Field,recover-20220825,002,1795
1431.4285,1431.4677,68437,81930,Rhinolophus ferrumequinum,0.021,0.021,-1,Echolocation,/mnt/ubna_data_01_mir/recover-20220825/UBNA_002/20220823_033000.WAV,Telephone Field,recover-20220825,002,1795
1431.4515,1431.459,27187,43170,Eptesicus serotinus,0.007,0.022,-1,Echolocation,/mnt/ubna_data_01_mir/recover-20220825/UBNA_002/20220823_033000.WAV,Telephone Field,recover-20220825,002,1795
1431.4725,1431.5099,68437,81596,Rhinolophus ferrumequinum,0.025,0.025,-1,Echolocation,/mnt/ubna_data_01_mir/recover-20220825/UBNA_002/20220823_033000.WAV,Telephone Field,recover-20220825,002,1795
1431.4915,1431.5293,68437,81823,Rhinolophus ferrumequinum,0.022,0.022,-1,Echolocation,/mnt/ubna_data_01_mir/recover-20220825/UBNA_002/20220823_033000.WAV,Telephone Field,recover-20220825,002,1795
1431.4965,1431.5042,28046,40351,Eptesicus serotinus,0.007,0.021,-1,Echolocation,/mnt/ubna_data_01_mir/recover-20220825/UBNA_002/20220823_033000.WAV,Telephone Field,recover-20220825,002,1795
1431.5025,1431.5109,28046,38806,Eptesicus serotinus,0.008,0.022,-1,Echolocation,/mnt/ubna_data_01_mir/recover-20220825/UBNA_002/20220823_033000.WAV,Telephone Field,recover-20220825,002,1795
1431.5475,1431.558,22031,27126,Nyctalus leisleri,0.011,0.023,-1,Echolocation,/mnt/ubna_data_01_mir/recover-20220825/UBNA_002/20220823_033000.WAV,Telephone Field,recover-20220825,002,1795
1431.5605,1431.5974,68437,81475,Rhinolophus ferrumequinum,0.023,0.023,-1,Echolocation,/mnt/ubna_data_01_mir/recover-20220825/UBNA_002/20220823_033000.WAV,Telephone Field,recover-20220825,002,1795
1431.5695,1431.6087,68437,82158,Rhinolophus ferrumequinum,0.023,0.023,-1,Echolocation,/mnt/ubna_data_01_mir/recover-20220825/UBNA_002/20220823_033000.WAV,Telephone Field,recover-20220825,002,1795
1431.5805,1431.5894,23750,31719,Plecotus austriacus,0.008,0.026,-1,Echolocation,/mnt/ubna_data_01_mir/recover-20220825/UBNA_002/20220823_033000.WAV,Telephone Field,recover-20220825,002,1795
1431.5845,1431.6251,68437,82527,Rhinolophus ferrumequinum,0.022,0.022,-1,Echolocation,/mnt/ubna_data_01_mir/recover-20220825/UBNA_002/20220823_033000.WAV,Telephone Field,recover-20220825,002,1795
1431.6025,1431.6121,24609,31588,Nyctalus leisleri,0.007,0.022,-1,Echolocation,/mnt/ubna_data_01_mir/recover-20220825/UBNA_002/20220823_033000.WAV,Telephone Field,recover-20220825,002,1795
1431.6185,1431.6536,68437,81309,Rhinolophus ferrumequinum,0.023,0.023,-1,Echolocation,/mnt/ubna_data_01_mir/recover-20220825/UBNA_002/20220823_033000.WAV,Telephone Field,recover-20220825,002,1795
1431.6285,1431.635,28906,39311,Eptesicus serotinus,0.007,0.027,-1,Echolocation,/mnt/ubna_data_01_mir/recover-20220825/UBNA_002/20220823_033000.WAV,Telephone Field,recover-20220825,002,1795
1431.6635,1431.7034,68437,81987,Rhinolophus ferrumequinum,0.021,0.022,-1,Echolocation,/mnt/ubna_data_01_mir/recover-20220825/UBNA_002/20220823_033000.WAV,Telephone Field,recover-20220825,002,1795
1431.6775,1431.7178,68437,82325,Rhinolophus ferrumequinum,0.022,0.022,-1,Echolocation,/mnt/ubna_data_01_mir/recover-20220825/UBNA_002/20220823_033000.WAV,Telephone Field,recover-20220825,002,1795
1431.6935,1431.7316,68437,81902,Rhinolophus ferrumequinum,0.021,0.021,-1,Echolocation,/mnt/ubna_data_01_mir/recover-20220825/UBNA_002/20220823_033000.WAV,Telephone Field,recover-20220825,002,1795
1431.7005,1431.7359,68437,81492,Rhinolophus ferrumequinum,0.021,0.021,-1,Echolocation,/mnt/ubna_data_01_mir/recover-20220825/UBNA_002/20220823_033000.WAV,Telephone Field,recover-20220825,002,1795
1431.7355,1431.7451,24609,32343,Eptesicus serotinus,0.008,0.021,-1,Echolocation,/mnt/ubna_data_01_mir/recover-20220825/UBNA_002/20220823_033000.WAV,Telephone Field,recover-20220825,002,1795
1431.7675,1431.8072,68437,82626,Rhinolophus ferrumequinum,0.022,0.022,-1,Echolocation,/mnt/ubna_data_01_mir/recover-20220825/UBNA_002/20220823_033000.WAV,Telephone Field,recover-20220825,002,1795
1431.8005,1431.8361,68437,81822,Rhinolophus ferrumequinum,0.023,0.023,-1,Echolocation,/mnt/ubna_data_01_mir/recover-20220825/UBNA_002/20220823_033000.WAV,Telephone Field,recover-20220825,002,1795
1431.8435,1431.8515,28906,38291,Eptesicus serotinus,0.008,0.022,-1,Echolocation,/mnt/ubna_data_01_mir/recover-20220825/UBNA_002/20220823_033000.WAV,Telephone Field,recover-20220825,002,1795
1431.8675,1431.8769,27187,35748,Eptesicus serotinus,0.007,0.022,-1,Echolocation,/mnt/ubna_data_01_mir/recover-20220825/UBNA_002/20220823_033000.WAV,Telephone Field,recover-20220825,002,1795
1431.8945,1431.9311,68437,80997,Rhinolophus ferrumequinum,0.021,0.021,-1,Echolocation,/mnt/ubna_data_01_mir/recover-20220825/UBNA_002/20220823_033000.WAV,Telephone Field,recover-20220825,002,1795
1431.9175,1431.9636,68437,83303,Rhinolophus ferrumequinum,0.044,0.044,-1,Echolocation,/mnt/ubna_data_01_mir/recover-20220825/UBNA_002/20220823_033000.WAV,Telephone Field,recover-20220825,002,1795
1431.9225,1431.9284,38359,59333,Myotis brandtii,0.007,0.021,-1,Echolocation,/mnt/ubna_data_01_mir/recover-20220825/UBNA_002/20220823_033000.WAV,Telephone Field,recover-20220825,002,1795
1431.9285,1431.9702,68437,82031,Rhinolophus ferrumequinum,0.032,0.032,-1,Echolocation,/mnt/ubna_data_01_mir/recover-20220825/UBNA_002/20220823_033000.WAV,Telephone Field,recover-20220825,002,1795
1431.9695,1431.9776,27187,38364,Eptesicus serotinus,0.007,0.022,-1,Echolocation,/mnt/ubna_data_01_mir/recover-20220825/UBNA_002/20220823_033000.WAV,Telephone Field,recover-20220825,002,1795
1432.0015,1432.0099,22890,30089,Nyctalus leisleri,0.009,0.025,-1,Echolocation,/mnt/ubna_data_01_mir/recover-20220825/UBNA_002/20220823_033000.WAV,Telephone Field,recover-20220825,002,1795
1432.0015,1432.0312,69296,81917,Rhinolophus ferrumequinum,0.023,0.023,-1,Echolocation,/mnt/ubna_data_01_mir/recover-20220825/UBNA_002/20220823_033000.WAV,Telephone Field,recover-20220825,002,1795
1432.0155,1432.0558,68437,82723,Rhinolophus ferrumequinum,0.021,0.021,-1,Echolocation,/mnt/ubna_data_01_mir/recover-20220825/UBNA_002/20220823_033000.WAV,Telephone Field,recover-20220825,002,1795
1432.0305,1432.0458,21171,24116,Nyctalus leisleri,0.014,0.022,-1,Echolocation,/mnt/ubna_data_01_mir/recover-20220825/UBNA_002/20220823_033000.WAV,Telephone Field,recover-20220825,002,1795
1432.0375,1432.0779,68437,82517,Rhinolophus ferrumequinum,0.022,0.022,-1,Echolocation,/mnt/ubna_data_01_mir/recover-20220825/UBNA_002/20220823_033000.WAV,Telephone Field,recover-20220825,002,1795
1432.0755,1432.0857,22890,28477,Nyctalus leisleri,0.011,0.027,-1,Echolocation,/mnt/ubna_data_01_mir/recover-20220825/UBNA_002/20220823_033000.WAV,Telephone Field,recover-20220825,002,1795
1432.0755,1432.1118,68437,82032,Rhinolophus ferrumequinum,0.021,0.022,-1,Echolocation,/mnt/ubna_data_01_mir/recover-20220825/UBNA_002/20220823_033000.WAV,Telephone Field,recover-20220825,002,1795
1432.0975,1432.1372,68437,82365,Rhinolophus ferrumequinum,0.021,0.021,-1,Echolocation,/mnt/ubna_data_01_mir/recover-20220825/UBNA_002/20220823_033000.WAV,Telephone Field,recover-20220825,002,1795
1432.1465,1432.1839,68437,82038,Rhinolophus ferrumequinum,0.021,0.021,-1,Echolocation,/mnt/ubna_data_01_mir/recover-20220825/UBNA_002/20220823_033000.WAV,Telephone Field,recover-20220825,002,1795
1432.1685,1432.2087,68437,82487,Rhinolophus ferrumequinum,0.023,0.023,-1,Echolocation,/mnt/ubna_data_01_mir/recover-20220825/UBNA_002/20220823_033000.WAV,Telephone Field,recover-20220825,002,1795
1432.2185,1432.2631,68437,83312,Rhinolophus ferrumequinum,0.038,0.038,-1,Echolocation,/mnt/ubna_data_01_mir/recover-20220825/UBNA_002/20220823_033000.WAV,Telephone Field,recover-20220825,002,1795
1432.2295,1432.2428,27187,31928,Eptesicus serotinus,0.016,0.036,-1,Echolocation,/mnt/ubna_data_01_mir/recover-20220825/UBNA_002/20220823_033000.WAV,Telephone Field,recover-20220825,002,1795
1432.2565,1432.2963,68437,82472,Rhinolophus ferrumequinum,0.024,0.025,-1,Echolocation,/mnt/ubna_data_01_mir/recover-20220825/UBNA_002/20220823_033000.WAV,Telephone Field,recover-20220825,002,1795
1432.2655,1432.2749,28906,36962,Eptesicus serotinus,0.008,0.021,-1,Echolocation,/mnt/ubna_data_01_mir/recover-20220825/UBNA_002/20220823_033000.WAV,Telephone Field,recover-20220825,002,1795
1432.3265,1432.3639,68437,81592,Rhinolophus ferrumequinum,0.021,0.021,-1,Echolocation,/mnt/ubna_data_01_mir/recover-20220825/UBNA_002/20220823_033000.WAV,Telephone Field,recover-20220825,002,1795
1432.3315,1432.3402,28906,38095,Eptesicus serotinus,0.009,0.024,-1,Echolocation,/mnt/ubna_data_01_mir/recover-20220825/UBNA_002/20220823_033000.WAV,Telephone Field,recover-20220825,002,1795
1432.3735,1432.4148,68437,83034,Rhinolophus ferrumequinum,0.026,0.026,-1,Echolocation,/mnt/ubna_data_01_mir/recover-20220825/UBNA_002/20220823_033000.WAV,Telephone Field,recover-20220825,002,1795
1432.3965,1432.4338,68437,82090,Rhinolophus ferrumequinum,0.021,0.021,-1,Echolocation,/mnt/ubna_data_01_mir/recover-20220825/UBNA_002/20220823_033000.WAV,Telephone Field,recover-20220825,002,1795
1432.4025,1432.442,68437,81799,Rhinolophus ferrumequinum,0.022,0.022,-1,Echolocation,/mnt/ubna_data_01_mir/recover-20220825/UBNA_002/20220823_033000.WAV,Telephone Field,recover-20220825,002,1795
1432.4075,1432.4184,22890,28340,Nyctalus leisleri,0.013,0.026,-1,Echolocation,/mnt/ubna_data_01_mir/recover-20220825/UBNA_002/20220823_033000.WAV,Telephone Field,recover-20220825,002,1795
1432.4095,1432.4484,68437,82067,Rhinolophus ferrumequinum,0.021,0.021,-1,Echolocation,/mnt/ubna_data_01_mir/recover-20220825/UBNA_002/20220823_033000.WAV,Telephone Field,recover-20220825,002,1795
1432.4195,1432.461,68437,82713,Rhinolophus ferrumequinum,0.024,0.024,-1,Echolocation,/mnt/ubna_data_01_mir/recover-20220825/UBNA_002/20220823_033000.WAV,Telephone Field,recover-20220825,002,1795
1432.4215,1432.4297,28046,39493,Eptesicus serotinus,0.008,0.021,-1,Echolocation,/mnt/ubna_data_01_mir/recover-20220825/UBNA_002/20220823_033000.WAV,Telephone Field,recover-20220825,002,1795
1432.4445,1432.4827,68437,82474,Rhinolophus ferrumequinum,0.026,0.026,-1,Echolocation,/mnt/ubna_data_01_mir/recover-20220825/UBNA_002/20220823_033000.WAV,Telephone Field,recover-20220825,002,1795
1432.4665,1432.479,15156,21754,Nyctalus noctula,0.013,0.02,-1,Echolocation,/mnt/ubna_data_01_mir/recover-20220825/UBNA_002/20220823_033000.WAV,Telephone Field,recover-20220825,002,1795
1432.4805,1432.5197,68437,82373,Rhinolophus ferrumequinum,0.021,0.021,-1,Echolocation,/mnt/ubna_data_01_mir/recover-20220825/UBNA_002/20220823_033000.WAV,Telephone Field,recover-20220825,002,1795
1432.4955,1432.5027,28906,40457,Eptesicus serotinus,0.008,0.026,-1,Echolocation,/mnt/ubna_data_01_mir/recover-20220825/UBNA_002/20220823_033000.WAV,Telephone Field,recover-20220825,002,1795
1432.5085,1432.5466,68437,81739,Rhinolophus ferrumequinum,0.02,0.02,-1,Echolocation,/mnt/ubna_data_01_mir/recover-20220825/UBNA_002/20220823_033000.WAV,Telephone Field,recover-20220825,002,1795
1432.5125,1432.5226,23750,29847,Nyctalus leisleri,0.008,0.022,-1,Echolocation,/mnt/ubna_data_01_mir/recover-20220825/UBNA_002/20220823_033000.WAV,Telephone Field,recover-20220825,002,1795
1432.5495,1432.5867,68437,82218,Rhinolophus ferrumequinum,0.02,0.02,-1,Echolocation,/mnt/ubna_data_01_mir/recover-20220825/UBNA_002/20220823_033000.WAV,Telephone Field,recover-20220825,002,1795
1432.5635,1432.5715,25468,33876,Eptesicus serotinus,0.007,0.027,-1,Echolocation,/mnt/ubna_data_01_mir/recover-20220825/UBNA_002/20220823_033000.WAV,Telephone Field,recover-20220825,002,1795
1432.5675,1432.6074,68437,82888,Rhinolophus ferrumequinum,0.023,0.023,-1,Echolocation,/mnt/ubna_data_01_mir/recover-20220825/UBNA_002/20220823_033000.WAV,Telephone Field,recover-20220825,002,1795
1432.6155,1432.6522,68437,81352,Rhinolophus ferrumequinum,0.021,0.021,-1,Echolocation,/mnt/ubna_data_01_mir/recover-20220825/UBNA_002/20220823_033000.WAV,Telephone Field,recover-20220825,002,1795
1432.6335,1432.6754,68437,82534,Rhinolophus ferrumequinum,0.027,0.027,-1,Echolocation,/mnt/ubna_data_01_mir/recover-20220825/UBNA_002/20220823_033000.WAV,Telephone Field,recover-20220825,002,1795
1432.6525,1432.6911,68437,82693,Rhinolophus ferrumequinum,0.035,0.035,-1,Echolocation,/mnt/ubna_data_01_mir/recover-20220825/UBNA_002/20220823_033000.WAV,Telephone Field,recover-20220825,002,1795
1432.6955,1432.735,68437,82305,Rhinolophus ferrumequinum,0.021,0.021,-1,Echolocation,/mnt/ubna_data_01_mir/recover-20220825/UBNA_002/20220823_033000.WAV,Telephone Field,recover-20220825,002,1795
1432.7465,1432.7869,68437,82538,Rhinolophus ferrumequinum,0.022,0.022,-1,Echolocation,/mnt/ubna_data_01_mir/recover-20220825/UBNA_002/20220823_033000.WAV,Telephone Field,recover-20220825,002,1795
1432.7525,1432.7939,68437,82513,Rhinolophus ferrumequinum,0.021,0.021,-1,Echolocation,/mnt/ubna_data_01_mir/recover-20220825/UBNA_002/20220823_033000.WAV,Telephone Field,recover-20220825,002,1795
1432.7805,1432.8221,68437,83488,Rhinolophus ferrumequinum,0.032,0.032,-1,Echolocation,/mnt/ubna_data_01_mir/recover-20220825/UBNA_002/20220823_033000.WAV,Telephone Field,recover-20220825,002,1795
1432.8475,1432.8849,68437,82645,Rhinolophus ferrumequinum,0.021,0.021,-1,Echolocation,/mnt/ubna_data_01_mir/recover-20220825/UBNA_002/20220823_033000.WAV,Telephone Field,recover-20220825,002,1795
1432.8525,1432.8893,68437,81754,Rhinolophus ferrumequinum,0.022,0.022,-1,Echolocation,/mnt/ubna_data_01_mir/recover-20220825/UBNA_002/20220823_033000.WAV,Telephone Field,recover-20220825,002,1795
1432.8845,1432.895,22031,27148,Nyctalus leisleri,0.01,0.021,-1,Echolocation,/mnt/ubna_data_01_mir/recover-20220825/UBNA_002/20220823_033000.WAV,Telephone Field,recover-20220825,002,1795
1432.8885,1432.9301,68437,83031,Rhinolophus ferrumequinum,0.024,0.024,-1,Echolocation,/mnt/ubna_data_01_mir/recover-20220825/UBNA_002/20220823_033000.WAV,Telephone Field,recover-20220825,002,1795
1432.8945,1432.935,68437,82555,Rhinolophus ferrumequinum,0.024,0.024,-1,Echolocation,/mnt/ubna_data_01_mir/recover-20220825/UBNA_002/20220823_033000.WAV,Telephone Field,recover-20220825,002,1795
1432.8975,1432.9057,22890,29372,Plecotus austriacus,0.009,0.021,-1,Echolocation,/mnt/ubna_data_01_mir/recover-20220825/UBNA_002/20220823_033000.WAV,Telephone Field,recover-20220825,002,1795
1432.9125,1432.9292,21171,24025,Nyctalus leisleri,0.014,0.022,-1,Echolocation,/mnt/ubna_data_01_mir/recover-20220825/UBNA_002/20220823_033000.WAV,Telephone Field,recover-20220825,002,1795
1432.9235,1432.9594,68437,81718,Rhinolophus ferrumequinum,0.021,0.021,-1,Echolocation,/mnt/ubna_data_01_mir/recover-20220825/UBNA_002/20220823_033000.WAV,Telephone Field,recover-20220825,002,1795
1432.9315,1432.9386,28906,39755,Eptesicus serotinus,0.007,0.023,-1,Echolocation,/mnt/ubna_data_01_mir/recover-20220825/UBNA_002/20220823_033000.WAV,Telephone Field,recover-20220825,002,1795
1432.9515,1432.9912,68437,82660,Rhinolophus ferrumequinum,0.024,0.024,-1,Echolocation,/mnt/ubna_data_01_mir/recover-20220825/UBNA_002/20220823_033000.WAV,Telephone Field,recover-20220825,002,1795
1432.9565,1432.9669,22031,26022,Nyctalus leisleri,0.012,0.023,-1,Echolocation,/mnt/ubna_data_01_mir/recover-20220825/UBNA_002/20220823_033000.WAV,Telephone Field,recover-20220825,002,1795
1433.0185,1433.0598,68437,82748,Rhinolophus ferrumequinum,0.024,0.024,-1,Echolocation,/mnt/ubna_data_01_mir/recover-20220825/UBNA_002/20220823_033000.WAV,Telephone Field,recover-20220825,002,1795
1433.0195,1433.0266,56406,61478,Pipistrellus pygmaeus,0.036,0.036,-1,Echolocation,/mnt/ubna_data_01_mir/recover-20220825/UBNA_002/20220823_033000.WAV,Telephone Field,recover-20220825,002,1795
1433.0475,1433.0882,68437,82908,Rhinolophus ferrumequinum,0.023,0.023,-1,Echolocation,/mnt/ubna_data_01_mir/recover-20220825/UBNA_002/20220823_033000.WAV,Telephone Field,recover-20220825,002,1795
1433.0645,1433.0984,68437,81619,Rhinolophus ferrumequinum,0.021,0.021,-1,Echolocation,/mnt/ubna_data_01_mir/recover-20220825/UBNA_002/20220823_033000.WAV,Telephone Field,recover-20220825,002,1795
1433.0815,1433.0912,45234,49185,Pipistrellus pipistrellus,0.021,0.022,-1,Echolocation,/mnt/ubna_data_01_mir/recover-20220825/UBNA_002/20220823_033000.WAV,Telephone Field,recover-20220825,002,1795
1433.1025,1433.1418,68437,82558,Rhinolophus ferrumequinum,0.026,0.026,-1,Echolocation,/mnt/ubna_data_01_mir/recover-20220825/UBNA_002/20220823_033000.WAV,Telephone Field,recover-20220825,002,1795
1433.1325,1433.1707,68437,81752,Rhinolophus ferrumequinum,0.022,0.022,-1,Echolocation,/mnt/ubna_data_01_mir/recover-20220825/UBNA_002/20220823_033000.WAV,Telephone Field,recover-20220825,002,1795
1433.1445,1433.1814,68437,82336,Rhinolophus ferrumequinum,0.02,0.02,-1,Echolocation,/mnt/ubna_data_01_mir/recover-20220825/UBNA_002/20220823_033000.WAV,Telephone Field,recover-20220825,002,1795
1433.1835,1433.2215,68437,82493,Rhinolophus ferrumequinum,0.021,0.021,-1,Echolocation,/mnt/ubna_data_01_mir/recover-20220825/UBNA_002/20220823_033000.WAV,Telephone Field,recover-20220825,002,1795
1433.1945,1433.2042,28906,37397,Eptesicus serotinus,0.008,0.02,-1,Echolocation,/mnt/ubna_data_01_mir/recover-20220825/UBNA_002/20220823_033000.WAV,Telephone Field,recover-20220825,002,1795
1433.2345,1433.2487,23750,27848,Nyctalus leisleri,0.011,0.02,-1,Echolocation,/mnt/ubna_data_01_mir/recover-20220825/UBNA_002/20220823_033000.WAV,Telephone Field,recover-20220825,002,1795
1433.2515,1433.2606,28046,37369,Eptesicus serotinus,0.008,0.021,-1,Echolocation,/mnt/ubna_data_01_mir/recover-20220825/UBNA_002/20220823_033000.WAV,Telephone Field,recover-20220825,002,1795
1433.2645,1433.3037,68437,82418,Rhinolophus ferrumequinum,0.025,0.025,-1,Echolocation,/mnt/ubna_data_01_mir/recover-20220825/UBNA_002/20220823_033000.WAV,Telephone Field,recover-20220825,002,1795
1433.2895,1433.329,68437,82230,Rhinolophus ferrumequinum,0.022,0.022,-1,Echolocation,/mnt/ubna_data_01_mir/recover-20220825/UBNA_002/20220823_033000.WAV,Telephone Field,recover-20220825,002,1795
1433.3035,1433.3397,68437,81782,Rhinolophus ferrumequinum,0.02,0.02,-1,Echolocation,/mnt/ubna_data_01_mir/recover-20220825/UBNA_002/20220823_033000.WAV,Telephone Field,recover-20220825,002,1795
1433.3125,1433.3558,68437,83385,Rhinolophus ferrumequinum,0.031,0.031,-1,Echolocation,/mnt/ubna_data_01_mir/recover-20220825/UBNA_002/20220823_033000.WAV,Telephone Field,recover-20220825,002,1795
1433.3765,1433.4172,68437,82634,Rhinolophus ferrumequinum,0.028,0.028,-1,Echolocation,/mnt/ubna_data_01_mir/recover-20220825/UBNA_002/20220823_033000.WAV,Telephone Field,recover-20220825,002,1795
1433.4375,1433.4783,68437,82295,Rhinolophus ferrumequinum,0.023,0.023,-1,Echolocation,/mnt/ubna_data_01_mir/recover-20220825/UBNA_002/20220823_033000.WAV,Telephone Field,recover-20220825,002,1795
1433.4555,1433.4644,25468,34507,Eptesicus serotinus,0.013,0.037,-1,Echolocation,/mnt/ubna_data_01_mir/recover-20220825/UBNA_002/20220823_033000.WAV,Telephone Field,recover-20220825,002,1795
1433.4865,1433.5273,68437,82898,Rhinolophus ferrumequinum,0.027,0.027,-1,Echolocation,/mnt/ubna_data_01_mir/recover-20220825/UBNA_002/20220823_033000.WAV,Telephone Field,recover-20220825,002,1795
1433.4945,1433.5108,18593,22969,Nyctalus noctula,0.017,0.028,-1,Echolocation,/mnt/ubna_data_01_mir/recover-20220825/UBNA_002/20220823_033000.WAV,Telephone Field,recover-20220825,002,1795
1433.5135,1433.5516,68437,82267,Rhinolophus ferrumequinum,0.023,0.023,-1,Echolocation,/mnt/ubna_data_01_mir/recover-20220825/UBNA_002/20220823_033000.WAV,Telephone Field,recover-20220825,002,1795
1433.5375,1433.546,26328,36857,Eptesicus serotinus,0.008,0.021,-1,Echolocation,/mnt/ubna_data_01_mir/recover-20220825/UBNA_002/20220823_033000.WAV,Telephone Field,recover-20220825,002,1795
1433.5715,1433.6115,68437,82412,Rhinolophus ferrumequinum,0.024,0.024,-1,Echolocation,/mnt/ubna_data_01_mir/recover-20220825/UBNA_002/20220823_033000.WAV,Telephone Field,recover-20220825,002,1795
1433.6025,1433.6375,68437,81522,Rhinolophus ferrumequinum,0.029,0.029,-1,Echolocation,/mnt/ubna_data_01_mir/recover-20220825/UBNA_002/20220823_033000.WAV,Telephone Field,recover-20220825,002,1795
1433.6115,1433.6228,22890,27197,Nyctalus leisleri,0.011,0.021,-1,Echolocation,/mnt/ubna_data_01_mir/recover-20220825/UBNA_002/20220823_033000.WAV,Telephone Field,recover-20220825,002,1795
1433.6535,1433.6934,68437,82001,Rhinolophus ferrumequinum,0.022,0.022,-1,Echolocation,/mnt/ubna_data_01_mir/recover-20220825/UBNA_002/20220823_033000.WAV,Telephone Field,recover-20220825,002,1795
1433.6695,1433.6784,28906,38959,Eptesicus serotinus,0.008,0.021,-1,Echolocation,/mnt/ubna_data_01_mir/recover-20220825/UBNA_002/20220823_033000.WAV,Telephone Field,recover-20220825,002,1795
1433.6935,1433.7007,23750,32280,Plecotus austriacus,0.009,0.021,-1,Echolocation,/mnt/ubna_data_01_mir/recover-20220825/UBNA_002/20220823_033000.WAV,Telephone Field,recover-20220825,002,1795
1433.7095,1433.7173,26328,35634,Eptesicus serotinus,0.009,0.025,-1,Echolocation,/mnt/ubna_data_01_mir/recover-20220825/UBNA_002/20220823_033000.WAV,Telephone Field,recover-20220825,002,1795
1433.7225,1433.76,68437,81140,Rhinolophus ferrumequinum,0.021,0.021,-1,Echolocation,/mnt/ubna_data_01_mir/recover-20220825/UBNA_002/20220823_033000.WAV,Telephone Field,recover-20220825,002,1795
1433.7745,1433.8161,68437,82890,Rhinolophus ferrumequinum,0.034,0.034,-1,Echolocation,/mnt/ubna_data_01_mir/recover-20220825/UBNA_002/20220823_033000.WAV,Telephone Field,recover-20220825,002,1795
1433.7865,1433.797,23750,30253,Nyctalus leisleri,0.008,0.022,-1,Echolocation,/mnt/ubna_data_01_mir/recover-20220825/UBNA_002/20220823_033000.WAV,Telephone Field,recover-20220825,002,1795
1433.8115,1433.8215,22890,28725,Nyctalus leisleri,0.009,0.023,-1,Echolocation,/mnt/ubna_data_01_mir/recover-20220825/UBNA_002/20220823_033000.WAV,Telephone Field,recover-20220825,002,1795
1433.8185,1433.8574,68437,82171,Rhinolophus ferrumequinum,0.022,0.022,-1,Echolocation,/mnt/ubna_data_01_mir/recover-20220825/UBNA_002/20220823_033000.WAV,Telephone Field,recover-20220825,002,1795
1433.8245,1433.8632,68437,82261,Rhinolophus ferrumequinum,0.021,0.021,-1,Echolocation,/mnt/ubna_data_01_mir/recover-20220825/UBNA_002/20220823_033000.WAV,Telephone Field,recover-20220825,002,1795
1433.8475,1433.8579,26328,32182,Eptesicus serotinus,0.01,0.023,-1,Echolocation,/mnt/ubna_data_01_mir/recover-20220825/UBNA_002/20220823_033000.WAV,Telephone Field,recover-20220825,002,1795
1433.8615,1433.8741,22890,27361,Nyctalus leisleri,0.01,0.021,-1,Echolocation,/mnt/ubna_data_01_mir/recover-20220825/UBNA_002/20220823_033000.WAV,Telephone Field,recover-20220825,002,1795
1433.8685,1433.9103,68437,82706,Rhinolophus ferrumequinum,0.027,0.027,-1,Echolocation,/mnt/ubna_data_01_mir/recover-20220825/UBNA_002/20220823_033000.WAV,Telephone Field,recover-20220825,002,1795
1433.8825,1433.8978,57265,62341,Pipistrellus pygmaeus,0.026,0.027,-1,Echolocation,/mnt/ubna_data_01_mir/recover-20220825/UBNA_002/20220823_033000.WAV,Telephone Field,recover-20220825,002,1795
1433.9005,1433.9403,68437,82216,Rhinolophus ferrumequinum,0.021,0.021,-1,Echolocation,/mnt/ubna_data_01_mir/recover-20220825/UBNA_002/20220823_033000.WAV,Telephone Field,recover-20220825,002,1795
1433.9175,1433.9572,68437,82205,Rhinolophus ferrumequinum,0.021,0.021,-1,Echolocation,/mnt/ubna_data_01_mir/recover-20220825/UBNA_002/20220823_033000.WAV,Telephone Field,recover-20220825,002,1795
1434.0015,1434.0343,68437,79930,Rhinolophus ferrumequinum,0.029,0.029,-1,Echolocation,/mnt/ubna_data_01_mir/recover-20220825/UBNA_002/20220823_033000.WAV,Telephone Field,recover-20220825,002,1795
1434.0015,1434.0109,48671,56059,Pipistrellus pipistrellus,0.015,0.023,-1,Echolocation,/mnt/ubna_data_01_mir/recover-20220825/UBNA_002/20220823_033000.WAV,Telephone Field,recover-20220825,002,1795
1434.0015,1434.009,28046,38086,Eptesicus serotinus,0.007,0.03,-1,Echolocation,/mnt/ubna_data_01_mir/recover-20220825/UBNA_002/20220823_033000.WAV,Telephone Field,recover-20220825,002,1795
1434.0015,1434.0103,21171,27513,Nyctalus leisleri,0.008,0.026,-1,Echolocation,/mnt/ubna_data_01_mir/recover-20220825/UBNA_002/20220823_033000.WAV,Telephone Field,recover-20220825,002,1795
1434.0085,1434.0493,68437,81478,Rhinolophus ferrumequinum,0.022,0.022,-1,Echolocation,/mnt/ubna_data_01_mir/recover-20220825/UBNA_002/20220823_033000.WAV,Telephone Field,recover-20220825,002,1795
1434.0165,1434.0522,68437,81360,Rhinolophus ferrumequinum,0.022,0.022,-1,Echolocation,/mnt/ubna_data_01_mir/recover-20220825/UBNA_002/20220823_033000.WAV,Telephone Field,recover-20220825,002,1795
1434.0515,1434.0897,68437,82089,Rhinolophus ferrumequinum,0.022,0.022,-1,Echolocation,/mnt/ubna_data_01_mir/recover-20220825/UBNA_002/20220823_033000.WAV,Telephone Field,recover-20220825,002,1795
1434.0795,1434.0892,28046,36041,Eptesicus serotinus,0.01,0.025,-1,Echolocation,/mnt/ubna_data_01_mir/recover-20220825/UBNA_002/20220823_033000.WAV,Telephone Field,recover-20220825,002,1795
1434.0875,1434.1307,68437,83456,Rhinolophus ferrumequinum,0.033,0.033,-1,Echolocation,/mnt/ubna_data_01_mir/recover-20220825/UBNA_002/20220823_033000.WAV,Telephone Field,recover-20220825,002,1795
1434.1575,1434.1946,68437,81691,Rhinolophus ferrumequinum,0.024,0.024,-1,Echolocation,/mnt/ubna_data_01_mir/recover-20220825/UBNA_002/20220823_033000.WAV,Telephone Field,recover-20220825,002,1795
1434.1875,1434.1974,29765,37295,Eptesicus serotinus,0.014,0.029,-1,Echolocation,/mnt/ubna_data_01_mir/recover-20220825/UBNA_002/20220823_033000.WAV,Telephone Field,recover-20220825,002,1795
1434.2085,1434.2459,68437,81591,Rhinolophus ferrumequinum,0.024,0.024,-1,Echolocation,/mnt/ubna_data_01_mir/recover-20220825/UBNA_002/20220823_033000.WAV,Telephone Field,recover-20220825,002,1795
1434.2395,1434.2742,68437,81055,Rhinolophus ferrumequinum,0.021,0.022,-1,Echolocation,/mnt/ubna_data_01_mir/recover-20220825/UBNA_002/20220823_033000.WAV,Telephone Field,recover-20220825,002,1795
1434.2625,1434.3022,68437,82289,Rhinolophus ferrumequinum,0.021,0.021,-1,Echolocation,/mnt/ubna_data_01_mir/recover-20220825/UBNA_002/20220823_033000.WAV,Telephone Field,recover-20220825,002,1795
1434.2655,1434.2729,24609,34619,Plecotus austriacus,0.011,0.029,-1,Echolocation,/mnt/ubna_data_01_mir/recover-20220825/UBNA_002/20220823_033000.WAV,Telephone Field,recover-20220825,002,1795
1434.2945,1434.3317,68437,81759,Rhinolophus ferrumequinum,0.022,0.022,-1,Echolocation,/mnt/ubna_data_01_mir/recover-20220825/UBNA_002/20220823_033000.WAV,Telephone Field,recover-20220825,002,1795
1434.3125,1434.3199,23750,32264,Plecotus austriacus,0.009,0.021,-1,Echolocation,/mnt/ubna_data_01_mir/recover-20220825/UBNA_002/20220823_033000.WAV,Telephone Field,recover-20220825,002,1795
1434.3345,1434.3729,68437,81246,Rhinolophus ferrumequinum,0.024,0.024,-1,Echolocation,/mnt/ubna_data_01_mir/recover-20220825/UBNA_002/20220823_033000.WAV,Telephone Field,recover-20220825,002,1795
1434.3405,1434.3486,23750,32325,Plecotus austriacus,0.009,0.023,-1,Echolocation,/mnt/ubna_data_01_mir/recover-20220825/UBNA_002/20220823_033000.WAV,Telephone Field,recover-20220825,002,1795
1434.3565,1434.3679,28906,35442,Eptesicus serotinus,0.012,0.026,-1,Echolocation,/mnt/ubna_data_01_mir/recover-20220825/UBNA_002/20220823_033000.WAV,Telephone Field,recover-20220825,002,1795
1434.3755,1434.4108,68437,81201,Rhinolophus ferrumequinum,0.022,0.022,-1,Echolocation,/mnt/ubna_data_01_mir/recover-20220825/UBNA_002/20220823_033000.WAV,Telephone Field,recover-20220825,002,1795
1434.3965,1434.4015,39218,54288,Myotis mystacinus,0.006,0.021,-1,Echolocation,/mnt/ubna_data_01_mir/recover-20220825/UBNA_002/20220823_033000.WAV,Telephone Field,recover-20220825,002,1795
1434.4505,1434.4906,68437,82884,Rhinolophus ferrumequinum,0.024,0.024,-1,Echolocation,/mnt/ubna_data_01_mir/recover-20220825/UBNA_002/20220823_033000.WAV,Telephone Field,recover-20220825,002,1795
1434.5005,1434.5096,28906,37954,Eptesicus serotinus,0.01,0.025,-1,Echolocation,/mnt/ubna_data_01_mir/recover-20220825/UBNA_002/20220823_033000.WAV,Telephone Field,recover-20220825,002,1795
1434.5155,1434.5524,68437,81956,Rhinolophus ferrumequinum,0.028,0.028,-1,Echolocation,/mnt/ubna_data_01_mir/recover-20220825/UBNA_002/20220823_033000.WAV,Telephone Field,recover-20220825,002,1795
1434.5355,1434.573,68437,81435,Rhinolophus ferrumequinum,0.025,0.026,-1,Echolocation,/mnt/ubna_data_01_mir/recover-20220825/UBNA_002/20220823_033000.WAV,Telephone Field,recover-20220825,002,1795
1434.5505,1434.5647,22890,27088,Nyctalus leisleri,0.021,0.036,-1,Echolocation,/mnt/ubna_data_01_mir/recover-20220825/UBNA_002/20220823_033000.WAV,Telephone Field,recover-20220825,002,1795
1434.5905,1434.6313,68437,83010,Rhinolophus ferrumequinum,0.028,0.028,-1,Echolocation,/mnt/ubna_data_01_mir/recover-20220825/UBNA_002/20220823_033000.WAV,Telephone Field,recover-20220825,002,1795
1434.6515,1434.6913,68437,82044,Rhinolophus ferrumequinum,0.023,0.023,-1,Echolocation,/mnt/ubna_data_01_mir/recover-20220825/UBNA_002/20220823_033000.WAV,Telephone Field,recover-20220825,002,1795
1434.6745,1434.7094,68437,81681,Rhinolophus ferrumequinum,0.021,0.021,-1,Echolocation,/mnt/ubna_data_01_mir/recover-20220825/UBNA_002/20220823_033000.WAV,Telephone Field,recover-20220825,002,1795
1434.6885,1434.6978,22890,29550,Plecotus austriacus,0.01,0.026,-1,Echolocation,/mnt/ubna_data_01_mir/recover-20220825/UBNA_002/20220823_033000.WAV,Telephone Field,recover-20220825,002,1795
1434.7105,1434.7508,68437,83131,Rhinolophus ferrumequinum,0.024,0.024,-1,Echolocation,/mnt/ubna_data_01_mir/recover-20220825/UBNA_002/20220823_033000.WAV,Telephone Field,recover-20220825,002,1795
1434.7355,1434.7465,23750,28969,Nyctalus leisleri,0.012,0.024,-1,Echolocation,/mnt/ubna_data_01_mir/recover-20220825/UBNA_002/20220823_033000.WAV,Telephone Field,recover-20220825,002,1795
1434.7815,1434.7912,22890,28770,Nyctalus leisleri,0.008,0.021,-1,Echolocation,/mnt/ubna_data_01_mir/recover-20220825/UBNA_002/20220823_033000.WAV,Telephone Field,recover-20220825,002,1795
1434.7885,1434.8254,68437,82182,Rhinolophus ferrumequinum,0.024,0.024,-1,Echolocation,/mnt/ubna_data_01_mir/recover-20220825/UBNA_002/20220823_033000.WAV,Telephone Field,recover-20220825,002,1795
1434.7925,1434.8033,34062,39142,Barbastellus barbastellus,0.034,0.077,-1,Echolocation,/mnt/ubna_data_01_mir/recover-20220825/UBNA_002/20220823_033000.WAV,Telephone Field,recover-20220825,002,1795
1434.8235,1434.8641,68437,82518,Rhinolophus ferrumequinum,0.028,0.028,-1,Echolocation,/mnt/ubna_data_01_mir/recover-20220825/UBNA_002/20220823_033000.WAV,Telephone Field,recover-20220825,002,1795
1434.8385,1434.8482,51250,55071,Pipistrellus pipistrellus,0.017,0.023,-1,Echolocation,/mnt/ubna_data_01_mir/recover-20220825/UBNA_002/20220823_033000.WAV,Telephone Field,recover-20220825,002,1795
1434.8395,1434.8506,25468,32238,Eptesicus serotinus,0.009,0.026,-1,Echolocation,/mnt/ubna_data_01_mir/recover-20220825/UBNA_002/20220823_033000.WAV,Telephone Field,recover-20220825,002,1795
1434.8445,1434.8814,68437,82007,Rhinolophus ferrumequinum,0.021,0.021,-1,Echolocation,/mnt/ubna_data_01_mir/recover-20220825/UBNA_002/20220823_033000.WAV,Telephone Field,recover-20220825,002,1795
1434.8645,1434.8733,45234,53535,Pipistrellus pipistrellus,0.015,0.021,-1,Echolocation,/mnt/ubna_data_01_mir/recover-20220825/UBNA_002/20220823_033000.WAV,Telephone Field,recover-20220825,002,1795
1434.8885,1434.9281,68437,82473,Rhinolophus ferrumequinum,0.021,0.021,-1,Echolocation,/mnt/ubna_data_01_mir/recover-20220825/UBNA_002/20220823_033000.WAV,Telephone Field,recover-20220825,002,1795
1434.9135,1434.922,27187,35859,Eptesicus serotinus,0.022,0.049,-1,Echolocation,/mnt/ubna_data_01_mir/recover-20220825/UBNA_002/20220823_033000.WAV,Telephone Field,recover-20220825,002,1795
1434.9145,1434.9523,68437,81781,Rhinolophus ferrumequinum,0.022,0.022,-1,Echolocation,/mnt/ubna_data_01_mir/recover-20220825/UBNA_002/20220823_033000.WAV,Telephone Field,recover-20220825,002,1795
1434.9335,1434.9695,68437,81460,Rhinolophus ferrumequinum,0.021,0.021,-1,Echolocation,/mnt/ubna_data_01_mir/recover-20220825/UBNA_002/20220823_033000.WAV,Telephone Field,recover-20220825,002,1795
1434.9655,1435.007,68437,82521,Rhinolophus ferrumequinum,0.032,0.032,-1,Echolocation,/mnt/ubna_data_01_mir/recover-20220825/UBNA_002/20220823_033000.WAV,Telephone Field,recover-20220825,002,1795
1435.0825,1435.1195,68437,81407,Rhinolophus ferrumequinum,0.021,0.021,-1,Echolocation,/mnt/ubna_data_01_mir/recover-20220825/UBNA_002/20220823_033000.WAV,Telephone Field,recover-20220825,002,1795
1435.0865,1435.093,26328,36129,Plecotus auritus,0.007,0.027,-1,Echolocation,/mnt/ubna_data_01_mir/recover-20220825/UBNA_002/20220823_033000.WAV,Telephone Field,recover-20220825,002,1795
1435.1165,1435.134,19453,22334,Nyctalus leisleri,0.014,0.027,-1,Echolocation,/mnt/ubna_data_01_mir/recover-20220825/UBNA_002/20220823_033000.WAV,Telephone Field,recover-20220825,002,1795
1435.1785,1435.1896,26328,33816,Eptesicus serotinus,0.012,0.029,-1,Echolocation,/mnt/ubna_data_01_mir/recover-20220825/UBNA_002/20220823_033000.WAV,Telephone Field,recover-20220825,002,1795
1435.2005,1435.2393,68437,81689,Rhinolophus ferrumequinum,0.022,0.022,-1,Echolocation,/mnt/ubna_data_01_mir/recover-20220825/UBNA_002/20220823_033000.WAV,Telephone Field,recover-20220825,002,1795
1435.2215,1435.2585,68437,82207,Rhinolophus ferrumequinum,0.021,0.021,-1,Echolocation,/mnt/ubna_data_01_mir/recover-20220825/UBNA_002/20220823_033000.WAV,Telephone Field,recover-20220825,002,1795
1435.2345,1435.2719,68437,81965,Rhinolophus ferrumequinum,0.022,0.022,-1,Echolocation,/mnt/ubna_data_01_mir/recover-20220825/UBNA_002/20220823_033000.WAV,Telephone Field,recover-20220825,002,1795
1435.2675,1435.3036,68437,81958,Rhinolophus ferrumequinum,0.022,0.022,-1,Echolocation,/mnt/ubna_data_01_mir/recover-20220825/UBNA_002/20220823_033000.WAV,Telephone Field,recover-20220825,002,1795
1435.2675,1435.2747,51250,56625,Pipistrellus pipistrellus,0.018,0.024,-1,Echolocation,/mnt/ubna_data_01_mir/recover-20220825/UBNA_002/20220823_033000.WAV,Telephone Field,recover-20220825,002,1795
1435.2705,1435.277,24609,33777,Plecotus austriacus,0.014,0.029,-1,Echolocation,/mnt/ubna_data_01_mir/recover-20220825/UBNA_002/20220823_033000.WAV,Telephone Field,recover-20220825,002,1795
1435.2925,1435.3355,68437,83059,Rhinolophus ferrumequinum,0.029,0.029,-1,Echolocation,/mnt/ubna_data_01_mir/recover-20220825/UBNA_002/20220823_033000.WAV,Telephone Field,recover-20220825,002,1795
1435.3075,1435.3498,68437,83230,Rhinolophus ferrumequinum,0.027,0.027,-1,Echolocation,/mnt/ubna_data_01_mir/recover-20220825/UBNA_002/20220823_033000.WAV,Telephone Field,recover-20220825,002,1795
1435.3295,1435.3377,27187,37286,Eptesicus serotinus,0.007,0.021,-1,Echolocation,/mnt/ubna_data_01_mir/recover-20220825/UBNA_002/20220823_033000.WAV,Telephone Field,recover-20220825,002,1795
1435.3535,1435.3618,28906,37877,Eptesicus serotinus,0.01,0.025,-1,Echolocation,/mnt/ubna_data_01_mir/recover-20220825/UBNA_002/20220823_033000.WAV,Telephone Field,recover-20220825,002,1795
1435.3695,1435.3786,27187,35751,Eptesicus serotinus,0.008,0.021,-1,Echolocation,/mnt/ubna_data_01_mir/recover-20220825/UBNA_002/20220823_033000.WAV,Telephone Field,recover-20220825,002,1795
1435.3745,1435.4125,68437,81381,Rhinolophus ferrumequinum,0.022,0.022,-1,Echolocation,/mnt/ubna_data_01_mir/recover-20220825/UBNA_002/20220823_033000.WAV,Telephone Field,recover-20220825,002,1795
1435.4035,1435.4413,68437,82009,Rhinolophus ferrumequinum,0.021,0.022,-1,Echolocation,/mnt/ubna_data_01_mir/recover-20220825/UBNA_002/20220823_033000.WAV,Telephone Field,recover-20220825,002,1795
1435.4285,1435.4656,68437,81643,Rhinolophus ferrumequinum,0.022,0.022,-1,Echolocation,/mnt/ubna_data_01_mir/recover-20220825/UBNA_002/20220823_033000.WAV,Telephone Field,recover-20220825,002,1795
1435.4395,1435.4476,31484,37160,Barbastellus barbastellus,0.054,0.081,-1,Echolocation,/mnt/ubna_data_01_mir/recover-20220825/UBNA_002/20220823_033000.WAV,Telephone Field,recover-20220825,002,1795
1435.4695,1435.509,68437,82424,Rhinolophus ferrumequinum,0.034,0.034,-1,Echolocation,/mnt/ubna_data_01_mir/recover-20220825/UBNA_002/20220823_033000.WAV,Telephone Field,recover-20220825,002,1795
1435.4895,1435.4992,22031,27763,Plecotus austriacus,0.007,0.021,-1,Echolocation,/mnt/ubna_data_01_mir/recover-20220825/UBNA_002/20220823_033000.WAV,Telephone Field,recover-20220825,002,1795
1435.5395,1435.5525,44375,47691,Pipistrellus pipistrellus,0.026,0.028,-1,Echolocation,/mnt/ubna_data_01_mir/recover-20220825/UBNA_002/20220823_033000.WAV,Telephone Field,recover-20220825,002,1795
1435.5515,1435.5603,27187,36507,Eptesicus serotinus,0.009,0.023,-1,Echolocation,/mnt/ubna_data_01_mir/recover-20220825/UBNA_002/20220823_033000.WAV,Telephone Field,recover-20220825,002,1795
1435.5705,1435.6068,68437,81817,Rhinolophus ferrumequinum,0.027,0.027,-1,Echolocation,/mnt/ubna_data_01_mir/recover-20220825/UBNA_002/20220823_033000.WAV,Telephone Field,recover-20220825,002,1795
1435.5925,1435.6296,68437,80974,Rhinolophus ferrumequinum,0.023,0.023,-1,Echolocation,/mnt/ubna_data_01_mir/recover-20220825/UBNA_002/20220823_033000.WAV,Telephone Field,recover-20220825,002,1795
1435.6075,1435.6449,68437,82040,Rhinolophus ferrumequinum,0.022,0.022,-1,Echolocation,/mnt/ubna_data_01_mir/recover-20220825/UBNA_002/20220823_033000.WAV,Telephone Field,recover-20220825,002,1795
1435.6085,1435.6163999999999,28046,39023,Eptesicus serotinus,0.007,0.022,-1,Echolocation,/mnt/ubna_data_01_mir/recover-20220825/UBNA_002/20220823_033000.WAV,Telephone Field,recover-20220825,002,1795
1435.6515,1435.6587,28046,39287,Eptesicus serotinus,0.006,0.021,-1,Echolocation,/mnt/ubna_data_01_mir/recover-20220825/UBNA_002/20220823_033000.WAV,Telephone Field,recover-20220825,002,1795
1435.6635,1435.7038,68437,82869,Rhinolophus ferrumequinum,0.024,0.024,-1,Echolocation,/mnt/ubna_data_01_mir/recover-20220825/UBNA_002/20220823_033000.WAV,Telephone Field,recover-20220825,002,1795
1435.7015,1435.7114,25468,32341,Nyctalus leisleri,0.009,0.026,-1,Echolocation,/mnt/ubna_data_01_mir/recover-20220825/UBNA_002/20220823_033000.WAV,Telephone Field,recover-20220825,002,1795
1435.7135,1435.7544,68437,82783,Rhinolophus ferrumequinum,0.025,0.025,-1,Echolocation,/mnt/ubna_data_01_mir/recover-20220825/UBNA_002/20220823_033000.WAV,Telephone Field,recover-20220825,002,1795
1435.7515,1435.7913,68437,82351,Rhinolophus ferrumequinum,0.021,0.021,-1,Echolocation,/mnt/ubna_data_01_mir/recover-20220825/UBNA_002/20220823_033000.WAV,Telephone Field,recover-20220825,002,1795
1435.7535,1435.7606,23750,33941,Plecotus austriacus,0.014,0.03,-1,Echolocation,/mnt/ubna_data_01_mir/recover-20220825/UBNA_002/20220823_033000.WAV,Telephone Field,recover-20220825,002,1795
1435.8025,1435.8106,28046,40675,Eptesicus serotinus,0.007,0.021,-1,Echolocation,/mnt/ubna_data_01_mir/recover-20220825/UBNA_002/20220823_033000.WAV,Telephone Field,recover-20220825,002,1795
1435.8095,1435.8201,22890,28488,Nyctalus leisleri,0.009,0.021,-1,Echolocation,/mnt/ubna_data_01_mir/recover-20220825/UBNA_002/20220823_033000.WAV,Telephone Field,recover-20220825,002,1795
1435.8365,1435.8556,18593,21651,Nyctalus noctula,0.015,0.027,-1,Echolocation,/mnt/ubna_data_01_mir/recover-20220825/UBNA_002/20220823_033000.WAV,Telephone Field,recover-20220825,002,1795
1435.8525,1435.89,68437,82224,Rhinolophus ferrumequinum,0.021,0.021,-1,Echolocation,/mnt/ubna_data_01_mir/recover-20220825/UBNA_002/20220823_033000.WAV,Telephone Field,recover-20220825,002,1795
1435.8645,1435.9043,68437,82001,Rhinolophus ferrumequinum,0.023,0.023,-1,Echolocation,/mnt/ubna_data_01_mir/recover-20220825/UBNA_002/20220823_033000.WAV,Telephone Field,recover-20220825,002,1795
1435.8915,1435.9315,68437,82739,Rhinolophus ferrumequinum,0.021,0.021,-1,Echolocation,/mnt/ubna_data_01_mir/recover-20220825/UBNA_002/20220823_033000.WAV,Telephone Field,recover-20220825,002,1795
1435.9175,1435.9282,23750,29151,Nyctalus leisleri,0.009,0.021,-1,Echolocation,/mnt/ubna_data_01_mir/recover-20220825/UBNA_002/20220823_033000.WAV,Telephone Field,recover-20220825,002,1795
1435.9495,1435.9896,68437,81933,Rhinolophus ferrumequinum,0.024,0.024,-1,Echolocation,/mnt/ubna_data_01_mir/recover-20220825/UBNA_002/20220823_033000.WAV,Telephone Field,recover-20220825,002,1795
1435.9565,1435.9644,50390,56399,Pipistrellus pipistrellus,0.018,0.022,-1,Echolocation,/mnt/ubna_data_01_mir/recover-20220825/UBNA_002/20220823_033000.WAV,Telephone Field,recover-20220825,002,1795
1435.9725,1435.9818,23750,30278,Nyctalus leisleri,0.007,0.023,-1,Echolocation,/mnt/ubna_data_01_mir/recover-20220825/UBNA_002/20220823_033000.WAV,Telephone Field,recover-20220825,002,1795
1435.9865,1435.9943,28046,42744,Eptesicus serotinus,0.006,0.021,-1,Echolocation,/mnt/ubna_data_01_mir/recover-20220825/UBNA_002/20220823_033000.WAV,Telephone Field,recover-20220825,002,1795
1436.0015,1436.0113,47812,52612,Pipistrellus pipistrellus,0.018,0.023,-1,Echolocation,/mnt/ubna_data_01_mir/recover-20220825/UBNA_002/20220823_033000.WAV,Telephone Field,recover-20220825,002,1795
1436.0015,1436.0164,20312,24531,Nyctalus leisleri,0.015,0.031,-1,Echolocation,/mnt/ubna_data_01_mir/recover-20220825/UBNA_002/20220823_033000.WAV,Telephone Field,recover-20220825,002,1795
1436.0015,1436.0324,69296,82030,Rhinolophus ferrumequinum,0.026,0.026,-1,Echolocation,/mnt/ubna_data_01_mir/recover-20220825/UBNA_002/20220823_033000.WAV,Telephone Field,recover-20220825,002,1795
1436.0105,1436.0521,68437,81539,Rhinolophus ferrumequinum,0.02,0.02,-1,Echolocation,/mnt/ubna_data_01_mir/recover-20220825/UBNA_002/20220823_033000.WAV,Telephone Field,recover-20220825,002,1795
1436.0245,1436.0639,68437,82451,Rhinolophus ferrumequinum,0.021,0.021,-1,Echolocation,/mnt/ubna_data_01_mir/recover-20220825/UBNA_002/20220823_033000.WAV,Telephone Field,recover-20220825,002,1795
1436.0395,1436.0781,68437,82302,Rhinolophus ferrumequinum,0.023,0.023,-1,Echolocation,/mnt/ubna_data_01_mir/recover-20220825/UBNA_002/20220823_033000.WAV,Telephone Field,recover-20220825,002,1795
1436.0455,1436.0821,68437,82514,Rhinolophus ferrumequinum,0.021,0.021,-1,Echolocation,/mnt/ubna_data_01_mir/recover-20220825/UBNA_002/20220823_033000.WAV,Telephone Field,recover-20220825,002,1795
1436.0475,1436.0552,28906,38488,Eptesicus serotinus,0.008,0.025,-1,Echolocation,/mnt/ubna_data_01_mir/recover-20220825/UBNA_002/20220823_033000.WAV,Telephone Field,recover-20220825,002,1795
1436.0485,1436.0568,23750,31468,Plecotus austriacus,0.007,0.021,-1,Echolocation,/mnt/ubna_data_01_mir/recover-20220825/UBNA_002/20220823_033000.WAV,Telephone Field,recover-20220825,002,1795
1436.1155,1436.152,68437,81631,Rhinolophus ferrumequinum,0.02,0.02,-1,Echolocation,/mnt/ubna_data_01_mir/recover-20220825/UBNA_002/20220823_033000.WAV,Telephone Field,recover-20220825,002,1795
1436.1595,1436.1969,68437,82553,Rhinolophus ferrumequinum,0.024,0.024,-1,Echolocation,/mnt/ubna_data_01_mir/recover-20220825/UBNA_002/20220823_033000.WAV,Telephone Field,recover-20220825,002,1795
1436.1765,1436.2188,68437,82612,Rhinolophus ferrumequinum,0.033,0.033,-1,Echolocation,/mnt/ubna_data_01_mir/recover-20220825/UBNA_002/20220823_033000.WAV,Telephone Field,recover-20220825,002,1795
1436.1775,1436.1987,16875,21010,Nyctalus noctula,0.016,0.023,-1,Echolocation,/mnt/ubna_data_01_mir/recover-20220825/UBNA_002/20220823_033000.WAV,Telephone Field,recover-20220825,002,1795
1436.1935,1436.2034,27187,36297,Eptesicus serotinus,0.008,0.02,-1,Echolocation,/mnt/ubna_data_01_mir/recover-20220825/UBNA_002/20220823_033000.WAV,Telephone Field,recover-20220825,002,1795
1436.2615,1436.2977,68437,81419,Rhinolophus ferrumequinum,0.02,0.02,-1,Echolocation,/mnt/ubna_data_01_mir/recover-20220825/UBNA_002/20220823_033000.WAV,Telephone Field,recover-20220825,002,1795
1436.2735,1436.2802,28906,38751,Eptesicus serotinus,0.007,0.022,-1,Echolocation,/mnt/ubna_data_01_mir/recover-20220825/UBNA_002/20220823_033000.WAV,Telephone Field,recover-20220825,002,1795
1436.3065,1436.3472,68437,82387,Rhinolophus ferrumequinum,0.023,0.023,-1,Echolocation,/mnt/ubna_data_01_mir/recover-20220825/UBNA_002/20220823_033000.WAV,Telephone Field,recover-20220825,002,1795
1436.3295,1436.3713,68437,82757,Rhinolophus ferrumequinum,0.034,0.034,-1,Echolocation,/mnt/ubna_data_01_mir/recover-20220825/UBNA_002/20220823_033000.WAV,Telephone Field,recover-20220825,002,1795
1436.3665,1436.4063,68437,81778,Rhinolophus ferrumequinum,0.021,0.021,-1,Echolocation,/mnt/ubna_data_01_mir/recover-20220825/UBNA_002/20220823_033000.WAV,Telephone Field,recover-20220825,002,1795
1436.3905,1436.4265,68437,81605,Rhinolophus ferrumequinum,0.021,0.021,-1,Echolocation,/mnt/ubna_data_01_mir/recover-20220825/UBNA_002/20220823_033000.WAV,Telephone Field,recover-20220825,002,1795
1436.3995,1436.4089,22890,29978,Plecotus austriacus,0.01,0.032,-1,Echolocation,/mnt/ubna_data_01_mir/recover-20220825/UBNA_002/20220823_033000.WAV,Telephone Field,recover-20220825,002,1795
1436.4155,1436.4249,28046,40768,Eptesicus serotinus,0.015,0.029,-1,Echolocation,/mnt/ubna_data_01_mir/recover-20220825/UBNA_002/20220823_033000.WAV,Telephone Field,recover-20220825,002,1795
1436.4625,1436.4723,28906,38650,Eptesicus serotinus,0.008,0.02,-1,Echolocation,/mnt/ubna_data_01_mir/recover-20220825/UBNA_002/20220823_033000.WAV,Telephone Field,recover-20220825,002,1795
1436.4725,1436.4815,28046,38359,Eptesicus serotinus,0.008,0.021,-1,Echolocation,/mnt/ubna_data_01_mir/recover-20220825/UBNA_002/20220823_033000.WAV,Telephone Field,recover-20220825,002,1795
1436.4925,1436.5259,68437,81000,Rhinolophus ferrumequinum,0.023,0.023,-1,Echolocation,/mnt/ubna_data_01_mir/recover-20220825/UBNA_002/20220823_033000.WAV,Telephone Field,recover-20220825,002,1795
1436.5055,1436.5421,68437,81502,Rhinolophus ferrumequinum,0.02,0.02,-1,Echolocation,/mnt/ubna_data_01_mir/recover-20220825/UBNA_002/20220823_033000.WAV,Telephone Field,recover-20220825,002,1795
1436.5115,1436.522,24609,31313,Nyctalus leisleri,0.008,0.025,-1,Echolocation,/mnt/ubna_data_01_mir/recover-20220825/UBNA_002/20220823_033000.WAV,Telephone Field,recover-20220825,002,1795
1436.5415,1436.5769,68437,80968,Rhinolophus ferrumequinum,0.02,0.02,-1,Echolocation,/mnt/ubna_data_01_mir/recover-20220825/UBNA_002/20220823_033000.WAV,Telephone Field,recover-20220825,002,1795
1436.5495,1436.557,47812,57698,Pipistrellus pipistrellus,0.012,0.02,-1,Echolocation,/mnt/ubna_data_01_mir/recover-20220825/UBNA_002/20220823_033000.WAV,Telephone Field,recover-20220825,002,1795
1436.5575,1436.5682,29765,37761,Eptesicus serotinus,0.014,0.026,-1,Echolocation,/mnt/ubna_data_01_mir/recover-20220825/UBNA_002/20220823_033000.WAV,Telephone Field,recover-20220825,002,1795
1436.5855,1436.6246,68437,81450,Rhinolophus ferrumequinum,0.023,0.023,-1,Echolocation,/mnt/ubna_data_01_mir/recover-20220825/UBNA_002/20220823_033000.WAV,Telephone Field,recover-20220825,002,1795
1436.6005,1436.6122,23750,28954,Nyctalus leisleri,0.009,0.021,-1,Echolocation,/mnt/ubna_data_01_mir/recover-20220825/UBNA_002/20220823_033000.WAV,Telephone Field,recover-20220825,002,1795
1436.6075,1436.6486,68437,82330,Rhinolophus ferrumequinum,0.022,0.022,-1,Echolocation,/mnt/ubna_data_01_mir/recover-20220825/UBNA_002/20220823_033000.WAV,Telephone Field,recover-20220825,002,1795
1436.6085,1436.617,28046,39313,Eptesicus serotinus,0.007,0.022,-1,Echolocation,/mnt/ubna_data_01_mir/recover-20220825/UBNA_002/20220823_033000.WAV,Telephone Field,recover-20220825,002,1795
1436.6145,1436.6543,68437,82032,Rhinolophus ferrumequinum,0.024,0.024,-1,Echolocation,/mnt/ubna_data_01_mir/recover-20220825/UBNA_002/20220823_033000.WAV,Telephone Field,recover-20220825,002,1795
1436.6455,1436.6842,68437,81947,Rhinolophus ferrumequinum,0.02,0.02,-1,Echolocation,/mnt/ubna_data_01_mir/recover-20220825/UBNA_002/20220823_033000.WAV,Telephone Field,recover-20220825,002,1795
1436.6835,1436.6904,28046,41755,Eptesicus serotinus,0.006,0.021,-1,Echolocation,/mnt/ubna_data_01_mir/recover-20220825/UBNA_002/20220823_033000.WAV,Telephone Field,recover-20220825,002,1795
1436.6925,1436.7311,68437,81720,Rhinolophus ferrumequinum,0.022,0.022,-1,Echolocation,/mnt/ubna_data_01_mir/recover-20220825/UBNA_002/20220823_033000.WAV,Telephone Field,recover-20220825,002,1795
1436.6965,1436.7079,24609,31330,Nyctalus leisleri,0.012,0.03,-1,Echolocation,/mnt/ubna_data_01_mir/recover-20220825/UBNA_002/20220823_033000.WAV,Telephone Field,recover-20220825,002,1795
1436.7195,1436.756,68437,81155,Rhinolophus ferrumequinum,0.021,0.021,-1,Echolocation,/mnt/ubna_data_01_mir/recover-20220825/UBNA_002/20220823_033000.WAV,Telephone Field,recover-20220825,002,1795
1436.7415,1436.7799,68437,81852,Rhinolophus ferrumequinum,0.021,0.021,-1,Echolocation,/mnt/ubna_data_01_mir/recover-20220825/UBNA_002/20220823_033000.WAV,Telephone Field,recover-20220825,002,1795
1436.7415,1436.7524,28906,36857,Eptesicus serotinus,0.013,0.025,-1,Echolocation,/mnt/ubna_data_01_mir/recover-20220825/UBNA_002/20220823_033000.WAV,Telephone Field,recover-20220825,002,1795
1436.7695,1436.8077,68437,81585,Rhinolophus ferrumequinum,0.024,0.024,-1,Echolocation,/mnt/ubna_data_01_mir/recover-20220825/UBNA_002/20220823_033000.WAV,Telephone Field,recover-20220825,002,1795
1436.8165,1436.8582,68437,82463,Rhinolophus ferrumequinum,0.022,0.022,-1,Echolocation,/mnt/ubna_data_01_mir/recover-20220825/UBNA_002/20220823_033000.WAV,Telephone Field,recover-20220825,002,1795
1436.8385,1436.8805,68437,82496,Rhinolophus ferrumequinum,0.042,0.042,-1,Echolocation,/mnt/ubna_data_01_mir/recover-20220825/UBNA_002/20220823_033000.WAV,Telephone Field,recover-20220825,002,1795
1436.8665,1436.9046,68437,81918,Rhinolophus ferrumequinum,0.021,0.021,-1,Echolocation,/mnt/ubna_data_01_mir/recover-20220825/UBNA_002/20220823_033000.WAV,Telephone Field,recover-20220825,002,1795
1436.8745,1436.9126,68437,82199,Rhinolophus ferrumequinum,0.021,0.021,-1,Echolocation,/mnt/ubna_data_01_mir/recover-20220825/UBNA_002/20220823_033000.WAV,Telephone Field,recover-20220825,002,1795
1436.8945,1436.9028,46093,49840,Pipistrellus pipistrellus,0.046,0.048,-1,Echolocation,/mnt/ubna_data_01_mir/recover-20220825/UBNA_002/20220823_033000.WAV,Telephone Field,recover-20220825,002,1795
1436.8945,1436.9323,68437,82345,Rhinolophus ferrumequinum,0.025,0.025,-1,Echolocation,/mnt/ubna_data_01_mir/recover-20220825/UBNA_002/20220823_033000.WAV,Telephone Field,recover-20220825,002,1795
1436.9345,1436.9448,22890,28984,Nyctalus leisleri,0.008,0.021,-1,Echolocation,/mnt/ubna_data_01_mir/recover-20220825/UBNA_002/20220823_033000.WAV,Telephone Field,recover-20220825,002,1795
1436.9365,1436.975,68437,81613,Rhinolophus ferrumequinum,0.02,0.02,-1,Echolocation,/mnt/ubna_data_01_mir/recover-20220825/UBNA_002/20220823_033000.WAV,Telephone Field,recover-20220825,002,1795
1436.9555,1436.9669,26328,32734,Eptesicus serotinus,0.011,0.024,-1,Echolocation,/mnt/ubna_data_01_mir/recover-20220825/UBNA_002/20220823_033000.WAV,Telephone Field,recover-20220825,002,1795
1436.9615,1436.9991,68437,81877,Rhinolophus ferrumequinum,0.021,0.021,-1,Echolocation,/mnt/ubna_data_01_mir/recover-20220825/UBNA_002/20220823_033000.WAV,Telephone Field,recover-20220825,002,1795
1436.9845,1437.0249,68437,82072,Rhinolophus ferrumequinum,0.023,0.023,-1,Echolocation,/mnt/ubna_data_01_mir/recover-20220825/UBNA_002/20220823_033000.WAV,Telephone Field,recover-20220825,002,1795
1436.9865,1436.9994,24609,31172,Nyctalus leisleri,0.015,0.038,-1,Echolocation,/mnt/ubna_data_01_mir/recover-20220825/UBNA_002/20220823_033000.WAV,Telephone Field,recover-20220825,002,1795
1437.0105,1437.0234,54687,60039,Pipistrellus pygmaeus,0.016,0.02,-1,Echolocation,/mnt/ubna_data_01_mir/recover-20220825/UBNA_002/20220823_033000.WAV,Telephone Field,recover-20220825,002,1795
1437.0125,1437.0507,68437,82205,Rhinolophus ferrumequinum,0.029,0.029,-1,Echolocation,/mnt/ubna_data_01_mir/recover-20220825/UBNA_002/20220823_033000.WAV,Telephone Field,recover-20220825,002,1795
1437.0395,1437.0798,68437,82434,Rhinolophus ferrumequinum,0.025,0.025,-1,Echolocation,/mnt/ubna_data_01_mir/recover-20220825/UBNA_002/20220823_033000.WAV,Telephone Field,recover-20220825,002,1795
1437.0415,1437.0547,46953,50585,Pipistrellus pipistrellus,0.033,0.037,-1,Echolocation,/mnt/ubna_data_01_mir/recover-20220825/UBNA_002/20220823_033000.WAV,Telephone Field,recover-20220825,002,1795
1437.0605,1437.0705,28046,36660,Eptesicus serotinus,0.009,0.021,-1,Echolocation,/mnt/ubna_data_01_mir/recover-20220825/UBNA_002/20220823_033000.WAV,Telephone Field,recover-20220825,002,1795
1437.0645,1437.1016,68437,81097,Rhinolophus ferrumequinum,0.022,0.022,-1,Echolocation,/mnt/ubna_data_01_mir/recover-20220825/UBNA_002/20220823_033000.WAV,Telephone Field,recover-20220825,002,1795
1437.0705,1437.0796,28046,39631,Eptesicus serotinus,0.008,0.021,-1,Echolocation,/mnt/ubna_data_01_mir/recover-20220825/UBNA_002/20220823_033000.WAV,Telephone Field,recover-20220825,002,1795
1437.0885,1437.1268,68437,82134,Rhinolophus ferrumequinum,0.02,0.02,-1,Echolocation,/mnt/ubna_data_01_mir/recover-20220825/UBNA_002/20220823_033000.WAV,Telephone Field,recover-20220825,002,1795
1437.0915,1437.0999,28046,40656,Eptesicus serotinus,0.008,0.022,-1,Echolocation,/mnt/ubna_data_01_mir/recover-20220825/UBNA_002/20220823_033000.WAV,Telephone Field,recover-20220825,002,1795
1437.1045,1437.1435,68437,82339,Rhinolophus ferrumequinum,0.023,0.023,-1,Echolocation,/mnt/ubna_data_01_mir/recover-20220825/UBNA_002/20220823_033000.WAV,Telephone Field,recover-20220825,002,1795
1437.1135,1437.1315,19453,22983,Nyctalus leisleri,0.013,0.03,-1,Echolocation,/mnt/ubna_data_01_mir/recover-20220825/UBNA_002/20220823_033000.WAV,Telephone Field,recover-20220825,002,1795
1437.1155,1437.154,68437,82023,Rhinolophus ferrumequinum,0.022,0.022,-1,Echolocation,/mnt/ubna_data_01_mir/recover-20220825/UBNA_002/20220823_033000.WAV,Telephone Field,recover-20220825,002,1795
1437.1215,1437.1411,19453,22046,Nyctalus leisleri,0.015,0.028,-1,Echolocation,/mnt/ubna_data_01_mir/recover-20220825/UBNA_002/20220823_033000.WAV,Telephone Field,recover-20220825,002,1795
1437.1315,1437.1711,68437,81730,Rhinolophus ferrumequinum,0.02,0.02,-1,Echolocation,/mnt/ubna_data_01_mir/recover-20220825/UBNA_002/20220823_033000.WAV,Telephone Field,recover-20220825,002,1795
1437.1315,1437.1412,22031,27052,Nyctalus leisleri,0.009,0.021,-1,Echolocation,/mnt/ubna_data_01_mir/recover-20220825/UBNA_002/20220823_033000.WAV,Telephone Field,recover-20220825,002,1795
1437.1325,1437.1407,28046,38873,Eptesicus serotinus,0.007,0.02,-1,Echolocation,/mnt/ubna_data_01_mir/recover-20220825/UBNA_002/20220823_033000.WAV,Telephone Field,recover-20220825,002,1795
1437.1525,1437.1879,68437,81459,Rhinolophus ferrumequinum,0.021,0.021,-1,Echolocation,/mnt/ubna_data_01_mir/recover-20220825/UBNA_002/20220823_033000.WAV,Telephone Field,recover-20220825,002,1795
1437.1715,1437.2095,68437,82531,Rhinolophus ferrumequinum,0.02,0.02,-1,Echolocation,/mnt/ubna_data_01_mir/recover-20220825/UBNA_002/20220823_033000.WAV,Telephone Field,recover-20220825,002,1795
1437.1855,1437.2291,68437,83592,Rhinolophus ferrumequinum,0.046,0.046,-1,Echolocation,/mnt/ubna_data_01_mir/recover-20220825/UBNA_002/20220823_033000.WAV,Telephone Field,recover-20220825,002,1795
1437.2795,1437.2905,22031,26309,Nyctalus leisleri,0.01,0.02,-1,Echolocation,/mnt/ubna_data_01_mir/recover-20220825/UBNA_002/20220823_033000.WAV,Telephone Field,recover-20220825,002,1795
1437.3245,1437.3331,23750,31648,Plecotus austriacus,0.006,0.021,-1,Echolocation,/mnt/ubna_data_01_mir/recover-20220825/UBNA_002/20220823_033000.WAV,Telephone Field,recover-20220825,002,1795
1437.3825,1437.4195,68437,81203,Rhinolophus ferrumequinum,0.02,0.02,-1,Echolocation,/mnt/ubna_data_01_mir/recover-20220825/UBNA_002/20220823_033000.WAV,Telephone Field,recover-20220825,002,1795
1437.3905,1437.4298,68437,81731,Rhinolophus ferrumequinum,0.02,0.02,-1,Echolocation,/mnt/ubna_data_01_mir/recover-20220825/UBNA_002/20220823_033000.WAV,Telephone Field,recover-20220825,002,1795
1437.4005,1437.4104,23750,29870,Nyctalus leisleri,0.007,0.02,-1,Echolocation,/mnt/ubna_data_01_mir/recover-20220825/UBNA_002/20220823_033000.WAV,Telephone Field,recover-20220825,002,1795
1437.4225,1437.431,28906,36913,Eptesicus serotinus,0.009,0.025,-1,Echolocation,/mnt/ubna_data_01_mir/recover-20220825/UBNA_002/20220823_033000.WAV,Telephone Field,recover-20220825,002,1795
1437.4395,1437.4827,68437,82650,Rhinolophus ferrumequinum,0.023,0.023,-1,Echolocation,/mnt/ubna_data_01_mir/recover-20220825/UBNA_002/20220823_033000.WAV,Telephone Field,recover-20220825,002,1795
1437.4855,1437.5234,68437,81910,Rhinolophus ferrumequinum,0.021,0.021,-1,Echolocation,/mnt/ubna_data_01_mir/recover-20220825/UBNA_002/20220823_033000.WAV,Telephone Field,recover-20220825,002,1795
1437.5175,1437.5279,22031,27238,Nyctalus leisleri,0.009,0.02,-1,Echolocation,/mnt/ubna_data_01_mir/recover-20220825/UBNA_002/20220823_033000.WAV,Telephone Field,recover-20220825,002,1795
1437.5185,1437.5272,28906,38083,Eptesicus serotinus,0.007,0.021,-1,Echolocation,/mnt/ubna_data_01_mir/recover-20220825/UBNA_002/20220823_033000.WAV,Telephone Field,recover-20220825,002,1795
1437.5195,1437.5606,68437,82976,Rhinolophus ferrumequinum,0.022,0.022,-1,Echolocation,/mnt/ubna_data_01_mir/recover-20220825/UBNA_002/20220823_033000.WAV,Telephone Field,recover-20220825,002,1795
1437.5615,1437.5993,68437,81306,Rhinolophus ferrumequinum,0.021,0.021,-1,Echolocation,/mnt/ubna_data_01_mir/recover-20220825/UBNA_002/20220823_033000.WAV,Telephone Field,recover-20220825,002,1795
1437.5675,1437.6051,68437,81189,Rhinolophus ferrumequinum,0.022,0.022,-1,Echolocation,/mnt/ubna_data_01_mir/recover-20220825/UBNA_002/20220823_033000.WAV,Telephone Field,recover-20220825,002,1795
1437.5685,1437.5854,20312,23904,Nyctalus leisleri,0.013,0.026,-1,Echolocation,/mnt/ubna_data_01_mir/recover-20220825/UBNA_002/20220823_033000.WAV,Telephone Field,recover-20220825,002,1795
1437.5785,1437.6203,68437,82728,Rhinolophus ferrumequinum,0.022,0.022,-1,Echolocation,/mnt/ubna_data_01_mir/recover-20220825/UBNA_002/20220823_033000.WAV,Telephone Field,recover-20220825,002,1795
1437.5835,1437.6252,68437,82500,Rhinolophus ferrumequinum,0.023,0.023,-1,Echolocation,/mnt/ubna_data_01_mir/recover-20220825/UBNA_002/20220823_033000.WAV,Telephone Field,recover-20220825,002,1795
1437.6085,1437.6469,68437,82550,Rhinolophus ferrumequinum,0.024,0.024,-1,Echolocation,/mnt/ubna_data_01_mir/recover-20220825/UBNA_002/20220823_033000.WAV,Telephone Field,recover-20220825,002,1795
1437.6465,1437.6852,68437,82404,Rhinolophus ferrumequinum,0.028,0.028,-1,Echolocation,/mnt/ubna_data_01_mir/recover-20220825/UBNA_002/20220823_033000.WAV,Telephone Field,recover-20220825,002,1795
1437.6725,1437.7138,68437,82300,Rhinolophus ferrumequinum,0.023,0.023,-1,Echolocation,/mnt/ubna_data_01_mir/recover-20220825/UBNA_002/20220823_033000.WAV,Telephone Field,recover-20220825,002,1795
1437.6845,1437.6936,28046,37347,Eptesicus serotinus,0.008,0.02,-1,Echolocation,/mnt/ubna_data_01_mir/recover-20220825/UBNA_002/20220823_033000.WAV,Telephone Field,recover-20220825,002,1795
1437.6945,1437.7027,26328,35047,Eptesicus serotinus,0.009,0.024,-1,Echolocation,/mnt/ubna_data_01_mir/recover-20220825/UBNA_002/20220823_033000.WAV,Telephone Field,recover-20220825,002,1795
1437.6985,1437.7415,68437,83033,Rhinolophus ferrumequinum,0.037,0.037,-1,Echolocation,/mnt/ubna_data_01_mir/recover-20220825/UBNA_002/20220823_033000.WAV,Telephone Field,recover-20220825,002,1795
1437.7145,1437.7515,68437,81576,Rhinolophus ferrumequinum,0.02,0.02,-1,Echolocation,/mnt/ubna_data_01_mir/recover-20220825/UBNA_002/20220823_033000.WAV,Telephone Field,recover-20220825,002,1795
1437.7645,1437.773,28046,39271,Eptesicus serotinus,0.008,0.022,-1,Echolocation,/mnt/ubna_data_01_mir/recover-20220825/UBNA_002/20220823_033000.WAV,Telephone Field,recover-20220825,002,1795
1437.7665,1437.809,68437,82853,Rhinolophus ferrumequinum,0.026,0.026,-1,Echolocation,/mnt/ubna_data_01_mir/recover-20220825/UBNA_002/20220823_033000.WAV,Telephone Field,recover-20220825,002,1795
1437.7725,1437.7808,49531,53294,Pipistrellus pipistrellus,0.017,0.02,-1,Echolocation,/mnt/ubna_data_01_mir/recover-20220825/UBNA_002/20220823_033000.WAV,Telephone Field,recover-20220825,002,1795
1437.8195,1437.8596,68437,82293,Rhinolophus ferrumequinum,0.023,0.023,-1,Echolocation,/mnt/ubna_data_01_mir/recover-20220825/UBNA_002/20220823_033000.WAV,Telephone Field,recover-20220825,002,1795
1437.8475,1437.885,68437,81474,Rhinolophus ferrumequinum,0.022,0.022,-1,Echolocation,/mnt/ubna_data_01_mir/recover-20220825/UBNA_002/20220823_033000.WAV,Telephone Field,recover-20220825,002,1795
1437.8785,1437.917,68437,81923,Rhinolophus ferrumequinum,0.02,0.02,-1,Echolocation,/mnt/ubna_data_01_mir/recover-20220825/UBNA_002/20220823_033000.WAV,Telephone Field,recover-20220825,002,1795
1437.8885,1437.8972,27187,38717,Eptesicus serotinus,0.008,0.022,-1,Echolocation,/mnt/ubna_data_01_mir/recover-20220825/UBNA_002/20220823_033000.WAV,Telephone Field,recover-20220825,002,1795
1437.9445,1437.9835,68437,82121,Rhinolophus ferrumequinum,0.022,0.022,-1,Echolocation,/mnt/ubna_data_01_mir/recover-20220825/UBNA_002/20220823_033000.WAV,Telephone Field,recover-20220825,002,1795
1437.9645,1437.9747,23750,29474,Nyctalus leisleri,0.008,0.02,-1,Echolocation,/mnt/ubna_data_01_mir/recover-20220825/UBNA_002/20220823_033000.WAV,Telephone Field,recover-20220825,002,1795
1437.9775,1437.9849,28046,40048,Eptesicus serotinus,0.006,0.02,-1,Echolocation,/mnt/ubna_data_01_mir/recover-20220825/UBNA_002/20220823_033000.WAV,Telephone Field,recover-20220825,002,1795
1438.0015,1438.013,24609,30702,Nyctalus leisleri,0.023,0.044,-1,Echolocation,/mnt/ubna_data_01_mir/recover-20220825/UBNA_002/20220823_033000.WAV,Telephone Field,recover-20220825,002,1795
1438.0015,1438.033,68437,79260,Rhinolophus ferrumequinum,0.036,0.036,-1,Echolocation,/mnt/ubna_data_01_mir/recover-20220825/UBNA_002/20220823_033000.WAV,Telephone Field,recover-20220825,002,1795
1438.0375,1438.0774,68437,82325,Rhinolophus ferrumequinum,0.024,0.024,-1,Echolocation,/mnt/ubna_data_01_mir/recover-20220825/UBNA_002/20220823_033000.WAV,Telephone Field,recover-20220825,002,1795
1438.0405,1438.0503,24609,31947,Nyctalus leisleri,0.008,0.026,-1,Echolocation,/mnt/ubna_data_01_mir/recover-20220825/UBNA_002/20220823_033000.WAV,Telephone Field,recover-20220825,002,1795
1438.0655,1438.1055,68437,82071,Rhinolophus ferrumequinum,0.022,0.022,-1,Echolocation,/mnt/ubna_data_01_mir/recover-20220825/UBNA_002/20220823_033000.WAV,Telephone Field,recover-20220825,002,1795
1438.0875,1438.1221,68437,81834,Rhinolophus ferrumequinum,0.023,0.023,-1,Echolocation,/mnt/ubna_data_01_mir/recover-20220825/UBNA_002/20220823_033000.WAV,Telephone Field,recover-20220825,002,1795
1438.1525,1438.176,17734,20710,Nyctalus noctula,0.048,0.079,-1,Echolocation,/mnt/ubna_data_01_mir/recover-20220825/UBNA_002/20220823_033000.WAV,Telephone Field,recover-20220825,002,1795
1438.1675,1438.1747,23750,37069,Plecotus austriacus,0.009,0.026,-1,Echolocation,/mnt/ubna_data_01_mir/recover-20220825/UBNA_002/20220823_033000.WAV,Telephone Field,recover-20220825,002,1795
1438.1815,1438.2195,68437,82563,Rhinolophus ferrumequinum,0.023,0.023,-1,Echolocation,/mnt/ubna_data_01_mir/recover-20220825/UBNA_002/20220823_033000.WAV,Telephone Field,recover-20220825,002,1795
1438.2025,1438.2122,15156,22007,Nyctalus noctula,0.037,0.073,-1,Echolocation,/mnt/ubna_data_01_mir/recover-20220825/UBNA_002/20220823_033000.WAV,Telephone Field,recover-20220825,002,1795
1438.2045,1438.2103,24609,35944,Plecotus austriacus,0.018,0.046,-1,Echolocation,/mnt/ubna_data_01_mir/recover-20220825/UBNA_002/20220823_033000.WAV,Telephone Field,recover-20220825,002,1795
1438.2045,1438.2451,68437,82998,Rhinolophus ferrumequinum,0.024,0.024,-1,Echolocation,/mnt/ubna_data_01_mir/recover-20220825/UBNA_002/20220823_033000.WAV,Telephone Field,recover-20220825,002,1795
1438.2305,1438.2397,24609,31705,Eptesicus serotinus,0.008,0.023,-1,Echolocation,/mnt/ubna_data_01_mir/recover-20220825/UBNA_002/20220823_033000.WAV,Telephone Field,recover-20220825,002,1795
1438.2535,1438.2607,45234,49348,Pipistrellus pipistrellus,0.027,0.028,-1,Echolocation,/mnt/ubna_data_01_mir/recover-20220825/UBNA_002/20220823_033000.WAV,Telephone Field,recover-20220825,002,1795
1438.2645,1438.2737,25468,33414,Eptesicus serotinus,0.008,0.023,-1,Echolocation,/mnt/ubna_data_01_mir/recover-20220825/UBNA_002/20220823_033000.WAV,Telephone Field,recover-20220825,002,1795
1438.2775,1438.3151,68437,82132,Rhinolophus ferrumequinum,0.022,0.022,-1,Echolocation,/mnt/ubna_data_01_mir/recover-20220825/UBNA_002/20220823_033000.WAV,Telephone Field,recover-20220825,002,1795
1438.3215,1438.332,28046,36485,Eptesicus serotinus,0.012,0.027,-1,Echolocation,/mnt/ubna_data_01_mir/recover-20220825/UBNA_002/20220823_033000.WAV,Telephone Field,recover-20220825,002,1795
1438.3375,1438.3493,25468,31889,Eptesicus serotinus,0.01,0.027,-1,Echolocation,/mnt/ubna_data_01_mir/recover-20220825/UBNA_002/20220823_033000.WAV,Telephone Field,recover-20220825,002,1795
1438.3635,1438.3724,23750,31267,Nyctalus leisleri,0.006,0.023,-1,Echolocation,/mnt/ubna_data_01_mir/recover-20220825/UBNA_002/20220823_033000.WAV,Telephone Field,recover-20220825,002,1795
1438.3715,1438.409,68437,81541,Rhinolophus ferrumequinum,0.022,0.022,-1,Echolocation,/mnt/ubna_data_01_mir/recover-20220825/UBNA_002/20220823_033000.WAV,Telephone Field,recover-20220825,002,1795
1438.4015,1438.4388,68437,81693,Rhinolophus ferrumequinum,0.023,0.023,-1,Echolocation,/mnt/ubna_data_01_mir/recover-20220825/UBNA_002/20220823_033000.WAV,Telephone Field,recover-20220825,002,1795
1438.4095,1438.4166,27187,40640,Eptesicus serotinus,0.006,0.022,-1,Echolocation,/mnt/ubna_data_01_mir/recover-20220825/UBNA_002/20220823_033000.WAV,Telephone Field,recover-20220825,002,1795
1438.4525,1438.4894,68437,82259,Rhinolophus ferrumequinum,0.023,0.023,-1,Echolocation,/mnt/ubna_data_01_mir/recover-20220825/UBNA_002/20220823_033000.WAV,Telephone Field,recover-20220825,002,1795
1438.4615,1438.4683,27187,39289,Eptesicus serotinus,0.008,0.028,-1,Echolocation,/mnt/ubna_data_01_mir/recover-20220825/UBNA_002/20220823_033000.WAV,Telephone Field,recover-20220825,002,1795
1438.4945,1438.5311,68437,82166,Rhinolophus ferrumequinum,0.023,0.023,-1,Echolocation,/mnt/ubna_data_01_mir/recover-20220825/UBNA_002/20220823_033000.WAV,Telephone Field,recover-20220825,002,1795
1438.5045,1438.545,68437,82565,Rhinolophus ferrumequinum,0.024,0.024,-1,Echolocation,/mnt/ubna_data_01_mir/recover-20220825/UBNA_002/20220823_033000.WAV,Telephone Field,recover-20220825,002,1795
1438.5185,1438.5566,68437,82763,Rhinolophus ferrumequinum,0.022,0.022,-1,Echolocation,/mnt/ubna_data_01_mir/recover-20220825/UBNA_002/20220823_033000.WAV,Telephone Field,recover-20220825,002,1795
1438.5565,1438.5974,68437,82573,Rhinolophus ferrumequinum,0.034,0.034,-1,Echolocation,/mnt/ubna_data_01_mir/recover-20220825/UBNA_002/20220823_033000.WAV,Telephone Field,recover-20220825,002,1795
1438.5935,1438.6343,68437,82589,Rhinolophus ferrumequinum,0.023,0.023,-1,Echolocation,/mnt/ubna_data_01_mir/recover-20220825/UBNA_002/20220823_033000.WAV,Telephone Field,recover-20220825,002,1795
1438.6605,1438.6707,28906,36127,Eptesicus serotinus,0.009,0.023,-1,Echolocation,/mnt/ubna_data_01_mir/recover-20220825/UBNA_002/20220823_033000.WAV,Telephone Field,recover-20220825,002,1795
1438.6605,1438.6966,68437,81534,Rhinolophus ferrumequinum,0.023,0.023,-1,Echolocation,/mnt/ubna_data_01_mir/recover-20220825/UBNA_002/20220823_033000.WAV,Telephone Field,recover-20220825,002,1795
1438.6745,1438.7152,68437,82975,Rhinolophus ferrumequinum,0.026,0.026,-1,Echolocation,/mnt/ubna_data_01_mir/recover-20220825/UBNA_002/20220823_033000.WAV,Telephone Field,recover-20220825,002,1795
1438.6755,1438.6864,22890,28559,Nyctalus leisleri,0.012,0.026,-1,Echolocation,/mnt/ubna_data_01_mir/recover-20220825/UBNA_002/20220823_033000.WAV,Telephone Field,recover-20220825,002,1795
1438.6915,1438.7044,22890,27156,Nyctalus leisleri,0.014,0.024,-1,Echolocation,/mnt/ubna_data_01_mir/recover-20220825/UBNA_002/20220823_033000.WAV,Telephone Field,recover-20220825,002,1795
1438.7165,1438.7247,42656,45912,Pipistrellus pipistrellus,0.022,0.024,-1,Echolocation,/mnt/ubna_data_01_mir/recover-20220825/UBNA_002/20220823_033000.WAV,Telephone Field,recover-20220825,002,1795
1438.7275,1438.7699,68437,83272,Rhinolophus ferrumequinum,0.03,0.03,-1,Echolocation,/mnt/ubna_data_01_mir/recover-20220825/UBNA_002/20220823_033000.WAV,Telephone Field,recover-20220825,002,1795
1438.7415,1438.7532,41796,45892,Pipistrellus pipistrellus,0.019,0.034,-1,Echolocation,/mnt/ubna_data_01_mir/recover-20220825/UBNA_002/20220823_033000.WAV,Telephone Field,recover-20220825,002,1795
1438.7555,1438.7632,28906,38643,Eptesicus serotinus,0.007,0.024,-1,Echolocation,/mnt/ubna_data_01_mir/recover-20220825/UBNA_002/20220823_033000.WAV,Telephone Field,recover-20220825,002,1795
1438.7605,1438.8018,68437,82945,Rhinolophus ferrumequinum,0.033,0.033,-1,Echolocation,/mnt/ubna_data_01_mir/recover-20220825/UBNA_002/20220823_033000.WAV,Telephone Field,recover-20220825,002,1795
1438.7865,1438.7933,27187,42391,Eptesicus serotinus,0.01,0.034,-1,Echolocation,/mnt/ubna_data_01_mir/recover-20220825/UBNA_002/20220823_033000.WAV,Telephone Field,recover-20220825,002,1795
1438.8635,1438.898,68437,81535,Rhinolophus ferrumequinum,0.028,0.028,-1,Echolocation,/mnt/ubna_data_01_mir/recover-20220825/UBNA_002/20220823_033000.WAV,Telephone Field,recover-20220825,002,1795
1438.8865,1438.9254,68437,81957,Rhinolophus ferrumequinum,0.026,0.026,-1,Echolocation,/mnt/ubna_data_01_mir/recover-20220825/UBNA_002/20220823_033000.WAV,Telephone Field,recover-20220825,002,1795
1438.9185,1438.9305,24609,30988,Nyctalus leisleri,0.01,0.025,-1,Echolocation,/mnt/ubna_data_01_mir/recover-20220825/UBNA_002/20220823_033000.WAV,Telephone Field,recover-20220825,002,1795
1438.9295,1438.941,22890,28973,Nyctalus leisleri,0.011,0.023,-1,Echolocation,/mnt/ubna_data_01_mir/recover-20220825/UBNA_002/20220823_033000.WAV,Telephone Field,recover-20220825,002,1795
1438.9755,1439.0145,68437,82269,Rhinolophus ferrumequinum,0.031,0.031,-1,Echolocation,/mnt/ubna_data_01_mir/recover-20220825/UBNA_002/20220823_033000.WAV,Telephone Field,recover-20220825,002,1795
1438.9795,1438.9868,27187,38884,Eptesicus serotinus,0.007,0.023,-1,Echolocation,/mnt/ubna_data_01_mir/recover-20220825/UBNA_002/20220823_033000.WAV,Telephone Field,recover-20220825,002,1795
1438.9995,1439.0382,68437,82836,Rhinolophus ferrumequinum,0.027,0.027,-1,Echolocation,/mnt/ubna_data_01_mir/recover-20220825/UBNA_002/20220823_033000.WAV,Telephone Field,recover-20220825,002,1795
1439.0345,1439.0708,68437,80870,Rhinolophus ferrumequinum,0.025,0.026,-1,Echolocation,/mnt/ubna_data_01_mir/recover-20220825/UBNA_002/20220823_033000.WAV,Telephone Field,recover-20220825,002,1795
1439.0825,1439.092,27187,36278,Eptesicus serotinus,0.024,0.053,-1,Echolocation,/mnt/ubna_data_01_mir/recover-20220825/UBNA_002/20220823_033000.WAV,Telephone Field,recover-20220825,002,1795
1439.0825,1439.1241,68437,82968,Rhinolophus ferrumequinum,0.037,0.037,-1,Echolocation,/mnt/ubna_data_01_mir/recover-20220825/UBNA_002/20220823_033000.WAV,Telephone Field,recover-20220825,002,1795
1439.1105,1439.15,68437,83011,Rhinolophus ferrumequinum,0.029,0.029,-1,Echolocation,/mnt/ubna_data_01_mir/recover-20220825/UBNA_002/20220823_033000.WAV,Telephone Field,recover-20220825,002,1795
1439.1555,1439.1851,68437,80734,Rhinolophus ferrumequinum,0.023,0.023,-1,Echolocation,/mnt/ubna_data_01_mir/recover-20220825/UBNA_002/20220823_033000.WAV,Telephone Field,recover-20220825,002,1795
1439.2075,1439.2476,68437,82481,Rhinolophus ferrumequinum,0.022,0.022,-1,Echolocation,/mnt/ubna_data_01_mir/recover-20220825/UBNA_002/20220823_033000.WAV,Telephone Field,recover-20220825,002,1795
1439.2255,1439.2362,23750,29744,Nyctalus leisleri,0.012,0.028,-1,Echolocation,/mnt/ubna_data_01_mir/recover-20220825/UBNA_002/20220823_033000.WAV,Telephone Field,recover-20220825,002,1795
1439.2345,1439.2446,41796,49347,Pipistrellus nathusii,0.015,0.032,-1,Echolocation,/mnt/ubna_data_01_mir/recover-20220825/UBNA_002/20220823_033000.WAV,Telephone Field,recover-20220825,002,1795
1439.2495,1439.2861,68437,81863,Rhinolophus ferrumequinum,0.022,0.022,-1,Echolocation,/mnt/ubna_data_01_mir/recover-20220825/UBNA_002/20220823_033000.WAV,Telephone Field,recover-20220825,002,1795
1439.2565,1439.2948,68437,81849,Rhinolophus ferrumequinum,0.023,0.023,-1,Echolocation,/mnt/ubna_data_01_mir/recover-20220825/UBNA_002/20220823_033000.WAV,Telephone Field,recover-20220825,002,1795
1439.2855,1439.323,68437,82012,Rhinolophus ferrumequinum,0.023,0.023,-1,Echolocation,/mnt/ubna_data_01_mir/recover-20220825/UBNA_002/20220823_033000.WAV,Telephone Field,recover-20220825,002,1795
1439.2975,1439.3381,68437,82248,Rhinolophus ferrumequinum,0.037,0.037,-1,Echolocation,/mnt/ubna_data_01_mir/recover-20220825/UBNA_002/20220823_033000.WAV,Telephone Field,recover-20220825,002,1795
1439.3505,1439.3884,68437,82145,Rhinolophus ferrumequinum,0.025,0.026,-1,Echolocation,/mnt/ubna_data_01_mir/recover-20220825/UBNA_002/20220823_033000.WAV,Telephone Field,recover-20220825,002,1795
1439.3795,1439.417,68437,81645,Rhinolophus ferrumequinum,0.025,0.025,-1,Echolocation,/mnt/ubna_data_01_mir/recover-20220825/UBNA_002/20220823_033000.WAV,Telephone Field,recover-20220825,002,1795
1439.4035,1439.4411,68437,82190,Rhinolophus ferrumequinum,0.022,0.022,-1,Echolocation,/mnt/ubna_data_01_mir/recover-20220825/UBNA_002/20220823_033000.WAV,Telephone Field,recover-20220825,002,1795
1439.4135,1439.4519,68437,82184,Rhinolophus ferrumequinum,0.025,0.025,-1,Echolocation,/mnt/ubna_data_01_mir/recover-20220825/UBNA_002/20220823_033000.WAV,Telephone Field,recover-20220825,002,1795
1439.4295,1439.4367,43515,53521,Myotis daubentonii,0.005,0.027,-1,Echolocation,/mnt/ubna_data_01_mir/recover-20220825/UBNA_002/20220823_033000.WAV,Telephone Field,recover-20220825,002,1795
1439.4335,1439.4415,27187,38610,Eptesicus serotinus,0.008,0.024,-1,Echolocation,/mnt/ubna_data_01_mir/recover-20220825/UBNA_002/20220823_033000.WAV,Telephone Field,recover-20220825,002,1795
1439.4565,1439.4948,68437,81262,Rhinolophus ferrumequinum,0.023,0.023,-1,Echolocation,/mnt/ubna_data_01_mir/recover-20220825/UBNA_002/20220823_033000.WAV,Telephone Field,recover-20220825,002,1795
1439.4655,1439.4759,28906,38456,Eptesicus serotinus,0.015,0.034,-1,Echolocation,/mnt/ubna_data_01_mir/recover-20220825/UBNA_002/20220823_033000.WAV,Telephone Field,recover-20220825,002,1795
1439.4705,1439.5122,68437,83287,Rhinolophus ferrumequinum,0.041,0.041,-1,Echolocation,/mnt/ubna_data_01_mir/recover-20220825/UBNA_002/20220823_033000.WAV,Telephone Field,recover-20220825,002,1795
1439.4925,1439.5305,68437,82408,Rhinolophus ferrumequinum,0.023,0.023,-1,Echolocation,/mnt/ubna_data_01_mir/recover-20220825/UBNA_002/20220823_033000.WAV,Telephone Field,recover-20220825,002,1795
1439.5015,1439.509,50390,54396,Pipistrellus pipistrellus,0.021,0.022,-1,Echolocation,/mnt/ubna_data_01_mir/recover-20220825/UBNA_002/20220823_033000.WAV,Telephone Field,recover-20220825,002,1795
1439.5395,1439.5482,28906,38988,Eptesicus serotinus,0.021,0.043,-1,Echolocation,/mnt/ubna_data_01_mir/recover-20220825/UBNA_002/20220823_033000.WAV,Telephone Field,recover-20220825,002,1795
1439.5585,1439.5672,28906,38861,Eptesicus serotinus,0.009,0.025,-1,Echolocation,/mnt/ubna_data_01_mir/recover-20220825/UBNA_002/20220823_033000.WAV,Telephone Field,recover-20220825,002,1795
1439.5705,1439.5779,28046,38191,Eptesicus serotinus,0.007,0.023,-1,Echolocation,/mnt/ubna_data_01_mir/recover-20220825/UBNA_002/20220823_033000.WAV,Telephone Field,recover-20220825,002,1795
1439.5895,1439.5976,27187,40242,Eptesicus serotinus,0.008,0.023,-1,Echolocation,/mnt/ubna_data_01_mir/recover-20220825/UBNA_002/20220823_033000.WAV,Telephone Field,recover-20220825,002,1795
1439.6255,1439.6632,68437,81831,Rhinolophus ferrumequinum,0.023,0.023,-1,Echolocation,/mnt/ubna_data_01_mir/recover-20220825/UBNA_002/20220823_033000.WAV,Telephone Field,recover-20220825,002,1795
1439.6305,1439.6384,28906,40766,Myotis daubentonii,0.006,0.024,-1,Echolocation,/mnt/ubna_data_01_mir/recover-20220825/UBNA_002/20220823_033000.WAV,Telephone Field,recover-20220825,002,1795
1439.7185,1439.7568,68437,82548,Rhinolophus ferrumequinum,0.026,0.026,-1,Echolocation,/mnt/ubna_data_01_mir/recover-20220825/UBNA_002/20220823_033000.WAV,Telephone Field,recover-20220825,002,1795
1439.7555,1439.7638,28906,35675,Eptesicus serotinus,0.063,0.114,-1,Echolocation,/mnt/ubna_data_01_mir/recover-20220825/UBNA_002/20220823_033000.WAV,Telephone Field,recover-20220825,002,1795
1439.7585,1439.793,68437,81141,Rhinolophus ferrumequinum,0.023,0.023,-1,Echolocation,/mnt/ubna_data_01_mir/recover-20220825/UBNA_002/20220823_033000.WAV,Telephone Field,recover-20220825,002,1795
1439.7715,1439.8123,68437,82715,Rhinolophus ferrumequinum,0.029,0.029,-1,Echolocation,/mnt/ubna_data_01_mir/recover-20220825/UBNA_002/20220823_033000.WAV,Telephone Field,recover-20220825,002,1795
1439.7945,1439.8068,36640,42819,Pipistrellus nathusii,0.007,0.025,-1,Echolocation,/mnt/ubna_data_01_mir/recover-20220825/UBNA_002/20220823_033000.WAV,Telephone Field,recover-20220825,002,1795
1439.7985,1439.8432,68437,83737,Rhinolophus ferrumequinum,0.045,0.045,-1,Echolocation,/mnt/ubna_data_01_mir/recover-20220825/UBNA_002/20220823_033000.WAV,Telephone Field,recover-20220825,002,1795
1439.8355,1439.8444,50390,56002,Pipistrellus pipistrellus,0.031,0.035,-1,Echolocation,/mnt/ubna_data_01_mir/recover-20220825/UBNA_002/20220823_033000.WAV,Telephone Field,recover-20220825,002,1795
1439.8505,1439.861,26328,34146,Eptesicus serotinus,0.01,0.022,-1,Echolocation,/mnt/ubna_data_01_mir/recover-20220825/UBNA_002/20220823_033000.WAV,Telephone Field,recover-20220825,002,1795
1439.8645,1439.9041,68437,82442,Rhinolophus ferrumequinum,0.028,0.028,-1,Echolocation,/mnt/ubna_data_01_mir/recover-20220825/UBNA_002/20220823_033000.WAV,Telephone Field,recover-20220825,002,1795
1439.9195,1439.9623,68437,83081,Rhinolophus ferrumequinum,0.03,0.03,-1,Echolocation,/mnt/ubna_data_01_mir/recover-20220825/UBNA_002/20220823_033000.WAV,Telephone Field,recover-20220825,002,1795
1439.9405,1439.9852,68437,83762,Rhinolophus ferrumequinum,0.051,0.051,-1,Echolocation,/mnt/ubna_data_01_mir/recover-20220825/UBNA_002/20220823_033000.WAV,Telephone Field,recover-20220825,002,1795
1439.9425,1439.9506,26328,35780,Eptesicus serotinus,0.009,0.024,-1,Echolocation,/mnt/ubna_data_01_mir/recover-20220825/UBNA_002/20220823_033000.WAV,Telephone Field,recover-20220825,002,1795
1440.0015,1440.0321,69296,81015,Rhinolophus ferrumequinum,0.027,0.027,-1,Echolocation,/mnt/ubna_data_01_mir/recover-20220825/UBNA_002/20220823_033000.WAV,Telephone Field,recover-20220825,002,1795
1440.0015,1440.01,26328,36092,Nyctalus leisleri,0.007,0.026,-1,Echolocation,/mnt/ubna_data_01_mir/recover-20220825/UBNA_002/20220823_033000.WAV,Telephone Field,recover-20220825,002,1795
1440.0015,1440.0112,22031,27715,Nyctalus leisleri,0.012,0.027,-1,Echolocation,/mnt/ubna_data_01_mir/recover-20220825/UBNA_002/20220823_033000.WAV,Telephone Field,recover-20220825,002,1795
1440.0165,1440.0247,28046,38623,Eptesicus serotinus,0.007,0.021,-1,Echolocation,/mnt/ubna_data_01_mir/recover-20220825/UBNA_002/20220823_033000.WAV,Telephone Field,recover-20220825,002,1795
1440.0355,1440.0725,68437,82361,Rhinolophus ferrumequinum,0.026,0.026,-1,Echolocation,/mnt/ubna_data_01_mir/recover-20220825/UBNA_002/20220823_033000.WAV,Telephone Field,recover-20220825,002,1795
1440.0985,1440.1077,25468,32234,Nyctalus leisleri,0.007,0.021,-1,Echolocation,/mnt/ubna_data_01_mir/recover-20220825/UBNA_002/20220823_033000.WAV,Telephone Field,recover-20220825,002,1795
1440.2205,1440.2333,22890,27737,Nyctalus leisleri,0.012,0.024,-1,Echolocation,/mnt/ubna_data_01_mir/recover-20220825/UBNA_002/20220823_033000.WAV,Telephone Field,recover-20220825,002,1795
1440.2335,1440.241,23750,32431,Plecotus austriacus,0.016,0.03,-1,Echolocation,/mnt/ubna_data_01_mir/recover-20220825/UBNA_002/20220823_033000.WAV,Telephone Field,recover-20220825,002,1795
1440.2685,1440.2767,28906,37267,Eptesicus serotinus,0.007,0.023,-1,Echolocation,/mnt/ubna_data_01_mir/recover-20220825/UBNA_002/20220823_033000.WAV,Telephone Field,recover-20220825,002,1795
1440.3095,1440.3494,68437,81772,Rhinolophus ferrumequinum,0.022,0.022,-1,Echolocation,/mnt/ubna_data_01_mir/recover-20220825/UBNA_002/20220823_033000.WAV,Telephone Field,recover-20220825,002,1795
1440.3385,1440.3797,68437,82872,Rhinolophus ferrumequinum,0.027,0.027,-1,Echolocation,/mnt/ubna_data_01_mir/recover-20220825/UBNA_002/20220823_033000.WAV,Telephone Field,recover-20220825,002,1795
1440.3535,1440.3608,47812,52465,Pipistrellus pipistrellus,0.02,0.022,-1,Echolocation,/mnt/ubna_data_01_mir/recover-20220825/UBNA_002/20220823_033000.WAV,Telephone Field,recover-20220825,002,1795
1440.4045,1440.4448,68437,82146,Rhinolophus ferrumequinum,0.021,0.021,-1,Echolocation,/mnt/ubna_data_01_mir/recover-20220825/UBNA_002/20220823_033000.WAV,Telephone Field,recover-20220825,002,1795
1440.4345,1440.4421,23750,32055,Plecotus austriacus,0.009,0.022,-1,Echolocation,/mnt/ubna_data_01_mir/recover-20220825/UBNA_002/20220823_033000.WAV,Telephone Field,recover-20220825,002,1795
1440.4875,1440.4934,33203,42632,Myotis daubentonii,0.021,0.046,-1,Echolocation,/mnt/ubna_data_01_mir/recover-20220825/UBNA_002/20220823_033000.WAV,Telephone Field,recover-20220825,002,1795
1440.4895,1440.5265,68437,82063,Rhinolophus ferrumequinum,0.024,0.024,-1,Echolocation,/mnt/ubna_data_01_mir/recover-20220825/UBNA_002/20220823_033000.WAV,Telephone Field,recover-20220825,002,1795
1440.5155,1440.522,28046,41841,Myotis daubentonii,0.008,0.029,-1,Echolocation,/mnt/ubna_data_01_mir/recover-20220825/UBNA_002/20220823_033000.WAV,Telephone Field,recover-20220825,002,1795
1440.5225,1440.5577,68437,81789,Rhinolophus ferrumequinum,0.021,0.021,-1,Echolocation,/mnt/ubna_data_01_mir/recover-20220825/UBNA_002/20220823_033000.WAV,Telephone Field,recover-20220825,002,1795
1440.5505,1440.5604,22890,28581,Nyctalus leisleri,0.009,0.022,-1,Echolocation,/mnt/ubna_data_01_mir/recover-20220825/UBNA_002/20220823_033000.WAV,Telephone Field,recover-20220825,002,1795
1440.5765,1440.5861,57265,62130,Pipistrellus pygmaeus,0.022,0.022,-1,Echolocation,/mnt/ubna_data_01_mir/recover-20220825/UBNA_002/20220823_033000.WAV,Telephone Field,recover-20220825,002,1795
1440.5995,1440.6372,68437,81961,Rhinolophus ferrumequinum,0.021,0.021,-1,Echolocation,/mnt/ubna_data_01_mir/recover-20220825/UBNA_002/20220823_033000.WAV,Telephone Field,recover-20220825,002,1795
1440.6375,1440.6498,22890,27792,Nyctalus leisleri,0.013,0.025,-1,Echolocation,/mnt/ubna_data_01_mir/recover-20220825/UBNA_002/20220823_033000.WAV,Telephone Field,recover-20220825,002,1795
1440.6625,1440.6736,23750,28872,Nyctalus leisleri,0.011,0.024,-1,Echolocation,/mnt/ubna_data_01_mir/recover-20220825/UBNA_002/20220823_033000.WAV,Telephone Field,recover-20220825,002,1795
1440.6685,1440.7091,68437,82198,Rhinolophus ferrumequinum,0.023,0.023,-1,Echolocation,/mnt/ubna_data_01_mir/recover-20220825/UBNA_002/20220823_033000.WAV,Telephone Field,recover-20220825,002,1795
1440.6925,1440.7126,20312,23356,Nyctalus leisleri,0.021,0.038,-1,Echolocation,/mnt/ubna_data_01_mir/recover-20220825/UBNA_002/20220823_033000.WAV,Telephone Field,recover-20220825,002,1795
1440.7085,1440.7466,68437,82278,Rhinolophus ferrumequinum,0.024,0.024,-1,Echolocation,/mnt/ubna_data_01_mir/recover-20220825/UBNA_002/20220823_033000.WAV,Telephone Field,recover-20220825,002,1795
1440.7165,1440.7555,68437,82120,Rhinolophus ferrumequinum,0.023,0.023,-1,Echolocation,/mnt/ubna_data_01_mir/recover-20220825/UBNA_002/20220823_033000.WAV,Telephone Field,recover-20220825,002,1795
1440.7265,1440.7654,68437,81986,Rhinolophus ferrumequinum,0.023,0.023,-1,Echolocation,/mnt/ubna_data_01_mir/recover-20220825/UBNA_002/20220823_033000.WAV,Telephone Field,recover-20220825,002,1795
1440.7645,1440.8015,68437,81414,Rhinolophus ferrumequinum,0.022,0.022,-1,Echolocation,/mnt/ubna_data_01_mir/recover-20220825/UBNA_002/20220823_033000.WAV,Telephone Field,recover-20220825,002,1795
1440.7885,1440.8305,68437,82300,Rhinolophus ferrumequinum,0.023,0.023,-1,Echolocation,/mnt/ubna_data_01_mir/recover-20220825/UBNA_002/20220823_033000.WAV,Telephone Field,recover-20220825,002,1795
1440.8135,1440.8549,68437,82768,Rhinolophus ferrumequinum,0.027,0.027,-1,Echolocation,/mnt/ubna_data_01_mir/recover-20220825/UBNA_002/20220823_033000.WAV,Telephone Field,recover-20220825,002,1795
1440.8615,1440.8733,44375,48425,Pipistrellus pipistrellus,0.018,0.021,-1,Echolocation,/mnt/ubna_data_01_mir/recover-20220825/UBNA_002/20220823_033000.WAV,Telephone Field,recover-20220825,002,1795
1440.9095,1440.95,68437,82424,Rhinolophus ferrumequinum,0.023,0.023,-1,Echolocation,/mnt/ubna_data_01_mir/recover-20220825/UBNA_002/20220823_033000.WAV,Telephone Field,recover-20220825,002,1795
1440.9215,1440.9555,68437,80590,Rhinolophus ferrumequinum,0.021,0.022,-1,Echolocation,/mnt/ubna_data_01_mir/recover-20220825/UBNA_002/20220823_033000.WAV,Telephone Field,recover-20220825,002,1795
1440.9585,1440.9665,51250,58469,Pipistrellus pipistrellus,0.019,0.024,-1,Echolocation,/mnt/ubna_data_01_mir/recover-20220825/UBNA_002/20220823_033000.WAV,Telephone Field,recover-20220825,002,1795
1440.9805,1441.0194,68437,82026,Rhinolophus ferrumequinum,0.029,0.029,-1,Echolocation,/mnt/ubna_data_01_mir/recover-20220825/UBNA_002/20220823_033000.WAV,Telephone Field,recover-20220825,002,1795
1441.0125,1441.0519,68437,82123,Rhinolophus ferrumequinum,0.021,0.021,-1,Echolocation,/mnt/ubna_data_01_mir/recover-20220825/UBNA_002/20220823_033000.WAV,Telephone Field,recover-20220825,002,1795
1441.0125,1441.0241,22031,26938,Nyctalus leisleri,0.011,0.023,-1,Echolocation,/mnt/ubna_data_01_mir/recover-20220825/UBNA_002/20220823_033000.WAV,Telephone Field,recover-20220825,002,1795
1441.0235,1441.062,68437,82034,Rhinolophus ferrumequinum,0.021,0.021,-1,Echolocation,/mnt/ubna_data_01_mir/recover-20220825/UBNA_002/20220823_033000.WAV,Telephone Field,recover-20220825,002,1795
1441.0255,1441.0356,22031,27117,Nyctalus leisleri,0.01,0.021,-1,Echolocation,/mnt/ubna_data_01_mir/recover-20220825/UBNA_002/20220823_033000.WAV,Telephone Field,recover-20220825,002,1795
1441.1015,1441.118,16015,21072,Nyctalus noctula,0.02,0.028,-1,Echolocation,/mnt/ubna_data_01_mir/recover-20220825/UBNA_002/20220823_033000.WAV,Telephone Field,recover-20220825,002,1795
1441.1075,1441.1484,68437,82887,Rhinolophus ferrumequinum,0.021,0.021,-1,Echolocation,/mnt/ubna_data_01_mir/recover-20220825/UBNA_002/20220823_033000.WAV,Telephone Field,recover-20220825,002,1795
1441.1575,1441.1937,68437,81417,Rhinolophus ferrumequinum,0.026,0.026,-1,Echolocation,/mnt/ubna_data_01_mir/recover-20220825/UBNA_002/20220823_033000.WAV,Telephone Field,recover-20220825,002,1795
1441.1805,1441.2205,68437,82248,Rhinolophus ferrumequinum,0.023,0.023,-1,Echolocation,/mnt/ubna_data_01_mir/recover-20220825/UBNA_002/20220823_033000.WAV,Telephone Field,recover-20220825,002,1795
1441.2605,1441.2701,22890,28962,Nyctalus leisleri,0.009,0.023,-1,Echolocation,/mnt/ubna_data_01_mir/recover-20220825/UBNA_002/20220823_033000.WAV,Telephone Field,recover-20220825,002,1795
1441.2905,1441.3315,68437,82626,Rhinolophus ferrumequinum,0.026,0.026,-1,Echolocation,/mnt/ubna_data_01_mir/recover-20220825/UBNA_002/20220823_033000.WAV,Telephone Field,recover-20220825,002,1795
1441.3065,1441.3178,43515,48732,Pipistrellus pipistrellus,0.02,0.031,-1,Echolocation,/mnt/ubna_data_01_mir/recover-20220825/UBNA_002/20220823_033000.WAV,Telephone Field,recover-20220825,002,1795
1441.3305,1441.3385,28046,39590,Eptesicus serotinus,0.007,0.022,-1,Echolocation,/mnt/ubna_data_01_mir/recover-20220825/UBNA_002/20220823_033000.WAV,Telephone Field,recover-20220825,002,1795
1441.3545,1441.367,22890,28133,Nyctalus leisleri,0.016,0.032,-1,Echolocation,/mnt/ubna_data_01_mir/recover-20220825/UBNA_002/20220823_033000.WAV,Telephone Field,recover-20220825,002,1795
1441.4185,1441.455,68437,81751,Rhinolophus ferrumequinum,0.021,0.021,-1,Echolocation,/mnt/ubna_data_01_mir/recover-20220825/UBNA_002/20220823_033000.WAV,Telephone Field,recover-20220825,002,1795
1441.4365,1441.4453,26328,38475,Eptesicus serotinus,0.008,0.022,-1,Echolocation,/mnt/ubna_data_01_mir/recover-20220825/UBNA_002/20220823_033000.WAV,Telephone Field,recover-20220825,002,1795
1441.4555,1441.4955,68437,82526,Rhinolophus ferrumequinum,0.023,0.023,-1,Echolocation,/mnt/ubna_data_01_mir/recover-20220825/UBNA_002/20220823_033000.WAV,Telephone Field,recover-20220825,002,1795
1441.4665,1441.4744,27187,37505,Eptesicus serotinus,0.007,0.021,-1,Echolocation,/mnt/ubna_data_01_mir/recover-20220825/UBNA_002/20220823_033000.WAV,Telephone Field,recover-20220825,002,1795
1441.4765,1441.5166,68437,81968,Rhinolophus ferrumequinum,0.021,0.021,-1,Echolocation,/mnt/ubna_data_01_mir/recover-20220825/UBNA_002/20220823_033000.WAV,Telephone Field,recover-20220825,002,1795
1441.5015,1441.5445,68437,83040,Rhinolophus ferrumequinum,0.048,0.048,-1,Echolocation,/mnt/ubna_data_01_mir/recover-20220825/UBNA_002/20220823_033000.WAV,Telephone Field,recover-20220825,002,1795
1441.5205,1441.5275,28046,38982,Eptesicus serotinus,0.006,0.021,-1,Echolocation,/mnt/ubna_data_01_mir/recover-20220825/UBNA_002/20220823_033000.WAV,Telephone Field,recover-20220825,002,1795
1441.5285,1441.5679,68437,82645,Rhinolophus ferrumequinum,0.025,0.025,-1,Echolocation,/mnt/ubna_data_01_mir/recover-20220825/UBNA_002/20220823_033000.WAV,Telephone Field,recover-20220825,002,1795
1441.5465,1441.5626,21171,24517,Nyctalus leisleri,0.014,0.023,-1,Echolocation,/mnt/ubna_data_01_mir/recover-20220825/UBNA_002/20220823_033000.WAV,Telephone Field,recover-20220825,002,1795
1441.6335,1441.6695,68437,81264,Rhinolophus ferrumequinum,0.022,0.022,-1,Echolocation,/mnt/ubna_data_01_mir/recover-20220825/UBNA_002/20220823_033000.WAV,Telephone Field,recover-20220825,002,1795
1441.6365,1441.6506,14296,19505,Nyctalus noctula,0.02,0.03,-1,Echolocation,/mnt/ubna_data_01_mir/recover-20220825/UBNA_002/20220823_033000.WAV,Telephone Field,recover-20220825,002,1795
1441.6455,1441.6814,68437,81233,Rhinolophus ferrumequinum,0.022,0.022,-1,Echolocation,/mnt/ubna_data_01_mir/recover-20220825/UBNA_002/20220823_033000.WAV,Telephone Field,recover-20220825,002,1795
1441.6525,1441.6623,27187,35733,Eptesicus serotinus,0.009,0.022,-1,Echolocation,/mnt/ubna_data_01_mir/recover-20220825/UBNA_002/20220823_033000.WAV,Telephone Field,recover-20220825,002,1795
1441.6575,1441.6673,26328,34448,Eptesicus serotinus,0.009,0.023,-1,Echolocation,/mnt/ubna_data_01_mir/recover-20220825/UBNA_002/20220823_033000.WAV,Telephone Field,recover-20220825,002,1795
1441.6715,1441.7136,68437,82980,Rhinolophus ferrumequinum,0.022,0.022,-1,Echolocation,/mnt/ubna_data_01_mir/recover-20220825/UBNA_002/20220823_033000.WAV,Telephone Field,recover-20220825,002,1795
1441.7315,1441.7691,68437,81402,Rhinolophus ferrumequinum,0.021,0.021,-1,Echolocation,/mnt/ubna_data_01_mir/recover-20220825/UBNA_002/20220823_033000.WAV,Telephone Field,recover-20220825,002,1795
1441.7645,1441.8032,68437,82618,Rhinolophus ferrumequinum,0.021,0.021,-1,Echolocation,/mnt/ubna_data_01_mir/recover-20220825/UBNA_002/20220823_033000.WAV,Telephone Field,recover-20220825,002,1795
1441.7655,1441.7727,27187,40561,Eptesicus serotinus,0.007,0.026,-1,Echolocation,/mnt/ubna_data_01_mir/recover-20220825/UBNA_002/20220823_033000.WAV,Telephone Field,recover-20220825,002,1795
1441.7835,1441.7917,22890,30609,Plecotus austriacus,0.012,0.026,-1,Echolocation,/mnt/ubna_data_01_mir/recover-20220825/UBNA_002/20220823_033000.WAV,Telephone Field,recover-20220825,002,1795
1441.8155,1441.8538,68437,82209,Rhinolophus ferrumequinum,0.027,0.027,-1,Echolocation,/mnt/ubna_data_01_mir/recover-20220825/UBNA_002/20220823_033000.WAV,Telephone Field,recover-20220825,002,1795
1441.8505,1441.8922,68437,82675,Rhinolophus ferrumequinum,0.04,0.04,-1,Echolocation,/mnt/ubna_data_01_mir/recover-20220825/UBNA_002/20220823_033000.WAV,Telephone Field,recover-20220825,002,1795
1441.8885,1441.9005,45234,49512,Pipistrellus pipistrellus,0.023,0.027,-1,Echolocation,/mnt/ubna_data_01_mir/recover-20220825/UBNA_002/20220823_033000.WAV,Telephone Field,recover-20220825,002,1795
1441.9875,1441.9958,25468,35553,Eptesicus serotinus,0.007,0.022,-1,Echolocation,/mnt/ubna_data_01_mir/recover-20220825/UBNA_002/20220823_033000.WAV,Telephone Field,recover-20220825,002,1795
1442.0015,1442.0109,45234,49279,Pipistrellus pipistrellus,0.018,0.023,-1,Echolocation,/mnt/ubna_data_01_mir/recover-20220825/UBNA_002/20220823_033000.WAV,Telephone Field,recover-20220825,002,1795
1442.0015,1442.0104,27187,35674,Eptesicus serotinus,0.01,0.031,-1,Echolocation,/mnt/ubna_data_01_mir/recover-20220825/UBNA_002/20220823_033000.WAV,Telephone Field,recover-20220825,002,1795
1442.0015,1442.0351,68437,79948,Rhinolophus ferrumequinum,0.031,0.032,-1,Echolocation,/mnt/ubna_data_01_mir/recover-20220825/UBNA_002/20220823_033000.WAV,Telephone Field,recover-20220825,002,1795
1442.0145,1442.0547,68437,82114,Rhinolophus ferrumequinum,0.02,0.02,-1,Echolocation,/mnt/ubna_data_01_mir/recover-20220825/UBNA_002/20220823_033000.WAV,Telephone Field,recover-20220825,002,1795
1442.0545,1442.0922,68437,81916,Rhinolophus ferrumequinum,0.021,0.021,-1,Echolocation,/mnt/ubna_data_01_mir/recover-20220825/UBNA_002/20220823_033000.WAV,Telephone Field,recover-20220825,002,1795
1442.0895,1442.1285,68437,82396,Rhinolophus ferrumequinum,0.024,0.024,-1,Echolocation,/mnt/ubna_data_01_mir/recover-20220825/UBNA_002/20220823_033000.WAV,Telephone Field,recover-20220825,002,1795
1442.1205,1442.1615,68437,82177,Rhinolophus ferrumequinum,0.022,0.022,-1,Echolocation,/mnt/ubna_data_01_mir/recover-20220825/UBNA_002/20220823_033000.WAV,Telephone Field,recover-20220825,002,1795
1442.1345,1442.1444,28046,35916,Eptesicus serotinus,0.009,0.02,-1,Echolocation,/mnt/ubna_data_01_mir/recover-20220825/UBNA_002/20220823_033000.WAV,Telephone Field,recover-20220825,002,1795
1442.1565,1442.1996,68437,83440,Rhinolophus ferrumequinum,0.026,0.026,-1,Echolocation,/mnt/ubna_data_01_mir/recover-20220825/UBNA_002/20220823_033000.WAV,Telephone Field,recover-20220825,002,1795
1442.1725,1442.1827,22890,29687,Nyctalus leisleri,0.008,0.025,-1,Echolocation,/mnt/ubna_data_01_mir/recover-20220825/UBNA_002/20220823_033000.WAV,Telephone Field,recover-20220825,002,1795
1442.1745,1442.2094,68437,81324,Rhinolophus ferrumequinum,0.021,0.021,-1,Echolocation,/mnt/ubna_data_01_mir/recover-20220825/UBNA_002/20220823_033000.WAV,Telephone Field,recover-20220825,002,1795
1442.2085,1442.2179,29765,36855,Eptesicus serotinus,0.008,0.022,-1,Echolocation,/mnt/ubna_data_01_mir/recover-20220825/UBNA_002/20220823_033000.WAV,Telephone Field,recover-20220825,002,1795
1442.2315,1442.2676,68437,81176,Rhinolophus ferrumequinum,0.03,0.03,-1,Echolocation,/mnt/ubna_data_01_mir/recover-20220825/UBNA_002/20220823_033000.WAV,Telephone Field,recover-20220825,002,1795
1442.2925,1442.3305,68437,82508,Rhinolophus ferrumequinum,0.02,0.02,-1,Echolocation,/mnt/ubna_data_01_mir/recover-20220825/UBNA_002/20220823_033000.WAV,Telephone Field,recover-20220825,002,1795
1442.3165,1442.3558,68437,82580,Rhinolophus ferrumequinum,0.021,0.021,-1,Echolocation,/mnt/ubna_data_01_mir/recover-20220825/UBNA_002/20220823_033000.WAV,Telephone Field,recover-20220825,002,1795
1442.3385,1442.3813,68437,82712,Rhinolophus ferrumequinum,0.027,0.027,-1,Echolocation,/mnt/ubna_data_01_mir/recover-20220825/UBNA_002/20220823_033000.WAV,Telephone Field,recover-20220825,002,1795
1442.3775,1442.3893,22890,27463,Nyctalus leisleri,0.011,0.021,-1,Echolocation,/mnt/ubna_data_01_mir/recover-20220825/UBNA_002/20220823_033000.WAV,Telephone Field,recover-20220825,002,1795
1442.3855,1442.4254,68437,81985,Rhinolophus ferrumequinum,0.023,0.023,-1,Echolocation,/mnt/ubna_data_01_mir/recover-20220825/UBNA_002/20220823_033000.WAV,Telephone Field,recover-20220825,002,1795
1442.4025,1442.4445,68437,82557,Rhinolophus ferrumequinum,0.026,0.026,-1,Echolocation,/mnt/ubna_data_01_mir/recover-20220825/UBNA_002/20220823_033000.WAV,Telephone Field,recover-20220825,002,1795
1442.4045,1442.4112,26328,36090,Plecotus auritus,0.009,0.03,-1,Echolocation,/mnt/ubna_data_01_mir/recover-20220825/UBNA_002/20220823_033000.WAV,Telephone Field,recover-20220825,002,1795
1442.4445,1442.4855,68437,82248,Rhinolophus ferrumequinum,0.021,0.021,-1,Echolocation,/mnt/ubna_data_01_mir/recover-20220825/UBNA_002/20220823_033000.WAV,Telephone Field,recover-20220825,002,1795
1442.4715,1442.5097,68437,81944,Rhinolophus ferrumequinum,0.022,0.022,-1,Echolocation,/mnt/ubna_data_01_mir/recover-20220825/UBNA_002/20220823_033000.WAV,Telephone Field,recover-20220825,002,1795
1442.4745,1442.4878,23750,28414,Nyctalus leisleri,0.023,0.042,-1,Echolocation,/mnt/ubna_data_01_mir/recover-20220825/UBNA_002/20220823_033000.WAV,Telephone Field,recover-20220825,002,1795
1442.4885,1442.4961,28046,41407,Eptesicus serotinus,0.006,0.02,-1,Echolocation,/mnt/ubna_data_01_mir/recover-20220825/UBNA_002/20220823_033000.WAV,Telephone Field,recover-20220825,002,1795
1442.5395,1442.574,68437,81141,Rhinolophus ferrumequinum,0.024,0.024,-1,Echolocation,/mnt/ubna_data_01_mir/recover-20220825/UBNA_002/20220823_033000.WAV,Telephone Field,recover-20220825,002,1795
1442.5525,1442.5633,25468,31218,Nyctalus leisleri,0.017,0.038,-1,Echolocation,/mnt/ubna_data_01_mir/recover-20220825/UBNA_002/20220823_033000.WAV,Telephone Field,recover-20220825,002,1795
1442.5835,1442.5906,28906,40904,Eptesicus serotinus,0.006,0.025,-1,Echolocation,/mnt/ubna_data_01_mir/recover-20220825/UBNA_002/20220823_033000.WAV,Telephone Field,recover-20220825,002,1795
1442.5905,1442.6329,68437,83552,Rhinolophus ferrumequinum,0.026,0.026,-1,Echolocation,/mnt/ubna_data_01_mir/recover-20220825/UBNA_002/20220823_033000.WAV,Telephone Field,recover-20220825,002,1795
1442.6085,1442.6198,57265,62561,Pipistrellus pygmaeus,0.02,0.021,-1,Echolocation,/mnt/ubna_data_01_mir/recover-20220825/UBNA_002/20220823_033000.WAV,Telephone Field,recover-20220825,002,1795
1442.6095,1442.6243,28046,34331,Eptesicus serotinus,0.019,0.035,-1,Echolocation,/mnt/ubna_data_01_mir/recover-20220825/UBNA_002/20220823_033000.WAV,Telephone Field,recover-20220825,002,1795
1442.6295,1442.6691,68437,82572,Rhinolophus ferrumequinum,0.026,0.026,-1,Echolocation,/mnt/ubna_data_01_mir/recover-20220825/UBNA_002/20220823_033000.WAV,Telephone Field,recover-20220825,002,1795
1442.6495,1442.6876,68437,81988,Rhinolophus ferrumequinum,0.02,0.02,-1,Echolocation,/mnt/ubna_data_01_mir/recover-20220825/UBNA_002/20220823_033000.WAV,Telephone Field,recover-20220825,002,1795
1442.6495,1442.6583,28046,38140,Eptesicus serotinus,0.007,0.02,-1,Echolocation,/mnt/ubna_data_01_mir/recover-20220825/UBNA_002/20220823_033000.WAV,Telephone Field,recover-20220825,002,1795
1442.6865,1442.7094,18593,21820,Nyctalus noctula,0.049,0.076,-1,Echolocation,/mnt/ubna_data_01_mir/recover-20220825/UBNA_002/20220823_033000.WAV,Telephone Field,recover-20220825,002,1795
1442.6965,1442.7372,68437,82649,Rhinolophus ferrumequinum,0.027,0.027,-1,Echolocation,/mnt/ubna_data_01_mir/recover-20220825/UBNA_002/20220823_033000.WAV,Telephone Field,recover-20220825,002,1795
1442.7055,1442.742,68437,82206,Rhinolophus ferrumequinum,0.02,0.021,-1,Echolocation,/mnt/ubna_data_01_mir/recover-20220825/UBNA_002/20220823_033000.WAV,Telephone Field,recover-20220825,002,1795
1442.7295,1442.7698,68437,82486,Rhinolophus ferrumequinum,0.024,0.024,-1,Echolocation,/mnt/ubna_data_01_mir/recover-20220825/UBNA_002/20220823_033000.WAV,Telephone Field,recover-20220825,002,1795
1442.7355,1442.7765,68437,82682,Rhinolophus ferrumequinum,0.022,0.022,-1,Echolocation,/mnt/ubna_data_01_mir/recover-20220825/UBNA_002/20220823_033000.WAV,Telephone Field,recover-20220825,002,1795
1442.7395,1442.7501,22890,27433,Nyctalus leisleri,0.013,0.025,-1,Echolocation,/mnt/ubna_data_01_mir/recover-20220825/UBNA_002/20220823_033000.WAV,Telephone Field,recover-20220825,002,1795
1442.7575,1442.7989,68437,82581,Rhinolophus ferrumequinum,0.029,0.029,-1,Echolocation,/mnt/ubna_data_01_mir/recover-20220825/UBNA_002/20220823_033000.WAV,Telephone Field,recover-20220825,002,1795
1442.7635,1442.8044,68437,82561,Rhinolophus ferrumequinum,0.028,0.028,-1,Echolocation,/mnt/ubna_data_01_mir/recover-20220825/UBNA_002/20220823_033000.WAV,Telephone Field,recover-20220825,002,1795
1442.7895,1442.8314,68437,83150,Rhinolophus ferrumequinum,0.029,0.029,-1,Echolocation,/mnt/ubna_data_01_mir/recover-20220825/UBNA_002/20220823_033000.WAV,Telephone Field,recover-20220825,002,1795
1442.8065,1442.8458,68437,82236,Rhinolophus ferrumequinum,0.02,0.02,-1,Echolocation,/mnt/ubna_data_01_mir/recover-20220825/UBNA_002/20220823_033000.WAV,Telephone Field,recover-20220825,002,1795
1442.8175,1442.8247,49531,55632,Pipistrellus pipistrellus,0.031,0.033,-1,Echolocation,/mnt/ubna_data_01_mir/recover-20220825/UBNA_002/20220823_033000.WAV,Telephone Field,recover-20220825,002,1795
1442.8175,1442.8297,26328,31841,Eptesicus serotinus,0.013,0.032,-1,Echolocation,/mnt/ubna_data_01_mir/recover-20220825/UBNA_002/20220823_033000.WAV,Telephone Field,recover-20220825,002,1795
1442.8345,1442.8436,28046,37345,Eptesicus serotinus,0.008,0.022,-1,Echolocation,/mnt/ubna_data_01_mir/recover-20220825/UBNA_002/20220823_033000.WAV,Telephone Field,recover-20220825,002,1795
1442.8465,1442.8855,68437,81815,Rhinolophus ferrumequinum,0.022,0.023,-1,Echolocation,/mnt/ubna_data_01_mir/recover-20220825/UBNA_002/20220823_033000.WAV,Telephone Field,recover-20220825,002,1795
1442.8485,1442.8553,26328,38371,Eptesicus serotinus,0.006,0.023,-1,Echolocation,/mnt/ubna_data_01_mir/recover-20220825/UBNA_002/20220823_033000.WAV,Telephone Field,recover-20220825,002,1795
1442.8575,1442.8671,24609,31439,Eptesicus serotinus,0.007,0.021,-1,Echolocation,/mnt/ubna_data_01_mir/recover-20220825/UBNA_002/20220823_033000.WAV,Telephone Field,recover-20220825,002,1795
1442.8755,1442.89,39218,42964,Pipistrellus nathusii,0.025,0.04,-1,Echolocation,/mnt/ubna_data_01_mir/recover-20220825/UBNA_002/20220823_033000.WAV,Telephone Field,recover-20220825,002,1795
1442.8845,1442.9255,68437,82552,Rhinolophus ferrumequinum,0.026,0.026,-1,Echolocation,/mnt/ubna_data_01_mir/recover-20220825/UBNA_002/20220823_033000.WAV,Telephone Field,recover-20220825,002,1795
1442.8995,1442.9075,26328,34769,Eptesicus serotinus,0.008,0.022,-1,Echolocation,/mnt/ubna_data_01_mir/recover-20220825/UBNA_002/20220823_033000.WAV,Telephone Field,recover-20220825,002,1795
1442.9075,1442.9185,28046,36270,Eptesicus serotinus,0.011,0.023,-1,Echolocation,/mnt/ubna_data_01_mir/recover-20220825/UBNA_002/20220823_033000.WAV,Telephone Field,recover-20220825,002,1795
1442.9125,1442.9229,25468,33290,Eptesicus serotinus,0.009,0.023,-1,Echolocation,/mnt/ubna_data_01_mir/recover-20220825/UBNA_002/20220823_033000.WAV,Telephone Field,recover-20220825,002,1795
1442.9135,1442.9536,68437,82150,Rhinolophus ferrumequinum,0.028,0.029,-1,Echolocation,/mnt/ubna_data_01_mir/recover-20220825/UBNA_002/20220823_033000.WAV,Telephone Field,recover-20220825,002,1795
1442.9245,1442.9622,68437,81586,Rhinolophus ferrumequinum,0.023,0.023,-1,Echolocation,/mnt/ubna_data_01_mir/recover-20220825/UBNA_002/20220823_033000.WAV,Telephone Field,recover-20220825,002,1795
1442.9445,1442.9548,22031,27193,Nyctalus leisleri,0.01,0.023,-1,Echolocation,/mnt/ubna_data_01_mir/recover-20220825/UBNA_002/20220823_033000.WAV,Telephone Field,recover-20220825,002,1795
1442.9575,1442.9944,68437,80807,Rhinolophus ferrumequinum,0.022,0.022,-1,Echolocation,/mnt/ubna_data_01_mir/recover-20220825/UBNA_002/20220823_033000.WAV,Telephone Field,recover-20220825,002,1795
1442.9855,1443.0249,68437,80910,Rhinolophus ferrumequinum,0.032,0.032,-1,Echolocation,/mnt/ubna_data_01_mir/recover-20220825/UBNA_002/20220823_033000.WAV,Telephone Field,recover-20220825,002,1795
1442.9885,1443.0002,27187,35009,Eptesicus serotinus,0.018,0.031,-1,Echolocation,/mnt/ubna_data_01_mir/recover-20220825/UBNA_002/20220823_033000.WAV,Telephone Field,recover-20220825,002,1795
1442.9995,1443.0358,68437,81906,Rhinolophus ferrumequinum,0.022,0.022,-1,Echolocation,/mnt/ubna_data_01_mir/recover-20220825/UBNA_002/20220823_033000.WAV,Telephone Field,recover-20220825,002,1795
1443.0025,1443.0109,28046,39246,Eptesicus serotinus,0.007,0.021,-1,Echolocation,/mnt/ubna_data_01_mir/recover-20220825/UBNA_002/20220823_033000.WAV,Telephone Field,recover-20220825,002,1795
1443.0215,1443.0598,68437,81873,Rhinolophus ferrumequinum,0.025,0.025,-1,Echolocation,/mnt/ubna_data_01_mir/recover-20220825/UBNA_002/20220823_033000.WAV,Telephone Field,recover-20220825,002,1795
1443.0235,1443.034,22890,28960,Nyctalus leisleri,0.009,0.022,-1,Echolocation,/mnt/ubna_data_01_mir/recover-20220825/UBNA_002/20220823_033000.WAV,Telephone Field,recover-20220825,002,1795
1443.0335,1443.0738,68437,82857,Rhinolophus ferrumequinum,0.027,0.027,-1,Echolocation,/mnt/ubna_data_01_mir/recover-20220825/UBNA_002/20220823_033000.WAV,Telephone Field,recover-20220825,002,1795
1443.0745,1443.1133,68437,81765,Rhinolophus ferrumequinum,0.021,0.021,-1,Echolocation,/mnt/ubna_data_01_mir/recover-20220825/UBNA_002/20220823_033000.WAV,Telephone Field,recover-20220825,002,1795
1443.0975,1443.1351,68437,81568,Rhinolophus ferrumequinum,0.023,0.023,-1,Echolocation,/mnt/ubna_data_01_mir/recover-20220825/UBNA_002/20220823_033000.WAV,Telephone Field,recover-20220825,002,1795
1443.1185,1443.1577,68437,81924,Rhinolophus ferrumequinum,0.023,0.023,-1,Echolocation,/mnt/ubna_data_01_mir/recover-20220825/UBNA_002/20220823_033000.WAV,Telephone Field,recover-20220825,002,1795
1443.1225,1443.1324,28906,36852,Eptesicus serotinus,0.009,0.023,-1,Echolocation,/mnt/ubna_data_01_mir/recover-20220825/UBNA_002/20220823_033000.WAV,Telephone Field,recover-20220825,002,1795
1443.1755,1443.2174,68437,82667,Rhinolophus ferrumequinum,0.028,0.028,-1,Echolocation,/mnt/ubna_data_01_mir/recover-20220825/UBNA_002/20220823_033000.WAV,Telephone Field,recover-20220825,002,1795
1443.1795,1443.19,23750,29745,Nyctalus leisleri,0.01,0.022,-1,Echolocation,/mnt/ubna_data_01_mir/recover-20220825/UBNA_002/20220823_033000.WAV,Telephone Field,recover-20220825,002,1795
1443.2085,1443.2448,68437,82240,Rhinolophus ferrumequinum,0.022,0.022,-1,Echolocation,/mnt/ubna_data_01_mir/recover-20220825/UBNA_002/20220823_033000.WAV,Telephone Field,recover-20220825,002,1795
1443.2095,1443.2175,28046,38358,Eptesicus serotinus,0.007,0.021,-1,Echolocation,/mnt/ubna_data_01_mir/recover-20220825/UBNA_002/20220823_033000.WAV,Telephone Field,recover-20220825,002,1795
1443.2695,1443.3048,68437,81187,Rhinolophus ferrumequinum,0.02,0.02,-1,Echolocation,/mnt/ubna_data_01_mir/recover-20220825/UBNA_002/20220823_033000.WAV,Telephone Field,recover-20220825,002,1795
1443.2945,1443.3347,68437,82402,Rhinolophus ferrumequinum,0.022,0.022,-1,Echolocation,/mnt/ubna_data_01_mir/recover-20220825/UBNA_002/20220823_033000.WAV,Telephone Field,recover-20220825,002,1795
1443.2945,1443.303,26328,35165,Eptesicus serotinus,0.008,0.021,-1,Echolocation,/mnt/ubna_data_01_mir/recover-20220825/UBNA_002/20220823_033000.WAV,Telephone Field,recover-20220825,002,1795
1443.3115,1443.3465,68437,80400,Rhinolophus ferrumequinum,0.025,0.025,-1,Echolocation,/mnt/ubna_data_01_mir/recover-20220825/UBNA_002/20220823_033000.WAV,Telephone Field,recover-20220825,002,1795
1443.3175,1443.348,68437,79846,Rhinolophus ferrumequinum,0.026,0.027,-1,Echolocation,/mnt/ubna_data_01_mir/recover-20220825/UBNA_002/20220823_033000.WAV,Telephone Field,recover-20220825,002,1795
1443.3175,1443.3258,26328,35184,Eptesicus serotinus,0.009,0.023,-1,Echolocation,/mnt/ubna_data_01_mir/recover-20220825/UBNA_002/20220823_033000.WAV,Telephone Field,recover-20220825,002,1795
1443.3355,1443.3717,68437,81815,Rhinolophus ferrumequinum,0.022,0.022,-1,Echolocation,/mnt/ubna_data_01_mir/recover-20220825/UBNA_002/20220823_033000.WAV,Telephone Field,recover-20220825,002,1795
1443.3425,1443.3813,68437,81732,Rhinolophus ferrumequinum,0.022,0.022,-1,Echolocation,/mnt/ubna_data_01_mir/recover-20220825/UBNA_002/20220823_033000.WAV,Telephone Field,recover-20220825,002,1795
1443.3875,1443.3971,24609,31644,Nyctalus leisleri,0.008,0.022,-1,Echolocation,/mnt/ubna_data_01_mir/recover-20220825/UBNA_002/20220823_033000.WAV,Telephone Field,recover-20220825,002,1795
1443.4015,1443.4405,68437,81607,Rhinolophus ferrumequinum,0.024,0.024,-1,Echolocation,/mnt/ubna_data_01_mir/recover-20220825/UBNA_002/20220823_033000.WAV,Telephone Field,recover-20220825,002,1795
1443.4475,1443.4582,22890,27070,Nyctalus leisleri,0.012,0.022,-1,Echolocation,/mnt/ubna_data_01_mir/recover-20220825/UBNA_002/20220823_033000.WAV,Telephone Field,recover-20220825,002,1795
1443.4685,1443.51,68437,82954,Rhinolophus ferrumequinum,0.025,0.025,-1,Echolocation,/mnt/ubna_data_01_mir/recover-20220825/UBNA_002/20220823_033000.WAV,Telephone Field,recover-20220825,002,1795
1443.5025,1443.5404,68437,82144,Rhinolophus ferrumequinum,0.022,0.022,-1,Echolocation,/mnt/ubna_data_01_mir/recover-20220825/UBNA_002/20220823_033000.WAV,Telephone Field,recover-20220825,002,1795
1443.5335,1443.5711,68437,81829,Rhinolophus ferrumequinum,0.021,0.021,-1,Echolocation,/mnt/ubna_data_01_mir/recover-20220825/UBNA_002/20220823_033000.WAV,Telephone Field,recover-20220825,002,1795
1443.5575,1443.5982,68437,82794,Rhinolophus ferrumequinum,0.027,0.027,-1,Echolocation,/mnt/ubna_data_01_mir/recover-20220825/UBNA_002/20220823_033000.WAV,Telephone Field,recover-20220825,002,1795
1443.5675,1443.6065,68437,81917,Rhinolophus ferrumequinum,0.023,0.023,-1,Echolocation,/mnt/ubna_data_01_mir/recover-20220825/UBNA_002/20220823_033000.WAV,Telephone Field,recover-20220825,002,1795
1443.5745,1443.6128,68437,81434,Rhinolophus ferrumequinum,0.022,0.022,-1,Echolocation,/mnt/ubna_data_01_mir/recover-20220825/UBNA_002/20220823_033000.WAV,Telephone Field,recover-20220825,002,1795
1443.6115,1443.6226,45234,49188,Pipistrellus pipistrellus,0.036,0.04,-1,Echolocation,/mnt/ubna_data_01_mir/recover-20220825/UBNA_002/20220823_033000.WAV,Telephone Field,recover-20220825,002,1795
1443.6235,1443.6637,68437,82727,Rhinolophus ferrumequinum,0.028,0.028,-1,Echolocation,/mnt/ubna_data_01_mir/recover-20220825/UBNA_002/20220823_033000.WAV,Telephone Field,recover-20220825,002,1795
1443.6365,1443.6498,23750,28871,Nyctalus leisleri,0.014,0.028,-1,Echolocation,/mnt/ubna_data_01_mir/recover-20220825/UBNA_002/20220823_033000.WAV,Telephone Field,recover-20220825,002,1795
1443.6635,1443.7027,68437,82293,Rhinolophus ferrumequinum,0.024,0.024,-1,Echolocation,/mnt/ubna_data_01_mir/recover-20220825/UBNA_002/20220823_033000.WAV,Telephone Field,recover-20220825,002,1795
1443.6925,1443.7033,22890,27932,Nyctalus leisleri,0.01,0.021,-1,Echolocation,/mnt/ubna_data_01_mir/recover-20220825/UBNA_002/20220823_033000.WAV,Telephone Field,recover-20220825,002,1795
1443.7305,1443.7664,68437,81150,Rhinolophus ferrumequinum,0.022,0.022,-1,Echolocation,/mnt/ubna_data_01_mir/recover-20220825/UBNA_002/20220823_033000.WAV,Telephone Field,recover-20220825,002,1795
1443.7565,1443.7957,68437,82017,Rhinolophus ferrumequinum,0.022,0.022,-1,Echolocation,/mnt/ubna_data_01_mir/recover-20220825/UBNA_002/20220823_033000.WAV,Telephone Field,recover-20220825,002,1795
1443.7645,1443.8029,68437,82104,Rhinolophus ferrumequinum,0.021,0.021,-1,Echolocation,/mnt/ubna_data_01_mir/recover-20220825/UBNA_002/20220823_033000.WAV,Telephone Field,recover-20220825,002,1795
1443.7825,1443.7936,22890,27945,Nyctalus leisleri,0.01,0.02,-1,Echolocation,/mnt/ubna_data_01_mir/recover-20220825/UBNA_002/20220823_033000.WAV,Telephone Field,recover-20220825,002,1795
1443.8065,1443.8457,68437,82035,Rhinolophus ferrumequinum,0.042,0.042,-1,Echolocation,/mnt/ubna_data_01_mir/recover-20220825/UBNA_002/20220823_033000.WAV,Telephone Field,recover-20220825,002,1795
1443.8335,1443.873,68437,82868,Rhinolophus ferrumequinum,0.026,0.026,-1,Echolocation,/mnt/ubna_data_01_mir/recover-20220825/UBNA_002/20220823_033000.WAV,Telephone Field,recover-20220825,002,1795
1443.8595,1443.8962,68437,81570,Rhinolophus ferrumequinum,0.02,0.02,-1,Echolocation,/mnt/ubna_data_01_mir/recover-20220825/UBNA_002/20220823_033000.WAV,Telephone Field,recover-20220825,002,1795
1443.8895,1443.9278,68437,81914,Rhinolophus ferrumequinum,0.029,0.029,-1,Echolocation,/mnt/ubna_data_01_mir/recover-20220825/UBNA_002/20220823_033000.WAV,Telephone Field,recover-20220825,002,1795
1443.9005,1443.938,68437,81136,Rhinolophus ferrumequinum,0.02,0.02,-1,Echolocation,/mnt/ubna_data_01_mir/recover-20220825/UBNA_002/20220823_033000.WAV,Telephone Field,recover-20220825,002,1795
1443.9135,1443.9521,68437,82372,Rhinolophus ferrumequinum,0.024,0.024,-1,Echolocation,/mnt/ubna_data_01_mir/recover-20220825/UBNA_002/20220823_033000.WAV,Telephone Field,recover-20220825,002,1795
1443.9405,1443.9821,68437,82915,Rhinolophus ferrumequinum,0.023,0.023,-1,Echolocation,/mnt/ubna_data_01_mir/recover-20220825/UBNA_002/20220823_033000.WAV,Telephone Field,recover-20220825,002,1795
1443.9575,1443.9978,68437,82790,Rhinolophus ferrumequinum,0.042,0.042,-1,Echolocation,/mnt/ubna_data_01_mir/recover-20220825/UBNA_002/20220823_033000.WAV,Telephone Field,recover-20220825,002,1795
1443.9875,1443.9977,27187,36595,Eptesicus serotinus,0.011,0.025,-1,Echolocation,/mnt/ubna_data_01_mir/recover-20220825/UBNA_002/20220823_033000.WAV,Telephone Field,recover-20220825,002,1795
1444.0015,1444.0318,68437,79546,Rhinolophus ferrumequinum,0.03,0.03,-1,Echolocation,/mnt/ubna_data_01_mir/recover-20220825/UBNA_002/20220823_033000.WAV,Telephone Field,recover-20220825,002,1795
1444.0015,1444.0108,48671,53879,Pipistrellus pipistrellus,0.019,0.023,-1,Echolocation,/mnt/ubna_data_01_mir/recover-20220825/UBNA_002/20220823_033000.WAV,Telephone Field,recover-20220825,002,1795
1444.0015,1444.0131,24609,31769,Nyctalus leisleri,0.014,0.034,-1,Echolocation,/mnt/ubna_data_01_mir/recover-20220825/UBNA_002/20220823_033000.WAV,Telephone Field,recover-20220825,002,1795
1444.0075,1444.0136,47812,53790,Pipistrellus pipistrellus,0.016,0.024,-1,Echolocation,/mnt/ubna_data_01_mir/recover-20220825/UBNA_002/20220823_033000.WAV,Telephone Field,recover-20220825,002,1795
1444.0095,1444.0149,34921,57959,Myotis brandtii,0.007,0.021,-1,Echolocation,/mnt/ubna_data_01_mir/recover-20220825/UBNA_002/20220823_033000.WAV,Telephone Field,recover-20220825,002,1795
1444.0105,1444.0176,28046,41265,Eptesicus serotinus,0.006,0.022,-1,Echolocation,/mnt/ubna_data_01_mir/recover-20220825/UBNA_002/20220823_033000.WAV,Telephone Field,recover-20220825,002,1795
1444.0655,1444.0755,42656,49427,Pipistrellus pipistrellus,0.019,0.033,-1,Echolocation,/mnt/ubna_data_01_mir/recover-20220825/UBNA_002/20220823_033000.WAV,Telephone Field,recover-20220825,002,1795
1444.0845,1444.1243,68437,82100,Rhinolophus ferrumequinum,0.022,0.022,-1,Echolocation,/mnt/ubna_data_01_mir/recover-20220825/UBNA_002/20220823_033000.WAV,Telephone Field,recover-20220825,002,1795
1444.1375,1444.1715,68437,81553,Rhinolophus ferrumequinum,0.023,0.023,-1,Echolocation,/mnt/ubna_data_01_mir/recover-20220825/UBNA_002/20220823_033000.WAV,Telephone Field,recover-20220825,002,1795
1444.1485,1444.1878,68437,81617,Rhinolophus ferrumequinum,0.023,0.023,-1,Echolocation,/mnt/ubna_data_01_mir/recover-20220825/UBNA_002/20220823_033000.WAV,Telephone Field,recover-20220825,002,1795
1444.1785,1444.2198,68437,82391,Rhinolophus ferrumequinum,0.02,0.02,-1,Echolocation,/mnt/ubna_data_01_mir/recover-20220825/UBNA_002/20220823_033000.WAV,Telephone Field,recover-20220825,002,1795
1444.1785,1444.1877,28046,37255,Eptesicus serotinus,0.01,0.023,-1,Echolocation,/mnt/ubna_data_01_mir/recover-20220825/UBNA_002/20220823_033000.WAV,Telephone Field,recover-20220825,002,1795
1444.2145,1444.2434,68437,79610,Rhinolophus ferrumequinum,0.025,0.025,-1,Echolocation,/mnt/ubna_data_01_mir/recover-20220825/UBNA_002/20220823_033000.WAV,Telephone Field,recover-20220825,002,1795
1444.2345,1444.2725,68437,81924,Rhinolophus ferrumequinum,0.022,0.022,-1,Echolocation,/mnt/ubna_data_01_mir/recover-20220825/UBNA_002/20220823_033000.WAV,Telephone Field,recover-20220825,002,1795
1444.2805,1444.3177,68437,82325,Rhinolophus ferrumequinum,0.022,0.022,-1,Echolocation,/mnt/ubna_data_01_mir/recover-20220825/UBNA_002/20220823_033000.WAV,Telephone Field,recover-20220825,002,1795
1444.3105,1444.3458,68437,82107,Rhinolophus ferrumequinum,0.039,0.039,-1,Echolocation,/mnt/ubna_data_01_mir/recover-20220825/UBNA_002/20220823_033000.WAV,Telephone Field,recover-20220825,002,1795
1444.3535,1444.3938,68437,82452,Rhinolophus ferrumequinum,0.021,0.021,-1,Echolocation,/mnt/ubna_data_01_mir/recover-20220825/UBNA_002/20220823_033000.WAV,Telephone Field,recover-20220825,002,1795
1444.3595,1444.3674,28046,38934,Eptesicus serotinus,0.007,0.021,-1,Echolocation,/mnt/ubna_data_01_mir/recover-20220825/UBNA_002/20220823_033000.WAV,Telephone Field,recover-20220825,002,1795
1444.3725,1444.3811,43515,53136,Pipistrellus pipistrellus,0.013,0.021,-1,Echolocation,/mnt/ubna_data_01_mir/recover-20220825/UBNA_002/20220823_033000.WAV,Telephone Field,recover-20220825,002,1795
1444.3935,1444.4306,68437,81693,Rhinolophus ferrumequinum,0.022,0.022,-1,Echolocation,/mnt/ubna_data_01_mir/recover-20220825/UBNA_002/20220823_033000.WAV,Telephone Field,recover-20220825,002,1795
1444.4015,1444.4222,21171,24201,Nyctalus leisleri,0.027,0.052,-1,Echolocation,/mnt/ubna_data_01_mir/recover-20220825/UBNA_002/20220823_033000.WAV,Telephone Field,recover-20220825,002,1795
1444.4055,1444.4406,68437,81596,Rhinolophus ferrumequinum,0.02,0.02,-1,Echolocation,/mnt/ubna_data_01_mir/recover-20220825/UBNA_002/20220823_033000.WAV,Telephone Field,recover-20220825,002,1795
1444.4815,1444.522,68437,82353,Rhinolophus ferrumequinum,0.02,0.02,-1,Echolocation,/mnt/ubna_data_01_mir/recover-20220825/UBNA_002/20220823_033000.WAV,Telephone Field,recover-20220825,002,1795
1444.5015,1444.5109,56406,61374,Pipistrellus pygmaeus,0.028,0.029,-1,Echolocation,/mnt/ubna_data_01_mir/recover-20220825/UBNA_002/20220823_033000.WAV,Telephone Field,recover-20220825,002,1795
1444.5055,1444.5143,28906,38424,Eptesicus serotinus,0.007,0.021,-1,Echolocation,/mnt/ubna_data_01_mir/recover-20220825/UBNA_002/20220823_033000.WAV,Telephone Field,recover-20220825,002,1795
1444.5075,1444.5459,68437,81893,Rhinolophus ferrumequinum,0.023,0.023,-1,Echolocation,/mnt/ubna_data_01_mir/recover-20220825/UBNA_002/20220823_033000.WAV,Telephone Field,recover-20220825,002,1795
1444.5265,1444.5359,22890,29038,Nyctalus leisleri,0.008,0.022,-1,Echolocation,/mnt/ubna_data_01_mir/recover-20220825/UBNA_002/20220823_033000.WAV,Telephone Field,recover-20220825,002,1795
1444.5295,1444.5664,68437,81766,Rhinolophus ferrumequinum,0.031,0.031,-1,Echolocation,/mnt/ubna_data_01_mir/recover-20220825/UBNA_002/20220823_033000.WAV,Telephone Field,recover-20220825,002,1795
1444.5445,1444.5613,20312,23754,Nyctalus leisleri,0.014,0.028,-1,Echolocation,/mnt/ubna_data_01_mir/recover-20220825/UBNA_002/20220823_033000.WAV,Telephone Field,recover-20220825,002,1795
1444.5505,1444.589,68437,82027,Rhinolophus ferrumequinum,0.021,0.021,-1,Echolocation,/mnt/ubna_data_01_mir/recover-20220825/UBNA_002/20220823_033000.WAV,Telephone Field,recover-20220825,002,1795
1444.5825,1444.5916,26328,34426,Eptesicus serotinus,0.008,0.023,-1,Echolocation,/mnt/ubna_data_01_mir/recover-20220825/UBNA_002/20220823_033000.WAV,Telephone Field,recover-20220825,002,1795
1444.5905,1444.6289,68437,81846,Rhinolophus ferrumequinum,0.02,0.02,-1,Echolocation,/mnt/ubna_data_01_mir/recover-20220825/UBNA_002/20220823_033000.WAV,Telephone Field,recover-20220825,002,1795
1444.6175,1444.6547,68437,81808,Rhinolophus ferrumequinum,0.023,0.023,-1,Echolocation,/mnt/ubna_data_01_mir/recover-20220825/UBNA_002/20220823_033000.WAV,Telephone Field,recover-20220825,002,1795
1444.6545,1444.6645,29765,36438,Eptesicus serotinus,0.009,0.025,-1,Echolocation,/mnt/ubna_data_01_mir/recover-20220825/UBNA_002/20220823_033000.WAV,Telephone Field,recover-20220825,002,1795
1444.6855,1444.722,68437,80682,Rhinolophus ferrumequinum,0.02,0.02,-1,Echolocation,/mnt/ubna_data_01_mir/recover-20220825/UBNA_002/20220823_033000.WAV,Telephone Field,recover-20220825,002,1795
1444.7215,1444.7614,68437,82925,Rhinolophus ferrumequinum,0.026,0.026,-1,Echolocation,/mnt/ubna_data_01_mir/recover-20220825/UBNA_002/20220823_033000.WAV,Telephone Field,recover-20220825,002,1795
1444.7315,1444.7693,68437,82065,Rhinolophus ferrumequinum,0.022,0.022,-1,Echolocation,/mnt/ubna_data_01_mir/recover-20220825/UBNA_002/20220823_033000.WAV,Telephone Field,recover-20220825,002,1795
1444.7635,1444.8033,68437,82533,Rhinolophus ferrumequinum,0.022,0.022,-1,Echolocation,/mnt/ubna_data_01_mir/recover-20220825/UBNA_002/20220823_033000.WAV,Telephone Field,recover-20220825,002,1795
1444.8185,1444.8311,37500,41027,Pipistrellus nathusii,0.022,0.031,-1,Echolocation,/mnt/ubna_data_01_mir/recover-20220825/UBNA_002/20220823_033000.WAV,Telephone Field,recover-20220825,002,1795
1444.8245,1444.835,23750,29773,Nyctalus leisleri,0.01,0.024,-1,Echolocation,/mnt/ubna_data_01_mir/recover-20220825/UBNA_002/20220823_033000.WAV,Telephone Field,recover-20220825,002,1795
1444.8945,1444.9355,68437,82874,Rhinolophus ferrumequinum,0.022,0.022,-1,Echolocation,/mnt/ubna_data_01_mir/recover-20220825/UBNA_002/20220823_033000.WAV,Telephone Field,recover-20220825,002,1795
1444.9065,1444.9147,50390,55313,Pipistrellus pipistrellus,0.024,0.03,-1,Echolocation,/mnt/ubna_data_01_mir/recover-20220825/UBNA_002/20220823_033000.WAV,Telephone Field,recover-20220825,002,1795
1444.9125,1444.9513,68437,81974,Rhinolophus ferrumequinum,0.021,0.021,-1,Echolocation,/mnt/ubna_data_01_mir/recover-20220825/UBNA_002/20220823_033000.WAV,Telephone Field,recover-20220825,002,1795
1444.9355,1444.9764,68437,82941,Rhinolophus ferrumequinum,0.026,0.026,-1,Echolocation,/mnt/ubna_data_01_mir/recover-20220825/UBNA_002/20220823_033000.WAV,Telephone Field,recover-20220825,002,1795
1444.9595,1444.9976,68437,82097,Rhinolophus ferrumequinum,0.02,0.02,-1,Echolocation,/mnt/ubna_data_01_mir/recover-20220825/UBNA_002/20220823_033000.WAV,Telephone Field,recover-20220825,002,1795
1445.0195,1445.0297,50390,54917,Pipistrellus pipistrellus,0.017,0.022,-1,Echolocation,/mnt/ubna_data_01_mir/recover-20220825/UBNA_002/20220823_033000.WAV,Telephone Field,recover-20220825,002,1795
1445.0335,1445.0743,68437,82325,Rhinolophus ferrumequinum,0.022,0.022,-1,Echolocation,/mnt/ubna_data_01_mir/recover-20220825/UBNA_002/20220823_033000.WAV,Telephone Field,recover-20220825,002,1795
1445.0895,1445.0971,27187,39602,Eptesicus serotinus,0.007,0.021,-1,Echolocation,/mnt/ubna_data_01_mir/recover-20220825/UBNA_002/20220823_033000.WAV,Telephone Field,recover-20220825,002,1795
1445.1025,1445.1395,68437,81682,Rhinolophus ferrumequinum,0.02,0.02,-1,Echolocation,/mnt/ubna_data_01_mir/recover-20220825/UBNA_002/20220823_033000.WAV,Telephone Field,recover-20220825,002,1795
1445.1205,1445.1609,68437,83010,Rhinolophus ferrumequinum,0.027,0.027,-1,Echolocation,/mnt/ubna_data_01_mir/recover-20220825/UBNA_002/20220823_033000.WAV,Telephone Field,recover-20220825,002,1795
1445.1345,1445.1418,28046,40820,Eptesicus serotinus,0.007,0.022,-1,Echolocation,/mnt/ubna_data_01_mir/recover-20220825/UBNA_002/20220823_033000.WAV,Telephone Field,recover-20220825,002,1795
1445.1505,1445.1635,34062,40076,Pipistrellus nathusii,0.007,0.02,-1,Echolocation,/mnt/ubna_data_01_mir/recover-20220825/UBNA_002/20220823_033000.WAV,Telephone Field,recover-20220825,002,1795
1445.1515,1445.1609,29765,40430,Eptesicus serotinus,0.007,0.02,-1,Echolocation,/mnt/ubna_data_01_mir/recover-20220825/UBNA_002/20220823_033000.WAV,Telephone Field,recover-20220825,002,1795
1445.1615,1445.1693,48671,52399,Pipistrellus pipistrellus,0.017,0.02,-1,Echolocation,/mnt/ubna_data_01_mir/recover-20220825/UBNA_002/20220823_033000.WAV,Telephone Field,recover-20220825,002,1795
1445.1745,1445.2134,68437,81997,Rhinolophus ferrumequinum,0.023,0.023,-1,Echolocation,/mnt/ubna_data_01_mir/recover-20220825/UBNA_002/20220823_033000.WAV,Telephone Field,recover-20220825,002,1795
1445.2235,1445.264,68437,82039,Rhinolophus ferrumequinum,0.022,0.022,-1,Echolocation,/mnt/ubna_data_01_mir/recover-20220825/UBNA_002/20220823_033000.WAV,Telephone Field,recover-20220825,002,1795
1445.2325,1445.2698,68437,81884,Rhinolophus ferrumequinum,0.021,0.021,-1,Echolocation,/mnt/ubna_data_01_mir/recover-20220825/UBNA_002/20220823_033000.WAV,Telephone Field,recover-20220825,002,1795
1445.2485,1445.257,27187,39543,Eptesicus serotinus,0.01,0.023,-1,Echolocation,/mnt/ubna_data_01_mir/recover-20220825/UBNA_002/20220823_033000.WAV,Telephone Field,recover-20220825,002,1795
1445.2935,1445.3348,68437,82515,Rhinolophus ferrumequinum,0.023,0.023,-1,Echolocation,/mnt/ubna_data_01_mir/recover-20220825/UBNA_002/20220823_033000.WAV,Telephone Field,recover-20220825,002,1795
1445.3155,1445.3533,68437,81944,Rhinolophus ferrumequinum,0.021,0.021,-1,Echolocation,/mnt/ubna_data_01_mir/recover-20220825/UBNA_002/20220823_033000.WAV,Telephone Field,recover-20220825,002,1795
1445.3595,1445.3979,68437,81939,Rhinolophus ferrumequinum,0.021,0.021,-1,Echolocation,/mnt/ubna_data_01_mir/recover-20220825/UBNA_002/20220823_033000.WAV,Telephone Field,recover-20220825,002,1795
1445.3825,1445.4238,68437,82855,Rhinolophus ferrumequinum,0.034,0.034,-1,Echolocation,/mnt/ubna_data_01_mir/recover-20220825/UBNA_002/20220823_033000.WAV,Telephone Field,recover-20220825,002,1795
1445.3925,1445.4039,28906,35513,Eptesicus serotinus,0.011,0.023,-1,Echolocation,/mnt/ubna_data_01_mir/recover-20220825/UBNA_002/20220823_033000.WAV,Telephone Field,recover-20220825,002,1795
1445.4025,1445.4105,28046,39011,Eptesicus serotinus,0.008,0.022,-1,Echolocation,/mnt/ubna_data_01_mir/recover-20220825/UBNA_002/20220823_033000.WAV,Telephone Field,recover-20220825,002,1795
1445.4335,1445.4728,68437,81783,Rhinolophus ferrumequinum,0.023,0.023,-1,Echolocation,/mnt/ubna_data_01_mir/recover-20220825/UBNA_002/20220823_033000.WAV,Telephone Field,recover-20220825,002,1795
1445.4345,1445.4442,46953,50841,Pipistrellus pipistrellus,0.023,0.026,-1,Echolocation,/mnt/ubna_data_01_mir/recover-20220825/UBNA_002/20220823_033000.WAV,Telephone Field,recover-20220825,002,1795
1445.4385,1445.4781,68437,82199,Rhinolophus ferrumequinum,0.023,0.023,-1,Echolocation,/mnt/ubna_data_01_mir/recover-20220825/UBNA_002/20220823_033000.WAV,Telephone Field,recover-20220825,002,1795
1445.4465,1445.4826,68437,82206,Rhinolophus ferrumequinum,0.021,0.021,-1,Echolocation,/mnt/ubna_data_01_mir/recover-20220825/UBNA_002/20220823_033000.WAV,Telephone Field,recover-20220825,002,1795
1445.4575,1445.4688,57265,62405,Pipistrellus pygmaeus,0.039,0.04,-1,Echolocation,/mnt/ubna_data_01_mir/recover-20220825/UBNA_002/20220823_033000.WAV,Telephone Field,recover-20220825,002,1795
1445.4735,1445.5123,68437,82088,Rhinolophus ferrumequinum,0.024,0.024,-1,Echolocation,/mnt/ubna_data_01_mir/recover-20220825/UBNA_002/20220823_033000.WAV,Telephone Field,recover-20220825,002,1795
1445.5345,1445.5756,68437,82363,Rhinolophus ferrumequinum,0.023,0.023,-1,Echolocation,/mnt/ubna_data_01_mir/recover-20220825/UBNA_002/20220823_033000.WAV,Telephone Field,recover-20220825,002,1795
1445.5445,1445.5865,68437,82277,Rhinolophus ferrumequinum,0.022,0.022,-1,Echolocation,/mnt/ubna_data_01_mir/recover-20220825/UBNA_002/20220823_033000.WAV,Telephone Field,recover-20220825,002,1795
1445.5795,1445.6184,68437,81679,Rhinolophus ferrumequinum,0.028,0.028,-1,Echolocation,/mnt/ubna_data_01_mir/recover-20220825/UBNA_002/20220823_033000.WAV,Telephone Field,recover-20220825,002,1795
1445.5835,1445.5993,22890,26419,Nyctalus leisleri,0.012,0.02,-1,Echolocation,/mnt/ubna_data_01_mir/recover-20220825/UBNA_002/20220823_033000.WAV,Telephone Field,recover-20220825,002,1795
1445.5865,1445.5924,48671,57638,Pipistrellus pipistrellus,0.018,0.02,-1,Echolocation,/mnt/ubna_data_01_mir/recover-20220825/UBNA_002/20220823_033000.WAV,Telephone Field,recover-20220825,002,1795
1445.6175,1445.6289,23750,29067,Nyctalus leisleri,0.014,0.031,-1,Echolocation,/mnt/ubna_data_01_mir/recover-20220825/UBNA_002/20220823_033000.WAV,Telephone Field,recover-20220825,002,1795
1445.6295,1445.6624,68437,80852,Rhinolophus ferrumequinum,0.022,0.022,-1,Echolocation,/mnt/ubna_data_01_mir/recover-20220825/UBNA_002/20220823_033000.WAV,Telephone Field,recover-20220825,002,1795
1445.6615,1445.7008,68437,82291,Rhinolophus ferrumequinum,0.022,0.022,-1,Echolocation,/mnt/ubna_data_01_mir/recover-20220825/UBNA_002/20220823_033000.WAV,Telephone Field,recover-20220825,002,1795
1445.6885,1445.7226,68437,80904,Rhinolophus ferrumequinum,0.023,0.023,-1,Echolocation,/mnt/ubna_data_01_mir/recover-20220825/UBNA_002/20220823_033000.WAV,Telephone Field,recover-20220825,002,1795
1445.7335,1445.7721,68437,81569,Rhinolophus ferrumequinum,0.021,0.021,-1,Echolocation,/mnt/ubna_data_01_mir/recover-20220825/UBNA_002/20220823_033000.WAV,Telephone Field,recover-20220825,002,1795
1445.7395,1445.7771,68437,81386,Rhinolophus ferrumequinum,0.023,0.023,-1,Echolocation,/mnt/ubna_data_01_mir/recover-20220825/UBNA_002/20220823_033000.WAV,Telephone Field,recover-20220825,002,1795
1445.7435,1445.751,23750,32122,Plecotus austriacus,0.008,0.02,-1,Echolocation,/mnt/ubna_data_01_mir/recover-20220825/UBNA_002/20220823_033000.WAV,Telephone Field,recover-20220825,002,1795
1445.7685,1445.8086,68437,82015,Rhinolophus ferrumequinum,0.021,0.021,-1,Echolocation,/mnt/ubna_data_01_mir/recover-20220825/UBNA_002/20220823_033000.WAV,Telephone Field,recover-20220825,002,1795
1445.7745,1445.7861,22031,26349,Nyctalus leisleri,0.012,0.023,-1,Echolocation,/mnt/ubna_data_01_mir/recover-20220825/UBNA_002/20220823_033000.WAV,Telephone Field,recover-20220825,002,1795
1445.7775,1445.7842,28906,38666,Eptesicus serotinus,0.007,0.025,-1,Echolocation,/mnt/ubna_data_01_mir/recover-20220825/UBNA_002/20220823_033000.WAV,Telephone Field,recover-20220825,002,1795
1445.7965,1445.8342,68437,81481,Rhinolophus ferrumequinum,0.02,0.02,-1,Echolocation,/mnt/ubna_data_01_mir/recover-20220825/UBNA_002/20220823_033000.WAV,Telephone Field,recover-20220825,002,1795
1445.8085,1445.8481,68437,83104,Rhinolophus ferrumequinum,0.035,0.035,-1,Echolocation,/mnt/ubna_data_01_mir/recover-20220825/UBNA_002/20220823_033000.WAV,Telephone Field,recover-20220825,002,1795
1445.8535,1445.8941,68437,83053,Rhinolophus ferrumequinum,0.026,0.026,-1,Echolocation,/mnt/ubna_data_01_mir/recover-20220825/UBNA_002/20220823_033000.WAV,Telephone Field,recover-20220825,002,1795
1445.8595,1445.8679,24609,32299,Nyctalus leisleri,0.005,0.02,-1,Echolocation,/mnt/ubna_data_01_mir/recover-20220825/UBNA_002/20220823_033000.WAV,Telephone Field,recover-20220825,002,1795
1445.8965,1445.9061,26328,36333,Eptesicus serotinus,0.009,0.021,-1,Echolocation,/mnt/ubna_data_01_mir/recover-20220825/UBNA_002/20220823_033000.WAV,Telephone Field,recover-20220825,002,1795
1445.8995,1445.9383,68437,82245,Rhinolophus ferrumequinum,0.022,0.022,-1,Echolocation,/mnt/ubna_data_01_mir/recover-20220825/UBNA_002/20220823_033000.WAV,Telephone Field,recover-20220825,002,1795
1446.0015,1446.0112,26328,33155,Nyctalus leisleri,0.016,0.042,-1,Echolocation,/mnt/ubna_data_01_mir/recover-20220825/UBNA_002/20220823_033000.WAV,Telephone Field,recover-20220825,002,1795
1446.0015,1446.0332,69296,81567,Rhinolophus ferrumequinum,0.029,0.03,-1,Echolocation,/mnt/ubna_data_01_mir/recover-20220825/UBNA_002/20220823_033000.WAV,Telephone Field,recover-20220825,002,1795
1446.0095,1446.0179,28046,39113,Eptesicus serotinus,0.007,0.022,-1,Echolocation,/mnt/ubna_data_01_mir/recover-20220825/UBNA_002/20220823_033000.WAV,Telephone Field,recover-20220825,002,1795
1446.0305,1446.0708,68437,81938,Rhinolophus ferrumequinum,0.03,0.03,-1,Echolocation,/mnt/ubna_data_01_mir/recover-20220825/UBNA_002/20220823_033000.WAV,Telephone Field,recover-20220825,002,1795
1446.0385,1446.047,28906,38247,Eptesicus serotinus,0.008,0.023,-1,Echolocation,/mnt/ubna_data_01_mir/recover-20220825/UBNA_002/20220823_033000.WAV,Telephone Field,recover-20220825,002,1795
1446.0505,1446.0877,68437,82009,Rhinolophus ferrumequinum,0.022,0.022,-1,Echolocation,/mnt/ubna_data_01_mir/recover-20220825/UBNA_002/20220823_033000.WAV,Telephone Field,recover-20220825,002,1795
1446.0815,1446.1175,68437,81060,Rhinolophus ferrumequinum,0.02,0.02,-1,Echolocation,/mnt/ubna_data_01_mir/recover-20220825/UBNA_002/20220823_033000.WAV,Telephone Field,recover-20220825,002,1795
1446.1175,1446.1604,68437,83048,Rhinolophus ferrumequinum,0.033,0.033,-1,Echolocation,/mnt/ubna_data_01_mir/recover-20220825/UBNA_002/20220823_033000.WAV,Telephone Field,recover-20220825,002,1795
1446.1355,1446.1738,68437,82044,Rhinolophus ferrumequinum,0.029,0.029,-1,Echolocation,/mnt/ubna_data_01_mir/recover-20220825/UBNA_002/20220823_033000.WAV,Telephone Field,recover-20220825,002,1795
1446.1545,1446.1667,14296,19999,Nyctalus noctula,0.031,0.047,-1,Echolocation,/mnt/ubna_data_01_mir/recover-20220825/UBNA_002/20220823_033000.WAV,Telephone Field,recover-20220825,002,1795
1446.1585,1446.1655,27187,45969,Eptesicus serotinus,0.007,0.023,-1,Echolocation,/mnt/ubna_data_01_mir/recover-20220825/UBNA_002/20220823_033000.WAV,Telephone Field,recover-20220825,002,1795
1446.2645,1446.3038,68437,81951,Rhinolophus ferrumequinum,0.027,0.027,-1,Echolocation,/mnt/ubna_data_01_mir/recover-20220825/UBNA_002/20220823_033000.WAV,Telephone Field,recover-20220825,002,1795
1446.2985,1446.3385,68437,81891,Rhinolophus ferrumequinum,0.021,0.021,-1,Echolocation,/mnt/ubna_data_01_mir/recover-20220825/UBNA_002/20220823_033000.WAV,Telephone Field,recover-20220825,002,1795
1446.3565,1446.3962,68437,82479,Rhinolophus ferrumequinum,0.023,0.023,-1,Echolocation,/mnt/ubna_data_01_mir/recover-20220825/UBNA_002/20220823_033000.WAV,Telephone Field,recover-20220825,002,1795
1446.3635,1446.3787,22031,27517,Nyctalus leisleri,0.014,0.035,-1,Echolocation,/mnt/ubna_data_01_mir/recover-20220825/UBNA_002/20220823_033000.WAV,Telephone Field,recover-20220825,002,1795
1446.3755,1446.4158,68437,82026,Rhinolophus ferrumequinum,0.024,0.024,-1,Echolocation,/mnt/ubna_data_01_mir/recover-20220825/UBNA_002/20220823_033000.WAV,Telephone Field,recover-20220825,002,1795
1446.4005,1446.4397,68437,81964,Rhinolophus ferrumequinum,0.021,0.021,-1,Echolocation,/mnt/ubna_data_01_mir/recover-20220825/UBNA_002/20220823_033000.WAV,Telephone Field,recover-20220825,002,1795
1446.4405,1446.4777,68437,81893,Rhinolophus ferrumequinum,0.02,0.02,-1,Echolocation,/mnt/ubna_data_01_mir/recover-20220825/UBNA_002/20220823_033000.WAV,Telephone Field,recover-20220825,002,1795
1446.4505,1446.4583,28906,39472,Eptesicus serotinus,0.008,0.026,-1,Echolocation,/mnt/ubna_data_01_mir/recover-20220825/UBNA_002/20220823_033000.WAV,Telephone Field,recover-20220825,002,1795
1446.4515,1446.4919,68437,82115,Rhinolophus ferrumequinum,0.023,0.023,-1,Echolocation,/mnt/ubna_data_01_mir/recover-20220825/UBNA_002/20220823_033000.WAV,Telephone Field,recover-20220825,002,1795
1446.4755,1446.4854,22890,29423,Nyctalus leisleri,0.007,0.022,-1,Echolocation,/mnt/ubna_data_01_mir/recover-20220825/UBNA_002/20220823_033000.WAV,Telephone Field,recover-20220825,002,1795
1446.4765,1446.5179,68437,82355,Rhinolophus ferrumequinum,0.023,0.023,-1,Echolocation,/mnt/ubna_data_01_mir/recover-20220825/UBNA_002/20220823_033000.WAV,Telephone Field,recover-20220825,002,1795
1446.4815,1446.4887,28046,37728,Eptesicus serotinus,0.008,0.023,-1,Echolocation,/mnt/ubna_data_01_mir/recover-20220825/UBNA_002/20220823_033000.WAV,Telephone Field,recover-20220825,002,1795
1446.5375,1446.5464,28046,39119,Eptesicus serotinus,0.008,0.022,-1,Echolocation,/mnt/ubna_data_01_mir/recover-20220825/UBNA_002/20220823_033000.WAV,Telephone Field,recover-20220825,002,1795
1446.5665,1446.6059,68437,82119,Rhinolophus ferrumequinum,0.025,0.025,-1,Echolocation,/mnt/ubna_data_01_mir/recover-20220825/UBNA_002/20220823_033000.WAV,Telephone Field,recover-20220825,002,1795
1446.5755,1446.6159,68437,82994,Rhinolophus ferrumequinum,0.029,0.029,-1,Echolocation,/mnt/ubna_data_01_mir/recover-20220825/UBNA_002/20220823_033000.WAV,Telephone Field,recover-20220825,002,1795
1446.6165,1446.654,68437,82480,Rhinolophus ferrumequinum,0.025,0.025,-1,Echolocation,/mnt/ubna_data_01_mir/recover-20220825/UBNA_002/20220823_033000.WAV,Telephone Field,recover-20220825,002,1795
1446.6335,1446.6707,68437,82285,Rhinolophus ferrumequinum,0.021,0.021,-1,Echolocation,/mnt/ubna_data_01_mir/recover-20220825/UBNA_002/20220823_033000.WAV,Telephone Field,recover-20220825,002,1795
1446.6675,1446.7083,68437,82362,Rhinolophus ferrumequinum,0.026,0.026,-1,Echolocation,/mnt/ubna_data_01_mir/recover-20220825/UBNA_002/20220823_033000.WAV,Telephone Field,recover-20220825,002,1795
1446.7195,1446.7268,46093,50003,Pipistrellus pipistrellus,0.026,0.027,-1,Echolocation,/mnt/ubna_data_01_mir/recover-20220825/UBNA_002/20220823_033000.WAV,Telephone Field,recover-20220825,002,1795
1446.7405,1446.782,68437,82337,Rhinolophus ferrumequinum,0.023,0.024,-1,Echolocation,/mnt/ubna_data_01_mir/recover-20220825/UBNA_002/20220823_033000.WAV,Telephone Field,recover-20220825,002,1795
1446.7575,1446.7973,68437,82212,Rhinolophus ferrumequinum,0.022,0.022,-1,Echolocation,/mnt/ubna_data_01_mir/recover-20220825/UBNA_002/20220823_033000.WAV,Telephone Field,recover-20220825,002,1795
1446.7675,1446.7812,22890,27653,Nyctalus leisleri,0.011,0.021,-1,Echolocation,/mnt/ubna_data_01_mir/recover-20220825/UBNA_002/20220823_033000.WAV,Telephone Field,recover-20220825,002,1795
1446.7755,1446.7873,23750,28571,Nyctalus leisleri,0.012,0.025,-1,Echolocation,/mnt/ubna_data_01_mir/recover-20220825/UBNA_002/20220823_033000.WAV,Telephone Field,recover-20220825,002,1795
1446.7815,1446.8193,68437,82365,Rhinolophus ferrumequinum,0.024,0.024,-1,Echolocation,/mnt/ubna_data_01_mir/recover-20220825/UBNA_002/20220823_033000.WAV,Telephone Field,recover-20220825,002,1795
1446.7935,1446.8013,27187,38256,Eptesicus serotinus,0.007,0.023,-1,Echolocation,/mnt/ubna_data_01_mir/recover-20220825/UBNA_002/20220823_033000.WAV,Telephone Field,recover-20220825,002,1795
1446.8065,1446.8473,68437,82654,Rhinolophus ferrumequinum,0.026,0.026,-1,Echolocation,/mnt/ubna_data_01_mir/recover-20220825/UBNA_002/20220823_033000.WAV,Telephone Field,recover-20220825,002,1795
1446.8225,1446.8642,68437,82991,Rhinolophus ferrumequinum,0.036,0.036,-1,Echolocation,/mnt/ubna_data_01_mir/recover-20220825/UBNA_002/20220823_033000.WAV,Telephone Field,recover-20220825,002,1795
1446.8425,1446.8533,23750,28776,Nyctalus leisleri,0.014,0.027,-1,Echolocation,/mnt/ubna_data_01_mir/recover-20220825/UBNA_002/20220823_033000.WAV,Telephone Field,recover-20220825,002,1795
1446.8705,1446.9112,68437,82592,Rhinolophus ferrumequinum,0.025,0.025,-1,Echolocation,/mnt/ubna_data_01_mir/recover-20220825/UBNA_002/20220823_033000.WAV,Telephone Field,recover-20220825,002,1795
1446.8735,1446.8816,26328,38412,Eptesicus serotinus,0.007,0.021,-1,Echolocation,/mnt/ubna_data_01_mir/recover-20220825/UBNA_002/20220823_033000.WAV,Telephone Field,recover-20220825,002,1795
1446.8885,1446.8961,23750,32400,Plecotus austriacus,0.014,0.035,-1,Echolocation,/mnt/ubna_data_01_mir/recover-20220825/UBNA_002/20220823_033000.WAV,Telephone Field,recover-20220825,002,1795
1446.8895,1446.9272,68437,82070,Rhinolophus ferrumequinum,0.022,0.022,-1,Echolocation,/mnt/ubna_data_01_mir/recover-20220825/UBNA_002/20220823_033000.WAV,Telephone Field,recover-20220825,002,1795
1446.9615,1446.9714,23750,31049,Nyctalus leisleri,0.008,0.023,-1,Echolocation,/mnt/ubna_data_01_mir/recover-20220825/UBNA_002/20220823_033000.WAV,Telephone Field,recover-20220825,002,1795
1446.9865,1447.0239,68437,81622,Rhinolophus ferrumequinum,0.021,0.021,-1,Echolocation,/mnt/ubna_data_01_mir/recover-20220825/UBNA_002/20220823_033000.WAV,Telephone Field,recover-20220825,002,1795
1446.9975,1447.006,25468,33515,Eptesicus serotinus,0.011,0.025,-1,Echolocation,/mnt/ubna_data_01_mir/recover-20220825/UBNA_002/20220823_033000.WAV,Telephone Field,recover-20220825,002,1795
1447.0215,1447.0312,28906,36389,Eptesicus serotinus,0.009,0.024,-1,Echolocation,/mnt/ubna_data_01_mir/recover-20220825/UBNA_002/20220823_033000.WAV,Telephone Field,recover-20220825,002,1795
1447.0225,1447.0301,50390,56488,Pipistrellus pipistrellus,0.021,0.025,-1,Echolocation,/mnt/ubna_data_01_mir/recover-20220825/UBNA_002/20220823_033000.WAV,Telephone Field,recover-20220825,002,1795
1447.0225,1447.0636,68437,82570,Rhinolophus ferrumequinum,0.033,0.033,-1,Echolocation,/mnt/ubna_data_01_mir/recover-20220825/UBNA_002/20220823_033000.WAV,Telephone Field,recover-20220825,002,1795
1447.0285,1447.0711,68437,83527,Rhinolophus ferrumequinum,0.031,0.031,-1,Echolocation,/mnt/ubna_data_01_mir/recover-20220825/UBNA_002/20220823_033000.WAV,Telephone Field,recover-20220825,002,1795
1447.0905,1447.1295,68437,81844,Rhinolophus ferrumequinum,0.021,0.021,-1,Echolocation,/mnt/ubna_data_01_mir/recover-20220825/UBNA_002/20220823_033000.WAV,Telephone Field,recover-20220825,002,1795
1447.1565,1447.1949,68437,82433,Rhinolophus ferrumequinum,0.02,0.02,-1,Echolocation,/mnt/ubna_data_01_mir/recover-20220825/UBNA_002/20220823_033000.WAV,Telephone Field,recover-20220825,002,1795
1447.1745,1447.1838,43515,47837,Pipistrellus pipistrellus,0.02,0.025,-1,Echolocation,/mnt/ubna_data_01_mir/recover-20220825/UBNA_002/20220823_033000.WAV,Telephone Field,recover-20220825,002,1795
1447.1835,1447.1911,28046,37319,Eptesicus serotinus,0.012,0.031,-1,Echolocation,/mnt/ubna_data_01_mir/recover-20220825/UBNA_002/20220823_033000.WAV,Telephone Field,recover-20220825,002,1795
1447.1975,1447.2447,68437,84077,Rhinolophus ferrumequinum,0.043,0.043,-1,Echolocation,/mnt/ubna_data_01_mir/recover-20220825/UBNA_002/20220823_033000.WAV,Telephone Field,recover-20220825,002,1795
1447.2305,1447.2716,68437,82233,Rhinolophus ferrumequinum,0.022,0.022,-1,Echolocation,/mnt/ubna_data_01_mir/recover-20220825/UBNA_002/20220823_033000.WAV,Telephone Field,recover-20220825,002,1795
1447.2575,1447.2991,68437,82604,Rhinolophus ferrumequinum,0.026,0.026,-1,Echolocation,/mnt/ubna_data_01_mir/recover-20220825/UBNA_002/20220823_033000.WAV,Telephone Field,recover-20220825,002,1795
1447.2605,1447.2681,26328,39033,Eptesicus serotinus,0.007,0.024,-1,Echolocation,/mnt/ubna_data_01_mir/recover-20220825/UBNA_002/20220823_033000.WAV,Telephone Field,recover-20220825,002,1795
1447.2855,1447.2931,23750,31768,Plecotus austriacus,0.009,0.022,-1,Echolocation,/mnt/ubna_data_01_mir/recover-20220825/UBNA_002/20220823_033000.WAV,Telephone Field,recover-20220825,002,1795
1447.3265,1447.3653,68437,82462,Rhinolophus ferrumequinum,0.022,0.022,-1,Echolocation,/mnt/ubna_data_01_mir/recover-20220825/UBNA_002/20220823_033000.WAV,Telephone Field,recover-20220825,002,1795
1447.3405,1447.3483,27187,41229,Eptesicus serotinus,0.008,0.023,-1,Echolocation,/mnt/ubna_data_01_mir/recover-20220825/UBNA_002/20220823_033000.WAV,Telephone Field,recover-20220825,002,1795
1447.3465,1447.3848,68437,82262,Rhinolophus ferrumequinum,0.022,0.022,-1,Echolocation,/mnt/ubna_data_01_mir/recover-20220825/UBNA_002/20220823_033000.WAV,Telephone Field,recover-20220825,002,1795
1447.3515,1447.3619,28906,36451,Eptesicus serotinus,0.008,0.02,-1,Echolocation,/mnt/ubna_data_01_mir/recover-20220825/UBNA_002/20220823_033000.WAV,Telephone Field,recover-20220825,002,1795
1447.3725,1447.4134,68437,83165,Rhinolophus ferrumequinum,0.024,0.024,-1,Echolocation,/mnt/ubna_data_01_mir/recover-20220825/UBNA_002/20220823_033000.WAV,Telephone Field,recover-20220825,002,1795
1447.4125,1447.4524,68437,82392,Rhinolophus ferrumequinum,0.025,0.025,-1,Echolocation,/mnt/ubna_data_01_mir/recover-20220825/UBNA_002/20220823_033000.WAV,Telephone Field,recover-20220825,002,1795
1447.4335,1447.4415,22890,30770,Plecotus austriacus,0.015,0.031,-1,Echolocation,/mnt/ubna_data_01_mir/recover-20220825/UBNA_002/20220823_033000.WAV,Telephone Field,recover-20220825,002,1795
1447.4545,1447.499,68437,83774,Rhinolophus ferrumequinum,0.041,0.041,-1,Echolocation,/mnt/ubna_data_01_mir/recover-20220825/UBNA_002/20220823_033000.WAV,Telephone Field,recover-20220825,002,1795
1447.4565,1447.4653,22031,29951,Plecotus austriacus,0.015,0.031,-1,Echolocation,/mnt/ubna_data_01_mir/recover-20220825/UBNA_002/20220823_033000.WAV,Telephone Field,recover-20220825,002,1795
1447.4875,1447.4947,28046,39156,Eptesicus serotinus,0.007,0.021,-1,Echolocation,/mnt/ubna_data_01_mir/recover-20220825/UBNA_002/20220823_033000.WAV,Telephone Field,recover-20220825,002,1795
1447.5515,1447.5624,22890,27558,Nyctalus leisleri,0.012,0.022,-1,Echolocation,/mnt/ubna_data_01_mir/recover-20220825/UBNA_002/20220823_033000.WAV,Telephone Field,recover-20220825,002,1795
1447.5725,1447.5805,51250,56304,Pipistrellus pipistrellus,0.021,0.024,-1,Echolocation,/mnt/ubna_data_01_mir/recover-20220825/UBNA_002/20220823_033000.WAV,Telephone Field,recover-20220825,002,1795
1447.5765,1447.6194,68437,83486,Rhinolophus ferrumequinum,0.035,0.035,-1,Echolocation,/mnt/ubna_data_01_mir/recover-20220825/UBNA_002/20220823_033000.WAV,Telephone Field,recover-20220825,002,1795
1447.6275,1447.6372,28046,36723,Eptesicus serotinus,0.009,0.021,-1,Echolocation,/mnt/ubna_data_01_mir/recover-20220825/UBNA_002/20220823_033000.WAV,Telephone Field,recover-20220825,002,1795
1447.6315,1447.6733,68437,82412,Rhinolophus ferrumequinum,0.029,0.029,-1,Echolocation,/mnt/ubna_data_01_mir/recover-20220825/UBNA_002/20220823_033000.WAV,Telephone Field,recover-20220825,002,1795
1447.6725,1447.7122,68437,82056,Rhinolophus ferrumequinum,0.02,0.02,-1,Echolocation,/mnt/ubna_data_01_mir/recover-20220825/UBNA_002/20220823_033000.WAV,Telephone Field,recover-20220825,002,1795
1447.6755,1447.6812,48671,57264,Pipistrellus pipistrellus,0.019,0.021,-1,Echolocation,/mnt/ubna_data_01_mir/recover-20220825/UBNA_002/20220823_033000.WAV,Telephone Field,recover-20220825,002,1795
1447.6955,1447.7055,25468,32008,Eptesicus serotinus,0.007,0.02,-1,Echolocation,/mnt/ubna_data_01_mir/recover-20220825/UBNA_002/20220823_033000.WAV,Telephone Field,recover-20220825,002,1795
1447.7045,1447.7435,68437,82042,Rhinolophus ferrumequinum,0.021,0.021,-1,Echolocation,/mnt/ubna_data_01_mir/recover-20220825/UBNA_002/20220823_033000.WAV,Telephone Field,recover-20220825,002,1795
1447.7515,1447.7583,31484,47492,Myotis daubentonii,0.009,0.022,-1,Echolocation,/mnt/ubna_data_01_mir/recover-20220825/UBNA_002/20220823_033000.WAV,Telephone Field,recover-20220825,002,1795
1447.7525,1447.7589,24609,37662,Plecotus austriacus,0.008,0.023,-1,Echolocation,/mnt/ubna_data_01_mir/recover-20220825/UBNA_002/20220823_033000.WAV,Telephone Field,recover-20220825,002,1795
1447.7935,1447.7995,45234,51877,Pipistrellus pipistrellus,0.031,0.032,-1,Echolocation,/mnt/ubna_data_01_mir/recover-20220825/UBNA_002/20220823_033000.WAV,Telephone Field,recover-20220825,002,1795
1447.8115,1447.8538,68437,82397,Rhinolophus ferrumequinum,0.023,0.023,-1,Echolocation,/mnt/ubna_data_01_mir/recover-20220825/UBNA_002/20220823_033000.WAV,Telephone Field,recover-20220825,002,1795
1447.8135,1447.8208,28046,42199,Eptesicus serotinus,0.007,0.021,-1,Echolocation,/mnt/ubna_data_01_mir/recover-20220825/UBNA_002/20220823_033000.WAV,Telephone Field,recover-20220825,002,1795
1447.8525,1447.892,68437,81976,Rhinolophus ferrumequinum,0.021,0.021,-1,Echolocation,/mnt/ubna_data_01_mir/recover-20220825/UBNA_002/20220823_033000.WAV,Telephone Field,recover-20220825,002,1795
1447.9145,1447.9237,28046,37974,Eptesicus serotinus,0.008,0.021,-1,Echolocation,/mnt/ubna_data_01_mir/recover-20220825/UBNA_002/20220823_033000.WAV,Telephone Field,recover-20220825,002,1795
1447.9385,1447.9506,23750,28701,Nyctalus leisleri,0.011,0.023,-1,Echolocation,/mnt/ubna_data_01_mir/recover-20220825/UBNA_002/20220823_033000.WAV,Telephone Field,recover-20220825,002,1795
1447.9435,1447.9844,68437,82866,Rhinolophus ferrumequinum,0.025,0.025,-1,Echolocation,/mnt/ubna_data_01_mir/recover-20220825/UBNA_002/20220823_033000.WAV,Telephone Field,recover-20220825,002,1795
1447.9705,1447.9797,27187,36218,Eptesicus serotinus,0.011,0.025,-1,Echolocation,/mnt/ubna_data_01_mir/recover-20220825/UBNA_002/20220823_033000.WAV,Telephone Field,recover-20220825,002,1795
1448.0015,1448.0365,68437,80630,Rhinolophus ferrumequinum,0.047,0.047,-1,Echolocation,/mnt/ubna_data_01_mir/recover-20220825/UBNA_002/20220823_033000.WAV,Telephone Field,recover-20220825,002,1795
1448.0015,1448.01,21171,27035,Nyctalus leisleri,0.011,0.027,-1,Echolocation,/mnt/ubna_data_01_mir/recover-20220825/UBNA_002/20220823_033000.WAV,Telephone Field,recover-20220825,002,1795
1448.0055,1448.0162,54687,58167,Pipistrellus pygmaeus,0.023,0.026,-1,Echolocation,/mnt/ubna_data_01_mir/recover-20220825/UBNA_002/20220823_033000.WAV,Telephone Field,recover-20220825,002,1795
1448.0395,1448.0798,68437,82105,Rhinolophus ferrumequinum,0.025,0.025,-1,Echolocation,/mnt/ubna_data_01_mir/recover-20220825/UBNA_002/20220823_033000.WAV,Telephone Field,recover-20220825,002,1795
1448.0635,1448.072,30625,42085,Myotis daubentonii,0.007,0.023,-1,Echolocation,/mnt/ubna_data_01_mir/recover-20220825/UBNA_002/20220823_033000.WAV,Telephone Field,recover-20220825,002,1795
1448.0695,1448.0784,22890,29971,Plecotus austriacus,0.008,0.021,-1,Echolocation,/mnt/ubna_data_01_mir/recover-20220825/UBNA_002/20220823_033000.WAV,Telephone Field,recover-20220825,002,1795
1448.0915,1448.1277,68437,81698,Rhinolophus ferrumequinum,0.025,0.025,-1,Echolocation,/mnt/ubna_data_01_mir/recover-20220825/UBNA_002/20220823_033000.WAV,Telephone Field,recover-20220825,002,1795
1448.1075,1448.1165,28046,35205,Eptesicus serotinus,0.017,0.035,-1,Echolocation,/mnt/ubna_data_01_mir/recover-20220825/UBNA_002/20220823_033000.WAV,Telephone Field,recover-20220825,002,1795
1448.1185,1448.1578,68437,82419,Rhinolophus ferrumequinum,0.024,0.024,-1,Echolocation,/mnt/ubna_data_01_mir/recover-20220825/UBNA_002/20220823_033000.WAV,Telephone Field,recover-20220825,002,1795
1448.1315,1448.1751,68437,83321,Rhinolophus ferrumequinum,0.033,0.033,-1,Echolocation,/mnt/ubna_data_01_mir/recover-20220825/UBNA_002/20220823_033000.WAV,Telephone Field,recover-20220825,002,1795
1448.1525,1448.1954,68437,84175,Rhinolophus ferrumequinum,0.037,0.037,-1,Echolocation,/mnt/ubna_data_01_mir/recover-20220825/UBNA_002/20220823_033000.WAV,Telephone Field,recover-20220825,002,1795
1448.1805,1448.2194,68437,82671,Rhinolophus ferrumequinum,0.024,0.024,-1,Echolocation,/mnt/ubna_data_01_mir/recover-20220825/UBNA_002/20220823_033000.WAV,Telephone Field,recover-20220825,002,1795
1448.2125,1448.22,27187,40381,Eptesicus serotinus,0.007,0.024,-1,Echolocation,/mnt/ubna_data_01_mir/recover-20220825/UBNA_002/20220823_033000.WAV,Telephone Field,recover-20220825,002,1795
1448.2395,1448.2773,68437,81837,Rhinolophus ferrumequinum,0.025,0.025,-1,Echolocation,/mnt/ubna_data_01_mir/recover-20220825/UBNA_002/20220823_033000.WAV,Telephone Field,recover-20220825,002,1795
1448.2545,1448.2935,68437,82205,Rhinolophus ferrumequinum,0.022,0.022,-1,Echolocation,/mnt/ubna_data_01_mir/recover-20220825/UBNA_002/20220823_033000.WAV,Telephone Field,recover-20220825,002,1795
1448.2545,1448.2638,27187,34941,Eptesicus serotinus,0.009,0.021,-1,Echolocation,/mnt/ubna_data_01_mir/recover-20220825/UBNA_002/20220823_033000.WAV,Telephone Field,recover-20220825,002,1795
1448.2865,1448.3268,68437,82515,Rhinolophus ferrumequinum,0.022,0.022,-1,Echolocation,/mnt/ubna_data_01_mir/recover-20220825/UBNA_002/20220823_033000.WAV,Telephone Field,recover-20220825,002,1795
1448.2915,1448.2983,28046,40143,Eptesicus serotinus,0.01,0.04,-1,Echolocation,/mnt/ubna_data_01_mir/recover-20220825/UBNA_002/20220823_033000.WAV,Telephone Field,recover-20220825,002,1795
1448.3115,1448.3493,68437,81966,Rhinolophus ferrumequinum,0.021,0.021,-1,Echolocation,/mnt/ubna_data_01_mir/recover-20220825/UBNA_002/20220823_033000.WAV,Telephone Field,recover-20220825,002,1795
1448.3195,1448.359,68437,82027,Rhinolophus ferrumequinum,0.022,0.022,-1,Echolocation,/mnt/ubna_data_01_mir/recover-20220825/UBNA_002/20220823_033000.WAV,Telephone Field,recover-20220825,002,1795
1448.3275,1448.3675,68437,82376,Rhinolophus ferrumequinum,0.022,0.022,-1,Echolocation,/mnt/ubna_data_01_mir/recover-20220825/UBNA_002/20220823_033000.WAV,Telephone Field,recover-20220825,002,1795
1448.3515,1448.3589,26328,38558,Eptesicus serotinus,0.006,0.021,-1,Echolocation,/mnt/ubna_data_01_mir/recover-20220825/UBNA_002/20220823_033000.WAV,Telephone Field,recover-20220825,002,1795
1448.3655,1448.405,68437,81785,Rhinolophus ferrumequinum,0.025,0.025,-1,Echolocation,/mnt/ubna_data_01_mir/recover-20220825/UBNA_002/20220823_033000.WAV,Telephone Field,recover-20220825,002,1795
1448.3875,1448.4285,68437,82621,Rhinolophus ferrumequinum,0.034,0.034,-1,Echolocation,/mnt/ubna_data_01_mir/recover-20220825/UBNA_002/20220823_033000.WAV,Telephone Field,recover-20220825,002,1795
1448.4135,1448.4533,68437,82289,Rhinolophus ferrumequinum,0.023,0.023,-1,Echolocation,/mnt/ubna_data_01_mir/recover-20220825/UBNA_002/20220823_033000.WAV,Telephone Field,recover-20220825,002,1795
1448.4215,1448.4621,68437,82897,Rhinolophus ferrumequinum,0.022,0.022,-1,Echolocation,/mnt/ubna_data_01_mir/recover-20220825/UBNA_002/20220823_033000.WAV,Telephone Field,recover-20220825,002,1795
1448.4295,1448.4707,68437,82528,Rhinolophus ferrumequinum,0.024,0.024,-1,Echolocation,/mnt/ubna_data_01_mir/recover-20220825/UBNA_002/20220823_033000.WAV,Telephone Field,recover-20220825,002,1795
1448.4555,1448.4895,68437,80624,Rhinolophus ferrumequinum,0.022,0.022,-1,Echolocation,/mnt/ubna_data_01_mir/recover-20220825/UBNA_002/20220823_033000.WAV,Telephone Field,recover-20220825,002,1795
1448.4795,1448.5158,68437,82115,Rhinolophus ferrumequinum,0.022,0.022,-1,Echolocation,/mnt/ubna_data_01_mir/recover-20220825/UBNA_002/20220823_033000.WAV,Telephone Field,recover-20220825,002,1795
1448.4935,1448.5021,26328,37105,Eptesicus serotinus,0.008,0.022,-1,Echolocation,/mnt/ubna_data_01_mir/recover-20220825/UBNA_002/20220823_033000.WAV,Telephone Field,recover-20220825,002,1795
1448.5125,1448.5516,68437,81817,Rhinolophus ferrumequinum,0.024,0.024,-1,Echolocation,/mnt/ubna_data_01_mir/recover-20220825/UBNA_002/20220823_033000.WAV,Telephone Field,recover-20220825,002,1795
1448.5175,1448.5267,28046,39098,Eptesicus serotinus,0.008,0.021,-1,Echolocation,/mnt/ubna_data_01_mir/recover-20220825/UBNA_002/20220823_033000.WAV,Telephone Field,recover-20220825,002,1795
1448.5225,1448.5315,28046,39259,Eptesicus serotinus,0.008,0.021,-1,Echolocation,/mnt/ubna_data_01_mir/recover-20220825/UBNA_002/20220823_033000.WAV,Telephone Field,recover-20220825,002,1795
1448.5505,1448.5924,68437,82553,Rhinolophus ferrumequinum,0.031,0.031,-1,Echolocation,/mnt/ubna_data_01_mir/recover-20220825/UBNA_002/20220823_033000.WAV,Telephone Field,recover-20220825,002,1795
1448.5715,1448.6119,68437,82995,Rhinolophus ferrumequinum,0.026,0.026,-1,Echolocation,/mnt/ubna_data_01_mir/recover-20220825/UBNA_002/20220823_033000.WAV,Telephone Field,recover-20220825,002,1795
1448.5895,1448.6273,68437,81872,Rhinolophus ferrumequinum,0.021,0.021,-1,Echolocation,/mnt/ubna_data_01_mir/recover-20220825/UBNA_002/20220823_033000.WAV,Telephone Field,recover-20220825,002,1795
1448.6135,1448.6555,68437,82985,Rhinolophus ferrumequinum,0.028,0.028,-1,Echolocation,/mnt/ubna_data_01_mir/recover-20220825/UBNA_002/20220823_033000.WAV,Telephone Field,recover-20220825,002,1795
1448.6265,1448.6356,28906,41030,Eptesicus serotinus,0.008,0.022,-1,Echolocation,/mnt/ubna_data_01_mir/recover-20220825/UBNA_002/20220823_033000.WAV,Telephone Field,recover-20220825,002,1795
1448.6465,1448.6835,68437,81947,Rhinolophus ferrumequinum,0.022,0.022,-1,Echolocation,/mnt/ubna_data_01_mir/recover-20220825/UBNA_002/20220823_033000.WAV,Telephone Field,recover-20220825,002,1795
1448.6555,1448.6637,27187,37766,Eptesicus serotinus,0.007,0.022,-1,Echolocation,/mnt/ubna_data_01_mir/recover-20220825/UBNA_002/20220823_033000.WAV,Telephone Field,recover-20220825,002,1795
1448.6675,1448.7064,68437,81987,Rhinolophus ferrumequinum,0.021,0.021,-1,Echolocation,/mnt/ubna_data_01_mir/recover-20220825/UBNA_002/20220823_033000.WAV,Telephone Field,recover-20220825,002,1795
1448.6765,1448.7184,68437,83120,Rhinolophus ferrumequinum,0.023,0.024,-1,Echolocation,/mnt/ubna_data_01_mir/recover-20220825/UBNA_002/20220823_033000.WAV,Telephone Field,recover-20220825,002,1795
1448.6855,1448.6937,26328,38008,Eptesicus serotinus,0.007,0.021,-1,Echolocation,/mnt/ubna_data_01_mir/recover-20220825/UBNA_002/20220823_033000.WAV,Telephone Field,recover-20220825,002,1795
1448.7075,1448.7467,68437,82031,Rhinolophus ferrumequinum,0.022,0.022,-1,Echolocation,/mnt/ubna_data_01_mir/recover-20220825/UBNA_002/20220823_033000.WAV,Telephone Field,recover-20220825,002,1795
1448.7755,1448.7843,45234,50462,Pipistrellus pipistrellus,0.021,0.022,-1,Echolocation,/mnt/ubna_data_01_mir/recover-20220825/UBNA_002/20220823_033000.WAV,Telephone Field,recover-20220825,002,1795
1448.8075,1448.8491,68437,82708,Rhinolophus ferrumequinum,0.024,0.024,-1,Echolocation,/mnt/ubna_data_01_mir/recover-20220825/UBNA_002/20220823_033000.WAV,Telephone Field,recover-20220825,002,1795
1448.8275,1448.8655,68437,82275,Rhinolophus ferrumequinum,0.035,0.035,-1,Echolocation,/mnt/ubna_data_01_mir/recover-20220825/UBNA_002/20220823_033000.WAV,Telephone Field,recover-20220825,002,1795
1448.8285,1448.8358,27187,39182,Eptesicus serotinus,0.006,0.024,-1,Echolocation,/mnt/ubna_data_01_mir/recover-20220825/UBNA_002/20220823_033000.WAV,Telephone Field,recover-20220825,002,1795
1448.8395,1448.8504,24609,30345,Nyctalus leisleri,0.02,0.049,-1,Echolocation,/mnt/ubna_data_01_mir/recover-20220825/UBNA_002/20220823_033000.WAV,Telephone Field,recover-20220825,002,1795
1448.8455,1448.8857,68437,82448,Rhinolophus ferrumequinum,0.025,0.025,-1,Echolocation,/mnt/ubna_data_01_mir/recover-20220825/UBNA_002/20220823_033000.WAV,Telephone Field,recover-20220825,002,1795
1448.8535,1448.8945,68437,83008,Rhinolophus ferrumequinum,0.027,0.027,-1,Echolocation,/mnt/ubna_data_01_mir/recover-20220825/UBNA_002/20220823_033000.WAV,Telephone Field,recover-20220825,002,1795
1448.8615,1448.8686,22890,31650,Plecotus austriacus,0.015,0.038,-1,Echolocation,/mnt/ubna_data_01_mir/recover-20220825/UBNA_002/20220823_033000.WAV,Telephone Field,recover-20220825,002,1795
1448.8665,1448.8785,28906,35241,Eptesicus serotinus,0.016,0.031,-1,Echolocation,/mnt/ubna_data_01_mir/recover-20220825/UBNA_002/20220823_033000.WAV,Telephone Field,recover-20220825,002,1795
1448.8755,1448.8833,31484,42065,Myotis daubentonii,0.008,0.025,-1,Echolocation,/mnt/ubna_data_01_mir/recover-20220825/UBNA_002/20220823_033000.WAV,Telephone Field,recover-20220825,002,1795
1448.8865,1448.8946,48671,54185,Pipistrellus pipistrellus,0.018,0.021,-1,Echolocation,/mnt/ubna_data_01_mir/recover-20220825/UBNA_002/20220823_033000.WAV,Telephone Field,recover-20220825,002,1795
1448.8915,1448.9049,15156,21294,Nyctalus noctula,0.019,0.028,-1,Echolocation,/mnt/ubna_data_01_mir/recover-20220825/UBNA_002/20220823_033000.WAV,Telephone Field,recover-20220825,002,1795
1448.8915,1448.9338,68437,82906,Rhinolophus ferrumequinum,0.025,0.025,-1,Echolocation,/mnt/ubna_data_01_mir/recover-20220825/UBNA_002/20220823_033000.WAV,Telephone Field,recover-20220825,002,1795
1448.9125,1448.9216,27187,35552,Eptesicus serotinus,0.01,0.024,-1,Echolocation,/mnt/ubna_data_01_mir/recover-20220825/UBNA_002/20220823_033000.WAV,Telephone Field,recover-20220825,002,1795
1448.9185,1448.9279,28046,37421,Eptesicus serotinus,0.009,0.023,-1,Echolocation,/mnt/ubna_data_01_mir/recover-20220825/UBNA_002/20220823_033000.WAV,Telephone Field,recover-20220825,002,1795
1448.9205,1448.9599,68437,81850,Rhinolophus ferrumequinum,0.026,0.026,-1,Echolocation,/mnt/ubna_data_01_mir/recover-20220825/UBNA_002/20220823_033000.WAV,Telephone Field,recover-20220825,002,1795
1448.9415,1448.9766,68437,81665,Rhinolophus ferrumequinum,0.021,0.021,-1,Echolocation,/mnt/ubna_data_01_mir/recover-20220825/UBNA_002/20220823_033000.WAV,Telephone Field,recover-20220825,002,1795
1448.9735,1449.0137,68437,81998,Rhinolophus ferrumequinum,0.022,0.022,-1,Echolocation,/mnt/ubna_data_01_mir/recover-20220825/UBNA_002/20220823_033000.WAV,Telephone Field,recover-20220825,002,1795
1448.9835,1449.0211,68437,82043,Rhinolophus ferrumequinum,0.021,0.021,-1,Echolocation,/mnt/ubna_data_01_mir/recover-20220825/UBNA_002/20220823_033000.WAV,Telephone Field,recover-20220825,002,1795
1448.9845,1448.994,28906,36801,Eptesicus serotinus,0.008,0.023,-1,Echolocation,/mnt/ubna_data_01_mir/recover-20220825/UBNA_002/20220823_033000.WAV,Telephone Field,recover-20220825,002,1795
1449.0005,1449.0376,68437,82678,Rhinolophus ferrumequinum,0.022,0.022,-1,Echolocation,/mnt/ubna_data_01_mir/recover-20220825/UBNA_002/20220823_033000.WAV,Telephone Field,recover-20220825,002,1795
1449.0215,1449.0311,27187,35583,Eptesicus serotinus,0.008,0.021,-1,Echolocation,/mnt/ubna_data_01_mir/recover-20220825/UBNA_002/20220823_033000.WAV,Telephone Field,recover-20220825,002,1795
1449.0385,1449.0794,68437,82459,Rhinolophus ferrumequinum,0.021,0.022,-1,Echolocation,/mnt/ubna_data_01_mir/recover-20220825/UBNA_002/20220823_033000.WAV,Telephone Field,recover-20220825,002,1795
1449.0805,1449.1219,68437,82614,Rhinolophus ferrumequinum,0.035,0.035,-1,Echolocation,/mnt/ubna_data_01_mir/recover-20220825/UBNA_002/20220823_033000.WAV,Telephone Field,recover-20220825,002,1795
1449.0925,1449.1353,68437,83048,Rhinolophus ferrumequinum,0.033,0.033,-1,Echolocation,/mnt/ubna_data_01_mir/recover-20220825/UBNA_002/20220823_033000.WAV,Telephone Field,recover-20220825,002,1795
1449.0975,1449.1076,25468,33449,Eptesicus serotinus,0.01,0.028,-1,Echolocation,/mnt/ubna_data_01_mir/recover-20220825/UBNA_002/20220823_033000.WAV,Telephone Field,recover-20220825,002,1795
1449.1155,1449.1559,68437,81975,Rhinolophus ferrumequinum,0.021,0.021,-1,Echolocation,/mnt/ubna_data_01_mir/recover-20220825/UBNA_002/20220823_033000.WAV,Telephone Field,recover-20220825,002,1795
1449.1185,1449.1266,27187,39669,Eptesicus serotinus,0.008,0.022,-1,Echolocation,/mnt/ubna_data_01_mir/recover-20220825/UBNA_002/20220823_033000.WAV,Telephone Field,recover-20220825,002,1795
1449.1445,1449.1825,68437,82153,Rhinolophus ferrumequinum,0.021,0.021,-1,Echolocation,/mnt/ubna_data_01_mir/recover-20220825/UBNA_002/20220823_033000.WAV,Telephone Field,recover-20220825,002,1795
1449.1635,1449.1719,25468,34193,Eptesicus serotinus,0.012,0.032,-1,Echolocation,/mnt/ubna_data_01_mir/recover-20220825/UBNA_002/20220823_033000.WAV,Telephone Field,recover-20220825,002,1795
1449.1895,1449.2288,68437,82292,Rhinolophus ferrumequinum,0.022,0.022,-1,Echolocation,/mnt/ubna_data_01_mir/recover-20220825/UBNA_002/20220823_033000.WAV,Telephone Field,recover-20220825,002,1795
1449.2005,1449.2405,68437,82661,Rhinolophus ferrumequinum,0.023,0.023,-1,Echolocation,/mnt/ubna_data_01_mir/recover-20220825/UBNA_002/20220823_033000.WAV,Telephone Field,recover-20220825,002,1795
1449.2375,1449.2448,28046,39061,Eptesicus serotinus,0.006,0.021,-1,Echolocation,/mnt/ubna_data_01_mir/recover-20220825/UBNA_002/20220823_033000.WAV,Telephone Field,recover-20220825,002,1795
1449.2395,1449.2756,68437,81550,Rhinolophus ferrumequinum,0.022,0.022,-1,Echolocation,/mnt/ubna_data_01_mir/recover-20220825/UBNA_002/20220823_033000.WAV,Telephone Field,recover-20220825,002,1795
1449.2565,1449.2755,22031,25110,Nyctalus leisleri,0.044,0.08,-1,Echolocation,/mnt/ubna_data_01_mir/recover-20220825/UBNA_002/20220823_033000.WAV,Telephone Field,recover-20220825,002,1795
1449.2735,1449.3084,68437,81734,Rhinolophus ferrumequinum,0.021,0.021,-1,Echolocation,/mnt/ubna_data_01_mir/recover-20220825/UBNA_002/20220823_033000.WAV,Telephone Field,recover-20220825,002,1795
1449.2925,1449.3324,68437,82672,Rhinolophus ferrumequinum,0.036,0.036,-1,Echolocation,/mnt/ubna_data_01_mir/recover-20220825/UBNA_002/20220823_033000.WAV,Telephone Field,recover-20220825,002,1795
1449.3095,1449.3476,68437,81905,Rhinolophus ferrumequinum,0.022,0.022,-1,Echolocation,/mnt/ubna_data_01_mir/recover-20220825/UBNA_002/20220823_033000.WAV,Telephone Field,recover-20220825,002,1795
1449.3195,1449.3586,68437,82862,Rhinolophus ferrumequinum,0.021,0.021,-1,Echolocation,/mnt/ubna_data_01_mir/recover-20220825/UBNA_002/20220823_033000.WAV,Telephone Field,recover-20220825,002,1795
1449.3475,1449.3883,68437,83022,Rhinolophus ferrumequinum,0.027,0.027,-1,Echolocation,/mnt/ubna_data_01_mir/recover-20220825/UBNA_002/20220823_033000.WAV,Telephone Field,recover-20220825,002,1795
1449.3545,1449.3949,68437,82496,Rhinolophus ferrumequinum,0.03,0.03,-1,Echolocation,/mnt/ubna_data_01_mir/recover-20220825/UBNA_002/20220823_033000.WAV,Telephone Field,recover-20220825,002,1795
1449.3555,1449.3648,28046,36383,Eptesicus serotinus,0.012,0.025,-1,Echolocation,/mnt/ubna_data_01_mir/recover-20220825/UBNA_002/20220823_033000.WAV,Telephone Field,recover-20220825,002,1795
1449.3785,1449.4156,68437,81908,Rhinolophus ferrumequinum,0.024,0.024,-1,Echolocation,/mnt/ubna_data_01_mir/recover-20220825/UBNA_002/20220823_033000.WAV,Telephone Field,recover-20220825,002,1795
1449.3865,1449.3942,28046,41499,Eptesicus serotinus,0.007,0.021,-1,Echolocation,/mnt/ubna_data_01_mir/recover-20220825/UBNA_002/20220823_033000.WAV,Telephone Field,recover-20220825,002,1795
1449.4005,1449.438,68437,81364,Rhinolophus ferrumequinum,0.021,0.021,-1,Echolocation,/mnt/ubna_data_01_mir/recover-20220825/UBNA_002/20220823_033000.WAV,Telephone Field,recover-20220825,002,1795
1449.4265,1449.4736,68437,83863,Rhinolophus ferrumequinum,0.102,0.102,-1,Echolocation,/mnt/ubna_data_01_mir/recover-20220825/UBNA_002/20220823_033000.WAV,Telephone Field,recover-20220825,002,1795
1449.4635,1449.5008,68437,81329,Rhinolophus ferrumequinum,0.021,0.021,-1,Echolocation,/mnt/ubna_data_01_mir/recover-20220825/UBNA_002/20220823_033000.WAV,Telephone Field,recover-20220825,002,1795
1449.4745,1449.5098,68437,81505,Rhinolophus ferrumequinum,0.059,0.059,-1,Echolocation,/mnt/ubna_data_01_mir/recover-20220825/UBNA_002/20220823_033000.WAV,Telephone Field,recover-20220825,002,1795
1449.5245,1449.5661,68437,82978,Rhinolophus ferrumequinum,0.028,0.028,-1,Echolocation,/mnt/ubna_data_01_mir/recover-20220825/UBNA_002/20220823_033000.WAV,Telephone Field,recover-20220825,002,1795
1449.5275,1449.5341,28906,37679,Myotis daubentonii,0.006,0.025,-1,Echolocation,/mnt/ubna_data_01_mir/recover-20220825/UBNA_002/20220823_033000.WAV,Telephone Field,recover-20220825,002,1795
1449.5735,1449.6111,68437,81580,Rhinolophus ferrumequinum,0.021,0.021,-1,Echolocation,/mnt/ubna_data_01_mir/recover-20220825/UBNA_002/20220823_033000.WAV,Telephone Field,recover-20220825,002,1795
1449.5815,1449.592,23750,29356,Nyctalus leisleri,0.01,0.021,-1,Echolocation,/mnt/ubna_data_01_mir/recover-20220825/UBNA_002/20220823_033000.WAV,Telephone Field,recover-20220825,002,1795
1449.5905,1449.6028,22031,25619,Nyctalus leisleri,0.013,0.021,-1,Echolocation,/mnt/ubna_data_01_mir/recover-20220825/UBNA_002/20220823_033000.WAV,Telephone Field,recover-20220825,002,1795
1449.5995,1449.6334,68437,81507,Rhinolophus ferrumequinum,0.024,0.024,-1,Echolocation,/mnt/ubna_data_01_mir/recover-20220825/UBNA_002/20220823_033000.WAV,Telephone Field,recover-20220825,002,1795
1449.6235,1449.6614,68437,82030,Rhinolophus ferrumequinum,0.023,0.023,-1,Echolocation,/mnt/ubna_data_01_mir/recover-20220825/UBNA_002/20220823_033000.WAV,Telephone Field,recover-20220825,002,1795
1449.6505,1449.6872,68437,81343,Rhinolophus ferrumequinum,0.021,0.021,-1,Echolocation,/mnt/ubna_data_01_mir/recover-20220825/UBNA_002/20220823_033000.WAV,Telephone Field,recover-20220825,002,1795
1449.6565,1449.6655,27187,36942,Eptesicus serotinus,0.007,0.021,-1,Echolocation,/mnt/ubna_data_01_mir/recover-20220825/UBNA_002/20220823_033000.WAV,Telephone Field,recover-20220825,002,1795
1449.6665,1449.7038,68437,82265,Rhinolophus ferrumequinum,0.023,0.023,-1,Echolocation,/mnt/ubna_data_01_mir/recover-20220825/UBNA_002/20220823_033000.WAV,Telephone Field,recover-20220825,002,1795
1449.7115,1449.7474,68437,81476,Rhinolophus ferrumequinum,0.025,0.025,-1,Echolocation,/mnt/ubna_data_01_mir/recover-20220825/UBNA_002/20220823_033000.WAV,Telephone Field,recover-20220825,002,1795
1449.7155,1449.7226,27187,41653,Eptesicus serotinus,0.005,0.021,-1,Echolocation,/mnt/ubna_data_01_mir/recover-20220825/UBNA_002/20220823_033000.WAV,Telephone Field,recover-20220825,002,1795
1449.7365,1449.7776,68437,82411,Rhinolophus ferrumequinum,0.024,0.024,-1,Echolocation,/mnt/ubna_data_01_mir/recover-20220825/UBNA_002/20220823_033000.WAV,Telephone Field,recover-20220825,002,1795
1449.7585,1449.7678,24609,31714,Eptesicus serotinus,0.007,0.022,-1,Echolocation,/mnt/ubna_data_01_mir/recover-20220825/UBNA_002/20220823_033000.WAV,Telephone Field,recover-20220825,002,1795
1449.7835,1449.7931,28046,36189,Eptesicus serotinus,0.009,0.023,-1,Echolocation,/mnt/ubna_data_01_mir/recover-20220825/UBNA_002/20220823_033000.WAV,Telephone Field,recover-20220825,002,1795
1449.7955,1449.8347,68437,82535,Rhinolophus ferrumequinum,0.021,0.021,-1,Echolocation,/mnt/ubna_data_01_mir/recover-20220825/UBNA_002/20220823_033000.WAV,Telephone Field,recover-20220825,002,1795
1449.8025,1449.8399,68437,81950,Rhinolophus ferrumequinum,0.021,0.021,-1,Echolocation,/mnt/ubna_data_01_mir/recover-20220825/UBNA_002/20220823_033000.WAV,Telephone Field,recover-20220825,002,1795
1449.8105,1449.8185,28046,39280,Eptesicus serotinus,0.007,0.022,-1,Echolocation,/mnt/ubna_data_01_mir/recover-20220825/UBNA_002/20220823_033000.WAV,Telephone Field,recover-20220825,002,1795
1449.8345,1449.8536,20312,24045,Nyctalus leisleri,0.015,0.03,-1,Echolocation,/mnt/ubna_data_01_mir/recover-20220825/UBNA_002/20220823_033000.WAV,Telephone Field,recover-20220825,002,1795
1449.8455,1449.853,28046,38827,Eptesicus serotinus,0.007,0.022,-1,Echolocation,/mnt/ubna_data_01_mir/recover-20220825/UBNA_002/20220823_033000.WAV,Telephone Field,recover-20220825,002,1795
1449.8925,1449.9006,28046,38373,Eptesicus serotinus,0.007,0.021,-1,Echolocation,/mnt/ubna_data_01_mir/recover-20220825/UBNA_002/20220823_033000.WAV,Telephone Field,recover-20220825,002,1795
1449.9095,1449.9193,23750,30706,Nyctalus leisleri,0.007,0.023,-1,Echolocation,/mnt/ubna_data_01_mir/recover-20220825/UBNA_002/20220823_033000.WAV,Telephone Field,recover-20220825,002,1795
1449.9125,1449.9518,68437,82087,Rhinolophus ferrumequinum,0.022,0.022,-1,Echolocation,/mnt/ubna_data_01_mir/recover-20220825/UBNA_002/20220823_033000.WAV,Telephone Field,recover-20220825,002,1795
1449.9215,1449.9593,68437,81530,Rhinolophus ferrumequinum,0.021,0.021,-1,Echolocation,/mnt/ubna_data_01_mir/recover-20220825/UBNA_002/20220823_033000.WAV,Telephone Field,recover-20220825,002,1795
1449.9645,1449.9792,23750,28122,Nyctalus leisleri,0.019,0.036,-1,Echolocation,/mnt/ubna_data_01_mir/recover-20220825/UBNA_002/20220823_033000.WAV,Telephone Field,recover-20220825,002,1795
1450.0015,1450.0136,26328,32269,Nyctalus leisleri,0.018,0.045,-1,Echolocation,/mnt/ubna_data_01_mir/recover-20220825/UBNA_002/20220823_033000.WAV,Telephone Field,recover-20220825,002,1795
1450.0015,1450.0308,68437,80579,Rhinolophus ferrumequinum,0.043,0.043,-1,Echolocation,/mnt/ubna_data_01_mir/recover-20220825/UBNA_002/20220823_033000.WAV,Telephone Field,recover-20220825,002,1795
1450.0015,1450.0075,48671,56438,Pipistrellus pipistrellus,0.021,0.026,-1,Echolocation,/mnt/ubna_data_01_mir/recover-20220825/UBNA_002/20220823_033000.WAV,Telephone Field,recover-20220825,002,1795
1450.0315,1450.0429,28906,35873,Eptesicus serotinus,0.011,0.024,-1,Echolocation,/mnt/ubna_data_01_mir/recover-20220825/UBNA_002/20220823_033000.WAV,Telephone Field,recover-20220825,002,1795
1450.0355,1450.0759,68437,82820,Rhinolophus ferrumequinum,0.034,0.034,-1,Echolocation,/mnt/ubna_data_01_mir/recover-20220825/UBNA_002/20220823_033000.WAV,Telephone Field,recover-20220825,002,1795
1450.0565,1450.0944,68437,81772,Rhinolophus ferrumequinum,0.027,0.027,-1,Echolocation,/mnt/ubna_data_01_mir/recover-20220825/UBNA_002/20220823_033000.WAV,Telephone Field,recover-20220825,002,1795
1450.0965,1450.1053,23750,31835,Plecotus austriacus,0.007,0.024,-1,Echolocation,/mnt/ubna_data_01_mir/recover-20220825/UBNA_002/20220823_033000.WAV,Telephone Field,recover-20220825,002,1795
1450.1055,1450.146,68437,82708,Rhinolophus ferrumequinum,0.034,0.034,-1,Echolocation,/mnt/ubna_data_01_mir/recover-20220825/UBNA_002/20220823_033000.WAV,Telephone Field,recover-20220825,002,1795
1450.1485,1450.1866,68437,80823,Rhinolophus ferrumequinum,0.023,0.023,-1,Echolocation,/mnt/ubna_data_01_mir/recover-20220825/UBNA_002/20220823_033000.WAV,Telephone Field,recover-20220825,002,1795
1450.1745,1450.2121,68437,82135,Rhinolophus ferrumequinum,0.023,0.023,-1,Echolocation,/mnt/ubna_data_01_mir/recover-20220825/UBNA_002/20220823_033000.WAV,Telephone Field,recover-20220825,002,1795
1450.2415,1450.2787,68437,82151,Rhinolophus ferrumequinum,0.026,0.026,-1,Echolocation,/mnt/ubna_data_01_mir/recover-20220825/UBNA_002/20220823_033000.WAV,Telephone Field,recover-20220825,002,1795
1450.2555,1450.2923,68437,82389,Rhinolophus ferrumequinum,0.022,0.022,-1,Echolocation,/mnt/ubna_data_01_mir/recover-20220825/UBNA_002/20220823_033000.WAV,Telephone Field,recover-20220825,002,1795
1450.2605,1450.2679,23750,32642,Plecotus austriacus,0.011,0.025,-1,Echolocation,/mnt/ubna_data_01_mir/recover-20220825/UBNA_002/20220823_033000.WAV,Telephone Field,recover-20220825,002,1795
1450.2885,1450.3304,68437,83037,Rhinolophus ferrumequinum,0.025,0.025,-1,Echolocation,/mnt/ubna_data_01_mir/recover-20220825/UBNA_002/20220823_033000.WAV,Telephone Field,recover-20220825,002,1795
1450.2955,1450.3024,26328,36738,Plecotus austriacus,0.009,0.029,-1,Echolocation,/mnt/ubna_data_01_mir/recover-20220825/UBNA_002/20220823_033000.WAV,Telephone Field,recover-20220825,002,1795
1450.3115,1450.348,68437,82119,Rhinolophus ferrumequinum,0.025,0.025,-1,Echolocation,/mnt/ubna_data_01_mir/recover-20220825/UBNA_002/20220823_033000.WAV,Telephone Field,recover-20220825,002,1795
1450.3255,1450.3355,25468,34118,Eptesicus serotinus,0.009,0.022,-1,Echolocation,/mnt/ubna_data_01_mir/recover-20220825/UBNA_002/20220823_033000.WAV,Telephone Field,recover-20220825,002,1795
1450.3345,1450.3438,28046,36411,Eptesicus serotinus,0.009,0.022,-1,Echolocation,/mnt/ubna_data_01_mir/recover-20220825/UBNA_002/20220823_033000.WAV,Telephone Field,recover-20220825,002,1795
1450.3785,1450.3878,25468,33019,Eptesicus serotinus,0.007,0.022,-1,Echolocation,/mnt/ubna_data_01_mir/recover-20220825/UBNA_002/20220823_033000.WAV,Telephone Field,recover-20220825,002,1795
1450.3835,1450.4234,68437,82312,Rhinolophus ferrumequinum,0.022,0.022,-1,Echolocation,/mnt/ubna_data_01_mir/recover-20220825/UBNA_002/20220823_033000.WAV,Telephone Field,recover-20220825,002,1795
1450.4095,1450.4487,68437,81794,Rhinolophus ferrumequinum,0.024,0.024,-1,Echolocation,/mnt/ubna_data_01_mir/recover-20220825/UBNA_002/20220823_033000.WAV,Telephone Field,recover-20220825,002,1795
1450.4805,1450.5201,68437,82611,Rhinolophus ferrumequinum,0.022,0.022,-1,Echolocation,/mnt/ubna_data_01_mir/recover-20220825/UBNA_002/20220823_033000.WAV,Telephone Field,recover-20220825,002,1795
1450.5045,1450.5205,19453,23203,Nyctalus leisleri,0.012,0.026,-1,Echolocation,/mnt/ubna_data_01_mir/recover-20220825/UBNA_002/20220823_033000.WAV,Telephone Field,recover-20220825,002,1795
1450.5125,1450.5532,68437,82419,Rhinolophus ferrumequinum,0.031,0.031,-1,Echolocation,/mnt/ubna_data_01_mir/recover-20220825/UBNA_002/20220823_033000.WAV,Telephone Field,recover-20220825,002,1795
1450.5305,1450.5681,68437,82479,Rhinolophus ferrumequinum,0.023,0.023,-1,Echolocation,/mnt/ubna_data_01_mir/recover-20220825/UBNA_002/20220823_033000.WAV,Telephone Field,recover-20220825,002,1795
1450.5425,1450.5842,68437,82343,Rhinolophus ferrumequinum,0.028,0.028,-1,Echolocation,/mnt/ubna_data_01_mir/recover-20220825/UBNA_002/20220823_033000.WAV,Telephone Field,recover-20220825,002,1795
1450.5545,1450.5627,27187,36372,Eptesicus serotinus,0.008,0.023,-1,Echolocation,/mnt/ubna_data_01_mir/recover-20220825/UBNA_002/20220823_033000.WAV,Telephone Field,recover-20220825,002,1795
1450.5595,1450.5971,68437,81814,Rhinolophus ferrumequinum,0.022,0.022,-1,Echolocation,/mnt/ubna_data_01_mir/recover-20220825/UBNA_002/20220823_033000.WAV,Telephone Field,recover-20220825,002,1795
1450.5815,1450.6176,68437,81603,Rhinolophus ferrumequinum,0.022,0.022,-1,Echolocation,/mnt/ubna_data_01_mir/recover-20220825/UBNA_002/20220823_033000.WAV,Telephone Field,recover-20220825,002,1795
1450.5855,1450.5955,22890,28946,Nyctalus leisleri,0.01,0.023,-1,Echolocation,/mnt/ubna_data_01_mir/recover-20220825/UBNA_002/20220823_033000.WAV,Telephone Field,recover-20220825,002,1795
1450.6065,1450.642,68437,81524,Rhinolophus ferrumequinum,0.026,0.026,-1,Echolocation,/mnt/ubna_data_01_mir/recover-20220825/UBNA_002/20220823_033000.WAV,Telephone Field,recover-20220825,002,1795
1450.6185,1450.6556,68437,81608,Rhinolophus ferrumequinum,0.022,0.022,-1,Echolocation,/mnt/ubna_data_01_mir/recover-20220825/UBNA_002/20220823_033000.WAV,Telephone Field,recover-20220825,002,1795
1450.6255,1450.6409,22890,26707,Nyctalus leisleri,0.019,0.031,-1,Echolocation,/mnt/ubna_data_01_mir/recover-20220825/UBNA_002/20220823_033000.WAV,Telephone Field,recover-20220825,002,1795
1450.7045,1450.7432,68437,82361,Rhinolophus ferrumequinum,0.024,0.024,-1,Echolocation,/mnt/ubna_data_01_mir/recover-20220825/UBNA_002/20220823_033000.WAV,Telephone Field,recover-20220825,002,1795
1450.7245,1450.7354,36640,42035,Pipistrellus nathusii,0.013,0.035,-1,Echolocation,/mnt/ubna_data_01_mir/recover-20220825/UBNA_002/20220823_033000.WAV,Telephone Field,recover-20220825,002,1795
1450.7405,1450.7489,23750,31765,Plecotus austriacus,0.008,0.025,-1,Echolocation,/mnt/ubna_data_01_mir/recover-20220825/UBNA_002/20220823_033000.WAV,Telephone Field,recover-20220825,002,1795
1450.7455,1450.7842,68437,82345,Rhinolophus ferrumequinum,0.023,0.023,-1,Echolocation,/mnt/ubna_data_01_mir/recover-20220825/UBNA_002/20220823_033000.WAV,Telephone Field,recover-20220825,002,1795
1450.7775,1450.7895,23750,28538,Nyctalus leisleri,0.013,0.026,-1,Echolocation,/mnt/ubna_data_01_mir/recover-20220825/UBNA_002/20220823_033000.WAV,Telephone Field,recover-20220825,002,1795
1450.7915,1450.8015,25468,33884,Eptesicus serotinus,0.01,0.024,-1,Echolocation,/mnt/ubna_data_01_mir/recover-20220825/UBNA_002/20220823_033000.WAV,Telephone Field,recover-20220825,002,1795
1450.8185,1450.8569,68437,82037,Rhinolophus ferrumequinum,0.022,0.022,-1,Echolocation,/mnt/ubna_data_01_mir/recover-20220825/UBNA_002/20220823_033000.WAV,Telephone Field,recover-20220825,002,1795
1450.8485,1450.856,23750,32145,Plecotus austriacus,0.009,0.022,-1,Echolocation,/mnt/ubna_data_01_mir/recover-20220825/UBNA_002/20220823_033000.WAV,Telephone Field,recover-20220825,002,1795
1450.8715,1450.8804,27187,35733,Eptesicus serotinus,0.01,0.025,-1,Echolocation,/mnt/ubna_data_01_mir/recover-20220825/UBNA_002/20220823_033000.WAV,Telephone Field,recover-20220825,002,1795
1450.8835,1450.9259,68437,83501,Rhinolophus ferrumequinum,0.033,0.033,-1,Echolocation,/mnt/ubna_data_01_mir/recover-20220825/UBNA_002/20220823_033000.WAV,Telephone Field,recover-20220825,002,1795
1450.9005,1450.9115,26328,33152,Eptesicus serotinus,0.025,0.052,-1,Echolocation,/mnt/ubna_data_01_mir/recover-20220825/UBNA_002/20220823_033000.WAV,Telephone Field,recover-20220825,002,1795
1450.9235,1450.9334,27187,35880,Eptesicus serotinus,0.014,0.03,-1,Echolocation,/mnt/ubna_data_01_mir/recover-20220825/UBNA_002/20220823_033000.WAV,Telephone Field,recover-20220825,002,1795
1450.9565,1450.9989,68437,82467,Rhinolophus ferrumequinum,0.023,0.023,-1,Echolocation,/mnt/ubna_data_01_mir/recover-20220825/UBNA_002/20220823_033000.WAV,Telephone Field,recover-20220825,002,1795
1450.9675,1451.0054,68437,82150,Rhinolophus ferrumequinum,0.023,0.023,-1,Echolocation,/mnt/ubna_data_01_mir/recover-20220825/UBNA_002/20220823_033000.WAV,Telephone Field,recover-20220825,002,1795
1450.9795,1450.9898,27187,34373,Eptesicus serotinus,0.01,0.022,-1,Echolocation,/mnt/ubna_data_01_mir/recover-20220825/UBNA_002/20220823_033000.WAV,Telephone Field,recover-20220825,002,1795
1450.9855,1451.0242,68437,82376,Rhinolophus ferrumequinum,0.023,0.023,-1,Echolocation,/mnt/ubna_data_01_mir/recover-20220825/UBNA_002/20220823_033000.WAV,Telephone Field,recover-20220825,002,1795
1451.0505,1451.0873,68437,81530,Rhinolophus ferrumequinum,0.025,0.025,-1,Echolocation,/mnt/ubna_data_01_mir/recover-20220825/UBNA_002/20220823_033000.WAV,Telephone Field,recover-20220825,002,1795
1451.0595,1451.0957,68437,82034,Rhinolophus ferrumequinum,0.025,0.025,-1,Echolocation,/mnt/ubna_data_01_mir/recover-20220825/UBNA_002/20220823_033000.WAV,Telephone Field,recover-20220825,002,1795
1451.1015,1451.1128,23750,29534,Nyctalus leisleri,0.013,0.032,-1,Echolocation,/mnt/ubna_data_01_mir/recover-20220825/UBNA_002/20220823_033000.WAV,Telephone Field,recover-20220825,002,1795
1451.1245,1451.1605,68437,80909,Rhinolophus ferrumequinum,0.022,0.022,-1,Echolocation,/mnt/ubna_data_01_mir/recover-20220825/UBNA_002/20220823_033000.WAV,Telephone Field,recover-20220825,002,1795
1451.1485,1451.1883,68437,82116,Rhinolophus ferrumequinum,0.027,0.027,-1,Echolocation,/mnt/ubna_data_01_mir/recover-20220825/UBNA_002/20220823_033000.WAV,Telephone Field,recover-20220825,002,1795
1451.1905,1451.2324,68437,83513,Rhinolophus ferrumequinum,0.043,0.043,-1,Echolocation,/mnt/ubna_data_01_mir/recover-20220825/UBNA_002/20220823_033000.WAV,Telephone Field,recover-20220825,002,1795
1451.2235,1451.2349,23750,29423,Nyctalus leisleri,0.014,0.035,-1,Echolocation,/mnt/ubna_data_01_mir/recover-20220825/UBNA_002/20220823_033000.WAV,Telephone Field,recover-20220825,002,1795
1451.2235,1451.2636,68437,82691,Rhinolophus ferrumequinum,0.024,0.024,-1,Echolocation,/mnt/ubna_data_01_mir/recover-20220825/UBNA_002/20220823_033000.WAV,Telephone Field,recover-20220825,002,1795
1451.2435,1451.281,68437,82513,Rhinolophus ferrumequinum,0.025,0.025,-1,Echolocation,/mnt/ubna_data_01_mir/recover-20220825/UBNA_002/20220823_033000.WAV,Telephone Field,recover-20220825,002,1795
1451.2505,1451.2905,68437,82193,Rhinolophus ferrumequinum,0.025,0.025,-1,Echolocation,/mnt/ubna_data_01_mir/recover-20220825/UBNA_002/20220823_033000.WAV,Telephone Field,recover-20220825,002,1795
1451.2685,1451.3074,68437,82342,Rhinolophus ferrumequinum,0.026,0.026,-1,Echolocation,/mnt/ubna_data_01_mir/recover-20220825/UBNA_002/20220823_033000.WAV,Telephone Field,recover-20220825,002,1795
1451.2885,1451.3284,68437,81608,Rhinolophus ferrumequinum,0.023,0.023,-1,Echolocation,/mnt/ubna_data_01_mir/recover-20220825/UBNA_002/20220823_033000.WAV,Telephone Field,recover-20220825,002,1795
1451.2945,1451.3347,68437,82548,Rhinolophus ferrumequinum,0.022,0.023,-1,Echolocation,/mnt/ubna_data_01_mir/recover-20220825/UBNA_002/20220823_033000.WAV,Telephone Field,recover-20220825,002,1795
1451.2985,1451.31,43515,47213,Pipistrellus pipistrellus,0.033,0.045,-1,Echolocation,/mnt/ubna_data_01_mir/recover-20220825/UBNA_002/20220823_033000.WAV,Telephone Field,recover-20220825,002,1795
1451.3235,1451.3643,68437,82726,Rhinolophus ferrumequinum,0.024,0.024,-1,Echolocation,/mnt/ubna_data_01_mir/recover-20220825/UBNA_002/20220823_033000.WAV,Telephone Field,recover-20220825,002,1795
1451.3245,1451.3332,28046,38169,Eptesicus serotinus,0.011,0.028,-1,Echolocation,/mnt/ubna_data_01_mir/recover-20220825/UBNA_002/20220823_033000.WAV,Telephone Field,recover-20220825,002,1795
1451.3505,1451.3594,27187,37620,Eptesicus serotinus,0.012,0.027,-1,Echolocation,/mnt/ubna_data_01_mir/recover-20220825/UBNA_002/20220823_033000.WAV,Telephone Field,recover-20220825,002,1795
1451.3675,1451.3783,22890,28466,Nyctalus leisleri,0.014,0.031,-1,Echolocation,/mnt/ubna_data_01_mir/recover-20220825/UBNA_002/20220823_033000.WAV,Telephone Field,recover-20220825,002,1795
1451.3715,1451.4114,68437,81435,Rhinolophus ferrumequinum,0.028,0.028,-1,Echolocation,/mnt/ubna_data_01_mir/recover-20220825/UBNA_002/20220823_033000.WAV,Telephone Field,recover-20220825,002,1795
1451.4155,1451.4533,68437,82267,Rhinolophus ferrumequinum,0.03,0.03,-1,Echolocation,/mnt/ubna_data_01_mir/recover-20220825/UBNA_002/20220823_033000.WAV,Telephone Field,recover-20220825,002,1795
1451.4375,1451.4465,27187,38055,Eptesicus serotinus,0.009,0.023,-1,Echolocation,/mnt/ubna_data_01_mir/recover-20220825/UBNA_002/20220823_033000.WAV,Telephone Field,recover-20220825,002,1795
1451.4715,1451.4795,27187,37790,Eptesicus serotinus,0.008,0.023,-1,Echolocation,/mnt/ubna_data_01_mir/recover-20220825/UBNA_002/20220823_033000.WAV,Telephone Field,recover-20220825,002,1795
1451.4935,1451.5307,68437,82167,Rhinolophus ferrumequinum,0.025,0.025,-1,Echolocation,/mnt/ubna_data_01_mir/recover-20220825/UBNA_002/20220823_033000.WAV,Telephone Field,recover-20220825,002,1795
1451.5025,1451.5411,68437,82223,Rhinolophus ferrumequinum,0.022,0.022,-1,Echolocation,/mnt/ubna_data_01_mir/recover-20220825/UBNA_002/20220823_033000.WAV,Telephone Field,recover-20220825,002,1795
1451.5745,1451.5853,22890,27051,Nyctalus leisleri,0.013,0.023,-1,Echolocation,/mnt/ubna_data_01_mir/recover-20220825/UBNA_002/20220823_033000.WAV,Telephone Field,recover-20220825,002,1795
1451.6275,1451.6693,68437,82890,Rhinolophus ferrumequinum,0.034,0.034,-1,Echolocation,/mnt/ubna_data_01_mir/recover-20220825/UBNA_002/20220823_033000.WAV,Telephone Field,recover-20220825,002,1795
1451.6285,1451.6405,24609,31358,Nyctalus leisleri,0.015,0.043,-1,Echolocation,/mnt/ubna_data_01_mir/recover-20220825/UBNA_002/20220823_033000.WAV,Telephone Field,recover-20220825,002,1795
1451.6515,1451.6606,41796,50585,Pipistrellus nathusii,0.007,0.025,-1,Echolocation,/mnt/ubna_data_01_mir/recover-20220825/UBNA_002/20220823_033000.WAV,Telephone Field,recover-20220825,002,1795
1451.6585,1451.695,68437,81659,Rhinolophus ferrumequinum,0.025,0.025,-1,Echolocation,/mnt/ubna_data_01_mir/recover-20220825/UBNA_002/20220823_033000.WAV,Telephone Field,recover-20220825,002,1795
1451.6855,1451.7231,68437,81302,Rhinolophus ferrumequinum,0.022,0.022,-1,Echolocation,/mnt/ubna_data_01_mir/recover-20220825/UBNA_002/20220823_033000.WAV,Telephone Field,recover-20220825,002,1795
1451.7065,1451.743,68437,82011,Rhinolophus ferrumequinum,0.022,0.022,-1,Echolocation,/mnt/ubna_data_01_mir/recover-20220825/UBNA_002/20220823_033000.WAV,Telephone Field,recover-20220825,002,1795
1451.7295,1451.7701,68437,82404,Rhinolophus ferrumequinum,0.022,0.022,-1,Echolocation,/mnt/ubna_data_01_mir/recover-20220825/UBNA_002/20220823_033000.WAV,Telephone Field,recover-20220825,002,1795
1451.7705,1451.8115,68437,82932,Rhinolophus ferrumequinum,0.023,0.023,-1,Echolocation,/mnt/ubna_data_01_mir/recover-20220825/UBNA_002/20220823_033000.WAV,Telephone Field,recover-20220825,002,1795
1451.7955,1451.8352,68437,82732,Rhinolophus ferrumequinum,0.038,0.038,-1,Echolocation,/mnt/ubna_data_01_mir/recover-20220825/UBNA_002/20220823_033000.WAV,Telephone Field,recover-20220825,002,1795
1451.8245,1451.834,28906,37691,Eptesicus serotinus,0.01,0.025,-1,Echolocation,/mnt/ubna_data_01_mir/recover-20220825/UBNA_002/20220823_033000.WAV,Telephone Field,recover-20220825,002,1795
1451.8295,1451.8702,68437,82827,Rhinolophus ferrumequinum,0.022,0.022,-1,Echolocation,/mnt/ubna_data_01_mir/recover-20220825/UBNA_002/20220823_033000.WAV,Telephone Field,recover-20220825,002,1795
1451.8475,1451.8572,41796,50151,Pipistrellus nathusii,0.01,0.026,-1,Echolocation,/mnt/ubna_data_01_mir/recover-20220825/UBNA_002/20220823_033000.WAV,Telephone Field,recover-20220825,002,1795
1451.8515,1451.8921,68437,83649,Rhinolophus ferrumequinum,0.034,0.034,-1,Echolocation,/mnt/ubna_data_01_mir/recover-20220825/UBNA_002/20220823_033000.WAV,Telephone Field,recover-20220825,002,1795
1451.8735,1451.8913,21171,25000,Nyctalus leisleri,0.024,0.048,-1,Echolocation,/mnt/ubna_data_01_mir/recover-20220825/UBNA_002/20220823_033000.WAV,Telephone Field,recover-20220825,002,1795
1451.8765,1451.9184,68437,83393,Rhinolophus ferrumequinum,0.025,0.025,-1,Echolocation,/mnt/ubna_data_01_mir/recover-20220825/UBNA_002/20220823_033000.WAV,Telephone Field,recover-20220825,002,1795
1451.9185,1451.9633,68437,83433,Rhinolophus ferrumequinum,0.045,0.045,-1,Echolocation,/mnt/ubna_data_01_mir/recover-20220825/UBNA_002/20220823_033000.WAV,Telephone Field,recover-20220825,002,1795
1451.9375,1451.946,28046,39788,Eptesicus serotinus,0.009,0.024,-1,Echolocation,/mnt/ubna_data_01_mir/recover-20220825/UBNA_002/20220823_033000.WAV,Telephone Field,recover-20220825,002,1795
1451.9615,1451.9995,68437,82103,Rhinolophus ferrumequinum,0.022,0.022,-1,Echolocation,/mnt/ubna_data_01_mir/recover-20220825/UBNA_002/20220823_033000.WAV,Telephone Field,recover-20220825,002,1795
1452.0015,1452.0102,26328,37811,Eptesicus serotinus,0.007,0.027,-1,Echolocation,/mnt/ubna_data_01_mir/recover-20220825/UBNA_002/20220823_033000.WAV,Telephone Field,recover-20220825,002,1795
1452.0015,1452.0314,69296,81251,Rhinolophus ferrumequinum,0.031,0.031,-1,Echolocation,/mnt/ubna_data_01_mir/recover-20220825/UBNA_002/20220823_033000.WAV,Telephone Field,recover-20220825,002,1795
1452.0015,1452.0129,48671,54720,Pipistrellus pipistrellus,0.021,0.034,-1,Echolocation,/mnt/ubna_data_01_mir/recover-20220825/UBNA_002/20220823_033000.WAV,Telephone Field,recover-20220825,002,1795
1452.0845,1452.091,28046,40446,Eptesicus serotinus,0.007,0.029,-1,Echolocation,/mnt/ubna_data_01_mir/recover-20220825/UBNA_002/20220823_033000.WAV,Telephone Field,recover-20220825,002,1795
1452.0925,1452.1287,68437,81902,Rhinolophus ferrumequinum,0.024,0.024,-1,Echolocation,/mnt/ubna_data_01_mir/recover-20220825/UBNA_002/20220823_033000.WAV,Telephone Field,recover-20220825,002,1795
1452.1055,1452.1452,68437,81925,Rhinolophus ferrumequinum,0.021,0.021,-1,Echolocation,/mnt/ubna_data_01_mir/recover-20220825/UBNA_002/20220823_033000.WAV,Telephone Field,recover-20220825,002,1795
1452.1485,1452.1871,68437,82134,Rhinolophus ferrumequinum,0.024,0.024,-1,Echolocation,/mnt/ubna_data_01_mir/recover-20220825/UBNA_002/20220823_033000.WAV,Telephone Field,recover-20220825,002,1795
1452.1745,1452.1846,28046,36611,Eptesicus serotinus,0.009,0.022,-1,Echolocation,/mnt/ubna_data_01_mir/recover-20220825/UBNA_002/20220823_033000.WAV,Telephone Field,recover-20220825,002,1795
1452.1755,1452.2139,68437,82067,Rhinolophus ferrumequinum,0.023,0.023,-1,Echolocation,/mnt/ubna_data_01_mir/recover-20220825/UBNA_002/20220823_033000.WAV,Telephone Field,recover-20220825,002,1795
1452.1985,1452.2372,68437,81850,Rhinolophus ferrumequinum,0.021,0.021,-1,Echolocation,/mnt/ubna_data_01_mir/recover-20220825/UBNA_002/20220823_033000.WAV,Telephone Field,recover-20220825,002,1795
1452.2315,1452.2702,68437,82194,Rhinolophus ferrumequinum,0.021,0.021,-1,Echolocation,/mnt/ubna_data_01_mir/recover-20220825/UBNA_002/20220823_033000.WAV,Telephone Field,recover-20220825,002,1795
1452.2575,1452.2945,68437,81474,Rhinolophus ferrumequinum,0.022,0.022,-1,Echolocation,/mnt/ubna_data_01_mir/recover-20220825/UBNA_002/20220823_033000.WAV,Telephone Field,recover-20220825,002,1795
1452.2615,1452.2691,27187,39081,Eptesicus serotinus,0.006,0.022,-1,Echolocation,/mnt/ubna_data_01_mir/recover-20220825/UBNA_002/20220823_033000.WAV,Telephone Field,recover-20220825,002,1795
1452.2685,1452.3053,68437,81644,Rhinolophus ferrumequinum,0.023,0.023,-1,Echolocation,/mnt/ubna_data_01_mir/recover-20220825/UBNA_002/20220823_033000.WAV,Telephone Field,recover-20220825,002,1795
1452.3345,1452.3437,22890,29593,Plecotus austriacus,0.011,0.028,-1,Echolocation,/mnt/ubna_data_01_mir/recover-20220825/UBNA_002/20220823_033000.WAV,Telephone Field,recover-20220825,002,1795
1452.3405,1452.3796,68437,81956,Rhinolophus ferrumequinum,0.022,0.022,-1,Echolocation,/mnt/ubna_data_01_mir/recover-20220825/UBNA_002/20220823_033000.WAV,Telephone Field,recover-20220825,002,1795
1452.3435,1452.3543,41796,44879,Pipistrellus nathusii,0.025,0.058,-1,Echolocation,/mnt/ubna_data_01_mir/recover-20220825/UBNA_002/20220823_033000.WAV,Telephone Field,recover-20220825,002,1795
1452.3755,1452.4173,68437,82426,Rhinolophus ferrumequinum,0.023,0.023,-1,Echolocation,/mnt/ubna_data_01_mir/recover-20220825/UBNA_002/20220823_033000.WAV,Telephone Field,recover-20220825,002,1795
1452.3815,1452.3935,22890,26846,Nyctalus leisleri,0.014,0.023,-1,Echolocation,/mnt/ubna_data_01_mir/recover-20220825/UBNA_002/20220823_033000.WAV,Telephone Field,recover-20220825,002,1795
1452.4465,1452.4813,68437,81708,Rhinolophus ferrumequinum,0.022,0.022,-1,Echolocation,/mnt/ubna_data_01_mir/recover-20220825/UBNA_002/20220823_033000.WAV,Telephone Field,recover-20220825,002,1795
1452.4525,1452.4919,68437,82205,Rhinolophus ferrumequinum,0.023,0.023,-1,Echolocation,/mnt/ubna_data_01_mir/recover-20220825/UBNA_002/20220823_033000.WAV,Telephone Field,recover-20220825,002,1795
1452.4615,1452.5039,68437,82872,Rhinolophus ferrumequinum,0.027,0.027,-1,Echolocation,/mnt/ubna_data_01_mir/recover-20220825/UBNA_002/20220823_033000.WAV,Telephone Field,recover-20220825,002,1795
1452.5005,1452.5357,68437,81931,Rhinolophus ferrumequinum,0.021,0.021,-1,Echolocation,/mnt/ubna_data_01_mir/recover-20220825/UBNA_002/20220823_033000.WAV,Telephone Field,recover-20220825,002,1795
1452.5245,1452.5592,68437,81276,Rhinolophus ferrumequinum,0.021,0.021,-1,Echolocation,/mnt/ubna_data_01_mir/recover-20220825/UBNA_002/20220823_033000.WAV,Telephone Field,recover-20220825,002,1795
1452.5485,1452.5646,22890,26654,Nyctalus leisleri,0.014,0.024,-1,Echolocation,/mnt/ubna_data_01_mir/recover-20220825/UBNA_002/20220823_033000.WAV,Telephone Field,recover-20220825,002,1795
1452.6445,1452.6825,68437,81703,Rhinolophus ferrumequinum,0.021,0.021,-1,Echolocation,/mnt/ubna_data_01_mir/recover-20220825/UBNA_002/20220823_033000.WAV,Telephone Field,recover-20220825,002,1795
1452.6645,1452.7035,68437,82445,Rhinolophus ferrumequinum,0.021,0.021,-1,Echolocation,/mnt/ubna_data_01_mir/recover-20220825/UBNA_002/20220823_033000.WAV,Telephone Field,recover-20220825,002,1795
1452.6665,1452.6739,23750,33678,Plecotus austriacus,0.014,0.036,-1,Echolocation,/mnt/ubna_data_01_mir/recover-20220825/UBNA_002/20220823_033000.WAV,Telephone Field,recover-20220825,002,1795
1452.6825,1452.7224,68437,82205,Rhinolophus ferrumequinum,0.021,0.021,-1,Echolocation,/mnt/ubna_data_01_mir/recover-20220825/UBNA_002/20220823_033000.WAV,Telephone Field,recover-20220825,002,1795
1452.7235,1452.7415,20312,22968,Nyctalus leisleri,0.013,0.021,-1,Echolocation,/mnt/ubna_data_01_mir/recover-20220825/UBNA_002/20220823_033000.WAV,Telephone Field,recover-20220825,002,1795
1452.7685,1452.7764,28906,40019,Eptesicus serotinus,0.007,0.022,-1,Echolocation,/mnt/ubna_data_01_mir/recover-20220825/UBNA_002/20220823_033000.WAV,Telephone Field,recover-20220825,002,1795
1452.8155,1452.8247,24609,32175,Nyctalus leisleri,0.007,0.024,-1,Echolocation,/mnt/ubna_data_01_mir/recover-20220825/UBNA_002/20220823_033000.WAV,Telephone Field,recover-20220825,002,1795
1452.8255,1452.864,68437,82135,Rhinolophus ferrumequinum,0.022,0.022,-1,Echolocation,/mnt/ubna_data_01_mir/recover-20220825/UBNA_002/20220823_033000.WAV,Telephone Field,recover-20220825,002,1795
1452.8615,1452.8697,28046,37556,Eptesicus serotinus,0.011,0.029,-1,Echolocation,/mnt/ubna_data_01_mir/recover-20220825/UBNA_002/20220823_033000.WAV,Telephone Field,recover-20220825,002,1795
1452.8725,1452.8829,23750,29581,Nyctalus leisleri,0.01,0.024,-1,Echolocation,/mnt/ubna_data_01_mir/recover-20220825/UBNA_002/20220823_033000.WAV,Telephone Field,recover-20220825,002,1795
1452.8845,1452.9241,68437,82554,Rhinolophus ferrumequinum,0.022,0.022,-1,Echolocation,/mnt/ubna_data_01_mir/recover-20220825/UBNA_002/20220823_033000.WAV,Telephone Field,recover-20220825,002,1795
1452.8935,1452.9028,28906,36547,Eptesicus serotinus,0.009,0.023,-1,Echolocation,/mnt/ubna_data_01_mir/recover-20220825/UBNA_002/20220823_033000.WAV,Telephone Field,recover-20220825,002,1795
1452.9215,1452.9322,23750,29386,Nyctalus leisleri,0.009,0.022,-1,Echolocation,/mnt/ubna_data_01_mir/recover-20220825/UBNA_002/20220823_033000.WAV,Telephone Field,recover-20220825,002,1795
1453.0045,1453.0444,68437,82492,Rhinolophus ferrumequinum,0.024,0.024,-1,Echolocation,/mnt/ubna_data_01_mir/recover-20220825/UBNA_002/20220823_033000.WAV,Telephone Field,recover-20220825,002,1795
1453.0195,1453.027,28046,40582,Eptesicus serotinus,0.007,0.022,-1,Echolocation,/mnt/ubna_data_01_mir/recover-20220825/UBNA_002/20220823_033000.WAV,Telephone Field,recover-20220825,002,1795
1453.0935,1453.1032,22890,28770,Nyctalus leisleri,0.008,0.021,-1,Echolocation,/mnt/ubna_data_01_mir/recover-20220825/UBNA_002/20220823_033000.WAV,Telephone Field,recover-20220825,002,1795
1453.1185,1453.1585,68437,82598,Rhinolophus ferrumequinum,0.023,0.023,-1,Echolocation,/mnt/ubna_data_01_mir/recover-20220825/UBNA_002/20220823_033000.WAV,Telephone Field,recover-20220825,002,1795
1453.1195,1453.13,23750,29716,Nyctalus leisleri,0.008,0.022,-1,Echolocation,/mnt/ubna_data_01_mir/recover-20220825/UBNA_002/20220823_033000.WAV,Telephone Field,recover-20220825,002,1795
1453.1295,1453.1416,23750,29507,Nyctalus leisleri,0.01,0.026,-1,Echolocation,/mnt/ubna_data_01_mir/recover-20220825/UBNA_002/20220823_033000.WAV,Telephone Field,recover-20220825,002,1795
1453.1315,1453.1711,68437,82453,Rhinolophus ferrumequinum,0.039,0.039,-1,Echolocation,/mnt/ubna_data_01_mir/recover-20220825/UBNA_002/20220823_033000.WAV,Telephone Field,recover-20220825,002,1795
1453.2015,1453.2397,68437,82468,Rhinolophus ferrumequinum,0.023,0.023,-1,Echolocation,/mnt/ubna_data_01_mir/recover-20220825/UBNA_002/20220823_033000.WAV,Telephone Field,recover-20220825,002,1795
1453.3355,1453.3753,68437,82538,Rhinolophus ferrumequinum,0.021,0.021,-1,Echolocation,/mnt/ubna_data_01_mir/recover-20220825/UBNA_002/20220823_033000.WAV,Telephone Field,recover-20220825,002,1795
1453.3505,1453.363,34062,39997,Pipistrellus nathusii,0.005,0.021,-1,Echolocation,/mnt/ubna_data_01_mir/recover-20220825/UBNA_002/20220823_033000.WAV,Telephone Field,recover-20220825,002,1795
1453.3555,1453.3651,22890,30382,Plecotus austriacus,0.018,0.046,-1,Echolocation,/mnt/ubna_data_01_mir/recover-20220825/UBNA_002/20220823_033000.WAV,Telephone Field,recover-20220825,002,1795
1453.3595,1453.3953,68437,81097,Rhinolophus ferrumequinum,0.021,0.021,-1,Echolocation,/mnt/ubna_data_01_mir/recover-20220825/UBNA_002/20220823_033000.WAV,Telephone Field,recover-20220825,002,1795
1453.3815,1453.4208,68437,82357,Rhinolophus ferrumequinum,0.021,0.021,-1,Echolocation,/mnt/ubna_data_01_mir/recover-20220825/UBNA_002/20220823_033000.WAV,Telephone Field,recover-20220825,002,1795
1453.3825,1453.3897,47812,54538,Pipistrellus pipistrellus,0.029,0.032,-1,Echolocation,/mnt/ubna_data_01_mir/recover-20220825/UBNA_002/20220823_033000.WAV,Telephone Field,recover-20220825,002,1795
1453.4005,1453.4071,28046,39070,Eptesicus serotinus,0.008,0.025,-1,Echolocation,/mnt/ubna_data_01_mir/recover-20220825/UBNA_002/20220823_033000.WAV,Telephone Field,recover-20220825,002,1795
1453.4245,1453.4659,68437,82341,Rhinolophus ferrumequinum,0.021,0.022,-1,Echolocation,/mnt/ubna_data_01_mir/recover-20220825/UBNA_002/20220823_033000.WAV,Telephone Field,recover-20220825,002,1795
1453.4375,1453.4478,28046,36293,Eptesicus serotinus,0.012,0.027,-1,Echolocation,/mnt/ubna_data_01_mir/recover-20220825/UBNA_002/20220823_033000.WAV,Telephone Field,recover-20220825,002,1795
1453.4765,1453.5176,68437,82404,Rhinolophus ferrumequinum,0.022,0.022,-1,Echolocation,/mnt/ubna_data_01_mir/recover-20220825/UBNA_002/20220823_033000.WAV,Telephone Field,recover-20220825,002,1795
1453.4985,1453.5082,27187,37996,Eptesicus serotinus,0.009,0.023,-1,Echolocation,/mnt/ubna_data_01_mir/recover-20220825/UBNA_002/20220823_033000.WAV,Telephone Field,recover-20220825,002,1795
1453.5395,1453.5778,68437,82042,Rhinolophus ferrumequinum,0.022,0.022,-1,Echolocation,/mnt/ubna_data_01_mir/recover-20220825/UBNA_002/20220823_033000.WAV,Telephone Field,recover-20220825,002,1795
1453.5575,1453.567,28906,36748,Eptesicus serotinus,0.008,0.023,-1,Echolocation,/mnt/ubna_data_01_mir/recover-20220825/UBNA_002/20220823_033000.WAV,Telephone Field,recover-20220825,002,1795
1453.5865,1453.6251,68437,82532,Rhinolophus ferrumequinum,0.022,0.022,-1,Echolocation,/mnt/ubna_data_01_mir/recover-20220825/UBNA_002/20220823_033000.WAV,Telephone Field,recover-20220825,002,1795
1453.5965,1453.6379,68437,82844,Rhinolophus ferrumequinum,0.022,0.022,-1,Echolocation,/mnt/ubna_data_01_mir/recover-20220825/UBNA_002/20220823_033000.WAV,Telephone Field,recover-20220825,002,1795
1453.6265,1453.6623,68437,81758,Rhinolophus ferrumequinum,0.021,0.021,-1,Echolocation,/mnt/ubna_data_01_mir/recover-20220825/UBNA_002/20220823_033000.WAV,Telephone Field,recover-20220825,002,1795
1453.6625,1453.6731,22890,28211,Nyctalus leisleri,0.011,0.023,-1,Echolocation,/mnt/ubna_data_01_mir/recover-20220825/UBNA_002/20220823_033000.WAV,Telephone Field,recover-20220825,002,1795
1453.7035,1453.7133,27187,35641,Eptesicus serotinus,0.011,0.022,-1,Echolocation,/mnt/ubna_data_01_mir/recover-20220825/UBNA_002/20220823_033000.WAV,Telephone Field,recover-20220825,002,1795
1453.7185,1453.756,68437,81882,Rhinolophus ferrumequinum,0.022,0.022,-1,Echolocation,/mnt/ubna_data_01_mir/recover-20220825/UBNA_002/20220823_033000.WAV,Telephone Field,recover-20220825,002,1795
1453.7435,1453.7788,68437,81411,Rhinolophus ferrumequinum,0.021,0.021,-1,Echolocation,/mnt/ubna_data_01_mir/recover-20220825/UBNA_002/20220823_033000.WAV,Telephone Field,recover-20220825,002,1795
1453.7555,1453.7934,68437,82337,Rhinolophus ferrumequinum,0.024,0.024,-1,Echolocation,/mnt/ubna_data_01_mir/recover-20220825/UBNA_002/20220823_033000.WAV,Telephone Field,recover-20220825,002,1795
1453.8315,1453.8414,28906,37171,Eptesicus serotinus,0.01,0.023,-1,Echolocation,/mnt/ubna_data_01_mir/recover-20220825/UBNA_002/20220823_033000.WAV,Telephone Field,recover-20220825,002,1795
1453.8515,1453.8927,68437,82167,Rhinolophus ferrumequinum,0.022,0.022,-1,Echolocation,/mnt/ubna_data_01_mir/recover-20220825/UBNA_002/20220823_033000.WAV,Telephone Field,recover-20220825,002,1795
1453.8535,1453.8639,22031,27078,Nyctalus leisleri,0.009,0.021,-1,Echolocation,/mnt/ubna_data_01_mir/recover-20220825/UBNA_002/20220823_033000.WAV,Telephone Field,recover-20220825,002,1795
1453.9185,1453.9275,47812,57607,Pipistrellus pipistrellus,0.018,0.022,-1,Echolocation,/mnt/ubna_data_01_mir/recover-20220825/UBNA_002/20220823_033000.WAV,Telephone Field,recover-20220825,002,1795
1453.9225,1453.9601,68437,81345,Rhinolophus ferrumequinum,0.024,0.024,-1,Echolocation,/mnt/ubna_data_01_mir/recover-20220825/UBNA_002/20220823_033000.WAV,Telephone Field,recover-20220825,002,1795
1453.9275,1453.934,33203,45731,Myotis daubentonii,0.008,0.021,-1,Echolocation,/mnt/ubna_data_01_mir/recover-20220825/UBNA_002/20220823_033000.WAV,Telephone Field,recover-20220825,002,1795
1453.9285,1453.9354,28046,41206,Eptesicus serotinus,0.006,0.024,-1,Echolocation,/mnt/ubna_data_01_mir/recover-20220825/UBNA_002/20220823_033000.WAV,Telephone Field,recover-20220825,002,1795
1453.9675,1453.9749,27187,41619,Eptesicus serotinus,0.006,0.021,-1,Echolocation,/mnt/ubna_data_01_mir/recover-20220825/UBNA_002/20220823_033000.WAV,Telephone Field,recover-20220825,002,1795
1454.0015,1454.0346,69296,81752,Rhinolophus ferrumequinum,0.032,0.032,-1,Echolocation,/mnt/ubna_data_01_mir/recover-20220825/UBNA_002/20220823_033000.WAV,Telephone Field,recover-20220825,002,1795
1454.0015,1454.0131,15156,20085,Nyctalus leisleri,0.014,0.037,-1,Echolocation,/mnt/ubna_data_01_mir/recover-20220825/UBNA_002/20220823_033000.WAV,Telephone Field,recover-20220825,002,1795
1454.0015,1454.0095,24609,31107,Nyctalus leisleri,0.013,0.033,-1,Echolocation,/mnt/ubna_data_01_mir/recover-20220825/UBNA_002/20220823_033000.WAV,Telephone Field,recover-20220825,002,1795
1454.0205,1454.0284,25468,34361,Eptesicus serotinus,0.006,0.02,-1,Echolocation,/mnt/ubna_data_01_mir/recover-20220825/UBNA_002/20220823_033000.WAV,Telephone Field,recover-20220825,002,1795
1454.0325,1454.0696,68437,81973,Rhinolophus ferrumequinum,0.022,0.022,-1,Echolocation,/mnt/ubna_data_01_mir/recover-20220825/UBNA_002/20220823_033000.WAV,Telephone Field,recover-20220825,002,1795
1454.0375,1454.0467,22890,29421,Nyctalus leisleri,0.007,0.022,-1,Echolocation,/mnt/ubna_data_01_mir/recover-20220825/UBNA_002/20220823_033000.WAV,Telephone Field,recover-20220825,002,1795
1454.0475,1454.0849,68437,82087,Rhinolophus ferrumequinum,0.023,0.023,-1,Echolocation,/mnt/ubna_data_01_mir/recover-20220825/UBNA_002/20220823_033000.WAV,Telephone Field,recover-20220825,002,1795
1454.0995,1454.1087,49531,54250,Pipistrellus pipistrellus,0.019,0.023,-1,Echolocation,/mnt/ubna_data_01_mir/recover-20220825/UBNA_002/20220823_033000.WAV,Telephone Field,recover-20220825,002,1795
1454.0995,1454.1388,68437,82237,Rhinolophus ferrumequinum,0.028,0.028,-1,Echolocation,/mnt/ubna_data_01_mir/recover-20220825/UBNA_002/20220823_033000.WAV,Telephone Field,recover-20220825,002,1795
1454.1025,1454.1117,28046,36941,Eptesicus serotinus,0.008,0.02,-1,Echolocation,/mnt/ubna_data_01_mir/recover-20220825/UBNA_002/20220823_033000.WAV,Telephone Field,recover-20220825,002,1795
1454.1295,1454.1678,68437,82929,Rhinolophus ferrumequinum,0.021,0.021,-1,Echolocation,/mnt/ubna_data_01_mir/recover-20220825/UBNA_002/20220823_033000.WAV,Telephone Field,recover-20220825,002,1795
1454.1445,1454.1813,68437,80980,Rhinolophus ferrumequinum,0.023,0.023,-1,Echolocation,/mnt/ubna_data_01_mir/recover-20220825/UBNA_002/20220823_033000.WAV,Telephone Field,recover-20220825,002,1795
1454.1785,1454.2161,68437,81695,Rhinolophus ferrumequinum,0.021,0.021,-1,Echolocation,/mnt/ubna_data_01_mir/recover-20220825/UBNA_002/20220823_033000.WAV,Telephone Field,recover-20220825,002,1795
1454.2115,1454.2517,68437,82262,Rhinolophus ferrumequinum,0.022,0.022,-1,Echolocation,/mnt/ubna_data_01_mir/recover-20220825/UBNA_002/20220823_033000.WAV,Telephone Field,recover-20220825,002,1795
1454.2145,1454.2217,27187,37355,Eptesicus serotinus,0.006,0.02,-1,Echolocation,/mnt/ubna_data_01_mir/recover-20220825/UBNA_002/20220823_033000.WAV,Telephone Field,recover-20220825,002,1795
1454.2335,1454.241,28046,40191,Eptesicus serotinus,0.01,0.032,-1,Echolocation,/mnt/ubna_data_01_mir/recover-20220825/UBNA_002/20220823_033000.WAV,Telephone Field,recover-20220825,002,1795
1454.2465,1454.2834,68437,81688,Rhinolophus ferrumequinum,0.022,0.022,-1,Echolocation,/mnt/ubna_data_01_mir/recover-20220825/UBNA_002/20220823_033000.WAV,Telephone Field,recover-20220825,002,1795
1454.2555,1454.263,25468,34513,Plecotus austriacus,0.006,0.022,-1,Echolocation,/mnt/ubna_data_01_mir/recover-20220825/UBNA_002/20220823_033000.WAV,Telephone Field,recover-20220825,002,1795
1454.2835,1454.3218,68437,82513,Rhinolophus ferrumequinum,0.022,0.022,-1,Echolocation,/mnt/ubna_data_01_mir/recover-20220825/UBNA_002/20220823_033000.WAV,Telephone Field,recover-20220825,002,1795
1454.3375,1454.376,68437,82086,Rhinolophus ferrumequinum,0.021,0.021,-1,Echolocation,/mnt/ubna_data_01_mir/recover-20220825/UBNA_002/20220823_033000.WAV,Telephone Field,recover-20220825,002,1795
1454.3415,1454.3624,20312,23186,Nyctalus leisleri,0.013,0.023,-1,Echolocation,/mnt/ubna_data_01_mir/recover-20220825/UBNA_002/20220823_033000.WAV,Telephone Field,recover-20220825,002,1795
1454.3505,1454.362,23750,29124,Nyctalus leisleri,0.013,0.026,-1,Echolocation,/mnt/ubna_data_01_mir/recover-20220825/UBNA_002/20220823_033000.WAV,Telephone Field,recover-20220825,002,1795
1454.3765,1454.4102,68437,81065,Rhinolophus ferrumequinum,0.021,0.021,-1,Echolocation,/mnt/ubna_data_01_mir/recover-20220825/UBNA_002/20220823_033000.WAV,Telephone Field,recover-20220825,002,1795
1454.3955,1454.4363,68437,82978,Rhinolophus ferrumequinum,0.034,0.034,-1,Echolocation,/mnt/ubna_data_01_mir/recover-20220825/UBNA_002/20220823_033000.WAV,Telephone Field,recover-20220825,002,1795
1454.4055,1454.4139,28046,39419,Eptesicus serotinus,0.007,0.022,-1,Echolocation,/mnt/ubna_data_01_mir/recover-20220825/UBNA_002/20220823_033000.WAV,Telephone Field,recover-20220825,002,1795
1454.4145,1454.4243,28906,36819,Eptesicus serotinus,0.008,0.021,-1,Echolocation,/mnt/ubna_data_01_mir/recover-20220825/UBNA_002/20220823_033000.WAV,Telephone Field,recover-20220825,002,1795
1454.4245,1454.4618,68437,82084,Rhinolophus ferrumequinum,0.023,0.023,-1,Echolocation,/mnt/ubna_data_01_mir/recover-20220825/UBNA_002/20220823_033000.WAV,Telephone Field,recover-20220825,002,1795
1454.4315,1454.4713,68437,82097,Rhinolophus ferrumequinum,0.021,0.021,-1,Echolocation,/mnt/ubna_data_01_mir/recover-20220825/UBNA_002/20220823_033000.WAV,Telephone Field,recover-20220825,002,1795
1454.4605,1454.4704,25468,32287,Nyctalus leisleri,0.007,0.022,-1,Echolocation,/mnt/ubna_data_01_mir/recover-20220825/UBNA_002/20220823_033000.WAV,Telephone Field,recover-20220825,002,1795
1454.4995,1454.5075,26328,34772,Eptesicus serotinus,0.006,0.022,-1,Echolocation,/mnt/ubna_data_01_mir/recover-20220825/UBNA_002/20220823_033000.WAV,Telephone Field,recover-20220825,002,1795
1454.5455,1454.5853,68437,82247,Rhinolophus ferrumequinum,0.021,0.021,-1,Echolocation,/mnt/ubna_data_01_mir/recover-20220825/UBNA_002/20220823_033000.WAV,Telephone Field,recover-20220825,002,1795
1454.5575,1454.5977,68437,82642,Rhinolophus ferrumequinum,0.02,0.02,-1,Echolocation,/mnt/ubna_data_01_mir/recover-20220825/UBNA_002/20220823_033000.WAV,Telephone Field,recover-20220825,002,1795
1454.5705,1454.579,28046,37389,Eptesicus serotinus,0.01,0.025,-1,Echolocation,/mnt/ubna_data_01_mir/recover-20220825/UBNA_002/20220823_033000.WAV,Telephone Field,recover-20220825,002,1795
1454.5855,1454.6241,68437,81976,Rhinolophus ferrumequinum,0.025,0.025,-1,Echolocation,/mnt/ubna_data_01_mir/recover-20220825/UBNA_002/20220823_033000.WAV,Telephone Field,recover-20220825,002,1795
1454.6045,1454.6147,23750,29617,Nyctalus leisleri,0.009,0.022,-1,Echolocation,/mnt/ubna_data_01_mir/recover-20220825/UBNA_002/20220823_033000.WAV,Telephone Field,recover-20220825,002,1795
1454.6125,1454.6234,24609,30307,Nyctalus leisleri,0.009,0.023,-1,Echolocation,/mnt/ubna_data_01_mir/recover-20220825/UBNA_002/20220823_033000.WAV,Telephone Field,recover-20220825,002,1795
1454.6255,1454.6346,28046,39353,Eptesicus serotinus,0.01,0.024,-1,Echolocation,/mnt/ubna_data_01_mir/recover-20220825/UBNA_002/20220823_033000.WAV,Telephone Field,recover-20220825,002,1795
1454.6555,1454.6971,68437,82223,Rhinolophus ferrumequinum,0.024,0.024,-1,Echolocation,/mnt/ubna_data_01_mir/recover-20220825/UBNA_002/20220823_033000.WAV,Telephone Field,recover-20220825,002,1795
1454.6765,1454.6846,27187,38523,Eptesicus serotinus,0.006,0.021,-1,Echolocation,/mnt/ubna_data_01_mir/recover-20220825/UBNA_002/20220823_033000.WAV,Telephone Field,recover-20220825,002,1795
1454.7555,1454.7649,28046,37955,Eptesicus serotinus,0.008,0.022,-1,Echolocation,/mnt/ubna_data_01_mir/recover-20220825/UBNA_002/20220823_033000.WAV,Telephone Field,recover-20220825,002,1795
1454.7675,1454.8078,68437,82874,Rhinolophus ferrumequinum,0.025,0.025,-1,Echolocation,/mnt/ubna_data_01_mir/recover-20220825/UBNA_002/20220823_033000.WAV,Telephone Field,recover-20220825,002,1795
1454.7685,1454.7779,25468,33016,Eptesicus serotinus,0.006,0.022,-1,Echolocation,/mnt/ubna_data_01_mir/recover-20220825/UBNA_002/20220823_033000.WAV,Telephone Field,recover-20220825,002,1795
1454.7805,1454.7888,28046,38489,Eptesicus serotinus,0.007,0.021,-1,Echolocation,/mnt/ubna_data_01_mir/recover-20220825/UBNA_002/20220823_033000.WAV,Telephone Field,recover-20220825,002,1795
1454.8115,1454.8192,28046,39488,Eptesicus serotinus,0.006,0.021,-1,Echolocation,/mnt/ubna_data_01_mir/recover-20220825/UBNA_002/20220823_033000.WAV,Telephone Field,recover-20220825,002,1795
1454.8115,1454.8219,22031,26702,Nyctalus leisleri,0.01,0.022,-1,Echolocation,/mnt/ubna_data_01_mir/recover-20220825/UBNA_002/20220823_033000.WAV,Telephone Field,recover-20220825,002,1795
1454.9055,1454.9444,68437,81736,Rhinolophus ferrumequinum,0.024,0.024,-1,Echolocation,/mnt/ubna_data_01_mir/recover-20220825/UBNA_002/20220823_033000.WAV,Telephone Field,recover-20220825,002,1795
1454.9285,1454.939,28906,35250,Eptesicus serotinus,0.011,0.023,-1,Echolocation,/mnt/ubna_data_01_mir/recover-20220825/UBNA_002/20220823_033000.WAV,Telephone Field,recover-20220825,002,1795
1454.9315,1454.9705,68437,82305,Rhinolophus ferrumequinum,0.02,0.02,-1,Echolocation,/mnt/ubna_data_01_mir/recover-20220825/UBNA_002/20220823_033000.WAV,Telephone Field,recover-20220825,002,1795
1454.9405,1454.9824,68437,82578,Rhinolophus ferrumequinum,0.022,0.022,-1,Echolocation,/mnt/ubna_data_01_mir/recover-20220825/UBNA_002/20220823_033000.WAV,Telephone Field,recover-20220825,002,1795
1454.9455,1454.9545,27187,39480,Eptesicus serotinus,0.01,0.025,-1,Echolocation,/mnt/ubna_data_01_mir/recover-20220825/UBNA_002/20220823_033000.WAV,Telephone Field,recover-20220825,002,1795
1454.9495,1454.9899,68437,82454,Rhinolophus ferrumequinum,0.02,0.02,-1,Echolocation,/mnt/ubna_data_01_mir/recover-20220825/UBNA_002/20220823_033000.WAV,Telephone Field,recover-20220825,002,1795
1454.9595,1455.0002,68437,82122,Rhinolophus ferrumequinum,0.029,0.029,-1,Echolocation,/mnt/ubna_data_01_mir/recover-20220825/UBNA_002/20220823_033000.WAV,Telephone Field,recover-20220825,002,1795
1454.9635,1454.9728,23750,31532,Nyctalus leisleri,0.007,0.025,-1,Echolocation,/mnt/ubna_data_01_mir/recover-20220825/UBNA_002/20220823_033000.WAV,Telephone Field,recover-20220825,002,1795
1454.9965,1455.007,25468,33418,Eptesicus serotinus,0.013,0.03,-1,Echolocation,/mnt/ubna_data_01_mir/recover-20220825/UBNA_002/20220823_033000.WAV,Telephone Field,recover-20220825,002,1795
1455.0235,1455.0614,68437,81935,Rhinolophus ferrumequinum,0.032,0.032,-1,Echolocation,/mnt/ubna_data_01_mir/recover-20220825/UBNA_002/20220823_033000.WAV,Telephone Field,recover-20220825,002,1795
1455.0675,1455.0758,44375,48162,Pipistrellus pipistrellus,0.033,0.035,-1,Echolocation,/mnt/ubna_data_01_mir/recover-20220825/UBNA_002/20220823_033000.WAV,Telephone Field,recover-20220825,002,1795
1455.1135,1455.1202,33203,43329,Myotis daubentonii,0.008,0.021,-1,Echolocation,/mnt/ubna_data_01_mir/recover-20220825/UBNA_002/20220823_033000.WAV,Telephone Field,recover-20220825,002,1795
1455.1135,1455.1206,28906,39788,Eptesicus serotinus,0.007,0.023,-1,Echolocation,/mnt/ubna_data_01_mir/recover-20220825/UBNA_002/20220823_033000.WAV,Telephone Field,recover-20220825,002,1795
1455.1315,1455.1761,68437,83329,Rhinolophus ferrumequinum,0.054,0.054,-1,Echolocation,/mnt/ubna_data_01_mir/recover-20220825/UBNA_002/20220823_033000.WAV,Telephone Field,recover-20220825,002,1795
1455.1315,1455.1394,26328,40559,Eptesicus serotinus,0.008,0.024,-1,Echolocation,/mnt/ubna_data_01_mir/recover-20220825/UBNA_002/20220823_033000.WAV,Telephone Field,recover-20220825,002,1795
1455.1655,1455.2021,68437,81592,Rhinolophus ferrumequinum,0.023,0.023,-1,Echolocation,/mnt/ubna_data_01_mir/recover-20220825/UBNA_002/20220823_033000.WAV,Telephone Field,recover-20220825,002,1795
1455.1765,1455.1847,28046,38198,Eptesicus serotinus,0.008,0.022,-1,Echolocation,/mnt/ubna_data_01_mir/recover-20220825/UBNA_002/20220823_033000.WAV,Telephone Field,recover-20220825,002,1795
1455.1815,1455.223,68437,83082,Rhinolophus ferrumequinum,0.025,0.025,-1,Echolocation,/mnt/ubna_data_01_mir/recover-20220825/UBNA_002/20220823_033000.WAV,Telephone Field,recover-20220825,002,1795
1455.2115,1455.248,68437,81737,Rhinolophus ferrumequinum,0.023,0.023,-1,Echolocation,/mnt/ubna_data_01_mir/recover-20220825/UBNA_002/20220823_033000.WAV,Telephone Field,recover-20220825,002,1795
1455.2195,1455.2277,23750,31513,Plecotus austriacus,0.007,0.021,-1,Echolocation,/mnt/ubna_data_01_mir/recover-20220825/UBNA_002/20220823_033000.WAV,Telephone Field,recover-20220825,002,1795
1455.2505,1455.2831,68437,80370,Rhinolophus ferrumequinum,0.025,0.025,-1,Echolocation,/mnt/ubna_data_01_mir/recover-20220825/UBNA_002/20220823_033000.WAV,Telephone Field,recover-20220825,002,1795
1455.2595,1455.2957,68437,81339,Rhinolophus ferrumequinum,0.02,0.02,-1,Echolocation,/mnt/ubna_data_01_mir/recover-20220825/UBNA_002/20220823_033000.WAV,Telephone Field,recover-20220825,002,1795
1455.3635,1455.3754,28046,35226,Eptesicus serotinus,0.015,0.027,-1,Echolocation,/mnt/ubna_data_01_mir/recover-20220825/UBNA_002/20220823_033000.WAV,Telephone Field,recover-20220825,002,1795
1455.3965,1455.436,68437,82194,Rhinolophus ferrumequinum,0.021,0.021,-1,Echolocation,/mnt/ubna_data_01_mir/recover-20220825/UBNA_002/20220823_033000.WAV,Telephone Field,recover-20220825,002,1795
1455.4355,1455.4715,68437,80965,Rhinolophus ferrumequinum,0.02,0.02,-1,Echolocation,/mnt/ubna_data_01_mir/recover-20220825/UBNA_002/20220823_033000.WAV,Telephone Field,recover-20220825,002,1795
1455.4565,1455.497,68437,82793,Rhinolophus ferrumequinum,0.023,0.023,-1,Echolocation,/mnt/ubna_data_01_mir/recover-20220825/UBNA_002/20220823_033000.WAV,Telephone Field,recover-20220825,002,1795
1455.4985,1455.506,24609,32346,Plecotus austriacus,0.009,0.023,-1,Echolocation,/mnt/ubna_data_01_mir/recover-20220825/UBNA_002/20220823_033000.WAV,Telephone Field,recover-20220825,002,1795
1455.5025,1455.5417,68437,81612,Rhinolophus ferrumequinum,0.02,0.02,-1,Echolocation,/mnt/ubna_data_01_mir/recover-20220825/UBNA_002/20220823_033000.WAV,Telephone Field,recover-20220825,002,1795
1455.5385,1455.5759,68437,81303,Rhinolophus ferrumequinum,0.02,0.02,-1,Echolocation,/mnt/ubna_data_01_mir/recover-20220825/UBNA_002/20220823_033000.WAV,Telephone Field,recover-20220825,002,1795
1455.5495,1455.5883,68437,82317,Rhinolophus ferrumequinum,0.022,0.022,-1,Echolocation,/mnt/ubna_data_01_mir/recover-20220825/UBNA_002/20220823_033000.WAV,Telephone Field,recover-20220825,002,1795
1455.5525,1455.56,28046,43122,Eptesicus serotinus,0.007,0.022,-1,Echolocation,/mnt/ubna_data_01_mir/recover-20220825/UBNA_002/20220823_033000.WAV,Telephone Field,recover-20220825,002,1795
1455.5715,1455.5783,28906,41003,Eptesicus serotinus,0.008,0.032,-1,Echolocation,/mnt/ubna_data_01_mir/recover-20220825/UBNA_002/20220823_033000.WAV,Telephone Field,recover-20220825,002,1795
1455.5835,1455.5942,28046,35335,Eptesicus serotinus,0.011,0.023,-1,Echolocation,/mnt/ubna_data_01_mir/recover-20220825/UBNA_002/20220823_033000.WAV,Telephone Field,recover-20220825,002,1795
1455.5845,1455.6228,68437,82286,Rhinolophus ferrumequinum,0.023,0.023,-1,Echolocation,/mnt/ubna_data_01_mir/recover-20220825/UBNA_002/20220823_033000.WAV,Telephone Field,recover-20220825,002,1795
1455.6155,1455.6556,68437,82134,Rhinolophus ferrumequinum,0.021,0.021,-1,Echolocation,/mnt/ubna_data_01_mir/recover-20220825/UBNA_002/20220823_033000.WAV,Telephone Field,recover-20220825,002,1795
1455.6295,1455.6688,68437,82529,Rhinolophus ferrumequinum,0.021,0.021,-1,Echolocation,/mnt/ubna_data_01_mir/recover-20220825/UBNA_002/20220823_033000.WAV,Telephone Field,recover-20220825,002,1795
1455.6365,1455.6434,23750,32247,Plecotus austriacus,0.009,0.021,-1,Echolocation,/mnt/ubna_data_01_mir/recover-20220825/UBNA_002/20220823_033000.WAV,Telephone Field,recover-20220825,002,1795
1455.6585,1455.699,68437,82453,Rhinolophus ferrumequinum,0.024,0.025,-1,Echolocation,/mnt/ubna_data_01_mir/recover-20220825/UBNA_002/20220823_033000.WAV,Telephone Field,recover-20220825,002,1795
1455.6715,1455.6802,28906,39124,Eptesicus serotinus,0.013,0.029,-1,Echolocation,/mnt/ubna_data_01_mir/recover-20220825/UBNA_002/20220823_033000.WAV,Telephone Field,recover-20220825,002,1795
1455.6885,1455.6988,26328,34192,Eptesicus serotinus,0.011,0.022,-1,Echolocation,/mnt/ubna_data_01_mir/recover-20220825/UBNA_002/20220823_033000.WAV,Telephone Field,recover-20220825,002,1795
1455.7295,1455.7385,46953,53072,Pipistrellus pipistrellus,0.02,0.022,-1,Echolocation,/mnt/ubna_data_01_mir/recover-20220825/UBNA_002/20220823_033000.WAV,Telephone Field,recover-20220825,002,1795
1455.7305,1455.7385,28046,38697,Eptesicus serotinus,0.008,0.022,-1,Echolocation,/mnt/ubna_data_01_mir/recover-20220825/UBNA_002/20220823_033000.WAV,Telephone Field,recover-20220825,002,1795
1455.7485,1455.7866,68437,81771,Rhinolophus ferrumequinum,0.02,0.02,-1,Echolocation,/mnt/ubna_data_01_mir/recover-20220825/UBNA_002/20220823_033000.WAV,Telephone Field,recover-20220825,002,1795
1455.7715,1455.8117,68437,82529,Rhinolophus ferrumequinum,0.025,0.025,-1,Echolocation,/mnt/ubna_data_01_mir/recover-20220825/UBNA_002/20220823_033000.WAV,Telephone Field,recover-20220825,002,1795
1455.8165,1455.8235,27187,39970,Eptesicus serotinus,0.007,0.022,-1,Echolocation,/mnt/ubna_data_01_mir/recover-20220825/UBNA_002/20220823_033000.WAV,Telephone Field,recover-20220825,002,1795
1455.8375,1455.8449,28046,41869,Eptesicus serotinus,0.006,0.022,-1,Echolocation,/mnt/ubna_data_01_mir/recover-20220825/UBNA_002/20220823_033000.WAV,Telephone Field,recover-20220825,002,1795
1455.8435,1455.8833,68437,81691,Rhinolophus ferrumequinum,0.025,0.025,-1,Echolocation,/mnt/ubna_data_01_mir/recover-20220825/UBNA_002/20220823_033000.WAV,Telephone Field,recover-20220825,002,1795
1455.8465,1455.8542,24609,32548,Plecotus austriacus,0.006,0.021,-1,Echolocation,/mnt/ubna_data_01_mir/recover-20220825/UBNA_002/20220823_033000.WAV,Telephone Field,recover-20220825,002,1795
1455.8505,1455.8884,68437,81687,Rhinolophus ferrumequinum,0.026,0.026,-1,Echolocation,/mnt/ubna_data_01_mir/recover-20220825/UBNA_002/20220823_033000.WAV,Telephone Field,recover-20220825,002,1795
1455.8765,1455.8863,28906,37256,Eptesicus serotinus,0.008,0.021,-1,Echolocation,/mnt/ubna_data_01_mir/recover-20220825/UBNA_002/20220823_033000.WAV,Telephone Field,recover-20220825,002,1795
1455.8895,1455.9295,68437,82331,Rhinolophus ferrumequinum,0.021,0.021,-1,Echolocation,/mnt/ubna_data_01_mir/recover-20220825/UBNA_002/20220823_033000.WAV,Telephone Field,recover-20220825,002,1795
1455.9145,1455.9548,68437,82345,Rhinolophus ferrumequinum,0.022,0.022,-1,Echolocation,/mnt/ubna_data_01_mir/recover-20220825/UBNA_002/20220823_033000.WAV,Telephone Field,recover-20220825,002,1795
1455.9315,1455.9699,68437,82689,Rhinolophus ferrumequinum,0.024,0.024,-1,Echolocation,/mnt/ubna_data_01_mir/recover-20220825/UBNA_002/20220823_033000.WAV,Telephone Field,recover-20220825,002,1795
1455.9805,1455.9874,24609,37651,Plecotus austriacus,0.008,0.025,-1,Echolocation,/mnt/ubna_data_01_mir/recover-20220825/UBNA_002/20220823_033000.WAV,Telephone Field,recover-20220825,002,1795
1456.0015,1456.0338,68437,80568,Rhinolophus ferrumequinum,0.026,0.026,-1,Echolocation,/mnt/ubna_data_01_mir/recover-20220825/UBNA_002/20220823_033000.WAV,Telephone Field,recover-20220825,002,1795
1456.0015,1456.0098,48671,55786,Pipistrellus pipistrellus,0.016,0.022,-1,Echolocation,/mnt/ubna_data_01_mir/recover-20220825/UBNA_002/20220823_033000.WAV,Telephone Field,recover-20220825,002,1795
1456.0015,1456.0142,28046,34507,Eptesicus serotinus,0.017,0.042,-1,Echolocation,/mnt/ubna_data_01_mir/recover-20220825/UBNA_002/20220823_033000.WAV,Telephone Field,recover-20220825,002,1795
1456.0105,1456.0562,68437,83121,Rhinolophus ferrumequinum,0.042,0.042,-1,Echolocation,/mnt/ubna_data_01_mir/recover-20220825/UBNA_002/20220823_033000.WAV,Telephone Field,recover-20220825,002,1795
1456.0485,1456.0588,29765,38270,Eptesicus serotinus,0.009,0.024,-1,Echolocation,/mnt/ubna_data_01_mir/recover-20220825/UBNA_002/20220823_033000.WAV,Telephone Field,recover-20220825,002,1795
1456.0535,1456.0643,22031,26552,Nyctalus leisleri,0.011,0.021,-1,Echolocation,/mnt/ubna_data_01_mir/recover-20220825/UBNA_002/20220823_033000.WAV,Telephone Field,recover-20220825,002,1795
1456.0665,1456.0731,26328,40634,Eptesicus serotinus,0.006,0.026,-1,Echolocation,/mnt/ubna_data_01_mir/recover-20220825/UBNA_002/20220823_033000.WAV,Telephone Field,recover-20220825,002,1795
1456.1115,1456.1513,68437,81864,Rhinolophus ferrumequinum,0.021,0.021,-1,Echolocation,/mnt/ubna_data_01_mir/recover-20220825/UBNA_002/20220823_033000.WAV,Telephone Field,recover-20220825,002,1795
1456.1165,1456.1288,28906,34344,Eptesicus serotinus,0.017,0.031,-1,Echolocation,/mnt/ubna_data_01_mir/recover-20220825/UBNA_002/20220823_033000.WAV,Telephone Field,recover-20220825,002,1795
1456.1595,1456.196,68437,82184,Rhinolophus ferrumequinum,0.023,0.023,-1,Echolocation,/mnt/ubna_data_01_mir/recover-20220825/UBNA_002/20220823_033000.WAV,Telephone Field,recover-20220825,002,1795
1456.1715,1456.178,49531,54846,Pipistrellus pipistrellus,0.021,0.023,-1,Echolocation,/mnt/ubna_data_01_mir/recover-20220825/UBNA_002/20220823_033000.WAV,Telephone Field,recover-20220825,002,1795
1456.2185,1456.2251,26328,40052,Eptesicus serotinus,0.005,0.022,-1,Echolocation,/mnt/ubna_data_01_mir/recover-20220825/UBNA_002/20220823_033000.WAV,Telephone Field,recover-20220825,002,1795
1456.2255,1456.2362,23750,28971,Nyctalus leisleri,0.009,0.022,-1,Echolocation,/mnt/ubna_data_01_mir/recover-20220825/UBNA_002/20220823_033000.WAV,Telephone Field,recover-20220825,002,1795
1456.2345,1456.2424,26328,37155,Eptesicus serotinus,0.006,0.021,-1,Echolocation,/mnt/ubna_data_01_mir/recover-20220825/UBNA_002/20220823_033000.WAV,Telephone Field,recover-20220825,002,1795
1456.2465,1456.2562,28046,37176,Eptesicus serotinus,0.01,0.024,-1,Echolocation,/mnt/ubna_data_01_mir/recover-20220825/UBNA_002/20220823_033000.WAV,Telephone Field,recover-20220825,002,1795
1456.2605,1456.2931,68437,81180,Rhinolophus ferrumequinum,0.027,0.027,-1,Echolocation,/mnt/ubna_data_01_mir/recover-20220825/UBNA_002/20220823_033000.WAV,Telephone Field,recover-20220825,002,1795
1456.2825,1456.2931,23750,29717,Nyctalus leisleri,0.01,0.022,-1,Echolocation,/mnt/ubna_data_01_mir/recover-20220825/UBNA_002/20220823_033000.WAV,Telephone Field,recover-20220825,002,1795
1456.3185,1456.3617,68437,82873,Rhinolophus ferrumequinum,0.022,0.022,-1,Echolocation,/mnt/ubna_data_01_mir/recover-20220825/UBNA_002/20220823_033000.WAV,Telephone Field,recover-20220825,002,1795
1456.3215,1456.3298,28046,39834,Eptesicus serotinus,0.008,0.023,-1,Echolocation,/mnt/ubna_data_01_mir/recover-20220825/UBNA_002/20220823_033000.WAV,Telephone Field,recover-20220825,002,1795
1456.3335,1456.3753,68437,83039,Rhinolophus ferrumequinum,0.031,0.031,-1,Echolocation,/mnt/ubna_data_01_mir/recover-20220825/UBNA_002/20220823_033000.WAV,Telephone Field,recover-20220825,002,1795
1456.3565,1456.3939,68437,81760,Rhinolophus ferrumequinum,0.022,0.022,-1,Echolocation,/mnt/ubna_data_01_mir/recover-20220825/UBNA_002/20220823_033000.WAV,Telephone Field,recover-20220825,002,1795
1456.3875,1456.4274,68437,82548,Rhinolophus ferrumequinum,0.022,0.022,-1,Echolocation,/mnt/ubna_data_01_mir/recover-20220825/UBNA_002/20220823_033000.WAV,Telephone Field,recover-20220825,002,1795
1456.4045,1456.4424,68437,81737,Rhinolophus ferrumequinum,0.021,0.021,-1,Echolocation,/mnt/ubna_data_01_mir/recover-20220825/UBNA_002/20220823_033000.WAV,Telephone Field,recover-20220825,002,1795
1456.4195,1456.4279,23750,31420,Plecotus austriacus,0.007,0.022,-1,Echolocation,/mnt/ubna_data_01_mir/recover-20220825/UBNA_002/20220823_033000.WAV,Telephone Field,recover-20220825,002,1795
1456.4305,1456.4434,22031,25833,Nyctalus leisleri,0.012,0.022,-1,Echolocation,/mnt/ubna_data_01_mir/recover-20220825/UBNA_002/20220823_033000.WAV,Telephone Field,recover-20220825,002,1795
1456.4615,1456.4703,43515,48979,Pipistrellus pipistrellus,0.062,0.075,-1,Echolocation,/mnt/ubna_data_01_mir/recover-20220825/UBNA_002/20220823_033000.WAV,Telephone Field,recover-20220825,002,1795
1456.4645,1456.4778,22031,25820,Nyctalus leisleri,0.014,0.024,-1,Echolocation,/mnt/ubna_data_01_mir/recover-20220825/UBNA_002/20220823_033000.WAV,Telephone Field,recover-20220825,002,1795
1456.4975,1456.5077,26328,35291,Eptesicus serotinus,0.009,0.022,-1,Echolocation,/mnt/ubna_data_01_mir/recover-20220825/UBNA_002/20220823_033000.WAV,Telephone Field,recover-20220825,002,1795
1456.5015,1456.5365,68437,81172,Rhinolophus ferrumequinum,0.022,0.023,-1,Echolocation,/mnt/ubna_data_01_mir/recover-20220825/UBNA_002/20220823_033000.WAV,Telephone Field,recover-20220825,002,1795
1456.5275,1456.5638,68437,82454,Rhinolophus ferrumequinum,0.022,0.022,-1,Echolocation,/mnt/ubna_data_01_mir/recover-20220825/UBNA_002/20220823_033000.WAV,Telephone Field,recover-20220825,002,1795
1456.5405,1456.5813,68437,82525,Rhinolophus ferrumequinum,0.022,0.022,-1,Echolocation,/mnt/ubna_data_01_mir/recover-20220825/UBNA_002/20220823_033000.WAV,Telephone Field,recover-20220825,002,1795
1456.5895,1456.6267,68437,81188,Rhinolophus ferrumequinum,0.022,0.022,-1,Echolocation,/mnt/ubna_data_01_mir/recover-20220825/UBNA_002/20220823_033000.WAV,Telephone Field,recover-20220825,002,1795
1456.6105,1456.6506,68437,83393,Rhinolophus ferrumequinum,0.025,0.025,-1,Echolocation,/mnt/ubna_data_01_mir/recover-20220825/UBNA_002/20220823_033000.WAV,Telephone Field,recover-20220825,002,1795
1456.6165,1456.6275,27187,33888,Eptesicus serotinus,0.014,0.028,-1,Echolocation,/mnt/ubna_data_01_mir/recover-20220825/UBNA_002/20220823_033000.WAV,Telephone Field,recover-20220825,002,1795
1456.6275,1456.6689,68437,82892,Rhinolophus ferrumequinum,0.022,0.022,-1,Echolocation,/mnt/ubna_data_01_mir/recover-20220825/UBNA_002/20220823_033000.WAV,Telephone Field,recover-20220825,002,1795
1456.6875,1456.7266,68437,82237,Rhinolophus ferrumequinum,0.023,0.024,-1,Echolocation,/mnt/ubna_data_01_mir/recover-20220825/UBNA_002/20220823_033000.WAV,Telephone Field,recover-20220825,002,1795
1456.6985,1456.7088,24609,30692,Nyctalus leisleri,0.008,0.023,-1,Echolocation,/mnt/ubna_data_01_mir/recover-20220825/UBNA_002/20220823_033000.WAV,Telephone Field,recover-20220825,002,1795
1456.7215,1456.7603,68437,81989,Rhinolophus ferrumequinum,0.022,0.022,-1,Echolocation,/mnt/ubna_data_01_mir/recover-20220825/UBNA_002/20220823_033000.WAV,Telephone Field,recover-20220825,002,1795
1456.7395,1456.7758,68437,81239,Rhinolophus ferrumequinum,0.024,0.024,-1,Echolocation,/mnt/ubna_data_01_mir/recover-20220825/UBNA_002/20220823_033000.WAV,Telephone Field,recover-20220825,002,1795
1456.7655,1456.8043,68437,82211,Rhinolophus ferrumequinum,0.023,0.023,-1,Echolocation,/mnt/ubna_data_01_mir/recover-20220825/UBNA_002/20220823_033000.WAV,Telephone Field,recover-20220825,002,1795
1456.7935,1456.8027,26328,36127,Eptesicus serotinus,0.007,0.022,-1,Echolocation,/mnt/ubna_data_01_mir/recover-20220825/UBNA_002/20220823_033000.WAV,Telephone Field,recover-20220825,002,1795
1456.8095,1456.8167,47812,51342,Pipistrellus pipistrellus,0.02,0.022,-1,Echolocation,/mnt/ubna_data_01_mir/recover-20220825/UBNA_002/20220823_033000.WAV,Telephone Field,recover-20220825,002,1795
1456.8295,1456.84,28906,37219,Eptesicus serotinus,0.012,0.026,-1,Echolocation,/mnt/ubna_data_01_mir/recover-20220825/UBNA_002/20220823_033000.WAV,Telephone Field,recover-20220825,002,1795
1456.8595,1456.868,28046,36884,Eptesicus serotinus,0.01,0.026,-1,Echolocation,/mnt/ubna_data_01_mir/recover-20220825/UBNA_002/20220823_033000.WAV,Telephone Field,recover-20220825,002,1795
1456.8615,1456.8699,43515,50492,Pipistrellus pipistrellus,0.018,0.022,-1,Echolocation,/mnt/ubna_data_01_mir/recover-20220825/UBNA_002/20220823_033000.WAV,Telephone Field,recover-20220825,002,1795
1456.9275,1456.9683,68437,83152,Rhinolophus ferrumequinum,0.036,0.036,-1,Echolocation,/mnt/ubna_data_01_mir/recover-20220825/UBNA_002/20220823_033000.WAV,Telephone Field,recover-20220825,002,1795
1456.9345,1456.9421,28906,37228,Eptesicus serotinus,0.007,0.023,-1,Echolocation,/mnt/ubna_data_01_mir/recover-20220825/UBNA_002/20220823_033000.WAV,Telephone Field,recover-20220825,002,1795
1457.0295,1457.0696,68437,82143,Rhinolophus ferrumequinum,0.023,0.023,-1,Echolocation,/mnt/ubna_data_01_mir/recover-20220825/UBNA_002/20220823_033000.WAV,Telephone Field,recover-20220825,002,1795
1457.0985,1457.1064,28046,37327,Eptesicus serotinus,0.007,0.022,-1,Echolocation,/mnt/ubna_data_01_mir/recover-20220825/UBNA_002/20220823_033000.WAV,Telephone Field,recover-20220825,002,1795
1457.1225,1457.1303,28046,40686,Eptesicus serotinus,0.007,0.022,-1,Echolocation,/mnt/ubna_data_01_mir/recover-20220825/UBNA_002/20220823_033000.WAV,Telephone Field,recover-20220825,002,1795
1457.1405,1457.1516,57265,62549,Pipistrellus pygmaeus,0.023,0.023,-1,Echolocation,/mnt/ubna_data_01_mir/recover-20220825/UBNA_002/20220823_033000.WAV,Telephone Field,recover-20220825,002,1795
1457.1905,1457.1982,22890,31462,Plecotus austriacus,0.012,0.025,-1,Echolocation,/mnt/ubna_data_01_mir/recover-20220825/UBNA_002/20220823_033000.WAV,Telephone Field,recover-20220825,002,1795
1457.2345,1457.2448,22031,27104,Nyctalus leisleri,0.011,0.023,-1,Echolocation,/mnt/ubna_data_01_mir/recover-20220825/UBNA_002/20220823_033000.WAV,Telephone Field,recover-20220825,002,1795
1457.2515,1457.291,68437,81570,Rhinolophus ferrumequinum,0.022,0.022,-1,Echolocation,/mnt/ubna_data_01_mir/recover-20220825/UBNA_002/20220823_033000.WAV,Telephone Field,recover-20220825,002,1795
1457.2545,1457.2629,28906,37661,Eptesicus serotinus,0.008,0.024,-1,Echolocation,/mnt/ubna_data_01_mir/recover-20220825/UBNA_002/20220823_033000.WAV,Telephone Field,recover-20220825,002,1795
1457.2665,1457.3025,68437,80897,Rhinolophus ferrumequinum,0.027,0.027,-1,Echolocation,/mnt/ubna_data_01_mir/recover-20220825/UBNA_002/20220823_033000.WAV,Telephone Field,recover-20220825,002,1795
1457.2815,1457.293,22031,26264,Nyctalus leisleri,0.015,0.026,-1,Echolocation,/mnt/ubna_data_01_mir/recover-20220825/UBNA_002/20220823_033000.WAV,Telephone Field,recover-20220825,002,1795
1457.2945,1457.3332,68437,82600,Rhinolophus ferrumequinum,0.024,0.024,-1,Echolocation,/mnt/ubna_data_01_mir/recover-20220825/UBNA_002/20220823_033000.WAV,Telephone Field,recover-20220825,002,1795
1457.3125,1457.3527,68437,82576,Rhinolophus ferrumequinum,0.024,0.024,-1,Echolocation,/mnt/ubna_data_01_mir/recover-20220825/UBNA_002/20220823_033000.WAV,Telephone Field,recover-20220825,002,1795
1457.3205,1457.3302,24609,32246,Nyctalus leisleri,0.007,0.023,-1,Echolocation,/mnt/ubna_data_01_mir/recover-20220825/UBNA_002/20220823_033000.WAV,Telephone Field,recover-20220825,002,1795
1457.3275,1457.3359,27187,35341,Eptesicus serotinus,0.009,0.024,-1,Echolocation,/mnt/ubna_data_01_mir/recover-20220825/UBNA_002/20220823_033000.WAV,Telephone Field,recover-20220825,002,1795
1457.3425,1457.3851,68437,83313,Rhinolophus ferrumequinum,0.032,0.032,-1,Echolocation,/mnt/ubna_data_01_mir/recover-20220825/UBNA_002/20220823_033000.WAV,Telephone Field,recover-20220825,002,1795
1457.3495,1457.3576,25468,34709,Eptesicus serotinus,0.009,0.028,-1,Echolocation,/mnt/ubna_data_01_mir/recover-20220825/UBNA_002/20220823_033000.WAV,Telephone Field,recover-20220825,002,1795
1457.3705,1457.4085,68437,82103,Rhinolophus ferrumequinum,0.021,0.021,-1,Echolocation,/mnt/ubna_data_01_mir/recover-20220825/UBNA_002/20220823_033000.WAV,Telephone Field,recover-20220825,002,1795
1457.3995,1457.4068,25468,37758,Myotis nattereri,0.005,0.022,-1,Echolocation,/mnt/ubna_data_01_mir/recover-20220825/UBNA_002/20220823_033000.WAV,Telephone Field,recover-20220825,002,1795
1457.4185,1457.4268,47812,52486,Pipistrellus pipistrellus,0.034,0.035,-1,Echolocation,/mnt/ubna_data_01_mir/recover-20220825/UBNA_002/20220823_033000.WAV,Telephone Field,recover-20220825,002,1795
1457.4745,1457.486,22890,27623,Nyctalus leisleri,0.014,0.026,-1,Echolocation,/mnt/ubna_data_01_mir/recover-20220825/UBNA_002/20220823_033000.WAV,Telephone Field,recover-20220825,002,1795
1457.4815,1457.5218,68437,82687,Rhinolophus ferrumequinum,0.025,0.025,-1,Echolocation,/mnt/ubna_data_01_mir/recover-20220825/UBNA_002/20220823_033000.WAV,Telephone Field,recover-20220825,002,1795
1457.4835,1457.4902,27187,40322,Eptesicus serotinus,0.006,0.024,-1,Echolocation,/mnt/ubna_data_01_mir/recover-20220825/UBNA_002/20220823_033000.WAV,Telephone Field,recover-20220825,002,1795
1457.4945,1457.5318,68437,82463,Rhinolophus ferrumequinum,0.022,0.022,-1,Echolocation,/mnt/ubna_data_01_mir/recover-20220825/UBNA_002/20220823_033000.WAV,Telephone Field,recover-20220825,002,1795
1457.5205,1457.5574,68437,81835,Rhinolophus ferrumequinum,0.022,0.022,-1,Echolocation,/mnt/ubna_data_01_mir/recover-20220825/UBNA_002/20220823_033000.WAV,Telephone Field,recover-20220825,002,1795
1457.5295,1457.5673,68437,81357,Rhinolophus ferrumequinum,0.022,0.022,-1,Echolocation,/mnt/ubna_data_01_mir/recover-20220825/UBNA_002/20220823_033000.WAV,Telephone Field,recover-20220825,002,1795
1457.5375,1457.5732,68437,81345,Rhinolophus ferrumequinum,0.023,0.023,-1,Echolocation,/mnt/ubna_data_01_mir/recover-20220825/UBNA_002/20220823_033000.WAV,Telephone Field,recover-20220825,002,1795
1457.5505,1457.5578,24609,34376,Plecotus austriacus,0.014,0.035,-1,Echolocation,/mnt/ubna_data_01_mir/recover-20220825/UBNA_002/20220823_033000.WAV,Telephone Field,recover-20220825,002,1795
1457.6345,1457.6712,68437,81431,Rhinolophus ferrumequinum,0.022,0.022,-1,Echolocation,/mnt/ubna_data_01_mir/recover-20220825/UBNA_002/20220823_033000.WAV,Telephone Field,recover-20220825,002,1795
1457.6445,1457.6521,25468,34978,Eptesicus serotinus,0.006,0.022,-1,Echolocation,/mnt/ubna_data_01_mir/recover-20220825/UBNA_002/20220823_033000.WAV,Telephone Field,recover-20220825,002,1795
1457.6885,1457.7029,25468,31064,Eptesicus serotinus,0.052,0.1,-1,Echolocation,/mnt/ubna_data_01_mir/recover-20220825/UBNA_002/20220823_033000.WAV,Telephone Field,recover-20220825,002,1795
1457.7185,1457.7592,68437,82349,Rhinolophus ferrumequinum,0.022,0.022,-1,Echolocation,/mnt/ubna_data_01_mir/recover-20220825/UBNA_002/20220823_033000.WAV,Telephone Field,recover-20220825,002,1795
1457.7305,1457.7695,68437,82040,Rhinolophus ferrumequinum,0.024,0.024,-1,Echolocation,/mnt/ubna_data_01_mir/recover-20220825/UBNA_002/20220823_033000.WAV,Telephone Field,recover-20220825,002,1795
1457.7355,1457.7452,28046,35826,Eptesicus serotinus,0.009,0.022,-1,Echolocation,/mnt/ubna_data_01_mir/recover-20220825/UBNA_002/20220823_033000.WAV,Telephone Field,recover-20220825,002,1795
1457.7625,1457.8061,68437,83151,Rhinolophus ferrumequinum,0.039,0.039,-1,Echolocation,/mnt/ubna_data_01_mir/recover-20220825/UBNA_002/20220823_033000.WAV,Telephone Field,recover-20220825,002,1795
1457.7645,1457.7753,25468,32739,Nyctalus leisleri,0.352,0.626,-1,Echolocation,/mnt/ubna_data_01_mir/recover-20220825/UBNA_002/20220823_033000.WAV,Telephone Field,recover-20220825,002,1795
1457.7745,1457.7834,48671,55284,Pipistrellus pipistrellus,0.033,0.036,-1,Echolocation,/mnt/ubna_data_01_mir/recover-20220825/UBNA_002/20220823_033000.WAV,Telephone Field,recover-20220825,002,1795
1457.7845,1457.7959,22890,27615,Nyctalus leisleri,0.011,0.022,-1,Echolocation,/mnt/ubna_data_01_mir/recover-20220825/UBNA_002/20220823_033000.WAV,Telephone Field,recover-20220825,002,1795
1457.7975,1457.8368,68437,82285,Rhinolophus ferrumequinum,0.025,0.025,-1,Echolocation,/mnt/ubna_data_01_mir/recover-20220825/UBNA_002/20220823_033000.WAV,Telephone Field,recover-20220825,002,1795
1457.8025,1457.8127,28906,37721,Eptesicus serotinus,0.011,0.024,-1,Echolocation,/mnt/ubna_data_01_mir/recover-20220825/UBNA_002/20220823_033000.WAV,Telephone Field,recover-20220825,002,1795
1457.8465,1457.8545,44375,49915,Pipistrellus pipistrellus,0.026,0.029,-1,Echolocation,/mnt/ubna_data_01_mir/recover-20220825/UBNA_002/20220823_033000.WAV,Telephone Field,recover-20220825,002,1795
1457.9075,1457.9197,24609,31287,Eptesicus serotinus,0.244,0.457,-1,Echolocation,/mnt/ubna_data_01_mir/recover-20220825/UBNA_002/20220823_033000.WAV,Telephone Field,recover-20220825,002,1795
1457.9215,1457.9317,51250,55859,Pipistrellus pipistrellus,0.035,0.043,-1,Echolocation,/mnt/ubna_data_01_mir/recover-20220825/UBNA_002/20220823_033000.WAV,Telephone Field,recover-20220825,002,1795
1457.9795,1457.9882,28046,37193,Eptesicus serotinus,0.008,0.022,-1,Echolocation,/mnt/ubna_data_01_mir/recover-20220825/UBNA_002/20220823_033000.WAV,Telephone Field,recover-20220825,002,1795
1458.0015,1458.0315,68437,79658,Rhinolophus ferrumequinum,0.036,0.036,-1,Echolocation,/mnt/ubna_data_01_mir/recover-20220825/UBNA_002/20220823_033000.WAV,Telephone Field,recover-20220825,002,1795
1458.0015,1458.0108,25468,33769,Nyctalus leisleri,0.01,0.029,-1,Echolocation,/mnt/ubna_data_01_mir/recover-20220825/UBNA_002/20220823_033000.WAV,Telephone Field,recover-20220825,002,1795
1458.0155,1458.0564,68437,82799,Rhinolophus ferrumequinum,0.021,0.021,-1,Echolocation,/mnt/ubna_data_01_mir/recover-20220825/UBNA_002/20220823_033000.WAV,Telephone Field,recover-20220825,002,1795
1458.0245,1458.0347,24609,31378,Nyctalus leisleri,0.008,0.023,-1,Echolocation,/mnt/ubna_data_01_mir/recover-20220825/UBNA_002/20220823_033000.WAV,Telephone Field,recover-20220825,002,1795
1458.0545,1458.0979,68437,82852,Rhinolophus ferrumequinum,0.031,0.031,-1,Echolocation,/mnt/ubna_data_01_mir/recover-20220825/UBNA_002/20220823_033000.WAV,Telephone Field,recover-20220825,002,1795
1458.0715,1458.1087,68437,82956,Rhinolophus ferrumequinum,0.027,0.027,-1,Echolocation,/mnt/ubna_data_01_mir/recover-20220825/UBNA_002/20220823_033000.WAV,Telephone Field,recover-20220825,002,1795
1458.0935,1458.1114,20312,23307,Nyctalus leisleri,0.016,0.029,-1,Echolocation,/mnt/ubna_data_01_mir/recover-20220825/UBNA_002/20220823_033000.WAV,Telephone Field,recover-20220825,002,1795
1458.0975,1458.1371,68437,82173,Rhinolophus ferrumequinum,0.026,0.026,-1,Echolocation,/mnt/ubna_data_01_mir/recover-20220825/UBNA_002/20220823_033000.WAV,Telephone Field,recover-20220825,002,1795
1458.1115,1458.1217,25468,32981,Eptesicus serotinus,0.274,0.54,-1,Echolocation,/mnt/ubna_data_01_mir/recover-20220825/UBNA_002/20220823_033000.WAV,Telephone Field,recover-20220825,002,1795
1458.1285,1458.1681,68437,82429,Rhinolophus ferrumequinum,0.021,0.021,-1,Echolocation,/mnt/ubna_data_01_mir/recover-20220825/UBNA_002/20220823_033000.WAV,Telephone Field,recover-20220825,002,1795
1458.2135,1458.226,22031,25845,Nyctalus leisleri,0.011,0.021,-1,Echolocation,/mnt/ubna_data_01_mir/recover-20220825/UBNA_002/20220823_033000.WAV,Telephone Field,recover-20220825,002,1795
1458.2155,1458.2556,68437,82409,Rhinolophus ferrumequinum,0.026,0.026,-1,Echolocation,/mnt/ubna_data_01_mir/recover-20220825/UBNA_002/20220823_033000.WAV,Telephone Field,recover-20220825,002,1795
1458.2265,1458.235,22890,30067,Plecotus austriacus,0.012,0.026,-1,Echolocation,/mnt/ubna_data_01_mir/recover-20220825/UBNA_002/20220823_033000.WAV,Telephone Field,recover-20220825,002,1795
1458.2465,1458.2816,68437,81515,Rhinolophus ferrumequinum,0.022,0.022,-1,Echolocation,/mnt/ubna_data_01_mir/recover-20220825/UBNA_002/20220823_033000.WAV,Telephone Field,recover-20220825,002,1795
1458.2515,1458.2603,26328,35276,Eptesicus serotinus,0.344,0.602,-1,Echolocation,/mnt/ubna_data_01_mir/recover-20220825/UBNA_002/20220823_033000.WAV,Telephone Field,recover-20220825,002,1795
1458.2855,1458.2941,28906,39573,Eptesicus serotinus,0.008,0.021,-1,Echolocation,/mnt/ubna_data_01_mir/recover-20220825/UBNA_002/20220823_033000.WAV,Telephone Field,recover-20220825,002,1795
1458.3055,1458.3422,68437,81797,Rhinolophus ferrumequinum,0.021,0.021,-1,Echolocation,/mnt/ubna_data_01_mir/recover-20220825/UBNA_002/20220823_033000.WAV,Telephone Field,recover-20220825,002,1795
1458.3115,1458.3184,28046,40433,Eptesicus serotinus,0.007,0.024,-1,Echolocation,/mnt/ubna_data_01_mir/recover-20220825/UBNA_002/20220823_033000.WAV,Telephone Field,recover-20220825,002,1795
1458.3275,1458.335,23750,31828,Plecotus austriacus,0.009,0.026,-1,Echolocation,/mnt/ubna_data_01_mir/recover-20220825/UBNA_002/20220823_033000.WAV,Telephone Field,recover-20220825,002,1795
1458.3945,1458.4332,68437,82498,Rhinolophus ferrumequinum,0.022,0.022,-1,Echolocation,/mnt/ubna_data_01_mir/recover-20220825/UBNA_002/20220823_033000.WAV,Telephone Field,recover-20220825,002,1795
1458.4015,1458.438,68437,82058,Rhinolophus ferrumequinum,0.021,0.021,-1,Echolocation,/mnt/ubna_data_01_mir/recover-20220825/UBNA_002/20220823_033000.WAV,Telephone Field,recover-20220825,002,1795
1458.4215,1458.4592,68437,81692,Rhinolophus ferrumequinum,0.022,0.023,-1,Echolocation,/mnt/ubna_data_01_mir/recover-20220825/UBNA_002/20220823_033000.WAV,Telephone Field,recover-20220825,002,1795
1458.4265,1458.4372,28906,35865,Eptesicus serotinus,0.018,0.033,-1,Echolocation,/mnt/ubna_data_01_mir/recover-20220825/UBNA_002/20220823_033000.WAV,Telephone Field,recover-20220825,002,1795
1458.4435,1458.4834,68437,82048,Rhinolophus ferrumequinum,0.023,0.023,-1,Echolocation,/mnt/ubna_data_01_mir/recover-20220825/UBNA_002/20220823_033000.WAV,Telephone Field,recover-20220825,002,1795
1458.4535,1458.4934,68437,82183,Rhinolophus ferrumequinum,0.021,0.021,-1,Echolocation,/mnt/ubna_data_01_mir/recover-20220825/UBNA_002/20220823_033000.WAV,Telephone Field,recover-20220825,002,1795
1458.4825,1458.4913999999999,27187,37467,Eptesicus serotinus,0.008,0.022,-1,Echolocation,/mnt/ubna_data_01_mir/recover-20220825/UBNA_002/20220823_033000.WAV,Telephone Field,recover-20220825,002,1795
1458.4895,1458.5267,68437,81152,Rhinolophus ferrumequinum,0.022,0.022,-1,Echolocation,/mnt/ubna_data_01_mir/recover-20220825/UBNA_002/20220823_033000.WAV,Telephone Field,recover-20220825,002,1795
1458.4965,1458.5079,25468,32570,Eptesicus serotinus,0.264,0.585,-1,Echolocation,/mnt/ubna_data_01_mir/recover-20220825/UBNA_002/20220823_033000.WAV,Telephone Field,recover-20220825,002,1795
1458.5165,1458.5591,68437,83002,Rhinolophus ferrumequinum,0.031,0.031,-1,Echolocation,/mnt/ubna_data_01_mir/recover-20220825/UBNA_002/20220823_033000.WAV,Telephone Field,recover-20220825,002,1795
1458.5485,1458.5583,44375,50435,Pipistrellus pipistrellus,0.024,0.029,-1,Echolocation,/mnt/ubna_data_01_mir/recover-20220825/UBNA_002/20220823_033000.WAV,Telephone Field,recover-20220825,002,1795
1458.5875,1458.595,27187,39924,Eptesicus serotinus,0.007,0.023,-1,Echolocation,/mnt/ubna_data_01_mir/recover-20220825/UBNA_002/20220823_033000.WAV,Telephone Field,recover-20220825,002,1795
1458.6105,1458.6483,68437,82166,Rhinolophus ferrumequinum,0.022,0.022,-1,Echolocation,/mnt/ubna_data_01_mir/recover-20220825/UBNA_002/20220823_033000.WAV,Telephone Field,recover-20220825,002,1795
1458.6165,1458.6541,68437,81925,Rhinolophus ferrumequinum,0.022,0.022,-1,Echolocation,/mnt/ubna_data_01_mir/recover-20220825/UBNA_002/20220823_033000.WAV,Telephone Field,recover-20220825,002,1795
1458.6395,1458.6502,24609,33543,Eptesicus serotinus,0.377,0.628,-1,Echolocation,/mnt/ubna_data_01_mir/recover-20220825/UBNA_002/20220823_033000.WAV,Telephone Field,recover-20220825,002,1795
1458.6645,1458.7031,68437,82268,Rhinolophus ferrumequinum,0.023,0.023,-1,Echolocation,/mnt/ubna_data_01_mir/recover-20220825/UBNA_002/20220823_033000.WAV,Telephone Field,recover-20220825,002,1795
1458.6645,1458.6758,22031,26344,Nyctalus leisleri,0.012,0.022,-1,Echolocation,/mnt/ubna_data_01_mir/recover-20220825/UBNA_002/20220823_033000.WAV,Telephone Field,recover-20220825,002,1795
1458.6745,1458.6823,28906,39203,Eptesicus serotinus,0.008,0.023,-1,Echolocation,/mnt/ubna_data_01_mir/recover-20220825/UBNA_002/20220823_033000.WAV,Telephone Field,recover-20220825,002,1795
1458.6745,1458.6863,54687,59399,Pipistrellus pygmaeus,0.023,0.024,-1,Echolocation,/mnt/ubna_data_01_mir/recover-20220825/UBNA_002/20220823_033000.WAV,Telephone Field,recover-20220825,002,1795
1458.7005,1458.7409,68437,82714,Rhinolophus ferrumequinum,0.022,0.022,-1,Echolocation,/mnt/ubna_data_01_mir/recover-20220825/UBNA_002/20220823_033000.WAV,Telephone Field,recover-20220825,002,1795
1458.7235,1458.761,68437,82368,Rhinolophus ferrumequinum,0.029,0.029,-1,Echolocation,/mnt/ubna_data_01_mir/recover-20220825/UBNA_002/20220823_033000.WAV,Telephone Field,recover-20220825,002,1795
1458.7315,1458.7384,27187,37457,Eptesicus serotinus,0.007,0.023,-1,Echolocation,/mnt/ubna_data_01_mir/recover-20220825/UBNA_002/20220823_033000.WAV,Telephone Field,recover-20220825,002,1795
1458.7315,1458.7681,68437,82318,Rhinolophus ferrumequinum,0.031,0.031,-1,Echolocation,/mnt/ubna_data_01_mir/recover-20220825/UBNA_002/20220823_033000.WAV,Telephone Field,recover-20220825,002,1795
1458.7505,1458.7608,22031,26867,Nyctalus leisleri,0.012,0.026,-1,Echolocation,/mnt/ubna_data_01_mir/recover-20220825/UBNA_002/20220823_033000.WAV,Telephone Field,recover-20220825,002,1795
1458.7915,1458.8327,68437,83076,Rhinolophus ferrumequinum,0.035,0.035,-1,Echolocation,/mnt/ubna_data_01_mir/recover-20220825/UBNA_002/20220823_033000.WAV,Telephone Field,recover-20220825,002,1795
1458.8145,1458.8231,26328,35322,Eptesicus serotinus,0.01,0.027,-1,Echolocation,/mnt/ubna_data_01_mir/recover-20220825/UBNA_002/20220823_033000.WAV,Telephone Field,recover-20220825,002,1795
1458.8315,1458.8484,21171,24837,Nyctalus leisleri,0.017,0.033,-1,Echolocation,/mnt/ubna_data_01_mir/recover-20220825/UBNA_002/20220823_033000.WAV,Telephone Field,recover-20220825,002,1795
1458.8665,1458.876,28906,37396,Eptesicus serotinus,0.01,0.024,-1,Echolocation,/mnt/ubna_data_01_mir/recover-20220825/UBNA_002/20220823_033000.WAV,Telephone Field,recover-20220825,002,1795
1458.8685,1458.9031,68437,80954,Rhinolophus ferrumequinum,0.021,0.021,-1,Echolocation,/mnt/ubna_data_01_mir/recover-20220825/UBNA_002/20220823_033000.WAV,Telephone Field,recover-20220825,002,1795
1458.8875,1458.8957,26328,36581,Eptesicus serotinus,0.008,0.023,-1,Echolocation,/mnt/ubna_data_01_mir/recover-20220825/UBNA_002/20220823_033000.WAV,Telephone Field,recover-20220825,002,1795
1458.8975,1458.9355,68437,82430,Rhinolophus ferrumequinum,0.024,0.024,-1,Echolocation,/mnt/ubna_data_01_mir/recover-20220825/UBNA_002/20220823_033000.WAV,Telephone Field,recover-20220825,002,1795
1458.9005,1458.9109,24609,33183,Eptesicus serotinus,0.324,0.664,-1,Echolocation,/mnt/ubna_data_01_mir/recover-20220825/UBNA_002/20220823_033000.WAV,Telephone Field,recover-20220825,002,1795
1458.9195,1458.9275,23750,32985,Plecotus austriacus,0.009,0.024,-1,Echolocation,/mnt/ubna_data_01_mir/recover-20220825/UBNA_002/20220823_033000.WAV,Telephone Field,recover-20220825,002,1795
1458.9265,1458.9665,68437,82688,Rhinolophus ferrumequinum,0.025,0.025,-1,Echolocation,/mnt/ubna_data_01_mir/recover-20220825/UBNA_002/20220823_033000.WAV,Telephone Field,recover-20220825,002,1795
1458.9345,1458.9757,68437,82789,Rhinolophus ferrumequinum,0.028,0.028,-1,Echolocation,/mnt/ubna_data_01_mir/recover-20220825/UBNA_002/20220823_033000.WAV,Telephone Field,recover-20220825,002,1795
1458.9905,1459.0259,68437,81534,Rhinolophus ferrumequinum,0.022,0.022,-1,Echolocation,/mnt/ubna_data_01_mir/recover-20220825/UBNA_002/20220823_033000.WAV,Telephone Field,recover-20220825,002,1795
1459.0005,1459.0369,68437,81750,Rhinolophus ferrumequinum,0.023,0.023,-1,Echolocation,/mnt/ubna_data_01_mir/recover-20220825/UBNA_002/20220823_033000.WAV,Telephone Field,recover-20220825,002,1795
1459.0035,1459.0132,22890,28649,Nyctalus leisleri,0.008,0.021,-1,Echolocation,/mnt/ubna_data_01_mir/recover-20220825/UBNA_002/20220823_033000.WAV,Telephone Field,recover-20220825,002,1795
1459.0175,1459.0556,68437,81614,Rhinolophus ferrumequinum,0.024,0.024,-1,Echolocation,/mnt/ubna_data_01_mir/recover-20220825/UBNA_002/20220823_033000.WAV,Telephone Field,recover-20220825,002,1795
1459.0625,1459.1028,68437,82376,Rhinolophus ferrumequinum,0.023,0.023,-1,Echolocation,/mnt/ubna_data_01_mir/recover-20220825/UBNA_002/20220823_033000.WAV,Telephone Field,recover-20220825,002,1795
1459.0875,1459.0946,28046,42386,Eptesicus serotinus,0.009,0.029,-1,Echolocation,/mnt/ubna_data_01_mir/recover-20220825/UBNA_002/20220823_033000.WAV,Telephone Field,recover-20220825,002,1795
1459.1005,1459.1365,68437,80998,Rhinolophus ferrumequinum,0.024,0.024,-1,Echolocation,/mnt/ubna_data_01_mir/recover-20220825/UBNA_002/20220823_033000.WAV,Telephone Field,recover-20220825,002,1795
1459.1435,1459.152,27187,36395,Eptesicus serotinus,0.008,0.023,-1,Echolocation,/mnt/ubna_data_01_mir/recover-20220825/UBNA_002/20220823_033000.WAV,Telephone Field,recover-20220825,002,1795
1459.1555,1459.1674,23750,33272,Eptesicus serotinus,0.44,0.683,-1,Echolocation,/mnt/ubna_data_01_mir/recover-20220825/UBNA_002/20220823_033000.WAV,Telephone Field,recover-20220825,002,1795
1459.1625,1459.1964,68437,81324,Rhinolophus ferrumequinum,0.022,0.022,-1,Echolocation,/mnt/ubna_data_01_mir/recover-20220825/UBNA_002/20220823_033000.WAV,Telephone Field,recover-20220825,002,1795
1459.1685,1459.202,68437,81541,Rhinolophus ferrumequinum,0.022,0.022,-1,Echolocation,/mnt/ubna_data_01_mir/recover-20220825/UBNA_002/20220823_033000.WAV,Telephone Field,recover-20220825,002,1795
1459.1725,1459.1829,22031,26836,Nyctalus leisleri,0.01,0.021,-1,Echolocation,/mnt/ubna_data_01_mir/recover-20220825/UBNA_002/20220823_033000.WAV,Telephone Field,recover-20220825,002,1795
1459.1905,1459.2035,22031,27218,Nyctalus leisleri,0.018,0.042,-1,Echolocation,/mnt/ubna_data_01_mir/recover-20220825/UBNA_002/20220823_033000.WAV,Telephone Field,recover-20220825,002,1795
1459.2195,1459.2588,68437,81934,Rhinolophus ferrumequinum,0.025,0.025,-1,Echolocation,/mnt/ubna_data_01_mir/recover-20220825/UBNA_002/20220823_033000.WAV,Telephone Field,recover-20220825,002,1795
1459.2195,1459.2268,28046,40871,Eptesicus serotinus,0.007,0.021,-1,Echolocation,/mnt/ubna_data_01_mir/recover-20220825/UBNA_002/20220823_033000.WAV,Telephone Field,recover-20220825,002,1795
1459.2295,1459.2678,68437,82328,Rhinolophus ferrumequinum,0.023,0.023,-1,Echolocation,/mnt/ubna_data_01_mir/recover-20220825/UBNA_002/20220823_033000.WAV,Telephone Field,recover-20220825,002,1795
1459.2445,1459.2564,27187,33687,Eptesicus serotinus,0.019,0.034,-1,Echolocation,/mnt/ubna_data_01_mir/recover-20220825/UBNA_002/20220823_033000.WAV,Telephone Field,recover-20220825,002,1795
1459.2725,1459.2808,47812,54018,Pipistrellus pipistrellus,0.02,0.021,-1,Echolocation,/mnt/ubna_data_01_mir/recover-20220825/UBNA_002/20220823_033000.WAV,Telephone Field,recover-20220825,002,1795
1459.2825,1459.293,22890,29602,Nyctalus leisleri,0.013,0.036,-1,Echolocation,/mnt/ubna_data_01_mir/recover-20220825/UBNA_002/20220823_033000.WAV,Telephone Field,recover-20220825,002,1795
1459.2975,1459.3361,68437,81983,Rhinolophus ferrumequinum,0.022,0.022,-1,Echolocation,/mnt/ubna_data_01_mir/recover-20220825/UBNA_002/20220823_033000.WAV,Telephone Field,recover-20220825,002,1795
1459.3005,1459.3106,24609,32228,Eptesicus serotinus,0.009,0.025,-1,Echolocation,/mnt/ubna_data_01_mir/recover-20220825/UBNA_002/20220823_033000.WAV,Telephone Field,recover-20220825,002,1795
1459.3175,1459.3285,24609,33099,Eptesicus serotinus,0.293,0.656,-1,Echolocation,/mnt/ubna_data_01_mir/recover-20220825/UBNA_002/20220823_033000.WAV,Telephone Field,recover-20220825,002,1795
1459.3375,1459.3473,21171,26968,Plecotus austriacus,0.008,0.023,-1,Echolocation,/mnt/ubna_data_01_mir/recover-20220825/UBNA_002/20220823_033000.WAV,Telephone Field,recover-20220825,002,1795
1459.3405,1459.3513,32343,38042,Eptesicus serotinus,0.021,0.05,-1,Echolocation,/mnt/ubna_data_01_mir/recover-20220825/UBNA_002/20220823_033000.WAV,Telephone Field,recover-20220825,002,1795
1459.3835,1459.4208,68437,82697,Rhinolophus ferrumequinum,0.027,0.027,-1,Echolocation,/mnt/ubna_data_01_mir/recover-20220825/UBNA_002/20220823_033000.WAV,Telephone Field,recover-20220825,002,1795
1459.4235,1459.4582,68437,81650,Rhinolophus ferrumequinum,0.022,0.022,-1,Echolocation,/mnt/ubna_data_01_mir/recover-20220825/UBNA_002/20220823_033000.WAV,Telephone Field,recover-20220825,002,1795
1459.4435,1459.4789,68437,81183,Rhinolophus ferrumequinum,0.023,0.023,-1,Echolocation,/mnt/ubna_data_01_mir/recover-20220825/UBNA_002/20220823_033000.WAV,Telephone Field,recover-20220825,002,1795
1459.4665,1459.4749,27187,36339,Eptesicus serotinus,0.01,0.027,-1,Echolocation,/mnt/ubna_data_01_mir/recover-20220825/UBNA_002/20220823_033000.WAV,Telephone Field,recover-20220825,002,1795
1459.4805,1459.4925,24609,35255,Eptesicus serotinus,0.462,0.605,-1,Echolocation,/mnt/ubna_data_01_mir/recover-20220825/UBNA_002/20220823_033000.WAV,Telephone Field,recover-20220825,002,1795
1459.4995,1459.5373,68437,82382,Rhinolophus ferrumequinum,0.027,0.027,-1,Echolocation,/mnt/ubna_data_01_mir/recover-20220825/UBNA_002/20220823_033000.WAV,Telephone Field,recover-20220825,002,1795
1459.5085,1459.5463,68437,81611,Rhinolophus ferrumequinum,0.024,0.025,-1,Echolocation,/mnt/ubna_data_01_mir/recover-20220825/UBNA_002/20220823_033000.WAV,Telephone Field,recover-20220825,002,1795
1459.5195,1459.5289,28906,36696,Eptesicus serotinus,0.009,0.023,-1,Echolocation,/mnt/ubna_data_01_mir/recover-20220825/UBNA_002/20220823_033000.WAV,Telephone Field,recover-20220825,002,1795
1459.5265,1459.5347,28046,37683,Eptesicus serotinus,0.008,0.022,-1,Echolocation,/mnt/ubna_data_01_mir/recover-20220825/UBNA_002/20220823_033000.WAV,Telephone Field,recover-20220825,002,1795
1459.5515,1459.582,68437,80395,Rhinolophus ferrumequinum,0.022,0.022,-1,Echolocation,/mnt/ubna_data_01_mir/recover-20220825/UBNA_002/20220823_033000.WAV,Telephone Field,recover-20220825,002,1795
1459.5695,1459.5793,24609,32085,Eptesicus serotinus,0.009,0.024,-1,Echolocation,/mnt/ubna_data_01_mir/recover-20220825/UBNA_002/20220823_033000.WAV,Telephone Field,recover-20220825,002,1795
1459.6165,1459.6304,25468,31643,Nyctalus leisleri,0.126,0.296,-1,Echolocation,/mnt/ubna_data_01_mir/recover-20220825/UBNA_002/20220823_033000.WAV,Telephone Field,recover-20220825,002,1795
1459.6405,1459.6546,52968,56901,Pipistrellus pygmaeus,0.019,0.024,-1,Echolocation,/mnt/ubna_data_01_mir/recover-20220825/UBNA_002/20220823_033000.WAV,Telephone Field,recover-20220825,002,1795
1459.6505,1459.66,42656,46314,Pipistrellus pipistrellus,0.024,0.03,-1,Echolocation,/mnt/ubna_data_01_mir/recover-20220825/UBNA_002/20220823_033000.WAV,Telephone Field,recover-20220825,002,1795
1459.6635,1459.7045,68437,82617,Rhinolophus ferrumequinum,0.022,0.022,-1,Echolocation,/mnt/ubna_data_01_mir/recover-20220825/UBNA_002/20220823_033000.WAV,Telephone Field,recover-20220825,002,1795
1459.6975,1459.7353,68437,81916,Rhinolophus ferrumequinum,0.021,0.021,-1,Echolocation,/mnt/ubna_data_01_mir/recover-20220825/UBNA_002/20220823_033000.WAV,Telephone Field,recover-20220825,002,1795
1459.7405,1459.7506,22890,28051,Nyctalus leisleri,0.01,0.022,-1,Echolocation,/mnt/ubna_data_01_mir/recover-20220825/UBNA_002/20220823_033000.WAV,Telephone Field,recover-20220825,002,1795
1459.7455,1459.7882,68437,82813,Rhinolophus ferrumequinum,0.022,0.022,-1,Echolocation,/mnt/ubna_data_01_mir/recover-20220825/UBNA_002/20220823_033000.WAV,Telephone Field,recover-20220825,002,1795
1459.7515,1459.7933,68437,83002,Rhinolophus ferrumequinum,0.021,0.021,-1,Echolocation,/mnt/ubna_data_01_mir/recover-20220825/UBNA_002/20220823_033000.WAV,Telephone Field,recover-20220825,002,1795
1459.7575,1459.7632,35781,42739,Myotis daubentonii,0.007,0.022,-1,Echolocation,/mnt/ubna_data_01_mir/recover-20220825/UBNA_002/20220823_033000.WAV,Telephone Field,recover-20220825,002,1795
1459.7585,1459.798,68437,82943,Rhinolophus ferrumequinum,0.022,0.023,-1,Echolocation,/mnt/ubna_data_01_mir/recover-20220825/UBNA_002/20220823_033000.WAV,Telephone Field,recover-20220825,002,1795
1459.7595,1459.7704,25468,34591,Eptesicus serotinus,0.324,0.608,-1,Echolocation,/mnt/ubna_data_01_mir/recover-20220825/UBNA_002/20220823_033000.WAV,Telephone Field,recover-20220825,002,1795
1459.7925,1459.8292,68437,81093,Rhinolophus ferrumequinum,0.023,0.023,-1,Echolocation,/mnt/ubna_data_01_mir/recover-20220825/UBNA_002/20220823_033000.WAV,Telephone Field,recover-20220825,002,1795
1459.8075,1459.8494,68437,82669,Rhinolophus ferrumequinum,0.034,0.034,-1,Echolocation,/mnt/ubna_data_01_mir/recover-20220825/UBNA_002/20220823_033000.WAV,Telephone Field,recover-20220825,002,1795
1459.8295,1459.8692,68437,82173,Rhinolophus ferrumequinum,0.023,0.023,-1,Echolocation,/mnt/ubna_data_01_mir/recover-20220825/UBNA_002/20220823_033000.WAV,Telephone Field,recover-20220825,002,1795
1459.8365,1459.844,24609,33212,Plecotus austriacus,0.006,0.022,-1,Echolocation,/mnt/ubna_data_01_mir/recover-20220825/UBNA_002/20220823_033000.WAV,Telephone Field,recover-20220825,002,1795
1459.8695,1459.9089,68437,82043,Rhinolophus ferrumequinum,0.022,0.022,-1,Echolocation,/mnt/ubna_data_01_mir/recover-20220825/UBNA_002/20220823_033000.WAV,Telephone Field,recover-20220825,002,1795
1459.8785,1459.8869,28046,36853,Eptesicus serotinus,0.01,0.026,-1,Echolocation,/mnt/ubna_data_01_mir/recover-20220825/UBNA_002/20220823_033000.WAV,Telephone Field,recover-20220825,002,1795
1459.9025,1459.9412,68437,81258,Rhinolophus ferrumequinum,0.023,0.023,-1,Echolocation,/mnt/ubna_data_01_mir/recover-20220825/UBNA_002/20220823_033000.WAV,Telephone Field,recover-20220825,002,1795
1459.9075,1459.9194,26328,35947,Eptesicus serotinus,0.376,0.611,-1,Echolocation,/mnt/ubna_data_01_mir/recover-20220825/UBNA_002/20220823_033000.WAV,Telephone Field,recover-20220825,002,1795
1459.9305,1459.9706,68437,82266,Rhinolophus ferrumequinum,0.021,0.021,-1,Echolocation,/mnt/ubna_data_01_mir/recover-20220825/UBNA_002/20220823_033000.WAV,Telephone Field,recover-20220825,002,1795
1459.9375,1459.9764,68437,82318,Rhinolophus ferrumequinum,0.021,0.021,-1,Echolocation,/mnt/ubna_data_01_mir/recover-20220825/UBNA_002/20220823_033000.WAV,Telephone Field,recover-20220825,002,1795
1459.9635,1459.9713,28046,37890,Eptesicus serotinus,0.008,0.022,-1,Echolocation,/mnt/ubna_data_01_mir/recover-20220825/UBNA_002/20220823_033000.WAV,Telephone Field,recover-20220825,002,1795
1459.9755,1459.9847,43515,52371,Pipistrellus pipistrellus,0.014,0.022,-1,Echolocation,/mnt/ubna_data_01_mir/recover-20220825/UBNA_002/20220823_033000.WAV,Telephone Field,recover-20220825,002,1795
1460.0015,1460.0102,24609,35907,Nyctalus leisleri,0.009,0.03,-1,Echolocation,/mnt/ubna_data_01_mir/recover-20220825/UBNA_002/20220823_033000.WAV,Telephone Field,recover-20220825,002,1795
1460.0015,1460.0343,69296,81457,Rhinolophus ferrumequinum,0.031,0.031,-1,Echolocation,/mnt/ubna_data_01_mir/recover-20220825/UBNA_002/20220823_033000.WAV,Telephone Field,recover-20220825,002,1795
1460.0045,1460.0114,30625,50402,Myotis daubentonii,0.013,0.021,-1,Echolocation,/mnt/ubna_data_01_mir/recover-20220825/UBNA_002/20220823_033000.WAV,Telephone Field,recover-20220825,002,1795
1460.0255,1460.0653,68437,82675,Rhinolophus ferrumequinum,0.023,0.023,-1,Echolocation,/mnt/ubna_data_01_mir/recover-20220825/UBNA_002/20220823_033000.WAV,Telephone Field,recover-20220825,002,1795
1460.0615,1460.0707,26328,35580,Eptesicus serotinus,0.347,0.586,-1,Echolocation,/mnt/ubna_data_01_mir/recover-20220825/UBNA_002/20220823_033000.WAV,Telephone Field,recover-20220825,002,1795
1460.0625,1460.1044,68437,82594,Rhinolophus ferrumequinum,0.026,0.026,-1,Echolocation,/mnt/ubna_data_01_mir/recover-20220825/UBNA_002/20220823_033000.WAV,Telephone Field,recover-20220825,002,1795
1460.0925,1460.1287,68437,80767,Rhinolophus ferrumequinum,0.021,0.021,-1,Echolocation,/mnt/ubna_data_01_mir/recover-20220825/UBNA_002/20220823_033000.WAV,Telephone Field,recover-20220825,002,1795
1460.1245,1460.1357,31484,38964,Eptesicus serotinus,0.019,0.039,-1,Echolocation,/mnt/ubna_data_01_mir/recover-20220825/UBNA_002/20220823_033000.WAV,Telephone Field,recover-20220825,002,1795
1460.1475,1460.1568,22890,29259,Plecotus austriacus,0.007,0.022,-1,Echolocation,/mnt/ubna_data_01_mir/recover-20220825/UBNA_002/20220823_033000.WAV,Telephone Field,recover-20220825,002,1795
1460.1535,1460.1967,68437,83713,Rhinolophus ferrumequinum,0.037,0.037,-1,Echolocation,/mnt/ubna_data_01_mir/recover-20220825/UBNA_002/20220823_033000.WAV,Telephone Field,recover-20220825,002,1795
1460.1535,1460.1646,22031,26281,Nyctalus leisleri,0.012,0.022,-1,Echolocation,/mnt/ubna_data_01_mir/recover-20220825/UBNA_002/20220823_033000.WAV,Telephone Field,recover-20220825,002,1795
1460.1995,1460.2067,28046,41513,Eptesicus serotinus,0.007,0.021,-1,Echolocation,/mnt/ubna_data_01_mir/recover-20220825/UBNA_002/20220823_033000.WAV,Telephone Field,recover-20220825,002,1795
1460.2185,1460.2585,68437,82540,Rhinolophus ferrumequinum,0.023,0.023,-1,Echolocation,/mnt/ubna_data_01_mir/recover-20220825/UBNA_002/20220823_033000.WAV,Telephone Field,recover-20220825,002,1795
1460.2195,1460.2278,27187,35732,Eptesicus serotinus,0.318,0.614,-1,Echolocation,/mnt/ubna_data_01_mir/recover-20220825/UBNA_002/20220823_033000.WAV,Telephone Field,recover-20220825,002,1795
1460.2285,1460.2335,38359,48786,Myotis daubentonii,0.017,0.037,-1,Echolocation,/mnt/ubna_data_01_mir/recover-20220825/UBNA_002/20220823_033000.WAV,Telephone Field,recover-20220825,002,1795
1460.2385,1460.2746,68437,81889,Rhinolophus ferrumequinum,0.024,0.024,-1,Echolocation,/mnt/ubna_data_01_mir/recover-20220825/UBNA_002/20220823_033000.WAV,Telephone Field,recover-20220825,002,1795
1460.2615,1460.2988,68437,81930,Rhinolophus ferrumequinum,0.022,0.022,-1,Echolocation,/mnt/ubna_data_01_mir/recover-20220825/UBNA_002/20220823_033000.WAV,Telephone Field,recover-20220825,002,1795
1460.2645,1460.2730999999999,26328,34964,Eptesicus serotinus,0.009,0.022,-1,Echolocation,/mnt/ubna_data_01_mir/recover-20220825/UBNA_002/20220823_033000.WAV,Telephone Field,recover-20220825,002,1795
1460.2925,1460.3346,68437,82686,Rhinolophus ferrumequinum,0.025,0.025,-1,Echolocation,/mnt/ubna_data_01_mir/recover-20220825/UBNA_002/20220823_033000.WAV,Telephone Field,recover-20220825,002,1795
1460.3055,1460.3231,19453,22589,Nyctalus leisleri,0.011,0.021,-1,Echolocation,/mnt/ubna_data_01_mir/recover-20220825/UBNA_002/20220823_033000.WAV,Telephone Field,recover-20220825,002,1795
1460.3105,1460.3477,68437,82005,Rhinolophus ferrumequinum,0.023,0.023,-1,Echolocation,/mnt/ubna_data_01_mir/recover-20220825/UBNA_002/20220823_033000.WAV,Telephone Field,recover-20220825,002,1795
1460.3235,1460.3326,45234,48788,Pipistrellus pipistrellus,0.021,0.023,-1,Echolocation,/mnt/ubna_data_01_mir/recover-20220825/UBNA_002/20220823_033000.WAV,Telephone Field,recover-20220825,002,1795
1460.3245,1460.3647,68437,82396,Rhinolophus ferrumequinum,0.03,0.03,-1,Echolocation,/mnt/ubna_data_01_mir/recover-20220825/UBNA_002/20220823_033000.WAV,Telephone Field,recover-20220825,002,1795
1460.3555,1460.3632,27187,36297,Eptesicus serotinus,0.364,0.617,-1,Echolocation,/mnt/ubna_data_01_mir/recover-20220825/UBNA_002/20220823_033000.WAV,Telephone Field,recover-20220825,002,1795
1460.3735,1460.4166,68437,83067,Rhinolophus ferrumequinum,0.024,0.024,-1,Echolocation,/mnt/ubna_data_01_mir/recover-20220825/UBNA_002/20220823_033000.WAV,Telephone Field,recover-20220825,002,1795
1460.3825,1460.4244,68437,82513,Rhinolophus ferrumequinum,0.021,0.021,-1,Echolocation,/mnt/ubna_data_01_mir/recover-20220825/UBNA_002/20220823_033000.WAV,Telephone Field,recover-20220825,002,1795
1460.4405,1460.4507,24609,31420,Nyctalus leisleri,0.009,0.026,-1,Echolocation,/mnt/ubna_data_01_mir/recover-20220825/UBNA_002/20220823_033000.WAV,Telephone Field,recover-20220825,002,1795
1460.4575,1460.4948,68437,82224,Rhinolophus ferrumequinum,0.025,0.025,-1,Echolocation,/mnt/ubna_data_01_mir/recover-20220825/UBNA_002/20220823_033000.WAV,Telephone Field,recover-20220825,002,1795
1460.4595,1460.4703,23750,28864,Nyctalus leisleri,0.013,0.026,-1,Echolocation,/mnt/ubna_data_01_mir/recover-20220825/UBNA_002/20220823_033000.WAV,Telephone Field,recover-20220825,002,1795
1460.4775,1460.4854,27187,35288,Eptesicus serotinus,0.316,0.543,-1,Echolocation,/mnt/ubna_data_01_mir/recover-20220825/UBNA_002/20220823_033000.WAV,Telephone Field,recover-20220825,002,1795
1460.4795,1460.5184,68437,82053,Rhinolophus ferrumequinum,0.027,0.027,-1,Echolocation,/mnt/ubna_data_01_mir/recover-20220825/UBNA_002/20220823_033000.WAV,Telephone Field,recover-20220825,002,1795
1460.5135,1460.5536,68437,82642,Rhinolophus ferrumequinum,0.026,0.026,-1,Echolocation,/mnt/ubna_data_01_mir/recover-20220825/UBNA_002/20220823_033000.WAV,Telephone Field,recover-20220825,002,1795
1460.5235,1460.5412,20312,23781,Nyctalus leisleri,0.014,0.027,-1,Echolocation,/mnt/ubna_data_01_mir/recover-20220825/UBNA_002/20220823_033000.WAV,Telephone Field,recover-20220825,002,1795
1460.5365,1460.5434,24609,33392,Plecotus austriacus,0.011,0.026,-1,Echolocation,/mnt/ubna_data_01_mir/recover-20220825/UBNA_002/20220823_033000.WAV,Telephone Field,recover-20220825,002,1795
1460.5635,1460.5988,68437,81529,Rhinolophus ferrumequinum,0.022,0.022,-1,Echolocation,/mnt/ubna_data_01_mir/recover-20220825/UBNA_002/20220823_033000.WAV,Telephone Field,recover-20220825,002,1795
1460.5715,1460.6077,68437,82157,Rhinolophus ferrumequinum,0.021,0.021,-1,Echolocation,/mnt/ubna_data_01_mir/recover-20220825/UBNA_002/20220823_033000.WAV,Telephone Field,recover-20220825,002,1795
1460.5735,1460.5835,28046,34728,Eptesicus serotinus,0.257,0.454,-1,Echolocation,/mnt/ubna_data_01_mir/recover-20220825/UBNA_002/20220823_033000.WAV,Telephone Field,recover-20220825,002,1795
1460.6055,1460.6473,68437,82729,Rhinolophus ferrumequinum,0.029,0.029,-1,Echolocation,/mnt/ubna_data_01_mir/recover-20220825/UBNA_002/20220823_033000.WAV,Telephone Field,recover-20220825,002,1795
1460.6475,1460.6909,68437,83380,Rhinolophus ferrumequinum,0.027,0.027,-1,Echolocation,/mnt/ubna_data_01_mir/recover-20220825/UBNA_002/20220823_033000.WAV,Telephone Field,recover-20220825,002,1795
1460.6515,1460.6605,28046,38947,Eptesicus serotinus,0.008,0.022,-1,Echolocation,/mnt/ubna_data_01_mir/recover-20220825/UBNA_002/20220823_033000.WAV,Telephone Field,recover-20220825,002,1795
1460.6605,1460.6704,22031,27294,Nyctalus leisleri,0.008,0.022,-1,Echolocation,/mnt/ubna_data_01_mir/recover-20220825/UBNA_002/20220823_033000.WAV,Telephone Field,recover-20220825,002,1795
1460.6845,1460.693,28906,39838,Eptesicus serotinus,0.008,0.022,-1,Echolocation,/mnt/ubna_data_01_mir/recover-20220825/UBNA_002/20220823_033000.WAV,Telephone Field,recover-20220825,002,1795
1460.7005,1460.71,28906,36524,Eptesicus serotinus,0.008,0.021,-1,Echolocation,/mnt/ubna_data_01_mir/recover-20220825/UBNA_002/20220823_033000.WAV,Telephone Field,recover-20220825,002,1795
1460.7225,1460.7307,28906,39219,Eptesicus serotinus,0.008,0.024,-1,Echolocation,/mnt/ubna_data_01_mir/recover-20220825/UBNA_002/20220823_033000.WAV,Telephone Field,recover-20220825,002,1795
1460.7625,1460.7992,68437,82084,Rhinolophus ferrumequinum,0.027,0.027,-1,Echolocation,/mnt/ubna_data_01_mir/recover-20220825/UBNA_002/20220823_033000.WAV,Telephone Field,recover-20220825,002,1795
1460.7805,1460.7906,27187,36151,Eptesicus serotinus,0.01,0.024,-1,Echolocation,/mnt/ubna_data_01_mir/recover-20220825/UBNA_002/20220823_033000.WAV,Telephone Field,recover-20220825,002,1795
1460.7985,1460.8369,68437,81499,Rhinolophus ferrumequinum,0.024,0.024,-1,Echolocation,/mnt/ubna_data_01_mir/recover-20220825/UBNA_002/20220823_033000.WAV,Telephone Field,recover-20220825,002,1795
1460.8205,1460.8619,68437,82648,Rhinolophus ferrumequinum,0.026,0.026,-1,Echolocation,/mnt/ubna_data_01_mir/recover-20220825/UBNA_002/20220823_033000.WAV,Telephone Field,recover-20220825,002,1795
1460.8555,1460.8931,68437,82359,Rhinolophus ferrumequinum,0.021,0.021,-1,Echolocation,/mnt/ubna_data_01_mir/recover-20220825/UBNA_002/20220823_033000.WAV,Telephone Field,recover-20220825,002,1795
1460.8575,1460.8647,27187,41715,Eptesicus serotinus,0.007,0.023,-1,Echolocation,/mnt/ubna_data_01_mir/recover-20220825/UBNA_002/20220823_033000.WAV,Telephone Field,recover-20220825,002,1795
1460.9035,1460.9228,20312,23234,Nyctalus leisleri,0.013,0.023,-1,Echolocation,/mnt/ubna_data_01_mir/recover-20220825/UBNA_002/20220823_033000.WAV,Telephone Field,recover-20220825,002,1795
1460.9075,1460.9471,68437,82685,Rhinolophus ferrumequinum,0.029,0.029,-1,Echolocation,/mnt/ubna_data_01_mir/recover-20220825/UBNA_002/20220823_033000.WAV,Telephone Field,recover-20220825,002,1795
1460.9265,1460.9358,27187,38201,Eptesicus serotinus,0.011,0.025,-1,Echolocation,/mnt/ubna_data_01_mir/recover-20220825/UBNA_002/20220823_033000.WAV,Telephone Field,recover-20220825,002,1795
1460.9525,1460.9631,22890,27077,Nyctalus leisleri,0.013,0.024,-1,Echolocation,/mnt/ubna_data_01_mir/recover-20220825/UBNA_002/20220823_033000.WAV,Telephone Field,recover-20220825,002,1795
1460.9675,1461.0067,68437,82249,Rhinolophus ferrumequinum,0.022,0.022,-1,Echolocation,/mnt/ubna_data_01_mir/recover-20220825/UBNA_002/20220823_033000.WAV,Telephone Field,recover-20220825,002,1795
1461.0055,1461.0419,68437,81522,Rhinolophus ferrumequinum,0.026,0.026,-1,Echolocation,/mnt/ubna_data_01_mir/recover-20220825/UBNA_002/20220823_033000.WAV,Telephone Field,recover-20220825,002,1795
1461.0205,1461.0591,68437,82920,Rhinolophus ferrumequinum,0.025,0.025,-1,Echolocation,/mnt/ubna_data_01_mir/recover-20220825/UBNA_002/20220823_033000.WAV,Telephone Field,recover-20220825,002,1795
1461.0565,1461.0921,68437,81545,Rhinolophus ferrumequinum,0.021,0.021,-1,Echolocation,/mnt/ubna_data_01_mir/recover-20220825/UBNA_002/20220823_033000.WAV,Telephone Field,recover-20220825,002,1795
1461.0945,1461.1325,68437,81723,Rhinolophus ferrumequinum,0.022,0.022,-1,Echolocation,/mnt/ubna_data_01_mir/recover-20220825/UBNA_002/20220823_033000.WAV,Telephone Field,recover-20220825,002,1795
1461.0965,1461.1092,23750,28982,Nyctalus leisleri,0.012,0.024,-1,Echolocation,/mnt/ubna_data_01_mir/recover-20220825/UBNA_002/20220823_033000.WAV,Telephone Field,recover-20220825,002,1795
1461.1045,1461.1205,22031,25296,Nyctalus leisleri,0.014,0.023,-1,Echolocation,/mnt/ubna_data_01_mir/recover-20220825/UBNA_002/20220823_033000.WAV,Telephone Field,recover-20220825,002,1795
1461.1055,1461.114,46093,51287,Pipistrellus pipistrellus,0.019,0.021,-1,Echolocation,/mnt/ubna_data_01_mir/recover-20220825/UBNA_002/20220823_033000.WAV,Telephone Field,recover-20220825,002,1795
1461.1195,1461.1565,68437,81960,Rhinolophus ferrumequinum,0.023,0.023,-1,Echolocation,/mnt/ubna_data_01_mir/recover-20220825/UBNA_002/20220823_033000.WAV,Telephone Field,recover-20220825,002,1795
1461.1375,1461.1783,68437,81910,Rhinolophus ferrumequinum,0.023,0.023,-1,Echolocation,/mnt/ubna_data_01_mir/recover-20220825/UBNA_002/20220823_033000.WAV,Telephone Field,recover-20220825,002,1795
1461.1395,1461.1498,24609,30750,Nyctalus leisleri,0.009,0.024,-1,Echolocation,/mnt/ubna_data_01_mir/recover-20220825/UBNA_002/20220823_033000.WAV,Telephone Field,recover-20220825,002,1795
1461.1455,1461.1852,68437,82794,Rhinolophus ferrumequinum,0.024,0.024,-1,Echolocation,/mnt/ubna_data_01_mir/recover-20220825/UBNA_002/20220823_033000.WAV,Telephone Field,recover-20220825,002,1795
1461.1545,1461.1899,68437,81484,Rhinolophus ferrumequinum,0.021,0.021,-1,Echolocation,/mnt/ubna_data_01_mir/recover-20220825/UBNA_002/20220823_033000.WAV,Telephone Field,recover-20220825,002,1795
1461.1615,1461.1946,68437,81132,Rhinolophus ferrumequinum,0.022,0.022,-1,Echolocation,/mnt/ubna_data_01_mir/recover-20220825/UBNA_002/20220823_033000.WAV,Telephone Field,recover-20220825,002,1795
1461.1635,1461.1701,25468,41771,Myotis nattereri,0.006,0.025,-1,Echolocation,/mnt/ubna_data_01_mir/recover-20220825/UBNA_002/20220823_033000.WAV,Telephone Field,recover-20220825,002,1795
1461.1905,1461.1974,22890,31462,Plecotus austriacus,0.01,0.023,-1,Echolocation,/mnt/ubna_data_01_mir/recover-20220825/UBNA_002/20220823_033000.WAV,Telephone Field,recover-20220825,002,1795
1461.1955,1461.2342,68437,82370,Rhinolophus ferrumequinum,0.023,0.023,-1,Echolocation,/mnt/ubna_data_01_mir/recover-20220825/UBNA_002/20220823_033000.WAV,Telephone Field,recover-20220825,002,1795
1461.2465,1461.2568,22890,28270,Nyctalus leisleri,0.015,0.033,-1,Echolocation,/mnt/ubna_data_01_mir/recover-20220825/UBNA_002/20220823_033000.WAV,Telephone Field,recover-20220825,002,1795
1461.2615,1461.2694,27187,42463,Eptesicus serotinus,0.008,0.022,-1,Echolocation,/mnt/ubna_data_01_mir/recover-20220825/UBNA_002/20220823_033000.WAV,Telephone Field,recover-20220825,002,1795
1461.2615,1461.3002,68437,82111,Rhinolophus ferrumequinum,0.025,0.025,-1,Echolocation,/mnt/ubna_data_01_mir/recover-20220825/UBNA_002/20220823_033000.WAV,Telephone Field,recover-20220825,002,1795
1461.2775,1461.2858,28906,36728,Eptesicus serotinus,0.009,0.022,-1,Echolocation,/mnt/ubna_data_01_mir/recover-20220825/UBNA_002/20220823_033000.WAV,Telephone Field,recover-20220825,002,1795
1461.3045,1461.3458,68437,82411,Rhinolophus ferrumequinum,0.022,0.022,-1,Echolocation,/mnt/ubna_data_01_mir/recover-20220825/UBNA_002/20220823_033000.WAV,Telephone Field,recover-20220825,002,1795
1461.3415,1461.3788,68437,81893,Rhinolophus ferrumequinum,0.023,0.023,-1,Echolocation,/mnt/ubna_data_01_mir/recover-20220825/UBNA_002/20220823_033000.WAV,Telephone Field,recover-20220825,002,1795
1461.3425,1461.3508,29765,39215,Eptesicus serotinus,0.01,0.03,-1,Echolocation,/mnt/ubna_data_01_mir/recover-20220825/UBNA_002/20220823_033000.WAV,Telephone Field,recover-20220825,002,1795
1461.4125,1461.4513,68437,82340,Rhinolophus ferrumequinum,0.026,0.026,-1,Echolocation,/mnt/ubna_data_01_mir/recover-20220825/UBNA_002/20220823_033000.WAV,Telephone Field,recover-20220825,002,1795
1461.4425,1461.4588,20312,23164,Nyctalus leisleri,0.016,0.025,-1,Echolocation,/mnt/ubna_data_01_mir/recover-20220825/UBNA_002/20220823_033000.WAV,Telephone Field,recover-20220825,002,1795
1461.4745,1461.4811,46953,51634,Pipistrellus pipistrellus,0.022,0.022,-1,Echolocation,/mnt/ubna_data_01_mir/recover-20220825/UBNA_002/20220823_033000.WAV,Telephone Field,recover-20220825,002,1795
1461.5145,1461.5222,46093,53616,Pipistrellus pipistrellus,0.023,0.027,-1,Echolocation,/mnt/ubna_data_01_mir/recover-20220825/UBNA_002/20220823_033000.WAV,Telephone Field,recover-20220825,002,1795
1461.5185,1461.5263,28906,44428,Myotis daubentonii,0.008,0.027,-1,Echolocation,/mnt/ubna_data_01_mir/recover-20220825/UBNA_002/20220823_033000.WAV,Telephone Field,recover-20220825,002,1795
1461.5185,1461.524,38359,59730,Myotis mystacinus,0.008,0.024,-1,Echolocation,/mnt/ubna_data_01_mir/recover-20220825/UBNA_002/20220823_033000.WAV,Telephone Field,recover-20220825,002,1795
1461.5365,1461.5733,68437,81886,Rhinolophus ferrumequinum,0.023,0.023,-1,Echolocation,/mnt/ubna_data_01_mir/recover-20220825/UBNA_002/20220823_033000.WAV,Telephone Field,recover-20220825,002,1795
1461.5425,1461.5844,68437,82539,Rhinolophus ferrumequinum,0.023,0.023,-1,Echolocation,/mnt/ubna_data_01_mir/recover-20220825/UBNA_002/20220823_033000.WAV,Telephone Field,recover-20220825,002,1795
1461.5495,1461.5908,68437,82695,Rhinolophus ferrumequinum,0.024,0.024,-1,Echolocation,/mnt/ubna_data_01_mir/recover-20220825/UBNA_002/20220823_033000.WAV,Telephone Field,recover-20220825,002,1795
1461.5715,1461.5786,31484,40363,Myotis daubentonii,0.008,0.023,-1,Echolocation,/mnt/ubna_data_01_mir/recover-20220825/UBNA_002/20220823_033000.WAV,Telephone Field,recover-20220825,002,1795
1461.5805,1461.6197,68437,82310,Rhinolophus ferrumequinum,0.022,0.022,-1,Echolocation,/mnt/ubna_data_01_mir/recover-20220825/UBNA_002/20220823_033000.WAV,Telephone Field,recover-20220825,002,1795
1461.5855,1461.5939,45234,53972,Pipistrellus pipistrellus,0.022,0.025,-1,Echolocation,/mnt/ubna_data_01_mir/recover-20220825/UBNA_002/20220823_033000.WAV,Telephone Field,recover-20220825,002,1795
1461.6195,1461.6592,68437,82445,Rhinolophus ferrumequinum,0.025,0.025,-1,Echolocation,/mnt/ubna_data_01_mir/recover-20220825/UBNA_002/20220823_033000.WAV,Telephone Field,recover-20220825,002,1795
1461.6725,1461.6822,54687,59408,Pipistrellus pygmaeus,0.018,0.021,-1,Echolocation,/mnt/ubna_data_01_mir/recover-20220825/UBNA_002/20220823_033000.WAV,Telephone Field,recover-20220825,002,1795
1461.6745,1461.6833,28046,38272,Eptesicus serotinus,0.008,0.023,-1,Echolocation,/mnt/ubna_data_01_mir/recover-20220825/UBNA_002/20220823_033000.WAV,Telephone Field,recover-20220825,002,1795
1461.7265,1461.735,25468,34458,Eptesicus serotinus,0.008,0.022,-1,Echolocation,/mnt/ubna_data_01_mir/recover-20220825/UBNA_002/20220823_033000.WAV,Telephone Field,recover-20220825,002,1795
1461.7385,1461.7769,68437,82108,Rhinolophus ferrumequinum,0.022,0.022,-1,Echolocation,/mnt/ubna_data_01_mir/recover-20220825/UBNA_002/20220823_033000.WAV,Telephone Field,recover-20220825,002,1795
1461.7405,1461.7484,28906,40066,Eptesicus serotinus,0.008,0.023,-1,Echolocation,/mnt/ubna_data_01_mir/recover-20220825/UBNA_002/20220823_033000.WAV,Telephone Field,recover-20220825,002,1795
1461.7565,1461.7673,23750,29448,Nyctalus leisleri,0.011,0.026,-1,Echolocation,/mnt/ubna_data_01_mir/recover-20220825/UBNA_002/20220823_033000.WAV,Telephone Field,recover-20220825,002,1795
1461.7885,1461.8279,68437,82333,Rhinolophus ferrumequinum,0.023,0.023,-1,Echolocation,/mnt/ubna_data_01_mir/recover-20220825/UBNA_002/20220823_033000.WAV,Telephone Field,recover-20220825,002,1795
1461.7935,1461.801,28046,42372,Eptesicus serotinus,0.009,0.027,-1,Echolocation,/mnt/ubna_data_01_mir/recover-20220825/UBNA_002/20220823_033000.WAV,Telephone Field,recover-20220825,002,1795
1461.8305,1461.8691,68437,82190,Rhinolophus ferrumequinum,0.025,0.025,-1,Echolocation,/mnt/ubna_data_01_mir/recover-20220825/UBNA_002/20220823_033000.WAV,Telephone Field,recover-20220825,002,1795
1461.8455,1461.8835,68437,82643,Rhinolophus ferrumequinum,0.023,0.023,-1,Echolocation,/mnt/ubna_data_01_mir/recover-20220825/UBNA_002/20220823_033000.WAV,Telephone Field,recover-20220825,002,1795
1461.8585,1461.8725,22890,27327,Nyctalus leisleri,0.015,0.027,-1,Echolocation,/mnt/ubna_data_01_mir/recover-20220825/UBNA_002/20220823_033000.WAV,Telephone Field,recover-20220825,002,1795
1461.8905,1461.8989,47812,51286,Pipistrellus pipistrellus,0.028,0.03,-1,Echolocation,/mnt/ubna_data_01_mir/recover-20220825/UBNA_002/20220823_033000.WAV,Telephone Field,recover-20220825,002,1795
1461.8925,1461.9316,68437,82386,Rhinolophus ferrumequinum,0.024,0.024,-1,Echolocation,/mnt/ubna_data_01_mir/recover-20220825/UBNA_002/20220823_033000.WAV,Telephone Field,recover-20220825,002,1795
1461.9025,1461.9426,68437,83086,Rhinolophus ferrumequinum,0.028,0.028,-1,Echolocation,/mnt/ubna_data_01_mir/recover-20220825/UBNA_002/20220823_033000.WAV,Telephone Field,recover-20220825,002,1795
1461.9185,1461.9617,68437,83127,Rhinolophus ferrumequinum,0.024,0.024,-1,Echolocation,/mnt/ubna_data_01_mir/recover-20220825/UBNA_002/20220823_033000.WAV,Telephone Field,recover-20220825,002,1795
1461.9205,1461.9298,28046,38050,Eptesicus serotinus,0.01,0.026,-1,Echolocation,/mnt/ubna_data_01_mir/recover-20220825/UBNA_002/20220823_033000.WAV,Telephone Field,recover-20220825,002,1795
1461.9445,1461.9531,28046,38570,Eptesicus serotinus,0.008,0.023,-1,Echolocation,/mnt/ubna_data_01_mir/recover-20220825/UBNA_002/20220823_033000.WAV,Telephone Field,recover-20220825,002,1795
1462.0015,1462.0089,46093,51139,Pipistrellus pipistrellus,0.018,0.022,-1,Echolocation,/mnt/ubna_data_01_mir/recover-20220825/UBNA_002/20220823_033000.WAV,Telephone Field,recover-20220825,002,1795
1462.0015,1462.0102,23750,31040,Nyctalus leisleri,0.006,0.021,-1,Echolocation,/mnt/ubna_data_01_mir/recover-20220825/UBNA_002/20220823_033000.WAV,Telephone Field,recover-20220825,002,1795
1462.0125,1462.0562,68437,83744,Rhinolophus ferrumequinum,0.024,0.024,-1,Echolocation,/mnt/ubna_data_01_mir/recover-20220825/UBNA_002/20220823_033000.WAV,Telephone Field,recover-20220825,002,1795
1462.0495,1462.0564,27187,41148,Eptesicus serotinus,0.007,0.025,-1,Echolocation,/mnt/ubna_data_01_mir/recover-20220825/UBNA_002/20220823_033000.WAV,Telephone Field,recover-20220825,002,1795
1462.0605,1462.1001,68437,82456,Rhinolophus ferrumequinum,0.02,0.02,-1,Echolocation,/mnt/ubna_data_01_mir/recover-20220825/UBNA_002/20220823_033000.WAV,Telephone Field,recover-20220825,002,1795
1462.0935,1462.133,68437,82883,Rhinolophus ferrumequinum,0.022,0.022,-1,Echolocation,/mnt/ubna_data_01_mir/recover-20220825/UBNA_002/20220823_033000.WAV,Telephone Field,recover-20220825,002,1795
1462.1115,1462.1215,27187,35335,Eptesicus serotinus,0.013,0.026,-1,Echolocation,/mnt/ubna_data_01_mir/recover-20220825/UBNA_002/20220823_033000.WAV,Telephone Field,recover-20220825,002,1795
1462.1395,1462.1822,68437,83189,Rhinolophus ferrumequinum,0.025,0.025,-1,Echolocation,/mnt/ubna_data_01_mir/recover-20220825/UBNA_002/20220823_033000.WAV,Telephone Field,recover-20220825,002,1795
1462.1425,1462.1538,23750,29753,Nyctalus leisleri,0.01,0.024,-1,Echolocation,/mnt/ubna_data_01_mir/recover-20220825/UBNA_002/20220823_033000.WAV,Telephone Field,recover-20220825,002,1795
1462.1635,1462.2011,68437,81869,Rhinolophus ferrumequinum,0.022,0.022,-1,Echolocation,/mnt/ubna_data_01_mir/recover-20220825/UBNA_002/20220823_033000.WAV,Telephone Field,recover-20220825,002,1795
1462.1875,1462.2275,68437,82332,Rhinolophus ferrumequinum,0.021,0.021,-1,Echolocation,/mnt/ubna_data_01_mir/recover-20220825/UBNA_002/20220823_033000.WAV,Telephone Field,recover-20220825,002,1795
1462.1925,1462.2029,23750,30127,Nyctalus leisleri,0.007,0.022,-1,Echolocation,/mnt/ubna_data_01_mir/recover-20220825/UBNA_002/20220823_033000.WAV,Telephone Field,recover-20220825,002,1795
1462.2145,1462.2553,68437,82516,Rhinolophus ferrumequinum,0.023,0.023,-1,Echolocation,/mnt/ubna_data_01_mir/recover-20220825/UBNA_002/20220823_033000.WAV,Telephone Field,recover-20220825,002,1795
1462.2235,1462.2648,68437,82679,Rhinolophus ferrumequinum,0.024,0.024,-1,Echolocation,/mnt/ubna_data_01_mir/recover-20220825/UBNA_002/20220823_033000.WAV,Telephone Field,recover-20220825,002,1795
1462.2325,1462.2444,23750,29886,Nyctalus leisleri,0.009,0.023,-1,Echolocation,/mnt/ubna_data_01_mir/recover-20220825/UBNA_002/20220823_033000.WAV,Telephone Field,recover-20220825,002,1795
1462.2495,1462.2863,68437,81858,Rhinolophus ferrumequinum,0.02,0.02,-1,Echolocation,/mnt/ubna_data_01_mir/recover-20220825/UBNA_002/20220823_033000.WAV,Telephone Field,recover-20220825,002,1795
1462.2555,1462.2677,22031,26314,Nyctalus leisleri,0.011,0.021,-1,Echolocation,/mnt/ubna_data_01_mir/recover-20220825/UBNA_002/20220823_033000.WAV,Telephone Field,recover-20220825,002,1795
1462.2765,1462.3137,68437,81716,Rhinolophus ferrumequinum,0.021,0.021,-1,Echolocation,/mnt/ubna_data_01_mir/recover-20220825/UBNA_002/20220823_033000.WAV,Telephone Field,recover-20220825,002,1795
1462.2775,1462.2858,28046,38599,Eptesicus serotinus,0.007,0.021,-1,Echolocation,/mnt/ubna_data_01_mir/recover-20220825/UBNA_002/20220823_033000.WAV,Telephone Field,recover-20220825,002,1795
1462.3395,1462.3759,68437,81243,Rhinolophus ferrumequinum,0.02,0.02,-1,Echolocation,/mnt/ubna_data_01_mir/recover-20220825/UBNA_002/20220823_033000.WAV,Telephone Field,recover-20220825,002,1795
1462.3475,1462.3552,28906,38238,Eptesicus serotinus,0.008,0.023,-1,Echolocation,/mnt/ubna_data_01_mir/recover-20220825/UBNA_002/20220823_033000.WAV,Telephone Field,recover-20220825,002,1795
1462.3585,1462.3967,68437,82048,Rhinolophus ferrumequinum,0.02,0.02,-1,Echolocation,/mnt/ubna_data_01_mir/recover-20220825/UBNA_002/20220823_033000.WAV,Telephone Field,recover-20220825,002,1795
1462.4365,1462.4474,22031,26035,Nyctalus leisleri,0.011,0.02,-1,Echolocation,/mnt/ubna_data_01_mir/recover-20220825/UBNA_002/20220823_033000.WAV,Telephone Field,recover-20220825,002,1795
1462.4505,1462.4909,68437,82326,Rhinolophus ferrumequinum,0.023,0.023,-1,Echolocation,/mnt/ubna_data_01_mir/recover-20220825/UBNA_002/20220823_033000.WAV,Telephone Field,recover-20220825,002,1795
1462.4945,1462.5029,58125,63961,Pipistrellus pygmaeus,0.021,0.022,-1,Echolocation,/mnt/ubna_data_01_mir/recover-20220825/UBNA_002/20220823_033000.WAV,Telephone Field,recover-20220825,002,1795
1462.4955,1462.5335,68437,82450,Rhinolophus ferrumequinum,0.02,0.02,-1,Echolocation,/mnt/ubna_data_01_mir/recover-20220825/UBNA_002/20220823_033000.WAV,Telephone Field,recover-20220825,002,1795
1462.4985,1462.5094,22031,27598,Nyctalus leisleri,0.008,0.023,-1,Echolocation,/mnt/ubna_data_01_mir/recover-20220825/UBNA_002/20220823_033000.WAV,Telephone Field,recover-20220825,002,1795
1462.5505,1462.591,68437,82375,Rhinolophus ferrumequinum,0.026,0.026,-1,Echolocation,/mnt/ubna_data_01_mir/recover-20220825/UBNA_002/20220823_033000.WAV,Telephone Field,recover-20220825,002,1795
1462.5715,1462.6126,68437,82658,Rhinolophus ferrumequinum,0.023,0.023,-1,Echolocation,/mnt/ubna_data_01_mir/recover-20220825/UBNA_002/20220823_033000.WAV,Telephone Field,recover-20220825,002,1795
1462.5765,1462.6194,68437,82841,Rhinolophus ferrumequinum,0.023,0.023,-1,Echolocation,/mnt/ubna_data_01_mir/recover-20220825/UBNA_002/20220823_033000.WAV,Telephone Field,recover-20220825,002,1795
1462.5775,1462.5858,26328,38992,Eptesicus serotinus,0.007,0.02,-1,Echolocation,/mnt/ubna_data_01_mir/recover-20220825/UBNA_002/20220823_033000.WAV,Telephone Field,recover-20220825,002,1795
1462.5955,1462.6344,68437,82164,Rhinolophus ferrumequinum,0.02,0.02,-1,Echolocation,/mnt/ubna_data_01_mir/recover-20220825/UBNA_002/20220823_033000.WAV,Telephone Field,recover-20220825,002,1795
1462.6615,1462.6692,28046,38067,Eptesicus serotinus,0.006,0.02,-1,Echolocation,/mnt/ubna_data_01_mir/recover-20220825/UBNA_002/20220823_033000.WAV,Telephone Field,recover-20220825,002,1795
1462.7195,1462.7294,28046,36469,Eptesicus serotinus,0.01,0.023,-1,Echolocation,/mnt/ubna_data_01_mir/recover-20220825/UBNA_002/20220823_033000.WAV,Telephone Field,recover-20220825,002,1795
1462.7415,1462.7548,49531,53768,Pipistrellus pipistrellus,0.031,0.036,-1,Echolocation,/mnt/ubna_data_01_mir/recover-20220825/UBNA_002/20220823_033000.WAV,Telephone Field,recover-20220825,002,1795
1462.7475,1462.7572,22031,28002,Nyctalus leisleri,0.008,0.02,-1,Echolocation,/mnt/ubna_data_01_mir/recover-20220825/UBNA_002/20220823_033000.WAV,Telephone Field,recover-20220825,002,1795
1462.7515,1462.7604,28906,38784,Eptesicus serotinus,0.007,0.02,-1,Echolocation,/mnt/ubna_data_01_mir/recover-20220825/UBNA_002/20220823_033000.WAV,Telephone Field,recover-20220825,002,1795
1462.7945,1462.8346,68437,82320,Rhinolophus ferrumequinum,0.02,0.02,-1,Echolocation,/mnt/ubna_data_01_mir/recover-20220825/UBNA_002/20220823_033000.WAV,Telephone Field,recover-20220825,002,1795
1462.8385,1462.8776,68437,82156,Rhinolophus ferrumequinum,0.02,0.02,-1,Echolocation,/mnt/ubna_data_01_mir/recover-20220825/UBNA_002/20220823_033000.WAV,Telephone Field,recover-20220825,002,1795
1462.9035,1462.9155,35781,41308,Pipistrellus nathusii,0.008,0.028,-1,Echolocation,/mnt/ubna_data_01_mir/recover-20220825/UBNA_002/20220823_033000.WAV,Telephone Field,recover-20220825,002,1795
1462.9425,1462.9542,22031,27039,Nyctalus leisleri,0.01,0.022,-1,Echolocation,/mnt/ubna_data_01_mir/recover-20220825/UBNA_002/20220823_033000.WAV,Telephone Field,recover-20220825,002,1795
1462.9585,1462.9948,68437,81944,Rhinolophus ferrumequinum,0.023,0.023,-1,Echolocation,/mnt/ubna_data_01_mir/recover-20220825/UBNA_002/20220823_033000.WAV,Telephone Field,recover-20220825,002,1795
1462.9755,1463.0151,68437,82704,Rhinolophus ferrumequinum,0.022,0.022,-1,Echolocation,/mnt/ubna_data_01_mir/recover-20220825/UBNA_002/20220823_033000.WAV,Telephone Field,recover-20220825,002,1795
1462.9825,1462.9942,26328,32764,Eptesicus serotinus,0.012,0.027,-1,Echolocation,/mnt/ubna_data_01_mir/recover-20220825/UBNA_002/20220823_033000.WAV,Telephone Field,recover-20220825,002,1795
1463.0055,1463.0123,28046,38041,Eptesicus serotinus,0.006,0.022,-1,Echolocation,/mnt/ubna_data_01_mir/recover-20220825/UBNA_002/20220823_033000.WAV,Telephone Field,recover-20220825,002,1795
1463.0305,1463.0415,28906,35842,Eptesicus serotinus,0.01,0.023,-1,Echolocation,/mnt/ubna_data_01_mir/recover-20220825/UBNA_002/20220823_033000.WAV,Telephone Field,recover-20220825,002,1795
1463.0555,1463.0663,44375,50650,Pipistrellus pipistrellus,0.022,0.028,-1,Echolocation,/mnt/ubna_data_01_mir/recover-20220825/UBNA_002/20220823_033000.WAV,Telephone Field,recover-20220825,002,1795
1463.0895,1463.1267,68437,81478,Rhinolophus ferrumequinum,0.022,0.022,-1,Echolocation,/mnt/ubna_data_01_mir/recover-20220825/UBNA_002/20220823_033000.WAV,Telephone Field,recover-20220825,002,1795
1463.1055,1463.1492,68437,83046,Rhinolophus ferrumequinum,0.027,0.027,-1,Echolocation,/mnt/ubna_data_01_mir/recover-20220825/UBNA_002/20220823_033000.WAV,Telephone Field,recover-20220825,002,1795
1463.1345,1463.1409,27187,39952,Eptesicus serotinus,0.005,0.021,-1,Echolocation,/mnt/ubna_data_01_mir/recover-20220825/UBNA_002/20220823_033000.WAV,Telephone Field,recover-20220825,002,1795
1463.1495,1463.1884,68437,82097,Rhinolophus ferrumequinum,0.022,0.022,-1,Echolocation,/mnt/ubna_data_01_mir/recover-20220825/UBNA_002/20220823_033000.WAV,Telephone Field,recover-20220825,002,1795
1463.2255,1463.2351,28046,37259,Eptesicus serotinus,0.011,0.024,-1,Echolocation,/mnt/ubna_data_01_mir/recover-20220825/UBNA_002/20220823_033000.WAV,Telephone Field,recover-20220825,002,1795
1463.2545,1463.2645,28046,36479,Eptesicus serotinus,0.014,0.027,-1,Echolocation,/mnt/ubna_data_01_mir/recover-20220825/UBNA_002/20220823_033000.WAV,Telephone Field,recover-20220825,002,1795
1463.2565,1463.2979,68437,82682,Rhinolophus ferrumequinum,0.02,0.02,-1,Echolocation,/mnt/ubna_data_01_mir/recover-20220825/UBNA_002/20220823_033000.WAV,Telephone Field,recover-20220825,002,1795
1463.2615,1463.3014,68437,82575,Rhinolophus ferrumequinum,0.02,0.02,-1,Echolocation,/mnt/ubna_data_01_mir/recover-20220825/UBNA_002/20220823_033000.WAV,Telephone Field,recover-20220825,002,1795
1463.3155,1463.3261,28906,36326,Eptesicus serotinus,0.009,0.02,-1,Echolocation,/mnt/ubna_data_01_mir/recover-20220825/UBNA_002/20220823_033000.WAV,Telephone Field,recover-20220825,002,1795
1463.3655,1463.4074,68437,82938,Rhinolophus ferrumequinum,0.021,0.021,-1,Echolocation,/mnt/ubna_data_01_mir/recover-20220825/UBNA_002/20220823_033000.WAV,Telephone Field,recover-20220825,002,1795
1463.3905,1463.4336,68437,82830,Rhinolophus ferrumequinum,0.026,0.026,-1,Echolocation,/mnt/ubna_data_01_mir/recover-20220825/UBNA_002/20220823_033000.WAV,Telephone Field,recover-20220825,002,1795
1463.3975,1463.4069,27187,36098,Eptesicus serotinus,0.008,0.021,-1,Echolocation,/mnt/ubna_data_01_mir/recover-20220825/UBNA_002/20220823_033000.WAV,Telephone Field,recover-20220825,002,1795
1463.4125,1463.4519,68437,82467,Rhinolophus ferrumequinum,0.022,0.022,-1,Echolocation,/mnt/ubna_data_01_mir/recover-20220825/UBNA_002/20220823_033000.WAV,Telephone Field,recover-20220825,002,1795
1463.4615,1463.5014,68437,83167,Rhinolophus ferrumequinum,0.027,0.027,-1,Echolocation,/mnt/ubna_data_01_mir/recover-20220825/UBNA_002/20220823_033000.WAV,Telephone Field,recover-20220825,002,1795
1463.4725,1463.4839,23750,29445,Nyctalus leisleri,0.009,0.021,-1,Echolocation,/mnt/ubna_data_01_mir/recover-20220825/UBNA_002/20220823_033000.WAV,Telephone Field,recover-20220825,002,1795
1463.5225,1463.5371,15156,20854,Nyctalus noctula,0.014,0.021,-1,Echolocation,/mnt/ubna_data_01_mir/recover-20220825/UBNA_002/20220823_033000.WAV,Telephone Field,recover-20220825,002,1795
1463.5505,1463.5874,68437,81403,Rhinolophus ferrumequinum,0.021,0.021,-1,Echolocation,/mnt/ubna_data_01_mir/recover-20220825/UBNA_002/20220823_033000.WAV,Telephone Field,recover-20220825,002,1795
1463.5525,1463.5603,23750,31997,Plecotus austriacus,0.008,0.021,-1,Echolocation,/mnt/ubna_data_01_mir/recover-20220825/UBNA_002/20220823_033000.WAV,Telephone Field,recover-20220825,002,1795
1463.5575,1463.5663,28046,39108,Eptesicus serotinus,0.007,0.02,-1,Echolocation,/mnt/ubna_data_01_mir/recover-20220825/UBNA_002/20220823_033000.WAV,Telephone Field,recover-20220825,002,1795
1463.5745,1463.6116,68437,81189,Rhinolophus ferrumequinum,0.027,0.027,-1,Echolocation,/mnt/ubna_data_01_mir/recover-20220825/UBNA_002/20220823_033000.WAV,Telephone Field,recover-20220825,002,1795
1463.5875,1463.598,22890,27566,Nyctalus leisleri,0.01,0.02,-1,Echolocation,/mnt/ubna_data_01_mir/recover-20220825/UBNA_002/20220823_033000.WAV,Telephone Field,recover-20220825,002,1795
1463.6145,1463.6269,22890,26814,Nyctalus leisleri,0.014,0.024,-1,Echolocation,/mnt/ubna_data_01_mir/recover-20220825/UBNA_002/20220823_033000.WAV,Telephone Field,recover-20220825,002,1795
1463.6525,1463.6933,68437,82136,Rhinolophus ferrumequinum,0.022,0.022,-1,Echolocation,/mnt/ubna_data_01_mir/recover-20220825/UBNA_002/20220823_033000.WAV,Telephone Field,recover-20220825,002,1795
1463.6835,1463.7206,68437,81260,Rhinolophus ferrumequinum,0.022,0.022,-1,Echolocation,/mnt/ubna_data_01_mir/recover-20220825/UBNA_002/20220823_033000.WAV,Telephone Field,recover-20220825,002,1795
1463.7065,1463.7447,68437,82056,Rhinolophus ferrumequinum,0.032,0.032,-1,Echolocation,/mnt/ubna_data_01_mir/recover-20220825/UBNA_002/20220823_033000.WAV,Telephone Field,recover-20220825,002,1795
1463.7235,1463.7295,28046,40287,Eptesicus serotinus,0.006,0.027,-1,Echolocation,/mnt/ubna_data_01_mir/recover-20220825/UBNA_002/20220823_033000.WAV,Telephone Field,recover-20220825,002,1795
1463.7235,1463.7306,49531,54007,Pipistrellus pipistrellus,0.02,0.022,-1,Echolocation,/mnt/ubna_data_01_mir/recover-20220825/UBNA_002/20220823_033000.WAV,Telephone Field,recover-20220825,002,1795
1463.7425,1463.7798,68437,81493,Rhinolophus ferrumequinum,0.02,0.02,-1,Echolocation,/mnt/ubna_data_01_mir/recover-20220825/UBNA_002/20220823_033000.WAV,Telephone Field,recover-20220825,002,1795
1463.7525,1463.7604,27187,39065,Eptesicus serotinus,0.008,0.023,-1,Echolocation,/mnt/ubna_data_01_mir/recover-20220825/UBNA_002/20220823_033000.WAV,Telephone Field,recover-20220825,002,1795
1463.7625,1463.8011,68437,82904,Rhinolophus ferrumequinum,0.023,0.023,-1,Echolocation,/mnt/ubna_data_01_mir/recover-20220825/UBNA_002/20220823_033000.WAV,Telephone Field,recover-20220825,002,1795
1463.7745,1463.8118,68437,81380,Rhinolophus ferrumequinum,0.021,0.021,-1,Echolocation,/mnt/ubna_data_01_mir/recover-20220825/UBNA_002/20220823_033000.WAV,Telephone Field,recover-20220825,002,1795
1463.8075,1463.8468,68437,82415,Rhinolophus ferrumequinum,0.021,0.021,-1,Echolocation,/mnt/ubna_data_01_mir/recover-20220825/UBNA_002/20220823_033000.WAV,Telephone Field,recover-20220825,002,1795
1463.8145,1463.8539,68437,83278,Rhinolophus ferrumequinum,0.022,0.022,-1,Echolocation,/mnt/ubna_data_01_mir/recover-20220825/UBNA_002/20220823_033000.WAV,Telephone Field,recover-20220825,002,1795
1463.8415,1463.8855,68437,83596,Rhinolophus ferrumequinum,0.023,0.023,-1,Echolocation,/mnt/ubna_data_01_mir/recover-20220825/UBNA_002/20220823_033000.WAV,Telephone Field,recover-20220825,002,1795
1463.8545,1463.8653,22031,27205,Nyctalus leisleri,0.011,0.022,-1,Echolocation,/mnt/ubna_data_01_mir/recover-20220825/UBNA_002/20220823_033000.WAV,Telephone Field,recover-20220825,002,1795
1463.8795,1463.9189,68437,81844,Rhinolophus ferrumequinum,0.02,0.02,-1,Echolocation,/mnt/ubna_data_01_mir/recover-20220825/UBNA_002/20220823_033000.WAV,Telephone Field,recover-20220825,002,1795
1463.9235,1463.9642,68437,82942,Rhinolophus ferrumequinum,0.022,0.022,-1,Echolocation,/mnt/ubna_data_01_mir/recover-20220825/UBNA_002/20220823_033000.WAV,Telephone Field,recover-20220825,002,1795
1463.9375,1463.9764,68437,82429,Rhinolophus ferrumequinum,0.023,0.023,-1,Echolocation,/mnt/ubna_data_01_mir/recover-20220825/UBNA_002/20220823_033000.WAV,Telephone Field,recover-20220825,002,1795
1464.0015,1464.0108,46953,52373,Pipistrellus pipistrellus,0.024,0.028,-1,Echolocation,/mnt/ubna_data_01_mir/recover-20220825/UBNA_002/20220823_033000.WAV,Telephone Field,recover-20220825,002,1795
1464.0015,1464.0317,68437,80087,Rhinolophus ferrumequinum,0.023,0.024,-1,Echolocation,/mnt/ubna_data_01_mir/recover-20220825/UBNA_002/20220823_033000.WAV,Telephone Field,recover-20220825,002,1795
1464.0015,1464.0108,24609,31618,Nyctalus leisleri,0.015,0.034,-1,Echolocation,/mnt/ubna_data_01_mir/recover-20220825/UBNA_002/20220823_033000.WAV,Telephone Field,recover-20220825,002,1795
1464.0085,1464.0527,68437,81878,Rhinolophus ferrumequinum,0.024,0.024,-1,Echolocation,/mnt/ubna_data_01_mir/recover-20220825/UBNA_002/20220823_033000.WAV,Telephone Field,recover-20220825,002,1795
1464.0115,1464.0216,22890,29366,Nyctalus leisleri,0.009,0.022,-1,Echolocation,/mnt/ubna_data_01_mir/recover-20220825/UBNA_002/20220823_033000.WAV,Telephone Field,recover-20220825,002,1795
1464.0365,1464.079,68437,83504,Rhinolophus ferrumequinum,0.034,0.034,-1,Echolocation,/mnt/ubna_data_01_mir/recover-20220825/UBNA_002/20220823_033000.WAV,Telephone Field,recover-20220825,002,1795
1464.0665,1464.0764,28046,36838,Eptesicus serotinus,0.011,0.027,-1,Echolocation,/mnt/ubna_data_01_mir/recover-20220825/UBNA_002/20220823_033000.WAV,Telephone Field,recover-20220825,002,1795
1464.0825,1464.1197,68437,82148,Rhinolophus ferrumequinum,0.024,0.024,-1,Echolocation,/mnt/ubna_data_01_mir/recover-20220825/UBNA_002/20220823_033000.WAV,Telephone Field,recover-20220825,002,1795
1464.1025,1464.1435,68437,82920,Rhinolophus ferrumequinum,0.023,0.023,-1,Echolocation,/mnt/ubna_data_01_mir/recover-20220825/UBNA_002/20220823_033000.WAV,Telephone Field,recover-20220825,002,1795
1464.1245,1464.1632,68437,83097,Rhinolophus ferrumequinum,0.024,0.024,-1,Echolocation,/mnt/ubna_data_01_mir/recover-20220825/UBNA_002/20220823_033000.WAV,Telephone Field,recover-20220825,002,1795
1464.1695,1464.2099,68437,82870,Rhinolophus ferrumequinum,0.021,0.021,-1,Echolocation,/mnt/ubna_data_01_mir/recover-20220825/UBNA_002/20220823_033000.WAV,Telephone Field,recover-20220825,002,1795
1464.1835,1464.1905,24609,33768,Plecotus austriacus,0.007,0.022,-1,Echolocation,/mnt/ubna_data_01_mir/recover-20220825/UBNA_002/20220823_033000.WAV,Telephone Field,recover-20220825,002,1795
1464.1955,1464.2331,68437,81828,Rhinolophus ferrumequinum,0.021,0.021,-1,Echolocation,/mnt/ubna_data_01_mir/recover-20220825/UBNA_002/20220823_033000.WAV,Telephone Field,recover-20220825,002,1795
1464.2055,1464.2162,42656,52149,Pipistrellus nathusii,0.005,0.022,-1,Echolocation,/mnt/ubna_data_01_mir/recover-20220825/UBNA_002/20220823_033000.WAV,Telephone Field,recover-20220825,002,1795
1464.2215,1464.2321,21171,26398,Nyctalus leisleri,0.01,0.024,-1,Echolocation,/mnt/ubna_data_01_mir/recover-20220825/UBNA_002/20220823_033000.WAV,Telephone Field,recover-20220825,002,1795
1464.2695,1464.3061,68437,81558,Rhinolophus ferrumequinum,0.022,0.022,-1,Echolocation,/mnt/ubna_data_01_mir/recover-20220825/UBNA_002/20220823_033000.WAV,Telephone Field,recover-20220825,002,1795
1464.2775,1464.3166,68437,82430,Rhinolophus ferrumequinum,0.024,0.024,-1,Echolocation,/mnt/ubna_data_01_mir/recover-20220825/UBNA_002/20220823_033000.WAV,Telephone Field,recover-20220825,002,1795
1464.3385,1464.3784,68437,82408,Rhinolophus ferrumequinum,0.028,0.028,-1,Echolocation,/mnt/ubna_data_01_mir/recover-20220825/UBNA_002/20220823_033000.WAV,Telephone Field,recover-20220825,002,1795
1464.3675,1464.3762,28046,40273,Eptesicus serotinus,0.01,0.026,-1,Echolocation,/mnt/ubna_data_01_mir/recover-20220825/UBNA_002/20220823_033000.WAV,Telephone Field,recover-20220825,002,1795
1464.3765,1464.3853,23750,32090,Plecotus austriacus,0.011,0.033,-1,Echolocation,/mnt/ubna_data_01_mir/recover-20220825/UBNA_002/20220823_033000.WAV,Telephone Field,recover-20220825,002,1795
1464.3945,1464.4338,68437,82431,Rhinolophus ferrumequinum,0.023,0.023,-1,Echolocation,/mnt/ubna_data_01_mir/recover-20220825/UBNA_002/20220823_033000.WAV,Telephone Field,recover-20220825,002,1795
1464.4865,1464.5285,68437,83727,Rhinolophus ferrumequinum,0.038,0.038,-1,Echolocation,/mnt/ubna_data_01_mir/recover-20220825/UBNA_002/20220823_033000.WAV,Telephone Field,recover-20220825,002,1795
1464.5115,1464.5216,22890,28552,Nyctalus leisleri,0.01,0.023,-1,Echolocation,/mnt/ubna_data_01_mir/recover-20220825/UBNA_002/20220823_033000.WAV,Telephone Field,recover-20220825,002,1795
1464.5115,1464.5184,44375,50003,Pipistrellus pipistrellus,0.022,0.024,-1,Echolocation,/mnt/ubna_data_01_mir/recover-20220825/UBNA_002/20220823_033000.WAV,Telephone Field,recover-20220825,002,1795
1464.5115,1464.5506,68437,82526,Rhinolophus ferrumequinum,0.027,0.027,-1,Echolocation,/mnt/ubna_data_01_mir/recover-20220825/UBNA_002/20220823_033000.WAV,Telephone Field,recover-20220825,002,1795
1464.5125,1464.5199,28046,39637,Eptesicus serotinus,0.007,0.022,-1,Echolocation,/mnt/ubna_data_01_mir/recover-20220825/UBNA_002/20220823_033000.WAV,Telephone Field,recover-20220825,002,1795
1464.5505,1464.5953,68437,83277,Rhinolophus ferrumequinum,0.043,0.043,-1,Echolocation,/mnt/ubna_data_01_mir/recover-20220825/UBNA_002/20220823_033000.WAV,Telephone Field,recover-20220825,002,1795
1464.5515,1464.5627,22890,28461,Nyctalus leisleri,0.011,0.025,-1,Echolocation,/mnt/ubna_data_01_mir/recover-20220825/UBNA_002/20220823_033000.WAV,Telephone Field,recover-20220825,002,1795
1464.5805,1464.6217,68437,82705,Rhinolophus ferrumequinum,0.022,0.022,-1,Echolocation,/mnt/ubna_data_01_mir/recover-20220825/UBNA_002/20220823_033000.WAV,Telephone Field,recover-20220825,002,1795
1464.5815,1464.5901,28046,36984,Eptesicus serotinus,0.01,0.025,-1,Echolocation,/mnt/ubna_data_01_mir/recover-20220825/UBNA_002/20220823_033000.WAV,Telephone Field,recover-20220825,002,1795
1464.6385,1464.678,68437,82512,Rhinolophus ferrumequinum,0.024,0.024,-1,Echolocation,/mnt/ubna_data_01_mir/recover-20220825/UBNA_002/20220823_033000.WAV,Telephone Field,recover-20220825,002,1795
1464.6455,1464.6554,22890,28784,Nyctalus leisleri,0.009,0.024,-1,Echolocation,/mnt/ubna_data_01_mir/recover-20220825/UBNA_002/20220823_033000.WAV,Telephone Field,recover-20220825,002,1795
1464.6605,1464.6994,68437,81991,Rhinolophus ferrumequinum,0.022,0.022,-1,Echolocation,/mnt/ubna_data_01_mir/recover-20220825/UBNA_002/20220823_033000.WAV,Telephone Field,recover-20220825,002,1795
1464.6695,1464.6775,26328,35500,Eptesicus serotinus,0.008,0.025,-1,Echolocation,/mnt/ubna_data_01_mir/recover-20220825/UBNA_002/20220823_033000.WAV,Telephone Field,recover-20220825,002,1795
1464.7035,1464.7169,23750,29361,Nyctalus leisleri,0.01,0.022,-1,Echolocation,/mnt/ubna_data_01_mir/recover-20220825/UBNA_002/20220823_033000.WAV,Telephone Field,recover-20220825,002,1795
1464.7135,1464.7203,28906,38985,Eptesicus serotinus,0.005,0.022,-1,Echolocation,/mnt/ubna_data_01_mir/recover-20220825/UBNA_002/20220823_033000.WAV,Telephone Field,recover-20220825,002,1795
1464.7455,1464.7862,68437,82629,Rhinolophus ferrumequinum,0.024,0.024,-1,Echolocation,/mnt/ubna_data_01_mir/recover-20220825/UBNA_002/20220823_033000.WAV,Telephone Field,recover-20220825,002,1795
1464.7475,1464.7561,28046,39449,Eptesicus serotinus,0.009,0.025,-1,Echolocation,/mnt/ubna_data_01_mir/recover-20220825/UBNA_002/20220823_033000.WAV,Telephone Field,recover-20220825,002,1795
1464.8375,1464.8485,23750,29540,Nyctalus leisleri,0.01,0.024,-1,Echolocation,/mnt/ubna_data_01_mir/recover-20220825/UBNA_002/20220823_033000.WAV,Telephone Field,recover-20220825,002,1795
1464.8395,1464.8809,68437,82607,Rhinolophus ferrumequinum,0.024,0.024,-1,Echolocation,/mnt/ubna_data_01_mir/recover-20220825/UBNA_002/20220823_033000.WAV,Telephone Field,recover-20220825,002,1795
1464.8425,1464.8501,28906,39257,Eptesicus serotinus,0.007,0.022,-1,Echolocation,/mnt/ubna_data_01_mir/recover-20220825/UBNA_002/20220823_033000.WAV,Telephone Field,recover-20220825,002,1795
1464.8685,1464.9107,68437,82025,Rhinolophus ferrumequinum,0.026,0.026,-1,Echolocation,/mnt/ubna_data_01_mir/recover-20220825/UBNA_002/20220823_033000.WAV,Telephone Field,recover-20220825,002,1795
1464.8805,1464.8914,23750,29875,Nyctalus leisleri,0.009,0.023,-1,Echolocation,/mnt/ubna_data_01_mir/recover-20220825/UBNA_002/20220823_033000.WAV,Telephone Field,recover-20220825,002,1795
1464.8845,1464.9209,68437,82271,Rhinolophus ferrumequinum,0.025,0.025,-1,Echolocation,/mnt/ubna_data_01_mir/recover-20220825/UBNA_002/20220823_033000.WAV,Telephone Field,recover-20220825,002,1795
1464.8955,1464.9022,24609,34270,Plecotus austriacus,0.01,0.029,-1,Echolocation,/mnt/ubna_data_01_mir/recover-20220825/UBNA_002/20220823_033000.WAV,Telephone Field,recover-20220825,002,1795
1464.9095,1464.9485,68437,82130,Rhinolophus ferrumequinum,0.022,0.022,-1,Echolocation,/mnt/ubna_data_01_mir/recover-20220825/UBNA_002/20220823_033000.WAV,Telephone Field,recover-20220825,002,1795
1464.9415,1464.9561,23750,28475,Nyctalus leisleri,0.013,0.024,-1,Echolocation,/mnt/ubna_data_01_mir/recover-20220825/UBNA_002/20220823_033000.WAV,Telephone Field,recover-20220825,002,1795
1464.9655,1465.0043,68437,82116,Rhinolophus ferrumequinum,0.021,0.021,-1,Echolocation,/mnt/ubna_data_01_mir/recover-20220825/UBNA_002/20220823_033000.WAV,Telephone Field,recover-20220825,002,1795
1465.0025,1465.0376,68437,81455,Rhinolophus ferrumequinum,0.027,0.027,-1,Echolocation,/mnt/ubna_data_01_mir/recover-20220825/UBNA_002/20220823_033000.WAV,Telephone Field,recover-20220825,002,1795
1465.0255,1465.0351,22890,29768,Nyctalus leisleri,0.007,0.023,-1,Echolocation,/mnt/ubna_data_01_mir/recover-20220825/UBNA_002/20220823_033000.WAV,Telephone Field,recover-20220825,002,1795
1465.1165,1465.1599,68437,83033,Rhinolophus ferrumequinum,0.025,0.025,-1,Echolocation,/mnt/ubna_data_01_mir/recover-20220825/UBNA_002/20220823_033000.WAV,Telephone Field,recover-20220825,002,1795
1465.1335,1465.1714,68437,82111,Rhinolophus ferrumequinum,0.021,0.021,-1,Echolocation,/mnt/ubna_data_01_mir/recover-20220825/UBNA_002/20220823_033000.WAV,Telephone Field,recover-20220825,002,1795
1465.1445,1465.1828,68437,81776,Rhinolophus ferrumequinum,0.021,0.022,-1,Echolocation,/mnt/ubna_data_01_mir/recover-20220825/UBNA_002/20220823_033000.WAV,Telephone Field,recover-20220825,002,1795
1465.1555,1465.1635,28046,38335,Eptesicus serotinus,0.009,0.024,-1,Echolocation,/mnt/ubna_data_01_mir/recover-20220825/UBNA_002/20220823_033000.WAV,Telephone Field,recover-20220825,002,1795
1465.1875,1465.1957,24609,34221,Eptesicus serotinus,0.008,0.027,-1,Echolocation,/mnt/ubna_data_01_mir/recover-20220825/UBNA_002/20220823_033000.WAV,Telephone Field,recover-20220825,002,1795
1465.1905,1465.2265,68437,81521,Rhinolophus ferrumequinum,0.021,0.021,-1,Echolocation,/mnt/ubna_data_01_mir/recover-20220825/UBNA_002/20220823_033000.WAV,Telephone Field,recover-20220825,002,1795
1465.2025,1465.214,28906,36481,Eptesicus serotinus,0.013,0.025,-1,Echolocation,/mnt/ubna_data_01_mir/recover-20220825/UBNA_002/20220823_033000.WAV,Telephone Field,recover-20220825,002,1795
1465.2135,1465.2558,68437,83319,Rhinolophus ferrumequinum,0.025,0.025,-1,Echolocation,/mnt/ubna_data_01_mir/recover-20220825/UBNA_002/20220823_033000.WAV,Telephone Field,recover-20220825,002,1795
1465.2625,1465.2715,58125,63617,Pipistrellus pygmaeus,0.024,0.024,-1,Echolocation,/mnt/ubna_data_01_mir/recover-20220825/UBNA_002/20220823_033000.WAV,Telephone Field,recover-20220825,002,1795
1465.3235,1465.3301,28046,40666,Eptesicus serotinus,0.007,0.028,-1,Echolocation,/mnt/ubna_data_01_mir/recover-20220825/UBNA_002/20220823_033000.WAV,Telephone Field,recover-20220825,002,1795
1465.3585,1465.4005,68437,83107,Rhinolophus ferrumequinum,0.029,0.029,-1,Echolocation,/mnt/ubna_data_01_mir/recover-20220825/UBNA_002/20220823_033000.WAV,Telephone Field,recover-20220825,002,1795
1465.3645,1465.3857,17734,21831,Nyctalus noctula,0.022,0.032,-1,Echolocation,/mnt/ubna_data_01_mir/recover-20220825/UBNA_002/20220823_033000.WAV,Telephone Field,recover-20220825,002,1795
1465.3705,1465.4074,68437,82081,Rhinolophus ferrumequinum,0.023,0.023,-1,Echolocation,/mnt/ubna_data_01_mir/recover-20220825/UBNA_002/20220823_033000.WAV,Telephone Field,recover-20220825,002,1795
1465.4425,1465.4507,26328,39738,Eptesicus serotinus,0.007,0.023,-1,Echolocation,/mnt/ubna_data_01_mir/recover-20220825/UBNA_002/20220823_033000.WAV,Telephone Field,recover-20220825,002,1795
1465.4625,1465.4996,68437,81478,Rhinolophus ferrumequinum,0.021,0.022,-1,Echolocation,/mnt/ubna_data_01_mir/recover-20220825/UBNA_002/20220823_033000.WAV,Telephone Field,recover-20220825,002,1795
1465.4755,1465.5157,68437,83299,Rhinolophus ferrumequinum,0.026,0.026,-1,Echolocation,/mnt/ubna_data_01_mir/recover-20220825/UBNA_002/20220823_033000.WAV,Telephone Field,recover-20220825,002,1795
1465.5155,1465.5535,68437,81968,Rhinolophus ferrumequinum,0.023,0.023,-1,Echolocation,/mnt/ubna_data_01_mir/recover-20220825/UBNA_002/20220823_033000.WAV,Telephone Field,recover-20220825,002,1795
1465.5335,1465.566,68437,80471,Rhinolophus ferrumequinum,0.022,0.022,-1,Echolocation,/mnt/ubna_data_01_mir/recover-20220825/UBNA_002/20220823_033000.WAV,Telephone Field,recover-20220825,002,1795
1465.5345,1465.5439,28906,36532,Eptesicus serotinus,0.007,0.022,-1,Echolocation,/mnt/ubna_data_01_mir/recover-20220825/UBNA_002/20220823_033000.WAV,Telephone Field,recover-20220825,002,1795
1465.5425,1465.5541,28906,34382,Eptesicus serotinus,0.011,0.025,-1,Echolocation,/mnt/ubna_data_01_mir/recover-20220825/UBNA_002/20220823_033000.WAV,Telephone Field,recover-20220825,002,1795
1465.5675,1465.5767,28046,39084,Eptesicus serotinus,0.007,0.022,-1,Echolocation,/mnt/ubna_data_01_mir/recover-20220825/UBNA_002/20220823_033000.WAV,Telephone Field,recover-20220825,002,1795
1465.5675,1465.603,68437,81721,Rhinolophus ferrumequinum,0.022,0.022,-1,Echolocation,/mnt/ubna_data_01_mir/recover-20220825/UBNA_002/20220823_033000.WAV,Telephone Field,recover-20220825,002,1795
1465.5825,1465.6174,68437,81547,Rhinolophus ferrumequinum,0.023,0.023,-1,Echolocation,/mnt/ubna_data_01_mir/recover-20220825/UBNA_002/20220823_033000.WAV,Telephone Field,recover-20220825,002,1795
1465.6105,1465.6456,68437,80510,Rhinolophus ferrumequinum,0.022,0.022,-1,Echolocation,/mnt/ubna_data_01_mir/recover-20220825/UBNA_002/20220823_033000.WAV,Telephone Field,recover-20220825,002,1795
1465.6305,1465.6414,28906,35861,Eptesicus serotinus,0.01,0.023,-1,Echolocation,/mnt/ubna_data_01_mir/recover-20220825/UBNA_002/20220823_033000.WAV,Telephone Field,recover-20220825,002,1795
1465.6345,1465.6732,68437,82352,Rhinolophus ferrumequinum,0.022,0.022,-1,Echolocation,/mnt/ubna_data_01_mir/recover-20220825/UBNA_002/20220823_033000.WAV,Telephone Field,recover-20220825,002,1795
1465.6525,1465.6898,68437,81035,Rhinolophus ferrumequinum,0.023,0.023,-1,Echolocation,/mnt/ubna_data_01_mir/recover-20220825/UBNA_002/20220823_033000.WAV,Telephone Field,recover-20220825,002,1795
1465.6775,1465.7189,68437,83270,Rhinolophus ferrumequinum,0.036,0.036,-1,Echolocation,/mnt/ubna_data_01_mir/recover-20220825/UBNA_002/20220823_033000.WAV,Telephone Field,recover-20220825,002,1795
1465.6845,1465.6955,28046,34528,Eptesicus serotinus,0.014,0.026,-1,Echolocation,/mnt/ubna_data_01_mir/recover-20220825/UBNA_002/20220823_033000.WAV,Telephone Field,recover-20220825,002,1795
1465.7145,1465.7222,28046,39411,Eptesicus serotinus,0.007,0.023,-1,Echolocation,/mnt/ubna_data_01_mir/recover-20220825/UBNA_002/20220823_033000.WAV,Telephone Field,recover-20220825,002,1795
1465.7165,1465.7645,68437,83846,Rhinolophus ferrumequinum,0.045,0.045,-1,Echolocation,/mnt/ubna_data_01_mir/recover-20220825/UBNA_002/20220823_033000.WAV,Telephone Field,recover-20220825,002,1795
1465.7695,1465.7775,28906,38648,Eptesicus serotinus,0.008,0.026,-1,Echolocation,/mnt/ubna_data_01_mir/recover-20220825/UBNA_002/20220823_033000.WAV,Telephone Field,recover-20220825,002,1795
1465.7765,1465.8148,68437,82465,Rhinolophus ferrumequinum,0.022,0.022,-1,Echolocation,/mnt/ubna_data_01_mir/recover-20220825/UBNA_002/20220823_033000.WAV,Telephone Field,recover-20220825,002,1795
1465.7825,1465.823,68437,82610,Rhinolophus ferrumequinum,0.022,0.022,-1,Echolocation,/mnt/ubna_data_01_mir/recover-20220825/UBNA_002/20220823_033000.WAV,Telephone Field,recover-20220825,002,1795
1465.7945,1465.8302,68437,81575,Rhinolophus ferrumequinum,0.022,0.023,-1,Echolocation,/mnt/ubna_data_01_mir/recover-20220825/UBNA_002/20220823_033000.WAV,Telephone Field,recover-20220825,002,1795
1465.8075,1465.8199,54687,58419,Pipistrellus pygmaeus,0.024,0.026,-1,Echolocation,/mnt/ubna_data_01_mir/recover-20220825/UBNA_002/20220823_033000.WAV,Telephone Field,recover-20220825,002,1795
1465.8155,1465.8589,68437,82965,Rhinolophus ferrumequinum,0.033,0.033,-1,Echolocation,/mnt/ubna_data_01_mir/recover-20220825/UBNA_002/20220823_033000.WAV,Telephone Field,recover-20220825,002,1795
1465.8265,1465.864,68437,82861,Rhinolophus ferrumequinum,0.023,0.023,-1,Echolocation,/mnt/ubna_data_01_mir/recover-20220825/UBNA_002/20220823_033000.WAV,Telephone Field,recover-20220825,002,1795
1465.8375,1465.8757,68437,82504,Rhinolophus ferrumequinum,0.026,0.026,-1,Echolocation,/mnt/ubna_data_01_mir/recover-20220825/UBNA_002/20220823_033000.WAV,Telephone Field,recover-20220825,002,1795
1465.8835,1465.899,23750,28259,Nyctalus leisleri,0.012,0.024,-1,Echolocation,/mnt/ubna_data_01_mir/recover-20220825/UBNA_002/20220823_033000.WAV,Telephone Field,recover-20220825,002,1795
1465.8885,1465.8997,23750,29149,Nyctalus leisleri,0.012,0.025,-1,Echolocation,/mnt/ubna_data_01_mir/recover-20220825/UBNA_002/20220823_033000.WAV,Telephone Field,recover-20220825,002,1795
1465.9185,1465.9574,68437,81728,Rhinolophus ferrumequinum,0.025,0.025,-1,Echolocation,/mnt/ubna_data_01_mir/recover-20220825/UBNA_002/20220823_033000.WAV,Telephone Field,recover-20220825,002,1795
1465.9265,1465.9666,68437,82671,Rhinolophus ferrumequinum,0.031,0.031,-1,Echolocation,/mnt/ubna_data_01_mir/recover-20220825/UBNA_002/20220823_033000.WAV,Telephone Field,recover-20220825,002,1795
1465.9795,1465.9902,29765,37560,Eptesicus serotinus,0.043,0.069,-1,Echolocation,/mnt/ubna_data_01_mir/recover-20220825/UBNA_002/20220823_033000.WAV,Telephone Field,recover-20220825,002,1795
1465.9815,1465.9905,40078,47407,Pipistrellus nathusii,0.011,0.026,-1,Echolocation,/mnt/ubna_data_01_mir/recover-20220825/UBNA_002/20220823_033000.WAV,Telephone Field,recover-20220825,002,1795
1466.0015,1466.0091,48671,54897,Pipistrellus pipistrellus,0.019,0.024,-1,Echolocation,/mnt/ubna_data_01_mir/recover-20220825/UBNA_002/20220823_033000.WAV,Telephone Field,recover-20220825,002,1795
1466.0015,1466.0107,24609,31303,Nyctalus leisleri,0.009,0.024,-1,Echolocation,/mnt/ubna_data_01_mir/recover-20220825/UBNA_002/20220823_033000.WAV,Telephone Field,recover-20220825,002,1795
1466.0015,1466.035,68437,79918,Rhinolophus ferrumequinum,0.035,0.035,-1,Echolocation,/mnt/ubna_data_01_mir/recover-20220825/UBNA_002/20220823_033000.WAV,Telephone Field,recover-20220825,002,1795
1466.0145,1466.0221,24609,33360,Plecotus austriacus,0.006,0.023,-1,Echolocation,/mnt/ubna_data_01_mir/recover-20220825/UBNA_002/20220823_033000.WAV,Telephone Field,recover-20220825,002,1795
1466.0285,1466.0351,31484,46936,Myotis daubentonii,0.012,0.023,-1,Echolocation,/mnt/ubna_data_01_mir/recover-20220825/UBNA_002/20220823_033000.WAV,Telephone Field,recover-20220825,002,1795
1466.0485,1466.0586,27187,34821,Eptesicus serotinus,0.014,0.027,-1,Echolocation,/mnt/ubna_data_01_mir/recover-20220825/UBNA_002/20220823_033000.WAV,Telephone Field,recover-20220825,002,1795
1466.0485,1466.0885,68437,82709,Rhinolophus ferrumequinum,0.027,0.027,-1,Echolocation,/mnt/ubna_data_01_mir/recover-20220825/UBNA_002/20220823_033000.WAV,Telephone Field,recover-20220825,002,1795
1466.0625,1466.0715,44375,52114,Pipistrellus pipistrellus,0.013,0.023,-1,Echolocation,/mnt/ubna_data_01_mir/recover-20220825/UBNA_002/20220823_033000.WAV,Telephone Field,recover-20220825,002,1795
1466.1015,1466.1104,28046,40719,Eptesicus serotinus,0.008,0.021,-1,Echolocation,/mnt/ubna_data_01_mir/recover-20220825/UBNA_002/20220823_033000.WAV,Telephone Field,recover-20220825,002,1795
1466.1175,1466.1268,37500,46055,Pipistrellus nathusii,0.264,0.361,-1,Echolocation,/mnt/ubna_data_01_mir/recover-20220825/UBNA_002/20220823_033000.WAV,Telephone Field,recover-20220825,002,1795
1466.1185,1466.1586,68437,82215,Rhinolophus ferrumequinum,0.022,0.022,-1,Echolocation,/mnt/ubna_data_01_mir/recover-20220825/UBNA_002/20220823_033000.WAV,Telephone Field,recover-20220825,002,1795
1466.2425,1466.252,23750,30223,Nyctalus leisleri,0.007,0.022,-1,Echolocation,/mnt/ubna_data_01_mir/recover-20220825/UBNA_002/20220823_033000.WAV,Telephone Field,recover-20220825,002,1795
1466.2805,1466.2921,25468,31414,Eptesicus serotinus,0.029,0.066,-1,Echolocation,/mnt/ubna_data_01_mir/recover-20220825/UBNA_002/20220823_033000.WAV,Telephone Field,recover-20220825,002,1795
1466.3015,1466.3395,68437,82316,Rhinolophus ferrumequinum,0.021,0.021,-1,Echolocation,/mnt/ubna_data_01_mir/recover-20220825/UBNA_002/20220823_033000.WAV,Telephone Field,recover-20220825,002,1795
1466.3245,1466.3625,68437,82392,Rhinolophus ferrumequinum,0.021,0.021,-1,Echolocation,/mnt/ubna_data_01_mir/recover-20220825/UBNA_002/20220823_033000.WAV,Telephone Field,recover-20220825,002,1795
1466.3245,1466.3409,21171,25047,Nyctalus leisleri,0.015,0.028,-1,Echolocation,/mnt/ubna_data_01_mir/recover-20220825/UBNA_002/20220823_033000.WAV,Telephone Field,recover-20220825,002,1795
1466.3525,1466.391,68437,82097,Rhinolophus ferrumequinum,0.021,0.021,-1,Echolocation,/mnt/ubna_data_01_mir/recover-20220825/UBNA_002/20220823_033000.WAV,Telephone Field,recover-20220825,002,1795
1466.3645,1466.3731,38359,43847,Barbastellus barbastellus,0.062,0.113,-1,Echolocation,/mnt/ubna_data_01_mir/recover-20220825/UBNA_002/20220823_033000.WAV,Telephone Field,recover-20220825,002,1795
1466.3675,1466.3744,27187,44984,Eptesicus serotinus,0.009,0.026,-1,Echolocation,/mnt/ubna_data_01_mir/recover-20220825/UBNA_002/20220823_033000.WAV,Telephone Field,recover-20220825,002,1795
1466.3705,1466.408,68437,81836,Rhinolophus ferrumequinum,0.021,0.021,-1,Echolocation,/mnt/ubna_data_01_mir/recover-20220825/UBNA_002/20220823_033000.WAV,Telephone Field,recover-20220825,002,1795
1466.4195,1466.4288,23750,30798,Nyctalus leisleri,0.007,0.022,-1,Echolocation,/mnt/ubna_data_01_mir/recover-20220825/UBNA_002/20220823_033000.WAV,Telephone Field,recover-20220825,002,1795
1466.4325,1466.4716,68437,81851,Rhinolophus ferrumequinum,0.022,0.022,-1,Echolocation,/mnt/ubna_data_01_mir/recover-20220825/UBNA_002/20220823_033000.WAV,Telephone Field,recover-20220825,002,1795
1466.4465,1466.4846,68437,81796,Rhinolophus ferrumequinum,0.02,0.02,-1,Echolocation,/mnt/ubna_data_01_mir/recover-20220825/UBNA_002/20220823_033000.WAV,Telephone Field,recover-20220825,002,1795
1466.4555,1466.4962,68437,82541,Rhinolophus ferrumequinum,0.021,0.021,-1,Echolocation,/mnt/ubna_data_01_mir/recover-20220825/UBNA_002/20220823_033000.WAV,Telephone Field,recover-20220825,002,1795
1466.4865,1466.4964,24609,31448,Eptesicus serotinus,0.008,0.023,-1,Echolocation,/mnt/ubna_data_01_mir/recover-20220825/UBNA_002/20220823_033000.WAV,Telephone Field,recover-20220825,002,1795
1466.4945,1466.5025,39218,46576,Myotis daubentonii,0.018,0.043,-1,Echolocation,/mnt/ubna_data_01_mir/recover-20220825/UBNA_002/20220823_033000.WAV,Telephone Field,recover-20220825,002,1795
1466.4975,1466.5055,24609,35340,Myotis nattereri,0.005,0.021,-1,Echolocation,/mnt/ubna_data_01_mir/recover-20220825/UBNA_002/20220823_033000.WAV,Telephone Field,recover-20220825,002,1795
1466.5065,1466.5230999999999,20312,23866,Nyctalus leisleri,0.015,0.027,-1,Echolocation,/mnt/ubna_data_01_mir/recover-20220825/UBNA_002/20220823_033000.WAV,Telephone Field,recover-20220825,002,1795
1466.5075,1466.5455,68437,81557,Rhinolophus ferrumequinum,0.022,0.022,-1,Echolocation,/mnt/ubna_data_01_mir/recover-20220825/UBNA_002/20220823_033000.WAV,Telephone Field,recover-20220825,002,1795
1466.5345,1466.5675,68437,80464,Rhinolophus ferrumequinum,0.022,0.022,-1,Echolocation,/mnt/ubna_data_01_mir/recover-20220825/UBNA_002/20220823_033000.WAV,Telephone Field,recover-20220825,002,1795
1466.5365,1466.5466,28046,36689,Eptesicus serotinus,0.01,0.022,-1,Echolocation,/mnt/ubna_data_01_mir/recover-20220825/UBNA_002/20220823_033000.WAV,Telephone Field,recover-20220825,002,1795
1466.5405,1466.5528,23750,28837,Nyctalus leisleri,0.01,0.021,-1,Echolocation,/mnt/ubna_data_01_mir/recover-20220825/UBNA_002/20220823_033000.WAV,Telephone Field,recover-20220825,002,1795
1466.5915,1466.5989,27187,45323,Eptesicus serotinus,0.011,0.033,-1,Echolocation,/mnt/ubna_data_01_mir/recover-20220825/UBNA_002/20220823_033000.WAV,Telephone Field,recover-20220825,002,1795
1466.6095,1466.648,68437,82108,Rhinolophus ferrumequinum,0.021,0.021,-1,Echolocation,/mnt/ubna_data_01_mir/recover-20220825/UBNA_002/20220823_033000.WAV,Telephone Field,recover-20220825,002,1795
1466.6245,1466.6621,68437,81550,Rhinolophus ferrumequinum,0.022,0.022,-1,Echolocation,/mnt/ubna_data_01_mir/recover-20220825/UBNA_002/20220823_033000.WAV,Telephone Field,recover-20220825,002,1795
1466.6345,1466.67,68437,81010,Rhinolophus ferrumequinum,0.021,0.021,-1,Echolocation,/mnt/ubna_data_01_mir/recover-20220825/UBNA_002/20220823_033000.WAV,Telephone Field,recover-20220825,002,1795
1466.6735,1466.7105,68437,81811,Rhinolophus ferrumequinum,0.02,0.02,-1,Echolocation,/mnt/ubna_data_01_mir/recover-20220825/UBNA_002/20220823_033000.WAV,Telephone Field,recover-20220825,002,1795
1466.7195,1466.7593,68437,82283,Rhinolophus ferrumequinum,0.021,0.021,-1,Echolocation,/mnt/ubna_data_01_mir/recover-20220825/UBNA_002/20220823_033000.WAV,Telephone Field,recover-20220825,002,1795
1466.7255,1466.7337,28046,37434,Eptesicus serotinus,0.008,0.023,-1,Echolocation,/mnt/ubna_data_01_mir/recover-20220825/UBNA_002/20220823_033000.WAV,Telephone Field,recover-20220825,002,1795
1466.7405,1466.7536,15156,19837,Nyctalus noctula,0.031,0.045,-1,Echolocation,/mnt/ubna_data_01_mir/recover-20220825/UBNA_002/20220823_033000.WAV,Telephone Field,recover-20220825,002,1795
1466.7875,1466.8234,68437,81860,Rhinolophus ferrumequinum,0.023,0.023,-1,Echolocation,/mnt/ubna_data_01_mir/recover-20220825/UBNA_002/20220823_033000.WAV,Telephone Field,recover-20220825,002,1795
1466.7945,1466.8048,24609,32038,Eptesicus serotinus,0.009,0.024,-1,Echolocation,/mnt/ubna_data_01_mir/recover-20220825/UBNA_002/20220823_033000.WAV,Telephone Field,recover-20220825,002,1795
1466.8115,1466.8497,68437,81698,Rhinolophus ferrumequinum,0.021,0.021,-1,Echolocation,/mnt/ubna_data_01_mir/recover-20220825/UBNA_002/20220823_033000.WAV,Telephone Field,recover-20220825,002,1795
1466.8135,1466.8223,44375,50843,Pipistrellus pipistrellus,0.014,0.021,-1,Echolocation,/mnt/ubna_data_01_mir/recover-20220825/UBNA_002/20220823_033000.WAV,Telephone Field,recover-20220825,002,1795
1466.8405,1466.8477,26328,37906,Eptesicus serotinus,0.005,0.021,-1,Echolocation,/mnt/ubna_data_01_mir/recover-20220825/UBNA_002/20220823_033000.WAV,Telephone Field,recover-20220825,002,1795
1466.8795,1466.8879,27187,37865,Eptesicus serotinus,0.009,0.026,-1,Echolocation,/mnt/ubna_data_01_mir/recover-20220825/UBNA_002/20220823_033000.WAV,Telephone Field,recover-20220825,002,1795
1466.8835,1466.8937,22890,29146,Nyctalus leisleri,0.011,0.026,-1,Echolocation,/mnt/ubna_data_01_mir/recover-20220825/UBNA_002/20220823_033000.WAV,Telephone Field,recover-20220825,002,1795
1466.9165,1466.9562,68437,82113,Rhinolophus ferrumequinum,0.022,0.022,-1,Echolocation,/mnt/ubna_data_01_mir/recover-20220825/UBNA_002/20220823_033000.WAV,Telephone Field,recover-20220825,002,1795
1466.9215,1466.9595,68437,81997,Rhinolophus ferrumequinum,0.022,0.022,-1,Echolocation,/mnt/ubna_data_01_mir/recover-20220825/UBNA_002/20220823_033000.WAV,Telephone Field,recover-20220825,002,1795
1466.9235,1466.9311,27187,43161,Eptesicus serotinus,0.006,0.02,-1,Echolocation,/mnt/ubna_data_01_mir/recover-20220825/UBNA_002/20220823_033000.WAV,Telephone Field,recover-20220825,002,1795
1466.9385,1466.946,26328,37577,Eptesicus serotinus,0.005,0.02,-1,Echolocation,/mnt/ubna_data_01_mir/recover-20220825/UBNA_002/20220823_033000.WAV,Telephone Field,recover-20220825,002,1795
1466.9405,1466.978,68437,82127,Rhinolophus ferrumequinum,0.02,0.02,-1,Echolocation,/mnt/ubna_data_01_mir/recover-20220825/UBNA_002/20220823_033000.WAV,Telephone Field,recover-20220825,002,1795
1466.9715,1467.0088,68437,81855,Rhinolophus ferrumequinum,0.023,0.023,-1,Echolocation,/mnt/ubna_data_01_mir/recover-20220825/UBNA_002/20220823_033000.WAV,Telephone Field,recover-20220825,002,1795
1466.9785,1466.9886,24609,31491,Eptesicus serotinus,0.009,0.024,-1,Echolocation,/mnt/ubna_data_01_mir/recover-20220825/UBNA_002/20220823_033000.WAV,Telephone Field,recover-20220825,002,1795
1466.9795,1467.0162,68437,81935,Rhinolophus ferrumequinum,0.021,0.021,-1,Echolocation,/mnt/ubna_data_01_mir/recover-20220825/UBNA_002/20220823_033000.WAV,Telephone Field,recover-20220825,002,1795
1467.0115,1467.0506,68437,81790,Rhinolophus ferrumequinum,0.026,0.026,-1,Echolocation,/mnt/ubna_data_01_mir/recover-20220825/UBNA_002/20220823_033000.WAV,Telephone Field,recover-20220825,002,1795
1467.0185,1467.0587,68437,82493,Rhinolophus ferrumequinum,0.026,0.026,-1,Echolocation,/mnt/ubna_data_01_mir/recover-20220825/UBNA_002/20220823_033000.WAV,Telephone Field,recover-20220825,002,1795
1467.0185,1467.0297,22031,26072,Nyctalus leisleri,0.011,0.02,-1,Echolocation,/mnt/ubna_data_01_mir/recover-20220825/UBNA_002/20220823_033000.WAV,Telephone Field,recover-20220825,002,1795
1467.0995,1467.1082,26328,35965,Eptesicus serotinus,0.008,0.02,-1,Echolocation,/mnt/ubna_data_01_mir/recover-20220825/UBNA_002/20220823_033000.WAV,Telephone Field,recover-20220825,002,1795
1467.1135,1467.1512,68437,81841,Rhinolophus ferrumequinum,0.021,0.021,-1,Echolocation,/mnt/ubna_data_01_mir/recover-20220825/UBNA_002/20220823_033000.WAV,Telephone Field,recover-20220825,002,1795
1467.1335,1467.1419,28046,39755,Eptesicus serotinus,0.007,0.021,-1,Echolocation,/mnt/ubna_data_01_mir/recover-20220825/UBNA_002/20220823_033000.WAV,Telephone Field,recover-20220825,002,1795
1467.1425,1467.1543,24609,30883,Eptesicus serotinus,0.01,0.028,-1,Echolocation,/mnt/ubna_data_01_mir/recover-20220825/UBNA_002/20220823_033000.WAV,Telephone Field,recover-20220825,002,1795
1467.1425,1467.1804,68437,82488,Rhinolophus ferrumequinum,0.023,0.023,-1,Echolocation,/mnt/ubna_data_01_mir/recover-20220825/UBNA_002/20220823_033000.WAV,Telephone Field,recover-20220825,002,1795
1467.1885,1467.2292,68437,83005,Rhinolophus ferrumequinum,0.024,0.024,-1,Echolocation,/mnt/ubna_data_01_mir/recover-20220825/UBNA_002/20220823_033000.WAV,Telephone Field,recover-20220825,002,1795
1467.2005,1467.2165,21171,25133,Nyctalus leisleri,0.022,0.05,-1,Echolocation,/mnt/ubna_data_01_mir/recover-20220825/UBNA_002/20220823_033000.WAV,Telephone Field,recover-20220825,002,1795
1467.2085,1467.2162,28046,39558,Eptesicus serotinus,0.006,0.02,-1,Echolocation,/mnt/ubna_data_01_mir/recover-20220825/UBNA_002/20220823_033000.WAV,Telephone Field,recover-20220825,002,1795
1467.2205,1467.2592,68437,82653,Rhinolophus ferrumequinum,0.021,0.021,-1,Echolocation,/mnt/ubna_data_01_mir/recover-20220825/UBNA_002/20220823_033000.WAV,Telephone Field,recover-20220825,002,1795
1467.2425,1467.251,28046,41143,Eptesicus serotinus,0.007,0.021,-1,Echolocation,/mnt/ubna_data_01_mir/recover-20220825/UBNA_002/20220823_033000.WAV,Telephone Field,recover-20220825,002,1795
1467.2655,1467.3062,68437,82302,Rhinolophus ferrumequinum,0.02,0.02,-1,Echolocation,/mnt/ubna_data_01_mir/recover-20220825/UBNA_002/20220823_033000.WAV,Telephone Field,recover-20220825,002,1795
1467.3005,1467.3075,27187,39687,Eptesicus serotinus,0.006,0.02,-1,Echolocation,/mnt/ubna_data_01_mir/recover-20220825/UBNA_002/20220823_033000.WAV,Telephone Field,recover-20220825,002,1795
1467.3155,1467.3537,68437,82822,Rhinolophus ferrumequinum,0.021,0.021,-1,Echolocation,/mnt/ubna_data_01_mir/recover-20220825/UBNA_002/20220823_033000.WAV,Telephone Field,recover-20220825,002,1795
1467.3515,1467.393,68437,82180,Rhinolophus ferrumequinum,0.021,0.021,-1,Echolocation,/mnt/ubna_data_01_mir/recover-20220825/UBNA_002/20220823_033000.WAV,Telephone Field,recover-20220825,002,1795
1467.3795,1467.4165,68437,81185,Rhinolophus ferrumequinum,0.022,0.022,-1,Echolocation,/mnt/ubna_data_01_mir/recover-20220825/UBNA_002/20220823_033000.WAV,Telephone Field,recover-20220825,002,1795
1467.4425,1467.4809,68437,81827,Rhinolophus ferrumequinum,0.021,0.021,-1,Echolocation,/mnt/ubna_data_01_mir/recover-20220825/UBNA_002/20220823_033000.WAV,Telephone Field,recover-20220825,002,1795
1467.4755,1467.5133,68437,81815,Rhinolophus ferrumequinum,0.021,0.021,-1,Echolocation,/mnt/ubna_data_01_mir/recover-20220825/UBNA_002/20220823_033000.WAV,Telephone Field,recover-20220825,002,1795
1467.5195,1467.5567,68437,81806,Rhinolophus ferrumequinum,0.023,0.023,-1,Echolocation,/mnt/ubna_data_01_mir/recover-20220825/UBNA_002/20220823_033000.WAV,Telephone Field,recover-20220825,002,1795
1467.5445,1467.5518,28046,39151,Eptesicus serotinus,0.006,0.021,-1,Echolocation,/mnt/ubna_data_01_mir/recover-20220825/UBNA_002/20220823_033000.WAV,Telephone Field,recover-20220825,002,1795
1467.6005,1467.6381,68437,81938,Rhinolophus ferrumequinum,0.022,0.022,-1,Echolocation,/mnt/ubna_data_01_mir/recover-20220825/UBNA_002/20220823_033000.WAV,Telephone Field,recover-20220825,002,1795
1467.6105,1467.6221,26328,33147,Eptesicus serotinus,0.014,0.027,-1,Echolocation,/mnt/ubna_data_01_mir/recover-20220825/UBNA_002/20220823_033000.WAV,Telephone Field,recover-20220825,002,1795
1467.7225,1467.731,27187,35905,Eptesicus serotinus,0.01,0.025,-1,Echolocation,/mnt/ubna_data_01_mir/recover-20220825/UBNA_002/20220823_033000.WAV,Telephone Field,recover-20220825,002,1795
1467.7335,1467.7417,14296,23725,Plecotus auritus,0.027,0.037,-1,Echolocation,/mnt/ubna_data_01_mir/recover-20220825/UBNA_002/20220823_033000.WAV,Telephone Field,recover-20220825,002,1795
1467.7855,1467.824,68437,81316,Rhinolophus ferrumequinum,0.021,0.021,-1,Echolocation,/mnt/ubna_data_01_mir/recover-20220825/UBNA_002/20220823_033000.WAV,Telephone Field,recover-20220825,002,1795
1467.7915,1467.8303,68437,81988,Rhinolophus ferrumequinum,0.021,0.021,-1,Echolocation,/mnt/ubna_data_01_mir/recover-20220825/UBNA_002/20220823_033000.WAV,Telephone Field,recover-20220825,002,1795
1467.8205,1467.8287,26328,35860,Eptesicus serotinus,0.008,0.022,-1,Echolocation,/mnt/ubna_data_01_mir/recover-20220825/UBNA_002/20220823_033000.WAV,Telephone Field,recover-20220825,002,1795
1467.8335,1467.8761,68437,82584,Rhinolophus ferrumequinum,0.03,0.03,-1,Echolocation,/mnt/ubna_data_01_mir/recover-20220825/UBNA_002/20220823_033000.WAV,Telephone Field,recover-20220825,002,1795
1467.8635,1467.872,22890,29751,Plecotus austriacus,0.008,0.021,-1,Echolocation,/mnt/ubna_data_01_mir/recover-20220825/UBNA_002/20220823_033000.WAV,Telephone Field,recover-20220825,002,1795
1467.8695,1467.908,68437,82352,Rhinolophus ferrumequinum,0.022,0.022,-1,Echolocation,/mnt/ubna_data_01_mir/recover-20220825/UBNA_002/20220823_033000.WAV,Telephone Field,recover-20220825,002,1795
1467.9295,1467.966,68437,82113,Rhinolophus ferrumequinum,0.021,0.021,-1,Echolocation,/mnt/ubna_data_01_mir/recover-20220825/UBNA_002/20220823_033000.WAV,Telephone Field,recover-20220825,002,1795
1467.9785,1467.9886,23750,29538,Nyctalus leisleri,0.011,0.025,-1,Echolocation,/mnt/ubna_data_01_mir/recover-20220825/UBNA_002/20220823_033000.WAV,Telephone Field,recover-20220825,002,1795
1468.0015,1468.0085,47812,53178,Pipistrellus pipistrellus,0.019,0.024,-1,Echolocation,/mnt/ubna_data_01_mir/recover-20220825/UBNA_002/20220823_033000.WAV,Telephone Field,recover-20220825,002,1795
1468.0015,1468.0328,68437,79778,Rhinolophus ferrumequinum,0.035,0.036,-1,Echolocation,/mnt/ubna_data_01_mir/recover-20220825/UBNA_002/20220823_033000.WAV,Telephone Field,recover-20220825,002,1795
1468.0015,1468.0112,25468,32416,Nyctalus leisleri,0.014,0.036,-1,Echolocation,/mnt/ubna_data_01_mir/recover-20220825/UBNA_002/20220823_033000.WAV,Telephone Field,recover-20220825,002,1795
1468.0125,1468.0529,68437,82596,Rhinolophus ferrumequinum,0.021,0.021,-1,Echolocation,/mnt/ubna_data_01_mir/recover-20220825/UBNA_002/20220823_033000.WAV,Telephone Field,recover-20220825,002,1795
1468.0145,1468.0221,29765,40724,Myotis daubentonii,0.007,0.021,-1,Echolocation,/mnt/ubna_data_01_mir/recover-20220825/UBNA_002/20220823_033000.WAV,Telephone Field,recover-20220825,002,1795
1468.0715,1468.0821,22890,28695,Nyctalus leisleri,0.01,0.025,-1,Echolocation,/mnt/ubna_data_01_mir/recover-20220825/UBNA_002/20220823_033000.WAV,Telephone Field,recover-20220825,002,1795
1468.0955,1468.1036,27187,36019,Eptesicus serotinus,0.008,0.022,-1,Echolocation,/mnt/ubna_data_01_mir/recover-20220825/UBNA_002/20220823_033000.WAV,Telephone Field,recover-20220825,002,1795
1468.1035,1468.1134,49531,53662,Pipistrellus pipistrellus,0.028,0.033,-1,Echolocation,/mnt/ubna_data_01_mir/recover-20220825/UBNA_002/20220823_033000.WAV,Telephone Field,recover-20220825,002,1795
1468.1335,1468.1741,68437,82695,Rhinolophus ferrumequinum,0.028,0.028,-1,Echolocation,/mnt/ubna_data_01_mir/recover-20220825/UBNA_002/20220823_033000.WAV,Telephone Field,recover-20220825,002,1795
1468.1595,1468.1975,68437,81189,Rhinolophus ferrumequinum,0.021,0.021,-1,Echolocation,/mnt/ubna_data_01_mir/recover-20220825/UBNA_002/20220823_033000.WAV,Telephone Field,recover-20220825,002,1795
1468.1595,1468.1691,27187,38503,Eptesicus serotinus,0.01,0.025,-1,Echolocation,/mnt/ubna_data_01_mir/recover-20220825/UBNA_002/20220823_033000.WAV,Telephone Field,recover-20220825,002,1795
1468.2125,1468.2556,68437,83460,Rhinolophus ferrumequinum,0.03,0.03,-1,Echolocation,/mnt/ubna_data_01_mir/recover-20220825/UBNA_002/20220823_033000.WAV,Telephone Field,recover-20220825,002,1795
1468.2275,1468.2359,28906,39309,Eptesicus serotinus,0.007,0.023,-1,Echolocation,/mnt/ubna_data_01_mir/recover-20220825/UBNA_002/20220823_033000.WAV,Telephone Field,recover-20220825,002,1795
1468.2575,1468.3002,68437,82506,Rhinolophus ferrumequinum,0.035,0.036,-1,Echolocation,/mnt/ubna_data_01_mir/recover-20220825/UBNA_002/20220823_033000.WAV,Telephone Field,recover-20220825,002,1795
1468.2865,1468.3259,68437,82049,Rhinolophus ferrumequinum,0.025,0.025,-1,Echolocation,/mnt/ubna_data_01_mir/recover-20220825/UBNA_002/20220823_033000.WAV,Telephone Field,recover-20220825,002,1795
1468.2915,1468.2987,28046,39335,Eptesicus serotinus,0.007,0.023,-1,Echolocation,/mnt/ubna_data_01_mir/recover-20220825/UBNA_002/20220823_033000.WAV,Telephone Field,recover-20220825,002,1795
1468.3315,1468.3427,23750,29573,Nyctalus leisleri,0.009,0.022,-1,Echolocation,/mnt/ubna_data_01_mir/recover-20220825/UBNA_002/20220823_033000.WAV,Telephone Field,recover-20220825,002,1795
1468.3345,1468.3749,68437,82276,Rhinolophus ferrumequinum,0.031,0.031,-1,Echolocation,/mnt/ubna_data_01_mir/recover-20220825/UBNA_002/20220823_033000.WAV,Telephone Field,recover-20220825,002,1795
1468.4315,1468.4368,28906,40879,Plecotus auritus,0.009,0.042,-1,Echolocation,/mnt/ubna_data_01_mir/recover-20220825/UBNA_002/20220823_033000.WAV,Telephone Field,recover-20220825,002,1795
1468.4475,1468.4882,68437,82301,Rhinolophus ferrumequinum,0.022,0.022,-1,Echolocation,/mnt/ubna_data_01_mir/recover-20220825/UBNA_002/20220823_033000.WAV,Telephone Field,recover-20220825,002,1795
1468.4565,1468.4967,68437,82788,Rhinolophus ferrumequinum,0.022,0.022,-1,Echolocation,/mnt/ubna_data_01_mir/recover-20220825/UBNA_002/20220823_033000.WAV,Telephone Field,recover-20220825,002,1795
1468.4655,1468.5058,68437,82609,Rhinolophus ferrumequinum,0.024,0.025,-1,Echolocation,/mnt/ubna_data_01_mir/recover-20220825/UBNA_002/20220823_033000.WAV,Telephone Field,recover-20220825,002,1795
1468.4735,1468.5124,68437,82312,Rhinolophus ferrumequinum,0.022,0.022,-1,Echolocation,/mnt/ubna_data_01_mir/recover-20220825/UBNA_002/20220823_033000.WAV,Telephone Field,recover-20220825,002,1795
1468.4775,1468.4847,26328,40473,Eptesicus serotinus,0.007,0.025,-1,Echolocation,/mnt/ubna_data_01_mir/recover-20220825/UBNA_002/20220823_033000.WAV,Telephone Field,recover-20220825,002,1795
1468.4865,1468.4973,22890,28654,Nyctalus leisleri,0.01,0.023,-1,Echolocation,/mnt/ubna_data_01_mir/recover-20220825/UBNA_002/20220823_033000.WAV,Telephone Field,recover-20220825,002,1795
1468.5015,1468.5424,68437,83235,Rhinolophus ferrumequinum,0.021,0.021,-1,Echolocation,/mnt/ubna_data_01_mir/recover-20220825/UBNA_002/20220823_033000.WAV,Telephone Field,recover-20220825,002,1795
1468.5345,1468.5429,28046,38786,Eptesicus serotinus,0.007,0.021,-1,Echolocation,/mnt/ubna_data_01_mir/recover-20220825/UBNA_002/20220823_033000.WAV,Telephone Field,recover-20220825,002,1795
1468.5435,1468.5796,68437,81771,Rhinolophus ferrumequinum,0.021,0.021,-1,Echolocation,/mnt/ubna_data_01_mir/recover-20220825/UBNA_002/20220823_033000.WAV,Telephone Field,recover-20220825,002,1795
1468.5915,1468.6281,68437,81982,Rhinolophus ferrumequinum,0.023,0.023,-1,Echolocation,/mnt/ubna_data_01_mir/recover-20220825/UBNA_002/20220823_033000.WAV,Telephone Field,recover-20220825,002,1795
1468.5965,1468.6031,27187,37911,Eptesicus serotinus,0.006,0.022,-1,Echolocation,/mnt/ubna_data_01_mir/recover-20220825/UBNA_002/20220823_033000.WAV,Telephone Field,recover-20220825,002,1795
1468.6275,1468.6648,68437,80962,Rhinolophus ferrumequinum,0.022,0.023,-1,Echolocation,/mnt/ubna_data_01_mir/recover-20220825/UBNA_002/20220823_033000.WAV,Telephone Field,recover-20220825,002,1795
1468.6285,1468.6386,22890,29104,Nyctalus leisleri,0.009,0.025,-1,Echolocation,/mnt/ubna_data_01_mir/recover-20220825/UBNA_002/20220823_033000.WAV,Telephone Field,recover-20220825,002,1795
1468.6725,1468.6806,27187,39652,Eptesicus serotinus,0.007,0.022,-1,Echolocation,/mnt/ubna_data_01_mir/recover-20220825/UBNA_002/20220823_033000.WAV,Telephone Field,recover-20220825,002,1795
1468.7155,1468.7573,68437,83057,Rhinolophus ferrumequinum,0.023,0.023,-1,Echolocation,/mnt/ubna_data_01_mir/recover-20220825/UBNA_002/20220823_033000.WAV,Telephone Field,recover-20220825,002,1795
1468.7425,1468.7508,27187,39645,Eptesicus serotinus,0.008,0.023,-1,Echolocation,/mnt/ubna_data_01_mir/recover-20220825/UBNA_002/20220823_033000.WAV,Telephone Field,recover-20220825,002,1795
1468.7565,1468.7946,68437,82142,Rhinolophus ferrumequinum,0.021,0.021,-1,Echolocation,/mnt/ubna_data_01_mir/recover-20220825/UBNA_002/20220823_033000.WAV,Telephone Field,recover-20220825,002,1795
1468.8025,1468.8129,22031,27646,Nyctalus leisleri,0.012,0.027,-1,Echolocation,/mnt/ubna_data_01_mir/recover-20220825/UBNA_002/20220823_033000.WAV,Telephone Field,recover-20220825,002,1795
1468.8235,1468.8609,68437,82428,Rhinolophus ferrumequinum,0.022,0.022,-1,Echolocation,/mnt/ubna_data_01_mir/recover-20220825/UBNA_002/20220823_033000.WAV,Telephone Field,recover-20220825,002,1795
1468.8305,1468.8689,68437,82357,Rhinolophus ferrumequinum,0.023,0.023,-1,Echolocation,/mnt/ubna_data_01_mir/recover-20220825/UBNA_002/20220823_033000.WAV,Telephone Field,recover-20220825,002,1795
1468.8355,1468.8439,28046,39887,Eptesicus serotinus,0.007,0.022,-1,Echolocation,/mnt/ubna_data_01_mir/recover-20220825/UBNA_002/20220823_033000.WAV,Telephone Field,recover-20220825,002,1795
1468.8675,1468.907,68437,82527,Rhinolophus ferrumequinum,0.022,0.022,-1,Echolocation,/mnt/ubna_data_01_mir/recover-20220825/UBNA_002/20220823_033000.WAV,Telephone Field,recover-20220825,002,1795
1468.9155,1468.954,68437,82243,Rhinolophus ferrumequinum,0.023,0.023,-1,Echolocation,/mnt/ubna_data_01_mir/recover-20220825/UBNA_002/20220823_033000.WAV,Telephone Field,recover-20220825,002,1795
1468.9175,1468.9248,27187,39232,Eptesicus serotinus,0.008,0.025,-1,Echolocation,/mnt/ubna_data_01_mir/recover-20220825/UBNA_002/20220823_033000.WAV,Telephone Field,recover-20220825,002,1795
1468.9375,1468.9472,41796,50642,Pipistrellus nathusii,0.007,0.022,-1,Echolocation,/mnt/ubna_data_01_mir/recover-20220825/UBNA_002/20220823_033000.WAV,Telephone Field,recover-20220825,002,1795
1468.9715,1468.9913999999999,21171,24740,Nyctalus leisleri,0.022,0.041,-1,Echolocation,/mnt/ubna_data_01_mir/recover-20220825/UBNA_002/20220823_033000.WAV,Telephone Field,recover-20220825,002,1795
1468.9735,1469.0168,68437,83158,Rhinolophus ferrumequinum,0.048,0.048,-1,Echolocation,/mnt/ubna_data_01_mir/recover-20220825/UBNA_002/20220823_033000.WAV,Telephone Field,recover-20220825,002,1795
1468.9995,1469.0306,68437,79957,Rhinolophus ferrumequinum,0.021,0.021,-1,Echolocation,/mnt/ubna_data_01_mir/recover-20220825/UBNA_002/20220823_033000.WAV,Telephone Field,recover-20220825,002,1795
1469.0245,1469.0635,68437,82524,Rhinolophus ferrumequinum,0.024,0.024,-1,Echolocation,/mnt/ubna_data_01_mir/recover-20220825/UBNA_002/20220823_033000.WAV,Telephone Field,recover-20220825,002,1795
1469.0385,1469.078,68437,82755,Rhinolophus ferrumequinum,0.021,0.021,-1,Echolocation,/mnt/ubna_data_01_mir/recover-20220825/UBNA_002/20220823_033000.WAV,Telephone Field,recover-20220825,002,1795
1469.0655,1469.075,28046,37177,Eptesicus serotinus,0.009,0.025,-1,Echolocation,/mnt/ubna_data_01_mir/recover-20220825/UBNA_002/20220823_033000.WAV,Telephone Field,recover-20220825,002,1795
1469.0895,1469.1287,68437,82412,Rhinolophus ferrumequinum,0.021,0.021,-1,Echolocation,/mnt/ubna_data_01_mir/recover-20220825/UBNA_002/20220823_033000.WAV,Telephone Field,recover-20220825,002,1795
1469.1395,1469.1478,24609,33346,Eptesicus serotinus,0.006,0.022,-1,Echolocation,/mnt/ubna_data_01_mir/recover-20220825/UBNA_002/20220823_033000.WAV,Telephone Field,recover-20220825,002,1795
1469.1665,1469.2029,68437,81813,Rhinolophus ferrumequinum,0.025,0.025,-1,Echolocation,/mnt/ubna_data_01_mir/recover-20220825/UBNA_002/20220823_033000.WAV,Telephone Field,recover-20220825,002,1795
1469.1745,1469.1812,28046,41088,Eptesicus serotinus,0.007,0.028,-1,Echolocation,/mnt/ubna_data_01_mir/recover-20220825/UBNA_002/20220823_033000.WAV,Telephone Field,recover-20220825,002,1795
1469.1895,1469.1998,23750,29648,Nyctalus leisleri,0.008,0.021,-1,Echolocation,/mnt/ubna_data_01_mir/recover-20220825/UBNA_002/20220823_033000.WAV,Telephone Field,recover-20220825,002,1795
1469.2135,1469.2488,68437,81427,Rhinolophus ferrumequinum,0.021,0.021,-1,Echolocation,/mnt/ubna_data_01_mir/recover-20220825/UBNA_002/20220823_033000.WAV,Telephone Field,recover-20220825,002,1795
1469.2685,1469.3075,68437,81810,Rhinolophus ferrumequinum,0.023,0.023,-1,Echolocation,/mnt/ubna_data_01_mir/recover-20220825/UBNA_002/20220823_033000.WAV,Telephone Field,recover-20220825,002,1795
1469.2795,1469.2859,28046,46623,Myotis daubentonii,0.006,0.022,-1,Echolocation,/mnt/ubna_data_01_mir/recover-20220825/UBNA_002/20220823_033000.WAV,Telephone Field,recover-20220825,002,1795
1469.2945,1469.3008,33203,44685,Myotis daubentonii,0.013,0.03,-1,Echolocation,/mnt/ubna_data_01_mir/recover-20220825/UBNA_002/20220823_033000.WAV,Telephone Field,recover-20220825,002,1795
1469.2955,1469.303,27187,40532,Eptesicus serotinus,0.009,0.028,-1,Echolocation,/mnt/ubna_data_01_mir/recover-20220825/UBNA_002/20220823_033000.WAV,Telephone Field,recover-20220825,002,1795
1469.2995,1469.3387,68437,82045,Rhinolophus ferrumequinum,0.022,0.022,-1,Echolocation,/mnt/ubna_data_01_mir/recover-20220825/UBNA_002/20220823_033000.WAV,Telephone Field,recover-20220825,002,1795
1469.3175,1469.3243,27187,38071,Eptesicus serotinus,0.006,0.024,-1,Echolocation,/mnt/ubna_data_01_mir/recover-20220825/UBNA_002/20220823_033000.WAV,Telephone Field,recover-20220825,002,1795
1469.3265,1469.3668,68437,82786,Rhinolophus ferrumequinum,0.022,0.022,-1,Echolocation,/mnt/ubna_data_01_mir/recover-20220825/UBNA_002/20220823_033000.WAV,Telephone Field,recover-20220825,002,1795
1469.3525,1469.3604,27187,39690,Eptesicus serotinus,0.007,0.022,-1,Echolocation,/mnt/ubna_data_01_mir/recover-20220825/UBNA_002/20220823_033000.WAV,Telephone Field,recover-20220825,002,1795
1469.3615,1469.3684,28046,39290,Eptesicus serotinus,0.007,0.028,-1,Echolocation,/mnt/ubna_data_01_mir/recover-20220825/UBNA_002/20220823_033000.WAV,Telephone Field,recover-20220825,002,1795
1469.3745,1469.4167,68437,82961,Rhinolophus ferrumequinum,0.024,0.024,-1,Echolocation,/mnt/ubna_data_01_mir/recover-20220825/UBNA_002/20220823_033000.WAV,Telephone Field,recover-20220825,002,1795
1469.3845,1469.3948,22031,27129,Nyctalus leisleri,0.01,0.021,-1,Echolocation,/mnt/ubna_data_01_mir/recover-20220825/UBNA_002/20220823_033000.WAV,Telephone Field,recover-20220825,002,1795
1469.3855,1469.3923,27187,40429,Eptesicus serotinus,0.005,0.021,-1,Echolocation,/mnt/ubna_data_01_mir/recover-20220825/UBNA_002/20220823_033000.WAV,Telephone Field,recover-20220825,002,1795
1469.3995,1469.4415,68437,83165,Rhinolophus ferrumequinum,0.025,0.025,-1,Echolocation,/mnt/ubna_data_01_mir/recover-20220825/UBNA_002/20220823_033000.WAV,Telephone Field,recover-20220825,002,1795
1469.4065,1469.4444,68437,81684,Rhinolophus ferrumequinum,0.023,0.023,-1,Echolocation,/mnt/ubna_data_01_mir/recover-20220825/UBNA_002/20220823_033000.WAV,Telephone Field,recover-20220825,002,1795
1469.4575,1469.4714,23750,28391,Nyctalus leisleri,0.016,0.031,-1,Echolocation,/mnt/ubna_data_01_mir/recover-20220825/UBNA_002/20220823_033000.WAV,Telephone Field,recover-20220825,002,1795
1469.4665,1469.4748,43515,47411,Pipistrellus pipistrellus,0.026,0.027,-1,Echolocation,/mnt/ubna_data_01_mir/recover-20220825/UBNA_002/20220823_033000.WAV,Telephone Field,recover-20220825,002,1795
1469.5695,1469.5792,26328,33384,Eptesicus serotinus,0.008,0.022,-1,Echolocation,/mnt/ubna_data_01_mir/recover-20220825/UBNA_002/20220823_033000.WAV,Telephone Field,recover-20220825,002,1795
1469.5695,1469.6096,68437,82643,Rhinolophus ferrumequinum,0.028,0.028,-1,Echolocation,/mnt/ubna_data_01_mir/recover-20220825/UBNA_002/20220823_033000.WAV,Telephone Field,recover-20220825,002,1795
1469.5905,1469.6038,14296,19559,Nyctalus noctula,0.014,0.023,-1,Echolocation,/mnt/ubna_data_01_mir/recover-20220825/UBNA_002/20220823_033000.WAV,Telephone Field,recover-20220825,002,1795
1469.5935,1469.6317,68437,81779,Rhinolophus ferrumequinum,0.024,0.024,-1,Echolocation,/mnt/ubna_data_01_mir/recover-20220825/UBNA_002/20220823_033000.WAV,Telephone Field,recover-20220825,002,1795
1469.5975,1469.6057,28046,39238,Eptesicus serotinus,0.009,0.026,-1,Echolocation,/mnt/ubna_data_01_mir/recover-20220825/UBNA_002/20220823_033000.WAV,Telephone Field,recover-20220825,002,1795
1469.6385,1469.6788999999999,68437,82396,Rhinolophus ferrumequinum,0.024,0.024,-1,Echolocation,/mnt/ubna_data_01_mir/recover-20220825/UBNA_002/20220823_033000.WAV,Telephone Field,recover-20220825,002,1795
1469.6405,1469.6519,27187,32668,Eptesicus serotinus,0.042,0.098,-1,Echolocation,/mnt/ubna_data_01_mir/recover-20220825/UBNA_002/20220823_033000.WAV,Telephone Field,recover-20220825,002,1795
1469.6625,1469.6708,55546,60905,Pipistrellus pygmaeus,0.021,0.022,-1,Echolocation,/mnt/ubna_data_01_mir/recover-20220825/UBNA_002/20220823_033000.WAV,Telephone Field,recover-20220825,002,1795
1469.6805,1469.6921,28906,35699,Eptesicus serotinus,0.015,0.029,-1,Echolocation,/mnt/ubna_data_01_mir/recover-20220825/UBNA_002/20220823_033000.WAV,Telephone Field,recover-20220825,002,1795
1469.6945,1469.7014,28906,40734,Eptesicus serotinus,0.006,0.025,-1,Echolocation,/mnt/ubna_data_01_mir/recover-20220825/UBNA_002/20220823_033000.WAV,Telephone Field,recover-20220825,002,1795
1469.7145,1469.7516,68437,81997,Rhinolophus ferrumequinum,0.021,0.021,-1,Echolocation,/mnt/ubna_data_01_mir/recover-20220825/UBNA_002/20220823_033000.WAV,Telephone Field,recover-20220825,002,1795
1469.7695,1469.8084,68437,82138,Rhinolophus ferrumequinum,0.027,0.027,-1,Echolocation,/mnt/ubna_data_01_mir/recover-20220825/UBNA_002/20220823_033000.WAV,Telephone Field,recover-20220825,002,1795
1469.7755,1469.7813,26328,41875,Myotis nattereri,0.007,0.028,-1,Echolocation,/mnt/ubna_data_01_mir/recover-20220825/UBNA_002/20220823_033000.WAV,Telephone Field,recover-20220825,002,1795
1469.8405,1469.8509,23750,31055,Nyctalus leisleri,0.013,0.036,-1,Echolocation,/mnt/ubna_data_01_mir/recover-20220825/UBNA_002/20220823_033000.WAV,Telephone Field,recover-20220825,002,1795
1469.8675,1469.8743,23750,33059,Plecotus austriacus,0.011,0.025,-1,Echolocation,/mnt/ubna_data_01_mir/recover-20220825/UBNA_002/20220823_033000.WAV,Telephone Field,recover-20220825,002,1795
1469.8755,1469.9198,68437,83406,Rhinolophus ferrumequinum,0.03,0.03,-1,Echolocation,/mnt/ubna_data_01_mir/recover-20220825/UBNA_002/20220823_033000.WAV,Telephone Field,recover-20220825,002,1795
1469.8855,1469.8961,40078,43923,Pipistrellus nathusii,0.011,0.022,-1,Echolocation,/mnt/ubna_data_01_mir/recover-20220825/UBNA_002/20220823_033000.WAV,Telephone Field,recover-20220825,002,1795
1469.9135,1469.9526,68437,82463,Rhinolophus ferrumequinum,0.022,0.022,-1,Echolocation,/mnt/ubna_data_01_mir/recover-20220825/UBNA_002/20220823_033000.WAV,Telephone Field,recover-20220825,002,1795
1469.9825,1469.9937,33203,39612,Eptesicus serotinus,0.005,0.023,-1,Echolocation,/mnt/ubna_data_01_mir/recover-20220825/UBNA_002/20220823_033000.WAV,Telephone Field,recover-20220825,002,1795
1470.0015,1470.0112,23750,29470,Nyctalus leisleri,0.013,0.03,-1,Echolocation,/mnt/ubna_data_01_mir/recover-20220825/UBNA_002/20220823_033000.WAV,Telephone Field,recover-20220825,002,1795
1470.0015,1470.0344,69296,81473,Rhinolophus ferrumequinum,0.027,0.027,-1,Echolocation,/mnt/ubna_data_01_mir/recover-20220825/UBNA_002/20220823_033000.WAV,Telephone Field,recover-20220825,002,1795
1470.0325,1470.0712,68437,81900,Rhinolophus ferrumequinum,0.022,0.023,-1,Echolocation,/mnt/ubna_data_01_mir/recover-20220825/UBNA_002/20220823_033000.WAV,Telephone Field,recover-20220825,002,1795
1470.0625,1470.1044,68437,83014,Rhinolophus ferrumequinum,0.025,0.025,-1,Echolocation,/mnt/ubna_data_01_mir/recover-20220825/UBNA_002/20220823_033000.WAV,Telephone Field,recover-20220825,002,1795
1470.0645,1470.0726,28906,38745,Eptesicus serotinus,0.007,0.023,-1,Echolocation,/mnt/ubna_data_01_mir/recover-20220825/UBNA_002/20220823_033000.WAV,Telephone Field,recover-20220825,002,1795
1470.0795,1470.1187,68437,81955,Rhinolophus ferrumequinum,0.02,0.02,-1,Echolocation,/mnt/ubna_data_01_mir/recover-20220825/UBNA_002/20220823_033000.WAV,Telephone Field,recover-20220825,002,1795
1470.0985,1470.1397,68437,83356,Rhinolophus ferrumequinum,0.024,0.024,-1,Echolocation,/mnt/ubna_data_01_mir/recover-20220825/UBNA_002/20220823_033000.WAV,Telephone Field,recover-20220825,002,1795
1470.1195,1470.1565,68437,81683,Rhinolophus ferrumequinum,0.02,0.02,-1,Echolocation,/mnt/ubna_data_01_mir/recover-20220825/UBNA_002/20220823_033000.WAV,Telephone Field,recover-20220825,002,1795
1470.1655,1470.2083,68437,83467,Rhinolophus ferrumequinum,0.033,0.033,-1,Echolocation,/mnt/ubna_data_01_mir/recover-20220825/UBNA_002/20220823_033000.WAV,Telephone Field,recover-20220825,002,1795
1470.2285,1470.2693,68437,82226,Rhinolophus ferrumequinum,0.025,0.025,-1,Echolocation,/mnt/ubna_data_01_mir/recover-20220825/UBNA_002/20220823_033000.WAV,Telephone Field,recover-20220825,002,1795
1470.2285,1470.2356,27187,38936,Eptesicus serotinus,0.007,0.021,-1,Echolocation,/mnt/ubna_data_01_mir/recover-20220825/UBNA_002/20220823_033000.WAV,Telephone Field,recover-20220825,002,1795
1470.2675,1470.3043,68437,81532,Rhinolophus ferrumequinum,0.02,0.02,-1,Echolocation,/mnt/ubna_data_01_mir/recover-20220825/UBNA_002/20220823_033000.WAV,Telephone Field,recover-20220825,002,1795
1470.2915,1470.3265,68437,80345,Rhinolophus ferrumequinum,0.02,0.02,-1,Echolocation,/mnt/ubna_data_01_mir/recover-20220825/UBNA_002/20220823_033000.WAV,Telephone Field,recover-20220825,002,1795
1470.3065,1470.3138,31484,41750,Myotis daubentonii,0.007,0.021,-1,Echolocation,/mnt/ubna_data_01_mir/recover-20220825/UBNA_002/20220823_033000.WAV,Telephone Field,recover-20220825,002,1795
1470.3185,1470.361,68437,82582,Rhinolophus ferrumequinum,0.023,0.023,-1,Echolocation,/mnt/ubna_data_01_mir/recover-20220825/UBNA_002/20220823_033000.WAV,Telephone Field,recover-20220825,002,1795
1470.3455,1470.3847,68437,82525,Rhinolophus ferrumequinum,0.021,0.021,-1,Echolocation,/mnt/ubna_data_01_mir/recover-20220825/UBNA_002/20220823_033000.WAV,Telephone Field,recover-20220825,002,1795
1470.3695,1470.3767,23750,33730,Plecotus austriacus,0.008,0.022,-1,Echolocation,/mnt/ubna_data_01_mir/recover-20220825/UBNA_002/20220823_033000.WAV,Telephone Field,recover-20220825,002,1795
1470.3845,1470.3921,28046,38837,Eptesicus serotinus,0.008,0.022,-1,Echolocation,/mnt/ubna_data_01_mir/recover-20220825/UBNA_002/20220823_033000.WAV,Telephone Field,recover-20220825,002,1795
1470.3915,1470.4335,68437,82646,Rhinolophus ferrumequinum,0.03,0.03,-1,Echolocation,/mnt/ubna_data_01_mir/recover-20220825/UBNA_002/20220823_033000.WAV,Telephone Field,recover-20220825,002,1795
1470.3995,1470.407,28046,43406,Eptesicus serotinus,0.007,0.02,-1,Echolocation,/mnt/ubna_data_01_mir/recover-20220825/UBNA_002/20220823_033000.WAV,Telephone Field,recover-20220825,002,1795
1470.4345,1470.4723,68437,81477,Rhinolophus ferrumequinum,0.021,0.021,-1,Echolocation,/mnt/ubna_data_01_mir/recover-20220825/UBNA_002/20220823_033000.WAV,Telephone Field,recover-20220825,002,1795
1470.4435,1470.4517,28906,39319,Eptesicus serotinus,0.007,0.02,-1,Echolocation,/mnt/ubna_data_01_mir/recover-20220825/UBNA_002/20220823_033000.WAV,Telephone Field,recover-20220825,002,1795
1470.4765,1470.5139,68437,81390,Rhinolophus ferrumequinum,0.02,0.02,-1,Echolocation,/mnt/ubna_data_01_mir/recover-20220825/UBNA_002/20220823_033000.WAV,Telephone Field,recover-20220825,002,1795
1470.4775,1470.4848,46093,51517,Pipistrellus pipistrellus,0.019,0.02,-1,Echolocation,/mnt/ubna_data_01_mir/recover-20220825/UBNA_002/20220823_033000.WAV,Telephone Field,recover-20220825,002,1795
1470.5745,1470.5838,46953,52444,Pipistrellus pipistrellus,0.018,0.021,-1,Echolocation,/mnt/ubna_data_01_mir/recover-20220825/UBNA_002/20220823_033000.WAV,Telephone Field,recover-20220825,002,1795
1470.6025,1470.6102,28906,40250,Eptesicus serotinus,0.006,0.02,-1,Echolocation,/mnt/ubna_data_01_mir/recover-20220825/UBNA_002/20220823_033000.WAV,Telephone Field,recover-20220825,002,1795
1470.6585,1470.6678,28906,41547,Eptesicus serotinus,0.007,0.021,-1,Echolocation,/mnt/ubna_data_01_mir/recover-20220825/UBNA_002/20220823_033000.WAV,Telephone Field,recover-20220825,002,1795
1470.6825,1470.7169,68437,81201,Rhinolophus ferrumequinum,0.024,0.024,-1,Echolocation,/mnt/ubna_data_01_mir/recover-20220825/UBNA_002/20220823_033000.WAV,Telephone Field,recover-20220825,002,1795
1470.6985,1470.7358,68437,81807,Rhinolophus ferrumequinum,0.02,0.02,-1,Echolocation,/mnt/ubna_data_01_mir/recover-20220825/UBNA_002/20220823_033000.WAV,Telephone Field,recover-20220825,002,1795
1470.7285,1470.7668,68437,81791,Rhinolophus ferrumequinum,0.021,0.021,-1,Echolocation,/mnt/ubna_data_01_mir/recover-20220825/UBNA_002/20220823_033000.WAV,Telephone Field,recover-20220825,002,1795
1470.7635,1470.8058,68437,83175,Rhinolophus ferrumequinum,0.024,0.024,-1,Echolocation,/mnt/ubna_data_01_mir/recover-20220825/UBNA_002/20220823_033000.WAV,Telephone Field,recover-20220825,002,1795
1470.7805,1470.8215,68437,82374,Rhinolophus ferrumequinum,0.022,0.022,-1,Echolocation,/mnt/ubna_data_01_mir/recover-20220825/UBNA_002/20220823_033000.WAV,Telephone Field,recover-20220825,002,1795
1470.7805,1470.7907,28906,36106,Eptesicus serotinus,0.008,0.02,-1,Echolocation,/mnt/ubna_data_01_mir/recover-20220825/UBNA_002/20220823_033000.WAV,Telephone Field,recover-20220825,002,1795
1470.7895,1470.8306,68437,82841,Rhinolophus ferrumequinum,0.037,0.037,-1,Echolocation,/mnt/ubna_data_01_mir/recover-20220825/UBNA_002/20220823_033000.WAV,Telephone Field,recover-20220825,002,1795
1470.8025,1470.8091,27187,40424,Eptesicus serotinus,0.006,0.022,-1,Echolocation,/mnt/ubna_data_01_mir/recover-20220825/UBNA_002/20220823_033000.WAV,Telephone Field,recover-20220825,002,1795
1470.8095,1470.8476,68437,81430,Rhinolophus ferrumequinum,0.02,0.02,-1,Echolocation,/mnt/ubna_data_01_mir/recover-20220825/UBNA_002/20220823_033000.WAV,Telephone Field,recover-20220825,002,1795
1470.8145,1470.8226,25468,32984,Eptesicus serotinus,0.007,0.022,-1,Echolocation,/mnt/ubna_data_01_mir/recover-20220825/UBNA_002/20220823_033000.WAV,Telephone Field,recover-20220825,002,1795
1470.8315,1470.8401,28046,39742,Eptesicus serotinus,0.007,0.02,-1,Echolocation,/mnt/ubna_data_01_mir/recover-20220825/UBNA_002/20220823_033000.WAV,Telephone Field,recover-20220825,002,1795
1470.8315,1470.8741,68437,82660,Rhinolophus ferrumequinum,0.02,0.021,-1,Echolocation,/mnt/ubna_data_01_mir/recover-20220825/UBNA_002/20220823_033000.WAV,Telephone Field,recover-20220825,002,1795
1470.8325,1470.8429,33203,39737,Eptesicus serotinus,0.006,0.02,-1,Echolocation,/mnt/ubna_data_01_mir/recover-20220825/UBNA_002/20220823_033000.WAV,Telephone Field,recover-20220825,002,1795
1470.8685,1470.9097,68437,82895,Rhinolophus ferrumequinum,0.025,0.025,-1,Echolocation,/mnt/ubna_data_01_mir/recover-20220825/UBNA_002/20220823_033000.WAV,Telephone Field,recover-20220825,002,1795
1470.8945,1470.9093,22031,25982,Nyctalus leisleri,0.019,0.035,-1,Echolocation,/mnt/ubna_data_01_mir/recover-20220825/UBNA_002/20220823_033000.WAV,Telephone Field,recover-20220825,002,1795
1470.9095,1470.9208,22890,27605,Nyctalus leisleri,0.01,0.021,-1,Echolocation,/mnt/ubna_data_01_mir/recover-20220825/UBNA_002/20220823_033000.WAV,Telephone Field,recover-20220825,002,1795
1470.9175,1470.9317,22890,27101,Nyctalus leisleri,0.012,0.021,-1,Echolocation,/mnt/ubna_data_01_mir/recover-20220825/UBNA_002/20220823_033000.WAV,Telephone Field,recover-20220825,002,1795
1470.9195,1470.9607,68437,82142,Rhinolophus ferrumequinum,0.022,0.022,-1,Echolocation,/mnt/ubna_data_01_mir/recover-20220825/UBNA_002/20220823_033000.WAV,Telephone Field,recover-20220825,002,1795
1470.9245,1470.9649,68437,82517,Rhinolophus ferrumequinum,0.022,0.022,-1,Echolocation,/mnt/ubna_data_01_mir/recover-20220825/UBNA_002/20220823_033000.WAV,Telephone Field,recover-20220825,002,1795
1470.9555,1470.9941,68437,82168,Rhinolophus ferrumequinum,0.02,0.02,-1,Echolocation,/mnt/ubna_data_01_mir/recover-20220825/UBNA_002/20220823_033000.WAV,Telephone Field,recover-20220825,002,1795
1470.9845,1470.9942,22890,29513,Nyctalus leisleri,0.01,0.028,-1,Echolocation,/mnt/ubna_data_01_mir/recover-20220825/UBNA_002/20220823_033000.WAV,Telephone Field,recover-20220825,002,1795
1471.0125,1471.0559,68437,83045,Rhinolophus ferrumequinum,0.028,0.028,-1,Echolocation,/mnt/ubna_data_01_mir/recover-20220825/UBNA_002/20220823_033000.WAV,Telephone Field,recover-20220825,002,1795
1471.0895,1471.1282,68437,82753,Rhinolophus ferrumequinum,0.021,0.021,-1,Echolocation,/mnt/ubna_data_01_mir/recover-20220825/UBNA_002/20220823_033000.WAV,Telephone Field,recover-20220825,002,1795
1471.0905,1471.0985,28046,39666,Eptesicus serotinus,0.008,0.021,-1,Echolocation,/mnt/ubna_data_01_mir/recover-20220825/UBNA_002/20220823_033000.WAV,Telephone Field,recover-20220825,002,1795
1471.1165,1471.1564,68437,81519,Rhinolophus ferrumequinum,0.02,0.02,-1,Echolocation,/mnt/ubna_data_01_mir/recover-20220825/UBNA_002/20220823_033000.WAV,Telephone Field,recover-20220825,002,1795
1471.1175,1471.1249,27187,35872,Eptesicus serotinus,0.008,0.021,-1,Echolocation,/mnt/ubna_data_01_mir/recover-20220825/UBNA_002/20220823_033000.WAV,Telephone Field,recover-20220825,002,1795
1471.1345,1471.1725,68437,81677,Rhinolophus ferrumequinum,0.02,0.02,-1,Echolocation,/mnt/ubna_data_01_mir/recover-20220825/UBNA_002/20220823_033000.WAV,Telephone Field,recover-20220825,002,1795
1471.1395,1471.1779,68437,81634,Rhinolophus ferrumequinum,0.02,0.02,-1,Echolocation,/mnt/ubna_data_01_mir/recover-20220825/UBNA_002/20220823_033000.WAV,Telephone Field,recover-20220825,002,1795
1471.1435,1471.1548,22031,26385,Nyctalus leisleri,0.012,0.022,-1,Echolocation,/mnt/ubna_data_01_mir/recover-20220825/UBNA_002/20220823_033000.WAV,Telephone Field,recover-20220825,002,1795
1471.1745,1471.2124,68437,81462,Rhinolophus ferrumequinum,0.022,0.022,-1,Echolocation,/mnt/ubna_data_01_mir/recover-20220825/UBNA_002/20220823_033000.WAV,Telephone Field,recover-20220825,002,1795
1471.1835,1471.1915,22890,31266,Plecotus austriacus,0.014,0.035,-1,Echolocation,/mnt/ubna_data_01_mir/recover-20220825/UBNA_002/20220823_033000.WAV,Telephone Field,recover-20220825,002,1795
1471.1955,1471.2352,68437,82092,Rhinolophus ferrumequinum,0.023,0.023,-1,Echolocation,/mnt/ubna_data_01_mir/recover-20220825/UBNA_002/20220823_033000.WAV,Telephone Field,recover-20220825,002,1795
1471.2035,1471.2103,47812,52016,Pipistrellus pipistrellus,0.025,0.026,-1,Echolocation,/mnt/ubna_data_01_mir/recover-20220825/UBNA_002/20220823_033000.WAV,Telephone Field,recover-20220825,002,1795
1471.2335,1471.2757,68437,83189,Rhinolophus ferrumequinum,0.025,0.025,-1,Echolocation,/mnt/ubna_data_01_mir/recover-20220825/UBNA_002/20220823_033000.WAV,Telephone Field,recover-20220825,002,1795
1471.2455,1471.2539,28046,39839,Eptesicus serotinus,0.007,0.022,-1,Echolocation,/mnt/ubna_data_01_mir/recover-20220825/UBNA_002/20220823_033000.WAV,Telephone Field,recover-20220825,002,1795
1471.2685,1471.2777,23750,31849,Nyctalus leisleri,0.006,0.02,-1,Echolocation,/mnt/ubna_data_01_mir/recover-20220825/UBNA_002/20220823_033000.WAV,Telephone Field,recover-20220825,002,1795
1471.2775,1471.2861,25468,33388,Eptesicus serotinus,0.008,0.022,-1,Echolocation,/mnt/ubna_data_01_mir/recover-20220825/UBNA_002/20220823_033000.WAV,Telephone Field,recover-20220825,002,1795
1471.3265,1471.3609,68437,81682,Rhinolophus ferrumequinum,0.02,0.02,-1,Echolocation,/mnt/ubna_data_01_mir/recover-20220825/UBNA_002/20220823_033000.WAV,Telephone Field,recover-20220825,002,1795
1471.3635,1471.4031,68437,82055,Rhinolophus ferrumequinum,0.02,0.02,-1,Echolocation,/mnt/ubna_data_01_mir/recover-20220825/UBNA_002/20220823_033000.WAV,Telephone Field,recover-20220825,002,1795
1471.3955,1471.406,22031,26283,Nyctalus leisleri,0.011,0.02,-1,Echolocation,/mnt/ubna_data_01_mir/recover-20220825/UBNA_002/20220823_033000.WAV,Telephone Field,recover-20220825,002,1795
1471.4125,1471.4228,22031,26420,Nyctalus leisleri,0.01,0.02,-1,Echolocation,/mnt/ubna_data_01_mir/recover-20220825/UBNA_002/20220823_033000.WAV,Telephone Field,recover-20220825,002,1795
1471.4455,1471.4846,68437,81817,Rhinolophus ferrumequinum,0.022,0.022,-1,Echolocation,/mnt/ubna_data_01_mir/recover-20220825/UBNA_002/20220823_033000.WAV,Telephone Field,recover-20220825,002,1795
1471.4785,1471.4859,28046,38587,Eptesicus serotinus,0.006,0.021,-1,Echolocation,/mnt/ubna_data_01_mir/recover-20220825/UBNA_002/20220823_033000.WAV,Telephone Field,recover-20220825,002,1795
1471.5135,1471.5329,20312,23860,Nyctalus leisleri,0.013,0.026,-1,Echolocation,/mnt/ubna_data_01_mir/recover-20220825/UBNA_002/20220823_033000.WAV,Telephone Field,recover-20220825,002,1795
1471.5225,1471.5309,25468,33006,Eptesicus serotinus,0.006,0.021,-1,Echolocation,/mnt/ubna_data_01_mir/recover-20220825/UBNA_002/20220823_033000.WAV,Telephone Field,recover-20220825,002,1795
1471.5285,1471.5697,68437,82337,Rhinolophus ferrumequinum,0.021,0.021,-1,Echolocation,/mnt/ubna_data_01_mir/recover-20220825/UBNA_002/20220823_033000.WAV,Telephone Field,recover-20220825,002,1795
1471.5625,1471.6035,68437,82244,Rhinolophus ferrumequinum,0.021,0.021,-1,Echolocation,/mnt/ubna_data_01_mir/recover-20220825/UBNA_002/20220823_033000.WAV,Telephone Field,recover-20220825,002,1795
1471.5715,1471.5799,28046,39908,Eptesicus serotinus,0.008,0.021,-1,Echolocation,/mnt/ubna_data_01_mir/recover-20220825/UBNA_002/20220823_033000.WAV,Telephone Field,recover-20220825,002,1795
1471.5735,1471.6126,68437,82271,Rhinolophus ferrumequinum,0.023,0.023,-1,Echolocation,/mnt/ubna_data_01_mir/recover-20220825/UBNA_002/20220823_033000.WAV,Telephone Field,recover-20220825,002,1795
1471.5795,1471.6214,68437,82562,Rhinolophus ferrumequinum,0.022,0.022,-1,Echolocation,/mnt/ubna_data_01_mir/recover-20220825/UBNA_002/20220823_033000.WAV,Telephone Field,recover-20220825,002,1795
1471.6095,1471.6489,68437,81817,Rhinolophus ferrumequinum,0.021,0.021,-1,Echolocation,/mnt/ubna_data_01_mir/recover-20220825/UBNA_002/20220823_033000.WAV,Telephone Field,recover-20220825,002,1795
1471.6405,1471.6493,28046,38723,Eptesicus serotinus,0.008,0.021,-1,Echolocation,/mnt/ubna_data_01_mir/recover-20220825/UBNA_002/20220823_033000.WAV,Telephone Field,recover-20220825,002,1795
1471.6435,1471.6827,68437,82359,Rhinolophus ferrumequinum,0.02,0.02,-1,Echolocation,/mnt/ubna_data_01_mir/recover-20220825/UBNA_002/20220823_033000.WAV,Telephone Field,recover-20220825,002,1795
1471.6685,1471.7075,68437,81718,Rhinolophus ferrumequinum,0.024,0.024,-1,Echolocation,/mnt/ubna_data_01_mir/recover-20220825/UBNA_002/20220823_033000.WAV,Telephone Field,recover-20220825,002,1795
1471.7075,1471.7467,68437,82546,Rhinolophus ferrumequinum,0.021,0.021,-1,Echolocation,/mnt/ubna_data_01_mir/recover-20220825/UBNA_002/20220823_033000.WAV,Telephone Field,recover-20220825,002,1795
1471.7195,1471.7278,28906,40636,Eptesicus serotinus,0.009,0.024,-1,Echolocation,/mnt/ubna_data_01_mir/recover-20220825/UBNA_002/20220823_033000.WAV,Telephone Field,recover-20220825,002,1795
1471.7845,1471.8211,68437,81629,Rhinolophus ferrumequinum,0.022,0.022,-1,Echolocation,/mnt/ubna_data_01_mir/recover-20220825/UBNA_002/20220823_033000.WAV,Telephone Field,recover-20220825,002,1795
1471.7855,1471.7955,27187,35206,Eptesicus serotinus,0.009,0.021,-1,Echolocation,/mnt/ubna_data_01_mir/recover-20220825/UBNA_002/20220823_033000.WAV,Telephone Field,recover-20220825,002,1795
1471.8075,1471.8424,68437,81574,Rhinolophus ferrumequinum,0.02,0.02,-1,Echolocation,/mnt/ubna_data_01_mir/recover-20220825/UBNA_002/20220823_033000.WAV,Telephone Field,recover-20220825,002,1795
1471.8505,1471.8582,33203,45044,Myotis daubentonii,0.008,0.025,-1,Echolocation,/mnt/ubna_data_01_mir/recover-20220825/UBNA_002/20220823_033000.WAV,Telephone Field,recover-20220825,002,1795
1471.8725,1471.8793,26328,36131,Plecotus auritus,0.009,0.029,-1,Echolocation,/mnt/ubna_data_01_mir/recover-20220825/UBNA_002/20220823_033000.WAV,Telephone Field,recover-20220825,002,1795
1471.8845,1471.9229,68437,82031,Rhinolophus ferrumequinum,0.02,0.02,-1,Echolocation,/mnt/ubna_data_01_mir/recover-20220825/UBNA_002/20220823_033000.WAV,Telephone Field,recover-20220825,002,1795
1471.9305,1471.9694,68437,82279,Rhinolophus ferrumequinum,0.023,0.023,-1,Echolocation,/mnt/ubna_data_01_mir/recover-20220825/UBNA_002/20220823_033000.WAV,Telephone Field,recover-20220825,002,1795
1471.9315,1471.942,23750,30611,Nyctalus leisleri,0.008,0.022,-1,Echolocation,/mnt/ubna_data_01_mir/recover-20220825/UBNA_002/20220823_033000.WAV,Telephone Field,recover-20220825,002,1795
1471.9505,1471.987,68437,81916,Rhinolophus ferrumequinum,0.023,0.023,-1,Echolocation,/mnt/ubna_data_01_mir/recover-20220825/UBNA_002/20220823_033000.WAV,Telephone Field,recover-20220825,002,1795
1471.9865,1471.9966,27187,36496,Eptesicus serotinus,0.011,0.025,-1,Echolocation,/mnt/ubna_data_01_mir/recover-20220825/UBNA_002/20220823_033000.WAV,Telephone Field,recover-20220825,002,1795
1472.0015,1472.0364,68437,79627,Rhinolophus ferrumequinum,0.057,0.057,-1,Echolocation,/mnt/ubna_data_01_mir/recover-20220825/UBNA_002/20220823_033000.WAV,Telephone Field,recover-20220825,002,1795
1472.0015,1472.0121,24609,30810,Nyctalus leisleri,0.024,0.057,-1,Echolocation,/mnt/ubna_data_01_mir/recover-20220825/UBNA_002/20220823_033000.WAV,Telephone Field,recover-20220825,002,1795
1472.0195,1472.0279,28046,38929,Eptesicus serotinus,0.009,0.025,-1,Echolocation,/mnt/ubna_data_01_mir/recover-20220825/UBNA_002/20220823_033000.WAV,Telephone Field,recover-20220825,002,1795
1472.0745,1472.08,34062,58916,Myotis brandtii,0.017,0.032,-1,Echolocation,/mnt/ubna_data_01_mir/recover-20220825/UBNA_002/20220823_033000.WAV,Telephone Field,recover-20220825,002,1795
1472.1125,1472.1209,28046,38916,Eptesicus serotinus,0.014,0.03,-1,Echolocation,/mnt/ubna_data_01_mir/recover-20220825/UBNA_002/20220823_033000.WAV,Telephone Field,recover-20220825,002,1795
1472.1325,1472.174,68437,83146,Rhinolophus ferrumequinum,0.031,0.031,-1,Echolocation,/mnt/ubna_data_01_mir/recover-20220825/UBNA_002/20220823_033000.WAV,Telephone Field,recover-20220825,002,1795
1472.1485,1472.1623,23750,28986,Nyctalus leisleri,0.018,0.038,-1,Echolocation,/mnt/ubna_data_01_mir/recover-20220825/UBNA_002/20220823_033000.WAV,Telephone Field,recover-20220825,002,1795
1472.1715,1472.1788,48671,54203,Pipistrellus pipistrellus,0.026,0.029,-1,Echolocation,/mnt/ubna_data_01_mir/recover-20220825/UBNA_002/20220823_033000.WAV,Telephone Field,recover-20220825,002,1795
1472.1985,1472.2059,46093,52768,Pipistrellus pipistrellus,0.022,0.026,-1,Echolocation,/mnt/ubna_data_01_mir/recover-20220825/UBNA_002/20220823_033000.WAV,Telephone Field,recover-20220825,002,1795
1472.2375,1472.2481,23750,29329,Nyctalus leisleri,0.012,0.026,-1,Echolocation,/mnt/ubna_data_01_mir/recover-20220825/UBNA_002/20220823_033000.WAV,Telephone Field,recover-20220825,002,1795
1472.2565,1472.2637,39218,50470,Myotis daubentonii,0.012,0.027,-1,Echolocation,/mnt/ubna_data_01_mir/recover-20220825/UBNA_002/20220823_033000.WAV,Telephone Field,recover-20220825,002,1795
1472.3225,1472.3294,30625,43820,Myotis daubentonii,0.019,0.037,-1,Echolocation,/mnt/ubna_data_01_mir/recover-20220825/UBNA_002/20220823_033000.WAV,Telephone Field,recover-20220825,002,1795
1472.3755,1472.3818,30625,48282,Myotis daubentonii,0.016,0.031,-1,Echolocation,/mnt/ubna_data_01_mir/recover-20220825/UBNA_002/20220823_033000.WAV,Telephone Field,recover-20220825,002,1795
1472.3855,1472.395,27187,35496,Eptesicus serotinus,0.01,0.024,-1,Echolocation,/mnt/ubna_data_01_mir/recover-20220825/UBNA_002/20220823_033000.WAV,Telephone Field,recover-20220825,002,1795
1472.3975,1472.4037,35781,56761,Myotis brandtii,0.013,0.028,-1,Echolocation,/mnt/ubna_data_01_mir/recover-20220825/UBNA_002/20220823_033000.WAV,Telephone Field,recover-20220825,002,1795
1472.3985,1472.4058,42656,53021,Pipistrellus nathusii,0.011,0.027,-1,Echolocation,/mnt/ubna_data_01_mir/recover-20220825/UBNA_002/20220823_033000.WAV,Telephone Field,recover-20220825,002,1795
1472.4225,1472.4324,26328,34881,Eptesicus serotinus,0.011,0.026,-1,Echolocation,/mnt/ubna_data_01_mir/recover-20220825/UBNA_002/20220823_033000.WAV,Telephone Field,recover-20220825,002,1795
1472.4335,1472.4712,68437,81642,Rhinolophus ferrumequinum,0.029,0.029,-1,Echolocation,/mnt/ubna_data_01_mir/recover-20220825/UBNA_002/20220823_033000.WAV,Telephone Field,recover-20220825,002,1795
1472.6135,1472.6547,68437,82640,Rhinolophus ferrumequinum,0.039,0.039,-1,Echolocation,/mnt/ubna_data_01_mir/recover-20220825/UBNA_002/20220823_033000.WAV,Telephone Field,recover-20220825,002,1795
1472.6185,1472.6287,27187,35749,Eptesicus serotinus,0.014,0.034,-1,Echolocation,/mnt/ubna_data_01_mir/recover-20220825/UBNA_002/20220823_033000.WAV,Telephone Field,recover-20220825,002,1795
1472.6575,1472.6657,27187,36173,Eptesicus serotinus,0.009,0.026,-1,Echolocation,/mnt/ubna_data_01_mir/recover-20220825/UBNA_002/20220823_033000.WAV,Telephone Field,recover-20220825,002,1795
1472.6925,1472.7028,22890,29369,Nyctalus leisleri,0.009,0.025,-1,Echolocation,/mnt/ubna_data_01_mir/recover-20220825/UBNA_002/20220823_033000.WAV,Telephone Field,recover-20220825,002,1795
1472.7215,1472.7333,27187,34375,Eptesicus serotinus,0.032,0.052,-1,Echolocation,/mnt/ubna_data_01_mir/recover-20220825/UBNA_002/20220823_033000.WAV,Telephone Field,recover-20220825,002,1795
1472.7515,1472.7591,27187,37342,Eptesicus serotinus,0.007,0.025,-1,Echolocation,/mnt/ubna_data_01_mir/recover-20220825/UBNA_002/20220823_033000.WAV,Telephone Field,recover-20220825,002,1795
1472.7615,1472.8021,68437,82165,Rhinolophus ferrumequinum,0.025,0.025,-1,Echolocation,/mnt/ubna_data_01_mir/recover-20220825/UBNA_002/20220823_033000.WAV,Telephone Field,recover-20220825,002,1795
1472.7665,1472.7764,42656,49392,Pipistrellus nathusii,0.015,0.029,-1,Echolocation,/mnt/ubna_data_01_mir/recover-20220825/UBNA_002/20220823_033000.WAV,Telephone Field,recover-20220825,002,1795
1472.7875,1472.797,27187,35748,Eptesicus serotinus,0.017,0.034,-1,Echolocation,/mnt/ubna_data_01_mir/recover-20220825/UBNA_002/20220823_033000.WAV,Telephone Field,recover-20220825,002,1795
1472.8215,1472.8597,68437,82439,Rhinolophus ferrumequinum,0.025,0.025,-1,Echolocation,/mnt/ubna_data_01_mir/recover-20220825/UBNA_002/20220823_033000.WAV,Telephone Field,recover-20220825,002,1795
1472.8265,1472.8367,35781,41640,Pipistrellus nathusii,0.007,0.024,-1,Echolocation,/mnt/ubna_data_01_mir/recover-20220825/UBNA_002/20220823_033000.WAV,Telephone Field,recover-20220825,002,1795
1472.8455,1472.8541,41796,46707,Pipistrellus nathusii,0.216,0.28,-1,Echolocation,/mnt/ubna_data_01_mir/recover-20220825/UBNA_002/20220823_033000.WAV,Telephone Field,recover-20220825,002,1795
1472.8495,1472.8557,29765,46693,Myotis daubentonii,0.018,0.029,-1,Echolocation,/mnt/ubna_data_01_mir/recover-20220825/UBNA_002/20220823_033000.WAV,Telephone Field,recover-20220825,002,1795
1472.8935,1472.8993,32343,46567,Myotis daubentonii,0.012,0.025,-1,Echolocation,/mnt/ubna_data_01_mir/recover-20220825/UBNA_002/20220823_033000.WAV,Telephone Field,recover-20220825,002,1795
1472.8955,1472.9067,43515,49586,Pipistrellus pipistrellus,0.014,0.029,-1,Echolocation,/mnt/ubna_data_01_mir/recover-20220825/UBNA_002/20220823_033000.WAV,Telephone Field,recover-20220825,002,1795
1472.9125,1472.9466,68437,80764,Rhinolophus ferrumequinum,0.024,0.024,-1,Echolocation,/mnt/ubna_data_01_mir/recover-20220825/UBNA_002/20220823_033000.WAV,Telephone Field,recover-20220825,002,1795
1472.9285,1472.9349,40937,48389,Pipistrellus nathusii,0.149,0.303,-1,Echolocation,/mnt/ubna_data_01_mir/recover-20220825/UBNA_002/20220823_033000.WAV,Telephone Field,recover-20220825,002,1795
1472.9815,1472.9899,26328,37758,Eptesicus serotinus,0.008,0.024,-1,Echolocation,/mnt/ubna_data_01_mir/recover-20220825/UBNA_002/20220823_033000.WAV,Telephone Field,recover-20220825,002,1795
1472.9825,1472.9895,30625,44467,Myotis daubentonii,0.012,0.024,-1,Echolocation,/mnt/ubna_data_01_mir/recover-20220825/UBNA_002/20220823_033000.WAV,Telephone Field,recover-20220825,002,1795
1473.0065,1473.0135,40078,46837,Pipistrellus nathusii,0.026,0.078,-1,Echolocation,/mnt/ubna_data_01_mir/recover-20220825/UBNA_002/20220823_033000.WAV,Telephone Field,recover-20220825,002,1795
1473.0065,1473.0134,30625,50711,Myotis daubentonii,0.014,0.025,-1,Echolocation,/mnt/ubna_data_01_mir/recover-20220825/UBNA_002/20220823_033000.WAV,Telephone Field,recover-20220825,002,1795
1473.0065,1473.0141,25468,36542,Eptesicus serotinus,0.008,0.025,-1,Echolocation,/mnt/ubna_data_01_mir/recover-20220825/UBNA_002/20220823_033000.WAV,Telephone Field,recover-20220825,002,1795
1473.0115,1473.0463,68437,80889,Rhinolophus ferrumequinum,0.023,0.023,-1,Echolocation,/mnt/ubna_data_01_mir/recover-20220825/UBNA_002/20220823_033000.WAV,Telephone Field,recover-20220825,002,1795
1473.0195,1473.0589,68437,82422,Rhinolophus ferrumequinum,0.024,0.024,-1,Echolocation,/mnt/ubna_data_01_mir/recover-20220825/UBNA_002/20220823_033000.WAV,Telephone Field,recover-20220825,002,1795
1473.0245,1473.0304,29765,47953,Myotis daubentonii,0.035,0.056,-1,Echolocation,/mnt/ubna_data_01_mir/recover-20220825/UBNA_002/20220823_033000.WAV,Telephone Field,recover-20220825,002,1795
1473.0445,1473.0536,27187,35147,Eptesicus serotinus,0.009,0.025,-1,Echolocation,/mnt/ubna_data_01_mir/recover-20220825/UBNA_002/20220823_033000.WAV,Telephone Field,recover-20220825,002,1795
1473.0525,1473.0596,26328,37680,Eptesicus serotinus,0.008,0.028,-1,Echolocation,/mnt/ubna_data_01_mir/recover-20220825/UBNA_002/20220823_033000.WAV,Telephone Field,recover-20220825,002,1795
1473.0685,1473.1104,68437,83042,Rhinolophus ferrumequinum,0.033,0.033,-1,Echolocation,/mnt/ubna_data_01_mir/recover-20220825/UBNA_002/20220823_033000.WAV,Telephone Field,recover-20220825,002,1795
1473.0755,1473.0809,40078,48948,Pipistrellus nathusii,0.071,0.257,-1,Echolocation,/mnt/ubna_data_01_mir/recover-20220825/UBNA_002/20220823_033000.WAV,Telephone Field,recover-20220825,002,1795
1473.1335,1473.14,41796,50111,Pipistrellus nathusii,0.154,0.243,-1,Echolocation,/mnt/ubna_data_01_mir/recover-20220825/UBNA_002/20220823_033000.WAV,Telephone Field,recover-20220825,002,1795
1473.2065,1473.2149,40937,49915,Pipistrellus nathusii,0.295,0.392,-1,Echolocation,/mnt/ubna_data_01_mir/recover-20220825/UBNA_002/20220823_033000.WAV,Telephone Field,recover-20220825,002,1795
1473.2115,1473.2462,68437,80942,Rhinolophus ferrumequinum,0.023,0.024,-1,Echolocation,/mnt/ubna_data_01_mir/recover-20220825/UBNA_002/20220823_033000.WAV,Telephone Field,recover-20220825,002,1795
1473.2785,1473.2846,31484,51173,Myotis daubentonii,0.02,0.032,-1,Echolocation,/mnt/ubna_data_01_mir/recover-20220825/UBNA_002/20220823_033000.WAV,Telephone Field,recover-20220825,002,1795
1473.3225,1473.3289,33203,47344,Myotis daubentonii,0.025,0.04,-1,Echolocation,/mnt/ubna_data_01_mir/recover-20220825/UBNA_002/20220823_033000.WAV,Telephone Field,recover-20220825,002,1795
1473.3225,1473.3612,68437,81967,Rhinolophus ferrumequinum,0.024,0.024,-1,Echolocation,/mnt/ubna_data_01_mir/recover-20220825/UBNA_002/20220823_033000.WAV,Telephone Field,recover-20220825,002,1795
1473.3315,1473.3684,68437,81669,Rhinolophus ferrumequinum,0.026,0.026,-1,Echolocation,/mnt/ubna_data_01_mir/recover-20220825/UBNA_002/20220823_033000.WAV,Telephone Field,recover-20220825,002,1795
1473.3805,1473.3883,42656,51448,Myotis daubentonii,0.007,0.025,-1,Echolocation,/mnt/ubna_data_01_mir/recover-20220825/UBNA_002/20220823_033000.WAV,Telephone Field,recover-20220825,002,1795
1473.3965,1473.4161,19453,22955,Nyctalus noctula,0.015,0.031,-1,Echolocation,/mnt/ubna_data_01_mir/recover-20220825/UBNA_002/20220823_033000.WAV,Telephone Field,recover-20220825,002,1795
1473.4195,1473.4595,68437,82666,Rhinolophus ferrumequinum,0.024,0.024,-1,Echolocation,/mnt/ubna_data_01_mir/recover-20220825/UBNA_002/20220823_033000.WAV,Telephone Field,recover-20220825,002,1795
1473.4215,1473.4351,22890,27904,Nyctalus leisleri,0.021,0.041,-1,Echolocation,/mnt/ubna_data_01_mir/recover-20220825/UBNA_002/20220823_033000.WAV,Telephone Field,recover-20220825,002,1795
1473.4355,1473.444,41796,47684,Pipistrellus nathusii,0.011,0.03,-1,Echolocation,/mnt/ubna_data_01_mir/recover-20220825/UBNA_002/20220823_033000.WAV,Telephone Field,recover-20220825,002,1795
1473.4375,1473.4437,35781,48278,Myotis daubentonii,0.017,0.03,-1,Echolocation,/mnt/ubna_data_01_mir/recover-20220825/UBNA_002/20220823_033000.WAV,Telephone Field,recover-20220825,002,1795
1473.4495,1473.4577,27187,35810,Eptesicus serotinus,0.008,0.024,-1,Echolocation,/mnt/ubna_data_01_mir/recover-20220825/UBNA_002/20220823_033000.WAV,Telephone Field,recover-20220825,002,1795
1473.4605,1473.4711,27187,34642,Eptesicus serotinus,0.019,0.035,-1,Echolocation,/mnt/ubna_data_01_mir/recover-20220825/UBNA_002/20220823_033000.WAV,Telephone Field,recover-20220825,002,1795
1473.4975,1473.5045,41796,51290,Pipistrellus nathusii,0.12,0.255,-1,Echolocation,/mnt/ubna_data_01_mir/recover-20220825/UBNA_002/20220823_033000.WAV,Telephone Field,recover-20220825,002,1795
1473.5725,1473.5799,30625,44794,Myotis daubentonii,0.012,0.029,-1,Echolocation,/mnt/ubna_data_01_mir/recover-20220825/UBNA_002/20220823_033000.WAV,Telephone Field,recover-20220825,002,1795
1473.6535,1473.6624,27187,38249,Eptesicus serotinus,0.009,0.027,-1,Echolocation,/mnt/ubna_data_01_mir/recover-20220825/UBNA_002/20220823_033000.WAV,Telephone Field,recover-20220825,002,1795
1473.7045,1473.7383,68437,80244,Rhinolophus ferrumequinum,0.036,0.036,-1,Echolocation,/mnt/ubna_data_01_mir/recover-20220825/UBNA_002/20220823_033000.WAV,Telephone Field,recover-20220825,002,1795
1473.7175,1473.7544,68437,82295,Rhinolophus ferrumequinum,0.032,0.032,-1,Echolocation,/mnt/ubna_data_01_mir/recover-20220825/UBNA_002/20220823_033000.WAV,Telephone Field,recover-20220825,002,1795
1473.7205,1473.7259,40078,53202,Pipistrellus nathusii,0.11,0.328,-1,Echolocation,/mnt/ubna_data_01_mir/recover-20220825/UBNA_002/20220823_033000.WAV,Telephone Field,recover-20220825,002,1795
1473.7205,1473.7261,30625,66135,Myotis brandtii,0.03,0.068,-1,Echolocation,/mnt/ubna_data_01_mir/recover-20220825/UBNA_002/20220823_033000.WAV,Telephone Field,recover-20220825,002,1795
1473.7495,1473.7574,25468,35950,Eptesicus serotinus,0.007,0.024,-1,Echolocation,/mnt/ubna_data_01_mir/recover-20220825/UBNA_002/20220823_033000.WAV,Telephone Field,recover-20220825,002,1795
1473.7715,1473.7928,16875,20364,Nyctalus noctula,0.015,0.025,-1,Echolocation,/mnt/ubna_data_01_mir/recover-20220825/UBNA_002/20220823_033000.WAV,Telephone Field,recover-20220825,002,1795
1473.7825,1473.8247,68437,82785,Rhinolophus ferrumequinum,0.024,0.024,-1,Echolocation,/mnt/ubna_data_01_mir/recover-20220825/UBNA_002/20220823_033000.WAV,Telephone Field,recover-20220825,002,1795
1473.8035,1473.8465,68437,83402,Rhinolophus ferrumequinum,0.03,0.03,-1,Echolocation,/mnt/ubna_data_01_mir/recover-20220825/UBNA_002/20220823_033000.WAV,Telephone Field,recover-20220825,002,1795
1473.8065,1473.8119,30625,68124,Myotis daubentonii,0.046,0.101,-1,Echolocation,/mnt/ubna_data_01_mir/recover-20220825/UBNA_002/20220823_033000.WAV,Telephone Field,recover-20220825,002,1795
1473.8075,1473.8118,37500,55285,Myotis daubentonii,0.068,0.13,-1,Echolocation,/mnt/ubna_data_01_mir/recover-20220825/UBNA_002/20220823_033000.WAV,Telephone Field,recover-20220825,002,1795
1473.8195,1473.8396,19453,22615,Nyctalus noctula,0.028,0.056,-1,Echolocation,/mnt/ubna_data_01_mir/recover-20220825/UBNA_002/20220823_033000.WAV,Telephone Field,recover-20220825,002,1795
1473.8355,1473.8758,68437,82553,Rhinolophus ferrumequinum,0.024,0.025,-1,Echolocation,/mnt/ubna_data_01_mir/recover-20220825/UBNA_002/20220823_033000.WAV,Telephone Field,recover-20220825,002,1795
1473.8415,1473.8519,27187,34577,Eptesicus serotinus,0.014,0.033,-1,Echolocation,/mnt/ubna_data_01_mir/recover-20220825/UBNA_002/20220823_033000.WAV,Telephone Field,recover-20220825,002,1795
1473.8675,1473.8756,27187,37552,Eptesicus serotinus,0.009,0.027,-1,Echolocation,/mnt/ubna_data_01_mir/recover-20220825/UBNA_002/20220823_033000.WAV,Telephone Field,recover-20220825,002,1795
1473.8865,1473.897,16015,23047,Nyctalus noctula,0.011,0.024,-1,Echolocation,/mnt/ubna_data_01_mir/recover-20220825/UBNA_002/20220823_033000.WAV,Telephone Field,recover-20220825,002,1795
1473.8895,1473.8951,40078,50801,Pipistrellus nathusii,0.134,0.37,-1,Echolocation,/mnt/ubna_data_01_mir/recover-20220825/UBNA_002/20220823_033000.WAV,Telephone Field,recover-20220825,002,1795
1473.9265,1473.9369,27187,34988,Eptesicus serotinus,0.011,0.024,-1,Echolocation,/mnt/ubna_data_01_mir/recover-20220825/UBNA_002/20220823_033000.WAV,Telephone Field,recover-20220825,002,1795
1473.9475,1473.9541,38359,50331,Myotis brandtii,0.013,0.039,-1,Echolocation,/mnt/ubna_data_01_mir/recover-20220825/UBNA_002/20220823_033000.WAV,Telephone Field,recover-20220825,002,1795
1473.9475,1473.954,29765,49402,Myotis daubentonii,0.015,0.027,-1,Echolocation,/mnt/ubna_data_01_mir/recover-20220825/UBNA_002/20220823_033000.WAV,Telephone Field,recover-20220825,002,1795
1473.9785,1473.9845,40078,50376,Pipistrellus nathusii,0.153,0.398,-1,Echolocation,/mnt/ubna_data_01_mir/recover-20220825/UBNA_002/20220823_033000.WAV,Telephone Field,recover-20220825,002,1795
1474.0015,1474.0106,46953,54737,Pipistrellus pipistrellus,0.014,0.025,-1,Echolocation,/mnt/ubna_data_01_mir/recover-20220825/UBNA_002/20220823_033000.WAV,Telephone Field,recover-20220825,002,1795
1474.0015,1474.0332,69296,81611,Rhinolophus ferrumequinum,0.049,0.05,-1,Echolocation,/mnt/ubna_data_01_mir/recover-20220825/UBNA_002/20220823_033000.WAV,Telephone Field,recover-20220825,002,1795
1474.0015,1474.0166,18593,23561,Nyctalus leisleri,0.01,0.026,-1,Echolocation,/mnt/ubna_data_01_mir/recover-20220825/UBNA_002/20220823_033000.WAV,Telephone Field,recover-20220825,002,1795
1474.0425,1474.05,41796,49540,Pipistrellus nathusii,0.209,0.317,-1,Echolocation,/mnt/ubna_data_01_mir/recover-20220825/UBNA_002/20220823_033000.WAV,Telephone Field,recover-20220825,002,1795
1474.0665,1474.103,68437,82145,Rhinolophus ferrumequinum,0.023,0.023,-1,Echolocation,/mnt/ubna_data_01_mir/recover-20220825/UBNA_002/20220823_033000.WAV,Telephone Field,recover-20220825,002,1795
1474.0725,1474.0815,40078,45260,Pipistrellus nathusii,0.025,0.04,-1,Echolocation,/mnt/ubna_data_01_mir/recover-20220825/UBNA_002/20220823_033000.WAV,Telephone Field,recover-20220825,002,1795
1474.0925,1474.1018,27187,34988,Eptesicus serotinus,0.01,0.025,-1,Echolocation,/mnt/ubna_data_01_mir/recover-20220825/UBNA_002/20220823_033000.WAV,Telephone Field,recover-20220825,002,1795
1474.0935,1474.1316,68437,82325,Rhinolophus ferrumequinum,0.022,0.022,-1,Echolocation,/mnt/ubna_data_01_mir/recover-20220825/UBNA_002/20220823_033000.WAV,Telephone Field,recover-20220825,002,1795
1474.1015,1474.1077,40078,50395,Pipistrellus nathusii,0.333,0.407,-1,Echolocation,/mnt/ubna_data_01_mir/recover-20220825/UBNA_002/20220823_033000.WAV,Telephone Field,recover-20220825,002,1795
1474.1325,1474.1415,28046,36370,Eptesicus serotinus,0.01,0.024,-1,Echolocation,/mnt/ubna_data_01_mir/recover-20220825/UBNA_002/20220823_033000.WAV,Telephone Field,recover-20220825,002,1795
1474.1375,1474.146,57265,67119,Pipistrellus pygmaeus,0.024,0.025,-1,Echolocation,/mnt/ubna_data_01_mir/recover-20220825/UBNA_002/20220823_033000.WAV,Telephone Field,recover-20220825,002,1795
1474.1565,1474.1672,53828,61288,Pipistrellus pygmaeus,0.026,0.027,-1,Echolocation,/mnt/ubna_data_01_mir/recover-20220825/UBNA_002/20220823_033000.WAV,Telephone Field,recover-20220825,002,1795
1474.1695,1474.1781,41796,48928,Pipistrellus nathusii,0.022,0.039,-1,Echolocation,/mnt/ubna_data_01_mir/recover-20220825/UBNA_002/20220823_033000.WAV,Telephone Field,recover-20220825,002,1795
1474.1905,1474.1971,39218,53006,Pipistrellus nathusii,0.429,0.506,-1,Echolocation,/mnt/ubna_data_01_mir/recover-20220825/UBNA_002/20220823_033000.WAV,Telephone Field,recover-20220825,002,1795
1474.2775,1474.2849,39218,49547,Pipistrellus nathusii,0.451,0.534,-1,Echolocation,/mnt/ubna_data_01_mir/recover-20220825/UBNA_002/20220823_033000.WAV,Telephone Field,recover-20220825,002,1795
1474.3315,1474.3401,27187,39391,Eptesicus serotinus,0.009,0.022,-1,Echolocation,/mnt/ubna_data_01_mir/recover-20220825/UBNA_002/20220823_033000.WAV,Telephone Field,recover-20220825,002,1795
1474.3385,1474.3447,34921,51595,Myotis brandtii,0.009,0.022,-1,Echolocation,/mnt/ubna_data_01_mir/recover-20220825/UBNA_002/20220823_033000.WAV,Telephone Field,recover-20220825,002,1795
1474.3405,1474.3773,68437,81754,Rhinolophus ferrumequinum,0.023,0.023,-1,Echolocation,/mnt/ubna_data_01_mir/recover-20220825/UBNA_002/20220823_033000.WAV,Telephone Field,recover-20220825,002,1795
1474.3465,1474.3835,68437,82109,Rhinolophus ferrumequinum,0.023,0.023,-1,Echolocation,/mnt/ubna_data_01_mir/recover-20220825/UBNA_002/20220823_033000.WAV,Telephone Field,recover-20220825,002,1795
1474.3555,1474.3645,28046,35234,Eptesicus serotinus,0.009,0.022,-1,Echolocation,/mnt/ubna_data_01_mir/recover-20220825/UBNA_002/20220823_033000.WAV,Telephone Field,recover-20220825,002,1795
1474.3685,1474.3755,39218,52695,Pipistrellus nathusii,0.55,0.622,-1,Echolocation,/mnt/ubna_data_01_mir/recover-20220825/UBNA_002/20220823_033000.WAV,Telephone Field,recover-20220825,002,1795
1474.3765,1474.3826,29765,39132,Myotis daubentonii,0.013,0.024,-1,Echolocation,/mnt/ubna_data_01_mir/recover-20220825/UBNA_002/20220823_033000.WAV,Telephone Field,recover-20220825,002,1795
1474.4005,1474.4067,33203,42409,Barbastellus barbastellus,0.011,0.028,-1,Echolocation,/mnt/ubna_data_01_mir/recover-20220825/UBNA_002/20220823_033000.WAV,Telephone Field,recover-20220825,002,1795
1474.4015,1474.4093,27187,38581,Eptesicus serotinus,0.01,0.029,-1,Echolocation,/mnt/ubna_data_01_mir/recover-20220825/UBNA_002/20220823_033000.WAV,Telephone Field,recover-20220825,002,1795
1474.4305,1474.4403,25468,32233,Eptesicus serotinus,0.009,0.022,-1,Echolocation,/mnt/ubna_data_01_mir/recover-20220825/UBNA_002/20220823_033000.WAV,Telephone Field,recover-20220825,002,1795
1474.4575,1474.4646,38359,47830,Pipistrellus nathusii,0.477,0.553,-1,Echolocation,/mnt/ubna_data_01_mir/recover-20220825/UBNA_002/20220823_033000.WAV,Telephone Field,recover-20220825,002,1795
1474.4655,1474.475,27187,34565,Eptesicus serotinus,0.009,0.028,-1,Echolocation,/mnt/ubna_data_01_mir/recover-20220825/UBNA_002/20220823_033000.WAV,Telephone Field,recover-20220825,002,1795
1474.4835,1474.4938,28046,35385,Eptesicus serotinus,0.01,0.023,-1,Echolocation,/mnt/ubna_data_01_mir/recover-20220825/UBNA_002/20220823_033000.WAV,Telephone Field,recover-20220825,002,1795
1474.4855,1474.5191,68437,81795,Rhinolophus ferrumequinum,0.022,0.022,-1,Echolocation,/mnt/ubna_data_01_mir/recover-20220825/UBNA_002/20220823_033000.WAV,Telephone Field,recover-20220825,002,1795
1474.4945,1474.5314,68437,81829,Rhinolophus ferrumequinum,0.025,0.025,-1,Echolocation,/mnt/ubna_data_01_mir/recover-20220825/UBNA_002/20220823_033000.WAV,Telephone Field,recover-20220825,002,1795
1474.4995,1474.5084,27187,36074,Eptesicus serotinus,0.01,0.027,-1,Echolocation,/mnt/ubna_data_01_mir/recover-20220825/UBNA_002/20220823_033000.WAV,Telephone Field,recover-20220825,002,1795
1474.5515,1474.5585,38359,54032,Pipistrellus nathusii,0.605,0.658,-1,Echolocation,/mnt/ubna_data_01_mir/recover-20220825/UBNA_002/20220823_033000.WAV,Telephone Field,recover-20220825,002,1795
1474.5605,1474.5687,27187,33783,Eptesicus serotinus,0.006,0.026,-1,Echolocation,/mnt/ubna_data_01_mir/recover-20220825/UBNA_002/20220823_033000.WAV,Telephone Field,recover-20220825,002,1795
1474.5675,1474.6061,68437,82703,Rhinolophus ferrumequinum,0.023,0.023,-1,Echolocation,/mnt/ubna_data_01_mir/recover-20220825/UBNA_002/20220823_033000.WAV,Telephone Field,recover-20220825,002,1795
1474.6285,1474.6358,28046,36618,Eptesicus serotinus,0.006,0.023,-1,Echolocation,/mnt/ubna_data_01_mir/recover-20220825/UBNA_002/20220823_033000.WAV,Telephone Field,recover-20220825,002,1795
1474.6415,1474.6476,48671,53314,Pipistrellus pipistrellus,0.016,0.025,-1,Echolocation,/mnt/ubna_data_01_mir/recover-20220825/UBNA_002/20220823_033000.WAV,Telephone Field,recover-20220825,002,1795
1474.6415,1474.6487,38359,51589,Pipistrellus nathusii,0.472,0.564,-1,Echolocation,/mnt/ubna_data_01_mir/recover-20220825/UBNA_002/20220823_033000.WAV,Telephone Field,recover-20220825,002,1795
1474.6495,1474.6552,29765,38261,Myotis daubentonii,0.013,0.026,-1,Echolocation,/mnt/ubna_data_01_mir/recover-20220825/UBNA_002/20220823_033000.WAV,Telephone Field,recover-20220825,002,1795
1474.7175,1474.7515,68437,81552,Rhinolophus ferrumequinum,0.022,0.022,-1,Echolocation,/mnt/ubna_data_01_mir/recover-20220825/UBNA_002/20220823_033000.WAV,Telephone Field,recover-20220825,002,1795
1474.7275,1474.7353,38359,54389,Pipistrellus nathusii,0.499,0.621,-1,Echolocation,/mnt/ubna_data_01_mir/recover-20220825/UBNA_002/20220823_033000.WAV,Telephone Field,recover-20220825,002,1795
1474.7285,1474.7342,49531,53593,Pipistrellus pipistrellus,0.016,0.03,-1,Echolocation,/mnt/ubna_data_01_mir/recover-20220825/UBNA_002/20220823_033000.WAV,Telephone Field,recover-20220825,002,1795
1474.7365,1474.7418,30625,40262,Myotis daubentonii,0.013,0.025,-1,Echolocation,/mnt/ubna_data_01_mir/recover-20220825/UBNA_002/20220823_033000.WAV,Telephone Field,recover-20220825,002,1795
1474.7445,1474.7805,68437,81252,Rhinolophus ferrumequinum,0.023,0.024,-1,Echolocation,/mnt/ubna_data_01_mir/recover-20220825/UBNA_002/20220823_033000.WAV,Telephone Field,recover-20220825,002,1795
1474.7835,1474.7922,28046,37333,Eptesicus serotinus,0.009,0.023,-1,Echolocation,/mnt/ubna_data_01_mir/recover-20220825/UBNA_002/20220823_033000.WAV,Telephone Field,recover-20220825,002,1795
1474.7875,1474.7969,40937,44949,Pipistrellus nathusii,0.022,0.032,-1,Echolocation,/mnt/ubna_data_01_mir/recover-20220825/UBNA_002/20220823_033000.WAV,Telephone Field,recover-20220825,002,1795
1474.8025,1474.8087,39218,56024,Myotis brandtii,0.008,0.022,-1,Echolocation,/mnt/ubna_data_01_mir/recover-20220825/UBNA_002/20220823_033000.WAV,Telephone Field,recover-20220825,002,1795
1474.8185,1474.8257,37500,54066,Pipistrellus nathusii,0.464,0.619,-1,Echolocation,/mnt/ubna_data_01_mir/recover-20220825/UBNA_002/20220823_033000.WAV,Telephone Field,recover-20220825,002,1795
1474.8275,1474.8338,31484,41716,Myotis daubentonii,0.011,0.023,-1,Echolocation,/mnt/ubna_data_01_mir/recover-20220825/UBNA_002/20220823_033000.WAV,Telephone Field,recover-20220825,002,1795
1474.8585,1474.8669,27187,37338,Eptesicus serotinus,0.008,0.022,-1,Echolocation,/mnt/ubna_data_01_mir/recover-20220825/UBNA_002/20220823_033000.WAV,Telephone Field,recover-20220825,002,1795
1474.8585,1474.8671,36640,42355,Pipistrellus nathusii,0.013,0.029,-1,Echolocation,/mnt/ubna_data_01_mir/recover-20220825/UBNA_002/20220823_033000.WAV,Telephone Field,recover-20220825,002,1795
1474.8775,1474.9147,68437,82151,Rhinolophus ferrumequinum,0.023,0.023,-1,Echolocation,/mnt/ubna_data_01_mir/recover-20220825/UBNA_002/20220823_033000.WAV,Telephone Field,recover-20220825,002,1795
1474.9035,1474.9113,38359,54214,Pipistrellus nathusii,0.426,0.578,-1,Echolocation,/mnt/ubna_data_01_mir/recover-20220825/UBNA_002/20220823_033000.WAV,Telephone Field,recover-20220825,002,1795
1474.9425,1474.9529,25468,31831,Eptesicus serotinus,0.013,0.032,-1,Echolocation,/mnt/ubna_data_01_mir/recover-20220825/UBNA_002/20220823_033000.WAV,Telephone Field,recover-20220825,002,1795
1474.9745,1474.9826,40937,47123,Pipistrellus nathusii,0.009,0.022,-1,Echolocation,/mnt/ubna_data_01_mir/recover-20220825/UBNA_002/20220823_033000.WAV,Telephone Field,recover-20220825,002,1795
1474.9785,1474.9854,28046,36837,Eptesicus serotinus,0.006,0.022,-1,Echolocation,/mnt/ubna_data_01_mir/recover-20220825/UBNA_002/20220823_033000.WAV,Telephone Field,recover-20220825,002,1795
1474.9815,1474.9922,54687,60690,Pipistrellus pygmaeus,0.022,0.022,-1,Echolocation,/mnt/ubna_data_01_mir/recover-20220825/UBNA_002/20220823_033000.WAV,Telephone Field,recover-20220825,002,1795
1474.9905,1474.9972,47812,53777,Pipistrellus pipistrellus,0.015,0.026,-1,Echolocation,/mnt/ubna_data_01_mir/recover-20220825/UBNA_002/20220823_033000.WAV,Telephone Field,recover-20220825,002,1795
1474.9925,1474.9996,38359,54987,Pipistrellus nathusii,0.495,0.618,-1,Echolocation,/mnt/ubna_data_01_mir/recover-20220825/UBNA_002/20220823_033000.WAV,Telephone Field,recover-20220825,002,1795
1475.0005,1475.0074,26328,33945,Eptesicus serotinus,0.005,0.024,-1,Echolocation,/mnt/ubna_data_01_mir/recover-20220825/UBNA_002/20220823_033000.WAV,Telephone Field,recover-20220825,002,1795
1475.0545,1475.0612,28046,37551,Eptesicus serotinus,0.006,0.022,-1,Echolocation,/mnt/ubna_data_01_mir/recover-20220825/UBNA_002/20220823_033000.WAV,Telephone Field,recover-20220825,002,1795
1475.0665,1475.1026,68437,82316,Rhinolophus ferrumequinum,0.022,0.022,-1,Echolocation,/mnt/ubna_data_01_mir/recover-20220825/UBNA_002/20220823_033000.WAV,Telephone Field,recover-20220825,002,1795
1475.0755,1475.0833,28046,35336,Eptesicus serotinus,0.007,0.022,-1,Echolocation,/mnt/ubna_data_01_mir/recover-20220825/UBNA_002/20220823_033000.WAV,Telephone Field,recover-20220825,002,1795
1475.0815,1475.0886,53828,60360,Pipistrellus pygmaeus,0.029,0.03,-1,Echolocation,/mnt/ubna_data_01_mir/recover-20220825/UBNA_002/20220823_033000.WAV,Telephone Field,recover-20220825,002,1795
1475.0865,1475.0929,37500,54517,Pipistrellus nathusii,0.263,0.453,-1,Echolocation,/mnt/ubna_data_01_mir/recover-20220825/UBNA_002/20220823_033000.WAV,Telephone Field,recover-20220825,002,1795
1475.0955,1475.1013,30625,41056,Myotis daubentonii,0.013,0.025,-1,Echolocation,/mnt/ubna_data_01_mir/recover-20220825/UBNA_002/20220823_033000.WAV,Telephone Field,recover-20220825,002,1795
1475.1205,1475.1534,68437,80838,Rhinolophus ferrumequinum,0.022,0.023,-1,Echolocation,/mnt/ubna_data_01_mir/recover-20220825/UBNA_002/20220823_033000.WAV,Telephone Field,recover-20220825,002,1795
1475.1395,1475.1492,28046,35703,Eptesicus serotinus,0.013,0.028,-1,Echolocation,/mnt/ubna_data_01_mir/recover-20220825/UBNA_002/20220823_033000.WAV,Telephone Field,recover-20220825,002,1795
1475.1515,1475.1638,22031,25011,Nyctalus leisleri,0.015,0.024,-1,Echolocation,/mnt/ubna_data_01_mir/recover-20220825/UBNA_002/20220823_033000.WAV,Telephone Field,recover-20220825,002,1795
1475.1515,1475.1887,68437,81756,Rhinolophus ferrumequinum,0.022,0.022,-1,Echolocation,/mnt/ubna_data_01_mir/recover-20220825/UBNA_002/20220823_033000.WAV,Telephone Field,recover-20220825,002,1795
1475.1575,1475.1929,68437,81627,Rhinolophus ferrumequinum,0.022,0.022,-1,Echolocation,/mnt/ubna_data_01_mir/recover-20220825/UBNA_002/20220823_033000.WAV,Telephone Field,recover-20220825,002,1795
1475.1605,1475.1675,40078,57805,Pipistrellus nathusii,0.584,0.657,-1,Echolocation,/mnt/ubna_data_01_mir/recover-20220825/UBNA_002/20220823_033000.WAV,Telephone Field,recover-20220825,002,1795
1475.1685,1475.1747,30625,39467,Myotis daubentonii,0.012,0.025,-1,Echolocation,/mnt/ubna_data_01_mir/recover-20220825/UBNA_002/20220823_033000.WAV,Telephone Field,recover-20220825,002,1795
1475.1945,1475.2034,28046,36876,Eptesicus serotinus,0.011,0.024,-1,Echolocation,/mnt/ubna_data_01_mir/recover-20220825/UBNA_002/20220823_033000.WAV,Telephone Field,recover-20220825,002,1795
1475.2075,1475.2203,15156,20414,Nyctalus noctula,0.016,0.026,-1,Echolocation,/mnt/ubna_data_01_mir/recover-20220825/UBNA_002/20220823_033000.WAV,Telephone Field,recover-20220825,002,1795
1475.2085,1475.2173,40078,44985,Pipistrellus nathusii,0.021,0.031,-1,Echolocation,/mnt/ubna_data_01_mir/recover-20220825/UBNA_002/20220823_033000.WAV,Telephone Field,recover-20220825,002,1795
1475.2705,1475.3066,68437,81694,Rhinolophus ferrumequinum,0.022,0.022,-1,Echolocation,/mnt/ubna_data_01_mir/recover-20220825/UBNA_002/20220823_033000.WAV,Telephone Field,recover-20220825,002,1795
1475.2765,1475.2843,36640,54312,Pipistrellus nathusii,0.583,0.645,-1,Echolocation,/mnt/ubna_data_01_mir/recover-20220825/UBNA_002/20220823_033000.WAV,Telephone Field,recover-20220825,002,1795
1475.2775,1475.3102,68437,81615,Rhinolophus ferrumequinum,0.022,0.023,-1,Echolocation,/mnt/ubna_data_01_mir/recover-20220825/UBNA_002/20220823_033000.WAV,Telephone Field,recover-20220825,002,1795
1475.2875,1475.2968,27187,32774,Eptesicus serotinus,0.006,0.022,-1,Echolocation,/mnt/ubna_data_01_mir/recover-20220825/UBNA_002/20220823_033000.WAV,Telephone Field,recover-20220825,002,1795
1475.3345,1475.343,27187,41199,Eptesicus serotinus,0.008,0.022,-1,Echolocation,/mnt/ubna_data_01_mir/recover-20220825/UBNA_002/20220823_033000.WAV,Telephone Field,recover-20220825,002,1795
1475.3635,1475.3706,49531,55591,Pipistrellus pipistrellus,0.014,0.028,-1,Echolocation,/mnt/ubna_data_01_mir/recover-20220825/UBNA_002/20220823_033000.WAV,Telephone Field,recover-20220825,002,1795
1475.3685,1475.3739,29765,56575,Myotis daubentonii,0.015,0.044,-1,Echolocation,/mnt/ubna_data_01_mir/recover-20220825/UBNA_002/20220823_033000.WAV,Telephone Field,recover-20220825,002,1795
1475.3695,1475.3772,37500,54794,Pipistrellus nathusii,0.531,0.595,-1,Echolocation,/mnt/ubna_data_01_mir/recover-20220825/UBNA_002/20220823_033000.WAV,Telephone Field,recover-20220825,002,1795
1475.3765,1475.3822,28906,36816,Myotis daubentonii,0.009,0.023,-1,Echolocation,/mnt/ubna_data_01_mir/recover-20220825/UBNA_002/20220823_033000.WAV,Telephone Field,recover-20220825,002,1795
1475.3975,1475.4085,28906,36525,Eptesicus serotinus,0.01,0.023,-1,Echolocation,/mnt/ubna_data_01_mir/recover-20220825/UBNA_002/20220823_033000.WAV,Telephone Field,recover-20220825,002,1795
1475.4485,1475.4576,55546,62468,Pipistrellus pygmaeus,0.026,0.026,-1,Echolocation,/mnt/ubna_data_01_mir/recover-20220825/UBNA_002/20220823_033000.WAV,Telephone Field,recover-20220825,002,1795
1475.4595,1475.4671,48671,52102,Pipistrellus pipistrellus,0.021,0.038,-1,Echolocation,/mnt/ubna_data_01_mir/recover-20220825/UBNA_002/20220823_033000.WAV,Telephone Field,recover-20220825,002,1795
1475.4665,1475.4727,36640,54713,Pipistrellus nathusii,0.48,0.579,-1,Echolocation,/mnt/ubna_data_01_mir/recover-20220825/UBNA_002/20220823_033000.WAV,Telephone Field,recover-20220825,002,1795
1475.4745,1475.4802,31484,40847,Myotis daubentonii,0.012,0.026,-1,Echolocation,/mnt/ubna_data_01_mir/recover-20220825/UBNA_002/20220823_033000.WAV,Telephone Field,recover-20220825,002,1795
1475.5155,1475.524,52109,56142,Pipistrellus pygmaeus,0.026,0.028,-1,Echolocation,/mnt/ubna_data_01_mir/recover-20220825/UBNA_002/20220823_033000.WAV,Telephone Field,recover-20220825,002,1795
1475.5155,1475.5213,31484,43204,Myotis daubentonii,0.028,0.062,-1,Echolocation,/mnt/ubna_data_01_mir/recover-20220825/UBNA_002/20220823_033000.WAV,Telephone Field,recover-20220825,002,1795
1475.5615,1475.5697,37500,56400,Pipistrellus nathusii,0.506,0.611,-1,Echolocation,/mnt/ubna_data_01_mir/recover-20220825/UBNA_002/20220823_033000.WAV,Telephone Field,recover-20220825,002,1795
1475.5705,1475.5768,31484,40660,Myotis daubentonii,0.011,0.025,-1,Echolocation,/mnt/ubna_data_01_mir/recover-20220825/UBNA_002/20220823_033000.WAV,Telephone Field,recover-20220825,002,1795
1475.5975,1475.6129,22031,25910,Nyctalus leisleri,0.016,0.032,-1,Echolocation,/mnt/ubna_data_01_mir/recover-20220825/UBNA_002/20220823_033000.WAV,Telephone Field,recover-20220825,002,1795
1475.6245,1475.6407,22031,25721,Nyctalus leisleri,0.017,0.031,-1,Echolocation,/mnt/ubna_data_01_mir/recover-20220825/UBNA_002/20220823_033000.WAV,Telephone Field,recover-20220825,002,1795
1475.6465,1475.6823,68437,81866,Rhinolophus ferrumequinum,0.023,0.023,-1,Echolocation,/mnt/ubna_data_01_mir/recover-20220825/UBNA_002/20220823_033000.WAV,Telephone Field,recover-20220825,002,1795
1475.6585,1475.6652,48671,52758,Pipistrellus pipistrellus,0.017,0.028,-1,Echolocation,/mnt/ubna_data_01_mir/recover-20220825/UBNA_002/20220823_033000.WAV,Telephone Field,recover-20220825,002,1795
1475.6595,1475.6672,35781,53106,Pipistrellus nathusii,0.453,0.58,-1,Echolocation,/mnt/ubna_data_01_mir/recover-20220825/UBNA_002/20220823_033000.WAV,Telephone Field,recover-20220825,002,1795
1475.6665,1475.6732,26328,34184,Eptesicus serotinus,0.005,0.022,-1,Echolocation,/mnt/ubna_data_01_mir/recover-20220825/UBNA_002/20220823_033000.WAV,Telephone Field,recover-20220825,002,1795
1475.6975,1475.7088,23750,28373,Nyctalus leisleri,0.013,0.026,-1,Echolocation,/mnt/ubna_data_01_mir/recover-20220825/UBNA_002/20220823_033000.WAV,Telephone Field,recover-20220825,002,1795
1475.7535,1475.7606,44375,57177,Pipistrellus pipistrellus,0.012,0.038,-1,Echolocation,/mnt/ubna_data_01_mir/recover-20220825/UBNA_002/20220823_033000.WAV,Telephone Field,recover-20220825,002,1795
1475.7555,1475.7641,36640,58245,Pipistrellus nathusii,0.527,0.638,-1,Echolocation,/mnt/ubna_data_01_mir/recover-20220825/UBNA_002/20220823_033000.WAV,Telephone Field,recover-20220825,002,1795
1475.7645,1475.7704,29765,40099,Myotis daubentonii,0.011,0.024,-1,Echolocation,/mnt/ubna_data_01_mir/recover-20220825/UBNA_002/20220823_033000.WAV,Telephone Field,recover-20220825,002,1795
1475.8215,1475.8375,22031,25607,Nyctalus leisleri,0.013,0.023,-1,Echolocation,/mnt/ubna_data_01_mir/recover-20220825/UBNA_002/20220823_033000.WAV,Telephone Field,recover-20220825,002,1795
1475.8275,1475.8356,27187,36398,Eptesicus serotinus,0.007,0.023,-1,Echolocation,/mnt/ubna_data_01_mir/recover-20220825/UBNA_002/20220823_033000.WAV,Telephone Field,recover-20220825,002,1795
1475.8285,1475.8409,21171,24800,Nyctalus leisleri,0.013,0.022,-1,Echolocation,/mnt/ubna_data_01_mir/recover-20220825/UBNA_002/20220823_033000.WAV,Telephone Field,recover-20220825,002,1795
1475.8525,1475.8591,37500,54074,Pipistrellus nathusii,0.498,0.578,-1,Echolocation,/mnt/ubna_data_01_mir/recover-20220825/UBNA_002/20220823_033000.WAV,Telephone Field,recover-20220825,002,1795
1475.8645,1475.8756,25468,30152,Nyctalus leisleri,0.019,0.042,-1,Echolocation,/mnt/ubna_data_01_mir/recover-20220825/UBNA_002/20220823_033000.WAV,Telephone Field,recover-20220825,002,1795
1475.9205,1475.9291,28046,37767,Eptesicus serotinus,0.009,0.024,-1,Echolocation,/mnt/ubna_data_01_mir/recover-20220825/UBNA_002/20220823_033000.WAV,Telephone Field,recover-20220825,002,1795
1475.9515,1475.9572,28906,55847,Myotis bechsteinii,0.008,0.035,-1,Echolocation,/mnt/ubna_data_01_mir/recover-20220825/UBNA_002/20220823_033000.WAV,Telephone Field,recover-20220825,002,1795
1475.9535,1475.9618,36640,57082,Pipistrellus nathusii,0.562,0.625,-1,Echolocation,/mnt/ubna_data_01_mir/recover-20220825/UBNA_002/20220823_033000.WAV,Telephone Field,recover-20220825,002,1795
1475.9605,1475.9677,26328,33316,Eptesicus serotinus,0.006,0.026,-1,Echolocation,/mnt/ubna_data_01_mir/recover-20220825/UBNA_002/20220823_033000.WAV,Telephone Field,recover-20220825,002,1795
1475.9625,1475.9686,34921,46470,Myotis brandtii,0.011,0.029,-1,Echolocation,/mnt/ubna_data_01_mir/recover-20220825/UBNA_002/20220823_033000.WAV,Telephone Field,recover-20220825,002,1795
1475.9865,1475.9965,25468,33409,Eptesicus serotinus,0.009,0.025,-1,Echolocation,/mnt/ubna_data_01_mir/recover-20220825/UBNA_002/20220823_033000.WAV,Telephone Field,recover-20220825,002,1795
1476.0015,1476.0327,68437,80133,Rhinolophus ferrumequinum,0.04,0.04,-1,Echolocation,/mnt/ubna_data_01_mir/recover-20220825/UBNA_002/20220823_033000.WAV,Telephone Field,recover-20220825,002,1795
1476.0015,1476.0101,25468,33180,Nyctalus leisleri,0.007,0.024,-1,Echolocation,/mnt/ubna_data_01_mir/recover-20220825/UBNA_002/20220823_033000.WAV,Telephone Field,recover-20220825,002,1795
1476.0015,1476.0106,29765,37568,Eptesicus serotinus,0.007,0.023,-1,Echolocation,/mnt/ubna_data_01_mir/recover-20220825/UBNA_002/20220823_033000.WAV,Telephone Field,recover-20220825,002,1795
1476.0085,1476.0477,68437,81648,Rhinolophus ferrumequinum,0.022,0.022,-1,Echolocation,/mnt/ubna_data_01_mir/recover-20220825/UBNA_002/20220823_033000.WAV,Telephone Field,recover-20220825,002,1795
1476.0195,1476.0282,28046,33664,Eptesicus serotinus,0.011,0.026,-1,Echolocation,/mnt/ubna_data_01_mir/recover-20220825/UBNA_002/20220823_033000.WAV,Telephone Field,recover-20220825,002,1795
1476.0325,1476.0393,37500,60251,Pipistrellus nathusii,0.501,0.593,-1,Echolocation,/mnt/ubna_data_01_mir/recover-20220825/UBNA_002/20220823_033000.WAV,Telephone Field,recover-20220825,002,1795
1476.0325,1476.0379,28906,61823,Barbastellus barbastellus,0.014,0.05,-1,Echolocation,/mnt/ubna_data_01_mir/recover-20220825/UBNA_002/20220823_033000.WAV,Telephone Field,recover-20220825,002,1795
1476.0415,1476.047,34921,45970,Myotis brandtii,0.011,0.029,-1,Echolocation,/mnt/ubna_data_01_mir/recover-20220825/UBNA_002/20220823_033000.WAV,Telephone Field,recover-20220825,002,1795
1476.0415,1476.047,28906,39595,Myotis daubentonii,0.011,0.026,-1,Echolocation,/mnt/ubna_data_01_mir/recover-20220825/UBNA_002/20220823_033000.WAV,Telephone Field,recover-20220825,002,1795
1476.1105,1476.1172,38359,60146,Pipistrellus nathusii,0.527,0.662,-1,Echolocation,/mnt/ubna_data_01_mir/recover-20220825/UBNA_002/20220823_033000.WAV,Telephone Field,recover-20220825,002,1795
1476.1265,1476.1619,68437,81394,Rhinolophus ferrumequinum,0.022,0.022,-1,Echolocation,/mnt/ubna_data_01_mir/recover-20220825/UBNA_002/20220823_033000.WAV,Telephone Field,recover-20220825,002,1795
1476.1335,1476.142,28046,40967,Eptesicus serotinus,0.009,0.022,-1,Echolocation,/mnt/ubna_data_01_mir/recover-20220825/UBNA_002/20220823_033000.WAV,Telephone Field,recover-20220825,002,1795
1476.1675,1476.2052,68437,82177,Rhinolophus ferrumequinum,0.023,0.023,-1,Echolocation,/mnt/ubna_data_01_mir/recover-20220825/UBNA_002/20220823_033000.WAV,Telephone Field,recover-20220825,002,1795
1476.1695,1476.1785,28046,34743,Eptesicus serotinus,0.009,0.026,-1,Echolocation,/mnt/ubna_data_01_mir/recover-20220825/UBNA_002/20220823_033000.WAV,Telephone Field,recover-20220825,002,1795
1476.1835,1476.1909,49531,55739,Pipistrellus pipistrellus,0.015,0.028,-1,Echolocation,/mnt/ubna_data_01_mir/recover-20220825/UBNA_002/20220823_033000.WAV,Telephone Field,recover-20220825,002,1795
1476.1865,1476.1929,38359,61477,Pipistrellus nathusii,0.534,0.644,-1,Echolocation,/mnt/ubna_data_01_mir/recover-20220825/UBNA_002/20220823_033000.WAV,Telephone Field,recover-20220825,002,1795
1476.2005,1476.2109,22890,27239,Nyctalus leisleri,0.011,0.023,-1,Echolocation,/mnt/ubna_data_01_mir/recover-20220825/UBNA_002/20220823_033000.WAV,Telephone Field,recover-20220825,002,1795
1476.2275,1476.2359,28046,37184,Eptesicus serotinus,0.009,0.023,-1,Echolocation,/mnt/ubna_data_01_mir/recover-20220825/UBNA_002/20220823_033000.WAV,Telephone Field,recover-20220825,002,1795
1476.2445,1476.2505,34062,53797,Myotis brandtii,0.009,0.022,-1,Echolocation,/mnt/ubna_data_01_mir/recover-20220825/UBNA_002/20220823_033000.WAV,Telephone Field,recover-20220825,002,1795
1476.2585,1476.2655,49531,55194,Pipistrellus pipistrellus,0.016,0.027,-1,Echolocation,/mnt/ubna_data_01_mir/recover-20220825/UBNA_002/20220823_033000.WAV,Telephone Field,recover-20220825,002,1795
1476.2605,1476.2673,38359,59098,Pipistrellus nathusii,0.488,0.668,-1,Echolocation,/mnt/ubna_data_01_mir/recover-20220825/UBNA_002/20220823_033000.WAV,Telephone Field,recover-20220825,002,1795
1476.2705,1476.2766,30625,40747,Myotis daubentonii,0.012,0.024,-1,Echolocation,/mnt/ubna_data_01_mir/recover-20220825/UBNA_002/20220823_033000.WAV,Telephone Field,recover-20220825,002,1795
1476.2925,1476.3298,68437,81993,Rhinolophus ferrumequinum,0.022,0.022,-1,Echolocation,/mnt/ubna_data_01_mir/recover-20220825/UBNA_002/20220823_033000.WAV,Telephone Field,recover-20220825,002,1795
1476.3245,1476.3325,27187,35601,Eptesicus serotinus,0.007,0.022,-1,Echolocation,/mnt/ubna_data_01_mir/recover-20220825/UBNA_002/20220823_033000.WAV,Telephone Field,recover-20220825,002,1795
1476.3395,1476.3562,16015,20822,Nyctalus noctula,0.018,0.029,-1,Echolocation,/mnt/ubna_data_01_mir/recover-20220825/UBNA_002/20220823_033000.WAV,Telephone Field,recover-20220825,002,1795
1476.3405,1476.3461,37500,57810,Pipistrellus nathusii,0.329,0.529,-1,Echolocation,/mnt/ubna_data_01_mir/recover-20220825/UBNA_002/20220823_033000.WAV,Telephone Field,recover-20220825,002,1795
1476.3495,1476.3551,34921,49253,Myotis brandtii,0.012,0.027,-1,Echolocation,/mnt/ubna_data_01_mir/recover-20220825/UBNA_002/20220823_033000.WAV,Telephone Field,recover-20220825,002,1795
1476.3835,1476.3913,27187,37592,Eptesicus serotinus,0.007,0.022,-1,Echolocation,/mnt/ubna_data_01_mir/recover-20220825/UBNA_002/20220823_033000.WAV,Telephone Field,recover-20220825,002,1795
1476.3975,1476.406,27187,35751,Eptesicus serotinus,0.009,0.023,-1,Echolocation,/mnt/ubna_data_01_mir/recover-20220825/UBNA_002/20220823_033000.WAV,Telephone Field,recover-20220825,002,1795
1476.4045,1476.4129,28046,35227,Eptesicus serotinus,0.008,0.023,-1,Echolocation,/mnt/ubna_data_01_mir/recover-20220825/UBNA_002/20220823_033000.WAV,Telephone Field,recover-20220825,002,1795
1476.4205,1476.4257,40078,54845,Pipistrellus nathusii,0.352,0.407,-1,Echolocation,/mnt/ubna_data_01_mir/recover-20220825/UBNA_002/20220823_033000.WAV,Telephone Field,recover-20220825,002,1795
1476.4295,1476.4362,30625,41014,Myotis daubentonii,0.011,0.022,-1,Echolocation,/mnt/ubna_data_01_mir/recover-20220825/UBNA_002/20220823_033000.WAV,Telephone Field,recover-20220825,002,1795
1476.4625,1476.4694,34062,42756,Barbastellus barbastellus,0.008,0.022,-1,Echolocation,/mnt/ubna_data_01_mir/recover-20220825/UBNA_002/20220823_033000.WAV,Telephone Field,recover-20220825,002,1795
1476.4645,1476.4726,27187,37757,Eptesicus serotinus,0.009,0.025,-1,Echolocation,/mnt/ubna_data_01_mir/recover-20220825/UBNA_002/20220823_033000.WAV,Telephone Field,recover-20220825,002,1795
1476.4905,1476.4968,40937,50968,Pipistrellus nathusii,0.23,0.39,-1,Echolocation,/mnt/ubna_data_01_mir/recover-20220825/UBNA_002/20220823_033000.WAV,Telephone Field,recover-20220825,002,1795
1476.5205,1476.5306,27187,34427,Eptesicus serotinus,0.011,0.022,-1,Echolocation,/mnt/ubna_data_01_mir/recover-20220825/UBNA_002/20220823_033000.WAV,Telephone Field,recover-20220825,002,1795
1476.5375,1476.5429,41796,51234,Pipistrellus nathusii,0.374,0.447,-1,Echolocation,/mnt/ubna_data_01_mir/recover-20220825/UBNA_002/20220823_033000.WAV,Telephone Field,recover-20220825,002,1795
1476.5585,1476.5978,68437,82494,Rhinolophus ferrumequinum,0.022,0.022,-1,Echolocation,/mnt/ubna_data_01_mir/recover-20220825/UBNA_002/20220823_033000.WAV,Telephone Field,recover-20220825,002,1795
1476.5635,1476.6021,68437,82583,Rhinolophus ferrumequinum,0.022,0.022,-1,Echolocation,/mnt/ubna_data_01_mir/recover-20220825/UBNA_002/20220823_033000.WAV,Telephone Field,recover-20220825,002,1795
1476.5785,1476.5849,40937,50375,Pipistrellus nathusii,0.189,0.262,-1,Echolocation,/mnt/ubna_data_01_mir/recover-20220825/UBNA_002/20220823_033000.WAV,Telephone Field,recover-20220825,002,1795
1476.6045,1476.6122,41796,48920,Pipistrellus nathusii,0.012,0.026,-1,Echolocation,/mnt/ubna_data_01_mir/recover-20220825/UBNA_002/20220823_033000.WAV,Telephone Field,recover-20220825,002,1795
1476.6595,1476.6959,68437,81401,Rhinolophus ferrumequinum,0.024,0.024,-1,Echolocation,/mnt/ubna_data_01_mir/recover-20220825/UBNA_002/20220823_033000.WAV,Telephone Field,recover-20220825,002,1795
1476.6675,1476.6748,41796,49088,Pipistrellus nathusii,0.026,0.058,-1,Echolocation,/mnt/ubna_data_01_mir/recover-20220825/UBNA_002/20220823_033000.WAV,Telephone Field,recover-20220825,002,1795
1476.6725,1476.6785,33203,53773,Myotis brandtii,0.02,0.046,-1,Echolocation,/mnt/ubna_data_01_mir/recover-20220825/UBNA_002/20220823_033000.WAV,Telephone Field,recover-20220825,002,1795
1476.6865,1476.6926,29765,40311,Myotis daubentonii,0.011,0.03,-1,Echolocation,/mnt/ubna_data_01_mir/recover-20220825/UBNA_002/20220823_033000.WAV,Telephone Field,recover-20220825,002,1795
1476.7055,1476.7258,21171,24074,Nyctalus leisleri,0.016,0.029,-1,Echolocation,/mnt/ubna_data_01_mir/recover-20220825/UBNA_002/20220823_033000.WAV,Telephone Field,recover-20220825,002,1795
1476.7215,1476.7302,37500,46244,Pipistrellus nathusii,0.023,0.037,-1,Echolocation,/mnt/ubna_data_01_mir/recover-20220825/UBNA_002/20220823_033000.WAV,Telephone Field,recover-20220825,002,1795
1476.7345,1476.7699,68437,81763,Rhinolophus ferrumequinum,0.023,0.023,-1,Echolocation,/mnt/ubna_data_01_mir/recover-20220825/UBNA_002/20220823_033000.WAV,Telephone Field,recover-20220825,002,1795
1476.7385,1476.7455,37500,48601,Myotis brandtii,0.009,0.025,-1,Echolocation,/mnt/ubna_data_01_mir/recover-20220825/UBNA_002/20220823_033000.WAV,Telephone Field,recover-20220825,002,1795
1476.7395,1476.7458,26328,41546,Eptesicus serotinus,0.006,0.023,-1,Echolocation,/mnt/ubna_data_01_mir/recover-20220825/UBNA_002/20220823_033000.WAV,Telephone Field,recover-20220825,002,1795
1476.7895,1476.8023,22031,26583,Nyctalus leisleri,0.009,0.022,-1,Echolocation,/mnt/ubna_data_01_mir/recover-20220825/UBNA_002/20220823_033000.WAV,Telephone Field,recover-20220825,002,1795
1476.8075,1476.8171,28046,35087,Eptesicus serotinus,0.009,0.023,-1,Echolocation,/mnt/ubna_data_01_mir/recover-20220825/UBNA_002/20220823_033000.WAV,Telephone Field,recover-20220825,002,1795
1476.8325,1476.8379,39218,58843,Pipistrellus nathusii,0.477,0.554,-1,Echolocation,/mnt/ubna_data_01_mir/recover-20220825/UBNA_002/20220823_033000.WAV,Telephone Field,recover-20220825,002,1795
1476.8405,1476.8473,26328,36887,Eptesicus serotinus,0.006,0.027,-1,Echolocation,/mnt/ubna_data_01_mir/recover-20220825/UBNA_002/20220823_033000.WAV,Telephone Field,recover-20220825,002,1795
1476.8415,1476.8468,30625,43179,Myotis daubentonii,0.013,0.028,-1,Echolocation,/mnt/ubna_data_01_mir/recover-20220825/UBNA_002/20220823_033000.WAV,Telephone Field,recover-20220825,002,1795
1476.8945,1476.9009,40078,55028,Pipistrellus nathusii,0.324,0.475,-1,Echolocation,/mnt/ubna_data_01_mir/recover-20220825/UBNA_002/20220823_033000.WAV,Telephone Field,recover-20220825,002,1795
1476.9045,1476.9107,30625,40836,Myotis daubentonii,0.013,0.024,-1,Echolocation,/mnt/ubna_data_01_mir/recover-20220825/UBNA_002/20220823_033000.WAV,Telephone Field,recover-20220825,002,1795
1476.9105,1476.9462,68437,81468,Rhinolophus ferrumequinum,0.023,0.023,-1,Echolocation,/mnt/ubna_data_01_mir/recover-20220825/UBNA_002/20220823_033000.WAV,Telephone Field,recover-20220825,002,1795
1476.9205,1476.9298,26328,34611,Eptesicus serotinus,0.009,0.022,-1,Echolocation,/mnt/ubna_data_01_mir/recover-20220825/UBNA_002/20220823_033000.WAV,Telephone Field,recover-20220825,002,1795
1476.9695,1476.9766,48671,54897,Pipistrellus pipistrellus,0.022,0.037,-1,Echolocation,/mnt/ubna_data_01_mir/recover-20220825/UBNA_002/20220823_033000.WAV,Telephone Field,recover-20220825,002,1795
1476.9705,1476.9768,36640,59533,Pipistrellus nathusii,0.419,0.59,-1,Echolocation,/mnt/ubna_data_01_mir/recover-20220825/UBNA_002/20220823_033000.WAV,Telephone Field,recover-20220825,002,1795
1476.9805,1476.9865,28906,40390,Myotis daubentonii,0.011,0.025,-1,Echolocation,/mnt/ubna_data_01_mir/recover-20220825/UBNA_002/20220823_033000.WAV,Telephone Field,recover-20220825,002,1795
1476.9805,1476.9867,34921,49769,Myotis brandtii,0.01,0.024,-1,Echolocation,/mnt/ubna_data_01_mir/recover-20220825/UBNA_002/20220823_033000.WAV,Telephone Field,recover-20220825,002,1795
1477.0235,1477.0328,28046,36275,Eptesicus serotinus,0.012,0.026,-1,Echolocation,/mnt/ubna_data_01_mir/recover-20220825/UBNA_002/20220823_033000.WAV,Telephone Field,recover-20220825,002,1795
1477.0535,1477.0607,40078,50204,Pipistrellus nathusii,0.363,0.511,-1,Echolocation,/mnt/ubna_data_01_mir/recover-20220825/UBNA_002/20220823_033000.WAV,Telephone Field,recover-20220825,002,1795
1477.0625,1477.0687,30625,38158,Myotis daubentonii,0.013,0.031,-1,Echolocation,/mnt/ubna_data_01_mir/recover-20220825/UBNA_002/20220823_033000.WAV,Telephone Field,recover-20220825,002,1795
1477.0665,1477.0802,51250,55104,Pipistrellus pygmaeus,0.043,0.049,-1,Echolocation,/mnt/ubna_data_01_mir/recover-20220825/UBNA_002/20220823_033000.WAV,Telephone Field,recover-20220825,002,1795
1477.0945,1477.1025,45234,48845,Pipistrellus pipistrellus,0.037,0.045,-1,Echolocation,/mnt/ubna_data_01_mir/recover-20220825/UBNA_002/20220823_033000.WAV,Telephone Field,recover-20220825,002,1795
1477.1195,1477.1254,35781,51857,Myotis brandtii,0.012,0.027,-1,Echolocation,/mnt/ubna_data_01_mir/recover-20220825/UBNA_002/20220823_033000.WAV,Telephone Field,recover-20220825,002,1795
1477.1235,1477.1289,31484,44184,Myotis daubentonii,0.009,0.027,-1,Echolocation,/mnt/ubna_data_01_mir/recover-20220825/UBNA_002/20220823_033000.WAV,Telephone Field,recover-20220825,002,1795
1477.1345,1477.141,40078,53363,Pipistrellus nathusii,0.411,0.55,-1,Echolocation,/mnt/ubna_data_01_mir/recover-20220825/UBNA_002/20220823_033000.WAV,Telephone Field,recover-20220825,002,1795
1477.1355,1477.1411,48671,53232,Pipistrellus pipistrellus,0.017,0.03,-1,Echolocation,/mnt/ubna_data_01_mir/recover-20220825/UBNA_002/20220823_033000.WAV,Telephone Field,recover-20220825,002,1795
1477.1555,1477.1966,68437,82427,Rhinolophus ferrumequinum,0.022,0.022,-1,Echolocation,/mnt/ubna_data_01_mir/recover-20220825/UBNA_002/20220823_033000.WAV,Telephone Field,recover-20220825,002,1795
1477.2005,1477.2065,36640,51637,Myotis brandtii,0.01,0.025,-1,Echolocation,/mnt/ubna_data_01_mir/recover-20220825/UBNA_002/20220823_033000.WAV,Telephone Field,recover-20220825,002,1795
1477.2035,1477.2113,27187,35335,Eptesicus serotinus,0.007,0.022,-1,Echolocation,/mnt/ubna_data_01_mir/recover-20220825/UBNA_002/20220823_033000.WAV,Telephone Field,recover-20220825,002,1795
1477.2145,1477.2207,40078,51898,Pipistrellus nathusii,0.302,0.477,-1,Echolocation,/mnt/ubna_data_01_mir/recover-20220825/UBNA_002/20220823_033000.WAV,Telephone Field,recover-20220825,002,1795
1477.2235,1477.2299,31484,39443,Myotis daubentonii,0.012,0.022,-1,Echolocation,/mnt/ubna_data_01_mir/recover-20220825/UBNA_002/20220823_033000.WAV,Telephone Field,recover-20220825,002,1795
1477.2405,1477.2511,56406,62769,Pipistrellus pygmaeus,0.045,0.046,-1,Echolocation,/mnt/ubna_data_01_mir/recover-20220825/UBNA_002/20220823_033000.WAV,Telephone Field,recover-20220825,002,1795
1477.3005,1477.3064,39218,55489,Pipistrellus nathusii,0.269,0.438,-1,Echolocation,/mnt/ubna_data_01_mir/recover-20220825/UBNA_002/20220823_033000.WAV,Telephone Field,recover-20220825,002,1795
1477.3015,1477.3072,48671,52875,Pipistrellus pipistrellus,0.016,0.028,-1,Echolocation,/mnt/ubna_data_01_mir/recover-20220825/UBNA_002/20220823_033000.WAV,Telephone Field,recover-20220825,002,1795
1477.3505,1477.3576,40078,57256,Myotis brandtii,0.01,0.023,-1,Echolocation,/mnt/ubna_data_01_mir/recover-20220825/UBNA_002/20220823_033000.WAV,Telephone Field,recover-20220825,002,1795
1477.3535,1477.36,54687,62881,Pipistrellus pygmaeus,0.029,0.029,-1,Echolocation,/mnt/ubna_data_01_mir/recover-20220825/UBNA_002/20220823_033000.WAV,Telephone Field,recover-20220825,002,1795
1477.3795,1477.3975,21171,24609,Nyctalus leisleri,0.015,0.029,-1,Echolocation,/mnt/ubna_data_01_mir/recover-20220825/UBNA_002/20220823_033000.WAV,Telephone Field,recover-20220825,002,1795
1477.3875,1477.3937,38359,51232,Pipistrellus nathusii,0.136,0.323,-1,Echolocation,/mnt/ubna_data_01_mir/recover-20220825/UBNA_002/20220823_033000.WAV,Telephone Field,recover-20220825,002,1795
1477.3985,1477.4071,27187,34108,Eptesicus serotinus,0.007,0.024,-1,Echolocation,/mnt/ubna_data_01_mir/recover-20220825/UBNA_002/20220823_033000.WAV,Telephone Field,recover-20220825,002,1795
1477.4135,1477.4228,28046,36054,Eptesicus serotinus,0.009,0.022,-1,Echolocation,/mnt/ubna_data_01_mir/recover-20220825/UBNA_002/20220823_033000.WAV,Telephone Field,recover-20220825,002,1795
1477.4285,1477.4384,28046,35704,Eptesicus serotinus,0.011,0.027,-1,Echolocation,/mnt/ubna_data_01_mir/recover-20220825/UBNA_002/20220823_033000.WAV,Telephone Field,recover-20220825,002,1795
1477.4585,1477.4674,32343,38630,Barbastellus barbastellus,0.011,0.029,-1,Echolocation,/mnt/ubna_data_01_mir/recover-20220825/UBNA_002/20220823_033000.WAV,Telephone Field,recover-20220825,002,1795
1477.4595,1477.4669,27187,35727,Eptesicus serotinus,0.009,0.029,-1,Echolocation,/mnt/ubna_data_01_mir/recover-20220825/UBNA_002/20220823_033000.WAV,Telephone Field,recover-20220825,002,1795
1477.4755,1477.4819,39218,52230,Pipistrellus nathusii,0.356,0.553,-1,Echolocation,/mnt/ubna_data_01_mir/recover-20220825/UBNA_002/20220823_033000.WAV,Telephone Field,recover-20220825,002,1795
1477.5035,1477.5111,47812,52468,Pipistrellus pipistrellus,0.022,0.028,-1,Echolocation,/mnt/ubna_data_01_mir/recover-20220825/UBNA_002/20220823_033000.WAV,Telephone Field,recover-20220825,002,1795
1477.5275,1477.5341,27187,40987,Eptesicus serotinus,0.006,0.025,-1,Echolocation,/mnt/ubna_data_01_mir/recover-20220825/UBNA_002/20220823_033000.WAV,Telephone Field,recover-20220825,002,1795
1477.5315,1477.5695,68437,81768,Rhinolophus ferrumequinum,0.022,0.022,-1,Echolocation,/mnt/ubna_data_01_mir/recover-20220825/UBNA_002/20220823_033000.WAV,Telephone Field,recover-20220825,002,1795
1477.5315,1477.5414,42656,49429,Pipistrellus nathusii,0.017,0.03,-1,Echolocation,/mnt/ubna_data_01_mir/recover-20220825/UBNA_002/20220823_033000.WAV,Telephone Field,recover-20220825,002,1795
1477.5595,1477.5661,40078,51114,Pipistrellus nathusii,0.282,0.45,-1,Echolocation,/mnt/ubna_data_01_mir/recover-20220825/UBNA_002/20220823_033000.WAV,Telephone Field,recover-20220825,002,1795
1477.5975,1477.6068,28046,35492,Eptesicus serotinus,0.01,0.025,-1,Echolocation,/mnt/ubna_data_01_mir/recover-20220825/UBNA_002/20220823_033000.WAV,Telephone Field,recover-20220825,002,1795
1477.6435,1477.6494,40937,50399,Pipistrellus nathusii,0.385,0.489,-1,Echolocation,/mnt/ubna_data_01_mir/recover-20220825/UBNA_002/20220823_033000.WAV,Telephone Field,recover-20220825,002,1795
1477.6745,1477.681,30625,45230,Myotis daubentonii,0.013,0.029,-1,Echolocation,/mnt/ubna_data_01_mir/recover-20220825/UBNA_002/20220823_033000.WAV,Telephone Field,recover-20220825,002,1795
1477.6835,1477.6912,46093,50425,Pipistrellus pipistrellus,0.017,0.024,-1,Echolocation,/mnt/ubna_data_01_mir/recover-20220825/UBNA_002/20220823_033000.WAV,Telephone Field,recover-20220825,002,1795
1477.6905,1477.6994,27187,35721,Eptesicus serotinus,0.009,0.024,-1,Echolocation,/mnt/ubna_data_01_mir/recover-20220825/UBNA_002/20220823_033000.WAV,Telephone Field,recover-20220825,002,1795
1477.7245,1477.7318,40937,48541,Pipistrellus nathusii,0.222,0.307,-1,Echolocation,/mnt/ubna_data_01_mir/recover-20220825/UBNA_002/20220823_033000.WAV,Telephone Field,recover-20220825,002,1795
1477.7415,1477.777,68437,80644,Rhinolophus ferrumequinum,0.023,0.023,-1,Echolocation,/mnt/ubna_data_01_mir/recover-20220825/UBNA_002/20220823_033000.WAV,Telephone Field,recover-20220825,002,1795
1477.8155,1477.8213,36640,52790,Pipistrellus nathusii,0.299,0.462,-1,Echolocation,/mnt/ubna_data_01_mir/recover-20220825/UBNA_002/20220823_033000.WAV,Telephone Field,recover-20220825,002,1795
1477.8255,1477.8341,27187,34517,Eptesicus serotinus,0.009,0.028,-1,Echolocation,/mnt/ubna_data_01_mir/recover-20220825/UBNA_002/20220823_033000.WAV,Telephone Field,recover-20220825,002,1795
1477.8465,1477.8539,27187,37423,Eptesicus serotinus,0.009,0.028,-1,Echolocation,/mnt/ubna_data_01_mir/recover-20220825/UBNA_002/20220823_033000.WAV,Telephone Field,recover-20220825,002,1795
1477.8505,1477.8677,20312,24473,Nyctalus noctula,0.018,0.04,-1,Echolocation,/mnt/ubna_data_01_mir/recover-20220825/UBNA_002/20220823_033000.WAV,Telephone Field,recover-20220825,002,1795
1477.8515,1477.8592,42656,51963,Pipistrellus nathusii,0.01,0.024,-1,Echolocation,/mnt/ubna_data_01_mir/recover-20220825/UBNA_002/20220823_033000.WAV,Telephone Field,recover-20220825,002,1795
1477.8595,1477.8678,53828,59494,Pipistrellus pygmaeus,0.026,0.027,-1,Echolocation,/mnt/ubna_data_01_mir/recover-20220825/UBNA_002/20220823_033000.WAV,Telephone Field,recover-20220825,002,1795
1477.8845,1477.9213,68437,82015,Rhinolophus ferrumequinum,0.027,0.027,-1,Echolocation,/mnt/ubna_data_01_mir/recover-20220825/UBNA_002/20220823_033000.WAV,Telephone Field,recover-20220825,002,1795
1477.8845,1477.8956,33203,38583,Pipistrellus nathusii,0.012,0.022,-1,Echolocation,/mnt/ubna_data_01_mir/recover-20220825/UBNA_002/20220823_033000.WAV,Telephone Field,recover-20220825,002,1795
1477.9095,1477.9163,38359,53798,Pipistrellus nathusii,0.384,0.555,-1,Echolocation,/mnt/ubna_data_01_mir/recover-20220825/UBNA_002/20220823_033000.WAV,Telephone Field,recover-20220825,002,1795
1477.9185,1477.9254,32343,40872,Myotis daubentonii,0.009,0.022,-1,Echolocation,/mnt/ubna_data_01_mir/recover-20220825/UBNA_002/20220823_033000.WAV,Telephone Field,recover-20220825,002,1795
1477.9205,1477.9285,27187,34246,Eptesicus serotinus,0.006,0.024,-1,Echolocation,/mnt/ubna_data_01_mir/recover-20220825/UBNA_002/20220823_033000.WAV,Telephone Field,recover-20220825,002,1795
1477.9685,1477.977,27187,38198,Eptesicus serotinus,0.008,0.024,-1,Echolocation,/mnt/ubna_data_01_mir/recover-20220825/UBNA_002/20220823_033000.WAV,Telephone Field,recover-20220825,002,1795
1477.9785,1477.9873,57265,68199,Pipistrellus pygmaeus,0.035,0.035,-1,Echolocation,/mnt/ubna_data_01_mir/recover-20220825/UBNA_002/20220823_033000.WAV,Telephone Field,recover-20220825,002,1795
1478.0015,1478.0249,68437,80174,Rhinolophus ferrumequinum,0.025,0.025,-1,Echolocation,/mnt/ubna_data_01_mir/recover-20220825/UBNA_002/20220823_033000.WAV,Telephone Field,recover-20220825,002,1795
1478.0045,1478.0122,38359,52185,Pipistrellus nathusii,0.377,0.497,-1,Echolocation,/mnt/ubna_data_01_mir/recover-20220825/UBNA_002/20220823_033000.WAV,Telephone Field,recover-20220825,002,1795
1478.0125,1478.0206,28046,36696,Eptesicus serotinus,0.008,0.026,-1,Echolocation,/mnt/ubna_data_01_mir/recover-20220825/UBNA_002/20220823_033000.WAV,Telephone Field,recover-20220825,002,1795
1478.0245,1478.0673,68437,83321,Rhinolophus ferrumequinum,0.041,0.041,-1,Echolocation,/mnt/ubna_data_01_mir/recover-20220825/UBNA_002/20220823_033000.WAV,Telephone Field,recover-20220825,002,1795
1478.0425,1478.0511,28046,38194,Eptesicus serotinus,0.008,0.023,-1,Echolocation,/mnt/ubna_data_01_mir/recover-20220825/UBNA_002/20220823_033000.WAV,Telephone Field,recover-20220825,002,1795
1478.0695,1478.105,68437,82107,Rhinolophus ferrumequinum,0.023,0.023,-1,Echolocation,/mnt/ubna_data_01_mir/recover-20220825/UBNA_002/20220823_033000.WAV,Telephone Field,recover-20220825,002,1795
1478.0775,1478.1131,68437,81495,Rhinolophus ferrumequinum,0.025,0.026,-1,Echolocation,/mnt/ubna_data_01_mir/recover-20220825/UBNA_002/20220823_033000.WAV,Telephone Field,recover-20220825,002,1795
1478.1175,1478.125,39218,50959,Pipistrellus nathusii,0.549,0.615,-1,Echolocation,/mnt/ubna_data_01_mir/recover-20220825/UBNA_002/20220823_033000.WAV,Telephone Field,recover-20220825,002,1795
1478.1235,1478.1343,15156,20639,Nyctalus noctula,0.012,0.028,-1,Echolocation,/mnt/ubna_data_01_mir/recover-20220825/UBNA_002/20220823_033000.WAV,Telephone Field,recover-20220825,002,1795
1478.1245,1478.1553,68437,80476,Rhinolophus ferrumequinum,0.022,0.023,-1,Echolocation,/mnt/ubna_data_01_mir/recover-20220825/UBNA_002/20220823_033000.WAV,Telephone Field,recover-20220825,002,1795
1478.1415,1478.158,22031,25251,Nyctalus leisleri,0.014,0.023,-1,Echolocation,/mnt/ubna_data_01_mir/recover-20220825/UBNA_002/20220823_033000.WAV,Telephone Field,recover-20220825,002,1795
1478.1715,1478.2082,68437,82245,Rhinolophus ferrumequinum,0.022,0.022,-1,Echolocation,/mnt/ubna_data_01_mir/recover-20220825/UBNA_002/20220823_033000.WAV,Telephone Field,recover-20220825,002,1795
1478.1985,1478.2327,68437,82427,Rhinolophus ferrumequinum,0.03,0.03,-1,Echolocation,/mnt/ubna_data_01_mir/recover-20220825/UBNA_002/20220823_033000.WAV,Telephone Field,recover-20220825,002,1795
1478.2045,1478.2115,39218,53184,Pipistrellus nathusii,0.636,0.663,-1,Echolocation,/mnt/ubna_data_01_mir/recover-20220825/UBNA_002/20220823_033000.WAV,Telephone Field,recover-20220825,002,1795
1478.2105,1478.2159,30625,41089,Myotis daubentonii,0.01,0.024,-1,Echolocation,/mnt/ubna_data_01_mir/recover-20220825/UBNA_002/20220823_033000.WAV,Telephone Field,recover-20220825,002,1795
1478.2345,1478.2729,68437,82698,Rhinolophus ferrumequinum,0.026,0.026,-1,Echolocation,/mnt/ubna_data_01_mir/recover-20220825/UBNA_002/20220823_033000.WAV,Telephone Field,recover-20220825,002,1795
1478.2465,1478.2555,27187,35821,Eptesicus serotinus,0.01,0.024,-1,Echolocation,/mnt/ubna_data_01_mir/recover-20220825/UBNA_002/20220823_033000.WAV,Telephone Field,recover-20220825,002,1795
1478.2565,1478.2642,55546,61910,Pipistrellus pygmaeus,0.022,0.023,-1,Echolocation,/mnt/ubna_data_01_mir/recover-20220825/UBNA_002/20220823_033000.WAV,Telephone Field,recover-20220825,002,1795
1478.2835,1478.289,32343,40074,Myotis daubentonii,0.014,0.032,-1,Echolocation,/mnt/ubna_data_01_mir/recover-20220825/UBNA_002/20220823_033000.WAV,Telephone Field,recover-20220825,002,1795
1478.2835,1478.2904,28046,38098,Eptesicus serotinus,0.009,0.032,-1,Echolocation,/mnt/ubna_data_01_mir/recover-20220825/UBNA_002/20220823_033000.WAV,Telephone Field,recover-20220825,002,1795
1478.2945,1478.3019,48671,53211,Pipistrellus pipistrellus,0.018,0.029,-1,Echolocation,/mnt/ubna_data_01_mir/recover-20220825/UBNA_002/20220823_033000.WAV,Telephone Field,recover-20220825,002,1795
1478.2955,1478.3021,31484,58708,Myotis bechsteinii,0.016,0.041,-1,Echolocation,/mnt/ubna_data_01_mir/recover-20220825/UBNA_002/20220823_033000.WAV,Telephone Field,recover-20220825,002,1795
1478.2965,1478.3054,38359,54430,Pipistrellus nathusii,0.524,0.623,-1,Echolocation,/mnt/ubna_data_01_mir/recover-20220825/UBNA_002/20220823_033000.WAV,Telephone Field,recover-20220825,002,1795
1478.3455,1478.357,31484,37471,Eptesicus serotinus,0.01,0.031,-1,Echolocation,/mnt/ubna_data_01_mir/recover-20220825/UBNA_002/20220823_033000.WAV,Telephone Field,recover-20220825,002,1795
1478.3475,1478.357,57265,63154,Pipistrellus pygmaeus,0.088,0.088,-1,Echolocation,/mnt/ubna_data_01_mir/recover-20220825/UBNA_002/20220823_033000.WAV,Telephone Field,recover-20220825,002,1795
1478.3565,1478.3647,27187,42580,Eptesicus serotinus,0.008,0.024,-1,Echolocation,/mnt/ubna_data_01_mir/recover-20220825/UBNA_002/20220823_033000.WAV,Telephone Field,recover-20220825,002,1795
1478.3575,1478.3653,34921,47029,Myotis brandtii,0.007,0.025,-1,Echolocation,/mnt/ubna_data_01_mir/recover-20220825/UBNA_002/20220823_033000.WAV,Telephone Field,recover-20220825,002,1795
1478.3635,1478.3715,27187,38040,Eptesicus serotinus,0.007,0.023,-1,Echolocation,/mnt/ubna_data_01_mir/recover-20220825/UBNA_002/20220823_033000.WAV,Telephone Field,recover-20220825,002,1795
1478.3795,1478.4145,68437,82079,Rhinolophus ferrumequinum,0.023,0.023,-1,Echolocation,/mnt/ubna_data_01_mir/recover-20220825/UBNA_002/20220823_033000.WAV,Telephone Field,recover-20220825,002,1795
1478.3915,1478.397,28906,58033,Myotis bechsteinii,0.018,0.054,-1,Echolocation,/mnt/ubna_data_01_mir/recover-20220825/UBNA_002/20220823_033000.WAV,Telephone Field,recover-20220825,002,1795
1478.3925,1478.3995,36640,53240,Pipistrellus nathusii,0.455,0.541,-1,Echolocation,/mnt/ubna_data_01_mir/recover-20220825/UBNA_002/20220823_033000.WAV,Telephone Field,recover-20220825,002,1795
1478.4005,1478.4062,31484,43586,Myotis daubentonii,0.012,0.027,-1,Echolocation,/mnt/ubna_data_01_mir/recover-20220825/UBNA_002/20220823_033000.WAV,Telephone Field,recover-20220825,002,1795
1478.4155,1478.4498,68437,81806,Rhinolophus ferrumequinum,0.023,0.023,-1,Echolocation,/mnt/ubna_data_01_mir/recover-20220825/UBNA_002/20220823_033000.WAV,Telephone Field,recover-20220825,002,1795
1478.4225,1478.4294,46953,53598,Pipistrellus pipistrellus,0.025,0.028,-1,Echolocation,/mnt/ubna_data_01_mir/recover-20220825/UBNA_002/20220823_033000.WAV,Telephone Field,recover-20220825,002,1795
1478.4485,1478.4574,43515,53940,Pipistrellus pipistrellus,0.02,0.028,-1,Echolocation,/mnt/ubna_data_01_mir/recover-20220825/UBNA_002/20220823_033000.WAV,Telephone Field,recover-20220825,002,1795
1478.4515,1478.4584,49531,58295,Pipistrellus pipistrellus,0.018,0.022,-1,Echolocation,/mnt/ubna_data_01_mir/recover-20220825/UBNA_002/20220823_033000.WAV,Telephone Field,recover-20220825,002,1795
1478.4665,1478.4793,45234,47800,Pipistrellus pipistrellus,0.034,0.042,-1,Echolocation,/mnt/ubna_data_01_mir/recover-20220825/UBNA_002/20220823_033000.WAV,Telephone Field,recover-20220825,002,1795
1478.4765,1478.4852,28906,36001,Eptesicus serotinus,0.011,0.032,-1,Echolocation,/mnt/ubna_data_01_mir/recover-20220825/UBNA_002/20220823_033000.WAV,Telephone Field,recover-20220825,002,1795
1478.4785,1478.5067,68437,80344,Rhinolophus ferrumequinum,0.022,0.022,-1,Echolocation,/mnt/ubna_data_01_mir/recover-20220825/UBNA_002/20220823_033000.WAV,Telephone Field,recover-20220825,002,1795
1478.4855,1478.4932,48671,52659,Pipistrellus pipistrellus,0.028,0.042,-1,Echolocation,/mnt/ubna_data_01_mir/recover-20220825/UBNA_002/20220823_033000.WAV,Telephone Field,recover-20220825,002,1795
1478.4895,1478.4977,36640,57286,Pipistrellus nathusii,0.512,0.589,-1,Echolocation,/mnt/ubna_data_01_mir/recover-20220825/UBNA_002/20220823_033000.WAV,Telephone Field,recover-20220825,002,1795
1478.5335,1478.5679,68437,82013,Rhinolophus ferrumequinum,0.023,0.023,-1,Echolocation,/mnt/ubna_data_01_mir/recover-20220825/UBNA_002/20220823_033000.WAV,Telephone Field,recover-20220825,002,1795
1478.5385,1478.5718,68437,81850,Rhinolophus ferrumequinum,0.023,0.023,-1,Echolocation,/mnt/ubna_data_01_mir/recover-20220825/UBNA_002/20220823_033000.WAV,Telephone Field,recover-20220825,002,1795
1478.5585,1478.5665,28046,41315,Eptesicus serotinus,0.007,0.023,-1,Echolocation,/mnt/ubna_data_01_mir/recover-20220825/UBNA_002/20220823_033000.WAV,Telephone Field,recover-20220825,002,1795
1478.5745,1478.6086,68437,81049,Rhinolophus ferrumequinum,0.022,0.022,-1,Echolocation,/mnt/ubna_data_01_mir/recover-20220825/UBNA_002/20220823_033000.WAV,Telephone Field,recover-20220825,002,1795
1478.5855,1478.5926,45234,54031,Pipistrellus pipistrellus,0.012,0.033,-1,Echolocation,/mnt/ubna_data_01_mir/recover-20220825/UBNA_002/20220823_033000.WAV,Telephone Field,recover-20220825,002,1795
1478.5875,1478.5954,34921,54631,Pipistrellus nathusii,0.358,0.537,-1,Echolocation,/mnt/ubna_data_01_mir/recover-20220825/UBNA_002/20220823_033000.WAV,Telephone Field,recover-20220825,002,1795
1478.5965,1478.6044,27187,34933,Eptesicus serotinus,0.006,0.022,-1,Echolocation,/mnt/ubna_data_01_mir/recover-20220825/UBNA_002/20220823_033000.WAV,Telephone Field,recover-20220825,002,1795
1478.6285,1478.637,23750,31015,Plecotus austriacus,0.011,0.025,-1,Echolocation,/mnt/ubna_data_01_mir/recover-20220825/UBNA_002/20220823_033000.WAV,Telephone Field,recover-20220825,002,1795
1478.6395,1478.6786,68437,83020,Rhinolophus ferrumequinum,0.029,0.029,-1,Echolocation,/mnt/ubna_data_01_mir/recover-20220825/UBNA_002/20220823_033000.WAV,Telephone Field,recover-20220825,002,1795
1478.6845,1478.6939,37500,58330,Pipistrellus nathusii,0.448,0.565,-1,Echolocation,/mnt/ubna_data_01_mir/recover-20220825/UBNA_002/20220823_033000.WAV,Telephone Field,recover-20220825,002,1795
1478.6905,1478.6967,27187,37955,Eptesicus serotinus,0.005,0.027,-1,Echolocation,/mnt/ubna_data_01_mir/recover-20220825/UBNA_002/20220823_033000.WAV,Telephone Field,recover-20220825,002,1795
1478.7105,1478.7178,46953,52333,Pipistrellus pipistrellus,0.02,0.023,-1,Echolocation,/mnt/ubna_data_01_mir/recover-20220825/UBNA_002/20220823_033000.WAV,Telephone Field,recover-20220825,002,1795
1478.7125,1478.7201,27187,39870,Eptesicus serotinus,0.006,0.024,-1,Echolocation,/mnt/ubna_data_01_mir/recover-20220825/UBNA_002/20220823_033000.WAV,Telephone Field,recover-20220825,002,1795
1478.7205,1478.7563,68437,82332,Rhinolophus ferrumequinum,0.029,0.029,-1,Echolocation,/mnt/ubna_data_01_mir/recover-20220825/UBNA_002/20220823_033000.WAV,Telephone Field,recover-20220825,002,1795
1478.7305,1478.7394,28046,36396,Eptesicus serotinus,0.009,0.023,-1,Echolocation,/mnt/ubna_data_01_mir/recover-20220825/UBNA_002/20220823_033000.WAV,Telephone Field,recover-20220825,002,1795
1478.7425,1478.7506,44375,53312,Pipistrellus pipistrellus,0.011,0.023,-1,Echolocation,/mnt/ubna_data_01_mir/recover-20220825/UBNA_002/20220823_033000.WAV,Telephone Field,recover-20220825,002,1795
1478.7515,1478.7588,28046,37907,Eptesicus serotinus,0.007,0.024,-1,Echolocation,/mnt/ubna_data_01_mir/recover-20220825/UBNA_002/20220823_033000.WAV,Telephone Field,recover-20220825,002,1795
1478.7855,1478.8222,68437,81350,Rhinolophus ferrumequinum,0.024,0.024,-1,Echolocation,/mnt/ubna_data_01_mir/recover-20220825/UBNA_002/20220823_033000.WAV,Telephone Field,recover-20220825,002,1795
1478.7925,1478.7992,42656,52737,Pipistrellus nathusii,0.019,0.067,-1,Echolocation,/mnt/ubna_data_01_mir/recover-20220825/UBNA_002/20220823_033000.WAV,Telephone Field,recover-20220825,002,1795
1478.7945,1478.8027,34921,50611,Pipistrellus nathusii,0.233,0.518,-1,Echolocation,/mnt/ubna_data_01_mir/recover-20220825/UBNA_002/20220823_033000.WAV,Telephone Field,recover-20220825,002,1795
1478.8545,1478.8647,43515,46740,Pipistrellus pipistrellus,0.026,0.033,-1,Echolocation,/mnt/ubna_data_01_mir/recover-20220825/UBNA_002/20220823_033000.WAV,Telephone Field,recover-20220825,002,1795
1478.9015,1478.9111,28906,35656,Eptesicus serotinus,0.009,0.025,-1,Echolocation,/mnt/ubna_data_01_mir/recover-20220825/UBNA_002/20220823_033000.WAV,Telephone Field,recover-20220825,002,1795
1478.9165,1478.9236,36640,53570,Pipistrellus nathusii,0.436,0.556,-1,Echolocation,/mnt/ubna_data_01_mir/recover-20220825/UBNA_002/20220823_033000.WAV,Telephone Field,recover-20220825,002,1795
1478.9255,1478.9332,27187,35633,Eptesicus serotinus,0.008,0.029,-1,Echolocation,/mnt/ubna_data_01_mir/recover-20220825/UBNA_002/20220823_033000.WAV,Telephone Field,recover-20220825,002,1795
1478.9315,1478.9645,68437,81398,Rhinolophus ferrumequinum,0.022,0.022,-1,Echolocation,/mnt/ubna_data_01_mir/recover-20220825/UBNA_002/20220823_033000.WAV,Telephone Field,recover-20220825,002,1795
1478.9475,1478.9561,28906,38394,Eptesicus serotinus,0.008,0.023,-1,Echolocation,/mnt/ubna_data_01_mir/recover-20220825/UBNA_002/20220823_033000.WAV,Telephone Field,recover-20220825,002,1795
1478.9635,1478.9738,28046,34906,Eptesicus serotinus,0.01,0.023,-1,Echolocation,/mnt/ubna_data_01_mir/recover-20220825/UBNA_002/20220823_033000.WAV,Telephone Field,recover-20220825,002,1795
1478.9725,1478.9804,46093,52792,Pipistrellus pipistrellus,0.022,0.024,-1,Echolocation,/mnt/ubna_data_01_mir/recover-20220825/UBNA_002/20220823_033000.WAV,Telephone Field,recover-20220825,002,1795
1478.9735,1479.0099,68437,82926,Rhinolophus ferrumequinum,0.026,0.026,-1,Echolocation,/mnt/ubna_data_01_mir/recover-20220825/UBNA_002/20220823_033000.WAV,Telephone Field,recover-20220825,002,1795
1478.9785,1478.9869,28906,40685,Eptesicus serotinus,0.007,0.023,-1,Echolocation,/mnt/ubna_data_01_mir/recover-20220825/UBNA_002/20220823_033000.WAV,Telephone Field,recover-20220825,002,1795
1478.9985,1479.007,37500,60811,Pipistrellus nathusii,0.488,0.589,-1,Echolocation,/mnt/ubna_data_01_mir/recover-20220825/UBNA_002/20220823_033000.WAV,Telephone Field,recover-20220825,002,1795
1479.0085,1479.0147,34062,46983,Myotis brandtii,0.012,0.034,-1,Echolocation,/mnt/ubna_data_01_mir/recover-20220825/UBNA_002/20220823_033000.WAV,Telephone Field,recover-20220825,002,1795
1479.0105,1479.0188,28046,34774,Eptesicus serotinus,0.007,0.03,-1,Echolocation,/mnt/ubna_data_01_mir/recover-20220825/UBNA_002/20220823_033000.WAV,Telephone Field,recover-20220825,002,1795
1479.0145,1479.0502,68437,81699,Rhinolophus ferrumequinum,0.025,0.025,-1,Echolocation,/mnt/ubna_data_01_mir/recover-20220825/UBNA_002/20220823_033000.WAV,Telephone Field,recover-20220825,002,1795
1479.0435,1479.0502,49531,55649,Pipistrellus pipistrellus,0.02,0.023,-1,Echolocation,/mnt/ubna_data_01_mir/recover-20220825/UBNA_002/20220823_033000.WAV,Telephone Field,recover-20220825,002,1795
1479.0565,1479.0666,28046,35025,Eptesicus serotinus,0.01,0.022,-1,Echolocation,/mnt/ubna_data_01_mir/recover-20220825/UBNA_002/20220823_033000.WAV,Telephone Field,recover-20220825,002,1795
1479.0805,1479.0867,30625,67440,Myotis bechsteinii,0.033,0.051,-1,Echolocation,/mnt/ubna_data_01_mir/recover-20220825/UBNA_002/20220823_033000.WAV,Telephone Field,recover-20220825,002,1795
1479.0805,1479.0868,48671,58478,Pipistrellus pipistrellus,0.017,0.031,-1,Echolocation,/mnt/ubna_data_01_mir/recover-20220825/UBNA_002/20220823_033000.WAV,Telephone Field,recover-20220825,002,1795
1479.0815,1479.0898,38359,66298,Pipistrellus nathusii,0.459,0.575,-1,Echolocation,/mnt/ubna_data_01_mir/recover-20220825/UBNA_002/20220823_033000.WAV,Telephone Field,recover-20220825,002,1795
1479.0935,1479.1274,68437,80965,Rhinolophus ferrumequinum,0.022,0.022,-1,Echolocation,/mnt/ubna_data_01_mir/recover-20220825/UBNA_002/20220823_033000.WAV,Telephone Field,recover-20220825,002,1795
1479.1595,1479.166,28046,38825,Eptesicus serotinus,0.005,0.023,-1,Echolocation,/mnt/ubna_data_01_mir/recover-20220825/UBNA_002/20220823_033000.WAV,Telephone Field,recover-20220825,002,1795
1479.1735,1479.1823,36640,60414,Pipistrellus nathusii,0.399,0.524,-1,Echolocation,/mnt/ubna_data_01_mir/recover-20220825/UBNA_002/20220823_033000.WAV,Telephone Field,recover-20220825,002,1795
1479.1745,1479.1804,50390,56904,Pipistrellus pipistrellus,0.026,0.046,-1,Echolocation,/mnt/ubna_data_01_mir/recover-20220825/UBNA_002/20220823_033000.WAV,Telephone Field,recover-20220825,002,1795
1479.1855,1479.2202,68437,81558,Rhinolophus ferrumequinum,0.023,0.023,-1,Echolocation,/mnt/ubna_data_01_mir/recover-20220825/UBNA_002/20220823_033000.WAV,Telephone Field,recover-20220825,002,1795
1479.1925,1479.2273,68437,82179,Rhinolophus ferrumequinum,0.023,0.023,-1,Echolocation,/mnt/ubna_data_01_mir/recover-20220825/UBNA_002/20220823_033000.WAV,Telephone Field,recover-20220825,002,1795
1479.2575,1479.2644,44375,57001,Pipistrellus pipistrellus,0.01,0.034,-1,Echolocation,/mnt/ubna_data_01_mir/recover-20220825/UBNA_002/20220823_033000.WAV,Telephone Field,recover-20220825,002,1795
1479.2595,1479.2682,50390,57922,Pipistrellus pipistrellus,0.02,0.035,-1,Echolocation,/mnt/ubna_data_01_mir/recover-20220825/UBNA_002/20220823_033000.WAV,Telephone Field,recover-20220825,002,1795
1479.2595,1479.2682,36640,61027,Pipistrellus nathusii,0.358,0.544,-1,Echolocation,/mnt/ubna_data_01_mir/recover-20220825/UBNA_002/20220823_033000.WAV,Telephone Field,recover-20220825,002,1795
1479.2715,1479.3031,68437,81726,Rhinolophus ferrumequinum,0.029,0.03,-1,Echolocation,/mnt/ubna_data_01_mir/recover-20220825/UBNA_002/20220823_033000.WAV,Telephone Field,recover-20220825,002,1795
1479.2965,1479.3094,31484,36185,Pipistrellus nathusii,0.017,0.056,-1,Echolocation,/mnt/ubna_data_01_mir/recover-20220825/UBNA_002/20220823_033000.WAV,Telephone Field,recover-20220825,002,1795
1479.3085,1479.347,68437,82192,Rhinolophus ferrumequinum,0.024,0.024,-1,Echolocation,/mnt/ubna_data_01_mir/recover-20220825/UBNA_002/20220823_033000.WAV,Telephone Field,recover-20220825,002,1795
1479.3295,1479.3373,28046,37458,Eptesicus serotinus,0.007,0.023,-1,Echolocation,/mnt/ubna_data_01_mir/recover-20220825/UBNA_002/20220823_033000.WAV,Telephone Field,recover-20220825,002,1795
1479.3345,1479.3697,68437,81183,Rhinolophus ferrumequinum,0.022,0.022,-1,Echolocation,/mnt/ubna_data_01_mir/recover-20220825/UBNA_002/20220823_033000.WAV,Telephone Field,recover-20220825,002,1795
1479.3565,1479.3635,48671,53472,Pipistrellus pipistrellus,0.03,0.046,-1,Echolocation,/mnt/ubna_data_01_mir/recover-20220825/UBNA_002/20220823_033000.WAV,Telephone Field,recover-20220825,002,1795
1479.3565,1479.365,34921,58908,Pipistrellus nathusii,0.386,0.524,-1,Echolocation,/mnt/ubna_data_01_mir/recover-20220825/UBNA_002/20220823_033000.WAV,Telephone Field,recover-20220825,002,1795
1479.3665,1479.3737,26328,37114,Eptesicus serotinus,0.006,0.023,-1,Echolocation,/mnt/ubna_data_01_mir/recover-20220825/UBNA_002/20220823_033000.WAV,Telephone Field,recover-20220825,002,1795
1479.4125,1479.4205,27187,43666,Eptesicus serotinus,0.009,0.024,-1,Echolocation,/mnt/ubna_data_01_mir/recover-20220825/UBNA_002/20220823_033000.WAV,Telephone Field,recover-20220825,002,1795
1479.4325,1479.4411,27187,37811,Eptesicus serotinus,0.008,0.024,-1,Echolocation,/mnt/ubna_data_01_mir/recover-20220825/UBNA_002/20220823_033000.WAV,Telephone Field,recover-20220825,002,1795
1479.4405,1479.4486,28046,40134,Eptesicus serotinus,0.008,0.025,-1,Echolocation,/mnt/ubna_data_01_mir/recover-20220825/UBNA_002/20220823_033000.WAV,Telephone Field,recover-20220825,002,1795
1479.4405,1479.4487,54687,63869,Pipistrellus pygmaeus,0.024,0.024,-1,Echolocation,/mnt/ubna_data_01_mir/recover-20220825/UBNA_002/20220823_033000.WAV,Telephone Field,recover-20220825,002,1795
1479.4735,1479.4824,28046,38664,Eptesicus serotinus,0.008,0.022,-1,Echolocation,/mnt/ubna_data_01_mir/recover-20220825/UBNA_002/20220823_033000.WAV,Telephone Field,recover-20220825,002,1795
1479.4995,1479.5374,68437,82049,Rhinolophus ferrumequinum,0.024,0.024,-1,Echolocation,/mnt/ubna_data_01_mir/recover-20220825/UBNA_002/20220823_033000.WAV,Telephone Field,recover-20220825,002,1795
1479.5285,1479.535,28046,62606,Myotis bechsteinii,0.027,0.05,-1,Echolocation,/mnt/ubna_data_01_mir/recover-20220825/UBNA_002/20220823_033000.WAV,Telephone Field,recover-20220825,002,1795
1479.5295,1479.538,35781,64111,Pipistrellus nathusii,0.413,0.534,-1,Echolocation,/mnt/ubna_data_01_mir/recover-20220825/UBNA_002/20220823_033000.WAV,Telephone Field,recover-20220825,002,1795
1479.5395,1479.5453,29765,42639,Myotis daubentonii,0.012,0.027,-1,Echolocation,/mnt/ubna_data_01_mir/recover-20220825/UBNA_002/20220823_033000.WAV,Telephone Field,recover-20220825,002,1795
1479.5425,1479.5698,68437,80671,Rhinolophus ferrumequinum,0.022,0.023,-1,Echolocation,/mnt/ubna_data_01_mir/recover-20220825/UBNA_002/20220823_033000.WAV,Telephone Field,recover-20220825,002,1795
1479.6005,1479.6082,47812,52808,Pipistrellus pipistrellus,0.037,0.04,-1,Echolocation,/mnt/ubna_data_01_mir/recover-20220825/UBNA_002/20220823_033000.WAV,Telephone Field,recover-20220825,002,1795
1479.6105,1479.6185,28046,37951,Eptesicus serotinus,0.007,0.024,-1,Echolocation,/mnt/ubna_data_01_mir/recover-20220825/UBNA_002/20220823_033000.WAV,Telephone Field,recover-20220825,002,1795
1479.6315,1479.6382,28906,59275,Myotis bechsteinii,0.016,0.042,-1,Echolocation,/mnt/ubna_data_01_mir/recover-20220825/UBNA_002/20220823_033000.WAV,Telephone Field,recover-20220825,002,1795
1479.6335,1479.6428,35781,61952,Pipistrellus nathusii,0.443,0.517,-1,Echolocation,/mnt/ubna_data_01_mir/recover-20220825/UBNA_002/20220823_033000.WAV,Telephone Field,recover-20220825,002,1795
1479.6415,1479.6469,30625,42135,Myotis daubentonii,0.011,0.024,-1,Echolocation,/mnt/ubna_data_01_mir/recover-20220825/UBNA_002/20220823_033000.WAV,Telephone Field,recover-20220825,002,1795
1479.6455,1479.6768,68437,80689,Rhinolophus ferrumequinum,0.022,0.022,-1,Echolocation,/mnt/ubna_data_01_mir/recover-20220825/UBNA_002/20220823_033000.WAV,Telephone Field,recover-20220825,002,1795
1479.6615,1479.6734,22031,26277,Nyctalus leisleri,0.013,0.024,-1,Echolocation,/mnt/ubna_data_01_mir/recover-20220825/UBNA_002/20220823_033000.WAV,Telephone Field,recover-20220825,002,1795
1479.6675,1479.7019,68437,81696,Rhinolophus ferrumequinum,0.022,0.022,-1,Echolocation,/mnt/ubna_data_01_mir/recover-20220825/UBNA_002/20220823_033000.WAV,Telephone Field,recover-20220825,002,1795
1479.6915,1479.7322,68437,82883,Rhinolophus ferrumequinum,0.038,0.038,-1,Echolocation,/mnt/ubna_data_01_mir/recover-20220825/UBNA_002/20220823_033000.WAV,Telephone Field,recover-20220825,002,1795
1479.7045,1479.7177,22890,26922,Nyctalus leisleri,0.014,0.025,-1,Echolocation,/mnt/ubna_data_01_mir/recover-20220825/UBNA_002/20220823_033000.WAV,Telephone Field,recover-20220825,002,1795
1479.7145,1479.7217,47812,55007,Pipistrellus pipistrellus,0.021,0.024,-1,Echolocation,/mnt/ubna_data_01_mir/recover-20220825/UBNA_002/20220823_033000.WAV,Telephone Field,recover-20220825,002,1795
1479.7155,1479.7236,28046,43854,Eptesicus serotinus,0.008,0.024,-1,Echolocation,/mnt/ubna_data_01_mir/recover-20220825/UBNA_002/20220823_033000.WAV,Telephone Field,recover-20220825,002,1795
1479.7415,1479.7485,28906,62451,Myotis bechsteinii,0.024,0.051,-1,Echolocation,/mnt/ubna_data_01_mir/recover-20220825/UBNA_002/20220823_033000.WAV,Telephone Field,recover-20220825,002,1795
1479.7415,1479.7481,44375,57217,Pipistrellus pipistrellus,0.015,0.045,-1,Echolocation,/mnt/ubna_data_01_mir/recover-20220825/UBNA_002/20220823_033000.WAV,Telephone Field,recover-20220825,002,1795
1479.7435,1479.752,35781,59368,Pipistrellus nathusii,0.441,0.559,-1,Echolocation,/mnt/ubna_data_01_mir/recover-20220825/UBNA_002/20220823_033000.WAV,Telephone Field,recover-20220825,002,1795
1479.7445,1479.7511,48671,55282,Pipistrellus pipistrellus,0.019,0.036,-1,Echolocation,/mnt/ubna_data_01_mir/recover-20220825/UBNA_002/20220823_033000.WAV,Telephone Field,recover-20220825,002,1795
1479.7775,1479.7884,28046,35574,Eptesicus serotinus,0.012,0.026,-1,Echolocation,/mnt/ubna_data_01_mir/recover-20220825/UBNA_002/20220823_033000.WAV,Telephone Field,recover-20220825,002,1795
1479.7995,1479.8055,48671,54857,Pipistrellus pipistrellus,0.02,0.022,-1,Echolocation,/mnt/ubna_data_01_mir/recover-20220825/UBNA_002/20220823_033000.WAV,Telephone Field,recover-20220825,002,1795
1479.7995,1479.8378,68437,82275,Rhinolophus ferrumequinum,0.025,0.025,-1,Echolocation,/mnt/ubna_data_01_mir/recover-20220825/UBNA_002/20220823_033000.WAV,Telephone Field,recover-20220825,002,1795
1479.8115,1479.821,54687,61993,Pipistrellus pygmaeus,0.025,0.026,-1,Echolocation,/mnt/ubna_data_01_mir/recover-20220825/UBNA_002/20220823_033000.WAV,Telephone Field,recover-20220825,002,1795
1479.8285,1479.8382,28906,33713,Nyctalus leisleri,0.011,0.031,-1,Echolocation,/mnt/ubna_data_01_mir/recover-20220825/UBNA_002/20220823_033000.WAV,Telephone Field,recover-20220825,002,1795
1479.8355,1479.8427,50390,56574,Pipistrellus pipistrellus,0.032,0.056,-1,Echolocation,/mnt/ubna_data_01_mir/recover-20220825/UBNA_002/20220823_033000.WAV,Telephone Field,recover-20220825,002,1795
1479.8415,1479.8507,35781,62224,Pipistrellus nathusii,0.352,0.477,-1,Echolocation,/mnt/ubna_data_01_mir/recover-20220825/UBNA_002/20220823_033000.WAV,Telephone Field,recover-20220825,002,1795
1479.8505,1479.8567,26328,36708,Eptesicus serotinus,0.006,0.027,-1,Echolocation,/mnt/ubna_data_01_mir/recover-20220825/UBNA_002/20220823_033000.WAV,Telephone Field,recover-20220825,002,1795
1479.8915,1479.8992,49531,55125,Pipistrellus pipistrellus,0.028,0.032,-1,Echolocation,/mnt/ubna_data_01_mir/recover-20220825/UBNA_002/20220823_033000.WAV,Telephone Field,recover-20220825,002,1795
1479.9495,1479.9823,68437,81767,Rhinolophus ferrumequinum,0.022,0.022,-1,Echolocation,/mnt/ubna_data_01_mir/recover-20220825/UBNA_002/20220823_033000.WAV,Telephone Field,recover-20220825,002,1795
1479.9565,1479.9627,29765,56355,Barbastellus barbastellus,0.016,0.039,-1,Echolocation,/mnt/ubna_data_01_mir/recover-20220825/UBNA_002/20220823_033000.WAV,Telephone Field,recover-20220825,002,1795
1479.9575,1479.9678,37500,63731,Pipistrellus nathusii,0.544,0.6,-1,Echolocation,/mnt/ubna_data_01_mir/recover-20220825/UBNA_002/20220823_033000.WAV,Telephone Field,recover-20220825,002,1795
1479.9585,1479.966,49531,56629,Pipistrellus pipistrellus,0.02,0.033,-1,Echolocation,/mnt/ubna_data_01_mir/recover-20220825/UBNA_002/20220823_033000.WAV,Telephone Field,recover-20220825,002,1795
1479.9595,1479.9908,68437,81664,Rhinolophus ferrumequinum,0.029,0.029,-1,Echolocation,/mnt/ubna_data_01_mir/recover-20220825/UBNA_002/20220823_033000.WAV,Telephone Field,recover-20220825,002,1795
1479.9665,1479.9971,68437,81223,Rhinolophus ferrumequinum,0.028,0.028,-1,Echolocation,/mnt/ubna_data_01_mir/recover-20220825/UBNA_002/20220823_033000.WAV,Telephone Field,recover-20220825,002,1795
1479.9685,1479.9741,34921,51993,Myotis brandtii,0.016,0.036,-1,Echolocation,/mnt/ubna_data_01_mir/recover-20220825/UBNA_002/20220823_033000.WAV,Telephone Field,recover-20220825,002,1795
1480.0015,1480.01,31484,41330,Myotis daubentonii,0.007,0.021,-1,Echolocation,/mnt/ubna_data_01_mir/recover-20220825/UBNA_002/20220823_033000.WAV,Telephone Field,recover-20220825,002,1795
1480.0015,1480.0307,68437,81036,Rhinolophus ferrumequinum,0.037,0.037,-1,Echolocation,/mnt/ubna_data_01_mir/recover-20220825/UBNA_002/20220823_033000.WAV,Telephone Field,recover-20220825,002,1795
1480.0015,1480.0102,35781,42607,Pipistrellus nathusii,0.007,0.022,-1,Echolocation,/mnt/ubna_data_01_mir/recover-20220825/UBNA_002/20220823_033000.WAV,Telephone Field,recover-20220825,002,1795
1480.0015,1480.0092,25468,40153,Eptesicus serotinus,0.005,0.022,-1,Echolocation,/mnt/ubna_data_01_mir/recover-20220825/UBNA_002/20220823_033000.WAV,Telephone Field,recover-20220825,002,1795
1480.0015,1480.0106,41796,47335,Pipistrellus nathusii,0.015,0.024,-1,Echolocation,/mnt/ubna_data_01_mir/recover-20220825/UBNA_002/20220823_033000.WAV,Telephone Field,recover-20220825,002,1795
1480.0015,1480.0109,51250,58481,Pipistrellus pygmaeus,0.016,0.023,-1,Echolocation,/mnt/ubna_data_01_mir/recover-20220825/UBNA_002/20220823_033000.WAV,Telephone Field,recover-20220825,002,1795
1480.0135,1480.0213,56406,63428,Pipistrellus pygmaeus,0.026,0.027,-1,Echolocation,/mnt/ubna_data_01_mir/recover-20220825/UBNA_002/20220823_033000.WAV,Telephone Field,recover-20220825,002,1795
1480.0275,1480.0351,27187,33643,Eptesicus serotinus,0.007,0.021,-1,Echolocation,/mnt/ubna_data_01_mir/recover-20220825/UBNA_002/20220823_033000.WAV,Telephone Field,recover-20220825,002,1795
1480.0315,1480.0459,53828,59106,Pipistrellus pygmaeus,0.029,0.033,-1,Echolocation,/mnt/ubna_data_01_mir/recover-20220825/UBNA_002/20220823_033000.WAV,Telephone Field,recover-20220825,002,1795
1480.0395,1480.0464,28906,71483,Myotis bechsteinii,0.032,0.063,-1,Echolocation,/mnt/ubna_data_01_mir/recover-20220825/UBNA_002/20220823_033000.WAV,Telephone Field,recover-20220825,002,1795
1480.0395,1480.0676,68437,80514,Rhinolophus ferrumequinum,0.02,0.02,-1,Echolocation,/mnt/ubna_data_01_mir/recover-20220825/UBNA_002/20220823_033000.WAV,Telephone Field,recover-20220825,002,1795
1480.0405,1480.0478,35781,62992,Pipistrellus nathusii,0.295,0.404,-1,Echolocation,/mnt/ubna_data_01_mir/recover-20220825/UBNA_002/20220823_033000.WAV,Telephone Field,recover-20220825,002,1795
1480.0505,1480.0558,28906,42531,Myotis daubentonii,0.009,0.024,-1,Echolocation,/mnt/ubna_data_01_mir/recover-20220825/UBNA_002/20220823_033000.WAV,Telephone Field,recover-20220825,002,1795
1480.0535,1480.0805,68437,80492,Rhinolophus ferrumequinum,0.023,0.023,-1,Echolocation,/mnt/ubna_data_01_mir/recover-20220825/UBNA_002/20220823_033000.WAV,Telephone Field,recover-20220825,002,1795
1480.1315,1480.139,36640,68349,Pipistrellus nathusii,0.517,0.581,-1,Echolocation,/mnt/ubna_data_01_mir/recover-20220825/UBNA_002/20220823_033000.WAV,Telephone Field,recover-20220825,002,1795
1480.1325,1480.1403,49531,58171,Pipistrellus pipistrellus,0.02,0.033,-1,Echolocation,/mnt/ubna_data_01_mir/recover-20220825/UBNA_002/20220823_033000.WAV,Telephone Field,recover-20220825,002,1795
1480.1345,1480.1634,68437,83227,Rhinolophus ferrumequinum,0.028,0.029,-1,Echolocation,/mnt/ubna_data_01_mir/recover-20220825/UBNA_002/20220823_033000.WAV,Telephone Field,recover-20220825,002,1795
1480.1405,1480.148,26328,35073,Eptesicus serotinus,0.006,0.022,-1,Echolocation,/mnt/ubna_data_01_mir/recover-20220825/UBNA_002/20220823_033000.WAV,Telephone Field,recover-20220825,002,1795
1480.1415,1480.1687,68437,81004,Rhinolophus ferrumequinum,0.024,0.024,-1,Echolocation,/mnt/ubna_data_01_mir/recover-20220825/UBNA_002/20220823_033000.WAV,Telephone Field,recover-20220825,002,1795
1480.2105,1480.2187,28046,34249,Eptesicus serotinus,0.009,0.024,-1,Echolocation,/mnt/ubna_data_01_mir/recover-20220825/UBNA_002/20220823_033000.WAV,Telephone Field,recover-20220825,002,1795
1480.2225,1480.2298,35781,65632,Pipistrellus nathusii,0.313,0.476,-1,Echolocation,/mnt/ubna_data_01_mir/recover-20220825/UBNA_002/20220823_033000.WAV,Telephone Field,recover-20220825,002,1795
1480.2235,1480.2292,27187,71090,Myotis bechsteinii,0.055,0.085,-1,Echolocation,/mnt/ubna_data_01_mir/recover-20220825/UBNA_002/20220823_033000.WAV,Telephone Field,recover-20220825,002,1795
1480.2265,1480.2534,68437,82038,Rhinolophus ferrumequinum,0.022,0.022,-1,Echolocation,/mnt/ubna_data_01_mir/recover-20220825/UBNA_002/20220823_033000.WAV,Telephone Field,recover-20220825,002,1795
1480.2365,1480.2656,68437,80487,Rhinolophus ferrumequinum,0.025,0.025,-1,Echolocation,/mnt/ubna_data_01_mir/recover-20220825/UBNA_002/20220823_033000.WAV,Telephone Field,recover-20220825,002,1795
1480.2425,1480.2532,23750,29685,Nyctalus leisleri,0.008,0.02,-1,Echolocation,/mnt/ubna_data_01_mir/recover-20220825/UBNA_002/20220823_033000.WAV,Telephone Field,recover-20220825,002,1795
1480.2745,1480.2839,49531,56402,Pipistrellus pipistrellus,0.017,0.023,-1,Echolocation,/mnt/ubna_data_01_mir/recover-20220825/UBNA_002/20220823_033000.WAV,Telephone Field,recover-20220825,002,1795
1480.3085,1480.3177,36640,64496,Pipistrellus nathusii,0.582,0.62,-1,Echolocation,/mnt/ubna_data_01_mir/recover-20220825/UBNA_002/20220823_033000.WAV,Telephone Field,recover-20220825,002,1795
1480.3085,1480.3165,48671,59392,Pipistrellus pipistrellus,0.016,0.029,-1,Echolocation,/mnt/ubna_data_01_mir/recover-20220825/UBNA_002/20220823_033000.WAV,Telephone Field,recover-20220825,002,1795
1480.3175,1480.3244,37500,49300,Pipistrellus nathusii,0.019,0.042,-1,Echolocation,/mnt/ubna_data_01_mir/recover-20220825/UBNA_002/20220823_033000.WAV,Telephone Field,recover-20220825,002,1795
1480.3185,1480.3247,26328,40733,Eptesicus serotinus,0.005,0.025,-1,Echolocation,/mnt/ubna_data_01_mir/recover-20220825/UBNA_002/20220823_033000.WAV,Telephone Field,recover-20220825,002,1795
1480.3215,1480.3511,68437,80995,Rhinolophus ferrumequinum,0.02,0.02,-1,Echolocation,/mnt/ubna_data_01_mir/recover-20220825/UBNA_002/20220823_033000.WAV,Telephone Field,recover-20220825,002,1795
1480.3865,1480.3937,27187,36074,Eptesicus serotinus,0.007,0.025,-1,Echolocation,/mnt/ubna_data_01_mir/recover-20220825/UBNA_002/20220823_033000.WAV,Telephone Field,recover-20220825,002,1795
1480.3965,1480.4222,68437,79745,Rhinolophus ferrumequinum,0.018,0.02,-1,Echolocation,/mnt/ubna_data_01_mir/recover-20220825/UBNA_002/20220823_033000.WAV,Telephone Field,recover-20220825,002,1795
1480.3985,1480.4097,58125,67178,Pipistrellus pygmaeus,0.023,0.028,-1,Echolocation,/mnt/ubna_data_01_mir/recover-20220825/UBNA_002/20220823_033000.WAV,Telephone Field,recover-20220825,002,1795
1480.3985,1480.4063,35781,66082,Pipistrellus nathusii,0.411,0.521,-1,Echolocation,/mnt/ubna_data_01_mir/recover-20220825/UBNA_002/20220823_033000.WAV,Telephone Field,recover-20220825,002,1795
1480.3985,1480.4144000000001,64140,74256,Pipistrellus pygmaeus,0.012,0.022,-1,Echolocation,/mnt/ubna_data_01_mir/recover-20220825/UBNA_002/20220823_033000.WAV,Telephone Field,recover-20220825,002,1795
1480.3995,1480.4063,52968,61519,Pipistrellus pygmaeus,0.016,0.034,-1,Echolocation,/mnt/ubna_data_01_mir/recover-20220825/UBNA_002/20220823_033000.WAV,Telephone Field,recover-20220825,002,1795
1480.3995,1480.4056,27187,66744,Myotis bechsteinii,0.022,0.047,-1,Echolocation,/mnt/ubna_data_01_mir/recover-20220825/UBNA_002/20220823_033000.WAV,Telephone Field,recover-20220825,002,1795
1480.4055,1480.4125,42656,50445,Pipistrellus pipistrellus,0.008,0.027,-1,Echolocation,/mnt/ubna_data_01_mir/recover-20220825/UBNA_002/20220823_033000.WAV,Telephone Field,recover-20220825,002,1795
1480.4095,1480.4148,31484,43440,Myotis daubentonii,0.013,0.029,-1,Echolocation,/mnt/ubna_data_01_mir/recover-20220825/UBNA_002/20220823_033000.WAV,Telephone Field,recover-20220825,002,1795
1480.4135,1480.4439,68437,80412,Rhinolophus ferrumequinum,0.029,0.029,-1,Echolocation,/mnt/ubna_data_01_mir/recover-20220825/UBNA_002/20220823_033000.WAV,Telephone Field,recover-20220825,002,1795
1480.4555,1480.4647,28046,38278,Eptesicus serotinus,0.009,0.022,-1,Echolocation,/mnt/ubna_data_01_mir/recover-20220825/UBNA_002/20220823_033000.WAV,Telephone Field,recover-20220825,002,1795
1480.4785,1480.4851,49531,53408,Pipistrellus pipistrellus,0.025,0.042,-1,Echolocation,/mnt/ubna_data_01_mir/recover-20220825/UBNA_002/20220823_033000.WAV,Telephone Field,recover-20220825,002,1795
1480.4845,1480.4931,37500,64172,Pipistrellus nathusii,0.544,0.605,-1,Echolocation,/mnt/ubna_data_01_mir/recover-20220825/UBNA_002/20220823_033000.WAV,Telephone Field,recover-20220825,002,1795
1480.4975,1480.5296,68437,81344,Rhinolophus ferrumequinum,0.024,0.024,-1,Echolocation,/mnt/ubna_data_01_mir/recover-20220825/UBNA_002/20220823_033000.WAV,Telephone Field,recover-20220825,002,1795
1480.5755,1480.5823,28906,70019,Myotis bechsteinii,0.039,0.068,-1,Echolocation,/mnt/ubna_data_01_mir/recover-20220825/UBNA_002/20220823_033000.WAV,Telephone Field,recover-20220825,002,1795
1480.5765,1480.5848,36640,67121,Pipistrellus nathusii,0.371,0.488,-1,Echolocation,/mnt/ubna_data_01_mir/recover-20220825/UBNA_002/20220823_033000.WAV,Telephone Field,recover-20220825,002,1795
1480.5905,1480.6171,68437,80129,Rhinolophus ferrumequinum,0.023,0.023,-1,Echolocation,/mnt/ubna_data_01_mir/recover-20220825/UBNA_002/20220823_033000.WAV,Telephone Field,recover-20220825,002,1795
1480.6335,1480.6412,28046,40309,Eptesicus serotinus,0.008,0.022,-1,Echolocation,/mnt/ubna_data_01_mir/recover-20220825/UBNA_002/20220823_033000.WAV,Telephone Field,recover-20220825,002,1795
1480.6525,1480.6606,28046,35146,Eptesicus serotinus,0.007,0.02,-1,Echolocation,/mnt/ubna_data_01_mir/recover-20220825/UBNA_002/20220823_033000.WAV,Telephone Field,recover-20220825,002,1795
1480.6665,1480.6729,36640,62367,Pipistrellus nathusii,0.536,0.601,-1,Echolocation,/mnt/ubna_data_01_mir/recover-20220825/UBNA_002/20220823_033000.WAV,Telephone Field,recover-20220825,002,1795
1480.6675,1480.675,49531,61341,Pipistrellus pipistrellus,0.011,0.028,-1,Echolocation,/mnt/ubna_data_01_mir/recover-20220825/UBNA_002/20220823_033000.WAV,Telephone Field,recover-20220825,002,1795
1480.6775,1480.7038,68437,80375,Rhinolophus ferrumequinum,0.024,0.024,-1,Echolocation,/mnt/ubna_data_01_mir/recover-20220825/UBNA_002/20220823_033000.WAV,Telephone Field,recover-20220825,002,1795
1480.6915,1480.7,32343,38808,Myotis daubentonii,0.006,0.023,-1,Echolocation,/mnt/ubna_data_01_mir/recover-20220825/UBNA_002/20220823_033000.WAV,Telephone Field,recover-20220825,002,1795
1480.7405,1480.7763,68437,81871,Rhinolophus ferrumequinum,0.022,0.022,-1,Echolocation,/mnt/ubna_data_01_mir/recover-20220825/UBNA_002/20220823_033000.WAV,Telephone Field,recover-20220825,002,1795
1480.7455,1480.7519,49531,59478,Pipistrellus pipistrellus,0.015,0.026,-1,Echolocation,/mnt/ubna_data_01_mir/recover-20220825/UBNA_002/20220823_033000.WAV,Telephone Field,recover-20220825,002,1795
1480.7505,1480.7574,50390,60531,Pipistrellus pipistrellus,0.015,0.026,-1,Echolocation,/mnt/ubna_data_01_mir/recover-20220825/UBNA_002/20220823_033000.WAV,Telephone Field,recover-20220825,002,1795
1480.7505,1480.7565,27187,63428,Myotis bechsteinii,0.033,0.058,-1,Echolocation,/mnt/ubna_data_01_mir/recover-20220825/UBNA_002/20220823_033000.WAV,Telephone Field,recover-20220825,002,1795
1480.7505,1480.7573,36640,60872,Pipistrellus nathusii,0.5,0.604,-1,Echolocation,/mnt/ubna_data_01_mir/recover-20220825/UBNA_002/20220823_033000.WAV,Telephone Field,recover-20220825,002,1795
1480.7595,1480.7653,34921,48362,Myotis brandtii,0.011,0.03,-1,Echolocation,/mnt/ubna_data_01_mir/recover-20220825/UBNA_002/20220823_033000.WAV,Telephone Field,recover-20220825,002,1795
1480.7605,1480.7656,29765,44247,Myotis daubentonii,0.009,0.027,-1,Echolocation,/mnt/ubna_data_01_mir/recover-20220825/UBNA_002/20220823_033000.WAV,Telephone Field,recover-20220825,002,1795
1480.7645,1480.7944,68437,80897,Rhinolophus ferrumequinum,0.021,0.022,-1,Echolocation,/mnt/ubna_data_01_mir/recover-20220825/UBNA_002/20220823_033000.WAV,Telephone Field,recover-20220825,002,1795
1480.8265,1480.8331,34921,62056,Pipistrellus nathusii,0.198,0.379,-1,Echolocation,/mnt/ubna_data_01_mir/recover-20220825/UBNA_002/20220823_033000.WAV,Telephone Field,recover-20220825,002,1795
1480.8265,1480.8324,27187,76028,Myotis bechsteinii,0.093,0.14,-1,Echolocation,/mnt/ubna_data_01_mir/recover-20220825/UBNA_002/20220823_033000.WAV,Telephone Field,recover-20220825,002,1795
1480.8415,1480.8732,68437,81160,Rhinolophus ferrumequinum,0.021,0.021,-1,Echolocation,/mnt/ubna_data_01_mir/recover-20220825/UBNA_002/20220823_033000.WAV,Telephone Field,recover-20220825,002,1795
1480.8825,1480.8881,36640,65239,Myotis brandtii,0.201,0.343,-1,Echolocation,/mnt/ubna_data_01_mir/recover-20220825/UBNA_002/20220823_033000.WAV,Telephone Field,recover-20220825,002,1795
1480.8925,1480.8993,27187,37862,Eptesicus serotinus,0.005,0.024,-1,Echolocation,/mnt/ubna_data_01_mir/recover-20220825/UBNA_002/20220823_033000.WAV,Telephone Field,recover-20220825,002,1795
1480.9235,1480.9285,38359,59638,Myotis brandtii,0.165,0.337,-1,Echolocation,/mnt/ubna_data_01_mir/recover-20220825/UBNA_002/20220823_033000.WAV,Telephone Field,recover-20220825,002,1795
1480.9235,1480.9287,28906,80777,Myotis bechsteinii,0.118,0.177,-1,Echolocation,/mnt/ubna_data_01_mir/recover-20220825/UBNA_002/20220823_033000.WAV,Telephone Field,recover-20220825,002,1795
1480.9315,1480.9383,28046,40547,Eptesicus serotinus,0.005,0.023,-1,Echolocation,/mnt/ubna_data_01_mir/recover-20220825/UBNA_002/20220823_033000.WAV,Telephone Field,recover-20220825,002,1795
1480.9525,1480.9591,40937,53992,Pipistrellus nathusii,0.058,0.172,-1,Echolocation,/mnt/ubna_data_01_mir/recover-20220825/UBNA_002/20220823_033000.WAV,Telephone Field,recover-20220825,002,1795
1480.9575,1480.9909,68437,82487,Rhinolophus ferrumequinum,0.024,0.024,-1,Echolocation,/mnt/ubna_data_01_mir/recover-20220825/UBNA_002/20220823_033000.WAV,Telephone Field,recover-20220825,002,1795
1480.9705,1480.9773,43515,50350,Pipistrellus nathusii,0.031,0.055,-1,Echolocation,/mnt/ubna_data_01_mir/recover-20220825/UBNA_002/20220823_033000.WAV,Telephone Field,recover-20220825,002,1795
1480.9715,1480.9762,33203,67766,Myotis bechsteinii,0.035,0.078,-1,Echolocation,/mnt/ubna_data_01_mir/recover-20220825/UBNA_002/20220823_033000.WAV,Telephone Field,recover-20220825,002,1795
1481.0015,1481.0135,43515,50190,Pipistrellus nathusii,0.042,0.081,-1,Echolocation,/mnt/ubna_data_01_mir/recover-20220825/UBNA_002/20220823_033000.WAV,Telephone Field,recover-20220825,002,1795
1481.0125,1481.019,36640,47681,Myotis brandtii,0.006,0.021,-1,Echolocation,/mnt/ubna_data_01_mir/recover-20220825/UBNA_002/20220823_033000.WAV,Telephone Field,recover-20220825,002,1795
1481.0215,1481.0282,54687,60616,Pipistrellus pygmaeus,0.03,0.031,-1,Echolocation,/mnt/ubna_data_01_mir/recover-20220825/UBNA_002/20220823_033000.WAV,Telephone Field,recover-20220825,002,1795
1481.0235,1481.0621,68437,81946,Rhinolophus ferrumequinum,0.024,0.024,-1,Echolocation,/mnt/ubna_data_01_mir/recover-20220825/UBNA_002/20220823_033000.WAV,Telephone Field,recover-20220825,002,1795
1481.0455,1481.0506,34062,41590,Barbastellus barbastellus,0.01,0.027,-1,Echolocation,/mnt/ubna_data_01_mir/recover-20220825/UBNA_002/20220823_033000.WAV,Telephone Field,recover-20220825,002,1795
1481.0465,1481.0528,27187,42835,Eptesicus serotinus,0.008,0.028,-1,Echolocation,/mnt/ubna_data_01_mir/recover-20220825/UBNA_002/20220823_033000.WAV,Telephone Field,recover-20220825,002,1795
1481.0525,1481.0625,41796,50716,Pipistrellus nathusii,0.017,0.03,-1,Echolocation,/mnt/ubna_data_01_mir/recover-20220825/UBNA_002/20220823_033000.WAV,Telephone Field,recover-20220825,002,1795
1481.0555,1481.0626,48671,54393,Pipistrellus pipistrellus,0.019,0.026,-1,Echolocation,/mnt/ubna_data_01_mir/recover-20220825/UBNA_002/20220823_033000.WAV,Telephone Field,recover-20220825,002,1795
1481.0785,1481.0855,54687,61850,Pipistrellus pygmaeus,0.021,0.022,-1,Echolocation,/mnt/ubna_data_01_mir/recover-20220825/UBNA_002/20220823_033000.WAV,Telephone Field,recover-20220825,002,1795
1481.0995,1481.1074,28046,39966,Eptesicus serotinus,0.008,0.021,-1,Echolocation,/mnt/ubna_data_01_mir/recover-20220825/UBNA_002/20220823_033000.WAV,Telephone Field,recover-20220825,002,1795
1481.1205,1481.152,68437,81564,Rhinolophus ferrumequinum,0.02,0.02,-1,Echolocation,/mnt/ubna_data_01_mir/recover-20220825/UBNA_002/20220823_033000.WAV,Telephone Field,recover-20220825,002,1795
1481.1445,1481.1547,51250,56278,Pipistrellus pipistrellus,0.026,0.046,-1,Echolocation,/mnt/ubna_data_01_mir/recover-20220825/UBNA_002/20220823_033000.WAV,Telephone Field,recover-20220825,002,1795
1481.1495,1481.1566,34921,63278,Pipistrellus nathusii,0.351,0.485,-1,Echolocation,/mnt/ubna_data_01_mir/recover-20220825/UBNA_002/20220823_033000.WAV,Telephone Field,recover-20220825,002,1795
1481.1495,1481.1553,26328,71130,Myotis bechsteinii,0.063,0.105,-1,Echolocation,/mnt/ubna_data_01_mir/recover-20220825/UBNA_002/20220823_033000.WAV,Telephone Field,recover-20220825,002,1795
1481.1635,1481.1937,68437,81226,Rhinolophus ferrumequinum,0.02,0.02,-1,Echolocation,/mnt/ubna_data_01_mir/recover-20220825/UBNA_002/20220823_033000.WAV,Telephone Field,recover-20220825,002,1795
1481.2365,1481.2428,28906,62227,Myotis bechsteinii,0.024,0.051,-1,Echolocation,/mnt/ubna_data_01_mir/recover-20220825/UBNA_002/20220823_033000.WAV,Telephone Field,recover-20220825,002,1795
1481.2375,1481.245,52109,60974,Pipistrellus pygmaeus,0.029,0.035,-1,Echolocation,/mnt/ubna_data_01_mir/recover-20220825/UBNA_002/20220823_033000.WAV,Telephone Field,recover-20220825,002,1795
1481.2375,1481.245,36640,56170,Pipistrellus nathusii,0.289,0.476,-1,Echolocation,/mnt/ubna_data_01_mir/recover-20220825/UBNA_002/20220823_033000.WAV,Telephone Field,recover-20220825,002,1795
1481.2485,1481.2538,28906,42690,Myotis daubentonii,0.013,0.028,-1,Echolocation,/mnt/ubna_data_01_mir/recover-20220825/UBNA_002/20220823_033000.WAV,Telephone Field,recover-20220825,002,1795
1481.2485,1481.2762,68437,80809,Rhinolophus ferrumequinum,0.019,0.02,-1,Echolocation,/mnt/ubna_data_01_mir/recover-20220825/UBNA_002/20220823_033000.WAV,Telephone Field,recover-20220825,002,1795
1481.2535,1481.2831,68437,81174,Rhinolophus ferrumequinum,0.02,0.02,-1,Echolocation,/mnt/ubna_data_01_mir/recover-20220825/UBNA_002/20220823_033000.WAV,Telephone Field,recover-20220825,002,1795
1481.2885,1481.2976,46093,54089,Pipistrellus pipistrellus,0.019,0.024,-1,Echolocation,/mnt/ubna_data_01_mir/recover-20220825/UBNA_002/20220823_033000.WAV,Telephone Field,recover-20220825,002,1795
1481.3225,1481.3336,52968,59971,Pipistrellus pygmaeus,0.048,0.053,-1,Echolocation,/mnt/ubna_data_01_mir/recover-20220825/UBNA_002/20220823_033000.WAV,Telephone Field,recover-20220825,002,1795
1481.3245,1481.3312,36640,55283,Pipistrellus nathusii,0.476,0.613,-1,Echolocation,/mnt/ubna_data_01_mir/recover-20220825/UBNA_002/20220823_033000.WAV,Telephone Field,recover-20220825,002,1795
1481.3335,1481.3398,29765,41285,Myotis daubentonii,0.009,0.021,-1,Echolocation,/mnt/ubna_data_01_mir/recover-20220825/UBNA_002/20220823_033000.WAV,Telephone Field,recover-20220825,002,1795
1481.3545,1481.3638,47812,55397,Pipistrellus pipistrellus,0.022,0.026,-1,Echolocation,/mnt/ubna_data_01_mir/recover-20220825/UBNA_002/20220823_033000.WAV,Telephone Field,recover-20220825,002,1795
1481.4025,1481.4108,28046,35043,Eptesicus serotinus,0.008,0.023,-1,Echolocation,/mnt/ubna_data_01_mir/recover-20220825/UBNA_002/20220823_033000.WAV,Telephone Field,recover-20220825,002,1795
1481.4165,1481.4243,35781,62244,Pipistrellus nathusii,0.438,0.523,-1,Echolocation,/mnt/ubna_data_01_mir/recover-20220825/UBNA_002/20220823_033000.WAV,Telephone Field,recover-20220825,002,1795
1481.4175,1481.4241,51250,58170,Pipistrellus pipistrellus,0.015,0.028,-1,Echolocation,/mnt/ubna_data_01_mir/recover-20220825/UBNA_002/20220823_033000.WAV,Telephone Field,recover-20220825,002,1795
1481.4705,1481.4789,27187,37084,Eptesicus serotinus,0.007,0.021,-1,Echolocation,/mnt/ubna_data_01_mir/recover-20220825/UBNA_002/20220823_033000.WAV,Telephone Field,recover-20220825,002,1795
1481.4795,1481.514,68437,82135,Rhinolophus ferrumequinum,0.021,0.021,-1,Echolocation,/mnt/ubna_data_01_mir/recover-20220825/UBNA_002/20220823_033000.WAV,Telephone Field,recover-20220825,002,1795
1481.4925,1481.5001,28046,35796,Eptesicus serotinus,0.007,0.02,-1,Echolocation,/mnt/ubna_data_01_mir/recover-20220825/UBNA_002/20220823_033000.WAV,Telephone Field,recover-20220825,002,1795
1481.5055,1481.5145,36640,57595,Pipistrellus nathusii,0.455,0.563,-1,Echolocation,/mnt/ubna_data_01_mir/recover-20220825/UBNA_002/20220823_033000.WAV,Telephone Field,recover-20220825,002,1795
1481.5055,1481.5394000000001,68437,81480,Rhinolophus ferrumequinum,0.022,0.022,-1,Echolocation,/mnt/ubna_data_01_mir/recover-20220825/UBNA_002/20220823_033000.WAV,Telephone Field,recover-20220825,002,1795
1481.5065,1481.5123,49531,57607,Pipistrellus pipistrellus,0.011,0.021,-1,Echolocation,/mnt/ubna_data_01_mir/recover-20220825/UBNA_002/20220823_033000.WAV,Telephone Field,recover-20220825,002,1795
1481.5125,1481.5179,28906,43009,Myotis daubentonii,0.011,0.024,-1,Echolocation,/mnt/ubna_data_01_mir/recover-20220825/UBNA_002/20220823_033000.WAV,Telephone Field,recover-20220825,002,1795
1481.5385,1481.5493,24609,30722,Nyctalus leisleri,0.007,0.021,-1,Echolocation,/mnt/ubna_data_01_mir/recover-20220825/UBNA_002/20220823_033000.WAV,Telephone Field,recover-20220825,002,1795
1481.5735,1481.5848,25468,32391,Eptesicus serotinus,0.013,0.026,-1,Echolocation,/mnt/ubna_data_01_mir/recover-20220825/UBNA_002/20220823_033000.WAV,Telephone Field,recover-20220825,002,1795
1481.6005,1481.6075,42656,57116,Pipistrellus nathusii,0.023,0.079,-1,Echolocation,/mnt/ubna_data_01_mir/recover-20220825/UBNA_002/20220823_033000.WAV,Telephone Field,recover-20220825,002,1795
1481.6015,1481.6083,26328,60023,Myotis bechsteinii,0.021,0.043,-1,Echolocation,/mnt/ubna_data_01_mir/recover-20220825/UBNA_002/20220823_033000.WAV,Telephone Field,recover-20220825,002,1795
1481.6025,1481.6104,34921,59699,Pipistrellus nathusii,0.492,0.567,-1,Echolocation,/mnt/ubna_data_01_mir/recover-20220825/UBNA_002/20220823_033000.WAV,Telephone Field,recover-20220825,002,1795
1481.6415,1481.6506,25468,34599,Eptesicus serotinus,0.008,0.022,-1,Echolocation,/mnt/ubna_data_01_mir/recover-20220825/UBNA_002/20220823_033000.WAV,Telephone Field,recover-20220825,002,1795
1481.6425,1481.6508,59843,66217,Pipistrellus pygmaeus,0.02,0.02,-1,Echolocation,/mnt/ubna_data_01_mir/recover-20220825/UBNA_002/20220823_033000.WAV,Telephone Field,recover-20220825,002,1795
1481.6485,1481.6857,68437,81567,Rhinolophus ferrumequinum,0.02,0.02,-1,Echolocation,/mnt/ubna_data_01_mir/recover-20220825/UBNA_002/20220823_033000.WAV,Telephone Field,recover-20220825,002,1795
1481.6675,1481.6755,31484,38595,Barbastellus barbastellus,0.006,0.02,-1,Echolocation,/mnt/ubna_data_01_mir/recover-20220825/UBNA_002/20220823_033000.WAV,Telephone Field,recover-20220825,002,1795
1481.6685,1481.6767,27187,35471,Eptesicus serotinus,0.007,0.02,-1,Echolocation,/mnt/ubna_data_01_mir/recover-20220825/UBNA_002/20220823_033000.WAV,Telephone Field,recover-20220825,002,1795
1481.6825,1481.6886,35781,54355,Myotis brandtii,0.009,0.022,-1,Echolocation,/mnt/ubna_data_01_mir/recover-20220825/UBNA_002/20220823_033000.WAV,Telephone Field,recover-20220825,002,1795
1481.6915,1481.6975,48671,56039,Pipistrellus pipistrellus,0.014,0.022,-1,Echolocation,/mnt/ubna_data_01_mir/recover-20220825/UBNA_002/20220823_033000.WAV,Telephone Field,recover-20220825,002,1795
1481.6975,1481.7073,35781,52480,Pipistrellus nathusii,0.452,0.535,-1,Echolocation,/mnt/ubna_data_01_mir/recover-20220825/UBNA_002/20220823_033000.WAV,Telephone Field,recover-20220825,002,1795
1481.7075,1481.7413,68437,81739,Rhinolophus ferrumequinum,0.022,0.022,-1,Echolocation,/mnt/ubna_data_01_mir/recover-20220825/UBNA_002/20220823_033000.WAV,Telephone Field,recover-20220825,002,1795
1481.7325,1481.7393,49531,56137,Pipistrellus pipistrellus,0.021,0.027,-1,Echolocation,/mnt/ubna_data_01_mir/recover-20220825/UBNA_002/20220823_033000.WAV,Telephone Field,recover-20220825,002,1795
1481.7425,1481.7806,68437,82149,Rhinolophus ferrumequinum,0.02,0.02,-1,Echolocation,/mnt/ubna_data_01_mir/recover-20220825/UBNA_002/20220823_033000.WAV,Telephone Field,recover-20220825,002,1795
1481.7795,1481.7888,28906,33334,Eptesicus serotinus,0.008,0.022,-1,Echolocation,/mnt/ubna_data_01_mir/recover-20220825/UBNA_002/20220823_033000.WAV,Telephone Field,recover-20220825,002,1795
1481.7905,1481.798,49531,54996,Pipistrellus pipistrellus,0.021,0.037,-1,Echolocation,/mnt/ubna_data_01_mir/recover-20220825/UBNA_002/20220823_033000.WAV,Telephone Field,recover-20220825,002,1795
1481.7925,1481.8017,35781,58480,Pipistrellus nathusii,0.367,0.53,-1,Echolocation,/mnt/ubna_data_01_mir/recover-20220825/UBNA_002/20220823_033000.WAV,Telephone Field,recover-20220825,002,1795
1481.8055,1481.8359,68437,80961,Rhinolophus ferrumequinum,0.02,0.02,-1,Echolocation,/mnt/ubna_data_01_mir/recover-20220825/UBNA_002/20220823_033000.WAV,Telephone Field,recover-20220825,002,1795
1481.8845,1481.8908,48671,55453,Pipistrellus pipistrellus,0.015,0.024,-1,Echolocation,/mnt/ubna_data_01_mir/recover-20220825/UBNA_002/20220823_033000.WAV,Telephone Field,recover-20220825,002,1795
1481.8875,1481.8948,34921,54170,Pipistrellus nathusii,0.24,0.537,-1,Echolocation,/mnt/ubna_data_01_mir/recover-20220825/UBNA_002/20220823_033000.WAV,Telephone Field,recover-20220825,002,1795
1481.8915,1481.9208,68437,80984,Rhinolophus ferrumequinum,0.023,0.023,-1,Echolocation,/mnt/ubna_data_01_mir/recover-20220825/UBNA_002/20220823_033000.WAV,Telephone Field,recover-20220825,002,1795
1481.8965,1481.9017,29765,41854,Myotis daubentonii,0.012,0.027,-1,Echolocation,/mnt/ubna_data_01_mir/recover-20220825/UBNA_002/20220823_033000.WAV,Telephone Field,recover-20220825,002,1795
1481.8975,1481.9257,68437,81163,Rhinolophus ferrumequinum,0.021,0.021,-1,Echolocation,/mnt/ubna_data_01_mir/recover-20220825/UBNA_002/20220823_033000.WAV,Telephone Field,recover-20220825,002,1795
1481.9065,1481.9147,55546,62477,Pipistrellus pygmaeus,0.02,0.02,-1,Echolocation,/mnt/ubna_data_01_mir/recover-20220825/UBNA_002/20220823_033000.WAV,Telephone Field,recover-20220825,002,1795
1481.9185,1481.9581,68437,81828,Rhinolophus ferrumequinum,0.025,0.025,-1,Echolocation,/mnt/ubna_data_01_mir/recover-20220825/UBNA_002/20220823_033000.WAV,Telephone Field,recover-20220825,002,1795
1481.9525,1481.9622,28046,35981,Eptesicus serotinus,0.008,0.02,-1,Echolocation,/mnt/ubna_data_01_mir/recover-20220825/UBNA_002/20220823_033000.WAV,Telephone Field,recover-20220825,002,1795
1481.9625,1481.9959,68437,81522,Rhinolophus ferrumequinum,0.02,0.02,-1,Echolocation,/mnt/ubna_data_01_mir/recover-20220825/UBNA_002/20220823_033000.WAV,Telephone Field,recover-20220825,002,1795
1481.9835,1481.9908,34921,47717,Pipistrellus nathusii,0.356,0.64,-1,Echolocation,/mnt/ubna_data_01_mir/recover-20220825/UBNA_002/20220823_033000.WAV,Telephone Field,recover-20220825,002,1795
1481.9925,1481.9994,27187,38469,Eptesicus serotinus,0.009,0.031,-1,Echolocation,/mnt/ubna_data_01_mir/recover-20220825/UBNA_002/20220823_033000.WAV,Telephone Field,recover-20220825,002,1795
1482.0015,1482.0312,68437,79563,Rhinolophus ferrumequinum,0.046,0.046,-1,Echolocation,/mnt/ubna_data_01_mir/recover-20220825/UBNA_002/20220823_033000.WAV,Telephone Field,recover-20220825,002,1795
1482.0015,1482.0101,35781,43212,Pipistrellus nathusii,0.023,0.04,-1,Echolocation,/mnt/ubna_data_01_mir/recover-20220825/UBNA_002/20220823_033000.WAV,Telephone Field,recover-20220825,002,1795
1482.0015,1482.0107,23750,32710,Nyctalus leisleri,0.009,0.03,-1,Echolocation,/mnt/ubna_data_01_mir/recover-20220825/UBNA_002/20220823_033000.WAV,Telephone Field,recover-20220825,002,1795
1482.0015,1482.0124,54687,61812,Pipistrellus pygmaeus,0.031,0.034,-1,Echolocation,/mnt/ubna_data_01_mir/recover-20220825/UBNA_002/20220823_033000.WAV,Telephone Field,recover-20220825,002,1795
1482.0305,1482.0408,28046,35763,Eptesicus serotinus,0.011,0.022,-1,Echolocation,/mnt/ubna_data_01_mir/recover-20220825/UBNA_002/20220823_033000.WAV,Telephone Field,recover-20220825,002,1795
1482.0425,1482.052,28046,35756,Eptesicus serotinus,0.01,0.023,-1,Echolocation,/mnt/ubna_data_01_mir/recover-20220825/UBNA_002/20220823_033000.WAV,Telephone Field,recover-20220825,002,1795
1482.0695,1482.0764,46093,53095,Pipistrellus pipistrellus,0.019,0.027,-1,Echolocation,/mnt/ubna_data_01_mir/recover-20220825/UBNA_002/20220823_033000.WAV,Telephone Field,recover-20220825,002,1795
1482.0695,1482.1012,68437,80930,Rhinolophus ferrumequinum,0.03,0.03,-1,Echolocation,/mnt/ubna_data_01_mir/recover-20220825/UBNA_002/20220823_033000.WAV,Telephone Field,recover-20220825,002,1795
1482.0775,1482.0845,28046,57626,Myotis bechsteinii,0.014,0.045,-1,Echolocation,/mnt/ubna_data_01_mir/recover-20220825/UBNA_002/20220823_033000.WAV,Telephone Field,recover-20220825,002,1795
1482.0795,1482.0879,35781,55633,Pipistrellus nathusii,0.575,0.649,-1,Echolocation,/mnt/ubna_data_01_mir/recover-20220825/UBNA_002/20220823_033000.WAV,Telephone Field,recover-20220825,002,1795
1482.0885,1482.0946,30625,41739,Myotis daubentonii,0.013,0.031,-1,Echolocation,/mnt/ubna_data_01_mir/recover-20220825/UBNA_002/20220823_033000.WAV,Telephone Field,recover-20220825,002,1795
1482.0935,1482.1246,68437,80754,Rhinolophus ferrumequinum,0.024,0.024,-1,Echolocation,/mnt/ubna_data_01_mir/recover-20220825/UBNA_002/20220823_033000.WAV,Telephone Field,recover-20220825,002,1795
1482.1105,1482.1205,27187,35605,Eptesicus serotinus,0.01,0.024,-1,Echolocation,/mnt/ubna_data_01_mir/recover-20220825/UBNA_002/20220823_033000.WAV,Telephone Field,recover-20220825,002,1795
1482.1265,1482.1363,28046,37366,Eptesicus serotinus,0.013,0.028,-1,Echolocation,/mnt/ubna_data_01_mir/recover-20220825/UBNA_002/20220823_033000.WAV,Telephone Field,recover-20220825,002,1795
1482.1565,1482.1972,68437,82705,Rhinolophus ferrumequinum,0.024,0.024,-1,Echolocation,/mnt/ubna_data_01_mir/recover-20220825/UBNA_002/20220823_033000.WAV,Telephone Field,recover-20220825,002,1795
1482.1815,1482.188,46093,51430,Pipistrellus pipistrellus,0.014,0.027,-1,Echolocation,/mnt/ubna_data_01_mir/recover-20220825/UBNA_002/20220823_033000.WAV,Telephone Field,recover-20220825,002,1795
1482.1815,1482.19,36640,49004,Pipistrellus nathusii,0.471,0.572,-1,Echolocation,/mnt/ubna_data_01_mir/recover-20220825/UBNA_002/20220823_033000.WAV,Telephone Field,recover-20220825,002,1795
1482.1935,1482.2017,27187,34790,Eptesicus serotinus,0.007,0.023,-1,Echolocation,/mnt/ubna_data_01_mir/recover-20220825/UBNA_002/20220823_033000.WAV,Telephone Field,recover-20220825,002,1795
1482.2225,1482.2623,68437,82878,Rhinolophus ferrumequinum,0.026,0.026,-1,Echolocation,/mnt/ubna_data_01_mir/recover-20220825/UBNA_002/20220823_033000.WAV,Telephone Field,recover-20220825,002,1795
1482.2565,1482.2646,28046,40239,Eptesicus serotinus,0.008,0.023,-1,Echolocation,/mnt/ubna_data_01_mir/recover-20220825/UBNA_002/20220823_033000.WAV,Telephone Field,recover-20220825,002,1795
1482.2625,1482.295,68437,81292,Rhinolophus ferrumequinum,0.023,0.023,-1,Echolocation,/mnt/ubna_data_01_mir/recover-20220825/UBNA_002/20220823_033000.WAV,Telephone Field,recover-20220825,002,1795
1482.2655,1482.2729,28046,35903,Eptesicus serotinus,0.009,0.027,-1,Echolocation,/mnt/ubna_data_01_mir/recover-20220825/UBNA_002/20220823_033000.WAV,Telephone Field,recover-20220825,002,1795
1482.2745,1482.2814,47812,51671,Pipistrellus pipistrellus,0.032,0.049,-1,Echolocation,/mnt/ubna_data_01_mir/recover-20220825/UBNA_002/20220823_033000.WAV,Telephone Field,recover-20220825,002,1795
1482.2795,1482.2867,27187,53372,Myotis bechsteinii,0.011,0.032,-1,Echolocation,/mnt/ubna_data_01_mir/recover-20220825/UBNA_002/20220823_033000.WAV,Telephone Field,recover-20220825,002,1795
1482.2815,1482.2911,34921,55274,Pipistrellus nathusii,0.443,0.594,-1,Echolocation,/mnt/ubna_data_01_mir/recover-20220825/UBNA_002/20220823_033000.WAV,Telephone Field,recover-20220825,002,1795
1482.2895,1482.2962,29765,39865,Myotis daubentonii,0.013,0.03,-1,Echolocation,/mnt/ubna_data_01_mir/recover-20220825/UBNA_002/20220823_033000.WAV,Telephone Field,recover-20220825,002,1795
1482.3775,1482.3877,35781,50448,Pipistrellus nathusii,0.503,0.606,-1,Echolocation,/mnt/ubna_data_01_mir/recover-20220825/UBNA_002/20220823_033000.WAV,Telephone Field,recover-20220825,002,1795
1482.3785,1482.3843,46093,50896,Pipistrellus pipistrellus,0.017,0.036,-1,Echolocation,/mnt/ubna_data_01_mir/recover-20220825/UBNA_002/20220823_033000.WAV,Telephone Field,recover-20220825,002,1795
1482.4095,1482.4188,28046,37939,Eptesicus serotinus,0.01,0.024,-1,Echolocation,/mnt/ubna_data_01_mir/recover-20220825/UBNA_002/20220823_033000.WAV,Telephone Field,recover-20220825,002,1795
1482.4535,1482.4604,48671,53202,Pipistrellus pipistrellus,0.024,0.029,-1,Echolocation,/mnt/ubna_data_01_mir/recover-20220825/UBNA_002/20220823_033000.WAV,Telephone Field,recover-20220825,002,1795
1482.4735,1482.4804,44375,55787,Pipistrellus pipistrellus,0.011,0.033,-1,Echolocation,/mnt/ubna_data_01_mir/recover-20220825/UBNA_002/20220823_033000.WAV,Telephone Field,recover-20220825,002,1795
1482.4755,1482.4871,15156,20531,Nyctalus noctula,0.012,0.026,-1,Echolocation,/mnt/ubna_data_01_mir/recover-20220825/UBNA_002/20220823_033000.WAV,Telephone Field,recover-20220825,002,1795
1482.4755,1482.4857,35781,53615,Pipistrellus nathusii,0.423,0.645,-1,Echolocation,/mnt/ubna_data_01_mir/recover-20220825/UBNA_002/20220823_033000.WAV,Telephone Field,recover-20220825,002,1795
1482.5415,1482.551,25468,34246,Eptesicus serotinus,0.011,0.03,-1,Echolocation,/mnt/ubna_data_01_mir/recover-20220825/UBNA_002/20220823_033000.WAV,Telephone Field,recover-20220825,002,1795
1482.5765,1482.5843,36640,48353,Pipistrellus nathusii,0.555,0.623,-1,Echolocation,/mnt/ubna_data_01_mir/recover-20220825/UBNA_002/20220823_033000.WAV,Telephone Field,recover-20220825,002,1795
1482.6325,1482.6435,41796,50091,Pipistrellus nathusii,0.039,0.049,-1,Echolocation,/mnt/ubna_data_01_mir/recover-20220825/UBNA_002/20220823_033000.WAV,Telephone Field,recover-20220825,002,1795
1482.6695,1482.6768,44375,52754,Pipistrellus pipistrellus,0.011,0.039,-1,Echolocation,/mnt/ubna_data_01_mir/recover-20220825/UBNA_002/20220823_033000.WAV,Telephone Field,recover-20220825,002,1795
1482.6725,1482.681,35781,52493,Pipistrellus nathusii,0.541,0.636,-1,Echolocation,/mnt/ubna_data_01_mir/recover-20220825/UBNA_002/20220823_033000.WAV,Telephone Field,recover-20220825,002,1795
1482.6815,1482.6872,29765,41385,Myotis daubentonii,0.012,0.026,-1,Echolocation,/mnt/ubna_data_01_mir/recover-20220825/UBNA_002/20220823_033000.WAV,Telephone Field,recover-20220825,002,1795
1482.6915,1482.7017,51250,55576,Pipistrellus pygmaeus,0.022,0.027,-1,Echolocation,/mnt/ubna_data_01_mir/recover-20220825/UBNA_002/20220823_033000.WAV,Telephone Field,recover-20220825,002,1795
1482.7115,1482.7438,68437,81477,Rhinolophus ferrumequinum,0.024,0.024,-1,Echolocation,/mnt/ubna_data_01_mir/recover-20220825/UBNA_002/20220823_033000.WAV,Telephone Field,recover-20220825,002,1795
1482.7145,1482.7219,28046,36070,Eptesicus serotinus,0.007,0.022,-1,Echolocation,/mnt/ubna_data_01_mir/recover-20220825/UBNA_002/20220823_033000.WAV,Telephone Field,recover-20220825,002,1795
1482.7495,1482.7607,28906,34501,Eptesicus serotinus,0.016,0.032,-1,Echolocation,/mnt/ubna_data_01_mir/recover-20220825/UBNA_002/20220823_033000.WAV,Telephone Field,recover-20220825,002,1795
1482.7605,1482.7953,68437,81603,Rhinolophus ferrumequinum,0.023,0.023,-1,Echolocation,/mnt/ubna_data_01_mir/recover-20220825/UBNA_002/20220823_033000.WAV,Telephone Field,recover-20220825,002,1795
1482.7675,1482.777,37500,47974,Pipistrellus nathusii,0.474,0.569,-1,Echolocation,/mnt/ubna_data_01_mir/recover-20220825/UBNA_002/20220823_033000.WAV,Telephone Field,recover-20220825,002,1795
1482.7835,1482.7901,31484,41612,Myotis daubentonii,0.009,0.028,-1,Echolocation,/mnt/ubna_data_01_mir/recover-20220825/UBNA_002/20220823_033000.WAV,Telephone Field,recover-20220825,002,1795
1482.8125,1482.8244,15156,21239,Nyctalus noctula,0.023,0.039,-1,Echolocation,/mnt/ubna_data_01_mir/recover-20220825/UBNA_002/20220823_033000.WAV,Telephone Field,recover-20220825,002,1795
1482.8155,1482.8239,27187,37409,Eptesicus serotinus,0.009,0.024,-1,Echolocation,/mnt/ubna_data_01_mir/recover-20220825/UBNA_002/20220823_033000.WAV,Telephone Field,recover-20220825,002,1795
1482.8235,1482.8328,28046,35224,Eptesicus serotinus,0.009,0.022,-1,Echolocation,/mnt/ubna_data_01_mir/recover-20220825/UBNA_002/20220823_033000.WAV,Telephone Field,recover-20220825,002,1795
1482.8515,1482.8598,55546,64592,Pipistrellus pygmaeus,0.027,0.028,-1,Echolocation,/mnt/ubna_data_01_mir/recover-20220825/UBNA_002/20220823_033000.WAV,Telephone Field,recover-20220825,002,1795
1482.8535,1482.8612,37500,49029,Pipistrellus nathusii,0.572,0.7,-1,Echolocation,/mnt/ubna_data_01_mir/recover-20220825/UBNA_002/20220823_033000.WAV,Telephone Field,recover-20220825,002,1795
1482.8715,1482.8804,54687,60752,Pipistrellus pygmaeus,0.023,0.024,-1,Echolocation,/mnt/ubna_data_01_mir/recover-20220825/UBNA_002/20220823_033000.WAV,Telephone Field,recover-20220825,002,1795
1482.8775,1482.8835,40078,51623,Myotis brandtii,0.007,0.022,-1,Echolocation,/mnt/ubna_data_01_mir/recover-20220825/UBNA_002/20220823_033000.WAV,Telephone Field,recover-20220825,002,1795
1482.8975,1482.9154,19453,22783,Nyctalus leisleri,0.01,0.023,-1,Echolocation,/mnt/ubna_data_01_mir/recover-20220825/UBNA_002/20220823_033000.WAV,Telephone Field,recover-20220825,002,1795
1482.8985,1482.9083,40078,46267,Pipistrellus nathusii,0.019,0.028,-1,Echolocation,/mnt/ubna_data_01_mir/recover-20220825/UBNA_002/20220823_033000.WAV,Telephone Field,recover-20220825,002,1795
1482.9435,1482.9499,37500,48482,Pipistrellus nathusii,0.469,0.568,-1,Echolocation,/mnt/ubna_data_01_mir/recover-20220825/UBNA_002/20220823_033000.WAV,Telephone Field,recover-20220825,002,1795
1482.9465,1482.9542,48671,52351,Pipistrellus pipistrellus,0.015,0.023,-1,Echolocation,/mnt/ubna_data_01_mir/recover-20220825/UBNA_002/20220823_033000.WAV,Telephone Field,recover-20220825,002,1795
1482.9575,1482.9682,47812,53040,Pipistrellus pipistrellus,0.023,0.03,-1,Echolocation,/mnt/ubna_data_01_mir/recover-20220825/UBNA_002/20220823_033000.WAV,Telephone Field,recover-20220825,002,1795
1482.9905,1483.0264,68437,82085,Rhinolophus ferrumequinum,0.023,0.023,-1,Echolocation,/mnt/ubna_data_01_mir/recover-20220825/UBNA_002/20220823_033000.WAV,Telephone Field,recover-20220825,002,1795
1482.9955,1483.0014,55546,63106,Pipistrellus pygmaeus,0.025,0.025,-1,Echolocation,/mnt/ubna_data_01_mir/recover-20220825/UBNA_002/20220823_033000.WAV,Telephone Field,recover-20220825,002,1795
1483.0305,1483.0383,37500,51653,Pipistrellus nathusii,0.541,0.669,-1,Echolocation,/mnt/ubna_data_01_mir/recover-20220825/UBNA_002/20220823_033000.WAV,Telephone Field,recover-20220825,002,1795
1483.0725,1483.0815,26328,34076,Eptesicus serotinus,0.01,0.023,-1,Echolocation,/mnt/ubna_data_01_mir/recover-20220825/UBNA_002/20220823_033000.WAV,Telephone Field,recover-20220825,002,1795
1483.1145,1483.1239,26328,33379,Eptesicus serotinus,0.011,0.028,-1,Echolocation,/mnt/ubna_data_01_mir/recover-20220825/UBNA_002/20220823_033000.WAV,Telephone Field,recover-20220825,002,1795
1483.1285,1483.1403,37500,42397,Pipistrellus nathusii,0.078,0.089,-1,Echolocation,/mnt/ubna_data_01_mir/recover-20220825/UBNA_002/20220823_033000.WAV,Telephone Field,recover-20220825,002,1795
1483.1475,1483.1869,68437,82443,Rhinolophus ferrumequinum,0.024,0.024,-1,Echolocation,/mnt/ubna_data_01_mir/recover-20220825/UBNA_002/20220823_033000.WAV,Telephone Field,recover-20220825,002,1795
1483.1745,1483.1821,42656,47112,Pipistrellus nathusii,0.018,0.033,-1,Echolocation,/mnt/ubna_data_01_mir/recover-20220825/UBNA_002/20220823_033000.WAV,Telephone Field,recover-20220825,002,1795
1483.1785,1483.1847,30625,49362,Myotis daubentonii,0.012,0.028,-1,Echolocation,/mnt/ubna_data_01_mir/recover-20220825/UBNA_002/20220823_033000.WAV,Telephone Field,recover-20220825,002,1795
1483.2075,1483.2172,31484,38444,Barbastellus barbastellus,0.006,0.022,-1,Echolocation,/mnt/ubna_data_01_mir/recover-20220825/UBNA_002/20220823_033000.WAV,Telephone Field,recover-20220825,002,1795
1483.2125,1483.2204,40937,50274,Pipistrellus nathusii,0.012,0.027,-1,Echolocation,/mnt/ubna_data_01_mir/recover-20220825/UBNA_002/20220823_033000.WAV,Telephone Field,recover-20220825,002,1795
1483.2165,1483.2244,28046,38826,Eptesicus serotinus,0.009,0.024,-1,Echolocation,/mnt/ubna_data_01_mir/recover-20220825/UBNA_002/20220823_033000.WAV,Telephone Field,recover-20220825,002,1795
1483.2305,1483.238,38359,49900,Pipistrellus nathusii,0.297,0.421,-1,Echolocation,/mnt/ubna_data_01_mir/recover-20220825/UBNA_002/20220823_033000.WAV,Telephone Field,recover-20220825,002,1795
1483.2365,1483.2467,52109,57257,Pipistrellus pygmaeus,0.019,0.022,-1,Echolocation,/mnt/ubna_data_01_mir/recover-20220825/UBNA_002/20220823_033000.WAV,Telephone Field,recover-20220825,002,1795
1483.2405,1483.2487,27187,36111,Eptesicus serotinus,0.007,0.022,-1,Echolocation,/mnt/ubna_data_01_mir/recover-20220825/UBNA_002/20220823_033000.WAV,Telephone Field,recover-20220825,002,1795
1483.2745,1483.2827,28046,39362,Eptesicus serotinus,0.01,0.025,-1,Echolocation,/mnt/ubna_data_01_mir/recover-20220825/UBNA_002/20220823_033000.WAV,Telephone Field,recover-20220825,002,1795
1483.2935,1483.3365,68437,83363,Rhinolophus ferrumequinum,0.04,0.04,-1,Echolocation,/mnt/ubna_data_01_mir/recover-20220825/UBNA_002/20220823_033000.WAV,Telephone Field,recover-20220825,002,1795
1483.3025,1483.3108,42656,47525,Pipistrellus nathusii,0.231,0.254,-1,Echolocation,/mnt/ubna_data_01_mir/recover-20220825/UBNA_002/20220823_033000.WAV,Telephone Field,recover-20220825,002,1795
1483.3305,1483.3402,53828,60423,Pipistrellus pygmaeus,0.024,0.025,-1,Echolocation,/mnt/ubna_data_01_mir/recover-20220825/UBNA_002/20220823_033000.WAV,Telephone Field,recover-20220825,002,1795
1483.3315,1483.3394,27187,37442,Eptesicus serotinus,0.012,0.029,-1,Echolocation,/mnt/ubna_data_01_mir/recover-20220825/UBNA_002/20220823_033000.WAV,Telephone Field,recover-20220825,002,1795
1483.3715,1483.3832,28046,32697,Eptesicus serotinus,0.016,0.035,-1,Echolocation,/mnt/ubna_data_01_mir/recover-20220825/UBNA_002/20220823_033000.WAV,Telephone Field,recover-20220825,002,1795
1483.3825,1483.3891,40078,49817,Pipistrellus nathusii,0.413,0.488,-1,Echolocation,/mnt/ubna_data_01_mir/recover-20220825/UBNA_002/20220823_033000.WAV,Telephone Field,recover-20220825,002,1795
1483.4285,1483.438,28046,36368,Eptesicus serotinus,0.012,0.025,-1,Echolocation,/mnt/ubna_data_01_mir/recover-20220825/UBNA_002/20220823_033000.WAV,Telephone Field,recover-20220825,002,1795
1483.4405,1483.4804,68437,81549,Rhinolophus ferrumequinum,0.023,0.023,-1,Echolocation,/mnt/ubna_data_01_mir/recover-20220825/UBNA_002/20220823_033000.WAV,Telephone Field,recover-20220825,002,1795
1483.4445,1483.4544,28046,34494,Eptesicus serotinus,0.011,0.027,-1,Echolocation,/mnt/ubna_data_01_mir/recover-20220825/UBNA_002/20220823_033000.WAV,Telephone Field,recover-20220825,002,1795
1483.4555,1483.4629,54687,62677,Pipistrellus pygmaeus,0.022,0.023,-1,Echolocation,/mnt/ubna_data_01_mir/recover-20220825/UBNA_002/20220823_033000.WAV,Telephone Field,recover-20220825,002,1795
1483.4615,1483.4684,40078,49700,Pipistrellus nathusii,0.51,0.551,-1,Echolocation,/mnt/ubna_data_01_mir/recover-20220825/UBNA_002/20220823_033000.WAV,Telephone Field,recover-20220825,002,1795
1483.4615,1483.4682,49531,53931,Pipistrellus pipistrellus,0.013,0.024,-1,Echolocation,/mnt/ubna_data_01_mir/recover-20220825/UBNA_002/20220823_033000.WAV,Telephone Field,recover-20220825,002,1795
1483.5015,1483.5113,28046,37319,Eptesicus serotinus,0.01,0.022,-1,Echolocation,/mnt/ubna_data_01_mir/recover-20220825/UBNA_002/20220823_033000.WAV,Telephone Field,recover-20220825,002,1795
1483.5045,1483.5439,68437,81835,Rhinolophus ferrumequinum,0.025,0.025,-1,Echolocation,/mnt/ubna_data_01_mir/recover-20220825/UBNA_002/20220823_033000.WAV,Telephone Field,recover-20220825,002,1795
1483.5085,1483.5191,28906,34936,Eptesicus serotinus,0.01,0.023,-1,Echolocation,/mnt/ubna_data_01_mir/recover-20220825/UBNA_002/20220823_033000.WAV,Telephone Field,recover-20220825,002,1795
1483.5095,1483.5245,15156,21151,Nyctalus noctula,0.017,0.025,-1,Echolocation,/mnt/ubna_data_01_mir/recover-20220825/UBNA_002/20220823_033000.WAV,Telephone Field,recover-20220825,002,1795
1483.5235,1483.5293,41796,54025,Pipistrellus nathusii,0.502,0.552,-1,Echolocation,/mnt/ubna_data_01_mir/recover-20220825/UBNA_002/20220823_033000.WAV,Telephone Field,recover-20220825,002,1795
1483.5425,1483.5796,68437,82516,Rhinolophus ferrumequinum,0.023,0.023,-1,Echolocation,/mnt/ubna_data_01_mir/recover-20220825/UBNA_002/20220823_033000.WAV,Telephone Field,recover-20220825,002,1795
1483.5635,1483.5708,28046,36257,Eptesicus serotinus,0.007,0.022,-1,Echolocation,/mnt/ubna_data_01_mir/recover-20220825/UBNA_002/20220823_033000.WAV,Telephone Field,recover-20220825,002,1795
1483.5765,1483.5828,39218,56307,Pipistrellus nathusii,0.311,0.558,-1,Echolocation,/mnt/ubna_data_01_mir/recover-20220825/UBNA_002/20220823_033000.WAV,Telephone Field,recover-20220825,002,1795
1483.5965,1483.6045,28046,38381,Eptesicus serotinus,0.012,0.029,-1,Echolocation,/mnt/ubna_data_01_mir/recover-20220825/UBNA_002/20220823_033000.WAV,Telephone Field,recover-20220825,002,1795
1483.6235,1483.6326,26328,32439,Eptesicus serotinus,0.009,0.023,-1,Echolocation,/mnt/ubna_data_01_mir/recover-20220825/UBNA_002/20220823_033000.WAV,Telephone Field,recover-20220825,002,1795
1483.6405,1483.6463,40078,54944,Pipistrellus nathusii,0.25,0.483,-1,Echolocation,/mnt/ubna_data_01_mir/recover-20220825/UBNA_002/20220823_033000.WAV,Telephone Field,recover-20220825,002,1795
1483.6555,1483.6661,23750,28689,Nyctalus leisleri,0.01,0.025,-1,Echolocation,/mnt/ubna_data_01_mir/recover-20220825/UBNA_002/20220823_033000.WAV,Telephone Field,recover-20220825,002,1795
1483.6585,1483.6998,68437,82251,Rhinolophus ferrumequinum,0.023,0.023,-1,Echolocation,/mnt/ubna_data_01_mir/recover-20220825/UBNA_002/20220823_033000.WAV,Telephone Field,recover-20220825,002,1795
1483.6635,1483.704,68437,82859,Rhinolophus ferrumequinum,0.023,0.023,-1,Echolocation,/mnt/ubna_data_01_mir/recover-20220825/UBNA_002/20220823_033000.WAV,Telephone Field,recover-20220825,002,1795
1483.7155,1483.725,48671,56231,Pipistrellus pipistrellus,0.015,0.023,-1,Echolocation,/mnt/ubna_data_01_mir/recover-20220825/UBNA_002/20220823_033000.WAV,Telephone Field,recover-20220825,002,1795
1483.7245,1483.7308,40078,55089,Pipistrellus nathusii,0.314,0.501,-1,Echolocation,/mnt/ubna_data_01_mir/recover-20220825/UBNA_002/20220823_033000.WAV,Telephone Field,recover-20220825,002,1795
1483.7325,1483.7395,27187,35845,Eptesicus serotinus,0.006,0.023,-1,Echolocation,/mnt/ubna_data_01_mir/recover-20220825/UBNA_002/20220823_033000.WAV,Telephone Field,recover-20220825,002,1795
1483.7755,1483.8117,68437,82351,Rhinolophus ferrumequinum,0.022,0.022,-1,Echolocation,/mnt/ubna_data_01_mir/recover-20220825/UBNA_002/20220823_033000.WAV,Telephone Field,recover-20220825,002,1795
1483.7985,1483.8081,27187,36275,Eptesicus serotinus,0.01,0.022,-1,Echolocation,/mnt/ubna_data_01_mir/recover-20220825/UBNA_002/20220823_033000.WAV,Telephone Field,recover-20220825,002,1795
1483.8225,1483.828,40937,56085,Pipistrellus nathusii,0.326,0.419,-1,Echolocation,/mnt/ubna_data_01_mir/recover-20220825/UBNA_002/20220823_033000.WAV,Telephone Field,recover-20220825,002,1795
1483.8305,1483.8393,28046,34258,Eptesicus serotinus,0.008,0.024,-1,Echolocation,/mnt/ubna_data_01_mir/recover-20220825/UBNA_002/20220823_033000.WAV,Telephone Field,recover-20220825,002,1795
1483.8465,1483.8571,23750,29888,Nyctalus leisleri,0.008,0.023,-1,Echolocation,/mnt/ubna_data_01_mir/recover-20220825/UBNA_002/20220823_033000.WAV,Telephone Field,recover-20220825,002,1795
1483.8525,1483.8618,27187,34357,Eptesicus serotinus,0.009,0.022,-1,Echolocation,/mnt/ubna_data_01_mir/recover-20220825/UBNA_002/20220823_033000.WAV,Telephone Field,recover-20220825,002,1795
1483.8875,1483.8941,40937,54668,Pipistrellus nathusii,0.321,0.533,-1,Echolocation,/mnt/ubna_data_01_mir/recover-20220825/UBNA_002/20220823_033000.WAV,Telephone Field,recover-20220825,002,1795
1483.9285,1483.9388,33203,38882,Barbastellus barbastellus,0.031,0.079,-1,Echolocation,/mnt/ubna_data_01_mir/recover-20220825/UBNA_002/20220823_033000.WAV,Telephone Field,recover-20220825,002,1795
1483.9495,1483.955,40937,58855,Pipistrellus nathusii,0.458,0.537,-1,Echolocation,/mnt/ubna_data_01_mir/recover-20220825/UBNA_002/20220823_033000.WAV,Telephone Field,recover-20220825,002,1795
1483.9745,1483.9874,22890,28741,Nyctalus leisleri,0.01,0.029,-1,Echolocation,/mnt/ubna_data_01_mir/recover-20220825/UBNA_002/20220823_033000.WAV,Telephone Field,recover-20220825,002,1795
1483.9775,1483.9847,33203,43766,Barbastellus barbastellus,0.007,0.022,-1,Echolocation,/mnt/ubna_data_01_mir/recover-20220825/UBNA_002/20220823_033000.WAV,Telephone Field,recover-20220825,002,1795
1484.0055,1484.0109,39218,53597,Pipistrellus nathusii,0.155,0.414,-1,Echolocation,/mnt/ubna_data_01_mir/recover-20220825/UBNA_002/20220823_033000.WAV,Telephone Field,recover-20220825,002,1795
1484.0175,1484.0273,29765,35730,Eptesicus serotinus,0.009,0.028,-1,Echolocation,/mnt/ubna_data_01_mir/recover-20220825/UBNA_002/20220823_033000.WAV,Telephone Field,recover-20220825,002,1795
1484.0635,1484.069,29765,73253,Myotis brandtii,0.029,0.06,-1,Echolocation,/mnt/ubna_data_01_mir/recover-20220825/UBNA_002/20220823_033000.WAV,Telephone Field,recover-20220825,002,1795
1484.0635,1484.0698,40078,51995,Pipistrellus nathusii,0.15,0.299,-1,Echolocation,/mnt/ubna_data_01_mir/recover-20220825/UBNA_002/20220823_033000.WAV,Telephone Field,recover-20220825,002,1795
1484.1025,1484.138,68437,81705,Rhinolophus ferrumequinum,0.026,0.026,-1,Echolocation,/mnt/ubna_data_01_mir/recover-20220825/UBNA_002/20220823_033000.WAV,Telephone Field,recover-20220825,002,1795
1484.1225,1484.1268,42656,53664,Pipistrellus nathusii,0.25,0.348,-1,Echolocation,/mnt/ubna_data_01_mir/recover-20220825/UBNA_002/20220823_033000.WAV,Telephone Field,recover-20220825,002,1795
1484.1345,1484.1443,28046,36266,Eptesicus serotinus,0.009,0.023,-1,Echolocation,/mnt/ubna_data_01_mir/recover-20220825/UBNA_002/20220823_033000.WAV,Telephone Field,recover-20220825,002,1795
1484.1665,1484.1736,43515,48770,Pipistrellus nathusii,0.094,0.109,-1,Echolocation,/mnt/ubna_data_01_mir/recover-20220825/UBNA_002/20220823_033000.WAV,Telephone Field,recover-20220825,002,1795
1484.1675,1484.1734,30625,64657,Myotis brandtii,0.021,0.049,-1,Echolocation,/mnt/ubna_data_01_mir/recover-20220825/UBNA_002/20220823_033000.WAV,Telephone Field,recover-20220825,002,1795
1484.1815,1484.1953,23750,28364,Nyctalus leisleri,0.013,0.025,-1,Echolocation,/mnt/ubna_data_01_mir/recover-20220825/UBNA_002/20220823_033000.WAV,Telephone Field,recover-20220825,002,1795
1484.1905,1484.207,21171,24492,Nyctalus leisleri,0.014,0.023,-1,Echolocation,/mnt/ubna_data_01_mir/recover-20220825/UBNA_002/20220823_033000.WAV,Telephone Field,recover-20220825,002,1795
1484.1975,1484.2124,21171,24523,Nyctalus leisleri,0.014,0.022,-1,Echolocation,/mnt/ubna_data_01_mir/recover-20220825/UBNA_002/20220823_033000.WAV,Telephone Field,recover-20220825,002,1795
1484.2035,1484.214,42656,50072,Pipistrellus nathusii,0.043,0.057,-1,Echolocation,/mnt/ubna_data_01_mir/recover-20220825/UBNA_002/20220823_033000.WAV,Telephone Field,recover-20220825,002,1795
1484.2065,1484.2121,32343,52111,Myotis brandtii,0.014,0.027,-1,Echolocation,/mnt/ubna_data_01_mir/recover-20220825/UBNA_002/20220823_033000.WAV,Telephone Field,recover-20220825,002,1795
1484.2265,1484.2366,28046,34822,Eptesicus serotinus,0.009,0.023,-1,Echolocation,/mnt/ubna_data_01_mir/recover-20220825/UBNA_002/20220823_033000.WAV,Telephone Field,recover-20220825,002,1795
1484.2375,1484.2473,43515,51177,Pipistrellus pipistrellus,0.011,0.023,-1,Echolocation,/mnt/ubna_data_01_mir/recover-20220825/UBNA_002/20220823_033000.WAV,Telephone Field,recover-20220825,002,1795
1484.2445,1484.2523,42656,52336,Pipistrellus nathusii,0.011,0.029,-1,Echolocation,/mnt/ubna_data_01_mir/recover-20220825/UBNA_002/20220823_033000.WAV,Telephone Field,recover-20220825,002,1795
1484.2445,1484.252,54687,63315,Pipistrellus pygmaeus,0.022,0.022,-1,Echolocation,/mnt/ubna_data_01_mir/recover-20220825/UBNA_002/20220823_033000.WAV,Telephone Field,recover-20220825,002,1795
1484.2455,1484.2513,37500,52517,Myotis daubentonii,0.009,0.026,-1,Echolocation,/mnt/ubna_data_01_mir/recover-20220825/UBNA_002/20220823_033000.WAV,Telephone Field,recover-20220825,002,1795
1484.2465,1484.2526,28046,54399,Myotis daubentonii,0.01,0.024,-1,Echolocation,/mnt/ubna_data_01_mir/recover-20220825/UBNA_002/20220823_033000.WAV,Telephone Field,recover-20220825,002,1795
1484.2775,1484.287,27187,37596,Eptesicus serotinus,0.011,0.026,-1,Echolocation,/mnt/ubna_data_01_mir/recover-20220825/UBNA_002/20220823_033000.WAV,Telephone Field,recover-20220825,002,1795
1484.2955,1484.3085,44375,50049,Pipistrellus pipistrellus,0.039,0.059,-1,Echolocation,/mnt/ubna_data_01_mir/recover-20220825/UBNA_002/20220823_033000.WAV,Telephone Field,recover-20220825,002,1795
1484.2985,1484.3065,27187,42450,Eptesicus serotinus,0.01,0.028,-1,Echolocation,/mnt/ubna_data_01_mir/recover-20220825/UBNA_002/20220823_033000.WAV,Telephone Field,recover-20220825,002,1795
1484.3235,1484.3347,37500,42414,Pipistrellus nathusii,0.013,0.023,-1,Echolocation,/mnt/ubna_data_01_mir/recover-20220825/UBNA_002/20220823_033000.WAV,Telephone Field,recover-20220825,002,1795
1484.3715,1484.3814,40937,48295,Pipistrellus nathusii,0.013,0.024,-1,Echolocation,/mnt/ubna_data_01_mir/recover-20220825/UBNA_002/20220823_033000.WAV,Telephone Field,recover-20220825,002,1795
1484.4095,1484.4517,68437,82936,Rhinolophus ferrumequinum,0.023,0.023,-1,Echolocation,/mnt/ubna_data_01_mir/recover-20220825/UBNA_002/20220823_033000.WAV,Telephone Field,recover-20220825,002,1795
1484.4145,1484.4248,45234,52234,Pipistrellus pipistrellus,0.021,0.026,-1,Echolocation,/mnt/ubna_data_01_mir/recover-20220825/UBNA_002/20220823_033000.WAV,Telephone Field,recover-20220825,002,1795
1484.4365,1484.4427,38359,48843,Pipistrellus nathusii,0.407,0.51,-1,Echolocation,/mnt/ubna_data_01_mir/recover-20220825/UBNA_002/20220823_033000.WAV,Telephone Field,recover-20220825,002,1795
1484.4445,1484.4505,28906,40418,Myotis daubentonii,0.011,0.022,-1,Echolocation,/mnt/ubna_data_01_mir/recover-20220825/UBNA_002/20220823_033000.WAV,Telephone Field,recover-20220825,002,1795
1484.5015,1484.5091,38359,54348,Pipistrellus nathusii,0.56,0.654,-1,Echolocation,/mnt/ubna_data_01_mir/recover-20220825/UBNA_002/20220823_033000.WAV,Telephone Field,recover-20220825,002,1795
1484.5085,1484.5139,29765,41082,Myotis daubentonii,0.009,0.022,-1,Echolocation,/mnt/ubna_data_01_mir/recover-20220825/UBNA_002/20220823_033000.WAV,Telephone Field,recover-20220825,002,1795
1484.5375,1484.5486,27187,34150,Eptesicus serotinus,0.015,0.026,-1,Echolocation,/mnt/ubna_data_01_mir/recover-20220825/UBNA_002/20220823_033000.WAV,Telephone Field,recover-20220825,002,1795
1484.5565,1484.5646,42656,51518,Pipistrellus nathusii,0.008,0.024,-1,Echolocation,/mnt/ubna_data_01_mir/recover-20220825/UBNA_002/20220823_033000.WAV,Telephone Field,recover-20220825,002,1795
1484.5585,1484.5643,32343,57776,Myotis brandtii,0.01,0.024,-1,Echolocation,/mnt/ubna_data_01_mir/recover-20220825/UBNA_002/20220823_033000.WAV,Telephone Field,recover-20220825,002,1795
1484.5815,1484.5896,54687,60186,Pipistrellus pygmaeus,0.021,0.024,-1,Echolocation,/mnt/ubna_data_01_mir/recover-20220825/UBNA_002/20220823_033000.WAV,Telephone Field,recover-20220825,002,1795
1484.5825,1484.591,37500,53293,Pipistrellus nathusii,0.515,0.565,-1,Echolocation,/mnt/ubna_data_01_mir/recover-20220825/UBNA_002/20220823_033000.WAV,Telephone Field,recover-20220825,002,1795
1484.5895,1484.5951,29765,38377,Myotis daubentonii,0.012,0.024,-1,Echolocation,/mnt/ubna_data_01_mir/recover-20220825/UBNA_002/20220823_033000.WAV,Telephone Field,recover-20220825,002,1795
1484.6645,1484.6731,37500,59851,Pipistrellus nathusii,0.583,0.657,-1,Echolocation,/mnt/ubna_data_01_mir/recover-20220825/UBNA_002/20220823_033000.WAV,Telephone Field,recover-20220825,002,1795
1484.6645,1484.6698,28906,59591,Myotis bechsteinii,0.013,0.043,-1,Echolocation,/mnt/ubna_data_01_mir/recover-20220825/UBNA_002/20220823_033000.WAV,Telephone Field,recover-20220825,002,1795
1484.6755,1484.7097,68437,80899,Rhinolophus ferrumequinum,0.023,0.023,-1,Echolocation,/mnt/ubna_data_01_mir/recover-20220825/UBNA_002/20220823_033000.WAV,Telephone Field,recover-20220825,002,1795
1484.7025,1484.7093,48671,54848,Pipistrellus pipistrellus,0.051,0.06,-1,Echolocation,/mnt/ubna_data_01_mir/recover-20220825/UBNA_002/20220823_033000.WAV,Telephone Field,recover-20220825,002,1795
1484.7225,1484.7613,68437,82484,Rhinolophus ferrumequinum,0.022,0.022,-1,Echolocation,/mnt/ubna_data_01_mir/recover-20220825/UBNA_002/20220823_033000.WAV,Telephone Field,recover-20220825,002,1795
1484.7485,1484.7555,42656,50841,Pipistrellus pipistrellus,0.02,0.055,-1,Echolocation,/mnt/ubna_data_01_mir/recover-20220825/UBNA_002/20220823_033000.WAV,Telephone Field,recover-20220825,002,1795
1484.7495,1484.7587,34062,50449,Pipistrellus nathusii,0.376,0.517,-1,Echolocation,/mnt/ubna_data_01_mir/recover-20220825/UBNA_002/20220823_033000.WAV,Telephone Field,recover-20220825,002,1795
1484.7595,1484.7661,31484,40157,Myotis daubentonii,0.009,0.023,-1,Echolocation,/mnt/ubna_data_01_mir/recover-20220825/UBNA_002/20220823_033000.WAV,Telephone Field,recover-20220825,002,1795
1484.7605,1484.7671,26328,35945,Eptesicus serotinus,0.005,0.023,-1,Echolocation,/mnt/ubna_data_01_mir/recover-20220825/UBNA_002/20220823_033000.WAV,Telephone Field,recover-20220825,002,1795
1484.7865,1484.7979,23750,29184,Nyctalus leisleri,0.01,0.024,-1,Echolocation,/mnt/ubna_data_01_mir/recover-20220825/UBNA_002/20220823_033000.WAV,Telephone Field,recover-20220825,002,1795
1484.8295,1484.8648,68437,81430,Rhinolophus ferrumequinum,0.022,0.022,-1,Echolocation,/mnt/ubna_data_01_mir/recover-20220825/UBNA_002/20220823_033000.WAV,Telephone Field,recover-20220825,002,1795
1484.8385,1484.8472,37500,59970,Pipistrellus nathusii,0.539,0.619,-1,Echolocation,/mnt/ubna_data_01_mir/recover-20220825/UBNA_002/20220823_033000.WAV,Telephone Field,recover-20220825,002,1795
1484.8555,1484.8913,68437,81753,Rhinolophus ferrumequinum,0.022,0.022,-1,Echolocation,/mnt/ubna_data_01_mir/recover-20220825/UBNA_002/20220823_033000.WAV,Telephone Field,recover-20220825,002,1795
1484.8835,1484.8918,28046,37682,Eptesicus serotinus,0.009,0.024,-1,Echolocation,/mnt/ubna_data_01_mir/recover-20220825/UBNA_002/20220823_033000.WAV,Telephone Field,recover-20220825,002,1795
1484.8845,1484.8905,49531,57656,Pipistrellus pipistrellus,0.022,0.026,-1,Echolocation,/mnt/ubna_data_01_mir/recover-20220825/UBNA_002/20220823_033000.WAV,Telephone Field,recover-20220825,002,1795
1484.9035,1484.9131,40078,50178,Pipistrellus nathusii,0.015,0.027,-1,Echolocation,/mnt/ubna_data_01_mir/recover-20220825/UBNA_002/20220823_033000.WAV,Telephone Field,recover-20220825,002,1795
1484.9045,1484.9121,46093,50766,Pipistrellus pipistrellus,0.017,0.025,-1,Echolocation,/mnt/ubna_data_01_mir/recover-20220825/UBNA_002/20220823_033000.WAV,Telephone Field,recover-20220825,002,1795
1484.9215,1484.9287,49531,55124,Pipistrellus pipistrellus,0.021,0.033,-1,Echolocation,/mnt/ubna_data_01_mir/recover-20220825/UBNA_002/20220823_033000.WAV,Telephone Field,recover-20220825,002,1795
1484.9245,1484.9312,44375,55408,Pipistrellus pipistrellus,0.01,0.032,-1,Echolocation,/mnt/ubna_data_01_mir/recover-20220825/UBNA_002/20220823_033000.WAV,Telephone Field,recover-20220825,002,1795
1484.9265,1484.9341,34921,53311,Pipistrellus nathusii,0.363,0.538,-1,Echolocation,/mnt/ubna_data_01_mir/recover-20220825/UBNA_002/20220823_033000.WAV,Telephone Field,recover-20220825,002,1795
1484.9365,1484.9422,31484,41349,Myotis daubentonii,0.015,0.029,-1,Echolocation,/mnt/ubna_data_01_mir/recover-20220825/UBNA_002/20220823_033000.WAV,Telephone Field,recover-20220825,002,1795
1484.9405,1484.9728,68437,81423,Rhinolophus ferrumequinum,0.022,0.022,-1,Echolocation,/mnt/ubna_data_01_mir/recover-20220825/UBNA_002/20220823_033000.WAV,Telephone Field,recover-20220825,002,1795
1484.9665,1485.0032,68437,81517,Rhinolophus ferrumequinum,0.022,0.022,-1,Echolocation,/mnt/ubna_data_01_mir/recover-20220825/UBNA_002/20220823_033000.WAV,Telephone Field,recover-20220825,002,1795
1484.9915,1485.0026,44375,48860,Pipistrellus pipistrellus,0.015,0.024,-1,Echolocation,/mnt/ubna_data_01_mir/recover-20220825/UBNA_002/20220823_033000.WAV,Telephone Field,recover-20220825,002,1795
1484.9985,1485.0057,55546,63444,Pipistrellus pygmaeus,0.026,0.026,-1,Echolocation,/mnt/ubna_data_01_mir/recover-20220825/UBNA_002/20220823_033000.WAV,Telephone Field,recover-20220825,002,1795
1484.9995,1485.0059,31484,40773,Myotis daubentonii,0.01,0.025,-1,Echolocation,/mnt/ubna_data_01_mir/recover-20220825/UBNA_002/20220823_033000.WAV,Telephone Field,recover-20220825,002,1795
1485.0125,1485.0244,54687,61601,Pipistrellus pygmaeus,0.021,0.022,-1,Echolocation,/mnt/ubna_data_01_mir/recover-20220825/UBNA_002/20220823_033000.WAV,Telephone Field,recover-20220825,002,1795
1485.0165,1485.0222,28906,61478,Myotis bechsteinii,0.013,0.033,-1,Echolocation,/mnt/ubna_data_01_mir/recover-20220825/UBNA_002/20220823_033000.WAV,Telephone Field,recover-20220825,002,1795
1485.0175,1485.0269,49531,56110,Pipistrellus pipistrellus,0.02,0.031,-1,Echolocation,/mnt/ubna_data_01_mir/recover-20220825/UBNA_002/20220823_033000.WAV,Telephone Field,recover-20220825,002,1795
1485.0175,1485.0262,37500,61284,Pipistrellus nathusii,0.514,0.618,-1,Echolocation,/mnt/ubna_data_01_mir/recover-20220825/UBNA_002/20220823_033000.WAV,Telephone Field,recover-20220825,002,1795
1485.0255,1485.0314,29765,40884,Myotis daubentonii,0.012,0.027,-1,Echolocation,/mnt/ubna_data_01_mir/recover-20220825/UBNA_002/20220823_033000.WAV,Telephone Field,recover-20220825,002,1795
1485.0295,1485.0601,68437,80913,Rhinolophus ferrumequinum,0.022,0.022,-1,Echolocation,/mnt/ubna_data_01_mir/recover-20220825/UBNA_002/20220823_033000.WAV,Telephone Field,recover-20220825,002,1795
1485.1075,1485.1144,28906,59824,Myotis bechsteinii,0.021,0.046,-1,Echolocation,/mnt/ubna_data_01_mir/recover-20220825/UBNA_002/20220823_033000.WAV,Telephone Field,recover-20220825,002,1795
1485.1075,1485.1144,44375,56534,Pipistrellus pipistrellus,0.013,0.038,-1,Echolocation,/mnt/ubna_data_01_mir/recover-20220825/UBNA_002/20220823_033000.WAV,Telephone Field,recover-20220825,002,1795
1485.1095,1485.1179,35781,56574,Pipistrellus nathusii,0.546,0.626,-1,Echolocation,/mnt/ubna_data_01_mir/recover-20220825/UBNA_002/20220823_033000.WAV,Telephone Field,recover-20220825,002,1795
1485.1095,1485.1154,49531,55795,Pipistrellus pipistrellus,0.022,0.036,-1,Echolocation,/mnt/ubna_data_01_mir/recover-20220825/UBNA_002/20220823_033000.WAV,Telephone Field,recover-20220825,002,1795
1485.1185,1485.1245,30625,40953,Myotis daubentonii,0.014,0.028,-1,Echolocation,/mnt/ubna_data_01_mir/recover-20220825/UBNA_002/20220823_033000.WAV,Telephone Field,recover-20220825,002,1795
1485.1215,1485.1555,68437,81622,Rhinolophus ferrumequinum,0.023,0.023,-1,Echolocation,/mnt/ubna_data_01_mir/recover-20220825/UBNA_002/20220823_033000.WAV,Telephone Field,recover-20220825,002,1795
1485.1595,1485.1672,48671,54562,Pipistrellus pipistrellus,0.019,0.024,-1,Echolocation,/mnt/ubna_data_01_mir/recover-20220825/UBNA_002/20220823_033000.WAV,Telephone Field,recover-20220825,002,1795
1485.1925,1485.2078,54687,60142,Pipistrellus pygmaeus,0.032,0.033,-1,Echolocation,/mnt/ubna_data_01_mir/recover-20220825/UBNA_002/20220823_033000.WAV,Telephone Field,recover-20220825,002,1795
1485.1975,1485.2046,44375,58095,Pipistrellus pipistrellus,0.012,0.04,-1,Echolocation,/mnt/ubna_data_01_mir/recover-20220825/UBNA_002/20220823_033000.WAV,Telephone Field,recover-20220825,002,1795
1485.1995,1485.2079,36640,60320,Pipistrellus nathusii,0.521,0.609,-1,Echolocation,/mnt/ubna_data_01_mir/recover-20220825/UBNA_002/20220823_033000.WAV,Telephone Field,recover-20220825,002,1795
1485.1995,1485.2053,28906,56015,Myotis bechsteinii,0.006,0.026,-1,Echolocation,/mnt/ubna_data_01_mir/recover-20220825/UBNA_002/20220823_033000.WAV,Telephone Field,recover-20220825,002,1795
1485.2085,1485.214,30625,42073,Myotis daubentonii,0.013,0.028,-1,Echolocation,/mnt/ubna_data_01_mir/recover-20220825/UBNA_002/20220823_033000.WAV,Telephone Field,recover-20220825,002,1795
1485.2095,1485.2152,34921,47554,Myotis brandtii,0.012,0.03,-1,Echolocation,/mnt/ubna_data_01_mir/recover-20220825/UBNA_002/20220823_033000.WAV,Telephone Field,recover-20220825,002,1795
1485.2305,1485.267,68437,81788,Rhinolophus ferrumequinum,0.023,0.023,-1,Echolocation,/mnt/ubna_data_01_mir/recover-20220825/UBNA_002/20220823_033000.WAV,Telephone Field,recover-20220825,002,1795
1485.2435,1485.2634,18593,21698,Nyctalus noctula,0.011,0.022,-1,Echolocation,/mnt/ubna_data_01_mir/recover-20220825/UBNA_002/20220823_033000.WAV,Telephone Field,recover-20220825,002,1795
1485.2895,1485.2967,42656,56520,Pipistrellus nathusii,0.01,0.035,-1,Echolocation,/mnt/ubna_data_01_mir/recover-20220825/UBNA_002/20220823_033000.WAV,Telephone Field,recover-20220825,002,1795
1485.2915,1485.3009,35781,53581,Pipistrellus nathusii,0.452,0.583,-1,Echolocation,/mnt/ubna_data_01_mir/recover-20220825/UBNA_002/20220823_033000.WAV,Telephone Field,recover-20220825,002,1795
1485.3385,1485.3492,58125,64897,Pipistrellus pygmaeus,0.04,0.04,-1,Echolocation,/mnt/ubna_data_01_mir/recover-20220825/UBNA_002/20220823_033000.WAV,Telephone Field,recover-20220825,002,1795
1485.3805,1485.3896,52109,57126,Pipistrellus pygmaeus,0.038,0.041,-1,Echolocation,/mnt/ubna_data_01_mir/recover-20220825/UBNA_002/20220823_033000.WAV,Telephone Field,recover-20220825,002,1795
1485.3865,1485.3946,36640,62661,Pipistrellus nathusii,0.433,0.536,-1,Echolocation,/mnt/ubna_data_01_mir/recover-20220825/UBNA_002/20220823_033000.WAV,Telephone Field,recover-20220825,002,1795
1485.3995,1485.43,68437,81232,Rhinolophus ferrumequinum,0.023,0.023,-1,Echolocation,/mnt/ubna_data_01_mir/recover-20220825/UBNA_002/20220823_033000.WAV,Telephone Field,recover-20220825,002,1795
1485.4635,1485.4734,28046,34842,Eptesicus serotinus,0.013,0.029,-1,Echolocation,/mnt/ubna_data_01_mir/recover-20220825/UBNA_002/20220823_033000.WAV,Telephone Field,recover-20220825,002,1795
1485.4755,1485.4886,55546,62139,Pipistrellus pygmaeus,0.026,0.027,-1,Echolocation,/mnt/ubna_data_01_mir/recover-20220825/UBNA_002/20220823_033000.WAV,Telephone Field,recover-20220825,002,1795
1485.4775,1485.4845,46093,57818,Pipistrellus pipistrellus,0.018,0.042,-1,Echolocation,/mnt/ubna_data_01_mir/recover-20220825/UBNA_002/20220823_033000.WAV,Telephone Field,recover-20220825,002,1795
1485.4795,1485.4889,35781,59717,Pipistrellus nathusii,0.358,0.541,-1,Echolocation,/mnt/ubna_data_01_mir/recover-20220825/UBNA_002/20220823_033000.WAV,Telephone Field,recover-20220825,002,1795
1485.4885,1485.4941,29765,40074,Myotis daubentonii,0.012,0.027,-1,Echolocation,/mnt/ubna_data_01_mir/recover-20220825/UBNA_002/20220823_033000.WAV,Telephone Field,recover-20220825,002,1795
1485.4965,1485.508,25468,30688,Nyctalus leisleri,0.011,0.026,-1,Echolocation,/mnt/ubna_data_01_mir/recover-20220825/UBNA_002/20220823_033000.WAV,Telephone Field,recover-20220825,002,1795
1485.5135,1485.5221,28046,37935,Eptesicus serotinus,0.009,0.024,-1,Echolocation,/mnt/ubna_data_01_mir/recover-20220825/UBNA_002/20220823_033000.WAV,Telephone Field,recover-20220825,002,1795
1485.5185,1485.5253,49531,56902,Pipistrellus pipistrellus,0.022,0.03,-1,Echolocation,/mnt/ubna_data_01_mir/recover-20220825/UBNA_002/20220823_033000.WAV,Telephone Field,recover-20220825,002,1795
1485.5705,1485.5767,28906,56752,Myotis bechsteinii,0.009,0.028,-1,Echolocation,/mnt/ubna_data_01_mir/recover-20220825/UBNA_002/20220823_033000.WAV,Telephone Field,recover-20220825,002,1795
1485.5725,1485.5789,43515,56809,Pipistrellus pipistrellus,0.011,0.038,-1,Echolocation,/mnt/ubna_data_01_mir/recover-20220825/UBNA_002/20220823_033000.WAV,Telephone Field,recover-20220825,002,1795
1485.5725,1485.5802,22890,36899,Myotis nattereri,0.007,0.023,-1,Echolocation,/mnt/ubna_data_01_mir/recover-20220825/UBNA_002/20220823_033000.WAV,Telephone Field,recover-20220825,002,1795
1485.5735,1485.5817,50390,60357,Pipistrellus pipistrellus,0.021,0.034,-1,Echolocation,/mnt/ubna_data_01_mir/recover-20220825/UBNA_002/20220823_033000.WAV,Telephone Field,recover-20220825,002,1795
1485.5735,1485.5828,36640,61271,Pipistrellus nathusii,0.553,0.636,-1,Echolocation,/mnt/ubna_data_01_mir/recover-20220825/UBNA_002/20220823_033000.WAV,Telephone Field,recover-20220825,002,1795
1485.5835,1485.5894,34921,50845,Myotis brandtii,0.014,0.034,-1,Echolocation,/mnt/ubna_data_01_mir/recover-20220825/UBNA_002/20220823_033000.WAV,Telephone Field,recover-20220825,002,1795
1485.5885,1485.6215,68437,80857,Rhinolophus ferrumequinum,0.024,0.024,-1,Echolocation,/mnt/ubna_data_01_mir/recover-20220825/UBNA_002/20220823_033000.WAV,Telephone Field,recover-20220825,002,1795
1485.6305,1485.6409,59843,65550,Pipistrellus pygmaeus,0.087,0.087,-1,Echolocation,/mnt/ubna_data_01_mir/recover-20220825/UBNA_002/20220823_033000.WAV,Telephone Field,recover-20220825,002,1795
1485.6665,1485.6733,44375,58001,Pipistrellus pipistrellus,0.012,0.05,-1,Echolocation,/mnt/ubna_data_01_mir/recover-20220825/UBNA_002/20220823_033000.WAV,Telephone Field,recover-20220825,002,1795
1485.6675,1485.6737,28046,55562,Myotis bechsteinii,0.015,0.042,-1,Echolocation,/mnt/ubna_data_01_mir/recover-20220825/UBNA_002/20220823_033000.WAV,Telephone Field,recover-20220825,002,1795
1485.6695,1485.6788,35781,58667,Pipistrellus nathusii,0.557,0.637,-1,Echolocation,/mnt/ubna_data_01_mir/recover-20220825/UBNA_002/20220823_033000.WAV,Telephone Field,recover-20220825,002,1795
1485.7155,1485.7503,68437,81046,Rhinolophus ferrumequinum,0.023,0.024,-1,Echolocation,/mnt/ubna_data_01_mir/recover-20220825/UBNA_002/20220823_033000.WAV,Telephone Field,recover-20220825,002,1795
1485.7175,1485.7278,28906,35856,Eptesicus serotinus,0.013,0.03,-1,Echolocation,/mnt/ubna_data_01_mir/recover-20220825/UBNA_002/20220823_033000.WAV,Telephone Field,recover-20220825,002,1795
1485.7485,1485.7567,28046,35169,Eptesicus serotinus,0.008,0.023,-1,Echolocation,/mnt/ubna_data_01_mir/recover-20220825/UBNA_002/20220823_033000.WAV,Telephone Field,recover-20220825,002,1795
1485.7625,1485.7712,37500,62480,Pipistrellus nathusii,0.542,0.62,-1,Echolocation,/mnt/ubna_data_01_mir/recover-20220825/UBNA_002/20220823_033000.WAV,Telephone Field,recover-20220825,002,1795
1485.7635,1485.7702,52109,59867,Pipistrellus pipistrellus,0.013,0.026,-1,Echolocation,/mnt/ubna_data_01_mir/recover-20220825/UBNA_002/20220823_033000.WAV,Telephone Field,recover-20220825,002,1795
1485.8025,1485.8128,24609,31508,Eptesicus serotinus,0.008,0.022,-1,Echolocation,/mnt/ubna_data_01_mir/recover-20220825/UBNA_002/20220823_033000.WAV,Telephone Field,recover-20220825,002,1795
1485.8165,1485.8529,68437,82034,Rhinolophus ferrumequinum,0.023,0.023,-1,Echolocation,/mnt/ubna_data_01_mir/recover-20220825/UBNA_002/20220823_033000.WAV,Telephone Field,recover-20220825,002,1795
1485.8235,1485.8611,68437,82529,Rhinolophus ferrumequinum,0.022,0.022,-1,Echolocation,/mnt/ubna_data_01_mir/recover-20220825/UBNA_002/20220823_033000.WAV,Telephone Field,recover-20220825,002,1795
1485.8355,1485.8417,31484,39510,Myotis daubentonii,0.008,0.025,-1,Echolocation,/mnt/ubna_data_01_mir/recover-20220825/UBNA_002/20220823_033000.WAV,Telephone Field,recover-20220825,002,1795
1485.8475,1485.8555,38359,67619,Pipistrellus nathusii,0.609,0.65,-1,Echolocation,/mnt/ubna_data_01_mir/recover-20220825/UBNA_002/20220823_033000.WAV,Telephone Field,recover-20220825,002,1795
1485.8475,1485.853,28906,58500,Barbastellus barbastellus,0.008,0.028,-1,Echolocation,/mnt/ubna_data_01_mir/recover-20220825/UBNA_002/20220823_033000.WAV,Telephone Field,recover-20220825,002,1795
1485.8555,1485.8618,51250,64893,Pipistrellus pygmaeus,0.017,0.023,-1,Echolocation,/mnt/ubna_data_01_mir/recover-20220825/UBNA_002/20220823_033000.WAV,Telephone Field,recover-20220825,002,1795
1485.9115,1485.9185,48671,57820,Pipistrellus pipistrellus,0.014,0.029,-1,Echolocation,/mnt/ubna_data_01_mir/recover-20220825/UBNA_002/20220823_033000.WAV,Telephone Field,recover-20220825,002,1795
1485.9145,1485.9214,38359,69047,Pipistrellus nathusii,0.594,0.679,-1,Echolocation,/mnt/ubna_data_01_mir/recover-20220825/UBNA_002/20220823_033000.WAV,Telephone Field,recover-20220825,002,1795
1485.9165,1485.9225,58125,64895,Pipistrellus pygmaeus,0.027,0.027,-1,Echolocation,/mnt/ubna_data_01_mir/recover-20220825/UBNA_002/20220823_033000.WAV,Telephone Field,recover-20220825,002,1795
1485.9275,1485.9383,24609,28840,Nyctalus leisleri,0.011,0.023,-1,Echolocation,/mnt/ubna_data_01_mir/recover-20220825/UBNA_002/20220823_033000.WAV,Telephone Field,recover-20220825,002,1795
1485.9845,1485.9941,54687,61979,Pipistrellus pygmaeus,0.089,0.094,-1,Echolocation,/mnt/ubna_data_01_mir/recover-20220825/UBNA_002/20220823_033000.WAV,Telephone Field,recover-20220825,002,1795
1485.9865,1485.9935,38359,67316,Pipistrellus nathusii,0.549,0.642,-1,Echolocation,/mnt/ubna_data_01_mir/recover-20220825/UBNA_002/20220823_033000.WAV,Telephone Field,recover-20220825,002,1795
1486.0015,1486.0078,38359,54201,Myotis brandtii,0.011,0.032,-1,Echolocation,/mnt/ubna_data_01_mir/recover-20220825/UBNA_002/20220823_033000.WAV,Telephone Field,recover-20220825,002,1795
1486.0015,1486.0125,20312,25828,Nyctalus leisleri,0.012,0.03,-1,Echolocation,/mnt/ubna_data_01_mir/recover-20220825/UBNA_002/20220823_033000.WAV,Telephone Field,recover-20220825,002,1795
1486.0015,1486.0105,46953,51587,Pipistrellus pipistrellus,0.049,0.065,-1,Echolocation,/mnt/ubna_data_01_mir/recover-20220825/UBNA_002/20220823_033000.WAV,Telephone Field,recover-20220825,002,1795
1486.0015,1486.0315,68437,79320,Rhinolophus ferrumequinum,0.027,0.027,-1,Echolocation,/mnt/ubna_data_01_mir/recover-20220825/UBNA_002/20220823_033000.WAV,Telephone Field,recover-20220825,002,1795
1486.0535,1486.0603,37500,74687,Myotis brandtii,0.168,0.386,-1,Echolocation,/mnt/ubna_data_01_mir/recover-20220825/UBNA_002/20220823_033000.WAV,Telephone Field,recover-20220825,002,1795
1486.1005,1486.1069,28906,94038,Myotis bechsteinii,0.069,0.111,-1,Echolocation,/mnt/ubna_data_01_mir/recover-20220825/UBNA_002/20220823_033000.WAV,Telephone Field,recover-20220825,002,1795
1486.1015,1486.108,37500,79936,Myotis brandtii,0.188,0.455,-1,Echolocation,/mnt/ubna_data_01_mir/recover-20220825/UBNA_002/20220823_033000.WAV,Telephone Field,recover-20220825,002,1795
1486.1035,1486.1092,46953,56951,Pipistrellus pipistrellus,0.019,0.032,-1,Echolocation,/mnt/ubna_data_01_mir/recover-20220825/UBNA_002/20220823_033000.WAV,Telephone Field,recover-20220825,002,1795
1486.1415,1486.1477,38359,73957,Myotis brandtii,0.187,0.435,-1,Echolocation,/mnt/ubna_data_01_mir/recover-20220825/UBNA_002/20220823_033000.WAV,Telephone Field,recover-20220825,002,1795
1486.1675,1486.1738,40078,74452,Myotis brandtii,0.166,0.38,-1,Echolocation,/mnt/ubna_data_01_mir/recover-20220825/UBNA_002/20220823_033000.WAV,Telephone Field,recover-20220825,002,1795
1486.1815,1486.1868,40937,66504,Myotis daubentonii,0.055,0.128,-1,Echolocation,/mnt/ubna_data_01_mir/recover-20220825/UBNA_002/20220823_033000.WAV,Telephone Field,recover-20220825,002,1795
1486.1815,1486.1867,30625,84024,Myotis brandtii,0.028,0.055,-1,Echolocation,/mnt/ubna_data_01_mir/recover-20220825/UBNA_002/20220823_033000.WAV,Telephone Field,recover-20220825,002,1795
1486.1925,1486.1979,40078,63435,Myotis daubentonii,0.053,0.117,-1,Echolocation,/mnt/ubna_data_01_mir/recover-20220825/UBNA_002/20220823_033000.WAV,Telephone Field,recover-20220825,002,1795
1486.2025,1486.2093,30625,71158,Myotis brandtii,0.016,0.041,-1,Echolocation,/mnt/ubna_data_01_mir/recover-20220825/UBNA_002/20220823_033000.WAV,Telephone Field,recover-20220825,002,1795
1486.2035,1486.2098,46953,57141,Pipistrellus pipistrellus,0.025,0.027,-1,Echolocation,/mnt/ubna_data_01_mir/recover-20220825/UBNA_002/20220823_033000.WAV,Telephone Field,recover-20220825,002,1795
1486.2035,1486.2091,37500,61959,Myotis daubentonii,0.046,0.07,-1,Echolocation,/mnt/ubna_data_01_mir/recover-20220825/UBNA_002/20220823_033000.WAV,Telephone Field,recover-20220825,002,1795
1486.2125,1486.2193,49531,60586,Pipistrellus pipistrellus,0.021,0.024,-1,Echolocation,/mnt/ubna_data_01_mir/recover-20220825/UBNA_002/20220823_033000.WAV,Telephone Field,recover-20220825,002,1795
1486.2145,1486.2198,37500,67245,Myotis daubentonii,0.022,0.055,-1,Echolocation,/mnt/ubna_data_01_mir/recover-20220825/UBNA_002/20220823_033000.WAV,Telephone Field,recover-20220825,002,1795
1486.2225,1486.2277,37500,70238,Myotis brandtii,0.032,0.084,-1,Echolocation,/mnt/ubna_data_01_mir/recover-20220825/UBNA_002/20220823_033000.WAV,Telephone Field,recover-20220825,002,1795
1486.2335,1486.2404,29765,59545,Myotis daubentonii,0.066,0.159,-1,Echolocation,/mnt/ubna_data_01_mir/recover-20220825/UBNA_002/20220823_033000.WAV,Telephone Field,recover-20220825,002,1795
1486.2565,1486.2624,22890,36900,Plecotus austriacus,0.021,0.047,-1,Echolocation,/mnt/ubna_data_01_mir/recover-20220825/UBNA_002/20220823_033000.WAV,Telephone Field,recover-20220825,002,1795
1486.2675,1486.2746,49531,57013,Pipistrellus pipistrellus,0.022,0.025,-1,Echolocation,/mnt/ubna_data_01_mir/recover-20220825/UBNA_002/20220823_033000.WAV,Telephone Field,recover-20220825,002,1795
1486.3085,1486.3156,40937,58397,Myotis brandtii,0.007,0.026,-1,Echolocation,/mnt/ubna_data_01_mir/recover-20220825/UBNA_002/20220823_033000.WAV,Telephone Field,recover-20220825,002,1795
1486.3185,1486.3306,43515,49439,Pipistrellus nathusii,0.024,0.051,-1,Echolocation,/mnt/ubna_data_01_mir/recover-20220825/UBNA_002/20220823_033000.WAV,Telephone Field,recover-20220825,002,1795
1486.3645,1486.3755,49531,53709,Pipistrellus pipistrellus,0.027,0.046,-1,Echolocation,/mnt/ubna_data_01_mir/recover-20220825/UBNA_002/20220823_033000.WAV,Telephone Field,recover-20220825,002,1795
1486.3695,1486.3759,29765,77450,Myotis bechsteinii,0.057,0.11,-1,Echolocation,/mnt/ubna_data_01_mir/recover-20220825/UBNA_002/20220823_033000.WAV,Telephone Field,recover-20220825,002,1795
1486.3695,1486.3758,37500,65087,Pipistrellus nathusii,0.267,0.497,-1,Echolocation,/mnt/ubna_data_01_mir/recover-20220825/UBNA_002/20220823_033000.WAV,Telephone Field,recover-20220825,002,1795
1486.3785,1486.3838,34921,52890,Myotis brandtii,0.014,0.031,-1,Echolocation,/mnt/ubna_data_01_mir/recover-20220825/UBNA_002/20220823_033000.WAV,Telephone Field,recover-20220825,002,1795
1486.4305,1486.468,68437,81665,Rhinolophus ferrumequinum,0.022,0.023,-1,Echolocation,/mnt/ubna_data_01_mir/recover-20220825/UBNA_002/20220823_033000.WAV,Telephone Field,recover-20220825,002,1795
1486.4375,1486.4447,32343,83145,Myotis brandtii,0.061,0.129,-1,Echolocation,/mnt/ubna_data_01_mir/recover-20220825/UBNA_002/20220823_033000.WAV,Telephone Field,recover-20220825,002,1795
1486.4375,1486.4786,68437,82633,Rhinolophus ferrumequinum,0.027,0.027,-1,Echolocation,/mnt/ubna_data_01_mir/recover-20220825/UBNA_002/20220823_033000.WAV,Telephone Field,recover-20220825,002,1795
1486.4385,1486.4454,39218,73069,Pipistrellus nathusii,0.394,0.522,-1,Echolocation,/mnt/ubna_data_01_mir/recover-20220825/UBNA_002/20220823_033000.WAV,Telephone Field,recover-20220825,002,1795
1486.4405,1486.4488,48671,60968,Pipistrellus pipistrellus,0.028,0.045,-1,Echolocation,/mnt/ubna_data_01_mir/recover-20220825/UBNA_002/20220823_033000.WAV,Telephone Field,recover-20220825,002,1795
1486.4475,1486.4555,39218,49045,Pipistrellus nathusii,0.019,0.039,-1,Echolocation,/mnt/ubna_data_01_mir/recover-20220825/UBNA_002/20220823_033000.WAV,Telephone Field,recover-20220825,002,1795
1486.4825,1486.4908,28046,38387,Eptesicus serotinus,0.012,0.031,-1,Echolocation,/mnt/ubna_data_01_mir/recover-20220825/UBNA_002/20220823_033000.WAV,Telephone Field,recover-20220825,002,1795
1486.5095,1486.5153,39218,69760,Pipistrellus nathusii,0.099,0.324,-1,Echolocation,/mnt/ubna_data_01_mir/recover-20220825/UBNA_002/20220823_033000.WAV,Telephone Field,recover-20220825,002,1795
1486.5185,1486.5267,27187,37210,Eptesicus serotinus,0.008,0.025,-1,Echolocation,/mnt/ubna_data_01_mir/recover-20220825/UBNA_002/20220823_033000.WAV,Telephone Field,recover-20220825,002,1795
1486.5185,1486.5242,35781,57454,Myotis brandtii,0.014,0.033,-1,Echolocation,/mnt/ubna_data_01_mir/recover-20220825/UBNA_002/20220823_033000.WAV,Telephone Field,recover-20220825,002,1795
1486.5295,1486.5385,27187,35773,Eptesicus serotinus,0.009,0.023,-1,Echolocation,/mnt/ubna_data_01_mir/recover-20220825/UBNA_002/20220823_033000.WAV,Telephone Field,recover-20220825,002,1795
1486.5435,1486.5505,50390,59209,Pipistrellus pipistrellus,0.019,0.024,-1,Echolocation,/mnt/ubna_data_01_mir/recover-20220825/UBNA_002/20220823_033000.WAV,Telephone Field,recover-20220825,002,1795
1486.5535,1486.5855,68437,80036,Rhinolophus ferrumequinum,0.026,0.027,-1,Echolocation,/mnt/ubna_data_01_mir/recover-20220825/UBNA_002/20220823_033000.WAV,Telephone Field,recover-20220825,002,1795
1486.5625,1486.5695,28906,38072,Eptesicus serotinus,0.008,0.028,-1,Echolocation,/mnt/ubna_data_01_mir/recover-20220825/UBNA_002/20220823_033000.WAV,Telephone Field,recover-20220825,002,1795
1486.5745,1486.5824,48671,56436,Pipistrellus pipistrellus,0.029,0.05,-1,Echolocation,/mnt/ubna_data_01_mir/recover-20220825/UBNA_002/20220823_033000.WAV,Telephone Field,recover-20220825,002,1795
1486.5765,1486.5826,41796,61195,Myotis brandtii,0.026,0.087,-1,Echolocation,/mnt/ubna_data_01_mir/recover-20220825/UBNA_002/20220823_033000.WAV,Telephone Field,recover-20220825,002,1795
1486.5775,1486.5841,26328,87288,Myotis bechsteinii,0.124,0.157,-1,Echolocation,/mnt/ubna_data_01_mir/recover-20220825/UBNA_002/20220823_033000.WAV,Telephone Field,recover-20220825,002,1795
1486.5775,1486.5844,34062,73324,Myotis brandtii,0.164,0.411,-1,Echolocation,/mnt/ubna_data_01_mir/recover-20220825/UBNA_002/20220823_033000.WAV,Telephone Field,recover-20220825,002,1795
1486.5875,1486.5941,27187,37608,Eptesicus serotinus,0.006,0.026,-1,Echolocation,/mnt/ubna_data_01_mir/recover-20220825/UBNA_002/20220823_033000.WAV,Telephone Field,recover-20220825,002,1795
1486.6445,1486.6504,27187,35996,Plecotus auritus,0.006,0.025,-1,Echolocation,/mnt/ubna_data_01_mir/recover-20220825/UBNA_002/20220823_033000.WAV,Telephone Field,recover-20220825,002,1795
1486.6545,1486.6616,37500,78046,Myotis daubentonii,0.13,0.395,-1,Echolocation,/mnt/ubna_data_01_mir/recover-20220825/UBNA_002/20220823_033000.WAV,Telephone Field,recover-20220825,002,1795
1486.6565,1486.662,27187,87787,Myotis bechsteinii,0.059,0.089,-1,Echolocation,/mnt/ubna_data_01_mir/recover-20220825/UBNA_002/20220823_033000.WAV,Telephone Field,recover-20220825,002,1795
1486.6575,1486.6635,50390,61325,Pipistrellus pipistrellus,0.022,0.041,-1,Echolocation,/mnt/ubna_data_01_mir/recover-20220825/UBNA_002/20220823_033000.WAV,Telephone Field,recover-20220825,002,1795
1486.6895,1486.6959,28046,40786,Eptesicus serotinus,0.016,0.049,-1,Echolocation,/mnt/ubna_data_01_mir/recover-20220825/UBNA_002/20220823_033000.WAV,Telephone Field,recover-20220825,002,1795
1486.7275,1486.7328,46953,73525,Myotis mystacinus,0.018,0.042,-1,Echolocation,/mnt/ubna_data_01_mir/recover-20220825/UBNA_002/20220823_033000.WAV,Telephone Field,recover-20220825,002,1795
1486.7335,1486.7401,26328,84418,Myotis bechsteinii,0.113,0.15,-1,Echolocation,/mnt/ubna_data_01_mir/recover-20220825/UBNA_002/20220823_033000.WAV,Telephone Field,recover-20220825,002,1795
1486.7345,1486.741,34921,68494,Pipistrellus nathusii,0.191,0.494,-1,Echolocation,/mnt/ubna_data_01_mir/recover-20220825/UBNA_002/20220823_033000.WAV,Telephone Field,recover-20220825,002,1795
1486.7345,1486.7467,54687,64170,Pipistrellus pygmaeus,0.025,0.029,-1,Echolocation,/mnt/ubna_data_01_mir/recover-20220825/UBNA_002/20220823_033000.WAV,Telephone Field,recover-20220825,002,1795
1486.7365,1486.7442,46953,59723,Pipistrellus pipistrellus,0.02,0.035,-1,Echolocation,/mnt/ubna_data_01_mir/recover-20220825/UBNA_002/20220823_033000.WAV,Telephone Field,recover-20220825,002,1795
1486.7405,1486.7502,53828,65918,Pipistrellus pygmaeus,0.033,0.033,-1,Echolocation,/mnt/ubna_data_01_mir/recover-20220825/UBNA_002/20220823_033000.WAV,Telephone Field,recover-20220825,002,1795
1486.7455,1486.7506,34062,59289,Myotis brandtii,0.015,0.028,-1,Echolocation,/mnt/ubna_data_01_mir/recover-20220825/UBNA_002/20220823_033000.WAV,Telephone Field,recover-20220825,002,1795
1486.7475,1486.7765,68437,80331,Rhinolophus ferrumequinum,0.022,0.022,-1,Echolocation,/mnt/ubna_data_01_mir/recover-20220825/UBNA_002/20220823_033000.WAV,Telephone Field,recover-20220825,002,1795
1486.7675,1486.7879,18593,22182,Nyctalus noctula,0.018,0.033,-1,Echolocation,/mnt/ubna_data_01_mir/recover-20220825/UBNA_002/20220823_033000.WAV,Telephone Field,recover-20220825,002,1795
1486.8025,1486.8094,27187,34825,Eptesicus serotinus,0.007,0.023,-1,Echolocation,/mnt/ubna_data_01_mir/recover-20220825/UBNA_002/20220823_033000.WAV,Telephone Field,recover-20220825,002,1795
1486.8145,1486.821,40937,74023,Pipistrellus nathusii,0.338,0.443,-1,Echolocation,/mnt/ubna_data_01_mir/recover-20220825/UBNA_002/20220823_033000.WAV,Telephone Field,recover-20220825,002,1795
1486.8155,1486.8214,29765,88624,Myotis bechsteinii,0.089,0.177,-1,Echolocation,/mnt/ubna_data_01_mir/recover-20220825/UBNA_002/20220823_033000.WAV,Telephone Field,recover-20220825,002,1795
1486.8165,1486.8249,51250,61747,Pipistrellus pipistrellus,0.015,0.033,-1,Echolocation,/mnt/ubna_data_01_mir/recover-20220825/UBNA_002/20220823_033000.WAV,Telephone Field,recover-20220825,002,1795
1486.8235,1486.8292,39218,53313,Myotis brandtii,0.015,0.032,-1,Echolocation,/mnt/ubna_data_01_mir/recover-20220825/UBNA_002/20220823_033000.WAV,Telephone Field,recover-20220825,002,1795
1486.8245,1486.8299,34062,49725,Myotis brandtii,0.012,0.028,-1,Echolocation,/mnt/ubna_data_01_mir/recover-20220825/UBNA_002/20220823_033000.WAV,Telephone Field,recover-20220825,002,1795
1486.8935,1486.9259,68437,82003,Rhinolophus ferrumequinum,0.024,0.024,-1,Echolocation,/mnt/ubna_data_01_mir/recover-20220825/UBNA_002/20220823_033000.WAV,Telephone Field,recover-20220825,002,1795
1486.8935,1486.9008,34921,78887,Myotis brandtii,0.181,0.342,-1,Echolocation,/mnt/ubna_data_01_mir/recover-20220825/UBNA_002/20220823_033000.WAV,Telephone Field,recover-20220825,002,1795
1486.8955,1486.9015,52109,60640,Pipistrellus pipistrellus,0.022,0.044,-1,Echolocation,/mnt/ubna_data_01_mir/recover-20220825/UBNA_002/20220823_033000.WAV,Telephone Field,recover-20220825,002,1795
1486.9015,1486.9081,39218,51229,Pipistrellus nathusii,0.013,0.032,-1,Echolocation,/mnt/ubna_data_01_mir/recover-20220825/UBNA_002/20220823_033000.WAV,Telephone Field,recover-20220825,002,1795
1486.9055,1486.937,68437,80724,Rhinolophus ferrumequinum,0.023,0.023,-1,Echolocation,/mnt/ubna_data_01_mir/recover-20220825/UBNA_002/20220823_033000.WAV,Telephone Field,recover-20220825,002,1795
1486.9385,1486.9785,68437,82319,Rhinolophus ferrumequinum,0.025,0.026,-1,Echolocation,/mnt/ubna_data_01_mir/recover-20220825/UBNA_002/20220823_033000.WAV,Telephone Field,recover-20220825,002,1795
1486.9555,1486.9622,28046,35589,Eptesicus serotinus,0.007,0.025,-1,Echolocation,/mnt/ubna_data_01_mir/recover-20220825/UBNA_002/20220823_033000.WAV,Telephone Field,recover-20220825,002,1795
1486.9555,1486.963,33203,39010,Barbastellus barbastellus,0.009,0.025,-1,Echolocation,/mnt/ubna_data_01_mir/recover-20220825/UBNA_002/20220823_033000.WAV,Telephone Field,recover-20220825,002,1795
1486.9685,1486.9751,39218,72893,Myotis brandtii,0.093,0.282,-1,Echolocation,/mnt/ubna_data_01_mir/recover-20220825/UBNA_002/20220823_033000.WAV,Telephone Field,recover-20220825,002,1795
1486.9695,1486.9795,51250,62707,Pipistrellus pipistrellus,0.019,0.036,-1,Echolocation,/mnt/ubna_data_01_mir/recover-20220825/UBNA_002/20220823_033000.WAV,Telephone Field,recover-20220825,002,1795
1486.9785,1486.9844,35781,57675,Myotis brandtii,0.014,0.03,-1,Echolocation,/mnt/ubna_data_01_mir/recover-20220825/UBNA_002/20220823_033000.WAV,Telephone Field,recover-20220825,002,1795
1486.9975,1487.0086000000001,28046,35862,Eptesicus serotinus,0.011,0.026,-1,Echolocation,/mnt/ubna_data_01_mir/recover-20220825/UBNA_002/20220823_033000.WAV,Telephone Field,recover-20220825,002,1795
1487.0105,1487.0193,28046,34301,Eptesicus serotinus,0.008,0.022,-1,Echolocation,/mnt/ubna_data_01_mir/recover-20220825/UBNA_002/20220823_033000.WAV,Telephone Field,recover-20220825,002,1795
1487.0255,1487.0322,37500,79665,Myotis daubentonii,0.193,0.474,-1,Echolocation,/mnt/ubna_data_01_mir/recover-20220825/UBNA_002/20220823_033000.WAV,Telephone Field,recover-20220825,002,1795
1487.0255,1487.0318,28906,95575,Myotis bechsteinii,0.09,0.128,-1,Echolocation,/mnt/ubna_data_01_mir/recover-20220825/UBNA_002/20220823_033000.WAV,Telephone Field,recover-20220825,002,1795
1487.0275,1487.0352,52109,59834,Pipistrellus pipistrellus,0.017,0.033,-1,Echolocation,/mnt/ubna_data_01_mir/recover-20220825/UBNA_002/20220823_033000.WAV,Telephone Field,recover-20220825,002,1795
1487.0345,1487.0403,35781,55539,Myotis daubentonii,0.019,0.044,-1,Echolocation,/mnt/ubna_data_01_mir/recover-20220825/UBNA_002/20220823_033000.WAV,Telephone Field,recover-20220825,002,1795
1487.0765,1487.0828,28906,92872,Myotis bechsteinii,0.062,0.108,-1,Echolocation,/mnt/ubna_data_01_mir/recover-20220825/UBNA_002/20220823_033000.WAV,Telephone Field,recover-20220825,002,1795
1487.0765,1487.0834,37500,77217,Myotis brandtii,0.151,0.422,-1,Echolocation,/mnt/ubna_data_01_mir/recover-20220825/UBNA_002/20220823_033000.WAV,Telephone Field,recover-20220825,002,1795
1487.0795,1487.0855,46953,58785,Pipistrellus pipistrellus,0.019,0.035,-1,Echolocation,/mnt/ubna_data_01_mir/recover-20220825/UBNA_002/20220823_033000.WAV,Telephone Field,recover-20220825,002,1795
1487.0855,1487.0912,35781,54425,Myotis brandtii,0.012,0.028,-1,Echolocation,/mnt/ubna_data_01_mir/recover-20220825/UBNA_002/20220823_033000.WAV,Telephone Field,recover-20220825,002,1795
1487.0865,1487.0936,27187,36338,Eptesicus serotinus,0.006,0.023,-1,Echolocation,/mnt/ubna_data_01_mir/recover-20220825/UBNA_002/20220823_033000.WAV,Telephone Field,recover-20220825,002,1795
1487.0915,1487.1267,68437,80423,Rhinolophus ferrumequinum,0.022,0.023,-1,Echolocation,/mnt/ubna_data_01_mir/recover-20220825/UBNA_002/20220823_033000.WAV,Telephone Field,recover-20220825,002,1795
1487.1315,1487.1387,35781,85966,Myotis brandtii,0.195,0.392,-1,Echolocation,/mnt/ubna_data_01_mir/recover-20220825/UBNA_002/20220823_033000.WAV,Telephone Field,recover-20220825,002,1795
1487.1335,1487.1406,46093,59409,Pipistrellus pipistrellus,0.021,0.034,-1,Echolocation,/mnt/ubna_data_01_mir/recover-20220825/UBNA_002/20220823_033000.WAV,Telephone Field,recover-20220825,002,1795
1487.1335,1487.1403,50390,58423,Pipistrellus pipistrellus,0.018,0.032,-1,Echolocation,/mnt/ubna_data_01_mir/recover-20220825/UBNA_002/20220823_033000.WAV,Telephone Field,recover-20220825,002,1795
1487.1405,1487.1459,37500,59435,Myotis brandtii,0.017,0.035,-1,Echolocation,/mnt/ubna_data_01_mir/recover-20220825/UBNA_002/20220823_033000.WAV,Telephone Field,recover-20220825,002,1795
1487.1415,1487.1499,27187,34668,Eptesicus serotinus,0.007,0.023,-1,Echolocation,/mnt/ubna_data_01_mir/recover-20220825/UBNA_002/20220823_033000.WAV,Telephone Field,recover-20220825,002,1795
1487.1865,1487.1939,36640,87488,Myotis brandtii,0.173,0.33,-1,Echolocation,/mnt/ubna_data_01_mir/recover-20220825/UBNA_002/20220823_033000.WAV,Telephone Field,recover-20220825,002,1795
1487.1885,1487.1933,50390,60893,Pipistrellus pygmaeus,0.062,0.101,-1,Echolocation,/mnt/ubna_data_01_mir/recover-20220825/UBNA_002/20220823_033000.WAV,Telephone Field,recover-20220825,002,1795
1487.1965,1487.2023,36640,62966,Myotis brandtii,0.016,0.033,-1,Echolocation,/mnt/ubna_data_01_mir/recover-20220825/UBNA_002/20220823_033000.WAV,Telephone Field,recover-20220825,002,1795
1487.2455,1487.2532,28906,38881,Eptesicus serotinus,0.008,0.024,-1,Echolocation,/mnt/ubna_data_01_mir/recover-20220825/UBNA_002/20220823_033000.WAV,Telephone Field,recover-20220825,002,1795
1487.2585,1487.2665,48671,53809,Pipistrellus pipistrellus,0.023,0.025,-1,Echolocation,/mnt/ubna_data_01_mir/recover-20220825/UBNA_002/20220823_033000.WAV,Telephone Field,recover-20220825,002,1795
1487.2795,1487.2892,37500,44575,Pipistrellus nathusii,0.013,0.028,-1,Echolocation,/mnt/ubna_data_01_mir/recover-20220825/UBNA_002/20220823_033000.WAV,Telephone Field,recover-20220825,002,1795
1487.2805,1487.288,28046,40959,Eptesicus serotinus,0.008,0.023,-1,Echolocation,/mnt/ubna_data_01_mir/recover-20220825/UBNA_002/20220823_033000.WAV,Telephone Field,recover-20220825,002,1795
1487.2925,1487.3009,28046,34913,Eptesicus serotinus,0.008,0.025,-1,Echolocation,/mnt/ubna_data_01_mir/recover-20220825/UBNA_002/20220823_033000.WAV,Telephone Field,recover-20220825,002,1795
1487.3075,1487.315,34062,83903,Myotis brandtii,0.192,0.293,-1,Echolocation,/mnt/ubna_data_01_mir/recover-20220825/UBNA_002/20220823_033000.WAV,Telephone Field,recover-20220825,002,1795
1487.3165,1487.322,36640,56466,Myotis brandtii,0.015,0.029,-1,Echolocation,/mnt/ubna_data_01_mir/recover-20220825/UBNA_002/20220823_033000.WAV,Telephone Field,recover-20220825,002,1795
1487.3965,1487.4028,28906,85846,Myotis bechsteinii,0.077,0.12,-1,Echolocation,/mnt/ubna_data_01_mir/recover-20220825/UBNA_002/20220823_033000.WAV,Telephone Field,recover-20220825,002,1795
1487.3965,1487.4029,37500,66083,Pipistrellus nathusii,0.221,0.477,-1,Echolocation,/mnt/ubna_data_01_mir/recover-20220825/UBNA_002/20220823_033000.WAV,Telephone Field,recover-20220825,002,1795
1487.3985,1487.4077,48671,56678,Pipistrellus pipistrellus,0.023,0.038,-1,Echolocation,/mnt/ubna_data_01_mir/recover-20220825/UBNA_002/20220823_033000.WAV,Telephone Field,recover-20220825,002,1795
1487.4075,1487.4133,35781,65840,Myotis brandtii,0.023,0.038,-1,Echolocation,/mnt/ubna_data_01_mir/recover-20220825/UBNA_002/20220823_033000.WAV,Telephone Field,recover-20220825,002,1795
1487.4165,1487.45,68437,82112,Rhinolophus ferrumequinum,0.028,0.029,-1,Echolocation,/mnt/ubna_data_01_mir/recover-20220825/UBNA_002/20220823_033000.WAV,Telephone Field,recover-20220825,002,1795
1487.4305,1487.4721,68437,83236,Rhinolophus ferrumequinum,0.043,0.043,-1,Echolocation,/mnt/ubna_data_01_mir/recover-20220825/UBNA_002/20220823_033000.WAV,Telephone Field,recover-20220825,002,1795
1487.4825,1487.4948,55546,63353,Pipistrellus pygmaeus,0.023,0.024,-1,Echolocation,/mnt/ubna_data_01_mir/recover-20220825/UBNA_002/20220823_033000.WAV,Telephone Field,recover-20220825,002,1795
1487.4845,1487.4909,28906,82523,Myotis bechsteinii,0.064,0.129,-1,Echolocation,/mnt/ubna_data_01_mir/recover-20220825/UBNA_002/20220823_033000.WAV,Telephone Field,recover-20220825,002,1795
1487.4845,1487.4911,36640,69759,Pipistrellus nathusii,0.201,0.451,-1,Echolocation,/mnt/ubna_data_01_mir/recover-20220825/UBNA_002/20220823_033000.WAV,Telephone Field,recover-20220825,002,1795
1487.4855,1487.4939,48671,58597,Pipistrellus pipistrellus,0.019,0.03,-1,Echolocation,/mnt/ubna_data_01_mir/recover-20220825/UBNA_002/20220823_033000.WAV,Telephone Field,recover-20220825,002,1795
1487.4955,1487.5013,34062,62215,Myotis brandtii,0.021,0.037,-1,Echolocation,/mnt/ubna_data_01_mir/recover-20220825/UBNA_002/20220823_033000.WAV,Telephone Field,recover-20220825,002,1795
1487.5625,1487.5691,28046,35772,Eptesicus serotinus,0.005,0.023,-1,Echolocation,/mnt/ubna_data_01_mir/recover-20220825/UBNA_002/20220823_033000.WAV,Telephone Field,recover-20220825,002,1795
1487.5745,1487.581,40078,67127,Pipistrellus nathusii,0.174,0.339,-1,Echolocation,/mnt/ubna_data_01_mir/recover-20220825/UBNA_002/20220823_033000.WAV,Telephone Field,recover-20220825,002,1795
1487.5835,1487.5892,34921,47707,Myotis daubentonii,0.01,0.027,-1,Echolocation,/mnt/ubna_data_01_mir/recover-20220825/UBNA_002/20220823_033000.WAV,Telephone Field,recover-20220825,002,1795
1487.5855,1487.5944,28046,35437,Eptesicus serotinus,0.007,0.023,-1,Echolocation,/mnt/ubna_data_01_mir/recover-20220825/UBNA_002/20220823_033000.WAV,Telephone Field,recover-20220825,002,1795
1487.6645,1487.6695,44375,61408,Myotis brandtii,0.016,0.072,-1,Echolocation,/mnt/ubna_data_01_mir/recover-20220825/UBNA_002/20220823_033000.WAV,Telephone Field,recover-20220825,002,1795
1487.6655,1487.672,26328,83787,Myotis bechsteinii,0.111,0.145,-1,Echolocation,/mnt/ubna_data_01_mir/recover-20220825/UBNA_002/20220823_033000.WAV,Telephone Field,recover-20220825,002,1795
1487.6665,1487.6734,34062,75038,Myotis brandtii,0.159,0.347,-1,Echolocation,/mnt/ubna_data_01_mir/recover-20220825/UBNA_002/20220823_033000.WAV,Telephone Field,recover-20220825,002,1795
1487.6775,1487.683,31484,70468,Myotis brandtii,0.024,0.053,-1,Echolocation,/mnt/ubna_data_01_mir/recover-20220825/UBNA_002/20220823_033000.WAV,Telephone Field,recover-20220825,002,1795
1487.6895,1487.6999,22890,28429,Nyctalus leisleri,0.01,0.023,-1,Echolocation,/mnt/ubna_data_01_mir/recover-20220825/UBNA_002/20220823_033000.WAV,Telephone Field,recover-20220825,002,1795
1487.7245,1487.7326,27187,39665,Eptesicus serotinus,0.009,0.025,-1,Echolocation,/mnt/ubna_data_01_mir/recover-20220825/UBNA_002/20220823_033000.WAV,Telephone Field,recover-20220825,002,1795
1487.7525,1487.7587,47812,58166,Pipistrellus pipistrellus,0.038,0.048,-1,Echolocation,/mnt/ubna_data_01_mir/recover-20220825/UBNA_002/20220823_033000.WAV,Telephone Field,recover-20220825,002,1795
1487.7595,1487.7659,36640,67198,Pipistrellus nathusii,0.164,0.459,-1,Echolocation,/mnt/ubna_data_01_mir/recover-20220825/UBNA_002/20220823_033000.WAV,Telephone Field,recover-20220825,002,1795
1487.7745,1487.8065,68437,80906,Rhinolophus ferrumequinum,0.022,0.023,-1,Echolocation,/mnt/ubna_data_01_mir/recover-20220825/UBNA_002/20220823_033000.WAV,Telephone Field,recover-20220825,002,1795
1487.7865,1487.7945,47812,52068,Pipistrellus pipistrellus,0.041,0.048,-1,Echolocation,/mnt/ubna_data_01_mir/recover-20220825/UBNA_002/20220823_033000.WAV,Telephone Field,recover-20220825,002,1795
1487.8055,1487.8131,47812,56548,Pipistrellus pipistrellus,0.029,0.031,-1,Echolocation,/mnt/ubna_data_01_mir/recover-20220825/UBNA_002/20220823_033000.WAV,Telephone Field,recover-20220825,002,1795
1487.8065,1487.8468,68437,83045,Rhinolophus ferrumequinum,0.024,0.024,-1,Echolocation,/mnt/ubna_data_01_mir/recover-20220825/UBNA_002/20220823_033000.WAV,Telephone Field,recover-20220825,002,1795
1487.8145,1487.851,68437,82620,Rhinolophus ferrumequinum,0.023,0.023,-1,Echolocation,/mnt/ubna_data_01_mir/recover-20220825/UBNA_002/20220823_033000.WAV,Telephone Field,recover-20220825,002,1795
1487.8305,1487.8367,34062,46869,Myotis daubentonii,0.009,0.023,-1,Echolocation,/mnt/ubna_data_01_mir/recover-20220825/UBNA_002/20220823_033000.WAV,Telephone Field,recover-20220825,002,1795
1487.8325,1487.8583,68437,79317,Rhinolophus ferrumequinum,0.025,0.026,-1,Echolocation,/mnt/ubna_data_01_mir/recover-20220825/UBNA_002/20220823_033000.WAV,Telephone Field,recover-20220825,002,1795
1487.8345,1487.844,44375,52034,Pipistrellus pipistrellus,0.019,0.024,-1,Echolocation,/mnt/ubna_data_01_mir/recover-20220825/UBNA_002/20220823_033000.WAV,Telephone Field,recover-20220825,002,1795
1487.8415,1487.8495,45234,55490,Pipistrellus pipistrellus,0.014,0.025,-1,Echolocation,/mnt/ubna_data_01_mir/recover-20220825/UBNA_002/20220823_033000.WAV,Telephone Field,recover-20220825,002,1795
1487.8525,1487.8592,35781,66155,Pipistrellus nathusii,0.172,0.431,-1,Echolocation,/mnt/ubna_data_01_mir/recover-20220825/UBNA_002/20220823_033000.WAV,Telephone Field,recover-20220825,002,1795
1487.8525,1487.8585,27187,77134,Myotis bechsteinii,0.06,0.093,-1,Echolocation,/mnt/ubna_data_01_mir/recover-20220825/UBNA_002/20220823_033000.WAV,Telephone Field,recover-20220825,002,1795
1487.8535,1487.8605,48671,57782,Pipistrellus pipistrellus,0.037,0.06,-1,Echolocation,/mnt/ubna_data_01_mir/recover-20220825/UBNA_002/20220823_033000.WAV,Telephone Field,recover-20220825,002,1795
1487.8555,1487.8839,68437,81543,Rhinolophus ferrumequinum,0.027,0.027,-1,Echolocation,/mnt/ubna_data_01_mir/recover-20220825/UBNA_002/20220823_033000.WAV,Telephone Field,recover-20220825,002,1795
1487.8635,1487.8702,26328,35633,Eptesicus serotinus,0.005,0.023,-1,Echolocation,/mnt/ubna_data_01_mir/recover-20220825/UBNA_002/20220823_033000.WAV,Telephone Field,recover-20220825,002,1795
1487.8915,1487.8988,26328,36714,Eptesicus serotinus,0.005,0.022,-1,Echolocation,/mnt/ubna_data_01_mir/recover-20220825/UBNA_002/20220823_033000.WAV,Telephone Field,recover-20220825,002,1795
1487.9235,1487.9304,32343,38905,Barbastellus barbastellus,0.011,0.029,-1,Echolocation,/mnt/ubna_data_01_mir/recover-20220825/UBNA_002/20220823_033000.WAV,Telephone Field,recover-20220825,002,1795
1487.9445,1487.9535,54687,61219,Pipistrellus pygmaeus,0.024,0.027,-1,Echolocation,/mnt/ubna_data_01_mir/recover-20220825/UBNA_002/20220823_033000.WAV,Telephone Field,recover-20220825,002,1795
1487.9465,1487.9525,28906,77315,Myotis bechsteinii,0.051,0.095,-1,Echolocation,/mnt/ubna_data_01_mir/recover-20220825/UBNA_002/20220823_033000.WAV,Telephone Field,recover-20220825,002,1795
1487.9475,1487.9541,36640,60643,Pipistrellus nathusii,0.356,0.515,-1,Echolocation,/mnt/ubna_data_01_mir/recover-20220825/UBNA_002/20220823_033000.WAV,Telephone Field,recover-20220825,002,1795
1487.9575,1487.9631,27187,40222,Eptesicus serotinus,0.006,0.032,-1,Echolocation,/mnt/ubna_data_01_mir/recover-20220825/UBNA_002/20220823_033000.WAV,Telephone Field,recover-20220825,002,1795
1487.9785,1487.9865,49531,57106,Pipistrellus pipistrellus,0.02,0.024,-1,Echolocation,/mnt/ubna_data_01_mir/recover-20220825/UBNA_002/20220823_033000.WAV,Telephone Field,recover-20220825,002,1795
1487.9825,1487.9899,28046,45488,Eptesicus serotinus,0.008,0.028,-1,Echolocation,/mnt/ubna_data_01_mir/recover-20220825/UBNA_002/20220823_033000.WAV,Telephone Field,recover-20220825,002,1795
1488.0015,1488.0073,26328,39802,Plecotus auritus,0.009,0.039,-1,Echolocation,/mnt/ubna_data_01_mir/recover-20220825/UBNA_002/20220823_033000.WAV,Telephone Field,recover-20220825,002,1795
1488.0015,1488.0299,68437,80457,Rhinolophus ferrumequinum,0.029,0.029,-1,Echolocation,/mnt/ubna_data_01_mir/recover-20220825/UBNA_002/20220823_033000.WAV,Telephone Field,recover-20220825,002,1795
1488.0235,1488.0304,45234,56991,Pipistrellus pipistrellus,0.027,0.041,-1,Echolocation,/mnt/ubna_data_01_mir/recover-20220825/UBNA_002/20220823_033000.WAV,Telephone Field,recover-20220825,002,1795
1488.0235,1488.0294,34921,60896,Myotis brandtii,0.01,0.021,-1,Echolocation,/mnt/ubna_data_01_mir/recover-20220825/UBNA_002/20220823_033000.WAV,Telephone Field,recover-20220825,002,1795
1488.0665,1488.0733,28906,68071,Myotis bechsteinii,0.039,0.064,-1,Echolocation,/mnt/ubna_data_01_mir/recover-20220825/UBNA_002/20220823_033000.WAV,Telephone Field,recover-20220825,002,1795
1488.0675,1488.0752,35781,62617,Pipistrellus nathusii,0.523,0.614,-1,Echolocation,/mnt/ubna_data_01_mir/recover-20220825/UBNA_002/20220823_033000.WAV,Telephone Field,recover-20220825,002,1795
1488.0675,1488.0741,48671,58753,Pipistrellus pipistrellus,0.034,0.053,-1,Echolocation,/mnt/ubna_data_01_mir/recover-20220825/UBNA_002/20220823_033000.WAV,Telephone Field,recover-20220825,002,1795
1488.0995,1488.1104,26328,32410,Eptesicus serotinus,0.036,0.067,-1,Echolocation,/mnt/ubna_data_01_mir/recover-20220825/UBNA_002/20220823_033000.WAV,Telephone Field,recover-20220825,002,1795
1488.1035,1488.1381,68437,81822,Rhinolophus ferrumequinum,0.021,0.021,-1,Echolocation,/mnt/ubna_data_01_mir/recover-20220825/UBNA_002/20220823_033000.WAV,Telephone Field,recover-20220825,002,1795
1488.1485,1488.1849,68437,82303,Rhinolophus ferrumequinum,0.024,0.024,-1,Echolocation,/mnt/ubna_data_01_mir/recover-20220825/UBNA_002/20220823_033000.WAV,Telephone Field,recover-20220825,002,1795
1488.1515,1488.1584,28906,64227,Myotis bechsteinii,0.039,0.068,-1,Echolocation,/mnt/ubna_data_01_mir/recover-20220825/UBNA_002/20220823_033000.WAV,Telephone Field,recover-20220825,002,1795
1488.1515,1488.1616,52968,59596,Pipistrellus pygmaeus,0.048,0.054,-1,Echolocation,/mnt/ubna_data_01_mir/recover-20220825/UBNA_002/20220823_033000.WAV,Telephone Field,recover-20220825,002,1795
1488.1535,1488.161,35781,55453,Pipistrellus nathusii,0.512,0.592,-1,Echolocation,/mnt/ubna_data_01_mir/recover-20220825/UBNA_002/20220823_033000.WAV,Telephone Field,recover-20220825,002,1795
1488.2015,1488.2096,28046,39016,Eptesicus serotinus,0.007,0.021,-1,Echolocation,/mnt/ubna_data_01_mir/recover-20220825/UBNA_002/20220823_033000.WAV,Telephone Field,recover-20220825,002,1795
1488.2255,1488.2669,68437,82794,Rhinolophus ferrumequinum,0.024,0.024,-1,Echolocation,/mnt/ubna_data_01_mir/recover-20220825/UBNA_002/20220823_033000.WAV,Telephone Field,recover-20220825,002,1795
1488.2455,1488.2764,68437,81151,Rhinolophus ferrumequinum,0.021,0.021,-1,Echolocation,/mnt/ubna_data_01_mir/recover-20220825/UBNA_002/20220823_033000.WAV,Telephone Field,recover-20220825,002,1795
1488.2495,1488.2567,50390,55485,Pipistrellus pipistrellus,0.021,0.039,-1,Echolocation,/mnt/ubna_data_01_mir/recover-20220825/UBNA_002/20220823_033000.WAV,Telephone Field,recover-20220825,002,1795
1488.2515,1488.2574,28046,67063,Myotis bechsteinii,0.051,0.082,-1,Echolocation,/mnt/ubna_data_01_mir/recover-20220825/UBNA_002/20220823_033000.WAV,Telephone Field,recover-20220825,002,1795
1488.2525,1488.2601,35781,62570,Pipistrellus nathusii,0.435,0.542,-1,Echolocation,/mnt/ubna_data_01_mir/recover-20220825/UBNA_002/20220823_033000.WAV,Telephone Field,recover-20220825,002,1795
1488.2625,1488.2688,26328,37663,Eptesicus serotinus,0.004,0.022,-1,Echolocation,/mnt/ubna_data_01_mir/recover-20220825/UBNA_002/20220823_033000.WAV,Telephone Field,recover-20220825,002,1795
1488.3285,1488.3346,32343,57507,Myotis brandtii,0.011,0.028,-1,Echolocation,/mnt/ubna_data_01_mir/recover-20220825/UBNA_002/20220823_033000.WAV,Telephone Field,recover-20220825,002,1795
1488.3485,1488.3563,49531,56327,Pipistrellus pipistrellus,0.024,0.038,-1,Echolocation,/mnt/ubna_data_01_mir/recover-20220825/UBNA_002/20220823_033000.WAV,Telephone Field,recover-20220825,002,1795
1488.3505,1488.3577,28906,59641,Myotis bechsteinii,0.021,0.042,-1,Echolocation,/mnt/ubna_data_01_mir/recover-20220825/UBNA_002/20220823_033000.WAV,Telephone Field,recover-20220825,002,1795
1488.3535,1488.3612,36640,54951,Pipistrellus nathusii,0.532,0.612,-1,Echolocation,/mnt/ubna_data_01_mir/recover-20220825/UBNA_002/20220823_033000.WAV,Telephone Field,recover-20220825,002,1795
1488.3605,1488.366,29765,40979,Myotis daubentonii,0.01,0.024,-1,Echolocation,/mnt/ubna_data_01_mir/recover-20220825/UBNA_002/20220823_033000.WAV,Telephone Field,recover-20220825,002,1795
1488.4045,1488.4472,68437,83255,Rhinolophus ferrumequinum,0.026,0.026,-1,Echolocation,/mnt/ubna_data_01_mir/recover-20220825/UBNA_002/20220823_033000.WAV,Telephone Field,recover-20220825,002,1795
1488.4495,1488.4563,26328,60244,Myotis bechsteinii,0.026,0.05,-1,Echolocation,/mnt/ubna_data_01_mir/recover-20220825/UBNA_002/20220823_033000.WAV,Telephone Field,recover-20220825,002,1795
1488.4495,1488.4565,42656,57459,Pipistrellus pipistrellus,0.013,0.046,-1,Echolocation,/mnt/ubna_data_01_mir/recover-20220825/UBNA_002/20220823_033000.WAV,Telephone Field,recover-20220825,002,1795
1488.4515,1488.4599,34062,56963,Pipistrellus nathusii,0.494,0.567,-1,Echolocation,/mnt/ubna_data_01_mir/recover-20220825/UBNA_002/20220823_033000.WAV,Telephone Field,recover-20220825,002,1795
1488.4515,1488.4584,49531,58357,Pipistrellus pipistrellus,0.02,0.038,-1,Echolocation,/mnt/ubna_data_01_mir/recover-20220825/UBNA_002/20220823_033000.WAV,Telephone Field,recover-20220825,002,1795
1488.4645,1488.4956,68437,80717,Rhinolophus ferrumequinum,0.021,0.021,-1,Echolocation,/mnt/ubna_data_01_mir/recover-20220825/UBNA_002/20220823_033000.WAV,Telephone Field,recover-20220825,002,1795
1488.4865,1488.4957,28046,36119,Eptesicus serotinus,0.009,0.023,-1,Echolocation,/mnt/ubna_data_01_mir/recover-20220825/UBNA_002/20220823_033000.WAV,Telephone Field,recover-20220825,002,1795
1488.5115,1488.5189,48671,53517,Pipistrellus pipistrellus,0.026,0.03,-1,Echolocation,/mnt/ubna_data_01_mir/recover-20220825/UBNA_002/20220823_033000.WAV,Telephone Field,recover-20220825,002,1795
1488.5225,1488.5419,16015,19887,Nyctalus noctula,0.02,0.032,-1,Echolocation,/mnt/ubna_data_01_mir/recover-20220825/UBNA_002/20220823_033000.WAV,Telephone Field,recover-20220825,002,1795
1488.5395,1488.5491,48671,55738,Pipistrellus pipistrellus,0.025,0.04,-1,Echolocation,/mnt/ubna_data_01_mir/recover-20220825/UBNA_002/20220823_033000.WAV,Telephone Field,recover-20220825,002,1795
1488.5415,1488.5483,28906,68104,Myotis bechsteinii,0.041,0.068,-1,Echolocation,/mnt/ubna_data_01_mir/recover-20220825/UBNA_002/20220823_033000.WAV,Telephone Field,recover-20220825,002,1795
1488.5425,1488.5494,35781,61029,Pipistrellus nathusii,0.512,0.618,-1,Echolocation,/mnt/ubna_data_01_mir/recover-20220825/UBNA_002/20220823_033000.WAV,Telephone Field,recover-20220825,002,1795
1488.5505,1488.5581,37500,48594,Pipistrellus nathusii,0.011,0.029,-1,Echolocation,/mnt/ubna_data_01_mir/recover-20220825/UBNA_002/20220823_033000.WAV,Telephone Field,recover-20220825,002,1795
1488.6465,1488.6542,36640,48487,Pipistrellus nathusii,0.558,0.598,-1,Echolocation,/mnt/ubna_data_01_mir/recover-20220825/UBNA_002/20220823_033000.WAV,Telephone Field,recover-20220825,002,1795
1488.6585,1488.6912,68437,82255,Rhinolophus ferrumequinum,0.025,0.025,-1,Echolocation,/mnt/ubna_data_01_mir/recover-20220825/UBNA_002/20220823_033000.WAV,Telephone Field,recover-20220825,002,1795
1488.6645,1488.6753,49531,54798,Pipistrellus pipistrellus,0.015,0.023,-1,Echolocation,/mnt/ubna_data_01_mir/recover-20220825/UBNA_002/20220823_033000.WAV,Telephone Field,recover-20220825,002,1795
1488.6955,1488.7047,26328,37092,Eptesicus serotinus,0.008,0.021,-1,Echolocation,/mnt/ubna_data_01_mir/recover-20220825/UBNA_002/20220823_033000.WAV,Telephone Field,recover-20220825,002,1795
1488.7005,1488.7071,48671,56898,Pipistrellus pipistrellus,0.015,0.021,-1,Echolocation,/mnt/ubna_data_01_mir/recover-20220825/UBNA_002/20220823_033000.WAV,Telephone Field,recover-20220825,002,1795
1488.7385,1488.746,48671,54015,Pipistrellus pipistrellus,0.02,0.033,-1,Echolocation,/mnt/ubna_data_01_mir/recover-20220825/UBNA_002/20220823_033000.WAV,Telephone Field,recover-20220825,002,1795
1488.7415,1488.7512,35781,58741,Pipistrellus nathusii,0.452,0.579,-1,Echolocation,/mnt/ubna_data_01_mir/recover-20220825/UBNA_002/20220823_033000.WAV,Telephone Field,recover-20220825,002,1795
1488.7445,1488.7763,68437,81349,Rhinolophus ferrumequinum,0.029,0.029,-1,Echolocation,/mnt/ubna_data_01_mir/recover-20220825/UBNA_002/20220823_033000.WAV,Telephone Field,recover-20220825,002,1795
1488.7515,1488.7579,33203,49400,Myotis daubentonii,0.01,0.025,-1,Echolocation,/mnt/ubna_data_01_mir/recover-20220825/UBNA_002/20220823_033000.WAV,Telephone Field,recover-20220825,002,1795
1488.7715,1488.7814,25468,33367,Eptesicus serotinus,0.01,0.026,-1,Echolocation,/mnt/ubna_data_01_mir/recover-20220825/UBNA_002/20220823_033000.WAV,Telephone Field,recover-20220825,002,1795
1488.7965,1488.8296,68437,81036,Rhinolophus ferrumequinum,0.024,0.024,-1,Echolocation,/mnt/ubna_data_01_mir/recover-20220825/UBNA_002/20220823_033000.WAV,Telephone Field,recover-20220825,002,1795
1488.8005,1488.8108,55546,65174,Pipistrellus pygmaeus,0.02,0.02,-1,Echolocation,/mnt/ubna_data_01_mir/recover-20220825/UBNA_002/20220823_033000.WAV,Telephone Field,recover-20220825,002,1795
1488.8135,1488.8218,28046,43723,Eptesicus serotinus,0.007,0.021,-1,Echolocation,/mnt/ubna_data_01_mir/recover-20220825/UBNA_002/20220823_033000.WAV,Telephone Field,recover-20220825,002,1795
1488.8145,1488.8473,68437,80945,Rhinolophus ferrumequinum,0.021,0.021,-1,Echolocation,/mnt/ubna_data_01_mir/recover-20220825/UBNA_002/20220823_033000.WAV,Telephone Field,recover-20220825,002,1795
1488.8655,1488.873,42656,52444,Pipistrellus pipistrellus,0.008,0.033,-1,Echolocation,/mnt/ubna_data_01_mir/recover-20220825/UBNA_002/20220823_033000.WAV,Telephone Field,recover-20220825,002,1795
1488.8675,1488.8763,34921,47935,Eptesicus serotinus,0.251,0.532,-1,Echolocation,/mnt/ubna_data_01_mir/recover-20220825/UBNA_002/20220823_033000.WAV,Telephone Field,recover-20220825,002,1795
1488.8875,1488.8947,23750,32437,Plecotus austriacus,0.008,0.021,-1,Echolocation,/mnt/ubna_data_01_mir/recover-20220825/UBNA_002/20220823_033000.WAV,Telephone Field,recover-20220825,002,1795
1488.9155,1488.9534,68437,81621,Rhinolophus ferrumequinum,0.022,0.022,-1,Echolocation,/mnt/ubna_data_01_mir/recover-20220825/UBNA_002/20220823_033000.WAV,Telephone Field,recover-20220825,002,1795
1488.9355,1488.9745,68437,82248,Rhinolophus ferrumequinum,0.021,0.022,-1,Echolocation,/mnt/ubna_data_01_mir/recover-20220825/UBNA_002/20220823_033000.WAV,Telephone Field,recover-20220825,002,1795
1488.9415,1488.9495,28046,38185,Eptesicus serotinus,0.007,0.023,-1,Echolocation,/mnt/ubna_data_01_mir/recover-20220825/UBNA_002/20220823_033000.WAV,Telephone Field,recover-20220825,002,1795
1488.9545,1488.9626,42656,53435,Pipistrellus nathusii,0.011,0.036,-1,Echolocation,/mnt/ubna_data_01_mir/recover-20220825/UBNA_002/20220823_033000.WAV,Telephone Field,recover-20220825,002,1795
1488.9575,1488.9645,35781,48911,Pipistrellus nathusii,0.309,0.52,-1,Echolocation,/mnt/ubna_data_01_mir/recover-20220825/UBNA_002/20220823_033000.WAV,Telephone Field,recover-20220825,002,1795
1488.9775,1489.0125,68437,81250,Rhinolophus ferrumequinum,0.032,0.032,-1,Echolocation,/mnt/ubna_data_01_mir/recover-20220825/UBNA_002/20220823_033000.WAV,Telephone Field,recover-20220825,002,1795
1489.0275,1489.0379,41796,46223,Pipistrellus pipistrellus,0.014,0.025,-1,Echolocation,/mnt/ubna_data_01_mir/recover-20220825/UBNA_002/20220823_033000.WAV,Telephone Field,recover-20220825,002,1795
1489.0485,1489.0551,43515,56214,Myotis brandtii,0.017,0.064,-1,Echolocation,/mnt/ubna_data_01_mir/recover-20220825/UBNA_002/20220823_033000.WAV,Telephone Field,recover-20220825,002,1795
1489.0495,1489.0585,34921,56367,Pipistrellus nathusii,0.454,0.57,-1,Echolocation,/mnt/ubna_data_01_mir/recover-20220825/UBNA_002/20220823_033000.WAV,Telephone Field,recover-20220825,002,1795
1489.1175,1489.1603,68437,83013,Rhinolophus ferrumequinum,0.027,0.027,-1,Echolocation,/mnt/ubna_data_01_mir/recover-20220825/UBNA_002/20220823_033000.WAV,Telephone Field,recover-20220825,002,1795
1489.1275,1489.1645,68437,82629,Rhinolophus ferrumequinum,0.022,0.022,-1,Echolocation,/mnt/ubna_data_01_mir/recover-20220825/UBNA_002/20220823_033000.WAV,Telephone Field,recover-20220825,002,1795
1489.1455,1489.1526,44375,52224,Pipistrellus pipistrellus,0.01,0.031,-1,Echolocation,/mnt/ubna_data_01_mir/recover-20220825/UBNA_002/20220823_033000.WAV,Telephone Field,recover-20220825,002,1795
1489.1465,1489.156,35781,51258,Pipistrellus nathusii,0.389,0.551,-1,Echolocation,/mnt/ubna_data_01_mir/recover-20220825/UBNA_002/20220823_033000.WAV,Telephone Field,recover-20220825,002,1795
1489.1535,1489.189,68437,81802,Rhinolophus ferrumequinum,0.02,0.02,-1,Echolocation,/mnt/ubna_data_01_mir/recover-20220825/UBNA_002/20220823_033000.WAV,Telephone Field,recover-20220825,002,1795
1489.1755,1489.1844,28046,35950,Eptesicus serotinus,0.007,0.021,-1,Echolocation,/mnt/ubna_data_01_mir/recover-20220825/UBNA_002/20220823_033000.WAV,Telephone Field,recover-20220825,002,1795
1489.1965,1489.2317,68437,81289,Rhinolophus ferrumequinum,0.021,0.021,-1,Echolocation,/mnt/ubna_data_01_mir/recover-20220825/UBNA_002/20220823_033000.WAV,Telephone Field,recover-20220825,002,1795
1489.2285,1489.2339,30625,62214,Myotis brandtii,0.01,0.031,-1,Echolocation,/mnt/ubna_data_01_mir/recover-20220825/UBNA_002/20220823_033000.WAV,Telephone Field,recover-20220825,002,1795
1489.2565,1489.263,28046,43423,Eptesicus serotinus,0.007,0.029,-1,Echolocation,/mnt/ubna_data_01_mir/recover-20220825/UBNA_002/20220823_033000.WAV,Telephone Field,recover-20220825,002,1795
1489.2745,1489.2844,43515,48258,Pipistrellus pipistrellus,0.025,0.039,-1,Echolocation,/mnt/ubna_data_01_mir/recover-20220825/UBNA_002/20220823_033000.WAV,Telephone Field,recover-20220825,002,1795
1489.2895,1489.3233,68437,81804,Rhinolophus ferrumequinum,0.021,0.021,-1,Echolocation,/mnt/ubna_data_01_mir/recover-20220825/UBNA_002/20220823_033000.WAV,Telephone Field,recover-20220825,002,1795
1489.3005,1489.3104,28046,35237,Eptesicus serotinus,0.01,0.027,-1,Echolocation,/mnt/ubna_data_01_mir/recover-20220825/UBNA_002/20220823_033000.WAV,Telephone Field,recover-20220825,002,1795
1489.3245,1489.363,68437,81966,Rhinolophus ferrumequinum,0.025,0.025,-1,Echolocation,/mnt/ubna_data_01_mir/recover-20220825/UBNA_002/20220823_033000.WAV,Telephone Field,recover-20220825,002,1795
1489.3305,1489.3372,43515,55363,Myotis brandtii,0.009,0.041,-1,Echolocation,/mnt/ubna_data_01_mir/recover-20220825/UBNA_002/20220823_033000.WAV,Telephone Field,recover-20220825,002,1795
1489.3325,1489.3414,34062,54942,Pipistrellus nathusii,0.279,0.565,-1,Echolocation,/mnt/ubna_data_01_mir/recover-20220825/UBNA_002/20220823_033000.WAV,Telephone Field,recover-20220825,002,1795
1489.3425,1489.349,29765,41181,Myotis daubentonii,0.01,0.022,-1,Echolocation,/mnt/ubna_data_01_mir/recover-20220825/UBNA_002/20220823_033000.WAV,Telephone Field,recover-20220825,002,1795
1489.3695,1489.3815,31484,36739,Pipistrellus nathusii,0.012,0.039,-1,Echolocation,/mnt/ubna_data_01_mir/recover-20220825/UBNA_002/20220823_033000.WAV,Telephone Field,recover-20220825,002,1795
1489.4155,1489.426,28906,35587,Eptesicus serotinus,0.012,0.026,-1,Echolocation,/mnt/ubna_data_01_mir/recover-20220825/UBNA_002/20220823_033000.WAV,Telephone Field,recover-20220825,002,1795
1489.4185,1489.4547,68437,81649,Rhinolophus ferrumequinum,0.021,0.021,-1,Echolocation,/mnt/ubna_data_01_mir/recover-20220825/UBNA_002/20220823_033000.WAV,Telephone Field,recover-20220825,002,1795
1489.4295,1489.4392,34921,54839,Pipistrellus nathusii,0.521,0.616,-1,Echolocation,/mnt/ubna_data_01_mir/recover-20220825/UBNA_002/20220823_033000.WAV,Telephone Field,recover-20220825,002,1795
1489.4305,1489.4365,46953,53437,Pipistrellus pipistrellus,0.015,0.032,-1,Echolocation,/mnt/ubna_data_01_mir/recover-20220825/UBNA_002/20220823_033000.WAV,Telephone Field,recover-20220825,002,1795
1489.4465,1489.4572,22890,27276,Nyctalus leisleri,0.011,0.021,-1,Echolocation,/mnt/ubna_data_01_mir/recover-20220825/UBNA_002/20220823_033000.WAV,Telephone Field,recover-20220825,002,1795
1489.4675,1489.4771,28046,35905,Eptesicus serotinus,0.009,0.024,-1,Echolocation,/mnt/ubna_data_01_mir/recover-20220825/UBNA_002/20220823_033000.WAV,Telephone Field,recover-20220825,002,1795
1489.4755,1489.4837,48671,55545,Pipistrellus pipistrellus,0.023,0.028,-1,Echolocation,/mnt/ubna_data_01_mir/recover-20220825/UBNA_002/20220823_033000.WAV,Telephone Field,recover-20220825,002,1795
1489.5165,1489.5255,35781,51415,Pipistrellus nathusii,0.425,0.585,-1,Echolocation,/mnt/ubna_data_01_mir/recover-20220825/UBNA_002/20220823_033000.WAV,Telephone Field,recover-20220825,002,1795
1489.5255,1489.5337,28046,35637,Eptesicus serotinus,0.007,0.027,-1,Echolocation,/mnt/ubna_data_01_mir/recover-20220825/UBNA_002/20220823_033000.WAV,Telephone Field,recover-20220825,002,1795
1489.5815,1489.5922,24609,31046,Nyctalus leisleri,0.01,0.025,-1,Echolocation,/mnt/ubna_data_01_mir/recover-20220825/UBNA_002/20220823_033000.WAV,Telephone Field,recover-20220825,002,1795
1489.5825,1489.5916,49531,55033,Pipistrellus pipistrellus,0.021,0.026,-1,Echolocation,/mnt/ubna_data_01_mir/recover-20220825/UBNA_002/20220823_033000.WAV,Telephone Field,recover-20220825,002,1795
1489.6035,1489.6388,68437,81788,Rhinolophus ferrumequinum,0.022,0.022,-1,Echolocation,/mnt/ubna_data_01_mir/recover-20220825/UBNA_002/20220823_033000.WAV,Telephone Field,recover-20220825,002,1795
1489.6055,1489.6139,28046,38677,Eptesicus serotinus,0.008,0.023,-1,Echolocation,/mnt/ubna_data_01_mir/recover-20220825/UBNA_002/20220823_033000.WAV,Telephone Field,recover-20220825,002,1795
1489.6205,1489.6298,28046,34753,Eptesicus serotinus,0.009,0.023,-1,Echolocation,/mnt/ubna_data_01_mir/recover-20220825/UBNA_002/20220823_033000.WAV,Telephone Field,recover-20220825,002,1795
1489.6295,1489.6369,49531,53531,Pipistrellus pipistrellus,0.027,0.042,-1,Echolocation,/mnt/ubna_data_01_mir/recover-20220825/UBNA_002/20220823_033000.WAV,Telephone Field,recover-20220825,002,1795
1489.6325,1489.6391,42656,54153,Myotis brandtii,0.01,0.044,-1,Echolocation,/mnt/ubna_data_01_mir/recover-20220825/UBNA_002/20220823_033000.WAV,Telephone Field,recover-20220825,002,1795
1489.6345,1489.6427,34921,54933,Pipistrellus nathusii,0.412,0.523,-1,Echolocation,/mnt/ubna_data_01_mir/recover-20220825/UBNA_002/20220823_033000.WAV,Telephone Field,recover-20220825,002,1795
1489.7255,1489.7336,48671,52723,Pipistrellus pipistrellus,0.025,0.038,-1,Echolocation,/mnt/ubna_data_01_mir/recover-20220825/UBNA_002/20220823_033000.WAV,Telephone Field,recover-20220825,002,1795
1489.7265,1489.7343,28906,53599,Myotis bechsteinii,0.016,0.036,-1,Echolocation,/mnt/ubna_data_01_mir/recover-20220825/UBNA_002/20220823_033000.WAV,Telephone Field,recover-20220825,002,1795
1489.7295,1489.7386,36640,54453,Pipistrellus nathusii,0.447,0.547,-1,Echolocation,/mnt/ubna_data_01_mir/recover-20220825/UBNA_002/20220823_033000.WAV,Telephone Field,recover-20220825,002,1795
1489.7495,1489.7876,68437,82026,Rhinolophus ferrumequinum,0.021,0.021,-1,Echolocation,/mnt/ubna_data_01_mir/recover-20220825/UBNA_002/20220823_033000.WAV,Telephone Field,recover-20220825,002,1795
1489.7935,1489.8319,68437,82588,Rhinolophus ferrumequinum,0.022,0.022,-1,Echolocation,/mnt/ubna_data_01_mir/recover-20220825/UBNA_002/20220823_033000.WAV,Telephone Field,recover-20220825,002,1795
1489.8065,1489.8132,48671,52646,Pipistrellus pipistrellus,0.014,0.024,-1,Echolocation,/mnt/ubna_data_01_mir/recover-20220825/UBNA_002/20220823_033000.WAV,Telephone Field,recover-20220825,002,1795
1489.8075,1489.8134,29765,68947,Myotis bechsteinii,0.062,0.097,-1,Echolocation,/mnt/ubna_data_01_mir/recover-20220825/UBNA_002/20220823_033000.WAV,Telephone Field,recover-20220825,002,1795
1489.8085,1489.8146,37500,57106,Pipistrellus nathusii,0.376,0.555,-1,Echolocation,/mnt/ubna_data_01_mir/recover-20220825/UBNA_002/20220823_033000.WAV,Telephone Field,recover-20220825,002,1795
1489.8175,1489.8234,34062,48901,Myotis brandtii,0.011,0.026,-1,Echolocation,/mnt/ubna_data_01_mir/recover-20220825/UBNA_002/20220823_033000.WAV,Telephone Field,recover-20220825,002,1795
1489.8545,1489.8608,49531,56533,Pipistrellus pipistrellus,0.018,0.022,-1,Echolocation,/mnt/ubna_data_01_mir/recover-20220825/UBNA_002/20220823_033000.WAV,Telephone Field,recover-20220825,002,1795
1489.8795,1489.8864,28046,37764,Eptesicus serotinus,0.006,0.022,-1,Echolocation,/mnt/ubna_data_01_mir/recover-20220825/UBNA_002/20220823_033000.WAV,Telephone Field,recover-20220825,002,1795
1489.8905,1489.897,30625,66108,Myotis bechsteinii,0.029,0.048,-1,Echolocation,/mnt/ubna_data_01_mir/recover-20220825/UBNA_002/20220823_033000.WAV,Telephone Field,recover-20220825,002,1795
1489.8925,1489.9001,36640,63004,Pipistrellus nathusii,0.458,0.564,-1,Echolocation,/mnt/ubna_data_01_mir/recover-20220825/UBNA_002/20220823_033000.WAV,Telephone Field,recover-20220825,002,1795
1489.8925,1489.9014,47812,56030,Pipistrellus pipistrellus,0.026,0.04,-1,Echolocation,/mnt/ubna_data_01_mir/recover-20220825/UBNA_002/20220823_033000.WAV,Telephone Field,recover-20220825,002,1795
1489.8985,1489.9037,26328,40367,Myotis nattereri,0.005,0.021,-1,Echolocation,/mnt/ubna_data_01_mir/recover-20220825/UBNA_002/20220823_033000.WAV,Telephone Field,recover-20220825,002,1795
1489.9025,1489.9081,35781,49309,Myotis brandtii,0.008,0.021,-1,Echolocation,/mnt/ubna_data_01_mir/recover-20220825/UBNA_002/20220823_033000.WAV,Telephone Field,recover-20220825,002,1795
1489.9215,1489.932,27187,34908,Eptesicus serotinus,0.009,0.022,-1,Echolocation,/mnt/ubna_data_01_mir/recover-20220825/UBNA_002/20220823_033000.WAV,Telephone Field,recover-20220825,002,1795
1489.9655,1489.9746,49531,57895,Pipistrellus pipistrellus,0.012,0.025,-1,Echolocation,/mnt/ubna_data_01_mir/recover-20220825/UBNA_002/20220823_033000.WAV,Telephone Field,recover-20220825,002,1795
1489.9685,1489.9743,30625,71429,Myotis bechsteinii,0.041,0.065,-1,Echolocation,/mnt/ubna_data_01_mir/recover-20220825/UBNA_002/20220823_033000.WAV,Telephone Field,recover-20220825,002,1795
1489.9695,1489.9764,38359,65137,Pipistrellus nathusii,0.404,0.592,-1,Echolocation,/mnt/ubna_data_01_mir/recover-20220825/UBNA_002/20220823_033000.WAV,Telephone Field,recover-20220825,002,1795
1489.9785,1489.9852,26328,39998,Eptesicus serotinus,0.005,0.026,-1,Echolocation,/mnt/ubna_data_01_mir/recover-20220825/UBNA_002/20220823_033000.WAV,Telephone Field,recover-20220825,002,1795
1490.0015,1490.0089,48671,57180,Pipistrellus pipistrellus,0.013,0.024,-1,Echolocation,/mnt/ubna_data_01_mir/recover-20220825/UBNA_002/20220823_033000.WAV,Telephone Field,recover-20220825,002,1795
1490.0015,1490.031,68437,80604,Rhinolophus ferrumequinum,0.033,0.033,-1,Echolocation,/mnt/ubna_data_01_mir/recover-20220825/UBNA_002/20220823_033000.WAV,Telephone Field,recover-20220825,002,1795
1490.0015,1490.0114,57265,64966,Pipistrellus pygmaeus,0.023,0.024,-1,Echolocation,/mnt/ubna_data_01_mir/recover-20220825/UBNA_002/20220823_033000.WAV,Telephone Field,recover-20220825,002,1795
1490.0185,1490.0266,28046,40247,Eptesicus serotinus,0.008,0.023,-1,Echolocation,/mnt/ubna_data_01_mir/recover-20220825/UBNA_002/20220823_033000.WAV,Telephone Field,recover-20220825,002,1795
1490.0455,1490.0513,28046,90551,Myotis bechsteinii,0.077,0.118,-1,Echolocation,/mnt/ubna_data_01_mir/recover-20220825/UBNA_002/20220823_033000.WAV,Telephone Field,recover-20220825,002,1795
1490.0455,1490.0548,53828,59905,Pipistrellus pygmaeus,0.025,0.027,-1,Echolocation,/mnt/ubna_data_01_mir/recover-20220825/UBNA_002/20220823_033000.WAV,Telephone Field,recover-20220825,002,1795
1490.0455,1490.0521,38359,68457,Pipistrellus nathusii,0.206,0.502,-1,Echolocation,/mnt/ubna_data_01_mir/recover-20220825/UBNA_002/20220823_033000.WAV,Telephone Field,recover-20220825,002,1795
1490.0475,1490.0537,49531,55637,Pipistrellus pipistrellus,0.016,0.03,-1,Echolocation,/mnt/ubna_data_01_mir/recover-20220825/UBNA_002/20220823_033000.WAV,Telephone Field,recover-20220825,002,1795
1490.0545,1490.0602,34062,46322,Myotis daubentonii,0.013,0.029,-1,Echolocation,/mnt/ubna_data_01_mir/recover-20220825/UBNA_002/20220823_033000.WAV,Telephone Field,recover-20220825,002,1795
1490.0635,1490.1015,68437,82753,Rhinolophus ferrumequinum,0.028,0.028,-1,Echolocation,/mnt/ubna_data_01_mir/recover-20220825/UBNA_002/20220823_033000.WAV,Telephone Field,recover-20220825,002,1795
1490.0845,1490.0902,28046,36328,Eptesicus serotinus,0.005,0.023,-1,Echolocation,/mnt/ubna_data_01_mir/recover-20220825/UBNA_002/20220823_033000.WAV,Telephone Field,recover-20220825,002,1795
1490.0975,1490.1044,48671,56137,Pipistrellus pipistrellus,0.013,0.026,-1,Echolocation,/mnt/ubna_data_01_mir/recover-20220825/UBNA_002/20220823_033000.WAV,Telephone Field,recover-20220825,002,1795
1490.0985,1490.1044,40078,64020,Myotis brandtii,0.215,0.462,-1,Echolocation,/mnt/ubna_data_01_mir/recover-20220825/UBNA_002/20220823_033000.WAV,Telephone Field,recover-20220825,002,1795
1490.0995,1490.1073,52968,58975,Pipistrellus pygmaeus,0.023,0.025,-1,Echolocation,/mnt/ubna_data_01_mir/recover-20220825/UBNA_002/20220823_033000.WAV,Telephone Field,recover-20220825,002,1795
1490.1475,1490.153,28906,91141,Myotis brandtii,0.049,0.111,-1,Echolocation,/mnt/ubna_data_01_mir/recover-20220825/UBNA_002/20220823_033000.WAV,Telephone Field,recover-20220825,002,1795
1490.1485,1490.1544,39218,69615,Myotis brandtii,0.266,0.42,-1,Echolocation,/mnt/ubna_data_01_mir/recover-20220825/UBNA_002/20220823_033000.WAV,Telephone Field,recover-20220825,002,1795
1490.1565,1490.1649,28046,37737,Eptesicus serotinus,0.007,0.022,-1,Echolocation,/mnt/ubna_data_01_mir/recover-20220825/UBNA_002/20220823_033000.WAV,Telephone Field,recover-20220825,002,1795
1490.1645,1490.2016,68437,81931,Rhinolophus ferrumequinum,0.023,0.023,-1,Echolocation,/mnt/ubna_data_01_mir/recover-20220825/UBNA_002/20220823_033000.WAV,Telephone Field,recover-20220825,002,1795
1490.1865,1490.1922,28046,93901,Myotis bechsteinii,0.092,0.144,-1,Echolocation,/mnt/ubna_data_01_mir/recover-20220825/UBNA_002/20220823_033000.WAV,Telephone Field,recover-20220825,002,1795
1490.1865,1490.1922,37500,73408,Myotis brandtii,0.285,0.439,-1,Echolocation,/mnt/ubna_data_01_mir/recover-20220825/UBNA_002/20220823_033000.WAV,Telephone Field,recover-20220825,002,1795
1490.2005,1490.2203,19453,23191,Nyctalus noctula,0.018,0.03,-1,Echolocation,/mnt/ubna_data_01_mir/recover-20220825/UBNA_002/20220823_033000.WAV,Telephone Field,recover-20220825,002,1795
1490.2175,1490.2226,39218,68178,Myotis brandtii,0.14,0.248,-1,Echolocation,/mnt/ubna_data_01_mir/recover-20220825/UBNA_002/20220823_033000.WAV,Telephone Field,recover-20220825,002,1795
1490.2355,1490.2407,40937,58358,Myotis daubentonii,0.078,0.196,-1,Echolocation,/mnt/ubna_data_01_mir/recover-20220825/UBNA_002/20220823_033000.WAV,Telephone Field,recover-20220825,002,1795
1490.2475,1490.253,38359,60895,Myotis brandtii,0.031,0.074,-1,Echolocation,/mnt/ubna_data_01_mir/recover-20220825/UBNA_002/20220823_033000.WAV,Telephone Field,recover-20220825,002,1795
1490.2605,1490.2668,40937,53382,Myotis daubentonii,0.037,0.093,-1,Echolocation,/mnt/ubna_data_01_mir/recover-20220825/UBNA_002/20220823_033000.WAV,Telephone Field,recover-20220825,002,1795
1490.2715,1490.2771,38359,61764,Myotis daubentonii,0.023,0.055,-1,Echolocation,/mnt/ubna_data_01_mir/recover-20220825/UBNA_002/20220823_033000.WAV,Telephone Field,recover-20220825,002,1795
1490.2735,1490.2823,52109,61406,Pipistrellus pygmaeus,0.022,0.023,-1,Echolocation,/mnt/ubna_data_01_mir/recover-20220825/UBNA_002/20220823_033000.WAV,Telephone Field,recover-20220825,002,1795
1490.2825,1490.2878,30625,78054,Myotis brandtii,0.018,0.036,-1,Echolocation,/mnt/ubna_data_01_mir/recover-20220825/UBNA_002/20220823_033000.WAV,Telephone Field,recover-20220825,002,1795
1490.2825,1490.2891,40937,54002,Myotis daubentonii,0.038,0.084,-1,Echolocation,/mnt/ubna_data_01_mir/recover-20220825/UBNA_002/20220823_033000.WAV,Telephone Field,recover-20220825,002,1795
1490.2925,1490.2993,43515,51929,Pipistrellus nathusii,0.024,0.053,-1,Echolocation,/mnt/ubna_data_01_mir/recover-20220825/UBNA_002/20220823_033000.WAV,Telephone Field,recover-20220825,002,1795
1490.2925,1490.2988,38359,62333,Myotis daubentonii,0.024,0.05,-1,Echolocation,/mnt/ubna_data_01_mir/recover-20220825/UBNA_002/20220823_033000.WAV,Telephone Field,recover-20220825,002,1795
1490.2945,1490.3005,31484,71985,Myotis brandtii,0.021,0.037,-1,Echolocation,/mnt/ubna_data_01_mir/recover-20220825/UBNA_002/20220823_033000.WAV,Telephone Field,recover-20220825,002,1795
1490.3005,1490.3061,37500,62439,Myotis daubentonii,0.019,0.037,-1,Echolocation,/mnt/ubna_data_01_mir/recover-20220825/UBNA_002/20220823_033000.WAV,Telephone Field,recover-20220825,002,1795
1490.3035,1490.3125,53828,60048,Pipistrellus pygmaeus,0.023,0.024,-1,Echolocation,/mnt/ubna_data_01_mir/recover-20220825/UBNA_002/20220823_033000.WAV,Telephone Field,recover-20220825,002,1795
1490.3075,1490.3136,36640,57934,Myotis daubentonii,0.018,0.038,-1,Echolocation,/mnt/ubna_data_01_mir/recover-20220825/UBNA_002/20220823_033000.WAV,Telephone Field,recover-20220825,002,1795
1490.3145,1490.3209,28906,61243,Myotis daubentonii,0.017,0.043,-1,Echolocation,/mnt/ubna_data_01_mir/recover-20220825/UBNA_002/20220823_033000.WAV,Telephone Field,recover-20220825,002,1795
1490.3315,1490.3382,27187,38559,Eptesicus serotinus,0.008,0.03,-1,Echolocation,/mnt/ubna_data_01_mir/recover-20220825/UBNA_002/20220823_033000.WAV,Telephone Field,recover-20220825,002,1795
1490.4125,1490.4205,27187,38755,Eptesicus serotinus,0.008,0.023,-1,Echolocation,/mnt/ubna_data_01_mir/recover-20220825/UBNA_002/20220823_033000.WAV,Telephone Field,recover-20220825,002,1795
1490.4385,1490.4443,34921,55405,Myotis brandtii,0.014,0.03,-1,Echolocation,/mnt/ubna_data_01_mir/recover-20220825/UBNA_002/20220823_033000.WAV,Telephone Field,recover-20220825,002,1795
1490.4405,1490.4498,45234,49135,Pipistrellus pipistrellus,0.023,0.031,-1,Echolocation,/mnt/ubna_data_01_mir/recover-20220825/UBNA_002/20220823_033000.WAV,Telephone Field,recover-20220825,002,1795
1490.4535,1490.463,51250,55694,Pipistrellus pygmaeus,0.019,0.024,-1,Echolocation,/mnt/ubna_data_01_mir/recover-20220825/UBNA_002/20220823_033000.WAV,Telephone Field,recover-20220825,002,1795
1490.4565,1490.4628,31484,72913,Myotis bechsteinii,0.037,0.067,-1,Echolocation,/mnt/ubna_data_01_mir/recover-20220825/UBNA_002/20220823_033000.WAV,Telephone Field,recover-20220825,002,1795
1490.4575,1490.4651,38359,58678,Pipistrellus nathusii,0.463,0.62,-1,Echolocation,/mnt/ubna_data_01_mir/recover-20220825/UBNA_002/20220823_033000.WAV,Telephone Field,recover-20220825,002,1795
1490.4965,1490.505,47812,53078,Pipistrellus pipistrellus,0.024,0.029,-1,Echolocation,/mnt/ubna_data_01_mir/recover-20220825/UBNA_002/20220823_033000.WAV,Telephone Field,recover-20220825,002,1795
1490.5195,1490.5252,29765,76097,Myotis bechsteinii,0.031,0.057,-1,Echolocation,/mnt/ubna_data_01_mir/recover-20220825/UBNA_002/20220823_033000.WAV,Telephone Field,recover-20220825,002,1795
1490.5205,1490.5273,38359,68057,Pipistrellus nathusii,0.52,0.625,-1,Echolocation,/mnt/ubna_data_01_mir/recover-20220825/UBNA_002/20220823_033000.WAV,Telephone Field,recover-20220825,002,1795
1490.5305,1490.5358,34062,55790,Myotis brandtii,0.018,0.034,-1,Echolocation,/mnt/ubna_data_01_mir/recover-20220825/UBNA_002/20220823_033000.WAV,Telephone Field,recover-20220825,002,1795
1490.5515,1490.5612,27187,36431,Eptesicus serotinus,0.01,0.024,-1,Echolocation,/mnt/ubna_data_01_mir/recover-20220825/UBNA_002/20220823_033000.WAV,Telephone Field,recover-20220825,002,1795
1490.5555,1490.5632,49531,58961,Pipistrellus pipistrellus,0.019,0.026,-1,Echolocation,/mnt/ubna_data_01_mir/recover-20220825/UBNA_002/20220823_033000.WAV,Telephone Field,recover-20220825,002,1795
1490.5915,1490.6,27187,39106,Eptesicus serotinus,0.01,0.026,-1,Echolocation,/mnt/ubna_data_01_mir/recover-20220825/UBNA_002/20220823_033000.WAV,Telephone Field,recover-20220825,002,1795
1490.6015,1490.6116,40937,46813,Pipistrellus nathusii,0.014,0.024,-1,Echolocation,/mnt/ubna_data_01_mir/recover-20220825/UBNA_002/20220823_033000.WAV,Telephone Field,recover-20220825,002,1795
1490.6115,1490.6179,32343,60993,Myotis brandtii,0.011,0.022,-1,Echolocation,/mnt/ubna_data_01_mir/recover-20220825/UBNA_002/20220823_033000.WAV,Telephone Field,recover-20220825,002,1795
1490.6215,1490.6292,40937,50380,Pipistrellus nathusii,0.009,0.025,-1,Echolocation,/mnt/ubna_data_01_mir/recover-20220825/UBNA_002/20220823_033000.WAV,Telephone Field,recover-20220825,002,1795
1490.6325,1490.6386,31484,43902,Myotis daubentonii,0.01,0.023,-1,Echolocation,/mnt/ubna_data_01_mir/recover-20220825/UBNA_002/20220823_033000.WAV,Telephone Field,recover-20220825,002,1795
1490.6595,1490.6665,36640,55489,Pipistrellus nathusii,0.511,0.573,-1,Echolocation,/mnt/ubna_data_01_mir/recover-20220825/UBNA_002/20220823_033000.WAV,Telephone Field,recover-20220825,002,1795
1490.6855,1490.6939,48671,53447,Pipistrellus pipistrellus,0.019,0.023,-1,Echolocation,/mnt/ubna_data_01_mir/recover-20220825/UBNA_002/20220823_033000.WAV,Telephone Field,recover-20220825,002,1795
1490.7435,1490.749,28046,73635,Myotis bechsteinii,0.027,0.053,-1,Echolocation,/mnt/ubna_data_01_mir/recover-20220825/UBNA_002/20220823_033000.WAV,Telephone Field,recover-20220825,002,1795
1490.7435,1490.7506,36640,63527,Pipistrellus nathusii,0.484,0.579,-1,Echolocation,/mnt/ubna_data_01_mir/recover-20220825/UBNA_002/20220823_033000.WAV,Telephone Field,recover-20220825,002,1795
1490.7445,1490.7494,52109,64785,Pipistrellus pipistrellus,0.012,0.034,-1,Echolocation,/mnt/ubna_data_01_mir/recover-20220825/UBNA_002/20220823_033000.WAV,Telephone Field,recover-20220825,002,1795
1490.7535,1490.7589,30625,47686,Myotis daubentonii,0.015,0.03,-1,Echolocation,/mnt/ubna_data_01_mir/recover-20220825/UBNA_002/20220823_033000.WAV,Telephone Field,recover-20220825,002,1795
1490.8015,1490.8076,34921,64108,Myotis brandtii,0.011,0.022,-1,Echolocation,/mnt/ubna_data_01_mir/recover-20220825/UBNA_002/20220823_033000.WAV,Telephone Field,recover-20220825,002,1795
1490.8185,1490.8246,35781,60409,Myotis brandtii,0.015,0.028,-1,Echolocation,/mnt/ubna_data_01_mir/recover-20220825/UBNA_002/20220823_033000.WAV,Telephone Field,recover-20220825,002,1795
1490.8285,1490.8381,49531,53158,Pipistrellus pygmaeus,0.02,0.041,-1,Echolocation,/mnt/ubna_data_01_mir/recover-20220825/UBNA_002/20220823_033000.WAV,Telephone Field,recover-20220825,002,1795
1490.8345,1490.8414,36640,62675,Pipistrellus nathusii,0.341,0.468,-1,Echolocation,/mnt/ubna_data_01_mir/recover-20220825/UBNA_002/20220823_033000.WAV,Telephone Field,recover-20220825,002,1795
1490.8355,1490.8449,49531,56147,Pipistrellus pipistrellus,0.019,0.032,-1,Echolocation,/mnt/ubna_data_01_mir/recover-20220825/UBNA_002/20220823_033000.WAV,Telephone Field,recover-20220825,002,1795
1490.8435,1490.8491,30625,48335,Myotis daubentonii,0.013,0.024,-1,Echolocation,/mnt/ubna_data_01_mir/recover-20220825/UBNA_002/20220823_033000.WAV,Telephone Field,recover-20220825,002,1795
1490.8745,1490.8834,27187,37107,Eptesicus serotinus,0.009,0.025,-1,Echolocation,/mnt/ubna_data_01_mir/recover-20220825/UBNA_002/20220823_033000.WAV,Telephone Field,recover-20220825,002,1795
1490.8985,1490.9059,54687,60823,Pipistrellus pygmaeus,0.026,0.027,-1,Echolocation,/mnt/ubna_data_01_mir/recover-20220825/UBNA_002/20220823_033000.WAV,Telephone Field,recover-20220825,002,1795
1490.9075,1490.9148,28046,35655,Eptesicus serotinus,0.008,0.025,-1,Echolocation,/mnt/ubna_data_01_mir/recover-20220825/UBNA_002/20220823_033000.WAV,Telephone Field,recover-20220825,002,1795
1490.9195,1490.926,31484,77056,Myotis brandtii,0.028,0.059,-1,Echolocation,/mnt/ubna_data_01_mir/recover-20220825/UBNA_002/20220823_033000.WAV,Telephone Field,recover-20220825,002,1795
1490.9205,1490.9279,39218,64361,Pipistrellus nathusii,0.685,0.711,-1,Echolocation,/mnt/ubna_data_01_mir/recover-20220825/UBNA_002/20220823_033000.WAV,Telephone Field,recover-20220825,002,1795
1490.9215,1490.9282,49531,60765,Pipistrellus pipistrellus,0.01,0.026,-1,Echolocation,/mnt/ubna_data_01_mir/recover-20220825/UBNA_002/20220823_033000.WAV,Telephone Field,recover-20220825,002,1795
1490.9285,1490.935,38359,51787,Pipistrellus nathusii,0.016,0.036,-1,Echolocation,/mnt/ubna_data_01_mir/recover-20220825/UBNA_002/20220823_033000.WAV,Telephone Field,recover-20220825,002,1795
1490.9795,1490.9909,39218,43257,Pipistrellus nathusii,0.033,0.042,-1,Echolocation,/mnt/ubna_data_01_mir/recover-20220825/UBNA_002/20220823_033000.WAV,Telephone Field,recover-20220825,002,1795
1491.0065,1491.0131,27187,79061,Myotis bechsteinii,0.089,0.132,-1,Echolocation,/mnt/ubna_data_01_mir/recover-20220825/UBNA_002/20220823_033000.WAV,Telephone Field,recover-20220825,002,1795
1491.0065,1491.0138,34921,67148,Pipistrellus nathusii,0.269,0.464,-1,Echolocation,/mnt/ubna_data_01_mir/recover-20220825/UBNA_002/20220823_033000.WAV,Telephone Field,recover-20220825,002,1795
1491.0155,1491.0215,37500,51280,Myotis brandtii,0.015,0.034,-1,Echolocation,/mnt/ubna_data_01_mir/recover-20220825/UBNA_002/20220823_033000.WAV,Telephone Field,recover-20220825,002,1795
1491.0255,1491.044,21171,24333,Nyctalus leisleri,0.014,0.024,-1,Echolocation,/mnt/ubna_data_01_mir/recover-20220825/UBNA_002/20220823_033000.WAV,Telephone Field,recover-20220825,002,1795
1491.0505,1491.0566,50390,57068,Pipistrellus pipistrellus,0.028,0.034,-1,Echolocation,/mnt/ubna_data_01_mir/recover-20220825/UBNA_002/20220823_033000.WAV,Telephone Field,recover-20220825,002,1795
1491.0895,1491.0972,39218,70560,Pipistrellus nathusii,0.54,0.639,-1,Echolocation,/mnt/ubna_data_01_mir/recover-20220825/UBNA_002/20220823_033000.WAV,Telephone Field,recover-20220825,002,1795
1491.0895,1491.0959,29765,79596,Myotis bechsteinii,0.038,0.079,-1,Echolocation,/mnt/ubna_data_01_mir/recover-20220825/UBNA_002/20220823_033000.WAV,Telephone Field,recover-20220825,002,1795
1491.0915,1491.0968,52109,61397,Pipistrellus pipistrellus,0.012,0.027,-1,Echolocation,/mnt/ubna_data_01_mir/recover-20220825/UBNA_002/20220823_033000.WAV,Telephone Field,recover-20220825,002,1795
1491.0985,1491.1044,37500,49323,Myotis brandtii,0.013,0.028,-1,Echolocation,/mnt/ubna_data_01_mir/recover-20220825/UBNA_002/20220823_033000.WAV,Telephone Field,recover-20220825,002,1795
1491.1005,1491.1285,68437,79941,Rhinolophus ferrumequinum,0.028,0.029,-1,Echolocation,/mnt/ubna_data_01_mir/recover-20220825/UBNA_002/20220823_033000.WAV,Telephone Field,recover-20220825,002,1795
1491.1345,1491.1419,53828,58520,Pipistrellus pygmaeus,0.029,0.03,-1,Echolocation,/mnt/ubna_data_01_mir/recover-20220825/UBNA_002/20220823_033000.WAV,Telephone Field,recover-20220825,002,1795
1491.1815,1491.1887,34921,66956,Pipistrellus nathusii,0.419,0.585,-1,Echolocation,/mnt/ubna_data_01_mir/recover-20220825/UBNA_002/20220823_033000.WAV,Telephone Field,recover-20220825,002,1795
1491.1815,1491.188,28046,81691,Myotis bechsteinii,0.058,0.111,-1,Echolocation,/mnt/ubna_data_01_mir/recover-20220825/UBNA_002/20220823_033000.WAV,Telephone Field,recover-20220825,002,1795
1491.1895,1491.1959,37500,48470,Pipistrellus nathusii,0.018,0.035,-1,Echolocation,/mnt/ubna_data_01_mir/recover-20220825/UBNA_002/20220823_033000.WAV,Telephone Field,recover-20220825,002,1795
1491.2215,1491.2293,55546,60772,Pipistrellus pygmaeus,0.031,0.032,-1,Echolocation,/mnt/ubna_data_01_mir/recover-20220825/UBNA_002/20220823_033000.WAV,Telephone Field,recover-20220825,002,1795
1491.2475,1491.2533,28046,92633,Myotis bechsteinii,0.089,0.14,-1,Echolocation,/mnt/ubna_data_01_mir/recover-20220825/UBNA_002/20220823_033000.WAV,Telephone Field,recover-20220825,002,1795
1491.2475,1491.2547,38359,72187,Pipistrellus nathusii,0.258,0.398,-1,Echolocation,/mnt/ubna_data_01_mir/recover-20220825/UBNA_002/20220823_033000.WAV,Telephone Field,recover-20220825,002,1795
1491.2495,1491.2548,50390,57728,Pipistrellus pipistrellus,0.014,0.03,-1,Echolocation,/mnt/ubna_data_01_mir/recover-20220825/UBNA_002/20220823_033000.WAV,Telephone Field,recover-20220825,002,1795
1491.2565,1491.2622,39218,53502,Myotis brandtii,0.013,0.025,-1,Echolocation,/mnt/ubna_data_01_mir/recover-20220825/UBNA_002/20220823_033000.WAV,Telephone Field,recover-20220825,002,1795
1491.2575,1491.2628,34062,51173,Myotis brandtii,0.011,0.025,-1,Echolocation,/mnt/ubna_data_01_mir/recover-20220825/UBNA_002/20220823_033000.WAV,Telephone Field,recover-20220825,002,1795
1491.2975,1491.3042,54687,62178,Pipistrellus pygmaeus,0.022,0.023,-1,Echolocation,/mnt/ubna_data_01_mir/recover-20220825/UBNA_002/20220823_033000.WAV,Telephone Field,recover-20220825,002,1795
1491.3105,1491.3211000000001,28906,37426,Eptesicus serotinus,0.011,0.026,-1,Echolocation,/mnt/ubna_data_01_mir/recover-20220825/UBNA_002/20220823_033000.WAV,Telephone Field,recover-20220825,002,1795
1491.3405,1491.3492,34921,65627,Pipistrellus nathusii,0.34,0.4,-1,Echolocation,/mnt/ubna_data_01_mir/recover-20220825/UBNA_002/20220823_033000.WAV,Telephone Field,recover-20220825,002,1795
1491.3495,1491.3566,37500,48760,Pipistrellus nathusii,0.019,0.035,-1,Echolocation,/mnt/ubna_data_01_mir/recover-20220825/UBNA_002/20220823_033000.WAV,Telephone Field,recover-20220825,002,1795
1491.3845,1491.3932,34062,39688,Pipistrellus nathusii,0.007,0.022,-1,Echolocation,/mnt/ubna_data_01_mir/recover-20220825/UBNA_002/20220823_033000.WAV,Telephone Field,recover-20220825,002,1795
1491.4235,1491.4332,50390,55294,Pipistrellus pipistrellus,0.013,0.023,-1,Echolocation,/mnt/ubna_data_01_mir/recover-20220825/UBNA_002/20220823_033000.WAV,Telephone Field,recover-20220825,002,1795
1491.4335,1491.441,34062,64511,Pipistrellus nathusii,0.359,0.483,-1,Echolocation,/mnt/ubna_data_01_mir/recover-20220825/UBNA_002/20220823_033000.WAV,Telephone Field,recover-20220825,002,1795
1491.4335,1491.4401,28046,73028,Myotis bechsteinii,0.063,0.113,-1,Echolocation,/mnt/ubna_data_01_mir/recover-20220825/UBNA_002/20220823_033000.WAV,Telephone Field,recover-20220825,002,1795
1491.4355,1491.4426,50390,60307,Pipistrellus pipistrellus,0.011,0.026,-1,Echolocation,/mnt/ubna_data_01_mir/recover-20220825/UBNA_002/20220823_033000.WAV,Telephone Field,recover-20220825,002,1795
1491.4435,1491.4491,32343,53782,Myotis daubentonii,0.017,0.033,-1,Echolocation,/mnt/ubna_data_01_mir/recover-20220825/UBNA_002/20220823_033000.WAV,Telephone Field,recover-20220825,002,1795
1491.5145,1491.521,50390,61167,Pipistrellus pipistrellus,0.026,0.05,-1,Echolocation,/mnt/ubna_data_01_mir/recover-20220825/UBNA_002/20220823_033000.WAV,Telephone Field,recover-20220825,002,1795
1491.5165,1491.5238,36640,70527,Pipistrellus nathusii,0.431,0.522,-1,Echolocation,/mnt/ubna_data_01_mir/recover-20220825/UBNA_002/20220823_033000.WAV,Telephone Field,recover-20220825,002,1795
1491.5895,1491.5974,36640,68703,Pipistrellus nathusii,0.457,0.517,-1,Echolocation,/mnt/ubna_data_01_mir/recover-20220825/UBNA_002/20220823_033000.WAV,Telephone Field,recover-20220825,002,1795
1491.5915,1491.5979,48671,62570,Pipistrellus pipistrellus,0.019,0.038,-1,Echolocation,/mnt/ubna_data_01_mir/recover-20220825/UBNA_002/20220823_033000.WAV,Telephone Field,recover-20220825,002,1795
1491.6335,1491.6422,58984,65406,Pipistrellus pygmaeus,0.029,0.029,-1,Echolocation,/mnt/ubna_data_01_mir/recover-20220825/UBNA_002/20220823_033000.WAV,Telephone Field,recover-20220825,002,1795
1491.6645,1491.6744,53828,60243,Pipistrellus pygmaeus,0.027,0.029,-1,Echolocation,/mnt/ubna_data_01_mir/recover-20220825/UBNA_002/20220823_033000.WAV,Telephone Field,recover-20220825,002,1795
1491.6655,1491.6719,37500,69140,Pipistrellus nathusii,0.435,0.532,-1,Echolocation,/mnt/ubna_data_01_mir/recover-20220825/UBNA_002/20220823_033000.WAV,Telephone Field,recover-20220825,002,1795
1491.6655,1491.6714,27187,78749,Myotis bechsteinii,0.083,0.119,-1,Echolocation,/mnt/ubna_data_01_mir/recover-20220825/UBNA_002/20220823_033000.WAV,Telephone Field,recover-20220825,002,1795
1491.6745,1491.68,33203,56280,Myotis brandtii,0.017,0.034,-1,Echolocation,/mnt/ubna_data_01_mir/recover-20220825/UBNA_002/20220823_033000.WAV,Telephone Field,recover-20220825,002,1795
1491.6785,1491.7095,68437,81646,Rhinolophus ferrumequinum,0.023,0.023,-1,Echolocation,/mnt/ubna_data_01_mir/recover-20220825/UBNA_002/20220823_033000.WAV,Telephone Field,recover-20220825,002,1795
1491.7145,1491.7473,68437,80409,Rhinolophus ferrumequinum,0.025,0.025,-1,Echolocation,/mnt/ubna_data_01_mir/recover-20220825/UBNA_002/20220823_033000.WAV,Telephone Field,recover-20220825,002,1795
1491.7245,1491.7342,51250,57710,Pipistrellus pipistrellus,0.014,0.03,-1,Echolocation,/mnt/ubna_data_01_mir/recover-20220825/UBNA_002/20220823_033000.WAV,Telephone Field,recover-20220825,002,1795
1491.7285,1491.7352,36640,68811,Myotis brandtii,0.177,0.414,-1,Echolocation,/mnt/ubna_data_01_mir/recover-20220825/UBNA_002/20220823_033000.WAV,Telephone Field,recover-20220825,002,1795
1491.7295,1491.7355,27187,85377,Myotis bechsteinii,0.101,0.142,-1,Echolocation,/mnt/ubna_data_01_mir/recover-20220825/UBNA_002/20220823_033000.WAV,Telephone Field,recover-20220825,002,1795
1491.7385,1491.7441,34062,62039,Myotis brandtii,0.024,0.048,-1,Echolocation,/mnt/ubna_data_01_mir/recover-20220825/UBNA_002/20220823_033000.WAV,Telephone Field,recover-20220825,002,1795
1491.7775,1491.7866,25468,32157,Eptesicus serotinus,0.009,0.027,-1,Echolocation,/mnt/ubna_data_01_mir/recover-20220825/UBNA_002/20220823_033000.WAV,Telephone Field,recover-20220825,002,1795
1491.7925,1491.7991,28046,89994,Myotis bechsteinii,0.088,0.131,-1,Echolocation,/mnt/ubna_data_01_mir/recover-20220825/UBNA_002/20220823_033000.WAV,Telephone Field,recover-20220825,002,1795
1491.7925,1491.7998,35781,78394,Myotis brandtii,0.199,0.371,-1,Echolocation,/mnt/ubna_data_01_mir/recover-20220825/UBNA_002/20220823_033000.WAV,Telephone Field,recover-20220825,002,1795
1491.7935,1491.8024,48671,57628,Pipistrellus pipistrellus,0.026,0.043,-1,Echolocation,/mnt/ubna_data_01_mir/recover-20220825/UBNA_002/20220823_033000.WAV,Telephone Field,recover-20220825,002,1795
1491.8025,1491.808,35781,69513,Myotis brandtii,0.027,0.042,-1,Echolocation,/mnt/ubna_data_01_mir/recover-20220825/UBNA_002/20220823_033000.WAV,Telephone Field,recover-20220825,002,1795
1491.8235,1491.8657,68437,83707,Rhinolophus ferrumequinum,0.029,0.029,-1,Echolocation,/mnt/ubna_data_01_mir/recover-20220825/UBNA_002/20220823_033000.WAV,Telephone Field,recover-20220825,002,1795
1491.8515,1491.8582,36640,76717,Myotis brandtii,0.259,0.4,-1,Echolocation,/mnt/ubna_data_01_mir/recover-20220825/UBNA_002/20220823_033000.WAV,Telephone Field,recover-20220825,002,1795
1491.8605,1491.8675,26328,40275,Eptesicus serotinus,0.007,0.026,-1,Echolocation,/mnt/ubna_data_01_mir/recover-20220825/UBNA_002/20220823_033000.WAV,Telephone Field,recover-20220825,002,1795
1491.9075,1491.9165,52968,58501,Pipistrellus pygmaeus,0.024,0.028,-1,Echolocation,/mnt/ubna_data_01_mir/recover-20220825/UBNA_002/20220823_033000.WAV,Telephone Field,recover-20220825,002,1795
1491.9075,1491.9141,34921,82616,Myotis brandtii,0.336,0.426,-1,Echolocation,/mnt/ubna_data_01_mir/recover-20220825/UBNA_002/20220823_033000.WAV,Telephone Field,recover-20220825,002,1795
1491.9165,1491.9222,34921,54191,Myotis brandtii,0.012,0.03,-1,Echolocation,/mnt/ubna_data_01_mir/recover-20220825/UBNA_002/20220823_033000.WAV,Telephone Field,recover-20220825,002,1795
1491.9445,1491.9523,28906,35837,Eptesicus serotinus,0.007,0.023,-1,Echolocation,/mnt/ubna_data_01_mir/recover-20220825/UBNA_002/20220823_033000.WAV,Telephone Field,recover-20220825,002,1795
1491.9605,1491.9669,35781,81430,Myotis brandtii,0.333,0.455,-1,Echolocation,/mnt/ubna_data_01_mir/recover-20220825/UBNA_002/20220823_033000.WAV,Telephone Field,recover-20220825,002,1795
1491.9625,1491.9679,48671,56985,Pipistrellus pipistrellus,0.017,0.034,-1,Echolocation,/mnt/ubna_data_01_mir/recover-20220825/UBNA_002/20220823_033000.WAV,Telephone Field,recover-20220825,002,1795
1491.9695,1491.9751,35781,56216,Myotis brandtii,0.013,0.027,-1,Echolocation,/mnt/ubna_data_01_mir/recover-20220825/UBNA_002/20220823_033000.WAV,Telephone Field,recover-20220825,002,1795
1492.0015,1492.01,22890,29301,Nyctalus leisleri,0.01,0.029,-1,Echolocation,/mnt/ubna_data_01_mir/recover-20220825/UBNA_002/20220823_033000.WAV,Telephone Field,recover-20220825,002,1795
1492.0015,1492.032,69296,81683,Rhinolophus ferrumequinum,0.023,0.023,-1,Echolocation,/mnt/ubna_data_01_mir/recover-20220825/UBNA_002/20220823_033000.WAV,Telephone Field,recover-20220825,002,1795
1492.0015,1492.0092,46093,52979,Pipistrellus pipistrellus,0.017,0.025,-1,Echolocation,/mnt/ubna_data_01_mir/recover-20220825/UBNA_002/20220823_033000.WAV,Telephone Field,recover-20220825,002,1795
1492.0135,1492.0239,54687,61648,Pipistrellus pygmaeus,0.059,0.061,-1,Echolocation,/mnt/ubna_data_01_mir/recover-20220825/UBNA_002/20220823_033000.WAV,Telephone Field,recover-20220825,002,1795
1492.0215,1492.028,34921,80479,Myotis brandtii,0.439,0.557,-1,Echolocation,/mnt/ubna_data_01_mir/recover-20220825/UBNA_002/20220823_033000.WAV,Telephone Field,recover-20220825,002,1795
1492.0575,1492.0622,28906,40206,Plecotus auritus,0.019,0.038,-1,Echolocation,/mnt/ubna_data_01_mir/recover-20220825/UBNA_002/20220823_033000.WAV,Telephone Field,recover-20220825,002,1795
1492.0765,1492.0857,48671,55005,Pipistrellus pipistrellus,0.015,0.027,-1,Echolocation,/mnt/ubna_data_01_mir/recover-20220825/UBNA_002/20220823_033000.WAV,Telephone Field,recover-20220825,002,1795
1492.0765,1492.0833,35781,84582,Myotis brandtii,0.421,0.508,-1,Echolocation,/mnt/ubna_data_01_mir/recover-20220825/UBNA_002/20220823_033000.WAV,Telephone Field,recover-20220825,002,1795
1492.0845,1492.09,36640,58031,Myotis brandtii,0.014,0.029,-1,Echolocation,/mnt/ubna_data_01_mir/recover-20220825/UBNA_002/20220823_033000.WAV,Telephone Field,recover-20220825,002,1795
1492.0935,1492.1334,68437,82780,Rhinolophus ferrumequinum,0.03,0.03,-1,Echolocation,/mnt/ubna_data_01_mir/recover-20220825/UBNA_002/20220823_033000.WAV,Telephone Field,recover-20220825,002,1795
1492.1285,1492.1351,35781,85415,Myotis brandtii,0.361,0.468,-1,Echolocation,/mnt/ubna_data_01_mir/recover-20220825/UBNA_002/20220823_033000.WAV,Telephone Field,recover-20220825,002,1795
1492.1295,1492.1373,48671,58736,Pipistrellus pipistrellus,0.018,0.033,-1,Echolocation,/mnt/ubna_data_01_mir/recover-20220825/UBNA_002/20220823_033000.WAV,Telephone Field,recover-20220825,002,1795
1492.1385,1492.1434,36640,68104,Myotis brandtii,0.059,0.094,-1,Echolocation,/mnt/ubna_data_01_mir/recover-20220825/UBNA_002/20220823_033000.WAV,Telephone Field,recover-20220825,002,1795
1492.1735,1492.1803,34062,88838,Myotis brandtii,0.36,0.434,-1,Echolocation,/mnt/ubna_data_01_mir/recover-20220825/UBNA_002/20220823_033000.WAV,Telephone Field,recover-20220825,002,1795
1492.1745,1492.1824,53828,60062,Pipistrellus pygmaeus,0.045,0.047,-1,Echolocation,/mnt/ubna_data_01_mir/recover-20220825/UBNA_002/20220823_033000.WAV,Telephone Field,recover-20220825,002,1795
1492.1745,1492.1813,44375,58150,Pipistrellus nathusii,0.107,0.112,-1,Echolocation,/mnt/ubna_data_01_mir/recover-20220825/UBNA_002/20220823_033000.WAV,Telephone Field,recover-20220825,002,1795
1492.1825,1492.1883,35781,63949,Myotis brandtii,0.018,0.032,-1,Echolocation,/mnt/ubna_data_01_mir/recover-20220825/UBNA_002/20220823_033000.WAV,Telephone Field,recover-20220825,002,1795
1492.2135,1492.2219,48671,57920,Pipistrellus pipistrellus,0.013,0.025,-1,Echolocation,/mnt/ubna_data_01_mir/recover-20220825/UBNA_002/20220823_033000.WAV,Telephone Field,recover-20220825,002,1795
1492.2145,1492.2209,34921,81688,Myotis brandtii,0.41,0.513,-1,Echolocation,/mnt/ubna_data_01_mir/recover-20220825/UBNA_002/20220823_033000.WAV,Telephone Field,recover-20220825,002,1795
1492.2155,1492.2247,54687,61206,Pipistrellus pygmaeus,0.024,0.026,-1,Echolocation,/mnt/ubna_data_01_mir/recover-20220825/UBNA_002/20220823_033000.WAV,Telephone Field,recover-20220825,002,1795
1492.2235,1492.2292,36640,65893,Myotis brandtii,0.029,0.043,-1,Echolocation,/mnt/ubna_data_01_mir/recover-20220825/UBNA_002/20220823_033000.WAV,Telephone Field,recover-20220825,002,1795
1492.2255,1492.2333,27187,42086,Eptesicus serotinus,0.009,0.025,-1,Echolocation,/mnt/ubna_data_01_mir/recover-20220825/UBNA_002/20220823_033000.WAV,Telephone Field,recover-20220825,002,1795
1492.2525,1492.2594,34921,84167,Myotis brandtii,0.376,0.489,-1,Echolocation,/mnt/ubna_data_01_mir/recover-20220825/UBNA_002/20220823_033000.WAV,Telephone Field,recover-20220825,002,1795
1492.2535,1492.2624,58125,65836,Pipistrellus pygmaeus,0.028,0.028,-1,Echolocation,/mnt/ubna_data_01_mir/recover-20220825/UBNA_002/20220823_033000.WAV,Telephone Field,recover-20220825,002,1795
1492.2815,1492.2876,38359,85553,Myotis brandtii,0.329,0.407,-1,Echolocation,/mnt/ubna_data_01_mir/recover-20220825/UBNA_002/20220823_033000.WAV,Telephone Field,recover-20220825,002,1795
1492.2825,1492.2909,53828,63477,Pipistrellus pygmaeus,0.026,0.027,-1,Echolocation,/mnt/ubna_data_01_mir/recover-20220825/UBNA_002/20220823_033000.WAV,Telephone Field,recover-20220825,002,1795
1492.3135,1492.3194,38359,81623,Myotis brandtii,0.248,0.329,-1,Echolocation,/mnt/ubna_data_01_mir/recover-20220825/UBNA_002/20220823_033000.WAV,Telephone Field,recover-20220825,002,1795
1492.3155,1492.3214,53828,65907,Pipistrellus pygmaeus,0.09,0.092,-1,Echolocation,/mnt/ubna_data_01_mir/recover-20220825/UBNA_002/20220823_033000.WAV,Telephone Field,recover-20220825,002,1795
1492.3295,1492.3344,35781,72986,Myotis brandtii,0.146,0.228,-1,Echolocation,/mnt/ubna_data_01_mir/recover-20220825/UBNA_002/20220823_033000.WAV,Telephone Field,recover-20220825,002,1795
1492.3385,1492.3448,38359,48229,Myotis brandtii,0.011,0.038,-1,Echolocation,/mnt/ubna_data_01_mir/recover-20220825/UBNA_002/20220823_033000.WAV,Telephone Field,recover-20220825,002,1795
1492.3535,1492.3589,41796,79055,Myotis brandtii,0.14,0.222,-1,Echolocation,/mnt/ubna_data_01_mir/recover-20220825/UBNA_002/20220823_033000.WAV,Telephone Field,recover-20220825,002,1795
1492.3545,1492.3632,54687,64171,Pipistrellus pygmaeus,0.031,0.037,-1,Echolocation,/mnt/ubna_data_01_mir/recover-20220825/UBNA_002/20220823_033000.WAV,Telephone Field,recover-20220825,002,1795
1492.3665,1492.3709,35781,72430,Myotis brandtii,0.062,0.118,-1,Echolocation,/mnt/ubna_data_01_mir/recover-20220825/UBNA_002/20220823_033000.WAV,Telephone Field,recover-20220825,002,1795
1492.3675,1492.3741,54687,62436,Pipistrellus pygmaeus,0.019,0.028,-1,Echolocation,/mnt/ubna_data_01_mir/recover-20220825/UBNA_002/20220823_033000.WAV,Telephone Field,recover-20220825,002,1795
1492.3755,1492.3814,40937,66782,Myotis brandtii,0.024,0.058,-1,Echolocation,/mnt/ubna_data_01_mir/recover-20220825/UBNA_002/20220823_033000.WAV,Telephone Field,recover-20220825,002,1795
1492.3775,1492.3828,53828,63480,Pipistrellus pygmaeus,0.02,0.037,-1,Echolocation,/mnt/ubna_data_01_mir/recover-20220825/UBNA_002/20220823_033000.WAV,Telephone Field,recover-20220825,002,1795
1492.3865,1492.3918,34921,62727,Myotis daubentonii,0.023,0.053,-1,Echolocation,/mnt/ubna_data_01_mir/recover-20220825/UBNA_002/20220823_033000.WAV,Telephone Field,recover-20220825,002,1795
1492.3875,1492.3933,44375,60261,Myotis brandtii,0.016,0.04,-1,Echolocation,/mnt/ubna_data_01_mir/recover-20220825/UBNA_002/20220823_033000.WAV,Telephone Field,recover-20220825,002,1795
1492.3875,1492.3935,53828,63095,Pipistrellus pygmaeus,0.059,0.108,-1,Echolocation,/mnt/ubna_data_01_mir/recover-20220825/UBNA_002/20220823_033000.WAV,Telephone Field,recover-20220825,002,1795
1492.3965,1492.4033,52968,64889,Pipistrellus pipistrellus,0.022,0.026,-1,Echolocation,/mnt/ubna_data_01_mir/recover-20220825/UBNA_002/20220823_033000.WAV,Telephone Field,recover-20220825,002,1795
1492.3975,1492.4024,42656,69991,Myotis brandtii,0.038,0.078,-1,Echolocation,/mnt/ubna_data_01_mir/recover-20220825/UBNA_002/20220823_033000.WAV,Telephone Field,recover-20220825,002,1795
1492.4065,1492.4126,43515,57369,Myotis brandtii,0.009,0.027,-1,Echolocation,/mnt/ubna_data_01_mir/recover-20220825/UBNA_002/20220823_033000.WAV,Telephone Field,recover-20220825,002,1795
1492.4065,1492.4115,33203,62739,Myotis daubentonii,0.022,0.04,-1,Echolocation,/mnt/ubna_data_01_mir/recover-20220825/UBNA_002/20220823_033000.WAV,Telephone Field,recover-20220825,002,1795
1492.4185,1492.4282,44375,52234,Pipistrellus nathusii,0.015,0.031,-1,Echolocation,/mnt/ubna_data_01_mir/recover-20220825/UBNA_002/20220823_033000.WAV,Telephone Field,recover-20220825,002,1795
1492.4195,1492.4244,33203,55442,Myotis daubentonii,0.024,0.075,-1,Echolocation,/mnt/ubna_data_01_mir/recover-20220825/UBNA_002/20220823_033000.WAV,Telephone Field,recover-20220825,002,1795
1492.4265,1492.4324,24609,53717,Myotis nattereri,0.016,0.048,-1,Echolocation,/mnt/ubna_data_01_mir/recover-20220825/UBNA_002/20220823_033000.WAV,Telephone Field,recover-20220825,002,1795
1492.4465,1492.4525,35781,50521,Myotis brandtii,0.007,0.023,-1,Echolocation,/mnt/ubna_data_01_mir/recover-20220825/UBNA_002/20220823_033000.WAV,Telephone Field,recover-20220825,002,1795
1492.4485,1492.4547,24609,52922,Myotis nattereri,0.008,0.025,-1,Echolocation,/mnt/ubna_data_01_mir/recover-20220825/UBNA_002/20220823_033000.WAV,Telephone Field,recover-20220825,002,1795
1492.4535,1492.4591,24609,52662,Myotis nattereri,0.009,0.023,-1,Echolocation,/mnt/ubna_data_01_mir/recover-20220825/UBNA_002/20220823_033000.WAV,Telephone Field,recover-20220825,002,1795
1492.4685,1492.5049,68437,82142,Rhinolophus ferrumequinum,0.028,0.028,-1,Echolocation,/mnt/ubna_data_01_mir/recover-20220825/UBNA_002/20220823_033000.WAV,Telephone Field,recover-20220825,002,1795
1492.4685,1492.4742,24609,42095,Plecotus auritus,0.011,0.028,-1,Echolocation,/mnt/ubna_data_01_mir/recover-20220825/UBNA_002/20220823_033000.WAV,Telephone Field,recover-20220825,002,1795
1492.4725,1492.4799,50390,58895,Pipistrellus pipistrellus,0.023,0.032,-1,Echolocation,/mnt/ubna_data_01_mir/recover-20220825/UBNA_002/20220823_033000.WAV,Telephone Field,recover-20220825,002,1795
1492.4865,1492.4912,25468,39283,Plecotus auritus,0.012,0.035,-1,Echolocation,/mnt/ubna_data_01_mir/recover-20220825/UBNA_002/20220823_033000.WAV,Telephone Field,recover-20220825,002,1795
1492.5075,1492.5132,33203,47996,Myotis daubentonii,0.01,0.023,-1,Echolocation,/mnt/ubna_data_01_mir/recover-20220825/UBNA_002/20220823_033000.WAV,Telephone Field,recover-20220825,002,1795
1492.5215,1492.5301,41796,50426,Pipistrellus nathusii,0.027,0.047,-1,Echolocation,/mnt/ubna_data_01_mir/recover-20220825/UBNA_002/20220823_033000.WAV,Telephone Field,recover-20220825,002,1795
1492.5365,1492.5679,68437,81257,Rhinolophus ferrumequinum,0.023,0.023,-1,Echolocation,/mnt/ubna_data_01_mir/recover-20220825/UBNA_002/20220823_033000.WAV,Telephone Field,recover-20220825,002,1795
1492.5605,1492.5981,68437,82539,Rhinolophus ferrumequinum,0.026,0.026,-1,Echolocation,/mnt/ubna_data_01_mir/recover-20220825/UBNA_002/20220823_033000.WAV,Telephone Field,recover-20220825,002,1795
1492.5835,1492.5921,42656,53870,Pipistrellus nathusii,0.009,0.026,-1,Echolocation,/mnt/ubna_data_01_mir/recover-20220825/UBNA_002/20220823_033000.WAV,Telephone Field,recover-20220825,002,1795
1492.6345,1492.6419,34062,83946,Myotis brandtii,0.267,0.368,-1,Echolocation,/mnt/ubna_data_01_mir/recover-20220825/UBNA_002/20220823_033000.WAV,Telephone Field,recover-20220825,002,1795
1492.6345,1492.641,25468,94388,Myotis bechsteinii,0.147,0.207,-1,Echolocation,/mnt/ubna_data_01_mir/recover-20220825/UBNA_002/20220823_033000.WAV,Telephone Field,recover-20220825,002,1795
1492.6435,1492.6494,34062,63537,Myotis brandtii,0.023,0.034,-1,Echolocation,/mnt/ubna_data_01_mir/recover-20220825/UBNA_002/20220823_033000.WAV,Telephone Field,recover-20220825,002,1795
1492.7215,1492.737,55546,63628,Pipistrellus pygmaeus,0.022,0.024,-1,Echolocation,/mnt/ubna_data_01_mir/recover-20220825/UBNA_002/20220823_033000.WAV,Telephone Field,recover-20220825,002,1795
1492.7225,1492.7286,38359,72688,Myotis brandtii,0.142,0.31,-1,Echolocation,/mnt/ubna_data_01_mir/recover-20220825/UBNA_002/20220823_033000.WAV,Telephone Field,recover-20220825,002,1795
1492.7325,1492.7376,34062,72627,Myotis brandtii,0.092,0.139,-1,Echolocation,/mnt/ubna_data_01_mir/recover-20220825/UBNA_002/20220823_033000.WAV,Telephone Field,recover-20220825,002,1795
1492.8005,1492.8073,38359,72578,Pipistrellus nathusii,0.216,0.389,-1,Echolocation,/mnt/ubna_data_01_mir/recover-20220825/UBNA_002/20220823_033000.WAV,Telephone Field,recover-20220825,002,1795
1492.8015,1492.8105,49531,59648,Pipistrellus pipistrellus,0.017,0.029,-1,Echolocation,/mnt/ubna_data_01_mir/recover-20220825/UBNA_002/20220823_033000.WAV,Telephone Field,recover-20220825,002,1795
1492.8105,1492.8157,34921,65527,Myotis brandtii,0.04,0.064,-1,Echolocation,/mnt/ubna_data_01_mir/recover-20220825/UBNA_002/20220823_033000.WAV,Telephone Field,recover-20220825,002,1795
1492.8775,1492.884,37500,68281,Myotis brandtii,0.196,0.479,-1,Echolocation,/mnt/ubna_data_01_mir/recover-20220825/UBNA_002/20220823_033000.WAV,Telephone Field,recover-20220825,002,1795
1492.8775,1492.8832,28046,89105,Myotis bechsteinii,0.049,0.103,-1,Echolocation,/mnt/ubna_data_01_mir/recover-20220825/UBNA_002/20220823_033000.WAV,Telephone Field,recover-20220825,002,1795
1492.8865,1492.8917,35781,70509,Myotis brandtii,0.047,0.069,-1,Echolocation,/mnt/ubna_data_01_mir/recover-20220825/UBNA_002/20220823_033000.WAV,Telephone Field,recover-20220825,002,1795
1492.9225,1492.9322,28046,37375,Eptesicus serotinus,0.014,0.028,-1,Echolocation,/mnt/ubna_data_01_mir/recover-20220825/UBNA_002/20220823_033000.WAV,Telephone Field,recover-20220825,002,1795
1492.9275,1492.9342,28046,38901,Eptesicus serotinus,0.009,0.028,-1,Echolocation,/mnt/ubna_data_01_mir/recover-20220825/UBNA_002/20220823_033000.WAV,Telephone Field,recover-20220825,002,1795
1492.9275,1492.933,33203,44215,Barbastellus barbastellus,0.012,0.029,-1,Echolocation,/mnt/ubna_data_01_mir/recover-20220825/UBNA_002/20220823_033000.WAV,Telephone Field,recover-20220825,002,1795
1492.9325,1492.9417,54687,60272,Pipistrellus pygmaeus,0.033,0.033,-1,Echolocation,/mnt/ubna_data_01_mir/recover-20220825/UBNA_002/20220823_033000.WAV,Telephone Field,recover-20220825,002,1795
1492.9475,1492.9562,26328,31921,Eptesicus serotinus,0.008,0.023,-1,Echolocation,/mnt/ubna_data_01_mir/recover-20220825/UBNA_002/20220823_033000.WAV,Telephone Field,recover-20220825,002,1795
1492.9585,1492.9662,50390,61113,Pipistrellus pipistrellus,0.012,0.028,-1,Echolocation,/mnt/ubna_data_01_mir/recover-20220825/UBNA_002/20220823_033000.WAV,Telephone Field,recover-20220825,002,1795
1492.9605,1492.9661,39218,65552,Pipistrellus nathusii,0.129,0.304,-1,Echolocation,/mnt/ubna_data_01_mir/recover-20220825/UBNA_002/20220823_033000.WAV,Telephone Field,recover-20220825,002,1795
1492.9705,1492.9757,33203,53478,Myotis brandtii,0.014,0.029,-1,Echolocation,/mnt/ubna_data_01_mir/recover-20220825/UBNA_002/20220823_033000.WAV,Telephone Field,recover-20220825,002,1795
1493.0125,1493.0206,58984,65863,Pipistrellus pygmaeus,0.031,0.031,-1,Echolocation,/mnt/ubna_data_01_mir/recover-20220825/UBNA_002/20220823_033000.WAV,Telephone Field,recover-20220825,002,1795
1493.0355,1493.0413,49531,61462,Pipistrellus pipistrellus,0.02,0.045,-1,Echolocation,/mnt/ubna_data_01_mir/recover-20220825/UBNA_002/20220823_033000.WAV,Telephone Field,recover-20220825,002,1795
1493.0365,1493.047,54687,62422,Pipistrellus pygmaeus,0.033,0.036,-1,Echolocation,/mnt/ubna_data_01_mir/recover-20220825/UBNA_002/20220823_033000.WAV,Telephone Field,recover-20220825,002,1795
1493.0415,1493.0479,39218,67618,Myotis brandtii,0.145,0.397,-1,Echolocation,/mnt/ubna_data_01_mir/recover-20220825/UBNA_002/20220823_033000.WAV,Telephone Field,recover-20220825,002,1795
1493.0425,1493.0484,26328,93362,Myotis bechsteinii,0.111,0.159,-1,Echolocation,/mnt/ubna_data_01_mir/recover-20220825/UBNA_002/20220823_033000.WAV,Telephone Field,recover-20220825,002,1795
1493.0505,1493.0561,34062,54492,Myotis brandtii,0.013,0.025,-1,Echolocation,/mnt/ubna_data_01_mir/recover-20220825/UBNA_002/20220823_033000.WAV,Telephone Field,recover-20220825,002,1795
1493.0505,1493.0573,26328,40725,Eptesicus serotinus,0.005,0.024,-1,Echolocation,/mnt/ubna_data_01_mir/recover-20220825/UBNA_002/20220823_033000.WAV,Telephone Field,recover-20220825,002,1795
1493.1255,1493.132,35781,67956,Myotis brandtii,0.207,0.477,-1,Echolocation,/mnt/ubna_data_01_mir/recover-20220825/UBNA_002/20220823_033000.WAV,Telephone Field,recover-20220825,002,1795
1493.1255,1493.1315,27187,87062,Myotis bechsteinii,0.088,0.139,-1,Echolocation,/mnt/ubna_data_01_mir/recover-20220825/UBNA_002/20220823_033000.WAV,Telephone Field,recover-20220825,002,1795
1493.1355,1493.1409,34062,59788,Myotis brandtii,0.017,0.03,-1,Echolocation,/mnt/ubna_data_01_mir/recover-20220825/UBNA_002/20220823_033000.WAV,Telephone Field,recover-20220825,002,1795
1493.1635,1493.1732,28046,37570,Eptesicus serotinus,0.013,0.027,-1,Echolocation,/mnt/ubna_data_01_mir/recover-20220825/UBNA_002/20220823_033000.WAV,Telephone Field,recover-20220825,002,1795
1493.1825,1493.192,28046,36788,Eptesicus serotinus,0.012,0.025,-1,Echolocation,/mnt/ubna_data_01_mir/recover-20220825/UBNA_002/20220823_033000.WAV,Telephone Field,recover-20220825,002,1795
1493.1835,1493.1895,47812,56193,Pipistrellus pipistrellus,0.03,0.036,-1,Echolocation,/mnt/ubna_data_01_mir/recover-20220825/UBNA_002/20220823_033000.WAV,Telephone Field,recover-20220825,002,1795
1493.2035,1493.2103,37500,72225,Myotis brandtii,0.201,0.41,-1,Echolocation,/mnt/ubna_data_01_mir/recover-20220825/UBNA_002/20220823_033000.WAV,Telephone Field,recover-20220825,002,1795
1493.2045,1493.2108,48671,57885,Pipistrellus pipistrellus,0.017,0.033,-1,Echolocation,/mnt/ubna_data_01_mir/recover-20220825/UBNA_002/20220823_033000.WAV,Telephone Field,recover-20220825,002,1795
1493.2045,1493.2105,27187,90300,Myotis bechsteinii,0.092,0.134,-1,Echolocation,/mnt/ubna_data_01_mir/recover-20220825/UBNA_002/20220823_033000.WAV,Telephone Field,recover-20220825,002,1795
1493.2135,1493.2189,35781,60754,Myotis brandtii,0.015,0.026,-1,Echolocation,/mnt/ubna_data_01_mir/recover-20220825/UBNA_002/20220823_033000.WAV,Telephone Field,recover-20220825,002,1795
1493.2405,1493.2497,27187,35033,Eptesicus serotinus,0.01,0.024,-1,Echolocation,/mnt/ubna_data_01_mir/recover-20220825/UBNA_002/20220823_033000.WAV,Telephone Field,recover-20220825,002,1795
1493.2555,1493.2626,49531,54927,Pipistrellus pipistrellus,0.025,0.028,-1,Echolocation,/mnt/ubna_data_01_mir/recover-20220825/UBNA_002/20220823_033000.WAV,Telephone Field,recover-20220825,002,1795
1493.2825,1493.2898,47812,56789,Pipistrellus pipistrellus,0.036,0.059,-1,Echolocation,/mnt/ubna_data_01_mir/recover-20220825/UBNA_002/20220823_033000.WAV,Telephone Field,recover-20220825,002,1795
1493.2845,1493.2913,25468,85348,Myotis bechsteinii,0.148,0.183,-1,Echolocation,/mnt/ubna_data_01_mir/recover-20220825/UBNA_002/20220823_033000.WAV,Telephone Field,recover-20220825,002,1795
1493.2845,1493.2918,34062,72569,Myotis brandtii,0.246,0.391,-1,Echolocation,/mnt/ubna_data_01_mir/recover-20220825/UBNA_002/20220823_033000.WAV,Telephone Field,recover-20220825,002,1795
1493.2935,1493.2989,35781,62283,Myotis brandtii,0.019,0.027,-1,Echolocation,/mnt/ubna_data_01_mir/recover-20220825/UBNA_002/20220823_033000.WAV,Telephone Field,recover-20220825,002,1795
1493.3665,1493.3735,40078,59411,Pipistrellus nathusii,0.21,0.418,-1,Echolocation,/mnt/ubna_data_01_mir/recover-20220825/UBNA_002/20220823_033000.WAV,Telephone Field,recover-20220825,002,1795
1493.3765,1493.3838,27187,39346,Eptesicus serotinus,0.007,0.023,-1,Echolocation,/mnt/ubna_data_01_mir/recover-20220825/UBNA_002/20220823_033000.WAV,Telephone Field,recover-20220825,002,1795
1493.4335,1493.4675,68437,81922,Rhinolophus ferrumequinum,0.025,0.026,-1,Echolocation,/mnt/ubna_data_01_mir/recover-20220825/UBNA_002/20220823_033000.WAV,Telephone Field,recover-20220825,002,1795
1493.4455,1493.4537,50390,55367,Pipistrellus pipistrellus,0.017,0.027,-1,Echolocation,/mnt/ubna_data_01_mir/recover-20220825/UBNA_002/20220823_033000.WAV,Telephone Field,recover-20220825,002,1795
1493.4495,1493.4546,28046,82743,Myotis bechsteinii,0.063,0.108,-1,Echolocation,/mnt/ubna_data_01_mir/recover-20220825/UBNA_002/20220823_033000.WAV,Telephone Field,recover-20220825,002,1795
1493.4495,1493.4555,38359,58722,Pipistrellus nathusii,0.202,0.537,-1,Echolocation,/mnt/ubna_data_01_mir/recover-20220825/UBNA_002/20220823_033000.WAV,Telephone Field,recover-20220825,002,1795
1493.4505,1493.4588,48671,53843,Pipistrellus pygmaeus,0.014,0.027,-1,Echolocation,/mnt/ubna_data_01_mir/recover-20220825/UBNA_002/20220823_033000.WAV,Telephone Field,recover-20220825,002,1795
1493.4595,1493.4653,31484,63152,Myotis brandtii,0.017,0.035,-1,Echolocation,/mnt/ubna_data_01_mir/recover-20220825/UBNA_002/20220823_033000.WAV,Telephone Field,recover-20220825,002,1795
1493.4875,1493.497,55546,63262,Pipistrellus pygmaeus,0.027,0.028,-1,Echolocation,/mnt/ubna_data_01_mir/recover-20220825/UBNA_002/20220823_033000.WAV,Telephone Field,recover-20220825,002,1795
1493.4955,1493.5031,28046,43328,Eptesicus serotinus,0.01,0.027,-1,Echolocation,/mnt/ubna_data_01_mir/recover-20220825/UBNA_002/20220823_033000.WAV,Telephone Field,recover-20220825,002,1795
1493.5295,1493.535,40078,55753,Myotis daubentonii,0.128,0.416,-1,Echolocation,/mnt/ubna_data_01_mir/recover-20220825/UBNA_002/20220823_033000.WAV,Telephone Field,recover-20220825,002,1795
1493.5295,1493.5347,28046,82440,Myotis bechsteinii,0.064,0.116,-1,Echolocation,/mnt/ubna_data_01_mir/recover-20220825/UBNA_002/20220823_033000.WAV,Telephone Field,recover-20220825,002,1795
1493.5375,1493.543,34921,57231,Myotis brandtii,0.012,0.027,-1,Echolocation,/mnt/ubna_data_01_mir/recover-20220825/UBNA_002/20220823_033000.WAV,Telephone Field,recover-20220825,002,1795
1493.5385,1493.5452,27187,44326,Eptesicus serotinus,0.006,0.026,-1,Echolocation,/mnt/ubna_data_01_mir/recover-20220825/UBNA_002/20220823_033000.WAV,Telephone Field,recover-20220825,002,1795
1493.5425,1493.5513,55546,61709,Pipistrellus pygmaeus,0.024,0.024,-1,Echolocation,/mnt/ubna_data_01_mir/recover-20220825/UBNA_002/20220823_033000.WAV,Telephone Field,recover-20220825,002,1795
1493.5565,1493.5966,68437,82394,Rhinolophus ferrumequinum,0.023,0.023,-1,Echolocation,/mnt/ubna_data_01_mir/recover-20220825/UBNA_002/20220823_033000.WAV,Telephone Field,recover-20220825,002,1795
1493.5745,1493.5822,54687,60780,Pipistrellus pygmaeus,0.028,0.028,-1,Echolocation,/mnt/ubna_data_01_mir/recover-20220825/UBNA_002/20220823_033000.WAV,Telephone Field,recover-20220825,002,1795
1493.6055,1493.6111,38359,58610,Myotis brandtii,0.197,0.517,-1,Echolocation,/mnt/ubna_data_01_mir/recover-20220825/UBNA_002/20220823_033000.WAV,Telephone Field,recover-20220825,002,1795
1493.6065,1493.6159,48671,55164,Pipistrellus pipistrellus,0.02,0.035,-1,Echolocation,/mnt/ubna_data_01_mir/recover-20220825/UBNA_002/20220823_033000.WAV,Telephone Field,recover-20220825,002,1795
1493.6455,1493.6539,53828,62059,Pipistrellus pygmaeus,0.025,0.026,-1,Echolocation,/mnt/ubna_data_01_mir/recover-20220825/UBNA_002/20220823_033000.WAV,Telephone Field,recover-20220825,002,1795
1493.6635,1493.6704,47812,55356,Pipistrellus pipistrellus,0.022,0.026,-1,Echolocation,/mnt/ubna_data_01_mir/recover-20220825/UBNA_002/20220823_033000.WAV,Telephone Field,recover-20220825,002,1795
1493.6845,1493.6903,39218,60751,Myotis brandtii,0.208,0.485,-1,Echolocation,/mnt/ubna_data_01_mir/recover-20220825/UBNA_002/20220823_033000.WAV,Telephone Field,recover-20220825,002,1795
1493.6935,1493.6992,36640,62048,Myotis brandtii,0.012,0.024,-1,Echolocation,/mnt/ubna_data_01_mir/recover-20220825/UBNA_002/20220823_033000.WAV,Telephone Field,recover-20220825,002,1795
1493.7185,1493.7259,23750,32325,Plecotus auritus,0.008,0.026,-1,Echolocation,/mnt/ubna_data_01_mir/recover-20220825/UBNA_002/20220823_033000.WAV,Telephone Field,recover-20220825,002,1795
1493.7395,1493.7473,50390,56860,Pipistrellus pipistrellus,0.061,0.075,-1,Echolocation,/mnt/ubna_data_01_mir/recover-20220825/UBNA_002/20220823_033000.WAV,Telephone Field,recover-20220825,002,1795
1493.7625,1493.7679,40937,56664,Myotis brandtii,0.157,0.455,-1,Echolocation,/mnt/ubna_data_01_mir/recover-20220825/UBNA_002/20220823_033000.WAV,Telephone Field,recover-20220825,002,1795
1493.7875,1493.7946,27187,39760,Eptesicus serotinus,0.007,0.023,-1,Echolocation,/mnt/ubna_data_01_mir/recover-20220825/UBNA_002/20220823_033000.WAV,Telephone Field,recover-20220825,002,1795
1493.8155,1493.8257,27187,34887,Eptesicus serotinus,0.014,0.029,-1,Echolocation,/mnt/ubna_data_01_mir/recover-20220825/UBNA_002/20220823_033000.WAV,Telephone Field,recover-20220825,002,1795
1493.8235,1493.8307,56406,64627,Pipistrellus pygmaeus,0.024,0.025,-1,Echolocation,/mnt/ubna_data_01_mir/recover-20220825/UBNA_002/20220823_033000.WAV,Telephone Field,recover-20220825,002,1795
1493.8385,1493.8439,40937,56739,Pipistrellus nathusii,0.31,0.552,-1,Echolocation,/mnt/ubna_data_01_mir/recover-20220825/UBNA_002/20220823_033000.WAV,Telephone Field,recover-20220825,002,1795
1493.8635,1493.8705,28046,40317,Eptesicus serotinus,0.007,0.023,-1,Echolocation,/mnt/ubna_data_01_mir/recover-20220825/UBNA_002/20220823_033000.WAV,Telephone Field,recover-20220825,002,1795
1493.9195,1493.9251,39218,60781,Myotis brandtii,0.162,0.422,-1,Echolocation,/mnt/ubna_data_01_mir/recover-20220825/UBNA_002/20220823_033000.WAV,Telephone Field,recover-20220825,002,1795
1493.9285,1493.9362,27187,39528,Eptesicus serotinus,0.006,0.023,-1,Echolocation,/mnt/ubna_data_01_mir/recover-20220825/UBNA_002/20220823_033000.WAV,Telephone Field,recover-20220825,002,1795
1493.9305,1493.9368,35781,61635,Myotis brandtii,0.013,0.024,-1,Echolocation,/mnt/ubna_data_01_mir/recover-20220825/UBNA_002/20220823_033000.WAV,Telephone Field,recover-20220825,002,1795
1493.9815,1493.9904,25468,34634,Eptesicus serotinus,0.012,0.032,-1,Echolocation,/mnt/ubna_data_01_mir/recover-20220825/UBNA_002/20220823_033000.WAV,Telephone Field,recover-20220825,002,1795
1494.0015,1494.0138,58125,66738,Pipistrellus pygmaeus,0.038,0.039,-1,Echolocation,/mnt/ubna_data_01_mir/recover-20220825/UBNA_002/20220823_033000.WAV,Telephone Field,recover-20220825,002,1795
1494.0015,1494.0089,26328,38077,Nyctalus leisleri,0.006,0.03,-1,Echolocation,/mnt/ubna_data_01_mir/recover-20220825/UBNA_002/20220823_033000.WAV,Telephone Field,recover-20220825,002,1795
1494.0015,1494.0108,22031,28105,Nyctalus leisleri,0.009,0.027,-1,Echolocation,/mnt/ubna_data_01_mir/recover-20220825/UBNA_002/20220823_033000.WAV,Telephone Field,recover-20220825,002,1795
1494.0015,1494.0083,39218,54541,Myotis brandtii,0.01,0.027,-1,Echolocation,/mnt/ubna_data_01_mir/recover-20220825/UBNA_002/20220823_033000.WAV,Telephone Field,recover-20220825,002,1795
1494.0015,1494.0316,69296,81377,Rhinolophus ferrumequinum,0.022,0.023,-1,Echolocation,/mnt/ubna_data_01_mir/recover-20220825/UBNA_002/20220823_033000.WAV,Telephone Field,recover-20220825,002,1795
1494.0225,1494.0336,24609,28783,Nyctalus leisleri,0.017,0.029,-1,Echolocation,/mnt/ubna_data_01_mir/recover-20220825/UBNA_002/20220823_033000.WAV,Telephone Field,recover-20220825,002,1795
1494.0385,1494.0479,28046,40218,Eptesicus serotinus,0.009,0.023,-1,Echolocation,/mnt/ubna_data_01_mir/recover-20220825/UBNA_002/20220823_033000.WAV,Telephone Field,recover-20220825,002,1795
1494.0435,1494.0514,24609,36603,Plecotus austriacus,0.007,0.024,-1,Echolocation,/mnt/ubna_data_01_mir/recover-20220825/UBNA_002/20220823_033000.WAV,Telephone Field,recover-20220825,002,1795
1494.0775,1494.0829,29765,75148,Myotis bechsteinii,0.109,0.156,-1,Echolocation,/mnt/ubna_data_01_mir/recover-20220825/UBNA_002/20220823_033000.WAV,Telephone Field,recover-20220825,002,1795
1494.0785,1494.0849,36640,56583,Pipistrellus nathusii,0.237,0.455,-1,Echolocation,/mnt/ubna_data_01_mir/recover-20220825/UBNA_002/20220823_033000.WAV,Telephone Field,recover-20220825,002,1795
1494.0875,1494.0946,27187,36280,Nyctalus leisleri,0.005,0.024,-1,Echolocation,/mnt/ubna_data_01_mir/recover-20220825/UBNA_002/20220823_033000.WAV,Telephone Field,recover-20220825,002,1795
1494.0925,1494.1234,68437,80920,Rhinolophus ferrumequinum,0.022,0.022,-1,Echolocation,/mnt/ubna_data_01_mir/recover-20220825/UBNA_002/20220823_033000.WAV,Telephone Field,recover-20220825,002,1795
1494.1195,1494.1262,48671,53907,Pipistrellus pipistrellus,0.033,0.035,-1,Echolocation,/mnt/ubna_data_01_mir/recover-20220825/UBNA_002/20220823_033000.WAV,Telephone Field,recover-20220825,002,1795
1494.1515,1494.1866,68437,82323,Rhinolophus ferrumequinum,0.024,0.024,-1,Echolocation,/mnt/ubna_data_01_mir/recover-20220825/UBNA_002/20220823_033000.WAV,Telephone Field,recover-20220825,002,1795
1494.1675,1494.1736,29765,70557,Myotis bechsteinii,0.104,0.139,-1,Echolocation,/mnt/ubna_data_01_mir/recover-20220825/UBNA_002/20220823_033000.WAV,Telephone Field,recover-20220825,002,1795
1494.1675,1494.1753,37500,57361,Pipistrellus nathusii,0.285,0.462,-1,Echolocation,/mnt/ubna_data_01_mir/recover-20220825/UBNA_002/20220823_033000.WAV,Telephone Field,recover-20220825,002,1795
1494.1775,1494.1833,31484,46548,Myotis daubentonii,0.013,0.028,-1,Echolocation,/mnt/ubna_data_01_mir/recover-20220825/UBNA_002/20220823_033000.WAV,Telephone Field,recover-20220825,002,1795
1494.2015,1494.2116,27187,36620,Eptesicus serotinus,0.009,0.023,-1,Echolocation,/mnt/ubna_data_01_mir/recover-20220825/UBNA_002/20220823_033000.WAV,Telephone Field,recover-20220825,002,1795
1494.2045,1494.2144,57265,64345,Pipistrellus pygmaeus,0.023,0.023,-1,Echolocation,/mnt/ubna_data_01_mir/recover-20220825/UBNA_002/20220823_033000.WAV,Telephone Field,recover-20220825,002,1795
1494.2115,1494.2196,25468,38171,Myotis nattereri,0.005,0.022,-1,Echolocation,/mnt/ubna_data_01_mir/recover-20220825/UBNA_002/20220823_033000.WAV,Telephone Field,recover-20220825,002,1795
1494.2395,1494.2482,42656,49656,Pipistrellus pipistrellus,0.017,0.024,-1,Echolocation,/mnt/ubna_data_01_mir/recover-20220825/UBNA_002/20220823_033000.WAV,Telephone Field,recover-20220825,002,1795
1494.2405,1494.2484,24609,35918,Plecotus austriacus,0.007,0.024,-1,Echolocation,/mnt/ubna_data_01_mir/recover-20220825/UBNA_002/20220823_033000.WAV,Telephone Field,recover-20220825,002,1795
1494.2615,1494.2681,30625,65345,Myotis bechsteinii,0.034,0.061,-1,Echolocation,/mnt/ubna_data_01_mir/recover-20220825/UBNA_002/20220823_033000.WAV,Telephone Field,recover-20220825,002,1795
1494.2625,1494.2701,39218,57668,Pipistrellus nathusii,0.561,0.633,-1,Echolocation,/mnt/ubna_data_01_mir/recover-20220825/UBNA_002/20220823_033000.WAV,Telephone Field,recover-20220825,002,1795
1494.2745,1494.3037,68437,80342,Rhinolophus ferrumequinum,0.022,0.022,-1,Echolocation,/mnt/ubna_data_01_mir/recover-20220825/UBNA_002/20220823_033000.WAV,Telephone Field,recover-20220825,002,1795
1494.3045,1494.315,23750,29347,Nyctalus leisleri,0.01,0.022,-1,Echolocation,/mnt/ubna_data_01_mir/recover-20220825/UBNA_002/20220823_033000.WAV,Telephone Field,recover-20220825,002,1795
1494.3155,1494.3215,48671,56685,Pipistrellus pipistrellus,0.02,0.023,-1,Echolocation,/mnt/ubna_data_01_mir/recover-20220825/UBNA_002/20220823_033000.WAV,Telephone Field,recover-20220825,002,1795
1494.3605,1494.3686,40937,49578,Myotis daubentonii,0.007,0.026,-1,Echolocation,/mnt/ubna_data_01_mir/recover-20220825/UBNA_002/20220823_033000.WAV,Telephone Field,recover-20220825,002,1795
1494.3755,1494.3845,52968,60121,Pipistrellus pygmaeus,0.024,0.025,-1,Echolocation,/mnt/ubna_data_01_mir/recover-20220825/UBNA_002/20220823_033000.WAV,Telephone Field,recover-20220825,002,1795
1494.3765,1494.3832,31484,61899,Myotis bechsteinii,0.01,0.026,-1,Echolocation,/mnt/ubna_data_01_mir/recover-20220825/UBNA_002/20220823_033000.WAV,Telephone Field,recover-20220825,002,1795
1494.3795,1494.3869,40078,59252,Pipistrellus nathusii,0.727,0.748,-1,Echolocation,/mnt/ubna_data_01_mir/recover-20220825/UBNA_002/20220823_033000.WAV,Telephone Field,recover-20220825,002,1795
1494.3845,1494.3925,22890,36351,Myotis nattereri,0.007,0.022,-1,Echolocation,/mnt/ubna_data_01_mir/recover-20220825/UBNA_002/20220823_033000.WAV,Telephone Field,recover-20220825,002,1795
1494.3885,1494.3951,37500,50504,Myotis brandtii,0.01,0.023,-1,Echolocation,/mnt/ubna_data_01_mir/recover-20220825/UBNA_002/20220823_033000.WAV,Telephone Field,recover-20220825,002,1795
1494.4375,1494.4471,23750,30439,Plecotus austriacus,0.008,0.03,-1,Echolocation,/mnt/ubna_data_01_mir/recover-20220825/UBNA_002/20220823_033000.WAV,Telephone Field,recover-20220825,002,1795
1494.4745,1494.4823,39218,52677,Pipistrellus nathusii,0.64,0.675,-1,Echolocation,/mnt/ubna_data_01_mir/recover-20220825/UBNA_002/20220823_033000.WAV,Telephone Field,recover-20220825,002,1795
1494.4795,1494.485,31484,42966,Myotis daubentonii,0.01,0.025,-1,Echolocation,/mnt/ubna_data_01_mir/recover-20220825/UBNA_002/20220823_033000.WAV,Telephone Field,recover-20220825,002,1795
1494.4925,1494.5002,24609,33201,Plecotus austriacus,0.01,0.023,-1,Echolocation,/mnt/ubna_data_01_mir/recover-20220825/UBNA_002/20220823_033000.WAV,Telephone Field,recover-20220825,002,1795
1494.5165,1494.5239,28906,47092,Eptesicus serotinus,0.008,0.026,-1,Echolocation,/mnt/ubna_data_01_mir/recover-20220825/UBNA_002/20220823_033000.WAV,Telephone Field,recover-20220825,002,1795
1494.5715,1494.6038,68437,81480,Rhinolophus ferrumequinum,0.024,0.024,-1,Echolocation,/mnt/ubna_data_01_mir/recover-20220825/UBNA_002/20220823_033000.WAV,Telephone Field,recover-20220825,002,1795
1494.5735,1494.5819,37500,55114,Pipistrellus nathusii,0.626,0.657,-1,Echolocation,/mnt/ubna_data_01_mir/recover-20220825/UBNA_002/20220823_033000.WAV,Telephone Field,recover-20220825,002,1795
1494.5835,1494.5926,28906,38012,Eptesicus serotinus,0.008,0.028,-1,Echolocation,/mnt/ubna_data_01_mir/recover-20220825/UBNA_002/20220823_033000.WAV,Telephone Field,recover-20220825,002,1795
1494.6155,1494.6226,49531,57172,Pipistrellus pipistrellus,0.024,0.028,-1,Echolocation,/mnt/ubna_data_01_mir/recover-20220825/UBNA_002/20220823_033000.WAV,Telephone Field,recover-20220825,002,1795
1494.6245,1494.6321,24609,36303,Plecotus austriacus,0.009,0.027,-1,Echolocation,/mnt/ubna_data_01_mir/recover-20220825/UBNA_002/20220823_033000.WAV,Telephone Field,recover-20220825,002,1795
1494.6265,1494.6342,29765,38503,Eptesicus serotinus,0.008,0.027,-1,Echolocation,/mnt/ubna_data_01_mir/recover-20220825/UBNA_002/20220823_033000.WAV,Telephone Field,recover-20220825,002,1795
1494.6415,1494.6779,68437,81890,Rhinolophus ferrumequinum,0.022,0.022,-1,Echolocation,/mnt/ubna_data_01_mir/recover-20220825/UBNA_002/20220823_033000.WAV,Telephone Field,recover-20220825,002,1795
1494.6465,1494.6575,22890,28020,Nyctalus leisleri,0.012,0.026,-1,Echolocation,/mnt/ubna_data_01_mir/recover-20220825/UBNA_002/20220823_033000.WAV,Telephone Field,recover-20220825,002,1795
1494.6525,1494.6608,55546,62872,Pipistrellus pygmaeus,0.026,0.026,-1,Echolocation,/mnt/ubna_data_01_mir/recover-20220825/UBNA_002/20220823_033000.WAV,Telephone Field,recover-20220825,002,1795
1494.6625,1494.6698,38359,56804,Pipistrellus nathusii,0.529,0.602,-1,Echolocation,/mnt/ubna_data_01_mir/recover-20220825/UBNA_002/20220823_033000.WAV,Telephone Field,recover-20220825,002,1795
1494.6655,1494.6728,23750,39053,Myotis nattereri,0.009,0.027,-1,Echolocation,/mnt/ubna_data_01_mir/recover-20220825/UBNA_002/20220823_033000.WAV,Telephone Field,recover-20220825,002,1795
1494.6775,1494.709,68437,81014,Rhinolophus ferrumequinum,0.022,0.022,-1,Echolocation,/mnt/ubna_data_01_mir/recover-20220825/UBNA_002/20220823_033000.WAV,Telephone Field,recover-20220825,002,1795
1494.7515,1494.7583,30625,67942,Myotis bechsteinii,0.066,0.092,-1,Echolocation,/mnt/ubna_data_01_mir/recover-20220825/UBNA_002/20220823_033000.WAV,Telephone Field,recover-20220825,002,1795
1494.7515,1494.7612,53828,58628,Pipistrellus pygmaeus,0.02,0.022,-1,Echolocation,/mnt/ubna_data_01_mir/recover-20220825/UBNA_002/20220823_033000.WAV,Telephone Field,recover-20220825,002,1795
1494.7535,1494.7615,37500,60046,Pipistrellus nathusii,0.413,0.539,-1,Echolocation,/mnt/ubna_data_01_mir/recover-20220825/UBNA_002/20220823_033000.WAV,Telephone Field,recover-20220825,002,1795
1494.7555,1494.7605,46953,53106,Pipistrellus pipistrellus,0.011,0.024,-1,Echolocation,/mnt/ubna_data_01_mir/recover-20220825/UBNA_002/20220823_033000.WAV,Telephone Field,recover-20220825,002,1795
1494.7605,1494.7667,27187,37127,Eptesicus serotinus,0.004,0.023,-1,Echolocation,/mnt/ubna_data_01_mir/recover-20220825/UBNA_002/20220823_033000.WAV,Telephone Field,recover-20220825,002,1795
1494.7815,1494.7889,23750,33155,Plecotus austriacus,0.01,0.024,-1,Echolocation,/mnt/ubna_data_01_mir/recover-20220825/UBNA_002/20220823_033000.WAV,Telephone Field,recover-20220825,002,1795
1494.7815,1494.7893,28046,39077,Eptesicus serotinus,0.008,0.024,-1,Echolocation,/mnt/ubna_data_01_mir/recover-20220825/UBNA_002/20220823_033000.WAV,Telephone Field,recover-20220825,002,1795
1494.8175,1494.8276,24609,32939,Nyctalus leisleri,0.009,0.031,-1,Echolocation,/mnt/ubna_data_01_mir/recover-20220825/UBNA_002/20220823_033000.WAV,Telephone Field,recover-20220825,002,1795
1494.8195,1494.8289,54687,59910,Pipistrellus pygmaeus,0.024,0.024,-1,Echolocation,/mnt/ubna_data_01_mir/recover-20220825/UBNA_002/20220823_033000.WAV,Telephone Field,recover-20220825,002,1795
1494.8325,1494.8407,53828,61511,Pipistrellus pygmaeus,0.022,0.022,-1,Echolocation,/mnt/ubna_data_01_mir/recover-20220825/UBNA_002/20220823_033000.WAV,Telephone Field,recover-20220825,002,1795
1494.8415,1494.8483,31484,58431,Myotis bechsteinii,0.015,0.037,-1,Echolocation,/mnt/ubna_data_01_mir/recover-20220825/UBNA_002/20220823_033000.WAV,Telephone Field,recover-20220825,002,1795
1494.8425,1494.8512,39218,56543,Pipistrellus nathusii,0.541,0.653,-1,Echolocation,/mnt/ubna_data_01_mir/recover-20220825/UBNA_002/20220823_033000.WAV,Telephone Field,recover-20220825,002,1795
1494.8515,1494.8593,28046,36948,Eptesicus serotinus,0.006,0.023,-1,Echolocation,/mnt/ubna_data_01_mir/recover-20220825/UBNA_002/20220823_033000.WAV,Telephone Field,recover-20220825,002,1795
1494.8675,1494.9086,68437,82666,Rhinolophus ferrumequinum,0.024,0.024,-1,Echolocation,/mnt/ubna_data_01_mir/recover-20220825/UBNA_002/20220823_033000.WAV,Telephone Field,recover-20220825,002,1795
1494.8725,1494.9108,68437,83215,Rhinolophus ferrumequinum,0.022,0.022,-1,Echolocation,/mnt/ubna_data_01_mir/recover-20220825/UBNA_002/20220823_033000.WAV,Telephone Field,recover-20220825,002,1795
1494.8815,1494.8937,26328,31835,Eptesicus serotinus,0.012,0.028,-1,Echolocation,/mnt/ubna_data_01_mir/recover-20220825/UBNA_002/20220823_033000.WAV,Telephone Field,recover-20220825,002,1795
1494.8955,1494.9031,54687,62039,Pipistrellus pygmaeus,0.029,0.029,-1,Echolocation,/mnt/ubna_data_01_mir/recover-20220825/UBNA_002/20220823_033000.WAV,Telephone Field,recover-20220825,002,1795
1494.8985,1494.9062,31484,49549,Myotis daubentonii,0.012,0.026,-1,Echolocation,/mnt/ubna_data_01_mir/recover-20220825/UBNA_002/20220823_033000.WAV,Telephone Field,recover-20220825,002,1795
1494.8995,1494.9063,40937,50015,Pipistrellus nathusii,0.007,0.024,-1,Echolocation,/mnt/ubna_data_01_mir/recover-20220825/UBNA_002/20220823_033000.WAV,Telephone Field,recover-20220825,002,1795
1494.9005,1494.9083,23750,35941,Plecotus austriacus,0.009,0.025,-1,Echolocation,/mnt/ubna_data_01_mir/recover-20220825/UBNA_002/20220823_033000.WAV,Telephone Field,recover-20220825,002,1795
1494.9305,1494.9379,30625,62061,Myotis bechsteinii,0.039,0.065,-1,Echolocation,/mnt/ubna_data_01_mir/recover-20220825/UBNA_002/20220823_033000.WAV,Telephone Field,recover-20220825,002,1795
1494.9315,1494.9382,44375,57105,Pipistrellus pipistrellus,0.012,0.038,-1,Echolocation,/mnt/ubna_data_01_mir/recover-20220825/UBNA_002/20220823_033000.WAV,Telephone Field,recover-20220825,002,1795
1494.9335,1494.9418,36640,59327,Pipistrellus nathusii,0.528,0.629,-1,Echolocation,/mnt/ubna_data_01_mir/recover-20220825/UBNA_002/20220823_033000.WAV,Telephone Field,recover-20220825,002,1795
1494.9345,1494.9408,48671,54369,Pipistrellus pipistrellus,0.021,0.034,-1,Echolocation,/mnt/ubna_data_01_mir/recover-20220825/UBNA_002/20220823_033000.WAV,Telephone Field,recover-20220825,002,1795
1494.9425,1494.9493,27187,35903,Myotis nattereri,0.004,0.022,-1,Echolocation,/mnt/ubna_data_01_mir/recover-20220825/UBNA_002/20220823_033000.WAV,Telephone Field,recover-20220825,002,1795
1494.9435,1494.9494,34921,52404,Myotis brandtii,0.012,0.029,-1,Echolocation,/mnt/ubna_data_01_mir/recover-20220825/UBNA_002/20220823_033000.WAV,Telephone Field,recover-20220825,002,1795
1494.9475,1494.9785,68437,81092,Rhinolophus ferrumequinum,0.022,0.022,-1,Echolocation,/mnt/ubna_data_01_mir/recover-20220825/UBNA_002/20220823_033000.WAV,Telephone Field,recover-20220825,002,1795
1494.9695,1494.9773,23750,32469,Plecotus austriacus,0.014,0.029,-1,Echolocation,/mnt/ubna_data_01_mir/recover-20220825/UBNA_002/20220823_033000.WAV,Telephone Field,recover-20220825,002,1795
1494.9795,1494.9861,47812,54095,Pipistrellus pipistrellus,0.02,0.023,-1,Echolocation,/mnt/ubna_data_01_mir/recover-20220825/UBNA_002/20220823_033000.WAV,Telephone Field,recover-20220825,002,1795
1494.9815,1494.9892,56406,62657,Pipistrellus pygmaeus,0.023,0.023,-1,Echolocation,/mnt/ubna_data_01_mir/recover-20220825/UBNA_002/20220823_033000.WAV,Telephone Field,recover-20220825,002,1795
1495.0085,1495.0424,68437,81486,Rhinolophus ferrumequinum,0.022,0.022,-1,Echolocation,/mnt/ubna_data_01_mir/recover-20220825/UBNA_002/20220823_033000.WAV,Telephone Field,recover-20220825,002,1795
1495.0205,1495.0282,47812,52827,Pipistrellus pipistrellus,0.015,0.026,-1,Echolocation,/mnt/ubna_data_01_mir/recover-20220825/UBNA_002/20220823_033000.WAV,Telephone Field,recover-20220825,002,1795
1495.0255,1495.0329,39218,54863,Pipistrellus nathusii,0.592,0.646,-1,Echolocation,/mnt/ubna_data_01_mir/recover-20220825/UBNA_002/20220823_033000.WAV,Telephone Field,recover-20220825,002,1795
1495.0755,1495.0847,28046,40537,Eptesicus serotinus,0.009,0.023,-1,Echolocation,/mnt/ubna_data_01_mir/recover-20220825/UBNA_002/20220823_033000.WAV,Telephone Field,recover-20220825,002,1795
1495.1585,1495.1652,36640,57342,Pipistrellus nathusii,0.556,0.625,-1,Echolocation,/mnt/ubna_data_01_mir/recover-20220825/UBNA_002/20220823_033000.WAV,Telephone Field,recover-20220825,002,1795
1495.1675,1495.1745,27187,36019,Eptesicus serotinus,0.005,0.023,-1,Echolocation,/mnt/ubna_data_01_mir/recover-20220825/UBNA_002/20220823_033000.WAV,Telephone Field,recover-20220825,002,1795
1495.2385,1495.2464,39218,53879,Pipistrellus nathusii,0.548,0.622,-1,Echolocation,/mnt/ubna_data_01_mir/recover-20220825/UBNA_002/20220823_033000.WAV,Telephone Field,recover-20220825,002,1795
1495.2535,1495.2866,68437,81194,Rhinolophus ferrumequinum,0.022,0.022,-1,Echolocation,/mnt/ubna_data_01_mir/recover-20220825/UBNA_002/20220823_033000.WAV,Telephone Field,recover-20220825,002,1795
1495.2845,1495.2918,24609,35980,Plecotus austriacus,0.01,0.027,-1,Echolocation,/mnt/ubna_data_01_mir/recover-20220825/UBNA_002/20220823_033000.WAV,Telephone Field,recover-20220825,002,1795
1495.2855,1495.2927,29765,39543,Eptesicus serotinus,0.007,0.025,-1,Echolocation,/mnt/ubna_data_01_mir/recover-20220825/UBNA_002/20220823_033000.WAV,Telephone Field,recover-20220825,002,1795
1495.2945,1495.3023,46953,56763,Pipistrellus pipistrellus,0.022,0.025,-1,Echolocation,/mnt/ubna_data_01_mir/recover-20220825/UBNA_002/20220823_033000.WAV,Telephone Field,recover-20220825,002,1795
1495.3225,1495.33,36640,57925,Pipistrellus nathusii,0.459,0.542,-1,Echolocation,/mnt/ubna_data_01_mir/recover-20220825/UBNA_002/20220823_033000.WAV,Telephone Field,recover-20220825,002,1795
1495.3305,1495.3359,31484,48293,Myotis daubentonii,0.014,0.038,-1,Echolocation,/mnt/ubna_data_01_mir/recover-20220825/UBNA_002/20220823_033000.WAV,Telephone Field,recover-20220825,002,1795
1495.3445,1495.3564,22890,28371,Nyctalus leisleri,0.015,0.035,-1,Echolocation,/mnt/ubna_data_01_mir/recover-20220825/UBNA_002/20220823_033000.WAV,Telephone Field,recover-20220825,002,1795
1495.3475,1495.3838,68437,82319,Rhinolophus ferrumequinum,0.022,0.022,-1,Echolocation,/mnt/ubna_data_01_mir/recover-20220825/UBNA_002/20220823_033000.WAV,Telephone Field,recover-20220825,002,1795
1495.3735,1495.4067,68437,80698,Rhinolophus ferrumequinum,0.022,0.022,-1,Echolocation,/mnt/ubna_data_01_mir/recover-20220825/UBNA_002/20220823_033000.WAV,Telephone Field,recover-20220825,002,1795
1495.3925,1495.4007,28046,37481,Eptesicus serotinus,0.007,0.022,-1,Echolocation,/mnt/ubna_data_01_mir/recover-20220825/UBNA_002/20220823_033000.WAV,Telephone Field,recover-20220825,002,1795
1495.4065,1495.4143,37500,55765,Pipistrellus nathusii,0.54,0.621,-1,Echolocation,/mnt/ubna_data_01_mir/recover-20220825/UBNA_002/20220823_033000.WAV,Telephone Field,recover-20220825,002,1795
1495.4085,1495.4147,24609,56737,Myotis nattereri,0.02,0.031,-1,Echolocation,/mnt/ubna_data_01_mir/recover-20220825/UBNA_002/20220823_033000.WAV,Telephone Field,recover-20220825,002,1795
1495.4655,1495.477,55546,60891,Pipistrellus pygmaeus,0.05,0.051,-1,Echolocation,/mnt/ubna_data_01_mir/recover-20220825/UBNA_002/20220823_033000.WAV,Telephone Field,recover-20220825,002,1795
1495.4785,1495.5142,68437,82161,Rhinolophus ferrumequinum,0.024,0.024,-1,Echolocation,/mnt/ubna_data_01_mir/recover-20220825/UBNA_002/20220823_033000.WAV,Telephone Field,recover-20220825,002,1795
1495.5005,1495.5098,52968,59336,Pipistrellus pygmaeus,0.068,0.071,-1,Echolocation,/mnt/ubna_data_01_mir/recover-20220825/UBNA_002/20220823_033000.WAV,Telephone Field,recover-20220825,002,1795
1495.5025,1495.5108,35781,58693,Pipistrellus nathusii,0.336,0.49,-1,Echolocation,/mnt/ubna_data_01_mir/recover-20220825/UBNA_002/20220823_033000.WAV,Telephone Field,recover-20220825,002,1795
1495.5565,1495.592,68437,81997,Rhinolophus ferrumequinum,0.022,0.022,-1,Echolocation,/mnt/ubna_data_01_mir/recover-20220825/UBNA_002/20220823_033000.WAV,Telephone Field,recover-20220825,002,1795
1495.5715,1495.5804,28046,35173,Eptesicus serotinus,0.013,0.029,-1,Echolocation,/mnt/ubna_data_01_mir/recover-20220825/UBNA_002/20220823_033000.WAV,Telephone Field,recover-20220825,002,1795
1495.5965,1495.6048,37500,55919,Pipistrellus nathusii,0.508,0.604,-1,Echolocation,/mnt/ubna_data_01_mir/recover-20220825/UBNA_002/20220823_033000.WAV,Telephone Field,recover-20220825,002,1795
1495.6045,1495.6109,30625,45552,Myotis daubentonii,0.009,0.028,-1,Echolocation,/mnt/ubna_data_01_mir/recover-20220825/UBNA_002/20220823_033000.WAV,Telephone Field,recover-20220825,002,1795
1495.6265,1495.6633,68437,82313,Rhinolophus ferrumequinum,0.024,0.024,-1,Echolocation,/mnt/ubna_data_01_mir/recover-20220825/UBNA_002/20220823_033000.WAV,Telephone Field,recover-20220825,002,1795
1495.6325,1495.6426,22031,27156,Nyctalus leisleri,0.008,0.023,-1,Echolocation,/mnt/ubna_data_01_mir/recover-20220825/UBNA_002/20220823_033000.WAV,Telephone Field,recover-20220825,002,1795
1495.6335,1495.6416,28046,38583,Eptesicus serotinus,0.008,0.023,-1,Echolocation,/mnt/ubna_data_01_mir/recover-20220825/UBNA_002/20220823_033000.WAV,Telephone Field,recover-20220825,002,1795
1495.6505,1495.6591,26328,38157,Eptesicus serotinus,0.008,0.024,-1,Echolocation,/mnt/ubna_data_01_mir/recover-20220825/UBNA_002/20220823_033000.WAV,Telephone Field,recover-20220825,002,1795
1495.6565,1495.6658,27187,35474,Eptesicus serotinus,0.009,0.024,-1,Echolocation,/mnt/ubna_data_01_mir/recover-20220825/UBNA_002/20220823_033000.WAV,Telephone Field,recover-20220825,002,1795
1495.6745,1495.6838,26328,32360,Eptesicus serotinus,0.007,0.022,-1,Echolocation,/mnt/ubna_data_01_mir/recover-20220825/UBNA_002/20220823_033000.WAV,Telephone Field,recover-20220825,002,1795
1495.6865,1495.6953,35781,59219,Pipistrellus nathusii,0.209,0.502,-1,Echolocation,/mnt/ubna_data_01_mir/recover-20220825/UBNA_002/20220823_033000.WAV,Telephone Field,recover-20220825,002,1795
1495.7025,1495.7344,68437,81455,Rhinolophus ferrumequinum,0.025,0.026,-1,Echolocation,/mnt/ubna_data_01_mir/recover-20220825/UBNA_002/20220823_033000.WAV,Telephone Field,recover-20220825,002,1795
1495.7455,1495.754,27187,38615,Eptesicus serotinus,0.009,0.025,-1,Echolocation,/mnt/ubna_data_01_mir/recover-20220825/UBNA_002/20220823_033000.WAV,Telephone Field,recover-20220825,002,1795
1495.7685,1495.8035,68437,82216,Rhinolophus ferrumequinum,0.026,0.026,-1,Echolocation,/mnt/ubna_data_01_mir/recover-20220825/UBNA_002/20220823_033000.WAV,Telephone Field,recover-20220825,002,1795
1495.7785,1495.7857,45234,56467,Pipistrellus pipistrellus,0.011,0.029,-1,Echolocation,/mnt/ubna_data_01_mir/recover-20220825/UBNA_002/20220823_033000.WAV,Telephone Field,recover-20220825,002,1795
1495.7805,1495.7889,37500,57323,Pipistrellus nathusii,0.452,0.531,-1,Echolocation,/mnt/ubna_data_01_mir/recover-20220825/UBNA_002/20220823_033000.WAV,Telephone Field,recover-20220825,002,1795
1495.7875,1495.7937,27187,38270,Eptesicus serotinus,0.004,0.022,-1,Echolocation,/mnt/ubna_data_01_mir/recover-20220825/UBNA_002/20220823_033000.WAV,Telephone Field,recover-20220825,002,1795
1495.8485,1495.8865,68437,82371,Rhinolophus ferrumequinum,0.024,0.024,-1,Echolocation,/mnt/ubna_data_01_mir/recover-20220825/UBNA_002/20220823_033000.WAV,Telephone Field,recover-20220825,002,1795
1495.8765,1495.8857,28046,38831,Eptesicus serotinus,0.011,0.026,-1,Echolocation,/mnt/ubna_data_01_mir/recover-20220825/UBNA_002/20220823_033000.WAV,Telephone Field,recover-20220825,002,1795
1495.8775,1495.8849,49531,56716,Pipistrellus pipistrellus,0.019,0.022,-1,Echolocation,/mnt/ubna_data_01_mir/recover-20220825/UBNA_002/20220823_033000.WAV,Telephone Field,recover-20220825,002,1795
1495.8985,1495.9085,53828,60169,Pipistrellus pygmaeus,0.022,0.023,-1,Echolocation,/mnt/ubna_data_01_mir/recover-20220825/UBNA_002/20220823_033000.WAV,Telephone Field,recover-20220825,002,1795
1495.9025,1495.9102,36640,58560,Pipistrellus nathusii,0.514,0.626,-1,Echolocation,/mnt/ubna_data_01_mir/recover-20220825/UBNA_002/20220823_033000.WAV,Telephone Field,recover-20220825,002,1795
1495.9025,1495.909,48671,55046,Pipistrellus pipistrellus,0.017,0.03,-1,Echolocation,/mnt/ubna_data_01_mir/recover-20220825/UBNA_002/20220823_033000.WAV,Telephone Field,recover-20220825,002,1795
1495.9115,1495.9174,27187,38195,Myotis nattereri,0.005,0.026,-1,Echolocation,/mnt/ubna_data_01_mir/recover-20220825/UBNA_002/20220823_033000.WAV,Telephone Field,recover-20220825,002,1795
1495.9185,1495.9538,68437,82064,Rhinolophus ferrumequinum,0.029,0.029,-1,Echolocation,/mnt/ubna_data_01_mir/recover-20220825/UBNA_002/20220823_033000.WAV,Telephone Field,recover-20220825,002,1795
1495.9395,1495.9467,47812,55822,Pipistrellus pipistrellus,0.017,0.022,-1,Echolocation,/mnt/ubna_data_01_mir/recover-20220825/UBNA_002/20220823_033000.WAV,Telephone Field,recover-20220825,002,1795
1495.9495,1495.9569,24609,34125,Plecotus austriacus,0.009,0.023,-1,Echolocation,/mnt/ubna_data_01_mir/recover-20220825/UBNA_002/20220823_033000.WAV,Telephone Field,recover-20220825,002,1795
1495.9635,1495.9709,28906,41148,Eptesicus serotinus,0.009,0.029,-1,Echolocation,/mnt/ubna_data_01_mir/recover-20220825/UBNA_002/20220823_033000.WAV,Telephone Field,recover-20220825,002,1795
1495.9805,1495.9883,49531,54737,Pipistrellus pipistrellus,0.019,0.032,-1,Echolocation,/mnt/ubna_data_01_mir/recover-20220825/UBNA_002/20220823_033000.WAV,Telephone Field,recover-20220825,002,1795
1495.9835,1495.9909,37500,55527,Pipistrellus nathusii,0.602,0.662,-1,Echolocation,/mnt/ubna_data_01_mir/recover-20220825/UBNA_002/20220823_033000.WAV,Telephone Field,recover-20220825,002,1795
1496.0015,1496.0301,68437,79434,Rhinolophus ferrumequinum,0.025,0.026,-1,Echolocation,/mnt/ubna_data_01_mir/recover-20220825/UBNA_002/20220823_033000.WAV,Telephone Field,recover-20220825,002,1795
1496.0015,1496.0088,23750,36538,Myotis nattereri,0.008,0.036,-1,Echolocation,/mnt/ubna_data_01_mir/recover-20220825/UBNA_002/20220823_033000.WAV,Telephone Field,recover-20220825,002,1795
1496.0015,1496.0095,39218,48183,Pipistrellus nathusii,0.021,0.04,-1,Echolocation,/mnt/ubna_data_01_mir/recover-20220825/UBNA_002/20220823_033000.WAV,Telephone Field,recover-20220825,002,1795
1496.0655,1496.0722,37500,46509,Pipistrellus nathusii,0.577,0.663,-1,Echolocation,/mnt/ubna_data_01_mir/recover-20220825/UBNA_002/20220823_033000.WAV,Telephone Field,recover-20220825,002,1795
1496.0675,1496.0737,45234,49418,Pipistrellus pipistrellus,0.01,0.025,-1,Echolocation,/mnt/ubna_data_01_mir/recover-20220825/UBNA_002/20220823_033000.WAV,Telephone Field,recover-20220825,002,1795
1496.1195,1496.1278,27187,36639,Eptesicus serotinus,0.012,0.031,-1,Echolocation,/mnt/ubna_data_01_mir/recover-20220825/UBNA_002/20220823_033000.WAV,Telephone Field,recover-20220825,002,1795
1496.1375,1496.154,21171,25173,Nyctalus leisleri,0.012,0.028,-1,Echolocation,/mnt/ubna_data_01_mir/recover-20220825/UBNA_002/20220823_033000.WAV,Telephone Field,recover-20220825,002,1795
1496.1415,1496.1511,52968,57991,Pipistrellus pygmaeus,0.029,0.032,-1,Echolocation,/mnt/ubna_data_01_mir/recover-20220825/UBNA_002/20220823_033000.WAV,Telephone Field,recover-20220825,002,1795
1496.1445,1496.1512,38359,52002,Pipistrellus nathusii,0.384,0.534,-1,Echolocation,/mnt/ubna_data_01_mir/recover-20220825/UBNA_002/20220823_033000.WAV,Telephone Field,recover-20220825,002,1795
1496.1545,1496.1607,32343,44901,Myotis daubentonii,0.012,0.023,-1,Echolocation,/mnt/ubna_data_01_mir/recover-20220825/UBNA_002/20220823_033000.WAV,Telephone Field,recover-20220825,002,1795
1496.1785,1496.1992,19453,22271,Nyctalus leisleri,0.015,0.03,-1,Echolocation,/mnt/ubna_data_01_mir/recover-20220825/UBNA_002/20220823_033000.WAV,Telephone Field,recover-20220825,002,1795
1496.1805,1496.2196,68437,82578,Rhinolophus ferrumequinum,0.027,0.027,-1,Echolocation,/mnt/ubna_data_01_mir/recover-20220825/UBNA_002/20220823_033000.WAV,Telephone Field,recover-20220825,002,1795
1496.2075,1496.2186,26328,31786,Eptesicus serotinus,0.014,0.033,-1,Echolocation,/mnt/ubna_data_01_mir/recover-20220825/UBNA_002/20220823_033000.WAV,Telephone Field,recover-20220825,002,1795
1496.2185,1496.2247,38359,53745,Pipistrellus nathusii,0.242,0.468,-1,Echolocation,/mnt/ubna_data_01_mir/recover-20220825/UBNA_002/20220823_033000.WAV,Telephone Field,recover-20220825,002,1795
1496.2985,1496.3052,37500,50421,Pipistrellus nathusii,0.229,0.491,-1,Echolocation,/mnt/ubna_data_01_mir/recover-20220825/UBNA_002/20220823_033000.WAV,Telephone Field,recover-20220825,002,1795
1496.3415,1496.3501,27187,37217,Eptesicus serotinus,0.009,0.024,-1,Echolocation,/mnt/ubna_data_01_mir/recover-20220825/UBNA_002/20220823_033000.WAV,Telephone Field,recover-20220825,002,1795
1496.3755,1496.4158,68437,82309,Rhinolophus ferrumequinum,0.029,0.03,-1,Echolocation,/mnt/ubna_data_01_mir/recover-20220825/UBNA_002/20220823_033000.WAV,Telephone Field,recover-20220825,002,1795
1496.3795,1496.3854,36640,46214,Barbastellus barbastellus,0.143,0.324,-1,Echolocation,/mnt/ubna_data_01_mir/recover-20220825/UBNA_002/20220823_033000.WAV,Telephone Field,recover-20220825,002,1795
1496.4005,1496.4093,25468,34207,Eptesicus serotinus,0.01,0.026,-1,Echolocation,/mnt/ubna_data_01_mir/recover-20220825/UBNA_002/20220823_033000.WAV,Telephone Field,recover-20220825,002,1795
1496.4465,1496.4858,68437,82626,Rhinolophus ferrumequinum,0.023,0.023,-1,Echolocation,/mnt/ubna_data_01_mir/recover-20220825/UBNA_002/20220823_033000.WAV,Telephone Field,recover-20220825,002,1795
1496.4565,1496.4631,42656,48972,Pipistrellus nathusii,0.17,0.205,-1,Echolocation,/mnt/ubna_data_01_mir/recover-20220825/UBNA_002/20220823_033000.WAV,Telephone Field,recover-20220825,002,1795
1496.4565,1496.4625,36640,50570,Pipistrellus nathusii,0.116,0.323,-1,Echolocation,/mnt/ubna_data_01_mir/recover-20220825/UBNA_002/20220823_033000.WAV,Telephone Field,recover-20220825,002,1795
1496.4645,1496.4709,25468,34296,Eptesicus serotinus,0.004,0.023,-1,Echolocation,/mnt/ubna_data_01_mir/recover-20220825/UBNA_002/20220823_033000.WAV,Telephone Field,recover-20220825,002,1795
1496.4845,1496.5230999999999,68437,81703,Rhinolophus ferrumequinum,0.024,0.024,-1,Echolocation,/mnt/ubna_data_01_mir/recover-20220825/UBNA_002/20220823_033000.WAV,Telephone Field,recover-20220825,002,1795
1496.5235,1496.5293,38359,53032,Pipistrellus nathusii,0.274,0.44,-1,Echolocation,/mnt/ubna_data_01_mir/recover-20220825/UBNA_002/20220823_033000.WAV,Telephone Field,recover-20220825,002,1795
1496.5795,1496.5864,41796,48803,Pipistrellus nathusii,0.311,0.368,-1,Echolocation,/mnt/ubna_data_01_mir/recover-20220825/UBNA_002/20220823_033000.WAV,Telephone Field,recover-20220825,002,1795
1496.5835,1496.6211,68437,81579,Rhinolophus ferrumequinum,0.037,0.037,-1,Echolocation,/mnt/ubna_data_01_mir/recover-20220825/UBNA_002/20220823_033000.WAV,Telephone Field,recover-20220825,002,1795
1496.5885,1496.5975,26328,33850,Eptesicus serotinus,0.009,0.025,-1,Echolocation,/mnt/ubna_data_01_mir/recover-20220825/UBNA_002/20220823_033000.WAV,Telephone Field,recover-20220825,002,1795
1496.6175,1496.6277,23750,30599,Nyctalus leisleri,0.01,0.03,-1,Echolocation,/mnt/ubna_data_01_mir/recover-20220825/UBNA_002/20220823_033000.WAV,Telephone Field,recover-20220825,002,1795
1496.6195,1496.6249,37500,51552,Myotis daubentonii,0.014,0.034,-1,Echolocation,/mnt/ubna_data_01_mir/recover-20220825/UBNA_002/20220823_033000.WAV,Telephone Field,recover-20220825,002,1795
1496.6445,1496.6528,42656,53236,Pipistrellus nathusii,0.023,0.04,-1,Echolocation,/mnt/ubna_data_01_mir/recover-20220825/UBNA_002/20220823_033000.WAV,Telephone Field,recover-20220825,002,1795
1496.6875,1496.6956,27187,35290,Eptesicus serotinus,0.008,0.024,-1,Echolocation,/mnt/ubna_data_01_mir/recover-20220825/UBNA_002/20220823_033000.WAV,Telephone Field,recover-20220825,002,1795
1496.6945,1496.7019,27187,36612,Eptesicus serotinus,0.007,0.026,-1,Echolocation,/mnt/ubna_data_01_mir/recover-20220825/UBNA_002/20220823_033000.WAV,Telephone Field,recover-20220825,002,1795
1496.6995,1496.7116,41796,45157,Pipistrellus nathusii,0.037,0.044,-1,Echolocation,/mnt/ubna_data_01_mir/recover-20220825/UBNA_002/20220823_033000.WAV,Telephone Field,recover-20220825,002,1795
1496.7235,1496.7333,27187,34866,Eptesicus serotinus,0.011,0.025,-1,Echolocation,/mnt/ubna_data_01_mir/recover-20220825/UBNA_002/20220823_033000.WAV,Telephone Field,recover-20220825,002,1795
1496.7455,1496.7539,25468,34925,Eptesicus serotinus,0.009,0.023,-1,Echolocation,/mnt/ubna_data_01_mir/recover-20220825/UBNA_002/20220823_033000.WAV,Telephone Field,recover-20220825,002,1795
1496.7635,1496.771,25468,34187,Eptesicus serotinus,0.007,0.027,-1,Echolocation,/mnt/ubna_data_01_mir/recover-20220825/UBNA_002/20220823_033000.WAV,Telephone Field,recover-20220825,002,1795
1496.7635,1496.7721,42656,49177,Pipistrellus nathusii,0.293,0.327,-1,Echolocation,/mnt/ubna_data_01_mir/recover-20220825/UBNA_002/20220823_033000.WAV,Telephone Field,recover-20220825,002,1795
1496.8025,1496.8128,25468,33289,Eptesicus serotinus,0.015,0.032,-1,Echolocation,/mnt/ubna_data_01_mir/recover-20220825/UBNA_002/20220823_033000.WAV,Telephone Field,recover-20220825,002,1795
1496.8215,1496.8278,40078,50105,Pipistrellus nathusii,0.081,0.188,-1,Echolocation,/mnt/ubna_data_01_mir/recover-20220825/UBNA_002/20220823_033000.WAV,Telephone Field,recover-20220825,002,1795
1496.8505,1496.8855,68437,81570,Rhinolophus ferrumequinum,0.025,0.025,-1,Echolocation,/mnt/ubna_data_01_mir/recover-20220825/UBNA_002/20220823_033000.WAV,Telephone Field,recover-20220825,002,1795
1496.8615,1496.8715,24609,31608,Eptesicus serotinus,0.013,0.03,-1,Echolocation,/mnt/ubna_data_01_mir/recover-20220825/UBNA_002/20220823_033000.WAV,Telephone Field,recover-20220825,002,1795
1496.8855,1496.8914,31484,59049,Myotis brandtii,0.011,0.029,-1,Echolocation,/mnt/ubna_data_01_mir/recover-20220825/UBNA_002/20220823_033000.WAV,Telephone Field,recover-20220825,002,1795
1496.8875,1496.8931,40078,54955,Myotis daubentonii,0.009,0.028,-1,Echolocation,/mnt/ubna_data_01_mir/recover-20220825/UBNA_002/20220823_033000.WAV,Telephone Field,recover-20220825,002,1795
1496.9045,1496.9159,36640,41747,Pipistrellus nathusii,0.055,0.068,-1,Echolocation,/mnt/ubna_data_01_mir/recover-20220825/UBNA_002/20220823_033000.WAV,Telephone Field,recover-20220825,002,1795
1496.9465,1496.958,41796,45742,Pipistrellus nathusii,0.087,0.101,-1,Echolocation,/mnt/ubna_data_01_mir/recover-20220825/UBNA_002/20220823_033000.WAV,Telephone Field,recover-20220825,002,1795
1497.0305,1497.0361,32343,60748,Myotis brandtii,0.016,0.033,-1,Echolocation,/mnt/ubna_data_01_mir/recover-20220825/UBNA_002/20220823_033000.WAV,Telephone Field,recover-20220825,002,1795
1497.0315,1497.0372,37500,54190,Myotis brandtii,0.013,0.036,-1,Echolocation,/mnt/ubna_data_01_mir/recover-20220825/UBNA_002/20220823_033000.WAV,Telephone Field,recover-20220825,002,1795
1497.0355,1497.0465,24609,30565,Nyctalus leisleri,0.013,0.033,-1,Echolocation,/mnt/ubna_data_01_mir/recover-20220825/UBNA_002/20220823_033000.WAV,Telephone Field,recover-20220825,002,1795
1497.0445,1497.0557,23750,28736,Nyctalus leisleri,0.017,0.033,-1,Echolocation,/mnt/ubna_data_01_mir/recover-20220825/UBNA_002/20220823_033000.WAV,Telephone Field,recover-20220825,002,1795
1497.0545,1497.0623,26328,37997,Eptesicus serotinus,0.009,0.027,-1,Echolocation,/mnt/ubna_data_01_mir/recover-20220825/UBNA_002/20220823_033000.WAV,Telephone Field,recover-20220825,002,1795
1497.0755,1497.0838,43515,53210,Pipistrellus nathusii,0.021,0.047,-1,Echolocation,/mnt/ubna_data_01_mir/recover-20220825/UBNA_002/20220823_033000.WAV,Telephone Field,recover-20220825,002,1795
1497.0785,1497.0849,31484,55582,Myotis brandtii,0.01,0.023,-1,Echolocation,/mnt/ubna_data_01_mir/recover-20220825/UBNA_002/20220823_033000.WAV,Telephone Field,recover-20220825,002,1795
1497.0795,1497.0857,26328,43615,Myotis daubentonii,0.006,0.023,-1,Echolocation,/mnt/ubna_data_01_mir/recover-20220825/UBNA_002/20220823_033000.WAV,Telephone Field,recover-20220825,002,1795
1497.1165,1497.125,28046,35961,Eptesicus serotinus,0.008,0.027,-1,Echolocation,/mnt/ubna_data_01_mir/recover-20220825/UBNA_002/20220823_033000.WAV,Telephone Field,recover-20220825,002,1795
1497.1265,1497.1337,42656,53827,Pipistrellus nathusii,0.254,0.358,-1,Echolocation,/mnt/ubna_data_01_mir/recover-20220825/UBNA_002/20220823_033000.WAV,Telephone Field,recover-20220825,002,1795
1497.1625,1497.2026,68437,82379,Rhinolophus ferrumequinum,0.023,0.023,-1,Echolocation,/mnt/ubna_data_01_mir/recover-20220825/UBNA_002/20220823_033000.WAV,Telephone Field,recover-20220825,002,1795
1497.1925,1497.1993,40078,46880,Pipistrellus nathusii,0.149,0.218,-1,Echolocation,/mnt/ubna_data_01_mir/recover-20220825/UBNA_002/20220823_033000.WAV,Telephone Field,recover-20220825,002,1795
1497.2425,1497.2503,40937,49620,Pipistrellus nathusii,0.02,0.036,-1,Echolocation,/mnt/ubna_data_01_mir/recover-20220825/UBNA_002/20220823_033000.WAV,Telephone Field,recover-20220825,002,1795
1497.2505,1497.2576,28906,41749,Myotis daubentonii,0.01,0.029,-1,Echolocation,/mnt/ubna_data_01_mir/recover-20220825/UBNA_002/20220823_033000.WAV,Telephone Field,recover-20220825,002,1795
1497.2615,1497.2689,26328,37155,Eptesicus serotinus,0.007,0.025,-1,Echolocation,/mnt/ubna_data_01_mir/recover-20220825/UBNA_002/20220823_033000.WAV,Telephone Field,recover-20220825,002,1795
1497.2795,1497.3156,68437,81460,Rhinolophus ferrumequinum,0.024,0.024,-1,Echolocation,/mnt/ubna_data_01_mir/recover-20220825/UBNA_002/20220823_033000.WAV,Telephone Field,recover-20220825,002,1795
1497.2865,1497.2917,35781,49939,Myotis daubentonii,0.025,0.053,-1,Echolocation,/mnt/ubna_data_01_mir/recover-20220825/UBNA_002/20220823_033000.WAV,Telephone Field,recover-20220825,002,1795
1497.3005,1497.3074,41796,49430,Pipistrellus nathusii,0.334,0.411,-1,Echolocation,/mnt/ubna_data_01_mir/recover-20220825/UBNA_002/20220823_033000.WAV,Telephone Field,recover-20220825,002,1795
1497.3135,1497.3257,25468,31048,Nyctalus leisleri,0.012,0.032,-1,Echolocation,/mnt/ubna_data_01_mir/recover-20220825/UBNA_002/20220823_033000.WAV,Telephone Field,recover-20220825,002,1795
1497.3305,1497.3379,54687,62858,Pipistrellus pygmaeus,0.024,0.025,-1,Echolocation,/mnt/ubna_data_01_mir/recover-20220825/UBNA_002/20220823_033000.WAV,Telephone Field,recover-20220825,002,1795
1497.3875,1497.3938,40937,52526,Pipistrellus nathusii,0.453,0.488,-1,Echolocation,/mnt/ubna_data_01_mir/recover-20220825/UBNA_002/20220823_033000.WAV,Telephone Field,recover-20220825,002,1795
1497.4645,1497.4724,26328,37547,Eptesicus serotinus,0.008,0.024,-1,Echolocation,/mnt/ubna_data_01_mir/recover-20220825/UBNA_002/20220823_033000.WAV,Telephone Field,recover-20220825,002,1795
1497.4745,1497.5083,68437,81639,Rhinolophus ferrumequinum,0.023,0.023,-1,Echolocation,/mnt/ubna_data_01_mir/recover-20220825/UBNA_002/20220823_033000.WAV,Telephone Field,recover-20220825,002,1795
1497.4915,1497.5297,68437,81878,Rhinolophus ferrumequinum,0.026,0.026,-1,Echolocation,/mnt/ubna_data_01_mir/recover-20220825/UBNA_002/20220823_033000.WAV,Telephone Field,recover-20220825,002,1795
1497.4945,1497.5027,27187,36244,Eptesicus serotinus,0.008,0.024,-1,Echolocation,/mnt/ubna_data_01_mir/recover-20220825/UBNA_002/20220823_033000.WAV,Telephone Field,recover-20220825,002,1795
1497.5385,1497.5766,68437,81273,Rhinolophus ferrumequinum,0.026,0.026,-1,Echolocation,/mnt/ubna_data_01_mir/recover-20220825/UBNA_002/20220823_033000.WAV,Telephone Field,recover-20220825,002,1795
1497.5495,1497.5557,40078,48417,Pipistrellus nathusii,0.291,0.428,-1,Echolocation,/mnt/ubna_data_01_mir/recover-20220825/UBNA_002/20220823_033000.WAV,Telephone Field,recover-20220825,002,1795
1497.5905,1497.6335,68437,82327,Rhinolophus ferrumequinum,0.027,0.027,-1,Echolocation,/mnt/ubna_data_01_mir/recover-20220825/UBNA_002/20220823_033000.WAV,Telephone Field,recover-20220825,002,1795
1497.5935,1497.6005,27187,39666,Eptesicus serotinus,0.007,0.023,-1,Echolocation,/mnt/ubna_data_01_mir/recover-20220825/UBNA_002/20220823_033000.WAV,Telephone Field,recover-20220825,002,1795
1497.6425,1497.6480999999999,40078,54210,Pipistrellus nathusii,0.383,0.492,-1,Echolocation,/mnt/ubna_data_01_mir/recover-20220825/UBNA_002/20220823_033000.WAV,Telephone Field,recover-20220825,002,1795
1497.6505,1497.6562,29765,40437,Myotis daubentonii,0.013,0.025,-1,Echolocation,/mnt/ubna_data_01_mir/recover-20220825/UBNA_002/20220823_033000.WAV,Telephone Field,recover-20220825,002,1795
1497.7105,1497.7178,37500,45999,Pipistrellus nathusii,0.031,0.056,-1,Echolocation,/mnt/ubna_data_01_mir/recover-20220825/UBNA_002/20220823_033000.WAV,Telephone Field,recover-20220825,002,1795
1497.7275,1497.733,40937,57903,Pipistrellus nathusii,0.366,0.448,-1,Echolocation,/mnt/ubna_data_01_mir/recover-20220825/UBNA_002/20220823_033000.WAV,Telephone Field,recover-20220825,002,1795
1497.7295,1497.7356,28906,49452,Myotis daubentonii,0.018,0.035,-1,Echolocation,/mnt/ubna_data_01_mir/recover-20220825/UBNA_002/20220823_033000.WAV,Telephone Field,recover-20220825,002,1795
1497.7475,1497.7566,27187,38183,Eptesicus serotinus,0.016,0.034,-1,Echolocation,/mnt/ubna_data_01_mir/recover-20220825/UBNA_002/20220823_033000.WAV,Telephone Field,recover-20220825,002,1795
1497.8125,1497.8196,51250,55434,Pipistrellus pipistrellus,0.015,0.023,-1,Echolocation,/mnt/ubna_data_01_mir/recover-20220825/UBNA_002/20220823_033000.WAV,Telephone Field,recover-20220825,002,1795
1497.8135,1497.8188,40078,55192,Pipistrellus nathusii,0.382,0.501,-1,Echolocation,/mnt/ubna_data_01_mir/recover-20220825/UBNA_002/20220823_033000.WAV,Telephone Field,recover-20220825,002,1795
1497.8225,1497.8298,39218,51752,Pipistrellus nathusii,0.033,0.068,-1,Echolocation,/mnt/ubna_data_01_mir/recover-20220825/UBNA_002/20220823_033000.WAV,Telephone Field,recover-20220825,002,1795
1497.8335,1497.8683,68437,80831,Rhinolophus ferrumequinum,0.025,0.026,-1,Echolocation,/mnt/ubna_data_01_mir/recover-20220825/UBNA_002/20220823_033000.WAV,Telephone Field,recover-20220825,002,1795
1497.8515,1497.8622,38359,42435,Pipistrellus nathusii,0.024,0.033,-1,Echolocation,/mnt/ubna_data_01_mir/recover-20220825/UBNA_002/20220823_033000.WAV,Telephone Field,recover-20220825,002,1795
1497.8725,1497.8816,27187,36105,Eptesicus serotinus,0.009,0.024,-1,Echolocation,/mnt/ubna_data_01_mir/recover-20220825/UBNA_002/20220823_033000.WAV,Telephone Field,recover-20220825,002,1795
1497.8835,1497.9165,68437,80802,Rhinolophus ferrumequinum,0.027,0.027,-1,Echolocation,/mnt/ubna_data_01_mir/recover-20220825/UBNA_002/20220823_033000.WAV,Telephone Field,recover-20220825,002,1795
1497.9205,1497.9272,40078,53587,Pipistrellus nathusii,0.435,0.545,-1,Echolocation,/mnt/ubna_data_01_mir/recover-20220825/UBNA_002/20220823_033000.WAV,Telephone Field,recover-20220825,002,1795
1497.9295,1497.9382,40078,47629,Pipistrellus nathusii,0.039,0.05,-1,Echolocation,/mnt/ubna_data_01_mir/recover-20220825/UBNA_002/20220823_033000.WAV,Telephone Field,recover-20220825,002,1795
1497.9475,1497.9898,68437,82973,Rhinolophus ferrumequinum,0.038,0.038,-1,Echolocation,/mnt/ubna_data_01_mir/recover-20220825/UBNA_002/20220823_033000.WAV,Telephone Field,recover-20220825,002,1795
1498.0015,1498.0112,22031,27993,Nyctalus leisleri,0.015,0.039,-1,Echolocation,/mnt/ubna_data_01_mir/recover-20220825/UBNA_002/20220823_033000.WAV,Telephone Field,recover-20220825,002,1795
1498.0015,1498.0122,52109,58233,Pipistrellus pygmaeus,0.049,0.057,-1,Echolocation,/mnt/ubna_data_01_mir/recover-20220825/UBNA_002/20220823_033000.WAV,Telephone Field,recover-20220825,002,1795
1498.0015,1498.0079,42656,68770,Myotis mystacinus,0.021,0.05,-1,Echolocation,/mnt/ubna_data_01_mir/recover-20220825/UBNA_002/20220823_033000.WAV,Telephone Field,recover-20220825,002,1795
1498.0015,1498.0312,68437,79800,Rhinolophus ferrumequinum,0.046,0.047,-1,Echolocation,/mnt/ubna_data_01_mir/recover-20220825/UBNA_002/20220823_033000.WAV,Telephone Field,recover-20220825,002,1795
1498.0105,1498.0173,36640,60583,Pipistrellus nathusii,0.193,0.503,-1,Echolocation,/mnt/ubna_data_01_mir/recover-20220825/UBNA_002/20220823_033000.WAV,Telephone Field,recover-20220825,002,1795
1498.0205,1498.0263,36640,56587,Myotis brandtii,0.046,0.104,-1,Echolocation,/mnt/ubna_data_01_mir/recover-20220825/UBNA_002/20220823_033000.WAV,Telephone Field,recover-20220825,002,1795
1498.0635,1498.0713,52109,57075,Pipistrellus pygmaeus,0.063,0.067,-1,Echolocation,/mnt/ubna_data_01_mir/recover-20220825/UBNA_002/20220823_033000.WAV,Telephone Field,recover-20220825,002,1795
1498.0885,1498.0947,48671,54313,Pipistrellus pipistrellus,0.031,0.036,-1,Echolocation,/mnt/ubna_data_01_mir/recover-20220825/UBNA_002/20220823_033000.WAV,Telephone Field,recover-20220825,002,1795
1498.1055,1498.1165,53828,59382,Pipistrellus pygmaeus,0.032,0.035,-1,Echolocation,/mnt/ubna_data_01_mir/recover-20220825/UBNA_002/20220823_033000.WAV,Telephone Field,recover-20220825,002,1795
1498.1075,1498.1138,35781,53293,Pipistrellus nathusii,0.306,0.541,-1,Echolocation,/mnt/ubna_data_01_mir/recover-20220825/UBNA_002/20220823_033000.WAV,Telephone Field,recover-20220825,002,1795
1498.1075,1498.1124,27187,65893,Myotis brandtii,0.024,0.072,-1,Echolocation,/mnt/ubna_data_01_mir/recover-20220825/UBNA_002/20220823_033000.WAV,Telephone Field,recover-20220825,002,1795
1498.1165,1498.1227,28906,45126,Myotis daubentonii,0.022,0.031,-1,Echolocation,/mnt/ubna_data_01_mir/recover-20220825/UBNA_002/20220823_033000.WAV,Telephone Field,recover-20220825,002,1795
1498.2035,1498.2113,36640,58817,Pipistrellus nathusii,0.431,0.567,-1,Echolocation,/mnt/ubna_data_01_mir/recover-20220825/UBNA_002/20220823_033000.WAV,Telephone Field,recover-20220825,002,1795
1498.2135,1498.2197,35781,57249,Myotis brandtii,0.03,0.058,-1,Echolocation,/mnt/ubna_data_01_mir/recover-20220825/UBNA_002/20220823_033000.WAV,Telephone Field,recover-20220825,002,1795
1498.2765,1498.2934,21171,24654,Nyctalus leisleri,0.019,0.032,-1,Echolocation,/mnt/ubna_data_01_mir/recover-20220825/UBNA_002/20220823_033000.WAV,Telephone Field,recover-20220825,002,1795
1498.2985,1498.3047,44375,58278,Myotis brandtii,0.013,0.047,-1,Echolocation,/mnt/ubna_data_01_mir/recover-20220825/UBNA_002/20220823_033000.WAV,Telephone Field,recover-20220825,002,1795
1498.2995,1498.3065,35781,57624,Pipistrellus nathusii,0.378,0.569,-1,Echolocation,/mnt/ubna_data_01_mir/recover-20220825/UBNA_002/20220823_033000.WAV,Telephone Field,recover-20220825,002,1795
1498.3955,1498.4017,47812,56469,Pipistrellus pipistrellus,0.024,0.055,-1,Echolocation,/mnt/ubna_data_01_mir/recover-20220825/UBNA_002/20220823_033000.WAV,Telephone Field,recover-20220825,002,1795
1498.3985,1498.4066,36640,60815,Pipistrellus nathusii,0.427,0.574,-1,Echolocation,/mnt/ubna_data_01_mir/recover-20220825/UBNA_002/20220823_033000.WAV,Telephone Field,recover-20220825,002,1795
1498.4085,1498.4143,34921,54570,Myotis brandtii,0.018,0.037,-1,Echolocation,/mnt/ubna_data_01_mir/recover-20220825/UBNA_002/20220823_033000.WAV,Telephone Field,recover-20220825,002,1795
1498.4495,1498.4554,50390,55444,Pipistrellus pipistrellus,0.022,0.045,-1,Echolocation,/mnt/ubna_data_01_mir/recover-20220825/UBNA_002/20220823_033000.WAV,Telephone Field,recover-20220825,002,1795
1498.4525,1498.4586,37500,63540,Pipistrellus nathusii,0.223,0.559,-1,Echolocation,/mnt/ubna_data_01_mir/recover-20220825/UBNA_002/20220823_033000.WAV,Telephone Field,recover-20220825,002,1795
1498.4885,1498.495,48671,56841,Pipistrellus pipistrellus,0.02,0.035,-1,Echolocation,/mnt/ubna_data_01_mir/recover-20220825/UBNA_002/20220823_033000.WAV,Telephone Field,recover-20220825,002,1795
1498.4955,1498.501,36640,66692,Myotis brandtii,0.229,0.436,-1,Echolocation,/mnt/ubna_data_01_mir/recover-20220825/UBNA_002/20220823_033000.WAV,Telephone Field,recover-20220825,002,1795
1498.4955,1498.5004,27187,77685,Myotis brandtii,0.063,0.158,-1,Echolocation,/mnt/ubna_data_01_mir/recover-20220825/UBNA_002/20220823_033000.WAV,Telephone Field,recover-20220825,002,1795
1498.5365,1498.5423,35781,65654,Myotis brandtii,0.239,0.405,-1,Echolocation,/mnt/ubna_data_01_mir/recover-20220825/UBNA_002/20220823_033000.WAV,Telephone Field,recover-20220825,002,1795
1498.5695,1498.5745,36640,61275,Myotis daubentonii,0.191,0.415,-1,Echolocation,/mnt/ubna_data_01_mir/recover-20220825/UBNA_002/20220823_033000.WAV,Telephone Field,recover-20220825,002,1795
1498.6055,1498.6102,34921,62917,Myotis brandtii,0.235,0.463,-1,Echolocation,/mnt/ubna_data_01_mir/recover-20220825/UBNA_002/20220823_033000.WAV,Telephone Field,recover-20220825,002,1795
1498.6335,1498.6378,34921,62952,Myotis brandtii,0.196,0.437,-1,Echolocation,/mnt/ubna_data_01_mir/recover-20220825/UBNA_002/20220823_033000.WAV,Telephone Field,recover-20220825,002,1795
1498.6655,1498.6701,36640,63232,Myotis daubentonii,0.152,0.325,-1,Echolocation,/mnt/ubna_data_01_mir/recover-20220825/UBNA_002/20220823_033000.WAV,Telephone Field,recover-20220825,002,1795
1498.7015,1498.706,35781,66263,Myotis brandtii,0.133,0.241,-1,Echolocation,/mnt/ubna_data_01_mir/recover-20220825/UBNA_002/20220823_033000.WAV,Telephone Field,recover-20220825,002,1795
1498.7285,1498.7333,35781,58568,Myotis daubentonii,0.196,0.384,-1,Echolocation,/mnt/ubna_data_01_mir/recover-20220825/UBNA_002/20220823_033000.WAV,Telephone Field,recover-20220825,002,1795
1498.7625,1498.7721,52968,57099,Pipistrellus pygmaeus,0.03,0.031,-1,Echolocation,/mnt/ubna_data_01_mir/recover-20220825/UBNA_002/20220823_033000.WAV,Telephone Field,recover-20220825,002,1795
1498.7635,1498.7682,40937,58939,Myotis daubentonii,0.169,0.385,-1,Echolocation,/mnt/ubna_data_01_mir/recover-20220825/UBNA_002/20220823_033000.WAV,Telephone Field,recover-20220825,002,1795
1498.7945,1498.8,29765,73123,Myotis brandtii,0.033,0.066,-1,Echolocation,/mnt/ubna_data_01_mir/recover-20220825/UBNA_002/20220823_033000.WAV,Telephone Field,recover-20220825,002,1795
1498.7955,1498.8006,40937,62043,Myotis daubentonii,0.115,0.215,-1,Echolocation,/mnt/ubna_data_01_mir/recover-20220825/UBNA_002/20220823_033000.WAV,Telephone Field,recover-20220825,002,1795
1498.8095,1498.8162,42656,51798,Myotis daubentonii,0.037,0.082,-1,Echolocation,/mnt/ubna_data_01_mir/recover-20220825/UBNA_002/20220823_033000.WAV,Telephone Field,recover-20220825,002,1795
1498.8125,1498.8188,31484,60738,Myotis daubentonii,0.028,0.049,-1,Echolocation,/mnt/ubna_data_01_mir/recover-20220825/UBNA_002/20220823_033000.WAV,Telephone Field,recover-20220825,002,1795
1498.8215,1498.8271,31484,68444,Myotis daubentonii,0.046,0.083,-1,Echolocation,/mnt/ubna_data_01_mir/recover-20220825/UBNA_002/20220823_033000.WAV,Telephone Field,recover-20220825,002,1795
1498.8215,1498.8265,38359,58585,Myotis daubentonii,0.077,0.113,-1,Echolocation,/mnt/ubna_data_01_mir/recover-20220825/UBNA_002/20220823_033000.WAV,Telephone Field,recover-20220825,002,1795
1498.8325,1498.8395,43515,50430,Pipistrellus nathusii,0.072,0.151,-1,Echolocation,/mnt/ubna_data_01_mir/recover-20220825/UBNA_002/20220823_033000.WAV,Telephone Field,recover-20220825,002,1795
1498.8435,1498.851,44375,52008,Pipistrellus pipistrellus,0.032,0.044,-1,Echolocation,/mnt/ubna_data_01_mir/recover-20220825/UBNA_002/20220823_033000.WAV,Telephone Field,recover-20220825,002,1795
1498.8555,1498.8594,35781,61268,Myotis daubentonii,0.14,0.261,-1,Echolocation,/mnt/ubna_data_01_mir/recover-20220825/UBNA_002/20220823_033000.WAV,Telephone Field,recover-20220825,002,1795
1498.8785,1498.8864,43515,49114,Pipistrellus nathusii,0.129,0.191,-1,Echolocation,/mnt/ubna_data_01_mir/recover-20220825/UBNA_002/20220823_033000.WAV,Telephone Field,recover-20220825,002,1795
1498.8795,1498.8857,30625,67959,Myotis daubentonii,0.023,0.05,-1,Echolocation,/mnt/ubna_data_01_mir/recover-20220825/UBNA_002/20220823_033000.WAV,Telephone Field,recover-20220825,002,1795
1498.8915,1498.8978,40078,51147,Myotis daubentonii,0.017,0.032,-1,Echolocation,/mnt/ubna_data_01_mir/recover-20220825/UBNA_002/20220823_033000.WAV,Telephone Field,recover-20220825,002,1795
1498.8975,1498.9055,26328,36655,Eptesicus serotinus,0.015,0.048,-1,Echolocation,/mnt/ubna_data_01_mir/recover-20220825/UBNA_002/20220823_033000.WAV,Telephone Field,recover-20220825,002,1795
1498.9125,1498.9183,43515,50305,Pipistrellus nathusii,0.033,0.083,-1,Echolocation,/mnt/ubna_data_01_mir/recover-20220825/UBNA_002/20220823_033000.WAV,Telephone Field,recover-20220825,002,1795
1498.9125,1498.918,32343,66490,Myotis daubentonii,0.044,0.077,-1,Echolocation,/mnt/ubna_data_01_mir/recover-20220825/UBNA_002/20220823_033000.WAV,Telephone Field,recover-20220825,002,1795
1498.9205,1498.9285,43515,49952,Pipistrellus pipistrellus,0.013,0.031,-1,Echolocation,/mnt/ubna_data_01_mir/recover-20220825/UBNA_002/20220823_033000.WAV,Telephone Field,recover-20220825,002,1795
1498.9355,1498.9418,28046,56235,Myotis daubentonii,0.025,0.036,-1,Echolocation,/mnt/ubna_data_01_mir/recover-20220825/UBNA_002/20220823_033000.WAV,Telephone Field,recover-20220825,002,1795
1498.9705,1498.9758,34921,56646,Myotis daubentonii,0.06,0.095,-1,Echolocation,/mnt/ubna_data_01_mir/recover-20220825/UBNA_002/20220823_033000.WAV,Telephone Field,recover-20220825,002,1795
1498.9925,1498.9981,29765,50531,Myotis daubentonii,0.031,0.042,-1,Echolocation,/mnt/ubna_data_01_mir/recover-20220825/UBNA_002/20220823_033000.WAV,Telephone Field,recover-20220825,002,1795
1499.0095,1499.0155,30625,51967,Myotis daubentonii,0.034,0.046,-1,Echolocation,/mnt/ubna_data_01_mir/recover-20220825/UBNA_002/20220823_033000.WAV,Telephone Field,recover-20220825,002,1795
1499.0685,1499.0751,28906,53675,Myotis daubentonii,0.021,0.031,-1,Echolocation,/mnt/ubna_data_01_mir/recover-20220825/UBNA_002/20220823_033000.WAV,Telephone Field,recover-20220825,002,1795
1499.0785,1499.0848,40937,55477,Myotis daubentonii,0.015,0.04,-1,Echolocation,/mnt/ubna_data_01_mir/recover-20220825/UBNA_002/20220823_033000.WAV,Telephone Field,recover-20220825,002,1795
1499.0805,1499.0868,34062,54661,Myotis daubentonii,0.02,0.038,-1,Echolocation,/mnt/ubna_data_01_mir/recover-20220825/UBNA_002/20220823_033000.WAV,Telephone Field,recover-20220825,002,1795
1499.1195,1499.1237,37500,54753,Myotis daubentonii,0.132,0.205,-1,Echolocation,/mnt/ubna_data_01_mir/recover-20220825/UBNA_002/20220823_033000.WAV,Telephone Field,recover-20220825,002,1795
1499.1345,1499.1394,38359,55058,Myotis daubentonii,0.146,0.245,-1,Echolocation,/mnt/ubna_data_01_mir/recover-20220825/UBNA_002/20220823_033000.WAV,Telephone Field,recover-20220825,002,1795
1499.1725,1499.1774,40937,52170,Myotis daubentonii,0.133,0.208,-1,Echolocation,/mnt/ubna_data_01_mir/recover-20220825/UBNA_002/20220823_033000.WAV,Telephone Field,recover-20220825,002,1795
1499.2195,1499.2241,38359,63756,Myotis daubentonii,0.175,0.325,-1,Echolocation,/mnt/ubna_data_01_mir/recover-20220825/UBNA_002/20220823_033000.WAV,Telephone Field,recover-20220825,002,1795
1499.2645,1499.2693,38359,61774,Myotis daubentonii,0.136,0.264,-1,Echolocation,/mnt/ubna_data_01_mir/recover-20220825/UBNA_002/20220823_033000.WAV,Telephone Field,recover-20220825,002,1795
1499.3135,1499.3198,43515,55630,Pipistrellus nathusii,0.111,0.174,-1,Echolocation,/mnt/ubna_data_01_mir/recover-20220825/UBNA_002/20220823_033000.WAV,Telephone Field,recover-20220825,002,1795
1499.3135,1499.3183,39218,61143,Myotis daubentonii,0.094,0.169,-1,Echolocation,/mnt/ubna_data_01_mir/recover-20220825/UBNA_002/20220823_033000.WAV,Telephone Field,recover-20220825,002,1795
1499.3135,1499.3188,28046,77528,Myotis brandtii,0.036,0.092,-1,Echolocation,/mnt/ubna_data_01_mir/recover-20220825/UBNA_002/20220823_033000.WAV,Telephone Field,recover-20220825,002,1795
1499.3355,1499.3563,20312,23181,Nyctalus leisleri,0.017,0.03,-1,Echolocation,/mnt/ubna_data_01_mir/recover-20220825/UBNA_002/20220823_033000.WAV,Telephone Field,recover-20220825,002,1795
1499.3535,1499.359,40937,50664,Pipistrellus nathusii,0.11,0.313,-1,Echolocation,/mnt/ubna_data_01_mir/recover-20220825/UBNA_002/20220823_033000.WAV,Telephone Field,recover-20220825,002,1795
1499.3935,1499.3988,41796,52299,Myotis daubentonii,0.136,0.33,-1,Echolocation,/mnt/ubna_data_01_mir/recover-20220825/UBNA_002/20220823_033000.WAV,Telephone Field,recover-20220825,002,1795
1499.4055,1499.4124,42656,50055,Myotis daubentonii,0.033,0.093,-1,Echolocation,/mnt/ubna_data_01_mir/recover-20220825/UBNA_002/20220823_033000.WAV,Telephone Field,recover-20220825,002,1795
1499.4075,1499.413,31484,65917,Myotis daubentonii,0.031,0.063,-1,Echolocation,/mnt/ubna_data_01_mir/recover-20220825/UBNA_002/20220823_033000.WAV,Telephone Field,recover-20220825,002,1795
1499.4375,1499.4438,28046,55973,Myotis daubentonii,0.023,0.034,-1,Echolocation,/mnt/ubna_data_01_mir/recover-20220825/UBNA_002/20220823_033000.WAV,Telephone Field,recover-20220825,002,1795
1499.4385,1499.4456,41796,49052,Pipistrellus nathusii,0.214,0.352,-1,Echolocation,/mnt/ubna_data_01_mir/recover-20220825/UBNA_002/20220823_033000.WAV,Telephone Field,recover-20220825,002,1795
1499.4495,1499.4544,40937,58953,Myotis daubentonii,0.085,0.142,-1,Echolocation,/mnt/ubna_data_01_mir/recover-20220825/UBNA_002/20220823_033000.WAV,Telephone Field,recover-20220825,002,1795
1499.4505,1499.4561,30625,71216,Myotis daubentonii,0.036,0.078,-1,Echolocation,/mnt/ubna_data_01_mir/recover-20220825/UBNA_002/20220823_033000.WAV,Telephone Field,recover-20220825,002,1795
1499.4695,1499.4758,31484,59922,Myotis daubentonii,0.025,0.043,-1,Echolocation,/mnt/ubna_data_01_mir/recover-20220825/UBNA_002/20220823_033000.WAV,Telephone Field,recover-20220825,002,1795
1499.4935,1499.5012,43515,49603,Pipistrellus pipistrellus,0.024,0.062,-1,Echolocation,/mnt/ubna_data_01_mir/recover-20220825/UBNA_002/20220823_033000.WAV,Telephone Field,recover-20220825,002,1795
1499.5035,1499.5088,37500,58333,Myotis daubentonii,0.05,0.086,-1,Echolocation,/mnt/ubna_data_01_mir/recover-20220825/UBNA_002/20220823_033000.WAV,Telephone Field,recover-20220825,002,1795
1499.5245,1499.5304,30625,67895,Myotis brandtii,0.017,0.041,-1,Echolocation,/mnt/ubna_data_01_mir/recover-20220825/UBNA_002/20220823_033000.WAV,Telephone Field,recover-20220825,002,1795
1499.5255,1499.5318,42656,52832,Myotis daubentonii,0.011,0.038,-1,Echolocation,/mnt/ubna_data_01_mir/recover-20220825/UBNA_002/20220823_033000.WAV,Telephone Field,recover-20220825,002,1795
1499.5475,1499.5545,28046,49540,Myotis daubentonii,0.022,0.035,-1,Echolocation,/mnt/ubna_data_01_mir/recover-20220825/UBNA_002/20220823_033000.WAV,Telephone Field,recover-20220825,002,1795
1499.5755,1499.582,41796,52396,Myotis brandtii,0.012,0.033,-1,Echolocation,/mnt/ubna_data_01_mir/recover-20220825/UBNA_002/20220823_033000.WAV,Telephone Field,recover-20220825,002,1795
1499.5775,1499.5835,30625,60291,Myotis daubentonii,0.022,0.036,-1,Echolocation,/mnt/ubna_data_01_mir/recover-20220825/UBNA_002/20220823_033000.WAV,Telephone Field,recover-20220825,002,1795
1499.5985,1499.6051,42656,49385,Pipistrellus nathusii,0.06,0.13,-1,Echolocation,/mnt/ubna_data_01_mir/recover-20220825/UBNA_002/20220823_033000.WAV,Telephone Field,recover-20220825,002,1795
1499.5995,1499.6051,29765,64988,Myotis daubentonii,0.054,0.08,-1,Echolocation,/mnt/ubna_data_01_mir/recover-20220825/UBNA_002/20220823_033000.WAV,Telephone Field,recover-20220825,002,1795
1499.6095,1499.6165,33203,56836,Myotis daubentonii,0.017,0.033,-1,Echolocation,/mnt/ubna_data_01_mir/recover-20220825/UBNA_002/20220823_033000.WAV,Telephone Field,recover-20220825,002,1795
1499.6285,1499.6358,44375,51115,Pipistrellus pipistrellus,0.019,0.031,-1,Echolocation,/mnt/ubna_data_01_mir/recover-20220825/UBNA_002/20220823_033000.WAV,Telephone Field,recover-20220825,002,1795
1499.6285,1499.634,36640,57431,Myotis daubentonii,0.023,0.051,-1,Echolocation,/mnt/ubna_data_01_mir/recover-20220825/UBNA_002/20220823_033000.WAV,Telephone Field,recover-20220825,002,1795
1499.6575,1499.663,40078,54649,Myotis daubentonii,0.048,0.067,-1,Echolocation,/mnt/ubna_data_01_mir/recover-20220825/UBNA_002/20220823_033000.WAV,Telephone Field,recover-20220825,002,1795
1499.6705,1499.6753,41796,51232,Myotis daubentonii,0.082,0.188,-1,Echolocation,/mnt/ubna_data_01_mir/recover-20220825/UBNA_002/20220823_033000.WAV,Telephone Field,recover-20220825,002,1795
1499.6865,1499.6921,34062,48440,Myotis daubentonii,0.021,0.033,-1,Echolocation,/mnt/ubna_data_01_mir/recover-20220825/UBNA_002/20220823_033000.WAV,Telephone Field,recover-20220825,002,1795
1499.6995,1499.7046,40937,51698,Myotis daubentonii,0.146,0.27,-1,Echolocation,/mnt/ubna_data_01_mir/recover-20220825/UBNA_002/20220823_033000.WAV,Telephone Field,recover-20220825,002,1795
1499.7325,1499.7389,42656,51237,Pipistrellus nathusii,0.104,0.235,-1,Echolocation,/mnt/ubna_data_01_mir/recover-20220825/UBNA_002/20220823_033000.WAV,Telephone Field,recover-20220825,002,1795
1499.7345,1499.7394,31484,70330,Myotis brandtii,0.049,0.11,-1,Echolocation,/mnt/ubna_data_01_mir/recover-20220825/UBNA_002/20220823_033000.WAV,Telephone Field,recover-20220825,002,1795
1499.7815,1499.786,40937,53850,Myotis daubentonii,0.12,0.303,-1,Echolocation,/mnt/ubna_data_01_mir/recover-20220825/UBNA_002/20220823_033000.WAV,Telephone Field,recover-20220825,002,1795
1499.7815,1499.7864,32343,70085,Myotis brandtii,0.106,0.175,-1,Echolocation,/mnt/ubna_data_01_mir/recover-20220825/UBNA_002/20220823_033000.WAV,Telephone Field,recover-20220825,002,1795
1499.8595,1499.8655,28906,64738,Myotis daubentonii,0.043,0.067,-1,Echolocation,/mnt/ubna_data_01_mir/recover-20220825/UBNA_002/20220823_033000.WAV,Telephone Field,recover-20220825,002,1795
1499.8595,1499.8647,36640,55361,Myotis daubentonii,0.033,0.068,-1,Echolocation,/mnt/ubna_data_01_mir/recover-20220825/UBNA_002/20220823_033000.WAV,Telephone Field,recover-20220825,002,1795
1500.0015,1500.0109,21171,26201,Nyctalus leisleri,0.015,0.033,-1,Echolocation,/mnt/ubna_data_01_mir/recover-20220825/UBNA_002/20220823_033000.WAV,Telephone Field,recover-20220825,002,1795
1500.0015,1500.0356,68437,80279,Rhinolophus ferrumequinum,0.054,0.055,-1,Echolocation,/mnt/ubna_data_01_mir/recover-20220825/UBNA_002/20220823_033000.WAV,Telephone Field,recover-20220825,002,1795
1500.0015,1500.0094,46953,53985,Pipistrellus pipistrellus,0.015,0.025,-1,Echolocation,/mnt/ubna_data_01_mir/recover-20220825/UBNA_002/20220823_033000.WAV,Telephone Field,recover-20220825,002,1795
1500.0015,1500.0098,38359,48192,Pipistrellus nathusii,0.01,0.026,-1,Echolocation,/mnt/ubna_data_01_mir/recover-20220825/UBNA_002/20220823_033000.WAV,Telephone Field,recover-20220825,002,1795
1500.0075,1500.0506,68437,82138,Rhinolophus ferrumequinum,0.023,0.023,-1,Echolocation,/mnt/ubna_data_01_mir/recover-20220825/UBNA_002/20220823_033000.WAV,Telephone Field,recover-20220825,002,1795
1500.0485,1500.0886,68437,83111,Rhinolophus ferrumequinum,0.029,0.029,-1,Echolocation,/mnt/ubna_data_01_mir/recover-20220825/UBNA_002/20220823_033000.WAV,Telephone Field,recover-20220825,002,1795
1500.0545,1500.0942,68437,82290,Rhinolophus ferrumequinum,0.025,0.025,-1,Echolocation,/mnt/ubna_data_01_mir/recover-20220825/UBNA_002/20220823_033000.WAV,Telephone Field,recover-20220825,002,1795
1500.1025,1500.1104,27187,37690,Eptesicus serotinus,0.009,0.024,-1,Echolocation,/mnt/ubna_data_01_mir/recover-20220825/UBNA_002/20220823_033000.WAV,Telephone Field,recover-20220825,002,1795
1500.1275,1500.1671,68437,82517,Rhinolophus ferrumequinum,0.036,0.036,-1,Echolocation,/mnt/ubna_data_01_mir/recover-20220825/UBNA_002/20220823_033000.WAV,Telephone Field,recover-20220825,002,1795
1500.1275,1500.1352,45234,51557,Pipistrellus pipistrellus,0.028,0.033,-1,Echolocation,/mnt/ubna_data_01_mir/recover-20220825/UBNA_002/20220823_033000.WAV,Telephone Field,recover-20220825,002,1795
1500.1715,1500.2135,68437,83112,Rhinolophus ferrumequinum,0.048,0.048,-1,Echolocation,/mnt/ubna_data_01_mir/recover-20220825/UBNA_002/20220823_033000.WAV,Telephone Field,recover-20220825,002,1795
1500.1845,1500.1936,40078,44673,Pipistrellus nathusii,0.019,0.03,-1,Echolocation,/mnt/ubna_data_01_mir/recover-20220825/UBNA_002/20220823_033000.WAV,Telephone Field,recover-20220825,002,1795
1500.1905,1500.2033,23750,30895,Eptesicus serotinus,0.011,0.03,-1,Echolocation,/mnt/ubna_data_01_mir/recover-20220825/UBNA_002/20220823_033000.WAV,Telephone Field,recover-20220825,002,1795
1500.2175,1500.2247,56406,67321,Pipistrellus pygmaeus,0.035,0.035,-1,Echolocation,/mnt/ubna_data_01_mir/recover-20220825/UBNA_002/20220823_033000.WAV,Telephone Field,recover-20220825,002,1795
1500.2325,1500.247,15156,21068,Nyctalus noctula,0.016,0.024,-1,Echolocation,/mnt/ubna_data_01_mir/recover-20220825/UBNA_002/20220823_033000.WAV,Telephone Field,recover-20220825,002,1795
1500.2365,1500.245,38359,48563,Pipistrellus nathusii,0.013,0.025,-1,Echolocation,/mnt/ubna_data_01_mir/recover-20220825/UBNA_002/20220823_033000.WAV,Telephone Field,recover-20220825,002,1795
1500.2545,1500.2961,68437,82482,Rhinolophus ferrumequinum,0.037,0.037,-1,Echolocation,/mnt/ubna_data_01_mir/recover-20220825/UBNA_002/20220823_033000.WAV,Telephone Field,recover-20220825,002,1795
1500.3235,1500.33,40078,51223,Pipistrellus nathusii,0.035,0.079,-1,Echolocation,/mnt/ubna_data_01_mir/recover-20220825/UBNA_002/20220823_033000.WAV,Telephone Field,recover-20220825,002,1795
1500.3245,1500.3303,28906,51958,Myotis daubentonii,0.015,0.031,-1,Echolocation,/mnt/ubna_data_01_mir/recover-20220825/UBNA_002/20220823_033000.WAV,Telephone Field,recover-20220825,002,1795
1500.3765,1500.3845,27187,37711,Eptesicus serotinus,0.008,0.024,-1,Echolocation,/mnt/ubna_data_01_mir/recover-20220825/UBNA_002/20220823_033000.WAV,Telephone Field,recover-20220825,002,1795
1500.4125,1500.4521,68437,82798,Rhinolophus ferrumequinum,0.024,0.024,-1,Echolocation,/mnt/ubna_data_01_mir/recover-20220825/UBNA_002/20220823_033000.WAV,Telephone Field,recover-20220825,002,1795
1500.4205,1500.4274,40937,49745,Pipistrellus nathusii,0.01,0.025,-1,Echolocation,/mnt/ubna_data_01_mir/recover-20220825/UBNA_002/20220823_033000.WAV,Telephone Field,recover-20220825,002,1795
1500.4355,1500.443,27187,39625,Eptesicus serotinus,0.007,0.024,-1,Echolocation,/mnt/ubna_data_01_mir/recover-20220825/UBNA_002/20220823_033000.WAV,Telephone Field,recover-20220825,002,1795
1500.4865,1500.4965,22890,28924,Nyctalus leisleri,0.008,0.029,-1,Echolocation,/mnt/ubna_data_01_mir/recover-20220825/UBNA_002/20220823_033000.WAV,Telephone Field,recover-20220825,002,1795
1500.4895,1500.4952,33203,54953,Myotis brandtii,0.013,0.025,-1,Echolocation,/mnt/ubna_data_01_mir/recover-20220825/UBNA_002/20220823_033000.WAV,Telephone Field,recover-20220825,002,1795
1500.4905,1500.4985,43515,51368,Pipistrellus nathusii,0.117,0.141,-1,Echolocation,/mnt/ubna_data_01_mir/recover-20220825/UBNA_002/20220823_033000.WAV,Telephone Field,recover-20220825,002,1795
1500.4915,1500.5238,68437,80418,Rhinolophus ferrumequinum,0.024,0.024,-1,Echolocation,/mnt/ubna_data_01_mir/recover-20220825/UBNA_002/20220823_033000.WAV,Telephone Field,recover-20220825,002,1795
1500.5905,1500.5996,28046,38294,Eptesicus serotinus,0.011,0.027,-1,Echolocation,/mnt/ubna_data_01_mir/recover-20220825/UBNA_002/20220823_033000.WAV,Telephone Field,recover-20220825,002,1795
1500.6145,1500.6201,34062,43805,Myotis daubentonii,0.008,0.023,-1,Echolocation,/mnt/ubna_data_01_mir/recover-20220825/UBNA_002/20220823_033000.WAV,Telephone Field,recover-20220825,002,1795
1500.6245,1500.6638,68437,82204,Rhinolophus ferrumequinum,0.023,0.023,-1,Echolocation,/mnt/ubna_data_01_mir/recover-20220825/UBNA_002/20220823_033000.WAV,Telephone Field,recover-20220825,002,1795
1500.6355,1500.6421,40078,52882,Myotis brandtii,0.01,0.027,-1,Echolocation,/mnt/ubna_data_01_mir/recover-20220825/UBNA_002/20220823_033000.WAV,Telephone Field,recover-20220825,002,1795
1500.7185,1500.7298,28046,33826,Eptesicus serotinus,0.019,0.035,-1,Echolocation,/mnt/ubna_data_01_mir/recover-20220825/UBNA_002/20220823_033000.WAV,Telephone Field,recover-20220825,002,1795
1500.7285,1500.769,68437,82864,Rhinolophus ferrumequinum,0.029,0.029,-1,Echolocation,/mnt/ubna_data_01_mir/recover-20220825/UBNA_002/20220823_033000.WAV,Telephone Field,recover-20220825,002,1795
1500.7355,1500.7773,68437,82730,Rhinolophus ferrumequinum,0.028,0.028,-1,Echolocation,/mnt/ubna_data_01_mir/recover-20220825/UBNA_002/20220823_033000.WAV,Telephone Field,recover-20220825,002,1795
1500.7545,1500.7658,22890,28345,Nyctalus leisleri,0.01,0.023,-1,Echolocation,/mnt/ubna_data_01_mir/recover-20220825/UBNA_002/20220823_033000.WAV,Telephone Field,recover-20220825,002,1795
1500.7655,1500.8031,68437,82072,Rhinolophus ferrumequinum,0.036,0.036,-1,Echolocation,/mnt/ubna_data_01_mir/recover-20220825/UBNA_002/20220823_033000.WAV,Telephone Field,recover-20220825,002,1795
1500.7725,1500.8139,68437,82673,Rhinolophus ferrumequinum,0.037,0.037,-1,Echolocation,/mnt/ubna_data_01_mir/recover-20220825/UBNA_002/20220823_033000.WAV,Telephone Field,recover-20220825,002,1795
1500.7735,1500.7801,48671,58821,Pipistrellus pipistrellus,0.018,0.024,-1,Echolocation,/mnt/ubna_data_01_mir/recover-20220825/UBNA_002/20220823_033000.WAV,Telephone Field,recover-20220825,002,1795
1500.8175,1500.8245,42656,48916,Pipistrellus nathusii,0.022,0.035,-1,Echolocation,/mnt/ubna_data_01_mir/recover-20220825/UBNA_002/20220823_033000.WAV,Telephone Field,recover-20220825,002,1795
1500.8185,1500.8244,32343,57936,Myotis daubentonii,0.01,0.027,-1,Echolocation,/mnt/ubna_data_01_mir/recover-20220825/UBNA_002/20220823_033000.WAV,Telephone Field,recover-20220825,002,1795
1500.8425,1500.853,23750,30769,Nyctalus leisleri,0.008,0.026,-1,Echolocation,/mnt/ubna_data_01_mir/recover-20220825/UBNA_002/20220823_033000.WAV,Telephone Field,recover-20220825,002,1795
1500.9085,1500.9157,42656,47028,Pipistrellus nathusii,0.062,0.078,-1,Echolocation,/mnt/ubna_data_01_mir/recover-20220825/UBNA_002/20220823_033000.WAV,Telephone Field,recover-20220825,002,1795
1500.9345,1500.943,27187,38155,Eptesicus serotinus,0.014,0.03,-1,Echolocation,/mnt/ubna_data_01_mir/recover-20220825/UBNA_002/20220823_033000.WAV,Telephone Field,recover-20220825,002,1795
1500.9405,1500.9472,54687,62804,Pipistrellus pygmaeus,0.028,0.029,-1,Echolocation,/mnt/ubna_data_01_mir/recover-20220825/UBNA_002/20220823_033000.WAV,Telephone Field,recover-20220825,002,1795
1500.9515,1500.9864,68437,80986,Rhinolophus ferrumequinum,0.023,0.023,-1,Echolocation,/mnt/ubna_data_01_mir/recover-20220825/UBNA_002/20220823_033000.WAV,Telephone Field,recover-20220825,002,1795
1500.9835,1500.9892,35781,51006,Myotis brandtii,0.011,0.028,-1,Echolocation,/mnt/ubna_data_01_mir/recover-20220825/UBNA_002/20220823_033000.WAV,Telephone Field,recover-20220825,002,1795
1501.0265,1501.035,26328,37626,Eptesicus serotinus,0.009,0.023,-1,Echolocation,/mnt/ubna_data_01_mir/recover-20220825/UBNA_002/20220823_033000.WAV,Telephone Field,recover-20220825,002,1795
1501.0715,1501.077,40078,52320,Pipistrellus nathusii,0.053,0.114,-1,Echolocation,/mnt/ubna_data_01_mir/recover-20220825/UBNA_002/20220823_033000.WAV,Telephone Field,recover-20220825,002,1795
1501.0905,1501.1306,68437,83092,Rhinolophus ferrumequinum,0.032,0.032,-1,Echolocation,/mnt/ubna_data_01_mir/recover-20220825/UBNA_002/20220823_033000.WAV,Telephone Field,recover-20220825,002,1795
1501.1015,1501.1433,68437,82508,Rhinolophus ferrumequinum,0.024,0.024,-1,Echolocation,/mnt/ubna_data_01_mir/recover-20220825/UBNA_002/20220823_033000.WAV,Telephone Field,recover-20220825,002,1795
1501.1065,1501.1489,68437,82338,Rhinolophus ferrumequinum,0.024,0.024,-1,Echolocation,/mnt/ubna_data_01_mir/recover-20220825/UBNA_002/20220823_033000.WAV,Telephone Field,recover-20220825,002,1795
1501.1195,1501.1576,68437,82627,Rhinolophus ferrumequinum,0.024,0.024,-1,Echolocation,/mnt/ubna_data_01_mir/recover-20220825/UBNA_002/20220823_033000.WAV,Telephone Field,recover-20220825,002,1795
1501.1485,1501.1887,68437,82604,Rhinolophus ferrumequinum,0.028,0.028,-1,Echolocation,/mnt/ubna_data_01_mir/recover-20220825/UBNA_002/20220823_033000.WAV,Telephone Field,recover-20220825,002,1795
1501.1515,1501.1576,42656,52290,Pipistrellus nathusii,0.205,0.237,-1,Echolocation,/mnt/ubna_data_01_mir/recover-20220825/UBNA_002/20220823_033000.WAV,Telephone Field,recover-20220825,002,1795
1501.1735,1501.2123,68437,81991,Rhinolophus ferrumequinum,0.023,0.023,-1,Echolocation,/mnt/ubna_data_01_mir/recover-20220825/UBNA_002/20220823_033000.WAV,Telephone Field,recover-20220825,002,1795
1501.1745,1501.1817,28906,45188,Myotis daubentonii,0.011,0.026,-1,Echolocation,/mnt/ubna_data_01_mir/recover-20220825/UBNA_002/20220823_033000.WAV,Telephone Field,recover-20220825,002,1795
1501.1955,1501.2052,42656,47677,Pipistrellus nathusii,0.045,0.057,-1,Echolocation,/mnt/ubna_data_01_mir/recover-20220825/UBNA_002/20220823_033000.WAV,Telephone Field,recover-20220825,002,1795
1501.1975,1501.204,34062,49249,Myotis brandtii,0.011,0.029,-1,Echolocation,/mnt/ubna_data_01_mir/recover-20220825/UBNA_002/20220823_033000.WAV,Telephone Field,recover-20220825,002,1795
1501.2225,1501.2284,42656,54126,Pipistrellus nathusii,0.329,0.4,-1,Echolocation,/mnt/ubna_data_01_mir/recover-20220825/UBNA_002/20220823_033000.WAV,Telephone Field,recover-20220825,002,1795
1501.2695,1501.2803,25468,31107,Nyctalus leisleri,0.008,0.024,-1,Echolocation,/mnt/ubna_data_01_mir/recover-20220825/UBNA_002/20220823_033000.WAV,Telephone Field,recover-20220825,002,1795
1501.2825,1501.289,40937,50467,Pipistrellus nathusii,0.294,0.437,-1,Echolocation,/mnt/ubna_data_01_mir/recover-20220825/UBNA_002/20220823_033000.WAV,Telephone Field,recover-20220825,002,1795
1501.2825,1501.3144,68437,79777,Rhinolophus ferrumequinum,0.027,0.027,-1,Echolocation,/mnt/ubna_data_01_mir/recover-20220825/UBNA_002/20220823_033000.WAV,Telephone Field,recover-20220825,002,1795
1501.2945,1501.3293,68437,81447,Rhinolophus ferrumequinum,0.023,0.023,-1,Echolocation,/mnt/ubna_data_01_mir/recover-20220825/UBNA_002/20220823_033000.WAV,Telephone Field,recover-20220825,002,1795
1501.3205,1501.3599,68437,81910,Rhinolophus ferrumequinum,0.028,0.028,-1,Echolocation,/mnt/ubna_data_01_mir/recover-20220825/UBNA_002/20220823_033000.WAV,Telephone Field,recover-20220825,002,1795
1501.3405,1501.3509,28046,35866,Eptesicus serotinus,0.016,0.028,-1,Echolocation,/mnt/ubna_data_01_mir/recover-20220825/UBNA_002/20220823_033000.WAV,Telephone Field,recover-20220825,002,1795
1501.3675,1501.3725,40937,51647,Pipistrellus nathusii,0.403,0.441,-1,Echolocation,/mnt/ubna_data_01_mir/recover-20220825/UBNA_002/20220823_033000.WAV,Telephone Field,recover-20220825,002,1795
1501.3775,1501.4152,68437,82343,Rhinolophus ferrumequinum,0.026,0.026,-1,Echolocation,/mnt/ubna_data_01_mir/recover-20220825/UBNA_002/20220823_033000.WAV,Telephone Field,recover-20220825,002,1795
1501.4155,1501.452,68437,82121,Rhinolophus ferrumequinum,0.023,0.023,-1,Echolocation,/mnt/ubna_data_01_mir/recover-20220825/UBNA_002/20220823_033000.WAV,Telephone Field,recover-20220825,002,1795
1501.4475,1501.4559,57265,65047,Pipistrellus pygmaeus,0.026,0.026,-1,Echolocation,/mnt/ubna_data_01_mir/recover-20220825/UBNA_002/20220823_033000.WAV,Telephone Field,recover-20220825,002,1795
1501.4535,1501.4599,42656,54133,Pipistrellus nathusii,0.34,0.451,-1,Echolocation,/mnt/ubna_data_01_mir/recover-20220825/UBNA_002/20220823_033000.WAV,Telephone Field,recover-20220825,002,1795
1501.4855,1501.5247,68437,82243,Rhinolophus ferrumequinum,0.023,0.023,-1,Echolocation,/mnt/ubna_data_01_mir/recover-20220825/UBNA_002/20220823_033000.WAV,Telephone Field,recover-20220825,002,1795
1501.5045,1501.5152,35781,41462,Pipistrellus nathusii,0.013,0.026,-1,Echolocation,/mnt/ubna_data_01_mir/recover-20220825/UBNA_002/20220823_033000.WAV,Telephone Field,recover-20220825,002,1795
1501.5245,1501.563,68437,82088,Rhinolophus ferrumequinum,0.024,0.024,-1,Echolocation,/mnt/ubna_data_01_mir/recover-20220825/UBNA_002/20220823_033000.WAV,Telephone Field,recover-20220825,002,1795
1501.5365,1501.544,40078,49190,Pipistrellus nathusii,0.232,0.452,-1,Echolocation,/mnt/ubna_data_01_mir/recover-20220825/UBNA_002/20220823_033000.WAV,Telephone Field,recover-20220825,002,1795
1501.5605,1501.578,15156,20419,Nyctalus noctula,0.025,0.033,-1,Echolocation,/mnt/ubna_data_01_mir/recover-20220825/UBNA_002/20220823_033000.WAV,Telephone Field,recover-20220825,002,1795
1501.5875,1501.5986,37500,41774,Pipistrellus nathusii,0.014,0.023,-1,Echolocation,/mnt/ubna_data_01_mir/recover-20220825/UBNA_002/20220823_033000.WAV,Telephone Field,recover-20220825,002,1795
1501.5985,1501.6382,68437,82122,Rhinolophus ferrumequinum,0.027,0.027,-1,Echolocation,/mnt/ubna_data_01_mir/recover-20220825/UBNA_002/20220823_033000.WAV,Telephone Field,recover-20220825,002,1795
1501.6075,1501.613,40937,58277,Pipistrellus nathusii,0.246,0.465,-1,Echolocation,/mnt/ubna_data_01_mir/recover-20220825/UBNA_002/20220823_033000.WAV,Telephone Field,recover-20220825,002,1795
1501.6495,1501.6554,36640,51625,Myotis brandtii,0.011,0.023,-1,Echolocation,/mnt/ubna_data_01_mir/recover-20220825/UBNA_002/20220823_033000.WAV,Telephone Field,recover-20220825,002,1795
1501.6875,1501.6936,40937,56737,Pipistrellus nathusii,0.326,0.467,-1,Echolocation,/mnt/ubna_data_01_mir/recover-20220825/UBNA_002/20220823_033000.WAV,Telephone Field,recover-20220825,002,1795
1501.7445,1501.753,28046,36688,Eptesicus serotinus,0.009,0.024,-1,Echolocation,/mnt/ubna_data_01_mir/recover-20220825/UBNA_002/20220823_033000.WAV,Telephone Field,recover-20220825,002,1795
1501.7465,1501.7849,68437,82302,Rhinolophus ferrumequinum,0.025,0.025,-1,Echolocation,/mnt/ubna_data_01_mir/recover-20220825/UBNA_002/20220823_033000.WAV,Telephone Field,recover-20220825,002,1795
1501.7625,1501.7685,40937,56393,Pipistrellus nathusii,0.41,0.52,-1,Echolocation,/mnt/ubna_data_01_mir/recover-20220825/UBNA_002/20220823_033000.WAV,Telephone Field,recover-20220825,002,1795
1501.7635,1501.7693,50390,54746,Pipistrellus pipistrellus,0.013,0.025,-1,Echolocation,/mnt/ubna_data_01_mir/recover-20220825/UBNA_002/20220823_033000.WAV,Telephone Field,recover-20220825,002,1795
1501.8385,1501.8445,40937,50415,Pipistrellus nathusii,0.396,0.414,-1,Echolocation,/mnt/ubna_data_01_mir/recover-20220825/UBNA_002/20220823_033000.WAV,Telephone Field,recover-20220825,002,1795
1501.8675,1501.9064,68437,82791,Rhinolophus ferrumequinum,0.037,0.038,-1,Echolocation,/mnt/ubna_data_01_mir/recover-20220825/UBNA_002/20220823_033000.WAV,Telephone Field,recover-20220825,002,1795
1501.8755,1501.9132,68437,82480,Rhinolophus ferrumequinum,0.026,0.026,-1,Echolocation,/mnt/ubna_data_01_mir/recover-20220825/UBNA_002/20220823_033000.WAV,Telephone Field,recover-20220825,002,1795
1501.9125,1501.9188,40937,59335,Myotis brandtii,0.142,0.39,-1,Echolocation,/mnt/ubna_data_01_mir/recover-20220825/UBNA_002/20220823_033000.WAV,Telephone Field,recover-20220825,002,1795
1501.9245,1501.9349,26328,31844,Eptesicus serotinus,0.011,0.026,-1,Echolocation,/mnt/ubna_data_01_mir/recover-20220825/UBNA_002/20220823_033000.WAV,Telephone Field,recover-20220825,002,1795
1501.9655,1501.9724,25468,35108,Eptesicus serotinus,0.007,0.027,-1,Echolocation,/mnt/ubna_data_01_mir/recover-20220825/UBNA_002/20220823_033000.WAV,Telephone Field,recover-20220825,002,1795
1501.9935,1501.9998,39218,55400,Pipistrellus nathusii,0.255,0.438,-1,Echolocation,/mnt/ubna_data_01_mir/recover-20220825/UBNA_002/20220823_033000.WAV,Telephone Field,recover-20220825,002,1795
1502.0015,1502.0318,68437,80140,Rhinolophus ferrumequinum,0.033,0.034,-1,Echolocation,/mnt/ubna_data_01_mir/recover-20220825/UBNA_002/20220823_033000.WAV,Telephone Field,recover-20220825,002,1795
1502.0015,1502.0098,26328,33884,Nyctalus leisleri,0.013,0.038,-1,Echolocation,/mnt/ubna_data_01_mir/recover-20220825/UBNA_002/20220823_033000.WAV,Telephone Field,recover-20220825,002,1795
1502.0015,1502.008,42656,52118,Pipistrellus pipistrellus,0.007,0.024,-1,Echolocation,/mnt/ubna_data_01_mir/recover-20220825/UBNA_002/20220823_033000.WAV,Telephone Field,recover-20220825,002,1795
1502.0015,1502.0082,47812,55585,Pipistrellus pipistrellus,0.022,0.029,-1,Echolocation,/mnt/ubna_data_01_mir/recover-20220825/UBNA_002/20220823_033000.WAV,Telephone Field,recover-20220825,002,1795
1502.0065,1502.0161,28046,35857,Eptesicus serotinus,0.009,0.024,-1,Echolocation,/mnt/ubna_data_01_mir/recover-20220825/UBNA_002/20220823_033000.WAV,Telephone Field,recover-20220825,002,1795
1502.0125,1502.0201,55546,62182,Pipistrellus pygmaeus,0.032,0.032,-1,Echolocation,/mnt/ubna_data_01_mir/recover-20220825/UBNA_002/20220823_033000.WAV,Telephone Field,recover-20220825,002,1795
1502.0475,1502.0584,28046,35494,Eptesicus serotinus,0.012,0.03,-1,Echolocation,/mnt/ubna_data_01_mir/recover-20220825/UBNA_002/20220823_033000.WAV,Telephone Field,recover-20220825,002,1795
1502.0475,1502.0547,54687,62583,Pipistrellus pygmaeus,0.029,0.03,-1,Echolocation,/mnt/ubna_data_01_mir/recover-20220825/UBNA_002/20220823_033000.WAV,Telephone Field,recover-20220825,002,1795
1502.0525,1502.0586,35781,51635,Myotis brandtii,0.01,0.024,-1,Echolocation,/mnt/ubna_data_01_mir/recover-20220825/UBNA_002/20220823_033000.WAV,Telephone Field,recover-20220825,002,1795
1502.0535,1502.0608,40937,51475,Pipistrellus nathusii,0.008,0.025,-1,Echolocation,/mnt/ubna_data_01_mir/recover-20220825/UBNA_002/20220823_033000.WAV,Telephone Field,recover-20220825,002,1795
1502.0585,1502.0663,28906,37301,Eptesicus serotinus,0.009,0.027,-1,Echolocation,/mnt/ubna_data_01_mir/recover-20220825/UBNA_002/20220823_033000.WAV,Telephone Field,recover-20220825,002,1795
1502.0605,1502.0692,54687,63245,Pipistrellus pygmaeus,0.023,0.024,-1,Echolocation,/mnt/ubna_data_01_mir/recover-20220825/UBNA_002/20220823_033000.WAV,Telephone Field,recover-20220825,002,1795
1502.0715,1502.078,34062,71005,Myotis brandtii,0.038,0.068,-1,Echolocation,/mnt/ubna_data_01_mir/recover-20220825/UBNA_002/20220823_033000.WAV,Telephone Field,recover-20220825,002,1795
1502.0725,1502.0796,41796,63014,Pipistrellus nathusii,0.587,0.602,-1,Echolocation,/mnt/ubna_data_01_mir/recover-20220825/UBNA_002/20220823_033000.WAV,Telephone Field,recover-20220825,002,1795
1502.0805,1502.0866,39218,50409,Myotis brandtii,0.011,0.024,-1,Echolocation,/mnt/ubna_data_01_mir/recover-20220825/UBNA_002/20220823_033000.WAV,Telephone Field,recover-20220825,002,1795
1502.1325,1502.1408,42656,51427,Pipistrellus pipistrellus,0.01,0.023,-1,Echolocation,/mnt/ubna_data_01_mir/recover-20220825/UBNA_002/20220823_033000.WAV,Telephone Field,recover-20220825,002,1795
1502.1485,1502.1585,52968,58824,Pipistrellus pygmaeus,0.031,0.032,-1,Echolocation,/mnt/ubna_data_01_mir/recover-20220825/UBNA_002/20220823_033000.WAV,Telephone Field,recover-20220825,002,1795
1502.1535,1502.1604,38359,60441,Pipistrellus nathusii,0.349,0.522,-1,Echolocation,/mnt/ubna_data_01_mir/recover-20220825/UBNA_002/20220823_033000.WAV,Telephone Field,recover-20220825,002,1795
1502.1535,1502.1587,28046,78506,Myotis bechsteinii,0.125,0.163,-1,Echolocation,/mnt/ubna_data_01_mir/recover-20220825/UBNA_002/20220823_033000.WAV,Telephone Field,recover-20220825,002,1795
1502.1625,1502.1691,27187,38508,Eptesicus serotinus,0.006,0.027,-1,Echolocation,/mnt/ubna_data_01_mir/recover-20220825/UBNA_002/20220823_033000.WAV,Telephone Field,recover-20220825,002,1795
1502.1625,1502.1681,33203,44268,Myotis daubentonii,0.009,0.024,-1,Echolocation,/mnt/ubna_data_01_mir/recover-20220825/UBNA_002/20220823_033000.WAV,Telephone Field,recover-20220825,002,1795
1502.1865,1502.1949,54687,60437,Pipistrellus pygmaeus,0.021,0.023,-1,Echolocation,/mnt/ubna_data_01_mir/recover-20220825/UBNA_002/20220823_033000.WAV,Telephone Field,recover-20220825,002,1795
1502.2015,1502.2108,40078,45945,Pipistrellus nathusii,0.015,0.027,-1,Echolocation,/mnt/ubna_data_01_mir/recover-20220825/UBNA_002/20220823_033000.WAV,Telephone Field,recover-20220825,002,1795
1502.2275,1502.2346,37500,48643,Myotis brandtii,0.007,0.026,-1,Echolocation,/mnt/ubna_data_01_mir/recover-20220825/UBNA_002/20220823_033000.WAV,Telephone Field,recover-20220825,002,1795
1502.2275,1502.2331,31484,43361,Myotis daubentonii,0.009,0.027,-1,Echolocation,/mnt/ubna_data_01_mir/recover-20220825/UBNA_002/20220823_033000.WAV,Telephone Field,recover-20220825,002,1795
1502.2405,1502.2461,28906,84108,Myotis bechsteinii,0.134,0.176,-1,Echolocation,/mnt/ubna_data_01_mir/recover-20220825/UBNA_002/20220823_033000.WAV,Telephone Field,recover-20220825,002,1795
1502.2405,1502.2472,37500,63466,Pipistrellus nathusii,0.197,0.388,-1,Echolocation,/mnt/ubna_data_01_mir/recover-20220825/UBNA_002/20220823_033000.WAV,Telephone Field,recover-20220825,002,1795
1502.2505,1502.2592,28046,36661,Eptesicus serotinus,0.011,0.029,-1,Echolocation,/mnt/ubna_data_01_mir/recover-20220825/UBNA_002/20220823_033000.WAV,Telephone Field,recover-20220825,002,1795
1502.2545,1502.2876,68437,82242,Rhinolophus ferrumequinum,0.023,0.023,-1,Echolocation,/mnt/ubna_data_01_mir/recover-20220825/UBNA_002/20220823_033000.WAV,Telephone Field,recover-20220825,002,1795
1502.3035,1502.3103,56406,63714,Pipistrellus pygmaeus,0.022,0.022,-1,Echolocation,/mnt/ubna_data_01_mir/recover-20220825/UBNA_002/20220823_033000.WAV,Telephone Field,recover-20220825,002,1795
1502.3225,1502.329,47812,55447,Pipistrellus pipistrellus,0.017,0.03,-1,Echolocation,/mnt/ubna_data_01_mir/recover-20220825/UBNA_002/20220823_033000.WAV,Telephone Field,recover-20220825,002,1795
1502.3235,1502.3293,28906,78383,Myotis bechsteinii,0.132,0.182,-1,Echolocation,/mnt/ubna_data_01_mir/recover-20220825/UBNA_002/20220823_033000.WAV,Telephone Field,recover-20220825,002,1795
1502.3245,1502.3308,35781,60195,Pipistrellus nathusii,0.371,0.512,-1,Echolocation,/mnt/ubna_data_01_mir/recover-20220825/UBNA_002/20220823_033000.WAV,Telephone Field,recover-20220825,002,1795
1502.3335,1502.3408,27187,36637,Eptesicus serotinus,0.007,0.025,-1,Echolocation,/mnt/ubna_data_01_mir/recover-20220825/UBNA_002/20220823_033000.WAV,Telephone Field,recover-20220825,002,1795
1502.3955,1502.4002,33203,43640,Myotis daubentonii,0.016,0.037,-1,Echolocation,/mnt/ubna_data_01_mir/recover-20220825/UBNA_002/20220823_033000.WAV,Telephone Field,recover-20220825,002,1795
1502.4075,1502.4198,54687,61089,Pipistrellus pygmaeus,0.022,0.023,-1,Echolocation,/mnt/ubna_data_01_mir/recover-20220825/UBNA_002/20220823_033000.WAV,Telephone Field,recover-20220825,002,1795
1502.4075,1502.4153,49531,56793,Pipistrellus pipistrellus,0.013,0.026,-1,Echolocation,/mnt/ubna_data_01_mir/recover-20220825/UBNA_002/20220823_033000.WAV,Telephone Field,recover-20220825,002,1795
1502.4095,1502.4148,29765,83381,Myotis bechsteinii,0.068,0.108,-1,Echolocation,/mnt/ubna_data_01_mir/recover-20220825/UBNA_002/20220823_033000.WAV,Telephone Field,recover-20220825,002,1795
1502.4105,1502.4175,40078,64699,Pipistrellus nathusii,0.406,0.508,-1,Echolocation,/mnt/ubna_data_01_mir/recover-20220825/UBNA_002/20220823_033000.WAV,Telephone Field,recover-20220825,002,1795
1502.4195,1502.4268,28046,38114,Eptesicus serotinus,0.007,0.023,-1,Echolocation,/mnt/ubna_data_01_mir/recover-20220825/UBNA_002/20220823_033000.WAV,Telephone Field,recover-20220825,002,1795
1502.4415,1502.4489,57265,63843,Pipistrellus pygmaeus,0.024,0.024,-1,Echolocation,/mnt/ubna_data_01_mir/recover-20220825/UBNA_002/20220823_033000.WAV,Telephone Field,recover-20220825,002,1795
1502.4715,1502.4816,43515,52275,Pipistrellus pipistrellus,0.015,0.033,-1,Echolocation,/mnt/ubna_data_01_mir/recover-20220825/UBNA_002/20220823_033000.WAV,Telephone Field,recover-20220825,002,1795
1502.4955,1502.5012,29765,84680,Myotis bechsteinii,0.113,0.149,-1,Echolocation,/mnt/ubna_data_01_mir/recover-20220825/UBNA_002/20220823_033000.WAV,Telephone Field,recover-20220825,002,1795
1502.4955,1502.5019,38359,65818,Pipistrellus nathusii,0.311,0.47,-1,Echolocation,/mnt/ubna_data_01_mir/recover-20220825/UBNA_002/20220823_033000.WAV,Telephone Field,recover-20220825,002,1795
1502.5055,1502.5136,32343,39949,Myotis daubentonii,0.014,0.037,-1,Echolocation,/mnt/ubna_data_01_mir/recover-20220825/UBNA_002/20220823_033000.WAV,Telephone Field,recover-20220825,002,1795
1502.5485,1502.556,45234,52670,Pipistrellus pipistrellus,0.018,0.026,-1,Echolocation,/mnt/ubna_data_01_mir/recover-20220825/UBNA_002/20220823_033000.WAV,Telephone Field,recover-20220825,002,1795
1502.5495,1502.5553,33203,59163,Myotis brandtii,0.015,0.028,-1,Echolocation,/mnt/ubna_data_01_mir/recover-20220825/UBNA_002/20220823_033000.WAV,Telephone Field,recover-20220825,002,1795
1502.5655,1502.5722,25468,34453,Plecotus austriacus,0.011,0.031,-1,Echolocation,/mnt/ubna_data_01_mir/recover-20220825/UBNA_002/20220823_033000.WAV,Telephone Field,recover-20220825,002,1795
1502.5785,1502.5854,49531,54953,Pipistrellus pipistrellus,0.018,0.031,-1,Echolocation,/mnt/ubna_data_01_mir/recover-20220825/UBNA_002/20220823_033000.WAV,Telephone Field,recover-20220825,002,1795
1502.5795,1502.5848,29765,80355,Myotis bechsteinii,0.095,0.126,-1,Echolocation,/mnt/ubna_data_01_mir/recover-20220825/UBNA_002/20220823_033000.WAV,Telephone Field,recover-20220825,002,1795
1502.5795,1502.5869,38359,64443,Pipistrellus nathusii,0.413,0.544,-1,Echolocation,/mnt/ubna_data_01_mir/recover-20220825/UBNA_002/20220823_033000.WAV,Telephone Field,recover-20220825,002,1795
1502.5895,1502.5973,28046,37039,Eptesicus serotinus,0.007,0.024,-1,Echolocation,/mnt/ubna_data_01_mir/recover-20220825/UBNA_002/20220823_033000.WAV,Telephone Field,recover-20220825,002,1795
1502.5955,1502.6057,28046,35180,Eptesicus serotinus,0.009,0.024,-1,Echolocation,/mnt/ubna_data_01_mir/recover-20220825/UBNA_002/20220823_033000.WAV,Telephone Field,recover-20220825,002,1795
1502.6585,1502.6711,39218,43481,Pipistrellus nathusii,0.11,0.12,-1,Echolocation,/mnt/ubna_data_01_mir/recover-20220825/UBNA_002/20220823_033000.WAV,Telephone Field,recover-20220825,002,1795
1502.6745,1502.6825,28046,34642,Eptesicus serotinus,0.008,0.024,-1,Echolocation,/mnt/ubna_data_01_mir/recover-20220825/UBNA_002/20220823_033000.WAV,Telephone Field,recover-20220825,002,1795
1502.6855,1502.6923,40078,63439,Pipistrellus nathusii,0.271,0.349,-1,Echolocation,/mnt/ubna_data_01_mir/recover-20220825/UBNA_002/20220823_033000.WAV,Telephone Field,recover-20220825,002,1795
1502.6855,1502.6911,29765,84368,Myotis bechsteinii,0.114,0.178,-1,Echolocation,/mnt/ubna_data_01_mir/recover-20220825/UBNA_002/20220823_033000.WAV,Telephone Field,recover-20220825,002,1795
1502.7275,1502.7373,23750,30444,Nyctalus leisleri,0.009,0.029,-1,Echolocation,/mnt/ubna_data_01_mir/recover-20220825/UBNA_002/20220823_033000.WAV,Telephone Field,recover-20220825,002,1795
1502.7425,1502.7492,38359,60388,Pipistrellus nathusii,0.243,0.316,-1,Echolocation,/mnt/ubna_data_01_mir/recover-20220825/UBNA_002/20220823_033000.WAV,Telephone Field,recover-20220825,002,1795
1502.7515,1502.7593,28046,35446,Eptesicus serotinus,0.009,0.029,-1,Echolocation,/mnt/ubna_data_01_mir/recover-20220825/UBNA_002/20220823_033000.WAV,Telephone Field,recover-20220825,002,1795
1502.7665,1502.7736,24609,33897,Plecotus austriacus,0.008,0.023,-1,Echolocation,/mnt/ubna_data_01_mir/recover-20220825/UBNA_002/20220823_033000.WAV,Telephone Field,recover-20220825,002,1795
1502.7955,1502.8033,28046,49804,Eptesicus serotinus,0.008,0.023,-1,Echolocation,/mnt/ubna_data_01_mir/recover-20220825/UBNA_002/20220823_033000.WAV,Telephone Field,recover-20220825,002,1795
1502.7955,1502.8017,33203,55212,Myotis brandtii,0.008,0.023,-1,Echolocation,/mnt/ubna_data_01_mir/recover-20220825/UBNA_002/20220823_033000.WAV,Telephone Field,recover-20220825,002,1795
1502.8215,1502.8287,50390,57841,Pipistrellus pygmaeus,0.025,0.039,-1,Echolocation,/mnt/ubna_data_01_mir/recover-20220825/UBNA_002/20220823_033000.WAV,Telephone Field,recover-20220825,002,1795
1502.8235,1502.8293,29765,81367,Myotis bechsteinii,0.093,0.126,-1,Echolocation,/mnt/ubna_data_01_mir/recover-20220825/UBNA_002/20220823_033000.WAV,Telephone Field,recover-20220825,002,1795
1502.8245,1502.8317,38359,65439,Pipistrellus nathusii,0.407,0.497,-1,Echolocation,/mnt/ubna_data_01_mir/recover-20220825/UBNA_002/20220823_033000.WAV,Telephone Field,recover-20220825,002,1795
1502.8325,1502.838,32343,42997,Myotis daubentonii,0.009,0.023,-1,Echolocation,/mnt/ubna_data_01_mir/recover-20220825/UBNA_002/20220823_033000.WAV,Telephone Field,recover-20220825,002,1795
1502.8335,1502.841,28046,36515,Eptesicus serotinus,0.008,0.025,-1,Echolocation,/mnt/ubna_data_01_mir/recover-20220825/UBNA_002/20220823_033000.WAV,Telephone Field,recover-20220825,002,1795
1502.8615,1502.8714,28046,37448,Eptesicus serotinus,0.015,0.03,-1,Echolocation,/mnt/ubna_data_01_mir/recover-20220825/UBNA_002/20220823_033000.WAV,Telephone Field,recover-20220825,002,1795
1502.8845,1502.8914,28906,40792,Eptesicus serotinus,0.011,0.034,-1,Echolocation,/mnt/ubna_data_01_mir/recover-20220825/UBNA_002/20220823_033000.WAV,Telephone Field,recover-20220825,002,1795
1502.9145,1502.9215,48671,56475,Pipistrellus pipistrellus,0.016,0.03,-1,Echolocation,/mnt/ubna_data_01_mir/recover-20220825/UBNA_002/20220823_033000.WAV,Telephone Field,recover-20220825,002,1795
1502.9155,1502.9227,39218,67933,Pipistrellus nathusii,0.528,0.605,-1,Echolocation,/mnt/ubna_data_01_mir/recover-20220825/UBNA_002/20220823_033000.WAV,Telephone Field,recover-20220825,002,1795
1502.9155,1502.9218,30625,75522,Myotis bechsteinii,0.031,0.055,-1,Echolocation,/mnt/ubna_data_01_mir/recover-20220825/UBNA_002/20220823_033000.WAV,Telephone Field,recover-20220825,002,1795
1502.9255,1502.9347,27187,35997,Eptesicus serotinus,0.01,0.029,-1,Echolocation,/mnt/ubna_data_01_mir/recover-20220825/UBNA_002/20220823_033000.WAV,Telephone Field,recover-20220825,002,1795
1502.9535,1502.9605,49531,56861,Pipistrellus pipistrellus,0.019,0.023,-1,Echolocation,/mnt/ubna_data_01_mir/recover-20220825/UBNA_002/20220823_033000.WAV,Telephone Field,recover-20220825,002,1795
1502.9555,1502.962,45234,55575,Pipistrellus pipistrellus,0.015,0.024,-1,Echolocation,/mnt/ubna_data_01_mir/recover-20220825/UBNA_002/20220823_033000.WAV,Telephone Field,recover-20220825,002,1795
1502.9955,1503.0027,28046,34932,Eptesicus serotinus,0.007,0.023,-1,Echolocation,/mnt/ubna_data_01_mir/recover-20220825/UBNA_002/20220823_033000.WAV,Telephone Field,recover-20220825,002,1795
1503.0035,1503.0128,53828,60727,Pipistrellus pygmaeus,0.024,0.026,-1,Echolocation,/mnt/ubna_data_01_mir/recover-20220825/UBNA_002/20220823_033000.WAV,Telephone Field,recover-20220825,002,1795
1503.0075,1503.0133,29765,75437,Myotis bechsteinii,0.054,0.088,-1,Echolocation,/mnt/ubna_data_01_mir/recover-20220825/UBNA_002/20220823_033000.WAV,Telephone Field,recover-20220825,002,1795
1503.0085,1503.0159,38359,62556,Pipistrellus nathusii,0.59,0.623,-1,Echolocation,/mnt/ubna_data_01_mir/recover-20220825/UBNA_002/20220823_033000.WAV,Telephone Field,recover-20220825,002,1795
1503.0095,1503.0158,49531,56171,Pipistrellus pipistrellus,0.014,0.026,-1,Echolocation,/mnt/ubna_data_01_mir/recover-20220825/UBNA_002/20220823_033000.WAV,Telephone Field,recover-20220825,002,1795
1503.0165,1503.0242,38359,46728,Pipistrellus nathusii,0.036,0.052,-1,Echolocation,/mnt/ubna_data_01_mir/recover-20220825/UBNA_002/20220823_033000.WAV,Telephone Field,recover-20220825,002,1795
1503.0815,1503.0886,58984,65428,Pipistrellus pygmaeus,0.023,0.023,-1,Echolocation,/mnt/ubna_data_01_mir/recover-20220825/UBNA_002/20220823_033000.WAV,Telephone Field,recover-20220825,002,1795
1503.0955,1503.101,30625,68783,Myotis brandtii,0.019,0.039,-1,Echolocation,/mnt/ubna_data_01_mir/recover-20220825/UBNA_002/20220823_033000.WAV,Telephone Field,recover-20220825,002,1795
1503.0975,1503.1067,49531,59195,Pipistrellus pipistrellus,0.017,0.03,-1,Echolocation,/mnt/ubna_data_01_mir/recover-20220825/UBNA_002/20220823_033000.WAV,Telephone Field,recover-20220825,002,1795
1503.0975,1503.1049,40078,62085,Pipistrellus nathusii,0.719,0.75,-1,Echolocation,/mnt/ubna_data_01_mir/recover-20220825/UBNA_002/20220823_033000.WAV,Telephone Field,recover-20220825,002,1795
1503.1065,1503.1128,38359,50972,Myotis brandtii,0.012,0.025,-1,Echolocation,/mnt/ubna_data_01_mir/recover-20220825/UBNA_002/20220823_033000.WAV,Telephone Field,recover-20220825,002,1795
1503.1145,1503.148,68437,81566,Rhinolophus ferrumequinum,0.022,0.022,-1,Echolocation,/mnt/ubna_data_01_mir/recover-20220825/UBNA_002/20220823_033000.WAV,Telephone Field,recover-20220825,002,1795
1503.1775,1503.1851,28046,35909,Eptesicus serotinus,0.007,0.023,-1,Echolocation,/mnt/ubna_data_01_mir/recover-20220825/UBNA_002/20220823_033000.WAV,Telephone Field,recover-20220825,002,1795
1503.1905,1503.1978,36640,62873,Pipistrellus nathusii,0.529,0.592,-1,Echolocation,/mnt/ubna_data_01_mir/recover-20220825/UBNA_002/20220823_033000.WAV,Telephone Field,recover-20220825,002,1795
1503.1905,1503.1974,52968,59304,Pipistrellus pygmaeus,0.029,0.046,-1,Echolocation,/mnt/ubna_data_01_mir/recover-20220825/UBNA_002/20220823_033000.WAV,Telephone Field,recover-20220825,002,1795
1503.2005,1503.2061,34921,53937,Myotis brandtii,0.013,0.027,-1,Echolocation,/mnt/ubna_data_01_mir/recover-20220825/UBNA_002/20220823_033000.WAV,Telephone Field,recover-20220825,002,1795
1503.2065,1503.2421,68437,82398,Rhinolophus ferrumequinum,0.023,0.023,-1,Echolocation,/mnt/ubna_data_01_mir/recover-20220825/UBNA_002/20220823_033000.WAV,Telephone Field,recover-20220825,002,1795
1503.2325,1503.2404,47812,52778,Pipistrellus pipistrellus,0.02,0.023,-1,Echolocation,/mnt/ubna_data_01_mir/recover-20220825/UBNA_002/20220823_033000.WAV,Telephone Field,recover-20220825,002,1795
1503.2705,1503.2801,43515,52081,Pipistrellus pipistrellus,0.013,0.027,-1,Echolocation,/mnt/ubna_data_01_mir/recover-20220825/UBNA_002/20220823_033000.WAV,Telephone Field,recover-20220825,002,1795
1503.2755,1503.2868,25468,31849,Eptesicus serotinus,0.016,0.041,-1,Echolocation,/mnt/ubna_data_01_mir/recover-20220825/UBNA_002/20220823_033000.WAV,Telephone Field,recover-20220825,002,1795
1503.2815,1503.317,68437,82095,Rhinolophus ferrumequinum,0.023,0.023,-1,Echolocation,/mnt/ubna_data_01_mir/recover-20220825/UBNA_002/20220823_033000.WAV,Telephone Field,recover-20220825,002,1795
1503.3075,1503.32,54687,60962,Pipistrellus pygmaeus,0.022,0.024,-1,Echolocation,/mnt/ubna_data_01_mir/recover-20220825/UBNA_002/20220823_033000.WAV,Telephone Field,recover-20220825,002,1795
1503.3095,1503.3155,29765,68699,Myotis bechsteinii,0.02,0.04,-1,Echolocation,/mnt/ubna_data_01_mir/recover-20220825/UBNA_002/20220823_033000.WAV,Telephone Field,recover-20220825,002,1795
1503.3115,1503.3186,37500,62198,Pipistrellus nathusii,0.626,0.665,-1,Echolocation,/mnt/ubna_data_01_mir/recover-20220825/UBNA_002/20220823_033000.WAV,Telephone Field,recover-20220825,002,1795
1503.3125,1503.3205,47812,56547,Pipistrellus pipistrellus,0.012,0.027,-1,Echolocation,/mnt/ubna_data_01_mir/recover-20220825/UBNA_002/20220823_033000.WAV,Telephone Field,recover-20220825,002,1795
1503.3795,1503.3872,28906,38976,Eptesicus serotinus,0.006,0.023,-1,Echolocation,/mnt/ubna_data_01_mir/recover-20220825/UBNA_002/20220823_033000.WAV,Telephone Field,recover-20220825,002,1795
1503.3895,1503.396,47812,56753,Pipistrellus pipistrellus,0.022,0.029,-1,Echolocation,/mnt/ubna_data_01_mir/recover-20220825/UBNA_002/20220823_033000.WAV,Telephone Field,recover-20220825,002,1795
1503.3975,1503.4046,31484,69282,Myotis bechsteinii,0.024,0.048,-1,Echolocation,/mnt/ubna_data_01_mir/recover-20220825/UBNA_002/20220823_033000.WAV,Telephone Field,recover-20220825,002,1795
1503.3985,1503.4073,38359,65638,Pipistrellus nathusii,0.482,0.595,-1,Echolocation,/mnt/ubna_data_01_mir/recover-20220825/UBNA_002/20220823_033000.WAV,Telephone Field,recover-20220825,002,1795
1503.4035,1503.4124,21171,35248,Plecotus austriacus,0.007,0.023,-1,Echolocation,/mnt/ubna_data_01_mir/recover-20220825/UBNA_002/20220823_033000.WAV,Telephone Field,recover-20220825,002,1795
1503.4075,1503.4133,37500,50852,Myotis brandtii,0.019,0.041,-1,Echolocation,/mnt/ubna_data_01_mir/recover-20220825/UBNA_002/20220823_033000.WAV,Telephone Field,recover-20220825,002,1795
1503.4125,1503.4439,68437,80947,Rhinolophus ferrumequinum,0.024,0.024,-1,Echolocation,/mnt/ubna_data_01_mir/recover-20220825/UBNA_002/20220823_033000.WAV,Telephone Field,recover-20220825,002,1795
1503.4775,1503.4854,52109,56714,Pipistrellus pygmaeus,0.046,0.049,-1,Echolocation,/mnt/ubna_data_01_mir/recover-20220825/UBNA_002/20220823_033000.WAV,Telephone Field,recover-20220825,002,1795
1503.4865,1503.4939,37500,65217,Pipistrellus nathusii,0.559,0.633,-1,Echolocation,/mnt/ubna_data_01_mir/recover-20220825/UBNA_002/20220823_033000.WAV,Telephone Field,recover-20220825,002,1795
1503.4875,1503.4936,49531,60544,Pipistrellus pipistrellus,0.015,0.031,-1,Echolocation,/mnt/ubna_data_01_mir/recover-20220825/UBNA_002/20220823_033000.WAV,Telephone Field,recover-20220825,002,1795
1503.4965,1503.5018,34921,53118,Myotis brandtii,0.014,0.029,-1,Echolocation,/mnt/ubna_data_01_mir/recover-20220825/UBNA_002/20220823_033000.WAV,Telephone Field,recover-20220825,002,1795
1503.5265,1503.534,49531,56006,Pipistrellus pipistrellus,0.021,0.026,-1,Echolocation,/mnt/ubna_data_01_mir/recover-20220825/UBNA_002/20220823_033000.WAV,Telephone Field,recover-20220825,002,1795
1503.5745,1503.5821,38359,68274,Pipistrellus nathusii,0.585,0.64,-1,Echolocation,/mnt/ubna_data_01_mir/recover-20220825/UBNA_002/20220823_033000.WAV,Telephone Field,recover-20220825,002,1795
1503.5745,1503.5811,51250,59218,Pipistrellus pipistrellus,0.028,0.046,-1,Echolocation,/mnt/ubna_data_01_mir/recover-20220825/UBNA_002/20220823_033000.WAV,Telephone Field,recover-20220825,002,1795
1503.5835,1503.5896,38359,50814,Myotis brandtii,0.015,0.035,-1,Echolocation,/mnt/ubna_data_01_mir/recover-20220825/UBNA_002/20220823_033000.WAV,Telephone Field,recover-20220825,002,1795
1503.5855,1503.5936,28046,37369,Eptesicus serotinus,0.007,0.025,-1,Echolocation,/mnt/ubna_data_01_mir/recover-20220825/UBNA_002/20220823_033000.WAV,Telephone Field,recover-20220825,002,1795
1503.6165,1503.6338,22031,25873,Nyctalus leisleri,0.017,0.033,-1,Echolocation,/mnt/ubna_data_01_mir/recover-20220825/UBNA_002/20220823_033000.WAV,Telephone Field,recover-20220825,002,1795
1503.6335,1503.6418,28046,38571,Eptesicus serotinus,0.009,0.025,-1,Echolocation,/mnt/ubna_data_01_mir/recover-20220825/UBNA_002/20220823_033000.WAV,Telephone Field,recover-20220825,002,1795
1503.6575,1503.6646,48671,56513,Pipistrellus pipistrellus,0.028,0.05,-1,Echolocation,/mnt/ubna_data_01_mir/recover-20220825/UBNA_002/20220823_033000.WAV,Telephone Field,recover-20220825,002,1795
1503.6605,1503.669,35781,67877,Pipistrellus nathusii,0.36,0.503,-1,Echolocation,/mnt/ubna_data_01_mir/recover-20220825/UBNA_002/20220823_033000.WAV,Telephone Field,recover-20220825,002,1795
1503.6705,1503.677,26328,37264,Eptesicus serotinus,0.004,0.023,-1,Echolocation,/mnt/ubna_data_01_mir/recover-20220825/UBNA_002/20220823_033000.WAV,Telephone Field,recover-20220825,002,1795
1503.6765,1503.7065,68437,81242,Rhinolophus ferrumequinum,0.024,0.025,-1,Echolocation,/mnt/ubna_data_01_mir/recover-20220825/UBNA_002/20220823_033000.WAV,Telephone Field,recover-20220825,002,1795
1503.7415,1503.7465,50390,56796,Pipistrellus pipistrellus,0.031,0.049,-1,Echolocation,/mnt/ubna_data_01_mir/recover-20220825/UBNA_002/20220823_033000.WAV,Telephone Field,recover-20220825,002,1795
1503.7475,1503.7557,38359,66004,Pipistrellus nathusii,0.624,0.666,-1,Echolocation,/mnt/ubna_data_01_mir/recover-20220825/UBNA_002/20220823_033000.WAV,Telephone Field,recover-20220825,002,1795
1503.7615,1503.7932,68437,80843,Rhinolophus ferrumequinum,0.023,0.023,-1,Echolocation,/mnt/ubna_data_01_mir/recover-20220825/UBNA_002/20220823_033000.WAV,Telephone Field,recover-20220825,002,1795
1503.8305,1503.8392,52109,57001,Pipistrellus pygmaeus,0.055,0.061,-1,Echolocation,/mnt/ubna_data_01_mir/recover-20220825/UBNA_002/20220823_033000.WAV,Telephone Field,recover-20220825,002,1795
1503.8335,1503.8408,35781,65506,Pipistrellus nathusii,0.365,0.54,-1,Echolocation,/mnt/ubna_data_01_mir/recover-20220825/UBNA_002/20220823_033000.WAV,Telephone Field,recover-20220825,002,1795
1503.8355,1503.8412,50390,56814,Pipistrellus pipistrellus,0.028,0.057,-1,Echolocation,/mnt/ubna_data_01_mir/recover-20220825/UBNA_002/20220823_033000.WAV,Telephone Field,recover-20220825,002,1795
1503.8435,1503.8505,27187,38108,Eptesicus serotinus,0.007,0.026,-1,Echolocation,/mnt/ubna_data_01_mir/recover-20220825/UBNA_002/20220823_033000.WAV,Telephone Field,recover-20220825,002,1795
1503.9035,1503.9106,40078,59148,Pipistrellus nathusii,0.638,0.692,-1,Echolocation,/mnt/ubna_data_01_mir/recover-20220825/UBNA_002/20220823_033000.WAV,Telephone Field,recover-20220825,002,1795
1503.9045,1503.9104,30625,69696,Myotis brandtii,0.025,0.056,-1,Echolocation,/mnt/ubna_data_01_mir/recover-20220825/UBNA_002/20220823_033000.WAV,Telephone Field,recover-20220825,002,1795
1503.9125,1503.9187,38359,52695,Myotis brandtii,0.015,0.027,-1,Echolocation,/mnt/ubna_data_01_mir/recover-20220825/UBNA_002/20220823_033000.WAV,Telephone Field,recover-20220825,002,1795
1503.9785,1503.993,22031,25848,Nyctalus leisleri,0.02,0.034,-1,Echolocation,/mnt/ubna_data_01_mir/recover-20220825/UBNA_002/20220823_033000.WAV,Telephone Field,recover-20220825,002,1795
1504.0015,1504.026,69296,81328,Rhinolophus ferrumequinum,0.023,0.023,-1,Echolocation,/mnt/ubna_data_01_mir/recover-20220825/UBNA_002/20220823_033000.WAV,Telephone Field,recover-20220825,002,1795
1504.0015,1504.0099,22890,30735,Nyctalus leisleri,0.009,0.029,-1,Echolocation,/mnt/ubna_data_01_mir/recover-20220825/UBNA_002/20220823_033000.WAV,Telephone Field,recover-20220825,002,1795
1504.0095,1504.0168,36640,63723,Pipistrellus nathusii,0.409,0.543,-1,Echolocation,/mnt/ubna_data_01_mir/recover-20220825/UBNA_002/20220823_033000.WAV,Telephone Field,recover-20220825,002,1795
1504.0105,1504.0165,54687,59765,Pipistrellus pygmaeus,0.021,0.025,-1,Echolocation,/mnt/ubna_data_01_mir/recover-20220825/UBNA_002/20220823_033000.WAV,Telephone Field,recover-20220825,002,1795
1504.0195,1504.0254,34062,46554,Myotis brandtii,0.01,0.027,-1,Echolocation,/mnt/ubna_data_01_mir/recover-20220825/UBNA_002/20220823_033000.WAV,Telephone Field,recover-20220825,002,1795
1504.0515,1504.0573,31484,41533,Barbastellus barbastellus,0.012,0.031,-1,Echolocation,/mnt/ubna_data_01_mir/recover-20220825/UBNA_002/20220823_033000.WAV,Telephone Field,recover-20220825,002,1795
1504.0525,1504.06,23750,33334,Plecotus austriacus,0.014,0.043,-1,Echolocation,/mnt/ubna_data_01_mir/recover-20220825/UBNA_002/20220823_033000.WAV,Telephone Field,recover-20220825,002,1795
1504.0825,1504.0919,26328,34029,Eptesicus serotinus,0.011,0.024,-1,Echolocation,/mnt/ubna_data_01_mir/recover-20220825/UBNA_002/20220823_033000.WAV,Telephone Field,recover-20220825,002,1795
1504.1025,1504.1097,38359,56483,Pipistrellus nathusii,0.643,0.687,-1,Echolocation,/mnt/ubna_data_01_mir/recover-20220825/UBNA_002/20220823_033000.WAV,Telephone Field,recover-20220825,002,1795
1504.1025,1504.1097,48671,55624,Pipistrellus pipistrellus,0.023,0.036,-1,Echolocation,/mnt/ubna_data_01_mir/recover-20220825/UBNA_002/20220823_033000.WAV,Telephone Field,recover-20220825,002,1795
1504.1135,1504.1217,28046,35493,Eptesicus serotinus,0.01,0.041,-1,Echolocation,/mnt/ubna_data_01_mir/recover-20220825/UBNA_002/20220823_033000.WAV,Telephone Field,recover-20220825,002,1795
1504.1935,1504.2017,50390,58179,Pipistrellus pipistrellus,0.023,0.048,-1,Echolocation,/mnt/ubna_data_01_mir/recover-20220825/UBNA_002/20220823_033000.WAV,Telephone Field,recover-20220825,002,1795
1504.1955,1504.2017,43515,57868,Myotis brandtii,0.012,0.051,-1,Echolocation,/mnt/ubna_data_01_mir/recover-20220825/UBNA_002/20220823_033000.WAV,Telephone Field,recover-20220825,002,1795
1504.1975,1504.2056,34921,59078,Pipistrellus nathusii,0.439,0.561,-1,Echolocation,/mnt/ubna_data_01_mir/recover-20220825/UBNA_002/20220823_033000.WAV,Telephone Field,recover-20220825,002,1795
1504.2075,1504.2137,33203,48354,Myotis brandtii,0.011,0.03,-1,Echolocation,/mnt/ubna_data_01_mir/recover-20220825/UBNA_002/20220823_033000.WAV,Telephone Field,recover-20220825,002,1795
1504.2145,1504.2499,68437,81672,Rhinolophus ferrumequinum,0.023,0.023,-1,Echolocation,/mnt/ubna_data_01_mir/recover-20220825/UBNA_002/20220823_033000.WAV,Telephone Field,recover-20220825,002,1795
1504.2355,1504.2724,68437,82450,Rhinolophus ferrumequinum,0.022,0.022,-1,Echolocation,/mnt/ubna_data_01_mir/recover-20220825/UBNA_002/20220823_033000.WAV,Telephone Field,recover-20220825,002,1795
1504.2405,1504.2792,68437,82659,Rhinolophus ferrumequinum,0.023,0.023,-1,Echolocation,/mnt/ubna_data_01_mir/recover-20220825/UBNA_002/20220823_033000.WAV,Telephone Field,recover-20220825,002,1795
1504.2905,1504.2983,52109,56832,Pipistrellus pygmaeus,0.035,0.04,-1,Echolocation,/mnt/ubna_data_01_mir/recover-20220825/UBNA_002/20220823_033000.WAV,Telephone Field,recover-20220825,002,1795
1504.2905,1504.2956,28906,54106,Myotis bechsteinii,0.017,0.043,-1,Echolocation,/mnt/ubna_data_01_mir/recover-20220825/UBNA_002/20220823_033000.WAV,Telephone Field,recover-20220825,002,1795
1504.2945,1504.3015,36640,57987,Pipistrellus nathusii,0.602,0.649,-1,Echolocation,/mnt/ubna_data_01_mir/recover-20220825/UBNA_002/20220823_033000.WAV,Telephone Field,recover-20220825,002,1795
1504.2985,1504.3042,25468,42677,Plecotus auritus,0.006,0.023,-1,Echolocation,/mnt/ubna_data_01_mir/recover-20220825/UBNA_002/20220823_033000.WAV,Telephone Field,recover-20220825,002,1795
1504.3045,1504.3155,55546,65175,Pipistrellus pygmaeus,0.024,0.024,-1,Echolocation,/mnt/ubna_data_01_mir/recover-20220825/UBNA_002/20220823_033000.WAV,Telephone Field,recover-20220825,002,1795
1504.3115,1504.3481,68437,82646,Rhinolophus ferrumequinum,0.025,0.025,-1,Echolocation,/mnt/ubna_data_01_mir/recover-20220825/UBNA_002/20220823_033000.WAV,Telephone Field,recover-20220825,002,1795
1504.3215,1504.3605,68437,82917,Rhinolophus ferrumequinum,0.023,0.023,-1,Echolocation,/mnt/ubna_data_01_mir/recover-20220825/UBNA_002/20220823_033000.WAV,Telephone Field,recover-20220825,002,1795
1504.3515,1504.3597,49531,54219,Pipistrellus pipistrellus,0.021,0.024,-1,Echolocation,/mnt/ubna_data_01_mir/recover-20220825/UBNA_002/20220823_033000.WAV,Telephone Field,recover-20220825,002,1795
1504.3805,1504.3898,50390,53346,Pipistrellus pygmaeus,0.026,0.046,-1,Echolocation,/mnt/ubna_data_01_mir/recover-20220825/UBNA_002/20220823_033000.WAV,Telephone Field,recover-20220825,002,1795
1504.3835,1504.39,28906,58216,Myotis bechsteinii,0.015,0.033,-1,Echolocation,/mnt/ubna_data_01_mir/recover-20220825/UBNA_002/20220823_033000.WAV,Telephone Field,recover-20220825,002,1795
1504.3865,1504.3949,37500,51771,Pipistrellus nathusii,0.612,0.655,-1,Echolocation,/mnt/ubna_data_01_mir/recover-20220825/UBNA_002/20220823_033000.WAV,Telephone Field,recover-20220825,002,1795
1504.3935,1504.399,31484,43563,Myotis daubentonii,0.009,0.028,-1,Echolocation,/mnt/ubna_data_01_mir/recover-20220825/UBNA_002/20220823_033000.WAV,Telephone Field,recover-20220825,002,1795
1504.3985,1504.4335,68437,81346,Rhinolophus ferrumequinum,0.022,0.022,-1,Echolocation,/mnt/ubna_data_01_mir/recover-20220825/UBNA_002/20220823_033000.WAV,Telephone Field,recover-20220825,002,1795
1504.4065,1504.418,15156,21097,Nyctalus noctula,0.016,0.035,-1,Echolocation,/mnt/ubna_data_01_mir/recover-20220825/UBNA_002/20220823_033000.WAV,Telephone Field,recover-20220825,002,1795
1504.4205,1504.4579,68437,82816,Rhinolophus ferrumequinum,0.026,0.026,-1,Echolocation,/mnt/ubna_data_01_mir/recover-20220825/UBNA_002/20220823_033000.WAV,Telephone Field,recover-20220825,002,1795
1504.4215,1504.432,25468,33186,Eptesicus serotinus,0.013,0.028,-1,Echolocation,/mnt/ubna_data_01_mir/recover-20220825/UBNA_002/20220823_033000.WAV,Telephone Field,recover-20220825,002,1795
1504.4525,1504.4598,34921,46900,Myotis brandtii,0.007,0.023,-1,Echolocation,/mnt/ubna_data_01_mir/recover-20220825/UBNA_002/20220823_033000.WAV,Telephone Field,recover-20220825,002,1795
1504.4535,1504.4614,22890,35902,Myotis nattereri,0.009,0.025,-1,Echolocation,/mnt/ubna_data_01_mir/recover-20220825/UBNA_002/20220823_033000.WAV,Telephone Field,recover-20220825,002,1795
1504.4775,1504.4835,34062,51458,Myotis brandtii,0.009,0.022,-1,Echolocation,/mnt/ubna_data_01_mir/recover-20220825/UBNA_002/20220823_033000.WAV,Telephone Field,recover-20220825,002,1795
1504.4785,1504.4839,38359,54823,Myotis brandtii,0.007,0.022,-1,Echolocation,/mnt/ubna_data_01_mir/recover-20220825/UBNA_002/20220823_033000.WAV,Telephone Field,recover-20220825,002,1795
1504.4885,1504.4964,50390,55119,Pipistrellus pygmaeus,0.015,0.027,-1,Echolocation,/mnt/ubna_data_01_mir/recover-20220825/UBNA_002/20220823_033000.WAV,Telephone Field,recover-20220825,002,1795
1504.4885,1504.4997,55546,61428,Pipistrellus pygmaeus,0.025,0.026,-1,Echolocation,/mnt/ubna_data_01_mir/recover-20220825/UBNA_002/20220823_033000.WAV,Telephone Field,recover-20220825,002,1795
1504.4925,1504.4994,28906,60862,Myotis bechsteinii,0.022,0.042,-1,Echolocation,/mnt/ubna_data_01_mir/recover-20220825/UBNA_002/20220823_033000.WAV,Telephone Field,recover-20220825,002,1795
1504.4935,1504.5004,43515,58007,Pipistrellus pipistrellus,0.011,0.036,-1,Echolocation,/mnt/ubna_data_01_mir/recover-20220825/UBNA_002/20220823_033000.WAV,Telephone Field,recover-20220825,002,1795
1504.4945,1504.5027,35781,62162,Pipistrellus nathusii,0.492,0.606,-1,Echolocation,/mnt/ubna_data_01_mir/recover-20220825/UBNA_002/20220823_033000.WAV,Telephone Field,recover-20220825,002,1795
1504.5045,1504.5099,30625,41373,Myotis daubentonii,0.01,0.027,-1,Echolocation,/mnt/ubna_data_01_mir/recover-20220825/UBNA_002/20220823_033000.WAV,Telephone Field,recover-20220825,002,1795
1504.5495,1504.5557,49531,57232,Pipistrellus pipistrellus,0.019,0.024,-1,Echolocation,/mnt/ubna_data_01_mir/recover-20220825/UBNA_002/20220823_033000.WAV,Telephone Field,recover-20220825,002,1795
1504.5505,1504.5581,53828,58956,Pipistrellus pygmaeus,0.026,0.027,-1,Echolocation,/mnt/ubna_data_01_mir/recover-20220825/UBNA_002/20220823_033000.WAV,Telephone Field,recover-20220825,002,1795
1504.5515,1504.5874,68437,81864,Rhinolophus ferrumequinum,0.023,0.024,-1,Echolocation,/mnt/ubna_data_01_mir/recover-20220825/UBNA_002/20220823_033000.WAV,Telephone Field,recover-20220825,002,1795
1504.5625,1504.5734,24609,30843,Nyctalus leisleri,0.009,0.026,-1,Echolocation,/mnt/ubna_data_01_mir/recover-20220825/UBNA_002/20220823_033000.WAV,Telephone Field,recover-20220825,002,1795
1504.5785,1504.5845,29765,52630,Myotis bechsteinii,0.009,0.033,-1,Echolocation,/mnt/ubna_data_01_mir/recover-20220825/UBNA_002/20220823_033000.WAV,Telephone Field,recover-20220825,002,1795
1504.5825,1504.5899,37500,53802,Pipistrellus nathusii,0.646,0.701,-1,Echolocation,/mnt/ubna_data_01_mir/recover-20220825/UBNA_002/20220823_033000.WAV,Telephone Field,recover-20220825,002,1795
1504.6315,1504.6654,68437,81111,Rhinolophus ferrumequinum,0.023,0.023,-1,Echolocation,/mnt/ubna_data_01_mir/recover-20220825/UBNA_002/20220823_033000.WAV,Telephone Field,recover-20220825,002,1795
1504.6725,1504.6818,52109,57073,Pipistrellus pygmaeus,0.041,0.052,-1,Echolocation,/mnt/ubna_data_01_mir/recover-20220825/UBNA_002/20220823_033000.WAV,Telephone Field,recover-20220825,002,1795
1504.6735,1504.6802,27187,61249,Myotis bechsteinii,0.029,0.046,-1,Echolocation,/mnt/ubna_data_01_mir/recover-20220825/UBNA_002/20220823_033000.WAV,Telephone Field,recover-20220825,002,1795
1504.6745,1504.6827,35781,59346,Pipistrellus nathusii,0.462,0.599,-1,Echolocation,/mnt/ubna_data_01_mir/recover-20220825/UBNA_002/20220823_033000.WAV,Telephone Field,recover-20220825,002,1795
1504.6835,1504.6895,29765,44595,Myotis daubentonii,0.012,0.026,-1,Echolocation,/mnt/ubna_data_01_mir/recover-20220825/UBNA_002/20220823_033000.WAV,Telephone Field,recover-20220825,002,1795
1504.6875,1504.7199,68437,81278,Rhinolophus ferrumequinum,0.022,0.022,-1,Echolocation,/mnt/ubna_data_01_mir/recover-20220825/UBNA_002/20220823_033000.WAV,Telephone Field,recover-20220825,002,1795
1504.7545,1504.7641,26328,31838,Eptesicus serotinus,0.008,0.023,-1,Echolocation,/mnt/ubna_data_01_mir/recover-20220825/UBNA_002/20220823_033000.WAV,Telephone Field,recover-20220825,002,1795
1504.7645,1504.7705,29765,57026,Myotis bechsteinii,0.018,0.04,-1,Echolocation,/mnt/ubna_data_01_mir/recover-20220825/UBNA_002/20220823_033000.WAV,Telephone Field,recover-20220825,002,1795
1504.7665,1504.774,37500,51263,Pipistrellus nathusii,0.549,0.668,-1,Echolocation,/mnt/ubna_data_01_mir/recover-20220825/UBNA_002/20220823_033000.WAV,Telephone Field,recover-20220825,002,1795
1504.7745,1504.7801,30625,41129,Myotis daubentonii,0.008,0.023,-1,Echolocation,/mnt/ubna_data_01_mir/recover-20220825/UBNA_002/20220823_033000.WAV,Telephone Field,recover-20220825,002,1795
1504.8325,1504.8427,23750,29802,Nyctalus leisleri,0.009,0.026,-1,Echolocation,/mnt/ubna_data_01_mir/recover-20220825/UBNA_002/20220823_033000.WAV,Telephone Field,recover-20220825,002,1795
1504.8395,1504.8466,28046,38401,Eptesicus serotinus,0.006,0.022,-1,Echolocation,/mnt/ubna_data_01_mir/recover-20220825/UBNA_002/20220823_033000.WAV,Telephone Field,recover-20220825,002,1795
1504.8535,1504.8604,42656,55935,Pipistrellus nathusii,0.012,0.037,-1,Echolocation,/mnt/ubna_data_01_mir/recover-20220825/UBNA_002/20220823_033000.WAV,Telephone Field,recover-20220825,002,1795
1504.8535,1504.8867,68437,81277,Rhinolophus ferrumequinum,0.025,0.026,-1,Echolocation,/mnt/ubna_data_01_mir/recover-20220825/UBNA_002/20220823_033000.WAV,Telephone Field,recover-20220825,002,1795
1504.8555,1504.8627,35781,55405,Pipistrellus nathusii,0.575,0.646,-1,Echolocation,/mnt/ubna_data_01_mir/recover-20220825/UBNA_002/20220823_033000.WAV,Telephone Field,recover-20220825,002,1795
1504.8555,1504.8613,48671,53383,Pipistrellus pipistrellus,0.03,0.046,-1,Echolocation,/mnt/ubna_data_01_mir/recover-20220825/UBNA_002/20220823_033000.WAV,Telephone Field,recover-20220825,002,1795
1504.8645,1504.8699,30625,41587,Myotis daubentonii,0.01,0.026,-1,Echolocation,/mnt/ubna_data_01_mir/recover-20220825/UBNA_002/20220823_033000.WAV,Telephone Field,recover-20220825,002,1795
1504.9095,1504.9159,46093,56189,Pipistrellus pipistrellus,0.021,0.024,-1,Echolocation,/mnt/ubna_data_01_mir/recover-20220825/UBNA_002/20220823_033000.WAV,Telephone Field,recover-20220825,002,1795
1504.9185,1504.9556,68437,81797,Rhinolophus ferrumequinum,0.022,0.022,-1,Echolocation,/mnt/ubna_data_01_mir/recover-20220825/UBNA_002/20220823_033000.WAV,Telephone Field,recover-20220825,002,1795
1504.9395,1504.9492,37500,50804,Pipistrellus nathusii,0.571,0.633,-1,Echolocation,/mnt/ubna_data_01_mir/recover-20220825/UBNA_002/20220823_033000.WAV,Telephone Field,recover-20220825,002,1795
1504.9915,1504.9997,27187,37039,Eptesicus serotinus,0.007,0.022,-1,Echolocation,/mnt/ubna_data_01_mir/recover-20220825/UBNA_002/20220823_033000.WAV,Telephone Field,recover-20220825,002,1795
1505.0235,1505.0303,37500,49486,Pipistrellus nathusii,0.554,0.625,-1,Echolocation,/mnt/ubna_data_01_mir/recover-20220825/UBNA_002/20220823_033000.WAV,Telephone Field,recover-20220825,002,1795
1505.0345,1505.0416,32343,43205,Myotis daubentonii,0.01,0.026,-1,Echolocation,/mnt/ubna_data_01_mir/recover-20220825/UBNA_002/20220823_033000.WAV,Telephone Field,recover-20220825,002,1795
1505.1025,1505.109,48671,53262,Pipistrellus pipistrellus,0.018,0.029,-1,Echolocation,/mnt/ubna_data_01_mir/recover-20220825/UBNA_002/20220823_033000.WAV,Telephone Field,recover-20220825,002,1795
1505.1045,1505.1134,36640,54727,Pipistrellus nathusii,0.551,0.621,-1,Echolocation,/mnt/ubna_data_01_mir/recover-20220825/UBNA_002/20220823_033000.WAV,Telephone Field,recover-20220825,002,1795
1505.1555,1505.1639,47812,53541,Pipistrellus pipistrellus,0.02,0.024,-1,Echolocation,/mnt/ubna_data_01_mir/recover-20220825/UBNA_002/20220823_033000.WAV,Telephone Field,recover-20220825,002,1795
1505.1765,1505.1844,28046,37804,Eptesicus serotinus,0.007,0.022,-1,Echolocation,/mnt/ubna_data_01_mir/recover-20220825/UBNA_002/20220823_033000.WAV,Telephone Field,recover-20220825,002,1795
1505.1905,1505.1978,44375,51252,Pipistrellus pipistrellus,0.018,0.038,-1,Echolocation,/mnt/ubna_data_01_mir/recover-20220825/UBNA_002/20220823_033000.WAV,Telephone Field,recover-20220825,002,1795
1505.1925,1505.1995,36640,50284,Pipistrellus nathusii,0.568,0.646,-1,Echolocation,/mnt/ubna_data_01_mir/recover-20220825/UBNA_002/20220823_033000.WAV,Telephone Field,recover-20220825,002,1795
1505.1975,1505.228,68437,80930,Rhinolophus ferrumequinum,0.025,0.025,-1,Echolocation,/mnt/ubna_data_01_mir/recover-20220825/UBNA_002/20220823_033000.WAV,Telephone Field,recover-20220825,002,1795
1505.2005,1505.2059,28046,38359,Myotis daubentonii,0.009,0.022,-1,Echolocation,/mnt/ubna_data_01_mir/recover-20220825/UBNA_002/20220823_033000.WAV,Telephone Field,recover-20220825,002,1795
1505.2175,1505.2246,57265,65247,Pipistrellus pygmaeus,0.023,0.024,-1,Echolocation,/mnt/ubna_data_01_mir/recover-20220825/UBNA_002/20220823_033000.WAV,Telephone Field,recover-20220825,002,1795
1505.2285,1505.2356,23750,37276,Myotis nattereri,0.011,0.026,-1,Echolocation,/mnt/ubna_data_01_mir/recover-20220825/UBNA_002/20220823_033000.WAV,Telephone Field,recover-20220825,002,1795
1505.2375,1505.2458,53828,59680,Pipistrellus pygmaeus,0.025,0.026,-1,Echolocation,/mnt/ubna_data_01_mir/recover-20220825/UBNA_002/20220823_033000.WAV,Telephone Field,recover-20220825,002,1795
1505.2515,1505.2602,27187,36878,Eptesicus serotinus,0.011,0.029,-1,Echolocation,/mnt/ubna_data_01_mir/recover-20220825/UBNA_002/20220823_033000.WAV,Telephone Field,recover-20220825,002,1795
1505.2805,1505.2871,49531,55875,Pipistrellus pipistrellus,0.015,0.025,-1,Echolocation,/mnt/ubna_data_01_mir/recover-20220825/UBNA_002/20220823_033000.WAV,Telephone Field,recover-20220825,002,1795
1505.2815,1505.2904,54687,63567,Pipistrellus pygmaeus,0.036,0.037,-1,Echolocation,/mnt/ubna_data_01_mir/recover-20220825/UBNA_002/20220823_033000.WAV,Telephone Field,recover-20220825,002,1795
1505.2815,1505.2884,44375,53548,Pipistrellus pipistrellus,0.011,0.025,-1,Echolocation,/mnt/ubna_data_01_mir/recover-20220825/UBNA_002/20220823_033000.WAV,Telephone Field,recover-20220825,002,1795
1505.2825,1505.2886,28046,49123,Barbastellus barbastellus,0.008,0.03,-1,Echolocation,/mnt/ubna_data_01_mir/recover-20220825/UBNA_002/20220823_033000.WAV,Telephone Field,recover-20220825,002,1795
1505.2845,1505.2919,36640,51969,Pipistrellus nathusii,0.595,0.676,-1,Echolocation,/mnt/ubna_data_01_mir/recover-20220825/UBNA_002/20220823_033000.WAV,Telephone Field,recover-20220825,002,1795
1505.2855,1505.2914,23750,36956,Myotis nattereri,0.009,0.026,-1,Echolocation,/mnt/ubna_data_01_mir/recover-20220825/UBNA_002/20220823_033000.WAV,Telephone Field,recover-20220825,002,1795
1505.2915,1505.2981,49531,62562,Pipistrellus pipistrellus,0.011,0.022,-1,Echolocation,/mnt/ubna_data_01_mir/recover-20220825/UBNA_002/20220823_033000.WAV,Telephone Field,recover-20220825,002,1795
1505.2925,1505.2997,26328,33127,Eptesicus serotinus,0.006,0.024,-1,Echolocation,/mnt/ubna_data_01_mir/recover-20220825/UBNA_002/20220823_033000.WAV,Telephone Field,recover-20220825,002,1795
1505.3155,1505.3256,28046,36251,Eptesicus serotinus,0.019,0.039,-1,Echolocation,/mnt/ubna_data_01_mir/recover-20220825/UBNA_002/20220823_033000.WAV,Telephone Field,recover-20220825,002,1795
1505.3255,1505.3348,33203,38510,Barbastellus barbastellus,0.007,0.025,-1,Echolocation,/mnt/ubna_data_01_mir/recover-20220825/UBNA_002/20220823_033000.WAV,Telephone Field,recover-20220825,002,1795
1505.3535,1505.3619,28046,37815,Eptesicus serotinus,0.008,0.023,-1,Echolocation,/mnt/ubna_data_01_mir/recover-20220825/UBNA_002/20220823_033000.WAV,Telephone Field,recover-20220825,002,1795
1505.3765,1505.3841,36640,48812,Pipistrellus nathusii,0.514,0.613,-1,Echolocation,/mnt/ubna_data_01_mir/recover-20220825/UBNA_002/20220823_033000.WAV,Telephone Field,recover-20220825,002,1795
1505.3855,1505.391,29765,41093,Myotis daubentonii,0.01,0.027,-1,Echolocation,/mnt/ubna_data_01_mir/recover-20220825/UBNA_002/20220823_033000.WAV,Telephone Field,recover-20220825,002,1795
1505.4105,1505.4254,24609,28613,Nyctalus leisleri,0.018,0.032,-1,Echolocation,/mnt/ubna_data_01_mir/recover-20220825/UBNA_002/20220823_033000.WAV,Telephone Field,recover-20220825,002,1795
1505.4225,1505.4319,28046,35497,Eptesicus serotinus,0.011,0.026,-1,Echolocation,/mnt/ubna_data_01_mir/recover-20220825/UBNA_002/20220823_033000.WAV,Telephone Field,recover-20220825,002,1795
1505.4355,1505.4413,34062,55975,Myotis brandtii,0.009,0.023,-1,Echolocation,/mnt/ubna_data_01_mir/recover-20220825/UBNA_002/20220823_033000.WAV,Telephone Field,recover-20220825,002,1795
1505.4455,1505.4558,42656,48207,Pipistrellus pipistrellus,0.011,0.028,-1,Echolocation,/mnt/ubna_data_01_mir/recover-20220825/UBNA_002/20220823_033000.WAV,Telephone Field,recover-20220825,002,1795
1505.4465,1505.4842,68437,82432,Rhinolophus ferrumequinum,0.026,0.026,-1,Echolocation,/mnt/ubna_data_01_mir/recover-20220825/UBNA_002/20220823_033000.WAV,Telephone Field,recover-20220825,002,1795
1505.4475,1505.4579,27187,34525,Eptesicus serotinus,0.009,0.023,-1,Echolocation,/mnt/ubna_data_01_mir/recover-20220825/UBNA_002/20220823_033000.WAV,Telephone Field,recover-20220825,002,1795
1505.4565,1505.468,24609,28410,Nyctalus leisleri,0.012,0.023,-1,Echolocation,/mnt/ubna_data_01_mir/recover-20220825/UBNA_002/20220823_033000.WAV,Telephone Field,recover-20220825,002,1795
1505.4745,1505.4814,36640,52710,Pipistrellus nathusii,0.58,0.686,-1,Echolocation,/mnt/ubna_data_01_mir/recover-20220825/UBNA_002/20220823_033000.WAV,Telephone Field,recover-20220825,002,1795
1505.4755,1505.4849,46093,50336,Pipistrellus pipistrellus,0.02,0.031,-1,Echolocation,/mnt/ubna_data_01_mir/recover-20220825/UBNA_002/20220823_033000.WAV,Telephone Field,recover-20220825,002,1795
1505.4825,1505.488,28906,40557,Myotis daubentonii,0.01,0.024,-1,Echolocation,/mnt/ubna_data_01_mir/recover-20220825/UBNA_002/20220823_033000.WAV,Telephone Field,recover-20220825,002,1795
1505.5055,1505.5435,68437,82734,Rhinolophus ferrumequinum,0.032,0.032,-1,Echolocation,/mnt/ubna_data_01_mir/recover-20220825/UBNA_002/20220823_033000.WAV,Telephone Field,recover-20220825,002,1795
1505.5145,1505.523,28046,37544,Eptesicus serotinus,0.008,0.023,-1,Echolocation,/mnt/ubna_data_01_mir/recover-20220825/UBNA_002/20220823_033000.WAV,Telephone Field,recover-20220825,002,1795
1505.5295,1505.5392,56406,62362,Pipistrellus pygmaeus,0.025,0.026,-1,Echolocation,/mnt/ubna_data_01_mir/recover-20220825/UBNA_002/20220823_033000.WAV,Telephone Field,recover-20220825,002,1795
1505.5545,1505.5646,25468,31908,Eptesicus serotinus,0.009,0.024,-1,Echolocation,/mnt/ubna_data_01_mir/recover-20220825/UBNA_002/20220823_033000.WAV,Telephone Field,recover-20220825,002,1795
1505.5725,1505.5796,37500,50337,Pipistrellus nathusii,0.597,0.669,-1,Echolocation,/mnt/ubna_data_01_mir/recover-20220825/UBNA_002/20220823_033000.WAV,Telephone Field,recover-20220825,002,1795
1505.5795,1505.5857,29765,40283,Myotis daubentonii,0.009,0.024,-1,Echolocation,/mnt/ubna_data_01_mir/recover-20220825/UBNA_002/20220823_033000.WAV,Telephone Field,recover-20220825,002,1795
1505.6025,1505.6118,27187,36903,Eptesicus serotinus,0.008,0.022,-1,Echolocation,/mnt/ubna_data_01_mir/recover-20220825/UBNA_002/20220823_033000.WAV,Telephone Field,recover-20220825,002,1795
1505.6395,1505.6472,28046,41210,Eptesicus serotinus,0.008,0.025,-1,Echolocation,/mnt/ubna_data_01_mir/recover-20220825/UBNA_002/20220823_033000.WAV,Telephone Field,recover-20220825,002,1795
1505.6715,1505.6784,46953,52398,Pipistrellus pipistrellus,0.02,0.033,-1,Echolocation,/mnt/ubna_data_01_mir/recover-20220825/UBNA_002/20220823_033000.WAV,Telephone Field,recover-20220825,002,1795
1505.6725,1505.6791,28046,54326,Barbastellus barbastellus,0.008,0.029,-1,Echolocation,/mnt/ubna_data_01_mir/recover-20220825/UBNA_002/20220823_033000.WAV,Telephone Field,recover-20220825,002,1795
1505.6735,1505.6801,36640,52382,Pipistrellus nathusii,0.513,0.603,-1,Echolocation,/mnt/ubna_data_01_mir/recover-20220825/UBNA_002/20220823_033000.WAV,Telephone Field,recover-20220825,002,1795
1505.6965,1505.7055,24609,34153,Myotis nattereri,0.006,0.022,-1,Echolocation,/mnt/ubna_data_01_mir/recover-20220825/UBNA_002/20220823_033000.WAV,Telephone Field,recover-20220825,002,1795
1505.7325,1505.7415,38359,45116,Pipistrellus nathusii,0.015,0.024,-1,Echolocation,/mnt/ubna_data_01_mir/recover-20220825/UBNA_002/20220823_033000.WAV,Telephone Field,recover-20220825,002,1795
1505.7355,1505.7425,28046,44523,Eptesicus serotinus,0.005,0.022,-1,Echolocation,/mnt/ubna_data_01_mir/recover-20220825/UBNA_002/20220823_033000.WAV,Telephone Field,recover-20220825,002,1795
1505.7505,1505.7868,68437,81644,Rhinolophus ferrumequinum,0.022,0.023,-1,Echolocation,/mnt/ubna_data_01_mir/recover-20220825/UBNA_002/20220823_033000.WAV,Telephone Field,recover-20220825,002,1795
1505.7555,1505.7621,27187,36265,Eptesicus serotinus,0.005,0.022,-1,Echolocation,/mnt/ubna_data_01_mir/recover-20220825/UBNA_002/20220823_033000.WAV,Telephone Field,recover-20220825,002,1795
1505.7735,1505.7807,37500,50913,Pipistrellus nathusii,0.619,0.654,-1,Echolocation,/mnt/ubna_data_01_mir/recover-20220825/UBNA_002/20220823_033000.WAV,Telephone Field,recover-20220825,002,1795
1505.7815,1505.7891,27187,33520,Nyctalus leisleri,0.004,0.023,-1,Echolocation,/mnt/ubna_data_01_mir/recover-20220825/UBNA_002/20220823_033000.WAV,Telephone Field,recover-20220825,002,1795
1505.8265,1505.8381,23750,28137,Nyctalus leisleri,0.01,0.022,-1,Echolocation,/mnt/ubna_data_01_mir/recover-20220825/UBNA_002/20220823_033000.WAV,Telephone Field,recover-20220825,002,1795
1505.8485,1505.8537,38359,57728,Myotis mystacinus,0.008,0.027,-1,Echolocation,/mnt/ubna_data_01_mir/recover-20220825/UBNA_002/20220823_033000.WAV,Telephone Field,recover-20220825,002,1795
1505.8645,1505.8714,28906,56370,Myotis bechsteinii,0.021,0.043,-1,Echolocation,/mnt/ubna_data_01_mir/recover-20220825/UBNA_002/20220823_033000.WAV,Telephone Field,recover-20220825,002,1795
1505.8665,1505.8748,35781,57200,Pipistrellus nathusii,0.523,0.63,-1,Echolocation,/mnt/ubna_data_01_mir/recover-20220825/UBNA_002/20220823_033000.WAV,Telephone Field,recover-20220825,002,1795
1505.8665,1505.8726,48671,53247,Pipistrellus pipistrellus,0.02,0.033,-1,Echolocation,/mnt/ubna_data_01_mir/recover-20220825/UBNA_002/20220823_033000.WAV,Telephone Field,recover-20220825,002,1795
1505.8755,1505.8818,30625,42745,Myotis daubentonii,0.009,0.024,-1,Echolocation,/mnt/ubna_data_01_mir/recover-20220825/UBNA_002/20220823_033000.WAV,Telephone Field,recover-20220825,002,1795
1505.8995,1505.9368,68437,82569,Rhinolophus ferrumequinum,0.024,0.024,-1,Echolocation,/mnt/ubna_data_01_mir/recover-20220825/UBNA_002/20220823_033000.WAV,Telephone Field,recover-20220825,002,1795
1505.9025,1505.9122,30625,36777,Barbastellus barbastellus,0.007,0.027,-1,Echolocation,/mnt/ubna_data_01_mir/recover-20220825/UBNA_002/20220823_033000.WAV,Telephone Field,recover-20220825,002,1795
1505.9475,1505.9545,28046,37726,Eptesicus serotinus,0.007,0.026,-1,Echolocation,/mnt/ubna_data_01_mir/recover-20220825/UBNA_002/20220823_033000.WAV,Telephone Field,recover-20220825,002,1795
1505.9575,1505.9641,44375,55650,Pipistrellus pipistrellus,0.009,0.027,-1,Echolocation,/mnt/ubna_data_01_mir/recover-20220825/UBNA_002/20220823_033000.WAV,Telephone Field,recover-20220825,002,1795
1505.9595,1505.9905,68437,80991,Rhinolophus ferrumequinum,0.022,0.022,-1,Echolocation,/mnt/ubna_data_01_mir/recover-20220825/UBNA_002/20220823_033000.WAV,Telephone Field,recover-20220825,002,1795
1505.9595,1505.9671,36640,52654,Pipistrellus nathusii,0.55,0.65,-1,Echolocation,/mnt/ubna_data_01_mir/recover-20220825/UBNA_002/20220823_033000.WAV,Telephone Field,recover-20220825,002,1795
1506.0015,1506.0098,22890,35817,Myotis nattereri,0.008,0.026,-1,Echolocation,/mnt/ubna_data_01_mir/recover-20220825/UBNA_002/20220823_033000.WAV,Telephone Field,recover-20220825,002,1795
1506.0015,1506.0087,46953,54466,Pipistrellus pipistrellus,0.013,0.022,-1,Echolocation,/mnt/ubna_data_01_mir/recover-20220825/UBNA_002/20220823_033000.WAV,Telephone Field,recover-20220825,002,1795
1506.0015,1506.0096,38359,48626,Pipistrellus nathusii,0.008,0.022,-1,Echolocation,/mnt/ubna_data_01_mir/recover-20220825/UBNA_002/20220823_033000.WAV,Telephone Field,recover-20220825,002,1795
1506.0015,1506.0308,68437,80008,Rhinolophus ferrumequinum,0.04,0.04,-1,Echolocation,/mnt/ubna_data_01_mir/recover-20220825/UBNA_002/20220823_033000.WAV,Telephone Field,recover-20220825,002,1795
1506.0015,1506.0116,55546,63309,Pipistrellus pygmaeus,0.02,0.023,-1,Echolocation,/mnt/ubna_data_01_mir/recover-20220825/UBNA_002/20220823_033000.WAV,Telephone Field,recover-20220825,002,1795
1506.0525,1506.0592,31484,42392,Myotis daubentonii,0.008,0.024,-1,Echolocation,/mnt/ubna_data_01_mir/recover-20220825/UBNA_002/20220823_033000.WAV,Telephone Field,recover-20220825,002,1795
1506.0555,1506.0617,27187,38660,Plecotus auritus,0.007,0.025,-1,Echolocation,/mnt/ubna_data_01_mir/recover-20220825/UBNA_002/20220823_033000.WAV,Telephone Field,recover-20220825,002,1795
1506.0565,1506.0661,22031,28160,Plecotus austriacus,0.008,0.024,-1,Echolocation,/mnt/ubna_data_01_mir/recover-20220825/UBNA_002/20220823_033000.WAV,Telephone Field,recover-20220825,002,1795
1506.0645,1506.0717,28906,55835,Myotis bechsteinii,0.016,0.038,-1,Echolocation,/mnt/ubna_data_01_mir/recover-20220825/UBNA_002/20220823_033000.WAV,Telephone Field,recover-20220825,002,1795
1506.0655,1506.0727,43515,52850,Pipistrellus nathusii,0.015,0.05,-1,Echolocation,/mnt/ubna_data_01_mir/recover-20220825/UBNA_002/20220823_033000.WAV,Telephone Field,recover-20220825,002,1795
1506.0665,1506.0746,35781,54382,Pipistrellus nathusii,0.488,0.614,-1,Echolocation,/mnt/ubna_data_01_mir/recover-20220825/UBNA_002/20220823_033000.WAV,Telephone Field,recover-20220825,002,1795
1506.0685,1506.0998,68437,81768,Rhinolophus ferrumequinum,0.023,0.024,-1,Echolocation,/mnt/ubna_data_01_mir/recover-20220825/UBNA_002/20220823_033000.WAV,Telephone Field,recover-20220825,002,1795
1506.0775,1506.1124,68437,81626,Rhinolophus ferrumequinum,0.023,0.023,-1,Echolocation,/mnt/ubna_data_01_mir/recover-20220825/UBNA_002/20220823_033000.WAV,Telephone Field,recover-20220825,002,1795
1506.0925,1506.1278,68437,82306,Rhinolophus ferrumequinum,0.022,0.022,-1,Echolocation,/mnt/ubna_data_01_mir/recover-20220825/UBNA_002/20220823_033000.WAV,Telephone Field,recover-20220825,002,1795
1506.1395,1506.1469,27187,34547,Eptesicus serotinus,0.008,0.023,-1,Echolocation,/mnt/ubna_data_01_mir/recover-20220825/UBNA_002/20220823_033000.WAV,Telephone Field,recover-20220825,002,1795
1506.1525,1506.1586,28906,60216,Myotis bechsteinii,0.016,0.038,-1,Echolocation,/mnt/ubna_data_01_mir/recover-20220825/UBNA_002/20220823_033000.WAV,Telephone Field,recover-20220825,002,1795
1506.1545,1506.1622,36640,56281,Pipistrellus nathusii,0.547,0.637,-1,Echolocation,/mnt/ubna_data_01_mir/recover-20220825/UBNA_002/20220823_033000.WAV,Telephone Field,recover-20220825,002,1795
1506.1645,1506.1721,27187,36629,Eptesicus serotinus,0.007,0.026,-1,Echolocation,/mnt/ubna_data_01_mir/recover-20220825/UBNA_002/20220823_033000.WAV,Telephone Field,recover-20220825,002,1795
1506.1885,1506.2272,68437,82762,Rhinolophus ferrumequinum,0.025,0.025,-1,Echolocation,/mnt/ubna_data_01_mir/recover-20220825/UBNA_002/20220823_033000.WAV,Telephone Field,recover-20220825,002,1795
1506.2115,1506.2195,52968,57404,Pipistrellus pygmaeus,0.033,0.034,-1,Echolocation,/mnt/ubna_data_01_mir/recover-20220825/UBNA_002/20220823_033000.WAV,Telephone Field,recover-20220825,002,1795
1506.2485,1506.2551,42656,55341,Myotis brandtii,0.014,0.054,-1,Echolocation,/mnt/ubna_data_01_mir/recover-20220825/UBNA_002/20220823_033000.WAV,Telephone Field,recover-20220825,002,1795
1506.2505,1506.2575,35781,56544,Pipistrellus nathusii,0.381,0.544,-1,Echolocation,/mnt/ubna_data_01_mir/recover-20220825/UBNA_002/20220823_033000.WAV,Telephone Field,recover-20220825,002,1795
1506.2515,1506.2572,49531,53942,Pipistrellus pipistrellus,0.014,0.024,-1,Echolocation,/mnt/ubna_data_01_mir/recover-20220825/UBNA_002/20220823_033000.WAV,Telephone Field,recover-20220825,002,1795
1506.2595,1506.2661,26328,36885,Eptesicus serotinus,0.005,0.023,-1,Echolocation,/mnt/ubna_data_01_mir/recover-20220825/UBNA_002/20220823_033000.WAV,Telephone Field,recover-20220825,002,1795
1506.2625,1506.295,68437,80830,Rhinolophus ferrumequinum,0.022,0.022,-1,Echolocation,/mnt/ubna_data_01_mir/recover-20220825/UBNA_002/20220823_033000.WAV,Telephone Field,recover-20220825,002,1795
1506.2925,1506.2999,32343,38440,Barbastellus barbastellus,0.01,0.025,-1,Echolocation,/mnt/ubna_data_01_mir/recover-20220825/UBNA_002/20220823_033000.WAV,Telephone Field,recover-20220825,002,1795
1506.3185,1506.3256,44375,51125,Pipistrellus pipistrellus,0.026,0.035,-1,Echolocation,/mnt/ubna_data_01_mir/recover-20220825/UBNA_002/20220823_033000.WAV,Telephone Field,recover-20220825,002,1795
1506.3335,1506.3409,28046,35016,Eptesicus serotinus,0.007,0.023,-1,Echolocation,/mnt/ubna_data_01_mir/recover-20220825/UBNA_002/20220823_033000.WAV,Telephone Field,recover-20220825,002,1795
1506.3465,1506.355,37500,54322,Pipistrellus nathusii,0.567,0.637,-1,Echolocation,/mnt/ubna_data_01_mir/recover-20220825/UBNA_002/20220823_033000.WAV,Telephone Field,recover-20220825,002,1795
1506.3535,1506.3589,29765,41362,Myotis daubentonii,0.01,0.023,-1,Echolocation,/mnt/ubna_data_01_mir/recover-20220825/UBNA_002/20220823_033000.WAV,Telephone Field,recover-20220825,002,1795
1506.4305,1506.437,28046,36901,Eptesicus serotinus,0.006,0.023,-1,Echolocation,/mnt/ubna_data_01_mir/recover-20220825/UBNA_002/20220823_033000.WAV,Telephone Field,recover-20220825,002,1795
1506.4435,1506.4513,35781,56009,Pipistrellus nathusii,0.496,0.616,-1,Echolocation,/mnt/ubna_data_01_mir/recover-20220825/UBNA_002/20220823_033000.WAV,Telephone Field,recover-20220825,002,1795
1506.4865,1506.5043,16015,20282,Nyctalus noctula,0.017,0.024,-1,Echolocation,/mnt/ubna_data_01_mir/recover-20220825/UBNA_002/20220823_033000.WAV,Telephone Field,recover-20220825,002,1795
1506.4925,1506.5026,28046,35575,Eptesicus serotinus,0.009,0.022,-1,Echolocation,/mnt/ubna_data_01_mir/recover-20220825/UBNA_002/20220823_033000.WAV,Telephone Field,recover-20220825,002,1795
1506.5235,1506.5286,40078,61609,Myotis mystacinus,0.009,0.026,-1,Echolocation,/mnt/ubna_data_01_mir/recover-20220825/UBNA_002/20220823_033000.WAV,Telephone Field,recover-20220825,002,1795
1506.5245,1506.5307,27187,37603,Eptesicus serotinus,0.004,0.022,-1,Echolocation,/mnt/ubna_data_01_mir/recover-20220825/UBNA_002/20220823_033000.WAV,Telephone Field,recover-20220825,002,1795
1506.5365,1506.5442,36640,58849,Pipistrellus nathusii,0.532,0.605,-1,Echolocation,/mnt/ubna_data_01_mir/recover-20220825/UBNA_002/20220823_033000.WAV,Telephone Field,recover-20220825,002,1795
1506.5365,1506.5418,50390,54844,Pipistrellus pipistrellus,0.015,0.028,-1,Echolocation,/mnt/ubna_data_01_mir/recover-20220825/UBNA_002/20220823_033000.WAV,Telephone Field,recover-20220825,002,1795
1506.5375,1506.5702,68437,82308,Rhinolophus ferrumequinum,0.028,0.028,-1,Echolocation,/mnt/ubna_data_01_mir/recover-20220825/UBNA_002/20220823_033000.WAV,Telephone Field,recover-20220825,002,1795
1506.5705,1506.579,28046,38223,Eptesicus serotinus,0.009,0.024,-1,Echolocation,/mnt/ubna_data_01_mir/recover-20220825/UBNA_002/20220823_033000.WAV,Telephone Field,recover-20220825,002,1795
1506.5795,1506.6197,68437,82701,Rhinolophus ferrumequinum,0.022,0.022,-1,Echolocation,/mnt/ubna_data_01_mir/recover-20220825/UBNA_002/20220823_033000.WAV,Telephone Field,recover-20220825,002,1795
1506.5815,1506.5881,55546,62047,Pipistrellus pygmaeus,0.028,0.028,-1,Echolocation,/mnt/ubna_data_01_mir/recover-20220825/UBNA_002/20220823_033000.WAV,Telephone Field,recover-20220825,002,1795
1506.5885,1506.5958,27187,38866,Eptesicus serotinus,0.016,0.04,-1,Echolocation,/mnt/ubna_data_01_mir/recover-20220825/UBNA_002/20220823_033000.WAV,Telephone Field,recover-20220825,002,1795
1506.6075,1506.6416,68437,81495,Rhinolophus ferrumequinum,0.022,0.022,-1,Echolocation,/mnt/ubna_data_01_mir/recover-20220825/UBNA_002/20220823_033000.WAV,Telephone Field,recover-20220825,002,1795
1506.6275,1506.6602,68437,81398,Rhinolophus ferrumequinum,0.022,0.022,-1,Echolocation,/mnt/ubna_data_01_mir/recover-20220825/UBNA_002/20220823_033000.WAV,Telephone Field,recover-20220825,002,1795
1506.6395,1506.6475,36640,51019,Pipistrellus nathusii,0.58,0.666,-1,Echolocation,/mnt/ubna_data_01_mir/recover-20220825/UBNA_002/20220823_033000.WAV,Telephone Field,recover-20220825,002,1795
1506.6405,1506.6558,16015,21257,Nyctalus noctula,0.014,0.022,-1,Echolocation,/mnt/ubna_data_01_mir/recover-20220825/UBNA_002/20220823_033000.WAV,Telephone Field,recover-20220825,002,1795
1506.6475,1506.6538,28906,37213,Myotis daubentonii,0.007,0.022,-1,Echolocation,/mnt/ubna_data_01_mir/recover-20220825/UBNA_002/20220823_033000.WAV,Telephone Field,recover-20220825,002,1795
1506.6545,1506.6869,68437,81108,Rhinolophus ferrumequinum,0.022,0.022,-1,Echolocation,/mnt/ubna_data_01_mir/recover-20220825/UBNA_002/20220823_033000.WAV,Telephone Field,recover-20220825,002,1795
1506.6975,1506.7076,44375,48040,Pipistrellus pipistrellus,0.017,0.024,-1,Echolocation,/mnt/ubna_data_01_mir/recover-20220825/UBNA_002/20220823_033000.WAV,Telephone Field,recover-20220825,002,1795
1506.6985,1506.7075,28046,38117,Eptesicus serotinus,0.008,0.022,-1,Echolocation,/mnt/ubna_data_01_mir/recover-20220825/UBNA_002/20220823_033000.WAV,Telephone Field,recover-20220825,002,1795
1506.7355,1506.7423,36640,53602,Pipistrellus nathusii,0.61,0.671,-1,Echolocation,/mnt/ubna_data_01_mir/recover-20220825/UBNA_002/20220823_033000.WAV,Telephone Field,recover-20220825,002,1795
1506.7565,1506.7661,22890,28796,Plecotus austriacus,0.008,0.023,-1,Echolocation,/mnt/ubna_data_01_mir/recover-20220825/UBNA_002/20220823_033000.WAV,Telephone Field,recover-20220825,002,1795
1506.8375,1506.8447,44375,55201,Pipistrellus pipistrellus,0.012,0.037,-1,Echolocation,/mnt/ubna_data_01_mir/recover-20220825/UBNA_002/20220823_033000.WAV,Telephone Field,recover-20220825,002,1795
1506.8395,1506.8483,35781,52653,Pipistrellus nathusii,0.438,0.583,-1,Echolocation,/mnt/ubna_data_01_mir/recover-20220825/UBNA_002/20220823_033000.WAV,Telephone Field,recover-20220825,002,1795
1506.8725,1506.883,33203,37903,Barbastellus barbastellus,0.006,0.021,-1,Echolocation,/mnt/ubna_data_01_mir/recover-20220825/UBNA_002/20220823_033000.WAV,Telephone Field,recover-20220825,002,1795
1506.8795,1506.8911,53828,59580,Pipistrellus pygmaeus,0.037,0.038,-1,Echolocation,/mnt/ubna_data_01_mir/recover-20220825/UBNA_002/20220823_033000.WAV,Telephone Field,recover-20220825,002,1795
1506.8995,1506.9351,68437,81353,Rhinolophus ferrumequinum,0.022,0.022,-1,Echolocation,/mnt/ubna_data_01_mir/recover-20220825/UBNA_002/20220823_033000.WAV,Telephone Field,recover-20220825,002,1795
1506.9045,1506.9159,24609,30032,Nyctalus leisleri,0.009,0.022,-1,Echolocation,/mnt/ubna_data_01_mir/recover-20220825/UBNA_002/20220823_033000.WAV,Telephone Field,recover-20220825,002,1795
1506.9375,1506.9445,44375,54647,Pipistrellus pipistrellus,0.01,0.041,-1,Echolocation,/mnt/ubna_data_01_mir/recover-20220825/UBNA_002/20220823_033000.WAV,Telephone Field,recover-20220825,002,1795
1506.9395,1506.9481,35781,54645,Pipistrellus nathusii,0.529,0.639,-1,Echolocation,/mnt/ubna_data_01_mir/recover-20220825/UBNA_002/20220823_033000.WAV,Telephone Field,recover-20220825,002,1795
1507.0055,1507.0394,68437,81384,Rhinolophus ferrumequinum,0.023,0.023,-1,Echolocation,/mnt/ubna_data_01_mir/recover-20220825/UBNA_002/20220823_033000.WAV,Telephone Field,recover-20220825,002,1795
1507.0215,1507.0606,68437,82386,Rhinolophus ferrumequinum,0.029,0.029,-1,Echolocation,/mnt/ubna_data_01_mir/recover-20220825/UBNA_002/20220823_033000.WAV,Telephone Field,recover-20220825,002,1795
1507.0395,1507.0478,35781,50089,Pipistrellus nathusii,0.523,0.612,-1,Echolocation,/mnt/ubna_data_01_mir/recover-20220825/UBNA_002/20220823_033000.WAV,Telephone Field,recover-20220825,002,1795
1507.0495,1507.083,68437,81670,Rhinolophus ferrumequinum,0.022,0.022,-1,Echolocation,/mnt/ubna_data_01_mir/recover-20220825/UBNA_002/20220823_033000.WAV,Telephone Field,recover-20220825,002,1795
1507.0905,1507.1039,15156,20443,Nyctalus noctula,0.016,0.025,-1,Echolocation,/mnt/ubna_data_01_mir/recover-20220825/UBNA_002/20220823_033000.WAV,Telephone Field,recover-20220825,002,1795
1507.0935,1507.1015,46093,50781,Pipistrellus pipistrellus,0.023,0.028,-1,Echolocation,/mnt/ubna_data_01_mir/recover-20220825/UBNA_002/20220823_033000.WAV,Telephone Field,recover-20220825,002,1795
1507.1055,1507.1157,56406,63691,Pipistrellus pygmaeus,0.036,0.037,-1,Echolocation,/mnt/ubna_data_01_mir/recover-20220825/UBNA_002/20220823_033000.WAV,Telephone Field,recover-20220825,002,1795
1507.1075,1507.1163,26328,35331,Eptesicus serotinus,0.01,0.025,-1,Echolocation,/mnt/ubna_data_01_mir/recover-20220825/UBNA_002/20220823_033000.WAV,Telephone Field,recover-20220825,002,1795
1507.1305,1507.1382,58125,66415,Pipistrellus pygmaeus,0.029,0.029,-1,Echolocation,/mnt/ubna_data_01_mir/recover-20220825/UBNA_002/20220823_033000.WAV,Telephone Field,recover-20220825,002,1795
1507.1415,1507.1495,35781,52063,Pipistrellus nathusii,0.475,0.581,-1,Echolocation,/mnt/ubna_data_01_mir/recover-20220825/UBNA_002/20220823_033000.WAV,Telephone Field,recover-20220825,002,1795
1507.1565,1507.1933,68437,81957,Rhinolophus ferrumequinum,0.022,0.022,-1,Echolocation,/mnt/ubna_data_01_mir/recover-20220825/UBNA_002/20220823_033000.WAV,Telephone Field,recover-20220825,002,1795
1507.2345,1507.244,35781,55187,Pipistrellus nathusii,0.543,0.666,-1,Echolocation,/mnt/ubna_data_01_mir/recover-20220825/UBNA_002/20220823_033000.WAV,Telephone Field,recover-20220825,002,1795
1507.2815,1507.2879,56406,64008,Pipistrellus pygmaeus,0.024,0.024,-1,Echolocation,/mnt/ubna_data_01_mir/recover-20220825/UBNA_002/20220823_033000.WAV,Telephone Field,recover-20220825,002,1795
1507.2885,1507.2968,27187,39639,Eptesicus serotinus,0.009,0.022,-1,Echolocation,/mnt/ubna_data_01_mir/recover-20220825/UBNA_002/20220823_033000.WAV,Telephone Field,recover-20220825,002,1795
1507.2955,1507.303,28046,38438,Eptesicus serotinus,0.007,0.022,-1,Echolocation,/mnt/ubna_data_01_mir/recover-20220825/UBNA_002/20220823_033000.WAV,Telephone Field,recover-20220825,002,1795
1507.2975,1507.332,68437,81834,Rhinolophus ferrumequinum,0.023,0.023,-1,Echolocation,/mnt/ubna_data_01_mir/recover-20220825/UBNA_002/20220823_033000.WAV,Telephone Field,recover-20220825,002,1795
1507.3185,1507.3249,39218,50630,Pipistrellus nathusii,0.594,0.622,-1,Echolocation,/mnt/ubna_data_01_mir/recover-20220825/UBNA_002/20220823_033000.WAV,Telephone Field,recover-20220825,002,1795
1507.3245,1507.3308,27187,37504,Myotis nattereri,0.004,0.023,-1,Echolocation,/mnt/ubna_data_01_mir/recover-20220825/UBNA_002/20220823_033000.WAV,Telephone Field,recover-20220825,002,1795
1507.3255,1507.3307,31484,41605,Myotis daubentonii,0.01,0.021,-1,Echolocation,/mnt/ubna_data_01_mir/recover-20220825/UBNA_002/20220823_033000.WAV,Telephone Field,recover-20220825,002,1795
1507.3455,1507.3847,68437,81871,Rhinolophus ferrumequinum,0.022,0.022,-1,Echolocation,/mnt/ubna_data_01_mir/recover-20220825/UBNA_002/20220823_033000.WAV,Telephone Field,recover-20220825,002,1795
1507.3705,1507.3807,23750,29881,Nyctalus leisleri,0.008,0.023,-1,Echolocation,/mnt/ubna_data_01_mir/recover-20220825/UBNA_002/20220823_033000.WAV,Telephone Field,recover-20220825,002,1795
1507.3715,1507.377,34062,60183,Myotis brandtii,0.011,0.022,-1,Echolocation,/mnt/ubna_data_01_mir/recover-20220825/UBNA_002/20220823_033000.WAV,Telephone Field,recover-20220825,002,1795
1507.3725,1507.3781,39218,55223,Myotis brandtii,0.008,0.022,-1,Echolocation,/mnt/ubna_data_01_mir/recover-20220825/UBNA_002/20220823_033000.WAV,Telephone Field,recover-20220825,002,1795
1507.4085,1507.4179,56406,63427,Pipistrellus pygmaeus,0.023,0.024,-1,Echolocation,/mnt/ubna_data_01_mir/recover-20220825/UBNA_002/20220823_033000.WAV,Telephone Field,recover-20220825,002,1795
1507.4155,1507.4235,37500,51209,Pipistrellus nathusii,0.524,0.624,-1,Echolocation,/mnt/ubna_data_01_mir/recover-20220825/UBNA_002/20220823_033000.WAV,Telephone Field,recover-20220825,002,1795
1507.4405,1507.4513,23750,28389,Nyctalus leisleri,0.011,0.022,-1,Echolocation,/mnt/ubna_data_01_mir/recover-20220825/UBNA_002/20220823_033000.WAV,Telephone Field,recover-20220825,002,1795
1507.4445,1507.4805,68437,82147,Rhinolophus ferrumequinum,0.022,0.022,-1,Echolocation,/mnt/ubna_data_01_mir/recover-20220825/UBNA_002/20220823_033000.WAV,Telephone Field,recover-20220825,002,1795
1507.4515,1507.4622,24609,29932,Nyctalus leisleri,0.014,0.031,-1,Echolocation,/mnt/ubna_data_01_mir/recover-20220825/UBNA_002/20220823_033000.WAV,Telephone Field,recover-20220825,002,1795
1507.4675,1507.4769,28046,36572,Eptesicus serotinus,0.01,0.022,-1,Echolocation,/mnt/ubna_data_01_mir/recover-20220825/UBNA_002/20220823_033000.WAV,Telephone Field,recover-20220825,002,1795
1507.4955,1507.534,68437,82700,Rhinolophus ferrumequinum,0.033,0.033,-1,Echolocation,/mnt/ubna_data_01_mir/recover-20220825/UBNA_002/20220823_033000.WAV,Telephone Field,recover-20220825,002,1795
1507.5105,1507.5186,36640,53394,Pipistrellus nathusii,0.499,0.622,-1,Echolocation,/mnt/ubna_data_01_mir/recover-20220825/UBNA_002/20220823_033000.WAV,Telephone Field,recover-20220825,002,1795
1507.5215,1507.529,28046,34428,Eptesicus serotinus,0.005,0.023,-1,Echolocation,/mnt/ubna_data_01_mir/recover-20220825/UBNA_002/20220823_033000.WAV,Telephone Field,recover-20220825,002,1795
1507.5445,1507.5815,68437,82207,Rhinolophus ferrumequinum,0.022,0.022,-1,Echolocation,/mnt/ubna_data_01_mir/recover-20220825/UBNA_002/20220823_033000.WAV,Telephone Field,recover-20220825,002,1795
1507.5625,1507.5701,47812,54790,Pipistrellus pipistrellus,0.018,0.022,-1,Echolocation,/mnt/ubna_data_01_mir/recover-20220825/UBNA_002/20220823_033000.WAV,Telephone Field,recover-20220825,002,1795
1507.5755,1507.6119,68437,82527,Rhinolophus ferrumequinum,0.025,0.025,-1,Echolocation,/mnt/ubna_data_01_mir/recover-20220825/UBNA_002/20220823_033000.WAV,Telephone Field,recover-20220825,002,1795
1507.6105,1507.6211,22890,28967,Nyctalus leisleri,0.01,0.026,-1,Echolocation,/mnt/ubna_data_01_mir/recover-20220825/UBNA_002/20220823_033000.WAV,Telephone Field,recover-20220825,002,1795
1507.6605,1507.6679,34921,49478,Pipistrellus nathusii,0.426,0.545,-1,Echolocation,/mnt/ubna_data_01_mir/recover-20220825/UBNA_002/20220823_033000.WAV,Telephone Field,recover-20220825,002,1795
1507.6755,1507.7098,68437,81569,Rhinolophus ferrumequinum,0.023,0.023,-1,Echolocation,/mnt/ubna_data_01_mir/recover-20220825/UBNA_002/20220823_033000.WAV,Telephone Field,recover-20220825,002,1795
1507.7035,1507.7122,28046,36403,Eptesicus serotinus,0.009,0.024,-1,Echolocation,/mnt/ubna_data_01_mir/recover-20220825/UBNA_002/20220823_033000.WAV,Telephone Field,recover-20220825,002,1795
1507.7085,1507.7151,47812,53983,Pipistrellus pipistrellus,0.022,0.027,-1,Echolocation,/mnt/ubna_data_01_mir/recover-20220825/UBNA_002/20220823_033000.WAV,Telephone Field,recover-20220825,002,1795
1507.7185,1507.7284,28046,35847,Eptesicus serotinus,0.01,0.022,-1,Echolocation,/mnt/ubna_data_01_mir/recover-20220825/UBNA_002/20220823_033000.WAV,Telephone Field,recover-20220825,002,1795
1507.7205,1507.7567,68437,82020,Rhinolophus ferrumequinum,0.023,0.023,-1,Echolocation,/mnt/ubna_data_01_mir/recover-20220825/UBNA_002/20220823_033000.WAV,Telephone Field,recover-20220825,002,1795
1507.7425,1507.7524,39218,43432,Pipistrellus nathusii,0.024,0.034,-1,Echolocation,/mnt/ubna_data_01_mir/recover-20220825/UBNA_002/20220823_033000.WAV,Telephone Field,recover-20220825,002,1795
1507.7465,1507.7848,68437,82049,Rhinolophus ferrumequinum,0.026,0.026,-1,Echolocation,/mnt/ubna_data_01_mir/recover-20220825/UBNA_002/20220823_033000.WAV,Telephone Field,recover-20220825,002,1795
1507.7715,1507.7887,19453,22989,Nyctalus leisleri,0.012,0.024,-1,Echolocation,/mnt/ubna_data_01_mir/recover-20220825/UBNA_002/20220823_033000.WAV,Telephone Field,recover-20220825,002,1795
1507.7725,1507.8118,68437,82757,Rhinolophus ferrumequinum,0.022,0.022,-1,Echolocation,/mnt/ubna_data_01_mir/recover-20220825/UBNA_002/20220823_033000.WAV,Telephone Field,recover-20220825,002,1795
1507.8035,1507.8097,33203,52830,Myotis brandtii,0.011,0.026,-1,Echolocation,/mnt/ubna_data_01_mir/recover-20220825/UBNA_002/20220823_033000.WAV,Telephone Field,recover-20220825,002,1795
1507.8045,1507.8121,40937,52871,Pipistrellus nathusii,0.021,0.041,-1,Echolocation,/mnt/ubna_data_01_mir/recover-20220825/UBNA_002/20220823_033000.WAV,Telephone Field,recover-20220825,002,1795
1507.8065,1507.8128,47812,54784,Pipistrellus pipistrellus,0.019,0.026,-1,Echolocation,/mnt/ubna_data_01_mir/recover-20220825/UBNA_002/20220823_033000.WAV,Telephone Field,recover-20220825,002,1795
1507.8145,1507.8218,48671,53793,Pipistrellus pipistrellus,0.02,0.027,-1,Echolocation,/mnt/ubna_data_01_mir/recover-20220825/UBNA_002/20220823_033000.WAV,Telephone Field,recover-20220825,002,1795
1507.8225,1507.829,38359,49886,Pipistrellus nathusii,0.465,0.524,-1,Echolocation,/mnt/ubna_data_01_mir/recover-20220825/UBNA_002/20220823_033000.WAV,Telephone Field,recover-20220825,002,1795
1507.8375,1507.8764,68437,82501,Rhinolophus ferrumequinum,0.022,0.023,-1,Echolocation,/mnt/ubna_data_01_mir/recover-20220825/UBNA_002/20220823_033000.WAV,Telephone Field,recover-20220825,002,1795
1507.8465,1507.88,68437,81520,Rhinolophus ferrumequinum,0.022,0.022,-1,Echolocation,/mnt/ubna_data_01_mir/recover-20220825/UBNA_002/20220823_033000.WAV,Telephone Field,recover-20220825,002,1795
1507.8695,1507.8773,28046,39711,Eptesicus serotinus,0.007,0.022,-1,Echolocation,/mnt/ubna_data_01_mir/recover-20220825/UBNA_002/20220823_033000.WAV,Telephone Field,recover-20220825,002,1795
1507.8785,1507.8906,27187,32476,Eptesicus serotinus,0.017,0.042,-1,Echolocation,/mnt/ubna_data_01_mir/recover-20220825/UBNA_002/20220823_033000.WAV,Telephone Field,recover-20220825,002,1795
1507.8895,1507.8987,40078,44076,Pipistrellus nathusii,0.015,0.027,-1,Echolocation,/mnt/ubna_data_01_mir/recover-20220825/UBNA_002/20220823_033000.WAV,Telephone Field,recover-20220825,002,1795
1507.9045,1507.9406,68437,81940,Rhinolophus ferrumequinum,0.023,0.023,-1,Echolocation,/mnt/ubna_data_01_mir/recover-20220825/UBNA_002/20220823_033000.WAV,Telephone Field,recover-20220825,002,1795
1507.9155,1507.9226,38359,53042,Pipistrellus nathusii,0.492,0.592,-1,Echolocation,/mnt/ubna_data_01_mir/recover-20220825/UBNA_002/20220823_033000.WAV,Telephone Field,recover-20220825,002,1795
1507.9225,1507.931,27187,35106,Nyctalus leisleri,0.007,0.029,-1,Echolocation,/mnt/ubna_data_01_mir/recover-20220825/UBNA_002/20220823_033000.WAV,Telephone Field,recover-20220825,002,1795
1507.9415,1507.9768,68437,81789,Rhinolophus ferrumequinum,0.023,0.023,-1,Echolocation,/mnt/ubna_data_01_mir/recover-20220825/UBNA_002/20220823_033000.WAV,Telephone Field,recover-20220825,002,1795
1507.9715,1507.9787,28046,39854,Eptesicus serotinus,0.009,0.031,-1,Echolocation,/mnt/ubna_data_01_mir/recover-20220825/UBNA_002/20220823_033000.WAV,Telephone Field,recover-20220825,002,1795
1507.9795,1507.9876,28046,36864,Eptesicus serotinus,0.008,0.022,-1,Echolocation,/mnt/ubna_data_01_mir/recover-20220825/UBNA_002/20220823_033000.WAV,Telephone Field,recover-20220825,002,1795
1508.0015,1508.0093,21171,38312,Myotis nattereri,0.01,0.028,-1,Echolocation,/mnt/ubna_data_01_mir/recover-20220825/UBNA_002/20220823_033000.WAV,Telephone Field,recover-20220825,002,1795
1508.0015,1508.0175,51250,56414,Pipistrellus pygmaeus,0.014,0.028,-1,Echolocation,/mnt/ubna_data_01_mir/recover-20220825/UBNA_002/20220823_033000.WAV,Telephone Field,recover-20220825,002,1795
1508.0015,1508.0057,39218,51013,Pipistrellus nathusii,0.137,0.165,-1,Echolocation,/mnt/ubna_data_01_mir/recover-20220825/UBNA_002/20220823_033000.WAV,Telephone Field,recover-20220825,002,1795
1508.0825,1508.0874,29765,76138,Myotis bechsteinii,0.075,0.117,-1,Echolocation,/mnt/ubna_data_01_mir/recover-20220825/UBNA_002/20220823_033000.WAV,Telephone Field,recover-20220825,002,1795
1508.0825,1508.0898,40078,56803,Pipistrellus nathusii,0.399,0.503,-1,Echolocation,/mnt/ubna_data_01_mir/recover-20220825/UBNA_002/20220823_033000.WAV,Telephone Field,recover-20220825,002,1795
1508.0905,1508.1225,68437,81481,Rhinolophus ferrumequinum,0.024,0.024,-1,Echolocation,/mnt/ubna_data_01_mir/recover-20220825/UBNA_002/20220823_033000.WAV,Telephone Field,recover-20220825,002,1795
1508.0905,1508.0961,31484,46375,Myotis daubentonii,0.008,0.021,-1,Echolocation,/mnt/ubna_data_01_mir/recover-20220825/UBNA_002/20220823_033000.WAV,Telephone Field,recover-20220825,002,1795
1508.0985,1508.1318,68437,81030,Rhinolophus ferrumequinum,0.025,0.025,-1,Echolocation,/mnt/ubna_data_01_mir/recover-20220825/UBNA_002/20220823_033000.WAV,Telephone Field,recover-20220825,002,1795
1508.1155,1508.1231,28906,36633,Eptesicus serotinus,0.007,0.021,-1,Echolocation,/mnt/ubna_data_01_mir/recover-20220825/UBNA_002/20220823_033000.WAV,Telephone Field,recover-20220825,002,1795
1508.1325,1508.139,56406,63696,Pipistrellus pygmaeus,0.022,0.022,-1,Echolocation,/mnt/ubna_data_01_mir/recover-20220825/UBNA_002/20220823_033000.WAV,Telephone Field,recover-20220825,002,1795
1508.1355,1508.1445,44375,53746,Pipistrellus pipistrellus,0.017,0.03,-1,Echolocation,/mnt/ubna_data_01_mir/recover-20220825/UBNA_002/20220823_033000.WAV,Telephone Field,recover-20220825,002,1795
1508.1355,1508.1675,68437,80879,Rhinolophus ferrumequinum,0.021,0.021,-1,Echolocation,/mnt/ubna_data_01_mir/recover-20220825/UBNA_002/20220823_033000.WAV,Telephone Field,recover-20220825,002,1795
1508.1455,1508.1513,33203,41414,Myotis daubentonii,0.008,0.025,-1,Echolocation,/mnt/ubna_data_01_mir/recover-20220825/UBNA_002/20220823_033000.WAV,Telephone Field,recover-20220825,002,1795
1508.1575,1508.163,29765,74425,Myotis bechsteinii,0.022,0.049,-1,Echolocation,/mnt/ubna_data_01_mir/recover-20220825/UBNA_002/20220823_033000.WAV,Telephone Field,recover-20220825,002,1795
1508.1585,1508.1658,40078,64881,Pipistrellus nathusii,0.471,0.561,-1,Echolocation,/mnt/ubna_data_01_mir/recover-20220825/UBNA_002/20220823_033000.WAV,Telephone Field,recover-20220825,002,1795
1508.1665,1508.1721,32343,47219,Myotis daubentonii,0.008,0.021,-1,Echolocation,/mnt/ubna_data_01_mir/recover-20220825/UBNA_002/20220823_033000.WAV,Telephone Field,recover-20220825,002,1795
1508.1665,1508.1746,27187,38289,Eptesicus serotinus,0.006,0.022,-1,Echolocation,/mnt/ubna_data_01_mir/recover-20220825/UBNA_002/20220823_033000.WAV,Telephone Field,recover-20220825,002,1795
1508.2125,1508.2248,24609,29892,Nyctalus leisleri,0.012,0.025,-1,Echolocation,/mnt/ubna_data_01_mir/recover-20220825/UBNA_002/20220823_033000.WAV,Telephone Field,recover-20220825,002,1795
1508.2215,1508.2297,58984,65323,Pipistrellus pygmaeus,0.03,0.03,-1,Echolocation,/mnt/ubna_data_01_mir/recover-20220825/UBNA_002/20220823_033000.WAV,Telephone Field,recover-20220825,002,1795
1508.2395,1508.2446,30625,81631,Myotis bechsteinii,0.078,0.131,-1,Echolocation,/mnt/ubna_data_01_mir/recover-20220825/UBNA_002/20220823_033000.WAV,Telephone Field,recover-20220825,002,1795
1508.2395,1508.2456,39218,61043,Pipistrellus nathusii,0.332,0.492,-1,Echolocation,/mnt/ubna_data_01_mir/recover-20220825/UBNA_002/20220823_033000.WAV,Telephone Field,recover-20220825,002,1795
1508.2485,1508.2564,28046,35965,Eptesicus serotinus,0.007,0.026,-1,Echolocation,/mnt/ubna_data_01_mir/recover-20220825/UBNA_002/20220823_033000.WAV,Telephone Field,recover-20220825,002,1795
1508.3285,1508.3355,50390,59490,Pipistrellus pipistrellus,0.013,0.028,-1,Echolocation,/mnt/ubna_data_01_mir/recover-20220825/UBNA_002/20220823_033000.WAV,Telephone Field,recover-20220825,002,1795
1508.3305,1508.3388,58984,65298,Pipistrellus pygmaeus,0.02,0.021,-1,Echolocation,/mnt/ubna_data_01_mir/recover-20220825/UBNA_002/20220823_033000.WAV,Telephone Field,recover-20220825,002,1795
1508.3305,1508.3377,39218,67090,Pipistrellus nathusii,0.579,0.642,-1,Echolocation,/mnt/ubna_data_01_mir/recover-20220825/UBNA_002/20220823_033000.WAV,Telephone Field,recover-20220825,002,1795
1508.3365,1508.3486,15156,25394,Nyctalus noctula,0.023,0.04,-1,Echolocation,/mnt/ubna_data_01_mir/recover-20220825/UBNA_002/20220823_033000.WAV,Telephone Field,recover-20220825,002,1795
1508.3395,1508.3453,38359,52431,Myotis brandtii,0.015,0.029,-1,Echolocation,/mnt/ubna_data_01_mir/recover-20220825/UBNA_002/20220823_033000.WAV,Telephone Field,recover-20220825,002,1795
1508.3395,1508.3468,27187,38080,Eptesicus serotinus,0.006,0.021,-1,Echolocation,/mnt/ubna_data_01_mir/recover-20220825/UBNA_002/20220823_033000.WAV,Telephone Field,recover-20220825,002,1795
1508.3475,1508.3799,68437,80753,Rhinolophus ferrumequinum,0.022,0.022,-1,Echolocation,/mnt/ubna_data_01_mir/recover-20220825/UBNA_002/20220823_033000.WAV,Telephone Field,recover-20220825,002,1795
1508.3685,1508.3772,28046,36832,Eptesicus serotinus,0.008,0.022,-1,Echolocation,/mnt/ubna_data_01_mir/recover-20220825/UBNA_002/20220823_033000.WAV,Telephone Field,recover-20220825,002,1795
1508.4165,1508.4247,48671,54712,Pipistrellus pipistrellus,0.021,0.04,-1,Echolocation,/mnt/ubna_data_01_mir/recover-20220825/UBNA_002/20220823_033000.WAV,Telephone Field,recover-20220825,002,1795
1508.4175,1508.4239,28046,77892,Myotis bechsteinii,0.11,0.136,-1,Echolocation,/mnt/ubna_data_01_mir/recover-20220825/UBNA_002/20220823_033000.WAV,Telephone Field,recover-20220825,002,1795
1508.4185,1508.4246,35781,60224,Pipistrellus nathusii,0.309,0.579,-1,Echolocation,/mnt/ubna_data_01_mir/recover-20220825/UBNA_002/20220823_033000.WAV,Telephone Field,recover-20220825,002,1795
1508.4285,1508.4354,26328,36721,Eptesicus serotinus,0.006,0.024,-1,Echolocation,/mnt/ubna_data_01_mir/recover-20220825/UBNA_002/20220823_033000.WAV,Telephone Field,recover-20220825,002,1795
1508.4335,1508.4691,68437,81328,Rhinolophus ferrumequinum,0.021,0.021,-1,Echolocation,/mnt/ubna_data_01_mir/recover-20220825/UBNA_002/20220823_033000.WAV,Telephone Field,recover-20220825,002,1795
1508.5185,1508.5242,31484,63680,Myotis bechsteinii,0.011,0.026,-1,Echolocation,/mnt/ubna_data_01_mir/recover-20220825/UBNA_002/20220823_033000.WAV,Telephone Field,recover-20220825,002,1795
1508.5205,1508.528,48671,54823,Pipistrellus pipistrellus,0.016,0.03,-1,Echolocation,/mnt/ubna_data_01_mir/recover-20220825/UBNA_002/20220823_033000.WAV,Telephone Field,recover-20220825,002,1795
1508.5225,1508.5299,40078,62046,Pipistrellus nathusii,0.645,0.707,-1,Echolocation,/mnt/ubna_data_01_mir/recover-20220825/UBNA_002/20220823_033000.WAV,Telephone Field,recover-20220825,002,1795
1508.5395,1508.5756,68437,81678,Rhinolophus ferrumequinum,0.028,0.028,-1,Echolocation,/mnt/ubna_data_01_mir/recover-20220825/UBNA_002/20220823_033000.WAV,Telephone Field,recover-20220825,002,1795
1508.5455,1508.5851,68437,82489,Rhinolophus ferrumequinum,0.028,0.028,-1,Echolocation,/mnt/ubna_data_01_mir/recover-20220825/UBNA_002/20220823_033000.WAV,Telephone Field,recover-20220825,002,1795
1508.5705,1508.6063,68437,82088,Rhinolophus ferrumequinum,0.02,0.021,-1,Echolocation,/mnt/ubna_data_01_mir/recover-20220825/UBNA_002/20220823_033000.WAV,Telephone Field,recover-20220825,002,1795
1508.6025,1508.6095,39218,64060,Pipistrellus nathusii,0.418,0.537,-1,Echolocation,/mnt/ubna_data_01_mir/recover-20220825/UBNA_002/20220823_033000.WAV,Telephone Field,recover-20220825,002,1795
1508.6025,1508.6086,29765,81338,Myotis bechsteinii,0.066,0.095,-1,Echolocation,/mnt/ubna_data_01_mir/recover-20220825/UBNA_002/20220823_033000.WAV,Telephone Field,recover-20220825,002,1795
1508.6055,1508.6116,47812,53608,Pipistrellus pipistrellus,0.013,0.026,-1,Echolocation,/mnt/ubna_data_01_mir/recover-20220825/UBNA_002/20220823_033000.WAV,Telephone Field,recover-20220825,002,1795
1508.6125,1508.6191,27187,39256,Eptesicus serotinus,0.005,0.024,-1,Echolocation,/mnt/ubna_data_01_mir/recover-20220825/UBNA_002/20220823_033000.WAV,Telephone Field,recover-20220825,002,1795
1508.6705,1508.6815,49531,53762,Pipistrellus pygmaeus,0.03,0.043,-1,Echolocation,/mnt/ubna_data_01_mir/recover-20220825/UBNA_002/20220823_033000.WAV,Telephone Field,recover-20220825,002,1795
1508.6775,1508.6846,39218,61970,Pipistrellus nathusii,0.682,0.709,-1,Echolocation,/mnt/ubna_data_01_mir/recover-20220825/UBNA_002/20220823_033000.WAV,Telephone Field,recover-20220825,002,1795
1508.6775,1508.6833,30625,68449,Myotis bechsteinii,0.027,0.061,-1,Echolocation,/mnt/ubna_data_01_mir/recover-20220825/UBNA_002/20220823_033000.WAV,Telephone Field,recover-20220825,002,1795
1508.6825,1508.6926,16015,32451,Nyctalus noctula,0.009,0.023,-1,Echolocation,/mnt/ubna_data_01_mir/recover-20220825/UBNA_002/20220823_033000.WAV,Telephone Field,recover-20220825,002,1795
1508.6855,1508.693,28046,37465,Eptesicus serotinus,0.005,0.022,-1,Echolocation,/mnt/ubna_data_01_mir/recover-20220825/UBNA_002/20220823_033000.WAV,Telephone Field,recover-20220825,002,1795
1508.6865,1508.692,34062,51749,Myotis brandtii,0.01,0.022,-1,Echolocation,/mnt/ubna_data_01_mir/recover-20220825/UBNA_002/20220823_033000.WAV,Telephone Field,recover-20220825,002,1795
1508.6915,1508.7272,68437,81293,Rhinolophus ferrumequinum,0.027,0.027,-1,Echolocation,/mnt/ubna_data_01_mir/recover-20220825/UBNA_002/20220823_033000.WAV,Telephone Field,recover-20220825,002,1795
1508.7155,1508.7539,68437,82211,Rhinolophus ferrumequinum,0.022,0.022,-1,Echolocation,/mnt/ubna_data_01_mir/recover-20220825/UBNA_002/20220823_033000.WAV,Telephone Field,recover-20220825,002,1795
1508.7545,1508.7615,28906,36217,Eptesicus serotinus,0.006,0.021,-1,Echolocation,/mnt/ubna_data_01_mir/recover-20220825/UBNA_002/20220823_033000.WAV,Telephone Field,recover-20220825,002,1795
1508.7605,1508.7705,50390,54988,Pipistrellus pipistrellus,0.031,0.043,-1,Echolocation,/mnt/ubna_data_01_mir/recover-20220825/UBNA_002/20220823_033000.WAV,Telephone Field,recover-20220825,002,1795
1508.7675,1508.7738,29765,74199,Myotis bechsteinii,0.061,0.091,-1,Echolocation,/mnt/ubna_data_01_mir/recover-20220825/UBNA_002/20220823_033000.WAV,Telephone Field,recover-20220825,002,1795
1508.7685,1508.7757,38359,59948,Pipistrellus nathusii,0.437,0.59,-1,Echolocation,/mnt/ubna_data_01_mir/recover-20220825/UBNA_002/20220823_033000.WAV,Telephone Field,recover-20220825,002,1795
1508.7775,1508.7833,26328,40224,Plecotus auritus,0.005,0.025,-1,Echolocation,/mnt/ubna_data_01_mir/recover-20220825/UBNA_002/20220823_033000.WAV,Telephone Field,recover-20220825,002,1795
1508.7785,1508.7835,31484,46360,Myotis daubentonii,0.009,0.025,-1,Echolocation,/mnt/ubna_data_01_mir/recover-20220825/UBNA_002/20220823_033000.WAV,Telephone Field,recover-20220825,002,1795
1508.8155,1508.8519000000001,68437,81714,Rhinolophus ferrumequinum,0.021,0.021,-1,Echolocation,/mnt/ubna_data_01_mir/recover-20220825/UBNA_002/20220823_033000.WAV,Telephone Field,recover-20220825,002,1795
1508.8255,1508.8343,46093,52798,Pipistrellus pipistrellus,0.024,0.028,-1,Echolocation,/mnt/ubna_data_01_mir/recover-20220825/UBNA_002/20220823_033000.WAV,Telephone Field,recover-20220825,002,1795
1508.8285,1508.8385,27187,36542,Eptesicus serotinus,0.041,0.065,-1,Echolocation,/mnt/ubna_data_01_mir/recover-20220825/UBNA_002/20220823_033000.WAV,Telephone Field,recover-20220825,002,1795
1508.8425,1508.8512,26328,32331,Eptesicus serotinus,0.008,0.024,-1,Echolocation,/mnt/ubna_data_01_mir/recover-20220825/UBNA_002/20220823_033000.WAV,Telephone Field,recover-20220825,002,1795
1508.8545,1508.8622,37500,63588,Pipistrellus nathusii,0.488,0.572,-1,Echolocation,/mnt/ubna_data_01_mir/recover-20220825/UBNA_002/20220823_033000.WAV,Telephone Field,recover-20220825,002,1795
1508.8555,1508.8633,48671,56701,Pipistrellus pipistrellus,0.021,0.033,-1,Echolocation,/mnt/ubna_data_01_mir/recover-20220825/UBNA_002/20220823_033000.WAV,Telephone Field,recover-20220825,002,1795
1508.8645,1508.8714,26328,37719,Eptesicus serotinus,0.005,0.021,-1,Echolocation,/mnt/ubna_data_01_mir/recover-20220825/UBNA_002/20220823_033000.WAV,Telephone Field,recover-20220825,002,1795
1508.8685,1508.9002,68437,81171,Rhinolophus ferrumequinum,0.027,0.027,-1,Echolocation,/mnt/ubna_data_01_mir/recover-20220825/UBNA_002/20220823_033000.WAV,Telephone Field,recover-20220825,002,1795
1508.8935,1508.9019,57265,64008,Pipistrellus pygmaeus,0.036,0.036,-1,Echolocation,/mnt/ubna_data_01_mir/recover-20220825/UBNA_002/20220823_033000.WAV,Telephone Field,recover-20220825,002,1795
1508.9535,1508.9596,28046,82129,Myotis bechsteinii,0.118,0.146,-1,Echolocation,/mnt/ubna_data_01_mir/recover-20220825/UBNA_002/20220823_033000.WAV,Telephone Field,recover-20220825,002,1795
1508.9545,1508.9614,36640,67371,Pipistrellus nathusii,0.401,0.533,-1,Echolocation,/mnt/ubna_data_01_mir/recover-20220825/UBNA_002/20220823_033000.WAV,Telephone Field,recover-20220825,002,1795
1508.9635,1508.9697,26328,39165,Eptesicus serotinus,0.004,0.023,-1,Echolocation,/mnt/ubna_data_01_mir/recover-20220825/UBNA_002/20220823_033000.WAV,Telephone Field,recover-20220825,002,1795
1508.9645,1508.97,34062,54398,Myotis brandtii,0.01,0.025,-1,Echolocation,/mnt/ubna_data_01_mir/recover-20220825/UBNA_002/20220823_033000.WAV,Telephone Field,recover-20220825,002,1795
1508.9775,1509.0148,68437,82012,Rhinolophus ferrumequinum,0.022,0.022,-1,Echolocation,/mnt/ubna_data_01_mir/recover-20220825/UBNA_002/20220823_033000.WAV,Telephone Field,recover-20220825,002,1795
1508.9805,1508.9888,57265,63030,Pipistrellus pygmaeus,0.025,0.025,-1,Echolocation,/mnt/ubna_data_01_mir/recover-20220825/UBNA_002/20220823_033000.WAV,Telephone Field,recover-20220825,002,1795
1509.0095,1509.0156,41796,61381,Pipistrellus nathusii,0.486,0.518,-1,Echolocation,/mnt/ubna_data_01_mir/recover-20220825/UBNA_002/20220823_033000.WAV,Telephone Field,recover-20220825,002,1795
1509.0095,1509.0148,30625,77229,Myotis bechsteinii,0.057,0.091,-1,Echolocation,/mnt/ubna_data_01_mir/recover-20220825/UBNA_002/20220823_033000.WAV,Telephone Field,recover-20220825,002,1795
1509.0175,1509.0253,28046,41018,Eptesicus serotinus,0.007,0.023,-1,Echolocation,/mnt/ubna_data_01_mir/recover-20220825/UBNA_002/20220823_033000.WAV,Telephone Field,recover-20220825,002,1795
1509.0175,1509.0230999999999,35781,49486,Myotis brandtii,0.009,0.022,-1,Echolocation,/mnt/ubna_data_01_mir/recover-20220825/UBNA_002/20220823_033000.WAV,Telephone Field,recover-20220825,002,1795
1509.0285,1509.065,68437,82084,Rhinolophus ferrumequinum,0.021,0.021,-1,Echolocation,/mnt/ubna_data_01_mir/recover-20220825/UBNA_002/20220823_033000.WAV,Telephone Field,recover-20220825,002,1795
1509.0385,1509.0764,68437,81934,Rhinolophus ferrumequinum,0.02,0.021,-1,Echolocation,/mnt/ubna_data_01_mir/recover-20220825/UBNA_002/20220823_033000.WAV,Telephone Field,recover-20220825,002,1795
1509.0775,1509.0905,43515,50067,Pipistrellus pipistrellus,0.016,0.028,-1,Echolocation,/mnt/ubna_data_01_mir/recover-20220825/UBNA_002/20220823_033000.WAV,Telephone Field,recover-20220825,002,1795
1509.0775,1509.1106,68437,81069,Rhinolophus ferrumequinum,0.021,0.021,-1,Echolocation,/mnt/ubna_data_01_mir/recover-20220825/UBNA_002/20220823_033000.WAV,Telephone Field,recover-20220825,002,1795
1509.0975,1509.1348,68437,82584,Rhinolophus ferrumequinum,0.022,0.022,-1,Echolocation,/mnt/ubna_data_01_mir/recover-20220825/UBNA_002/20220823_033000.WAV,Telephone Field,recover-20220825,002,1795
1509.1305,1509.1377,37500,66590,Pipistrellus nathusii,0.565,0.632,-1,Echolocation,/mnt/ubna_data_01_mir/recover-20220825/UBNA_002/20220823_033000.WAV,Telephone Field,recover-20220825,002,1795
1509.1395,1509.1453,26328,39029,Eptesicus serotinus,0.004,0.021,-1,Echolocation,/mnt/ubna_data_01_mir/recover-20220825/UBNA_002/20220823_033000.WAV,Telephone Field,recover-20220825,002,1795
1509.1685,1509.2084,68437,82341,Rhinolophus ferrumequinum,0.022,0.022,-1,Echolocation,/mnt/ubna_data_01_mir/recover-20220825/UBNA_002/20220823_033000.WAV,Telephone Field,recover-20220825,002,1795
1509.2275,1509.2348,29765,69937,Myotis bechsteinii,0.025,0.052,-1,Echolocation,/mnt/ubna_data_01_mir/recover-20220825/UBNA_002/20220823_033000.WAV,Telephone Field,recover-20220825,002,1795
1509.2285,1509.2365,37500,64073,Pipistrellus nathusii,0.598,0.637,-1,Echolocation,/mnt/ubna_data_01_mir/recover-20220825/UBNA_002/20220823_033000.WAV,Telephone Field,recover-20220825,002,1795
1509.2385,1509.2478,28046,35690,Eptesicus serotinus,0.011,0.03,-1,Echolocation,/mnt/ubna_data_01_mir/recover-20220825/UBNA_002/20220823_033000.WAV,Telephone Field,recover-20220825,002,1795
1509.2405,1509.2703,68437,80924,Rhinolophus ferrumequinum,0.021,0.022,-1,Echolocation,/mnt/ubna_data_01_mir/recover-20220825/UBNA_002/20220823_033000.WAV,Telephone Field,recover-20220825,002,1795
1509.2795,1509.32,68437,82786,Rhinolophus ferrumequinum,0.025,0.025,-1,Echolocation,/mnt/ubna_data_01_mir/recover-20220825/UBNA_002/20220823_033000.WAV,Telephone Field,recover-20220825,002,1795
1509.3345,1509.3423,36640,63263,Pipistrellus nathusii,0.54,0.604,-1,Echolocation,/mnt/ubna_data_01_mir/recover-20220825/UBNA_002/20220823_033000.WAV,Telephone Field,recover-20220825,002,1795
1509.3345,1509.3422,53828,62302,Pipistrellus pygmaeus,0.024,0.03,-1,Echolocation,/mnt/ubna_data_01_mir/recover-20220825/UBNA_002/20220823_033000.WAV,Telephone Field,recover-20220825,002,1795
1509.3445,1509.35,34921,50162,Myotis brandtii,0.011,0.027,-1,Echolocation,/mnt/ubna_data_01_mir/recover-20220825/UBNA_002/20220823_033000.WAV,Telephone Field,recover-20220825,002,1795
1509.3795,1509.3875,28046,36092,Eptesicus serotinus,0.011,0.029,-1,Echolocation,/mnt/ubna_data_01_mir/recover-20220825/UBNA_002/20220823_033000.WAV,Telephone Field,recover-20220825,002,1795
1509.3845,1509.4243,68437,82388,Rhinolophus ferrumequinum,0.022,0.022,-1,Echolocation,/mnt/ubna_data_01_mir/recover-20220825/UBNA_002/20220823_033000.WAV,Telephone Field,recover-20220825,002,1795
1509.4235,1509.4306,28046,37312,Eptesicus serotinus,0.005,0.022,-1,Echolocation,/mnt/ubna_data_01_mir/recover-20220825/UBNA_002/20220823_033000.WAV,Telephone Field,recover-20220825,002,1795
1509.4275,1509.4603,68437,80799,Rhinolophus ferrumequinum,0.022,0.022,-1,Echolocation,/mnt/ubna_data_01_mir/recover-20220825/UBNA_002/20220823_033000.WAV,Telephone Field,recover-20220825,002,1795
1509.4355,1509.4441,48671,57089,Pipistrellus pipistrellus,0.016,0.028,-1,Echolocation,/mnt/ubna_data_01_mir/recover-20220825/UBNA_002/20220823_033000.WAV,Telephone Field,recover-20220825,002,1795
1509.4355,1509.4446,36640,60858,Pipistrellus nathusii,0.625,0.688,-1,Echolocation,/mnt/ubna_data_01_mir/recover-20220825/UBNA_002/20220823_033000.WAV,Telephone Field,recover-20220825,002,1795
1509.4805,1509.4884,28906,38525,Eptesicus serotinus,0.007,0.024,-1,Echolocation,/mnt/ubna_data_01_mir/recover-20220825/UBNA_002/20220823_033000.WAV,Telephone Field,recover-20220825,002,1795
1509.5235,1509.5323,28906,35280,Eptesicus serotinus,0.009,0.023,-1,Echolocation,/mnt/ubna_data_01_mir/recover-20220825/UBNA_002/20220823_033000.WAV,Telephone Field,recover-20220825,002,1795
1509.5265,1509.533,48671,54316,Pipistrellus pipistrellus,0.018,0.023,-1,Echolocation,/mnt/ubna_data_01_mir/recover-20220825/UBNA_002/20220823_033000.WAV,Telephone Field,recover-20220825,002,1795
1509.5365,1509.5441,28906,61866,Myotis bechsteinii,0.023,0.043,-1,Echolocation,/mnt/ubna_data_01_mir/recover-20220825/UBNA_002/20220823_033000.WAV,Telephone Field,recover-20220825,002,1795
1509.5375,1509.5473,35781,59326,Pipistrellus nathusii,0.443,0.577,-1,Echolocation,/mnt/ubna_data_01_mir/recover-20220825/UBNA_002/20220823_033000.WAV,Telephone Field,recover-20220825,002,1795
1509.5395,1509.5466,48671,59737,Pipistrellus pipistrellus,0.013,0.029,-1,Echolocation,/mnt/ubna_data_01_mir/recover-20220825/UBNA_002/20220823_033000.WAV,Telephone Field,recover-20220825,002,1795
1509.5455,1509.552,26328,39830,Eptesicus serotinus,0.005,0.026,-1,Echolocation,/mnt/ubna_data_01_mir/recover-20220825/UBNA_002/20220823_033000.WAV,Telephone Field,recover-20220825,002,1795
1509.6285,1509.6369,49531,54423,Pipistrellus pipistrellus,0.019,0.028,-1,Echolocation,/mnt/ubna_data_01_mir/recover-20220825/UBNA_002/20220823_033000.WAV,Telephone Field,recover-20220825,002,1795
1509.6335,1509.6419,34921,60339,Pipistrellus nathusii,0.284,0.43,-1,Echolocation,/mnt/ubna_data_01_mir/recover-20220825/UBNA_002/20220823_033000.WAV,Telephone Field,recover-20220825,002,1795
1509.6355,1509.6433,49531,57024,Pipistrellus pipistrellus,0.012,0.027,-1,Echolocation,/mnt/ubna_data_01_mir/recover-20220825/UBNA_002/20220823_033000.WAV,Telephone Field,recover-20220825,002,1795
1509.6425,1509.6492,26328,38954,Eptesicus serotinus,0.01,0.03,-1,Echolocation,/mnt/ubna_data_01_mir/recover-20220825/UBNA_002/20220823_033000.WAV,Telephone Field,recover-20220825,002,1795
1509.6475,1509.6765,68437,80415,Rhinolophus ferrumequinum,0.02,0.021,-1,Echolocation,/mnt/ubna_data_01_mir/recover-20220825/UBNA_002/20220823_033000.WAV,Telephone Field,recover-20220825,002,1795
1509.6715,1509.6785,49531,56134,Pipistrellus pipistrellus,0.018,0.022,-1,Echolocation,/mnt/ubna_data_01_mir/recover-20220825/UBNA_002/20220823_033000.WAV,Telephone Field,recover-20220825,002,1795
1509.6915,1509.7002,28046,36060,Eptesicus serotinus,0.008,0.024,-1,Echolocation,/mnt/ubna_data_01_mir/recover-20220825/UBNA_002/20220823_033000.WAV,Telephone Field,recover-20220825,002,1795
1509.7075,1509.7431,68437,81255,Rhinolophus ferrumequinum,0.021,0.021,-1,Echolocation,/mnt/ubna_data_01_mir/recover-20220825/UBNA_002/20220823_033000.WAV,Telephone Field,recover-20220825,002,1795
1509.7125,1509.7231,22890,27518,Nyctalus leisleri,0.011,0.022,-1,Echolocation,/mnt/ubna_data_01_mir/recover-20220825/UBNA_002/20220823_033000.WAV,Telephone Field,recover-20220825,002,1795
1509.7415,1509.7487,44375,60811,Pipistrellus pipistrellus,0.015,0.039,-1,Echolocation,/mnt/ubna_data_01_mir/recover-20220825/UBNA_002/20220823_033000.WAV,Telephone Field,recover-20220825,002,1795
1509.7435,1509.7529,35781,62450,Pipistrellus nathusii,0.284,0.455,-1,Echolocation,/mnt/ubna_data_01_mir/recover-20220825/UBNA_002/20220823_033000.WAV,Telephone Field,recover-20220825,002,1795
1509.7435,1509.7507,28046,62928,Myotis bechsteinii,0.018,0.039,-1,Echolocation,/mnt/ubna_data_01_mir/recover-20220825/UBNA_002/20220823_033000.WAV,Telephone Field,recover-20220825,002,1795
1509.7875,1509.798,28046,37511,Eptesicus serotinus,0.009,0.021,-1,Echolocation,/mnt/ubna_data_01_mir/recover-20220825/UBNA_002/20220823_033000.WAV,Telephone Field,recover-20220825,002,1795
1509.8445,1509.8541,35781,61857,Pipistrellus nathusii,0.508,0.614,-1,Echolocation,/mnt/ubna_data_01_mir/recover-20220825/UBNA_002/20220823_033000.WAV,Telephone Field,recover-20220825,002,1795
1509.8525,1509.8583,28046,43154,Myotis daubentonii,0.009,0.022,-1,Echolocation,/mnt/ubna_data_01_mir/recover-20220825/UBNA_002/20220823_033000.WAV,Telephone Field,recover-20220825,002,1795
1509.8565,1509.8842,68437,81000,Rhinolophus ferrumequinum,0.025,0.025,-1,Echolocation,/mnt/ubna_data_01_mir/recover-20220825/UBNA_002/20220823_033000.WAV,Telephone Field,recover-20220825,002,1795
1509.8825,1509.8933,23750,29522,Nyctalus leisleri,0.009,0.021,-1,Echolocation,/mnt/ubna_data_01_mir/recover-20220825/UBNA_002/20220823_033000.WAV,Telephone Field,recover-20220825,002,1795
1509.8955,1509.93,68437,80816,Rhinolophus ferrumequinum,0.021,0.021,-1,Echolocation,/mnt/ubna_data_01_mir/recover-20220825/UBNA_002/20220823_033000.WAV,Telephone Field,recover-20220825,002,1795
1509.9035,1509.9104,53828,61253,Pipistrellus pygmaeus,0.026,0.027,-1,Echolocation,/mnt/ubna_data_01_mir/recover-20220825/UBNA_002/20220823_033000.WAV,Telephone Field,recover-20220825,002,1795
1509.9215,1509.9286,26328,38733,Myotis nattereri,0.005,0.021,-1,Echolocation,/mnt/ubna_data_01_mir/recover-20220825/UBNA_002/20220823_033000.WAV,Telephone Field,recover-20220825,002,1795
1509.9415,1509.9486,42656,55358,Pipistrellus pipistrellus,0.015,0.061,-1,Echolocation,/mnt/ubna_data_01_mir/recover-20220825/UBNA_002/20220823_033000.WAV,Telephone Field,recover-20220825,002,1795
1509.9435,1509.9521,34921,57148,Pipistrellus nathusii,0.423,0.532,-1,Echolocation,/mnt/ubna_data_01_mir/recover-20220825/UBNA_002/20220823_033000.WAV,Telephone Field,recover-20220825,002,1795
1509.9535,1509.9596,25468,39046,Eptesicus serotinus,0.005,0.025,-1,Echolocation,/mnt/ubna_data_01_mir/recover-20220825/UBNA_002/20220823_033000.WAV,Telephone Field,recover-20220825,002,1795
1509.9565,1509.9843,68437,80537,Rhinolophus ferrumequinum,0.023,0.024,-1,Echolocation,/mnt/ubna_data_01_mir/recover-20220825/UBNA_002/20220823_033000.WAV,Telephone Field,recover-20220825,002,1795
1509.9795,1509.9869,48671,56367,Pipistrellus pipistrellus,0.017,0.023,-1,Echolocation,/mnt/ubna_data_01_mir/recover-20220825/UBNA_002/20220823_033000.WAV,Telephone Field,recover-20220825,002,1795
1510.0015,1510.0288,68437,80517,Rhinolophus ferrumequinum,0.037,0.038,-1,Echolocation,/mnt/ubna_data_01_mir/recover-20220825/UBNA_002/20220823_033000.WAV,Telephone Field,recover-20220825,002,1795
1510.0015,1510.0106,22890,31191,Nyctalus leisleri,0.007,0.022,-1,Echolocation,/mnt/ubna_data_01_mir/recover-20220825/UBNA_002/20220823_033000.WAV,Telephone Field,recover-20220825,002,1795
1510.0015,1510.0131,41796,47497,Pipistrellus nathusii,0.018,0.031,-1,Echolocation,/mnt/ubna_data_01_mir/recover-20220825/UBNA_002/20220823_033000.WAV,Telephone Field,recover-20220825,002,1795
1510.0065,1510.0156,42656,48317,Pipistrellus pipistrellus,0.014,0.03,-1,Echolocation,/mnt/ubna_data_01_mir/recover-20220825/UBNA_002/20220823_033000.WAV,Telephone Field,recover-20220825,002,1795
1510.0075,1510.0133,32343,57453,Myotis daubentonii,0.01,0.021,-1,Echolocation,/mnt/ubna_data_01_mir/recover-20220825/UBNA_002/20220823_033000.WAV,Telephone Field,recover-20220825,002,1795
1510.0235,1510.0619,68437,82025,Rhinolophus ferrumequinum,0.023,0.023,-1,Echolocation,/mnt/ubna_data_01_mir/recover-20220825/UBNA_002/20220823_033000.WAV,Telephone Field,recover-20220825,002,1795
1510.0335,1510.0415,40937,48769,Myotis brandtii,0.006,0.02,-1,Echolocation,/mnt/ubna_data_01_mir/recover-20220825/UBNA_002/20220823_033000.WAV,Telephone Field,recover-20220825,002,1795
1510.0345,1510.0429,27187,44267,Eptesicus serotinus,0.008,0.021,-1,Echolocation,/mnt/ubna_data_01_mir/recover-20220825/UBNA_002/20220823_033000.WAV,Telephone Field,recover-20220825,002,1795
1510.0515,1510.0608,58125,64887,Pipistrellus pygmaeus,0.022,0.022,-1,Echolocation,/mnt/ubna_data_01_mir/recover-20220825/UBNA_002/20220823_033000.WAV,Telephone Field,recover-20220825,002,1795
1510.0825,1510.093,46953,53653,Pipistrellus pipistrellus,0.021,0.025,-1,Echolocation,/mnt/ubna_data_01_mir/recover-20220825/UBNA_002/20220823_033000.WAV,Telephone Field,recover-20220825,002,1795
1510.0885,1510.0985,43515,49682,Pipistrellus pipistrellus,0.014,0.023,-1,Echolocation,/mnt/ubna_data_01_mir/recover-20220825/UBNA_002/20220823_033000.WAV,Telephone Field,recover-20220825,002,1795
1510.0975,1510.1067,44375,47205,Pipistrellus pipistrellus,0.017,0.024,-1,Echolocation,/mnt/ubna_data_01_mir/recover-20220825/UBNA_002/20220823_033000.WAV,Telephone Field,recover-20220825,002,1795
1510.1155,1510.1223,50390,54691,Pipistrellus pipistrellus,0.023,0.038,-1,Echolocation,/mnt/ubna_data_01_mir/recover-20220825/UBNA_002/20220823_033000.WAV,Telephone Field,recover-20220825,002,1795
1510.1195,1510.1265,28046,63465,Myotis bechsteinii,0.038,0.077,-1,Echolocation,/mnt/ubna_data_01_mir/recover-20220825/UBNA_002/20220823_033000.WAV,Telephone Field,recover-20220825,002,1795
1510.1215,1510.1286,34921,59302,Pipistrellus nathusii,0.405,0.544,-1,Echolocation,/mnt/ubna_data_01_mir/recover-20220825/UBNA_002/20220823_033000.WAV,Telephone Field,recover-20220825,002,1795
1510.1285,1510.1337,28046,42245,Myotis daubentonii,0.011,0.027,-1,Echolocation,/mnt/ubna_data_01_mir/recover-20220825/UBNA_002/20220823_033000.WAV,Telephone Field,recover-20220825,002,1795
1510.1705,1510.2072,68437,81470,Rhinolophus ferrumequinum,0.021,0.021,-1,Echolocation,/mnt/ubna_data_01_mir/recover-20220825/UBNA_002/20220823_033000.WAV,Telephone Field,recover-20220825,002,1795
1510.2175,1510.2239,43515,57720,Myotis brandtii,0.008,0.034,-1,Echolocation,/mnt/ubna_data_01_mir/recover-20220825/UBNA_002/20220823_033000.WAV,Telephone Field,recover-20220825,002,1795
1510.2195,1510.2287,34921,53697,Eptesicus serotinus,0.285,0.588,-1,Echolocation,/mnt/ubna_data_01_mir/recover-20220825/UBNA_002/20220823_033000.WAV,Telephone Field,recover-20220825,002,1795
1510.2285,1510.2349,28906,40938,Myotis daubentonii,0.013,0.032,-1,Echolocation,/mnt/ubna_data_01_mir/recover-20220825/UBNA_002/20220823_033000.WAV,Telephone Field,recover-20220825,002,1795
1510.2535,1510.2601,58125,62969,Pipistrellus pygmaeus,0.021,0.021,-1,Echolocation,/mnt/ubna_data_01_mir/recover-20220825/UBNA_002/20220823_033000.WAV,Telephone Field,recover-20220825,002,1795
1510.2565,1510.2683,28046,35406,Eptesicus serotinus,0.012,0.026,-1,Echolocation,/mnt/ubna_data_01_mir/recover-20220825/UBNA_002/20220823_033000.WAV,Telephone Field,recover-20220825,002,1795
1510.3075,1510.3143,28046,36311,Eptesicus serotinus,0.006,0.022,-1,Echolocation,/mnt/ubna_data_01_mir/recover-20220825/UBNA_002/20220823_033000.WAV,Telephone Field,recover-20220825,002,1795
1510.3135,1510.3509,68437,81486,Rhinolophus ferrumequinum,0.022,0.022,-1,Echolocation,/mnt/ubna_data_01_mir/recover-20220825/UBNA_002/20220823_033000.WAV,Telephone Field,recover-20220825,002,1795
1510.3155,1510.331,55546,61926,Pipistrellus pygmaeus,0.028,0.03,-1,Echolocation,/mnt/ubna_data_01_mir/recover-20220825/UBNA_002/20220823_033000.WAV,Telephone Field,recover-20220825,002,1795
1510.3205,1510.3277,34921,59082,Pipistrellus nathusii,0.421,0.557,-1,Echolocation,/mnt/ubna_data_01_mir/recover-20220825/UBNA_002/20220823_033000.WAV,Telephone Field,recover-20220825,002,1795
1510.3315,1510.3386,26328,36290,Eptesicus serotinus,0.007,0.026,-1,Echolocation,/mnt/ubna_data_01_mir/recover-20220825/UBNA_002/20220823_033000.WAV,Telephone Field,recover-20220825,002,1795
1510.3585,1510.3676,28046,38719,Eptesicus serotinus,0.007,0.022,-1,Echolocation,/mnt/ubna_data_01_mir/recover-20220825/UBNA_002/20220823_033000.WAV,Telephone Field,recover-20220825,002,1795
1510.3585,1510.3965,68437,82583,Rhinolophus ferrumequinum,0.023,0.023,-1,Echolocation,/mnt/ubna_data_01_mir/recover-20220825/UBNA_002/20220823_033000.WAV,Telephone Field,recover-20220825,002,1795
1510.3885,1510.3977,28906,43707,Eptesicus serotinus,0.007,0.021,-1,Echolocation,/mnt/ubna_data_01_mir/recover-20220825/UBNA_002/20220823_033000.WAV,Telephone Field,recover-20220825,002,1795
1510.4145,1510.4463,68437,80333,Rhinolophus ferrumequinum,0.021,0.021,-1,Echolocation,/mnt/ubna_data_01_mir/recover-20220825/UBNA_002/20220823_033000.WAV,Telephone Field,recover-20220825,002,1795
1510.4155,1510.4218,42656,55335,Myotis brandtii,0.012,0.045,-1,Echolocation,/mnt/ubna_data_01_mir/recover-20220825/UBNA_002/20220823_033000.WAV,Telephone Field,recover-20220825,002,1795
1510.4175,1510.4256,34921,53364,Pipistrellus nathusii,0.229,0.522,-1,Echolocation,/mnt/ubna_data_01_mir/recover-20220825/UBNA_002/20220823_033000.WAV,Telephone Field,recover-20220825,002,1795
1510.4245,1510.4301,25468,35562,Eptesicus serotinus,0.004,0.022,-1,Echolocation,/mnt/ubna_data_01_mir/recover-20220825/UBNA_002/20220823_033000.WAV,Telephone Field,recover-20220825,002,1795
1510.4345,1510.4676,68437,80779,Rhinolophus ferrumequinum,0.023,0.023,-1,Echolocation,/mnt/ubna_data_01_mir/recover-20220825/UBNA_002/20220823_033000.WAV,Telephone Field,recover-20220825,002,1795
1510.4465,1510.4609,48671,52329,Pipistrellus pipistrellus,0.015,0.029,-1,Echolocation,/mnt/ubna_data_01_mir/recover-20220825/UBNA_002/20220823_033000.WAV,Telephone Field,recover-20220825,002,1795
1510.4535,1510.4629,26328,34597,Eptesicus serotinus,0.007,0.02,-1,Echolocation,/mnt/ubna_data_01_mir/recover-20220825/UBNA_002/20220823_033000.WAV,Telephone Field,recover-20220825,002,1795
1510.4585,1510.4952,68437,82208,Rhinolophus ferrumequinum,0.022,0.022,-1,Echolocation,/mnt/ubna_data_01_mir/recover-20220825/UBNA_002/20220823_033000.WAV,Telephone Field,recover-20220825,002,1795
1510.4795,1510.4884,28046,37902,Eptesicus serotinus,0.007,0.02,-1,Echolocation,/mnt/ubna_data_01_mir/recover-20220825/UBNA_002/20220823_033000.WAV,Telephone Field,recover-20220825,002,1795
1510.4925,1510.501,54687,59843,Pipistrellus pygmaeus,0.019,0.02,-1,Echolocation,/mnt/ubna_data_01_mir/recover-20220825/UBNA_002/20220823_033000.WAV,Telephone Field,recover-20220825,002,1795
1510.4975,1510.5351,68437,82390,Rhinolophus ferrumequinum,0.021,0.021,-1,Echolocation,/mnt/ubna_data_01_mir/recover-20220825/UBNA_002/20220823_033000.WAV,Telephone Field,recover-20220825,002,1795
1510.5565,1510.5932,68437,82579,Rhinolophus ferrumequinum,0.027,0.027,-1,Echolocation,/mnt/ubna_data_01_mir/recover-20220825/UBNA_002/20220823_033000.WAV,Telephone Field,recover-20220825,002,1795
1510.5615,1510.5691,27187,43350,Eptesicus serotinus,0.007,0.021,-1,Echolocation,/mnt/ubna_data_01_mir/recover-20220825/UBNA_002/20220823_033000.WAV,Telephone Field,recover-20220825,002,1795
1510.5775,1510.6163,68437,81762,Rhinolophus ferrumequinum,0.02,0.02,-1,Echolocation,/mnt/ubna_data_01_mir/recover-20220825/UBNA_002/20220823_033000.WAV,Telephone Field,recover-20220825,002,1795
1510.5915,1510.6217,68437,80765,Rhinolophus ferrumequinum,0.021,0.021,-1,Echolocation,/mnt/ubna_data_01_mir/recover-20220825/UBNA_002/20220823_033000.WAV,Telephone Field,recover-20220825,002,1795
1510.5945,1510.602,47812,53872,Pipistrellus pipistrellus,0.022,0.037,-1,Echolocation,/mnt/ubna_data_01_mir/recover-20220825/UBNA_002/20220823_033000.WAV,Telephone Field,recover-20220825,002,1795
1510.5975,1510.6068,35781,56844,Pipistrellus nathusii,0.574,0.638,-1,Echolocation,/mnt/ubna_data_01_mir/recover-20220825/UBNA_002/20220823_033000.WAV,Telephone Field,recover-20220825,002,1795
1510.6055,1510.6113,29765,41552,Myotis daubentonii,0.015,0.031,-1,Echolocation,/mnt/ubna_data_01_mir/recover-20220825/UBNA_002/20220823_033000.WAV,Telephone Field,recover-20220825,002,1795
1510.6525,1510.6599,46953,52531,Pipistrellus pipistrellus,0.019,0.022,-1,Echolocation,/mnt/ubna_data_01_mir/recover-20220825/UBNA_002/20220823_033000.WAV,Telephone Field,recover-20220825,002,1795
1510.6575,1510.665,27187,36446,Eptesicus serotinus,0.007,0.023,-1,Echolocation,/mnt/ubna_data_01_mir/recover-20220825/UBNA_002/20220823_033000.WAV,Telephone Field,recover-20220825,002,1795
1510.6675,1510.6769,58125,63441,Pipistrellus pygmaeus,0.022,0.022,-1,Echolocation,/mnt/ubna_data_01_mir/recover-20220825/UBNA_002/20220823_033000.WAV,Telephone Field,recover-20220825,002,1795
1510.7005,1510.7091,35781,50769,Pipistrellus nathusii,0.391,0.498,-1,Echolocation,/mnt/ubna_data_01_mir/recover-20220825/UBNA_002/20220823_033000.WAV,Telephone Field,recover-20220825,002,1795
1510.7465,1510.7582,15156,20552,Nyctalus noctula,0.013,0.023,-1,Echolocation,/mnt/ubna_data_01_mir/recover-20220825/UBNA_002/20220823_033000.WAV,Telephone Field,recover-20220825,002,1795
1510.7465,1510.7861,68437,82196,Rhinolophus ferrumequinum,0.031,0.031,-1,Echolocation,/mnt/ubna_data_01_mir/recover-20220825/UBNA_002/20220823_033000.WAV,Telephone Field,recover-20220825,002,1795
1510.7575,1510.7659,26328,36759,Eptesicus serotinus,0.007,0.021,-1,Echolocation,/mnt/ubna_data_01_mir/recover-20220825/UBNA_002/20220823_033000.WAV,Telephone Field,recover-20220825,002,1795
1510.7875,1510.7951,28046,35514,Eptesicus serotinus,0.006,0.022,-1,Echolocation,/mnt/ubna_data_01_mir/recover-20220825/UBNA_002/20220823_033000.WAV,Telephone Field,recover-20220825,002,1795
1510.7995,1510.8075,47812,56492,Pipistrellus pipistrellus,0.024,0.038,-1,Echolocation,/mnt/ubna_data_01_mir/recover-20220825/UBNA_002/20220823_033000.WAV,Telephone Field,recover-20220825,002,1795
1510.8005,1510.8089,34921,53582,Pipistrellus nathusii,0.454,0.555,-1,Echolocation,/mnt/ubna_data_01_mir/recover-20220825/UBNA_002/20220823_033000.WAV,Telephone Field,recover-20220825,002,1795
1510.8375,1510.8486,27187,34697,Eptesicus serotinus,0.018,0.033,-1,Echolocation,/mnt/ubna_data_01_mir/recover-20220825/UBNA_002/20220823_033000.WAV,Telephone Field,recover-20220825,002,1795
1510.8455,1510.8814,68437,81142,Rhinolophus ferrumequinum,0.02,0.02,-1,Echolocation,/mnt/ubna_data_01_mir/recover-20220825/UBNA_002/20220823_033000.WAV,Telephone Field,recover-20220825,002,1795
1510.8645,1510.9001,68437,81024,Rhinolophus ferrumequinum,0.02,0.02,-1,Echolocation,/mnt/ubna_data_01_mir/recover-20220825/UBNA_002/20220823_033000.WAV,Telephone Field,recover-20220825,002,1795
1510.8785,1510.8907,25468,30585,Eptesicus serotinus,0.009,0.024,-1,Echolocation,/mnt/ubna_data_01_mir/recover-20220825/UBNA_002/20220823_033000.WAV,Telephone Field,recover-20220825,002,1795
1510.9005,1510.9075,50390,55359,Pipistrellus pipistrellus,0.019,0.025,-1,Echolocation,/mnt/ubna_data_01_mir/recover-20220825/UBNA_002/20220823_033000.WAV,Telephone Field,recover-20220825,002,1795
1510.9015,1510.9096,35781,48945,Pipistrellus nathusii,0.255,0.509,-1,Echolocation,/mnt/ubna_data_01_mir/recover-20220825/UBNA_002/20220823_033000.WAV,Telephone Field,recover-20220825,002,1795
1510.9085,1510.9149,27187,35803,Myotis daubentonii,0.007,0.022,-1,Echolocation,/mnt/ubna_data_01_mir/recover-20220825/UBNA_002/20220823_033000.WAV,Telephone Field,recover-20220825,002,1795
1510.9305,1510.9681,68437,82344,Rhinolophus ferrumequinum,0.021,0.021,-1,Echolocation,/mnt/ubna_data_01_mir/recover-20220825/UBNA_002/20220823_033000.WAV,Telephone Field,recover-20220825,002,1795
1510.9325,1510.9405,47812,54174,Pipistrellus pipistrellus,0.017,0.02,-1,Echolocation,/mnt/ubna_data_01_mir/recover-20220825/UBNA_002/20220823_033000.WAV,Telephone Field,recover-20220825,002,1795
1510.9785,1510.9856,36640,47398,Pipistrellus nathusii,0.359,0.508,-1,Echolocation,/mnt/ubna_data_01_mir/recover-20220825/UBNA_002/20220823_033000.WAV,Telephone Field,recover-20220825,002,1795
1510.9845,1510.9899,28046,38646,Myotis daubentonii,0.01,0.024,-1,Echolocation,/mnt/ubna_data_01_mir/recover-20220825/UBNA_002/20220823_033000.WAV,Telephone Field,recover-20220825,002,1795
1511.0335,1511.0412,38359,46528,Pipistrellus nathusii,0.022,0.07,-1,Echolocation,/mnt/ubna_data_01_mir/recover-20220825/UBNA_002/20220823_033000.WAV,Telephone Field,recover-20220825,002,1795
1511.0705,1511.0787,28046,37850,Eptesicus serotinus,0.009,0.027,-1,Echolocation,/mnt/ubna_data_01_mir/recover-20220825/UBNA_002/20220823_033000.WAV,Telephone Field,recover-20220825,002,1795
1511.0865,1511.0915,36640,50841,Myotis brandtii,0.103,0.285,-1,Echolocation,/mnt/ubna_data_01_mir/recover-20220825/UBNA_002/20220823_033000.WAV,Telephone Field,recover-20220825,002,1795
1511.0915,1511.1239,68437,81500,Rhinolophus ferrumequinum,0.02,0.02,-1,Echolocation,/mnt/ubna_data_01_mir/recover-20220825/UBNA_002/20220823_033000.WAV,Telephone Field,recover-20220825,002,1795
1511.1025,1511.1392,68437,81625,Rhinolophus ferrumequinum,0.02,0.02,-1,Echolocation,/mnt/ubna_data_01_mir/recover-20220825/UBNA_002/20220823_033000.WAV,Telephone Field,recover-20220825,002,1795
1511.1515,1511.1581,27187,39636,Eptesicus serotinus,0.006,0.022,-1,Echolocation,/mnt/ubna_data_01_mir/recover-20220825/UBNA_002/20220823_033000.WAV,Telephone Field,recover-20220825,002,1795
1511.1615,1511.2016,68437,82201,Rhinolophus ferrumequinum,0.02,0.02,-1,Echolocation,/mnt/ubna_data_01_mir/recover-20220825/UBNA_002/20220823_033000.WAV,Telephone Field,recover-20220825,002,1795
1511.1685,1511.1748,34921,53500,Myotis brandtii,0.008,0.022,-1,Echolocation,/mnt/ubna_data_01_mir/recover-20220825/UBNA_002/20220823_033000.WAV,Telephone Field,recover-20220825,002,1795
1511.1685,1511.1774,41796,47473,Pipistrellus nathusii,0.011,0.032,-1,Echolocation,/mnt/ubna_data_01_mir/recover-20220825/UBNA_002/20220823_033000.WAV,Telephone Field,recover-20220825,002,1795
1511.1685,1511.1761,27187,40764,Eptesicus serotinus,0.006,0.021,-1,Echolocation,/mnt/ubna_data_01_mir/recover-20220825/UBNA_002/20220823_033000.WAV,Telephone Field,recover-20220825,002,1795
1511.1795,1511.2168,68437,82169,Rhinolophus ferrumequinum,0.021,0.021,-1,Echolocation,/mnt/ubna_data_01_mir/recover-20220825/UBNA_002/20220823_033000.WAV,Telephone Field,recover-20220825,002,1795
1511.1915,1511.2293,68437,82072,Rhinolophus ferrumequinum,0.022,0.022,-1,Echolocation,/mnt/ubna_data_01_mir/recover-20220825/UBNA_002/20220823_033000.WAV,Telephone Field,recover-20220825,002,1795
1511.1995,1511.2081,27187,36290,Eptesicus serotinus,0.007,0.02,-1,Echolocation,/mnt/ubna_data_01_mir/recover-20220825/UBNA_002/20220823_033000.WAV,Telephone Field,recover-20220825,002,1795
1511.2095,1511.2177,28046,37533,Eptesicus serotinus,0.007,0.02,-1,Echolocation,/mnt/ubna_data_01_mir/recover-20220825/UBNA_002/20220823_033000.WAV,Telephone Field,recover-20220825,002,1795
1511.2675,1511.2729,31484,42233,Myotis daubentonii,0.013,0.033,-1,Echolocation,/mnt/ubna_data_01_mir/recover-20220825/UBNA_002/20220823_033000.WAV,Telephone Field,recover-20220825,002,1795
1511.2845,1511.2931,26328,36462,Eptesicus serotinus,0.007,0.021,-1,Echolocation,/mnt/ubna_data_01_mir/recover-20220825/UBNA_002/20220823_033000.WAV,Telephone Field,recover-20220825,002,1795
1511.2865,1511.3257,68437,82646,Rhinolophus ferrumequinum,0.026,0.026,-1,Echolocation,/mnt/ubna_data_01_mir/recover-20220825/UBNA_002/20220823_033000.WAV,Telephone Field,recover-20220825,002,1795
1511.3165,1511.3226,36640,53778,Myotis brandtii,0.009,0.024,-1,Echolocation,/mnt/ubna_data_01_mir/recover-20220825/UBNA_002/20220823_033000.WAV,Telephone Field,recover-20220825,002,1795
1511.3175,1511.3252,49531,53744,Pipistrellus pipistrellus,0.019,0.022,-1,Echolocation,/mnt/ubna_data_01_mir/recover-20220825/UBNA_002/20220823_033000.WAV,Telephone Field,recover-20220825,002,1795
1511.3215,1511.357,68437,81569,Rhinolophus ferrumequinum,0.028,0.028,-1,Echolocation,/mnt/ubna_data_01_mir/recover-20220825/UBNA_002/20220823_033000.WAV,Telephone Field,recover-20220825,002,1795
1511.3245,1511.333,27187,40057,Eptesicus serotinus,0.008,0.024,-1,Echolocation,/mnt/ubna_data_01_mir/recover-20220825/UBNA_002/20220823_033000.WAV,Telephone Field,recover-20220825,002,1795
1511.3425,1511.3806,68437,82016,Rhinolophus ferrumequinum,0.02,0.02,-1,Echolocation,/mnt/ubna_data_01_mir/recover-20220825/UBNA_002/20220823_033000.WAV,Telephone Field,recover-20220825,002,1795
1511.3555,1511.39,68437,81048,Rhinolophus ferrumequinum,0.023,0.023,-1,Echolocation,/mnt/ubna_data_01_mir/recover-20220825/UBNA_002/20220823_033000.WAV,Telephone Field,recover-20220825,002,1795
1511.3975,1511.4351,68437,81981,Rhinolophus ferrumequinum,0.022,0.022,-1,Echolocation,/mnt/ubna_data_01_mir/recover-20220825/UBNA_002/20220823_033000.WAV,Telephone Field,recover-20220825,002,1795
1511.4195,1511.4278,30625,46402,Myotis daubentonii,0.009,0.02,-1,Echolocation,/mnt/ubna_data_01_mir/recover-20220825/UBNA_002/20220823_033000.WAV,Telephone Field,recover-20220825,002,1795
1511.4195,1511.4534,68437,81901,Rhinolophus ferrumequinum,0.02,0.02,-1,Echolocation,/mnt/ubna_data_01_mir/recover-20220825/UBNA_002/20220823_033000.WAV,Telephone Field,recover-20220825,002,1795
1511.4335,1511.441,36640,43289,Pipistrellus nathusii,0.178,0.352,-1,Echolocation,/mnt/ubna_data_01_mir/recover-20220825/UBNA_002/20220823_033000.WAV,Telephone Field,recover-20220825,002,1795
1511.4595,1511.4669,50390,57748,Pipistrellus pipistrellus,0.017,0.022,-1,Echolocation,/mnt/ubna_data_01_mir/recover-20220825/UBNA_002/20220823_033000.WAV,Telephone Field,recover-20220825,002,1795
1511.4945,1511.4998,40937,46651,Pipistrellus nathusii,0.353,0.368,-1,Echolocation,/mnt/ubna_data_01_mir/recover-20220825/UBNA_002/20220823_033000.WAV,Telephone Field,recover-20220825,002,1795
1511.5005,1511.5307,68437,80726,Rhinolophus ferrumequinum,0.02,0.02,-1,Echolocation,/mnt/ubna_data_01_mir/recover-20220825/UBNA_002/20220823_033000.WAV,Telephone Field,recover-20220825,002,1795
1511.5345,1511.5423,27187,40515,Eptesicus serotinus,0.007,0.023,-1,Echolocation,/mnt/ubna_data_01_mir/recover-20220825/UBNA_002/20220823_033000.WAV,Telephone Field,recover-20220825,002,1795
1511.5475,1511.5886,68437,82641,Rhinolophus ferrumequinum,0.024,0.024,-1,Echolocation,/mnt/ubna_data_01_mir/recover-20220825/UBNA_002/20220823_033000.WAV,Telephone Field,recover-20220825,002,1795
1511.5485,1511.5577,27187,36774,Eptesicus serotinus,0.008,0.022,-1,Echolocation,/mnt/ubna_data_01_mir/recover-20220825/UBNA_002/20220823_033000.WAV,Telephone Field,recover-20220825,002,1795
1511.6065,1511.6452,68437,82270,Rhinolophus ferrumequinum,0.022,0.022,-1,Echolocation,/mnt/ubna_data_01_mir/recover-20220825/UBNA_002/20220823_033000.WAV,Telephone Field,recover-20220825,002,1795
1511.6305,1511.637,34921,50889,Pipistrellus nathusii,0.248,0.564,-1,Echolocation,/mnt/ubna_data_01_mir/recover-20220825/UBNA_002/20220823_033000.WAV,Telephone Field,recover-20220825,002,1795
1511.6315,1511.6381,47812,52947,Pipistrellus pipistrellus,0.02,0.032,-1,Echolocation,/mnt/ubna_data_01_mir/recover-20220825/UBNA_002/20220823_033000.WAV,Telephone Field,recover-20220825,002,1795
1511.6395,1511.6454,27187,38244,Myotis daubentonii,0.009,0.025,-1,Echolocation,/mnt/ubna_data_01_mir/recover-20220825/UBNA_002/20220823_033000.WAV,Telephone Field,recover-20220825,002,1795
1511.6445,1511.6783,68437,82015,Rhinolophus ferrumequinum,0.023,0.023,-1,Echolocation,/mnt/ubna_data_01_mir/recover-20220825/UBNA_002/20220823_033000.WAV,Telephone Field,recover-20220825,002,1795
1511.6625,1511.6719,27187,35572,Eptesicus serotinus,0.009,0.026,-1,Echolocation,/mnt/ubna_data_01_mir/recover-20220825/UBNA_002/20220823_033000.WAV,Telephone Field,recover-20220825,002,1795
1511.6995,1511.7088,25468,32303,Eptesicus serotinus,0.009,0.024,-1,Echolocation,/mnt/ubna_data_01_mir/recover-20220825/UBNA_002/20220823_033000.WAV,Telephone Field,recover-20220825,002,1795
1511.7015,1511.7379,68437,81376,Rhinolophus ferrumequinum,0.023,0.023,-1,Echolocation,/mnt/ubna_data_01_mir/recover-20220825/UBNA_002/20220823_033000.WAV,Telephone Field,recover-20220825,002,1795
1511.7095,1511.7167,48671,52688,Pipistrellus pipistrellus,0.021,0.031,-1,Echolocation,/mnt/ubna_data_01_mir/recover-20220825/UBNA_002/20220823_033000.WAV,Telephone Field,recover-20220825,002,1795
1511.7135,1511.7203,35781,53259,Pipistrellus nathusii,0.365,0.586,-1,Echolocation,/mnt/ubna_data_01_mir/recover-20220825/UBNA_002/20220823_033000.WAV,Telephone Field,recover-20220825,002,1795
1511.7235,1511.7295,28046,40656,Myotis daubentonii,0.012,0.025,-1,Echolocation,/mnt/ubna_data_01_mir/recover-20220825/UBNA_002/20220823_033000.WAV,Telephone Field,recover-20220825,002,1795
1511.7645,1511.7755,28046,36010,Eptesicus serotinus,0.012,0.025,-1,Echolocation,/mnt/ubna_data_01_mir/recover-20220825/UBNA_002/20220823_033000.WAV,Telephone Field,recover-20220825,002,1795
1511.7745,1511.7831,28046,36564,Eptesicus serotinus,0.009,0.024,-1,Echolocation,/mnt/ubna_data_01_mir/recover-20220825/UBNA_002/20220823_033000.WAV,Telephone Field,recover-20220825,002,1795
1511.8105,1511.8174,46093,57357,Pipistrellus pipistrellus,0.012,0.039,-1,Echolocation,/mnt/ubna_data_01_mir/recover-20220825/UBNA_002/20220823_033000.WAV,Telephone Field,recover-20220825,002,1795
1511.8115,1511.8361,69296,80841,Rhinolophus ferrumequinum,0.033,0.034,-1,Echolocation,/mnt/ubna_data_01_mir/recover-20220825/UBNA_002/20220823_033000.WAV,Telephone Field,recover-20220825,002,1795
1511.8125,1511.8198,34062,53784,Pipistrellus nathusii,0.288,0.526,-1,Echolocation,/mnt/ubna_data_01_mir/recover-20220825/UBNA_002/20220823_033000.WAV,Telephone Field,recover-20220825,002,1795
1511.8475,1511.8858,68437,82561,Rhinolophus ferrumequinum,0.022,0.022,-1,Echolocation,/mnt/ubna_data_01_mir/recover-20220825/UBNA_002/20220823_033000.WAV,Telephone Field,recover-20220825,002,1795
1511.8715,1511.8794,27187,37280,Eptesicus serotinus,0.007,0.022,-1,Echolocation,/mnt/ubna_data_01_mir/recover-20220825/UBNA_002/20220823_033000.WAV,Telephone Field,recover-20220825,002,1795
1511.8995,1511.9061,47812,54855,Pipistrellus pipistrellus,0.017,0.028,-1,Echolocation,/mnt/ubna_data_01_mir/recover-20220825/UBNA_002/20220823_033000.WAV,Telephone Field,recover-20220825,002,1795
1511.9005,1511.9077,34921,56331,Pipistrellus nathusii,0.323,0.555,-1,Echolocation,/mnt/ubna_data_01_mir/recover-20220825/UBNA_002/20220823_033000.WAV,Telephone Field,recover-20220825,002,1795
1511.9135,1511.9226,27187,35357,Eptesicus serotinus,0.008,0.025,-1,Echolocation,/mnt/ubna_data_01_mir/recover-20220825/UBNA_002/20220823_033000.WAV,Telephone Field,recover-20220825,002,1795
1511.9445,1511.9533,28046,38036,Eptesicus serotinus,0.01,0.024,-1,Echolocation,/mnt/ubna_data_01_mir/recover-20220825/UBNA_002/20220823_033000.WAV,Telephone Field,recover-20220825,002,1795
1511.9545,1511.9646,28046,35984,Eptesicus serotinus,0.009,0.022,-1,Echolocation,/mnt/ubna_data_01_mir/recover-20220825/UBNA_002/20220823_033000.WAV,Telephone Field,recover-20220825,002,1795
1511.9555,1511.9918,68437,82226,Rhinolophus ferrumequinum,0.021,0.021,-1,Echolocation,/mnt/ubna_data_01_mir/recover-20220825/UBNA_002/20220823_033000.WAV,Telephone Field,recover-20220825,002,1795
1511.9835,1511.9899,27187,42371,Myotis daubentonii,0.007,0.027,-1,Echolocation,/mnt/ubna_data_01_mir/recover-20220825/UBNA_002/20220823_033000.WAV,Telephone Field,recover-20220825,002,1795
1512.0015,1512.0099,25468,34426,Nyctalus leisleri,0.006,0.023,-1,Echolocation,/mnt/ubna_data_01_mir/recover-20220825/UBNA_002/20220823_033000.WAV,Telephone Field,recover-20220825,002,1795
1512.0015,1512.0274,69296,81116,Rhinolophus ferrumequinum,0.026,0.026,-1,Echolocation,/mnt/ubna_data_01_mir/recover-20220825/UBNA_002/20220823_033000.WAV,Telephone Field,recover-20220825,002,1795
1512.0015,1512.0088,46093,56917,Pipistrellus pipistrellus,0.016,0.031,-1,Echolocation,/mnt/ubna_data_01_mir/recover-20220825/UBNA_002/20220823_033000.WAV,Telephone Field,recover-20220825,002,1795
1512.0445,1512.0524,48671,52674,Pipistrellus pipistrellus,0.064,0.094,-1,Echolocation,/mnt/ubna_data_01_mir/recover-20220825/UBNA_002/20220823_033000.WAV,Telephone Field,recover-20220825,002,1795
1512.0475,1512.054,42656,56180,Myotis brandtii,0.013,0.054,-1,Echolocation,/mnt/ubna_data_01_mir/recover-20220825/UBNA_002/20220823_033000.WAV,Telephone Field,recover-20220825,002,1795
1512.0495,1512.0587,34062,54296,Pipistrellus nathusii,0.208,0.417,-1,Echolocation,/mnt/ubna_data_01_mir/recover-20220825/UBNA_002/20220823_033000.WAV,Telephone Field,recover-20220825,002,1795
1512.0615,1512.0915,68437,81301,Rhinolophus ferrumequinum,0.021,0.021,-1,Echolocation,/mnt/ubna_data_01_mir/recover-20220825/UBNA_002/20220823_033000.WAV,Telephone Field,recover-20220825,002,1795
1512.0745,1512.0834,23750,31470,Plecotus austriacus,0.005,0.021,-1,Echolocation,/mnt/ubna_data_01_mir/recover-20220825/UBNA_002/20220823_033000.WAV,Telephone Field,recover-20220825,002,1795
1512.0745,1512.0823,14296,26963,Plecotus auritus,0.016,0.021,-1,Echolocation,/mnt/ubna_data_01_mir/recover-20220825/UBNA_002/20220823_033000.WAV,Telephone Field,recover-20220825,002,1795
1512.0835,1512.1178,68437,81351,Rhinolophus ferrumequinum,0.023,0.023,-1,Echolocation,/mnt/ubna_data_01_mir/recover-20220825/UBNA_002/20220823_033000.WAV,Telephone Field,recover-20220825,002,1795
1512.1175,1512.1567,68437,82519,Rhinolophus ferrumequinum,0.029,0.029,-1,Echolocation,/mnt/ubna_data_01_mir/recover-20220825/UBNA_002/20220823_033000.WAV,Telephone Field,recover-20220825,002,1795
1512.1175,1512.1338,24609,28013,Nyctalus leisleri,0.016,0.026,-1,Echolocation,/mnt/ubna_data_01_mir/recover-20220825/UBNA_002/20220823_033000.WAV,Telephone Field,recover-20220825,002,1795
1512.1405,1512.1493,36640,57681,Pipistrellus nathusii,0.433,0.525,-1,Echolocation,/mnt/ubna_data_01_mir/recover-20220825/UBNA_002/20220823_033000.WAV,Telephone Field,recover-20220825,002,1795
1512.1415,1512.1463,47812,54169,Pipistrellus pipistrellus,0.014,0.026,-1,Echolocation,/mnt/ubna_data_01_mir/recover-20220825/UBNA_002/20220823_033000.WAV,Telephone Field,recover-20220825,002,1795
1512.1535,1512.1834,68437,80868,Rhinolophus ferrumequinum,0.024,0.025,-1,Echolocation,/mnt/ubna_data_01_mir/recover-20220825/UBNA_002/20220823_033000.WAV,Telephone Field,recover-20220825,002,1795
1512.1695,1512.1776,28046,38092,Eptesicus serotinus,0.013,0.034,-1,Echolocation,/mnt/ubna_data_01_mir/recover-20220825/UBNA_002/20220823_033000.WAV,Telephone Field,recover-20220825,002,1795
1512.1885,1512.1973,28046,36481,Eptesicus serotinus,0.007,0.02,-1,Echolocation,/mnt/ubna_data_01_mir/recover-20220825/UBNA_002/20220823_033000.WAV,Telephone Field,recover-20220825,002,1795
1512.2045,1512.2128,28046,39309,Eptesicus serotinus,0.007,0.02,-1,Echolocation,/mnt/ubna_data_01_mir/recover-20220825/UBNA_002/20220823_033000.WAV,Telephone Field,recover-20220825,002,1795
1512.2185,1512.2254,49531,55383,Pipistrellus pipistrellus,0.018,0.02,-1,Echolocation,/mnt/ubna_data_01_mir/recover-20220825/UBNA_002/20220823_033000.WAV,Telephone Field,recover-20220825,002,1795
1512.2215,1512.2605,68437,82198,Rhinolophus ferrumequinum,0.021,0.021,-1,Echolocation,/mnt/ubna_data_01_mir/recover-20220825/UBNA_002/20220823_033000.WAV,Telephone Field,recover-20220825,002,1795
1512.2475,1512.2557,27187,42774,Eptesicus serotinus,0.008,0.023,-1,Echolocation,/mnt/ubna_data_01_mir/recover-20220825/UBNA_002/20220823_033000.WAV,Telephone Field,recover-20220825,002,1795
1512.2495,1512.2561,46953,51460,Pipistrellus pipistrellus,0.03,0.032,-1,Echolocation,/mnt/ubna_data_01_mir/recover-20220825/UBNA_002/20220823_033000.WAV,Telephone Field,recover-20220825,002,1795
1512.2755,1512.3088,68437,81237,Rhinolophus ferrumequinum,0.02,0.02,-1,Echolocation,/mnt/ubna_data_01_mir/recover-20220825/UBNA_002/20220823_033000.WAV,Telephone Field,recover-20220825,002,1795
1512.2755,1512.2831,28906,36411,Eptesicus serotinus,0.006,0.021,-1,Echolocation,/mnt/ubna_data_01_mir/recover-20220825/UBNA_002/20220823_033000.WAV,Telephone Field,recover-20220825,002,1795
1512.2845,1512.2918,48671,53119,Pipistrellus pipistrellus,0.042,0.066,-1,Echolocation,/mnt/ubna_data_01_mir/recover-20220825/UBNA_002/20220823_033000.WAV,Telephone Field,recover-20220825,002,1795
1512.2875,1512.2938,42656,55078,Myotis brandtii,0.009,0.037,-1,Echolocation,/mnt/ubna_data_01_mir/recover-20220825/UBNA_002/20220823_033000.WAV,Telephone Field,recover-20220825,002,1795
1512.2895,1512.298,34921,57351,Pipistrellus nathusii,0.281,0.467,-1,Echolocation,/mnt/ubna_data_01_mir/recover-20220825/UBNA_002/20220823_033000.WAV,Telephone Field,recover-20220825,002,1795
1512.3035,1512.3324,68437,80730,Rhinolophus ferrumequinum,0.024,0.024,-1,Echolocation,/mnt/ubna_data_01_mir/recover-20220825/UBNA_002/20220823_033000.WAV,Telephone Field,recover-20220825,002,1795
1512.3265,1512.3653,68437,82687,Rhinolophus ferrumequinum,0.024,0.024,-1,Echolocation,/mnt/ubna_data_01_mir/recover-20220825/UBNA_002/20220823_033000.WAV,Telephone Field,recover-20220825,002,1795
1512.3345,1512.3417,54687,59281,Pipistrellus pygmaeus,0.025,0.027,-1,Echolocation,/mnt/ubna_data_01_mir/recover-20220825/UBNA_002/20220823_033000.WAV,Telephone Field,recover-20220825,002,1795
1512.3715,1512.3818,53828,58785,Pipistrellus pygmaeus,0.02,0.022,-1,Echolocation,/mnt/ubna_data_01_mir/recover-20220825/UBNA_002/20220823_033000.WAV,Telephone Field,recover-20220825,002,1795
1512.3765,1512.383,43515,58910,Myotis brandtii,0.009,0.035,-1,Echolocation,/mnt/ubna_data_01_mir/recover-20220825/UBNA_002/20220823_033000.WAV,Telephone Field,recover-20220825,002,1795
1512.3765,1512.4068,68437,81233,Rhinolophus ferrumequinum,0.021,0.021,-1,Echolocation,/mnt/ubna_data_01_mir/recover-20220825/UBNA_002/20220823_033000.WAV,Telephone Field,recover-20220825,002,1795
1512.3775,1512.3866,35781,62700,Pipistrellus nathusii,0.336,0.509,-1,Echolocation,/mnt/ubna_data_01_mir/recover-20220825/UBNA_002/20220823_033000.WAV,Telephone Field,recover-20220825,002,1795
1512.3855,1512.3937,41796,48288,Pipistrellus pipistrellus,0.007,0.021,-1,Echolocation,/mnt/ubna_data_01_mir/recover-20220825/UBNA_002/20220823_033000.WAV,Telephone Field,recover-20220825,002,1795
1512.4185,1512.4573,68437,82344,Rhinolophus ferrumequinum,0.021,0.021,-1,Echolocation,/mnt/ubna_data_01_mir/recover-20220825/UBNA_002/20220823_033000.WAV,Telephone Field,recover-20220825,002,1795
1512.4405,1512.4481,51250,56523,Pipistrellus pipistrellus,0.013,0.02,-1,Echolocation,/mnt/ubna_data_01_mir/recover-20220825/UBNA_002/20220823_033000.WAV,Telephone Field,recover-20220825,002,1795
1512.4595,1512.476,77031,95386,Rhinolophus hipposideros,0.022,0.022,-1,Echolocation,/mnt/ubna_data_01_mir/recover-20220825/UBNA_002/20220823_033000.WAV,Telephone Field,recover-20220825,002,1795
1512.4595,1512.4681,37500,62511,Pipistrellus nathusii,0.472,0.558,-1,Echolocation,/mnt/ubna_data_01_mir/recover-20220825/UBNA_002/20220823_033000.WAV,Telephone Field,recover-20220825,002,1795
1512.4595,1512.4657,28906,61980,Myotis bechsteinii,0.008,0.032,-1,Echolocation,/mnt/ubna_data_01_mir/recover-20220825/UBNA_002/20220823_033000.WAV,Telephone Field,recover-20220825,002,1795
1512.4685,1512.4741,30625,47153,Myotis daubentonii,0.015,0.029,-1,Echolocation,/mnt/ubna_data_01_mir/recover-20220825/UBNA_002/20220823_033000.WAV,Telephone Field,recover-20220825,002,1795
1512.4755,1512.5074,68437,81489,Rhinolophus ferrumequinum,0.022,0.022,-1,Echolocation,/mnt/ubna_data_01_mir/recover-20220825/UBNA_002/20220823_033000.WAV,Telephone Field,recover-20220825,002,1795
1512.5335,1512.5403,49531,59453,Pipistrellus pipistrellus,0.019,0.03,-1,Echolocation,/mnt/ubna_data_01_mir/recover-20220825/UBNA_002/20220823_033000.WAV,Telephone Field,recover-20220825,002,1795
1512.5365,1512.5447,36640,65116,Pipistrellus nathusii,0.38,0.49,-1,Echolocation,/mnt/ubna_data_01_mir/recover-20220825/UBNA_002/20220823_033000.WAV,Telephone Field,recover-20220825,002,1795
1512.5385,1512.5472,47812,57772,Pipistrellus pipistrellus,0.019,0.031,-1,Echolocation,/mnt/ubna_data_01_mir/recover-20220825/UBNA_002/20220823_033000.WAV,Telephone Field,recover-20220825,002,1795
1512.5465,1512.5533,26328,37809,Eptesicus serotinus,0.006,0.025,-1,Echolocation,/mnt/ubna_data_01_mir/recover-20220825/UBNA_002/20220823_033000.WAV,Telephone Field,recover-20220825,002,1795
1512.5585,1512.57,24609,29539,Nyctalus leisleri,0.013,0.026,-1,Echolocation,/mnt/ubna_data_01_mir/recover-20220825/UBNA_002/20220823_033000.WAV,Telephone Field,recover-20220825,002,1795
1512.5935,1512.6339,68437,82599,Rhinolophus ferrumequinum,0.023,0.023,-1,Echolocation,/mnt/ubna_data_01_mir/recover-20220825/UBNA_002/20220823_033000.WAV,Telephone Field,recover-20220825,002,1795
1512.5955,1512.6041,28046,40208,Eptesicus serotinus,0.008,0.022,-1,Echolocation,/mnt/ubna_data_01_mir/recover-20220825/UBNA_002/20220823_033000.WAV,Telephone Field,recover-20220825,002,1795
1512.6135,1512.6191,46093,58206,Pipistrellus pipistrellus,0.015,0.04,-1,Echolocation,/mnt/ubna_data_01_mir/recover-20220825/UBNA_002/20220823_033000.WAV,Telephone Field,recover-20220825,002,1795
1512.6195,1512.6252,28046,64384,Myotis bechsteinii,0.017,0.044,-1,Echolocation,/mnt/ubna_data_01_mir/recover-20220825/UBNA_002/20220823_033000.WAV,Telephone Field,recover-20220825,002,1795
1512.6205,1512.6291,36640,64653,Pipistrellus nathusii,0.459,0.51,-1,Echolocation,/mnt/ubna_data_01_mir/recover-20220825/UBNA_002/20220823_033000.WAV,Telephone Field,recover-20220825,002,1795
1512.6205,1512.629,48671,56878,Pipistrellus pipistrellus,0.018,0.031,-1,Echolocation,/mnt/ubna_data_01_mir/recover-20220825/UBNA_002/20220823_033000.WAV,Telephone Field,recover-20220825,002,1795
1512.6345,1512.6656,68437,81097,Rhinolophus ferrumequinum,0.021,0.021,-1,Echolocation,/mnt/ubna_data_01_mir/recover-20220825/UBNA_002/20220823_033000.WAV,Telephone Field,recover-20220825,002,1795
1512.7005,1512.7345,68437,80697,Rhinolophus ferrumequinum,0.022,0.023,-1,Echolocation,/mnt/ubna_data_01_mir/recover-20220825/UBNA_002/20220823_033000.WAV,Telephone Field,recover-20220825,002,1795
1512.7065,1512.7126,47812,59061,Pipistrellus pipistrellus,0.013,0.032,-1,Echolocation,/mnt/ubna_data_01_mir/recover-20220825/UBNA_002/20220823_033000.WAV,Telephone Field,recover-20220825,002,1795
1512.7075,1512.7144,28906,61736,Myotis bechsteinii,0.018,0.042,-1,Echolocation,/mnt/ubna_data_01_mir/recover-20220825/UBNA_002/20220823_033000.WAV,Telephone Field,recover-20220825,002,1795
1512.7085,1512.7179,35781,63257,Pipistrellus nathusii,0.253,0.494,-1,Echolocation,/mnt/ubna_data_01_mir/recover-20220825/UBNA_002/20220823_033000.WAV,Telephone Field,recover-20220825,002,1795
1512.7185,1512.7244,36640,48405,Myotis brandtii,0.013,0.032,-1,Echolocation,/mnt/ubna_data_01_mir/recover-20220825/UBNA_002/20220823_033000.WAV,Telephone Field,recover-20220825,002,1795
1512.7185,1512.7253,26328,35641,Eptesicus serotinus,0.006,0.024,-1,Echolocation,/mnt/ubna_data_01_mir/recover-20220825/UBNA_002/20220823_033000.WAV,Telephone Field,recover-20220825,002,1795
1512.7255,1512.7526,68437,80540,Rhinolophus ferrumequinum,0.022,0.022,-1,Echolocation,/mnt/ubna_data_01_mir/recover-20220825/UBNA_002/20220823_033000.WAV,Telephone Field,recover-20220825,002,1795
1512.7905,1512.7975,50390,60415,Pipistrellus pygmaeus,0.032,0.063,-1,Echolocation,/mnt/ubna_data_01_mir/recover-20220825/UBNA_002/20220823_033000.WAV,Telephone Field,recover-20220825,002,1795
1512.7915,1512.8272,68437,81936,Rhinolophus ferrumequinum,0.024,0.024,-1,Echolocation,/mnt/ubna_data_01_mir/recover-20220825/UBNA_002/20220823_033000.WAV,Telephone Field,recover-20220825,002,1795
1512.7925,1512.8002,35781,64608,Pipistrellus nathusii,0.293,0.421,-1,Echolocation,/mnt/ubna_data_01_mir/recover-20220825/UBNA_002/20220823_033000.WAV,Telephone Field,recover-20220825,002,1795
1512.8025,1512.8332,68437,80783,Rhinolophus ferrumequinum,0.02,0.021,-1,Echolocation,/mnt/ubna_data_01_mir/recover-20220825/UBNA_002/20220823_033000.WAV,Telephone Field,recover-20220825,002,1795
1512.8195,1512.8306,22890,27817,Nyctalus leisleri,0.011,0.02,-1,Echolocation,/mnt/ubna_data_01_mir/recover-20220825/UBNA_002/20220823_033000.WAV,Telephone Field,recover-20220825,002,1795
1512.8385,1512.8467,23750,32799,Plecotus austriacus,0.011,0.026,-1,Echolocation,/mnt/ubna_data_01_mir/recover-20220825/UBNA_002/20220823_033000.WAV,Telephone Field,recover-20220825,002,1795
1512.8735,1512.8812,42656,55385,Pipistrellus pipistrellus,0.018,0.062,-1,Echolocation,/mnt/ubna_data_01_mir/recover-20220825/UBNA_002/20220823_033000.WAV,Telephone Field,recover-20220825,002,1795
1512.8755,1512.884,35781,58923,Pipistrellus nathusii,0.399,0.523,-1,Echolocation,/mnt/ubna_data_01_mir/recover-20220825/UBNA_002/20220823_033000.WAV,Telephone Field,recover-20220825,002,1795
1512.9135,1512.9238,28046,35337,Eptesicus serotinus,0.008,0.023,-1,Echolocation,/mnt/ubna_data_01_mir/recover-20220825/UBNA_002/20220823_033000.WAV,Telephone Field,recover-20220825,002,1795
1512.9525,1512.9596,42656,59514,Pipistrellus nathusii,0.021,0.081,-1,Echolocation,/mnt/ubna_data_01_mir/recover-20220825/UBNA_002/20220823_033000.WAV,Telephone Field,recover-20220825,002,1795
1512.9545,1512.9624,34921,61767,Pipistrellus nathusii,0.312,0.408,-1,Echolocation,/mnt/ubna_data_01_mir/recover-20220825/UBNA_002/20220823_033000.WAV,Telephone Field,recover-20220825,002,1795
1512.9655,1512.9716,28906,42886,Myotis daubentonii,0.012,0.027,-1,Echolocation,/mnt/ubna_data_01_mir/recover-20220825/UBNA_002/20220823_033000.WAV,Telephone Field,recover-20220825,002,1795
1512.9675,1512.9996,68437,81130,Rhinolophus ferrumequinum,0.024,0.024,-1,Echolocation,/mnt/ubna_data_01_mir/recover-20220825/UBNA_002/20220823_033000.WAV,Telephone Field,recover-20220825,002,1795
1512.9975,1513.0334,68437,81344,Rhinolophus ferrumequinum,0.02,0.02,-1,Echolocation,/mnt/ubna_data_01_mir/recover-20220825/UBNA_002/20220823_033000.WAV,Telephone Field,recover-20220825,002,1795
1513.0485,1513.0546,45234,58573,Myotis bechsteinii,0.008,0.042,-1,Echolocation,/mnt/ubna_data_01_mir/recover-20220825/UBNA_002/20220823_033000.WAV,Telephone Field,recover-20220825,002,1795
1513.0495,1513.0576,34921,60523,Pipistrellus nathusii,0.271,0.486,-1,Echolocation,/mnt/ubna_data_01_mir/recover-20220825/UBNA_002/20220823_033000.WAV,Telephone Field,recover-20220825,002,1795
1513.0585,1513.0661,41796,48943,Pipistrellus pipistrellus,0.008,0.026,-1,Echolocation,/mnt/ubna_data_01_mir/recover-20220825/UBNA_002/20220823_033000.WAV,Telephone Field,recover-20220825,002,1795
1513.0615,1513.0886,68437,80809,Rhinolophus ferrumequinum,0.02,0.02,-1,Echolocation,/mnt/ubna_data_01_mir/recover-20220825/UBNA_002/20220823_033000.WAV,Telephone Field,recover-20220825,002,1795
1513.0805,1513.1153,68437,81116,Rhinolophus ferrumequinum,0.02,0.02,-1,Echolocation,/mnt/ubna_data_01_mir/recover-20220825/UBNA_002/20220823_033000.WAV,Telephone Field,recover-20220825,002,1795
1513.0915,1513.1286,68437,82417,Rhinolophus ferrumequinum,0.023,0.023,-1,Echolocation,/mnt/ubna_data_01_mir/recover-20220825/UBNA_002/20220823_033000.WAV,Telephone Field,recover-20220825,002,1795
1513.0925,1513.0991,54687,60365,Pipistrellus pygmaeus,0.02,0.02,-1,Echolocation,/mnt/ubna_data_01_mir/recover-20220825/UBNA_002/20220823_033000.WAV,Telephone Field,recover-20220825,002,1795
1513.0945,1513.104,28046,38992,Eptesicus serotinus,0.008,0.023,-1,Echolocation,/mnt/ubna_data_01_mir/recover-20220825/UBNA_002/20220823_033000.WAV,Telephone Field,recover-20220825,002,1795
1513.0975,1513.1333,68437,81719,Rhinolophus ferrumequinum,0.023,0.023,-1,Echolocation,/mnt/ubna_data_01_mir/recover-20220825/UBNA_002/20220823_033000.WAV,Telephone Field,recover-20220825,002,1795
1513.1335,1513.1708,68437,82461,Rhinolophus ferrumequinum,0.021,0.021,-1,Echolocation,/mnt/ubna_data_01_mir/recover-20220825/UBNA_002/20220823_033000.WAV,Telephone Field,recover-20220825,002,1795
1513.1475,1513.1531,36640,46301,Myotis daubentonii,0.013,0.028,-1,Echolocation,/mnt/ubna_data_01_mir/recover-20220825/UBNA_002/20220823_033000.WAV,Telephone Field,recover-20220825,002,1795
1513.1565,1513.1676,43515,49409,Pipistrellus nathusii,0.016,0.033,-1,Echolocation,/mnt/ubna_data_01_mir/recover-20220825/UBNA_002/20220823_033000.WAV,Telephone Field,recover-20220825,002,1795
1513.1795,1513.1907,40937,44738,Pipistrellus nathusii,0.019,0.033,-1,Echolocation,/mnt/ubna_data_01_mir/recover-20220825/UBNA_002/20220823_033000.WAV,Telephone Field,recover-20220825,002,1795
1513.2085,1513.2206,53828,58665,Pipistrellus pygmaeus,0.025,0.026,-1,Echolocation,/mnt/ubna_data_01_mir/recover-20220825/UBNA_002/20220823_033000.WAV,Telephone Field,recover-20220825,002,1795
1513.2085,1513.2149,49531,56604,Pipistrellus pipistrellus,0.017,0.022,-1,Echolocation,/mnt/ubna_data_01_mir/recover-20220825/UBNA_002/20220823_033000.WAV,Telephone Field,recover-20220825,002,1795
1513.2105,1513.2431,68437,80528,Rhinolophus ferrumequinum,0.02,0.021,-1,Echolocation,/mnt/ubna_data_01_mir/recover-20220825/UBNA_002/20220823_033000.WAV,Telephone Field,recover-20220825,002,1795
1513.2155,1513.2225,28906,65317,Myotis bechsteinii,0.027,0.064,-1,Echolocation,/mnt/ubna_data_01_mir/recover-20220825/UBNA_002/20220823_033000.WAV,Telephone Field,recover-20220825,002,1795
1513.2175,1513.2257,35781,58771,Pipistrellus nathusii,0.478,0.556,-1,Echolocation,/mnt/ubna_data_01_mir/recover-20220825/UBNA_002/20220823_033000.WAV,Telephone Field,recover-20220825,002,1795
1513.2395,1513.2586,20312,22760,Nyctalus leisleri,0.013,0.02,-1,Echolocation,/mnt/ubna_data_01_mir/recover-20220825/UBNA_002/20220823_033000.WAV,Telephone Field,recover-20220825,002,1795
1513.2475,1513.2696,16875,21009,Nyctalus noctula,0.014,0.021,-1,Echolocation,/mnt/ubna_data_01_mir/recover-20220825/UBNA_002/20220823_033000.WAV,Telephone Field,recover-20220825,002,1795
1513.2705,1513.3121,68437,83182,Rhinolophus ferrumequinum,0.028,0.028,-1,Echolocation,/mnt/ubna_data_01_mir/recover-20220825/UBNA_002/20220823_033000.WAV,Telephone Field,recover-20220825,002,1795
1513.3035,1513.3099,28046,37655,Eptesicus serotinus,0.006,0.027,-1,Echolocation,/mnt/ubna_data_01_mir/recover-20220825/UBNA_002/20220823_033000.WAV,Telephone Field,recover-20220825,002,1795
1513.3175,1513.3262,35781,57386,Pipistrellus nathusii,0.481,0.586,-1,Echolocation,/mnt/ubna_data_01_mir/recover-20220825/UBNA_002/20220823_033000.WAV,Telephone Field,recover-20220825,002,1795
1513.3175,1513.3263,48671,57768,Pipistrellus pipistrellus,0.019,0.031,-1,Echolocation,/mnt/ubna_data_01_mir/recover-20220825/UBNA_002/20220823_033000.WAV,Telephone Field,recover-20220825,002,1795
1513.3275,1513.3329,30625,43825,Myotis daubentonii,0.012,0.027,-1,Echolocation,/mnt/ubna_data_01_mir/recover-20220825/UBNA_002/20220823_033000.WAV,Telephone Field,recover-20220825,002,1795
1513.3275,1513.3341,35781,46797,Myotis brandtii,0.011,0.028,-1,Echolocation,/mnt/ubna_data_01_mir/recover-20220825/UBNA_002/20220823_033000.WAV,Telephone Field,recover-20220825,002,1795
1513.3505,1513.3845,68437,81250,Rhinolophus ferrumequinum,0.02,0.02,-1,Echolocation,/mnt/ubna_data_01_mir/recover-20220825/UBNA_002/20220823_033000.WAV,Telephone Field,recover-20220825,002,1795
1513.3755,1513.383,28906,38725,Eptesicus serotinus,0.007,0.023,-1,Echolocation,/mnt/ubna_data_01_mir/recover-20220825/UBNA_002/20220823_033000.WAV,Telephone Field,recover-20220825,002,1795
1513.3855,1513.3923,57265,62683,Pipistrellus pygmaeus,0.023,0.024,-1,Echolocation,/mnt/ubna_data_01_mir/recover-20220825/UBNA_002/20220823_033000.WAV,Telephone Field,recover-20220825,002,1795
1513.4065,1513.4406,68437,80856,Rhinolophus ferrumequinum,0.02,0.02,-1,Echolocation,/mnt/ubna_data_01_mir/recover-20220825/UBNA_002/20220823_033000.WAV,Telephone Field,recover-20220825,002,1795
1513.4085,1513.4152,51250,56246,Pipistrellus pipistrellus,0.022,0.034,-1,Echolocation,/mnt/ubna_data_01_mir/recover-20220825/UBNA_002/20220823_033000.WAV,Telephone Field,recover-20220825,002,1795
1513.4105,1513.4169,43515,58214,Myotis brandtii,0.014,0.069,-1,Echolocation,/mnt/ubna_data_01_mir/recover-20220825/UBNA_002/20220823_033000.WAV,Telephone Field,recover-20220825,002,1795
1513.4125,1513.4205,34062,60882,Pipistrellus nathusii,0.213,0.447,-1,Echolocation,/mnt/ubna_data_01_mir/recover-20220825/UBNA_002/20220823_033000.WAV,Telephone Field,recover-20220825,002,1795
1513.4235,1513.4293,30625,43392,Myotis daubentonii,0.014,0.027,-1,Echolocation,/mnt/ubna_data_01_mir/recover-20220825/UBNA_002/20220823_033000.WAV,Telephone Field,recover-20220825,002,1795
1513.4715,1513.5091,68437,82450,Rhinolophus ferrumequinum,0.021,0.021,-1,Echolocation,/mnt/ubna_data_01_mir/recover-20220825/UBNA_002/20220823_033000.WAV,Telephone Field,recover-20220825,002,1795
1513.5055,1513.5118,28906,63609,Myotis bechsteinii,0.019,0.037,-1,Echolocation,/mnt/ubna_data_01_mir/recover-20220825/UBNA_002/20220823_033000.WAV,Telephone Field,recover-20220825,002,1795
1513.5055,1513.5125,48671,54518,Pipistrellus pipistrellus,0.018,0.031,-1,Echolocation,/mnt/ubna_data_01_mir/recover-20220825/UBNA_002/20220823_033000.WAV,Telephone Field,recover-20220825,002,1795
1513.5065,1513.514,36640,63340,Pipistrellus nathusii,0.213,0.478,-1,Echolocation,/mnt/ubna_data_01_mir/recover-20220825/UBNA_002/20220823_033000.WAV,Telephone Field,recover-20220825,002,1795
1513.5145,1513.5195,27187,41833,Myotis daubentonii,0.008,0.024,-1,Echolocation,/mnt/ubna_data_01_mir/recover-20220825/UBNA_002/20220823_033000.WAV,Telephone Field,recover-20220825,002,1795
1513.5185,1513.5513,68437,81151,Rhinolophus ferrumequinum,0.026,0.026,-1,Echolocation,/mnt/ubna_data_01_mir/recover-20220825/UBNA_002/20220823_033000.WAV,Telephone Field,recover-20220825,002,1795
1513.5785,1513.586,28046,35309,Eptesicus serotinus,0.007,0.023,-1,Echolocation,/mnt/ubna_data_01_mir/recover-20220825/UBNA_002/20220823_033000.WAV,Telephone Field,recover-20220825,002,1795
1513.5785,1513.6162,68437,82069,Rhinolophus ferrumequinum,0.036,0.036,-1,Echolocation,/mnt/ubna_data_01_mir/recover-20220825/UBNA_002/20220823_033000.WAV,Telephone Field,recover-20220825,002,1795
1513.5905,1513.5977,47812,57212,Pipistrellus pipistrellus,0.016,0.029,-1,Echolocation,/mnt/ubna_data_01_mir/recover-20220825/UBNA_002/20220823_033000.WAV,Telephone Field,recover-20220825,002,1795
1513.5915,1513.5975,26328,69744,Myotis bechsteinii,0.057,0.091,-1,Echolocation,/mnt/ubna_data_01_mir/recover-20220825/UBNA_002/20220823_033000.WAV,Telephone Field,recover-20220825,002,1795
1513.5915,1513.5978,35781,65043,Pipistrellus nathusii,0.191,0.43,-1,Echolocation,/mnt/ubna_data_01_mir/recover-20220825/UBNA_002/20220823_033000.WAV,Telephone Field,recover-20220825,002,1795
1513.6015,1513.6069,34921,54820,Myotis brandtii,0.013,0.028,-1,Echolocation,/mnt/ubna_data_01_mir/recover-20220825/UBNA_002/20220823_033000.WAV,Telephone Field,recover-20220825,002,1795
1513.6065,1513.6389,68437,80784,Rhinolophus ferrumequinum,0.023,0.023,-1,Echolocation,/mnt/ubna_data_01_mir/recover-20220825/UBNA_002/20220823_033000.WAV,Telephone Field,recover-20220825,002,1795
1513.6305,1513.668,68437,82008,Rhinolophus ferrumequinum,0.021,0.021,-1,Echolocation,/mnt/ubna_data_01_mir/recover-20220825/UBNA_002/20220823_033000.WAV,Telephone Field,recover-20220825,002,1795
1513.6685,1513.674,44375,59759,Myotis mystacinus,0.011,0.025,-1,Echolocation,/mnt/ubna_data_01_mir/recover-20220825/UBNA_002/20220823_033000.WAV,Telephone Field,recover-20220825,002,1795
1513.6745,1513.6816,28046,65606,Myotis bechsteinii,0.032,0.059,-1,Echolocation,/mnt/ubna_data_01_mir/recover-20220825/UBNA_002/20220823_033000.WAV,Telephone Field,recover-20220825,002,1795
1513.6755,1513.684,50390,58534,Pipistrellus pipistrellus,0.014,0.025,-1,Echolocation,/mnt/ubna_data_01_mir/recover-20220825/UBNA_002/20220823_033000.WAV,Telephone Field,recover-20220825,002,1795
1513.6755,1513.6816,35781,62254,Pipistrellus nathusii,0.262,0.477,-1,Echolocation,/mnt/ubna_data_01_mir/recover-20220825/UBNA_002/20220823_033000.WAV,Telephone Field,recover-20220825,002,1795
1513.6845,1513.6904,30625,44757,Myotis daubentonii,0.012,0.026,-1,Echolocation,/mnt/ubna_data_01_mir/recover-20220825/UBNA_002/20220823_033000.WAV,Telephone Field,recover-20220825,002,1795
1513.6865,1513.7166,68437,81015,Rhinolophus ferrumequinum,0.024,0.025,-1,Echolocation,/mnt/ubna_data_01_mir/recover-20220825/UBNA_002/20220823_033000.WAV,Telephone Field,recover-20220825,002,1795
1513.7295,1513.7689,68437,81765,Rhinolophus ferrumequinum,0.02,0.02,-1,Echolocation,/mnt/ubna_data_01_mir/recover-20220825/UBNA_002/20220823_033000.WAV,Telephone Field,recover-20220825,002,1795
1513.7635,1513.7693,36640,56743,Pipistrellus nathusii,0.296,0.507,-1,Echolocation,/mnt/ubna_data_01_mir/recover-20220825/UBNA_002/20220823_033000.WAV,Telephone Field,recover-20220825,002,1795
1513.7715,1513.7777,26328,38047,Eptesicus serotinus,0.005,0.024,-1,Echolocation,/mnt/ubna_data_01_mir/recover-20220825/UBNA_002/20220823_033000.WAV,Telephone Field,recover-20220825,002,1795
1513.7765,1513.8079,68437,80847,Rhinolophus ferrumequinum,0.022,0.022,-1,Echolocation,/mnt/ubna_data_01_mir/recover-20220825/UBNA_002/20220823_033000.WAV,Telephone Field,recover-20220825,002,1795
1513.8445,1513.8515,47812,53489,Pipistrellus pipistrellus,0.017,0.024,-1,Echolocation,/mnt/ubna_data_01_mir/recover-20220825/UBNA_002/20220823_033000.WAV,Telephone Field,recover-20220825,002,1795
1513.8505,1513.8574,36640,66390,Pipistrellus nathusii,0.291,0.518,-1,Echolocation,/mnt/ubna_data_01_mir/recover-20220825/UBNA_002/20220823_033000.WAV,Telephone Field,recover-20220825,002,1795
1513.8505,1513.8566,28906,74286,Myotis bechsteinii,0.06,0.096,-1,Echolocation,/mnt/ubna_data_01_mir/recover-20220825/UBNA_002/20220823_033000.WAV,Telephone Field,recover-20220825,002,1795
1513.8605,1513.866,30625,46177,Myotis daubentonii,0.012,0.028,-1,Echolocation,/mnt/ubna_data_01_mir/recover-20220825/UBNA_002/20220823_033000.WAV,Telephone Field,recover-20220825,002,1795
1513.8985,1513.9059,26328,37394,Eptesicus serotinus,0.006,0.021,-1,Echolocation,/mnt/ubna_data_01_mir/recover-20220825/UBNA_002/20220823_033000.WAV,Telephone Field,recover-20220825,002,1795
1513.9095,1513.9433,68437,81749,Rhinolophus ferrumequinum,0.027,0.027,-1,Echolocation,/mnt/ubna_data_01_mir/recover-20220825/UBNA_002/20220823_033000.WAV,Telephone Field,recover-20220825,002,1795
1513.9285,1513.9345,49531,58733,Pipistrellus pipistrellus,0.009,0.021,-1,Echolocation,/mnt/ubna_data_01_mir/recover-20220825/UBNA_002/20220823_033000.WAV,Telephone Field,recover-20220825,002,1795
1513.9305,1513.9368,40078,64033,Pipistrellus nathusii,0.544,0.624,-1,Echolocation,/mnt/ubna_data_01_mir/recover-20220825/UBNA_002/20220823_033000.WAV,Telephone Field,recover-20220825,002,1795
1513.9305,1513.9369,32343,70402,Myotis brandtii,0.028,0.05,-1,Echolocation,/mnt/ubna_data_01_mir/recover-20220825/UBNA_002/20220823_033000.WAV,Telephone Field,recover-20220825,002,1795
1513.9335,1513.9397,49531,57056,Pipistrellus pipistrellus,0.006,0.021,-1,Echolocation,/mnt/ubna_data_01_mir/recover-20220825/UBNA_002/20220823_033000.WAV,Telephone Field,recover-20220825,002,1795
1513.9385,1513.945,27187,40377,Eptesicus serotinus,0.005,0.024,-1,Echolocation,/mnt/ubna_data_01_mir/recover-20220825/UBNA_002/20220823_033000.WAV,Telephone Field,recover-20220825,002,1795
1513.9475,1513.982,68437,81525,Rhinolophus ferrumequinum,0.027,0.027,-1,Echolocation,/mnt/ubna_data_01_mir/recover-20220825/UBNA_002/20220823_033000.WAV,Telephone Field,recover-20220825,002,1795
1513.9595,1513.9687,28046,38356,Eptesicus serotinus,0.009,0.022,-1,Echolocation,/mnt/ubna_data_01_mir/recover-20220825/UBNA_002/20220823_033000.WAV,Telephone Field,recover-20220825,002,1795
1513.9795,1513.9879,28906,37047,Eptesicus serotinus,0.008,0.023,-1,Echolocation,/mnt/ubna_data_01_mir/recover-20220825/UBNA_002/20220823_033000.WAV,Telephone Field,recover-20220825,002,1795
1514.0015,1514.0113,47812,59037,Pipistrellus pipistrellus,0.026,0.055,-1,Echolocation,/mnt/ubna_data_01_mir/recover-20220825/UBNA_002/20220823_033000.WAV,Telephone Field,recover-20220825,002,1795
1514.0015,1514.0353,69296,81888,Rhinolophus ferrumequinum,0.039,0.039,-1,Echolocation,/mnt/ubna_data_01_mir/recover-20220825/UBNA_002/20220823_033000.WAV,Telephone Field,recover-20220825,002,1795
1514.0015,1514.0146,22031,27761,Nyctalus leisleri,0.017,0.038,-1,Echolocation,/mnt/ubna_data_01_mir/recover-20220825/UBNA_002/20220823_033000.WAV,Telephone Field,recover-20220825,002,1795
1514.0095,1514.0162,40937,54081,Pipistrellus nathusii,0.301,0.505,-1,Echolocation,/mnt/ubna_data_01_mir/recover-20220825/UBNA_002/20220823_033000.WAV,Telephone Field,recover-20220825,002,1795
1514.0135,1514.0265,56406,61977,Pipistrellus pygmaeus,0.037,0.039,-1,Echolocation,/mnt/ubna_data_01_mir/recover-20220825/UBNA_002/20220823_033000.WAV,Telephone Field,recover-20220825,002,1795
1514.0175,1514.0234,31484,42631,Myotis daubentonii,0.015,0.025,-1,Echolocation,/mnt/ubna_data_01_mir/recover-20220825/UBNA_002/20220823_033000.WAV,Telephone Field,recover-20220825,002,1795
1514.0375,1514.0455,28046,36562,Eptesicus serotinus,0.015,0.036,-1,Echolocation,/mnt/ubna_data_01_mir/recover-20220825/UBNA_002/20220823_033000.WAV,Telephone Field,recover-20220825,002,1795
1514.0565,1514.0676,26328,33131,Eptesicus serotinus,0.011,0.027,-1,Echolocation,/mnt/ubna_data_01_mir/recover-20220825/UBNA_002/20220823_033000.WAV,Telephone Field,recover-20220825,002,1795
1514.0865,1514.0974,31484,37921,Eptesicus serotinus,0.011,0.03,-1,Echolocation,/mnt/ubna_data_01_mir/recover-20220825/UBNA_002/20220823_033000.WAV,Telephone Field,recover-20220825,002,1795
1514.1135,1514.1194,39218,59673,Pipistrellus nathusii,0.242,0.534,-1,Echolocation,/mnt/ubna_data_01_mir/recover-20220825/UBNA_002/20220823_033000.WAV,Telephone Field,recover-20220825,002,1795
1514.1225,1514.1288,27187,36797,Myotis daubentonii,0.006,0.03,-1,Echolocation,/mnt/ubna_data_01_mir/recover-20220825/UBNA_002/20220823_033000.WAV,Telephone Field,recover-20220825,002,1795
1514.1675,1514.1732,40937,58668,Pipistrellus nathusii,0.249,0.514,-1,Echolocation,/mnt/ubna_data_01_mir/recover-20220825/UBNA_002/20220823_033000.WAV,Telephone Field,recover-20220825,002,1795
1514.1685,1514.174,29765,72951,Myotis daubentonii,0.029,0.06,-1,Echolocation,/mnt/ubna_data_01_mir/recover-20220825/UBNA_002/20220823_033000.WAV,Telephone Field,recover-20220825,002,1795
1514.1885,1514.2253,68437,82581,Rhinolophus ferrumequinum,0.025,0.025,-1,Echolocation,/mnt/ubna_data_01_mir/recover-20220825/UBNA_002/20220823_033000.WAV,Telephone Field,recover-20220825,002,1795
1514.2165,1514.2321,16015,21696,Nyctalus noctula,0.016,0.025,-1,Echolocation,/mnt/ubna_data_01_mir/recover-20220825/UBNA_002/20220823_033000.WAV,Telephone Field,recover-20220825,002,1795
1514.2205,1514.227,41796,57404,Pipistrellus nathusii,0.265,0.522,-1,Echolocation,/mnt/ubna_data_01_mir/recover-20220825/UBNA_002/20220823_033000.WAV,Telephone Field,recover-20220825,002,1795
1514.2725,1514.2833,58125,63893,Pipistrellus pygmaeus,0.05,0.052,-1,Echolocation,/mnt/ubna_data_01_mir/recover-20220825/UBNA_002/20220823_033000.WAV,Telephone Field,recover-20220825,002,1795
1514.2745,1514.28,42656,63012,Pipistrellus nathusii,0.321,0.486,-1,Echolocation,/mnt/ubna_data_01_mir/recover-20220825/UBNA_002/20220823_033000.WAV,Telephone Field,recover-20220825,002,1795
1514.3225,1514.3311,52968,57713,Pipistrellus pygmaeus,0.049,0.051,-1,Echolocation,/mnt/ubna_data_01_mir/recover-20220825/UBNA_002/20220823_033000.WAV,Telephone Field,recover-20220825,002,1795
1514.3275,1514.333,40937,61676,Pipistrellus nathusii,0.2,0.443,-1,Echolocation,/mnt/ubna_data_01_mir/recover-20220825/UBNA_002/20220823_033000.WAV,Telephone Field,recover-20220825,002,1795
1514.3815,1514.3879,41796,57755,Pipistrellus nathusii,0.301,0.477,-1,Echolocation,/mnt/ubna_data_01_mir/recover-20220825/UBNA_002/20220823_033000.WAV,Telephone Field,recover-20220825,002,1795
1514.3825,1514.3886,28046,65556,Myotis daubentonii,0.039,0.054,-1,Echolocation,/mnt/ubna_data_01_mir/recover-20220825/UBNA_002/20220823_033000.WAV,Telephone Field,recover-20220825,002,1795
1514.3825,1514.3886,52109,57294,Pipistrellus pygmaeus,0.028,0.034,-1,Echolocation,/mnt/ubna_data_01_mir/recover-20220825/UBNA_002/20220823_033000.WAV,Telephone Field,recover-20220825,002,1795
1514.4325,1514.4478,57265,63633,Pipistrellus pygmaeus,0.051,0.053,-1,Echolocation,/mnt/ubna_data_01_mir/recover-20220825/UBNA_002/20220823_033000.WAV,Telephone Field,recover-20220825,002,1795
1514.4365,1514.4428,40937,63444,Pipistrellus nathusii,0.179,0.459,-1,Echolocation,/mnt/ubna_data_01_mir/recover-20220825/UBNA_002/20220823_033000.WAV,Telephone Field,recover-20220825,002,1795
1514.4855,1514.5221,68437,81864,Rhinolophus ferrumequinum,0.026,0.026,-1,Echolocation,/mnt/ubna_data_01_mir/recover-20220825/UBNA_002/20220823_033000.WAV,Telephone Field,recover-20220825,002,1795
1514.4995,1514.5048,33203,41983,Myotis daubentonii,0.015,0.033,-1,Echolocation,/mnt/ubna_data_01_mir/recover-20220825/UBNA_002/20220823_033000.WAV,Telephone Field,recover-20220825,002,1795
1514.5105,1514.5179,49531,53784,Pipistrellus pipistrellus,0.018,0.031,-1,Echolocation,/mnt/ubna_data_01_mir/recover-20220825/UBNA_002/20220823_033000.WAV,Telephone Field,recover-20220825,002,1795
1514.5115,1514.5176,40078,58702,Pipistrellus nathusii,0.305,0.513,-1,Echolocation,/mnt/ubna_data_01_mir/recover-20220825/UBNA_002/20220823_033000.WAV,Telephone Field,recover-20220825,002,1795
1514.5115,1514.5175,28906,67468,Myotis brandtii,0.014,0.035,-1,Echolocation,/mnt/ubna_data_01_mir/recover-20220825/UBNA_002/20220823_033000.WAV,Telephone Field,recover-20220825,002,1795
1514.5315,1514.5378,43515,53463,Pipistrellus pipistrellus,0.019,0.03,-1,Echolocation,/mnt/ubna_data_01_mir/recover-20220825/UBNA_002/20220823_033000.WAV,Telephone Field,recover-20220825,002,1795
1514.5915,1514.5997,50390,57499,Pipistrellus pipistrellus,0.027,0.047,-1,Echolocation,/mnt/ubna_data_01_mir/recover-20220825/UBNA_002/20220823_033000.WAV,Telephone Field,recover-20220825,002,1795
1514.5965,1514.6025,40937,63629,Pipistrellus nathusii,0.355,0.492,-1,Echolocation,/mnt/ubna_data_01_mir/recover-20220825/UBNA_002/20220823_033000.WAV,Telephone Field,recover-20220825,002,1795
1514.5975,1514.603,33203,69650,Myotis brandtii,0.068,0.123,-1,Echolocation,/mnt/ubna_data_01_mir/recover-20220825/UBNA_002/20220823_033000.WAV,Telephone Field,recover-20220825,002,1795
1514.6125,1514.648,68437,81683,Rhinolophus ferrumequinum,0.025,0.025,-1,Echolocation,/mnt/ubna_data_01_mir/recover-20220825/UBNA_002/20220823_033000.WAV,Telephone Field,recover-20220825,002,1795
1514.6225,1514.6327,26328,33924,Eptesicus serotinus,0.012,0.025,-1,Echolocation,/mnt/ubna_data_01_mir/recover-20220825/UBNA_002/20220823_033000.WAV,Telephone Field,recover-20220825,002,1795
1514.6515,1514.6571,41796,58732,Pipistrellus nathusii,0.25,0.549,-1,Echolocation,/mnt/ubna_data_01_mir/recover-20220825/UBNA_002/20220823_033000.WAV,Telephone Field,recover-20220825,002,1795
1514.7025,1514.7103,52968,58586,Pipistrellus pygmaeus,0.03,0.036,-1,Echolocation,/mnt/ubna_data_01_mir/recover-20220825/UBNA_002/20220823_033000.WAV,Telephone Field,recover-20220825,002,1795
1514.7045,1514.7107,40937,61405,Pipistrellus nathusii,0.24,0.536,-1,Echolocation,/mnt/ubna_data_01_mir/recover-20220825/UBNA_002/20220823_033000.WAV,Telephone Field,recover-20220825,002,1795
1514.7195,1514.7561,68437,81765,Rhinolophus ferrumequinum,0.027,0.027,-1,Echolocation,/mnt/ubna_data_01_mir/recover-20220825/UBNA_002/20220823_033000.WAV,Telephone Field,recover-20220825,002,1795
1514.7395,1514.7482,26328,33187,Nyctalus leisleri,0.009,0.029,-1,Echolocation,/mnt/ubna_data_01_mir/recover-20220825/UBNA_002/20220823_033000.WAV,Telephone Field,recover-20220825,002,1795
1514.7445,1514.7559,57265,63845,Pipistrellus pygmaeus,0.025,0.025,-1,Echolocation,/mnt/ubna_data_01_mir/recover-20220825/UBNA_002/20220823_033000.WAV,Telephone Field,recover-20220825,002,1795
1514.7505,1514.756,40937,58098,Pipistrellus nathusii,0.222,0.471,-1,Echolocation,/mnt/ubna_data_01_mir/recover-20220825/UBNA_002/20220823_033000.WAV,Telephone Field,recover-20220825,002,1795
1514.7505,1514.7557,30625,77953,Myotis daubentonii,0.04,0.1,-1,Echolocation,/mnt/ubna_data_01_mir/recover-20220825/UBNA_002/20220823_033000.WAV,Telephone Field,recover-20220825,002,1795
1514.7825,1514.7898,28046,35473,Eptesicus serotinus,0.009,0.027,-1,Echolocation,/mnt/ubna_data_01_mir/recover-20220825/UBNA_002/20220823_033000.WAV,Telephone Field,recover-20220825,002,1795
1514.7945,1514.8005,40078,65038,Pipistrellus nathusii,0.188,0.438,-1,Echolocation,/mnt/ubna_data_01_mir/recover-20220825/UBNA_002/20220823_033000.WAV,Telephone Field,recover-20220825,002,1795
1514.7955,1514.8032,53828,58873,Pipistrellus pygmaeus,0.05,0.054,-1,Echolocation,/mnt/ubna_data_01_mir/recover-20220825/UBNA_002/20220823_033000.WAV,Telephone Field,recover-20220825,002,1795
1514.8485,1514.8568,49531,58250,Pipistrellus pipistrellus,0.033,0.061,-1,Echolocation,/mnt/ubna_data_01_mir/recover-20220825/UBNA_002/20220823_033000.WAV,Telephone Field,recover-20220825,002,1795
1514.8525,1514.8582,28906,78194,Myotis brandtii,0.056,0.124,-1,Echolocation,/mnt/ubna_data_01_mir/recover-20220825/UBNA_002/20220823_033000.WAV,Telephone Field,recover-20220825,002,1795
1514.8525,1514.8589,36640,60883,Pipistrellus nathusii,0.189,0.495,-1,Echolocation,/mnt/ubna_data_01_mir/recover-20220825/UBNA_002/20220823_033000.WAV,Telephone Field,recover-20220825,002,1795
1514.8635,1514.8739,28046,34153,Eptesicus serotinus,0.012,0.034,-1,Echolocation,/mnt/ubna_data_01_mir/recover-20220825/UBNA_002/20220823_033000.WAV,Telephone Field,recover-20220825,002,1795
1514.9005,1514.9086,52968,57181,Pipistrellus pygmaeus,0.072,0.075,-1,Echolocation,/mnt/ubna_data_01_mir/recover-20220825/UBNA_002/20220823_033000.WAV,Telephone Field,recover-20220825,002,1795
1514.9015,1514.9078,40937,56043,Pipistrellus nathusii,0.183,0.43,-1,Echolocation,/mnt/ubna_data_01_mir/recover-20220825/UBNA_002/20220823_033000.WAV,Telephone Field,recover-20220825,002,1795
1514.9345,1514.9417,23750,31901,Plecotus austriacus,0.011,0.024,-1,Echolocation,/mnt/ubna_data_01_mir/recover-20220825/UBNA_002/20220823_033000.WAV,Telephone Field,recover-20220825,002,1795
1514.9365,1514.9438,28906,39129,Eptesicus serotinus,0.007,0.025,-1,Echolocation,/mnt/ubna_data_01_mir/recover-20220825/UBNA_002/20220823_033000.WAV,Telephone Field,recover-20220825,002,1795
1514.9515,1514.9595,28046,35706,Eptesicus serotinus,0.009,0.026,-1,Echolocation,/mnt/ubna_data_01_mir/recover-20220825/UBNA_002/20220823_033000.WAV,Telephone Field,recover-20220825,002,1795
1514.9685,1514.9737,41796,58449,Pipistrellus nathusii,0.245,0.381,-1,Echolocation,/mnt/ubna_data_01_mir/recover-20220825/UBNA_002/20220823_033000.WAV,Telephone Field,recover-20220825,002,1795
1514.9775,1514.985,27187,35159,Eptesicus serotinus,0.007,0.027,-1,Echolocation,/mnt/ubna_data_01_mir/recover-20220825/UBNA_002/20220823_033000.WAV,Telephone Field,recover-20220825,002,1795
1514.9845,1515.0188,68437,81670,Rhinolophus ferrumequinum,0.025,0.025,-1,Echolocation,/mnt/ubna_data_01_mir/recover-20220825/UBNA_002/20220823_033000.WAV,Telephone Field,recover-20220825,002,1795
1515.0045,1515.0153,57265,62671,Pipistrellus pygmaeus,0.041,0.041,-1,Echolocation,/mnt/ubna_data_01_mir/recover-20220825/UBNA_002/20220823_033000.WAV,Telephone Field,recover-20220825,002,1795
1515.0535,1515.0957,68437,82535,Rhinolophus ferrumequinum,0.034,0.034,-1,Echolocation,/mnt/ubna_data_01_mir/recover-20220825/UBNA_002/20220823_033000.WAV,Telephone Field,recover-20220825,002,1795
1515.0545,1515.0675,42656,49264,Pipistrellus nathusii,0.164,0.266,-1,Echolocation,/mnt/ubna_data_01_mir/recover-20220825/UBNA_002/20220823_033000.WAV,Telephone Field,recover-20220825,002,1795
1515.0745,1515.0832,34062,41035,Barbastellus barbastellus,0.008,0.024,-1,Echolocation,/mnt/ubna_data_01_mir/recover-20220825/UBNA_002/20220823_033000.WAV,Telephone Field,recover-20220825,002,1795
1515.0795,1515.116,68437,80719,Rhinolophus ferrumequinum,0.024,0.024,-1,Echolocation,/mnt/ubna_data_01_mir/recover-20220825/UBNA_002/20220823_033000.WAV,Telephone Field,recover-20220825,002,1795
1515.0845,1515.0909,48671,55001,Pipistrellus pipistrellus,0.023,0.025,-1,Echolocation,/mnt/ubna_data_01_mir/recover-20220825/UBNA_002/20220823_033000.WAV,Telephone Field,recover-20220825,002,1795
1515.1215,1515.1307,53828,59685,Pipistrellus pygmaeus,0.018,0.025,-1,Echolocation,/mnt/ubna_data_01_mir/recover-20220825/UBNA_002/20220823_033000.WAV,Telephone Field,recover-20220825,002,1795
1515.1445,1515.157,42656,49261,Pipistrellus nathusii,0.283,0.354,-1,Echolocation,/mnt/ubna_data_01_mir/recover-20220825/UBNA_002/20220823_033000.WAV,Telephone Field,recover-20220825,002,1795
1515.1465,1515.1523,28046,52489,Myotis daubentonii,0.029,0.044,-1,Echolocation,/mnt/ubna_data_01_mir/recover-20220825/UBNA_002/20220823_033000.WAV,Telephone Field,recover-20220825,002,1795
1515.1585,1515.1689,28046,34772,Eptesicus serotinus,0.011,0.029,-1,Echolocation,/mnt/ubna_data_01_mir/recover-20220825/UBNA_002/20220823_033000.WAV,Telephone Field,recover-20220825,002,1795
1515.1895,1515.2284,68437,82235,Rhinolophus ferrumequinum,0.024,0.024,-1,Echolocation,/mnt/ubna_data_01_mir/recover-20220825/UBNA_002/20220823_033000.WAV,Telephone Field,recover-20220825,002,1795
1515.2035,1515.2155,42656,47404,Pipistrellus nathusii,0.294,0.325,-1,Echolocation,/mnt/ubna_data_01_mir/recover-20220825/UBNA_002/20220823_033000.WAV,Telephone Field,recover-20220825,002,1795
1515.2055,1515.215,27187,34604,Eptesicus serotinus,0.009,0.028,-1,Echolocation,/mnt/ubna_data_01_mir/recover-20220825/UBNA_002/20220823_033000.WAV,Telephone Field,recover-20220825,002,1795
1515.2415,1515.2508,28906,41243,Eptesicus serotinus,0.009,0.027,-1,Echolocation,/mnt/ubna_data_01_mir/recover-20220825/UBNA_002/20220823_033000.WAV,Telephone Field,recover-20220825,002,1795
1515.2435,1515.2508,44375,54562,Pipistrellus pipistrellus,0.015,0.028,-1,Echolocation,/mnt/ubna_data_01_mir/recover-20220825/UBNA_002/20220823_033000.WAV,Telephone Field,recover-20220825,002,1795
1515.2755,1515.2861,41796,47077,Pipistrellus nathusii,0.356,0.384,-1,Echolocation,/mnt/ubna_data_01_mir/recover-20220825/UBNA_002/20220823_033000.WAV,Telephone Field,recover-20220825,002,1795
1515.3275,1515.3332,27187,56458,Myotis daubentonii,0.024,0.035,-1,Echolocation,/mnt/ubna_data_01_mir/recover-20220825/UBNA_002/20220823_033000.WAV,Telephone Field,recover-20220825,002,1795
1515.3275,1515.3346,41796,54504,Pipistrellus nathusii,0.222,0.365,-1,Echolocation,/mnt/ubna_data_01_mir/recover-20220825/UBNA_002/20220823_033000.WAV,Telephone Field,recover-20220825,002,1795
1515.3625,1515.3689,49531,55188,Pipistrellus pipistrellus,0.023,0.025,-1,Echolocation,/mnt/ubna_data_01_mir/recover-20220825/UBNA_002/20220823_033000.WAV,Telephone Field,recover-20220825,002,1795
1515.3765,1515.3864,43515,51893,Pipistrellus nathusii,0.039,0.096,-1,Echolocation,/mnt/ubna_data_01_mir/recover-20220825/UBNA_002/20220823_033000.WAV,Telephone Field,recover-20220825,002,1795
1515.3765,1515.3819,36640,60335,Myotis daubentonii,0.024,0.063,-1,Echolocation,/mnt/ubna_data_01_mir/recover-20220825/UBNA_002/20220823_033000.WAV,Telephone Field,recover-20220825,002,1795
1515.3775,1515.3978,16875,21673,Nyctalus noctula,0.021,0.03,-1,Echolocation,/mnt/ubna_data_01_mir/recover-20220825/UBNA_002/20220823_033000.WAV,Telephone Field,recover-20220825,002,1795
1515.4305,1515.441,55546,62035,Pipistrellus pygmaeus,0.025,0.026,-1,Echolocation,/mnt/ubna_data_01_mir/recover-20220825/UBNA_002/20220823_033000.WAV,Telephone Field,recover-20220825,002,1795
1515.4355,1515.4431,44375,58407,Pipistrellus pipistrellus,0.017,0.029,-1,Echolocation,/mnt/ubna_data_01_mir/recover-20220825/UBNA_002/20220823_033000.WAV,Telephone Field,recover-20220825,002,1795
1515.4375,1515.4432,36640,56546,Myotis daubentonii,0.009,0.026,-1,Echolocation,/mnt/ubna_data_01_mir/recover-20220825/UBNA_002/20220823_033000.WAV,Telephone Field,recover-20220825,002,1795
1515.4385,1515.4455,26328,39730,Eptesicus serotinus,0.007,0.025,-1,Echolocation,/mnt/ubna_data_01_mir/recover-20220825/UBNA_002/20220823_033000.WAV,Telephone Field,recover-20220825,002,1795
1515.4385,1515.4445,31484,47678,Myotis daubentonii,0.014,0.026,-1,Echolocation,/mnt/ubna_data_01_mir/recover-20220825/UBNA_002/20220823_033000.WAV,Telephone Field,recover-20220825,002,1795
1515.4505,1515.4605999999999,40937,50637,Pipistrellus nathusii,0.28,0.317,-1,Echolocation,/mnt/ubna_data_01_mir/recover-20220825/UBNA_002/20220823_033000.WAV,Telephone Field,recover-20220825,002,1795
1515.4535,1515.4892,68437,81374,Rhinolophus ferrumequinum,0.027,0.027,-1,Echolocation,/mnt/ubna_data_01_mir/recover-20220825/UBNA_002/20220823_033000.WAV,Telephone Field,recover-20220825,002,1795
1515.4555,1515.4614,28046,52910,Myotis daubentonii,0.025,0.039,-1,Echolocation,/mnt/ubna_data_01_mir/recover-20220825/UBNA_002/20220823_033000.WAV,Telephone Field,recover-20220825,002,1795
1515.5095,1515.5171,48671,56347,Pipistrellus pipistrellus,0.023,0.025,-1,Echolocation,/mnt/ubna_data_01_mir/recover-20220825/UBNA_002/20220823_033000.WAV,Telephone Field,recover-20220825,002,1795
1515.5345,1515.5465,42656,47094,Pipistrellus nathusii,0.058,0.116,-1,Echolocation,/mnt/ubna_data_01_mir/recover-20220825/UBNA_002/20220823_033000.WAV,Telephone Field,recover-20220825,002,1795
1515.5525,1515.593,68437,82610,Rhinolophus ferrumequinum,0.026,0.026,-1,Echolocation,/mnt/ubna_data_01_mir/recover-20220825/UBNA_002/20220823_033000.WAV,Telephone Field,recover-20220825,002,1795
1515.5675,1515.5781,23750,29737,Nyctalus leisleri,0.012,0.028,-1,Echolocation,/mnt/ubna_data_01_mir/recover-20220825/UBNA_002/20220823_033000.WAV,Telephone Field,recover-20220825,002,1795
1515.5935,1515.6001,29765,46523,Myotis daubentonii,0.015,0.026,-1,Echolocation,/mnt/ubna_data_01_mir/recover-20220825/UBNA_002/20220823_033000.WAV,Telephone Field,recover-20220825,002,1795
1515.6115,1515.6222,22890,28454,Nyctalus leisleri,0.011,0.025,-1,Echolocation,/mnt/ubna_data_01_mir/recover-20220825/UBNA_002/20220823_033000.WAV,Telephone Field,recover-20220825,002,1795
1515.6235,1515.6316,39218,49804,Pipistrellus nathusii,0.135,0.259,-1,Echolocation,/mnt/ubna_data_01_mir/recover-20220825/UBNA_002/20220823_033000.WAV,Telephone Field,recover-20220825,002,1795
1515.6995,1515.7342,68437,81065,Rhinolophus ferrumequinum,0.024,0.024,-1,Echolocation,/mnt/ubna_data_01_mir/recover-20220825/UBNA_002/20220823_033000.WAV,Telephone Field,recover-20220825,002,1795
1515.7045,1515.7121,27187,38809,Eptesicus serotinus,0.008,0.026,-1,Echolocation,/mnt/ubna_data_01_mir/recover-20220825/UBNA_002/20220823_033000.WAV,Telephone Field,recover-20220825,002,1795
1515.7075,1515.7153,50390,56501,Pipistrellus pipistrellus,0.025,0.028,-1,Echolocation,/mnt/ubna_data_01_mir/recover-20220825/UBNA_002/20220823_033000.WAV,Telephone Field,recover-20220825,002,1795
1515.7395,1515.7467,28046,39268,Eptesicus serotinus,0.008,0.027,-1,Echolocation,/mnt/ubna_data_01_mir/recover-20220825/UBNA_002/20220823_033000.WAV,Telephone Field,recover-20220825,002,1795
1515.7635,1515.7763,14296,19548,Nyctalus noctula,0.019,0.033,-1,Echolocation,/mnt/ubna_data_01_mir/recover-20220825/UBNA_002/20220823_033000.WAV,Telephone Field,recover-20220825,002,1795
1515.7735,1515.7821,44375,51853,Pipistrellus pipistrellus,0.018,0.027,-1,Echolocation,/mnt/ubna_data_01_mir/recover-20220825/UBNA_002/20220823_033000.WAV,Telephone Field,recover-20220825,002,1795
1515.7765,1515.7819,29765,51327,Myotis daubentonii,0.022,0.036,-1,Echolocation,/mnt/ubna_data_01_mir/recover-20220825/UBNA_002/20220823_033000.WAV,Telephone Field,recover-20220825,002,1795
1515.8045,1515.8125,40078,49744,Pipistrellus nathusii,0.177,0.289,-1,Echolocation,/mnt/ubna_data_01_mir/recover-20220825/UBNA_002/20220823_033000.WAV,Telephone Field,recover-20220825,002,1795
1515.8175,1515.8295,26328,31745,Nyctalus leisleri,0.01,0.026,-1,Echolocation,/mnt/ubna_data_01_mir/recover-20220825/UBNA_002/20220823_033000.WAV,Telephone Field,recover-20220825,002,1795
1515.8255,1515.8331,51250,57408,Pipistrellus pipistrellus,0.024,0.029,-1,Echolocation,/mnt/ubna_data_01_mir/recover-20220825/UBNA_002/20220823_033000.WAV,Telephone Field,recover-20220825,002,1795
1515.8265,1515.835,28046,36458,Eptesicus serotinus,0.008,0.026,-1,Echolocation,/mnt/ubna_data_01_mir/recover-20220825/UBNA_002/20220823_033000.WAV,Telephone Field,recover-20220825,002,1795
1515.8355,1515.8457,28046,35515,Eptesicus serotinus,0.015,0.032,-1,Echolocation,/mnt/ubna_data_01_mir/recover-20220825/UBNA_002/20220823_033000.WAV,Telephone Field,recover-20220825,002,1795
1515.8415,1515.8503,47812,55086,Pipistrellus pipistrellus,0.025,0.029,-1,Echolocation,/mnt/ubna_data_01_mir/recover-20220825/UBNA_002/20220823_033000.WAV,Telephone Field,recover-20220825,002,1795
1515.8715,1515.882,40937,46031,Pipistrellus nathusii,0.023,0.036,-1,Echolocation,/mnt/ubna_data_01_mir/recover-20220825/UBNA_002/20220823_033000.WAV,Telephone Field,recover-20220825,002,1795
1515.8795,1515.8864,46093,50035,Pipistrellus pipistrellus,0.026,0.028,-1,Echolocation,/mnt/ubna_data_01_mir/recover-20220825/UBNA_002/20220823_033000.WAV,Telephone Field,recover-20220825,002,1795
1515.8865,1515.8947,40937,48614,Pipistrellus nathusii,0.009,0.025,-1,Echolocation,/mnt/ubna_data_01_mir/recover-20220825/UBNA_002/20220823_033000.WAV,Telephone Field,recover-20220825,002,1795
1515.9075,1515.9247,45234,48166,Pipistrellus pipistrellus,0.054,0.065,-1,Echolocation,/mnt/ubna_data_01_mir/recover-20220825/UBNA_002/20220823_033000.WAV,Telephone Field,recover-20220825,002,1795
1515.9545,1515.9632,28046,37173,Eptesicus serotinus,0.011,0.029,-1,Echolocation,/mnt/ubna_data_01_mir/recover-20220825/UBNA_002/20220823_033000.WAV,Telephone Field,recover-20220825,002,1795
1515.9875,1515.9964,40937,49269,Pipistrellus nathusii,0.015,0.03,-1,Echolocation,/mnt/ubna_data_01_mir/recover-20220825/UBNA_002/20220823_033000.WAV,Telephone Field,recover-20220825,002,1795
1516.0015,1516.031,68437,79807,Rhinolophus ferrumequinum,0.032,0.032,-1,Echolocation,/mnt/ubna_data_01_mir/recover-20220825/UBNA_002/20220823_033000.WAV,Telephone Field,recover-20220825,002,1795
1516.0015,1516.0151,17734,22219,Nyctalus noctula,0.013,0.032,-1,Echolocation,/mnt/ubna_data_01_mir/recover-20220825/UBNA_002/20220823_033000.WAV,Telephone Field,recover-20220825,002,1795
1516.0015,1516.0098,23750,30755,Nyctalus leisleri,0.007,0.023,-1,Echolocation,/mnt/ubna_data_01_mir/recover-20220825/UBNA_002/20220823_033000.WAV,Telephone Field,recover-20220825,002,1795
1516.0205,1516.0308,33203,38809,Barbastellus barbastellus,0.006,0.024,-1,Echolocation,/mnt/ubna_data_01_mir/recover-20220825/UBNA_002/20220823_033000.WAV,Telephone Field,recover-20220825,002,1795
1516.0205,1516.0302,28906,37022,Eptesicus serotinus,0.01,0.024,-1,Echolocation,/mnt/ubna_data_01_mir/recover-20220825/UBNA_002/20220823_033000.WAV,Telephone Field,recover-20220825,002,1795
1516.0245,1516.0597,68437,81714,Rhinolophus ferrumequinum,0.023,0.023,-1,Echolocation,/mnt/ubna_data_01_mir/recover-20220825/UBNA_002/20220823_033000.WAV,Telephone Field,recover-20220825,002,1795
1516.0265,1516.0375,49531,57476,Pipistrellus pipistrellus,0.017,0.023,-1,Echolocation,/mnt/ubna_data_01_mir/recover-20220825/UBNA_002/20220823_033000.WAV,Telephone Field,recover-20220825,002,1795
1516.0305,1516.0378,55546,60870,Pipistrellus pygmaeus,0.022,0.023,-1,Echolocation,/mnt/ubna_data_01_mir/recover-20220825/UBNA_002/20220823_033000.WAV,Telephone Field,recover-20220825,002,1795
1516.0555,1516.0645,27187,37975,Eptesicus serotinus,0.008,0.023,-1,Echolocation,/mnt/ubna_data_01_mir/recover-20220825/UBNA_002/20220823_033000.WAV,Telephone Field,recover-20220825,002,1795
1516.0975,1516.1093,22031,27185,Nyctalus leisleri,0.012,0.026,-1,Echolocation,/mnt/ubna_data_01_mir/recover-20220825/UBNA_002/20220823_033000.WAV,Telephone Field,recover-20220825,002,1795
1516.1175,1516.1253,28046,45986,Eptesicus serotinus,0.007,0.024,-1,Echolocation,/mnt/ubna_data_01_mir/recover-20220825/UBNA_002/20220823_033000.WAV,Telephone Field,recover-20220825,002,1795
1516.1475,1516.1607,23750,29326,Nyctalus leisleri,0.013,0.03,-1,Echolocation,/mnt/ubna_data_01_mir/recover-20220825/UBNA_002/20220823_033000.WAV,Telephone Field,recover-20220825,002,1795
1516.1775,1516.2195,68437,82790,Rhinolophus ferrumequinum,0.024,0.024,-1,Echolocation,/mnt/ubna_data_01_mir/recover-20220825/UBNA_002/20220823_033000.WAV,Telephone Field,recover-20220825,002,1795
1516.1925,1516.2022,28046,36371,Eptesicus serotinus,0.011,0.026,-1,Echolocation,/mnt/ubna_data_01_mir/recover-20220825/UBNA_002/20220823_033000.WAV,Telephone Field,recover-20220825,002,1795
1516.2025,1516.2141,35781,41176,Pipistrellus nathusii,0.005,0.023,-1,Echolocation,/mnt/ubna_data_01_mir/recover-20220825/UBNA_002/20220823_033000.WAV,Telephone Field,recover-20220825,002,1795
1516.2055,1516.2426,68437,82497,Rhinolophus ferrumequinum,0.022,0.022,-1,Echolocation,/mnt/ubna_data_01_mir/recover-20220825/UBNA_002/20220823_033000.WAV,Telephone Field,recover-20220825,002,1795
1516.2375,1516.2449,28046,38202,Eptesicus serotinus,0.007,0.024,-1,Echolocation,/mnt/ubna_data_01_mir/recover-20220825/UBNA_002/20220823_033000.WAV,Telephone Field,recover-20220825,002,1795
1516.2735,1516.2798,33203,46580,Myotis daubentonii,0.013,0.027,-1,Echolocation,/mnt/ubna_data_01_mir/recover-20220825/UBNA_002/20220823_033000.WAV,Telephone Field,recover-20220825,002,1795
1516.2755,1516.2816,27187,42462,Eptesicus serotinus,0.006,0.025,-1,Echolocation,/mnt/ubna_data_01_mir/recover-20220825/UBNA_002/20220823_033000.WAV,Telephone Field,recover-20220825,002,1795
1516.2815,1516.3198,68437,82603,Rhinolophus ferrumequinum,0.023,0.023,-1,Echolocation,/mnt/ubna_data_01_mir/recover-20220825/UBNA_002/20220823_033000.WAV,Telephone Field,recover-20220825,002,1795
1516.3025,1516.3429,68437,83061,Rhinolophus ferrumequinum,0.024,0.024,-1,Echolocation,/mnt/ubna_data_01_mir/recover-20220825/UBNA_002/20220823_033000.WAV,Telephone Field,recover-20220825,002,1795
1516.3255,1516.334,27187,39189,Eptesicus serotinus,0.009,0.022,-1,Echolocation,/mnt/ubna_data_01_mir/recover-20220825/UBNA_002/20220823_033000.WAV,Telephone Field,recover-20220825,002,1795
1516.3355,1516.3434,26328,34788,Eptesicus serotinus,0.008,0.024,-1,Echolocation,/mnt/ubna_data_01_mir/recover-20220825/UBNA_002/20220823_033000.WAV,Telephone Field,recover-20220825,002,1795
1516.3425,1516.3524,14296,21340,Nyctalus noctula,0.05,0.088,-1,Echolocation,/mnt/ubna_data_01_mir/recover-20220825/UBNA_002/20220823_033000.WAV,Telephone Field,recover-20220825,002,1795
1516.3545,1516.362,40078,46962,Pipistrellus nathusii,0.123,0.328,-1,Echolocation,/mnt/ubna_data_01_mir/recover-20220825/UBNA_002/20220823_033000.WAV,Telephone Field,recover-20220825,002,1795
1516.4235,1516.4327,28906,39700,Eptesicus serotinus,0.009,0.024,-1,Echolocation,/mnt/ubna_data_01_mir/recover-20220825/UBNA_002/20220823_033000.WAV,Telephone Field,recover-20220825,002,1795
1516.4885,1516.5007,58984,64633,Pipistrellus pygmaeus,0.026,0.027,-1,Echolocation,/mnt/ubna_data_01_mir/recover-20220825/UBNA_002/20220823_033000.WAV,Telephone Field,recover-20220825,002,1795
1516.4975,1516.5083,23750,28913,Nyctalus leisleri,0.017,0.033,-1,Echolocation,/mnt/ubna_data_01_mir/recover-20220825/UBNA_002/20220823_033000.WAV,Telephone Field,recover-20220825,002,1795
1516.5405,1516.5482,38359,45311,Pipistrellus nathusii,0.232,0.44,-1,Echolocation,/mnt/ubna_data_01_mir/recover-20220825/UBNA_002/20220823_033000.WAV,Telephone Field,recover-20220825,002,1795
1516.5785,1516.586,23750,32687,Plecotus austriacus,0.009,0.024,-1,Echolocation,/mnt/ubna_data_01_mir/recover-20220825/UBNA_002/20220823_033000.WAV,Telephone Field,recover-20220825,002,1795
1516.5855,1516.6231,68437,81861,Rhinolophus ferrumequinum,0.024,0.024,-1,Echolocation,/mnt/ubna_data_01_mir/recover-20220825/UBNA_002/20220823_033000.WAV,Telephone Field,recover-20220825,002,1795
1516.6585,1516.6673,48671,54677,Pipistrellus pipistrellus,0.035,0.042,-1,Echolocation,/mnt/ubna_data_01_mir/recover-20220825/UBNA_002/20220823_033000.WAV,Telephone Field,recover-20220825,002,1795
1516.6685,1516.6788,28906,36107,Eptesicus serotinus,0.012,0.024,-1,Echolocation,/mnt/ubna_data_01_mir/recover-20220825/UBNA_002/20220823_033000.WAV,Telephone Field,recover-20220825,002,1795
1516.6805,1516.718,68437,81428,Rhinolophus ferrumequinum,0.022,0.022,-1,Echolocation,/mnt/ubna_data_01_mir/recover-20220825/UBNA_002/20220823_033000.WAV,Telephone Field,recover-20220825,002,1795
1516.6935,1516.7009,32343,41401,Myotis daubentonii,0.01,0.026,-1,Echolocation,/mnt/ubna_data_01_mir/recover-20220825/UBNA_002/20220823_033000.WAV,Telephone Field,recover-20220825,002,1795
1516.7165,1516.7246,38359,45959,Pipistrellus nathusii,0.412,0.556,-1,Echolocation,/mnt/ubna_data_01_mir/recover-20220825/UBNA_002/20220823_033000.WAV,Telephone Field,recover-20220825,002,1795
1516.7835,1516.7897,28046,40369,Eptesicus serotinus,0.006,0.027,-1,Echolocation,/mnt/ubna_data_01_mir/recover-20220825/UBNA_002/20220823_033000.WAV,Telephone Field,recover-20220825,002,1795
1516.7915,1516.8099,20312,22971,Nyctalus leisleri,0.014,0.022,-1,Echolocation,/mnt/ubna_data_01_mir/recover-20220825/UBNA_002/20220823_033000.WAV,Telephone Field,recover-20220825,002,1795
1516.7985,1516.8081,43515,50080,Pipistrellus pipistrellus,0.017,0.024,-1,Echolocation,/mnt/ubna_data_01_mir/recover-20220825/UBNA_002/20220823_033000.WAV,Telephone Field,recover-20220825,002,1795
1516.9055,1516.9132,37500,45214,Pipistrellus nathusii,0.072,0.193,-1,Echolocation,/mnt/ubna_data_01_mir/recover-20220825/UBNA_002/20220823_033000.WAV,Telephone Field,recover-20220825,002,1795
1516.9405,1516.9509,22031,26738,Nyctalus leisleri,0.01,0.022,-1,Echolocation,/mnt/ubna_data_01_mir/recover-20220825/UBNA_002/20220823_033000.WAV,Telephone Field,recover-20220825,002,1795
1516.9985,1517.0384,68437,82991,Rhinolophus ferrumequinum,0.024,0.024,-1,Echolocation,/mnt/ubna_data_01_mir/recover-20220825/UBNA_002/20220823_033000.WAV,Telephone Field,recover-20220825,002,1795
1517.0305,1517.0417,34921,42269,Barbastellus barbastellus,0.006,0.028,-1,Echolocation,/mnt/ubna_data_01_mir/recover-20220825/UBNA_002/20220823_033000.WAV,Telephone Field,recover-20220825,002,1795
1517.0325,1517.042,27187,37609,Eptesicus serotinus,0.011,0.024,-1,Echolocation,/mnt/ubna_data_01_mir/recover-20220825/UBNA_002/20220823_033000.WAV,Telephone Field,recover-20220825,002,1795
1517.1405,1517.148,50390,57219,Pipistrellus pipistrellus,0.025,0.029,-1,Echolocation,/mnt/ubna_data_01_mir/recover-20220825/UBNA_002/20220823_033000.WAV,Telephone Field,recover-20220825,002,1795
1517.1815,1517.1921,24609,31558,Nyctalus leisleri,0.008,0.023,-1,Echolocation,/mnt/ubna_data_01_mir/recover-20220825/UBNA_002/20220823_033000.WAV,Telephone Field,recover-20220825,002,1795
1517.1865,1517.1957,27187,36439,Eptesicus serotinus,0.009,0.023,-1,Echolocation,/mnt/ubna_data_01_mir/recover-20220825/UBNA_002/20220823_033000.WAV,Telephone Field,recover-20220825,002,1795
1517.2165,1517.2505,68437,81134,Rhinolophus ferrumequinum,0.029,0.029,-1,Echolocation,/mnt/ubna_data_01_mir/recover-20220825/UBNA_002/20220823_033000.WAV,Telephone Field,recover-20220825,002,1795
1517.2445,1517.2516,23750,32869,Plecotus austriacus,0.013,0.028,-1,Echolocation,/mnt/ubna_data_01_mir/recover-20220825/UBNA_002/20220823_033000.WAV,Telephone Field,recover-20220825,002,1795
1517.2845,1517.3271,68437,83110,Rhinolophus ferrumequinum,0.027,0.027,-1,Echolocation,/mnt/ubna_data_01_mir/recover-20220825/UBNA_002/20220823_033000.WAV,Telephone Field,recover-20220825,002,1795
1517.2925,1517.3004,23750,32727,Plecotus austriacus,0.009,0.024,-1,Echolocation,/mnt/ubna_data_01_mir/recover-20220825/UBNA_002/20220823_033000.WAV,Telephone Field,recover-20220825,002,1795
1517.3015,1517.3123,14296,18279,Nyctalus noctula,0.013,0.027,-1,Echolocation,/mnt/ubna_data_01_mir/recover-20220825/UBNA_002/20220823_033000.WAV,Telephone Field,recover-20220825,002,1795
1517.3385,1517.3438,36640,48001,Myotis daubentonii,0.011,0.024,-1,Echolocation,/mnt/ubna_data_01_mir/recover-20220825/UBNA_002/20220823_033000.WAV,Telephone Field,recover-20220825,002,1795
1517.3395,1517.3461,24609,40257,Myotis nattereri,0.007,0.022,-1,Echolocation,/mnt/ubna_data_01_mir/recover-20220825/UBNA_002/20220823_033000.WAV,Telephone Field,recover-20220825,002,1795
1517.3415,1517.3805,68437,82602,Rhinolophus ferrumequinum,0.023,0.023,-1,Echolocation,/mnt/ubna_data_01_mir/recover-20220825/UBNA_002/20220823_033000.WAV,Telephone Field,recover-20220825,002,1795
1517.3465,1517.3865,68437,82653,Rhinolophus ferrumequinum,0.023,0.023,-1,Echolocation,/mnt/ubna_data_01_mir/recover-20220825/UBNA_002/20220823_033000.WAV,Telephone Field,recover-20220825,002,1795
1517.3875,1517.3958,28046,38573,Eptesicus serotinus,0.009,0.025,-1,Echolocation,/mnt/ubna_data_01_mir/recover-20220825/UBNA_002/20220823_033000.WAV,Telephone Field,recover-20220825,002,1795
1517.4175,1517.4246,46093,57230,Pipistrellus pipistrellus,0.017,0.024,-1,Echolocation,/mnt/ubna_data_01_mir/recover-20220825/UBNA_002/20220823_033000.WAV,Telephone Field,recover-20220825,002,1795
1517.4265,1517.4387,22031,26475,Nyctalus leisleri,0.016,0.028,-1,Echolocation,/mnt/ubna_data_01_mir/recover-20220825/UBNA_002/20220823_033000.WAV,Telephone Field,recover-20220825,002,1795
1517.4445,1517.4837,68437,82293,Rhinolophus ferrumequinum,0.022,0.022,-1,Echolocation,/mnt/ubna_data_01_mir/recover-20220825/UBNA_002/20220823_033000.WAV,Telephone Field,recover-20220825,002,1795
1517.4535,1517.4942,68437,82447,Rhinolophus ferrumequinum,0.023,0.023,-1,Echolocation,/mnt/ubna_data_01_mir/recover-20220825/UBNA_002/20220823_033000.WAV,Telephone Field,recover-20220825,002,1795
1517.4605,1517.5009,68437,82643,Rhinolophus ferrumequinum,0.023,0.023,-1,Echolocation,/mnt/ubna_data_01_mir/recover-20220825/UBNA_002/20220823_033000.WAV,Telephone Field,recover-20220825,002,1795
1517.5215,1517.5602,68437,81748,Rhinolophus ferrumequinum,0.022,0.022,-1,Echolocation,/mnt/ubna_data_01_mir/recover-20220825/UBNA_002/20220823_033000.WAV,Telephone Field,recover-20220825,002,1795
1517.5565,1517.591,68437,79636,Rhinolophus ferrumequinum,0.03,0.03,-1,Echolocation,/mnt/ubna_data_01_mir/recover-20220825/UBNA_002/20220823_033000.WAV,Telephone Field,recover-20220825,002,1795
1517.6175,1517.6275,22031,27534,Nyctalus leisleri,0.009,0.024,-1,Echolocation,/mnt/ubna_data_01_mir/recover-20220825/UBNA_002/20220823_033000.WAV,Telephone Field,recover-20220825,002,1795
1517.6255,1517.6642,68437,81950,Rhinolophus ferrumequinum,0.028,0.028,-1,Echolocation,/mnt/ubna_data_01_mir/recover-20220825/UBNA_002/20220823_033000.WAV,Telephone Field,recover-20220825,002,1795
1517.6545,1517.6622,28046,41470,Eptesicus serotinus,0.007,0.023,-1,Echolocation,/mnt/ubna_data_01_mir/recover-20220825/UBNA_002/20220823_033000.WAV,Telephone Field,recover-20220825,002,1795
1517.6665,1517.677,22031,27918,Nyctalus leisleri,0.009,0.025,-1,Echolocation,/mnt/ubna_data_01_mir/recover-20220825/UBNA_002/20220823_033000.WAV,Telephone Field,recover-20220825,002,1795
1517.6705,1517.6872,17734,22784,Nyctalus noctula,0.017,0.025,-1,Echolocation,/mnt/ubna_data_01_mir/recover-20220825/UBNA_002/20220823_033000.WAV,Telephone Field,recover-20220825,002,1795
1517.6705,1517.6778,28046,38921,Eptesicus serotinus,0.008,0.025,-1,Echolocation,/mnt/ubna_data_01_mir/recover-20220825/UBNA_002/20220823_033000.WAV,Telephone Field,recover-20220825,002,1795
1517.6775,1517.7145,68437,81822,Rhinolophus ferrumequinum,0.025,0.025,-1,Echolocation,/mnt/ubna_data_01_mir/recover-20220825/UBNA_002/20220823_033000.WAV,Telephone Field,recover-20220825,002,1795
1517.7075,1517.7472,68437,83012,Rhinolophus ferrumequinum,0.025,0.025,-1,Echolocation,/mnt/ubna_data_01_mir/recover-20220825/UBNA_002/20220823_033000.WAV,Telephone Field,recover-20220825,002,1795
1517.7915,1517.8316,68437,82407,Rhinolophus ferrumequinum,0.031,0.031,-1,Echolocation,/mnt/ubna_data_01_mir/recover-20220825/UBNA_002/20220823_033000.WAV,Telephone Field,recover-20220825,002,1795
1517.8215,1517.8278,48671,56833,Pipistrellus pipistrellus,0.02,0.024,-1,Echolocation,/mnt/ubna_data_01_mir/recover-20220825/UBNA_002/20220823_033000.WAV,Telephone Field,recover-20220825,002,1795
1517.8385,1517.8463,28046,39542,Eptesicus serotinus,0.008,0.024,-1,Echolocation,/mnt/ubna_data_01_mir/recover-20220825/UBNA_002/20220823_033000.WAV,Telephone Field,recover-20220825,002,1795
1517.8695,1517.9119,68437,82356,Rhinolophus ferrumequinum,0.022,0.022,-1,Echolocation,/mnt/ubna_data_01_mir/recover-20220825/UBNA_002/20220823_033000.WAV,Telephone Field,recover-20220825,002,1795
1517.8855,1517.9009,22890,27440,Nyctalus leisleri,0.015,0.028,-1,Echolocation,/mnt/ubna_data_01_mir/recover-20220825/UBNA_002/20220823_033000.WAV,Telephone Field,recover-20220825,002,1795
1517.9085,1517.9167,27187,38369,Eptesicus serotinus,0.008,0.024,-1,Echolocation,/mnt/ubna_data_01_mir/recover-20220825/UBNA_002/20220823_033000.WAV,Telephone Field,recover-20220825,002,1795
1518.0015,1518.0116,46093,51288,Pipistrellus pipistrellus,0.028,0.034,-1,Echolocation,/mnt/ubna_data_01_mir/recover-20220825/UBNA_002/20220823_033000.WAV,Telephone Field,recover-20220825,002,1795
1518.0015,1518.0337,68437,79933,Rhinolophus ferrumequinum,0.036,0.037,-1,Echolocation,/mnt/ubna_data_01_mir/recover-20220825/UBNA_002/20220823_033000.WAV,Telephone Field,recover-20220825,002,1795
1518.0015,1518.0104,25468,32310,Nyctalus leisleri,0.016,0.044,-1,Echolocation,/mnt/ubna_data_01_mir/recover-20220825/UBNA_002/20220823_033000.WAV,Telephone Field,recover-20220825,002,1795
1518.0285,1518.0698,68437,82843,Rhinolophus ferrumequinum,0.026,0.026,-1,Echolocation,/mnt/ubna_data_01_mir/recover-20220825/UBNA_002/20220823_033000.WAV,Telephone Field,recover-20220825,002,1795
1518.0425,1518.0798,68437,82127,Rhinolophus ferrumequinum,0.027,0.027,-1,Echolocation,/mnt/ubna_data_01_mir/recover-20220825/UBNA_002/20220823_033000.WAV,Telephone Field,recover-20220825,002,1795
1518.0585,1518.0679,28906,38003,Eptesicus serotinus,0.012,0.029,-1,Echolocation,/mnt/ubna_data_01_mir/recover-20220825/UBNA_002/20220823_033000.WAV,Telephone Field,recover-20220825,002,1795
1518.1005,1518.1401,68437,82428,Rhinolophus ferrumequinum,0.025,0.025,-1,Echolocation,/mnt/ubna_data_01_mir/recover-20220825/UBNA_002/20220823_033000.WAV,Telephone Field,recover-20220825,002,1795
1518.1085,1518.1488,68437,82674,Rhinolophus ferrumequinum,0.024,0.024,-1,Echolocation,/mnt/ubna_data_01_mir/recover-20220825/UBNA_002/20220823_033000.WAV,Telephone Field,recover-20220825,002,1795
1518.1395,1518.1823,68437,82732,Rhinolophus ferrumequinum,0.022,0.022,-1,Echolocation,/mnt/ubna_data_01_mir/recover-20220825/UBNA_002/20220823_033000.WAV,Telephone Field,recover-20220825,002,1795
1518.1575,1518.1663,28046,37272,Eptesicus serotinus,0.01,0.026,-1,Echolocation,/mnt/ubna_data_01_mir/recover-20220825/UBNA_002/20220823_033000.WAV,Telephone Field,recover-20220825,002,1795
1518.1645,1518.1713,47812,55013,Pipistrellus pipistrellus,0.018,0.02,-1,Echolocation,/mnt/ubna_data_01_mir/recover-20220825/UBNA_002/20220823_033000.WAV,Telephone Field,recover-20220825,002,1795
1518.1675,1518.2068,68437,82450,Rhinolophus ferrumequinum,0.023,0.023,-1,Echolocation,/mnt/ubna_data_01_mir/recover-20220825/UBNA_002/20220823_033000.WAV,Telephone Field,recover-20220825,002,1795
1518.1915,1518.2308,68437,82418,Rhinolophus ferrumequinum,0.025,0.025,-1,Echolocation,/mnt/ubna_data_01_mir/recover-20220825/UBNA_002/20220823_033000.WAV,Telephone Field,recover-20220825,002,1795
1518.1935,1518.2023,27187,38418,Eptesicus serotinus,0.008,0.023,-1,Echolocation,/mnt/ubna_data_01_mir/recover-20220825/UBNA_002/20220823_033000.WAV,Telephone Field,recover-20220825,002,1795
1518.2345,1518.2718,68437,82449,Rhinolophus ferrumequinum,0.027,0.027,-1,Echolocation,/mnt/ubna_data_01_mir/recover-20220825/UBNA_002/20220823_033000.WAV,Telephone Field,recover-20220825,002,1795
1518.2425,1518.2805,68437,82115,Rhinolophus ferrumequinum,0.022,0.022,-1,Echolocation,/mnt/ubna_data_01_mir/recover-20220825/UBNA_002/20220823_033000.WAV,Telephone Field,recover-20220825,002,1795
1518.2835,1518.2923,26328,34242,Nyctalus leisleri,0.009,0.029,-1,Echolocation,/mnt/ubna_data_01_mir/recover-20220825/UBNA_002/20220823_033000.WAV,Telephone Field,recover-20220825,002,1795
1518.3135,1518.3489,68437,81414,Rhinolophus ferrumequinum,0.024,0.024,-1,Echolocation,/mnt/ubna_data_01_mir/recover-20220825/UBNA_002/20220823_033000.WAV,Telephone Field,recover-20220825,002,1795
1518.3205,1518.3287,28046,39836,Eptesicus serotinus,0.008,0.021,-1,Echolocation,/mnt/ubna_data_01_mir/recover-20220825/UBNA_002/20220823_033000.WAV,Telephone Field,recover-20220825,002,1795
1518.3455,1518.3629,21171,24093,Nyctalus leisleri,0.013,0.021,-1,Echolocation,/mnt/ubna_data_01_mir/recover-20220825/UBNA_002/20220823_033000.WAV,Telephone Field,recover-20220825,002,1795
1518.3455,1518.3832,68437,82315,Rhinolophus ferrumequinum,0.028,0.028,-1,Echolocation,/mnt/ubna_data_01_mir/recover-20220825/UBNA_002/20220823_033000.WAV,Telephone Field,recover-20220825,002,1795
1518.3585,1518.3669,28906,39505,Eptesicus serotinus,0.008,0.024,-1,Echolocation,/mnt/ubna_data_01_mir/recover-20220825/UBNA_002/20220823_033000.WAV,Telephone Field,recover-20220825,002,1795
1518.3845,1518.4235,68437,82338,Rhinolophus ferrumequinum,0.022,0.022,-1,Echolocation,/mnt/ubna_data_01_mir/recover-20220825/UBNA_002/20220823_033000.WAV,Telephone Field,recover-20220825,002,1795
1518.4165,1518.4539,68437,81953,Rhinolophus ferrumequinum,0.023,0.023,-1,Echolocation,/mnt/ubna_data_01_mir/recover-20220825/UBNA_002/20220823_033000.WAV,Telephone Field,recover-20220825,002,1795
1518.4215,1518.4316,26328,34013,Eptesicus serotinus,0.009,0.021,-1,Echolocation,/mnt/ubna_data_01_mir/recover-20220825/UBNA_002/20220823_033000.WAV,Telephone Field,recover-20220825,002,1795
1518.4245,1518.463,68437,81899,Rhinolophus ferrumequinum,0.021,0.021,-1,Echolocation,/mnt/ubna_data_01_mir/recover-20220825/UBNA_002/20220823_033000.WAV,Telephone Field,recover-20220825,002,1795
1518.4515,1518.4594,36640,43725,Barbastellus barbastellus,0.011,0.031,-1,Echolocation,/mnt/ubna_data_01_mir/recover-20220825/UBNA_002/20220823_033000.WAV,Telephone Field,recover-20220825,002,1795
1518.4745,1518.5175,68437,83080,Rhinolophus ferrumequinum,0.032,0.032,-1,Echolocation,/mnt/ubna_data_01_mir/recover-20220825/UBNA_002/20220823_033000.WAV,Telephone Field,recover-20220825,002,1795
1518.4895,1518.5263,68437,81822,Rhinolophus ferrumequinum,0.025,0.025,-1,Echolocation,/mnt/ubna_data_01_mir/recover-20220825/UBNA_002/20220823_033000.WAV,Telephone Field,recover-20220825,002,1795
1518.5295,1518.5394000000001,28046,39069,Eptesicus serotinus,0.02,0.036,-1,Echolocation,/mnt/ubna_data_01_mir/recover-20220825/UBNA_002/20220823_033000.WAV,Telephone Field,recover-20220825,002,1795
1518.5405,1518.5792,68437,82539,Rhinolophus ferrumequinum,0.022,0.022,-1,Echolocation,/mnt/ubna_data_01_mir/recover-20220825/UBNA_002/20220823_033000.WAV,Telephone Field,recover-20220825,002,1795
1518.5645,1518.6032,68437,82779,Rhinolophus ferrumequinum,0.027,0.027,-1,Echolocation,/mnt/ubna_data_01_mir/recover-20220825/UBNA_002/20220823_033000.WAV,Telephone Field,recover-20220825,002,1795
1518.5845,1518.6195,68437,82021,Rhinolophus ferrumequinum,0.021,0.021,-1,Echolocation,/mnt/ubna_data_01_mir/recover-20220825/UBNA_002/20220823_033000.WAV,Telephone Field,recover-20220825,002,1795
1518.5915,1518.601,24609,31371,Nyctalus leisleri,0.007,0.022,-1,Echolocation,/mnt/ubna_data_01_mir/recover-20220825/UBNA_002/20220823_033000.WAV,Telephone Field,recover-20220825,002,1795
1518.5945,1518.6326,68437,82018,Rhinolophus ferrumequinum,0.023,0.023,-1,Echolocation,/mnt/ubna_data_01_mir/recover-20220825/UBNA_002/20220823_033000.WAV,Telephone Field,recover-20220825,002,1795
1518.6245,1518.6318,25468,37909,Plecotus austriacus,0.006,0.026,-1,Echolocation,/mnt/ubna_data_01_mir/recover-20220825/UBNA_002/20220823_033000.WAV,Telephone Field,recover-20220825,002,1795
1518.6325,1518.6693,68437,81844,Rhinolophus ferrumequinum,0.021,0.021,-1,Echolocation,/mnt/ubna_data_01_mir/recover-20220825/UBNA_002/20220823_033000.WAV,Telephone Field,recover-20220825,002,1795
1518.6665,1518.7084,68437,82515,Rhinolophus ferrumequinum,0.027,0.027,-1,Echolocation,/mnt/ubna_data_01_mir/recover-20220825/UBNA_002/20220823_033000.WAV,Telephone Field,recover-20220825,002,1795
1518.6875,1518.7246,68437,81920,Rhinolophus ferrumequinum,0.025,0.025,-1,Echolocation,/mnt/ubna_data_01_mir/recover-20220825/UBNA_002/20220823_033000.WAV,Telephone Field,recover-20220825,002,1795
1518.7065,1518.7209,38359,41533,Pipistrellus nathusii,0.066,0.079,-1,Echolocation,/mnt/ubna_data_01_mir/recover-20220825/UBNA_002/20220823_033000.WAV,Telephone Field,recover-20220825,002,1795
1518.7135,1518.7524,68437,82486,Rhinolophus ferrumequinum,0.021,0.021,-1,Echolocation,/mnt/ubna_data_01_mir/recover-20220825/UBNA_002/20220823_033000.WAV,Telephone Field,recover-20220825,002,1795
1518.7405,1518.7841,68437,82940,Rhinolophus ferrumequinum,0.028,0.028,-1,Echolocation,/mnt/ubna_data_01_mir/recover-20220825/UBNA_002/20220823_033000.WAV,Telephone Field,recover-20220825,002,1795
1518.7675,1518.8076,68437,82321,Rhinolophus ferrumequinum,0.025,0.026,-1,Echolocation,/mnt/ubna_data_01_mir/recover-20220825/UBNA_002/20220823_033000.WAV,Telephone Field,recover-20220825,002,1795
1518.7885,1518.7989,23750,29543,Nyctalus leisleri,0.009,0.022,-1,Echolocation,/mnt/ubna_data_01_mir/recover-20220825/UBNA_002/20220823_033000.WAV,Telephone Field,recover-20220825,002,1795
1518.7995,1518.8394,68437,82827,Rhinolophus ferrumequinum,0.024,0.024,-1,Echolocation,/mnt/ubna_data_01_mir/recover-20220825/UBNA_002/20220823_033000.WAV,Telephone Field,recover-20220825,002,1795
1518.8245,1518.8592,68437,81239,Rhinolophus ferrumequinum,0.021,0.021,-1,Echolocation,/mnt/ubna_data_01_mir/recover-20220825/UBNA_002/20220823_033000.WAV,Telephone Field,recover-20220825,002,1795
1518.8515,1518.8639,26328,33854,Eptesicus serotinus,0.036,0.067,-1,Echolocation,/mnt/ubna_data_01_mir/recover-20220825/UBNA_002/20220823_033000.WAV,Telephone Field,recover-20220825,002,1795
1518.8565,1518.8939,68437,81630,Rhinolophus ferrumequinum,0.02,0.02,-1,Echolocation,/mnt/ubna_data_01_mir/recover-20220825/UBNA_002/20220823_033000.WAV,Telephone Field,recover-20220825,002,1795
1518.8975,1518.9089,22890,27808,Nyctalus leisleri,0.015,0.028,-1,Echolocation,/mnt/ubna_data_01_mir/recover-20220825/UBNA_002/20220823_033000.WAV,Telephone Field,recover-20220825,002,1795
1518.9065,1518.9447,68437,82198,Rhinolophus ferrumequinum,0.022,0.022,-1,Echolocation,/mnt/ubna_data_01_mir/recover-20220825/UBNA_002/20220823_033000.WAV,Telephone Field,recover-20220825,002,1795
1518.9285,1518.9684,68437,81917,Rhinolophus ferrumequinum,0.021,0.021,-1,Echolocation,/mnt/ubna_data_01_mir/recover-20220825/UBNA_002/20220823_033000.WAV,Telephone Field,recover-20220825,002,1795
1518.9525,1518.9616,27187,37034,Eptesicus serotinus,0.007,0.021,-1,Echolocation,/mnt/ubna_data_01_mir/recover-20220825/UBNA_002/20220823_033000.WAV,Telephone Field,recover-20220825,002,1795
1519.0125,1519.0472,68437,81748,Rhinolophus ferrumequinum,0.02,0.02,-1,Echolocation,/mnt/ubna_data_01_mir/recover-20220825/UBNA_002/20220823_033000.WAV,Telephone Field,recover-20220825,002,1795
1519.0225,1519.0308,22890,30746,Plecotus austriacus,0.009,0.029,-1,Echolocation,/mnt/ubna_data_01_mir/recover-20220825/UBNA_002/20220823_033000.WAV,Telephone Field,recover-20220825,002,1795
1519.0265,1519.0637,68437,81718,Rhinolophus ferrumequinum,0.02,0.021,-1,Echolocation,/mnt/ubna_data_01_mir/recover-20220825/UBNA_002/20220823_033000.WAV,Telephone Field,recover-20220825,002,1795
1519.0485,1519.0571,28046,37137,Eptesicus serotinus,0.008,0.023,-1,Echolocation,/mnt/ubna_data_01_mir/recover-20220825/UBNA_002/20220823_033000.WAV,Telephone Field,recover-20220825,002,1795
1519.0505,1519.0657,15156,21932,Nyctalus noctula,0.02,0.027,-1,Echolocation,/mnt/ubna_data_01_mir/recover-20220825/UBNA_002/20220823_033000.WAV,Telephone Field,recover-20220825,002,1795
1519.0675,1519.1129,68437,82998,Rhinolophus ferrumequinum,0.073,0.073,-1,Echolocation,/mnt/ubna_data_01_mir/recover-20220825/UBNA_002/20220823_033000.WAV,Telephone Field,recover-20220825,002,1795
1519.1095,1519.1531,68437,83466,Rhinolophus ferrumequinum,0.04,0.04,-1,Echolocation,/mnt/ubna_data_01_mir/recover-20220825/UBNA_002/20220823_033000.WAV,Telephone Field,recover-20220825,002,1795
1519.1355,1519.1733,68437,81763,Rhinolophus ferrumequinum,0.022,0.022,-1,Echolocation,/mnt/ubna_data_01_mir/recover-20220825/UBNA_002/20220823_033000.WAV,Telephone Field,recover-20220825,002,1795
1519.1465,1519.1563,25468,34777,Eptesicus serotinus,0.009,0.024,-1,Echolocation,/mnt/ubna_data_01_mir/recover-20220825/UBNA_002/20220823_033000.WAV,Telephone Field,recover-20220825,002,1795
1519.1635,1519.2058,68437,82429,Rhinolophus ferrumequinum,0.028,0.028,-1,Echolocation,/mnt/ubna_data_01_mir/recover-20220825/UBNA_002/20220823_033000.WAV,Telephone Field,recover-20220825,002,1795
1519.1875,1519.1955,28046,37939,Eptesicus serotinus,0.016,0.034,-1,Echolocation,/mnt/ubna_data_01_mir/recover-20220825/UBNA_002/20220823_033000.WAV,Telephone Field,recover-20220825,002,1795
1519.1975,1519.2367,68437,82643,Rhinolophus ferrumequinum,0.021,0.021,-1,Echolocation,/mnt/ubna_data_01_mir/recover-20220825/UBNA_002/20220823_033000.WAV,Telephone Field,recover-20220825,002,1795
1519.2045,1519.2418,68437,81703,Rhinolophus ferrumequinum,0.021,0.021,-1,Echolocation,/mnt/ubna_data_01_mir/recover-20220825/UBNA_002/20220823_033000.WAV,Telephone Field,recover-20220825,002,1795
1519.2385,1519.2783,68437,82869,Rhinolophus ferrumequinum,0.027,0.027,-1,Echolocation,/mnt/ubna_data_01_mir/recover-20220825/UBNA_002/20220823_033000.WAV,Telephone Field,recover-20220825,002,1795
1519.2485,1519.2579,28046,36446,Eptesicus serotinus,0.01,0.024,-1,Echolocation,/mnt/ubna_data_01_mir/recover-20220825/UBNA_002/20220823_033000.WAV,Telephone Field,recover-20220825,002,1795
1519.2675,1519.3048,68437,82395,Rhinolophus ferrumequinum,0.023,0.023,-1,Echolocation,/mnt/ubna_data_01_mir/recover-20220825/UBNA_002/20220823_033000.WAV,Telephone Field,recover-20220825,002,1795
1519.3095,1519.3473,68437,82119,Rhinolophus ferrumequinum,0.027,0.027,-1,Echolocation,/mnt/ubna_data_01_mir/recover-20220825/UBNA_002/20220823_033000.WAV,Telephone Field,recover-20220825,002,1795
1519.3385,1519.3779,68437,82480,Rhinolophus ferrumequinum,0.021,0.021,-1,Echolocation,/mnt/ubna_data_01_mir/recover-20220825/UBNA_002/20220823_033000.WAV,Telephone Field,recover-20220825,002,1795
1519.3585,1519.4022,68437,82819,Rhinolophus ferrumequinum,0.032,0.032,-1,Echolocation,/mnt/ubna_data_01_mir/recover-20220825/UBNA_002/20220823_033000.WAV,Telephone Field,recover-20220825,002,1795
1519.3805,1519.4209,68437,82313,Rhinolophus ferrumequinum,0.023,0.023,-1,Echolocation,/mnt/ubna_data_01_mir/recover-20220825/UBNA_002/20220823_033000.WAV,Telephone Field,recover-20220825,002,1795
1519.4035,1519.4428,68437,82865,Rhinolophus ferrumequinum,0.02,0.02,-1,Echolocation,/mnt/ubna_data_01_mir/recover-20220825/UBNA_002/20220823_033000.WAV,Telephone Field,recover-20220825,002,1795
1519.4255,1519.4645,68437,82056,Rhinolophus ferrumequinum,0.025,0.025,-1,Echolocation,/mnt/ubna_data_01_mir/recover-20220825/UBNA_002/20220823_033000.WAV,Telephone Field,recover-20220825,002,1795
1519.4405,1519.4796,68437,81849,Rhinolophus ferrumequinum,0.026,0.026,-1,Echolocation,/mnt/ubna_data_01_mir/recover-20220825/UBNA_002/20220823_033000.WAV,Telephone Field,recover-20220825,002,1795
1519.4685,1519.5044,68437,82043,Rhinolophus ferrumequinum,0.021,0.021,-1,Echolocation,/mnt/ubna_data_01_mir/recover-20220825/UBNA_002/20220823_033000.WAV,Telephone Field,recover-20220825,002,1795
1519.4765,1519.5134,68437,83263,Rhinolophus ferrumequinum,0.023,0.023,-1,Echolocation,/mnt/ubna_data_01_mir/recover-20220825/UBNA_002/20220823_033000.WAV,Telephone Field,recover-20220825,002,1795
1519.4895,1519.5303,68437,82631,Rhinolophus ferrumequinum,0.033,0.033,-1,Echolocation,/mnt/ubna_data_01_mir/recover-20220825/UBNA_002/20220823_033000.WAV,Telephone Field,recover-20220825,002,1795
1519.5085,1519.549,68437,83146,Rhinolophus ferrumequinum,0.028,0.028,-1,Echolocation,/mnt/ubna_data_01_mir/recover-20220825/UBNA_002/20220823_033000.WAV,Telephone Field,recover-20220825,002,1795
1519.5085,1519.5173,22890,31007,Plecotus austriacus,0.014,0.032,-1,Echolocation,/mnt/ubna_data_01_mir/recover-20220825/UBNA_002/20220823_033000.WAV,Telephone Field,recover-20220825,002,1795
1519.5365,1519.58,68437,83460,Rhinolophus ferrumequinum,0.051,0.051,-1,Echolocation,/mnt/ubna_data_01_mir/recover-20220825/UBNA_002/20220823_033000.WAV,Telephone Field,recover-20220825,002,1795
1519.5565,1519.5942,68437,82077,Rhinolophus ferrumequinum,0.021,0.021,-1,Echolocation,/mnt/ubna_data_01_mir/recover-20220825/UBNA_002/20220823_033000.WAV,Telephone Field,recover-20220825,002,1795
1519.5785,1519.6168,68437,82296,Rhinolophus ferrumequinum,0.027,0.027,-1,Echolocation,/mnt/ubna_data_01_mir/recover-20220825/UBNA_002/20220823_033000.WAV,Telephone Field,recover-20220825,002,1795
1519.5815,1519.5904,47812,56676,Pipistrellus pipistrellus,0.019,0.022,-1,Echolocation,/mnt/ubna_data_01_mir/recover-20220825/UBNA_002/20220823_033000.WAV,Telephone Field,recover-20220825,002,1795
1519.5985,1519.6342,68437,82393,Rhinolophus ferrumequinum,0.029,0.029,-1,Echolocation,/mnt/ubna_data_01_mir/recover-20220825/UBNA_002/20220823_033000.WAV,Telephone Field,recover-20220825,002,1795
1519.6165,1519.6339,21171,24500,Nyctalus leisleri,0.027,0.049,-1,Echolocation,/mnt/ubna_data_01_mir/recover-20220825/UBNA_002/20220823_033000.WAV,Telephone Field,recover-20220825,002,1795
1519.6185,1519.6602,68437,82692,Rhinolophus ferrumequinum,0.023,0.023,-1,Echolocation,/mnt/ubna_data_01_mir/recover-20220825/UBNA_002/20220823_033000.WAV,Telephone Field,recover-20220825,002,1795
1519.6455,1519.6894,68437,83259,Rhinolophus ferrumequinum,0.031,0.031,-1,Echolocation,/mnt/ubna_data_01_mir/recover-20220825/UBNA_002/20220823_033000.WAV,Telephone Field,recover-20220825,002,1795
1519.6735,1519.7119,68437,81854,Rhinolophus ferrumequinum,0.021,0.021,-1,Echolocation,/mnt/ubna_data_01_mir/recover-20220825/UBNA_002/20220823_033000.WAV,Telephone Field,recover-20220825,002,1795
1519.6915,1519.7402,68437,83692,Rhinolophus ferrumequinum,0.095,0.095,-1,Echolocation,/mnt/ubna_data_01_mir/recover-20220825/UBNA_002/20220823_033000.WAV,Telephone Field,recover-20220825,002,1795
1519.7015,1519.7103,22890,29617,Plecotus austriacus,0.009,0.021,-1,Echolocation,/mnt/ubna_data_01_mir/recover-20220825/UBNA_002/20220823_033000.WAV,Telephone Field,recover-20220825,002,1795
1519.7225,1519.7611,68437,82027,Rhinolophus ferrumequinum,0.021,0.021,-1,Echolocation,/mnt/ubna_data_01_mir/recover-20220825/UBNA_002/20220823_033000.WAV,Telephone Field,recover-20220825,002,1795
1519.7335,1519.7730999999999,68437,81810,Rhinolophus ferrumequinum,0.022,0.022,-1,Echolocation,/mnt/ubna_data_01_mir/recover-20220825/UBNA_002/20220823_033000.WAV,Telephone Field,recover-20220825,002,1795
1519.7485,1519.7883,68437,82094,Rhinolophus ferrumequinum,0.025,0.025,-1,Echolocation,/mnt/ubna_data_01_mir/recover-20220825/UBNA_002/20220823_033000.WAV,Telephone Field,recover-20220825,002,1795
1519.7495,1519.77,20312,23002,Nyctalus leisleri,0.012,0.022,-1,Echolocation,/mnt/ubna_data_01_mir/recover-20220825/UBNA_002/20220823_033000.WAV,Telephone Field,recover-20220825,002,1795
1519.7715,1519.7777,38359,55349,Myotis brandtii,0.006,0.021,-1,Echolocation,/mnt/ubna_data_01_mir/recover-20220825/UBNA_002/20220823_033000.WAV,Telephone Field,recover-20220825,002,1795
1519.8005,1519.8406,68437,81999,Rhinolophus ferrumequinum,0.023,0.023,-1,Echolocation,/mnt/ubna_data_01_mir/recover-20220825/UBNA_002/20220823_033000.WAV,Telephone Field,recover-20220825,002,1795
1519.8195,1519.858,68437,82188,Rhinolophus ferrumequinum,0.021,0.021,-1,Echolocation,/mnt/ubna_data_01_mir/recover-20220825/UBNA_002/20220823_033000.WAV,Telephone Field,recover-20220825,002,1795
1519.8365,1519.8764,68437,82630,Rhinolophus ferrumequinum,0.024,0.024,-1,Echolocation,/mnt/ubna_data_01_mir/recover-20220825/UBNA_002/20220823_033000.WAV,Telephone Field,recover-20220825,002,1795
1519.8515,1519.8598,27187,36443,Eptesicus serotinus,0.007,0.021,-1,Echolocation,/mnt/ubna_data_01_mir/recover-20220825/UBNA_002/20220823_033000.WAV,Telephone Field,recover-20220825,002,1795
1519.8685,1519.9077,68437,82754,Rhinolophus ferrumequinum,0.022,0.022,-1,Echolocation,/mnt/ubna_data_01_mir/recover-20220825/UBNA_002/20220823_033000.WAV,Telephone Field,recover-20220825,002,1795
1519.8785,1519.9197,68437,82385,Rhinolophus ferrumequinum,0.021,0.021,-1,Echolocation,/mnt/ubna_data_01_mir/recover-20220825/UBNA_002/20220823_033000.WAV,Telephone Field,recover-20220825,002,1795
1519.8875,1519.9281,68437,82474,Rhinolophus ferrumequinum,0.02,0.02,-1,Echolocation,/mnt/ubna_data_01_mir/recover-20220825/UBNA_002/20220823_033000.WAV,Telephone Field,recover-20220825,002,1795
1519.9085,1519.9178,28046,36706,Eptesicus serotinus,0.009,0.024,-1,Echolocation,/mnt/ubna_data_01_mir/recover-20220825/UBNA_002/20220823_033000.WAV,Telephone Field,recover-20220825,002,1795
1519.9085,1519.9477,68437,81947,Rhinolophus ferrumequinum,0.025,0.026,-1,Echolocation,/mnt/ubna_data_01_mir/recover-20220825/UBNA_002/20220823_033000.WAV,Telephone Field,recover-20220825,002,1795
1519.9515,1519.9935,68437,82314,Rhinolophus ferrumequinum,0.022,0.022,-1,Echolocation,/mnt/ubna_data_01_mir/recover-20220825/UBNA_002/20220823_033000.WAV,Telephone Field,recover-20220825,002,1795
1519.9875,1519.9969,26328,37502,Eptesicus serotinus,0.008,0.021,-1,Echolocation,/mnt/ubna_data_01_mir/recover-20220825/UBNA_002/20220823_033000.WAV,Telephone Field,recover-20220825,002,1795
1520.0015,1520.0108,23750,31105,Nyctalus leisleri,0.011,0.032,-1,Echolocation,/mnt/ubna_data_01_mir/recover-20220825/UBNA_002/20220823_033000.WAV,Telephone Field,recover-20220825,002,1795
1520.0105,1520.0525,68437,82120,Rhinolophus ferrumequinum,0.021,0.021,-1,Echolocation,/mnt/ubna_data_01_mir/recover-20220825/UBNA_002/20220823_033000.WAV,Telephone Field,recover-20220825,002,1795
1520.0235,1520.0325,25468,33488,Eptesicus serotinus,0.009,0.025,-1,Echolocation,/mnt/ubna_data_01_mir/recover-20220825/UBNA_002/20220823_033000.WAV,Telephone Field,recover-20220825,002,1795
1520.0445,1520.082,68437,82196,Rhinolophus ferrumequinum,0.023,0.023,-1,Echolocation,/mnt/ubna_data_01_mir/recover-20220825/UBNA_002/20220823_033000.WAV,Telephone Field,recover-20220825,002,1795
1520.0615,1520.0797,18593,21913,Nyctalus noctula,0.01,0.021,-1,Echolocation,/mnt/ubna_data_01_mir/recover-20220825/UBNA_002/20220823_033000.WAV,Telephone Field,recover-20220825,002,1795
1520.0665,1520.1001,68437,81009,Rhinolophus ferrumequinum,0.021,0.021,-1,Echolocation,/mnt/ubna_data_01_mir/recover-20220825/UBNA_002/20220823_033000.WAV,Telephone Field,recover-20220825,002,1795
1520.0725,1520.1063,68437,81394,Rhinolophus ferrumequinum,0.021,0.021,-1,Echolocation,/mnt/ubna_data_01_mir/recover-20220825/UBNA_002/20220823_033000.WAV,Telephone Field,recover-20220825,002,1795
1520.0835,1520.1213,68437,82062,Rhinolophus ferrumequinum,0.022,0.022,-1,Echolocation,/mnt/ubna_data_01_mir/recover-20220825/UBNA_002/20220823_033000.WAV,Telephone Field,recover-20220825,002,1795
1520.1105,1520.1191,28046,38505,Eptesicus serotinus,0.008,0.022,-1,Echolocation,/mnt/ubna_data_01_mir/recover-20220825/UBNA_002/20220823_033000.WAV,Telephone Field,recover-20220825,002,1795
1520.1325,1520.1429,37500,42374,Barbastellus barbastellus,0.01,0.036,-1,Echolocation,/mnt/ubna_data_01_mir/recover-20220825/UBNA_002/20220823_033000.WAV,Telephone Field,recover-20220825,002,1795
1520.1445,1520.1797,68437,81771,Rhinolophus ferrumequinum,0.021,0.021,-1,Echolocation,/mnt/ubna_data_01_mir/recover-20220825/UBNA_002/20220823_033000.WAV,Telephone Field,recover-20220825,002,1795
1520.1635,1520.2008,68437,82395,Rhinolophus ferrumequinum,0.025,0.025,-1,Echolocation,/mnt/ubna_data_01_mir/recover-20220825/UBNA_002/20220823_033000.WAV,Telephone Field,recover-20220825,002,1795
1520.2135,1520.2511,68437,82090,Rhinolophus ferrumequinum,0.021,0.021,-1,Echolocation,/mnt/ubna_data_01_mir/recover-20220825/UBNA_002/20220823_033000.WAV,Telephone Field,recover-20220825,002,1795
1520.2575,1520.2959,68437,82361,Rhinolophus ferrumequinum,0.023,0.023,-1,Echolocation,/mnt/ubna_data_01_mir/recover-20220825/UBNA_002/20220823_033000.WAV,Telephone Field,recover-20220825,002,1795
1520.2815,1520.2942,44375,48776,Pipistrellus pipistrellus,0.025,0.03,-1,Echolocation,/mnt/ubna_data_01_mir/recover-20220825/UBNA_002/20220823_033000.WAV,Telephone Field,recover-20220825,002,1795
1520.2855,1520.3243,68437,81700,Rhinolophus ferrumequinum,0.023,0.023,-1,Echolocation,/mnt/ubna_data_01_mir/recover-20220825/UBNA_002/20220823_033000.WAV,Telephone Field,recover-20220825,002,1795
1520.2895,1520.2984,28046,38430,Eptesicus serotinus,0.008,0.021,-1,Echolocation,/mnt/ubna_data_01_mir/recover-20220825/UBNA_002/20220823_033000.WAV,Telephone Field,recover-20220825,002,1795
1520.3425,1520.3804,68437,81765,Rhinolophus ferrumequinum,0.023,0.023,-1,Echolocation,/mnt/ubna_data_01_mir/recover-20220825/UBNA_002/20220823_033000.WAV,Telephone Field,recover-20220825,002,1795
1520.3505,1520.3903,68437,82142,Rhinolophus ferrumequinum,0.023,0.023,-1,Echolocation,/mnt/ubna_data_01_mir/recover-20220825/UBNA_002/20220823_033000.WAV,Telephone Field,recover-20220825,002,1795
1520.3545,1520.3626,28046,38471,Eptesicus serotinus,0.007,0.022,-1,Echolocation,/mnt/ubna_data_01_mir/recover-20220825/UBNA_002/20220823_033000.WAV,Telephone Field,recover-20220825,002,1795
1520.3575,1520.3959,68437,82248,Rhinolophus ferrumequinum,0.023,0.023,-1,Echolocation,/mnt/ubna_data_01_mir/recover-20220825/UBNA_002/20220823_033000.WAV,Telephone Field,recover-20220825,002,1795
1520.3615,1520.3712,49531,53905,Pipistrellus pipistrellus,0.018,0.022,-1,Echolocation,/mnt/ubna_data_01_mir/recover-20220825/UBNA_002/20220823_033000.WAV,Telephone Field,recover-20220825,002,1795
1520.3625,1520.3984,68437,82051,Rhinolophus ferrumequinum,0.023,0.023,-1,Echolocation,/mnt/ubna_data_01_mir/recover-20220825/UBNA_002/20220823_033000.WAV,Telephone Field,recover-20220825,002,1795
1520.3725,1520.3852,38359,42331,Pipistrellus nathusii,0.021,0.03,-1,Echolocation,/mnt/ubna_data_01_mir/recover-20220825/UBNA_002/20220823_033000.WAV,Telephone Field,recover-20220825,002,1795
1520.3745,1520.4098,68437,82253,Rhinolophus ferrumequinum,0.023,0.023,-1,Echolocation,/mnt/ubna_data_01_mir/recover-20220825/UBNA_002/20220823_033000.WAV,Telephone Field,recover-20220825,002,1795
1520.3905,1520.4304,68437,82432,Rhinolophus ferrumequinum,0.023,0.023,-1,Echolocation,/mnt/ubna_data_01_mir/recover-20220825/UBNA_002/20220823_033000.WAV,Telephone Field,recover-20220825,002,1795
1520.4275,1520.4674,68437,82404,Rhinolophus ferrumequinum,0.022,0.022,-1,Echolocation,/mnt/ubna_data_01_mir/recover-20220825/UBNA_002/20220823_033000.WAV,Telephone Field,recover-20220825,002,1795
1520.4325,1520.4419,28906,37514,Eptesicus serotinus,0.011,0.026,-1,Echolocation,/mnt/ubna_data_01_mir/recover-20220825/UBNA_002/20220823_033000.WAV,Telephone Field,recover-20220825,002,1795
1520.4335,1520.4714,68437,82227,Rhinolophus ferrumequinum,0.021,0.021,-1,Echolocation,/mnt/ubna_data_01_mir/recover-20220825/UBNA_002/20220823_033000.WAV,Telephone Field,recover-20220825,002,1795
1520.4615,1520.5009,68437,82241,Rhinolophus ferrumequinum,0.021,0.021,-1,Echolocation,/mnt/ubna_data_01_mir/recover-20220825/UBNA_002/20220823_033000.WAV,Telephone Field,recover-20220825,002,1795
1520.4985,1520.5064,28046,36802,Eptesicus serotinus,0.007,0.025,-1,Echolocation,/mnt/ubna_data_01_mir/recover-20220825/UBNA_002/20220823_033000.WAV,Telephone Field,recover-20220825,002,1795
1520.5035,1520.5445,68437,82494,Rhinolophus ferrumequinum,0.022,0.022,-1,Echolocation,/mnt/ubna_data_01_mir/recover-20220825/UBNA_002/20220823_033000.WAV,Telephone Field,recover-20220825,002,1795
1520.5275,1520.5383,22890,28005,Nyctalus leisleri,0.01,0.021,-1,Echolocation,/mnt/ubna_data_01_mir/recover-20220825/UBNA_002/20220823_033000.WAV,Telephone Field,recover-20220825,002,1795
1520.5425,1520.5802,68437,81676,Rhinolophus ferrumequinum,0.021,0.021,-1,Echolocation,/mnt/ubna_data_01_mir/recover-20220825/UBNA_002/20220823_033000.WAV,Telephone Field,recover-20220825,002,1795
1520.5515,1520.5932,68437,82744,Rhinolophus ferrumequinum,0.026,0.026,-1,Echolocation,/mnt/ubna_data_01_mir/recover-20220825/UBNA_002/20220823_033000.WAV,Telephone Field,recover-20220825,002,1795
1520.5715,1520.5787,48671,52904,Pipistrellus pipistrellus,0.022,0.023,-1,Echolocation,/mnt/ubna_data_01_mir/recover-20220825/UBNA_002/20220823_033000.WAV,Telephone Field,recover-20220825,002,1795
1520.5795,1520.5888,26328,35378,Eptesicus serotinus,0.008,0.023,-1,Echolocation,/mnt/ubna_data_01_mir/recover-20220825/UBNA_002/20220823_033000.WAV,Telephone Field,recover-20220825,002,1795
1520.5905,1520.6276,68437,81615,Rhinolophus ferrumequinum,0.021,0.021,-1,Echolocation,/mnt/ubna_data_01_mir/recover-20220825/UBNA_002/20220823_033000.WAV,Telephone Field,recover-20220825,002,1795
1520.6975,1520.7066,28046,36443,Eptesicus serotinus,0.009,0.024,-1,Echolocation,/mnt/ubna_data_01_mir/recover-20220825/UBNA_002/20220823_033000.WAV,Telephone Field,recover-20220825,002,1795
1520.7095,1520.7446,68437,81958,Rhinolophus ferrumequinum,0.021,0.021,-1,Echolocation,/mnt/ubna_data_01_mir/recover-20220825/UBNA_002/20220823_033000.WAV,Telephone Field,recover-20220825,002,1795
1520.8055,1520.815,28046,36777,Eptesicus serotinus,0.01,0.022,-1,Echolocation,/mnt/ubna_data_01_mir/recover-20220825/UBNA_002/20220823_033000.WAV,Telephone Field,recover-20220825,002,1795
1520.8395,1520.8525,22890,27047,Nyctalus leisleri,0.013,0.023,-1,Echolocation,/mnt/ubna_data_01_mir/recover-20220825/UBNA_002/20220823_033000.WAV,Telephone Field,recover-20220825,002,1795
1520.8605,1520.8999,68437,82191,Rhinolophus ferrumequinum,0.027,0.027,-1,Echolocation,/mnt/ubna_data_01_mir/recover-20220825/UBNA_002/20220823_033000.WAV,Telephone Field,recover-20220825,002,1795
1520.8685,1520.8787,26328,35283,Eptesicus serotinus,0.012,0.025,-1,Echolocation,/mnt/ubna_data_01_mir/recover-20220825/UBNA_002/20220823_033000.WAV,Telephone Field,recover-20220825,002,1795
1520.9315,1520.9706,68437,82109,Rhinolophus ferrumequinum,0.022,0.022,-1,Echolocation,/mnt/ubna_data_01_mir/recover-20220825/UBNA_002/20220823_033000.WAV,Telephone Field,recover-20220825,002,1795
1520.9905,1521.0302,68437,82468,Rhinolophus ferrumequinum,0.026,0.026,-1,Echolocation,/mnt/ubna_data_01_mir/recover-20220825/UBNA_002/20220823_033000.WAV,Telephone Field,recover-20220825,002,1795
1521.0125,1521.0535,68437,82499,Rhinolophus ferrumequinum,0.021,0.021,-1,Echolocation,/mnt/ubna_data_01_mir/recover-20220825/UBNA_002/20220823_033000.WAV,Telephone Field,recover-20220825,002,1795
1521.0375,1521.0771,68437,82378,Rhinolophus ferrumequinum,0.023,0.023,-1,Echolocation,/mnt/ubna_data_01_mir/recover-20220825/UBNA_002/20220823_033000.WAV,Telephone Field,recover-20220825,002,1795
1521.0835,1521.1244,68437,82114,Rhinolophus ferrumequinum,0.023,0.023,-1,Echolocation,/mnt/ubna_data_01_mir/recover-20220825/UBNA_002/20220823_033000.WAV,Telephone Field,recover-20220825,002,1795
1521.0875,1521.0958,26328,36298,Eptesicus serotinus,0.008,0.023,-1,Echolocation,/mnt/ubna_data_01_mir/recover-20220825/UBNA_002/20220823_033000.WAV,Telephone Field,recover-20220825,002,1795
1521.1115,1521.1501,68437,82120,Rhinolophus ferrumequinum,0.024,0.024,-1,Echolocation,/mnt/ubna_data_01_mir/recover-20220825/UBNA_002/20220823_033000.WAV,Telephone Field,recover-20220825,002,1795
1521.1435,1521.1754,68437,80398,Rhinolophus ferrumequinum,0.02,0.02,-1,Echolocation,/mnt/ubna_data_01_mir/recover-20220825/UBNA_002/20220823_033000.WAV,Telephone Field,recover-20220825,002,1795
1521.1835,1521.2219,68437,81692,Rhinolophus ferrumequinum,0.023,0.024,-1,Echolocation,/mnt/ubna_data_01_mir/recover-20220825/UBNA_002/20220823_033000.WAV,Telephone Field,recover-20220825,002,1795
1521.2155,1521.2579,68437,82371,Rhinolophus ferrumequinum,0.061,0.061,-1,Echolocation,/mnt/ubna_data_01_mir/recover-20220825/UBNA_002/20220823_033000.WAV,Telephone Field,recover-20220825,002,1795
1521.2385,1521.2797,68437,82953,Rhinolophus ferrumequinum,0.024,0.024,-1,Echolocation,/mnt/ubna_data_01_mir/recover-20220825/UBNA_002/20220823_033000.WAV,Telephone Field,recover-20220825,002,1795
1521.2585,1521.2985,68437,81809,Rhinolophus ferrumequinum,0.021,0.021,-1,Echolocation,/mnt/ubna_data_01_mir/recover-20220825/UBNA_002/20220823_033000.WAV,Telephone Field,recover-20220825,002,1795
1521.2725,1521.3116,68437,81776,Rhinolophus ferrumequinum,0.021,0.021,-1,Echolocation,/mnt/ubna_data_01_mir/recover-20220825/UBNA_002/20220823_033000.WAV,Telephone Field,recover-20220825,002,1795
1521.2805,1521.2906,24609,31540,Eptesicus serotinus,0.008,0.024,-1,Echolocation,/mnt/ubna_data_01_mir/recover-20220825/UBNA_002/20220823_033000.WAV,Telephone Field,recover-20220825,002,1795
1521.2895,1521.3286,68437,82009,Rhinolophus ferrumequinum,0.022,0.022,-1,Echolocation,/mnt/ubna_data_01_mir/recover-20220825/UBNA_002/20220823_033000.WAV,Telephone Field,recover-20220825,002,1795
1521.2995,1521.3399,68437,82632,Rhinolophus ferrumequinum,0.022,0.022,-1,Echolocation,/mnt/ubna_data_01_mir/recover-20220825/UBNA_002/20220823_033000.WAV,Telephone Field,recover-20220825,002,1795
1521.3155,1521.324,28906,37936,Eptesicus serotinus,0.007,0.022,-1,Echolocation,/mnt/ubna_data_01_mir/recover-20220825/UBNA_002/20220823_033000.WAV,Telephone Field,recover-20220825,002,1795
1521.3455,1521.3527,23750,32958,Plecotus austriacus,0.01,0.023,-1,Echolocation,/mnt/ubna_data_01_mir/recover-20220825/UBNA_002/20220823_033000.WAV,Telephone Field,recover-20220825,002,1795
1521.3465,1521.3868,68437,82518,Rhinolophus ferrumequinum,0.022,0.022,-1,Echolocation,/mnt/ubna_data_01_mir/recover-20220825/UBNA_002/20220823_033000.WAV,Telephone Field,recover-20220825,002,1795
1521.3605,1521.3677,28046,39567,Eptesicus serotinus,0.006,0.021,-1,Echolocation,/mnt/ubna_data_01_mir/recover-20220825/UBNA_002/20220823_033000.WAV,Telephone Field,recover-20220825,002,1795
1521.3655,1521.3732,25468,34216,Eptesicus serotinus,0.005,0.021,-1,Echolocation,/mnt/ubna_data_01_mir/recover-20220825/UBNA_002/20220823_033000.WAV,Telephone Field,recover-20220825,002,1795
1521.3695,1521.407,68437,81643,Rhinolophus ferrumequinum,0.021,0.021,-1,Echolocation,/mnt/ubna_data_01_mir/recover-20220825/UBNA_002/20220823_033000.WAV,Telephone Field,recover-20220825,002,1795
1521.4235,1521.4304,27187,37013,Eptesicus serotinus,0.008,0.027,-1,Echolocation,/mnt/ubna_data_01_mir/recover-20220825/UBNA_002/20220823_033000.WAV,Telephone Field,recover-20220825,002,1795
1521.4495,1521.488,68437,81790,Rhinolophus ferrumequinum,0.021,0.021,-1,Echolocation,/mnt/ubna_data_01_mir/recover-20220825/UBNA_002/20220823_033000.WAV,Telephone Field,recover-20220825,002,1795
1521.4595,1521.4986,68437,82083,Rhinolophus ferrumequinum,0.022,0.022,-1,Echolocation,/mnt/ubna_data_01_mir/recover-20220825/UBNA_002/20220823_033000.WAV,Telephone Field,recover-20220825,002,1795
1521.4685,1521.5103,68437,82932,Rhinolophus ferrumequinum,0.025,0.025,-1,Echolocation,/mnt/ubna_data_01_mir/recover-20220825/UBNA_002/20220823_033000.WAV,Telephone Field,recover-20220825,002,1795
1521.4885,1521.4965,28046,40365,Eptesicus serotinus,0.009,0.023,-1,Echolocation,/mnt/ubna_data_01_mir/recover-20220825/UBNA_002/20220823_033000.WAV,Telephone Field,recover-20220825,002,1795
1521.4965,1521.5047,28046,38417,Eptesicus serotinus,0.006,0.021,-1,Echolocation,/mnt/ubna_data_01_mir/recover-20220825/UBNA_002/20220823_033000.WAV,Telephone Field,recover-20220825,002,1795
1521.5015,1521.5101,28046,36586,Eptesicus serotinus,0.008,0.022,-1,Echolocation,/mnt/ubna_data_01_mir/recover-20220825/UBNA_002/20220823_033000.WAV,Telephone Field,recover-20220825,002,1795
1521.5025,1521.5115,23750,31248,Nyctalus leisleri,0.006,0.021,-1,Echolocation,/mnt/ubna_data_01_mir/recover-20220825/UBNA_002/20220823_033000.WAV,Telephone Field,recover-20220825,002,1795
1521.5025,1521.5426,68437,82571,Rhinolophus ferrumequinum,0.024,0.025,-1,Echolocation,/mnt/ubna_data_01_mir/recover-20220825/UBNA_002/20220823_033000.WAV,Telephone Field,recover-20220825,002,1795
1521.5395,1521.5803,68437,82229,Rhinolophus ferrumequinum,0.021,0.021,-1,Echolocation,/mnt/ubna_data_01_mir/recover-20220825/UBNA_002/20220823_033000.WAV,Telephone Field,recover-20220825,002,1795
1521.5595,1521.5951,68437,81925,Rhinolophus ferrumequinum,0.023,0.023,-1,Echolocation,/mnt/ubna_data_01_mir/recover-20220825/UBNA_002/20220823_033000.WAV,Telephone Field,recover-20220825,002,1795
1521.5915,1521.6293,68437,81439,Rhinolophus ferrumequinum,0.021,0.021,-1,Echolocation,/mnt/ubna_data_01_mir/recover-20220825/UBNA_002/20220823_033000.WAV,Telephone Field,recover-20220825,002,1795
1521.5965,1521.6067,28046,34930,Eptesicus serotinus,0.01,0.024,-1,Echolocation,/mnt/ubna_data_01_mir/recover-20220825/UBNA_002/20220823_033000.WAV,Telephone Field,recover-20220825,002,1795
1521.6345,1521.678,68437,83151,Rhinolophus ferrumequinum,0.045,0.045,-1,Echolocation,/mnt/ubna_data_01_mir/recover-20220825/UBNA_002/20220823_033000.WAV,Telephone Field,recover-20220825,002,1795
1521.6435,1521.6574,23750,29403,Nyctalus leisleri,0.234,0.432,-1,Echolocation,/mnt/ubna_data_01_mir/recover-20220825/UBNA_002/20220823_033000.WAV,Telephone Field,recover-20220825,002,1795
1521.6595,1521.6965,68437,82147,Rhinolophus ferrumequinum,0.022,0.022,-1,Echolocation,/mnt/ubna_data_01_mir/recover-20220825/UBNA_002/20220823_033000.WAV,Telephone Field,recover-20220825,002,1795
1521.6825,1521.6934,28046,35122,Eptesicus serotinus,0.011,0.024,-1,Echolocation,/mnt/ubna_data_01_mir/recover-20220825/UBNA_002/20220823_033000.WAV,Telephone Field,recover-20220825,002,1795
1521.7095,1521.749,68437,82123,Rhinolophus ferrumequinum,0.021,0.021,-1,Echolocation,/mnt/ubna_data_01_mir/recover-20220825/UBNA_002/20220823_033000.WAV,Telephone Field,recover-20220825,002,1795
1521.7265,1521.7668,68437,82514,Rhinolophus ferrumequinum,0.023,0.023,-1,Echolocation,/mnt/ubna_data_01_mir/recover-20220825/UBNA_002/20220823_033000.WAV,Telephone Field,recover-20220825,002,1795
1521.7315,1521.7387,27187,39513,Eptesicus serotinus,0.006,0.022,-1,Echolocation,/mnt/ubna_data_01_mir/recover-20220825/UBNA_002/20220823_033000.WAV,Telephone Field,recover-20220825,002,1795
1521.7315,1521.7726,68437,82980,Rhinolophus ferrumequinum,0.024,0.024,-1,Echolocation,/mnt/ubna_data_01_mir/recover-20220825/UBNA_002/20220823_033000.WAV,Telephone Field,recover-20220825,002,1795
1521.7575,1521.7984,68437,82865,Rhinolophus ferrumequinum,0.024,0.024,-1,Echolocation,/mnt/ubna_data_01_mir/recover-20220825/UBNA_002/20220823_033000.WAV,Telephone Field,recover-20220825,002,1795
1521.7635,1521.7757,28046,35403,Eptesicus serotinus,0.015,0.028,-1,Echolocation,/mnt/ubna_data_01_mir/recover-20220825/UBNA_002/20220823_033000.WAV,Telephone Field,recover-20220825,002,1795
1521.7775,1521.8146,68437,82346,Rhinolophus ferrumequinum,0.022,0.022,-1,Echolocation,/mnt/ubna_data_01_mir/recover-20220825/UBNA_002/20220823_033000.WAV,Telephone Field,recover-20220825,002,1795
1521.8105,1521.8492,68437,81951,Rhinolophus ferrumequinum,0.03,0.03,-1,Echolocation,/mnt/ubna_data_01_mir/recover-20220825/UBNA_002/20220823_033000.WAV,Telephone Field,recover-20220825,002,1795
1521.8155,1521.8225,27187,40797,Eptesicus serotinus,0.007,0.023,-1,Echolocation,/mnt/ubna_data_01_mir/recover-20220825/UBNA_002/20220823_033000.WAV,Telephone Field,recover-20220825,002,1795
1521.8515,1521.8597,28046,36998,Eptesicus serotinus,0.007,0.022,-1,Echolocation,/mnt/ubna_data_01_mir/recover-20220825/UBNA_002/20220823_033000.WAV,Telephone Field,recover-20220825,002,1795
1521.8595,1521.895,68437,81685,Rhinolophus ferrumequinum,0.021,0.021,-1,Echolocation,/mnt/ubna_data_01_mir/recover-20220825/UBNA_002/20220823_033000.WAV,Telephone Field,recover-20220825,002,1795
1521.8935,1521.9344,68437,83199,Rhinolophus ferrumequinum,0.025,0.025,-1,Echolocation,/mnt/ubna_data_01_mir/recover-20220825/UBNA_002/20220823_033000.WAV,Telephone Field,recover-20220825,002,1795
1521.8965,1521.9048,50390,57627,Pipistrellus pipistrellus,0.02,0.024,-1,Echolocation,/mnt/ubna_data_01_mir/recover-20220825/UBNA_002/20220823_033000.WAV,Telephone Field,recover-20220825,002,1795
1521.9085,1521.9467,68437,82696,Rhinolophus ferrumequinum,0.021,0.021,-1,Echolocation,/mnt/ubna_data_01_mir/recover-20220825/UBNA_002/20220823_033000.WAV,Telephone Field,recover-20220825,002,1795
1521.9195,1521.9297,28046,37186,Eptesicus serotinus,0.009,0.022,-1,Echolocation,/mnt/ubna_data_01_mir/recover-20220825/UBNA_002/20220823_033000.WAV,Telephone Field,recover-20220825,002,1795
1521.9565,1521.9653,23750,31241,Plecotus austriacus,0.006,0.021,-1,Echolocation,/mnt/ubna_data_01_mir/recover-20220825/UBNA_002/20220823_033000.WAV,Telephone Field,recover-20220825,002,1795
1521.9755,1521.9807,40078,57559,Myotis brandtii,0.006,0.023,-1,Echolocation,/mnt/ubna_data_01_mir/recover-20220825/UBNA_002/20220823_033000.WAV,Telephone Field,recover-20220825,002,1795
1522.0015,1522.0085,25468,36894,Plecotus austriacus,0.006,0.026,-1,Echolocation,/mnt/ubna_data_01_mir/recover-20220825/UBNA_002/20220823_033000.WAV,Telephone Field,recover-20220825,002,1795
1522.0015,1522.031,68437,80869,Rhinolophus ferrumequinum,0.055,0.056,-1,Echolocation,/mnt/ubna_data_01_mir/recover-20220825/UBNA_002/20220823_033000.WAV,Telephone Field,recover-20220825,002,1795
1522.0015,1522.0083,46093,51843,Pipistrellus pipistrellus,0.016,0.022,-1,Echolocation,/mnt/ubna_data_01_mir/recover-20220825/UBNA_002/20220823_033000.WAV,Telephone Field,recover-20220825,002,1795
1522.0075,1522.0484,68437,82164,Rhinolophus ferrumequinum,0.022,0.022,-1,Echolocation,/mnt/ubna_data_01_mir/recover-20220825/UBNA_002/20220823_033000.WAV,Telephone Field,recover-20220825,002,1795
1522.0155,1522.055,68437,82339,Rhinolophus ferrumequinum,0.023,0.023,-1,Echolocation,/mnt/ubna_data_01_mir/recover-20220825/UBNA_002/20220823_033000.WAV,Telephone Field,recover-20220825,002,1795
1522.0735,1522.1109,68437,82430,Rhinolophus ferrumequinum,0.04,0.04,-1,Echolocation,/mnt/ubna_data_01_mir/recover-20220825/UBNA_002/20220823_033000.WAV,Telephone Field,recover-20220825,002,1795
1522.0805,1522.0922,28906,35838,Eptesicus serotinus,0.012,0.025,-1,Echolocation,/mnt/ubna_data_01_mir/recover-20220825/UBNA_002/20220823_033000.WAV,Telephone Field,recover-20220825,002,1795
1522.1335,1522.1447,23750,29663,Nyctalus leisleri,0.012,0.026,-1,Echolocation,/mnt/ubna_data_01_mir/recover-20220825/UBNA_002/20220823_033000.WAV,Telephone Field,recover-20220825,002,1795
1522.1375,1522.173,68437,81266,Rhinolophus ferrumequinum,0.025,0.025,-1,Echolocation,/mnt/ubna_data_01_mir/recover-20220825/UBNA_002/20220823_033000.WAV,Telephone Field,recover-20220825,002,1795
1522.1565,1522.1999,68437,82644,Rhinolophus ferrumequinum,0.024,0.024,-1,Echolocation,/mnt/ubna_data_01_mir/recover-20220825/UBNA_002/20220823_033000.WAV,Telephone Field,recover-20220825,002,1795
1522.1685,1522.2097,68437,82952,Rhinolophus ferrumequinum,0.025,0.025,-1,Echolocation,/mnt/ubna_data_01_mir/recover-20220825/UBNA_002/20220823_033000.WAV,Telephone Field,recover-20220825,002,1795
1522.1795,1522.2189,68437,82746,Rhinolophus ferrumequinum,0.022,0.022,-1,Echolocation,/mnt/ubna_data_01_mir/recover-20220825/UBNA_002/20220823_033000.WAV,Telephone Field,recover-20220825,002,1795
1522.2025,1522.2398,68437,82655,Rhinolophus ferrumequinum,0.023,0.023,-1,Echolocation,/mnt/ubna_data_01_mir/recover-20220825/UBNA_002/20220823_033000.WAV,Telephone Field,recover-20220825,002,1795
1522.2195,1522.2301,14296,21999,Nyctalus noctula,0.01,0.021,-1,Echolocation,/mnt/ubna_data_01_mir/recover-20220825/UBNA_002/20220823_033000.WAV,Telephone Field,recover-20220825,002,1795
1522.2415,1522.2809,68437,81807,Rhinolophus ferrumequinum,0.022,0.022,-1,Echolocation,/mnt/ubna_data_01_mir/recover-20220825/UBNA_002/20220823_033000.WAV,Telephone Field,recover-20220825,002,1795
1522.2525,1522.2908,68437,82173,Rhinolophus ferrumequinum,0.022,0.022,-1,Echolocation,/mnt/ubna_data_01_mir/recover-20220825/UBNA_002/20220823_033000.WAV,Telephone Field,recover-20220825,002,1795
1522.2665,1522.2756,21171,28369,Plecotus austriacus,0.011,0.029,-1,Echolocation,/mnt/ubna_data_01_mir/recover-20220825/UBNA_002/20220823_033000.WAV,Telephone Field,recover-20220825,002,1795
1522.3095,1522.3496,68437,82158,Rhinolophus ferrumequinum,0.022,0.022,-1,Echolocation,/mnt/ubna_data_01_mir/recover-20220825/UBNA_002/20220823_033000.WAV,Telephone Field,recover-20220825,002,1795
1522.3125,1522.3331,18593,21680,Nyctalus noctula,0.021,0.037,-1,Echolocation,/mnt/ubna_data_01_mir/recover-20220825/UBNA_002/20220823_033000.WAV,Telephone Field,recover-20220825,002,1795
1522.3305,1522.3405,23750,30484,Nyctalus leisleri,0.013,0.039,-1,Echolocation,/mnt/ubna_data_01_mir/recover-20220825/UBNA_002/20220823_033000.WAV,Telephone Field,recover-20220825,002,1795
1522.3475,1522.3561,28046,38862,Eptesicus serotinus,0.008,0.021,-1,Echolocation,/mnt/ubna_data_01_mir/recover-20220825/UBNA_002/20220823_033000.WAV,Telephone Field,recover-20220825,002,1795
1522.3595,1522.4007,68437,82654,Rhinolophus ferrumequinum,0.022,0.022,-1,Echolocation,/mnt/ubna_data_01_mir/recover-20220825/UBNA_002/20220823_033000.WAV,Telephone Field,recover-20220825,002,1795
1522.3775,1522.4187,68437,82725,Rhinolophus ferrumequinum,0.028,0.028,-1,Echolocation,/mnt/ubna_data_01_mir/recover-20220825/UBNA_002/20220823_033000.WAV,Telephone Field,recover-20220825,002,1795
1522.4275,1522.4647,68437,81711,Rhinolophus ferrumequinum,0.022,0.022,-1,Echolocation,/mnt/ubna_data_01_mir/recover-20220825/UBNA_002/20220823_033000.WAV,Telephone Field,recover-20220825,002,1795
1522.4415,1522.4822,68437,82846,Rhinolophus ferrumequinum,0.034,0.034,-1,Echolocation,/mnt/ubna_data_01_mir/recover-20220825/UBNA_002/20220823_033000.WAV,Telephone Field,recover-20220825,002,1795
1522.4545,1522.4636,47812,53765,Pipistrellus pipistrellus,0.023,0.026,-1,Echolocation,/mnt/ubna_data_01_mir/recover-20220825/UBNA_002/20220823_033000.WAV,Telephone Field,recover-20220825,002,1795
1522.4755,1522.518,68437,82673,Rhinolophus ferrumequinum,0.027,0.027,-1,Echolocation,/mnt/ubna_data_01_mir/recover-20220825/UBNA_002/20220823_033000.WAV,Telephone Field,recover-20220825,002,1795
1522.5035,1522.5447,68437,82968,Rhinolophus ferrumequinum,0.026,0.026,-1,Echolocation,/mnt/ubna_data_01_mir/recover-20220825/UBNA_002/20220823_033000.WAV,Telephone Field,recover-20220825,002,1795
1522.5085,1522.5304,18593,21634,Nyctalus noctula,0.018,0.032,-1,Echolocation,/mnt/ubna_data_01_mir/recover-20220825/UBNA_002/20220823_033000.WAV,Telephone Field,recover-20220825,002,1795
1522.5455,1522.5877,68437,83084,Rhinolophus ferrumequinum,0.022,0.022,-1,Echolocation,/mnt/ubna_data_01_mir/recover-20220825/UBNA_002/20220823_033000.WAV,Telephone Field,recover-20220825,002,1795
1522.5675,1522.605,68437,82015,Rhinolophus ferrumequinum,0.024,0.024,-1,Echolocation,/mnt/ubna_data_01_mir/recover-20220825/UBNA_002/20220823_033000.WAV,Telephone Field,recover-20220825,002,1795
1522.5735,1522.6119,68437,82243,Rhinolophus ferrumequinum,0.022,0.022,-1,Echolocation,/mnt/ubna_data_01_mir/recover-20220825/UBNA_002/20220823_033000.WAV,Telephone Field,recover-20220825,002,1795
1522.5765,1522.5843,26328,35249,Eptesicus serotinus,0.01,0.037,-1,Echolocation,/mnt/ubna_data_01_mir/recover-20220825/UBNA_002/20220823_033000.WAV,Telephone Field,recover-20220825,002,1795
1522.5975,1522.6372,68437,82617,Rhinolophus ferrumequinum,0.023,0.023,-1,Echolocation,/mnt/ubna_data_01_mir/recover-20220825/UBNA_002/20220823_033000.WAV,Telephone Field,recover-20220825,002,1795
1522.6315,1522.6398,28046,38916,Eptesicus serotinus,0.008,0.024,-1,Echolocation,/mnt/ubna_data_01_mir/recover-20220825/UBNA_002/20220823_033000.WAV,Telephone Field,recover-20220825,002,1795
1522.6315,1522.6405,22031,28950,Plecotus austriacus,0.013,0.029,-1,Echolocation,/mnt/ubna_data_01_mir/recover-20220825/UBNA_002/20220823_033000.WAV,Telephone Field,recover-20220825,002,1795
1522.7065,1522.7474,68437,82910,Rhinolophus ferrumequinum,0.025,0.025,-1,Echolocation,/mnt/ubna_data_01_mir/recover-20220825/UBNA_002/20220823_033000.WAV,Telephone Field,recover-20220825,002,1795
1522.7155,1522.7254,28906,37324,Eptesicus serotinus,0.008,0.022,-1,Echolocation,/mnt/ubna_data_01_mir/recover-20220825/UBNA_002/20220823_033000.WAV,Telephone Field,recover-20220825,002,1795
1522.7395,1522.7835,68437,83032,Rhinolophus ferrumequinum,0.045,0.045,-1,Echolocation,/mnt/ubna_data_01_mir/recover-20220825/UBNA_002/20220823_033000.WAV,Telephone Field,recover-20220825,002,1795
1522.7655,1522.8046,68437,81794,Rhinolophus ferrumequinum,0.022,0.022,-1,Echolocation,/mnt/ubna_data_01_mir/recover-20220825/UBNA_002/20220823_033000.WAV,Telephone Field,recover-20220825,002,1795
1522.7845,1522.8252,68437,82052,Rhinolophus ferrumequinum,0.024,0.024,-1,Echolocation,/mnt/ubna_data_01_mir/recover-20220825/UBNA_002/20220823_033000.WAV,Telephone Field,recover-20220825,002,1795
1522.7875,1522.7967,26328,35532,Eptesicus serotinus,0.01,0.024,-1,Echolocation,/mnt/ubna_data_01_mir/recover-20220825/UBNA_002/20220823_033000.WAV,Telephone Field,recover-20220825,002,1795
1522.8255,1522.8631,68437,82055,Rhinolophus ferrumequinum,0.029,0.029,-1,Echolocation,/mnt/ubna_data_01_mir/recover-20220825/UBNA_002/20220823_033000.WAV,Telephone Field,recover-20220825,002,1795
1522.8565,1522.8965,68437,82674,Rhinolophus ferrumequinum,0.022,0.022,-1,Echolocation,/mnt/ubna_data_01_mir/recover-20220825/UBNA_002/20220823_033000.WAV,Telephone Field,recover-20220825,002,1795
1522.8685,1522.8795,22031,26814,Nyctalus leisleri,0.011,0.023,-1,Echolocation,/mnt/ubna_data_01_mir/recover-20220825/UBNA_002/20220823_033000.WAV,Telephone Field,recover-20220825,002,1795
1522.8875,1522.895,28046,37996,Eptesicus serotinus,0.007,0.022,-1,Echolocation,/mnt/ubna_data_01_mir/recover-20220825/UBNA_002/20220823_033000.WAV,Telephone Field,recover-20220825,002,1795
1522.9045,1522.9395,68437,81053,Rhinolophus ferrumequinum,0.025,0.025,-1,Echolocation,/mnt/ubna_data_01_mir/recover-20220825/UBNA_002/20220823_033000.WAV,Telephone Field,recover-20220825,002,1795
1522.9295,1522.9662,68437,81028,Rhinolophus ferrumequinum,0.025,0.025,-1,Echolocation,/mnt/ubna_data_01_mir/recover-20220825/UBNA_002/20220823_033000.WAV,Telephone Field,recover-20220825,002,1795
1522.9425,1522.9501,28046,38233,Eptesicus serotinus,0.008,0.024,-1,Echolocation,/mnt/ubna_data_01_mir/recover-20220825/UBNA_002/20220823_033000.WAV,Telephone Field,recover-20220825,002,1795
1522.9595,1522.9718,22890,27764,Nyctalus leisleri,0.015,0.028,-1,Echolocation,/mnt/ubna_data_01_mir/recover-20220825/UBNA_002/20220823_033000.WAV,Telephone Field,recover-20220825,002,1795
1522.9605,1522.9973,68437,81955,Rhinolophus ferrumequinum,0.022,0.022,-1,Echolocation,/mnt/ubna_data_01_mir/recover-20220825/UBNA_002/20220823_033000.WAV,Telephone Field,recover-20220825,002,1795
1522.9775,1522.9864,28046,39406,Eptesicus serotinus,0.008,0.021,-1,Echolocation,/mnt/ubna_data_01_mir/recover-20220825/UBNA_002/20220823_033000.WAV,Telephone Field,recover-20220825,002,1795
1522.9875,1523.026,68437,82641,Rhinolophus ferrumequinum,0.023,0.023,-1,Echolocation,/mnt/ubna_data_01_mir/recover-20220825/UBNA_002/20220823_033000.WAV,Telephone Field,recover-20220825,002,1795
1523.0405,1523.0753,68437,81574,Rhinolophus ferrumequinum,0.023,0.023,-1,Echolocation,/mnt/ubna_data_01_mir/recover-20220825/UBNA_002/20220823_033000.WAV,Telephone Field,recover-20220825,002,1795
1523.0525,1523.089,68437,81473,Rhinolophus ferrumequinum,0.023,0.023,-1,Echolocation,/mnt/ubna_data_01_mir/recover-20220825/UBNA_002/20220823_033000.WAV,Telephone Field,recover-20220825,002,1795
1523.0655,1523.074,22890,30227,Plecotus austriacus,0.01,0.024,-1,Echolocation,/mnt/ubna_data_01_mir/recover-20220825/UBNA_002/20220823_033000.WAV,Telephone Field,recover-20220825,002,1795
1523.0665,1523.0753,28046,36637,Eptesicus serotinus,0.008,0.022,-1,Echolocation,/mnt/ubna_data_01_mir/recover-20220825/UBNA_002/20220823_033000.WAV,Telephone Field,recover-20220825,002,1795
1523.0875,1523.0964,27187,37927,Eptesicus serotinus,0.01,0.027,-1,Echolocation,/mnt/ubna_data_01_mir/recover-20220825/UBNA_002/20220823_033000.WAV,Telephone Field,recover-20220825,002,1795
1523.0885,1523.1289,68437,82464,Rhinolophus ferrumequinum,0.025,0.025,-1,Echolocation,/mnt/ubna_data_01_mir/recover-20220825/UBNA_002/20220823_033000.WAV,Telephone Field,recover-20220825,002,1795
1523.1275,1523.1664,68437,82321,Rhinolophus ferrumequinum,0.025,0.025,-1,Echolocation,/mnt/ubna_data_01_mir/recover-20220825/UBNA_002/20220823_033000.WAV,Telephone Field,recover-20220825,002,1795
1523.1515,1523.1945,68437,83457,Rhinolophus ferrumequinum,0.033,0.033,-1,Echolocation,/mnt/ubna_data_01_mir/recover-20220825/UBNA_002/20220823_033000.WAV,Telephone Field,recover-20220825,002,1795
1523.1775,1523.2182,68437,82357,Rhinolophus ferrumequinum,0.026,0.026,-1,Echolocation,/mnt/ubna_data_01_mir/recover-20220825/UBNA_002/20220823_033000.WAV,Telephone Field,recover-20220825,002,1795
1523.1895,1523.2282,68437,82727,Rhinolophus ferrumequinum,0.023,0.024,-1,Echolocation,/mnt/ubna_data_01_mir/recover-20220825/UBNA_002/20220823_033000.WAV,Telephone Field,recover-20220825,002,1795
1523.2325,1523.2439,35781,42118,Pipistrellus nathusii,0.014,0.033,-1,Echolocation,/mnt/ubna_data_01_mir/recover-20220825/UBNA_002/20220823_033000.WAV,Telephone Field,recover-20220825,002,1795
1523.2425,1523.2798,68437,82081,Rhinolophus ferrumequinum,0.023,0.023,-1,Echolocation,/mnt/ubna_data_01_mir/recover-20220825/UBNA_002/20220823_033000.WAV,Telephone Field,recover-20220825,002,1795
1523.2635,1523.3048,68437,82743,Rhinolophus ferrumequinum,0.025,0.025,-1,Echolocation,/mnt/ubna_data_01_mir/recover-20220825/UBNA_002/20220823_033000.WAV,Telephone Field,recover-20220825,002,1795
1523.2905,1523.3301,68437,82101,Rhinolophus ferrumequinum,0.024,0.024,-1,Echolocation,/mnt/ubna_data_01_mir/recover-20220825/UBNA_002/20220823_033000.WAV,Telephone Field,recover-20220825,002,1795
1523.2935,1523.2997,49531,55897,Pipistrellus pipistrellus,0.021,0.023,-1,Echolocation,/mnt/ubna_data_01_mir/recover-20220825/UBNA_002/20220823_033000.WAV,Telephone Field,recover-20220825,002,1795
1523.3345,1523.3436,43515,51278,Pipistrellus pipistrellus,0.019,0.028,-1,Echolocation,/mnt/ubna_data_01_mir/recover-20220825/UBNA_002/20220823_033000.WAV,Telephone Field,recover-20220825,002,1795
1523.3375,1523.3804,68437,82971,Rhinolophus ferrumequinum,0.027,0.027,-1,Echolocation,/mnt/ubna_data_01_mir/recover-20220825/UBNA_002/20220823_033000.WAV,Telephone Field,recover-20220825,002,1795
1523.3485,1523.358,22031,28118,Plecotus austriacus,0.009,0.024,-1,Echolocation,/mnt/ubna_data_01_mir/recover-20220825/UBNA_002/20220823_033000.WAV,Telephone Field,recover-20220825,002,1795
1523.3755,1523.3824,25468,35651,Plecotus austriacus,0.009,0.029,-1,Echolocation,/mnt/ubna_data_01_mir/recover-20220825/UBNA_002/20220823_033000.WAV,Telephone Field,recover-20220825,002,1795
1523.4785,1523.5183,68437,82744,Rhinolophus ferrumequinum,0.026,0.026,-1,Echolocation,/mnt/ubna_data_01_mir/recover-20220825/UBNA_002/20220823_033000.WAV,Telephone Field,recover-20220825,002,1795
1523.5035,1523.5148,14296,18260,Nyctalus noctula,0.023,0.044,-1,Echolocation,/mnt/ubna_data_01_mir/recover-20220825/UBNA_002/20220823_033000.WAV,Telephone Field,recover-20220825,002,1795
1523.5405,1523.5515,24609,31268,Nyctalus leisleri,0.009,0.026,-1,Echolocation,/mnt/ubna_data_01_mir/recover-20220825/UBNA_002/20220823_033000.WAV,Telephone Field,recover-20220825,002,1795
1523.5575,1523.5973,68437,82555,Rhinolophus ferrumequinum,0.023,0.023,-1,Echolocation,/mnt/ubna_data_01_mir/recover-20220825/UBNA_002/20220823_033000.WAV,Telephone Field,recover-20220825,002,1795
1523.5835,1523.5943,25468,32603,Eptesicus serotinus,0.01,0.024,-1,Echolocation,/mnt/ubna_data_01_mir/recover-20220825/UBNA_002/20220823_033000.WAV,Telephone Field,recover-20220825,002,1795
1523.6285,1523.6364,28046,38780,Eptesicus serotinus,0.007,0.024,-1,Echolocation,/mnt/ubna_data_01_mir/recover-20220825/UBNA_002/20220823_033000.WAV,Telephone Field,recover-20220825,002,1795
1523.6315,1523.6698,68437,82144,Rhinolophus ferrumequinum,0.021,0.021,-1,Echolocation,/mnt/ubna_data_01_mir/recover-20220825/UBNA_002/20220823_033000.WAV,Telephone Field,recover-20220825,002,1795
1523.6745,1523.6899,22031,25489,Nyctalus leisleri,0.017,0.029,-1,Echolocation,/mnt/ubna_data_01_mir/recover-20220825/UBNA_002/20220823_033000.WAV,Telephone Field,recover-20220825,002,1795
1523.6925,1523.7333,68437,82575,Rhinolophus ferrumequinum,0.023,0.023,-1,Echolocation,/mnt/ubna_data_01_mir/recover-20220825/UBNA_002/20220823_033000.WAV,Telephone Field,recover-20220825,002,1795
1523.6975,1523.736,68437,82013,Rhinolophus ferrumequinum,0.022,0.022,-1,Echolocation,/mnt/ubna_data_01_mir/recover-20220825/UBNA_002/20220823_033000.WAV,Telephone Field,recover-20220825,002,1795
1523.6995,1523.7097,28906,37664,Eptesicus serotinus,0.011,0.027,-1,Echolocation,/mnt/ubna_data_01_mir/recover-20220825/UBNA_002/20220823_033000.WAV,Telephone Field,recover-20220825,002,1795
1523.7175,1523.7552,68437,81978,Rhinolophus ferrumequinum,0.023,0.023,-1,Echolocation,/mnt/ubna_data_01_mir/recover-20220825/UBNA_002/20220823_033000.WAV,Telephone Field,recover-20220825,002,1795
1523.7635,1523.8015,68437,81507,Rhinolophus ferrumequinum,0.029,0.029,-1,Echolocation,/mnt/ubna_data_01_mir/recover-20220825/UBNA_002/20220823_033000.WAV,Telephone Field,recover-20220825,002,1795
1523.7655,1523.777,28906,36192,Eptesicus serotinus,0.012,0.026,-1,Echolocation,/mnt/ubna_data_01_mir/recover-20220825/UBNA_002/20220823_033000.WAV,Telephone Field,recover-20220825,002,1795
1523.7835,1523.7908,23750,32832,Plecotus austriacus,0.011,0.024,-1,Echolocation,/mnt/ubna_data_01_mir/recover-20220825/UBNA_002/20220823_033000.WAV,Telephone Field,recover-20220825,002,1795
1523.8385,1523.8799,68437,82409,Rhinolophus ferrumequinum,0.027,0.027,-1,Echolocation,/mnt/ubna_data_01_mir/recover-20220825/UBNA_002/20220823_033000.WAV,Telephone Field,recover-20220825,002,1795
1523.8485,1523.8559,28046,41772,Eptesicus serotinus,0.009,0.027,-1,Echolocation,/mnt/ubna_data_01_mir/recover-20220825/UBNA_002/20220823_033000.WAV,Telephone Field,recover-20220825,002,1795
1523.8875,1523.8978,22031,27282,Nyctalus leisleri,0.011,0.027,-1,Echolocation,/mnt/ubna_data_01_mir/recover-20220825/UBNA_002/20220823_033000.WAV,Telephone Field,recover-20220825,002,1795
1523.9195,1523.9298,24609,31105,Nyctalus leisleri,0.01,0.027,-1,Echolocation,/mnt/ubna_data_01_mir/recover-20220825/UBNA_002/20220823_033000.WAV,Telephone Field,recover-20220825,002,1795
1523.9435,1523.9509,24609,33494,Plecotus austriacus,0.009,0.023,-1,Echolocation,/mnt/ubna_data_01_mir/recover-20220825/UBNA_002/20220823_033000.WAV,Telephone Field,recover-20220825,002,1795
1523.9615,1523.9739,22890,27983,Nyctalus leisleri,0.013,0.026,-1,Echolocation,/mnt/ubna_data_01_mir/recover-20220825/UBNA_002/20220823_033000.WAV,Telephone Field,recover-20220825,002,1795
1523.9835,1523.9937,27187,37321,Eptesicus serotinus,0.011,0.025,-1,Echolocation,/mnt/ubna_data_01_mir/recover-20220825/UBNA_002/20220823_033000.WAV,Telephone Field,recover-20220825,002,1795
1524.0015,1524.01,26328,36955,Eptesicus serotinus,0.007,0.028,-1,Echolocation,/mnt/ubna_data_01_mir/recover-20220825/UBNA_002/20220823_033000.WAV,Telephone Field,recover-20220825,002,1795
1524.0015,1524.0122,12578,20609,Nyctalus leisleri,0.023,0.03,-1,Echolocation,/mnt/ubna_data_01_mir/recover-20220825/UBNA_002/20220823_033000.WAV,Telephone Field,recover-20220825,002,1795
1524.0015,1524.0322,69296,80685,Rhinolophus ferrumequinum,0.025,0.025,-1,Echolocation,/mnt/ubna_data_01_mir/recover-20220825/UBNA_002/20220823_033000.WAV,Telephone Field,recover-20220825,002,1795
1524.0015,1524.0103,47812,54739,Pipistrellus pipistrellus,0.017,0.022,-1,Echolocation,/mnt/ubna_data_01_mir/recover-20220825/UBNA_002/20220823_033000.WAV,Telephone Field,recover-20220825,002,1795
1524.0095,1524.0481,68437,81449,Rhinolophus ferrumequinum,0.022,0.022,-1,Echolocation,/mnt/ubna_data_01_mir/recover-20220825/UBNA_002/20220823_033000.WAV,Telephone Field,recover-20220825,002,1795
1524.0185,1524.0334,22890,27858,Nyctalus leisleri,0.017,0.034,-1,Echolocation,/mnt/ubna_data_01_mir/recover-20220825/UBNA_002/20220823_033000.WAV,Telephone Field,recover-20220825,002,1795
1524.0215,1524.0632,68437,82534,Rhinolophus ferrumequinum,0.028,0.028,-1,Echolocation,/mnt/ubna_data_01_mir/recover-20220825/UBNA_002/20220823_033000.WAV,Telephone Field,recover-20220825,002,1795
1524.0485,1524.0863,68437,81660,Rhinolophus ferrumequinum,0.024,0.024,-1,Echolocation,/mnt/ubna_data_01_mir/recover-20220825/UBNA_002/20220823_033000.WAV,Telephone Field,recover-20220825,002,1795
1524.0745,1524.115,68437,82365,Rhinolophus ferrumequinum,0.03,0.03,-1,Echolocation,/mnt/ubna_data_01_mir/recover-20220825/UBNA_002/20220823_033000.WAV,Telephone Field,recover-20220825,002,1795
1524.0755,1524.0847,24609,32101,Eptesicus serotinus,0.009,0.03,-1,Echolocation,/mnt/ubna_data_01_mir/recover-20220825/UBNA_002/20220823_033000.WAV,Telephone Field,recover-20220825,002,1795
1524.1095,1524.1501,68437,82145,Rhinolophus ferrumequinum,0.022,0.022,-1,Echolocation,/mnt/ubna_data_01_mir/recover-20220825/UBNA_002/20220823_033000.WAV,Telephone Field,recover-20220825,002,1795
1524.1465,1524.1835,68437,81861,Rhinolophus ferrumequinum,0.023,0.023,-1,Echolocation,/mnt/ubna_data_01_mir/recover-20220825/UBNA_002/20220823_033000.WAV,Telephone Field,recover-20220825,002,1795
1524.1885,1524.1993,23750,29410,Nyctalus leisleri,0.011,0.026,-1,Echolocation,/mnt/ubna_data_01_mir/recover-20220825/UBNA_002/20220823_033000.WAV,Telephone Field,recover-20220825,002,1795
1524.2625,1524.3063,68437,83327,Rhinolophus ferrumequinum,0.03,0.03,-1,Echolocation,/mnt/ubna_data_01_mir/recover-20220825/UBNA_002/20220823_033000.WAV,Telephone Field,recover-20220825,002,1795
1524.2905,1524.3327,68437,82904,Rhinolophus ferrumequinum,0.035,0.035,-1,Echolocation,/mnt/ubna_data_01_mir/recover-20220825/UBNA_002/20220823_033000.WAV,Telephone Field,recover-20220825,002,1795
1524.2995,1524.3076,28046,38662,Eptesicus serotinus,0.009,0.026,-1,Echolocation,/mnt/ubna_data_01_mir/recover-20220825/UBNA_002/20220823_033000.WAV,Telephone Field,recover-20220825,002,1795
1524.3315,1524.3422,23750,29558,Nyctalus leisleri,0.012,0.026,-1,Echolocation,/mnt/ubna_data_01_mir/recover-20220825/UBNA_002/20220823_033000.WAV,Telephone Field,recover-20220825,002,1795
1524.3365,1524.3772,68437,82754,Rhinolophus ferrumequinum,0.04,0.04,-1,Echolocation,/mnt/ubna_data_01_mir/recover-20220825/UBNA_002/20220823_033000.WAV,Telephone Field,recover-20220825,002,1795
1524.3815,1524.422,68437,82139,Rhinolophus ferrumequinum,0.023,0.023,-1,Echolocation,/mnt/ubna_data_01_mir/recover-20220825/UBNA_002/20220823_033000.WAV,Telephone Field,recover-20220825,002,1795
1524.4045,1524.4407,68437,81809,Rhinolophus ferrumequinum,0.023,0.023,-1,Echolocation,/mnt/ubna_data_01_mir/recover-20220825/UBNA_002/20220823_033000.WAV,Telephone Field,recover-20220825,002,1795
1524.4175,1524.4304,22031,26144,Nyctalus leisleri,0.012,0.022,-1,Echolocation,/mnt/ubna_data_01_mir/recover-20220825/UBNA_002/20220823_033000.WAV,Telephone Field,recover-20220825,002,1795
1524.4335,1524.4752,68437,82994,Rhinolophus ferrumequinum,0.026,0.026,-1,Echolocation,/mnt/ubna_data_01_mir/recover-20220825/UBNA_002/20220823_033000.WAV,Telephone Field,recover-20220825,002,1795
1524.4485,1524.4592,23750,29347,Nyctalus leisleri,0.008,0.021,-1,Echolocation,/mnt/ubna_data_01_mir/recover-20220825/UBNA_002/20220823_033000.WAV,Telephone Field,recover-20220825,002,1795
1524.4725,1524.4798,30625,45126,Myotis daubentonii,0.008,0.023,-1,Echolocation,/mnt/ubna_data_01_mir/recover-20220825/UBNA_002/20220823_033000.WAV,Telephone Field,recover-20220825,002,1795
1524.4785,1524.5161,68437,81434,Rhinolophus ferrumequinum,0.032,0.032,-1,Echolocation,/mnt/ubna_data_01_mir/recover-20220825/UBNA_002/20220823_033000.WAV,Telephone Field,recover-20220825,002,1795
1524.5195,1524.5571,68437,82245,Rhinolophus ferrumequinum,0.022,0.022,-1,Echolocation,/mnt/ubna_data_01_mir/recover-20220825/UBNA_002/20220823_033000.WAV,Telephone Field,recover-20220825,002,1795
1524.5265,1524.5655,68437,81686,Rhinolophus ferrumequinum,0.021,0.021,-1,Echolocation,/mnt/ubna_data_01_mir/recover-20220825/UBNA_002/20220823_033000.WAV,Telephone Field,recover-20220825,002,1795
1524.5565,1524.5647,28046,40879,Eptesicus serotinus,0.008,0.023,-1,Echolocation,/mnt/ubna_data_01_mir/recover-20220825/UBNA_002/20220823_033000.WAV,Telephone Field,recover-20220825,002,1795
1524.5805,1524.6215,68437,82553,Rhinolophus ferrumequinum,0.024,0.024,-1,Echolocation,/mnt/ubna_data_01_mir/recover-20220825/UBNA_002/20220823_033000.WAV,Telephone Field,recover-20220825,002,1795
1524.6235,1524.6324,28046,37917,Eptesicus serotinus,0.012,0.032,-1,Echolocation,/mnt/ubna_data_01_mir/recover-20220825/UBNA_002/20220823_033000.WAV,Telephone Field,recover-20220825,002,1795
1524.6275,1524.6691,68437,82559,Rhinolophus ferrumequinum,0.024,0.024,-1,Echolocation,/mnt/ubna_data_01_mir/recover-20220825/UBNA_002/20220823_033000.WAV,Telephone Field,recover-20220825,002,1795
1524.6335,1524.6487,22031,25585,Nyctalus leisleri,0.019,0.032,-1,Echolocation,/mnt/ubna_data_01_mir/recover-20220825/UBNA_002/20220823_033000.WAV,Telephone Field,recover-20220825,002,1795
1524.6385,1524.6769,68437,81422,Rhinolophus ferrumequinum,0.022,0.022,-1,Echolocation,/mnt/ubna_data_01_mir/recover-20220825/UBNA_002/20220823_033000.WAV,Telephone Field,recover-20220825,002,1795
1524.6705,1524.7063,68437,80865,Rhinolophus ferrumequinum,0.023,0.023,-1,Echolocation,/mnt/ubna_data_01_mir/recover-20220825/UBNA_002/20220823_033000.WAV,Telephone Field,recover-20220825,002,1795
1524.6955,1524.7358,68437,82730,Rhinolophus ferrumequinum,0.025,0.025,-1,Echolocation,/mnt/ubna_data_01_mir/recover-20220825/UBNA_002/20220823_033000.WAV,Telephone Field,recover-20220825,002,1795
1524.7055,1524.7156,28046,35322,Eptesicus serotinus,0.009,0.021,-1,Echolocation,/mnt/ubna_data_01_mir/recover-20220825/UBNA_002/20220823_033000.WAV,Telephone Field,recover-20220825,002,1795
1524.7355,1524.7699,68437,81593,Rhinolophus ferrumequinum,0.024,0.024,-1,Echolocation,/mnt/ubna_data_01_mir/recover-20220825/UBNA_002/20220823_033000.WAV,Telephone Field,recover-20220825,002,1795
1524.7485,1524.7578,29765,42388,Eptesicus serotinus,0.008,0.023,-1,Echolocation,/mnt/ubna_data_01_mir/recover-20220825/UBNA_002/20220823_033000.WAV,Telephone Field,recover-20220825,002,1795
1524.7545,1524.7889,68437,81171,Rhinolophus ferrumequinum,0.021,0.021,-1,Echolocation,/mnt/ubna_data_01_mir/recover-20220825/UBNA_002/20220823_033000.WAV,Telephone Field,recover-20220825,002,1795
1524.7675,1524.8058,68437,81976,Rhinolophus ferrumequinum,0.023,0.024,-1,Echolocation,/mnt/ubna_data_01_mir/recover-20220825/UBNA_002/20220823_033000.WAV,Telephone Field,recover-20220825,002,1795
1524.7915,1524.8014,57265,62595,Pipistrellus pygmaeus,0.028,0.029,-1,Echolocation,/mnt/ubna_data_01_mir/recover-20220825/UBNA_002/20220823_033000.WAV,Telephone Field,recover-20220825,002,1795
1524.7935,1524.8308,68437,81863,Rhinolophus ferrumequinum,0.022,0.022,-1,Echolocation,/mnt/ubna_data_01_mir/recover-20220825/UBNA_002/20220823_033000.WAV,Telephone Field,recover-20220825,002,1795
1524.8245,1524.8315,26328,35797,Eptesicus serotinus,0.006,0.022,-1,Echolocation,/mnt/ubna_data_01_mir/recover-20220825/UBNA_002/20220823_033000.WAV,Telephone Field,recover-20220825,002,1795
1524.8315,1524.8679,68437,81274,Rhinolophus ferrumequinum,0.026,0.026,-1,Echolocation,/mnt/ubna_data_01_mir/recover-20220825/UBNA_002/20220823_033000.WAV,Telephone Field,recover-20220825,002,1795
1524.8385,1524.8796,68437,82699,Rhinolophus ferrumequinum,0.026,0.027,-1,Echolocation,/mnt/ubna_data_01_mir/recover-20220825/UBNA_002/20220823_033000.WAV,Telephone Field,recover-20220825,002,1795
1524.8665,1524.8744,23750,32341,Plecotus austriacus,0.009,0.025,-1,Echolocation,/mnt/ubna_data_01_mir/recover-20220825/UBNA_002/20220823_033000.WAV,Telephone Field,recover-20220825,002,1795
1524.8835,1524.9205,68437,81058,Rhinolophus ferrumequinum,0.021,0.021,-1,Echolocation,/mnt/ubna_data_01_mir/recover-20220825/UBNA_002/20220823_033000.WAV,Telephone Field,recover-20220825,002,1795
1524.8875,1524.8979,23750,30371,Nyctalus leisleri,0.01,0.026,-1,Echolocation,/mnt/ubna_data_01_mir/recover-20220825/UBNA_002/20220823_033000.WAV,Telephone Field,recover-20220825,002,1795
1524.9125,1524.9205,50390,58118,Pipistrellus pipistrellus,0.018,0.022,-1,Echolocation,/mnt/ubna_data_01_mir/recover-20220825/UBNA_002/20220823_033000.WAV,Telephone Field,recover-20220825,002,1795
1524.9355,1524.9761,68437,82609,Rhinolophus ferrumequinum,0.025,0.025,-1,Echolocation,/mnt/ubna_data_01_mir/recover-20220825/UBNA_002/20220823_033000.WAV,Telephone Field,recover-20220825,002,1795
1524.9745,1525.0121,68437,82048,Rhinolophus ferrumequinum,0.025,0.025,-1,Echolocation,/mnt/ubna_data_01_mir/recover-20220825/UBNA_002/20220823_033000.WAV,Telephone Field,recover-20220825,002,1795
1525.0145,1525.025,30625,38196,Eptesicus serotinus,0.02,0.041,-1,Echolocation,/mnt/ubna_data_01_mir/recover-20220825/UBNA_002/20220823_033000.WAV,Telephone Field,recover-20220825,002,1795
1525.0515,1525.0911,68437,82173,Rhinolophus ferrumequinum,0.021,0.021,-1,Echolocation,/mnt/ubna_data_01_mir/recover-20220825/UBNA_002/20220823_033000.WAV,Telephone Field,recover-20220825,002,1795
1525.0525,1525.0606,28046,39467,Eptesicus serotinus,0.008,0.023,-1,Echolocation,/mnt/ubna_data_01_mir/recover-20220825/UBNA_002/20220823_033000.WAV,Telephone Field,recover-20220825,002,1795
1525.0765,1525.1131,68437,81878,Rhinolophus ferrumequinum,0.022,0.022,-1,Echolocation,/mnt/ubna_data_01_mir/recover-20220825/UBNA_002/20220823_033000.WAV,Telephone Field,recover-20220825,002,1795
1525.0855,1525.1232,68437,82146,Rhinolophus ferrumequinum,0.021,0.021,-1,Echolocation,/mnt/ubna_data_01_mir/recover-20220825/UBNA_002/20220823_033000.WAV,Telephone Field,recover-20220825,002,1795
1525.0875,1525.0996,22890,28391,Nyctalus leisleri,0.014,0.03,-1,Echolocation,/mnt/ubna_data_01_mir/recover-20220825/UBNA_002/20220823_033000.WAV,Telephone Field,recover-20220825,002,1795
1525.1005,1525.1387,68437,81749,Rhinolophus ferrumequinum,0.027,0.027,-1,Echolocation,/mnt/ubna_data_01_mir/recover-20220825/UBNA_002/20220823_033000.WAV,Telephone Field,recover-20220825,002,1795
1525.1095,1525.1177,26328,36367,Eptesicus serotinus,0.008,0.022,-1,Echolocation,/mnt/ubna_data_01_mir/recover-20220825/UBNA_002/20220823_033000.WAV,Telephone Field,recover-20220825,002,1795
1525.1195,1525.1581,68437,81720,Rhinolophus ferrumequinum,0.021,0.021,-1,Echolocation,/mnt/ubna_data_01_mir/recover-20220825/UBNA_002/20220823_033000.WAV,Telephone Field,recover-20220825,002,1795
1525.1475,1525.1866,68437,81860,Rhinolophus ferrumequinum,0.023,0.023,-1,Echolocation,/mnt/ubna_data_01_mir/recover-20220825/UBNA_002/20220823_033000.WAV,Telephone Field,recover-20220825,002,1795
1525.1485,1525.1606,22890,26874,Nyctalus leisleri,0.014,0.025,-1,Echolocation,/mnt/ubna_data_01_mir/recover-20220825/UBNA_002/20220823_033000.WAV,Telephone Field,recover-20220825,002,1795
1525.1485,1525.1583,47812,52779,Pipistrellus pipistrellus,0.027,0.03,-1,Echolocation,/mnt/ubna_data_01_mir/recover-20220825/UBNA_002/20220823_033000.WAV,Telephone Field,recover-20220825,002,1795
1525.1755,1525.2142,68437,82189,Rhinolophus ferrumequinum,0.023,0.023,-1,Echolocation,/mnt/ubna_data_01_mir/recover-20220825/UBNA_002/20220823_033000.WAV,Telephone Field,recover-20220825,002,1795
1525.2335,1525.2722,68437,82342,Rhinolophus ferrumequinum,0.023,0.023,-1,Echolocation,/mnt/ubna_data_01_mir/recover-20220825/UBNA_002/20220823_033000.WAV,Telephone Field,recover-20220825,002,1795
1525.2485,1525.2611,22890,27227,Nyctalus leisleri,0.012,0.023,-1,Echolocation,/mnt/ubna_data_01_mir/recover-20220825/UBNA_002/20220823_033000.WAV,Telephone Field,recover-20220825,002,1795
1525.2515,1525.2924,68437,82547,Rhinolophus ferrumequinum,0.022,0.022,-1,Echolocation,/mnt/ubna_data_01_mir/recover-20220825/UBNA_002/20220823_033000.WAV,Telephone Field,recover-20220825,002,1795
1525.2615,1525.2698,24609,32761,Plecotus austriacus,0.007,0.024,-1,Echolocation,/mnt/ubna_data_01_mir/recover-20220825/UBNA_002/20220823_033000.WAV,Telephone Field,recover-20220825,002,1795
1525.2775,1525.3204,68437,83430,Rhinolophus ferrumequinum,0.027,0.027,-1,Echolocation,/mnt/ubna_data_01_mir/recover-20220825/UBNA_002/20220823_033000.WAV,Telephone Field,recover-20220825,002,1795
1525.3065,1525.3442,68437,81345,Rhinolophus ferrumequinum,0.022,0.022,-1,Echolocation,/mnt/ubna_data_01_mir/recover-20220825/UBNA_002/20220823_033000.WAV,Telephone Field,recover-20220825,002,1795
1525.3245,1525.3614,68437,81459,Rhinolophus ferrumequinum,0.023,0.023,-1,Echolocation,/mnt/ubna_data_01_mir/recover-20220825/UBNA_002/20220823_033000.WAV,Telephone Field,recover-20220825,002,1795
1525.3335,1525.3418,32343,41563,Myotis daubentonii,0.007,0.026,-1,Echolocation,/mnt/ubna_data_01_mir/recover-20220825/UBNA_002/20220823_033000.WAV,Telephone Field,recover-20220825,002,1795
1525.3345,1525.3735,68437,81093,Rhinolophus ferrumequinum,0.022,0.022,-1,Echolocation,/mnt/ubna_data_01_mir/recover-20220825/UBNA_002/20220823_033000.WAV,Telephone Field,recover-20220825,002,1795
1525.3515,1525.3619,23750,30294,Nyctalus leisleri,0.008,0.022,-1,Echolocation,/mnt/ubna_data_01_mir/recover-20220825/UBNA_002/20220823_033000.WAV,Telephone Field,recover-20220825,002,1795
1525.4325,1525.4432,22890,28253,Nyctalus leisleri,0.01,0.021,-1,Echolocation,/mnt/ubna_data_01_mir/recover-20220825/UBNA_002/20220823_033000.WAV,Telephone Field,recover-20220825,002,1795
1525.4455,1525.4841,68437,81677,Rhinolophus ferrumequinum,0.022,0.022,-1,Echolocation,/mnt/ubna_data_01_mir/recover-20220825/UBNA_002/20220823_033000.WAV,Telephone Field,recover-20220825,002,1795
1525.4615,1525.4811,17734,20625,Nyctalus noctula,0.013,0.024,-1,Echolocation,/mnt/ubna_data_01_mir/recover-20220825/UBNA_002/20220823_033000.WAV,Telephone Field,recover-20220825,002,1795
1525.5355,1525.5767,68437,82693,Rhinolophus ferrumequinum,0.026,0.027,-1,Echolocation,/mnt/ubna_data_01_mir/recover-20220825/UBNA_002/20220823_033000.WAV,Telephone Field,recover-20220825,002,1795
1525.5435,1525.5825,68437,81638,Rhinolophus ferrumequinum,0.024,0.024,-1,Echolocation,/mnt/ubna_data_01_mir/recover-20220825/UBNA_002/20220823_033000.WAV,Telephone Field,recover-20220825,002,1795
1525.5525,1525.5607,28046,37989,Eptesicus serotinus,0.008,0.022,-1,Echolocation,/mnt/ubna_data_01_mir/recover-20220825/UBNA_002/20220823_033000.WAV,Telephone Field,recover-20220825,002,1795
1525.5595,1525.5671,30625,41496,Myotis daubentonii,0.008,0.022,-1,Echolocation,/mnt/ubna_data_01_mir/recover-20220825/UBNA_002/20220823_033000.WAV,Telephone Field,recover-20220825,002,1795
1525.5715,1525.6134,68437,83193,Rhinolophus ferrumequinum,0.024,0.024,-1,Echolocation,/mnt/ubna_data_01_mir/recover-20220825/UBNA_002/20220823_033000.WAV,Telephone Field,recover-20220825,002,1795
1525.5925,1525.6312,68437,81955,Rhinolophus ferrumequinum,0.022,0.022,-1,Echolocation,/mnt/ubna_data_01_mir/recover-20220825/UBNA_002/20220823_033000.WAV,Telephone Field,recover-20220825,002,1795
1525.6715,1525.6809,44375,47763,Pipistrellus pipistrellus,0.056,0.06,-1,Echolocation,/mnt/ubna_data_01_mir/recover-20220825/UBNA_002/20220823_033000.WAV,Telephone Field,recover-20220825,002,1795
1525.6995,1525.739,68437,82155,Rhinolophus ferrumequinum,0.027,0.027,-1,Echolocation,/mnt/ubna_data_01_mir/recover-20220825/UBNA_002/20220823_033000.WAV,Telephone Field,recover-20220825,002,1795
1525.7055,1525.7163,23750,29790,Nyctalus leisleri,0.01,0.026,-1,Echolocation,/mnt/ubna_data_01_mir/recover-20220825/UBNA_002/20220823_033000.WAV,Telephone Field,recover-20220825,002,1795
1525.7135,1525.7229,23750,30188,Nyctalus leisleri,0.009,0.024,-1,Echolocation,/mnt/ubna_data_01_mir/recover-20220825/UBNA_002/20220823_033000.WAV,Telephone Field,recover-20220825,002,1795
1525.7295,1525.7667,68437,81535,Rhinolophus ferrumequinum,0.021,0.021,-1,Echolocation,/mnt/ubna_data_01_mir/recover-20220825/UBNA_002/20220823_033000.WAV,Telephone Field,recover-20220825,002,1795
1525.7305,1525.7388,28046,37402,Eptesicus serotinus,0.008,0.021,-1,Echolocation,/mnt/ubna_data_01_mir/recover-20220825/UBNA_002/20220823_033000.WAV,Telephone Field,recover-20220825,002,1795
1525.7835,1525.7924,27187,37627,Eptesicus serotinus,0.01,0.026,-1,Echolocation,/mnt/ubna_data_01_mir/recover-20220825/UBNA_002/20220823_033000.WAV,Telephone Field,recover-20220825,002,1795
1525.7945,1525.8359,68437,82966,Rhinolophus ferrumequinum,0.025,0.025,-1,Echolocation,/mnt/ubna_data_01_mir/recover-20220825/UBNA_002/20220823_033000.WAV,Telephone Field,recover-20220825,002,1795
1525.8255,1525.8653,68437,82415,Rhinolophus ferrumequinum,0.022,0.022,-1,Echolocation,/mnt/ubna_data_01_mir/recover-20220825/UBNA_002/20220823_033000.WAV,Telephone Field,recover-20220825,002,1795
1525.8305,1525.8716,68437,82304,Rhinolophus ferrumequinum,0.022,0.022,-1,Echolocation,/mnt/ubna_data_01_mir/recover-20220825/UBNA_002/20220823_033000.WAV,Telephone Field,recover-20220825,002,1795
1525.8915,1525.9344,68437,83007,Rhinolophus ferrumequinum,0.023,0.023,-1,Echolocation,/mnt/ubna_data_01_mir/recover-20220825/UBNA_002/20220823_033000.WAV,Telephone Field,recover-20220825,002,1795
1525.9035,1525.9431,68437,82349,Rhinolophus ferrumequinum,0.021,0.021,-1,Echolocation,/mnt/ubna_data_01_mir/recover-20220825/UBNA_002/20220823_033000.WAV,Telephone Field,recover-20220825,002,1795
1525.9225,1525.9618,68437,82333,Rhinolophus ferrumequinum,0.022,0.022,-1,Echolocation,/mnt/ubna_data_01_mir/recover-20220825/UBNA_002/20220823_033000.WAV,Telephone Field,recover-20220825,002,1795
1525.9335,1525.9726,68437,81958,Rhinolophus ferrumequinum,0.023,0.023,-1,Echolocation,/mnt/ubna_data_01_mir/recover-20220825/UBNA_002/20220823_033000.WAV,Telephone Field,recover-20220825,002,1795
1525.9505,1525.9886,68437,81592,Rhinolophus ferrumequinum,0.022,0.022,-1,Echolocation,/mnt/ubna_data_01_mir/recover-20220825/UBNA_002/20220823_033000.WAV,Telephone Field,recover-20220825,002,1795
1525.9525,1525.9654,28906,34808,Eptesicus serotinus,0.015,0.027,-1,Echolocation,/mnt/ubna_data_01_mir/recover-20220825/UBNA_002/20220823_033000.WAV,Telephone Field,recover-20220825,002,1795
1526.0015,1526.0359,68437,80180,Rhinolophus ferrumequinum,0.047,0.047,-1,Echolocation,/mnt/ubna_data_01_mir/recover-20220825/UBNA_002/20220823_033000.WAV,Telephone Field,recover-20220825,002,1795
1526.0015,1526.0133,21171,24736,Nyctalus leisleri,0.025,0.045,-1,Echolocation,/mnt/ubna_data_01_mir/recover-20220825/UBNA_002/20220823_033000.WAV,Telephone Field,recover-20220825,002,1795
1526.0015,1526.0121,46953,51151,Pipistrellus pipistrellus,0.021,0.027,-1,Echolocation,/mnt/ubna_data_01_mir/recover-20220825/UBNA_002/20220823_033000.WAV,Telephone Field,recover-20220825,002,1795
1526.0075,1526.0526,68437,82212,Rhinolophus ferrumequinum,0.031,0.031,-1,Echolocation,/mnt/ubna_data_01_mir/recover-20220825/UBNA_002/20220823_033000.WAV,Telephone Field,recover-20220825,002,1795
1526.0515,1526.0905,68437,81957,Rhinolophus ferrumequinum,0.022,0.022,-1,Echolocation,/mnt/ubna_data_01_mir/recover-20220825/UBNA_002/20220823_033000.WAV,Telephone Field,recover-20220825,002,1795
1526.0775,1526.1133,68437,81290,Rhinolophus ferrumequinum,0.023,0.024,-1,Echolocation,/mnt/ubna_data_01_mir/recover-20220825/UBNA_002/20220823_033000.WAV,Telephone Field,recover-20220825,002,1795
1526.1035,1526.1141,27187,33899,Eptesicus serotinus,0.01,0.023,-1,Echolocation,/mnt/ubna_data_01_mir/recover-20220825/UBNA_002/20220823_033000.WAV,Telephone Field,recover-20220825,002,1795
1526.1295,1526.168,68437,82330,Rhinolophus ferrumequinum,0.026,0.026,-1,Echolocation,/mnt/ubna_data_01_mir/recover-20220825/UBNA_002/20220823_033000.WAV,Telephone Field,recover-20220825,002,1795
1526.1555,1526.167,23750,28849,Nyctalus leisleri,0.011,0.022,-1,Echolocation,/mnt/ubna_data_01_mir/recover-20220825/UBNA_002/20220823_033000.WAV,Telephone Field,recover-20220825,002,1795
1526.1715,1526.2111,68437,82480,Rhinolophus ferrumequinum,0.021,0.021,-1,Echolocation,/mnt/ubna_data_01_mir/recover-20220825/UBNA_002/20220823_033000.WAV,Telephone Field,recover-20220825,002,1795
1526.2455,1526.2838,68437,82425,Rhinolophus ferrumequinum,0.025,0.025,-1,Echolocation,/mnt/ubna_data_01_mir/recover-20220825/UBNA_002/20220823_033000.WAV,Telephone Field,recover-20220825,002,1795
1526.2905,1526.3031,23750,28033,Nyctalus leisleri,0.016,0.029,-1,Echolocation,/mnt/ubna_data_01_mir/recover-20220825/UBNA_002/20220823_033000.WAV,Telephone Field,recover-20220825,002,1795
1526.3225,1526.3348,22890,27506,Nyctalus leisleri,0.013,0.025,-1,Echolocation,/mnt/ubna_data_01_mir/recover-20220825/UBNA_002/20220823_033000.WAV,Telephone Field,recover-20220825,002,1795
1526.3775,1526.4118,68437,81276,Rhinolophus ferrumequinum,0.021,0.021,-1,Echolocation,/mnt/ubna_data_01_mir/recover-20220825/UBNA_002/20220823_033000.WAV,Telephone Field,recover-20220825,002,1795
1526.3855,1526.425,68437,82241,Rhinolophus ferrumequinum,0.023,0.024,-1,Echolocation,/mnt/ubna_data_01_mir/recover-20220825/UBNA_002/20220823_033000.WAV,Telephone Field,recover-20220825,002,1795
1526.4025,1526.439,68437,81938,Rhinolophus ferrumequinum,0.025,0.025,-1,Echolocation,/mnt/ubna_data_01_mir/recover-20220825/UBNA_002/20220823_033000.WAV,Telephone Field,recover-20220825,002,1795
1526.4235,1526.4613,68437,81733,Rhinolophus ferrumequinum,0.025,0.025,-1,Echolocation,/mnt/ubna_data_01_mir/recover-20220825/UBNA_002/20220823_033000.WAV,Telephone Field,recover-20220825,002,1795
1526.4675,1526.4757,28906,41112,Eptesicus serotinus,0.01,0.024,-1,Echolocation,/mnt/ubna_data_01_mir/recover-20220825/UBNA_002/20220823_033000.WAV,Telephone Field,recover-20220825,002,1795
1526.4895,1526.4998,35781,41884,Barbastellus barbastellus,0.007,0.029,-1,Echolocation,/mnt/ubna_data_01_mir/recover-20220825/UBNA_002/20220823_033000.WAV,Telephone Field,recover-20220825,002,1795
1526.4905,1526.499,28046,36957,Eptesicus serotinus,0.008,0.022,-1,Echolocation,/mnt/ubna_data_01_mir/recover-20220825/UBNA_002/20220823_033000.WAV,Telephone Field,recover-20220825,002,1795
1526.5105,1526.5507,68437,81973,Rhinolophus ferrumequinum,0.022,0.022,-1,Echolocation,/mnt/ubna_data_01_mir/recover-20220825/UBNA_002/20220823_033000.WAV,Telephone Field,recover-20220825,002,1795
1526.5155,1526.5248,25468,32630,Eptesicus serotinus,0.008,0.021,-1,Echolocation,/mnt/ubna_data_01_mir/recover-20220825/UBNA_002/20220823_033000.WAV,Telephone Field,recover-20220825,002,1795
1526.5325,1526.5411,43515,50541,Pipistrellus pipistrellus,0.022,0.026,-1,Echolocation,/mnt/ubna_data_01_mir/recover-20220825/UBNA_002/20220823_033000.WAV,Telephone Field,recover-20220825,002,1795
1526.5385,1526.5466,28906,36222,Eptesicus serotinus,0.01,0.025,-1,Echolocation,/mnt/ubna_data_01_mir/recover-20220825/UBNA_002/20220823_033000.WAV,Telephone Field,recover-20220825,002,1795
1526.5635,1526.602,68437,82561,Rhinolophus ferrumequinum,0.022,0.023,-1,Echolocation,/mnt/ubna_data_01_mir/recover-20220825/UBNA_002/20220823_033000.WAV,Telephone Field,recover-20220825,002,1795
1526.6095,1526.6486,68437,82572,Rhinolophus ferrumequinum,0.022,0.023,-1,Echolocation,/mnt/ubna_data_01_mir/recover-20220825/UBNA_002/20220823_033000.WAV,Telephone Field,recover-20220825,002,1795
1526.6245,1526.6654,68437,82554,Rhinolophus ferrumequinum,0.023,0.024,-1,Echolocation,/mnt/ubna_data_01_mir/recover-20220825/UBNA_002/20220823_033000.WAV,Telephone Field,recover-20220825,002,1795
1526.6465,1526.6882,68437,83199,Rhinolophus ferrumequinum,0.025,0.025,-1,Echolocation,/mnt/ubna_data_01_mir/recover-20220825/UBNA_002/20220823_033000.WAV,Telephone Field,recover-20220825,002,1795
1526.7415,1526.7823,68437,81982,Rhinolophus ferrumequinum,0.027,0.027,-1,Echolocation,/mnt/ubna_data_01_mir/recover-20220825/UBNA_002/20220823_033000.WAV,Telephone Field,recover-20220825,002,1795
1526.7835,1526.8222,68437,82897,Rhinolophus ferrumequinum,0.023,0.024,-1,Echolocation,/mnt/ubna_data_01_mir/recover-20220825/UBNA_002/20220823_033000.WAV,Telephone Field,recover-20220825,002,1795
1526.8085,1526.8486,68437,82664,Rhinolophus ferrumequinum,0.033,0.033,-1,Echolocation,/mnt/ubna_data_01_mir/recover-20220825/UBNA_002/20220823_033000.WAV,Telephone Field,recover-20220825,002,1795
1526.8185,1526.8315,28906,36014,Eptesicus serotinus,0.038,0.066,-1,Echolocation,/mnt/ubna_data_01_mir/recover-20220825/UBNA_002/20220823_033000.WAV,Telephone Field,recover-20220825,002,1795
1526.8435,1526.8844,68437,82653,Rhinolophus ferrumequinum,0.022,0.022,-1,Echolocation,/mnt/ubna_data_01_mir/recover-20220825/UBNA_002/20220823_033000.WAV,Telephone Field,recover-20220825,002,1795
1526.8595,1526.8971,68437,81330,Rhinolophus ferrumequinum,0.022,0.022,-1,Echolocation,/mnt/ubna_data_01_mir/recover-20220825/UBNA_002/20220823_033000.WAV,Telephone Field,recover-20220825,002,1795
1526.9025,1526.9097,27187,42283,Eptesicus serotinus,0.007,0.023,-1,Echolocation,/mnt/ubna_data_01_mir/recover-20220825/UBNA_002/20220823_033000.WAV,Telephone Field,recover-20220825,002,1795
1526.9405,1526.98,68437,82722,Rhinolophus ferrumequinum,0.026,0.026,-1,Echolocation,/mnt/ubna_data_01_mir/recover-20220825/UBNA_002/20220823_033000.WAV,Telephone Field,recover-20220825,002,1795
1526.9775,1527.0184,68437,83063,Rhinolophus ferrumequinum,0.022,0.022,-1,Echolocation,/mnt/ubna_data_01_mir/recover-20220825/UBNA_002/20220823_033000.WAV,Telephone Field,recover-20220825,002,1795
1527.0265,1527.0335,28046,42576,Eptesicus serotinus,0.007,0.026,-1,Echolocation,/mnt/ubna_data_01_mir/recover-20220825/UBNA_002/20220823_033000.WAV,Telephone Field,recover-20220825,002,1795
1527.0485,1527.0873,68437,81894,Rhinolophus ferrumequinum,0.022,0.022,-1,Echolocation,/mnt/ubna_data_01_mir/recover-20220825/UBNA_002/20220823_033000.WAV,Telephone Field,recover-20220825,002,1795
1527.0565,1527.0663,27187,35422,Eptesicus serotinus,0.01,0.022,-1,Echolocation,/mnt/ubna_data_01_mir/recover-20220825/UBNA_002/20220823_033000.WAV,Telephone Field,recover-20220825,002,1795
1527.0575,1527.1001,68437,82335,Rhinolophus ferrumequinum,0.022,0.022,-1,Echolocation,/mnt/ubna_data_01_mir/recover-20220825/UBNA_002/20220823_033000.WAV,Telephone Field,recover-20220825,002,1795
1527.0625,1527.1031,68437,82282,Rhinolophus ferrumequinum,0.022,0.022,-1,Echolocation,/mnt/ubna_data_01_mir/recover-20220825/UBNA_002/20220823_033000.WAV,Telephone Field,recover-20220825,002,1795
1527.1005,1527.109,23750,31367,Plecotus austriacus,0.008,0.021,-1,Echolocation,/mnt/ubna_data_01_mir/recover-20220825/UBNA_002/20220823_033000.WAV,Telephone Field,recover-20220825,002,1795
1527.1225,1527.1306,28046,36098,Eptesicus serotinus,0.008,0.022,-1,Echolocation,/mnt/ubna_data_01_mir/recover-20220825/UBNA_002/20220823_033000.WAV,Telephone Field,recover-20220825,002,1795
1527.1285,1527.1678,68437,82666,Rhinolophus ferrumequinum,0.022,0.023,-1,Echolocation,/mnt/ubna_data_01_mir/recover-20220825/UBNA_002/20220823_033000.WAV,Telephone Field,recover-20220825,002,1795
1527.2055,1527.2474,68437,82862,Rhinolophus ferrumequinum,0.027,0.027,-1,Echolocation,/mnt/ubna_data_01_mir/recover-20220825/UBNA_002/20220823_033000.WAV,Telephone Field,recover-20220825,002,1795
1527.2075,1527.2147,33203,42909,Myotis daubentonii,0.008,0.021,-1,Echolocation,/mnt/ubna_data_01_mir/recover-20220825/UBNA_002/20220823_033000.WAV,Telephone Field,recover-20220825,002,1795
1527.2385,1527.2723,68437,80613,Rhinolophus ferrumequinum,0.021,0.021,-1,Echolocation,/mnt/ubna_data_01_mir/recover-20220825/UBNA_002/20220823_033000.WAV,Telephone Field,recover-20220825,002,1795
1527.2735,1527.3123,68437,82347,Rhinolophus ferrumequinum,0.022,0.022,-1,Echolocation,/mnt/ubna_data_01_mir/recover-20220825/UBNA_002/20220823_033000.WAV,Telephone Field,recover-20220825,002,1795
1527.2865,1527.3269,68437,82688,Rhinolophus ferrumequinum,0.024,0.024,-1,Echolocation,/mnt/ubna_data_01_mir/recover-20220825/UBNA_002/20220823_033000.WAV,Telephone Field,recover-20220825,002,1795
1527.3115,1527.3184,28906,39611,Eptesicus serotinus,0.007,0.023,-1,Echolocation,/mnt/ubna_data_01_mir/recover-20220825/UBNA_002/20220823_033000.WAV,Telephone Field,recover-20220825,002,1795
1527.3205,1527.3583,68437,81377,Rhinolophus ferrumequinum,0.038,0.038,-1,Echolocation,/mnt/ubna_data_01_mir/recover-20220825/UBNA_002/20220823_033000.WAV,Telephone Field,recover-20220825,002,1795
1527.3345,1527.3448,22031,26349,Nyctalus leisleri,0.011,0.022,-1,Echolocation,/mnt/ubna_data_01_mir/recover-20220825/UBNA_002/20220823_033000.WAV,Telephone Field,recover-20220825,002,1795
1527.3465,1527.3592,52109,56566,Pipistrellus pygmaeus,0.013,0.021,-1,Echolocation,/mnt/ubna_data_01_mir/recover-20220825/UBNA_002/20220823_033000.WAV,Telephone Field,recover-20220825,002,1795
1527.3675,1527.4088,68437,82733,Rhinolophus ferrumequinum,0.042,0.042,-1,Echolocation,/mnt/ubna_data_01_mir/recover-20220825/UBNA_002/20220823_033000.WAV,Telephone Field,recover-20220825,002,1795
1527.3755,1527.384,25468,33089,Eptesicus serotinus,0.007,0.021,-1,Echolocation,/mnt/ubna_data_01_mir/recover-20220825/UBNA_002/20220823_033000.WAV,Telephone Field,recover-20220825,002,1795
1527.3955,1527.4033,27187,39324,Eptesicus serotinus,0.007,0.022,-1,Echolocation,/mnt/ubna_data_01_mir/recover-20220825/UBNA_002/20220823_033000.WAV,Telephone Field,recover-20220825,002,1795
1527.4085,1527.4448,68437,82347,Rhinolophus ferrumequinum,0.024,0.024,-1,Echolocation,/mnt/ubna_data_01_mir/recover-20220825/UBNA_002/20220823_033000.WAV,Telephone Field,recover-20220825,002,1795
1527.4375,1527.4514,29765,34560,Eptesicus serotinus,0.02,0.038,-1,Echolocation,/mnt/ubna_data_01_mir/recover-20220825/UBNA_002/20220823_033000.WAV,Telephone Field,recover-20220825,002,1795
1527.4535,1527.4908,68437,81917,Rhinolophus ferrumequinum,0.022,0.022,-1,Echolocation,/mnt/ubna_data_01_mir/recover-20220825/UBNA_002/20220823_033000.WAV,Telephone Field,recover-20220825,002,1795
1527.4555,1527.4669,29765,37143,Eptesicus serotinus,0.012,0.027,-1,Echolocation,/mnt/ubna_data_01_mir/recover-20220825/UBNA_002/20220823_033000.WAV,Telephone Field,recover-20220825,002,1795
1527.4745,1527.5129,68437,81692,Rhinolophus ferrumequinum,0.024,0.024,-1,Echolocation,/mnt/ubna_data_01_mir/recover-20220825/UBNA_002/20220823_033000.WAV,Telephone Field,recover-20220825,002,1795
1527.4925,1527.5295,68437,82150,Rhinolophus ferrumequinum,0.022,0.022,-1,Echolocation,/mnt/ubna_data_01_mir/recover-20220825/UBNA_002/20220823_033000.WAV,Telephone Field,recover-20220825,002,1795
1527.5275,1527.5403,34062,39461,Pipistrellus nathusii,0.012,0.035,-1,Echolocation,/mnt/ubna_data_01_mir/recover-20220825/UBNA_002/20220823_033000.WAV,Telephone Field,recover-20220825,002,1795
1527.5285,1527.5379,28046,37066,Eptesicus serotinus,0.009,0.024,-1,Echolocation,/mnt/ubna_data_01_mir/recover-20220825/UBNA_002/20220823_033000.WAV,Telephone Field,recover-20220825,002,1795
1527.5735,1527.5837,22890,28467,Nyctalus leisleri,0.01,0.023,-1,Echolocation,/mnt/ubna_data_01_mir/recover-20220825/UBNA_002/20220823_033000.WAV,Telephone Field,recover-20220825,002,1795
1527.6085,1527.6181,45234,50642,Pipistrellus pipistrellus,0.02,0.023,-1,Echolocation,/mnt/ubna_data_01_mir/recover-20220825/UBNA_002/20220823_033000.WAV,Telephone Field,recover-20220825,002,1795
1527.6865,1527.7296,68437,83087,Rhinolophus ferrumequinum,0.028,0.028,-1,Echolocation,/mnt/ubna_data_01_mir/recover-20220825/UBNA_002/20220823_033000.WAV,Telephone Field,recover-20220825,002,1795
1527.7045,1527.7139,25468,32535,Eptesicus serotinus,0.008,0.022,-1,Echolocation,/mnt/ubna_data_01_mir/recover-20220825/UBNA_002/20220823_033000.WAV,Telephone Field,recover-20220825,002,1795
1527.7265,1527.7624,68437,81610,Rhinolophus ferrumequinum,0.022,0.023,-1,Echolocation,/mnt/ubna_data_01_mir/recover-20220825/UBNA_002/20220823_033000.WAV,Telephone Field,recover-20220825,002,1795
1527.7425,1527.7803,68437,82278,Rhinolophus ferrumequinum,0.022,0.022,-1,Echolocation,/mnt/ubna_data_01_mir/recover-20220825/UBNA_002/20220823_033000.WAV,Telephone Field,recover-20220825,002,1795
1527.7515,1527.766,28046,33847,Eptesicus serotinus,0.094,0.147,-1,Echolocation,/mnt/ubna_data_01_mir/recover-20220825/UBNA_002/20220823_033000.WAV,Telephone Field,recover-20220825,002,1795
1527.7545,1527.7655,44375,53403,Pipistrellus pipistrellus,0.026,0.037,-1,Echolocation,/mnt/ubna_data_01_mir/recover-20220825/UBNA_002/20220823_033000.WAV,Telephone Field,recover-20220825,002,1795
1527.7735,1527.7835,24609,31016,Nyctalus leisleri,0.007,0.022,-1,Echolocation,/mnt/ubna_data_01_mir/recover-20220825/UBNA_002/20220823_033000.WAV,Telephone Field,recover-20220825,002,1795
1527.7745,1527.8151,68437,82894,Rhinolophus ferrumequinum,0.025,0.025,-1,Echolocation,/mnt/ubna_data_01_mir/recover-20220825/UBNA_002/20220823_033000.WAV,Telephone Field,recover-20220825,002,1795
1527.7895,1527.8301,68437,83052,Rhinolophus ferrumequinum,0.025,0.025,-1,Echolocation,/mnt/ubna_data_01_mir/recover-20220825/UBNA_002/20220823_033000.WAV,Telephone Field,recover-20220825,002,1795
1527.8125,1527.848,68437,81063,Rhinolophus ferrumequinum,0.023,0.023,-1,Echolocation,/mnt/ubna_data_01_mir/recover-20220825/UBNA_002/20220823_033000.WAV,Telephone Field,recover-20220825,002,1795
1527.8195,1527.827,27187,37263,Eptesicus serotinus,0.009,0.026,-1,Echolocation,/mnt/ubna_data_01_mir/recover-20220825/UBNA_002/20220823_033000.WAV,Telephone Field,recover-20220825,002,1795
1527.8675,1527.9079,68437,82996,Rhinolophus ferrumequinum,0.03,0.03,-1,Echolocation,/mnt/ubna_data_01_mir/recover-20220825/UBNA_002/20220823_033000.WAV,Telephone Field,recover-20220825,002,1795
1527.9035,1527.94,68437,81247,Rhinolophus ferrumequinum,0.024,0.024,-1,Echolocation,/mnt/ubna_data_01_mir/recover-20220825/UBNA_002/20220823_033000.WAV,Telephone Field,recover-20220825,002,1795
1527.9315,1527.9404,51250,56003,Pipistrellus pipistrellus,0.042,0.049,-1,Echolocation,/mnt/ubna_data_01_mir/recover-20220825/UBNA_002/20220823_033000.WAV,Telephone Field,recover-20220825,002,1795
1527.9445,1527.9801,68437,81137,Rhinolophus ferrumequinum,0.021,0.021,-1,Echolocation,/mnt/ubna_data_01_mir/recover-20220825/UBNA_002/20220823_033000.WAV,Telephone Field,recover-20220825,002,1795
1527.9485,1527.9596,23750,29958,Nyctalus leisleri,0.02,0.048,-1,Echolocation,/mnt/ubna_data_01_mir/recover-20220825/UBNA_002/20220823_033000.WAV,Telephone Field,recover-20220825,002,1795
1527.9705,1527.9813,42656,46931,Pipistrellus pipistrellus,0.022,0.029,-1,Echolocation,/mnt/ubna_data_01_mir/recover-20220825/UBNA_002/20220823_033000.WAV,Telephone Field,recover-20220825,002,1795
1528.0015,1528.0366,68437,80779,Rhinolophus ferrumequinum,0.05,0.05,-1,Echolocation,/mnt/ubna_data_01_mir/recover-20220825/UBNA_002/20220823_033000.WAV,Telephone Field,recover-20220825,002,1795
1528.0015,1528.0094,26328,37400,Nyctalus leisleri,0.006,0.028,-1,Echolocation,/mnt/ubna_data_01_mir/recover-20220825/UBNA_002/20220823_033000.WAV,Telephone Field,recover-20220825,002,1795
1528.0085,1528.0536,68437,82777,Rhinolophus ferrumequinum,0.027,0.027,-1,Echolocation,/mnt/ubna_data_01_mir/recover-20220825/UBNA_002/20220823_033000.WAV,Telephone Field,recover-20220825,002,1795
1528.0365,1528.0446,23750,32626,Plecotus austriacus,0.009,0.026,-1,Echolocation,/mnt/ubna_data_01_mir/recover-20220825/UBNA_002/20220823_033000.WAV,Telephone Field,recover-20220825,002,1795
1528.0785,1528.1152,68437,81642,Rhinolophus ferrumequinum,0.022,0.022,-1,Echolocation,/mnt/ubna_data_01_mir/recover-20220825/UBNA_002/20220823_033000.WAV,Telephone Field,recover-20220825,002,1795
1528.0865,1528.1293,68437,82838,Rhinolophus ferrumequinum,0.024,0.024,-1,Echolocation,/mnt/ubna_data_01_mir/recover-20220825/UBNA_002/20220823_033000.WAV,Telephone Field,recover-20220825,002,1795
1528.1025,1528.138,68437,81797,Rhinolophus ferrumequinum,0.021,0.021,-1,Echolocation,/mnt/ubna_data_01_mir/recover-20220825/UBNA_002/20220823_033000.WAV,Telephone Field,recover-20220825,002,1795
1528.1605,1528.1985,68437,82066,Rhinolophus ferrumequinum,0.021,0.021,-1,Echolocation,/mnt/ubna_data_01_mir/recover-20220825/UBNA_002/20220823_033000.WAV,Telephone Field,recover-20220825,002,1795
1528.2005,1528.211,23750,30053,Nyctalus leisleri,0.011,0.028,-1,Echolocation,/mnt/ubna_data_01_mir/recover-20220825/UBNA_002/20220823_033000.WAV,Telephone Field,recover-20220825,002,1795
1528.2165,1528.2561,68437,82368,Rhinolophus ferrumequinum,0.022,0.022,-1,Echolocation,/mnt/ubna_data_01_mir/recover-20220825/UBNA_002/20220823_033000.WAV,Telephone Field,recover-20220825,002,1795
1528.2335,1528.2693,68437,81539,Rhinolophus ferrumequinum,0.023,0.023,-1,Echolocation,/mnt/ubna_data_01_mir/recover-20220825/UBNA_002/20220823_033000.WAV,Telephone Field,recover-20220825,002,1795
1528.2485,1528.2874,68437,83056,Rhinolophus ferrumequinum,0.026,0.026,-1,Echolocation,/mnt/ubna_data_01_mir/recover-20220825/UBNA_002/20220823_033000.WAV,Telephone Field,recover-20220825,002,1795
1528.2485,1528.2684,18593,21854,Nyctalus noctula,0.023,0.04,-1,Echolocation,/mnt/ubna_data_01_mir/recover-20220825/UBNA_002/20220823_033000.WAV,Telephone Field,recover-20220825,002,1795
1528.2585,1528.3007,68437,82696,Rhinolophus ferrumequinum,0.026,0.026,-1,Echolocation,/mnt/ubna_data_01_mir/recover-20220825/UBNA_002/20220823_033000.WAV,Telephone Field,recover-20220825,002,1795
1528.2775,1528.3174,68437,82296,Rhinolophus ferrumequinum,0.021,0.021,-1,Echolocation,/mnt/ubna_data_01_mir/recover-20220825/UBNA_002/20220823_033000.WAV,Telephone Field,recover-20220825,002,1795
1528.2825,1528.2906,47812,55647,Pipistrellus pipistrellus,0.018,0.022,-1,Echolocation,/mnt/ubna_data_01_mir/recover-20220825/UBNA_002/20220823_033000.WAV,Telephone Field,recover-20220825,002,1795
1528.2855,1528.3256,68437,82409,Rhinolophus ferrumequinum,0.022,0.022,-1,Echolocation,/mnt/ubna_data_01_mir/recover-20220825/UBNA_002/20220823_033000.WAV,Telephone Field,recover-20220825,002,1795
1528.3075,1528.3464,68437,81939,Rhinolophus ferrumequinum,0.021,0.021,-1,Echolocation,/mnt/ubna_data_01_mir/recover-20220825/UBNA_002/20220823_033000.WAV,Telephone Field,recover-20220825,002,1795
1528.3405,1528.3527,22031,26282,Nyctalus leisleri,0.013,0.023,-1,Echolocation,/mnt/ubna_data_01_mir/recover-20220825/UBNA_002/20220823_033000.WAV,Telephone Field,recover-20220825,002,1795
1528.3995,1528.4341,68437,81649,Rhinolophus ferrumequinum,0.023,0.023,-1,Echolocation,/mnt/ubna_data_01_mir/recover-20220825/UBNA_002/20220823_033000.WAV,Telephone Field,recover-20220825,002,1795
1528.4295,1528.4654,68437,81548,Rhinolophus ferrumequinum,0.022,0.023,-1,Echolocation,/mnt/ubna_data_01_mir/recover-20220825/UBNA_002/20220823_033000.WAV,Telephone Field,recover-20220825,002,1795
1528.4395,1528.4768,68437,81792,Rhinolophus ferrumequinum,0.022,0.022,-1,Echolocation,/mnt/ubna_data_01_mir/recover-20220825/UBNA_002/20220823_033000.WAV,Telephone Field,recover-20220825,002,1795
1528.4405,1528.451,22890,28854,Nyctalus leisleri,0.011,0.026,-1,Echolocation,/mnt/ubna_data_01_mir/recover-20220825/UBNA_002/20220823_033000.WAV,Telephone Field,recover-20220825,002,1795
1528.4585,1528.4992,68437,82594,Rhinolophus ferrumequinum,0.023,0.023,-1,Echolocation,/mnt/ubna_data_01_mir/recover-20220825/UBNA_002/20220823_033000.WAV,Telephone Field,recover-20220825,002,1795
1528.4725,1528.5114,68437,83001,Rhinolophus ferrumequinum,0.023,0.023,-1,Echolocation,/mnt/ubna_data_01_mir/recover-20220825/UBNA_002/20220823_033000.WAV,Telephone Field,recover-20220825,002,1795
1528.5075,1528.5167,22890,28927,Nyctalus leisleri,0.009,0.022,-1,Echolocation,/mnt/ubna_data_01_mir/recover-20220825/UBNA_002/20220823_033000.WAV,Telephone Field,recover-20220825,002,1795
1528.5315,1528.5679,68437,81434,Rhinolophus ferrumequinum,0.022,0.022,-1,Echolocation,/mnt/ubna_data_01_mir/recover-20220825/UBNA_002/20220823_033000.WAV,Telephone Field,recover-20220825,002,1795
1528.5645,1528.6012,68437,82348,Rhinolophus ferrumequinum,0.023,0.023,-1,Echolocation,/mnt/ubna_data_01_mir/recover-20220825/UBNA_002/20220823_033000.WAV,Telephone Field,recover-20220825,002,1795
1528.5665,1528.5785,14296,19934,Nyctalus noctula,0.013,0.021,-1,Echolocation,/mnt/ubna_data_01_mir/recover-20220825/UBNA_002/20220823_033000.WAV,Telephone Field,recover-20220825,002,1795
1528.5875,1528.6262,68437,81832,Rhinolophus ferrumequinum,0.023,0.023,-1,Echolocation,/mnt/ubna_data_01_mir/recover-20220825/UBNA_002/20220823_033000.WAV,Telephone Field,recover-20220825,002,1795
1528.5935,1528.6345,68437,83129,Rhinolophus ferrumequinum,0.023,0.023,-1,Echolocation,/mnt/ubna_data_01_mir/recover-20220825/UBNA_002/20220823_033000.WAV,Telephone Field,recover-20220825,002,1795
1528.6195,1528.63,22890,28029,Nyctalus leisleri,0.011,0.021,-1,Echolocation,/mnt/ubna_data_01_mir/recover-20220825/UBNA_002/20220823_033000.WAV,Telephone Field,recover-20220825,002,1795
1528.6485,1528.6644000000001,22031,26072,Nyctalus leisleri,0.028,0.046,-1,Echolocation,/mnt/ubna_data_01_mir/recover-20220825/UBNA_002/20220823_033000.WAV,Telephone Field,recover-20220825,002,1795
1528.6675,1528.7041,68437,81641,Rhinolophus ferrumequinum,0.022,0.022,-1,Echolocation,/mnt/ubna_data_01_mir/recover-20220825/UBNA_002/20220823_033000.WAV,Telephone Field,recover-20220825,002,1795
1528.6875,1528.7252,68437,82061,Rhinolophus ferrumequinum,0.026,0.026,-1,Echolocation,/mnt/ubna_data_01_mir/recover-20220825/UBNA_002/20220823_033000.WAV,Telephone Field,recover-20220825,002,1795
1528.7435,1528.7831,68437,81916,Rhinolophus ferrumequinum,0.023,0.023,-1,Echolocation,/mnt/ubna_data_01_mir/recover-20220825/UBNA_002/20220823_033000.WAV,Telephone Field,recover-20220825,002,1795
1528.7935,1528.8328,68437,82022,Rhinolophus ferrumequinum,0.022,0.022,-1,Echolocation,/mnt/ubna_data_01_mir/recover-20220825/UBNA_002/20220823_033000.WAV,Telephone Field,recover-20220825,002,1795
1528.8485,1528.8905,68437,82927,Rhinolophus ferrumequinum,0.028,0.028,-1,Echolocation,/mnt/ubna_data_01_mir/recover-20220825/UBNA_002/20220823_033000.WAV,Telephone Field,recover-20220825,002,1795
1528.8615,1528.9001,68437,82291,Rhinolophus ferrumequinum,0.023,0.023,-1,Echolocation,/mnt/ubna_data_01_mir/recover-20220825/UBNA_002/20220823_033000.WAV,Telephone Field,recover-20220825,002,1795
1528.8885,1528.9256,68437,82308,Rhinolophus ferrumequinum,0.025,0.025,-1,Echolocation,/mnt/ubna_data_01_mir/recover-20220825/UBNA_002/20220823_033000.WAV,Telephone Field,recover-20220825,002,1795
1528.9165,1528.9577,68437,82105,Rhinolophus ferrumequinum,0.024,0.024,-1,Echolocation,/mnt/ubna_data_01_mir/recover-20220825/UBNA_002/20220823_033000.WAV,Telephone Field,recover-20220825,002,1795
1528.9275,1528.9376,23750,29802,Nyctalus leisleri,0.009,0.022,-1,Echolocation,/mnt/ubna_data_01_mir/recover-20220825/UBNA_002/20220823_033000.WAV,Telephone Field,recover-20220825,002,1795
1528.9425,1528.9504,43515,57341,Pipistrellus pipistrellus,0.013,0.03,-1,Echolocation,/mnt/ubna_data_01_mir/recover-20220825/UBNA_002/20220823_033000.WAV,Telephone Field,recover-20220825,002,1795
1528.9435,1528.9496,37500,57209,Myotis brandtii,0.007,0.021,-1,Echolocation,/mnt/ubna_data_01_mir/recover-20220825/UBNA_002/20220823_033000.WAV,Telephone Field,recover-20220825,002,1795
1528.9635,1529.0038,68437,82672,Rhinolophus ferrumequinum,0.022,0.022,-1,Echolocation,/mnt/ubna_data_01_mir/recover-20220825/UBNA_002/20220823_033000.WAV,Telephone Field,recover-20220825,002,1795
1528.9855,1529.0264,68437,82481,Rhinolophus ferrumequinum,0.023,0.023,-1,Echolocation,/mnt/ubna_data_01_mir/recover-20220825/UBNA_002/20220823_033000.WAV,Telephone Field,recover-20220825,002,1795
1529.0085,1529.0189,28906,36815,Eptesicus serotinus,0.01,0.022,-1,Echolocation,/mnt/ubna_data_01_mir/recover-20220825/UBNA_002/20220823_033000.WAV,Telephone Field,recover-20220825,002,1795
1529.0155,1529.0266,28906,35364,Eptesicus serotinus,0.01,0.023,-1,Echolocation,/mnt/ubna_data_01_mir/recover-20220825/UBNA_002/20220823_033000.WAV,Telephone Field,recover-20220825,002,1795
1529.0205,1529.0633,68437,82955,Rhinolophus ferrumequinum,0.041,0.041,-1,Echolocation,/mnt/ubna_data_01_mir/recover-20220825/UBNA_002/20220823_033000.WAV,Telephone Field,recover-20220825,002,1795
1529.0225,1529.0334,22890,28592,Nyctalus leisleri,0.011,0.026,-1,Echolocation,/mnt/ubna_data_01_mir/recover-20220825/UBNA_002/20220823_033000.WAV,Telephone Field,recover-20220825,002,1795
1529.0475,1529.0528,37500,53440,Myotis brandtii,0.006,0.022,-1,Echolocation,/mnt/ubna_data_01_mir/recover-20220825/UBNA_002/20220823_033000.WAV,Telephone Field,recover-20220825,002,1795
1529.0535,1529.0655,50390,55784,Pipistrellus pipistrellus,0.024,0.03,-1,Echolocation,/mnt/ubna_data_01_mir/recover-20220825/UBNA_002/20220823_033000.WAV,Telephone Field,recover-20220825,002,1795
1529.0545,1529.0652,22890,28233,Nyctalus leisleri,0.011,0.023,-1,Echolocation,/mnt/ubna_data_01_mir/recover-20220825/UBNA_002/20220823_033000.WAV,Telephone Field,recover-20220825,002,1795
1529.0595,1529.0961,68437,80900,Rhinolophus ferrumequinum,0.031,0.031,-1,Echolocation,/mnt/ubna_data_01_mir/recover-20220825/UBNA_002/20220823_033000.WAV,Telephone Field,recover-20220825,002,1795
1529.0765,1529.0855999999999,28046,39561,Eptesicus serotinus,0.009,0.024,-1,Echolocation,/mnt/ubna_data_01_mir/recover-20220825/UBNA_002/20220823_033000.WAV,Telephone Field,recover-20220825,002,1795
1529.0955,1529.1318,68437,82284,Rhinolophus ferrumequinum,0.022,0.022,-1,Echolocation,/mnt/ubna_data_01_mir/recover-20220825/UBNA_002/20220823_033000.WAV,Telephone Field,recover-20220825,002,1795
1529.0965,1529.1075,23750,30333,Nyctalus leisleri,0.01,0.025,-1,Echolocation,/mnt/ubna_data_01_mir/recover-20220825/UBNA_002/20220823_033000.WAV,Telephone Field,recover-20220825,002,1795
1529.1175,1529.1562,68437,81857,Rhinolophus ferrumequinum,0.025,0.025,-1,Echolocation,/mnt/ubna_data_01_mir/recover-20220825/UBNA_002/20220823_033000.WAV,Telephone Field,recover-20220825,002,1795
1529.1525,1529.1959,68437,83104,Rhinolophus ferrumequinum,0.046,0.046,-1,Echolocation,/mnt/ubna_data_01_mir/recover-20220825/UBNA_002/20220823_033000.WAV,Telephone Field,recover-20220825,002,1795
1529.2015,1529.2403,68437,82604,Rhinolophus ferrumequinum,0.026,0.026,-1,Echolocation,/mnt/ubna_data_01_mir/recover-20220825/UBNA_002/20220823_033000.WAV,Telephone Field,recover-20220825,002,1795
1529.2135,1529.2481,68437,81564,Rhinolophus ferrumequinum,0.021,0.021,-1,Echolocation,/mnt/ubna_data_01_mir/recover-20220825/UBNA_002/20220823_033000.WAV,Telephone Field,recover-20220825,002,1795
1529.2245,1529.2627,68437,81778,Rhinolophus ferrumequinum,0.022,0.022,-1,Echolocation,/mnt/ubna_data_01_mir/recover-20220825/UBNA_002/20220823_033000.WAV,Telephone Field,recover-20220825,002,1795
1529.2415,1529.2799,68437,81774,Rhinolophus ferrumequinum,0.024,0.024,-1,Echolocation,/mnt/ubna_data_01_mir/recover-20220825/UBNA_002/20220823_033000.WAV,Telephone Field,recover-20220825,002,1795
1529.2615,1529.2987,68437,81590,Rhinolophus ferrumequinum,0.022,0.022,-1,Echolocation,/mnt/ubna_data_01_mir/recover-20220825/UBNA_002/20220823_033000.WAV,Telephone Field,recover-20220825,002,1795
1529.2625,1529.2718,25468,32712,Nyctalus leisleri,0.008,0.024,-1,Echolocation,/mnt/ubna_data_01_mir/recover-20220825/UBNA_002/20220823_033000.WAV,Telephone Field,recover-20220825,002,1795
1529.3125,1529.3531,68437,82237,Rhinolophus ferrumequinum,0.023,0.023,-1,Echolocation,/mnt/ubna_data_01_mir/recover-20220825/UBNA_002/20220823_033000.WAV,Telephone Field,recover-20220825,002,1795
1529.3325,1529.373,68437,82844,Rhinolophus ferrumequinum,0.029,0.029,-1,Echolocation,/mnt/ubna_data_01_mir/recover-20220825/UBNA_002/20220823_033000.WAV,Telephone Field,recover-20220825,002,1795
1529.3335,1529.3464,34062,40815,Pipistrellus nathusii,0.015,0.037,-1,Echolocation,/mnt/ubna_data_01_mir/recover-20220825/UBNA_002/20220823_033000.WAV,Telephone Field,recover-20220825,002,1795
1529.3395,1529.3492,22031,28776,Plecotus austriacus,0.009,0.027,-1,Echolocation,/mnt/ubna_data_01_mir/recover-20220825/UBNA_002/20220823_033000.WAV,Telephone Field,recover-20220825,002,1795
1529.3975,1529.4353,68437,82527,Rhinolophus ferrumequinum,0.027,0.027,-1,Echolocation,/mnt/ubna_data_01_mir/recover-20220825/UBNA_002/20220823_033000.WAV,Telephone Field,recover-20220825,002,1795
1529.4105,1529.4187,28046,39657,Eptesicus serotinus,0.008,0.023,-1,Echolocation,/mnt/ubna_data_01_mir/recover-20220825/UBNA_002/20220823_033000.WAV,Telephone Field,recover-20220825,002,1795
1529.4475,1529.4898,68437,83586,Rhinolophus ferrumequinum,0.039,0.039,-1,Echolocation,/mnt/ubna_data_01_mir/recover-20220825/UBNA_002/20220823_033000.WAV,Telephone Field,recover-20220825,002,1795
1529.4665,1529.5042,68437,82249,Rhinolophus ferrumequinum,0.022,0.022,-1,Echolocation,/mnt/ubna_data_01_mir/recover-20220825/UBNA_002/20220823_033000.WAV,Telephone Field,recover-20220825,002,1795
1529.5195,1529.5278,28906,38749,Eptesicus serotinus,0.008,0.022,-1,Echolocation,/mnt/ubna_data_01_mir/recover-20220825/UBNA_002/20220823_033000.WAV,Telephone Field,recover-20220825,002,1795
1529.5255,1529.5338,28906,40417,Eptesicus serotinus,0.007,0.021,-1,Echolocation,/mnt/ubna_data_01_mir/recover-20220825/UBNA_002/20220823_033000.WAV,Telephone Field,recover-20220825,002,1795
1529.5265,1529.566,68437,81811,Rhinolophus ferrumequinum,0.022,0.022,-1,Echolocation,/mnt/ubna_data_01_mir/recover-20220825/UBNA_002/20220823_033000.WAV,Telephone Field,recover-20220825,002,1795
1529.5535,1529.598,68437,83166,Rhinolophus ferrumequinum,0.035,0.035,-1,Echolocation,/mnt/ubna_data_01_mir/recover-20220825/UBNA_002/20220823_033000.WAV,Telephone Field,recover-20220825,002,1795
1529.5755,1529.5844,26328,34922,Eptesicus serotinus,0.01,0.022,-1,Echolocation,/mnt/ubna_data_01_mir/recover-20220825/UBNA_002/20220823_033000.WAV,Telephone Field,recover-20220825,002,1795
1529.5925,1529.6007,27187,35658,Eptesicus serotinus,0.018,0.045,-1,Echolocation,/mnt/ubna_data_01_mir/recover-20220825/UBNA_002/20220823_033000.WAV,Telephone Field,recover-20220825,002,1795
1529.6085,1529.6168,26328,37331,Eptesicus serotinus,0.009,0.023,-1,Echolocation,/mnt/ubna_data_01_mir/recover-20220825/UBNA_002/20220823_033000.WAV,Telephone Field,recover-20220825,002,1795
1529.6085,1529.6502,68437,83224,Rhinolophus ferrumequinum,0.03,0.03,-1,Echolocation,/mnt/ubna_data_01_mir/recover-20220825/UBNA_002/20220823_033000.WAV,Telephone Field,recover-20220825,002,1795
1529.6185,1529.6538,68437,81746,Rhinolophus ferrumequinum,0.023,0.023,-1,Echolocation,/mnt/ubna_data_01_mir/recover-20220825/UBNA_002/20220823_033000.WAV,Telephone Field,recover-20220825,002,1795
1529.6485,1529.6877,68437,82524,Rhinolophus ferrumequinum,0.025,0.025,-1,Echolocation,/mnt/ubna_data_01_mir/recover-20220825/UBNA_002/20220823_033000.WAV,Telephone Field,recover-20220825,002,1795
1529.6605,1529.668,49531,53682,Pipistrellus pipistrellus,0.047,0.049,-1,Echolocation,/mnt/ubna_data_01_mir/recover-20220825/UBNA_002/20220823_033000.WAV,Telephone Field,recover-20220825,002,1795
1529.6615,1529.6712,22031,27954,Plecotus austriacus,0.008,0.022,-1,Echolocation,/mnt/ubna_data_01_mir/recover-20220825/UBNA_002/20220823_033000.WAV,Telephone Field,recover-20220825,002,1795
1529.6635,1529.7017,68437,82422,Rhinolophus ferrumequinum,0.021,0.021,-1,Echolocation,/mnt/ubna_data_01_mir/recover-20220825/UBNA_002/20220823_033000.WAV,Telephone Field,recover-20220825,002,1795
1529.6865,1529.7271,68437,82284,Rhinolophus ferrumequinum,0.023,0.023,-1,Echolocation,/mnt/ubna_data_01_mir/recover-20220825/UBNA_002/20220823_033000.WAV,Telephone Field,recover-20220825,002,1795
1529.6915,1529.7314,68437,82704,Rhinolophus ferrumequinum,0.024,0.024,-1,Echolocation,/mnt/ubna_data_01_mir/recover-20220825/UBNA_002/20220823_033000.WAV,Telephone Field,recover-20220825,002,1795
1529.7025,1529.7122,24609,31338,Eptesicus serotinus,0.008,0.025,-1,Echolocation,/mnt/ubna_data_01_mir/recover-20220825/UBNA_002/20220823_033000.WAV,Telephone Field,recover-20220825,002,1795
1529.7055,1529.7426,68437,80981,Rhinolophus ferrumequinum,0.025,0.025,-1,Echolocation,/mnt/ubna_data_01_mir/recover-20220825/UBNA_002/20220823_033000.WAV,Telephone Field,recover-20220825,002,1795
1529.7265,1529.7676,68437,83164,Rhinolophus ferrumequinum,0.033,0.033,-1,Echolocation,/mnt/ubna_data_01_mir/recover-20220825/UBNA_002/20220823_033000.WAV,Telephone Field,recover-20220825,002,1795
1529.7795,1529.8223,68437,83022,Rhinolophus ferrumequinum,0.039,0.039,-1,Echolocation,/mnt/ubna_data_01_mir/recover-20220825/UBNA_002/20220823_033000.WAV,Telephone Field,recover-20220825,002,1795
1529.7925,1529.8336,68437,82554,Rhinolophus ferrumequinum,0.03,0.03,-1,Echolocation,/mnt/ubna_data_01_mir/recover-20220825/UBNA_002/20220823_033000.WAV,Telephone Field,recover-20220825,002,1795
1529.7935,1529.8049,22890,28176,Nyctalus leisleri,0.015,0.03,-1,Echolocation,/mnt/ubna_data_01_mir/recover-20220825/UBNA_002/20220823_033000.WAV,Telephone Field,recover-20220825,002,1795
1529.8165,1529.8229,23750,33889,Plecotus austriacus,0.014,0.03,-1,Echolocation,/mnt/ubna_data_01_mir/recover-20220825/UBNA_002/20220823_033000.WAV,Telephone Field,recover-20220825,002,1795
1529.8275,1529.8643,68437,82006,Rhinolophus ferrumequinum,0.025,0.025,-1,Echolocation,/mnt/ubna_data_01_mir/recover-20220825/UBNA_002/20220823_033000.WAV,Telephone Field,recover-20220825,002,1795
1529.8425,1529.8581,20312,23674,Nyctalus leisleri,0.014,0.023,-1,Echolocation,/mnt/ubna_data_01_mir/recover-20220825/UBNA_002/20220823_033000.WAV,Telephone Field,recover-20220825,002,1795
1529.8795,1529.9149,68437,81845,Rhinolophus ferrumequinum,0.024,0.024,-1,Echolocation,/mnt/ubna_data_01_mir/recover-20220825/UBNA_002/20220823_033000.WAV,Telephone Field,recover-20220825,002,1795
1529.8885,1529.8945,25468,36845,Plecotus austriacus,0.014,0.035,-1,Echolocation,/mnt/ubna_data_01_mir/recover-20220825/UBNA_002/20220823_033000.WAV,Telephone Field,recover-20220825,002,1795
1529.9055,1529.9434,68437,82218,Rhinolophus ferrumequinum,0.024,0.024,-1,Echolocation,/mnt/ubna_data_01_mir/recover-20220825/UBNA_002/20220823_033000.WAV,Telephone Field,recover-20220825,002,1795
1529.9685,1529.9747,48671,52915,Pipistrellus pipistrellus,0.021,0.022,-1,Echolocation,/mnt/ubna_data_01_mir/recover-20220825/UBNA_002/20220823_033000.WAV,Telephone Field,recover-20220825,002,1795
1530.0015,1530.0093,22031,29799,Plecotus austriacus,0.009,0.03,-1,Echolocation,/mnt/ubna_data_01_mir/recover-20220825/UBNA_002/20220823_033000.WAV,Telephone Field,recover-20220825,002,1795
1530.0015,1530.0345,69296,81337,Rhinolophus ferrumequinum,0.03,0.03,-1,Echolocation,/mnt/ubna_data_01_mir/recover-20220825/UBNA_002/20220823_033000.WAV,Telephone Field,recover-20220825,002,1795
1530.0015,1530.013,48671,52759,Pipistrellus pipistrellus,0.032,0.038,-1,Echolocation,/mnt/ubna_data_01_mir/recover-20220825/UBNA_002/20220823_033000.WAV,Telephone Field,recover-20220825,002,1795
1530.0165,1530.0273,47812,51376,Pipistrellus pipistrellus,0.048,0.051,-1,Echolocation,/mnt/ubna_data_01_mir/recover-20220825/UBNA_002/20220823_033000.WAV,Telephone Field,recover-20220825,002,1795
1530.0325,1530.0401,28906,37418,Eptesicus serotinus,0.007,0.022,-1,Echolocation,/mnt/ubna_data_01_mir/recover-20220825/UBNA_002/20220823_033000.WAV,Telephone Field,recover-20220825,002,1795
1530.0525,1530.0913,68437,81641,Rhinolophus ferrumequinum,0.025,0.025,-1,Echolocation,/mnt/ubna_data_01_mir/recover-20220825/UBNA_002/20220823_033000.WAV,Telephone Field,recover-20220825,002,1795
1530.0695,1530.1111,68437,82705,Rhinolophus ferrumequinum,0.047,0.047,-1,Echolocation,/mnt/ubna_data_01_mir/recover-20220825/UBNA_002/20220823_033000.WAV,Telephone Field,recover-20220825,002,1795
1530.1565,1530.1957,68437,82223,Rhinolophus ferrumequinum,0.023,0.023,-1,Echolocation,/mnt/ubna_data_01_mir/recover-20220825/UBNA_002/20220823_033000.WAV,Telephone Field,recover-20220825,002,1795
1530.1635,1530.199,68437,81848,Rhinolophus ferrumequinum,0.024,0.024,-1,Echolocation,/mnt/ubna_data_01_mir/recover-20220825/UBNA_002/20220823_033000.WAV,Telephone Field,recover-20220825,002,1795
1530.1825,1530.2217,68437,82008,Rhinolophus ferrumequinum,0.022,0.022,-1,Echolocation,/mnt/ubna_data_01_mir/recover-20220825/UBNA_002/20220823_033000.WAV,Telephone Field,recover-20220825,002,1795
1530.2035,1530.2114,28046,41011,Eptesicus serotinus,0.008,0.025,-1,Echolocation,/mnt/ubna_data_01_mir/recover-20220825/UBNA_002/20220823_033000.WAV,Telephone Field,recover-20220825,002,1795
1530.2075,1530.2183,22890,28548,Nyctalus leisleri,0.011,0.023,-1,Echolocation,/mnt/ubna_data_01_mir/recover-20220825/UBNA_002/20220823_033000.WAV,Telephone Field,recover-20220825,002,1795
1530.2105,1530.2521,68437,82844,Rhinolophus ferrumequinum,0.033,0.033,-1,Echolocation,/mnt/ubna_data_01_mir/recover-20220825/UBNA_002/20220823_033000.WAV,Telephone Field,recover-20220825,002,1795
1530.2515,1530.2947,68437,82659,Rhinolophus ferrumequinum,0.027,0.027,-1,Echolocation,/mnt/ubna_data_01_mir/recover-20220825/UBNA_002/20220823_033000.WAV,Telephone Field,recover-20220825,002,1795
1530.3015,1530.3381,68437,81455,Rhinolophus ferrumequinum,0.023,0.023,-1,Echolocation,/mnt/ubna_data_01_mir/recover-20220825/UBNA_002/20220823_033000.WAV,Telephone Field,recover-20220825,002,1795
1530.3095,1530.3491,68437,82009,Rhinolophus ferrumequinum,0.024,0.024,-1,Echolocation,/mnt/ubna_data_01_mir/recover-20220825/UBNA_002/20220823_033000.WAV,Telephone Field,recover-20220825,002,1795
1530.3205,1530.3279,43515,53528,Pipistrellus pipistrellus,0.016,0.022,-1,Echolocation,/mnt/ubna_data_01_mir/recover-20220825/UBNA_002/20220823_033000.WAV,Telephone Field,recover-20220825,002,1795
1530.3205,1530.3611,68437,82468,Rhinolophus ferrumequinum,0.026,0.026,-1,Echolocation,/mnt/ubna_data_01_mir/recover-20220825/UBNA_002/20220823_033000.WAV,Telephone Field,recover-20220825,002,1795
1530.3545,1530.3629,28906,38246,Eptesicus serotinus,0.008,0.022,-1,Echolocation,/mnt/ubna_data_01_mir/recover-20220825/UBNA_002/20220823_033000.WAV,Telephone Field,recover-20220825,002,1795
1530.3895,1530.3991,25468,32731,Eptesicus serotinus,0.01,0.024,-1,Echolocation,/mnt/ubna_data_01_mir/recover-20220825/UBNA_002/20220823_033000.WAV,Telephone Field,recover-20220825,002,1795
1530.4245,1530.4449,19453,22166,Nyctalus leisleri,0.012,0.023,-1,Echolocation,/mnt/ubna_data_01_mir/recover-20220825/UBNA_002/20220823_033000.WAV,Telephone Field,recover-20220825,002,1795
1530.4255,1530.463,68437,81743,Rhinolophus ferrumequinum,0.024,0.024,-1,Echolocation,/mnt/ubna_data_01_mir/recover-20220825/UBNA_002/20220823_033000.WAV,Telephone Field,recover-20220825,002,1795
1530.4505,1530.4608,28906,38076,Eptesicus serotinus,0.009,0.022,-1,Echolocation,/mnt/ubna_data_01_mir/recover-20220825/UBNA_002/20220823_033000.WAV,Telephone Field,recover-20220825,002,1795
1530.4515,1530.491,68437,83085,Rhinolophus ferrumequinum,0.027,0.027,-1,Echolocation,/mnt/ubna_data_01_mir/recover-20220825/UBNA_002/20220823_033000.WAV,Telephone Field,recover-20220825,002,1795
1530.4585,1530.4663,28046,38393,Eptesicus serotinus,0.007,0.021,-1,Echolocation,/mnt/ubna_data_01_mir/recover-20220825/UBNA_002/20220823_033000.WAV,Telephone Field,recover-20220825,002,1795
1530.4885,1530.5293,68437,82579,Rhinolophus ferrumequinum,0.022,0.022,-1,Echolocation,/mnt/ubna_data_01_mir/recover-20220825/UBNA_002/20220823_033000.WAV,Telephone Field,recover-20220825,002,1795
1530.5125,1530.5515,68437,82091,Rhinolophus ferrumequinum,0.033,0.033,-1,Echolocation,/mnt/ubna_data_01_mir/recover-20220825/UBNA_002/20220823_033000.WAV,Telephone Field,recover-20220825,002,1795
1530.5215,1530.5321,23750,30075,Nyctalus leisleri,0.012,0.029,-1,Echolocation,/mnt/ubna_data_01_mir/recover-20220825/UBNA_002/20220823_033000.WAV,Telephone Field,recover-20220825,002,1795
1530.5375,1530.5748,68437,81751,Rhinolophus ferrumequinum,0.022,0.022,-1,Echolocation,/mnt/ubna_data_01_mir/recover-20220825/UBNA_002/20220823_033000.WAV,Telephone Field,recover-20220825,002,1795
1530.5565,1530.5966,68437,83021,Rhinolophus ferrumequinum,0.024,0.024,-1,Echolocation,/mnt/ubna_data_01_mir/recover-20220825/UBNA_002/20220823_033000.WAV,Telephone Field,recover-20220825,002,1795
1530.5625,1530.5721,28906,37976,Eptesicus serotinus,0.011,0.025,-1,Echolocation,/mnt/ubna_data_01_mir/recover-20220825/UBNA_002/20220823_033000.WAV,Telephone Field,recover-20220825,002,1795
1530.5795,1530.5892,43515,50784,Pipistrellus pipistrellus,0.018,0.022,-1,Echolocation,/mnt/ubna_data_01_mir/recover-20220825/UBNA_002/20220823_033000.WAV,Telephone Field,recover-20220825,002,1795
1530.5855,1530.6222,68437,81691,Rhinolophus ferrumequinum,0.023,0.023,-1,Echolocation,/mnt/ubna_data_01_mir/recover-20220825/UBNA_002/20220823_033000.WAV,Telephone Field,recover-20220825,002,1795
1530.6035,1530.6473,68437,83606,Rhinolophus ferrumequinum,0.033,0.033,-1,Echolocation,/mnt/ubna_data_01_mir/recover-20220825/UBNA_002/20220823_033000.WAV,Telephone Field,recover-20220825,002,1795
1530.6345,1530.6728,68437,81766,Rhinolophus ferrumequinum,0.026,0.026,-1,Echolocation,/mnt/ubna_data_01_mir/recover-20220825/UBNA_002/20220823_033000.WAV,Telephone Field,recover-20220825,002,1795
1530.6595,1530.6686,24609,33207,Nyctalus leisleri,0.013,0.039,-1,Echolocation,/mnt/ubna_data_01_mir/recover-20220825/UBNA_002/20220823_033000.WAV,Telephone Field,recover-20220825,002,1795
1530.7325,1530.77,68437,82215,Rhinolophus ferrumequinum,0.022,0.022,-1,Echolocation,/mnt/ubna_data_01_mir/recover-20220825/UBNA_002/20220823_033000.WAV,Telephone Field,recover-20220825,002,1795
1530.7645,1530.8022,68437,81115,Rhinolophus ferrumequinum,0.022,0.022,-1,Echolocation,/mnt/ubna_data_01_mir/recover-20220825/UBNA_002/20220823_033000.WAV,Telephone Field,recover-20220825,002,1795
1530.7925,1530.798,26328,37460,Plecotus auritus,0.02,0.055,-1,Echolocation,/mnt/ubna_data_01_mir/recover-20220825/UBNA_002/20220823_033000.WAV,Telephone Field,recover-20220825,002,1795
1530.8225,1530.8319,22890,29821,Plecotus austriacus,0.01,0.029,-1,Echolocation,/mnt/ubna_data_01_mir/recover-20220825/UBNA_002/20220823_033000.WAV,Telephone Field,recover-20220825,002,1795
1530.8375,1530.8742,68437,81043,Rhinolophus ferrumequinum,0.022,0.022,-1,Echolocation,/mnt/ubna_data_01_mir/recover-20220825/UBNA_002/20220823_033000.WAV,Telephone Field,recover-20220825,002,1795
1530.8515,1530.8596,28046,38683,Eptesicus serotinus,0.008,0.023,-1,Echolocation,/mnt/ubna_data_01_mir/recover-20220825/UBNA_002/20220823_033000.WAV,Telephone Field,recover-20220825,002,1795
1530.8705,1530.881,22890,27466,Nyctalus leisleri,0.012,0.023,-1,Echolocation,/mnt/ubna_data_01_mir/recover-20220825/UBNA_002/20220823_033000.WAV,Telephone Field,recover-20220825,002,1795
1530.8915,1530.9307,68437,82947,Rhinolophus ferrumequinum,0.028,0.028,-1,Echolocation,/mnt/ubna_data_01_mir/recover-20220825/UBNA_002/20220823_033000.WAV,Telephone Field,recover-20220825,002,1795
1530.9085,1530.9447,68437,81674,Rhinolophus ferrumequinum,0.031,0.031,-1,Echolocation,/mnt/ubna_data_01_mir/recover-20220825/UBNA_002/20220823_033000.WAV,Telephone Field,recover-20220825,002,1795
1530.9375,1530.9795,68437,82918,Rhinolophus ferrumequinum,0.03,0.03,-1,Echolocation,/mnt/ubna_data_01_mir/recover-20220825/UBNA_002/20220823_033000.WAV,Telephone Field,recover-20220825,002,1795
1530.9395,1530.9525,23750,28722,Nyctalus leisleri,0.021,0.04,-1,Echolocation,/mnt/ubna_data_01_mir/recover-20220825/UBNA_002/20220823_033000.WAV,Telephone Field,recover-20220825,002,1795
1530.9625,1531.0027,68437,82644,Rhinolophus ferrumequinum,0.025,0.025,-1,Echolocation,/mnt/ubna_data_01_mir/recover-20220825/UBNA_002/20220823_033000.WAV,Telephone Field,recover-20220825,002,1795
1531.0085,1531.0158,23750,32998,Plecotus austriacus,0.018,0.036,-1,Echolocation,/mnt/ubna_data_01_mir/recover-20220825/UBNA_002/20220823_033000.WAV,Telephone Field,recover-20220825,002,1795
1531.0175,1531.0256,48671,55364,Pipistrellus pipistrellus,0.022,0.025,-1,Echolocation,/mnt/ubna_data_01_mir/recover-20220825/UBNA_002/20220823_033000.WAV,Telephone Field,recover-20220825,002,1795
1531.0185,1531.0622,68437,83409,Rhinolophus ferrumequinum,0.036,0.036,-1,Echolocation,/mnt/ubna_data_01_mir/recover-20220825/UBNA_002/20220823_033000.WAV,Telephone Field,recover-20220825,002,1795
1531.0475,1531.0873,68437,82706,Rhinolophus ferrumequinum,0.035,0.035,-1,Echolocation,/mnt/ubna_data_01_mir/recover-20220825/UBNA_002/20220823_033000.WAV,Telephone Field,recover-20220825,002,1795
1531.0765,1531.0857,22890,29868,Plecotus austriacus,0.008,0.023,-1,Echolocation,/mnt/ubna_data_01_mir/recover-20220825/UBNA_002/20220823_033000.WAV,Telephone Field,recover-20220825,002,1795
1531.0775,1531.1155,68437,82436,Rhinolophus ferrumequinum,0.023,0.023,-1,Echolocation,/mnt/ubna_data_01_mir/recover-20220825/UBNA_002/20220823_033000.WAV,Telephone Field,recover-20220825,002,1795
1531.1025,1531.1432,68437,82199,Rhinolophus ferrumequinum,0.027,0.028,-1,Echolocation,/mnt/ubna_data_01_mir/recover-20220825/UBNA_002/20220823_033000.WAV,Telephone Field,recover-20220825,002,1795
1531.1055,1531.1178,26328,32495,Eptesicus serotinus,0.017,0.036,-1,Echolocation,/mnt/ubna_data_01_mir/recover-20220825/UBNA_002/20220823_033000.WAV,Telephone Field,recover-20220825,002,1795
1531.1245,1531.1647,68437,82704,Rhinolophus ferrumequinum,0.028,0.028,-1,Echolocation,/mnt/ubna_data_01_mir/recover-20220825/UBNA_002/20220823_033000.WAV,Telephone Field,recover-20220825,002,1795
1531.1605,1531.1698,28906,37778,Eptesicus serotinus,0.011,0.027,-1,Echolocation,/mnt/ubna_data_01_mir/recover-20220825/UBNA_002/20220823_033000.WAV,Telephone Field,recover-20220825,002,1795
1531.1875,1531.2251,68437,81958,Rhinolophus ferrumequinum,0.022,0.022,-1,Echolocation,/mnt/ubna_data_01_mir/recover-20220825/UBNA_002/20220823_033000.WAV,Telephone Field,recover-20220825,002,1795
1531.1915,1531.2014,25468,33212,Eptesicus serotinus,0.011,0.026,-1,Echolocation,/mnt/ubna_data_01_mir/recover-20220825/UBNA_002/20220823_033000.WAV,Telephone Field,recover-20220825,002,1795
1531.2055,1531.2123,24609,33772,Plecotus austriacus,0.01,0.025,-1,Echolocation,/mnt/ubna_data_01_mir/recover-20220825/UBNA_002/20220823_033000.WAV,Telephone Field,recover-20220825,002,1795
1531.2125,1531.2497,68437,81490,Rhinolophus ferrumequinum,0.03,0.03,-1,Echolocation,/mnt/ubna_data_01_mir/recover-20220825/UBNA_002/20220823_033000.WAV,Telephone Field,recover-20220825,002,1795
1531.2305,1531.2703,68437,82830,Rhinolophus ferrumequinum,0.024,0.024,-1,Echolocation,/mnt/ubna_data_01_mir/recover-20220825/UBNA_002/20220823_033000.WAV,Telephone Field,recover-20220825,002,1795
1531.2625,1531.2718,21171,27094,Plecotus austriacus,0.01,0.024,-1,Echolocation,/mnt/ubna_data_01_mir/recover-20220825/UBNA_002/20220823_033000.WAV,Telephone Field,recover-20220825,002,1795
1531.2755,1531.3149,68437,82372,Rhinolophus ferrumequinum,0.022,0.022,-1,Echolocation,/mnt/ubna_data_01_mir/recover-20220825/UBNA_002/20220823_033000.WAV,Telephone Field,recover-20220825,002,1795
1531.2975,1531.3327,68437,80674,Rhinolophus ferrumequinum,0.024,0.024,-1,Echolocation,/mnt/ubna_data_01_mir/recover-20220825/UBNA_002/20220823_033000.WAV,Telephone Field,recover-20220825,002,1795
1531.3485,1531.3578,24609,32478,Nyctalus leisleri,0.008,0.024,-1,Echolocation,/mnt/ubna_data_01_mir/recover-20220825/UBNA_002/20220823_033000.WAV,Telephone Field,recover-20220825,002,1795
1531.3555,1531.3939,68437,82543,Rhinolophus ferrumequinum,0.022,0.022,-1,Echolocation,/mnt/ubna_data_01_mir/recover-20220825/UBNA_002/20220823_033000.WAV,Telephone Field,recover-20220825,002,1795
1531.3705,1531.3781,42656,51049,Pipistrellus pipistrellus,0.029,0.038,-1,Echolocation,/mnt/ubna_data_01_mir/recover-20220825/UBNA_002/20220823_033000.WAV,Telephone Field,recover-20220825,002,1795
1531.3875,1531.4277,68437,81952,Rhinolophus ferrumequinum,0.023,0.023,-1,Echolocation,/mnt/ubna_data_01_mir/recover-20220825/UBNA_002/20220823_033000.WAV,Telephone Field,recover-20220825,002,1795
1531.4155,1531.4584,68437,83007,Rhinolophus ferrumequinum,0.023,0.023,-1,Echolocation,/mnt/ubna_data_01_mir/recover-20220825/UBNA_002/20220823_033000.WAV,Telephone Field,recover-20220825,002,1795
1531.4165,1531.4252,51250,57432,Pipistrellus pipistrellus,0.021,0.026,-1,Echolocation,/mnt/ubna_data_01_mir/recover-20220825/UBNA_002/20220823_033000.WAV,Telephone Field,recover-20220825,002,1795
1531.4385,1531.4576,16015,20189,Nyctalus noctula,0.052,0.07,-1,Echolocation,/mnt/ubna_data_01_mir/recover-20220825/UBNA_002/20220823_033000.WAV,Telephone Field,recover-20220825,002,1795
1531.4545,1531.4906,68437,81895,Rhinolophus ferrumequinum,0.022,0.022,-1,Echolocation,/mnt/ubna_data_01_mir/recover-20220825/UBNA_002/20220823_033000.WAV,Telephone Field,recover-20220825,002,1795
1531.4715,1531.5145,68437,83035,Rhinolophus ferrumequinum,0.034,0.034,-1,Echolocation,/mnt/ubna_data_01_mir/recover-20220825/UBNA_002/20220823_033000.WAV,Telephone Field,recover-20220825,002,1795
1531.5065,1531.5168,23750,30104,Nyctalus leisleri,0.009,0.022,-1,Echolocation,/mnt/ubna_data_01_mir/recover-20220825/UBNA_002/20220823_033000.WAV,Telephone Field,recover-20220825,002,1795
1531.5095,1531.549,68437,82858,Rhinolophus ferrumequinum,0.025,0.025,-1,Echolocation,/mnt/ubna_data_01_mir/recover-20220825/UBNA_002/20220823_033000.WAV,Telephone Field,recover-20220825,002,1795
1531.5305,1531.57,68437,81644,Rhinolophus ferrumequinum,0.022,0.022,-1,Echolocation,/mnt/ubna_data_01_mir/recover-20220825/UBNA_002/20220823_033000.WAV,Telephone Field,recover-20220825,002,1795
1531.5335,1531.5415,28906,39607,Eptesicus serotinus,0.007,0.023,-1,Echolocation,/mnt/ubna_data_01_mir/recover-20220825/UBNA_002/20220823_033000.WAV,Telephone Field,recover-20220825,002,1795
1531.5375,1531.5757,68437,82123,Rhinolophus ferrumequinum,0.023,0.023,-1,Echolocation,/mnt/ubna_data_01_mir/recover-20220825/UBNA_002/20220823_033000.WAV,Telephone Field,recover-20220825,002,1795
1531.5605,1531.5786,16015,20770,Nyctalus noctula,0.023,0.031,-1,Echolocation,/mnt/ubna_data_01_mir/recover-20220825/UBNA_002/20220823_033000.WAV,Telephone Field,recover-20220825,002,1795
1531.5625,1531.6004,68437,81449,Rhinolophus ferrumequinum,0.022,0.022,-1,Echolocation,/mnt/ubna_data_01_mir/recover-20220825/UBNA_002/20220823_033000.WAV,Telephone Field,recover-20220825,002,1795
1531.5735,1531.6139,68437,82400,Rhinolophus ferrumequinum,0.025,0.025,-1,Echolocation,/mnt/ubna_data_01_mir/recover-20220825/UBNA_002/20220823_033000.WAV,Telephone Field,recover-20220825,002,1795
1531.5915,1531.5998,22890,30789,Plecotus austriacus,0.011,0.023,-1,Echolocation,/mnt/ubna_data_01_mir/recover-20220825/UBNA_002/20220823_033000.WAV,Telephone Field,recover-20220825,002,1795
1531.6125,1531.6503,68437,81477,Rhinolophus ferrumequinum,0.023,0.023,-1,Echolocation,/mnt/ubna_data_01_mir/recover-20220825/UBNA_002/20220823_033000.WAV,Telephone Field,recover-20220825,002,1795
1531.6435,1531.6848,68437,82905,Rhinolophus ferrumequinum,0.028,0.028,-1,Echolocation,/mnt/ubna_data_01_mir/recover-20220825/UBNA_002/20220823_033000.WAV,Telephone Field,recover-20220825,002,1795
1531.6705,1531.7087,68437,81684,Rhinolophus ferrumequinum,0.023,0.023,-1,Echolocation,/mnt/ubna_data_01_mir/recover-20220825/UBNA_002/20220823_033000.WAV,Telephone Field,recover-20220825,002,1795
1531.7185,1531.7574,68437,81951,Rhinolophus ferrumequinum,0.023,0.023,-1,Echolocation,/mnt/ubna_data_01_mir/recover-20220825/UBNA_002/20220823_033000.WAV,Telephone Field,recover-20220825,002,1795
1531.7245,1531.7624,68437,81939,Rhinolophus ferrumequinum,0.022,0.022,-1,Echolocation,/mnt/ubna_data_01_mir/recover-20220825/UBNA_002/20220823_033000.WAV,Telephone Field,recover-20220825,002,1795
1531.7725,1531.8113,68437,82189,Rhinolophus ferrumequinum,0.022,0.022,-1,Echolocation,/mnt/ubna_data_01_mir/recover-20220825/UBNA_002/20220823_033000.WAV,Telephone Field,recover-20220825,002,1795
1531.7765,1531.7845,28046,38939,Eptesicus serotinus,0.008,0.025,-1,Echolocation,/mnt/ubna_data_01_mir/recover-20220825/UBNA_002/20220823_033000.WAV,Telephone Field,recover-20220825,002,1795
1531.8115,1531.8509,68437,82728,Rhinolophus ferrumequinum,0.026,0.026,-1,Echolocation,/mnt/ubna_data_01_mir/recover-20220825/UBNA_002/20220823_033000.WAV,Telephone Field,recover-20220825,002,1795
1531.8125,1531.8235,22890,28410,Nyctalus leisleri,0.012,0.028,-1,Echolocation,/mnt/ubna_data_01_mir/recover-20220825/UBNA_002/20220823_033000.WAV,Telephone Field,recover-20220825,002,1795
1531.8215,1531.8607,68437,81981,Rhinolophus ferrumequinum,0.022,0.022,-1,Echolocation,/mnt/ubna_data_01_mir/recover-20220825/UBNA_002/20220823_033000.WAV,Telephone Field,recover-20220825,002,1795
1531.8385,1531.879,68437,82171,Rhinolophus ferrumequinum,0.022,0.022,-1,Echolocation,/mnt/ubna_data_01_mir/recover-20220825/UBNA_002/20220823_033000.WAV,Telephone Field,recover-20220825,002,1795
1531.8445,1531.8522,48671,57991,Pipistrellus pipistrellus,0.022,0.026,-1,Echolocation,/mnt/ubna_data_01_mir/recover-20220825/UBNA_002/20220823_033000.WAV,Telephone Field,recover-20220825,002,1795
1531.8705,1531.8784,28046,39840,Eptesicus serotinus,0.007,0.023,-1,Echolocation,/mnt/ubna_data_01_mir/recover-20220825/UBNA_002/20220823_033000.WAV,Telephone Field,recover-20220825,002,1795
1531.8895,1531.9315,68437,82812,Rhinolophus ferrumequinum,0.026,0.026,-1,Echolocation,/mnt/ubna_data_01_mir/recover-20220825/UBNA_002/20220823_033000.WAV,Telephone Field,recover-20220825,002,1795
1531.8895,1531.9036,53828,58242,Pipistrellus pygmaeus,0.021,0.024,-1,Echolocation,/mnt/ubna_data_01_mir/recover-20220825/UBNA_002/20220823_033000.WAV,Telephone Field,recover-20220825,002,1795
1531.9125,1531.9191,23750,32811,Plecotus austriacus,0.012,0.025,-1,Echolocation,/mnt/ubna_data_01_mir/recover-20220825/UBNA_002/20220823_033000.WAV,Telephone Field,recover-20220825,002,1795
1531.9305,1531.9722,68437,82430,Rhinolophus ferrumequinum,0.024,0.024,-1,Echolocation,/mnt/ubna_data_01_mir/recover-20220825/UBNA_002/20220823_033000.WAV,Telephone Field,recover-20220825,002,1795
1531.9455,1531.9672,19453,22251,Nyctalus leisleri,0.011,0.022,-1,Echolocation,/mnt/ubna_data_01_mir/recover-20220825/UBNA_002/20220823_033000.WAV,Telephone Field,recover-20220825,002,1795
1531.9615,1531.9723,23750,29272,Nyctalus leisleri,0.012,0.025,-1,Echolocation,/mnt/ubna_data_01_mir/recover-20220825/UBNA_002/20220823_033000.WAV,Telephone Field,recover-20220825,002,1795
1531.9745,1531.9842,38359,45965,Myotis daubentonii,0.005,0.021,-1,Echolocation,/mnt/ubna_data_01_mir/recover-20220825/UBNA_002/20220823_033000.WAV,Telephone Field,recover-20220825,002,1795
1532.0015,1532.0107,22031,27918,Nyctalus leisleri,0.011,0.027,-1,Echolocation,/mnt/ubna_data_01_mir/recover-20220825/UBNA_002/20220823_033000.WAV,Telephone Field,recover-20220825,002,1795
1532.0015,1532.0382,68437,81101,Rhinolophus ferrumequinum,0.042,0.043,-1,Echolocation,/mnt/ubna_data_01_mir/recover-20220825/UBNA_002/20220823_033000.WAV,Telephone Field,recover-20220825,002,1795
1532.0015,1532.0114,29765,37869,Eptesicus serotinus,0.009,0.028,-1,Echolocation,/mnt/ubna_data_01_mir/recover-20220825/UBNA_002/20220823_033000.WAV,Telephone Field,recover-20220825,002,1795
1532.0015,1532.0091,47812,52978,Pipistrellus pipistrellus,0.017,0.022,-1,Echolocation,/mnt/ubna_data_01_mir/recover-20220825/UBNA_002/20220823_033000.WAV,Telephone Field,recover-20220825,002,1795
1532.0075,1532.0547,68437,82281,Rhinolophus ferrumequinum,0.025,0.025,-1,Echolocation,/mnt/ubna_data_01_mir/recover-20220825/UBNA_002/20220823_033000.WAV,Telephone Field,recover-20220825,002,1795
1532.0315,1532.041,25468,32727,Eptesicus serotinus,0.011,0.029,-1,Echolocation,/mnt/ubna_data_01_mir/recover-20220825/UBNA_002/20220823_033000.WAV,Telephone Field,recover-20220825,002,1795
1532.0705,1532.0793,27187,36446,Eptesicus serotinus,0.01,0.023,-1,Echolocation,/mnt/ubna_data_01_mir/recover-20220825/UBNA_002/20220823_033000.WAV,Telephone Field,recover-20220825,002,1795
1532.0805,1532.1248,68437,83530,Rhinolophus ferrumequinum,0.03,0.03,-1,Echolocation,/mnt/ubna_data_01_mir/recover-20220825/UBNA_002/20220823_033000.WAV,Telephone Field,recover-20220825,002,1795
1532.1165,1532.1276,23750,29701,Nyctalus leisleri,0.01,0.023,-1,Echolocation,/mnt/ubna_data_01_mir/recover-20220825/UBNA_002/20220823_033000.WAV,Telephone Field,recover-20220825,002,1795
1532.1285,1532.1437,25468,30649,Nyctalus leisleri,0.014,0.032,-1,Echolocation,/mnt/ubna_data_01_mir/recover-20220825/UBNA_002/20220823_033000.WAV,Telephone Field,recover-20220825,002,1795
1532.1835,1532.1913,28046,38445,Eptesicus serotinus,0.007,0.022,-1,Echolocation,/mnt/ubna_data_01_mir/recover-20220825/UBNA_002/20220823_033000.WAV,Telephone Field,recover-20220825,002,1795
1532.2025,1532.237,68437,81706,Rhinolophus ferrumequinum,0.023,0.023,-1,Echolocation,/mnt/ubna_data_01_mir/recover-20220825/UBNA_002/20220823_033000.WAV,Telephone Field,recover-20220825,002,1795
1532.2145,1532.2302,22890,26164,Nyctalus leisleri,0.023,0.037,-1,Echolocation,/mnt/ubna_data_01_mir/recover-20220825/UBNA_002/20220823_033000.WAV,Telephone Field,recover-20220825,002,1795
1532.2485,1532.2582,25468,32561,Eptesicus serotinus,0.008,0.024,-1,Echolocation,/mnt/ubna_data_01_mir/recover-20220825/UBNA_002/20220823_033000.WAV,Telephone Field,recover-20220825,002,1795
1532.2615,1532.3017,68437,82685,Rhinolophus ferrumequinum,0.026,0.026,-1,Echolocation,/mnt/ubna_data_01_mir/recover-20220825/UBNA_002/20220823_033000.WAV,Telephone Field,recover-20220825,002,1795
1532.2685,1532.3087,68437,82976,Rhinolophus ferrumequinum,0.025,0.025,-1,Echolocation,/mnt/ubna_data_01_mir/recover-20220825/UBNA_002/20220823_033000.WAV,Telephone Field,recover-20220825,002,1795
1532.2875,1532.3287,68437,82531,Rhinolophus ferrumequinum,0.024,0.024,-1,Echolocation,/mnt/ubna_data_01_mir/recover-20220825/UBNA_002/20220823_033000.WAV,Telephone Field,recover-20220825,002,1795
1532.2925,1532.3009,26328,36411,Eptesicus serotinus,0.007,0.025,-1,Echolocation,/mnt/ubna_data_01_mir/recover-20220825/UBNA_002/20220823_033000.WAV,Telephone Field,recover-20220825,002,1795
1532.3225,1532.3387,23750,29715,Nyctalus leisleri,0.019,0.038,-1,Echolocation,/mnt/ubna_data_01_mir/recover-20220825/UBNA_002/20220823_033000.WAV,Telephone Field,recover-20220825,002,1795
1532.3515,1532.358,35781,55600,Myotis daubentonii,0.009,0.022,-1,Echolocation,/mnt/ubna_data_01_mir/recover-20220825/UBNA_002/20220823_033000.WAV,Telephone Field,recover-20220825,002,1795
1532.3865,1532.3946,28046,36589,Eptesicus serotinus,0.009,0.032,-1,Echolocation,/mnt/ubna_data_01_mir/recover-20220825/UBNA_002/20220823_033000.WAV,Telephone Field,recover-20220825,002,1795
1532.4055,1532.4124,23750,32548,Plecotus austriacus,0.009,0.022,-1,Echolocation,/mnt/ubna_data_01_mir/recover-20220825/UBNA_002/20220823_033000.WAV,Telephone Field,recover-20220825,002,1795
1532.4435,1532.4521,28046,39075,Eptesicus serotinus,0.009,0.025,-1,Echolocation,/mnt/ubna_data_01_mir/recover-20220825/UBNA_002/20220823_033000.WAV,Telephone Field,recover-20220825,002,1795
1532.4855,1532.5263,68437,82607,Rhinolophus ferrumequinum,0.024,0.024,-1,Echolocation,/mnt/ubna_data_01_mir/recover-20220825/UBNA_002/20220823_033000.WAV,Telephone Field,recover-20220825,002,1795
1532.4895,1532.4991,28046,39867,Eptesicus serotinus,0.009,0.024,-1,Echolocation,/mnt/ubna_data_01_mir/recover-20220825/UBNA_002/20220823_033000.WAV,Telephone Field,recover-20220825,002,1795
1532.4955,1532.5063,28046,36046,Eptesicus serotinus,0.011,0.025,-1,Echolocation,/mnt/ubna_data_01_mir/recover-20220825/UBNA_002/20220823_033000.WAV,Telephone Field,recover-20220825,002,1795
1532.5235,1532.5606,68437,81794,Rhinolophus ferrumequinum,0.022,0.022,-1,Echolocation,/mnt/ubna_data_01_mir/recover-20220825/UBNA_002/20220823_033000.WAV,Telephone Field,recover-20220825,002,1795
1532.6185,1532.6521,68437,81680,Rhinolophus ferrumequinum,0.023,0.023,-1,Echolocation,/mnt/ubna_data_01_mir/recover-20220825/UBNA_002/20220823_033000.WAV,Telephone Field,recover-20220825,002,1795
1532.6225,1532.6325,21171,26472,Nyctalus leisleri,0.009,0.024,-1,Echolocation,/mnt/ubna_data_01_mir/recover-20220825/UBNA_002/20220823_033000.WAV,Telephone Field,recover-20220825,002,1795
1532.6385,1532.647,28046,40045,Eptesicus serotinus,0.008,0.023,-1,Echolocation,/mnt/ubna_data_01_mir/recover-20220825/UBNA_002/20220823_033000.WAV,Telephone Field,recover-20220825,002,1795
1532.6635,1532.6714,24609,33322,Plecotus austriacus,0.007,0.023,-1,Echolocation,/mnt/ubna_data_01_mir/recover-20220825/UBNA_002/20220823_033000.WAV,Telephone Field,recover-20220825,002,1795
1532.7085,1532.7461,68437,82189,Rhinolophus ferrumequinum,0.023,0.023,-1,Echolocation,/mnt/ubna_data_01_mir/recover-20220825/UBNA_002/20220823_033000.WAV,Telephone Field,recover-20220825,002,1795
1532.7495,1532.7869,68437,82168,Rhinolophus ferrumequinum,0.025,0.025,-1,Echolocation,/mnt/ubna_data_01_mir/recover-20220825/UBNA_002/20220823_033000.WAV,Telephone Field,recover-20220825,002,1795
1532.7575,1532.7674,46093,52371,Pipistrellus pipistrellus,0.022,0.024,-1,Echolocation,/mnt/ubna_data_01_mir/recover-20220825/UBNA_002/20220823_033000.WAV,Telephone Field,recover-20220825,002,1795
1532.7605,1532.7674,23750,34490,Plecotus austriacus,0.01,0.026,-1,Echolocation,/mnt/ubna_data_01_mir/recover-20220825/UBNA_002/20220823_033000.WAV,Telephone Field,recover-20220825,002,1795
1532.8005,1532.8398,68437,81922,Rhinolophus ferrumequinum,0.027,0.027,-1,Echolocation,/mnt/ubna_data_01_mir/recover-20220825/UBNA_002/20220823_033000.WAV,Telephone Field,recover-20220825,002,1795
1532.8055,1532.8172,22031,25983,Nyctalus leisleri,0.013,0.023,-1,Echolocation,/mnt/ubna_data_01_mir/recover-20220825/UBNA_002/20220823_033000.WAV,Telephone Field,recover-20220825,002,1795
1532.8435,1532.8802,68437,81814,Rhinolophus ferrumequinum,0.023,0.023,-1,Echolocation,/mnt/ubna_data_01_mir/recover-20220825/UBNA_002/20220823_033000.WAV,Telephone Field,recover-20220825,002,1795
1532.9215,1532.9587,68437,82107,Rhinolophus ferrumequinum,0.026,0.026,-1,Echolocation,/mnt/ubna_data_01_mir/recover-20220825/UBNA_002/20220823_033000.WAV,Telephone Field,recover-20220825,002,1795
1532.9465,1532.9868,68437,82020,Rhinolophus ferrumequinum,0.026,0.026,-1,Echolocation,/mnt/ubna_data_01_mir/recover-20220825/UBNA_002/20220823_033000.WAV,Telephone Field,recover-20220825,002,1795
1532.9535,1532.9607,27187,39233,Eptesicus serotinus,0.007,0.022,-1,Echolocation,/mnt/ubna_data_01_mir/recover-20220825/UBNA_002/20220823_033000.WAV,Telephone Field,recover-20220825,002,1795
1532.9985,1533.0361,68437,82264,Rhinolophus ferrumequinum,0.023,0.023,-1,Echolocation,/mnt/ubna_data_01_mir/recover-20220825/UBNA_002/20220823_033000.WAV,Telephone Field,recover-20220825,002,1795
1533.0335,1533.0725,68437,82124,Rhinolophus ferrumequinum,0.042,0.042,-1,Echolocation,/mnt/ubna_data_01_mir/recover-20220825/UBNA_002/20220823_033000.WAV,Telephone Field,recover-20220825,002,1795
1533.0435,1533.0498,23750,36129,Plecotus austriacus,0.01,0.025,-1,Echolocation,/mnt/ubna_data_01_mir/recover-20220825/UBNA_002/20220823_033000.WAV,Telephone Field,recover-20220825,002,1795
1533.0775,1533.1165,68437,82664,Rhinolophus ferrumequinum,0.023,0.023,-1,Echolocation,/mnt/ubna_data_01_mir/recover-20220825/UBNA_002/20220823_033000.WAV,Telephone Field,recover-20220825,002,1795
1533.0955,1533.1057,22890,28606,Nyctalus leisleri,0.009,0.022,-1,Echolocation,/mnt/ubna_data_01_mir/recover-20220825/UBNA_002/20220823_033000.WAV,Telephone Field,recover-20220825,002,1795
1533.1405,1533.1523,55546,60516,Pipistrellus pygmaeus,0.023,0.024,-1,Echolocation,/mnt/ubna_data_01_mir/recover-20220825/UBNA_002/20220823_033000.WAV,Telephone Field,recover-20220825,002,1795
1533.1415,1533.1824,68437,82479,Rhinolophus ferrumequinum,0.022,0.022,-1,Echolocation,/mnt/ubna_data_01_mir/recover-20220825/UBNA_002/20220823_033000.WAV,Telephone Field,recover-20220825,002,1795
1533.1935,1533.2325,68437,82201,Rhinolophus ferrumequinum,0.024,0.024,-1,Echolocation,/mnt/ubna_data_01_mir/recover-20220825/UBNA_002/20220823_033000.WAV,Telephone Field,recover-20220825,002,1795
1533.2225,1533.2293,29765,39369,Myotis daubentonii,0.007,0.023,-1,Echolocation,/mnt/ubna_data_01_mir/recover-20220825/UBNA_002/20220823_033000.WAV,Telephone Field,recover-20220825,002,1795
1533.2575,1533.268,22890,28580,Nyctalus leisleri,0.009,0.024,-1,Echolocation,/mnt/ubna_data_01_mir/recover-20220825/UBNA_002/20220823_033000.WAV,Telephone Field,recover-20220825,002,1795
1533.2685,1533.279,28046,36015,Eptesicus serotinus,0.015,0.029,-1,Echolocation,/mnt/ubna_data_01_mir/recover-20220825/UBNA_002/20220823_033000.WAV,Telephone Field,recover-20220825,002,1795
1533.3165,1533.3273,23750,29489,Nyctalus leisleri,0.011,0.024,-1,Echolocation,/mnt/ubna_data_01_mir/recover-20220825/UBNA_002/20220823_033000.WAV,Telephone Field,recover-20220825,002,1795
1533.3505,1533.3877,68437,82171,Rhinolophus ferrumequinum,0.023,0.023,-1,Echolocation,/mnt/ubna_data_01_mir/recover-20220825/UBNA_002/20220823_033000.WAV,Telephone Field,recover-20220825,002,1795
1533.3655,1533.4032,68437,82558,Rhinolophus ferrumequinum,0.023,0.024,-1,Echolocation,/mnt/ubna_data_01_mir/recover-20220825/UBNA_002/20220823_033000.WAV,Telephone Field,recover-20220825,002,1795
1533.3665,1533.3765,31484,38800,Myotis daubentonii,0.007,0.025,-1,Echolocation,/mnt/ubna_data_01_mir/recover-20220825/UBNA_002/20220823_033000.WAV,Telephone Field,recover-20220825,002,1795
1533.3845,1533.4195,68437,81204,Rhinolophus ferrumequinum,0.023,0.023,-1,Echolocation,/mnt/ubna_data_01_mir/recover-20220825/UBNA_002/20220823_033000.WAV,Telephone Field,recover-20220825,002,1795
1533.3895,1533.3964,32343,61192,Myotis brandtii,0.009,0.023,-1,Echolocation,/mnt/ubna_data_01_mir/recover-20220825/UBNA_002/20220823_033000.WAV,Telephone Field,recover-20220825,002,1795
1533.3895,1533.3946,40078,55772,Myotis mystacinus,0.007,0.022,-1,Echolocation,/mnt/ubna_data_01_mir/recover-20220825/UBNA_002/20220823_033000.WAV,Telephone Field,recover-20220825,002,1795
1533.4225,1533.4291,46093,54721,Pipistrellus pipistrellus,0.022,0.025,-1,Echolocation,/mnt/ubna_data_01_mir/recover-20220825/UBNA_002/20220823_033000.WAV,Telephone Field,recover-20220825,002,1795
1533.4335,1533.4721,68437,82789,Rhinolophus ferrumequinum,0.022,0.022,-1,Echolocation,/mnt/ubna_data_01_mir/recover-20220825/UBNA_002/20220823_033000.WAV,Telephone Field,recover-20220825,002,1795
1533.4585,1533.469,22031,26228,Nyctalus leisleri,0.012,0.023,-1,Echolocation,/mnt/ubna_data_01_mir/recover-20220825/UBNA_002/20220823_033000.WAV,Telephone Field,recover-20220825,002,1795
1533.5075,1533.5485,68437,83251,Rhinolophus ferrumequinum,0.028,0.028,-1,Echolocation,/mnt/ubna_data_01_mir/recover-20220825/UBNA_002/20220823_033000.WAV,Telephone Field,recover-20220825,002,1795
1533.5085,1533.5171,28046,38549,Eptesicus serotinus,0.008,0.023,-1,Echolocation,/mnt/ubna_data_01_mir/recover-20220825/UBNA_002/20220823_033000.WAV,Telephone Field,recover-20220825,002,1795
1533.5495,1533.5895,68437,82789,Rhinolophus ferrumequinum,0.025,0.025,-1,Echolocation,/mnt/ubna_data_01_mir/recover-20220825/UBNA_002/20220823_033000.WAV,Telephone Field,recover-20220825,002,1795
1533.5845,1533.6245,68437,82323,Rhinolophus ferrumequinum,0.024,0.024,-1,Echolocation,/mnt/ubna_data_01_mir/recover-20220825/UBNA_002/20220823_033000.WAV,Telephone Field,recover-20220825,002,1795
1533.5965,1533.6349,68437,81736,Rhinolophus ferrumequinum,0.022,0.022,-1,Echolocation,/mnt/ubna_data_01_mir/recover-20220825/UBNA_002/20220823_033000.WAV,Telephone Field,recover-20220825,002,1795
1533.6025,1533.6111,28046,39139,Eptesicus serotinus,0.008,0.023,-1,Echolocation,/mnt/ubna_data_01_mir/recover-20220825/UBNA_002/20220823_033000.WAV,Telephone Field,recover-20220825,002,1795
1533.6365,1533.6742,68437,81886,Rhinolophus ferrumequinum,0.022,0.022,-1,Echolocation,/mnt/ubna_data_01_mir/recover-20220825/UBNA_002/20220823_033000.WAV,Telephone Field,recover-20220825,002,1795
1533.7215,1533.7607,68437,82585,Rhinolophus ferrumequinum,0.023,0.023,-1,Echolocation,/mnt/ubna_data_01_mir/recover-20220825/UBNA_002/20220823_033000.WAV,Telephone Field,recover-20220825,002,1795
1533.7245,1533.7339,27187,36471,Eptesicus serotinus,0.009,0.025,-1,Echolocation,/mnt/ubna_data_01_mir/recover-20220825/UBNA_002/20220823_033000.WAV,Telephone Field,recover-20220825,002,1795
1533.7445,1533.784,68437,82588,Rhinolophus ferrumequinum,0.027,0.027,-1,Echolocation,/mnt/ubna_data_01_mir/recover-20220825/UBNA_002/20220823_033000.WAV,Telephone Field,recover-20220825,002,1795
1533.7675,1533.8045,68437,81759,Rhinolophus ferrumequinum,0.024,0.024,-1,Echolocation,/mnt/ubna_data_01_mir/recover-20220825/UBNA_002/20220823_033000.WAV,Telephone Field,recover-20220825,002,1795
1533.7705,1533.7803,28046,40721,Eptesicus serotinus,0.009,0.024,-1,Echolocation,/mnt/ubna_data_01_mir/recover-20220825/UBNA_002/20220823_033000.WAV,Telephone Field,recover-20220825,002,1795
1533.8415,1533.8521,23750,29351,Nyctalus leisleri,0.01,0.026,-1,Echolocation,/mnt/ubna_data_01_mir/recover-20220825/UBNA_002/20220823_033000.WAV,Telephone Field,recover-20220825,002,1795
1533.8605,1533.902,68437,82920,Rhinolophus ferrumequinum,0.029,0.029,-1,Echolocation,/mnt/ubna_data_01_mir/recover-20220825/UBNA_002/20220823_033000.WAV,Telephone Field,recover-20220825,002,1795
1533.8665,1533.9071,68437,82837,Rhinolophus ferrumequinum,0.028,0.028,-1,Echolocation,/mnt/ubna_data_01_mir/recover-20220825/UBNA_002/20220823_033000.WAV,Telephone Field,recover-20220825,002,1795
1533.8745,1533.9163,68437,82262,Rhinolophus ferrumequinum,0.027,0.027,-1,Echolocation,/mnt/ubna_data_01_mir/recover-20220825/UBNA_002/20220823_033000.WAV,Telephone Field,recover-20220825,002,1795
1533.8845,1533.8952,22890,28463,Nyctalus leisleri,0.012,0.025,-1,Echolocation,/mnt/ubna_data_01_mir/recover-20220825/UBNA_002/20220823_033000.WAV,Telephone Field,recover-20220825,002,1795
1533.9115,1533.9495,68437,81621,Rhinolophus ferrumequinum,0.022,0.022,-1,Echolocation,/mnt/ubna_data_01_mir/recover-20220825/UBNA_002/20220823_033000.WAV,Telephone Field,recover-20220825,002,1795
1533.9215,1533.965,68437,82675,Rhinolophus ferrumequinum,0.023,0.023,-1,Echolocation,/mnt/ubna_data_01_mir/recover-20220825/UBNA_002/20220823_033000.WAV,Telephone Field,recover-20220825,002,1795
1533.9435,1533.9532,22890,29928,Plecotus austriacus,0.011,0.032,-1,Echolocation,/mnt/ubna_data_01_mir/recover-20220825/UBNA_002/20220823_033000.WAV,Telephone Field,recover-20220825,002,1795
1533.9485,1533.9565,33203,40810,Myotis daubentonii,0.008,0.024,-1,Echolocation,/mnt/ubna_data_01_mir/recover-20220825/UBNA_002/20220823_033000.WAV,Telephone Field,recover-20220825,002,1795
1533.9515,1533.9583,28906,38899,Eptesicus serotinus,0.007,0.026,-1,Echolocation,/mnt/ubna_data_01_mir/recover-20220825/UBNA_002/20220823_033000.WAV,Telephone Field,recover-20220825,002,1795
1533.9515,1533.9872,68437,81442,Rhinolophus ferrumequinum,0.036,0.036,-1,Echolocation,/mnt/ubna_data_01_mir/recover-20220825/UBNA_002/20220823_033000.WAV,Telephone Field,recover-20220825,002,1795
1533.9625,1533.9773,52109,56030,Pipistrellus pygmaeus,0.022,0.029,-1,Echolocation,/mnt/ubna_data_01_mir/recover-20220825/UBNA_002/20220823_033000.WAV,Telephone Field,recover-20220825,002,1795
1534.0015,1534.0341,69296,81587,Rhinolophus ferrumequinum,0.035,0.035,-1,Echolocation,/mnt/ubna_data_01_mir/recover-20220825/UBNA_002/20220823_033000.WAV,Telephone Field,recover-20220825,002,1795
1534.0015,1534.0114,23750,30315,Nyctalus leisleri,0.015,0.037,-1,Echolocation,/mnt/ubna_data_01_mir/recover-20220825/UBNA_002/20220823_033000.WAV,Telephone Field,recover-20220825,002,1795
1534.0085,1534.0519,68437,82290,Rhinolophus ferrumequinum,0.026,0.026,-1,Echolocation,/mnt/ubna_data_01_mir/recover-20220825/UBNA_002/20220823_033000.WAV,Telephone Field,recover-20220825,002,1795
1534.0265,1534.0682,68437,81966,Rhinolophus ferrumequinum,0.023,0.023,-1,Echolocation,/mnt/ubna_data_01_mir/recover-20220825/UBNA_002/20220823_033000.WAV,Telephone Field,recover-20220825,002,1795
1534.0295,1534.0397,22890,27820,Nyctalus leisleri,0.01,0.021,-1,Echolocation,/mnt/ubna_data_01_mir/recover-20220825/UBNA_002/20220823_033000.WAV,Telephone Field,recover-20220825,002,1795
1534.0745,1534.1123,68437,81941,Rhinolophus ferrumequinum,0.022,0.022,-1,Echolocation,/mnt/ubna_data_01_mir/recover-20220825/UBNA_002/20220823_033000.WAV,Telephone Field,recover-20220825,002,1795
1534.0865,1534.0953,28906,37294,Eptesicus serotinus,0.008,0.025,-1,Echolocation,/mnt/ubna_data_01_mir/recover-20220825/UBNA_002/20220823_033000.WAV,Telephone Field,recover-20220825,002,1795
1534.0895,1534.1264,68437,81788,Rhinolophus ferrumequinum,0.023,0.023,-1,Echolocation,/mnt/ubna_data_01_mir/recover-20220825/UBNA_002/20220823_033000.WAV,Telephone Field,recover-20220825,002,1795
1534.1195,1534.1603,68437,82851,Rhinolophus ferrumequinum,0.023,0.023,-1,Echolocation,/mnt/ubna_data_01_mir/recover-20220825/UBNA_002/20220823_033000.WAV,Telephone Field,recover-20220825,002,1795
1534.1715,1534.2155,68437,83416,Rhinolophus ferrumequinum,0.063,0.063,-1,Echolocation,/mnt/ubna_data_01_mir/recover-20220825/UBNA_002/20220823_033000.WAV,Telephone Field,recover-20220825,002,1795
1534.1725,1534.1804,28046,39151,Eptesicus serotinus,0.008,0.026,-1,Echolocation,/mnt/ubna_data_01_mir/recover-20220825/UBNA_002/20220823_033000.WAV,Telephone Field,recover-20220825,002,1795
1534.1795,1534.1969,21171,24592,Nyctalus leisleri,0.012,0.021,-1,Echolocation,/mnt/ubna_data_01_mir/recover-20220825/UBNA_002/20220823_033000.WAV,Telephone Field,recover-20220825,002,1795
1534.1915,1534.2003,29765,38980,Eptesicus serotinus,0.007,0.022,-1,Echolocation,/mnt/ubna_data_01_mir/recover-20220825/UBNA_002/20220823_033000.WAV,Telephone Field,recover-20220825,002,1795
1534.2125,1534.2204,28046,39942,Eptesicus serotinus,0.007,0.021,-1,Echolocation,/mnt/ubna_data_01_mir/recover-20220825/UBNA_002/20220823_033000.WAV,Telephone Field,recover-20220825,002,1795
1534.2145,1534.2524,68437,81870,Rhinolophus ferrumequinum,0.021,0.021,-1,Echolocation,/mnt/ubna_data_01_mir/recover-20220825/UBNA_002/20220823_033000.WAV,Telephone Field,recover-20220825,002,1795
1534.2245,1534.235,22890,28487,Nyctalus leisleri,0.01,0.023,-1,Echolocation,/mnt/ubna_data_01_mir/recover-20220825/UBNA_002/20220823_033000.WAV,Telephone Field,recover-20220825,002,1795
1534.3165,1534.3269,22890,28291,Nyctalus leisleri,0.011,0.024,-1,Echolocation,/mnt/ubna_data_01_mir/recover-20220825/UBNA_002/20220823_033000.WAV,Telephone Field,recover-20220825,002,1795
1534.3455,1534.3849,68437,81972,Rhinolophus ferrumequinum,0.023,0.023,-1,Echolocation,/mnt/ubna_data_01_mir/recover-20220825/UBNA_002/20220823_033000.WAV,Telephone Field,recover-20220825,002,1795
1534.3665,1534.4042,68437,82011,Rhinolophus ferrumequinum,0.022,0.022,-1,Echolocation,/mnt/ubna_data_01_mir/recover-20220825/UBNA_002/20220823_033000.WAV,Telephone Field,recover-20220825,002,1795
1534.3685,1534.3767,28046,39314,Eptesicus serotinus,0.007,0.021,-1,Echolocation,/mnt/ubna_data_01_mir/recover-20220825/UBNA_002/20220823_033000.WAV,Telephone Field,recover-20220825,002,1795
1534.3765,1534.3841,28046,39936,Eptesicus serotinus,0.007,0.021,-1,Echolocation,/mnt/ubna_data_01_mir/recover-20220825/UBNA_002/20220823_033000.WAV,Telephone Field,recover-20220825,002,1795
1534.4005,1534.4104,30625,36690,Eptesicus serotinus,0.056,0.108,-1,Echolocation,/mnt/ubna_data_01_mir/recover-20220825/UBNA_002/20220823_033000.WAV,Telephone Field,recover-20220825,002,1795
1534.4145,1534.4565,68437,82912,Rhinolophus ferrumequinum,0.023,0.023,-1,Echolocation,/mnt/ubna_data_01_mir/recover-20220825/UBNA_002/20220823_033000.WAV,Telephone Field,recover-20220825,002,1795
1534.4555,1534.4669,22890,27301,Nyctalus leisleri,0.012,0.021,-1,Echolocation,/mnt/ubna_data_01_mir/recover-20220825/UBNA_002/20220823_033000.WAV,Telephone Field,recover-20220825,002,1795
1534.4735,1534.5121,68437,81835,Rhinolophus ferrumequinum,0.023,0.023,-1,Echolocation,/mnt/ubna_data_01_mir/recover-20220825/UBNA_002/20220823_033000.WAV,Telephone Field,recover-20220825,002,1795
1534.4925,1534.5338,68437,82829,Rhinolophus ferrumequinum,0.022,0.022,-1,Echolocation,/mnt/ubna_data_01_mir/recover-20220825/UBNA_002/20220823_033000.WAV,Telephone Field,recover-20220825,002,1795
1534.5025,1534.543,68437,82037,Rhinolophus ferrumequinum,0.021,0.021,-1,Echolocation,/mnt/ubna_data_01_mir/recover-20220825/UBNA_002/20220823_033000.WAV,Telephone Field,recover-20220825,002,1795
1534.5235,1534.5308,28046,37712,Eptesicus serotinus,0.006,0.021,-1,Echolocation,/mnt/ubna_data_01_mir/recover-20220825/UBNA_002/20220823_033000.WAV,Telephone Field,recover-20220825,002,1795
1534.5275,1534.5649,68437,81966,Rhinolophus ferrumequinum,0.022,0.022,-1,Echolocation,/mnt/ubna_data_01_mir/recover-20220825/UBNA_002/20220823_033000.WAV,Telephone Field,recover-20220825,002,1795
1534.5465,1534.5566,28046,36402,Eptesicus serotinus,0.008,0.022,-1,Echolocation,/mnt/ubna_data_01_mir/recover-20220825/UBNA_002/20220823_033000.WAV,Telephone Field,recover-20220825,002,1795
1534.5915,1534.6288,68437,81432,Rhinolophus ferrumequinum,0.023,0.023,-1,Echolocation,/mnt/ubna_data_01_mir/recover-20220825/UBNA_002/20220823_033000.WAV,Telephone Field,recover-20220825,002,1795
1534.6025,1534.64,68437,81754,Rhinolophus ferrumequinum,0.021,0.021,-1,Echolocation,/mnt/ubna_data_01_mir/recover-20220825/UBNA_002/20220823_033000.WAV,Telephone Field,recover-20220825,002,1795
1534.6285,1534.6681,68437,82375,Rhinolophus ferrumequinum,0.022,0.022,-1,Echolocation,/mnt/ubna_data_01_mir/recover-20220825/UBNA_002/20220823_033000.WAV,Telephone Field,recover-20220825,002,1795
1534.6305,1534.6403,27187,36444,Eptesicus serotinus,0.011,0.026,-1,Echolocation,/mnt/ubna_data_01_mir/recover-20220825/UBNA_002/20220823_033000.WAV,Telephone Field,recover-20220825,002,1795
1534.6565,1534.6961,68437,81999,Rhinolophus ferrumequinum,0.024,0.024,-1,Echolocation,/mnt/ubna_data_01_mir/recover-20220825/UBNA_002/20220823_033000.WAV,Telephone Field,recover-20220825,002,1795
1534.7045,1534.7413,68437,82249,Rhinolophus ferrumequinum,0.026,0.026,-1,Echolocation,/mnt/ubna_data_01_mir/recover-20220825/UBNA_002/20220823_033000.WAV,Telephone Field,recover-20220825,002,1795
1534.7295,1534.7683,68437,82425,Rhinolophus ferrumequinum,0.022,0.022,-1,Echolocation,/mnt/ubna_data_01_mir/recover-20220825/UBNA_002/20220823_033000.WAV,Telephone Field,recover-20220825,002,1795
1534.7495,1534.7857,68437,81594,Rhinolophus ferrumequinum,0.022,0.022,-1,Echolocation,/mnt/ubna_data_01_mir/recover-20220825/UBNA_002/20220823_033000.WAV,Telephone Field,recover-20220825,002,1795
1534.7535,1534.7619,23750,31838,Plecotus austriacus,0.009,0.025,-1,Echolocation,/mnt/ubna_data_01_mir/recover-20220825/UBNA_002/20220823_033000.WAV,Telephone Field,recover-20220825,002,1795
1534.7815,1534.8188,68437,81825,Rhinolophus ferrumequinum,0.022,0.022,-1,Echolocation,/mnt/ubna_data_01_mir/recover-20220825/UBNA_002/20220823_033000.WAV,Telephone Field,recover-20220825,002,1795
1534.8395,1534.8489,22890,29684,Plecotus austriacus,0.008,0.025,-1,Echolocation,/mnt/ubna_data_01_mir/recover-20220825/UBNA_002/20220823_033000.WAV,Telephone Field,recover-20220825,002,1795
1534.8595,1534.896,68437,81732,Rhinolophus ferrumequinum,0.021,0.021,-1,Echolocation,/mnt/ubna_data_01_mir/recover-20220825/UBNA_002/20220823_033000.WAV,Telephone Field,recover-20220825,002,1795
1534.8895,1534.9305,68437,82596,Rhinolophus ferrumequinum,0.021,0.021,-1,Echolocation,/mnt/ubna_data_01_mir/recover-20220825/UBNA_002/20220823_033000.WAV,Telephone Field,recover-20220825,002,1795
1534.8985,1534.909,22890,28702,Nyctalus leisleri,0.01,0.025,-1,Echolocation,/mnt/ubna_data_01_mir/recover-20220825/UBNA_002/20220823_033000.WAV,Telephone Field,recover-20220825,002,1795
1534.9085,1534.9169,27187,38520,Eptesicus serotinus,0.008,0.023,-1,Echolocation,/mnt/ubna_data_01_mir/recover-20220825/UBNA_002/20220823_033000.WAV,Telephone Field,recover-20220825,002,1795
1534.9215,1534.9559,68437,81268,Rhinolophus ferrumequinum,0.022,0.022,-1,Echolocation,/mnt/ubna_data_01_mir/recover-20220825/UBNA_002/20220823_033000.WAV,Telephone Field,recover-20220825,002,1795
1534.9565,1534.9939,68437,81684,Rhinolophus ferrumequinum,0.021,0.021,-1,Echolocation,/mnt/ubna_data_01_mir/recover-20220825/UBNA_002/20220823_033000.WAV,Telephone Field,recover-20220825,002,1795
1534.9825,1535.0229,68437,82213,Rhinolophus ferrumequinum,0.022,0.022,-1,Echolocation,/mnt/ubna_data_01_mir/recover-20220825/UBNA_002/20220823_033000.WAV,Telephone Field,recover-20220825,002,1795
1534.9855,1534.9946,22890,30020,Plecotus austriacus,0.009,0.024,-1,Echolocation,/mnt/ubna_data_01_mir/recover-20220825/UBNA_002/20220823_033000.WAV,Telephone Field,recover-20220825,002,1795
1535.0065,1535.0482,68437,82318,Rhinolophus ferrumequinum,0.021,0.021,-1,Echolocation,/mnt/ubna_data_01_mir/recover-20220825/UBNA_002/20220823_033000.WAV,Telephone Field,recover-20220825,002,1795
1535.0105,1535.0225,22890,28136,Nyctalus leisleri,0.012,0.026,-1,Echolocation,/mnt/ubna_data_01_mir/recover-20220825/UBNA_002/20220823_033000.WAV,Telephone Field,recover-20220825,002,1795
1535.0265,1535.0658,68437,82270,Rhinolophus ferrumequinum,0.021,0.021,-1,Echolocation,/mnt/ubna_data_01_mir/recover-20220825/UBNA_002/20220823_033000.WAV,Telephone Field,recover-20220825,002,1795
1535.0295,1535.0372,27187,42062,Eptesicus serotinus,0.007,0.022,-1,Echolocation,/mnt/ubna_data_01_mir/recover-20220825/UBNA_002/20220823_033000.WAV,Telephone Field,recover-20220825,002,1795
1535.0345,1535.0426,22890,30843,Plecotus austriacus,0.009,0.021,-1,Echolocation,/mnt/ubna_data_01_mir/recover-20220825/UBNA_002/20220823_033000.WAV,Telephone Field,recover-20220825,002,1795
1535.0735,1535.1141,68437,82734,Rhinolophus ferrumequinum,0.028,0.028,-1,Echolocation,/mnt/ubna_data_01_mir/recover-20220825/UBNA_002/20220823_033000.WAV,Telephone Field,recover-20220825,002,1795
1535.1015,1535.14,68437,81927,Rhinolophus ferrumequinum,0.022,0.022,-1,Echolocation,/mnt/ubna_data_01_mir/recover-20220825/UBNA_002/20220823_033000.WAV,Telephone Field,recover-20220825,002,1795
1535.1215,1535.1314,14296,20806,Nyctalus noctula,0.012,0.026,-1,Echolocation,/mnt/ubna_data_01_mir/recover-20220825/UBNA_002/20220823_033000.WAV,Telephone Field,recover-20220825,002,1795
1535.1445,1535.1873,68437,82813,Rhinolophus ferrumequinum,0.054,0.054,-1,Echolocation,/mnt/ubna_data_01_mir/recover-20220825/UBNA_002/20220823_033000.WAV,Telephone Field,recover-20220825,002,1795
1535.1715,1535.2112,68437,82839,Rhinolophus ferrumequinum,0.025,0.025,-1,Echolocation,/mnt/ubna_data_01_mir/recover-20220825/UBNA_002/20220823_033000.WAV,Telephone Field,recover-20220825,002,1795
1535.1995,1535.207,27187,36190,Eptesicus serotinus,0.008,0.024,-1,Echolocation,/mnt/ubna_data_01_mir/recover-20220825/UBNA_002/20220823_033000.WAV,Telephone Field,recover-20220825,002,1795
1535.2365,1535.2449,28046,37926,Eptesicus serotinus,0.008,0.022,-1,Echolocation,/mnt/ubna_data_01_mir/recover-20220825/UBNA_002/20220823_033000.WAV,Telephone Field,recover-20220825,002,1795
1535.2725,1535.2822,22031,28523,Plecotus austriacus,0.01,0.027,-1,Echolocation,/mnt/ubna_data_01_mir/recover-20220825/UBNA_002/20220823_033000.WAV,Telephone Field,recover-20220825,002,1795
1535.2815,1535.2908,28046,36831,Eptesicus serotinus,0.008,0.021,-1,Echolocation,/mnt/ubna_data_01_mir/recover-20220825/UBNA_002/20220823_033000.WAV,Telephone Field,recover-20220825,002,1795
1535.2895,1535.2992,22890,28513,Nyctalus leisleri,0.009,0.023,-1,Echolocation,/mnt/ubna_data_01_mir/recover-20220825/UBNA_002/20220823_033000.WAV,Telephone Field,recover-20220825,002,1795
1535.3225,1535.361,68437,81953,Rhinolophus ferrumequinum,0.022,0.022,-1,Echolocation,/mnt/ubna_data_01_mir/recover-20220825/UBNA_002/20220823_033000.WAV,Telephone Field,recover-20220825,002,1795
1535.3445,1535.3552,22031,26858,Nyctalus leisleri,0.01,0.022,-1,Echolocation,/mnt/ubna_data_01_mir/recover-20220825/UBNA_002/20220823_033000.WAV,Telephone Field,recover-20220825,002,1795
1535.3495,1535.357,28046,40021,Eptesicus serotinus,0.007,0.021,-1,Echolocation,/mnt/ubna_data_01_mir/recover-20220825/UBNA_002/20220823_033000.WAV,Telephone Field,recover-20220825,002,1795
1535.3535,1535.3631,44375,50336,Pipistrellus pipistrellus,0.022,0.025,-1,Echolocation,/mnt/ubna_data_01_mir/recover-20220825/UBNA_002/20220823_033000.WAV,Telephone Field,recover-20220825,002,1795
1535.3645,1535.4032,68437,81984,Rhinolophus ferrumequinum,0.031,0.031,-1,Echolocation,/mnt/ubna_data_01_mir/recover-20220825/UBNA_002/20220823_033000.WAV,Telephone Field,recover-20220825,002,1795
1535.3685,1535.3756,28046,38406,Eptesicus serotinus,0.005,0.021,-1,Echolocation,/mnt/ubna_data_01_mir/recover-20220825/UBNA_002/20220823_033000.WAV,Telephone Field,recover-20220825,002,1795
1535.3775,1535.4221,68437,82683,Rhinolophus ferrumequinum,0.043,0.043,-1,Echolocation,/mnt/ubna_data_01_mir/recover-20220825/UBNA_002/20220823_033000.WAV,Telephone Field,recover-20220825,002,1795
1535.3785,1535.3871,28046,36297,Eptesicus serotinus,0.007,0.021,-1,Echolocation,/mnt/ubna_data_01_mir/recover-20220825/UBNA_002/20220823_033000.WAV,Telephone Field,recover-20220825,002,1795
1535.3865,1535.4241,68437,82088,Rhinolophus ferrumequinum,0.029,0.029,-1,Echolocation,/mnt/ubna_data_01_mir/recover-20220825/UBNA_002/20220823_033000.WAV,Telephone Field,recover-20220825,002,1795
1535.4095,1535.4203,28906,36240,Eptesicus serotinus,0.012,0.026,-1,Echolocation,/mnt/ubna_data_01_mir/recover-20220825/UBNA_002/20220823_033000.WAV,Telephone Field,recover-20220825,002,1795
1535.4125,1535.4517,68437,82272,Rhinolophus ferrumequinum,0.021,0.021,-1,Echolocation,/mnt/ubna_data_01_mir/recover-20220825/UBNA_002/20220823_033000.WAV,Telephone Field,recover-20220825,002,1795
1535.4315,1535.4672,68437,80705,Rhinolophus ferrumequinum,0.021,0.021,-1,Echolocation,/mnt/ubna_data_01_mir/recover-20220825/UBNA_002/20220823_033000.WAV,Telephone Field,recover-20220825,002,1795
1535.4405,1535.4515,24609,30628,Nyctalus leisleri,0.008,0.023,-1,Echolocation,/mnt/ubna_data_01_mir/recover-20220825/UBNA_002/20220823_033000.WAV,Telephone Field,recover-20220825,002,1795
1535.4655,1535.5084,68437,82927,Rhinolophus ferrumequinum,0.026,0.026,-1,Echolocation,/mnt/ubna_data_01_mir/recover-20220825/UBNA_002/20220823_033000.WAV,Telephone Field,recover-20220825,002,1795
1535.5065,1535.5406,68437,81404,Rhinolophus ferrumequinum,0.022,0.022,-1,Echolocation,/mnt/ubna_data_01_mir/recover-20220825/UBNA_002/20220823_033000.WAV,Telephone Field,recover-20220825,002,1795
1535.5225,1535.5311,28046,37830,Eptesicus serotinus,0.009,0.027,-1,Echolocation,/mnt/ubna_data_01_mir/recover-20220825/UBNA_002/20220823_033000.WAV,Telephone Field,recover-20220825,002,1795
1535.5635,1535.6059,68437,82384,Rhinolophus ferrumequinum,0.029,0.029,-1,Echolocation,/mnt/ubna_data_01_mir/recover-20220825/UBNA_002/20220823_033000.WAV,Telephone Field,recover-20220825,002,1795
1535.5815,1535.6208,68437,81888,Rhinolophus ferrumequinum,0.021,0.021,-1,Echolocation,/mnt/ubna_data_01_mir/recover-20220825/UBNA_002/20220823_033000.WAV,Telephone Field,recover-20220825,002,1795
1535.6365,1535.6446,27187,39238,Eptesicus serotinus,0.008,0.028,-1,Echolocation,/mnt/ubna_data_01_mir/recover-20220825/UBNA_002/20220823_033000.WAV,Telephone Field,recover-20220825,002,1795
1535.6935,1535.7035,28906,36384,Eptesicus serotinus,0.009,0.023,-1,Echolocation,/mnt/ubna_data_01_mir/recover-20220825/UBNA_002/20220823_033000.WAV,Telephone Field,recover-20220825,002,1795
1535.7065,1535.7498,68437,83130,Rhinolophus ferrumequinum,0.049,0.049,-1,Echolocation,/mnt/ubna_data_01_mir/recover-20220825/UBNA_002/20220823_033000.WAV,Telephone Field,recover-20220825,002,1795
1535.7225,1535.7392,16015,21918,Nyctalus noctula,0.016,0.022,-1,Echolocation,/mnt/ubna_data_01_mir/recover-20220825/UBNA_002/20220823_033000.WAV,Telephone Field,recover-20220825,002,1795
1535.7375,1535.7766,68437,81580,Rhinolophus ferrumequinum,0.024,0.024,-1,Echolocation,/mnt/ubna_data_01_mir/recover-20220825/UBNA_002/20220823_033000.WAV,Telephone Field,recover-20220825,002,1795
1535.8145,1535.8565,68437,82853,Rhinolophus ferrumequinum,0.022,0.022,-1,Echolocation,/mnt/ubna_data_01_mir/recover-20220825/UBNA_002/20220823_033000.WAV,Telephone Field,recover-20220825,002,1795
1535.8305,1535.8708,68437,82277,Rhinolophus ferrumequinum,0.022,0.022,-1,Echolocation,/mnt/ubna_data_01_mir/recover-20220825/UBNA_002/20220823_033000.WAV,Telephone Field,recover-20220825,002,1795
1535.8675,1535.9057,68437,81860,Rhinolophus ferrumequinum,0.021,0.021,-1,Echolocation,/mnt/ubna_data_01_mir/recover-20220825/UBNA_002/20220823_033000.WAV,Telephone Field,recover-20220825,002,1795
1535.9105,1535.9488,68437,81785,Rhinolophus ferrumequinum,0.024,0.024,-1,Echolocation,/mnt/ubna_data_01_mir/recover-20220825/UBNA_002/20220823_033000.WAV,Telephone Field,recover-20220825,002,1795
1535.9225,1535.9592,68437,81647,Rhinolophus ferrumequinum,0.031,0.031,-1,Echolocation,/mnt/ubna_data_01_mir/recover-20220825/UBNA_002/20220823_033000.WAV,Telephone Field,recover-20220825,002,1795
1535.9235,1535.9309,23750,32044,Plecotus austriacus,0.01,0.023,-1,Echolocation,/mnt/ubna_data_01_mir/recover-20220825/UBNA_002/20220823_033000.WAV,Telephone Field,recover-20220825,002,1795
1535.9575,1535.9993,68437,82549,Rhinolophus ferrumequinum,0.03,0.03,-1,Echolocation,/mnt/ubna_data_01_mir/recover-20220825/UBNA_002/20220823_033000.WAV,Telephone Field,recover-20220825,002,1795
1535.9815,1535.9918,22031,26597,Nyctalus leisleri,0.01,0.021,-1,Echolocation,/mnt/ubna_data_01_mir/recover-20220825/UBNA_002/20220823_033000.WAV,Telephone Field,recover-20220825,002,1795
1536.0015,1536.0093,26328,38886,Nyctalus leisleri,0.006,0.027,-1,Echolocation,/mnt/ubna_data_01_mir/recover-20220825/UBNA_002/20220823_033000.WAV,Telephone Field,recover-20220825,002,1795
1536.0015,1536.0088,48671,54509,Pipistrellus pipistrellus,0.025,0.03,-1,Echolocation,/mnt/ubna_data_01_mir/recover-20220825/UBNA_002/20220823_033000.WAV,Telephone Field,recover-20220825,002,1795
1536.0015,1536.007,38359,57550,Myotis brandtii,0.007,0.024,-1,Echolocation,/mnt/ubna_data_01_mir/recover-20220825/UBNA_002/20220823_033000.WAV,Telephone Field,recover-20220825,002,1795
1536.0015,1536.0085,22031,31215,Plecotus austriacus,0.01,0.026,-1,Echolocation,/mnt/ubna_data_01_mir/recover-20220825/UBNA_002/20220823_033000.WAV,Telephone Field,recover-20220825,002,1795
1536.0015,1536.0337,68437,79554,Rhinolophus ferrumequinum,0.035,0.035,-1,Echolocation,/mnt/ubna_data_01_mir/recover-20220825/UBNA_002/20220823_033000.WAV,Telephone Field,recover-20220825,002,1795
1536.0185,1536.0593,68437,82442,Rhinolophus ferrumequinum,0.023,0.023,-1,Echolocation,/mnt/ubna_data_01_mir/recover-20220825/UBNA_002/20220823_033000.WAV,Telephone Field,recover-20220825,002,1795
1536.0435,1536.0827,68437,82193,Rhinolophus ferrumequinum,0.023,0.023,-1,Echolocation,/mnt/ubna_data_01_mir/recover-20220825/UBNA_002/20220823_033000.WAV,Telephone Field,recover-20220825,002,1795
1536.0545,1536.0909,68437,81619,Rhinolophus ferrumequinum,0.023,0.023,-1,Echolocation,/mnt/ubna_data_01_mir/recover-20220825/UBNA_002/20220823_033000.WAV,Telephone Field,recover-20220825,002,1795
1536.0705,1536.0817,25468,31939,Nyctalus leisleri,0.012,0.032,-1,Echolocation,/mnt/ubna_data_01_mir/recover-20220825/UBNA_002/20220823_033000.WAV,Telephone Field,recover-20220825,002,1795
1536.0955,1536.1346,68437,81759,Rhinolophus ferrumequinum,0.023,0.023,-1,Echolocation,/mnt/ubna_data_01_mir/recover-20220825/UBNA_002/20220823_033000.WAV,Telephone Field,recover-20220825,002,1795
1536.1185,1536.1292,22890,28206,Nyctalus leisleri,0.011,0.025,-1,Echolocation,/mnt/ubna_data_01_mir/recover-20220825/UBNA_002/20220823_033000.WAV,Telephone Field,recover-20220825,002,1795
1536.1205,1536.1264,51250,58014,Pipistrellus pipistrellus,0.021,0.024,-1,Echolocation,/mnt/ubna_data_01_mir/recover-20220825/UBNA_002/20220823_033000.WAV,Telephone Field,recover-20220825,002,1795
1536.1235,1536.1343,22031,27300,Nyctalus leisleri,0.012,0.026,-1,Echolocation,/mnt/ubna_data_01_mir/recover-20220825/UBNA_002/20220823_033000.WAV,Telephone Field,recover-20220825,002,1795
1536.1265,1536.136,28906,36394,Eptesicus serotinus,0.009,0.023,-1,Echolocation,/mnt/ubna_data_01_mir/recover-20220825/UBNA_002/20220823_033000.WAV,Telephone Field,recover-20220825,002,1795
1536.1425,1536.1816,68437,82504,Rhinolophus ferrumequinum,0.023,0.023,-1,Echolocation,/mnt/ubna_data_01_mir/recover-20220825/UBNA_002/20220823_033000.WAV,Telephone Field,recover-20220825,002,1795
1536.1895,1536.2097,18593,21709,Nyctalus noctula,0.016,0.029,-1,Echolocation,/mnt/ubna_data_01_mir/recover-20220825/UBNA_002/20220823_033000.WAV,Telephone Field,recover-20220825,002,1795
1536.2135,1536.2497,68437,81807,Rhinolophus ferrumequinum,0.022,0.022,-1,Echolocation,/mnt/ubna_data_01_mir/recover-20220825/UBNA_002/20220823_033000.WAV,Telephone Field,recover-20220825,002,1795
1536.2215,1536.2613,68437,82226,Rhinolophus ferrumequinum,0.024,0.024,-1,Echolocation,/mnt/ubna_data_01_mir/recover-20220825/UBNA_002/20220823_033000.WAV,Telephone Field,recover-20220825,002,1795
1536.2225,1536.2349,24609,30688,Nyctalus leisleri,0.013,0.031,-1,Echolocation,/mnt/ubna_data_01_mir/recover-20220825/UBNA_002/20220823_033000.WAV,Telephone Field,recover-20220825,002,1795
1536.2625,1536.2736,22890,28933,Nyctalus leisleri,0.012,0.029,-1,Echolocation,/mnt/ubna_data_01_mir/recover-20220825/UBNA_002/20220823_033000.WAV,Telephone Field,recover-20220825,002,1795
1536.2995,1536.308,29765,39633,Myotis daubentonii,0.008,0.023,-1,Echolocation,/mnt/ubna_data_01_mir/recover-20220825/UBNA_002/20220823_033000.WAV,Telephone Field,recover-20220825,002,1795
1536.3095,1536.35,68437,82820,Rhinolophus ferrumequinum,0.026,0.026,-1,Echolocation,/mnt/ubna_data_01_mir/recover-20220825/UBNA_002/20220823_033000.WAV,Telephone Field,recover-20220825,002,1795
1536.3205,1536.3625,68437,83090,Rhinolophus ferrumequinum,0.023,0.023,-1,Echolocation,/mnt/ubna_data_01_mir/recover-20220825/UBNA_002/20220823_033000.WAV,Telephone Field,recover-20220825,002,1795
1536.3255,1536.3363,22890,27944,Nyctalus leisleri,0.013,0.026,-1,Echolocation,/mnt/ubna_data_01_mir/recover-20220825/UBNA_002/20220823_033000.WAV,Telephone Field,recover-20220825,002,1795
1536.3355,1536.3469,22031,26092,Nyctalus leisleri,0.015,0.025,-1,Echolocation,/mnt/ubna_data_01_mir/recover-20220825/UBNA_002/20220823_033000.WAV,Telephone Field,recover-20220825,002,1795
1536.3845,1536.3938,28906,38550,Eptesicus serotinus,0.031,0.055,-1,Echolocation,/mnt/ubna_data_01_mir/recover-20220825/UBNA_002/20220823_033000.WAV,Telephone Field,recover-20220825,002,1795
1536.3865,1536.3953,50390,54676,Pipistrellus pipistrellus,0.024,0.027,-1,Echolocation,/mnt/ubna_data_01_mir/recover-20220825/UBNA_002/20220823_033000.WAV,Telephone Field,recover-20220825,002,1795
1536.3895,1536.4255,68437,82063,Rhinolophus ferrumequinum,0.024,0.024,-1,Echolocation,/mnt/ubna_data_01_mir/recover-20220825/UBNA_002/20220823_033000.WAV,Telephone Field,recover-20220825,002,1795
1536.4105,1536.4171,49531,53870,Pipistrellus pipistrellus,0.021,0.023,-1,Echolocation,/mnt/ubna_data_01_mir/recover-20220825/UBNA_002/20220823_033000.WAV,Telephone Field,recover-20220825,002,1795
1536.4805,1536.4901,25468,31530,Nyctalus leisleri,0.018,0.05,-1,Echolocation,/mnt/ubna_data_01_mir/recover-20220825/UBNA_002/20220823_033000.WAV,Telephone Field,recover-20220825,002,1795
1536.5165,1536.526,24609,31846,Eptesicus serotinus,0.008,0.025,-1,Echolocation,/mnt/ubna_data_01_mir/recover-20220825/UBNA_002/20220823_033000.WAV,Telephone Field,recover-20220825,002,1795
1536.5475,1536.5549,23750,32086,Plecotus austriacus,0.01,0.023,-1,Echolocation,/mnt/ubna_data_01_mir/recover-20220825/UBNA_002/20220823_033000.WAV,Telephone Field,recover-20220825,002,1795
1536.5535,1536.5632,38359,44068,Pipistrellus nathusii,0.006,0.024,-1,Echolocation,/mnt/ubna_data_01_mir/recover-20220825/UBNA_002/20220823_033000.WAV,Telephone Field,recover-20220825,002,1795
1536.5595,1536.5999,68437,83058,Rhinolophus ferrumequinum,0.036,0.036,-1,Echolocation,/mnt/ubna_data_01_mir/recover-20220825/UBNA_002/20220823_033000.WAV,Telephone Field,recover-20220825,002,1795
1536.5685,1536.5786,22890,28724,Nyctalus leisleri,0.009,0.023,-1,Echolocation,/mnt/ubna_data_01_mir/recover-20220825/UBNA_002/20220823_033000.WAV,Telephone Field,recover-20220825,002,1795
1536.5865,1536.624,68437,82522,Rhinolophus ferrumequinum,0.025,0.025,-1,Echolocation,/mnt/ubna_data_01_mir/recover-20220825/UBNA_002/20220823_033000.WAV,Telephone Field,recover-20220825,002,1795
1536.5965,1536.6047,25468,33978,Eptesicus serotinus,0.006,0.022,-1,Echolocation,/mnt/ubna_data_01_mir/recover-20220825/UBNA_002/20220823_033000.WAV,Telephone Field,recover-20220825,002,1795
1536.6095,1536.6469,68437,82561,Rhinolophus ferrumequinum,0.031,0.031,-1,Echolocation,/mnt/ubna_data_01_mir/recover-20220825/UBNA_002/20220823_033000.WAV,Telephone Field,recover-20220825,002,1795
1536.6215,1536.6328,15156,21231,Nyctalus noctula,0.014,0.024,-1,Echolocation,/mnt/ubna_data_01_mir/recover-20220825/UBNA_002/20220823_033000.WAV,Telephone Field,recover-20220825,002,1795
1536.6435,1536.6856,68437,82598,Rhinolophus ferrumequinum,0.03,0.03,-1,Echolocation,/mnt/ubna_data_01_mir/recover-20220825/UBNA_002/20220823_033000.WAV,Telephone Field,recover-20220825,002,1795
1536.6445,1536.6544,22031,28005,Nyctalus leisleri,0.008,0.023,-1,Echolocation,/mnt/ubna_data_01_mir/recover-20220825/UBNA_002/20220823_033000.WAV,Telephone Field,recover-20220825,002,1795
1536.6835,1536.7217,68437,82125,Rhinolophus ferrumequinum,0.023,0.023,-1,Echolocation,/mnt/ubna_data_01_mir/recover-20220825/UBNA_002/20220823_033000.WAV,Telephone Field,recover-20220825,002,1795
1536.6935,1536.7051,22890,27845,Nyctalus leisleri,0.014,0.027,-1,Echolocation,/mnt/ubna_data_01_mir/recover-20220825/UBNA_002/20220823_033000.WAV,Telephone Field,recover-20220825,002,1795
1536.7375,1536.7486,28906,36009,Eptesicus serotinus,0.013,0.029,-1,Echolocation,/mnt/ubna_data_01_mir/recover-20220825/UBNA_002/20220823_033000.WAV,Telephone Field,recover-20220825,002,1795
1536.7535,1536.7767,17734,21318,Nyctalus noctula,0.021,0.033,-1,Echolocation,/mnt/ubna_data_01_mir/recover-20220825/UBNA_002/20220823_033000.WAV,Telephone Field,recover-20220825,002,1795
1536.7615,1536.8027,68437,83185,Rhinolophus ferrumequinum,0.024,0.024,-1,Echolocation,/mnt/ubna_data_01_mir/recover-20220825/UBNA_002/20220823_033000.WAV,Telephone Field,recover-20220825,002,1795
1536.7645,1536.7707,24609,34193,Plecotus austriacus,0.016,0.032,-1,Echolocation,/mnt/ubna_data_01_mir/recover-20220825/UBNA_002/20220823_033000.WAV,Telephone Field,recover-20220825,002,1795
1536.7845,1536.8245,68437,82150,Rhinolophus ferrumequinum,0.032,0.032,-1,Echolocation,/mnt/ubna_data_01_mir/recover-20220825/UBNA_002/20220823_033000.WAV,Telephone Field,recover-20220825,002,1795
1536.8075,1536.818,28046,35922,Eptesicus serotinus,0.014,0.028,-1,Echolocation,/mnt/ubna_data_01_mir/recover-20220825/UBNA_002/20220823_033000.WAV,Telephone Field,recover-20220825,002,1795
1536.8105,1536.8484,68437,82222,Rhinolophus ferrumequinum,0.022,0.022,-1,Echolocation,/mnt/ubna_data_01_mir/recover-20220825/UBNA_002/20220823_033000.WAV,Telephone Field,recover-20220825,002,1795
1536.8295,1536.8368,24609,33564,Plecotus austriacus,0.007,0.022,-1,Echolocation,/mnt/ubna_data_01_mir/recover-20220825/UBNA_002/20220823_033000.WAV,Telephone Field,recover-20220825,002,1795
1536.8665,1536.9085,68437,83013,Rhinolophus ferrumequinum,0.027,0.027,-1,Echolocation,/mnt/ubna_data_01_mir/recover-20220825/UBNA_002/20220823_033000.WAV,Telephone Field,recover-20220825,002,1795
1536.8785,1536.92,68437,83070,Rhinolophus ferrumequinum,0.037,0.037,-1,Echolocation,/mnt/ubna_data_01_mir/recover-20220825/UBNA_002/20220823_033000.WAV,Telephone Field,recover-20220825,002,1795
1536.8925,1536.9005,28906,40607,Eptesicus serotinus,0.007,0.022,-1,Echolocation,/mnt/ubna_data_01_mir/recover-20220825/UBNA_002/20220823_033000.WAV,Telephone Field,recover-20220825,002,1795
1536.8935,1536.9009,23750,32717,Plecotus austriacus,0.01,0.023,-1,Echolocation,/mnt/ubna_data_01_mir/recover-20220825/UBNA_002/20220823_033000.WAV,Telephone Field,recover-20220825,002,1795
1536.9725,1536.9783,36640,48806,Myotis daubentonii,0.01,0.034,-1,Echolocation,/mnt/ubna_data_01_mir/recover-20220825/UBNA_002/20220823_033000.WAV,Telephone Field,recover-20220825,002,1795
1536.9765,1536.983,28046,43521,Eptesicus serotinus,0.006,0.023,-1,Echolocation,/mnt/ubna_data_01_mir/recover-20220825/UBNA_002/20220823_033000.WAV,Telephone Field,recover-20220825,002,1795
1536.9935,1537.0006,25468,39201,Plecotus austriacus,0.005,0.022,-1,Echolocation,/mnt/ubna_data_01_mir/recover-20220825/UBNA_002/20220823_033000.WAV,Telephone Field,recover-20220825,002,1795
1537.0275,1537.0639,68437,81917,Rhinolophus ferrumequinum,0.025,0.025,-1,Echolocation,/mnt/ubna_data_01_mir/recover-20220825/UBNA_002/20220823_033000.WAV,Telephone Field,recover-20220825,002,1795
1537.0345,1537.0418,27187,39475,Eptesicus serotinus,0.005,0.022,-1,Echolocation,/mnt/ubna_data_01_mir/recover-20220825/UBNA_002/20220823_033000.WAV,Telephone Field,recover-20220825,002,1795
1537.0505,1537.0882,68437,82715,Rhinolophus ferrumequinum,0.022,0.022,-1,Echolocation,/mnt/ubna_data_01_mir/recover-20220825/UBNA_002/20220823_033000.WAV,Telephone Field,recover-20220825,002,1795
1537.1525,1537.1638,22890,26734,Nyctalus leisleri,0.014,0.026,-1,Echolocation,/mnt/ubna_data_01_mir/recover-20220825/UBNA_002/20220823_033000.WAV,Telephone Field,recover-20220825,002,1795
1537.1675,1537.1759,24609,33121,Plecotus austriacus,0.012,0.03,-1,Echolocation,/mnt/ubna_data_01_mir/recover-20220825/UBNA_002/20220823_033000.WAV,Telephone Field,recover-20220825,002,1795
1537.1795,1537.1877,28046,37512,Eptesicus serotinus,0.007,0.024,-1,Echolocation,/mnt/ubna_data_01_mir/recover-20220825/UBNA_002/20220823_033000.WAV,Telephone Field,recover-20220825,002,1795
1537.1915,1537.2015,25468,33892,Eptesicus serotinus,0.009,0.022,-1,Echolocation,/mnt/ubna_data_01_mir/recover-20220825/UBNA_002/20220823_033000.WAV,Telephone Field,recover-20220825,002,1795
1537.1985,1537.2356,68437,81737,Rhinolophus ferrumequinum,0.028,0.028,-1,Echolocation,/mnt/ubna_data_01_mir/recover-20220825/UBNA_002/20220823_033000.WAV,Telephone Field,recover-20220825,002,1795
1537.2405,1537.2773,68437,81815,Rhinolophus ferrumequinum,0.022,0.022,-1,Echolocation,/mnt/ubna_data_01_mir/recover-20220825/UBNA_002/20220823_033000.WAV,Telephone Field,recover-20220825,002,1795
1537.2705,1537.2778,26328,36978,Eptesicus serotinus,0.006,0.022,-1,Echolocation,/mnt/ubna_data_01_mir/recover-20220825/UBNA_002/20220823_033000.WAV,Telephone Field,recover-20220825,002,1795
1537.2885,1537.3268,68437,81798,Rhinolophus ferrumequinum,0.023,0.023,-1,Echolocation,/mnt/ubna_data_01_mir/recover-20220825/UBNA_002/20220823_033000.WAV,Telephone Field,recover-20220825,002,1795
1537.2965,1537.3352,68437,82603,Rhinolophus ferrumequinum,0.025,0.025,-1,Echolocation,/mnt/ubna_data_01_mir/recover-20220825/UBNA_002/20220823_033000.WAV,Telephone Field,recover-20220825,002,1795
1537.3025,1537.3098,28046,39648,Eptesicus serotinus,0.007,0.023,-1,Echolocation,/mnt/ubna_data_01_mir/recover-20220825/UBNA_002/20220823_033000.WAV,Telephone Field,recover-20220825,002,1795
1537.3025,1537.3084,34921,44049,Myotis daubentonii,0.01,0.023,-1,Echolocation,/mnt/ubna_data_01_mir/recover-20220825/UBNA_002/20220823_033000.WAV,Telephone Field,recover-20220825,002,1795
1537.3385,1537.3472,28046,37102,Eptesicus serotinus,0.01,0.025,-1,Echolocation,/mnt/ubna_data_01_mir/recover-20220825/UBNA_002/20220823_033000.WAV,Telephone Field,recover-20220825,002,1795
1537.3565,1537.398,68437,82557,Rhinolophus ferrumequinum,0.025,0.025,-1,Echolocation,/mnt/ubna_data_01_mir/recover-20220825/UBNA_002/20220823_033000.WAV,Telephone Field,recover-20220825,002,1795
1537.3625,1537.3696,23750,32727,Plecotus austriacus,0.017,0.031,-1,Echolocation,/mnt/ubna_data_01_mir/recover-20220825/UBNA_002/20220823_033000.WAV,Telephone Field,recover-20220825,002,1795
1537.3845,1537.3925,27187,38446,Eptesicus serotinus,0.007,0.023,-1,Echolocation,/mnt/ubna_data_01_mir/recover-20220825/UBNA_002/20220823_033000.WAV,Telephone Field,recover-20220825,002,1795
1537.4335,1537.444,22031,27623,Nyctalus leisleri,0.01,0.024,-1,Echolocation,/mnt/ubna_data_01_mir/recover-20220825/UBNA_002/20220823_033000.WAV,Telephone Field,recover-20220825,002,1795
1537.4645,1537.5036,68437,82088,Rhinolophus ferrumequinum,0.022,0.022,-1,Echolocation,/mnt/ubna_data_01_mir/recover-20220825/UBNA_002/20220823_033000.WAV,Telephone Field,recover-20220825,002,1795
1537.4665,1537.4738,28046,39193,Eptesicus serotinus,0.01,0.03,-1,Echolocation,/mnt/ubna_data_01_mir/recover-20220825/UBNA_002/20220823_033000.WAV,Telephone Field,recover-20220825,002,1795
1537.5265,1537.5335,23750,32561,Plecotus austriacus,0.012,0.025,-1,Echolocation,/mnt/ubna_data_01_mir/recover-20220825/UBNA_002/20220823_033000.WAV,Telephone Field,recover-20220825,002,1795
1537.5525,1537.5933,68437,82834,Rhinolophus ferrumequinum,0.029,0.029,-1,Echolocation,/mnt/ubna_data_01_mir/recover-20220825/UBNA_002/20220823_033000.WAV,Telephone Field,recover-20220825,002,1795
1537.5575,1537.565,48671,59699,Pipistrellus pipistrellus,0.025,0.03,-1,Echolocation,/mnt/ubna_data_01_mir/recover-20220825/UBNA_002/20220823_033000.WAV,Telephone Field,recover-20220825,002,1795
1537.5935,1537.6314,68437,81473,Rhinolophus ferrumequinum,0.022,0.022,-1,Echolocation,/mnt/ubna_data_01_mir/recover-20220825/UBNA_002/20220823_033000.WAV,Telephone Field,recover-20220825,002,1795
1537.6215,1537.6644,68437,83224,Rhinolophus ferrumequinum,0.036,0.036,-1,Echolocation,/mnt/ubna_data_01_mir/recover-20220825/UBNA_002/20220823_033000.WAV,Telephone Field,recover-20220825,002,1795
1537.6375,1537.6483,23750,29832,Nyctalus leisleri,0.009,0.022,-1,Echolocation,/mnt/ubna_data_01_mir/recover-20220825/UBNA_002/20220823_033000.WAV,Telephone Field,recover-20220825,002,1795
1537.6985,1537.7071,22890,30513,Plecotus austriacus,0.009,0.023,-1,Echolocation,/mnt/ubna_data_01_mir/recover-20220825/UBNA_002/20220823_033000.WAV,Telephone Field,recover-20220825,002,1795
1537.7165,1537.755,68437,82717,Rhinolophus ferrumequinum,0.026,0.026,-1,Echolocation,/mnt/ubna_data_01_mir/recover-20220825/UBNA_002/20220823_033000.WAV,Telephone Field,recover-20220825,002,1795
1537.7385,1537.7509,22031,26125,Nyctalus leisleri,0.012,0.022,-1,Echolocation,/mnt/ubna_data_01_mir/recover-20220825/UBNA_002/20220823_033000.WAV,Telephone Field,recover-20220825,002,1795
1537.7435,1537.7803,68437,81867,Rhinolophus ferrumequinum,0.022,0.022,-1,Echolocation,/mnt/ubna_data_01_mir/recover-20220825/UBNA_002/20220823_033000.WAV,Telephone Field,recover-20220825,002,1795
1537.7575,1537.7962,68437,82124,Rhinolophus ferrumequinum,0.027,0.028,-1,Echolocation,/mnt/ubna_data_01_mir/recover-20220825/UBNA_002/20220823_033000.WAV,Telephone Field,recover-20220825,002,1795
1537.7855,1537.8233,68437,82372,Rhinolophus ferrumequinum,0.024,0.024,-1,Echolocation,/mnt/ubna_data_01_mir/recover-20220825/UBNA_002/20220823_033000.WAV,Telephone Field,recover-20220825,002,1795
1537.8015,1537.8088,28046,40775,Eptesicus serotinus,0.007,0.023,-1,Echolocation,/mnt/ubna_data_01_mir/recover-20220825/UBNA_002/20220823_033000.WAV,Telephone Field,recover-20220825,002,1795
1537.8215,1537.8631,68437,82978,Rhinolophus ferrumequinum,0.039,0.039,-1,Echolocation,/mnt/ubna_data_01_mir/recover-20220825/UBNA_002/20220823_033000.WAV,Telephone Field,recover-20220825,002,1795
1537.8435,1537.8504,27187,39118,Eptesicus serotinus,0.005,0.022,-1,Echolocation,/mnt/ubna_data_01_mir/recover-20220825/UBNA_002/20220823_033000.WAV,Telephone Field,recover-20220825,002,1795
1537.8625,1537.8713,26328,34750,Eptesicus serotinus,0.009,0.022,-1,Echolocation,/mnt/ubna_data_01_mir/recover-20220825/UBNA_002/20220823_033000.WAV,Telephone Field,recover-20220825,002,1795
1537.8905,1537.9275,68437,81387,Rhinolophus ferrumequinum,0.022,0.022,-1,Echolocation,/mnt/ubna_data_01_mir/recover-20220825/UBNA_002/20220823_033000.WAV,Telephone Field,recover-20220825,002,1795
1537.8925,1537.9038,46953,50046,Pipistrellus pipistrellus,0.062,0.068,-1,Echolocation,/mnt/ubna_data_01_mir/recover-20220825/UBNA_002/20220823_033000.WAV,Telephone Field,recover-20220825,002,1795
1537.9305,1537.9661,68437,81499,Rhinolophus ferrumequinum,0.023,0.023,-1,Echolocation,/mnt/ubna_data_01_mir/recover-20220825/UBNA_002/20220823_033000.WAV,Telephone Field,recover-20220825,002,1795
1537.9315,1537.9413,28046,36336,Eptesicus serotinus,0.012,0.027,-1,Echolocation,/mnt/ubna_data_01_mir/recover-20220825/UBNA_002/20220823_033000.WAV,Telephone Field,recover-20220825,002,1795
1537.9475,1537.9863,68437,82469,Rhinolophus ferrumequinum,0.022,0.022,-1,Echolocation,/mnt/ubna_data_01_mir/recover-20220825/UBNA_002/20220823_033000.WAV,Telephone Field,recover-20220825,002,1795
1537.9595,1537.97,25468,31098,Eptesicus serotinus,0.029,0.072,-1,Echolocation,/mnt/ubna_data_01_mir/recover-20220825/UBNA_002/20220823_033000.WAV,Telephone Field,recover-20220825,002,1795
1538.0015,1538.0106,23750,30244,Nyctalus leisleri,0.013,0.031,-1,Echolocation,/mnt/ubna_data_01_mir/recover-20220825/UBNA_002/20220823_033000.WAV,Telephone Field,recover-20220825,002,1795
1538.0015,1538.0322,68437,79564,Rhinolophus ferrumequinum,0.043,0.043,-1,Echolocation,/mnt/ubna_data_01_mir/recover-20220825/UBNA_002/20220823_033000.WAV,Telephone Field,recover-20220825,002,1795
1538.0015,1538.0108,47812,56172,Pipistrellus pipistrellus,0.013,0.023,-1,Echolocation,/mnt/ubna_data_01_mir/recover-20220825/UBNA_002/20220823_033000.WAV,Telephone Field,recover-20220825,002,1795
1538.0015,1538.0133,54687,59918,Pipistrellus pygmaeus,0.032,0.035,-1,Echolocation,/mnt/ubna_data_01_mir/recover-20220825/UBNA_002/20220823_033000.WAV,Telephone Field,recover-20220825,002,1795
1538.0095,1538.0515,68437,82374,Rhinolophus ferrumequinum,0.024,0.024,-1,Echolocation,/mnt/ubna_data_01_mir/recover-20220825/UBNA_002/20220823_033000.WAV,Telephone Field,recover-20220825,002,1795
1538.0145,1538.0232,25468,34175,Eptesicus serotinus,0.008,0.023,-1,Echolocation,/mnt/ubna_data_01_mir/recover-20220825/UBNA_002/20220823_033000.WAV,Telephone Field,recover-20220825,002,1795
1538.0395,1538.0487,24609,31850,Nyctalus leisleri,0.007,0.021,-1,Echolocation,/mnt/ubna_data_01_mir/recover-20220825/UBNA_002/20220823_033000.WAV,Telephone Field,recover-20220825,002,1795
1538.0695,1538.1076,68437,81944,Rhinolophus ferrumequinum,0.029,0.029,-1,Echolocation,/mnt/ubna_data_01_mir/recover-20220825/UBNA_002/20220823_033000.WAV,Telephone Field,recover-20220825,002,1795
1538.0795,1538.1183,68437,82462,Rhinolophus ferrumequinum,0.022,0.022,-1,Echolocation,/mnt/ubna_data_01_mir/recover-20220825/UBNA_002/20220823_033000.WAV,Telephone Field,recover-20220825,002,1795
1538.0805,1538.0875,27187,41372,Eptesicus serotinus,0.006,0.023,-1,Echolocation,/mnt/ubna_data_01_mir/recover-20220825/UBNA_002/20220823_033000.WAV,Telephone Field,recover-20220825,002,1795
1538.0895,1538.1276,68437,81851,Rhinolophus ferrumequinum,0.022,0.023,-1,Echolocation,/mnt/ubna_data_01_mir/recover-20220825/UBNA_002/20220823_033000.WAV,Telephone Field,recover-20220825,002,1795
1538.1325,1538.1698,68437,81464,Rhinolophus ferrumequinum,0.024,0.025,-1,Echolocation,/mnt/ubna_data_01_mir/recover-20220825/UBNA_002/20220823_033000.WAV,Telephone Field,recover-20220825,002,1795
1538.1335,1538.1444,22890,28794,Nyctalus leisleri,0.008,0.022,-1,Echolocation,/mnt/ubna_data_01_mir/recover-20220825/UBNA_002/20220823_033000.WAV,Telephone Field,recover-20220825,002,1795
1538.1675,1538.2055,68437,82215,Rhinolophus ferrumequinum,0.024,0.024,-1,Echolocation,/mnt/ubna_data_01_mir/recover-20220825/UBNA_002/20220823_033000.WAV,Telephone Field,recover-20220825,002,1795
1538.1885,1538.2309,68437,82808,Rhinolophus ferrumequinum,0.032,0.032,-1,Echolocation,/mnt/ubna_data_01_mir/recover-20220825/UBNA_002/20220823_033000.WAV,Telephone Field,recover-20220825,002,1795
1538.1975,1538.24,68437,83364,Rhinolophus ferrumequinum,0.028,0.028,-1,Echolocation,/mnt/ubna_data_01_mir/recover-20220825/UBNA_002/20220823_033000.WAV,Telephone Field,recover-20220825,002,1795
1538.1985,1538.2066,46093,52518,Pipistrellus pipistrellus,0.019,0.022,-1,Echolocation,/mnt/ubna_data_01_mir/recover-20220825/UBNA_002/20220823_033000.WAV,Telephone Field,recover-20220825,002,1795
1538.1995,1538.2183,20312,23436,Nyctalus leisleri,0.014,0.026,-1,Echolocation,/mnt/ubna_data_01_mir/recover-20220825/UBNA_002/20220823_033000.WAV,Telephone Field,recover-20220825,002,1795
1538.2145,1538.2527,68437,81783,Rhinolophus ferrumequinum,0.022,0.022,-1,Echolocation,/mnt/ubna_data_01_mir/recover-20220825/UBNA_002/20220823_033000.WAV,Telephone Field,recover-20220825,002,1795
1538.2315,1538.2707,68437,82377,Rhinolophus ferrumequinum,0.023,0.023,-1,Echolocation,/mnt/ubna_data_01_mir/recover-20220825/UBNA_002/20220823_033000.WAV,Telephone Field,recover-20220825,002,1795
1538.2395,1538.2787,68437,82052,Rhinolophus ferrumequinum,0.023,0.023,-1,Echolocation,/mnt/ubna_data_01_mir/recover-20220825/UBNA_002/20220823_033000.WAV,Telephone Field,recover-20220825,002,1795
1538.2815,1538.3212,68437,82499,Rhinolophus ferrumequinum,0.026,0.026,-1,Echolocation,/mnt/ubna_data_01_mir/recover-20220825/UBNA_002/20220823_033000.WAV,Telephone Field,recover-20220825,002,1795
1538.3025,1538.3399,68437,81392,Rhinolophus ferrumequinum,0.022,0.022,-1,Echolocation,/mnt/ubna_data_01_mir/recover-20220825/UBNA_002/20220823_033000.WAV,Telephone Field,recover-20220825,002,1795
1538.3135,1538.3483,68437,81446,Rhinolophus ferrumequinum,0.023,0.023,-1,Echolocation,/mnt/ubna_data_01_mir/recover-20220825/UBNA_002/20220823_033000.WAV,Telephone Field,recover-20220825,002,1795
1538.3155,1538.3248,28046,35898,Eptesicus serotinus,0.008,0.021,-1,Echolocation,/mnt/ubna_data_01_mir/recover-20220825/UBNA_002/20220823_033000.WAV,Telephone Field,recover-20220825,002,1795
1538.3605,1538.4023,68437,82876,Rhinolophus ferrumequinum,0.027,0.027,-1,Echolocation,/mnt/ubna_data_01_mir/recover-20220825/UBNA_002/20220823_033000.WAV,Telephone Field,recover-20220825,002,1795
1538.3765,1538.4146,68437,82163,Rhinolophus ferrumequinum,0.028,0.028,-1,Echolocation,/mnt/ubna_data_01_mir/recover-20220825/UBNA_002/20220823_033000.WAV,Telephone Field,recover-20220825,002,1795
1538.3955,1538.4354,68437,82470,Rhinolophus ferrumequinum,0.024,0.024,-1,Echolocation,/mnt/ubna_data_01_mir/recover-20220825/UBNA_002/20220823_033000.WAV,Telephone Field,recover-20220825,002,1795
1538.4095,1538.4502,68437,82589,Rhinolophus ferrumequinum,0.023,0.023,-1,Echolocation,/mnt/ubna_data_01_mir/recover-20220825/UBNA_002/20220823_033000.WAV,Telephone Field,recover-20220825,002,1795
1538.4305,1538.4714,68437,82712,Rhinolophus ferrumequinum,0.028,0.028,-1,Echolocation,/mnt/ubna_data_01_mir/recover-20220825/UBNA_002/20220823_033000.WAV,Telephone Field,recover-20220825,002,1795
1538.4655,1538.4772,42656,45823,Pipistrellus pipistrellus,0.024,0.029,-1,Echolocation,/mnt/ubna_data_01_mir/recover-20220825/UBNA_002/20220823_033000.WAV,Telephone Field,recover-20220825,002,1795
1538.4995,1538.5396,68437,82827,Rhinolophus ferrumequinum,0.034,0.034,-1,Echolocation,/mnt/ubna_data_01_mir/recover-20220825/UBNA_002/20220823_033000.WAV,Telephone Field,recover-20220825,002,1795
1538.5045,1538.5134,24609,32271,Nyctalus leisleri,0.01,0.039,-1,Echolocation,/mnt/ubna_data_01_mir/recover-20220825/UBNA_002/20220823_033000.WAV,Telephone Field,recover-20220825,002,1795
1538.5415,1538.5847,68437,83163,Rhinolophus ferrumequinum,0.033,0.033,-1,Echolocation,/mnt/ubna_data_01_mir/recover-20220825/UBNA_002/20220823_033000.WAV,Telephone Field,recover-20220825,002,1795
1538.5705,1538.6072,68437,81801,Rhinolophus ferrumequinum,0.022,0.022,-1,Echolocation,/mnt/ubna_data_01_mir/recover-20220825/UBNA_002/20220823_033000.WAV,Telephone Field,recover-20220825,002,1795
1538.5895,1538.6265,68437,81585,Rhinolophus ferrumequinum,0.027,0.027,-1,Echolocation,/mnt/ubna_data_01_mir/recover-20220825/UBNA_002/20220823_033000.WAV,Telephone Field,recover-20220825,002,1795
1538.6455,1538.6516,36640,47860,Myotis daubentonii,0.007,0.026,-1,Echolocation,/mnt/ubna_data_01_mir/recover-20220825/UBNA_002/20220823_033000.WAV,Telephone Field,recover-20220825,002,1795
1538.6475,1538.6528,27187,50557,Myotis nattereri,0.008,0.032,-1,Echolocation,/mnt/ubna_data_01_mir/recover-20220825/UBNA_002/20220823_033000.WAV,Telephone Field,recover-20220825,002,1795
1538.6525,1538.6931,68437,82801,Rhinolophus ferrumequinum,0.036,0.036,-1,Echolocation,/mnt/ubna_data_01_mir/recover-20220825/UBNA_002/20220823_033000.WAV,Telephone Field,recover-20220825,002,1795
1538.6925,1538.6989,28906,39899,Eptesicus serotinus,0.012,0.035,-1,Echolocation,/mnt/ubna_data_01_mir/recover-20220825/UBNA_002/20220823_033000.WAV,Telephone Field,recover-20220825,002,1795
1538.7365,1538.7753,68437,82382,Rhinolophus ferrumequinum,0.024,0.024,-1,Echolocation,/mnt/ubna_data_01_mir/recover-20220825/UBNA_002/20220823_033000.WAV,Telephone Field,recover-20220825,002,1795
1538.7445,1538.7535,28046,39106,Eptesicus serotinus,0.009,0.026,-1,Echolocation,/mnt/ubna_data_01_mir/recover-20220825/UBNA_002/20220823_033000.WAV,Telephone Field,recover-20220825,002,1795
1538.7545,1538.7913,68437,82271,Rhinolophus ferrumequinum,0.027,0.027,-1,Echolocation,/mnt/ubna_data_01_mir/recover-20220825/UBNA_002/20220823_033000.WAV,Telephone Field,recover-20220825,002,1795
1538.7595,1538.7706,25468,31959,Eptesicus serotinus,0.01,0.024,-1,Echolocation,/mnt/ubna_data_01_mir/recover-20220825/UBNA_002/20220823_033000.WAV,Telephone Field,recover-20220825,002,1795
1538.7815,1538.8219,68437,83031,Rhinolophus ferrumequinum,0.037,0.037,-1,Echolocation,/mnt/ubna_data_01_mir/recover-20220825/UBNA_002/20220823_033000.WAV,Telephone Field,recover-20220825,002,1795
1538.7935,1538.8007,27187,40441,Eptesicus serotinus,0.006,0.021,-1,Echolocation,/mnt/ubna_data_01_mir/recover-20220825/UBNA_002/20220823_033000.WAV,Telephone Field,recover-20220825,002,1795
1538.8095,1538.847,68437,82111,Rhinolophus ferrumequinum,0.024,0.024,-1,Echolocation,/mnt/ubna_data_01_mir/recover-20220825/UBNA_002/20220823_033000.WAV,Telephone Field,recover-20220825,002,1795
1538.8125,1538.8252,24609,29657,Nyctalus leisleri,0.012,0.027,-1,Echolocation,/mnt/ubna_data_01_mir/recover-20220825/UBNA_002/20220823_033000.WAV,Telephone Field,recover-20220825,002,1795
1538.8605,1538.8698,44375,48089,Pipistrellus pipistrellus,0.033,0.035,-1,Echolocation,/mnt/ubna_data_01_mir/recover-20220825/UBNA_002/20220823_033000.WAV,Telephone Field,recover-20220825,002,1795
1538.8635,1538.9011,68437,82643,Rhinolophus ferrumequinum,0.023,0.023,-1,Echolocation,/mnt/ubna_data_01_mir/recover-20220825/UBNA_002/20220823_033000.WAV,Telephone Field,recover-20220825,002,1795
1538.8745,1538.9126,68437,82099,Rhinolophus ferrumequinum,0.022,0.022,-1,Echolocation,/mnt/ubna_data_01_mir/recover-20220825/UBNA_002/20220823_033000.WAV,Telephone Field,recover-20220825,002,1795
1538.8845,1538.8957,22031,26707,Nyctalus leisleri,0.012,0.026,-1,Echolocation,/mnt/ubna_data_01_mir/recover-20220825/UBNA_002/20220823_033000.WAV,Telephone Field,recover-20220825,002,1795
1538.8855,1538.8943,58984,64520,Pipistrellus pygmaeus,0.037,0.037,-1,Echolocation,/mnt/ubna_data_01_mir/recover-20220825/UBNA_002/20220823_033000.WAV,Telephone Field,recover-20220825,002,1795
1538.9115,1538.9541,68437,82732,Rhinolophus ferrumequinum,0.032,0.032,-1,Echolocation,/mnt/ubna_data_01_mir/recover-20220825/UBNA_002/20220823_033000.WAV,Telephone Field,recover-20220825,002,1795
1538.9375,1538.9467,50390,54922,Pipistrellus pipistrellus,0.035,0.04,-1,Echolocation,/mnt/ubna_data_01_mir/recover-20220825/UBNA_002/20220823_033000.WAV,Telephone Field,recover-20220825,002,1795
1538.9395,1538.9523,24609,30096,Nyctalus leisleri,0.014,0.031,-1,Echolocation,/mnt/ubna_data_01_mir/recover-20220825/UBNA_002/20220823_033000.WAV,Telephone Field,recover-20220825,002,1795
1538.9515,1538.9602,27187,37135,Eptesicus serotinus,0.008,0.021,-1,Echolocation,/mnt/ubna_data_01_mir/recover-20220825/UBNA_002/20220823_033000.WAV,Telephone Field,recover-20220825,002,1795
1538.9695,1539.0104,68437,82871,Rhinolophus ferrumequinum,0.027,0.027,-1,Echolocation,/mnt/ubna_data_01_mir/recover-20220825/UBNA_002/20220823_033000.WAV,Telephone Field,recover-20220825,002,1795
1538.9795,1538.9864,23750,32143,Plecotus austriacus,0.011,0.024,-1,Echolocation,/mnt/ubna_data_01_mir/recover-20220825/UBNA_002/20220823_033000.WAV,Telephone Field,recover-20220825,002,1795
1538.9945,1539.0032,28046,38012,Eptesicus serotinus,0.008,0.021,-1,Echolocation,/mnt/ubna_data_01_mir/recover-20220825/UBNA_002/20220823_033000.WAV,Telephone Field,recover-20220825,002,1795
1539.0105,1539.052,68437,82843,Rhinolophus ferrumequinum,0.024,0.024,-1,Echolocation,/mnt/ubna_data_01_mir/recover-20220825/UBNA_002/20220823_033000.WAV,Telephone Field,recover-20220825,002,1795
1539.0305,1539.064,68437,80853,Rhinolophus ferrumequinum,0.023,0.023,-1,Echolocation,/mnt/ubna_data_01_mir/recover-20220825/UBNA_002/20220823_033000.WAV,Telephone Field,recover-20220825,002,1795
1539.0455,1539.0556,36640,43332,Pipistrellus nathusii,0.008,0.021,-1,Echolocation,/mnt/ubna_data_01_mir/recover-20220825/UBNA_002/20220823_033000.WAV,Telephone Field,recover-20220825,002,1795
1539.0645,1539.1013,68437,81610,Rhinolophus ferrumequinum,0.024,0.024,-1,Echolocation,/mnt/ubna_data_01_mir/recover-20220825/UBNA_002/20220823_033000.WAV,Telephone Field,recover-20220825,002,1795
1539.0915,1539.1309,68437,81603,Rhinolophus ferrumequinum,0.022,0.022,-1,Echolocation,/mnt/ubna_data_01_mir/recover-20220825/UBNA_002/20220823_033000.WAV,Telephone Field,recover-20220825,002,1795
1539.1065,1539.1449,68437,81987,Rhinolophus ferrumequinum,0.022,0.022,-1,Echolocation,/mnt/ubna_data_01_mir/recover-20220825/UBNA_002/20220823_033000.WAV,Telephone Field,recover-20220825,002,1795
1539.1245,1539.1323,28046,39256,Eptesicus serotinus,0.008,0.022,-1,Echolocation,/mnt/ubna_data_01_mir/recover-20220825/UBNA_002/20220823_033000.WAV,Telephone Field,recover-20220825,002,1795
1539.1315,1539.1707,68437,82088,Rhinolophus ferrumequinum,0.021,0.021,-1,Echolocation,/mnt/ubna_data_01_mir/recover-20220825/UBNA_002/20220823_033000.WAV,Telephone Field,recover-20220825,002,1795
1539.1385,1539.1495,38359,42439,Pipistrellus nathusii,0.019,0.028,-1,Echolocation,/mnt/ubna_data_01_mir/recover-20220825/UBNA_002/20220823_033000.WAV,Telephone Field,recover-20220825,002,1795
1539.1485,1539.1857,68437,82249,Rhinolophus ferrumequinum,0.022,0.022,-1,Echolocation,/mnt/ubna_data_01_mir/recover-20220825/UBNA_002/20220823_033000.WAV,Telephone Field,recover-20220825,002,1795
1539.1515,1539.1607,15156,22312,Nyctalus noctula,0.033,0.063,-1,Echolocation,/mnt/ubna_data_01_mir/recover-20220825/UBNA_002/20220823_033000.WAV,Telephone Field,recover-20220825,002,1795
1539.2065,1539.2457,68437,82622,Rhinolophus ferrumequinum,0.021,0.021,-1,Echolocation,/mnt/ubna_data_01_mir/recover-20220825/UBNA_002/20220823_033000.WAV,Telephone Field,recover-20220825,002,1795
1539.2325,1539.2715,68437,82188,Rhinolophus ferrumequinum,0.023,0.023,-1,Echolocation,/mnt/ubna_data_01_mir/recover-20220825/UBNA_002/20220823_033000.WAV,Telephone Field,recover-20220825,002,1795
1539.2405,1539.2809,68437,82373,Rhinolophus ferrumequinum,0.022,0.022,-1,Echolocation,/mnt/ubna_data_01_mir/recover-20220825/UBNA_002/20220823_033000.WAV,Telephone Field,recover-20220825,002,1795
1539.2445,1539.2533,28046,38585,Eptesicus serotinus,0.008,0.023,-1,Echolocation,/mnt/ubna_data_01_mir/recover-20220825/UBNA_002/20220823_033000.WAV,Telephone Field,recover-20220825,002,1795
1539.2485,1539.2674,19453,23365,Nyctalus noctula,0.013,0.022,-1,Echolocation,/mnt/ubna_data_01_mir/recover-20220825/UBNA_002/20220823_033000.WAV,Telephone Field,recover-20220825,002,1795
1539.2655,1539.2762,24609,31789,Nyctalus leisleri,0.01,0.03,-1,Echolocation,/mnt/ubna_data_01_mir/recover-20220825/UBNA_002/20220823_033000.WAV,Telephone Field,recover-20220825,002,1795
1539.3085,1539.3466,68437,82390,Rhinolophus ferrumequinum,0.027,0.027,-1,Echolocation,/mnt/ubna_data_01_mir/recover-20220825/UBNA_002/20220823_033000.WAV,Telephone Field,recover-20220825,002,1795
1539.3195,1539.3572,68437,82295,Rhinolophus ferrumequinum,0.022,0.022,-1,Echolocation,/mnt/ubna_data_01_mir/recover-20220825/UBNA_002/20220823_033000.WAV,Telephone Field,recover-20220825,002,1795
1539.3445,1539.3546,24609,31928,Eptesicus serotinus,0.009,0.025,-1,Echolocation,/mnt/ubna_data_01_mir/recover-20220825/UBNA_002/20220823_033000.WAV,Telephone Field,recover-20220825,002,1795
1539.3665,1539.407,68437,82132,Rhinolophus ferrumequinum,0.028,0.028,-1,Echolocation,/mnt/ubna_data_01_mir/recover-20220825/UBNA_002/20220823_033000.WAV,Telephone Field,recover-20220825,002,1795
1539.3905,1539.4007,22031,27391,Nyctalus leisleri,0.009,0.022,-1,Echolocation,/mnt/ubna_data_01_mir/recover-20220825/UBNA_002/20220823_033000.WAV,Telephone Field,recover-20220825,002,1795
1539.3955,1539.4367,68437,82347,Rhinolophus ferrumequinum,0.027,0.027,-1,Echolocation,/mnt/ubna_data_01_mir/recover-20220825/UBNA_002/20220823_033000.WAV,Telephone Field,recover-20220825,002,1795
1539.3955,1539.4032,28046,38321,Eptesicus serotinus,0.007,0.022,-1,Echolocation,/mnt/ubna_data_01_mir/recover-20220825/UBNA_002/20220823_033000.WAV,Telephone Field,recover-20220825,002,1795
1539.4185,1539.4602,68437,82528,Rhinolophus ferrumequinum,0.025,0.025,-1,Echolocation,/mnt/ubna_data_01_mir/recover-20220825/UBNA_002/20220823_033000.WAV,Telephone Field,recover-20220825,002,1795
1539.4395,1539.4499,29765,37321,Eptesicus serotinus,0.014,0.028,-1,Echolocation,/mnt/ubna_data_01_mir/recover-20220825/UBNA_002/20220823_033000.WAV,Telephone Field,recover-20220825,002,1795
1539.4525,1539.4619,51250,56862,Pipistrellus pipistrellus,0.019,0.026,-1,Echolocation,/mnt/ubna_data_01_mir/recover-20220825/UBNA_002/20220823_033000.WAV,Telephone Field,recover-20220825,002,1795
1539.4565,1539.4655,23750,31585,Plecotus austriacus,0.008,0.025,-1,Echolocation,/mnt/ubna_data_01_mir/recover-20220825/UBNA_002/20220823_033000.WAV,Telephone Field,recover-20220825,002,1795
1539.4705,1539.5094,68437,82643,Rhinolophus ferrumequinum,0.028,0.028,-1,Echolocation,/mnt/ubna_data_01_mir/recover-20220825/UBNA_002/20220823_033000.WAV,Telephone Field,recover-20220825,002,1795
1539.4935,1539.5042,23750,29690,Nyctalus leisleri,0.009,0.023,-1,Echolocation,/mnt/ubna_data_01_mir/recover-20220825/UBNA_002/20220823_033000.WAV,Telephone Field,recover-20220825,002,1795
1539.5205,1539.5307,22031,27573,Nyctalus leisleri,0.011,0.028,-1,Echolocation,/mnt/ubna_data_01_mir/recover-20220825/UBNA_002/20220823_033000.WAV,Telephone Field,recover-20220825,002,1795
1539.5495,1539.5889,68437,82083,Rhinolophus ferrumequinum,0.022,0.022,-1,Echolocation,/mnt/ubna_data_01_mir/recover-20220825/UBNA_002/20220823_033000.WAV,Telephone Field,recover-20220825,002,1795
1539.5825,1539.5891,27187,40897,Eptesicus serotinus,0.005,0.022,-1,Echolocation,/mnt/ubna_data_01_mir/recover-20220825/UBNA_002/20220823_033000.WAV,Telephone Field,recover-20220825,002,1795
1539.5915,1539.6298,68437,82588,Rhinolophus ferrumequinum,0.023,0.023,-1,Echolocation,/mnt/ubna_data_01_mir/recover-20220825/UBNA_002/20220823_033000.WAV,Telephone Field,recover-20220825,002,1795
1539.6115,1539.6528,68437,82908,Rhinolophus ferrumequinum,0.05,0.05,-1,Echolocation,/mnt/ubna_data_01_mir/recover-20220825/UBNA_002/20220823_033000.WAV,Telephone Field,recover-20220825,002,1795
1539.6345,1539.6411,28046,39995,Eptesicus serotinus,0.006,0.025,-1,Echolocation,/mnt/ubna_data_01_mir/recover-20220825/UBNA_002/20220823_033000.WAV,Telephone Field,recover-20220825,002,1795
1539.6405,1539.6806,68437,81914,Rhinolophus ferrumequinum,0.024,0.024,-1,Echolocation,/mnt/ubna_data_01_mir/recover-20220825/UBNA_002/20220823_033000.WAV,Telephone Field,recover-20220825,002,1795
1539.6415,1539.6507,49531,53771,Pipistrellus pipistrellus,0.084,0.102,-1,Echolocation,/mnt/ubna_data_01_mir/recover-20220825/UBNA_002/20220823_033000.WAV,Telephone Field,recover-20220825,002,1795
1539.6715,1539.6805,26328,35258,Eptesicus serotinus,0.008,0.022,-1,Echolocation,/mnt/ubna_data_01_mir/recover-20220825/UBNA_002/20220823_033000.WAV,Telephone Field,recover-20220825,002,1795
1539.6975,1539.7338,68437,81654,Rhinolophus ferrumequinum,0.022,0.022,-1,Echolocation,/mnt/ubna_data_01_mir/recover-20220825/UBNA_002/20220823_033000.WAV,Telephone Field,recover-20220825,002,1795
1539.7225,1539.7329,28906,36461,Eptesicus serotinus,0.01,0.025,-1,Echolocation,/mnt/ubna_data_01_mir/recover-20220825/UBNA_002/20220823_033000.WAV,Telephone Field,recover-20220825,002,1795
1539.7315,1539.7393,28046,38052,Eptesicus serotinus,0.008,0.023,-1,Echolocation,/mnt/ubna_data_01_mir/recover-20220825/UBNA_002/20220823_033000.WAV,Telephone Field,recover-20220825,002,1795
1539.7965,1539.807,23750,29821,Nyctalus leisleri,0.016,0.036,-1,Echolocation,/mnt/ubna_data_01_mir/recover-20220825/UBNA_002/20220823_033000.WAV,Telephone Field,recover-20220825,002,1795
1539.8115,1539.851,68437,82228,Rhinolophus ferrumequinum,0.029,0.029,-1,Echolocation,/mnt/ubna_data_01_mir/recover-20220825/UBNA_002/20220823_033000.WAV,Telephone Field,recover-20220825,002,1795
1539.8305,1539.8682,68437,82712,Rhinolophus ferrumequinum,0.024,0.024,-1,Echolocation,/mnt/ubna_data_01_mir/recover-20220825/UBNA_002/20220823_033000.WAV,Telephone Field,recover-20220825,002,1795
1539.8315,1539.8386,27187,40114,Eptesicus serotinus,0.006,0.023,-1,Echolocation,/mnt/ubna_data_01_mir/recover-20220825/UBNA_002/20220823_033000.WAV,Telephone Field,recover-20220825,002,1795
1539.8485,1539.8899,68437,82875,Rhinolophus ferrumequinum,0.036,0.036,-1,Echolocation,/mnt/ubna_data_01_mir/recover-20220825/UBNA_002/20220823_033000.WAV,Telephone Field,recover-20220825,002,1795
1539.8555,1539.8662,27187,36331,Eptesicus serotinus,0.011,0.024,-1,Echolocation,/mnt/ubna_data_01_mir/recover-20220825/UBNA_002/20220823_033000.WAV,Telephone Field,recover-20220825,002,1795
1539.8725,1539.9105,68437,82014,Rhinolophus ferrumequinum,0.026,0.026,-1,Echolocation,/mnt/ubna_data_01_mir/recover-20220825/UBNA_002/20220823_033000.WAV,Telephone Field,recover-20220825,002,1795
1539.8975,1539.9362,68437,82329,Rhinolophus ferrumequinum,0.022,0.022,-1,Echolocation,/mnt/ubna_data_01_mir/recover-20220825/UBNA_002/20220823_033000.WAV,Telephone Field,recover-20220825,002,1795
1539.9335,1539.9422,25468,36332,Eptesicus serotinus,0.006,0.025,-1,Echolocation,/mnt/ubna_data_01_mir/recover-20220825/UBNA_002/20220823_033000.WAV,Telephone Field,recover-20220825,002,1795
1539.9545,1539.9959,68437,83024,Rhinolophus ferrumequinum,0.027,0.027,-1,Echolocation,/mnt/ubna_data_01_mir/recover-20220825/UBNA_002/20220823_033000.WAV,Telephone Field,recover-20220825,002,1795
1539.9785,1539.9892,24609,30778,Nyctalus leisleri,0.01,0.025,-1,Echolocation,/mnt/ubna_data_01_mir/recover-20220825/UBNA_002/20220823_033000.WAV,Telephone Field,recover-20220825,002,1795
1540.0015,1540.0126,24609,31430,Nyctalus leisleri,0.014,0.035,-1,Echolocation,/mnt/ubna_data_01_mir/recover-20220825/UBNA_002/20220823_033000.WAV,Telephone Field,recover-20220825,002,1795
1540.0015,1540.0106,46953,51267,Pipistrellus pipistrellus,0.028,0.035,-1,Echolocation,/mnt/ubna_data_01_mir/recover-20220825/UBNA_002/20220823_033000.WAV,Telephone Field,recover-20220825,002,1795
1540.0015,1540.0346,69296,81371,Rhinolophus ferrumequinum,0.036,0.036,-1,Echolocation,/mnt/ubna_data_01_mir/recover-20220825/UBNA_002/20220823_033000.WAV,Telephone Field,recover-20220825,002,1795
1540.0165,1540.0561,68437,82778,Rhinolophus ferrumequinum,0.021,0.021,-1,Echolocation,/mnt/ubna_data_01_mir/recover-20220825/UBNA_002/20220823_033000.WAV,Telephone Field,recover-20220825,002,1795
1540.0495,1540.0596,22890,27706,Nyctalus leisleri,0.01,0.022,-1,Echolocation,/mnt/ubna_data_01_mir/recover-20220825/UBNA_002/20220823_033000.WAV,Telephone Field,recover-20220825,002,1795
1540.0655,1540.1027,68437,82289,Rhinolophus ferrumequinum,0.03,0.03,-1,Echolocation,/mnt/ubna_data_01_mir/recover-20220825/UBNA_002/20220823_033000.WAV,Telephone Field,recover-20220825,002,1795
1540.0795,1540.0899,28046,36795,Eptesicus serotinus,0.01,0.021,-1,Echolocation,/mnt/ubna_data_01_mir/recover-20220825/UBNA_002/20220823_033000.WAV,Telephone Field,recover-20220825,002,1795
1540.0875,1540.0962,28046,39048,Eptesicus serotinus,0.009,0.023,-1,Echolocation,/mnt/ubna_data_01_mir/recover-20220825/UBNA_002/20220823_033000.WAV,Telephone Field,recover-20220825,002,1795
1540.1065,1540.1518,68437,83647,Rhinolophus ferrumequinum,0.051,0.051,-1,Echolocation,/mnt/ubna_data_01_mir/recover-20220825/UBNA_002/20220823_033000.WAV,Telephone Field,recover-20220825,002,1795
1540.1415,1540.1854,68437,82833,Rhinolophus ferrumequinum,0.025,0.025,-1,Echolocation,/mnt/ubna_data_01_mir/recover-20220825/UBNA_002/20220823_033000.WAV,Telephone Field,recover-20220825,002,1795
1540.1735,1540.2102,68437,82106,Rhinolophus ferrumequinum,0.021,0.021,-1,Echolocation,/mnt/ubna_data_01_mir/recover-20220825/UBNA_002/20220823_033000.WAV,Telephone Field,recover-20220825,002,1795
1540.1985,1540.2341,68437,80959,Rhinolophus ferrumequinum,0.029,0.029,-1,Echolocation,/mnt/ubna_data_01_mir/recover-20220825/UBNA_002/20220823_033000.WAV,Telephone Field,recover-20220825,002,1795
1540.2395,1540.2495,28046,35918,Eptesicus serotinus,0.01,0.022,-1,Echolocation,/mnt/ubna_data_01_mir/recover-20220825/UBNA_002/20220823_033000.WAV,Telephone Field,recover-20220825,002,1795
1540.2415,1540.2818,68437,82557,Rhinolophus ferrumequinum,0.022,0.022,-1,Echolocation,/mnt/ubna_data_01_mir/recover-20220825/UBNA_002/20220823_033000.WAV,Telephone Field,recover-20220825,002,1795
1540.2735,1540.3138,68437,81873,Rhinolophus ferrumequinum,0.025,0.025,-1,Echolocation,/mnt/ubna_data_01_mir/recover-20220825/UBNA_002/20220823_033000.WAV,Telephone Field,recover-20220825,002,1795
1540.2875,1540.3243,68437,82183,Rhinolophus ferrumequinum,0.023,0.023,-1,Echolocation,/mnt/ubna_data_01_mir/recover-20220825/UBNA_002/20220823_033000.WAV,Telephone Field,recover-20220825,002,1795
1540.3355,1540.3436,26328,35364,Eptesicus serotinus,0.01,0.026,-1,Echolocation,/mnt/ubna_data_01_mir/recover-20220825/UBNA_002/20220823_033000.WAV,Telephone Field,recover-20220825,002,1795
1540.3445,1540.378,68437,80932,Rhinolophus ferrumequinum,0.023,0.023,-1,Echolocation,/mnt/ubna_data_01_mir/recover-20220825/UBNA_002/20220823_033000.WAV,Telephone Field,recover-20220825,002,1795
1540.3695,1540.4048,68437,81556,Rhinolophus ferrumequinum,0.024,0.024,-1,Echolocation,/mnt/ubna_data_01_mir/recover-20220825/UBNA_002/20220823_033000.WAV,Telephone Field,recover-20220825,002,1795
1540.3975,1540.4079,23750,29642,Nyctalus leisleri,0.009,0.023,-1,Echolocation,/mnt/ubna_data_01_mir/recover-20220825/UBNA_002/20220823_033000.WAV,Telephone Field,recover-20220825,002,1795
1540.4085,1540.4473,68437,82055,Rhinolophus ferrumequinum,0.023,0.023,-1,Echolocation,/mnt/ubna_data_01_mir/recover-20220825/UBNA_002/20220823_033000.WAV,Telephone Field,recover-20220825,002,1795
1540.4235,1540.4312,28906,39331,Eptesicus serotinus,0.007,0.022,-1,Echolocation,/mnt/ubna_data_01_mir/recover-20220825/UBNA_002/20220823_033000.WAV,Telephone Field,recover-20220825,002,1795
1540.4245,1540.4361,22031,26836,Nyctalus leisleri,0.011,0.023,-1,Echolocation,/mnt/ubna_data_01_mir/recover-20220825/UBNA_002/20220823_033000.WAV,Telephone Field,recover-20220825,002,1795
1540.4315,1540.4702,68437,82431,Rhinolophus ferrumequinum,0.024,0.024,-1,Echolocation,/mnt/ubna_data_01_mir/recover-20220825/UBNA_002/20220823_033000.WAV,Telephone Field,recover-20220825,002,1795
1540.4645,1540.5055,68437,82615,Rhinolophus ferrumequinum,0.027,0.028,-1,Echolocation,/mnt/ubna_data_01_mir/recover-20220825/UBNA_002/20220823_033000.WAV,Telephone Field,recover-20220825,002,1795
1540.5055,1540.5427,68437,81978,Rhinolophus ferrumequinum,0.023,0.023,-1,Echolocation,/mnt/ubna_data_01_mir/recover-20220825/UBNA_002/20220823_033000.WAV,Telephone Field,recover-20220825,002,1795
1540.5115,1540.5205,28046,37527,Eptesicus serotinus,0.011,0.024,-1,Echolocation,/mnt/ubna_data_01_mir/recover-20220825/UBNA_002/20220823_033000.WAV,Telephone Field,recover-20220825,002,1795
1540.5575,1540.5681,23750,29678,Nyctalus leisleri,0.018,0.045,-1,Echolocation,/mnt/ubna_data_01_mir/recover-20220825/UBNA_002/20220823_033000.WAV,Telephone Field,recover-20220825,002,1795
1540.5595,1540.5974,68437,81774,Rhinolophus ferrumequinum,0.022,0.022,-1,Echolocation,/mnt/ubna_data_01_mir/recover-20220825/UBNA_002/20220823_033000.WAV,Telephone Field,recover-20220825,002,1795
1540.5675,1540.5755,56406,61624,Pipistrellus pygmaeus,0.031,0.032,-1,Echolocation,/mnt/ubna_data_01_mir/recover-20220825/UBNA_002/20220823_033000.WAV,Telephone Field,recover-20220825,002,1795
1540.5925,1540.6024,28046,36007,Eptesicus serotinus,0.01,0.021,-1,Echolocation,/mnt/ubna_data_01_mir/recover-20220825/UBNA_002/20220823_033000.WAV,Telephone Field,recover-20220825,002,1795
1540.5945,1540.6349,68437,82447,Rhinolophus ferrumequinum,0.026,0.026,-1,Echolocation,/mnt/ubna_data_01_mir/recover-20220825/UBNA_002/20220823_033000.WAV,Telephone Field,recover-20220825,002,1795
1540.6165,1540.6548,68437,81856,Rhinolophus ferrumequinum,0.023,0.023,-1,Echolocation,/mnt/ubna_data_01_mir/recover-20220825/UBNA_002/20220823_033000.WAV,Telephone Field,recover-20220825,002,1795
1540.6385,1540.6798,68437,82845,Rhinolophus ferrumequinum,0.024,0.024,-1,Echolocation,/mnt/ubna_data_01_mir/recover-20220825/UBNA_002/20220823_033000.WAV,Telephone Field,recover-20220825,002,1795
1540.6405,1540.6538,22890,26409,Nyctalus leisleri,0.044,0.074,-1,Echolocation,/mnt/ubna_data_01_mir/recover-20220825/UBNA_002/20220823_033000.WAV,Telephone Field,recover-20220825,002,1795
1540.7035,1540.7113,28046,40810,Eptesicus serotinus,0.008,0.026,-1,Echolocation,/mnt/ubna_data_01_mir/recover-20220825/UBNA_002/20220823_033000.WAV,Telephone Field,recover-20220825,002,1795
1540.7255,1540.7647,68437,82037,Rhinolophus ferrumequinum,0.028,0.029,-1,Echolocation,/mnt/ubna_data_01_mir/recover-20220825/UBNA_002/20220823_033000.WAV,Telephone Field,recover-20220825,002,1795
1540.7465,1540.7846,68437,82426,Rhinolophus ferrumequinum,0.026,0.026,-1,Echolocation,/mnt/ubna_data_01_mir/recover-20220825/UBNA_002/20220823_033000.WAV,Telephone Field,recover-20220825,002,1795
1540.7715,1540.8142,68437,83254,Rhinolophus ferrumequinum,0.031,0.031,-1,Echolocation,/mnt/ubna_data_01_mir/recover-20220825/UBNA_002/20220823_033000.WAV,Telephone Field,recover-20220825,002,1795
1540.7885,1540.8275,68437,82080,Rhinolophus ferrumequinum,0.021,0.021,-1,Echolocation,/mnt/ubna_data_01_mir/recover-20220825/UBNA_002/20220823_033000.WAV,Telephone Field,recover-20220825,002,1795
1540.7995,1540.8408,68437,82868,Rhinolophus ferrumequinum,0.025,0.025,-1,Echolocation,/mnt/ubna_data_01_mir/recover-20220825/UBNA_002/20220823_033000.WAV,Telephone Field,recover-20220825,002,1795
1540.8095,1540.8172,28046,40398,Eptesicus serotinus,0.008,0.024,-1,Echolocation,/mnt/ubna_data_01_mir/recover-20220825/UBNA_002/20220823_033000.WAV,Telephone Field,recover-20220825,002,1795
1540.8205,1540.8572,68437,81531,Rhinolophus ferrumequinum,0.025,0.025,-1,Echolocation,/mnt/ubna_data_01_mir/recover-20220825/UBNA_002/20220823_033000.WAV,Telephone Field,recover-20220825,002,1795
1540.8525,1540.8913,68437,81944,Rhinolophus ferrumequinum,0.022,0.022,-1,Echolocation,/mnt/ubna_data_01_mir/recover-20220825/UBNA_002/20220823_033000.WAV,Telephone Field,recover-20220825,002,1795
1540.8785,1540.886,28046,38840,Eptesicus serotinus,0.007,0.023,-1,Echolocation,/mnt/ubna_data_01_mir/recover-20220825/UBNA_002/20220823_033000.WAV,Telephone Field,recover-20220825,002,1795
1540.8905,1540.9288,68437,81543,Rhinolophus ferrumequinum,0.026,0.026,-1,Echolocation,/mnt/ubna_data_01_mir/recover-20220825/UBNA_002/20220823_033000.WAV,Telephone Field,recover-20220825,002,1795
1540.9455,1540.9557,25468,31907,Eptesicus serotinus,0.009,0.024,-1,Echolocation,/mnt/ubna_data_01_mir/recover-20220825/UBNA_002/20220823_033000.WAV,Telephone Field,recover-20220825,002,1795
1540.9925,1541.003,23750,29928,Nyctalus leisleri,0.009,0.021,-1,Echolocation,/mnt/ubna_data_01_mir/recover-20220825/UBNA_002/20220823_033000.WAV,Telephone Field,recover-20220825,002,1795
1541.0065,1541.0176,22890,28639,Nyctalus leisleri,0.01,0.022,-1,Echolocation,/mnt/ubna_data_01_mir/recover-20220825/UBNA_002/20220823_033000.WAV,Telephone Field,recover-20220825,002,1795
1541.0085,1541.0478,68437,82014,Rhinolophus ferrumequinum,0.023,0.023,-1,Echolocation,/mnt/ubna_data_01_mir/recover-20220825/UBNA_002/20220823_033000.WAV,Telephone Field,recover-20220825,002,1795
1541.0145,1541.0238,24609,31594,Nyctalus leisleri,0.007,0.022,-1,Echolocation,/mnt/ubna_data_01_mir/recover-20220825/UBNA_002/20220823_033000.WAV,Telephone Field,recover-20220825,002,1795
1541.0785,1541.0874,25468,34441,Eptesicus serotinus,0.009,0.026,-1,Echolocation,/mnt/ubna_data_01_mir/recover-20220825/UBNA_002/20220823_033000.WAV,Telephone Field,recover-20220825,002,1795
1541.0955,1541.1314,68437,81463,Rhinolophus ferrumequinum,0.023,0.023,-1,Echolocation,/mnt/ubna_data_01_mir/recover-20220825/UBNA_002/20220823_033000.WAV,Telephone Field,recover-20220825,002,1795
1541.0985,1541.1111,33203,38875,Eptesicus serotinus,0.008,0.03,-1,Echolocation,/mnt/ubna_data_01_mir/recover-20220825/UBNA_002/20220823_033000.WAV,Telephone Field,recover-20220825,002,1795
1541.1305,1541.1706,68437,81959,Rhinolophus ferrumequinum,0.024,0.024,-1,Echolocation,/mnt/ubna_data_01_mir/recover-20220825/UBNA_002/20220823_033000.WAV,Telephone Field,recover-20220825,002,1795
1541.1415,1541.1486,27187,39138,Eptesicus serotinus,0.006,0.022,-1,Echolocation,/mnt/ubna_data_01_mir/recover-20220825/UBNA_002/20220823_033000.WAV,Telephone Field,recover-20220825,002,1795
1541.1735,1541.2107,68437,82576,Rhinolophus ferrumequinum,0.028,0.028,-1,Echolocation,/mnt/ubna_data_01_mir/recover-20220825/UBNA_002/20220823_033000.WAV,Telephone Field,recover-20220825,002,1795
1541.1885,1541.2304,68437,82846,Rhinolophus ferrumequinum,0.023,0.023,-1,Echolocation,/mnt/ubna_data_01_mir/recover-20220825/UBNA_002/20220823_033000.WAV,Telephone Field,recover-20220825,002,1795
1541.2185,1541.2303,24609,30863,Nyctalus leisleri,0.01,0.025,-1,Echolocation,/mnt/ubna_data_01_mir/recover-20220825/UBNA_002/20220823_033000.WAV,Telephone Field,recover-20220825,002,1795
1541.2225,1541.2612,68437,82076,Rhinolophus ferrumequinum,0.022,0.022,-1,Echolocation,/mnt/ubna_data_01_mir/recover-20220825/UBNA_002/20220823_033000.WAV,Telephone Field,recover-20220825,002,1795
1541.2325,1541.2399,25468,34586,Eptesicus serotinus,0.006,0.023,-1,Echolocation,/mnt/ubna_data_01_mir/recover-20220825/UBNA_002/20220823_033000.WAV,Telephone Field,recover-20220825,002,1795
1541.2375,1541.2438,47812,52113,Pipistrellus pipistrellus,0.019,0.021,-1,Echolocation,/mnt/ubna_data_01_mir/recover-20220825/UBNA_002/20220823_033000.WAV,Telephone Field,recover-20220825,002,1795
1541.2375,1541.2734,68437,81964,Rhinolophus ferrumequinum,0.022,0.022,-1,Echolocation,/mnt/ubna_data_01_mir/recover-20220825/UBNA_002/20220823_033000.WAV,Telephone Field,recover-20220825,002,1795
1541.2525,1541.2613,23750,31906,Nyctalus leisleri,0.007,0.023,-1,Echolocation,/mnt/ubna_data_01_mir/recover-20220825/UBNA_002/20220823_033000.WAV,Telephone Field,recover-20220825,002,1795
1541.2565,1541.2956,68437,81880,Rhinolophus ferrumequinum,0.021,0.021,-1,Echolocation,/mnt/ubna_data_01_mir/recover-20220825/UBNA_002/20220823_033000.WAV,Telephone Field,recover-20220825,002,1795
1541.2735,1541.3132,68437,82788,Rhinolophus ferrumequinum,0.024,0.024,-1,Echolocation,/mnt/ubna_data_01_mir/recover-20220825/UBNA_002/20220823_033000.WAV,Telephone Field,recover-20220825,002,1795
1541.2935,1541.301,28046,39341,Eptesicus serotinus,0.008,0.026,-1,Echolocation,/mnt/ubna_data_01_mir/recover-20220825/UBNA_002/20220823_033000.WAV,Telephone Field,recover-20220825,002,1795
1541.3335,1541.3709,68437,82184,Rhinolophus ferrumequinum,0.022,0.022,-1,Echolocation,/mnt/ubna_data_01_mir/recover-20220825/UBNA_002/20220823_033000.WAV,Telephone Field,recover-20220825,002,1795
1541.3345,1541.3489,22031,25623,Nyctalus leisleri,0.013,0.023,-1,Echolocation,/mnt/ubna_data_01_mir/recover-20220825/UBNA_002/20220823_033000.WAV,Telephone Field,recover-20220825,002,1795
1541.3545,1541.3931,68437,82170,Rhinolophus ferrumequinum,0.021,0.021,-1,Echolocation,/mnt/ubna_data_01_mir/recover-20220825/UBNA_002/20220823_033000.WAV,Telephone Field,recover-20220825,002,1795
1541.3695,1541.3776,51250,58241,Pipistrellus pipistrellus,0.019,0.023,-1,Echolocation,/mnt/ubna_data_01_mir/recover-20220825/UBNA_002/20220823_033000.WAV,Telephone Field,recover-20220825,002,1795
1541.3955,1541.4344,68437,81987,Rhinolophus ferrumequinum,0.023,0.023,-1,Echolocation,/mnt/ubna_data_01_mir/recover-20220825/UBNA_002/20220823_033000.WAV,Telephone Field,recover-20220825,002,1795
1541.4115,1541.4233,34062,39033,Pipistrellus nathusii,0.008,0.031,-1,Echolocation,/mnt/ubna_data_01_mir/recover-20220825/UBNA_002/20220823_033000.WAV,Telephone Field,recover-20220825,002,1795
1541.4375,1541.4773,68437,82100,Rhinolophus ferrumequinum,0.025,0.025,-1,Echolocation,/mnt/ubna_data_01_mir/recover-20220825/UBNA_002/20220823_033000.WAV,Telephone Field,recover-20220825,002,1795
1541.4635,1541.5014,68437,81998,Rhinolophus ferrumequinum,0.023,0.023,-1,Echolocation,/mnt/ubna_data_01_mir/recover-20220825/UBNA_002/20220823_033000.WAV,Telephone Field,recover-20220825,002,1795
1541.4675,1541.4769000000001,22031,27858,Nyctalus leisleri,0.008,0.023,-1,Echolocation,/mnt/ubna_data_01_mir/recover-20220825/UBNA_002/20220823_033000.WAV,Telephone Field,recover-20220825,002,1795
1541.4725,1541.5107,68437,81717,Rhinolophus ferrumequinum,0.022,0.022,-1,Echolocation,/mnt/ubna_data_01_mir/recover-20220825/UBNA_002/20220823_033000.WAV,Telephone Field,recover-20220825,002,1795
1541.5255,1541.5658,68437,82485,Rhinolophus ferrumequinum,0.023,0.023,-1,Echolocation,/mnt/ubna_data_01_mir/recover-20220825/UBNA_002/20220823_033000.WAV,Telephone Field,recover-20220825,002,1795
1541.5275,1541.5355,27187,38757,Eptesicus serotinus,0.007,0.022,-1,Echolocation,/mnt/ubna_data_01_mir/recover-20220825/UBNA_002/20220823_033000.WAV,Telephone Field,recover-20220825,002,1795
1541.5535,1541.5915,68437,82139,Rhinolophus ferrumequinum,0.025,0.025,-1,Echolocation,/mnt/ubna_data_01_mir/recover-20220825/UBNA_002/20220823_033000.WAV,Telephone Field,recover-20220825,002,1795
1541.5665,1541.5754,26328,35075,Eptesicus serotinus,0.011,0.026,-1,Echolocation,/mnt/ubna_data_01_mir/recover-20220825/UBNA_002/20220823_033000.WAV,Telephone Field,recover-20220825,002,1795
1541.5855,1541.6253,68437,82450,Rhinolophus ferrumequinum,0.024,0.024,-1,Echolocation,/mnt/ubna_data_01_mir/recover-20220825/UBNA_002/20220823_033000.WAV,Telephone Field,recover-20220825,002,1795
1541.6085,1541.6452,68437,82216,Rhinolophus ferrumequinum,0.023,0.023,-1,Echolocation,/mnt/ubna_data_01_mir/recover-20220825/UBNA_002/20220823_033000.WAV,Telephone Field,recover-20220825,002,1795
1541.6215,1541.6603,68437,82205,Rhinolophus ferrumequinum,0.021,0.021,-1,Echolocation,/mnt/ubna_data_01_mir/recover-20220825/UBNA_002/20220823_033000.WAV,Telephone Field,recover-20220825,002,1795
1541.6285,1541.6703,68437,82419,Rhinolophus ferrumequinum,0.022,0.022,-1,Echolocation,/mnt/ubna_data_01_mir/recover-20220825/UBNA_002/20220823_033000.WAV,Telephone Field,recover-20220825,002,1795
1541.6305,1541.6387,28046,39820,Eptesicus serotinus,0.007,0.023,-1,Echolocation,/mnt/ubna_data_01_mir/recover-20220825/UBNA_002/20220823_033000.WAV,Telephone Field,recover-20220825,002,1795
1541.6495,1541.6581,28046,37164,Eptesicus serotinus,0.01,0.022,-1,Echolocation,/mnt/ubna_data_01_mir/recover-20220825/UBNA_002/20220823_033000.WAV,Telephone Field,recover-20220825,002,1795
1541.6755,1541.7164,68437,83238,Rhinolophus ferrumequinum,0.033,0.033,-1,Echolocation,/mnt/ubna_data_01_mir/recover-20220825/UBNA_002/20220823_033000.WAV,Telephone Field,recover-20220825,002,1795
1541.6845,1541.6917,28046,38399,Eptesicus serotinus,0.015,0.04,-1,Echolocation,/mnt/ubna_data_01_mir/recover-20220825/UBNA_002/20220823_033000.WAV,Telephone Field,recover-20220825,002,1795
1541.6945,1541.7344,68437,82178,Rhinolophus ferrumequinum,0.027,0.027,-1,Echolocation,/mnt/ubna_data_01_mir/recover-20220825/UBNA_002/20220823_033000.WAV,Telephone Field,recover-20220825,002,1795
1541.7245,1541.7333,28046,37486,Eptesicus serotinus,0.009,0.023,-1,Echolocation,/mnt/ubna_data_01_mir/recover-20220825/UBNA_002/20220823_033000.WAV,Telephone Field,recover-20220825,002,1795
1541.7515,1541.7607,28046,38653,Eptesicus serotinus,0.009,0.022,-1,Echolocation,/mnt/ubna_data_01_mir/recover-20220825/UBNA_002/20220823_033000.WAV,Telephone Field,recover-20220825,002,1795
1541.7705,1541.8105,68437,82218,Rhinolophus ferrumequinum,0.021,0.021,-1,Echolocation,/mnt/ubna_data_01_mir/recover-20220825/UBNA_002/20220823_033000.WAV,Telephone Field,recover-20220825,002,1795
1541.7835,1541.8228,68437,82505,Rhinolophus ferrumequinum,0.022,0.022,-1,Echolocation,/mnt/ubna_data_01_mir/recover-20220825/UBNA_002/20220823_033000.WAV,Telephone Field,recover-20220825,002,1795
1541.7925,1541.8038,22890,29340,Nyctalus leisleri,0.013,0.032,-1,Echolocation,/mnt/ubna_data_01_mir/recover-20220825/UBNA_002/20220823_033000.WAV,Telephone Field,recover-20220825,002,1795
1541.8435,1541.8527,28906,38080,Eptesicus serotinus,0.008,0.022,-1,Echolocation,/mnt/ubna_data_01_mir/recover-20220825/UBNA_002/20220823_033000.WAV,Telephone Field,recover-20220825,002,1795
1541.8625,1541.899,68437,81966,Rhinolophus ferrumequinum,0.022,0.022,-1,Echolocation,/mnt/ubna_data_01_mir/recover-20220825/UBNA_002/20220823_033000.WAV,Telephone Field,recover-20220825,002,1795
1541.8975,1541.9378,68437,82450,Rhinolophus ferrumequinum,0.022,0.022,-1,Echolocation,/mnt/ubna_data_01_mir/recover-20220825/UBNA_002/20220823_033000.WAV,Telephone Field,recover-20220825,002,1795
1541.9235,1541.9632,68437,81745,Rhinolophus ferrumequinum,0.021,0.021,-1,Echolocation,/mnt/ubna_data_01_mir/recover-20220825/UBNA_002/20220823_033000.WAV,Telephone Field,recover-20220825,002,1795
1541.9345,1541.9752,68437,82369,Rhinolophus ferrumequinum,0.022,0.022,-1,Echolocation,/mnt/ubna_data_01_mir/recover-20220825/UBNA_002/20220823_033000.WAV,Telephone Field,recover-20220825,002,1795
1541.9385,1541.9472,32343,40955,Myotis daubentonii,0.009,0.026,-1,Echolocation,/mnt/ubna_data_01_mir/recover-20220825/UBNA_002/20220823_033000.WAV,Telephone Field,recover-20220825,002,1795
1541.9515,1541.9595,28046,39015,Eptesicus serotinus,0.007,0.022,-1,Echolocation,/mnt/ubna_data_01_mir/recover-20220825/UBNA_002/20220823_033000.WAV,Telephone Field,recover-20220825,002,1795
1541.9815,1541.9908,28906,37670,Eptesicus serotinus,0.009,0.022,-1,Echolocation,/mnt/ubna_data_01_mir/recover-20220825/UBNA_002/20220823_033000.WAV,Telephone Field,recover-20220825,002,1795
1542.0015,1542.0165,21171,26835,Nyctalus leisleri,0.022,0.051,-1,Echolocation,/mnt/ubna_data_01_mir/recover-20220825/UBNA_002/20220823_033000.WAV,Telephone Field,recover-20220825,002,1795
1542.0015,1542.0351,68437,80508,Rhinolophus ferrumequinum,0.059,0.059,-1,Echolocation,/mnt/ubna_data_01_mir/recover-20220825/UBNA_002/20220823_033000.WAV,Telephone Field,recover-20220825,002,1795
1542.0115,1542.056,68437,82799,Rhinolophus ferrumequinum,0.023,0.023,-1,Echolocation,/mnt/ubna_data_01_mir/recover-20220825/UBNA_002/20220823_033000.WAV,Telephone Field,recover-20220825,002,1795
1542.0625,1542.1025,68437,82683,Rhinolophus ferrumequinum,0.048,0.048,-1,Echolocation,/mnt/ubna_data_01_mir/recover-20220825/UBNA_002/20220823_033000.WAV,Telephone Field,recover-20220825,002,1795
1542.0745,1542.0914,20312,24252,Nyctalus leisleri,0.011,0.024,-1,Echolocation,/mnt/ubna_data_01_mir/recover-20220825/UBNA_002/20220823_033000.WAV,Telephone Field,recover-20220825,002,1795
1542.0965,1542.1363,68437,82645,Rhinolophus ferrumequinum,0.023,0.023,-1,Echolocation,/mnt/ubna_data_01_mir/recover-20220825/UBNA_002/20220823_033000.WAV,Telephone Field,recover-20220825,002,1795
1542.1075,1542.1454,68437,81886,Rhinolophus ferrumequinum,0.022,0.022,-1,Echolocation,/mnt/ubna_data_01_mir/recover-20220825/UBNA_002/20220823_033000.WAV,Telephone Field,recover-20220825,002,1795
1542.1165,1542.1273,26328,33253,Eptesicus serotinus,0.011,0.025,-1,Echolocation,/mnt/ubna_data_01_mir/recover-20220825/UBNA_002/20220823_033000.WAV,Telephone Field,recover-20220825,002,1795
1542.1425,1542.1806,68437,81884,Rhinolophus ferrumequinum,0.029,0.029,-1,Echolocation,/mnt/ubna_data_01_mir/recover-20220825/UBNA_002/20220823_033000.WAV,Telephone Field,recover-20220825,002,1795
1542.1675,1542.2068,68437,82325,Rhinolophus ferrumequinum,0.024,0.024,-1,Echolocation,/mnt/ubna_data_01_mir/recover-20220825/UBNA_002/20220823_033000.WAV,Telephone Field,recover-20220825,002,1795
1542.1775,1542.1839,27187,39841,Plecotus auritus,0.015,0.046,-1,Echolocation,/mnt/ubna_data_01_mir/recover-20220825/UBNA_002/20220823_033000.WAV,Telephone Field,recover-20220825,002,1795
1542.1885,1542.2317,68437,83031,Rhinolophus ferrumequinum,0.025,0.025,-1,Echolocation,/mnt/ubna_data_01_mir/recover-20220825/UBNA_002/20220823_033000.WAV,Telephone Field,recover-20220825,002,1795
1542.2145,1542.2576,68437,83337,Rhinolophus ferrumequinum,0.032,0.032,-1,Echolocation,/mnt/ubna_data_01_mir/recover-20220825/UBNA_002/20220823_033000.WAV,Telephone Field,recover-20220825,002,1795
1542.2385,1542.247,28046,38756,Eptesicus serotinus,0.008,0.022,-1,Echolocation,/mnt/ubna_data_01_mir/recover-20220825/UBNA_002/20220823_033000.WAV,Telephone Field,recover-20220825,002,1795
1542.2405,1542.2795,68437,82742,Rhinolophus ferrumequinum,0.021,0.021,-1,Echolocation,/mnt/ubna_data_01_mir/recover-20220825/UBNA_002/20220823_033000.WAV,Telephone Field,recover-20220825,002,1795
1542.2475,1542.2865,68437,81903,Rhinolophus ferrumequinum,0.023,0.023,-1,Echolocation,/mnt/ubna_data_01_mir/recover-20220825/UBNA_002/20220823_033000.WAV,Telephone Field,recover-20220825,002,1795
1542.2485,1542.2593,51250,56326,Pipistrellus pipistrellus,0.019,0.027,-1,Echolocation,/mnt/ubna_data_01_mir/recover-20220825/UBNA_002/20220823_033000.WAV,Telephone Field,recover-20220825,002,1795
1542.3065,1542.3437,68437,82088,Rhinolophus ferrumequinum,0.021,0.021,-1,Echolocation,/mnt/ubna_data_01_mir/recover-20220825/UBNA_002/20220823_033000.WAV,Telephone Field,recover-20220825,002,1795
1542.3195,1542.3569,68437,81820,Rhinolophus ferrumequinum,0.021,0.021,-1,Echolocation,/mnt/ubna_data_01_mir/recover-20220825/UBNA_002/20220823_033000.WAV,Telephone Field,recover-20220825,002,1795
1542.3285,1542.3384,26328,34205,Eptesicus serotinus,0.008,0.021,-1,Echolocation,/mnt/ubna_data_01_mir/recover-20220825/UBNA_002/20220823_033000.WAV,Telephone Field,recover-20220825,002,1795
1542.3485,1542.381,68437,80838,Rhinolophus ferrumequinum,0.023,0.023,-1,Echolocation,/mnt/ubna_data_01_mir/recover-20220825/UBNA_002/20220823_033000.WAV,Telephone Field,recover-20220825,002,1795
1542.3575,1542.396,68437,82035,Rhinolophus ferrumequinum,0.02,0.02,-1,Echolocation,/mnt/ubna_data_01_mir/recover-20220825/UBNA_002/20220823_033000.WAV,Telephone Field,recover-20220825,002,1795
1542.3595,1542.3677,28046,40806,Eptesicus serotinus,0.007,0.02,-1,Echolocation,/mnt/ubna_data_01_mir/recover-20220825/UBNA_002/20220823_033000.WAV,Telephone Field,recover-20220825,002,1795
1542.3705,1542.4105,68437,82020,Rhinolophus ferrumequinum,0.021,0.021,-1,Echolocation,/mnt/ubna_data_01_mir/recover-20220825/UBNA_002/20220823_033000.WAV,Telephone Field,recover-20220825,002,1795
1542.4155,1542.4558,68437,82855,Rhinolophus ferrumequinum,0.022,0.022,-1,Echolocation,/mnt/ubna_data_01_mir/recover-20220825/UBNA_002/20220823_033000.WAV,Telephone Field,recover-20220825,002,1795
1542.4795,1542.5151,68437,81675,Rhinolophus ferrumequinum,0.025,0.025,-1,Echolocation,/mnt/ubna_data_01_mir/recover-20220825/UBNA_002/20220823_033000.WAV,Telephone Field,recover-20220825,002,1795
1542.4975,1542.5091,23750,29830,Nyctalus leisleri,0.01,0.023,-1,Echolocation,/mnt/ubna_data_01_mir/recover-20220825/UBNA_002/20220823_033000.WAV,Telephone Field,recover-20220825,002,1795
1542.5405,1542.5812,68437,82396,Rhinolophus ferrumequinum,0.022,0.022,-1,Echolocation,/mnt/ubna_data_01_mir/recover-20220825/UBNA_002/20220823_033000.WAV,Telephone Field,recover-20220825,002,1795
1542.5735,1542.611,68437,81989,Rhinolophus ferrumequinum,0.022,0.022,-1,Echolocation,/mnt/ubna_data_01_mir/recover-20220825/UBNA_002/20220823_033000.WAV,Telephone Field,recover-20220825,002,1795
1542.5995,1542.6137,22031,25655,Nyctalus leisleri,0.015,0.023,-1,Echolocation,/mnt/ubna_data_01_mir/recover-20220825/UBNA_002/20220823_033000.WAV,Telephone Field,recover-20220825,002,1795
1542.6425,1542.6805,68437,81157,Rhinolophus ferrumequinum,0.023,0.023,-1,Echolocation,/mnt/ubna_data_01_mir/recover-20220825/UBNA_002/20220823_033000.WAV,Telephone Field,recover-20220825,002,1795
1542.6925,1542.7308,68437,82535,Rhinolophus ferrumequinum,0.023,0.023,-1,Echolocation,/mnt/ubna_data_01_mir/recover-20220825/UBNA_002/20220823_033000.WAV,Telephone Field,recover-20220825,002,1795
1542.7365,1542.7724,68437,81987,Rhinolophus ferrumequinum,0.021,0.021,-1,Echolocation,/mnt/ubna_data_01_mir/recover-20220825/UBNA_002/20220823_033000.WAV,Telephone Field,recover-20220825,002,1795
1542.7405,1542.7509,22890,27576,Nyctalus leisleri,0.011,0.021,-1,Echolocation,/mnt/ubna_data_01_mir/recover-20220825/UBNA_002/20220823_033000.WAV,Telephone Field,recover-20220825,002,1795
1542.7685,1542.8064,68437,81938,Rhinolophus ferrumequinum,0.022,0.022,-1,Echolocation,/mnt/ubna_data_01_mir/recover-20220825/UBNA_002/20220823_033000.WAV,Telephone Field,recover-20220825,002,1795
1542.7745,1542.7852,23750,30109,Nyctalus leisleri,0.011,0.025,-1,Echolocation,/mnt/ubna_data_01_mir/recover-20220825/UBNA_002/20220823_033000.WAV,Telephone Field,recover-20220825,002,1795
1542.7765,1542.8119,68437,81336,Rhinolophus ferrumequinum,0.02,0.02,-1,Echolocation,/mnt/ubna_data_01_mir/recover-20220825/UBNA_002/20220823_033000.WAV,Telephone Field,recover-20220825,002,1795
1542.7895,1542.7993,28046,43018,Eptesicus serotinus,0.009,0.023,-1,Echolocation,/mnt/ubna_data_01_mir/recover-20220825/UBNA_002/20220823_033000.WAV,Telephone Field,recover-20220825,002,1795
1542.7895,1542.8288,68437,82046,Rhinolophus ferrumequinum,0.024,0.024,-1,Echolocation,/mnt/ubna_data_01_mir/recover-20220825/UBNA_002/20220823_033000.WAV,Telephone Field,recover-20220825,002,1795
1542.8045,1542.8406,68437,81265,Rhinolophus ferrumequinum,0.022,0.022,-1,Echolocation,/mnt/ubna_data_01_mir/recover-20220825/UBNA_002/20220823_033000.WAV,Telephone Field,recover-20220825,002,1795
1542.8145,1542.822,28046,40279,Eptesicus serotinus,0.008,0.026,-1,Echolocation,/mnt/ubna_data_01_mir/recover-20220825/UBNA_002/20220823_033000.WAV,Telephone Field,recover-20220825,002,1795
1542.8245,1542.8636,68437,81992,Rhinolophus ferrumequinum,0.023,0.023,-1,Echolocation,/mnt/ubna_data_01_mir/recover-20220825/UBNA_002/20220823_033000.WAV,Telephone Field,recover-20220825,002,1795
1542.8315,1542.8731,68437,82759,Rhinolophus ferrumequinum,0.023,0.023,-1,Echolocation,/mnt/ubna_data_01_mir/recover-20220825/UBNA_002/20220823_033000.WAV,Telephone Field,recover-20220825,002,1795
1542.8665,1542.8738,24609,33965,Plecotus austriacus,0.009,0.025,-1,Echolocation,/mnt/ubna_data_01_mir/recover-20220825/UBNA_002/20220823_033000.WAV,Telephone Field,recover-20220825,002,1795
1542.9035,1542.9428,68437,81908,Rhinolophus ferrumequinum,0.023,0.023,-1,Echolocation,/mnt/ubna_data_01_mir/recover-20220825/UBNA_002/20220823_033000.WAV,Telephone Field,recover-20220825,002,1795
1542.9075,1542.9157,28906,39827,Eptesicus serotinus,0.008,0.023,-1,Echolocation,/mnt/ubna_data_01_mir/recover-20220825/UBNA_002/20220823_033000.WAV,Telephone Field,recover-20220825,002,1795
1542.9355,1542.9451,22890,28572,Nyctalus leisleri,0.011,0.025,-1,Echolocation,/mnt/ubna_data_01_mir/recover-20220825/UBNA_002/20220823_033000.WAV,Telephone Field,recover-20220825,002,1795
1542.9515,1542.993,68437,82910,Rhinolophus ferrumequinum,0.023,0.023,-1,Echolocation,/mnt/ubna_data_01_mir/recover-20220825/UBNA_002/20220823_033000.WAV,Telephone Field,recover-20220825,002,1795
1542.9725,1543.0132,68437,82577,Rhinolophus ferrumequinum,0.023,0.023,-1,Echolocation,/mnt/ubna_data_01_mir/recover-20220825/UBNA_002/20220823_033000.WAV,Telephone Field,recover-20220825,002,1795
1542.9805,1542.9879,47812,52272,Pipistrellus pipistrellus,0.031,0.034,-1,Echolocation,/mnt/ubna_data_01_mir/recover-20220825/UBNA_002/20220823_033000.WAV,Telephone Field,recover-20220825,002,1795
1543.0225,1543.0313,44375,52348,Pipistrellus pipistrellus,0.018,0.026,-1,Echolocation,/mnt/ubna_data_01_mir/recover-20220825/UBNA_002/20220823_033000.WAV,Telephone Field,recover-20220825,002,1795
1543.0485,1543.0918,68437,82589,Rhinolophus ferrumequinum,0.024,0.024,-1,Echolocation,/mnt/ubna_data_01_mir/recover-20220825/UBNA_002/20220823_033000.WAV,Telephone Field,recover-20220825,002,1795
1543.0505,1543.0578,27187,39801,Eptesicus serotinus,0.006,0.021,-1,Echolocation,/mnt/ubna_data_01_mir/recover-20220825/UBNA_002/20220823_033000.WAV,Telephone Field,recover-20220825,002,1795
1543.0785,1543.1186,68437,82545,Rhinolophus ferrumequinum,0.026,0.026,-1,Echolocation,/mnt/ubna_data_01_mir/recover-20220825/UBNA_002/20220823_033000.WAV,Telephone Field,recover-20220825,002,1795
1543.0865,1543.1263,68437,82583,Rhinolophus ferrumequinum,0.021,0.021,-1,Echolocation,/mnt/ubna_data_01_mir/recover-20220825/UBNA_002/20220823_033000.WAV,Telephone Field,recover-20220825,002,1795
1543.0865,1543.0934,27187,37303,Eptesicus serotinus,0.006,0.021,-1,Echolocation,/mnt/ubna_data_01_mir/recover-20220825/UBNA_002/20220823_033000.WAV,Telephone Field,recover-20220825,002,1795
1543.0965,1543.1346,68437,81676,Rhinolophus ferrumequinum,0.022,0.022,-1,Echolocation,/mnt/ubna_data_01_mir/recover-20220825/UBNA_002/20220823_033000.WAV,Telephone Field,recover-20220825,002,1795
1543.1095,1543.1461,68437,81681,Rhinolophus ferrumequinum,0.021,0.021,-1,Echolocation,/mnt/ubna_data_01_mir/recover-20220825/UBNA_002/20220823_033000.WAV,Telephone Field,recover-20220825,002,1795
1543.1205,1543.129,28046,40027,Eptesicus serotinus,0.006,0.021,-1,Echolocation,/mnt/ubna_data_01_mir/recover-20220825/UBNA_002/20220823_033000.WAV,Telephone Field,recover-20220825,002,1795
1543.1395,1543.1756,68437,81433,Rhinolophus ferrumequinum,0.022,0.022,-1,Echolocation,/mnt/ubna_data_01_mir/recover-20220825/UBNA_002/20220823_033000.WAV,Telephone Field,recover-20220825,002,1795
1543.1545,1543.1923,68437,81696,Rhinolophus ferrumequinum,0.02,0.02,-1,Echolocation,/mnt/ubna_data_01_mir/recover-20220825/UBNA_002/20220823_033000.WAV,Telephone Field,recover-20220825,002,1795
1543.1755,1543.2138,68437,81049,Rhinolophus ferrumequinum,0.023,0.023,-1,Echolocation,/mnt/ubna_data_01_mir/recover-20220825/UBNA_002/20220823_033000.WAV,Telephone Field,recover-20220825,002,1795
1543.1845,1543.1951,22890,27295,Nyctalus leisleri,0.011,0.021,-1,Echolocation,/mnt/ubna_data_01_mir/recover-20220825/UBNA_002/20220823_033000.WAV,Telephone Field,recover-20220825,002,1795
1543.2005,1543.211,22890,28013,Nyctalus leisleri,0.01,0.02,-1,Echolocation,/mnt/ubna_data_01_mir/recover-20220825/UBNA_002/20220823_033000.WAV,Telephone Field,recover-20220825,002,1795
1543.2435,1543.2845,68437,81760,Rhinolophus ferrumequinum,0.023,0.023,-1,Echolocation,/mnt/ubna_data_01_mir/recover-20220825/UBNA_002/20220823_033000.WAV,Telephone Field,recover-20220825,002,1795
1543.2865,1543.2941,27187,36539,Eptesicus serotinus,0.009,0.024,-1,Echolocation,/mnt/ubna_data_01_mir/recover-20220825/UBNA_002/20220823_033000.WAV,Telephone Field,recover-20220825,002,1795
1543.2995,1543.3357,68437,82190,Rhinolophus ferrumequinum,0.023,0.023,-1,Echolocation,/mnt/ubna_data_01_mir/recover-20220825/UBNA_002/20220823_033000.WAV,Telephone Field,recover-20220825,002,1795
1543.3305,1543.3707,68437,82674,Rhinolophus ferrumequinum,0.025,0.025,-1,Echolocation,/mnt/ubna_data_01_mir/recover-20220825/UBNA_002/20220823_033000.WAV,Telephone Field,recover-20220825,002,1795
1543.3365,1543.3463,25468,33873,Eptesicus serotinus,0.009,0.021,-1,Echolocation,/mnt/ubna_data_01_mir/recover-20220825/UBNA_002/20220823_033000.WAV,Telephone Field,recover-20220825,002,1795
1543.3645,1543.4016,68437,81485,Rhinolophus ferrumequinum,0.02,0.021,-1,Echolocation,/mnt/ubna_data_01_mir/recover-20220825/UBNA_002/20220823_033000.WAV,Telephone Field,recover-20220825,002,1795
1543.3775,1543.3862,28906,38208,Eptesicus serotinus,0.007,0.02,-1,Echolocation,/mnt/ubna_data_01_mir/recover-20220825/UBNA_002/20220823_033000.WAV,Telephone Field,recover-20220825,002,1795
1543.3805,1543.3869,49531,57485,Pipistrellus pipistrellus,0.017,0.021,-1,Echolocation,/mnt/ubna_data_01_mir/recover-20220825/UBNA_002/20220823_033000.WAV,Telephone Field,recover-20220825,002,1795
1543.4565,1543.4933,68437,81250,Rhinolophus ferrumequinum,0.024,0.024,-1,Echolocation,/mnt/ubna_data_01_mir/recover-20220825/UBNA_002/20220823_033000.WAV,Telephone Field,recover-20220825,002,1795
1543.4715,1543.5086,68437,81492,Rhinolophus ferrumequinum,0.021,0.021,-1,Echolocation,/mnt/ubna_data_01_mir/recover-20220825/UBNA_002/20220823_033000.WAV,Telephone Field,recover-20220825,002,1795
1543.4725,1543.4794,25468,35184,Plecotus austriacus,0.007,0.024,-1,Echolocation,/mnt/ubna_data_01_mir/recover-20220825/UBNA_002/20220823_033000.WAV,Telephone Field,recover-20220825,002,1795
1543.5055,1543.5508,68437,82988,Rhinolophus ferrumequinum,0.026,0.026,-1,Echolocation,/mnt/ubna_data_01_mir/recover-20220825/UBNA_002/20220823_033000.WAV,Telephone Field,recover-20220825,002,1795
1543.5335,1543.5754,68437,83086,Rhinolophus ferrumequinum,0.031,0.031,-1,Echolocation,/mnt/ubna_data_01_mir/recover-20220825/UBNA_002/20220823_033000.WAV,Telephone Field,recover-20220825,002,1795
1543.5845,1543.5951,30625,38140,Eptesicus serotinus,0.008,0.021,-1,Echolocation,/mnt/ubna_data_01_mir/recover-20220825/UBNA_002/20220823_033000.WAV,Telephone Field,recover-20220825,002,1795
1543.5865,1543.5986,22031,26038,Nyctalus leisleri,0.013,0.023,-1,Echolocation,/mnt/ubna_data_01_mir/recover-20220825/UBNA_002/20220823_033000.WAV,Telephone Field,recover-20220825,002,1795
1543.6125,1543.6555,68437,82672,Rhinolophus ferrumequinum,0.042,0.042,-1,Echolocation,/mnt/ubna_data_01_mir/recover-20220825/UBNA_002/20220823_033000.WAV,Telephone Field,recover-20220825,002,1795
1543.6455,1543.6529,28906,38652,Eptesicus serotinus,0.006,0.023,-1,Echolocation,/mnt/ubna_data_01_mir/recover-20220825/UBNA_002/20220823_033000.WAV,Telephone Field,recover-20220825,002,1795
1543.6545,1543.6931,68437,82104,Rhinolophus ferrumequinum,0.027,0.027,-1,Echolocation,/mnt/ubna_data_01_mir/recover-20220825/UBNA_002/20220823_033000.WAV,Telephone Field,recover-20220825,002,1795
1543.6775,1543.7192,68437,83064,Rhinolophus ferrumequinum,0.03,0.03,-1,Echolocation,/mnt/ubna_data_01_mir/recover-20220825/UBNA_002/20220823_033000.WAV,Telephone Field,recover-20220825,002,1795
1543.7125,1543.7512,68437,81855,Rhinolophus ferrumequinum,0.022,0.022,-1,Echolocation,/mnt/ubna_data_01_mir/recover-20220825/UBNA_002/20220823_033000.WAV,Telephone Field,recover-20220825,002,1795
1543.7305,1543.7718,68437,82190,Rhinolophus ferrumequinum,0.026,0.026,-1,Echolocation,/mnt/ubna_data_01_mir/recover-20220825/UBNA_002/20220823_033000.WAV,Telephone Field,recover-20220825,002,1795
1543.7355,1543.7774,68437,82681,Rhinolophus ferrumequinum,0.026,0.026,-1,Echolocation,/mnt/ubna_data_01_mir/recover-20220825/UBNA_002/20220823_033000.WAV,Telephone Field,recover-20220825,002,1795
1543.7435,1543.7532,24609,33030,Eptesicus serotinus,0.008,0.024,-1,Echolocation,/mnt/ubna_data_01_mir/recover-20220825/UBNA_002/20220823_033000.WAV,Telephone Field,recover-20220825,002,1795
1543.7505,1543.7586,24609,33119,Plecotus austriacus,0.007,0.026,-1,Echolocation,/mnt/ubna_data_01_mir/recover-20220825/UBNA_002/20220823_033000.WAV,Telephone Field,recover-20220825,002,1795
1543.7545,1543.7927,68437,82507,Rhinolophus ferrumequinum,0.022,0.022,-1,Echolocation,/mnt/ubna_data_01_mir/recover-20220825/UBNA_002/20220823_033000.WAV,Telephone Field,recover-20220825,002,1795
1543.7665,1543.8053,68437,82280,Rhinolophus ferrumequinum,0.022,0.022,-1,Echolocation,/mnt/ubna_data_01_mir/recover-20220825/UBNA_002/20220823_033000.WAV,Telephone Field,recover-20220825,002,1795
1543.7805,1543.8196,68437,81885,Rhinolophus ferrumequinum,0.022,0.022,-1,Echolocation,/mnt/ubna_data_01_mir/recover-20220825/UBNA_002/20220823_033000.WAV,Telephone Field,recover-20220825,002,1795
1543.8015,1543.8397,68437,81628,Rhinolophus ferrumequinum,0.023,0.023,-1,Echolocation,/mnt/ubna_data_01_mir/recover-20220825/UBNA_002/20220823_033000.WAV,Telephone Field,recover-20220825,002,1795
1543.8285,1543.8684,68437,82378,Rhinolophus ferrumequinum,0.028,0.028,-1,Echolocation,/mnt/ubna_data_01_mir/recover-20220825/UBNA_002/20220823_033000.WAV,Telephone Field,recover-20220825,002,1795
1543.8295,1543.8359,24609,37148,Plecotus austriacus,0.015,0.036,-1,Echolocation,/mnt/ubna_data_01_mir/recover-20220825/UBNA_002/20220823_033000.WAV,Telephone Field,recover-20220825,002,1795
1543.8575,1543.8979,68437,82131,Rhinolophus ferrumequinum,0.021,0.022,-1,Echolocation,/mnt/ubna_data_01_mir/recover-20220825/UBNA_002/20220823_033000.WAV,Telephone Field,recover-20220825,002,1795
1543.8585,1543.8673,28046,37250,Eptesicus serotinus,0.008,0.021,-1,Echolocation,/mnt/ubna_data_01_mir/recover-20220825/UBNA_002/20220823_033000.WAV,Telephone Field,recover-20220825,002,1795
1543.8735,1543.9076,68437,80802,Rhinolophus ferrumequinum,0.02,0.021,-1,Echolocation,/mnt/ubna_data_01_mir/recover-20220825/UBNA_002/20220823_033000.WAV,Telephone Field,recover-20220825,002,1795
1543.8755,1543.8828,28046,39877,Eptesicus serotinus,0.007,0.021,-1,Echolocation,/mnt/ubna_data_01_mir/recover-20220825/UBNA_002/20220823_033000.WAV,Telephone Field,recover-20220825,002,1795
1543.8925,1543.933,68437,82420,Rhinolophus ferrumequinum,0.024,0.024,-1,Echolocation,/mnt/ubna_data_01_mir/recover-20220825/UBNA_002/20220823_033000.WAV,Telephone Field,recover-20220825,002,1795
1543.9005,1543.9408,68437,82528,Rhinolophus ferrumequinum,0.024,0.024,-1,Echolocation,/mnt/ubna_data_01_mir/recover-20220825/UBNA_002/20220823_033000.WAV,Telephone Field,recover-20220825,002,1795
1543.9155,1543.9555,68437,82204,Rhinolophus ferrumequinum,0.028,0.028,-1,Echolocation,/mnt/ubna_data_01_mir/recover-20220825/UBNA_002/20220823_033000.WAV,Telephone Field,recover-20220825,002,1795
1543.9165,1543.9273,22890,28109,Nyctalus leisleri,0.01,0.022,-1,Echolocation,/mnt/ubna_data_01_mir/recover-20220825/UBNA_002/20220823_033000.WAV,Telephone Field,recover-20220825,002,1795
1543.9245,1543.9642,68437,82267,Rhinolophus ferrumequinum,0.024,0.024,-1,Echolocation,/mnt/ubna_data_01_mir/recover-20220825/UBNA_002/20220823_033000.WAV,Telephone Field,recover-20220825,002,1795
1543.9505,1543.9585,24609,32655,Plecotus austriacus,0.006,0.021,-1,Echolocation,/mnt/ubna_data_01_mir/recover-20220825/UBNA_002/20220823_033000.WAV,Telephone Field,recover-20220825,002,1795
1544.0015,1544.0345,69296,81803,Rhinolophus ferrumequinum,0.026,0.026,-1,Echolocation,/mnt/ubna_data_01_mir/recover-20220825/UBNA_002/20220823_033000.WAV,Telephone Field,recover-20220825,002,1795
1544.0015,1544.0163,53828,60017,Pipistrellus pygmaeus,0.017,0.023,-1,Echolocation,/mnt/ubna_data_01_mir/recover-20220825/UBNA_002/20220823_033000.WAV,Telephone Field,recover-20220825,002,1795
1544.0015,1544.0101,25468,35292,Nyctalus leisleri,0.011,0.036,-1,Echolocation,/mnt/ubna_data_01_mir/recover-20220825/UBNA_002/20220823_033000.WAV,Telephone Field,recover-20220825,002,1795
1544.0245,1544.0343,28046,36062,Eptesicus serotinus,0.01,0.023,-1,Echolocation,/mnt/ubna_data_01_mir/recover-20220825/UBNA_002/20220823_033000.WAV,Telephone Field,recover-20220825,002,1795
1544.0445,1544.0843,68437,81751,Rhinolophus ferrumequinum,0.022,0.022,-1,Echolocation,/mnt/ubna_data_01_mir/recover-20220825/UBNA_002/20220823_033000.WAV,Telephone Field,recover-20220825,002,1795
1544.0565,1544.0914,68437,81899,Rhinolophus ferrumequinum,0.022,0.023,-1,Echolocation,/mnt/ubna_data_01_mir/recover-20220825/UBNA_002/20220823_033000.WAV,Telephone Field,recover-20220825,002,1795
1544.0985,1544.1358,68437,82196,Rhinolophus ferrumequinum,0.025,0.025,-1,Echolocation,/mnt/ubna_data_01_mir/recover-20220825/UBNA_002/20220823_033000.WAV,Telephone Field,recover-20220825,002,1795
1544.0985,1544.1081,25468,32889,Eptesicus serotinus,0.009,0.023,-1,Echolocation,/mnt/ubna_data_01_mir/recover-20220825/UBNA_002/20220823_033000.WAV,Telephone Field,recover-20220825,002,1795
1544.1215,1544.1626,68437,82900,Rhinolophus ferrumequinum,0.022,0.022,-1,Echolocation,/mnt/ubna_data_01_mir/recover-20220825/UBNA_002/20220823_033000.WAV,Telephone Field,recover-20220825,002,1795
1544.1235,1544.1302,28046,41674,Eptesicus serotinus,0.007,0.025,-1,Echolocation,/mnt/ubna_data_01_mir/recover-20220825/UBNA_002/20220823_033000.WAV,Telephone Field,recover-20220825,002,1795
1544.1575,1544.1966,68437,82090,Rhinolophus ferrumequinum,0.025,0.025,-1,Echolocation,/mnt/ubna_data_01_mir/recover-20220825/UBNA_002/20220823_033000.WAV,Telephone Field,recover-20220825,002,1795
1544.2285,1544.2344,25468,36398,Plecotus austriacus,0.013,0.038,-1,Echolocation,/mnt/ubna_data_01_mir/recover-20220825/UBNA_002/20220823_033000.WAV,Telephone Field,recover-20220825,002,1795
1544.2945,1544.3031,22890,30850,Plecotus austriacus,0.009,0.022,-1,Echolocation,/mnt/ubna_data_01_mir/recover-20220825/UBNA_002/20220823_033000.WAV,Telephone Field,recover-20220825,002,1795
1544.3185,1544.328,23750,30535,Nyctalus leisleri,0.008,0.024,-1,Echolocation,/mnt/ubna_data_01_mir/recover-20220825/UBNA_002/20220823_033000.WAV,Telephone Field,recover-20220825,002,1795
1544.3415,1544.3788,68437,81958,Rhinolophus ferrumequinum,0.024,0.024,-1,Echolocation,/mnt/ubna_data_01_mir/recover-20220825/UBNA_002/20220823_033000.WAV,Telephone Field,recover-20220825,002,1795
1544.3505,1544.3891,68437,81842,Rhinolophus ferrumequinum,0.022,0.022,-1,Echolocation,/mnt/ubna_data_01_mir/recover-20220825/UBNA_002/20220823_033000.WAV,Telephone Field,recover-20220825,002,1795
1544.4055,1544.4403,68437,81908,Rhinolophus ferrumequinum,0.022,0.022,-1,Echolocation,/mnt/ubna_data_01_mir/recover-20220825/UBNA_002/20220823_033000.WAV,Telephone Field,recover-20220825,002,1795
1544.4365,1544.4778,68437,82498,Rhinolophus ferrumequinum,0.031,0.031,-1,Echolocation,/mnt/ubna_data_01_mir/recover-20220825/UBNA_002/20220823_033000.WAV,Telephone Field,recover-20220825,002,1795
1544.4385,1544.4468,28046,39414,Eptesicus serotinus,0.008,0.022,-1,Echolocation,/mnt/ubna_data_01_mir/recover-20220825/UBNA_002/20220823_033000.WAV,Telephone Field,recover-20220825,002,1795
1544.4685,1544.4744,28046,39420,Eptesicus serotinus,0.006,0.024,-1,Echolocation,/mnt/ubna_data_01_mir/recover-20220825/UBNA_002/20220823_033000.WAV,Telephone Field,recover-20220825,002,1795
1544.4775,1544.517,68437,82498,Rhinolophus ferrumequinum,0.024,0.024,-1,Echolocation,/mnt/ubna_data_01_mir/recover-20220825/UBNA_002/20220823_033000.WAV,Telephone Field,recover-20220825,002,1795
1544.4895,1544.498,50390,54845,Pipistrellus pipistrellus,0.022,0.025,-1,Echolocation,/mnt/ubna_data_01_mir/recover-20220825/UBNA_002/20220823_033000.WAV,Telephone Field,recover-20220825,002,1795
1544.5085,1544.5191,22890,28042,Nyctalus leisleri,0.011,0.022,-1,Echolocation,/mnt/ubna_data_01_mir/recover-20220825/UBNA_002/20220823_033000.WAV,Telephone Field,recover-20220825,002,1795
1544.5185,1544.5263,46953,51785,Pipistrellus pipistrellus,0.022,0.024,-1,Echolocation,/mnt/ubna_data_01_mir/recover-20220825/UBNA_002/20220823_033000.WAV,Telephone Field,recover-20220825,002,1795
1544.5565,1544.5959,68437,82187,Rhinolophus ferrumequinum,0.023,0.023,-1,Echolocation,/mnt/ubna_data_01_mir/recover-20220825/UBNA_002/20220823_033000.WAV,Telephone Field,recover-20220825,002,1795
1544.5805,1544.5885,28046,37922,Eptesicus serotinus,0.009,0.025,-1,Echolocation,/mnt/ubna_data_01_mir/recover-20220825/UBNA_002/20220823_033000.WAV,Telephone Field,recover-20220825,002,1795
1544.5955,1544.635,68437,82427,Rhinolophus ferrumequinum,0.022,0.022,-1,Echolocation,/mnt/ubna_data_01_mir/recover-20220825/UBNA_002/20220823_033000.WAV,Telephone Field,recover-20220825,002,1795
1544.6085,1544.6165,24609,33190,Eptesicus serotinus,0.007,0.025,-1,Echolocation,/mnt/ubna_data_01_mir/recover-20220825/UBNA_002/20220823_033000.WAV,Telephone Field,recover-20220825,002,1795
1544.6265,1544.668,68437,81977,Rhinolophus ferrumequinum,0.026,0.026,-1,Echolocation,/mnt/ubna_data_01_mir/recover-20220825/UBNA_002/20220823_033000.WAV,Telephone Field,recover-20220825,002,1795
1544.6795,1544.6908,23750,29091,Nyctalus leisleri,0.011,0.025,-1,Echolocation,/mnt/ubna_data_01_mir/recover-20220825/UBNA_002/20220823_033000.WAV,Telephone Field,recover-20220825,002,1795
1544.7155,1544.7533,68437,81913,Rhinolophus ferrumequinum,0.022,0.022,-1,Echolocation,/mnt/ubna_data_01_mir/recover-20220825/UBNA_002/20220823_033000.WAV,Telephone Field,recover-20220825,002,1795
1544.7315,1544.7462,43515,46378,Pipistrellus pipistrellus,0.036,0.057,-1,Echolocation,/mnt/ubna_data_01_mir/recover-20220825/UBNA_002/20220823_033000.WAV,Telephone Field,recover-20220825,002,1795
1544.7425,1544.7497,28046,40178,Eptesicus serotinus,0.009,0.026,-1,Echolocation,/mnt/ubna_data_01_mir/recover-20220825/UBNA_002/20220823_033000.WAV,Telephone Field,recover-20220825,002,1795
1544.8025,1544.8412,68437,82078,Rhinolophus ferrumequinum,0.022,0.022,-1,Echolocation,/mnt/ubna_data_01_mir/recover-20220825/UBNA_002/20220823_033000.WAV,Telephone Field,recover-20220825,002,1795
1544.8115,1544.8214,23750,31052,Nyctalus leisleri,0.008,0.024,-1,Echolocation,/mnt/ubna_data_01_mir/recover-20220825/UBNA_002/20220823_033000.WAV,Telephone Field,recover-20220825,002,1795
1544.8285,1544.8362,44375,50934,Pipistrellus pipistrellus,0.014,0.022,-1,Echolocation,/mnt/ubna_data_01_mir/recover-20220825/UBNA_002/20220823_033000.WAV,Telephone Field,recover-20220825,002,1795
1544.8605,1544.8678,28046,37777,Eptesicus serotinus,0.009,0.025,-1,Echolocation,/mnt/ubna_data_01_mir/recover-20220825/UBNA_002/20220823_033000.WAV,Telephone Field,recover-20220825,002,1795
1544.8735,1544.9136,68437,82799,Rhinolophus ferrumequinum,0.027,0.027,-1,Echolocation,/mnt/ubna_data_01_mir/recover-20220825/UBNA_002/20220823_033000.WAV,Telephone Field,recover-20220825,002,1795
1544.8975,1544.9341,68437,82159,Rhinolophus ferrumequinum,0.023,0.023,-1,Echolocation,/mnt/ubna_data_01_mir/recover-20220825/UBNA_002/20220823_033000.WAV,Telephone Field,recover-20220825,002,1795
1544.9035,1544.9395,68437,81611,Rhinolophus ferrumequinum,0.024,0.024,-1,Echolocation,/mnt/ubna_data_01_mir/recover-20220825/UBNA_002/20220823_033000.WAV,Telephone Field,recover-20220825,002,1795
1544.9095,1544.9166,43515,48205,Pipistrellus pipistrellus,0.033,0.04,-1,Echolocation,/mnt/ubna_data_01_mir/recover-20220825/UBNA_002/20220823_033000.WAV,Telephone Field,recover-20220825,002,1795
1544.9475,1544.9876,68437,82894,Rhinolophus ferrumequinum,0.022,0.022,-1,Echolocation,/mnt/ubna_data_01_mir/recover-20220825/UBNA_002/20220823_033000.WAV,Telephone Field,recover-20220825,002,1795
1545.0005,1545.0378,68437,81302,Rhinolophus ferrumequinum,0.025,0.025,-1,Echolocation,/mnt/ubna_data_01_mir/recover-20220825/UBNA_002/20220823_033000.WAV,Telephone Field,recover-20220825,002,1795
1545.0165,1545.0314,22031,26068,Nyctalus leisleri,0.012,0.022,-1,Echolocation,/mnt/ubna_data_01_mir/recover-20220825/UBNA_002/20220823_033000.WAV,Telephone Field,recover-20220825,002,1795
1545.0275,1545.0364,23750,31319,Plecotus austriacus,0.007,0.022,-1,Echolocation,/mnt/ubna_data_01_mir/recover-20220825/UBNA_002/20220823_033000.WAV,Telephone Field,recover-20220825,002,1795
1545.0585,1545.0652,23750,33389,Plecotus austriacus,0.013,0.028,-1,Echolocation,/mnt/ubna_data_01_mir/recover-20220825/UBNA_002/20220823_033000.WAV,Telephone Field,recover-20220825,002,1795
1545.0875,1545.094,42656,54559,Myotis mystacinus,0.01,0.042,-1,Echolocation,/mnt/ubna_data_01_mir/recover-20220825/UBNA_002/20220823_033000.WAV,Telephone Field,recover-20220825,002,1795
1545.1105,1545.1508,68437,82843,Rhinolophus ferrumequinum,0.022,0.022,-1,Echolocation,/mnt/ubna_data_01_mir/recover-20220825/UBNA_002/20220823_033000.WAV,Telephone Field,recover-20220825,002,1795
1545.1195,1545.1285,22890,29117,Nyctalus leisleri,0.008,0.023,-1,Echolocation,/mnt/ubna_data_01_mir/recover-20220825/UBNA_002/20220823_033000.WAV,Telephone Field,recover-20220825,002,1795
1545.1385,1545.183,68437,83859,Rhinolophus ferrumequinum,0.031,0.031,-1,Echolocation,/mnt/ubna_data_01_mir/recover-20220825/UBNA_002/20220823_033000.WAV,Telephone Field,recover-20220825,002,1795
1545.1595,1545.1694,23750,30328,Nyctalus leisleri,0.008,0.022,-1,Echolocation,/mnt/ubna_data_01_mir/recover-20220825/UBNA_002/20220823_033000.WAV,Telephone Field,recover-20220825,002,1795
1545.1745,1545.2103,68437,81995,Rhinolophus ferrumequinum,0.023,0.023,-1,Echolocation,/mnt/ubna_data_01_mir/recover-20220825/UBNA_002/20220823_033000.WAV,Telephone Field,recover-20220825,002,1795
1545.1985,1545.2411,68437,82890,Rhinolophus ferrumequinum,0.035,0.035,-1,Echolocation,/mnt/ubna_data_01_mir/recover-20220825/UBNA_002/20220823_033000.WAV,Telephone Field,recover-20220825,002,1795
1545.1995,1545.207,28046,38016,Eptesicus serotinus,0.007,0.022,-1,Echolocation,/mnt/ubna_data_01_mir/recover-20220825/UBNA_002/20220823_033000.WAV,Telephone Field,recover-20220825,002,1795
1545.2105,1545.2197,28046,36406,Eptesicus serotinus,0.01,0.023,-1,Echolocation,/mnt/ubna_data_01_mir/recover-20220825/UBNA_002/20220823_033000.WAV,Telephone Field,recover-20220825,002,1795
1545.3585,1545.3977,68437,82407,Rhinolophus ferrumequinum,0.023,0.023,-1,Echolocation,/mnt/ubna_data_01_mir/recover-20220825/UBNA_002/20220823_033000.WAV,Telephone Field,recover-20220825,002,1795
1545.4085,1545.4451,68437,81919,Rhinolophus ferrumequinum,0.023,0.023,-1,Echolocation,/mnt/ubna_data_01_mir/recover-20220825/UBNA_002/20220823_033000.WAV,Telephone Field,recover-20220825,002,1795
1545.4375,1545.4463,23750,31207,Plecotus austriacus,0.006,0.022,-1,Echolocation,/mnt/ubna_data_01_mir/recover-20220825/UBNA_002/20220823_033000.WAV,Telephone Field,recover-20220825,002,1795
1545.4865,1545.4933,28046,40319,Eptesicus serotinus,0.006,0.025,-1,Echolocation,/mnt/ubna_data_01_mir/recover-20220825/UBNA_002/20220823_033000.WAV,Telephone Field,recover-20220825,002,1795
1545.5135,1545.5207,27187,39490,Eptesicus serotinus,0.006,0.022,-1,Echolocation,/mnt/ubna_data_01_mir/recover-20220825/UBNA_002/20220823_033000.WAV,Telephone Field,recover-20220825,002,1795
1545.5275,1545.5647,68437,82609,Rhinolophus ferrumequinum,0.032,0.032,-1,Echolocation,/mnt/ubna_data_01_mir/recover-20220825/UBNA_002/20220823_033000.WAV,Telephone Field,recover-20220825,002,1795
1545.5395,1545.571,68437,79837,Rhinolophus ferrumequinum,0.022,0.022,-1,Echolocation,/mnt/ubna_data_01_mir/recover-20220825/UBNA_002/20220823_033000.WAV,Telephone Field,recover-20220825,002,1795
1545.5645,1545.5757,54687,62006,Pipistrellus pygmaeus,0.021,0.026,-1,Echolocation,/mnt/ubna_data_01_mir/recover-20220825/UBNA_002/20220823_033000.WAV,Telephone Field,recover-20220825,002,1795
1545.5705,1545.5784,22890,32228,Plecotus austriacus,0.011,0.025,-1,Echolocation,/mnt/ubna_data_01_mir/recover-20220825/UBNA_002/20220823_033000.WAV,Telephone Field,recover-20220825,002,1795
1545.6565,1545.6686,24609,29369,Nyctalus leisleri,0.116,0.26,-1,Echolocation,/mnt/ubna_data_01_mir/recover-20220825/UBNA_002/20220823_033000.WAV,Telephone Field,recover-20220825,002,1795
1545.6605,1545.7014,68437,83260,Rhinolophus ferrumequinum,0.027,0.027,-1,Echolocation,/mnt/ubna_data_01_mir/recover-20220825/UBNA_002/20220823_033000.WAV,Telephone Field,recover-20220825,002,1795
1545.7035,1545.7437,68437,82625,Rhinolophus ferrumequinum,0.025,0.025,-1,Echolocation,/mnt/ubna_data_01_mir/recover-20220825/UBNA_002/20220823_033000.WAV,Telephone Field,recover-20220825,002,1795
1545.7295,1545.7458,21171,24922,Nyctalus leisleri,0.022,0.042,-1,Echolocation,/mnt/ubna_data_01_mir/recover-20220825/UBNA_002/20220823_033000.WAV,Telephone Field,recover-20220825,002,1795
1545.7555,1545.7932,68437,82753,Rhinolophus ferrumequinum,0.029,0.029,-1,Echolocation,/mnt/ubna_data_01_mir/recover-20220825/UBNA_002/20220823_033000.WAV,Telephone Field,recover-20220825,002,1795
1545.7695,1545.8123,68437,82897,Rhinolophus ferrumequinum,0.025,0.025,-1,Echolocation,/mnt/ubna_data_01_mir/recover-20220825/UBNA_002/20220823_033000.WAV,Telephone Field,recover-20220825,002,1795
1545.7755,1545.7834,23750,31904,Plecotus austriacus,0.008,0.022,-1,Echolocation,/mnt/ubna_data_01_mir/recover-20220825/UBNA_002/20220823_033000.WAV,Telephone Field,recover-20220825,002,1795
1545.7785,1545.7856,47812,51571,Pipistrellus pipistrellus,0.024,0.026,-1,Echolocation,/mnt/ubna_data_01_mir/recover-20220825/UBNA_002/20220823_033000.WAV,Telephone Field,recover-20220825,002,1795
1545.7905,1545.8274,68437,82040,Rhinolophus ferrumequinum,0.023,0.023,-1,Echolocation,/mnt/ubna_data_01_mir/recover-20220825/UBNA_002/20220823_033000.WAV,Telephone Field,recover-20220825,002,1795
1545.7965,1545.8069,23750,30104,Nyctalus leisleri,0.01,0.027,-1,Echolocation,/mnt/ubna_data_01_mir/recover-20220825/UBNA_002/20220823_033000.WAV,Telephone Field,recover-20220825,002,1795
1545.8185,1545.8606,68437,82989,Rhinolophus ferrumequinum,0.032,0.032,-1,Echolocation,/mnt/ubna_data_01_mir/recover-20220825/UBNA_002/20220823_033000.WAV,Telephone Field,recover-20220825,002,1795
1545.8245,1545.8314,56406,61418,Pipistrellus pygmaeus,0.022,0.023,-1,Echolocation,/mnt/ubna_data_01_mir/recover-20220825/UBNA_002/20220823_033000.WAV,Telephone Field,recover-20220825,002,1795
1545.8415,1545.8772,68437,81052,Rhinolophus ferrumequinum,0.022,0.023,-1,Echolocation,/mnt/ubna_data_01_mir/recover-20220825/UBNA_002/20220823_033000.WAV,Telephone Field,recover-20220825,002,1795
1545.8985,1545.9056,27187,38678,Eptesicus serotinus,0.006,0.023,-1,Echolocation,/mnt/ubna_data_01_mir/recover-20220825/UBNA_002/20220823_033000.WAV,Telephone Field,recover-20220825,002,1795
1545.9065,1545.9464,68437,82561,Rhinolophus ferrumequinum,0.024,0.024,-1,Echolocation,/mnt/ubna_data_01_mir/recover-20220825/UBNA_002/20220823_033000.WAV,Telephone Field,recover-20220825,002,1795
1545.9705,1545.9764,40937,55596,Myotis daubentonii,0.007,0.028,-1,Echolocation,/mnt/ubna_data_01_mir/recover-20220825/UBNA_002/20220823_033000.WAV,Telephone Field,recover-20220825,002,1795
1545.9715,1545.9815,23750,30454,Nyctalus leisleri,0.009,0.025,-1,Echolocation,/mnt/ubna_data_01_mir/recover-20220825/UBNA_002/20220823_033000.WAV,Telephone Field,recover-20220825,002,1795
1545.9715,1545.9772,34062,60949,Myotis brandtii,0.01,0.024,-1,Echolocation,/mnt/ubna_data_01_mir/recover-20220825/UBNA_002/20220823_033000.WAV,Telephone Field,recover-20220825,002,1795
1546.0015,1546.0155,54687,62178,Pipistrellus pygmaeus,0.026,0.03,-1,Echolocation,/mnt/ubna_data_01_mir/recover-20220825/UBNA_002/20220823_033000.WAV,Telephone Field,recover-20220825,002,1795
1546.0015,1546.0115,25468,32174,Nyctalus leisleri,0.009,0.026,-1,Echolocation,/mnt/ubna_data_01_mir/recover-20220825/UBNA_002/20220823_033000.WAV,Telephone Field,recover-20220825,002,1795
1546.0015,1546.0298,68437,79624,Rhinolophus ferrumequinum,0.038,0.039,-1,Echolocation,/mnt/ubna_data_01_mir/recover-20220825/UBNA_002/20220823_033000.WAV,Telephone Field,recover-20220825,002,1795
1546.0095,1546.0175,51250,59410,Pipistrellus pygmaeus,0.02,0.024,-1,Echolocation,/mnt/ubna_data_01_mir/recover-20220825/UBNA_002/20220823_033000.WAV,Telephone Field,recover-20220825,002,1795
1546.0175,1546.0266,42656,49021,Pipistrellus nathusii,0.03,0.039,-1,Echolocation,/mnt/ubna_data_01_mir/recover-20220825/UBNA_002/20220823_033000.WAV,Telephone Field,recover-20220825,002,1795
1546.0245,1546.0333,27187,38128,Eptesicus serotinus,0.014,0.03,-1,Echolocation,/mnt/ubna_data_01_mir/recover-20220825/UBNA_002/20220823_033000.WAV,Telephone Field,recover-20220825,002,1795
1546.0315,1546.043,26328,33212,Eptesicus serotinus,0.018,0.032,-1,Echolocation,/mnt/ubna_data_01_mir/recover-20220825/UBNA_002/20220823_033000.WAV,Telephone Field,recover-20220825,002,1795
1546.0445,1546.0519,28046,39647,Eptesicus serotinus,0.012,0.027,-1,Echolocation,/mnt/ubna_data_01_mir/recover-20220825/UBNA_002/20220823_033000.WAV,Telephone Field,recover-20220825,002,1795
1546.0605,1546.0683,41796,49965,Pipistrellus nathusii,0.01,0.024,-1,Echolocation,/mnt/ubna_data_01_mir/recover-20220825/UBNA_002/20220823_033000.WAV,Telephone Field,recover-20220825,002,1795
1546.0655,1546.0731,27187,37680,Eptesicus serotinus,0.009,0.024,-1,Echolocation,/mnt/ubna_data_01_mir/recover-20220825/UBNA_002/20220823_033000.WAV,Telephone Field,recover-20220825,002,1795
1546.0675,1546.077,56406,67833,Pipistrellus pygmaeus,0.036,0.036,-1,Echolocation,/mnt/ubna_data_01_mir/recover-20220825/UBNA_002/20220823_033000.WAV,Telephone Field,recover-20220825,002,1795
1546.0955,1546.1084,22031,28230,Nyctalus leisleri,0.008,0.025,-1,Echolocation,/mnt/ubna_data_01_mir/recover-20220825/UBNA_002/20220823_033000.WAV,Telephone Field,recover-20220825,002,1795
1546.0995,1546.1064,27187,43304,Eptesicus serotinus,0.009,0.025,-1,Echolocation,/mnt/ubna_data_01_mir/recover-20220825/UBNA_002/20220823_033000.WAV,Telephone Field,recover-20220825,002,1795
1546.1435,1546.1573,15156,19698,Nyctalus noctula,0.027,0.051,-1,Echolocation,/mnt/ubna_data_01_mir/recover-20220825/UBNA_002/20220823_033000.WAV,Telephone Field,recover-20220825,002,1795
1546.1435,1546.1512,40937,48364,Pipistrellus nathusii,0.157,0.277,-1,Echolocation,/mnt/ubna_data_01_mir/recover-20220825/UBNA_002/20220823_033000.WAV,Telephone Field,recover-20220825,002,1795
1546.1685,1546.181,23750,28686,Nyctalus leisleri,0.011,0.024,-1,Echolocation,/mnt/ubna_data_01_mir/recover-20220825/UBNA_002/20220823_033000.WAV,Telephone Field,recover-20220825,002,1795
1546.1885,1546.1966,41796,51234,Pipistrellus nathusii,0.013,0.025,-1,Echolocation,/mnt/ubna_data_01_mir/recover-20220825/UBNA_002/20220823_033000.WAV,Telephone Field,recover-20220825,002,1795
1546.1955,1546.2027,54687,63552,Pipistrellus pygmaeus,0.023,0.024,-1,Echolocation,/mnt/ubna_data_01_mir/recover-20220825/UBNA_002/20220823_033000.WAV,Telephone Field,recover-20220825,002,1795
1546.2085,1546.2163,43515,50779,Pipistrellus nathusii,0.021,0.044,-1,Echolocation,/mnt/ubna_data_01_mir/recover-20220825/UBNA_002/20220823_033000.WAV,Telephone Field,recover-20220825,002,1795
1546.2125,1546.2195,48671,54525,Pipistrellus pipistrellus,0.024,0.037,-1,Echolocation,/mnt/ubna_data_01_mir/recover-20220825/UBNA_002/20220823_033000.WAV,Telephone Field,recover-20220825,002,1795
1546.2125,1546.219,37500,49971,Myotis daubentonii,0.014,0.05,-1,Echolocation,/mnt/ubna_data_01_mir/recover-20220825/UBNA_002/20220823_033000.WAV,Telephone Field,recover-20220825,002,1795
1546.2145,1546.2211,30625,47839,Myotis daubentonii,0.013,0.036,-1,Echolocation,/mnt/ubna_data_01_mir/recover-20220825/UBNA_002/20220823_033000.WAV,Telephone Field,recover-20220825,002,1795
1546.2155,1546.25,68437,81460,Rhinolophus ferrumequinum,0.025,0.025,-1,Echolocation,/mnt/ubna_data_01_mir/recover-20220825/UBNA_002/20220823_033000.WAV,Telephone Field,recover-20220825,002,1795
1546.2395,1546.2456,42656,54423,Pipistrellus nathusii,0.268,0.329,-1,Echolocation,/mnt/ubna_data_01_mir/recover-20220825/UBNA_002/20220823_033000.WAV,Telephone Field,recover-20220825,002,1795
1546.2405,1546.2476,56406,65735,Pipistrellus pygmaeus,0.026,0.027,-1,Echolocation,/mnt/ubna_data_01_mir/recover-20220825/UBNA_002/20220823_033000.WAV,Telephone Field,recover-20220825,002,1795
1546.2765,1546.2841,35781,48009,Pipistrellus nathusii,0.008,0.025,-1,Echolocation,/mnt/ubna_data_01_mir/recover-20220825/UBNA_002/20220823_033000.WAV,Telephone Field,recover-20220825,002,1795
1546.2905,1546.2992,41796,48679,Pipistrellus nathusii,0.2,0.315,-1,Echolocation,/mnt/ubna_data_01_mir/recover-20220825/UBNA_002/20220823_033000.WAV,Telephone Field,recover-20220825,002,1795
1546.3455,1546.3547,42656,48265,Pipistrellus nathusii,0.199,0.244,-1,Echolocation,/mnt/ubna_data_01_mir/recover-20220825/UBNA_002/20220823_033000.WAV,Telephone Field,recover-20220825,002,1795
1546.3475,1546.3546,32343,42324,Barbastellus barbastellus,0.019,0.034,-1,Echolocation,/mnt/ubna_data_01_mir/recover-20220825/UBNA_002/20220823_033000.WAV,Telephone Field,recover-20220825,002,1795
1546.3975,1546.4109,26328,33643,Eptesicus serotinus,0.037,0.055,-1,Echolocation,/mnt/ubna_data_01_mir/recover-20220825/UBNA_002/20220823_033000.WAV,Telephone Field,recover-20220825,002,1795
1546.3985,1546.4059,41796,52874,Pipistrellus nathusii,0.011,0.025,-1,Echolocation,/mnt/ubna_data_01_mir/recover-20220825/UBNA_002/20220823_033000.WAV,Telephone Field,recover-20220825,002,1795
1546.3995,1546.4058,35781,46483,Barbastellus barbastellus,0.008,0.024,-1,Echolocation,/mnt/ubna_data_01_mir/recover-20220825/UBNA_002/20220823_033000.WAV,Telephone Field,recover-20220825,002,1795
1546.4225,1546.4288999999999,41796,48616,Pipistrellus nathusii,0.334,0.38,-1,Echolocation,/mnt/ubna_data_01_mir/recover-20220825/UBNA_002/20220823_033000.WAV,Telephone Field,recover-20220825,002,1795
1546.4265,1546.4344,56406,66268,Pipistrellus pygmaeus,0.031,0.032,-1,Echolocation,/mnt/ubna_data_01_mir/recover-20220825/UBNA_002/20220823_033000.WAV,Telephone Field,recover-20220825,002,1795
1546.4505,1546.4578,27187,40089,Eptesicus serotinus,0.012,0.03,-1,Echolocation,/mnt/ubna_data_01_mir/recover-20220825/UBNA_002/20220823_033000.WAV,Telephone Field,recover-20220825,002,1795
1546.5095,1546.5157,50390,56101,Pipistrellus pipistrellus,0.012,0.026,-1,Echolocation,/mnt/ubna_data_01_mir/recover-20220825/UBNA_002/20220823_033000.WAV,Telephone Field,recover-20220825,002,1795
1546.5105,1546.5174,41796,51332,Pipistrellus nathusii,0.523,0.613,-1,Echolocation,/mnt/ubna_data_01_mir/recover-20220825/UBNA_002/20220823_033000.WAV,Telephone Field,recover-20220825,002,1795
1546.5145,1546.522,56406,67713,Pipistrellus pygmaeus,0.027,0.029,-1,Echolocation,/mnt/ubna_data_01_mir/recover-20220825/UBNA_002/20220823_033000.WAV,Telephone Field,recover-20220825,002,1795
1546.5545,1546.5652,24609,30908,Eptesicus serotinus,0.01,0.026,-1,Echolocation,/mnt/ubna_data_01_mir/recover-20220825/UBNA_002/20220823_033000.WAV,Telephone Field,recover-20220825,002,1795
1546.5965,1546.6048,25468,36951,Eptesicus serotinus,0.009,0.024,-1,Echolocation,/mnt/ubna_data_01_mir/recover-20220825/UBNA_002/20220823_033000.WAV,Telephone Field,recover-20220825,002,1795
1546.5985,1546.606,40937,50207,Pipistrellus nathusii,0.394,0.53,-1,Echolocation,/mnt/ubna_data_01_mir/recover-20220825/UBNA_002/20220823_033000.WAV,Telephone Field,recover-20220825,002,1795
1546.6095,1546.6183,25468,31759,Eptesicus serotinus,0.009,0.024,-1,Echolocation,/mnt/ubna_data_01_mir/recover-20220825/UBNA_002/20220823_033000.WAV,Telephone Field,recover-20220825,002,1795
1546.6435,1546.6555,25468,30490,Eptesicus serotinus,0.126,0.233,-1,Echolocation,/mnt/ubna_data_01_mir/recover-20220825/UBNA_002/20220823_033000.WAV,Telephone Field,recover-20220825,002,1795
1546.6855,1546.6922,40937,48902,Pipistrellus nathusii,0.445,0.544,-1,Echolocation,/mnt/ubna_data_01_mir/recover-20220825/UBNA_002/20220823_033000.WAV,Telephone Field,recover-20220825,002,1795
1546.6955,1546.7024,53828,65847,Pipistrellus pygmaeus,0.023,0.024,-1,Echolocation,/mnt/ubna_data_01_mir/recover-20220825/UBNA_002/20220823_033000.WAV,Telephone Field,recover-20220825,002,1795
1546.7155,1546.7233,40937,49484,Pipistrellus nathusii,0.011,0.025,-1,Echolocation,/mnt/ubna_data_01_mir/recover-20220825/UBNA_002/20220823_033000.WAV,Telephone Field,recover-20220825,002,1795
1546.7185,1546.7291,27187,35526,Eptesicus serotinus,0.015,0.029,-1,Echolocation,/mnt/ubna_data_01_mir/recover-20220825/UBNA_002/20220823_033000.WAV,Telephone Field,recover-20220825,002,1795
1546.7645,1546.7729,27187,35525,Eptesicus serotinus,0.014,0.028,-1,Echolocation,/mnt/ubna_data_01_mir/recover-20220825/UBNA_002/20220823_033000.WAV,Telephone Field,recover-20220825,002,1795
1546.7745,1546.7809,41796,54886,Pipistrellus nathusii,0.589,0.673,-1,Echolocation,/mnt/ubna_data_01_mir/recover-20220825/UBNA_002/20220823_033000.WAV,Telephone Field,recover-20220825,002,1795
1546.7765,1546.7857,24609,30825,Eptesicus serotinus,0.009,0.024,-1,Echolocation,/mnt/ubna_data_01_mir/recover-20220825/UBNA_002/20220823_033000.WAV,Telephone Field,recover-20220825,002,1795
1546.7835,1546.7927,26328,31758,Eptesicus serotinus,0.009,0.024,-1,Echolocation,/mnt/ubna_data_01_mir/recover-20220825/UBNA_002/20220823_033000.WAV,Telephone Field,recover-20220825,002,1795
1546.8085,1546.8155,39218,48429,Pipistrellus nathusii,0.009,0.025,-1,Echolocation,/mnt/ubna_data_01_mir/recover-20220825/UBNA_002/20220823_033000.WAV,Telephone Field,recover-20220825,002,1795
1546.8165,1546.8241,41796,52026,Pipistrellus nathusii,0.011,0.028,-1,Echolocation,/mnt/ubna_data_01_mir/recover-20220825/UBNA_002/20220823_033000.WAV,Telephone Field,recover-20220825,002,1795
1546.8185,1546.8288,54687,64104,Pipistrellus pygmaeus,0.024,0.024,-1,Echolocation,/mnt/ubna_data_01_mir/recover-20220825/UBNA_002/20220823_033000.WAV,Telephone Field,recover-20220825,002,1795
1546.8655,1546.8733,40937,50630,Pipistrellus nathusii,0.545,0.664,-1,Echolocation,/mnt/ubna_data_01_mir/recover-20220825/UBNA_002/20220823_033000.WAV,Telephone Field,recover-20220825,002,1795
1546.8745,1546.8814,32343,40552,Myotis daubentonii,0.011,0.026,-1,Echolocation,/mnt/ubna_data_01_mir/recover-20220825/UBNA_002/20220823_033000.WAV,Telephone Field,recover-20220825,002,1795
1546.8755,1546.8831,26328,34215,Eptesicus serotinus,0.008,0.025,-1,Echolocation,/mnt/ubna_data_01_mir/recover-20220825/UBNA_002/20220823_033000.WAV,Telephone Field,recover-20220825,002,1795
1546.9045,1546.9135,25468,34850,Eptesicus serotinus,0.011,0.024,-1,Echolocation,/mnt/ubna_data_01_mir/recover-20220825/UBNA_002/20220823_033000.WAV,Telephone Field,recover-20220825,002,1795
1546.9165,1546.9232,54687,61443,Pipistrellus pygmaeus,0.031,0.032,-1,Echolocation,/mnt/ubna_data_01_mir/recover-20220825/UBNA_002/20220823_033000.WAV,Telephone Field,recover-20220825,002,1795
1546.9545,1546.9625,40937,50797,Pipistrellus nathusii,0.386,0.544,-1,Echolocation,/mnt/ubna_data_01_mir/recover-20220825/UBNA_002/20220823_033000.WAV,Telephone Field,recover-20220825,002,1795
1546.9635,1546.9713,26328,34425,Eptesicus serotinus,0.009,0.024,-1,Echolocation,/mnt/ubna_data_01_mir/recover-20220825/UBNA_002/20220823_033000.WAV,Telephone Field,recover-20220825,002,1795
1547.0065,1547.0182,25468,33100,Eptesicus serotinus,0.026,0.045,-1,Echolocation,/mnt/ubna_data_01_mir/recover-20220825/UBNA_002/20220823_033000.WAV,Telephone Field,recover-20220825,002,1795
1547.0195,1547.0284,27187,35692,Eptesicus serotinus,0.012,0.025,-1,Echolocation,/mnt/ubna_data_01_mir/recover-20220825/UBNA_002/20220823_033000.WAV,Telephone Field,recover-20220825,002,1795
1547.0405,1547.0485,26328,37263,Eptesicus serotinus,0.01,0.024,-1,Echolocation,/mnt/ubna_data_01_mir/recover-20220825/UBNA_002/20220823_033000.WAV,Telephone Field,recover-20220825,002,1795
1547.0485,1547.0551,40937,52656,Pipistrellus nathusii,0.503,0.586,-1,Echolocation,/mnt/ubna_data_01_mir/recover-20220825/UBNA_002/20220823_033000.WAV,Telephone Field,recover-20220825,002,1795
1547.0505,1547.0583,55546,64494,Pipistrellus pygmaeus,0.032,0.033,-1,Echolocation,/mnt/ubna_data_01_mir/recover-20220825/UBNA_002/20220823_033000.WAV,Telephone Field,recover-20220825,002,1795
1547.1075,1547.1156,38359,45114,Pipistrellus nathusii,0.017,0.032,-1,Echolocation,/mnt/ubna_data_01_mir/recover-20220825/UBNA_002/20220823_033000.WAV,Telephone Field,recover-20220825,002,1795
1547.1285,1547.1364,26328,34275,Eptesicus serotinus,0.01,0.024,-1,Echolocation,/mnt/ubna_data_01_mir/recover-20220825/UBNA_002/20220823_033000.WAV,Telephone Field,recover-20220825,002,1795
1547.1345,1547.1421,41796,53648,Pipistrellus nathusii,0.523,0.658,-1,Echolocation,/mnt/ubna_data_01_mir/recover-20220825/UBNA_002/20220823_033000.WAV,Telephone Field,recover-20220825,002,1795
1547.1365,1547.1438,29765,43478,Barbastellus barbastellus,0.012,0.031,-1,Echolocation,/mnt/ubna_data_01_mir/recover-20220825/UBNA_002/20220823_033000.WAV,Telephone Field,recover-20220825,002,1795
1547.1885,1547.1981,27187,35343,Eptesicus serotinus,0.014,0.025,-1,Echolocation,/mnt/ubna_data_01_mir/recover-20220825/UBNA_002/20220823_033000.WAV,Telephone Field,recover-20220825,002,1795
1547.2235,1547.23,40937,53970,Pipistrellus nathusii,0.562,0.626,-1,Echolocation,/mnt/ubna_data_01_mir/recover-20220825/UBNA_002/20220823_033000.WAV,Telephone Field,recover-20220825,002,1795
1547.2525,1547.2635,25468,33432,Eptesicus serotinus,0.333,0.554,-1,Echolocation,/mnt/ubna_data_01_mir/recover-20220825/UBNA_002/20220823_033000.WAV,Telephone Field,recover-20220825,002,1795
1547.2815,1547.2938,34921,39456,Pipistrellus nathusii,0.039,0.054,-1,Echolocation,/mnt/ubna_data_01_mir/recover-20220825/UBNA_002/20220823_033000.WAV,Telephone Field,recover-20220825,002,1795
1547.2825,1547.2909,27187,36166,Eptesicus serotinus,0.011,0.025,-1,Echolocation,/mnt/ubna_data_01_mir/recover-20220825/UBNA_002/20220823_033000.WAV,Telephone Field,recover-20220825,002,1795
1547.3005,1547.3097,41796,48352,Pipistrellus nathusii,0.027,0.039,-1,Echolocation,/mnt/ubna_data_01_mir/recover-20220825/UBNA_002/20220823_033000.WAV,Telephone Field,recover-20220825,002,1795
1547.3285,1547.3351,40937,53173,Pipistrellus nathusii,0.546,0.616,-1,Echolocation,/mnt/ubna_data_01_mir/recover-20220825/UBNA_002/20220823_033000.WAV,Telephone Field,recover-20220825,002,1795
1547.3885,1547.4034,24609,29744,Eptesicus serotinus,0.118,0.241,-1,Echolocation,/mnt/ubna_data_01_mir/recover-20220825/UBNA_002/20220823_033000.WAV,Telephone Field,recover-20220825,002,1795
1547.4065,1547.4131,40937,53872,Pipistrellus nathusii,0.584,0.65,-1,Echolocation,/mnt/ubna_data_01_mir/recover-20220825/UBNA_002/20220823_033000.WAV,Telephone Field,recover-20220825,002,1795
1547.4995,1547.5059,40937,51577,Pipistrellus nathusii,0.556,0.615,-1,Echolocation,/mnt/ubna_data_01_mir/recover-20220825/UBNA_002/20220823_033000.WAV,Telephone Field,recover-20220825,002,1795
1547.5035,1547.5122,12578,24808,Barbastellus barbastellus,0.033,0.035,-1,Echolocation,/mnt/ubna_data_01_mir/recover-20220825/UBNA_002/20220823_033000.WAV,Telephone Field,recover-20220825,002,1795
1547.5145,1547.5562,68437,82656,Rhinolophus ferrumequinum,0.029,0.029,-1,Echolocation,/mnt/ubna_data_01_mir/recover-20220825/UBNA_002/20220823_033000.WAV,Telephone Field,recover-20220825,002,1795
1547.5465,1547.5546,26328,37356,Eptesicus serotinus,0.01,0.024,-1,Echolocation,/mnt/ubna_data_01_mir/recover-20220825/UBNA_002/20220823_033000.WAV,Telephone Field,recover-20220825,002,1795
1547.5875,1547.594,40937,51427,Pipistrellus nathusii,0.504,0.607,-1,Echolocation,/mnt/ubna_data_01_mir/recover-20220825/UBNA_002/20220823_033000.WAV,Telephone Field,recover-20220825,002,1795
1547.6235,1547.6388,24609,30857,Eptesicus serotinus,0.116,0.178,-1,Echolocation,/mnt/ubna_data_01_mir/recover-20220825/UBNA_002/20220823_033000.WAV,Telephone Field,recover-20220825,002,1795
1547.6345,1547.6425,46093,50570,Pipistrellus pipistrellus,0.022,0.033,-1,Echolocation,/mnt/ubna_data_01_mir/recover-20220825/UBNA_002/20220823_033000.WAV,Telephone Field,recover-20220825,002,1795
1547.6635,1547.6704,36640,50483,Myotis brandtii,0.009,0.024,-1,Echolocation,/mnt/ubna_data_01_mir/recover-20220825/UBNA_002/20220823_033000.WAV,Telephone Field,recover-20220825,002,1795
1547.6785,1547.6848,41796,53250,Pipistrellus nathusii,0.655,0.693,-1,Echolocation,/mnt/ubna_data_01_mir/recover-20220825/UBNA_002/20220823_033000.WAV,Telephone Field,recover-20220825,002,1795
1547.7025,1547.7385,68437,82136,Rhinolophus ferrumequinum,0.024,0.024,-1,Echolocation,/mnt/ubna_data_01_mir/recover-20220825/UBNA_002/20220823_033000.WAV,Telephone Field,recover-20220825,002,1795
1547.7385,1547.7454,46953,55507,Pipistrellus pipistrellus,0.016,0.025,-1,Echolocation,/mnt/ubna_data_01_mir/recover-20220825/UBNA_002/20220823_033000.WAV,Telephone Field,recover-20220825,002,1795
1547.7395,1547.7474,40937,50620,Pipistrellus nathusii,0.014,0.027,-1,Echolocation,/mnt/ubna_data_01_mir/recover-20220825/UBNA_002/20220823_033000.WAV,Telephone Field,recover-20220825,002,1795
1547.7525,1547.7637,40937,47878,Pipistrellus nathusii,0.017,0.026,-1,Echolocation,/mnt/ubna_data_01_mir/recover-20220825/UBNA_002/20220823_033000.WAV,Telephone Field,recover-20220825,002,1795
1547.7535,1547.7923,68437,82358,Rhinolophus ferrumequinum,0.026,0.026,-1,Echolocation,/mnt/ubna_data_01_mir/recover-20220825/UBNA_002/20220823_033000.WAV,Telephone Field,recover-20220825,002,1795
1547.7715,1547.7788,40078,51616,Pipistrellus nathusii,0.355,0.521,-1,Echolocation,/mnt/ubna_data_01_mir/recover-20220825/UBNA_002/20220823_033000.WAV,Telephone Field,recover-20220825,002,1795
1547.7745,1547.782,13437,23896,Barbastellus barbastellus,0.022,0.025,-1,Echolocation,/mnt/ubna_data_01_mir/recover-20220825/UBNA_002/20220823_033000.WAV,Telephone Field,recover-20220825,002,1795
1547.8015,1547.8084,46953,54761,Pipistrellus pipistrellus,0.016,0.024,-1,Echolocation,/mnt/ubna_data_01_mir/recover-20220825/UBNA_002/20220823_033000.WAV,Telephone Field,recover-20220825,002,1795
1547.8035,1547.8111,40078,53629,Pipistrellus nathusii,0.015,0.028,-1,Echolocation,/mnt/ubna_data_01_mir/recover-20220825/UBNA_002/20220823_033000.WAV,Telephone Field,recover-20220825,002,1795
1547.8105,1547.8185,27187,38597,Eptesicus serotinus,0.012,0.025,-1,Echolocation,/mnt/ubna_data_01_mir/recover-20220825/UBNA_002/20220823_033000.WAV,Telephone Field,recover-20220825,002,1795
1547.8255,1547.834,26328,38201,Eptesicus serotinus,0.013,0.031,-1,Echolocation,/mnt/ubna_data_01_mir/recover-20220825/UBNA_002/20220823_033000.WAV,Telephone Field,recover-20220825,002,1795
1547.8285,1547.8347,33203,41749,Barbastellus barbastellus,0.015,0.028,-1,Echolocation,/mnt/ubna_data_01_mir/recover-20220825/UBNA_002/20220823_033000.WAV,Telephone Field,recover-20220825,002,1795
1547.8295,1547.8379,49531,57010,Pipistrellus pipistrellus,0.019,0.032,-1,Echolocation,/mnt/ubna_data_01_mir/recover-20220825/UBNA_002/20220823_033000.WAV,Telephone Field,recover-20220825,002,1795
1547.8635,1547.8699,41796,54121,Pipistrellus nathusii,0.637,0.676,-1,Echolocation,/mnt/ubna_data_01_mir/recover-20220825/UBNA_002/20220823_033000.WAV,Telephone Field,recover-20220825,002,1795
1547.8665,1547.8791,25468,30811,Eptesicus serotinus,0.044,0.088,-1,Echolocation,/mnt/ubna_data_01_mir/recover-20220825/UBNA_002/20220823_033000.WAV,Telephone Field,recover-20220825,002,1795
1547.8835,1547.9194,68437,82463,Rhinolophus ferrumequinum,0.026,0.026,-1,Echolocation,/mnt/ubna_data_01_mir/recover-20220825/UBNA_002/20220823_033000.WAV,Telephone Field,recover-20220825,002,1795
1547.8905,1547.8987,27187,37911,Eptesicus serotinus,0.01,0.024,-1,Echolocation,/mnt/ubna_data_01_mir/recover-20220825/UBNA_002/20220823_033000.WAV,Telephone Field,recover-20220825,002,1795
1547.9175,1547.9241,41796,50764,Pipistrellus nathusii,0.509,0.584,-1,Echolocation,/mnt/ubna_data_01_mir/recover-20220825/UBNA_002/20220823_033000.WAV,Telephone Field,recover-20220825,002,1795
1547.9525,1547.9927,68437,82369,Rhinolophus ferrumequinum,0.024,0.024,-1,Echolocation,/mnt/ubna_data_01_mir/recover-20220825/UBNA_002/20220823_033000.WAV,Telephone Field,recover-20220825,002,1795
1547.9645,1547.9715,42656,50631,Pipistrellus nathusii,0.429,0.572,-1,Echolocation,/mnt/ubna_data_01_mir/recover-20220825/UBNA_002/20220823_033000.WAV,Telephone Field,recover-20220825,002,1795
1548.0015,1548.0094,25468,35487,Nyctalus leisleri,0.006,0.028,-1,Echolocation,/mnt/ubna_data_01_mir/recover-20220825/UBNA_002/20220823_033000.WAV,Telephone Field,recover-20220825,002,1795
1548.0015,1548.03,68437,80505,Rhinolophus ferrumequinum,0.037,0.038,-1,Echolocation,/mnt/ubna_data_01_mir/recover-20220825/UBNA_002/20220823_033000.WAV,Telephone Field,recover-20220825,002,1795
1548.0015,1548.0105,39218,46569,Pipistrellus nathusii,0.015,0.028,-1,Echolocation,/mnt/ubna_data_01_mir/recover-20220825/UBNA_002/20220823_033000.WAV,Telephone Field,recover-20220825,002,1795
1548.0215,1548.0271,42656,50260,Pipistrellus nathusii,0.47,0.493,-1,Echolocation,/mnt/ubna_data_01_mir/recover-20220825/UBNA_002/20220823_033000.WAV,Telephone Field,recover-20220825,002,1795
1548.0815,1548.0883,41796,52950,Pipistrellus nathusii,0.503,0.545,-1,Echolocation,/mnt/ubna_data_01_mir/recover-20220825/UBNA_002/20220823_033000.WAV,Telephone Field,recover-20220825,002,1795
1548.0845,1548.0903,29765,41136,Barbastellus barbastellus,0.017,0.037,-1,Echolocation,/mnt/ubna_data_01_mir/recover-20220825/UBNA_002/20220823_033000.WAV,Telephone Field,recover-20220825,002,1795
1548.1295,1548.1425,27187,32815,Eptesicus serotinus,0.048,0.081,-1,Echolocation,/mnt/ubna_data_01_mir/recover-20220825/UBNA_002/20220823_033000.WAV,Telephone Field,recover-20220825,002,1795
1548.1555,1548.1667,15156,19753,Nyctalus noctula,0.013,0.028,-1,Echolocation,/mnt/ubna_data_01_mir/recover-20220825/UBNA_002/20220823_033000.WAV,Telephone Field,recover-20220825,002,1795
1548.1555,1548.1632,41796,52766,Pipistrellus nathusii,0.483,0.577,-1,Echolocation,/mnt/ubna_data_01_mir/recover-20220825/UBNA_002/20220823_033000.WAV,Telephone Field,recover-20220825,002,1795
1548.1665,1548.1742,53828,61600,Pipistrellus pygmaeus,0.023,0.024,-1,Echolocation,/mnt/ubna_data_01_mir/recover-20220825/UBNA_002/20220823_033000.WAV,Telephone Field,recover-20220825,002,1795
1548.1855,1548.1931,28046,44170,Eptesicus serotinus,0.011,0.03,-1,Echolocation,/mnt/ubna_data_01_mir/recover-20220825/UBNA_002/20220823_033000.WAV,Telephone Field,recover-20220825,002,1795
1548.1875,1548.1961000000001,39218,43997,Pipistrellus nathusii,0.011,0.023,-1,Echolocation,/mnt/ubna_data_01_mir/recover-20220825/UBNA_002/20220823_033000.WAV,Telephone Field,recover-20220825,002,1795
1548.1905,1548.1975,53828,61983,Pipistrellus pygmaeus,0.027,0.028,-1,Echolocation,/mnt/ubna_data_01_mir/recover-20220825/UBNA_002/20220823_033000.WAV,Telephone Field,recover-20220825,002,1795
1548.2095,1548.2189,54687,62846,Pipistrellus pygmaeus,0.029,0.03,-1,Echolocation,/mnt/ubna_data_01_mir/recover-20220825/UBNA_002/20220823_033000.WAV,Telephone Field,recover-20220825,002,1795
1548.2115,1548.2465,68437,81699,Rhinolophus ferrumequinum,0.024,0.024,-1,Echolocation,/mnt/ubna_data_01_mir/recover-20220825/UBNA_002/20220823_033000.WAV,Telephone Field,recover-20220825,002,1795
1548.2145,1548.2204,37500,54443,Myotis brandtii,0.009,0.023,-1,Echolocation,/mnt/ubna_data_01_mir/recover-20220825/UBNA_002/20220823_033000.WAV,Telephone Field,recover-20220825,002,1795
1548.2165,1548.224,28046,44190,Eptesicus serotinus,0.008,0.024,-1,Echolocation,/mnt/ubna_data_01_mir/recover-20220825/UBNA_002/20220823_033000.WAV,Telephone Field,recover-20220825,002,1795
1548.2405,1548.247,40078,55699,Pipistrellus nathusii,0.592,0.641,-1,Echolocation,/mnt/ubna_data_01_mir/recover-20220825/UBNA_002/20220823_033000.WAV,Telephone Field,recover-20220825,002,1795
1548.2435,1548.2516,12578,24527,Barbastellus barbastellus,0.023,0.025,-1,Echolocation,/mnt/ubna_data_01_mir/recover-20220825/UBNA_002/20220823_033000.WAV,Telephone Field,recover-20220825,002,1795
1548.2495,1548.2578,27187,34453,Eptesicus serotinus,0.007,0.025,-1,Echolocation,/mnt/ubna_data_01_mir/recover-20220825/UBNA_002/20220823_033000.WAV,Telephone Field,recover-20220825,002,1795
1548.2735,1548.3108,68437,82148,Rhinolophus ferrumequinum,0.025,0.025,-1,Echolocation,/mnt/ubna_data_01_mir/recover-20220825/UBNA_002/20220823_033000.WAV,Telephone Field,recover-20220825,002,1795
1548.3295,1548.3367,40937,52510,Pipistrellus nathusii,0.658,0.691,-1,Echolocation,/mnt/ubna_data_01_mir/recover-20220825/UBNA_002/20220823_033000.WAV,Telephone Field,recover-20220825,002,1795
1548.3355,1548.3433,56406,70570,Pipistrellus pygmaeus,0.028,0.028,-1,Echolocation,/mnt/ubna_data_01_mir/recover-20220825/UBNA_002/20220823_033000.WAV,Telephone Field,recover-20220825,002,1795
1548.3525,1548.3917,68437,82364,Rhinolophus ferrumequinum,0.023,0.023,-1,Echolocation,/mnt/ubna_data_01_mir/recover-20220825/UBNA_002/20220823_033000.WAV,Telephone Field,recover-20220825,002,1795
1548.3745,1548.4131,68437,81975,Rhinolophus ferrumequinum,0.027,0.027,-1,Echolocation,/mnt/ubna_data_01_mir/recover-20220825/UBNA_002/20220823_033000.WAV,Telephone Field,recover-20220825,002,1795
1548.3995,1548.4114,56406,62213,Pipistrellus pygmaeus,0.034,0.035,-1,Echolocation,/mnt/ubna_data_01_mir/recover-20220825/UBNA_002/20220823_033000.WAV,Telephone Field,recover-20220825,002,1795
1548.4045,1548.4122,28046,39471,Eptesicus serotinus,0.007,0.023,-1,Echolocation,/mnt/ubna_data_01_mir/recover-20220825/UBNA_002/20220823_033000.WAV,Telephone Field,recover-20220825,002,1795
1548.4225,1548.4319,41796,48867,Pipistrellus nathusii,0.012,0.025,-1,Echolocation,/mnt/ubna_data_01_mir/recover-20220825/UBNA_002/20220823_033000.WAV,Telephone Field,recover-20220825,002,1795
1548.4275,1548.4613,68437,81710,Rhinolophus ferrumequinum,0.024,0.024,-1,Echolocation,/mnt/ubna_data_01_mir/recover-20220825/UBNA_002/20220823_033000.WAV,Telephone Field,recover-20220825,002,1795
1548.4285,1548.4354,48671,53871,Pipistrellus pipistrellus,0.016,0.024,-1,Echolocation,/mnt/ubna_data_01_mir/recover-20220825/UBNA_002/20220823_033000.WAV,Telephone Field,recover-20220825,002,1795
1548.4285,1548.4363,23750,32977,Myotis nattereri,0.006,0.023,-1,Echolocation,/mnt/ubna_data_01_mir/recover-20220825/UBNA_002/20220823_033000.WAV,Telephone Field,recover-20220825,002,1795
1548.4435,1548.4542,25468,31916,Eptesicus serotinus,0.016,0.04,-1,Echolocation,/mnt/ubna_data_01_mir/recover-20220825/UBNA_002/20220823_033000.WAV,Telephone Field,recover-20220825,002,1795
1548.4715,1548.5085,68437,82139,Rhinolophus ferrumequinum,0.023,0.023,-1,Echolocation,/mnt/ubna_data_01_mir/recover-20220825/UBNA_002/20220823_033000.WAV,Telephone Field,recover-20220825,002,1795
1548.4885,1548.496,40937,53609,Myotis brandtii,0.006,0.024,-1,Echolocation,/mnt/ubna_data_01_mir/recover-20220825/UBNA_002/20220823_033000.WAV,Telephone Field,recover-20220825,002,1795
1548.5005,1548.5075,40078,53897,Pipistrellus nathusii,0.628,0.66,-1,Echolocation,/mnt/ubna_data_01_mir/recover-20220825/UBNA_002/20220823_033000.WAV,Telephone Field,recover-20220825,002,1795
1548.5075,1548.5139,27187,36160,Eptesicus serotinus,0.006,0.024,-1,Echolocation,/mnt/ubna_data_01_mir/recover-20220825/UBNA_002/20220823_033000.WAV,Telephone Field,recover-20220825,002,1795
1548.5155,1548.5553,68437,81966,Rhinolophus ferrumequinum,0.025,0.025,-1,Echolocation,/mnt/ubna_data_01_mir/recover-20220825/UBNA_002/20220823_033000.WAV,Telephone Field,recover-20220825,002,1795
1548.5235,1548.532,26328,34568,Eptesicus serotinus,0.009,0.024,-1,Echolocation,/mnt/ubna_data_01_mir/recover-20220825/UBNA_002/20220823_033000.WAV,Telephone Field,recover-20220825,002,1795
1548.5605,1548.5953,68437,81473,Rhinolophus ferrumequinum,0.029,0.029,-1,Echolocation,/mnt/ubna_data_01_mir/recover-20220825/UBNA_002/20220823_033000.WAV,Telephone Field,recover-20220825,002,1795
1548.5625,1548.5683,29765,45613,Myotis daubentonii,0.011,0.027,-1,Echolocation,/mnt/ubna_data_01_mir/recover-20220825/UBNA_002/20220823_033000.WAV,Telephone Field,recover-20220825,002,1795
1548.5925,1548.5999,40937,53668,Pipistrellus nathusii,0.684,0.712,-1,Echolocation,/mnt/ubna_data_01_mir/recover-20220825/UBNA_002/20220823_033000.WAV,Telephone Field,recover-20220825,002,1795
1548.6205,1548.6279,47812,54724,Pipistrellus pipistrellus,0.023,0.027,-1,Echolocation,/mnt/ubna_data_01_mir/recover-20220825/UBNA_002/20220823_033000.WAV,Telephone Field,recover-20220825,002,1795
1548.6315,1548.6447,24609,29313,Nyctalus leisleri,0.254,0.447,-1,Echolocation,/mnt/ubna_data_01_mir/recover-20220825/UBNA_002/20220823_033000.WAV,Telephone Field,recover-20220825,002,1795
1548.6515,1548.6633,22031,26771,Nyctalus leisleri,0.011,0.024,-1,Echolocation,/mnt/ubna_data_01_mir/recover-20220825/UBNA_002/20220823_033000.WAV,Telephone Field,recover-20220825,002,1795
1548.6545,1548.6613,53828,61883,Pipistrellus pygmaeus,0.029,0.03,-1,Echolocation,/mnt/ubna_data_01_mir/recover-20220825/UBNA_002/20220823_033000.WAV,Telephone Field,recover-20220825,002,1795
1548.6835,1548.6978,20312,25227,Nyctalus noctula,0.011,0.029,-1,Echolocation,/mnt/ubna_data_01_mir/recover-20220825/UBNA_002/20220823_033000.WAV,Telephone Field,recover-20220825,002,1795
1548.6855,1548.6928,40078,57372,Pipistrellus nathusii,0.629,0.67,-1,Echolocation,/mnt/ubna_data_01_mir/recover-20220825/UBNA_002/20220823_033000.WAV,Telephone Field,recover-20220825,002,1795
1548.6855,1548.6915,52968,57793,Pipistrellus pygmaeus,0.084,0.104,-1,Echolocation,/mnt/ubna_data_01_mir/recover-20220825/UBNA_002/20220823_033000.WAV,Telephone Field,recover-20220825,002,1795
1548.7445,1548.7522,48671,53739,Pipistrellus pipistrellus,0.019,0.025,-1,Echolocation,/mnt/ubna_data_01_mir/recover-20220825/UBNA_002/20220823_033000.WAV,Telephone Field,recover-20220825,002,1795
1548.7615,1548.768,33203,43890,Myotis daubentonii,0.008,0.024,-1,Echolocation,/mnt/ubna_data_01_mir/recover-20220825/UBNA_002/20220823_033000.WAV,Telephone Field,recover-20220825,002,1795
1548.7645,1548.7716,28046,35806,Eptesicus serotinus,0.008,0.024,-1,Echolocation,/mnt/ubna_data_01_mir/recover-20220825/UBNA_002/20220823_033000.WAV,Telephone Field,recover-20220825,002,1795
1548.7745,1548.7805,28906,56359,Myotis daubentonii,0.014,0.026,-1,Echolocation,/mnt/ubna_data_01_mir/recover-20220825/UBNA_002/20220823_033000.WAV,Telephone Field,recover-20220825,002,1795
1548.7745,1548.7827,40078,59174,Pipistrellus nathusii,0.578,0.648,-1,Echolocation,/mnt/ubna_data_01_mir/recover-20220825/UBNA_002/20220823_033000.WAV,Telephone Field,recover-20220825,002,1795
1548.7925,1548.801,55546,62076,Pipistrellus pygmaeus,0.039,0.04,-1,Echolocation,/mnt/ubna_data_01_mir/recover-20220825/UBNA_002/20220823_033000.WAV,Telephone Field,recover-20220825,002,1795
1548.8025,1548.8345,68437,81897,Rhinolophus ferrumequinum,0.023,0.024,-1,Echolocation,/mnt/ubna_data_01_mir/recover-20220825/UBNA_002/20220823_033000.WAV,Telephone Field,recover-20220825,002,1795
1548.8335,1548.8693,68437,81132,Rhinolophus ferrumequinum,0.023,0.023,-1,Echolocation,/mnt/ubna_data_01_mir/recover-20220825/UBNA_002/20220823_033000.WAV,Telephone Field,recover-20220825,002,1795
1548.8395,1548.8474,28046,40759,Eptesicus serotinus,0.008,0.024,-1,Echolocation,/mnt/ubna_data_01_mir/recover-20220825/UBNA_002/20220823_033000.WAV,Telephone Field,recover-20220825,002,1795
1548.8405,1548.848,54687,63950,Pipistrellus pygmaeus,0.024,0.024,-1,Echolocation,/mnt/ubna_data_01_mir/recover-20220825/UBNA_002/20220823_033000.WAV,Telephone Field,recover-20220825,002,1795
1548.8545,1548.8639,25468,30785,Nyctalus leisleri,0.009,0.023,-1,Echolocation,/mnt/ubna_data_01_mir/recover-20220825/UBNA_002/20220823_033000.WAV,Telephone Field,recover-20220825,002,1795
1548.8635,1548.8714,52968,58413,Pipistrellus pygmaeus,0.04,0.046,-1,Echolocation,/mnt/ubna_data_01_mir/recover-20220825/UBNA_002/20220823_033000.WAV,Telephone Field,recover-20220825,002,1795
1548.8645,1548.8731,40078,59565,Pipistrellus nathusii,0.566,0.665,-1,Echolocation,/mnt/ubna_data_01_mir/recover-20220825/UBNA_002/20220823_033000.WAV,Telephone Field,recover-20220825,002,1795
1548.8675,1548.8731,29765,43270,Myotis daubentonii,0.011,0.025,-1,Echolocation,/mnt/ubna_data_01_mir/recover-20220825/UBNA_002/20220823_033000.WAV,Telephone Field,recover-20220825,002,1795
1548.9395,1548.9464,28046,39428,Eptesicus serotinus,0.007,0.026,-1,Echolocation,/mnt/ubna_data_01_mir/recover-20220825/UBNA_002/20220823_033000.WAV,Telephone Field,recover-20220825,002,1795
1548.9435,1548.9488,33203,47159,Myotis daubentonii,0.009,0.027,-1,Echolocation,/mnt/ubna_data_01_mir/recover-20220825/UBNA_002/20220823_033000.WAV,Telephone Field,recover-20220825,002,1795
1548.9445,1548.9526,40078,50442,Pipistrellus nathusii,0.012,0.032,-1,Echolocation,/mnt/ubna_data_01_mir/recover-20220825/UBNA_002/20220823_033000.WAV,Telephone Field,recover-20220825,002,1795
1548.9465,1548.9533,27187,39653,Eptesicus serotinus,0.007,0.023,-1,Echolocation,/mnt/ubna_data_01_mir/recover-20220825/UBNA_002/20220823_033000.WAV,Telephone Field,recover-20220825,002,1795
1548.9565,1548.964,40937,56878,Pipistrellus nathusii,0.546,0.644,-1,Echolocation,/mnt/ubna_data_01_mir/recover-20220825/UBNA_002/20220823_033000.WAV,Telephone Field,recover-20220825,002,1795
1548.9775,1548.9852,46953,56301,Pipistrellus pipistrellus,0.031,0.046,-1,Echolocation,/mnt/ubna_data_01_mir/recover-20220825/UBNA_002/20220823_033000.WAV,Telephone Field,recover-20220825,002,1795
1548.9875,1548.997,57265,65168,Pipistrellus pygmaeus,0.026,0.026,-1,Echolocation,/mnt/ubna_data_01_mir/recover-20220825/UBNA_002/20220823_033000.WAV,Telephone Field,recover-20220825,002,1795
1549.0115,1549.0217,23750,30001,Nyctalus leisleri,0.008,0.023,-1,Echolocation,/mnt/ubna_data_01_mir/recover-20220825/UBNA_002/20220823_033000.WAV,Telephone Field,recover-20220825,002,1795
1549.0405,1549.0479,26328,39682,Eptesicus serotinus,0.007,0.023,-1,Echolocation,/mnt/ubna_data_01_mir/recover-20220825/UBNA_002/20220823_033000.WAV,Telephone Field,recover-20220825,002,1795
1549.0445,1549.0538,55546,61744,Pipistrellus pygmaeus,0.035,0.035,-1,Echolocation,/mnt/ubna_data_01_mir/recover-20220825/UBNA_002/20220823_033000.WAV,Telephone Field,recover-20220825,002,1795
1549.0515,1549.0584,53828,57668,Pipistrellus pygmaeus,0.028,0.034,-1,Echolocation,/mnt/ubna_data_01_mir/recover-20220825/UBNA_002/20220823_033000.WAV,Telephone Field,recover-20220825,002,1795
1549.0515,1549.0596,40078,59116,Pipistrellus nathusii,0.635,0.679,-1,Echolocation,/mnt/ubna_data_01_mir/recover-20220825/UBNA_002/20220823_033000.WAV,Telephone Field,recover-20220825,002,1795
1549.1055,1549.1121,55546,63844,Pipistrellus pygmaeus,0.028,0.029,-1,Echolocation,/mnt/ubna_data_01_mir/recover-20220825/UBNA_002/20220823_033000.WAV,Telephone Field,recover-20220825,002,1795
1549.1155,1549.1234,43515,50025,Pipistrellus pipistrellus,0.017,0.027,-1,Echolocation,/mnt/ubna_data_01_mir/recover-20220825/UBNA_002/20220823_033000.WAV,Telephone Field,recover-20220825,002,1795
1549.1415,1549.1482,52968,57834,Pipistrellus pygmaeus,0.038,0.046,-1,Echolocation,/mnt/ubna_data_01_mir/recover-20220825/UBNA_002/20220823_033000.WAV,Telephone Field,recover-20220825,002,1795
1549.1425,1549.1505,40078,59018,Pipistrellus nathusii,0.591,0.657,-1,Echolocation,/mnt/ubna_data_01_mir/recover-20220825/UBNA_002/20220823_033000.WAV,Telephone Field,recover-20220825,002,1795
1549.1565,1549.1874,68437,80374,Rhinolophus ferrumequinum,0.023,0.024,-1,Echolocation,/mnt/ubna_data_01_mir/recover-20220825/UBNA_002/20220823_033000.WAV,Telephone Field,recover-20220825,002,1795
1549.1755,1549.1824,33203,43723,Myotis daubentonii,0.008,0.024,-1,Echolocation,/mnt/ubna_data_01_mir/recover-20220825/UBNA_002/20220823_033000.WAV,Telephone Field,recover-20220825,002,1795
1549.1775,1549.1857,28046,40146,Eptesicus serotinus,0.009,0.026,-1,Echolocation,/mnt/ubna_data_01_mir/recover-20220825/UBNA_002/20220823_033000.WAV,Telephone Field,recover-20220825,002,1795
1549.1775,1549.1848,39218,46190,Pipistrellus nathusii,0.009,0.024,-1,Echolocation,/mnt/ubna_data_01_mir/recover-20220825/UBNA_002/20220823_033000.WAV,Telephone Field,recover-20220825,002,1795
1549.1845,1549.2004,21171,24954,Nyctalus leisleri,0.012,0.024,-1,Echolocation,/mnt/ubna_data_01_mir/recover-20220825/UBNA_002/20220823_033000.WAV,Telephone Field,recover-20220825,002,1795
1549.1955,1549.2038,24609,36058,Plecotus austriacus,0.006,0.024,-1,Echolocation,/mnt/ubna_data_01_mir/recover-20220825/UBNA_002/20220823_033000.WAV,Telephone Field,recover-20220825,002,1795
1549.2345,1549.242,39218,64235,Pipistrellus nathusii,0.594,0.655,-1,Echolocation,/mnt/ubna_data_01_mir/recover-20220825/UBNA_002/20220823_033000.WAV,Telephone Field,recover-20220825,002,1795
1549.2345,1549.2429,52109,57246,Pipistrellus pygmaeus,0.022,0.031,-1,Echolocation,/mnt/ubna_data_01_mir/recover-20220825/UBNA_002/20220823_033000.WAV,Telephone Field,recover-20220825,002,1795
1549.2475,1549.2547,55546,69293,Pipistrellus pygmaeus,0.023,0.024,-1,Echolocation,/mnt/ubna_data_01_mir/recover-20220825/UBNA_002/20220823_033000.WAV,Telephone Field,recover-20220825,002,1795
1549.2485,1549.2858,68437,82033,Rhinolophus ferrumequinum,0.028,0.028,-1,Echolocation,/mnt/ubna_data_01_mir/recover-20220825/UBNA_002/20220823_033000.WAV,Telephone Field,recover-20220825,002,1795
1549.3115,1549.3188,26328,34924,Eptesicus serotinus,0.007,0.024,-1,Echolocation,/mnt/ubna_data_01_mir/recover-20220825/UBNA_002/20220823_033000.WAV,Telephone Field,recover-20220825,002,1795
1549.3175,1549.3533,68437,82307,Rhinolophus ferrumequinum,0.026,0.026,-1,Echolocation,/mnt/ubna_data_01_mir/recover-20220825/UBNA_002/20220823_033000.WAV,Telephone Field,recover-20220825,002,1795
1549.3305,1549.3366,40937,55098,Pipistrellus nathusii,0.584,0.627,-1,Echolocation,/mnt/ubna_data_01_mir/recover-20220825/UBNA_002/20220823_033000.WAV,Telephone Field,recover-20220825,002,1795
1549.3375,1549.3448,26328,35393,Eptesicus serotinus,0.006,0.025,-1,Echolocation,/mnt/ubna_data_01_mir/recover-20220825/UBNA_002/20220823_033000.WAV,Telephone Field,recover-20220825,002,1795
1549.3735,1549.4105,68437,81965,Rhinolophus ferrumequinum,0.026,0.026,-1,Echolocation,/mnt/ubna_data_01_mir/recover-20220825/UBNA_002/20220823_033000.WAV,Telephone Field,recover-20220825,002,1795
1549.3945,1549.4,34062,54100,Myotis brandtii,0.01,0.027,-1,Echolocation,/mnt/ubna_data_01_mir/recover-20220825/UBNA_002/20220823_033000.WAV,Telephone Field,recover-20220825,002,1795
1549.4085,1549.417,52109,59144,Pipistrellus pygmaeus,0.023,0.025,-1,Echolocation,/mnt/ubna_data_01_mir/recover-20220825/UBNA_002/20220823_033000.WAV,Telephone Field,recover-20220825,002,1795
1549.4375,1549.4446,27187,38842,Eptesicus serotinus,0.007,0.025,-1,Echolocation,/mnt/ubna_data_01_mir/recover-20220825/UBNA_002/20220823_033000.WAV,Telephone Field,recover-20220825,002,1795
1549.4375,1549.4474,22890,29477,Nyctalus leisleri,0.009,0.026,-1,Echolocation,/mnt/ubna_data_01_mir/recover-20220825/UBNA_002/20220823_033000.WAV,Telephone Field,recover-20220825,002,1795
1549.4615,1549.4691,52968,60193,Pipistrellus pygmaeus,0.023,0.023,-1,Echolocation,/mnt/ubna_data_01_mir/recover-20220825/UBNA_002/20220823_033000.WAV,Telephone Field,recover-20220825,002,1795
1549.4635,1549.4711,28046,43645,Eptesicus serotinus,0.008,0.023,-1,Echolocation,/mnt/ubna_data_01_mir/recover-20220825/UBNA_002/20220823_033000.WAV,Telephone Field,recover-20220825,002,1795
1549.4805,1549.4898,55546,63994,Pipistrellus pygmaeus,0.039,0.039,-1,Echolocation,/mnt/ubna_data_01_mir/recover-20220825/UBNA_002/20220823_033000.WAV,Telephone Field,recover-20220825,002,1795
1549.4825,1549.4906,26328,35950,Eptesicus serotinus,0.008,0.024,-1,Echolocation,/mnt/ubna_data_01_mir/recover-20220825/UBNA_002/20220823_033000.WAV,Telephone Field,recover-20220825,002,1795
1549.5155,1549.5239,29765,38233,Eptesicus serotinus,0.007,0.026,-1,Echolocation,/mnt/ubna_data_01_mir/recover-20220825/UBNA_002/20220823_033000.WAV,Telephone Field,recover-20220825,002,1795
1549.5165,1549.5248,48671,56162,Pipistrellus pipistrellus,0.022,0.031,-1,Echolocation,/mnt/ubna_data_01_mir/recover-20220825/UBNA_002/20220823_033000.WAV,Telephone Field,recover-20220825,002,1795
1549.5165,1549.5246,44375,54606,Pipistrellus pipistrellus,0.013,0.027,-1,Echolocation,/mnt/ubna_data_01_mir/recover-20220825/UBNA_002/20220823_033000.WAV,Telephone Field,recover-20220825,002,1795
1549.5185,1549.526,53828,59828,Pipistrellus pygmaeus,0.032,0.032,-1,Echolocation,/mnt/ubna_data_01_mir/recover-20220825/UBNA_002/20220823_033000.WAV,Telephone Field,recover-20220825,002,1795
1549.5215,1549.5307,22031,28866,Plecotus austriacus,0.009,0.025,-1,Echolocation,/mnt/ubna_data_01_mir/recover-20220825/UBNA_002/20220823_033000.WAV,Telephone Field,recover-20220825,002,1795
1549.5495,1549.5558,33203,48626,Myotis daubentonii,0.01,0.025,-1,Echolocation,/mnt/ubna_data_01_mir/recover-20220825/UBNA_002/20220823_033000.WAV,Telephone Field,recover-20220825,002,1795
1549.5515,1549.558,55546,63146,Pipistrellus pygmaeus,0.024,0.024,-1,Echolocation,/mnt/ubna_data_01_mir/recover-20220825/UBNA_002/20220823_033000.WAV,Telephone Field,recover-20220825,002,1795
1549.5885,1549.6025,54687,61606,Pipistrellus pygmaeus,0.032,0.034,-1,Echolocation,/mnt/ubna_data_01_mir/recover-20220825/UBNA_002/20220823_033000.WAV,Telephone Field,recover-20220825,002,1795
1549.5925,1549.5992,47812,56438,Pipistrellus pipistrellus,0.015,0.033,-1,Echolocation,/mnt/ubna_data_01_mir/recover-20220825/UBNA_002/20220823_033000.WAV,Telephone Field,recover-20220825,002,1795
1549.5935,1549.6007,39218,61626,Pipistrellus nathusii,0.645,0.714,-1,Echolocation,/mnt/ubna_data_01_mir/recover-20220825/UBNA_002/20220823_033000.WAV,Telephone Field,recover-20220825,002,1795
1549.5955,1549.6075,16015,21504,Nyctalus noctula,0.008,0.024,-1,Echolocation,/mnt/ubna_data_01_mir/recover-20220825/UBNA_002/20220823_033000.WAV,Telephone Field,recover-20220825,002,1795
1549.6025,1549.6082,31484,44021,Myotis daubentonii,0.013,0.026,-1,Echolocation,/mnt/ubna_data_01_mir/recover-20220825/UBNA_002/20220823_033000.WAV,Telephone Field,recover-20220825,002,1795
1549.6495,1549.6557,44375,54640,Pipistrellus nathusii,0.137,0.171,-1,Echolocation,/mnt/ubna_data_01_mir/recover-20220825/UBNA_002/20220823_033000.WAV,Telephone Field,recover-20220825,002,1795
1549.6495,1549.6554,33203,61444,Myotis brandtii,0.015,0.028,-1,Echolocation,/mnt/ubna_data_01_mir/recover-20220825/UBNA_002/20220823_033000.WAV,Telephone Field,recover-20220825,002,1795
1549.6755,1549.6843,52968,57756,Pipistrellus pygmaeus,0.026,0.027,-1,Echolocation,/mnt/ubna_data_01_mir/recover-20220825/UBNA_002/20220823_033000.WAV,Telephone Field,recover-20220825,002,1795
1549.6875,1549.6937,49531,54333,Pipistrellus pipistrellus,0.015,0.027,-1,Echolocation,/mnt/ubna_data_01_mir/recover-20220825/UBNA_002/20220823_033000.WAV,Telephone Field,recover-20220825,002,1795
1549.6875,1549.6952,40937,58346,Pipistrellus nathusii,0.623,0.658,-1,Echolocation,/mnt/ubna_data_01_mir/recover-20220825/UBNA_002/20220823_033000.WAV,Telephone Field,recover-20220825,002,1795
1549.6975,1549.7061,28046,34086,Eptesicus serotinus,0.008,0.026,-1,Echolocation,/mnt/ubna_data_01_mir/recover-20220825/UBNA_002/20220823_033000.WAV,Telephone Field,recover-20220825,002,1795
1549.7365,1549.7451,28046,37732,Eptesicus serotinus,0.01,0.026,-1,Echolocation,/mnt/ubna_data_01_mir/recover-20220825/UBNA_002/20220823_033000.WAV,Telephone Field,recover-20220825,002,1795
1549.7835,1549.7915,54687,60424,Pipistrellus pygmaeus,0.027,0.029,-1,Echolocation,/mnt/ubna_data_01_mir/recover-20220825/UBNA_002/20220823_033000.WAV,Telephone Field,recover-20220825,002,1795
1549.7865,1549.7947,39218,61342,Pipistrellus nathusii,0.53,0.614,-1,Echolocation,/mnt/ubna_data_01_mir/recover-20220825/UBNA_002/20220823_033000.WAV,Telephone Field,recover-20220825,002,1795
1549.7865,1549.7982,16015,21799,Nyctalus noctula,0.013,0.031,-1,Echolocation,/mnt/ubna_data_01_mir/recover-20220825/UBNA_002/20220823_033000.WAV,Telephone Field,recover-20220825,002,1795
1549.8265,1549.8607,68437,82071,Rhinolophus ferrumequinum,0.024,0.024,-1,Echolocation,/mnt/ubna_data_01_mir/recover-20220825/UBNA_002/20220823_033000.WAV,Telephone Field,recover-20220825,002,1795
1549.8425,1549.8491,47812,55736,Pipistrellus pipistrellus,0.024,0.028,-1,Echolocation,/mnt/ubna_data_01_mir/recover-20220825/UBNA_002/20220823_033000.WAV,Telephone Field,recover-20220825,002,1795
1549.8465,1549.8539,52109,59366,Pipistrellus pygmaeus,0.023,0.025,-1,Echolocation,/mnt/ubna_data_01_mir/recover-20220825/UBNA_002/20220823_033000.WAV,Telephone Field,recover-20220825,002,1795
1549.8705,1549.8807,22890,29130,Nyctalus leisleri,0.008,0.024,-1,Echolocation,/mnt/ubna_data_01_mir/recover-20220825/UBNA_002/20220823_033000.WAV,Telephone Field,recover-20220825,002,1795
1549.8785,1549.8863,40937,57661,Pipistrellus nathusii,0.459,0.54,-1,Echolocation,/mnt/ubna_data_01_mir/recover-20220825/UBNA_002/20220823_033000.WAV,Telephone Field,recover-20220825,002,1795
1549.8945,1549.9039,28046,36246,Eptesicus serotinus,0.01,0.025,-1,Echolocation,/mnt/ubna_data_01_mir/recover-20220825/UBNA_002/20220823_033000.WAV,Telephone Field,recover-20220825,002,1795
1549.9695,1549.978,40078,62817,Pipistrellus nathusii,0.554,0.636,-1,Echolocation,/mnt/ubna_data_01_mir/recover-20220825/UBNA_002/20220823_033000.WAV,Telephone Field,recover-20220825,002,1795
1549.9705,1549.9775,32343,57715,Myotis brandtii,0.011,0.034,-1,Echolocation,/mnt/ubna_data_01_mir/recover-20220825/UBNA_002/20220823_033000.WAV,Telephone Field,recover-20220825,002,1795
1550.0015,1550.0079,46093,53431,Pipistrellus pipistrellus,0.018,0.026,-1,Echolocation,/mnt/ubna_data_01_mir/recover-20220825/UBNA_002/20220823_033000.WAV,Telephone Field,recover-20220825,002,1795
1550.0015,1550.0153,17734,22361,Nyctalus noctula,0.013,0.031,-1,Echolocation,/mnt/ubna_data_01_mir/recover-20220825/UBNA_002/20220823_033000.WAV,Telephone Field,recover-20220825,002,1795
1550.0015,1550.0324,68437,79974,Rhinolophus ferrumequinum,0.037,0.037,-1,Echolocation,/mnt/ubna_data_01_mir/recover-20220825/UBNA_002/20220823_033000.WAV,Telephone Field,recover-20220825,002,1795
1550.0595,1550.0682,38359,61885,Pipistrellus nathusii,0.579,0.638,-1,Echolocation,/mnt/ubna_data_01_mir/recover-20220825/UBNA_002/20220823_033000.WAV,Telephone Field,recover-20220825,002,1795
1550.0705,1550.0763,31484,41832,Myotis daubentonii,0.011,0.024,-1,Echolocation,/mnt/ubna_data_01_mir/recover-20220825/UBNA_002/20220823_033000.WAV,Telephone Field,recover-20220825,002,1795
1550.1195,1550.1268,56406,65184,Pipistrellus pygmaeus,0.023,0.023,-1,Echolocation,/mnt/ubna_data_01_mir/recover-20220825/UBNA_002/20220823_033000.WAV,Telephone Field,recover-20220825,002,1795
1550.1225,1550.1326,28046,34205,Eptesicus serotinus,0.012,0.025,-1,Echolocation,/mnt/ubna_data_01_mir/recover-20220825/UBNA_002/20220823_033000.WAV,Telephone Field,recover-20220825,002,1795
1550.1505,1550.1638,21171,24982,Nyctalus leisleri,0.012,0.023,-1,Echolocation,/mnt/ubna_data_01_mir/recover-20220825/UBNA_002/20220823_033000.WAV,Telephone Field,recover-20220825,002,1795
1550.1555,1550.164,40937,50472,Pipistrellus nathusii,0.544,0.616,-1,Echolocation,/mnt/ubna_data_01_mir/recover-20220825/UBNA_002/20220823_033000.WAV,Telephone Field,recover-20220825,002,1795
1550.1905,1550.199,28046,38403,Eptesicus serotinus,0.009,0.024,-1,Echolocation,/mnt/ubna_data_01_mir/recover-20220825/UBNA_002/20220823_033000.WAV,Telephone Field,recover-20220825,002,1795
1550.1915,1550.1983,49531,59060,Pipistrellus pipistrellus,0.017,0.024,-1,Echolocation,/mnt/ubna_data_01_mir/recover-20220825/UBNA_002/20220823_033000.WAV,Telephone Field,recover-20220825,002,1795
1550.1925,1550.2294,68437,81435,Rhinolophus ferrumequinum,0.022,0.022,-1,Echolocation,/mnt/ubna_data_01_mir/recover-20220825/UBNA_002/20220823_033000.WAV,Telephone Field,recover-20220825,002,1795
1550.1965,1550.2048,54687,65700,Pipistrellus pygmaeus,0.027,0.027,-1,Echolocation,/mnt/ubna_data_01_mir/recover-20220825/UBNA_002/20220823_033000.WAV,Telephone Field,recover-20220825,002,1795
1550.2235,1550.237,57265,63490,Pipistrellus pygmaeus,0.028,0.028,-1,Echolocation,/mnt/ubna_data_01_mir/recover-20220825/UBNA_002/20220823_033000.WAV,Telephone Field,recover-20220825,002,1795
1550.2465,1550.2532,50390,56109,Pipistrellus pipistrellus,0.022,0.036,-1,Echolocation,/mnt/ubna_data_01_mir/recover-20220825/UBNA_002/20220823_033000.WAV,Telephone Field,recover-20220825,002,1795
1550.2485,1550.2558,40078,58457,Pipistrellus nathusii,0.677,0.723,-1,Echolocation,/mnt/ubna_data_01_mir/recover-20220825/UBNA_002/20220823_033000.WAV,Telephone Field,recover-20220825,002,1795
1550.2695,1550.3,68437,80481,Rhinolophus ferrumequinum,0.023,0.023,-1,Echolocation,/mnt/ubna_data_01_mir/recover-20220825/UBNA_002/20220823_033000.WAV,Telephone Field,recover-20220825,002,1795
1550.3315,1550.3374,35781,47839,Myotis daubentonii,0.01,0.023,-1,Echolocation,/mnt/ubna_data_01_mir/recover-20220825/UBNA_002/20220823_033000.WAV,Telephone Field,recover-20220825,002,1795
1550.3455,1550.3527,40937,49949,Pipistrellus nathusii,0.632,0.647,-1,Echolocation,/mnt/ubna_data_01_mir/recover-20220825/UBNA_002/20220823_033000.WAV,Telephone Field,recover-20220825,002,1795
1550.3935,1550.4339,68437,82809,Rhinolophus ferrumequinum,0.026,0.026,-1,Echolocation,/mnt/ubna_data_01_mir/recover-20220825/UBNA_002/20220823_033000.WAV,Telephone Field,recover-20220825,002,1795
1550.3945,1550.4049,23750,29356,Nyctalus leisleri,0.009,0.023,-1,Echolocation,/mnt/ubna_data_01_mir/recover-20220825/UBNA_002/20220823_033000.WAV,Telephone Field,recover-20220825,002,1795
1550.4375,1550.4461000000001,40078,61859,Pipistrellus nathusii,0.492,0.576,-1,Echolocation,/mnt/ubna_data_01_mir/recover-20220825/UBNA_002/20220823_033000.WAV,Telephone Field,recover-20220825,002,1795
1550.4385,1550.4439,52109,59927,Pipistrellus pygmaeus,0.036,0.058,-1,Echolocation,/mnt/ubna_data_01_mir/recover-20220825/UBNA_002/20220823_033000.WAV,Telephone Field,recover-20220825,002,1795
1550.4495,1550.457,30625,38681,Myotis daubentonii,0.009,0.029,-1,Echolocation,/mnt/ubna_data_01_mir/recover-20220825/UBNA_002/20220823_033000.WAV,Telephone Field,recover-20220825,002,1795
1550.4575,1550.4684,28046,35535,Eptesicus serotinus,0.017,0.033,-1,Echolocation,/mnt/ubna_data_01_mir/recover-20220825/UBNA_002/20220823_033000.WAV,Telephone Field,recover-20220825,002,1795
1550.5215,1550.5283,53828,58713,Pipistrellus pygmaeus,0.043,0.051,-1,Echolocation,/mnt/ubna_data_01_mir/recover-20220825/UBNA_002/20220823_033000.WAV,Telephone Field,recover-20220825,002,1795
1550.5225,1550.5299,40078,64282,Pipistrellus nathusii,0.638,0.681,-1,Echolocation,/mnt/ubna_data_01_mir/recover-20220825/UBNA_002/20220823_033000.WAV,Telephone Field,recover-20220825,002,1795
1550.5715,1550.5848,24609,30142,Nyctalus leisleri,0.014,0.036,-1,Echolocation,/mnt/ubna_data_01_mir/recover-20220825/UBNA_002/20220823_033000.WAV,Telephone Field,recover-20220825,002,1795
1550.5835,1550.5908,45234,49464,Pipistrellus pipistrellus,0.019,0.022,-1,Echolocation,/mnt/ubna_data_01_mir/recover-20220825/UBNA_002/20220823_033000.WAV,Telephone Field,recover-20220825,002,1795
1550.5915,1550.6304,68437,82231,Rhinolophus ferrumequinum,0.023,0.023,-1,Echolocation,/mnt/ubna_data_01_mir/recover-20220825/UBNA_002/20220823_033000.WAV,Telephone Field,recover-20220825,002,1795
1550.6155,1550.6245,52968,58869,Pipistrellus pygmaeus,0.098,0.108,-1,Echolocation,/mnt/ubna_data_01_mir/recover-20220825/UBNA_002/20220823_033000.WAV,Telephone Field,recover-20220825,002,1795
1550.6185,1550.6262,40078,61710,Pipistrellus nathusii,0.629,0.692,-1,Echolocation,/mnt/ubna_data_01_mir/recover-20220825/UBNA_002/20220823_033000.WAV,Telephone Field,recover-20220825,002,1795
1550.7125,1550.7192,40078,49202,Pipistrellus nathusii,0.532,0.577,-1,Echolocation,/mnt/ubna_data_01_mir/recover-20220825/UBNA_002/20220823_033000.WAV,Telephone Field,recover-20220825,002,1795
1550.7425,1550.7505,28046,37265,Eptesicus serotinus,0.008,0.022,-1,Echolocation,/mnt/ubna_data_01_mir/recover-20220825/UBNA_002/20220823_033000.WAV,Telephone Field,recover-20220825,002,1795
1550.7695,1550.7793,57265,65150,Pipistrellus pygmaeus,0.025,0.025,-1,Echolocation,/mnt/ubna_data_01_mir/recover-20220825/UBNA_002/20220823_033000.WAV,Telephone Field,recover-20220825,002,1795
1550.7755,1550.7825,55546,67180,Pipistrellus pygmaeus,0.024,0.024,-1,Echolocation,/mnt/ubna_data_01_mir/recover-20220825/UBNA_002/20220823_033000.WAV,Telephone Field,recover-20220825,002,1795
1550.8025,1550.8424,68437,82616,Rhinolophus ferrumequinum,0.023,0.023,-1,Echolocation,/mnt/ubna_data_01_mir/recover-20220825/UBNA_002/20220823_033000.WAV,Telephone Field,recover-20220825,002,1795
1550.8205,1550.8311,28046,33559,Eptesicus serotinus,0.017,0.032,-1,Echolocation,/mnt/ubna_data_01_mir/recover-20220825/UBNA_002/20220823_033000.WAV,Telephone Field,recover-20220825,002,1795
1550.8225,1550.8294,55546,62327,Pipistrellus pygmaeus,0.035,0.036,-1,Echolocation,/mnt/ubna_data_01_mir/recover-20220825/UBNA_002/20220823_033000.WAV,Telephone Field,recover-20220825,002,1795
1550.8595,1550.8714,32343,37463,Eptesicus serotinus,0.008,0.026,-1,Echolocation,/mnt/ubna_data_01_mir/recover-20220825/UBNA_002/20220823_033000.WAV,Telephone Field,recover-20220825,002,1795
1550.8795,1550.8881,55546,63036,Pipistrellus pygmaeus,0.023,0.023,-1,Echolocation,/mnt/ubna_data_01_mir/recover-20220825/UBNA_002/20220823_033000.WAV,Telephone Field,recover-20220825,002,1795
1550.8855,1550.8928,40078,57003,Pipistrellus nathusii,0.54,0.618,-1,Echolocation,/mnt/ubna_data_01_mir/recover-20220825/UBNA_002/20220823_033000.WAV,Telephone Field,recover-20220825,002,1795
1550.8865,1550.8917,50390,55850,Pipistrellus pipistrellus,0.02,0.036,-1,Echolocation,/mnt/ubna_data_01_mir/recover-20220825/UBNA_002/20220823_033000.WAV,Telephone Field,recover-20220825,002,1795
1550.9025,1550.9386,68437,81381,Rhinolophus ferrumequinum,0.024,0.024,-1,Echolocation,/mnt/ubna_data_01_mir/recover-20220825/UBNA_002/20220823_033000.WAV,Telephone Field,recover-20220825,002,1795
1550.9295,1550.9659,68437,82469,Rhinolophus ferrumequinum,0.023,0.024,-1,Echolocation,/mnt/ubna_data_01_mir/recover-20220825/UBNA_002/20220823_033000.WAV,Telephone Field,recover-20220825,002,1795
1550.9425,1550.9501,28046,39629,Eptesicus serotinus,0.009,0.025,-1,Echolocation,/mnt/ubna_data_01_mir/recover-20220825/UBNA_002/20220823_033000.WAV,Telephone Field,recover-20220825,002,1795
1550.9455,1550.9825,68437,82473,Rhinolophus ferrumequinum,0.029,0.029,-1,Echolocation,/mnt/ubna_data_01_mir/recover-20220825/UBNA_002/20220823_033000.WAV,Telephone Field,recover-20220825,002,1795
1550.9795,1551.0166,68437,80966,Rhinolophus ferrumequinum,0.023,0.024,-1,Echolocation,/mnt/ubna_data_01_mir/recover-20220825/UBNA_002/20220823_033000.WAV,Telephone Field,recover-20220825,002,1795
1550.9795,1550.9869,40937,49136,Pipistrellus nathusii,0.476,0.541,-1,Echolocation,/mnt/ubna_data_01_mir/recover-20220825/UBNA_002/20220823_033000.WAV,Telephone Field,recover-20220825,002,1795
1550.9895,1550.9967,27187,35029,Eptesicus serotinus,0.007,0.024,-1,Echolocation,/mnt/ubna_data_01_mir/recover-20220825/UBNA_002/20220823_033000.WAV,Telephone Field,recover-20220825,002,1795
1550.9915,1550.9989,40937,49543,Pipistrellus nathusii,0.01,0.022,-1,Echolocation,/mnt/ubna_data_01_mir/recover-20220825/UBNA_002/20220823_033000.WAV,Telephone Field,recover-20220825,002,1795
1550.9945,1551.0048,22890,26702,Nyctalus leisleri,0.012,0.023,-1,Echolocation,/mnt/ubna_data_01_mir/recover-20220825/UBNA_002/20220823_033000.WAV,Telephone Field,recover-20220825,002,1795
1551.0105,1551.0166,48671,57259,Pipistrellus pipistrellus,0.02,0.027,-1,Echolocation,/mnt/ubna_data_01_mir/recover-20220825/UBNA_002/20220823_033000.WAV,Telephone Field,recover-20220825,002,1795
1551.0425,1551.053,57265,66717,Pipistrellus pygmaeus,0.023,0.023,-1,Echolocation,/mnt/ubna_data_01_mir/recover-20220825/UBNA_002/20220823_033000.WAV,Telephone Field,recover-20220825,002,1795
1551.0625,1551.0704,40937,48158,Pipistrellus nathusii,0.452,0.491,-1,Echolocation,/mnt/ubna_data_01_mir/recover-20220825/UBNA_002/20220823_033000.WAV,Telephone Field,recover-20220825,002,1795
1551.0655,1551.075,58125,68450,Pipistrellus pygmaeus,0.03,0.03,-1,Echolocation,/mnt/ubna_data_01_mir/recover-20220825/UBNA_002/20220823_033000.WAV,Telephone Field,recover-20220825,002,1795
1551.0875,1551.0963,27187,35398,Eptesicus serotinus,0.009,0.023,-1,Echolocation,/mnt/ubna_data_01_mir/recover-20220825/UBNA_002/20220823_033000.WAV,Telephone Field,recover-20220825,002,1795
1551.1005,1551.1067,12578,33526,Plecotus auritus,0.016,0.023,-1,Echolocation,/mnt/ubna_data_01_mir/recover-20220825/UBNA_002/20220823_033000.WAV,Telephone Field,recover-20220825,002,1795
1551.1505,1551.1568,49531,57149,Pipistrellus pipistrellus,0.015,0.029,-1,Echolocation,/mnt/ubna_data_01_mir/recover-20220825/UBNA_002/20220823_033000.WAV,Telephone Field,recover-20220825,002,1795
1551.1515,1551.1582,54687,60542,Pipistrellus pygmaeus,0.022,0.023,-1,Echolocation,/mnt/ubna_data_01_mir/recover-20220825/UBNA_002/20220823_033000.WAV,Telephone Field,recover-20220825,002,1795
1551.1515,1551.1588,40078,58453,Pipistrellus nathusii,0.625,0.689,-1,Echolocation,/mnt/ubna_data_01_mir/recover-20220825/UBNA_002/20220823_033000.WAV,Telephone Field,recover-20220825,002,1795
1551.1595,1551.1652,32343,42410,Myotis daubentonii,0.01,0.025,-1,Echolocation,/mnt/ubna_data_01_mir/recover-20220825/UBNA_002/20220823_033000.WAV,Telephone Field,recover-20220825,002,1795
1551.2165,1551.2254,27187,35891,Eptesicus serotinus,0.009,0.023,-1,Echolocation,/mnt/ubna_data_01_mir/recover-20220825/UBNA_002/20220823_033000.WAV,Telephone Field,recover-20220825,002,1795
1551.2415,1551.2493,40937,49284,Pipistrellus nathusii,0.381,0.436,-1,Echolocation,/mnt/ubna_data_01_mir/recover-20220825/UBNA_002/20220823_033000.WAV,Telephone Field,recover-20220825,002,1795
1551.2485,1551.2561,53828,62484,Pipistrellus pygmaeus,0.051,0.053,-1,Echolocation,/mnt/ubna_data_01_mir/recover-20220825/UBNA_002/20220823_033000.WAV,Telephone Field,recover-20220825,002,1795
1551.2605,1551.2678,27187,42538,Eptesicus serotinus,0.008,0.023,-1,Echolocation,/mnt/ubna_data_01_mir/recover-20220825/UBNA_002/20220823_033000.WAV,Telephone Field,recover-20220825,002,1795
1551.2785,1551.2857,49531,58631,Pipistrellus pipistrellus,0.019,0.024,-1,Echolocation,/mnt/ubna_data_01_mir/recover-20220825/UBNA_002/20220823_033000.WAV,Telephone Field,recover-20220825,002,1795
1551.2895,1551.2991,27187,34593,Eptesicus serotinus,0.009,0.022,-1,Echolocation,/mnt/ubna_data_01_mir/recover-20220825/UBNA_002/20220823_033000.WAV,Telephone Field,recover-20220825,002,1795
1551.3025,1551.3101,28046,38131,Eptesicus serotinus,0.008,0.022,-1,Echolocation,/mnt/ubna_data_01_mir/recover-20220825/UBNA_002/20220823_033000.WAV,Telephone Field,recover-20220825,002,1795
1551.3035,1551.3442,68437,82976,Rhinolophus ferrumequinum,0.033,0.033,-1,Echolocation,/mnt/ubna_data_01_mir/recover-20220825/UBNA_002/20220823_033000.WAV,Telephone Field,recover-20220825,002,1795
1551.3235,1551.3303,40937,47016,Pipistrellus nathusii,0.289,0.346,-1,Echolocation,/mnt/ubna_data_01_mir/recover-20220825/UBNA_002/20220823_033000.WAV,Telephone Field,recover-20220825,002,1795
1551.3275,1551.3362,54687,63520,Pipistrellus pygmaeus,0.03,0.031,-1,Echolocation,/mnt/ubna_data_01_mir/recover-20220825/UBNA_002/20220823_033000.WAV,Telephone Field,recover-20220825,002,1795
1551.3385,1551.3767,68437,81522,Rhinolophus ferrumequinum,0.022,0.022,-1,Echolocation,/mnt/ubna_data_01_mir/recover-20220825/UBNA_002/20220823_033000.WAV,Telephone Field,recover-20220825,002,1795
1551.4075,1551.415,40078,48802,Pipistrellus nathusii,0.198,0.225,-1,Echolocation,/mnt/ubna_data_01_mir/recover-20220825/UBNA_002/20220823_033000.WAV,Telephone Field,recover-20220825,002,1795
1551.4085,1551.4169,27187,39984,Eptesicus serotinus,0.013,0.031,-1,Echolocation,/mnt/ubna_data_01_mir/recover-20220825/UBNA_002/20220823_033000.WAV,Telephone Field,recover-20220825,002,1795
1551.4155,1551.4245,25468,32045,Nyctalus leisleri,0.008,0.026,-1,Echolocation,/mnt/ubna_data_01_mir/recover-20220825/UBNA_002/20220823_033000.WAV,Telephone Field,recover-20220825,002,1795
1551.4605,1551.4967,68437,82241,Rhinolophus ferrumequinum,0.029,0.029,-1,Echolocation,/mnt/ubna_data_01_mir/recover-20220825/UBNA_002/20220823_033000.WAV,Telephone Field,recover-20220825,002,1795
1551.4905,1551.4975,37500,50599,Myotis brandtii,0.008,0.025,-1,Echolocation,/mnt/ubna_data_01_mir/recover-20220825/UBNA_002/20220823_033000.WAV,Telephone Field,recover-20220825,002,1795
1551.4905,1551.4972,30625,47799,Myotis daubentonii,0.009,0.023,-1,Echolocation,/mnt/ubna_data_01_mir/recover-20220825/UBNA_002/20220823_033000.WAV,Telephone Field,recover-20220825,002,1795
1551.5375,1551.5446,40937,48207,Pipistrellus nathusii,0.239,0.29,-1,Echolocation,/mnt/ubna_data_01_mir/recover-20220825/UBNA_002/20220823_033000.WAV,Telephone Field,recover-20220825,002,1795
1551.5385,1551.546,55546,65661,Pipistrellus pygmaeus,0.023,0.023,-1,Echolocation,/mnt/ubna_data_01_mir/recover-20220825/UBNA_002/20220823_033000.WAV,Telephone Field,recover-20220825,002,1795
1551.5395,1551.5738,68437,81434,Rhinolophus ferrumequinum,0.024,0.024,-1,Echolocation,/mnt/ubna_data_01_mir/recover-20220825/UBNA_002/20220823_033000.WAV,Telephone Field,recover-20220825,002,1795
1551.5715,1551.5809,55546,60755,Pipistrellus pygmaeus,0.024,0.025,-1,Echolocation,/mnt/ubna_data_01_mir/recover-20220825/UBNA_002/20220823_033000.WAV,Telephone Field,recover-20220825,002,1795
1551.5975,1551.6387,68437,83446,Rhinolophus ferrumequinum,0.036,0.036,-1,Echolocation,/mnt/ubna_data_01_mir/recover-20220825/UBNA_002/20220823_033000.WAV,Telephone Field,recover-20220825,002,1795
1551.6105,1551.6213,38359,42976,Pipistrellus nathusii,0.021,0.034,-1,Echolocation,/mnt/ubna_data_01_mir/recover-20220825/UBNA_002/20220823_033000.WAV,Telephone Field,recover-20220825,002,1795
1551.6185,1551.6267,40937,49220,Pipistrellus nathusii,0.015,0.028,-1,Echolocation,/mnt/ubna_data_01_mir/recover-20220825/UBNA_002/20220823_033000.WAV,Telephone Field,recover-20220825,002,1795
1551.6355,1551.6482,15156,20048,Nyctalus noctula,0.022,0.04,-1,Echolocation,/mnt/ubna_data_01_mir/recover-20220825/UBNA_002/20220823_033000.WAV,Telephone Field,recover-20220825,002,1795
1551.6505,1551.6578,27187,38721,Eptesicus serotinus,0.007,0.023,-1,Echolocation,/mnt/ubna_data_01_mir/recover-20220825/UBNA_002/20220823_033000.WAV,Telephone Field,recover-20220825,002,1795
1551.6515,1551.6617,40078,45226,Pipistrellus nathusii,0.028,0.037,-1,Echolocation,/mnt/ubna_data_01_mir/recover-20220825/UBNA_002/20220823_033000.WAV,Telephone Field,recover-20220825,002,1795
1551.6655,1551.7027,68437,81696,Rhinolophus ferrumequinum,0.022,0.022,-1,Echolocation,/mnt/ubna_data_01_mir/recover-20220825/UBNA_002/20220823_033000.WAV,Telephone Field,recover-20220825,002,1795
1551.6825,1551.6896,28046,37031,Eptesicus serotinus,0.009,0.023,-1,Echolocation,/mnt/ubna_data_01_mir/recover-20220825/UBNA_002/20220823_033000.WAV,Telephone Field,recover-20220825,002,1795
1551.6845,1551.7186,68437,81476,Rhinolophus ferrumequinum,0.022,0.022,-1,Echolocation,/mnt/ubna_data_01_mir/recover-20220825/UBNA_002/20220823_033000.WAV,Telephone Field,recover-20220825,002,1795
1551.6925,1551.6988,41796,48749,Pipistrellus nathusii,0.427,0.462,-1,Echolocation,/mnt/ubna_data_01_mir/recover-20220825/UBNA_002/20220823_033000.WAV,Telephone Field,recover-20220825,002,1795
1551.7025,1551.71,55546,68970,Pipistrellus pygmaeus,0.023,0.023,-1,Echolocation,/mnt/ubna_data_01_mir/recover-20220825/UBNA_002/20220823_033000.WAV,Telephone Field,recover-20220825,002,1795
1551.7305,1551.7385,28046,38517,Eptesicus serotinus,0.008,0.022,-1,Echolocation,/mnt/ubna_data_01_mir/recover-20220825/UBNA_002/20220823_033000.WAV,Telephone Field,recover-20220825,002,1795
1551.7725,1551.7821,28906,36376,Eptesicus serotinus,0.013,0.027,-1,Echolocation,/mnt/ubna_data_01_mir/recover-20220825/UBNA_002/20220823_033000.WAV,Telephone Field,recover-20220825,002,1795
1551.7755,1551.8118,68437,81652,Rhinolophus ferrumequinum,0.025,0.025,-1,Echolocation,/mnt/ubna_data_01_mir/recover-20220825/UBNA_002/20220823_033000.WAV,Telephone Field,recover-20220825,002,1795
1551.7775,1551.7852,40937,49338,Pipistrellus nathusii,0.013,0.026,-1,Echolocation,/mnt/ubna_data_01_mir/recover-20220825/UBNA_002/20220823_033000.WAV,Telephone Field,recover-20220825,002,1795
1551.8105,1551.8502,68437,82586,Rhinolophus ferrumequinum,0.023,0.023,-1,Echolocation,/mnt/ubna_data_01_mir/recover-20220825/UBNA_002/20220823_033000.WAV,Telephone Field,recover-20220825,002,1795
1551.8485,1551.8574,41796,46205,Pipistrellus nathusii,0.08,0.089,-1,Echolocation,/mnt/ubna_data_01_mir/recover-20220825/UBNA_002/20220823_033000.WAV,Telephone Field,recover-20220825,002,1795
1551.8645,1551.9007,68437,81428,Rhinolophus ferrumequinum,0.022,0.022,-1,Echolocation,/mnt/ubna_data_01_mir/recover-20220825/UBNA_002/20220823_033000.WAV,Telephone Field,recover-20220825,002,1795
1551.9005,1551.9092,41796,48149,Pipistrellus nathusii,0.136,0.157,-1,Echolocation,/mnt/ubna_data_01_mir/recover-20220825/UBNA_002/20220823_033000.WAV,Telephone Field,recover-20220825,002,1795
1551.9115,1551.9217,25468,31377,Eptesicus serotinus,0.008,0.022,-1,Echolocation,/mnt/ubna_data_01_mir/recover-20220825/UBNA_002/20220823_033000.WAV,Telephone Field,recover-20220825,002,1795
1551.9265,1551.9347,49531,55491,Pipistrellus pipistrellus,0.02,0.025,-1,Echolocation,/mnt/ubna_data_01_mir/recover-20220825/UBNA_002/20220823_033000.WAV,Telephone Field,recover-20220825,002,1795
1551.9515,1551.9589,54687,59140,Pipistrellus pygmaeus,0.024,0.024,-1,Echolocation,/mnt/ubna_data_01_mir/recover-20220825/UBNA_002/20220823_033000.WAV,Telephone Field,recover-20220825,002,1795
1551.9535,1551.9661,28046,34123,Eptesicus serotinus,0.016,0.027,-1,Echolocation,/mnt/ubna_data_01_mir/recover-20220825/UBNA_002/20220823_033000.WAV,Telephone Field,recover-20220825,002,1795
1551.9635,1551.9722,27187,34964,Eptesicus serotinus,0.01,0.026,-1,Echolocation,/mnt/ubna_data_01_mir/recover-20220825/UBNA_002/20220823_033000.WAV,Telephone Field,recover-20220825,002,1795
1551.9815,1551.9896,41796,47785,Pipistrellus nathusii,0.478,0.49,-1,Echolocation,/mnt/ubna_data_01_mir/recover-20220825/UBNA_002/20220823_033000.WAV,Telephone Field,recover-20220825,002,1795
1551.9845,1551.9919,26328,37019,Eptesicus serotinus,0.008,0.025,-1,Echolocation,/mnt/ubna_data_01_mir/recover-20220825/UBNA_002/20220823_033000.WAV,Telephone Field,recover-20220825,002,1795
1552.0015,1552.0102,25468,34142,Nyctalus leisleri,0.006,0.023,-1,Echolocation,/mnt/ubna_data_01_mir/recover-20220825/UBNA_002/20220823_033000.WAV,Telephone Field,recover-20220825,002,1795
1552.0015,1552.0328,68437,80076,Rhinolophus ferrumequinum,0.03,0.03,-1,Echolocation,/mnt/ubna_data_01_mir/recover-20220825/UBNA_002/20220823_033000.WAV,Telephone Field,recover-20220825,002,1795
1552.0015,1552.0088,48671,57350,Pipistrellus pipistrellus,0.013,0.023,-1,Echolocation,/mnt/ubna_data_01_mir/recover-20220825/UBNA_002/20220823_033000.WAV,Telephone Field,recover-20220825,002,1795
1552.0155,1552.0242,28046,35868,Eptesicus serotinus,0.008,0.026,-1,Echolocation,/mnt/ubna_data_01_mir/recover-20220825/UBNA_002/20220823_033000.WAV,Telephone Field,recover-20220825,002,1795
1552.0235,1552.0321,28046,36336,Eptesicus serotinus,0.008,0.023,-1,Echolocation,/mnt/ubna_data_01_mir/recover-20220825/UBNA_002/20220823_033000.WAV,Telephone Field,recover-20220825,002,1795
1552.0625,1552.069,42656,48626,Pipistrellus nathusii,0.464,0.49,-1,Echolocation,/mnt/ubna_data_01_mir/recover-20220825/UBNA_002/20220823_033000.WAV,Telephone Field,recover-20220825,002,1795
1552.0645,1552.0701,29765,48210,Myotis daubentonii,0.013,0.025,-1,Echolocation,/mnt/ubna_data_01_mir/recover-20220825/UBNA_002/20220823_033000.WAV,Telephone Field,recover-20220825,002,1795
1552.1355,1552.153,16015,20596,Nyctalus noctula,0.017,0.026,-1,Echolocation,/mnt/ubna_data_01_mir/recover-20220825/UBNA_002/20220823_033000.WAV,Telephone Field,recover-20220825,002,1795
1552.1415,1552.1484,41796,47732,Pipistrellus nathusii,0.391,0.441,-1,Echolocation,/mnt/ubna_data_01_mir/recover-20220825/UBNA_002/20220823_033000.WAV,Telephone Field,recover-20220825,002,1795
1552.1425,1552.1482,29765,48891,Myotis daubentonii,0.026,0.04,-1,Echolocation,/mnt/ubna_data_01_mir/recover-20220825/UBNA_002/20220823_033000.WAV,Telephone Field,recover-20220825,002,1795
1552.1655,1552.2029,68437,81252,Rhinolophus ferrumequinum,0.025,0.025,-1,Echolocation,/mnt/ubna_data_01_mir/recover-20220825/UBNA_002/20220823_033000.WAV,Telephone Field,recover-20220825,002,1795
1552.1725,1552.1784,30625,41578,Myotis daubentonii,0.023,0.053,-1,Echolocation,/mnt/ubna_data_01_mir/recover-20220825/UBNA_002/20220823_033000.WAV,Telephone Field,recover-20220825,002,1795
1552.2245,1552.2328,41796,47921,Pipistrellus nathusii,0.231,0.342,-1,Echolocation,/mnt/ubna_data_01_mir/recover-20220825/UBNA_002/20220823_033000.WAV,Telephone Field,recover-20220825,002,1795
1552.2695,1552.277,27187,40704,Eptesicus serotinus,0.008,0.023,-1,Echolocation,/mnt/ubna_data_01_mir/recover-20220825/UBNA_002/20220823_033000.WAV,Telephone Field,recover-20220825,002,1795
1552.2805,1552.291,42656,47015,Pipistrellus nathusii,0.03,0.053,-1,Echolocation,/mnt/ubna_data_01_mir/recover-20220825/UBNA_002/20220823_033000.WAV,Telephone Field,recover-20220825,002,1795
1552.3115,1552.3201,28046,36642,Eptesicus serotinus,0.008,0.024,-1,Echolocation,/mnt/ubna_data_01_mir/recover-20220825/UBNA_002/20220823_033000.WAV,Telephone Field,recover-20220825,002,1795
1552.3355,1552.3433,42656,53623,Pipistrellus nathusii,0.009,0.03,-1,Echolocation,/mnt/ubna_data_01_mir/recover-20220825/UBNA_002/20220823_033000.WAV,Telephone Field,recover-20220825,002,1795
1552.3365,1552.3422,36640,57187,Myotis daubentonii,0.009,0.027,-1,Echolocation,/mnt/ubna_data_01_mir/recover-20220825/UBNA_002/20220823_033000.WAV,Telephone Field,recover-20220825,002,1795
1552.3555,1552.3946,68437,81903,Rhinolophus ferrumequinum,0.024,0.024,-1,Echolocation,/mnt/ubna_data_01_mir/recover-20220825/UBNA_002/20220823_033000.WAV,Telephone Field,recover-20220825,002,1795
1552.3605,1552.3761,21171,25972,Nyctalus leisleri,0.013,0.03,-1,Echolocation,/mnt/ubna_data_01_mir/recover-20220825/UBNA_002/20220823_033000.WAV,Telephone Field,recover-20220825,002,1795
1552.3685,1552.3878,19453,22631,Nyctalus leisleri,0.016,0.033,-1,Echolocation,/mnt/ubna_data_01_mir/recover-20220825/UBNA_002/20220823_033000.WAV,Telephone Field,recover-20220825,002,1795
1552.3925,1552.4008,39218,44203,Pipistrellus nathusii,0.017,0.03,-1,Echolocation,/mnt/ubna_data_01_mir/recover-20220825/UBNA_002/20220823_033000.WAV,Telephone Field,recover-20220825,002,1795
1552.4355,1552.442,28046,38808,Eptesicus serotinus,0.007,0.029,-1,Echolocation,/mnt/ubna_data_01_mir/recover-20220825/UBNA_002/20220823_033000.WAV,Telephone Field,recover-20220825,002,1795
1552.4545,1552.4915,68437,81556,Rhinolophus ferrumequinum,0.022,0.022,-1,Echolocation,/mnt/ubna_data_01_mir/recover-20220825/UBNA_002/20220823_033000.WAV,Telephone Field,recover-20220825,002,1795
1552.4685,1552.4781,28046,35384,Eptesicus serotinus,0.012,0.027,-1,Echolocation,/mnt/ubna_data_01_mir/recover-20220825/UBNA_002/20220823_033000.WAV,Telephone Field,recover-20220825,002,1795
1552.4885,1552.4982,41796,47277,Pipistrellus nathusii,0.014,0.028,-1,Echolocation,/mnt/ubna_data_01_mir/recover-20220825/UBNA_002/20220823_033000.WAV,Telephone Field,recover-20220825,002,1795
1552.4935,1552.5001,26328,43770,Eptesicus serotinus,0.007,0.027,-1,Echolocation,/mnt/ubna_data_01_mir/recover-20220825/UBNA_002/20220823_033000.WAV,Telephone Field,recover-20220825,002,1795
1552.4975,1552.5047,30625,45029,Myotis daubentonii,0.014,0.027,-1,Echolocation,/mnt/ubna_data_01_mir/recover-20220825/UBNA_002/20220823_033000.WAV,Telephone Field,recover-20220825,002,1795
1552.4995,1552.5067,49531,57419,Pipistrellus pipistrellus,0.019,0.025,-1,Echolocation,/mnt/ubna_data_01_mir/recover-20220825/UBNA_002/20220823_033000.WAV,Telephone Field,recover-20220825,002,1795
1552.5195,1552.5572,68437,81573,Rhinolophus ferrumequinum,0.027,0.027,-1,Echolocation,/mnt/ubna_data_01_mir/recover-20220825/UBNA_002/20220823_033000.WAV,Telephone Field,recover-20220825,002,1795
1552.5635,1552.5718,47812,55934,Pipistrellus pipistrellus,0.021,0.024,-1,Echolocation,/mnt/ubna_data_01_mir/recover-20220825/UBNA_002/20220823_033000.WAV,Telephone Field,recover-20220825,002,1795
1552.6345,1552.6419,44375,52901,Pipistrellus pipistrellus,0.01,0.022,-1,Echolocation,/mnt/ubna_data_01_mir/recover-20220825/UBNA_002/20220823_033000.WAV,Telephone Field,recover-20220825,002,1795
1552.6785,1552.6851,30625,47099,Myotis daubentonii,0.013,0.027,-1,Echolocation,/mnt/ubna_data_01_mir/recover-20220825/UBNA_002/20220823_033000.WAV,Telephone Field,recover-20220825,002,1795
1552.6805,1552.6885,41796,46262,Pipistrellus nathusii,0.041,0.059,-1,Echolocation,/mnt/ubna_data_01_mir/recover-20220825/UBNA_002/20220823_033000.WAV,Telephone Field,recover-20220825,002,1795
1552.6925,1552.7007,27187,37452,Eptesicus serotinus,0.007,0.023,-1,Echolocation,/mnt/ubna_data_01_mir/recover-20220825/UBNA_002/20220823_033000.WAV,Telephone Field,recover-20220825,002,1795
1552.6935,1552.7336,68437,82144,Rhinolophus ferrumequinum,0.024,0.024,-1,Echolocation,/mnt/ubna_data_01_mir/recover-20220825/UBNA_002/20220823_033000.WAV,Telephone Field,recover-20220825,002,1795
1552.6985,1552.7348,68437,81861,Rhinolophus ferrumequinum,0.023,0.023,-1,Echolocation,/mnt/ubna_data_01_mir/recover-20220825/UBNA_002/20220823_033000.WAV,Telephone Field,recover-20220825,002,1795
1552.7415,1552.7485,27187,36152,Eptesicus serotinus,0.007,0.025,-1,Echolocation,/mnt/ubna_data_01_mir/recover-20220825/UBNA_002/20220823_033000.WAV,Telephone Field,recover-20220825,002,1795
1552.7525,1552.76,40937,56892,Pipistrellus nathusii,0.452,0.595,-1,Echolocation,/mnt/ubna_data_01_mir/recover-20220825/UBNA_002/20220823_033000.WAV,Telephone Field,recover-20220825,002,1795
1552.7545,1552.7601,28906,49348,Myotis daubentonii,0.018,0.032,-1,Echolocation,/mnt/ubna_data_01_mir/recover-20220825/UBNA_002/20220823_033000.WAV,Telephone Field,recover-20220825,002,1795
1552.7885,1552.7982,25468,32057,Eptesicus serotinus,0.008,0.024,-1,Echolocation,/mnt/ubna_data_01_mir/recover-20220825/UBNA_002/20220823_033000.WAV,Telephone Field,recover-20220825,002,1795
1552.8295,1552.8364,53828,58499,Pipistrellus pygmaeus,0.031,0.033,-1,Echolocation,/mnt/ubna_data_01_mir/recover-20220825/UBNA_002/20220823_033000.WAV,Telephone Field,recover-20220825,002,1795
1552.8295,1552.8368,40078,56505,Pipistrellus nathusii,0.455,0.575,-1,Echolocation,/mnt/ubna_data_01_mir/recover-20220825/UBNA_002/20220823_033000.WAV,Telephone Field,recover-20220825,002,1795
1552.8575,1552.8647,28046,39060,Eptesicus serotinus,0.007,0.023,-1,Echolocation,/mnt/ubna_data_01_mir/recover-20220825/UBNA_002/20220823_033000.WAV,Telephone Field,recover-20220825,002,1795
1552.9045,1552.9114,40937,59097,Pipistrellus nathusii,0.424,0.572,-1,Echolocation,/mnt/ubna_data_01_mir/recover-20220825/UBNA_002/20220823_033000.WAV,Telephone Field,recover-20220825,002,1795
1552.9125,1552.9178,28906,38383,Myotis daubentonii,0.011,0.023,-1,Echolocation,/mnt/ubna_data_01_mir/recover-20220825/UBNA_002/20220823_033000.WAV,Telephone Field,recover-20220825,002,1795
1552.9355,1552.975,68437,82628,Rhinolophus ferrumequinum,0.027,0.028,-1,Echolocation,/mnt/ubna_data_01_mir/recover-20220825/UBNA_002/20220823_033000.WAV,Telephone Field,recover-20220825,002,1795
1552.9645,1552.9705,37500,57428,Myotis brandtii,0.009,0.024,-1,Echolocation,/mnt/ubna_data_01_mir/recover-20220825/UBNA_002/20220823_033000.WAV,Telephone Field,recover-20220825,002,1795
1552.9785,1552.9959,15156,19692,Nyctalus noctula,0.021,0.029,-1,Echolocation,/mnt/ubna_data_01_mir/recover-20220825/UBNA_002/20220823_033000.WAV,Telephone Field,recover-20220825,002,1795
1553.0005,1553.039,68437,81910,Rhinolophus ferrumequinum,0.023,0.023,-1,Echolocation,/mnt/ubna_data_01_mir/recover-20220825/UBNA_002/20220823_033000.WAV,Telephone Field,recover-20220825,002,1795
1553.0255,1553.0447,20312,23980,Nyctalus leisleri,0.015,0.028,-1,Echolocation,/mnt/ubna_data_01_mir/recover-20220825/UBNA_002/20220823_033000.WAV,Telephone Field,recover-20220825,002,1795
1553.0315,1553.0495,20312,23574,Nyctalus leisleri,0.015,0.025,-1,Echolocation,/mnt/ubna_data_01_mir/recover-20220825/UBNA_002/20220823_033000.WAV,Telephone Field,recover-20220825,002,1795
1553.0475,1553.0574,55546,60933,Pipistrellus pygmaeus,0.072,0.074,-1,Echolocation,/mnt/ubna_data_01_mir/recover-20220825/UBNA_002/20220823_033000.WAV,Telephone Field,recover-20220825,002,1795
1553.0535,1553.0615,40078,60514,Pipistrellus nathusii,0.548,0.641,-1,Echolocation,/mnt/ubna_data_01_mir/recover-20220825/UBNA_002/20220823_033000.WAV,Telephone Field,recover-20220825,002,1795
1553.0865,1553.0981,28906,35961,Eptesicus serotinus,0.012,0.027,-1,Echolocation,/mnt/ubna_data_01_mir/recover-20220825/UBNA_002/20220823_033000.WAV,Telephone Field,recover-20220825,002,1795
1553.1335,1553.1395,50390,58743,Pipistrellus pipistrellus,0.01,0.025,-1,Echolocation,/mnt/ubna_data_01_mir/recover-20220825/UBNA_002/20220823_033000.WAV,Telephone Field,recover-20220825,002,1795
1553.1355,1553.1427,40937,60838,Pipistrellus nathusii,0.41,0.591,-1,Echolocation,/mnt/ubna_data_01_mir/recover-20220825/UBNA_002/20220823_033000.WAV,Telephone Field,recover-20220825,002,1795
1553.1465,1553.1525,34062,54632,Myotis daubentonii,0.017,0.026,-1,Echolocation,/mnt/ubna_data_01_mir/recover-20220825/UBNA_002/20220823_033000.WAV,Telephone Field,recover-20220825,002,1795
1553.1855,1553.1932,27187,35455,Eptesicus serotinus,0.039,0.073,-1,Echolocation,/mnt/ubna_data_01_mir/recover-20220825/UBNA_002/20220823_033000.WAV,Telephone Field,recover-20220825,002,1795
1553.1925,1553.2304,68437,82565,Rhinolophus ferrumequinum,0.027,0.027,-1,Echolocation,/mnt/ubna_data_01_mir/recover-20220825/UBNA_002/20220823_033000.WAV,Telephone Field,recover-20220825,002,1795
1553.2185,1553.2261,40937,60864,Pipistrellus nathusii,0.442,0.591,-1,Echolocation,/mnt/ubna_data_01_mir/recover-20220825/UBNA_002/20220823_033000.WAV,Telephone Field,recover-20220825,002,1795
1553.2805,1553.2887,46953,55027,Pipistrellus pipistrellus,0.021,0.024,-1,Echolocation,/mnt/ubna_data_01_mir/recover-20220825/UBNA_002/20220823_033000.WAV,Telephone Field,recover-20220825,002,1795
1553.2865,1553.2965,25468,31492,Nyctalus leisleri,0.01,0.029,-1,Echolocation,/mnt/ubna_data_01_mir/recover-20220825/UBNA_002/20220823_033000.WAV,Telephone Field,recover-20220825,002,1795
1553.3055,1553.3122,39218,55699,Pipistrellus nathusii,0.407,0.53,-1,Echolocation,/mnt/ubna_data_01_mir/recover-20220825/UBNA_002/20220823_033000.WAV,Telephone Field,recover-20220825,002,1795
1553.3065,1553.3148,48671,55574,Pipistrellus pipistrellus,0.011,0.023,-1,Echolocation,/mnt/ubna_data_01_mir/recover-20220825/UBNA_002/20220823_033000.WAV,Telephone Field,recover-20220825,002,1795
1553.3135,1553.319,32343,42850,Myotis daubentonii,0.012,0.022,-1,Echolocation,/mnt/ubna_data_01_mir/recover-20220825/UBNA_002/20220823_033000.WAV,Telephone Field,recover-20220825,002,1795
1553.3345,1553.3446,24609,31606,Nyctalus leisleri,0.008,0.024,-1,Echolocation,/mnt/ubna_data_01_mir/recover-20220825/UBNA_002/20220823_033000.WAV,Telephone Field,recover-20220825,002,1795
1553.3485,1553.3564,28046,38197,Eptesicus serotinus,0.007,0.023,-1,Echolocation,/mnt/ubna_data_01_mir/recover-20220825/UBNA_002/20220823_033000.WAV,Telephone Field,recover-20220825,002,1795
1553.3705,1553.3784,28046,35034,Eptesicus serotinus,0.01,0.027,-1,Echolocation,/mnt/ubna_data_01_mir/recover-20220825/UBNA_002/20220823_033000.WAV,Telephone Field,recover-20220825,002,1795
1553.3825,1553.3888,40078,59854,Pipistrellus nathusii,0.342,0.524,-1,Echolocation,/mnt/ubna_data_01_mir/recover-20220825/UBNA_002/20220823_033000.WAV,Telephone Field,recover-20220825,002,1795
1553.3965,1553.4056,27187,34531,Eptesicus serotinus,0.007,0.026,-1,Echolocation,/mnt/ubna_data_01_mir/recover-20220825/UBNA_002/20220823_033000.WAV,Telephone Field,recover-20220825,002,1795
1553.4055,1553.4371,68437,79661,Rhinolophus ferrumequinum,0.022,0.023,-1,Echolocation,/mnt/ubna_data_01_mir/recover-20220825/UBNA_002/20220823_033000.WAV,Telephone Field,recover-20220825,002,1795
1553.4305,1553.4375,28906,39396,Eptesicus serotinus,0.008,0.028,-1,Echolocation,/mnt/ubna_data_01_mir/recover-20220825/UBNA_002/20220823_033000.WAV,Telephone Field,recover-20220825,002,1795
1553.4515,1553.4603,28046,35063,Eptesicus serotinus,0.008,0.023,-1,Echolocation,/mnt/ubna_data_01_mir/recover-20220825/UBNA_002/20220823_033000.WAV,Telephone Field,recover-20220825,002,1795
1553.4645,1553.4719,40078,59340,Pipistrellus nathusii,0.294,0.55,-1,Echolocation,/mnt/ubna_data_01_mir/recover-20220825/UBNA_002/20220823_033000.WAV,Telephone Field,recover-20220825,002,1795
1553.4735,1553.4787,32343,43613,Myotis daubentonii,0.013,0.024,-1,Echolocation,/mnt/ubna_data_01_mir/recover-20220825/UBNA_002/20220823_033000.WAV,Telephone Field,recover-20220825,002,1795
1553.5285,1553.5351,42656,58132,Pipistrellus nathusii,0.289,0.481,-1,Echolocation,/mnt/ubna_data_01_mir/recover-20220825/UBNA_002/20220823_033000.WAV,Telephone Field,recover-20220825,002,1795
1553.5285,1553.5356,52109,56794,Pipistrellus pygmaeus,0.028,0.032,-1,Echolocation,/mnt/ubna_data_01_mir/recover-20220825/UBNA_002/20220823_033000.WAV,Telephone Field,recover-20220825,002,1795
1553.5435,1553.5514,27187,36238,Eptesicus serotinus,0.007,0.023,-1,Echolocation,/mnt/ubna_data_01_mir/recover-20220825/UBNA_002/20220823_033000.WAV,Telephone Field,recover-20220825,002,1795
1553.5665,1553.604,68437,81868,Rhinolophus ferrumequinum,0.022,0.022,-1,Echolocation,/mnt/ubna_data_01_mir/recover-20220825/UBNA_002/20220823_033000.WAV,Telephone Field,recover-20220825,002,1795
1553.5715,1553.5816,34062,40911,Barbastellus barbastellus,0.011,0.032,-1,Echolocation,/mnt/ubna_data_01_mir/recover-20220825/UBNA_002/20220823_033000.WAV,Telephone Field,recover-20220825,002,1795
1553.6065,1553.6139,28046,36684,Eptesicus serotinus,0.008,0.028,-1,Echolocation,/mnt/ubna_data_01_mir/recover-20220825/UBNA_002/20220823_033000.WAV,Telephone Field,recover-20220825,002,1795
1553.6255,1553.6321,40937,63005,Pipistrellus nathusii,0.258,0.497,-1,Echolocation,/mnt/ubna_data_01_mir/recover-20220825/UBNA_002/20220823_033000.WAV,Telephone Field,recover-20220825,002,1795
1553.6395,1553.6756,68437,81088,Rhinolophus ferrumequinum,0.022,0.022,-1,Echolocation,/mnt/ubna_data_01_mir/recover-20220825/UBNA_002/20220823_033000.WAV,Telephone Field,recover-20220825,002,1795
1553.7095,1553.7166,41796,48413,Pipistrellus nathusii,0.425,0.518,-1,Echolocation,/mnt/ubna_data_01_mir/recover-20220825/UBNA_002/20220823_033000.WAV,Telephone Field,recover-20220825,002,1795
1553.7455,1553.7547,55546,62427,Pipistrellus pygmaeus,0.022,0.023,-1,Echolocation,/mnt/ubna_data_01_mir/recover-20220825/UBNA_002/20220823_033000.WAV,Telephone Field,recover-20220825,002,1795
1553.7715,1553.7809,22890,29510,Plecotus austriacus,0.008,0.025,-1,Echolocation,/mnt/ubna_data_01_mir/recover-20220825/UBNA_002/20220823_033000.WAV,Telephone Field,recover-20220825,002,1795
1553.8005,1553.8072,40078,50940,Pipistrellus nathusii,0.264,0.437,-1,Echolocation,/mnt/ubna_data_01_mir/recover-20220825/UBNA_002/20220823_033000.WAV,Telephone Field,recover-20220825,002,1795
1553.8905,1553.8986,43515,48202,Pipistrellus nathusii,0.069,0.089,-1,Echolocation,/mnt/ubna_data_01_mir/recover-20220825/UBNA_002/20220823_033000.WAV,Telephone Field,recover-20220825,002,1795
1553.9055,1553.9135,28046,36927,Eptesicus serotinus,0.008,0.025,-1,Echolocation,/mnt/ubna_data_01_mir/recover-20220825/UBNA_002/20220823_033000.WAV,Telephone Field,recover-20220825,002,1795
1553.9285,1553.9673,68437,82048,Rhinolophus ferrumequinum,0.024,0.024,-1,Echolocation,/mnt/ubna_data_01_mir/recover-20220825/UBNA_002/20220823_033000.WAV,Telephone Field,recover-20220825,002,1795
1553.9405,1553.9477,27187,36544,Eptesicus serotinus,0.006,0.024,-1,Echolocation,/mnt/ubna_data_01_mir/recover-20220825/UBNA_002/20220823_033000.WAV,Telephone Field,recover-20220825,002,1795
1553.9525,1553.9627,27187,34229,Eptesicus serotinus,0.01,0.023,-1,Echolocation,/mnt/ubna_data_01_mir/recover-20220825/UBNA_002/20220823_033000.WAV,Telephone Field,recover-20220825,002,1795
1553.9735,1553.9794,39218,53127,Myotis daubentonii,0.009,0.025,-1,Echolocation,/mnt/ubna_data_01_mir/recover-20220825/UBNA_002/20220823_033000.WAV,Telephone Field,recover-20220825,002,1795
1553.9745,1553.9808,34062,52823,Myotis daubentonii,0.014,0.025,-1,Echolocation,/mnt/ubna_data_01_mir/recover-20220825/UBNA_002/20220823_033000.WAV,Telephone Field,recover-20220825,002,1795
1554.0015,1554.0317,68437,79716,Rhinolophus ferrumequinum,0.027,0.027,-1,Echolocation,/mnt/ubna_data_01_mir/recover-20220825/UBNA_002/20220823_033000.WAV,Telephone Field,recover-20220825,002,1795
1554.0015,1554.0119,19453,23566,Nyctalus leisleri,0.011,0.023,-1,Echolocation,/mnt/ubna_data_01_mir/recover-20220825/UBNA_002/20220823_033000.WAV,Telephone Field,recover-20220825,002,1795
1554.0015,1554.0099,26328,36947,Eptesicus serotinus,0.006,0.025,-1,Echolocation,/mnt/ubna_data_01_mir/recover-20220825/UBNA_002/20220823_033000.WAV,Telephone Field,recover-20220825,002,1795
1554.0105,1554.0212,28906,36186,Eptesicus serotinus,0.012,0.027,-1,Echolocation,/mnt/ubna_data_01_mir/recover-20220825/UBNA_002/20220823_033000.WAV,Telephone Field,recover-20220825,002,1795
1554.0155,1554.055,68437,82500,Rhinolophus ferrumequinum,0.024,0.024,-1,Echolocation,/mnt/ubna_data_01_mir/recover-20220825/UBNA_002/20220823_033000.WAV,Telephone Field,recover-20220825,002,1795
1554.0415,1554.0511,22031,27841,Nyctalus leisleri,0.008,0.022,-1,Echolocation,/mnt/ubna_data_01_mir/recover-20220825/UBNA_002/20220823_033000.WAV,Telephone Field,recover-20220825,002,1795
1554.0865,1554.0965,28046,36774,Eptesicus serotinus,0.011,0.024,-1,Echolocation,/mnt/ubna_data_01_mir/recover-20220825/UBNA_002/20220823_033000.WAV,Telephone Field,recover-20220825,002,1795
1554.0865,1554.1226,68437,80529,Rhinolophus ferrumequinum,0.027,0.027,-1,Echolocation,/mnt/ubna_data_01_mir/recover-20220825/UBNA_002/20220823_033000.WAV,Telephone Field,recover-20220825,002,1795
1554.1195,1554.1267,28046,38842,Eptesicus serotinus,0.007,0.023,-1,Echolocation,/mnt/ubna_data_01_mir/recover-20220825/UBNA_002/20220823_033000.WAV,Telephone Field,recover-20220825,002,1795
1554.1555,1554.1914,68437,82056,Rhinolophus ferrumequinum,0.024,0.024,-1,Echolocation,/mnt/ubna_data_01_mir/recover-20220825/UBNA_002/20220823_033000.WAV,Telephone Field,recover-20220825,002,1795
1554.1645,1554.2039,68437,82582,Rhinolophus ferrumequinum,0.026,0.026,-1,Echolocation,/mnt/ubna_data_01_mir/recover-20220825/UBNA_002/20220823_033000.WAV,Telephone Field,recover-20220825,002,1795
1554.1945,1554.2014,24609,40288,Myotis nattereri,0.009,0.022,-1,Echolocation,/mnt/ubna_data_01_mir/recover-20220825/UBNA_002/20220823_033000.WAV,Telephone Field,recover-20220825,002,1795
1554.2025,1554.2415,68437,82898,Rhinolophus ferrumequinum,0.028,0.028,-1,Echolocation,/mnt/ubna_data_01_mir/recover-20220825/UBNA_002/20220823_033000.WAV,Telephone Field,recover-20220825,002,1795
1554.2265,1554.2684,68437,83110,Rhinolophus ferrumequinum,0.035,0.035,-1,Echolocation,/mnt/ubna_data_01_mir/recover-20220825/UBNA_002/20220823_033000.WAV,Telephone Field,recover-20220825,002,1795
1554.3025,1554.3404,68437,82319,Rhinolophus ferrumequinum,0.025,0.025,-1,Echolocation,/mnt/ubna_data_01_mir/recover-20220825/UBNA_002/20220823_033000.WAV,Telephone Field,recover-20220825,002,1795
1554.3065,1554.3179,22890,28196,Nyctalus leisleri,0.011,0.026,-1,Echolocation,/mnt/ubna_data_01_mir/recover-20220825/UBNA_002/20220823_033000.WAV,Telephone Field,recover-20220825,002,1795
1554.3195,1554.3266,24609,34694,Plecotus austriacus,0.01,0.027,-1,Echolocation,/mnt/ubna_data_01_mir/recover-20220825/UBNA_002/20220823_033000.WAV,Telephone Field,recover-20220825,002,1795
1554.3375,1554.3783,68437,82710,Rhinolophus ferrumequinum,0.03,0.03,-1,Echolocation,/mnt/ubna_data_01_mir/recover-20220825/UBNA_002/20220823_033000.WAV,Telephone Field,recover-20220825,002,1795
1554.3385,1554.345,27187,41653,Eptesicus serotinus,0.006,0.028,-1,Echolocation,/mnt/ubna_data_01_mir/recover-20220825/UBNA_002/20220823_033000.WAV,Telephone Field,recover-20220825,002,1795
1554.3665,1554.3713,37500,49943,Myotis daubentonii,0.013,0.034,-1,Echolocation,/mnt/ubna_data_01_mir/recover-20220825/UBNA_002/20220823_033000.WAV,Telephone Field,recover-20220825,002,1795
1554.3675,1554.3739,23750,39518,Myotis nattereri,0.01,0.028,-1,Echolocation,/mnt/ubna_data_01_mir/recover-20220825/UBNA_002/20220823_033000.WAV,Telephone Field,recover-20220825,002,1795
1554.3715,1554.4111,68437,82260,Rhinolophus ferrumequinum,0.024,0.024,-1,Echolocation,/mnt/ubna_data_01_mir/recover-20220825/UBNA_002/20220823_033000.WAV,Telephone Field,recover-20220825,002,1795
1554.3865,1554.4246,68437,82245,Rhinolophus ferrumequinum,0.023,0.023,-1,Echolocation,/mnt/ubna_data_01_mir/recover-20220825/UBNA_002/20220823_033000.WAV,Telephone Field,recover-20220825,002,1795
1554.3985,1554.4366,68437,82433,Rhinolophus ferrumequinum,0.025,0.025,-1,Echolocation,/mnt/ubna_data_01_mir/recover-20220825/UBNA_002/20220823_033000.WAV,Telephone Field,recover-20220825,002,1795
1554.4915,1554.5295,68437,82495,Rhinolophus ferrumequinum,0.022,0.022,-1,Echolocation,/mnt/ubna_data_01_mir/recover-20220825/UBNA_002/20220823_033000.WAV,Telephone Field,recover-20220825,002,1795
1554.5165,1554.558,68437,83054,Rhinolophus ferrumequinum,0.031,0.031,-1,Echolocation,/mnt/ubna_data_01_mir/recover-20220825/UBNA_002/20220823_033000.WAV,Telephone Field,recover-20220825,002,1795
1554.5385,1554.5461,28046,40936,Eptesicus serotinus,0.007,0.024,-1,Echolocation,/mnt/ubna_data_01_mir/recover-20220825/UBNA_002/20220823_033000.WAV,Telephone Field,recover-20220825,002,1795
1554.5405,1554.5784,68437,82666,Rhinolophus ferrumequinum,0.024,0.024,-1,Echolocation,/mnt/ubna_data_01_mir/recover-20220825/UBNA_002/20220823_033000.WAV,Telephone Field,recover-20220825,002,1795
1554.5805,1554.6203,68437,82689,Rhinolophus ferrumequinum,0.024,0.024,-1,Echolocation,/mnt/ubna_data_01_mir/recover-20220825/UBNA_002/20220823_033000.WAV,Telephone Field,recover-20220825,002,1795
1554.6015,1554.6088,55546,61250,Pipistrellus pygmaeus,0.023,0.026,-1,Echolocation,/mnt/ubna_data_01_mir/recover-20220825/UBNA_002/20220823_033000.WAV,Telephone Field,recover-20220825,002,1795
1554.6405,1554.6542,34921,39492,Pipistrellus nathusii,0.011,0.027,-1,Echolocation,/mnt/ubna_data_01_mir/recover-20220825/UBNA_002/20220823_033000.WAV,Telephone Field,recover-20220825,002,1795
1554.6505,1554.6856,68437,80984,Rhinolophus ferrumequinum,0.022,0.022,-1,Echolocation,/mnt/ubna_data_01_mir/recover-20220825/UBNA_002/20220823_033000.WAV,Telephone Field,recover-20220825,002,1795
1554.6785,1554.7197,68437,82836,Rhinolophus ferrumequinum,0.038,0.038,-1,Echolocation,/mnt/ubna_data_01_mir/recover-20220825/UBNA_002/20220823_033000.WAV,Telephone Field,recover-20220825,002,1795
1554.7205,1554.7545,68437,81785,Rhinolophus ferrumequinum,0.025,0.025,-1,Echolocation,/mnt/ubna_data_01_mir/recover-20220825/UBNA_002/20220823_033000.WAV,Telephone Field,recover-20220825,002,1795
1554.7535,1554.7618,50390,53888,Pipistrellus pipistrellus,0.022,0.025,-1,Echolocation,/mnt/ubna_data_01_mir/recover-20220825/UBNA_002/20220823_033000.WAV,Telephone Field,recover-20220825,002,1795
1554.7825,1554.8229,68437,82931,Rhinolophus ferrumequinum,0.028,0.028,-1,Echolocation,/mnt/ubna_data_01_mir/recover-20220825/UBNA_002/20220823_033000.WAV,Telephone Field,recover-20220825,002,1795
1554.7905,1554.8322,68437,82952,Rhinolophus ferrumequinum,0.026,0.026,-1,Echolocation,/mnt/ubna_data_01_mir/recover-20220825/UBNA_002/20220823_033000.WAV,Telephone Field,recover-20220825,002,1795
1554.7995,1554.8093,22031,27890,Nyctalus leisleri,0.01,0.027,-1,Echolocation,/mnt/ubna_data_01_mir/recover-20220825/UBNA_002/20220823_033000.WAV,Telephone Field,recover-20220825,002,1795
1554.8125,1554.8206,28046,37358,Eptesicus serotinus,0.009,0.026,-1,Echolocation,/mnt/ubna_data_01_mir/recover-20220825/UBNA_002/20220823_033000.WAV,Telephone Field,recover-20220825,002,1795
1554.8475,1554.8883,68437,82110,Rhinolophus ferrumequinum,0.032,0.032,-1,Echolocation,/mnt/ubna_data_01_mir/recover-20220825/UBNA_002/20220823_033000.WAV,Telephone Field,recover-20220825,002,1795
1554.8705,1554.8818,22890,28248,Nyctalus leisleri,0.011,0.023,-1,Echolocation,/mnt/ubna_data_01_mir/recover-20220825/UBNA_002/20220823_033000.WAV,Telephone Field,recover-20220825,002,1795
1554.9115,1554.9542,68437,82864,Rhinolophus ferrumequinum,0.027,0.027,-1,Echolocation,/mnt/ubna_data_01_mir/recover-20220825/UBNA_002/20220823_033000.WAV,Telephone Field,recover-20220825,002,1795
1554.9355,1554.9712,68437,82005,Rhinolophus ferrumequinum,0.023,0.023,-1,Echolocation,/mnt/ubna_data_01_mir/recover-20220825/UBNA_002/20220823_033000.WAV,Telephone Field,recover-20220825,002,1795
1554.9555,1554.9625,28046,38817,Eptesicus serotinus,0.006,0.022,-1,Echolocation,/mnt/ubna_data_01_mir/recover-20220825/UBNA_002/20220823_033000.WAV,Telephone Field,recover-20220825,002,1795
1554.9785,1555.0184,68437,82078,Rhinolophus ferrumequinum,0.024,0.024,-1,Echolocation,/mnt/ubna_data_01_mir/recover-20220825/UBNA_002/20220823_033000.WAV,Telephone Field,recover-20220825,002,1795
1554.9985,1555.0042,40078,52881,Myotis brandtii,0.02,0.086,-1,Echolocation,/mnt/ubna_data_01_mir/recover-20220825/UBNA_002/20220823_033000.WAV,Telephone Field,recover-20220825,002,1795
1555.0015,1555.0074,32343,62813,Myotis brandtii,0.019,0.052,-1,Echolocation,/mnt/ubna_data_01_mir/recover-20220825/UBNA_002/20220823_033000.WAV,Telephone Field,recover-20220825,002,1795
1555.0445,1555.0811,68437,81571,Rhinolophus ferrumequinum,0.026,0.026,-1,Echolocation,/mnt/ubna_data_01_mir/recover-20220825/UBNA_002/20220823_033000.WAV,Telephone Field,recover-20220825,002,1795
1555.0745,1555.116,68437,83753,Rhinolophus ferrumequinum,0.037,0.037,-1,Echolocation,/mnt/ubna_data_01_mir/recover-20220825/UBNA_002/20220823_033000.WAV,Telephone Field,recover-20220825,002,1795
1555.0855,1555.0947,25468,34129,Eptesicus serotinus,0.008,0.022,-1,Echolocation,/mnt/ubna_data_01_mir/recover-20220825/UBNA_002/20220823_033000.WAV,Telephone Field,recover-20220825,002,1795
1555.0855,1555.0965,45234,47996,Pipistrellus pipistrellus,0.038,0.042,-1,Echolocation,/mnt/ubna_data_01_mir/recover-20220825/UBNA_002/20220823_033000.WAV,Telephone Field,recover-20220825,002,1795
1555.0995,1555.1403,68437,82985,Rhinolophus ferrumequinum,0.032,0.033,-1,Echolocation,/mnt/ubna_data_01_mir/recover-20220825/UBNA_002/20220823_033000.WAV,Telephone Field,recover-20220825,002,1795
1555.1245,1555.1308,28046,43603,Myotis daubentonii,0.006,0.024,-1,Echolocation,/mnt/ubna_data_01_mir/recover-20220825/UBNA_002/20220823_033000.WAV,Telephone Field,recover-20220825,002,1795
1555.1365,1555.1782,68437,83255,Rhinolophus ferrumequinum,0.027,0.027,-1,Echolocation,/mnt/ubna_data_01_mir/recover-20220825/UBNA_002/20220823_033000.WAV,Telephone Field,recover-20220825,002,1795
1555.1685,1555.1735,31484,75655,Myotis brandtii,0.035,0.07,-1,Echolocation,/mnt/ubna_data_01_mir/recover-20220825/UBNA_002/20220823_033000.WAV,Telephone Field,recover-20220825,002,1795
1555.1695,1555.1734,41796,55455,Myotis daubentonii,0.059,0.189,-1,Echolocation,/mnt/ubna_data_01_mir/recover-20220825/UBNA_002/20220823_033000.WAV,Telephone Field,recover-20220825,002,1795
1555.2105,1555.2445,68437,81357,Rhinolophus ferrumequinum,0.023,0.023,-1,Echolocation,/mnt/ubna_data_01_mir/recover-20220825/UBNA_002/20220823_033000.WAV,Telephone Field,recover-20220825,002,1795
1555.2245,1555.2341,28906,36293,Eptesicus serotinus,0.01,0.025,-1,Echolocation,/mnt/ubna_data_01_mir/recover-20220825/UBNA_002/20220823_033000.WAV,Telephone Field,recover-20220825,002,1795
1555.2395,1555.2448,38359,55079,Myotis brandtii,0.007,0.023,-1,Echolocation,/mnt/ubna_data_01_mir/recover-20220825/UBNA_002/20220823_033000.WAV,Telephone Field,recover-20220825,002,1795
1555.2695,1555.3106,68437,82375,Rhinolophus ferrumequinum,0.036,0.036,-1,Echolocation,/mnt/ubna_data_01_mir/recover-20220825/UBNA_002/20220823_033000.WAV,Telephone Field,recover-20220825,002,1795
1555.2765,1555.2924,22031,25939,Nyctalus leisleri,0.014,0.024,-1,Echolocation,/mnt/ubna_data_01_mir/recover-20220825/UBNA_002/20220823_033000.WAV,Telephone Field,recover-20220825,002,1795
1555.2895,1555.2977,25468,34270,Eptesicus serotinus,0.006,0.022,-1,Echolocation,/mnt/ubna_data_01_mir/recover-20220825/UBNA_002/20220823_033000.WAV,Telephone Field,recover-20220825,002,1795
1555.3225,1555.3595,68437,82305,Rhinolophus ferrumequinum,0.024,0.024,-1,Echolocation,/mnt/ubna_data_01_mir/recover-20220825/UBNA_002/20220823_033000.WAV,Telephone Field,recover-20220825,002,1795
1555.4025,1555.4388,68437,81545,Rhinolophus ferrumequinum,0.022,0.022,-1,Echolocation,/mnt/ubna_data_01_mir/recover-20220825/UBNA_002/20220823_033000.WAV,Telephone Field,recover-20220825,002,1795
1555.4345,1555.4739,68437,82722,Rhinolophus ferrumequinum,0.023,0.023,-1,Echolocation,/mnt/ubna_data_01_mir/recover-20220825/UBNA_002/20220823_033000.WAV,Telephone Field,recover-20220825,002,1795
1555.4365,1555.4425,31484,50747,Myotis daubentonii,0.014,0.027,-1,Echolocation,/mnt/ubna_data_01_mir/recover-20220825/UBNA_002/20220823_033000.WAV,Telephone Field,recover-20220825,002,1795
1555.4705,1555.478,27187,38425,Eptesicus serotinus,0.006,0.022,-1,Echolocation,/mnt/ubna_data_01_mir/recover-20220825/UBNA_002/20220823_033000.WAV,Telephone Field,recover-20220825,002,1795
1555.4925,1555.5032,22890,27892,Nyctalus leisleri,0.01,0.022,-1,Echolocation,/mnt/ubna_data_01_mir/recover-20220825/UBNA_002/20220823_033000.WAV,Telephone Field,recover-20220825,002,1795
1555.4935,1555.5382,68437,83142,Rhinolophus ferrumequinum,0.038,0.038,-1,Echolocation,/mnt/ubna_data_01_mir/recover-20220825/UBNA_002/20220823_033000.WAV,Telephone Field,recover-20220825,002,1795
1555.5065,1555.5457,68437,83226,Rhinolophus ferrumequinum,0.025,0.025,-1,Echolocation,/mnt/ubna_data_01_mir/recover-20220825/UBNA_002/20220823_033000.WAV,Telephone Field,recover-20220825,002,1795
1555.5475,1555.5876,68437,82439,Rhinolophus ferrumequinum,0.023,0.024,-1,Echolocation,/mnt/ubna_data_01_mir/recover-20220825/UBNA_002/20220823_033000.WAV,Telephone Field,recover-20220825,002,1795
1555.5855,1555.6265,68437,83089,Rhinolophus ferrumequinum,0.023,0.023,-1,Echolocation,/mnt/ubna_data_01_mir/recover-20220825/UBNA_002/20220823_033000.WAV,Telephone Field,recover-20220825,002,1795
1555.5965,1555.6054,26328,36202,Eptesicus serotinus,0.008,0.022,-1,Echolocation,/mnt/ubna_data_01_mir/recover-20220825/UBNA_002/20220823_033000.WAV,Telephone Field,recover-20220825,002,1795
1555.6255,1555.6327,28046,39145,Eptesicus serotinus,0.011,0.03,-1,Echolocation,/mnt/ubna_data_01_mir/recover-20220825/UBNA_002/20220823_033000.WAV,Telephone Field,recover-20220825,002,1795
1555.6485,1555.684,68437,82032,Rhinolophus ferrumequinum,0.023,0.023,-1,Echolocation,/mnt/ubna_data_01_mir/recover-20220825/UBNA_002/20220823_033000.WAV,Telephone Field,recover-20220825,002,1795
1555.6715,1555.7086,68437,82144,Rhinolophus ferrumequinum,0.022,0.022,-1,Echolocation,/mnt/ubna_data_01_mir/recover-20220825/UBNA_002/20220823_033000.WAV,Telephone Field,recover-20220825,002,1795
1555.6735,1555.6812,27187,37084,Eptesicus serotinus,0.007,0.023,-1,Echolocation,/mnt/ubna_data_01_mir/recover-20220825/UBNA_002/20220823_033000.WAV,Telephone Field,recover-20220825,002,1795
1555.7145,1555.7499,68437,81620,Rhinolophus ferrumequinum,0.022,0.022,-1,Echolocation,/mnt/ubna_data_01_mir/recover-20220825/UBNA_002/20220823_033000.WAV,Telephone Field,recover-20220825,002,1795
1555.8025,1555.8114,28046,39509,Eptesicus serotinus,0.009,0.023,-1,Echolocation,/mnt/ubna_data_01_mir/recover-20220825/UBNA_002/20220823_033000.WAV,Telephone Field,recover-20220825,002,1795
1555.8485,1555.8894,68437,83141,Rhinolophus ferrumequinum,0.047,0.047,-1,Echolocation,/mnt/ubna_data_01_mir/recover-20220825/UBNA_002/20220823_033000.WAV,Telephone Field,recover-20220825,002,1795
1555.8535,1555.8609,27187,36423,Eptesicus serotinus,0.014,0.036,-1,Echolocation,/mnt/ubna_data_01_mir/recover-20220825/UBNA_002/20220823_033000.WAV,Telephone Field,recover-20220825,002,1795
1555.9245,1555.9632,68437,82216,Rhinolophus ferrumequinum,0.022,0.022,-1,Echolocation,/mnt/ubna_data_01_mir/recover-20220825/UBNA_002/20220823_033000.WAV,Telephone Field,recover-20220825,002,1795
1555.9375,1555.9782,68437,82445,Rhinolophus ferrumequinum,0.022,0.022,-1,Echolocation,/mnt/ubna_data_01_mir/recover-20220825/UBNA_002/20220823_033000.WAV,Telephone Field,recover-20220825,002,1795
1555.9605,1555.9988,68437,81998,Rhinolophus ferrumequinum,0.028,0.028,-1,Echolocation,/mnt/ubna_data_01_mir/recover-20220825/UBNA_002/20220823_033000.WAV,Telephone Field,recover-20220825,002,1795
1555.9655,1555.974,23750,32380,Plecotus austriacus,0.006,0.022,-1,Echolocation,/mnt/ubna_data_01_mir/recover-20220825/UBNA_002/20220823_033000.WAV,Telephone Field,recover-20220825,002,1795
1556.0015,1556.0105,26328,35999,Nyctalus leisleri,0.008,0.026,-1,Echolocation,/mnt/ubna_data_01_mir/recover-20220825/UBNA_002/20220823_033000.WAV,Telephone Field,recover-20220825,002,1795
1556.0015,1556.0088,47812,53027,Pipistrellus pipistrellus,0.021,0.029,-1,Echolocation,/mnt/ubna_data_01_mir/recover-20220825/UBNA_002/20220823_033000.WAV,Telephone Field,recover-20220825,002,1795
1556.0015,1556.0379,68437,80555,Rhinolophus ferrumequinum,0.038,0.038,-1,Echolocation,/mnt/ubna_data_01_mir/recover-20220825/UBNA_002/20220823_033000.WAV,Telephone Field,recover-20220825,002,1795
1556.0075,1556.0503,68437,82630,Rhinolophus ferrumequinum,0.023,0.023,-1,Echolocation,/mnt/ubna_data_01_mir/recover-20220825/UBNA_002/20220823_033000.WAV,Telephone Field,recover-20220825,002,1795
1556.1565,1556.1952,68437,82331,Rhinolophus ferrumequinum,0.022,0.022,-1,Echolocation,/mnt/ubna_data_01_mir/recover-20220825/UBNA_002/20220823_033000.WAV,Telephone Field,recover-20220825,002,1795
1556.1955,1556.2054,22031,27744,Plecotus austriacus,0.008,0.022,-1,Echolocation,/mnt/ubna_data_01_mir/recover-20220825/UBNA_002/20220823_033000.WAV,Telephone Field,recover-20220825,002,1795
1556.2225,1556.2294,27187,40035,Eptesicus serotinus,0.006,0.024,-1,Echolocation,/mnt/ubna_data_01_mir/recover-20220825/UBNA_002/20220823_033000.WAV,Telephone Field,recover-20220825,002,1795
1556.2365,1556.2729,68437,82497,Rhinolophus ferrumequinum,0.024,0.024,-1,Echolocation,/mnt/ubna_data_01_mir/recover-20220825/UBNA_002/20220823_033000.WAV,Telephone Field,recover-20220825,002,1795
1556.2625,1556.2721,26328,35400,Eptesicus serotinus,0.015,0.032,-1,Echolocation,/mnt/ubna_data_01_mir/recover-20220825/UBNA_002/20220823_033000.WAV,Telephone Field,recover-20220825,002,1795
1556.2835,1556.3189,68437,81248,Rhinolophus ferrumequinum,0.022,0.022,-1,Echolocation,/mnt/ubna_data_01_mir/recover-20220825/UBNA_002/20220823_033000.WAV,Telephone Field,recover-20220825,002,1795
1556.2845,1556.2912,30625,52901,Myotis daubentonii,0.01,0.023,-1,Echolocation,/mnt/ubna_data_01_mir/recover-20220825/UBNA_002/20220823_033000.WAV,Telephone Field,recover-20220825,002,1795
1556.3305,1556.3646,68437,80638,Rhinolophus ferrumequinum,0.021,0.021,-1,Echolocation,/mnt/ubna_data_01_mir/recover-20220825/UBNA_002/20220823_033000.WAV,Telephone Field,recover-20220825,002,1795
1556.3395,1556.3738,68437,80998,Rhinolophus ferrumequinum,0.021,0.021,-1,Echolocation,/mnt/ubna_data_01_mir/recover-20220825/UBNA_002/20220823_033000.WAV,Telephone Field,recover-20220825,002,1795
1556.3525,1556.3883,68437,81767,Rhinolophus ferrumequinum,0.022,0.022,-1,Echolocation,/mnt/ubna_data_01_mir/recover-20220825/UBNA_002/20220823_033000.WAV,Telephone Field,recover-20220825,002,1795
1556.3565,1556.364,28046,42070,Eptesicus serotinus,0.008,0.025,-1,Echolocation,/mnt/ubna_data_01_mir/recover-20220825/UBNA_002/20220823_033000.WAV,Telephone Field,recover-20220825,002,1795
1556.4185,1556.4608,68437,83098,Rhinolophus ferrumequinum,0.026,0.026,-1,Echolocation,/mnt/ubna_data_01_mir/recover-20220825/UBNA_002/20220823_033000.WAV,Telephone Field,recover-20220825,002,1795
1556.4355,1556.442,25468,35694,Plecotus austriacus,0.021,0.046,-1,Echolocation,/mnt/ubna_data_01_mir/recover-20220825/UBNA_002/20220823_033000.WAV,Telephone Field,recover-20220825,002,1795
1556.4425,1556.4823,68437,82095,Rhinolophus ferrumequinum,0.023,0.023,-1,Echolocation,/mnt/ubna_data_01_mir/recover-20220825/UBNA_002/20220823_033000.WAV,Telephone Field,recover-20220825,002,1795
1556.4685,1556.4814,25468,29720,Nyctalus leisleri,0.014,0.029,-1,Echolocation,/mnt/ubna_data_01_mir/recover-20220825/UBNA_002/20220823_033000.WAV,Telephone Field,recover-20220825,002,1795
1556.4945,1556.5037,26328,35270,Eptesicus serotinus,0.009,0.023,-1,Echolocation,/mnt/ubna_data_01_mir/recover-20220825/UBNA_002/20220823_033000.WAV,Telephone Field,recover-20220825,002,1795
1556.4955,1556.5343,68437,83074,Rhinolophus ferrumequinum,0.023,0.023,-1,Echolocation,/mnt/ubna_data_01_mir/recover-20220825/UBNA_002/20220823_033000.WAV,Telephone Field,recover-20220825,002,1795
1556.5085,1556.5436,68437,81592,Rhinolophus ferrumequinum,0.022,0.022,-1,Echolocation,/mnt/ubna_data_01_mir/recover-20220825/UBNA_002/20220823_033000.WAV,Telephone Field,recover-20220825,002,1795
1556.5555,1556.5935,68437,82523,Rhinolophus ferrumequinum,0.024,0.024,-1,Echolocation,/mnt/ubna_data_01_mir/recover-20220825/UBNA_002/20220823_033000.WAV,Telephone Field,recover-20220825,002,1795
1556.5635,1556.5705,28046,44627,Eptesicus serotinus,0.006,0.023,-1,Echolocation,/mnt/ubna_data_01_mir/recover-20220825/UBNA_002/20220823_033000.WAV,Telephone Field,recover-20220825,002,1795
1556.5875,1556.6254,68437,82527,Rhinolophus ferrumequinum,0.024,0.024,-1,Echolocation,/mnt/ubna_data_01_mir/recover-20220825/UBNA_002/20220823_033000.WAV,Telephone Field,recover-20220825,002,1795
1556.5925,1556.6027,23750,30775,Nyctalus leisleri,0.011,0.029,-1,Echolocation,/mnt/ubna_data_01_mir/recover-20220825/UBNA_002/20220823_033000.WAV,Telephone Field,recover-20220825,002,1795
1556.6155,1556.6534,68437,82212,Rhinolophus ferrumequinum,0.022,0.022,-1,Echolocation,/mnt/ubna_data_01_mir/recover-20220825/UBNA_002/20220823_033000.WAV,Telephone Field,recover-20220825,002,1795
1556.6205,1556.6276,24609,34286,Plecotus austriacus,0.008,0.026,-1,Echolocation,/mnt/ubna_data_01_mir/recover-20220825/UBNA_002/20220823_033000.WAV,Telephone Field,recover-20220825,002,1795
1556.6445,1556.6839,68437,82515,Rhinolophus ferrumequinum,0.023,0.023,-1,Echolocation,/mnt/ubna_data_01_mir/recover-20220825/UBNA_002/20220823_033000.WAV,Telephone Field,recover-20220825,002,1795
1556.6675,1556.6773,23750,30921,Nyctalus leisleri,0.01,0.027,-1,Echolocation,/mnt/ubna_data_01_mir/recover-20220825/UBNA_002/20220823_033000.WAV,Telephone Field,recover-20220825,002,1795
1556.6855,1556.7208,68437,81919,Rhinolophus ferrumequinum,0.022,0.022,-1,Echolocation,/mnt/ubna_data_01_mir/recover-20220825/UBNA_002/20220823_033000.WAV,Telephone Field,recover-20220825,002,1795
1556.6865,1556.694,30625,41451,Myotis daubentonii,0.009,0.027,-1,Echolocation,/mnt/ubna_data_01_mir/recover-20220825/UBNA_002/20220823_033000.WAV,Telephone Field,recover-20220825,002,1795
1556.6975,1556.735,68437,82106,Rhinolophus ferrumequinum,0.024,0.024,-1,Echolocation,/mnt/ubna_data_01_mir/recover-20220825/UBNA_002/20220823_033000.WAV,Telephone Field,recover-20220825,002,1795
1556.7195,1556.7265,28046,39342,Eptesicus serotinus,0.006,0.022,-1,Echolocation,/mnt/ubna_data_01_mir/recover-20220825/UBNA_002/20220823_033000.WAV,Telephone Field,recover-20220825,002,1795
1556.7195,1556.7285,22890,30416,Plecotus austriacus,0.008,0.023,-1,Echolocation,/mnt/ubna_data_01_mir/recover-20220825/UBNA_002/20220823_033000.WAV,Telephone Field,recover-20220825,002,1795
1556.7375,1556.7452,29765,41204,Eptesicus serotinus,0.008,0.028,-1,Echolocation,/mnt/ubna_data_01_mir/recover-20220825/UBNA_002/20220823_033000.WAV,Telephone Field,recover-20220825,002,1795
1556.7595,1556.7667,28046,41540,Eptesicus serotinus,0.007,0.024,-1,Echolocation,/mnt/ubna_data_01_mir/recover-20220825/UBNA_002/20220823_033000.WAV,Telephone Field,recover-20220825,002,1795
1556.8275,1556.8327,28906,44510,Myotis daubentonii,0.011,0.05,-1,Echolocation,/mnt/ubna_data_01_mir/recover-20220825/UBNA_002/20220823_033000.WAV,Telephone Field,recover-20220825,002,1795
1556.8275,1556.8683,68437,83473,Rhinolophus ferrumequinum,0.025,0.025,-1,Echolocation,/mnt/ubna_data_01_mir/recover-20220825/UBNA_002/20220823_033000.WAV,Telephone Field,recover-20220825,002,1795
1556.8685,1556.9084,68437,82926,Rhinolophus ferrumequinum,0.024,0.024,-1,Echolocation,/mnt/ubna_data_01_mir/recover-20220825/UBNA_002/20220823_033000.WAV,Telephone Field,recover-20220825,002,1795
1556.8855,1556.893,28906,41321,Eptesicus serotinus,0.006,0.021,-1,Echolocation,/mnt/ubna_data_01_mir/recover-20220825/UBNA_002/20220823_033000.WAV,Telephone Field,recover-20220825,002,1795
1556.8895,1556.9248,68437,81547,Rhinolophus ferrumequinum,0.021,0.021,-1,Echolocation,/mnt/ubna_data_01_mir/recover-20220825/UBNA_002/20220823_033000.WAV,Telephone Field,recover-20220825,002,1795
1556.9365,1556.9725,68437,81747,Rhinolophus ferrumequinum,0.022,0.022,-1,Echolocation,/mnt/ubna_data_01_mir/recover-20220825/UBNA_002/20220823_033000.WAV,Telephone Field,recover-20220825,002,1795
1556.9915,1557.0265,68437,81377,Rhinolophus ferrumequinum,0.024,0.024,-1,Echolocation,/mnt/ubna_data_01_mir/recover-20220825/UBNA_002/20220823_033000.WAV,Telephone Field,recover-20220825,002,1795
1557.0645,1557.1034,68437,81861,Rhinolophus ferrumequinum,0.022,0.022,-1,Echolocation,/mnt/ubna_data_01_mir/recover-20220825/UBNA_002/20220823_033000.WAV,Telephone Field,recover-20220825,002,1795
1557.0725,1557.0861,24609,30312,Nyctalus leisleri,0.02,0.045,-1,Echolocation,/mnt/ubna_data_01_mir/recover-20220825/UBNA_002/20220823_033000.WAV,Telephone Field,recover-20220825,002,1795
1557.0935,1557.1311,68437,81990,Rhinolophus ferrumequinum,0.022,0.022,-1,Echolocation,/mnt/ubna_data_01_mir/recover-20220825/UBNA_002/20220823_033000.WAV,Telephone Field,recover-20220825,002,1795
1557.1385,1557.1752,68437,81738,Rhinolophus ferrumequinum,0.024,0.024,-1,Echolocation,/mnt/ubna_data_01_mir/recover-20220825/UBNA_002/20220823_033000.WAV,Telephone Field,recover-20220825,002,1795
1557.1525,1557.159,28046,42116,Eptesicus serotinus,0.007,0.028,-1,Echolocation,/mnt/ubna_data_01_mir/recover-20220825/UBNA_002/20220823_033000.WAV,Telephone Field,recover-20220825,002,1795
1557.1535,1557.1931,68437,82686,Rhinolophus ferrumequinum,0.024,0.024,-1,Echolocation,/mnt/ubna_data_01_mir/recover-20220825/UBNA_002/20220823_033000.WAV,Telephone Field,recover-20220825,002,1795
1557.1715,1557.1829,28046,35043,Eptesicus serotinus,0.015,0.029,-1,Echolocation,/mnt/ubna_data_01_mir/recover-20220825/UBNA_002/20220823_033000.WAV,Telephone Field,recover-20220825,002,1795
1557.1725,1557.2147,68437,82205,Rhinolophus ferrumequinum,0.023,0.023,-1,Echolocation,/mnt/ubna_data_01_mir/recover-20220825/UBNA_002/20220823_033000.WAV,Telephone Field,recover-20220825,002,1795
1557.1775,1557.2157,68437,81845,Rhinolophus ferrumequinum,0.022,0.022,-1,Echolocation,/mnt/ubna_data_01_mir/recover-20220825/UBNA_002/20220823_033000.WAV,Telephone Field,recover-20220825,002,1795
1557.2535,1557.2616,28906,39147,Eptesicus serotinus,0.008,0.022,-1,Echolocation,/mnt/ubna_data_01_mir/recover-20220825/UBNA_002/20220823_033000.WAV,Telephone Field,recover-20220825,002,1795
1557.2655,1557.2747,48671,52067,Pipistrellus pipistrellus,0.024,0.026,-1,Echolocation,/mnt/ubna_data_01_mir/recover-20220825/UBNA_002/20220823_033000.WAV,Telephone Field,recover-20220825,002,1795
1557.2755,1557.2848,23750,31474,Plecotus austriacus,0.008,0.029,-1,Echolocation,/mnt/ubna_data_01_mir/recover-20220825/UBNA_002/20220823_033000.WAV,Telephone Field,recover-20220825,002,1795
1557.2885,1557.2979,28046,36802,Eptesicus serotinus,0.009,0.021,-1,Echolocation,/mnt/ubna_data_01_mir/recover-20220825/UBNA_002/20220823_033000.WAV,Telephone Field,recover-20220825,002,1795
1557.3005,1557.3098,28906,38377,Eptesicus serotinus,0.009,0.023,-1,Echolocation,/mnt/ubna_data_01_mir/recover-20220825/UBNA_002/20220823_033000.WAV,Telephone Field,recover-20220825,002,1795
1557.3325,1557.3402,47812,53168,Pipistrellus pipistrellus,0.024,0.025,-1,Echolocation,/mnt/ubna_data_01_mir/recover-20220825/UBNA_002/20220823_033000.WAV,Telephone Field,recover-20220825,002,1795
1557.3515,1557.3884,68437,82064,Rhinolophus ferrumequinum,0.021,0.021,-1,Echolocation,/mnt/ubna_data_01_mir/recover-20220825/UBNA_002/20220823_033000.WAV,Telephone Field,recover-20220825,002,1795
1557.3875,1557.3945,34921,43044,Myotis daubentonii,0.006,0.022,-1,Echolocation,/mnt/ubna_data_01_mir/recover-20220825/UBNA_002/20220823_033000.WAV,Telephone Field,recover-20220825,002,1795
1557.3875,1557.394,28046,39328,Eptesicus serotinus,0.008,0.025,-1,Echolocation,/mnt/ubna_data_01_mir/recover-20220825/UBNA_002/20220823_033000.WAV,Telephone Field,recover-20220825,002,1795
1557.4605,1557.4986,68437,83038,Rhinolophus ferrumequinum,0.022,0.022,-1,Echolocation,/mnt/ubna_data_01_mir/recover-20220825/UBNA_002/20220823_033000.WAV,Telephone Field,recover-20220825,002,1795
1557.4835,1557.4941,26328,33327,Eptesicus serotinus,0.011,0.024,-1,Echolocation,/mnt/ubna_data_01_mir/recover-20220825/UBNA_002/20220823_033000.WAV,Telephone Field,recover-20220825,002,1795
1557.5055,1557.5462,68437,82765,Rhinolophus ferrumequinum,0.023,0.023,-1,Echolocation,/mnt/ubna_data_01_mir/recover-20220825/UBNA_002/20220823_033000.WAV,Telephone Field,recover-20220825,002,1795
1557.5065,1557.5144,27187,37453,Eptesicus serotinus,0.007,0.023,-1,Echolocation,/mnt/ubna_data_01_mir/recover-20220825/UBNA_002/20220823_033000.WAV,Telephone Field,recover-20220825,002,1795
1557.5365,1557.5755,68437,82341,Rhinolophus ferrumequinum,0.023,0.023,-1,Echolocation,/mnt/ubna_data_01_mir/recover-20220825/UBNA_002/20220823_033000.WAV,Telephone Field,recover-20220825,002,1795
1557.5565,1557.568,28046,36337,Eptesicus serotinus,0.019,0.033,-1,Echolocation,/mnt/ubna_data_01_mir/recover-20220825/UBNA_002/20220823_033000.WAV,Telephone Field,recover-20220825,002,1795
1557.5975,1557.6355,68437,81744,Rhinolophus ferrumequinum,0.023,0.023,-1,Echolocation,/mnt/ubna_data_01_mir/recover-20220825/UBNA_002/20220823_033000.WAV,Telephone Field,recover-20220825,002,1795
1557.6115,1557.653,68437,82815,Rhinolophus ferrumequinum,0.025,0.025,-1,Echolocation,/mnt/ubna_data_01_mir/recover-20220825/UBNA_002/20220823_033000.WAV,Telephone Field,recover-20220825,002,1795
1557.6255,1557.6349,25468,35484,Eptesicus serotinus,0.009,0.022,-1,Echolocation,/mnt/ubna_data_01_mir/recover-20220825/UBNA_002/20220823_033000.WAV,Telephone Field,recover-20220825,002,1795
1557.6555,1557.6661,22890,28165,Nyctalus leisleri,0.009,0.021,-1,Echolocation,/mnt/ubna_data_01_mir/recover-20220825/UBNA_002/20220823_033000.WAV,Telephone Field,recover-20220825,002,1795
1557.6645,1557.7009,68437,81796,Rhinolophus ferrumequinum,0.024,0.024,-1,Echolocation,/mnt/ubna_data_01_mir/recover-20220825/UBNA_002/20220823_033000.WAV,Telephone Field,recover-20220825,002,1795
1557.6645,1557.6734,22031,28570,Plecotus austriacus,0.011,0.024,-1,Echolocation,/mnt/ubna_data_01_mir/recover-20220825/UBNA_002/20220823_033000.WAV,Telephone Field,recover-20220825,002,1795
1557.6895,1557.7303,68437,82909,Rhinolophus ferrumequinum,0.03,0.03,-1,Echolocation,/mnt/ubna_data_01_mir/recover-20220825/UBNA_002/20220823_033000.WAV,Telephone Field,recover-20220825,002,1795
1557.7155,1557.7544,68437,82501,Rhinolophus ferrumequinum,0.028,0.028,-1,Echolocation,/mnt/ubna_data_01_mir/recover-20220825/UBNA_002/20220823_033000.WAV,Telephone Field,recover-20220825,002,1795
1557.7455,1557.7813,68437,81420,Rhinolophus ferrumequinum,0.021,0.021,-1,Echolocation,/mnt/ubna_data_01_mir/recover-20220825/UBNA_002/20220823_033000.WAV,Telephone Field,recover-20220825,002,1795
1557.7715,1557.8096,68437,81922,Rhinolophus ferrumequinum,0.023,0.023,-1,Echolocation,/mnt/ubna_data_01_mir/recover-20220825/UBNA_002/20220823_033000.WAV,Telephone Field,recover-20220825,002,1795
1557.7925,1557.8309,68437,82663,Rhinolophus ferrumequinum,0.022,0.022,-1,Echolocation,/mnt/ubna_data_01_mir/recover-20220825/UBNA_002/20220823_033000.WAV,Telephone Field,recover-20220825,002,1795
1557.8125,1557.8189,28046,40143,Eptesicus serotinus,0.005,0.022,-1,Echolocation,/mnt/ubna_data_01_mir/recover-20220825/UBNA_002/20220823_033000.WAV,Telephone Field,recover-20220825,002,1795
1557.8125,1557.848,68437,81411,Rhinolophus ferrumequinum,0.022,0.022,-1,Echolocation,/mnt/ubna_data_01_mir/recover-20220825/UBNA_002/20220823_033000.WAV,Telephone Field,recover-20220825,002,1795
1557.8205,1557.8401,19453,22497,Nyctalus leisleri,0.015,0.031,-1,Echolocation,/mnt/ubna_data_01_mir/recover-20220825/UBNA_002/20220823_033000.WAV,Telephone Field,recover-20220825,002,1795
1557.8315,1557.8384,49531,54178,Pipistrellus pipistrellus,0.028,0.03,-1,Echolocation,/mnt/ubna_data_01_mir/recover-20220825/UBNA_002/20220823_033000.WAV,Telephone Field,recover-20220825,002,1795
1557.9315,1557.9416,23750,29524,Nyctalus leisleri,0.009,0.022,-1,Echolocation,/mnt/ubna_data_01_mir/recover-20220825/UBNA_002/20220823_033000.WAV,Telephone Field,recover-20220825,002,1795
1557.9805,1557.9911,22031,27390,Nyctalus leisleri,0.012,0.029,-1,Echolocation,/mnt/ubna_data_01_mir/recover-20220825/UBNA_002/20220823_033000.WAV,Telephone Field,recover-20220825,002,1795
1557.9825,1557.9915,28906,41457,Eptesicus serotinus,0.009,0.022,-1,Echolocation,/mnt/ubna_data_01_mir/recover-20220825/UBNA_002/20220823_033000.WAV,Telephone Field,recover-20220825,002,1795
1558.0015,1558.032,68437,79506,Rhinolophus ferrumequinum,0.026,0.027,-1,Echolocation,/mnt/ubna_data_01_mir/recover-20220825/UBNA_002/20220823_033000.WAV,Telephone Field,recover-20220825,002,1795
1558.0015,1558.0106,25468,33476,Eptesicus serotinus,0.009,0.03,-1,Echolocation,/mnt/ubna_data_01_mir/recover-20220825/UBNA_002/20220823_033000.WAV,Telephone Field,recover-20220825,002,1795
1558.0015,1558.0103,37500,44904,Pipistrellus nathusii,0.012,0.029,-1,Echolocation,/mnt/ubna_data_01_mir/recover-20220825/UBNA_002/20220823_033000.WAV,Telephone Field,recover-20220825,002,1795
1558.0135,1558.0515,68437,81493,Rhinolophus ferrumequinum,0.024,0.024,-1,Echolocation,/mnt/ubna_data_01_mir/recover-20220825/UBNA_002/20220823_033000.WAV,Telephone Field,recover-20220825,002,1795
1558.0155,1558.0222,28046,43933,Eptesicus serotinus,0.007,0.029,-1,Echolocation,/mnt/ubna_data_01_mir/recover-20220825/UBNA_002/20220823_033000.WAV,Telephone Field,recover-20220825,002,1795
1558.0415,1558.0787,68437,82138,Rhinolophus ferrumequinum,0.029,0.029,-1,Echolocation,/mnt/ubna_data_01_mir/recover-20220825/UBNA_002/20220823_033000.WAV,Telephone Field,recover-20220825,002,1795
1558.0665,1558.0772,27187,35000,Eptesicus serotinus,0.014,0.031,-1,Echolocation,/mnt/ubna_data_01_mir/recover-20220825/UBNA_002/20220823_033000.WAV,Telephone Field,recover-20220825,002,1795
1558.1265,1558.166,68437,82737,Rhinolophus ferrumequinum,0.024,0.024,-1,Echolocation,/mnt/ubna_data_01_mir/recover-20220825/UBNA_002/20220823_033000.WAV,Telephone Field,recover-20220825,002,1795
1558.1345,1558.1761,68437,82823,Rhinolophus ferrumequinum,0.026,0.026,-1,Echolocation,/mnt/ubna_data_01_mir/recover-20220825/UBNA_002/20220823_033000.WAV,Telephone Field,recover-20220825,002,1795
1558.1445,1558.1841,68437,82545,Rhinolophus ferrumequinum,0.024,0.024,-1,Echolocation,/mnt/ubna_data_01_mir/recover-20220825/UBNA_002/20220823_033000.WAV,Telephone Field,recover-20220825,002,1795
1558.1495,1558.1896,68437,82597,Rhinolophus ferrumequinum,0.024,0.024,-1,Echolocation,/mnt/ubna_data_01_mir/recover-20220825/UBNA_002/20220823_033000.WAV,Telephone Field,recover-20220825,002,1795
1558.2055,1558.2448,68437,82494,Rhinolophus ferrumequinum,0.023,0.023,-1,Echolocation,/mnt/ubna_data_01_mir/recover-20220825/UBNA_002/20220823_033000.WAV,Telephone Field,recover-20220825,002,1795
1558.2065,1558.2156,28906,37995,Eptesicus serotinus,0.01,0.026,-1,Echolocation,/mnt/ubna_data_01_mir/recover-20220825/UBNA_002/20220823_033000.WAV,Telephone Field,recover-20220825,002,1795
1558.2375,1558.2777,68437,82334,Rhinolophus ferrumequinum,0.022,0.022,-1,Echolocation,/mnt/ubna_data_01_mir/recover-20220825/UBNA_002/20220823_033000.WAV,Telephone Field,recover-20220825,002,1795
1558.2805,1558.317,68437,81313,Rhinolophus ferrumequinum,0.028,0.028,-1,Echolocation,/mnt/ubna_data_01_mir/recover-20220825/UBNA_002/20220823_033000.WAV,Telephone Field,recover-20220825,002,1795
1558.3245,1558.3347,23750,31282,Nyctalus leisleri,0.008,0.028,-1,Echolocation,/mnt/ubna_data_01_mir/recover-20220825/UBNA_002/20220823_033000.WAV,Telephone Field,recover-20220825,002,1795
1558.3575,1558.3663,28046,36466,Eptesicus serotinus,0.009,0.023,-1,Echolocation,/mnt/ubna_data_01_mir/recover-20220825/UBNA_002/20220823_033000.WAV,Telephone Field,recover-20220825,002,1795
1558.3585,1558.3672,23750,31410,Plecotus austriacus,0.007,0.023,-1,Echolocation,/mnt/ubna_data_01_mir/recover-20220825/UBNA_002/20220823_033000.WAV,Telephone Field,recover-20220825,002,1795
1558.3755,1558.4155,68437,82419,Rhinolophus ferrumequinum,0.027,0.027,-1,Echolocation,/mnt/ubna_data_01_mir/recover-20220825/UBNA_002/20220823_033000.WAV,Telephone Field,recover-20220825,002,1795
1558.3815,1558.3909,40078,49135,Pipistrellus nathusii,0.01,0.024,-1,Echolocation,/mnt/ubna_data_01_mir/recover-20220825/UBNA_002/20220823_033000.WAV,Telephone Field,recover-20220825,002,1795
1558.3945,1558.4362,68437,83061,Rhinolophus ferrumequinum,0.028,0.028,-1,Echolocation,/mnt/ubna_data_01_mir/recover-20220825/UBNA_002/20220823_033000.WAV,Telephone Field,recover-20220825,002,1795
1558.4105,1558.423,22031,25730,Nyctalus leisleri,0.015,0.024,-1,Echolocation,/mnt/ubna_data_01_mir/recover-20220825/UBNA_002/20220823_033000.WAV,Telephone Field,recover-20220825,002,1795
1558.4195,1558.4605999999999,68437,83277,Rhinolophus ferrumequinum,0.025,0.025,-1,Echolocation,/mnt/ubna_data_01_mir/recover-20220825/UBNA_002/20220823_033000.WAV,Telephone Field,recover-20220825,002,1795
1558.4255,1558.4305,37500,55309,Myotis daubentonii,0.007,0.024,-1,Echolocation,/mnt/ubna_data_01_mir/recover-20220825/UBNA_002/20220823_033000.WAV,Telephone Field,recover-20220825,002,1795
1558.4265,1558.4338,28046,50564,Eptesicus serotinus,0.009,0.025,-1,Echolocation,/mnt/ubna_data_01_mir/recover-20220825/UBNA_002/20220823_033000.WAV,Telephone Field,recover-20220825,002,1795
1558.4395,1558.4797,68437,83103,Rhinolophus ferrumequinum,0.024,0.024,-1,Echolocation,/mnt/ubna_data_01_mir/recover-20220825/UBNA_002/20220823_033000.WAV,Telephone Field,recover-20220825,002,1795
1558.4835,1558.5243,68437,82397,Rhinolophus ferrumequinum,0.023,0.023,-1,Echolocation,/mnt/ubna_data_01_mir/recover-20220825/UBNA_002/20220823_033000.WAV,Telephone Field,recover-20220825,002,1795
1558.4985,1558.5368,68437,82473,Rhinolophus ferrumequinum,0.024,0.024,-1,Echolocation,/mnt/ubna_data_01_mir/recover-20220825/UBNA_002/20220823_033000.WAV,Telephone Field,recover-20220825,002,1795
1558.5315,1558.5695,68437,82002,Rhinolophus ferrumequinum,0.021,0.022,-1,Echolocation,/mnt/ubna_data_01_mir/recover-20220825/UBNA_002/20220823_033000.WAV,Telephone Field,recover-20220825,002,1795
1558.5815,1558.623,68437,82958,Rhinolophus ferrumequinum,0.026,0.026,-1,Echolocation,/mnt/ubna_data_01_mir/recover-20220825/UBNA_002/20220823_033000.WAV,Telephone Field,recover-20220825,002,1795
1558.5895,1558.6303,68437,82476,Rhinolophus ferrumequinum,0.023,0.023,-1,Echolocation,/mnt/ubna_data_01_mir/recover-20220825/UBNA_002/20220823_033000.WAV,Telephone Field,recover-20220825,002,1795
1558.6065,1558.6187,36640,41334,Pipistrellus nathusii,0.019,0.033,-1,Echolocation,/mnt/ubna_data_01_mir/recover-20220825/UBNA_002/20220823_033000.WAV,Telephone Field,recover-20220825,002,1795
1558.6075,1558.6442,68437,81371,Rhinolophus ferrumequinum,0.022,0.022,-1,Echolocation,/mnt/ubna_data_01_mir/recover-20220825/UBNA_002/20220823_033000.WAV,Telephone Field,recover-20220825,002,1795
1558.6175,1558.6271,24609,31420,Nyctalus leisleri,0.007,0.022,-1,Echolocation,/mnt/ubna_data_01_mir/recover-20220825/UBNA_002/20220823_033000.WAV,Telephone Field,recover-20220825,002,1795
1558.6445,1558.6813,68437,81956,Rhinolophus ferrumequinum,0.023,0.023,-1,Echolocation,/mnt/ubna_data_01_mir/recover-20220825/UBNA_002/20220823_033000.WAV,Telephone Field,recover-20220825,002,1795
1558.6485,1558.6581,40937,47315,Pipistrellus nathusii,0.023,0.036,-1,Echolocation,/mnt/ubna_data_01_mir/recover-20220825/UBNA_002/20220823_033000.WAV,Telephone Field,recover-20220825,002,1795
1558.6725,1558.6793,23750,32576,Plecotus austriacus,0.009,0.022,-1,Echolocation,/mnt/ubna_data_01_mir/recover-20220825/UBNA_002/20220823_033000.WAV,Telephone Field,recover-20220825,002,1795
1558.7175,1558.7263,28046,37409,Eptesicus serotinus,0.008,0.022,-1,Echolocation,/mnt/ubna_data_01_mir/recover-20220825/UBNA_002/20220823_033000.WAV,Telephone Field,recover-20220825,002,1795
1558.7285,1558.766,68437,82316,Rhinolophus ferrumequinum,0.025,0.025,-1,Echolocation,/mnt/ubna_data_01_mir/recover-20220825/UBNA_002/20220823_033000.WAV,Telephone Field,recover-20220825,002,1795
1558.7615,1558.7693,24609,33825,Plecotus austriacus,0.007,0.025,-1,Echolocation,/mnt/ubna_data_01_mir/recover-20220825/UBNA_002/20220823_033000.WAV,Telephone Field,recover-20220825,002,1795
1558.7755,1558.7846,25468,33991,Eptesicus serotinus,0.009,0.025,-1,Echolocation,/mnt/ubna_data_01_mir/recover-20220825/UBNA_002/20220823_033000.WAV,Telephone Field,recover-20220825,002,1795
1558.8015,1558.8101,27187,37221,Eptesicus serotinus,0.007,0.022,-1,Echolocation,/mnt/ubna_data_01_mir/recover-20220825/UBNA_002/20220823_033000.WAV,Telephone Field,recover-20220825,002,1795
1558.8065,1558.8464,68437,82557,Rhinolophus ferrumequinum,0.029,0.029,-1,Echolocation,/mnt/ubna_data_01_mir/recover-20220825/UBNA_002/20220823_033000.WAV,Telephone Field,recover-20220825,002,1795
1558.8375,1558.8445,34062,40370,Barbastellus barbastellus,0.007,0.026,-1,Echolocation,/mnt/ubna_data_01_mir/recover-20220825/UBNA_002/20220823_033000.WAV,Telephone Field,recover-20220825,002,1795
1558.8385,1558.8461,28046,37656,Eptesicus serotinus,0.009,0.029,-1,Echolocation,/mnt/ubna_data_01_mir/recover-20220825/UBNA_002/20220823_033000.WAV,Telephone Field,recover-20220825,002,1795
1558.8475,1558.8857,68437,82696,Rhinolophus ferrumequinum,0.029,0.029,-1,Echolocation,/mnt/ubna_data_01_mir/recover-20220825/UBNA_002/20220823_033000.WAV,Telephone Field,recover-20220825,002,1795
1558.8585,1558.8663999999999,26328,36318,Eptesicus serotinus,0.009,0.023,-1,Echolocation,/mnt/ubna_data_01_mir/recover-20220825/UBNA_002/20220823_033000.WAV,Telephone Field,recover-20220825,002,1795
1558.8855,1558.9251,68437,82793,Rhinolophus ferrumequinum,0.024,0.024,-1,Echolocation,/mnt/ubna_data_01_mir/recover-20220825/UBNA_002/20220823_033000.WAV,Telephone Field,recover-20220825,002,1795
1558.9065,1558.9446,68437,82221,Rhinolophus ferrumequinum,0.022,0.022,-1,Echolocation,/mnt/ubna_data_01_mir/recover-20220825/UBNA_002/20220823_033000.WAV,Telephone Field,recover-20220825,002,1795
1558.9425,1558.9491,24609,37580,Plecotus austriacus,0.008,0.025,-1,Echolocation,/mnt/ubna_data_01_mir/recover-20220825/UBNA_002/20220823_033000.WAV,Telephone Field,recover-20220825,002,1795
1558.9595,1558.9678,23750,32389,Plecotus austriacus,0.007,0.021,-1,Echolocation,/mnt/ubna_data_01_mir/recover-20220825/UBNA_002/20220823_033000.WAV,Telephone Field,recover-20220825,002,1795
1558.9725,1559.0144,68437,82434,Rhinolophus ferrumequinum,0.024,0.024,-1,Echolocation,/mnt/ubna_data_01_mir/recover-20220825/UBNA_002/20220823_033000.WAV,Telephone Field,recover-20220825,002,1795
1559.0025,1559.0422,68437,82695,Rhinolophus ferrumequinum,0.023,0.023,-1,Echolocation,/mnt/ubna_data_01_mir/recover-20220825/UBNA_002/20220823_033000.WAV,Telephone Field,recover-20220825,002,1795
1559.0545,1559.0648,22031,27749,Nyctalus leisleri,0.009,0.023,-1,Echolocation,/mnt/ubna_data_01_mir/recover-20220825/UBNA_002/20220823_033000.WAV,Telephone Field,recover-20220825,002,1795
1559.1155,1559.1257,22890,28375,Nyctalus leisleri,0.01,0.024,-1,Echolocation,/mnt/ubna_data_01_mir/recover-20220825/UBNA_002/20220823_033000.WAV,Telephone Field,recover-20220825,002,1795
1559.1725,1559.2127,68437,82829,Rhinolophus ferrumequinum,0.022,0.022,-1,Echolocation,/mnt/ubna_data_01_mir/recover-20220825/UBNA_002/20220823_033000.WAV,Telephone Field,recover-20220825,002,1795
1559.2195,1559.2413,19453,22694,Nyctalus noctula,0.03,0.053,-1,Echolocation,/mnt/ubna_data_01_mir/recover-20220825/UBNA_002/20220823_033000.WAV,Telephone Field,recover-20220825,002,1795
1559.2385,1559.249,28046,35727,Eptesicus serotinus,0.01,0.022,-1,Echolocation,/mnt/ubna_data_01_mir/recover-20220825/UBNA_002/20220823_033000.WAV,Telephone Field,recover-20220825,002,1795
1559.2625,1559.3034,68437,82997,Rhinolophus ferrumequinum,0.023,0.023,-1,Echolocation,/mnt/ubna_data_01_mir/recover-20220825/UBNA_002/20220823_033000.WAV,Telephone Field,recover-20220825,002,1795
1559.3275,1559.3437,22031,26250,Nyctalus leisleri,0.019,0.035,-1,Echolocation,/mnt/ubna_data_01_mir/recover-20220825/UBNA_002/20220823_033000.WAV,Telephone Field,recover-20220825,002,1795
1559.3375,1559.3568,19453,21983,Nyctalus leisleri,0.019,0.036,-1,Echolocation,/mnt/ubna_data_01_mir/recover-20220825/UBNA_002/20220823_033000.WAV,Telephone Field,recover-20220825,002,1795
1559.3405,1559.3813,68437,82725,Rhinolophus ferrumequinum,0.024,0.024,-1,Echolocation,/mnt/ubna_data_01_mir/recover-20220825/UBNA_002/20220823_033000.WAV,Telephone Field,recover-20220825,002,1795
1559.3475,1559.3847,68437,81571,Rhinolophus ferrumequinum,0.022,0.022,-1,Echolocation,/mnt/ubna_data_01_mir/recover-20220825/UBNA_002/20220823_033000.WAV,Telephone Field,recover-20220825,002,1795
1559.3495,1559.3584,28046,37431,Eptesicus serotinus,0.009,0.022,-1,Echolocation,/mnt/ubna_data_01_mir/recover-20220825/UBNA_002/20220823_033000.WAV,Telephone Field,recover-20220825,002,1795
1559.3545,1559.3919,68437,81754,Rhinolophus ferrumequinum,0.024,0.024,-1,Echolocation,/mnt/ubna_data_01_mir/recover-20220825/UBNA_002/20220823_033000.WAV,Telephone Field,recover-20220825,002,1795
1559.3925,1559.4321,68437,82613,Rhinolophus ferrumequinum,0.028,0.028,-1,Echolocation,/mnt/ubna_data_01_mir/recover-20220825/UBNA_002/20220823_033000.WAV,Telephone Field,recover-20220825,002,1795
1559.4635,1559.4705,40937,55720,Myotis mystacinus,0.006,0.021,-1,Echolocation,/mnt/ubna_data_01_mir/recover-20220825/UBNA_002/20220823_033000.WAV,Telephone Field,recover-20220825,002,1795
1559.4665,1559.5058,68437,81828,Rhinolophus ferrumequinum,0.022,0.022,-1,Echolocation,/mnt/ubna_data_01_mir/recover-20220825/UBNA_002/20220823_033000.WAV,Telephone Field,recover-20220825,002,1795
1559.4775,1559.5115,68437,81271,Rhinolophus ferrumequinum,0.022,0.022,-1,Echolocation,/mnt/ubna_data_01_mir/recover-20220825/UBNA_002/20220823_033000.WAV,Telephone Field,recover-20220825,002,1795
1559.5255,1559.535,22890,30858,Plecotus austriacus,0.017,0.05,-1,Echolocation,/mnt/ubna_data_01_mir/recover-20220825/UBNA_002/20220823_033000.WAV,Telephone Field,recover-20220825,002,1795
1559.5495,1559.582,68437,81638,Rhinolophus ferrumequinum,0.025,0.025,-1,Echolocation,/mnt/ubna_data_01_mir/recover-20220825/UBNA_002/20220823_033000.WAV,Telephone Field,recover-20220825,002,1795
1559.5575,1559.5695,33203,38997,Pipistrellus nathusii,0.006,0.024,-1,Echolocation,/mnt/ubna_data_01_mir/recover-20220825/UBNA_002/20220823_033000.WAV,Telephone Field,recover-20220825,002,1795
1559.5745,1559.6106,68437,81668,Rhinolophus ferrumequinum,0.023,0.023,-1,Echolocation,/mnt/ubna_data_01_mir/recover-20220825/UBNA_002/20220823_033000.WAV,Telephone Field,recover-20220825,002,1795
1559.5825,1559.5943,37500,41766,Pipistrellus nathusii,0.018,0.027,-1,Echolocation,/mnt/ubna_data_01_mir/recover-20220825/UBNA_002/20220823_033000.WAV,Telephone Field,recover-20220825,002,1795
1559.5955,1559.6272,68437,81126,Rhinolophus ferrumequinum,0.024,0.024,-1,Echolocation,/mnt/ubna_data_01_mir/recover-20220825/UBNA_002/20220823_033000.WAV,Telephone Field,recover-20220825,002,1795
1559.6705,1559.6801,22031,28210,Plecotus austriacus,0.009,0.023,-1,Echolocation,/mnt/ubna_data_01_mir/recover-20220825/UBNA_002/20220823_033000.WAV,Telephone Field,recover-20220825,002,1795
1559.7065,1559.7451,68437,81414,Rhinolophus ferrumequinum,0.021,0.021,-1,Echolocation,/mnt/ubna_data_01_mir/recover-20220825/UBNA_002/20220823_033000.WAV,Telephone Field,recover-20220825,002,1795
1559.7265,1559.7351,28046,38319,Eptesicus serotinus,0.01,0.027,-1,Echolocation,/mnt/ubna_data_01_mir/recover-20220825/UBNA_002/20220823_033000.WAV,Telephone Field,recover-20220825,002,1795
1559.7645,1559.7721,47812,52156,Pipistrellus pipistrellus,0.025,0.026,-1,Echolocation,/mnt/ubna_data_01_mir/recover-20220825/UBNA_002/20220823_033000.WAV,Telephone Field,recover-20220825,002,1795
1559.8135,1559.821,45234,54316,Pipistrellus pipistrellus,0.023,0.027,-1,Echolocation,/mnt/ubna_data_01_mir/recover-20220825/UBNA_002/20220823_033000.WAV,Telephone Field,recover-20220825,002,1795
1559.8185,1559.8592,68437,82572,Rhinolophus ferrumequinum,0.027,0.027,-1,Echolocation,/mnt/ubna_data_01_mir/recover-20220825/UBNA_002/20220823_033000.WAV,Telephone Field,recover-20220825,002,1795
1559.8275,1559.8391,23750,28974,Nyctalus leisleri,0.016,0.034,-1,Echolocation,/mnt/ubna_data_01_mir/recover-20220825/UBNA_002/20220823_033000.WAV,Telephone Field,recover-20220825,002,1795
1559.8395,1559.881,68437,82765,Rhinolophus ferrumequinum,0.024,0.024,-1,Echolocation,/mnt/ubna_data_01_mir/recover-20220825/UBNA_002/20220823_033000.WAV,Telephone Field,recover-20220825,002,1795
1559.8575,1559.8961,68437,82372,Rhinolophus ferrumequinum,0.022,0.022,-1,Echolocation,/mnt/ubna_data_01_mir/recover-20220825/UBNA_002/20220823_033000.WAV,Telephone Field,recover-20220825,002,1795
1559.8685,1559.9059,68437,81914,Rhinolophus ferrumequinum,0.024,0.024,-1,Echolocation,/mnt/ubna_data_01_mir/recover-20220825/UBNA_002/20220823_033000.WAV,Telephone Field,recover-20220825,002,1795
1559.8925,1559.9004,28046,39945,Eptesicus serotinus,0.007,0.022,-1,Echolocation,/mnt/ubna_data_01_mir/recover-20220825/UBNA_002/20220823_033000.WAV,Telephone Field,recover-20220825,002,1795
1559.9235,1559.933,25468,35082,Eptesicus serotinus,0.009,0.024,-1,Echolocation,/mnt/ubna_data_01_mir/recover-20220825/UBNA_002/20220823_033000.WAV,Telephone Field,recover-20220825,002,1795
1559.9245,1559.9617,68437,82227,Rhinolophus ferrumequinum,0.022,0.022,-1,Echolocation,/mnt/ubna_data_01_mir/recover-20220825/UBNA_002/20220823_033000.WAV,Telephone Field,recover-20220825,002,1795
1559.9585,1559.9977,68437,81963,Rhinolophus ferrumequinum,0.022,0.022,-1,Echolocation,/mnt/ubna_data_01_mir/recover-20220825/UBNA_002/20220823_033000.WAV,Telephone Field,recover-20220825,002,1795
1559.9755,1559.9867,28906,35761,Eptesicus serotinus,0.011,0.022,-1,Echolocation,/mnt/ubna_data_01_mir/recover-20220825/UBNA_002/20220823_033000.WAV,Telephone Field,recover-20220825,002,1795
1560.0015,1560.0334,69296,81611,Rhinolophus ferrumequinum,0.025,0.025,-1,Echolocation,/mnt/ubna_data_01_mir/recover-20220825/UBNA_002/20220823_033000.WAV,Telephone Field,recover-20220825,002,1795
1560.0015,1560.0101,24609,34432,Nyctalus leisleri,0.007,0.025,-1,Echolocation,/mnt/ubna_data_01_mir/recover-20220825/UBNA_002/20220823_033000.WAV,Telephone Field,recover-20220825,002,1795
1560.0105,1560.0202,25468,34752,Eptesicus serotinus,0.009,0.024,-1,Echolocation,/mnt/ubna_data_01_mir/recover-20220825/UBNA_002/20220823_033000.WAV,Telephone Field,recover-20220825,002,1795
1560.0195,1560.0603,68437,81897,Rhinolophus ferrumequinum,0.022,0.022,-1,Echolocation,/mnt/ubna_data_01_mir/recover-20220825/UBNA_002/20220823_033000.WAV,Telephone Field,recover-20220825,002,1795
1560.0435,1560.082,68437,82324,Rhinolophus ferrumequinum,0.022,0.022,-1,Echolocation,/mnt/ubna_data_01_mir/recover-20220825/UBNA_002/20220823_033000.WAV,Telephone Field,recover-20220825,002,1795
1560.1045,1560.1146,23750,30468,Nyctalus leisleri,0.008,0.023,-1,Echolocation,/mnt/ubna_data_01_mir/recover-20220825/UBNA_002/20220823_033000.WAV,Telephone Field,recover-20220825,002,1795
1560.1055,1560.1451,68437,82300,Rhinolophus ferrumequinum,0.022,0.022,-1,Echolocation,/mnt/ubna_data_01_mir/recover-20220825/UBNA_002/20220823_033000.WAV,Telephone Field,recover-20220825,002,1795
1560.1285,1560.1376,44375,47839,Pipistrellus pipistrellus,0.033,0.034,-1,Echolocation,/mnt/ubna_data_01_mir/recover-20220825/UBNA_002/20220823_033000.WAV,Telephone Field,recover-20220825,002,1795
1560.1315,1560.1725,68437,82586,Rhinolophus ferrumequinum,0.026,0.026,-1,Echolocation,/mnt/ubna_data_01_mir/recover-20220825/UBNA_002/20220823_033000.WAV,Telephone Field,recover-20220825,002,1795
1560.1405,1560.1804,68437,82710,Rhinolophus ferrumequinum,0.025,0.025,-1,Echolocation,/mnt/ubna_data_01_mir/recover-20220825/UBNA_002/20220823_033000.WAV,Telephone Field,recover-20220825,002,1795
1560.1575,1560.1966,68437,82536,Rhinolophus ferrumequinum,0.025,0.025,-1,Echolocation,/mnt/ubna_data_01_mir/recover-20220825/UBNA_002/20220823_033000.WAV,Telephone Field,recover-20220825,002,1795
1560.1655,1560.2066,68437,82812,Rhinolophus ferrumequinum,0.022,0.022,-1,Echolocation,/mnt/ubna_data_01_mir/recover-20220825/UBNA_002/20220823_033000.WAV,Telephone Field,recover-20220825,002,1795
1560.1835,1560.2208,68437,81842,Rhinolophus ferrumequinum,0.021,0.021,-1,Echolocation,/mnt/ubna_data_01_mir/recover-20220825/UBNA_002/20220823_033000.WAV,Telephone Field,recover-20220825,002,1795
1560.1895,1560.2002,46093,50284,Pipistrellus pipistrellus,0.022,0.025,-1,Echolocation,/mnt/ubna_data_01_mir/recover-20220825/UBNA_002/20220823_033000.WAV,Telephone Field,recover-20220825,002,1795
1560.2055,1560.2468,68437,82914,Rhinolophus ferrumequinum,0.038,0.038,-1,Echolocation,/mnt/ubna_data_01_mir/recover-20220825/UBNA_002/20220823_033000.WAV,Telephone Field,recover-20220825,002,1795
1560.2355,1560.274,68437,82494,Rhinolophus ferrumequinum,0.022,0.022,-1,Echolocation,/mnt/ubna_data_01_mir/recover-20220825/UBNA_002/20220823_033000.WAV,Telephone Field,recover-20220825,002,1795
1560.2935,1560.3307,68437,81903,Rhinolophus ferrumequinum,0.023,0.023,-1,Echolocation,/mnt/ubna_data_01_mir/recover-20220825/UBNA_002/20220823_033000.WAV,Telephone Field,recover-20220825,002,1795
1560.2965,1560.3066,23750,29596,Nyctalus leisleri,0.009,0.022,-1,Echolocation,/mnt/ubna_data_01_mir/recover-20220825/UBNA_002/20220823_033000.WAV,Telephone Field,recover-20220825,002,1795
1560.3015,1560.3396,68437,82278,Rhinolophus ferrumequinum,0.021,0.021,-1,Echolocation,/mnt/ubna_data_01_mir/recover-20220825/UBNA_002/20220823_033000.WAV,Telephone Field,recover-20220825,002,1795
1560.3225,1560.3613,68437,82472,Rhinolophus ferrumequinum,0.022,0.022,-1,Echolocation,/mnt/ubna_data_01_mir/recover-20220825/UBNA_002/20220823_033000.WAV,Telephone Field,recover-20220825,002,1795
1560.3295,1560.3695,68437,82549,Rhinolophus ferrumequinum,0.023,0.023,-1,Echolocation,/mnt/ubna_data_01_mir/recover-20220825/UBNA_002/20220823_033000.WAV,Telephone Field,recover-20220825,002,1795
1560.3305,1560.3375,27187,40419,Eptesicus serotinus,0.006,0.024,-1,Echolocation,/mnt/ubna_data_01_mir/recover-20220825/UBNA_002/20220823_033000.WAV,Telephone Field,recover-20220825,002,1795
1560.3535,1560.3946,68437,82352,Rhinolophus ferrumequinum,0.023,0.023,-1,Echolocation,/mnt/ubna_data_01_mir/recover-20220825/UBNA_002/20220823_033000.WAV,Telephone Field,recover-20220825,002,1795
1560.3665,1560.4053,68437,82380,Rhinolophus ferrumequinum,0.023,0.023,-1,Echolocation,/mnt/ubna_data_01_mir/recover-20220825/UBNA_002/20220823_033000.WAV,Telephone Field,recover-20220825,002,1795
1560.3985,1560.436,68437,82017,Rhinolophus ferrumequinum,0.022,0.022,-1,Echolocation,/mnt/ubna_data_01_mir/recover-20220825/UBNA_002/20220823_033000.WAV,Telephone Field,recover-20220825,002,1795
1560.4055,1560.4108,37500,62520,Myotis brandtii,0.007,0.021,-1,Echolocation,/mnt/ubna_data_01_mir/recover-20220825/UBNA_002/20220823_033000.WAV,Telephone Field,recover-20220825,002,1795
1560.4425,1560.4778,68437,80982,Rhinolophus ferrumequinum,0.021,0.021,-1,Echolocation,/mnt/ubna_data_01_mir/recover-20220825/UBNA_002/20220823_033000.WAV,Telephone Field,recover-20220825,002,1795
1560.4955,1560.5313,68437,81482,Rhinolophus ferrumequinum,0.022,0.022,-1,Echolocation,/mnt/ubna_data_01_mir/recover-20220825/UBNA_002/20220823_033000.WAV,Telephone Field,recover-20220825,002,1795
1560.5215,1560.5299,26328,37408,Eptesicus serotinus,0.008,0.021,-1,Echolocation,/mnt/ubna_data_01_mir/recover-20220825/UBNA_002/20220823_033000.WAV,Telephone Field,recover-20220825,002,1795
1560.5525,1560.5916,68437,82338,Rhinolophus ferrumequinum,0.022,0.022,-1,Echolocation,/mnt/ubna_data_01_mir/recover-20220825/UBNA_002/20220823_033000.WAV,Telephone Field,recover-20220825,002,1795
1560.6005,1560.6386,68437,81852,Rhinolophus ferrumequinum,0.026,0.026,-1,Echolocation,/mnt/ubna_data_01_mir/recover-20220825/UBNA_002/20220823_033000.WAV,Telephone Field,recover-20220825,002,1795
1560.6165,1560.6588,68437,82784,Rhinolophus ferrumequinum,0.026,0.026,-1,Echolocation,/mnt/ubna_data_01_mir/recover-20220825/UBNA_002/20220823_033000.WAV,Telephone Field,recover-20220825,002,1795
1560.6395,1560.679,68437,81922,Rhinolophus ferrumequinum,0.02,0.02,-1,Echolocation,/mnt/ubna_data_01_mir/recover-20220825/UBNA_002/20220823_033000.WAV,Telephone Field,recover-20220825,002,1795
1560.6525,1560.663,22890,27991,Nyctalus leisleri,0.012,0.023,-1,Echolocation,/mnt/ubna_data_01_mir/recover-20220825/UBNA_002/20220823_033000.WAV,Telephone Field,recover-20220825,002,1795
1560.6655,1560.6795,37500,41670,Pipistrellus nathusii,0.017,0.027,-1,Echolocation,/mnt/ubna_data_01_mir/recover-20220825/UBNA_002/20220823_033000.WAV,Telephone Field,recover-20220825,002,1795
1560.6735,1560.7083,68437,81613,Rhinolophus ferrumequinum,0.021,0.022,-1,Echolocation,/mnt/ubna_data_01_mir/recover-20220825/UBNA_002/20220823_033000.WAV,Telephone Field,recover-20220825,002,1795
1560.6865,1560.7269,68437,82523,Rhinolophus ferrumequinum,0.022,0.022,-1,Echolocation,/mnt/ubna_data_01_mir/recover-20220825/UBNA_002/20220823_033000.WAV,Telephone Field,recover-20220825,002,1795
1560.6925,1560.7335,68437,82482,Rhinolophus ferrumequinum,0.022,0.022,-1,Echolocation,/mnt/ubna_data_01_mir/recover-20220825/UBNA_002/20220823_033000.WAV,Telephone Field,recover-20220825,002,1795
1560.6985,1560.7394,68437,82465,Rhinolophus ferrumequinum,0.023,0.023,-1,Echolocation,/mnt/ubna_data_01_mir/recover-20220825/UBNA_002/20220823_033000.WAV,Telephone Field,recover-20220825,002,1795
1560.7265,1560.7624,68437,81281,Rhinolophus ferrumequinum,0.021,0.021,-1,Echolocation,/mnt/ubna_data_01_mir/recover-20220825/UBNA_002/20220823_033000.WAV,Telephone Field,recover-20220825,002,1795
1560.7445,1560.755,22031,26725,Nyctalus leisleri,0.009,0.021,-1,Echolocation,/mnt/ubna_data_01_mir/recover-20220825/UBNA_002/20220823_033000.WAV,Telephone Field,recover-20220825,002,1795
1560.7475,1560.7588,28906,37137,Eptesicus serotinus,0.012,0.025,-1,Echolocation,/mnt/ubna_data_01_mir/recover-20220825/UBNA_002/20220823_033000.WAV,Telephone Field,recover-20220825,002,1795
1560.7645,1560.8033,68437,82215,Rhinolophus ferrumequinum,0.025,0.025,-1,Echolocation,/mnt/ubna_data_01_mir/recover-20220825/UBNA_002/20220823_033000.WAV,Telephone Field,recover-20220825,002,1795
1560.7815,1560.8212,68437,82483,Rhinolophus ferrumequinum,0.02,0.02,-1,Echolocation,/mnt/ubna_data_01_mir/recover-20220825/UBNA_002/20220823_033000.WAV,Telephone Field,recover-20220825,002,1795
1560.7865,1560.826,68437,82175,Rhinolophus ferrumequinum,0.02,0.02,-1,Echolocation,/mnt/ubna_data_01_mir/recover-20220825/UBNA_002/20220823_033000.WAV,Telephone Field,recover-20220825,002,1795
1560.8035,1560.8427,68437,82164,Rhinolophus ferrumequinum,0.021,0.021,-1,Echolocation,/mnt/ubna_data_01_mir/recover-20220825/UBNA_002/20220823_033000.WAV,Telephone Field,recover-20220825,002,1795
1560.8595,1560.8986,68437,82219,Rhinolophus ferrumequinum,0.023,0.023,-1,Echolocation,/mnt/ubna_data_01_mir/recover-20220825/UBNA_002/20220823_033000.WAV,Telephone Field,recover-20220825,002,1795
1560.8945,1560.934,68437,82569,Rhinolophus ferrumequinum,0.023,0.023,-1,Echolocation,/mnt/ubna_data_01_mir/recover-20220825/UBNA_002/20220823_033000.WAV,Telephone Field,recover-20220825,002,1795
1560.9065,1560.9156,28906,39051,Eptesicus serotinus,0.008,0.021,-1,Echolocation,/mnt/ubna_data_01_mir/recover-20220825/UBNA_002/20220823_033000.WAV,Telephone Field,recover-20220825,002,1795
1560.9205,1560.9583,68437,81647,Rhinolophus ferrumequinum,0.021,0.021,-1,Echolocation,/mnt/ubna_data_01_mir/recover-20220825/UBNA_002/20220823_033000.WAV,Telephone Field,recover-20220825,002,1795
1560.9405,1560.9783,68437,82047,Rhinolophus ferrumequinum,0.021,0.022,-1,Echolocation,/mnt/ubna_data_01_mir/recover-20220825/UBNA_002/20220823_033000.WAV,Telephone Field,recover-20220825,002,1795
1560.9525,1560.9591,28046,40029,Eptesicus serotinus,0.007,0.03,-1,Echolocation,/mnt/ubna_data_01_mir/recover-20220825/UBNA_002/20220823_033000.WAV,Telephone Field,recover-20220825,002,1795
1560.9825,1560.9927,46953,50523,Pipistrellus pipistrellus,0.032,0.034,-1,Echolocation,/mnt/ubna_data_01_mir/recover-20220825/UBNA_002/20220823_033000.WAV,Telephone Field,recover-20220825,002,1795
1561.0005,1561.0071,26328,38113,Eptesicus serotinus,0.004,0.021,-1,Echolocation,/mnt/ubna_data_01_mir/recover-20220825/UBNA_002/20220823_033000.WAV,Telephone Field,recover-20220825,002,1795
1561.0015,1561.0408,68437,82770,Rhinolophus ferrumequinum,0.024,0.024,-1,Echolocation,/mnt/ubna_data_01_mir/recover-20220825/UBNA_002/20220823_033000.WAV,Telephone Field,recover-20220825,002,1795
1561.0085,1561.0479,68437,82069,Rhinolophus ferrumequinum,0.022,0.022,-1,Echolocation,/mnt/ubna_data_01_mir/recover-20220825/UBNA_002/20220823_033000.WAV,Telephone Field,recover-20220825,002,1795
1561.0435,1561.0793,68437,81717,Rhinolophus ferrumequinum,0.023,0.023,-1,Echolocation,/mnt/ubna_data_01_mir/recover-20220825/UBNA_002/20220823_033000.WAV,Telephone Field,recover-20220825,002,1795
1561.0525,1561.09,68437,82388,Rhinolophus ferrumequinum,0.036,0.036,-1,Echolocation,/mnt/ubna_data_01_mir/recover-20220825/UBNA_002/20220823_033000.WAV,Telephone Field,recover-20220825,002,1795
1561.0615,1561.0712,22890,29091,Nyctalus leisleri,0.01,0.026,-1,Echolocation,/mnt/ubna_data_01_mir/recover-20220825/UBNA_002/20220823_033000.WAV,Telephone Field,recover-20220825,002,1795
1561.0885,1561.0971,28046,38192,Eptesicus serotinus,0.007,0.02,-1,Echolocation,/mnt/ubna_data_01_mir/recover-20220825/UBNA_002/20220823_033000.WAV,Telephone Field,recover-20220825,002,1795
1561.1275,1561.1645,68437,81931,Rhinolophus ferrumequinum,0.021,0.021,-1,Echolocation,/mnt/ubna_data_01_mir/recover-20220825/UBNA_002/20220823_033000.WAV,Telephone Field,recover-20220825,002,1795
1561.1305,1561.1388,25468,34565,Eptesicus serotinus,0.007,0.022,-1,Echolocation,/mnt/ubna_data_01_mir/recover-20220825/UBNA_002/20220823_033000.WAV,Telephone Field,recover-20220825,002,1795
1561.1375,1561.1729,68437,81272,Rhinolophus ferrumequinum,0.021,0.021,-1,Echolocation,/mnt/ubna_data_01_mir/recover-20220825/UBNA_002/20220823_033000.WAV,Telephone Field,recover-20220825,002,1795
1561.1435,1561.1534,45234,49912,Pipistrellus pipistrellus,0.019,0.021,-1,Echolocation,/mnt/ubna_data_01_mir/recover-20220825/UBNA_002/20220823_033000.WAV,Telephone Field,recover-20220825,002,1795
1561.1555,1561.1968,68437,82135,Rhinolophus ferrumequinum,0.036,0.036,-1,Echolocation,/mnt/ubna_data_01_mir/recover-20220825/UBNA_002/20220823_033000.WAV,Telephone Field,recover-20220825,002,1795
1561.1835,1561.1935,22890,28881,Nyctalus leisleri,0.007,0.02,-1,Echolocation,/mnt/ubna_data_01_mir/recover-20220825/UBNA_002/20220823_033000.WAV,Telephone Field,recover-20220825,002,1795
1561.2095,1561.2207,22890,28716,Nyctalus leisleri,0.013,0.028,-1,Echolocation,/mnt/ubna_data_01_mir/recover-20220825/UBNA_002/20220823_033000.WAV,Telephone Field,recover-20220825,002,1795
1561.2095,1561.2446,68437,80621,Rhinolophus ferrumequinum,0.026,0.026,-1,Echolocation,/mnt/ubna_data_01_mir/recover-20220825/UBNA_002/20220823_033000.WAV,Telephone Field,recover-20220825,002,1795
1561.2485,1561.291,68437,82721,Rhinolophus ferrumequinum,0.027,0.027,-1,Echolocation,/mnt/ubna_data_01_mir/recover-20220825/UBNA_002/20220823_033000.WAV,Telephone Field,recover-20220825,002,1795
1561.2565,1561.2645,28046,38542,Eptesicus serotinus,0.007,0.021,-1,Echolocation,/mnt/ubna_data_01_mir/recover-20220825/UBNA_002/20220823_033000.WAV,Telephone Field,recover-20220825,002,1795
1561.2715,1561.2809,25468,32440,Nyctalus leisleri,0.012,0.036,-1,Echolocation,/mnt/ubna_data_01_mir/recover-20220825/UBNA_002/20220823_033000.WAV,Telephone Field,recover-20220825,002,1795
1561.2715,1561.3143,68437,82877,Rhinolophus ferrumequinum,0.028,0.028,-1,Echolocation,/mnt/ubna_data_01_mir/recover-20220825/UBNA_002/20220823_033000.WAV,Telephone Field,recover-20220825,002,1795
1561.2875,1561.3236,68437,81939,Rhinolophus ferrumequinum,0.024,0.024,-1,Echolocation,/mnt/ubna_data_01_mir/recover-20220825/UBNA_002/20220823_033000.WAV,Telephone Field,recover-20220825,002,1795
1561.3195,1561.3267,23750,31629,Plecotus austriacus,0.009,0.021,-1,Echolocation,/mnt/ubna_data_01_mir/recover-20220825/UBNA_002/20220823_033000.WAV,Telephone Field,recover-20220825,002,1795
1561.3405,1561.3509,28046,37191,Eptesicus serotinus,0.014,0.027,-1,Echolocation,/mnt/ubna_data_01_mir/recover-20220825/UBNA_002/20220823_033000.WAV,Telephone Field,recover-20220825,002,1795
1561.3665,1561.3744,28046,39925,Eptesicus serotinus,0.006,0.022,-1,Echolocation,/mnt/ubna_data_01_mir/recover-20220825/UBNA_002/20220823_033000.WAV,Telephone Field,recover-20220825,002,1795
1561.4275,1561.437,33203,40762,Myotis daubentonii,0.006,0.022,-1,Echolocation,/mnt/ubna_data_01_mir/recover-20220825/UBNA_002/20220823_033000.WAV,Telephone Field,recover-20220825,002,1795
1561.4285,1561.4387,22890,27804,Nyctalus leisleri,0.01,0.02,-1,Echolocation,/mnt/ubna_data_01_mir/recover-20220825/UBNA_002/20220823_033000.WAV,Telephone Field,recover-20220825,002,1795
1561.4475,1561.4864,68437,81781,Rhinolophus ferrumequinum,0.023,0.023,-1,Echolocation,/mnt/ubna_data_01_mir/recover-20220825/UBNA_002/20220823_033000.WAV,Telephone Field,recover-20220825,002,1795
1561.4575,1561.4918,68437,81164,Rhinolophus ferrumequinum,0.021,0.021,-1,Echolocation,/mnt/ubna_data_01_mir/recover-20220825/UBNA_002/20220823_033000.WAV,Telephone Field,recover-20220825,002,1795
1561.4785,1561.5173,68437,82057,Rhinolophus ferrumequinum,0.02,0.02,-1,Echolocation,/mnt/ubna_data_01_mir/recover-20220825/UBNA_002/20220823_033000.WAV,Telephone Field,recover-20220825,002,1795
1561.5015,1561.5404,68437,82063,Rhinolophus ferrumequinum,0.026,0.026,-1,Echolocation,/mnt/ubna_data_01_mir/recover-20220825/UBNA_002/20220823_033000.WAV,Telephone Field,recover-20220825,002,1795
1561.5355,1561.5706,68437,81346,Rhinolophus ferrumequinum,0.02,0.021,-1,Echolocation,/mnt/ubna_data_01_mir/recover-20220825/UBNA_002/20220823_033000.WAV,Telephone Field,recover-20220825,002,1795
1561.5435,1561.5496,28046,42448,Eptesicus serotinus,0.01,0.043,-1,Echolocation,/mnt/ubna_data_01_mir/recover-20220825/UBNA_002/20220823_033000.WAV,Telephone Field,recover-20220825,002,1795
1561.5775,1561.6102,68437,80729,Rhinolophus ferrumequinum,0.027,0.027,-1,Echolocation,/mnt/ubna_data_01_mir/recover-20220825/UBNA_002/20220823_033000.WAV,Telephone Field,recover-20220825,002,1795
1561.5805,1561.5905,26328,34854,Eptesicus serotinus,0.006,0.021,-1,Echolocation,/mnt/ubna_data_01_mir/recover-20220825/UBNA_002/20220823_033000.WAV,Telephone Field,recover-20220825,002,1795
1561.6075,1561.6436,68437,82158,Rhinolophus ferrumequinum,0.023,0.023,-1,Echolocation,/mnt/ubna_data_01_mir/recover-20220825/UBNA_002/20220823_033000.WAV,Telephone Field,recover-20220825,002,1795
1561.6165,1561.6533,68437,81738,Rhinolophus ferrumequinum,0.021,0.021,-1,Echolocation,/mnt/ubna_data_01_mir/recover-20220825/UBNA_002/20220823_033000.WAV,Telephone Field,recover-20220825,002,1795
1561.6195,1561.6269,28906,39065,Eptesicus serotinus,0.007,0.023,-1,Echolocation,/mnt/ubna_data_01_mir/recover-20220825/UBNA_002/20220823_033000.WAV,Telephone Field,recover-20220825,002,1795
1561.6195,1561.6275,22890,31205,Plecotus austriacus,0.013,0.028,-1,Echolocation,/mnt/ubna_data_01_mir/recover-20220825/UBNA_002/20220823_033000.WAV,Telephone Field,recover-20220825,002,1795
1561.6485,1561.6548,24609,35884,Plecotus austriacus,0.018,0.04,-1,Echolocation,/mnt/ubna_data_01_mir/recover-20220825/UBNA_002/20220823_033000.WAV,Telephone Field,recover-20220825,002,1795
1561.6625,1561.6723,26328,33431,Eptesicus serotinus,0.012,0.026,-1,Echolocation,/mnt/ubna_data_01_mir/recover-20220825/UBNA_002/20220823_033000.WAV,Telephone Field,recover-20220825,002,1795
1561.6625,1561.7033,68437,82896,Rhinolophus ferrumequinum,0.023,0.023,-1,Echolocation,/mnt/ubna_data_01_mir/recover-20220825/UBNA_002/20220823_033000.WAV,Telephone Field,recover-20220825,002,1795
1561.6845,1561.6922,23750,33999,Plecotus austriacus,0.007,0.02,-1,Echolocation,/mnt/ubna_data_01_mir/recover-20220825/UBNA_002/20220823_033000.WAV,Telephone Field,recover-20220825,002,1795
1561.6955,1561.7338,68437,81597,Rhinolophus ferrumequinum,0.022,0.022,-1,Echolocation,/mnt/ubna_data_01_mir/recover-20220825/UBNA_002/20220823_033000.WAV,Telephone Field,recover-20220825,002,1795
1561.7025,1561.7135,22890,28115,Nyctalus leisleri,0.012,0.025,-1,Echolocation,/mnt/ubna_data_01_mir/recover-20220825/UBNA_002/20220823_033000.WAV,Telephone Field,recover-20220825,002,1795
1561.7135,1561.7212,28906,38574,Eptesicus serotinus,0.006,0.02,-1,Echolocation,/mnt/ubna_data_01_mir/recover-20220825/UBNA_002/20220823_033000.WAV,Telephone Field,recover-20220825,002,1795
1561.7235,1561.7593,68437,82222,Rhinolophus ferrumequinum,0.022,0.022,-1,Echolocation,/mnt/ubna_data_01_mir/recover-20220825/UBNA_002/20220823_033000.WAV,Telephone Field,recover-20220825,002,1795
1561.7305,1561.7683,68437,82065,Rhinolophus ferrumequinum,0.021,0.021,-1,Echolocation,/mnt/ubna_data_01_mir/recover-20220825/UBNA_002/20220823_033000.WAV,Telephone Field,recover-20220825,002,1795
1561.7705,1561.8102,68437,82107,Rhinolophus ferrumequinum,0.022,0.022,-1,Echolocation,/mnt/ubna_data_01_mir/recover-20220825/UBNA_002/20220823_033000.WAV,Telephone Field,recover-20220825,002,1795
1561.7885,1561.8286,68437,81957,Rhinolophus ferrumequinum,0.025,0.025,-1,Echolocation,/mnt/ubna_data_01_mir/recover-20220825/UBNA_002/20220823_033000.WAV,Telephone Field,recover-20220825,002,1795
1561.8275,1561.8382,22890,26843,Nyctalus leisleri,0.013,0.023,-1,Echolocation,/mnt/ubna_data_01_mir/recover-20220825/UBNA_002/20220823_033000.WAV,Telephone Field,recover-20220825,002,1795
1561.8415,1561.8813,68437,82072,Rhinolophus ferrumequinum,0.021,0.021,-1,Echolocation,/mnt/ubna_data_01_mir/recover-20220825/UBNA_002/20220823_033000.WAV,Telephone Field,recover-20220825,002,1795
1561.8445,1561.8516,24609,35373,Plecotus austriacus,0.008,0.023,-1,Echolocation,/mnt/ubna_data_01_mir/recover-20220825/UBNA_002/20220823_033000.WAV,Telephone Field,recover-20220825,002,1795
1561.8585,1561.8664,28906,38380,Eptesicus serotinus,0.008,0.023,-1,Echolocation,/mnt/ubna_data_01_mir/recover-20220825/UBNA_002/20220823_033000.WAV,Telephone Field,recover-20220825,002,1795
1561.8705,1561.9077,68437,81578,Rhinolophus ferrumequinum,0.023,0.023,-1,Echolocation,/mnt/ubna_data_01_mir/recover-20220825/UBNA_002/20220823_033000.WAV,Telephone Field,recover-20220825,002,1795
1561.8835,1561.9178,68437,81092,Rhinolophus ferrumequinum,0.021,0.021,-1,Echolocation,/mnt/ubna_data_01_mir/recover-20220825/UBNA_002/20220823_033000.WAV,Telephone Field,recover-20220825,002,1795
1561.9085,1561.9466,68437,82604,Rhinolophus ferrumequinum,0.025,0.025,-1,Echolocation,/mnt/ubna_data_01_mir/recover-20220825/UBNA_002/20220823_033000.WAV,Telephone Field,recover-20220825,002,1795
1561.9355,1561.9753,68437,81716,Rhinolophus ferrumequinum,0.023,0.023,-1,Echolocation,/mnt/ubna_data_01_mir/recover-20220825/UBNA_002/20220823_033000.WAV,Telephone Field,recover-20220825,002,1795
1562.0015,1562.0363,68437,79954,Rhinolophus ferrumequinum,0.058,0.058,-1,Echolocation,/mnt/ubna_data_01_mir/recover-20220825/UBNA_002/20220823_033000.WAV,Telephone Field,recover-20220825,002,1795
1562.0015,1562.0116,46953,54590,Pipistrellus pipistrellus,0.013,0.021,-1,Echolocation,/mnt/ubna_data_01_mir/recover-20220825/UBNA_002/20220823_033000.WAV,Telephone Field,recover-20220825,002,1795
1562.0015,1562.0108,25468,32804,Nyctalus leisleri,0.011,0.033,-1,Echolocation,/mnt/ubna_data_01_mir/recover-20220825/UBNA_002/20220823_033000.WAV,Telephone Field,recover-20220825,002,1795
1562.0285,1562.0393,24609,29880,Nyctalus leisleri,0.009,0.023,-1,Echolocation,/mnt/ubna_data_01_mir/recover-20220825/UBNA_002/20220823_033000.WAV,Telephone Field,recover-20220825,002,1795
1562.0605,1562.0997,68437,82069,Rhinolophus ferrumequinum,0.023,0.023,-1,Echolocation,/mnt/ubna_data_01_mir/recover-20220825/UBNA_002/20220823_033000.WAV,Telephone Field,recover-20220825,002,1795
1562.1295,1562.1396,22890,28776,Nyctalus leisleri,0.009,0.024,-1,Echolocation,/mnt/ubna_data_01_mir/recover-20220825/UBNA_002/20220823_033000.WAV,Telephone Field,recover-20220825,002,1795
1562.1525,1562.1683,16015,21085,Nyctalus noctula,0.016,0.022,-1,Echolocation,/mnt/ubna_data_01_mir/recover-20220825/UBNA_002/20220823_033000.WAV,Telephone Field,recover-20220825,002,1795
1562.1815,1562.1899,28046,37170,Eptesicus serotinus,0.009,0.025,-1,Echolocation,/mnt/ubna_data_01_mir/recover-20220825/UBNA_002/20220823_033000.WAV,Telephone Field,recover-20220825,002,1795
1562.1935,1562.2282,68437,80833,Rhinolophus ferrumequinum,0.021,0.021,-1,Echolocation,/mnt/ubna_data_01_mir/recover-20220825/UBNA_002/20220823_033000.WAV,Telephone Field,recover-20220825,002,1795
1562.2225,1562.2611,68437,82912,Rhinolophus ferrumequinum,0.024,0.024,-1,Echolocation,/mnt/ubna_data_01_mir/recover-20220825/UBNA_002/20220823_033000.WAV,Telephone Field,recover-20220825,002,1795
1562.2375,1562.2461,26328,36898,Eptesicus serotinus,0.007,0.023,-1,Echolocation,/mnt/ubna_data_01_mir/recover-20220825/UBNA_002/20220823_033000.WAV,Telephone Field,recover-20220825,002,1795
1562.3235,1562.3309,28906,40725,Eptesicus serotinus,0.019,0.049,-1,Echolocation,/mnt/ubna_data_01_mir/recover-20220825/UBNA_002/20220823_033000.WAV,Telephone Field,recover-20220825,002,1795
1562.3465,1562.383,68437,80645,Rhinolophus ferrumequinum,0.022,0.022,-1,Echolocation,/mnt/ubna_data_01_mir/recover-20220825/UBNA_002/20220823_033000.WAV,Telephone Field,recover-20220825,002,1795
1562.3715,1562.3784,27187,40526,Eptesicus serotinus,0.007,0.025,-1,Echolocation,/mnt/ubna_data_01_mir/recover-20220825/UBNA_002/20220823_033000.WAV,Telephone Field,recover-20220825,002,1795
1562.4105,1562.4217,22890,27857,Nyctalus leisleri,0.011,0.022,-1,Echolocation,/mnt/ubna_data_01_mir/recover-20220825/UBNA_002/20220823_033000.WAV,Telephone Field,recover-20220825,002,1795
1562.4385,1562.4484,56406,62329,Pipistrellus pygmaeus,0.026,0.027,-1,Echolocation,/mnt/ubna_data_01_mir/recover-20220825/UBNA_002/20220823_033000.WAV,Telephone Field,recover-20220825,002,1795
1562.4385,1562.4503,22031,25995,Nyctalus leisleri,0.012,0.022,-1,Echolocation,/mnt/ubna_data_01_mir/recover-20220825/UBNA_002/20220823_033000.WAV,Telephone Field,recover-20220825,002,1795
1562.4525,1562.4638,23750,29380,Nyctalus leisleri,0.009,0.022,-1,Echolocation,/mnt/ubna_data_01_mir/recover-20220825/UBNA_002/20220823_033000.WAV,Telephone Field,recover-20220825,002,1795
1562.4725,1562.5085,68437,81247,Rhinolophus ferrumequinum,0.022,0.022,-1,Echolocation,/mnt/ubna_data_01_mir/recover-20220825/UBNA_002/20220823_033000.WAV,Telephone Field,recover-20220825,002,1795
1562.4795,1562.5197,68437,81974,Rhinolophus ferrumequinum,0.022,0.022,-1,Echolocation,/mnt/ubna_data_01_mir/recover-20220825/UBNA_002/20220823_033000.WAV,Telephone Field,recover-20220825,002,1795
1562.4805,1562.4884,23750,32675,Plecotus austriacus,0.009,0.022,-1,Echolocation,/mnt/ubna_data_01_mir/recover-20220825/UBNA_002/20220823_033000.WAV,Telephone Field,recover-20220825,002,1795
1562.4825,1562.4921,28906,37585,Eptesicus serotinus,0.011,0.026,-1,Echolocation,/mnt/ubna_data_01_mir/recover-20220825/UBNA_002/20220823_033000.WAV,Telephone Field,recover-20220825,002,1795
1562.5475,1562.5564,22890,29927,Plecotus austriacus,0.01,0.026,-1,Echolocation,/mnt/ubna_data_01_mir/recover-20220825/UBNA_002/20220823_033000.WAV,Telephone Field,recover-20220825,002,1795
1562.5745,1562.6109,68437,81805,Rhinolophus ferrumequinum,0.021,0.021,-1,Echolocation,/mnt/ubna_data_01_mir/recover-20220825/UBNA_002/20220823_033000.WAV,Telephone Field,recover-20220825,002,1795
1562.5905,1562.5999,28906,37489,Eptesicus serotinus,0.01,0.022,-1,Echolocation,/mnt/ubna_data_01_mir/recover-20220825/UBNA_002/20220823_033000.WAV,Telephone Field,recover-20220825,002,1795
1562.6025,1562.639,68437,81338,Rhinolophus ferrumequinum,0.022,0.022,-1,Echolocation,/mnt/ubna_data_01_mir/recover-20220825/UBNA_002/20220823_033000.WAV,Telephone Field,recover-20220825,002,1795
1562.6115,1562.6304,20312,23372,Nyctalus leisleri,0.016,0.027,-1,Echolocation,/mnt/ubna_data_01_mir/recover-20220825/UBNA_002/20220823_033000.WAV,Telephone Field,recover-20220825,002,1795
1562.6195,1562.6294,48671,54317,Pipistrellus pipistrellus,0.027,0.03,-1,Echolocation,/mnt/ubna_data_01_mir/recover-20220825/UBNA_002/20220823_033000.WAV,Telephone Field,recover-20220825,002,1795
1562.6385,1562.6476,28906,38276,Eptesicus serotinus,0.011,0.03,-1,Echolocation,/mnt/ubna_data_01_mir/recover-20220825/UBNA_002/20220823_033000.WAV,Telephone Field,recover-20220825,002,1795
1562.6555,1562.6632,27187,39493,Eptesicus serotinus,0.007,0.021,-1,Echolocation,/mnt/ubna_data_01_mir/recover-20220825/UBNA_002/20220823_033000.WAV,Telephone Field,recover-20220825,002,1795
1562.6895,1562.7311,68437,83058,Rhinolophus ferrumequinum,0.028,0.028,-1,Echolocation,/mnt/ubna_data_01_mir/recover-20220825/UBNA_002/20220823_033000.WAV,Telephone Field,recover-20220825,002,1795
1562.7015,1562.7119,43515,51952,Pipistrellus pipistrellus,0.013,0.021,-1,Echolocation,/mnt/ubna_data_01_mir/recover-20220825/UBNA_002/20220823_033000.WAV,Telephone Field,recover-20220825,002,1795
1562.7215,1562.7568,68437,81377,Rhinolophus ferrumequinum,0.021,0.021,-1,Echolocation,/mnt/ubna_data_01_mir/recover-20220825/UBNA_002/20220823_033000.WAV,Telephone Field,recover-20220825,002,1795
1562.7375,1562.7734,68437,80999,Rhinolophus ferrumequinum,0.024,0.024,-1,Echolocation,/mnt/ubna_data_01_mir/recover-20220825/UBNA_002/20220823_033000.WAV,Telephone Field,recover-20220825,002,1795
1562.7415,1562.755,22031,25982,Nyctalus leisleri,0.017,0.03,-1,Echolocation,/mnt/ubna_data_01_mir/recover-20220825/UBNA_002/20220823_033000.WAV,Telephone Field,recover-20220825,002,1795
1562.7525,1562.7908,68437,82193,Rhinolophus ferrumequinum,0.022,0.022,-1,Echolocation,/mnt/ubna_data_01_mir/recover-20220825/UBNA_002/20220823_033000.WAV,Telephone Field,recover-20220825,002,1795
1562.7675,1562.7795,22031,26440,Nyctalus leisleri,0.013,0.026,-1,Echolocation,/mnt/ubna_data_01_mir/recover-20220825/UBNA_002/20220823_033000.WAV,Telephone Field,recover-20220825,002,1795
1562.7855,1562.7909,37500,56108,Myotis mystacinus,0.007,0.021,-1,Echolocation,/mnt/ubna_data_01_mir/recover-20220825/UBNA_002/20220823_033000.WAV,Telephone Field,recover-20220825,002,1795
1562.8045,1562.8462,68437,82416,Rhinolophus ferrumequinum,0.032,0.032,-1,Echolocation,/mnt/ubna_data_01_mir/recover-20220825/UBNA_002/20220823_033000.WAV,Telephone Field,recover-20220825,002,1795
1562.8105,1562.8191,28906,37379,Eptesicus serotinus,0.011,0.025,-1,Echolocation,/mnt/ubna_data_01_mir/recover-20220825/UBNA_002/20220823_033000.WAV,Telephone Field,recover-20220825,002,1795
1562.8315,1562.8404,23750,30869,Nyctalus leisleri,0.005,0.021,-1,Echolocation,/mnt/ubna_data_01_mir/recover-20220825/UBNA_002/20220823_033000.WAV,Telephone Field,recover-20220825,002,1795
1562.8565,1562.8658,22890,29310,Plecotus austriacus,0.008,0.021,-1,Echolocation,/mnt/ubna_data_01_mir/recover-20220825/UBNA_002/20220823_033000.WAV,Telephone Field,recover-20220825,002,1795
1562.8575,1562.9001,68437,82971,Rhinolophus ferrumequinum,0.026,0.026,-1,Echolocation,/mnt/ubna_data_01_mir/recover-20220825/UBNA_002/20220823_033000.WAV,Telephone Field,recover-20220825,002,1795
1562.8775,1562.9168,68437,82556,Rhinolophus ferrumequinum,0.024,0.024,-1,Echolocation,/mnt/ubna_data_01_mir/recover-20220825/UBNA_002/20220823_033000.WAV,Telephone Field,recover-20220825,002,1795
1562.8935,1562.9314,68437,82006,Rhinolophus ferrumequinum,0.021,0.021,-1,Echolocation,/mnt/ubna_data_01_mir/recover-20220825/UBNA_002/20220823_033000.WAV,Telephone Field,recover-20220825,002,1795
1562.9175,1562.9272,28046,39803,Eptesicus serotinus,0.008,0.021,-1,Echolocation,/mnt/ubna_data_01_mir/recover-20220825/UBNA_002/20220823_033000.WAV,Telephone Field,recover-20220825,002,1795
1562.9215,1562.9617,68437,82238,Rhinolophus ferrumequinum,0.021,0.021,-1,Echolocation,/mnt/ubna_data_01_mir/recover-20220825/UBNA_002/20220823_033000.WAV,Telephone Field,recover-20220825,002,1795
1562.9515,1562.9887,68437,81996,Rhinolophus ferrumequinum,0.022,0.022,-1,Echolocation,/mnt/ubna_data_01_mir/recover-20220825/UBNA_002/20220823_033000.WAV,Telephone Field,recover-20220825,002,1795
1562.9795,1563.0148,68437,81087,Rhinolophus ferrumequinum,0.024,0.024,-1,Echolocation,/mnt/ubna_data_01_mir/recover-20220825/UBNA_002/20220823_033000.WAV,Telephone Field,recover-20220825,002,1795
1563.0285,1563.0673,68437,81818,Rhinolophus ferrumequinum,0.022,0.022,-1,Echolocation,/mnt/ubna_data_01_mir/recover-20220825/UBNA_002/20220823_033000.WAV,Telephone Field,recover-20220825,002,1795
1563.0325,1563.0424,28906,36786,Eptesicus serotinus,0.009,0.022,-1,Echolocation,/mnt/ubna_data_01_mir/recover-20220825/UBNA_002/20220823_033000.WAV,Telephone Field,recover-20220825,002,1795
1563.0425,1563.0539,15156,22131,Nyctalus noctula,0.012,0.021,-1,Echolocation,/mnt/ubna_data_01_mir/recover-20220825/UBNA_002/20220823_033000.WAV,Telephone Field,recover-20220825,002,1795
1563.0425,1563.0503,28046,40607,Eptesicus serotinus,0.008,0.024,-1,Echolocation,/mnt/ubna_data_01_mir/recover-20220825/UBNA_002/20220823_033000.WAV,Telephone Field,recover-20220825,002,1795
1563.0735,1563.1135,68437,82115,Rhinolophus ferrumequinum,0.023,0.023,-1,Echolocation,/mnt/ubna_data_01_mir/recover-20220825/UBNA_002/20220823_033000.WAV,Telephone Field,recover-20220825,002,1795
1563.0815,1563.1182,68437,81710,Rhinolophus ferrumequinum,0.022,0.022,-1,Echolocation,/mnt/ubna_data_01_mir/recover-20220825/UBNA_002/20220823_033000.WAV,Telephone Field,recover-20220825,002,1795
1563.1015,1563.1408,68437,82335,Rhinolophus ferrumequinum,0.022,0.022,-1,Echolocation,/mnt/ubna_data_01_mir/recover-20220825/UBNA_002/20220823_033000.WAV,Telephone Field,recover-20220825,002,1795
1563.1145,1563.1261,58125,63138,Pipistrellus pygmaeus,0.026,0.027,-1,Echolocation,/mnt/ubna_data_01_mir/recover-20220825/UBNA_002/20220823_033000.WAV,Telephone Field,recover-20220825,002,1795
1563.1355,1563.1747,68437,82497,Rhinolophus ferrumequinum,0.024,0.024,-1,Echolocation,/mnt/ubna_data_01_mir/recover-20220825/UBNA_002/20220823_033000.WAV,Telephone Field,recover-20220825,002,1795
1563.1785,1563.2164,68437,81656,Rhinolophus ferrumequinum,0.022,0.022,-1,Echolocation,/mnt/ubna_data_01_mir/recover-20220825/UBNA_002/20220823_033000.WAV,Telephone Field,recover-20220825,002,1795
1563.1815,1563.1907,23750,30570,Nyctalus leisleri,0.007,0.022,-1,Echolocation,/mnt/ubna_data_01_mir/recover-20220825/UBNA_002/20220823_033000.WAV,Telephone Field,recover-20220825,002,1795
1563.2095,1563.2487,68437,81729,Rhinolophus ferrumequinum,0.022,0.022,-1,Echolocation,/mnt/ubna_data_01_mir/recover-20220825/UBNA_002/20220823_033000.WAV,Telephone Field,recover-20220825,002,1795
1563.2105,1563.2191,47812,56460,Pipistrellus pipistrellus,0.018,0.021,-1,Echolocation,/mnt/ubna_data_01_mir/recover-20220825/UBNA_002/20220823_033000.WAV,Telephone Field,recover-20220825,002,1795
1563.2495,1563.2892,68437,81776,Rhinolophus ferrumequinum,0.024,0.024,-1,Echolocation,/mnt/ubna_data_01_mir/recover-20220825/UBNA_002/20220823_033000.WAV,Telephone Field,recover-20220825,002,1795
1563.2675,1563.2762,27187,36060,Eptesicus serotinus,0.011,0.029,-1,Echolocation,/mnt/ubna_data_01_mir/recover-20220825/UBNA_002/20220823_033000.WAV,Telephone Field,recover-20220825,002,1795
1563.2745,1563.3118,68437,81994,Rhinolophus ferrumequinum,0.021,0.021,-1,Echolocation,/mnt/ubna_data_01_mir/recover-20220825/UBNA_002/20220823_033000.WAV,Telephone Field,recover-20220825,002,1795
1563.2895,1563.3267,68437,81823,Rhinolophus ferrumequinum,0.022,0.022,-1,Echolocation,/mnt/ubna_data_01_mir/recover-20220825/UBNA_002/20220823_033000.WAV,Telephone Field,recover-20220825,002,1795
1563.3095,1563.3469,68437,81859,Rhinolophus ferrumequinum,0.021,0.021,-1,Echolocation,/mnt/ubna_data_01_mir/recover-20220825/UBNA_002/20220823_033000.WAV,Telephone Field,recover-20220825,002,1795
1563.3165,1563.3249,48671,52761,Pipistrellus pipistrellus,0.033,0.036,-1,Echolocation,/mnt/ubna_data_01_mir/recover-20220825/UBNA_002/20220823_033000.WAV,Telephone Field,recover-20220825,002,1795
1563.3645,1563.4033,68437,82593,Rhinolophus ferrumequinum,0.021,0.021,-1,Echolocation,/mnt/ubna_data_01_mir/recover-20220825/UBNA_002/20220823_033000.WAV,Telephone Field,recover-20220825,002,1795
1563.3955,1563.4048,28046,38838,Eptesicus serotinus,0.01,0.023,-1,Echolocation,/mnt/ubna_data_01_mir/recover-20220825/UBNA_002/20220823_033000.WAV,Telephone Field,recover-20220825,002,1795
1563.3995,1563.4408,68437,82950,Rhinolophus ferrumequinum,0.023,0.023,-1,Echolocation,/mnt/ubna_data_01_mir/recover-20220825/UBNA_002/20220823_033000.WAV,Telephone Field,recover-20220825,002,1795
1563.4195,1563.4293,22890,29133,Nyctalus leisleri,0.007,0.021,-1,Echolocation,/mnt/ubna_data_01_mir/recover-20220825/UBNA_002/20220823_033000.WAV,Telephone Field,recover-20220825,002,1795
1563.4245,1563.4649,68437,82898,Rhinolophus ferrumequinum,0.03,0.03,-1,Echolocation,/mnt/ubna_data_01_mir/recover-20220825/UBNA_002/20220823_033000.WAV,Telephone Field,recover-20220825,002,1795
1563.4875,1563.5239,68437,82236,Rhinolophus ferrumequinum,0.031,0.031,-1,Echolocation,/mnt/ubna_data_01_mir/recover-20220825/UBNA_002/20220823_033000.WAV,Telephone Field,recover-20220825,002,1795
1563.5245,1563.535,22890,28371,Nyctalus leisleri,0.009,0.021,-1,Echolocation,/mnt/ubna_data_01_mir/recover-20220825/UBNA_002/20220823_033000.WAV,Telephone Field,recover-20220825,002,1795
1563.5265,1563.5668,68437,82480,Rhinolophus ferrumequinum,0.025,0.025,-1,Echolocation,/mnt/ubna_data_01_mir/recover-20220825/UBNA_002/20220823_033000.WAV,Telephone Field,recover-20220825,002,1795
1563.5895,1563.6293,68437,82864,Rhinolophus ferrumequinum,0.022,0.022,-1,Echolocation,/mnt/ubna_data_01_mir/recover-20220825/UBNA_002/20220823_033000.WAV,Telephone Field,recover-20220825,002,1795
1563.5995,1563.6065,47812,51994,Pipistrellus pipistrellus,0.02,0.021,-1,Echolocation,/mnt/ubna_data_01_mir/recover-20220825/UBNA_002/20220823_033000.WAV,Telephone Field,recover-20220825,002,1795
1563.6035,1563.611,29765,41129,Eptesicus serotinus,0.008,0.028,-1,Echolocation,/mnt/ubna_data_01_mir/recover-20220825/UBNA_002/20220823_033000.WAV,Telephone Field,recover-20220825,002,1795
1563.6735,1563.7113,68437,81861,Rhinolophus ferrumequinum,0.021,0.021,-1,Echolocation,/mnt/ubna_data_01_mir/recover-20220825/UBNA_002/20220823_033000.WAV,Telephone Field,recover-20220825,002,1795
1563.7095,1563.7177,22890,30827,Plecotus austriacus,0.012,0.026,-1,Echolocation,/mnt/ubna_data_01_mir/recover-20220825/UBNA_002/20220823_033000.WAV,Telephone Field,recover-20220825,002,1795
1563.7295,1563.7712,68437,82690,Rhinolophus ferrumequinum,0.022,0.022,-1,Echolocation,/mnt/ubna_data_01_mir/recover-20220825/UBNA_002/20220823_033000.WAV,Telephone Field,recover-20220825,002,1795
1563.7515,1563.764,22031,26323,Nyctalus leisleri,0.012,0.022,-1,Echolocation,/mnt/ubna_data_01_mir/recover-20220825/UBNA_002/20220823_033000.WAV,Telephone Field,recover-20220825,002,1795
1563.7745,1563.7824,28906,37521,Eptesicus serotinus,0.011,0.027,-1,Echolocation,/mnt/ubna_data_01_mir/recover-20220825/UBNA_002/20220823_033000.WAV,Telephone Field,recover-20220825,002,1795
1563.7895,1563.8016,28906,35045,Eptesicus serotinus,0.014,0.027,-1,Echolocation,/mnt/ubna_data_01_mir/recover-20220825/UBNA_002/20220823_033000.WAV,Telephone Field,recover-20220825,002,1795
1563.7975,1563.8378,68437,82494,Rhinolophus ferrumequinum,0.024,0.024,-1,Echolocation,/mnt/ubna_data_01_mir/recover-20220825/UBNA_002/20220823_033000.WAV,Telephone Field,recover-20220825,002,1795
1563.8265,1563.8333,28046,44324,Eptesicus serotinus,0.007,0.024,-1,Echolocation,/mnt/ubna_data_01_mir/recover-20220825/UBNA_002/20220823_033000.WAV,Telephone Field,recover-20220825,002,1795
1563.8585,1563.8674,43515,49879,Pipistrellus pipistrellus,0.023,0.028,-1,Echolocation,/mnt/ubna_data_01_mir/recover-20220825/UBNA_002/20220823_033000.WAV,Telephone Field,recover-20220825,002,1795
1563.8715,1563.9138,68437,82704,Rhinolophus ferrumequinum,0.022,0.022,-1,Echolocation,/mnt/ubna_data_01_mir/recover-20220825/UBNA_002/20220823_033000.WAV,Telephone Field,recover-20220825,002,1795
1563.8985,1563.9087,28906,37014,Eptesicus serotinus,0.01,0.025,-1,Echolocation,/mnt/ubna_data_01_mir/recover-20220825/UBNA_002/20220823_033000.WAV,Telephone Field,recover-20220825,002,1795
1563.9165,1563.9274,22890,28393,Nyctalus leisleri,0.014,0.031,-1,Echolocation,/mnt/ubna_data_01_mir/recover-20220825/UBNA_002/20220823_033000.WAV,Telephone Field,recover-20220825,002,1795
1564.0015,1564.0162,51250,55880,Pipistrellus pygmaeus,0.019,0.027,-1,Echolocation,/mnt/ubna_data_01_mir/recover-20220825/UBNA_002/20220823_033000.WAV,Telephone Field,recover-20220825,002,1795
1564.0015,1564.0376,68437,80466,Rhinolophus ferrumequinum,0.041,0.041,-1,Echolocation,/mnt/ubna_data_01_mir/recover-20220825/UBNA_002/20220823_033000.WAV,Telephone Field,recover-20220825,002,1795
1564.0015,1564.0094,22031,28738,Nyctalus leisleri,0.008,0.027,-1,Echolocation,/mnt/ubna_data_01_mir/recover-20220825/UBNA_002/20220823_033000.WAV,Telephone Field,recover-20220825,002,1795
1564.0085,1564.0537,68437,83104,Rhinolophus ferrumequinum,0.03,0.03,-1,Echolocation,/mnt/ubna_data_01_mir/recover-20220825/UBNA_002/20220823_033000.WAV,Telephone Field,recover-20220825,002,1795
1564.0265,1564.0716,68437,83834,Rhinolophus ferrumequinum,0.026,0.026,-1,Echolocation,/mnt/ubna_data_01_mir/recover-20220825/UBNA_002/20220823_033000.WAV,Telephone Field,recover-20220825,002,1795
1564.0275,1564.0384,23750,29734,Nyctalus leisleri,0.013,0.033,-1,Echolocation,/mnt/ubna_data_01_mir/recover-20220825/UBNA_002/20220823_033000.WAV,Telephone Field,recover-20220825,002,1795
1564.0445,1564.0532,28046,37816,Eptesicus serotinus,0.009,0.024,-1,Echolocation,/mnt/ubna_data_01_mir/recover-20220825/UBNA_002/20220823_033000.WAV,Telephone Field,recover-20220825,002,1795
1564.0645,1564.0987,68437,81706,Rhinolophus ferrumequinum,0.026,0.026,-1,Echolocation,/mnt/ubna_data_01_mir/recover-20220825/UBNA_002/20220823_033000.WAV,Telephone Field,recover-20220825,002,1795
1564.0675,1564.0744,28046,37596,Eptesicus serotinus,0.007,0.025,-1,Echolocation,/mnt/ubna_data_01_mir/recover-20220825/UBNA_002/20220823_033000.WAV,Telephone Field,recover-20220825,002,1795
1564.0855,1564.0964,23750,29696,Nyctalus leisleri,0.01,0.025,-1,Echolocation,/mnt/ubna_data_01_mir/recover-20220825/UBNA_002/20220823_033000.WAV,Telephone Field,recover-20220825,002,1795
1564.0865,1564.1208,68437,81101,Rhinolophus ferrumequinum,0.023,0.023,-1,Echolocation,/mnt/ubna_data_01_mir/recover-20220825/UBNA_002/20220823_033000.WAV,Telephone Field,recover-20220825,002,1795
1564.0915,1564.1026,22890,27649,Nyctalus leisleri,0.012,0.024,-1,Echolocation,/mnt/ubna_data_01_mir/recover-20220825/UBNA_002/20220823_033000.WAV,Telephone Field,recover-20220825,002,1795
1564.1345,1564.1417,27187,39851,Eptesicus serotinus,0.006,0.021,-1,Echolocation,/mnt/ubna_data_01_mir/recover-20220825/UBNA_002/20220823_033000.WAV,Telephone Field,recover-20220825,002,1795
1564.1475,1564.1839,68437,81803,Rhinolophus ferrumequinum,0.024,0.024,-1,Echolocation,/mnt/ubna_data_01_mir/recover-20220825/UBNA_002/20220823_033000.WAV,Telephone Field,recover-20220825,002,1795
1564.1945,1564.2056,25468,31708,Nyctalus leisleri,0.012,0.03,-1,Echolocation,/mnt/ubna_data_01_mir/recover-20220825/UBNA_002/20220823_033000.WAV,Telephone Field,recover-20220825,002,1795
1564.2045,1564.2435,68437,81770,Rhinolophus ferrumequinum,0.022,0.022,-1,Echolocation,/mnt/ubna_data_01_mir/recover-20220825/UBNA_002/20220823_033000.WAV,Telephone Field,recover-20220825,002,1795
1564.2135,1564.2229,25468,33317,Eptesicus serotinus,0.011,0.029,-1,Echolocation,/mnt/ubna_data_01_mir/recover-20220825/UBNA_002/20220823_033000.WAV,Telephone Field,recover-20220825,002,1795
1564.2255,1564.2674,68437,83209,Rhinolophus ferrumequinum,0.031,0.031,-1,Echolocation,/mnt/ubna_data_01_mir/recover-20220825/UBNA_002/20220823_033000.WAV,Telephone Field,recover-20220825,002,1795
1564.2335,1564.2449,22890,28113,Nyctalus leisleri,0.011,0.023,-1,Echolocation,/mnt/ubna_data_01_mir/recover-20220825/UBNA_002/20220823_033000.WAV,Telephone Field,recover-20220825,002,1795
1564.2405,1564.2517,23750,28953,Nyctalus leisleri,0.01,0.022,-1,Echolocation,/mnt/ubna_data_01_mir/recover-20220825/UBNA_002/20220823_033000.WAV,Telephone Field,recover-20220825,002,1795
1564.2415,1564.2812,68437,82160,Rhinolophus ferrumequinum,0.021,0.021,-1,Echolocation,/mnt/ubna_data_01_mir/recover-20220825/UBNA_002/20220823_033000.WAV,Telephone Field,recover-20220825,002,1795
1564.2785,1564.3148,68437,81717,Rhinolophus ferrumequinum,0.023,0.023,-1,Echolocation,/mnt/ubna_data_01_mir/recover-20220825/UBNA_002/20220823_033000.WAV,Telephone Field,recover-20220825,002,1795
1564.2985,1564.3417,68437,83084,Rhinolophus ferrumequinum,0.03,0.03,-1,Echolocation,/mnt/ubna_data_01_mir/recover-20220825/UBNA_002/20220823_033000.WAV,Telephone Field,recover-20220825,002,1795
1564.3125,1564.3527,68437,82551,Rhinolophus ferrumequinum,0.035,0.035,-1,Echolocation,/mnt/ubna_data_01_mir/recover-20220825/UBNA_002/20220823_033000.WAV,Telephone Field,recover-20220825,002,1795
1564.3385,1564.3725,68437,81877,Rhinolophus ferrumequinum,0.021,0.022,-1,Echolocation,/mnt/ubna_data_01_mir/recover-20220825/UBNA_002/20220823_033000.WAV,Telephone Field,recover-20220825,002,1795
1564.3575,1564.3974,68437,82801,Rhinolophus ferrumequinum,0.026,0.026,-1,Echolocation,/mnt/ubna_data_01_mir/recover-20220825/UBNA_002/20220823_033000.WAV,Telephone Field,recover-20220825,002,1795
1564.3575,1564.3656,49531,53388,Pipistrellus pipistrellus,0.02,0.022,-1,Echolocation,/mnt/ubna_data_01_mir/recover-20220825/UBNA_002/20220823_033000.WAV,Telephone Field,recover-20220825,002,1795
1564.3645,1564.3736,22890,30943,Plecotus austriacus,0.015,0.042,-1,Echolocation,/mnt/ubna_data_01_mir/recover-20220825/UBNA_002/20220823_033000.WAV,Telephone Field,recover-20220825,002,1795
1564.3765,1564.4169,68437,83306,Rhinolophus ferrumequinum,0.025,0.025,-1,Echolocation,/mnt/ubna_data_01_mir/recover-20220825/UBNA_002/20220823_033000.WAV,Telephone Field,recover-20220825,002,1795
1564.3885,1564.3969,28046,38171,Eptesicus serotinus,0.007,0.022,-1,Echolocation,/mnt/ubna_data_01_mir/recover-20220825/UBNA_002/20220823_033000.WAV,Telephone Field,recover-20220825,002,1795
1564.4225,1564.4605,68437,81940,Rhinolophus ferrumequinum,0.022,0.022,-1,Echolocation,/mnt/ubna_data_01_mir/recover-20220825/UBNA_002/20220823_033000.WAV,Telephone Field,recover-20220825,002,1795
1564.4445,1564.4528,45234,51644,Pipistrellus pipistrellus,0.019,0.023,-1,Echolocation,/mnt/ubna_data_01_mir/recover-20220825/UBNA_002/20220823_033000.WAV,Telephone Field,recover-20220825,002,1795
1564.4965,1564.5374,68437,82887,Rhinolophus ferrumequinum,0.024,0.024,-1,Echolocation,/mnt/ubna_data_01_mir/recover-20220825/UBNA_002/20220823_033000.WAV,Telephone Field,recover-20220825,002,1795
1564.5025,1564.5434,68437,82653,Rhinolophus ferrumequinum,0.025,0.025,-1,Echolocation,/mnt/ubna_data_01_mir/recover-20220825/UBNA_002/20220823_033000.WAV,Telephone Field,recover-20220825,002,1795
1564.5245,1564.531,45234,52368,Pipistrellus pipistrellus,0.03,0.033,-1,Echolocation,/mnt/ubna_data_01_mir/recover-20220825/UBNA_002/20220823_033000.WAV,Telephone Field,recover-20220825,002,1795
1564.5605,1564.5693,27187,37614,Eptesicus serotinus,0.008,0.022,-1,Echolocation,/mnt/ubna_data_01_mir/recover-20220825/UBNA_002/20220823_033000.WAV,Telephone Field,recover-20220825,002,1795
1564.5635,1564.5727,51250,56445,Pipistrellus pipistrellus,0.024,0.032,-1,Echolocation,/mnt/ubna_data_01_mir/recover-20220825/UBNA_002/20220823_033000.WAV,Telephone Field,recover-20220825,002,1795
1564.5685,1564.5772,28046,37665,Eptesicus serotinus,0.008,0.021,-1,Echolocation,/mnt/ubna_data_01_mir/recover-20220825/UBNA_002/20220823_033000.WAV,Telephone Field,recover-20220825,002,1795
1564.5705,1564.6109,68437,82515,Rhinolophus ferrumequinum,0.024,0.024,-1,Echolocation,/mnt/ubna_data_01_mir/recover-20220825/UBNA_002/20220823_033000.WAV,Telephone Field,recover-20220825,002,1795
1564.5825,1564.5947,34062,39837,Pipistrellus nathusii,0.008,0.03,-1,Echolocation,/mnt/ubna_data_01_mir/recover-20220825/UBNA_002/20220823_033000.WAV,Telephone Field,recover-20220825,002,1795
1564.6055,1564.6445,68437,82525,Rhinolophus ferrumequinum,0.026,0.026,-1,Echolocation,/mnt/ubna_data_01_mir/recover-20220825/UBNA_002/20220823_033000.WAV,Telephone Field,recover-20220825,002,1795
1564.6435,1564.6799,68437,81975,Rhinolophus ferrumequinum,0.022,0.022,-1,Echolocation,/mnt/ubna_data_01_mir/recover-20220825/UBNA_002/20220823_033000.WAV,Telephone Field,recover-20220825,002,1795
1564.6525,1564.6888,68437,82294,Rhinolophus ferrumequinum,0.031,0.031,-1,Echolocation,/mnt/ubna_data_01_mir/recover-20220825/UBNA_002/20220823_033000.WAV,Telephone Field,recover-20220825,002,1795
1564.6795,1564.6903,22890,29193,Nyctalus leisleri,0.01,0.023,-1,Echolocation,/mnt/ubna_data_01_mir/recover-20220825/UBNA_002/20220823_033000.WAV,Telephone Field,recover-20220825,002,1795
1564.7245,1564.7657,68437,83052,Rhinolophus ferrumequinum,0.03,0.03,-1,Echolocation,/mnt/ubna_data_01_mir/recover-20220825/UBNA_002/20220823_033000.WAV,Telephone Field,recover-20220825,002,1795
1564.7685,1564.8027,68437,82357,Rhinolophus ferrumequinum,0.027,0.027,-1,Echolocation,/mnt/ubna_data_01_mir/recover-20220825/UBNA_002/20220823_033000.WAV,Telephone Field,recover-20220825,002,1795
1564.7705,1564.7763,27187,40878,Eptesicus serotinus,0.006,0.03,-1,Echolocation,/mnt/ubna_data_01_mir/recover-20220825/UBNA_002/20220823_033000.WAV,Telephone Field,recover-20220825,002,1795
1564.7715,1564.7821,22031,27568,Nyctalus leisleri,0.013,0.029,-1,Echolocation,/mnt/ubna_data_01_mir/recover-20220825/UBNA_002/20220823_033000.WAV,Telephone Field,recover-20220825,002,1795
1564.7815,1564.8192,68437,82056,Rhinolophus ferrumequinum,0.023,0.023,-1,Echolocation,/mnt/ubna_data_01_mir/recover-20220825/UBNA_002/20220823_033000.WAV,Telephone Field,recover-20220825,002,1795
1564.7895,1564.8268,68437,81421,Rhinolophus ferrumequinum,0.022,0.022,-1,Echolocation,/mnt/ubna_data_01_mir/recover-20220825/UBNA_002/20220823_033000.WAV,Telephone Field,recover-20220825,002,1795
1564.8095,1564.8456,68437,81687,Rhinolophus ferrumequinum,0.022,0.022,-1,Echolocation,/mnt/ubna_data_01_mir/recover-20220825/UBNA_002/20220823_033000.WAV,Telephone Field,recover-20220825,002,1795
1564.8185,1564.8623,68437,83459,Rhinolophus ferrumequinum,0.032,0.032,-1,Echolocation,/mnt/ubna_data_01_mir/recover-20220825/UBNA_002/20220823_033000.WAV,Telephone Field,recover-20220825,002,1795
1564.8495,1564.8899,68437,82590,Rhinolophus ferrumequinum,0.023,0.023,-1,Echolocation,/mnt/ubna_data_01_mir/recover-20220825/UBNA_002/20220823_033000.WAV,Telephone Field,recover-20220825,002,1795
1564.8655,1564.8755,22031,27243,Nyctalus leisleri,0.009,0.022,-1,Echolocation,/mnt/ubna_data_01_mir/recover-20220825/UBNA_002/20220823_033000.WAV,Telephone Field,recover-20220825,002,1795
1564.8805,1564.8864,49531,54340,Pipistrellus pipistrellus,0.025,0.026,-1,Echolocation,/mnt/ubna_data_01_mir/recover-20220825/UBNA_002/20220823_033000.WAV,Telephone Field,recover-20220825,002,1795
1564.9085,1564.9454,68437,81586,Rhinolophus ferrumequinum,0.022,0.022,-1,Echolocation,/mnt/ubna_data_01_mir/recover-20220825/UBNA_002/20220823_033000.WAV,Telephone Field,recover-20220825,002,1795
1564.9165,1564.9551,68437,82101,Rhinolophus ferrumequinum,0.021,0.021,-1,Echolocation,/mnt/ubna_data_01_mir/recover-20220825/UBNA_002/20220823_033000.WAV,Telephone Field,recover-20220825,002,1795
1564.9225,1564.96,68437,82202,Rhinolophus ferrumequinum,0.023,0.023,-1,Echolocation,/mnt/ubna_data_01_mir/recover-20220825/UBNA_002/20220823_033000.WAV,Telephone Field,recover-20220825,002,1795
1564.9395,1564.9757,68437,80396,Rhinolophus ferrumequinum,0.023,0.023,-1,Echolocation,/mnt/ubna_data_01_mir/recover-20220825/UBNA_002/20220823_033000.WAV,Telephone Field,recover-20220825,002,1795
1564.9415,1564.952,23750,29536,Nyctalus leisleri,0.009,0.021,-1,Echolocation,/mnt/ubna_data_01_mir/recover-20220825/UBNA_002/20220823_033000.WAV,Telephone Field,recover-20220825,002,1795
1564.9515,1564.9862,68437,81544,Rhinolophus ferrumequinum,0.033,0.033,-1,Echolocation,/mnt/ubna_data_01_mir/recover-20220825/UBNA_002/20220823_033000.WAV,Telephone Field,recover-20220825,002,1795
1564.9675,1565.0053,68437,81801,Rhinolophus ferrumequinum,0.022,0.023,-1,Echolocation,/mnt/ubna_data_01_mir/recover-20220825/UBNA_002/20220823_033000.WAV,Telephone Field,recover-20220825,002,1795
1565.0105,1565.0507,68437,81882,Rhinolophus ferrumequinum,0.023,0.024,-1,Echolocation,/mnt/ubna_data_01_mir/recover-20220825/UBNA_002/20220823_033000.WAV,Telephone Field,recover-20220825,002,1795
1565.0175,1565.0601,68437,82302,Rhinolophus ferrumequinum,0.026,0.026,-1,Echolocation,/mnt/ubna_data_01_mir/recover-20220825/UBNA_002/20220823_033000.WAV,Telephone Field,recover-20220825,002,1795
1565.0515,1565.0594,23750,32096,Plecotus austriacus,0.01,0.027,-1,Echolocation,/mnt/ubna_data_01_mir/recover-20220825/UBNA_002/20220823_033000.WAV,Telephone Field,recover-20220825,002,1795
1565.0525,1565.0929,68437,83297,Rhinolophus ferrumequinum,0.024,0.024,-1,Echolocation,/mnt/ubna_data_01_mir/recover-20220825/UBNA_002/20220823_033000.WAV,Telephone Field,recover-20220825,002,1795
1565.0685,1565.0765,30625,42417,Myotis daubentonii,0.007,0.023,-1,Echolocation,/mnt/ubna_data_01_mir/recover-20220825/UBNA_002/20220823_033000.WAV,Telephone Field,recover-20220825,002,1795
1565.0845,1565.0915,24609,33156,Plecotus austriacus,0.009,0.024,-1,Echolocation,/mnt/ubna_data_01_mir/recover-20220825/UBNA_002/20220823_033000.WAV,Telephone Field,recover-20220825,002,1795
1565.1025,1565.1434,68437,82609,Rhinolophus ferrumequinum,0.033,0.033,-1,Echolocation,/mnt/ubna_data_01_mir/recover-20220825/UBNA_002/20220823_033000.WAV,Telephone Field,recover-20220825,002,1795
1565.1715,1565.1812,28046,37536,Eptesicus serotinus,0.01,0.025,-1,Echolocation,/mnt/ubna_data_01_mir/recover-20220825/UBNA_002/20220823_033000.WAV,Telephone Field,recover-20220825,002,1795
1565.1865,1565.2229,68437,82365,Rhinolophus ferrumequinum,0.021,0.021,-1,Echolocation,/mnt/ubna_data_01_mir/recover-20220825/UBNA_002/20220823_033000.WAV,Telephone Field,recover-20220825,002,1795
1565.2315,1565.269,68437,81910,Rhinolophus ferrumequinum,0.022,0.022,-1,Echolocation,/mnt/ubna_data_01_mir/recover-20220825/UBNA_002/20220823_033000.WAV,Telephone Field,recover-20220825,002,1795
1565.2425,1565.2809,68437,81981,Rhinolophus ferrumequinum,0.025,0.025,-1,Echolocation,/mnt/ubna_data_01_mir/recover-20220825/UBNA_002/20220823_033000.WAV,Telephone Field,recover-20220825,002,1795
1565.2845,1565.2958,24609,30168,Nyctalus leisleri,0.016,0.034,-1,Echolocation,/mnt/ubna_data_01_mir/recover-20220825/UBNA_002/20220823_033000.WAV,Telephone Field,recover-20220825,002,1795
1565.3015,1565.3376,68437,80951,Rhinolophus ferrumequinum,0.021,0.021,-1,Echolocation,/mnt/ubna_data_01_mir/recover-20220825/UBNA_002/20220823_033000.WAV,Telephone Field,recover-20220825,002,1795
1565.3045,1565.3154,22031,25311,Nyctalus leisleri,0.013,0.021,-1,Echolocation,/mnt/ubna_data_01_mir/recover-20220825/UBNA_002/20220823_033000.WAV,Telephone Field,recover-20220825,002,1795
1565.3245,1565.3596,68437,81632,Rhinolophus ferrumequinum,0.027,0.027,-1,Echolocation,/mnt/ubna_data_01_mir/recover-20220825/UBNA_002/20220823_033000.WAV,Telephone Field,recover-20220825,002,1795
1565.3555,1565.394,68437,82222,Rhinolophus ferrumequinum,0.021,0.022,-1,Echolocation,/mnt/ubna_data_01_mir/recover-20220825/UBNA_002/20220823_033000.WAV,Telephone Field,recover-20220825,002,1795
1565.3615,1565.3745,23750,29625,Nyctalus leisleri,0.016,0.033,-1,Echolocation,/mnt/ubna_data_01_mir/recover-20220825/UBNA_002/20220823_033000.WAV,Telephone Field,recover-20220825,002,1795
1565.4395,1565.4818,68437,83427,Rhinolophus ferrumequinum,0.033,0.033,-1,Echolocation,/mnt/ubna_data_01_mir/recover-20220825/UBNA_002/20220823_033000.WAV,Telephone Field,recover-20220825,002,1795
1565.4975,1565.5338,68437,82000,Rhinolophus ferrumequinum,0.022,0.022,-1,Echolocation,/mnt/ubna_data_01_mir/recover-20220825/UBNA_002/20220823_033000.WAV,Telephone Field,recover-20220825,002,1795
1565.5395,1565.5506,27187,35132,Eptesicus serotinus,0.013,0.024,-1,Echolocation,/mnt/ubna_data_01_mir/recover-20220825/UBNA_002/20220823_033000.WAV,Telephone Field,recover-20220825,002,1795
1565.5495,1565.559,28046,37073,Eptesicus serotinus,0.01,0.024,-1,Echolocation,/mnt/ubna_data_01_mir/recover-20220825/UBNA_002/20220823_033000.WAV,Telephone Field,recover-20220825,002,1795
1565.5575,1565.599,68437,82659,Rhinolophus ferrumequinum,0.024,0.024,-1,Echolocation,/mnt/ubna_data_01_mir/recover-20220825/UBNA_002/20220823_033000.WAV,Telephone Field,recover-20220825,002,1795
1565.5855,1565.5964,24609,30174,Nyctalus leisleri,0.011,0.026,-1,Echolocation,/mnt/ubna_data_01_mir/recover-20220825/UBNA_002/20220823_033000.WAV,Telephone Field,recover-20220825,002,1795
1565.6315,1565.6721,68437,82243,Rhinolophus ferrumequinum,0.028,0.028,-1,Echolocation,/mnt/ubna_data_01_mir/recover-20220825/UBNA_002/20220823_033000.WAV,Telephone Field,recover-20220825,002,1795
1565.6525,1565.6598,24609,33801,Plecotus austriacus,0.014,0.035,-1,Echolocation,/mnt/ubna_data_01_mir/recover-20220825/UBNA_002/20220823_033000.WAV,Telephone Field,recover-20220825,002,1795
1565.6755,1565.6838,28046,36535,Eptesicus serotinus,0.007,0.024,-1,Echolocation,/mnt/ubna_data_01_mir/recover-20220825/UBNA_002/20220823_033000.WAV,Telephone Field,recover-20220825,002,1795
1565.6775,1565.6882,22890,28384,Nyctalus leisleri,0.01,0.022,-1,Echolocation,/mnt/ubna_data_01_mir/recover-20220825/UBNA_002/20220823_033000.WAV,Telephone Field,recover-20220825,002,1795
1565.7045,1565.7419,68437,81748,Rhinolophus ferrumequinum,0.026,0.026,-1,Echolocation,/mnt/ubna_data_01_mir/recover-20220825/UBNA_002/20220823_033000.WAV,Telephone Field,recover-20220825,002,1795
1565.7475,1565.7859,68437,82580,Rhinolophus ferrumequinum,0.024,0.024,-1,Echolocation,/mnt/ubna_data_01_mir/recover-20220825/UBNA_002/20220823_033000.WAV,Telephone Field,recover-20220825,002,1795
1565.7555,1565.7635,28046,38533,Eptesicus serotinus,0.009,0.025,-1,Echolocation,/mnt/ubna_data_01_mir/recover-20220825/UBNA_002/20220823_033000.WAV,Telephone Field,recover-20220825,002,1795
1565.7835,1565.7927,22031,28655,Plecotus austriacus,0.012,0.028,-1,Echolocation,/mnt/ubna_data_01_mir/recover-20220825/UBNA_002/20220823_033000.WAV,Telephone Field,recover-20220825,002,1795
1565.7905,1565.8276,68437,81417,Rhinolophus ferrumequinum,0.021,0.021,-1,Echolocation,/mnt/ubna_data_01_mir/recover-20220825/UBNA_002/20220823_033000.WAV,Telephone Field,recover-20220825,002,1795
1565.8115,1565.8195,23750,32559,Plecotus austriacus,0.009,0.023,-1,Echolocation,/mnt/ubna_data_01_mir/recover-20220825/UBNA_002/20220823_033000.WAV,Telephone Field,recover-20220825,002,1795
1565.8185,1565.8561,68437,82154,Rhinolophus ferrumequinum,0.024,0.024,-1,Echolocation,/mnt/ubna_data_01_mir/recover-20220825/UBNA_002/20220823_033000.WAV,Telephone Field,recover-20220825,002,1795
1565.8315,1565.8391,23750,32303,Plecotus austriacus,0.009,0.024,-1,Echolocation,/mnt/ubna_data_01_mir/recover-20220825/UBNA_002/20220823_033000.WAV,Telephone Field,recover-20220825,002,1795
1565.8495,1565.8914,68437,83469,Rhinolophus ferrumequinum,0.04,0.04,-1,Echolocation,/mnt/ubna_data_01_mir/recover-20220825/UBNA_002/20220823_033000.WAV,Telephone Field,recover-20220825,002,1795
1565.8805,1565.9242,68437,83051,Rhinolophus ferrumequinum,0.028,0.028,-1,Echolocation,/mnt/ubna_data_01_mir/recover-20220825/UBNA_002/20220823_033000.WAV,Telephone Field,recover-20220825,002,1795
1565.8945,1565.9319,68437,81429,Rhinolophus ferrumequinum,0.022,0.022,-1,Echolocation,/mnt/ubna_data_01_mir/recover-20220825/UBNA_002/20220823_033000.WAV,Telephone Field,recover-20220825,002,1795
1565.9225,1565.9633,68437,82375,Rhinolophus ferrumequinum,0.024,0.024,-1,Echolocation,/mnt/ubna_data_01_mir/recover-20220825/UBNA_002/20220823_033000.WAV,Telephone Field,recover-20220825,002,1795
1566.0015,1566.0105,26328,35916,Eptesicus serotinus,0.008,0.026,-1,Echolocation,/mnt/ubna_data_01_mir/recover-20220825/UBNA_002/20220823_033000.WAV,Telephone Field,recover-20220825,002,1795
1566.0015,1566.0306,69296,81869,Rhinolophus ferrumequinum,0.026,0.026,-1,Echolocation,/mnt/ubna_data_01_mir/recover-20220825/UBNA_002/20220823_033000.WAV,Telephone Field,recover-20220825,002,1795
1566.0015,1566.0095,46953,55280,Pipistrellus pipistrellus,0.014,0.026,-1,Echolocation,/mnt/ubna_data_01_mir/recover-20220825/UBNA_002/20220823_033000.WAV,Telephone Field,recover-20220825,002,1795
1566.0175,1566.0258,26328,36392,Eptesicus serotinus,0.007,0.02,-1,Echolocation,/mnt/ubna_data_01_mir/recover-20220825/UBNA_002/20220823_033000.WAV,Telephone Field,recover-20220825,002,1795
1566.0265,1566.0359,22890,28386,Nyctalus leisleri,0.009,0.022,-1,Echolocation,/mnt/ubna_data_01_mir/recover-20220825/UBNA_002/20220823_033000.WAV,Telephone Field,recover-20220825,002,1795
1566.0595,1566.0698,23750,29896,Nyctalus leisleri,0.01,0.026,-1,Echolocation,/mnt/ubna_data_01_mir/recover-20220825/UBNA_002/20220823_033000.WAV,Telephone Field,recover-20220825,002,1795
1566.1195,1566.1283,27187,37132,Eptesicus serotinus,0.012,0.028,-1,Echolocation,/mnt/ubna_data_01_mir/recover-20220825/UBNA_002/20220823_033000.WAV,Telephone Field,recover-20220825,002,1795
1566.1415,1566.1801,68437,81835,Rhinolophus ferrumequinum,0.021,0.022,-1,Echolocation,/mnt/ubna_data_01_mir/recover-20220825/UBNA_002/20220823_033000.WAV,Telephone Field,recover-20220825,002,1795
1566.1485,1566.1891,68437,82414,Rhinolophus ferrumequinum,0.02,0.02,-1,Echolocation,/mnt/ubna_data_01_mir/recover-20220825/UBNA_002/20220823_033000.WAV,Telephone Field,recover-20220825,002,1795
1566.1575,1566.1673,22890,29175,Nyctalus leisleri,0.007,0.022,-1,Echolocation,/mnt/ubna_data_01_mir/recover-20220825/UBNA_002/20220823_033000.WAV,Telephone Field,recover-20220825,002,1795
1566.1665,1566.2044,68437,81918,Rhinolophus ferrumequinum,0.021,0.021,-1,Echolocation,/mnt/ubna_data_01_mir/recover-20220825/UBNA_002/20220823_033000.WAV,Telephone Field,recover-20220825,002,1795
1566.1725,1566.184,23750,28859,Nyctalus leisleri,0.012,0.024,-1,Echolocation,/mnt/ubna_data_01_mir/recover-20220825/UBNA_002/20220823_033000.WAV,Telephone Field,recover-20220825,002,1795
1566.1805,1566.1875,48671,53667,Pipistrellus pipistrellus,0.019,0.021,-1,Echolocation,/mnt/ubna_data_01_mir/recover-20220825/UBNA_002/20220823_033000.WAV,Telephone Field,recover-20220825,002,1795
1566.1835,1566.2212,68437,82001,Rhinolophus ferrumequinum,0.022,0.022,-1,Echolocation,/mnt/ubna_data_01_mir/recover-20220825/UBNA_002/20220823_033000.WAV,Telephone Field,recover-20220825,002,1795
1566.1865,1566.1938,27187,38569,Eptesicus serotinus,0.005,0.021,-1,Echolocation,/mnt/ubna_data_01_mir/recover-20220825/UBNA_002/20220823_033000.WAV,Telephone Field,recover-20220825,002,1795
1566.2265,1566.2374,24609,31992,Nyctalus leisleri,0.01,0.029,-1,Echolocation,/mnt/ubna_data_01_mir/recover-20220825/UBNA_002/20220823_033000.WAV,Telephone Field,recover-20220825,002,1795
1566.2355,1566.274,68437,82369,Rhinolophus ferrumequinum,0.021,0.021,-1,Echolocation,/mnt/ubna_data_01_mir/recover-20220825/UBNA_002/20220823_033000.WAV,Telephone Field,recover-20220825,002,1795
1566.2425,1566.2796,68437,82031,Rhinolophus ferrumequinum,0.021,0.021,-1,Echolocation,/mnt/ubna_data_01_mir/recover-20220825/UBNA_002/20220823_033000.WAV,Telephone Field,recover-20220825,002,1795
1566.2455,1566.2543,28046,37635,Eptesicus serotinus,0.009,0.023,-1,Echolocation,/mnt/ubna_data_01_mir/recover-20220825/UBNA_002/20220823_033000.WAV,Telephone Field,recover-20220825,002,1795
1566.2965,1566.3385,68437,82799,Rhinolophus ferrumequinum,0.024,0.024,-1,Echolocation,/mnt/ubna_data_01_mir/recover-20220825/UBNA_002/20220823_033000.WAV,Telephone Field,recover-20220825,002,1795
1566.3135,1566.3367,18593,21076,Nyctalus noctula,0.019,0.036,-1,Echolocation,/mnt/ubna_data_01_mir/recover-20220825/UBNA_002/20220823_033000.WAV,Telephone Field,recover-20220825,002,1795
1566.3395,1566.347,27187,38205,Eptesicus serotinus,0.006,0.023,-1,Echolocation,/mnt/ubna_data_01_mir/recover-20220825/UBNA_002/20220823_033000.WAV,Telephone Field,recover-20220825,002,1795
1566.3645,1566.4009,68437,82614,Rhinolophus ferrumequinum,0.026,0.026,-1,Echolocation,/mnt/ubna_data_01_mir/recover-20220825/UBNA_002/20220823_033000.WAV,Telephone Field,recover-20220825,002,1795
1566.3945,1566.4025,24609,32622,Plecotus austriacus,0.007,0.022,-1,Echolocation,/mnt/ubna_data_01_mir/recover-20220825/UBNA_002/20220823_033000.WAV,Telephone Field,recover-20220825,002,1795
1566.4005,1566.4411,68437,81723,Rhinolophus ferrumequinum,0.021,0.021,-1,Echolocation,/mnt/ubna_data_01_mir/recover-20220825/UBNA_002/20220823_033000.WAV,Telephone Field,recover-20220825,002,1795
1566.4065,1566.4449,68437,81793,Rhinolophus ferrumequinum,0.024,0.024,-1,Echolocation,/mnt/ubna_data_01_mir/recover-20220825/UBNA_002/20220823_033000.WAV,Telephone Field,recover-20220825,002,1795
1566.4185,1566.4284,28046,36123,Eptesicus serotinus,0.009,0.023,-1,Echolocation,/mnt/ubna_data_01_mir/recover-20220825/UBNA_002/20220823_033000.WAV,Telephone Field,recover-20220825,002,1795
1566.4325,1566.4435,22031,26651,Nyctalus leisleri,0.011,0.022,-1,Echolocation,/mnt/ubna_data_01_mir/recover-20220825/UBNA_002/20220823_033000.WAV,Telephone Field,recover-20220825,002,1795
1566.4665,1566.5035,68437,81926,Rhinolophus ferrumequinum,0.023,0.023,-1,Echolocation,/mnt/ubna_data_01_mir/recover-20220825/UBNA_002/20220823_033000.WAV,Telephone Field,recover-20220825,002,1795
1566.4795,1566.5218,68437,82628,Rhinolophus ferrumequinum,0.024,0.024,-1,Echolocation,/mnt/ubna_data_01_mir/recover-20220825/UBNA_002/20220823_033000.WAV,Telephone Field,recover-20220825,002,1795
1566.5035,1566.5115,27187,39196,Eptesicus serotinus,0.008,0.026,-1,Echolocation,/mnt/ubna_data_01_mir/recover-20220825/UBNA_002/20220823_033000.WAV,Telephone Field,recover-20220825,002,1795
1566.5185,1566.5557,68437,81911,Rhinolophus ferrumequinum,0.023,0.023,-1,Echolocation,/mnt/ubna_data_01_mir/recover-20220825/UBNA_002/20220823_033000.WAV,Telephone Field,recover-20220825,002,1795
1566.5545,1566.5632,28046,38270,Eptesicus serotinus,0.008,0.021,-1,Echolocation,/mnt/ubna_data_01_mir/recover-20220825/UBNA_002/20220823_033000.WAV,Telephone Field,recover-20220825,002,1795
1566.5725,1566.5828,22890,27938,Nyctalus leisleri,0.01,0.025,-1,Echolocation,/mnt/ubna_data_01_mir/recover-20220825/UBNA_002/20220823_033000.WAV,Telephone Field,recover-20220825,002,1795
1566.5885,1566.5977,26328,34670,Eptesicus serotinus,0.007,0.021,-1,Echolocation,/mnt/ubna_data_01_mir/recover-20220825/UBNA_002/20220823_033000.WAV,Telephone Field,recover-20220825,002,1795
1566.6035,1566.6425,68437,81780,Rhinolophus ferrumequinum,0.02,0.02,-1,Echolocation,/mnt/ubna_data_01_mir/recover-20220825/UBNA_002/20220823_033000.WAV,Telephone Field,recover-20220825,002,1795
1566.6055,1566.6135,28046,41623,Eptesicus serotinus,0.007,0.023,-1,Echolocation,/mnt/ubna_data_01_mir/recover-20220825/UBNA_002/20220823_033000.WAV,Telephone Field,recover-20220825,002,1795
1566.6135,1566.652,68437,82284,Rhinolophus ferrumequinum,0.021,0.021,-1,Echolocation,/mnt/ubna_data_01_mir/recover-20220825/UBNA_002/20220823_033000.WAV,Telephone Field,recover-20220825,002,1795
1566.6225,1566.6614,68437,82190,Rhinolophus ferrumequinum,0.022,0.022,-1,Echolocation,/mnt/ubna_data_01_mir/recover-20220825/UBNA_002/20220823_033000.WAV,Telephone Field,recover-20220825,002,1795
1566.6595,1566.6695,22031,26676,Nyctalus leisleri,0.01,0.021,-1,Echolocation,/mnt/ubna_data_01_mir/recover-20220825/UBNA_002/20220823_033000.WAV,Telephone Field,recover-20220825,002,1795
1566.6745,1566.7141,68437,82113,Rhinolophus ferrumequinum,0.02,0.021,-1,Echolocation,/mnt/ubna_data_01_mir/recover-20220825/UBNA_002/20220823_033000.WAV,Telephone Field,recover-20220825,002,1795
1566.7245,1566.7337,37500,46589,Pipistrellus nathusii,0.011,0.024,-1,Echolocation,/mnt/ubna_data_01_mir/recover-20220825/UBNA_002/20220823_033000.WAV,Telephone Field,recover-20220825,002,1795
1566.7315,1566.7381,46953,53883,Pipistrellus pipistrellus,0.022,0.024,-1,Echolocation,/mnt/ubna_data_01_mir/recover-20220825/UBNA_002/20220823_033000.WAV,Telephone Field,recover-20220825,002,1795
1566.7435,1566.7844,68437,82364,Rhinolophus ferrumequinum,0.026,0.026,-1,Echolocation,/mnt/ubna_data_01_mir/recover-20220825/UBNA_002/20220823_033000.WAV,Telephone Field,recover-20220825,002,1795
1566.7815,1566.8233,68437,82878,Rhinolophus ferrumequinum,0.03,0.03,-1,Echolocation,/mnt/ubna_data_01_mir/recover-20220825/UBNA_002/20220823_033000.WAV,Telephone Field,recover-20220825,002,1795
1566.8045,1566.843,68437,82445,Rhinolophus ferrumequinum,0.023,0.023,-1,Echolocation,/mnt/ubna_data_01_mir/recover-20220825/UBNA_002/20220823_033000.WAV,Telephone Field,recover-20220825,002,1795
1566.8085,1566.8172,23750,31294,Plecotus austriacus,0.01,0.026,-1,Echolocation,/mnt/ubna_data_01_mir/recover-20220825/UBNA_002/20220823_033000.WAV,Telephone Field,recover-20220825,002,1795
1566.8235,1566.8393,22031,25585,Nyctalus leisleri,0.018,0.027,-1,Echolocation,/mnt/ubna_data_01_mir/recover-20220825/UBNA_002/20220823_033000.WAV,Telephone Field,recover-20220825,002,1795
1566.8345,1566.8534,20312,23352,Nyctalus leisleri,0.012,0.022,-1,Echolocation,/mnt/ubna_data_01_mir/recover-20220825/UBNA_002/20220823_033000.WAV,Telephone Field,recover-20220825,002,1795
1566.8475,1566.857,26328,34728,Eptesicus serotinus,0.009,0.021,-1,Echolocation,/mnt/ubna_data_01_mir/recover-20220825/UBNA_002/20220823_033000.WAV,Telephone Field,recover-20220825,002,1795
1566.8725,1566.9118,68437,82536,Rhinolophus ferrumequinum,0.022,0.022,-1,Echolocation,/mnt/ubna_data_01_mir/recover-20220825/UBNA_002/20220823_033000.WAV,Telephone Field,recover-20220825,002,1795
1566.8755,1566.8843,28046,39347,Eptesicus serotinus,0.008,0.022,-1,Echolocation,/mnt/ubna_data_01_mir/recover-20220825/UBNA_002/20220823_033000.WAV,Telephone Field,recover-20220825,002,1795
1566.8995,1566.94,68437,82375,Rhinolophus ferrumequinum,0.026,0.026,-1,Echolocation,/mnt/ubna_data_01_mir/recover-20220825/UBNA_002/20220823_033000.WAV,Telephone Field,recover-20220825,002,1795
1566.9015,1566.9105,28046,42375,Eptesicus serotinus,0.009,0.023,-1,Echolocation,/mnt/ubna_data_01_mir/recover-20220825/UBNA_002/20220823_033000.WAV,Telephone Field,recover-20220825,002,1795
1566.9205,1566.9568,68437,80684,Rhinolophus ferrumequinum,0.022,0.022,-1,Echolocation,/mnt/ubna_data_01_mir/recover-20220825/UBNA_002/20220823_033000.WAV,Telephone Field,recover-20220825,002,1795
1566.9285,1566.9692,68437,82483,Rhinolophus ferrumequinum,0.024,0.024,-1,Echolocation,/mnt/ubna_data_01_mir/recover-20220825/UBNA_002/20220823_033000.WAV,Telephone Field,recover-20220825,002,1795
1566.9335,1566.9413,26328,38606,Eptesicus serotinus,0.006,0.022,-1,Echolocation,/mnt/ubna_data_01_mir/recover-20220825/UBNA_002/20220823_033000.WAV,Telephone Field,recover-20220825,002,1795
1566.9865,1567.0259,68437,82825,Rhinolophus ferrumequinum,0.032,0.032,-1,Echolocation,/mnt/ubna_data_01_mir/recover-20220825/UBNA_002/20220823_033000.WAV,Telephone Field,recover-20220825,002,1795
1566.9935,1567.0344,68437,82456,Rhinolophus ferrumequinum,0.027,0.027,-1,Echolocation,/mnt/ubna_data_01_mir/recover-20220825/UBNA_002/20220823_033000.WAV,Telephone Field,recover-20220825,002,1795
1567.0385,1567.0753,68437,81390,Rhinolophus ferrumequinum,0.021,0.021,-1,Echolocation,/mnt/ubna_data_01_mir/recover-20220825/UBNA_002/20220823_033000.WAV,Telephone Field,recover-20220825,002,1795
1567.0735,1567.1116,68437,82128,Rhinolophus ferrumequinum,0.035,0.035,-1,Echolocation,/mnt/ubna_data_01_mir/recover-20220825/UBNA_002/20220823_033000.WAV,Telephone Field,recover-20220825,002,1795
1567.0875,1567.1258,68437,81833,Rhinolophus ferrumequinum,0.023,0.024,-1,Echolocation,/mnt/ubna_data_01_mir/recover-20220825/UBNA_002/20220823_033000.WAV,Telephone Field,recover-20220825,002,1795
1567.1115,1567.1486,68437,82336,Rhinolophus ferrumequinum,0.023,0.023,-1,Echolocation,/mnt/ubna_data_01_mir/recover-20220825/UBNA_002/20220823_033000.WAV,Telephone Field,recover-20220825,002,1795
1567.1595,1567.1961,68437,80672,Rhinolophus ferrumequinum,0.021,0.021,-1,Echolocation,/mnt/ubna_data_01_mir/recover-20220825/UBNA_002/20220823_033000.WAV,Telephone Field,recover-20220825,002,1795
1567.2195,1567.2598,68437,82357,Rhinolophus ferrumequinum,0.022,0.022,-1,Echolocation,/mnt/ubna_data_01_mir/recover-20220825/UBNA_002/20220823_033000.WAV,Telephone Field,recover-20220825,002,1795
1567.2505,1567.2892,68437,82070,Rhinolophus ferrumequinum,0.02,0.02,-1,Echolocation,/mnt/ubna_data_01_mir/recover-20220825/UBNA_002/20220823_033000.WAV,Telephone Field,recover-20220825,002,1795
1567.2705,1567.3078,68437,81853,Rhinolophus ferrumequinum,0.022,0.022,-1,Echolocation,/mnt/ubna_data_01_mir/recover-20220825/UBNA_002/20220823_033000.WAV,Telephone Field,recover-20220825,002,1795
1567.3135,1567.3297,22031,26046,Nyctalus leisleri,0.028,0.053,-1,Echolocation,/mnt/ubna_data_01_mir/recover-20220825/UBNA_002/20220823_033000.WAV,Telephone Field,recover-20220825,002,1795
1567.3985,1567.438,68437,82000,Rhinolophus ferrumequinum,0.021,0.022,-1,Echolocation,/mnt/ubna_data_01_mir/recover-20220825/UBNA_002/20220823_033000.WAV,Telephone Field,recover-20220825,002,1795
1567.4155,1567.4534,68437,81474,Rhinolophus ferrumequinum,0.022,0.022,-1,Echolocation,/mnt/ubna_data_01_mir/recover-20220825/UBNA_002/20220823_033000.WAV,Telephone Field,recover-20220825,002,1795
1567.4815,1567.5145,68437,81172,Rhinolophus ferrumequinum,0.021,0.021,-1,Echolocation,/mnt/ubna_data_01_mir/recover-20220825/UBNA_002/20220823_033000.WAV,Telephone Field,recover-20220825,002,1795
1567.4955,1567.5337,68437,81778,Rhinolophus ferrumequinum,0.026,0.026,-1,Echolocation,/mnt/ubna_data_01_mir/recover-20220825/UBNA_002/20220823_033000.WAV,Telephone Field,recover-20220825,002,1795
1567.5015,1567.5113,22890,28723,Nyctalus leisleri,0.007,0.021,-1,Echolocation,/mnt/ubna_data_01_mir/recover-20220825/UBNA_002/20220823_033000.WAV,Telephone Field,recover-20220825,002,1795
1567.5285,1567.5364,28906,37842,Eptesicus serotinus,0.007,0.022,-1,Echolocation,/mnt/ubna_data_01_mir/recover-20220825/UBNA_002/20220823_033000.WAV,Telephone Field,recover-20220825,002,1795
1567.5545,1567.5926,68437,81856,Rhinolophus ferrumequinum,0.023,0.023,-1,Echolocation,/mnt/ubna_data_01_mir/recover-20220825/UBNA_002/20220823_033000.WAV,Telephone Field,recover-20220825,002,1795
1567.6015,1567.6094,28046,40968,Eptesicus serotinus,0.007,0.021,-1,Echolocation,/mnt/ubna_data_01_mir/recover-20220825/UBNA_002/20220823_033000.WAV,Telephone Field,recover-20220825,002,1795
1567.6225,1567.6606,68437,81358,Rhinolophus ferrumequinum,0.021,0.021,-1,Echolocation,/mnt/ubna_data_01_mir/recover-20220825/UBNA_002/20220823_033000.WAV,Telephone Field,recover-20220825,002,1795
1567.6885,1567.7,25468,31604,Nyctalus leisleri,0.008,0.023,-1,Echolocation,/mnt/ubna_data_01_mir/recover-20220825/UBNA_002/20220823_033000.WAV,Telephone Field,recover-20220825,002,1795
1567.7175,1567.7575,68437,82387,Rhinolophus ferrumequinum,0.021,0.021,-1,Echolocation,/mnt/ubna_data_01_mir/recover-20220825/UBNA_002/20220823_033000.WAV,Telephone Field,recover-20220825,002,1795
1567.7365,1567.7746,68437,81609,Rhinolophus ferrumequinum,0.021,0.021,-1,Echolocation,/mnt/ubna_data_01_mir/recover-20220825/UBNA_002/20220823_033000.WAV,Telephone Field,recover-20220825,002,1795
1567.7415,1567.7499,23750,32217,Plecotus austriacus,0.009,0.024,-1,Echolocation,/mnt/ubna_data_01_mir/recover-20220825/UBNA_002/20220823_033000.WAV,Telephone Field,recover-20220825,002,1795
1567.7715,1567.7816,39218,43091,Pipistrellus nathusii,0.027,0.046,-1,Echolocation,/mnt/ubna_data_01_mir/recover-20220825/UBNA_002/20220823_033000.WAV,Telephone Field,recover-20220825,002,1795
1567.7785,1567.7887,22031,27196,Nyctalus leisleri,0.009,0.021,-1,Echolocation,/mnt/ubna_data_01_mir/recover-20220825/UBNA_002/20220823_033000.WAV,Telephone Field,recover-20220825,002,1795
1567.7785,1567.8176,68437,81654,Rhinolophus ferrumequinum,0.022,0.022,-1,Echolocation,/mnt/ubna_data_01_mir/recover-20220825/UBNA_002/20220823_033000.WAV,Telephone Field,recover-20220825,002,1795
1567.8115,1567.823,22890,27439,Nyctalus leisleri,0.011,0.021,-1,Echolocation,/mnt/ubna_data_01_mir/recover-20220825/UBNA_002/20220823_033000.WAV,Telephone Field,recover-20220825,002,1795
1567.8395,1567.8755,68437,81737,Rhinolophus ferrumequinum,0.021,0.021,-1,Echolocation,/mnt/ubna_data_01_mir/recover-20220825/UBNA_002/20220823_033000.WAV,Telephone Field,recover-20220825,002,1795
1567.8525,1567.8907,68437,82439,Rhinolophus ferrumequinum,0.021,0.021,-1,Echolocation,/mnt/ubna_data_01_mir/recover-20220825/UBNA_002/20220823_033000.WAV,Telephone Field,recover-20220825,002,1795
1567.8755,1567.8852,28906,37432,Eptesicus serotinus,0.009,0.023,-1,Echolocation,/mnt/ubna_data_01_mir/recover-20220825/UBNA_002/20220823_033000.WAV,Telephone Field,recover-20220825,002,1795
1567.9045,1567.9461,68437,82360,Rhinolophus ferrumequinum,0.021,0.021,-1,Echolocation,/mnt/ubna_data_01_mir/recover-20220825/UBNA_002/20220823_033000.WAV,Telephone Field,recover-20220825,002,1795
1567.9105,1567.9177,28046,41022,Eptesicus serotinus,0.007,0.025,-1,Echolocation,/mnt/ubna_data_01_mir/recover-20220825/UBNA_002/20220823_033000.WAV,Telephone Field,recover-20220825,002,1795
1567.9185,1567.9527,68437,81628,Rhinolophus ferrumequinum,0.021,0.021,-1,Echolocation,/mnt/ubna_data_01_mir/recover-20220825/UBNA_002/20220823_033000.WAV,Telephone Field,recover-20220825,002,1795
1567.9425,1567.9554,25468,30915,Nyctalus leisleri,0.009,0.022,-1,Echolocation,/mnt/ubna_data_01_mir/recover-20220825/UBNA_002/20220823_033000.WAV,Telephone Field,recover-20220825,002,1795
1567.9445,1567.9547,55546,59654,Pipistrellus pygmaeus,0.02,0.021,-1,Echolocation,/mnt/ubna_data_01_mir/recover-20220825/UBNA_002/20220823_033000.WAV,Telephone Field,recover-20220825,002,1795
1567.9515,1567.9602,27187,38523,Eptesicus serotinus,0.008,0.023,-1,Echolocation,/mnt/ubna_data_01_mir/recover-20220825/UBNA_002/20220823_033000.WAV,Telephone Field,recover-20220825,002,1795
1567.9715,1567.9792,28046,40455,Eptesicus serotinus,0.006,0.02,-1,Echolocation,/mnt/ubna_data_01_mir/recover-20220825/UBNA_002/20220823_033000.WAV,Telephone Field,recover-20220825,002,1795
1568.0015,1568.0137,22031,27157,Nyctalus leisleri,0.014,0.033,-1,Echolocation,/mnt/ubna_data_01_mir/recover-20220825/UBNA_002/20220823_033000.WAV,Telephone Field,recover-20220825,002,1795
1568.0585,1568.0656,28046,38612,Eptesicus serotinus,0.006,0.022,-1,Echolocation,/mnt/ubna_data_01_mir/recover-20220825/UBNA_002/20220823_033000.WAV,Telephone Field,recover-20220825,002,1795
1568.0725,1568.1093,68437,81669,Rhinolophus ferrumequinum,0.022,0.022,-1,Echolocation,/mnt/ubna_data_01_mir/recover-20220825/UBNA_002/20220823_033000.WAV,Telephone Field,recover-20220825,002,1795
1568.0795,1568.0895,49531,53627,Pipistrellus pipistrellus,0.028,0.032,-1,Echolocation,/mnt/ubna_data_01_mir/recover-20220825/UBNA_002/20220823_033000.WAV,Telephone Field,recover-20220825,002,1795
1568.1005,1568.1396,68437,82280,Rhinolophus ferrumequinum,0.024,0.024,-1,Echolocation,/mnt/ubna_data_01_mir/recover-20220825/UBNA_002/20220823_033000.WAV,Telephone Field,recover-20220825,002,1795
1568.1065,1568.1141,28046,39510,Eptesicus serotinus,0.006,0.023,-1,Echolocation,/mnt/ubna_data_01_mir/recover-20220825/UBNA_002/20220823_033000.WAV,Telephone Field,recover-20220825,002,1795
1568.1125,1568.1228,22890,28084,Nyctalus leisleri,0.01,0.022,-1,Echolocation,/mnt/ubna_data_01_mir/recover-20220825/UBNA_002/20220823_033000.WAV,Telephone Field,recover-20220825,002,1795
1568.1565,1568.1647,47812,52641,Pipistrellus pipistrellus,0.029,0.031,-1,Echolocation,/mnt/ubna_data_01_mir/recover-20220825/UBNA_002/20220823_033000.WAV,Telephone Field,recover-20220825,002,1795
1568.1575,1568.1943,68437,81197,Rhinolophus ferrumequinum,0.022,0.022,-1,Echolocation,/mnt/ubna_data_01_mir/recover-20220825/UBNA_002/20220823_033000.WAV,Telephone Field,recover-20220825,002,1795
1568.1885,1568.1987,27187,35224,Eptesicus serotinus,0.01,0.023,-1,Echolocation,/mnt/ubna_data_01_mir/recover-20220825/UBNA_002/20220823_033000.WAV,Telephone Field,recover-20220825,002,1795
1568.1915,1568.2293,68437,82442,Rhinolophus ferrumequinum,0.024,0.024,-1,Echolocation,/mnt/ubna_data_01_mir/recover-20220825/UBNA_002/20220823_033000.WAV,Telephone Field,recover-20220825,002,1795
1568.2415,1568.2807,68437,81448,Rhinolophus ferrumequinum,0.021,0.021,-1,Echolocation,/mnt/ubna_data_01_mir/recover-20220825/UBNA_002/20220823_033000.WAV,Telephone Field,recover-20220825,002,1795
1568.2715,1568.2792,27187,39052,Eptesicus serotinus,0.007,0.023,-1,Echolocation,/mnt/ubna_data_01_mir/recover-20220825/UBNA_002/20220823_033000.WAV,Telephone Field,recover-20220825,002,1795
1568.3075,1568.3187,25468,31575,Nyctalus leisleri,0.01,0.025,-1,Echolocation,/mnt/ubna_data_01_mir/recover-20220825/UBNA_002/20220823_033000.WAV,Telephone Field,recover-20220825,002,1795
1568.3075,1568.3152,46953,51047,Pipistrellus pipistrellus,0.022,0.024,-1,Echolocation,/mnt/ubna_data_01_mir/recover-20220825/UBNA_002/20220823_033000.WAV,Telephone Field,recover-20220825,002,1795
1568.3415,1568.3788,68437,81150,Rhinolophus ferrumequinum,0.025,0.026,-1,Echolocation,/mnt/ubna_data_01_mir/recover-20220825/UBNA_002/20220823_033000.WAV,Telephone Field,recover-20220825,002,1795
1568.3715,1568.3792,28046,38558,Eptesicus serotinus,0.006,0.021,-1,Echolocation,/mnt/ubna_data_01_mir/recover-20220825/UBNA_002/20220823_033000.WAV,Telephone Field,recover-20220825,002,1795
1568.4215,1568.4299,27187,35663,Eptesicus serotinus,0.01,0.024,-1,Echolocation,/mnt/ubna_data_01_mir/recover-20220825/UBNA_002/20220823_033000.WAV,Telephone Field,recover-20220825,002,1795
1568.4365,1568.4762,68437,81986,Rhinolophus ferrumequinum,0.023,0.023,-1,Echolocation,/mnt/ubna_data_01_mir/recover-20220825/UBNA_002/20220823_033000.WAV,Telephone Field,recover-20220825,002,1795
1568.4765,1568.515,68437,82414,Rhinolophus ferrumequinum,0.021,0.021,-1,Echolocation,/mnt/ubna_data_01_mir/recover-20220825/UBNA_002/20220823_033000.WAV,Telephone Field,recover-20220825,002,1795
1568.4825,1568.5209,68437,82593,Rhinolophus ferrumequinum,0.021,0.021,-1,Echolocation,/mnt/ubna_data_01_mir/recover-20220825/UBNA_002/20220823_033000.WAV,Telephone Field,recover-20220825,002,1795
1568.5055,1568.5433,68437,81737,Rhinolophus ferrumequinum,0.021,0.021,-1,Echolocation,/mnt/ubna_data_01_mir/recover-20220825/UBNA_002/20220823_033000.WAV,Telephone Field,recover-20220825,002,1795
1568.5095,1568.5189,25468,33580,Eptesicus serotinus,0.007,0.025,-1,Echolocation,/mnt/ubna_data_01_mir/recover-20220825/UBNA_002/20220823_033000.WAV,Telephone Field,recover-20220825,002,1795
1568.5245,1568.5627,68437,81873,Rhinolophus ferrumequinum,0.021,0.021,-1,Echolocation,/mnt/ubna_data_01_mir/recover-20220825/UBNA_002/20220823_033000.WAV,Telephone Field,recover-20220825,002,1795
1568.5495,1568.5588,23750,30821,Plecotus austriacus,0.007,0.024,-1,Echolocation,/mnt/ubna_data_01_mir/recover-20220825/UBNA_002/20220823_033000.WAV,Telephone Field,recover-20220825,002,1795
1568.5755,1568.6176,68437,82653,Rhinolophus ferrumequinum,0.022,0.022,-1,Echolocation,/mnt/ubna_data_01_mir/recover-20220825/UBNA_002/20220823_033000.WAV,Telephone Field,recover-20220825,002,1795
1568.5835,1568.6232,68437,83032,Rhinolophus ferrumequinum,0.023,0.023,-1,Echolocation,/mnt/ubna_data_01_mir/recover-20220825/UBNA_002/20220823_033000.WAV,Telephone Field,recover-20220825,002,1795
1568.5835,1568.5946,22890,27327,Nyctalus leisleri,0.013,0.023,-1,Echolocation,/mnt/ubna_data_01_mir/recover-20220825/UBNA_002/20220823_033000.WAV,Telephone Field,recover-20220825,002,1795
1568.6105,1568.6191,28046,37503,Eptesicus serotinus,0.008,0.023,-1,Echolocation,/mnt/ubna_data_01_mir/recover-20220825/UBNA_002/20220823_033000.WAV,Telephone Field,recover-20220825,002,1795
1568.6485,1568.6569,28046,39291,Eptesicus serotinus,0.008,0.024,-1,Echolocation,/mnt/ubna_data_01_mir/recover-20220825/UBNA_002/20220823_033000.WAV,Telephone Field,recover-20220825,002,1795
1568.6685,1568.7095,68437,82379,Rhinolophus ferrumequinum,0.024,0.024,-1,Echolocation,/mnt/ubna_data_01_mir/recover-20220825/UBNA_002/20220823_033000.WAV,Telephone Field,recover-20220825,002,1795
1568.7265,1568.7356,28906,38538,Eptesicus serotinus,0.008,0.021,-1,Echolocation,/mnt/ubna_data_01_mir/recover-20220825/UBNA_002/20220823_033000.WAV,Telephone Field,recover-20220825,002,1795
1568.7515,1568.7907,68437,81758,Rhinolophus ferrumequinum,0.025,0.025,-1,Echolocation,/mnt/ubna_data_01_mir/recover-20220825/UBNA_002/20220823_033000.WAV,Telephone Field,recover-20220825,002,1795
1568.7765,1568.7852,43515,52914,Pipistrellus pipistrellus,0.013,0.026,-1,Echolocation,/mnt/ubna_data_01_mir/recover-20220825/UBNA_002/20220823_033000.WAV,Telephone Field,recover-20220825,002,1795
1568.8265,1568.8636,68437,81477,Rhinolophus ferrumequinum,0.022,0.023,-1,Echolocation,/mnt/ubna_data_01_mir/recover-20220825/UBNA_002/20220823_033000.WAV,Telephone Field,recover-20220825,002,1795
1568.8625,1568.8705,28046,37784,Eptesicus serotinus,0.009,0.028,-1,Echolocation,/mnt/ubna_data_01_mir/recover-20220825/UBNA_002/20220823_033000.WAV,Telephone Field,recover-20220825,002,1795
1568.8855,1568.9211,68437,81189,Rhinolophus ferrumequinum,0.021,0.021,-1,Echolocation,/mnt/ubna_data_01_mir/recover-20220825/UBNA_002/20220823_033000.WAV,Telephone Field,recover-20220825,002,1795
1568.8855,1568.8921,27187,39943,Eptesicus serotinus,0.006,0.023,-1,Echolocation,/mnt/ubna_data_01_mir/recover-20220825/UBNA_002/20220823_033000.WAV,Telephone Field,recover-20220825,002,1795
1568.9055,1568.9168,26328,32234,Eptesicus serotinus,0.011,0.025,-1,Echolocation,/mnt/ubna_data_01_mir/recover-20220825/UBNA_002/20220823_033000.WAV,Telephone Field,recover-20220825,002,1795
1568.9065,1568.9432,68437,80560,Rhinolophus ferrumequinum,0.022,0.022,-1,Echolocation,/mnt/ubna_data_01_mir/recover-20220825/UBNA_002/20220823_033000.WAV,Telephone Field,recover-20220825,002,1795
1568.9615,1568.9989,68437,82491,Rhinolophus ferrumequinum,0.021,0.021,-1,Echolocation,/mnt/ubna_data_01_mir/recover-20220825/UBNA_002/20220823_033000.WAV,Telephone Field,recover-20220825,002,1795
1568.9875,1569.0297,68437,82884,Rhinolophus ferrumequinum,0.024,0.024,-1,Echolocation,/mnt/ubna_data_01_mir/recover-20220825/UBNA_002/20220823_033000.WAV,Telephone Field,recover-20220825,002,1795
1568.9895,1568.9983,28046,37202,Eptesicus serotinus,0.008,0.021,-1,Echolocation,/mnt/ubna_data_01_mir/recover-20220825/UBNA_002/20220823_033000.WAV,Telephone Field,recover-20220825,002,1795
1569.0025,1569.011,28046,38451,Eptesicus serotinus,0.008,0.025,-1,Echolocation,/mnt/ubna_data_01_mir/recover-20220825/UBNA_002/20220823_033000.WAV,Telephone Field,recover-20220825,002,1795
1569.0175,1569.0614,68437,83032,Rhinolophus ferrumequinum,0.035,0.035,-1,Echolocation,/mnt/ubna_data_01_mir/recover-20220825/UBNA_002/20220823_033000.WAV,Telephone Field,recover-20220825,002,1795
1569.0675,1569.1043,68437,82103,Rhinolophus ferrumequinum,0.023,0.023,-1,Echolocation,/mnt/ubna_data_01_mir/recover-20220825/UBNA_002/20220823_033000.WAV,Telephone Field,recover-20220825,002,1795
1569.0695,1569.0767,25468,34809,Eptesicus serotinus,0.005,0.021,-1,Echolocation,/mnt/ubna_data_01_mir/recover-20220825/UBNA_002/20220823_033000.WAV,Telephone Field,recover-20220825,002,1795
1569.0935,1569.1134,20312,23535,Nyctalus leisleri,0.013,0.024,-1,Echolocation,/mnt/ubna_data_01_mir/recover-20220825/UBNA_002/20220823_033000.WAV,Telephone Field,recover-20220825,002,1795
1569.0985,1569.136,68437,81558,Rhinolophus ferrumequinum,0.021,0.021,-1,Echolocation,/mnt/ubna_data_01_mir/recover-20220825/UBNA_002/20220823_033000.WAV,Telephone Field,recover-20220825,002,1795
1569.1015,1569.1126,22890,27649,Nyctalus leisleri,0.012,0.023,-1,Echolocation,/mnt/ubna_data_01_mir/recover-20220825/UBNA_002/20220823_033000.WAV,Telephone Field,recover-20220825,002,1795
1569.1195,1569.157,68437,81456,Rhinolophus ferrumequinum,0.023,0.023,-1,Echolocation,/mnt/ubna_data_01_mir/recover-20220825/UBNA_002/20220823_033000.WAV,Telephone Field,recover-20220825,002,1795
1569.1235,1569.1327,44375,54262,Pipistrellus pipistrellus,0.018,0.027,-1,Echolocation,/mnt/ubna_data_01_mir/recover-20220825/UBNA_002/20220823_033000.WAV,Telephone Field,recover-20220825,002,1795
1569.1365,1569.1749,68437,82581,Rhinolophus ferrumequinum,0.024,0.024,-1,Echolocation,/mnt/ubna_data_01_mir/recover-20220825/UBNA_002/20220823_033000.WAV,Telephone Field,recover-20220825,002,1795
1569.1525,1569.1972,68437,83206,Rhinolophus ferrumequinum,0.029,0.029,-1,Echolocation,/mnt/ubna_data_01_mir/recover-20220825/UBNA_002/20220823_033000.WAV,Telephone Field,recover-20220825,002,1795
1569.1925,1569.2318,68437,81945,Rhinolophus ferrumequinum,0.021,0.021,-1,Echolocation,/mnt/ubna_data_01_mir/recover-20220825/UBNA_002/20220823_033000.WAV,Telephone Field,recover-20220825,002,1795
1569.2385,1569.2464,28046,39868,Eptesicus serotinus,0.008,0.024,-1,Echolocation,/mnt/ubna_data_01_mir/recover-20220825/UBNA_002/20220823_033000.WAV,Telephone Field,recover-20220825,002,1795
1569.2765,1569.3127,68437,81630,Rhinolophus ferrumequinum,0.031,0.031,-1,Echolocation,/mnt/ubna_data_01_mir/recover-20220825/UBNA_002/20220823_033000.WAV,Telephone Field,recover-20220825,002,1795
1569.2955,1569.3094,22031,26690,Nyctalus leisleri,0.017,0.033,-1,Echolocation,/mnt/ubna_data_01_mir/recover-20220825/UBNA_002/20220823_033000.WAV,Telephone Field,recover-20220825,002,1795
1569.3055,1569.3459,68437,82721,Rhinolophus ferrumequinum,0.023,0.023,-1,Echolocation,/mnt/ubna_data_01_mir/recover-20220825/UBNA_002/20220823_033000.WAV,Telephone Field,recover-20220825,002,1795
1569.3305,1569.34,24609,31994,Nyctalus leisleri,0.007,0.022,-1,Echolocation,/mnt/ubna_data_01_mir/recover-20220825/UBNA_002/20220823_033000.WAV,Telephone Field,recover-20220825,002,1795
1569.3505,1569.3858,68437,81581,Rhinolophus ferrumequinum,0.022,0.022,-1,Echolocation,/mnt/ubna_data_01_mir/recover-20220825/UBNA_002/20220823_033000.WAV,Telephone Field,recover-20220825,002,1795
1569.3805,1569.3868,28046,39173,Eptesicus serotinus,0.005,0.021,-1,Echolocation,/mnt/ubna_data_01_mir/recover-20220825/UBNA_002/20220823_033000.WAV,Telephone Field,recover-20220825,002,1795
1569.3815,1569.4184,68437,81263,Rhinolophus ferrumequinum,0.021,0.021,-1,Echolocation,/mnt/ubna_data_01_mir/recover-20220825/UBNA_002/20220823_033000.WAV,Telephone Field,recover-20220825,002,1795
1569.3935,1569.4304,68437,81903,Rhinolophus ferrumequinum,0.026,0.026,-1,Echolocation,/mnt/ubna_data_01_mir/recover-20220825/UBNA_002/20220823_033000.WAV,Telephone Field,recover-20220825,002,1795
1569.3975,1569.4052,43515,49811,Pipistrellus pipistrellus,0.022,0.049,-1,Echolocation,/mnt/ubna_data_01_mir/recover-20220825/UBNA_002/20220823_033000.WAV,Telephone Field,recover-20220825,002,1795
1569.4215,1569.458,68437,82193,Rhinolophus ferrumequinum,0.022,0.022,-1,Echolocation,/mnt/ubna_data_01_mir/recover-20220825/UBNA_002/20220823_033000.WAV,Telephone Field,recover-20220825,002,1795
1569.4385,1569.4799,68437,82960,Rhinolophus ferrumequinum,0.025,0.025,-1,Echolocation,/mnt/ubna_data_01_mir/recover-20220825/UBNA_002/20220823_033000.WAV,Telephone Field,recover-20220825,002,1795
1569.4435,1569.456,55546,59965,Pipistrellus pygmaeus,0.057,0.059,-1,Echolocation,/mnt/ubna_data_01_mir/recover-20220825/UBNA_002/20220823_033000.WAV,Telephone Field,recover-20220825,002,1795
1569.4595,1569.4986,68437,82084,Rhinolophus ferrumequinum,0.022,0.022,-1,Echolocation,/mnt/ubna_data_01_mir/recover-20220825/UBNA_002/20220823_033000.WAV,Telephone Field,recover-20220825,002,1795
1569.4635,1569.4713,28046,38660,Eptesicus serotinus,0.008,0.024,-1,Echolocation,/mnt/ubna_data_01_mir/recover-20220825/UBNA_002/20220823_033000.WAV,Telephone Field,recover-20220825,002,1795
1569.4765,1569.5183,68437,83139,Rhinolophus ferrumequinum,0.023,0.023,-1,Echolocation,/mnt/ubna_data_01_mir/recover-20220825/UBNA_002/20220823_033000.WAV,Telephone Field,recover-20220825,002,1795
1569.4995,1569.5124,22890,27944,Nyctalus leisleri,0.011,0.022,-1,Echolocation,/mnt/ubna_data_01_mir/recover-20220825/UBNA_002/20220823_033000.WAV,Telephone Field,recover-20220825,002,1795
1569.5035,1569.5179,58125,63908,Pipistrellus pygmaeus,0.025,0.026,-1,Echolocation,/mnt/ubna_data_01_mir/recover-20220825/UBNA_002/20220823_033000.WAV,Telephone Field,recover-20220825,002,1795
1569.5115,1569.5236,40937,45010,Pipistrellus nathusii,0.011,0.029,-1,Echolocation,/mnt/ubna_data_01_mir/recover-20220825/UBNA_002/20220823_033000.WAV,Telephone Field,recover-20220825,002,1795
1569.5125,1569.5198,28046,39233,Eptesicus serotinus,0.007,0.022,-1,Echolocation,/mnt/ubna_data_01_mir/recover-20220825/UBNA_002/20220823_033000.WAV,Telephone Field,recover-20220825,002,1795
1569.5455,1569.553,27187,39740,Eptesicus serotinus,0.007,0.025,-1,Echolocation,/mnt/ubna_data_01_mir/recover-20220825/UBNA_002/20220823_033000.WAV,Telephone Field,recover-20220825,002,1795
1569.5545,1569.5629,24609,32213,Plecotus austriacus,0.007,0.022,-1,Echolocation,/mnt/ubna_data_01_mir/recover-20220825/UBNA_002/20220823_033000.WAV,Telephone Field,recover-20220825,002,1795
1569.5805,1569.6214,68437,82923,Rhinolophus ferrumequinum,0.023,0.023,-1,Echolocation,/mnt/ubna_data_01_mir/recover-20220825/UBNA_002/20220823_033000.WAV,Telephone Field,recover-20220825,002,1795
1569.5825,1569.5899,28046,40245,Eptesicus serotinus,0.009,0.029,-1,Echolocation,/mnt/ubna_data_01_mir/recover-20220825/UBNA_002/20220823_033000.WAV,Telephone Field,recover-20220825,002,1795
1569.5995,1569.6361,68437,82527,Rhinolophus ferrumequinum,0.022,0.022,-1,Echolocation,/mnt/ubna_data_01_mir/recover-20220825/UBNA_002/20220823_033000.WAV,Telephone Field,recover-20220825,002,1795
1569.6595,1569.6681,28046,37071,Eptesicus serotinus,0.008,0.023,-1,Echolocation,/mnt/ubna_data_01_mir/recover-20220825/UBNA_002/20220823_033000.WAV,Telephone Field,recover-20220825,002,1795
1569.6705,1569.7111,68437,82461,Rhinolophus ferrumequinum,0.023,0.024,-1,Echolocation,/mnt/ubna_data_01_mir/recover-20220825/UBNA_002/20220823_033000.WAV,Telephone Field,recover-20220825,002,1795
1569.6825,1569.6979,22890,28037,Nyctalus leisleri,0.019,0.039,-1,Echolocation,/mnt/ubna_data_01_mir/recover-20220825/UBNA_002/20220823_033000.WAV,Telephone Field,recover-20220825,002,1795
1569.6975,1569.7385,68437,82742,Rhinolophus ferrumequinum,0.025,0.025,-1,Echolocation,/mnt/ubna_data_01_mir/recover-20220825/UBNA_002/20220823_033000.WAV,Telephone Field,recover-20220825,002,1795
1569.7505,1569.7608,23750,29854,Nyctalus leisleri,0.008,0.022,-1,Echolocation,/mnt/ubna_data_01_mir/recover-20220825/UBNA_002/20220823_033000.WAV,Telephone Field,recover-20220825,002,1795
1569.7565,1569.7663,25468,31966,Nyctalus leisleri,0.008,0.023,-1,Echolocation,/mnt/ubna_data_01_mir/recover-20220825/UBNA_002/20220823_033000.WAV,Telephone Field,recover-20220825,002,1795
1569.7595,1569.7973,68437,82282,Rhinolophus ferrumequinum,0.027,0.027,-1,Echolocation,/mnt/ubna_data_01_mir/recover-20220825/UBNA_002/20220823_033000.WAV,Telephone Field,recover-20220825,002,1795
1569.7825,1569.7922,22890,29150,Nyctalus leisleri,0.009,0.024,-1,Echolocation,/mnt/ubna_data_01_mir/recover-20220825/UBNA_002/20220823_033000.WAV,Telephone Field,recover-20220825,002,1795
1569.7935,1569.8127,18593,21967,Nyctalus noctula,0.019,0.032,-1,Echolocation,/mnt/ubna_data_01_mir/recover-20220825/UBNA_002/20220823_033000.WAV,Telephone Field,recover-20220825,002,1795
1569.8075,1569.847,68437,83138,Rhinolophus ferrumequinum,0.023,0.023,-1,Echolocation,/mnt/ubna_data_01_mir/recover-20220825/UBNA_002/20220823_033000.WAV,Telephone Field,recover-20220825,002,1795
1569.8425,1569.8809,68437,82097,Rhinolophus ferrumequinum,0.022,0.022,-1,Echolocation,/mnt/ubna_data_01_mir/recover-20220825/UBNA_002/20220823_033000.WAV,Telephone Field,recover-20220825,002,1795
1569.8765,1569.9139,68437,81451,Rhinolophus ferrumequinum,0.022,0.022,-1,Echolocation,/mnt/ubna_data_01_mir/recover-20220825/UBNA_002/20220823_033000.WAV,Telephone Field,recover-20220825,002,1795
1569.9115,1569.9221,28046,34823,Eptesicus serotinus,0.009,0.021,-1,Echolocation,/mnt/ubna_data_01_mir/recover-20220825/UBNA_002/20220823_033000.WAV,Telephone Field,recover-20220825,002,1795
1569.9135,1569.9546,68437,83244,Rhinolophus ferrumequinum,0.032,0.032,-1,Echolocation,/mnt/ubna_data_01_mir/recover-20220825/UBNA_002/20220823_033000.WAV,Telephone Field,recover-20220825,002,1795
1569.9475,1569.983,68437,81198,Rhinolophus ferrumequinum,0.021,0.021,-1,Echolocation,/mnt/ubna_data_01_mir/recover-20220825/UBNA_002/20220823_033000.WAV,Telephone Field,recover-20220825,002,1795
1569.9475,1569.9674,20312,23457,Nyctalus leisleri,0.019,0.034,-1,Echolocation,/mnt/ubna_data_01_mir/recover-20220825/UBNA_002/20220823_033000.WAV,Telephone Field,recover-20220825,002,1795
1569.9685,1569.9762,28046,37638,Eptesicus serotinus,0.006,0.022,-1,Echolocation,/mnt/ubna_data_01_mir/recover-20220825/UBNA_002/20220823_033000.WAV,Telephone Field,recover-20220825,002,1795
1570.0015,1570.0134,20312,25476,Nyctalus leisleri,0.012,0.028,-1,Echolocation,/mnt/ubna_data_01_mir/recover-20220825/UBNA_002/20220823_033000.WAV,Telephone Field,recover-20220825,002,1795
1570.0015,1570.0096,48671,58930,Pipistrellus pipistrellus,0.013,0.024,-1,Echolocation,/mnt/ubna_data_01_mir/recover-20220825/UBNA_002/20220823_033000.WAV,Telephone Field,recover-20220825,002,1795
1570.0015,1570.0145,57265,63256,Pipistrellus pygmaeus,0.02,0.021,-1,Echolocation,/mnt/ubna_data_01_mir/recover-20220825/UBNA_002/20220823_033000.WAV,Telephone Field,recover-20220825,002,1795
1570.0015,1570.0338,68437,80096,Rhinolophus ferrumequinum,0.035,0.035,-1,Echolocation,/mnt/ubna_data_01_mir/recover-20220825/UBNA_002/20220823_033000.WAV,Telephone Field,recover-20220825,002,1795
1570.0075,1570.0185,22890,27169,Nyctalus leisleri,0.011,0.022,-1,Echolocation,/mnt/ubna_data_01_mir/recover-20220825/UBNA_002/20220823_033000.WAV,Telephone Field,recover-20220825,002,1795
1570.0095,1570.0526,68437,82312,Rhinolophus ferrumequinum,0.022,0.022,-1,Echolocation,/mnt/ubna_data_01_mir/recover-20220825/UBNA_002/20220823_033000.WAV,Telephone Field,recover-20220825,002,1795
1570.0175,1570.0584,68437,82885,Rhinolophus ferrumequinum,0.022,0.022,-1,Echolocation,/mnt/ubna_data_01_mir/recover-20220825/UBNA_002/20220823_033000.WAV,Telephone Field,recover-20220825,002,1795
1570.0415,1570.0773,68437,81975,Rhinolophus ferrumequinum,0.021,0.021,-1,Echolocation,/mnt/ubna_data_01_mir/recover-20220825/UBNA_002/20220823_033000.WAV,Telephone Field,recover-20220825,002,1795
1570.0855,1570.1241,68437,82226,Rhinolophus ferrumequinum,0.028,0.028,-1,Echolocation,/mnt/ubna_data_01_mir/recover-20220825/UBNA_002/20220823_033000.WAV,Telephone Field,recover-20220825,002,1795
1570.1245,1570.1335,28906,38133,Eptesicus serotinus,0.008,0.026,-1,Echolocation,/mnt/ubna_data_01_mir/recover-20220825/UBNA_002/20220823_033000.WAV,Telephone Field,recover-20220825,002,1795
1570.1625,1570.1753,23750,29000,Nyctalus leisleri,0.011,0.024,-1,Echolocation,/mnt/ubna_data_01_mir/recover-20220825/UBNA_002/20220823_033000.WAV,Telephone Field,recover-20220825,002,1795
1570.1705,1570.207,68437,81322,Rhinolophus ferrumequinum,0.022,0.022,-1,Echolocation,/mnt/ubna_data_01_mir/recover-20220825/UBNA_002/20220823_033000.WAV,Telephone Field,recover-20220825,002,1795
1570.1745,1570.185,28046,34856,Eptesicus serotinus,0.024,0.044,-1,Echolocation,/mnt/ubna_data_01_mir/recover-20220825/UBNA_002/20220823_033000.WAV,Telephone Field,recover-20220825,002,1795
1570.2025,1570.2413,68437,82069,Rhinolophus ferrumequinum,0.021,0.021,-1,Echolocation,/mnt/ubna_data_01_mir/recover-20220825/UBNA_002/20220823_033000.WAV,Telephone Field,recover-20220825,002,1795
1570.2105,1570.2468,68437,81561,Rhinolophus ferrumequinum,0.023,0.023,-1,Echolocation,/mnt/ubna_data_01_mir/recover-20220825/UBNA_002/20220823_033000.WAV,Telephone Field,recover-20220825,002,1795
1570.2165,1570.2261,22890,29927,Plecotus austriacus,0.007,0.024,-1,Echolocation,/mnt/ubna_data_01_mir/recover-20220825/UBNA_002/20220823_033000.WAV,Telephone Field,recover-20220825,002,1795
1570.2385,1570.2593,18593,21715,Nyctalus noctula,0.018,0.032,-1,Echolocation,/mnt/ubna_data_01_mir/recover-20220825/UBNA_002/20220823_033000.WAV,Telephone Field,recover-20220825,002,1795
1570.2485,1570.255,25468,39020,Myotis nattereri,0.005,0.023,-1,Echolocation,/mnt/ubna_data_01_mir/recover-20220825/UBNA_002/20220823_033000.WAV,Telephone Field,recover-20220825,002,1795
1570.2775,1570.3186,68437,82501,Rhinolophus ferrumequinum,0.024,0.024,-1,Echolocation,/mnt/ubna_data_01_mir/recover-20220825/UBNA_002/20220823_033000.WAV,Telephone Field,recover-20220825,002,1795
1570.3045,1570.3107,27187,41910,Eptesicus serotinus,0.005,0.022,-1,Echolocation,/mnt/ubna_data_01_mir/recover-20220825/UBNA_002/20220823_033000.WAV,Telephone Field,recover-20220825,002,1795
1570.3465,1570.3557,28906,36226,Eptesicus serotinus,0.007,0.021,-1,Echolocation,/mnt/ubna_data_01_mir/recover-20220825/UBNA_002/20220823_033000.WAV,Telephone Field,recover-20220825,002,1795
1570.3775,1570.4173,68437,82462,Rhinolophus ferrumequinum,0.022,0.022,-1,Echolocation,/mnt/ubna_data_01_mir/recover-20220825/UBNA_002/20220823_033000.WAV,Telephone Field,recover-20220825,002,1795
1570.4035,1570.4206,20312,23971,Nyctalus leisleri,0.016,0.031,-1,Echolocation,/mnt/ubna_data_01_mir/recover-20220825/UBNA_002/20220823_033000.WAV,Telephone Field,recover-20220825,002,1795
1570.4125,1570.4493,68437,81727,Rhinolophus ferrumequinum,0.022,0.022,-1,Echolocation,/mnt/ubna_data_01_mir/recover-20220825/UBNA_002/20220823_033000.WAV,Telephone Field,recover-20220825,002,1795
1570.4265,1570.4674,68437,82404,Rhinolophus ferrumequinum,0.022,0.022,-1,Echolocation,/mnt/ubna_data_01_mir/recover-20220825/UBNA_002/20220823_033000.WAV,Telephone Field,recover-20220825,002,1795
1570.5425,1570.5815,68437,81992,Rhinolophus ferrumequinum,0.021,0.021,-1,Echolocation,/mnt/ubna_data_01_mir/recover-20220825/UBNA_002/20220823_033000.WAV,Telephone Field,recover-20220825,002,1795
1570.5625,1570.6034,68437,82228,Rhinolophus ferrumequinum,0.024,0.024,-1,Echolocation,/mnt/ubna_data_01_mir/recover-20220825/UBNA_002/20220823_033000.WAV,Telephone Field,recover-20220825,002,1795
1570.5695,1570.5766,28906,38780,Eptesicus serotinus,0.007,0.023,-1,Echolocation,/mnt/ubna_data_01_mir/recover-20220825/UBNA_002/20220823_033000.WAV,Telephone Field,recover-20220825,002,1795
1570.5985,1570.6394,68437,82633,Rhinolophus ferrumequinum,0.022,0.022,-1,Echolocation,/mnt/ubna_data_01_mir/recover-20220825/UBNA_002/20220823_033000.WAV,Telephone Field,recover-20220825,002,1795
1570.6185,1570.6299,23750,28600,Nyctalus leisleri,0.015,0.03,-1,Echolocation,/mnt/ubna_data_01_mir/recover-20220825/UBNA_002/20220823_033000.WAV,Telephone Field,recover-20220825,002,1795
1570.6415,1570.6794,68437,82287,Rhinolophus ferrumequinum,0.025,0.025,-1,Echolocation,/mnt/ubna_data_01_mir/recover-20220825/UBNA_002/20220823_033000.WAV,Telephone Field,recover-20220825,002,1795
1570.6705,1570.6841,38359,42907,Pipistrellus nathusii,0.016,0.024,-1,Echolocation,/mnt/ubna_data_01_mir/recover-20220825/UBNA_002/20220823_033000.WAV,Telephone Field,recover-20220825,002,1795
1570.6965,1570.7365,68437,82367,Rhinolophus ferrumequinum,0.022,0.022,-1,Echolocation,/mnt/ubna_data_01_mir/recover-20220825/UBNA_002/20220823_033000.WAV,Telephone Field,recover-20220825,002,1795
1570.7155,1570.7547,68437,82714,Rhinolophus ferrumequinum,0.023,0.023,-1,Echolocation,/mnt/ubna_data_01_mir/recover-20220825/UBNA_002/20220823_033000.WAV,Telephone Field,recover-20220825,002,1795
1570.7215,1570.7605,68437,82470,Rhinolophus ferrumequinum,0.024,0.024,-1,Echolocation,/mnt/ubna_data_01_mir/recover-20220825/UBNA_002/20220823_033000.WAV,Telephone Field,recover-20220825,002,1795
1570.7275,1570.7658,68437,81903,Rhinolophus ferrumequinum,0.022,0.022,-1,Echolocation,/mnt/ubna_data_01_mir/recover-20220825/UBNA_002/20220823_033000.WAV,Telephone Field,recover-20220825,002,1795
1570.7585,1570.7663,28046,39494,Eptesicus serotinus,0.007,0.021,-1,Echolocation,/mnt/ubna_data_01_mir/recover-20220825/UBNA_002/20220823_033000.WAV,Telephone Field,recover-20220825,002,1795
1570.7775,1570.813,68437,81663,Rhinolophus ferrumequinum,0.025,0.025,-1,Echolocation,/mnt/ubna_data_01_mir/recover-20220825/UBNA_002/20220823_033000.WAV,Telephone Field,recover-20220825,002,1795
1570.7935,1570.8011,28046,38173,Eptesicus serotinus,0.007,0.022,-1,Echolocation,/mnt/ubna_data_01_mir/recover-20220825/UBNA_002/20220823_033000.WAV,Telephone Field,recover-20220825,002,1795
1570.8365,1570.8764,68437,82885,Rhinolophus ferrumequinum,0.025,0.025,-1,Echolocation,/mnt/ubna_data_01_mir/recover-20220825/UBNA_002/20220823_033000.WAV,Telephone Field,recover-20220825,002,1795
1570.8415,1570.8487,26328,39579,Eptesicus serotinus,0.006,0.023,-1,Echolocation,/mnt/ubna_data_01_mir/recover-20220825/UBNA_002/20220823_033000.WAV,Telephone Field,recover-20220825,002,1795
1570.8705,1570.9127,68437,83143,Rhinolophus ferrumequinum,0.027,0.027,-1,Echolocation,/mnt/ubna_data_01_mir/recover-20220825/UBNA_002/20220823_033000.WAV,Telephone Field,recover-20220825,002,1795
1570.8915,1570.9085,21171,24446,Nyctalus leisleri,0.023,0.038,-1,Echolocation,/mnt/ubna_data_01_mir/recover-20220825/UBNA_002/20220823_033000.WAV,Telephone Field,recover-20220825,002,1795
1570.9105,1570.9526,68437,82440,Rhinolophus ferrumequinum,0.029,0.029,-1,Echolocation,/mnt/ubna_data_01_mir/recover-20220825/UBNA_002/20220823_033000.WAV,Telephone Field,recover-20220825,002,1795
1570.9195,1570.9265,27187,39622,Eptesicus serotinus,0.006,0.022,-1,Echolocation,/mnt/ubna_data_01_mir/recover-20220825/UBNA_002/20220823_033000.WAV,Telephone Field,recover-20220825,002,1795
1570.9335,1570.9716,68437,82084,Rhinolophus ferrumequinum,0.022,0.022,-1,Echolocation,/mnt/ubna_data_01_mir/recover-20220825/UBNA_002/20220823_033000.WAV,Telephone Field,recover-20220825,002,1795
1570.9435,1570.9537,24609,32140,Eptesicus serotinus,0.007,0.022,-1,Echolocation,/mnt/ubna_data_01_mir/recover-20220825/UBNA_002/20220823_033000.WAV,Telephone Field,recover-20220825,002,1795
1570.9905,1571.0283,68437,81660,Rhinolophus ferrumequinum,0.025,0.025,-1,Echolocation,/mnt/ubna_data_01_mir/recover-20220825/UBNA_002/20220823_033000.WAV,Telephone Field,recover-20220825,002,1795
1570.9925,1571.0017,28906,40651,Eptesicus serotinus,0.009,0.024,-1,Echolocation,/mnt/ubna_data_01_mir/recover-20220825/UBNA_002/20220823_033000.WAV,Telephone Field,recover-20220825,002,1795
1571.0245,1571.0628,68437,82785,Rhinolophus ferrumequinum,0.023,0.023,-1,Echolocation,/mnt/ubna_data_01_mir/recover-20220825/UBNA_002/20220823_033000.WAV,Telephone Field,recover-20220825,002,1795
1571.0545,1571.0932,68437,82102,Rhinolophus ferrumequinum,0.024,0.024,-1,Echolocation,/mnt/ubna_data_01_mir/recover-20220825/UBNA_002/20220823_033000.WAV,Telephone Field,recover-20220825,002,1795
1571.0665,1571.0743,27187,37752,Eptesicus serotinus,0.007,0.021,-1,Echolocation,/mnt/ubna_data_01_mir/recover-20220825/UBNA_002/20220823_033000.WAV,Telephone Field,recover-20220825,002,1795
1571.0835,1571.0922,45234,51891,Pipistrellus pipistrellus,0.019,0.021,-1,Echolocation,/mnt/ubna_data_01_mir/recover-20220825/UBNA_002/20220823_033000.WAV,Telephone Field,recover-20220825,002,1795
1571.1445,1571.1808,68437,82583,Rhinolophus ferrumequinum,0.022,0.022,-1,Echolocation,/mnt/ubna_data_01_mir/recover-20220825/UBNA_002/20220823_033000.WAV,Telephone Field,recover-20220825,002,1795
1571.1455,1571.153,45234,49702,Pipistrellus pipistrellus,0.022,0.024,-1,Echolocation,/mnt/ubna_data_01_mir/recover-20220825/UBNA_002/20220823_033000.WAV,Telephone Field,recover-20220825,002,1795
1571.1695,1571.2084,68437,81971,Rhinolophus ferrumequinum,0.021,0.021,-1,Echolocation,/mnt/ubna_data_01_mir/recover-20220825/UBNA_002/20220823_033000.WAV,Telephone Field,recover-20220825,002,1795
1571.1895,1571.2258,68437,81769,Rhinolophus ferrumequinum,0.021,0.021,-1,Echolocation,/mnt/ubna_data_01_mir/recover-20220825/UBNA_002/20220823_033000.WAV,Telephone Field,recover-20220825,002,1795
1571.2075,1571.2477,68437,83093,Rhinolophus ferrumequinum,0.022,0.022,-1,Echolocation,/mnt/ubna_data_01_mir/recover-20220825/UBNA_002/20220823_033000.WAV,Telephone Field,recover-20220825,002,1795
1571.2755,1571.2828,28046,39070,Eptesicus serotinus,0.006,0.021,-1,Echolocation,/mnt/ubna_data_01_mir/recover-20220825/UBNA_002/20220823_033000.WAV,Telephone Field,recover-20220825,002,1795
1571.2995,1571.3389,68437,82643,Rhinolophus ferrumequinum,0.038,0.038,-1,Echolocation,/mnt/ubna_data_01_mir/recover-20220825/UBNA_002/20220823_033000.WAV,Telephone Field,recover-20220825,002,1795
1571.3035,1571.3109,28046,39155,Eptesicus serotinus,0.007,0.024,-1,Echolocation,/mnt/ubna_data_01_mir/recover-20220825/UBNA_002/20220823_033000.WAV,Telephone Field,recover-20220825,002,1795
1571.3115,1571.3201,28046,38143,Eptesicus serotinus,0.007,0.021,-1,Echolocation,/mnt/ubna_data_01_mir/recover-20220825/UBNA_002/20220823_033000.WAV,Telephone Field,recover-20220825,002,1795
1571.3445,1571.3847,68437,82220,Rhinolophus ferrumequinum,0.031,0.031,-1,Echolocation,/mnt/ubna_data_01_mir/recover-20220825/UBNA_002/20220823_033000.WAV,Telephone Field,recover-20220825,002,1795
1571.3655,1571.376,42656,48422,Pipistrellus pipistrellus,0.018,0.024,-1,Echolocation,/mnt/ubna_data_01_mir/recover-20220825/UBNA_002/20220823_033000.WAV,Telephone Field,recover-20220825,002,1795
1571.4025,1571.4091,28046,38979,Eptesicus serotinus,0.005,0.021,-1,Echolocation,/mnt/ubna_data_01_mir/recover-20220825/UBNA_002/20220823_033000.WAV,Telephone Field,recover-20220825,002,1795
1571.4425,1571.4509,25468,38587,Eptesicus serotinus,0.006,0.023,-1,Echolocation,/mnt/ubna_data_01_mir/recover-20220825/UBNA_002/20220823_033000.WAV,Telephone Field,recover-20220825,002,1795
1571.5245,1571.5664,68437,83058,Rhinolophus ferrumequinum,0.071,0.071,-1,Echolocation,/mnt/ubna_data_01_mir/recover-20220825/UBNA_002/20220823_033000.WAV,Telephone Field,recover-20220825,002,1795
1571.5765,1571.6119,68437,81377,Rhinolophus ferrumequinum,0.021,0.021,-1,Echolocation,/mnt/ubna_data_01_mir/recover-20220825/UBNA_002/20220823_033000.WAV,Telephone Field,recover-20220825,002,1795
1571.6095,1571.6468,68437,82067,Rhinolophus ferrumequinum,0.024,0.024,-1,Echolocation,/mnt/ubna_data_01_mir/recover-20220825/UBNA_002/20220823_033000.WAV,Telephone Field,recover-20220825,002,1795
1571.6305,1571.6667,68437,81470,Rhinolophus ferrumequinum,0.022,0.022,-1,Echolocation,/mnt/ubna_data_01_mir/recover-20220825/UBNA_002/20220823_033000.WAV,Telephone Field,recover-20220825,002,1795
1571.6755,1571.6854,28906,36993,Eptesicus serotinus,0.009,0.024,-1,Echolocation,/mnt/ubna_data_01_mir/recover-20220825/UBNA_002/20220823_033000.WAV,Telephone Field,recover-20220825,002,1795
1571.7045,1571.7421,68437,82447,Rhinolophus ferrumequinum,0.022,0.022,-1,Echolocation,/mnt/ubna_data_01_mir/recover-20220825/UBNA_002/20220823_033000.WAV,Telephone Field,recover-20220825,002,1795
1571.7285,1571.7661,68437,82078,Rhinolophus ferrumequinum,0.021,0.021,-1,Echolocation,/mnt/ubna_data_01_mir/recover-20220825/UBNA_002/20220823_033000.WAV,Telephone Field,recover-20220825,002,1795
1571.7375,1571.7438,28046,41300,Eptesicus serotinus,0.006,0.023,-1,Echolocation,/mnt/ubna_data_01_mir/recover-20220825/UBNA_002/20220823_033000.WAV,Telephone Field,recover-20220825,002,1795
1571.7705,1571.8102,68437,83185,Rhinolophus ferrumequinum,0.023,0.023,-1,Echolocation,/mnt/ubna_data_01_mir/recover-20220825/UBNA_002/20220823_033000.WAV,Telephone Field,recover-20220825,002,1795
1571.7875,1571.827,68437,82557,Rhinolophus ferrumequinum,0.023,0.023,-1,Echolocation,/mnt/ubna_data_01_mir/recover-20220825/UBNA_002/20220823_033000.WAV,Telephone Field,recover-20220825,002,1795
1571.8075,1571.8142,27187,42105,Eptesicus serotinus,0.007,0.025,-1,Echolocation,/mnt/ubna_data_01_mir/recover-20220825/UBNA_002/20220823_033000.WAV,Telephone Field,recover-20220825,002,1795
1571.8425,1571.8803,68437,82231,Rhinolophus ferrumequinum,0.022,0.022,-1,Echolocation,/mnt/ubna_data_01_mir/recover-20220825/UBNA_002/20220823_033000.WAV,Telephone Field,recover-20220825,002,1795
1571.8435,1571.8532,28046,37932,Eptesicus serotinus,0.013,0.028,-1,Echolocation,/mnt/ubna_data_01_mir/recover-20220825/UBNA_002/20220823_033000.WAV,Telephone Field,recover-20220825,002,1795
1571.9115,1571.9507,68437,82278,Rhinolophus ferrumequinum,0.025,0.025,-1,Echolocation,/mnt/ubna_data_01_mir/recover-20220825/UBNA_002/20220823_033000.WAV,Telephone Field,recover-20220825,002,1795
1571.9165,1571.9234,28046,41707,Eptesicus serotinus,0.007,0.024,-1,Echolocation,/mnt/ubna_data_01_mir/recover-20220825/UBNA_002/20220823_033000.WAV,Telephone Field,recover-20220825,002,1795
1571.9325,1571.9739,68437,82958,Rhinolophus ferrumequinum,0.034,0.034,-1,Echolocation,/mnt/ubna_data_01_mir/recover-20220825/UBNA_002/20220823_033000.WAV,Telephone Field,recover-20220825,002,1795
1571.9595,1571.9666,27187,39281,Eptesicus serotinus,0.006,0.023,-1,Echolocation,/mnt/ubna_data_01_mir/recover-20220825/UBNA_002/20220823_033000.WAV,Telephone Field,recover-20220825,002,1795
1571.9845,1571.9917,26328,38402,Eptesicus serotinus,0.006,0.024,-1,Echolocation,/mnt/ubna_data_01_mir/recover-20220825/UBNA_002/20220823_033000.WAV,Telephone Field,recover-20220825,002,1795
1572.0015,1572.0125,20312,24668,Nyctalus leisleri,0.014,0.028,-1,Echolocation,/mnt/ubna_data_01_mir/recover-20220825/UBNA_002/20220823_033000.WAV,Telephone Field,recover-20220825,002,1795
1572.0015,1572.0354,68437,79970,Rhinolophus ferrumequinum,0.034,0.034,-1,Echolocation,/mnt/ubna_data_01_mir/recover-20220825/UBNA_002/20220823_033000.WAV,Telephone Field,recover-20220825,002,1795
1572.0085,1572.0515,68437,81762,Rhinolophus ferrumequinum,0.025,0.025,-1,Echolocation,/mnt/ubna_data_01_mir/recover-20220825/UBNA_002/20220823_033000.WAV,Telephone Field,recover-20220825,002,1795
1572.0255,1572.0688,68437,82538,Rhinolophus ferrumequinum,0.023,0.023,-1,Echolocation,/mnt/ubna_data_01_mir/recover-20220825/UBNA_002/20220823_033000.WAV,Telephone Field,recover-20220825,002,1795
1572.0615,1572.0997,68437,82665,Rhinolophus ferrumequinum,0.03,0.03,-1,Echolocation,/mnt/ubna_data_01_mir/recover-20220825/UBNA_002/20220823_033000.WAV,Telephone Field,recover-20220825,002,1795
1572.0705,1572.1076,68437,81897,Rhinolophus ferrumequinum,0.023,0.023,-1,Echolocation,/mnt/ubna_data_01_mir/recover-20220825/UBNA_002/20220823_033000.WAV,Telephone Field,recover-20220825,002,1795
1572.1175,1572.1257,28906,40414,Eptesicus serotinus,0.008,0.024,-1,Echolocation,/mnt/ubna_data_01_mir/recover-20220825/UBNA_002/20220823_033000.WAV,Telephone Field,recover-20220825,002,1795
1572.1275,1572.1687,68437,82842,Rhinolophus ferrumequinum,0.025,0.025,-1,Echolocation,/mnt/ubna_data_01_mir/recover-20220825/UBNA_002/20220823_033000.WAV,Telephone Field,recover-20220825,002,1795
1572.1335,1572.1405,28046,42337,Eptesicus serotinus,0.006,0.023,-1,Echolocation,/mnt/ubna_data_01_mir/recover-20220825/UBNA_002/20220823_033000.WAV,Telephone Field,recover-20220825,002,1795
1572.1575,1572.1949,68437,82387,Rhinolophus ferrumequinum,0.024,0.024,-1,Echolocation,/mnt/ubna_data_01_mir/recover-20220825/UBNA_002/20220823_033000.WAV,Telephone Field,recover-20220825,002,1795
1572.2425,1572.2508,28906,40349,Eptesicus serotinus,0.008,0.021,-1,Echolocation,/mnt/ubna_data_01_mir/recover-20220825/UBNA_002/20220823_033000.WAV,Telephone Field,recover-20220825,002,1795
1572.2475,1572.2835,68437,82361,Rhinolophus ferrumequinum,0.022,0.022,-1,Echolocation,/mnt/ubna_data_01_mir/recover-20220825/UBNA_002/20220823_033000.WAV,Telephone Field,recover-20220825,002,1795
1572.2605,1572.3005,68437,82046,Rhinolophus ferrumequinum,0.023,0.023,-1,Echolocation,/mnt/ubna_data_01_mir/recover-20220825/UBNA_002/20220823_033000.WAV,Telephone Field,recover-20220825,002,1795
1572.2775,1572.315,68437,81876,Rhinolophus ferrumequinum,0.023,0.023,-1,Echolocation,/mnt/ubna_data_01_mir/recover-20220825/UBNA_002/20220823_033000.WAV,Telephone Field,recover-20220825,002,1795
1572.3165,1572.356,68437,82931,Rhinolophus ferrumequinum,0.027,0.027,-1,Echolocation,/mnt/ubna_data_01_mir/recover-20220825/UBNA_002/20220823_033000.WAV,Telephone Field,recover-20220825,002,1795
1572.3305,1572.3661,68437,81347,Rhinolophus ferrumequinum,0.028,0.028,-1,Echolocation,/mnt/ubna_data_01_mir/recover-20220825/UBNA_002/20220823_033000.WAV,Telephone Field,recover-20220825,002,1795
1572.3705,1572.4102,68437,82331,Rhinolophus ferrumequinum,0.022,0.022,-1,Echolocation,/mnt/ubna_data_01_mir/recover-20220825/UBNA_002/20220823_033000.WAV,Telephone Field,recover-20220825,002,1795
1572.3725,1572.3807,28906,37699,Eptesicus serotinus,0.008,0.025,-1,Echolocation,/mnt/ubna_data_01_mir/recover-20220825/UBNA_002/20220823_033000.WAV,Telephone Field,recover-20220825,002,1795
1572.3945,1572.4013,46953,52794,Pipistrellus pipistrellus,0.031,0.032,-1,Echolocation,/mnt/ubna_data_01_mir/recover-20220825/UBNA_002/20220823_033000.WAV,Telephone Field,recover-20220825,002,1795
1572.3955,1572.4054,22031,28374,Nyctalus leisleri,0.007,0.022,-1,Echolocation,/mnt/ubna_data_01_mir/recover-20220825/UBNA_002/20220823_033000.WAV,Telephone Field,recover-20220825,002,1795
1572.4075,1572.414,51250,56044,Pipistrellus pipistrellus,0.02,0.023,-1,Echolocation,/mnt/ubna_data_01_mir/recover-20220825/UBNA_002/20220823_033000.WAV,Telephone Field,recover-20220825,002,1795
1572.4185,1572.4297,23750,30498,Nyctalus leisleri,0.014,0.032,-1,Echolocation,/mnt/ubna_data_01_mir/recover-20220825/UBNA_002/20220823_033000.WAV,Telephone Field,recover-20220825,002,1795
1572.4675,1572.5058,68437,82088,Rhinolophus ferrumequinum,0.021,0.021,-1,Echolocation,/mnt/ubna_data_01_mir/recover-20220825/UBNA_002/20220823_033000.WAV,Telephone Field,recover-20220825,002,1795
1572.5065,1572.5158,43515,52352,Pipistrellus pipistrellus,0.014,0.022,-1,Echolocation,/mnt/ubna_data_01_mir/recover-20220825/UBNA_002/20220823_033000.WAV,Telephone Field,recover-20220825,002,1795
1572.5075,1572.551,68437,82932,Rhinolophus ferrumequinum,0.023,0.023,-1,Echolocation,/mnt/ubna_data_01_mir/recover-20220825/UBNA_002/20220823_033000.WAV,Telephone Field,recover-20220825,002,1795
1572.5125,1572.5195,26328,36416,Eptesicus serotinus,0.007,0.028,-1,Echolocation,/mnt/ubna_data_01_mir/recover-20220825/UBNA_002/20220823_033000.WAV,Telephone Field,recover-20220825,002,1795
1572.5265,1572.5677,68437,82723,Rhinolophus ferrumequinum,0.026,0.026,-1,Echolocation,/mnt/ubna_data_01_mir/recover-20220825/UBNA_002/20220823_033000.WAV,Telephone Field,recover-20220825,002,1795
1572.5535,1572.5892,68437,81250,Rhinolophus ferrumequinum,0.027,0.027,-1,Echolocation,/mnt/ubna_data_01_mir/recover-20220825/UBNA_002/20220823_033000.WAV,Telephone Field,recover-20220825,002,1795
1572.5795,1572.6183,68437,82430,Rhinolophus ferrumequinum,0.022,0.022,-1,Echolocation,/mnt/ubna_data_01_mir/recover-20220825/UBNA_002/20220823_033000.WAV,Telephone Field,recover-20220825,002,1795
1572.6295,1572.6674,68437,82291,Rhinolophus ferrumequinum,0.022,0.022,-1,Echolocation,/mnt/ubna_data_01_mir/recover-20220825/UBNA_002/20220823_033000.WAV,Telephone Field,recover-20220825,002,1795
1572.6625,1572.6692,28046,40592,Eptesicus serotinus,0.006,0.021,-1,Echolocation,/mnt/ubna_data_01_mir/recover-20220825/UBNA_002/20220823_033000.WAV,Telephone Field,recover-20220825,002,1795
1572.6625,1572.6737,22031,26644,Nyctalus leisleri,0.013,0.025,-1,Echolocation,/mnt/ubna_data_01_mir/recover-20220825/UBNA_002/20220823_033000.WAV,Telephone Field,recover-20220825,002,1795
1572.6695,1572.7072,68437,81524,Rhinolophus ferrumequinum,0.025,0.026,-1,Echolocation,/mnt/ubna_data_01_mir/recover-20220825/UBNA_002/20220823_033000.WAV,Telephone Field,recover-20220825,002,1795
1572.6795,1572.6853,25468,38471,Plecotus austriacus,0.011,0.033,-1,Echolocation,/mnt/ubna_data_01_mir/recover-20220825/UBNA_002/20220823_033000.WAV,Telephone Field,recover-20220825,002,1795
1572.6795,1572.7122,68437,80430,Rhinolophus ferrumequinum,0.025,0.025,-1,Echolocation,/mnt/ubna_data_01_mir/recover-20220825/UBNA_002/20220823_033000.WAV,Telephone Field,recover-20220825,002,1795
1572.7015,1572.7107,28906,37340,Eptesicus serotinus,0.009,0.023,-1,Echolocation,/mnt/ubna_data_01_mir/recover-20220825/UBNA_002/20220823_033000.WAV,Telephone Field,recover-20220825,002,1795
1572.7455,1572.7552,28046,36390,Eptesicus serotinus,0.009,0.022,-1,Echolocation,/mnt/ubna_data_01_mir/recover-20220825/UBNA_002/20220823_033000.WAV,Telephone Field,recover-20220825,002,1795
1572.7585,1572.7957,68437,82506,Rhinolophus ferrumequinum,0.021,0.021,-1,Echolocation,/mnt/ubna_data_01_mir/recover-20220825/UBNA_002/20220823_033000.WAV,Telephone Field,recover-20220825,002,1795
1572.7735,1572.7814,28906,38913,Eptesicus serotinus,0.008,0.028,-1,Echolocation,/mnt/ubna_data_01_mir/recover-20220825/UBNA_002/20220823_033000.WAV,Telephone Field,recover-20220825,002,1795
1572.7735,1572.8179,68437,83495,Rhinolophus ferrumequinum,0.033,0.033,-1,Echolocation,/mnt/ubna_data_01_mir/recover-20220825/UBNA_002/20220823_033000.WAV,Telephone Field,recover-20220825,002,1795
1572.8015,1572.8146,23750,27247,Nyctalus leisleri,0.014,0.022,-1,Echolocation,/mnt/ubna_data_01_mir/recover-20220825/UBNA_002/20220823_033000.WAV,Telephone Field,recover-20220825,002,1795
1572.8215,1572.859,68437,81377,Rhinolophus ferrumequinum,0.022,0.022,-1,Echolocation,/mnt/ubna_data_01_mir/recover-20220825/UBNA_002/20220823_033000.WAV,Telephone Field,recover-20220825,002,1795
1572.8265,1572.8343,23750,33195,Plecotus austriacus,0.014,0.03,-1,Echolocation,/mnt/ubna_data_01_mir/recover-20220825/UBNA_002/20220823_033000.WAV,Telephone Field,recover-20220825,002,1795
1572.8545,1572.8927,68437,82308,Rhinolophus ferrumequinum,0.022,0.022,-1,Echolocation,/mnt/ubna_data_01_mir/recover-20220825/UBNA_002/20220823_033000.WAV,Telephone Field,recover-20220825,002,1795
1572.9005,1572.907,28046,42075,Eptesicus serotinus,0.015,0.044,-1,Echolocation,/mnt/ubna_data_01_mir/recover-20220825/UBNA_002/20220823_033000.WAV,Telephone Field,recover-20220825,002,1795
1572.9125,1572.9498,68437,82088,Rhinolophus ferrumequinum,0.024,0.024,-1,Echolocation,/mnt/ubna_data_01_mir/recover-20220825/UBNA_002/20220823_033000.WAV,Telephone Field,recover-20220825,002,1795
1572.9185,1572.9588,68437,82839,Rhinolophus ferrumequinum,0.023,0.023,-1,Echolocation,/mnt/ubna_data_01_mir/recover-20220825/UBNA_002/20220823_033000.WAV,Telephone Field,recover-20220825,002,1795
1573.0315,1573.0702,68437,82901,Rhinolophus ferrumequinum,0.024,0.024,-1,Echolocation,/mnt/ubna_data_01_mir/recover-20220825/UBNA_002/20220823_033000.WAV,Telephone Field,recover-20220825,002,1795
1573.0545,1573.0604,26328,41978,Plecotus auritus,0.005,0.024,-1,Echolocation,/mnt/ubna_data_01_mir/recover-20220825/UBNA_002/20220823_033000.WAV,Telephone Field,recover-20220825,002,1795
1573.0725,1573.109,68437,80876,Rhinolophus ferrumequinum,0.024,0.024,-1,Echolocation,/mnt/ubna_data_01_mir/recover-20220825/UBNA_002/20220823_033000.WAV,Telephone Field,recover-20220825,002,1795
1573.0925,1573.1365,68437,83361,Rhinolophus ferrumequinum,0.041,0.041,-1,Echolocation,/mnt/ubna_data_01_mir/recover-20220825/UBNA_002/20220823_033000.WAV,Telephone Field,recover-20220825,002,1795
1573.1105,1573.1483,68437,81700,Rhinolophus ferrumequinum,0.023,0.023,-1,Echolocation,/mnt/ubna_data_01_mir/recover-20220825/UBNA_002/20220823_033000.WAV,Telephone Field,recover-20220825,002,1795
1573.1855,1573.2252,68437,82639,Rhinolophus ferrumequinum,0.025,0.025,-1,Echolocation,/mnt/ubna_data_01_mir/recover-20220825/UBNA_002/20220823_033000.WAV,Telephone Field,recover-20220825,002,1795
1573.1885,1573.1972,50390,54642,Pipistrellus pipistrellus,0.019,0.023,-1,Echolocation,/mnt/ubna_data_01_mir/recover-20220825/UBNA_002/20220823_033000.WAV,Telephone Field,recover-20220825,002,1795
1573.1995,1573.211,22890,27549,Nyctalus leisleri,0.012,0.023,-1,Echolocation,/mnt/ubna_data_01_mir/recover-20220825/UBNA_002/20220823_033000.WAV,Telephone Field,recover-20220825,002,1795
1573.2115,1573.2499,68437,82147,Rhinolophus ferrumequinum,0.026,0.026,-1,Echolocation,/mnt/ubna_data_01_mir/recover-20220825/UBNA_002/20220823_033000.WAV,Telephone Field,recover-20220825,002,1795
1573.2385,1573.2751,68437,82039,Rhinolophus ferrumequinum,0.022,0.022,-1,Echolocation,/mnt/ubna_data_01_mir/recover-20220825/UBNA_002/20220823_033000.WAV,Telephone Field,recover-20220825,002,1795
1573.2465,1573.2823,68437,81401,Rhinolophus ferrumequinum,0.024,0.024,-1,Echolocation,/mnt/ubna_data_01_mir/recover-20220825/UBNA_002/20220823_033000.WAV,Telephone Field,recover-20220825,002,1795
1573.2675,1573.2783,34921,40166,Eptesicus serotinus,0.005,0.022,-1,Echolocation,/mnt/ubna_data_01_mir/recover-20220825/UBNA_002/20220823_033000.WAV,Telephone Field,recover-20220825,002,1795
1573.2895,1573.3261,68437,81182,Rhinolophus ferrumequinum,0.024,0.024,-1,Echolocation,/mnt/ubna_data_01_mir/recover-20220825/UBNA_002/20220823_033000.WAV,Telephone Field,recover-20220825,002,1795
1573.3125,1573.3506,68437,82018,Rhinolophus ferrumequinum,0.022,0.022,-1,Echolocation,/mnt/ubna_data_01_mir/recover-20220825/UBNA_002/20220823_033000.WAV,Telephone Field,recover-20220825,002,1795
1573.3185,1573.3564,68437,81481,Rhinolophus ferrumequinum,0.023,0.023,-1,Echolocation,/mnt/ubna_data_01_mir/recover-20220825/UBNA_002/20220823_033000.WAV,Telephone Field,recover-20220825,002,1795
1573.3435,1573.3845,68437,82180,Rhinolophus ferrumequinum,0.023,0.023,-1,Echolocation,/mnt/ubna_data_01_mir/recover-20220825/UBNA_002/20220823_033000.WAV,Telephone Field,recover-20220825,002,1795
1573.3905,1573.4321,68437,82171,Rhinolophus ferrumequinum,0.028,0.028,-1,Echolocation,/mnt/ubna_data_01_mir/recover-20220825/UBNA_002/20220823_033000.WAV,Telephone Field,recover-20220825,002,1795
1573.4175,1573.4254,46093,54381,Pipistrellus pipistrellus,0.019,0.022,-1,Echolocation,/mnt/ubna_data_01_mir/recover-20220825/UBNA_002/20220823_033000.WAV,Telephone Field,recover-20220825,002,1795
1573.4195,1573.4566,68437,81915,Rhinolophus ferrumequinum,0.031,0.031,-1,Echolocation,/mnt/ubna_data_01_mir/recover-20220825/UBNA_002/20220823_033000.WAV,Telephone Field,recover-20220825,002,1795
1573.4475,1573.4862,68437,82309,Rhinolophus ferrumequinum,0.023,0.023,-1,Echolocation,/mnt/ubna_data_01_mir/recover-20220825/UBNA_002/20220823_033000.WAV,Telephone Field,recover-20220825,002,1795
1573.4635,1573.471,26328,37863,Eptesicus serotinus,0.007,0.022,-1,Echolocation,/mnt/ubna_data_01_mir/recover-20220825/UBNA_002/20220823_033000.WAV,Telephone Field,recover-20220825,002,1795
1573.4785,1573.5146,68437,80672,Rhinolophus ferrumequinum,0.022,0.023,-1,Echolocation,/mnt/ubna_data_01_mir/recover-20220825/UBNA_002/20220823_033000.WAV,Telephone Field,recover-20220825,002,1795
1573.4905,1573.5251,68437,81090,Rhinolophus ferrumequinum,0.022,0.022,-1,Echolocation,/mnt/ubna_data_01_mir/recover-20220825/UBNA_002/20220823_033000.WAV,Telephone Field,recover-20220825,002,1795
1573.5055,1573.541,68437,80947,Rhinolophus ferrumequinum,0.022,0.022,-1,Echolocation,/mnt/ubna_data_01_mir/recover-20220825/UBNA_002/20220823_033000.WAV,Telephone Field,recover-20220825,002,1795
1573.5205,1573.558,68437,82071,Rhinolophus ferrumequinum,0.022,0.022,-1,Echolocation,/mnt/ubna_data_01_mir/recover-20220825/UBNA_002/20220823_033000.WAV,Telephone Field,recover-20220825,002,1795
1573.5405,1573.5521,23750,29350,Nyctalus leisleri,0.012,0.027,-1,Echolocation,/mnt/ubna_data_01_mir/recover-20220825/UBNA_002/20220823_033000.WAV,Telephone Field,recover-20220825,002,1795
1573.5485,1573.5873,68437,81493,Rhinolophus ferrumequinum,0.021,0.022,-1,Echolocation,/mnt/ubna_data_01_mir/recover-20220825/UBNA_002/20220823_033000.WAV,Telephone Field,recover-20220825,002,1795
1573.5515,1573.5611,30625,37866,Eptesicus serotinus,0.011,0.029,-1,Echolocation,/mnt/ubna_data_01_mir/recover-20220825/UBNA_002/20220823_033000.WAV,Telephone Field,recover-20220825,002,1795
1573.5885,1573.597,27187,36235,Eptesicus serotinus,0.013,0.031,-1,Echolocation,/mnt/ubna_data_01_mir/recover-20220825/UBNA_002/20220823_033000.WAV,Telephone Field,recover-20220825,002,1795
1573.6095,1573.6492,68437,82451,Rhinolophus ferrumequinum,0.026,0.026,-1,Echolocation,/mnt/ubna_data_01_mir/recover-20220825/UBNA_002/20220823_033000.WAV,Telephone Field,recover-20220825,002,1795
1573.6205,1573.6346,23750,27519,Nyctalus leisleri,0.023,0.038,-1,Echolocation,/mnt/ubna_data_01_mir/recover-20220825/UBNA_002/20220823_033000.WAV,Telephone Field,recover-20220825,002,1795
1573.6335,1573.6731,68437,82254,Rhinolophus ferrumequinum,0.025,0.025,-1,Echolocation,/mnt/ubna_data_01_mir/recover-20220825/UBNA_002/20220823_033000.WAV,Telephone Field,recover-20220825,002,1795
1573.6525,1573.6628,22031,27500,Nyctalus leisleri,0.01,0.024,-1,Echolocation,/mnt/ubna_data_01_mir/recover-20220825/UBNA_002/20220823_033000.WAV,Telephone Field,recover-20220825,002,1795
1573.6595,1573.6693,22890,29911,Plecotus austriacus,0.01,0.03,-1,Echolocation,/mnt/ubna_data_01_mir/recover-20220825/UBNA_002/20220823_033000.WAV,Telephone Field,recover-20220825,002,1795
1573.6885,1573.6976,25468,36060,Eptesicus serotinus,0.009,0.023,-1,Echolocation,/mnt/ubna_data_01_mir/recover-20220825/UBNA_002/20220823_033000.WAV,Telephone Field,recover-20220825,002,1795
1573.6995,1573.7077,27187,36632,Eptesicus serotinus,0.016,0.043,-1,Echolocation,/mnt/ubna_data_01_mir/recover-20220825/UBNA_002/20220823_033000.WAV,Telephone Field,recover-20220825,002,1795
1573.7135,1573.7558,68437,82907,Rhinolophus ferrumequinum,0.027,0.027,-1,Echolocation,/mnt/ubna_data_01_mir/recover-20220825/UBNA_002/20220823_033000.WAV,Telephone Field,recover-20220825,002,1795
1573.7805,1573.8156,68437,81277,Rhinolophus ferrumequinum,0.022,0.022,-1,Echolocation,/mnt/ubna_data_01_mir/recover-20220825/UBNA_002/20220823_033000.WAV,Telephone Field,recover-20220825,002,1795
1573.7945,1573.8344,68437,82190,Rhinolophus ferrumequinum,0.026,0.026,-1,Echolocation,/mnt/ubna_data_01_mir/recover-20220825/UBNA_002/20220823_033000.WAV,Telephone Field,recover-20220825,002,1795
1573.7955,1573.8049,50390,57886,Pipistrellus pipistrellus,0.02,0.025,-1,Echolocation,/mnt/ubna_data_01_mir/recover-20220825/UBNA_002/20220823_033000.WAV,Telephone Field,recover-20220825,002,1795
1573.7965,1573.8051,28046,40360,Eptesicus serotinus,0.008,0.022,-1,Echolocation,/mnt/ubna_data_01_mir/recover-20220825/UBNA_002/20220823_033000.WAV,Telephone Field,recover-20220825,002,1795
1573.8145,1573.855,68437,82858,Rhinolophus ferrumequinum,0.024,0.024,-1,Echolocation,/mnt/ubna_data_01_mir/recover-20220825/UBNA_002/20220823_033000.WAV,Telephone Field,recover-20220825,002,1795
1573.8975,1573.9083,24609,31594,Nyctalus leisleri,0.008,0.024,-1,Echolocation,/mnt/ubna_data_01_mir/recover-20220825/UBNA_002/20220823_033000.WAV,Telephone Field,recover-20220825,002,1795
1573.9115,1573.9512,68437,82849,Rhinolophus ferrumequinum,0.025,0.026,-1,Echolocation,/mnt/ubna_data_01_mir/recover-20220825/UBNA_002/20220823_033000.WAV,Telephone Field,recover-20220825,002,1795
1573.9165,1573.9229,27187,42041,Plecotus auritus,0.01,0.034,-1,Echolocation,/mnt/ubna_data_01_mir/recover-20220825/UBNA_002/20220823_033000.WAV,Telephone Field,recover-20220825,002,1795
1573.9365,1573.9776,68437,82244,Rhinolophus ferrumequinum,0.023,0.023,-1,Echolocation,/mnt/ubna_data_01_mir/recover-20220825/UBNA_002/20220823_033000.WAV,Telephone Field,recover-20220825,002,1795
1573.9445,1573.9844,68437,82330,Rhinolophus ferrumequinum,0.022,0.022,-1,Echolocation,/mnt/ubna_data_01_mir/recover-20220825/UBNA_002/20220823_033000.WAV,Telephone Field,recover-20220825,002,1795
1573.9575,1573.9961,68437,82732,Rhinolophus ferrumequinum,0.023,0.023,-1,Echolocation,/mnt/ubna_data_01_mir/recover-20220825/UBNA_002/20220823_033000.WAV,Telephone Field,recover-20220825,002,1795
1573.9835,1573.9935,25468,34161,Eptesicus serotinus,0.006,0.022,-1,Echolocation,/mnt/ubna_data_01_mir/recover-20220825/UBNA_002/20220823_033000.WAV,Telephone Field,recover-20220825,002,1795
1574.0015,1574.0333,68437,80224,Rhinolophus ferrumequinum,0.035,0.035,-1,Echolocation,/mnt/ubna_data_01_mir/recover-20220825/UBNA_002/20220823_033000.WAV,Telephone Field,recover-20220825,002,1795
1574.0015,1574.0093,24609,36527,Plecotus austriacus,0.006,0.028,-1,Echolocation,/mnt/ubna_data_01_mir/recover-20220825/UBNA_002/20220823_033000.WAV,Telephone Field,recover-20220825,002,1795
1574.0135,1574.0547,68437,81909,Rhinolophus ferrumequinum,0.024,0.024,-1,Echolocation,/mnt/ubna_data_01_mir/recover-20220825/UBNA_002/20220823_033000.WAV,Telephone Field,recover-20220825,002,1795
1574.0225,1574.062,68437,82438,Rhinolophus ferrumequinum,0.021,0.021,-1,Echolocation,/mnt/ubna_data_01_mir/recover-20220825/UBNA_002/20220823_033000.WAV,Telephone Field,recover-20220825,002,1795
1574.0275,1574.0407,22890,27922,Nyctalus leisleri,0.012,0.024,-1,Echolocation,/mnt/ubna_data_01_mir/recover-20220825/UBNA_002/20220823_033000.WAV,Telephone Field,recover-20220825,002,1795
1574.0355,1574.0473,23750,28287,Nyctalus leisleri,0.017,0.031,-1,Echolocation,/mnt/ubna_data_01_mir/recover-20220825/UBNA_002/20220823_033000.WAV,Telephone Field,recover-20220825,002,1795
1574.0995,1574.1081,27187,36380,Eptesicus serotinus,0.008,0.021,-1,Echolocation,/mnt/ubna_data_01_mir/recover-20220825/UBNA_002/20220823_033000.WAV,Telephone Field,recover-20220825,002,1795
1574.1115,1574.1534,68437,82298,Rhinolophus ferrumequinum,0.022,0.022,-1,Echolocation,/mnt/ubna_data_01_mir/recover-20220825/UBNA_002/20220823_033000.WAV,Telephone Field,recover-20220825,002,1795
1574.1145,1574.1261,22890,27420,Nyctalus leisleri,0.014,0.027,-1,Echolocation,/mnt/ubna_data_01_mir/recover-20220825/UBNA_002/20220823_033000.WAV,Telephone Field,recover-20220825,002,1795
1574.1435,1574.1851,68437,82595,Rhinolophus ferrumequinum,0.02,0.02,-1,Echolocation,/mnt/ubna_data_01_mir/recover-20220825/UBNA_002/20220823_033000.WAV,Telephone Field,recover-20220825,002,1795
1574.1615,1574.1997,68437,81999,Rhinolophus ferrumequinum,0.021,0.021,-1,Echolocation,/mnt/ubna_data_01_mir/recover-20220825/UBNA_002/20220823_033000.WAV,Telephone Field,recover-20220825,002,1795
1574.1665,1574.1768,22031,26514,Nyctalus leisleri,0.01,0.021,-1,Echolocation,/mnt/ubna_data_01_mir/recover-20220825/UBNA_002/20220823_033000.WAV,Telephone Field,recover-20220825,002,1795
1574.1835,1574.2246,68437,82672,Rhinolophus ferrumequinum,0.034,0.034,-1,Echolocation,/mnt/ubna_data_01_mir/recover-20220825/UBNA_002/20220823_033000.WAV,Telephone Field,recover-20220825,002,1795
1574.2195,1574.2263,30625,48926,Myotis daubentonii,0.009,0.021,-1,Echolocation,/mnt/ubna_data_01_mir/recover-20220825/UBNA_002/20220823_033000.WAV,Telephone Field,recover-20220825,002,1795
1574.3085,1574.3452,68437,81780,Rhinolophus ferrumequinum,0.02,0.02,-1,Echolocation,/mnt/ubna_data_01_mir/recover-20220825/UBNA_002/20220823_033000.WAV,Telephone Field,recover-20220825,002,1795
1574.3155,1574.3251,22031,27533,Nyctalus leisleri,0.008,0.022,-1,Echolocation,/mnt/ubna_data_01_mir/recover-20220825/UBNA_002/20220823_033000.WAV,Telephone Field,recover-20220825,002,1795
1574.3295,1574.3636,68437,81266,Rhinolophus ferrumequinum,0.02,0.02,-1,Echolocation,/mnt/ubna_data_01_mir/recover-20220825/UBNA_002/20220823_033000.WAV,Telephone Field,recover-20220825,002,1795
1574.3445,1574.3532,25468,33763,Eptesicus serotinus,0.006,0.021,-1,Echolocation,/mnt/ubna_data_01_mir/recover-20220825/UBNA_002/20220823_033000.WAV,Telephone Field,recover-20220825,002,1795
1574.3585,1574.3938,68437,81606,Rhinolophus ferrumequinum,0.023,0.023,-1,Echolocation,/mnt/ubna_data_01_mir/recover-20220825/UBNA_002/20220823_033000.WAV,Telephone Field,recover-20220825,002,1795
1574.3755,1574.3837,26328,36442,Eptesicus serotinus,0.007,0.021,-1,Echolocation,/mnt/ubna_data_01_mir/recover-20220825/UBNA_002/20220823_033000.WAV,Telephone Field,recover-20220825,002,1795
1574.4005,1574.4383,68437,82003,Rhinolophus ferrumequinum,0.025,0.025,-1,Echolocation,/mnt/ubna_data_01_mir/recover-20220825/UBNA_002/20220823_033000.WAV,Telephone Field,recover-20220825,002,1795
1574.4715,1574.5133,68437,83591,Rhinolophus ferrumequinum,0.04,0.04,-1,Echolocation,/mnt/ubna_data_01_mir/recover-20220825/UBNA_002/20220823_033000.WAV,Telephone Field,recover-20220825,002,1795
1574.4755,1574.4851,28046,36308,Eptesicus serotinus,0.009,0.02,-1,Echolocation,/mnt/ubna_data_01_mir/recover-20220825/UBNA_002/20220823_033000.WAV,Telephone Field,recover-20220825,002,1795
1574.4905,1574.4988,28046,40767,Eptesicus serotinus,0.009,0.026,-1,Echolocation,/mnt/ubna_data_01_mir/recover-20220825/UBNA_002/20220823_033000.WAV,Telephone Field,recover-20220825,002,1795
1574.5285,1574.5386,22031,26416,Nyctalus leisleri,0.01,0.02,-1,Echolocation,/mnt/ubna_data_01_mir/recover-20220825/UBNA_002/20220823_033000.WAV,Telephone Field,recover-20220825,002,1795
1574.5295,1574.569,68437,82005,Rhinolophus ferrumequinum,0.02,0.02,-1,Echolocation,/mnt/ubna_data_01_mir/recover-20220825/UBNA_002/20220823_033000.WAV,Telephone Field,recover-20220825,002,1795
1574.5315,1574.5413,43515,50292,Pipistrellus pipistrellus,0.027,0.036,-1,Echolocation,/mnt/ubna_data_01_mir/recover-20220825/UBNA_002/20220823_033000.WAV,Telephone Field,recover-20220825,002,1795
1574.5655,1574.6018,68437,81216,Rhinolophus ferrumequinum,0.02,0.02,-1,Echolocation,/mnt/ubna_data_01_mir/recover-20220825/UBNA_002/20220823_033000.WAV,Telephone Field,recover-20220825,002,1795
1574.5805,1574.6178,68437,82102,Rhinolophus ferrumequinum,0.024,0.024,-1,Echolocation,/mnt/ubna_data_01_mir/recover-20220825/UBNA_002/20220823_033000.WAV,Telephone Field,recover-20220825,002,1795
1574.6055,1574.6448,68437,82415,Rhinolophus ferrumequinum,0.022,0.022,-1,Echolocation,/mnt/ubna_data_01_mir/recover-20220825/UBNA_002/20220823_033000.WAV,Telephone Field,recover-20220825,002,1795
1574.6095,1574.6188,44375,48478,Pipistrellus pipistrellus,0.02,0.022,-1,Echolocation,/mnt/ubna_data_01_mir/recover-20220825/UBNA_002/20220823_033000.WAV,Telephone Field,recover-20220825,002,1795
1574.6095,1574.6151,30625,48313,Myotis daubentonii,0.013,0.024,-1,Echolocation,/mnt/ubna_data_01_mir/recover-20220825/UBNA_002/20220823_033000.WAV,Telephone Field,recover-20220825,002,1795
1574.6635,1574.6709,28046,37663,Eptesicus serotinus,0.006,0.022,-1,Echolocation,/mnt/ubna_data_01_mir/recover-20220825/UBNA_002/20220823_033000.WAV,Telephone Field,recover-20220825,002,1795
1574.6935,1574.7325,68437,82116,Rhinolophus ferrumequinum,0.021,0.021,-1,Echolocation,/mnt/ubna_data_01_mir/recover-20220825/UBNA_002/20220823_033000.WAV,Telephone Field,recover-20220825,002,1795
1574.8375,1574.8776,68437,82232,Rhinolophus ferrumequinum,0.023,0.023,-1,Echolocation,/mnt/ubna_data_01_mir/recover-20220825/UBNA_002/20220823_033000.WAV,Telephone Field,recover-20220825,002,1795
1574.8635,1574.8712,28046,39408,Eptesicus serotinus,0.007,0.022,-1,Echolocation,/mnt/ubna_data_01_mir/recover-20220825/UBNA_002/20220823_033000.WAV,Telephone Field,recover-20220825,002,1795
1574.9175,1574.9234,28046,41845,Eptesicus serotinus,0.008,0.039,-1,Echolocation,/mnt/ubna_data_01_mir/recover-20220825/UBNA_002/20220823_033000.WAV,Telephone Field,recover-20220825,002,1795
1574.9375,1574.9759,68437,81542,Rhinolophus ferrumequinum,0.023,0.023,-1,Echolocation,/mnt/ubna_data_01_mir/recover-20220825/UBNA_002/20220823_033000.WAV,Telephone Field,recover-20220825,002,1795
1574.9465,1574.9533,27187,37929,Eptesicus serotinus,0.006,0.022,-1,Echolocation,/mnt/ubna_data_01_mir/recover-20220825/UBNA_002/20220823_033000.WAV,Telephone Field,recover-20220825,002,1795
1574.9625,1574.9721,14296,22939,Nyctalus noctula,0.018,0.037,-1,Echolocation,/mnt/ubna_data_01_mir/recover-20220825/UBNA_002/20220823_033000.WAV,Telephone Field,recover-20220825,002,1795
1574.9825,1575.0182,68437,81308,Rhinolophus ferrumequinum,0.021,0.021,-1,Echolocation,/mnt/ubna_data_01_mir/recover-20220825/UBNA_002/20220823_033000.WAV,Telephone Field,recover-20220825,002,1795
1574.9835,1574.99,26328,38642,Eptesicus serotinus,0.005,0.022,-1,Echolocation,/mnt/ubna_data_01_mir/recover-20220825/UBNA_002/20220823_033000.WAV,Telephone Field,recover-20220825,002,1795
1574.9945,1575.0323,68437,82105,Rhinolophus ferrumequinum,0.031,0.031,-1,Echolocation,/mnt/ubna_data_01_mir/recover-20220825/UBNA_002/20220823_033000.WAV,Telephone Field,recover-20220825,002,1795
1575.0375,1575.077,68437,82519,Rhinolophus ferrumequinum,0.023,0.023,-1,Echolocation,/mnt/ubna_data_01_mir/recover-20220825/UBNA_002/20220823_033000.WAV,Telephone Field,recover-20220825,002,1795
1575.0465,1575.056,28046,39875,Eptesicus serotinus,0.009,0.024,-1,Echolocation,/mnt/ubna_data_01_mir/recover-20220825/UBNA_002/20220823_033000.WAV,Telephone Field,recover-20220825,002,1795
1575.0665,1575.1054,68437,82402,Rhinolophus ferrumequinum,0.024,0.024,-1,Echolocation,/mnt/ubna_data_01_mir/recover-20220825/UBNA_002/20220823_033000.WAV,Telephone Field,recover-20220825,002,1795
1575.0765,1575.1171,68437,82209,Rhinolophus ferrumequinum,0.022,0.022,-1,Echolocation,/mnt/ubna_data_01_mir/recover-20220825/UBNA_002/20220823_033000.WAV,Telephone Field,recover-20220825,002,1795
1575.0805,1575.0861,28046,40905,Myotis daubentonii,0.008,0.029,-1,Echolocation,/mnt/ubna_data_01_mir/recover-20220825/UBNA_002/20220823_033000.WAV,Telephone Field,recover-20220825,002,1795
1575.1085,1575.1156,23750,32600,Plecotus austriacus,0.009,0.023,-1,Echolocation,/mnt/ubna_data_01_mir/recover-20220825/UBNA_002/20220823_033000.WAV,Telephone Field,recover-20220825,002,1795
1575.1815,1575.2227,68437,82202,Rhinolophus ferrumequinum,0.022,0.022,-1,Echolocation,/mnt/ubna_data_01_mir/recover-20220825/UBNA_002/20220823_033000.WAV,Telephone Field,recover-20220825,002,1795
1575.2035,1575.2432,68437,82896,Rhinolophus ferrumequinum,0.021,0.021,-1,Echolocation,/mnt/ubna_data_01_mir/recover-20220825/UBNA_002/20220823_033000.WAV,Telephone Field,recover-20220825,002,1795
1575.2195,1575.259,68437,82234,Rhinolophus ferrumequinum,0.024,0.024,-1,Echolocation,/mnt/ubna_data_01_mir/recover-20220825/UBNA_002/20220823_033000.WAV,Telephone Field,recover-20220825,002,1795
1575.3055,1575.345,68437,81930,Rhinolophus ferrumequinum,0.021,0.021,-1,Echolocation,/mnt/ubna_data_01_mir/recover-20220825/UBNA_002/20220823_033000.WAV,Telephone Field,recover-20220825,002,1795
1575.3345,1575.3437,24609,32854,Nyctalus leisleri,0.007,0.027,-1,Echolocation,/mnt/ubna_data_01_mir/recover-20220825/UBNA_002/20220823_033000.WAV,Telephone Field,recover-20220825,002,1795
1575.3715,1575.3787,27187,38922,Eptesicus serotinus,0.006,0.022,-1,Echolocation,/mnt/ubna_data_01_mir/recover-20220825/UBNA_002/20220823_033000.WAV,Telephone Field,recover-20220825,002,1795
1575.3725,1575.409,68437,81846,Rhinolophus ferrumequinum,0.023,0.023,-1,Echolocation,/mnt/ubna_data_01_mir/recover-20220825/UBNA_002/20220823_033000.WAV,Telephone Field,recover-20220825,002,1795
1575.4025,1575.4417,68437,82737,Rhinolophus ferrumequinum,0.024,0.024,-1,Echolocation,/mnt/ubna_data_01_mir/recover-20220825/UBNA_002/20220823_033000.WAV,Telephone Field,recover-20220825,002,1795
1575.4195,1575.458,68437,82212,Rhinolophus ferrumequinum,0.023,0.023,-1,Echolocation,/mnt/ubna_data_01_mir/recover-20220825/UBNA_002/20220823_033000.WAV,Telephone Field,recover-20220825,002,1795
1575.4475,1575.484,68437,81062,Rhinolophus ferrumequinum,0.025,0.025,-1,Echolocation,/mnt/ubna_data_01_mir/recover-20220825/UBNA_002/20220823_033000.WAV,Telephone Field,recover-20220825,002,1795
1575.4895,1575.4989,24609,32007,Nyctalus leisleri,0.007,0.022,-1,Echolocation,/mnt/ubna_data_01_mir/recover-20220825/UBNA_002/20220823_033000.WAV,Telephone Field,recover-20220825,002,1795
1575.4945,1575.5291,68437,81462,Rhinolophus ferrumequinum,0.021,0.021,-1,Echolocation,/mnt/ubna_data_01_mir/recover-20220825/UBNA_002/20220823_033000.WAV,Telephone Field,recover-20220825,002,1795
1575.5145,1575.5547,68437,82665,Rhinolophus ferrumequinum,0.023,0.023,-1,Echolocation,/mnt/ubna_data_01_mir/recover-20220825/UBNA_002/20220823_033000.WAV,Telephone Field,recover-20220825,002,1795
1575.5205,1575.5304,22031,26976,Nyctalus leisleri,0.01,0.021,-1,Echolocation,/mnt/ubna_data_01_mir/recover-20220825/UBNA_002/20220823_033000.WAV,Telephone Field,recover-20220825,002,1795
1575.5835,1575.5928,25468,33591,Eptesicus serotinus,0.026,0.056,-1,Echolocation,/mnt/ubna_data_01_mir/recover-20220825/UBNA_002/20220823_033000.WAV,Telephone Field,recover-20220825,002,1795
1575.6355,1575.6435,28046,37985,Eptesicus serotinus,0.007,0.022,-1,Echolocation,/mnt/ubna_data_01_mir/recover-20220825/UBNA_002/20220823_033000.WAV,Telephone Field,recover-20220825,002,1795
1575.6365,1575.6734,68437,81227,Rhinolophus ferrumequinum,0.021,0.021,-1,Echolocation,/mnt/ubna_data_01_mir/recover-20220825/UBNA_002/20220823_033000.WAV,Telephone Field,recover-20220825,002,1795
1575.6925,1575.732,68437,82344,Rhinolophus ferrumequinum,0.023,0.023,-1,Echolocation,/mnt/ubna_data_01_mir/recover-20220825/UBNA_002/20220823_033000.WAV,Telephone Field,recover-20220825,002,1795
1575.7435,1575.7542,22890,27664,Nyctalus leisleri,0.011,0.022,-1,Echolocation,/mnt/ubna_data_01_mir/recover-20220825/UBNA_002/20220823_033000.WAV,Telephone Field,recover-20220825,002,1795
1575.7515,1575.7578,25468,37512,Myotis nattereri,0.006,0.024,-1,Echolocation,/mnt/ubna_data_01_mir/recover-20220825/UBNA_002/20220823_033000.WAV,Telephone Field,recover-20220825,002,1795
1575.7885,1575.8219,68437,81017,Rhinolophus ferrumequinum,0.021,0.021,-1,Echolocation,/mnt/ubna_data_01_mir/recover-20220825/UBNA_002/20220823_033000.WAV,Telephone Field,recover-20220825,002,1795
1575.8205,1575.8618,68437,82733,Rhinolophus ferrumequinum,0.022,0.022,-1,Echolocation,/mnt/ubna_data_01_mir/recover-20220825/UBNA_002/20220823_033000.WAV,Telephone Field,recover-20220825,002,1795
1575.8245,1575.8345,23750,30564,Nyctalus leisleri,0.008,0.021,-1,Echolocation,/mnt/ubna_data_01_mir/recover-20220825/UBNA_002/20220823_033000.WAV,Telephone Field,recover-20220825,002,1795
1575.8285,1575.8382,30625,37882,Eptesicus serotinus,0.007,0.021,-1,Echolocation,/mnt/ubna_data_01_mir/recover-20220825/UBNA_002/20220823_033000.WAV,Telephone Field,recover-20220825,002,1795
1575.8585,1575.8767,20312,23714,Nyctalus leisleri,0.016,0.029,-1,Echolocation,/mnt/ubna_data_01_mir/recover-20220825/UBNA_002/20220823_033000.WAV,Telephone Field,recover-20220825,002,1795
1575.8905,1575.9281,68437,81651,Rhinolophus ferrumequinum,0.021,0.021,-1,Echolocation,/mnt/ubna_data_01_mir/recover-20220825/UBNA_002/20220823_033000.WAV,Telephone Field,recover-20220825,002,1795
1575.8925,1575.9009,22031,29038,Plecotus austriacus,0.013,0.025,-1,Echolocation,/mnt/ubna_data_01_mir/recover-20220825/UBNA_002/20220823_033000.WAV,Telephone Field,recover-20220825,002,1795
1575.9135,1575.9499,68437,81877,Rhinolophus ferrumequinum,0.021,0.021,-1,Echolocation,/mnt/ubna_data_01_mir/recover-20220825/UBNA_002/20220823_033000.WAV,Telephone Field,recover-20220825,002,1795
1575.9485,1575.9594,22890,28592,Nyctalus leisleri,0.009,0.021,-1,Echolocation,/mnt/ubna_data_01_mir/recover-20220825/UBNA_002/20220823_033000.WAV,Telephone Field,recover-20220825,002,1795
1575.9545,1575.962,23750,32470,Plecotus austriacus,0.009,0.023,-1,Echolocation,/mnt/ubna_data_01_mir/recover-20220825/UBNA_002/20220823_033000.WAV,Telephone Field,recover-20220825,002,1795
1575.9845,1575.9935,23750,31288,Plecotus austriacus,0.006,0.022,-1,Echolocation,/mnt/ubna_data_01_mir/recover-20220825/UBNA_002/20220823_033000.WAV,Telephone Field,recover-20220825,002,1795
1576.0015,1576.0329,68437,79831,Rhinolophus ferrumequinum,0.051,0.052,-1,Echolocation,/mnt/ubna_data_01_mir/recover-20220825/UBNA_002/20220823_033000.WAV,Telephone Field,recover-20220825,002,1795
1576.0015,1576.0094,46953,50428,Pipistrellus pipistrellus,0.019,0.023,-1,Echolocation,/mnt/ubna_data_01_mir/recover-20220825/UBNA_002/20220823_033000.WAV,Telephone Field,recover-20220825,002,1795
1576.0015,1576.0181,19453,23783,Nyctalus leisleri,0.018,0.037,-1,Echolocation,/mnt/ubna_data_01_mir/recover-20220825/UBNA_002/20220823_033000.WAV,Telephone Field,recover-20220825,002,1795
1576.0115,1576.0267,21171,24318,Nyctalus leisleri,0.017,0.027,-1,Echolocation,/mnt/ubna_data_01_mir/recover-20220825/UBNA_002/20220823_033000.WAV,Telephone Field,recover-20220825,002,1795
1576.0285,1576.0698,68437,82211,Rhinolophus ferrumequinum,0.023,0.023,-1,Echolocation,/mnt/ubna_data_01_mir/recover-20220825/UBNA_002/20220823_033000.WAV,Telephone Field,recover-20220825,002,1795
1576.0315,1576.0401,28046,39033,Eptesicus serotinus,0.008,0.022,-1,Echolocation,/mnt/ubna_data_01_mir/recover-20220825/UBNA_002/20220823_033000.WAV,Telephone Field,recover-20220825,002,1795
1576.0635,1576.1023,68437,82209,Rhinolophus ferrumequinum,0.021,0.021,-1,Echolocation,/mnt/ubna_data_01_mir/recover-20220825/UBNA_002/20220823_033000.WAV,Telephone Field,recover-20220825,002,1795
1576.0735,1576.111,68437,82146,Rhinolophus ferrumequinum,0.021,0.021,-1,Echolocation,/mnt/ubna_data_01_mir/recover-20220825/UBNA_002/20220823_033000.WAV,Telephone Field,recover-20220825,002,1795
1576.1155,1576.1521,68437,81469,Rhinolophus ferrumequinum,0.021,0.021,-1,Echolocation,/mnt/ubna_data_01_mir/recover-20220825/UBNA_002/20220823_033000.WAV,Telephone Field,recover-20220825,002,1795
1576.1225,1576.1595,68437,81890,Rhinolophus ferrumequinum,0.02,0.02,-1,Echolocation,/mnt/ubna_data_01_mir/recover-20220825/UBNA_002/20220823_033000.WAV,Telephone Field,recover-20220825,002,1795
1576.1615,1576.1959,68437,80949,Rhinolophus ferrumequinum,0.022,0.022,-1,Echolocation,/mnt/ubna_data_01_mir/recover-20220825/UBNA_002/20220823_033000.WAV,Telephone Field,recover-20220825,002,1795
1576.1745,1576.185,28906,36764,Eptesicus serotinus,0.011,0.024,-1,Echolocation,/mnt/ubna_data_01_mir/recover-20220825/UBNA_002/20220823_033000.WAV,Telephone Field,recover-20220825,002,1795
1576.1815,1576.2186,68437,81755,Rhinolophus ferrumequinum,0.022,0.022,-1,Echolocation,/mnt/ubna_data_01_mir/recover-20220825/UBNA_002/20220823_033000.WAV,Telephone Field,recover-20220825,002,1795
1576.1975,1576.2367,68437,81896,Rhinolophus ferrumequinum,0.02,0.02,-1,Echolocation,/mnt/ubna_data_01_mir/recover-20220825/UBNA_002/20220823_033000.WAV,Telephone Field,recover-20220825,002,1795
1576.2055,1576.2132,48671,54889,Pipistrellus pipistrellus,0.018,0.021,-1,Echolocation,/mnt/ubna_data_01_mir/recover-20220825/UBNA_002/20220823_033000.WAV,Telephone Field,recover-20220825,002,1795
1576.2205,1576.2601,68437,82206,Rhinolophus ferrumequinum,0.026,0.026,-1,Echolocation,/mnt/ubna_data_01_mir/recover-20220825/UBNA_002/20220823_033000.WAV,Telephone Field,recover-20220825,002,1795
1576.2225,1576.2325,28046,36609,Eptesicus serotinus,0.014,0.03,-1,Echolocation,/mnt/ubna_data_01_mir/recover-20220825/UBNA_002/20220823_033000.WAV,Telephone Field,recover-20220825,002,1795
1576.2305,1576.2381,28046,39034,Eptesicus serotinus,0.007,0.025,-1,Echolocation,/mnt/ubna_data_01_mir/recover-20220825/UBNA_002/20220823_033000.WAV,Telephone Field,recover-20220825,002,1795
1576.2745,1576.3119,68437,82312,Rhinolophus ferrumequinum,0.021,0.021,-1,Echolocation,/mnt/ubna_data_01_mir/recover-20220825/UBNA_002/20220823_033000.WAV,Telephone Field,recover-20220825,002,1795
1576.2835,1576.2913,49531,57468,Pipistrellus pipistrellus,0.016,0.02,-1,Echolocation,/mnt/ubna_data_01_mir/recover-20220825/UBNA_002/20220823_033000.WAV,Telephone Field,recover-20220825,002,1795
1576.2845,1576.3218,68437,81444,Rhinolophus ferrumequinum,0.022,0.022,-1,Echolocation,/mnt/ubna_data_01_mir/recover-20220825/UBNA_002/20220823_033000.WAV,Telephone Field,recover-20220825,002,1795
1576.3115,1576.352,68437,82449,Rhinolophus ferrumequinum,0.025,0.025,-1,Echolocation,/mnt/ubna_data_01_mir/recover-20220825/UBNA_002/20220823_033000.WAV,Telephone Field,recover-20220825,002,1795
1576.3225,1576.3322,22031,27853,Nyctalus leisleri,0.007,0.021,-1,Echolocation,/mnt/ubna_data_01_mir/recover-20220825/UBNA_002/20220823_033000.WAV,Telephone Field,recover-20220825,002,1795
1576.3345,1576.3444,27187,35427,Eptesicus serotinus,0.008,0.02,-1,Echolocation,/mnt/ubna_data_01_mir/recover-20220825/UBNA_002/20220823_033000.WAV,Telephone Field,recover-20220825,002,1795
1576.3555,1576.3933,68437,81644,Rhinolophus ferrumequinum,0.021,0.021,-1,Echolocation,/mnt/ubna_data_01_mir/recover-20220825/UBNA_002/20220823_033000.WAV,Telephone Field,recover-20220825,002,1795
1576.3625,1576.4042,68437,82700,Rhinolophus ferrumequinum,0.023,0.023,-1,Echolocation,/mnt/ubna_data_01_mir/recover-20220825/UBNA_002/20220823_033000.WAV,Telephone Field,recover-20220825,002,1795
1576.3995,1576.411,30625,37670,Eptesicus serotinus,0.01,0.027,-1,Echolocation,/mnt/ubna_data_01_mir/recover-20220825/UBNA_002/20220823_033000.WAV,Telephone Field,recover-20220825,002,1795
1576.4135,1576.4551,68437,82317,Rhinolophus ferrumequinum,0.024,0.024,-1,Echolocation,/mnt/ubna_data_01_mir/recover-20220825/UBNA_002/20220823_033000.WAV,Telephone Field,recover-20220825,002,1795
1576.4385,1576.4473,26328,36606,Eptesicus serotinus,0.007,0.021,-1,Echolocation,/mnt/ubna_data_01_mir/recover-20220825/UBNA_002/20220823_033000.WAV,Telephone Field,recover-20220825,002,1795
1576.4545,1576.4934,68437,81276,Rhinolophus ferrumequinum,0.021,0.021,-1,Echolocation,/mnt/ubna_data_01_mir/recover-20220825/UBNA_002/20220823_033000.WAV,Telephone Field,recover-20220825,002,1795
1576.4615,1576.4759,23750,28233,Nyctalus leisleri,0.02,0.034,-1,Echolocation,/mnt/ubna_data_01_mir/recover-20220825/UBNA_002/20220823_033000.WAV,Telephone Field,recover-20220825,002,1795
1576.4865,1576.4963,26328,34024,Eptesicus serotinus,0.011,0.028,-1,Echolocation,/mnt/ubna_data_01_mir/recover-20220825/UBNA_002/20220823_033000.WAV,Telephone Field,recover-20220825,002,1795
1576.5065,1576.5157,27187,35848,Eptesicus serotinus,0.008,0.02,-1,Echolocation,/mnt/ubna_data_01_mir/recover-20220825/UBNA_002/20220823_033000.WAV,Telephone Field,recover-20220825,002,1795
1576.5235,1576.5624,68437,81959,Rhinolophus ferrumequinum,0.022,0.022,-1,Echolocation,/mnt/ubna_data_01_mir/recover-20220825/UBNA_002/20220823_033000.WAV,Telephone Field,recover-20220825,002,1795
1576.5255,1576.5348,28046,36754,Eptesicus serotinus,0.008,0.022,-1,Echolocation,/mnt/ubna_data_01_mir/recover-20220825/UBNA_002/20220823_033000.WAV,Telephone Field,recover-20220825,002,1795
1576.5385,1576.5459,27187,39942,Eptesicus serotinus,0.007,0.024,-1,Echolocation,/mnt/ubna_data_01_mir/recover-20220825/UBNA_002/20220823_033000.WAV,Telephone Field,recover-20220825,002,1795
1576.5915,1576.6307,68437,82196,Rhinolophus ferrumequinum,0.022,0.022,-1,Echolocation,/mnt/ubna_data_01_mir/recover-20220825/UBNA_002/20220823_033000.WAV,Telephone Field,recover-20220825,002,1795
1576.6155,1576.6221,27187,38765,Eptesicus serotinus,0.005,0.021,-1,Echolocation,/mnt/ubna_data_01_mir/recover-20220825/UBNA_002/20220823_033000.WAV,Telephone Field,recover-20220825,002,1795
1576.6165,1576.653,68437,81908,Rhinolophus ferrumequinum,0.021,0.021,-1,Echolocation,/mnt/ubna_data_01_mir/recover-20220825/UBNA_002/20220823_033000.WAV,Telephone Field,recover-20220825,002,1795
1576.6365,1576.6492,23750,28395,Nyctalus leisleri,0.015,0.028,-1,Echolocation,/mnt/ubna_data_01_mir/recover-20220825/UBNA_002/20220823_033000.WAV,Telephone Field,recover-20220825,002,1795
1576.6845,1576.6933,28046,38294,Eptesicus serotinus,0.009,0.025,-1,Echolocation,/mnt/ubna_data_01_mir/recover-20220825/UBNA_002/20220823_033000.WAV,Telephone Field,recover-20220825,002,1795
1576.7175,1576.7586000000001,68437,82734,Rhinolophus ferrumequinum,0.023,0.023,-1,Echolocation,/mnt/ubna_data_01_mir/recover-20220825/UBNA_002/20220823_033000.WAV,Telephone Field,recover-20220825,002,1795
1576.7205,1576.7282,32343,42553,Myotis daubentonii,0.009,0.022,-1,Echolocation,/mnt/ubna_data_01_mir/recover-20220825/UBNA_002/20220823_033000.WAV,Telephone Field,recover-20220825,002,1795
1576.7435,1576.7528,28046,37910,Eptesicus serotinus,0.009,0.023,-1,Echolocation,/mnt/ubna_data_01_mir/recover-20220825/UBNA_002/20220823_033000.WAV,Telephone Field,recover-20220825,002,1795
1576.7465,1576.7825,68437,81663,Rhinolophus ferrumequinum,0.044,0.044,-1,Echolocation,/mnt/ubna_data_01_mir/recover-20220825/UBNA_002/20220823_033000.WAV,Telephone Field,recover-20220825,002,1795
1576.7565,1576.7936,68437,81790,Rhinolophus ferrumequinum,0.021,0.021,-1,Echolocation,/mnt/ubna_data_01_mir/recover-20220825/UBNA_002/20220823_033000.WAV,Telephone Field,recover-20220825,002,1795
1576.7655,1576.7754,28046,39235,Eptesicus serotinus,0.009,0.021,-1,Echolocation,/mnt/ubna_data_01_mir/recover-20220825/UBNA_002/20220823_033000.WAV,Telephone Field,recover-20220825,002,1795
1576.7675,1576.8083,68437,82285,Rhinolophus ferrumequinum,0.023,0.023,-1,Echolocation,/mnt/ubna_data_01_mir/recover-20220825/UBNA_002/20220823_033000.WAV,Telephone Field,recover-20220825,002,1795
1576.8175,1576.827,28906,35718,Eptesicus serotinus,0.012,0.027,-1,Echolocation,/mnt/ubna_data_01_mir/recover-20220825/UBNA_002/20220823_033000.WAV,Telephone Field,recover-20220825,002,1795
1576.8395,1576.8481,28906,38306,Eptesicus serotinus,0.006,0.021,-1,Echolocation,/mnt/ubna_data_01_mir/recover-20220825/UBNA_002/20220823_033000.WAV,Telephone Field,recover-20220825,002,1795
1576.8615,1576.8718,25468,32740,Eptesicus serotinus,0.01,0.028,-1,Echolocation,/mnt/ubna_data_01_mir/recover-20220825/UBNA_002/20220823_033000.WAV,Telephone Field,recover-20220825,002,1795
1576.8735,1576.8847,23750,30258,Nyctalus leisleri,0.012,0.026,-1,Echolocation,/mnt/ubna_data_01_mir/recover-20220825/UBNA_002/20220823_033000.WAV,Telephone Field,recover-20220825,002,1795
1576.8775,1576.9114,68437,81258,Rhinolophus ferrumequinum,0.021,0.021,-1,Echolocation,/mnt/ubna_data_01_mir/recover-20220825/UBNA_002/20220823_033000.WAV,Telephone Field,recover-20220825,002,1795
1576.8865,1576.9216,68437,81469,Rhinolophus ferrumequinum,0.021,0.021,-1,Echolocation,/mnt/ubna_data_01_mir/recover-20220825/UBNA_002/20220823_033000.WAV,Telephone Field,recover-20220825,002,1795
1576.8955,1576.9039,28046,37095,Eptesicus serotinus,0.007,0.02,-1,Echolocation,/mnt/ubna_data_01_mir/recover-20220825/UBNA_002/20220823_033000.WAV,Telephone Field,recover-20220825,002,1795
1576.9075,1576.9136,25468,39667,Myotis nattereri,0.005,0.024,-1,Echolocation,/mnt/ubna_data_01_mir/recover-20220825/UBNA_002/20220823_033000.WAV,Telephone Field,recover-20220825,002,1795
1576.9075,1576.9429,68437,81579,Rhinolophus ferrumequinum,0.02,0.02,-1,Echolocation,/mnt/ubna_data_01_mir/recover-20220825/UBNA_002/20220823_033000.WAV,Telephone Field,recover-20220825,002,1795
1576.9805,1577.0191,68437,81956,Rhinolophus ferrumequinum,0.021,0.021,-1,Echolocation,/mnt/ubna_data_01_mir/recover-20220825/UBNA_002/20220823_033000.WAV,Telephone Field,recover-20220825,002,1795
1577.0445,1577.0839,68437,82757,Rhinolophus ferrumequinum,0.026,0.026,-1,Echolocation,/mnt/ubna_data_01_mir/recover-20220825/UBNA_002/20220823_033000.WAV,Telephone Field,recover-20220825,002,1795
1577.0505,1577.061,27187,35335,Eptesicus serotinus,0.01,0.024,-1,Echolocation,/mnt/ubna_data_01_mir/recover-20220825/UBNA_002/20220823_033000.WAV,Telephone Field,recover-20220825,002,1795
1577.0715,1577.1098,68437,81899,Rhinolophus ferrumequinum,0.021,0.021,-1,Echolocation,/mnt/ubna_data_01_mir/recover-20220825/UBNA_002/20220823_033000.WAV,Telephone Field,recover-20220825,002,1795
1577.0905,1577.1311,68437,82647,Rhinolophus ferrumequinum,0.027,0.027,-1,Echolocation,/mnt/ubna_data_01_mir/recover-20220825/UBNA_002/20220823_033000.WAV,Telephone Field,recover-20220825,002,1795
1577.1105,1577.1192,27187,37104,Eptesicus serotinus,0.008,0.021,-1,Echolocation,/mnt/ubna_data_01_mir/recover-20220825/UBNA_002/20220823_033000.WAV,Telephone Field,recover-20220825,002,1795
1577.1585,1577.1964,68437,81670,Rhinolophus ferrumequinum,0.021,0.021,-1,Echolocation,/mnt/ubna_data_01_mir/recover-20220825/UBNA_002/20220823_033000.WAV,Telephone Field,recover-20220825,002,1795
1577.1915,1577.2069,21171,24265,Nyctalus leisleri,0.013,0.02,-1,Echolocation,/mnt/ubna_data_01_mir/recover-20220825/UBNA_002/20220823_033000.WAV,Telephone Field,recover-20220825,002,1795
1577.1985,1577.2379,68437,81968,Rhinolophus ferrumequinum,0.021,0.021,-1,Echolocation,/mnt/ubna_data_01_mir/recover-20220825/UBNA_002/20220823_033000.WAV,Telephone Field,recover-20220825,002,1795
1577.2075,1577.25,68437,83161,Rhinolophus ferrumequinum,0.029,0.03,-1,Echolocation,/mnt/ubna_data_01_mir/recover-20220825/UBNA_002/20220823_033000.WAV,Telephone Field,recover-20220825,002,1795
1577.2265,1577.2643,68437,82528,Rhinolophus ferrumequinum,0.022,0.022,-1,Echolocation,/mnt/ubna_data_01_mir/recover-20220825/UBNA_002/20220823_033000.WAV,Telephone Field,recover-20220825,002,1795
1577.2305,1577.2383,27187,37508,Eptesicus serotinus,0.007,0.022,-1,Echolocation,/mnt/ubna_data_01_mir/recover-20220825/UBNA_002/20220823_033000.WAV,Telephone Field,recover-20220825,002,1795
1577.2475,1577.2827,68437,81031,Rhinolophus ferrumequinum,0.02,0.02,-1,Echolocation,/mnt/ubna_data_01_mir/recover-20220825/UBNA_002/20220823_033000.WAV,Telephone Field,recover-20220825,002,1795
1577.2715,1577.3064,68437,81111,Rhinolophus ferrumequinum,0.022,0.022,-1,Echolocation,/mnt/ubna_data_01_mir/recover-20220825/UBNA_002/20220823_033000.WAV,Telephone Field,recover-20220825,002,1795
1577.2845,1577.3238,68437,82642,Rhinolophus ferrumequinum,0.022,0.022,-1,Echolocation,/mnt/ubna_data_01_mir/recover-20220825/UBNA_002/20220823_033000.WAV,Telephone Field,recover-20220825,002,1795
1577.2945,1577.3332,68437,82350,Rhinolophus ferrumequinum,0.023,0.023,-1,Echolocation,/mnt/ubna_data_01_mir/recover-20220825/UBNA_002/20220823_033000.WAV,Telephone Field,recover-20220825,002,1795
1577.3125,1577.3517,68437,82549,Rhinolophus ferrumequinum,0.021,0.021,-1,Echolocation,/mnt/ubna_data_01_mir/recover-20220825/UBNA_002/20220823_033000.WAV,Telephone Field,recover-20220825,002,1795
1577.3255,1577.337,28046,36826,Eptesicus serotinus,0.013,0.026,-1,Echolocation,/mnt/ubna_data_01_mir/recover-20220825/UBNA_002/20220823_033000.WAV,Telephone Field,recover-20220825,002,1795
1577.3315,1577.3731,68437,82625,Rhinolophus ferrumequinum,0.022,0.022,-1,Echolocation,/mnt/ubna_data_01_mir/recover-20220825/UBNA_002/20220823_033000.WAV,Telephone Field,recover-20220825,002,1795
1577.3775,1577.4161,68437,81857,Rhinolophus ferrumequinum,0.024,0.024,-1,Echolocation,/mnt/ubna_data_01_mir/recover-20220825/UBNA_002/20220823_033000.WAV,Telephone Field,recover-20220825,002,1795
1577.3845,1577.3912,24609,34950,Plecotus austriacus,0.007,0.021,-1,Echolocation,/mnt/ubna_data_01_mir/recover-20220825/UBNA_002/20220823_033000.WAV,Telephone Field,recover-20220825,002,1795
1577.4225,1577.4303,27187,40368,Eptesicus serotinus,0.009,0.03,-1,Echolocation,/mnt/ubna_data_01_mir/recover-20220825/UBNA_002/20220823_033000.WAV,Telephone Field,recover-20220825,002,1795
1577.4315,1577.466,68437,81203,Rhinolophus ferrumequinum,0.021,0.021,-1,Echolocation,/mnt/ubna_data_01_mir/recover-20220825/UBNA_002/20220823_033000.WAV,Telephone Field,recover-20220825,002,1795
1577.4345,1577.4454,28046,34911,Eptesicus serotinus,0.01,0.024,-1,Echolocation,/mnt/ubna_data_01_mir/recover-20220825/UBNA_002/20220823_033000.WAV,Telephone Field,recover-20220825,002,1795
1577.5055,1577.5163,23750,28897,Nyctalus leisleri,0.012,0.024,-1,Echolocation,/mnt/ubna_data_01_mir/recover-20220825/UBNA_002/20220823_033000.WAV,Telephone Field,recover-20220825,002,1795
1577.5275,1577.563,68437,81621,Rhinolophus ferrumequinum,0.02,0.02,-1,Echolocation,/mnt/ubna_data_01_mir/recover-20220825/UBNA_002/20220823_033000.WAV,Telephone Field,recover-20220825,002,1795
1577.5365,1577.5766,68437,82409,Rhinolophus ferrumequinum,0.022,0.022,-1,Echolocation,/mnt/ubna_data_01_mir/recover-20220825/UBNA_002/20220823_033000.WAV,Telephone Field,recover-20220825,002,1795
1577.5365,1577.5442,28046,41209,Eptesicus serotinus,0.008,0.024,-1,Echolocation,/mnt/ubna_data_01_mir/recover-20220825/UBNA_002/20220823_033000.WAV,Telephone Field,recover-20220825,002,1795
1577.5385,1577.5486,22031,27283,Nyctalus leisleri,0.01,0.022,-1,Echolocation,/mnt/ubna_data_01_mir/recover-20220825/UBNA_002/20220823_033000.WAV,Telephone Field,recover-20220825,002,1795
1577.6155,1577.6498,68437,81267,Rhinolophus ferrumequinum,0.021,0.021,-1,Echolocation,/mnt/ubna_data_01_mir/recover-20220825/UBNA_002/20220823_033000.WAV,Telephone Field,recover-20220825,002,1795
1577.6635,1577.6999,68437,81588,Rhinolophus ferrumequinum,0.02,0.02,-1,Echolocation,/mnt/ubna_data_01_mir/recover-20220825/UBNA_002/20220823_033000.WAV,Telephone Field,recover-20220825,002,1795
1577.6755,1577.6871,22890,27670,Nyctalus leisleri,0.01,0.021,-1,Echolocation,/mnt/ubna_data_01_mir/recover-20220825/UBNA_002/20220823_033000.WAV,Telephone Field,recover-20220825,002,1795
1577.7185,1577.7589,68437,82439,Rhinolophus ferrumequinum,0.023,0.023,-1,Echolocation,/mnt/ubna_data_01_mir/recover-20220825/UBNA_002/20220823_033000.WAV,Telephone Field,recover-20220825,002,1795
1577.7275,1577.7336,51250,56733,Pipistrellus pipistrellus,0.022,0.025,-1,Echolocation,/mnt/ubna_data_01_mir/recover-20220825/UBNA_002/20220823_033000.WAV,Telephone Field,recover-20220825,002,1795
1577.7295,1577.7684,68437,81892,Rhinolophus ferrumequinum,0.022,0.022,-1,Echolocation,/mnt/ubna_data_01_mir/recover-20220825/UBNA_002/20220823_033000.WAV,Telephone Field,recover-20220825,002,1795
1577.7615,1577.7997,68437,82294,Rhinolophus ferrumequinum,0.021,0.021,-1,Echolocation,/mnt/ubna_data_01_mir/recover-20220825/UBNA_002/20220823_033000.WAV,Telephone Field,recover-20220825,002,1795
1577.8225,1577.829,33203,45845,Myotis daubentonii,0.011,0.023,-1,Echolocation,/mnt/ubna_data_01_mir/recover-20220825/UBNA_002/20220823_033000.WAV,Telephone Field,recover-20220825,002,1795
1577.8225,1577.8305,28046,41219,Eptesicus serotinus,0.007,0.022,-1,Echolocation,/mnt/ubna_data_01_mir/recover-20220825/UBNA_002/20220823_033000.WAV,Telephone Field,recover-20220825,002,1795
1577.8255,1577.8639,68437,82676,Rhinolophus ferrumequinum,0.021,0.022,-1,Echolocation,/mnt/ubna_data_01_mir/recover-20220825/UBNA_002/20220823_033000.WAV,Telephone Field,recover-20220825,002,1795
1577.8535,1577.8855,67578,79056,Rhinolophus ferrumequinum,0.022,0.022,-1,Echolocation,/mnt/ubna_data_01_mir/recover-20220825/UBNA_002/20220823_033000.WAV,Telephone Field,recover-20220825,002,1795
1577.8715,1577.88,34921,45550,Pipistrellus nathusii,0.01,0.036,-1,Echolocation,/mnt/ubna_data_01_mir/recover-20220825/UBNA_002/20220823_033000.WAV,Telephone Field,recover-20220825,002,1795
1577.8735,1577.881,27187,40328,Eptesicus serotinus,0.008,0.026,-1,Echolocation,/mnt/ubna_data_01_mir/recover-20220825/UBNA_002/20220823_033000.WAV,Telephone Field,recover-20220825,002,1795
1577.8915,1577.931,68437,82879,Rhinolophus ferrumequinum,0.022,0.022,-1,Echolocation,/mnt/ubna_data_01_mir/recover-20220825/UBNA_002/20220823_033000.WAV,Telephone Field,recover-20220825,002,1795
1577.9215,1577.9627,68437,83222,Rhinolophus ferrumequinum,0.048,0.048,-1,Echolocation,/mnt/ubna_data_01_mir/recover-20220825/UBNA_002/20220823_033000.WAV,Telephone Field,recover-20220825,002,1795
1577.9555,1577.9923,68437,81353,Rhinolophus ferrumequinum,0.02,0.02,-1,Echolocation,/mnt/ubna_data_01_mir/recover-20220825/UBNA_002/20220823_033000.WAV,Telephone Field,recover-20220825,002,1795
1577.9865,1577.9976,23750,30441,Nyctalus leisleri,0.009,0.025,-1,Echolocation,/mnt/ubna_data_01_mir/recover-20220825/UBNA_002/20220823_033000.WAV,Telephone Field,recover-20220825,002,1795
1578.0015,1578.0326,69296,81130,Rhinolophus ferrumequinum,0.021,0.021,-1,Echolocation,/mnt/ubna_data_01_mir/recover-20220825/UBNA_002/20220823_033000.WAV,Telephone Field,recover-20220825,002,1795
1578.0015,1578.0103,26328,37542,Eptesicus serotinus,0.011,0.034,-1,Echolocation,/mnt/ubna_data_01_mir/recover-20220825/UBNA_002/20220823_033000.WAV,Telephone Field,recover-20220825,002,1795
1578.0015,1578.01,47812,54581,Pipistrellus pipistrellus,0.023,0.029,-1,Echolocation,/mnt/ubna_data_01_mir/recover-20220825/UBNA_002/20220823_033000.WAV,Telephone Field,recover-20220825,002,1795
1578.0235,1578.0645,68437,83051,Rhinolophus ferrumequinum,0.022,0.022,-1,Echolocation,/mnt/ubna_data_01_mir/recover-20220825/UBNA_002/20220823_033000.WAV,Telephone Field,recover-20220825,002,1795
1578.0325,1578.0729,68437,82288,Rhinolophus ferrumequinum,0.022,0.022,-1,Echolocation,/mnt/ubna_data_01_mir/recover-20220825/UBNA_002/20220823_033000.WAV,Telephone Field,recover-20220825,002,1795
1578.0725,1578.1122,68437,81830,Rhinolophus ferrumequinum,0.026,0.026,-1,Echolocation,/mnt/ubna_data_01_mir/recover-20220825/UBNA_002/20220823_033000.WAV,Telephone Field,recover-20220825,002,1795
1578.0795,1578.0881,29765,41494,Eptesicus serotinus,0.007,0.022,-1,Echolocation,/mnt/ubna_data_01_mir/recover-20220825/UBNA_002/20220823_033000.WAV,Telephone Field,recover-20220825,002,1795
1578.1005,1578.1086,28906,39946,Eptesicus serotinus,0.008,0.022,-1,Echolocation,/mnt/ubna_data_01_mir/recover-20220825/UBNA_002/20220823_033000.WAV,Telephone Field,recover-20220825,002,1795
1578.1165,1578.1568,68437,82576,Rhinolophus ferrumequinum,0.023,0.023,-1,Echolocation,/mnt/ubna_data_01_mir/recover-20220825/UBNA_002/20220823_033000.WAV,Telephone Field,recover-20220825,002,1795
1578.1525,1578.1915,68437,81115,Rhinolophus ferrumequinum,0.035,0.035,-1,Echolocation,/mnt/ubna_data_01_mir/recover-20220825/UBNA_002/20220823_033000.WAV,Telephone Field,recover-20220825,002,1795
1578.2015,1578.2427,68437,82919,Rhinolophus ferrumequinum,0.022,0.022,-1,Echolocation,/mnt/ubna_data_01_mir/recover-20220825/UBNA_002/20220823_033000.WAV,Telephone Field,recover-20220825,002,1795
1578.2285,1578.237,27187,39090,Eptesicus serotinus,0.008,0.021,-1,Echolocation,/mnt/ubna_data_01_mir/recover-20220825/UBNA_002/20220823_033000.WAV,Telephone Field,recover-20220825,002,1795
1578.2825,1578.2908,27187,35495,Eptesicus serotinus,0.011,0.027,-1,Echolocation,/mnt/ubna_data_01_mir/recover-20220825/UBNA_002/20220823_033000.WAV,Telephone Field,recover-20220825,002,1795
1578.3325,1578.3393,28046,45057,Eptesicus serotinus,0.007,0.022,-1,Echolocation,/mnt/ubna_data_01_mir/recover-20220825/UBNA_002/20220823_033000.WAV,Telephone Field,recover-20220825,002,1795
1578.3545,1578.3929,68437,82061,Rhinolophus ferrumequinum,0.021,0.021,-1,Echolocation,/mnt/ubna_data_01_mir/recover-20220825/UBNA_002/20220823_033000.WAV,Telephone Field,recover-20220825,002,1795
1578.3605,1578.395,68437,81254,Rhinolophus ferrumequinum,0.021,0.021,-1,Echolocation,/mnt/ubna_data_01_mir/recover-20220825/UBNA_002/20220823_033000.WAV,Telephone Field,recover-20220825,002,1795
1578.3865,1578.4288,68437,83151,Rhinolophus ferrumequinum,0.025,0.025,-1,Echolocation,/mnt/ubna_data_01_mir/recover-20220825/UBNA_002/20220823_033000.WAV,Telephone Field,recover-20220825,002,1795
1578.3945,1578.4021,28046,40686,Eptesicus serotinus,0.008,0.023,-1,Echolocation,/mnt/ubna_data_01_mir/recover-20220825/UBNA_002/20220823_033000.WAV,Telephone Field,recover-20220825,002,1795
1578.4195,1578.4282,55546,60663,Pipistrellus pygmaeus,0.019,0.021,-1,Echolocation,/mnt/ubna_data_01_mir/recover-20220825/UBNA_002/20220823_033000.WAV,Telephone Field,recover-20220825,002,1795
1578.4335,1578.4768,68437,83632,Rhinolophus ferrumequinum,0.032,0.032,-1,Echolocation,/mnt/ubna_data_01_mir/recover-20220825/UBNA_002/20220823_033000.WAV,Telephone Field,recover-20220825,002,1795
1578.4355,1578.4415,26328,43681,Plecotus auritus,0.006,0.023,-1,Echolocation,/mnt/ubna_data_01_mir/recover-20220825/UBNA_002/20220823_033000.WAV,Telephone Field,recover-20220825,002,1795
1578.4515,1578.4913999999999,68437,82816,Rhinolophus ferrumequinum,0.022,0.022,-1,Echolocation,/mnt/ubna_data_01_mir/recover-20220825/UBNA_002/20220823_033000.WAV,Telephone Field,recover-20220825,002,1795
1578.4565,1578.463,28046,40787,Eptesicus serotinus,0.005,0.021,-1,Echolocation,/mnt/ubna_data_01_mir/recover-20220825/UBNA_002/20220823_033000.WAV,Telephone Field,recover-20220825,002,1795
1578.4685,1578.4777,28906,36810,Eptesicus serotinus,0.009,0.022,-1,Echolocation,/mnt/ubna_data_01_mir/recover-20220825/UBNA_002/20220823_033000.WAV,Telephone Field,recover-20220825,002,1795
1578.4965,1578.5341,68437,82240,Rhinolophus ferrumequinum,0.021,0.021,-1,Echolocation,/mnt/ubna_data_01_mir/recover-20220825/UBNA_002/20220823_033000.WAV,Telephone Field,recover-20220825,002,1795
1578.5225,1578.53,27187,42334,Eptesicus serotinus,0.006,0.02,-1,Echolocation,/mnt/ubna_data_01_mir/recover-20220825/UBNA_002/20220823_033000.WAV,Telephone Field,recover-20220825,002,1795
1578.5295,1578.5394000000001,27187,34391,Eptesicus serotinus,0.01,0.021,-1,Echolocation,/mnt/ubna_data_01_mir/recover-20220825/UBNA_002/20220823_033000.WAV,Telephone Field,recover-20220825,002,1795
1578.5325,1578.5701,68437,81620,Rhinolophus ferrumequinum,0.022,0.022,-1,Echolocation,/mnt/ubna_data_01_mir/recover-20220825/UBNA_002/20220823_033000.WAV,Telephone Field,recover-20220825,002,1795
1578.5385,1578.5472,28046,38808,Eptesicus serotinus,0.009,0.023,-1,Echolocation,/mnt/ubna_data_01_mir/recover-20220825/UBNA_002/20220823_033000.WAV,Telephone Field,recover-20220825,002,1795
1578.5455,1578.5834,68437,82456,Rhinolophus ferrumequinum,0.021,0.021,-1,Echolocation,/mnt/ubna_data_01_mir/recover-20220825/UBNA_002/20220823_033000.WAV,Telephone Field,recover-20220825,002,1795
1578.5665,1578.6023,68437,81416,Rhinolophus ferrumequinum,0.02,0.02,-1,Echolocation,/mnt/ubna_data_01_mir/recover-20220825/UBNA_002/20220823_033000.WAV,Telephone Field,recover-20220825,002,1795
1578.5975,1578.6368,68437,82176,Rhinolophus ferrumequinum,0.02,0.02,-1,Echolocation,/mnt/ubna_data_01_mir/recover-20220825/UBNA_002/20220823_033000.WAV,Telephone Field,recover-20220825,002,1795
1578.6235,1578.6317,27187,37687,Eptesicus serotinus,0.009,0.022,-1,Echolocation,/mnt/ubna_data_01_mir/recover-20220825/UBNA_002/20220823_033000.WAV,Telephone Field,recover-20220825,002,1795
1578.6345,1578.6725,68437,82149,Rhinolophus ferrumequinum,0.022,0.022,-1,Echolocation,/mnt/ubna_data_01_mir/recover-20220825/UBNA_002/20220823_033000.WAV,Telephone Field,recover-20220825,002,1795
1578.7045,1578.7395,68437,81651,Rhinolophus ferrumequinum,0.021,0.021,-1,Echolocation,/mnt/ubna_data_01_mir/recover-20220825/UBNA_002/20220823_033000.WAV,Telephone Field,recover-20220825,002,1795
1578.7575,1578.7957,68437,80773,Rhinolophus ferrumequinum,0.023,0.023,-1,Echolocation,/mnt/ubna_data_01_mir/recover-20220825/UBNA_002/20220823_033000.WAV,Telephone Field,recover-20220825,002,1795
1578.7625,1578.7741,52109,57341,Pipistrellus pipistrellus,0.013,0.025,-1,Echolocation,/mnt/ubna_data_01_mir/recover-20220825/UBNA_002/20220823_033000.WAV,Telephone Field,recover-20220825,002,1795
1578.7675,1578.8079,68437,82900,Rhinolophus ferrumequinum,0.025,0.025,-1,Echolocation,/mnt/ubna_data_01_mir/recover-20220825/UBNA_002/20220823_033000.WAV,Telephone Field,recover-20220825,002,1795
1578.8085,1578.8472,68437,81433,Rhinolophus ferrumequinum,0.022,0.022,-1,Echolocation,/mnt/ubna_data_01_mir/recover-20220825/UBNA_002/20220823_033000.WAV,Telephone Field,recover-20220825,002,1795
1578.8275,1578.8672,68437,82318,Rhinolophus ferrumequinum,0.021,0.021,-1,Echolocation,/mnt/ubna_data_01_mir/recover-20220825/UBNA_002/20220823_033000.WAV,Telephone Field,recover-20220825,002,1795
1578.8585,1578.8934,68437,81539,Rhinolophus ferrumequinum,0.025,0.025,-1,Echolocation,/mnt/ubna_data_01_mir/recover-20220825/UBNA_002/20220823_033000.WAV,Telephone Field,recover-20220825,002,1795
1578.8705,1578.9071,68437,81528,Rhinolophus ferrumequinum,0.021,0.021,-1,Echolocation,/mnt/ubna_data_01_mir/recover-20220825/UBNA_002/20220823_033000.WAV,Telephone Field,recover-20220825,002,1795
1578.8765,1578.8853,27187,37926,Eptesicus serotinus,0.009,0.023,-1,Echolocation,/mnt/ubna_data_01_mir/recover-20220825/UBNA_002/20220823_033000.WAV,Telephone Field,recover-20220825,002,1795
1578.8875,1578.9231,68437,81196,Rhinolophus ferrumequinum,0.021,0.021,-1,Echolocation,/mnt/ubna_data_01_mir/recover-20220825/UBNA_002/20220823_033000.WAV,Telephone Field,recover-20220825,002,1795
1578.8925,1578.9277,68437,81365,Rhinolophus ferrumequinum,0.021,0.021,-1,Echolocation,/mnt/ubna_data_01_mir/recover-20220825/UBNA_002/20220823_033000.WAV,Telephone Field,recover-20220825,002,1795
1578.9115,1578.954,68437,83087,Rhinolophus ferrumequinum,0.021,0.021,-1,Echolocation,/mnt/ubna_data_01_mir/recover-20220825/UBNA_002/20220823_033000.WAV,Telephone Field,recover-20220825,002,1795
1578.9395,1578.9483,22890,30314,Plecotus austriacus,0.008,0.023,-1,Echolocation,/mnt/ubna_data_01_mir/recover-20220825/UBNA_002/20220823_033000.WAV,Telephone Field,recover-20220825,002,1795
1578.9585,1578.9985,68437,82223,Rhinolophus ferrumequinum,0.021,0.021,-1,Echolocation,/mnt/ubna_data_01_mir/recover-20220825/UBNA_002/20220823_033000.WAV,Telephone Field,recover-20220825,002,1795
1578.9625,1578.971,28906,39910,Eptesicus serotinus,0.008,0.021,-1,Echolocation,/mnt/ubna_data_01_mir/recover-20220825/UBNA_002/20220823_033000.WAV,Telephone Field,recover-20220825,002,1795
1578.9795,1578.9917,28906,34755,Eptesicus serotinus,0.02,0.035,-1,Echolocation,/mnt/ubna_data_01_mir/recover-20220825/UBNA_002/20220823_033000.WAV,Telephone Field,recover-20220825,002,1795
1578.9855,1579.0242,68437,81435,Rhinolophus ferrumequinum,0.022,0.023,-1,Echolocation,/mnt/ubna_data_01_mir/recover-20220825/UBNA_002/20220823_033000.WAV,Telephone Field,recover-20220825,002,1795
1579.0115,1579.0512,68437,82495,Rhinolophus ferrumequinum,0.023,0.023,-1,Echolocation,/mnt/ubna_data_01_mir/recover-20220825/UBNA_002/20220823_033000.WAV,Telephone Field,recover-20220825,002,1795
1579.0605,1579.0661,25468,37862,Plecotus auritus,0.024,0.057,-1,Echolocation,/mnt/ubna_data_01_mir/recover-20220825/UBNA_002/20220823_033000.WAV,Telephone Field,recover-20220825,002,1795
1579.0705,1579.1113,68437,82518,Rhinolophus ferrumequinum,0.023,0.023,-1,Echolocation,/mnt/ubna_data_01_mir/recover-20220825/UBNA_002/20220823_033000.WAV,Telephone Field,recover-20220825,002,1795
1579.1565,1579.1971,68437,81881,Rhinolophus ferrumequinum,0.02,0.02,-1,Echolocation,/mnt/ubna_data_01_mir/recover-20220825/UBNA_002/20220823_033000.WAV,Telephone Field,recover-20220825,002,1795
1579.1625,1579.1699,28046,40693,Eptesicus serotinus,0.008,0.023,-1,Echolocation,/mnt/ubna_data_01_mir/recover-20220825/UBNA_002/20220823_033000.WAV,Telephone Field,recover-20220825,002,1795
1579.1885,1579.196,24609,33621,Plecotus austriacus,0.006,0.022,-1,Echolocation,/mnt/ubna_data_01_mir/recover-20220825/UBNA_002/20220823_033000.WAV,Telephone Field,recover-20220825,002,1795
1579.1935,1579.23,68437,81649,Rhinolophus ferrumequinum,0.024,0.024,-1,Echolocation,/mnt/ubna_data_01_mir/recover-20220825/UBNA_002/20220823_033000.WAV,Telephone Field,recover-20220825,002,1795
1579.2115,1579.221,23750,30334,Nyctalus leisleri,0.008,0.025,-1,Echolocation,/mnt/ubna_data_01_mir/recover-20220825/UBNA_002/20220823_033000.WAV,Telephone Field,recover-20220825,002,1795
1579.2335,1579.2719,68437,82061,Rhinolophus ferrumequinum,0.021,0.021,-1,Echolocation,/mnt/ubna_data_01_mir/recover-20220825/UBNA_002/20220823_033000.WAV,Telephone Field,recover-20220825,002,1795
1579.2475,1579.2839,68437,81646,Rhinolophus ferrumequinum,0.02,0.02,-1,Echolocation,/mnt/ubna_data_01_mir/recover-20220825/UBNA_002/20220823_033000.WAV,Telephone Field,recover-20220825,002,1795
1579.2625,1579.3037,68437,82303,Rhinolophus ferrumequinum,0.02,0.02,-1,Echolocation,/mnt/ubna_data_01_mir/recover-20220825/UBNA_002/20220823_033000.WAV,Telephone Field,recover-20220825,002,1795
1579.2945,1579.3294,68437,81433,Rhinolophus ferrumequinum,0.022,0.022,-1,Echolocation,/mnt/ubna_data_01_mir/recover-20220825/UBNA_002/20220823_033000.WAV,Telephone Field,recover-20220825,002,1795
1579.3255,1579.3347,28046,38764,Eptesicus serotinus,0.01,0.025,-1,Echolocation,/mnt/ubna_data_01_mir/recover-20220825/UBNA_002/20220823_033000.WAV,Telephone Field,recover-20220825,002,1795
1579.3605,1579.4012,68437,81970,Rhinolophus ferrumequinum,0.022,0.022,-1,Echolocation,/mnt/ubna_data_01_mir/recover-20220825/UBNA_002/20220823_033000.WAV,Telephone Field,recover-20220825,002,1795
1579.3685,1579.407,68437,82285,Rhinolophus ferrumequinum,0.022,0.022,-1,Echolocation,/mnt/ubna_data_01_mir/recover-20220825/UBNA_002/20220823_033000.WAV,Telephone Field,recover-20220825,002,1795
1579.3745,1579.4128,68437,82334,Rhinolophus ferrumequinum,0.021,0.021,-1,Echolocation,/mnt/ubna_data_01_mir/recover-20220825/UBNA_002/20220823_033000.WAV,Telephone Field,recover-20220825,002,1795
1579.4185,1579.4336,22031,26360,Nyctalus leisleri,0.014,0.024,-1,Echolocation,/mnt/ubna_data_01_mir/recover-20220825/UBNA_002/20220823_033000.WAV,Telephone Field,recover-20220825,002,1795
1579.4885,1579.5018,29765,35827,Eptesicus serotinus,0.012,0.023,-1,Echolocation,/mnt/ubna_data_01_mir/recover-20220825/UBNA_002/20220823_033000.WAV,Telephone Field,recover-20220825,002,1795
1579.5015,1579.542,68437,82254,Rhinolophus ferrumequinum,0.023,0.023,-1,Echolocation,/mnt/ubna_data_01_mir/recover-20220825/UBNA_002/20220823_033000.WAV,Telephone Field,recover-20220825,002,1795
1579.5515,1579.5946,68437,83190,Rhinolophus ferrumequinum,0.029,0.029,-1,Echolocation,/mnt/ubna_data_01_mir/recover-20220825/UBNA_002/20220823_033000.WAV,Telephone Field,recover-20220825,002,1795
1579.5645,1579.5727,28906,40462,Eptesicus serotinus,0.008,0.021,-1,Echolocation,/mnt/ubna_data_01_mir/recover-20220825/UBNA_002/20220823_033000.WAV,Telephone Field,recover-20220825,002,1795
1579.5725,1579.5835,33203,39584,Eptesicus serotinus,0.007,0.025,-1,Echolocation,/mnt/ubna_data_01_mir/recover-20220825/UBNA_002/20220823_033000.WAV,Telephone Field,recover-20220825,002,1795
1579.5995,1579.6354,68437,81453,Rhinolophus ferrumequinum,0.02,0.02,-1,Echolocation,/mnt/ubna_data_01_mir/recover-20220825/UBNA_002/20220823_033000.WAV,Telephone Field,recover-20220825,002,1795
1579.6005,1579.609,23750,32309,Plecotus austriacus,0.007,0.028,-1,Echolocation,/mnt/ubna_data_01_mir/recover-20220825/UBNA_002/20220823_033000.WAV,Telephone Field,recover-20220825,002,1795
1579.6465,1579.6579,33203,38831,Eptesicus serotinus,0.007,0.026,-1,Echolocation,/mnt/ubna_data_01_mir/recover-20220825/UBNA_002/20220823_033000.WAV,Telephone Field,recover-20220825,002,1795
1579.6515,1579.6906,68437,81724,Rhinolophus ferrumequinum,0.021,0.021,-1,Echolocation,/mnt/ubna_data_01_mir/recover-20220825/UBNA_002/20220823_033000.WAV,Telephone Field,recover-20220825,002,1795
1579.7205,1579.7285,26328,35093,Eptesicus serotinus,0.007,0.02,-1,Echolocation,/mnt/ubna_data_01_mir/recover-20220825/UBNA_002/20220823_033000.WAV,Telephone Field,recover-20220825,002,1795
1579.7355,1579.7729,68437,82269,Rhinolophus ferrumequinum,0.023,0.023,-1,Echolocation,/mnt/ubna_data_01_mir/recover-20220825/UBNA_002/20220823_033000.WAV,Telephone Field,recover-20220825,002,1795
1579.7725,1579.7829,27187,35447,Eptesicus serotinus,0.017,0.03,-1,Echolocation,/mnt/ubna_data_01_mir/recover-20220825/UBNA_002/20220823_033000.WAV,Telephone Field,recover-20220825,002,1795
1579.7875,1579.8225,68437,80909,Rhinolophus ferrumequinum,0.021,0.021,-1,Echolocation,/mnt/ubna_data_01_mir/recover-20220825/UBNA_002/20220823_033000.WAV,Telephone Field,recover-20220825,002,1795
1579.8105,1579.8484,68437,82125,Rhinolophus ferrumequinum,0.023,0.023,-1,Echolocation,/mnt/ubna_data_01_mir/recover-20220825/UBNA_002/20220823_033000.WAV,Telephone Field,recover-20220825,002,1795
1579.8235,1579.8312,26328,35422,Eptesicus serotinus,0.007,0.02,-1,Echolocation,/mnt/ubna_data_01_mir/recover-20220825/UBNA_002/20220823_033000.WAV,Telephone Field,recover-20220825,002,1795
1579.8495,1579.8905,68437,83022,Rhinolophus ferrumequinum,0.028,0.028,-1,Echolocation,/mnt/ubna_data_01_mir/recover-20220825/UBNA_002/20220823_033000.WAV,Telephone Field,recover-20220825,002,1795
1579.8715,1579.9079,68437,81422,Rhinolophus ferrumequinum,0.021,0.022,-1,Echolocation,/mnt/ubna_data_01_mir/recover-20220825/UBNA_002/20220823_033000.WAV,Telephone Field,recover-20220825,002,1795
1579.8755,1579.8855,27187,35319,Eptesicus serotinus,0.009,0.022,-1,Echolocation,/mnt/ubna_data_01_mir/recover-20220825/UBNA_002/20220823_033000.WAV,Telephone Field,recover-20220825,002,1795
1579.8975,1579.9058,24609,31457,Nyctalus leisleri,0.006,0.021,-1,Echolocation,/mnt/ubna_data_01_mir/recover-20220825/UBNA_002/20220823_033000.WAV,Telephone Field,recover-20220825,002,1795
1579.9315,1579.9699,68437,81603,Rhinolophus ferrumequinum,0.022,0.022,-1,Echolocation,/mnt/ubna_data_01_mir/recover-20220825/UBNA_002/20220823_033000.WAV,Telephone Field,recover-20220825,002,1795
1579.9635,1579.9979,68437,81405,Rhinolophus ferrumequinum,0.02,0.02,-1,Echolocation,/mnt/ubna_data_01_mir/recover-20220825/UBNA_002/20220823_033000.WAV,Telephone Field,recover-20220825,002,1795
1579.9855,1579.9961,28906,36416,Eptesicus serotinus,0.012,0.027,-1,Echolocation,/mnt/ubna_data_01_mir/recover-20220825/UBNA_002/20220823_033000.WAV,Telephone Field,recover-20220825,002,1795
1580.0015,1580.0104,48671,53622,Pipistrellus pipistrellus,0.022,0.027,-1,Echolocation,/mnt/ubna_data_01_mir/recover-20220825/UBNA_002/20220823_033000.WAV,Telephone Field,recover-20220825,002,1795
1580.0015,1580.0106,21171,26688,Nyctalus leisleri,0.008,0.021,-1,Echolocation,/mnt/ubna_data_01_mir/recover-20220825/UBNA_002/20220823_033000.WAV,Telephone Field,recover-20220825,002,1795
1580.0395,1580.0799,68437,81783,Rhinolophus ferrumequinum,0.023,0.023,-1,Echolocation,/mnt/ubna_data_01_mir/recover-20220825/UBNA_002/20220823_033000.WAV,Telephone Field,recover-20220825,002,1795
1580.1455,1580.1541,28046,36928,Eptesicus serotinus,0.009,0.022,-1,Echolocation,/mnt/ubna_data_01_mir/recover-20220825/UBNA_002/20220823_033000.WAV,Telephone Field,recover-20220825,002,1795
1580.1505,1580.187,68437,82123,Rhinolophus ferrumequinum,0.023,0.023,-1,Echolocation,/mnt/ubna_data_01_mir/recover-20220825/UBNA_002/20220823_033000.WAV,Telephone Field,recover-20220825,002,1795
1580.1665,1580.2019,68437,81370,Rhinolophus ferrumequinum,0.025,0.025,-1,Echolocation,/mnt/ubna_data_01_mir/recover-20220825/UBNA_002/20220823_033000.WAV,Telephone Field,recover-20220825,002,1795
1580.1845,1580.1905,28046,40798,Eptesicus serotinus,0.007,0.035,-1,Echolocation,/mnt/ubna_data_01_mir/recover-20220825/UBNA_002/20220823_033000.WAV,Telephone Field,recover-20220825,002,1795
1580.1995,1580.2395,68437,82519,Rhinolophus ferrumequinum,0.022,0.022,-1,Echolocation,/mnt/ubna_data_01_mir/recover-20220825/UBNA_002/20220823_033000.WAV,Telephone Field,recover-20220825,002,1795
1580.2335,1580.2735,68437,82421,Rhinolophus ferrumequinum,0.025,0.025,-1,Echolocation,/mnt/ubna_data_01_mir/recover-20220825/UBNA_002/20220823_033000.WAV,Telephone Field,recover-20220825,002,1795
1580.2485,1580.2853,68437,81669,Rhinolophus ferrumequinum,0.022,0.022,-1,Echolocation,/mnt/ubna_data_01_mir/recover-20220825/UBNA_002/20220823_033000.WAV,Telephone Field,recover-20220825,002,1795
1580.2825,1580.3185,68437,81778,Rhinolophus ferrumequinum,0.024,0.024,-1,Echolocation,/mnt/ubna_data_01_mir/recover-20220825/UBNA_002/20220823_033000.WAV,Telephone Field,recover-20220825,002,1795
1580.3205,1580.3307,24609,31799,Eptesicus serotinus,0.008,0.023,-1,Echolocation,/mnt/ubna_data_01_mir/recover-20220825/UBNA_002/20220823_033000.WAV,Telephone Field,recover-20220825,002,1795
1580.3595,1580.3983,68437,82266,Rhinolophus ferrumequinum,0.024,0.024,-1,Echolocation,/mnt/ubna_data_01_mir/recover-20220825/UBNA_002/20220823_033000.WAV,Telephone Field,recover-20220825,002,1795
1580.3685,1580.3826,27187,32691,Eptesicus serotinus,0.014,0.029,-1,Echolocation,/mnt/ubna_data_01_mir/recover-20220825/UBNA_002/20220823_033000.WAV,Telephone Field,recover-20220825,002,1795
1580.3995,1580.4081,25468,34191,Eptesicus serotinus,0.007,0.021,-1,Echolocation,/mnt/ubna_data_01_mir/recover-20220825/UBNA_002/20220823_033000.WAV,Telephone Field,recover-20220825,002,1795
1580.4435,1580.4828,68437,82737,Rhinolophus ferrumequinum,0.025,0.025,-1,Echolocation,/mnt/ubna_data_01_mir/recover-20220825/UBNA_002/20220823_033000.WAV,Telephone Field,recover-20220825,002,1795
1580.4735,1580.4852,28906,36000,Eptesicus serotinus,0.013,0.025,-1,Echolocation,/mnt/ubna_data_01_mir/recover-20220825/UBNA_002/20220823_033000.WAV,Telephone Field,recover-20220825,002,1795
1580.4905,1580.5296,68437,82634,Rhinolophus ferrumequinum,0.023,0.023,-1,Echolocation,/mnt/ubna_data_01_mir/recover-20220825/UBNA_002/20220823_033000.WAV,Telephone Field,recover-20220825,002,1795
1580.5325,1580.571,68437,82061,Rhinolophus ferrumequinum,0.023,0.023,-1,Echolocation,/mnt/ubna_data_01_mir/recover-20220825/UBNA_002/20220823_033000.WAV,Telephone Field,recover-20220825,002,1795
1580.5495,1580.5598,37500,42971,Pipistrellus nathusii,0.026,0.042,-1,Echolocation,/mnt/ubna_data_01_mir/recover-20220825/UBNA_002/20220823_033000.WAV,Telephone Field,recover-20220825,002,1795
1580.5685,1580.6061,68437,81591,Rhinolophus ferrumequinum,0.022,0.022,-1,Echolocation,/mnt/ubna_data_01_mir/recover-20220825/UBNA_002/20220823_033000.WAV,Telephone Field,recover-20220825,002,1795
1580.5785,1580.586,28046,41558,Eptesicus serotinus,0.009,0.026,-1,Echolocation,/mnt/ubna_data_01_mir/recover-20220825/UBNA_002/20220823_033000.WAV,Telephone Field,recover-20220825,002,1795
1580.5915,1580.6314,68437,82505,Rhinolophus ferrumequinum,0.027,0.027,-1,Echolocation,/mnt/ubna_data_01_mir/recover-20220825/UBNA_002/20220823_033000.WAV,Telephone Field,recover-20220825,002,1795
1580.6125,1580.6491,68437,82590,Rhinolophus ferrumequinum,0.024,0.024,-1,Echolocation,/mnt/ubna_data_01_mir/recover-20220825/UBNA_002/20220823_033000.WAV,Telephone Field,recover-20220825,002,1795
1580.6245,1580.6628,68437,82132,Rhinolophus ferrumequinum,0.023,0.023,-1,Echolocation,/mnt/ubna_data_01_mir/recover-20220825/UBNA_002/20220823_033000.WAV,Telephone Field,recover-20220825,002,1795
1580.6735,1580.6834,23750,29466,Nyctalus leisleri,0.01,0.021,-1,Echolocation,/mnt/ubna_data_01_mir/recover-20220825/UBNA_002/20220823_033000.WAV,Telephone Field,recover-20220825,002,1795
1580.6745,1580.7085,68437,80549,Rhinolophus ferrumequinum,0.021,0.021,-1,Echolocation,/mnt/ubna_data_01_mir/recover-20220825/UBNA_002/20220823_033000.WAV,Telephone Field,recover-20220825,002,1795
1580.7015,1580.7141,22031,26414,Nyctalus leisleri,0.013,0.025,-1,Echolocation,/mnt/ubna_data_01_mir/recover-20220825/UBNA_002/20220823_033000.WAV,Telephone Field,recover-20220825,002,1795
1580.7035,1580.7105999999999,28046,37796,Eptesicus serotinus,0.008,0.023,-1,Echolocation,/mnt/ubna_data_01_mir/recover-20220825/UBNA_002/20220823_033000.WAV,Telephone Field,recover-20220825,002,1795
1580.7045,1580.7424,68437,81860,Rhinolophus ferrumequinum,0.021,0.021,-1,Echolocation,/mnt/ubna_data_01_mir/recover-20220825/UBNA_002/20220823_033000.WAV,Telephone Field,recover-20220825,002,1795
1580.7515,1580.7917,68437,82901,Rhinolophus ferrumequinum,0.024,0.024,-1,Echolocation,/mnt/ubna_data_01_mir/recover-20220825/UBNA_002/20220823_033000.WAV,Telephone Field,recover-20220825,002,1795
1580.7725,1580.8172,68437,83334,Rhinolophus ferrumequinum,0.037,0.037,-1,Echolocation,/mnt/ubna_data_01_mir/recover-20220825/UBNA_002/20220823_033000.WAV,Telephone Field,recover-20220825,002,1795
1580.8085,1580.8176,28046,36918,Eptesicus serotinus,0.019,0.037,-1,Echolocation,/mnt/ubna_data_01_mir/recover-20220825/UBNA_002/20220823_033000.WAV,Telephone Field,recover-20220825,002,1795
1580.8225,1580.8592,68437,82081,Rhinolophus ferrumequinum,0.024,0.024,-1,Echolocation,/mnt/ubna_data_01_mir/recover-20220825/UBNA_002/20220823_033000.WAV,Telephone Field,recover-20220825,002,1795
1580.8485,1580.8602,25468,33175,Eptesicus serotinus,0.014,0.029,-1,Echolocation,/mnt/ubna_data_01_mir/recover-20220825/UBNA_002/20220823_033000.WAV,Telephone Field,recover-20220825,002,1795
1580.8515,1580.8915,68437,82510,Rhinolophus ferrumequinum,0.022,0.022,-1,Echolocation,/mnt/ubna_data_01_mir/recover-20220825/UBNA_002/20220823_033000.WAV,Telephone Field,recover-20220825,002,1795
1580.8535,1580.8601,47812,54409,Pipistrellus pipistrellus,0.026,0.028,-1,Echolocation,/mnt/ubna_data_01_mir/recover-20220825/UBNA_002/20220823_033000.WAV,Telephone Field,recover-20220825,002,1795
1580.8645,1580.8984,68437,81725,Rhinolophus ferrumequinum,0.021,0.022,-1,Echolocation,/mnt/ubna_data_01_mir/recover-20220825/UBNA_002/20220823_033000.WAV,Telephone Field,recover-20220825,002,1795
1580.8715,1580.9092,68437,81819,Rhinolophus ferrumequinum,0.021,0.021,-1,Echolocation,/mnt/ubna_data_01_mir/recover-20220825/UBNA_002/20220823_033000.WAV,Telephone Field,recover-20220825,002,1795
1580.8865,1580.8958,22890,29465,Plecotus austriacus,0.007,0.021,-1,Echolocation,/mnt/ubna_data_01_mir/recover-20220825/UBNA_002/20220823_033000.WAV,Telephone Field,recover-20220825,002,1795
1580.9335,1580.9426,28906,38379,Eptesicus serotinus,0.008,0.022,-1,Echolocation,/mnt/ubna_data_01_mir/recover-20220825/UBNA_002/20220823_033000.WAV,Telephone Field,recover-20220825,002,1795
1580.9465,1580.9865,68437,82350,Rhinolophus ferrumequinum,0.025,0.025,-1,Echolocation,/mnt/ubna_data_01_mir/recover-20220825/UBNA_002/20220823_033000.WAV,Telephone Field,recover-20220825,002,1795
1580.9645,1581.0036,68437,82023,Rhinolophus ferrumequinum,0.021,0.021,-1,Echolocation,/mnt/ubna_data_01_mir/recover-20220825/UBNA_002/20220823_033000.WAV,Telephone Field,recover-20220825,002,1795
1580.9855,1580.9989,23750,29456,Nyctalus leisleri,0.286,0.548,-1,Echolocation,/mnt/ubna_data_01_mir/recover-20220825/UBNA_002/20220823_033000.WAV,Telephone Field,recover-20220825,002,1795
1581.0795,1581.1202,68437,81780,Rhinolophus ferrumequinum,0.021,0.021,-1,Echolocation,/mnt/ubna_data_01_mir/recover-20220825/UBNA_002/20220823_033000.WAV,Telephone Field,recover-20220825,002,1795
1581.0875,1581.0955,47812,54988,Pipistrellus pipistrellus,0.021,0.022,-1,Echolocation,/mnt/ubna_data_01_mir/recover-20220825/UBNA_002/20220823_033000.WAV,Telephone Field,recover-20220825,002,1795
1581.0885,1581.0965,23750,31765,Plecotus austriacus,0.007,0.021,-1,Echolocation,/mnt/ubna_data_01_mir/recover-20220825/UBNA_002/20220823_033000.WAV,Telephone Field,recover-20220825,002,1795
1581.1085,1581.1187,22890,28370,Nyctalus leisleri,0.01,0.022,-1,Echolocation,/mnt/ubna_data_01_mir/recover-20220825/UBNA_002/20220823_033000.WAV,Telephone Field,recover-20220825,002,1795
1581.1355,1581.1499,22031,27089,Nyctalus leisleri,0.023,0.049,-1,Echolocation,/mnt/ubna_data_01_mir/recover-20220825/UBNA_002/20220823_033000.WAV,Telephone Field,recover-20220825,002,1795
1581.1525,1581.1894,68437,81517,Rhinolophus ferrumequinum,0.022,0.022,-1,Echolocation,/mnt/ubna_data_01_mir/recover-20220825/UBNA_002/20220823_033000.WAV,Telephone Field,recover-20220825,002,1795
1581.1885,1581.2274,68437,82452,Rhinolophus ferrumequinum,0.027,0.027,-1,Echolocation,/mnt/ubna_data_01_mir/recover-20220825/UBNA_002/20220823_033000.WAV,Telephone Field,recover-20220825,002,1795
1581.2135,1581.2234,28046,35703,Eptesicus serotinus,0.011,0.024,-1,Echolocation,/mnt/ubna_data_01_mir/recover-20220825/UBNA_002/20220823_033000.WAV,Telephone Field,recover-20220825,002,1795
1581.2215,1581.2307,28906,37416,Eptesicus serotinus,0.011,0.027,-1,Echolocation,/mnt/ubna_data_01_mir/recover-20220825/UBNA_002/20220823_033000.WAV,Telephone Field,recover-20220825,002,1795
1581.2595,1581.2669,23750,32205,Plecotus austriacus,0.008,0.021,-1,Echolocation,/mnt/ubna_data_01_mir/recover-20220825/UBNA_002/20220823_033000.WAV,Telephone Field,recover-20220825,002,1795
1581.3065,1581.3221,23750,27634,Nyctalus leisleri,0.075,0.153,-1,Echolocation,/mnt/ubna_data_01_mir/recover-20220825/UBNA_002/20220823_033000.WAV,Telephone Field,recover-20220825,002,1795
1581.3425,1581.3491,28046,39224,Eptesicus serotinus,0.008,0.026,-1,Echolocation,/mnt/ubna_data_01_mir/recover-20220825/UBNA_002/20220823_033000.WAV,Telephone Field,recover-20220825,002,1795
1581.3705,1581.4092,68437,82077,Rhinolophus ferrumequinum,0.022,0.022,-1,Echolocation,/mnt/ubna_data_01_mir/recover-20220825/UBNA_002/20220823_033000.WAV,Telephone Field,recover-20220825,002,1795
1581.3905,1581.4002,28046,36304,Eptesicus serotinus,0.009,0.022,-1,Echolocation,/mnt/ubna_data_01_mir/recover-20220825/UBNA_002/20220823_033000.WAV,Telephone Field,recover-20220825,002,1795
1581.4085,1581.4489,68437,82801,Rhinolophus ferrumequinum,0.026,0.026,-1,Echolocation,/mnt/ubna_data_01_mir/recover-20220825/UBNA_002/20220823_033000.WAV,Telephone Field,recover-20220825,002,1795
1581.4395,1581.4498,24609,32180,Eptesicus serotinus,0.011,0.025,-1,Echolocation,/mnt/ubna_data_01_mir/recover-20220825/UBNA_002/20220823_033000.WAV,Telephone Field,recover-20220825,002,1795
1581.4835,1581.5264,68437,83562,Rhinolophus ferrumequinum,0.031,0.031,-1,Echolocation,/mnt/ubna_data_01_mir/recover-20220825/UBNA_002/20220823_033000.WAV,Telephone Field,recover-20220825,002,1795
1581.4935,1581.5039,28046,36166,Eptesicus serotinus,0.012,0.026,-1,Echolocation,/mnt/ubna_data_01_mir/recover-20220825/UBNA_002/20220823_033000.WAV,Telephone Field,recover-20220825,002,1795
1581.5375,1581.5451,28046,39537,Eptesicus serotinus,0.008,0.023,-1,Echolocation,/mnt/ubna_data_01_mir/recover-20220825/UBNA_002/20220823_033000.WAV,Telephone Field,recover-20220825,002,1795
1581.5555,1581.5666,22031,26578,Nyctalus leisleri,0.011,0.022,-1,Echolocation,/mnt/ubna_data_01_mir/recover-20220825/UBNA_002/20220823_033000.WAV,Telephone Field,recover-20220825,002,1795
1581.6355,1581.6433,33203,45609,Myotis daubentonii,0.008,0.023,-1,Echolocation,/mnt/ubna_data_01_mir/recover-20220825/UBNA_002/20220823_033000.WAV,Telephone Field,recover-20220825,002,1795
1581.6355,1581.6437,28046,40937,Eptesicus serotinus,0.009,0.026,-1,Echolocation,/mnt/ubna_data_01_mir/recover-20220825/UBNA_002/20220823_033000.WAV,Telephone Field,recover-20220825,002,1795
1581.6755,1581.7129,68437,82027,Rhinolophus ferrumequinum,0.022,0.022,-1,Echolocation,/mnt/ubna_data_01_mir/recover-20220825/UBNA_002/20220823_033000.WAV,Telephone Field,recover-20220825,002,1795
1581.6935,1581.731,68437,81730,Rhinolophus ferrumequinum,0.022,0.022,-1,Echolocation,/mnt/ubna_data_01_mir/recover-20220825/UBNA_002/20220823_033000.WAV,Telephone Field,recover-20220825,002,1795
1581.6975,1581.7049,27187,41207,Eptesicus serotinus,0.008,0.029,-1,Echolocation,/mnt/ubna_data_01_mir/recover-20220825/UBNA_002/20220823_033000.WAV,Telephone Field,recover-20220825,002,1795
1581.6975,1581.7034,34062,44284,Myotis daubentonii,0.007,0.023,-1,Echolocation,/mnt/ubna_data_01_mir/recover-20220825/UBNA_002/20220823_033000.WAV,Telephone Field,recover-20220825,002,1795
1581.7125,1581.7477,68437,81147,Rhinolophus ferrumequinum,0.024,0.024,-1,Echolocation,/mnt/ubna_data_01_mir/recover-20220825/UBNA_002/20220823_033000.WAV,Telephone Field,recover-20220825,002,1795
1581.7265,1581.7654,68437,82775,Rhinolophus ferrumequinum,0.023,0.023,-1,Echolocation,/mnt/ubna_data_01_mir/recover-20220825/UBNA_002/20220823_033000.WAV,Telephone Field,recover-20220825,002,1795
1581.7325,1581.7435,22890,28372,Nyctalus leisleri,0.012,0.024,-1,Echolocation,/mnt/ubna_data_01_mir/recover-20220825/UBNA_002/20220823_033000.WAV,Telephone Field,recover-20220825,002,1795
1581.7575,1581.7989,68437,83029,Rhinolophus ferrumequinum,0.025,0.025,-1,Echolocation,/mnt/ubna_data_01_mir/recover-20220825/UBNA_002/20220823_033000.WAV,Telephone Field,recover-20220825,002,1795
1581.7635,1581.7723,28046,38165,Eptesicus serotinus,0.009,0.023,-1,Echolocation,/mnt/ubna_data_01_mir/recover-20220825/UBNA_002/20220823_033000.WAV,Telephone Field,recover-20220825,002,1795
1581.7775,1581.7975,21171,24572,Nyctalus leisleri,0.022,0.043,-1,Echolocation,/mnt/ubna_data_01_mir/recover-20220825/UBNA_002/20220823_033000.WAV,Telephone Field,recover-20220825,002,1795
1581.7905,1581.7972,28046,38774,Eptesicus serotinus,0.007,0.028,-1,Echolocation,/mnt/ubna_data_01_mir/recover-20220825/UBNA_002/20220823_033000.WAV,Telephone Field,recover-20220825,002,1795
1581.8225,1581.8616,68437,82620,Rhinolophus ferrumequinum,0.022,0.022,-1,Echolocation,/mnt/ubna_data_01_mir/recover-20220825/UBNA_002/20220823_033000.WAV,Telephone Field,recover-20220825,002,1795
1581.8495,1581.888,68437,82335,Rhinolophus ferrumequinum,0.024,0.024,-1,Echolocation,/mnt/ubna_data_01_mir/recover-20220825/UBNA_002/20220823_033000.WAV,Telephone Field,recover-20220825,002,1795
1581.9255,1581.9455,20312,22900,Nyctalus leisleri,0.018,0.033,-1,Echolocation,/mnt/ubna_data_01_mir/recover-20220825/UBNA_002/20220823_033000.WAV,Telephone Field,recover-20220825,002,1795
1581.9515,1581.9927,68437,83290,Rhinolophus ferrumequinum,0.033,0.033,-1,Echolocation,/mnt/ubna_data_01_mir/recover-20220825/UBNA_002/20220823_033000.WAV,Telephone Field,recover-20220825,002,1795
1581.9515,1581.9599,26328,36413,Eptesicus serotinus,0.019,0.048,-1,Echolocation,/mnt/ubna_data_01_mir/recover-20220825/UBNA_002/20220823_033000.WAV,Telephone Field,recover-20220825,002,1795
1582.0015,1582.0317,69296,81048,Rhinolophus ferrumequinum,0.036,0.036,-1,Echolocation,/mnt/ubna_data_01_mir/recover-20220825/UBNA_002/20220823_033000.WAV,Telephone Field,recover-20220825,002,1795
1582.0015,1582.0111,26328,34804,Eptesicus serotinus,0.008,0.027,-1,Echolocation,/mnt/ubna_data_01_mir/recover-20220825/UBNA_002/20220823_033000.WAV,Telephone Field,recover-20220825,002,1795
1582.0095,1582.0204,22890,27748,Nyctalus leisleri,0.009,0.022,-1,Echolocation,/mnt/ubna_data_01_mir/recover-20220825/UBNA_002/20220823_033000.WAV,Telephone Field,recover-20220825,002,1795
1582.0155,1582.0229,25468,33510,Eptesicus serotinus,0.006,0.022,-1,Echolocation,/mnt/ubna_data_01_mir/recover-20220825/UBNA_002/20220823_033000.WAV,Telephone Field,recover-20220825,002,1795
1582.0765,1582.1122,68437,81748,Rhinolophus ferrumequinum,0.024,0.024,-1,Echolocation,/mnt/ubna_data_01_mir/recover-20220825/UBNA_002/20220823_033000.WAV,Telephone Field,recover-20220825,002,1795
1582.0765,1582.084,28906,39325,Eptesicus serotinus,0.007,0.022,-1,Echolocation,/mnt/ubna_data_01_mir/recover-20220825/UBNA_002/20220823_033000.WAV,Telephone Field,recover-20220825,002,1795
1582.1235,1582.1628,68437,82738,Rhinolophus ferrumequinum,0.022,0.022,-1,Echolocation,/mnt/ubna_data_01_mir/recover-20220825/UBNA_002/20220823_033000.WAV,Telephone Field,recover-20220825,002,1795
1582.1345,1582.1719,68437,82059,Rhinolophus ferrumequinum,0.021,0.021,-1,Echolocation,/mnt/ubna_data_01_mir/recover-20220825/UBNA_002/20220823_033000.WAV,Telephone Field,recover-20220825,002,1795
1582.1365,1582.1432,23750,32604,Plecotus austriacus,0.01,0.025,-1,Echolocation,/mnt/ubna_data_01_mir/recover-20220825/UBNA_002/20220823_033000.WAV,Telephone Field,recover-20220825,002,1795
1582.1705,1582.178,24609,33761,Plecotus austriacus,0.008,0.021,-1,Echolocation,/mnt/ubna_data_01_mir/recover-20220825/UBNA_002/20220823_033000.WAV,Telephone Field,recover-20220825,002,1795
1582.1915,1582.1981,27187,42741,Eptesicus serotinus,0.008,0.027,-1,Echolocation,/mnt/ubna_data_01_mir/recover-20220825/UBNA_002/20220823_033000.WAV,Telephone Field,recover-20220825,002,1795
1582.2005,1582.2121,39218,43588,Pipistrellus nathusii,0.017,0.025,-1,Echolocation,/mnt/ubna_data_01_mir/recover-20220825/UBNA_002/20220823_033000.WAV,Telephone Field,recover-20220825,002,1795
1582.2205,1582.2306,23750,31021,Eptesicus serotinus,0.007,0.022,-1,Echolocation,/mnt/ubna_data_01_mir/recover-20220825/UBNA_002/20220823_033000.WAV,Telephone Field,recover-20220825,002,1795
1582.2385,1582.2456,24609,33521,Plecotus austriacus,0.008,0.022,-1,Echolocation,/mnt/ubna_data_01_mir/recover-20220825/UBNA_002/20220823_033000.WAV,Telephone Field,recover-20220825,002,1795
1582.2655,1582.2739,25468,34137,Eptesicus serotinus,0.007,0.021,-1,Echolocation,/mnt/ubna_data_01_mir/recover-20220825/UBNA_002/20220823_033000.WAV,Telephone Field,recover-20220825,002,1795
1582.2815,1582.322,68437,82043,Rhinolophus ferrumequinum,0.027,0.027,-1,Echolocation,/mnt/ubna_data_01_mir/recover-20220825/UBNA_002/20220823_033000.WAV,Telephone Field,recover-20220825,002,1795
1582.2855,1582.2931,28046,41540,Eptesicus serotinus,0.008,0.023,-1,Echolocation,/mnt/ubna_data_01_mir/recover-20220825/UBNA_002/20220823_033000.WAV,Telephone Field,recover-20220825,002,1795
1582.3505,1582.3923,68437,83167,Rhinolophus ferrumequinum,0.028,0.028,-1,Echolocation,/mnt/ubna_data_01_mir/recover-20220825/UBNA_002/20220823_033000.WAV,Telephone Field,recover-20220825,002,1795
1582.3775,1582.39,22890,28003,Nyctalus leisleri,0.01,0.021,-1,Echolocation,/mnt/ubna_data_01_mir/recover-20220825/UBNA_002/20220823_033000.WAV,Telephone Field,recover-20220825,002,1795
1582.3945,1582.4319,68437,82326,Rhinolophus ferrumequinum,0.023,0.023,-1,Echolocation,/mnt/ubna_data_01_mir/recover-20220825/UBNA_002/20220823_033000.WAV,Telephone Field,recover-20220825,002,1795
1582.4485,1582.4879,68437,82410,Rhinolophus ferrumequinum,0.026,0.026,-1,Echolocation,/mnt/ubna_data_01_mir/recover-20220825/UBNA_002/20220823_033000.WAV,Telephone Field,recover-20220825,002,1795
1582.4825,1582.4921,28046,37824,Eptesicus serotinus,0.009,0.021,-1,Echolocation,/mnt/ubna_data_01_mir/recover-20220825/UBNA_002/20220823_033000.WAV,Telephone Field,recover-20220825,002,1795
1582.4825,1582.5211,68437,82614,Rhinolophus ferrumequinum,0.023,0.023,-1,Echolocation,/mnt/ubna_data_01_mir/recover-20220825/UBNA_002/20220823_033000.WAV,Telephone Field,recover-20220825,002,1795
1582.5415,1582.5775,68437,81622,Rhinolophus ferrumequinum,0.021,0.021,-1,Echolocation,/mnt/ubna_data_01_mir/recover-20220825/UBNA_002/20220823_033000.WAV,Telephone Field,recover-20220825,002,1795
1582.5885,1582.5971,26328,36799,Eptesicus serotinus,0.01,0.026,-1,Echolocation,/mnt/ubna_data_01_mir/recover-20220825/UBNA_002/20220823_033000.WAV,Telephone Field,recover-20220825,002,1795
1582.6045,1582.6431,68437,81311,Rhinolophus ferrumequinum,0.021,0.021,-1,Echolocation,/mnt/ubna_data_01_mir/recover-20220825/UBNA_002/20220823_033000.WAV,Telephone Field,recover-20220825,002,1795
1582.6195,1582.6284,25468,33410,Nyctalus leisleri,0.007,0.023,-1,Echolocation,/mnt/ubna_data_01_mir/recover-20220825/UBNA_002/20220823_033000.WAV,Telephone Field,recover-20220825,002,1795
1582.6345,1582.6424,27187,38437,Eptesicus serotinus,0.008,0.022,-1,Echolocation,/mnt/ubna_data_01_mir/recover-20220825/UBNA_002/20220823_033000.WAV,Telephone Field,recover-20220825,002,1795
1582.6545,1582.6942,68437,82749,Rhinolophus ferrumequinum,0.023,0.023,-1,Echolocation,/mnt/ubna_data_01_mir/recover-20220825/UBNA_002/20220823_033000.WAV,Telephone Field,recover-20220825,002,1795
1582.6555,1582.6612,35781,47238,Barbastellus barbastellus,0.005,0.021,-1,Echolocation,/mnt/ubna_data_01_mir/recover-20220825/UBNA_002/20220823_033000.WAV,Telephone Field,recover-20220825,002,1795
1582.6575,1582.6644000000001,24609,40030,Plecotus austriacus,0.009,0.029,-1,Echolocation,/mnt/ubna_data_01_mir/recover-20220825/UBNA_002/20220823_033000.WAV,Telephone Field,recover-20220825,002,1795
1582.6775,1582.6928,22031,25225,Nyctalus leisleri,0.017,0.029,-1,Echolocation,/mnt/ubna_data_01_mir/recover-20220825/UBNA_002/20220823_033000.WAV,Telephone Field,recover-20220825,002,1795
1582.6775,1582.7116,68437,80839,Rhinolophus ferrumequinum,0.02,0.021,-1,Echolocation,/mnt/ubna_data_01_mir/recover-20220825/UBNA_002/20220823_033000.WAV,Telephone Field,recover-20220825,002,1795
1582.6915,1582.7329,68437,83394,Rhinolophus ferrumequinum,0.025,0.025,-1,Echolocation,/mnt/ubna_data_01_mir/recover-20220825/UBNA_002/20220823_033000.WAV,Telephone Field,recover-20220825,002,1795
1582.7585,1582.7656,28906,41345,Eptesicus serotinus,0.006,0.02,-1,Echolocation,/mnt/ubna_data_01_mir/recover-20220825/UBNA_002/20220823_033000.WAV,Telephone Field,recover-20220825,002,1795
1582.7855,1582.8243,68437,82132,Rhinolophus ferrumequinum,0.021,0.021,-1,Echolocation,/mnt/ubna_data_01_mir/recover-20220825/UBNA_002/20220823_033000.WAV,Telephone Field,recover-20220825,002,1795
1582.7875,1582.7958,28906,39230,Eptesicus serotinus,0.008,0.021,-1,Echolocation,/mnt/ubna_data_01_mir/recover-20220825/UBNA_002/20220823_033000.WAV,Telephone Field,recover-20220825,002,1795
1582.8135,1582.8515,68437,81624,Rhinolophus ferrumequinum,0.022,0.022,-1,Echolocation,/mnt/ubna_data_01_mir/recover-20220825/UBNA_002/20220823_033000.WAV,Telephone Field,recover-20220825,002,1795
1582.8195,1582.8568,68437,82103,Rhinolophus ferrumequinum,0.022,0.022,-1,Echolocation,/mnt/ubna_data_01_mir/recover-20220825/UBNA_002/20220823_033000.WAV,Telephone Field,recover-20220825,002,1795
1582.8555,1582.89,68437,80851,Rhinolophus ferrumequinum,0.021,0.021,-1,Echolocation,/mnt/ubna_data_01_mir/recover-20220825/UBNA_002/20220823_033000.WAV,Telephone Field,recover-20220825,002,1795
1582.9015,1582.9087,28906,39500,Eptesicus serotinus,0.008,0.023,-1,Echolocation,/mnt/ubna_data_01_mir/recover-20220825/UBNA_002/20220823_033000.WAV,Telephone Field,recover-20220825,002,1795
1582.9125,1582.9518,68437,81918,Rhinolophus ferrumequinum,0.021,0.021,-1,Echolocation,/mnt/ubna_data_01_mir/recover-20220825/UBNA_002/20220823_033000.WAV,Telephone Field,recover-20220825,002,1795
1582.9315,1582.938,28046,39370,Eptesicus serotinus,0.007,0.027,-1,Echolocation,/mnt/ubna_data_01_mir/recover-20220825/UBNA_002/20220823_033000.WAV,Telephone Field,recover-20220825,002,1795
1582.9575,1582.9963,68437,82596,Rhinolophus ferrumequinum,0.023,0.023,-1,Echolocation,/mnt/ubna_data_01_mir/recover-20220825/UBNA_002/20220823_033000.WAV,Telephone Field,recover-20220825,002,1795
1583.0165,1583.0219,27187,41540,Plecotus auritus,0.012,0.035,-1,Echolocation,/mnt/ubna_data_01_mir/recover-20220825/UBNA_002/20220823_033000.WAV,Telephone Field,recover-20220825,002,1795
1583.0445,1583.0515,50390,56482,Pipistrellus pipistrellus,0.019,0.023,-1,Echolocation,/mnt/ubna_data_01_mir/recover-20220825/UBNA_002/20220823_033000.WAV,Telephone Field,recover-20220825,002,1795
1583.0635,1583.1039,68437,82540,Rhinolophus ferrumequinum,0.022,0.022,-1,Echolocation,/mnt/ubna_data_01_mir/recover-20220825/UBNA_002/20220823_033000.WAV,Telephone Field,recover-20220825,002,1795
1583.0895,1583.1291,68437,81895,Rhinolophus ferrumequinum,0.022,0.022,-1,Echolocation,/mnt/ubna_data_01_mir/recover-20220825/UBNA_002/20220823_033000.WAV,Telephone Field,recover-20220825,002,1795
1583.1135,1583.135,22890,26254,Nyctalus leisleri,0.023,0.045,-1,Echolocation,/mnt/ubna_data_01_mir/recover-20220825/UBNA_002/20220823_033000.WAV,Telephone Field,recover-20220825,002,1795
1583.1515,1583.1892,68437,81587,Rhinolophus ferrumequinum,0.023,0.023,-1,Echolocation,/mnt/ubna_data_01_mir/recover-20220825/UBNA_002/20220823_033000.WAV,Telephone Field,recover-20220825,002,1795
1583.1665,1583.1753,43515,47354,Pipistrellus pipistrellus,0.021,0.025,-1,Echolocation,/mnt/ubna_data_01_mir/recover-20220825/UBNA_002/20220823_033000.WAV,Telephone Field,recover-20220825,002,1795
1583.1715,1583.2081,68437,81794,Rhinolophus ferrumequinum,0.021,0.022,-1,Echolocation,/mnt/ubna_data_01_mir/recover-20220825/UBNA_002/20220823_033000.WAV,Telephone Field,recover-20220825,002,1795
1583.2055,1583.2445,68437,81875,Rhinolophus ferrumequinum,0.023,0.023,-1,Echolocation,/mnt/ubna_data_01_mir/recover-20220825/UBNA_002/20220823_033000.WAV,Telephone Field,recover-20220825,002,1795
1583.2395,1583.2502,23750,29891,Nyctalus leisleri,0.011,0.026,-1,Echolocation,/mnt/ubna_data_01_mir/recover-20220825/UBNA_002/20220823_033000.WAV,Telephone Field,recover-20220825,002,1795
1583.2575,1583.265,22890,30946,Plecotus austriacus,0.012,0.025,-1,Echolocation,/mnt/ubna_data_01_mir/recover-20220825/UBNA_002/20220823_033000.WAV,Telephone Field,recover-20220825,002,1795
1583.2935,1583.3302,68437,81226,Rhinolophus ferrumequinum,0.022,0.023,-1,Echolocation,/mnt/ubna_data_01_mir/recover-20220825/UBNA_002/20220823_033000.WAV,Telephone Field,recover-20220825,002,1795
1583.2985,1583.3089,21171,25460,Nyctalus leisleri,0.009,0.02,-1,Echolocation,/mnt/ubna_data_01_mir/recover-20220825/UBNA_002/20220823_033000.WAV,Telephone Field,recover-20220825,002,1795
1583.3095,1583.343,68437,80804,Rhinolophus ferrumequinum,0.021,0.022,-1,Echolocation,/mnt/ubna_data_01_mir/recover-20220825/UBNA_002/20220823_033000.WAV,Telephone Field,recover-20220825,002,1795
1583.3205,1583.3324,33203,38225,Eptesicus serotinus,0.006,0.027,-1,Echolocation,/mnt/ubna_data_01_mir/recover-20220825/UBNA_002/20220823_033000.WAV,Telephone Field,recover-20220825,002,1795
1583.3615,1583.4013,68437,82464,Rhinolophus ferrumequinum,0.024,0.024,-1,Echolocation,/mnt/ubna_data_01_mir/recover-20220825/UBNA_002/20220823_033000.WAV,Telephone Field,recover-20220825,002,1795
1583.3635,1583.3724,28906,38888,Eptesicus serotinus,0.009,0.024,-1,Echolocation,/mnt/ubna_data_01_mir/recover-20220825/UBNA_002/20220823_033000.WAV,Telephone Field,recover-20220825,002,1795
1583.3815,1583.4169,68437,81215,Rhinolophus ferrumequinum,0.022,0.022,-1,Echolocation,/mnt/ubna_data_01_mir/recover-20220825/UBNA_002/20220823_033000.WAV,Telephone Field,recover-20220825,002,1795
1583.3845,1583.3947,23750,30071,Nyctalus leisleri,0.007,0.021,-1,Echolocation,/mnt/ubna_data_01_mir/recover-20220825/UBNA_002/20220823_033000.WAV,Telephone Field,recover-20220825,002,1795
1583.3955,1583.4033,23750,31517,Plecotus austriacus,0.015,0.029,-1,Echolocation,/mnt/ubna_data_01_mir/recover-20220825/UBNA_002/20220823_033000.WAV,Telephone Field,recover-20220825,002,1795
1583.4045,1583.4443,68437,82740,Rhinolophus ferrumequinum,0.021,0.021,-1,Echolocation,/mnt/ubna_data_01_mir/recover-20220825/UBNA_002/20220823_033000.WAV,Telephone Field,recover-20220825,002,1795
1583.4185,1583.4577,68437,82404,Rhinolophus ferrumequinum,0.022,0.022,-1,Echolocation,/mnt/ubna_data_01_mir/recover-20220825/UBNA_002/20220823_033000.WAV,Telephone Field,recover-20220825,002,1795
1583.4675,1583.5089,68437,82476,Rhinolophus ferrumequinum,0.023,0.023,-1,Echolocation,/mnt/ubna_data_01_mir/recover-20220825/UBNA_002/20220823_033000.WAV,Telephone Field,recover-20220825,002,1795
1583.4725,1583.4797,25468,34188,Eptesicus serotinus,0.006,0.021,-1,Echolocation,/mnt/ubna_data_01_mir/recover-20220825/UBNA_002/20220823_033000.WAV,Telephone Field,recover-20220825,002,1795
1583.5185,1583.5617,68437,83686,Rhinolophus ferrumequinum,0.038,0.038,-1,Echolocation,/mnt/ubna_data_01_mir/recover-20220825/UBNA_002/20220823_033000.WAV,Telephone Field,recover-20220825,002,1795
1583.5215,1583.5269,34062,44367,Myotis daubentonii,0.01,0.028,-1,Echolocation,/mnt/ubna_data_01_mir/recover-20220825/UBNA_002/20220823_033000.WAV,Telephone Field,recover-20220825,002,1795
1583.5235,1583.5331,23750,31734,Nyctalus leisleri,0.008,0.025,-1,Echolocation,/mnt/ubna_data_01_mir/recover-20220825/UBNA_002/20220823_033000.WAV,Telephone Field,recover-20220825,002,1795
1583.5695,1583.6085,68437,82387,Rhinolophus ferrumequinum,0.025,0.025,-1,Echolocation,/mnt/ubna_data_01_mir/recover-20220825/UBNA_002/20220823_033000.WAV,Telephone Field,recover-20220825,002,1795
1583.5725,1583.5794,28906,38793,Eptesicus serotinus,0.007,0.022,-1,Echolocation,/mnt/ubna_data_01_mir/recover-20220825/UBNA_002/20220823_033000.WAV,Telephone Field,recover-20220825,002,1795
1583.6435,1583.6802,68437,82729,Rhinolophus ferrumequinum,0.027,0.027,-1,Echolocation,/mnt/ubna_data_01_mir/recover-20220825/UBNA_002/20220823_033000.WAV,Telephone Field,recover-20220825,002,1795
1583.6875,1583.7275,68437,82204,Rhinolophus ferrumequinum,0.026,0.026,-1,Echolocation,/mnt/ubna_data_01_mir/recover-20220825/UBNA_002/20220823_033000.WAV,Telephone Field,recover-20220825,002,1795
1583.6975,1583.7162,17734,20790,Nyctalus noctula,0.018,0.031,-1,Echolocation,/mnt/ubna_data_01_mir/recover-20220825/UBNA_002/20220823_033000.WAV,Telephone Field,recover-20220825,002,1795
1583.7295,1583.7395,29765,39438,Eptesicus serotinus,0.012,0.028,-1,Echolocation,/mnt/ubna_data_01_mir/recover-20220825/UBNA_002/20220823_033000.WAV,Telephone Field,recover-20220825,002,1795
1583.7325,1583.7712,68437,82494,Rhinolophus ferrumequinum,0.03,0.03,-1,Echolocation,/mnt/ubna_data_01_mir/recover-20220825/UBNA_002/20220823_033000.WAV,Telephone Field,recover-20220825,002,1795
1583.7745,1583.811,68437,82184,Rhinolophus ferrumequinum,0.023,0.023,-1,Echolocation,/mnt/ubna_data_01_mir/recover-20220825/UBNA_002/20220823_033000.WAV,Telephone Field,recover-20220825,002,1795
1583.8325,1583.872,68437,82052,Rhinolophus ferrumequinum,0.021,0.021,-1,Echolocation,/mnt/ubna_data_01_mir/recover-20220825/UBNA_002/20220823_033000.WAV,Telephone Field,recover-20220825,002,1795
1583.8335,1583.846,37500,42066,Pipistrellus nathusii,0.02,0.04,-1,Echolocation,/mnt/ubna_data_01_mir/recover-20220825/UBNA_002/20220823_033000.WAV,Telephone Field,recover-20220825,002,1795
1583.8405,1583.8472,24609,36831,Plecotus austriacus,0.012,0.033,-1,Echolocation,/mnt/ubna_data_01_mir/recover-20220825/UBNA_002/20220823_033000.WAV,Telephone Field,recover-20220825,002,1795
1583.8565,1583.8671,27187,34965,Eptesicus serotinus,0.012,0.024,-1,Echolocation,/mnt/ubna_data_01_mir/recover-20220825/UBNA_002/20220823_033000.WAV,Telephone Field,recover-20220825,002,1795
1583.8915,1583.8995,25468,34235,Eptesicus serotinus,0.007,0.021,-1,Echolocation,/mnt/ubna_data_01_mir/recover-20220825/UBNA_002/20220823_033000.WAV,Telephone Field,recover-20220825,002,1795
1583.9205,1583.9573,68437,81304,Rhinolophus ferrumequinum,0.021,0.021,-1,Echolocation,/mnt/ubna_data_01_mir/recover-20220825/UBNA_002/20220823_033000.WAV,Telephone Field,recover-20220825,002,1795
1583.9475,1583.9553,28906,39998,Eptesicus serotinus,0.009,0.024,-1,Echolocation,/mnt/ubna_data_01_mir/recover-20220825/UBNA_002/20220823_033000.WAV,Telephone Field,recover-20220825,002,1795
1584.0015,1584.0128,23750,28803,Nyctalus leisleri,0.025,0.049,-1,Echolocation,/mnt/ubna_data_01_mir/recover-20220825/UBNA_002/20220823_033000.WAV,Telephone Field,recover-20220825,002,1795
1584.0015,1584.0327,68437,79482,Rhinolophus ferrumequinum,0.042,0.043,-1,Echolocation,/mnt/ubna_data_01_mir/recover-20220825/UBNA_002/20220823_033000.WAV,Telephone Field,recover-20220825,002,1795
1584.0015,1584.0083,46953,51554,Pipistrellus pipistrellus,0.018,0.023,-1,Echolocation,/mnt/ubna_data_01_mir/recover-20220825/UBNA_002/20220823_033000.WAV,Telephone Field,recover-20220825,002,1795
1584.1025,1584.1098,28906,39261,Eptesicus serotinus,0.006,0.02,-1,Echolocation,/mnt/ubna_data_01_mir/recover-20220825/UBNA_002/20220823_033000.WAV,Telephone Field,recover-20220825,002,1795
1584.1285,1584.1682,68437,81945,Rhinolophus ferrumequinum,0.021,0.021,-1,Echolocation,/mnt/ubna_data_01_mir/recover-20220825/UBNA_002/20220823_033000.WAV,Telephone Field,recover-20220825,002,1795
1584.1785,1584.1868,26328,36884,Eptesicus serotinus,0.01,0.024,-1,Echolocation,/mnt/ubna_data_01_mir/recover-20220825/UBNA_002/20220823_033000.WAV,Telephone Field,recover-20220825,002,1795
1584.2235,1584.2594,68437,81542,Rhinolophus ferrumequinum,0.021,0.021,-1,Echolocation,/mnt/ubna_data_01_mir/recover-20220825/UBNA_002/20220823_033000.WAV,Telephone Field,recover-20220825,002,1795
1584.2465,1584.2792,68437,81036,Rhinolophus ferrumequinum,0.02,0.02,-1,Echolocation,/mnt/ubna_data_01_mir/recover-20220825/UBNA_002/20220823_033000.WAV,Telephone Field,recover-20220825,002,1795
1584.2775,1584.2932,15156,20532,Nyctalus noctula,0.025,0.035,-1,Echolocation,/mnt/ubna_data_01_mir/recover-20220825/UBNA_002/20220823_033000.WAV,Telephone Field,recover-20220825,002,1795
1584.2985,1584.3055,24609,33973,Plecotus austriacus,0.014,0.032,-1,Echolocation,/mnt/ubna_data_01_mir/recover-20220825/UBNA_002/20220823_033000.WAV,Telephone Field,recover-20220825,002,1795
1584.3615,1584.3696,27187,39238,Eptesicus serotinus,0.008,0.02,-1,Echolocation,/mnt/ubna_data_01_mir/recover-20220825/UBNA_002/20220823_033000.WAV,Telephone Field,recover-20220825,002,1795
1584.3925,1584.4026,24609,31677,Eptesicus serotinus,0.007,0.021,-1,Echolocation,/mnt/ubna_data_01_mir/recover-20220825/UBNA_002/20220823_033000.WAV,Telephone Field,recover-20220825,002,1795
1584.4215,1584.46,68437,82519,Rhinolophus ferrumequinum,0.022,0.022,-1,Echolocation,/mnt/ubna_data_01_mir/recover-20220825/UBNA_002/20220823_033000.WAV,Telephone Field,recover-20220825,002,1795
1584.4215,1584.4377,23750,28578,Nyctalus leisleri,0.022,0.047,-1,Echolocation,/mnt/ubna_data_01_mir/recover-20220825/UBNA_002/20220823_033000.WAV,Telephone Field,recover-20220825,002,1795
1584.4675,1584.4823,57265,62261,Pipistrellus pygmaeus,0.02,0.02,-1,Echolocation,/mnt/ubna_data_01_mir/recover-20220825/UBNA_002/20220823_033000.WAV,Telephone Field,recover-20220825,002,1795
1584.4865,1584.5255,68437,81957,Rhinolophus ferrumequinum,0.021,0.021,-1,Echolocation,/mnt/ubna_data_01_mir/recover-20220825/UBNA_002/20220823_033000.WAV,Telephone Field,recover-20220825,002,1795
1584.4945,1584.5031,29765,39408,Eptesicus serotinus,0.009,0.024,-1,Echolocation,/mnt/ubna_data_01_mir/recover-20220825/UBNA_002/20220823_033000.WAV,Telephone Field,recover-20220825,002,1795
1584.5605,1584.569,28046,38506,Eptesicus serotinus,0.011,0.024,-1,Echolocation,/mnt/ubna_data_01_mir/recover-20220825/UBNA_002/20220823_033000.WAV,Telephone Field,recover-20220825,002,1795
1584.5715,1584.6076,68437,81808,Rhinolophus ferrumequinum,0.02,0.02,-1,Echolocation,/mnt/ubna_data_01_mir/recover-20220825/UBNA_002/20220823_033000.WAV,Telephone Field,recover-20220825,002,1795
1584.6125,1584.6506,68437,82032,Rhinolophus ferrumequinum,0.02,0.02,-1,Echolocation,/mnt/ubna_data_01_mir/recover-20220825/UBNA_002/20220823_033000.WAV,Telephone Field,recover-20220825,002,1795
1584.6245,1584.6371,27187,33314,Eptesicus serotinus,0.017,0.034,-1,Echolocation,/mnt/ubna_data_01_mir/recover-20220825/UBNA_002/20220823_033000.WAV,Telephone Field,recover-20220825,002,1795
1584.6605,1584.6674,28906,42124,Eptesicus serotinus,0.007,0.026,-1,Echolocation,/mnt/ubna_data_01_mir/recover-20220825/UBNA_002/20220823_033000.WAV,Telephone Field,recover-20220825,002,1795
1584.6785,1584.7178,68437,82788,Rhinolophus ferrumequinum,0.02,0.02,-1,Echolocation,/mnt/ubna_data_01_mir/recover-20220825/UBNA_002/20220823_033000.WAV,Telephone Field,recover-20220825,002,1795
1584.7245,1584.7641,68437,83115,Rhinolophus ferrumequinum,0.021,0.021,-1,Echolocation,/mnt/ubna_data_01_mir/recover-20220825/UBNA_002/20220823_033000.WAV,Telephone Field,recover-20220825,002,1795
1584.7315,1584.7497,20312,23744,Nyctalus leisleri,0.016,0.034,-1,Echolocation,/mnt/ubna_data_01_mir/recover-20220825/UBNA_002/20220823_033000.WAV,Telephone Field,recover-20220825,002,1795
1584.8015,1584.8429,68437,82381,Rhinolophus ferrumequinum,0.022,0.022,-1,Echolocation,/mnt/ubna_data_01_mir/recover-20220825/UBNA_002/20220823_033000.WAV,Telephone Field,recover-20220825,002,1795
1584.8065,1584.8135,28046,40946,Eptesicus serotinus,0.009,0.026,-1,Echolocation,/mnt/ubna_data_01_mir/recover-20220825/UBNA_002/20220823_033000.WAV,Telephone Field,recover-20220825,002,1795
1584.8235,1584.831,28046,36255,Eptesicus serotinus,0.009,0.021,-1,Echolocation,/mnt/ubna_data_01_mir/recover-20220825/UBNA_002/20220823_033000.WAV,Telephone Field,recover-20220825,002,1795
1584.8415,1584.8817,68437,82482,Rhinolophus ferrumequinum,0.021,0.021,-1,Echolocation,/mnt/ubna_data_01_mir/recover-20220825/UBNA_002/20220823_033000.WAV,Telephone Field,recover-20220825,002,1795
1584.8785,1584.9121,68437,80698,Rhinolophus ferrumequinum,0.021,0.021,-1,Echolocation,/mnt/ubna_data_01_mir/recover-20220825/UBNA_002/20220823_033000.WAV,Telephone Field,recover-20220825,002,1795
1584.9025,1584.9116,45234,52112,Pipistrellus pipistrellus,0.02,0.022,-1,Echolocation,/mnt/ubna_data_01_mir/recover-20220825/UBNA_002/20220823_033000.WAV,Telephone Field,recover-20220825,002,1795
1584.9585,1584.9717,22031,26546,Nyctalus leisleri,0.016,0.03,-1,Echolocation,/mnt/ubna_data_01_mir/recover-20220825/UBNA_002/20220823_033000.WAV,Telephone Field,recover-20220825,002,1795
1584.9885,1584.9955,27187,36823,Eptesicus serotinus,0.009,0.03,-1,Echolocation,/mnt/ubna_data_01_mir/recover-20220825/UBNA_002/20220823_033000.WAV,Telephone Field,recover-20220825,002,1795
1585.0475,1585.0576,22031,26853,Nyctalus leisleri,0.01,0.022,-1,Echolocation,/mnt/ubna_data_01_mir/recover-20220825/UBNA_002/20220823_033000.WAV,Telephone Field,recover-20220825,002,1795
1585.0705,1585.1069,68437,81679,Rhinolophus ferrumequinum,0.021,0.021,-1,Echolocation,/mnt/ubna_data_01_mir/recover-20220825/UBNA_002/20220823_033000.WAV,Telephone Field,recover-20220825,002,1795
1585.0905,1585.1298,68437,82280,Rhinolophus ferrumequinum,0.022,0.022,-1,Echolocation,/mnt/ubna_data_01_mir/recover-20220825/UBNA_002/20220823_033000.WAV,Telephone Field,recover-20220825,002,1795
1585.1115,1585.1216,28906,35893,Eptesicus serotinus,0.009,0.022,-1,Echolocation,/mnt/ubna_data_01_mir/recover-20220825/UBNA_002/20220823_033000.WAV,Telephone Field,recover-20220825,002,1795
1585.2025,1585.2132,22890,28725,Nyctalus leisleri,0.009,0.023,-1,Echolocation,/mnt/ubna_data_01_mir/recover-20220825/UBNA_002/20220823_033000.WAV,Telephone Field,recover-20220825,002,1795
1585.2105,1585.2482,68437,82032,Rhinolophus ferrumequinum,0.021,0.021,-1,Echolocation,/mnt/ubna_data_01_mir/recover-20220825/UBNA_002/20220823_033000.WAV,Telephone Field,recover-20220825,002,1795
1585.2345,1585.2738,68437,82117,Rhinolophus ferrumequinum,0.02,0.02,-1,Echolocation,/mnt/ubna_data_01_mir/recover-20220825/UBNA_002/20220823_033000.WAV,Telephone Field,recover-20220825,002,1795
1585.2485,1585.2572,28046,39517,Eptesicus serotinus,0.008,0.02,-1,Echolocation,/mnt/ubna_data_01_mir/recover-20220825/UBNA_002/20220823_033000.WAV,Telephone Field,recover-20220825,002,1795
1585.2645,1585.2765,28906,34653,Eptesicus serotinus,0.013,0.029,-1,Echolocation,/mnt/ubna_data_01_mir/recover-20220825/UBNA_002/20220823_033000.WAV,Telephone Field,recover-20220825,002,1795
1585.2855,1585.2927,43515,47036,Pipistrellus pipistrellus,0.024,0.027,-1,Echolocation,/mnt/ubna_data_01_mir/recover-20220825/UBNA_002/20220823_033000.WAV,Telephone Field,recover-20220825,002,1795
1585.3135,1585.3502,68437,81336,Rhinolophus ferrumequinum,0.02,0.02,-1,Echolocation,/mnt/ubna_data_01_mir/recover-20220825/UBNA_002/20220823_033000.WAV,Telephone Field,recover-20220825,002,1795
1585.3525,1585.3605,24609,32600,Plecotus austriacus,0.007,0.027,-1,Echolocation,/mnt/ubna_data_01_mir/recover-20220825/UBNA_002/20220823_033000.WAV,Telephone Field,recover-20220825,002,1795
1585.3685,1585.3752,27187,42895,Eptesicus serotinus,0.005,0.022,-1,Echolocation,/mnt/ubna_data_01_mir/recover-20220825/UBNA_002/20220823_033000.WAV,Telephone Field,recover-20220825,002,1795
1585.3925,1585.4025,22890,28746,Nyctalus leisleri,0.009,0.022,-1,Echolocation,/mnt/ubna_data_01_mir/recover-20220825/UBNA_002/20220823_033000.WAV,Telephone Field,recover-20220825,002,1795
1585.4635,1585.4723,47812,52010,Pipistrellus pipistrellus,0.021,0.022,-1,Echolocation,/mnt/ubna_data_01_mir/recover-20220825/UBNA_002/20220823_033000.WAV,Telephone Field,recover-20220825,002,1795
1585.4815,1585.4906,28046,39245,Eptesicus serotinus,0.008,0.021,-1,Echolocation,/mnt/ubna_data_01_mir/recover-20220825/UBNA_002/20220823_033000.WAV,Telephone Field,recover-20220825,002,1795
1585.5005,1585.5099,28046,36889,Eptesicus serotinus,0.011,0.023,-1,Echolocation,/mnt/ubna_data_01_mir/recover-20220825/UBNA_002/20220823_033000.WAV,Telephone Field,recover-20220825,002,1795
1585.5295,1585.5681,68437,82542,Rhinolophus ferrumequinum,0.02,0.02,-1,Echolocation,/mnt/ubna_data_01_mir/recover-20220825/UBNA_002/20220823_033000.WAV,Telephone Field,recover-20220825,002,1795
1585.5715,1585.5828,22890,27870,Nyctalus leisleri,0.01,0.021,-1,Echolocation,/mnt/ubna_data_01_mir/recover-20220825/UBNA_002/20220823_033000.WAV,Telephone Field,recover-20220825,002,1795
1585.5825,1585.5924,23750,30439,Nyctalus leisleri,0.011,0.029,-1,Echolocation,/mnt/ubna_data_01_mir/recover-20220825/UBNA_002/20220823_033000.WAV,Telephone Field,recover-20220825,002,1795
1585.5845,1585.5947,29765,37064,Eptesicus serotinus,0.02,0.034,-1,Echolocation,/mnt/ubna_data_01_mir/recover-20220825/UBNA_002/20220823_033000.WAV,Telephone Field,recover-20220825,002,1795
1585.5875,1585.6256,68437,82523,Rhinolophus ferrumequinum,0.021,0.021,-1,Echolocation,/mnt/ubna_data_01_mir/recover-20220825/UBNA_002/20220823_033000.WAV,Telephone Field,recover-20220825,002,1795
1585.6245,1585.6362,37500,42453,Pipistrellus nathusii,0.013,0.023,-1,Echolocation,/mnt/ubna_data_01_mir/recover-20220825/UBNA_002/20220823_033000.WAV,Telephone Field,recover-20220825,002,1795
1585.6435,1585.6812,68437,81658,Rhinolophus ferrumequinum,0.02,0.02,-1,Echolocation,/mnt/ubna_data_01_mir/recover-20220825/UBNA_002/20220823_033000.WAV,Telephone Field,recover-20220825,002,1795
1585.7155,1585.753,68437,81802,Rhinolophus ferrumequinum,0.022,0.022,-1,Echolocation,/mnt/ubna_data_01_mir/recover-20220825/UBNA_002/20220823_033000.WAV,Telephone Field,recover-20220825,002,1795
1585.7265,1585.7364,22031,27789,Nyctalus leisleri,0.008,0.024,-1,Echolocation,/mnt/ubna_data_01_mir/recover-20220825/UBNA_002/20220823_033000.WAV,Telephone Field,recover-20220825,002,1795
1585.7425,1585.78,68437,81742,Rhinolophus ferrumequinum,0.022,0.022,-1,Echolocation,/mnt/ubna_data_01_mir/recover-20220825/UBNA_002/20220823_033000.WAV,Telephone Field,recover-20220825,002,1795
1585.7815,1585.8204,68437,82454,Rhinolophus ferrumequinum,0.02,0.02,-1,Echolocation,/mnt/ubna_data_01_mir/recover-20220825/UBNA_002/20220823_033000.WAV,Telephone Field,recover-20220825,002,1795
1585.7835,1585.7943,22031,26919,Nyctalus leisleri,0.01,0.022,-1,Echolocation,/mnt/ubna_data_01_mir/recover-20220825/UBNA_002/20220823_033000.WAV,Telephone Field,recover-20220825,002,1795
1585.8045,1585.8407,68437,81617,Rhinolophus ferrumequinum,0.021,0.021,-1,Echolocation,/mnt/ubna_data_01_mir/recover-20220825/UBNA_002/20220823_033000.WAV,Telephone Field,recover-20220825,002,1795
1585.8255,1585.8661,68437,81999,Rhinolophus ferrumequinum,0.023,0.023,-1,Echolocation,/mnt/ubna_data_01_mir/recover-20220825/UBNA_002/20220823_033000.WAV,Telephone Field,recover-20220825,002,1795
1585.8305,1585.8712,68437,82511,Rhinolophus ferrumequinum,0.023,0.023,-1,Echolocation,/mnt/ubna_data_01_mir/recover-20220825/UBNA_002/20220823_033000.WAV,Telephone Field,recover-20220825,002,1795
1585.8385,1585.8472,23750,31522,Plecotus austriacus,0.006,0.022,-1,Echolocation,/mnt/ubna_data_01_mir/recover-20220825/UBNA_002/20220823_033000.WAV,Telephone Field,recover-20220825,002,1795
1585.8605,1585.8977,68437,81645,Rhinolophus ferrumequinum,0.02,0.02,-1,Echolocation,/mnt/ubna_data_01_mir/recover-20220825/UBNA_002/20220823_033000.WAV,Telephone Field,recover-20220825,002,1795
1585.8675,1585.8738,26328,41595,Eptesicus serotinus,0.005,0.024,-1,Echolocation,/mnt/ubna_data_01_mir/recover-20220825/UBNA_002/20220823_033000.WAV,Telephone Field,recover-20220825,002,1795
1585.9835,1585.9912,28046,41126,Eptesicus serotinus,0.008,0.028,-1,Echolocation,/mnt/ubna_data_01_mir/recover-20220825/UBNA_002/20220823_033000.WAV,Telephone Field,recover-20220825,002,1795
1586.0015,1586.0376,68437,80472,Rhinolophus ferrumequinum,0.034,0.034,-1,Echolocation,/mnt/ubna_data_01_mir/recover-20220825/UBNA_002/20220823_033000.WAV,Telephone Field,recover-20220825,002,1795
1586.0015,1586.0157,20312,25285,Nyctalus leisleri,0.015,0.038,-1,Echolocation,/mnt/ubna_data_01_mir/recover-20220825/UBNA_002/20220823_033000.WAV,Telephone Field,recover-20220825,002,1795
1586.0105,1586.0283,20312,23748,Nyctalus leisleri,0.02,0.037,-1,Echolocation,/mnt/ubna_data_01_mir/recover-20220825/UBNA_002/20220823_033000.WAV,Telephone Field,recover-20220825,002,1795
1586.0115,1586.0548,68437,82136,Rhinolophus ferrumequinum,0.022,0.022,-1,Echolocation,/mnt/ubna_data_01_mir/recover-20220825/UBNA_002/20220823_033000.WAV,Telephone Field,recover-20220825,002,1795
1586.0145,1586.0218,28046,41093,Eptesicus serotinus,0.008,0.026,-1,Echolocation,/mnt/ubna_data_01_mir/recover-20220825/UBNA_002/20220823_033000.WAV,Telephone Field,recover-20220825,002,1795
1586.0555,1586.0685,23750,29637,Nyctalus leisleri,0.011,0.026,-1,Echolocation,/mnt/ubna_data_01_mir/recover-20220825/UBNA_002/20220823_033000.WAV,Telephone Field,recover-20220825,002,1795
1586.0635,1586.0746,23750,29552,Nyctalus leisleri,0.01,0.023,-1,Echolocation,/mnt/ubna_data_01_mir/recover-20220825/UBNA_002/20220823_033000.WAV,Telephone Field,recover-20220825,002,1795
1586.0655,1586.1015,68437,81925,Rhinolophus ferrumequinum,0.02,0.02,-1,Echolocation,/mnt/ubna_data_01_mir/recover-20220825/UBNA_002/20220823_033000.WAV,Telephone Field,recover-20220825,002,1795
1586.0935,1586.1012,23750,32331,Plecotus austriacus,0.008,0.021,-1,Echolocation,/mnt/ubna_data_01_mir/recover-20220825/UBNA_002/20220823_033000.WAV,Telephone Field,recover-20220825,002,1795
1586.1185,1586.1288,28046,36478,Eptesicus serotinus,0.01,0.023,-1,Echolocation,/mnt/ubna_data_01_mir/recover-20220825/UBNA_002/20220823_033000.WAV,Telephone Field,recover-20220825,002,1795
1586.1275,1586.1641,68437,81447,Rhinolophus ferrumequinum,0.02,0.021,-1,Echolocation,/mnt/ubna_data_01_mir/recover-20220825/UBNA_002/20220823_033000.WAV,Telephone Field,recover-20220825,002,1795
1586.1505,1586.1877,68437,81414,Rhinolophus ferrumequinum,0.022,0.022,-1,Echolocation,/mnt/ubna_data_01_mir/recover-20220825/UBNA_002/20220823_033000.WAV,Telephone Field,recover-20220825,002,1795
1586.1655,1586.2041,68437,81772,Rhinolophus ferrumequinum,0.021,0.021,-1,Echolocation,/mnt/ubna_data_01_mir/recover-20220825/UBNA_002/20220823_033000.WAV,Telephone Field,recover-20220825,002,1795
1586.1945,1586.2303,68437,81113,Rhinolophus ferrumequinum,0.02,0.02,-1,Echolocation,/mnt/ubna_data_01_mir/recover-20220825/UBNA_002/20220823_033000.WAV,Telephone Field,recover-20220825,002,1795
1586.2105,1586.2216,22890,27127,Nyctalus leisleri,0.011,0.02,-1,Echolocation,/mnt/ubna_data_01_mir/recover-20220825/UBNA_002/20220823_033000.WAV,Telephone Field,recover-20220825,002,1795
1586.2315,1586.2683,68437,82177,Rhinolophus ferrumequinum,0.022,0.022,-1,Echolocation,/mnt/ubna_data_01_mir/recover-20220825/UBNA_002/20220823_033000.WAV,Telephone Field,recover-20220825,002,1795
1586.2385,1586.2744,68437,81935,Rhinolophus ferrumequinum,0.021,0.021,-1,Echolocation,/mnt/ubna_data_01_mir/recover-20220825/UBNA_002/20220823_033000.WAV,Telephone Field,recover-20220825,002,1795
1586.3295,1586.3399,25468,33775,Eptesicus serotinus,0.011,0.026,-1,Echolocation,/mnt/ubna_data_01_mir/recover-20220825/UBNA_002/20220823_033000.WAV,Telephone Field,recover-20220825,002,1795
1586.3485,1586.3828,68437,80720,Rhinolophus ferrumequinum,0.023,0.023,-1,Echolocation,/mnt/ubna_data_01_mir/recover-20220825/UBNA_002/20220823_033000.WAV,Telephone Field,recover-20220825,002,1795
1586.3535,1586.3625,24609,31622,Nyctalus leisleri,0.007,0.021,-1,Echolocation,/mnt/ubna_data_01_mir/recover-20220825/UBNA_002/20220823_033000.WAV,Telephone Field,recover-20220825,002,1795
1586.3895,1586.3955,27187,41300,Plecotus auritus,0.005,0.022,-1,Echolocation,/mnt/ubna_data_01_mir/recover-20220825/UBNA_002/20220823_033000.WAV,Telephone Field,recover-20220825,002,1795
1586.3905,1586.4267,68437,81594,Rhinolophus ferrumequinum,0.02,0.02,-1,Echolocation,/mnt/ubna_data_01_mir/recover-20220825/UBNA_002/20220823_033000.WAV,Telephone Field,recover-20220825,002,1795
1586.3975,1586.4395,68437,82633,Rhinolophus ferrumequinum,0.022,0.022,-1,Echolocation,/mnt/ubna_data_01_mir/recover-20220825/UBNA_002/20220823_033000.WAV,Telephone Field,recover-20220825,002,1795
1586.4265,1586.4363,22031,27527,Nyctalus leisleri,0.008,0.021,-1,Echolocation,/mnt/ubna_data_01_mir/recover-20220825/UBNA_002/20220823_033000.WAV,Telephone Field,recover-20220825,002,1795
1586.4745,1586.4857,23750,29075,Nyctalus leisleri,0.014,0.031,-1,Echolocation,/mnt/ubna_data_01_mir/recover-20220825/UBNA_002/20220823_033000.WAV,Telephone Field,recover-20220825,002,1795
1586.5075,1586.5498,68437,82910,Rhinolophus ferrumequinum,0.022,0.022,-1,Echolocation,/mnt/ubna_data_01_mir/recover-20220825/UBNA_002/20220823_033000.WAV,Telephone Field,recover-20220825,002,1795
1586.5085,1586.5173,27187,37355,Eptesicus serotinus,0.008,0.022,-1,Echolocation,/mnt/ubna_data_01_mir/recover-20220825/UBNA_002/20220823_033000.WAV,Telephone Field,recover-20220825,002,1795
1586.5455,1586.5855999999999,68437,81939,Rhinolophus ferrumequinum,0.02,0.02,-1,Echolocation,/mnt/ubna_data_01_mir/recover-20220825/UBNA_002/20220823_033000.WAV,Telephone Field,recover-20220825,002,1795
1586.7295,1586.7667,68437,81638,Rhinolophus ferrumequinum,0.021,0.022,-1,Echolocation,/mnt/ubna_data_01_mir/recover-20220825/UBNA_002/20220823_033000.WAV,Telephone Field,recover-20220825,002,1795
1586.7495,1586.7624,22890,27923,Nyctalus leisleri,0.014,0.028,-1,Echolocation,/mnt/ubna_data_01_mir/recover-20220825/UBNA_002/20220823_033000.WAV,Telephone Field,recover-20220825,002,1795
1586.7815,1586.819,68437,82411,Rhinolophus ferrumequinum,0.021,0.021,-1,Echolocation,/mnt/ubna_data_01_mir/recover-20220825/UBNA_002/20220823_033000.WAV,Telephone Field,recover-20220825,002,1795
1586.8015,1586.8107,28046,39504,Eptesicus serotinus,0.009,0.022,-1,Echolocation,/mnt/ubna_data_01_mir/recover-20220825/UBNA_002/20220823_033000.WAV,Telephone Field,recover-20220825,002,1795
1586.8165,1586.857,68437,82548,Rhinolophus ferrumequinum,0.021,0.021,-1,Echolocation,/mnt/ubna_data_01_mir/recover-20220825/UBNA_002/20220823_033000.WAV,Telephone Field,recover-20220825,002,1795
1586.8315,1586.8724,68437,82204,Rhinolophus ferrumequinum,0.021,0.021,-1,Echolocation,/mnt/ubna_data_01_mir/recover-20220825/UBNA_002/20220823_033000.WAV,Telephone Field,recover-20220825,002,1795
1586.8425,1586.8505,27187,39584,Eptesicus serotinus,0.008,0.026,-1,Echolocation,/mnt/ubna_data_01_mir/recover-20220825/UBNA_002/20220823_033000.WAV,Telephone Field,recover-20220825,002,1795
1586.8565,1586.8667,28046,35837,Eptesicus serotinus,0.009,0.021,-1,Echolocation,/mnt/ubna_data_01_mir/recover-20220825/UBNA_002/20220823_033000.WAV,Telephone Field,recover-20220825,002,1795
1586.8755,1586.8839,28046,41030,Eptesicus serotinus,0.007,0.021,-1,Echolocation,/mnt/ubna_data_01_mir/recover-20220825/UBNA_002/20220823_033000.WAV,Telephone Field,recover-20220825,002,1795
1586.8905,1586.8973,26328,37826,Eptesicus serotinus,0.008,0.029,-1,Echolocation,/mnt/ubna_data_01_mir/recover-20220825/UBNA_002/20220823_033000.WAV,Telephone Field,recover-20220825,002,1795
1586.9035,1586.9456,68437,83245,Rhinolophus ferrumequinum,0.029,0.029,-1,Echolocation,/mnt/ubna_data_01_mir/recover-20220825/UBNA_002/20220823_033000.WAV,Telephone Field,recover-20220825,002,1795
1586.9155,1586.9345,17734,21015,Nyctalus noctula,0.013,0.022,-1,Echolocation,/mnt/ubna_data_01_mir/recover-20220825/UBNA_002/20220823_033000.WAV,Telephone Field,recover-20220825,002,1795
1586.9295,1586.9664,68437,82323,Rhinolophus ferrumequinum,0.02,0.02,-1,Echolocation,/mnt/ubna_data_01_mir/recover-20220825/UBNA_002/20220823_033000.WAV,Telephone Field,recover-20220825,002,1795
1586.9475,1586.9541,28906,40824,Eptesicus serotinus,0.005,0.024,-1,Echolocation,/mnt/ubna_data_01_mir/recover-20220825/UBNA_002/20220823_033000.WAV,Telephone Field,recover-20220825,002,1795
1586.9535,1586.99,68437,81691,Rhinolophus ferrumequinum,0.02,0.02,-1,Echolocation,/mnt/ubna_data_01_mir/recover-20220825/UBNA_002/20220823_033000.WAV,Telephone Field,recover-20220825,002,1795
1586.9715,1586.9811,40078,49185,Pipistrellus nathusii,0.016,0.037,-1,Echolocation,/mnt/ubna_data_01_mir/recover-20220825/UBNA_002/20220823_033000.WAV,Telephone Field,recover-20220825,002,1795
1586.9805,1586.9868,28906,42137,Eptesicus serotinus,0.005,0.024,-1,Echolocation,/mnt/ubna_data_01_mir/recover-20220825/UBNA_002/20220823_033000.WAV,Telephone Field,recover-20220825,002,1795
1586.9895,1586.9985,28906,37234,Eptesicus serotinus,0.007,0.02,-1,Echolocation,/mnt/ubna_data_01_mir/recover-20220825/UBNA_002/20220823_033000.WAV,Telephone Field,recover-20220825,002,1795
1587.0295,1587.0716,68437,82789,Rhinolophus ferrumequinum,0.025,0.025,-1,Echolocation,/mnt/ubna_data_01_mir/recover-20220825/UBNA_002/20220823_033000.WAV,Telephone Field,recover-20220825,002,1795
1587.0825,1587.091,28906,39332,Eptesicus serotinus,0.008,0.022,-1,Echolocation,/mnt/ubna_data_01_mir/recover-20220825/UBNA_002/20220823_033000.WAV,Telephone Field,recover-20220825,002,1795
1587.1275,1587.1362,28046,40083,Eptesicus serotinus,0.008,0.022,-1,Echolocation,/mnt/ubna_data_01_mir/recover-20220825/UBNA_002/20220823_033000.WAV,Telephone Field,recover-20220825,002,1795
1587.1325,1587.1397,27187,38710,Eptesicus serotinus,0.006,0.021,-1,Echolocation,/mnt/ubna_data_01_mir/recover-20220825/UBNA_002/20220823_033000.WAV,Telephone Field,recover-20220825,002,1795
1587.2085,1587.2178,26328,35432,Eptesicus serotinus,0.011,0.025,-1,Echolocation,/mnt/ubna_data_01_mir/recover-20220825/UBNA_002/20220823_033000.WAV,Telephone Field,recover-20220825,002,1795
1587.3125,1587.3523,68437,82194,Rhinolophus ferrumequinum,0.024,0.024,-1,Echolocation,/mnt/ubna_data_01_mir/recover-20220825/UBNA_002/20220823_033000.WAV,Telephone Field,recover-20220825,002,1795
1587.3315,1587.3418,23750,29733,Nyctalus leisleri,0.008,0.021,-1,Echolocation,/mnt/ubna_data_01_mir/recover-20220825/UBNA_002/20220823_033000.WAV,Telephone Field,recover-20220825,002,1795
1587.3635,1587.37,28906,40364,Eptesicus serotinus,0.006,0.026,-1,Echolocation,/mnt/ubna_data_01_mir/recover-20220825/UBNA_002/20220823_033000.WAV,Telephone Field,recover-20220825,002,1795
1587.3875,1587.3968,23750,30794,Nyctalus leisleri,0.007,0.021,-1,Echolocation,/mnt/ubna_data_01_mir/recover-20220825/UBNA_002/20220823_033000.WAV,Telephone Field,recover-20220825,002,1795
1587.4235,1587.4313,23750,31567,Plecotus austriacus,0.008,0.02,-1,Echolocation,/mnt/ubna_data_01_mir/recover-20220825/UBNA_002/20220823_033000.WAV,Telephone Field,recover-20220825,002,1795
1587.4395,1587.4482,27187,39848,Eptesicus serotinus,0.009,0.024,-1,Echolocation,/mnt/ubna_data_01_mir/recover-20220825/UBNA_002/20220823_033000.WAV,Telephone Field,recover-20220825,002,1795
1587.4455,1587.4864,68437,82734,Rhinolophus ferrumequinum,0.024,0.024,-1,Echolocation,/mnt/ubna_data_01_mir/recover-20220825/UBNA_002/20220823_033000.WAV,Telephone Field,recover-20220825,002,1795
1587.4525,1587.4913,68437,82431,Rhinolophus ferrumequinum,0.021,0.021,-1,Echolocation,/mnt/ubna_data_01_mir/recover-20220825/UBNA_002/20220823_033000.WAV,Telephone Field,recover-20220825,002,1795
1587.4595,1587.4661,24609,33779,Plecotus austriacus,0.01,0.025,-1,Echolocation,/mnt/ubna_data_01_mir/recover-20220825/UBNA_002/20220823_033000.WAV,Telephone Field,recover-20220825,002,1795
1587.4685,1587.5052,68437,81578,Rhinolophus ferrumequinum,0.021,0.021,-1,Echolocation,/mnt/ubna_data_01_mir/recover-20220825/UBNA_002/20220823_033000.WAV,Telephone Field,recover-20220825,002,1795
1587.4885,1587.5008,44375,47984,Pipistrellus pipistrellus,0.036,0.04,-1,Echolocation,/mnt/ubna_data_01_mir/recover-20220825/UBNA_002/20220823_033000.WAV,Telephone Field,recover-20220825,002,1795
1587.5555,1587.5658,24609,30617,Nyctalus leisleri,0.008,0.021,-1,Echolocation,/mnt/ubna_data_01_mir/recover-20220825/UBNA_002/20220823_033000.WAV,Telephone Field,recover-20220825,002,1795
1587.6135,1587.6271,22031,25920,Nyctalus leisleri,0.015,0.025,-1,Echolocation,/mnt/ubna_data_01_mir/recover-20220825/UBNA_002/20220823_033000.WAV,Telephone Field,recover-20220825,002,1795
1587.6245,1587.6672,68437,82777,Rhinolophus ferrumequinum,0.022,0.022,-1,Echolocation,/mnt/ubna_data_01_mir/recover-20220825/UBNA_002/20220823_033000.WAV,Telephone Field,recover-20220825,002,1795
1587.6395,1587.6798,68437,82458,Rhinolophus ferrumequinum,0.024,0.024,-1,Echolocation,/mnt/ubna_data_01_mir/recover-20220825/UBNA_002/20220823_033000.WAV,Telephone Field,recover-20220825,002,1795
1587.6575,1587.6947,68437,81171,Rhinolophus ferrumequinum,0.021,0.021,-1,Echolocation,/mnt/ubna_data_01_mir/recover-20220825/UBNA_002/20220823_033000.WAV,Telephone Field,recover-20220825,002,1795
1587.6655,1587.6745,29765,38737,Eptesicus serotinus,0.009,0.024,-1,Echolocation,/mnt/ubna_data_01_mir/recover-20220825/UBNA_002/20220823_033000.WAV,Telephone Field,recover-20220825,002,1795
1587.6935,1587.7361,68437,83123,Rhinolophus ferrumequinum,0.026,0.026,-1,Echolocation,/mnt/ubna_data_01_mir/recover-20220825/UBNA_002/20220823_033000.WAV,Telephone Field,recover-20220825,002,1795
1587.6965,1587.705,28906,44423,Eptesicus serotinus,0.007,0.021,-1,Echolocation,/mnt/ubna_data_01_mir/recover-20220825/UBNA_002/20220823_033000.WAV,Telephone Field,recover-20220825,002,1795
1587.7075,1587.7169,28046,36691,Eptesicus serotinus,0.01,0.023,-1,Echolocation,/mnt/ubna_data_01_mir/recover-20220825/UBNA_002/20220823_033000.WAV,Telephone Field,recover-20220825,002,1795
1587.7215,1587.7583,68437,81788,Rhinolophus ferrumequinum,0.021,0.022,-1,Echolocation,/mnt/ubna_data_01_mir/recover-20220825/UBNA_002/20220823_033000.WAV,Telephone Field,recover-20220825,002,1795
1587.7335,1587.7772,68437,82828,Rhinolophus ferrumequinum,0.022,0.023,-1,Echolocation,/mnt/ubna_data_01_mir/recover-20220825/UBNA_002/20220823_033000.WAV,Telephone Field,recover-20220825,002,1795
1587.7695,1587.8053,68437,81278,Rhinolophus ferrumequinum,0.023,0.023,-1,Echolocation,/mnt/ubna_data_01_mir/recover-20220825/UBNA_002/20220823_033000.WAV,Telephone Field,recover-20220825,002,1795
1587.7755,1587.7844,23750,30245,Nyctalus leisleri,0.007,0.02,-1,Echolocation,/mnt/ubna_data_01_mir/recover-20220825/UBNA_002/20220823_033000.WAV,Telephone Field,recover-20220825,002,1795
1587.7855,1587.8214,68437,81062,Rhinolophus ferrumequinum,0.021,0.021,-1,Echolocation,/mnt/ubna_data_01_mir/recover-20220825/UBNA_002/20220823_033000.WAV,Telephone Field,recover-20220825,002,1795
1587.7995,1587.8139,28906,34615,Eptesicus serotinus,0.021,0.034,-1,Echolocation,/mnt/ubna_data_01_mir/recover-20220825/UBNA_002/20220823_033000.WAV,Telephone Field,recover-20220825,002,1795
1587.8405,1587.8476,28046,42571,Eptesicus serotinus,0.007,0.025,-1,Echolocation,/mnt/ubna_data_01_mir/recover-20220825/UBNA_002/20220823_033000.WAV,Telephone Field,recover-20220825,002,1795
1587.8585,1587.8682,21171,26723,Plecotus austriacus,0.008,0.022,-1,Echolocation,/mnt/ubna_data_01_mir/recover-20220825/UBNA_002/20220823_033000.WAV,Telephone Field,recover-20220825,002,1795
1587.8695,1587.9076,68437,81957,Rhinolophus ferrumequinum,0.023,0.023,-1,Echolocation,/mnt/ubna_data_01_mir/recover-20220825/UBNA_002/20220823_033000.WAV,Telephone Field,recover-20220825,002,1795
1587.8875,1587.9239,68437,82314,Rhinolophus ferrumequinum,0.02,0.02,-1,Echolocation,/mnt/ubna_data_01_mir/recover-20220825/UBNA_002/20220823_033000.WAV,Telephone Field,recover-20220825,002,1795
1587.8955,1587.9311,68437,81966,Rhinolophus ferrumequinum,0.021,0.021,-1,Echolocation,/mnt/ubna_data_01_mir/recover-20220825/UBNA_002/20220823_033000.WAV,Telephone Field,recover-20220825,002,1795
1587.9545,1587.9645,28046,37874,Eptesicus serotinus,0.012,0.025,-1,Echolocation,/mnt/ubna_data_01_mir/recover-20220825/UBNA_002/20220823_033000.WAV,Telephone Field,recover-20220825,002,1795
1587.9605,1587.9699,28046,36261,Eptesicus serotinus,0.011,0.025,-1,Echolocation,/mnt/ubna_data_01_mir/recover-20220825/UBNA_002/20220823_033000.WAV,Telephone Field,recover-20220825,002,1795
1587.9885,1587.9983,28046,39275,Eptesicus serotinus,0.01,0.022,-1,Echolocation,/mnt/ubna_data_01_mir/recover-20220825/UBNA_002/20220823_033000.WAV,Telephone Field,recover-20220825,002,1795
1588.0015,1588.0355,69296,80936,Rhinolophus ferrumequinum,0.038,0.038,-1,Echolocation,/mnt/ubna_data_01_mir/recover-20220825/UBNA_002/20220823_033000.WAV,Telephone Field,recover-20220825,002,1795
1588.0015,1588.0103,47812,54816,Pipistrellus pipistrellus,0.014,0.021,-1,Echolocation,/mnt/ubna_data_01_mir/recover-20220825/UBNA_002/20220823_033000.WAV,Telephone Field,recover-20220825,002,1795
1588.0015,1588.0093,24609,35714,Plecotus austriacus,0.005,0.022,-1,Echolocation,/mnt/ubna_data_01_mir/recover-20220825/UBNA_002/20220823_033000.WAV,Telephone Field,recover-20220825,002,1795
1588.0175,1588.0251,26328,35616,Eptesicus serotinus,0.007,0.023,-1,Echolocation,/mnt/ubna_data_01_mir/recover-20220825/UBNA_002/20220823_033000.WAV,Telephone Field,recover-20220825,002,1795
1588.0305,1588.0681,68437,81788,Rhinolophus ferrumequinum,0.021,0.021,-1,Echolocation,/mnt/ubna_data_01_mir/recover-20220825/UBNA_002/20220823_033000.WAV,Telephone Field,recover-20220825,002,1795
1588.0345,1588.0429,28046,38271,Eptesicus serotinus,0.009,0.025,-1,Echolocation,/mnt/ubna_data_01_mir/recover-20220825/UBNA_002/20220823_033000.WAV,Telephone Field,recover-20220825,002,1795
1588.0445,1588.0809,68437,81547,Rhinolophus ferrumequinum,0.021,0.021,-1,Echolocation,/mnt/ubna_data_01_mir/recover-20220825/UBNA_002/20220823_033000.WAV,Telephone Field,recover-20220825,002,1795
1588.0985,1588.1073,28906,39008,Eptesicus serotinus,0.007,0.022,-1,Echolocation,/mnt/ubna_data_01_mir/recover-20220825/UBNA_002/20220823_033000.WAV,Telephone Field,recover-20220825,002,1795
1588.1265,1588.1356,28046,36857,Eptesicus serotinus,0.01,0.027,-1,Echolocation,/mnt/ubna_data_01_mir/recover-20220825/UBNA_002/20220823_033000.WAV,Telephone Field,recover-20220825,002,1795
1588.1765,1588.2113,68437,81127,Rhinolophus ferrumequinum,0.021,0.022,-1,Echolocation,/mnt/ubna_data_01_mir/recover-20220825/UBNA_002/20220823_033000.WAV,Telephone Field,recover-20220825,002,1795
1588.1875,1588.2238,68437,81114,Rhinolophus ferrumequinum,0.022,0.022,-1,Echolocation,/mnt/ubna_data_01_mir/recover-20220825/UBNA_002/20220823_033000.WAV,Telephone Field,recover-20220825,002,1795
1588.1955,1588.2336,68437,81795,Rhinolophus ferrumequinum,0.021,0.021,-1,Echolocation,/mnt/ubna_data_01_mir/recover-20220825/UBNA_002/20220823_033000.WAV,Telephone Field,recover-20220825,002,1795
1588.2115,1588.2237,25468,31187,Nyctalus leisleri,0.014,0.034,-1,Echolocation,/mnt/ubna_data_01_mir/recover-20220825/UBNA_002/20220823_033000.WAV,Telephone Field,recover-20220825,002,1795
1588.2395,1588.2776,68437,82069,Rhinolophus ferrumequinum,0.021,0.021,-1,Echolocation,/mnt/ubna_data_01_mir/recover-20220825/UBNA_002/20220823_033000.WAV,Telephone Field,recover-20220825,002,1795
1588.2535,1588.2612,25468,34433,Plecotus austriacus,0.007,0.024,-1,Echolocation,/mnt/ubna_data_01_mir/recover-20220825/UBNA_002/20220823_033000.WAV,Telephone Field,recover-20220825,002,1795
1588.2705,1588.3106,68437,82911,Rhinolophus ferrumequinum,0.023,0.023,-1,Echolocation,/mnt/ubna_data_01_mir/recover-20220825/UBNA_002/20220823_033000.WAV,Telephone Field,recover-20220825,002,1795
1588.2895,1588.3307,68437,82424,Rhinolophus ferrumequinum,0.026,0.026,-1,Echolocation,/mnt/ubna_data_01_mir/recover-20220825/UBNA_002/20220823_033000.WAV,Telephone Field,recover-20220825,002,1795
1588.2935,1588.3034,37500,43046,Pipistrellus nathusii,0.017,0.029,-1,Echolocation,/mnt/ubna_data_01_mir/recover-20220825/UBNA_002/20220823_033000.WAV,Telephone Field,recover-20220825,002,1795
1588.2945,1588.3024,27187,38800,Eptesicus serotinus,0.008,0.023,-1,Echolocation,/mnt/ubna_data_01_mir/recover-20220825/UBNA_002/20220823_033000.WAV,Telephone Field,recover-20220825,002,1795
1588.3395,1588.3485,28046,36657,Eptesicus serotinus,0.021,0.04,-1,Echolocation,/mnt/ubna_data_01_mir/recover-20220825/UBNA_002/20220823_033000.WAV,Telephone Field,recover-20220825,002,1795
1588.3565,1588.3642,55546,63708,Pipistrellus pygmaeus,0.02,0.021,-1,Echolocation,/mnt/ubna_data_01_mir/recover-20220825/UBNA_002/20220823_033000.WAV,Telephone Field,recover-20220825,002,1795
1588.3895,1588.3997,28046,36924,Eptesicus serotinus,0.01,0.023,-1,Echolocation,/mnt/ubna_data_01_mir/recover-20220825/UBNA_002/20220823_033000.WAV,Telephone Field,recover-20220825,002,1795
1588.3915,1588.4292,68437,81562,Rhinolophus ferrumequinum,0.022,0.023,-1,Echolocation,/mnt/ubna_data_01_mir/recover-20220825/UBNA_002/20220823_033000.WAV,Telephone Field,recover-20220825,002,1795
1588.4155,1588.4228,28046,39201,Eptesicus serotinus,0.007,0.022,-1,Echolocation,/mnt/ubna_data_01_mir/recover-20220825/UBNA_002/20220823_033000.WAV,Telephone Field,recover-20220825,002,1795
1588.4305,1588.4378,27187,37076,Eptesicus serotinus,0.008,0.025,-1,Echolocation,/mnt/ubna_data_01_mir/recover-20220825/UBNA_002/20220823_033000.WAV,Telephone Field,recover-20220825,002,1795
1588.4475,1588.4854,68437,82366,Rhinolophus ferrumequinum,0.02,0.02,-1,Echolocation,/mnt/ubna_data_01_mir/recover-20220825/UBNA_002/20220823_033000.WAV,Telephone Field,recover-20220825,002,1795
1588.4685,1588.4764,28046,39782,Eptesicus serotinus,0.007,0.023,-1,Echolocation,/mnt/ubna_data_01_mir/recover-20220825/UBNA_002/20220823_033000.WAV,Telephone Field,recover-20220825,002,1795
1588.4735,1588.5121,68437,82746,Rhinolophus ferrumequinum,0.022,0.022,-1,Echolocation,/mnt/ubna_data_01_mir/recover-20220825/UBNA_002/20220823_033000.WAV,Telephone Field,recover-20220825,002,1795
1588.4885,1588.4985,22031,27866,Nyctalus leisleri,0.01,0.026,-1,Echolocation,/mnt/ubna_data_01_mir/recover-20220825/UBNA_002/20220823_033000.WAV,Telephone Field,recover-20220825,002,1795
1588.5155,1588.5253,28046,36198,Eptesicus serotinus,0.009,0.022,-1,Echolocation,/mnt/ubna_data_01_mir/recover-20220825/UBNA_002/20220823_033000.WAV,Telephone Field,recover-20220825,002,1795
1588.5445,1588.5802,68437,81757,Rhinolophus ferrumequinum,0.021,0.021,-1,Echolocation,/mnt/ubna_data_01_mir/recover-20220825/UBNA_002/20220823_033000.WAV,Telephone Field,recover-20220825,002,1795
1588.5785,1588.6163,68437,81606,Rhinolophus ferrumequinum,0.022,0.022,-1,Echolocation,/mnt/ubna_data_01_mir/recover-20220825/UBNA_002/20220823_033000.WAV,Telephone Field,recover-20220825,002,1795
1588.6405,1588.6484,23750,32675,Plecotus austriacus,0.013,0.029,-1,Echolocation,/mnt/ubna_data_01_mir/recover-20220825/UBNA_002/20220823_033000.WAV,Telephone Field,recover-20220825,002,1795
1588.6415,1588.6788999999999,68437,82009,Rhinolophus ferrumequinum,0.021,0.021,-1,Echolocation,/mnt/ubna_data_01_mir/recover-20220825/UBNA_002/20220823_033000.WAV,Telephone Field,recover-20220825,002,1795
1588.6575,1588.697,68437,82408,Rhinolophus ferrumequinum,0.023,0.023,-1,Echolocation,/mnt/ubna_data_01_mir/recover-20220825/UBNA_002/20220823_033000.WAV,Telephone Field,recover-20220825,002,1795
1588.6815,1588.7189,68437,81627,Rhinolophus ferrumequinum,0.022,0.022,-1,Echolocation,/mnt/ubna_data_01_mir/recover-20220825/UBNA_002/20220823_033000.WAV,Telephone Field,recover-20220825,002,1795
1588.6895,1588.6972,25468,34017,Eptesicus serotinus,0.007,0.021,-1,Echolocation,/mnt/ubna_data_01_mir/recover-20220825/UBNA_002/20220823_033000.WAV,Telephone Field,recover-20220825,002,1795
1588.7555,1588.7641,27187,38050,Eptesicus serotinus,0.008,0.022,-1,Echolocation,/mnt/ubna_data_01_mir/recover-20220825/UBNA_002/20220823_033000.WAV,Telephone Field,recover-20220825,002,1795
1588.7795,1588.788,27187,39596,Eptesicus serotinus,0.007,0.021,-1,Echolocation,/mnt/ubna_data_01_mir/recover-20220825/UBNA_002/20220823_033000.WAV,Telephone Field,recover-20220825,002,1795
1588.7945,1588.8344,68437,82462,Rhinolophus ferrumequinum,0.021,0.021,-1,Echolocation,/mnt/ubna_data_01_mir/recover-20220825/UBNA_002/20220823_033000.WAV,Telephone Field,recover-20220825,002,1795
1588.8015,1588.8121,28046,37264,Eptesicus serotinus,0.011,0.025,-1,Echolocation,/mnt/ubna_data_01_mir/recover-20220825/UBNA_002/20220823_033000.WAV,Telephone Field,recover-20220825,002,1795
1588.8095,1588.8173,26328,38123,Eptesicus serotinus,0.006,0.021,-1,Echolocation,/mnt/ubna_data_01_mir/recover-20220825/UBNA_002/20220823_033000.WAV,Telephone Field,recover-20220825,002,1795
1588.8315,1588.8397,27187,37364,Eptesicus serotinus,0.013,0.031,-1,Echolocation,/mnt/ubna_data_01_mir/recover-20220825/UBNA_002/20220823_033000.WAV,Telephone Field,recover-20220825,002,1795
1588.8595,1588.9002,68437,82812,Rhinolophus ferrumequinum,0.022,0.022,-1,Echolocation,/mnt/ubna_data_01_mir/recover-20220825/UBNA_002/20220823_033000.WAV,Telephone Field,recover-20220825,002,1795
1588.8685,1588.9079,68437,82423,Rhinolophus ferrumequinum,0.024,0.024,-1,Echolocation,/mnt/ubna_data_01_mir/recover-20220825/UBNA_002/20220823_033000.WAV,Telephone Field,recover-20220825,002,1795
1588.8905,1588.9316,68437,82922,Rhinolophus ferrumequinum,0.033,0.033,-1,Echolocation,/mnt/ubna_data_01_mir/recover-20220825/UBNA_002/20220823_033000.WAV,Telephone Field,recover-20220825,002,1795
1588.9145,1588.9517,68437,81848,Rhinolophus ferrumequinum,0.023,0.023,-1,Echolocation,/mnt/ubna_data_01_mir/recover-20220825/UBNA_002/20220823_033000.WAV,Telephone Field,recover-20220825,002,1795
1588.9295,1588.9635,68437,81327,Rhinolophus ferrumequinum,0.021,0.021,-1,Echolocation,/mnt/ubna_data_01_mir/recover-20220825/UBNA_002/20220823_033000.WAV,Telephone Field,recover-20220825,002,1795
1588.9635,1589.0052,68437,82478,Rhinolophus ferrumequinum,0.027,0.027,-1,Echolocation,/mnt/ubna_data_01_mir/recover-20220825/UBNA_002/20220823_033000.WAV,Telephone Field,recover-20220825,002,1795
1588.9745,1589.0151,68437,82689,Rhinolophus ferrumequinum,0.025,0.025,-1,Echolocation,/mnt/ubna_data_01_mir/recover-20220825/UBNA_002/20220823_033000.WAV,Telephone Field,recover-20220825,002,1795
1589.0105,1589.0198,27187,36895,Eptesicus serotinus,0.008,0.021,-1,Echolocation,/mnt/ubna_data_01_mir/recover-20220825/UBNA_002/20220823_033000.WAV,Telephone Field,recover-20220825,002,1795
1589.0285,1589.0658,68437,81293,Rhinolophus ferrumequinum,0.021,0.022,-1,Echolocation,/mnt/ubna_data_01_mir/recover-20220825/UBNA_002/20220823_033000.WAV,Telephone Field,recover-20220825,002,1795
1589.0485,1589.0879,68437,82423,Rhinolophus ferrumequinum,0.022,0.022,-1,Echolocation,/mnt/ubna_data_01_mir/recover-20220825/UBNA_002/20220823_033000.WAV,Telephone Field,recover-20220825,002,1795
1589.0535,1589.0645,23750,30065,Nyctalus leisleri,0.01,0.025,-1,Echolocation,/mnt/ubna_data_01_mir/recover-20220825/UBNA_002/20220823_033000.WAV,Telephone Field,recover-20220825,002,1795
1589.0635,1589.0714,23750,31581,Plecotus austriacus,0.009,0.022,-1,Echolocation,/mnt/ubna_data_01_mir/recover-20220825/UBNA_002/20220823_033000.WAV,Telephone Field,recover-20220825,002,1795
1589.0735,1589.1123,68437,82268,Rhinolophus ferrumequinum,0.033,0.033,-1,Echolocation,/mnt/ubna_data_01_mir/recover-20220825/UBNA_002/20220823_033000.WAV,Telephone Field,recover-20220825,002,1795
1589.1185,1589.1586,68437,82911,Rhinolophus ferrumequinum,0.024,0.024,-1,Echolocation,/mnt/ubna_data_01_mir/recover-20220825/UBNA_002/20220823_033000.WAV,Telephone Field,recover-20220825,002,1795
1589.1445,1589.1839,68437,82204,Rhinolophus ferrumequinum,0.021,0.021,-1,Echolocation,/mnt/ubna_data_01_mir/recover-20220825/UBNA_002/20220823_033000.WAV,Telephone Field,recover-20220825,002,1795
1589.2025,1589.2137,28046,36928,Eptesicus serotinus,0.013,0.026,-1,Echolocation,/mnt/ubna_data_01_mir/recover-20220825/UBNA_002/20220823_033000.WAV,Telephone Field,recover-20220825,002,1795
1589.2065,1589.2444,68437,82207,Rhinolophus ferrumequinum,0.022,0.022,-1,Echolocation,/mnt/ubna_data_01_mir/recover-20220825/UBNA_002/20220823_033000.WAV,Telephone Field,recover-20220825,002,1795
1589.2145,1589.2517,68437,81110,Rhinolophus ferrumequinum,0.021,0.022,-1,Echolocation,/mnt/ubna_data_01_mir/recover-20220825/UBNA_002/20220823_033000.WAV,Telephone Field,recover-20220825,002,1795
1589.2215,1589.2298,27187,36070,Eptesicus serotinus,0.008,0.021,-1,Echolocation,/mnt/ubna_data_01_mir/recover-20220825/UBNA_002/20220823_033000.WAV,Telephone Field,recover-20220825,002,1795
1589.2465,1589.2816,68437,81745,Rhinolophus ferrumequinum,0.029,0.029,-1,Echolocation,/mnt/ubna_data_01_mir/recover-20220825/UBNA_002/20220823_033000.WAV,Telephone Field,recover-20220825,002,1795
1589.2475,1589.2547,42656,47550,Pipistrellus pipistrellus,0.035,0.042,-1,Echolocation,/mnt/ubna_data_01_mir/recover-20220825/UBNA_002/20220823_033000.WAV,Telephone Field,recover-20220825,002,1795
1589.2835,1589.3237,68437,81928,Rhinolophus ferrumequinum,0.022,0.022,-1,Echolocation,/mnt/ubna_data_01_mir/recover-20220825/UBNA_002/20220823_033000.WAV,Telephone Field,recover-20220825,002,1795
1589.3095,1589.317,43515,54514,Pipistrellus pipistrellus,0.007,0.023,-1,Echolocation,/mnt/ubna_data_01_mir/recover-20220825/UBNA_002/20220823_033000.WAV,Telephone Field,recover-20220825,002,1795
1589.3205,1589.3537,68437,81530,Rhinolophus ferrumequinum,0.021,0.021,-1,Echolocation,/mnt/ubna_data_01_mir/recover-20220825/UBNA_002/20220823_033000.WAV,Telephone Field,recover-20220825,002,1795
1589.3525,1589.3601,24609,32774,Plecotus austriacus,0.007,0.022,-1,Echolocation,/mnt/ubna_data_01_mir/recover-20220825/UBNA_002/20220823_033000.WAV,Telephone Field,recover-20220825,002,1795
1589.3625,1589.4068,68437,83056,Rhinolophus ferrumequinum,0.025,0.026,-1,Echolocation,/mnt/ubna_data_01_mir/recover-20220825/UBNA_002/20220823_033000.WAV,Telephone Field,recover-20220825,002,1795
1589.3735,1589.4141,68437,82837,Rhinolophus ferrumequinum,0.024,0.024,-1,Echolocation,/mnt/ubna_data_01_mir/recover-20220825/UBNA_002/20220823_033000.WAV,Telephone Field,recover-20220825,002,1795
1589.3795,1589.3919,23750,29477,Nyctalus leisleri,0.014,0.03,-1,Echolocation,/mnt/ubna_data_01_mir/recover-20220825/UBNA_002/20220823_033000.WAV,Telephone Field,recover-20220825,002,1795
1589.4005,1589.4087,28046,39634,Eptesicus serotinus,0.013,0.031,-1,Echolocation,/mnt/ubna_data_01_mir/recover-20220825/UBNA_002/20220823_033000.WAV,Telephone Field,recover-20220825,002,1795
1589.4025,1589.4423,68437,82459,Rhinolophus ferrumequinum,0.027,0.027,-1,Echolocation,/mnt/ubna_data_01_mir/recover-20220825/UBNA_002/20220823_033000.WAV,Telephone Field,recover-20220825,002,1795
1589.4355,1589.4755,68437,82118,Rhinolophus ferrumequinum,0.022,0.022,-1,Echolocation,/mnt/ubna_data_01_mir/recover-20220825/UBNA_002/20220823_033000.WAV,Telephone Field,recover-20220825,002,1795
1589.4395,1589.4505,22890,28264,Nyctalus leisleri,0.013,0.026,-1,Echolocation,/mnt/ubna_data_01_mir/recover-20220825/UBNA_002/20220823_033000.WAV,Telephone Field,recover-20220825,002,1795
1589.4465,1589.4846,68437,81992,Rhinolophus ferrumequinum,0.021,0.021,-1,Echolocation,/mnt/ubna_data_01_mir/recover-20220825/UBNA_002/20220823_033000.WAV,Telephone Field,recover-20220825,002,1795
1589.4745,1589.5137,68437,82017,Rhinolophus ferrumequinum,0.021,0.021,-1,Echolocation,/mnt/ubna_data_01_mir/recover-20220825/UBNA_002/20220823_033000.WAV,Telephone Field,recover-20220825,002,1795
1589.5025,1589.5135,23750,29358,Nyctalus leisleri,0.01,0.024,-1,Echolocation,/mnt/ubna_data_01_mir/recover-20220825/UBNA_002/20220823_033000.WAV,Telephone Field,recover-20220825,002,1795
1589.5295,1589.5371,28046,37861,Eptesicus serotinus,0.007,0.022,-1,Echolocation,/mnt/ubna_data_01_mir/recover-20220825/UBNA_002/20220823_033000.WAV,Telephone Field,recover-20220825,002,1795
1589.5595,1589.6001,68437,82720,Rhinolophus ferrumequinum,0.024,0.024,-1,Echolocation,/mnt/ubna_data_01_mir/recover-20220825/UBNA_002/20220823_033000.WAV,Telephone Field,recover-20220825,002,1795
1589.5665,1589.6069,68437,82560,Rhinolophus ferrumequinum,0.022,0.022,-1,Echolocation,/mnt/ubna_data_01_mir/recover-20220825/UBNA_002/20220823_033000.WAV,Telephone Field,recover-20220825,002,1795
1589.5675,1589.575,28046,42628,Eptesicus serotinus,0.008,0.024,-1,Echolocation,/mnt/ubna_data_01_mir/recover-20220825/UBNA_002/20220823_033000.WAV,Telephone Field,recover-20220825,002,1795
1589.5945,1589.6351,68437,82995,Rhinolophus ferrumequinum,0.023,0.023,-1,Echolocation,/mnt/ubna_data_01_mir/recover-20220825/UBNA_002/20220823_033000.WAV,Telephone Field,recover-20220825,002,1795
1589.6055,1589.6255,20312,23213,Nyctalus leisleri,0.018,0.034,-1,Echolocation,/mnt/ubna_data_01_mir/recover-20220825/UBNA_002/20220823_033000.WAV,Telephone Field,recover-20220825,002,1795
1589.6375,1589.6487,28906,36220,Eptesicus serotinus,0.017,0.031,-1,Echolocation,/mnt/ubna_data_01_mir/recover-20220825/UBNA_002/20220823_033000.WAV,Telephone Field,recover-20220825,002,1795
1589.7195,1589.727,28046,38929,Eptesicus serotinus,0.008,0.024,-1,Echolocation,/mnt/ubna_data_01_mir/recover-20220825/UBNA_002/20220823_033000.WAV,Telephone Field,recover-20220825,002,1795
1589.7245,1589.7686,68437,83742,Rhinolophus ferrumequinum,0.039,0.039,-1,Echolocation,/mnt/ubna_data_01_mir/recover-20220825/UBNA_002/20220823_033000.WAV,Telephone Field,recover-20220825,002,1795
1589.7455,1589.783,68437,81622,Rhinolophus ferrumequinum,0.021,0.021,-1,Echolocation,/mnt/ubna_data_01_mir/recover-20220825/UBNA_002/20220823_033000.WAV,Telephone Field,recover-20220825,002,1795
1589.7735,1589.7811,28906,36541,Eptesicus serotinus,0.014,0.034,-1,Echolocation,/mnt/ubna_data_01_mir/recover-20220825/UBNA_002/20220823_033000.WAV,Telephone Field,recover-20220825,002,1795
1589.8045,1589.8141,28046,36592,Eptesicus serotinus,0.01,0.024,-1,Echolocation,/mnt/ubna_data_01_mir/recover-20220825/UBNA_002/20220823_033000.WAV,Telephone Field,recover-20220825,002,1795
1589.8115,1589.8218,23750,30201,Nyctalus leisleri,0.01,0.025,-1,Echolocation,/mnt/ubna_data_01_mir/recover-20220825/UBNA_002/20220823_033000.WAV,Telephone Field,recover-20220825,002,1795
1589.8135,1589.8245,48671,52592,Pipistrellus pipistrellus,0.026,0.031,-1,Echolocation,/mnt/ubna_data_01_mir/recover-20220825/UBNA_002/20220823_033000.WAV,Telephone Field,recover-20220825,002,1795
1589.8155,1589.8584,68437,83065,Rhinolophus ferrumequinum,0.024,0.024,-1,Echolocation,/mnt/ubna_data_01_mir/recover-20220825/UBNA_002/20220823_033000.WAV,Telephone Field,recover-20220825,002,1795
1589.8475,1589.8579,22890,28681,Nyctalus leisleri,0.012,0.026,-1,Echolocation,/mnt/ubna_data_01_mir/recover-20220825/UBNA_002/20220823_033000.WAV,Telephone Field,recover-20220825,002,1795
1589.8745,1589.9127,68437,82145,Rhinolophus ferrumequinum,0.021,0.021,-1,Echolocation,/mnt/ubna_data_01_mir/recover-20220825/UBNA_002/20220823_033000.WAV,Telephone Field,recover-20220825,002,1795
1589.8755,1589.8846,41796,48489,Pipistrellus nathusii,0.013,0.026,-1,Echolocation,/mnt/ubna_data_01_mir/recover-20220825/UBNA_002/20220823_033000.WAV,Telephone Field,recover-20220825,002,1795
1589.9045,1589.9447,68437,82397,Rhinolophus ferrumequinum,0.022,0.023,-1,Echolocation,/mnt/ubna_data_01_mir/recover-20220825/UBNA_002/20220823_033000.WAV,Telephone Field,recover-20220825,002,1795
1589.9115,1589.9509,68437,81967,Rhinolophus ferrumequinum,0.021,0.021,-1,Echolocation,/mnt/ubna_data_01_mir/recover-20220825/UBNA_002/20220823_033000.WAV,Telephone Field,recover-20220825,002,1795
1589.9805,1589.9911,28906,35454,Eptesicus serotinus,0.009,0.022,-1,Echolocation,/mnt/ubna_data_01_mir/recover-20220825/UBNA_002/20220823_033000.WAV,Telephone Field,recover-20220825,002,1795
1589.9885,1589.9988,28046,36198,Eptesicus serotinus,0.01,0.023,-1,Echolocation,/mnt/ubna_data_01_mir/recover-20220825/UBNA_002/20220823_033000.WAV,Telephone Field,recover-20220825,002,1795
1590.0015,1590.0104,47812,56162,Pipistrellus pipistrellus,0.012,0.021,-1,Echolocation,/mnt/ubna_data_01_mir/recover-20220825/UBNA_002/20220823_033000.WAV,Telephone Field,recover-20220825,002,1795
1590.0015,1590.0296,68437,79536,Rhinolophus ferrumequinum,0.024,0.025,-1,Echolocation,/mnt/ubna_data_01_mir/recover-20220825/UBNA_002/20220823_033000.WAV,Telephone Field,recover-20220825,002,1795
1590.0015,1590.0105,22890,30701,Nyctalus leisleri,0.008,0.024,-1,Echolocation,/mnt/ubna_data_01_mir/recover-20220825/UBNA_002/20220823_033000.WAV,Telephone Field,recover-20220825,002,1795
1590.0085,1590.0457,68437,80904,Rhinolophus ferrumequinum,0.021,0.022,-1,Echolocation,/mnt/ubna_data_01_mir/recover-20220825/UBNA_002/20220823_033000.WAV,Telephone Field,recover-20220825,002,1795
1590.0435,1590.051,28046,39393,Eptesicus serotinus,0.007,0.021,-1,Echolocation,/mnt/ubna_data_01_mir/recover-20220825/UBNA_002/20220823_033000.WAV,Telephone Field,recover-20220825,002,1795
1590.0555,1590.0953,68437,83249,Rhinolophus ferrumequinum,0.025,0.025,-1,Echolocation,/mnt/ubna_data_01_mir/recover-20220825/UBNA_002/20220823_033000.WAV,Telephone Field,recover-20220825,002,1795
1590.0715,1590.081,36640,42381,Pipistrellus nathusii,0.024,0.044,-1,Echolocation,/mnt/ubna_data_01_mir/recover-20220825/UBNA_002/20220823_033000.WAV,Telephone Field,recover-20220825,002,1795
1590.1055,1590.1448,68437,81921,Rhinolophus ferrumequinum,0.022,0.022,-1,Echolocation,/mnt/ubna_data_01_mir/recover-20220825/UBNA_002/20220823_033000.WAV,Telephone Field,recover-20220825,002,1795
1590.1685,1590.2074,68437,82962,Rhinolophus ferrumequinum,0.025,0.025,-1,Echolocation,/mnt/ubna_data_01_mir/recover-20220825/UBNA_002/20220823_033000.WAV,Telephone Field,recover-20220825,002,1795
1590.1795,1590.1884,54687,59850,Pipistrellus pygmaeus,0.019,0.022,-1,Echolocation,/mnt/ubna_data_01_mir/recover-20220825/UBNA_002/20220823_033000.WAV,Telephone Field,recover-20220825,002,1795
1590.2025,1590.2104,28046,36645,Eptesicus serotinus,0.009,0.022,-1,Echolocation,/mnt/ubna_data_01_mir/recover-20220825/UBNA_002/20220823_033000.WAV,Telephone Field,recover-20220825,002,1795
1590.2135,1590.2522,68437,81636,Rhinolophus ferrumequinum,0.023,0.023,-1,Echolocation,/mnt/ubna_data_01_mir/recover-20220825/UBNA_002/20220823_033000.WAV,Telephone Field,recover-20220825,002,1795
1590.2355,1590.2419,28046,39674,Eptesicus serotinus,0.006,0.022,-1,Echolocation,/mnt/ubna_data_01_mir/recover-20220825/UBNA_002/20220823_033000.WAV,Telephone Field,recover-20220825,002,1795
1590.2505,1590.292,68437,82517,Rhinolophus ferrumequinum,0.029,0.029,-1,Echolocation,/mnt/ubna_data_01_mir/recover-20220825/UBNA_002/20220823_033000.WAV,Telephone Field,recover-20220825,002,1795
1590.3255,1590.3646,68437,82233,Rhinolophus ferrumequinum,0.021,0.022,-1,Echolocation,/mnt/ubna_data_01_mir/recover-20220825/UBNA_002/20220823_033000.WAV,Telephone Field,recover-20220825,002,1795
1590.3595,1590.3981,68437,82746,Rhinolophus ferrumequinum,0.025,0.025,-1,Echolocation,/mnt/ubna_data_01_mir/recover-20220825/UBNA_002/20220823_033000.WAV,Telephone Field,recover-20220825,002,1795
1590.3725,1590.3811,27187,36043,Eptesicus serotinus,0.009,0.021,-1,Echolocation,/mnt/ubna_data_01_mir/recover-20220825/UBNA_002/20220823_033000.WAV,Telephone Field,recover-20220825,002,1795
1590.3935,1590.4039,22031,26048,Nyctalus leisleri,0.012,0.021,-1,Echolocation,/mnt/ubna_data_01_mir/recover-20220825/UBNA_002/20220823_033000.WAV,Telephone Field,recover-20220825,002,1795
1590.4145,1590.4241,23750,31533,Nyctalus leisleri,0.006,0.022,-1,Echolocation,/mnt/ubna_data_01_mir/recover-20220825/UBNA_002/20220823_033000.WAV,Telephone Field,recover-20220825,002,1795
1590.4265,1590.4694,68437,83389,Rhinolophus ferrumequinum,0.025,0.025,-1,Echolocation,/mnt/ubna_data_01_mir/recover-20220825/UBNA_002/20220823_033000.WAV,Telephone Field,recover-20220825,002,1795
1590.4575,1590.4674,46953,50638,Pipistrellus pipistrellus,0.02,0.023,-1,Echolocation,/mnt/ubna_data_01_mir/recover-20220825/UBNA_002/20220823_033000.WAV,Telephone Field,recover-20220825,002,1795
1590.4585,1590.4986,68437,82443,Rhinolophus ferrumequinum,0.021,0.021,-1,Echolocation,/mnt/ubna_data_01_mir/recover-20220825/UBNA_002/20220823_033000.WAV,Telephone Field,recover-20220825,002,1795
1590.5965,1590.6037,24609,33929,Plecotus austriacus,0.007,0.022,-1,Echolocation,/mnt/ubna_data_01_mir/recover-20220825/UBNA_002/20220823_033000.WAV,Telephone Field,recover-20220825,002,1795
1590.6145,1590.6583,68437,83506,Rhinolophus ferrumequinum,0.046,0.046,-1,Echolocation,/mnt/ubna_data_01_mir/recover-20220825/UBNA_002/20220823_033000.WAV,Telephone Field,recover-20220825,002,1795
1590.6465,1590.6832,68437,81762,Rhinolophus ferrumequinum,0.021,0.021,-1,Echolocation,/mnt/ubna_data_01_mir/recover-20220825/UBNA_002/20220823_033000.WAV,Telephone Field,recover-20220825,002,1795
1590.6715,1590.6778,27187,38101,Eptesicus serotinus,0.005,0.021,-1,Echolocation,/mnt/ubna_data_01_mir/recover-20220825/UBNA_002/20220823_033000.WAV,Telephone Field,recover-20220825,002,1795
1590.6995,1590.7105,42656,48611,Pipistrellus pipistrellus,0.023,0.034,-1,Echolocation,/mnt/ubna_data_01_mir/recover-20220825/UBNA_002/20220823_033000.WAV,Telephone Field,recover-20220825,002,1795
1590.7165,1590.7555,68437,82181,Rhinolophus ferrumequinum,0.022,0.022,-1,Echolocation,/mnt/ubna_data_01_mir/recover-20220825/UBNA_002/20220823_033000.WAV,Telephone Field,recover-20220825,002,1795
1590.7355,1590.7475,22031,26099,Nyctalus leisleri,0.011,0.021,-1,Echolocation,/mnt/ubna_data_01_mir/recover-20220825/UBNA_002/20220823_033000.WAV,Telephone Field,recover-20220825,002,1795
1590.7475,1590.7866,68437,82621,Rhinolophus ferrumequinum,0.022,0.022,-1,Echolocation,/mnt/ubna_data_01_mir/recover-20220825/UBNA_002/20220823_033000.WAV,Telephone Field,recover-20220825,002,1795
1590.7525,1590.7919,68437,82792,Rhinolophus ferrumequinum,0.022,0.022,-1,Echolocation,/mnt/ubna_data_01_mir/recover-20220825/UBNA_002/20220823_033000.WAV,Telephone Field,recover-20220825,002,1795
1590.7665,1590.7775,23750,29588,Nyctalus leisleri,0.012,0.027,-1,Echolocation,/mnt/ubna_data_01_mir/recover-20220825/UBNA_002/20220823_033000.WAV,Telephone Field,recover-20220825,002,1795
1590.8135,1590.8532,68437,82611,Rhinolophus ferrumequinum,0.024,0.024,-1,Echolocation,/mnt/ubna_data_01_mir/recover-20220825/UBNA_002/20220823_033000.WAV,Telephone Field,recover-20220825,002,1795
1590.8185,1590.8573,68437,82243,Rhinolophus ferrumequinum,0.024,0.024,-1,Echolocation,/mnt/ubna_data_01_mir/recover-20220825/UBNA_002/20220823_033000.WAV,Telephone Field,recover-20220825,002,1795
1590.8475,1590.8575,22890,28031,Nyctalus leisleri,0.01,0.022,-1,Echolocation,/mnt/ubna_data_01_mir/recover-20220825/UBNA_002/20220823_033000.WAV,Telephone Field,recover-20220825,002,1795
1590.8865,1590.9034,21171,24443,Nyctalus leisleri,0.015,0.025,-1,Echolocation,/mnt/ubna_data_01_mir/recover-20220825/UBNA_002/20220823_033000.WAV,Telephone Field,recover-20220825,002,1795
1590.9345,1590.9723,68437,81145,Rhinolophus ferrumequinum,0.024,0.025,-1,Echolocation,/mnt/ubna_data_01_mir/recover-20220825/UBNA_002/20220823_033000.WAV,Telephone Field,recover-20220825,002,1795
1590.9575,1590.9663,25468,33658,Eptesicus serotinus,0.008,0.024,-1,Echolocation,/mnt/ubna_data_01_mir/recover-20220825/UBNA_002/20220823_033000.WAV,Telephone Field,recover-20220825,002,1795
1590.9695,1591.0113,68437,82530,Rhinolophus ferrumequinum,0.022,0.022,-1,Echolocation,/mnt/ubna_data_01_mir/recover-20220825/UBNA_002/20220823_033000.WAV,Telephone Field,recover-20220825,002,1795
1590.9845,1590.9927,28046,38122,Eptesicus serotinus,0.008,0.022,-1,Echolocation,/mnt/ubna_data_01_mir/recover-20220825/UBNA_002/20220823_033000.WAV,Telephone Field,recover-20220825,002,1795
1590.9945,1591.0058,23750,29088,Nyctalus leisleri,0.01,0.024,-1,Echolocation,/mnt/ubna_data_01_mir/recover-20220825/UBNA_002/20220823_033000.WAV,Telephone Field,recover-20220825,002,1795
1591.0735,1591.1134,68437,82768,Rhinolophus ferrumequinum,0.022,0.022,-1,Echolocation,/mnt/ubna_data_01_mir/recover-20220825/UBNA_002/20220823_033000.WAV,Telephone Field,recover-20220825,002,1795
1591.0775,1591.0889,22031,25821,Nyctalus leisleri,0.012,0.023,-1,Echolocation,/mnt/ubna_data_01_mir/recover-20220825/UBNA_002/20220823_033000.WAV,Telephone Field,recover-20220825,002,1795
1591.1035,1591.1426,68437,82175,Rhinolophus ferrumequinum,0.022,0.022,-1,Echolocation,/mnt/ubna_data_01_mir/recover-20220825/UBNA_002/20220823_033000.WAV,Telephone Field,recover-20220825,002,1795
1591.1295,1591.1673,68437,81410,Rhinolophus ferrumequinum,0.024,0.024,-1,Echolocation,/mnt/ubna_data_01_mir/recover-20220825/UBNA_002/20220823_033000.WAV,Telephone Field,recover-20220825,002,1795
1591.1305,1591.1412,22890,28929,Nyctalus leisleri,0.013,0.032,-1,Echolocation,/mnt/ubna_data_01_mir/recover-20220825/UBNA_002/20220823_033000.WAV,Telephone Field,recover-20220825,002,1795
1591.1625,1591.2067,68437,83537,Rhinolophus ferrumequinum,0.031,0.031,-1,Echolocation,/mnt/ubna_data_01_mir/recover-20220825/UBNA_002/20220823_033000.WAV,Telephone Field,recover-20220825,002,1795
1591.1645,1591.173,27187,37469,Eptesicus serotinus,0.008,0.022,-1,Echolocation,/mnt/ubna_data_01_mir/recover-20220825/UBNA_002/20220823_033000.WAV,Telephone Field,recover-20220825,002,1795
1591.1895,1591.2293,68437,82096,Rhinolophus ferrumequinum,0.024,0.024,-1,Echolocation,/mnt/ubna_data_01_mir/recover-20220825/UBNA_002/20220823_033000.WAV,Telephone Field,recover-20220825,002,1795
1591.1905,1591.1977,28046,37351,Eptesicus serotinus,0.011,0.032,-1,Echolocation,/mnt/ubna_data_01_mir/recover-20220825/UBNA_002/20220823_033000.WAV,Telephone Field,recover-20220825,002,1795
1591.2045,1591.2148,23750,29529,Nyctalus leisleri,0.01,0.026,-1,Echolocation,/mnt/ubna_data_01_mir/recover-20220825/UBNA_002/20220823_033000.WAV,Telephone Field,recover-20220825,002,1795
1591.2225,1591.2337,15156,21429,Nyctalus noctula,0.017,0.03,-1,Echolocation,/mnt/ubna_data_01_mir/recover-20220825/UBNA_002/20220823_033000.WAV,Telephone Field,recover-20220825,002,1795
1591.2305,1591.2761,68437,83760,Rhinolophus ferrumequinum,0.042,0.042,-1,Echolocation,/mnt/ubna_data_01_mir/recover-20220825/UBNA_002/20220823_033000.WAV,Telephone Field,recover-20220825,002,1795
1591.2665,1591.3034,68437,81317,Rhinolophus ferrumequinum,0.021,0.021,-1,Echolocation,/mnt/ubna_data_01_mir/recover-20220825/UBNA_002/20220823_033000.WAV,Telephone Field,recover-20220825,002,1795
1591.2895,1591.3296,68437,82396,Rhinolophus ferrumequinum,0.021,0.022,-1,Echolocation,/mnt/ubna_data_01_mir/recover-20220825/UBNA_002/20220823_033000.WAV,Telephone Field,recover-20220825,002,1795
1591.3255,1591.3367,22031,26233,Nyctalus leisleri,0.012,0.023,-1,Echolocation,/mnt/ubna_data_01_mir/recover-20220825/UBNA_002/20220823_033000.WAV,Telephone Field,recover-20220825,002,1795
1591.3395,1591.3454,24609,33934,Plecotus austriacus,0.01,0.027,-1,Echolocation,/mnt/ubna_data_01_mir/recover-20220825/UBNA_002/20220823_033000.WAV,Telephone Field,recover-20220825,002,1795
1591.3505,1591.3584,47812,58078,Pipistrellus pipistrellus,0.019,0.028,-1,Echolocation,/mnt/ubna_data_01_mir/recover-20220825/UBNA_002/20220823_033000.WAV,Telephone Field,recover-20220825,002,1795
1591.3985,1591.4371,68437,81850,Rhinolophus ferrumequinum,0.021,0.021,-1,Echolocation,/mnt/ubna_data_01_mir/recover-20220825/UBNA_002/20220823_033000.WAV,Telephone Field,recover-20220825,002,1795
1591.4705,1591.5103,68437,81935,Rhinolophus ferrumequinum,0.021,0.021,-1,Echolocation,/mnt/ubna_data_01_mir/recover-20220825/UBNA_002/20220823_033000.WAV,Telephone Field,recover-20220825,002,1795
1591.4905,1591.4995,45234,48317,Pipistrellus pipistrellus,0.026,0.027,-1,Echolocation,/mnt/ubna_data_01_mir/recover-20220825/UBNA_002/20220823_033000.WAV,Telephone Field,recover-20220825,002,1795
1591.4985,1591.5051,26328,36573,Plecotus auritus,0.01,0.032,-1,Echolocation,/mnt/ubna_data_01_mir/recover-20220825/UBNA_002/20220823_033000.WAV,Telephone Field,recover-20220825,002,1795
1591.5145,1591.5508,68437,81706,Rhinolophus ferrumequinum,0.032,0.032,-1,Echolocation,/mnt/ubna_data_01_mir/recover-20220825/UBNA_002/20220823_033000.WAV,Telephone Field,recover-20220825,002,1795
1591.5465,1591.5819,68437,81910,Rhinolophus ferrumequinum,0.023,0.023,-1,Echolocation,/mnt/ubna_data_01_mir/recover-20220825/UBNA_002/20220823_033000.WAV,Telephone Field,recover-20220825,002,1795
1591.5605,1591.5684,22890,29936,Plecotus austriacus,0.01,0.023,-1,Echolocation,/mnt/ubna_data_01_mir/recover-20220825/UBNA_002/20220823_033000.WAV,Telephone Field,recover-20220825,002,1795
1591.5625,1591.5711,28046,40154,Eptesicus serotinus,0.008,0.021,-1,Echolocation,/mnt/ubna_data_01_mir/recover-20220825/UBNA_002/20220823_033000.WAV,Telephone Field,recover-20220825,002,1795
1591.5945,1591.6031,27187,40484,Eptesicus serotinus,0.009,0.022,-1,Echolocation,/mnt/ubna_data_01_mir/recover-20220825/UBNA_002/20220823_033000.WAV,Telephone Field,recover-20220825,002,1795
1591.6195,1591.657,68437,81383,Rhinolophus ferrumequinum,0.021,0.021,-1,Echolocation,/mnt/ubna_data_01_mir/recover-20220825/UBNA_002/20220823_033000.WAV,Telephone Field,recover-20220825,002,1795
1591.6205,1591.6296,28046,39812,Eptesicus serotinus,0.008,0.021,-1,Echolocation,/mnt/ubna_data_01_mir/recover-20220825/UBNA_002/20220823_033000.WAV,Telephone Field,recover-20220825,002,1795
1591.6765,1591.7182,68437,82541,Rhinolophus ferrumequinum,0.021,0.021,-1,Echolocation,/mnt/ubna_data_01_mir/recover-20220825/UBNA_002/20220823_033000.WAV,Telephone Field,recover-20220825,002,1795
1591.6875,1591.73,68437,82971,Rhinolophus ferrumequinum,0.021,0.021,-1,Echolocation,/mnt/ubna_data_01_mir/recover-20220825/UBNA_002/20220823_033000.WAV,Telephone Field,recover-20220825,002,1795
1591.7155,1591.7536,68437,82449,Rhinolophus ferrumequinum,0.027,0.027,-1,Echolocation,/mnt/ubna_data_01_mir/recover-20220825/UBNA_002/20220823_033000.WAV,Telephone Field,recover-20220825,002,1795
1591.7265,1591.7685,68437,83017,Rhinolophus ferrumequinum,0.03,0.03,-1,Echolocation,/mnt/ubna_data_01_mir/recover-20220825/UBNA_002/20220823_033000.WAV,Telephone Field,recover-20220825,002,1795
1591.7535,1591.7613,28046,40146,Eptesicus serotinus,0.008,0.021,-1,Echolocation,/mnt/ubna_data_01_mir/recover-20220825/UBNA_002/20220823_033000.WAV,Telephone Field,recover-20220825,002,1795
1591.7785,1591.7876,28046,36590,Eptesicus serotinus,0.009,0.021,-1,Echolocation,/mnt/ubna_data_01_mir/recover-20220825/UBNA_002/20220823_033000.WAV,Telephone Field,recover-20220825,002,1795
1591.8195,1591.8542,68437,81729,Rhinolophus ferrumequinum,0.021,0.021,-1,Echolocation,/mnt/ubna_data_01_mir/recover-20220825/UBNA_002/20220823_033000.WAV,Telephone Field,recover-20220825,002,1795
1591.8295,1591.8711,68437,83274,Rhinolophus ferrumequinum,0.025,0.025,-1,Echolocation,/mnt/ubna_data_01_mir/recover-20220825/UBNA_002/20220823_033000.WAV,Telephone Field,recover-20220825,002,1795
1591.8905,1591.8994,44375,51251,Pipistrellus pipistrellus,0.019,0.021,-1,Echolocation,/mnt/ubna_data_01_mir/recover-20220825/UBNA_002/20220823_033000.WAV,Telephone Field,recover-20220825,002,1795
1591.9065,1591.9269,18593,21664,Nyctalus noctula,0.011,0.021,-1,Echolocation,/mnt/ubna_data_01_mir/recover-20220825/UBNA_002/20220823_033000.WAV,Telephone Field,recover-20220825,002,1795
1591.9185,1591.9574,68437,81596,Rhinolophus ferrumequinum,0.027,0.027,-1,Echolocation,/mnt/ubna_data_01_mir/recover-20220825/UBNA_002/20220823_033000.WAV,Telephone Field,recover-20220825,002,1795
1591.9465,1591.9542,27187,36674,Eptesicus serotinus,0.009,0.025,-1,Echolocation,/mnt/ubna_data_01_mir/recover-20220825/UBNA_002/20220823_033000.WAV,Telephone Field,recover-20220825,002,1795
1591.9465,1591.9861,68437,82639,Rhinolophus ferrumequinum,0.031,0.031,-1,Echolocation,/mnt/ubna_data_01_mir/recover-20220825/UBNA_002/20220823_033000.WAV,Telephone Field,recover-20220825,002,1795
1592.0015,1592.0075,34062,46334,Myotis daubentonii,0.008,0.021,-1,Echolocation,/mnt/ubna_data_01_mir/recover-20220825/UBNA_002/20220823_033000.WAV,Telephone Field,recover-20220825,002,1795
1592.0015,1592.0092,22890,33490,Plecotus austriacus,0.008,0.027,-1,Echolocation,/mnt/ubna_data_01_mir/recover-20220825/UBNA_002/20220823_033000.WAV,Telephone Field,recover-20220825,002,1795
1592.0015,1592.0331,68437,79777,Rhinolophus ferrumequinum,0.025,0.025,-1,Echolocation,/mnt/ubna_data_01_mir/recover-20220825/UBNA_002/20220823_033000.WAV,Telephone Field,recover-20220825,002,1795
1592.0115,1592.0525,68437,82486,Rhinolophus ferrumequinum,0.024,0.024,-1,Echolocation,/mnt/ubna_data_01_mir/recover-20220825/UBNA_002/20220823_033000.WAV,Telephone Field,recover-20220825,002,1795
1592.0145,1592.0229,28046,38308,Eptesicus serotinus,0.007,0.02,-1,Echolocation,/mnt/ubna_data_01_mir/recover-20220825/UBNA_002/20220823_033000.WAV,Telephone Field,recover-20220825,002,1795
1592.1025,1592.1454,68437,82703,Rhinolophus ferrumequinum,0.036,0.036,-1,Echolocation,/mnt/ubna_data_01_mir/recover-20220825/UBNA_002/20220823_033000.WAV,Telephone Field,recover-20220825,002,1795
1592.1055,1592.115,28046,40948,Eptesicus serotinus,0.008,0.021,-1,Echolocation,/mnt/ubna_data_01_mir/recover-20220825/UBNA_002/20220823_033000.WAV,Telephone Field,recover-20220825,002,1795
1592.1315,1592.1686,68437,82377,Rhinolophus ferrumequinum,0.021,0.021,-1,Echolocation,/mnt/ubna_data_01_mir/recover-20220825/UBNA_002/20220823_033000.WAV,Telephone Field,recover-20220825,002,1795
1592.1395,1592.1785,68437,81750,Rhinolophus ferrumequinum,0.02,0.021,-1,Echolocation,/mnt/ubna_data_01_mir/recover-20220825/UBNA_002/20220823_033000.WAV,Telephone Field,recover-20220825,002,1795
1592.1475,1592.1853,68437,82163,Rhinolophus ferrumequinum,0.022,0.022,-1,Echolocation,/mnt/ubna_data_01_mir/recover-20220825/UBNA_002/20220823_033000.WAV,Telephone Field,recover-20220825,002,1795
1592.2605,1592.3025,68437,83483,Rhinolophus ferrumequinum,0.023,0.023,-1,Echolocation,/mnt/ubna_data_01_mir/recover-20220825/UBNA_002/20220823_033000.WAV,Telephone Field,recover-20220825,002,1795
1592.2605,1592.2706,44375,48453,Pipistrellus pipistrellus,0.019,0.021,-1,Echolocation,/mnt/ubna_data_01_mir/recover-20220825/UBNA_002/20220823_033000.WAV,Telephone Field,recover-20220825,002,1795
1592.2745,1592.2828,28046,38470,Eptesicus serotinus,0.008,0.025,-1,Echolocation,/mnt/ubna_data_01_mir/recover-20220825/UBNA_002/20220823_033000.WAV,Telephone Field,recover-20220825,002,1795
1592.3045,1592.343,68437,82524,Rhinolophus ferrumequinum,0.021,0.021,-1,Echolocation,/mnt/ubna_data_01_mir/recover-20220825/UBNA_002/20220823_033000.WAV,Telephone Field,recover-20220825,002,1795
1592.3495,1592.3902,68437,82862,Rhinolophus ferrumequinum,0.029,0.029,-1,Echolocation,/mnt/ubna_data_01_mir/recover-20220825/UBNA_002/20220823_033000.WAV,Telephone Field,recover-20220825,002,1795
1592.3815,1592.4188,68437,81819,Rhinolophus ferrumequinum,0.022,0.022,-1,Echolocation,/mnt/ubna_data_01_mir/recover-20220825/UBNA_002/20220823_033000.WAV,Telephone Field,recover-20220825,002,1795
1592.4065,1592.4165,22890,28027,Nyctalus leisleri,0.01,0.022,-1,Echolocation,/mnt/ubna_data_01_mir/recover-20220825/UBNA_002/20220823_033000.WAV,Telephone Field,recover-20220825,002,1795
1592.4215,1592.4614,68437,82347,Rhinolophus ferrumequinum,0.02,0.02,-1,Echolocation,/mnt/ubna_data_01_mir/recover-20220825/UBNA_002/20220823_033000.WAV,Telephone Field,recover-20220825,002,1795
1592.4355,1592.4482,14296,18843,Nyctalus noctula,0.021,0.032,-1,Echolocation,/mnt/ubna_data_01_mir/recover-20220825/UBNA_002/20220823_033000.WAV,Telephone Field,recover-20220825,002,1795
1592.4465,1592.4868,68437,82772,Rhinolophus ferrumequinum,0.021,0.021,-1,Echolocation,/mnt/ubna_data_01_mir/recover-20220825/UBNA_002/20220823_033000.WAV,Telephone Field,recover-20220825,002,1795
1592.4665,1592.5037,68437,81402,Rhinolophus ferrumequinum,0.022,0.022,-1,Echolocation,/mnt/ubna_data_01_mir/recover-20220825/UBNA_002/20220823_033000.WAV,Telephone Field,recover-20220825,002,1795
1592.4755,1592.5127,68437,81689,Rhinolophus ferrumequinum,0.023,0.023,-1,Echolocation,/mnt/ubna_data_01_mir/recover-20220825/UBNA_002/20220823_033000.WAV,Telephone Field,recover-20220825,002,1795
1592.4985,1592.5332,68437,80721,Rhinolophus ferrumequinum,0.021,0.021,-1,Echolocation,/mnt/ubna_data_01_mir/recover-20220825/UBNA_002/20220823_033000.WAV,Telephone Field,recover-20220825,002,1795
1592.5075,1592.5147,26328,35567,Eptesicus serotinus,0.01,0.036,-1,Echolocation,/mnt/ubna_data_01_mir/recover-20220825/UBNA_002/20220823_033000.WAV,Telephone Field,recover-20220825,002,1795
1592.5195,1592.5613,68437,82739,Rhinolophus ferrumequinum,0.03,0.03,-1,Echolocation,/mnt/ubna_data_01_mir/recover-20220825/UBNA_002/20220823_033000.WAV,Telephone Field,recover-20220825,002,1795
1592.5375,1592.5476,28906,35869,Eptesicus serotinus,0.014,0.029,-1,Echolocation,/mnt/ubna_data_01_mir/recover-20220825/UBNA_002/20220823_033000.WAV,Telephone Field,recover-20220825,002,1795
1592.5515,1592.589,68437,81732,Rhinolophus ferrumequinum,0.021,0.021,-1,Echolocation,/mnt/ubna_data_01_mir/recover-20220825/UBNA_002/20220823_033000.WAV,Telephone Field,recover-20220825,002,1795
1592.5655,1592.6076,68437,82223,Rhinolophus ferrumequinum,0.024,0.024,-1,Echolocation,/mnt/ubna_data_01_mir/recover-20220825/UBNA_002/20220823_033000.WAV,Telephone Field,recover-20220825,002,1795
1592.6055,1592.6444,68437,82115,Rhinolophus ferrumequinum,0.02,0.021,-1,Echolocation,/mnt/ubna_data_01_mir/recover-20220825/UBNA_002/20220823_033000.WAV,Telephone Field,recover-20220825,002,1795
1592.6105,1592.6307,18593,22030,Nyctalus noctula,0.011,0.021,-1,Echolocation,/mnt/ubna_data_01_mir/recover-20220825/UBNA_002/20220823_033000.WAV,Telephone Field,recover-20220825,002,1795
1592.6585,1592.6665,28046,37517,Eptesicus serotinus,0.007,0.021,-1,Echolocation,/mnt/ubna_data_01_mir/recover-20220825/UBNA_002/20220823_033000.WAV,Telephone Field,recover-20220825,002,1795
1592.6875,1592.7262,68437,82355,Rhinolophus ferrumequinum,0.027,0.027,-1,Echolocation,/mnt/ubna_data_01_mir/recover-20220825/UBNA_002/20220823_033000.WAV,Telephone Field,recover-20220825,002,1795
1592.7505,1592.794,68437,83215,Rhinolophus ferrumequinum,0.029,0.029,-1,Echolocation,/mnt/ubna_data_01_mir/recover-20220825/UBNA_002/20220823_033000.WAV,Telephone Field,recover-20220825,002,1795
1592.7815,1592.8217,68437,82162,Rhinolophus ferrumequinum,0.021,0.021,-1,Echolocation,/mnt/ubna_data_01_mir/recover-20220825/UBNA_002/20220823_033000.WAV,Telephone Field,recover-20220825,002,1795
1592.7995,1592.8391,68437,82323,Rhinolophus ferrumequinum,0.021,0.021,-1,Echolocation,/mnt/ubna_data_01_mir/recover-20220825/UBNA_002/20220823_033000.WAV,Telephone Field,recover-20220825,002,1795
1592.8375,1592.8484,23750,29107,Nyctalus leisleri,0.01,0.023,-1,Echolocation,/mnt/ubna_data_01_mir/recover-20220825/UBNA_002/20220823_033000.WAV,Telephone Field,recover-20220825,002,1795
1592.8375,1592.8735,68437,81265,Rhinolophus ferrumequinum,0.021,0.021,-1,Echolocation,/mnt/ubna_data_01_mir/recover-20220825/UBNA_002/20220823_033000.WAV,Telephone Field,recover-20220825,002,1795
1592.8775,1592.9185,68437,82628,Rhinolophus ferrumequinum,0.021,0.021,-1,Echolocation,/mnt/ubna_data_01_mir/recover-20220825/UBNA_002/20220823_033000.WAV,Telephone Field,recover-20220825,002,1795
1592.9005,1592.9409,68437,82699,Rhinolophus ferrumequinum,0.021,0.021,-1,Echolocation,/mnt/ubna_data_01_mir/recover-20220825/UBNA_002/20220823_033000.WAV,Telephone Field,recover-20220825,002,1795
1592.9465,1592.9841,68437,82713,Rhinolophus ferrumequinum,0.021,0.021,-1,Echolocation,/mnt/ubna_data_01_mir/recover-20220825/UBNA_002/20220823_033000.WAV,Telephone Field,recover-20220825,002,1795
1592.9585,1592.9969,68437,81748,Rhinolophus ferrumequinum,0.023,0.023,-1,Echolocation,/mnt/ubna_data_01_mir/recover-20220825/UBNA_002/20220823_033000.WAV,Telephone Field,recover-20220825,002,1795
1592.9655,1592.9745,28046,37633,Eptesicus serotinus,0.011,0.026,-1,Echolocation,/mnt/ubna_data_01_mir/recover-20220825/UBNA_002/20220823_033000.WAV,Telephone Field,recover-20220825,002,1795
1592.9745,1592.984,24609,31929,Eptesicus serotinus,0.008,0.023,-1,Echolocation,/mnt/ubna_data_01_mir/recover-20220825/UBNA_002/20220823_033000.WAV,Telephone Field,recover-20220825,002,1795
1592.9845,1593.0238,68437,82139,Rhinolophus ferrumequinum,0.021,0.021,-1,Echolocation,/mnt/ubna_data_01_mir/recover-20220825/UBNA_002/20220823_033000.WAV,Telephone Field,recover-20220825,002,1795
1593.0095,1593.0482,68437,82419,Rhinolophus ferrumequinum,0.025,0.025,-1,Echolocation,/mnt/ubna_data_01_mir/recover-20220825/UBNA_002/20220823_033000.WAV,Telephone Field,recover-20220825,002,1795
1593.0315,1593.0713,68437,82263,Rhinolophus ferrumequinum,0.021,0.021,-1,Echolocation,/mnt/ubna_data_01_mir/recover-20220825/UBNA_002/20220823_033000.WAV,Telephone Field,recover-20220825,002,1795
1593.0425,1593.0497,28046,40254,Eptesicus serotinus,0.007,0.023,-1,Echolocation,/mnt/ubna_data_01_mir/recover-20220825/UBNA_002/20220823_033000.WAV,Telephone Field,recover-20220825,002,1795
1593.0525,1593.0901,68437,81427,Rhinolophus ferrumequinum,0.021,0.021,-1,Echolocation,/mnt/ubna_data_01_mir/recover-20220825/UBNA_002/20220823_033000.WAV,Telephone Field,recover-20220825,002,1795
1593.0825,1593.1273,68437,82966,Rhinolophus ferrumequinum,0.03,0.03,-1,Echolocation,/mnt/ubna_data_01_mir/recover-20220825/UBNA_002/20220823_033000.WAV,Telephone Field,recover-20220825,002,1795
1593.0925,1593.1013,22890,29389,Plecotus austriacus,0.008,0.022,-1,Echolocation,/mnt/ubna_data_01_mir/recover-20220825/UBNA_002/20220823_033000.WAV,Telephone Field,recover-20220825,002,1795
1593.1075,1593.1164,28046,38505,Eptesicus serotinus,0.009,0.025,-1,Echolocation,/mnt/ubna_data_01_mir/recover-20220825/UBNA_002/20220823_033000.WAV,Telephone Field,recover-20220825,002,1795
1593.1195,1593.1267,28046,40445,Eptesicus serotinus,0.012,0.041,-1,Echolocation,/mnt/ubna_data_01_mir/recover-20220825/UBNA_002/20220823_033000.WAV,Telephone Field,recover-20220825,002,1795
1593.1475,1593.1548,26328,37767,Eptesicus serotinus,0.006,0.022,-1,Echolocation,/mnt/ubna_data_01_mir/recover-20220825/UBNA_002/20220823_033000.WAV,Telephone Field,recover-20220825,002,1795
1593.1955,1593.2324,68437,82126,Rhinolophus ferrumequinum,0.024,0.024,-1,Echolocation,/mnt/ubna_data_01_mir/recover-20220825/UBNA_002/20220823_033000.WAV,Telephone Field,recover-20220825,002,1795
1593.2215,1593.2307,23750,31292,Plecotus austriacus,0.01,0.032,-1,Echolocation,/mnt/ubna_data_01_mir/recover-20220825/UBNA_002/20220823_033000.WAV,Telephone Field,recover-20220825,002,1795
1593.2495,1593.2873,68437,81533,Rhinolophus ferrumequinum,0.023,0.023,-1,Echolocation,/mnt/ubna_data_01_mir/recover-20220825/UBNA_002/20220823_033000.WAV,Telephone Field,recover-20220825,002,1795
1593.2565,1593.2935,68437,81285,Rhinolophus ferrumequinum,0.02,0.021,-1,Echolocation,/mnt/ubna_data_01_mir/recover-20220825/UBNA_002/20220823_033000.WAV,Telephone Field,recover-20220825,002,1795
1593.2715,1593.3102,68437,82653,Rhinolophus ferrumequinum,0.022,0.022,-1,Echolocation,/mnt/ubna_data_01_mir/recover-20220825/UBNA_002/20220823_033000.WAV,Telephone Field,recover-20220825,002,1795
1593.3235,1593.3592,68437,81371,Rhinolophus ferrumequinum,0.024,0.024,-1,Echolocation,/mnt/ubna_data_01_mir/recover-20220825/UBNA_002/20220823_033000.WAV,Telephone Field,recover-20220825,002,1795
1593.3465,1593.3549,55546,61029,Pipistrellus pygmaeus,0.021,0.022,-1,Echolocation,/mnt/ubna_data_01_mir/recover-20220825/UBNA_002/20220823_033000.WAV,Telephone Field,recover-20220825,002,1795
1593.3595,1593.3951,68437,81639,Rhinolophus ferrumequinum,0.022,0.022,-1,Echolocation,/mnt/ubna_data_01_mir/recover-20220825/UBNA_002/20220823_033000.WAV,Telephone Field,recover-20220825,002,1795
1593.3745,1593.3829,45234,53979,Pipistrellus pipistrellus,0.012,0.021,-1,Echolocation,/mnt/ubna_data_01_mir/recover-20220825/UBNA_002/20220823_033000.WAV,Telephone Field,recover-20220825,002,1795
1593.3795,1593.4201,68437,83012,Rhinolophus ferrumequinum,0.028,0.028,-1,Echolocation,/mnt/ubna_data_01_mir/recover-20220825/UBNA_002/20220823_033000.WAV,Telephone Field,recover-20220825,002,1795
1593.3985,1593.4361,68437,81994,Rhinolophus ferrumequinum,0.022,0.022,-1,Echolocation,/mnt/ubna_data_01_mir/recover-20220825/UBNA_002/20220823_033000.WAV,Telephone Field,recover-20220825,002,1795
1593.4085,1593.4188,22031,26300,Nyctalus leisleri,0.011,0.021,-1,Echolocation,/mnt/ubna_data_01_mir/recover-20220825/UBNA_002/20220823_033000.WAV,Telephone Field,recover-20220825,002,1795
1593.4205,1593.4603,68437,82587,Rhinolophus ferrumequinum,0.021,0.021,-1,Echolocation,/mnt/ubna_data_01_mir/recover-20220825/UBNA_002/20220823_033000.WAV,Telephone Field,recover-20220825,002,1795
1593.4865,1593.5272,68437,82667,Rhinolophus ferrumequinum,0.02,0.021,-1,Echolocation,/mnt/ubna_data_01_mir/recover-20220825/UBNA_002/20220823_033000.WAV,Telephone Field,recover-20220825,002,1795
1593.5085,1593.516,26328,35127,Eptesicus serotinus,0.006,0.021,-1,Echolocation,/mnt/ubna_data_01_mir/recover-20220825/UBNA_002/20220823_033000.WAV,Telephone Field,recover-20220825,002,1795
1593.5135,1593.5249,22031,26259,Nyctalus leisleri,0.012,0.021,-1,Echolocation,/mnt/ubna_data_01_mir/recover-20220825/UBNA_002/20220823_033000.WAV,Telephone Field,recover-20220825,002,1795
1593.5425,1593.5804,68437,82791,Rhinolophus ferrumequinum,0.024,0.024,-1,Echolocation,/mnt/ubna_data_01_mir/recover-20220825/UBNA_002/20220823_033000.WAV,Telephone Field,recover-20220825,002,1795
1593.5555,1593.5675,25468,31721,Eptesicus serotinus,0.012,0.027,-1,Echolocation,/mnt/ubna_data_01_mir/recover-20220825/UBNA_002/20220823_033000.WAV,Telephone Field,recover-20220825,002,1795
1593.5735,1593.6154,68437,83185,Rhinolophus ferrumequinum,0.025,0.025,-1,Echolocation,/mnt/ubna_data_01_mir/recover-20220825/UBNA_002/20220823_033000.WAV,Telephone Field,recover-20220825,002,1795
1593.5975,1593.638,68437,82588,Rhinolophus ferrumequinum,0.022,0.022,-1,Echolocation,/mnt/ubna_data_01_mir/recover-20220825/UBNA_002/20220823_033000.WAV,Telephone Field,recover-20220825,002,1795
1593.6215,1593.6575,68437,81770,Rhinolophus ferrumequinum,0.027,0.027,-1,Echolocation,/mnt/ubna_data_01_mir/recover-20220825/UBNA_002/20220823_033000.WAV,Telephone Field,recover-20220825,002,1795
1593.6765,1593.6855,28046,39034,Eptesicus serotinus,0.01,0.025,-1,Echolocation,/mnt/ubna_data_01_mir/recover-20220825/UBNA_002/20220823_033000.WAV,Telephone Field,recover-20220825,002,1795
1593.6905,1593.7264,68437,80403,Rhinolophus ferrumequinum,0.021,0.021,-1,Echolocation,/mnt/ubna_data_01_mir/recover-20220825/UBNA_002/20220823_033000.WAV,Telephone Field,recover-20220825,002,1795
1593.7055,1593.7153,28046,36847,Eptesicus serotinus,0.01,0.024,-1,Echolocation,/mnt/ubna_data_01_mir/recover-20220825/UBNA_002/20220823_033000.WAV,Telephone Field,recover-20220825,002,1795
1593.7315,1593.7421,22031,26068,Nyctalus leisleri,0.011,0.021,-1,Echolocation,/mnt/ubna_data_01_mir/recover-20220825/UBNA_002/20220823_033000.WAV,Telephone Field,recover-20220825,002,1795
1593.7395,1593.7787,68437,82423,Rhinolophus ferrumequinum,0.028,0.028,-1,Echolocation,/mnt/ubna_data_01_mir/recover-20220825/UBNA_002/20220823_033000.WAV,Telephone Field,recover-20220825,002,1795
1593.7775,1593.8171,68437,82215,Rhinolophus ferrumequinum,0.023,0.023,-1,Echolocation,/mnt/ubna_data_01_mir/recover-20220825/UBNA_002/20220823_033000.WAV,Telephone Field,recover-20220825,002,1795
1593.8125,1593.8332,18593,21131,Nyctalus noctula,0.017,0.03,-1,Echolocation,/mnt/ubna_data_01_mir/recover-20220825/UBNA_002/20220823_033000.WAV,Telephone Field,recover-20220825,002,1795
1593.8235,1593.8363,22031,25883,Nyctalus leisleri,0.014,0.024,-1,Echolocation,/mnt/ubna_data_01_mir/recover-20220825/UBNA_002/20220823_033000.WAV,Telephone Field,recover-20220825,002,1795
1593.8245,1593.8621,68437,82019,Rhinolophus ferrumequinum,0.024,0.024,-1,Echolocation,/mnt/ubna_data_01_mir/recover-20220825/UBNA_002/20220823_033000.WAV,Telephone Field,recover-20220825,002,1795
1593.8345,1593.875,68437,82407,Rhinolophus ferrumequinum,0.026,0.026,-1,Echolocation,/mnt/ubna_data_01_mir/recover-20220825/UBNA_002/20220823_033000.WAV,Telephone Field,recover-20220825,002,1795
1593.8935,1593.9336,68437,82711,Rhinolophus ferrumequinum,0.024,0.024,-1,Echolocation,/mnt/ubna_data_01_mir/recover-20220825/UBNA_002/20220823_033000.WAV,Telephone Field,recover-20220825,002,1795
1593.9155,1593.955,68437,81802,Rhinolophus ferrumequinum,0.021,0.021,-1,Echolocation,/mnt/ubna_data_01_mir/recover-20220825/UBNA_002/20220823_033000.WAV,Telephone Field,recover-20220825,002,1795
1593.9325,1593.9406,25468,34025,Eptesicus serotinus,0.007,0.028,-1,Echolocation,/mnt/ubna_data_01_mir/recover-20220825/UBNA_002/20220823_033000.WAV,Telephone Field,recover-20220825,002,1795
1593.9355,1593.9731,68437,82029,Rhinolophus ferrumequinum,0.022,0.022,-1,Echolocation,/mnt/ubna_data_01_mir/recover-20220825/UBNA_002/20220823_033000.WAV,Telephone Field,recover-20220825,002,1795
1593.9765,1593.9852,28906,37786,Eptesicus serotinus,0.011,0.028,-1,Echolocation,/mnt/ubna_data_01_mir/recover-20220825/UBNA_002/20220823_033000.WAV,Telephone Field,recover-20220825,002,1795
1594.0015,1594.0323,69296,80861,Rhinolophus ferrumequinum,0.024,0.024,-1,Echolocation,/mnt/ubna_data_01_mir/recover-20220825/UBNA_002/20220823_033000.WAV,Telephone Field,recover-20220825,002,1795
1594.0015,1594.0114,22031,28428,Nyctalus leisleri,0.013,0.033,-1,Echolocation,/mnt/ubna_data_01_mir/recover-20220825/UBNA_002/20220823_033000.WAV,Telephone Field,recover-20220825,002,1795
1594.0015,1594.0154,38359,44001,Pipistrellus nathusii,0.025,0.033,-1,Echolocation,/mnt/ubna_data_01_mir/recover-20220825/UBNA_002/20220823_033000.WAV,Telephone Field,recover-20220825,002,1795
1594.0015,1594.0138,14296,20186,Nyctalus noctula,0.008,0.025,-1,Echolocation,/mnt/ubna_data_01_mir/recover-20220825/UBNA_002/20220823_033000.WAV,Telephone Field,recover-20220825,002,1795
1594.0405,1594.0787,68437,82180,Rhinolophus ferrumequinum,0.021,0.021,-1,Echolocation,/mnt/ubna_data_01_mir/recover-20220825/UBNA_002/20220823_033000.WAV,Telephone Field,recover-20220825,002,1795
1594.0695,1594.1089,68437,82213,Rhinolophus ferrumequinum,0.022,0.022,-1,Echolocation,/mnt/ubna_data_01_mir/recover-20220825/UBNA_002/20220823_033000.WAV,Telephone Field,recover-20220825,002,1795
1594.0795,1594.0887,28046,37937,Eptesicus serotinus,0.01,0.025,-1,Echolocation,/mnt/ubna_data_01_mir/recover-20220825/UBNA_002/20220823_033000.WAV,Telephone Field,recover-20220825,002,1795
1594.0875,1594.1224,68437,81387,Rhinolophus ferrumequinum,0.02,0.021,-1,Echolocation,/mnt/ubna_data_01_mir/recover-20220825/UBNA_002/20220823_033000.WAV,Telephone Field,recover-20220825,002,1795
1594.1165,1594.1559,68437,82487,Rhinolophus ferrumequinum,0.024,0.024,-1,Echolocation,/mnt/ubna_data_01_mir/recover-20220825/UBNA_002/20220823_033000.WAV,Telephone Field,recover-20220825,002,1795
1594.1205,1594.1268,32343,46362,Myotis daubentonii,0.008,0.022,-1,Echolocation,/mnt/ubna_data_01_mir/recover-20220825/UBNA_002/20220823_033000.WAV,Telephone Field,recover-20220825,002,1795
1594.1235,1594.1339,22031,28616,Nyctalus leisleri,0.01,0.03,-1,Echolocation,/mnt/ubna_data_01_mir/recover-20220825/UBNA_002/20220823_033000.WAV,Telephone Field,recover-20220825,002,1795
1594.1415,1594.1519,26328,34499,Eptesicus serotinus,0.011,0.022,-1,Echolocation,/mnt/ubna_data_01_mir/recover-20220825/UBNA_002/20220823_033000.WAV,Telephone Field,recover-20220825,002,1795
1594.2225,1594.2305,27187,39555,Eptesicus serotinus,0.008,0.021,-1,Echolocation,/mnt/ubna_data_01_mir/recover-20220825/UBNA_002/20220823_033000.WAV,Telephone Field,recover-20220825,002,1795
1594.2455,1594.253,27187,37592,Eptesicus serotinus,0.009,0.026,-1,Echolocation,/mnt/ubna_data_01_mir/recover-20220825/UBNA_002/20220823_033000.WAV,Telephone Field,recover-20220825,002,1795
1594.2695,1594.3049,68437,81735,Rhinolophus ferrumequinum,0.02,0.02,-1,Echolocation,/mnt/ubna_data_01_mir/recover-20220825/UBNA_002/20220823_033000.WAV,Telephone Field,recover-20220825,002,1795
1594.2925,1594.3321,68437,81800,Rhinolophus ferrumequinum,0.022,0.022,-1,Echolocation,/mnt/ubna_data_01_mir/recover-20220825/UBNA_002/20220823_033000.WAV,Telephone Field,recover-20220825,002,1795
1594.3145,1594.3227,36640,45929,Myotis daubentonii,0.009,0.028,-1,Echolocation,/mnt/ubna_data_01_mir/recover-20220825/UBNA_002/20220823_033000.WAV,Telephone Field,recover-20220825,002,1795
1594.3155,1594.3532,68437,82829,Rhinolophus ferrumequinum,0.022,0.022,-1,Echolocation,/mnt/ubna_data_01_mir/recover-20220825/UBNA_002/20220823_033000.WAV,Telephone Field,recover-20220825,002,1795
1594.3335,1594.3743,68437,83015,Rhinolophus ferrumequinum,0.024,0.024,-1,Echolocation,/mnt/ubna_data_01_mir/recover-20220825/UBNA_002/20220823_033000.WAV,Telephone Field,recover-20220825,002,1795
1594.3465,1594.3619,22890,27249,Nyctalus leisleri,0.024,0.049,-1,Echolocation,/mnt/ubna_data_01_mir/recover-20220825/UBNA_002/20220823_033000.WAV,Telephone Field,recover-20220825,002,1795
1594.3755,1594.4136,68437,82429,Rhinolophus ferrumequinum,0.02,0.02,-1,Echolocation,/mnt/ubna_data_01_mir/recover-20220825/UBNA_002/20220823_033000.WAV,Telephone Field,recover-20220825,002,1795
1594.3915,1594.3993,28046,42591,Eptesicus serotinus,0.009,0.024,-1,Echolocation,/mnt/ubna_data_01_mir/recover-20220825/UBNA_002/20220823_033000.WAV,Telephone Field,recover-20220825,002,1795
1594.3935,1594.3998,34921,42914,Myotis daubentonii,0.009,0.024,-1,Echolocation,/mnt/ubna_data_01_mir/recover-20220825/UBNA_002/20220823_033000.WAV,Telephone Field,recover-20220825,002,1795
1594.4085,1594.4463,68437,82246,Rhinolophus ferrumequinum,0.023,0.023,-1,Echolocation,/mnt/ubna_data_01_mir/recover-20220825/UBNA_002/20220823_033000.WAV,Telephone Field,recover-20220825,002,1795
1594.4335,1594.4435,27187,36141,Eptesicus serotinus,0.009,0.021,-1,Echolocation,/mnt/ubna_data_01_mir/recover-20220825/UBNA_002/20220823_033000.WAV,Telephone Field,recover-20220825,002,1795
1594.4555,1594.4677,22031,26010,Nyctalus leisleri,0.015,0.026,-1,Echolocation,/mnt/ubna_data_01_mir/recover-20220825/UBNA_002/20220823_033000.WAV,Telephone Field,recover-20220825,002,1795
1594.4635,1594.4741,44375,49478,Pipistrellus pipistrellus,0.017,0.021,-1,Echolocation,/mnt/ubna_data_01_mir/recover-20220825/UBNA_002/20220823_033000.WAV,Telephone Field,recover-20220825,002,1795
1594.4785,1594.5193,68437,82329,Rhinolophus ferrumequinum,0.021,0.021,-1,Echolocation,/mnt/ubna_data_01_mir/recover-20220825/UBNA_002/20220823_033000.WAV,Telephone Field,recover-20220825,002,1795
1594.4995,1594.5354,68437,81884,Rhinolophus ferrumequinum,0.022,0.022,-1,Echolocation,/mnt/ubna_data_01_mir/recover-20220825/UBNA_002/20220823_033000.WAV,Telephone Field,recover-20220825,002,1795
1594.5095,1594.5459,68437,81657,Rhinolophus ferrumequinum,0.025,0.025,-1,Echolocation,/mnt/ubna_data_01_mir/recover-20220825/UBNA_002/20220823_033000.WAV,Telephone Field,recover-20220825,002,1795
1594.5135,1594.5235,23750,28966,Nyctalus leisleri,0.01,0.021,-1,Echolocation,/mnt/ubna_data_01_mir/recover-20220825/UBNA_002/20220823_033000.WAV,Telephone Field,recover-20220825,002,1795
1594.5265,1594.5341,28046,37628,Eptesicus serotinus,0.01,0.024,-1,Echolocation,/mnt/ubna_data_01_mir/recover-20220825/UBNA_002/20220823_033000.WAV,Telephone Field,recover-20220825,002,1795
1594.5525,1594.5633,28046,35989,Eptesicus serotinus,0.015,0.026,-1,Echolocation,/mnt/ubna_data_01_mir/recover-20220825/UBNA_002/20220823_033000.WAV,Telephone Field,recover-20220825,002,1795
1594.6355,1594.6748,68437,82441,Rhinolophus ferrumequinum,0.022,0.022,-1,Echolocation,/mnt/ubna_data_01_mir/recover-20220825/UBNA_002/20220823_033000.WAV,Telephone Field,recover-20220825,002,1795
1594.6415,1594.6484,26328,39624,Eptesicus serotinus,0.006,0.028,-1,Echolocation,/mnt/ubna_data_01_mir/recover-20220825/UBNA_002/20220823_033000.WAV,Telephone Field,recover-20220825,002,1795
1594.6485,1594.6595,22890,28273,Nyctalus leisleri,0.01,0.022,-1,Echolocation,/mnt/ubna_data_01_mir/recover-20220825/UBNA_002/20220823_033000.WAV,Telephone Field,recover-20220825,002,1795
1594.6515,1594.6884,68437,82362,Rhinolophus ferrumequinum,0.023,0.023,-1,Echolocation,/mnt/ubna_data_01_mir/recover-20220825/UBNA_002/20220823_033000.WAV,Telephone Field,recover-20220825,002,1795
1594.6535,1594.6642,23750,30042,Nyctalus leisleri,0.009,0.023,-1,Echolocation,/mnt/ubna_data_01_mir/recover-20220825/UBNA_002/20220823_033000.WAV,Telephone Field,recover-20220825,002,1795
1594.6715,1594.7124,68437,82616,Rhinolophus ferrumequinum,0.022,0.022,-1,Echolocation,/mnt/ubna_data_01_mir/recover-20220825/UBNA_002/20220823_033000.WAV,Telephone Field,recover-20220825,002,1795
1594.6845,1594.6917,28046,38743,Eptesicus serotinus,0.008,0.024,-1,Echolocation,/mnt/ubna_data_01_mir/recover-20220825/UBNA_002/20220823_033000.WAV,Telephone Field,recover-20220825,002,1795
1594.7035,1594.7395,68437,81820,Rhinolophus ferrumequinum,0.025,0.025,-1,Echolocation,/mnt/ubna_data_01_mir/recover-20220825/UBNA_002/20220823_033000.WAV,Telephone Field,recover-20220825,002,1795
1594.7105,1594.7172,27187,42025,Eptesicus serotinus,0.006,0.021,-1,Echolocation,/mnt/ubna_data_01_mir/recover-20220825/UBNA_002/20220823_033000.WAV,Telephone Field,recover-20220825,002,1795
1594.7155,1594.7564,68437,82602,Rhinolophus ferrumequinum,0.026,0.026,-1,Echolocation,/mnt/ubna_data_01_mir/recover-20220825/UBNA_002/20220823_033000.WAV,Telephone Field,recover-20220825,002,1795
1594.7245,1594.7638,68437,82352,Rhinolophus ferrumequinum,0.025,0.025,-1,Echolocation,/mnt/ubna_data_01_mir/recover-20220825/UBNA_002/20220823_033000.WAV,Telephone Field,recover-20220825,002,1795
1594.7575,1594.7968,68437,82355,Rhinolophus ferrumequinum,0.025,0.025,-1,Echolocation,/mnt/ubna_data_01_mir/recover-20220825/UBNA_002/20220823_033000.WAV,Telephone Field,recover-20220825,002,1795
1594.7695,1594.7806,24609,30394,Nyctalus leisleri,0.01,0.023,-1,Echolocation,/mnt/ubna_data_01_mir/recover-20220825/UBNA_002/20220823_033000.WAV,Telephone Field,recover-20220825,002,1795
1594.8155,1594.8524,68437,81909,Rhinolophus ferrumequinum,0.021,0.021,-1,Echolocation,/mnt/ubna_data_01_mir/recover-20220825/UBNA_002/20220823_033000.WAV,Telephone Field,recover-20220825,002,1795
1594.8925,1594.9009,27187,37545,Eptesicus serotinus,0.008,0.021,-1,Echolocation,/mnt/ubna_data_01_mir/recover-20220825/UBNA_002/20220823_033000.WAV,Telephone Field,recover-20220825,002,1795
1594.8965,1594.9347,68437,82655,Rhinolophus ferrumequinum,0.025,0.025,-1,Echolocation,/mnt/ubna_data_01_mir/recover-20220825/UBNA_002/20220823_033000.WAV,Telephone Field,recover-20220825,002,1795
1594.9045,1594.9149,43515,46235,Pipistrellus pipistrellus,0.039,0.045,-1,Echolocation,/mnt/ubna_data_01_mir/recover-20220825/UBNA_002/20220823_033000.WAV,Telephone Field,recover-20220825,002,1795
1594.9505,1594.9885,68437,81932,Rhinolophus ferrumequinum,0.021,0.021,-1,Echolocation,/mnt/ubna_data_01_mir/recover-20220825/UBNA_002/20220823_033000.WAV,Telephone Field,recover-20220825,002,1795
1595.0115,1595.0208,28906,36917,Eptesicus serotinus,0.009,0.023,-1,Echolocation,/mnt/ubna_data_01_mir/recover-20220825/UBNA_002/20220823_033000.WAV,Telephone Field,recover-20220825,002,1795
1595.0365,1595.0446,27187,39958,Eptesicus serotinus,0.008,0.021,-1,Echolocation,/mnt/ubna_data_01_mir/recover-20220825/UBNA_002/20220823_033000.WAV,Telephone Field,recover-20220825,002,1795
1595.0375,1595.071,68437,80875,Rhinolophus ferrumequinum,0.02,0.02,-1,Echolocation,/mnt/ubna_data_01_mir/recover-20220825/UBNA_002/20220823_033000.WAV,Telephone Field,recover-20220825,002,1795
1595.0585,1595.0934,68437,81363,Rhinolophus ferrumequinum,0.021,0.021,-1,Echolocation,/mnt/ubna_data_01_mir/recover-20220825/UBNA_002/20220823_033000.WAV,Telephone Field,recover-20220825,002,1795
1595.0765,1595.0878,23750,30645,Nyctalus leisleri,0.01,0.029,-1,Echolocation,/mnt/ubna_data_01_mir/recover-20220825/UBNA_002/20220823_033000.WAV,Telephone Field,recover-20220825,002,1795
1595.0975,1595.1342,68437,81604,Rhinolophus ferrumequinum,0.022,0.022,-1,Echolocation,/mnt/ubna_data_01_mir/recover-20220825/UBNA_002/20220823_033000.WAV,Telephone Field,recover-20220825,002,1795
1595.1195,1595.1569,68437,82083,Rhinolophus ferrumequinum,0.022,0.022,-1,Echolocation,/mnt/ubna_data_01_mir/recover-20220825/UBNA_002/20220823_033000.WAV,Telephone Field,recover-20220825,002,1795
1595.1505,1595.1907,68437,82619,Rhinolophus ferrumequinum,0.022,0.022,-1,Echolocation,/mnt/ubna_data_01_mir/recover-20220825/UBNA_002/20220823_033000.WAV,Telephone Field,recover-20220825,002,1795
1595.1585,1595.1679,24609,31702,Nyctalus leisleri,0.007,0.024,-1,Echolocation,/mnt/ubna_data_01_mir/recover-20220825/UBNA_002/20220823_033000.WAV,Telephone Field,recover-20220825,002,1795
1595.2085,1595.2158,28046,40187,Eptesicus serotinus,0.006,0.021,-1,Echolocation,/mnt/ubna_data_01_mir/recover-20220825/UBNA_002/20220823_033000.WAV,Telephone Field,recover-20220825,002,1795
1595.2085,1595.2473,68437,82466,Rhinolophus ferrumequinum,0.022,0.022,-1,Echolocation,/mnt/ubna_data_01_mir/recover-20220825/UBNA_002/20220823_033000.WAV,Telephone Field,recover-20220825,002,1795
1595.2245,1595.2634,68437,82445,Rhinolophus ferrumequinum,0.021,0.021,-1,Echolocation,/mnt/ubna_data_01_mir/recover-20220825/UBNA_002/20220823_033000.WAV,Telephone Field,recover-20220825,002,1795
1595.2505,1595.2573,23750,34620,Plecotus austriacus,0.009,0.023,-1,Echolocation,/mnt/ubna_data_01_mir/recover-20220825/UBNA_002/20220823_033000.WAV,Telephone Field,recover-20220825,002,1795
1595.2515,1595.2877,68437,82223,Rhinolophus ferrumequinum,0.022,0.022,-1,Echolocation,/mnt/ubna_data_01_mir/recover-20220825/UBNA_002/20220823_033000.WAV,Telephone Field,recover-20220825,002,1795
1595.2605,1595.2993,68437,81945,Rhinolophus ferrumequinum,0.023,0.023,-1,Echolocation,/mnt/ubna_data_01_mir/recover-20220825/UBNA_002/20220823_033000.WAV,Telephone Field,recover-20220825,002,1795
1595.3115,1595.351,68437,82288,Rhinolophus ferrumequinum,0.025,0.025,-1,Echolocation,/mnt/ubna_data_01_mir/recover-20220825/UBNA_002/20220823_033000.WAV,Telephone Field,recover-20220825,002,1795
1595.3155,1595.3227,27187,39708,Eptesicus serotinus,0.006,0.021,-1,Echolocation,/mnt/ubna_data_01_mir/recover-20220825/UBNA_002/20220823_033000.WAV,Telephone Field,recover-20220825,002,1795
1595.3385,1595.3476,27187,36309,Eptesicus serotinus,0.009,0.02,-1,Echolocation,/mnt/ubna_data_01_mir/recover-20220825/UBNA_002/20220823_033000.WAV,Telephone Field,recover-20220825,002,1795
1595.3395,1595.3753,68437,81675,Rhinolophus ferrumequinum,0.021,0.021,-1,Echolocation,/mnt/ubna_data_01_mir/recover-20220825/UBNA_002/20220823_033000.WAV,Telephone Field,recover-20220825,002,1795
1595.3605,1595.3966,68437,81476,Rhinolophus ferrumequinum,0.022,0.022,-1,Echolocation,/mnt/ubna_data_01_mir/recover-20220825/UBNA_002/20220823_033000.WAV,Telephone Field,recover-20220825,002,1795
1595.3745,1595.4123,68437,82324,Rhinolophus ferrumequinum,0.025,0.025,-1,Echolocation,/mnt/ubna_data_01_mir/recover-20220825/UBNA_002/20220823_033000.WAV,Telephone Field,recover-20220825,002,1795
1595.3885,1595.425,68437,81910,Rhinolophus ferrumequinum,0.021,0.021,-1,Echolocation,/mnt/ubna_data_01_mir/recover-20220825/UBNA_002/20220823_033000.WAV,Telephone Field,recover-20220825,002,1795
1595.3915,1595.4009,29765,39145,Eptesicus serotinus,0.008,0.023,-1,Echolocation,/mnt/ubna_data_01_mir/recover-20220825/UBNA_002/20220823_033000.WAV,Telephone Field,recover-20220825,002,1795
1595.4125,1595.4242,22890,27107,Nyctalus leisleri,0.012,0.021,-1,Echolocation,/mnt/ubna_data_01_mir/recover-20220825/UBNA_002/20220823_033000.WAV,Telephone Field,recover-20220825,002,1795
1595.4355,1595.4428,40937,51186,Myotis brandtii,0.005,0.021,-1,Echolocation,/mnt/ubna_data_01_mir/recover-20220825/UBNA_002/20220823_033000.WAV,Telephone Field,recover-20220825,002,1795
1595.4575,1595.4654,26328,34137,Eptesicus serotinus,0.009,0.024,-1,Echolocation,/mnt/ubna_data_01_mir/recover-20220825/UBNA_002/20220823_033000.WAV,Telephone Field,recover-20220825,002,1795
1595.4655,1595.506,68437,82331,Rhinolophus ferrumequinum,0.023,0.023,-1,Echolocation,/mnt/ubna_data_01_mir/recover-20220825/UBNA_002/20220823_033000.WAV,Telephone Field,recover-20220825,002,1795
1595.4855,1595.5256,68437,82962,Rhinolophus ferrumequinum,0.024,0.024,-1,Echolocation,/mnt/ubna_data_01_mir/recover-20220825/UBNA_002/20220823_033000.WAV,Telephone Field,recover-20220825,002,1795
1595.5085,1595.5428,68437,81358,Rhinolophus ferrumequinum,0.027,0.027,-1,Echolocation,/mnt/ubna_data_01_mir/recover-20220825/UBNA_002/20220823_033000.WAV,Telephone Field,recover-20220825,002,1795
1595.5225,1595.5311,26328,33824,Eptesicus serotinus,0.008,0.023,-1,Echolocation,/mnt/ubna_data_01_mir/recover-20220825/UBNA_002/20220823_033000.WAV,Telephone Field,recover-20220825,002,1795
1595.5355,1595.5416,28046,40590,Eptesicus serotinus,0.006,0.023,-1,Echolocation,/mnt/ubna_data_01_mir/recover-20220825/UBNA_002/20220823_033000.WAV,Telephone Field,recover-20220825,002,1795
1595.5385,1595.5551,16015,21175,Nyctalus noctula,0.015,0.021,-1,Echolocation,/mnt/ubna_data_01_mir/recover-20220825/UBNA_002/20220823_033000.WAV,Telephone Field,recover-20220825,002,1795
1595.5865,1595.6243,68437,82383,Rhinolophus ferrumequinum,0.021,0.022,-1,Echolocation,/mnt/ubna_data_01_mir/recover-20220825/UBNA_002/20220823_033000.WAV,Telephone Field,recover-20220825,002,1795
1595.5975,1595.6382,68437,82289,Rhinolophus ferrumequinum,0.021,0.021,-1,Echolocation,/mnt/ubna_data_01_mir/recover-20220825/UBNA_002/20220823_033000.WAV,Telephone Field,recover-20220825,002,1795
1595.6165,1595.654,68437,82022,Rhinolophus ferrumequinum,0.021,0.021,-1,Echolocation,/mnt/ubna_data_01_mir/recover-20220825/UBNA_002/20220823_033000.WAV,Telephone Field,recover-20220825,002,1795
1595.6175,1595.6267,44375,50936,Pipistrellus pipistrellus,0.014,0.022,-1,Echolocation,/mnt/ubna_data_01_mir/recover-20220825/UBNA_002/20220823_033000.WAV,Telephone Field,recover-20220825,002,1795
1595.6635,1595.701,68437,82203,Rhinolophus ferrumequinum,0.022,0.022,-1,Echolocation,/mnt/ubna_data_01_mir/recover-20220825/UBNA_002/20220823_033000.WAV,Telephone Field,recover-20220825,002,1795
1595.6735,1595.6834,22890,28080,Nyctalus leisleri,0.009,0.021,-1,Echolocation,/mnt/ubna_data_01_mir/recover-20220825/UBNA_002/20220823_033000.WAV,Telephone Field,recover-20220825,002,1795
1595.7505,1595.7867,68437,81723,Rhinolophus ferrumequinum,0.02,0.021,-1,Echolocation,/mnt/ubna_data_01_mir/recover-20220825/UBNA_002/20220823_033000.WAV,Telephone Field,recover-20220825,002,1795
1595.7585,1595.7998,68437,82834,Rhinolophus ferrumequinum,0.021,0.021,-1,Echolocation,/mnt/ubna_data_01_mir/recover-20220825/UBNA_002/20220823_033000.WAV,Telephone Field,recover-20220825,002,1795
1595.8465,1595.8842,68437,81417,Rhinolophus ferrumequinum,0.022,0.022,-1,Echolocation,/mnt/ubna_data_01_mir/recover-20220825/UBNA_002/20220823_033000.WAV,Telephone Field,recover-20220825,002,1795
1595.8725,1595.8817,26328,33329,Eptesicus serotinus,0.009,0.022,-1,Echolocation,/mnt/ubna_data_01_mir/recover-20220825/UBNA_002/20220823_033000.WAV,Telephone Field,recover-20220825,002,1795
1595.9155,1595.9511,68437,81504,Rhinolophus ferrumequinum,0.021,0.021,-1,Echolocation,/mnt/ubna_data_01_mir/recover-20220825/UBNA_002/20220823_033000.WAV,Telephone Field,recover-20220825,002,1795
1595.9585,1595.9695,22890,27549,Nyctalus leisleri,0.012,0.023,-1,Echolocation,/mnt/ubna_data_01_mir/recover-20220825/UBNA_002/20220823_033000.WAV,Telephone Field,recover-20220825,002,1795
1596.0015,1596.0337,69296,81202,Rhinolophus ferrumequinum,0.047,0.047,-1,Echolocation,/mnt/ubna_data_01_mir/recover-20220825/UBNA_002/20220823_033000.WAV,Telephone Field,recover-20220825,002,1795
1596.0015,1596.0144,20312,24911,Nyctalus leisleri,0.015,0.032,-1,Echolocation,/mnt/ubna_data_01_mir/recover-20220825/UBNA_002/20220823_033000.WAV,Telephone Field,recover-20220825,002,1795
1596.0175,1596.0265,22890,29977,Plecotus austriacus,0.007,0.021,-1,Echolocation,/mnt/ubna_data_01_mir/recover-20220825/UBNA_002/20220823_033000.WAV,Telephone Field,recover-20220825,002,1795
1596.0335,1596.0431,25468,33541,Eptesicus serotinus,0.009,0.024,-1,Echolocation,/mnt/ubna_data_01_mir/recover-20220825/UBNA_002/20220823_033000.WAV,Telephone Field,recover-20220825,002,1795
1596.0585,1596.0643,40937,52497,Myotis daubentonii,0.007,0.028,-1,Echolocation,/mnt/ubna_data_01_mir/recover-20220825/UBNA_002/20220823_033000.WAV,Telephone Field,recover-20220825,002,1795
1596.0615,1596.0694,27187,40512,Eptesicus serotinus,0.007,0.021,-1,Echolocation,/mnt/ubna_data_01_mir/recover-20220825/UBNA_002/20220823_033000.WAV,Telephone Field,recover-20220825,002,1795
1596.0725,1596.0822,25468,31935,Eptesicus serotinus,0.026,0.061,-1,Echolocation,/mnt/ubna_data_01_mir/recover-20220825/UBNA_002/20220823_033000.WAV,Telephone Field,recover-20220825,002,1795
1596.0855,1596.1033,19453,22537,Nyctalus leisleri,0.01,0.021,-1,Echolocation,/mnt/ubna_data_01_mir/recover-20220825/UBNA_002/20220823_033000.WAV,Telephone Field,recover-20220825,002,1795
1596.1065,1596.1424,68437,81695,Rhinolophus ferrumequinum,0.021,0.021,-1,Echolocation,/mnt/ubna_data_01_mir/recover-20220825/UBNA_002/20220823_033000.WAV,Telephone Field,recover-20220825,002,1795
1596.1105,1596.1174,27187,40184,Eptesicus serotinus,0.007,0.023,-1,Echolocation,/mnt/ubna_data_01_mir/recover-20220825/UBNA_002/20220823_033000.WAV,Telephone Field,recover-20220825,002,1795
1596.1805,1596.2188,68437,82480,Rhinolophus ferrumequinum,0.022,0.022,-1,Echolocation,/mnt/ubna_data_01_mir/recover-20220825/UBNA_002/20220823_033000.WAV,Telephone Field,recover-20220825,002,1795
1596.2085,1596.2176,28046,37139,Eptesicus serotinus,0.008,0.021,-1,Echolocation,/mnt/ubna_data_01_mir/recover-20220825/UBNA_002/20220823_033000.WAV,Telephone Field,recover-20220825,002,1795
1596.2375,1596.2753,68437,82497,Rhinolophus ferrumequinum,0.025,0.025,-1,Echolocation,/mnt/ubna_data_01_mir/recover-20220825/UBNA_002/20220823_033000.WAV,Telephone Field,recover-20220825,002,1795
1596.2585,1596.2953,68437,81595,Rhinolophus ferrumequinum,0.022,0.022,-1,Echolocation,/mnt/ubna_data_01_mir/recover-20220825/UBNA_002/20220823_033000.WAV,Telephone Field,recover-20220825,002,1795
1596.2765,1596.3154,68437,82341,Rhinolophus ferrumequinum,0.029,0.029,-1,Echolocation,/mnt/ubna_data_01_mir/recover-20220825/UBNA_002/20220823_033000.WAV,Telephone Field,recover-20220825,002,1795
1596.3675,1596.4081,68437,82146,Rhinolophus ferrumequinum,0.022,0.022,-1,Echolocation,/mnt/ubna_data_01_mir/recover-20220825/UBNA_002/20220823_033000.WAV,Telephone Field,recover-20220825,002,1795
1596.3765,1596.4149,68437,82295,Rhinolophus ferrumequinum,0.022,0.022,-1,Echolocation,/mnt/ubna_data_01_mir/recover-20220825/UBNA_002/20220823_033000.WAV,Telephone Field,recover-20220825,002,1795
1596.3865,1596.4016,22031,25768,Nyctalus leisleri,0.019,0.032,-1,Echolocation,/mnt/ubna_data_01_mir/recover-20220825/UBNA_002/20220823_033000.WAV,Telephone Field,recover-20220825,002,1795
1596.4595,1596.4695,22031,27243,Nyctalus leisleri,0.009,0.022,-1,Echolocation,/mnt/ubna_data_01_mir/recover-20220825/UBNA_002/20220823_033000.WAV,Telephone Field,recover-20220825,002,1795
1596.4795,1596.5159,68437,81752,Rhinolophus ferrumequinum,0.021,0.021,-1,Echolocation,/mnt/ubna_data_01_mir/recover-20220825/UBNA_002/20220823_033000.WAV,Telephone Field,recover-20220825,002,1795
1596.4935,1596.5005,28046,37817,Eptesicus serotinus,0.009,0.028,-1,Echolocation,/mnt/ubna_data_01_mir/recover-20220825/UBNA_002/20220823_033000.WAV,Telephone Field,recover-20220825,002,1795
1596.5045,1596.5447,68437,82278,Rhinolophus ferrumequinum,0.021,0.021,-1,Echolocation,/mnt/ubna_data_01_mir/recover-20220825/UBNA_002/20220823_033000.WAV,Telephone Field,recover-20220825,002,1795
1596.5645,1596.6002,68437,81678,Rhinolophus ferrumequinum,0.021,0.021,-1,Echolocation,/mnt/ubna_data_01_mir/recover-20220825/UBNA_002/20220823_033000.WAV,Telephone Field,recover-20220825,002,1795
1596.6705,1596.6771,27187,35519,Eptesicus serotinus,0.007,0.021,-1,Echolocation,/mnt/ubna_data_01_mir/recover-20220825/UBNA_002/20220823_033000.WAV,Telephone Field,recover-20220825,002,1795
1596.6815,1596.7219,68437,82512,Rhinolophus ferrumequinum,0.023,0.023,-1,Echolocation,/mnt/ubna_data_01_mir/recover-20220825/UBNA_002/20220823_033000.WAV,Telephone Field,recover-20220825,002,1795
1596.7305,1596.7713,68437,82946,Rhinolophus ferrumequinum,0.023,0.023,-1,Echolocation,/mnt/ubna_data_01_mir/recover-20220825/UBNA_002/20220823_033000.WAV,Telephone Field,recover-20220825,002,1795
1596.7315,1596.739,28046,45146,Eptesicus serotinus,0.007,0.021,-1,Echolocation,/mnt/ubna_data_01_mir/recover-20220825/UBNA_002/20220823_033000.WAV,Telephone Field,recover-20220825,002,1795
1596.7505,1596.7899,68437,82394,Rhinolophus ferrumequinum,0.021,0.021,-1,Echolocation,/mnt/ubna_data_01_mir/recover-20220825/UBNA_002/20220823_033000.WAV,Telephone Field,recover-20220825,002,1795
1596.7915,1596.7995,28046,38734,Eptesicus serotinus,0.007,0.022,-1,Echolocation,/mnt/ubna_data_01_mir/recover-20220825/UBNA_002/20220823_033000.WAV,Telephone Field,recover-20220825,002,1795
1596.8085,1596.819,23750,29110,Nyctalus leisleri,0.01,0.022,-1,Echolocation,/mnt/ubna_data_01_mir/recover-20220825/UBNA_002/20220823_033000.WAV,Telephone Field,recover-20220825,002,1795
1596.8155,1596.8234,26328,33649,Eptesicus serotinus,0.007,0.021,-1,Echolocation,/mnt/ubna_data_01_mir/recover-20220825/UBNA_002/20220823_033000.WAV,Telephone Field,recover-20220825,002,1795
1596.8425,1596.8811,68437,81718,Rhinolophus ferrumequinum,0.023,0.023,-1,Echolocation,/mnt/ubna_data_01_mir/recover-20220825/UBNA_002/20220823_033000.WAV,Telephone Field,recover-20220825,002,1795
1596.8745,1596.8857,24609,30627,Nyctalus leisleri,0.02,0.05,-1,Echolocation,/mnt/ubna_data_01_mir/recover-20220825/UBNA_002/20220823_033000.WAV,Telephone Field,recover-20220825,002,1795
1596.8985,1596.9101,36640,41474,Pipistrellus nathusii,0.009,0.025,-1,Echolocation,/mnt/ubna_data_01_mir/recover-20220825/UBNA_002/20220823_033000.WAV,Telephone Field,recover-20220825,002,1795
1596.8985,1596.9077,28046,36956,Eptesicus serotinus,0.008,0.021,-1,Echolocation,/mnt/ubna_data_01_mir/recover-20220825/UBNA_002/20220823_033000.WAV,Telephone Field,recover-20220825,002,1795
1596.9155,1596.9565,68437,82299,Rhinolophus ferrumequinum,0.021,0.021,-1,Echolocation,/mnt/ubna_data_01_mir/recover-20220825/UBNA_002/20220823_033000.WAV,Telephone Field,recover-20220825,002,1795
1596.9435,1596.9828,68437,82002,Rhinolophus ferrumequinum,0.021,0.021,-1,Echolocation,/mnt/ubna_data_01_mir/recover-20220825/UBNA_002/20220823_033000.WAV,Telephone Field,recover-20220825,002,1795
1596.9875,1596.9964,47812,53034,Pipistrellus pipistrellus,0.026,0.028,-1,Echolocation,/mnt/ubna_data_01_mir/recover-20220825/UBNA_002/20220823_033000.WAV,Telephone Field,recover-20220825,002,1795
1596.9875,1597.022,68437,80885,Rhinolophus ferrumequinum,0.021,0.021,-1,Echolocation,/mnt/ubna_data_01_mir/recover-20220825/UBNA_002/20220823_033000.WAV,Telephone Field,recover-20220825,002,1795
1597.0135,1597.0481,68437,81452,Rhinolophus ferrumequinum,0.021,0.021,-1,Echolocation,/mnt/ubna_data_01_mir/recover-20220825/UBNA_002/20220823_033000.WAV,Telephone Field,recover-20220825,002,1795
1597.0165,1597.0227,26328,39217,Plecotus austriacus,0.004,0.021,-1,Echolocation,/mnt/ubna_data_01_mir/recover-20220825/UBNA_002/20220823_033000.WAV,Telephone Field,recover-20220825,002,1795
1597.0455,1597.0856,68437,82374,Rhinolophus ferrumequinum,0.024,0.024,-1,Echolocation,/mnt/ubna_data_01_mir/recover-20220825/UBNA_002/20220823_033000.WAV,Telephone Field,recover-20220825,002,1795
1597.0845,1597.1226,68437,81787,Rhinolophus ferrumequinum,0.022,0.022,-1,Echolocation,/mnt/ubna_data_01_mir/recover-20220825/UBNA_002/20220823_033000.WAV,Telephone Field,recover-20220825,002,1795
1597.1025,1597.1101,28906,38785,Eptesicus serotinus,0.007,0.023,-1,Echolocation,/mnt/ubna_data_01_mir/recover-20220825/UBNA_002/20220823_033000.WAV,Telephone Field,recover-20220825,002,1795
1597.1235,1597.133,28046,36596,Eptesicus serotinus,0.01,0.024,-1,Echolocation,/mnt/ubna_data_01_mir/recover-20220825/UBNA_002/20220823_033000.WAV,Telephone Field,recover-20220825,002,1795
1597.1245,1597.1661,68437,83034,Rhinolophus ferrumequinum,0.025,0.025,-1,Echolocation,/mnt/ubna_data_01_mir/recover-20220825/UBNA_002/20220823_033000.WAV,Telephone Field,recover-20220825,002,1795
1597.1665,1597.206,68437,81740,Rhinolophus ferrumequinum,0.023,0.023,-1,Echolocation,/mnt/ubna_data_01_mir/recover-20220825/UBNA_002/20220823_033000.WAV,Telephone Field,recover-20220825,002,1795
1597.1735,1597.1821,28046,38107,Eptesicus serotinus,0.011,0.028,-1,Echolocation,/mnt/ubna_data_01_mir/recover-20220825/UBNA_002/20220823_033000.WAV,Telephone Field,recover-20220825,002,1795
1597.1985,1597.207,34062,48142,Myotis daubentonii,0.007,0.021,-1,Echolocation,/mnt/ubna_data_01_mir/recover-20220825/UBNA_002/20220823_033000.WAV,Telephone Field,recover-20220825,002,1795
1597.1985,1597.2411,68437,82865,Rhinolophus ferrumequinum,0.024,0.024,-1,Echolocation,/mnt/ubna_data_01_mir/recover-20220825/UBNA_002/20220823_033000.WAV,Telephone Field,recover-20220825,002,1795
1597.2195,1597.2561,68437,81828,Rhinolophus ferrumequinum,0.021,0.021,-1,Echolocation,/mnt/ubna_data_01_mir/recover-20220825/UBNA_002/20220823_033000.WAV,Telephone Field,recover-20220825,002,1795
1597.2665,1597.3046,68437,81652,Rhinolophus ferrumequinum,0.021,0.021,-1,Echolocation,/mnt/ubna_data_01_mir/recover-20220825/UBNA_002/20220823_033000.WAV,Telephone Field,recover-20220825,002,1795
1597.3455,1597.3553,34062,42183,Pipistrellus nathusii,0.011,0.047,-1,Echolocation,/mnt/ubna_data_01_mir/recover-20220825/UBNA_002/20220823_033000.WAV,Telephone Field,recover-20220825,002,1795
1597.3735,1597.4112,68437,81428,Rhinolophus ferrumequinum,0.023,0.023,-1,Echolocation,/mnt/ubna_data_01_mir/recover-20220825/UBNA_002/20220823_033000.WAV,Telephone Field,recover-20220825,002,1795
1597.3855,1597.3931,27187,39715,Eptesicus serotinus,0.007,0.022,-1,Echolocation,/mnt/ubna_data_01_mir/recover-20220825/UBNA_002/20220823_033000.WAV,Telephone Field,recover-20220825,002,1795
1597.3865,1597.4238,68437,82155,Rhinolophus ferrumequinum,0.022,0.022,-1,Echolocation,/mnt/ubna_data_01_mir/recover-20220825/UBNA_002/20220823_033000.WAV,Telephone Field,recover-20220825,002,1795
1597.4015,1597.4078,13437,32435,Plecotus auritus,0.027,0.029,-1,Echolocation,/mnt/ubna_data_01_mir/recover-20220825/UBNA_002/20220823_033000.WAV,Telephone Field,recover-20220825,002,1795
1597.4215,1597.4339,45234,48926,Pipistrellus pipistrellus,0.019,0.024,-1,Echolocation,/mnt/ubna_data_01_mir/recover-20220825/UBNA_002/20220823_033000.WAV,Telephone Field,recover-20220825,002,1795
1597.4255,1597.4344,28046,37566,Eptesicus serotinus,0.009,0.023,-1,Echolocation,/mnt/ubna_data_01_mir/recover-20220825/UBNA_002/20220823_033000.WAV,Telephone Field,recover-20220825,002,1795
1597.4395,1597.4473,28046,36401,Eptesicus serotinus,0.038,0.072,-1,Echolocation,/mnt/ubna_data_01_mir/recover-20220825/UBNA_002/20220823_033000.WAV,Telephone Field,recover-20220825,002,1795
1597.4495,1597.4685,19453,22033,Nyctalus leisleri,0.019,0.036,-1,Echolocation,/mnt/ubna_data_01_mir/recover-20220825/UBNA_002/20220823_033000.WAV,Telephone Field,recover-20220825,002,1795
1597.4775,1597.5185,68437,82812,Rhinolophus ferrumequinum,0.023,0.023,-1,Echolocation,/mnt/ubna_data_01_mir/recover-20220825/UBNA_002/20220823_033000.WAV,Telephone Field,recover-20220825,002,1795
1597.4805,1597.49,28046,41032,Eptesicus serotinus,0.009,0.023,-1,Echolocation,/mnt/ubna_data_01_mir/recover-20220825/UBNA_002/20220823_033000.WAV,Telephone Field,recover-20220825,002,1795
1597.4995,1597.51,22890,27966,Nyctalus leisleri,0.011,0.025,-1,Echolocation,/mnt/ubna_data_01_mir/recover-20220825/UBNA_002/20220823_033000.WAV,Telephone Field,recover-20220825,002,1795
1597.5235,1597.5653,68437,83278,Rhinolophus ferrumequinum,0.032,0.032,-1,Echolocation,/mnt/ubna_data_01_mir/recover-20220825/UBNA_002/20220823_033000.WAV,Telephone Field,recover-20220825,002,1795
1597.5255,1597.5332,24609,32610,Plecotus austriacus,0.008,0.024,-1,Echolocation,/mnt/ubna_data_01_mir/recover-20220825/UBNA_002/20220823_033000.WAV,Telephone Field,recover-20220825,002,1795
1597.5835,1597.5906,27187,37528,Eptesicus serotinus,0.019,0.045,-1,Echolocation,/mnt/ubna_data_01_mir/recover-20220825/UBNA_002/20220823_033000.WAV,Telephone Field,recover-20220825,002,1795
1597.5865,1597.6225,68437,81267,Rhinolophus ferrumequinum,0.023,0.023,-1,Echolocation,/mnt/ubna_data_01_mir/recover-20220825/UBNA_002/20220823_033000.WAV,Telephone Field,recover-20220825,002,1795
1597.5935,1597.6294,68437,81865,Rhinolophus ferrumequinum,0.021,0.021,-1,Echolocation,/mnt/ubna_data_01_mir/recover-20220825/UBNA_002/20220823_033000.WAV,Telephone Field,recover-20220825,002,1795
1597.6125,1597.6237,22031,26294,Nyctalus leisleri,0.011,0.021,-1,Echolocation,/mnt/ubna_data_01_mir/recover-20220825/UBNA_002/20220823_033000.WAV,Telephone Field,recover-20220825,002,1795
1597.6315,1597.6388,28046,40598,Eptesicus serotinus,0.006,0.021,-1,Echolocation,/mnt/ubna_data_01_mir/recover-20220825/UBNA_002/20220823_033000.WAV,Telephone Field,recover-20220825,002,1795
1597.6325,1597.6413,22890,29907,Plecotus austriacus,0.007,0.021,-1,Echolocation,/mnt/ubna_data_01_mir/recover-20220825/UBNA_002/20220823_033000.WAV,Telephone Field,recover-20220825,002,1795
1597.6555,1597.6948,68437,81990,Rhinolophus ferrumequinum,0.02,0.02,-1,Echolocation,/mnt/ubna_data_01_mir/recover-20220825/UBNA_002/20220823_033000.WAV,Telephone Field,recover-20220825,002,1795
1597.6635,1597.706,68437,83188,Rhinolophus ferrumequinum,0.022,0.022,-1,Echolocation,/mnt/ubna_data_01_mir/recover-20220825/UBNA_002/20220823_033000.WAV,Telephone Field,recover-20220825,002,1795
1597.6835,1597.719,68437,81437,Rhinolophus ferrumequinum,0.022,0.022,-1,Echolocation,/mnt/ubna_data_01_mir/recover-20220825/UBNA_002/20220823_033000.WAV,Telephone Field,recover-20220825,002,1795
1597.6885,1597.7003,27187,32666,Eptesicus serotinus,0.01,0.022,-1,Echolocation,/mnt/ubna_data_01_mir/recover-20220825/UBNA_002/20220823_033000.WAV,Telephone Field,recover-20220825,002,1795
1597.6895,1597.7256,68437,81612,Rhinolophus ferrumequinum,0.023,0.024,-1,Echolocation,/mnt/ubna_data_01_mir/recover-20220825/UBNA_002/20220823_033000.WAV,Telephone Field,recover-20220825,002,1795
1597.7135,1597.7528,68437,82046,Rhinolophus ferrumequinum,0.024,0.024,-1,Echolocation,/mnt/ubna_data_01_mir/recover-20220825/UBNA_002/20220823_033000.WAV,Telephone Field,recover-20220825,002,1795
1597.7225,1597.7293,23750,32732,Plecotus austriacus,0.014,0.029,-1,Echolocation,/mnt/ubna_data_01_mir/recover-20220825/UBNA_002/20220823_033000.WAV,Telephone Field,recover-20220825,002,1795
1597.7235,1597.7657,68437,83225,Rhinolophus ferrumequinum,0.024,0.024,-1,Echolocation,/mnt/ubna_data_01_mir/recover-20220825/UBNA_002/20220823_033000.WAV,Telephone Field,recover-20220825,002,1795
1597.7655,1597.8044,68437,82475,Rhinolophus ferrumequinum,0.023,0.023,-1,Echolocation,/mnt/ubna_data_01_mir/recover-20220825/UBNA_002/20220823_033000.WAV,Telephone Field,recover-20220825,002,1795
1597.7875,1597.8273,68437,82755,Rhinolophus ferrumequinum,0.021,0.021,-1,Echolocation,/mnt/ubna_data_01_mir/recover-20220825/UBNA_002/20220823_033000.WAV,Telephone Field,recover-20220825,002,1795
1597.7955,1597.8031,26328,39353,Eptesicus serotinus,0.007,0.021,-1,Echolocation,/mnt/ubna_data_01_mir/recover-20220825/UBNA_002/20220823_033000.WAV,Telephone Field,recover-20220825,002,1795
1597.8145,1597.8542,68437,81828,Rhinolophus ferrumequinum,0.023,0.023,-1,Echolocation,/mnt/ubna_data_01_mir/recover-20220825/UBNA_002/20220823_033000.WAV,Telephone Field,recover-20220825,002,1795
1597.8395,1597.8475,46953,53496,Pipistrellus pipistrellus,0.02,0.022,-1,Echolocation,/mnt/ubna_data_01_mir/recover-20220825/UBNA_002/20220823_033000.WAV,Telephone Field,recover-20220825,002,1795
1597.8555,1597.8631,28046,39754,Eptesicus serotinus,0.007,0.023,-1,Echolocation,/mnt/ubna_data_01_mir/recover-20220825/UBNA_002/20220823_033000.WAV,Telephone Field,recover-20220825,002,1795
1597.8705,1597.9107,68437,81702,Rhinolophus ferrumequinum,0.021,0.021,-1,Echolocation,/mnt/ubna_data_01_mir/recover-20220825/UBNA_002/20220823_033000.WAV,Telephone Field,recover-20220825,002,1795
1597.9135,1597.9524,68437,81932,Rhinolophus ferrumequinum,0.021,0.021,-1,Echolocation,/mnt/ubna_data_01_mir/recover-20220825/UBNA_002/20220823_033000.WAV,Telephone Field,recover-20220825,002,1795
1597.9335,1597.972,68437,81814,Rhinolophus ferrumequinum,0.021,0.021,-1,Echolocation,/mnt/ubna_data_01_mir/recover-20220825/UBNA_002/20220823_033000.WAV,Telephone Field,recover-20220825,002,1795
1597.9555,1597.9629,27187,36016,Eptesicus serotinus,0.006,0.022,-1,Echolocation,/mnt/ubna_data_01_mir/recover-20220825/UBNA_002/20220823_033000.WAV,Telephone Field,recover-20220825,002,1795
1597.9565,1597.967,22031,26792,Nyctalus leisleri,0.01,0.021,-1,Echolocation,/mnt/ubna_data_01_mir/recover-20220825/UBNA_002/20220823_033000.WAV,Telephone Field,recover-20220825,002,1795
1597.9735,1597.9865,28906,35517,Eptesicus serotinus,0.024,0.035,-1,Echolocation,/mnt/ubna_data_01_mir/recover-20220825/UBNA_002/20220823_033000.WAV,Telephone Field,recover-20220825,002,1795
1598.0015,1598.0175,53828,58822,Pipistrellus pygmaeus,0.021,0.026,-1,Echolocation,/mnt/ubna_data_01_mir/recover-20220825/UBNA_002/20220823_033000.WAV,Telephone Field,recover-20220825,002,1795
1598.0015,1598.0083,23750,34860,Plecotus austriacus,0.008,0.025,-1,Echolocation,/mnt/ubna_data_01_mir/recover-20220825/UBNA_002/20220823_033000.WAV,Telephone Field,recover-20220825,002,1795
1598.0015,1598.0356,68437,79862,Rhinolophus ferrumequinum,0.04,0.04,-1,Echolocation,/mnt/ubna_data_01_mir/recover-20220825/UBNA_002/20220823_033000.WAV,Telephone Field,recover-20220825,002,1795
1598.0015,1598.01,39218,46232,Pipistrellus nathusii,0.008,0.022,-1,Echolocation,/mnt/ubna_data_01_mir/recover-20220825/UBNA_002/20220823_033000.WAV,Telephone Field,recover-20220825,002,1795
1598.0085,1598.0519,68437,82843,Rhinolophus ferrumequinum,0.028,0.028,-1,Echolocation,/mnt/ubna_data_01_mir/recover-20220825/UBNA_002/20220823_033000.WAV,Telephone Field,recover-20220825,002,1795
1598.0145,1598.0242,28046,37051,Eptesicus serotinus,0.009,0.022,-1,Echolocation,/mnt/ubna_data_01_mir/recover-20220825/UBNA_002/20220823_033000.WAV,Telephone Field,recover-20220825,002,1795
1598.0155,1598.0556,68437,83385,Rhinolophus ferrumequinum,0.023,0.023,-1,Echolocation,/mnt/ubna_data_01_mir/recover-20220825/UBNA_002/20220823_033000.WAV,Telephone Field,recover-20220825,002,1795
1598.0235,1598.0639,68437,82487,Rhinolophus ferrumequinum,0.023,0.023,-1,Echolocation,/mnt/ubna_data_01_mir/recover-20220825/UBNA_002/20220823_033000.WAV,Telephone Field,recover-20220825,002,1795
1598.0335,1598.0463,14296,18977,Nyctalus noctula,0.025,0.051,-1,Echolocation,/mnt/ubna_data_01_mir/recover-20220825/UBNA_002/20220823_033000.WAV,Telephone Field,recover-20220825,002,1795
1598.0435,1598.0498,25468,36937,Plecotus austriacus,0.008,0.029,-1,Echolocation,/mnt/ubna_data_01_mir/recover-20220825/UBNA_002/20220823_033000.WAV,Telephone Field,recover-20220825,002,1795
1598.0835,1598.1226,68437,82063,Rhinolophus ferrumequinum,0.021,0.021,-1,Echolocation,/mnt/ubna_data_01_mir/recover-20220825/UBNA_002/20220823_033000.WAV,Telephone Field,recover-20220825,002,1795
1598.1415,1598.1566,22890,27192,Nyctalus leisleri,0.02,0.034,-1,Echolocation,/mnt/ubna_data_01_mir/recover-20220825/UBNA_002/20220823_033000.WAV,Telephone Field,recover-20220825,002,1795
1598.2155,1598.2535,68437,82677,Rhinolophus ferrumequinum,0.023,0.023,-1,Echolocation,/mnt/ubna_data_01_mir/recover-20220825/UBNA_002/20220823_033000.WAV,Telephone Field,recover-20220825,002,1795
1598.2315,1598.241,24609,32310,Nyctalus leisleri,0.008,0.026,-1,Echolocation,/mnt/ubna_data_01_mir/recover-20220825/UBNA_002/20220823_033000.WAV,Telephone Field,recover-20220825,002,1795
1598.2385,1598.2478,25468,33369,Eptesicus serotinus,0.011,0.025,-1,Echolocation,/mnt/ubna_data_01_mir/recover-20220825/UBNA_002/20220823_033000.WAV,Telephone Field,recover-20220825,002,1795
1598.2405,1598.2813,68437,82674,Rhinolophus ferrumequinum,0.025,0.025,-1,Echolocation,/mnt/ubna_data_01_mir/recover-20220825/UBNA_002/20220823_033000.WAV,Telephone Field,recover-20220825,002,1795
1598.2555,1598.2944,68437,82611,Rhinolophus ferrumequinum,0.024,0.024,-1,Echolocation,/mnt/ubna_data_01_mir/recover-20220825/UBNA_002/20220823_033000.WAV,Telephone Field,recover-20220825,002,1795
1598.2785,1598.2878,28046,36100,Eptesicus serotinus,0.008,0.022,-1,Echolocation,/mnt/ubna_data_01_mir/recover-20220825/UBNA_002/20220823_033000.WAV,Telephone Field,recover-20220825,002,1795
1598.2895,1598.3278,68437,82023,Rhinolophus ferrumequinum,0.024,0.024,-1,Echolocation,/mnt/ubna_data_01_mir/recover-20220825/UBNA_002/20220823_033000.WAV,Telephone Field,recover-20220825,002,1795
1598.3155,1598.3239,28046,38722,Eptesicus serotinus,0.009,0.024,-1,Echolocation,/mnt/ubna_data_01_mir/recover-20220825/UBNA_002/20220823_033000.WAV,Telephone Field,recover-20220825,002,1795
1598.3475,1598.3867,68437,82895,Rhinolophus ferrumequinum,0.024,0.024,-1,Echolocation,/mnt/ubna_data_01_mir/recover-20220825/UBNA_002/20220823_033000.WAV,Telephone Field,recover-20220825,002,1795
1598.3485,1598.3576,23750,31283,Plecotus austriacus,0.01,0.031,-1,Echolocation,/mnt/ubna_data_01_mir/recover-20220825/UBNA_002/20220823_033000.WAV,Telephone Field,recover-20220825,002,1795
1598.3575,1598.396,68437,82806,Rhinolophus ferrumequinum,0.022,0.022,-1,Echolocation,/mnt/ubna_data_01_mir/recover-20220825/UBNA_002/20220823_033000.WAV,Telephone Field,recover-20220825,002,1795
1598.3635,1598.3775,23750,28188,Nyctalus leisleri,0.017,0.032,-1,Echolocation,/mnt/ubna_data_01_mir/recover-20220825/UBNA_002/20220823_033000.WAV,Telephone Field,recover-20220825,002,1795
1598.4005,1598.4434,68437,82975,Rhinolophus ferrumequinum,0.044,0.044,-1,Echolocation,/mnt/ubna_data_01_mir/recover-20220825/UBNA_002/20220823_033000.WAV,Telephone Field,recover-20220825,002,1795
1598.4035,1598.4141,22890,28643,Nyctalus leisleri,0.008,0.022,-1,Echolocation,/mnt/ubna_data_01_mir/recover-20220825/UBNA_002/20220823_033000.WAV,Telephone Field,recover-20220825,002,1795
1598.4225,1598.4604,68437,82116,Rhinolophus ferrumequinum,0.023,0.023,-1,Echolocation,/mnt/ubna_data_01_mir/recover-20220825/UBNA_002/20220823_033000.WAV,Telephone Field,recover-20220825,002,1795
1598.4245,1598.4333,28906,40852,Eptesicus serotinus,0.009,0.026,-1,Echolocation,/mnt/ubna_data_01_mir/recover-20220825/UBNA_002/20220823_033000.WAV,Telephone Field,recover-20220825,002,1795
1598.4515,1598.4901,68437,82213,Rhinolophus ferrumequinum,0.021,0.021,-1,Echolocation,/mnt/ubna_data_01_mir/recover-20220825/UBNA_002/20220823_033000.WAV,Telephone Field,recover-20220825,002,1795
1598.4825,1598.524,68437,82926,Rhinolophus ferrumequinum,0.025,0.025,-1,Echolocation,/mnt/ubna_data_01_mir/recover-20220825/UBNA_002/20220823_033000.WAV,Telephone Field,recover-20220825,002,1795
1598.4905,1598.4986,28046,44885,Eptesicus serotinus,0.008,0.023,-1,Echolocation,/mnt/ubna_data_01_mir/recover-20220825/UBNA_002/20220823_033000.WAV,Telephone Field,recover-20220825,002,1795
1598.4905,1598.4983,34062,45706,Myotis daubentonii,0.007,0.023,-1,Echolocation,/mnt/ubna_data_01_mir/recover-20220825/UBNA_002/20220823_033000.WAV,Telephone Field,recover-20220825,002,1795
1598.4995,1598.5348,68437,81488,Rhinolophus ferrumequinum,0.022,0.022,-1,Echolocation,/mnt/ubna_data_01_mir/recover-20220825/UBNA_002/20220823_033000.WAV,Telephone Field,recover-20220825,002,1795
1598.5125,1598.5509,68437,81882,Rhinolophus ferrumequinum,0.023,0.023,-1,Echolocation,/mnt/ubna_data_01_mir/recover-20220825/UBNA_002/20220823_033000.WAV,Telephone Field,recover-20220825,002,1795
1598.5135,1598.5245,26328,33908,Eptesicus serotinus,0.018,0.036,-1,Echolocation,/mnt/ubna_data_01_mir/recover-20220825/UBNA_002/20220823_033000.WAV,Telephone Field,recover-20220825,002,1795
1598.5205,1598.5327,26328,30231,Nyctalus leisleri,0.017,0.035,-1,Echolocation,/mnt/ubna_data_01_mir/recover-20220825/UBNA_002/20220823_033000.WAV,Telephone Field,recover-20220825,002,1795
1598.5255,1598.5677,68437,83301,Rhinolophus ferrumequinum,0.028,0.028,-1,Echolocation,/mnt/ubna_data_01_mir/recover-20220825/UBNA_002/20220823_033000.WAV,Telephone Field,recover-20220825,002,1795
1598.5555,1598.5955,68437,82333,Rhinolophus ferrumequinum,0.025,0.025,-1,Echolocation,/mnt/ubna_data_01_mir/recover-20220825/UBNA_002/20220823_033000.WAV,Telephone Field,recover-20220825,002,1795
1598.5685,1598.6076,68437,81757,Rhinolophus ferrumequinum,0.022,0.022,-1,Echolocation,/mnt/ubna_data_01_mir/recover-20220825/UBNA_002/20220823_033000.WAV,Telephone Field,recover-20220825,002,1795
1598.5795,1598.5953,19453,23270,Nyctalus noctula,0.01,0.022,-1,Echolocation,/mnt/ubna_data_01_mir/recover-20220825/UBNA_002/20220823_033000.WAV,Telephone Field,recover-20220825,002,1795
1598.5935,1598.6012,27187,37973,Eptesicus serotinus,0.006,0.022,-1,Echolocation,/mnt/ubna_data_01_mir/recover-20220825/UBNA_002/20220823_033000.WAV,Telephone Field,recover-20220825,002,1795
1598.6325,1598.672,68437,81839,Rhinolophus ferrumequinum,0.022,0.022,-1,Echolocation,/mnt/ubna_data_01_mir/recover-20220825/UBNA_002/20220823_033000.WAV,Telephone Field,recover-20220825,002,1795
1598.6485,1598.6848,68437,81474,Rhinolophus ferrumequinum,0.024,0.024,-1,Echolocation,/mnt/ubna_data_01_mir/recover-20220825/UBNA_002/20220823_033000.WAV,Telephone Field,recover-20220825,002,1795
1598.6835,1598.7239,68437,82381,Rhinolophus ferrumequinum,0.027,0.027,-1,Echolocation,/mnt/ubna_data_01_mir/recover-20220825/UBNA_002/20220823_033000.WAV,Telephone Field,recover-20220825,002,1795
1598.7095,1598.7191,24609,32472,Nyctalus leisleri,0.007,0.026,-1,Echolocation,/mnt/ubna_data_01_mir/recover-20220825/UBNA_002/20220823_033000.WAV,Telephone Field,recover-20220825,002,1795
1598.7105,1598.748,68437,82202,Rhinolophus ferrumequinum,0.024,0.024,-1,Echolocation,/mnt/ubna_data_01_mir/recover-20220825/UBNA_002/20220823_033000.WAV,Telephone Field,recover-20220825,002,1795
1598.7235,1598.7614,68437,81698,Rhinolophus ferrumequinum,0.023,0.023,-1,Echolocation,/mnt/ubna_data_01_mir/recover-20220825/UBNA_002/20220823_033000.WAV,Telephone Field,recover-20220825,002,1795
1598.7535,1598.7603,23750,34225,Plecotus austriacus,0.026,0.069,-1,Echolocation,/mnt/ubna_data_01_mir/recover-20220825/UBNA_002/20220823_033000.WAV,Telephone Field,recover-20220825,002,1795
1598.7665,1598.8051,68437,82019,Rhinolophus ferrumequinum,0.023,0.023,-1,Echolocation,/mnt/ubna_data_01_mir/recover-20220825/UBNA_002/20220823_033000.WAV,Telephone Field,recover-20220825,002,1795
1598.8075,1598.8487,68437,82526,Rhinolophus ferrumequinum,0.026,0.026,-1,Echolocation,/mnt/ubna_data_01_mir/recover-20220825/UBNA_002/20220823_033000.WAV,Telephone Field,recover-20220825,002,1795
1598.8145,1598.8233,42656,51289,Pipistrellus pipistrellus,0.01,0.022,-1,Echolocation,/mnt/ubna_data_01_mir/recover-20220825/UBNA_002/20220823_033000.WAV,Telephone Field,recover-20220825,002,1795
1598.8155,1598.8229,27187,39633,Eptesicus serotinus,0.007,0.022,-1,Echolocation,/mnt/ubna_data_01_mir/recover-20220825/UBNA_002/20220823_033000.WAV,Telephone Field,recover-20220825,002,1795
1598.8165,1598.8539,68437,82663,Rhinolophus ferrumequinum,0.022,0.022,-1,Echolocation,/mnt/ubna_data_01_mir/recover-20220825/UBNA_002/20220823_033000.WAV,Telephone Field,recover-20220825,002,1795
1598.8425,1598.8507,38359,45819,Pipistrellus nathusii,0.009,0.022,-1,Echolocation,/mnt/ubna_data_01_mir/recover-20220825/UBNA_002/20220823_033000.WAV,Telephone Field,recover-20220825,002,1795
1598.8575,1598.8657,28046,38865,Eptesicus serotinus,0.009,0.024,-1,Echolocation,/mnt/ubna_data_01_mir/recover-20220825/UBNA_002/20220823_033000.WAV,Telephone Field,recover-20220825,002,1795
1598.8755,1598.9156,68437,82345,Rhinolophus ferrumequinum,0.026,0.026,-1,Echolocation,/mnt/ubna_data_01_mir/recover-20220825/UBNA_002/20220823_033000.WAV,Telephone Field,recover-20220825,002,1795
1598.9105,1598.9507,68437,82975,Rhinolophus ferrumequinum,0.037,0.037,-1,Echolocation,/mnt/ubna_data_01_mir/recover-20220825/UBNA_002/20220823_033000.WAV,Telephone Field,recover-20220825,002,1795
1598.9175,1598.9343,20312,23292,Nyctalus leisleri,0.012,0.021,-1,Echolocation,/mnt/ubna_data_01_mir/recover-20220825/UBNA_002/20220823_033000.WAV,Telephone Field,recover-20220825,002,1795
1598.9495,1598.9877,68437,82375,Rhinolophus ferrumequinum,0.022,0.022,-1,Echolocation,/mnt/ubna_data_01_mir/recover-20220825/UBNA_002/20220823_033000.WAV,Telephone Field,recover-20220825,002,1795
1598.9765,1599.0149,68437,81953,Rhinolophus ferrumequinum,0.023,0.023,-1,Echolocation,/mnt/ubna_data_01_mir/recover-20220825/UBNA_002/20220823_033000.WAV,Telephone Field,recover-20220825,002,1795
1598.9785,1598.9868,50390,57328,Pipistrellus pipistrellus,0.021,0.027,-1,Echolocation,/mnt/ubna_data_01_mir/recover-20220825/UBNA_002/20220823_033000.WAV,Telephone Field,recover-20220825,002,1795
1598.9795,1598.9882,27187,37307,Eptesicus serotinus,0.007,0.022,-1,Echolocation,/mnt/ubna_data_01_mir/recover-20220825/UBNA_002/20220823_033000.WAV,Telephone Field,recover-20220825,002,1795
1599.0065,1599.0159,27187,38591,Eptesicus serotinus,0.009,0.022,-1,Echolocation,/mnt/ubna_data_01_mir/recover-20220825/UBNA_002/20220823_033000.WAV,Telephone Field,recover-20220825,002,1795
1599.0125,1599.022,27187,37225,Eptesicus serotinus,0.009,0.023,-1,Echolocation,/mnt/ubna_data_01_mir/recover-20220825/UBNA_002/20220823_033000.WAV,Telephone Field,recover-20220825,002,1795
1599.0415,1599.0554,22031,26153,Nyctalus leisleri,0.013,0.026,-1,Echolocation,/mnt/ubna_data_01_mir/recover-20220825/UBNA_002/20220823_033000.WAV,Telephone Field,recover-20220825,002,1795
1599.0565,1599.0961,68437,81590,Rhinolophus ferrumequinum,0.023,0.023,-1,Echolocation,/mnt/ubna_data_01_mir/recover-20220825/UBNA_002/20220823_033000.WAV,Telephone Field,recover-20220825,002,1795
1599.1045,1599.1444,68437,81903,Rhinolophus ferrumequinum,0.021,0.021,-1,Echolocation,/mnt/ubna_data_01_mir/recover-20220825/UBNA_002/20220823_033000.WAV,Telephone Field,recover-20220825,002,1795
1599.1115,1599.1484,68437,81396,Rhinolophus ferrumequinum,0.022,0.022,-1,Echolocation,/mnt/ubna_data_01_mir/recover-20220825/UBNA_002/20220823_033000.WAV,Telephone Field,recover-20220825,002,1795
1599.1155,1599.1299,21171,24395,Nyctalus leisleri,0.013,0.021,-1,Echolocation,/mnt/ubna_data_01_mir/recover-20220825/UBNA_002/20220823_033000.WAV,Telephone Field,recover-20220825,002,1795
1599.1435,1599.1791,68437,81668,Rhinolophus ferrumequinum,0.022,0.022,-1,Echolocation,/mnt/ubna_data_01_mir/recover-20220825/UBNA_002/20220823_033000.WAV,Telephone Field,recover-20220825,002,1795
1599.1515,1599.158,27187,41759,Eptesicus serotinus,0.007,0.028,-1,Echolocation,/mnt/ubna_data_01_mir/recover-20220825/UBNA_002/20220823_033000.WAV,Telephone Field,recover-20220825,002,1795
1599.1925,1599.2003,31484,43862,Myotis daubentonii,0.016,0.044,-1,Echolocation,/mnt/ubna_data_01_mir/recover-20220825/UBNA_002/20220823_033000.WAV,Telephone Field,recover-20220825,002,1795
1599.1925,1599.1994,24609,37123,Plecotus austriacus,0.008,0.028,-1,Echolocation,/mnt/ubna_data_01_mir/recover-20220825/UBNA_002/20220823_033000.WAV,Telephone Field,recover-20220825,002,1795
1599.2415,1599.2762,68437,81185,Rhinolophus ferrumequinum,0.023,0.023,-1,Echolocation,/mnt/ubna_data_01_mir/recover-20220825/UBNA_002/20220823_033000.WAV,Telephone Field,recover-20220825,002,1795
1599.2535,1599.2922,68437,82417,Rhinolophus ferrumequinum,0.026,0.026,-1,Echolocation,/mnt/ubna_data_01_mir/recover-20220825/UBNA_002/20220823_033000.WAV,Telephone Field,recover-20220825,002,1795
1599.2665,1599.2751,44375,48812,Pipistrellus pipistrellus,0.027,0.033,-1,Echolocation,/mnt/ubna_data_01_mir/recover-20220825/UBNA_002/20220823_033000.WAV,Telephone Field,recover-20220825,002,1795
1599.2795,1599.2864,28046,36769,Eptesicus serotinus,0.007,0.023,-1,Echolocation,/mnt/ubna_data_01_mir/recover-20220825/UBNA_002/20220823_033000.WAV,Telephone Field,recover-20220825,002,1795
1599.2875,1599.3284,68437,82522,Rhinolophus ferrumequinum,0.027,0.027,-1,Echolocation,/mnt/ubna_data_01_mir/recover-20220825/UBNA_002/20220823_033000.WAV,Telephone Field,recover-20220825,002,1795
1599.2975,1599.3362,68437,82466,Rhinolophus ferrumequinum,0.023,0.023,-1,Echolocation,/mnt/ubna_data_01_mir/recover-20220825/UBNA_002/20220823_033000.WAV,Telephone Field,recover-20220825,002,1795
1599.3135,1599.3222,26328,35176,Eptesicus serotinus,0.009,0.024,-1,Echolocation,/mnt/ubna_data_01_mir/recover-20220825/UBNA_002/20220823_033000.WAV,Telephone Field,recover-20220825,002,1795
1599.3225,1599.3318,26328,34222,Eptesicus serotinus,0.008,0.021,-1,Echolocation,/mnt/ubna_data_01_mir/recover-20220825/UBNA_002/20220823_033000.WAV,Telephone Field,recover-20220825,002,1795
1599.3725,1599.4081,68437,81899,Rhinolophus ferrumequinum,0.022,0.022,-1,Echolocation,/mnt/ubna_data_01_mir/recover-20220825/UBNA_002/20220823_033000.WAV,Telephone Field,recover-20220825,002,1795
1599.3825,1599.4189,68437,81462,Rhinolophus ferrumequinum,0.021,0.021,-1,Echolocation,/mnt/ubna_data_01_mir/recover-20220825/UBNA_002/20220823_033000.WAV,Telephone Field,recover-20220825,002,1795
1599.4205,1599.4288,15156,23704,Plecotus auritus,0.016,0.023,-1,Echolocation,/mnt/ubna_data_01_mir/recover-20220825/UBNA_002/20220823_033000.WAV,Telephone Field,recover-20220825,002,1795
1599.4235,1599.4609,68437,82532,Rhinolophus ferrumequinum,0.028,0.028,-1,Echolocation,/mnt/ubna_data_01_mir/recover-20220825/UBNA_002/20220823_033000.WAV,Telephone Field,recover-20220825,002,1795
1599.4325,1599.4446,38359,43639,Pipistrellus nathusii,0.021,0.031,-1,Echolocation,/mnt/ubna_data_01_mir/recover-20220825/UBNA_002/20220823_033000.WAV,Telephone Field,recover-20220825,002,1795
1599.4355,1599.4733,68437,82661,Rhinolophus ferrumequinum,0.032,0.032,-1,Echolocation,/mnt/ubna_data_01_mir/recover-20220825/UBNA_002/20220823_033000.WAV,Telephone Field,recover-20220825,002,1795
1599.4485,1599.4557,27187,37361,Eptesicus serotinus,0.007,0.022,-1,Echolocation,/mnt/ubna_data_01_mir/recover-20220825/UBNA_002/20220823_033000.WAV,Telephone Field,recover-20220825,002,1795
1599.4955,1599.5326,68437,81720,Rhinolophus ferrumequinum,0.021,0.021,-1,Echolocation,/mnt/ubna_data_01_mir/recover-20220825/UBNA_002/20220823_033000.WAV,Telephone Field,recover-20220825,002,1795
1599.4965,1599.5078,23750,29474,Nyctalus leisleri,0.012,0.025,-1,Echolocation,/mnt/ubna_data_01_mir/recover-20220825/UBNA_002/20220823_033000.WAV,Telephone Field,recover-20220825,002,1795
1599.5185,1599.527,22890,29776,Plecotus austriacus,0.008,0.022,-1,Echolocation,/mnt/ubna_data_01_mir/recover-20220825/UBNA_002/20220823_033000.WAV,Telephone Field,recover-20220825,002,1795
1599.5735,1599.6063,68437,81538,Rhinolophus ferrumequinum,0.025,0.025,-1,Echolocation,/mnt/ubna_data_01_mir/recover-20220825/UBNA_002/20220823_033000.WAV,Telephone Field,recover-20220825,002,1795
1599.6125,1599.653,68437,82449,Rhinolophus ferrumequinum,0.024,0.024,-1,Echolocation,/mnt/ubna_data_01_mir/recover-20220825/UBNA_002/20220823_033000.WAV,Telephone Field,recover-20220825,002,1795
1599.6405,1599.6508,23750,30311,Nyctalus leisleri,0.008,0.021,-1,Echolocation,/mnt/ubna_data_01_mir/recover-20220825/UBNA_002/20220823_033000.WAV,Telephone Field,recover-20220825,002,1795
1599.6815,1599.6911,27187,36680,Eptesicus serotinus,0.011,0.024,-1,Echolocation,/mnt/ubna_data_01_mir/recover-20220825/UBNA_002/20220823_033000.WAV,Telephone Field,recover-20220825,002,1795
1599.6955,1599.7019,27187,45337,Myotis nattereri,0.006,0.027,-1,Echolocation,/mnt/ubna_data_01_mir/recover-20220825/UBNA_002/20220823_033000.WAV,Telephone Field,recover-20220825,002,1795
1599.6965,1599.7019,32343,45809,Myotis daubentonii,0.011,0.026,-1,Echolocation,/mnt/ubna_data_01_mir/recover-20220825/UBNA_002/20220823_033000.WAV,Telephone Field,recover-20220825,002,1795
1599.7605,1599.7684,23750,32354,Plecotus austriacus,0.011,0.03,-1,Echolocation,/mnt/ubna_data_01_mir/recover-20220825/UBNA_002/20220823_033000.WAV,Telephone Field,recover-20220825,002,1795
1599.7745,1599.8109,68437,81530,Rhinolophus ferrumequinum,0.028,0.028,-1,Echolocation,/mnt/ubna_data_01_mir/recover-20220825/UBNA_002/20220823_033000.WAV,Telephone Field,recover-20220825,002,1795
1599.7775,1599.7879,40937,46066,Pipistrellus nathusii,0.012,0.023,-1,Echolocation,/mnt/ubna_data_01_mir/recover-20220825/UBNA_002/20220823_033000.WAV,Telephone Field,recover-20220825,002,1795
1599.7815,1599.7888,27187,38384,Eptesicus serotinus,0.007,0.024,-1,Echolocation,/mnt/ubna_data_01_mir/recover-20220825/UBNA_002/20220823_033000.WAV,Telephone Field,recover-20220825,002,1795
1599.7835,1599.8233,68437,82778,Rhinolophus ferrumequinum,0.026,0.026,-1,Echolocation,/mnt/ubna_data_01_mir/recover-20220825/UBNA_002/20220823_033000.WAV,Telephone Field,recover-20220825,002,1795
1599.8335,1599.8714,68437,81707,Rhinolophus ferrumequinum,0.022,0.022,-1,Echolocation,/mnt/ubna_data_01_mir/recover-20220825/UBNA_002/20220823_033000.WAV,Telephone Field,recover-20220825,002,1795
1599.8375,1599.8475,24609,32313,Eptesicus serotinus,0.011,0.034,-1,Echolocation,/mnt/ubna_data_01_mir/recover-20220825/UBNA_002/20220823_033000.WAV,Telephone Field,recover-20220825,002,1795
1599.8775,1599.8838,33203,43096,Myotis daubentonii,0.01,0.028,-1,Echolocation,/mnt/ubna_data_01_mir/recover-20220825/UBNA_002/20220823_033000.WAV,Telephone Field,recover-20220825,002,1795
1599.8775,1599.9139,68437,81565,Rhinolophus ferrumequinum,0.021,0.021,-1,Echolocation,/mnt/ubna_data_01_mir/recover-20220825/UBNA_002/20220823_033000.WAV,Telephone Field,recover-20220825,002,1795
1599.8775,1599.8846,28046,39578,Eptesicus serotinus,0.008,0.028,-1,Echolocation,/mnt/ubna_data_01_mir/recover-20220825/UBNA_002/20220823_033000.WAV,Telephone Field,recover-20220825,002,1795
1599.9065,1599.9164,22031,27258,Nyctalus leisleri,0.009,0.022,-1,Echolocation,/mnt/ubna_data_01_mir/recover-20220825/UBNA_002/20220823_033000.WAV,Telephone Field,recover-20220825,002,1795
1599.9305,1599.9681,68437,81459,Rhinolophus ferrumequinum,0.022,0.022,-1,Echolocation,/mnt/ubna_data_01_mir/recover-20220825/UBNA_002/20220823_033000.WAV,Telephone Field,recover-20220825,002,1795
1599.9365,1599.9472,26328,33202,Eptesicus serotinus,0.013,0.03,-1,Echolocation,/mnt/ubna_data_01_mir/recover-20220825/UBNA_002/20220823_033000.WAV,Telephone Field,recover-20220825,002,1795
1599.9495,1599.9891,68437,82393,Rhinolophus ferrumequinum,0.029,0.029,-1,Echolocation,/mnt/ubna_data_01_mir/recover-20220825/UBNA_002/20220823_033000.WAV,Telephone Field,recover-20220825,002,1795
1599.9515,1599.9605999999999,28046,42535,Eptesicus serotinus,0.009,0.022,-1,Echolocation,/mnt/ubna_data_01_mir/recover-20220825/UBNA_002/20220823_033000.WAV,Telephone Field,recover-20220825,002,1795
1599.9805,1599.9899,41796,50946,Pipistrellus nathusii,0.009,0.026,-1,Echolocation,/mnt/ubna_data_01_mir/recover-20220825/UBNA_002/20220823_033000.WAV,Telephone Field,recover-20220825,002,1795
1599.9855,1599.9961,23750,30658,Nyctalus leisleri,0.013,0.03,-1,Echolocation,/mnt/ubna_data_01_mir/recover-20220825/UBNA_002/20220823_033000.WAV,Telephone Field,recover-20220825,002,1795
1600.0015,1600.0134,21171,26751,Nyctalus leisleri,0.012,0.028,-1,Echolocation,/mnt/ubna_data_01_mir/recover-20220825/UBNA_002/20220823_033000.WAV,Telephone Field,recover-20220825,002,1795
1600.0015,1600.0099,26328,35698,Nyctalus leisleri,0.007,0.027,-1,Echolocation,/mnt/ubna_data_01_mir/recover-20220825/UBNA_002/20220823_033000.WAV,Telephone Field,recover-20220825,002,1795
1600.0015,1600.0103,48671,57149,Pipistrellus pipistrellus,0.016,0.026,-1,Echolocation,/mnt/ubna_data_01_mir/recover-20220825/UBNA_002/20220823_033000.WAV,Telephone Field,recover-20220825,002,1795
1600.0015,1600.0323,68437,79655,Rhinolophus ferrumequinum,0.037,0.037,-1,Echolocation,/mnt/ubna_data_01_mir/recover-20220825/UBNA_002/20220823_033000.WAV,Telephone Field,recover-20220825,002,1795
1600.0165,1600.0577,68437,82194,Rhinolophus ferrumequinum,0.022,0.023,-1,Echolocation,/mnt/ubna_data_01_mir/recover-20220825/UBNA_002/20220823_033000.WAV,Telephone Field,recover-20220825,002,1795
1600.0175,1600.027,28046,36527,Eptesicus serotinus,0.01,0.024,-1,Echolocation,/mnt/ubna_data_01_mir/recover-20220825/UBNA_002/20220823_033000.WAV,Telephone Field,recover-20220825,002,1795
1600.0495,1600.0879,68437,81656,Rhinolophus ferrumequinum,0.026,0.026,-1,Echolocation,/mnt/ubna_data_01_mir/recover-20220825/UBNA_002/20220823_033000.WAV,Telephone Field,recover-20220825,002,1795
1600.0885,1600.0969,28046,38787,Eptesicus serotinus,0.007,0.022,-1,Echolocation,/mnt/ubna_data_01_mir/recover-20220825/UBNA_002/20220823_033000.WAV,Telephone Field,recover-20220825,002,1795
1600.1325,1600.1402,32343,42248,Myotis daubentonii,0.008,0.023,-1,Echolocation,/mnt/ubna_data_01_mir/recover-20220825/UBNA_002/20220823_033000.WAV,Telephone Field,recover-20220825,002,1795
1600.1535,1600.1951,68437,82202,Rhinolophus ferrumequinum,0.022,0.022,-1,Echolocation,/mnt/ubna_data_01_mir/recover-20220825/UBNA_002/20220823_033000.WAV,Telephone Field,recover-20220825,002,1795
1600.1545,1600.1653,55546,61933,Pipistrellus pygmaeus,0.021,0.021,-1,Echolocation,/mnt/ubna_data_01_mir/recover-20220825/UBNA_002/20220823_033000.WAV,Telephone Field,recover-20220825,002,1795
1600.1665,1600.2053,68437,82156,Rhinolophus ferrumequinum,0.021,0.021,-1,Echolocation,/mnt/ubna_data_01_mir/recover-20220825/UBNA_002/20220823_033000.WAV,Telephone Field,recover-20220825,002,1795
1600.1695,1600.1803,23750,29621,Nyctalus leisleri,0.011,0.024,-1,Echolocation,/mnt/ubna_data_01_mir/recover-20220825/UBNA_002/20220823_033000.WAV,Telephone Field,recover-20220825,002,1795
1600.2075,1600.2487,68437,82990,Rhinolophus ferrumequinum,0.033,0.033,-1,Echolocation,/mnt/ubna_data_01_mir/recover-20220825/UBNA_002/20220823_033000.WAV,Telephone Field,recover-20220825,002,1795
1600.2185,1600.2266,28906,37402,Eptesicus serotinus,0.011,0.027,-1,Echolocation,/mnt/ubna_data_01_mir/recover-20220825/UBNA_002/20220823_033000.WAV,Telephone Field,recover-20220825,002,1795
1600.2215,1600.262,68437,82626,Rhinolophus ferrumequinum,0.023,0.023,-1,Echolocation,/mnt/ubna_data_01_mir/recover-20220825/UBNA_002/20220823_033000.WAV,Telephone Field,recover-20220825,002,1795
1600.2285,1600.2705,68437,83126,Rhinolophus ferrumequinum,0.023,0.023,-1,Echolocation,/mnt/ubna_data_01_mir/recover-20220825/UBNA_002/20220823_033000.WAV,Telephone Field,recover-20220825,002,1795
1600.2335,1600.2403,24609,33523,Plecotus austriacus,0.008,0.023,-1,Echolocation,/mnt/ubna_data_01_mir/recover-20220825/UBNA_002/20220823_033000.WAV,Telephone Field,recover-20220825,002,1795
1600.2465,1600.289,68437,83420,Rhinolophus ferrumequinum,0.032,0.032,-1,Echolocation,/mnt/ubna_data_01_mir/recover-20220825/UBNA_002/20220823_033000.WAV,Telephone Field,recover-20220825,002,1795
1600.3045,1600.3413,68437,82111,Rhinolophus ferrumequinum,0.023,0.023,-1,Echolocation,/mnt/ubna_data_01_mir/recover-20220825/UBNA_002/20220823_033000.WAV,Telephone Field,recover-20220825,002,1795
1600.3335,1600.3424,28046,39749,Eptesicus serotinus,0.01,0.023,-1,Echolocation,/mnt/ubna_data_01_mir/recover-20220825/UBNA_002/20220823_033000.WAV,Telephone Field,recover-20220825,002,1795
1600.3415,1600.3534,24609,30955,Eptesicus serotinus,0.01,0.024,-1,Echolocation,/mnt/ubna_data_01_mir/recover-20220825/UBNA_002/20220823_033000.WAV,Telephone Field,recover-20220825,002,1795
1600.3475,1600.3573,26328,34271,Eptesicus serotinus,0.01,0.024,-1,Echolocation,/mnt/ubna_data_01_mir/recover-20220825/UBNA_002/20220823_033000.WAV,Telephone Field,recover-20220825,002,1795
1600.3535,1600.363,23750,30676,Nyctalus leisleri,0.007,0.022,-1,Echolocation,/mnt/ubna_data_01_mir/recover-20220825/UBNA_002/20220823_033000.WAV,Telephone Field,recover-20220825,002,1795
1600.3595,1600.3677,22890,30036,Plecotus austriacus,0.01,0.024,-1,Echolocation,/mnt/ubna_data_01_mir/recover-20220825/UBNA_002/20220823_033000.WAV,Telephone Field,recover-20220825,002,1795
1600.3765,1600.417,68437,82833,Rhinolophus ferrumequinum,0.024,0.024,-1,Echolocation,/mnt/ubna_data_01_mir/recover-20220825/UBNA_002/20220823_033000.WAV,Telephone Field,recover-20220825,002,1795
1600.3855,1600.3942,28046,39753,Eptesicus serotinus,0.009,0.023,-1,Echolocation,/mnt/ubna_data_01_mir/recover-20220825/UBNA_002/20220823_033000.WAV,Telephone Field,recover-20220825,002,1795
1600.3975,1600.4362,68437,82603,Rhinolophus ferrumequinum,0.026,0.026,-1,Echolocation,/mnt/ubna_data_01_mir/recover-20220825/UBNA_002/20220823_033000.WAV,Telephone Field,recover-20220825,002,1795
1600.4085,1600.4285,22890,27069,Nyctalus leisleri,0.039,0.089,-1,Echolocation,/mnt/ubna_data_01_mir/recover-20220825/UBNA_002/20220823_033000.WAV,Telephone Field,recover-20220825,002,1795
1600.4515,1600.4911,68437,82780,Rhinolophus ferrumequinum,0.039,0.039,-1,Echolocation,/mnt/ubna_data_01_mir/recover-20220825/UBNA_002/20220823_033000.WAV,Telephone Field,recover-20220825,002,1795
1600.4695,1600.4781,27187,35549,Eptesicus serotinus,0.01,0.025,-1,Echolocation,/mnt/ubna_data_01_mir/recover-20220825/UBNA_002/20220823_033000.WAV,Telephone Field,recover-20220825,002,1795
1600.4805,1600.52,68437,82073,Rhinolophus ferrumequinum,0.024,0.024,-1,Echolocation,/mnt/ubna_data_01_mir/recover-20220825/UBNA_002/20220823_033000.WAV,Telephone Field,recover-20220825,002,1795
1600.4855,1600.5267,68437,82953,Rhinolophus ferrumequinum,0.023,0.023,-1,Echolocation,/mnt/ubna_data_01_mir/recover-20220825/UBNA_002/20220823_033000.WAV,Telephone Field,recover-20220825,002,1795
1600.5395,1600.5509,22031,26204,Nyctalus leisleri,0.012,0.021,-1,Echolocation,/mnt/ubna_data_01_mir/recover-20220825/UBNA_002/20220823_033000.WAV,Telephone Field,recover-20220825,002,1795
1600.5645,1600.6003,68437,81587,Rhinolophus ferrumequinum,0.021,0.021,-1,Echolocation,/mnt/ubna_data_01_mir/recover-20220825/UBNA_002/20220823_033000.WAV,Telephone Field,recover-20220825,002,1795
1600.5695,1600.5779,48671,56198,Pipistrellus pipistrellus,0.03,0.034,-1,Echolocation,/mnt/ubna_data_01_mir/recover-20220825/UBNA_002/20220823_033000.WAV,Telephone Field,recover-20220825,002,1795
1600.5865,1600.5956,28046,37898,Eptesicus serotinus,0.009,0.022,-1,Echolocation,/mnt/ubna_data_01_mir/recover-20220825/UBNA_002/20220823_033000.WAV,Telephone Field,recover-20220825,002,1795
1600.5965,1600.6366,68437,83252,Rhinolophus ferrumequinum,0.027,0.027,-1,Echolocation,/mnt/ubna_data_01_mir/recover-20220825/UBNA_002/20220823_033000.WAV,Telephone Field,recover-20220825,002,1795
1600.6485,1600.6606,22890,27533,Nyctalus leisleri,0.013,0.024,-1,Echolocation,/mnt/ubna_data_01_mir/recover-20220825/UBNA_002/20220823_033000.WAV,Telephone Field,recover-20220825,002,1795
1600.6555,1600.664,26328,35075,Eptesicus serotinus,0.008,0.026,-1,Echolocation,/mnt/ubna_data_01_mir/recover-20220825/UBNA_002/20220823_033000.WAV,Telephone Field,recover-20220825,002,1795
1600.6815,1600.7243,68437,83380,Rhinolophus ferrumequinum,0.033,0.033,-1,Echolocation,/mnt/ubna_data_01_mir/recover-20220825/UBNA_002/20220823_033000.WAV,Telephone Field,recover-20220825,002,1795
1600.7065,1600.7441,68437,82049,Rhinolophus ferrumequinum,0.022,0.023,-1,Echolocation,/mnt/ubna_data_01_mir/recover-20220825/UBNA_002/20220823_033000.WAV,Telephone Field,recover-20220825,002,1795
1600.7125,1600.7188,26328,41268,Eptesicus serotinus,0.005,0.023,-1,Echolocation,/mnt/ubna_data_01_mir/recover-20220825/UBNA_002/20220823_033000.WAV,Telephone Field,recover-20220825,002,1795
1600.7235,1600.7654,68437,82415,Rhinolophus ferrumequinum,0.022,0.022,-1,Echolocation,/mnt/ubna_data_01_mir/recover-20220825/UBNA_002/20220823_033000.WAV,Telephone Field,recover-20220825,002,1795
1600.7275,1600.7362,23750,31583,Plecotus austriacus,0.009,0.025,-1,Echolocation,/mnt/ubna_data_01_mir/recover-20220825/UBNA_002/20220823_033000.WAV,Telephone Field,recover-20220825,002,1795
1600.7405,1600.7493,25468,32670,Nyctalus leisleri,0.007,0.023,-1,Echolocation,/mnt/ubna_data_01_mir/recover-20220825/UBNA_002/20220823_033000.WAV,Telephone Field,recover-20220825,002,1795
1600.7675,1600.7747,46953,50805,Pipistrellus pipistrellus,0.022,0.023,-1,Echolocation,/mnt/ubna_data_01_mir/recover-20220825/UBNA_002/20220823_033000.WAV,Telephone Field,recover-20220825,002,1795
1600.7695,1600.8093,68437,82448,Rhinolophus ferrumequinum,0.022,0.022,-1,Echolocation,/mnt/ubna_data_01_mir/recover-20220825/UBNA_002/20220823_033000.WAV,Telephone Field,recover-20220825,002,1795
1600.8215,1600.861,68437,82158,Rhinolophus ferrumequinum,0.021,0.022,-1,Echolocation,/mnt/ubna_data_01_mir/recover-20220825/UBNA_002/20220823_033000.WAV,Telephone Field,recover-20220825,002,1795
1600.8325,1600.8433,22890,27895,Nyctalus leisleri,0.01,0.021,-1,Echolocation,/mnt/ubna_data_01_mir/recover-20220825/UBNA_002/20220823_033000.WAV,Telephone Field,recover-20220825,002,1795
1600.8485,1600.8869,68437,81933,Rhinolophus ferrumequinum,0.022,0.022,-1,Echolocation,/mnt/ubna_data_01_mir/recover-20220825/UBNA_002/20220823_033000.WAV,Telephone Field,recover-20220825,002,1795
1600.8565,1600.8643,47812,52170,Pipistrellus pipistrellus,0.034,0.037,-1,Echolocation,/mnt/ubna_data_01_mir/recover-20220825/UBNA_002/20220823_033000.WAV,Telephone Field,recover-20220825,002,1795
1600.8705,1600.881,24609,31386,Nyctalus leisleri,0.008,0.024,-1,Echolocation,/mnt/ubna_data_01_mir/recover-20220825/UBNA_002/20220823_033000.WAV,Telephone Field,recover-20220825,002,1795
1600.9125,1600.9205,28046,36928,Eptesicus serotinus,0.009,0.026,-1,Echolocation,/mnt/ubna_data_01_mir/recover-20220825/UBNA_002/20220823_033000.WAV,Telephone Field,recover-20220825,002,1795
1600.9165,1600.9548,68437,83338,Rhinolophus ferrumequinum,0.032,0.033,-1,Echolocation,/mnt/ubna_data_01_mir/recover-20220825/UBNA_002/20220823_033000.WAV,Telephone Field,recover-20220825,002,1795
1600.9455,1600.9864,68437,83012,Rhinolophus ferrumequinum,0.024,0.024,-1,Echolocation,/mnt/ubna_data_01_mir/recover-20220825/UBNA_002/20220823_033000.WAV,Telephone Field,recover-20220825,002,1795
1600.9985,1601.0357,68437,81723,Rhinolophus ferrumequinum,0.023,0.023,-1,Echolocation,/mnt/ubna_data_01_mir/recover-20220825/UBNA_002/20220823_033000.WAV,Telephone Field,recover-20220825,002,1795
1601.0025,1601.0121,22890,29978,Plecotus austriacus,0.008,0.025,-1,Echolocation,/mnt/ubna_data_01_mir/recover-20220825/UBNA_002/20220823_033000.WAV,Telephone Field,recover-20220825,002,1795
1601.0485,1601.0587,27187,34113,Eptesicus serotinus,0.01,0.022,-1,Echolocation,/mnt/ubna_data_01_mir/recover-20220825/UBNA_002/20220823_033000.WAV,Telephone Field,recover-20220825,002,1795
1601.1215,1601.1324,28906,37173,Eptesicus serotinus,0.015,0.031,-1,Echolocation,/mnt/ubna_data_01_mir/recover-20220825/UBNA_002/20220823_033000.WAV,Telephone Field,recover-20220825,002,1795
1601.1445,1601.1518,28046,38615,Eptesicus serotinus,0.007,0.022,-1,Echolocation,/mnt/ubna_data_01_mir/recover-20220825/UBNA_002/20220823_033000.WAV,Telephone Field,recover-20220825,002,1795
1601.1445,1601.1877,68437,83140,Rhinolophus ferrumequinum,0.027,0.027,-1,Echolocation,/mnt/ubna_data_01_mir/recover-20220825/UBNA_002/20220823_033000.WAV,Telephone Field,recover-20220825,002,1795
1601.1765,1601.2171,68437,82776,Rhinolophus ferrumequinum,0.024,0.024,-1,Echolocation,/mnt/ubna_data_01_mir/recover-20220825/UBNA_002/20220823_033000.WAV,Telephone Field,recover-20220825,002,1795
1601.1835,1601.2251,68437,82767,Rhinolophus ferrumequinum,0.024,0.024,-1,Echolocation,/mnt/ubna_data_01_mir/recover-20220825/UBNA_002/20220823_033000.WAV,Telephone Field,recover-20220825,002,1795
1601.2075,1601.2478,68437,82441,Rhinolophus ferrumequinum,0.021,0.021,-1,Echolocation,/mnt/ubna_data_01_mir/recover-20220825/UBNA_002/20220823_033000.WAV,Telephone Field,recover-20220825,002,1795
1601.2395,1601.2801,68437,82872,Rhinolophus ferrumequinum,0.024,0.024,-1,Echolocation,/mnt/ubna_data_01_mir/recover-20220825/UBNA_002/20220823_033000.WAV,Telephone Field,recover-20220825,002,1795
1601.2635,1601.3072,68437,83613,Rhinolophus ferrumequinum,0.035,0.035,-1,Echolocation,/mnt/ubna_data_01_mir/recover-20220825/UBNA_002/20220823_033000.WAV,Telephone Field,recover-20220825,002,1795
1601.3135,1601.3219,27187,40139,Eptesicus serotinus,0.008,0.022,-1,Echolocation,/mnt/ubna_data_01_mir/recover-20220825/UBNA_002/20220823_033000.WAV,Telephone Field,recover-20220825,002,1795
1601.3205,1601.3281,33203,44060,Myotis daubentonii,0.007,0.024,-1,Echolocation,/mnt/ubna_data_01_mir/recover-20220825/UBNA_002/20220823_033000.WAV,Telephone Field,recover-20220825,002,1795
1601.3275,1601.3672,68437,82401,Rhinolophus ferrumequinum,0.025,0.025,-1,Echolocation,/mnt/ubna_data_01_mir/recover-20220825/UBNA_002/20220823_033000.WAV,Telephone Field,recover-20220825,002,1795
1601.3395,1601.3472,28906,37510,Eptesicus serotinus,0.007,0.022,-1,Echolocation,/mnt/ubna_data_01_mir/recover-20220825/UBNA_002/20220823_033000.WAV,Telephone Field,recover-20220825,002,1795
1601.3815,1601.4228,68437,83110,Rhinolophus ferrumequinum,0.026,0.026,-1,Echolocation,/mnt/ubna_data_01_mir/recover-20220825/UBNA_002/20220823_033000.WAV,Telephone Field,recover-20220825,002,1795
1601.4135,1601.4231,28046,36071,Eptesicus serotinus,0.009,0.024,-1,Echolocation,/mnt/ubna_data_01_mir/recover-20220825/UBNA_002/20220823_033000.WAV,Telephone Field,recover-20220825,002,1795
1601.4245,1601.4334,28046,36247,Eptesicus serotinus,0.009,0.022,-1,Echolocation,/mnt/ubna_data_01_mir/recover-20220825/UBNA_002/20220823_033000.WAV,Telephone Field,recover-20220825,002,1795
1601.4475,1601.4887,68437,83485,Rhinolophus ferrumequinum,0.039,0.039,-1,Echolocation,/mnt/ubna_data_01_mir/recover-20220825/UBNA_002/20220823_033000.WAV,Telephone Field,recover-20220825,002,1795
1601.4995,1601.5402,68437,82940,Rhinolophus ferrumequinum,0.038,0.038,-1,Echolocation,/mnt/ubna_data_01_mir/recover-20220825/UBNA_002/20220823_033000.WAV,Telephone Field,recover-20220825,002,1795
1601.5405,1601.5516,22890,28120,Nyctalus leisleri,0.01,0.022,-1,Echolocation,/mnt/ubna_data_01_mir/recover-20220825/UBNA_002/20220823_033000.WAV,Telephone Field,recover-20220825,002,1795
1601.5555,1601.5946,68437,82446,Rhinolophus ferrumequinum,0.024,0.024,-1,Echolocation,/mnt/ubna_data_01_mir/recover-20220825/UBNA_002/20220823_033000.WAV,Telephone Field,recover-20220825,002,1795
1601.5815,1601.618,68437,81573,Rhinolophus ferrumequinum,0.023,0.024,-1,Echolocation,/mnt/ubna_data_01_mir/recover-20220825/UBNA_002/20220823_033000.WAV,Telephone Field,recover-20220825,002,1795
1601.6005,1601.6084,23750,31710,Plecotus austriacus,0.009,0.023,-1,Echolocation,/mnt/ubna_data_01_mir/recover-20220825/UBNA_002/20220823_033000.WAV,Telephone Field,recover-20220825,002,1795
1601.6095,1601.6475,68437,81980,Rhinolophus ferrumequinum,0.022,0.022,-1,Echolocation,/mnt/ubna_data_01_mir/recover-20220825/UBNA_002/20220823_033000.WAV,Telephone Field,recover-20220825,002,1795
1601.6115,1601.6196,27187,37567,Eptesicus serotinus,0.008,0.022,-1,Echolocation,/mnt/ubna_data_01_mir/recover-20220825/UBNA_002/20220823_033000.WAV,Telephone Field,recover-20220825,002,1795
1601.6895,1601.7289,68437,82704,Rhinolophus ferrumequinum,0.03,0.03,-1,Echolocation,/mnt/ubna_data_01_mir/recover-20220825/UBNA_002/20220823_033000.WAV,Telephone Field,recover-20220825,002,1795
1601.6985,1601.7331,68437,81267,Rhinolophus ferrumequinum,0.024,0.024,-1,Echolocation,/mnt/ubna_data_01_mir/recover-20220825/UBNA_002/20220823_033000.WAV,Telephone Field,recover-20220825,002,1795
1601.7025,1601.7122,23750,30308,Nyctalus leisleri,0.009,0.025,-1,Echolocation,/mnt/ubna_data_01_mir/recover-20220825/UBNA_002/20220823_033000.WAV,Telephone Field,recover-20220825,002,1795
1601.7075,1601.7169,40937,47347,Pipistrellus nathusii,0.017,0.033,-1,Echolocation,/mnt/ubna_data_01_mir/recover-20220825/UBNA_002/20220823_033000.WAV,Telephone Field,recover-20220825,002,1795
1601.7195,1601.759,68437,82228,Rhinolophus ferrumequinum,0.022,0.022,-1,Echolocation,/mnt/ubna_data_01_mir/recover-20220825/UBNA_002/20220823_033000.WAV,Telephone Field,recover-20220825,002,1795
1601.7205,1601.7282,27187,38166,Eptesicus serotinus,0.009,0.025,-1,Echolocation,/mnt/ubna_data_01_mir/recover-20220825/UBNA_002/20220823_033000.WAV,Telephone Field,recover-20220825,002,1795
1601.7625,1601.7698,28046,40710,Eptesicus serotinus,0.008,0.025,-1,Echolocation,/mnt/ubna_data_01_mir/recover-20220825/UBNA_002/20220823_033000.WAV,Telephone Field,recover-20220825,002,1795
1601.7805,1601.8021,18593,22091,Nyctalus noctula,0.027,0.045,-1,Echolocation,/mnt/ubna_data_01_mir/recover-20220825/UBNA_002/20220823_033000.WAV,Telephone Field,recover-20220825,002,1795
1601.7815,1601.8169,68437,81942,Rhinolophus ferrumequinum,0.025,0.025,-1,Echolocation,/mnt/ubna_data_01_mir/recover-20220825/UBNA_002/20220823_033000.WAV,Telephone Field,recover-20220825,002,1795
1601.8045,1601.8123,45234,54361,Pipistrellus pipistrellus,0.015,0.024,-1,Echolocation,/mnt/ubna_data_01_mir/recover-20220825/UBNA_002/20220823_033000.WAV,Telephone Field,recover-20220825,002,1795
1601.8135,1601.8245,22031,27679,Nyctalus leisleri,0.009,0.024,-1,Echolocation,/mnt/ubna_data_01_mir/recover-20220825/UBNA_002/20220823_033000.WAV,Telephone Field,recover-20220825,002,1795
1601.8535,1601.8635,26328,34762,Eptesicus serotinus,0.009,0.021,-1,Echolocation,/mnt/ubna_data_01_mir/recover-20220825/UBNA_002/20220823_033000.WAV,Telephone Field,recover-20220825,002,1795
1601.8875,1601.9293,68437,83501,Rhinolophus ferrumequinum,0.033,0.033,-1,Echolocation,/mnt/ubna_data_01_mir/recover-20220825/UBNA_002/20220823_033000.WAV,Telephone Field,recover-20220825,002,1795
1601.9495,1601.9564,33203,43738,Myotis daubentonii,0.009,0.022,-1,Echolocation,/mnt/ubna_data_01_mir/recover-20220825/UBNA_002/20220823_033000.WAV,Telephone Field,recover-20220825,002,1795
1601.9505,1601.9848,68437,81497,Rhinolophus ferrumequinum,0.021,0.021,-1,Echolocation,/mnt/ubna_data_01_mir/recover-20220825/UBNA_002/20220823_033000.WAV,Telephone Field,recover-20220825,002,1795
1601.9505,1601.9573,27187,40170,Eptesicus serotinus,0.006,0.023,-1,Echolocation,/mnt/ubna_data_01_mir/recover-20220825/UBNA_002/20220823_033000.WAV,Telephone Field,recover-20220825,002,1795
1601.9635,1601.9734,22890,28294,Nyctalus leisleri,0.009,0.022,-1,Echolocation,/mnt/ubna_data_01_mir/recover-20220825/UBNA_002/20220823_033000.WAV,Telephone Field,recover-20220825,002,1795
1602.0015,1602.0093,25468,35739,Eptesicus serotinus,0.006,0.022,-1,Echolocation,/mnt/ubna_data_01_mir/recover-20220825/UBNA_002/20220823_033000.WAV,Telephone Field,recover-20220825,002,1795
1602.0015,1602.0086,46093,53110,Pipistrellus pipistrellus,0.013,0.022,-1,Echolocation,/mnt/ubna_data_01_mir/recover-20220825/UBNA_002/20220823_033000.WAV,Telephone Field,recover-20220825,002,1795
1602.0015,1602.0356,68437,80023,Rhinolophus ferrumequinum,0.04,0.04,-1,Echolocation,/mnt/ubna_data_01_mir/recover-20220825/UBNA_002/20220823_033000.WAV,Telephone Field,recover-20220825,002,1795
1602.0015,1602.0099,21171,28819,Nyctalus leisleri,0.006,0.022,-1,Echolocation,/mnt/ubna_data_01_mir/recover-20220825/UBNA_002/20220823_033000.WAV,Telephone Field,recover-20220825,002,1795
1602.0105,1602.0509,68437,82289,Rhinolophus ferrumequinum,0.023,0.023,-1,Echolocation,/mnt/ubna_data_01_mir/recover-20220825/UBNA_002/20220823_033000.WAV,Telephone Field,recover-20220825,002,1795
1602.0435,1602.0545,27187,34295,Eptesicus serotinus,0.01,0.022,-1,Echolocation,/mnt/ubna_data_01_mir/recover-20220825/UBNA_002/20220823_033000.WAV,Telephone Field,recover-20220825,002,1795
1602.0625,1602.0699,28046,42302,Eptesicus serotinus,0.006,0.021,-1,Echolocation,/mnt/ubna_data_01_mir/recover-20220825/UBNA_002/20220823_033000.WAV,Telephone Field,recover-20220825,002,1795
1602.0745,1602.085,28046,35973,Eptesicus serotinus,0.012,0.024,-1,Echolocation,/mnt/ubna_data_01_mir/recover-20220825/UBNA_002/20220823_033000.WAV,Telephone Field,recover-20220825,002,1795
1602.1115,1602.1194,24609,33102,Eptesicus serotinus,0.006,0.021,-1,Echolocation,/mnt/ubna_data_01_mir/recover-20220825/UBNA_002/20220823_033000.WAV,Telephone Field,recover-20220825,002,1795
1602.1215,1602.1583,68437,81197,Rhinolophus ferrumequinum,0.027,0.028,-1,Echolocation,/mnt/ubna_data_01_mir/recover-20220825/UBNA_002/20220823_033000.WAV,Telephone Field,recover-20220825,002,1795
1602.1425,1602.1569,19453,24677,Nyctalus noctula,0.013,0.025,-1,Echolocation,/mnt/ubna_data_01_mir/recover-20220825/UBNA_002/20220823_033000.WAV,Telephone Field,recover-20220825,002,1795
1602.1595,1602.1989,68437,81598,Rhinolophus ferrumequinum,0.022,0.022,-1,Echolocation,/mnt/ubna_data_01_mir/recover-20220825/UBNA_002/20220823_033000.WAV,Telephone Field,recover-20220825,002,1795
1602.1705,1602.1792,28906,37638,Eptesicus serotinus,0.008,0.023,-1,Echolocation,/mnt/ubna_data_01_mir/recover-20220825/UBNA_002/20220823_033000.WAV,Telephone Field,recover-20220825,002,1795
1602.1865,1602.2263,68437,82324,Rhinolophus ferrumequinum,0.024,0.024,-1,Echolocation,/mnt/ubna_data_01_mir/recover-20220825/UBNA_002/20220823_033000.WAV,Telephone Field,recover-20220825,002,1795
1602.2035,1602.2111,27187,39735,Eptesicus serotinus,0.008,0.022,-1,Echolocation,/mnt/ubna_data_01_mir/recover-20220825/UBNA_002/20220823_033000.WAV,Telephone Field,recover-20220825,002,1795
1602.2255,1602.2659,68437,82903,Rhinolophus ferrumequinum,0.023,0.023,-1,Echolocation,/mnt/ubna_data_01_mir/recover-20220825/UBNA_002/20220823_033000.WAV,Telephone Field,recover-20220825,002,1795
1602.2745,1602.3158,68437,82498,Rhinolophus ferrumequinum,0.025,0.025,-1,Echolocation,/mnt/ubna_data_01_mir/recover-20220825/UBNA_002/20220823_033000.WAV,Telephone Field,recover-20220825,002,1795
1602.2855,1602.3236,68437,81334,Rhinolophus ferrumequinum,0.022,0.022,-1,Echolocation,/mnt/ubna_data_01_mir/recover-20220825/UBNA_002/20220823_033000.WAV,Telephone Field,recover-20220825,002,1795
1602.3225,1602.3297,28046,36839,Eptesicus serotinus,0.006,0.021,-1,Echolocation,/mnt/ubna_data_01_mir/recover-20220825/UBNA_002/20220823_033000.WAV,Telephone Field,recover-20220825,002,1795
1602.3315,1602.3674,68437,82117,Rhinolophus ferrumequinum,0.022,0.022,-1,Echolocation,/mnt/ubna_data_01_mir/recover-20220825/UBNA_002/20220823_033000.WAV,Telephone Field,recover-20220825,002,1795
1602.3525,1602.394,68437,82478,Rhinolophus ferrumequinum,0.022,0.022,-1,Echolocation,/mnt/ubna_data_01_mir/recover-20220825/UBNA_002/20220823_033000.WAV,Telephone Field,recover-20220825,002,1795
1602.3665,1602.3736,39218,51749,Myotis brandtii,0.006,0.021,-1,Echolocation,/mnt/ubna_data_01_mir/recover-20220825/UBNA_002/20220823_033000.WAV,Telephone Field,recover-20220825,002,1795
1602.3965,1602.4364,68437,82318,Rhinolophus ferrumequinum,0.022,0.022,-1,Echolocation,/mnt/ubna_data_01_mir/recover-20220825/UBNA_002/20220823_033000.WAV,Telephone Field,recover-20220825,002,1795
1602.4145,1602.4516,68437,81650,Rhinolophus ferrumequinum,0.02,0.02,-1,Echolocation,/mnt/ubna_data_01_mir/recover-20220825/UBNA_002/20220823_033000.WAV,Telephone Field,recover-20220825,002,1795
1602.4375,1602.447,15156,20587,Nyctalus noctula,0.015,0.033,-1,Echolocation,/mnt/ubna_data_01_mir/recover-20220825/UBNA_002/20220823_033000.WAV,Telephone Field,recover-20220825,002,1795
1602.4635,1602.5048,68437,82700,Rhinolophus ferrumequinum,0.028,0.028,-1,Echolocation,/mnt/ubna_data_01_mir/recover-20220825/UBNA_002/20220823_033000.WAV,Telephone Field,recover-20220825,002,1795
1602.5185,1602.5599,68437,83356,Rhinolophus ferrumequinum,0.022,0.022,-1,Echolocation,/mnt/ubna_data_01_mir/recover-20220825/UBNA_002/20220823_033000.WAV,Telephone Field,recover-20220825,002,1795
1602.5425,1602.5818,68437,82716,Rhinolophus ferrumequinum,0.027,0.027,-1,Echolocation,/mnt/ubna_data_01_mir/recover-20220825/UBNA_002/20220823_033000.WAV,Telephone Field,recover-20220825,002,1795
1602.5425,1602.5504,37500,42534,Barbastellus barbastellus,0.019,0.029,-1,Echolocation,/mnt/ubna_data_01_mir/recover-20220825/UBNA_002/20220823_033000.WAV,Telephone Field,recover-20220825,002,1795
1602.5465,1602.5532,27187,38489,Eptesicus serotinus,0.006,0.023,-1,Echolocation,/mnt/ubna_data_01_mir/recover-20220825/UBNA_002/20220823_033000.WAV,Telephone Field,recover-20220825,002,1795
1602.5585,1602.5969,68437,82492,Rhinolophus ferrumequinum,0.021,0.021,-1,Echolocation,/mnt/ubna_data_01_mir/recover-20220825/UBNA_002/20220823_033000.WAV,Telephone Field,recover-20220825,002,1795
1602.5595,1602.5688,28046,36019,Eptesicus serotinus,0.008,0.023,-1,Echolocation,/mnt/ubna_data_01_mir/recover-20220825/UBNA_002/20220823_033000.WAV,Telephone Field,recover-20220825,002,1795
1602.5705,1602.6067,68437,81475,Rhinolophus ferrumequinum,0.022,0.022,-1,Echolocation,/mnt/ubna_data_01_mir/recover-20220825/UBNA_002/20220823_033000.WAV,Telephone Field,recover-20220825,002,1795
1602.5735,1602.5818,40937,53706,Pipistrellus nathusii,0.01,0.026,-1,Echolocation,/mnt/ubna_data_01_mir/recover-20220825/UBNA_002/20220823_033000.WAV,Telephone Field,recover-20220825,002,1795
1602.5935,1602.6025,27187,38121,Eptesicus serotinus,0.01,0.023,-1,Echolocation,/mnt/ubna_data_01_mir/recover-20220825/UBNA_002/20220823_033000.WAV,Telephone Field,recover-20220825,002,1795
1602.6145,1602.6217,28046,39200,Eptesicus serotinus,0.007,0.024,-1,Echolocation,/mnt/ubna_data_01_mir/recover-20220825/UBNA_002/20220823_033000.WAV,Telephone Field,recover-20220825,002,1795
1602.6305,1602.6425,36640,41827,Pipistrellus nathusii,0.012,0.021,-1,Echolocation,/mnt/ubna_data_01_mir/recover-20220825/UBNA_002/20220823_033000.WAV,Telephone Field,recover-20220825,002,1795
1602.6385,1602.6485,22031,26635,Nyctalus leisleri,0.01,0.021,-1,Echolocation,/mnt/ubna_data_01_mir/recover-20220825/UBNA_002/20220823_033000.WAV,Telephone Field,recover-20220825,002,1795
1602.6415,1602.6827,68437,82893,Rhinolophus ferrumequinum,0.026,0.026,-1,Echolocation,/mnt/ubna_data_01_mir/recover-20220825/UBNA_002/20220823_033000.WAV,Telephone Field,recover-20220825,002,1795
1602.6705,1602.6808,25468,32135,Eptesicus serotinus,0.009,0.025,-1,Echolocation,/mnt/ubna_data_01_mir/recover-20220825/UBNA_002/20220823_033000.WAV,Telephone Field,recover-20220825,002,1795
1602.6735,1602.7152,68437,82491,Rhinolophus ferrumequinum,0.034,0.034,-1,Echolocation,/mnt/ubna_data_01_mir/recover-20220825/UBNA_002/20220823_033000.WAV,Telephone Field,recover-20220825,002,1795
1602.6995,1602.7105999999999,28906,35035,Eptesicus serotinus,0.011,0.025,-1,Echolocation,/mnt/ubna_data_01_mir/recover-20220825/UBNA_002/20220823_033000.WAV,Telephone Field,recover-20220825,002,1795
1602.7585,1602.7945,68437,81118,Rhinolophus ferrumequinum,0.022,0.022,-1,Echolocation,/mnt/ubna_data_01_mir/recover-20220825/UBNA_002/20220823_033000.WAV,Telephone Field,recover-20220825,002,1795
1602.7675,1602.8058,68437,81889,Rhinolophus ferrumequinum,0.021,0.021,-1,Echolocation,/mnt/ubna_data_01_mir/recover-20220825/UBNA_002/20220823_033000.WAV,Telephone Field,recover-20220825,002,1795
1602.8005,1602.8359,68437,81220,Rhinolophus ferrumequinum,0.021,0.021,-1,Echolocation,/mnt/ubna_data_01_mir/recover-20220825/UBNA_002/20220823_033000.WAV,Telephone Field,recover-20220825,002,1795
1602.8595,1602.8967,68437,82074,Rhinolophus ferrumequinum,0.02,0.02,-1,Echolocation,/mnt/ubna_data_01_mir/recover-20220825/UBNA_002/20220823_033000.WAV,Telephone Field,recover-20220825,002,1795
1602.9135,1602.9274,22890,26106,Nyctalus leisleri,0.014,0.023,-1,Echolocation,/mnt/ubna_data_01_mir/recover-20220825/UBNA_002/20220823_033000.WAV,Telephone Field,recover-20220825,002,1795
1602.9365,1602.9456,27187,37207,Eptesicus serotinus,0.009,0.021,-1,Echolocation,/mnt/ubna_data_01_mir/recover-20220825/UBNA_002/20220823_033000.WAV,Telephone Field,recover-20220825,002,1795
1602.9895,1603.0264,68437,81800,Rhinolophus ferrumequinum,0.022,0.022,-1,Echolocation,/mnt/ubna_data_01_mir/recover-20220825/UBNA_002/20220823_033000.WAV,Telephone Field,recover-20220825,002,1795
1602.9925,1603.0002,22890,31345,Plecotus austriacus,0.011,0.023,-1,Echolocation,/mnt/ubna_data_01_mir/recover-20220825/UBNA_002/20220823_033000.WAV,Telephone Field,recover-20220825,002,1795
1603.0115,1603.0501,68437,82231,Rhinolophus ferrumequinum,0.021,0.021,-1,Echolocation,/mnt/ubna_data_01_mir/recover-20220825/UBNA_002/20220823_033000.WAV,Telephone Field,recover-20220825,002,1795
1603.0275,1603.0674,68437,82476,Rhinolophus ferrumequinum,0.022,0.022,-1,Echolocation,/mnt/ubna_data_01_mir/recover-20220825/UBNA_002/20220823_033000.WAV,Telephone Field,recover-20220825,002,1795
1603.0815,1603.1198,68437,81584,Rhinolophus ferrumequinum,0.021,0.021,-1,Echolocation,/mnt/ubna_data_01_mir/recover-20220825/UBNA_002/20220823_033000.WAV,Telephone Field,recover-20220825,002,1795
1603.0855,1603.0959,22890,28708,Nyctalus leisleri,0.011,0.025,-1,Echolocation,/mnt/ubna_data_01_mir/recover-20220825/UBNA_002/20220823_033000.WAV,Telephone Field,recover-20220825,002,1795
1603.0965,1603.108,32343,38925,Pipistrellus nathusii,0.006,0.024,-1,Echolocation,/mnt/ubna_data_01_mir/recover-20220825/UBNA_002/20220823_033000.WAV,Telephone Field,recover-20220825,002,1795
1603.1005,1603.142,68437,83417,Rhinolophus ferrumequinum,0.042,0.042,-1,Echolocation,/mnt/ubna_data_01_mir/recover-20220825/UBNA_002/20220823_033000.WAV,Telephone Field,recover-20220825,002,1795
1603.1015,1603.1099,27187,38049,Eptesicus serotinus,0.007,0.021,-1,Echolocation,/mnt/ubna_data_01_mir/recover-20220825/UBNA_002/20220823_033000.WAV,Telephone Field,recover-20220825,002,1795
1603.1235,1603.1346,26328,33939,Eptesicus serotinus,0.01,0.024,-1,Echolocation,/mnt/ubna_data_01_mir/recover-20220825/UBNA_002/20220823_033000.WAV,Telephone Field,recover-20220825,002,1795
1603.1475,1603.1871,68437,82316,Rhinolophus ferrumequinum,0.025,0.025,-1,Echolocation,/mnt/ubna_data_01_mir/recover-20220825/UBNA_002/20220823_033000.WAV,Telephone Field,recover-20220825,002,1795
1603.2205,1603.2628,68437,82730,Rhinolophus ferrumequinum,0.024,0.024,-1,Echolocation,/mnt/ubna_data_01_mir/recover-20220825/UBNA_002/20220823_033000.WAV,Telephone Field,recover-20220825,002,1795
1603.2215,1603.2285,47812,57600,Pipistrellus pipistrellus,0.02,0.027,-1,Echolocation,/mnt/ubna_data_01_mir/recover-20220825/UBNA_002/20220823_033000.WAV,Telephone Field,recover-20220825,002,1795
1603.2475,1603.2611,22031,25713,Nyctalus leisleri,0.012,0.021,-1,Echolocation,/mnt/ubna_data_01_mir/recover-20220825/UBNA_002/20220823_033000.WAV,Telephone Field,recover-20220825,002,1795
1603.2705,1603.3091,68437,81806,Rhinolophus ferrumequinum,0.025,0.025,-1,Echolocation,/mnt/ubna_data_01_mir/recover-20220825/UBNA_002/20220823_033000.WAV,Telephone Field,recover-20220825,002,1795
1603.2995,1603.3382,68437,81980,Rhinolophus ferrumequinum,0.021,0.021,-1,Echolocation,/mnt/ubna_data_01_mir/recover-20220825/UBNA_002/20220823_033000.WAV,Telephone Field,recover-20220825,002,1795
1603.3005,1603.3101,23750,30688,Eptesicus serotinus,0.008,0.024,-1,Echolocation,/mnt/ubna_data_01_mir/recover-20220825/UBNA_002/20220823_033000.WAV,Telephone Field,recover-20220825,002,1795
1603.3175,1603.3569,68437,82664,Rhinolophus ferrumequinum,0.021,0.021,-1,Echolocation,/mnt/ubna_data_01_mir/recover-20220825/UBNA_002/20220823_033000.WAV,Telephone Field,recover-20220825,002,1795
1603.3825,1603.4231,68437,82793,Rhinolophus ferrumequinum,0.022,0.022,-1,Echolocation,/mnt/ubna_data_01_mir/recover-20220825/UBNA_002/20220823_033000.WAV,Telephone Field,recover-20220825,002,1795
1603.4035,1603.4431,68437,82396,Rhinolophus ferrumequinum,0.022,0.022,-1,Echolocation,/mnt/ubna_data_01_mir/recover-20220825/UBNA_002/20220823_033000.WAV,Telephone Field,recover-20220825,002,1795
1603.4035,1603.4192,22031,25592,Nyctalus leisleri,0.017,0.031,-1,Echolocation,/mnt/ubna_data_01_mir/recover-20220825/UBNA_002/20220823_033000.WAV,Telephone Field,recover-20220825,002,1795
1603.4675,1603.5045,68437,81192,Rhinolophus ferrumequinum,0.023,0.023,-1,Echolocation,/mnt/ubna_data_01_mir/recover-20220825/UBNA_002/20220823_033000.WAV,Telephone Field,recover-20220825,002,1795
1603.4705,1603.4782,27187,40426,Eptesicus serotinus,0.008,0.024,-1,Echolocation,/mnt/ubna_data_01_mir/recover-20220825/UBNA_002/20220823_033000.WAV,Telephone Field,recover-20220825,002,1795
1603.4715,1603.4802,32343,41102,Myotis daubentonii,0.01,0.026,-1,Echolocation,/mnt/ubna_data_01_mir/recover-20220825/UBNA_002/20220823_033000.WAV,Telephone Field,recover-20220825,002,1795
1603.4985,1603.5385,68437,81886,Rhinolophus ferrumequinum,0.024,0.024,-1,Echolocation,/mnt/ubna_data_01_mir/recover-20220825/UBNA_002/20220823_033000.WAV,Telephone Field,recover-20220825,002,1795
1603.5155,1603.5309,22031,26080,Nyctalus leisleri,0.017,0.03,-1,Echolocation,/mnt/ubna_data_01_mir/recover-20220825/UBNA_002/20220823_033000.WAV,Telephone Field,recover-20220825,002,1795
1603.5355,1603.5728,68437,81842,Rhinolophus ferrumequinum,0.022,0.022,-1,Echolocation,/mnt/ubna_data_01_mir/recover-20220825/UBNA_002/20220823_033000.WAV,Telephone Field,recover-20220825,002,1795
1603.5625,1603.6052,68437,82637,Rhinolophus ferrumequinum,0.039,0.039,-1,Echolocation,/mnt/ubna_data_01_mir/recover-20220825/UBNA_002/20220823_033000.WAV,Telephone Field,recover-20220825,002,1795
1603.5845,1603.5918,26328,35552,Eptesicus serotinus,0.007,0.024,-1,Echolocation,/mnt/ubna_data_01_mir/recover-20220825/UBNA_002/20220823_033000.WAV,Telephone Field,recover-20220825,002,1795
1603.6015,1603.6421,68437,82482,Rhinolophus ferrumequinum,0.021,0.021,-1,Echolocation,/mnt/ubna_data_01_mir/recover-20220825/UBNA_002/20220823_033000.WAV,Telephone Field,recover-20220825,002,1795
1603.6195,1603.6606,68437,82660,Rhinolophus ferrumequinum,0.032,0.032,-1,Echolocation,/mnt/ubna_data_01_mir/recover-20220825/UBNA_002/20220823_033000.WAV,Telephone Field,recover-20220825,002,1795
1603.6235,1603.6326,25468,33555,Eptesicus serotinus,0.008,0.022,-1,Echolocation,/mnt/ubna_data_01_mir/recover-20220825/UBNA_002/20220823_033000.WAV,Telephone Field,recover-20220825,002,1795
1603.6615,1603.6716,24609,31021,Nyctalus leisleri,0.009,0.025,-1,Echolocation,/mnt/ubna_data_01_mir/recover-20220825/UBNA_002/20220823_033000.WAV,Telephone Field,recover-20220825,002,1795
1603.6925,1603.7013,28046,36904,Eptesicus serotinus,0.008,0.021,-1,Echolocation,/mnt/ubna_data_01_mir/recover-20220825/UBNA_002/20220823_033000.WAV,Telephone Field,recover-20220825,002,1795
1603.7405,1603.7781,68437,82277,Rhinolophus ferrumequinum,0.022,0.022,-1,Echolocation,/mnt/ubna_data_01_mir/recover-20220825/UBNA_002/20220823_033000.WAV,Telephone Field,recover-20220825,002,1795
1603.7475,1603.754,28046,39388,Eptesicus serotinus,0.008,0.027,-1,Echolocation,/mnt/ubna_data_01_mir/recover-20220825/UBNA_002/20220823_033000.WAV,Telephone Field,recover-20220825,002,1795
1603.7625,1603.804,68437,82629,Rhinolophus ferrumequinum,0.021,0.021,-1,Echolocation,/mnt/ubna_data_01_mir/recover-20220825/UBNA_002/20220823_033000.WAV,Telephone Field,recover-20220825,002,1795
1603.7715,1603.782,24609,30554,Nyctalus leisleri,0.009,0.023,-1,Echolocation,/mnt/ubna_data_01_mir/recover-20220825/UBNA_002/20220823_033000.WAV,Telephone Field,recover-20220825,002,1795
1603.8265,1603.8613,68437,80852,Rhinolophus ferrumequinum,0.02,0.02,-1,Echolocation,/mnt/ubna_data_01_mir/recover-20220825/UBNA_002/20220823_033000.WAV,Telephone Field,recover-20220825,002,1795
1603.8315,1603.8697,68437,81798,Rhinolophus ferrumequinum,0.021,0.021,-1,Echolocation,/mnt/ubna_data_01_mir/recover-20220825/UBNA_002/20220823_033000.WAV,Telephone Field,recover-20220825,002,1795
1603.8615,1603.9004,68437,81873,Rhinolophus ferrumequinum,0.023,0.023,-1,Echolocation,/mnt/ubna_data_01_mir/recover-20220825/UBNA_002/20220823_033000.WAV,Telephone Field,recover-20220825,002,1795
1603.9005,1603.9109,28046,35346,Eptesicus serotinus,0.01,0.024,-1,Echolocation,/mnt/ubna_data_01_mir/recover-20220825/UBNA_002/20220823_033000.WAV,Telephone Field,recover-20220825,002,1795
1603.9185,1603.9585,68437,82079,Rhinolophus ferrumequinum,0.042,0.042,-1,Echolocation,/mnt/ubna_data_01_mir/recover-20220825/UBNA_002/20220823_033000.WAV,Telephone Field,recover-20220825,002,1795
1603.9295,1603.9388,25468,33370,Eptesicus serotinus,0.008,0.021,-1,Echolocation,/mnt/ubna_data_01_mir/recover-20220825/UBNA_002/20220823_033000.WAV,Telephone Field,recover-20220825,002,1795
1603.9455,1603.9834,68437,82251,Rhinolophus ferrumequinum,0.021,0.021,-1,Echolocation,/mnt/ubna_data_01_mir/recover-20220825/UBNA_002/20220823_033000.WAV,Telephone Field,recover-20220825,002,1795
1604.0015,1604.0086,46093,51325,Pipistrellus pipistrellus,0.022,0.027,-1,Echolocation,/mnt/ubna_data_01_mir/recover-20220825/UBNA_002/20220823_033000.WAV,Telephone Field,recover-20220825,002,1795
1604.0015,1604.011,25468,33326,Nyctalus leisleri,0.008,0.028,-1,Echolocation,/mnt/ubna_data_01_mir/recover-20220825/UBNA_002/20220823_033000.WAV,Telephone Field,recover-20220825,002,1795
1604.0015,1604.0348,68437,79974,Rhinolophus ferrumequinum,0.033,0.033,-1,Echolocation,/mnt/ubna_data_01_mir/recover-20220825/UBNA_002/20220823_033000.WAV,Telephone Field,recover-20220825,002,1795
1604.0395,1604.0535,22890,27836,Nyctalus leisleri,0.016,0.033,-1,Echolocation,/mnt/ubna_data_01_mir/recover-20220825/UBNA_002/20220823_033000.WAV,Telephone Field,recover-20220825,002,1795
1604.0405,1604.0799,68437,81475,Rhinolophus ferrumequinum,0.022,0.022,-1,Echolocation,/mnt/ubna_data_01_mir/recover-20220825/UBNA_002/20220823_033000.WAV,Telephone Field,recover-20220825,002,1795
1604.0675,1604.1086,68437,82954,Rhinolophus ferrumequinum,0.025,0.025,-1,Echolocation,/mnt/ubna_data_01_mir/recover-20220825/UBNA_002/20220823_033000.WAV,Telephone Field,recover-20220825,002,1795
1604.0815,1604.0927,23750,28749,Nyctalus leisleri,0.011,0.023,-1,Echolocation,/mnt/ubna_data_01_mir/recover-20220825/UBNA_002/20220823_033000.WAV,Telephone Field,recover-20220825,002,1795
1604.0985,1604.1075,42656,53840,Pipistrellus nathusii,0.007,0.027,-1,Echolocation,/mnt/ubna_data_01_mir/recover-20220825/UBNA_002/20220823_033000.WAV,Telephone Field,recover-20220825,002,1795
1604.1225,1604.1625,68437,82565,Rhinolophus ferrumequinum,0.024,0.024,-1,Echolocation,/mnt/ubna_data_01_mir/recover-20220825/UBNA_002/20220823_033000.WAV,Telephone Field,recover-20220825,002,1795
1604.1645,1604.2042,68437,82220,Rhinolophus ferrumequinum,0.024,0.024,-1,Echolocation,/mnt/ubna_data_01_mir/recover-20220825/UBNA_002/20220823_033000.WAV,Telephone Field,recover-20220825,002,1795
1604.1705,1604.1811,22890,28898,Nyctalus leisleri,0.011,0.026,-1,Echolocation,/mnt/ubna_data_01_mir/recover-20220825/UBNA_002/20220823_033000.WAV,Telephone Field,recover-20220825,002,1795
1604.1955,1604.2146,16875,21144,Nyctalus noctula,0.017,0.024,-1,Echolocation,/mnt/ubna_data_01_mir/recover-20220825/UBNA_002/20220823_033000.WAV,Telephone Field,recover-20220825,002,1795
1604.2175,1604.2268,27187,37949,Eptesicus serotinus,0.009,0.024,-1,Echolocation,/mnt/ubna_data_01_mir/recover-20220825/UBNA_002/20220823_033000.WAV,Telephone Field,recover-20220825,002,1795
1604.2175,1604.2578,68437,82714,Rhinolophus ferrumequinum,0.026,0.026,-1,Echolocation,/mnt/ubna_data_01_mir/recover-20220825/UBNA_002/20220823_033000.WAV,Telephone Field,recover-20220825,002,1795
1604.2345,1604.2753,68437,82062,Rhinolophus ferrumequinum,0.026,0.026,-1,Echolocation,/mnt/ubna_data_01_mir/recover-20220825/UBNA_002/20220823_033000.WAV,Telephone Field,recover-20220825,002,1795
1604.2685,1604.3081,68437,82869,Rhinolophus ferrumequinum,0.026,0.027,-1,Echolocation,/mnt/ubna_data_01_mir/recover-20220825/UBNA_002/20220823_033000.WAV,Telephone Field,recover-20220825,002,1795
1604.2985,1604.3379,68437,82286,Rhinolophus ferrumequinum,0.022,0.022,-1,Echolocation,/mnt/ubna_data_01_mir/recover-20220825/UBNA_002/20220823_033000.WAV,Telephone Field,recover-20220825,002,1795
1604.3155,1604.3554,68437,82007,Rhinolophus ferrumequinum,0.021,0.021,-1,Echolocation,/mnt/ubna_data_01_mir/recover-20220825/UBNA_002/20220823_033000.WAV,Telephone Field,recover-20220825,002,1795
1604.3355,1604.3763,68437,82619,Rhinolophus ferrumequinum,0.026,0.026,-1,Echolocation,/mnt/ubna_data_01_mir/recover-20220825/UBNA_002/20220823_033000.WAV,Telephone Field,recover-20220825,002,1795
1604.3375,1604.3481,22890,28445,Nyctalus leisleri,0.01,0.022,-1,Echolocation,/mnt/ubna_data_01_mir/recover-20220825/UBNA_002/20220823_033000.WAV,Telephone Field,recover-20220825,002,1795
1604.3385,1604.345,50390,56626,Pipistrellus pipistrellus,0.022,0.024,-1,Echolocation,/mnt/ubna_data_01_mir/recover-20220825/UBNA_002/20220823_033000.WAV,Telephone Field,recover-20220825,002,1795
1604.3745,1604.3847,23750,30631,Nyctalus leisleri,0.008,0.023,-1,Echolocation,/mnt/ubna_data_01_mir/recover-20220825/UBNA_002/20220823_033000.WAV,Telephone Field,recover-20220825,002,1795
1604.3815,1604.3881,41796,57395,Myotis mystacinus,0.007,0.029,-1,Echolocation,/mnt/ubna_data_01_mir/recover-20220825/UBNA_002/20220823_033000.WAV,Telephone Field,recover-20220825,002,1795
1604.3815,1604.3895,27187,40759,Eptesicus serotinus,0.008,0.023,-1,Echolocation,/mnt/ubna_data_01_mir/recover-20220825/UBNA_002/20220823_033000.WAV,Telephone Field,recover-20220825,002,1795
1604.3855,1604.3965,22031,27137,Nyctalus leisleri,0.009,0.022,-1,Echolocation,/mnt/ubna_data_01_mir/recover-20220825/UBNA_002/20220823_033000.WAV,Telephone Field,recover-20220825,002,1795
1604.4145,1604.4243,24609,31208,Nyctalus leisleri,0.009,0.028,-1,Echolocation,/mnt/ubna_data_01_mir/recover-20220825/UBNA_002/20220823_033000.WAV,Telephone Field,recover-20220825,002,1795
1604.4245,1604.4361,28906,36107,Eptesicus serotinus,0.02,0.034,-1,Echolocation,/mnt/ubna_data_01_mir/recover-20220825/UBNA_002/20220823_033000.WAV,Telephone Field,recover-20220825,002,1795
1604.4555,1604.4949,68437,81933,Rhinolophus ferrumequinum,0.022,0.022,-1,Echolocation,/mnt/ubna_data_01_mir/recover-20220825/UBNA_002/20220823_033000.WAV,Telephone Field,recover-20220825,002,1795
1604.4595,1604.4666,25468,39840,Myotis nattereri,0.008,0.026,-1,Echolocation,/mnt/ubna_data_01_mir/recover-20220825/UBNA_002/20220823_033000.WAV,Telephone Field,recover-20220825,002,1795
1604.4805,1604.5262,68437,83547,Rhinolophus ferrumequinum,0.063,0.063,-1,Echolocation,/mnt/ubna_data_01_mir/recover-20220825/UBNA_002/20220823_033000.WAV,Telephone Field,recover-20220825,002,1795
1604.4845,1604.4924,28046,38922,Eptesicus serotinus,0.007,0.022,-1,Echolocation,/mnt/ubna_data_01_mir/recover-20220825/UBNA_002/20220823_033000.WAV,Telephone Field,recover-20220825,002,1795
1604.5615,1604.5724,44375,48563,Pipistrellus pipistrellus,0.034,0.04,-1,Echolocation,/mnt/ubna_data_01_mir/recover-20220825/UBNA_002/20220823_033000.WAV,Telephone Field,recover-20220825,002,1795
1604.5695,1604.611,68437,82873,Rhinolophus ferrumequinum,0.032,0.032,-1,Echolocation,/mnt/ubna_data_01_mir/recover-20220825/UBNA_002/20220823_033000.WAV,Telephone Field,recover-20220825,002,1795
1604.6235,1604.6632,68437,82785,Rhinolophus ferrumequinum,0.024,0.024,-1,Echolocation,/mnt/ubna_data_01_mir/recover-20220825/UBNA_002/20220823_033000.WAV,Telephone Field,recover-20220825,002,1795
1604.6675,1604.6724,38359,53114,Myotis daubentonii,0.006,0.027,-1,Echolocation,/mnt/ubna_data_01_mir/recover-20220825/UBNA_002/20220823_033000.WAV,Telephone Field,recover-20220825,002,1795
1604.6685,1604.6741,26328,46187,Myotis nattereri,0.007,0.023,-1,Echolocation,/mnt/ubna_data_01_mir/recover-20220825/UBNA_002/20220823_033000.WAV,Telephone Field,recover-20220825,002,1795
1604.6865,1604.7291,68437,82856,Rhinolophus ferrumequinum,0.034,0.034,-1,Echolocation,/mnt/ubna_data_01_mir/recover-20220825/UBNA_002/20220823_033000.WAV,Telephone Field,recover-20220825,002,1795
1604.7035,1604.7377,68437,80514,Rhinolophus ferrumequinum,0.022,0.022,-1,Echolocation,/mnt/ubna_data_01_mir/recover-20220825/UBNA_002/20220823_033000.WAV,Telephone Field,recover-20220825,002,1795
1604.7135,1604.7538,68437,82520,Rhinolophus ferrumequinum,0.033,0.033,-1,Echolocation,/mnt/ubna_data_01_mir/recover-20220825/UBNA_002/20220823_033000.WAV,Telephone Field,recover-20220825,002,1795
1604.7485,1604.7863,68437,82222,Rhinolophus ferrumequinum,0.028,0.028,-1,Echolocation,/mnt/ubna_data_01_mir/recover-20220825/UBNA_002/20220823_033000.WAV,Telephone Field,recover-20220825,002,1795
1604.7575,1604.7652,23750,32129,Plecotus austriacus,0.009,0.022,-1,Echolocation,/mnt/ubna_data_01_mir/recover-20220825/UBNA_002/20220823_033000.WAV,Telephone Field,recover-20220825,002,1795
1604.7575,1604.7991,68437,82714,Rhinolophus ferrumequinum,0.026,0.026,-1,Echolocation,/mnt/ubna_data_01_mir/recover-20220825/UBNA_002/20220823_033000.WAV,Telephone Field,recover-20220825,002,1795
1604.7715,1604.7837,39218,42871,Pipistrellus nathusii,0.011,0.022,-1,Echolocation,/mnt/ubna_data_01_mir/recover-20220825/UBNA_002/20220823_033000.WAV,Telephone Field,recover-20220825,002,1795
1604.7915,1604.8298,68437,82023,Rhinolophus ferrumequinum,0.044,0.044,-1,Echolocation,/mnt/ubna_data_01_mir/recover-20220825/UBNA_002/20220823_033000.WAV,Telephone Field,recover-20220825,002,1795
1604.8085,1604.8156,27187,41518,Eptesicus serotinus,0.006,0.023,-1,Echolocation,/mnt/ubna_data_01_mir/recover-20220825/UBNA_002/20220823_033000.WAV,Telephone Field,recover-20220825,002,1795
1604.8155,1604.854,68437,82231,Rhinolophus ferrumequinum,0.023,0.023,-1,Echolocation,/mnt/ubna_data_01_mir/recover-20220825/UBNA_002/20220823_033000.WAV,Telephone Field,recover-20220825,002,1795
1604.8485,1604.859,23750,29657,Nyctalus leisleri,0.009,0.022,-1,Echolocation,/mnt/ubna_data_01_mir/recover-20220825/UBNA_002/20220823_033000.WAV,Telephone Field,recover-20220825,002,1795
1604.8825,1604.9247,68437,83585,Rhinolophus ferrumequinum,0.025,0.025,-1,Echolocation,/mnt/ubna_data_01_mir/recover-20220825/UBNA_002/20220823_033000.WAV,Telephone Field,recover-20220825,002,1795
1604.9175,1604.9552,68437,81662,Rhinolophus ferrumequinum,0.022,0.022,-1,Echolocation,/mnt/ubna_data_01_mir/recover-20220825/UBNA_002/20220823_033000.WAV,Telephone Field,recover-20220825,002,1795
1604.9305,1604.9409,44375,51553,Pipistrellus pipistrellus,0.022,0.03,-1,Echolocation,/mnt/ubna_data_01_mir/recover-20220825/UBNA_002/20220823_033000.WAV,Telephone Field,recover-20220825,002,1795
1604.9325,1604.9698,68437,81220,Rhinolophus ferrumequinum,0.023,0.023,-1,Echolocation,/mnt/ubna_data_01_mir/recover-20220825/UBNA_002/20220823_033000.WAV,Telephone Field,recover-20220825,002,1795
1604.9605,1604.9704,47812,51569,Pipistrellus pipistrellus,0.027,0.029,-1,Echolocation,/mnt/ubna_data_01_mir/recover-20220825/UBNA_002/20220823_033000.WAV,Telephone Field,recover-20220825,002,1795
1604.9635,1605.0052,68437,83070,Rhinolophus ferrumequinum,0.039,0.039,-1,Echolocation,/mnt/ubna_data_01_mir/recover-20220825/UBNA_002/20220823_033000.WAV,Telephone Field,recover-20220825,002,1795
1604.9685,1604.9761,27187,41623,Eptesicus serotinus,0.008,0.027,-1,Echolocation,/mnt/ubna_data_01_mir/recover-20220825/UBNA_002/20220823_033000.WAV,Telephone Field,recover-20220825,002,1795
1605.0315,1605.0731,68437,82680,Rhinolophus ferrumequinum,0.023,0.023,-1,Echolocation,/mnt/ubna_data_01_mir/recover-20220825/UBNA_002/20220823_033000.WAV,Telephone Field,recover-20220825,002,1795
1605.0535,1605.0594,28046,41103,Myotis daubentonii,0.007,0.032,-1,Echolocation,/mnt/ubna_data_01_mir/recover-20220825/UBNA_002/20220823_033000.WAV,Telephone Field,recover-20220825,002,1795
1605.0685,1605.1075,68437,82117,Rhinolophus ferrumequinum,0.023,0.023,-1,Echolocation,/mnt/ubna_data_01_mir/recover-20220825/UBNA_002/20220823_033000.WAV,Telephone Field,recover-20220825,002,1795
1605.0815,1605.0922,22890,27525,Nyctalus leisleri,0.012,0.023,-1,Echolocation,/mnt/ubna_data_01_mir/recover-20220825/UBNA_002/20220823_033000.WAV,Telephone Field,recover-20220825,002,1795
1605.0935,1605.1048,42656,45868,Pipistrellus pipistrellus,0.041,0.046,-1,Echolocation,/mnt/ubna_data_01_mir/recover-20220825/UBNA_002/20220823_033000.WAV,Telephone Field,recover-20220825,002,1795
1605.1505,1605.1945,68437,83318,Rhinolophus ferrumequinum,0.028,0.028,-1,Echolocation,/mnt/ubna_data_01_mir/recover-20220825/UBNA_002/20220823_033000.WAV,Telephone Field,recover-20220825,002,1795
1605.1715,1605.1827,31484,38369,Eptesicus serotinus,0.014,0.032,-1,Echolocation,/mnt/ubna_data_01_mir/recover-20220825/UBNA_002/20220823_033000.WAV,Telephone Field,recover-20220825,002,1795
1605.1835,1605.2204,68437,81592,Rhinolophus ferrumequinum,0.023,0.023,-1,Echolocation,/mnt/ubna_data_01_mir/recover-20220825/UBNA_002/20220823_033000.WAV,Telephone Field,recover-20220825,002,1795
1605.2215,1605.2427,18593,22253,Nyctalus noctula,0.013,0.022,-1,Echolocation,/mnt/ubna_data_01_mir/recover-20220825/UBNA_002/20220823_033000.WAV,Telephone Field,recover-20220825,002,1795
1605.2225,1605.2307,28046,37177,Eptesicus serotinus,0.009,0.023,-1,Echolocation,/mnt/ubna_data_01_mir/recover-20220825/UBNA_002/20220823_033000.WAV,Telephone Field,recover-20220825,002,1795
1605.2235,1605.2612,68437,82489,Rhinolophus ferrumequinum,0.024,0.024,-1,Echolocation,/mnt/ubna_data_01_mir/recover-20220825/UBNA_002/20220823_033000.WAV,Telephone Field,recover-20220825,002,1795
1605.2385,1605.2799,68437,83467,Rhinolophus ferrumequinum,0.029,0.029,-1,Echolocation,/mnt/ubna_data_01_mir/recover-20220825/UBNA_002/20220823_033000.WAV,Telephone Field,recover-20220825,002,1795
1605.2785,1605.3178,68437,82382,Rhinolophus ferrumequinum,0.03,0.03,-1,Echolocation,/mnt/ubna_data_01_mir/recover-20220825/UBNA_002/20220823_033000.WAV,Telephone Field,recover-20220825,002,1795
1605.2985,1605.3094,22890,27146,Nyctalus leisleri,0.012,0.022,-1,Echolocation,/mnt/ubna_data_01_mir/recover-20220825/UBNA_002/20220823_033000.WAV,Telephone Field,recover-20220825,002,1795
1605.3005,1605.339,68437,82269,Rhinolophus ferrumequinum,0.025,0.025,-1,Echolocation,/mnt/ubna_data_01_mir/recover-20220825/UBNA_002/20220823_033000.WAV,Telephone Field,recover-20220825,002,1795
1605.3425,1605.3813,68437,82811,Rhinolophus ferrumequinum,0.026,0.026,-1,Echolocation,/mnt/ubna_data_01_mir/recover-20220825/UBNA_002/20220823_033000.WAV,Telephone Field,recover-20220825,002,1795
1605.3625,1605.3707,43515,54174,Pipistrellus pipistrellus,0.013,0.025,-1,Echolocation,/mnt/ubna_data_01_mir/recover-20220825/UBNA_002/20220823_033000.WAV,Telephone Field,recover-20220825,002,1795
1605.3625,1605.4049,68437,83126,Rhinolophus ferrumequinum,0.026,0.026,-1,Echolocation,/mnt/ubna_data_01_mir/recover-20220825/UBNA_002/20220823_033000.WAV,Telephone Field,recover-20220825,002,1795
1605.3765,1605.3967,20312,23420,Nyctalus leisleri,0.016,0.031,-1,Echolocation,/mnt/ubna_data_01_mir/recover-20220825/UBNA_002/20220823_033000.WAV,Telephone Field,recover-20220825,002,1795
1605.3965,1605.4025,45234,53098,Pipistrellus pipistrellus,0.022,0.024,-1,Echolocation,/mnt/ubna_data_01_mir/recover-20220825/UBNA_002/20220823_033000.WAV,Telephone Field,recover-20220825,002,1795
1605.4145,1605.4536,68437,82648,Rhinolophus ferrumequinum,0.022,0.022,-1,Echolocation,/mnt/ubna_data_01_mir/recover-20220825/UBNA_002/20220823_033000.WAV,Telephone Field,recover-20220825,002,1795
1605.4455,1605.4858,68437,82601,Rhinolophus ferrumequinum,0.022,0.023,-1,Echolocation,/mnt/ubna_data_01_mir/recover-20220825/UBNA_002/20220823_033000.WAV,Telephone Field,recover-20220825,002,1795
1605.4515,1605.4924,68437,82306,Rhinolophus ferrumequinum,0.023,0.023,-1,Echolocation,/mnt/ubna_data_01_mir/recover-20220825/UBNA_002/20220823_033000.WAV,Telephone Field,recover-20220825,002,1795
1605.4665,1605.4742,27187,38090,Eptesicus serotinus,0.01,0.03,-1,Echolocation,/mnt/ubna_data_01_mir/recover-20220825/UBNA_002/20220823_033000.WAV,Telephone Field,recover-20220825,002,1795
1605.4825,1605.5191,68437,81214,Rhinolophus ferrumequinum,0.023,0.023,-1,Echolocation,/mnt/ubna_data_01_mir/recover-20220825/UBNA_002/20220823_033000.WAV,Telephone Field,recover-20220825,002,1795
1605.5035,1605.5425,68437,82443,Rhinolophus ferrumequinum,0.021,0.021,-1,Echolocation,/mnt/ubna_data_01_mir/recover-20220825/UBNA_002/20220823_033000.WAV,Telephone Field,recover-20220825,002,1795
1605.5265,1605.5382,24609,30683,Nyctalus leisleri,0.01,0.027,-1,Echolocation,/mnt/ubna_data_01_mir/recover-20220825/UBNA_002/20220823_033000.WAV,Telephone Field,recover-20220825,002,1795
1605.5275,1605.5634,68437,81454,Rhinolophus ferrumequinum,0.021,0.021,-1,Echolocation,/mnt/ubna_data_01_mir/recover-20220825/UBNA_002/20220823_033000.WAV,Telephone Field,recover-20220825,002,1795
1605.5365,1605.5766,68437,81928,Rhinolophus ferrumequinum,0.024,0.024,-1,Echolocation,/mnt/ubna_data_01_mir/recover-20220825/UBNA_002/20220823_033000.WAV,Telephone Field,recover-20220825,002,1795
1605.5415,1605.5506,22890,29677,Plecotus austriacus,0.009,0.025,-1,Echolocation,/mnt/ubna_data_01_mir/recover-20220825/UBNA_002/20220823_033000.WAV,Telephone Field,recover-20220825,002,1795
1605.5915,1605.6305,68437,82268,Rhinolophus ferrumequinum,0.024,0.024,-1,Echolocation,/mnt/ubna_data_01_mir/recover-20220825/UBNA_002/20220823_033000.WAV,Telephone Field,recover-20220825,002,1795
1605.6055,1605.6436,68437,82213,Rhinolophus ferrumequinum,0.023,0.023,-1,Echolocation,/mnt/ubna_data_01_mir/recover-20220825/UBNA_002/20220823_033000.WAV,Telephone Field,recover-20220825,002,1795
1605.6235,1605.6622,68437,81853,Rhinolophus ferrumequinum,0.022,0.022,-1,Echolocation,/mnt/ubna_data_01_mir/recover-20220825/UBNA_002/20220823_033000.WAV,Telephone Field,recover-20220825,002,1795
1605.6485,1605.6896,68437,82966,Rhinolophus ferrumequinum,0.027,0.027,-1,Echolocation,/mnt/ubna_data_01_mir/recover-20220825/UBNA_002/20220823_033000.WAV,Telephone Field,recover-20220825,002,1795
1605.6805,1605.7217,68437,82670,Rhinolophus ferrumequinum,0.023,0.023,-1,Echolocation,/mnt/ubna_data_01_mir/recover-20220825/UBNA_002/20220823_033000.WAV,Telephone Field,recover-20220825,002,1795
1605.7015,1605.7391,68437,82265,Rhinolophus ferrumequinum,0.024,0.024,-1,Echolocation,/mnt/ubna_data_01_mir/recover-20220825/UBNA_002/20220823_033000.WAV,Telephone Field,recover-20220825,002,1795
1605.7055,1605.7115,46953,54603,Pipistrellus pipistrellus,0.021,0.022,-1,Echolocation,/mnt/ubna_data_01_mir/recover-20220825/UBNA_002/20220823_033000.WAV,Telephone Field,recover-20220825,002,1795
1605.7065,1605.7441,68437,81728,Rhinolophus ferrumequinum,0.023,0.023,-1,Echolocation,/mnt/ubna_data_01_mir/recover-20220825/UBNA_002/20220823_033000.WAV,Telephone Field,recover-20220825,002,1795
1605.7325,1605.7697,68437,81763,Rhinolophus ferrumequinum,0.024,0.024,-1,Echolocation,/mnt/ubna_data_01_mir/recover-20220825/UBNA_002/20220823_033000.WAV,Telephone Field,recover-20220825,002,1795
1605.7915,1605.8017,23750,30014,Nyctalus leisleri,0.011,0.025,-1,Echolocation,/mnt/ubna_data_01_mir/recover-20220825/UBNA_002/20220823_033000.WAV,Telephone Field,recover-20220825,002,1795
1605.8055,1605.8465,68437,82258,Rhinolophus ferrumequinum,0.036,0.036,-1,Echolocation,/mnt/ubna_data_01_mir/recover-20220825/UBNA_002/20220823_033000.WAV,Telephone Field,recover-20220825,002,1795
1605.8245,1605.8612,68437,82115,Rhinolophus ferrumequinum,0.023,0.023,-1,Echolocation,/mnt/ubna_data_01_mir/recover-20220825/UBNA_002/20220823_033000.WAV,Telephone Field,recover-20220825,002,1795
1605.8255,1605.8351,28046,35640,Eptesicus serotinus,0.009,0.022,-1,Echolocation,/mnt/ubna_data_01_mir/recover-20220825/UBNA_002/20220823_033000.WAV,Telephone Field,recover-20220825,002,1795
1605.8475,1605.8848,68437,81657,Rhinolophus ferrumequinum,0.023,0.023,-1,Echolocation,/mnt/ubna_data_01_mir/recover-20220825/UBNA_002/20220823_033000.WAV,Telephone Field,recover-20220825,002,1795
1605.8565,1605.8937,68437,81246,Rhinolophus ferrumequinum,0.025,0.025,-1,Echolocation,/mnt/ubna_data_01_mir/recover-20220825/UBNA_002/20220823_033000.WAV,Telephone Field,recover-20220825,002,1795
1605.8845,1605.8954,22031,26953,Nyctalus leisleri,0.01,0.023,-1,Echolocation,/mnt/ubna_data_01_mir/recover-20220825/UBNA_002/20220823_033000.WAV,Telephone Field,recover-20220825,002,1795
1605.8845,1605.8913,47812,54314,Pipistrellus pipistrellus,0.026,0.028,-1,Echolocation,/mnt/ubna_data_01_mir/recover-20220825/UBNA_002/20220823_033000.WAV,Telephone Field,recover-20220825,002,1795
1605.9145,1605.9538,68437,82099,Rhinolophus ferrumequinum,0.038,0.038,-1,Echolocation,/mnt/ubna_data_01_mir/recover-20220825/UBNA_002/20220823_033000.WAV,Telephone Field,recover-20220825,002,1795
1605.9285,1605.9636,68437,81218,Rhinolophus ferrumequinum,0.024,0.025,-1,Echolocation,/mnt/ubna_data_01_mir/recover-20220825/UBNA_002/20220823_033000.WAV,Telephone Field,recover-20220825,002,1795
1605.9485,1605.9549,45234,51477,Pipistrellus pipistrellus,0.025,0.026,-1,Echolocation,/mnt/ubna_data_01_mir/recover-20220825/UBNA_002/20220823_033000.WAV,Telephone Field,recover-20220825,002,1795
1605.9515,1605.9928,68437,82277,Rhinolophus ferrumequinum,0.025,0.025,-1,Echolocation,/mnt/ubna_data_01_mir/recover-20220825/UBNA_002/20220823_033000.WAV,Telephone Field,recover-20220825,002,1795
1605.9765,1605.9851,28046,38422,Eptesicus serotinus,0.01,0.024,-1,Echolocation,/mnt/ubna_data_01_mir/recover-20220825/UBNA_002/20220823_033000.WAV,Telephone Field,recover-20220825,002,1795
1606.0015,1606.0337,69296,81223,Rhinolophus ferrumequinum,0.025,0.025,-1,Echolocation,/mnt/ubna_data_01_mir/recover-20220825/UBNA_002/20220823_033000.WAV,Telephone Field,recover-20220825,002,1795
1606.0015,1606.0086000000001,47812,54143,Pipistrellus pipistrellus,0.023,0.028,-1,Echolocation,/mnt/ubna_data_01_mir/recover-20220825/UBNA_002/20220823_033000.WAV,Telephone Field,recover-20220825,002,1795
1606.0015,1606.0106,23750,30209,Nyctalus leisleri,0.011,0.028,-1,Echolocation,/mnt/ubna_data_01_mir/recover-20220825/UBNA_002/20220823_033000.WAV,Telephone Field,recover-20220825,002,1795
1606.0085,1606.0508,68437,82229,Rhinolophus ferrumequinum,0.021,0.022,-1,Echolocation,/mnt/ubna_data_01_mir/recover-20220825/UBNA_002/20220823_033000.WAV,Telephone Field,recover-20220825,002,1795
1606.0165,1606.025,28046,38450,Eptesicus serotinus,0.008,0.023,-1,Echolocation,/mnt/ubna_data_01_mir/recover-20220825/UBNA_002/20220823_033000.WAV,Telephone Field,recover-20220825,002,1795
1606.0365,1606.0791,68437,82919,Rhinolophus ferrumequinum,0.031,0.031,-1,Echolocation,/mnt/ubna_data_01_mir/recover-20220825/UBNA_002/20220823_033000.WAV,Telephone Field,recover-20220825,002,1795
1606.0425,1606.0505,28046,39342,Eptesicus serotinus,0.007,0.021,-1,Echolocation,/mnt/ubna_data_01_mir/recover-20220825/UBNA_002/20220823_033000.WAV,Telephone Field,recover-20220825,002,1795
1606.0425,1606.0513,22890,30023,Plecotus austriacus,0.008,0.021,-1,Echolocation,/mnt/ubna_data_01_mir/recover-20220825/UBNA_002/20220823_033000.WAV,Telephone Field,recover-20220825,002,1795
1606.0755,1606.0855999999999,28046,36701,Eptesicus serotinus,0.01,0.023,-1,Echolocation,/mnt/ubna_data_01_mir/recover-20220825/UBNA_002/20220823_033000.WAV,Telephone Field,recover-20220825,002,1795
1606.1015,1606.1097,28046,39281,Eptesicus serotinus,0.009,0.024,-1,Echolocation,/mnt/ubna_data_01_mir/recover-20220825/UBNA_002/20220823_033000.WAV,Telephone Field,recover-20220825,002,1795
1606.1195,1606.155,68437,81661,Rhinolophus ferrumequinum,0.021,0.021,-1,Echolocation,/mnt/ubna_data_01_mir/recover-20220825/UBNA_002/20220823_033000.WAV,Telephone Field,recover-20220825,002,1795
1606.1315,1606.1713,68437,81911,Rhinolophus ferrumequinum,0.021,0.021,-1,Echolocation,/mnt/ubna_data_01_mir/recover-20220825/UBNA_002/20220823_033000.WAV,Telephone Field,recover-20220825,002,1795
1606.1965,1606.2352,68437,82714,Rhinolophus ferrumequinum,0.024,0.024,-1,Echolocation,/mnt/ubna_data_01_mir/recover-20220825/UBNA_002/20220823_033000.WAV,Telephone Field,recover-20220825,002,1795
1606.2185,1606.2564,68437,81436,Rhinolophus ferrumequinum,0.031,0.031,-1,Echolocation,/mnt/ubna_data_01_mir/recover-20220825/UBNA_002/20220823_033000.WAV,Telephone Field,recover-20220825,002,1795
1606.2465,1606.2571,22890,28245,Nyctalus leisleri,0.009,0.021,-1,Echolocation,/mnt/ubna_data_01_mir/recover-20220825/UBNA_002/20220823_033000.WAV,Telephone Field,recover-20220825,002,1795
1606.2625,1606.2734,22890,28137,Nyctalus leisleri,0.01,0.021,-1,Echolocation,/mnt/ubna_data_01_mir/recover-20220825/UBNA_002/20220823_033000.WAV,Telephone Field,recover-20220825,002,1795
1606.2775,1606.294,21171,24638,Nyctalus leisleri,0.013,0.021,-1,Echolocation,/mnt/ubna_data_01_mir/recover-20220825/UBNA_002/20220823_033000.WAV,Telephone Field,recover-20220825,002,1795
1606.3185,1606.3603,68437,83056,Rhinolophus ferrumequinum,0.035,0.035,-1,Echolocation,/mnt/ubna_data_01_mir/recover-20220825/UBNA_002/20220823_033000.WAV,Telephone Field,recover-20220825,002,1795
1606.3525,1606.3942,68437,82533,Rhinolophus ferrumequinum,0.021,0.021,-1,Echolocation,/mnt/ubna_data_01_mir/recover-20220825/UBNA_002/20220823_033000.WAV,Telephone Field,recover-20220825,002,1795
1606.3915,1606.4296,68437,81682,Rhinolophus ferrumequinum,0.021,0.021,-1,Echolocation,/mnt/ubna_data_01_mir/recover-20220825/UBNA_002/20220823_033000.WAV,Telephone Field,recover-20220825,002,1795
1606.4155,1606.4517,68437,81507,Rhinolophus ferrumequinum,0.021,0.021,-1,Echolocation,/mnt/ubna_data_01_mir/recover-20220825/UBNA_002/20220823_033000.WAV,Telephone Field,recover-20220825,002,1795
1606.4365,1606.4776,68437,82933,Rhinolophus ferrumequinum,0.024,0.024,-1,Echolocation,/mnt/ubna_data_01_mir/recover-20220825/UBNA_002/20220823_033000.WAV,Telephone Field,recover-20220825,002,1795
1606.4465,1606.4827,68437,82410,Rhinolophus ferrumequinum,0.021,0.021,-1,Echolocation,/mnt/ubna_data_01_mir/recover-20220825/UBNA_002/20220823_033000.WAV,Telephone Field,recover-20220825,002,1795
1606.4625,1606.5021,68437,82015,Rhinolophus ferrumequinum,0.025,0.025,-1,Echolocation,/mnt/ubna_data_01_mir/recover-20220825/UBNA_002/20220823_033000.WAV,Telephone Field,recover-20220825,002,1795
1606.5075,1606.5167,40078,47311,Barbastellus barbastellus,0.006,0.021,-1,Echolocation,/mnt/ubna_data_01_mir/recover-20220825/UBNA_002/20220823_033000.WAV,Telephone Field,recover-20220825,002,1795
1606.5435,1606.582,68437,82315,Rhinolophus ferrumequinum,0.021,0.021,-1,Echolocation,/mnt/ubna_data_01_mir/recover-20220825/UBNA_002/20220823_033000.WAV,Telephone Field,recover-20220825,002,1795
1606.5515,1606.5623,24609,30690,Nyctalus leisleri,0.009,0.023,-1,Echolocation,/mnt/ubna_data_01_mir/recover-20220825/UBNA_002/20220823_033000.WAV,Telephone Field,recover-20220825,002,1795
1606.5565,1606.5963,68437,82512,Rhinolophus ferrumequinum,0.022,0.022,-1,Echolocation,/mnt/ubna_data_01_mir/recover-20220825/UBNA_002/20220823_033000.WAV,Telephone Field,recover-20220825,002,1795
1606.5785,1606.5882,45234,49754,Pipistrellus pipistrellus,0.019,0.021,-1,Echolocation,/mnt/ubna_data_01_mir/recover-20220825/UBNA_002/20220823_033000.WAV,Telephone Field,recover-20220825,002,1795
1606.6195,1606.6608,68437,82675,Rhinolophus ferrumequinum,0.021,0.021,-1,Echolocation,/mnt/ubna_data_01_mir/recover-20220825/UBNA_002/20220823_033000.WAV,Telephone Field,recover-20220825,002,1795
1606.6415,1606.6775,68437,81637,Rhinolophus ferrumequinum,0.022,0.022,-1,Echolocation,/mnt/ubna_data_01_mir/recover-20220825/UBNA_002/20220823_033000.WAV,Telephone Field,recover-20220825,002,1795
1606.6635,1606.7021,68437,82324,Rhinolophus ferrumequinum,0.022,0.022,-1,Echolocation,/mnt/ubna_data_01_mir/recover-20220825/UBNA_002/20220823_033000.WAV,Telephone Field,recover-20220825,002,1795
1606.6745,1606.683,28046,38968,Eptesicus serotinus,0.008,0.022,-1,Echolocation,/mnt/ubna_data_01_mir/recover-20220825/UBNA_002/20220823_033000.WAV,Telephone Field,recover-20220825,002,1795
1606.6865,1606.7253,68437,81886,Rhinolophus ferrumequinum,0.022,0.022,-1,Echolocation,/mnt/ubna_data_01_mir/recover-20220825/UBNA_002/20220823_033000.WAV,Telephone Field,recover-20220825,002,1795
1606.7045,1606.7146,22890,29599,Nyctalus leisleri,0.01,0.026,-1,Echolocation,/mnt/ubna_data_01_mir/recover-20220825/UBNA_002/20220823_033000.WAV,Telephone Field,recover-20220825,002,1795
1606.7255,1606.7653,68437,82344,Rhinolophus ferrumequinum,0.028,0.028,-1,Echolocation,/mnt/ubna_data_01_mir/recover-20220825/UBNA_002/20220823_033000.WAV,Telephone Field,recover-20220825,002,1795
1606.7485,1606.7866,68437,81431,Rhinolophus ferrumequinum,0.021,0.021,-1,Echolocation,/mnt/ubna_data_01_mir/recover-20220825/UBNA_002/20220823_033000.WAV,Telephone Field,recover-20220825,002,1795
1606.7815,1606.7909,27187,36695,Eptesicus serotinus,0.009,0.021,-1,Echolocation,/mnt/ubna_data_01_mir/recover-20220825/UBNA_002/20220823_033000.WAV,Telephone Field,recover-20220825,002,1795
1606.7985,1606.8065,28046,40002,Eptesicus serotinus,0.009,0.023,-1,Echolocation,/mnt/ubna_data_01_mir/recover-20220825/UBNA_002/20220823_033000.WAV,Telephone Field,recover-20220825,002,1795
1606.8175,1606.8265,28046,39198,Eptesicus serotinus,0.009,0.021,-1,Echolocation,/mnt/ubna_data_01_mir/recover-20220825/UBNA_002/20220823_033000.WAV,Telephone Field,recover-20220825,002,1795
1606.8175,1606.8573,68437,82473,Rhinolophus ferrumequinum,0.022,0.022,-1,Echolocation,/mnt/ubna_data_01_mir/recover-20220825/UBNA_002/20220823_033000.WAV,Telephone Field,recover-20220825,002,1795
1606.8805,1606.9224,68437,82957,Rhinolophus ferrumequinum,0.031,0.031,-1,Echolocation,/mnt/ubna_data_01_mir/recover-20220825/UBNA_002/20220823_033000.WAV,Telephone Field,recover-20220825,002,1795
1606.9105,1606.9485,68437,82011,Rhinolophus ferrumequinum,0.023,0.023,-1,Echolocation,/mnt/ubna_data_01_mir/recover-20220825/UBNA_002/20220823_033000.WAV,Telephone Field,recover-20220825,002,1795
1606.9215,1606.9622,68437,82975,Rhinolophus ferrumequinum,0.025,0.025,-1,Echolocation,/mnt/ubna_data_01_mir/recover-20220825/UBNA_002/20220823_033000.WAV,Telephone Field,recover-20220825,002,1795
1606.9395,1606.979,68437,82317,Rhinolophus ferrumequinum,0.021,0.021,-1,Echolocation,/mnt/ubna_data_01_mir/recover-20220825/UBNA_002/20220823_033000.WAV,Telephone Field,recover-20220825,002,1795
1606.9865,1606.9936,27187,43561,Eptesicus serotinus,0.007,0.022,-1,Echolocation,/mnt/ubna_data_01_mir/recover-20220825/UBNA_002/20220823_033000.WAV,Telephone Field,recover-20220825,002,1795
1607.0015,1607.0375,68437,81497,Rhinolophus ferrumequinum,0.021,0.021,-1,Echolocation,/mnt/ubna_data_01_mir/recover-20220825/UBNA_002/20220823_033000.WAV,Telephone Field,recover-20220825,002,1795
1607.0225,1607.0325,22890,29589,Nyctalus leisleri,0.007,0.021,-1,Echolocation,/mnt/ubna_data_01_mir/recover-20220825/UBNA_002/20220823_033000.WAV,Telephone Field,recover-20220825,002,1795
1607.0255,1607.0654,68437,82069,Rhinolophus ferrumequinum,0.024,0.024,-1,Echolocation,/mnt/ubna_data_01_mir/recover-20220825/UBNA_002/20220823_033000.WAV,Telephone Field,recover-20220825,002,1795
1607.0435,1607.0558,37500,42598,Pipistrellus nathusii,0.014,0.03,-1,Echolocation,/mnt/ubna_data_01_mir/recover-20220825/UBNA_002/20220823_033000.WAV,Telephone Field,recover-20220825,002,1795
1607.0465,1607.0891,68437,83156,Rhinolophus ferrumequinum,0.024,0.024,-1,Echolocation,/mnt/ubna_data_01_mir/recover-20220825/UBNA_002/20220823_033000.WAV,Telephone Field,recover-20220825,002,1795
1607.0485,1607.0574,28046,40954,Eptesicus serotinus,0.008,0.021,-1,Echolocation,/mnt/ubna_data_01_mir/recover-20220825/UBNA_002/20220823_033000.WAV,Telephone Field,recover-20220825,002,1795
1607.0895,1607.1277,68437,81927,Rhinolophus ferrumequinum,0.02,0.02,-1,Echolocation,/mnt/ubna_data_01_mir/recover-20220825/UBNA_002/20220823_033000.WAV,Telephone Field,recover-20220825,002,1795
1607.0945,1607.132,68437,81723,Rhinolophus ferrumequinum,0.021,0.021,-1,Echolocation,/mnt/ubna_data_01_mir/recover-20220825/UBNA_002/20220823_033000.WAV,Telephone Field,recover-20220825,002,1795
1607.1425,1607.1508,41796,53225,Myotis daubentonii,0.004,0.022,-1,Echolocation,/mnt/ubna_data_01_mir/recover-20220825/UBNA_002/20220823_033000.WAV,Telephone Field,recover-20220825,002,1795
1607.1435,1607.187,68437,82904,Rhinolophus ferrumequinum,0.035,0.035,-1,Echolocation,/mnt/ubna_data_01_mir/recover-20220825/UBNA_002/20220823_033000.WAV,Telephone Field,recover-20220825,002,1795
1607.1695,1607.1765,28046,42097,Eptesicus serotinus,0.007,0.024,-1,Echolocation,/mnt/ubna_data_01_mir/recover-20220825/UBNA_002/20220823_033000.WAV,Telephone Field,recover-20220825,002,1795
1607.1895,1607.2274,68437,82219,Rhinolophus ferrumequinum,0.023,0.024,-1,Echolocation,/mnt/ubna_data_01_mir/recover-20220825/UBNA_002/20220823_033000.WAV,Telephone Field,recover-20220825,002,1795
1607.2285,1607.2702,68437,83271,Rhinolophus ferrumequinum,0.028,0.028,-1,Echolocation,/mnt/ubna_data_01_mir/recover-20220825/UBNA_002/20220823_033000.WAV,Telephone Field,recover-20220825,002,1795
1607.2305,1607.2385,45234,57406,Pipistrellus pipistrellus,0.013,0.021,-1,Echolocation,/mnt/ubna_data_01_mir/recover-20220825/UBNA_002/20220823_033000.WAV,Telephone Field,recover-20220825,002,1795
1607.2625,1607.3016,68437,82141,Rhinolophus ferrumequinum,0.023,0.023,-1,Echolocation,/mnt/ubna_data_01_mir/recover-20220825/UBNA_002/20220823_033000.WAV,Telephone Field,recover-20220825,002,1795
1607.2875,1607.2965,28046,39930,Eptesicus serotinus,0.011,0.027,-1,Echolocation,/mnt/ubna_data_01_mir/recover-20220825/UBNA_002/20220823_033000.WAV,Telephone Field,recover-20220825,002,1795
1607.2945,1607.3103,21171,24333,Nyctalus leisleri,0.014,0.023,-1,Echolocation,/mnt/ubna_data_01_mir/recover-20220825/UBNA_002/20220823_033000.WAV,Telephone Field,recover-20220825,002,1795
1607.3125,1607.3541,68437,82784,Rhinolophus ferrumequinum,0.026,0.026,-1,Echolocation,/mnt/ubna_data_01_mir/recover-20220825/UBNA_002/20220823_033000.WAV,Telephone Field,recover-20220825,002,1795
1607.3345,1607.374,68437,82506,Rhinolophus ferrumequinum,0.023,0.023,-1,Echolocation,/mnt/ubna_data_01_mir/recover-20220825/UBNA_002/20220823_033000.WAV,Telephone Field,recover-20220825,002,1795
1607.3795,1607.3877,24609,32514,Eptesicus serotinus,0.006,0.021,-1,Echolocation,/mnt/ubna_data_01_mir/recover-20220825/UBNA_002/20220823_033000.WAV,Telephone Field,recover-20220825,002,1795
1607.3965,1607.4046,48671,53138,Pipistrellus pipistrellus,0.038,0.04,-1,Echolocation,/mnt/ubna_data_01_mir/recover-20220825/UBNA_002/20220823_033000.WAV,Telephone Field,recover-20220825,002,1795
1607.4165,1607.4265,28046,36189,Eptesicus serotinus,0.012,0.026,-1,Echolocation,/mnt/ubna_data_01_mir/recover-20220825/UBNA_002/20220823_033000.WAV,Telephone Field,recover-20220825,002,1795
1607.4485,1607.4574,24609,32496,Eptesicus serotinus,0.008,0.022,-1,Echolocation,/mnt/ubna_data_01_mir/recover-20220825/UBNA_002/20220823_033000.WAV,Telephone Field,recover-20220825,002,1795
1607.4545,1607.4931,68437,82189,Rhinolophus ferrumequinum,0.02,0.021,-1,Echolocation,/mnt/ubna_data_01_mir/recover-20220825/UBNA_002/20220823_033000.WAV,Telephone Field,recover-20220825,002,1795
1607.4745,1607.5119,68437,82139,Rhinolophus ferrumequinum,0.021,0.021,-1,Echolocation,/mnt/ubna_data_01_mir/recover-20220825/UBNA_002/20220823_033000.WAV,Telephone Field,recover-20220825,002,1795
1607.4845,1607.4923,23750,32817,Plecotus austriacus,0.014,0.03,-1,Echolocation,/mnt/ubna_data_01_mir/recover-20220825/UBNA_002/20220823_033000.WAV,Telephone Field,recover-20220825,002,1795
1607.4845,1607.5207,68437,81584,Rhinolophus ferrumequinum,0.021,0.021,-1,Echolocation,/mnt/ubna_data_01_mir/recover-20220825/UBNA_002/20220823_033000.WAV,Telephone Field,recover-20220825,002,1795
1607.4915,1607.5252,68437,81098,Rhinolophus ferrumequinum,0.021,0.021,-1,Echolocation,/mnt/ubna_data_01_mir/recover-20220825/UBNA_002/20220823_033000.WAV,Telephone Field,recover-20220825,002,1795
1607.5005,1607.5383,68437,81849,Rhinolophus ferrumequinum,0.021,0.021,-1,Echolocation,/mnt/ubna_data_01_mir/recover-20220825/UBNA_002/20220823_033000.WAV,Telephone Field,recover-20220825,002,1795
1607.5035,1607.5114,27187,35432,Eptesicus serotinus,0.01,0.025,-1,Echolocation,/mnt/ubna_data_01_mir/recover-20220825/UBNA_002/20220823_033000.WAV,Telephone Field,recover-20220825,002,1795
1607.5355,1607.5739,68437,82290,Rhinolophus ferrumequinum,0.022,0.022,-1,Echolocation,/mnt/ubna_data_01_mir/recover-20220825/UBNA_002/20220823_033000.WAV,Telephone Field,recover-20220825,002,1795
1607.5625,1607.5697,25468,37678,Eptesicus serotinus,0.005,0.021,-1,Echolocation,/mnt/ubna_data_01_mir/recover-20220825/UBNA_002/20220823_033000.WAV,Telephone Field,recover-20220825,002,1795
1607.5925,1607.6307,68437,82121,Rhinolophus ferrumequinum,0.022,0.022,-1,Echolocation,/mnt/ubna_data_01_mir/recover-20220825/UBNA_002/20220823_033000.WAV,Telephone Field,recover-20220825,002,1795
1607.6225,1607.6652,68437,83019,Rhinolophus ferrumequinum,0.024,0.024,-1,Echolocation,/mnt/ubna_data_01_mir/recover-20220825/UBNA_002/20220823_033000.WAV,Telephone Field,recover-20220825,002,1795
1607.6335,1607.6731,68437,82309,Rhinolophus ferrumequinum,0.024,0.024,-1,Echolocation,/mnt/ubna_data_01_mir/recover-20220825/UBNA_002/20220823_033000.WAV,Telephone Field,recover-20220825,002,1795
1607.6455,1607.6877,68437,82534,Rhinolophus ferrumequinum,0.021,0.021,-1,Echolocation,/mnt/ubna_data_01_mir/recover-20220825/UBNA_002/20220823_033000.WAV,Telephone Field,recover-20220825,002,1795
1607.6985,1607.734,68437,80985,Rhinolophus ferrumequinum,0.021,0.021,-1,Echolocation,/mnt/ubna_data_01_mir/recover-20220825/UBNA_002/20220823_033000.WAV,Telephone Field,recover-20220825,002,1795
1607.7145,1607.7529,68437,81763,Rhinolophus ferrumequinum,0.023,0.023,-1,Echolocation,/mnt/ubna_data_01_mir/recover-20220825/UBNA_002/20220823_033000.WAV,Telephone Field,recover-20220825,002,1795
1607.7265,1607.737,24609,31781,Eptesicus serotinus,0.009,0.027,-1,Echolocation,/mnt/ubna_data_01_mir/recover-20220825/UBNA_002/20220823_033000.WAV,Telephone Field,recover-20220825,002,1795
1607.7345,1607.7427,28046,38541,Eptesicus serotinus,0.008,0.024,-1,Echolocation,/mnt/ubna_data_01_mir/recover-20220825/UBNA_002/20220823_033000.WAV,Telephone Field,recover-20220825,002,1795
1607.7605,1607.7688,27187,40443,Eptesicus serotinus,0.008,0.021,-1,Echolocation,/mnt/ubna_data_01_mir/recover-20220825/UBNA_002/20220823_033000.WAV,Telephone Field,recover-20220825,002,1795
1607.8265,1607.8647,68437,82700,Rhinolophus ferrumequinum,0.023,0.023,-1,Echolocation,/mnt/ubna_data_01_mir/recover-20220825/UBNA_002/20220823_033000.WAV,Telephone Field,recover-20220825,002,1795
1607.8575,1607.8952,68437,81839,Rhinolophus ferrumequinum,0.023,0.023,-1,Echolocation,/mnt/ubna_data_01_mir/recover-20220825/UBNA_002/20220823_033000.WAV,Telephone Field,recover-20220825,002,1795
1607.8695,1607.9127,68437,83640,Rhinolophus ferrumequinum,0.029,0.029,-1,Echolocation,/mnt/ubna_data_01_mir/recover-20220825/UBNA_002/20220823_033000.WAV,Telephone Field,recover-20220825,002,1795
1607.8735,1607.8818,27187,38715,Eptesicus serotinus,0.008,0.021,-1,Echolocation,/mnt/ubna_data_01_mir/recover-20220825/UBNA_002/20220823_033000.WAV,Telephone Field,recover-20220825,002,1795
1607.9125,1607.9514,68437,82119,Rhinolophus ferrumequinum,0.023,0.023,-1,Echolocation,/mnt/ubna_data_01_mir/recover-20220825/UBNA_002/20220823_033000.WAV,Telephone Field,recover-20220825,002,1795
1607.9365,1607.9457,28046,40084,Eptesicus serotinus,0.008,0.021,-1,Echolocation,/mnt/ubna_data_01_mir/recover-20220825/UBNA_002/20220823_033000.WAV,Telephone Field,recover-20220825,002,1795
1607.9825,1607.9913,22890,30548,Plecotus austriacus,0.009,0.023,-1,Echolocation,/mnt/ubna_data_01_mir/recover-20220825/UBNA_002/20220823_033000.WAV,Telephone Field,recover-20220825,002,1795
1608.0015,1608.0107,24609,31692,Nyctalus leisleri,0.011,0.029,-1,Echolocation,/mnt/ubna_data_01_mir/recover-20220825/UBNA_002/20220823_033000.WAV,Telephone Field,recover-20220825,002,1795
1608.0025,1608.0414,68437,82171,Rhinolophus ferrumequinum,0.024,0.024,-1,Echolocation,/mnt/ubna_data_01_mir/recover-20220825/UBNA_002/20220823_033000.WAV,Telephone Field,recover-20220825,002,1795
1608.0095,1608.0518,68437,82189,Rhinolophus ferrumequinum,0.024,0.024,-1,Echolocation,/mnt/ubna_data_01_mir/recover-20220825/UBNA_002/20220823_033000.WAV,Telephone Field,recover-20220825,002,1795
1608.0395,1608.0534,37500,41294,Pipistrellus nathusii,0.02,0.027,-1,Echolocation,/mnt/ubna_data_01_mir/recover-20220825/UBNA_002/20220823_033000.WAV,Telephone Field,recover-20220825,002,1795
1608.0505,1608.09,68437,82398,Rhinolophus ferrumequinum,0.023,0.023,-1,Echolocation,/mnt/ubna_data_01_mir/recover-20220825/UBNA_002/20220823_033000.WAV,Telephone Field,recover-20220825,002,1795
1608.0665,1608.074,27187,36653,Eptesicus serotinus,0.008,0.024,-1,Echolocation,/mnt/ubna_data_01_mir/recover-20220825/UBNA_002/20220823_033000.WAV,Telephone Field,recover-20220825,002,1795
1608.0825,1608.1237,68437,82417,Rhinolophus ferrumequinum,0.022,0.022,-1,Echolocation,/mnt/ubna_data_01_mir/recover-20220825/UBNA_002/20220823_033000.WAV,Telephone Field,recover-20220825,002,1795
1608.1085,1608.1518,68437,82814,Rhinolophus ferrumequinum,0.025,0.025,-1,Echolocation,/mnt/ubna_data_01_mir/recover-20220825/UBNA_002/20220823_033000.WAV,Telephone Field,recover-20220825,002,1795
1608.1095,1608.1206,45234,48982,Pipistrellus pipistrellus,0.024,0.027,-1,Echolocation,/mnt/ubna_data_01_mir/recover-20220825/UBNA_002/20220823_033000.WAV,Telephone Field,recover-20220825,002,1795
1608.1675,1608.2091,68437,82703,Rhinolophus ferrumequinum,0.03,0.03,-1,Echolocation,/mnt/ubna_data_01_mir/recover-20220825/UBNA_002/20220823_033000.WAV,Telephone Field,recover-20220825,002,1795
1608.1945,1608.2343,68437,82714,Rhinolophus ferrumequinum,0.026,0.026,-1,Echolocation,/mnt/ubna_data_01_mir/recover-20220825/UBNA_002/20220823_033000.WAV,Telephone Field,recover-20220825,002,1795
1608.2005,1608.2098,28906,38276,Eptesicus serotinus,0.009,0.026,-1,Echolocation,/mnt/ubna_data_01_mir/recover-20220825/UBNA_002/20220823_033000.WAV,Telephone Field,recover-20220825,002,1795
1608.2165,1608.2239,47812,56872,Pipistrellus pipistrellus,0.019,0.028,-1,Echolocation,/mnt/ubna_data_01_mir/recover-20220825/UBNA_002/20220823_033000.WAV,Telephone Field,recover-20220825,002,1795
1608.2435,1608.2538,22031,26974,Nyctalus leisleri,0.009,0.022,-1,Echolocation,/mnt/ubna_data_01_mir/recover-20220825/UBNA_002/20220823_033000.WAV,Telephone Field,recover-20220825,002,1795
1608.2445,1608.2848,68437,82287,Rhinolophus ferrumequinum,0.023,0.023,-1,Echolocation,/mnt/ubna_data_01_mir/recover-20220825/UBNA_002/20220823_033000.WAV,Telephone Field,recover-20220825,002,1795
1608.2615,1608.3024,68437,82141,Rhinolophus ferrumequinum,0.03,0.03,-1,Echolocation,/mnt/ubna_data_01_mir/recover-20220825/UBNA_002/20220823_033000.WAV,Telephone Field,recover-20220825,002,1795
1608.2835,1608.3215,68437,81819,Rhinolophus ferrumequinum,0.023,0.023,-1,Echolocation,/mnt/ubna_data_01_mir/recover-20220825/UBNA_002/20220823_033000.WAV,Telephone Field,recover-20220825,002,1795
1608.2875,1608.2943,27187,41420,Eptesicus serotinus,0.007,0.027,-1,Echolocation,/mnt/ubna_data_01_mir/recover-20220825/UBNA_002/20220823_033000.WAV,Telephone Field,recover-20220825,002,1795
1608.3095,1608.3168,46093,56488,Pipistrellus pipistrellus,0.013,0.023,-1,Echolocation,/mnt/ubna_data_01_mir/recover-20220825/UBNA_002/20220823_033000.WAV,Telephone Field,recover-20220825,002,1795
1608.3115,1608.3188,25468,34092,Eptesicus serotinus,0.006,0.023,-1,Echolocation,/mnt/ubna_data_01_mir/recover-20220825/UBNA_002/20220823_033000.WAV,Telephone Field,recover-20220825,002,1795
1608.3175,1608.3297,21171,24358,Nyctalus leisleri,0.014,0.022,-1,Echolocation,/mnt/ubna_data_01_mir/recover-20220825/UBNA_002/20220823_033000.WAV,Telephone Field,recover-20220825,002,1795
1608.3335,1608.378,68437,83376,Rhinolophus ferrumequinum,0.029,0.029,-1,Echolocation,/mnt/ubna_data_01_mir/recover-20220825/UBNA_002/20220823_033000.WAV,Telephone Field,recover-20220825,002,1795
1608.3345,1608.3449,26328,34554,Eptesicus serotinus,0.008,0.023,-1,Echolocation,/mnt/ubna_data_01_mir/recover-20220825/UBNA_002/20220823_033000.WAV,Telephone Field,recover-20220825,002,1795
1608.3425,1608.3522,27187,36536,Eptesicus serotinus,0.009,0.026,-1,Echolocation,/mnt/ubna_data_01_mir/recover-20220825/UBNA_002/20220823_033000.WAV,Telephone Field,recover-20220825,002,1795
1608.3585,1608.3969,68437,82192,Rhinolophus ferrumequinum,0.023,0.023,-1,Echolocation,/mnt/ubna_data_01_mir/recover-20220825/UBNA_002/20220823_033000.WAV,Telephone Field,recover-20220825,002,1795
1608.3795,1608.3865,28046,38126,Eptesicus serotinus,0.006,0.023,-1,Echolocation,/mnt/ubna_data_01_mir/recover-20220825/UBNA_002/20220823_033000.WAV,Telephone Field,recover-20220825,002,1795
1608.3895,1608.43,68437,82702,Rhinolophus ferrumequinum,0.024,0.024,-1,Echolocation,/mnt/ubna_data_01_mir/recover-20220825/UBNA_002/20220823_033000.WAV,Telephone Field,recover-20220825,002,1795
1608.4005,1608.4154,22031,25837,Nyctalus leisleri,0.015,0.024,-1,Echolocation,/mnt/ubna_data_01_mir/recover-20220825/UBNA_002/20220823_033000.WAV,Telephone Field,recover-20220825,002,1795
1608.4265,1608.4645,68437,82351,Rhinolophus ferrumequinum,0.023,0.023,-1,Echolocation,/mnt/ubna_data_01_mir/recover-20220825/UBNA_002/20220823_033000.WAV,Telephone Field,recover-20220825,002,1795
1608.4495,1608.4575,28046,38518,Eptesicus serotinus,0.007,0.023,-1,Echolocation,/mnt/ubna_data_01_mir/recover-20220825/UBNA_002/20220823_033000.WAV,Telephone Field,recover-20220825,002,1795
1608.4655,1608.5023,68437,81284,Rhinolophus ferrumequinum,0.022,0.023,-1,Echolocation,/mnt/ubna_data_01_mir/recover-20220825/UBNA_002/20220823_033000.WAV,Telephone Field,recover-20220825,002,1795
1608.4685,1608.4769000000001,27187,38936,Eptesicus serotinus,0.007,0.022,-1,Echolocation,/mnt/ubna_data_01_mir/recover-20220825/UBNA_002/20220823_033000.WAV,Telephone Field,recover-20220825,002,1795
1608.4815,1608.5183,68437,81990,Rhinolophus ferrumequinum,0.024,0.024,-1,Echolocation,/mnt/ubna_data_01_mir/recover-20220825/UBNA_002/20220823_033000.WAV,Telephone Field,recover-20220825,002,1795
1608.4905,1608.5004,22890,30243,Nyctalus leisleri,0.008,0.027,-1,Echolocation,/mnt/ubna_data_01_mir/recover-20220825/UBNA_002/20220823_033000.WAV,Telephone Field,recover-20220825,002,1795
1608.5015,1608.5393,68437,81648,Rhinolophus ferrumequinum,0.024,0.024,-1,Echolocation,/mnt/ubna_data_01_mir/recover-20220825/UBNA_002/20220823_033000.WAV,Telephone Field,recover-20220825,002,1795
1608.5855,1608.5936,51250,58487,Pipistrellus pipistrellus,0.019,0.025,-1,Echolocation,/mnt/ubna_data_01_mir/recover-20220825/UBNA_002/20220823_033000.WAV,Telephone Field,recover-20220825,002,1795
1608.6065,1608.6439,68437,81171,Rhinolophus ferrumequinum,0.038,0.038,-1,Echolocation,/mnt/ubna_data_01_mir/recover-20220825/UBNA_002/20220823_033000.WAV,Telephone Field,recover-20220825,002,1795
1608.6095,1608.6231,22031,25926,Nyctalus leisleri,0.015,0.025,-1,Echolocation,/mnt/ubna_data_01_mir/recover-20220825/UBNA_002/20220823_033000.WAV,Telephone Field,recover-20220825,002,1795
1608.6315,1608.6373,35781,50820,Myotis daubentonii,0.009,0.022,-1,Echolocation,/mnt/ubna_data_01_mir/recover-20220825/UBNA_002/20220823_033000.WAV,Telephone Field,recover-20220825,002,1795
1608.6775,1608.7171,68437,82056,Rhinolophus ferrumequinum,0.025,0.025,-1,Echolocation,/mnt/ubna_data_01_mir/recover-20220825/UBNA_002/20220823_033000.WAV,Telephone Field,recover-20220825,002,1795
1608.7025,1608.7422,68437,82383,Rhinolophus ferrumequinum,0.023,0.023,-1,Echolocation,/mnt/ubna_data_01_mir/recover-20220825/UBNA_002/20220823_033000.WAV,Telephone Field,recover-20220825,002,1795
1608.7035,1608.7125,27187,38004,Eptesicus serotinus,0.007,0.022,-1,Echolocation,/mnt/ubna_data_01_mir/recover-20220825/UBNA_002/20220823_033000.WAV,Telephone Field,recover-20220825,002,1795
1608.7625,1608.7708,59843,65436,Pipistrellus pygmaeus,0.022,0.022,-1,Echolocation,/mnt/ubna_data_01_mir/recover-20220825/UBNA_002/20220823_033000.WAV,Telephone Field,recover-20220825,002,1795
1608.7675,1608.7772,28906,37570,Eptesicus serotinus,0.011,0.026,-1,Echolocation,/mnt/ubna_data_01_mir/recover-20220825/UBNA_002/20220823_033000.WAV,Telephone Field,recover-20220825,002,1795
1608.8025,1608.8384,68437,81580,Rhinolophus ferrumequinum,0.025,0.025,-1,Echolocation,/mnt/ubna_data_01_mir/recover-20220825/UBNA_002/20220823_033000.WAV,Telephone Field,recover-20220825,002,1795
1608.8055,1608.8157,27187,35572,Eptesicus serotinus,0.009,0.022,-1,Echolocation,/mnt/ubna_data_01_mir/recover-20220825/UBNA_002/20220823_033000.WAV,Telephone Field,recover-20220825,002,1795
1608.8155,1608.853,68437,82101,Rhinolophus ferrumequinum,0.023,0.023,-1,Echolocation,/mnt/ubna_data_01_mir/recover-20220825/UBNA_002/20220823_033000.WAV,Telephone Field,recover-20220825,002,1795
1608.8385,1608.8538,15156,21591,Nyctalus noctula,0.049,0.061,-1,Echolocation,/mnt/ubna_data_01_mir/recover-20220825/UBNA_002/20220823_033000.WAV,Telephone Field,recover-20220825,002,1795
1608.8525,1608.8908,68437,81793,Rhinolophus ferrumequinum,0.023,0.023,-1,Echolocation,/mnt/ubna_data_01_mir/recover-20220825/UBNA_002/20220823_033000.WAV,Telephone Field,recover-20220825,002,1795
1608.8535,1608.8627,26328,34985,Eptesicus serotinus,0.01,0.022,-1,Echolocation,/mnt/ubna_data_01_mir/recover-20220825/UBNA_002/20220823_033000.WAV,Telephone Field,recover-20220825,002,1795
1608.8875,1608.8941,24609,36136,Plecotus austriacus,0.012,0.031,-1,Echolocation,/mnt/ubna_data_01_mir/recover-20220825/UBNA_002/20220823_033000.WAV,Telephone Field,recover-20220825,002,1795
1608.9305,1608.9678,68437,81933,Rhinolophus ferrumequinum,0.022,0.022,-1,Echolocation,/mnt/ubna_data_01_mir/recover-20220825/UBNA_002/20220823_033000.WAV,Telephone Field,recover-20220825,002,1795
1608.9415,1608.9572,26328,32878,Eptesicus serotinus,0.021,0.036,-1,Echolocation,/mnt/ubna_data_01_mir/recover-20220825/UBNA_002/20220823_033000.WAV,Telephone Field,recover-20220825,002,1795
1608.9925,1609.0305,68437,81788,Rhinolophus ferrumequinum,0.022,0.022,-1,Echolocation,/mnt/ubna_data_01_mir/recover-20220825/UBNA_002/20220823_033000.WAV,Telephone Field,recover-20220825,002,1795
1609.0395,1609.0789,68437,81932,Rhinolophus ferrumequinum,0.032,0.032,-1,Echolocation,/mnt/ubna_data_01_mir/recover-20220825/UBNA_002/20220823_033000.WAV,Telephone Field,recover-20220825,002,1795
1609.0405,1609.0481,24609,36962,Myotis nattereri,0.007,0.024,-1,Echolocation,/mnt/ubna_data_01_mir/recover-20220825/UBNA_002/20220823_033000.WAV,Telephone Field,recover-20220825,002,1795
1609.0475,1609.0546,27187,36801,Eptesicus serotinus,0.006,0.023,-1,Echolocation,/mnt/ubna_data_01_mir/recover-20220825/UBNA_002/20220823_033000.WAV,Telephone Field,recover-20220825,002,1795
1609.0505,1609.0795,68437,80471,Rhinolophus ferrumequinum,0.022,0.023,-1,Echolocation,/mnt/ubna_data_01_mir/recover-20220825/UBNA_002/20220823_033000.WAV,Telephone Field,recover-20220825,002,1795
1609.0735,1609.0805,27187,44607,Eptesicus serotinus,0.007,0.022,-1,Echolocation,/mnt/ubna_data_01_mir/recover-20220825/UBNA_002/20220823_033000.WAV,Telephone Field,recover-20220825,002,1795
1609.0845,1609.1223,68437,81845,Rhinolophus ferrumequinum,0.035,0.035,-1,Echolocation,/mnt/ubna_data_01_mir/recover-20220825/UBNA_002/20220823_033000.WAV,Telephone Field,recover-20220825,002,1795
1609.0975,1609.1374,68437,82408,Rhinolophus ferrumequinum,0.022,0.022,-1,Echolocation,/mnt/ubna_data_01_mir/recover-20220825/UBNA_002/20220823_033000.WAV,Telephone Field,recover-20220825,002,1795
1609.1195,1609.1585,68437,82277,Rhinolophus ferrumequinum,0.025,0.025,-1,Echolocation,/mnt/ubna_data_01_mir/recover-20220825/UBNA_002/20220823_033000.WAV,Telephone Field,recover-20220825,002,1795
1609.1345,1609.1728,68437,82694,Rhinolophus ferrumequinum,0.03,0.03,-1,Echolocation,/mnt/ubna_data_01_mir/recover-20220825/UBNA_002/20220823_033000.WAV,Telephone Field,recover-20220825,002,1795
1609.1805,1609.1969,20312,24179,Nyctalus leisleri,0.01,0.022,-1,Echolocation,/mnt/ubna_data_01_mir/recover-20220825/UBNA_002/20220823_033000.WAV,Telephone Field,recover-20220825,002,1795
1609.2015,1609.2369,68437,81656,Rhinolophus ferrumequinum,0.024,0.024,-1,Echolocation,/mnt/ubna_data_01_mir/recover-20220825/UBNA_002/20220823_033000.WAV,Telephone Field,recover-20220825,002,1795
1609.2215,1609.257,68437,81204,Rhinolophus ferrumequinum,0.022,0.022,-1,Echolocation,/mnt/ubna_data_01_mir/recover-20220825/UBNA_002/20220823_033000.WAV,Telephone Field,recover-20220825,002,1795
1609.2985,1609.3061,28046,38759,Eptesicus serotinus,0.01,0.031,-1,Echolocation,/mnt/ubna_data_01_mir/recover-20220825/UBNA_002/20220823_033000.WAV,Telephone Field,recover-20220825,002,1795
1609.3065,1609.343,68437,82616,Rhinolophus ferrumequinum,0.023,0.024,-1,Echolocation,/mnt/ubna_data_01_mir/recover-20220825/UBNA_002/20220823_033000.WAV,Telephone Field,recover-20220825,002,1795
1609.3385,1609.3441,33203,47099,Myotis daubentonii,0.017,0.032,-1,Echolocation,/mnt/ubna_data_01_mir/recover-20220825/UBNA_002/20220823_033000.WAV,Telephone Field,recover-20220825,002,1795
1609.3525,1609.3903,68437,82123,Rhinolophus ferrumequinum,0.023,0.023,-1,Echolocation,/mnt/ubna_data_01_mir/recover-20220825/UBNA_002/20220823_033000.WAV,Telephone Field,recover-20220825,002,1795
1609.3885,1609.4296,68437,82674,Rhinolophus ferrumequinum,0.034,0.034,-1,Echolocation,/mnt/ubna_data_01_mir/recover-20220825/UBNA_002/20220823_033000.WAV,Telephone Field,recover-20220825,002,1795
1609.4065,1609.4489,68437,82912,Rhinolophus ferrumequinum,0.023,0.023,-1,Echolocation,/mnt/ubna_data_01_mir/recover-20220825/UBNA_002/20220823_033000.WAV,Telephone Field,recover-20220825,002,1795
1609.4185,1609.4249,24609,34894,Plecotus austriacus,0.019,0.043,-1,Echolocation,/mnt/ubna_data_01_mir/recover-20220825/UBNA_002/20220823_033000.WAV,Telephone Field,recover-20220825,002,1795
1609.4535,1609.4627,22890,30387,Plecotus austriacus,0.01,0.028,-1,Echolocation,/mnt/ubna_data_01_mir/recover-20220825/UBNA_002/20220823_033000.WAV,Telephone Field,recover-20220825,002,1795
1609.4885,1609.5293,68437,82390,Rhinolophus ferrumequinum,0.023,0.023,-1,Echolocation,/mnt/ubna_data_01_mir/recover-20220825/UBNA_002/20220823_033000.WAV,Telephone Field,recover-20220825,002,1795
1609.4885,1609.4975,48671,52414,Pipistrellus pipistrellus,0.032,0.034,-1,Echolocation,/mnt/ubna_data_01_mir/recover-20220825/UBNA_002/20220823_033000.WAV,Telephone Field,recover-20220825,002,1795
1609.4955,1609.5034,28046,37079,Eptesicus serotinus,0.008,0.026,-1,Echolocation,/mnt/ubna_data_01_mir/recover-20220825/UBNA_002/20220823_033000.WAV,Telephone Field,recover-20220825,002,1795
1609.5145,1609.5535,68437,81649,Rhinolophus ferrumequinum,0.022,0.022,-1,Echolocation,/mnt/ubna_data_01_mir/recover-20220825/UBNA_002/20220823_033000.WAV,Telephone Field,recover-20220825,002,1795
1609.5265,1609.5644,68437,82072,Rhinolophus ferrumequinum,0.026,0.026,-1,Echolocation,/mnt/ubna_data_01_mir/recover-20220825/UBNA_002/20220823_033000.WAV,Telephone Field,recover-20220825,002,1795
1609.5675,1609.6075,68437,82456,Rhinolophus ferrumequinum,0.025,0.025,-1,Echolocation,/mnt/ubna_data_01_mir/recover-20220825/UBNA_002/20220823_033000.WAV,Telephone Field,recover-20220825,002,1795
1609.5685,1609.5765,46093,55391,Pipistrellus pipistrellus,0.018,0.022,-1,Echolocation,/mnt/ubna_data_01_mir/recover-20220825/UBNA_002/20220823_033000.WAV,Telephone Field,recover-20220825,002,1795
1609.6315,1609.6717,68437,82489,Rhinolophus ferrumequinum,0.024,0.024,-1,Echolocation,/mnt/ubna_data_01_mir/recover-20220825/UBNA_002/20220823_033000.WAV,Telephone Field,recover-20220825,002,1795
1609.6585,1609.6681,24609,31900,Eptesicus serotinus,0.017,0.045,-1,Echolocation,/mnt/ubna_data_01_mir/recover-20220825/UBNA_002/20220823_033000.WAV,Telephone Field,recover-20220825,002,1795
1609.6635,1609.7045,68437,83166,Rhinolophus ferrumequinum,0.029,0.029,-1,Echolocation,/mnt/ubna_data_01_mir/recover-20220825/UBNA_002/20220823_033000.WAV,Telephone Field,recover-20220825,002,1795
1609.7525,1609.7632,23750,30277,Nyctalus leisleri,0.011,0.028,-1,Echolocation,/mnt/ubna_data_01_mir/recover-20220825/UBNA_002/20220823_033000.WAV,Telephone Field,recover-20220825,002,1795
1609.7535,1609.7947,68437,83112,Rhinolophus ferrumequinum,0.037,0.037,-1,Echolocation,/mnt/ubna_data_01_mir/recover-20220825/UBNA_002/20220823_033000.WAV,Telephone Field,recover-20220825,002,1795
1609.7655,1609.7727,27187,44266,Myotis daubentonii,0.008,0.026,-1,Echolocation,/mnt/ubna_data_01_mir/recover-20220825/UBNA_002/20220823_033000.WAV,Telephone Field,recover-20220825,002,1795
1609.7755,1609.7854,25468,31934,Nyctalus leisleri,0.008,0.022,-1,Echolocation,/mnt/ubna_data_01_mir/recover-20220825/UBNA_002/20220823_033000.WAV,Telephone Field,recover-20220825,002,1795
1609.7775,1609.8138,68437,81565,Rhinolophus ferrumequinum,0.022,0.022,-1,Echolocation,/mnt/ubna_data_01_mir/recover-20220825/UBNA_002/20220823_033000.WAV,Telephone Field,recover-20220825,002,1795
1609.7955,1609.8341,68437,82422,Rhinolophus ferrumequinum,0.026,0.026,-1,Echolocation,/mnt/ubna_data_01_mir/recover-20220825/UBNA_002/20220823_033000.WAV,Telephone Field,recover-20220825,002,1795
1609.8085,1609.8499,68437,83016,Rhinolophus ferrumequinum,0.032,0.032,-1,Echolocation,/mnt/ubna_data_01_mir/recover-20220825/UBNA_002/20220823_033000.WAV,Telephone Field,recover-20220825,002,1795
1609.8515,1609.8908,68437,82530,Rhinolophus ferrumequinum,0.029,0.029,-1,Echolocation,/mnt/ubna_data_01_mir/recover-20220825/UBNA_002/20220823_033000.WAV,Telephone Field,recover-20220825,002,1795
1609.8775,1609.8841,27187,38984,Eptesicus serotinus,0.006,0.025,-1,Echolocation,/mnt/ubna_data_01_mir/recover-20220825/UBNA_002/20220823_033000.WAV,Telephone Field,recover-20220825,002,1795
1609.9155,1609.9248,28046,39938,Eptesicus serotinus,0.01,0.025,-1,Echolocation,/mnt/ubna_data_01_mir/recover-20220825/UBNA_002/20220823_033000.WAV,Telephone Field,recover-20220825,002,1795
1610.0015,1610.0132,21171,26591,Nyctalus leisleri,0.009,0.023,-1,Echolocation,/mnt/ubna_data_01_mir/recover-20220825/UBNA_002/20220823_033000.WAV,Telephone Field,recover-20220825,002,1795
1610.0015,1610.0358,69296,81979,Rhinolophus ferrumequinum,0.029,0.029,-1,Echolocation,/mnt/ubna_data_01_mir/recover-20220825/UBNA_002/20220823_033000.WAV,Telephone Field,recover-20220825,002,1795
1610.0015,1610.0094,26328,35749,Nyctalus leisleri,0.007,0.025,-1,Echolocation,/mnt/ubna_data_01_mir/recover-20220825/UBNA_002/20220823_033000.WAV,Telephone Field,recover-20220825,002,1795
1610.0255,1610.034,28046,36525,Eptesicus serotinus,0.01,0.024,-1,Echolocation,/mnt/ubna_data_01_mir/recover-20220825/UBNA_002/20220823_033000.WAV,Telephone Field,recover-20220825,002,1795
1610.0405,1610.0832,68437,82973,Rhinolophus ferrumequinum,0.027,0.027,-1,Echolocation,/mnt/ubna_data_01_mir/recover-20220825/UBNA_002/20220823_033000.WAV,Telephone Field,recover-20220825,002,1795
1610.0965,1610.1369,68437,83032,Rhinolophus ferrumequinum,0.03,0.03,-1,Echolocation,/mnt/ubna_data_01_mir/recover-20220825/UBNA_002/20220823_033000.WAV,Telephone Field,recover-20220825,002,1795
1610.1255,1610.1374,37500,42242,Pipistrellus nathusii,0.009,0.019,-1,Echolocation,/mnt/ubna_data_01_mir/recover-20220825/UBNA_002/20220823_033000.WAV,Telephone Field,recover-20220825,002,1795
1610.1415,1610.1844,68437,83210,Rhinolophus ferrumequinum,0.027,0.027,-1,Echolocation,/mnt/ubna_data_01_mir/recover-20220825/UBNA_002/20220823_033000.WAV,Telephone Field,recover-20220825,002,1795
1610.1465,1610.1906,68437,83700,Rhinolophus ferrumequinum,0.026,0.026,-1,Echolocation,/mnt/ubna_data_01_mir/recover-20220825/UBNA_002/20220823_033000.WAV,Telephone Field,recover-20220825,002,1795
1610.1715,1610.2096,68437,82042,Rhinolophus ferrumequinum,0.021,0.021,-1,Echolocation,/mnt/ubna_data_01_mir/recover-20220825/UBNA_002/20220823_033000.WAV,Telephone Field,recover-20220825,002,1795
1610.1855,1610.2244,68437,82009,Rhinolophus ferrumequinum,0.026,0.026,-1,Echolocation,/mnt/ubna_data_01_mir/recover-20220825/UBNA_002/20220823_033000.WAV,Telephone Field,recover-20220825,002,1795
1610.2205,1610.231,22890,27311,Nyctalus leisleri,0.009,0.019,-1,Echolocation,/mnt/ubna_data_01_mir/recover-20220825/UBNA_002/20220823_033000.WAV,Telephone Field,recover-20220825,002,1795
1610.2515,1610.2936,68437,82532,Rhinolophus ferrumequinum,0.021,0.021,-1,Echolocation,/mnt/ubna_data_01_mir/recover-20220825/UBNA_002/20220823_033000.WAV,Telephone Field,recover-20220825,002,1795
1610.2795,1610.3168,68437,81812,Rhinolophus ferrumequinum,0.021,0.021,-1,Echolocation,/mnt/ubna_data_01_mir/recover-20220825/UBNA_002/20220823_033000.WAV,Telephone Field,recover-20220825,002,1795
1610.3285,1610.3363,49531,54218,Pipistrellus pipistrellus,0.027,0.03,-1,Echolocation,/mnt/ubna_data_01_mir/recover-20220825/UBNA_002/20220823_033000.WAV,Telephone Field,recover-20220825,002,1795
1610.3365,1610.376,68437,82470,Rhinolophus ferrumequinum,0.021,0.021,-1,Echolocation,/mnt/ubna_data_01_mir/recover-20220825/UBNA_002/20220823_033000.WAV,Telephone Field,recover-20220825,002,1795
1610.3385,1610.3461,23750,31517,Plecotus austriacus,0.009,0.022,-1,Echolocation,/mnt/ubna_data_01_mir/recover-20220825/UBNA_002/20220823_033000.WAV,Telephone Field,recover-20220825,002,1795
1610.3585,1610.3708,28906,34517,Eptesicus serotinus,0.01,0.021,-1,Echolocation,/mnt/ubna_data_01_mir/recover-20220825/UBNA_002/20220823_033000.WAV,Telephone Field,recover-20220825,002,1795
1610.3865,1610.4262,68437,82238,Rhinolophus ferrumequinum,0.021,0.021,-1,Echolocation,/mnt/ubna_data_01_mir/recover-20220825/UBNA_002/20220823_033000.WAV,Telephone Field,recover-20220825,002,1795
1610.3905,1610.3992,23750,31154,Nyctalus leisleri,0.006,0.021,-1,Echolocation,/mnt/ubna_data_01_mir/recover-20220825/UBNA_002/20220823_033000.WAV,Telephone Field,recover-20220825,002,1795
1610.4235,1610.4587,68437,81849,Rhinolophus ferrumequinum,0.02,0.02,-1,Echolocation,/mnt/ubna_data_01_mir/recover-20220825/UBNA_002/20220823_033000.WAV,Telephone Field,recover-20220825,002,1795
1610.4685,1610.5109,68437,83171,Rhinolophus ferrumequinum,0.03,0.03,-1,Echolocation,/mnt/ubna_data_01_mir/recover-20220825/UBNA_002/20220823_033000.WAV,Telephone Field,recover-20220825,002,1795
1610.4915,1610.5325,68437,82266,Rhinolophus ferrumequinum,0.02,0.02,-1,Echolocation,/mnt/ubna_data_01_mir/recover-20220825/UBNA_002/20220823_033000.WAV,Telephone Field,recover-20220825,002,1795
1610.4995,1610.5062,26328,36152,Eptesicus serotinus,0.005,0.02,-1,Echolocation,/mnt/ubna_data_01_mir/recover-20220825/UBNA_002/20220823_033000.WAV,Telephone Field,recover-20220825,002,1795
1610.5485,1610.5562,36640,43695,Myotis daubentonii,0.007,0.021,-1,Echolocation,/mnt/ubna_data_01_mir/recover-20220825/UBNA_002/20220823_033000.WAV,Telephone Field,recover-20220825,002,1795
1610.5495,1610.5875,68437,81435,Rhinolophus ferrumequinum,0.022,0.022,-1,Echolocation,/mnt/ubna_data_01_mir/recover-20220825/UBNA_002/20220823_033000.WAV,Telephone Field,recover-20220825,002,1795
1610.5515,1610.5576,25468,40535,Plecotus austriacus,0.007,0.026,-1,Echolocation,/mnt/ubna_data_01_mir/recover-20220825/UBNA_002/20220823_033000.WAV,Telephone Field,recover-20220825,002,1795
1610.5745,1610.5836,26328,33722,Eptesicus serotinus,0.011,0.028,-1,Echolocation,/mnt/ubna_data_01_mir/recover-20220825/UBNA_002/20220823_033000.WAV,Telephone Field,recover-20220825,002,1795
1610.6115,1610.6487,68437,82008,Rhinolophus ferrumequinum,0.023,0.023,-1,Echolocation,/mnt/ubna_data_01_mir/recover-20220825/UBNA_002/20220823_033000.WAV,Telephone Field,recover-20220825,002,1795
1610.6425,1610.6807,68437,82193,Rhinolophus ferrumequinum,0.019,0.019,-1,Echolocation,/mnt/ubna_data_01_mir/recover-20220825/UBNA_002/20220823_033000.WAV,Telephone Field,recover-20220825,002,1795
1610.6685,1610.7066,68437,81886,Rhinolophus ferrumequinum,0.025,0.025,-1,Echolocation,/mnt/ubna_data_01_mir/recover-20220825/UBNA_002/20220823_033000.WAV,Telephone Field,recover-20220825,002,1795
1610.6875,1610.724,68437,82346,Rhinolophus ferrumequinum,0.022,0.022,-1,Echolocation,/mnt/ubna_data_01_mir/recover-20220825/UBNA_002/20220823_033000.WAV,Telephone Field,recover-20220825,002,1795
1610.7065,1610.7466,68437,82178,Rhinolophus ferrumequinum,0.03,0.03,-1,Echolocation,/mnt/ubna_data_01_mir/recover-20220825/UBNA_002/20220823_033000.WAV,Telephone Field,recover-20220825,002,1795
1610.7355,1610.7435,26328,34350,Eptesicus serotinus,0.009,0.023,-1,Echolocation,/mnt/ubna_data_01_mir/recover-20220825/UBNA_002/20220823_033000.WAV,Telephone Field,recover-20220825,002,1795
1610.7475,1610.7863,68437,81978,Rhinolophus ferrumequinum,0.023,0.023,-1,Echolocation,/mnt/ubna_data_01_mir/recover-20220825/UBNA_002/20220823_033000.WAV,Telephone Field,recover-20220825,002,1795
1610.7655,1610.8057,68437,82534,Rhinolophus ferrumequinum,0.025,0.025,-1,Echolocation,/mnt/ubna_data_01_mir/recover-20220825/UBNA_002/20220823_033000.WAV,Telephone Field,recover-20220825,002,1795
1610.7915,1610.8275,68437,81231,Rhinolophus ferrumequinum,0.021,0.021,-1,Echolocation,/mnt/ubna_data_01_mir/recover-20220825/UBNA_002/20220823_033000.WAV,Telephone Field,recover-20220825,002,1795
1610.8275,1610.8477,18593,21538,Nyctalus noctula,0.016,0.028,-1,Echolocation,/mnt/ubna_data_01_mir/recover-20220825/UBNA_002/20220823_033000.WAV,Telephone Field,recover-20220825,002,1795
1610.8745,1610.914,68437,82651,Rhinolophus ferrumequinum,0.028,0.028,-1,Echolocation,/mnt/ubna_data_01_mir/recover-20220825/UBNA_002/20220823_033000.WAV,Telephone Field,recover-20220825,002,1795
1610.9005,1610.912,22890,28017,Nyctalus leisleri,0.012,0.025,-1,Echolocation,/mnt/ubna_data_01_mir/recover-20220825/UBNA_002/20220823_033000.WAV,Telephone Field,recover-20220825,002,1795
1610.9005,1610.9384,68437,81607,Rhinolophus ferrumequinum,0.02,0.02,-1,Echolocation,/mnt/ubna_data_01_mir/recover-20220825/UBNA_002/20220823_033000.WAV,Telephone Field,recover-20220825,002,1795
1610.9055,1610.9203,58984,65220,Pipistrellus pygmaeus,0.021,0.022,-1,Echolocation,/mnt/ubna_data_01_mir/recover-20220825/UBNA_002/20220823_033000.WAV,Telephone Field,recover-20220825,002,1795
1610.9805,1611.0142,68437,82105,Rhinolophus ferrumequinum,0.02,0.02,-1,Echolocation,/mnt/ubna_data_01_mir/recover-20220825/UBNA_002/20220823_033000.WAV,Telephone Field,recover-20220825,002,1795
1610.9865,1610.9946,28046,36972,Eptesicus serotinus,0.006,0.019,-1,Echolocation,/mnt/ubna_data_01_mir/recover-20220825/UBNA_002/20220823_033000.WAV,Telephone Field,recover-20220825,002,1795
1611.0025,1611.0103,27187,36972,Eptesicus serotinus,0.01,0.025,-1,Echolocation,/mnt/ubna_data_01_mir/recover-20220825/UBNA_002/20220823_033000.WAV,Telephone Field,recover-20220825,002,1795
1611.0115,1611.0518,68437,82227,Rhinolophus ferrumequinum,0.021,0.021,-1,Echolocation,/mnt/ubna_data_01_mir/recover-20220825/UBNA_002/20220823_033000.WAV,Telephone Field,recover-20220825,002,1795
1611.0175,1611.0306,25468,32263,Eptesicus serotinus,0.011,0.028,-1,Echolocation,/mnt/ubna_data_01_mir/recover-20220825/UBNA_002/20220823_033000.WAV,Telephone Field,recover-20220825,002,1795
1611.0425,1611.0737,68437,80644,Rhinolophus ferrumequinum,0.02,0.02,-1,Echolocation,/mnt/ubna_data_01_mir/recover-20220825/UBNA_002/20220823_033000.WAV,Telephone Field,recover-20220825,002,1795
1611.0705,1611.0896,19453,22385,Nyctalus leisleri,0.013,0.022,-1,Echolocation,/mnt/ubna_data_01_mir/recover-20220825/UBNA_002/20220823_033000.WAV,Telephone Field,recover-20220825,002,1795
1611.0945,1611.135,68437,82216,Rhinolophus ferrumequinum,0.022,0.022,-1,Echolocation,/mnt/ubna_data_01_mir/recover-20220825/UBNA_002/20220823_033000.WAV,Telephone Field,recover-20220825,002,1795
1611.1115,1611.1486,68437,81048,Rhinolophus ferrumequinum,0.023,0.023,-1,Echolocation,/mnt/ubna_data_01_mir/recover-20220825/UBNA_002/20220823_033000.WAV,Telephone Field,recover-20220825,002,1795
1611.1505,1611.1605,24609,31574,Eptesicus serotinus,0.007,0.021,-1,Echolocation,/mnt/ubna_data_01_mir/recover-20220825/UBNA_002/20220823_033000.WAV,Telephone Field,recover-20220825,002,1795
1611.1515,1611.1898,68437,81783,Rhinolophus ferrumequinum,0.021,0.021,-1,Echolocation,/mnt/ubna_data_01_mir/recover-20220825/UBNA_002/20220823_033000.WAV,Telephone Field,recover-20220825,002,1795
1611.1715,1611.1826,28046,35536,Eptesicus serotinus,0.01,0.021,-1,Echolocation,/mnt/ubna_data_01_mir/recover-20220825/UBNA_002/20220823_033000.WAV,Telephone Field,recover-20220825,002,1795
1611.1795,1611.1889,28046,39545,Eptesicus serotinus,0.008,0.02,-1,Echolocation,/mnt/ubna_data_01_mir/recover-20220825/UBNA_002/20220823_033000.WAV,Telephone Field,recover-20220825,002,1795
1611.1875,1611.1961000000001,28046,38080,Eptesicus serotinus,0.008,0.022,-1,Echolocation,/mnt/ubna_data_01_mir/recover-20220825/UBNA_002/20220823_033000.WAV,Telephone Field,recover-20220825,002,1795
1611.2085,1611.2482,68437,82184,Rhinolophus ferrumequinum,0.021,0.022,-1,Echolocation,/mnt/ubna_data_01_mir/recover-20220825/UBNA_002/20220823_033000.WAV,Telephone Field,recover-20220825,002,1795
1611.2175,1611.2295,22890,27429,Nyctalus leisleri,0.015,0.029,-1,Echolocation,/mnt/ubna_data_01_mir/recover-20220825/UBNA_002/20220823_033000.WAV,Telephone Field,recover-20220825,002,1795
1611.2225,1611.2619,68437,82321,Rhinolophus ferrumequinum,0.02,0.02,-1,Echolocation,/mnt/ubna_data_01_mir/recover-20220825/UBNA_002/20220823_033000.WAV,Telephone Field,recover-20220825,002,1795
1611.2355,1611.242,24609,34770,Plecotus austriacus,0.007,0.019,-1,Echolocation,/mnt/ubna_data_01_mir/recover-20220825/UBNA_002/20220823_033000.WAV,Telephone Field,recover-20220825,002,1795
1611.2615,1611.2995,68437,82143,Rhinolophus ferrumequinum,0.025,0.025,-1,Echolocation,/mnt/ubna_data_01_mir/recover-20220825/UBNA_002/20220823_033000.WAV,Telephone Field,recover-20220825,002,1795
1611.2795,1611.3147,68437,82228,Rhinolophus ferrumequinum,0.02,0.02,-1,Echolocation,/mnt/ubna_data_01_mir/recover-20220825/UBNA_002/20220823_033000.WAV,Telephone Field,recover-20220825,002,1795
1611.2955,1611.3117,22890,27066,Nyctalus leisleri,0.017,0.031,-1,Echolocation,/mnt/ubna_data_01_mir/recover-20220825/UBNA_002/20220823_033000.WAV,Telephone Field,recover-20220825,002,1795
1611.3455,1611.3571,24609,31121,Eptesicus serotinus,0.011,0.027,-1,Echolocation,/mnt/ubna_data_01_mir/recover-20220825/UBNA_002/20220823_033000.WAV,Telephone Field,recover-20220825,002,1795
1611.3855,1611.4227,68437,81172,Rhinolophus ferrumequinum,0.021,0.021,-1,Echolocation,/mnt/ubna_data_01_mir/recover-20220825/UBNA_002/20220823_033000.WAV,Telephone Field,recover-20220825,002,1795
1611.3935,1611.4047,24609,30302,Nyctalus leisleri,0.009,0.022,-1,Echolocation,/mnt/ubna_data_01_mir/recover-20220825/UBNA_002/20220823_033000.WAV,Telephone Field,recover-20220825,002,1795
1611.3985,1611.4386,68437,82041,Rhinolophus ferrumequinum,0.02,0.02,-1,Echolocation,/mnt/ubna_data_01_mir/recover-20220825/UBNA_002/20220823_033000.WAV,Telephone Field,recover-20220825,002,1795
1611.4015,1611.4135,24609,29981,Nyctalus leisleri,0.01,0.023,-1,Echolocation,/mnt/ubna_data_01_mir/recover-20220825/UBNA_002/20220823_033000.WAV,Telephone Field,recover-20220825,002,1795
1611.4155,1611.4258,22890,26973,Nyctalus leisleri,0.012,0.022,-1,Echolocation,/mnt/ubna_data_01_mir/recover-20220825/UBNA_002/20220823_033000.WAV,Telephone Field,recover-20220825,002,1795
1611.4265,1611.4648,68437,81819,Rhinolophus ferrumequinum,0.02,0.02,-1,Echolocation,/mnt/ubna_data_01_mir/recover-20220825/UBNA_002/20220823_033000.WAV,Telephone Field,recover-20220825,002,1795
1611.4565,1611.4969,68437,82132,Rhinolophus ferrumequinum,0.025,0.025,-1,Echolocation,/mnt/ubna_data_01_mir/recover-20220825/UBNA_002/20220823_033000.WAV,Telephone Field,recover-20220825,002,1795
1611.4915,1611.5356,68437,83040,Rhinolophus ferrumequinum,0.022,0.022,-1,Echolocation,/mnt/ubna_data_01_mir/recover-20220825/UBNA_002/20220823_033000.WAV,Telephone Field,recover-20220825,002,1795
1611.5505,1611.5638,25468,31459,Nyctalus leisleri,0.011,0.029,-1,Echolocation,/mnt/ubna_data_01_mir/recover-20220825/UBNA_002/20220823_033000.WAV,Telephone Field,recover-20220825,002,1795
1611.5535,1611.5927,68437,82227,Rhinolophus ferrumequinum,0.021,0.021,-1,Echolocation,/mnt/ubna_data_01_mir/recover-20220825/UBNA_002/20220823_033000.WAV,Telephone Field,recover-20220825,002,1795
1611.5615,1611.5718,28906,36194,Eptesicus serotinus,0.01,0.025,-1,Echolocation,/mnt/ubna_data_01_mir/recover-20220825/UBNA_002/20220823_033000.WAV,Telephone Field,recover-20220825,002,1795
1611.5945,1611.6014,28046,39022,Eptesicus serotinus,0.006,0.021,-1,Echolocation,/mnt/ubna_data_01_mir/recover-20220825/UBNA_002/20220823_033000.WAV,Telephone Field,recover-20220825,002,1795
1611.6285,1611.6651,68437,81175,Rhinolophus ferrumequinum,0.021,0.021,-1,Echolocation,/mnt/ubna_data_01_mir/recover-20220825/UBNA_002/20220823_033000.WAV,Telephone Field,recover-20220825,002,1795
1611.6285,1611.6374,22890,29281,Plecotus austriacus,0.009,0.022,-1,Echolocation,/mnt/ubna_data_01_mir/recover-20220825/UBNA_002/20220823_033000.WAV,Telephone Field,recover-20220825,002,1795
1611.6355,1611.6777,68437,82182,Rhinolophus ferrumequinum,0.021,0.021,-1,Echolocation,/mnt/ubna_data_01_mir/recover-20220825/UBNA_002/20220823_033000.WAV,Telephone Field,recover-20220825,002,1795
1611.6435,1611.6504,34921,41467,Myotis daubentonii,0.008,0.02,-1,Echolocation,/mnt/ubna_data_01_mir/recover-20220825/UBNA_002/20220823_033000.WAV,Telephone Field,recover-20220825,002,1795
1611.6445,1611.6515,28046,39990,Eptesicus serotinus,0.007,0.022,-1,Echolocation,/mnt/ubna_data_01_mir/recover-20220825/UBNA_002/20220823_033000.WAV,Telephone Field,recover-20220825,002,1795
1611.6505,1611.6918,68437,83118,Rhinolophus ferrumequinum,0.025,0.025,-1,Echolocation,/mnt/ubna_data_01_mir/recover-20220825/UBNA_002/20220823_033000.WAV,Telephone Field,recover-20220825,002,1795
1611.6765,1611.716,68437,81948,Rhinolophus ferrumequinum,0.022,0.022,-1,Echolocation,/mnt/ubna_data_01_mir/recover-20220825/UBNA_002/20220823_033000.WAV,Telephone Field,recover-20220825,002,1795
1611.6835,1611.6899,40937,53654,Myotis mystacinus,0.007,0.024,-1,Echolocation,/mnt/ubna_data_01_mir/recover-20220825/UBNA_002/20220823_033000.WAV,Telephone Field,recover-20220825,002,1795
1611.7175,1611.7572,68437,82234,Rhinolophus ferrumequinum,0.021,0.021,-1,Echolocation,/mnt/ubna_data_01_mir/recover-20220825/UBNA_002/20220823_033000.WAV,Telephone Field,recover-20220825,002,1795
1611.7335,1611.7730999999999,68437,81944,Rhinolophus ferrumequinum,0.02,0.02,-1,Echolocation,/mnt/ubna_data_01_mir/recover-20220825/UBNA_002/20220823_033000.WAV,Telephone Field,recover-20220825,002,1795
1611.7625,1611.799,68437,80861,Rhinolophus ferrumequinum,0.022,0.022,-1,Echolocation,/mnt/ubna_data_01_mir/recover-20220825/UBNA_002/20220823_033000.WAV,Telephone Field,recover-20220825,002,1795
1611.7765,1611.8201,68437,82785,Rhinolophus ferrumequinum,0.024,0.024,-1,Echolocation,/mnt/ubna_data_01_mir/recover-20220825/UBNA_002/20220823_033000.WAV,Telephone Field,recover-20220825,002,1795
1611.8035,1611.8423,68437,82116,Rhinolophus ferrumequinum,0.019,0.019,-1,Echolocation,/mnt/ubna_data_01_mir/recover-20220825/UBNA_002/20220823_033000.WAV,Telephone Field,recover-20220825,002,1795
1611.8145,1611.8253,22890,27939,Nyctalus leisleri,0.01,0.02,-1,Echolocation,/mnt/ubna_data_01_mir/recover-20220825/UBNA_002/20220823_033000.WAV,Telephone Field,recover-20220825,002,1795
1611.8205,1611.8547,68437,81029,Rhinolophus ferrumequinum,0.02,0.02,-1,Echolocation,/mnt/ubna_data_01_mir/recover-20220825/UBNA_002/20220823_033000.WAV,Telephone Field,recover-20220825,002,1795
1611.8355,1611.8428,28046,39853,Eptesicus serotinus,0.007,0.022,-1,Echolocation,/mnt/ubna_data_01_mir/recover-20220825/UBNA_002/20220823_033000.WAV,Telephone Field,recover-20220825,002,1795
1611.8495,1611.8892,68437,82527,Rhinolophus ferrumequinum,0.033,0.033,-1,Echolocation,/mnt/ubna_data_01_mir/recover-20220825/UBNA_002/20220823_033000.WAV,Telephone Field,recover-20220825,002,1795
1611.8595,1611.8692,28046,35397,Eptesicus serotinus,0.008,0.02,-1,Echolocation,/mnt/ubna_data_01_mir/recover-20220825/UBNA_002/20220823_033000.WAV,Telephone Field,recover-20220825,002,1795
1611.9025,1611.9408,68437,82184,Rhinolophus ferrumequinum,0.024,0.024,-1,Echolocation,/mnt/ubna_data_01_mir/recover-20220825/UBNA_002/20220823_033000.WAV,Telephone Field,recover-20220825,002,1795
1611.9185,1611.9571,68437,82217,Rhinolophus ferrumequinum,0.02,0.02,-1,Echolocation,/mnt/ubna_data_01_mir/recover-20220825/UBNA_002/20220823_033000.WAV,Telephone Field,recover-20220825,002,1795
1611.9185,1611.9295,22890,28342,Nyctalus leisleri,0.01,0.024,-1,Echolocation,/mnt/ubna_data_01_mir/recover-20220825/UBNA_002/20220823_033000.WAV,Telephone Field,recover-20220825,002,1795
1611.9505,1611.9908,68437,82219,Rhinolophus ferrumequinum,0.02,0.02,-1,Echolocation,/mnt/ubna_data_01_mir/recover-20220825/UBNA_002/20220823_033000.WAV,Telephone Field,recover-20220825,002,1795
1611.9825,1611.994,22031,26567,Nyctalus leisleri,0.011,0.023,-1,Echolocation,/mnt/ubna_data_01_mir/recover-20220825/UBNA_002/20220823_033000.WAV,Telephone Field,recover-20220825,002,1795
1612.0015,1612.0391,68437,80705,Rhinolophus ferrumequinum,0.073,0.073,-1,Echolocation,/mnt/ubna_data_01_mir/recover-20220825/UBNA_002/20220823_033000.WAV,Telephone Field,recover-20220825,002,1795
1612.0015,1612.0099,25468,34041,Nyctalus leisleri,0.009,0.029,-1,Echolocation,/mnt/ubna_data_01_mir/recover-20220825/UBNA_002/20220823_033000.WAV,Telephone Field,recover-20220825,002,1795
1612.0015,1612.0092,46953,51713,Pipistrellus pipistrellus,0.017,0.022,-1,Echolocation,/mnt/ubna_data_01_mir/recover-20220825/UBNA_002/20220823_033000.WAV,Telephone Field,recover-20220825,002,1795
1612.0085,1612.0538,68437,83077,Rhinolophus ferrumequinum,0.063,0.063,-1,Echolocation,/mnt/ubna_data_01_mir/recover-20220825/UBNA_002/20220823_033000.WAV,Telephone Field,recover-20220825,002,1795
1612.0125,1612.0205,28906,37070,Eptesicus serotinus,0.008,0.025,-1,Echolocation,/mnt/ubna_data_01_mir/recover-20220825/UBNA_002/20220823_033000.WAV,Telephone Field,recover-20220825,002,1795
1612.0125,1612.0233,22890,28280,Nyctalus leisleri,0.018,0.037,-1,Echolocation,/mnt/ubna_data_01_mir/recover-20220825/UBNA_002/20220823_033000.WAV,Telephone Field,recover-20220825,002,1795
1612.0625,1612.0719,28906,38210,Eptesicus serotinus,0.008,0.022,-1,Echolocation,/mnt/ubna_data_01_mir/recover-20220825/UBNA_002/20220823_033000.WAV,Telephone Field,recover-20220825,002,1795
1612.0705,1612.1099,68437,82700,Rhinolophus ferrumequinum,0.031,0.031,-1,Echolocation,/mnt/ubna_data_01_mir/recover-20220825/UBNA_002/20220823_033000.WAV,Telephone Field,recover-20220825,002,1795
1612.0795,1612.1195,68437,82188,Rhinolophus ferrumequinum,0.029,0.029,-1,Echolocation,/mnt/ubna_data_01_mir/recover-20220825/UBNA_002/20220823_033000.WAV,Telephone Field,recover-20220825,002,1795
1612.1095,1612.122,22890,28416,Nyctalus leisleri,0.01,0.023,-1,Echolocation,/mnt/ubna_data_01_mir/recover-20220825/UBNA_002/20220823_033000.WAV,Telephone Field,recover-20220825,002,1795
1612.1515,1612.1605,26328,34798,Eptesicus serotinus,0.009,0.023,-1,Echolocation,/mnt/ubna_data_01_mir/recover-20220825/UBNA_002/20220823_033000.WAV,Telephone Field,recover-20220825,002,1795
1612.1775,1612.1852,44375,54311,Pipistrellus pipistrellus,0.013,0.025,-1,Echolocation,/mnt/ubna_data_01_mir/recover-20220825/UBNA_002/20220823_033000.WAV,Telephone Field,recover-20220825,002,1795
1612.1945,1612.2298,68437,81815,Rhinolophus ferrumequinum,0.022,0.022,-1,Echolocation,/mnt/ubna_data_01_mir/recover-20220825/UBNA_002/20220823_033000.WAV,Telephone Field,recover-20220825,002,1795
1612.2175,1612.2279,28046,36291,Eptesicus serotinus,0.01,0.022,-1,Echolocation,/mnt/ubna_data_01_mir/recover-20220825/UBNA_002/20220823_033000.WAV,Telephone Field,recover-20220825,002,1795
1612.2255,1612.2335,28046,41248,Eptesicus serotinus,0.007,0.022,-1,Echolocation,/mnt/ubna_data_01_mir/recover-20220825/UBNA_002/20220823_033000.WAV,Telephone Field,recover-20220825,002,1795
1612.2575,1612.3,68437,83485,Rhinolophus ferrumequinum,0.028,0.028,-1,Echolocation,/mnt/ubna_data_01_mir/recover-20220825/UBNA_002/20220823_033000.WAV,Telephone Field,recover-20220825,002,1795
1612.2805,1612.319,68437,82297,Rhinolophus ferrumequinum,0.024,0.024,-1,Echolocation,/mnt/ubna_data_01_mir/recover-20220825/UBNA_002/20220823_033000.WAV,Telephone Field,recover-20220825,002,1795
1612.3105,1612.3512,68437,82594,Rhinolophus ferrumequinum,0.034,0.034,-1,Echolocation,/mnt/ubna_data_01_mir/recover-20220825/UBNA_002/20220823_033000.WAV,Telephone Field,recover-20220825,002,1795
1612.3495,1612.3612,22890,27591,Nyctalus leisleri,0.014,0.03,-1,Echolocation,/mnt/ubna_data_01_mir/recover-20220825/UBNA_002/20220823_033000.WAV,Telephone Field,recover-20220825,002,1795
1612.3585,1612.397,68437,82208,Rhinolophus ferrumequinum,0.023,0.023,-1,Echolocation,/mnt/ubna_data_01_mir/recover-20220825/UBNA_002/20220823_033000.WAV,Telephone Field,recover-20220825,002,1795
1612.3715,1612.3782,28046,41245,Eptesicus serotinus,0.007,0.026,-1,Echolocation,/mnt/ubna_data_01_mir/recover-20220825/UBNA_002/20220823_033000.WAV,Telephone Field,recover-20220825,002,1795
1612.3945,1612.4013,27187,39796,Eptesicus serotinus,0.005,0.026,-1,Echolocation,/mnt/ubna_data_01_mir/recover-20220825/UBNA_002/20220823_033000.WAV,Telephone Field,recover-20220825,002,1795
1612.4065,1612.443,68437,82536,Rhinolophus ferrumequinum,0.023,0.023,-1,Echolocation,/mnt/ubna_data_01_mir/recover-20220825/UBNA_002/20220823_033000.WAV,Telephone Field,recover-20220825,002,1795
1612.4265,1612.4381,54687,62780,Pipistrellus pygmaeus,0.024,0.032,-1,Echolocation,/mnt/ubna_data_01_mir/recover-20220825/UBNA_002/20220823_033000.WAV,Telephone Field,recover-20220825,002,1795
1612.4345,1612.4451,22031,26452,Nyctalus leisleri,0.012,0.022,-1,Echolocation,/mnt/ubna_data_01_mir/recover-20220825/UBNA_002/20220823_033000.WAV,Telephone Field,recover-20220825,002,1795
1612.4435,1612.4844,68437,83045,Rhinolophus ferrumequinum,0.034,0.034,-1,Echolocation,/mnt/ubna_data_01_mir/recover-20220825/UBNA_002/20220823_033000.WAV,Telephone Field,recover-20220825,002,1795
1612.4555,1612.4646,28046,38985,Eptesicus serotinus,0.01,0.022,-1,Echolocation,/mnt/ubna_data_01_mir/recover-20220825/UBNA_002/20220823_033000.WAV,Telephone Field,recover-20220825,002,1795
1612.4695,1612.5088,68437,82741,Rhinolophus ferrumequinum,0.023,0.023,-1,Echolocation,/mnt/ubna_data_01_mir/recover-20220825/UBNA_002/20220823_033000.WAV,Telephone Field,recover-20220825,002,1795
1612.4955,1612.5349,68437,82546,Rhinolophus ferrumequinum,0.023,0.023,-1,Echolocation,/mnt/ubna_data_01_mir/recover-20220825/UBNA_002/20220823_033000.WAV,Telephone Field,recover-20220825,002,1795
1612.5315,1612.5699,68437,81983,Rhinolophus ferrumequinum,0.03,0.03,-1,Echolocation,/mnt/ubna_data_01_mir/recover-20220825/UBNA_002/20220823_033000.WAV,Telephone Field,recover-20220825,002,1795
1612.5315,1612.5414,28046,36274,Eptesicus serotinus,0.009,0.022,-1,Echolocation,/mnt/ubna_data_01_mir/recover-20220825/UBNA_002/20220823_033000.WAV,Telephone Field,recover-20220825,002,1795
1612.5465,1612.5569,22890,28277,Nyctalus leisleri,0.012,0.025,-1,Echolocation,/mnt/ubna_data_01_mir/recover-20220825/UBNA_002/20220823_033000.WAV,Telephone Field,recover-20220825,002,1795
1612.5975,1612.6371,68437,81482,Rhinolophus ferrumequinum,0.022,0.022,-1,Echolocation,/mnt/ubna_data_01_mir/recover-20220825/UBNA_002/20220823_033000.WAV,Telephone Field,recover-20220825,002,1795
1612.6205,1612.628,32343,41697,Myotis daubentonii,0.009,0.022,-1,Echolocation,/mnt/ubna_data_01_mir/recover-20220825/UBNA_002/20220823_033000.WAV,Telephone Field,recover-20220825,002,1795
1612.6415,1612.68,68437,82031,Rhinolophus ferrumequinum,0.023,0.023,-1,Echolocation,/mnt/ubna_data_01_mir/recover-20220825/UBNA_002/20220823_033000.WAV,Telephone Field,recover-20220825,002,1795
1612.7035,1612.7122,23750,30822,Nyctalus leisleri,0.006,0.021,-1,Echolocation,/mnt/ubna_data_01_mir/recover-20220825/UBNA_002/20220823_033000.WAV,Telephone Field,recover-20220825,002,1795
1612.7105,1612.7492,68437,82387,Rhinolophus ferrumequinum,0.021,0.021,-1,Echolocation,/mnt/ubna_data_01_mir/recover-20220825/UBNA_002/20220823_033000.WAV,Telephone Field,recover-20220825,002,1795
1612.7215,1612.7333,25468,32120,Eptesicus serotinus,0.026,0.062,-1,Echolocation,/mnt/ubna_data_01_mir/recover-20220825/UBNA_002/20220823_033000.WAV,Telephone Field,recover-20220825,002,1795
1612.7425,1612.7775,68437,80974,Rhinolophus ferrumequinum,0.022,0.022,-1,Echolocation,/mnt/ubna_data_01_mir/recover-20220825/UBNA_002/20220823_033000.WAV,Telephone Field,recover-20220825,002,1795
1612.7595,1612.7968,68437,82474,Rhinolophus ferrumequinum,0.022,0.022,-1,Echolocation,/mnt/ubna_data_01_mir/recover-20220825/UBNA_002/20220823_033000.WAV,Telephone Field,recover-20220825,002,1795
1612.7895,1612.8278,68437,82346,Rhinolophus ferrumequinum,0.023,0.023,-1,Echolocation,/mnt/ubna_data_01_mir/recover-20220825/UBNA_002/20220823_033000.WAV,Telephone Field,recover-20220825,002,1795
1612.8125,1612.8521,68437,82668,Rhinolophus ferrumequinum,0.023,0.023,-1,Echolocation,/mnt/ubna_data_01_mir/recover-20220825/UBNA_002/20220823_033000.WAV,Telephone Field,recover-20220825,002,1795
1612.8495,1612.8877,68437,82826,Rhinolophus ferrumequinum,0.026,0.026,-1,Echolocation,/mnt/ubna_data_01_mir/recover-20220825/UBNA_002/20220823_033000.WAV,Telephone Field,recover-20220825,002,1795
1612.8615,1612.8976,68437,81599,Rhinolophus ferrumequinum,0.022,0.022,-1,Echolocation,/mnt/ubna_data_01_mir/recover-20220825/UBNA_002/20220823_033000.WAV,Telephone Field,recover-20220825,002,1795
1612.8725,1612.888,21171,24924,Nyctalus leisleri,0.014,0.027,-1,Echolocation,/mnt/ubna_data_01_mir/recover-20220825/UBNA_002/20220823_033000.WAV,Telephone Field,recover-20220825,002,1795
1612.8935,1612.9359,68437,82801,Rhinolophus ferrumequinum,0.027,0.027,-1,Echolocation,/mnt/ubna_data_01_mir/recover-20220825/UBNA_002/20220823_033000.WAV,Telephone Field,recover-20220825,002,1795
1612.9325,1612.9427,28046,36952,Eptesicus serotinus,0.019,0.035,-1,Echolocation,/mnt/ubna_data_01_mir/recover-20220825/UBNA_002/20220823_033000.WAV,Telephone Field,recover-20220825,002,1795
1612.9405,1612.9764,68437,81565,Rhinolophus ferrumequinum,0.027,0.027,-1,Echolocation,/mnt/ubna_data_01_mir/recover-20220825/UBNA_002/20220823_033000.WAV,Telephone Field,recover-20220825,002,1795
1612.9815,1613.0195,68437,82604,Rhinolophus ferrumequinum,0.024,0.024,-1,Echolocation,/mnt/ubna_data_01_mir/recover-20220825/UBNA_002/20220823_033000.WAV,Telephone Field,recover-20220825,002,1795
1612.9905,1613.0056,37500,41756,Pipistrellus nathusii,0.019,0.027,-1,Echolocation,/mnt/ubna_data_01_mir/recover-20220825/UBNA_002/20220823_033000.WAV,Telephone Field,recover-20220825,002,1795
1613.0155,1613.0536,68437,82749,Rhinolophus ferrumequinum,0.022,0.022,-1,Echolocation,/mnt/ubna_data_01_mir/recover-20220825/UBNA_002/20220823_033000.WAV,Telephone Field,recover-20220825,002,1795
1613.0235,1613.0312,50390,54783,Pipistrellus pipistrellus,0.032,0.035,-1,Echolocation,/mnt/ubna_data_01_mir/recover-20220825/UBNA_002/20220823_033000.WAV,Telephone Field,recover-20220825,002,1795
1613.0535,1613.0614,23750,31716,Plecotus austriacus,0.008,0.024,-1,Echolocation,/mnt/ubna_data_01_mir/recover-20220825/UBNA_002/20220823_033000.WAV,Telephone Field,recover-20220825,002,1795
1613.0535,1613.0912,68437,82175,Rhinolophus ferrumequinum,0.023,0.023,-1,Echolocation,/mnt/ubna_data_01_mir/recover-20220825/UBNA_002/20220823_033000.WAV,Telephone Field,recover-20220825,002,1795
1613.0705,1613.1099,68437,82300,Rhinolophus ferrumequinum,0.024,0.024,-1,Echolocation,/mnt/ubna_data_01_mir/recover-20220825/UBNA_002/20220823_033000.WAV,Telephone Field,recover-20220825,002,1795
1613.0805,1613.0916,28906,37033,Eptesicus serotinus,0.035,0.055,-1,Echolocation,/mnt/ubna_data_01_mir/recover-20220825/UBNA_002/20220823_033000.WAV,Telephone Field,recover-20220825,002,1795
1613.1105,1613.1486,68437,81967,Rhinolophus ferrumequinum,0.024,0.024,-1,Echolocation,/mnt/ubna_data_01_mir/recover-20220825/UBNA_002/20220823_033000.WAV,Telephone Field,recover-20220825,002,1795
1613.1325,1613.173,68437,83203,Rhinolophus ferrumequinum,0.031,0.031,-1,Echolocation,/mnt/ubna_data_01_mir/recover-20220825/UBNA_002/20220823_033000.WAV,Telephone Field,recover-20220825,002,1795
1613.1395,1613.1485,23750,31315,Eptesicus serotinus,0.006,0.022,-1,Echolocation,/mnt/ubna_data_01_mir/recover-20220825/UBNA_002/20220823_033000.WAV,Telephone Field,recover-20220825,002,1795
1613.2215,1613.2297,28906,37493,Eptesicus serotinus,0.008,0.024,-1,Echolocation,/mnt/ubna_data_01_mir/recover-20220825/UBNA_002/20220823_033000.WAV,Telephone Field,recover-20220825,002,1795
1613.2225,1613.2613,68437,82292,Rhinolophus ferrumequinum,0.022,0.022,-1,Echolocation,/mnt/ubna_data_01_mir/recover-20220825/UBNA_002/20220823_033000.WAV,Telephone Field,recover-20220825,002,1795
1613.2345,1613.2448,22890,28348,Nyctalus leisleri,0.01,0.021,-1,Echolocation,/mnt/ubna_data_01_mir/recover-20220825/UBNA_002/20220823_033000.WAV,Telephone Field,recover-20220825,002,1795
1613.2425,1613.277,68437,82199,Rhinolophus ferrumequinum,0.022,0.022,-1,Echolocation,/mnt/ubna_data_01_mir/recover-20220825/UBNA_002/20220823_033000.WAV,Telephone Field,recover-20220825,002,1795
1613.2605,1613.2968,68437,81748,Rhinolophus ferrumequinum,0.025,0.025,-1,Echolocation,/mnt/ubna_data_01_mir/recover-20220825/UBNA_002/20220823_033000.WAV,Telephone Field,recover-20220825,002,1795
1613.2625,1613.2696,27187,38984,Eptesicus serotinus,0.007,0.023,-1,Echolocation,/mnt/ubna_data_01_mir/recover-20220825/UBNA_002/20220823_033000.WAV,Telephone Field,recover-20220825,002,1795
1613.2825,1613.3249,68437,83158,Rhinolophus ferrumequinum,0.038,0.038,-1,Echolocation,/mnt/ubna_data_01_mir/recover-20220825/UBNA_002/20220823_033000.WAV,Telephone Field,recover-20220825,002,1795
1613.3535,1613.3898,68437,81691,Rhinolophus ferrumequinum,0.022,0.022,-1,Echolocation,/mnt/ubna_data_01_mir/recover-20220825/UBNA_002/20220823_033000.WAV,Telephone Field,recover-20220825,002,1795
1613.3675,1613.3759,24609,32693,Eptesicus serotinus,0.006,0.023,-1,Echolocation,/mnt/ubna_data_01_mir/recover-20220825/UBNA_002/20220823_033000.WAV,Telephone Field,recover-20220825,002,1795
1613.3855,1613.3935,24609,33288,Plecotus austriacus,0.008,0.024,-1,Echolocation,/mnt/ubna_data_01_mir/recover-20220825/UBNA_002/20220823_033000.WAV,Telephone Field,recover-20220825,002,1795
1613.3925,1613.4317,68437,82393,Rhinolophus ferrumequinum,0.023,0.023,-1,Echolocation,/mnt/ubna_data_01_mir/recover-20220825/UBNA_002/20220823_033000.WAV,Telephone Field,recover-20220825,002,1795
1613.4185,1613.431,23750,29639,Nyctalus leisleri,0.01,0.023,-1,Echolocation,/mnt/ubna_data_01_mir/recover-20220825/UBNA_002/20220823_033000.WAV,Telephone Field,recover-20220825,002,1795
1613.4905,1613.4988,51250,55982,Pipistrellus pipistrellus,0.011,0.021,-1,Echolocation,/mnt/ubna_data_01_mir/recover-20220825/UBNA_002/20220823_033000.WAV,Telephone Field,recover-20220825,002,1795
1613.4905,1613.5329,68437,83383,Rhinolophus ferrumequinum,0.032,0.032,-1,Echolocation,/mnt/ubna_data_01_mir/recover-20220825/UBNA_002/20220823_033000.WAV,Telephone Field,recover-20220825,002,1795
1613.4915,1613.5015,22890,29825,Nyctalus leisleri,0.009,0.024,-1,Echolocation,/mnt/ubna_data_01_mir/recover-20220825/UBNA_002/20220823_033000.WAV,Telephone Field,recover-20220825,002,1795
1613.5065,1613.5171,22890,29113,Nyctalus leisleri,0.008,0.023,-1,Echolocation,/mnt/ubna_data_01_mir/recover-20220825/UBNA_002/20220823_033000.WAV,Telephone Field,recover-20220825,002,1795
1613.5375,1613.5436,48671,52910,Pipistrellus pipistrellus,0.025,0.026,-1,Echolocation,/mnt/ubna_data_01_mir/recover-20220825/UBNA_002/20220823_033000.WAV,Telephone Field,recover-20220825,002,1795
1613.5395,1613.5781,68437,81985,Rhinolophus ferrumequinum,0.024,0.024,-1,Echolocation,/mnt/ubna_data_01_mir/recover-20220825/UBNA_002/20220823_033000.WAV,Telephone Field,recover-20220825,002,1795
1613.5755,1613.5829,27187,37454,Eptesicus serotinus,0.012,0.031,-1,Echolocation,/mnt/ubna_data_01_mir/recover-20220825/UBNA_002/20220823_033000.WAV,Telephone Field,recover-20220825,002,1795
1613.5835,1613.6209,68437,81914,Rhinolophus ferrumequinum,0.022,0.022,-1,Echolocation,/mnt/ubna_data_01_mir/recover-20220825/UBNA_002/20220823_033000.WAV,Telephone Field,recover-20220825,002,1795
1613.5985,1613.6117,28906,34481,Eptesicus serotinus,0.015,0.025,-1,Echolocation,/mnt/ubna_data_01_mir/recover-20220825/UBNA_002/20220823_033000.WAV,Telephone Field,recover-20220825,002,1795
1613.6505,1613.6917,68437,82871,Rhinolophus ferrumequinum,0.029,0.029,-1,Echolocation,/mnt/ubna_data_01_mir/recover-20220825/UBNA_002/20220823_033000.WAV,Telephone Field,recover-20220825,002,1795
1613.6725,1613.7084,68437,81784,Rhinolophus ferrumequinum,0.023,0.023,-1,Echolocation,/mnt/ubna_data_01_mir/recover-20220825/UBNA_002/20220823_033000.WAV,Telephone Field,recover-20220825,002,1795
1613.6855,1613.6971,28906,35693,Eptesicus serotinus,0.029,0.049,-1,Echolocation,/mnt/ubna_data_01_mir/recover-20220825/UBNA_002/20220823_033000.WAV,Telephone Field,recover-20220825,002,1795
1613.6915,1613.7003,50390,56237,Pipistrellus pipistrellus,0.033,0.039,-1,Echolocation,/mnt/ubna_data_01_mir/recover-20220825/UBNA_002/20220823_033000.WAV,Telephone Field,recover-20220825,002,1795
1613.7105,1613.749,68437,82373,Rhinolophus ferrumequinum,0.023,0.023,-1,Echolocation,/mnt/ubna_data_01_mir/recover-20220825/UBNA_002/20220823_033000.WAV,Telephone Field,recover-20220825,002,1795
1613.7275,1613.7356,28046,39293,Eptesicus serotinus,0.014,0.029,-1,Echolocation,/mnt/ubna_data_01_mir/recover-20220825/UBNA_002/20220823_033000.WAV,Telephone Field,recover-20220825,002,1795
1613.7275,1613.7629,68437,80754,Rhinolophus ferrumequinum,0.022,0.022,-1,Echolocation,/mnt/ubna_data_01_mir/recover-20220825/UBNA_002/20220823_033000.WAV,Telephone Field,recover-20220825,002,1795
1613.7505,1613.791,68437,83274,Rhinolophus ferrumequinum,0.024,0.025,-1,Echolocation,/mnt/ubna_data_01_mir/recover-20220825/UBNA_002/20220823_033000.WAV,Telephone Field,recover-20220825,002,1795
1613.7675,1613.7779,28046,35818,Eptesicus serotinus,0.04,0.064,-1,Echolocation,/mnt/ubna_data_01_mir/recover-20220825/UBNA_002/20220823_033000.WAV,Telephone Field,recover-20220825,002,1795
1613.7855,1613.8237,68437,82158,Rhinolophus ferrumequinum,0.025,0.025,-1,Echolocation,/mnt/ubna_data_01_mir/recover-20220825/UBNA_002/20220823_033000.WAV,Telephone Field,recover-20220825,002,1795
1613.8135,1613.8527,68437,82552,Rhinolophus ferrumequinum,0.023,0.023,-1,Echolocation,/mnt/ubna_data_01_mir/recover-20220825/UBNA_002/20220823_033000.WAV,Telephone Field,recover-20220825,002,1795
1613.8315,1613.8391,28046,40032,Eptesicus serotinus,0.007,0.022,-1,Echolocation,/mnt/ubna_data_01_mir/recover-20220825/UBNA_002/20220823_033000.WAV,Telephone Field,recover-20220825,002,1795
1613.8525,1613.8901,68437,81682,Rhinolophus ferrumequinum,0.023,0.023,-1,Echolocation,/mnt/ubna_data_01_mir/recover-20220825/UBNA_002/20220823_033000.WAV,Telephone Field,recover-20220825,002,1795
1613.8715,1613.8794,45234,48987,Pipistrellus pipistrellus,0.065,0.067,-1,Echolocation,/mnt/ubna_data_01_mir/recover-20220825/UBNA_002/20220823_033000.WAV,Telephone Field,recover-20220825,002,1795
1613.9215,1613.9604,68437,82529,Rhinolophus ferrumequinum,0.022,0.022,-1,Echolocation,/mnt/ubna_data_01_mir/recover-20220825/UBNA_002/20220823_033000.WAV,Telephone Field,recover-20220825,002,1795
1613.9555,1613.9966,68437,82432,Rhinolophus ferrumequinum,0.028,0.028,-1,Echolocation,/mnt/ubna_data_01_mir/recover-20220825/UBNA_002/20220823_033000.WAV,Telephone Field,recover-20220825,002,1795
1614.0015,1614.0108,23750,30841,Nyctalus leisleri,0.015,0.038,-1,Echolocation,/mnt/ubna_data_01_mir/recover-20220825/UBNA_002/20220823_033000.WAV,Telephone Field,recover-20220825,002,1795
1614.0015,1614.0289,69296,80795,Rhinolophus ferrumequinum,0.03,0.03,-1,Echolocation,/mnt/ubna_data_01_mir/recover-20220825/UBNA_002/20220823_033000.WAV,Telephone Field,recover-20220825,002,1795
1614.0025,1614.0162,46953,51481,Pipistrellus pipistrellus,0.025,0.039,-1,Echolocation,/mnt/ubna_data_01_mir/recover-20220825/UBNA_002/20220823_033000.WAV,Telephone Field,recover-20220825,002,1795
1614.0195,1614.0292,27187,35612,Eptesicus serotinus,0.014,0.028,-1,Echolocation,/mnt/ubna_data_01_mir/recover-20220825/UBNA_002/20220823_033000.WAV,Telephone Field,recover-20220825,002,1795
1614.0535,1614.0914,68437,82144,Rhinolophus ferrumequinum,0.022,0.022,-1,Echolocation,/mnt/ubna_data_01_mir/recover-20220825/UBNA_002/20220823_033000.WAV,Telephone Field,recover-20220825,002,1795
1614.0935,1614.1037,28906,36578,Eptesicus serotinus,0.009,0.023,-1,Echolocation,/mnt/ubna_data_01_mir/recover-20220825/UBNA_002/20220823_033000.WAV,Telephone Field,recover-20220825,002,1795
1614.1435,1614.1842,68437,82159,Rhinolophus ferrumequinum,0.023,0.023,-1,Echolocation,/mnt/ubna_data_01_mir/recover-20220825/UBNA_002/20220823_033000.WAV,Telephone Field,recover-20220825,002,1795
1614.1465,1614.1571,23750,30916,Nyctalus leisleri,0.01,0.027,-1,Echolocation,/mnt/ubna_data_01_mir/recover-20220825/UBNA_002/20220823_033000.WAV,Telephone Field,recover-20220825,002,1795
1614.1575,1614.1991,68437,82840,Rhinolophus ferrumequinum,0.024,0.024,-1,Echolocation,/mnt/ubna_data_01_mir/recover-20220825/UBNA_002/20220823_033000.WAV,Telephone Field,recover-20220825,002,1795
1614.1965,1614.2049,26328,40078,Eptesicus serotinus,0.009,0.023,-1,Echolocation,/mnt/ubna_data_01_mir/recover-20220825/UBNA_002/20220823_033000.WAV,Telephone Field,recover-20220825,002,1795
1614.2115,1614.2211,38359,43720,Pipistrellus nathusii,0.011,0.022,-1,Echolocation,/mnt/ubna_data_01_mir/recover-20220825/UBNA_002/20220823_033000.WAV,Telephone Field,recover-20220825,002,1795
1614.2445,1614.2848,68437,82897,Rhinolophus ferrumequinum,0.026,0.026,-1,Echolocation,/mnt/ubna_data_01_mir/recover-20220825/UBNA_002/20220823_033000.WAV,Telephone Field,recover-20220825,002,1795
1614.2485,1614.255,27187,39142,Eptesicus serotinus,0.007,0.028,-1,Echolocation,/mnt/ubna_data_01_mir/recover-20220825/UBNA_002/20220823_033000.WAV,Telephone Field,recover-20220825,002,1795
1614.2545,1614.2602,39218,58508,Myotis brandtii,0.013,0.03,-1,Echolocation,/mnt/ubna_data_01_mir/recover-20220825/UBNA_002/20220823_033000.WAV,Telephone Field,recover-20220825,002,1795
1614.2945,1614.3366,68437,82789,Rhinolophus ferrumequinum,0.026,0.026,-1,Echolocation,/mnt/ubna_data_01_mir/recover-20220825/UBNA_002/20220823_033000.WAV,Telephone Field,recover-20220825,002,1795
1614.3075,1614.3496,68437,82839,Rhinolophus ferrumequinum,0.022,0.022,-1,Echolocation,/mnt/ubna_data_01_mir/recover-20220825/UBNA_002/20220823_033000.WAV,Telephone Field,recover-20220825,002,1795
1614.3295,1614.3663999999999,68437,81808,Rhinolophus ferrumequinum,0.026,0.026,-1,Echolocation,/mnt/ubna_data_01_mir/recover-20220825/UBNA_002/20220823_033000.WAV,Telephone Field,recover-20220825,002,1795
1614.3965,1614.4378,68437,82830,Rhinolophus ferrumequinum,0.032,0.032,-1,Echolocation,/mnt/ubna_data_01_mir/recover-20220825/UBNA_002/20220823_033000.WAV,Telephone Field,recover-20220825,002,1795
1614.4375,1614.4801,68437,83297,Rhinolophus ferrumequinum,0.033,0.033,-1,Echolocation,/mnt/ubna_data_01_mir/recover-20220825/UBNA_002/20220823_033000.WAV,Telephone Field,recover-20220825,002,1795
1614.4715,1614.5076,68437,81420,Rhinolophus ferrumequinum,0.024,0.024,-1,Echolocation,/mnt/ubna_data_01_mir/recover-20220825/UBNA_002/20220823_033000.WAV,Telephone Field,recover-20220825,002,1795
1614.4965,1614.5356,68437,81715,Rhinolophus ferrumequinum,0.026,0.026,-1,Echolocation,/mnt/ubna_data_01_mir/recover-20220825/UBNA_002/20220823_033000.WAV,Telephone Field,recover-20220825,002,1795
1614.5025,1614.5139,23750,30515,Nyctalus leisleri,0.011,0.028,-1,Echolocation,/mnt/ubna_data_01_mir/recover-20220825/UBNA_002/20220823_033000.WAV,Telephone Field,recover-20220825,002,1795
1614.5675,1614.5777,45234,52569,Pipistrellus pipistrellus,0.024,0.03,-1,Echolocation,/mnt/ubna_data_01_mir/recover-20220825/UBNA_002/20220823_033000.WAV,Telephone Field,recover-20220825,002,1795
1614.5875,1614.6277,68437,82340,Rhinolophus ferrumequinum,0.027,0.027,-1,Echolocation,/mnt/ubna_data_01_mir/recover-20220825/UBNA_002/20220823_033000.WAV,Telephone Field,recover-20220825,002,1795
1614.5915,1614.6005,27187,38798,Eptesicus serotinus,0.01,0.024,-1,Echolocation,/mnt/ubna_data_01_mir/recover-20220825/UBNA_002/20220823_033000.WAV,Telephone Field,recover-20220825,002,1795
1614.6215,1614.6345,31484,37447,Eptesicus serotinus,0.009,0.026,-1,Echolocation,/mnt/ubna_data_01_mir/recover-20220825/UBNA_002/20220823_033000.WAV,Telephone Field,recover-20220825,002,1795
1614.6405,1614.6824,68437,83192,Rhinolophus ferrumequinum,0.037,0.037,-1,Echolocation,/mnt/ubna_data_01_mir/recover-20220825/UBNA_002/20220823_033000.WAV,Telephone Field,recover-20220825,002,1795
1614.6775,1614.719,68437,83226,Rhinolophus ferrumequinum,0.024,0.024,-1,Echolocation,/mnt/ubna_data_01_mir/recover-20220825/UBNA_002/20220823_033000.WAV,Telephone Field,recover-20220825,002,1795
1614.6785,1614.6868,28046,39622,Eptesicus serotinus,0.01,0.027,-1,Echolocation,/mnt/ubna_data_01_mir/recover-20220825/UBNA_002/20220823_033000.WAV,Telephone Field,recover-20220825,002,1795
1614.7245,1614.7625,68437,81586,Rhinolophus ferrumequinum,0.026,0.026,-1,Echolocation,/mnt/ubna_data_01_mir/recover-20220825/UBNA_002/20220823_033000.WAV,Telephone Field,recover-20220825,002,1795
1614.7475,1614.7552,27187,41757,Eptesicus serotinus,0.008,0.023,-1,Echolocation,/mnt/ubna_data_01_mir/recover-20220825/UBNA_002/20220823_033000.WAV,Telephone Field,recover-20220825,002,1795
1614.8005,1614.8375,68437,81776,Rhinolophus ferrumequinum,0.023,0.023,-1,Echolocation,/mnt/ubna_data_01_mir/recover-20220825/UBNA_002/20220823_033000.WAV,Telephone Field,recover-20220825,002,1795
1614.8525,1614.8694,23750,27923,Nyctalus leisleri,0.023,0.048,-1,Echolocation,/mnt/ubna_data_01_mir/recover-20220825/UBNA_002/20220823_033000.WAV,Telephone Field,recover-20220825,002,1795
1614.9005,1614.9399,68437,82683,Rhinolophus ferrumequinum,0.031,0.031,-1,Echolocation,/mnt/ubna_data_01_mir/recover-20220825/UBNA_002/20220823_033000.WAV,Telephone Field,recover-20220825,002,1795
1614.9165,1614.9563,68437,82566,Rhinolophus ferrumequinum,0.024,0.024,-1,Echolocation,/mnt/ubna_data_01_mir/recover-20220825/UBNA_002/20220823_033000.WAV,Telephone Field,recover-20220825,002,1795
1614.9225,1614.9643,68437,82546,Rhinolophus ferrumequinum,0.024,0.024,-1,Echolocation,/mnt/ubna_data_01_mir/recover-20220825/UBNA_002/20220823_033000.WAV,Telephone Field,recover-20220825,002,1795
1614.9595,1614.9969,68437,82182,Rhinolophus ferrumequinum,0.023,0.023,-1,Echolocation,/mnt/ubna_data_01_mir/recover-20220825/UBNA_002/20220823_033000.WAV,Telephone Field,recover-20220825,002,1795
1614.9735,1614.9931,16875,20655,Nyctalus noctula,0.025,0.036,-1,Echolocation,/mnt/ubna_data_01_mir/recover-20220825/UBNA_002/20220823_033000.WAV,Telephone Field,recover-20220825,002,1795
1614.9805,1614.9876,26328,39799,Eptesicus serotinus,0.007,0.024,-1,Echolocation,/mnt/ubna_data_01_mir/recover-20220825/UBNA_002/20220823_033000.WAV,Telephone Field,recover-20220825,002,1795
1614.9985,1615.0359,68437,82348,Rhinolophus ferrumequinum,0.023,0.023,-1,Echolocation,/mnt/ubna_data_01_mir/recover-20220825/UBNA_002/20220823_033000.WAV,Telephone Field,recover-20220825,002,1795
1615.0085,1615.0464,68437,81978,Rhinolophus ferrumequinum,0.022,0.022,-1,Echolocation,/mnt/ubna_data_01_mir/recover-20220825/UBNA_002/20220823_033000.WAV,Telephone Field,recover-20220825,002,1795
1615.0205,1615.0274,26328,38165,Eptesicus serotinus,0.006,0.024,-1,Echolocation,/mnt/ubna_data_01_mir/recover-20220825/UBNA_002/20220823_033000.WAV,Telephone Field,recover-20220825,002,1795
1615.1345,1615.1458,22890,27518,Nyctalus leisleri,0.011,0.023,-1,Echolocation,/mnt/ubna_data_01_mir/recover-20220825/UBNA_002/20220823_033000.WAV,Telephone Field,recover-20220825,002,1795
1615.1575,1615.1948,68437,82453,Rhinolophus ferrumequinum,0.029,0.029,-1,Echolocation,/mnt/ubna_data_01_mir/recover-20220825/UBNA_002/20220823_033000.WAV,Telephone Field,recover-20220825,002,1795
1615.1765,1615.1833,27187,38327,Eptesicus serotinus,0.01,0.032,-1,Echolocation,/mnt/ubna_data_01_mir/recover-20220825/UBNA_002/20220823_033000.WAV,Telephone Field,recover-20220825,002,1795
1615.2045,1615.2448,68437,82563,Rhinolophus ferrumequinum,0.022,0.022,-1,Echolocation,/mnt/ubna_data_01_mir/recover-20220825/UBNA_002/20220823_033000.WAV,Telephone Field,recover-20220825,002,1795
1615.2155,1615.2282,24609,30379,Nyctalus leisleri,0.013,0.032,-1,Echolocation,/mnt/ubna_data_01_mir/recover-20220825/UBNA_002/20220823_033000.WAV,Telephone Field,recover-20220825,002,1795
1615.2325,1615.243,24609,32116,Eptesicus serotinus,0.012,0.028,-1,Echolocation,/mnt/ubna_data_01_mir/recover-20220825/UBNA_002/20220823_033000.WAV,Telephone Field,recover-20220825,002,1795
1615.2385,1615.2467,28046,39635,Eptesicus serotinus,0.012,0.03,-1,Echolocation,/mnt/ubna_data_01_mir/recover-20220825/UBNA_002/20220823_033000.WAV,Telephone Field,recover-20220825,002,1795
1615.2665,1615.2736,28046,40228,Eptesicus serotinus,0.008,0.026,-1,Echolocation,/mnt/ubna_data_01_mir/recover-20220825/UBNA_002/20220823_033000.WAV,Telephone Field,recover-20220825,002,1795
1615.2685,1615.3097,68437,82930,Rhinolophus ferrumequinum,0.023,0.023,-1,Echolocation,/mnt/ubna_data_01_mir/recover-20220825/UBNA_002/20220823_033000.WAV,Telephone Field,recover-20220825,002,1795
1615.3125,1615.3534,68437,82481,Rhinolophus ferrumequinum,0.026,0.026,-1,Echolocation,/mnt/ubna_data_01_mir/recover-20220825/UBNA_002/20220823_033000.WAV,Telephone Field,recover-20220825,002,1795
1615.3475,1615.3553,27187,38320,Eptesicus serotinus,0.008,0.023,-1,Echolocation,/mnt/ubna_data_01_mir/recover-20220825/UBNA_002/20220823_033000.WAV,Telephone Field,recover-20220825,002,1795
1615.4185,1615.4275,25468,34308,Eptesicus serotinus,0.008,0.022,-1,Echolocation,/mnt/ubna_data_01_mir/recover-20220825/UBNA_002/20220823_033000.WAV,Telephone Field,recover-20220825,002,1795
1615.4235,1615.4342,23750,28870,Nyctalus leisleri,0.01,0.022,-1,Echolocation,/mnt/ubna_data_01_mir/recover-20220825/UBNA_002/20220823_033000.WAV,Telephone Field,recover-20220825,002,1795
1615.4385,1615.4482,28046,37613,Eptesicus serotinus,0.031,0.051,-1,Echolocation,/mnt/ubna_data_01_mir/recover-20220825/UBNA_002/20220823_033000.WAV,Telephone Field,recover-20220825,002,1795
1615.4405,1615.4753,68437,81503,Rhinolophus ferrumequinum,0.025,0.025,-1,Echolocation,/mnt/ubna_data_01_mir/recover-20220825/UBNA_002/20220823_033000.WAV,Telephone Field,recover-20220825,002,1795
1615.4595,1615.4669,28046,39816,Eptesicus serotinus,0.007,0.024,-1,Echolocation,/mnt/ubna_data_01_mir/recover-20220825/UBNA_002/20220823_033000.WAV,Telephone Field,recover-20220825,002,1795
1615.4895,1615.4946,38359,52896,Myotis daubentonii,0.05,0.093,-1,Echolocation,/mnt/ubna_data_01_mir/recover-20220825/UBNA_002/20220823_033000.WAV,Telephone Field,recover-20220825,002,1795
1615.5345,1615.5446,28046,35771,Eptesicus serotinus,0.01,0.024,-1,Echolocation,/mnt/ubna_data_01_mir/recover-20220825/UBNA_002/20220823_033000.WAV,Telephone Field,recover-20220825,002,1795
1615.5665,1615.5776,28046,35380,Eptesicus serotinus,0.015,0.029,-1,Echolocation,/mnt/ubna_data_01_mir/recover-20220825/UBNA_002/20220823_033000.WAV,Telephone Field,recover-20220825,002,1795
1615.5765,1615.5817,40078,53256,Myotis daubentonii,0.085,0.238,-1,Echolocation,/mnt/ubna_data_01_mir/recover-20220825/UBNA_002/20220823_033000.WAV,Telephone Field,recover-20220825,002,1795
1615.5785,1615.5909,21171,28510,Nyctalus noctula,0.016,0.042,-1,Echolocation,/mnt/ubna_data_01_mir/recover-20220825/UBNA_002/20220823_033000.WAV,Telephone Field,recover-20220825,002,1795
1615.6045,1615.6151,27187,34369,Eptesicus serotinus,0.013,0.028,-1,Echolocation,/mnt/ubna_data_01_mir/recover-20220825/UBNA_002/20220823_033000.WAV,Telephone Field,recover-20220825,002,1795
1615.6105,1615.6495,68437,82616,Rhinolophus ferrumequinum,0.024,0.024,-1,Echolocation,/mnt/ubna_data_01_mir/recover-20220825/UBNA_002/20220823_033000.WAV,Telephone Field,recover-20220825,002,1795
1615.6605,1615.6661,40078,50480,Myotis daubentonii,0.124,0.26,-1,Echolocation,/mnt/ubna_data_01_mir/recover-20220825/UBNA_002/20220823_033000.WAV,Telephone Field,recover-20220825,002,1795
1615.6675,1615.7058,68437,82293,Rhinolophus ferrumequinum,0.023,0.023,-1,Echolocation,/mnt/ubna_data_01_mir/recover-20220825/UBNA_002/20220823_033000.WAV,Telephone Field,recover-20220825,002,1795
1615.7005,1615.7401,68437,82206,Rhinolophus ferrumequinum,0.022,0.022,-1,Echolocation,/mnt/ubna_data_01_mir/recover-20220825/UBNA_002/20220823_033000.WAV,Telephone Field,recover-20220825,002,1795
1615.7295,1615.7705,68437,83064,Rhinolophus ferrumequinum,0.034,0.034,-1,Echolocation,/mnt/ubna_data_01_mir/recover-20220825/UBNA_002/20220823_033000.WAV,Telephone Field,recover-20220825,002,1795
1615.7435,1615.7606,20312,24861,Nyctalus noctula,0.014,0.032,-1,Echolocation,/mnt/ubna_data_01_mir/recover-20220825/UBNA_002/20220823_033000.WAV,Telephone Field,recover-20220825,002,1795
1615.7445,1615.7506,40937,52694,Pipistrellus nathusii,0.188,0.447,-1,Echolocation,/mnt/ubna_data_01_mir/recover-20220825/UBNA_002/20220823_033000.WAV,Telephone Field,recover-20220825,002,1795
1615.8335,1615.8692,68437,81917,Rhinolophus ferrumequinum,0.031,0.031,-1,Echolocation,/mnt/ubna_data_01_mir/recover-20220825/UBNA_002/20220823_033000.WAV,Telephone Field,recover-20220825,002,1795
1615.8345,1615.841,40937,53623,Pipistrellus nathusii,0.331,0.531,-1,Echolocation,/mnt/ubna_data_01_mir/recover-20220825/UBNA_002/20220823_033000.WAV,Telephone Field,recover-20220825,002,1795
1615.8505,1615.8595,27187,34824,Eptesicus serotinus,0.01,0.025,-1,Echolocation,/mnt/ubna_data_01_mir/recover-20220825/UBNA_002/20220823_033000.WAV,Telephone Field,recover-20220825,002,1795
1615.9045,1615.9151,24609,30786,Nyctalus leisleri,0.009,0.025,-1,Echolocation,/mnt/ubna_data_01_mir/recover-20220825/UBNA_002/20220823_033000.WAV,Telephone Field,recover-20220825,002,1795
1615.9195,1615.9598,68437,82761,Rhinolophus ferrumequinum,0.025,0.025,-1,Echolocation,/mnt/ubna_data_01_mir/recover-20220825/UBNA_002/20220823_033000.WAV,Telephone Field,recover-20220825,002,1795
1615.9215,1615.93,40937,47705,Pipistrellus nathusii,0.339,0.507,-1,Echolocation,/mnt/ubna_data_01_mir/recover-20220825/UBNA_002/20220823_033000.WAV,Telephone Field,recover-20220825,002,1795
1615.9635,1615.9741,27187,33363,Eptesicus serotinus,0.017,0.032,-1,Echolocation,/mnt/ubna_data_01_mir/recover-20220825/UBNA_002/20220823_033000.WAV,Telephone Field,recover-20220825,002,1795
1616.0015,1616.0102,23750,33423,Nyctalus leisleri,0.006,0.028,-1,Echolocation,/mnt/ubna_data_01_mir/recover-20220825/UBNA_002/20220823_033000.WAV,Telephone Field,recover-20220825,002,1795
1616.0015,1616.0302,68437,81284,Rhinolophus ferrumequinum,0.026,0.027,-1,Echolocation,/mnt/ubna_data_01_mir/recover-20220825/UBNA_002/20220823_033000.WAV,Telephone Field,recover-20220825,002,1795
1616.0085,1616.0161,40937,55395,Pipistrellus nathusii,0.547,0.613,-1,Echolocation,/mnt/ubna_data_01_mir/recover-20220825/UBNA_002/20220823_033000.WAV,Telephone Field,recover-20220825,002,1795
1616.0195,1616.0279,28046,35505,Eptesicus serotinus,0.007,0.023,-1,Echolocation,/mnt/ubna_data_01_mir/recover-20220825/UBNA_002/20220823_033000.WAV,Telephone Field,recover-20220825,002,1795
1616.0385,1616.0457,28046,38716,Eptesicus serotinus,0.009,0.025,-1,Echolocation,/mnt/ubna_data_01_mir/recover-20220825/UBNA_002/20220823_033000.WAV,Telephone Field,recover-20220825,002,1795
1616.0595,1616.0685,38359,43272,Pipistrellus nathusii,0.037,0.047,-1,Echolocation,/mnt/ubna_data_01_mir/recover-20220825/UBNA_002/20220823_033000.WAV,Telephone Field,recover-20220825,002,1795
1616.0835,1616.0903,33203,46224,Barbastellus barbastellus,0.008,0.025,-1,Echolocation,/mnt/ubna_data_01_mir/recover-20220825/UBNA_002/20220823_033000.WAV,Telephone Field,recover-20220825,002,1795
1616.1005,1616.1077,51250,58774,Pipistrellus pygmaeus,0.032,0.034,-1,Echolocation,/mnt/ubna_data_01_mir/recover-20220825/UBNA_002/20220823_033000.WAV,Telephone Field,recover-20220825,002,1795
1616.1015,1616.1097,38359,43302,Pipistrellus nathusii,0.017,0.027,-1,Echolocation,/mnt/ubna_data_01_mir/recover-20220825/UBNA_002/20220823_033000.WAV,Telephone Field,recover-20220825,002,1795
1616.1025,1616.1109,27187,37252,Eptesicus serotinus,0.008,0.021,-1,Echolocation,/mnt/ubna_data_01_mir/recover-20220825/UBNA_002/20220823_033000.WAV,Telephone Field,recover-20220825,002,1795
1616.1095,1616.117,52109,57875,Pipistrellus pygmaeus,0.029,0.031,-1,Echolocation,/mnt/ubna_data_01_mir/recover-20220825/UBNA_002/20220823_033000.WAV,Telephone Field,recover-20220825,002,1795
1616.1115,1616.121,34062,40675,Pipistrellus nathusii,0.009,0.023,-1,Echolocation,/mnt/ubna_data_01_mir/recover-20220825/UBNA_002/20220823_033000.WAV,Telephone Field,recover-20220825,002,1795
1616.1125,1616.1212,27187,37590,Eptesicus serotinus,0.01,0.022,-1,Echolocation,/mnt/ubna_data_01_mir/recover-20220825/UBNA_002/20220823_033000.WAV,Telephone Field,recover-20220825,002,1795
1616.1375,1616.1448,45234,51816,Pipistrellus pipistrellus,0.016,0.023,-1,Echolocation,/mnt/ubna_data_01_mir/recover-20220825/UBNA_002/20220823_033000.WAV,Telephone Field,recover-20220825,002,1795
1616.1445,1616.1517,55546,62649,Pipistrellus pygmaeus,0.027,0.028,-1,Echolocation,/mnt/ubna_data_01_mir/recover-20220825/UBNA_002/20220823_033000.WAV,Telephone Field,recover-20220825,002,1795
1616.1685,1616.1763,40937,51306,Pipistrellus nathusii,0.556,0.6,-1,Echolocation,/mnt/ubna_data_01_mir/recover-20220825/UBNA_002/20220823_033000.WAV,Telephone Field,recover-20220825,002,1795
1616.1785,1616.1857,54687,70287,Pipistrellus pygmaeus,0.023,0.024,-1,Echolocation,/mnt/ubna_data_01_mir/recover-20220825/UBNA_002/20220823_033000.WAV,Telephone Field,recover-20220825,002,1795
1616.1925,1616.1989,26328,38883,Plecotus auritus,0.007,0.025,-1,Echolocation,/mnt/ubna_data_01_mir/recover-20220825/UBNA_002/20220823_033000.WAV,Telephone Field,recover-20220825,002,1795
1616.2405,1616.2463,37500,52277,Myotis brandtii,0.008,0.023,-1,Echolocation,/mnt/ubna_data_01_mir/recover-20220825/UBNA_002/20220823_033000.WAV,Telephone Field,recover-20220825,002,1795
1616.2525,1616.2642,21171,25760,Nyctalus leisleri,0.01,0.024,-1,Echolocation,/mnt/ubna_data_01_mir/recover-20220825/UBNA_002/20220823_033000.WAV,Telephone Field,recover-20220825,002,1795
1616.2535,1616.2619,40078,53428,Pipistrellus nathusii,0.454,0.561,-1,Echolocation,/mnt/ubna_data_01_mir/recover-20220825/UBNA_002/20220823_033000.WAV,Telephone Field,recover-20220825,002,1795
1616.2535,1616.2597,49531,54373,Pipistrellus pipistrellus,0.013,0.022,-1,Echolocation,/mnt/ubna_data_01_mir/recover-20220825/UBNA_002/20220823_033000.WAV,Telephone Field,recover-20220825,002,1795
1616.3395,1616.3466,40937,53276,Pipistrellus nathusii,0.593,0.621,-1,Echolocation,/mnt/ubna_data_01_mir/recover-20220825/UBNA_002/20220823_033000.WAV,Telephone Field,recover-20220825,002,1795
1616.3445,1616.352,26328,34508,Eptesicus serotinus,0.01,0.028,-1,Echolocation,/mnt/ubna_data_01_mir/recover-20220825/UBNA_002/20220823_033000.WAV,Telephone Field,recover-20220825,002,1795
1616.3645,1616.4002,68437,82541,Rhinolophus ferrumequinum,0.023,0.024,-1,Echolocation,/mnt/ubna_data_01_mir/recover-20220825/UBNA_002/20220823_033000.WAV,Telephone Field,recover-20220825,002,1795
1616.3825,1616.3902,39218,50164,Pipistrellus nathusii,0.01,0.03,-1,Echolocation,/mnt/ubna_data_01_mir/recover-20220825/UBNA_002/20220823_033000.WAV,Telephone Field,recover-20220825,002,1795
1616.3865,1616.3922,31484,44817,Barbastellus barbastellus,0.011,0.033,-1,Echolocation,/mnt/ubna_data_01_mir/recover-20220825/UBNA_002/20220823_033000.WAV,Telephone Field,recover-20220825,002,1795
1616.4265,1616.4325,49531,54420,Pipistrellus pipistrellus,0.014,0.024,-1,Echolocation,/mnt/ubna_data_01_mir/recover-20220825/UBNA_002/20220823_033000.WAV,Telephone Field,recover-20220825,002,1795
1616.4265,1616.4345,40078,53129,Pipistrellus nathusii,0.598,0.65,-1,Echolocation,/mnt/ubna_data_01_mir/recover-20220825/UBNA_002/20220823_033000.WAV,Telephone Field,recover-20220825,002,1795
1616.4275,1616.4333,29765,43697,Myotis daubentonii,0.007,0.021,-1,Echolocation,/mnt/ubna_data_01_mir/recover-20220825/UBNA_002/20220823_033000.WAV,Telephone Field,recover-20220825,002,1795
1616.4545,1616.463,27187,36867,Eptesicus serotinus,0.01,0.023,-1,Echolocation,/mnt/ubna_data_01_mir/recover-20220825/UBNA_002/20220823_033000.WAV,Telephone Field,recover-20220825,002,1795
1616.4735,1616.5108,68437,82763,Rhinolophus ferrumequinum,0.024,0.024,-1,Echolocation,/mnt/ubna_data_01_mir/recover-20220825/UBNA_002/20220823_033000.WAV,Telephone Field,recover-20220825,002,1795
1616.4955,1616.5055,40937,45411,Pipistrellus nathusii,0.027,0.041,-1,Echolocation,/mnt/ubna_data_01_mir/recover-20220825/UBNA_002/20220823_033000.WAV,Telephone Field,recover-20220825,002,1795
1616.4985,1616.5048,28046,41425,Eptesicus serotinus,0.006,0.021,-1,Echolocation,/mnt/ubna_data_01_mir/recover-20220825/UBNA_002/20220823_033000.WAV,Telephone Field,recover-20220825,002,1795
1616.4985,1616.5043,33203,44791,Barbastellus barbastellus,0.006,0.023,-1,Echolocation,/mnt/ubna_data_01_mir/recover-20220825/UBNA_002/20220823_033000.WAV,Telephone Field,recover-20220825,002,1795
1616.5145,1616.5204,50390,54959,Pipistrellus pipistrellus,0.015,0.027,-1,Echolocation,/mnt/ubna_data_01_mir/recover-20220825/UBNA_002/20220823_033000.WAV,Telephone Field,recover-20220825,002,1795
1616.5145,1616.5218,40078,55423,Pipistrellus nathusii,0.608,0.644,-1,Echolocation,/mnt/ubna_data_01_mir/recover-20220825/UBNA_002/20220823_033000.WAV,Telephone Field,recover-20220825,002,1795
1616.5765,1616.6128,68437,81193,Rhinolophus ferrumequinum,0.023,0.023,-1,Echolocation,/mnt/ubna_data_01_mir/recover-20220825/UBNA_002/20220823_033000.WAV,Telephone Field,recover-20220825,002,1795
1616.5785,1616.5901,33203,37761,Pipistrellus nathusii,0.017,0.04,-1,Echolocation,/mnt/ubna_data_01_mir/recover-20220825/UBNA_002/20220823_033000.WAV,Telephone Field,recover-20220825,002,1795
1616.6035,1616.6108,40078,56405,Pipistrellus nathusii,0.594,0.649,-1,Echolocation,/mnt/ubna_data_01_mir/recover-20220825/UBNA_002/20220823_033000.WAV,Telephone Field,recover-20220825,002,1795
1616.6575,1616.6639,52968,61338,Pipistrellus pygmaeus,0.025,0.026,-1,Echolocation,/mnt/ubna_data_01_mir/recover-20220825/UBNA_002/20220823_033000.WAV,Telephone Field,recover-20220825,002,1795
1616.6925,1616.7001,40937,54818,Pipistrellus nathusii,0.541,0.639,-1,Echolocation,/mnt/ubna_data_01_mir/recover-20220825/UBNA_002/20220823_033000.WAV,Telephone Field,recover-20220825,002,1795
1616.6925,1616.6984,29765,47795,Myotis daubentonii,0.006,0.022,-1,Echolocation,/mnt/ubna_data_01_mir/recover-20220825/UBNA_002/20220823_033000.WAV,Telephone Field,recover-20220825,002,1795
1616.6935,1616.6995,48671,53775,Pipistrellus pipistrellus,0.013,0.026,-1,Echolocation,/mnt/ubna_data_01_mir/recover-20220825/UBNA_002/20220823_033000.WAV,Telephone Field,recover-20220825,002,1795
1616.7015,1616.7094,27187,33936,Eptesicus serotinus,0.007,0.021,-1,Echolocation,/mnt/ubna_data_01_mir/recover-20220825/UBNA_002/20220823_033000.WAV,Telephone Field,recover-20220825,002,1795
1616.7075,1616.7406,68437,80830,Rhinolophus ferrumequinum,0.023,0.023,-1,Echolocation,/mnt/ubna_data_01_mir/recover-20220825/UBNA_002/20220823_033000.WAV,Telephone Field,recover-20220825,002,1795
1616.7235,1616.7315,28906,38937,Eptesicus serotinus,0.008,0.021,-1,Echolocation,/mnt/ubna_data_01_mir/recover-20220825/UBNA_002/20220823_033000.WAV,Telephone Field,recover-20220825,002,1795
1616.7415,1616.75,28046,41330,Eptesicus serotinus,0.01,0.023,-1,Echolocation,/mnt/ubna_data_01_mir/recover-20220825/UBNA_002/20220823_033000.WAV,Telephone Field,recover-20220825,002,1795
1616.7565,1616.7681,36640,41579,Pipistrellus nathusii,0.026,0.041,-1,Echolocation,/mnt/ubna_data_01_mir/recover-20220825/UBNA_002/20220823_033000.WAV,Telephone Field,recover-20220825,002,1795
1616.7795,1616.7867,40078,55546,Pipistrellus nathusii,0.597,0.66,-1,Echolocation,/mnt/ubna_data_01_mir/recover-20220825/UBNA_002/20220823_033000.WAV,Telephone Field,recover-20220825,002,1795
1616.7895,1616.7979,53828,65591,Pipistrellus pygmaeus,0.023,0.024,-1,Echolocation,/mnt/ubna_data_01_mir/recover-20220825/UBNA_002/20220823_033000.WAV,Telephone Field,recover-20220825,002,1795
1616.8685,1616.8757,40078,57481,Pipistrellus nathusii,0.599,0.664,-1,Echolocation,/mnt/ubna_data_01_mir/recover-20220825/UBNA_002/20220823_033000.WAV,Telephone Field,recover-20220825,002,1795
1616.8685,1616.8753,55546,60730,Pipistrellus pygmaeus,0.035,0.036,-1,Echolocation,/mnt/ubna_data_01_mir/recover-20220825/UBNA_002/20220823_033000.WAV,Telephone Field,recover-20220825,002,1795
1616.9065,1616.9414,68437,82047,Rhinolophus ferrumequinum,0.024,0.024,-1,Echolocation,/mnt/ubna_data_01_mir/recover-20220825/UBNA_002/20220823_033000.WAV,Telephone Field,recover-20220825,002,1795
1616.9155,1616.9228,53828,59676,Pipistrellus pygmaeus,0.022,0.023,-1,Echolocation,/mnt/ubna_data_01_mir/recover-20220825/UBNA_002/20220823_033000.WAV,Telephone Field,recover-20220825,002,1795
1616.9545,1616.9621,40937,54447,Pipistrellus nathusii,0.49,0.585,-1,Echolocation,/mnt/ubna_data_01_mir/recover-20220825/UBNA_002/20220823_033000.WAV,Telephone Field,recover-20220825,002,1795
1616.9685,1617.0022,68437,81311,Rhinolophus ferrumequinum,0.021,0.022,-1,Echolocation,/mnt/ubna_data_01_mir/recover-20220825/UBNA_002/20220823_033000.WAV,Telephone Field,recover-20220825,002,1795
1616.9955,1617.0015,35781,52006,Myotis brandtii,0.01,0.021,-1,Echolocation,/mnt/ubna_data_01_mir/recover-20220825/UBNA_002/20220823_033000.WAV,Telephone Field,recover-20220825,002,1795
1617.0035,1617.0343,68437,81078,Rhinolophus ferrumequinum,0.021,0.021,-1,Echolocation,/mnt/ubna_data_01_mir/recover-20220825/UBNA_002/20220823_033000.WAV,Telephone Field,recover-20220825,002,1795
1617.0045,1617.0104,28046,40359,Plecotus auritus,0.013,0.035,-1,Echolocation,/mnt/ubna_data_01_mir/recover-20220825/UBNA_002/20220823_033000.WAV,Telephone Field,recover-20220825,002,1795
1617.0165,1617.0235,56406,65912,Pipistrellus pygmaeus,0.027,0.027,-1,Echolocation,/mnt/ubna_data_01_mir/recover-20220825/UBNA_002/20220823_033000.WAV,Telephone Field,recover-20220825,002,1795
1617.0395,1617.0471,52109,58796,Pipistrellus pygmaeus,0.036,0.038,-1,Echolocation,/mnt/ubna_data_01_mir/recover-20220825/UBNA_002/20220823_033000.WAV,Telephone Field,recover-20220825,002,1795
1617.0465,1617.0531,40078,56690,Pipistrellus nathusii,0.663,0.687,-1,Echolocation,/mnt/ubna_data_01_mir/recover-20220825/UBNA_002/20220823_033000.WAV,Telephone Field,recover-20220825,002,1795
1617.0545,1617.0614,38359,48200,Myotis brandtii,0.011,0.026,-1,Echolocation,/mnt/ubna_data_01_mir/recover-20220825/UBNA_002/20220823_033000.WAV,Telephone Field,recover-20220825,002,1795
1617.0775,1617.1147,68437,82398,Rhinolophus ferrumequinum,0.022,0.023,-1,Echolocation,/mnt/ubna_data_01_mir/recover-20220825/UBNA_002/20220823_033000.WAV,Telephone Field,recover-20220825,002,1795
1617.0995,1617.1298,68437,79984,Rhinolophus ferrumequinum,0.022,0.022,-1,Echolocation,/mnt/ubna_data_01_mir/recover-20220825/UBNA_002/20220823_033000.WAV,Telephone Field,recover-20220825,002,1795
1617.1375,1617.1458,40078,58953,Pipistrellus nathusii,0.53,0.628,-1,Echolocation,/mnt/ubna_data_01_mir/recover-20220825/UBNA_002/20220823_033000.WAV,Telephone Field,recover-20220825,002,1795
1617.1375,1617.1465,56406,61403,Pipistrellus pygmaeus,0.02,0.021,-1,Echolocation,/mnt/ubna_data_01_mir/recover-20220825/UBNA_002/20220823_033000.WAV,Telephone Field,recover-20220825,002,1795
1617.1605,1617.1686,48671,54227,Pipistrellus pygmaeus,0.017,0.028,-1,Echolocation,/mnt/ubna_data_01_mir/recover-20220825/UBNA_002/20220823_033000.WAV,Telephone Field,recover-20220825,002,1795
1617.1665,1617.1741,28046,37022,Eptesicus serotinus,0.008,0.023,-1,Echolocation,/mnt/ubna_data_01_mir/recover-20220825/UBNA_002/20220823_033000.WAV,Telephone Field,recover-20220825,002,1795
1617.1855,1617.1915,24609,38591,Plecotus auritus,0.01,0.029,-1,Echolocation,/mnt/ubna_data_01_mir/recover-20220825/UBNA_002/20220823_033000.WAV,Telephone Field,recover-20220825,002,1795
1617.2005,1617.2088,55546,63544,Pipistrellus pygmaeus,0.029,0.029,-1,Echolocation,/mnt/ubna_data_01_mir/recover-20220825/UBNA_002/20220823_033000.WAV,Telephone Field,recover-20220825,002,1795
1617.2035,1617.2116,28046,38677,Eptesicus serotinus,0.01,0.025,-1,Echolocation,/mnt/ubna_data_01_mir/recover-20220825/UBNA_002/20220823_033000.WAV,Telephone Field,recover-20220825,002,1795
1617.2285,1617.2348,31484,55081,Myotis brandtii,0.01,0.029,-1,Echolocation,/mnt/ubna_data_01_mir/recover-20220825/UBNA_002/20220823_033000.WAV,Telephone Field,recover-20220825,002,1795
1617.2295,1617.2379,40078,57911,Pipistrellus nathusii,0.559,0.65,-1,Echolocation,/mnt/ubna_data_01_mir/recover-20220825/UBNA_002/20220823_033000.WAV,Telephone Field,recover-20220825,002,1795
1617.2305,1617.2366,49531,55183,Pipistrellus pipistrellus,0.013,0.025,-1,Echolocation,/mnt/ubna_data_01_mir/recover-20220825/UBNA_002/20220823_033000.WAV,Telephone Field,recover-20220825,002,1795
1617.2925,1617.3238,68437,81808,Rhinolophus ferrumequinum,0.021,0.021,-1,Echolocation,/mnt/ubna_data_01_mir/recover-20220825/UBNA_002/20220823_033000.WAV,Telephone Field,recover-20220825,002,1795
1617.2945,1617.3014,28046,40144,Eptesicus serotinus,0.007,0.024,-1,Echolocation,/mnt/ubna_data_01_mir/recover-20220825/UBNA_002/20220823_033000.WAV,Telephone Field,recover-20220825,002,1795
1617.2955,1617.3024,32343,44440,Barbastellus barbastellus,0.006,0.021,-1,Echolocation,/mnt/ubna_data_01_mir/recover-20220825/UBNA_002/20220823_033000.WAV,Telephone Field,recover-20220825,002,1795
1617.3015,1617.308,47812,54013,Pipistrellus pipistrellus,0.023,0.03,-1,Echolocation,/mnt/ubna_data_01_mir/recover-20220825/UBNA_002/20220823_033000.WAV,Telephone Field,recover-20220825,002,1795
1617.3035,1617.3103,37500,49522,Myotis brandtii,0.009,0.023,-1,Echolocation,/mnt/ubna_data_01_mir/recover-20220825/UBNA_002/20220823_033000.WAV,Telephone Field,recover-20220825,002,1795
1617.3095,1617.3171,27187,36823,Eptesicus serotinus,0.007,0.021,-1,Echolocation,/mnt/ubna_data_01_mir/recover-20220825/UBNA_002/20220823_033000.WAV,Telephone Field,recover-20220825,002,1795
1617.3185,1617.3265,40078,57984,Pipistrellus nathusii,0.615,0.665,-1,Echolocation,/mnt/ubna_data_01_mir/recover-20220825/UBNA_002/20220823_033000.WAV,Telephone Field,recover-20220825,002,1795
1617.3275,1617.3344,31484,40356,Myotis daubentonii,0.009,0.021,-1,Echolocation,/mnt/ubna_data_01_mir/recover-20220825/UBNA_002/20220823_033000.WAV,Telephone Field,recover-20220825,002,1795
1617.3795,1617.3893,25468,32728,Eptesicus serotinus,0.009,0.021,-1,Echolocation,/mnt/ubna_data_01_mir/recover-20220825/UBNA_002/20220823_033000.WAV,Telephone Field,recover-20220825,002,1795
1617.3885,1617.3982,26328,32519,Eptesicus serotinus,0.011,0.025,-1,Echolocation,/mnt/ubna_data_01_mir/recover-20220825/UBNA_002/20220823_033000.WAV,Telephone Field,recover-20220825,002,1795
1617.4045,1617.4137,53828,59045,Pipistrellus pygmaeus,0.025,0.029,-1,Echolocation,/mnt/ubna_data_01_mir/recover-20220825/UBNA_002/20220823_033000.WAV,Telephone Field,recover-20220825,002,1795
1617.4055,1617.4138,38359,60092,Pipistrellus nathusii,0.625,0.667,-1,Echolocation,/mnt/ubna_data_01_mir/recover-20220825/UBNA_002/20220823_033000.WAV,Telephone Field,recover-20220825,002,1795
1617.4135,1617.419,30625,39483,Myotis daubentonii,0.01,0.023,-1,Echolocation,/mnt/ubna_data_01_mir/recover-20220825/UBNA_002/20220823_033000.WAV,Telephone Field,recover-20220825,002,1795
1617.4245,1617.453,68437,81073,Rhinolophus ferrumequinum,0.027,0.027,-1,Echolocation,/mnt/ubna_data_01_mir/recover-20220825/UBNA_002/20220823_033000.WAV,Telephone Field,recover-20220825,002,1795
1617.4275,1617.4342,40078,50112,Pipistrellus nathusii,0.006,0.022,-1,Echolocation,/mnt/ubna_data_01_mir/recover-20220825/UBNA_002/20220823_033000.WAV,Telephone Field,recover-20220825,002,1795
1617.4815,1617.4874,27187,36960,Plecotus auritus,0.013,0.032,-1,Echolocation,/mnt/ubna_data_01_mir/recover-20220825/UBNA_002/20220823_033000.WAV,Telephone Field,recover-20220825,002,1795
1617.4935,1617.4999,31484,55984,Myotis brandtii,0.01,0.024,-1,Echolocation,/mnt/ubna_data_01_mir/recover-20220825/UBNA_002/20220823_033000.WAV,Telephone Field,recover-20220825,002,1795
1617.4945,1617.501,50390,56158,Pipistrellus pipistrellus,0.012,0.022,-1,Echolocation,/mnt/ubna_data_01_mir/recover-20220825/UBNA_002/20220823_033000.WAV,Telephone Field,recover-20220825,002,1795
1617.4955,1617.5045,39218,57563,Pipistrellus nathusii,0.615,0.69,-1,Echolocation,/mnt/ubna_data_01_mir/recover-20220825/UBNA_002/20220823_033000.WAV,Telephone Field,recover-20220825,002,1795
1617.5325,1617.5659,68437,81901,Rhinolophus ferrumequinum,0.023,0.024,-1,Echolocation,/mnt/ubna_data_01_mir/recover-20220825/UBNA_002/20220823_033000.WAV,Telephone Field,recover-20220825,002,1795
1617.5795,1617.5855999999999,31484,57125,Myotis brandtii,0.012,0.027,-1,Echolocation,/mnt/ubna_data_01_mir/recover-20220825/UBNA_002/20220823_033000.WAV,Telephone Field,recover-20220825,002,1795
1617.5825,1617.5913,39218,60339,Pipistrellus nathusii,0.695,0.733,-1,Echolocation,/mnt/ubna_data_01_mir/recover-20220825/UBNA_002/20220823_033000.WAV,Telephone Field,recover-20220825,002,1795
1617.5835,1617.5888,52109,57231,Pipistrellus pipistrellus,0.019,0.035,-1,Echolocation,/mnt/ubna_data_01_mir/recover-20220825/UBNA_002/20220823_033000.WAV,Telephone Field,recover-20220825,002,1795
1617.6675,1617.6761,39218,62041,Pipistrellus nathusii,0.682,0.721,-1,Echolocation,/mnt/ubna_data_01_mir/recover-20220825/UBNA_002/20220823_033000.WAV,Telephone Field,recover-20220825,002,1795
1617.6675,1617.6778,56406,62385,Pipistrellus pygmaeus,0.035,0.037,-1,Echolocation,/mnt/ubna_data_01_mir/recover-20220825/UBNA_002/20220823_033000.WAV,Telephone Field,recover-20220825,002,1795
1617.6955,1617.7047,24609,33960,Eptesicus serotinus,0.007,0.023,-1,Echolocation,/mnt/ubna_data_01_mir/recover-20220825/UBNA_002/20220823_033000.WAV,Telephone Field,recover-20220825,002,1795
1617.7215,1617.7282,24609,35726,Plecotus austriacus,0.007,0.024,-1,Echolocation,/mnt/ubna_data_01_mir/recover-20220825/UBNA_002/20220823_033000.WAV,Telephone Field,recover-20220825,002,1795
1617.7265,1617.7612,68437,81348,Rhinolophus ferrumequinum,0.023,0.023,-1,Echolocation,/mnt/ubna_data_01_mir/recover-20220825/UBNA_002/20220823_033000.WAV,Telephone Field,recover-20220825,002,1795
1617.7665,1617.8014,68437,81547,Rhinolophus ferrumequinum,0.024,0.024,-1,Echolocation,/mnt/ubna_data_01_mir/recover-20220825/UBNA_002/20220823_033000.WAV,Telephone Field,recover-20220825,002,1795
1617.7665,1617.7742,27187,36760,Eptesicus serotinus,0.009,0.023,-1,Echolocation,/mnt/ubna_data_01_mir/recover-20220825/UBNA_002/20220823_033000.WAV,Telephone Field,recover-20220825,002,1795
1617.7985,1617.809,25468,32030,Eptesicus serotinus,0.011,0.025,-1,Echolocation,/mnt/ubna_data_01_mir/recover-20220825/UBNA_002/20220823_033000.WAV,Telephone Field,recover-20220825,002,1795
1617.8095,1617.8183,28046,39309,Eptesicus serotinus,0.009,0.022,-1,Echolocation,/mnt/ubna_data_01_mir/recover-20220825/UBNA_002/20220823_033000.WAV,Telephone Field,recover-20220825,002,1795
1617.8255,1617.8334,28046,34319,Eptesicus serotinus,0.009,0.024,-1,Echolocation,/mnt/ubna_data_01_mir/recover-20220825/UBNA_002/20220823_033000.WAV,Telephone Field,recover-20220825,002,1795
1617.8315,1617.8396,52968,58038,Pipistrellus pygmaeus,0.04,0.043,-1,Echolocation,/mnt/ubna_data_01_mir/recover-20220825/UBNA_002/20220823_033000.WAV,Telephone Field,recover-20220825,002,1795
1617.8375,1617.8458,38359,59458,Pipistrellus nathusii,0.721,0.757,-1,Echolocation,/mnt/ubna_data_01_mir/recover-20220825/UBNA_002/20220823_033000.WAV,Telephone Field,recover-20220825,002,1795
1617.8675,1617.875,39218,44350,Pipistrellus nathusii,0.01,0.021,-1,Echolocation,/mnt/ubna_data_01_mir/recover-20220825/UBNA_002/20220823_033000.WAV,Telephone Field,recover-20220825,002,1795
1617.8695,1617.877,27187,38201,Eptesicus serotinus,0.008,0.024,-1,Echolocation,/mnt/ubna_data_01_mir/recover-20220825/UBNA_002/20220823_033000.WAV,Telephone Field,recover-20220825,002,1795
1617.9045,1617.9114,40078,54531,Pipistrellus nathusii,0.521,0.599,-1,Echolocation,/mnt/ubna_data_01_mir/recover-20220825/UBNA_002/20220823_033000.WAV,Telephone Field,recover-20220825,002,1795
1617.9125,1617.918,32343,41355,Myotis daubentonii,0.009,0.021,-1,Echolocation,/mnt/ubna_data_01_mir/recover-20220825/UBNA_002/20220823_033000.WAV,Telephone Field,recover-20220825,002,1795
1617.9485,1617.9804,68437,81456,Rhinolophus ferrumequinum,0.021,0.021,-1,Echolocation,/mnt/ubna_data_01_mir/recover-20220825/UBNA_002/20220823_033000.WAV,Telephone Field,recover-20220825,002,1795
1617.9565,1617.9635,40078,50568,Pipistrellus nathusii,0.312,0.398,-1,Echolocation,/mnt/ubna_data_01_mir/recover-20220825/UBNA_002/20220823_033000.WAV,Telephone Field,recover-20220825,002,1795
1617.9665,1617.9777,54687,64743,Pipistrellus pygmaeus,0.029,0.03,-1,Echolocation,/mnt/ubna_data_01_mir/recover-20220825/UBNA_002/20220823_033000.WAV,Telephone Field,recover-20220825,002,1795
1617.9685,1617.9792,28046,33039,Eptesicus serotinus,0.01,0.027,-1,Echolocation,/mnt/ubna_data_01_mir/recover-20220825/UBNA_002/20220823_033000.WAV,Telephone Field,recover-20220825,002,1795
1617.9865,1617.9954,34062,41574,Barbastellus barbastellus,0.007,0.023,-1,Echolocation,/mnt/ubna_data_01_mir/recover-20220825/UBNA_002/20220823_033000.WAV,Telephone Field,recover-20220825,002,1795
1618.0015,1618.027,69296,82585,Rhinolophus ferrumequinum,0.031,0.032,-1,Echolocation,/mnt/ubna_data_01_mir/recover-20220825/UBNA_002/20220823_033000.WAV,Telephone Field,recover-20220825,002,1795
1618.0015,1618.0092,40937,50283,Pipistrellus nathusii,0.047,0.122,-1,Echolocation,/mnt/ubna_data_01_mir/recover-20220825/UBNA_002/20220823_033000.WAV,Telephone Field,recover-20220825,002,1795
1618.0015,1618.0084,36640,55266,Myotis daubentonii,0.058,0.125,-1,Echolocation,/mnt/ubna_data_01_mir/recover-20220825/UBNA_002/20220823_033000.WAV,Telephone Field,recover-20220825,002,1795
1618.0255,1618.0616,68437,81632,Rhinolophus ferrumequinum,0.023,0.023,-1,Echolocation,/mnt/ubna_data_01_mir/recover-20220825/UBNA_002/20220823_033000.WAV,Telephone Field,recover-20220825,002,1795
1618.0315,1618.0402,54687,62658,Pipistrellus pygmaeus,0.049,0.05,-1,Echolocation,/mnt/ubna_data_01_mir/recover-20220825/UBNA_002/20220823_033000.WAV,Telephone Field,recover-20220825,002,1795
1618.0505,1618.0879,68437,81948,Rhinolophus ferrumequinum,0.023,0.023,-1,Echolocation,/mnt/ubna_data_01_mir/recover-20220825/UBNA_002/20220823_033000.WAV,Telephone Field,recover-20220825,002,1795
1618.0575,1618.0652,41796,47042,Pipistrellus nathusii,0.278,0.296,-1,Echolocation,/mnt/ubna_data_01_mir/recover-20220825/UBNA_002/20220823_033000.WAV,Telephone Field,recover-20220825,002,1795
1618.0665,1618.1021,68437,81640,Rhinolophus ferrumequinum,0.025,0.025,-1,Echolocation,/mnt/ubna_data_01_mir/recover-20220825/UBNA_002/20220823_033000.WAV,Telephone Field,recover-20220825,002,1795
1618.0685,1618.076,55546,63790,Pipistrellus pygmaeus,0.037,0.037,-1,Echolocation,/mnt/ubna_data_01_mir/recover-20220825/UBNA_002/20220823_033000.WAV,Telephone Field,recover-20220825,002,1795
1618.1015,1618.1079,41796,51249,Pipistrellus nathusii,0.018,0.047,-1,Echolocation,/mnt/ubna_data_01_mir/recover-20220825/UBNA_002/20220823_033000.WAV,Telephone Field,recover-20220825,002,1795
1618.1095,1618.117,46953,53189,Pipistrellus pipistrellus,0.017,0.026,-1,Echolocation,/mnt/ubna_data_01_mir/recover-20220825/UBNA_002/20220823_033000.WAV,Telephone Field,recover-20220825,002,1795
1618.1295,1618.1369,44375,50946,Pipistrellus pipistrellus,0.015,0.021,-1,Echolocation,/mnt/ubna_data_01_mir/recover-20220825/UBNA_002/20220823_033000.WAV,Telephone Field,recover-20220825,002,1795
1618.1565,1618.1632,40078,53009,Myotis brandtii,0.006,0.022,-1,Echolocation,/mnt/ubna_data_01_mir/recover-20220825/UBNA_002/20220823_033000.WAV,Telephone Field,recover-20220825,002,1795
1618.1675,1618.1735,30625,60396,Myotis brandtii,0.018,0.036,-1,Echolocation,/mnt/ubna_data_01_mir/recover-20220825/UBNA_002/20220823_033000.WAV,Telephone Field,recover-20220825,002,1795
1618.1685,1618.175,40937,58155,Pipistrellus nathusii,0.562,0.575,-1,Echolocation,/mnt/ubna_data_01_mir/recover-20220825/UBNA_002/20220823_033000.WAV,Telephone Field,recover-20220825,002,1795
1618.1875,1618.2279,68437,82903,Rhinolophus ferrumequinum,0.035,0.035,-1,Echolocation,/mnt/ubna_data_01_mir/recover-20220825/UBNA_002/20220823_033000.WAV,Telephone Field,recover-20220825,002,1795
1618.2005,1618.2098,56406,62461,Pipistrellus pygmaeus,0.036,0.036,-1,Echolocation,/mnt/ubna_data_01_mir/recover-20220825/UBNA_002/20220823_033000.WAV,Telephone Field,recover-20220825,002,1795
1618.2235,1618.2314,28906,38652,Eptesicus serotinus,0.007,0.022,-1,Echolocation,/mnt/ubna_data_01_mir/recover-20220825/UBNA_002/20220823_033000.WAV,Telephone Field,recover-20220825,002,1795
1618.2455,1618.2756,69296,80889,Rhinolophus ferrumequinum,0.024,0.024,-1,Echolocation,/mnt/ubna_data_01_mir/recover-20220825/UBNA_002/20220823_033000.WAV,Telephone Field,recover-20220825,002,1795
1618.2555,1618.2617,31484,64417,Myotis bechsteinii,0.015,0.041,-1,Echolocation,/mnt/ubna_data_01_mir/recover-20220825/UBNA_002/20220823_033000.WAV,Telephone Field,recover-20220825,002,1795
1618.2565,1618.2651,38359,54980,Pipistrellus nathusii,0.552,0.618,-1,Echolocation,/mnt/ubna_data_01_mir/recover-20220825/UBNA_002/20220823_033000.WAV,Telephone Field,recover-20220825,002,1795
1618.2665,1618.2766,54687,64432,Pipistrellus pygmaeus,0.021,0.022,-1,Echolocation,/mnt/ubna_data_01_mir/recover-20220825/UBNA_002/20220823_033000.WAV,Telephone Field,recover-20220825,002,1795
1618.2705,1618.3048,68437,81174,Rhinolophus ferrumequinum,0.021,0.021,-1,Echolocation,/mnt/ubna_data_01_mir/recover-20220825/UBNA_002/20220823_033000.WAV,Telephone Field,recover-20220825,002,1795
1618.2995,1618.3097,24609,29958,Nyctalus leisleri,0.009,0.021,-1,Echolocation,/mnt/ubna_data_01_mir/recover-20220825/UBNA_002/20220823_033000.WAV,Telephone Field,recover-20220825,002,1795
1618.3085,1618.342,68437,80764,Rhinolophus ferrumequinum,0.022,0.022,-1,Echolocation,/mnt/ubna_data_01_mir/recover-20220825/UBNA_002/20220823_033000.WAV,Telephone Field,recover-20220825,002,1795
1618.3155,1618.3502,68437,81814,Rhinolophus ferrumequinum,0.021,0.021,-1,Echolocation,/mnt/ubna_data_01_mir/recover-20220825/UBNA_002/20220823_033000.WAV,Telephone Field,recover-20220825,002,1795
1618.3465,1618.3535,30625,58124,Myotis brandtii,0.009,0.025,-1,Echolocation,/mnt/ubna_data_01_mir/recover-20220825/UBNA_002/20220823_033000.WAV,Telephone Field,recover-20220825,002,1795
1618.3485,1618.3554,52968,60321,Pipistrellus pygmaeus,0.03,0.036,-1,Echolocation,/mnt/ubna_data_01_mir/recover-20220825/UBNA_002/20220823_033000.WAV,Telephone Field,recover-20220825,002,1795
1618.3495,1618.3584,40078,57755,Pipistrellus nathusii,0.608,0.673,-1,Echolocation,/mnt/ubna_data_01_mir/recover-20220825/UBNA_002/20220823_033000.WAV,Telephone Field,recover-20220825,002,1795
1618.4325,1618.4692,68437,82548,Rhinolophus ferrumequinum,0.026,0.026,-1,Echolocation,/mnt/ubna_data_01_mir/recover-20220825/UBNA_002/20220823_033000.WAV,Telephone Field,recover-20220825,002,1795
1618.4445,1618.4517,51250,55511,Pipistrellus pygmaeus,0.017,0.024,-1,Echolocation,/mnt/ubna_data_01_mir/recover-20220825/UBNA_002/20220823_033000.WAV,Telephone Field,recover-20220825,002,1795
1618.4445,1618.4525,38359,56505,Pipistrellus nathusii,0.651,0.688,-1,Echolocation,/mnt/ubna_data_01_mir/recover-20220825/UBNA_002/20220823_033000.WAV,Telephone Field,recover-20220825,002,1795
1618.4455,1618.4743,68437,80834,Rhinolophus ferrumequinum,0.023,0.023,-1,Echolocation,/mnt/ubna_data_01_mir/recover-20220825/UBNA_002/20220823_033000.WAV,Telephone Field,recover-20220825,002,1795
1618.4545,1618.463,28046,34220,Eptesicus serotinus,0.005,0.021,-1,Echolocation,/mnt/ubna_data_01_mir/recover-20220825/UBNA_002/20220823_033000.WAV,Telephone Field,recover-20220825,002,1795
1618.4855,1618.4918,56406,63058,Pipistrellus pygmaeus,0.022,0.022,-1,Echolocation,/mnt/ubna_data_01_mir/recover-20220825/UBNA_002/20220823_033000.WAV,Telephone Field,recover-20220825,002,1795
1618.4985,1618.5351,68437,81997,Rhinolophus ferrumequinum,0.026,0.026,-1,Echolocation,/mnt/ubna_data_01_mir/recover-20220825/UBNA_002/20220823_033000.WAV,Telephone Field,recover-20220825,002,1795
1618.5195,1618.5248,27187,37537,Plecotus auritus,0.015,0.038,-1,Echolocation,/mnt/ubna_data_01_mir/recover-20220825/UBNA_002/20220823_033000.WAV,Telephone Field,recover-20220825,002,1795
1618.5285,1618.5345,50390,58732,Pipistrellus pipistrellus,0.021,0.039,-1,Echolocation,/mnt/ubna_data_01_mir/recover-20220825/UBNA_002/20220823_033000.WAV,Telephone Field,recover-20220825,002,1795
1618.5305,1618.5402,39218,65154,Pipistrellus nathusii,0.563,0.633,-1,Echolocation,/mnt/ubna_data_01_mir/recover-20220825/UBNA_002/20220823_033000.WAV,Telephone Field,recover-20220825,002,1795
1618.5495,1618.5829,68437,81046,Rhinolophus ferrumequinum,0.021,0.021,-1,Echolocation,/mnt/ubna_data_01_mir/recover-20220825/UBNA_002/20220823_033000.WAV,Telephone Field,recover-20220825,002,1795
1618.5565,1618.5656,26328,34942,Eptesicus serotinus,0.007,0.021,-1,Echolocation,/mnt/ubna_data_01_mir/recover-20220825/UBNA_002/20220823_033000.WAV,Telephone Field,recover-20220825,002,1795
1618.5845,1618.5972,36640,40393,Pipistrellus nathusii,0.02,0.028,-1,Echolocation,/mnt/ubna_data_01_mir/recover-20220825/UBNA_002/20220823_033000.WAV,Telephone Field,recover-20220825,002,1795
1618.6095,1618.6163,28046,37540,Eptesicus serotinus,0.006,0.021,-1,Echolocation,/mnt/ubna_data_01_mir/recover-20220825/UBNA_002/20220823_033000.WAV,Telephone Field,recover-20220825,002,1795
1618.6185,1618.6252,49531,57102,Pipistrellus pipistrellus,0.017,0.029,-1,Echolocation,/mnt/ubna_data_01_mir/recover-20220825/UBNA_002/20220823_033000.WAV,Telephone Field,recover-20220825,002,1795
1618.6205,1618.6292,38359,59644,Pipistrellus nathusii,0.621,0.67,-1,Echolocation,/mnt/ubna_data_01_mir/recover-20220825/UBNA_002/20220823_033000.WAV,Telephone Field,recover-20220825,002,1795
1618.6235,1618.6322,16015,24104,Plecotus auritus,0.008,0.024,-1,Echolocation,/mnt/ubna_data_01_mir/recover-20220825/UBNA_002/20220823_033000.WAV,Telephone Field,recover-20220825,002,1795
1618.6265,1618.6333,27187,35541,Eptesicus serotinus,0.005,0.021,-1,Echolocation,/mnt/ubna_data_01_mir/recover-20220825/UBNA_002/20220823_033000.WAV,Telephone Field,recover-20220825,002,1795
1618.6355,1618.6684,68437,81414,Rhinolophus ferrumequinum,0.024,0.024,-1,Echolocation,/mnt/ubna_data_01_mir/recover-20220825/UBNA_002/20220823_033000.WAV,Telephone Field,recover-20220825,002,1795
1618.6895,1618.6996,56406,64749,Pipistrellus pygmaeus,0.029,0.029,-1,Echolocation,/mnt/ubna_data_01_mir/recover-20220825/UBNA_002/20220823_033000.WAV,Telephone Field,recover-20220825,002,1795
1618.7025,1618.733,68437,81984,Rhinolophus ferrumequinum,0.024,0.024,-1,Echolocation,/mnt/ubna_data_01_mir/recover-20220825/UBNA_002/20220823_033000.WAV,Telephone Field,recover-20220825,002,1795
1618.7085,1618.7152,24609,36269,Plecotus austriacus,0.009,0.026,-1,Echolocation,/mnt/ubna_data_01_mir/recover-20220825/UBNA_002/20220823_033000.WAV,Telephone Field,recover-20220825,002,1795
1618.7145,1618.7469,68437,81249,Rhinolophus ferrumequinum,0.022,0.022,-1,Echolocation,/mnt/ubna_data_01_mir/recover-20220825/UBNA_002/20220823_033000.WAV,Telephone Field,recover-20220825,002,1795
1618.7385,1618.7739,68437,82274,Rhinolophus ferrumequinum,0.03,0.03,-1,Echolocation,/mnt/ubna_data_01_mir/recover-20220825/UBNA_002/20220823_033000.WAV,Telephone Field,recover-20220825,002,1795
1618.7465,1618.7552,58125,66242,Pipistrellus pygmaeus,0.021,0.022,-1,Echolocation,/mnt/ubna_data_01_mir/recover-20220825/UBNA_002/20220823_033000.WAV,Telephone Field,recover-20220825,002,1795
1618.7695,1618.7784,27187,34192,Eptesicus serotinus,0.01,0.024,-1,Echolocation,/mnt/ubna_data_01_mir/recover-20220825/UBNA_002/20220823_033000.WAV,Telephone Field,recover-20220825,002,1795
1618.7855,1618.7934,54687,60175,Pipistrellus pygmaeus,0.058,0.064,-1,Echolocation,/mnt/ubna_data_01_mir/recover-20220825/UBNA_002/20220823_033000.WAV,Telephone Field,recover-20220825,002,1795
1618.7875,1618.7959,37500,61428,Pipistrellus nathusii,0.603,0.647,-1,Echolocation,/mnt/ubna_data_01_mir/recover-20220825/UBNA_002/20220823_033000.WAV,Telephone Field,recover-20220825,002,1795
1618.7955,1618.8072,22031,26908,Nyctalus leisleri,0.011,0.033,-1,Echolocation,/mnt/ubna_data_01_mir/recover-20220825/UBNA_002/20220823_033000.WAV,Telephone Field,recover-20220825,002,1795
1618.8345,1618.8436,28906,36598,Eptesicus serotinus,0.009,0.023,-1,Echolocation,/mnt/ubna_data_01_mir/recover-20220825/UBNA_002/20220823_033000.WAV,Telephone Field,recover-20220825,002,1795
1618.8765,1618.8864,37500,58644,Pipistrellus nathusii,0.479,0.597,-1,Echolocation,/mnt/ubna_data_01_mir/recover-20220825/UBNA_002/20220823_033000.WAV,Telephone Field,recover-20220825,002,1795
1618.8765,1618.8824,53828,59083,Pipistrellus pygmaeus,0.084,0.095,-1,Echolocation,/mnt/ubna_data_01_mir/recover-20220825/UBNA_002/20220823_033000.WAV,Telephone Field,recover-20220825,002,1795
1618.8865,1618.8933,27187,34046,Eptesicus serotinus,0.005,0.023,-1,Echolocation,/mnt/ubna_data_01_mir/recover-20220825/UBNA_002/20220823_033000.WAV,Telephone Field,recover-20220825,002,1795
1618.9195,1618.9264,49531,55191,Pipistrellus pipistrellus,0.022,0.026,-1,Echolocation,/mnt/ubna_data_01_mir/recover-20220825/UBNA_002/20220823_033000.WAV,Telephone Field,recover-20220825,002,1795
1618.9645,1618.9701,30625,56355,Barbastellus barbastellus,0.008,0.027,-1,Echolocation,/mnt/ubna_data_01_mir/recover-20220825/UBNA_002/20220823_033000.WAV,Telephone Field,recover-20220825,002,1795
1618.9645,1618.9708,50390,58034,Pipistrellus pipistrellus,0.026,0.043,-1,Echolocation,/mnt/ubna_data_01_mir/recover-20220825/UBNA_002/20220823_033000.WAV,Telephone Field,recover-20220825,002,1795
1618.9655,1618.9749,38359,62695,Pipistrellus nathusii,0.607,0.686,-1,Echolocation,/mnt/ubna_data_01_mir/recover-20220825/UBNA_002/20220823_033000.WAV,Telephone Field,recover-20220825,002,1795
1619.0095,1619.0452,68437,81983,Rhinolophus ferrumequinum,0.023,0.023,-1,Echolocation,/mnt/ubna_data_01_mir/recover-20220825/UBNA_002/20220823_033000.WAV,Telephone Field,recover-20220825,002,1795
1619.0505,1619.058,52968,59251,Pipistrellus pygmaeus,0.032,0.035,-1,Echolocation,/mnt/ubna_data_01_mir/recover-20220825/UBNA_002/20220823_033000.WAV,Telephone Field,recover-20220825,002,1795
1619.0515,1619.0586,31484,53698,Myotis brandtii,0.009,0.024,-1,Echolocation,/mnt/ubna_data_01_mir/recover-20220825/UBNA_002/20220823_033000.WAV,Telephone Field,recover-20220825,002,1795
1619.0555,1619.0634,39218,59152,Pipistrellus nathusii,0.738,0.768,-1,Echolocation,/mnt/ubna_data_01_mir/recover-20220825/UBNA_002/20220823_033000.WAV,Telephone Field,recover-20220825,002,1795
1619.0555,1619.0852,68437,80786,Rhinolophus ferrumequinum,0.023,0.024,-1,Echolocation,/mnt/ubna_data_01_mir/recover-20220825/UBNA_002/20220823_033000.WAV,Telephone Field,recover-20220825,002,1795
1619.0585,1619.0666,22890,33071,Myotis nattereri,0.007,0.022,-1,Echolocation,/mnt/ubna_data_01_mir/recover-20220825/UBNA_002/20220823_033000.WAV,Telephone Field,recover-20220825,002,1795
1619.0625,1619.0692,27187,36823,Eptesicus serotinus,0.006,0.025,-1,Echolocation,/mnt/ubna_data_01_mir/recover-20220825/UBNA_002/20220823_033000.WAV,Telephone Field,recover-20220825,002,1795
1619.0855,1619.0935,57265,63249,Pipistrellus pygmaeus,0.026,0.026,-1,Echolocation,/mnt/ubna_data_01_mir/recover-20220825/UBNA_002/20220823_033000.WAV,Telephone Field,recover-20220825,002,1795
1619.0875,1619.0966,27187,37142,Eptesicus serotinus,0.01,0.026,-1,Echolocation,/mnt/ubna_data_01_mir/recover-20220825/UBNA_002/20220823_033000.WAV,Telephone Field,recover-20220825,002,1795
1619.0945,1619.1314,68437,82567,Rhinolophus ferrumequinum,0.025,0.025,-1,Echolocation,/mnt/ubna_data_01_mir/recover-20220825/UBNA_002/20220823_033000.WAV,Telephone Field,recover-20220825,002,1795
1619.1025,1619.1104,28906,37479,Eptesicus serotinus,0.008,0.022,-1,Echolocation,/mnt/ubna_data_01_mir/recover-20220825/UBNA_002/20220823_033000.WAV,Telephone Field,recover-20220825,002,1795
1619.1395,1619.1480999999999,28046,39243,Eptesicus serotinus,0.008,0.021,-1,Echolocation,/mnt/ubna_data_01_mir/recover-20220825/UBNA_002/20220823_033000.WAV,Telephone Field,recover-20220825,002,1795
1619.1595,1619.1952,68437,82079,Rhinolophus ferrumequinum,0.024,0.024,-1,Echolocation,/mnt/ubna_data_01_mir/recover-20220825/UBNA_002/20220823_033000.WAV,Telephone Field,recover-20220825,002,1795
1619.1605,1619.1701,28906,36449,Eptesicus serotinus,0.007,0.023,-1,Echolocation,/mnt/ubna_data_01_mir/recover-20220825/UBNA_002/20220823_033000.WAV,Telephone Field,recover-20220825,002,1795
1619.1815,1619.1906,43515,51020,Pipistrellus pipistrellus,0.013,0.022,-1,Echolocation,/mnt/ubna_data_01_mir/recover-20220825/UBNA_002/20220823_033000.WAV,Telephone Field,recover-20220825,002,1795
1619.2045,1619.2413,68437,81298,Rhinolophus ferrumequinum,0.022,0.022,-1,Echolocation,/mnt/ubna_data_01_mir/recover-20220825/UBNA_002/20220823_033000.WAV,Telephone Field,recover-20220825,002,1795
1619.2135,1619.2231,52968,58405,Pipistrellus pygmaeus,0.036,0.041,-1,Echolocation,/mnt/ubna_data_01_mir/recover-20220825/UBNA_002/20220823_033000.WAV,Telephone Field,recover-20220825,002,1795
1619.2165,1619.2223,30625,58199,Myotis bechsteinii,0.009,0.03,-1,Echolocation,/mnt/ubna_data_01_mir/recover-20220825/UBNA_002/20220823_033000.WAV,Telephone Field,recover-20220825,002,1795
1619.2175,1619.2264,38359,64688,Pipistrellus nathusii,0.552,0.631,-1,Echolocation,/mnt/ubna_data_01_mir/recover-20220825/UBNA_002/20220823_033000.WAV,Telephone Field,recover-20220825,002,1795
1619.2265,1619.2319,31484,42572,Myotis daubentonii,0.01,0.024,-1,Echolocation,/mnt/ubna_data_01_mir/recover-20220825/UBNA_002/20220823_033000.WAV,Telephone Field,recover-20220825,002,1795
1619.2325,1619.2653,68437,81282,Rhinolophus ferrumequinum,0.022,0.023,-1,Echolocation,/mnt/ubna_data_01_mir/recover-20220825/UBNA_002/20220823_033000.WAV,Telephone Field,recover-20220825,002,1795
1619.2775,1619.3136,68437,81961,Rhinolophus ferrumequinum,0.024,0.024,-1,Echolocation,/mnt/ubna_data_01_mir/recover-20220825/UBNA_002/20220823_033000.WAV,Telephone Field,recover-20220825,002,1795
1619.3035,1619.3111,49531,54658,Pipistrellus pipistrellus,0.021,0.035,-1,Echolocation,/mnt/ubna_data_01_mir/recover-20220825/UBNA_002/20220823_033000.WAV,Telephone Field,recover-20220825,002,1795
1619.3055,1619.3115,30625,53360,Barbastellus barbastellus,0.009,0.028,-1,Echolocation,/mnt/ubna_data_01_mir/recover-20220825/UBNA_002/20220823_033000.WAV,Telephone Field,recover-20220825,002,1795
1619.3065,1619.3144,38359,57543,Pipistrellus nathusii,0.646,0.689,-1,Echolocation,/mnt/ubna_data_01_mir/recover-20220825/UBNA_002/20220823_033000.WAV,Telephone Field,recover-20220825,002,1795
1619.3155,1619.3234,54687,65889,Pipistrellus pygmaeus,0.022,0.023,-1,Echolocation,/mnt/ubna_data_01_mir/recover-20220825/UBNA_002/20220823_033000.WAV,Telephone Field,recover-20220825,002,1795
1619.3165,1619.3244,27187,35187,Eptesicus serotinus,0.006,0.022,-1,Echolocation,/mnt/ubna_data_01_mir/recover-20220825/UBNA_002/20220823_033000.WAV,Telephone Field,recover-20220825,002,1795
1619.3275,1619.3345,42656,49607,Pipistrellus pipistrellus,0.02,0.027,-1,Echolocation,/mnt/ubna_data_01_mir/recover-20220825/UBNA_002/20220823_033000.WAV,Telephone Field,recover-20220825,002,1795
1619.3575,1619.3673,54687,61210,Pipistrellus pygmaeus,0.027,0.028,-1,Echolocation,/mnt/ubna_data_01_mir/recover-20220825/UBNA_002/20220823_033000.WAV,Telephone Field,recover-20220825,002,1795
1619.3855,1619.3934,52109,57583,Pipistrellus pygmaeus,0.045,0.051,-1,Echolocation,/mnt/ubna_data_01_mir/recover-20220825/UBNA_002/20220823_033000.WAV,Telephone Field,recover-20220825,002,1795
1619.3895,1619.3955,30625,63103,Myotis bechsteinii,0.013,0.036,-1,Echolocation,/mnt/ubna_data_01_mir/recover-20220825/UBNA_002/20220823_033000.WAV,Telephone Field,recover-20220825,002,1795
1619.3905,1619.3980999999999,38359,61545,Pipistrellus nathusii,0.628,0.676,-1,Echolocation,/mnt/ubna_data_01_mir/recover-20220825/UBNA_002/20220823_033000.WAV,Telephone Field,recover-20220825,002,1795
1619.3945,1619.4062,21171,27398,Nyctalus noctula,0.01,0.028,-1,Echolocation,/mnt/ubna_data_01_mir/recover-20220825/UBNA_002/20220823_033000.WAV,Telephone Field,recover-20220825,002,1795
1619.3995,1619.4062,27187,35210,Eptesicus serotinus,0.005,0.026,-1,Echolocation,/mnt/ubna_data_01_mir/recover-20220825/UBNA_002/20220823_033000.WAV,Telephone Field,recover-20220825,002,1795
1619.4265,1619.4451,22890,26585,Nyctalus leisleri,0.019,0.036,-1,Echolocation,/mnt/ubna_data_01_mir/recover-20220825/UBNA_002/20220823_033000.WAV,Telephone Field,recover-20220825,002,1795
1619.4405,1619.448,47812,53618,Pipistrellus pipistrellus,0.02,0.024,-1,Echolocation,/mnt/ubna_data_01_mir/recover-20220825/UBNA_002/20220823_033000.WAV,Telephone Field,recover-20220825,002,1795
1619.4635,1619.4724,27187,34482,Eptesicus serotinus,0.011,0.029,-1,Echolocation,/mnt/ubna_data_01_mir/recover-20220825/UBNA_002/20220823_033000.WAV,Telephone Field,recover-20220825,002,1795
1619.4745,1619.4817,31484,60170,Myotis bechsteinii,0.012,0.029,-1,Echolocation,/mnt/ubna_data_01_mir/recover-20220825/UBNA_002/20220823_033000.WAV,Telephone Field,recover-20220825,002,1795
1619.4785,1619.486,38359,61364,Pipistrellus nathusii,0.634,0.665,-1,Echolocation,/mnt/ubna_data_01_mir/recover-20220825/UBNA_002/20220823_033000.WAV,Telephone Field,recover-20220825,002,1795
1619.4795,1619.4836,50390,55843,Pipistrellus pipistrellus,0.016,0.03,-1,Echolocation,/mnt/ubna_data_01_mir/recover-20220825/UBNA_002/20220823_033000.WAV,Telephone Field,recover-20220825,002,1795
1619.4865,1619.4936,27187,35260,Eptesicus serotinus,0.006,0.025,-1,Echolocation,/mnt/ubna_data_01_mir/recover-20220825/UBNA_002/20220823_033000.WAV,Telephone Field,recover-20220825,002,1795
1619.5055,1619.5426,68437,82756,Rhinolophus ferrumequinum,0.029,0.029,-1,Echolocation,/mnt/ubna_data_01_mir/recover-20220825/UBNA_002/20220823_033000.WAV,Telephone Field,recover-20220825,002,1795
1619.5125,1619.5482,68437,82595,Rhinolophus ferrumequinum,0.027,0.027,-1,Echolocation,/mnt/ubna_data_01_mir/recover-20220825/UBNA_002/20220823_033000.WAV,Telephone Field,recover-20220825,002,1795
1619.5155,1619.5239,27187,35854,Eptesicus serotinus,0.008,0.021,-1,Echolocation,/mnt/ubna_data_01_mir/recover-20220825/UBNA_002/20220823_033000.WAV,Telephone Field,recover-20220825,002,1795
1619.5355,1619.5725,68437,81836,Rhinolophus ferrumequinum,0.023,0.023,-1,Echolocation,/mnt/ubna_data_01_mir/recover-20220825/UBNA_002/20220823_033000.WAV,Telephone Field,recover-20220825,002,1795
1619.5625,1619.5694,48671,57134,Pipistrellus pipistrellus,0.016,0.03,-1,Echolocation,/mnt/ubna_data_01_mir/recover-20220825/UBNA_002/20220823_033000.WAV,Telephone Field,recover-20220825,002,1795
1619.5625,1619.5713,53828,58685,Pipistrellus pygmaeus,0.028,0.031,-1,Echolocation,/mnt/ubna_data_01_mir/recover-20220825/UBNA_002/20220823_033000.WAV,Telephone Field,recover-20220825,002,1795
1619.5635,1619.5717,39218,65313,Pipistrellus nathusii,0.592,0.664,-1,Echolocation,/mnt/ubna_data_01_mir/recover-20220825/UBNA_002/20220823_033000.WAV,Telephone Field,recover-20220825,002,1795
1619.6245,1619.6602,68437,81533,Rhinolophus ferrumequinum,0.022,0.022,-1,Echolocation,/mnt/ubna_data_01_mir/recover-20220825/UBNA_002/20220823_033000.WAV,Telephone Field,recover-20220825,002,1795
1619.6455,1619.6536,50390,54712,Pipistrellus pipistrellus,0.027,0.046,-1,Echolocation,/mnt/ubna_data_01_mir/recover-20220825/UBNA_002/20220823_033000.WAV,Telephone Field,recover-20220825,002,1795
1619.6505,1619.6576,38359,61111,Pipistrellus nathusii,0.653,0.704,-1,Echolocation,/mnt/ubna_data_01_mir/recover-20220825/UBNA_002/20220823_033000.WAV,Telephone Field,recover-20220825,002,1795
1619.6585,1619.6648,31484,41021,Myotis daubentonii,0.01,0.025,-1,Echolocation,/mnt/ubna_data_01_mir/recover-20220825/UBNA_002/20220823_033000.WAV,Telephone Field,recover-20220825,002,1795
1619.6605,1619.6931,68437,81245,Rhinolophus ferrumequinum,0.023,0.023,-1,Echolocation,/mnt/ubna_data_01_mir/recover-20220825/UBNA_002/20220823_033000.WAV,Telephone Field,recover-20220825,002,1795
1619.6875,1619.6961000000001,28906,37572,Eptesicus serotinus,0.009,0.024,-1,Echolocation,/mnt/ubna_data_01_mir/recover-20220825/UBNA_002/20220823_033000.WAV,Telephone Field,recover-20220825,002,1795
1619.6985,1619.7062,48671,55003,Pipistrellus pipistrellus,0.02,0.026,-1,Echolocation,/mnt/ubna_data_01_mir/recover-20220825/UBNA_002/20220823_033000.WAV,Telephone Field,recover-20220825,002,1795
1619.7265,1619.7342,28046,38166,Eptesicus serotinus,0.007,0.022,-1,Echolocation,/mnt/ubna_data_01_mir/recover-20220825/UBNA_002/20220823_033000.WAV,Telephone Field,recover-20220825,002,1795
1619.7475,1619.7828,68437,82274,Rhinolophus ferrumequinum,0.023,0.023,-1,Echolocation,/mnt/ubna_data_01_mir/recover-20220825/UBNA_002/20220823_033000.WAV,Telephone Field,recover-20220825,002,1795
1619.7575,1619.7928,68437,81314,Rhinolophus ferrumequinum,0.024,0.024,-1,Echolocation,/mnt/ubna_data_01_mir/recover-20220825/UBNA_002/20220823_033000.WAV,Telephone Field,recover-20220825,002,1795
1619.7615,1619.7693,28046,40263,Eptesicus serotinus,0.01,0.029,-1,Echolocation,/mnt/ubna_data_01_mir/recover-20220825/UBNA_002/20220823_033000.WAV,Telephone Field,recover-20220825,002,1795
1619.7665,1619.8025,68437,82402,Rhinolophus ferrumequinum,0.025,0.025,-1,Echolocation,/mnt/ubna_data_01_mir/recover-20220825/UBNA_002/20220823_033000.WAV,Telephone Field,recover-20220825,002,1795
1619.7725,1619.7811,28046,39258,Eptesicus serotinus,0.01,0.025,-1,Echolocation,/mnt/ubna_data_01_mir/recover-20220825/UBNA_002/20220823_033000.WAV,Telephone Field,recover-20220825,002,1795
1619.7725,1619.7832,40937,46242,Pipistrellus nathusii,0.014,0.025,-1,Echolocation,/mnt/ubna_data_01_mir/recover-20220825/UBNA_002/20220823_033000.WAV,Telephone Field,recover-20220825,002,1795
1619.8185,1619.8252,47812,56949,Pipistrellus pipistrellus,0.027,0.051,-1,Echolocation,/mnt/ubna_data_01_mir/recover-20220825/UBNA_002/20220823_033000.WAV,Telephone Field,recover-20220825,002,1795
1619.8195,1619.8263,37500,63648,Pipistrellus nathusii,0.562,0.597,-1,Echolocation,/mnt/ubna_data_01_mir/recover-20220825/UBNA_002/20220823_033000.WAV,Telephone Field,recover-20220825,002,1795
1619.8295,1619.8353,30625,42768,Myotis daubentonii,0.009,0.022,-1,Echolocation,/mnt/ubna_data_01_mir/recover-20220825/UBNA_002/20220823_033000.WAV,Telephone Field,recover-20220825,002,1795
1619.8555,1619.8638,57265,62994,Pipistrellus pygmaeus,0.029,0.029,-1,Echolocation,/mnt/ubna_data_01_mir/recover-20220825/UBNA_002/20220823_033000.WAV,Telephone Field,recover-20220825,002,1795
1619.8845,1619.9203,68437,81448,Rhinolophus ferrumequinum,0.022,0.022,-1,Echolocation,/mnt/ubna_data_01_mir/recover-20220825/UBNA_002/20220823_033000.WAV,Telephone Field,recover-20220825,002,1795
1619.8855,1619.895,46093,50255,Pipistrellus pipistrellus,0.021,0.025,-1,Echolocation,/mnt/ubna_data_01_mir/recover-20220825/UBNA_002/20220823_033000.WAV,Telephone Field,recover-20220825,002,1795
1619.9105,1619.9186,40078,54589,Pipistrellus nathusii,0.392,0.532,-1,Echolocation,/mnt/ubna_data_01_mir/recover-20220825/UBNA_002/20220823_033000.WAV,Telephone Field,recover-20220825,002,1795
1619.9115,1619.9445,68437,81478,Rhinolophus ferrumequinum,0.023,0.023,-1,Echolocation,/mnt/ubna_data_01_mir/recover-20220825/UBNA_002/20220823_033000.WAV,Telephone Field,recover-20220825,002,1795
1619.9675,1619.9792,29765,34411,Eptesicus serotinus,0.012,0.031,-1,Echolocation,/mnt/ubna_data_01_mir/recover-20220825/UBNA_002/20220823_033000.WAV,Telephone Field,recover-20220825,002,1795
1619.9805,1619.9884,28046,37122,Eptesicus serotinus,0.006,0.023,-1,Echolocation,/mnt/ubna_data_01_mir/recover-20220825/UBNA_002/20220823_033000.WAV,Telephone Field,recover-20220825,002,1795
1620.0015,1620.0125,22890,30788,Nyctalus leisleri,0.01,0.034,-1,Echolocation,/mnt/ubna_data_01_mir/recover-20220825/UBNA_002/20220823_033000.WAV,Telephone Field,recover-20220825,002,1795
1620.0015,1620.0143,54687,62914,Pipistrellus pygmaeus,0.024,0.028,-1,Echolocation,/mnt/ubna_data_01_mir/recover-20220825/UBNA_002/20220823_033000.WAV,Telephone Field,recover-20220825,002,1795
1620.0015,1620.0299,68437,79839,Rhinolophus ferrumequinum,0.028,0.028,-1,Echolocation,/mnt/ubna_data_01_mir/recover-20220825/UBNA_002/20220823_033000.WAV,Telephone Field,recover-20220825,002,1795
1620.0095,1620.015,35781,50676,Myotis daubentonii,0.019,0.045,-1,Echolocation,/mnt/ubna_data_01_mir/recover-20220825/UBNA_002/20220823_033000.WAV,Telephone Field,recover-20220825,002,1795
1620.0795,1620.0861,39218,53024,Pipistrellus nathusii,0.297,0.484,-1,Echolocation,/mnt/ubna_data_01_mir/recover-20220825/UBNA_002/20220823_033000.WAV,Telephone Field,recover-20220825,002,1795
1620.0945,1620.1274,68437,80932,Rhinolophus ferrumequinum,0.024,0.025,-1,Echolocation,/mnt/ubna_data_01_mir/recover-20220825/UBNA_002/20220823_033000.WAV,Telephone Field,recover-20220825,002,1795
1620.1185,1620.1294,22890,28231,Nyctalus leisleri,0.011,0.026,-1,Echolocation,/mnt/ubna_data_01_mir/recover-20220825/UBNA_002/20220823_033000.WAV,Telephone Field,recover-20220825,002,1795
1620.1485,1620.1826,68437,80989,Rhinolophus ferrumequinum,0.024,0.024,-1,Echolocation,/mnt/ubna_data_01_mir/recover-20220825/UBNA_002/20220823_033000.WAV,Telephone Field,recover-20220825,002,1795
1620.1595,1620.166,40078,55784,Pipistrellus nathusii,0.424,0.546,-1,Echolocation,/mnt/ubna_data_01_mir/recover-20220825/UBNA_002/20220823_033000.WAV,Telephone Field,recover-20220825,002,1795
1620.2125,1620.2235,27187,34554,Eptesicus serotinus,0.021,0.034,-1,Echolocation,/mnt/ubna_data_01_mir/recover-20220825/UBNA_002/20220823_033000.WAV,Telephone Field,recover-20220825,002,1795
1620.2285,1620.2411,22031,26220,Nyctalus leisleri,0.012,0.024,-1,Echolocation,/mnt/ubna_data_01_mir/recover-20220825/UBNA_002/20220823_033000.WAV,Telephone Field,recover-20220825,002,1795
1620.2355,1620.2748,68437,82772,Rhinolophus ferrumequinum,0.024,0.024,-1,Echolocation,/mnt/ubna_data_01_mir/recover-20220825/UBNA_002/20220823_033000.WAV,Telephone Field,recover-20220825,002,1795
1620.2455,1620.2528,41796,51783,Pipistrellus nathusii,0.414,0.533,-1,Echolocation,/mnt/ubna_data_01_mir/recover-20220825/UBNA_002/20220823_033000.WAV,Telephone Field,recover-20220825,002,1795
1620.3105,1620.3505,68437,82534,Rhinolophus ferrumequinum,0.026,0.026,-1,Echolocation,/mnt/ubna_data_01_mir/recover-20220825/UBNA_002/20220823_033000.WAV,Telephone Field,recover-20220825,002,1795
1620.3175,1620.3248,50390,56958,Pipistrellus pipistrellus,0.033,0.043,-1,Echolocation,/mnt/ubna_data_01_mir/recover-20220825/UBNA_002/20220823_033000.WAV,Telephone Field,recover-20220825,002,1795
1620.3315,1620.3521,17734,21562,Nyctalus noctula,0.016,0.025,-1,Echolocation,/mnt/ubna_data_01_mir/recover-20220825/UBNA_002/20220823_033000.WAV,Telephone Field,recover-20220825,002,1795
1620.3525,1620.3583,29765,66885,Myotis brandtii,0.022,0.045,-1,Echolocation,/mnt/ubna_data_01_mir/recover-20220825/UBNA_002/20220823_033000.WAV,Telephone Field,recover-20220825,002,1795
1620.3525,1620.3585,41796,58787,Pipistrellus nathusii,0.427,0.509,-1,Echolocation,/mnt/ubna_data_01_mir/recover-20220825/UBNA_002/20220823_033000.WAV,Telephone Field,recover-20220825,002,1795
1620.4165,1620.4239,40078,47917,Pipistrellus nathusii,0.206,0.37,-1,Echolocation,/mnt/ubna_data_01_mir/recover-20220825/UBNA_002/20220823_033000.WAV,Telephone Field,recover-20220825,002,1795
1620.4295,1620.4357,41796,52728,Myotis daubentonii,0.01,0.025,-1,Echolocation,/mnt/ubna_data_01_mir/recover-20220825/UBNA_002/20220823_033000.WAV,Telephone Field,recover-20220825,002,1795
1620.4295,1620.4358,33203,55766,Myotis daubentonii,0.014,0.028,-1,Echolocation,/mnt/ubna_data_01_mir/recover-20220825/UBNA_002/20220823_033000.WAV,Telephone Field,recover-20220825,002,1795
1620.4835,1620.4906,28046,37747,Eptesicus serotinus,0.011,0.038,-1,Echolocation,/mnt/ubna_data_01_mir/recover-20220825/UBNA_002/20220823_033000.WAV,Telephone Field,recover-20220825,002,1795
1620.4855,1620.4938,41796,52502,Pipistrellus nathusii,0.015,0.03,-1,Echolocation,/mnt/ubna_data_01_mir/recover-20220825/UBNA_002/20220823_033000.WAV,Telephone Field,recover-20220825,002,1795
1620.4995,1620.5368,68437,81736,Rhinolophus ferrumequinum,0.024,0.024,-1,Echolocation,/mnt/ubna_data_01_mir/recover-20220825/UBNA_002/20220823_033000.WAV,Telephone Field,recover-20220825,002,1795
1620.5005,1620.5067,40078,49841,Pipistrellus nathusii,0.062,0.208,-1,Echolocation,/mnt/ubna_data_01_mir/recover-20220825/UBNA_002/20220823_033000.WAV,Telephone Field,recover-20220825,002,1795
1620.5425,1620.5479,36640,53414,Myotis brandtii,0.011,0.03,-1,Echolocation,/mnt/ubna_data_01_mir/recover-20220825/UBNA_002/20220823_033000.WAV,Telephone Field,recover-20220825,002,1795
1620.5435,1620.5512,26328,44317,Eptesicus serotinus,0.008,0.024,-1,Echolocation,/mnt/ubna_data_01_mir/recover-20220825/UBNA_002/20220823_033000.WAV,Telephone Field,recover-20220825,002,1795
1620.5555,1620.5669,28046,32999,Eptesicus serotinus,0.017,0.033,-1,Echolocation,/mnt/ubna_data_01_mir/recover-20220825/UBNA_002/20220823_033000.WAV,Telephone Field,recover-20220825,002,1795
1620.5705,1620.576,37500,62542,Myotis brandtii,0.012,0.025,-1,Echolocation,/mnt/ubna_data_01_mir/recover-20220825/UBNA_002/20220823_033000.WAV,Telephone Field,recover-20220825,002,1795
1620.5845,1620.5903,40078,52378,Myotis daubentonii,0.139,0.385,-1,Echolocation,/mnt/ubna_data_01_mir/recover-20220825/UBNA_002/20220823_033000.WAV,Telephone Field,recover-20220825,002,1795
1620.5855,1620.5908,29765,68194,Myotis brandtii,0.034,0.08,-1,Echolocation,/mnt/ubna_data_01_mir/recover-20220825/UBNA_002/20220823_033000.WAV,Telephone Field,recover-20220825,002,1795
1620.6145,1620.6537,68437,82470,Rhinolophus ferrumequinum,0.026,0.026,-1,Echolocation,/mnt/ubna_data_01_mir/recover-20220825/UBNA_002/20220823_033000.WAV,Telephone Field,recover-20220825,002,1795
1620.6595,1620.6956,68437,81880,Rhinolophus ferrumequinum,0.024,0.024,-1,Echolocation,/mnt/ubna_data_01_mir/recover-20220825/UBNA_002/20220823_033000.WAV,Telephone Field,recover-20220825,002,1795
1620.6605,1620.6663,38359,49678,Myotis daubentonii,0.026,0.065,-1,Echolocation,/mnt/ubna_data_01_mir/recover-20220825/UBNA_002/20220823_033000.WAV,Telephone Field,recover-20220825,002,1795
1620.6705,1620.6812,22890,28134,Nyctalus leisleri,0.011,0.025,-1,Echolocation,/mnt/ubna_data_01_mir/recover-20220825/UBNA_002/20220823_033000.WAV,Telephone Field,recover-20220825,002,1795
1620.7205,1620.7589,68437,82614,Rhinolophus ferrumequinum,0.024,0.024,-1,Echolocation,/mnt/ubna_data_01_mir/recover-20220825/UBNA_002/20220823_033000.WAV,Telephone Field,recover-20220825,002,1795
1620.7585,1620.763,38359,54201,Myotis daubentonii,0.102,0.268,-1,Echolocation,/mnt/ubna_data_01_mir/recover-20220825/UBNA_002/20220823_033000.WAV,Telephone Field,recover-20220825,002,1795
1620.7585,1620.7635,28906,70321,Myotis brandtii,0.041,0.107,-1,Echolocation,/mnt/ubna_data_01_mir/recover-20220825/UBNA_002/20220823_033000.WAV,Telephone Field,recover-20220825,002,1795
1620.8025,1620.84,68437,82178,Rhinolophus ferrumequinum,0.027,0.027,-1,Echolocation,/mnt/ubna_data_01_mir/recover-20220825/UBNA_002/20220823_033000.WAV,Telephone Field,recover-20220825,002,1795
1620.8245,1620.8659,68437,83109,Rhinolophus ferrumequinum,0.033,0.034,-1,Echolocation,/mnt/ubna_data_01_mir/recover-20220825/UBNA_002/20220823_033000.WAV,Telephone Field,recover-20220825,002,1795
1620.8255,1620.8358,34921,42526,Pipistrellus nathusii,0.023,0.041,-1,Echolocation,/mnt/ubna_data_01_mir/recover-20220825/UBNA_002/20220823_033000.WAV,Telephone Field,recover-20220825,002,1795
1620.8575,1620.8662,51250,55527,Pipistrellus pygmaeus,0.021,0.024,-1,Echolocation,/mnt/ubna_data_01_mir/recover-20220825/UBNA_002/20220823_033000.WAV,Telephone Field,recover-20220825,002,1795
1620.9175,1620.9265,27187,36360,Eptesicus serotinus,0.01,0.025,-1,Echolocation,/mnt/ubna_data_01_mir/recover-20220825/UBNA_002/20220823_033000.WAV,Telephone Field,recover-20220825,002,1795
1620.9175,1620.9262,40937,48762,Pipistrellus nathusii,0.014,0.027,-1,Echolocation,/mnt/ubna_data_01_mir/recover-20220825/UBNA_002/20220823_033000.WAV,Telephone Field,recover-20220825,002,1795
1620.9415,1620.979,68437,82554,Rhinolophus ferrumequinum,0.026,0.026,-1,Echolocation,/mnt/ubna_data_01_mir/recover-20220825/UBNA_002/20220823_033000.WAV,Telephone Field,recover-20220825,002,1795
1620.9905,1620.9994,25468,33955,Eptesicus serotinus,0.009,0.025,-1,Echolocation,/mnt/ubna_data_01_mir/recover-20220825/UBNA_002/20220823_033000.WAV,Telephone Field,recover-20220825,002,1795
1620.9925,1621.0037,32343,38288,Eptesicus serotinus,0.007,0.027,-1,Echolocation,/mnt/ubna_data_01_mir/recover-20220825/UBNA_002/20220823_033000.WAV,Telephone Field,recover-20220825,002,1795
1621.0025,1621.0368,68437,81168,Rhinolophus ferrumequinum,0.024,0.025,-1,Echolocation,/mnt/ubna_data_01_mir/recover-20220825/UBNA_002/20220823_033000.WAV,Telephone Field,recover-20220825,002,1795
1621.0445,1621.0532,43515,52875,Pipistrellus nathusii,0.009,0.026,-1,Echolocation,/mnt/ubna_data_01_mir/recover-20220825/UBNA_002/20220823_033000.WAV,Telephone Field,recover-20220825,002,1795
1621.0515,1621.0591,27187,40475,Eptesicus serotinus,0.011,0.032,-1,Echolocation,/mnt/ubna_data_01_mir/recover-20220825/UBNA_002/20220823_033000.WAV,Telephone Field,recover-20220825,002,1795
1621.0665,1621.1068,68437,82356,Rhinolophus ferrumequinum,0.027,0.027,-1,Echolocation,/mnt/ubna_data_01_mir/recover-20220825/UBNA_002/20220823_033000.WAV,Telephone Field,recover-20220825,002,1795
1621.1265,1621.1628,68437,81796,Rhinolophus ferrumequinum,0.027,0.027,-1,Echolocation,/mnt/ubna_data_01_mir/recover-20220825/UBNA_002/20220823_033000.WAV,Telephone Field,recover-20220825,002,1795
1621.1445,1621.154,22890,29608,Nyctalus leisleri,0.008,0.024,-1,Echolocation,/mnt/ubna_data_01_mir/recover-20220825/UBNA_002/20220823_033000.WAV,Telephone Field,recover-20220825,002,1795
1621.1445,1621.1539,45234,49281,Pipistrellus pipistrellus,0.023,0.032,-1,Echolocation,/mnt/ubna_data_01_mir/recover-20220825/UBNA_002/20220823_033000.WAV,Telephone Field,recover-20220825,002,1795
1621.1525,1621.1599,27187,37363,Eptesicus serotinus,0.007,0.024,-1,Echolocation,/mnt/ubna_data_01_mir/recover-20220825/UBNA_002/20220823_033000.WAV,Telephone Field,recover-20220825,002,1795
1621.1695,1621.1813,23750,28925,Nyctalus leisleri,0.022,0.044,-1,Echolocation,/mnt/ubna_data_01_mir/recover-20220825/UBNA_002/20220823_033000.WAV,Telephone Field,recover-20220825,002,1795
1621.1955,1621.2333,68437,82304,Rhinolophus ferrumequinum,0.03,0.03,-1,Echolocation,/mnt/ubna_data_01_mir/recover-20220825/UBNA_002/20220823_033000.WAV,Telephone Field,recover-20220825,002,1795
1621.1955,1621.2064,35781,41676,Pipistrellus nathusii,0.018,0.039,-1,Echolocation,/mnt/ubna_data_01_mir/recover-20220825/UBNA_002/20220823_033000.WAV,Telephone Field,recover-20220825,002,1795
1621.2615,1621.2809,20312,23555,Nyctalus leisleri,0.018,0.034,-1,Echolocation,/mnt/ubna_data_01_mir/recover-20220825/UBNA_002/20220823_033000.WAV,Telephone Field,recover-20220825,002,1795
1621.2985,1621.3043,41796,48438,Pipistrellus nathusii,0.38,0.411,-1,Echolocation,/mnt/ubna_data_01_mir/recover-20220825/UBNA_002/20220823_033000.WAV,Telephone Field,recover-20220825,002,1795
1621.3255,1621.363,68437,82716,Rhinolophus ferrumequinum,0.025,0.025,-1,Echolocation,/mnt/ubna_data_01_mir/recover-20220825/UBNA_002/20220823_033000.WAV,Telephone Field,recover-20220825,002,1795
1621.3505,1621.3572,31484,44165,Myotis daubentonii,0.013,0.029,-1,Echolocation,/mnt/ubna_data_01_mir/recover-20220825/UBNA_002/20220823_033000.WAV,Telephone Field,recover-20220825,002,1795
1621.4685,1621.4747,41796,49133,Pipistrellus nathusii,0.109,0.2,-1,Echolocation,/mnt/ubna_data_01_mir/recover-20220825/UBNA_002/20220823_033000.WAV,Telephone Field,recover-20220825,002,1795
1621.4755,1621.5145,68437,82957,Rhinolophus ferrumequinum,0.031,0.031,-1,Echolocation,/mnt/ubna_data_01_mir/recover-20220825/UBNA_002/20220823_033000.WAV,Telephone Field,recover-20220825,002,1795
1621.4955,1621.5039,52968,58238,Pipistrellus pygmaeus,0.022,0.024,-1,Echolocation,/mnt/ubna_data_01_mir/recover-20220825/UBNA_002/20220823_033000.WAV,Telephone Field,recover-20220825,002,1795
1621.5265,1621.534,28046,37871,Eptesicus serotinus,0.008,0.025,-1,Echolocation,/mnt/ubna_data_01_mir/recover-20220825/UBNA_002/20220823_033000.WAV,Telephone Field,recover-20220825,002,1795
1621.5335,1621.5739,68437,82219,Rhinolophus ferrumequinum,0.027,0.027,-1,Echolocation,/mnt/ubna_data_01_mir/recover-20220825/UBNA_002/20220823_033000.WAV,Telephone Field,recover-20220825,002,1795
1621.5635,1621.572,28046,37093,Eptesicus serotinus,0.01,0.024,-1,Echolocation,/mnt/ubna_data_01_mir/recover-20220825/UBNA_002/20220823_033000.WAV,Telephone Field,recover-20220825,002,1795
1621.6145,1621.6231,25468,36793,Eptesicus serotinus,0.009,0.025,-1,Echolocation,/mnt/ubna_data_01_mir/recover-20220825/UBNA_002/20220823_033000.WAV,Telephone Field,recover-20220825,002,1795
1621.6345,1621.643,27187,39323,Eptesicus serotinus,0.011,0.03,-1,Echolocation,/mnt/ubna_data_01_mir/recover-20220825/UBNA_002/20220823_033000.WAV,Telephone Field,recover-20220825,002,1795
1621.6535,1621.6619,26328,37774,Eptesicus serotinus,0.008,0.024,-1,Echolocation,/mnt/ubna_data_01_mir/recover-20220825/UBNA_002/20220823_033000.WAV,Telephone Field,recover-20220825,002,1795
1621.6565,1621.6636,41796,53559,Myotis brandtii,0.011,0.031,-1,Echolocation,/mnt/ubna_data_01_mir/recover-20220825/UBNA_002/20220823_033000.WAV,Telephone Field,recover-20220825,002,1795
1621.7025,1621.7437,68437,82574,Rhinolophus ferrumequinum,0.023,0.023,-1,Echolocation,/mnt/ubna_data_01_mir/recover-20220825/UBNA_002/20220823_033000.WAV,Telephone Field,recover-20220825,002,1795
1621.7065,1621.7136,26328,38814,Eptesicus serotinus,0.042,0.086,-1,Echolocation,/mnt/ubna_data_01_mir/recover-20220825/UBNA_002/20220823_033000.WAV,Telephone Field,recover-20220825,002,1795
1621.8395,1621.877,68437,82393,Rhinolophus ferrumequinum,0.023,0.023,-1,Echolocation,/mnt/ubna_data_01_mir/recover-20220825/UBNA_002/20220823_033000.WAV,Telephone Field,recover-20220825,002,1795
1621.8685,1621.9059,68437,81518,Rhinolophus ferrumequinum,0.025,0.026,-1,Echolocation,/mnt/ubna_data_01_mir/recover-20220825/UBNA_002/20220823_033000.WAV,Telephone Field,recover-20220825,002,1795
1621.8785,1621.8858,27187,38859,Eptesicus serotinus,0.008,0.025,-1,Echolocation,/mnt/ubna_data_01_mir/recover-20220825/UBNA_002/20220823_033000.WAV,Telephone Field,recover-20220825,002,1795
1621.9075,1621.9147,26328,38368,Eptesicus serotinus,0.006,0.024,-1,Echolocation,/mnt/ubna_data_01_mir/recover-20220825/UBNA_002/20220823_033000.WAV,Telephone Field,recover-20220825,002,1795
1621.9265,1621.9362,25468,33448,Eptesicus serotinus,0.012,0.028,-1,Echolocation,/mnt/ubna_data_01_mir/recover-20220825/UBNA_002/20220823_033000.WAV,Telephone Field,recover-20220825,002,1795
1621.9485,1621.9661,21171,24789,Nyctalus leisleri,0.013,0.023,-1,Echolocation,/mnt/ubna_data_01_mir/recover-20220825/UBNA_002/20220823_033000.WAV,Telephone Field,recover-20220825,002,1795
1621.9765,1621.9836,28046,38254,Eptesicus serotinus,0.008,0.027,-1,Echolocation,/mnt/ubna_data_01_mir/recover-20220825/UBNA_002/20220823_033000.WAV,Telephone Field,recover-20220825,002,1795
1622.0015,1622.0108,49531,56242,Pipistrellus pipistrellus,0.014,0.021,-1,Echolocation,/mnt/ubna_data_01_mir/recover-20220825/UBNA_002/20220823_033000.WAV,Telephone Field,recover-20220825,002,1795
1622.0015,1622.036,68437,80260,Rhinolophus ferrumequinum,0.022,0.022,-1,Echolocation,/mnt/ubna_data_01_mir/recover-20220825/UBNA_002/20220823_033000.WAV,Telephone Field,recover-20220825,002,1795
1622.0015,1622.0128,22031,27456,Nyctalus leisleri,0.018,0.038,-1,Echolocation,/mnt/ubna_data_01_mir/recover-20220825/UBNA_002/20220823_033000.WAV,Telephone Field,recover-20220825,002,1795
1622.0065,1622.0138,27187,39830,Eptesicus serotinus,0.006,0.022,-1,Echolocation,/mnt/ubna_data_01_mir/recover-20220825/UBNA_002/20220823_033000.WAV,Telephone Field,recover-20220825,002,1795
1622.0125,1622.0186,36640,53901,Myotis daubentonii,0.011,0.024,-1,Echolocation,/mnt/ubna_data_01_mir/recover-20220825/UBNA_002/20220823_033000.WAV,Telephone Field,recover-20220825,002,1795
1622.0155,1622.0248,28046,38470,Eptesicus serotinus,0.007,0.021,-1,Echolocation,/mnt/ubna_data_01_mir/recover-20220825/UBNA_002/20220823_033000.WAV,Telephone Field,recover-20220825,002,1795
1622.0215,1622.0323,28046,35621,Eptesicus serotinus,0.01,0.022,-1,Echolocation,/mnt/ubna_data_01_mir/recover-20220825/UBNA_002/20220823_033000.WAV,Telephone Field,recover-20220825,002,1795
1622.0515,1622.0912,68437,82821,Rhinolophus ferrumequinum,0.025,0.025,-1,Echolocation,/mnt/ubna_data_01_mir/recover-20220825/UBNA_002/20220823_033000.WAV,Telephone Field,recover-20220825,002,1795
1622.0685,1622.0757,25468,35443,Plecotus austriacus,0.008,0.027,-1,Echolocation,/mnt/ubna_data_01_mir/recover-20220825/UBNA_002/20220823_033000.WAV,Telephone Field,recover-20220825,002,1795
1622.1005,1622.1113,22890,29061,Nyctalus leisleri,0.013,0.031,-1,Echolocation,/mnt/ubna_data_01_mir/recover-20220825/UBNA_002/20220823_033000.WAV,Telephone Field,recover-20220825,002,1795
1622.1345,1622.1442,23750,31194,Nyctalus leisleri,0.01,0.029,-1,Echolocation,/mnt/ubna_data_01_mir/recover-20220825/UBNA_002/20220823_033000.WAV,Telephone Field,recover-20220825,002,1795
1622.1555,1622.1656,14296,21827,Nyctalus noctula,0.015,0.028,-1,Echolocation,/mnt/ubna_data_01_mir/recover-20220825/UBNA_002/20220823_033000.WAV,Telephone Field,recover-20220825,002,1795
1622.1675,1622.2078,68437,82564,Rhinolophus ferrumequinum,0.026,0.026,-1,Echolocation,/mnt/ubna_data_01_mir/recover-20220825/UBNA_002/20220823_033000.WAV,Telephone Field,recover-20220825,002,1795
1622.1705,1622.1802,28906,39909,Eptesicus serotinus,0.009,0.024,-1,Echolocation,/mnt/ubna_data_01_mir/recover-20220825/UBNA_002/20220823_033000.WAV,Telephone Field,recover-20220825,002,1795
1622.1925,1622.2335,68437,83084,Rhinolophus ferrumequinum,0.024,0.024,-1,Echolocation,/mnt/ubna_data_01_mir/recover-20220825/UBNA_002/20220823_033000.WAV,Telephone Field,recover-20220825,002,1795
1622.2255,1622.2335,26328,36678,Eptesicus serotinus,0.006,0.022,-1,Echolocation,/mnt/ubna_data_01_mir/recover-20220825/UBNA_002/20220823_033000.WAV,Telephone Field,recover-20220825,002,1795
1622.2405,1622.276,68437,81460,Rhinolophus ferrumequinum,0.021,0.021,-1,Echolocation,/mnt/ubna_data_01_mir/recover-20220825/UBNA_002/20220823_033000.WAV,Telephone Field,recover-20220825,002,1795
1622.2715,1622.3078,68437,82094,Rhinolophus ferrumequinum,0.022,0.022,-1,Echolocation,/mnt/ubna_data_01_mir/recover-20220825/UBNA_002/20220823_033000.WAV,Telephone Field,recover-20220825,002,1795
1622.2995,1622.3055,24609,38364,Plecotus austriacus,0.01,0.029,-1,Echolocation,/mnt/ubna_data_01_mir/recover-20220825/UBNA_002/20220823_033000.WAV,Telephone Field,recover-20220825,002,1795
1622.3585,1622.4011,68437,82822,Rhinolophus ferrumequinum,0.033,0.033,-1,Echolocation,/mnt/ubna_data_01_mir/recover-20220825/UBNA_002/20220823_033000.WAV,Telephone Field,recover-20220825,002,1795
1622.3795,1622.3891,28906,36756,Eptesicus serotinus,0.01,0.023,-1,Echolocation,/mnt/ubna_data_01_mir/recover-20220825/UBNA_002/20220823_033000.WAV,Telephone Field,recover-20220825,002,1795
1622.4055,1622.4137,27187,36140,Eptesicus serotinus,0.017,0.04,-1,Echolocation,/mnt/ubna_data_01_mir/recover-20220825/UBNA_002/20220823_033000.WAV,Telephone Field,recover-20220825,002,1795
1622.4365,1622.4719,68437,81400,Rhinolophus ferrumequinum,0.021,0.021,-1,Echolocation,/mnt/ubna_data_01_mir/recover-20220825/UBNA_002/20220823_033000.WAV,Telephone Field,recover-20220825,002,1795
1622.4365,1622.4559,19453,22521,Nyctalus noctula,0.017,0.034,-1,Echolocation,/mnt/ubna_data_01_mir/recover-20220825/UBNA_002/20220823_033000.WAV,Telephone Field,recover-20220825,002,1795
1622.4515,1622.4863,68437,82043,Rhinolophus ferrumequinum,0.022,0.022,-1,Echolocation,/mnt/ubna_data_01_mir/recover-20220825/UBNA_002/20220823_033000.WAV,Telephone Field,recover-20220825,002,1795
1622.4645,1622.5048,68437,82581,Rhinolophus ferrumequinum,0.028,0.028,-1,Echolocation,/mnt/ubna_data_01_mir/recover-20220825/UBNA_002/20220823_033000.WAV,Telephone Field,recover-20220825,002,1795
1622.5105,1622.55,68437,82153,Rhinolophus ferrumequinum,0.022,0.022,-1,Echolocation,/mnt/ubna_data_01_mir/recover-20220825/UBNA_002/20220823_033000.WAV,Telephone Field,recover-20220825,002,1795
1622.5295,1622.569,68437,82201,Rhinolophus ferrumequinum,0.036,0.036,-1,Echolocation,/mnt/ubna_data_01_mir/recover-20220825/UBNA_002/20220823_033000.WAV,Telephone Field,recover-20220825,002,1795
1622.5365,1622.5454,47812,53670,Pipistrellus pipistrellus,0.019,0.021,-1,Echolocation,/mnt/ubna_data_01_mir/recover-20220825/UBNA_002/20220823_033000.WAV,Telephone Field,recover-20220825,002,1795
1622.5385,1622.5474,28906,37061,Eptesicus serotinus,0.008,0.024,-1,Echolocation,/mnt/ubna_data_01_mir/recover-20220825/UBNA_002/20220823_033000.WAV,Telephone Field,recover-20220825,002,1795
1622.5795,1622.5859,28046,39732,Eptesicus serotinus,0.006,0.024,-1,Echolocation,/mnt/ubna_data_01_mir/recover-20220825/UBNA_002/20220823_033000.WAV,Telephone Field,recover-20220825,002,1795
1622.5805,1622.5871,23750,33607,Plecotus austriacus,0.011,0.024,-1,Echolocation,/mnt/ubna_data_01_mir/recover-20220825/UBNA_002/20220823_033000.WAV,Telephone Field,recover-20220825,002,1795
1622.6115,1622.618,24609,35669,Plecotus austriacus,0.012,0.029,-1,Echolocation,/mnt/ubna_data_01_mir/recover-20220825/UBNA_002/20220823_033000.WAV,Telephone Field,recover-20220825,002,1795
1622.6205,1622.6529,68437,81318,Rhinolophus ferrumequinum,0.021,0.021,-1,Echolocation,/mnt/ubna_data_01_mir/recover-20220825/UBNA_002/20220823_033000.WAV,Telephone Field,recover-20220825,002,1795
1622.6265,1622.6334,27187,39471,Eptesicus serotinus,0.005,0.022,-1,Echolocation,/mnt/ubna_data_01_mir/recover-20220825/UBNA_002/20220823_033000.WAV,Telephone Field,recover-20220825,002,1795
1622.6275,1622.6642,68437,81668,Rhinolophus ferrumequinum,0.022,0.023,-1,Echolocation,/mnt/ubna_data_01_mir/recover-20220825/UBNA_002/20220823_033000.WAV,Telephone Field,recover-20220825,002,1795
1622.6865,1622.7268,68437,82877,Rhinolophus ferrumequinum,0.024,0.024,-1,Echolocation,/mnt/ubna_data_01_mir/recover-20220825/UBNA_002/20220823_033000.WAV,Telephone Field,recover-20220825,002,1795
1622.7215,1622.7297,28906,38985,Eptesicus serotinus,0.008,0.024,-1,Echolocation,/mnt/ubna_data_01_mir/recover-20220825/UBNA_002/20220823_033000.WAV,Telephone Field,recover-20220825,002,1795
1622.7345,1622.7429,51250,60226,Pipistrellus pipistrellus,0.014,0.021,-1,Echolocation,/mnt/ubna_data_01_mir/recover-20220825/UBNA_002/20220823_033000.WAV,Telephone Field,recover-20220825,002,1795
1622.7635,1622.8008,68437,81294,Rhinolophus ferrumequinum,0.021,0.021,-1,Echolocation,/mnt/ubna_data_01_mir/recover-20220825/UBNA_002/20220823_033000.WAV,Telephone Field,recover-20220825,002,1795
1622.7765,1622.7851,28046,40759,Eptesicus serotinus,0.008,0.022,-1,Echolocation,/mnt/ubna_data_01_mir/recover-20220825/UBNA_002/20220823_033000.WAV,Telephone Field,recover-20220825,002,1795
1622.7925,1622.8295,68437,81645,Rhinolophus ferrumequinum,0.021,0.021,-1,Echolocation,/mnt/ubna_data_01_mir/recover-20220825/UBNA_002/20220823_033000.WAV,Telephone Field,recover-20220825,002,1795
1622.8115,1622.8173,27187,44927,Eptesicus serotinus,0.005,0.022,-1,Echolocation,/mnt/ubna_data_01_mir/recover-20220825/UBNA_002/20220823_033000.WAV,Telephone Field,recover-20220825,002,1795
1622.8285,1622.8373,28046,37535,Eptesicus serotinus,0.01,0.025,-1,Echolocation,/mnt/ubna_data_01_mir/recover-20220825/UBNA_002/20220823_033000.WAV,Telephone Field,recover-20220825,002,1795
1622.8545,1622.8916,68437,81744,Rhinolophus ferrumequinum,0.021,0.021,-1,Echolocation,/mnt/ubna_data_01_mir/recover-20220825/UBNA_002/20220823_033000.WAV,Telephone Field,recover-20220825,002,1795
1622.8845,1622.8968,21171,24163,Nyctalus leisleri,0.015,0.023,-1,Echolocation,/mnt/ubna_data_01_mir/recover-20220825/UBNA_002/20220823_033000.WAV,Telephone Field,recover-20220825,002,1795
1622.9095,1622.9498,68437,82915,Rhinolophus ferrumequinum,0.023,0.023,-1,Echolocation,/mnt/ubna_data_01_mir/recover-20220825/UBNA_002/20220823_033000.WAV,Telephone Field,recover-20220825,002,1795
1622.9135,1622.9228,28046,38195,Eptesicus serotinus,0.011,0.025,-1,Echolocation,/mnt/ubna_data_01_mir/recover-20220825/UBNA_002/20220823_033000.WAV,Telephone Field,recover-20220825,002,1795
1622.9525,1622.9592,27187,39187,Eptesicus serotinus,0.006,0.026,-1,Echolocation,/mnt/ubna_data_01_mir/recover-20220825/UBNA_002/20220823_033000.WAV,Telephone Field,recover-20220825,002,1795
1622.9675,1623.0067,68437,82182,Rhinolophus ferrumequinum,0.021,0.021,-1,Echolocation,/mnt/ubna_data_01_mir/recover-20220825/UBNA_002/20220823_033000.WAV,Telephone Field,recover-20220825,002,1795
1622.9835,1623.02,68437,82212,Rhinolophus ferrumequinum,0.022,0.022,-1,Echolocation,/mnt/ubna_data_01_mir/recover-20220825/UBNA_002/20220823_033000.WAV,Telephone Field,recover-20220825,002,1795
1622.9965,1623.004,23750,32041,Plecotus austriacus,0.01,0.024,-1,Echolocation,/mnt/ubna_data_01_mir/recover-20220825/UBNA_002/20220823_033000.WAV,Telephone Field,recover-20220825,002,1795
1623.0165,1623.0598,68437,83222,Rhinolophus ferrumequinum,0.034,0.034,-1,Echolocation,/mnt/ubna_data_01_mir/recover-20220825/UBNA_002/20220823_033000.WAV,Telephone Field,recover-20220825,002,1795
1623.0235,1623.0659,68437,83051,Rhinolophus ferrumequinum,0.031,0.031,-1,Echolocation,/mnt/ubna_data_01_mir/recover-20220825/UBNA_002/20220823_033000.WAV,Telephone Field,recover-20220825,002,1795
1623.0265,1623.0361,23750,31364,Nyctalus leisleri,0.009,0.024,-1,Echolocation,/mnt/ubna_data_01_mir/recover-20220825/UBNA_002/20220823_033000.WAV,Telephone Field,recover-20220825,002,1795
1623.0695,1623.1067,68437,82057,Rhinolophus ferrumequinum,0.021,0.021,-1,Echolocation,/mnt/ubna_data_01_mir/recover-20220825/UBNA_002/20220823_033000.WAV,Telephone Field,recover-20220825,002,1795
1623.0705,1623.0847,23750,28540,Nyctalus leisleri,0.015,0.028,-1,Echolocation,/mnt/ubna_data_01_mir/recover-20220825/UBNA_002/20220823_033000.WAV,Telephone Field,recover-20220825,002,1795
1623.0825,1623.0913,28046,39092,Eptesicus serotinus,0.01,0.025,-1,Echolocation,/mnt/ubna_data_01_mir/recover-20220825/UBNA_002/20220823_033000.WAV,Telephone Field,recover-20220825,002,1795
1623.1095,1623.1468,68437,81895,Rhinolophus ferrumequinum,0.025,0.025,-1,Echolocation,/mnt/ubna_data_01_mir/recover-20220825/UBNA_002/20220823_033000.WAV,Telephone Field,recover-20220825,002,1795
1623.1155,1623.121,45234,51115,Pipistrellus pipistrellus,0.022,0.023,-1,Echolocation,/mnt/ubna_data_01_mir/recover-20220825/UBNA_002/20220823_033000.WAV,Telephone Field,recover-20220825,002,1795
1623.1475,1623.1795,68437,80699,Rhinolophus ferrumequinum,0.023,0.023,-1,Echolocation,/mnt/ubna_data_01_mir/recover-20220825/UBNA_002/20220823_033000.WAV,Telephone Field,recover-20220825,002,1795
1623.1485,1623.1605,34062,40048,Eptesicus serotinus,0.006,0.023,-1,Echolocation,/mnt/ubna_data_01_mir/recover-20220825/UBNA_002/20220823_033000.WAV,Telephone Field,recover-20220825,002,1795
1623.2115,1623.2513,68437,82820,Rhinolophus ferrumequinum,0.032,0.032,-1,Echolocation,/mnt/ubna_data_01_mir/recover-20220825/UBNA_002/20220823_033000.WAV,Telephone Field,recover-20220825,002,1795
1623.2305,1623.2406,23750,30702,Nyctalus leisleri,0.009,0.023,-1,Echolocation,/mnt/ubna_data_01_mir/recover-20220825/UBNA_002/20220823_033000.WAV,Telephone Field,recover-20220825,002,1795
1623.2385,1623.2457,28046,40250,Eptesicus serotinus,0.007,0.023,-1,Echolocation,/mnt/ubna_data_01_mir/recover-20220825/UBNA_002/20220823_033000.WAV,Telephone Field,recover-20220825,002,1795
1623.2395,1623.2465,23750,33028,Plecotus austriacus,0.009,0.023,-1,Echolocation,/mnt/ubna_data_01_mir/recover-20220825/UBNA_002/20220823_033000.WAV,Telephone Field,recover-20220825,002,1795
1623.2975,1623.3089,23750,29673,Nyctalus leisleri,0.01,0.023,-1,Echolocation,/mnt/ubna_data_01_mir/recover-20220825/UBNA_002/20220823_033000.WAV,Telephone Field,recover-20220825,002,1795
1623.3065,1623.3139,28046,39784,Eptesicus serotinus,0.006,0.022,-1,Echolocation,/mnt/ubna_data_01_mir/recover-20220825/UBNA_002/20220823_033000.WAV,Telephone Field,recover-20220825,002,1795
1623.3375,1623.3457,23750,31536,Plecotus austriacus,0.009,0.023,-1,Echolocation,/mnt/ubna_data_01_mir/recover-20220825/UBNA_002/20220823_033000.WAV,Telephone Field,recover-20220825,002,1795
1623.3435,1623.3846,68437,82696,Rhinolophus ferrumequinum,0.048,0.048,-1,Echolocation,/mnt/ubna_data_01_mir/recover-20220825/UBNA_002/20220823_033000.WAV,Telephone Field,recover-20220825,002,1795
1623.3615,1623.3675,27187,40096,Eptesicus serotinus,0.004,0.022,-1,Echolocation,/mnt/ubna_data_01_mir/recover-20220825/UBNA_002/20220823_033000.WAV,Telephone Field,recover-20220825,002,1795
1623.3745,1623.4132,68437,82572,Rhinolophus ferrumequinum,0.026,0.026,-1,Echolocation,/mnt/ubna_data_01_mir/recover-20220825/UBNA_002/20220823_033000.WAV,Telephone Field,recover-20220825,002,1795
1623.3835,1623.3939,27187,35958,Eptesicus serotinus,0.01,0.023,-1,Echolocation,/mnt/ubna_data_01_mir/recover-20220825/UBNA_002/20220823_033000.WAV,Telephone Field,recover-20220825,002,1795
1623.4005,1623.4429,68437,83227,Rhinolophus ferrumequinum,0.027,0.027,-1,Echolocation,/mnt/ubna_data_01_mir/recover-20220825/UBNA_002/20220823_033000.WAV,Telephone Field,recover-20220825,002,1795
1623.4035,1623.4134,47812,54315,Pipistrellus pipistrellus,0.02,0.022,-1,Echolocation,/mnt/ubna_data_01_mir/recover-20220825/UBNA_002/20220823_033000.WAV,Telephone Field,recover-20220825,002,1795
1623.4315,1623.4385,23750,32799,Plecotus austriacus,0.009,0.023,-1,Echolocation,/mnt/ubna_data_01_mir/recover-20220825/UBNA_002/20220823_033000.WAV,Telephone Field,recover-20220825,002,1795
1623.4435,1623.453,13437,17520,Plecotus auritus,0.008,0.022,-1,Echolocation,/mnt/ubna_data_01_mir/recover-20220825/UBNA_002/20220823_033000.WAV,Telephone Field,recover-20220825,002,1795
1623.4585,1623.4956,68437,81871,Rhinolophus ferrumequinum,0.024,0.024,-1,Echolocation,/mnt/ubna_data_01_mir/recover-20220825/UBNA_002/20220823_033000.WAV,Telephone Field,recover-20220825,002,1795
1623.4785,1623.4866,28046,39844,Eptesicus serotinus,0.009,0.026,-1,Echolocation,/mnt/ubna_data_01_mir/recover-20220825/UBNA_002/20220823_033000.WAV,Telephone Field,recover-20220825,002,1795
1623.4895,1623.4995,28906,34921,Eptesicus serotinus,0.009,0.022,-1,Echolocation,/mnt/ubna_data_01_mir/recover-20220825/UBNA_002/20220823_033000.WAV,Telephone Field,recover-20220825,002,1795
1623.5015,1623.5413,68437,82639,Rhinolophus ferrumequinum,0.028,0.028,-1,Echolocation,/mnt/ubna_data_01_mir/recover-20220825/UBNA_002/20220823_033000.WAV,Telephone Field,recover-20220825,002,1795
1623.5115,1623.52,23750,31389,Plecotus austriacus,0.007,0.021,-1,Echolocation,/mnt/ubna_data_01_mir/recover-20220825/UBNA_002/20220823_033000.WAV,Telephone Field,recover-20220825,002,1795
1623.5305,1623.5375,27187,41463,Eptesicus serotinus,0.006,0.021,-1,Echolocation,/mnt/ubna_data_01_mir/recover-20220825/UBNA_002/20220823_033000.WAV,Telephone Field,recover-20220825,002,1795
1623.5585,1623.5902,68437,80014,Rhinolophus ferrumequinum,0.024,0.024,-1,Echolocation,/mnt/ubna_data_01_mir/recover-20220825/UBNA_002/20220823_033000.WAV,Telephone Field,recover-20220825,002,1795
1623.6035,1623.6395,68437,81410,Rhinolophus ferrumequinum,0.021,0.021,-1,Echolocation,/mnt/ubna_data_01_mir/recover-20220825/UBNA_002/20220823_033000.WAV,Telephone Field,recover-20220825,002,1795
1623.6315,1623.6742,68437,83016,Rhinolophus ferrumequinum,0.045,0.045,-1,Echolocation,/mnt/ubna_data_01_mir/recover-20220825/UBNA_002/20220823_033000.WAV,Telephone Field,recover-20220825,002,1795
1623.7515,1623.7625,28046,37243,Eptesicus serotinus,0.015,0.029,-1,Echolocation,/mnt/ubna_data_01_mir/recover-20220825/UBNA_002/20220823_033000.WAV,Telephone Field,recover-20220825,002,1795
1623.8005,1623.8076,23750,32732,Plecotus austriacus,0.009,0.021,-1,Echolocation,/mnt/ubna_data_01_mir/recover-20220825/UBNA_002/20220823_033000.WAV,Telephone Field,recover-20220825,002,1795
1623.8025,1623.8096,28046,39070,Eptesicus serotinus,0.006,0.022,-1,Echolocation,/mnt/ubna_data_01_mir/recover-20220825/UBNA_002/20220823_033000.WAV,Telephone Field,recover-20220825,002,1795
1623.8115,1623.8497,68437,82641,Rhinolophus ferrumequinum,0.036,0.036,-1,Echolocation,/mnt/ubna_data_01_mir/recover-20220825/UBNA_002/20220823_033000.WAV,Telephone Field,recover-20220825,002,1795
1623.8415,1623.8492,28046,38791,Eptesicus serotinus,0.009,0.025,-1,Echolocation,/mnt/ubna_data_01_mir/recover-20220825/UBNA_002/20220823_033000.WAV,Telephone Field,recover-20220825,002,1795
1623.8585,1623.8689,22890,29401,Nyctalus leisleri,0.009,0.028,-1,Echolocation,/mnt/ubna_data_01_mir/recover-20220825/UBNA_002/20220823_033000.WAV,Telephone Field,recover-20220825,002,1795
1623.8765,1623.8856,28906,37039,Eptesicus serotinus,0.039,0.065,-1,Echolocation,/mnt/ubna_data_01_mir/recover-20220825/UBNA_002/20220823_033000.WAV,Telephone Field,recover-20220825,002,1795
1623.8975,1623.9079,23750,29734,Nyctalus leisleri,0.011,0.027,-1,Echolocation,/mnt/ubna_data_01_mir/recover-20220825/UBNA_002/20220823_033000.WAV,Telephone Field,recover-20220825,002,1795
1623.9545,1623.9921,68437,82187,Rhinolophus ferrumequinum,0.021,0.021,-1,Echolocation,/mnt/ubna_data_01_mir/recover-20220825/UBNA_002/20220823_033000.WAV,Telephone Field,recover-20220825,002,1795
1623.9755,1623.9829,23750,32697,Plecotus austriacus,0.008,0.021,-1,Echolocation,/mnt/ubna_data_01_mir/recover-20220825/UBNA_002/20220823_033000.WAV,Telephone Field,recover-20220825,002,1795
1624.0015,1624.0315,68437,79116,Rhinolophus ferrumequinum,0.031,0.032,-1,Echolocation,/mnt/ubna_data_01_mir/recover-20220825/UBNA_002/20220823_033000.WAV,Telephone Field,recover-20220825,002,1795
1624.0015,1624.0111,26328,33796,Eptesicus serotinus,0.009,0.028,-1,Echolocation,/mnt/ubna_data_01_mir/recover-20220825/UBNA_002/20220823_033000.WAV,Telephone Field,recover-20220825,002,1795
1624.0015,1624.0095,46953,51665,Pipistrellus pipistrellus,0.016,0.024,-1,Echolocation,/mnt/ubna_data_01_mir/recover-20220825/UBNA_002/20220823_033000.WAV,Telephone Field,recover-20220825,002,1795
1624.0175,1624.0589,68437,82690,Rhinolophus ferrumequinum,0.026,0.026,-1,Echolocation,/mnt/ubna_data_01_mir/recover-20220825/UBNA_002/20220823_033000.WAV,Telephone Field,recover-20220825,002,1795
1624.0355,1624.0732,68437,81756,Rhinolophus ferrumequinum,0.022,0.022,-1,Echolocation,/mnt/ubna_data_01_mir/recover-20220825/UBNA_002/20220823_033000.WAV,Telephone Field,recover-20220825,002,1795
1624.0525,1624.065,55546,61250,Pipistrellus pygmaeus,0.029,0.031,-1,Echolocation,/mnt/ubna_data_01_mir/recover-20220825/UBNA_002/20220823_033000.WAV,Telephone Field,recover-20220825,002,1795
1624.0975,1624.1081,23750,30658,Nyctalus leisleri,0.01,0.028,-1,Echolocation,/mnt/ubna_data_01_mir/recover-20220825/UBNA_002/20220823_033000.WAV,Telephone Field,recover-20220825,002,1795
1624.1165,1624.1539,68437,81567,Rhinolophus ferrumequinum,0.023,0.023,-1,Echolocation,/mnt/ubna_data_01_mir/recover-20220825/UBNA_002/20220823_033000.WAV,Telephone Field,recover-20220825,002,1795
1624.1235,1624.131,27187,40006,Eptesicus serotinus,0.009,0.027,-1,Echolocation,/mnt/ubna_data_01_mir/recover-20220825/UBNA_002/20220823_033000.WAV,Telephone Field,recover-20220825,002,1795
1624.1985,1624.2071,27187,38581,Eptesicus serotinus,0.007,0.022,-1,Echolocation,/mnt/ubna_data_01_mir/recover-20220825/UBNA_002/20220823_033000.WAV,Telephone Field,recover-20220825,002,1795
1624.1995,1624.2377,68437,81763,Rhinolophus ferrumequinum,0.025,0.025,-1,Echolocation,/mnt/ubna_data_01_mir/recover-20220825/UBNA_002/20220823_033000.WAV,Telephone Field,recover-20220825,002,1795
1624.2445,1624.2514,28046,37905,Eptesicus serotinus,0.007,0.025,-1,Echolocation,/mnt/ubna_data_01_mir/recover-20220825/UBNA_002/20220823_033000.WAV,Telephone Field,recover-20220825,002,1795
1624.2555,1624.2629,46953,57322,Pipistrellus pipistrellus,0.015,0.025,-1,Echolocation,/mnt/ubna_data_01_mir/recover-20220825/UBNA_002/20220823_033000.WAV,Telephone Field,recover-20220825,002,1795
1624.2845,1624.2947,28906,36657,Eptesicus serotinus,0.011,0.027,-1,Echolocation,/mnt/ubna_data_01_mir/recover-20220825/UBNA_002/20220823_033000.WAV,Telephone Field,recover-20220825,002,1795
1624.3025,1624.3421,68437,82701,Rhinolophus ferrumequinum,0.031,0.031,-1,Echolocation,/mnt/ubna_data_01_mir/recover-20220825/UBNA_002/20220823_033000.WAV,Telephone Field,recover-20220825,002,1795
1624.3125,1624.3172,40078,55352,Myotis mystacinus,0.007,0.027,-1,Echolocation,/mnt/ubna_data_01_mir/recover-20220825/UBNA_002/20220823_033000.WAV,Telephone Field,recover-20220825,002,1795
1624.3145,1624.3187,30625,54472,Myotis daubentonii,0.019,0.039,-1,Echolocation,/mnt/ubna_data_01_mir/recover-20220825/UBNA_002/20220823_033000.WAV,Telephone Field,recover-20220825,002,1795
1624.3635,1624.3708,28046,41169,Eptesicus serotinus,0.008,0.025,-1,Echolocation,/mnt/ubna_data_01_mir/recover-20220825/UBNA_002/20220823_033000.WAV,Telephone Field,recover-20220825,002,1795
1624.3805,1624.422,68437,82821,Rhinolophus ferrumequinum,0.039,0.039,-1,Echolocation,/mnt/ubna_data_01_mir/recover-20220825/UBNA_002/20220823_033000.WAV,Telephone Field,recover-20220825,002,1795
1624.3975,1624.4366,68437,81923,Rhinolophus ferrumequinum,0.025,0.025,-1,Echolocation,/mnt/ubna_data_01_mir/recover-20220825/UBNA_002/20220823_033000.WAV,Telephone Field,recover-20220825,002,1795
1624.4405,1624.4541,35781,39617,Pipistrellus nathusii,0.051,0.084,-1,Echolocation,/mnt/ubna_data_01_mir/recover-20220825/UBNA_002/20220823_033000.WAV,Telephone Field,recover-20220825,002,1795
1624.5105,1624.5203,22890,28923,Nyctalus leisleri,0.008,0.022,-1,Echolocation,/mnt/ubna_data_01_mir/recover-20220825/UBNA_002/20220823_033000.WAV,Telephone Field,recover-20220825,002,1795
1624.5215,1624.5288,25468,34433,Eptesicus serotinus,0.006,0.024,-1,Echolocation,/mnt/ubna_data_01_mir/recover-20220825/UBNA_002/20220823_033000.WAV,Telephone Field,recover-20220825,002,1795
1624.5365,1624.5757,68437,82048,Rhinolophus ferrumequinum,0.023,0.023,-1,Echolocation,/mnt/ubna_data_01_mir/recover-20220825/UBNA_002/20220823_033000.WAV,Telephone Field,recover-20220825,002,1795
1624.5445,1624.552,27187,36590,Eptesicus serotinus,0.01,0.026,-1,Echolocation,/mnt/ubna_data_01_mir/recover-20220825/UBNA_002/20220823_033000.WAV,Telephone Field,recover-20220825,002,1795
1624.5535,1624.5936,68437,82397,Rhinolophus ferrumequinum,0.023,0.023,-1,Echolocation,/mnt/ubna_data_01_mir/recover-20220825/UBNA_002/20220823_033000.WAV,Telephone Field,recover-20220825,002,1795
1624.5705,1624.5812,23750,29610,Nyctalus leisleri,0.008,0.022,-1,Echolocation,/mnt/ubna_data_01_mir/recover-20220825/UBNA_002/20220823_033000.WAV,Telephone Field,recover-20220825,002,1795
1624.5745,1624.6112,68437,81292,Rhinolophus ferrumequinum,0.022,0.023,-1,Echolocation,/mnt/ubna_data_01_mir/recover-20220825/UBNA_002/20220823_033000.WAV,Telephone Field,recover-20220825,002,1795
1624.5835,1624.6246,68437,82325,Rhinolophus ferrumequinum,0.027,0.027,-1,Echolocation,/mnt/ubna_data_01_mir/recover-20220825/UBNA_002/20220823_033000.WAV,Telephone Field,recover-20220825,002,1795
1624.5875,1624.5957,27187,40930,Eptesicus serotinus,0.008,0.023,-1,Echolocation,/mnt/ubna_data_01_mir/recover-20220825/UBNA_002/20220823_033000.WAV,Telephone Field,recover-20220825,002,1795
1624.5905,1624.5958,38359,59351,Myotis brandtii,0.007,0.024,-1,Echolocation,/mnt/ubna_data_01_mir/recover-20220825/UBNA_002/20220823_033000.WAV,Telephone Field,recover-20220825,002,1795
1624.5945,1624.6034,28906,39385,Eptesicus serotinus,0.007,0.022,-1,Echolocation,/mnt/ubna_data_01_mir/recover-20220825/UBNA_002/20220823_033000.WAV,Telephone Field,recover-20220825,002,1795
1624.6015,1624.6404,68437,82494,Rhinolophus ferrumequinum,0.022,0.022,-1,Echolocation,/mnt/ubna_data_01_mir/recover-20220825/UBNA_002/20220823_033000.WAV,Telephone Field,recover-20220825,002,1795
1624.6525,1624.6626,51250,55746,Pipistrellus pipistrellus,0.018,0.033,-1,Echolocation,/mnt/ubna_data_01_mir/recover-20220825/UBNA_002/20220823_033000.WAV,Telephone Field,recover-20220825,002,1795
1624.6575,1624.6662,28046,39822,Eptesicus serotinus,0.008,0.022,-1,Echolocation,/mnt/ubna_data_01_mir/recover-20220825/UBNA_002/20220823_033000.WAV,Telephone Field,recover-20220825,002,1795
1624.6635,1624.6712,28906,38164,Eptesicus serotinus,0.007,0.022,-1,Echolocation,/mnt/ubna_data_01_mir/recover-20220825/UBNA_002/20220823_033000.WAV,Telephone Field,recover-20220825,002,1795
1624.6775,1624.6848,47812,52233,Pipistrellus pipistrellus,0.021,0.022,-1,Echolocation,/mnt/ubna_data_01_mir/recover-20220825/UBNA_002/20220823_033000.WAV,Telephone Field,recover-20220825,002,1795
1624.7125,1624.7494,68437,81911,Rhinolophus ferrumequinum,0.024,0.024,-1,Echolocation,/mnt/ubna_data_01_mir/recover-20220825/UBNA_002/20220823_033000.WAV,Telephone Field,recover-20220825,002,1795
1624.7195,1624.731,28046,35604,Eptesicus serotinus,0.013,0.029,-1,Echolocation,/mnt/ubna_data_01_mir/recover-20220825/UBNA_002/20220823_033000.WAV,Telephone Field,recover-20220825,002,1795
1624.7245,1624.7351,24609,31516,Nyctalus leisleri,0.011,0.029,-1,Echolocation,/mnt/ubna_data_01_mir/recover-20220825/UBNA_002/20220823_033000.WAV,Telephone Field,recover-20220825,002,1795
1624.7485,1624.7882,68437,82548,Rhinolophus ferrumequinum,0.025,0.025,-1,Echolocation,/mnt/ubna_data_01_mir/recover-20220825/UBNA_002/20220823_033000.WAV,Telephone Field,recover-20220825,002,1795
1624.7545,1624.7619,48671,52945,Pipistrellus pipistrellus,0.041,0.044,-1,Echolocation,/mnt/ubna_data_01_mir/recover-20220825/UBNA_002/20220823_033000.WAV,Telephone Field,recover-20220825,002,1795
1624.7785,1624.8198,68437,82691,Rhinolophus ferrumequinum,0.028,0.028,-1,Echolocation,/mnt/ubna_data_01_mir/recover-20220825/UBNA_002/20220823_033000.WAV,Telephone Field,recover-20220825,002,1795
1624.7985,1624.8338,68437,80618,Rhinolophus ferrumequinum,0.025,0.025,-1,Echolocation,/mnt/ubna_data_01_mir/recover-20220825/UBNA_002/20220823_033000.WAV,Telephone Field,recover-20220825,002,1795
1624.8415,1624.8809,68437,82367,Rhinolophus ferrumequinum,0.022,0.022,-1,Echolocation,/mnt/ubna_data_01_mir/recover-20220825/UBNA_002/20220823_033000.WAV,Telephone Field,recover-20220825,002,1795
1624.8475,1624.8538,27187,48250,Myotis daubentonii,0.005,0.023,-1,Echolocation,/mnt/ubna_data_01_mir/recover-20220825/UBNA_002/20220823_033000.WAV,Telephone Field,recover-20220825,002,1795
1624.8735,1624.9103,68437,81363,Rhinolophus ferrumequinum,0.022,0.022,-1,Echolocation,/mnt/ubna_data_01_mir/recover-20220825/UBNA_002/20220823_033000.WAV,Telephone Field,recover-20220825,002,1795
1624.8735,1624.879,43515,56991,Myotis mystacinus,0.011,0.024,-1,Echolocation,/mnt/ubna_data_01_mir/recover-20220825/UBNA_002/20220823_033000.WAV,Telephone Field,recover-20220825,002,1795
1624.8735,1624.8786,38359,64947,Myotis brandtii,0.008,0.022,-1,Echolocation,/mnt/ubna_data_01_mir/recover-20220825/UBNA_002/20220823_033000.WAV,Telephone Field,recover-20220825,002,1795
1624.8825,1624.9169,68437,80924,Rhinolophus ferrumequinum,0.022,0.022,-1,Echolocation,/mnt/ubna_data_01_mir/recover-20220825/UBNA_002/20220823_033000.WAV,Telephone Field,recover-20220825,002,1795
1624.9465,1624.9544,27187,36510,Eptesicus serotinus,0.008,0.022,-1,Echolocation,/mnt/ubna_data_01_mir/recover-20220825/UBNA_002/20220823_033000.WAV,Telephone Field,recover-20220825,002,1795
1624.9555,1624.9961,68437,82572,Rhinolophus ferrumequinum,0.05,0.05,-1,Echolocation,/mnt/ubna_data_01_mir/recover-20220825/UBNA_002/20220823_033000.WAV,Telephone Field,recover-20220825,002,1795
1624.9715,1625.0093,68437,82263,Rhinolophus ferrumequinum,0.022,0.022,-1,Echolocation,/mnt/ubna_data_01_mir/recover-20220825/UBNA_002/20220823_033000.WAV,Telephone Field,recover-20220825,002,1795
1624.9845,1624.9937,28046,37703,Eptesicus serotinus,0.008,0.022,-1,Echolocation,/mnt/ubna_data_01_mir/recover-20220825/UBNA_002/20220823_033000.WAV,Telephone Field,recover-20220825,002,1795
1624.9955,1625.0025,32343,41424,Myotis daubentonii,0.012,0.035,-1,Echolocation,/mnt/ubna_data_01_mir/recover-20220825/UBNA_002/20220823_033000.WAV,Telephone Field,recover-20220825,002,1795
1625.0555,1625.0904,68437,81368,Rhinolophus ferrumequinum,0.022,0.022,-1,Echolocation,/mnt/ubna_data_01_mir/recover-20220825/UBNA_002/20220823_033000.WAV,Telephone Field,recover-20220825,002,1795
1625.0735,1625.1163,68437,83172,Rhinolophus ferrumequinum,0.028,0.028,-1,Echolocation,/mnt/ubna_data_01_mir/recover-20220825/UBNA_002/20220823_033000.WAV,Telephone Field,recover-20220825,002,1795
1625.1825,1625.2277,68437,83264,Rhinolophus ferrumequinum,0.064,0.064,-1,Echolocation,/mnt/ubna_data_01_mir/recover-20220825/UBNA_002/20220823_033000.WAV,Telephone Field,recover-20220825,002,1795
1625.2055,1625.2133,27187,37473,Eptesicus serotinus,0.007,0.024,-1,Echolocation,/mnt/ubna_data_01_mir/recover-20220825/UBNA_002/20220823_033000.WAV,Telephone Field,recover-20220825,002,1795
1625.2335,1625.2413,51250,55642,Pipistrellus pipistrellus,0.018,0.024,-1,Echolocation,/mnt/ubna_data_01_mir/recover-20220825/UBNA_002/20220823_033000.WAV,Telephone Field,recover-20220825,002,1795
1625.2385,1625.2465,25468,33724,Eptesicus serotinus,0.007,0.021,-1,Echolocation,/mnt/ubna_data_01_mir/recover-20220825/UBNA_002/20220823_033000.WAV,Telephone Field,recover-20220825,002,1795
1625.2845,1625.3203,68437,81146,Rhinolophus ferrumequinum,0.027,0.028,-1,Echolocation,/mnt/ubna_data_01_mir/recover-20220825/UBNA_002/20220823_033000.WAV,Telephone Field,recover-20220825,002,1795
1625.2845,1625.2933,26328,35440,Eptesicus serotinus,0.011,0.026,-1,Echolocation,/mnt/ubna_data_01_mir/recover-20220825/UBNA_002/20220823_033000.WAV,Telephone Field,recover-20220825,002,1795
1625.3065,1625.3469,68437,82099,Rhinolophus ferrumequinum,0.023,0.023,-1,Echolocation,/mnt/ubna_data_01_mir/recover-20220825/UBNA_002/20220823_033000.WAV,Telephone Field,recover-20220825,002,1795
1625.3215,1625.3429,18593,21064,Nyctalus noctula,0.013,0.025,-1,Echolocation,/mnt/ubna_data_01_mir/recover-20220825/UBNA_002/20220823_033000.WAV,Telephone Field,recover-20220825,002,1795
1625.3385,1625.3492,43515,50751,Pipistrellus pipistrellus,0.014,0.022,-1,Echolocation,/mnt/ubna_data_01_mir/recover-20220825/UBNA_002/20220823_033000.WAV,Telephone Field,recover-20220825,002,1795
1625.3445,1625.3522,25468,36472,Eptesicus serotinus,0.006,0.024,-1,Echolocation,/mnt/ubna_data_01_mir/recover-20220825/UBNA_002/20220823_033000.WAV,Telephone Field,recover-20220825,002,1795
1625.3685,1625.4065,68437,82022,Rhinolophus ferrumequinum,0.022,0.022,-1,Echolocation,/mnt/ubna_data_01_mir/recover-20220825/UBNA_002/20220823_033000.WAV,Telephone Field,recover-20220825,002,1795
1625.3915,1625.4288,68437,82097,Rhinolophus ferrumequinum,0.022,0.022,-1,Echolocation,/mnt/ubna_data_01_mir/recover-20220825/UBNA_002/20220823_033000.WAV,Telephone Field,recover-20220825,002,1795
1625.4005,1625.4109,25468,33132,Eptesicus serotinus,0.009,0.023,-1,Echolocation,/mnt/ubna_data_01_mir/recover-20220825/UBNA_002/20220823_033000.WAV,Telephone Field,recover-20220825,002,1795
1625.4155,1625.4235,43515,53320,Pipistrellus pipistrellus,0.013,0.025,-1,Echolocation,/mnt/ubna_data_01_mir/recover-20220825/UBNA_002/20220823_033000.WAV,Telephone Field,recover-20220825,002,1795
1625.4435,1625.477,68437,80739,Rhinolophus ferrumequinum,0.022,0.022,-1,Echolocation,/mnt/ubna_data_01_mir/recover-20220825/UBNA_002/20220823_033000.WAV,Telephone Field,recover-20220825,002,1795
1625.4615,1625.5009,68437,82102,Rhinolophus ferrumequinum,0.026,0.026,-1,Echolocation,/mnt/ubna_data_01_mir/recover-20220825/UBNA_002/20220823_033000.WAV,Telephone Field,recover-20220825,002,1795
1625.5325,1625.5739,68437,82395,Rhinolophus ferrumequinum,0.024,0.024,-1,Echolocation,/mnt/ubna_data_01_mir/recover-20220825/UBNA_002/20220823_033000.WAV,Telephone Field,recover-20220825,002,1795
1625.5625,1625.6008,68437,81739,Rhinolophus ferrumequinum,0.022,0.022,-1,Echolocation,/mnt/ubna_data_01_mir/recover-20220825/UBNA_002/20220823_033000.WAV,Telephone Field,recover-20220825,002,1795
1625.5915,1625.6319,68437,81942,Rhinolophus ferrumequinum,0.022,0.022,-1,Echolocation,/mnt/ubna_data_01_mir/recover-20220825/UBNA_002/20220823_033000.WAV,Telephone Field,recover-20220825,002,1795
1625.6245,1625.6642,68437,81936,Rhinolophus ferrumequinum,0.025,0.025,-1,Echolocation,/mnt/ubna_data_01_mir/recover-20220825/UBNA_002/20220823_033000.WAV,Telephone Field,recover-20220825,002,1795
1625.6275,1625.6375,22890,29913,Nyctalus leisleri,0.008,0.024,-1,Echolocation,/mnt/ubna_data_01_mir/recover-20220825/UBNA_002/20220823_033000.WAV,Telephone Field,recover-20220825,002,1795
1625.6355,1625.6445,27187,37728,Eptesicus serotinus,0.009,0.024,-1,Echolocation,/mnt/ubna_data_01_mir/recover-20220825/UBNA_002/20220823_033000.WAV,Telephone Field,recover-20220825,002,1795
1625.6465,1625.6835,68437,81613,Rhinolophus ferrumequinum,0.022,0.022,-1,Echolocation,/mnt/ubna_data_01_mir/recover-20220825/UBNA_002/20220823_033000.WAV,Telephone Field,recover-20220825,002,1795
1625.6605,1625.6665,28046,40987,Eptesicus serotinus,0.008,0.031,-1,Echolocation,/mnt/ubna_data_01_mir/recover-20220825/UBNA_002/20220823_033000.WAV,Telephone Field,recover-20220825,002,1795
1625.6815,1625.7207,68437,82242,Rhinolophus ferrumequinum,0.029,0.029,-1,Echolocation,/mnt/ubna_data_01_mir/recover-20220825/UBNA_002/20220823_033000.WAV,Telephone Field,recover-20220825,002,1795
1625.7235,1625.7324,28906,40210,Eptesicus serotinus,0.01,0.027,-1,Echolocation,/mnt/ubna_data_01_mir/recover-20220825/UBNA_002/20220823_033000.WAV,Telephone Field,recover-20220825,002,1795
1625.7365,1625.777,68437,82448,Rhinolophus ferrumequinum,0.03,0.03,-1,Echolocation,/mnt/ubna_data_01_mir/recover-20220825/UBNA_002/20220823_033000.WAV,Telephone Field,recover-20220825,002,1795
1625.7565,1625.7941,68437,82515,Rhinolophus ferrumequinum,0.023,0.023,-1,Echolocation,/mnt/ubna_data_01_mir/recover-20220825/UBNA_002/20220823_033000.WAV,Telephone Field,recover-20220825,002,1795
1625.7635,1625.8042,68437,82747,Rhinolophus ferrumequinum,0.024,0.024,-1,Echolocation,/mnt/ubna_data_01_mir/recover-20220825/UBNA_002/20220823_033000.WAV,Telephone Field,recover-20220825,002,1795
1625.7765,1625.7862,28046,40289,Eptesicus serotinus,0.012,0.027,-1,Echolocation,/mnt/ubna_data_01_mir/recover-20220825/UBNA_002/20220823_033000.WAV,Telephone Field,recover-20220825,002,1795
1625.7865,1625.822,68437,81482,Rhinolophus ferrumequinum,0.023,0.023,-1,Echolocation,/mnt/ubna_data_01_mir/recover-20220825/UBNA_002/20220823_033000.WAV,Telephone Field,recover-20220825,002,1795
1625.8265,1625.8664,68437,81829,Rhinolophus ferrumequinum,0.025,0.025,-1,Echolocation,/mnt/ubna_data_01_mir/recover-20220825/UBNA_002/20220823_033000.WAV,Telephone Field,recover-20220825,002,1795
1625.8835,1625.9228,68437,82853,Rhinolophus ferrumequinum,0.036,0.036,-1,Echolocation,/mnt/ubna_data_01_mir/recover-20220825/UBNA_002/20220823_033000.WAV,Telephone Field,recover-20220825,002,1795
1625.9065,1625.9186,22890,28193,Nyctalus leisleri,0.013,0.026,-1,Echolocation,/mnt/ubna_data_01_mir/recover-20220825/UBNA_002/20220823_033000.WAV,Telephone Field,recover-20220825,002,1795
1625.9185,1625.9612,68437,82903,Rhinolophus ferrumequinum,0.022,0.022,-1,Echolocation,/mnt/ubna_data_01_mir/recover-20220825/UBNA_002/20220823_033000.WAV,Telephone Field,recover-20220825,002,1795
1625.9805,1625.991,22031,26809,Nyctalus leisleri,0.011,0.024,-1,Echolocation,/mnt/ubna_data_01_mir/recover-20220825/UBNA_002/20220823_033000.WAV,Telephone Field,recover-20220825,002,1795
1626.0015,1626.01,25468,35540,Nyctalus leisleri,0.007,0.026,-1,Echolocation,/mnt/ubna_data_01_mir/recover-20220825/UBNA_002/20220823_033000.WAV,Telephone Field,recover-20220825,002,1795
1626.0015,1626.014,48671,54552,Pipistrellus pipistrellus,0.029,0.04,-1,Echolocation,/mnt/ubna_data_01_mir/recover-20220825/UBNA_002/20220823_033000.WAV,Telephone Field,recover-20220825,002,1795
1626.0015,1626.0347,68437,80077,Rhinolophus ferrumequinum,0.036,0.036,-1,Echolocation,/mnt/ubna_data_01_mir/recover-20220825/UBNA_002/20220823_033000.WAV,Telephone Field,recover-20220825,002,1795
1626.0075,1626.0479,68437,81212,Rhinolophus ferrumequinum,0.024,0.024,-1,Echolocation,/mnt/ubna_data_01_mir/recover-20220825/UBNA_002/20220823_033000.WAV,Telephone Field,recover-20220825,002,1795
1626.0135,1626.0213,27187,39687,Eptesicus serotinus,0.008,0.024,-1,Echolocation,/mnt/ubna_data_01_mir/recover-20220825/UBNA_002/20220823_033000.WAV,Telephone Field,recover-20220825,002,1795
1626.0255,1626.0625,68437,81529,Rhinolophus ferrumequinum,0.024,0.024,-1,Echolocation,/mnt/ubna_data_01_mir/recover-20220825/UBNA_002/20220823_033000.WAV,Telephone Field,recover-20220825,002,1795
1626.0375,1626.0474,24609,31470,Nyctalus leisleri,0.007,0.022,-1,Echolocation,/mnt/ubna_data_01_mir/recover-20220825/UBNA_002/20220823_033000.WAV,Telephone Field,recover-20220825,002,1795
1626.0765,1626.1192,68437,83115,Rhinolophus ferrumequinum,0.027,0.027,-1,Echolocation,/mnt/ubna_data_01_mir/recover-20220825/UBNA_002/20220823_033000.WAV,Telephone Field,recover-20220825,002,1795
1626.1435,1626.1523,25468,32614,Nyctalus leisleri,0.007,0.022,-1,Echolocation,/mnt/ubna_data_01_mir/recover-20220825/UBNA_002/20220823_033000.WAV,Telephone Field,recover-20220825,002,1795
1626.1605,1626.1742,22031,26403,Nyctalus leisleri,0.016,0.028,-1,Echolocation,/mnt/ubna_data_01_mir/recover-20220825/UBNA_002/20220823_033000.WAV,Telephone Field,recover-20220825,002,1795
1626.1765,1626.2142,68437,81491,Rhinolophus ferrumequinum,0.023,0.023,-1,Echolocation,/mnt/ubna_data_01_mir/recover-20220825/UBNA_002/20220823_033000.WAV,Telephone Field,recover-20220825,002,1795
1626.1855,1626.1927,24609,37907,Plecotus austriacus,0.01,0.031,-1,Echolocation,/mnt/ubna_data_01_mir/recover-20220825/UBNA_002/20220823_033000.WAV,Telephone Field,recover-20220825,002,1795
1626.1865,1626.1925,33203,42667,Myotis daubentonii,0.01,0.025,-1,Echolocation,/mnt/ubna_data_01_mir/recover-20220825/UBNA_002/20220823_033000.WAV,Telephone Field,recover-20220825,002,1795
1626.2085,1626.2433,68437,81764,Rhinolophus ferrumequinum,0.021,0.021,-1,Echolocation,/mnt/ubna_data_01_mir/recover-20220825/UBNA_002/20220823_033000.WAV,Telephone Field,recover-20220825,002,1795
1626.2325,1626.2682,68437,81544,Rhinolophus ferrumequinum,0.026,0.026,-1,Echolocation,/mnt/ubna_data_01_mir/recover-20220825/UBNA_002/20220823_033000.WAV,Telephone Field,recover-20220825,002,1795
1626.2425,1626.28,68437,82220,Rhinolophus ferrumequinum,0.023,0.023,-1,Echolocation,/mnt/ubna_data_01_mir/recover-20220825/UBNA_002/20220823_033000.WAV,Telephone Field,recover-20220825,002,1795
1626.2795,1626.3188,68437,82119,Rhinolophus ferrumequinum,0.022,0.022,-1,Echolocation,/mnt/ubna_data_01_mir/recover-20220825/UBNA_002/20220823_033000.WAV,Telephone Field,recover-20220825,002,1795
1626.3055,1626.341,68437,81875,Rhinolophus ferrumequinum,0.028,0.028,-1,Echolocation,/mnt/ubna_data_01_mir/recover-20220825/UBNA_002/20220823_033000.WAV,Telephone Field,recover-20220825,002,1795
1626.3595,1626.3947,68437,81581,Rhinolophus ferrumequinum,0.021,0.022,-1,Echolocation,/mnt/ubna_data_01_mir/recover-20220825/UBNA_002/20220823_033000.WAV,Telephone Field,recover-20220825,002,1795
1626.3715,1626.3796,26328,36020,Eptesicus serotinus,0.009,0.024,-1,Echolocation,/mnt/ubna_data_01_mir/recover-20220825/UBNA_002/20220823_033000.WAV,Telephone Field,recover-20220825,002,1795
1626.3875,1626.4301,68437,82693,Rhinolophus ferrumequinum,0.026,0.026,-1,Echolocation,/mnt/ubna_data_01_mir/recover-20220825/UBNA_002/20220823_033000.WAV,Telephone Field,recover-20220825,002,1795
1626.4325,1626.4426,24609,31719,Nyctalus leisleri,0.008,0.022,-1,Echolocation,/mnt/ubna_data_01_mir/recover-20220825/UBNA_002/20220823_033000.WAV,Telephone Field,recover-20220825,002,1795
1626.4335,1626.4731,68437,82272,Rhinolophus ferrumequinum,0.021,0.021,-1,Echolocation,/mnt/ubna_data_01_mir/recover-20220825/UBNA_002/20220823_033000.WAV,Telephone Field,recover-20220825,002,1795
1626.4595,1626.5007,68437,83056,Rhinolophus ferrumequinum,0.027,0.027,-1,Echolocation,/mnt/ubna_data_01_mir/recover-20220825/UBNA_002/20220823_033000.WAV,Telephone Field,recover-20220825,002,1795
1626.4725,1626.4783,26328,40326,Plecotus auritus,0.005,0.027,-1,Echolocation,/mnt/ubna_data_01_mir/recover-20220825/UBNA_002/20220823_033000.WAV,Telephone Field,recover-20220825,002,1795
1626.4735,1626.479,38359,45719,Myotis daubentonii,0.009,0.022,-1,Echolocation,/mnt/ubna_data_01_mir/recover-20220825/UBNA_002/20220823_033000.WAV,Telephone Field,recover-20220825,002,1795
1626.4795,1626.5197,68437,82669,Rhinolophus ferrumequinum,0.028,0.028,-1,Echolocation,/mnt/ubna_data_01_mir/recover-20220825/UBNA_002/20220823_033000.WAV,Telephone Field,recover-20220825,002,1795
1626.4825,1626.4921,24609,31501,Nyctalus leisleri,0.008,0.022,-1,Echolocation,/mnt/ubna_data_01_mir/recover-20220825/UBNA_002/20220823_033000.WAV,Telephone Field,recover-20220825,002,1795
1626.5125,1626.5531,68437,82402,Rhinolophus ferrumequinum,0.026,0.026,-1,Echolocation,/mnt/ubna_data_01_mir/recover-20220825/UBNA_002/20220823_033000.WAV,Telephone Field,recover-20220825,002,1795
1626.5315,1626.5388,23750,32778,Plecotus austriacus,0.01,0.025,-1,Echolocation,/mnt/ubna_data_01_mir/recover-20220825/UBNA_002/20220823_033000.WAV,Telephone Field,recover-20220825,002,1795
1626.5505,1626.5571,28046,39764,Eptesicus serotinus,0.006,0.024,-1,Echolocation,/mnt/ubna_data_01_mir/recover-20220825/UBNA_002/20220823_033000.WAV,Telephone Field,recover-20220825,002,1795
1626.5795,1626.5873,26328,35477,Eptesicus serotinus,0.008,0.022,-1,Echolocation,/mnt/ubna_data_01_mir/recover-20220825/UBNA_002/20220823_033000.WAV,Telephone Field,recover-20220825,002,1795
1626.5795,1626.6177,68437,81827,Rhinolophus ferrumequinum,0.021,0.021,-1,Echolocation,/mnt/ubna_data_01_mir/recover-20220825/UBNA_002/20220823_033000.WAV,Telephone Field,recover-20220825,002,1795
1626.6135,1626.6216,28046,40336,Eptesicus serotinus,0.008,0.023,-1,Echolocation,/mnt/ubna_data_01_mir/recover-20220825/UBNA_002/20220823_033000.WAV,Telephone Field,recover-20220825,002,1795
1626.6415,1626.6531,30625,37695,Eptesicus serotinus,0.011,0.026,-1,Echolocation,/mnt/ubna_data_01_mir/recover-20220825/UBNA_002/20220823_033000.WAV,Telephone Field,recover-20220825,002,1795
1626.6545,1626.693,68437,81919,Rhinolophus ferrumequinum,0.022,0.022,-1,Echolocation,/mnt/ubna_data_01_mir/recover-20220825/UBNA_002/20220823_033000.WAV,Telephone Field,recover-20220825,002,1795
1626.6875,1626.6947,24609,33410,Plecotus austriacus,0.007,0.023,-1,Echolocation,/mnt/ubna_data_01_mir/recover-20220825/UBNA_002/20220823_033000.WAV,Telephone Field,recover-20220825,002,1795
1626.7235,1626.7581,68437,81534,Rhinolophus ferrumequinum,0.021,0.021,-1,Echolocation,/mnt/ubna_data_01_mir/recover-20220825/UBNA_002/20220823_033000.WAV,Telephone Field,recover-20220825,002,1795
1626.7365,1626.7729,68437,81097,Rhinolophus ferrumequinum,0.021,0.021,-1,Echolocation,/mnt/ubna_data_01_mir/recover-20220825/UBNA_002/20220823_033000.WAV,Telephone Field,recover-20220825,002,1795
1626.7605,1626.8014,68437,82761,Rhinolophus ferrumequinum,0.026,0.026,-1,Echolocation,/mnt/ubna_data_01_mir/recover-20220825/UBNA_002/20220823_033000.WAV,Telephone Field,recover-20220825,002,1795
1626.7695,1626.7799,22031,26765,Nyctalus leisleri,0.011,0.022,-1,Echolocation,/mnt/ubna_data_01_mir/recover-20220825/UBNA_002/20220823_033000.WAV,Telephone Field,recover-20220825,002,1795
1626.8065,1626.8432,68437,81870,Rhinolophus ferrumequinum,0.024,0.024,-1,Echolocation,/mnt/ubna_data_01_mir/recover-20220825/UBNA_002/20220823_033000.WAV,Telephone Field,recover-20220825,002,1795
1626.8195,1626.8635,68437,83294,Rhinolophus ferrumequinum,0.029,0.029,-1,Echolocation,/mnt/ubna_data_01_mir/recover-20220825/UBNA_002/20220823_033000.WAV,Telephone Field,recover-20220825,002,1795
1626.8595,1626.8952,68437,81633,Rhinolophus ferrumequinum,0.021,0.022,-1,Echolocation,/mnt/ubna_data_01_mir/recover-20220825/UBNA_002/20220823_033000.WAV,Telephone Field,recover-20220825,002,1795
1626.8635,1626.8712,24609,33080,Plecotus austriacus,0.007,0.023,-1,Echolocation,/mnt/ubna_data_01_mir/recover-20220825/UBNA_002/20220823_033000.WAV,Telephone Field,recover-20220825,002,1795
1626.8905,1626.901,22890,28689,Nyctalus leisleri,0.01,0.021,-1,Echolocation,/mnt/ubna_data_01_mir/recover-20220825/UBNA_002/20220823_033000.WAV,Telephone Field,recover-20220825,002,1795
1626.9025,1626.9455,68437,82932,Rhinolophus ferrumequinum,0.024,0.024,-1,Echolocation,/mnt/ubna_data_01_mir/recover-20220825/UBNA_002/20220823_033000.WAV,Telephone Field,recover-20220825,002,1795
1626.9185,1626.9591,68437,83333,Rhinolophus ferrumequinum,0.03,0.03,-1,Echolocation,/mnt/ubna_data_01_mir/recover-20220825/UBNA_002/20220823_033000.WAV,Telephone Field,recover-20220825,002,1795
1626.9425,1626.953,27187,33502,Eptesicus serotinus,0.013,0.031,-1,Echolocation,/mnt/ubna_data_01_mir/recover-20220825/UBNA_002/20220823_033000.WAV,Telephone Field,recover-20220825,002,1795
1626.9985,1627.0059,28046,39103,Eptesicus serotinus,0.007,0.021,-1,Echolocation,/mnt/ubna_data_01_mir/recover-20220825/UBNA_002/20220823_033000.WAV,Telephone Field,recover-20220825,002,1795
1627.0135,1627.0263,11718,18365,Nyctalus leisleri,0.017,0.037,-1,Echolocation,/mnt/ubna_data_01_mir/recover-20220825/UBNA_002/20220823_033000.WAV,Telephone Field,recover-20220825,002,1795
1627.0205,1627.0317,26328,34401,Eptesicus serotinus,0.012,0.026,-1,Echolocation,/mnt/ubna_data_01_mir/recover-20220825/UBNA_002/20220823_033000.WAV,Telephone Field,recover-20220825,002,1795
1627.0445,1627.0565,22890,28182,Nyctalus leisleri,0.018,0.037,-1,Echolocation,/mnt/ubna_data_01_mir/recover-20220825/UBNA_002/20220823_033000.WAV,Telephone Field,recover-20220825,002,1795
1627.0685,1627.112,68437,83208,Rhinolophus ferrumequinum,0.035,0.035,-1,Echolocation,/mnt/ubna_data_01_mir/recover-20220825/UBNA_002/20220823_033000.WAV,Telephone Field,recover-20220825,002,1795
1627.0835,1627.1232,68437,83155,Rhinolophus ferrumequinum,0.034,0.034,-1,Echolocation,/mnt/ubna_data_01_mir/recover-20220825/UBNA_002/20220823_033000.WAV,Telephone Field,recover-20220825,002,1795
1627.1105,1627.1495,68437,81862,Rhinolophus ferrumequinum,0.022,0.023,-1,Echolocation,/mnt/ubna_data_01_mir/recover-20220825/UBNA_002/20220823_033000.WAV,Telephone Field,recover-20220825,002,1795
1627.1575,1627.2009,68437,82922,Rhinolophus ferrumequinum,0.029,0.029,-1,Echolocation,/mnt/ubna_data_01_mir/recover-20220825/UBNA_002/20220823_033000.WAV,Telephone Field,recover-20220825,002,1795
1627.1595,1627.1696,23750,31031,Nyctalus leisleri,0.008,0.025,-1,Echolocation,/mnt/ubna_data_01_mir/recover-20220825/UBNA_002/20220823_033000.WAV,Telephone Field,recover-20220825,002,1795
1627.1925,1627.2302,68437,81654,Rhinolophus ferrumequinum,0.033,0.033,-1,Echolocation,/mnt/ubna_data_01_mir/recover-20220825/UBNA_002/20220823_033000.WAV,Telephone Field,recover-20220825,002,1795
1627.2005,1627.2112,28906,35269,Eptesicus serotinus,0.015,0.031,-1,Echolocation,/mnt/ubna_data_01_mir/recover-20220825/UBNA_002/20220823_033000.WAV,Telephone Field,recover-20220825,002,1795
1627.2445,1627.2906,68437,83768,Rhinolophus ferrumequinum,0.053,0.053,-1,Echolocation,/mnt/ubna_data_01_mir/recover-20220825/UBNA_002/20220823_033000.WAV,Telephone Field,recover-20220825,002,1795
1627.2715,1627.3079,68437,82346,Rhinolophus ferrumequinum,0.021,0.021,-1,Echolocation,/mnt/ubna_data_01_mir/recover-20220825/UBNA_002/20220823_033000.WAV,Telephone Field,recover-20220825,002,1795
1627.2955,1627.3355,68437,82794,Rhinolophus ferrumequinum,0.026,0.026,-1,Echolocation,/mnt/ubna_data_01_mir/recover-20220825/UBNA_002/20220823_033000.WAV,Telephone Field,recover-20220825,002,1795
1627.3015,1627.3415,68437,82281,Rhinolophus ferrumequinum,0.025,0.025,-1,Echolocation,/mnt/ubna_data_01_mir/recover-20220825/UBNA_002/20220823_033000.WAV,Telephone Field,recover-20220825,002,1795
1627.3595,1627.3658,28046,44905,Eptesicus serotinus,0.009,0.033,-1,Echolocation,/mnt/ubna_data_01_mir/recover-20220825/UBNA_002/20220823_033000.WAV,Telephone Field,recover-20220825,002,1795
1627.3855,1627.427,68437,82928,Rhinolophus ferrumequinum,0.024,0.024,-1,Echolocation,/mnt/ubna_data_01_mir/recover-20220825/UBNA_002/20220823_033000.WAV,Telephone Field,recover-20220825,002,1795
1627.3915,1627.4294,68437,82480,Rhinolophus ferrumequinum,0.024,0.024,-1,Echolocation,/mnt/ubna_data_01_mir/recover-20220825/UBNA_002/20220823_033000.WAV,Telephone Field,recover-20220825,002,1795
1627.4055,1627.4453,68437,81952,Rhinolophus ferrumequinum,0.022,0.022,-1,Echolocation,/mnt/ubna_data_01_mir/recover-20220825/UBNA_002/20220823_033000.WAV,Telephone Field,recover-20220825,002,1795
1627.4105,1627.4174,27187,41710,Eptesicus serotinus,0.006,0.025,-1,Echolocation,/mnt/ubna_data_01_mir/recover-20220825/UBNA_002/20220823_033000.WAV,Telephone Field,recover-20220825,002,1795
1627.4245,1627.4607,68437,82168,Rhinolophus ferrumequinum,0.022,0.022,-1,Echolocation,/mnt/ubna_data_01_mir/recover-20220825/UBNA_002/20220823_033000.WAV,Telephone Field,recover-20220825,002,1795
1627.4375,1627.4583,23750,26848,Nyctalus leisleri,0.05,0.075,-1,Echolocation,/mnt/ubna_data_01_mir/recover-20220825/UBNA_002/20220823_033000.WAV,Telephone Field,recover-20220825,002,1795
1627.4475,1627.4855,68437,81629,Rhinolophus ferrumequinum,0.022,0.022,-1,Echolocation,/mnt/ubna_data_01_mir/recover-20220825/UBNA_002/20220823_033000.WAV,Telephone Field,recover-20220825,002,1795
1627.4645,1627.5038,68437,82413,Rhinolophus ferrumequinum,0.024,0.024,-1,Echolocation,/mnt/ubna_data_01_mir/recover-20220825/UBNA_002/20220823_033000.WAV,Telephone Field,recover-20220825,002,1795
1627.5035,1627.5145,22890,27574,Nyctalus leisleri,0.011,0.022,-1,Echolocation,/mnt/ubna_data_01_mir/recover-20220825/UBNA_002/20220823_033000.WAV,Telephone Field,recover-20220825,002,1795
1627.5045,1627.5508,68437,84040,Rhinolophus ferrumequinum,0.062,0.062,-1,Echolocation,/mnt/ubna_data_01_mir/recover-20220825/UBNA_002/20220823_033000.WAV,Telephone Field,recover-20220825,002,1795
1627.5185,1627.5616,68437,83206,Rhinolophus ferrumequinum,0.04,0.04,-1,Echolocation,/mnt/ubna_data_01_mir/recover-20220825/UBNA_002/20220823_033000.WAV,Telephone Field,recover-20220825,002,1795
1627.5235,1627.54,20312,23185,Nyctalus leisleri,0.016,0.026,-1,Echolocation,/mnt/ubna_data_01_mir/recover-20220825/UBNA_002/20220823_033000.WAV,Telephone Field,recover-20220825,002,1795
1627.5515,1627.5615,51250,59159,Pipistrellus pipistrellus,0.014,0.021,-1,Echolocation,/mnt/ubna_data_01_mir/recover-20220825/UBNA_002/20220823_033000.WAV,Telephone Field,recover-20220825,002,1795
1627.5565,1627.5976,68437,82584,Rhinolophus ferrumequinum,0.024,0.024,-1,Echolocation,/mnt/ubna_data_01_mir/recover-20220825/UBNA_002/20220823_033000.WAV,Telephone Field,recover-20220825,002,1795
1627.5565,1627.569,22031,26279,Nyctalus leisleri,0.016,0.026,-1,Echolocation,/mnt/ubna_data_01_mir/recover-20220825/UBNA_002/20220823_033000.WAV,Telephone Field,recover-20220825,002,1795
1627.5895,1627.5978,28046,39129,Eptesicus serotinus,0.009,0.025,-1,Echolocation,/mnt/ubna_data_01_mir/recover-20220825/UBNA_002/20220823_033000.WAV,Telephone Field,recover-20220825,002,1795
1627.5975,1627.636,68437,82462,Rhinolophus ferrumequinum,0.025,0.025,-1,Echolocation,/mnt/ubna_data_01_mir/recover-20220825/UBNA_002/20220823_033000.WAV,Telephone Field,recover-20220825,002,1795
1627.6115,1627.6207,25468,33655,Eptesicus serotinus,0.009,0.023,-1,Echolocation,/mnt/ubna_data_01_mir/recover-20220825/UBNA_002/20220823_033000.WAV,Telephone Field,recover-20220825,002,1795
1627.6225,1627.6621,68437,82630,Rhinolophus ferrumequinum,0.025,0.025,-1,Echolocation,/mnt/ubna_data_01_mir/recover-20220825/UBNA_002/20220823_033000.WAV,Telephone Field,recover-20220825,002,1795
1627.6405,1627.648,28046,39168,Eptesicus serotinus,0.008,0.024,-1,Echolocation,/mnt/ubna_data_01_mir/recover-20220825/UBNA_002/20220823_033000.WAV,Telephone Field,recover-20220825,002,1795
1627.6505,1627.6638,22890,28361,Nyctalus leisleri,0.019,0.042,-1,Echolocation,/mnt/ubna_data_01_mir/recover-20220825/UBNA_002/20220823_033000.WAV,Telephone Field,recover-20220825,002,1795
1627.7385,1627.7813,68437,83128,Rhinolophus ferrumequinum,0.031,0.031,-1,Echolocation,/mnt/ubna_data_01_mir/recover-20220825/UBNA_002/20220823_033000.WAV,Telephone Field,recover-20220825,002,1795
1627.7695,1627.7814,22031,26067,Nyctalus leisleri,0.012,0.023,-1,Echolocation,/mnt/ubna_data_01_mir/recover-20220825/UBNA_002/20220823_033000.WAV,Telephone Field,recover-20220825,002,1795
1627.7785,1627.8194,68437,82638,Rhinolophus ferrumequinum,0.021,0.021,-1,Echolocation,/mnt/ubna_data_01_mir/recover-20220825/UBNA_002/20220823_033000.WAV,Telephone Field,recover-20220825,002,1795
1627.8315,1627.8703,68437,82407,Rhinolophus ferrumequinum,0.024,0.024,-1,Echolocation,/mnt/ubna_data_01_mir/recover-20220825/UBNA_002/20220823_033000.WAV,Telephone Field,recover-20220825,002,1795
1627.8445,1627.856,27187,34167,Eptesicus serotinus,0.014,0.028,-1,Echolocation,/mnt/ubna_data_01_mir/recover-20220825/UBNA_002/20220823_033000.WAV,Telephone Field,recover-20220825,002,1795
1627.8855,1627.9225,68437,81642,Rhinolophus ferrumequinum,0.022,0.022,-1,Echolocation,/mnt/ubna_data_01_mir/recover-20220825/UBNA_002/20220823_033000.WAV,Telephone Field,recover-20220825,002,1795
1627.9025,1627.9097,26328,39083,Eptesicus serotinus,0.006,0.024,-1,Echolocation,/mnt/ubna_data_01_mir/recover-20220825/UBNA_002/20220823_033000.WAV,Telephone Field,recover-20220825,002,1795
1627.9195,1627.9594,68437,82107,Rhinolophus ferrumequinum,0.025,0.025,-1,Echolocation,/mnt/ubna_data_01_mir/recover-20220825/UBNA_002/20220823_033000.WAV,Telephone Field,recover-20220825,002,1795
1627.9315,1627.949,20312,23113,Nyctalus leisleri,0.016,0.026,-1,Echolocation,/mnt/ubna_data_01_mir/recover-20220825/UBNA_002/20220823_033000.WAV,Telephone Field,recover-20220825,002,1795
1627.9505,1627.9911,68437,82785,Rhinolophus ferrumequinum,0.027,0.027,-1,Echolocation,/mnt/ubna_data_01_mir/recover-20220825/UBNA_002/20220823_033000.WAV,Telephone Field,recover-20220825,002,1795
1627.9595,1627.9988,68437,82880,Rhinolophus ferrumequinum,0.024,0.024,-1,Echolocation,/mnt/ubna_data_01_mir/recover-20220825/UBNA_002/20220823_033000.WAV,Telephone Field,recover-20220825,002,1795
1627.9805,1627.992,23750,29063,Nyctalus leisleri,0.01,0.021,-1,Echolocation,/mnt/ubna_data_01_mir/recover-20220825/UBNA_002/20220823_033000.WAV,Telephone Field,recover-20220825,002,1795
1628.0015,1628.0101,26328,38053,Nyctalus leisleri,0.007,0.026,-1,Echolocation,/mnt/ubna_data_01_mir/recover-20220825/UBNA_002/20220823_033000.WAV,Telephone Field,recover-20220825,002,1795
1628.0015,1628.0351,68437,80837,Rhinolophus ferrumequinum,0.05,0.05,-1,Echolocation,/mnt/ubna_data_01_mir/recover-20220825/UBNA_002/20220823_033000.WAV,Telephone Field,recover-20220825,002,1795
1628.0085,1628.0505,68437,82305,Rhinolophus ferrumequinum,0.026,0.026,-1,Echolocation,/mnt/ubna_data_01_mir/recover-20220825/UBNA_002/20220823_033000.WAV,Telephone Field,recover-20220825,002,1795
1628.0105,1628.0207,24609,31788,Eptesicus serotinus,0.008,0.023,-1,Echolocation,/mnt/ubna_data_01_mir/recover-20220825/UBNA_002/20220823_033000.WAV,Telephone Field,recover-20220825,002,1795
1628.0145,1628.0258,14296,20219,Nyctalus noctula,0.013,0.023,-1,Echolocation,/mnt/ubna_data_01_mir/recover-20220825/UBNA_002/20220823_033000.WAV,Telephone Field,recover-20220825,002,1795
1628.0245,1628.0655,68437,82324,Rhinolophus ferrumequinum,0.023,0.023,-1,Echolocation,/mnt/ubna_data_01_mir/recover-20220825/UBNA_002/20220823_033000.WAV,Telephone Field,recover-20220825,002,1795
1628.0385,1628.0487,28046,36546,Eptesicus serotinus,0.009,0.021,-1,Echolocation,/mnt/ubna_data_01_mir/recover-20220825/UBNA_002/20220823_033000.WAV,Telephone Field,recover-20220825,002,1795
1628.0395,1628.0796,68437,82122,Rhinolophus ferrumequinum,0.023,0.023,-1,Echolocation,/mnt/ubna_data_01_mir/recover-20220825/UBNA_002/20220823_033000.WAV,Telephone Field,recover-20220825,002,1795
1628.0465,1628.057,28046,34935,Eptesicus serotinus,0.009,0.023,-1,Echolocation,/mnt/ubna_data_01_mir/recover-20220825/UBNA_002/20220823_033000.WAV,Telephone Field,recover-20220825,002,1795
1628.0985,1628.1397,68437,82818,Rhinolophus ferrumequinum,0.023,0.023,-1,Echolocation,/mnt/ubna_data_01_mir/recover-20220825/UBNA_002/20220823_033000.WAV,Telephone Field,recover-20220825,002,1795
1628.1235,1628.1303,28046,37444,Eptesicus serotinus,0.008,0.025,-1,Echolocation,/mnt/ubna_data_01_mir/recover-20220825/UBNA_002/20220823_033000.WAV,Telephone Field,recover-20220825,002,1795
1628.1865,1628.2218,68437,80786,Rhinolophus ferrumequinum,0.021,0.021,-1,Echolocation,/mnt/ubna_data_01_mir/recover-20220825/UBNA_002/20220823_033000.WAV,Telephone Field,recover-20220825,002,1795
1628.2015,1628.2107,24609,32309,Eptesicus serotinus,0.007,0.024,-1,Echolocation,/mnt/ubna_data_01_mir/recover-20220825/UBNA_002/20220823_033000.WAV,Telephone Field,recover-20220825,002,1795
1628.2145,1628.2227,28906,41831,Eptesicus serotinus,0.007,0.021,-1,Echolocation,/mnt/ubna_data_01_mir/recover-20220825/UBNA_002/20220823_033000.WAV,Telephone Field,recover-20220825,002,1795
1628.2165,1628.2271,22890,27599,Nyctalus leisleri,0.012,0.022,-1,Echolocation,/mnt/ubna_data_01_mir/recover-20220825/UBNA_002/20220823_033000.WAV,Telephone Field,recover-20220825,002,1795
1628.2235,1628.2642,68437,83164,Rhinolophus ferrumequinum,0.031,0.031,-1,Echolocation,/mnt/ubna_data_01_mir/recover-20220825/UBNA_002/20220823_033000.WAV,Telephone Field,recover-20220825,002,1795
1628.2335,1628.2461,23750,28394,Nyctalus leisleri,0.014,0.027,-1,Echolocation,/mnt/ubna_data_01_mir/recover-20220825/UBNA_002/20220823_033000.WAV,Telephone Field,recover-20220825,002,1795
1628.2525,1628.2614,27187,37857,Eptesicus serotinus,0.008,0.023,-1,Echolocation,/mnt/ubna_data_01_mir/recover-20220825/UBNA_002/20220823_033000.WAV,Telephone Field,recover-20220825,002,1795
1628.2685,1628.3062,68437,82450,Rhinolophus ferrumequinum,0.022,0.022,-1,Echolocation,/mnt/ubna_data_01_mir/recover-20220825/UBNA_002/20220823_033000.WAV,Telephone Field,recover-20220825,002,1795
1628.2765,1628.2853,27187,36366,Eptesicus serotinus,0.008,0.021,-1,Echolocation,/mnt/ubna_data_01_mir/recover-20220825/UBNA_002/20220823_033000.WAV,Telephone Field,recover-20220825,002,1795
1628.2885,1628.3286,68437,82246,Rhinolophus ferrumequinum,0.023,0.023,-1,Echolocation,/mnt/ubna_data_01_mir/recover-20220825/UBNA_002/20220823_033000.WAV,Telephone Field,recover-20220825,002,1795
1628.2945,1628.3354,68437,82555,Rhinolophus ferrumequinum,0.022,0.022,-1,Echolocation,/mnt/ubna_data_01_mir/recover-20220825/UBNA_002/20220823_033000.WAV,Telephone Field,recover-20220825,002,1795
1628.3385,1628.3467,23750,31367,Plecotus austriacus,0.007,0.022,-1,Echolocation,/mnt/ubna_data_01_mir/recover-20220825/UBNA_002/20220823_033000.WAV,Telephone Field,recover-20220825,002,1795
1628.3565,1628.3638,28046,37631,Eptesicus serotinus,0.006,0.021,-1,Echolocation,/mnt/ubna_data_01_mir/recover-20220825/UBNA_002/20220823_033000.WAV,Telephone Field,recover-20220825,002,1795
1628.3895,1628.3998,47812,50607,Pipistrellus pipistrellus,0.026,0.031,-1,Echolocation,/mnt/ubna_data_01_mir/recover-20220825/UBNA_002/20220823_033000.WAV,Telephone Field,recover-20220825,002,1795
1628.4145,1628.4522,68437,82051,Rhinolophus ferrumequinum,0.022,0.022,-1,Echolocation,/mnt/ubna_data_01_mir/recover-20220825/UBNA_002/20220823_033000.WAV,Telephone Field,recover-20220825,002,1795
1628.4235,1628.4332,22890,29277,Nyctalus leisleri,0.01,0.027,-1,Echolocation,/mnt/ubna_data_01_mir/recover-20220825/UBNA_002/20220823_033000.WAV,Telephone Field,recover-20220825,002,1795
1628.4475,1628.4834,68437,81569,Rhinolophus ferrumequinum,0.021,0.021,-1,Echolocation,/mnt/ubna_data_01_mir/recover-20220825/UBNA_002/20220823_033000.WAV,Telephone Field,recover-20220825,002,1795
1628.4655,1628.4769000000001,26328,31596,Eptesicus serotinus,0.142,0.251,-1,Echolocation,/mnt/ubna_data_01_mir/recover-20220825/UBNA_002/20220823_033000.WAV,Telephone Field,recover-20220825,002,1795
1628.4795,1628.5159,68437,81812,Rhinolophus ferrumequinum,0.022,0.022,-1,Echolocation,/mnt/ubna_data_01_mir/recover-20220825/UBNA_002/20220823_033000.WAV,Telephone Field,recover-20220825,002,1795
1628.4805,1628.4899,28046,38664,Eptesicus serotinus,0.009,0.023,-1,Echolocation,/mnt/ubna_data_01_mir/recover-20220825/UBNA_002/20220823_033000.WAV,Telephone Field,recover-20220825,002,1795
1628.5205,1628.5283,27187,43614,Eptesicus serotinus,0.007,0.021,-1,Echolocation,/mnt/ubna_data_01_mir/recover-20220825/UBNA_002/20220823_033000.WAV,Telephone Field,recover-20220825,002,1795
1628.5965,1628.6341,68437,82521,Rhinolophus ferrumequinum,0.022,0.022,-1,Echolocation,/mnt/ubna_data_01_mir/recover-20220825/UBNA_002/20220823_033000.WAV,Telephone Field,recover-20220825,002,1795
1628.6015,1628.639,68437,82297,Rhinolophus ferrumequinum,0.022,0.022,-1,Echolocation,/mnt/ubna_data_01_mir/recover-20220825/UBNA_002/20220823_033000.WAV,Telephone Field,recover-20220825,002,1795
1628.6085,1628.6151,40937,52392,Myotis daubentonii,0.008,0.024,-1,Echolocation,/mnt/ubna_data_01_mir/recover-20220825/UBNA_002/20220823_033000.WAV,Telephone Field,recover-20220825,002,1795
1628.6265,1628.6345,28046,38894,Eptesicus serotinus,0.008,0.024,-1,Echolocation,/mnt/ubna_data_01_mir/recover-20220825/UBNA_002/20220823_033000.WAV,Telephone Field,recover-20220825,002,1795
1628.6405,1628.6541,32343,36647,Pipistrellus nathusii,0.026,0.063,-1,Echolocation,/mnt/ubna_data_01_mir/recover-20220825/UBNA_002/20220823_033000.WAV,Telephone Field,recover-20220825,002,1795
1628.6895,1628.6972,28046,39858,Eptesicus serotinus,0.007,0.022,-1,Echolocation,/mnt/ubna_data_01_mir/recover-20220825/UBNA_002/20220823_033000.WAV,Telephone Field,recover-20220825,002,1795
1628.7015,1628.7364,68437,80890,Rhinolophus ferrumequinum,0.022,0.022,-1,Echolocation,/mnt/ubna_data_01_mir/recover-20220825/UBNA_002/20220823_033000.WAV,Telephone Field,recover-20220825,002,1795
1628.7165,1628.7267,22031,26378,Nyctalus leisleri,0.011,0.021,-1,Echolocation,/mnt/ubna_data_01_mir/recover-20220825/UBNA_002/20220823_033000.WAV,Telephone Field,recover-20220825,002,1795
1628.7445,1628.7511,27187,42815,Myotis daubentonii,0.007,0.029,-1,Echolocation,/mnt/ubna_data_01_mir/recover-20220825/UBNA_002/20220823_033000.WAV,Telephone Field,recover-20220825,002,1795
1628.7475,1628.7815,68437,80920,Rhinolophus ferrumequinum,0.022,0.023,-1,Echolocation,/mnt/ubna_data_01_mir/recover-20220825/UBNA_002/20220823_033000.WAV,Telephone Field,recover-20220825,002,1795
1628.7705,1628.8093,68437,81936,Rhinolophus ferrumequinum,0.022,0.022,-1,Echolocation,/mnt/ubna_data_01_mir/recover-20220825/UBNA_002/20220823_033000.WAV,Telephone Field,recover-20220825,002,1795
1628.8015,1628.8082,25468,38811,Myotis nattereri,0.005,0.022,-1,Echolocation,/mnt/ubna_data_01_mir/recover-20220825/UBNA_002/20220823_033000.WAV,Telephone Field,recover-20220825,002,1795
1628.8195,1628.8293,23750,29787,Nyctalus leisleri,0.009,0.021,-1,Echolocation,/mnt/ubna_data_01_mir/recover-20220825/UBNA_002/20220823_033000.WAV,Telephone Field,recover-20220825,002,1795
1628.8475,1628.856,28906,37345,Eptesicus serotinus,0.007,0.022,-1,Echolocation,/mnt/ubna_data_01_mir/recover-20220825/UBNA_002/20220823_033000.WAV,Telephone Field,recover-20220825,002,1795
1628.8805,1628.8913,22890,27331,Nyctalus leisleri,0.012,0.022,-1,Echolocation,/mnt/ubna_data_01_mir/recover-20220825/UBNA_002/20220823_033000.WAV,Telephone Field,recover-20220825,002,1795
1628.9205,1628.9288,26328,34835,Eptesicus serotinus,0.007,0.023,-1,Echolocation,/mnt/ubna_data_01_mir/recover-20220825/UBNA_002/20220823_033000.WAV,Telephone Field,recover-20220825,002,1795
1628.9395,1628.9782,68437,82095,Rhinolophus ferrumequinum,0.024,0.024,-1,Echolocation,/mnt/ubna_data_01_mir/recover-20220825/UBNA_002/20220823_033000.WAV,Telephone Field,recover-20220825,002,1795
1628.9655,1628.9721,36640,44007,Myotis daubentonii,0.009,0.022,-1,Echolocation,/mnt/ubna_data_01_mir/recover-20220825/UBNA_002/20220823_033000.WAV,Telephone Field,recover-20220825,002,1795
1628.9675,1628.9743,27187,38911,Eptesicus serotinus,0.005,0.022,-1,Echolocation,/mnt/ubna_data_01_mir/recover-20220825/UBNA_002/20220823_033000.WAV,Telephone Field,recover-20220825,002,1795
1629.0125,1629.0229,26328,33353,Eptesicus serotinus,0.013,0.026,-1,Echolocation,/mnt/ubna_data_01_mir/recover-20220825/UBNA_002/20220823_033000.WAV,Telephone Field,recover-20220825,002,1795
1629.0465,1629.0862,68437,82485,Rhinolophus ferrumequinum,0.022,0.022,-1,Echolocation,/mnt/ubna_data_01_mir/recover-20220825/UBNA_002/20220823_033000.WAV,Telephone Field,recover-20220825,002,1795
1629.0525,1629.061,28046,38352,Eptesicus serotinus,0.007,0.023,-1,Echolocation,/mnt/ubna_data_01_mir/recover-20220825/UBNA_002/20220823_033000.WAV,Telephone Field,recover-20220825,002,1795
1629.0605,1629.1002,68437,83417,Rhinolophus ferrumequinum,0.027,0.027,-1,Echolocation,/mnt/ubna_data_01_mir/recover-20220825/UBNA_002/20220823_033000.WAV,Telephone Field,recover-20220825,002,1795
1629.0695,1629.0784,28046,40677,Eptesicus serotinus,0.011,0.026,-1,Echolocation,/mnt/ubna_data_01_mir/recover-20220825/UBNA_002/20220823_033000.WAV,Telephone Field,recover-20220825,002,1795
1629.0925,1629.1021,43515,48186,Pipistrellus pipistrellus,0.02,0.025,-1,Echolocation,/mnt/ubna_data_01_mir/recover-20220825/UBNA_002/20220823_033000.WAV,Telephone Field,recover-20220825,002,1795
1629.0965,1629.1328,68437,81509,Rhinolophus ferrumequinum,0.03,0.03,-1,Echolocation,/mnt/ubna_data_01_mir/recover-20220825/UBNA_002/20220823_033000.WAV,Telephone Field,recover-20220825,002,1795
1629.1515,1629.1896,68437,81566,Rhinolophus ferrumequinum,0.021,0.021,-1,Echolocation,/mnt/ubna_data_01_mir/recover-20220825/UBNA_002/20220823_033000.WAV,Telephone Field,recover-20220825,002,1795
1629.1515,1629.165,23750,29540,Nyctalus leisleri,0.043,0.101,-1,Echolocation,/mnt/ubna_data_01_mir/recover-20220825/UBNA_002/20220823_033000.WAV,Telephone Field,recover-20220825,002,1795
1629.1715,1629.2109,68437,82489,Rhinolophus ferrumequinum,0.026,0.026,-1,Echolocation,/mnt/ubna_data_01_mir/recover-20220825/UBNA_002/20220823_033000.WAV,Telephone Field,recover-20220825,002,1795
1629.1985,1629.2336,68437,81222,Rhinolophus ferrumequinum,0.022,0.022,-1,Echolocation,/mnt/ubna_data_01_mir/recover-20220825/UBNA_002/20220823_033000.WAV,Telephone Field,recover-20220825,002,1795
1629.2355,1629.2443,32343,41158,Myotis daubentonii,0.007,0.023,-1,Echolocation,/mnt/ubna_data_01_mir/recover-20220825/UBNA_002/20220823_033000.WAV,Telephone Field,recover-20220825,002,1795
1629.3055,1629.3158,24609,31820,Nyctalus leisleri,0.007,0.021,-1,Echolocation,/mnt/ubna_data_01_mir/recover-20220825/UBNA_002/20220823_033000.WAV,Telephone Field,recover-20220825,002,1795
1629.3095,1629.352,68437,82777,Rhinolophus ferrumequinum,0.031,0.031,-1,Echolocation,/mnt/ubna_data_01_mir/recover-20220825/UBNA_002/20220823_033000.WAV,Telephone Field,recover-20220825,002,1795
1629.3135,1629.325,22890,27889,Nyctalus leisleri,0.011,0.022,-1,Echolocation,/mnt/ubna_data_01_mir/recover-20220825/UBNA_002/20220823_033000.WAV,Telephone Field,recover-20220825,002,1795
1629.3345,1629.3729,68437,82461,Rhinolophus ferrumequinum,0.021,0.022,-1,Echolocation,/mnt/ubna_data_01_mir/recover-20220825/UBNA_002/20220823_033000.WAV,Telephone Field,recover-20220825,002,1795
1629.3615,1629.3712,23750,31044,Nyctalus leisleri,0.008,0.028,-1,Echolocation,/mnt/ubna_data_01_mir/recover-20220825/UBNA_002/20220823_033000.WAV,Telephone Field,recover-20220825,002,1795
1629.3745,1629.3826,28046,38256,Eptesicus serotinus,0.007,0.022,-1,Echolocation,/mnt/ubna_data_01_mir/recover-20220825/UBNA_002/20220823_033000.WAV,Telephone Field,recover-20220825,002,1795
1629.3855,1629.3963,22890,27688,Nyctalus leisleri,0.011,0.021,-1,Echolocation,/mnt/ubna_data_01_mir/recover-20220825/UBNA_002/20220823_033000.WAV,Telephone Field,recover-20220825,002,1795
1629.4205,1629.457,68437,82086,Rhinolophus ferrumequinum,0.025,0.026,-1,Echolocation,/mnt/ubna_data_01_mir/recover-20220825/UBNA_002/20220823_033000.WAV,Telephone Field,recover-20220825,002,1795
1629.4265,1629.4353,23750,31619,Plecotus austriacus,0.007,0.023,-1,Echolocation,/mnt/ubna_data_01_mir/recover-20220825/UBNA_002/20220823_033000.WAV,Telephone Field,recover-20220825,002,1795
1629.4495,1629.4896,68437,81811,Rhinolophus ferrumequinum,0.023,0.023,-1,Echolocation,/mnt/ubna_data_01_mir/recover-20220825/UBNA_002/20220823_033000.WAV,Telephone Field,recover-20220825,002,1795
1629.4995,1629.5095,28906,35928,Eptesicus serotinus,0.008,0.021,-1,Echolocation,/mnt/ubna_data_01_mir/recover-20220825/UBNA_002/20220823_033000.WAV,Telephone Field,recover-20220825,002,1795
1629.5085,1629.5477,68437,82268,Rhinolophus ferrumequinum,0.023,0.023,-1,Echolocation,/mnt/ubna_data_01_mir/recover-20220825/UBNA_002/20220823_033000.WAV,Telephone Field,recover-20220825,002,1795
1629.5085,1629.5187,28906,36592,Eptesicus serotinus,0.009,0.024,-1,Echolocation,/mnt/ubna_data_01_mir/recover-20220825/UBNA_002/20220823_033000.WAV,Telephone Field,recover-20220825,002,1795
1629.5155,1629.5565,68437,82058,Rhinolophus ferrumequinum,0.024,0.024,-1,Echolocation,/mnt/ubna_data_01_mir/recover-20220825/UBNA_002/20220823_033000.WAV,Telephone Field,recover-20220825,002,1795
1629.5225,1629.5613,68437,82816,Rhinolophus ferrumequinum,0.024,0.024,-1,Echolocation,/mnt/ubna_data_01_mir/recover-20220825/UBNA_002/20220823_033000.WAV,Telephone Field,recover-20220825,002,1795
1629.5975,1629.6378,68437,82481,Rhinolophus ferrumequinum,0.023,0.023,-1,Echolocation,/mnt/ubna_data_01_mir/recover-20220825/UBNA_002/20220823_033000.WAV,Telephone Field,recover-20220825,002,1795
1629.6055,1629.6194,22890,27261,Nyctalus leisleri,0.015,0.025,-1,Echolocation,/mnt/ubna_data_01_mir/recover-20220825/UBNA_002/20220823_033000.WAV,Telephone Field,recover-20220825,002,1795
1629.6745,1629.6894,24609,30579,Nyctalus leisleri,0.068,0.159,-1,Echolocation,/mnt/ubna_data_01_mir/recover-20220825/UBNA_002/20220823_033000.WAV,Telephone Field,recover-20220825,002,1795
1629.7035,1629.7107,47812,54508,Pipistrellus pipistrellus,0.021,0.024,-1,Echolocation,/mnt/ubna_data_01_mir/recover-20220825/UBNA_002/20220823_033000.WAV,Telephone Field,recover-20220825,002,1795
1629.7115,1629.7189,26328,36702,Eptesicus serotinus,0.006,0.022,-1,Echolocation,/mnt/ubna_data_01_mir/recover-20220825/UBNA_002/20220823_033000.WAV,Telephone Field,recover-20220825,002,1795
1629.7315,1629.7395,28046,40745,Eptesicus serotinus,0.008,0.022,-1,Echolocation,/mnt/ubna_data_01_mir/recover-20220825/UBNA_002/20220823_033000.WAV,Telephone Field,recover-20220825,002,1795
1629.7505,1629.7849,68437,81257,Rhinolophus ferrumequinum,0.024,0.024,-1,Echolocation,/mnt/ubna_data_01_mir/recover-20220825/UBNA_002/20220823_033000.WAV,Telephone Field,recover-20220825,002,1795
1629.7595,1629.7681,28046,39053,Eptesicus serotinus,0.009,0.027,-1,Echolocation,/mnt/ubna_data_01_mir/recover-20220825/UBNA_002/20220823_033000.WAV,Telephone Field,recover-20220825,002,1795
1629.7915,1629.8336,68437,82809,Rhinolophus ferrumequinum,0.026,0.026,-1,Echolocation,/mnt/ubna_data_01_mir/recover-20220825/UBNA_002/20220823_033000.WAV,Telephone Field,recover-20220825,002,1795
1629.8155,1629.8569,68437,82901,Rhinolophus ferrumequinum,0.024,0.024,-1,Echolocation,/mnt/ubna_data_01_mir/recover-20220825/UBNA_002/20220823_033000.WAV,Telephone Field,recover-20220825,002,1795
1629.8485,1629.8549,23750,34991,Plecotus austriacus,0.017,0.034,-1,Echolocation,/mnt/ubna_data_01_mir/recover-20220825/UBNA_002/20220823_033000.WAV,Telephone Field,recover-20220825,002,1795
1629.8595,1629.9022,68437,83184,Rhinolophus ferrumequinum,0.031,0.031,-1,Echolocation,/mnt/ubna_data_01_mir/recover-20220825/UBNA_002/20220823_033000.WAV,Telephone Field,recover-20220825,002,1795
1629.8845,1629.8945,23750,30040,Nyctalus leisleri,0.009,0.022,-1,Echolocation,/mnt/ubna_data_01_mir/recover-20220825/UBNA_002/20220823_033000.WAV,Telephone Field,recover-20220825,002,1795
1629.8965,1629.9035,26328,40233,Eptesicus serotinus,0.007,0.026,-1,Echolocation,/mnt/ubna_data_01_mir/recover-20220825/UBNA_002/20220823_033000.WAV,Telephone Field,recover-20220825,002,1795
1629.9475,1629.9574,24609,31105,Nyctalus leisleri,0.012,0.028,-1,Echolocation,/mnt/ubna_data_01_mir/recover-20220825/UBNA_002/20220823_033000.WAV,Telephone Field,recover-20220825,002,1795
1630.0015,1630.0325,68437,80479,Rhinolophus ferrumequinum,0.034,0.034,-1,Echolocation,/mnt/ubna_data_01_mir/recover-20220825/UBNA_002/20220823_033000.WAV,Telephone Field,recover-20220825,002,1795
1630.0015,1630.0108,22890,29399,Nyctalus leisleri,0.012,0.033,-1,Echolocation,/mnt/ubna_data_01_mir/recover-20220825/UBNA_002/20220823_033000.WAV,Telephone Field,recover-20220825,002,1795
1630.0015,1630.009,47812,54429,Pipistrellus pipistrellus,0.019,0.024,-1,Echolocation,/mnt/ubna_data_01_mir/recover-20220825/UBNA_002/20220823_033000.WAV,Telephone Field,recover-20220825,002,1795
1630.0165,1630.0575,68437,82386,Rhinolophus ferrumequinum,0.025,0.025,-1,Echolocation,/mnt/ubna_data_01_mir/recover-20220825/UBNA_002/20220823_033000.WAV,Telephone Field,recover-20220825,002,1795
1630.0225,1630.0638,68437,82723,Rhinolophus ferrumequinum,0.026,0.026,-1,Echolocation,/mnt/ubna_data_01_mir/recover-20220825/UBNA_002/20220823_033000.WAV,Telephone Field,recover-20220825,002,1795
1630.0935,1630.1346,68437,82699,Rhinolophus ferrumequinum,0.026,0.026,-1,Echolocation,/mnt/ubna_data_01_mir/recover-20220825/UBNA_002/20220823_033000.WAV,Telephone Field,recover-20220825,002,1795
1630.0945,1630.1051,25468,32554,Eptesicus serotinus,0.118,0.238,-1,Echolocation,/mnt/ubna_data_01_mir/recover-20220825/UBNA_002/20220823_033000.WAV,Telephone Field,recover-20220825,002,1795
1630.1355,1630.1438,29765,40244,Eptesicus serotinus,0.01,0.029,-1,Echolocation,/mnt/ubna_data_01_mir/recover-20220825/UBNA_002/20220823_033000.WAV,Telephone Field,recover-20220825,002,1795
1630.1475,1630.1778,68437,79081,Rhinolophus ferrumequinum,0.027,0.027,-1,Echolocation,/mnt/ubna_data_01_mir/recover-20220825/UBNA_002/20220823_033000.WAV,Telephone Field,recover-20220825,002,1795
1630.1705,1630.1837,31484,34975,Eptesicus serotinus,0.016,0.049,-1,Echolocation,/mnt/ubna_data_01_mir/recover-20220825/UBNA_002/20220823_033000.WAV,Telephone Field,recover-20220825,002,1795
1630.1845,1630.2237,68437,82264,Rhinolophus ferrumequinum,0.032,0.032,-1,Echolocation,/mnt/ubna_data_01_mir/recover-20220825/UBNA_002/20220823_033000.WAV,Telephone Field,recover-20220825,002,1795
1630.1965,1630.2068,25468,31846,Eptesicus serotinus,0.014,0.034,-1,Echolocation,/mnt/ubna_data_01_mir/recover-20220825/UBNA_002/20220823_033000.WAV,Telephone Field,recover-20220825,002,1795
1630.2125,1630.2489,68437,81783,Rhinolophus ferrumequinum,0.023,0.023,-1,Echolocation,/mnt/ubna_data_01_mir/recover-20220825/UBNA_002/20220823_033000.WAV,Telephone Field,recover-20220825,002,1795
1630.2365,1630.2525,24609,29851,Nyctalus leisleri,0.198,0.373,-1,Echolocation,/mnt/ubna_data_01_mir/recover-20220825/UBNA_002/20220823_033000.WAV,Telephone Field,recover-20220825,002,1795
1630.2755,1630.3142,68437,82119,Rhinolophus ferrumequinum,0.036,0.036,-1,Echolocation,/mnt/ubna_data_01_mir/recover-20220825/UBNA_002/20220823_033000.WAV,Telephone Field,recover-20220825,002,1795
1630.3155,1630.3273,37500,42393,Pipistrellus nathusii,0.043,0.064,-1,Echolocation,/mnt/ubna_data_01_mir/recover-20220825/UBNA_002/20220823_033000.WAV,Telephone Field,recover-20220825,002,1795
1630.3165,1630.3542,68437,81470,Rhinolophus ferrumequinum,0.022,0.022,-1,Echolocation,/mnt/ubna_data_01_mir/recover-20220825/UBNA_002/20220823_033000.WAV,Telephone Field,recover-20220825,002,1795
1630.3305,1630.3691,68437,81779,Rhinolophus ferrumequinum,0.021,0.021,-1,Echolocation,/mnt/ubna_data_01_mir/recover-20220825/UBNA_002/20220823_033000.WAV,Telephone Field,recover-20220825,002,1795
1630.3675,1630.4023,68437,81245,Rhinolophus ferrumequinum,0.022,0.022,-1,Echolocation,/mnt/ubna_data_01_mir/recover-20220825/UBNA_002/20220823_033000.WAV,Telephone Field,recover-20220825,002,1795
1630.4075,1630.4401,68437,80576,Rhinolophus ferrumequinum,0.022,0.022,-1,Echolocation,/mnt/ubna_data_01_mir/recover-20220825/UBNA_002/20220823_033000.WAV,Telephone Field,recover-20220825,002,1795
1630.4265,1630.4643,68437,81853,Rhinolophus ferrumequinum,0.035,0.035,-1,Echolocation,/mnt/ubna_data_01_mir/recover-20220825/UBNA_002/20220823_033000.WAV,Telephone Field,recover-20220825,002,1795
1630.4355,1630.4737,68437,82610,Rhinolophus ferrumequinum,0.022,0.022,-1,Echolocation,/mnt/ubna_data_01_mir/recover-20220825/UBNA_002/20220823_033000.WAV,Telephone Field,recover-20220825,002,1795
1630.4475,1630.4855,68437,82040,Rhinolophus ferrumequinum,0.023,0.023,-1,Echolocation,/mnt/ubna_data_01_mir/recover-20220825/UBNA_002/20220823_033000.WAV,Telephone Field,recover-20220825,002,1795
1630.4575,1630.4698,22890,27839,Nyctalus leisleri,0.012,0.025,-1,Echolocation,/mnt/ubna_data_01_mir/recover-20220825/UBNA_002/20220823_033000.WAV,Telephone Field,recover-20220825,002,1795
1630.4795,1630.5128,68437,81365,Rhinolophus ferrumequinum,0.022,0.023,-1,Echolocation,/mnt/ubna_data_01_mir/recover-20220825/UBNA_002/20220823_033000.WAV,Telephone Field,recover-20220825,002,1795
1630.4935,1630.506,25468,31321,Nyctalus leisleri,0.187,0.398,-1,Echolocation,/mnt/ubna_data_01_mir/recover-20220825/UBNA_002/20220823_033000.WAV,Telephone Field,recover-20220825,002,1795
1630.5065,1630.5467,68437,82493,Rhinolophus ferrumequinum,0.026,0.026,-1,Echolocation,/mnt/ubna_data_01_mir/recover-20220825/UBNA_002/20220823_033000.WAV,Telephone Field,recover-20220825,002,1795
1630.5235,1630.5609,68437,81768,Rhinolophus ferrumequinum,0.021,0.021,-1,Echolocation,/mnt/ubna_data_01_mir/recover-20220825/UBNA_002/20220823_033000.WAV,Telephone Field,recover-20220825,002,1795
1630.5425,1630.583,68437,82507,Rhinolophus ferrumequinum,0.022,0.022,-1,Echolocation,/mnt/ubna_data_01_mir/recover-20220825/UBNA_002/20220823_033000.WAV,Telephone Field,recover-20220825,002,1795
1630.5455,1630.5544,50390,56470,Pipistrellus pipistrellus,0.02,0.023,-1,Echolocation,/mnt/ubna_data_01_mir/recover-20220825/UBNA_002/20220823_033000.WAV,Telephone Field,recover-20220825,002,1795
1630.5645,1630.6011,68437,81881,Rhinolophus ferrumequinum,0.028,0.028,-1,Echolocation,/mnt/ubna_data_01_mir/recover-20220825/UBNA_002/20220823_033000.WAV,Telephone Field,recover-20220825,002,1795
1630.5915,1630.6268,68437,82356,Rhinolophus ferrumequinum,0.022,0.022,-1,Echolocation,/mnt/ubna_data_01_mir/recover-20220825/UBNA_002/20220823_033000.WAV,Telephone Field,recover-20220825,002,1795
1630.6025,1630.6428,68437,82380,Rhinolophus ferrumequinum,0.023,0.023,-1,Echolocation,/mnt/ubna_data_01_mir/recover-20220825/UBNA_002/20220823_033000.WAV,Telephone Field,recover-20220825,002,1795
1630.6205,1630.6605,68437,82478,Rhinolophus ferrumequinum,0.022,0.022,-1,Echolocation,/mnt/ubna_data_01_mir/recover-20220825/UBNA_002/20220823_033000.WAV,Telephone Field,recover-20220825,002,1795
1630.6415,1630.6494,23750,31946,Plecotus austriacus,0.008,0.023,-1,Echolocation,/mnt/ubna_data_01_mir/recover-20220825/UBNA_002/20220823_033000.WAV,Telephone Field,recover-20220825,002,1795
1630.6545,1630.6888,68437,81158,Rhinolophus ferrumequinum,0.023,0.023,-1,Echolocation,/mnt/ubna_data_01_mir/recover-20220825/UBNA_002/20220823_033000.WAV,Telephone Field,recover-20220825,002,1795
1630.6705,1630.6804,22890,28999,Nyctalus leisleri,0.009,0.025,-1,Echolocation,/mnt/ubna_data_01_mir/recover-20220825/UBNA_002/20220823_033000.WAV,Telephone Field,recover-20220825,002,1795
1630.6795,1630.7169,68437,81857,Rhinolophus ferrumequinum,0.022,0.022,-1,Echolocation,/mnt/ubna_data_01_mir/recover-20220825/UBNA_002/20220823_033000.WAV,Telephone Field,recover-20220825,002,1795
1630.6805,1630.69,24609,31044,Nyctalus leisleri,0.008,0.021,-1,Echolocation,/mnt/ubna_data_01_mir/recover-20220825/UBNA_002/20220823_033000.WAV,Telephone Field,recover-20220825,002,1795
1630.7225,1630.763,68437,82388,Rhinolophus ferrumequinum,0.029,0.029,-1,Echolocation,/mnt/ubna_data_01_mir/recover-20220825/UBNA_002/20220823_033000.WAV,Telephone Field,recover-20220825,002,1795
1630.7385,1630.7469,28906,38723,Eptesicus serotinus,0.009,0.027,-1,Echolocation,/mnt/ubna_data_01_mir/recover-20220825/UBNA_002/20220823_033000.WAV,Telephone Field,recover-20220825,002,1795
1630.7385,1630.749,36640,42153,Pipistrellus nathusii,0.007,0.023,-1,Echolocation,/mnt/ubna_data_01_mir/recover-20220825/UBNA_002/20220823_033000.WAV,Telephone Field,recover-20220825,002,1795
1630.7615,1630.7739,23750,30287,Nyctalus leisleri,0.296,0.52,-1,Echolocation,/mnt/ubna_data_01_mir/recover-20220825/UBNA_002/20220823_033000.WAV,Telephone Field,recover-20220825,002,1795
1630.7875,1630.7952,25468,33947,Plecotus austriacus,0.007,0.023,-1,Echolocation,/mnt/ubna_data_01_mir/recover-20220825/UBNA_002/20220823_033000.WAV,Telephone Field,recover-20220825,002,1795
1630.7945,1630.8305,68437,81741,Rhinolophus ferrumequinum,0.023,0.023,-1,Echolocation,/mnt/ubna_data_01_mir/recover-20220825/UBNA_002/20220823_033000.WAV,Telephone Field,recover-20220825,002,1795
1630.8045,1630.845,68437,82547,Rhinolophus ferrumequinum,0.03,0.03,-1,Echolocation,/mnt/ubna_data_01_mir/recover-20220825/UBNA_002/20220823_033000.WAV,Telephone Field,recover-20220825,002,1795
1630.8155,1630.8233,28046,39642,Eptesicus serotinus,0.007,0.022,-1,Echolocation,/mnt/ubna_data_01_mir/recover-20220825/UBNA_002/20220823_033000.WAV,Telephone Field,recover-20220825,002,1795
1630.8205,1630.857,68437,82158,Rhinolophus ferrumequinum,0.026,0.026,-1,Echolocation,/mnt/ubna_data_01_mir/recover-20220825/UBNA_002/20220823_033000.WAV,Telephone Field,recover-20220825,002,1795
1630.8295,1630.8672,68437,82092,Rhinolophus ferrumequinum,0.024,0.024,-1,Echolocation,/mnt/ubna_data_01_mir/recover-20220825/UBNA_002/20220823_033000.WAV,Telephone Field,recover-20220825,002,1795
1630.8425,1630.8501,28046,37540,Eptesicus serotinus,0.008,0.021,-1,Echolocation,/mnt/ubna_data_01_mir/recover-20220825/UBNA_002/20220823_033000.WAV,Telephone Field,recover-20220825,002,1795
1630.8555,1630.8946,68437,82036,Rhinolophus ferrumequinum,0.023,0.023,-1,Echolocation,/mnt/ubna_data_01_mir/recover-20220825/UBNA_002/20220823_033000.WAV,Telephone Field,recover-20220825,002,1795
1630.9025,1630.9422,68437,82231,Rhinolophus ferrumequinum,0.023,0.023,-1,Echolocation,/mnt/ubna_data_01_mir/recover-20220825/UBNA_002/20220823_033000.WAV,Telephone Field,recover-20220825,002,1795
1630.9055,1630.9138,50390,57495,Pipistrellus pipistrellus,0.017,0.022,-1,Echolocation,/mnt/ubna_data_01_mir/recover-20220825/UBNA_002/20220823_033000.WAV,Telephone Field,recover-20220825,002,1795
1630.9195,1630.9287,28906,38631,Eptesicus serotinus,0.009,0.023,-1,Echolocation,/mnt/ubna_data_01_mir/recover-20220825/UBNA_002/20220823_033000.WAV,Telephone Field,recover-20220825,002,1795
1630.9445,1630.9863,68437,82372,Rhinolophus ferrumequinum,0.022,0.022,-1,Echolocation,/mnt/ubna_data_01_mir/recover-20220825/UBNA_002/20220823_033000.WAV,Telephone Field,recover-20220825,002,1795
1630.9455,1630.9542,46953,50214,Pipistrellus pipistrellus,0.02,0.021,-1,Echolocation,/mnt/ubna_data_01_mir/recover-20220825/UBNA_002/20220823_033000.WAV,Telephone Field,recover-20220825,002,1795
1630.9505,1630.9906,68437,82756,Rhinolophus ferrumequinum,0.024,0.024,-1,Echolocation,/mnt/ubna_data_01_mir/recover-20220825/UBNA_002/20220823_033000.WAV,Telephone Field,recover-20220825,002,1795
1630.9595,1630.9966,68437,81525,Rhinolophus ferrumequinum,0.021,0.021,-1,Echolocation,/mnt/ubna_data_01_mir/recover-20220825/UBNA_002/20220823_033000.WAV,Telephone Field,recover-20220825,002,1795
1630.9685,1631.0079,68437,81497,Rhinolophus ferrumequinum,0.026,0.026,-1,Echolocation,/mnt/ubna_data_01_mir/recover-20220825/UBNA_002/20220823_033000.WAV,Telephone Field,recover-20220825,002,1795
1630.9755,1631.0144,68437,82385,Rhinolophus ferrumequinum,0.029,0.029,-1,Echolocation,/mnt/ubna_data_01_mir/recover-20220825/UBNA_002/20220823_033000.WAV,Telephone Field,recover-20220825,002,1795
1630.9835,1631.0223,68437,82031,Rhinolophus ferrumequinum,0.024,0.024,-1,Echolocation,/mnt/ubna_data_01_mir/recover-20220825/UBNA_002/20220823_033000.WAV,Telephone Field,recover-20220825,002,1795
1630.9865,1630.9987,23750,29533,Nyctalus leisleri,0.012,0.026,-1,Echolocation,/mnt/ubna_data_01_mir/recover-20220825/UBNA_002/20220823_033000.WAV,Telephone Field,recover-20220825,002,1795
1630.9985,1631.0345,68437,81667,Rhinolophus ferrumequinum,0.028,0.028,-1,Echolocation,/mnt/ubna_data_01_mir/recover-20220825/UBNA_002/20220823_033000.WAV,Telephone Field,recover-20220825,002,1795
1630.9995,1631.0067,24609,34541,Plecotus austriacus,0.011,0.027,-1,Echolocation,/mnt/ubna_data_01_mir/recover-20220825/UBNA_002/20220823_033000.WAV,Telephone Field,recover-20220825,002,1795
1631.0155,1631.0525,68437,81820,Rhinolophus ferrumequinum,0.021,0.021,-1,Echolocation,/mnt/ubna_data_01_mir/recover-20220825/UBNA_002/20220823_033000.WAV,Telephone Field,recover-20220825,002,1795
1631.0175,1631.0294,24609,32896,Nyctalus leisleri,0.287,0.656,-1,Echolocation,/mnt/ubna_data_01_mir/recover-20220825/UBNA_002/20220823_033000.WAV,Telephone Field,recover-20220825,002,1795
1631.0435,1631.0537,23750,29675,Nyctalus leisleri,0.009,0.022,-1,Echolocation,/mnt/ubna_data_01_mir/recover-20220825/UBNA_002/20220823_033000.WAV,Telephone Field,recover-20220825,002,1795
1631.0505,1631.0604,27187,34594,Eptesicus serotinus,0.011,0.023,-1,Echolocation,/mnt/ubna_data_01_mir/recover-20220825/UBNA_002/20220823_033000.WAV,Telephone Field,recover-20220825,002,1795
1631.0545,1631.0934,68437,82281,Rhinolophus ferrumequinum,0.036,0.036,-1,Echolocation,/mnt/ubna_data_01_mir/recover-20220825/UBNA_002/20220823_033000.WAV,Telephone Field,recover-20220825,002,1795
1631.0635,1631.0761,48671,54133,Pipistrellus pipistrellus,0.026,0.03,-1,Echolocation,/mnt/ubna_data_01_mir/recover-20220825/UBNA_002/20220823_033000.WAV,Telephone Field,recover-20220825,002,1795
1631.0635,1631.1036,68437,82405,Rhinolophus ferrumequinum,0.022,0.022,-1,Echolocation,/mnt/ubna_data_01_mir/recover-20220825/UBNA_002/20220823_033000.WAV,Telephone Field,recover-20220825,002,1795
1631.0655,1631.0743,28906,40854,Eptesicus serotinus,0.007,0.022,-1,Echolocation,/mnt/ubna_data_01_mir/recover-20220825/UBNA_002/20220823_033000.WAV,Telephone Field,recover-20220825,002,1795
1631.0685,1631.0784,22890,28790,Nyctalus leisleri,0.009,0.021,-1,Echolocation,/mnt/ubna_data_01_mir/recover-20220825/UBNA_002/20220823_033000.WAV,Telephone Field,recover-20220825,002,1795
1631.0915,1631.1263,68437,81504,Rhinolophus ferrumequinum,0.022,0.022,-1,Echolocation,/mnt/ubna_data_01_mir/recover-20220825/UBNA_002/20220823_033000.WAV,Telephone Field,recover-20220825,002,1795
1631.1005,1631.1087,22890,31110,Plecotus austriacus,0.014,0.029,-1,Echolocation,/mnt/ubna_data_01_mir/recover-20220825/UBNA_002/20220823_033000.WAV,Telephone Field,recover-20220825,002,1795
1631.1095,1631.1496,68437,82661,Rhinolophus ferrumequinum,0.023,0.023,-1,Echolocation,/mnt/ubna_data_01_mir/recover-20220825/UBNA_002/20220823_033000.WAV,Telephone Field,recover-20220825,002,1795
1631.1445,1631.1856,68437,81436,Rhinolophus ferrumequinum,0.026,0.026,-1,Echolocation,/mnt/ubna_data_01_mir/recover-20220825/UBNA_002/20220823_033000.WAV,Telephone Field,recover-20220825,002,1795
1631.1665,1631.178,25468,36339,Eptesicus serotinus,0.409,0.655,-1,Echolocation,/mnt/ubna_data_01_mir/recover-20220825/UBNA_002/20220823_033000.WAV,Telephone Field,recover-20220825,002,1795
1631.1955,1631.2056,22031,26895,Nyctalus leisleri,0.01,0.024,-1,Echolocation,/mnt/ubna_data_01_mir/recover-20220825/UBNA_002/20220823_033000.WAV,Telephone Field,recover-20220825,002,1795
1631.1995,1631.2404,68437,82770,Rhinolophus ferrumequinum,0.024,0.024,-1,Echolocation,/mnt/ubna_data_01_mir/recover-20220825/UBNA_002/20220823_033000.WAV,Telephone Field,recover-20220825,002,1795
1631.2455,1631.2877,68437,83693,Rhinolophus ferrumequinum,0.072,0.072,-1,Echolocation,/mnt/ubna_data_01_mir/recover-20220825/UBNA_002/20220823_033000.WAV,Telephone Field,recover-20220825,002,1795
1631.2475,1631.2575,28906,35948,Eptesicus serotinus,0.009,0.022,-1,Echolocation,/mnt/ubna_data_01_mir/recover-20220825/UBNA_002/20220823_033000.WAV,Telephone Field,recover-20220825,002,1795
1631.2515,1631.2606,22890,29512,Plecotus austriacus,0.008,0.023,-1,Echolocation,/mnt/ubna_data_01_mir/recover-20220825/UBNA_002/20220823_033000.WAV,Telephone Field,recover-20220825,002,1795
1631.2735,1631.2826,27187,35069,Eptesicus serotinus,0.289,0.467,-1,Echolocation,/mnt/ubna_data_01_mir/recover-20220825/UBNA_002/20220823_033000.WAV,Telephone Field,recover-20220825,002,1795
1631.2835,1631.3226,68437,82087,Rhinolophus ferrumequinum,0.022,0.022,-1,Echolocation,/mnt/ubna_data_01_mir/recover-20220825/UBNA_002/20220823_033000.WAV,Telephone Field,recover-20220825,002,1795
1631.3005,1631.3372,68437,81433,Rhinolophus ferrumequinum,0.022,0.022,-1,Echolocation,/mnt/ubna_data_01_mir/recover-20220825/UBNA_002/20220823_033000.WAV,Telephone Field,recover-20220825,002,1795
1631.3105,1631.3194,48671,54633,Pipistrellus pipistrellus,0.02,0.022,-1,Echolocation,/mnt/ubna_data_01_mir/recover-20220825/UBNA_002/20220823_033000.WAV,Telephone Field,recover-20220825,002,1795
1631.3225,1631.3623,68437,82645,Rhinolophus ferrumequinum,0.022,0.022,-1,Echolocation,/mnt/ubna_data_01_mir/recover-20220825/UBNA_002/20220823_033000.WAV,Telephone Field,recover-20220825,002,1795
1631.3345,1631.3753,68437,82908,Rhinolophus ferrumequinum,0.023,0.023,-1,Echolocation,/mnt/ubna_data_01_mir/recover-20220825/UBNA_002/20220823_033000.WAV,Telephone Field,recover-20220825,002,1795
1631.3385,1631.3479,28906,38600,Eptesicus serotinus,0.01,0.025,-1,Echolocation,/mnt/ubna_data_01_mir/recover-20220825/UBNA_002/20220823_033000.WAV,Telephone Field,recover-20220825,002,1795
1631.3455,1631.3824,68437,82239,Rhinolophus ferrumequinum,0.025,0.025,-1,Echolocation,/mnt/ubna_data_01_mir/recover-20220825/UBNA_002/20220823_033000.WAV,Telephone Field,recover-20220825,002,1795
1631.3885,1631.3976,27187,35493,Eptesicus serotinus,0.353,0.606,-1,Echolocation,/mnt/ubna_data_01_mir/recover-20220825/UBNA_002/20220823_033000.WAV,Telephone Field,recover-20220825,002,1795
1631.3935,1631.4337,68437,82506,Rhinolophus ferrumequinum,0.022,0.022,-1,Echolocation,/mnt/ubna_data_01_mir/recover-20220825/UBNA_002/20220823_033000.WAV,Telephone Field,recover-20220825,002,1795
1631.4035,1631.4431,68437,82241,Rhinolophus ferrumequinum,0.021,0.021,-1,Echolocation,/mnt/ubna_data_01_mir/recover-20220825/UBNA_002/20220823_033000.WAV,Telephone Field,recover-20220825,002,1795
1631.4165,1631.4571,68437,82718,Rhinolophus ferrumequinum,0.036,0.036,-1,Echolocation,/mnt/ubna_data_01_mir/recover-20220825/UBNA_002/20220823_033000.WAV,Telephone Field,recover-20220825,002,1795
1631.4285,1631.4663,68437,81463,Rhinolophus ferrumequinum,0.022,0.022,-1,Echolocation,/mnt/ubna_data_01_mir/recover-20220825/UBNA_002/20220823_033000.WAV,Telephone Field,recover-20220825,002,1795
1631.4615,1631.4717,28046,35603,Eptesicus serotinus,0.016,0.031,-1,Echolocation,/mnt/ubna_data_01_mir/recover-20220825/UBNA_002/20220823_033000.WAV,Telephone Field,recover-20220825,002,1795
1631.4635,1631.5054,68437,83106,Rhinolophus ferrumequinum,0.03,0.03,-1,Echolocation,/mnt/ubna_data_01_mir/recover-20220825/UBNA_002/20220823_033000.WAV,Telephone Field,recover-20220825,002,1795
1631.4795,1631.5237,68437,83877,Rhinolophus ferrumequinum,0.028,0.028,-1,Echolocation,/mnt/ubna_data_01_mir/recover-20220825/UBNA_002/20220823_033000.WAV,Telephone Field,recover-20220825,002,1795
1631.4805,1631.4905,28906,36099,Eptesicus serotinus,0.008,0.021,-1,Echolocation,/mnt/ubna_data_01_mir/recover-20220825/UBNA_002/20220823_033000.WAV,Telephone Field,recover-20220825,002,1795
1631.5115,1631.5206,25468,33855,Eptesicus serotinus,0.107,0.191,-1,Echolocation,/mnt/ubna_data_01_mir/recover-20220825/UBNA_002/20220823_033000.WAV,Telephone Field,recover-20220825,002,1795
1631.5295,1631.5381,28906,38925,Eptesicus serotinus,0.008,0.022,-1,Echolocation,/mnt/ubna_data_01_mir/recover-20220825/UBNA_002/20220823_033000.WAV,Telephone Field,recover-20220825,002,1795
1631.5625,1631.5988,68437,81646,Rhinolophus ferrumequinum,0.025,0.025,-1,Echolocation,/mnt/ubna_data_01_mir/recover-20220825/UBNA_002/20220823_033000.WAV,Telephone Field,recover-20220825,002,1795
1631.5815,1631.6167,68437,81498,Rhinolophus ferrumequinum,0.021,0.021,-1,Echolocation,/mnt/ubna_data_01_mir/recover-20220825/UBNA_002/20220823_033000.WAV,Telephone Field,recover-20220825,002,1795
1631.5935,1631.6342,68437,82270,Rhinolophus ferrumequinum,0.025,0.025,-1,Echolocation,/mnt/ubna_data_01_mir/recover-20220825/UBNA_002/20220823_033000.WAV,Telephone Field,recover-20220825,002,1795
1631.5955,1631.6026,28046,39495,Eptesicus serotinus,0.007,0.022,-1,Echolocation,/mnt/ubna_data_01_mir/recover-20220825/UBNA_002/20220823_033000.WAV,Telephone Field,recover-20220825,002,1795
1631.6265,1631.6345,24609,33357,Plecotus austriacus,0.007,0.023,-1,Echolocation,/mnt/ubna_data_01_mir/recover-20220825/UBNA_002/20220823_033000.WAV,Telephone Field,recover-20220825,002,1795
1631.6355,1631.651,14296,18977,Nyctalus noctula,0.017,0.026,-1,Echolocation,/mnt/ubna_data_01_mir/recover-20220825/UBNA_002/20220823_033000.WAV,Telephone Field,recover-20220825,002,1795
1631.6405,1631.681,68437,82477,Rhinolophus ferrumequinum,0.023,0.023,-1,Echolocation,/mnt/ubna_data_01_mir/recover-20220825/UBNA_002/20220823_033000.WAV,Telephone Field,recover-20220825,002,1795
1631.6525,1631.6603,23750,32156,Plecotus austriacus,0.012,0.027,-1,Echolocation,/mnt/ubna_data_01_mir/recover-20220825/UBNA_002/20220823_033000.WAV,Telephone Field,recover-20220825,002,1795
1631.6685,1631.6783,27187,33855,Eptesicus serotinus,0.249,0.506,-1,Echolocation,/mnt/ubna_data_01_mir/recover-20220825/UBNA_002/20220823_033000.WAV,Telephone Field,recover-20220825,002,1795
1631.6855,1631.7256,68437,82431,Rhinolophus ferrumequinum,0.024,0.024,-1,Echolocation,/mnt/ubna_data_01_mir/recover-20220825/UBNA_002/20220823_033000.WAV,Telephone Field,recover-20220825,002,1795
1631.6945,1631.7047,28906,36759,Eptesicus serotinus,0.011,0.026,-1,Echolocation,/mnt/ubna_data_01_mir/recover-20220825/UBNA_002/20220823_033000.WAV,Telephone Field,recover-20220825,002,1795
1631.7465,1631.7536,23750,33675,Plecotus austriacus,0.01,0.024,-1,Echolocation,/mnt/ubna_data_01_mir/recover-20220825/UBNA_002/20220823_033000.WAV,Telephone Field,recover-20220825,002,1795
1631.7555,1631.7947,68437,82791,Rhinolophus ferrumequinum,0.022,0.022,-1,Echolocation,/mnt/ubna_data_01_mir/recover-20220825/UBNA_002/20220823_033000.WAV,Telephone Field,recover-20220825,002,1795
1631.7645,1631.7767,22031,26430,Nyctalus leisleri,0.013,0.026,-1,Echolocation,/mnt/ubna_data_01_mir/recover-20220825/UBNA_002/20220823_033000.WAV,Telephone Field,recover-20220825,002,1795
1631.7655,1631.8044,68437,82520,Rhinolophus ferrumequinum,0.022,0.022,-1,Echolocation,/mnt/ubna_data_01_mir/recover-20220825/UBNA_002/20220823_033000.WAV,Telephone Field,recover-20220825,002,1795
1631.7675,1631.7763,28046,36665,Eptesicus serotinus,0.009,0.021,-1,Echolocation,/mnt/ubna_data_01_mir/recover-20220825/UBNA_002/20220823_033000.WAV,Telephone Field,recover-20220825,002,1795
1631.7955,1631.8349,68437,82109,Rhinolophus ferrumequinum,0.023,0.023,-1,Echolocation,/mnt/ubna_data_01_mir/recover-20220825/UBNA_002/20220823_033000.WAV,Telephone Field,recover-20220825,002,1795
1631.7985,1631.807,28046,39308,Eptesicus serotinus,0.011,0.028,-1,Echolocation,/mnt/ubna_data_01_mir/recover-20220825/UBNA_002/20220823_033000.WAV,Telephone Field,recover-20220825,002,1795
1631.8325,1631.8738,68437,82507,Rhinolophus ferrumequinum,0.024,0.024,-1,Echolocation,/mnt/ubna_data_01_mir/recover-20220825/UBNA_002/20220823_033000.WAV,Telephone Field,recover-20220825,002,1795
1631.8505,1631.8572,28906,38609,Eptesicus serotinus,0.005,0.021,-1,Echolocation,/mnt/ubna_data_01_mir/recover-20220825/UBNA_002/20220823_033000.WAV,Telephone Field,recover-20220825,002,1795
1631.8635,1631.9029,68437,82089,Rhinolophus ferrumequinum,0.026,0.026,-1,Echolocation,/mnt/ubna_data_01_mir/recover-20220825/UBNA_002/20220823_033000.WAV,Telephone Field,recover-20220825,002,1795
1631.8785,1631.9182,68437,82542,Rhinolophus ferrumequinum,0.022,0.022,-1,Echolocation,/mnt/ubna_data_01_mir/recover-20220825/UBNA_002/20220823_033000.WAV,Telephone Field,recover-20220825,002,1795
1631.8955,1631.9349,68437,82226,Rhinolophus ferrumequinum,0.025,0.025,-1,Echolocation,/mnt/ubna_data_01_mir/recover-20220825/UBNA_002/20220823_033000.WAV,Telephone Field,recover-20220825,002,1795
1631.9055,1631.9128,28046,42207,Eptesicus serotinus,0.007,0.024,-1,Echolocation,/mnt/ubna_data_01_mir/recover-20220825/UBNA_002/20220823_033000.WAV,Telephone Field,recover-20220825,002,1795
1631.9455,1631.9894,68437,83489,Rhinolophus ferrumequinum,0.03,0.03,-1,Echolocation,/mnt/ubna_data_01_mir/recover-20220825/UBNA_002/20220823_033000.WAV,Telephone Field,recover-20220825,002,1795
1631.9485,1631.9585,45234,54076,Pipistrellus pipistrellus,0.02,0.026,-1,Echolocation,/mnt/ubna_data_01_mir/recover-20220825/UBNA_002/20220823_033000.WAV,Telephone Field,recover-20220825,002,1795
1631.9545,1631.9941,68437,82573,Rhinolophus ferrumequinum,0.022,0.022,-1,Echolocation,/mnt/ubna_data_01_mir/recover-20220825/UBNA_002/20220823_033000.WAV,Telephone Field,recover-20220825,002,1795
1631.9635,1631.9723,28046,36016,Eptesicus serotinus,0.008,0.021,-1,Echolocation,/mnt/ubna_data_01_mir/recover-20220825/UBNA_002/20220823_033000.WAV,Telephone Field,recover-20220825,002,1795
1631.9815,1631.9913,28046,36753,Eptesicus serotinus,0.011,0.025,-1,Echolocation,/mnt/ubna_data_01_mir/recover-20220825/UBNA_002/20220823_033000.WAV,Telephone Field,recover-20220825,002,1795
1632.0015,1632.01,26328,35347,Nyctalus leisleri,0.008,0.025,-1,Echolocation,/mnt/ubna_data_01_mir/recover-20220825/UBNA_002/20220823_033000.WAV,Telephone Field,recover-20220825,002,1795
1632.0015,1632.009,47812,55542,Pipistrellus pipistrellus,0.015,0.022,-1,Echolocation,/mnt/ubna_data_01_mir/recover-20220825/UBNA_002/20220823_033000.WAV,Telephone Field,recover-20220825,002,1795
1632.0015,1632.0354,69296,81736,Rhinolophus ferrumequinum,0.024,0.024,-1,Echolocation,/mnt/ubna_data_01_mir/recover-20220825/UBNA_002/20220823_033000.WAV,Telephone Field,recover-20220825,002,1795
1632.0015,1632.01,22031,28006,Nyctalus leisleri,0.008,0.024,-1,Echolocation,/mnt/ubna_data_01_mir/recover-20220825/UBNA_002/20220823_033000.WAV,Telephone Field,recover-20220825,002,1795
1632.0175,1632.0596,68437,82512,Rhinolophus ferrumequinum,0.023,0.023,-1,Echolocation,/mnt/ubna_data_01_mir/recover-20220825/UBNA_002/20220823_033000.WAV,Telephone Field,recover-20220825,002,1795
1632.0665,1632.0863,22031,25142,Nyctalus leisleri,0.037,0.064,-1,Echolocation,/mnt/ubna_data_01_mir/recover-20220825/UBNA_002/20220823_033000.WAV,Telephone Field,recover-20220825,002,1795
1632.0725,1632.1076,68437,81620,Rhinolophus ferrumequinum,0.022,0.022,-1,Echolocation,/mnt/ubna_data_01_mir/recover-20220825/UBNA_002/20220823_033000.WAV,Telephone Field,recover-20220825,002,1795
1632.0805,1632.1172,68437,81666,Rhinolophus ferrumequinum,0.022,0.023,-1,Echolocation,/mnt/ubna_data_01_mir/recover-20220825/UBNA_002/20220823_033000.WAV,Telephone Field,recover-20220825,002,1795
1632.0975,1632.1355,68437,82337,Rhinolophus ferrumequinum,0.022,0.022,-1,Echolocation,/mnt/ubna_data_01_mir/recover-20220825/UBNA_002/20220823_033000.WAV,Telephone Field,recover-20220825,002,1795
1632.0995,1632.1105,14296,19383,Nyctalus noctula,0.014,0.028,-1,Echolocation,/mnt/ubna_data_01_mir/recover-20220825/UBNA_002/20220823_033000.WAV,Telephone Field,recover-20220825,002,1795
1632.1005,1632.111,34062,40074,Barbastellus barbastellus,0.014,0.045,-1,Echolocation,/mnt/ubna_data_01_mir/recover-20220825/UBNA_002/20220823_033000.WAV,Telephone Field,recover-20220825,002,1795
1632.1785,1632.2164,68437,82041,Rhinolophus ferrumequinum,0.023,0.023,-1,Echolocation,/mnt/ubna_data_01_mir/recover-20220825/UBNA_002/20220823_033000.WAV,Telephone Field,recover-20220825,002,1795
1632.1845,1632.2222,68437,82196,Rhinolophus ferrumequinum,0.022,0.022,-1,Echolocation,/mnt/ubna_data_01_mir/recover-20220825/UBNA_002/20220823_033000.WAV,Telephone Field,recover-20220825,002,1795
1632.1865,1632.1955,28906,37464,Eptesicus serotinus,0.008,0.023,-1,Echolocation,/mnt/ubna_data_01_mir/recover-20220825/UBNA_002/20220823_033000.WAV,Telephone Field,recover-20220825,002,1795
1632.2685,1632.278,22031,27891,Plecotus austriacus,0.007,0.021,-1,Echolocation,/mnt/ubna_data_01_mir/recover-20220825/UBNA_002/20220823_033000.WAV,Telephone Field,recover-20220825,002,1795
1632.2695,1632.3068,68437,81140,Rhinolophus ferrumequinum,0.023,0.023,-1,Echolocation,/mnt/ubna_data_01_mir/recover-20220825/UBNA_002/20220823_033000.WAV,Telephone Field,recover-20220825,002,1795
1632.2795,1632.3217,68437,82846,Rhinolophus ferrumequinum,0.029,0.029,-1,Echolocation,/mnt/ubna_data_01_mir/recover-20220825/UBNA_002/20220823_033000.WAV,Telephone Field,recover-20220825,002,1795
1632.4535,1632.4609,28906,37931,Eptesicus serotinus,0.006,0.021,-1,Echolocation,/mnt/ubna_data_01_mir/recover-20220825/UBNA_002/20220823_033000.WAV,Telephone Field,recover-20220825,002,1795
1632.4545,1632.4928,68437,81629,Rhinolophus ferrumequinum,0.021,0.021,-1,Echolocation,/mnt/ubna_data_01_mir/recover-20220825/UBNA_002/20220823_033000.WAV,Telephone Field,recover-20220825,002,1795
1632.4795,1632.5189,68437,82449,Rhinolophus ferrumequinum,0.025,0.025,-1,Echolocation,/mnt/ubna_data_01_mir/recover-20220825/UBNA_002/20220823_033000.WAV,Telephone Field,recover-20220825,002,1795
1632.5075,1632.5191,28906,34324,Eptesicus serotinus,0.014,0.028,-1,Echolocation,/mnt/ubna_data_01_mir/recover-20220825/UBNA_002/20220823_033000.WAV,Telephone Field,recover-20220825,002,1795
1632.5195,1632.5581,68437,82624,Rhinolophus ferrumequinum,0.024,0.024,-1,Echolocation,/mnt/ubna_data_01_mir/recover-20220825/UBNA_002/20220823_033000.WAV,Telephone Field,recover-20220825,002,1795
1632.5225,1632.5357,22890,28392,Nyctalus leisleri,0.016,0.034,-1,Echolocation,/mnt/ubna_data_01_mir/recover-20220825/UBNA_002/20220823_033000.WAV,Telephone Field,recover-20220825,002,1795
1632.5465,1632.5891,68437,82937,Rhinolophus ferrumequinum,0.033,0.033,-1,Echolocation,/mnt/ubna_data_01_mir/recover-20220825/UBNA_002/20220823_033000.WAV,Telephone Field,recover-20220825,002,1795
1632.5665,1632.6033,68437,81493,Rhinolophus ferrumequinum,0.023,0.023,-1,Echolocation,/mnt/ubna_data_01_mir/recover-20220825/UBNA_002/20220823_033000.WAV,Telephone Field,recover-20220825,002,1795
1632.6355,1632.6434,25468,33653,Eptesicus serotinus,0.006,0.022,-1,Echolocation,/mnt/ubna_data_01_mir/recover-20220825/UBNA_002/20220823_033000.WAV,Telephone Field,recover-20220825,002,1795
1632.6715,1632.709,68437,82126,Rhinolophus ferrumequinum,0.021,0.021,-1,Echolocation,/mnt/ubna_data_01_mir/recover-20220825/UBNA_002/20220823_033000.WAV,Telephone Field,recover-20220825,002,1795
1632.7115,1632.72,42656,46400,Pipistrellus pipistrellus,0.022,0.024,-1,Echolocation,/mnt/ubna_data_01_mir/recover-20220825/UBNA_002/20220823_033000.WAV,Telephone Field,recover-20220825,002,1795
1632.7405,1632.7788,68437,82183,Rhinolophus ferrumequinum,0.021,0.021,-1,Echolocation,/mnt/ubna_data_01_mir/recover-20220825/UBNA_002/20220823_033000.WAV,Telephone Field,recover-20220825,002,1795
1632.7595,1632.7706,22890,27682,Nyctalus leisleri,0.015,0.03,-1,Echolocation,/mnt/ubna_data_01_mir/recover-20220825/UBNA_002/20220823_033000.WAV,Telephone Field,recover-20220825,002,1795
1632.7845,1632.819,68437,81605,Rhinolophus ferrumequinum,0.024,0.024,-1,Echolocation,/mnt/ubna_data_01_mir/recover-20220825/UBNA_002/20220823_033000.WAV,Telephone Field,recover-20220825,002,1795
1632.7915,1632.8298,68437,82241,Rhinolophus ferrumequinum,0.024,0.024,-1,Echolocation,/mnt/ubna_data_01_mir/recover-20220825/UBNA_002/20220823_033000.WAV,Telephone Field,recover-20220825,002,1795
1632.7975,1632.8046,29765,38997,Eptesicus serotinus,0.009,0.026,-1,Echolocation,/mnt/ubna_data_01_mir/recover-20220825/UBNA_002/20220823_033000.WAV,Telephone Field,recover-20220825,002,1795
1632.7985,1632.8081,21171,27749,Plecotus austriacus,0.009,0.026,-1,Echolocation,/mnt/ubna_data_01_mir/recover-20220825/UBNA_002/20220823_033000.WAV,Telephone Field,recover-20220825,002,1795
1632.8105,1632.8206,23750,29526,Nyctalus leisleri,0.009,0.022,-1,Echolocation,/mnt/ubna_data_01_mir/recover-20220825/UBNA_002/20220823_033000.WAV,Telephone Field,recover-20220825,002,1795
1632.8185,1632.8291,22890,27842,Nyctalus leisleri,0.012,0.023,-1,Echolocation,/mnt/ubna_data_01_mir/recover-20220825/UBNA_002/20220823_033000.WAV,Telephone Field,recover-20220825,002,1795
1632.8315,1632.8666,68437,81893,Rhinolophus ferrumequinum,0.021,0.021,-1,Echolocation,/mnt/ubna_data_01_mir/recover-20220825/UBNA_002/20220823_033000.WAV,Telephone Field,recover-20220825,002,1795
1632.8385,1632.8519000000001,23750,29202,Nyctalus leisleri,0.323,0.547,-1,Echolocation,/mnt/ubna_data_01_mir/recover-20220825/UBNA_002/20220823_033000.WAV,Telephone Field,recover-20220825,002,1795
1632.8645,1632.8755,22031,26206,Nyctalus leisleri,0.011,0.022,-1,Echolocation,/mnt/ubna_data_01_mir/recover-20220825/UBNA_002/20220823_033000.WAV,Telephone Field,recover-20220825,002,1795
1632.8795,1632.8865,27187,40275,Eptesicus serotinus,0.006,0.025,-1,Echolocation,/mnt/ubna_data_01_mir/recover-20220825/UBNA_002/20220823_033000.WAV,Telephone Field,recover-20220825,002,1795
1632.9265,1632.9657,68437,82612,Rhinolophus ferrumequinum,0.025,0.025,-1,Echolocation,/mnt/ubna_data_01_mir/recover-20220825/UBNA_002/20220823_033000.WAV,Telephone Field,recover-20220825,002,1795
1632.9695,1633.0087,68437,82728,Rhinolophus ferrumequinum,0.027,0.027,-1,Echolocation,/mnt/ubna_data_01_mir/recover-20220825/UBNA_002/20220823_033000.WAV,Telephone Field,recover-20220825,002,1795
1633.0015,1633.0407,68437,82789,Rhinolophus ferrumequinum,0.023,0.023,-1,Echolocation,/mnt/ubna_data_01_mir/recover-20220825/UBNA_002/20220823_033000.WAV,Telephone Field,recover-20220825,002,1795
1633.0035,1633.014,22890,28603,Nyctalus leisleri,0.009,0.022,-1,Echolocation,/mnt/ubna_data_01_mir/recover-20220825/UBNA_002/20220823_033000.WAV,Telephone Field,recover-20220825,002,1795
1633.0455,1633.0835,68437,81793,Rhinolophus ferrumequinum,0.022,0.022,-1,Echolocation,/mnt/ubna_data_01_mir/recover-20220825/UBNA_002/20220823_033000.WAV,Telephone Field,recover-20220825,002,1795
1633.0545,1633.0948,68437,82362,Rhinolophus ferrumequinum,0.022,0.022,-1,Echolocation,/mnt/ubna_data_01_mir/recover-20220825/UBNA_002/20220823_033000.WAV,Telephone Field,recover-20220825,002,1795
1633.1035,1633.1402,68437,81990,Rhinolophus ferrumequinum,0.022,0.022,-1,Echolocation,/mnt/ubna_data_01_mir/recover-20220825/UBNA_002/20220823_033000.WAV,Telephone Field,recover-20220825,002,1795
1633.1095,1633.144,68437,81208,Rhinolophus ferrumequinum,0.022,0.022,-1,Echolocation,/mnt/ubna_data_01_mir/recover-20220825/UBNA_002/20220823_033000.WAV,Telephone Field,recover-20220825,002,1795
1633.1235,1633.1631,68437,82473,Rhinolophus ferrumequinum,0.024,0.024,-1,Echolocation,/mnt/ubna_data_01_mir/recover-20220825/UBNA_002/20220823_033000.WAV,Telephone Field,recover-20220825,002,1795
1633.1315,1633.1684,68437,82274,Rhinolophus ferrumequinum,0.022,0.022,-1,Echolocation,/mnt/ubna_data_01_mir/recover-20220825/UBNA_002/20220823_033000.WAV,Telephone Field,recover-20220825,002,1795
1633.1455,1633.1848,68437,82269,Rhinolophus ferrumequinum,0.021,0.021,-1,Echolocation,/mnt/ubna_data_01_mir/recover-20220825/UBNA_002/20220823_033000.WAV,Telephone Field,recover-20220825,002,1795
1633.1795,1633.1914,22890,27350,Nyctalus leisleri,0.012,0.022,-1,Echolocation,/mnt/ubna_data_01_mir/recover-20220825/UBNA_002/20220823_033000.WAV,Telephone Field,recover-20220825,002,1795
1633.2715,1633.3089,68437,82052,Rhinolophus ferrumequinum,0.022,0.022,-1,Echolocation,/mnt/ubna_data_01_mir/recover-20220825/UBNA_002/20220823_033000.WAV,Telephone Field,recover-20220825,002,1795
1633.2825,1633.29,48671,54651,Pipistrellus pipistrellus,0.019,0.021,-1,Echolocation,/mnt/ubna_data_01_mir/recover-20220825/UBNA_002/20220823_033000.WAV,Telephone Field,recover-20220825,002,1795
1633.2895,1633.3066,23750,28040,Nyctalus leisleri,0.096,0.206,-1,Echolocation,/mnt/ubna_data_01_mir/recover-20220825/UBNA_002/20220823_033000.WAV,Telephone Field,recover-20220825,002,1795
1633.3305,1633.3694,68437,81440,Rhinolophus ferrumequinum,0.021,0.022,-1,Echolocation,/mnt/ubna_data_01_mir/recover-20220825/UBNA_002/20220823_033000.WAV,Telephone Field,recover-20220825,002,1795
1633.4315,1633.4683,68437,81397,Rhinolophus ferrumequinum,0.021,0.021,-1,Echolocation,/mnt/ubna_data_01_mir/recover-20220825/UBNA_002/20220823_033000.WAV,Telephone Field,recover-20220825,002,1795
1633.4435,1633.4603,20312,23859,Nyctalus noctula,0.043,0.082,-1,Echolocation,/mnt/ubna_data_01_mir/recover-20220825/UBNA_002/20220823_033000.WAV,Telephone Field,recover-20220825,002,1795
1633.4705,1633.4787,26328,37645,Eptesicus serotinus,0.006,0.021,-1,Echolocation,/mnt/ubna_data_01_mir/recover-20220825/UBNA_002/20220823_033000.WAV,Telephone Field,recover-20220825,002,1795
1633.4795,1633.49,23750,29150,Nyctalus leisleri,0.01,0.022,-1,Echolocation,/mnt/ubna_data_01_mir/recover-20220825/UBNA_002/20220823_033000.WAV,Telephone Field,recover-20220825,002,1795
1633.4835,1633.524,68437,82347,Rhinolophus ferrumequinum,0.022,0.022,-1,Echolocation,/mnt/ubna_data_01_mir/recover-20220825/UBNA_002/20220823_033000.WAV,Telephone Field,recover-20220825,002,1795
1633.5035,1633.5136,25468,33975,Eptesicus serotinus,0.009,0.024,-1,Echolocation,/mnt/ubna_data_01_mir/recover-20220825/UBNA_002/20220823_033000.WAV,Telephone Field,recover-20220825,002,1795
1633.5215,1633.5594,68437,81850,Rhinolophus ferrumequinum,0.022,0.022,-1,Echolocation,/mnt/ubna_data_01_mir/recover-20220825/UBNA_002/20220823_033000.WAV,Telephone Field,recover-20220825,002,1795
1633.5305,1633.5444,22031,25391,Nyctalus leisleri,0.014,0.023,-1,Echolocation,/mnt/ubna_data_01_mir/recover-20220825/UBNA_002/20220823_033000.WAV,Telephone Field,recover-20220825,002,1795
1633.5915,1633.6287,68437,81069,Rhinolophus ferrumequinum,0.026,0.026,-1,Echolocation,/mnt/ubna_data_01_mir/recover-20220825/UBNA_002/20220823_033000.WAV,Telephone Field,recover-20220825,002,1795
1633.5985,1633.6063,28046,39317,Eptesicus serotinus,0.007,0.021,-1,Echolocation,/mnt/ubna_data_01_mir/recover-20220825/UBNA_002/20220823_033000.WAV,Telephone Field,recover-20220825,002,1795
1633.6145,1633.6561,68437,82386,Rhinolophus ferrumequinum,0.023,0.023,-1,Echolocation,/mnt/ubna_data_01_mir/recover-20220825/UBNA_002/20220823_033000.WAV,Telephone Field,recover-20220825,002,1795
1633.6255,1633.6651,68437,82422,Rhinolophus ferrumequinum,0.021,0.021,-1,Echolocation,/mnt/ubna_data_01_mir/recover-20220825/UBNA_002/20220823_033000.WAV,Telephone Field,recover-20220825,002,1795
1633.6355,1633.6771,68437,83177,Rhinolophus ferrumequinum,0.029,0.029,-1,Echolocation,/mnt/ubna_data_01_mir/recover-20220825/UBNA_002/20220823_033000.WAV,Telephone Field,recover-20220825,002,1795
1633.6355,1633.6464,37500,42672,Pipistrellus nathusii,0.018,0.033,-1,Echolocation,/mnt/ubna_data_01_mir/recover-20220825/UBNA_002/20220823_033000.WAV,Telephone Field,recover-20220825,002,1795
1633.6775,1633.7197,68437,82993,Rhinolophus ferrumequinum,0.028,0.028,-1,Echolocation,/mnt/ubna_data_01_mir/recover-20220825/UBNA_002/20220823_033000.WAV,Telephone Field,recover-20220825,002,1795
1633.7045,1633.713,28046,40126,Eptesicus serotinus,0.01,0.028,-1,Echolocation,/mnt/ubna_data_01_mir/recover-20220825/UBNA_002/20220823_033000.WAV,Telephone Field,recover-20220825,002,1795
1633.7095,1633.748,68437,81682,Rhinolophus ferrumequinum,0.022,0.022,-1,Echolocation,/mnt/ubna_data_01_mir/recover-20220825/UBNA_002/20220823_033000.WAV,Telephone Field,recover-20220825,002,1795
1633.7595,1633.7688,28046,36264,Eptesicus serotinus,0.011,0.023,-1,Echolocation,/mnt/ubna_data_01_mir/recover-20220825/UBNA_002/20220823_033000.WAV,Telephone Field,recover-20220825,002,1795
1633.7845,1633.82,68437,81302,Rhinolophus ferrumequinum,0.022,0.022,-1,Echolocation,/mnt/ubna_data_01_mir/recover-20220825/UBNA_002/20220823_033000.WAV,Telephone Field,recover-20220825,002,1795
1633.7875,1633.7961,28046,37306,Eptesicus serotinus,0.007,0.021,-1,Echolocation,/mnt/ubna_data_01_mir/recover-20220825/UBNA_002/20220823_033000.WAV,Telephone Field,recover-20220825,002,1795
1633.8095,1633.85,68437,82306,Rhinolophus ferrumequinum,0.024,0.024,-1,Echolocation,/mnt/ubna_data_01_mir/recover-20220825/UBNA_002/20220823_033000.WAV,Telephone Field,recover-20220825,002,1795
1633.8135,1633.8221,28046,39522,Eptesicus serotinus,0.008,0.024,-1,Echolocation,/mnt/ubna_data_01_mir/recover-20220825/UBNA_002/20220823_033000.WAV,Telephone Field,recover-20220825,002,1795
1633.8315,1633.8707,68437,82337,Rhinolophus ferrumequinum,0.023,0.023,-1,Echolocation,/mnt/ubna_data_01_mir/recover-20220825/UBNA_002/20220823_033000.WAV,Telephone Field,recover-20220825,002,1795
1633.8385,1633.8546,15156,19570,Nyctalus noctula,0.02,0.031,-1,Echolocation,/mnt/ubna_data_01_mir/recover-20220825/UBNA_002/20220823_033000.WAV,Telephone Field,recover-20220825,002,1795
1634.0015,1634.0376,68437,80527,Rhinolophus ferrumequinum,0.047,0.047,-1,Echolocation,/mnt/ubna_data_01_mir/recover-20220825/UBNA_002/20220823_033000.WAV,Telephone Field,recover-20220825,002,1795
1634.0015,1634.0103,28046,34961,Nyctalus leisleri,0.012,0.034,-1,Echolocation,/mnt/ubna_data_01_mir/recover-20220825/UBNA_002/20220823_033000.WAV,Telephone Field,recover-20220825,002,1795
1634.0025,1634.0119,58984,66735,Pipistrellus pygmaeus,0.021,0.021,-1,Echolocation,/mnt/ubna_data_01_mir/recover-20220825/UBNA_002/20220823_033000.WAV,Telephone Field,recover-20220825,002,1795
1634.0095,1634.0567,68437,83529,Rhinolophus ferrumequinum,0.023,0.023,-1,Echolocation,/mnt/ubna_data_01_mir/recover-20220825/UBNA_002/20220823_033000.WAV,Telephone Field,recover-20220825,002,1795
1634.0465,1634.0872,68437,82353,Rhinolophus ferrumequinum,0.025,0.025,-1,Echolocation,/mnt/ubna_data_01_mir/recover-20220825/UBNA_002/20220823_033000.WAV,Telephone Field,recover-20220825,002,1795
1634.0525,1634.061,28906,37597,Eptesicus serotinus,0.008,0.022,-1,Echolocation,/mnt/ubna_data_01_mir/recover-20220825/UBNA_002/20220823_033000.WAV,Telephone Field,recover-20220825,002,1795
1634.0695,1634.0897,17734,20576,Nyctalus leisleri,0.009,0.02,-1,Echolocation,/mnt/ubna_data_01_mir/recover-20220825/UBNA_002/20220823_033000.WAV,Telephone Field,recover-20220825,002,1795
1634.0745,1634.1093,68437,81537,Rhinolophus ferrumequinum,0.02,0.02,-1,Echolocation,/mnt/ubna_data_01_mir/recover-20220825/UBNA_002/20220823_033000.WAV,Telephone Field,recover-20220825,002,1795
1634.0925,1634.1303,68437,81367,Rhinolophus ferrumequinum,0.02,0.02,-1,Echolocation,/mnt/ubna_data_01_mir/recover-20220825/UBNA_002/20220823_033000.WAV,Telephone Field,recover-20220825,002,1795
1634.1225,1634.1642,68437,83109,Rhinolophus ferrumequinum,0.023,0.023,-1,Echolocation,/mnt/ubna_data_01_mir/recover-20220825/UBNA_002/20220823_033000.WAV,Telephone Field,recover-20220825,002,1795
1634.1325,1634.1698,68437,82096,Rhinolophus ferrumequinum,0.02,0.02,-1,Echolocation,/mnt/ubna_data_01_mir/recover-20220825/UBNA_002/20220823_033000.WAV,Telephone Field,recover-20220825,002,1795
1634.1575,1634.1988,68437,82496,Rhinolophus ferrumequinum,0.023,0.023,-1,Echolocation,/mnt/ubna_data_01_mir/recover-20220825/UBNA_002/20220823_033000.WAV,Telephone Field,recover-20220825,002,1795
1634.1665,1634.2084,68437,83153,Rhinolophus ferrumequinum,0.024,0.024,-1,Echolocation,/mnt/ubna_data_01_mir/recover-20220825/UBNA_002/20220823_033000.WAV,Telephone Field,recover-20220825,002,1795
1634.1685,1634.1765,27187,40473,Eptesicus serotinus,0.007,0.021,-1,Echolocation,/mnt/ubna_data_01_mir/recover-20220825/UBNA_002/20220823_033000.WAV,Telephone Field,recover-20220825,002,1795
1634.1745,1634.2156,68437,82778,Rhinolophus ferrumequinum,0.021,0.021,-1,Echolocation,/mnt/ubna_data_01_mir/recover-20220825/UBNA_002/20220823_033000.WAV,Telephone Field,recover-20220825,002,1795
1634.2345,1634.242,25468,34591,Plecotus austriacus,0.006,0.02,-1,Echolocation,/mnt/ubna_data_01_mir/recover-20220825/UBNA_002/20220823_033000.WAV,Telephone Field,recover-20220825,002,1795
1634.2355,1634.275,68437,82734,Rhinolophus ferrumequinum,0.022,0.022,-1,Echolocation,/mnt/ubna_data_01_mir/recover-20220825/UBNA_002/20220823_033000.WAV,Telephone Field,recover-20220825,002,1795
1634.2655,1634.307,68437,82299,Rhinolophus ferrumequinum,0.023,0.023,-1,Echolocation,/mnt/ubna_data_01_mir/recover-20220825/UBNA_002/20220823_033000.WAV,Telephone Field,recover-20220825,002,1795
1634.2785,1634.3196,68437,82501,Rhinolophus ferrumequinum,0.021,0.021,-1,Echolocation,/mnt/ubna_data_01_mir/recover-20220825/UBNA_002/20220823_033000.WAV,Telephone Field,recover-20220825,002,1795
1634.2885,1634.2964,23750,31123,Plecotus austriacus,0.008,0.02,-1,Echolocation,/mnt/ubna_data_01_mir/recover-20220825/UBNA_002/20220823_033000.WAV,Telephone Field,recover-20220825,002,1795
1634.3235,1634.3601,68437,82052,Rhinolophus ferrumequinum,0.02,0.02,-1,Echolocation,/mnt/ubna_data_01_mir/recover-20220825/UBNA_002/20220823_033000.WAV,Telephone Field,recover-20220825,002,1795
1634.3245,1634.3312,28046,42743,Eptesicus serotinus,0.007,0.025,-1,Echolocation,/mnt/ubna_data_01_mir/recover-20220825/UBNA_002/20220823_033000.WAV,Telephone Field,recover-20220825,002,1795
1634.3365,1634.347,23750,29356,Nyctalus leisleri,0.01,0.023,-1,Echolocation,/mnt/ubna_data_01_mir/recover-20220825/UBNA_002/20220823_033000.WAV,Telephone Field,recover-20220825,002,1795
1634.3435,1634.3536,28906,35648,Eptesicus serotinus,0.009,0.022,-1,Echolocation,/mnt/ubna_data_01_mir/recover-20220825/UBNA_002/20220823_033000.WAV,Telephone Field,recover-20220825,002,1795
1634.3525,1634.3908,68437,82239,Rhinolophus ferrumequinum,0.033,0.033,-1,Echolocation,/mnt/ubna_data_01_mir/recover-20220825/UBNA_002/20220823_033000.WAV,Telephone Field,recover-20220825,002,1795
1634.4035,1634.4106,27187,41213,Eptesicus serotinus,0.007,0.024,-1,Echolocation,/mnt/ubna_data_01_mir/recover-20220825/UBNA_002/20220823_033000.WAV,Telephone Field,recover-20220825,002,1795
1634.4055,1634.4427,68437,81540,Rhinolophus ferrumequinum,0.024,0.024,-1,Echolocation,/mnt/ubna_data_01_mir/recover-20220825/UBNA_002/20220823_033000.WAV,Telephone Field,recover-20220825,002,1795
1634.4085,1634.4189,22031,26414,Nyctalus leisleri,0.011,0.02,-1,Echolocation,/mnt/ubna_data_01_mir/recover-20220825/UBNA_002/20220823_033000.WAV,Telephone Field,recover-20220825,002,1795
1634.4175,1634.4284,22890,27766,Nyctalus leisleri,0.012,0.024,-1,Echolocation,/mnt/ubna_data_01_mir/recover-20220825/UBNA_002/20220823_033000.WAV,Telephone Field,recover-20220825,002,1795
1634.4215,1634.431,46953,50935,Pipistrellus pipistrellus,0.023,0.025,-1,Echolocation,/mnt/ubna_data_01_mir/recover-20220825/UBNA_002/20220823_033000.WAV,Telephone Field,recover-20220825,002,1795
1634.4455,1634.4839,68437,82194,Rhinolophus ferrumequinum,0.021,0.021,-1,Echolocation,/mnt/ubna_data_01_mir/recover-20220825/UBNA_002/20220823_033000.WAV,Telephone Field,recover-20220825,002,1795
1634.4455,1634.4553,23750,30369,Nyctalus leisleri,0.008,0.023,-1,Echolocation,/mnt/ubna_data_01_mir/recover-20220825/UBNA_002/20220823_033000.WAV,Telephone Field,recover-20220825,002,1795
1634.4805,1634.4891,25468,34219,Eptesicus serotinus,0.008,0.021,-1,Echolocation,/mnt/ubna_data_01_mir/recover-20220825/UBNA_002/20220823_033000.WAV,Telephone Field,recover-20220825,002,1795
1634.5155,1634.5247,23750,30316,Nyctalus leisleri,0.007,0.022,-1,Echolocation,/mnt/ubna_data_01_mir/recover-20220825/UBNA_002/20220823_033000.WAV,Telephone Field,recover-20220825,002,1795
1634.5405,1634.5745,68437,81194,Rhinolophus ferrumequinum,0.022,0.023,-1,Echolocation,/mnt/ubna_data_01_mir/recover-20220825/UBNA_002/20220823_033000.WAV,Telephone Field,recover-20220825,002,1795
1634.5965,1634.6045,26328,39028,Eptesicus serotinus,0.007,0.02,-1,Echolocation,/mnt/ubna_data_01_mir/recover-20220825/UBNA_002/20220823_033000.WAV,Telephone Field,recover-20220825,002,1795
1634.5975,1634.6373,68437,82060,Rhinolophus ferrumequinum,0.023,0.023,-1,Echolocation,/mnt/ubna_data_01_mir/recover-20220825/UBNA_002/20220823_033000.WAV,Telephone Field,recover-20220825,002,1795
1634.6375,1634.6772,68437,82488,Rhinolophus ferrumequinum,0.021,0.021,-1,Echolocation,/mnt/ubna_data_01_mir/recover-20220825/UBNA_002/20220823_033000.WAV,Telephone Field,recover-20220825,002,1795
1634.6515,1634.6605,28906,42333,Eptesicus serotinus,0.008,0.022,-1,Echolocation,/mnt/ubna_data_01_mir/recover-20220825/UBNA_002/20220823_033000.WAV,Telephone Field,recover-20220825,002,1795
1634.6875,1634.6983,22890,27023,Nyctalus leisleri,0.011,0.02,-1,Echolocation,/mnt/ubna_data_01_mir/recover-20220825/UBNA_002/20220823_033000.WAV,Telephone Field,recover-20220825,002,1795
1634.7035,1634.7152,23750,28548,Nyctalus leisleri,0.015,0.027,-1,Echolocation,/mnt/ubna_data_01_mir/recover-20220825/UBNA_002/20220823_033000.WAV,Telephone Field,recover-20220825,002,1795
1634.7065,1634.714,28906,38416,Eptesicus serotinus,0.006,0.021,-1,Echolocation,/mnt/ubna_data_01_mir/recover-20220825/UBNA_002/20220823_033000.WAV,Telephone Field,recover-20220825,002,1795
1634.7245,1634.7655,68437,82588,Rhinolophus ferrumequinum,0.023,0.023,-1,Echolocation,/mnt/ubna_data_01_mir/recover-20220825/UBNA_002/20220823_033000.WAV,Telephone Field,recover-20220825,002,1795
1634.7305,1634.7439,26328,32186,Eptesicus serotinus,0.016,0.034,-1,Echolocation,/mnt/ubna_data_01_mir/recover-20220825/UBNA_002/20220823_033000.WAV,Telephone Field,recover-20220825,002,1795
1634.7705,1634.7803,22890,28485,Nyctalus leisleri,0.008,0.02,-1,Echolocation,/mnt/ubna_data_01_mir/recover-20220825/UBNA_002/20220823_033000.WAV,Telephone Field,recover-20220825,002,1795
1634.8215,1634.8585,68437,82189,Rhinolophus ferrumequinum,0.023,0.023,-1,Echolocation,/mnt/ubna_data_01_mir/recover-20220825/UBNA_002/20220823_033000.WAV,Telephone Field,recover-20220825,002,1795
1634.8325,1634.8379,34062,45353,Myotis daubentonii,0.007,0.023,-1,Echolocation,/mnt/ubna_data_01_mir/recover-20220825/UBNA_002/20220823_033000.WAV,Telephone Field,recover-20220825,002,1795
1634.8325,1634.8707,68437,81612,Rhinolophus ferrumequinum,0.025,0.025,-1,Echolocation,/mnt/ubna_data_01_mir/recover-20220825/UBNA_002/20220823_033000.WAV,Telephone Field,recover-20220825,002,1795
1634.8325,1634.8392,27187,40077,Eptesicus serotinus,0.006,0.03,-1,Echolocation,/mnt/ubna_data_01_mir/recover-20220825/UBNA_002/20220823_033000.WAV,Telephone Field,recover-20220825,002,1795
1634.8405,1634.8471,48671,59322,Pipistrellus pipistrellus,0.019,0.024,-1,Echolocation,/mnt/ubna_data_01_mir/recover-20220825/UBNA_002/20220823_033000.WAV,Telephone Field,recover-20220825,002,1795
1634.8585,1634.8759,22031,26508,Nyctalus leisleri,0.02,0.046,-1,Echolocation,/mnt/ubna_data_01_mir/recover-20220825/UBNA_002/20220823_033000.WAV,Telephone Field,recover-20220825,002,1795
1634.8625,1634.8986,68437,82198,Rhinolophus ferrumequinum,0.024,0.024,-1,Echolocation,/mnt/ubna_data_01_mir/recover-20220825/UBNA_002/20220823_033000.WAV,Telephone Field,recover-20220825,002,1795
1634.8755,1634.915,68437,82197,Rhinolophus ferrumequinum,0.026,0.026,-1,Echolocation,/mnt/ubna_data_01_mir/recover-20220825/UBNA_002/20220823_033000.WAV,Telephone Field,recover-20220825,002,1795
1634.8775,1634.8877,24609,31148,Nyctalus leisleri,0.007,0.021,-1,Echolocation,/mnt/ubna_data_01_mir/recover-20220825/UBNA_002/20220823_033000.WAV,Telephone Field,recover-20220825,002,1795
1634.9235,1634.9322,27187,36428,Eptesicus serotinus,0.008,0.02,-1,Echolocation,/mnt/ubna_data_01_mir/recover-20220825/UBNA_002/20220823_033000.WAV,Telephone Field,recover-20220825,002,1795
1634.9245,1634.9627,68437,82326,Rhinolophus ferrumequinum,0.021,0.021,-1,Echolocation,/mnt/ubna_data_01_mir/recover-20220825/UBNA_002/20220823_033000.WAV,Telephone Field,recover-20220825,002,1795
1634.9335,1634.9702,68437,81731,Rhinolophus ferrumequinum,0.024,0.024,-1,Echolocation,/mnt/ubna_data_01_mir/recover-20220825/UBNA_002/20220823_033000.WAV,Telephone Field,recover-20220825,002,1795
1634.9425,1634.9829,68437,82625,Rhinolophus ferrumequinum,0.021,0.021,-1,Echolocation,/mnt/ubna_data_01_mir/recover-20220825/UBNA_002/20220823_033000.WAV,Telephone Field,recover-20220825,002,1795
1634.9615,1635.0003,68437,81926,Rhinolophus ferrumequinum,0.021,0.021,-1,Echolocation,/mnt/ubna_data_01_mir/recover-20220825/UBNA_002/20220823_033000.WAV,Telephone Field,recover-20220825,002,1795
1634.9615,1634.98,21171,24398,Nyctalus leisleri,0.014,0.024,-1,Echolocation,/mnt/ubna_data_01_mir/recover-20220825/UBNA_002/20220823_033000.WAV,Telephone Field,recover-20220825,002,1795
1634.9975,1635.0354,68437,81586,Rhinolophus ferrumequinum,0.023,0.023,-1,Echolocation,/mnt/ubna_data_01_mir/recover-20220825/UBNA_002/20220823_033000.WAV,Telephone Field,recover-20220825,002,1795
1635.0675,1635.0772,29765,37507,Eptesicus serotinus,0.009,0.022,-1,Echolocation,/mnt/ubna_data_01_mir/recover-20220825/UBNA_002/20220823_033000.WAV,Telephone Field,recover-20220825,002,1795
1635.1185,1635.1569,68437,81529,Rhinolophus ferrumequinum,0.02,0.02,-1,Echolocation,/mnt/ubna_data_01_mir/recover-20220825/UBNA_002/20220823_033000.WAV,Telephone Field,recover-20220825,002,1795
1635.1445,1635.1527,28046,39648,Eptesicus serotinus,0.008,0.023,-1,Echolocation,/mnt/ubna_data_01_mir/recover-20220825/UBNA_002/20220823_033000.WAV,Telephone Field,recover-20220825,002,1795
1635.1475,1635.1833,68437,81449,Rhinolophus ferrumequinum,0.021,0.021,-1,Echolocation,/mnt/ubna_data_01_mir/recover-20220825/UBNA_002/20220823_033000.WAV,Telephone Field,recover-20220825,002,1795
1635.1475,1635.1643,14296,19326,Nyctalus noctula,0.024,0.033,-1,Echolocation,/mnt/ubna_data_01_mir/recover-20220825/UBNA_002/20220823_033000.WAV,Telephone Field,recover-20220825,002,1795
1635.1535,1635.1605,27187,37730,Eptesicus serotinus,0.005,0.02,-1,Echolocation,/mnt/ubna_data_01_mir/recover-20220825/UBNA_002/20220823_033000.WAV,Telephone Field,recover-20220825,002,1795
1635.1715,1635.2102,68437,81750,Rhinolophus ferrumequinum,0.021,0.021,-1,Echolocation,/mnt/ubna_data_01_mir/recover-20220825/UBNA_002/20220823_033000.WAV,Telephone Field,recover-20220825,002,1795
1635.1795,1635.2214,68437,82404,Rhinolophus ferrumequinum,0.02,0.02,-1,Echolocation,/mnt/ubna_data_01_mir/recover-20220825/UBNA_002/20220823_033000.WAV,Telephone Field,recover-20220825,002,1795
1635.2005,1635.2074,23750,32995,Plecotus austriacus,0.013,0.026,-1,Echolocation,/mnt/ubna_data_01_mir/recover-20220825/UBNA_002/20220823_033000.WAV,Telephone Field,recover-20220825,002,1795
1635.2285,1635.2664,68437,82184,Rhinolophus ferrumequinum,0.021,0.021,-1,Echolocation,/mnt/ubna_data_01_mir/recover-20220825/UBNA_002/20220823_033000.WAV,Telephone Field,recover-20220825,002,1795
1635.2485,1635.2887,68437,83204,Rhinolophus ferrumequinum,0.024,0.024,-1,Echolocation,/mnt/ubna_data_01_mir/recover-20220825/UBNA_002/20220823_033000.WAV,Telephone Field,recover-20220825,002,1795
1635.2665,1635.3055,68437,81363,Rhinolophus ferrumequinum,0.021,0.021,-1,Echolocation,/mnt/ubna_data_01_mir/recover-20220825/UBNA_002/20220823_033000.WAV,Telephone Field,recover-20220825,002,1795
1635.2855,1635.2935,26328,35600,Eptesicus serotinus,0.008,0.024,-1,Echolocation,/mnt/ubna_data_01_mir/recover-20220825/UBNA_002/20220823_033000.WAV,Telephone Field,recover-20220825,002,1795
1635.2915,1635.3316,68437,82449,Rhinolophus ferrumequinum,0.024,0.024,-1,Echolocation,/mnt/ubna_data_01_mir/recover-20220825/UBNA_002/20220823_033000.WAV,Telephone Field,recover-20220825,002,1795
1635.3295,1635.3671,68437,82118,Rhinolophus ferrumequinum,0.02,0.02,-1,Echolocation,/mnt/ubna_data_01_mir/recover-20220825/UBNA_002/20220823_033000.WAV,Telephone Field,recover-20220825,002,1795
1635.3465,1635.3838,68437,81905,Rhinolophus ferrumequinum,0.02,0.02,-1,Echolocation,/mnt/ubna_data_01_mir/recover-20220825/UBNA_002/20220823_033000.WAV,Telephone Field,recover-20220825,002,1795
1635.3465,1635.3544,28046,40501,Eptesicus serotinus,0.007,0.022,-1,Echolocation,/mnt/ubna_data_01_mir/recover-20220825/UBNA_002/20220823_033000.WAV,Telephone Field,recover-20220825,002,1795
1635.3745,1635.3861,22890,27625,Nyctalus leisleri,0.011,0.021,-1,Echolocation,/mnt/ubna_data_01_mir/recover-20220825/UBNA_002/20220823_033000.WAV,Telephone Field,recover-20220825,002,1795
1635.4245,1635.4675,68437,82876,Rhinolophus ferrumequinum,0.023,0.023,-1,Echolocation,/mnt/ubna_data_01_mir/recover-20220825/UBNA_002/20220823_033000.WAV,Telephone Field,recover-20220825,002,1795
1635.4335,1635.4731,68437,82593,Rhinolophus ferrumequinum,0.022,0.022,-1,Echolocation,/mnt/ubna_data_01_mir/recover-20220825/UBNA_002/20220823_033000.WAV,Telephone Field,recover-20220825,002,1795
1635.4535,1635.4876,68437,79871,Rhinolophus ferrumequinum,0.021,0.021,-1,Echolocation,/mnt/ubna_data_01_mir/recover-20220825/UBNA_002/20220823_033000.WAV,Telephone Field,recover-20220825,002,1795
1635.4645,1635.5022,68437,81826,Rhinolophus ferrumequinum,0.022,0.022,-1,Echolocation,/mnt/ubna_data_01_mir/recover-20220825/UBNA_002/20220823_033000.WAV,Telephone Field,recover-20220825,002,1795
1635.4655,1635.4767,28906,34865,Eptesicus serotinus,0.011,0.024,-1,Echolocation,/mnt/ubna_data_01_mir/recover-20220825/UBNA_002/20220823_033000.WAV,Telephone Field,recover-20220825,002,1795
1635.4845,1635.5230999999999,68437,81481,Rhinolophus ferrumequinum,0.02,0.02,-1,Echolocation,/mnt/ubna_data_01_mir/recover-20220825/UBNA_002/20220823_033000.WAV,Telephone Field,recover-20220825,002,1795
1635.4915,1635.5083,24609,29211,Nyctalus leisleri,0.103,0.212,-1,Echolocation,/mnt/ubna_data_01_mir/recover-20220825/UBNA_002/20220823_033000.WAV,Telephone Field,recover-20220825,002,1795
1635.5035,1635.5428,68437,82786,Rhinolophus ferrumequinum,0.036,0.036,-1,Echolocation,/mnt/ubna_data_01_mir/recover-20220825/UBNA_002/20220823_033000.WAV,Telephone Field,recover-20220825,002,1795
1635.5195,1635.5605,68437,82776,Rhinolophus ferrumequinum,0.021,0.021,-1,Echolocation,/mnt/ubna_data_01_mir/recover-20220825/UBNA_002/20220823_033000.WAV,Telephone Field,recover-20220825,002,1795
1635.5215,1635.5301,22890,29329,Plecotus austriacus,0.009,0.021,-1,Echolocation,/mnt/ubna_data_01_mir/recover-20220825/UBNA_002/20220823_033000.WAV,Telephone Field,recover-20220825,002,1795
1635.5605,1635.6027,68437,82631,Rhinolophus ferrumequinum,0.023,0.023,-1,Echolocation,/mnt/ubna_data_01_mir/recover-20220825/UBNA_002/20220823_033000.WAV,Telephone Field,recover-20220825,002,1795
1635.5905,1635.6313,68437,82720,Rhinolophus ferrumequinum,0.025,0.025,-1,Echolocation,/mnt/ubna_data_01_mir/recover-20220825/UBNA_002/20220823_033000.WAV,Telephone Field,recover-20220825,002,1795
1635.6035,1635.6115,27187,41723,Eptesicus serotinus,0.008,0.022,-1,Echolocation,/mnt/ubna_data_01_mir/recover-20220825/UBNA_002/20220823_033000.WAV,Telephone Field,recover-20220825,002,1795
1635.6325,1635.6709,68437,81308,Rhinolophus ferrumequinum,0.02,0.02,-1,Echolocation,/mnt/ubna_data_01_mir/recover-20220825/UBNA_002/20220823_033000.WAV,Telephone Field,recover-20220825,002,1795
1635.6385,1635.6742,68437,80902,Rhinolophus ferrumequinum,0.02,0.02,-1,Echolocation,/mnt/ubna_data_01_mir/recover-20220825/UBNA_002/20220823_033000.WAV,Telephone Field,recover-20220825,002,1795
1635.6735,1635.7121,68437,82033,Rhinolophus ferrumequinum,0.02,0.02,-1,Echolocation,/mnt/ubna_data_01_mir/recover-20220825/UBNA_002/20220823_033000.WAV,Telephone Field,recover-20220825,002,1795
1635.6865,1635.6946,28906,37815,Eptesicus serotinus,0.011,0.029,-1,Echolocation,/mnt/ubna_data_01_mir/recover-20220825/UBNA_002/20220823_033000.WAV,Telephone Field,recover-20220825,002,1795
1635.7015,1635.7384,68437,81257,Rhinolophus ferrumequinum,0.02,0.02,-1,Echolocation,/mnt/ubna_data_01_mir/recover-20220825/UBNA_002/20220823_033000.WAV,Telephone Field,recover-20220825,002,1795
1635.7235,1635.7618,68437,82207,Rhinolophus ferrumequinum,0.021,0.021,-1,Echolocation,/mnt/ubna_data_01_mir/recover-20220825/UBNA_002/20220823_033000.WAV,Telephone Field,recover-20220825,002,1795
1635.7365,1635.7749,68437,82190,Rhinolophus ferrumequinum,0.023,0.023,-1,Echolocation,/mnt/ubna_data_01_mir/recover-20220825/UBNA_002/20220823_033000.WAV,Telephone Field,recover-20220825,002,1795
1635.7385,1635.7481,37500,45578,Myotis daubentonii,0.006,0.022,-1,Echolocation,/mnt/ubna_data_01_mir/recover-20220825/UBNA_002/20220823_033000.WAV,Telephone Field,recover-20220825,002,1795
1635.7455,1635.7562,22031,26224,Nyctalus leisleri,0.013,0.024,-1,Echolocation,/mnt/ubna_data_01_mir/recover-20220825/UBNA_002/20220823_033000.WAV,Telephone Field,recover-20220825,002,1795
1635.7485,1635.7877,68437,81532,Rhinolophus ferrumequinum,0.02,0.02,-1,Echolocation,/mnt/ubna_data_01_mir/recover-20220825/UBNA_002/20220823_033000.WAV,Telephone Field,recover-20220825,002,1795
1635.7795,1635.8229,68437,82950,Rhinolophus ferrumequinum,0.031,0.031,-1,Echolocation,/mnt/ubna_data_01_mir/recover-20220825/UBNA_002/20220823_033000.WAV,Telephone Field,recover-20220825,002,1795
1635.7985,1635.8383,68437,82326,Rhinolophus ferrumequinum,0.02,0.021,-1,Echolocation,/mnt/ubna_data_01_mir/recover-20220825/UBNA_002/20220823_033000.WAV,Telephone Field,recover-20220825,002,1795
1635.8525,1635.8946,68437,82820,Rhinolophus ferrumequinum,0.023,0.023,-1,Echolocation,/mnt/ubna_data_01_mir/recover-20220825/UBNA_002/20220823_033000.WAV,Telephone Field,recover-20220825,002,1795
1635.8735,1635.9111,68437,81940,Rhinolophus ferrumequinum,0.02,0.02,-1,Echolocation,/mnt/ubna_data_01_mir/recover-20220825/UBNA_002/20220823_033000.WAV,Telephone Field,recover-20220825,002,1795
1635.8945,1635.9356,68437,82531,Rhinolophus ferrumequinum,0.025,0.025,-1,Echolocation,/mnt/ubna_data_01_mir/recover-20220825/UBNA_002/20220823_033000.WAV,Telephone Field,recover-20220825,002,1795
1635.9075,1635.9172,28906,36826,Eptesicus serotinus,0.01,0.023,-1,Echolocation,/mnt/ubna_data_01_mir/recover-20220825/UBNA_002/20220823_033000.WAV,Telephone Field,recover-20220825,002,1795
1635.9405,1635.9787,68437,82322,Rhinolophus ferrumequinum,0.023,0.023,-1,Echolocation,/mnt/ubna_data_01_mir/recover-20220825/UBNA_002/20220823_033000.WAV,Telephone Field,recover-20220825,002,1795
1635.9485,1635.9872,68437,82616,Rhinolophus ferrumequinum,0.026,0.026,-1,Echolocation,/mnt/ubna_data_01_mir/recover-20220825/UBNA_002/20220823_033000.WAV,Telephone Field,recover-20220825,002,1795
1636.0015,1636.0126,19453,24166,Nyctalus leisleri,0.011,0.028,-1,Echolocation,/mnt/ubna_data_01_mir/recover-20220825/UBNA_002/20220823_033000.WAV,Telephone Field,recover-20220825,002,1795
1636.0195,1636.029,24609,31282,Nyctalus leisleri,0.009,0.026,-1,Echolocation,/mnt/ubna_data_01_mir/recover-20220825/UBNA_002/20220823_033000.WAV,Telephone Field,recover-20220825,002,1795
1636.0245,1636.0634,68437,82443,Rhinolophus ferrumequinum,0.025,0.025,-1,Echolocation,/mnt/ubna_data_01_mir/recover-20220825/UBNA_002/20220823_033000.WAV,Telephone Field,recover-20220825,002,1795
1636.0255,1636.0349,35781,42959,Myotis daubentonii,0.007,0.027,-1,Echolocation,/mnt/ubna_data_01_mir/recover-20220825/UBNA_002/20220823_033000.WAV,Telephone Field,recover-20220825,002,1795
1636.0425,1636.0865,68437,83727,Rhinolophus ferrumequinum,0.041,0.041,-1,Echolocation,/mnt/ubna_data_01_mir/recover-20220825/UBNA_002/20220823_033000.WAV,Telephone Field,recover-20220825,002,1795
1636.0505,1636.0597,28906,39887,Eptesicus serotinus,0.012,0.027,-1,Echolocation,/mnt/ubna_data_01_mir/recover-20220825/UBNA_002/20220823_033000.WAV,Telephone Field,recover-20220825,002,1795
1636.1035,1636.1161,24609,31093,Nyctalus leisleri,0.369,0.6,-1,Echolocation,/mnt/ubna_data_01_mir/recover-20220825/UBNA_002/20220823_033000.WAV,Telephone Field,recover-20220825,002,1795
1636.1505,1636.1903,68437,82256,Rhinolophus ferrumequinum,0.026,0.026,-1,Echolocation,/mnt/ubna_data_01_mir/recover-20220825/UBNA_002/20220823_033000.WAV,Telephone Field,recover-20220825,002,1795
1636.1695,1636.1863,21171,24286,Nyctalus leisleri,0.018,0.029,-1,Echolocation,/mnt/ubna_data_01_mir/recover-20220825/UBNA_002/20220823_033000.WAV,Telephone Field,recover-20220825,002,1795
1636.1825,1636.2197,68437,81890,Rhinolophus ferrumequinum,0.022,0.022,-1,Echolocation,/mnt/ubna_data_01_mir/recover-20220825/UBNA_002/20220823_033000.WAV,Telephone Field,recover-20220825,002,1795
1636.1855,1636.1919,26328,37332,Plecotus auritus,0.009,0.033,-1,Echolocation,/mnt/ubna_data_01_mir/recover-20220825/UBNA_002/20220823_033000.WAV,Telephone Field,recover-20220825,002,1795
1636.2025,1636.2163,22890,28257,Nyctalus leisleri,0.014,0.029,-1,Echolocation,/mnt/ubna_data_01_mir/recover-20220825/UBNA_002/20220823_033000.WAV,Telephone Field,recover-20220825,002,1795
1636.2035,1636.2421,68437,82155,Rhinolophus ferrumequinum,0.023,0.023,-1,Echolocation,/mnt/ubna_data_01_mir/recover-20220825/UBNA_002/20220823_033000.WAV,Telephone Field,recover-20220825,002,1795
1636.2715,1636.2848,23750,30536,Eptesicus serotinus,0.241,0.547,-1,Echolocation,/mnt/ubna_data_01_mir/recover-20220825/UBNA_002/20220823_033000.WAV,Telephone Field,recover-20220825,002,1795
1636.3135,1636.3513,68437,82241,Rhinolophus ferrumequinum,0.022,0.022,-1,Echolocation,/mnt/ubna_data_01_mir/recover-20220825/UBNA_002/20220823_033000.WAV,Telephone Field,recover-20220825,002,1795
1636.3135,1636.3233,22031,27553,Nyctalus leisleri,0.009,0.022,-1,Echolocation,/mnt/ubna_data_01_mir/recover-20220825/UBNA_002/20220823_033000.WAV,Telephone Field,recover-20220825,002,1795
1636.3155,1636.3264,28906,35698,Eptesicus serotinus,0.01,0.024,-1,Echolocation,/mnt/ubna_data_01_mir/recover-20220825/UBNA_002/20220823_033000.WAV,Telephone Field,recover-20220825,002,1795
1636.3375,1636.3797,68437,82801,Rhinolophus ferrumequinum,0.025,0.025,-1,Echolocation,/mnt/ubna_data_01_mir/recover-20220825/UBNA_002/20220823_033000.WAV,Telephone Field,recover-20220825,002,1795
1636.3675,1636.3751,27187,40922,Eptesicus serotinus,0.007,0.023,-1,Echolocation,/mnt/ubna_data_01_mir/recover-20220825/UBNA_002/20220823_033000.WAV,Telephone Field,recover-20220825,002,1795
1636.4115,1636.4522,68437,82341,Rhinolophus ferrumequinum,0.027,0.027,-1,Echolocation,/mnt/ubna_data_01_mir/recover-20220825/UBNA_002/20220823_033000.WAV,Telephone Field,recover-20220825,002,1795
1636.4555,1636.464,28906,36438,Eptesicus serotinus,0.008,0.024,-1,Echolocation,/mnt/ubna_data_01_mir/recover-20220825/UBNA_002/20220823_033000.WAV,Telephone Field,recover-20220825,002,1795
1636.4665,1636.5075,68437,82735,Rhinolophus ferrumequinum,0.023,0.023,-1,Echolocation,/mnt/ubna_data_01_mir/recover-20220825/UBNA_002/20220823_033000.WAV,Telephone Field,recover-20220825,002,1795
1636.5035,1636.5102,25468,37621,Plecotus austriacus,0.006,0.024,-1,Echolocation,/mnt/ubna_data_01_mir/recover-20220825/UBNA_002/20220823_033000.WAV,Telephone Field,recover-20220825,002,1795
1636.5185,1636.5551,68437,81668,Rhinolophus ferrumequinum,0.024,0.024,-1,Echolocation,/mnt/ubna_data_01_mir/recover-20220825/UBNA_002/20220823_033000.WAV,Telephone Field,recover-20220825,002,1795
1636.5205,1636.53,25468,34604,Eptesicus serotinus,0.01,0.024,-1,Echolocation,/mnt/ubna_data_01_mir/recover-20220825/UBNA_002/20220823_033000.WAV,Telephone Field,recover-20220825,002,1795
1636.5495,1636.5697,17734,20207,Nyctalus noctula,0.012,0.023,-1,Echolocation,/mnt/ubna_data_01_mir/recover-20220825/UBNA_002/20220823_033000.WAV,Telephone Field,recover-20220825,002,1795
1636.5655,1636.6057,68437,82933,Rhinolophus ferrumequinum,0.033,0.033,-1,Echolocation,/mnt/ubna_data_01_mir/recover-20220825/UBNA_002/20220823_033000.WAV,Telephone Field,recover-20220825,002,1795
1636.5925,1636.6325,68437,82479,Rhinolophus ferrumequinum,0.023,0.024,-1,Echolocation,/mnt/ubna_data_01_mir/recover-20220825/UBNA_002/20220823_033000.WAV,Telephone Field,recover-20220825,002,1795
1636.5945,1636.6065,24609,30279,Nyctalus leisleri,0.009,0.024,-1,Echolocation,/mnt/ubna_data_01_mir/recover-20220825/UBNA_002/20220823_033000.WAV,Telephone Field,recover-20220825,002,1795
1636.6205,1636.633,21171,24893,Nyctalus leisleri,0.012,0.022,-1,Echolocation,/mnt/ubna_data_01_mir/recover-20220825/UBNA_002/20220823_033000.WAV,Telephone Field,recover-20220825,002,1795
1636.6295,1636.6673,68437,81760,Rhinolophus ferrumequinum,0.023,0.023,-1,Echolocation,/mnt/ubna_data_01_mir/recover-20220825/UBNA_002/20220823_033000.WAV,Telephone Field,recover-20220825,002,1795
1636.6355,1636.6758,68437,82739,Rhinolophus ferrumequinum,0.024,0.024,-1,Echolocation,/mnt/ubna_data_01_mir/recover-20220825/UBNA_002/20220823_033000.WAV,Telephone Field,recover-20220825,002,1795
1636.6485,1636.6568,28046,37682,Eptesicus serotinus,0.008,0.022,-1,Echolocation,/mnt/ubna_data_01_mir/recover-20220825/UBNA_002/20220823_033000.WAV,Telephone Field,recover-20220825,002,1795
1636.6585,1636.6682,22890,28622,Nyctalus leisleri,0.009,0.024,-1,Echolocation,/mnt/ubna_data_01_mir/recover-20220825/UBNA_002/20220823_033000.WAV,Telephone Field,recover-20220825,002,1795
1636.7005,1636.7076,27187,37122,Eptesicus serotinus,0.01,0.03,-1,Echolocation,/mnt/ubna_data_01_mir/recover-20220825/UBNA_002/20220823_033000.WAV,Telephone Field,recover-20220825,002,1795
1636.7265,1636.7343,28046,41079,Eptesicus serotinus,0.007,0.023,-1,Echolocation,/mnt/ubna_data_01_mir/recover-20220825/UBNA_002/20220823_033000.WAV,Telephone Field,recover-20220825,002,1795
1636.7435,1636.7867,68437,82931,Rhinolophus ferrumequinum,0.05,0.05,-1,Echolocation,/mnt/ubna_data_01_mir/recover-20220825/UBNA_002/20220823_033000.WAV,Telephone Field,recover-20220825,002,1795
1636.7665,1636.8074,68437,81849,Rhinolophus ferrumequinum,0.022,0.022,-1,Echolocation,/mnt/ubna_data_01_mir/recover-20220825/UBNA_002/20220823_033000.WAV,Telephone Field,recover-20220825,002,1795
1636.7825,1636.8005,21171,25170,Nyctalus leisleri,0.029,0.057,-1,Echolocation,/mnt/ubna_data_01_mir/recover-20220825/UBNA_002/20220823_033000.WAV,Telephone Field,recover-20220825,002,1795
1636.8175,1636.8566,68437,83078,Rhinolophus ferrumequinum,0.03,0.03,-1,Echolocation,/mnt/ubna_data_01_mir/recover-20220825/UBNA_002/20220823_033000.WAV,Telephone Field,recover-20220825,002,1795
1636.8545,1636.8951,68437,82748,Rhinolophus ferrumequinum,0.028,0.028,-1,Echolocation,/mnt/ubna_data_01_mir/recover-20220825/UBNA_002/20220823_033000.WAV,Telephone Field,recover-20220825,002,1795
1636.8755,1636.9183,68437,83187,Rhinolophus ferrumequinum,0.029,0.029,-1,Echolocation,/mnt/ubna_data_01_mir/recover-20220825/UBNA_002/20220823_033000.WAV,Telephone Field,recover-20220825,002,1795
1636.9155,1636.9228,28046,42565,Eptesicus serotinus,0.007,0.028,-1,Echolocation,/mnt/ubna_data_01_mir/recover-20220825/UBNA_002/20220823_033000.WAV,Telephone Field,recover-20220825,002,1795
1636.9255,1636.9643,68437,82346,Rhinolophus ferrumequinum,0.022,0.022,-1,Echolocation,/mnt/ubna_data_01_mir/recover-20220825/UBNA_002/20220823_033000.WAV,Telephone Field,recover-20220825,002,1795
1636.9425,1636.9528,23750,29881,Nyctalus leisleri,0.009,0.025,-1,Echolocation,/mnt/ubna_data_01_mir/recover-20220825/UBNA_002/20220823_033000.WAV,Telephone Field,recover-20220825,002,1795
1636.9665,1637.0096,68437,82761,Rhinolophus ferrumequinum,0.026,0.026,-1,Echolocation,/mnt/ubna_data_01_mir/recover-20220825/UBNA_002/20220823_033000.WAV,Telephone Field,recover-20220825,002,1795
1636.9945,1637.006,22890,28981,Nyctalus leisleri,0.013,0.03,-1,Echolocation,/mnt/ubna_data_01_mir/recover-20220825/UBNA_002/20220823_033000.WAV,Telephone Field,recover-20220825,002,1795
1637.0425,1637.0515,27187,39189,Eptesicus serotinus,0.009,0.022,-1,Echolocation,/mnt/ubna_data_01_mir/recover-20220825/UBNA_002/20220823_033000.WAV,Telephone Field,recover-20220825,002,1795
1637.0545,1637.0937,68437,82576,Rhinolophus ferrumequinum,0.022,0.022,-1,Echolocation,/mnt/ubna_data_01_mir/recover-20220825/UBNA_002/20220823_033000.WAV,Telephone Field,recover-20220825,002,1795
1637.0665,1637.1063,68437,82481,Rhinolophus ferrumequinum,0.022,0.022,-1,Echolocation,/mnt/ubna_data_01_mir/recover-20220825/UBNA_002/20220823_033000.WAV,Telephone Field,recover-20220825,002,1795
1637.0725,1637.1112,68437,82265,Rhinolophus ferrumequinum,0.022,0.022,-1,Echolocation,/mnt/ubna_data_01_mir/recover-20220825/UBNA_002/20220823_033000.WAV,Telephone Field,recover-20220825,002,1795
1637.0885,1637.1276,68437,82367,Rhinolophus ferrumequinum,0.023,0.023,-1,Echolocation,/mnt/ubna_data_01_mir/recover-20220825/UBNA_002/20220823_033000.WAV,Telephone Field,recover-20220825,002,1795
1637.0955,1637.1357,68437,82525,Rhinolophus ferrumequinum,0.023,0.023,-1,Echolocation,/mnt/ubna_data_01_mir/recover-20220825/UBNA_002/20220823_033000.WAV,Telephone Field,recover-20220825,002,1795
1637.1055,1637.1445,68437,82470,Rhinolophus ferrumequinum,0.025,0.025,-1,Echolocation,/mnt/ubna_data_01_mir/recover-20220825/UBNA_002/20220823_033000.WAV,Telephone Field,recover-20220825,002,1795
1637.1065,1637.1189,39218,43503,Pipistrellus nathusii,0.015,0.024,-1,Echolocation,/mnt/ubna_data_01_mir/recover-20220825/UBNA_002/20220823_033000.WAV,Telephone Field,recover-20220825,002,1795
1637.1245,1637.168,68437,82925,Rhinolophus ferrumequinum,0.044,0.044,-1,Echolocation,/mnt/ubna_data_01_mir/recover-20220825/UBNA_002/20220823_033000.WAV,Telephone Field,recover-20220825,002,1795
1637.1315,1637.176,68437,83520,Rhinolophus ferrumequinum,0.037,0.037,-1,Echolocation,/mnt/ubna_data_01_mir/recover-20220825/UBNA_002/20220823_033000.WAV,Telephone Field,recover-20220825,002,1795
1637.1485,1637.189,68437,82906,Rhinolophus ferrumequinum,0.03,0.03,-1,Echolocation,/mnt/ubna_data_01_mir/recover-20220825/UBNA_002/20220823_033000.WAV,Telephone Field,recover-20220825,002,1795
1637.1595,1637.1963,68437,82003,Rhinolophus ferrumequinum,0.024,0.024,-1,Echolocation,/mnt/ubna_data_01_mir/recover-20220825/UBNA_002/20220823_033000.WAV,Telephone Field,recover-20220825,002,1795
1637.1685,1637.2101,68437,83100,Rhinolophus ferrumequinum,0.036,0.036,-1,Echolocation,/mnt/ubna_data_01_mir/recover-20220825/UBNA_002/20220823_033000.WAV,Telephone Field,recover-20220825,002,1795
1637.2145,1637.2245,30625,38425,Eptesicus serotinus,0.009,0.026,-1,Echolocation,/mnt/ubna_data_01_mir/recover-20220825/UBNA_002/20220823_033000.WAV,Telephone Field,recover-20220825,002,1795
1637.2545,1637.2973,68437,82650,Rhinolophus ferrumequinum,0.023,0.023,-1,Echolocation,/mnt/ubna_data_01_mir/recover-20220825/UBNA_002/20220823_033000.WAV,Telephone Field,recover-20220825,002,1795
1637.2655,1637.3041,68437,82129,Rhinolophus ferrumequinum,0.024,0.024,-1,Echolocation,/mnt/ubna_data_01_mir/recover-20220825/UBNA_002/20220823_033000.WAV,Telephone Field,recover-20220825,002,1795
1637.3005,1637.3441,68437,83035,Rhinolophus ferrumequinum,0.03,0.03,-1,Echolocation,/mnt/ubna_data_01_mir/recover-20220825/UBNA_002/20220823_033000.WAV,Telephone Field,recover-20220825,002,1795
1637.3105,1637.3187,28046,37383,Eptesicus serotinus,0.008,0.023,-1,Echolocation,/mnt/ubna_data_01_mir/recover-20220825/UBNA_002/20220823_033000.WAV,Telephone Field,recover-20220825,002,1795
1637.3385,1637.3822,68437,83568,Rhinolophus ferrumequinum,0.038,0.038,-1,Echolocation,/mnt/ubna_data_01_mir/recover-20220825/UBNA_002/20220823_033000.WAV,Telephone Field,recover-20220825,002,1795
1637.3625,1637.4024,68437,82612,Rhinolophus ferrumequinum,0.023,0.023,-1,Echolocation,/mnt/ubna_data_01_mir/recover-20220825/UBNA_002/20220823_033000.WAV,Telephone Field,recover-20220825,002,1795
1637.3885,1637.3955,28046,37951,Eptesicus serotinus,0.007,0.022,-1,Echolocation,/mnt/ubna_data_01_mir/recover-20220825/UBNA_002/20220823_033000.WAV,Telephone Field,recover-20220825,002,1795
1637.3915,1637.4284,68437,81612,Rhinolophus ferrumequinum,0.022,0.022,-1,Echolocation,/mnt/ubna_data_01_mir/recover-20220825/UBNA_002/20220823_033000.WAV,Telephone Field,recover-20220825,002,1795
1637.4275,1637.436,28046,40115,Eptesicus serotinus,0.008,0.023,-1,Echolocation,/mnt/ubna_data_01_mir/recover-20220825/UBNA_002/20220823_033000.WAV,Telephone Field,recover-20220825,002,1795
1637.4275,1637.468,68437,83143,Rhinolophus ferrumequinum,0.023,0.023,-1,Echolocation,/mnt/ubna_data_01_mir/recover-20220825/UBNA_002/20220823_033000.WAV,Telephone Field,recover-20220825,002,1795
1637.4535,1637.4943,68437,82505,Rhinolophus ferrumequinum,0.024,0.024,-1,Echolocation,/mnt/ubna_data_01_mir/recover-20220825/UBNA_002/20220823_033000.WAV,Telephone Field,recover-20220825,002,1795
1637.4615,1637.498,68437,81731,Rhinolophus ferrumequinum,0.024,0.024,-1,Echolocation,/mnt/ubna_data_01_mir/recover-20220825/UBNA_002/20220823_033000.WAV,Telephone Field,recover-20220825,002,1795
1637.4815,1637.5216,68437,82690,Rhinolophus ferrumequinum,0.028,0.028,-1,Echolocation,/mnt/ubna_data_01_mir/recover-20220825/UBNA_002/20220823_033000.WAV,Telephone Field,recover-20220825,002,1795
1637.5045,1637.5431,68437,81861,Rhinolophus ferrumequinum,0.022,0.022,-1,Echolocation,/mnt/ubna_data_01_mir/recover-20220825/UBNA_002/20220823_033000.WAV,Telephone Field,recover-20220825,002,1795
1637.5415,1637.5497,44375,51683,Pipistrellus pipistrellus,0.019,0.023,-1,Echolocation,/mnt/ubna_data_01_mir/recover-20220825/UBNA_002/20220823_033000.WAV,Telephone Field,recover-20220825,002,1795
1637.5615,1637.5989,68437,82143,Rhinolophus ferrumequinum,0.023,0.023,-1,Echolocation,/mnt/ubna_data_01_mir/recover-20220825/UBNA_002/20220823_033000.WAV,Telephone Field,recover-20220825,002,1795
1637.6025,1637.6436,68437,82914,Rhinolophus ferrumequinum,0.03,0.03,-1,Echolocation,/mnt/ubna_data_01_mir/recover-20220825/UBNA_002/20220823_033000.WAV,Telephone Field,recover-20220825,002,1795
1637.6445,1637.6525,28906,40557,Eptesicus serotinus,0.007,0.022,-1,Echolocation,/mnt/ubna_data_01_mir/recover-20220825/UBNA_002/20220823_033000.WAV,Telephone Field,recover-20220825,002,1795
1637.6655,1637.6749,24609,31426,Nyctalus leisleri,0.007,0.022,-1,Echolocation,/mnt/ubna_data_01_mir/recover-20220825/UBNA_002/20220823_033000.WAV,Telephone Field,recover-20220825,002,1795
1637.6745,1637.7108,68437,81097,Rhinolophus ferrumequinum,0.022,0.022,-1,Echolocation,/mnt/ubna_data_01_mir/recover-20220825/UBNA_002/20220823_033000.WAV,Telephone Field,recover-20220825,002,1795
1637.6895,1637.73,68437,82633,Rhinolophus ferrumequinum,0.024,0.024,-1,Echolocation,/mnt/ubna_data_01_mir/recover-20220825/UBNA_002/20220823_033000.WAV,Telephone Field,recover-20220825,002,1795
1637.7445,1637.7526,46093,53593,Pipistrellus pipistrellus,0.021,0.025,-1,Echolocation,/mnt/ubna_data_01_mir/recover-20220825/UBNA_002/20220823_033000.WAV,Telephone Field,recover-20220825,002,1795
1637.7465,1637.7568,28046,39999,Eptesicus serotinus,0.013,0.027,-1,Echolocation,/mnt/ubna_data_01_mir/recover-20220825/UBNA_002/20220823_033000.WAV,Telephone Field,recover-20220825,002,1795
1637.7495,1637.7912,68437,83043,Rhinolophus ferrumequinum,0.035,0.035,-1,Echolocation,/mnt/ubna_data_01_mir/recover-20220825/UBNA_002/20220823_033000.WAV,Telephone Field,recover-20220825,002,1795
1637.7665,1637.8064,68437,82648,Rhinolophus ferrumequinum,0.027,0.027,-1,Echolocation,/mnt/ubna_data_01_mir/recover-20220825/UBNA_002/20220823_033000.WAV,Telephone Field,recover-20220825,002,1795
1637.7855,1637.8042,22890,26416,Nyctalus leisleri,0.017,0.03,-1,Echolocation,/mnt/ubna_data_01_mir/recover-20220825/UBNA_002/20220823_033000.WAV,Telephone Field,recover-20220825,002,1795
1637.8275,1637.8658,68437,82038,Rhinolophus ferrumequinum,0.023,0.023,-1,Echolocation,/mnt/ubna_data_01_mir/recover-20220825/UBNA_002/20220823_033000.WAV,Telephone Field,recover-20220825,002,1795
1637.8785,1637.8872,29765,41047,Eptesicus serotinus,0.008,0.022,-1,Echolocation,/mnt/ubna_data_01_mir/recover-20220825/UBNA_002/20220823_033000.WAV,Telephone Field,recover-20220825,002,1795
1637.8945,1637.9342,68437,81706,Rhinolophus ferrumequinum,0.022,0.022,-1,Echolocation,/mnt/ubna_data_01_mir/recover-20220825/UBNA_002/20220823_033000.WAV,Telephone Field,recover-20220825,002,1795
1637.8985,1637.906,23750,31798,Plecotus austriacus,0.01,0.023,-1,Echolocation,/mnt/ubna_data_01_mir/recover-20220825/UBNA_002/20220823_033000.WAV,Telephone Field,recover-20220825,002,1795
1637.9235,1637.9593,68437,80978,Rhinolophus ferrumequinum,0.026,0.026,-1,Echolocation,/mnt/ubna_data_01_mir/recover-20220825/UBNA_002/20220823_033000.WAV,Telephone Field,recover-20220825,002,1795
1637.9325,1637.9727,68437,82266,Rhinolophus ferrumequinum,0.025,0.025,-1,Echolocation,/mnt/ubna_data_01_mir/recover-20220825/UBNA_002/20220823_033000.WAV,Telephone Field,recover-20220825,002,1795
1637.9385,1637.9466,28046,39399,Eptesicus serotinus,0.01,0.025,-1,Echolocation,/mnt/ubna_data_01_mir/recover-20220825/UBNA_002/20220823_033000.WAV,Telephone Field,recover-20220825,002,1795
1637.9465,1637.9864,68437,81920,Rhinolophus ferrumequinum,0.023,0.023,-1,Echolocation,/mnt/ubna_data_01_mir/recover-20220825/UBNA_002/20220823_033000.WAV,Telephone Field,recover-20220825,002,1795
1637.9485,1637.9572,22890,29972,Plecotus austriacus,0.01,0.024,-1,Echolocation,/mnt/ubna_data_01_mir/recover-20220825/UBNA_002/20220823_033000.WAV,Telephone Field,recover-20220825,002,1795
1637.9625,1637.9687,23750,41178,Plecotus austriacus,0.011,0.03,-1,Echolocation,/mnt/ubna_data_01_mir/recover-20220825/UBNA_002/20220823_033000.WAV,Telephone Field,recover-20220825,002,1795
1637.9635,1637.9693,33203,46608,Myotis daubentonii,0.017,0.041,-1,Echolocation,/mnt/ubna_data_01_mir/recover-20220825/UBNA_002/20220823_033000.WAV,Telephone Field,recover-20220825,002,1795
1637.9795,1637.9896,23750,29817,Nyctalus leisleri,0.009,0.022,-1,Echolocation,/mnt/ubna_data_01_mir/recover-20220825/UBNA_002/20220823_033000.WAV,Telephone Field,recover-20220825,002,1795
1638.0015,1638.0327,68437,80158,Rhinolophus ferrumequinum,0.044,0.044,-1,Echolocation,/mnt/ubna_data_01_mir/recover-20220825/UBNA_002/20220823_033000.WAV,Telephone Field,recover-20220825,002,1795
1638.0015,1638.0103,27187,37075,Nyctalus leisleri,0.006,0.025,-1,Echolocation,/mnt/ubna_data_01_mir/recover-20220825/UBNA_002/20220823_033000.WAV,Telephone Field,recover-20220825,002,1795
1638.0155,1638.0249,27187,35448,Eptesicus serotinus,0.02,0.038,-1,Echolocation,/mnt/ubna_data_01_mir/recover-20220825/UBNA_002/20220823_033000.WAV,Telephone Field,recover-20220825,002,1795
1638.0395,1638.0786,68437,81770,Rhinolophus ferrumequinum,0.025,0.025,-1,Echolocation,/mnt/ubna_data_01_mir/recover-20220825/UBNA_002/20220823_033000.WAV,Telephone Field,recover-20220825,002,1795
1638.0595,1638.1015,68437,82775,Rhinolophus ferrumequinum,0.022,0.022,-1,Echolocation,/mnt/ubna_data_01_mir/recover-20220825/UBNA_002/20220823_033000.WAV,Telephone Field,recover-20220825,002,1795
1638.0765,1638.089,28906,36071,Eptesicus serotinus,0.017,0.029,-1,Echolocation,/mnt/ubna_data_01_mir/recover-20220825/UBNA_002/20220823_033000.WAV,Telephone Field,recover-20220825,002,1795
1638.1325,1638.1749,68437,82894,Rhinolophus ferrumequinum,0.039,0.039,-1,Echolocation,/mnt/ubna_data_01_mir/recover-20220825/UBNA_002/20220823_033000.WAV,Telephone Field,recover-20220825,002,1795
1638.1955,1638.205,28046,36847,Eptesicus serotinus,0.009,0.022,-1,Echolocation,/mnt/ubna_data_01_mir/recover-20220825/UBNA_002/20220823_033000.WAV,Telephone Field,recover-20220825,002,1795
1638.2125,1638.249,68437,82266,Rhinolophus ferrumequinum,0.025,0.025,-1,Echolocation,/mnt/ubna_data_01_mir/recover-20220825/UBNA_002/20220823_033000.WAV,Telephone Field,recover-20220825,002,1795
1638.2315,1638.2695,68437,82273,Rhinolophus ferrumequinum,0.024,0.024,-1,Echolocation,/mnt/ubna_data_01_mir/recover-20220825/UBNA_002/20220823_033000.WAV,Telephone Field,recover-20220825,002,1795
1638.2375,1638.2758,68437,82189,Rhinolophus ferrumequinum,0.023,0.023,-1,Echolocation,/mnt/ubna_data_01_mir/recover-20220825/UBNA_002/20220823_033000.WAV,Telephone Field,recover-20220825,002,1795
1638.2825,1638.321,68437,82224,Rhinolophus ferrumequinum,0.022,0.022,-1,Echolocation,/mnt/ubna_data_01_mir/recover-20220825/UBNA_002/20220823_033000.WAV,Telephone Field,recover-20220825,002,1795
1638.3525,1638.3599,50390,55415,Pipistrellus pipistrellus,0.021,0.023,-1,Echolocation,/mnt/ubna_data_01_mir/recover-20220825/UBNA_002/20220823_033000.WAV,Telephone Field,recover-20220825,002,1795
1638.3635,1638.3735,23750,31260,Nyctalus leisleri,0.009,0.026,-1,Echolocation,/mnt/ubna_data_01_mir/recover-20220825/UBNA_002/20220823_033000.WAV,Telephone Field,recover-20220825,002,1795
1638.4245,1638.4651,68437,82629,Rhinolophus ferrumequinum,0.024,0.024,-1,Echolocation,/mnt/ubna_data_01_mir/recover-20220825/UBNA_002/20220823_033000.WAV,Telephone Field,recover-20220825,002,1795
1638.4315,1638.4394,46953,54491,Pipistrellus pipistrellus,0.02,0.022,-1,Echolocation,/mnt/ubna_data_01_mir/recover-20220825/UBNA_002/20220823_033000.WAV,Telephone Field,recover-20220825,002,1795
1638.4505,1638.4901,68437,82588,Rhinolophus ferrumequinum,0.022,0.022,-1,Echolocation,/mnt/ubna_data_01_mir/recover-20220825/UBNA_002/20220823_033000.WAV,Telephone Field,recover-20220825,002,1795
1638.5085,1638.5188,23750,29910,Nyctalus leisleri,0.008,0.022,-1,Echolocation,/mnt/ubna_data_01_mir/recover-20220825/UBNA_002/20220823_033000.WAV,Telephone Field,recover-20220825,002,1795
1638.5145,1638.5564,68437,83235,Rhinolophus ferrumequinum,0.034,0.034,-1,Echolocation,/mnt/ubna_data_01_mir/recover-20220825/UBNA_002/20220823_033000.WAV,Telephone Field,recover-20220825,002,1795
1638.5545,1638.5656,23750,29261,Nyctalus leisleri,0.011,0.023,-1,Echolocation,/mnt/ubna_data_01_mir/recover-20220825/UBNA_002/20220823_033000.WAV,Telephone Field,recover-20220825,002,1795
1638.5845,1638.6238,68437,82256,Rhinolophus ferrumequinum,0.022,0.022,-1,Echolocation,/mnt/ubna_data_01_mir/recover-20220825/UBNA_002/20220823_033000.WAV,Telephone Field,recover-20220825,002,1795
1638.6105,1638.6486,68437,81870,Rhinolophus ferrumequinum,0.022,0.022,-1,Echolocation,/mnt/ubna_data_01_mir/recover-20220825/UBNA_002/20220823_033000.WAV,Telephone Field,recover-20220825,002,1795
1638.6195,1638.6255,24609,34529,Plecotus austriacus,0.01,0.026,-1,Echolocation,/mnt/ubna_data_01_mir/recover-20220825/UBNA_002/20220823_033000.WAV,Telephone Field,recover-20220825,002,1795
1638.6475,1638.6871,68437,81622,Rhinolophus ferrumequinum,0.024,0.024,-1,Echolocation,/mnt/ubna_data_01_mir/recover-20220825/UBNA_002/20220823_033000.WAV,Telephone Field,recover-20220825,002,1795
1638.6645,1638.6761,43515,47623,Pipistrellus pipistrellus,0.02,0.025,-1,Echolocation,/mnt/ubna_data_01_mir/recover-20220825/UBNA_002/20220823_033000.WAV,Telephone Field,recover-20220825,002,1795
1638.6685,1638.6759,27187,37366,Eptesicus serotinus,0.007,0.022,-1,Echolocation,/mnt/ubna_data_01_mir/recover-20220825/UBNA_002/20220823_033000.WAV,Telephone Field,recover-20220825,002,1795
1638.6695,1638.7094,68437,82818,Rhinolophus ferrumequinum,0.024,0.024,-1,Echolocation,/mnt/ubna_data_01_mir/recover-20220825/UBNA_002/20220823_033000.WAV,Telephone Field,recover-20220825,002,1795
1638.6905,1638.7303,68437,82860,Rhinolophus ferrumequinum,0.025,0.025,-1,Echolocation,/mnt/ubna_data_01_mir/recover-20220825/UBNA_002/20220823_033000.WAV,Telephone Field,recover-20220825,002,1795
1638.6975,1638.7084,22890,29303,Nyctalus leisleri,0.015,0.036,-1,Echolocation,/mnt/ubna_data_01_mir/recover-20220825/UBNA_002/20220823_033000.WAV,Telephone Field,recover-20220825,002,1795
1638.7345,1638.7723,68437,82493,Rhinolophus ferrumequinum,0.022,0.022,-1,Echolocation,/mnt/ubna_data_01_mir/recover-20220825/UBNA_002/20220823_033000.WAV,Telephone Field,recover-20220825,002,1795
1638.7505,1638.7899,68437,82496,Rhinolophus ferrumequinum,0.025,0.025,-1,Echolocation,/mnt/ubna_data_01_mir/recover-20220825/UBNA_002/20220823_033000.WAV,Telephone Field,recover-20220825,002,1795
1638.7515,1638.7588,28046,45252,Eptesicus serotinus,0.01,0.031,-1,Echolocation,/mnt/ubna_data_01_mir/recover-20220825/UBNA_002/20220823_033000.WAV,Telephone Field,recover-20220825,002,1795
1638.7955,1638.8311,68437,81657,Rhinolophus ferrumequinum,0.023,0.023,-1,Echolocation,/mnt/ubna_data_01_mir/recover-20220825/UBNA_002/20220823_033000.WAV,Telephone Field,recover-20220825,002,1795
1638.8315,1638.8381,28046,39596,Eptesicus serotinus,0.005,0.021,-1,Echolocation,/mnt/ubna_data_01_mir/recover-20220825/UBNA_002/20220823_033000.WAV,Telephone Field,recover-20220825,002,1795
1638.8825,1638.9249,68437,82737,Rhinolophus ferrumequinum,0.029,0.029,-1,Echolocation,/mnt/ubna_data_01_mir/recover-20220825/UBNA_002/20220823_033000.WAV,Telephone Field,recover-20220825,002,1795
1638.9325,1638.9705,68437,82217,Rhinolophus ferrumequinum,0.022,0.022,-1,Echolocation,/mnt/ubna_data_01_mir/recover-20220825/UBNA_002/20220823_033000.WAV,Telephone Field,recover-20220825,002,1795
1638.9355,1638.9439,50390,55743,Pipistrellus pipistrellus,0.029,0.035,-1,Echolocation,/mnt/ubna_data_01_mir/recover-20220825/UBNA_002/20220823_033000.WAV,Telephone Field,recover-20220825,002,1795
1638.9685,1639.009,68437,82868,Rhinolophus ferrumequinum,0.026,0.026,-1,Echolocation,/mnt/ubna_data_01_mir/recover-20220825/UBNA_002/20220823_033000.WAV,Telephone Field,recover-20220825,002,1795
1638.9705,1638.9844,22031,26475,Nyctalus leisleri,0.017,0.034,-1,Echolocation,/mnt/ubna_data_01_mir/recover-20220825/UBNA_002/20220823_033000.WAV,Telephone Field,recover-20220825,002,1795
1638.9845,1638.9929,22890,30659,Plecotus austriacus,0.01,0.023,-1,Echolocation,/mnt/ubna_data_01_mir/recover-20220825/UBNA_002/20220823_033000.WAV,Telephone Field,recover-20220825,002,1795
1638.9975,1639.0381,68437,82699,Rhinolophus ferrumequinum,0.027,0.027,-1,Echolocation,/mnt/ubna_data_01_mir/recover-20220825/UBNA_002/20220823_033000.WAV,Telephone Field,recover-20220825,002,1795
1639.0315,1639.0748,68437,83590,Rhinolophus ferrumequinum,0.03,0.03,-1,Echolocation,/mnt/ubna_data_01_mir/recover-20220825/UBNA_002/20220823_033000.WAV,Telephone Field,recover-20220825,002,1795
1639.0615,1639.0694,22890,31488,Plecotus austriacus,0.015,0.03,-1,Echolocation,/mnt/ubna_data_01_mir/recover-20220825/UBNA_002/20220823_033000.WAV,Telephone Field,recover-20220825,002,1795
1639.0675,1639.1061,68437,82392,Rhinolophus ferrumequinum,0.022,0.022,-1,Echolocation,/mnt/ubna_data_01_mir/recover-20220825/UBNA_002/20220823_033000.WAV,Telephone Field,recover-20220825,002,1795
1639.1015,1639.1136,15156,20867,Nyctalus noctula,0.014,0.023,-1,Echolocation,/mnt/ubna_data_01_mir/recover-20220825/UBNA_002/20220823_033000.WAV,Telephone Field,recover-20220825,002,1795
1639.1155,1639.1571,68437,82434,Rhinolophus ferrumequinum,0.023,0.023,-1,Echolocation,/mnt/ubna_data_01_mir/recover-20220825/UBNA_002/20220823_033000.WAV,Telephone Field,recover-20220825,002,1795
1639.1645,1639.2069,68437,82872,Rhinolophus ferrumequinum,0.024,0.024,-1,Echolocation,/mnt/ubna_data_01_mir/recover-20220825/UBNA_002/20220823_033000.WAV,Telephone Field,recover-20220825,002,1795
1639.1805,1639.1912,22890,28491,Nyctalus leisleri,0.01,0.024,-1,Echolocation,/mnt/ubna_data_01_mir/recover-20220825/UBNA_002/20220823_033000.WAV,Telephone Field,recover-20220825,002,1795
1639.2385,1639.2784,68437,82285,Rhinolophus ferrumequinum,0.024,0.024,-1,Echolocation,/mnt/ubna_data_01_mir/recover-20220825/UBNA_002/20220823_033000.WAV,Telephone Field,recover-20220825,002,1795
1639.2495,1639.2572,24609,32660,Plecotus austriacus,0.008,0.024,-1,Echolocation,/mnt/ubna_data_01_mir/recover-20220825/UBNA_002/20220823_033000.WAV,Telephone Field,recover-20220825,002,1795
1639.2625,1639.3022,68437,82321,Rhinolophus ferrumequinum,0.03,0.03,-1,Echolocation,/mnt/ubna_data_01_mir/recover-20220825/UBNA_002/20220823_033000.WAV,Telephone Field,recover-20220825,002,1795
1639.3135,1639.3536,68437,82754,Rhinolophus ferrumequinum,0.034,0.034,-1,Echolocation,/mnt/ubna_data_01_mir/recover-20220825/UBNA_002/20220823_033000.WAV,Telephone Field,recover-20220825,002,1795
1639.3755,1639.3833,27187,38139,Eptesicus serotinus,0.007,0.022,-1,Echolocation,/mnt/ubna_data_01_mir/recover-20220825/UBNA_002/20220823_033000.WAV,Telephone Field,recover-20220825,002,1795
1639.3895,1639.3968,29765,39740,Myotis daubentonii,0.006,0.022,-1,Echolocation,/mnt/ubna_data_01_mir/recover-20220825/UBNA_002/20220823_033000.WAV,Telephone Field,recover-20220825,002,1795
1639.4065,1639.4453,68437,82070,Rhinolophus ferrumequinum,0.022,0.022,-1,Echolocation,/mnt/ubna_data_01_mir/recover-20220825/UBNA_002/20220823_033000.WAV,Telephone Field,recover-20220825,002,1795
1639.4465,1639.4553,28046,38178,Eptesicus serotinus,0.023,0.048,-1,Echolocation,/mnt/ubna_data_01_mir/recover-20220825/UBNA_002/20220823_033000.WAV,Telephone Field,recover-20220825,002,1795
1639.4585,1639.4692,24609,31315,Nyctalus leisleri,0.008,0.022,-1,Echolocation,/mnt/ubna_data_01_mir/recover-20220825/UBNA_002/20220823_033000.WAV,Telephone Field,recover-20220825,002,1795
1639.4815,1639.5229,68437,82603,Rhinolophus ferrumequinum,0.024,0.024,-1,Echolocation,/mnt/ubna_data_01_mir/recover-20220825/UBNA_002/20220823_033000.WAV,Telephone Field,recover-20220825,002,1795
1639.5215,1639.5634,68437,82758,Rhinolophus ferrumequinum,0.027,0.027,-1,Echolocation,/mnt/ubna_data_01_mir/recover-20220825/UBNA_002/20220823_033000.WAV,Telephone Field,recover-20220825,002,1795
1639.5515,1639.5915,68437,82421,Rhinolophus ferrumequinum,0.025,0.025,-1,Echolocation,/mnt/ubna_data_01_mir/recover-20220825/UBNA_002/20220823_033000.WAV,Telephone Field,recover-20220825,002,1795
1639.6135,1639.6522,68437,82189,Rhinolophus ferrumequinum,0.024,0.024,-1,Echolocation,/mnt/ubna_data_01_mir/recover-20220825/UBNA_002/20220823_033000.WAV,Telephone Field,recover-20220825,002,1795
1639.6205,1639.6258,33203,48188,Myotis daubentonii,0.011,0.024,-1,Echolocation,/mnt/ubna_data_01_mir/recover-20220825/UBNA_002/20220823_033000.WAV,Telephone Field,recover-20220825,002,1795
1639.6205,1639.6274,28046,41942,Eptesicus serotinus,0.006,0.024,-1,Echolocation,/mnt/ubna_data_01_mir/recover-20220825/UBNA_002/20220823_033000.WAV,Telephone Field,recover-20220825,002,1795
1639.6845,1639.7231,68437,81817,Rhinolophus ferrumequinum,0.023,0.023,-1,Echolocation,/mnt/ubna_data_01_mir/recover-20220825/UBNA_002/20220823_033000.WAV,Telephone Field,recover-20220825,002,1795
1639.7095,1639.751,68437,82985,Rhinolophus ferrumequinum,0.034,0.034,-1,Echolocation,/mnt/ubna_data_01_mir/recover-20220825/UBNA_002/20220823_033000.WAV,Telephone Field,recover-20220825,002,1795
1639.7265,1639.7349,22031,29828,Plecotus austriacus,0.013,0.03,-1,Echolocation,/mnt/ubna_data_01_mir/recover-20220825/UBNA_002/20220823_033000.WAV,Telephone Field,recover-20220825,002,1795
1639.7375,1639.7737,68437,81929,Rhinolophus ferrumequinum,0.023,0.023,-1,Echolocation,/mnt/ubna_data_01_mir/recover-20220825/UBNA_002/20220823_033000.WAV,Telephone Field,recover-20220825,002,1795
1639.7585,1639.8014,68437,83484,Rhinolophus ferrumequinum,0.03,0.03,-1,Echolocation,/mnt/ubna_data_01_mir/recover-20220825/UBNA_002/20220823_033000.WAV,Telephone Field,recover-20220825,002,1795
1639.7715,1639.7829,23750,29701,Nyctalus leisleri,0.01,0.022,-1,Echolocation,/mnt/ubna_data_01_mir/recover-20220825/UBNA_002/20220823_033000.WAV,Telephone Field,recover-20220825,002,1795
1639.7945,1639.8339,68437,82516,Rhinolophus ferrumequinum,0.022,0.022,-1,Echolocation,/mnt/ubna_data_01_mir/recover-20220825/UBNA_002/20220823_033000.WAV,Telephone Field,recover-20220825,002,1795
1639.8005,1639.8102,22890,29827,Plecotus austriacus,0.009,0.028,-1,Echolocation,/mnt/ubna_data_01_mir/recover-20220825/UBNA_002/20220823_033000.WAV,Telephone Field,recover-20220825,002,1795
1639.8395,1639.8468,28906,39654,Eptesicus serotinus,0.008,0.029,-1,Echolocation,/mnt/ubna_data_01_mir/recover-20220825/UBNA_002/20220823_033000.WAV,Telephone Field,recover-20220825,002,1795
1639.8805,1639.8883,23750,32376,Plecotus austriacus,0.014,0.03,-1,Echolocation,/mnt/ubna_data_01_mir/recover-20220825/UBNA_002/20220823_033000.WAV,Telephone Field,recover-20220825,002,1795
1639.9825,1639.9923,23750,31075,Nyctalus leisleri,0.009,0.029,-1,Echolocation,/mnt/ubna_data_01_mir/recover-20220825/UBNA_002/20220823_033000.WAV,Telephone Field,recover-20220825,002,1795
1640.0015,1640.0094,32343,42710,Myotis daubentonii,0.008,0.023,-1,Echolocation,/mnt/ubna_data_01_mir/recover-20220825/UBNA_002/20220823_033000.WAV,Telephone Field,recover-20220825,002,1795
1640.0015,1640.0114,22890,29545,Nyctalus leisleri,0.014,0.036,-1,Echolocation,/mnt/ubna_data_01_mir/recover-20220825/UBNA_002/20220823_033000.WAV,Telephone Field,recover-20220825,002,1795
1640.0015,1640.032,69296,81373,Rhinolophus ferrumequinum,0.033,0.033,-1,Echolocation,/mnt/ubna_data_01_mir/recover-20220825/UBNA_002/20220823_033000.WAV,Telephone Field,recover-20220825,002,1795
1640.0015,1640.0134,54687,60063,Pipistrellus pygmaeus,0.016,0.021,-1,Echolocation,/mnt/ubna_data_01_mir/recover-20220825/UBNA_002/20220823_033000.WAV,Telephone Field,recover-20220825,002,1795
1640.0665,1640.1051,68437,82082,Rhinolophus ferrumequinum,0.02,0.02,-1,Echolocation,/mnt/ubna_data_01_mir/recover-20220825/UBNA_002/20220823_033000.WAV,Telephone Field,recover-20220825,002,1795
1640.0665,1640.0763,24609,31297,Nyctalus leisleri,0.007,0.021,-1,Echolocation,/mnt/ubna_data_01_mir/recover-20220825/UBNA_002/20220823_033000.WAV,Telephone Field,recover-20220825,002,1795
1640.1205,1640.1586,68437,81728,Rhinolophus ferrumequinum,0.025,0.025,-1,Echolocation,/mnt/ubna_data_01_mir/recover-20220825/UBNA_002/20220823_033000.WAV,Telephone Field,recover-20220825,002,1795
1640.1345,1640.1726,68437,82018,Rhinolophus ferrumequinum,0.02,0.02,-1,Echolocation,/mnt/ubna_data_01_mir/recover-20220825/UBNA_002/20220823_033000.WAV,Telephone Field,recover-20220825,002,1795
1640.1845,1640.227,68437,82717,Rhinolophus ferrumequinum,0.023,0.023,-1,Echolocation,/mnt/ubna_data_01_mir/recover-20220825/UBNA_002/20220823_033000.WAV,Telephone Field,recover-20220825,002,1795
1640.2045,1640.2165,56406,63082,Pipistrellus pygmaeus,0.02,0.021,-1,Echolocation,/mnt/ubna_data_01_mir/recover-20220825/UBNA_002/20220823_033000.WAV,Telephone Field,recover-20220825,002,1795
1640.2085,1640.2494,68437,82562,Rhinolophus ferrumequinum,0.022,0.022,-1,Echolocation,/mnt/ubna_data_01_mir/recover-20220825/UBNA_002/20220823_033000.WAV,Telephone Field,recover-20220825,002,1795
1640.2325,1640.2708,68437,81886,Rhinolophus ferrumequinum,0.02,0.021,-1,Echolocation,/mnt/ubna_data_01_mir/recover-20220825/UBNA_002/20220823_033000.WAV,Telephone Field,recover-20220825,002,1795
1640.2495,1640.2882,68437,82077,Rhinolophus ferrumequinum,0.021,0.021,-1,Echolocation,/mnt/ubna_data_01_mir/recover-20220825/UBNA_002/20220823_033000.WAV,Telephone Field,recover-20220825,002,1795
1640.2905,1640.3286,68437,82228,Rhinolophus ferrumequinum,0.021,0.021,-1,Echolocation,/mnt/ubna_data_01_mir/recover-20220825/UBNA_002/20220823_033000.WAV,Telephone Field,recover-20220825,002,1795
1640.3165,1640.35,68437,80765,Rhinolophus ferrumequinum,0.02,0.02,-1,Echolocation,/mnt/ubna_data_01_mir/recover-20220825/UBNA_002/20220823_033000.WAV,Telephone Field,recover-20220825,002,1795
1640.3295,1640.3666,68437,81941,Rhinolophus ferrumequinum,0.022,0.023,-1,Echolocation,/mnt/ubna_data_01_mir/recover-20220825/UBNA_002/20220823_033000.WAV,Telephone Field,recover-20220825,002,1795
1640.3485,1640.3578,25468,33362,Eptesicus serotinus,0.009,0.024,-1,Echolocation,/mnt/ubna_data_01_mir/recover-20220825/UBNA_002/20220823_033000.WAV,Telephone Field,recover-20220825,002,1795
1640.3575,1640.39,68437,80120,Rhinolophus ferrumequinum,0.022,0.023,-1,Echolocation,/mnt/ubna_data_01_mir/recover-20220825/UBNA_002/20220823_033000.WAV,Telephone Field,recover-20220825,002,1795
1640.3715,1640.412,68437,82556,Rhinolophus ferrumequinum,0.028,0.028,-1,Echolocation,/mnt/ubna_data_01_mir/recover-20220825/UBNA_002/20220823_033000.WAV,Telephone Field,recover-20220825,002,1795
1640.4095,1640.4217,26328,32373,Eptesicus serotinus,0.019,0.045,-1,Echolocation,/mnt/ubna_data_01_mir/recover-20220825/UBNA_002/20220823_033000.WAV,Telephone Field,recover-20220825,002,1795
1640.4315,1640.4719,68437,82256,Rhinolophus ferrumequinum,0.023,0.023,-1,Echolocation,/mnt/ubna_data_01_mir/recover-20220825/UBNA_002/20220823_033000.WAV,Telephone Field,recover-20220825,002,1795
1640.4325,1640.4406,28906,38988,Eptesicus serotinus,0.008,0.022,-1,Echolocation,/mnt/ubna_data_01_mir/recover-20220825/UBNA_002/20220823_033000.WAV,Telephone Field,recover-20220825,002,1795
1640.4695,1640.5081,68437,82132,Rhinolophus ferrumequinum,0.02,0.02,-1,Echolocation,/mnt/ubna_data_01_mir/recover-20220825/UBNA_002/20220823_033000.WAV,Telephone Field,recover-20220825,002,1795
1640.4765,1640.4857,23750,30542,Nyctalus leisleri,0.007,0.021,-1,Echolocation,/mnt/ubna_data_01_mir/recover-20220825/UBNA_002/20220823_033000.WAV,Telephone Field,recover-20220825,002,1795
1640.4865,1640.5194,68437,80795,Rhinolophus ferrumequinum,0.027,0.027,-1,Echolocation,/mnt/ubna_data_01_mir/recover-20220825/UBNA_002/20220823_033000.WAV,Telephone Field,recover-20220825,002,1795
1640.5265,1640.5356,28906,38687,Eptesicus serotinus,0.011,0.025,-1,Echolocation,/mnt/ubna_data_01_mir/recover-20220825/UBNA_002/20220823_033000.WAV,Telephone Field,recover-20220825,002,1795
1640.5675,1640.6097,68437,83229,Rhinolophus ferrumequinum,0.049,0.049,-1,Echolocation,/mnt/ubna_data_01_mir/recover-20220825/UBNA_002/20220823_033000.WAV,Telephone Field,recover-20220825,002,1795
1640.5915,1640.6336000000001,68437,82681,Rhinolophus ferrumequinum,0.023,0.023,-1,Echolocation,/mnt/ubna_data_01_mir/recover-20220825/UBNA_002/20220823_033000.WAV,Telephone Field,recover-20220825,002,1795
1640.6125,1640.6525,68437,82363,Rhinolophus ferrumequinum,0.026,0.026,-1,Echolocation,/mnt/ubna_data_01_mir/recover-20220825/UBNA_002/20220823_033000.WAV,Telephone Field,recover-20220825,002,1795
1640.6175,1640.6267,28906,39895,Eptesicus serotinus,0.009,0.022,-1,Echolocation,/mnt/ubna_data_01_mir/recover-20220825/UBNA_002/20220823_033000.WAV,Telephone Field,recover-20220825,002,1795
1640.6315,1640.6652,68437,80848,Rhinolophus ferrumequinum,0.021,0.021,-1,Echolocation,/mnt/ubna_data_01_mir/recover-20220825/UBNA_002/20220823_033000.WAV,Telephone Field,recover-20220825,002,1795
1640.6615,1640.6965,68437,81968,Rhinolophus ferrumequinum,0.026,0.026,-1,Echolocation,/mnt/ubna_data_01_mir/recover-20220825/UBNA_002/20220823_033000.WAV,Telephone Field,recover-20220825,002,1795
1640.6995,1640.7088,22890,29686,Nyctalus leisleri,0.007,0.02,-1,Echolocation,/mnt/ubna_data_01_mir/recover-20220825/UBNA_002/20220823_033000.WAV,Telephone Field,recover-20220825,002,1795
1640.7005,1640.7398,68437,81691,Rhinolophus ferrumequinum,0.026,0.026,-1,Echolocation,/mnt/ubna_data_01_mir/recover-20220825/UBNA_002/20220823_033000.WAV,Telephone Field,recover-20220825,002,1795
1640.7155,1640.7252,22890,28040,Nyctalus leisleri,0.01,0.022,-1,Echolocation,/mnt/ubna_data_01_mir/recover-20220825/UBNA_002/20220823_033000.WAV,Telephone Field,recover-20220825,002,1795
1640.7245,1640.7646,68437,82403,Rhinolophus ferrumequinum,0.021,0.021,-1,Echolocation,/mnt/ubna_data_01_mir/recover-20220825/UBNA_002/20220823_033000.WAV,Telephone Field,recover-20220825,002,1795
1640.7555,1640.7962,68437,82595,Rhinolophus ferrumequinum,0.022,0.022,-1,Echolocation,/mnt/ubna_data_01_mir/recover-20220825/UBNA_002/20220823_033000.WAV,Telephone Field,recover-20220825,002,1795
1640.7635,1640.7827,19453,22924,Nyctalus noctula,0.029,0.056,-1,Echolocation,/mnt/ubna_data_01_mir/recover-20220825/UBNA_002/20220823_033000.WAV,Telephone Field,recover-20220825,002,1795
1640.7865,1640.826,68437,81715,Rhinolophus ferrumequinum,0.023,0.023,-1,Echolocation,/mnt/ubna_data_01_mir/recover-20220825/UBNA_002/20220823_033000.WAV,Telephone Field,recover-20220825,002,1795
1640.8215,1640.8607,68437,82789,Rhinolophus ferrumequinum,0.022,0.022,-1,Echolocation,/mnt/ubna_data_01_mir/recover-20220825/UBNA_002/20220823_033000.WAV,Telephone Field,recover-20220825,002,1795
1640.8315,1640.8732,68437,82464,Rhinolophus ferrumequinum,0.022,0.022,-1,Echolocation,/mnt/ubna_data_01_mir/recover-20220825/UBNA_002/20220823_033000.WAV,Telephone Field,recover-20220825,002,1795
1640.8415,1640.8486,24609,37368,Plecotus austriacus,0.013,0.035,-1,Echolocation,/mnt/ubna_data_01_mir/recover-20220825/UBNA_002/20220823_033000.WAV,Telephone Field,recover-20220825,002,1795
1640.8885,1640.896,22890,31374,Plecotus austriacus,0.013,0.026,-1,Echolocation,/mnt/ubna_data_01_mir/recover-20220825/UBNA_002/20220823_033000.WAV,Telephone Field,recover-20220825,002,1795
1640.8985,1640.9387,68437,82557,Rhinolophus ferrumequinum,0.03,0.03,-1,Echolocation,/mnt/ubna_data_01_mir/recover-20220825/UBNA_002/20220823_033000.WAV,Telephone Field,recover-20220825,002,1795
1640.9245,1640.9614,68437,81049,Rhinolophus ferrumequinum,0.021,0.021,-1,Echolocation,/mnt/ubna_data_01_mir/recover-20220825/UBNA_002/20220823_033000.WAV,Telephone Field,recover-20220825,002,1795
1640.9485,1640.9595,22890,27221,Nyctalus leisleri,0.016,0.028,-1,Echolocation,/mnt/ubna_data_01_mir/recover-20220825/UBNA_002/20220823_033000.WAV,Telephone Field,recover-20220825,002,1795
1640.9655,1641.002,68437,81806,Rhinolophus ferrumequinum,0.021,0.021,-1,Echolocation,/mnt/ubna_data_01_mir/recover-20220825/UBNA_002/20220823_033000.WAV,Telephone Field,recover-20220825,002,1795
1640.9795,1641.0209,68437,82933,Rhinolophus ferrumequinum,0.025,0.025,-1,Echolocation,/mnt/ubna_data_01_mir/recover-20220825/UBNA_002/20220823_033000.WAV,Telephone Field,recover-20220825,002,1795
1640.9865,1640.9974,23750,29780,Nyctalus leisleri,0.013,0.028,-1,Echolocation,/mnt/ubna_data_01_mir/recover-20220825/UBNA_002/20220823_033000.WAV,Telephone Field,recover-20220825,002,1795
1641.0435,1641.0848,68437,82788,Rhinolophus ferrumequinum,0.043,0.043,-1,Echolocation,/mnt/ubna_data_01_mir/recover-20220825/UBNA_002/20220823_033000.WAV,Telephone Field,recover-20220825,002,1795
1641.0575,1641.067,22031,27490,Nyctalus leisleri,0.008,0.021,-1,Echolocation,/mnt/ubna_data_01_mir/recover-20220825/UBNA_002/20220823_033000.WAV,Telephone Field,recover-20220825,002,1795
1641.0585,1641.0653,28046,38844,Eptesicus serotinus,0.005,0.021,-1,Echolocation,/mnt/ubna_data_01_mir/recover-20220825/UBNA_002/20220823_033000.WAV,Telephone Field,recover-20220825,002,1795
1641.0775,1641.088,23750,29999,Nyctalus leisleri,0.008,0.022,-1,Echolocation,/mnt/ubna_data_01_mir/recover-20220825/UBNA_002/20220823_033000.WAV,Telephone Field,recover-20220825,002,1795
1641.1495,1641.1885,68437,82398,Rhinolophus ferrumequinum,0.021,0.021,-1,Echolocation,/mnt/ubna_data_01_mir/recover-20220825/UBNA_002/20220823_033000.WAV,Telephone Field,recover-20220825,002,1795
1641.1595,1641.1696,22031,27636,Nyctalus leisleri,0.009,0.021,-1,Echolocation,/mnt/ubna_data_01_mir/recover-20220825/UBNA_002/20220823_033000.WAV,Telephone Field,recover-20220825,002,1795
1641.1595,1641.1665,28046,40288,Eptesicus serotinus,0.007,0.024,-1,Echolocation,/mnt/ubna_data_01_mir/recover-20220825/UBNA_002/20220823_033000.WAV,Telephone Field,recover-20220825,002,1795
1641.1685,1641.2059,68437,81670,Rhinolophus ferrumequinum,0.023,0.023,-1,Echolocation,/mnt/ubna_data_01_mir/recover-20220825/UBNA_002/20220823_033000.WAV,Telephone Field,recover-20220825,002,1795
1641.1785,1641.189,28046,36864,Eptesicus serotinus,0.012,0.024,-1,Echolocation,/mnt/ubna_data_01_mir/recover-20220825/UBNA_002/20220823_033000.WAV,Telephone Field,recover-20220825,002,1795
1641.1985,1641.2371,68437,81979,Rhinolophus ferrumequinum,0.021,0.021,-1,Echolocation,/mnt/ubna_data_01_mir/recover-20220825/UBNA_002/20220823_033000.WAV,Telephone Field,recover-20220825,002,1795
1641.1995,1641.2078,26328,35796,Eptesicus serotinus,0.009,0.023,-1,Echolocation,/mnt/ubna_data_01_mir/recover-20220825/UBNA_002/20220823_033000.WAV,Telephone Field,recover-20220825,002,1795
1641.2375,1641.2759,68437,81641,Rhinolophus ferrumequinum,0.022,0.022,-1,Echolocation,/mnt/ubna_data_01_mir/recover-20220825/UBNA_002/20220823_033000.WAV,Telephone Field,recover-20220825,002,1795
1641.2775,1641.3195,68437,82597,Rhinolophus ferrumequinum,0.026,0.026,-1,Echolocation,/mnt/ubna_data_01_mir/recover-20220825/UBNA_002/20220823_033000.WAV,Telephone Field,recover-20220825,002,1795
1641.2785,1641.2887,28046,37092,Eptesicus serotinus,0.009,0.022,-1,Echolocation,/mnt/ubna_data_01_mir/recover-20220825/UBNA_002/20220823_033000.WAV,Telephone Field,recover-20220825,002,1795
1641.3065,1641.3475,68437,82918,Rhinolophus ferrumequinum,0.024,0.024,-1,Echolocation,/mnt/ubna_data_01_mir/recover-20220825/UBNA_002/20220823_033000.WAV,Telephone Field,recover-20220825,002,1795
1641.3095,1641.3181,22890,29977,Plecotus austriacus,0.012,0.026,-1,Echolocation,/mnt/ubna_data_01_mir/recover-20220825/UBNA_002/20220823_033000.WAV,Telephone Field,recover-20220825,002,1795
1641.3755,1641.4148,68437,82379,Rhinolophus ferrumequinum,0.026,0.026,-1,Echolocation,/mnt/ubna_data_01_mir/recover-20220825/UBNA_002/20220823_033000.WAV,Telephone Field,recover-20220825,002,1795
1641.3895,1641.3988,28046,37758,Eptesicus serotinus,0.009,0.021,-1,Echolocation,/mnt/ubna_data_01_mir/recover-20220825/UBNA_002/20220823_033000.WAV,Telephone Field,recover-20220825,002,1795
1641.3985,1641.4061,28046,38274,Eptesicus serotinus,0.006,0.02,-1,Echolocation,/mnt/ubna_data_01_mir/recover-20220825/UBNA_002/20220823_033000.WAV,Telephone Field,recover-20220825,002,1795
1641.4145,1641.4604,68437,83830,Rhinolophus ferrumequinum,0.033,0.033,-1,Echolocation,/mnt/ubna_data_01_mir/recover-20220825/UBNA_002/20220823_033000.WAV,Telephone Field,recover-20220825,002,1795
1641.4145,1641.4236,27187,36692,Eptesicus serotinus,0.009,0.022,-1,Echolocation,/mnt/ubna_data_01_mir/recover-20220825/UBNA_002/20220823_033000.WAV,Telephone Field,recover-20220825,002,1795
1641.4215,1641.43,28046,39714,Eptesicus serotinus,0.008,0.021,-1,Echolocation,/mnt/ubna_data_01_mir/recover-20220825/UBNA_002/20220823_033000.WAV,Telephone Field,recover-20220825,002,1795
1641.4355,1641.4722,68437,82171,Rhinolophus ferrumequinum,0.022,0.022,-1,Echolocation,/mnt/ubna_data_01_mir/recover-20220825/UBNA_002/20220823_033000.WAV,Telephone Field,recover-20220825,002,1795
1641.5005,1641.5095,24609,32063,Eptesicus serotinus,0.007,0.023,-1,Echolocation,/mnt/ubna_data_01_mir/recover-20220825/UBNA_002/20220823_033000.WAV,Telephone Field,recover-20220825,002,1795
1641.5235,1641.5626,68437,82546,Rhinolophus ferrumequinum,0.022,0.022,-1,Echolocation,/mnt/ubna_data_01_mir/recover-20220825/UBNA_002/20220823_033000.WAV,Telephone Field,recover-20220825,002,1795
1641.6075,1641.6464,68437,82147,Rhinolophus ferrumequinum,0.021,0.021,-1,Echolocation,/mnt/ubna_data_01_mir/recover-20220825/UBNA_002/20220823_033000.WAV,Telephone Field,recover-20220825,002,1795
1641.6195,1641.6272,27187,40971,Eptesicus serotinus,0.008,0.023,-1,Echolocation,/mnt/ubna_data_01_mir/recover-20220825/UBNA_002/20220823_033000.WAV,Telephone Field,recover-20220825,002,1795
1641.6555,1641.6637,28046,37726,Eptesicus serotinus,0.007,0.02,-1,Echolocation,/mnt/ubna_data_01_mir/recover-20220825/UBNA_002/20220823_033000.WAV,Telephone Field,recover-20220825,002,1795
1641.6905,1641.6995,28906,38069,Eptesicus serotinus,0.009,0.024,-1,Echolocation,/mnt/ubna_data_01_mir/recover-20220825/UBNA_002/20220823_033000.WAV,Telephone Field,recover-20220825,002,1795
1641.6995,1641.7371,68437,81961,Rhinolophus ferrumequinum,0.02,0.02,-1,Echolocation,/mnt/ubna_data_01_mir/recover-20220825/UBNA_002/20220823_033000.WAV,Telephone Field,recover-20220825,002,1795
1641.7055,1641.7417,68437,81563,Rhinolophus ferrumequinum,0.021,0.021,-1,Echolocation,/mnt/ubna_data_01_mir/recover-20220825/UBNA_002/20220823_033000.WAV,Telephone Field,recover-20220825,002,1795
1641.7075,1641.7189,22031,26235,Nyctalus leisleri,0.014,0.026,-1,Echolocation,/mnt/ubna_data_01_mir/recover-20220825/UBNA_002/20220823_033000.WAV,Telephone Field,recover-20220825,002,1795
1641.7955,1641.833,68437,82210,Rhinolophus ferrumequinum,0.023,0.023,-1,Echolocation,/mnt/ubna_data_01_mir/recover-20220825/UBNA_002/20220823_033000.WAV,Telephone Field,recover-20220825,002,1795
1641.8205,1641.8606,68437,82751,Rhinolophus ferrumequinum,0.022,0.022,-1,Echolocation,/mnt/ubna_data_01_mir/recover-20220825/UBNA_002/20220823_033000.WAV,Telephone Field,recover-20220825,002,1795
1641.8825,1641.8903,28046,39867,Eptesicus serotinus,0.006,0.021,-1,Echolocation,/mnt/ubna_data_01_mir/recover-20220825/UBNA_002/20220823_033000.WAV,Telephone Field,recover-20220825,002,1795
1641.8955,1641.9292,68437,81246,Rhinolophus ferrumequinum,0.025,0.025,-1,Echolocation,/mnt/ubna_data_01_mir/recover-20220825/UBNA_002/20220823_033000.WAV,Telephone Field,recover-20220825,002,1795
1641.9195,1641.9566,68437,82570,Rhinolophus ferrumequinum,0.022,0.022,-1,Echolocation,/mnt/ubna_data_01_mir/recover-20220825/UBNA_002/20220823_033000.WAV,Telephone Field,recover-20220825,002,1795
1641.9555,1641.9917,68437,81889,Rhinolophus ferrumequinum,0.021,0.021,-1,Echolocation,/mnt/ubna_data_01_mir/recover-20220825/UBNA_002/20220823_033000.WAV,Telephone Field,recover-20220825,002,1795
1641.9855,1641.995,28046,37951,Eptesicus serotinus,0.009,0.02,-1,Echolocation,/mnt/ubna_data_01_mir/recover-20220825/UBNA_002/20220823_033000.WAV,Telephone Field,recover-20220825,002,1795
1642.0015,1642.015,23750,30144,Nyctalus leisleri,0.015,0.039,-1,Echolocation,/mnt/ubna_data_01_mir/recover-20220825/UBNA_002/20220823_033000.WAV,Telephone Field,recover-20220825,002,1795
1642.0015,1642.0364,68437,80111,Rhinolophus ferrumequinum,0.025,0.025,-1,Echolocation,/mnt/ubna_data_01_mir/recover-20220825/UBNA_002/20220823_033000.WAV,Telephone Field,recover-20220825,002,1795
1642.0015,1642.0129,46953,52862,Pipistrellus pipistrellus,0.021,0.027,-1,Echolocation,/mnt/ubna_data_01_mir/recover-20220825/UBNA_002/20220823_033000.WAV,Telephone Field,recover-20220825,002,1795
1642.0355,1642.0734,68437,81780,Rhinolophus ferrumequinum,0.022,0.022,-1,Echolocation,/mnt/ubna_data_01_mir/recover-20220825/UBNA_002/20220823_033000.WAV,Telephone Field,recover-20220825,002,1795
1642.0565,1642.0945,68437,82419,Rhinolophus ferrumequinum,0.027,0.027,-1,Echolocation,/mnt/ubna_data_01_mir/recover-20220825/UBNA_002/20220823_033000.WAV,Telephone Field,recover-20220825,002,1795
1642.0665,1642.0782,28046,34479,Eptesicus serotinus,0.015,0.029,-1,Echolocation,/mnt/ubna_data_01_mir/recover-20220825/UBNA_002/20220823_033000.WAV,Telephone Field,recover-20220825,002,1795
1642.1195,1642.1297,28906,36742,Eptesicus serotinus,0.01,0.023,-1,Echolocation,/mnt/ubna_data_01_mir/recover-20220825/UBNA_002/20220823_033000.WAV,Telephone Field,recover-20220825,002,1795
1642.1445,1642.1807,68437,81285,Rhinolophus ferrumequinum,0.032,0.032,-1,Echolocation,/mnt/ubna_data_01_mir/recover-20220825/UBNA_002/20220823_033000.WAV,Telephone Field,recover-20220825,002,1795
1642.2175,1642.2527,68437,81121,Rhinolophus ferrumequinum,0.023,0.023,-1,Echolocation,/mnt/ubna_data_01_mir/recover-20220825/UBNA_002/20220823_033000.WAV,Telephone Field,recover-20220825,002,1795
1642.2435,1642.2808,68437,81854,Rhinolophus ferrumequinum,0.023,0.023,-1,Echolocation,/mnt/ubna_data_01_mir/recover-20220825/UBNA_002/20220823_033000.WAV,Telephone Field,recover-20220825,002,1795
1642.2565,1642.2951,68437,81933,Rhinolophus ferrumequinum,0.021,0.021,-1,Echolocation,/mnt/ubna_data_01_mir/recover-20220825/UBNA_002/20220823_033000.WAV,Telephone Field,recover-20220825,002,1795
1642.2925,1642.3296,68437,81767,Rhinolophus ferrumequinum,0.034,0.034,-1,Echolocation,/mnt/ubna_data_01_mir/recover-20220825/UBNA_002/20220823_033000.WAV,Telephone Field,recover-20220825,002,1795
1642.3455,1642.3561,23750,29429,Nyctalus leisleri,0.01,0.022,-1,Echolocation,/mnt/ubna_data_01_mir/recover-20220825/UBNA_002/20220823_033000.WAV,Telephone Field,recover-20220825,002,1795
1642.4245,1642.4658,68437,82597,Rhinolophus ferrumequinum,0.026,0.026,-1,Echolocation,/mnt/ubna_data_01_mir/recover-20220825/UBNA_002/20220823_033000.WAV,Telephone Field,recover-20220825,002,1795
1642.4315,1642.4405,28906,39626,Eptesicus serotinus,0.01,0.026,-1,Echolocation,/mnt/ubna_data_01_mir/recover-20220825/UBNA_002/20220823_033000.WAV,Telephone Field,recover-20220825,002,1795
1642.4535,1642.4939,68437,82354,Rhinolophus ferrumequinum,0.022,0.022,-1,Echolocation,/mnt/ubna_data_01_mir/recover-20220825/UBNA_002/20220823_033000.WAV,Telephone Field,recover-20220825,002,1795
1642.4775,1642.515,68437,81715,Rhinolophus ferrumequinum,0.021,0.021,-1,Echolocation,/mnt/ubna_data_01_mir/recover-20220825/UBNA_002/20220823_033000.WAV,Telephone Field,recover-20220825,002,1795
1642.4985,1642.5352,68437,80973,Rhinolophus ferrumequinum,0.02,0.02,-1,Echolocation,/mnt/ubna_data_01_mir/recover-20220825/UBNA_002/20220823_033000.WAV,Telephone Field,recover-20220825,002,1795
1642.5055,1642.5151,28046,39049,Eptesicus serotinus,0.012,0.028,-1,Echolocation,/mnt/ubna_data_01_mir/recover-20220825/UBNA_002/20220823_033000.WAV,Telephone Field,recover-20220825,002,1795
1642.5285,1642.5701,68437,82950,Rhinolophus ferrumequinum,0.024,0.024,-1,Echolocation,/mnt/ubna_data_01_mir/recover-20220825/UBNA_002/20220823_033000.WAV,Telephone Field,recover-20220825,002,1795
1642.5905,1642.5983,25468,35104,Eptesicus serotinus,0.007,0.023,-1,Echolocation,/mnt/ubna_data_01_mir/recover-20220825/UBNA_002/20220823_033000.WAV,Telephone Field,recover-20220825,002,1795
1642.6085,1642.6185,27187,35753,Eptesicus serotinus,0.009,0.022,-1,Echolocation,/mnt/ubna_data_01_mir/recover-20220825/UBNA_002/20220823_033000.WAV,Telephone Field,recover-20220825,002,1795
1642.6135,1642.6541,68437,82924,Rhinolophus ferrumequinum,0.033,0.033,-1,Echolocation,/mnt/ubna_data_01_mir/recover-20220825/UBNA_002/20220823_033000.WAV,Telephone Field,recover-20220825,002,1795
1642.6185,1642.6293,28046,36316,Eptesicus serotinus,0.01,0.022,-1,Echolocation,/mnt/ubna_data_01_mir/recover-20220825/UBNA_002/20220823_033000.WAV,Telephone Field,recover-20220825,002,1795
1642.6305,1642.6387,28046,38230,Eptesicus serotinus,0.007,0.021,-1,Echolocation,/mnt/ubna_data_01_mir/recover-20220825/UBNA_002/20220823_033000.WAV,Telephone Field,recover-20220825,002,1795
1642.6395,1642.6793,68437,82250,Rhinolophus ferrumequinum,0.024,0.024,-1,Echolocation,/mnt/ubna_data_01_mir/recover-20220825/UBNA_002/20220823_033000.WAV,Telephone Field,recover-20220825,002,1795
1642.6455,1642.6855,68437,82466,Rhinolophus ferrumequinum,0.023,0.023,-1,Echolocation,/mnt/ubna_data_01_mir/recover-20220825/UBNA_002/20220823_033000.WAV,Telephone Field,recover-20220825,002,1795
1642.6515,1642.6616,22890,28488,Nyctalus leisleri,0.01,0.022,-1,Echolocation,/mnt/ubna_data_01_mir/recover-20220825/UBNA_002/20220823_033000.WAV,Telephone Field,recover-20220825,002,1795
1642.6735,1642.6816,27187,38640,Eptesicus serotinus,0.007,0.021,-1,Echolocation,/mnt/ubna_data_01_mir/recover-20220825/UBNA_002/20220823_033000.WAV,Telephone Field,recover-20220825,002,1795
1642.7075,1642.7165,28046,36510,Eptesicus serotinus,0.008,0.022,-1,Echolocation,/mnt/ubna_data_01_mir/recover-20220825/UBNA_002/20220823_033000.WAV,Telephone Field,recover-20220825,002,1795
1642.7175,1642.7282,23750,30126,Nyctalus leisleri,0.009,0.023,-1,Echolocation,/mnt/ubna_data_01_mir/recover-20220825/UBNA_002/20220823_033000.WAV,Telephone Field,recover-20220825,002,1795
1642.7415,1642.7796,68437,82012,Rhinolophus ferrumequinum,0.022,0.022,-1,Echolocation,/mnt/ubna_data_01_mir/recover-20220825/UBNA_002/20220823_033000.WAV,Telephone Field,recover-20220825,002,1795
1642.7495,1642.7895,68437,82247,Rhinolophus ferrumequinum,0.021,0.021,-1,Echolocation,/mnt/ubna_data_01_mir/recover-20220825/UBNA_002/20220823_033000.WAV,Telephone Field,recover-20220825,002,1795
1642.7795,1642.7884,28906,37505,Eptesicus serotinus,0.008,0.023,-1,Echolocation,/mnt/ubna_data_01_mir/recover-20220825/UBNA_002/20220823_033000.WAV,Telephone Field,recover-20220825,002,1795
1642.7805,1642.8181,68437,81552,Rhinolophus ferrumequinum,0.022,0.022,-1,Echolocation,/mnt/ubna_data_01_mir/recover-20220825/UBNA_002/20220823_033000.WAV,Telephone Field,recover-20220825,002,1795
1642.8475,1642.8582,27187,34883,Eptesicus serotinus,0.01,0.023,-1,Echolocation,/mnt/ubna_data_01_mir/recover-20220825/UBNA_002/20220823_033000.WAV,Telephone Field,recover-20220825,002,1795
1642.8555,1642.8937,68437,82108,Rhinolophus ferrumequinum,0.024,0.024,-1,Echolocation,/mnt/ubna_data_01_mir/recover-20220825/UBNA_002/20220823_033000.WAV,Telephone Field,recover-20220825,002,1795
1642.8555,1642.867,24609,29987,Nyctalus leisleri,0.009,0.02,-1,Echolocation,/mnt/ubna_data_01_mir/recover-20220825/UBNA_002/20220823_033000.WAV,Telephone Field,recover-20220825,002,1795
1642.8695,1642.9047,68437,81058,Rhinolophus ferrumequinum,0.02,0.02,-1,Echolocation,/mnt/ubna_data_01_mir/recover-20220825/UBNA_002/20220823_033000.WAV,Telephone Field,recover-20220825,002,1795
1642.9025,1642.9404,68437,81643,Rhinolophus ferrumequinum,0.02,0.02,-1,Echolocation,/mnt/ubna_data_01_mir/recover-20220825/UBNA_002/20220823_033000.WAV,Telephone Field,recover-20220825,002,1795
1642.9185,1642.9268,48671,53277,Pipistrellus pipistrellus,0.02,0.022,-1,Echolocation,/mnt/ubna_data_01_mir/recover-20220825/UBNA_002/20220823_033000.WAV,Telephone Field,recover-20220825,002,1795
1642.9375,1642.9768,68437,82326,Rhinolophus ferrumequinum,0.022,0.022,-1,Echolocation,/mnt/ubna_data_01_mir/recover-20220825/UBNA_002/20220823_033000.WAV,Telephone Field,recover-20220825,002,1795
1642.9595,1642.9734,23750,28678,Nyctalus leisleri,0.012,0.024,-1,Echolocation,/mnt/ubna_data_01_mir/recover-20220825/UBNA_002/20220823_033000.WAV,Telephone Field,recover-20220825,002,1795
1643.0135,1643.0334,19453,22186,Nyctalus leisleri,0.013,0.024,-1,Echolocation,/mnt/ubna_data_01_mir/recover-20220825/UBNA_002/20220823_033000.WAV,Telephone Field,recover-20220825,002,1795
1643.0185,1643.0584,68437,82241,Rhinolophus ferrumequinum,0.021,0.021,-1,Echolocation,/mnt/ubna_data_01_mir/recover-20220825/UBNA_002/20220823_033000.WAV,Telephone Field,recover-20220825,002,1795
1643.0395,1643.079,68437,82631,Rhinolophus ferrumequinum,0.025,0.025,-1,Echolocation,/mnt/ubna_data_01_mir/recover-20220825/UBNA_002/20220823_033000.WAV,Telephone Field,recover-20220825,002,1795
1643.0635,1643.0741,23750,28994,Nyctalus leisleri,0.01,0.021,-1,Echolocation,/mnt/ubna_data_01_mir/recover-20220825/UBNA_002/20220823_033000.WAV,Telephone Field,recover-20220825,002,1795
1643.1085,1643.1486,68437,81959,Rhinolophus ferrumequinum,0.021,0.021,-1,Echolocation,/mnt/ubna_data_01_mir/recover-20220825/UBNA_002/20220823_033000.WAV,Telephone Field,recover-20220825,002,1795
1643.1455,1643.1559,22890,28421,Nyctalus leisleri,0.011,0.025,-1,Echolocation,/mnt/ubna_data_01_mir/recover-20220825/UBNA_002/20220823_033000.WAV,Telephone Field,recover-20220825,002,1795
1643.1635,1643.2055,68437,82844,Rhinolophus ferrumequinum,0.026,0.026,-1,Echolocation,/mnt/ubna_data_01_mir/recover-20220825/UBNA_002/20220823_033000.WAV,Telephone Field,recover-20220825,002,1795
1643.1685,1643.2119,68437,82905,Rhinolophus ferrumequinum,0.026,0.026,-1,Echolocation,/mnt/ubna_data_01_mir/recover-20220825/UBNA_002/20220823_033000.WAV,Telephone Field,recover-20220825,002,1795
1643.1755,1643.2143,68437,81800,Rhinolophus ferrumequinum,0.023,0.023,-1,Echolocation,/mnt/ubna_data_01_mir/recover-20220825/UBNA_002/20220823_033000.WAV,Telephone Field,recover-20220825,002,1795
1643.1945,1643.2057,23750,28871,Nyctalus leisleri,0.013,0.028,-1,Echolocation,/mnt/ubna_data_01_mir/recover-20220825/UBNA_002/20220823_033000.WAV,Telephone Field,recover-20220825,002,1795
1643.2055,1643.2421,68437,81774,Rhinolophus ferrumequinum,0.022,0.022,-1,Echolocation,/mnt/ubna_data_01_mir/recover-20220825/UBNA_002/20220823_033000.WAV,Telephone Field,recover-20220825,002,1795
1643.2145,1643.2224,28046,39606,Eptesicus serotinus,0.007,0.021,-1,Echolocation,/mnt/ubna_data_01_mir/recover-20220825/UBNA_002/20220823_033000.WAV,Telephone Field,recover-20220825,002,1795
1643.2225,1643.2319,24609,31666,Eptesicus serotinus,0.007,0.021,-1,Echolocation,/mnt/ubna_data_01_mir/recover-20220825/UBNA_002/20220823_033000.WAV,Telephone Field,recover-20220825,002,1795
1643.2745,1643.2829,25468,33829,Eptesicus serotinus,0.007,0.023,-1,Echolocation,/mnt/ubna_data_01_mir/recover-20220825/UBNA_002/20220823_033000.WAV,Telephone Field,recover-20220825,002,1795
1643.2895,1643.3279,68437,82106,Rhinolophus ferrumequinum,0.021,0.021,-1,Echolocation,/mnt/ubna_data_01_mir/recover-20220825/UBNA_002/20220823_033000.WAV,Telephone Field,recover-20220825,002,1795
1643.2915,1643.3009,27187,37150,Eptesicus serotinus,0.009,0.022,-1,Echolocation,/mnt/ubna_data_01_mir/recover-20220825/UBNA_002/20220823_033000.WAV,Telephone Field,recover-20220825,002,1795
1643.3065,1643.317,25468,32914,Eptesicus serotinus,0.01,0.021,-1,Echolocation,/mnt/ubna_data_01_mir/recover-20220825/UBNA_002/20220823_033000.WAV,Telephone Field,recover-20220825,002,1795
1643.3175,1643.3543,68437,81999,Rhinolophus ferrumequinum,0.02,0.02,-1,Echolocation,/mnt/ubna_data_01_mir/recover-20220825/UBNA_002/20220823_033000.WAV,Telephone Field,recover-20220825,002,1795
1643.3795,1643.421,68437,82087,Rhinolophus ferrumequinum,0.023,0.023,-1,Echolocation,/mnt/ubna_data_01_mir/recover-20220825/UBNA_002/20220823_033000.WAV,Telephone Field,recover-20220825,002,1795
1643.4075,1643.4444,68437,82031,Rhinolophus ferrumequinum,0.024,0.024,-1,Echolocation,/mnt/ubna_data_01_mir/recover-20220825/UBNA_002/20220823_033000.WAV,Telephone Field,recover-20220825,002,1795
1643.4185,1643.4276,28046,36208,Eptesicus serotinus,0.008,0.021,-1,Echolocation,/mnt/ubna_data_01_mir/recover-20220825/UBNA_002/20220823_033000.WAV,Telephone Field,recover-20220825,002,1795
1643.4295,1643.4676,68437,81829,Rhinolophus ferrumequinum,0.022,0.022,-1,Echolocation,/mnt/ubna_data_01_mir/recover-20220825/UBNA_002/20220823_033000.WAV,Telephone Field,recover-20220825,002,1795
1643.4335,1643.4435,25468,33532,Eptesicus serotinus,0.008,0.02,-1,Echolocation,/mnt/ubna_data_01_mir/recover-20220825/UBNA_002/20220823_033000.WAV,Telephone Field,recover-20220825,002,1795
1643.4815,1643.5189,68437,82226,Rhinolophus ferrumequinum,0.021,0.021,-1,Echolocation,/mnt/ubna_data_01_mir/recover-20220825/UBNA_002/20220823_033000.WAV,Telephone Field,recover-20220825,002,1795
1643.4885,1643.4988,25468,32036,Eptesicus serotinus,0.009,0.023,-1,Echolocation,/mnt/ubna_data_01_mir/recover-20220825/UBNA_002/20220823_033000.WAV,Telephone Field,recover-20220825,002,1795
1643.5205,1643.5591,68437,81811,Rhinolophus ferrumequinum,0.022,0.022,-1,Echolocation,/mnt/ubna_data_01_mir/recover-20220825/UBNA_002/20220823_033000.WAV,Telephone Field,recover-20220825,002,1795
1643.5605,1643.5981,68437,81697,Rhinolophus ferrumequinum,0.02,0.02,-1,Echolocation,/mnt/ubna_data_01_mir/recover-20220825/UBNA_002/20220823_033000.WAV,Telephone Field,recover-20220825,002,1795
1643.5865,1643.6247,68437,82078,Rhinolophus ferrumequinum,0.024,0.024,-1,Echolocation,/mnt/ubna_data_01_mir/recover-20220825/UBNA_002/20220823_033000.WAV,Telephone Field,recover-20220825,002,1795
1643.5935,1643.6288,68437,81412,Rhinolophus ferrumequinum,0.022,0.022,-1,Echolocation,/mnt/ubna_data_01_mir/recover-20220825/UBNA_002/20220823_033000.WAV,Telephone Field,recover-20220825,002,1795
1643.5975,1643.6078,22031,27872,Nyctalus leisleri,0.012,0.027,-1,Echolocation,/mnt/ubna_data_01_mir/recover-20220825/UBNA_002/20220823_033000.WAV,Telephone Field,recover-20220825,002,1795
1643.6265,1643.6378,28046,33755,Eptesicus serotinus,0.012,0.026,-1,Echolocation,/mnt/ubna_data_01_mir/recover-20220825/UBNA_002/20220823_033000.WAV,Telephone Field,recover-20220825,002,1795
1643.6325,1643.6418,22890,28873,Nyctalus leisleri,0.009,0.024,-1,Echolocation,/mnt/ubna_data_01_mir/recover-20220825/UBNA_002/20220823_033000.WAV,Telephone Field,recover-20220825,002,1795
1643.6675,1643.7071,68437,82289,Rhinolophus ferrumequinum,0.021,0.021,-1,Echolocation,/mnt/ubna_data_01_mir/recover-20220825/UBNA_002/20220823_033000.WAV,Telephone Field,recover-20220825,002,1795
1643.6835,1643.7195,68437,81173,Rhinolophus ferrumequinum,0.02,0.02,-1,Echolocation,/mnt/ubna_data_01_mir/recover-20220825/UBNA_002/20220823_033000.WAV,Telephone Field,recover-20220825,002,1795
1643.6905,1643.6981,27187,39955,Eptesicus serotinus,0.007,0.021,-1,Echolocation,/mnt/ubna_data_01_mir/recover-20220825/UBNA_002/20220823_033000.WAV,Telephone Field,recover-20220825,002,1795
1643.7015,1643.7383,68437,81784,Rhinolophus ferrumequinum,0.021,0.021,-1,Echolocation,/mnt/ubna_data_01_mir/recover-20220825/UBNA_002/20220823_033000.WAV,Telephone Field,recover-20220825,002,1795
1643.7235,1643.7603,68437,81794,Rhinolophus ferrumequinum,0.021,0.021,-1,Echolocation,/mnt/ubna_data_01_mir/recover-20220825/UBNA_002/20220823_033000.WAV,Telephone Field,recover-20220825,002,1795
1643.7645,1643.773,28046,40219,Eptesicus serotinus,0.007,0.021,-1,Echolocation,/mnt/ubna_data_01_mir/recover-20220825/UBNA_002/20220823_033000.WAV,Telephone Field,recover-20220825,002,1795
1643.8155,1643.8285,22890,27480,Nyctalus leisleri,0.012,0.022,-1,Echolocation,/mnt/ubna_data_01_mir/recover-20220825/UBNA_002/20220823_033000.WAV,Telephone Field,recover-20220825,002,1795
1643.8265,1643.8659,68437,82007,Rhinolophus ferrumequinum,0.022,0.022,-1,Echolocation,/mnt/ubna_data_01_mir/recover-20220825/UBNA_002/20220823_033000.WAV,Telephone Field,recover-20220825,002,1795
1643.8775,1643.9141,68437,81628,Rhinolophus ferrumequinum,0.021,0.021,-1,Echolocation,/mnt/ubna_data_01_mir/recover-20220825/UBNA_002/20220823_033000.WAV,Telephone Field,recover-20220825,002,1795
1643.8835,1643.8931,28906,42289,Eptesicus serotinus,0.011,0.025,-1,Echolocation,/mnt/ubna_data_01_mir/recover-20220825/UBNA_002/20220823_033000.WAV,Telephone Field,recover-20220825,002,1795
1643.8935,1643.9023,28046,37643,Eptesicus serotinus,0.008,0.024,-1,Echolocation,/mnt/ubna_data_01_mir/recover-20220825/UBNA_002/20220823_033000.WAV,Telephone Field,recover-20220825,002,1795
1643.9115,1643.9503,68437,82016,Rhinolophus ferrumequinum,0.021,0.021,-1,Echolocation,/mnt/ubna_data_01_mir/recover-20220825/UBNA_002/20220823_033000.WAV,Telephone Field,recover-20220825,002,1795
1643.9355,1643.9731,68437,81524,Rhinolophus ferrumequinum,0.021,0.021,-1,Echolocation,/mnt/ubna_data_01_mir/recover-20220825/UBNA_002/20220823_033000.WAV,Telephone Field,recover-20220825,002,1795
1643.9595,1643.9999,68437,81812,Rhinolophus ferrumequinum,0.022,0.022,-1,Echolocation,/mnt/ubna_data_01_mir/recover-20220825/UBNA_002/20220823_033000.WAV,Telephone Field,recover-20220825,002,1795
1643.9625,1643.973,22890,28987,Nyctalus leisleri,0.011,0.027,-1,Echolocation,/mnt/ubna_data_01_mir/recover-20220825/UBNA_002/20220823_033000.WAV,Telephone Field,recover-20220825,002,1795
1643.9875,1643.9967,28046,41792,Eptesicus serotinus,0.01,0.025,-1,Echolocation,/mnt/ubna_data_01_mir/recover-20220825/UBNA_002/20220823_033000.WAV,Telephone Field,recover-20220825,002,1795
1644.0015,1644.013,48671,54109,Pipistrellus pipistrellus,0.023,0.029,-1,Echolocation,/mnt/ubna_data_01_mir/recover-20220825/UBNA_002/20220823_033000.WAV,Telephone Field,recover-20220825,002,1795
1644.0015,1644.0118,23750,30629,Nyctalus leisleri,0.016,0.036,-1,Echolocation,/mnt/ubna_data_01_mir/recover-20220825/UBNA_002/20220823_033000.WAV,Telephone Field,recover-20220825,002,1795
1644.0145,1644.0247,28046,35839,Eptesicus serotinus,0.013,0.028,-1,Echolocation,/mnt/ubna_data_01_mir/recover-20220825/UBNA_002/20220823_033000.WAV,Telephone Field,recover-20220825,002,1795
1644.0545,1644.0624,28046,41267,Eptesicus serotinus,0.008,0.023,-1,Echolocation,/mnt/ubna_data_01_mir/recover-20220825/UBNA_002/20220823_033000.WAV,Telephone Field,recover-20220825,002,1795
1644.0635,1644.1032,68437,82492,Rhinolophus ferrumequinum,0.021,0.021,-1,Echolocation,/mnt/ubna_data_01_mir/recover-20220825/UBNA_002/20220823_033000.WAV,Telephone Field,recover-20220825,002,1795
1644.0725,1644.1136,68437,82913,Rhinolophus ferrumequinum,0.021,0.021,-1,Echolocation,/mnt/ubna_data_01_mir/recover-20220825/UBNA_002/20220823_033000.WAV,Telephone Field,recover-20220825,002,1795
1644.0785,1644.1186,68437,82777,Rhinolophus ferrumequinum,0.022,0.022,-1,Echolocation,/mnt/ubna_data_01_mir/recover-20220825/UBNA_002/20220823_033000.WAV,Telephone Field,recover-20220825,002,1795
1644.0925,1644.0999,28046,39230,Eptesicus serotinus,0.006,0.022,-1,Echolocation,/mnt/ubna_data_01_mir/recover-20220825/UBNA_002/20220823_033000.WAV,Telephone Field,recover-20220825,002,1795
1644.1145,1644.154,68437,81886,Rhinolophus ferrumequinum,0.022,0.022,-1,Echolocation,/mnt/ubna_data_01_mir/recover-20220825/UBNA_002/20220823_033000.WAV,Telephone Field,recover-20220825,002,1795
1644.1695,1644.1826,33203,37710,Nyctalus leisleri,0.012,0.04,-1,Echolocation,/mnt/ubna_data_01_mir/recover-20220825/UBNA_002/20220823_033000.WAV,Telephone Field,recover-20220825,002,1795
1644.1755,1644.2158,68437,82872,Rhinolophus ferrumequinum,0.031,0.031,-1,Echolocation,/mnt/ubna_data_01_mir/recover-20220825/UBNA_002/20220823_033000.WAV,Telephone Field,recover-20220825,002,1795
1644.2605,1644.2995,68437,82788,Rhinolophus ferrumequinum,0.025,0.025,-1,Echolocation,/mnt/ubna_data_01_mir/recover-20220825/UBNA_002/20220823_033000.WAV,Telephone Field,recover-20220825,002,1795
1644.2645,1644.2706,31484,45572,Myotis daubentonii,0.017,0.048,-1,Echolocation,/mnt/ubna_data_01_mir/recover-20220825/UBNA_002/20220823_033000.WAV,Telephone Field,recover-20220825,002,1795
1644.3065,1644.342,68437,81867,Rhinolophus ferrumequinum,0.021,0.021,-1,Echolocation,/mnt/ubna_data_01_mir/recover-20220825/UBNA_002/20220823_033000.WAV,Telephone Field,recover-20220825,002,1795
1644.3085,1644.315,24609,34494,Plecotus austriacus,0.011,0.026,-1,Echolocation,/mnt/ubna_data_01_mir/recover-20220825/UBNA_002/20220823_033000.WAV,Telephone Field,recover-20220825,002,1795
1644.3135,1644.3504,68437,82132,Rhinolophus ferrumequinum,0.021,0.021,-1,Echolocation,/mnt/ubna_data_01_mir/recover-20220825/UBNA_002/20220823_033000.WAV,Telephone Field,recover-20220825,002,1795
1644.3265,1644.3341,25468,34593,Eptesicus serotinus,0.007,0.023,-1,Echolocation,/mnt/ubna_data_01_mir/recover-20220825/UBNA_002/20220823_033000.WAV,Telephone Field,recover-20220825,002,1795
1644.3455,1644.3803,68437,81357,Rhinolophus ferrumequinum,0.021,0.021,-1,Echolocation,/mnt/ubna_data_01_mir/recover-20220825/UBNA_002/20220823_033000.WAV,Telephone Field,recover-20220825,002,1795
1644.3685,1644.3785,26328,33956,Eptesicus serotinus,0.01,0.023,-1,Echolocation,/mnt/ubna_data_01_mir/recover-20220825/UBNA_002/20220823_033000.WAV,Telephone Field,recover-20220825,002,1795
1644.4075,1644.4462,68437,81679,Rhinolophus ferrumequinum,0.023,0.023,-1,Echolocation,/mnt/ubna_data_01_mir/recover-20220825/UBNA_002/20220823_033000.WAV,Telephone Field,recover-20220825,002,1795
1644.5035,1644.5121,27187,36490,Eptesicus serotinus,0.008,0.022,-1,Echolocation,/mnt/ubna_data_01_mir/recover-20220825/UBNA_002/20220823_033000.WAV,Telephone Field,recover-20220825,002,1795
1644.5305,1644.5682,68437,82132,Rhinolophus ferrumequinum,0.022,0.022,-1,Echolocation,/mnt/ubna_data_01_mir/recover-20220825/UBNA_002/20220823_033000.WAV,Telephone Field,recover-20220825,002,1795
1644.5605,1644.5714,22890,28856,Nyctalus leisleri,0.009,0.022,-1,Echolocation,/mnt/ubna_data_01_mir/recover-20220825/UBNA_002/20220823_033000.WAV,Telephone Field,recover-20220825,002,1795
1644.5625,1644.5999,68437,81246,Rhinolophus ferrumequinum,0.022,0.022,-1,Echolocation,/mnt/ubna_data_01_mir/recover-20220825/UBNA_002/20220823_033000.WAV,Telephone Field,recover-20220825,002,1795
1644.5675,1644.6053,68437,81501,Rhinolophus ferrumequinum,0.022,0.022,-1,Echolocation,/mnt/ubna_data_01_mir/recover-20220825/UBNA_002/20220823_033000.WAV,Telephone Field,recover-20220825,002,1795
1644.5795,1644.6205,68437,82394,Rhinolophus ferrumequinum,0.023,0.023,-1,Echolocation,/mnt/ubna_data_01_mir/recover-20220825/UBNA_002/20220823_033000.WAV,Telephone Field,recover-20220825,002,1795
1644.5935,1644.6343,68437,82189,Rhinolophus ferrumequinum,0.022,0.022,-1,Echolocation,/mnt/ubna_data_01_mir/recover-20220825/UBNA_002/20220823_033000.WAV,Telephone Field,recover-20220825,002,1795
1644.6305,1644.6397,25468,32547,Eptesicus serotinus,0.01,0.026,-1,Echolocation,/mnt/ubna_data_01_mir/recover-20220825/UBNA_002/20220823_033000.WAV,Telephone Field,recover-20220825,002,1795
1644.6505,1644.6911,68437,82469,Rhinolophus ferrumequinum,0.024,0.024,-1,Echolocation,/mnt/ubna_data_01_mir/recover-20220825/UBNA_002/20220823_033000.WAV,Telephone Field,recover-20220825,002,1795
1644.6825,1644.7245,68437,83297,Rhinolophus ferrumequinum,0.03,0.03,-1,Echolocation,/mnt/ubna_data_01_mir/recover-20220825/UBNA_002/20220823_033000.WAV,Telephone Field,recover-20220825,002,1795
1644.6915,1644.7005,22890,30028,Plecotus austriacus,0.009,0.023,-1,Echolocation,/mnt/ubna_data_01_mir/recover-20220825/UBNA_002/20220823_033000.WAV,Telephone Field,recover-20220825,002,1795
1644.7285,1644.7346,28906,39512,Eptesicus serotinus,0.01,0.045,-1,Echolocation,/mnt/ubna_data_01_mir/recover-20220825/UBNA_002/20220823_033000.WAV,Telephone Field,recover-20220825,002,1795
1644.7495,1644.7882,68437,82066,Rhinolophus ferrumequinum,0.021,0.021,-1,Echolocation,/mnt/ubna_data_01_mir/recover-20220825/UBNA_002/20220823_033000.WAV,Telephone Field,recover-20220825,002,1795
1644.7555,1644.7936,68437,81962,Rhinolophus ferrumequinum,0.022,0.022,-1,Echolocation,/mnt/ubna_data_01_mir/recover-20220825/UBNA_002/20220823_033000.WAV,Telephone Field,recover-20220825,002,1795
1644.7725,1644.7797,27187,39082,Eptesicus serotinus,0.006,0.021,-1,Echolocation,/mnt/ubna_data_01_mir/recover-20220825/UBNA_002/20220823_033000.WAV,Telephone Field,recover-20220825,002,1795
1644.7775,1644.8171,68437,81939,Rhinolophus ferrumequinum,0.024,0.024,-1,Echolocation,/mnt/ubna_data_01_mir/recover-20220825/UBNA_002/20220823_033000.WAV,Telephone Field,recover-20220825,002,1795
1644.7965,1644.8049,46953,50472,Pipistrellus pipistrellus,0.032,0.034,-1,Echolocation,/mnt/ubna_data_01_mir/recover-20220825/UBNA_002/20220823_033000.WAV,Telephone Field,recover-20220825,002,1795
1644.8435,1644.8845,68437,82413,Rhinolophus ferrumequinum,0.028,0.028,-1,Echolocation,/mnt/ubna_data_01_mir/recover-20220825/UBNA_002/20220823_033000.WAV,Telephone Field,recover-20220825,002,1795
1644.8495,1644.8902,68437,82295,Rhinolophus ferrumequinum,0.026,0.026,-1,Echolocation,/mnt/ubna_data_01_mir/recover-20220825/UBNA_002/20220823_033000.WAV,Telephone Field,recover-20220825,002,1795
1644.8995,1644.9368,68437,81695,Rhinolophus ferrumequinum,0.022,0.022,-1,Echolocation,/mnt/ubna_data_01_mir/recover-20220825/UBNA_002/20220823_033000.WAV,Telephone Field,recover-20220825,002,1795
1644.9235,1644.9619,68437,82331,Rhinolophus ferrumequinum,0.022,0.022,-1,Echolocation,/mnt/ubna_data_01_mir/recover-20220825/UBNA_002/20220823_033000.WAV,Telephone Field,recover-20220825,002,1795
1644.9525,1644.9581,46953,53313,Pipistrellus pipistrellus,0.02,0.024,-1,Echolocation,/mnt/ubna_data_01_mir/recover-20220825/UBNA_002/20220823_033000.WAV,Telephone Field,recover-20220825,002,1795
1644.9775,1645.0186,68437,82915,Rhinolophus ferrumequinum,0.026,0.026,-1,Echolocation,/mnt/ubna_data_01_mir/recover-20220825/UBNA_002/20220823_033000.WAV,Telephone Field,recover-20220825,002,1795
1644.9915,1644.9987,31484,46036,Myotis daubentonii,0.009,0.023,-1,Echolocation,/mnt/ubna_data_01_mir/recover-20220825/UBNA_002/20220823_033000.WAV,Telephone Field,recover-20220825,002,1795
1644.9925,1645.0018,22890,29149,Nyctalus leisleri,0.008,0.021,-1,Echolocation,/mnt/ubna_data_01_mir/recover-20220825/UBNA_002/20220823_033000.WAV,Telephone Field,recover-20220825,002,1795
1645.0275,1645.0359,22031,29462,Plecotus austriacus,0.009,0.021,-1,Echolocation,/mnt/ubna_data_01_mir/recover-20220825/UBNA_002/20220823_033000.WAV,Telephone Field,recover-20220825,002,1795
1645.0565,1645.0945,68437,82029,Rhinolophus ferrumequinum,0.021,0.021,-1,Echolocation,/mnt/ubna_data_01_mir/recover-20220825/UBNA_002/20220823_033000.WAV,Telephone Field,recover-20220825,002,1795
1645.0675,1645.1062,68437,81817,Rhinolophus ferrumequinum,0.021,0.021,-1,Echolocation,/mnt/ubna_data_01_mir/recover-20220825/UBNA_002/20220823_033000.WAV,Telephone Field,recover-20220825,002,1795
1645.0685,1645.0786,22031,26801,Nyctalus leisleri,0.01,0.021,-1,Echolocation,/mnt/ubna_data_01_mir/recover-20220825/UBNA_002/20220823_033000.WAV,Telephone Field,recover-20220825,002,1795
1645.1285,1645.1373,28046,37795,Eptesicus serotinus,0.007,0.021,-1,Echolocation,/mnt/ubna_data_01_mir/recover-20220825/UBNA_002/20220823_033000.WAV,Telephone Field,recover-20220825,002,1795
1645.1755,1645.2152,68437,82707,Rhinolophus ferrumequinum,0.022,0.022,-1,Echolocation,/mnt/ubna_data_01_mir/recover-20220825/UBNA_002/20220823_033000.WAV,Telephone Field,recover-20220825,002,1795
1645.1965,1645.2043,27187,35822,Eptesicus serotinus,0.018,0.043,-1,Echolocation,/mnt/ubna_data_01_mir/recover-20220825/UBNA_002/20220823_033000.WAV,Telephone Field,recover-20220825,002,1795
1645.2315,1645.2678,68437,81038,Rhinolophus ferrumequinum,0.024,0.024,-1,Echolocation,/mnt/ubna_data_01_mir/recover-20220825/UBNA_002/20220823_033000.WAV,Telephone Field,recover-20220825,002,1795
1645.2835,1645.2957,22890,27674,Nyctalus leisleri,0.015,0.029,-1,Echolocation,/mnt/ubna_data_01_mir/recover-20220825/UBNA_002/20220823_033000.WAV,Telephone Field,recover-20220825,002,1795
1645.3535,1645.3612,28046,38399,Eptesicus serotinus,0.008,0.025,-1,Echolocation,/mnt/ubna_data_01_mir/recover-20220825/UBNA_002/20220823_033000.WAV,Telephone Field,recover-20220825,002,1795
1645.3735,1645.4102,68437,81440,Rhinolophus ferrumequinum,0.022,0.022,-1,Echolocation,/mnt/ubna_data_01_mir/recover-20220825/UBNA_002/20220823_033000.WAV,Telephone Field,recover-20220825,002,1795
1645.3785,1645.3872,28046,40471,Eptesicus serotinus,0.009,0.024,-1,Echolocation,/mnt/ubna_data_01_mir/recover-20220825/UBNA_002/20220823_033000.WAV,Telephone Field,recover-20220825,002,1795
1645.3935,1645.4335,68437,82633,Rhinolophus ferrumequinum,0.024,0.024,-1,Echolocation,/mnt/ubna_data_01_mir/recover-20220825/UBNA_002/20220823_033000.WAV,Telephone Field,recover-20220825,002,1795
1645.4035,1645.4115,28046,40452,Eptesicus serotinus,0.009,0.023,-1,Echolocation,/mnt/ubna_data_01_mir/recover-20220825/UBNA_002/20220823_033000.WAV,Telephone Field,recover-20220825,002,1795
1645.4205,1645.4294,22031,28283,Plecotus austriacus,0.008,0.021,-1,Echolocation,/mnt/ubna_data_01_mir/recover-20220825/UBNA_002/20220823_033000.WAV,Telephone Field,recover-20220825,002,1795
1645.4625,1645.4728,23750,29986,Nyctalus leisleri,0.009,0.022,-1,Echolocation,/mnt/ubna_data_01_mir/recover-20220825/UBNA_002/20220823_033000.WAV,Telephone Field,recover-20220825,002,1795
1645.4835,1645.5195,68437,81383,Rhinolophus ferrumequinum,0.023,0.023,-1,Echolocation,/mnt/ubna_data_01_mir/recover-20220825/UBNA_002/20220823_033000.WAV,Telephone Field,recover-20220825,002,1795
1645.5105,1645.5465,68437,81638,Rhinolophus ferrumequinum,0.023,0.023,-1,Echolocation,/mnt/ubna_data_01_mir/recover-20220825/UBNA_002/20220823_033000.WAV,Telephone Field,recover-20220825,002,1795
1645.5325,1645.5411,50390,56377,Pipistrellus pipistrellus,0.019,0.023,-1,Echolocation,/mnt/ubna_data_01_mir/recover-20220825/UBNA_002/20220823_033000.WAV,Telephone Field,recover-20220825,002,1795
1645.5325,1645.5709,68437,82659,Rhinolophus ferrumequinum,0.023,0.023,-1,Echolocation,/mnt/ubna_data_01_mir/recover-20220825/UBNA_002/20220823_033000.WAV,Telephone Field,recover-20220825,002,1795
1645.5385,1645.5467,28046,39614,Eptesicus serotinus,0.008,0.023,-1,Echolocation,/mnt/ubna_data_01_mir/recover-20220825/UBNA_002/20220823_033000.WAV,Telephone Field,recover-20220825,002,1795
1645.5885,1645.5973,27187,37754,Eptesicus serotinus,0.008,0.022,-1,Echolocation,/mnt/ubna_data_01_mir/recover-20220825/UBNA_002/20220823_033000.WAV,Telephone Field,recover-20220825,002,1795
1645.6045,1645.6426,68437,82530,Rhinolophus ferrumequinum,0.022,0.022,-1,Echolocation,/mnt/ubna_data_01_mir/recover-20220825/UBNA_002/20220823_033000.WAV,Telephone Field,recover-20220825,002,1795
1645.6175,1645.6288,22890,28664,Nyctalus leisleri,0.012,0.029,-1,Echolocation,/mnt/ubna_data_01_mir/recover-20220825/UBNA_002/20220823_033000.WAV,Telephone Field,recover-20220825,002,1795
1645.6555,1645.6621,24609,36814,Plecotus austriacus,0.014,0.035,-1,Echolocation,/mnt/ubna_data_01_mir/recover-20220825/UBNA_002/20220823_033000.WAV,Telephone Field,recover-20220825,002,1795
1645.6635,1645.7024,68437,82372,Rhinolophus ferrumequinum,0.025,0.025,-1,Echolocation,/mnt/ubna_data_01_mir/recover-20220825/UBNA_002/20220823_033000.WAV,Telephone Field,recover-20220825,002,1795
1645.6755,1645.7156,68437,82741,Rhinolophus ferrumequinum,0.029,0.029,-1,Echolocation,/mnt/ubna_data_01_mir/recover-20220825/UBNA_002/20220823_033000.WAV,Telephone Field,recover-20220825,002,1795
1645.6755,1645.6852,22031,27447,Nyctalus leisleri,0.008,0.021,-1,Echolocation,/mnt/ubna_data_01_mir/recover-20220825/UBNA_002/20220823_033000.WAV,Telephone Field,recover-20220825,002,1795
1645.7165,1645.7545,68437,82402,Rhinolophus ferrumequinum,0.023,0.023,-1,Echolocation,/mnt/ubna_data_01_mir/recover-20220825/UBNA_002/20220823_033000.WAV,Telephone Field,recover-20220825,002,1795
1645.7305,1645.7412,22031,26271,Nyctalus leisleri,0.012,0.021,-1,Echolocation,/mnt/ubna_data_01_mir/recover-20220825/UBNA_002/20220823_033000.WAV,Telephone Field,recover-20220825,002,1795
1645.7465,1645.7554,28046,38640,Eptesicus serotinus,0.009,0.023,-1,Echolocation,/mnt/ubna_data_01_mir/recover-20220825/UBNA_002/20220823_033000.WAV,Telephone Field,recover-20220825,002,1795
1645.7835,1645.8248,68437,83048,Rhinolophus ferrumequinum,0.023,0.023,-1,Echolocation,/mnt/ubna_data_01_mir/recover-20220825/UBNA_002/20220823_033000.WAV,Telephone Field,recover-20220825,002,1795
1645.8285,1645.8432,22031,26139,Nyctalus leisleri,0.015,0.026,-1,Echolocation,/mnt/ubna_data_01_mir/recover-20220825/UBNA_002/20220823_033000.WAV,Telephone Field,recover-20220825,002,1795
1645.8415,1645.8495,25468,36125,Eptesicus serotinus,0.005,0.022,-1,Echolocation,/mnt/ubna_data_01_mir/recover-20220825/UBNA_002/20220823_033000.WAV,Telephone Field,recover-20220825,002,1795
1645.8555,1645.8957,68437,82503,Rhinolophus ferrumequinum,0.023,0.023,-1,Echolocation,/mnt/ubna_data_01_mir/recover-20220825/UBNA_002/20220823_033000.WAV,Telephone Field,recover-20220825,002,1795
1645.8725,1645.9112,68437,82185,Rhinolophus ferrumequinum,0.023,0.023,-1,Echolocation,/mnt/ubna_data_01_mir/recover-20220825/UBNA_002/20220823_033000.WAV,Telephone Field,recover-20220825,002,1795
1645.8785,1645.8858,28046,38016,Eptesicus serotinus,0.006,0.022,-1,Echolocation,/mnt/ubna_data_01_mir/recover-20220825/UBNA_002/20220823_033000.WAV,Telephone Field,recover-20220825,002,1795
1645.9015,1645.9386,68437,81688,Rhinolophus ferrumequinum,0.023,0.023,-1,Echolocation,/mnt/ubna_data_01_mir/recover-20220825/UBNA_002/20220823_033000.WAV,Telephone Field,recover-20220825,002,1795
1645.9055,1645.9136,26328,39016,Eptesicus serotinus,0.007,0.021,-1,Echolocation,/mnt/ubna_data_01_mir/recover-20220825/UBNA_002/20220823_033000.WAV,Telephone Field,recover-20220825,002,1795
1645.9325,1645.9709,68437,82283,Rhinolophus ferrumequinum,0.023,0.023,-1,Echolocation,/mnt/ubna_data_01_mir/recover-20220825/UBNA_002/20220823_033000.WAV,Telephone Field,recover-20220825,002,1795
1645.9515,1645.9639,22031,26035,Nyctalus leisleri,0.014,0.025,-1,Echolocation,/mnt/ubna_data_01_mir/recover-20220825/UBNA_002/20220823_033000.WAV,Telephone Field,recover-20220825,002,1795
1646.0015,1646.0342,69296,81306,Rhinolophus ferrumequinum,0.027,0.027,-1,Echolocation,/mnt/ubna_data_01_mir/recover-20220825/UBNA_002/20220823_033000.WAV,Telephone Field,recover-20220825,002,1795
1646.0015,1646.0111,22890,29075,Nyctalus leisleri,0.016,0.037,-1,Echolocation,/mnt/ubna_data_01_mir/recover-20220825/UBNA_002/20220823_033000.WAV,Telephone Field,recover-20220825,002,1795
1646.0115,1646.0573,68437,83065,Rhinolophus ferrumequinum,0.033,0.033,-1,Echolocation,/mnt/ubna_data_01_mir/recover-20220825/UBNA_002/20220823_033000.WAV,Telephone Field,recover-20220825,002,1795
1646.0185,1646.0258,25468,37141,Eptesicus serotinus,0.005,0.022,-1,Echolocation,/mnt/ubna_data_01_mir/recover-20220825/UBNA_002/20220823_033000.WAV,Telephone Field,recover-20220825,002,1795
1646.0475,1646.0833,68437,81721,Rhinolophus ferrumequinum,0.022,0.022,-1,Echolocation,/mnt/ubna_data_01_mir/recover-20220825/UBNA_002/20220823_033000.WAV,Telephone Field,recover-20220825,002,1795
1646.0895,1646.0989,28906,37181,Eptesicus serotinus,0.008,0.025,-1,Echolocation,/mnt/ubna_data_01_mir/recover-20220825/UBNA_002/20220823_033000.WAV,Telephone Field,recover-20220825,002,1795
1646.1095,1646.1199,22031,27050,Nyctalus leisleri,0.011,0.024,-1,Echolocation,/mnt/ubna_data_01_mir/recover-20220825/UBNA_002/20220823_033000.WAV,Telephone Field,recover-20220825,002,1795
1646.1205,1646.1594,68437,82223,Rhinolophus ferrumequinum,0.025,0.025,-1,Echolocation,/mnt/ubna_data_01_mir/recover-20220825/UBNA_002/20220823_033000.WAV,Telephone Field,recover-20220825,002,1795
1646.1265,1646.1353,26328,35873,Eptesicus serotinus,0.011,0.026,-1,Echolocation,/mnt/ubna_data_01_mir/recover-20220825/UBNA_002/20220823_033000.WAV,Telephone Field,recover-20220825,002,1795
1646.1355,1646.1692,68437,80887,Rhinolophus ferrumequinum,0.021,0.021,-1,Echolocation,/mnt/ubna_data_01_mir/recover-20220825/UBNA_002/20220823_033000.WAV,Telephone Field,recover-20220825,002,1795
1646.1615,1646.1694,23750,32073,Plecotus austriacus,0.009,0.023,-1,Echolocation,/mnt/ubna_data_01_mir/recover-20220825/UBNA_002/20220823_033000.WAV,Telephone Field,recover-20220825,002,1795
1646.1885,1646.1947,24609,36158,Plecotus austriacus,0.008,0.023,-1,Echolocation,/mnt/ubna_data_01_mir/recover-20220825/UBNA_002/20220823_033000.WAV,Telephone Field,recover-20220825,002,1795
1646.2085,1646.2494,68437,82476,Rhinolophus ferrumequinum,0.021,0.021,-1,Echolocation,/mnt/ubna_data_01_mir/recover-20220825/UBNA_002/20220823_033000.WAV,Telephone Field,recover-20220825,002,1795
1646.2295,1646.24,23750,29790,Nyctalus leisleri,0.01,0.023,-1,Echolocation,/mnt/ubna_data_01_mir/recover-20220825/UBNA_002/20220823_033000.WAV,Telephone Field,recover-20220825,002,1795
1646.2805,1646.3148,68437,81056,Rhinolophus ferrumequinum,0.027,0.027,-1,Echolocation,/mnt/ubna_data_01_mir/recover-20220825/UBNA_002/20220823_033000.WAV,Telephone Field,recover-20220825,002,1795
1646.3075,1646.319,22890,28008,Nyctalus leisleri,0.011,0.023,-1,Echolocation,/mnt/ubna_data_01_mir/recover-20220825/UBNA_002/20220823_033000.WAV,Telephone Field,recover-20220825,002,1795
1646.3125,1646.3234,22031,27037,Nyctalus leisleri,0.011,0.023,-1,Echolocation,/mnt/ubna_data_01_mir/recover-20220825/UBNA_002/20220823_033000.WAV,Telephone Field,recover-20220825,002,1795
1646.3265,1646.3651,68437,82341,Rhinolophus ferrumequinum,0.029,0.029,-1,Echolocation,/mnt/ubna_data_01_mir/recover-20220825/UBNA_002/20220823_033000.WAV,Telephone Field,recover-20220825,002,1795
1646.3625,1646.402,68437,82021,Rhinolophus ferrumequinum,0.026,0.026,-1,Echolocation,/mnt/ubna_data_01_mir/recover-20220825/UBNA_002/20220823_033000.WAV,Telephone Field,recover-20220825,002,1795
1646.3705,1646.408,68437,82070,Rhinolophus ferrumequinum,0.023,0.023,-1,Echolocation,/mnt/ubna_data_01_mir/recover-20220825/UBNA_002/20220823_033000.WAV,Telephone Field,recover-20220825,002,1795
1646.3955,1646.403,27187,39375,Eptesicus serotinus,0.007,0.022,-1,Echolocation,/mnt/ubna_data_01_mir/recover-20220825/UBNA_002/20220823_033000.WAV,Telephone Field,recover-20220825,002,1795
1646.4095,1646.4199,22890,29002,Nyctalus leisleri,0.011,0.03,-1,Echolocation,/mnt/ubna_data_01_mir/recover-20220825/UBNA_002/20220823_033000.WAV,Telephone Field,recover-20220825,002,1795
1646.4905,1646.5296,68437,82797,Rhinolophus ferrumequinum,0.03,0.03,-1,Echolocation,/mnt/ubna_data_01_mir/recover-20220825/UBNA_002/20220823_033000.WAV,Telephone Field,recover-20220825,002,1795
1646.5015,1646.5083,27187,37162,Eptesicus serotinus,0.01,0.031,-1,Echolocation,/mnt/ubna_data_01_mir/recover-20220825/UBNA_002/20220823_033000.WAV,Telephone Field,recover-20220825,002,1795
1646.5865,1646.6226,68437,81763,Rhinolophus ferrumequinum,0.023,0.023,-1,Echolocation,/mnt/ubna_data_01_mir/recover-20220825/UBNA_002/20220823_033000.WAV,Telephone Field,recover-20220825,002,1795
1646.5995,1646.6399,68437,82986,Rhinolophus ferrumequinum,0.023,0.023,-1,Echolocation,/mnt/ubna_data_01_mir/recover-20220825/UBNA_002/20220823_033000.WAV,Telephone Field,recover-20220825,002,1795
1646.6125,1646.6509,68437,82280,Rhinolophus ferrumequinum,0.022,0.022,-1,Echolocation,/mnt/ubna_data_01_mir/recover-20220825/UBNA_002/20220823_033000.WAV,Telephone Field,recover-20220825,002,1795
1646.6585,1646.6985,68437,82229,Rhinolophus ferrumequinum,0.024,0.024,-1,Echolocation,/mnt/ubna_data_01_mir/recover-20220825/UBNA_002/20220823_033000.WAV,Telephone Field,recover-20220825,002,1795
1646.6895,1646.7005,29765,37778,Eptesicus serotinus,0.013,0.03,-1,Echolocation,/mnt/ubna_data_01_mir/recover-20220825/UBNA_002/20220823_033000.WAV,Telephone Field,recover-20220825,002,1795
1646.6995,1646.7343,68437,81926,Rhinolophus ferrumequinum,0.024,0.024,-1,Echolocation,/mnt/ubna_data_01_mir/recover-20220825/UBNA_002/20220823_033000.WAV,Telephone Field,recover-20220825,002,1795
1646.7065,1646.7441,68437,81712,Rhinolophus ferrumequinum,0.022,0.022,-1,Echolocation,/mnt/ubna_data_01_mir/recover-20220825/UBNA_002/20220823_033000.WAV,Telephone Field,recover-20220825,002,1795
1646.7195,1646.7289,28906,37410,Eptesicus serotinus,0.011,0.026,-1,Echolocation,/mnt/ubna_data_01_mir/recover-20220825/UBNA_002/20220823_033000.WAV,Telephone Field,recover-20220825,002,1795
1646.7355,1646.7763,68437,82998,Rhinolophus ferrumequinum,0.023,0.023,-1,Echolocation,/mnt/ubna_data_01_mir/recover-20220825/UBNA_002/20220823_033000.WAV,Telephone Field,recover-20220825,002,1795
1646.7665,1646.8084,68437,82553,Rhinolophus ferrumequinum,0.023,0.023,-1,Echolocation,/mnt/ubna_data_01_mir/recover-20220825/UBNA_002/20220823_033000.WAV,Telephone Field,recover-20220825,002,1795
1646.7685,1646.7779,27187,38085,Eptesicus serotinus,0.008,0.022,-1,Echolocation,/mnt/ubna_data_01_mir/recover-20220825/UBNA_002/20220823_033000.WAV,Telephone Field,recover-20220825,002,1795
1646.7855,1646.8242,68437,82277,Rhinolophus ferrumequinum,0.022,0.022,-1,Echolocation,/mnt/ubna_data_01_mir/recover-20220825/UBNA_002/20220823_033000.WAV,Telephone Field,recover-20220825,002,1795
1646.8185,1646.8552,68437,80887,Rhinolophus ferrumequinum,0.022,0.022,-1,Echolocation,/mnt/ubna_data_01_mir/recover-20220825/UBNA_002/20220823_033000.WAV,Telephone Field,recover-20220825,002,1795
1646.8185,1646.8298,22031,26564,Nyctalus leisleri,0.011,0.023,-1,Echolocation,/mnt/ubna_data_01_mir/recover-20220825/UBNA_002/20220823_033000.WAV,Telephone Field,recover-20220825,002,1795
1646.8405,1646.8827,68437,83598,Rhinolophus ferrumequinum,0.036,0.036,-1,Echolocation,/mnt/ubna_data_01_mir/recover-20220825/UBNA_002/20220823_033000.WAV,Telephone Field,recover-20220825,002,1795
1646.8425,1646.8499,27187,38530,Eptesicus serotinus,0.006,0.022,-1,Echolocation,/mnt/ubna_data_01_mir/recover-20220825/UBNA_002/20220823_033000.WAV,Telephone Field,recover-20220825,002,1795
1646.8615,1646.8726,23750,29265,Nyctalus leisleri,0.012,0.026,-1,Echolocation,/mnt/ubna_data_01_mir/recover-20220825/UBNA_002/20220823_033000.WAV,Telephone Field,recover-20220825,002,1795
1646.8885,1646.9001,24609,30198,Nyctalus leisleri,0.012,0.027,-1,Echolocation,/mnt/ubna_data_01_mir/recover-20220825/UBNA_002/20220823_033000.WAV,Telephone Field,recover-20220825,002,1795
1646.8985,1646.9414,68437,83480,Rhinolophus ferrumequinum,0.041,0.041,-1,Echolocation,/mnt/ubna_data_01_mir/recover-20220825/UBNA_002/20220823_033000.WAV,Telephone Field,recover-20220825,002,1795
1646.9215,1646.956,68437,80597,Rhinolophus ferrumequinum,0.022,0.022,-1,Echolocation,/mnt/ubna_data_01_mir/recover-20220825/UBNA_002/20220823_033000.WAV,Telephone Field,recover-20220825,002,1795
1646.9615,1646.9968,68437,81522,Rhinolophus ferrumequinum,0.022,0.022,-1,Echolocation,/mnt/ubna_data_01_mir/recover-20220825/UBNA_002/20220823_033000.WAV,Telephone Field,recover-20220825,002,1795
1646.9675,1646.9745,23750,33158,Plecotus austriacus,0.01,0.027,-1,Echolocation,/mnt/ubna_data_01_mir/recover-20220825/UBNA_002/20220823_033000.WAV,Telephone Field,recover-20220825,002,1795
1646.9845,1647.0228,68437,82234,Rhinolophus ferrumequinum,0.026,0.026,-1,Echolocation,/mnt/ubna_data_01_mir/recover-20220825/UBNA_002/20220823_033000.WAV,Telephone Field,recover-20220825,002,1795
1646.9855,1646.9947,28906,37380,Eptesicus serotinus,0.008,0.023,-1,Echolocation,/mnt/ubna_data_01_mir/recover-20220825/UBNA_002/20220823_033000.WAV,Telephone Field,recover-20220825,002,1795
1647.0365,1647.0456,28906,37771,Eptesicus serotinus,0.009,0.023,-1,Echolocation,/mnt/ubna_data_01_mir/recover-20220825/UBNA_002/20220823_033000.WAV,Telephone Field,recover-20220825,002,1795
1647.0895,1647.1305,68437,82531,Rhinolophus ferrumequinum,0.024,0.024,-1,Echolocation,/mnt/ubna_data_01_mir/recover-20220825/UBNA_002/20220823_033000.WAV,Telephone Field,recover-20220825,002,1795
1647.0925,1647.099,47812,52673,Pipistrellus pipistrellus,0.028,0.029,-1,Echolocation,/mnt/ubna_data_01_mir/recover-20220825/UBNA_002/20220823_033000.WAV,Telephone Field,recover-20220825,002,1795
1647.1085,1647.1177,29765,37904,Eptesicus serotinus,0.007,0.021,-1,Echolocation,/mnt/ubna_data_01_mir/recover-20220825/UBNA_002/20220823_033000.WAV,Telephone Field,recover-20220825,002,1795
1647.1115,1647.1476,68437,81803,Rhinolophus ferrumequinum,0.022,0.022,-1,Echolocation,/mnt/ubna_data_01_mir/recover-20220825/UBNA_002/20220823_033000.WAV,Telephone Field,recover-20220825,002,1795
1647.1315,1647.1654,68437,81380,Rhinolophus ferrumequinum,0.022,0.022,-1,Echolocation,/mnt/ubna_data_01_mir/recover-20220825/UBNA_002/20220823_033000.WAV,Telephone Field,recover-20220825,002,1795
1647.1345,1647.1435,28046,36640,Eptesicus serotinus,0.008,0.022,-1,Echolocation,/mnt/ubna_data_01_mir/recover-20220825/UBNA_002/20220823_033000.WAV,Telephone Field,recover-20220825,002,1795
1647.1545,1647.1974,68437,82532,Rhinolophus ferrumequinum,0.036,0.036,-1,Echolocation,/mnt/ubna_data_01_mir/recover-20220825/UBNA_002/20220823_033000.WAV,Telephone Field,recover-20220825,002,1795
1647.1725,1647.1854,28906,34944,Eptesicus serotinus,0.021,0.036,-1,Echolocation,/mnt/ubna_data_01_mir/recover-20220825/UBNA_002/20220823_033000.WAV,Telephone Field,recover-20220825,002,1795
1647.1785,1647.2172,68437,82053,Rhinolophus ferrumequinum,0.021,0.021,-1,Echolocation,/mnt/ubna_data_01_mir/recover-20220825/UBNA_002/20220823_033000.WAV,Telephone Field,recover-20220825,002,1795
1647.1845,1647.1928,27187,37923,Eptesicus serotinus,0.007,0.022,-1,Echolocation,/mnt/ubna_data_01_mir/recover-20220825/UBNA_002/20220823_033000.WAV,Telephone Field,recover-20220825,002,1795
1647.2545,1647.2623,28906,40355,Eptesicus serotinus,0.006,0.022,-1,Echolocation,/mnt/ubna_data_01_mir/recover-20220825/UBNA_002/20220823_033000.WAV,Telephone Field,recover-20220825,002,1795
1647.2545,1647.2619,22890,31351,Plecotus austriacus,0.012,0.024,-1,Echolocation,/mnt/ubna_data_01_mir/recover-20220825/UBNA_002/20220823_033000.WAV,Telephone Field,recover-20220825,002,1795
1647.2775,1647.3169,68437,82271,Rhinolophus ferrumequinum,0.023,0.023,-1,Echolocation,/mnt/ubna_data_01_mir/recover-20220825/UBNA_002/20220823_033000.WAV,Telephone Field,recover-20220825,002,1795
1647.3255,1647.3596,68437,81885,Rhinolophus ferrumequinum,0.024,0.024,-1,Echolocation,/mnt/ubna_data_01_mir/recover-20220825/UBNA_002/20220823_033000.WAV,Telephone Field,recover-20220825,002,1795
1647.3305,1647.3399,24609,31674,Nyctalus leisleri,0.008,0.023,-1,Echolocation,/mnt/ubna_data_01_mir/recover-20220825/UBNA_002/20220823_033000.WAV,Telephone Field,recover-20220825,002,1795
1647.3575,1647.3683,23750,29694,Nyctalus leisleri,0.009,0.024,-1,Echolocation,/mnt/ubna_data_01_mir/recover-20220825/UBNA_002/20220823_033000.WAV,Telephone Field,recover-20220825,002,1795
1647.3775,1647.4176,68437,82444,Rhinolophus ferrumequinum,0.022,0.022,-1,Echolocation,/mnt/ubna_data_01_mir/recover-20220825/UBNA_002/20220823_033000.WAV,Telephone Field,recover-20220825,002,1795
1647.3825,1647.4226,68437,82386,Rhinolophus ferrumequinum,0.022,0.022,-1,Echolocation,/mnt/ubna_data_01_mir/recover-20220825/UBNA_002/20220823_033000.WAV,Telephone Field,recover-20220825,002,1795
1647.3855,1647.394,22890,31460,Plecotus austriacus,0.014,0.03,-1,Echolocation,/mnt/ubna_data_01_mir/recover-20220825/UBNA_002/20220823_033000.WAV,Telephone Field,recover-20220825,002,1795
1647.4185,1647.4598,68437,82618,Rhinolophus ferrumequinum,0.026,0.026,-1,Echolocation,/mnt/ubna_data_01_mir/recover-20220825/UBNA_002/20220823_033000.WAV,Telephone Field,recover-20220825,002,1795
1647.4415,1647.4801,68437,82335,Rhinolophus ferrumequinum,0.022,0.022,-1,Echolocation,/mnt/ubna_data_01_mir/recover-20220825/UBNA_002/20220823_033000.WAV,Telephone Field,recover-20220825,002,1795
1647.4555,1647.4934,68437,82177,Rhinolophus ferrumequinum,0.025,0.025,-1,Echolocation,/mnt/ubna_data_01_mir/recover-20220825/UBNA_002/20220823_033000.WAV,Telephone Field,recover-20220825,002,1795
1647.4785,1647.5155,68437,81840,Rhinolophus ferrumequinum,0.021,0.021,-1,Echolocation,/mnt/ubna_data_01_mir/recover-20220825/UBNA_002/20220823_033000.WAV,Telephone Field,recover-20220825,002,1795
1647.4985,1647.5332,68437,81639,Rhinolophus ferrumequinum,0.022,0.022,-1,Echolocation,/mnt/ubna_data_01_mir/recover-20220825/UBNA_002/20220823_033000.WAV,Telephone Field,recover-20220825,002,1795
1647.5035,1647.5106,27187,39486,Eptesicus serotinus,0.006,0.021,-1,Echolocation,/mnt/ubna_data_01_mir/recover-20220825/UBNA_002/20220823_033000.WAV,Telephone Field,recover-20220825,002,1795
1647.5535,1647.5639,21171,26273,Nyctalus leisleri,0.01,0.026,-1,Echolocation,/mnt/ubna_data_01_mir/recover-20220825/UBNA_002/20220823_033000.WAV,Telephone Field,recover-20220825,002,1795
1647.5725,1647.6153,68437,83400,Rhinolophus ferrumequinum,0.038,0.038,-1,Echolocation,/mnt/ubna_data_01_mir/recover-20220825/UBNA_002/20220823_033000.WAV,Telephone Field,recover-20220825,002,1795
1647.6285,1647.6641,68437,81680,Rhinolophus ferrumequinum,0.023,0.023,-1,Echolocation,/mnt/ubna_data_01_mir/recover-20220825/UBNA_002/20220823_033000.WAV,Telephone Field,recover-20220825,002,1795
1647.6345,1647.644,24609,31476,Nyctalus leisleri,0.007,0.022,-1,Echolocation,/mnt/ubna_data_01_mir/recover-20220825/UBNA_002/20220823_033000.WAV,Telephone Field,recover-20220825,002,1795
1647.6435,1647.6839,68437,82530,Rhinolophus ferrumequinum,0.023,0.023,-1,Echolocation,/mnt/ubna_data_01_mir/recover-20220825/UBNA_002/20220823_033000.WAV,Telephone Field,recover-20220825,002,1795
1647.6685,1647.7066,68437,82126,Rhinolophus ferrumequinum,0.024,0.024,-1,Echolocation,/mnt/ubna_data_01_mir/recover-20220825/UBNA_002/20220823_033000.WAV,Telephone Field,recover-20220825,002,1795
1647.6805,1647.6918,23750,29394,Nyctalus leisleri,0.01,0.021,-1,Echolocation,/mnt/ubna_data_01_mir/recover-20220825/UBNA_002/20220823_033000.WAV,Telephone Field,recover-20220825,002,1795
1647.7025,1647.7435,68437,82463,Rhinolophus ferrumequinum,0.022,0.022,-1,Echolocation,/mnt/ubna_data_01_mir/recover-20220825/UBNA_002/20220823_033000.WAV,Telephone Field,recover-20220825,002,1795
1647.7355,1647.7442,25468,34536,Eptesicus serotinus,0.01,0.025,-1,Echolocation,/mnt/ubna_data_01_mir/recover-20220825/UBNA_002/20220823_033000.WAV,Telephone Field,recover-20220825,002,1795
1647.7505,1647.7885,68437,81617,Rhinolophus ferrumequinum,0.021,0.021,-1,Echolocation,/mnt/ubna_data_01_mir/recover-20220825/UBNA_002/20220823_033000.WAV,Telephone Field,recover-20220825,002,1795
1647.7565,1647.7961,68437,81188,Rhinolophus ferrumequinum,0.021,0.022,-1,Echolocation,/mnt/ubna_data_01_mir/recover-20220825/UBNA_002/20220823_033000.WAV,Telephone Field,recover-20220825,002,1795
1647.7685,1647.7857,16875,21057,Nyctalus noctula,0.03,0.043,-1,Echolocation,/mnt/ubna_data_01_mir/recover-20220825/UBNA_002/20220823_033000.WAV,Telephone Field,recover-20220825,002,1795
1647.7885,1647.7994,28046,34669,Eptesicus serotinus,0.015,0.029,-1,Echolocation,/mnt/ubna_data_01_mir/recover-20220825/UBNA_002/20220823_033000.WAV,Telephone Field,recover-20220825,002,1795
1647.7925,1647.8284,68437,81320,Rhinolophus ferrumequinum,0.022,0.022,-1,Echolocation,/mnt/ubna_data_01_mir/recover-20220825/UBNA_002/20220823_033000.WAV,Telephone Field,recover-20220825,002,1795
1647.8065,1647.8144,28046,40488,Eptesicus serotinus,0.009,0.026,-1,Echolocation,/mnt/ubna_data_01_mir/recover-20220825/UBNA_002/20220823_033000.WAV,Telephone Field,recover-20220825,002,1795
1647.8595,1647.8674,24609,33010,Plecotus austriacus,0.006,0.021,-1,Echolocation,/mnt/ubna_data_01_mir/recover-20220825/UBNA_002/20220823_033000.WAV,Telephone Field,recover-20220825,002,1795
1647.8765,1647.8838,28046,39507,Eptesicus serotinus,0.006,0.022,-1,Echolocation,/mnt/ubna_data_01_mir/recover-20220825/UBNA_002/20220823_033000.WAV,Telephone Field,recover-20220825,002,1795
1647.8905,1647.8994,28046,37304,Eptesicus serotinus,0.008,0.022,-1,Echolocation,/mnt/ubna_data_01_mir/recover-20220825/UBNA_002/20220823_033000.WAV,Telephone Field,recover-20220825,002,1795
1647.9215,1647.9594,68437,82158,Rhinolophus ferrumequinum,0.028,0.028,-1,Echolocation,/mnt/ubna_data_01_mir/recover-20220825/UBNA_002/20220823_033000.WAV,Telephone Field,recover-20220825,002,1795
1647.9275,1647.9679,68437,82456,Rhinolophus ferrumequinum,0.025,0.025,-1,Echolocation,/mnt/ubna_data_01_mir/recover-20220825/UBNA_002/20220823_033000.WAV,Telephone Field,recover-20220825,002,1795
1647.9545,1647.9692,21171,24603,Nyctalus leisleri,0.016,0.024,-1,Echolocation,/mnt/ubna_data_01_mir/recover-20220825/UBNA_002/20220823_033000.WAV,Telephone Field,recover-20220825,002,1795
1648.0015,1648.0111,23750,30929,Nyctalus leisleri,0.01,0.028,-1,Echolocation,/mnt/ubna_data_01_mir/recover-20220825/UBNA_002/20220823_033000.WAV,Telephone Field,recover-20220825,002,1795
1648.0015,1648.0293,69296,80267,Rhinolophus ferrumequinum,0.024,0.024,-1,Echolocation,/mnt/ubna_data_01_mir/recover-20220825/UBNA_002/20220823_033000.WAV,Telephone Field,recover-20220825,002,1795
1648.0015,1648.0116,48671,53626,Pipistrellus pipistrellus,0.032,0.041,-1,Echolocation,/mnt/ubna_data_01_mir/recover-20220825/UBNA_002/20220823_033000.WAV,Telephone Field,recover-20220825,002,1795
1648.0105,1648.0221,22031,26399,Nyctalus leisleri,0.012,0.024,-1,Echolocation,/mnt/ubna_data_01_mir/recover-20220825/UBNA_002/20220823_033000.WAV,Telephone Field,recover-20220825,002,1795
1648.0205,1648.0595,68437,82012,Rhinolophus ferrumequinum,0.023,0.023,-1,Echolocation,/mnt/ubna_data_01_mir/recover-20220825/UBNA_002/20220823_033000.WAV,Telephone Field,recover-20220825,002,1795
1648.0685,1648.0739,33203,46776,Myotis daubentonii,0.011,0.028,-1,Echolocation,/mnt/ubna_data_01_mir/recover-20220825/UBNA_002/20220823_033000.WAV,Telephone Field,recover-20220825,002,1795
1648.0685,1648.0795,22890,29968,Nyctalus leisleri,0.018,0.044,-1,Echolocation,/mnt/ubna_data_01_mir/recover-20220825/UBNA_002/20220823_033000.WAV,Telephone Field,recover-20220825,002,1795
1648.0895,1648.1251,68437,81082,Rhinolophus ferrumequinum,0.024,0.024,-1,Echolocation,/mnt/ubna_data_01_mir/recover-20220825/UBNA_002/20220823_033000.WAV,Telephone Field,recover-20220825,002,1795
1648.1085,1648.1203,23750,29390,Nyctalus leisleri,0.023,0.055,-1,Echolocation,/mnt/ubna_data_01_mir/recover-20220825/UBNA_002/20220823_033000.WAV,Telephone Field,recover-20220825,002,1795
1648.1095,1648.1175,45234,49584,Pipistrellus pipistrellus,0.025,0.027,-1,Echolocation,/mnt/ubna_data_01_mir/recover-20220825/UBNA_002/20220823_033000.WAV,Telephone Field,recover-20220825,002,1795
1648.1345,1648.173,68437,82381,Rhinolophus ferrumequinum,0.04,0.04,-1,Echolocation,/mnt/ubna_data_01_mir/recover-20220825/UBNA_002/20220823_033000.WAV,Telephone Field,recover-20220825,002,1795
1648.1535,1648.1938,68437,82828,Rhinolophus ferrumequinum,0.023,0.023,-1,Echolocation,/mnt/ubna_data_01_mir/recover-20220825/UBNA_002/20220823_033000.WAV,Telephone Field,recover-20220825,002,1795
1648.1985,1648.2363,68437,82029,Rhinolophus ferrumequinum,0.024,0.024,-1,Echolocation,/mnt/ubna_data_01_mir/recover-20220825/UBNA_002/20220823_033000.WAV,Telephone Field,recover-20220825,002,1795
1648.2125,1648.2479,68437,81100,Rhinolophus ferrumequinum,0.026,0.026,-1,Echolocation,/mnt/ubna_data_01_mir/recover-20220825/UBNA_002/20220823_033000.WAV,Telephone Field,recover-20220825,002,1795
1648.2255,1648.2633,68437,82207,Rhinolophus ferrumequinum,0.023,0.023,-1,Echolocation,/mnt/ubna_data_01_mir/recover-20220825/UBNA_002/20220823_033000.WAV,Telephone Field,recover-20220825,002,1795
1648.2335,1648.2723,68437,82403,Rhinolophus ferrumequinum,0.025,0.025,-1,Echolocation,/mnt/ubna_data_01_mir/recover-20220825/UBNA_002/20220823_033000.WAV,Telephone Field,recover-20220825,002,1795
1648.3015,1648.3135,23750,29357,Nyctalus leisleri,0.011,0.025,-1,Echolocation,/mnt/ubna_data_01_mir/recover-20220825/UBNA_002/20220823_033000.WAV,Telephone Field,recover-20220825,002,1795
1648.3165,1648.3552,68437,82214,Rhinolophus ferrumequinum,0.024,0.024,-1,Echolocation,/mnt/ubna_data_01_mir/recover-20220825/UBNA_002/20220823_033000.WAV,Telephone Field,recover-20220825,002,1795
1648.3435,1648.3854,68437,83044,Rhinolophus ferrumequinum,0.023,0.023,-1,Echolocation,/mnt/ubna_data_01_mir/recover-20220825/UBNA_002/20220823_033000.WAV,Telephone Field,recover-20220825,002,1795
1648.3815,1648.4183,68437,81749,Rhinolophus ferrumequinum,0.032,0.032,-1,Echolocation,/mnt/ubna_data_01_mir/recover-20220825/UBNA_002/20220823_033000.WAV,Telephone Field,recover-20220825,002,1795
1648.4345,1648.4429,26328,35513,Eptesicus serotinus,0.011,0.025,-1,Echolocation,/mnt/ubna_data_01_mir/recover-20220825/UBNA_002/20220823_033000.WAV,Telephone Field,recover-20220825,002,1795
1648.4355,1648.4722,68437,81667,Rhinolophus ferrumequinum,0.023,0.023,-1,Echolocation,/mnt/ubna_data_01_mir/recover-20220825/UBNA_002/20220823_033000.WAV,Telephone Field,recover-20220825,002,1795
1648.4455,1648.4533,47812,53499,Pipistrellus pipistrellus,0.035,0.038,-1,Echolocation,/mnt/ubna_data_01_mir/recover-20220825/UBNA_002/20220823_033000.WAV,Telephone Field,recover-20220825,002,1795
1648.4585,1648.4994,68437,82703,Rhinolophus ferrumequinum,0.023,0.023,-1,Echolocation,/mnt/ubna_data_01_mir/recover-20220825/UBNA_002/20220823_033000.WAV,Telephone Field,recover-20220825,002,1795
1648.4885,1648.4967,23750,31571,Plecotus austriacus,0.008,0.023,-1,Echolocation,/mnt/ubna_data_01_mir/recover-20220825/UBNA_002/20220823_033000.WAV,Telephone Field,recover-20220825,002,1795
1648.4975,1648.5412,68437,83525,Rhinolophus ferrumequinum,0.045,0.045,-1,Echolocation,/mnt/ubna_data_01_mir/recover-20220825/UBNA_002/20220823_033000.WAV,Telephone Field,recover-20220825,002,1795
1648.5155,1648.5261,23750,30665,Nyctalus leisleri,0.008,0.024,-1,Echolocation,/mnt/ubna_data_01_mir/recover-20220825/UBNA_002/20220823_033000.WAV,Telephone Field,recover-20220825,002,1795
1648.5245,1648.5571,68437,81009,Rhinolophus ferrumequinum,0.023,0.023,-1,Echolocation,/mnt/ubna_data_01_mir/recover-20220825/UBNA_002/20220823_033000.WAV,Telephone Field,recover-20220825,002,1795
1648.5315,1648.5657,68437,81257,Rhinolophus ferrumequinum,0.023,0.023,-1,Echolocation,/mnt/ubna_data_01_mir/recover-20220825/UBNA_002/20220823_033000.WAV,Telephone Field,recover-20220825,002,1795
1648.5455,1648.5773,68437,79984,Rhinolophus ferrumequinum,0.035,0.035,-1,Echolocation,/mnt/ubna_data_01_mir/recover-20220825/UBNA_002/20220823_033000.WAV,Telephone Field,recover-20220825,002,1795
1648.6085,1648.6205,28906,36859,Eptesicus serotinus,0.02,0.032,-1,Echolocation,/mnt/ubna_data_01_mir/recover-20220825/UBNA_002/20220823_033000.WAV,Telephone Field,recover-20220825,002,1795
1648.6175,1648.6568,68437,82611,Rhinolophus ferrumequinum,0.024,0.024,-1,Echolocation,/mnt/ubna_data_01_mir/recover-20220825/UBNA_002/20220823_033000.WAV,Telephone Field,recover-20220825,002,1795
1648.6405,1648.6782,68437,81740,Rhinolophus ferrumequinum,0.023,0.023,-1,Echolocation,/mnt/ubna_data_01_mir/recover-20220825/UBNA_002/20220823_033000.WAV,Telephone Field,recover-20220825,002,1795
1648.6475,1648.6859,68437,81845,Rhinolophus ferrumequinum,0.025,0.025,-1,Echolocation,/mnt/ubna_data_01_mir/recover-20220825/UBNA_002/20220823_033000.WAV,Telephone Field,recover-20220825,002,1795
1648.6555,1648.6629,27187,38761,Eptesicus serotinus,0.009,0.025,-1,Echolocation,/mnt/ubna_data_01_mir/recover-20220825/UBNA_002/20220823_033000.WAV,Telephone Field,recover-20220825,002,1795
1648.7645,1648.7734,22890,29997,Plecotus austriacus,0.008,0.023,-1,Echolocation,/mnt/ubna_data_01_mir/recover-20220825/UBNA_002/20220823_033000.WAV,Telephone Field,recover-20220825,002,1795
1648.7855,1648.824,68437,82266,Rhinolophus ferrumequinum,0.025,0.025,-1,Echolocation,/mnt/ubna_data_01_mir/recover-20220825/UBNA_002/20220823_033000.WAV,Telephone Field,recover-20220825,002,1795
1648.8175,1648.828,28906,35778,Eptesicus serotinus,0.01,0.023,-1,Echolocation,/mnt/ubna_data_01_mir/recover-20220825/UBNA_002/20220823_033000.WAV,Telephone Field,recover-20220825,002,1795
1648.8215,1648.8589,68437,82130,Rhinolophus ferrumequinum,0.025,0.026,-1,Echolocation,/mnt/ubna_data_01_mir/recover-20220825/UBNA_002/20220823_033000.WAV,Telephone Field,recover-20220825,002,1795
1648.8355,1648.877,68437,82648,Rhinolophus ferrumequinum,0.027,0.027,-1,Echolocation,/mnt/ubna_data_01_mir/recover-20220825/UBNA_002/20220823_033000.WAV,Telephone Field,recover-20220825,002,1795
1648.8755,1648.9172,68437,83302,Rhinolophus ferrumequinum,0.024,0.024,-1,Echolocation,/mnt/ubna_data_01_mir/recover-20220825/UBNA_002/20220823_033000.WAV,Telephone Field,recover-20220825,002,1795
1648.8985,1648.907,26328,35104,Eptesicus serotinus,0.01,0.024,-1,Echolocation,/mnt/ubna_data_01_mir/recover-20220825/UBNA_002/20220823_033000.WAV,Telephone Field,recover-20220825,002,1795
1649.0065,1649.0464,68437,82760,Rhinolophus ferrumequinum,0.025,0.025,-1,Echolocation,/mnt/ubna_data_01_mir/recover-20220825/UBNA_002/20220823_033000.WAV,Telephone Field,recover-20220825,002,1795
1649.0635,1649.1065,68437,82623,Rhinolophus ferrumequinum,0.03,0.03,-1,Echolocation,/mnt/ubna_data_01_mir/recover-20220825/UBNA_002/20220823_033000.WAV,Telephone Field,recover-20220825,002,1795
1649.0885,1649.1292,68437,82545,Rhinolophus ferrumequinum,0.025,0.025,-1,Echolocation,/mnt/ubna_data_01_mir/recover-20220825/UBNA_002/20220823_033000.WAV,Telephone Field,recover-20220825,002,1795
1649.1155,1649.1243,25468,34315,Eptesicus serotinus,0.009,0.029,-1,Echolocation,/mnt/ubna_data_01_mir/recover-20220825/UBNA_002/20220823_033000.WAV,Telephone Field,recover-20220825,002,1795
1649.1245,1649.1624,68437,82235,Rhinolophus ferrumequinum,0.024,0.024,-1,Echolocation,/mnt/ubna_data_01_mir/recover-20220825/UBNA_002/20220823_033000.WAV,Telephone Field,recover-20220825,002,1795
1649.1495,1649.1872,68437,81829,Rhinolophus ferrumequinum,0.024,0.024,-1,Echolocation,/mnt/ubna_data_01_mir/recover-20220825/UBNA_002/20220823_033000.WAV,Telephone Field,recover-20220825,002,1795
1649.1825,1649.2207,68437,82175,Rhinolophus ferrumequinum,0.023,0.023,-1,Echolocation,/mnt/ubna_data_01_mir/recover-20220825/UBNA_002/20220823_033000.WAV,Telephone Field,recover-20220825,002,1795
1649.1895,1649.2289,68437,82896,Rhinolophus ferrumequinum,0.024,0.024,-1,Echolocation,/mnt/ubna_data_01_mir/recover-20220825/UBNA_002/20220823_033000.WAV,Telephone Field,recover-20220825,002,1795
1649.1995,1649.24,68437,82498,Rhinolophus ferrumequinum,0.023,0.023,-1,Echolocation,/mnt/ubna_data_01_mir/recover-20220825/UBNA_002/20220823_033000.WAV,Telephone Field,recover-20220825,002,1795
1649.2015,1649.212,27187,34697,Eptesicus serotinus,0.015,0.034,-1,Echolocation,/mnt/ubna_data_01_mir/recover-20220825/UBNA_002/20220823_033000.WAV,Telephone Field,recover-20220825,002,1795
1649.2205,1649.2558,68437,81465,Rhinolophus ferrumequinum,0.031,0.031,-1,Echolocation,/mnt/ubna_data_01_mir/recover-20220825/UBNA_002/20220823_033000.WAV,Telephone Field,recover-20220825,002,1795
1649.2415,1649.2817,68437,82654,Rhinolophus ferrumequinum,0.028,0.028,-1,Echolocation,/mnt/ubna_data_01_mir/recover-20220825/UBNA_002/20220823_033000.WAV,Telephone Field,recover-20220825,002,1795
1649.2725,1649.3142,68437,83349,Rhinolophus ferrumequinum,0.031,0.031,-1,Echolocation,/mnt/ubna_data_01_mir/recover-20220825/UBNA_002/20220823_033000.WAV,Telephone Field,recover-20220825,002,1795
1649.2935,1649.334,68437,82932,Rhinolophus ferrumequinum,0.024,0.024,-1,Echolocation,/mnt/ubna_data_01_mir/recover-20220825/UBNA_002/20220823_033000.WAV,Telephone Field,recover-20220825,002,1795
1649.3585,1649.3971,68437,81961,Rhinolophus ferrumequinum,0.023,0.023,-1,Echolocation,/mnt/ubna_data_01_mir/recover-20220825/UBNA_002/20220823_033000.WAV,Telephone Field,recover-20220825,002,1795
1649.3715,1649.3812,28906,37730,Eptesicus serotinus,0.011,0.026,-1,Echolocation,/mnt/ubna_data_01_mir/recover-20220825/UBNA_002/20220823_033000.WAV,Telephone Field,recover-20220825,002,1795
1649.3915,1649.4322,68437,82917,Rhinolophus ferrumequinum,0.025,0.025,-1,Echolocation,/mnt/ubna_data_01_mir/recover-20220825/UBNA_002/20220823_033000.WAV,Telephone Field,recover-20220825,002,1795
1649.4475,1649.4692,19453,22689,Nyctalus noctula,0.023,0.042,-1,Echolocation,/mnt/ubna_data_01_mir/recover-20220825/UBNA_002/20220823_033000.WAV,Telephone Field,recover-20220825,002,1795
1649.4935,1649.507,22890,27331,Nyctalus leisleri,0.026,0.048,-1,Echolocation,/mnt/ubna_data_01_mir/recover-20220825/UBNA_002/20220823_033000.WAV,Telephone Field,recover-20220825,002,1795
1649.6145,1649.6518,68437,82154,Rhinolophus ferrumequinum,0.023,0.023,-1,Echolocation,/mnt/ubna_data_01_mir/recover-20220825/UBNA_002/20220823_033000.WAV,Telephone Field,recover-20220825,002,1795
1649.6515,1649.6886,68437,81832,Rhinolophus ferrumequinum,0.025,0.025,-1,Echolocation,/mnt/ubna_data_01_mir/recover-20220825/UBNA_002/20220823_033000.WAV,Telephone Field,recover-20220825,002,1795
1649.6545,1649.6618,28046,38398,Eptesicus serotinus,0.007,0.023,-1,Echolocation,/mnt/ubna_data_01_mir/recover-20220825/UBNA_002/20220823_033000.WAV,Telephone Field,recover-20220825,002,1795
1649.6795,1649.7181,68437,81929,Rhinolophus ferrumequinum,0.024,0.024,-1,Echolocation,/mnt/ubna_data_01_mir/recover-20220825/UBNA_002/20220823_033000.WAV,Telephone Field,recover-20220825,002,1795
1649.6995,1649.7088,26328,35943,Eptesicus serotinus,0.01,0.026,-1,Echolocation,/mnt/ubna_data_01_mir/recover-20220825/UBNA_002/20220823_033000.WAV,Telephone Field,recover-20220825,002,1795
1649.7095,1649.7477,68437,82063,Rhinolophus ferrumequinum,0.026,0.026,-1,Echolocation,/mnt/ubna_data_01_mir/recover-20220825/UBNA_002/20220823_033000.WAV,Telephone Field,recover-20220825,002,1795
1649.7345,1649.7739,68437,83250,Rhinolophus ferrumequinum,0.033,0.033,-1,Echolocation,/mnt/ubna_data_01_mir/recover-20220825/UBNA_002/20220823_033000.WAV,Telephone Field,recover-20220825,002,1795
1649.7565,1649.7977,68437,83103,Rhinolophus ferrumequinum,0.026,0.026,-1,Echolocation,/mnt/ubna_data_01_mir/recover-20220825/UBNA_002/20220823_033000.WAV,Telephone Field,recover-20220825,002,1795
1649.7635,1649.8055,68437,83126,Rhinolophus ferrumequinum,0.025,0.025,-1,Echolocation,/mnt/ubna_data_01_mir/recover-20220825/UBNA_002/20220823_033000.WAV,Telephone Field,recover-20220825,002,1795
1649.7775,1649.8116,68437,80838,Rhinolophus ferrumequinum,0.025,0.025,-1,Echolocation,/mnt/ubna_data_01_mir/recover-20220825/UBNA_002/20220823_033000.WAV,Telephone Field,recover-20220825,002,1795
1649.8005,1649.8458,68437,83902,Rhinolophus ferrumequinum,0.052,0.052,-1,Echolocation,/mnt/ubna_data_01_mir/recover-20220825/UBNA_002/20220823_033000.WAV,Telephone Field,recover-20220825,002,1795
1649.8615,1649.9007,68437,82316,Rhinolophus ferrumequinum,0.023,0.023,-1,Echolocation,/mnt/ubna_data_01_mir/recover-20220825/UBNA_002/20220823_033000.WAV,Telephone Field,recover-20220825,002,1795
1649.8765,1649.914,68437,82307,Rhinolophus ferrumequinum,0.023,0.023,-1,Echolocation,/mnt/ubna_data_01_mir/recover-20220825/UBNA_002/20220823_033000.WAV,Telephone Field,recover-20220825,002,1795
1649.9235,1649.9324,27187,40660,Eptesicus serotinus,0.01,0.026,-1,Echolocation,/mnt/ubna_data_01_mir/recover-20220825/UBNA_002/20220823_033000.WAV,Telephone Field,recover-20220825,002,1795
1650.0015,1650.0135,17734,23844,Nyctalus noctula,0.012,0.03,-1,Echolocation,/mnt/ubna_data_01_mir/recover-20220825/UBNA_002/20220823_033000.WAV,Telephone Field,recover-20220825,002,1795
1650.0015,1650.0101,25468,35354,Nyctalus leisleri,0.009,0.03,-1,Echolocation,/mnt/ubna_data_01_mir/recover-20220825/UBNA_002/20220823_033000.WAV,Telephone Field,recover-20220825,002,1795
1650.0015,1650.0318,69296,80921,Rhinolophus ferrumequinum,0.028,0.028,-1,Echolocation,/mnt/ubna_data_01_mir/recover-20220825/UBNA_002/20220823_033000.WAV,Telephone Field,recover-20220825,002,1795
1650.0105,1650.0182,28046,37696,Eptesicus serotinus,0.006,0.021,-1,Echolocation,/mnt/ubna_data_01_mir/recover-20220825/UBNA_002/20220823_033000.WAV,Telephone Field,recover-20220825,002,1795
1650.0115,1650.0228,21171,24982,Nyctalus leisleri,0.013,0.023,-1,Echolocation,/mnt/ubna_data_01_mir/recover-20220825/UBNA_002/20220823_033000.WAV,Telephone Field,recover-20220825,002,1795
1650.0165,1650.0262,28906,37554,Eptesicus serotinus,0.008,0.024,-1,Echolocation,/mnt/ubna_data_01_mir/recover-20220825/UBNA_002/20220823_033000.WAV,Telephone Field,recover-20220825,002,1795
1650.0245,1650.0354,28906,35939,Eptesicus serotinus,0.01,0.023,-1,Echolocation,/mnt/ubna_data_01_mir/recover-20220825/UBNA_002/20220823_033000.WAV,Telephone Field,recover-20220825,002,1795
1650.0275,1650.0644,68437,81953,Rhinolophus ferrumequinum,0.023,0.023,-1,Echolocation,/mnt/ubna_data_01_mir/recover-20220825/UBNA_002/20220823_033000.WAV,Telephone Field,recover-20220825,002,1795
1650.0485,1650.0565,28906,38153,Eptesicus serotinus,0.007,0.021,-1,Echolocation,/mnt/ubna_data_01_mir/recover-20220825/UBNA_002/20220823_033000.WAV,Telephone Field,recover-20220825,002,1795
1650.0515,1650.0876,68437,81522,Rhinolophus ferrumequinum,0.021,0.021,-1,Echolocation,/mnt/ubna_data_01_mir/recover-20220825/UBNA_002/20220823_033000.WAV,Telephone Field,recover-20220825,002,1795
1650.0645,1650.1009,68437,81763,Rhinolophus ferrumequinum,0.023,0.023,-1,Echolocation,/mnt/ubna_data_01_mir/recover-20220825/UBNA_002/20220823_033000.WAV,Telephone Field,recover-20220825,002,1795
1650.0915,1650.1002,28046,38137,Eptesicus serotinus,0.009,0.025,-1,Echolocation,/mnt/ubna_data_01_mir/recover-20220825/UBNA_002/20220823_033000.WAV,Telephone Field,recover-20220825,002,1795
1650.1045,1650.146,68437,82814,Rhinolophus ferrumequinum,0.028,0.028,-1,Echolocation,/mnt/ubna_data_01_mir/recover-20220825/UBNA_002/20220823_033000.WAV,Telephone Field,recover-20220825,002,1795
1650.1155,1650.1252,28046,37003,Eptesicus serotinus,0.01,0.024,-1,Echolocation,/mnt/ubna_data_01_mir/recover-20220825/UBNA_002/20220823_033000.WAV,Telephone Field,recover-20220825,002,1795
1650.1335,1650.1416,28906,39714,Eptesicus serotinus,0.007,0.022,-1,Echolocation,/mnt/ubna_data_01_mir/recover-20220825/UBNA_002/20220823_033000.WAV,Telephone Field,recover-20220825,002,1795
1650.1465,1650.183,68437,81963,Rhinolophus ferrumequinum,0.02,0.02,-1,Echolocation,/mnt/ubna_data_01_mir/recover-20220825/UBNA_002/20220823_033000.WAV,Telephone Field,recover-20220825,002,1795
1650.1715,1650.2072,68437,81847,Rhinolophus ferrumequinum,0.022,0.023,-1,Echolocation,/mnt/ubna_data_01_mir/recover-20220825/UBNA_002/20220823_033000.WAV,Telephone Field,recover-20220825,002,1795
1650.1715,1650.1827,26328,33894,Eptesicus serotinus,0.014,0.03,-1,Echolocation,/mnt/ubna_data_01_mir/recover-20220825/UBNA_002/20220823_033000.WAV,Telephone Field,recover-20220825,002,1795
1650.2065,1650.2153,28046,37145,Eptesicus serotinus,0.008,0.023,-1,Echolocation,/mnt/ubna_data_01_mir/recover-20220825/UBNA_002/20220823_033000.WAV,Telephone Field,recover-20220825,002,1795
1650.2265,1650.2685,68437,83151,Rhinolophus ferrumequinum,0.029,0.029,-1,Echolocation,/mnt/ubna_data_01_mir/recover-20220825/UBNA_002/20220823_033000.WAV,Telephone Field,recover-20220825,002,1795
1650.2295,1650.2399,27187,35163,Eptesicus serotinus,0.009,0.022,-1,Echolocation,/mnt/ubna_data_01_mir/recover-20220825/UBNA_002/20220823_033000.WAV,Telephone Field,recover-20220825,002,1795
1650.2345,1650.2738,68437,82401,Rhinolophus ferrumequinum,0.028,0.028,-1,Echolocation,/mnt/ubna_data_01_mir/recover-20220825/UBNA_002/20220823_033000.WAV,Telephone Field,recover-20220825,002,1795
1650.2525,1650.2917,68437,81736,Rhinolophus ferrumequinum,0.026,0.026,-1,Echolocation,/mnt/ubna_data_01_mir/recover-20220825/UBNA_002/20220823_033000.WAV,Telephone Field,recover-20220825,002,1795
1650.2885,1650.3303,68437,82375,Rhinolophus ferrumequinum,0.023,0.023,-1,Echolocation,/mnt/ubna_data_01_mir/recover-20220825/UBNA_002/20220823_033000.WAV,Telephone Field,recover-20220825,002,1795
1650.3105,1650.3502,68437,82345,Rhinolophus ferrumequinum,0.023,0.023,-1,Echolocation,/mnt/ubna_data_01_mir/recover-20220825/UBNA_002/20220823_033000.WAV,Telephone Field,recover-20220825,002,1795
1650.3315,1650.3683,68437,81790,Rhinolophus ferrumequinum,0.02,0.02,-1,Echolocation,/mnt/ubna_data_01_mir/recover-20220825/UBNA_002/20220823_033000.WAV,Telephone Field,recover-20220825,002,1795
1650.3365,1650.3448,28046,38297,Eptesicus serotinus,0.006,0.021,-1,Echolocation,/mnt/ubna_data_01_mir/recover-20220825/UBNA_002/20220823_033000.WAV,Telephone Field,recover-20220825,002,1795
1650.3805,1650.4182,68437,81733,Rhinolophus ferrumequinum,0.021,0.021,-1,Echolocation,/mnt/ubna_data_01_mir/recover-20220825/UBNA_002/20220823_033000.WAV,Telephone Field,recover-20220825,002,1795
1650.3935,1650.405,28906,36095,Eptesicus serotinus,0.011,0.024,-1,Echolocation,/mnt/ubna_data_01_mir/recover-20220825/UBNA_002/20220823_033000.WAV,Telephone Field,recover-20220825,002,1795
1650.4245,1650.432,28906,39512,Eptesicus serotinus,0.006,0.021,-1,Echolocation,/mnt/ubna_data_01_mir/recover-20220825/UBNA_002/20220823_033000.WAV,Telephone Field,recover-20220825,002,1795
1650.4365,1650.4741,68437,82814,Rhinolophus ferrumequinum,0.024,0.024,-1,Echolocation,/mnt/ubna_data_01_mir/recover-20220825/UBNA_002/20220823_033000.WAV,Telephone Field,recover-20220825,002,1795
1650.4775,1650.4852,28046,38199,Eptesicus serotinus,0.007,0.022,-1,Echolocation,/mnt/ubna_data_01_mir/recover-20220825/UBNA_002/20220823_033000.WAV,Telephone Field,recover-20220825,002,1795
1650.4895,1650.5335,68437,83401,Rhinolophus ferrumequinum,0.043,0.043,-1,Echolocation,/mnt/ubna_data_01_mir/recover-20220825/UBNA_002/20220823_033000.WAV,Telephone Field,recover-20220825,002,1795
1650.5205,1650.5271,28046,40396,Myotis daubentonii,0.006,0.025,-1,Echolocation,/mnt/ubna_data_01_mir/recover-20220825/UBNA_002/20220823_033000.WAV,Telephone Field,recover-20220825,002,1795
1650.5375,1650.5743,68437,81519,Rhinolophus ferrumequinum,0.022,0.022,-1,Echolocation,/mnt/ubna_data_01_mir/recover-20220825/UBNA_002/20220823_033000.WAV,Telephone Field,recover-20220825,002,1795
1650.5535,1650.5617,26328,34493,Eptesicus serotinus,0.009,0.022,-1,Echolocation,/mnt/ubna_data_01_mir/recover-20220825/UBNA_002/20220823_033000.WAV,Telephone Field,recover-20220825,002,1795
1650.5735,1650.6098,68437,81485,Rhinolophus ferrumequinum,0.02,0.02,-1,Echolocation,/mnt/ubna_data_01_mir/recover-20220825/UBNA_002/20220823_033000.WAV,Telephone Field,recover-20220825,002,1795
1650.6075,1650.6483,68437,82991,Rhinolophus ferrumequinum,0.029,0.029,-1,Echolocation,/mnt/ubna_data_01_mir/recover-20220825/UBNA_002/20220823_033000.WAV,Telephone Field,recover-20220825,002,1795
1650.6185,1650.6603,68437,82774,Rhinolophus ferrumequinum,0.031,0.031,-1,Echolocation,/mnt/ubna_data_01_mir/recover-20220825/UBNA_002/20220823_033000.WAV,Telephone Field,recover-20220825,002,1795
1650.6565,1650.6948,68437,82633,Rhinolophus ferrumequinum,0.025,0.025,-1,Echolocation,/mnt/ubna_data_01_mir/recover-20220825/UBNA_002/20220823_033000.WAV,Telephone Field,recover-20220825,002,1795
1650.6805,1650.7206,68437,82422,Rhinolophus ferrumequinum,0.026,0.026,-1,Echolocation,/mnt/ubna_data_01_mir/recover-20220825/UBNA_002/20220823_033000.WAV,Telephone Field,recover-20220825,002,1795
1650.6855,1650.6975,23750,29148,Nyctalus leisleri,0.015,0.031,-1,Echolocation,/mnt/ubna_data_01_mir/recover-20220825/UBNA_002/20220823_033000.WAV,Telephone Field,recover-20220825,002,1795
1650.7055,1650.7417,68437,81070,Rhinolophus ferrumequinum,0.021,0.021,-1,Echolocation,/mnt/ubna_data_01_mir/recover-20220825/UBNA_002/20220823_033000.WAV,Telephone Field,recover-20220825,002,1795
1650.7275,1650.7349,26328,36774,Eptesicus serotinus,0.006,0.021,-1,Echolocation,/mnt/ubna_data_01_mir/recover-20220825/UBNA_002/20220823_033000.WAV,Telephone Field,recover-20220825,002,1795
1650.7445,1650.7821,68437,81362,Rhinolophus ferrumequinum,0.021,0.021,-1,Echolocation,/mnt/ubna_data_01_mir/recover-20220825/UBNA_002/20220823_033000.WAV,Telephone Field,recover-20220825,002,1795
1650.8325,1650.8419,28046,38705,Eptesicus serotinus,0.009,0.021,-1,Echolocation,/mnt/ubna_data_01_mir/recover-20220825/UBNA_002/20220823_033000.WAV,Telephone Field,recover-20220825,002,1795
1650.8385,1650.88,68437,82625,Rhinolophus ferrumequinum,0.025,0.025,-1,Echolocation,/mnt/ubna_data_01_mir/recover-20220825/UBNA_002/20220823_033000.WAV,Telephone Field,recover-20220825,002,1795
1650.8715,1650.8787,27187,38707,Eptesicus serotinus,0.008,0.026,-1,Echolocation,/mnt/ubna_data_01_mir/recover-20220825/UBNA_002/20220823_033000.WAV,Telephone Field,recover-20220825,002,1795
1650.8915,1650.9322,68437,82279,Rhinolophus ferrumequinum,0.024,0.024,-1,Echolocation,/mnt/ubna_data_01_mir/recover-20220825/UBNA_002/20220823_033000.WAV,Telephone Field,recover-20220825,002,1795
1650.9315,1650.9723,68437,82279,Rhinolophus ferrumequinum,0.021,0.021,-1,Echolocation,/mnt/ubna_data_01_mir/recover-20220825/UBNA_002/20220823_033000.WAV,Telephone Field,recover-20220825,002,1795
1650.9615,1651.0014,68437,82638,Rhinolophus ferrumequinum,0.022,0.022,-1,Echolocation,/mnt/ubna_data_01_mir/recover-20220825/UBNA_002/20220823_033000.WAV,Telephone Field,recover-20220825,002,1795
1650.9695,1650.9817,23750,29923,Nyctalus leisleri,0.015,0.033,-1,Echolocation,/mnt/ubna_data_01_mir/recover-20220825/UBNA_002/20220823_033000.WAV,Telephone Field,recover-20220825,002,1795
1650.9775,1650.9885,22890,27572,Nyctalus leisleri,0.012,0.024,-1,Echolocation,/mnt/ubna_data_01_mir/recover-20220825/UBNA_002/20220823_033000.WAV,Telephone Field,recover-20220825,002,1795
1650.9825,1651.0225,68437,82898,Rhinolophus ferrumequinum,0.024,0.024,-1,Echolocation,/mnt/ubna_data_01_mir/recover-20220825/UBNA_002/20220823_033000.WAV,Telephone Field,recover-20220825,002,1795
1651.0085,1651.018,25468,32935,Nyctalus leisleri,0.007,0.022,-1,Echolocation,/mnt/ubna_data_01_mir/recover-20220825/UBNA_002/20220823_033000.WAV,Telephone Field,recover-20220825,002,1795
1651.0085,1651.0505,68437,82901,Rhinolophus ferrumequinum,0.027,0.027,-1,Echolocation,/mnt/ubna_data_01_mir/recover-20220825/UBNA_002/20220823_033000.WAV,Telephone Field,recover-20220825,002,1795
1651.0635,1651.099,68437,81319,Rhinolophus ferrumequinum,0.022,0.022,-1,Echolocation,/mnt/ubna_data_01_mir/recover-20220825/UBNA_002/20220823_033000.WAV,Telephone Field,recover-20220825,002,1795
1651.0755,1651.0854,28046,37560,Eptesicus serotinus,0.012,0.027,-1,Echolocation,/mnt/ubna_data_01_mir/recover-20220825/UBNA_002/20220823_033000.WAV,Telephone Field,recover-20220825,002,1795
1651.0795,1651.1148,68437,80598,Rhinolophus ferrumequinum,0.022,0.022,-1,Echolocation,/mnt/ubna_data_01_mir/recover-20220825/UBNA_002/20220823_033000.WAV,Telephone Field,recover-20220825,002,1795
1651.1035,1651.1459,68437,83061,Rhinolophus ferrumequinum,0.029,0.029,-1,Echolocation,/mnt/ubna_data_01_mir/recover-20220825/UBNA_002/20220823_033000.WAV,Telephone Field,recover-20220825,002,1795
1651.1615,1651.1801,21171,25036,Nyctalus leisleri,0.023,0.043,-1,Echolocation,/mnt/ubna_data_01_mir/recover-20220825/UBNA_002/20220823_033000.WAV,Telephone Field,recover-20220825,002,1795
1651.1975,1651.236,68437,81783,Rhinolophus ferrumequinum,0.021,0.021,-1,Echolocation,/mnt/ubna_data_01_mir/recover-20220825/UBNA_002/20220823_033000.WAV,Telephone Field,recover-20220825,002,1795
1651.2045,1651.245,68437,82486,Rhinolophus ferrumequinum,0.02,0.02,-1,Echolocation,/mnt/ubna_data_01_mir/recover-20220825/UBNA_002/20220823_033000.WAV,Telephone Field,recover-20220825,002,1795
1651.2315,1651.2718,68437,82854,Rhinolophus ferrumequinum,0.023,0.023,-1,Echolocation,/mnt/ubna_data_01_mir/recover-20220825/UBNA_002/20220823_033000.WAV,Telephone Field,recover-20220825,002,1795
1651.2945,1651.337,68437,82989,Rhinolophus ferrumequinum,0.025,0.025,-1,Echolocation,/mnt/ubna_data_01_mir/recover-20220825/UBNA_002/20220823_033000.WAV,Telephone Field,recover-20220825,002,1795
1651.2965,1651.3065,23750,30981,Nyctalus leisleri,0.008,0.023,-1,Echolocation,/mnt/ubna_data_01_mir/recover-20220825/UBNA_002/20220823_033000.WAV,Telephone Field,recover-20220825,002,1795
1651.3275,1651.3643,68437,80518,Rhinolophus ferrumequinum,0.022,0.022,-1,Echolocation,/mnt/ubna_data_01_mir/recover-20220825/UBNA_002/20220823_033000.WAV,Telephone Field,recover-20220825,002,1795
1651.3685,1651.378,22890,29579,Nyctalus leisleri,0.007,0.022,-1,Echolocation,/mnt/ubna_data_01_mir/recover-20220825/UBNA_002/20220823_033000.WAV,Telephone Field,recover-20220825,002,1795
1651.3915,1651.4283,68437,81361,Rhinolophus ferrumequinum,0.025,0.025,-1,Echolocation,/mnt/ubna_data_01_mir/recover-20220825/UBNA_002/20220823_033000.WAV,Telephone Field,recover-20220825,002,1795
1651.4195,1651.462,68437,83257,Rhinolophus ferrumequinum,0.033,0.033,-1,Echolocation,/mnt/ubna_data_01_mir/recover-20220825/UBNA_002/20220823_033000.WAV,Telephone Field,recover-20220825,002,1795
1651.4415,1651.4819,68437,82268,Rhinolophus ferrumequinum,0.023,0.023,-1,Echolocation,/mnt/ubna_data_01_mir/recover-20220825/UBNA_002/20220823_033000.WAV,Telephone Field,recover-20220825,002,1795
1651.4715,1651.4832,28906,34782,Eptesicus serotinus,0.016,0.031,-1,Echolocation,/mnt/ubna_data_01_mir/recover-20220825/UBNA_002/20220823_033000.WAV,Telephone Field,recover-20220825,002,1795
1651.4835,1651.5233,68437,82095,Rhinolophus ferrumequinum,0.022,0.022,-1,Echolocation,/mnt/ubna_data_01_mir/recover-20220825/UBNA_002/20220823_033000.WAV,Telephone Field,recover-20220825,002,1795
1651.4905,1651.5303,68437,82395,Rhinolophus ferrumequinum,0.021,0.022,-1,Echolocation,/mnt/ubna_data_01_mir/recover-20220825/UBNA_002/20220823_033000.WAV,Telephone Field,recover-20220825,002,1795
1651.5205,1651.5308,23750,30168,Nyctalus leisleri,0.009,0.022,-1,Echolocation,/mnt/ubna_data_01_mir/recover-20220825/UBNA_002/20220823_033000.WAV,Telephone Field,recover-20220825,002,1795
1651.5255,1651.5613,68437,80806,Rhinolophus ferrumequinum,0.021,0.021,-1,Echolocation,/mnt/ubna_data_01_mir/recover-20220825/UBNA_002/20220823_033000.WAV,Telephone Field,recover-20220825,002,1795
1651.5355,1651.5722,68437,81448,Rhinolophus ferrumequinum,0.022,0.022,-1,Echolocation,/mnt/ubna_data_01_mir/recover-20220825/UBNA_002/20220823_033000.WAV,Telephone Field,recover-20220825,002,1795
1651.5605,1651.5704,44375,52372,Pipistrellus pipistrellus,0.018,0.028,-1,Echolocation,/mnt/ubna_data_01_mir/recover-20220825/UBNA_002/20220823_033000.WAV,Telephone Field,recover-20220825,002,1795
1651.5665,1651.6083,68437,82994,Rhinolophus ferrumequinum,0.032,0.032,-1,Echolocation,/mnt/ubna_data_01_mir/recover-20220825/UBNA_002/20220823_033000.WAV,Telephone Field,recover-20220825,002,1795
1651.6085,1651.6463,68437,81392,Rhinolophus ferrumequinum,0.02,0.02,-1,Echolocation,/mnt/ubna_data_01_mir/recover-20220825/UBNA_002/20220823_033000.WAV,Telephone Field,recover-20220825,002,1795
1651.6215,1651.6606,68437,82259,Rhinolophus ferrumequinum,0.022,0.022,-1,Echolocation,/mnt/ubna_data_01_mir/recover-20220825/UBNA_002/20220823_033000.WAV,Telephone Field,recover-20220825,002,1795
1651.6455,1651.6865,68437,83299,Rhinolophus ferrumequinum,0.027,0.027,-1,Echolocation,/mnt/ubna_data_01_mir/recover-20220825/UBNA_002/20220823_033000.WAV,Telephone Field,recover-20220825,002,1795
1651.6805,1651.7176,68437,81492,Rhinolophus ferrumequinum,0.021,0.021,-1,Echolocation,/mnt/ubna_data_01_mir/recover-20220825/UBNA_002/20220823_033000.WAV,Telephone Field,recover-20220825,002,1795
1651.6885,1651.6999,23750,28461,Nyctalus leisleri,0.019,0.035,-1,Echolocation,/mnt/ubna_data_01_mir/recover-20220825/UBNA_002/20220823_033000.WAV,Telephone Field,recover-20220825,002,1795
1651.6995,1651.7376,68437,82820,Rhinolophus ferrumequinum,0.022,0.022,-1,Echolocation,/mnt/ubna_data_01_mir/recover-20220825/UBNA_002/20220823_033000.WAV,Telephone Field,recover-20220825,002,1795
1651.7005,1651.7094,28906,38560,Eptesicus serotinus,0.007,0.021,-1,Echolocation,/mnt/ubna_data_01_mir/recover-20220825/UBNA_002/20220823_033000.WAV,Telephone Field,recover-20220825,002,1795
1651.7285,1651.7694,68437,82467,Rhinolophus ferrumequinum,0.026,0.026,-1,Echolocation,/mnt/ubna_data_01_mir/recover-20220825/UBNA_002/20220823_033000.WAV,Telephone Field,recover-20220825,002,1795
1651.7505,1651.7922,68437,83190,Rhinolophus ferrumequinum,0.036,0.036,-1,Echolocation,/mnt/ubna_data_01_mir/recover-20220825/UBNA_002/20220823_033000.WAV,Telephone Field,recover-20220825,002,1795
1651.7645,1651.8027,68437,82136,Rhinolophus ferrumequinum,0.022,0.022,-1,Echolocation,/mnt/ubna_data_01_mir/recover-20220825/UBNA_002/20220823_033000.WAV,Telephone Field,recover-20220825,002,1795
1651.7665,1651.7756,27187,37163,Eptesicus serotinus,0.008,0.022,-1,Echolocation,/mnt/ubna_data_01_mir/recover-20220825/UBNA_002/20220823_033000.WAV,Telephone Field,recover-20220825,002,1795
1651.7865,1651.8232,68437,81423,Rhinolophus ferrumequinum,0.021,0.021,-1,Echolocation,/mnt/ubna_data_01_mir/recover-20220825/UBNA_002/20220823_033000.WAV,Telephone Field,recover-20220825,002,1795
1651.8005,1651.8347,68437,81220,Rhinolophus ferrumequinum,0.025,0.025,-1,Echolocation,/mnt/ubna_data_01_mir/recover-20220825/UBNA_002/20220823_033000.WAV,Telephone Field,recover-20220825,002,1795
1651.8345,1651.8422,28046,37018,Eptesicus serotinus,0.006,0.021,-1,Echolocation,/mnt/ubna_data_01_mir/recover-20220825/UBNA_002/20220823_033000.WAV,Telephone Field,recover-20220825,002,1795
1651.8445,1651.8819,68437,81571,Rhinolophus ferrumequinum,0.029,0.029,-1,Echolocation,/mnt/ubna_data_01_mir/recover-20220825/UBNA_002/20220823_033000.WAV,Telephone Field,recover-20220825,002,1795
1651.8855,1651.92,68437,81049,Rhinolophus ferrumequinum,0.02,0.02,-1,Echolocation,/mnt/ubna_data_01_mir/recover-20220825/UBNA_002/20220823_033000.WAV,Telephone Field,recover-20220825,002,1795
1651.8905,1651.9013,46093,49943,Pipistrellus pipistrellus,0.022,0.024,-1,Echolocation,/mnt/ubna_data_01_mir/recover-20220825/UBNA_002/20220823_033000.WAV,Telephone Field,recover-20220825,002,1795
1651.9085,1651.9428,68437,80643,Rhinolophus ferrumequinum,0.021,0.021,-1,Echolocation,/mnt/ubna_data_01_mir/recover-20220825/UBNA_002/20220823_033000.WAV,Telephone Field,recover-20220825,002,1795
1651.9195,1651.9266,28906,39030,Eptesicus serotinus,0.005,0.022,-1,Echolocation,/mnt/ubna_data_01_mir/recover-20220825/UBNA_002/20220823_033000.WAV,Telephone Field,recover-20220825,002,1795
1651.9205,1651.9285,23750,32034,Plecotus austriacus,0.009,0.023,-1,Echolocation,/mnt/ubna_data_01_mir/recover-20220825/UBNA_002/20220823_033000.WAV,Telephone Field,recover-20220825,002,1795
1651.9385,1651.9475,27187,36507,Eptesicus serotinus,0.009,0.027,-1,Echolocation,/mnt/ubna_data_01_mir/recover-20220825/UBNA_002/20220823_033000.WAV,Telephone Field,recover-20220825,002,1795
1652.0015,1652.0322,68437,79426,Rhinolophus ferrumequinum,0.044,0.045,-1,Echolocation,/mnt/ubna_data_01_mir/recover-20220825/UBNA_002/20220823_033000.WAV,Telephone Field,recover-20220825,002,1795
1652.0015,1652.0094,22031,28881,Plecotus austriacus,0.008,0.026,-1,Echolocation,/mnt/ubna_data_01_mir/recover-20220825/UBNA_002/20220823_033000.WAV,Telephone Field,recover-20220825,002,1795
1652.0085,1652.0477,68437,82450,Rhinolophus ferrumequinum,0.025,0.025,-1,Echolocation,/mnt/ubna_data_01_mir/recover-20220825/UBNA_002/20220823_033000.WAV,Telephone Field,recover-20220825,002,1795
1652.0315,1652.0707,68437,82847,Rhinolophus ferrumequinum,0.022,0.022,-1,Echolocation,/mnt/ubna_data_01_mir/recover-20220825/UBNA_002/20220823_033000.WAV,Telephone Field,recover-20220825,002,1795
1652.0505,1652.0916,68437,82290,Rhinolophus ferrumequinum,0.022,0.022,-1,Echolocation,/mnt/ubna_data_01_mir/recover-20220825/UBNA_002/20220823_033000.WAV,Telephone Field,recover-20220825,002,1795
1652.0795,1652.0905,24609,30562,Nyctalus leisleri,0.01,0.024,-1,Echolocation,/mnt/ubna_data_01_mir/recover-20220825/UBNA_002/20220823_033000.WAV,Telephone Field,recover-20220825,002,1795
1652.1585,1652.1973,68437,81611,Rhinolophus ferrumequinum,0.022,0.022,-1,Echolocation,/mnt/ubna_data_01_mir/recover-20220825/UBNA_002/20220823_033000.WAV,Telephone Field,recover-20220825,002,1795
1652.1835,1652.1923,37500,45519,Pipistrellus nathusii,0.009,0.025,-1,Echolocation,/mnt/ubna_data_01_mir/recover-20220825/UBNA_002/20220823_033000.WAV,Telephone Field,recover-20220825,002,1795
1652.2205,1652.2616,68437,82598,Rhinolophus ferrumequinum,0.024,0.024,-1,Echolocation,/mnt/ubna_data_01_mir/recover-20220825/UBNA_002/20220823_033000.WAV,Telephone Field,recover-20220825,002,1795
1652.2435,1652.2835,68437,82509,Rhinolophus ferrumequinum,0.023,0.023,-1,Echolocation,/mnt/ubna_data_01_mir/recover-20220825/UBNA_002/20220823_033000.WAV,Telephone Field,recover-20220825,002,1795
1652.2685,1652.3066,68437,81992,Rhinolophus ferrumequinum,0.021,0.021,-1,Echolocation,/mnt/ubna_data_01_mir/recover-20220825/UBNA_002/20220823_033000.WAV,Telephone Field,recover-20220825,002,1795
1652.2805,1652.3172,68437,81450,Rhinolophus ferrumequinum,0.022,0.022,-1,Echolocation,/mnt/ubna_data_01_mir/recover-20220825/UBNA_002/20220823_033000.WAV,Telephone Field,recover-20220825,002,1795
1652.2935,1652.3354,68437,82992,Rhinolophus ferrumequinum,0.031,0.031,-1,Echolocation,/mnt/ubna_data_01_mir/recover-20220825/UBNA_002/20220823_033000.WAV,Telephone Field,recover-20220825,002,1795
1652.3175,1652.3609,68437,83437,Rhinolophus ferrumequinum,0.029,0.029,-1,Echolocation,/mnt/ubna_data_01_mir/recover-20220825/UBNA_002/20220823_033000.WAV,Telephone Field,recover-20220825,002,1795
1652.3555,1652.3661,49531,54811,Pipistrellus pipistrellus,0.015,0.021,-1,Echolocation,/mnt/ubna_data_01_mir/recover-20220825/UBNA_002/20220823_033000.WAV,Telephone Field,recover-20220825,002,1795
1652.3565,1652.4006,68437,82273,Rhinolophus ferrumequinum,0.038,0.038,-1,Echolocation,/mnt/ubna_data_01_mir/recover-20220825/UBNA_002/20220823_033000.WAV,Telephone Field,recover-20220825,002,1795
1652.3825,1652.4212,68437,82143,Rhinolophus ferrumequinum,0.021,0.021,-1,Echolocation,/mnt/ubna_data_01_mir/recover-20220825/UBNA_002/20220823_033000.WAV,Telephone Field,recover-20220825,002,1795
1652.3905,1652.4128,20312,23406,Nyctalus leisleri,0.026,0.052,-1,Echolocation,/mnt/ubna_data_01_mir/recover-20220825/UBNA_002/20220823_033000.WAV,Telephone Field,recover-20220825,002,1795
1652.4835,1652.4942,22890,28596,Nyctalus leisleri,0.012,0.027,-1,Echolocation,/mnt/ubna_data_01_mir/recover-20220825/UBNA_002/20220823_033000.WAV,Telephone Field,recover-20220825,002,1795
1652.5015,1652.5408,68437,83006,Rhinolophus ferrumequinum,0.024,0.024,-1,Echolocation,/mnt/ubna_data_01_mir/recover-20220825/UBNA_002/20220823_033000.WAV,Telephone Field,recover-20220825,002,1795
1652.5185,1652.5267,28046,38826,Eptesicus serotinus,0.008,0.022,-1,Echolocation,/mnt/ubna_data_01_mir/recover-20220825/UBNA_002/20220823_033000.WAV,Telephone Field,recover-20220825,002,1795
1652.5525,1652.5956,68437,83197,Rhinolophus ferrumequinum,0.024,0.024,-1,Echolocation,/mnt/ubna_data_01_mir/recover-20220825/UBNA_002/20220823_033000.WAV,Telephone Field,recover-20220825,002,1795
1652.6015,1652.6092,27187,40816,Eptesicus serotinus,0.007,0.021,-1,Echolocation,/mnt/ubna_data_01_mir/recover-20220825/UBNA_002/20220823_033000.WAV,Telephone Field,recover-20220825,002,1795
1652.6455,1652.6849,68437,82461,Rhinolophus ferrumequinum,0.021,0.021,-1,Echolocation,/mnt/ubna_data_01_mir/recover-20220825/UBNA_002/20220823_033000.WAV,Telephone Field,recover-20220825,002,1795
1652.6815,1652.6914,50390,55470,Pipistrellus pipistrellus,0.018,0.022,-1,Echolocation,/mnt/ubna_data_01_mir/recover-20220825/UBNA_002/20220823_033000.WAV,Telephone Field,recover-20220825,002,1795
1652.7395,1652.7774,68437,81375,Rhinolophus ferrumequinum,0.021,0.021,-1,Echolocation,/mnt/ubna_data_01_mir/recover-20220825/UBNA_002/20220823_033000.WAV,Telephone Field,recover-20220825,002,1795
1652.7875,1652.8257,68437,81664,Rhinolophus ferrumequinum,0.027,0.027,-1,Echolocation,/mnt/ubna_data_01_mir/recover-20220825/UBNA_002/20220823_033000.WAV,Telephone Field,recover-20220825,002,1795
1652.7955,1652.8032,25468,34344,Eptesicus serotinus,0.007,0.021,-1,Echolocation,/mnt/ubna_data_01_mir/recover-20220825/UBNA_002/20220823_033000.WAV,Telephone Field,recover-20220825,002,1795
1652.8035,1652.8123,25468,33257,Eptesicus serotinus,0.012,0.028,-1,Echolocation,/mnt/ubna_data_01_mir/recover-20220825/UBNA_002/20220823_033000.WAV,Telephone Field,recover-20220825,002,1795
1652.8045,1652.8458,68437,81940,Rhinolophus ferrumequinum,0.021,0.021,-1,Echolocation,/mnt/ubna_data_01_mir/recover-20220825/UBNA_002/20220823_033000.WAV,Telephone Field,recover-20220825,002,1795
1652.8435,1652.8522,28906,38735,Eptesicus serotinus,0.009,0.025,-1,Echolocation,/mnt/ubna_data_01_mir/recover-20220825/UBNA_002/20220823_033000.WAV,Telephone Field,recover-20220825,002,1795
1652.8565,1652.8938,68437,81302,Rhinolophus ferrumequinum,0.022,0.022,-1,Echolocation,/mnt/ubna_data_01_mir/recover-20220825/UBNA_002/20220823_033000.WAV,Telephone Field,recover-20220825,002,1795
1652.8755,1652.9112,68437,81346,Rhinolophus ferrumequinum,0.022,0.022,-1,Echolocation,/mnt/ubna_data_01_mir/recover-20220825/UBNA_002/20220823_033000.WAV,Telephone Field,recover-20220825,002,1795
1652.9115,1652.9217,28906,36008,Eptesicus serotinus,0.009,0.023,-1,Echolocation,/mnt/ubna_data_01_mir/recover-20220825/UBNA_002/20220823_033000.WAV,Telephone Field,recover-20220825,002,1795
1652.9675,1652.975,28906,38846,Eptesicus serotinus,0.006,0.021,-1,Echolocation,/mnt/ubna_data_01_mir/recover-20220825/UBNA_002/20220823_033000.WAV,Telephone Field,recover-20220825,002,1795
1652.9685,1652.9785,22031,27208,Nyctalus leisleri,0.01,0.026,-1,Echolocation,/mnt/ubna_data_01_mir/recover-20220825/UBNA_002/20220823_033000.WAV,Telephone Field,recover-20220825,002,1795
1652.9925,1653.0299,68437,81825,Rhinolophus ferrumequinum,0.022,0.022,-1,Echolocation,/mnt/ubna_data_01_mir/recover-20220825/UBNA_002/20220823_033000.WAV,Telephone Field,recover-20220825,002,1795
1652.9925,1653.0041,22890,28016,Nyctalus leisleri,0.014,0.029,-1,Echolocation,/mnt/ubna_data_01_mir/recover-20220825/UBNA_002/20220823_033000.WAV,Telephone Field,recover-20220825,002,1795
1652.9985,1653.0059,28046,40586,Eptesicus serotinus,0.008,0.024,-1,Echolocation,/mnt/ubna_data_01_mir/recover-20220825/UBNA_002/20220823_033000.WAV,Telephone Field,recover-20220825,002,1795
1653.0285,1653.0381,23750,30714,Nyctalus leisleri,0.007,0.021,-1,Echolocation,/mnt/ubna_data_01_mir/recover-20220825/UBNA_002/20220823_033000.WAV,Telephone Field,recover-20220825,002,1795
1653.0355,1653.0745,68437,81762,Rhinolophus ferrumequinum,0.024,0.024,-1,Echolocation,/mnt/ubna_data_01_mir/recover-20220825/UBNA_002/20220823_033000.WAV,Telephone Field,recover-20220825,002,1795
1653.0765,1653.0877,28046,34290,Eptesicus serotinus,0.02,0.036,-1,Echolocation,/mnt/ubna_data_01_mir/recover-20220825/UBNA_002/20220823_033000.WAV,Telephone Field,recover-20220825,002,1795
1653.0825,1653.125,68437,82801,Rhinolophus ferrumequinum,0.025,0.025,-1,Echolocation,/mnt/ubna_data_01_mir/recover-20220825/UBNA_002/20220823_033000.WAV,Telephone Field,recover-20220825,002,1795
1653.1025,1653.1133,22890,27291,Nyctalus leisleri,0.011,0.021,-1,Echolocation,/mnt/ubna_data_01_mir/recover-20220825/UBNA_002/20220823_033000.WAV,Telephone Field,recover-20220825,002,1795
1653.1575,1653.167,25468,32383,Eptesicus serotinus,0.008,0.024,-1,Echolocation,/mnt/ubna_data_01_mir/recover-20220825/UBNA_002/20220823_033000.WAV,Telephone Field,recover-20220825,002,1795
1653.1585,1653.1693,29765,35181,Eptesicus serotinus,0.01,0.022,-1,Echolocation,/mnt/ubna_data_01_mir/recover-20220825/UBNA_002/20220823_033000.WAV,Telephone Field,recover-20220825,002,1795
1653.2005,1653.2112,22890,28554,Nyctalus leisleri,0.01,0.023,-1,Echolocation,/mnt/ubna_data_01_mir/recover-20220825/UBNA_002/20220823_033000.WAV,Telephone Field,recover-20220825,002,1795
1653.2075,1653.2465,68437,81381,Rhinolophus ferrumequinum,0.021,0.021,-1,Echolocation,/mnt/ubna_data_01_mir/recover-20220825/UBNA_002/20220823_033000.WAV,Telephone Field,recover-20220825,002,1795
1653.2365,1653.2773,68437,82561,Rhinolophus ferrumequinum,0.021,0.021,-1,Echolocation,/mnt/ubna_data_01_mir/recover-20220825/UBNA_002/20220823_033000.WAV,Telephone Field,recover-20220825,002,1795
1653.2535,1653.264,27187,34126,Eptesicus serotinus,0.01,0.024,-1,Echolocation,/mnt/ubna_data_01_mir/recover-20220825/UBNA_002/20220823_033000.WAV,Telephone Field,recover-20220825,002,1795
1653.2785,1653.2855,28046,38716,Eptesicus serotinus,0.007,0.022,-1,Echolocation,/mnt/ubna_data_01_mir/recover-20220825/UBNA_002/20220823_033000.WAV,Telephone Field,recover-20220825,002,1795
1653.3325,1653.3441,24609,30988,Nyctalus leisleri,0.013,0.033,-1,Echolocation,/mnt/ubna_data_01_mir/recover-20220825/UBNA_002/20220823_033000.WAV,Telephone Field,recover-20220825,002,1795
1653.3615,1653.37,28906,36682,Eptesicus serotinus,0.008,0.023,-1,Echolocation,/mnt/ubna_data_01_mir/recover-20220825/UBNA_002/20220823_033000.WAV,Telephone Field,recover-20220825,002,1795
1653.3625,1653.3699,24609,32661,Plecotus austriacus,0.009,0.022,-1,Echolocation,/mnt/ubna_data_01_mir/recover-20220825/UBNA_002/20220823_033000.WAV,Telephone Field,recover-20220825,002,1795
1653.3725,1653.4095,68437,81677,Rhinolophus ferrumequinum,0.024,0.024,-1,Echolocation,/mnt/ubna_data_01_mir/recover-20220825/UBNA_002/20220823_033000.WAV,Telephone Field,recover-20220825,002,1795
1653.4035,1653.4108,28906,38761,Eptesicus serotinus,0.006,0.023,-1,Echolocation,/mnt/ubna_data_01_mir/recover-20220825/UBNA_002/20220823_033000.WAV,Telephone Field,recover-20220825,002,1795
1653.4055,1653.4461,68437,82873,Rhinolophus ferrumequinum,0.027,0.027,-1,Echolocation,/mnt/ubna_data_01_mir/recover-20220825/UBNA_002/20220823_033000.WAV,Telephone Field,recover-20220825,002,1795
1653.4225,1653.4639,68437,82676,Rhinolophus ferrumequinum,0.025,0.025,-1,Echolocation,/mnt/ubna_data_01_mir/recover-20220825/UBNA_002/20220823_033000.WAV,Telephone Field,recover-20220825,002,1795
1653.4285,1653.4386,24609,31964,Eptesicus serotinus,0.008,0.021,-1,Echolocation,/mnt/ubna_data_01_mir/recover-20220825/UBNA_002/20220823_033000.WAV,Telephone Field,recover-20220825,002,1795
1653.4935,1653.5374,68437,83102,Rhinolophus ferrumequinum,0.036,0.036,-1,Echolocation,/mnt/ubna_data_01_mir/recover-20220825/UBNA_002/20220823_033000.WAV,Telephone Field,recover-20220825,002,1795
1653.5335,1653.5702,68437,81369,Rhinolophus ferrumequinum,0.022,0.022,-1,Echolocation,/mnt/ubna_data_01_mir/recover-20220825/UBNA_002/20220823_033000.WAV,Telephone Field,recover-20220825,002,1795
1653.5665,1653.6095,68437,83243,Rhinolophus ferrumequinum,0.026,0.026,-1,Echolocation,/mnt/ubna_data_01_mir/recover-20220825/UBNA_002/20220823_033000.WAV,Telephone Field,recover-20220825,002,1795
1653.5975,1653.6064,23750,31575,Plecotus austriacus,0.006,0.021,-1,Echolocation,/mnt/ubna_data_01_mir/recover-20220825/UBNA_002/20220823_033000.WAV,Telephone Field,recover-20220825,002,1795
1653.6115,1653.6198,28046,36138,Eptesicus serotinus,0.01,0.025,-1,Echolocation,/mnt/ubna_data_01_mir/recover-20220825/UBNA_002/20220823_033000.WAV,Telephone Field,recover-20220825,002,1795
1653.6115,1653.6559,68437,83619,Rhinolophus ferrumequinum,0.038,0.038,-1,Echolocation,/mnt/ubna_data_01_mir/recover-20220825/UBNA_002/20220823_033000.WAV,Telephone Field,recover-20220825,002,1795
1653.6135,1653.632,19453,23415,Nyctalus noctula,0.014,0.027,-1,Echolocation,/mnt/ubna_data_01_mir/recover-20220825/UBNA_002/20220823_033000.WAV,Telephone Field,recover-20220825,002,1795
1653.6375,1653.6756,68437,81794,Rhinolophus ferrumequinum,0.021,0.021,-1,Echolocation,/mnt/ubna_data_01_mir/recover-20220825/UBNA_002/20220823_033000.WAV,Telephone Field,recover-20220825,002,1795
1653.6625,1653.674,37500,41777,Pipistrellus nathusii,0.018,0.028,-1,Echolocation,/mnt/ubna_data_01_mir/recover-20220825/UBNA_002/20220823_033000.WAV,Telephone Field,recover-20220825,002,1795
1653.6835,1653.7251,68437,82267,Rhinolophus ferrumequinum,0.024,0.024,-1,Echolocation,/mnt/ubna_data_01_mir/recover-20220825/UBNA_002/20220823_033000.WAV,Telephone Field,recover-20220825,002,1795
1653.7165,1653.7545,68437,81796,Rhinolophus ferrumequinum,0.021,0.022,-1,Echolocation,/mnt/ubna_data_01_mir/recover-20220825/UBNA_002/20220823_033000.WAV,Telephone Field,recover-20220825,002,1795
1653.7445,1653.7866,68437,82652,Rhinolophus ferrumequinum,0.027,0.027,-1,Echolocation,/mnt/ubna_data_01_mir/recover-20220825/UBNA_002/20220823_033000.WAV,Telephone Field,recover-20220825,002,1795
1653.7785,1653.8178,68437,82131,Rhinolophus ferrumequinum,0.021,0.021,-1,Echolocation,/mnt/ubna_data_01_mir/recover-20220825/UBNA_002/20220823_033000.WAV,Telephone Field,recover-20220825,002,1795
1653.7885,1653.8251,68437,81850,Rhinolophus ferrumequinum,0.021,0.021,-1,Echolocation,/mnt/ubna_data_01_mir/recover-20220825/UBNA_002/20220823_033000.WAV,Telephone Field,recover-20220825,002,1795
1653.8225,1653.8613,68437,81498,Rhinolophus ferrumequinum,0.022,0.022,-1,Echolocation,/mnt/ubna_data_01_mir/recover-20220825/UBNA_002/20220823_033000.WAV,Telephone Field,recover-20220825,002,1795
1653.8505,1653.8906,68437,82519,Rhinolophus ferrumequinum,0.023,0.023,-1,Echolocation,/mnt/ubna_data_01_mir/recover-20220825/UBNA_002/20220823_033000.WAV,Telephone Field,recover-20220825,002,1795
1653.8725,1653.881,21171,28175,Plecotus austriacus,0.015,0.027,-1,Echolocation,/mnt/ubna_data_01_mir/recover-20220825/UBNA_002/20220823_033000.WAV,Telephone Field,recover-20220825,002,1795
1653.9075,1653.9144,28046,41426,Eptesicus serotinus,0.006,0.024,-1,Echolocation,/mnt/ubna_data_01_mir/recover-20220825/UBNA_002/20220823_033000.WAV,Telephone Field,recover-20220825,002,1795
1653.9375,1653.9487,28906,35633,Eptesicus serotinus,0.013,0.027,-1,Echolocation,/mnt/ubna_data_01_mir/recover-20220825/UBNA_002/20220823_033000.WAV,Telephone Field,recover-20220825,002,1795
1653.9405,1653.9804,68437,81815,Rhinolophus ferrumequinum,0.022,0.022,-1,Echolocation,/mnt/ubna_data_01_mir/recover-20220825/UBNA_002/20220823_033000.WAV,Telephone Field,recover-20220825,002,1795
1653.9875,1653.9988,22031,26873,Nyctalus leisleri,0.011,0.024,-1,Echolocation,/mnt/ubna_data_01_mir/recover-20220825/UBNA_002/20220823_033000.WAV,Telephone Field,recover-20220825,002,1795
1654.0015,1654.0077,23750,36364,Plecotus austriacus,0.009,0.027,-1,Echolocation,/mnt/ubna_data_01_mir/recover-20220825/UBNA_002/20220823_033000.WAV,Telephone Field,recover-20220825,002,1795
1654.0015,1654.0347,69296,80691,Rhinolophus ferrumequinum,0.037,0.038,-1,Echolocation,/mnt/ubna_data_01_mir/recover-20220825/UBNA_002/20220823_033000.WAV,Telephone Field,recover-20220825,002,1795
1654.0015,1654.0107,46093,49595,Pipistrellus pipistrellus,0.025,0.031,-1,Echolocation,/mnt/ubna_data_01_mir/recover-20220825/UBNA_002/20220823_033000.WAV,Telephone Field,recover-20220825,002,1795
1654.0165,1654.0269,23750,30037,Nyctalus leisleri,0.011,0.028,-1,Echolocation,/mnt/ubna_data_01_mir/recover-20220825/UBNA_002/20220823_033000.WAV,Telephone Field,recover-20220825,002,1795
1654.0495,1654.0872,68437,81756,Rhinolophus ferrumequinum,0.024,0.024,-1,Echolocation,/mnt/ubna_data_01_mir/recover-20220825/UBNA_002/20220823_033000.WAV,Telephone Field,recover-20220825,002,1795
1654.0545,1654.0917,68437,81974,Rhinolophus ferrumequinum,0.023,0.024,-1,Echolocation,/mnt/ubna_data_01_mir/recover-20220825/UBNA_002/20220823_033000.WAV,Telephone Field,recover-20220825,002,1795
1654.1395,1654.1479,27187,35361,Eptesicus serotinus,0.007,0.021,-1,Echolocation,/mnt/ubna_data_01_mir/recover-20220825/UBNA_002/20220823_033000.WAV,Telephone Field,recover-20220825,002,1795
1654.1415,1654.1804,68437,82156,Rhinolophus ferrumequinum,0.023,0.023,-1,Echolocation,/mnt/ubna_data_01_mir/recover-20220825/UBNA_002/20220823_033000.WAV,Telephone Field,recover-20220825,002,1795
1654.1625,1654.2019,68437,82895,Rhinolophus ferrumequinum,0.027,0.027,-1,Echolocation,/mnt/ubna_data_01_mir/recover-20220825/UBNA_002/20220823_033000.WAV,Telephone Field,recover-20220825,002,1795
1654.1895,1654.2265,68437,81985,Rhinolophus ferrumequinum,0.033,0.033,-1,Echolocation,/mnt/ubna_data_01_mir/recover-20220825/UBNA_002/20220823_033000.WAV,Telephone Field,recover-20220825,002,1795
1654.1985,1654.2342,68437,81822,Rhinolophus ferrumequinum,0.024,0.024,-1,Echolocation,/mnt/ubna_data_01_mir/recover-20220825/UBNA_002/20220823_033000.WAV,Telephone Field,recover-20220825,002,1795
1654.2055,1654.2415,68437,81460,Rhinolophus ferrumequinum,0.021,0.021,-1,Echolocation,/mnt/ubna_data_01_mir/recover-20220825/UBNA_002/20220823_033000.WAV,Telephone Field,recover-20220825,002,1795
1654.2145,1654.2247,27187,34955,Eptesicus serotinus,0.009,0.023,-1,Echolocation,/mnt/ubna_data_01_mir/recover-20220825/UBNA_002/20220823_033000.WAV,Telephone Field,recover-20220825,002,1795
1654.2555,1654.2921,68437,81997,Rhinolophus ferrumequinum,0.024,0.024,-1,Echolocation,/mnt/ubna_data_01_mir/recover-20220825/UBNA_002/20220823_033000.WAV,Telephone Field,recover-20220825,002,1795
1654.2665,1654.2755,28906,38440,Eptesicus serotinus,0.007,0.022,-1,Echolocation,/mnt/ubna_data_01_mir/recover-20220825/UBNA_002/20220823_033000.WAV,Telephone Field,recover-20220825,002,1795
1654.2965,1654.3076,27187,34336,Eptesicus serotinus,0.011,0.024,-1,Echolocation,/mnt/ubna_data_01_mir/recover-20220825/UBNA_002/20220823_033000.WAV,Telephone Field,recover-20220825,002,1795
1654.3615,1654.4016,68437,81840,Rhinolophus ferrumequinum,0.021,0.021,-1,Echolocation,/mnt/ubna_data_01_mir/recover-20220825/UBNA_002/20220823_033000.WAV,Telephone Field,recover-20220825,002,1795
1654.4105,1654.4182,28046,40206,Eptesicus serotinus,0.007,0.021,-1,Echolocation,/mnt/ubna_data_01_mir/recover-20220825/UBNA_002/20220823_033000.WAV,Telephone Field,recover-20220825,002,1795
1654.4575,1654.4971,68437,82308,Rhinolophus ferrumequinum,0.025,0.025,-1,Echolocation,/mnt/ubna_data_01_mir/recover-20220825/UBNA_002/20220823_033000.WAV,Telephone Field,recover-20220825,002,1795
1654.4815,1654.5184,68437,82173,Rhinolophus ferrumequinum,0.033,0.033,-1,Echolocation,/mnt/ubna_data_01_mir/recover-20220825/UBNA_002/20220823_033000.WAV,Telephone Field,recover-20220825,002,1795
1654.5185,1654.5557,68437,81498,Rhinolophus ferrumequinum,0.022,0.022,-1,Echolocation,/mnt/ubna_data_01_mir/recover-20220825/UBNA_002/20220823_033000.WAV,Telephone Field,recover-20220825,002,1795
1654.5245,1654.5638,68437,81870,Rhinolophus ferrumequinum,0.022,0.022,-1,Echolocation,/mnt/ubna_data_01_mir/recover-20220825/UBNA_002/20220823_033000.WAV,Telephone Field,recover-20220825,002,1795
1654.5315,1654.5708,68437,82139,Rhinolophus ferrumequinum,0.022,0.022,-1,Echolocation,/mnt/ubna_data_01_mir/recover-20220825/UBNA_002/20220823_033000.WAV,Telephone Field,recover-20220825,002,1795
1654.5435,1654.5821,68437,82587,Rhinolophus ferrumequinum,0.021,0.021,-1,Echolocation,/mnt/ubna_data_01_mir/recover-20220825/UBNA_002/20220823_033000.WAV,Telephone Field,recover-20220825,002,1795
1654.5485,1654.5586,37500,43657,Pipistrellus nathusii,0.009,0.024,-1,Echolocation,/mnt/ubna_data_01_mir/recover-20220825/UBNA_002/20220823_033000.WAV,Telephone Field,recover-20220825,002,1795
1654.5515,1654.56,25468,34751,Eptesicus serotinus,0.012,0.042,-1,Echolocation,/mnt/ubna_data_01_mir/recover-20220825/UBNA_002/20220823_033000.WAV,Telephone Field,recover-20220825,002,1795
1654.5665,1654.6064,68437,82251,Rhinolophus ferrumequinum,0.023,0.023,-1,Echolocation,/mnt/ubna_data_01_mir/recover-20220825/UBNA_002/20220823_033000.WAV,Telephone Field,recover-20220825,002,1795
1654.5715,1654.5819,22890,28660,Nyctalus leisleri,0.01,0.023,-1,Echolocation,/mnt/ubna_data_01_mir/recover-20220825/UBNA_002/20220823_033000.WAV,Telephone Field,recover-20220825,002,1795
1654.5935,1654.6004,28046,40498,Eptesicus serotinus,0.006,0.024,-1,Echolocation,/mnt/ubna_data_01_mir/recover-20220825/UBNA_002/20220823_033000.WAV,Telephone Field,recover-20220825,002,1795
1654.6065,1654.6434,68437,82269,Rhinolophus ferrumequinum,0.023,0.023,-1,Echolocation,/mnt/ubna_data_01_mir/recover-20220825/UBNA_002/20220823_033000.WAV,Telephone Field,recover-20220825,002,1795
1654.6435,1654.681,68437,82413,Rhinolophus ferrumequinum,0.022,0.022,-1,Echolocation,/mnt/ubna_data_01_mir/recover-20220825/UBNA_002/20220823_033000.WAV,Telephone Field,recover-20220825,002,1795
1654.6695,1654.7105,68437,82369,Rhinolophus ferrumequinum,0.031,0.031,-1,Echolocation,/mnt/ubna_data_01_mir/recover-20220825/UBNA_002/20220823_033000.WAV,Telephone Field,recover-20220825,002,1795
1654.6975,1654.7368,68437,81791,Rhinolophus ferrumequinum,0.023,0.023,-1,Echolocation,/mnt/ubna_data_01_mir/recover-20220825/UBNA_002/20220823_033000.WAV,Telephone Field,recover-20220825,002,1795
1654.7335,1654.7764,68437,83115,Rhinolophus ferrumequinum,0.023,0.023,-1,Echolocation,/mnt/ubna_data_01_mir/recover-20220825/UBNA_002/20220823_033000.WAV,Telephone Field,recover-20220825,002,1795
1654.7415,1654.75,28046,38759,Eptesicus serotinus,0.008,0.022,-1,Echolocation,/mnt/ubna_data_01_mir/recover-20220825/UBNA_002/20220823_033000.WAV,Telephone Field,recover-20220825,002,1795
1654.7585,1654.7637,52109,58511,Pipistrellus pipistrellus,0.017,0.022,-1,Echolocation,/mnt/ubna_data_01_mir/recover-20220825/UBNA_002/20220823_033000.WAV,Telephone Field,recover-20220825,002,1795
1654.7625,1654.8017,68437,82576,Rhinolophus ferrumequinum,0.023,0.023,-1,Echolocation,/mnt/ubna_data_01_mir/recover-20220825/UBNA_002/20220823_033000.WAV,Telephone Field,recover-20220825,002,1795
1654.7745,1654.7893,22031,25831,Nyctalus leisleri,0.02,0.033,-1,Echolocation,/mnt/ubna_data_01_mir/recover-20220825/UBNA_002/20220823_033000.WAV,Telephone Field,recover-20220825,002,1795
1654.8035,1654.8441,68437,82736,Rhinolophus ferrumequinum,0.026,0.026,-1,Echolocation,/mnt/ubna_data_01_mir/recover-20220825/UBNA_002/20220823_033000.WAV,Telephone Field,recover-20220825,002,1795
1654.8095,1654.8285,16875,21365,Nyctalus noctula,0.028,0.038,-1,Echolocation,/mnt/ubna_data_01_mir/recover-20220825/UBNA_002/20220823_033000.WAV,Telephone Field,recover-20220825,002,1795
1654.8335,1654.8713,68437,82123,Rhinolophus ferrumequinum,0.026,0.026,-1,Echolocation,/mnt/ubna_data_01_mir/recover-20220825/UBNA_002/20220823_033000.WAV,Telephone Field,recover-20220825,002,1795
1654.8465,1654.8554,25468,37256,Eptesicus serotinus,0.006,0.023,-1,Echolocation,/mnt/ubna_data_01_mir/recover-20220825/UBNA_002/20220823_033000.WAV,Telephone Field,recover-20220825,002,1795
1654.8725,1654.8793,25468,37549,Plecotus austriacus,0.005,0.021,-1,Echolocation,/mnt/ubna_data_01_mir/recover-20220825/UBNA_002/20220823_033000.WAV,Telephone Field,recover-20220825,002,1795
1654.8815,1654.9131,68437,80188,Rhinolophus ferrumequinum,0.023,0.024,-1,Echolocation,/mnt/ubna_data_01_mir/recover-20220825/UBNA_002/20220823_033000.WAV,Telephone Field,recover-20220825,002,1795
1654.8905,1654.9322,68437,82462,Rhinolophus ferrumequinum,0.03,0.03,-1,Echolocation,/mnt/ubna_data_01_mir/recover-20220825/UBNA_002/20220823_033000.WAV,Telephone Field,recover-20220825,002,1795
1654.9095,1654.9195,24609,31131,Nyctalus leisleri,0.009,0.025,-1,Echolocation,/mnt/ubna_data_01_mir/recover-20220825/UBNA_002/20220823_033000.WAV,Telephone Field,recover-20220825,002,1795
1654.9305,1654.9673,68437,81633,Rhinolophus ferrumequinum,0.021,0.021,-1,Echolocation,/mnt/ubna_data_01_mir/recover-20220825/UBNA_002/20220823_033000.WAV,Telephone Field,recover-20220825,002,1795
1654.9375,1654.944,27187,40875,Eptesicus serotinus,0.007,0.025,-1,Echolocation,/mnt/ubna_data_01_mir/recover-20220825/UBNA_002/20220823_033000.WAV,Telephone Field,recover-20220825,002,1795
1654.9445,1654.9792,68437,81497,Rhinolophus ferrumequinum,0.022,0.022,-1,Echolocation,/mnt/ubna_data_01_mir/recover-20220825/UBNA_002/20220823_033000.WAV,Telephone Field,recover-20220825,002,1795
1654.9595,1654.996,68437,82383,Rhinolophus ferrumequinum,0.022,0.022,-1,Echolocation,/mnt/ubna_data_01_mir/recover-20220825/UBNA_002/20220823_033000.WAV,Telephone Field,recover-20220825,002,1795
1654.9875,1654.9989,23750,29471,Nyctalus leisleri,0.011,0.024,-1,Echolocation,/mnt/ubna_data_01_mir/recover-20220825/UBNA_002/20220823_033000.WAV,Telephone Field,recover-20220825,002,1795
1654.9995,1655.0373,68437,81749,Rhinolophus ferrumequinum,0.03,0.03,-1,Echolocation,/mnt/ubna_data_01_mir/recover-20220825/UBNA_002/20220823_033000.WAV,Telephone Field,recover-20220825,002,1795
1655.0935,1655.1333,68437,82681,Rhinolophus ferrumequinum,0.026,0.026,-1,Echolocation,/mnt/ubna_data_01_mir/recover-20220825/UBNA_002/20220823_033000.WAV,Telephone Field,recover-20220825,002,1795
1655.1035,1655.1105,27187,39794,Eptesicus serotinus,0.006,0.025,-1,Echolocation,/mnt/ubna_data_01_mir/recover-20220825/UBNA_002/20220823_033000.WAV,Telephone Field,recover-20220825,002,1795
1655.1035,1655.1093,34062,45511,Myotis daubentonii,0.007,0.022,-1,Echolocation,/mnt/ubna_data_01_mir/recover-20220825/UBNA_002/20220823_033000.WAV,Telephone Field,recover-20220825,002,1795
1655.1635,1655.2014,68437,81814,Rhinolophus ferrumequinum,0.024,0.024,-1,Echolocation,/mnt/ubna_data_01_mir/recover-20220825/UBNA_002/20220823_033000.WAV,Telephone Field,recover-20220825,002,1795
1655.1685,1655.1737,37500,54814,Myotis mystacinus,0.005,0.021,-1,Echolocation,/mnt/ubna_data_01_mir/recover-20220825/UBNA_002/20220823_033000.WAV,Telephone Field,recover-20220825,002,1795
1655.1865,1655.1975,23750,30240,Nyctalus leisleri,0.012,0.031,-1,Echolocation,/mnt/ubna_data_01_mir/recover-20220825/UBNA_002/20220823_033000.WAV,Telephone Field,recover-20220825,002,1795
1655.2325,1655.2722,68437,81837,Rhinolophus ferrumequinum,0.023,0.024,-1,Echolocation,/mnt/ubna_data_01_mir/recover-20220825/UBNA_002/20220823_033000.WAV,Telephone Field,recover-20220825,002,1795
1655.2345,1655.2439,28906,39004,Eptesicus serotinus,0.01,0.026,-1,Echolocation,/mnt/ubna_data_01_mir/recover-20220825/UBNA_002/20220823_033000.WAV,Telephone Field,recover-20220825,002,1795
1655.2535,1655.2934,68437,82602,Rhinolophus ferrumequinum,0.029,0.029,-1,Echolocation,/mnt/ubna_data_01_mir/recover-20220825/UBNA_002/20220823_033000.WAV,Telephone Field,recover-20220825,002,1795
1655.2645,1655.2725,27187,37447,Eptesicus serotinus,0.008,0.022,-1,Echolocation,/mnt/ubna_data_01_mir/recover-20220825/UBNA_002/20220823_033000.WAV,Telephone Field,recover-20220825,002,1795
1655.2815,1655.3213,68437,82381,Rhinolophus ferrumequinum,0.025,0.025,-1,Echolocation,/mnt/ubna_data_01_mir/recover-20220825/UBNA_002/20220823_033000.WAV,Telephone Field,recover-20220825,002,1795
1655.2825,1655.2904,28906,38250,Eptesicus serotinus,0.007,0.024,-1,Echolocation,/mnt/ubna_data_01_mir/recover-20220825/UBNA_002/20220823_033000.WAV,Telephone Field,recover-20220825,002,1795
1655.3005,1655.3119,44375,47341,Pipistrellus pipistrellus,0.031,0.034,-1,Echolocation,/mnt/ubna_data_01_mir/recover-20220825/UBNA_002/20220823_033000.WAV,Telephone Field,recover-20220825,002,1795
1655.3195,1655.3536,68437,81041,Rhinolophus ferrumequinum,0.022,0.022,-1,Echolocation,/mnt/ubna_data_01_mir/recover-20220825/UBNA_002/20220823_033000.WAV,Telephone Field,recover-20220825,002,1795
1655.3325,1655.3434,22031,26630,Nyctalus leisleri,0.012,0.023,-1,Echolocation,/mnt/ubna_data_01_mir/recover-20220825/UBNA_002/20220823_033000.WAV,Telephone Field,recover-20220825,002,1795
1655.3355,1655.3735,68437,81561,Rhinolophus ferrumequinum,0.023,0.023,-1,Echolocation,/mnt/ubna_data_01_mir/recover-20220825/UBNA_002/20220823_033000.WAV,Telephone Field,recover-20220825,002,1795
1655.3745,1655.4152,68437,82859,Rhinolophus ferrumequinum,0.026,0.026,-1,Echolocation,/mnt/ubna_data_01_mir/recover-20220825/UBNA_002/20220823_033000.WAV,Telephone Field,recover-20220825,002,1795
1655.4035,1655.4123,28906,39849,Eptesicus serotinus,0.009,0.027,-1,Echolocation,/mnt/ubna_data_01_mir/recover-20220825/UBNA_002/20220823_033000.WAV,Telephone Field,recover-20220825,002,1795
1655.4385,1655.4802,68437,82601,Rhinolophus ferrumequinum,0.026,0.026,-1,Echolocation,/mnt/ubna_data_01_mir/recover-20220825/UBNA_002/20220823_033000.WAV,Telephone Field,recover-20220825,002,1795
1655.4525,1655.4921,68437,82977,Rhinolophus ferrumequinum,0.022,0.022,-1,Echolocation,/mnt/ubna_data_01_mir/recover-20220825/UBNA_002/20220823_033000.WAV,Telephone Field,recover-20220825,002,1795
1655.4655,1655.5056,68437,82039,Rhinolophus ferrumequinum,0.021,0.021,-1,Echolocation,/mnt/ubna_data_01_mir/recover-20220825/UBNA_002/20220823_033000.WAV,Telephone Field,recover-20220825,002,1795
1655.4865,1655.4932,40078,55883,Myotis mystacinus,0.008,0.023,-1,Echolocation,/mnt/ubna_data_01_mir/recover-20220825/UBNA_002/20220823_033000.WAV,Telephone Field,recover-20220825,002,1795
1655.5265,1655.5696,68437,83332,Rhinolophus ferrumequinum,0.034,0.034,-1,Echolocation,/mnt/ubna_data_01_mir/recover-20220825/UBNA_002/20220823_033000.WAV,Telephone Field,recover-20220825,002,1795
1655.5515,1655.5919,68437,82357,Rhinolophus ferrumequinum,0.022,0.022,-1,Echolocation,/mnt/ubna_data_01_mir/recover-20220825/UBNA_002/20220823_033000.WAV,Telephone Field,recover-20220825,002,1795
1655.5635,1655.6039,68437,82524,Rhinolophus ferrumequinum,0.021,0.021,-1,Echolocation,/mnt/ubna_data_01_mir/recover-20220825/UBNA_002/20220823_033000.WAV,Telephone Field,recover-20220825,002,1795
1655.5765,1655.6191,68437,82854,Rhinolophus ferrumequinum,0.024,0.024,-1,Echolocation,/mnt/ubna_data_01_mir/recover-20220825/UBNA_002/20220823_033000.WAV,Telephone Field,recover-20220825,002,1795
1655.6145,1655.649,68437,81033,Rhinolophus ferrumequinum,0.021,0.021,-1,Echolocation,/mnt/ubna_data_01_mir/recover-20220825/UBNA_002/20220823_033000.WAV,Telephone Field,recover-20220825,002,1795
1655.6305,1655.643,46093,50197,Pipistrellus pipistrellus,0.036,0.039,-1,Echolocation,/mnt/ubna_data_01_mir/recover-20220825/UBNA_002/20220823_033000.WAV,Telephone Field,recover-20220825,002,1795
1655.6465,1655.6529,24609,34865,Plecotus austriacus,0.012,0.028,-1,Echolocation,/mnt/ubna_data_01_mir/recover-20220825/UBNA_002/20220823_033000.WAV,Telephone Field,recover-20220825,002,1795
1655.6475,1655.6875,68437,82351,Rhinolophus ferrumequinum,0.027,0.027,-1,Echolocation,/mnt/ubna_data_01_mir/recover-20220825/UBNA_002/20220823_033000.WAV,Telephone Field,recover-20220825,002,1795
1655.6565,1655.6922,68437,81786,Rhinolophus ferrumequinum,0.022,0.022,-1,Echolocation,/mnt/ubna_data_01_mir/recover-20220825/UBNA_002/20220823_033000.WAV,Telephone Field,recover-20220825,002,1795
1655.6625,1655.6724,28906,36691,Eptesicus serotinus,0.009,0.024,-1,Echolocation,/mnt/ubna_data_01_mir/recover-20220825/UBNA_002/20220823_033000.WAV,Telephone Field,recover-20220825,002,1795
1655.6695,1655.6799,28906,36183,Eptesicus serotinus,0.011,0.025,-1,Echolocation,/mnt/ubna_data_01_mir/recover-20220825/UBNA_002/20220823_033000.WAV,Telephone Field,recover-20220825,002,1795
1655.6855,1655.7245,68437,82138,Rhinolophus ferrumequinum,0.024,0.024,-1,Echolocation,/mnt/ubna_data_01_mir/recover-20220825/UBNA_002/20220823_033000.WAV,Telephone Field,recover-20220825,002,1795
1655.6875,1655.6958,45234,57278,Pipistrellus pipistrellus,0.014,0.022,-1,Echolocation,/mnt/ubna_data_01_mir/recover-20220825/UBNA_002/20220823_033000.WAV,Telephone Field,recover-20220825,002,1795
1655.6995,1655.7084,48671,52847,Pipistrellus pipistrellus,0.031,0.034,-1,Echolocation,/mnt/ubna_data_01_mir/recover-20220825/UBNA_002/20220823_033000.WAV,Telephone Field,recover-20220825,002,1795
1655.7055,1655.742,68437,81278,Rhinolophus ferrumequinum,0.022,0.022,-1,Echolocation,/mnt/ubna_data_01_mir/recover-20220825/UBNA_002/20220823_033000.WAV,Telephone Field,recover-20220825,002,1795
1655.7295,1655.7391,21171,27503,Plecotus austriacus,0.01,0.029,-1,Echolocation,/mnt/ubna_data_01_mir/recover-20220825/UBNA_002/20220823_033000.WAV,Telephone Field,recover-20220825,002,1795
1655.7555,1655.7956,68437,82849,Rhinolophus ferrumequinum,0.033,0.033,-1,Echolocation,/mnt/ubna_data_01_mir/recover-20220825/UBNA_002/20220823_033000.WAV,Telephone Field,recover-20220825,002,1795
1655.8065,1655.8502,68437,83191,Rhinolophus ferrumequinum,0.035,0.035,-1,Echolocation,/mnt/ubna_data_01_mir/recover-20220825/UBNA_002/20220823_033000.WAV,Telephone Field,recover-20220825,002,1795
1655.8065,1655.8157,27187,36869,Eptesicus serotinus,0.008,0.023,-1,Echolocation,/mnt/ubna_data_01_mir/recover-20220825/UBNA_002/20220823_033000.WAV,Telephone Field,recover-20220825,002,1795
1655.8215,1655.8292,28046,38324,Eptesicus serotinus,0.006,0.022,-1,Echolocation,/mnt/ubna_data_01_mir/recover-20220825/UBNA_002/20220823_033000.WAV,Telephone Field,recover-20220825,002,1795
1655.9125,1655.9232,22890,27267,Nyctalus leisleri,0.011,0.021,-1,Echolocation,/mnt/ubna_data_01_mir/recover-20220825/UBNA_002/20220823_033000.WAV,Telephone Field,recover-20220825,002,1795
1655.9205,1655.93,44375,54342,Pipistrellus pipistrellus,0.015,0.022,-1,Echolocation,/mnt/ubna_data_01_mir/recover-20220825/UBNA_002/20220823_033000.WAV,Telephone Field,recover-20220825,002,1795
1655.9215,1655.932,22890,28457,Nyctalus leisleri,0.009,0.022,-1,Echolocation,/mnt/ubna_data_01_mir/recover-20220825/UBNA_002/20220823_033000.WAV,Telephone Field,recover-20220825,002,1795
1655.9515,1655.9849,68437,81077,Rhinolophus ferrumequinum,0.022,0.022,-1,Echolocation,/mnt/ubna_data_01_mir/recover-20220825/UBNA_002/20220823_033000.WAV,Telephone Field,recover-20220825,002,1795
1655.9555,1655.967,22031,27661,Nyctalus leisleri,0.011,0.029,-1,Echolocation,/mnt/ubna_data_01_mir/recover-20220825/UBNA_002/20220823_033000.WAV,Telephone Field,recover-20220825,002,1795
1656.0015,1656.0094,22031,30468,Plecotus austriacus,0.011,0.038,-1,Echolocation,/mnt/ubna_data_01_mir/recover-20220825/UBNA_002/20220823_033000.WAV,Telephone Field,recover-20220825,002,1795
1656.0015,1656.0116,32343,37784,Eptesicus serotinus,0.012,0.038,-1,Echolocation,/mnt/ubna_data_01_mir/recover-20220825/UBNA_002/20220823_033000.WAV,Telephone Field,recover-20220825,002,1795
1656.0015,1656.0336,69296,80942,Rhinolophus ferrumequinum,0.027,0.028,-1,Echolocation,/mnt/ubna_data_01_mir/recover-20220825/UBNA_002/20220823_033000.WAV,Telephone Field,recover-20220825,002,1795
1656.0855,1656.1271,68437,83184,Rhinolophus ferrumequinum,0.025,0.025,-1,Echolocation,/mnt/ubna_data_01_mir/recover-20220825/UBNA_002/20220823_033000.WAV,Telephone Field,recover-20220825,002,1795
1656.1095,1656.1469,68437,80959,Rhinolophus ferrumequinum,0.025,0.025,-1,Echolocation,/mnt/ubna_data_01_mir/recover-20220825/UBNA_002/20220823_033000.WAV,Telephone Field,recover-20220825,002,1795
1656.1485,1656.1548,28046,40122,Eptesicus serotinus,0.006,0.024,-1,Echolocation,/mnt/ubna_data_01_mir/recover-20220825/UBNA_002/20220823_033000.WAV,Telephone Field,recover-20220825,002,1795
1656.1625,1656.1979,68437,82277,Rhinolophus ferrumequinum,0.023,0.023,-1,Echolocation,/mnt/ubna_data_01_mir/recover-20220825/UBNA_002/20220823_033000.WAV,Telephone Field,recover-20220825,002,1795
1656.1785,1656.186,27187,40722,Eptesicus serotinus,0.007,0.022,-1,Echolocation,/mnt/ubna_data_01_mir/recover-20220825/UBNA_002/20220823_033000.WAV,Telephone Field,recover-20220825,002,1795
1656.1885,1656.1955,28046,37350,Eptesicus serotinus,0.007,0.022,-1,Echolocation,/mnt/ubna_data_01_mir/recover-20220825/UBNA_002/20220823_033000.WAV,Telephone Field,recover-20220825,002,1795
1656.2535,1656.2616,27187,41325,Eptesicus serotinus,0.007,0.022,-1,Echolocation,/mnt/ubna_data_01_mir/recover-20220825/UBNA_002/20220823_033000.WAV,Telephone Field,recover-20220825,002,1795
1656.3055,1656.3148,23750,31426,Nyctalus leisleri,0.008,0.025,-1,Echolocation,/mnt/ubna_data_01_mir/recover-20220825/UBNA_002/20220823_033000.WAV,Telephone Field,recover-20220825,002,1795
1656.3295,1656.3673,68437,81929,Rhinolophus ferrumequinum,0.025,0.025,-1,Echolocation,/mnt/ubna_data_01_mir/recover-20220825/UBNA_002/20220823_033000.WAV,Telephone Field,recover-20220825,002,1795
1656.3615,1656.3672,35781,48890,Myotis daubentonii,0.009,0.024,-1,Echolocation,/mnt/ubna_data_01_mir/recover-20220825/UBNA_002/20220823_033000.WAV,Telephone Field,recover-20220825,002,1795
1656.3625,1656.3692,24609,38611,Plecotus austriacus,0.008,0.027,-1,Echolocation,/mnt/ubna_data_01_mir/recover-20220825/UBNA_002/20220823_033000.WAV,Telephone Field,recover-20220825,002,1795
1656.3955,1656.402,34062,46122,Myotis daubentonii,0.01,0.023,-1,Echolocation,/mnt/ubna_data_01_mir/recover-20220825/UBNA_002/20220823_033000.WAV,Telephone Field,recover-20220825,002,1795
1656.3985,1656.4057,27187,39958,Eptesicus serotinus,0.006,0.024,-1,Echolocation,/mnt/ubna_data_01_mir/recover-20220825/UBNA_002/20220823_033000.WAV,Telephone Field,recover-20220825,002,1795
1656.4075,1656.447,68437,82750,Rhinolophus ferrumequinum,0.022,0.022,-1,Echolocation,/mnt/ubna_data_01_mir/recover-20220825/UBNA_002/20220823_033000.WAV,Telephone Field,recover-20220825,002,1795
1656.4265,1656.4376,25468,32479,Eptesicus serotinus,0.011,0.028,-1,Echolocation,/mnt/ubna_data_01_mir/recover-20220825/UBNA_002/20220823_033000.WAV,Telephone Field,recover-20220825,002,1795
1656.4675,1656.5058,68437,82020,Rhinolophus ferrumequinum,0.023,0.023,-1,Echolocation,/mnt/ubna_data_01_mir/recover-20220825/UBNA_002/20220823_033000.WAV,Telephone Field,recover-20220825,002,1795
1656.4755,1656.4814,28046,46755,Eptesicus serotinus,0.015,0.056,-1,Echolocation,/mnt/ubna_data_01_mir/recover-20220825/UBNA_002/20220823_033000.WAV,Telephone Field,recover-20220825,002,1795
1656.4915,1656.5001,24609,31888,Nyctalus leisleri,0.007,0.026,-1,Echolocation,/mnt/ubna_data_01_mir/recover-20220825/UBNA_002/20220823_033000.WAV,Telephone Field,recover-20220825,002,1795
1656.5115,1656.5517,68437,83053,Rhinolophus ferrumequinum,0.024,0.024,-1,Echolocation,/mnt/ubna_data_01_mir/recover-20220825/UBNA_002/20220823_033000.WAV,Telephone Field,recover-20220825,002,1795
1656.5215,1656.5286,28046,40997,Eptesicus serotinus,0.007,0.025,-1,Echolocation,/mnt/ubna_data_01_mir/recover-20220825/UBNA_002/20220823_033000.WAV,Telephone Field,recover-20220825,002,1795
1656.5395,1656.5758,68437,81720,Rhinolophus ferrumequinum,0.024,0.024,-1,Echolocation,/mnt/ubna_data_01_mir/recover-20220825/UBNA_002/20220823_033000.WAV,Telephone Field,recover-20220825,002,1795
1656.5665,1656.5759,22890,29667,Plecotus austriacus,0.008,0.024,-1,Echolocation,/mnt/ubna_data_01_mir/recover-20220825/UBNA_002/20220823_033000.WAV,Telephone Field,recover-20220825,002,1795
1656.5815,1656.6161,68437,81682,Rhinolophus ferrumequinum,0.022,0.022,-1,Echolocation,/mnt/ubna_data_01_mir/recover-20220825/UBNA_002/20220823_033000.WAV,Telephone Field,recover-20220825,002,1795
1656.6315,1656.639,26328,37925,Eptesicus serotinus,0.009,0.024,-1,Echolocation,/mnt/ubna_data_01_mir/recover-20220825/UBNA_002/20220823_033000.WAV,Telephone Field,recover-20220825,002,1795
1656.6935,1656.7017,26328,38037,Eptesicus serotinus,0.007,0.023,-1,Echolocation,/mnt/ubna_data_01_mir/recover-20220825/UBNA_002/20220823_033000.WAV,Telephone Field,recover-20220825,002,1795
1656.6985,1656.7074,26328,36199,Eptesicus serotinus,0.008,0.023,-1,Echolocation,/mnt/ubna_data_01_mir/recover-20220825/UBNA_002/20220823_033000.WAV,Telephone Field,recover-20220825,002,1795
1656.7255,1656.7666,68437,82763,Rhinolophus ferrumequinum,0.034,0.035,-1,Echolocation,/mnt/ubna_data_01_mir/recover-20220825/UBNA_002/20220823_033000.WAV,Telephone Field,recover-20220825,002,1795
1656.7545,1656.7883,68437,80709,Rhinolophus ferrumequinum,0.022,0.022,-1,Echolocation,/mnt/ubna_data_01_mir/recover-20220825/UBNA_002/20220823_033000.WAV,Telephone Field,recover-20220825,002,1795
1656.7965,1656.806,28046,37054,Eptesicus serotinus,0.011,0.025,-1,Echolocation,/mnt/ubna_data_01_mir/recover-20220825/UBNA_002/20220823_033000.WAV,Telephone Field,recover-20220825,002,1795
1656.8075,1656.8157,26328,35408,Eptesicus serotinus,0.01,0.025,-1,Echolocation,/mnt/ubna_data_01_mir/recover-20220825/UBNA_002/20220823_033000.WAV,Telephone Field,recover-20220825,002,1795
1656.8355,1656.8435,28906,39464,Eptesicus serotinus,0.008,0.024,-1,Echolocation,/mnt/ubna_data_01_mir/recover-20220825/UBNA_002/20220823_033000.WAV,Telephone Field,recover-20220825,002,1795
1656.8435,1656.8526,26328,34100,Eptesicus serotinus,0.01,0.024,-1,Echolocation,/mnt/ubna_data_01_mir/recover-20220825/UBNA_002/20220823_033000.WAV,Telephone Field,recover-20220825,002,1795
1656.8665,1656.873,23750,33330,Plecotus austriacus,0.013,0.028,-1,Echolocation,/mnt/ubna_data_01_mir/recover-20220825/UBNA_002/20220823_033000.WAV,Telephone Field,recover-20220825,002,1795
1656.9185,1656.9594,68437,82361,Rhinolophus ferrumequinum,0.022,0.022,-1,Echolocation,/mnt/ubna_data_01_mir/recover-20220825/UBNA_002/20220823_033000.WAV,Telephone Field,recover-20220825,002,1795
1656.9825,1657.0196,68437,81880,Rhinolophus ferrumequinum,0.024,0.024,-1,Echolocation,/mnt/ubna_data_01_mir/recover-20220825/UBNA_002/20220823_033000.WAV,Telephone Field,recover-20220825,002,1795
1656.9825,1656.9972,24609,29573,Nyctalus leisleri,0.017,0.037,-1,Echolocation,/mnt/ubna_data_01_mir/recover-20220825/UBNA_002/20220823_033000.WAV,Telephone Field,recover-20220825,002,1795
1656.9985,1657.0065,26328,35694,Eptesicus serotinus,0.007,0.022,-1,Echolocation,/mnt/ubna_data_01_mir/recover-20220825/UBNA_002/20220823_033000.WAV,Telephone Field,recover-20220825,002,1795
1656.9995,1657.0362,68437,80982,Rhinolophus ferrumequinum,0.024,0.024,-1,Echolocation,/mnt/ubna_data_01_mir/recover-20220825/UBNA_002/20220823_033000.WAV,Telephone Field,recover-20220825,002,1795
1657.0245,1657.0351,25468,31941,Nyctalus leisleri,0.009,0.025,-1,Echolocation,/mnt/ubna_data_01_mir/recover-20220825/UBNA_002/20220823_033000.WAV,Telephone Field,recover-20220825,002,1795
1657.0265,1657.0652,68437,82026,Rhinolophus ferrumequinum,0.022,0.022,-1,Echolocation,/mnt/ubna_data_01_mir/recover-20220825/UBNA_002/20220823_033000.WAV,Telephone Field,recover-20220825,002,1795
1657.0585,1657.0972,68437,81938,Rhinolophus ferrumequinum,0.022,0.022,-1,Echolocation,/mnt/ubna_data_01_mir/recover-20220825/UBNA_002/20220823_033000.WAV,Telephone Field,recover-20220825,002,1795
1657.0605,1657.0688,28906,40675,Eptesicus serotinus,0.009,0.024,-1,Echolocation,/mnt/ubna_data_01_mir/recover-20220825/UBNA_002/20220823_033000.WAV,Telephone Field,recover-20220825,002,1795
1657.1255,1657.1439,20312,23887,Nyctalus leisleri,0.012,0.025,-1,Echolocation,/mnt/ubna_data_01_mir/recover-20220825/UBNA_002/20220823_033000.WAV,Telephone Field,recover-20220825,002,1795
1657.1515,1657.1925,68437,82357,Rhinolophus ferrumequinum,0.023,0.023,-1,Echolocation,/mnt/ubna_data_01_mir/recover-20220825/UBNA_002/20220823_033000.WAV,Telephone Field,recover-20220825,002,1795
1657.1595,1657.1662,28906,40224,Myotis daubentonii,0.007,0.026,-1,Echolocation,/mnt/ubna_data_01_mir/recover-20220825/UBNA_002/20220823_033000.WAV,Telephone Field,recover-20220825,002,1795
1657.1635,1657.1792,22031,25984,Nyctalus leisleri,0.031,0.053,-1,Echolocation,/mnt/ubna_data_01_mir/recover-20220825/UBNA_002/20220823_033000.WAV,Telephone Field,recover-20220825,002,1795
1657.1815,1657.1902,28906,38509,Eptesicus serotinus,0.009,0.025,-1,Echolocation,/mnt/ubna_data_01_mir/recover-20220825/UBNA_002/20220823_033000.WAV,Telephone Field,recover-20220825,002,1795
1657.2375,1657.2754,68437,81396,Rhinolophus ferrumequinum,0.022,0.022,-1,Echolocation,/mnt/ubna_data_01_mir/recover-20220825/UBNA_002/20220823_033000.WAV,Telephone Field,recover-20220825,002,1795
1657.2485,1657.2847,68437,81992,Rhinolophus ferrumequinum,0.024,0.024,-1,Echolocation,/mnt/ubna_data_01_mir/recover-20220825/UBNA_002/20220823_033000.WAV,Telephone Field,recover-20220825,002,1795
1657.2565,1657.2659,24609,32727,Eptesicus serotinus,0.01,0.029,-1,Echolocation,/mnt/ubna_data_01_mir/recover-20220825/UBNA_002/20220823_033000.WAV,Telephone Field,recover-20220825,002,1795
1657.2765,1657.3145,68437,81844,Rhinolophus ferrumequinum,0.026,0.026,-1,Echolocation,/mnt/ubna_data_01_mir/recover-20220825/UBNA_002/20220823_033000.WAV,Telephone Field,recover-20220825,002,1795
1657.3185,1657.3259,27187,39893,Eptesicus serotinus,0.007,0.022,-1,Echolocation,/mnt/ubna_data_01_mir/recover-20220825/UBNA_002/20220823_033000.WAV,Telephone Field,recover-20220825,002,1795
1657.3685,1657.4076,68437,82697,Rhinolophus ferrumequinum,0.026,0.026,-1,Echolocation,/mnt/ubna_data_01_mir/recover-20220825/UBNA_002/20220823_033000.WAV,Telephone Field,recover-20220825,002,1795
1657.4415,1657.4833,68437,83268,Rhinolophus ferrumequinum,0.024,0.024,-1,Echolocation,/mnt/ubna_data_01_mir/recover-20220825/UBNA_002/20220823_033000.WAV,Telephone Field,recover-20220825,002,1795
1657.4535,1657.4676,21171,24230,Nyctalus leisleri,0.015,0.023,-1,Echolocation,/mnt/ubna_data_01_mir/recover-20220825/UBNA_002/20220823_033000.WAV,Telephone Field,recover-20220825,002,1795
1657.4575,1657.4935,68437,81725,Rhinolophus ferrumequinum,0.025,0.025,-1,Echolocation,/mnt/ubna_data_01_mir/recover-20220825/UBNA_002/20220823_033000.WAV,Telephone Field,recover-20220825,002,1795
1657.5175,1657.5252,46953,52816,Pipistrellus pipistrellus,0.02,0.023,-1,Echolocation,/mnt/ubna_data_01_mir/recover-20220825/UBNA_002/20220823_033000.WAV,Telephone Field,recover-20220825,002,1795
1657.5215,1657.5293,27187,40540,Eptesicus serotinus,0.007,0.024,-1,Echolocation,/mnt/ubna_data_01_mir/recover-20220825/UBNA_002/20220823_033000.WAV,Telephone Field,recover-20220825,002,1795
1657.5275,1657.5645,68437,82258,Rhinolophus ferrumequinum,0.034,0.034,-1,Echolocation,/mnt/ubna_data_01_mir/recover-20220825/UBNA_002/20220823_033000.WAV,Telephone Field,recover-20220825,002,1795
1657.5305,1657.546,21171,24666,Nyctalus leisleri,0.015,0.028,-1,Echolocation,/mnt/ubna_data_01_mir/recover-20220825/UBNA_002/20220823_033000.WAV,Telephone Field,recover-20220825,002,1795
1657.5635,1657.5747,24609,30518,Nyctalus leisleri,0.009,0.022,-1,Echolocation,/mnt/ubna_data_01_mir/recover-20220825/UBNA_002/20220823_033000.WAV,Telephone Field,recover-20220825,002,1795
1657.5855,1657.593,28046,39137,Eptesicus serotinus,0.009,0.03,-1,Echolocation,/mnt/ubna_data_01_mir/recover-20220825/UBNA_002/20220823_033000.WAV,Telephone Field,recover-20220825,002,1795
1657.6125,1657.6199,34062,41686,Myotis daubentonii,0.01,0.025,-1,Echolocation,/mnt/ubna_data_01_mir/recover-20220825/UBNA_002/20220823_033000.WAV,Telephone Field,recover-20220825,002,1795
1657.6365,1657.6711,68437,81292,Rhinolophus ferrumequinum,0.023,0.023,-1,Echolocation,/mnt/ubna_data_01_mir/recover-20220825/UBNA_002/20220823_033000.WAV,Telephone Field,recover-20220825,002,1795
1657.6475,1657.6538,47812,54258,Pipistrellus pipistrellus,0.023,0.025,-1,Echolocation,/mnt/ubna_data_01_mir/recover-20220825/UBNA_002/20220823_033000.WAV,Telephone Field,recover-20220825,002,1795
1657.6525,1657.6631,22031,27250,Nyctalus leisleri,0.01,0.023,-1,Echolocation,/mnt/ubna_data_01_mir/recover-20220825/UBNA_002/20220823_033000.WAV,Telephone Field,recover-20220825,002,1795
1657.6565,1657.6966,68437,82685,Rhinolophus ferrumequinum,0.024,0.024,-1,Echolocation,/mnt/ubna_data_01_mir/recover-20220825/UBNA_002/20220823_033000.WAV,Telephone Field,recover-20220825,002,1795
1657.7035,1657.7125,28046,36900,Eptesicus serotinus,0.014,0.027,-1,Echolocation,/mnt/ubna_data_01_mir/recover-20220825/UBNA_002/20220823_033000.WAV,Telephone Field,recover-20220825,002,1795
1657.7265,1657.7372,22890,27932,Nyctalus leisleri,0.012,0.024,-1,Echolocation,/mnt/ubna_data_01_mir/recover-20220825/UBNA_002/20220823_033000.WAV,Telephone Field,recover-20220825,002,1795
1657.7745,1657.7829,28046,38168,Eptesicus serotinus,0.008,0.022,-1,Echolocation,/mnt/ubna_data_01_mir/recover-20220825/UBNA_002/20220823_033000.WAV,Telephone Field,recover-20220825,002,1795
1657.7965,1657.8068,44375,50172,Pipistrellus pipistrellus,0.022,0.029,-1,Echolocation,/mnt/ubna_data_01_mir/recover-20220825/UBNA_002/20220823_033000.WAV,Telephone Field,recover-20220825,002,1795
1657.7995,1657.8388,68437,81958,Rhinolophus ferrumequinum,0.023,0.023,-1,Echolocation,/mnt/ubna_data_01_mir/recover-20220825/UBNA_002/20220823_033000.WAV,Telephone Field,recover-20220825,002,1795
1657.8225,1657.8619,68437,82330,Rhinolophus ferrumequinum,0.022,0.022,-1,Echolocation,/mnt/ubna_data_01_mir/recover-20220825/UBNA_002/20220823_033000.WAV,Telephone Field,recover-20220825,002,1795
1657.9195,1657.9629,68437,83207,Rhinolophus ferrumequinum,0.028,0.028,-1,Echolocation,/mnt/ubna_data_01_mir/recover-20220825/UBNA_002/20220823_033000.WAV,Telephone Field,recover-20220825,002,1795
1657.9235,1657.9322,28046,38359,Eptesicus serotinus,0.009,0.025,-1,Echolocation,/mnt/ubna_data_01_mir/recover-20220825/UBNA_002/20220823_033000.WAV,Telephone Field,recover-20220825,002,1795
1657.9805,1657.9904,22031,27386,Nyctalus leisleri,0.009,0.024,-1,Echolocation,/mnt/ubna_data_01_mir/recover-20220825/UBNA_002/20220823_033000.WAV,Telephone Field,recover-20220825,002,1795
1658.0015,1658.0355,68437,80829,Rhinolophus ferrumequinum,0.029,0.029,-1,Echolocation,/mnt/ubna_data_01_mir/recover-20220825/UBNA_002/20220823_033000.WAV,Telephone Field,recover-20220825,002,1795
1658.0015,1658.0111,23750,30126,Nyctalus leisleri,0.011,0.028,-1,Echolocation,/mnt/ubna_data_01_mir/recover-20220825/UBNA_002/20220823_033000.WAV,Telephone Field,recover-20220825,002,1795
1658.0025,1658.0141,46953,50520,Pipistrellus pipistrellus,0.026,0.04,-1,Echolocation,/mnt/ubna_data_01_mir/recover-20220825/UBNA_002/20220823_033000.WAV,Telephone Field,recover-20220825,002,1795
1658.0115,1658.0532,68437,82881,Rhinolophus ferrumequinum,0.021,0.021,-1,Echolocation,/mnt/ubna_data_01_mir/recover-20220825/UBNA_002/20220823_033000.WAV,Telephone Field,recover-20220825,002,1795
1658.0235,1658.0322,28046,39108,Eptesicus serotinus,0.008,0.021,-1,Echolocation,/mnt/ubna_data_01_mir/recover-20220825/UBNA_002/20220823_033000.WAV,Telephone Field,recover-20220825,002,1795
1658.0475,1658.0583,28046,35252,Eptesicus serotinus,0.023,0.04,-1,Echolocation,/mnt/ubna_data_01_mir/recover-20220825/UBNA_002/20220823_033000.WAV,Telephone Field,recover-20220825,002,1795
1658.0595,1658.0672,27187,39936,Eptesicus serotinus,0.009,0.027,-1,Echolocation,/mnt/ubna_data_01_mir/recover-20220825/UBNA_002/20220823_033000.WAV,Telephone Field,recover-20220825,002,1795
1658.0875,1658.1281,68437,82709,Rhinolophus ferrumequinum,0.025,0.025,-1,Echolocation,/mnt/ubna_data_01_mir/recover-20220825/UBNA_002/20220823_033000.WAV,Telephone Field,recover-20220825,002,1795
1658.0965,1658.104,28046,40759,Eptesicus serotinus,0.008,0.023,-1,Echolocation,/mnt/ubna_data_01_mir/recover-20220825/UBNA_002/20220823_033000.WAV,Telephone Field,recover-20220825,002,1795
1658.0995,1658.1058,23750,33326,Plecotus austriacus,0.01,0.023,-1,Echolocation,/mnt/ubna_data_01_mir/recover-20220825/UBNA_002/20220823_033000.WAV,Telephone Field,recover-20220825,002,1795
1658.1305,1658.167,68437,81394,Rhinolophus ferrumequinum,0.023,0.023,-1,Echolocation,/mnt/ubna_data_01_mir/recover-20220825/UBNA_002/20220823_033000.WAV,Telephone Field,recover-20220825,002,1795
1658.1545,1658.1907,68437,82126,Rhinolophus ferrumequinum,0.022,0.022,-1,Echolocation,/mnt/ubna_data_01_mir/recover-20220825/UBNA_002/20220823_033000.WAV,Telephone Field,recover-20220825,002,1795
1658.1945,1658.2314,68437,82282,Rhinolophus ferrumequinum,0.024,0.024,-1,Echolocation,/mnt/ubna_data_01_mir/recover-20220825/UBNA_002/20220823_033000.WAV,Telephone Field,recover-20220825,002,1795
1658.2445,1658.2854,68437,82958,Rhinolophus ferrumequinum,0.024,0.024,-1,Echolocation,/mnt/ubna_data_01_mir/recover-20220825/UBNA_002/20220823_033000.WAV,Telephone Field,recover-20220825,002,1795
1658.2475,1658.2551,28046,38283,Eptesicus serotinus,0.006,0.022,-1,Echolocation,/mnt/ubna_data_01_mir/recover-20220825/UBNA_002/20220823_033000.WAV,Telephone Field,recover-20220825,002,1795
1658.2595,1658.2729,25468,30488,Nyctalus leisleri,0.012,0.027,-1,Echolocation,/mnt/ubna_data_01_mir/recover-20220825/UBNA_002/20220823_033000.WAV,Telephone Field,recover-20220825,002,1795
1658.3195,1658.3263,28046,39238,Eptesicus serotinus,0.014,0.036,-1,Echolocation,/mnt/ubna_data_01_mir/recover-20220825/UBNA_002/20220823_033000.WAV,Telephone Field,recover-20220825,002,1795
1658.3315,1658.3692,68437,82201,Rhinolophus ferrumequinum,0.021,0.022,-1,Echolocation,/mnt/ubna_data_01_mir/recover-20220825/UBNA_002/20220823_033000.WAV,Telephone Field,recover-20220825,002,1795
1658.3355,1658.3467,28046,33498,Eptesicus serotinus,0.018,0.034,-1,Echolocation,/mnt/ubna_data_01_mir/recover-20220825/UBNA_002/20220823_033000.WAV,Telephone Field,recover-20220825,002,1795
1658.3605,1658.3969,68437,81256,Rhinolophus ferrumequinum,0.023,0.023,-1,Echolocation,/mnt/ubna_data_01_mir/recover-20220825/UBNA_002/20220823_033000.WAV,Telephone Field,recover-20220825,002,1795
1658.3675,1658.4051,68437,81563,Rhinolophus ferrumequinum,0.021,0.021,-1,Echolocation,/mnt/ubna_data_01_mir/recover-20220825/UBNA_002/20220823_033000.WAV,Telephone Field,recover-20220825,002,1795
1658.3775,1658.3866,28046,37573,Eptesicus serotinus,0.009,0.022,-1,Echolocation,/mnt/ubna_data_01_mir/recover-20220825/UBNA_002/20220823_033000.WAV,Telephone Field,recover-20220825,002,1795
1658.4505,1658.4597,25468,33424,Eptesicus serotinus,0.007,0.021,-1,Echolocation,/mnt/ubna_data_01_mir/recover-20220825/UBNA_002/20220823_033000.WAV,Telephone Field,recover-20220825,002,1795
1658.4785,1658.4879,28046,38336,Eptesicus serotinus,0.01,0.023,-1,Echolocation,/mnt/ubna_data_01_mir/recover-20220825/UBNA_002/20220823_033000.WAV,Telephone Field,recover-20220825,002,1795
1658.4815,1658.4894,51250,56051,Pipistrellus pipistrellus,0.017,0.021,-1,Echolocation,/mnt/ubna_data_01_mir/recover-20220825/UBNA_002/20220823_033000.WAV,Telephone Field,recover-20220825,002,1795
1658.5165,1658.5269,22031,26751,Nyctalus leisleri,0.01,0.021,-1,Echolocation,/mnt/ubna_data_01_mir/recover-20220825/UBNA_002/20220823_033000.WAV,Telephone Field,recover-20220825,002,1795
1658.5385,1658.5768,68437,81879,Rhinolophus ferrumequinum,0.022,0.022,-1,Echolocation,/mnt/ubna_data_01_mir/recover-20220825/UBNA_002/20220823_033000.WAV,Telephone Field,recover-20220825,002,1795
1658.5455,1658.5858,68437,82690,Rhinolophus ferrumequinum,0.023,0.023,-1,Echolocation,/mnt/ubna_data_01_mir/recover-20220825/UBNA_002/20220823_033000.WAV,Telephone Field,recover-20220825,002,1795
1658.5665,1658.5747,28046,39641,Eptesicus serotinus,0.007,0.02,-1,Echolocation,/mnt/ubna_data_01_mir/recover-20220825/UBNA_002/20220823_033000.WAV,Telephone Field,recover-20220825,002,1795
1658.5875,1658.6258,68437,82469,Rhinolophus ferrumequinum,0.026,0.026,-1,Echolocation,/mnt/ubna_data_01_mir/recover-20220825/UBNA_002/20220823_033000.WAV,Telephone Field,recover-20220825,002,1795
1658.6485,1658.6593,28906,35516,Eptesicus serotinus,0.009,0.021,-1,Echolocation,/mnt/ubna_data_01_mir/recover-20220825/UBNA_002/20220823_033000.WAV,Telephone Field,recover-20220825,002,1795
1658.6525,1658.6912,68437,82040,Rhinolophus ferrumequinum,0.024,0.024,-1,Echolocation,/mnt/ubna_data_01_mir/recover-20220825/UBNA_002/20220823_033000.WAV,Telephone Field,recover-20220825,002,1795
1658.7565,1658.7663,26328,35357,Eptesicus serotinus,0.009,0.021,-1,Echolocation,/mnt/ubna_data_01_mir/recover-20220825/UBNA_002/20220823_033000.WAV,Telephone Field,recover-20220825,002,1795
1658.7715,1658.8106,68437,82096,Rhinolophus ferrumequinum,0.02,0.021,-1,Echolocation,/mnt/ubna_data_01_mir/recover-20220825/UBNA_002/20220823_033000.WAV,Telephone Field,recover-20220825,002,1795
1658.8015,1658.8454,68437,84069,Rhinolophus ferrumequinum,0.048,0.048,-1,Echolocation,/mnt/ubna_data_01_mir/recover-20220825/UBNA_002/20220823_033000.WAV,Telephone Field,recover-20220825,002,1795
1658.8275,1658.8362,23750,31319,Plecotus austriacus,0.007,0.022,-1,Echolocation,/mnt/ubna_data_01_mir/recover-20220825/UBNA_002/20220823_033000.WAV,Telephone Field,recover-20220825,002,1795
1658.8875,1658.9246,68437,82094,Rhinolophus ferrumequinum,0.021,0.021,-1,Echolocation,/mnt/ubna_data_01_mir/recover-20220825/UBNA_002/20220823_033000.WAV,Telephone Field,recover-20220825,002,1795
1658.9025,1658.9408,68437,81828,Rhinolophus ferrumequinum,0.025,0.025,-1,Echolocation,/mnt/ubna_data_01_mir/recover-20220825/UBNA_002/20220823_033000.WAV,Telephone Field,recover-20220825,002,1795
1658.9715,1659.0089,68437,81791,Rhinolophus ferrumequinum,0.021,0.021,-1,Echolocation,/mnt/ubna_data_01_mir/recover-20220825/UBNA_002/20220823_033000.WAV,Telephone Field,recover-20220825,002,1795
1659.0045,1659.0127,28046,37577,Eptesicus serotinus,0.009,0.024,-1,Echolocation,/mnt/ubna_data_01_mir/recover-20220825/UBNA_002/20220823_033000.WAV,Telephone Field,recover-20220825,002,1795
1659.0255,1659.0665,68437,82279,Rhinolophus ferrumequinum,0.021,0.021,-1,Echolocation,/mnt/ubna_data_01_mir/recover-20220825/UBNA_002/20220823_033000.WAV,Telephone Field,recover-20220825,002,1795
1659.0685,1659.1052,68437,82046,Rhinolophus ferrumequinum,0.021,0.021,-1,Echolocation,/mnt/ubna_data_01_mir/recover-20220825/UBNA_002/20220823_033000.WAV,Telephone Field,recover-20220825,002,1795
1659.0735,1659.0829,28046,37773,Eptesicus serotinus,0.007,0.02,-1,Echolocation,/mnt/ubna_data_01_mir/recover-20220825/UBNA_002/20220823_033000.WAV,Telephone Field,recover-20220825,002,1795
1659.0845,1659.0937,28046,36488,Eptesicus serotinus,0.008,0.021,-1,Echolocation,/mnt/ubna_data_01_mir/recover-20220825/UBNA_002/20220823_033000.WAV,Telephone Field,recover-20220825,002,1795
1659.1055,1659.1446,68437,82883,Rhinolophus ferrumequinum,0.034,0.034,-1,Echolocation,/mnt/ubna_data_01_mir/recover-20220825/UBNA_002/20220823_033000.WAV,Telephone Field,recover-20220825,002,1795
1659.1615,1659.1698,34062,42310,Myotis daubentonii,0.009,0.023,-1,Echolocation,/mnt/ubna_data_01_mir/recover-20220825/UBNA_002/20220823_033000.WAV,Telephone Field,recover-20220825,002,1795
1659.1635,1659.1717,28046,37676,Eptesicus serotinus,0.007,0.023,-1,Echolocation,/mnt/ubna_data_01_mir/recover-20220825/UBNA_002/20220823_033000.WAV,Telephone Field,recover-20220825,002,1795
1659.1705,1659.2111,68437,82654,Rhinolophus ferrumequinum,0.024,0.024,-1,Echolocation,/mnt/ubna_data_01_mir/recover-20220825/UBNA_002/20220823_033000.WAV,Telephone Field,recover-20220825,002,1795
1659.2105,1659.2506,68437,82363,Rhinolophus ferrumequinum,0.02,0.02,-1,Echolocation,/mnt/ubna_data_01_mir/recover-20220825/UBNA_002/20220823_033000.WAV,Telephone Field,recover-20220825,002,1795
1659.2475,1659.285,68437,82062,Rhinolophus ferrumequinum,0.022,0.022,-1,Echolocation,/mnt/ubna_data_01_mir/recover-20220825/UBNA_002/20220823_033000.WAV,Telephone Field,recover-20220825,002,1795
1659.2505,1659.2575,27187,41670,Eptesicus serotinus,0.006,0.023,-1,Echolocation,/mnt/ubna_data_01_mir/recover-20220825/UBNA_002/20220823_033000.WAV,Telephone Field,recover-20220825,002,1795
1659.2705,1659.3072,68437,81703,Rhinolophus ferrumequinum,0.025,0.025,-1,Echolocation,/mnt/ubna_data_01_mir/recover-20220825/UBNA_002/20220823_033000.WAV,Telephone Field,recover-20220825,002,1795
1659.2795,1659.3165,68437,82003,Rhinolophus ferrumequinum,0.022,0.022,-1,Echolocation,/mnt/ubna_data_01_mir/recover-20220825/UBNA_002/20220823_033000.WAV,Telephone Field,recover-20220825,002,1795
1659.3145,1659.3529,68437,81837,Rhinolophus ferrumequinum,0.023,0.023,-1,Echolocation,/mnt/ubna_data_01_mir/recover-20220825/UBNA_002/20220823_033000.WAV,Telephone Field,recover-20220825,002,1795
1659.3825,1659.419,68437,80967,Rhinolophus ferrumequinum,0.022,0.022,-1,Echolocation,/mnt/ubna_data_01_mir/recover-20220825/UBNA_002/20220823_033000.WAV,Telephone Field,recover-20220825,002,1795
1659.4475,1659.4556,28046,39203,Eptesicus serotinus,0.007,0.021,-1,Echolocation,/mnt/ubna_data_01_mir/recover-20220825/UBNA_002/20220823_033000.WAV,Telephone Field,recover-20220825,002,1795
1659.4735,1659.4815,33203,43072,Myotis daubentonii,0.007,0.023,-1,Echolocation,/mnt/ubna_data_01_mir/recover-20220825/UBNA_002/20220823_033000.WAV,Telephone Field,recover-20220825,002,1795
1659.4745,1659.4821,28046,38755,Eptesicus serotinus,0.007,0.021,-1,Echolocation,/mnt/ubna_data_01_mir/recover-20220825/UBNA_002/20220823_033000.WAV,Telephone Field,recover-20220825,002,1795
1659.4855,1659.5267,68437,82795,Rhinolophus ferrumequinum,0.022,0.022,-1,Echolocation,/mnt/ubna_data_01_mir/recover-20220825/UBNA_002/20220823_033000.WAV,Telephone Field,recover-20220825,002,1795
1659.5085,1659.5502,68437,82906,Rhinolophus ferrumequinum,0.031,0.031,-1,Echolocation,/mnt/ubna_data_01_mir/recover-20220825/UBNA_002/20220823_033000.WAV,Telephone Field,recover-20220825,002,1795
1659.5305,1659.5704,68437,82446,Rhinolophus ferrumequinum,0.023,0.023,-1,Echolocation,/mnt/ubna_data_01_mir/recover-20220825/UBNA_002/20220823_033000.WAV,Telephone Field,recover-20220825,002,1795
1659.5345,1659.5422,28046,38504,Eptesicus serotinus,0.006,0.021,-1,Echolocation,/mnt/ubna_data_01_mir/recover-20220825/UBNA_002/20220823_033000.WAV,Telephone Field,recover-20220825,002,1795
1659.5595,1659.5973,68437,82187,Rhinolophus ferrumequinum,0.021,0.021,-1,Echolocation,/mnt/ubna_data_01_mir/recover-20220825/UBNA_002/20220823_033000.WAV,Telephone Field,recover-20220825,002,1795
1659.5825,1659.6218,68437,82192,Rhinolophus ferrumequinum,0.023,0.023,-1,Echolocation,/mnt/ubna_data_01_mir/recover-20220825/UBNA_002/20220823_033000.WAV,Telephone Field,recover-20220825,002,1795
1659.5965,1659.6342,68437,82332,Rhinolophus ferrumequinum,0.024,0.024,-1,Echolocation,/mnt/ubna_data_01_mir/recover-20220825/UBNA_002/20220823_033000.WAV,Telephone Field,recover-20220825,002,1795
1659.6215,1659.6308,14296,20591,Nyctalus noctula,0.01,0.021,-1,Echolocation,/mnt/ubna_data_01_mir/recover-20220825/UBNA_002/20220823_033000.WAV,Telephone Field,recover-20220825,002,1795
1659.6495,1659.6889,68437,82351,Rhinolophus ferrumequinum,0.023,0.023,-1,Echolocation,/mnt/ubna_data_01_mir/recover-20220825/UBNA_002/20220823_033000.WAV,Telephone Field,recover-20220825,002,1795
1659.6495,1659.6576,27187,37982,Eptesicus serotinus,0.007,0.023,-1,Echolocation,/mnt/ubna_data_01_mir/recover-20220825/UBNA_002/20220823_033000.WAV,Telephone Field,recover-20220825,002,1795
1659.6545,1659.6916,68437,82027,Rhinolophus ferrumequinum,0.021,0.021,-1,Echolocation,/mnt/ubna_data_01_mir/recover-20220825/UBNA_002/20220823_033000.WAV,Telephone Field,recover-20220825,002,1795
1659.6725,1659.6803,27187,40637,Eptesicus serotinus,0.007,0.022,-1,Echolocation,/mnt/ubna_data_01_mir/recover-20220825/UBNA_002/20220823_033000.WAV,Telephone Field,recover-20220825,002,1795
1659.7105,1659.7444,68437,81177,Rhinolophus ferrumequinum,0.025,0.025,-1,Echolocation,/mnt/ubna_data_01_mir/recover-20220825/UBNA_002/20220823_033000.WAV,Telephone Field,recover-20220825,002,1795
1659.7155,1659.7239,28046,38212,Eptesicus serotinus,0.007,0.02,-1,Echolocation,/mnt/ubna_data_01_mir/recover-20220825/UBNA_002/20220823_033000.WAV,Telephone Field,recover-20220825,002,1795
1659.7675,1659.7748,28046,40708,Eptesicus serotinus,0.007,0.021,-1,Echolocation,/mnt/ubna_data_01_mir/recover-20220825/UBNA_002/20220823_033000.WAV,Telephone Field,recover-20220825,002,1795
1659.7955,1659.8026,28046,38947,Eptesicus serotinus,0.006,0.02,-1,Echolocation,/mnt/ubna_data_01_mir/recover-20220825/UBNA_002/20220823_033000.WAV,Telephone Field,recover-20220825,002,1795
1659.8085,1659.8186,28906,34998,Eptesicus serotinus,0.009,0.021,-1,Echolocation,/mnt/ubna_data_01_mir/recover-20220825/UBNA_002/20220823_033000.WAV,Telephone Field,recover-20220825,002,1795
1659.8505,1659.8595,25468,34516,Eptesicus serotinus,0.011,0.025,-1,Echolocation,/mnt/ubna_data_01_mir/recover-20220825/UBNA_002/20220823_033000.WAV,Telephone Field,recover-20220825,002,1795
1659.8535,1659.8934,68437,81930,Rhinolophus ferrumequinum,0.023,0.023,-1,Echolocation,/mnt/ubna_data_01_mir/recover-20220825/UBNA_002/20220823_033000.WAV,Telephone Field,recover-20220825,002,1795
1659.8775,1659.9138,68437,81924,Rhinolophus ferrumequinum,0.021,0.021,-1,Echolocation,/mnt/ubna_data_01_mir/recover-20220825/UBNA_002/20220823_033000.WAV,Telephone Field,recover-20220825,002,1795
1659.8935,1659.9282,68437,81324,Rhinolophus ferrumequinum,0.021,0.021,-1,Echolocation,/mnt/ubna_data_01_mir/recover-20220825/UBNA_002/20220823_033000.WAV,Telephone Field,recover-20220825,002,1795
1659.9025,1659.9114,28046,38670,Eptesicus serotinus,0.009,0.023,-1,Echolocation,/mnt/ubna_data_01_mir/recover-20220825/UBNA_002/20220823_033000.WAV,Telephone Field,recover-20220825,002,1795
1659.9185,1659.9551,68437,82270,Rhinolophus ferrumequinum,0.024,0.024,-1,Echolocation,/mnt/ubna_data_01_mir/recover-20220825/UBNA_002/20220823_033000.WAV,Telephone Field,recover-20220825,002,1795
1659.9445,1659.9522,28906,38214,Eptesicus serotinus,0.007,0.022,-1,Echolocation,/mnt/ubna_data_01_mir/recover-20220825/UBNA_002/20220823_033000.WAV,Telephone Field,recover-20220825,002,1795
1660.0015,1660.0332,68437,80277,Rhinolophus ferrumequinum,0.041,0.042,-1,Echolocation,/mnt/ubna_data_01_mir/recover-20220825/UBNA_002/20220823_033000.WAV,Telephone Field,recover-20220825,002,1795
1660.0015,1660.0106,22890,30170,Nyctalus leisleri,0.007,0.023,-1,Echolocation,/mnt/ubna_data_01_mir/recover-20220825/UBNA_002/20220823_033000.WAV,Telephone Field,recover-20220825,002,1795
1660.0405,1660.0765,68437,81149,Rhinolophus ferrumequinum,0.022,0.022,-1,Echolocation,/mnt/ubna_data_01_mir/recover-20220825/UBNA_002/20220823_033000.WAV,Telephone Field,recover-20220825,002,1795
1660.0455,1660.0528,23750,32296,Plecotus austriacus,0.01,0.022,-1,Echolocation,/mnt/ubna_data_01_mir/recover-20220825/UBNA_002/20220823_033000.WAV,Telephone Field,recover-20220825,002,1795
1660.0635,1660.098,68437,81069,Rhinolophus ferrumequinum,0.023,0.023,-1,Echolocation,/mnt/ubna_data_01_mir/recover-20220825/UBNA_002/20220823_033000.WAV,Telephone Field,recover-20220825,002,1795
1660.0805,1660.0919,51250,56493,Pipistrellus pipistrellus,0.023,0.031,-1,Echolocation,/mnt/ubna_data_01_mir/recover-20220825/UBNA_002/20220823_033000.WAV,Telephone Field,recover-20220825,002,1795
1660.0825,1660.1238,68437,82480,Rhinolophus ferrumequinum,0.031,0.031,-1,Echolocation,/mnt/ubna_data_01_mir/recover-20220825/UBNA_002/20220823_033000.WAV,Telephone Field,recover-20220825,002,1795
1660.1015,1660.143,68437,82953,Rhinolophus ferrumequinum,0.05,0.05,-1,Echolocation,/mnt/ubna_data_01_mir/recover-20220825/UBNA_002/20220823_033000.WAV,Telephone Field,recover-20220825,002,1795
1660.1255,1660.1631,68437,82495,Rhinolophus ferrumequinum,0.031,0.031,-1,Echolocation,/mnt/ubna_data_01_mir/recover-20220825/UBNA_002/20220823_033000.WAV,Telephone Field,recover-20220825,002,1795
1660.1345,1660.1455,24609,30536,Nyctalus leisleri,0.009,0.022,-1,Echolocation,/mnt/ubna_data_01_mir/recover-20220825/UBNA_002/20220823_033000.WAV,Telephone Field,recover-20220825,002,1795
1660.1485,1660.1858,68437,81893,Rhinolophus ferrumequinum,0.024,0.024,-1,Echolocation,/mnt/ubna_data_01_mir/recover-20220825/UBNA_002/20220823_033000.WAV,Telephone Field,recover-20220825,002,1795
1660.1555,1660.1907,68437,81207,Rhinolophus ferrumequinum,0.024,0.024,-1,Echolocation,/mnt/ubna_data_01_mir/recover-20220825/UBNA_002/20220823_033000.WAV,Telephone Field,recover-20220825,002,1795
1660.2015,1660.2398,68437,82466,Rhinolophus ferrumequinum,0.024,0.024,-1,Echolocation,/mnt/ubna_data_01_mir/recover-20220825/UBNA_002/20220823_033000.WAV,Telephone Field,recover-20220825,002,1795
1660.2515,1660.2886,68437,82126,Rhinolophus ferrumequinum,0.022,0.022,-1,Echolocation,/mnt/ubna_data_01_mir/recover-20220825/UBNA_002/20220823_033000.WAV,Telephone Field,recover-20220825,002,1795
1660.2755,1660.3077,68437,80728,Rhinolophus ferrumequinum,0.035,0.035,-1,Echolocation,/mnt/ubna_data_01_mir/recover-20220825/UBNA_002/20220823_033000.WAV,Telephone Field,recover-20220825,002,1795
1660.2895,1660.3294,68437,82543,Rhinolophus ferrumequinum,0.023,0.023,-1,Echolocation,/mnt/ubna_data_01_mir/recover-20220825/UBNA_002/20220823_033000.WAV,Telephone Field,recover-20220825,002,1795
1660.3335,1660.3702,68437,81986,Rhinolophus ferrumequinum,0.022,0.022,-1,Echolocation,/mnt/ubna_data_01_mir/recover-20220825/UBNA_002/20220823_033000.WAV,Telephone Field,recover-20220825,002,1795
1660.3665,1660.4052,68437,82412,Rhinolophus ferrumequinum,0.026,0.026,-1,Echolocation,/mnt/ubna_data_01_mir/recover-20220825/UBNA_002/20220823_033000.WAV,Telephone Field,recover-20220825,002,1795
1660.3885,1660.4299,68437,83155,Rhinolophus ferrumequinum,0.026,0.026,-1,Echolocation,/mnt/ubna_data_01_mir/recover-20220825/UBNA_002/20220823_033000.WAV,Telephone Field,recover-20220825,002,1795
1660.4475,1660.4892,68437,83168,Rhinolophus ferrumequinum,0.025,0.025,-1,Echolocation,/mnt/ubna_data_01_mir/recover-20220825/UBNA_002/20220823_033000.WAV,Telephone Field,recover-20220825,002,1795
1660.4605,1660.4696,22031,28946,Plecotus austriacus,0.01,0.024,-1,Echolocation,/mnt/ubna_data_01_mir/recover-20220825/UBNA_002/20220823_033000.WAV,Telephone Field,recover-20220825,002,1795
1660.4635,1660.5001,68437,81992,Rhinolophus ferrumequinum,0.022,0.022,-1,Echolocation,/mnt/ubna_data_01_mir/recover-20220825/UBNA_002/20220823_033000.WAV,Telephone Field,recover-20220825,002,1795
1660.4745,1660.5147,68437,82862,Rhinolophus ferrumequinum,0.027,0.027,-1,Echolocation,/mnt/ubna_data_01_mir/recover-20220825/UBNA_002/20220823_033000.WAV,Telephone Field,recover-20220825,002,1795
1660.4915,1660.5018,24609,31774,Eptesicus serotinus,0.012,0.03,-1,Echolocation,/mnt/ubna_data_01_mir/recover-20220825/UBNA_002/20220823_033000.WAV,Telephone Field,recover-20220825,002,1795
1660.4935,1660.53,68437,81744,Rhinolophus ferrumequinum,0.022,0.022,-1,Echolocation,/mnt/ubna_data_01_mir/recover-20220825/UBNA_002/20220823_033000.WAV,Telephone Field,recover-20220825,002,1795
1660.5035,1660.5396,68437,82055,Rhinolophus ferrumequinum,0.022,0.022,-1,Echolocation,/mnt/ubna_data_01_mir/recover-20220825/UBNA_002/20220823_033000.WAV,Telephone Field,recover-20220825,002,1795
1660.5215,1660.5626,68437,82070,Rhinolophus ferrumequinum,0.025,0.025,-1,Echolocation,/mnt/ubna_data_01_mir/recover-20220825/UBNA_002/20220823_033000.WAV,Telephone Field,recover-20220825,002,1795
1660.5375,1660.5743,68437,81569,Rhinolophus ferrumequinum,0.022,0.022,-1,Echolocation,/mnt/ubna_data_01_mir/recover-20220825/UBNA_002/20220823_033000.WAV,Telephone Field,recover-20220825,002,1795
1660.5795,1660.5901,23750,29667,Nyctalus leisleri,0.014,0.031,-1,Echolocation,/mnt/ubna_data_01_mir/recover-20220825/UBNA_002/20220823_033000.WAV,Telephone Field,recover-20220825,002,1795
1660.6125,1660.6201,23750,33242,Plecotus austriacus,0.009,0.022,-1,Echolocation,/mnt/ubna_data_01_mir/recover-20220825/UBNA_002/20220823_033000.WAV,Telephone Field,recover-20220825,002,1795
1660.6285,1660.666,68437,81625,Rhinolophus ferrumequinum,0.023,0.023,-1,Echolocation,/mnt/ubna_data_01_mir/recover-20220825/UBNA_002/20220823_033000.WAV,Telephone Field,recover-20220825,002,1795
1660.6305,1660.6375,25468,37849,Plecotus austriacus,0.006,0.022,-1,Echolocation,/mnt/ubna_data_01_mir/recover-20220825/UBNA_002/20220823_033000.WAV,Telephone Field,recover-20220825,002,1795
1660.6555,1660.6911,68437,81941,Rhinolophus ferrumequinum,0.024,0.024,-1,Echolocation,/mnt/ubna_data_01_mir/recover-20220825/UBNA_002/20220823_033000.WAV,Telephone Field,recover-20220825,002,1795
1660.7005,1660.7384,68437,82446,Rhinolophus ferrumequinum,0.026,0.026,-1,Echolocation,/mnt/ubna_data_01_mir/recover-20220825/UBNA_002/20220823_033000.WAV,Telephone Field,recover-20220825,002,1795
1660.7105,1660.7508,68437,82481,Rhinolophus ferrumequinum,0.023,0.023,-1,Echolocation,/mnt/ubna_data_01_mir/recover-20220825/UBNA_002/20220823_033000.WAV,Telephone Field,recover-20220825,002,1795
1660.7165,1660.7262,22890,29848,Plecotus austriacus,0.011,0.029,-1,Echolocation,/mnt/ubna_data_01_mir/recover-20220825/UBNA_002/20220823_033000.WAV,Telephone Field,recover-20220825,002,1795
1660.7325,1660.7716,68437,82632,Rhinolophus ferrumequinum,0.026,0.026,-1,Echolocation,/mnt/ubna_data_01_mir/recover-20220825/UBNA_002/20220823_033000.WAV,Telephone Field,recover-20220825,002,1795
1660.7565,1660.7668,22890,29055,Nyctalus leisleri,0.01,0.025,-1,Echolocation,/mnt/ubna_data_01_mir/recover-20220825/UBNA_002/20220823_033000.WAV,Telephone Field,recover-20220825,002,1795
1660.7705,1660.8096,68437,82213,Rhinolophus ferrumequinum,0.022,0.022,-1,Echolocation,/mnt/ubna_data_01_mir/recover-20220825/UBNA_002/20220823_033000.WAV,Telephone Field,recover-20220825,002,1795
1660.7855,1660.8226,68437,82389,Rhinolophus ferrumequinum,0.028,0.028,-1,Echolocation,/mnt/ubna_data_01_mir/recover-20220825/UBNA_002/20220823_033000.WAV,Telephone Field,recover-20220825,002,1795
1660.8475,1660.8638,15156,21042,Nyctalus noctula,0.033,0.042,-1,Echolocation,/mnt/ubna_data_01_mir/recover-20220825/UBNA_002/20220823_033000.WAV,Telephone Field,recover-20220825,002,1795
1660.8485,1660.8885,68437,82773,Rhinolophus ferrumequinum,0.026,0.026,-1,Echolocation,/mnt/ubna_data_01_mir/recover-20220825/UBNA_002/20220823_033000.WAV,Telephone Field,recover-20220825,002,1795
1660.8485,1660.8565,45234,53049,Pipistrellus pipistrellus,0.02,0.023,-1,Echolocation,/mnt/ubna_data_01_mir/recover-20220825/UBNA_002/20220823_033000.WAV,Telephone Field,recover-20220825,002,1795
1660.8515,1660.8583,25468,38484,Plecotus austriacus,0.005,0.023,-1,Echolocation,/mnt/ubna_data_01_mir/recover-20220825/UBNA_002/20220823_033000.WAV,Telephone Field,recover-20220825,002,1795
1660.8575,1660.8658,47812,51562,Pipistrellus pipistrellus,0.021,0.023,-1,Echolocation,/mnt/ubna_data_01_mir/recover-20220825/UBNA_002/20220823_033000.WAV,Telephone Field,recover-20220825,002,1795
1660.8705,1660.9096,68437,81799,Rhinolophus ferrumequinum,0.023,0.023,-1,Echolocation,/mnt/ubna_data_01_mir/recover-20220825/UBNA_002/20220823_033000.WAV,Telephone Field,recover-20220825,002,1795
1660.8825,1660.8991,21171,24017,Nyctalus leisleri,0.019,0.03,-1,Echolocation,/mnt/ubna_data_01_mir/recover-20220825/UBNA_002/20220823_033000.WAV,Telephone Field,recover-20220825,002,1795
1660.8965,1660.9353,68437,82166,Rhinolophus ferrumequinum,0.023,0.023,-1,Echolocation,/mnt/ubna_data_01_mir/recover-20220825/UBNA_002/20220823_033000.WAV,Telephone Field,recover-20220825,002,1795
1660.9095,1660.9179,42656,47426,Pipistrellus pipistrellus,0.031,0.038,-1,Echolocation,/mnt/ubna_data_01_mir/recover-20220825/UBNA_002/20220823_033000.WAV,Telephone Field,recover-20220825,002,1795
1660.9105,1660.9464,68437,81571,Rhinolophus ferrumequinum,0.022,0.022,-1,Echolocation,/mnt/ubna_data_01_mir/recover-20220825/UBNA_002/20220823_033000.WAV,Telephone Field,recover-20220825,002,1795
1660.9265,1660.9671,68437,82495,Rhinolophus ferrumequinum,0.029,0.029,-1,Echolocation,/mnt/ubna_data_01_mir/recover-20220825/UBNA_002/20220823_033000.WAV,Telephone Field,recover-20220825,002,1795
1660.9375,1660.9484,14296,22665,Nyctalus noctula,0.016,0.028,-1,Echolocation,/mnt/ubna_data_01_mir/recover-20220825/UBNA_002/20220823_033000.WAV,Telephone Field,recover-20220825,002,1795
1660.9385,1660.9473,50390,55485,Pipistrellus pipistrellus,0.019,0.023,-1,Echolocation,/mnt/ubna_data_01_mir/recover-20220825/UBNA_002/20220823_033000.WAV,Telephone Field,recover-20220825,002,1795
1660.9795,1661.0162,68437,81367,Rhinolophus ferrumequinum,0.022,0.022,-1,Echolocation,/mnt/ubna_data_01_mir/recover-20220825/UBNA_002/20220823_033000.WAV,Telephone Field,recover-20220825,002,1795
1660.9955,1661.0355,68437,83028,Rhinolophus ferrumequinum,0.029,0.029,-1,Echolocation,/mnt/ubna_data_01_mir/recover-20220825/UBNA_002/20220823_033000.WAV,Telephone Field,recover-20220825,002,1795
1661.0205,1661.0289,23750,31275,Plecotus austriacus,0.007,0.022,-1,Echolocation,/mnt/ubna_data_01_mir/recover-20220825/UBNA_002/20220823_033000.WAV,Telephone Field,recover-20220825,002,1795
1661.0255,1661.0645,68437,82427,Rhinolophus ferrumequinum,0.024,0.024,-1,Echolocation,/mnt/ubna_data_01_mir/recover-20220825/UBNA_002/20220823_033000.WAV,Telephone Field,recover-20220825,002,1795
1661.0455,1661.0561,23750,29513,Nyctalus leisleri,0.011,0.024,-1,Echolocation,/mnt/ubna_data_01_mir/recover-20220825/UBNA_002/20220823_033000.WAV,Telephone Field,recover-20220825,002,1795
1661.0735,1661.1142,68437,82137,Rhinolophus ferrumequinum,0.024,0.024,-1,Echolocation,/mnt/ubna_data_01_mir/recover-20220825/UBNA_002/20220823_033000.WAV,Telephone Field,recover-20220825,002,1795
1661.1065,1661.1142,23750,32278,Plecotus austriacus,0.009,0.023,-1,Echolocation,/mnt/ubna_data_01_mir/recover-20220825/UBNA_002/20220823_033000.WAV,Telephone Field,recover-20220825,002,1795
1661.1355,1661.1736,68437,81707,Rhinolophus ferrumequinum,0.025,0.025,-1,Echolocation,/mnt/ubna_data_01_mir/recover-20220825/UBNA_002/20220823_033000.WAV,Telephone Field,recover-20220825,002,1795
1661.1665,1661.1759,23750,30512,Nyctalus leisleri,0.008,0.023,-1,Echolocation,/mnt/ubna_data_01_mir/recover-20220825/UBNA_002/20220823_033000.WAV,Telephone Field,recover-20220825,002,1795
1661.1795,1661.2177,68437,82100,Rhinolophus ferrumequinum,0.023,0.023,-1,Echolocation,/mnt/ubna_data_01_mir/recover-20220825/UBNA_002/20220823_033000.WAV,Telephone Field,recover-20220825,002,1795
1661.1915,1661.2244,68437,81260,Rhinolophus ferrumequinum,0.023,0.023,-1,Echolocation,/mnt/ubna_data_01_mir/recover-20220825/UBNA_002/20220823_033000.WAV,Telephone Field,recover-20220825,002,1795
1661.2045,1661.2152,22890,28673,Nyctalus leisleri,0.01,0.023,-1,Echolocation,/mnt/ubna_data_01_mir/recover-20220825/UBNA_002/20220823_033000.WAV,Telephone Field,recover-20220825,002,1795
1661.2295,1661.2692,68437,82500,Rhinolophus ferrumequinum,0.025,0.025,-1,Echolocation,/mnt/ubna_data_01_mir/recover-20220825/UBNA_002/20220823_033000.WAV,Telephone Field,recover-20220825,002,1795
1661.2845,1661.2929,28906,39021,Eptesicus serotinus,0.008,0.022,-1,Echolocation,/mnt/ubna_data_01_mir/recover-20220825/UBNA_002/20220823_033000.WAV,Telephone Field,recover-20220825,002,1795
1661.2995,1661.3361,68437,81734,Rhinolophus ferrumequinum,0.022,0.022,-1,Echolocation,/mnt/ubna_data_01_mir/recover-20220825/UBNA_002/20220823_033000.WAV,Telephone Field,recover-20220825,002,1795
1661.2995,1661.3068,28046,39978,Eptesicus serotinus,0.006,0.022,-1,Echolocation,/mnt/ubna_data_01_mir/recover-20220825/UBNA_002/20220823_033000.WAV,Telephone Field,recover-20220825,002,1795
1661.3225,1661.3334,22890,27661,Nyctalus leisleri,0.013,0.026,-1,Echolocation,/mnt/ubna_data_01_mir/recover-20220825/UBNA_002/20220823_033000.WAV,Telephone Field,recover-20220825,002,1795
1661.3265,1661.3669,68437,82903,Rhinolophus ferrumequinum,0.027,0.027,-1,Echolocation,/mnt/ubna_data_01_mir/recover-20220825/UBNA_002/20220823_033000.WAV,Telephone Field,recover-20220825,002,1795
1661.3655,1661.4016,68437,81617,Rhinolophus ferrumequinum,0.022,0.022,-1,Echolocation,/mnt/ubna_data_01_mir/recover-20220825/UBNA_002/20220823_033000.WAV,Telephone Field,recover-20220825,002,1795
1661.3735,1661.4097,68437,82056,Rhinolophus ferrumequinum,0.022,0.022,-1,Echolocation,/mnt/ubna_data_01_mir/recover-20220825/UBNA_002/20220823_033000.WAV,Telephone Field,recover-20220825,002,1795
1661.3975,1661.4399,68437,83492,Rhinolophus ferrumequinum,0.05,0.05,-1,Echolocation,/mnt/ubna_data_01_mir/recover-20220825/UBNA_002/20220823_033000.WAV,Telephone Field,recover-20220825,002,1795
1661.4505,1661.4902,68437,82634,Rhinolophus ferrumequinum,0.023,0.023,-1,Echolocation,/mnt/ubna_data_01_mir/recover-20220825/UBNA_002/20220823_033000.WAV,Telephone Field,recover-20220825,002,1795
1661.5375,1661.572,68437,81525,Rhinolophus ferrumequinum,0.023,0.023,-1,Echolocation,/mnt/ubna_data_01_mir/recover-20220825/UBNA_002/20220823_033000.WAV,Telephone Field,recover-20220825,002,1795
1661.5485,1661.5864,68437,82388,Rhinolophus ferrumequinum,0.022,0.022,-1,Echolocation,/mnt/ubna_data_01_mir/recover-20220825/UBNA_002/20220823_033000.WAV,Telephone Field,recover-20220825,002,1795
1661.5525,1661.5603,27187,37517,Eptesicus serotinus,0.011,0.026,-1,Echolocation,/mnt/ubna_data_01_mir/recover-20220825/UBNA_002/20220823_033000.WAV,Telephone Field,recover-20220825,002,1795
1661.5875,1661.6243,68437,81549,Rhinolophus ferrumequinum,0.028,0.028,-1,Echolocation,/mnt/ubna_data_01_mir/recover-20220825/UBNA_002/20220823_033000.WAV,Telephone Field,recover-20220825,002,1795
1661.5945,1661.6028,23750,31373,Plecotus austriacus,0.008,0.022,-1,Echolocation,/mnt/ubna_data_01_mir/recover-20220825/UBNA_002/20220823_033000.WAV,Telephone Field,recover-20220825,002,1795
1661.6145,1661.6254,22890,31094,Nyctalus leisleri,0.01,0.029,-1,Echolocation,/mnt/ubna_data_01_mir/recover-20220825/UBNA_002/20220823_033000.WAV,Telephone Field,recover-20220825,002,1795
1661.6235,1661.6601,68437,81395,Rhinolophus ferrumequinum,0.024,0.025,-1,Echolocation,/mnt/ubna_data_01_mir/recover-20220825/UBNA_002/20220823_033000.WAV,Telephone Field,recover-20220825,002,1795
1661.6245,1661.6311,26328,39321,Eptesicus serotinus,0.009,0.031,-1,Echolocation,/mnt/ubna_data_01_mir/recover-20220825/UBNA_002/20220823_033000.WAV,Telephone Field,recover-20220825,002,1795
1661.6835,1661.7246,68437,81891,Rhinolophus ferrumequinum,0.023,0.024,-1,Echolocation,/mnt/ubna_data_01_mir/recover-20220825/UBNA_002/20220823_033000.WAV,Telephone Field,recover-20220825,002,1795
1661.6875,1661.6987,22890,29037,Nyctalus leisleri,0.028,0.06,-1,Echolocation,/mnt/ubna_data_01_mir/recover-20220825/UBNA_002/20220823_033000.WAV,Telephone Field,recover-20220825,002,1795
1661.7365,1661.7715,68437,80540,Rhinolophus ferrumequinum,0.022,0.022,-1,Echolocation,/mnt/ubna_data_01_mir/recover-20220825/UBNA_002/20220823_033000.WAV,Telephone Field,recover-20220825,002,1795
1661.7435,1661.7807,68437,81537,Rhinolophus ferrumequinum,0.022,0.023,-1,Echolocation,/mnt/ubna_data_01_mir/recover-20220825/UBNA_002/20220823_033000.WAV,Telephone Field,recover-20220825,002,1795
1661.7515,1661.7894000000001,68437,81736,Rhinolophus ferrumequinum,0.023,0.023,-1,Echolocation,/mnt/ubna_data_01_mir/recover-20220825/UBNA_002/20220823_033000.WAV,Telephone Field,recover-20220825,002,1795
1661.7535,1661.7635,28906,36886,Eptesicus serotinus,0.013,0.03,-1,Echolocation,/mnt/ubna_data_01_mir/recover-20220825/UBNA_002/20220823_033000.WAV,Telephone Field,recover-20220825,002,1795
1661.7695,1661.81,68437,83110,Rhinolophus ferrumequinum,0.025,0.025,-1,Echolocation,/mnt/ubna_data_01_mir/recover-20220825/UBNA_002/20220823_033000.WAV,Telephone Field,recover-20220825,002,1795
1661.7885,1661.8287,68437,82475,Rhinolophus ferrumequinum,0.023,0.023,-1,Echolocation,/mnt/ubna_data_01_mir/recover-20220825/UBNA_002/20220823_033000.WAV,Telephone Field,recover-20220825,002,1795
1661.7955,1661.8374,68437,82606,Rhinolophus ferrumequinum,0.025,0.025,-1,Echolocation,/mnt/ubna_data_01_mir/recover-20220825/UBNA_002/20220823_033000.WAV,Telephone Field,recover-20220825,002,1795
1661.8375,1661.8776,68437,82694,Rhinolophus ferrumequinum,0.027,0.027,-1,Echolocation,/mnt/ubna_data_01_mir/recover-20220825/UBNA_002/20220823_033000.WAV,Telephone Field,recover-20220825,002,1795
1661.8765,1661.9194,68437,83530,Rhinolophus ferrumequinum,0.035,0.035,-1,Echolocation,/mnt/ubna_data_01_mir/recover-20220825/UBNA_002/20220823_033000.WAV,Telephone Field,recover-20220825,002,1795
1661.8985,1661.937,68437,82342,Rhinolophus ferrumequinum,0.023,0.023,-1,Echolocation,/mnt/ubna_data_01_mir/recover-20220825/UBNA_002/20220823_033000.WAV,Telephone Field,recover-20220825,002,1795
1661.9005,1661.9084,25468,36679,Plecotus austriacus,0.008,0.034,-1,Echolocation,/mnt/ubna_data_01_mir/recover-20220825/UBNA_002/20220823_033000.WAV,Telephone Field,recover-20220825,002,1795
1661.9415,1661.9489,28906,42388,Eptesicus serotinus,0.007,0.023,-1,Echolocation,/mnt/ubna_data_01_mir/recover-20220825/UBNA_002/20220823_033000.WAV,Telephone Field,recover-20220825,002,1795
1661.9605,1661.9996,68437,82404,Rhinolophus ferrumequinum,0.028,0.028,-1,Echolocation,/mnt/ubna_data_01_mir/recover-20220825/UBNA_002/20220823_033000.WAV,Telephone Field,recover-20220825,002,1795
1662.0015,1662.0144,20312,24952,Nyctalus leisleri,0.015,0.032,-1,Echolocation,/mnt/ubna_data_01_mir/recover-20220825/UBNA_002/20220823_033000.WAV,Telephone Field,recover-20220825,002,1795
1662.0015,1662.0329,68437,79858,Rhinolophus ferrumequinum,0.031,0.031,-1,Echolocation,/mnt/ubna_data_01_mir/recover-20220825/UBNA_002/20220823_033000.WAV,Telephone Field,recover-20220825,002,1795
1662.0425,1662.0833,68437,82246,Rhinolophus ferrumequinum,0.031,0.031,-1,Echolocation,/mnt/ubna_data_01_mir/recover-20220825/UBNA_002/20220823_033000.WAV,Telephone Field,recover-20220825,002,1795
1662.0465,1662.0546,28906,41169,Eptesicus serotinus,0.007,0.022,-1,Echolocation,/mnt/ubna_data_01_mir/recover-20220825/UBNA_002/20220823_033000.WAV,Telephone Field,recover-20220825,002,1795
1662.0805,1662.0926,48671,52598,Pipistrellus pipistrellus,0.022,0.027,-1,Echolocation,/mnt/ubna_data_01_mir/recover-20220825/UBNA_002/20220823_033000.WAV,Telephone Field,recover-20220825,002,1795
1662.1515,1662.1926,68437,82399,Rhinolophus ferrumequinum,0.042,0.042,-1,Echolocation,/mnt/ubna_data_01_mir/recover-20220825/UBNA_002/20220823_033000.WAV,Telephone Field,recover-20220825,002,1795
1662.1775,1662.2165,68437,82513,Rhinolophus ferrumequinum,0.023,0.023,-1,Echolocation,/mnt/ubna_data_01_mir/recover-20220825/UBNA_002/20220823_033000.WAV,Telephone Field,recover-20220825,002,1795
1662.1985,1662.238,68437,82667,Rhinolophus ferrumequinum,0.028,0.028,-1,Echolocation,/mnt/ubna_data_01_mir/recover-20220825/UBNA_002/20220823_033000.WAV,Telephone Field,recover-20220825,002,1795
1662.2005,1662.2088,28046,39792,Eptesicus serotinus,0.008,0.023,-1,Echolocation,/mnt/ubna_data_01_mir/recover-20220825/UBNA_002/20220823_033000.WAV,Telephone Field,recover-20220825,002,1795
1662.2175,1662.2538,68437,82024,Rhinolophus ferrumequinum,0.022,0.022,-1,Echolocation,/mnt/ubna_data_01_mir/recover-20220825/UBNA_002/20220823_033000.WAV,Telephone Field,recover-20220825,002,1795
1662.2245,1662.2345,43515,48730,Pipistrellus pipistrellus,0.036,0.044,-1,Echolocation,/mnt/ubna_data_01_mir/recover-20220825/UBNA_002/20220823_033000.WAV,Telephone Field,recover-20220825,002,1795
1662.2355,1662.2458,22890,29201,Nyctalus leisleri,0.008,0.023,-1,Echolocation,/mnt/ubna_data_01_mir/recover-20220825/UBNA_002/20220823_033000.WAV,Telephone Field,recover-20220825,002,1795
1662.2565,1662.2945,68437,81919,Rhinolophus ferrumequinum,0.025,0.025,-1,Echolocation,/mnt/ubna_data_01_mir/recover-20220825/UBNA_002/20220823_033000.WAV,Telephone Field,recover-20220825,002,1795
1662.2935,1662.3335,68437,81284,Rhinolophus ferrumequinum,0.027,0.027,-1,Echolocation,/mnt/ubna_data_01_mir/recover-20220825/UBNA_002/20220823_033000.WAV,Telephone Field,recover-20220825,002,1795
1662.3065,1662.3132,28046,40075,Eptesicus serotinus,0.008,0.029,-1,Echolocation,/mnt/ubna_data_01_mir/recover-20220825/UBNA_002/20220823_033000.WAV,Telephone Field,recover-20220825,002,1795
1662.3215,1662.3409,20312,22905,Nyctalus leisleri,0.024,0.044,-1,Echolocation,/mnt/ubna_data_01_mir/recover-20220825/UBNA_002/20220823_033000.WAV,Telephone Field,recover-20220825,002,1795
1662.3235,1662.3602,68437,82125,Rhinolophus ferrumequinum,0.022,0.022,-1,Echolocation,/mnt/ubna_data_01_mir/recover-20220825/UBNA_002/20220823_033000.WAV,Telephone Field,recover-20220825,002,1795
1662.3555,1662.3952,68437,82176,Rhinolophus ferrumequinum,0.033,0.033,-1,Echolocation,/mnt/ubna_data_01_mir/recover-20220825/UBNA_002/20220823_033000.WAV,Telephone Field,recover-20220825,002,1795
1662.3635,1662.3714,26328,35432,Eptesicus serotinus,0.009,0.026,-1,Echolocation,/mnt/ubna_data_01_mir/recover-20220825/UBNA_002/20220823_033000.WAV,Telephone Field,recover-20220825,002,1795
1662.3745,1662.4113,68437,82173,Rhinolophus ferrumequinum,0.023,0.023,-1,Echolocation,/mnt/ubna_data_01_mir/recover-20220825/UBNA_002/20220823_033000.WAV,Telephone Field,recover-20220825,002,1795
1662.4105,1662.4499,68437,82947,Rhinolophus ferrumequinum,0.023,0.023,-1,Echolocation,/mnt/ubna_data_01_mir/recover-20220825/UBNA_002/20220823_033000.WAV,Telephone Field,recover-20220825,002,1795
1662.4295,1662.4693,68437,82626,Rhinolophus ferrumequinum,0.025,0.025,-1,Echolocation,/mnt/ubna_data_01_mir/recover-20220825/UBNA_002/20220823_033000.WAV,Telephone Field,recover-20220825,002,1795
1662.4815,1662.5192,68437,82224,Rhinolophus ferrumequinum,0.022,0.022,-1,Echolocation,/mnt/ubna_data_01_mir/recover-20220825/UBNA_002/20220823_033000.WAV,Telephone Field,recover-20220825,002,1795
1662.4865,1662.4981,24609,31762,Eptesicus serotinus,0.01,0.029,-1,Echolocation,/mnt/ubna_data_01_mir/recover-20220825/UBNA_002/20220823_033000.WAV,Telephone Field,recover-20220825,002,1795
1662.5055,1662.5442,68437,82133,Rhinolophus ferrumequinum,0.021,0.021,-1,Echolocation,/mnt/ubna_data_01_mir/recover-20220825/UBNA_002/20220823_033000.WAV,Telephone Field,recover-20220825,002,1795
1662.5115,1662.5195,26328,39702,Eptesicus serotinus,0.008,0.024,-1,Echolocation,/mnt/ubna_data_01_mir/recover-20220825/UBNA_002/20220823_033000.WAV,Telephone Field,recover-20220825,002,1795
1662.5275,1662.5663,68437,82858,Rhinolophus ferrumequinum,0.023,0.023,-1,Echolocation,/mnt/ubna_data_01_mir/recover-20220825/UBNA_002/20220823_033000.WAV,Telephone Field,recover-20220825,002,1795
1662.5375,1662.5445,28046,41620,Eptesicus serotinus,0.01,0.033,-1,Echolocation,/mnt/ubna_data_01_mir/recover-20220825/UBNA_002/20220823_033000.WAV,Telephone Field,recover-20220825,002,1795
1662.5545,1662.5968,68437,83109,Rhinolophus ferrumequinum,0.023,0.023,-1,Echolocation,/mnt/ubna_data_01_mir/recover-20220825/UBNA_002/20220823_033000.WAV,Telephone Field,recover-20220825,002,1795
1662.5855,1662.5982,23750,29280,Nyctalus leisleri,0.013,0.03,-1,Echolocation,/mnt/ubna_data_01_mir/recover-20220825/UBNA_002/20220823_033000.WAV,Telephone Field,recover-20220825,002,1795
1662.6105,1662.6465,68437,81420,Rhinolophus ferrumequinum,0.024,0.024,-1,Echolocation,/mnt/ubna_data_01_mir/recover-20220825/UBNA_002/20220823_033000.WAV,Telephone Field,recover-20220825,002,1795
1662.6295,1662.6635,68437,80518,Rhinolophus ferrumequinum,0.021,0.022,-1,Echolocation,/mnt/ubna_data_01_mir/recover-20220825/UBNA_002/20220823_033000.WAV,Telephone Field,recover-20220825,002,1795
1662.6535,1662.6621,27187,38391,Eptesicus serotinus,0.008,0.022,-1,Echolocation,/mnt/ubna_data_01_mir/recover-20220825/UBNA_002/20220823_033000.WAV,Telephone Field,recover-20220825,002,1795
1662.7105,1662.7194,28046,39064,Eptesicus serotinus,0.01,0.025,-1,Echolocation,/mnt/ubna_data_01_mir/recover-20220825/UBNA_002/20220823_033000.WAV,Telephone Field,recover-20220825,002,1795
1662.7415,1662.7513,28046,36763,Eptesicus serotinus,0.01,0.025,-1,Echolocation,/mnt/ubna_data_01_mir/recover-20220825/UBNA_002/20220823_033000.WAV,Telephone Field,recover-20220825,002,1795
1662.7875,1662.8236,68437,82125,Rhinolophus ferrumequinum,0.023,0.023,-1,Echolocation,/mnt/ubna_data_01_mir/recover-20220825/UBNA_002/20220823_033000.WAV,Telephone Field,recover-20220825,002,1795
1662.8295,1662.8672,68437,81677,Rhinolophus ferrumequinum,0.022,0.022,-1,Echolocation,/mnt/ubna_data_01_mir/recover-20220825/UBNA_002/20220823_033000.WAV,Telephone Field,recover-20220825,002,1795
1662.8315,1662.8468,15156,20978,Nyctalus noctula,0.021,0.029,-1,Echolocation,/mnt/ubna_data_01_mir/recover-20220825/UBNA_002/20220823_033000.WAV,Telephone Field,recover-20220825,002,1795
1662.8845,1662.9231,68437,82053,Rhinolophus ferrumequinum,0.022,0.022,-1,Echolocation,/mnt/ubna_data_01_mir/recover-20220825/UBNA_002/20220823_033000.WAV,Telephone Field,recover-20220825,002,1795
1662.9165,1662.9573,68437,82886,Rhinolophus ferrumequinum,0.028,0.028,-1,Echolocation,/mnt/ubna_data_01_mir/recover-20220825/UBNA_002/20220823_033000.WAV,Telephone Field,recover-20220825,002,1795
1662.9365,1662.9721,68437,81384,Rhinolophus ferrumequinum,0.03,0.03,-1,Echolocation,/mnt/ubna_data_01_mir/recover-20220825/UBNA_002/20220823_033000.WAV,Telephone Field,recover-20220825,002,1795
1662.9535,1662.9943,68437,83017,Rhinolophus ferrumequinum,0.024,0.024,-1,Echolocation,/mnt/ubna_data_01_mir/recover-20220825/UBNA_002/20220823_033000.WAV,Telephone Field,recover-20220825,002,1795
1662.9845,1663.0222,68437,81642,Rhinolophus ferrumequinum,0.023,0.024,-1,Echolocation,/mnt/ubna_data_01_mir/recover-20220825/UBNA_002/20220823_033000.WAV,Telephone Field,recover-20220825,002,1795
1663.0085,1663.0451,68437,81903,Rhinolophus ferrumequinum,0.022,0.022,-1,Echolocation,/mnt/ubna_data_01_mir/recover-20220825/UBNA_002/20220823_033000.WAV,Telephone Field,recover-20220825,002,1795
1663.0115,1663.0182,28046,42479,Eptesicus serotinus,0.008,0.029,-1,Echolocation,/mnt/ubna_data_01_mir/recover-20220825/UBNA_002/20220823_033000.WAV,Telephone Field,recover-20220825,002,1795
1663.0215,1663.0598,68437,82204,Rhinolophus ferrumequinum,0.022,0.022,-1,Echolocation,/mnt/ubna_data_01_mir/recover-20220825/UBNA_002/20220823_033000.WAV,Telephone Field,recover-20220825,002,1795
1663.0245,1663.0334,27187,35817,Eptesicus serotinus,0.008,0.022,-1,Echolocation,/mnt/ubna_data_01_mir/recover-20220825/UBNA_002/20220823_033000.WAV,Telephone Field,recover-20220825,002,1795
1663.0805,1663.1197,68437,82482,Rhinolophus ferrumequinum,0.026,0.026,-1,Echolocation,/mnt/ubna_data_01_mir/recover-20220825/UBNA_002/20220823_033000.WAV,Telephone Field,recover-20220825,002,1795
1663.0935,1663.1055,22890,27453,Nyctalus leisleri,0.015,0.026,-1,Echolocation,/mnt/ubna_data_01_mir/recover-20220825/UBNA_002/20220823_033000.WAV,Telephone Field,recover-20220825,002,1795
1663.0995,1663.1369,68437,82291,Rhinolophus ferrumequinum,0.028,0.028,-1,Echolocation,/mnt/ubna_data_01_mir/recover-20220825/UBNA_002/20220823_033000.WAV,Telephone Field,recover-20220825,002,1795
1663.1235,1663.1588,68437,81547,Rhinolophus ferrumequinum,0.025,0.025,-1,Echolocation,/mnt/ubna_data_01_mir/recover-20220825/UBNA_002/20220823_033000.WAV,Telephone Field,recover-20220825,002,1795
1663.1385,1663.1765,68437,81683,Rhinolophus ferrumequinum,0.022,0.022,-1,Echolocation,/mnt/ubna_data_01_mir/recover-20220825/UBNA_002/20220823_033000.WAV,Telephone Field,recover-20220825,002,1795
1663.1505,1663.1579,26328,35200,Eptesicus serotinus,0.009,0.025,-1,Echolocation,/mnt/ubna_data_01_mir/recover-20220825/UBNA_002/20220823_033000.WAV,Telephone Field,recover-20220825,002,1795
1663.2035,1663.2135,50390,56287,Pipistrellus pipistrellus,0.022,0.03,-1,Echolocation,/mnt/ubna_data_01_mir/recover-20220825/UBNA_002/20220823_033000.WAV,Telephone Field,recover-20220825,002,1795
1663.2045,1663.2436,68437,82092,Rhinolophus ferrumequinum,0.022,0.022,-1,Echolocation,/mnt/ubna_data_01_mir/recover-20220825/UBNA_002/20220823_033000.WAV,Telephone Field,recover-20220825,002,1795
1663.2485,1663.2877,68437,82399,Rhinolophus ferrumequinum,0.026,0.026,-1,Echolocation,/mnt/ubna_data_01_mir/recover-20220825/UBNA_002/20220823_033000.WAV,Telephone Field,recover-20220825,002,1795
1663.2605,1663.3029,68437,83446,Rhinolophus ferrumequinum,0.046,0.046,-1,Echolocation,/mnt/ubna_data_01_mir/recover-20220825/UBNA_002/20220823_033000.WAV,Telephone Field,recover-20220825,002,1795
1663.2925,1663.3049,22031,26056,Nyctalus leisleri,0.015,0.026,-1,Echolocation,/mnt/ubna_data_01_mir/recover-20220825/UBNA_002/20220823_033000.WAV,Telephone Field,recover-20220825,002,1795
1663.3115,1663.3537,68437,82390,Rhinolophus ferrumequinum,0.023,0.023,-1,Echolocation,/mnt/ubna_data_01_mir/recover-20220825/UBNA_002/20220823_033000.WAV,Telephone Field,recover-20220825,002,1795
1663.3305,1663.37,68437,81935,Rhinolophus ferrumequinum,0.023,0.023,-1,Echolocation,/mnt/ubna_data_01_mir/recover-20220825/UBNA_002/20220823_033000.WAV,Telephone Field,recover-20220825,002,1795
1663.3365,1663.3736,68437,81972,Rhinolophus ferrumequinum,0.023,0.023,-1,Echolocation,/mnt/ubna_data_01_mir/recover-20220825/UBNA_002/20220823_033000.WAV,Telephone Field,recover-20220825,002,1795
1663.3755,1663.4107,68437,81455,Rhinolophus ferrumequinum,0.023,0.023,-1,Echolocation,/mnt/ubna_data_01_mir/recover-20220825/UBNA_002/20220823_033000.WAV,Telephone Field,recover-20220825,002,1795
1663.4315,1663.4382,23750,38077,Plecotus austriacus,0.008,0.024,-1,Echolocation,/mnt/ubna_data_01_mir/recover-20220825/UBNA_002/20220823_033000.WAV,Telephone Field,recover-20220825,002,1795
1663.4445,1663.4857,68437,82918,Rhinolophus ferrumequinum,0.025,0.025,-1,Echolocation,/mnt/ubna_data_01_mir/recover-20220825/UBNA_002/20220823_033000.WAV,Telephone Field,recover-20220825,002,1795
1663.4755,1663.5107,68437,80122,Rhinolophus ferrumequinum,0.022,0.023,-1,Echolocation,/mnt/ubna_data_01_mir/recover-20220825/UBNA_002/20220823_033000.WAV,Telephone Field,recover-20220825,002,1795
1663.4995,1663.5389,68437,82091,Rhinolophus ferrumequinum,0.023,0.023,-1,Echolocation,/mnt/ubna_data_01_mir/recover-20220825/UBNA_002/20220823_033000.WAV,Telephone Field,recover-20220825,002,1795
1663.5125,1663.5234,28906,35826,Eptesicus serotinus,0.013,0.028,-1,Echolocation,/mnt/ubna_data_01_mir/recover-20220825/UBNA_002/20220823_033000.WAV,Telephone Field,recover-20220825,002,1795
1663.5395,1663.5737,68437,81021,Rhinolophus ferrumequinum,0.032,0.032,-1,Echolocation,/mnt/ubna_data_01_mir/recover-20220825/UBNA_002/20220823_033000.WAV,Telephone Field,recover-20220825,002,1795
1663.5655,1663.5779,29765,36789,Eptesicus serotinus,0.014,0.028,-1,Echolocation,/mnt/ubna_data_01_mir/recover-20220825/UBNA_002/20220823_033000.WAV,Telephone Field,recover-20220825,002,1795
1663.6445,1663.6832,68437,82504,Rhinolophus ferrumequinum,0.023,0.023,-1,Echolocation,/mnt/ubna_data_01_mir/recover-20220825/UBNA_002/20220823_033000.WAV,Telephone Field,recover-20220825,002,1795
1663.6455,1663.6536,27187,40534,Eptesicus serotinus,0.009,0.023,-1,Echolocation,/mnt/ubna_data_01_mir/recover-20220825/UBNA_002/20220823_033000.WAV,Telephone Field,recover-20220825,002,1795
1663.6885,1663.7267,68437,81968,Rhinolophus ferrumequinum,0.023,0.023,-1,Echolocation,/mnt/ubna_data_01_mir/recover-20220825/UBNA_002/20220823_033000.WAV,Telephone Field,recover-20220825,002,1795
1663.6955,1663.7054,28046,39256,Eptesicus serotinus,0.011,0.027,-1,Echolocation,/mnt/ubna_data_01_mir/recover-20220825/UBNA_002/20220823_033000.WAV,Telephone Field,recover-20220825,002,1795
1663.7145,1663.75,68437,80962,Rhinolophus ferrumequinum,0.022,0.022,-1,Echolocation,/mnt/ubna_data_01_mir/recover-20220825/UBNA_002/20220823_033000.WAV,Telephone Field,recover-20220825,002,1795
1663.7245,1663.7616,68437,80326,Rhinolophus ferrumequinum,0.021,0.022,-1,Echolocation,/mnt/ubna_data_01_mir/recover-20220825/UBNA_002/20220823_033000.WAV,Telephone Field,recover-20220825,002,1795
1663.7425,1663.7506,28906,37453,Eptesicus serotinus,0.007,0.022,-1,Echolocation,/mnt/ubna_data_01_mir/recover-20220825/UBNA_002/20220823_033000.WAV,Telephone Field,recover-20220825,002,1795
1663.7445,1663.7829,68437,82707,Rhinolophus ferrumequinum,0.023,0.023,-1,Echolocation,/mnt/ubna_data_01_mir/recover-20220825/UBNA_002/20220823_033000.WAV,Telephone Field,recover-20220825,002,1795
1663.7765,1663.7828,28046,42938,Eptesicus serotinus,0.007,0.028,-1,Echolocation,/mnt/ubna_data_01_mir/recover-20220825/UBNA_002/20220823_033000.WAV,Telephone Field,recover-20220825,002,1795
1663.7935,1663.8309,68437,82441,Rhinolophus ferrumequinum,0.023,0.023,-1,Echolocation,/mnt/ubna_data_01_mir/recover-20220825/UBNA_002/20220823_033000.WAV,Telephone Field,recover-20220825,002,1795
1663.8025,1663.8406,68437,82076,Rhinolophus ferrumequinum,0.022,0.022,-1,Echolocation,/mnt/ubna_data_01_mir/recover-20220825/UBNA_002/20220823_033000.WAV,Telephone Field,recover-20220825,002,1795
1663.8105,1663.8184,28906,40793,Eptesicus serotinus,0.01,0.028,-1,Echolocation,/mnt/ubna_data_01_mir/recover-20220825/UBNA_002/20220823_033000.WAV,Telephone Field,recover-20220825,002,1795
1663.8155,1663.8232,24609,33476,Plecotus austriacus,0.011,0.029,-1,Echolocation,/mnt/ubna_data_01_mir/recover-20220825/UBNA_002/20220823_033000.WAV,Telephone Field,recover-20220825,002,1795
1663.8175,1663.8556,68437,82033,Rhinolophus ferrumequinum,0.023,0.023,-1,Echolocation,/mnt/ubna_data_01_mir/recover-20220825/UBNA_002/20220823_033000.WAV,Telephone Field,recover-20220825,002,1795
1663.8445,1663.885,68437,82904,Rhinolophus ferrumequinum,0.024,0.024,-1,Echolocation,/mnt/ubna_data_01_mir/recover-20220825/UBNA_002/20220823_033000.WAV,Telephone Field,recover-20220825,002,1795
1663.8565,1663.8919,68437,82178,Rhinolophus ferrumequinum,0.026,0.026,-1,Echolocation,/mnt/ubna_data_01_mir/recover-20220825/UBNA_002/20220823_033000.WAV,Telephone Field,recover-20220825,002,1795
1663.8915,1663.8969,40937,59391,Myotis mystacinus,0.01,0.028,-1,Echolocation,/mnt/ubna_data_01_mir/recover-20220825/UBNA_002/20220823_033000.WAV,Telephone Field,recover-20220825,002,1795
1663.9495,1663.9876,68437,81290,Rhinolophus ferrumequinum,0.022,0.022,-1,Echolocation,/mnt/ubna_data_01_mir/recover-20220825/UBNA_002/20220823_033000.WAV,Telephone Field,recover-20220825,002,1795
1663.9775,1663.9878,22890,29049,Nyctalus leisleri,0.01,0.025,-1,Echolocation,/mnt/ubna_data_01_mir/recover-20220825/UBNA_002/20220823_033000.WAV,Telephone Field,recover-20220825,002,1795
1664.0015,1664.0321,68437,79900,Rhinolophus ferrumequinum,0.032,0.032,-1,Echolocation,/mnt/ubna_data_01_mir/recover-20220825/UBNA_002/20220823_033000.WAV,Telephone Field,recover-20220825,002,1795
1664.0015,1664.0093,23750,32291,Nyctalus leisleri,0.006,0.022,-1,Echolocation,/mnt/ubna_data_01_mir/recover-20220825/UBNA_002/20220823_033000.WAV,Telephone Field,recover-20220825,002,1795
1664.0085,1664.0484,68437,81257,Rhinolophus ferrumequinum,0.021,0.021,-1,Echolocation,/mnt/ubna_data_01_mir/recover-20220825/UBNA_002/20220823_033000.WAV,Telephone Field,recover-20220825,002,1795
1664.0355,1664.0707,68437,81002,Rhinolophus ferrumequinum,0.02,0.021,-1,Echolocation,/mnt/ubna_data_01_mir/recover-20220825/UBNA_002/20220823_033000.WAV,Telephone Field,recover-20220825,002,1795
1664.0495,1664.086,68437,81473,Rhinolophus ferrumequinum,0.021,0.021,-1,Echolocation,/mnt/ubna_data_01_mir/recover-20220825/UBNA_002/20220823_033000.WAV,Telephone Field,recover-20220825,002,1795
1664.0565,1664.0633,27187,40856,Eptesicus serotinus,0.007,0.023,-1,Echolocation,/mnt/ubna_data_01_mir/recover-20220825/UBNA_002/20220823_033000.WAV,Telephone Field,recover-20220825,002,1795
1664.0645,1664.0727,23750,31273,Plecotus austriacus,0.006,0.022,-1,Echolocation,/mnt/ubna_data_01_mir/recover-20220825/UBNA_002/20220823_033000.WAV,Telephone Field,recover-20220825,002,1795
1664.0775,1664.1173,68437,82519,Rhinolophus ferrumequinum,0.024,0.024,-1,Echolocation,/mnt/ubna_data_01_mir/recover-20220825/UBNA_002/20220823_033000.WAV,Telephone Field,recover-20220825,002,1795
1664.0925,1664.1041,22031,26690,Nyctalus leisleri,0.013,0.026,-1,Echolocation,/mnt/ubna_data_01_mir/recover-20220825/UBNA_002/20220823_033000.WAV,Telephone Field,recover-20220825,002,1795
1664.1035,1664.1424,68437,81592,Rhinolophus ferrumequinum,0.021,0.021,-1,Echolocation,/mnt/ubna_data_01_mir/recover-20220825/UBNA_002/20220823_033000.WAV,Telephone Field,recover-20220825,002,1795
1664.1075,1664.1177,45234,48401,Pipistrellus pipistrellus,0.023,0.025,-1,Echolocation,/mnt/ubna_data_01_mir/recover-20220825/UBNA_002/20220823_033000.WAV,Telephone Field,recover-20220825,002,1795
1664.1115,1664.1219,22031,28720,Plecotus austriacus,0.009,0.028,-1,Echolocation,/mnt/ubna_data_01_mir/recover-20220825/UBNA_002/20220823_033000.WAV,Telephone Field,recover-20220825,002,1795
1664.1225,1664.1331,28046,36333,Eptesicus serotinus,0.01,0.02,-1,Echolocation,/mnt/ubna_data_01_mir/recover-20220825/UBNA_002/20220823_033000.WAV,Telephone Field,recover-20220825,002,1795
1664.1415,1664.1486,26328,36063,Eptesicus serotinus,0.007,0.026,-1,Echolocation,/mnt/ubna_data_01_mir/recover-20220825/UBNA_002/20220823_033000.WAV,Telephone Field,recover-20220825,002,1795
1664.1725,1664.184,22890,27596,Nyctalus leisleri,0.012,0.024,-1,Echolocation,/mnt/ubna_data_01_mir/recover-20220825/UBNA_002/20220823_033000.WAV,Telephone Field,recover-20220825,002,1795
1664.1835,1664.2187,68437,81771,Rhinolophus ferrumequinum,0.021,0.021,-1,Echolocation,/mnt/ubna_data_01_mir/recover-20220825/UBNA_002/20220823_033000.WAV,Telephone Field,recover-20220825,002,1795
1664.2435,1664.254,28906,36815,Eptesicus serotinus,0.011,0.025,-1,Echolocation,/mnt/ubna_data_01_mir/recover-20220825/UBNA_002/20220823_033000.WAV,Telephone Field,recover-20220825,002,1795
1664.3045,1664.3422,68437,82063,Rhinolophus ferrumequinum,0.022,0.022,-1,Echolocation,/mnt/ubna_data_01_mir/recover-20220825/UBNA_002/20220823_033000.WAV,Telephone Field,recover-20220825,002,1795
1664.3205,1664.3598,68437,82137,Rhinolophus ferrumequinum,0.024,0.024,-1,Echolocation,/mnt/ubna_data_01_mir/recover-20220825/UBNA_002/20220823_033000.WAV,Telephone Field,recover-20220825,002,1795
1664.3275,1664.3668,68437,82489,Rhinolophus ferrumequinum,0.024,0.024,-1,Echolocation,/mnt/ubna_data_01_mir/recover-20220825/UBNA_002/20220823_033000.WAV,Telephone Field,recover-20220825,002,1795
1664.3385,1664.3786,68437,83009,Rhinolophus ferrumequinum,0.022,0.023,-1,Echolocation,/mnt/ubna_data_01_mir/recover-20220825/UBNA_002/20220823_033000.WAV,Telephone Field,recover-20220825,002,1795
1664.3565,1664.3745,19453,23074,Nyctalus noctula,0.012,0.025,-1,Echolocation,/mnt/ubna_data_01_mir/recover-20220825/UBNA_002/20220823_033000.WAV,Telephone Field,recover-20220825,002,1795
1664.3975,1664.4379,68437,82555,Rhinolophus ferrumequinum,0.034,0.034,-1,Echolocation,/mnt/ubna_data_01_mir/recover-20220825/UBNA_002/20220823_033000.WAV,Telephone Field,recover-20220825,002,1795
1664.4225,1664.4304,27187,38184,Eptesicus serotinus,0.007,0.02,-1,Echolocation,/mnt/ubna_data_01_mir/recover-20220825/UBNA_002/20220823_033000.WAV,Telephone Field,recover-20220825,002,1795
1664.5835,1664.6219,68437,81636,Rhinolophus ferrumequinum,0.027,0.027,-1,Echolocation,/mnt/ubna_data_01_mir/recover-20220825/UBNA_002/20220823_033000.WAV,Telephone Field,recover-20220825,002,1795
1664.5845,1664.6062,20312,23108,Nyctalus leisleri,0.013,0.026,-1,Echolocation,/mnt/ubna_data_01_mir/recover-20220825/UBNA_002/20220823_033000.WAV,Telephone Field,recover-20220825,002,1795
1664.6835,1664.6941,22890,28983,Nyctalus leisleri,0.009,0.023,-1,Echolocation,/mnt/ubna_data_01_mir/recover-20220825/UBNA_002/20220823_033000.WAV,Telephone Field,recover-20220825,002,1795
1664.6895,1664.7013,22890,27393,Nyctalus leisleri,0.012,0.022,-1,Echolocation,/mnt/ubna_data_01_mir/recover-20220825/UBNA_002/20220823_033000.WAV,Telephone Field,recover-20220825,002,1795
1664.6945,1664.7265,68437,81076,Rhinolophus ferrumequinum,0.023,0.023,-1,Echolocation,/mnt/ubna_data_01_mir/recover-20220825/UBNA_002/20220823_033000.WAV,Telephone Field,recover-20220825,002,1795
1664.7095,1664.7179,28046,41474,Eptesicus serotinus,0.009,0.022,-1,Echolocation,/mnt/ubna_data_01_mir/recover-20220825/UBNA_002/20220823_033000.WAV,Telephone Field,recover-20220825,002,1795
1664.7135,1664.7514,68437,81667,Rhinolophus ferrumequinum,0.024,0.024,-1,Echolocation,/mnt/ubna_data_01_mir/recover-20220825/UBNA_002/20220823_033000.WAV,Telephone Field,recover-20220825,002,1795
1664.7355,1664.7444,28046,38719,Eptesicus serotinus,0.008,0.022,-1,Echolocation,/mnt/ubna_data_01_mir/recover-20220825/UBNA_002/20220823_033000.WAV,Telephone Field,recover-20220825,002,1795
1664.7575,1664.7703,43515,46608,Pipistrellus pipistrellus,0.02,0.026,-1,Echolocation,/mnt/ubna_data_01_mir/recover-20220825/UBNA_002/20220823_033000.WAV,Telephone Field,recover-20220825,002,1795
1664.8105,1664.8182,27187,38083,Eptesicus serotinus,0.007,0.022,-1,Echolocation,/mnt/ubna_data_01_mir/recover-20220825/UBNA_002/20220823_033000.WAV,Telephone Field,recover-20220825,002,1795
1664.8285,1664.8636,68437,81162,Rhinolophus ferrumequinum,0.02,0.02,-1,Echolocation,/mnt/ubna_data_01_mir/recover-20220825/UBNA_002/20220823_033000.WAV,Telephone Field,recover-20220825,002,1795
1664.8465,1664.8841,68437,82663,Rhinolophus ferrumequinum,0.025,0.025,-1,Echolocation,/mnt/ubna_data_01_mir/recover-20220825/UBNA_002/20220823_033000.WAV,Telephone Field,recover-20220825,002,1795
1664.9125,1664.9523,68437,82950,Rhinolophus ferrumequinum,0.026,0.026,-1,Echolocation,/mnt/ubna_data_01_mir/recover-20220825/UBNA_002/20220823_033000.WAV,Telephone Field,recover-20220825,002,1795
1664.9495,1664.9856,68437,81471,Rhinolophus ferrumequinum,0.024,0.024,-1,Echolocation,/mnt/ubna_data_01_mir/recover-20220825/UBNA_002/20220823_033000.WAV,Telephone Field,recover-20220825,002,1795
1664.9535,1664.9607,28046,43313,Eptesicus serotinus,0.008,0.024,-1,Echolocation,/mnt/ubna_data_01_mir/recover-20220825/UBNA_002/20220823_033000.WAV,Telephone Field,recover-20220825,002,1795
1665.0135,1665.02,49531,53711,Pipistrellus pipistrellus,0.019,0.021,-1,Echolocation,/mnt/ubna_data_01_mir/recover-20220825/UBNA_002/20220823_033000.WAV,Telephone Field,recover-20220825,002,1795
1665.0135,1665.0505,68437,81785,Rhinolophus ferrumequinum,0.022,0.022,-1,Echolocation,/mnt/ubna_data_01_mir/recover-20220825/UBNA_002/20220823_033000.WAV,Telephone Field,recover-20220825,002,1795
1665.0605,1665.1021,68437,83026,Rhinolophus ferrumequinum,0.028,0.028,-1,Echolocation,/mnt/ubna_data_01_mir/recover-20220825/UBNA_002/20220823_033000.WAV,Telephone Field,recover-20220825,002,1795
1665.0765,1665.1171,68437,82330,Rhinolophus ferrumequinum,0.025,0.025,-1,Echolocation,/mnt/ubna_data_01_mir/recover-20220825/UBNA_002/20220823_033000.WAV,Telephone Field,recover-20220825,002,1795
1665.1145,1665.1576,68437,83697,Rhinolophus ferrumequinum,0.054,0.054,-1,Echolocation,/mnt/ubna_data_01_mir/recover-20220825/UBNA_002/20220823_033000.WAV,Telephone Field,recover-20220825,002,1795
1665.1425,1665.1814,68437,82693,Rhinolophus ferrumequinum,0.023,0.023,-1,Echolocation,/mnt/ubna_data_01_mir/recover-20220825/UBNA_002/20220823_033000.WAV,Telephone Field,recover-20220825,002,1795
1665.1605,1665.2007,68437,82285,Rhinolophus ferrumequinum,0.023,0.023,-1,Echolocation,/mnt/ubna_data_01_mir/recover-20220825/UBNA_002/20220823_033000.WAV,Telephone Field,recover-20220825,002,1795
1665.1625,1665.1714,28046,37643,Eptesicus serotinus,0.009,0.021,-1,Echolocation,/mnt/ubna_data_01_mir/recover-20220825/UBNA_002/20220823_033000.WAV,Telephone Field,recover-20220825,002,1795
1665.1915,1665.2088,20312,23481,Nyctalus leisleri,0.011,0.022,-1,Echolocation,/mnt/ubna_data_01_mir/recover-20220825/UBNA_002/20220823_033000.WAV,Telephone Field,recover-20220825,002,1795
1665.2325,1665.2728,68437,82120,Rhinolophus ferrumequinum,0.021,0.021,-1,Echolocation,/mnt/ubna_data_01_mir/recover-20220825/UBNA_002/20220823_033000.WAV,Telephone Field,recover-20220825,002,1795
1665.2405,1665.2791,68437,82316,Rhinolophus ferrumequinum,0.024,0.024,-1,Echolocation,/mnt/ubna_data_01_mir/recover-20220825/UBNA_002/20220823_033000.WAV,Telephone Field,recover-20220825,002,1795
1665.2435,1665.2499,28046,38738,Eptesicus serotinus,0.006,0.022,-1,Echolocation,/mnt/ubna_data_01_mir/recover-20220825/UBNA_002/20220823_033000.WAV,Telephone Field,recover-20220825,002,1795
1665.2535,1665.2914,68437,82129,Rhinolophus ferrumequinum,0.022,0.022,-1,Echolocation,/mnt/ubna_data_01_mir/recover-20220825/UBNA_002/20220823_033000.WAV,Telephone Field,recover-20220825,002,1795
1665.2745,1665.2816,26328,38687,Eptesicus serotinus,0.007,0.021,-1,Echolocation,/mnt/ubna_data_01_mir/recover-20220825/UBNA_002/20220823_033000.WAV,Telephone Field,recover-20220825,002,1795
1665.3035,1665.3412,68437,82057,Rhinolophus ferrumequinum,0.021,0.021,-1,Echolocation,/mnt/ubna_data_01_mir/recover-20220825/UBNA_002/20220823_033000.WAV,Telephone Field,recover-20220825,002,1795
1665.3285,1665.37,68437,83609,Rhinolophus ferrumequinum,0.025,0.025,-1,Echolocation,/mnt/ubna_data_01_mir/recover-20220825/UBNA_002/20220823_033000.WAV,Telephone Field,recover-20220825,002,1795
1665.3715,1665.4048,68437,81207,Rhinolophus ferrumequinum,0.022,0.022,-1,Echolocation,/mnt/ubna_data_01_mir/recover-20220825/UBNA_002/20220823_033000.WAV,Telephone Field,recover-20220825,002,1795
1665.3895,1665.3983,27187,37855,Eptesicus serotinus,0.008,0.022,-1,Echolocation,/mnt/ubna_data_01_mir/recover-20220825/UBNA_002/20220823_033000.WAV,Telephone Field,recover-20220825,002,1795
1665.4535,1665.4915,68437,83038,Rhinolophus ferrumequinum,0.025,0.025,-1,Echolocation,/mnt/ubna_data_01_mir/recover-20220825/UBNA_002/20220823_033000.WAV,Telephone Field,recover-20220825,002,1795
1665.4775,1665.5244,68437,84130,Rhinolophus ferrumequinum,0.056,0.056,-1,Echolocation,/mnt/ubna_data_01_mir/recover-20220825/UBNA_002/20220823_033000.WAV,Telephone Field,recover-20220825,002,1795
1665.4955,1665.5038,22890,30236,Plecotus austriacus,0.011,0.025,-1,Echolocation,/mnt/ubna_data_01_mir/recover-20220825/UBNA_002/20220823_033000.WAV,Telephone Field,recover-20220825,002,1795
1665.5155,1665.5501,68437,81266,Rhinolophus ferrumequinum,0.022,0.022,-1,Echolocation,/mnt/ubna_data_01_mir/recover-20220825/UBNA_002/20220823_033000.WAV,Telephone Field,recover-20220825,002,1795
1665.5185,1665.529,28046,35170,Eptesicus serotinus,0.013,0.024,-1,Echolocation,/mnt/ubna_data_01_mir/recover-20220825/UBNA_002/20220823_033000.WAV,Telephone Field,recover-20220825,002,1795
1665.5425,1665.5812,68437,82006,Rhinolophus ferrumequinum,0.021,0.021,-1,Echolocation,/mnt/ubna_data_01_mir/recover-20220825/UBNA_002/20220823_033000.WAV,Telephone Field,recover-20220825,002,1795
1665.5515,1665.5914,68437,82804,Rhinolophus ferrumequinum,0.02,0.02,-1,Echolocation,/mnt/ubna_data_01_mir/recover-20220825/UBNA_002/20220823_033000.WAV,Telephone Field,recover-20220825,002,1795
1665.5735,1665.6128,68437,82466,Rhinolophus ferrumequinum,0.029,0.029,-1,Echolocation,/mnt/ubna_data_01_mir/recover-20220825/UBNA_002/20220823_033000.WAV,Telephone Field,recover-20220825,002,1795
1665.6385,1665.672,68437,81906,Rhinolophus ferrumequinum,0.02,0.021,-1,Echolocation,/mnt/ubna_data_01_mir/recover-20220825/UBNA_002/20220823_033000.WAV,Telephone Field,recover-20220825,002,1795
1665.6475,1665.6611,25468,30713,Eptesicus serotinus,0.013,0.03,-1,Echolocation,/mnt/ubna_data_01_mir/recover-20220825/UBNA_002/20220823_033000.WAV,Telephone Field,recover-20220825,002,1795
1665.6845,1665.6996,22031,26085,Nyctalus leisleri,0.012,0.022,-1,Echolocation,/mnt/ubna_data_01_mir/recover-20220825/UBNA_002/20220823_033000.WAV,Telephone Field,recover-20220825,002,1795
1665.7015,1665.7427,68437,82074,Rhinolophus ferrumequinum,0.02,0.02,-1,Echolocation,/mnt/ubna_data_01_mir/recover-20220825/UBNA_002/20220823_033000.WAV,Telephone Field,recover-20220825,002,1795
1665.7205,1665.7348,22890,27260,Nyctalus leisleri,0.027,0.06,-1,Echolocation,/mnt/ubna_data_01_mir/recover-20220825/UBNA_002/20220823_033000.WAV,Telephone Field,recover-20220825,002,1795
1665.7635,1665.8032,68437,83068,Rhinolophus ferrumequinum,0.022,0.022,-1,Echolocation,/mnt/ubna_data_01_mir/recover-20220825/UBNA_002/20220823_033000.WAV,Telephone Field,recover-20220825,002,1795
1665.8045,1665.8147,34062,39671,Barbastellus barbastellus,0.01,0.031,-1,Echolocation,/mnt/ubna_data_01_mir/recover-20220825/UBNA_002/20220823_033000.WAV,Telephone Field,recover-20220825,002,1795
1665.8515,1665.8575,28046,43025,Eptesicus serotinus,0.007,0.028,-1,Echolocation,/mnt/ubna_data_01_mir/recover-20220825/UBNA_002/20220823_033000.WAV,Telephone Field,recover-20220825,002,1795
1665.8775,1665.9177,68437,82706,Rhinolophus ferrumequinum,0.022,0.022,-1,Echolocation,/mnt/ubna_data_01_mir/recover-20220825/UBNA_002/20220823_033000.WAV,Telephone Field,recover-20220825,002,1795
1665.8855,1665.9265,68437,83262,Rhinolophus ferrumequinum,0.024,0.024,-1,Echolocation,/mnt/ubna_data_01_mir/recover-20220825/UBNA_002/20220823_033000.WAV,Telephone Field,recover-20220825,002,1795
1665.8905,1665.8982,23750,34857,Myotis nattereri,0.006,0.021,-1,Echolocation,/mnt/ubna_data_01_mir/recover-20220825/UBNA_002/20220823_033000.WAV,Telephone Field,recover-20220825,002,1795
1665.9155,1665.9242,23750,30632,Nyctalus leisleri,0.006,0.02,-1,Echolocation,/mnt/ubna_data_01_mir/recover-20220825/UBNA_002/20220823_033000.WAV,Telephone Field,recover-20220825,002,1795
1665.9245,1665.9333,28906,36620,Eptesicus serotinus,0.008,0.02,-1,Echolocation,/mnt/ubna_data_01_mir/recover-20220825/UBNA_002/20220823_033000.WAV,Telephone Field,recover-20220825,002,1795
1665.9255,1665.9367,34062,39002,Eptesicus serotinus,0.005,0.023,-1,Echolocation,/mnt/ubna_data_01_mir/recover-20220825/UBNA_002/20220823_033000.WAV,Telephone Field,recover-20220825,002,1795
1666.0015,1666.0323,68437,79903,Rhinolophus ferrumequinum,0.024,0.025,-1,Echolocation,/mnt/ubna_data_01_mir/recover-20220825/UBNA_002/20220823_033000.WAV,Telephone Field,recover-20220825,002,1795
1666.0015,1666.0083,25468,36874,Myotis nattereri,0.005,0.024,-1,Echolocation,/mnt/ubna_data_01_mir/recover-20220825/UBNA_002/20220823_033000.WAV,Telephone Field,recover-20220825,002,1795
1666.0125,1666.0531,68437,82521,Rhinolophus ferrumequinum,0.021,0.021,-1,Echolocation,/mnt/ubna_data_01_mir/recover-20220825/UBNA_002/20220823_033000.WAV,Telephone Field,recover-20220825,002,1795
1666.0205,1666.0565,68437,82057,Rhinolophus ferrumequinum,0.02,0.02,-1,Echolocation,/mnt/ubna_data_01_mir/recover-20220825/UBNA_002/20220823_033000.WAV,Telephone Field,recover-20220825,002,1795
1666.0295,1666.0681,68437,82205,Rhinolophus ferrumequinum,0.02,0.02,-1,Echolocation,/mnt/ubna_data_01_mir/recover-20220825/UBNA_002/20220823_033000.WAV,Telephone Field,recover-20220825,002,1795
1666.0505,1666.0624,24609,30456,Nyctalus leisleri,0.009,0.022,-1,Echolocation,/mnt/ubna_data_01_mir/recover-20220825/UBNA_002/20220823_033000.WAV,Telephone Field,recover-20220825,002,1795
1666.0745,1666.0832,28906,39005,Eptesicus serotinus,0.008,0.024,-1,Echolocation,/mnt/ubna_data_01_mir/recover-20220825/UBNA_002/20220823_033000.WAV,Telephone Field,recover-20220825,002,1795
1666.1255,1666.1328,23750,32582,Plecotus austriacus,0.009,0.022,-1,Echolocation,/mnt/ubna_data_01_mir/recover-20220825/UBNA_002/20220823_033000.WAV,Telephone Field,recover-20220825,002,1795
1666.1495,1666.188,68437,82898,Rhinolophus ferrumequinum,0.024,0.024,-1,Echolocation,/mnt/ubna_data_01_mir/recover-20220825/UBNA_002/20220823_033000.WAV,Telephone Field,recover-20220825,002,1795
1666.1505,1666.1573,28046,41092,Eptesicus serotinus,0.007,0.022,-1,Echolocation,/mnt/ubna_data_01_mir/recover-20220825/UBNA_002/20220823_033000.WAV,Telephone Field,recover-20220825,002,1795
1666.1965,1666.208,26328,33795,Eptesicus serotinus,0.013,0.026,-1,Echolocation,/mnt/ubna_data_01_mir/recover-20220825/UBNA_002/20220823_033000.WAV,Telephone Field,recover-20220825,002,1795
1666.2225,1666.2301,26328,38296,Eptesicus serotinus,0.005,0.021,-1,Echolocation,/mnt/ubna_data_01_mir/recover-20220825/UBNA_002/20220823_033000.WAV,Telephone Field,recover-20220825,002,1795
1666.2335,1666.2729,68437,82179,Rhinolophus ferrumequinum,0.022,0.022,-1,Echolocation,/mnt/ubna_data_01_mir/recover-20220825/UBNA_002/20220823_033000.WAV,Telephone Field,recover-20220825,002,1795
1666.2555,1666.2648,28906,36660,Eptesicus serotinus,0.008,0.023,-1,Echolocation,/mnt/ubna_data_01_mir/recover-20220825/UBNA_002/20220823_033000.WAV,Telephone Field,recover-20220825,002,1795
1666.3165,1666.3233,27187,41152,Eptesicus serotinus,0.006,0.026,-1,Echolocation,/mnt/ubna_data_01_mir/recover-20220825/UBNA_002/20220823_033000.WAV,Telephone Field,recover-20220825,002,1795
1666.3445,1666.3786,68437,81042,Rhinolophus ferrumequinum,0.022,0.022,-1,Echolocation,/mnt/ubna_data_01_mir/recover-20220825/UBNA_002/20220823_033000.WAV,Telephone Field,recover-20220825,002,1795
1666.3635,1666.4007,68437,82412,Rhinolophus ferrumequinum,0.022,0.022,-1,Echolocation,/mnt/ubna_data_01_mir/recover-20220825/UBNA_002/20220823_033000.WAV,Telephone Field,recover-20220825,002,1795
1666.4065,1666.4167,23750,30825,Eptesicus serotinus,0.007,0.022,-1,Echolocation,/mnt/ubna_data_01_mir/recover-20220825/UBNA_002/20220823_033000.WAV,Telephone Field,recover-20220825,002,1795
1666.4345,1666.4711,68437,81827,Rhinolophus ferrumequinum,0.021,0.021,-1,Echolocation,/mnt/ubna_data_01_mir/recover-20220825/UBNA_002/20220823_033000.WAV,Telephone Field,recover-20220825,002,1795
1666.4465,1666.4842,68437,81580,Rhinolophus ferrumequinum,0.02,0.021,-1,Echolocation,/mnt/ubna_data_01_mir/recover-20220825/UBNA_002/20220823_033000.WAV,Telephone Field,recover-20220825,002,1795
1666.4515,1666.4581,28046,42820,Eptesicus serotinus,0.006,0.025,-1,Echolocation,/mnt/ubna_data_01_mir/recover-20220825/UBNA_002/20220823_033000.WAV,Telephone Field,recover-20220825,002,1795
1666.4755,1666.5145,68437,82678,Rhinolophus ferrumequinum,0.025,0.025,-1,Echolocation,/mnt/ubna_data_01_mir/recover-20220825/UBNA_002/20220823_033000.WAV,Telephone Field,recover-20220825,002,1795
1666.4945,1666.5356,68437,81954,Rhinolophus ferrumequinum,0.025,0.026,-1,Echolocation,/mnt/ubna_data_01_mir/recover-20220825/UBNA_002/20220823_033000.WAV,Telephone Field,recover-20220825,002,1795
1666.4955,1666.503,28906,41655,Eptesicus serotinus,0.007,0.025,-1,Echolocation,/mnt/ubna_data_01_mir/recover-20220825/UBNA_002/20220823_033000.WAV,Telephone Field,recover-20220825,002,1795
1666.5185,1666.5294,22890,27617,Nyctalus leisleri,0.012,0.024,-1,Echolocation,/mnt/ubna_data_01_mir/recover-20220825/UBNA_002/20220823_033000.WAV,Telephone Field,recover-20220825,002,1795
1666.5525,1666.5601,24609,33075,Plecotus austriacus,0.007,0.024,-1,Echolocation,/mnt/ubna_data_01_mir/recover-20220825/UBNA_002/20220823_033000.WAV,Telephone Field,recover-20220825,002,1795
1666.5645,1666.6074,68437,82374,Rhinolophus ferrumequinum,0.029,0.029,-1,Echolocation,/mnt/ubna_data_01_mir/recover-20220825/UBNA_002/20220823_033000.WAV,Telephone Field,recover-20220825,002,1795
1666.5925,1666.6002,23750,31335,Plecotus austriacus,0.009,0.023,-1,Echolocation,/mnt/ubna_data_01_mir/recover-20220825/UBNA_002/20220823_033000.WAV,Telephone Field,recover-20220825,002,1795
1666.6135,1666.6234,25468,33125,Eptesicus serotinus,0.008,0.021,-1,Echolocation,/mnt/ubna_data_01_mir/recover-20220825/UBNA_002/20220823_033000.WAV,Telephone Field,recover-20220825,002,1795
1666.6325,1666.6393,28046,41823,Eptesicus serotinus,0.005,0.021,-1,Echolocation,/mnt/ubna_data_01_mir/recover-20220825/UBNA_002/20220823_033000.WAV,Telephone Field,recover-20220825,002,1795
1666.6335,1666.6721,68437,82224,Rhinolophus ferrumequinum,0.025,0.025,-1,Echolocation,/mnt/ubna_data_01_mir/recover-20220825/UBNA_002/20220823_033000.WAV,Telephone Field,recover-20220825,002,1795
1666.6555,1666.6614,27187,43448,Plecotus auritus,0.006,0.027,-1,Echolocation,/mnt/ubna_data_01_mir/recover-20220825/UBNA_002/20220823_033000.WAV,Telephone Field,recover-20220825,002,1795
1666.6975,1666.709,22890,28494,Nyctalus leisleri,0.01,0.021,-1,Echolocation,/mnt/ubna_data_01_mir/recover-20220825/UBNA_002/20220823_033000.WAV,Telephone Field,recover-20220825,002,1795
1666.6975,1666.7338,68437,82103,Rhinolophus ferrumequinum,0.025,0.025,-1,Echolocation,/mnt/ubna_data_01_mir/recover-20220825/UBNA_002/20220823_033000.WAV,Telephone Field,recover-20220825,002,1795
1666.7345,1666.7425,26328,36836,Eptesicus serotinus,0.008,0.022,-1,Echolocation,/mnt/ubna_data_01_mir/recover-20220825/UBNA_002/20220823_033000.WAV,Telephone Field,recover-20220825,002,1795
1666.7705,1666.7791,22890,30127,Plecotus austriacus,0.008,0.021,-1,Echolocation,/mnt/ubna_data_01_mir/recover-20220825/UBNA_002/20220823_033000.WAV,Telephone Field,recover-20220825,002,1795
1666.7785,1666.7911,40078,43940,Pipistrellus nathusii,0.012,0.024,-1,Echolocation,/mnt/ubna_data_01_mir/recover-20220825/UBNA_002/20220823_033000.WAV,Telephone Field,recover-20220825,002,1795
1666.7895,1666.8274,68437,81879,Rhinolophus ferrumequinum,0.022,0.022,-1,Echolocation,/mnt/ubna_data_01_mir/recover-20220825/UBNA_002/20220823_033000.WAV,Telephone Field,recover-20220825,002,1795
1666.8155,1666.8258,23750,29768,Nyctalus leisleri,0.008,0.021,-1,Echolocation,/mnt/ubna_data_01_mir/recover-20220825/UBNA_002/20220823_033000.WAV,Telephone Field,recover-20220825,002,1795
1666.8255,1666.8354,24609,31467,Nyctalus leisleri,0.007,0.021,-1,Echolocation,/mnt/ubna_data_01_mir/recover-20220825/UBNA_002/20220823_033000.WAV,Telephone Field,recover-20220825,002,1795
1666.8265,1666.8654,68437,82277,Rhinolophus ferrumequinum,0.023,0.023,-1,Echolocation,/mnt/ubna_data_01_mir/recover-20220825/UBNA_002/20220823_033000.WAV,Telephone Field,recover-20220825,002,1795
1666.8335,1666.8715,68437,82095,Rhinolophus ferrumequinum,0.023,0.023,-1,Echolocation,/mnt/ubna_data_01_mir/recover-20220825/UBNA_002/20220823_033000.WAV,Telephone Field,recover-20220825,002,1795
1666.8345,1666.8427,26328,34981,Eptesicus serotinus,0.009,0.023,-1,Echolocation,/mnt/ubna_data_01_mir/recover-20220825/UBNA_002/20220823_033000.WAV,Telephone Field,recover-20220825,002,1795
1666.8415,1666.8493,24609,32804,Eptesicus serotinus,0.007,0.022,-1,Echolocation,/mnt/ubna_data_01_mir/recover-20220825/UBNA_002/20220823_033000.WAV,Telephone Field,recover-20220825,002,1795
1666.8565,1666.898,68437,82336,Rhinolophus ferrumequinum,0.024,0.024,-1,Echolocation,/mnt/ubna_data_01_mir/recover-20220825/UBNA_002/20220823_033000.WAV,Telephone Field,recover-20220825,002,1795
1666.8625,1666.8706,26328,37236,Eptesicus serotinus,0.007,0.022,-1,Echolocation,/mnt/ubna_data_01_mir/recover-20220825/UBNA_002/20220823_033000.WAV,Telephone Field,recover-20220825,002,1795
1666.8645,1666.9025,68437,82345,Rhinolophus ferrumequinum,0.021,0.021,-1,Echolocation,/mnt/ubna_data_01_mir/recover-20220825/UBNA_002/20220823_033000.WAV,Telephone Field,recover-20220825,002,1795
1666.8865,1666.8965,27187,35920,Eptesicus serotinus,0.013,0.029,-1,Echolocation,/mnt/ubna_data_01_mir/recover-20220825/UBNA_002/20220823_033000.WAV,Telephone Field,recover-20220825,002,1795
1666.9115,1666.9488,68437,82128,Rhinolophus ferrumequinum,0.021,0.021,-1,Echolocation,/mnt/ubna_data_01_mir/recover-20220825/UBNA_002/20220823_033000.WAV,Telephone Field,recover-20220825,002,1795
1666.9245,1666.9337,22890,29208,Plecotus austriacus,0.009,0.024,-1,Echolocation,/mnt/ubna_data_01_mir/recover-20220825/UBNA_002/20220823_033000.WAV,Telephone Field,recover-20220825,002,1795
1666.9545,1666.9937,68437,82228,Rhinolophus ferrumequinum,0.021,0.021,-1,Echolocation,/mnt/ubna_data_01_mir/recover-20220825/UBNA_002/20220823_033000.WAV,Telephone Field,recover-20220825,002,1795
1666.9855,1667.0251,68437,82161,Rhinolophus ferrumequinum,0.028,0.028,-1,Echolocation,/mnt/ubna_data_01_mir/recover-20220825/UBNA_002/20220823_033000.WAV,Telephone Field,recover-20220825,002,1795
1667.0065,1667.015,27187,37900,Eptesicus serotinus,0.007,0.02,-1,Echolocation,/mnt/ubna_data_01_mir/recover-20220825/UBNA_002/20220823_033000.WAV,Telephone Field,recover-20220825,002,1795
1667.0205,1667.0611,68437,82544,Rhinolophus ferrumequinum,0.024,0.024,-1,Echolocation,/mnt/ubna_data_01_mir/recover-20220825/UBNA_002/20220823_033000.WAV,Telephone Field,recover-20220825,002,1795
1667.0235,1667.0353,22890,27509,Nyctalus leisleri,0.012,0.025,-1,Echolocation,/mnt/ubna_data_01_mir/recover-20220825/UBNA_002/20220823_033000.WAV,Telephone Field,recover-20220825,002,1795
1667.0485,1667.0547,24609,35966,Plecotus austriacus,0.015,0.034,-1,Echolocation,/mnt/ubna_data_01_mir/recover-20220825/UBNA_002/20220823_033000.WAV,Telephone Field,recover-20220825,002,1795
1667.0575,1667.0668,49531,53659,Pipistrellus pipistrellus,0.029,0.033,-1,Echolocation,/mnt/ubna_data_01_mir/recover-20220825/UBNA_002/20220823_033000.WAV,Telephone Field,recover-20220825,002,1795
1667.0645,1667.1014,68437,81970,Rhinolophus ferrumequinum,0.021,0.021,-1,Echolocation,/mnt/ubna_data_01_mir/recover-20220825/UBNA_002/20220823_033000.WAV,Telephone Field,recover-20220825,002,1795
1667.0985,1667.1072,28046,39616,Eptesicus serotinus,0.012,0.027,-1,Echolocation,/mnt/ubna_data_01_mir/recover-20220825/UBNA_002/20220823_033000.WAV,Telephone Field,recover-20220825,002,1795
1667.1375,1667.1762,68437,82360,Rhinolophus ferrumequinum,0.023,0.023,-1,Echolocation,/mnt/ubna_data_01_mir/recover-20220825/UBNA_002/20220823_033000.WAV,Telephone Field,recover-20220825,002,1795
1667.1425,1667.1483,26328,41841,Plecotus austriacus,0.009,0.033,-1,Echolocation,/mnt/ubna_data_01_mir/recover-20220825/UBNA_002/20220823_033000.WAV,Telephone Field,recover-20220825,002,1795
1667.1665,1667.1733,28906,42375,Eptesicus serotinus,0.007,0.026,-1,Echolocation,/mnt/ubna_data_01_mir/recover-20220825/UBNA_002/20220823_033000.WAV,Telephone Field,recover-20220825,002,1795
1667.1795,1667.2163,68437,81429,Rhinolophus ferrumequinum,0.022,0.022,-1,Echolocation,/mnt/ubna_data_01_mir/recover-20220825/UBNA_002/20220823_033000.WAV,Telephone Field,recover-20220825,002,1795
1667.1985,1667.2387,68437,82297,Rhinolophus ferrumequinum,0.022,0.022,-1,Echolocation,/mnt/ubna_data_01_mir/recover-20220825/UBNA_002/20220823_033000.WAV,Telephone Field,recover-20220825,002,1795
1667.2115,1667.2516,68437,82187,Rhinolophus ferrumequinum,0.025,0.025,-1,Echolocation,/mnt/ubna_data_01_mir/recover-20220825/UBNA_002/20220823_033000.WAV,Telephone Field,recover-20220825,002,1795
1667.2185,1667.2582,68437,82206,Rhinolophus ferrumequinum,0.023,0.023,-1,Echolocation,/mnt/ubna_data_01_mir/recover-20220825/UBNA_002/20220823_033000.WAV,Telephone Field,recover-20220825,002,1795
1667.2395,1667.2485,28906,39656,Eptesicus serotinus,0.009,0.025,-1,Echolocation,/mnt/ubna_data_01_mir/recover-20220825/UBNA_002/20220823_033000.WAV,Telephone Field,recover-20220825,002,1795
1667.2795,1667.2865,23750,32852,Plecotus austriacus,0.013,0.028,-1,Echolocation,/mnt/ubna_data_01_mir/recover-20220825/UBNA_002/20220823_033000.WAV,Telephone Field,recover-20220825,002,1795
1667.3115,1667.3437,68437,81707,Rhinolophus ferrumequinum,0.022,0.022,-1,Echolocation,/mnt/ubna_data_01_mir/recover-20220825/UBNA_002/20220823_033000.WAV,Telephone Field,recover-20220825,002,1795
1667.3125,1667.3224,44375,48932,Pipistrellus pipistrellus,0.02,0.022,-1,Echolocation,/mnt/ubna_data_01_mir/recover-20220825/UBNA_002/20220823_033000.WAV,Telephone Field,recover-20220825,002,1795
1667.3235,1667.3617,68437,81351,Rhinolophus ferrumequinum,0.021,0.021,-1,Echolocation,/mnt/ubna_data_01_mir/recover-20220825/UBNA_002/20220823_033000.WAV,Telephone Field,recover-20220825,002,1795
1667.3385,1667.375,68437,82184,Rhinolophus ferrumequinum,0.022,0.022,-1,Echolocation,/mnt/ubna_data_01_mir/recover-20220825/UBNA_002/20220823_033000.WAV,Telephone Field,recover-20220825,002,1795
1667.3475,1667.3545,27187,39179,Eptesicus serotinus,0.005,0.021,-1,Echolocation,/mnt/ubna_data_01_mir/recover-20220825/UBNA_002/20220823_033000.WAV,Telephone Field,recover-20220825,002,1795
1667.3605,1667.4013,68437,82304,Rhinolophus ferrumequinum,0.021,0.021,-1,Echolocation,/mnt/ubna_data_01_mir/recover-20220825/UBNA_002/20220823_033000.WAV,Telephone Field,recover-20220825,002,1795
1667.3635,1667.3719,26328,35100,Eptesicus serotinus,0.008,0.023,-1,Echolocation,/mnt/ubna_data_01_mir/recover-20220825/UBNA_002/20220823_033000.WAV,Telephone Field,recover-20220825,002,1795
1667.3925,1667.3994,23750,34262,Plecotus austriacus,0.01,0.024,-1,Echolocation,/mnt/ubna_data_01_mir/recover-20220825/UBNA_002/20220823_033000.WAV,Telephone Field,recover-20220825,002,1795
1667.4155,1667.4565,68437,82771,Rhinolophus ferrumequinum,0.031,0.031,-1,Echolocation,/mnt/ubna_data_01_mir/recover-20220825/UBNA_002/20220823_033000.WAV,Telephone Field,recover-20220825,002,1795
1667.4305,1667.4425,14296,19720,Nyctalus noctula,0.02,0.033,-1,Echolocation,/mnt/ubna_data_01_mir/recover-20220825/UBNA_002/20220823_033000.WAV,Telephone Field,recover-20220825,002,1795
1667.4385,1667.4816,68437,83135,Rhinolophus ferrumequinum,0.031,0.031,-1,Echolocation,/mnt/ubna_data_01_mir/recover-20220825/UBNA_002/20220823_033000.WAV,Telephone Field,recover-20220825,002,1795
1667.4725,1667.4827,24609,31743,Nyctalus leisleri,0.008,0.022,-1,Echolocation,/mnt/ubna_data_01_mir/recover-20220825/UBNA_002/20220823_033000.WAV,Telephone Field,recover-20220825,002,1795
1667.4835,1667.5216,68437,81731,Rhinolophus ferrumequinum,0.023,0.023,-1,Echolocation,/mnt/ubna_data_01_mir/recover-20220825/UBNA_002/20220823_033000.WAV,Telephone Field,recover-20220825,002,1795
1667.5015,1667.5423,68437,82482,Rhinolophus ferrumequinum,0.021,0.021,-1,Echolocation,/mnt/ubna_data_01_mir/recover-20220825/UBNA_002/20220823_033000.WAV,Telephone Field,recover-20220825,002,1795
1667.5205,1667.5306,22890,28569,Nyctalus leisleri,0.011,0.028,-1,Echolocation,/mnt/ubna_data_01_mir/recover-20220825/UBNA_002/20220823_033000.WAV,Telephone Field,recover-20220825,002,1795
1667.5355,1667.5701,68437,81067,Rhinolophus ferrumequinum,0.022,0.022,-1,Echolocation,/mnt/ubna_data_01_mir/recover-20220825/UBNA_002/20220823_033000.WAV,Telephone Field,recover-20220825,002,1795
1667.5425,1667.5757,68437,80725,Rhinolophus ferrumequinum,0.022,0.022,-1,Echolocation,/mnt/ubna_data_01_mir/recover-20220825/UBNA_002/20220823_033000.WAV,Telephone Field,recover-20220825,002,1795
1667.5505,1667.5863,68437,81166,Rhinolophus ferrumequinum,0.021,0.021,-1,Echolocation,/mnt/ubna_data_01_mir/recover-20220825/UBNA_002/20220823_033000.WAV,Telephone Field,recover-20220825,002,1795
1667.5535,1667.5588,25468,42130,Plecotus austriacus,0.013,0.039,-1,Echolocation,/mnt/ubna_data_01_mir/recover-20220825/UBNA_002/20220823_033000.WAV,Telephone Field,recover-20220825,002,1795
1667.5735,1667.6137,68437,82420,Rhinolophus ferrumequinum,0.024,0.024,-1,Echolocation,/mnt/ubna_data_01_mir/recover-20220825/UBNA_002/20220823_033000.WAV,Telephone Field,recover-20220825,002,1795
1667.6035,1667.6418,68437,82427,Rhinolophus ferrumequinum,0.024,0.024,-1,Echolocation,/mnt/ubna_data_01_mir/recover-20220825/UBNA_002/20220823_033000.WAV,Telephone Field,recover-20220825,002,1795
1667.6225,1667.6294,25468,40001,Plecotus austriacus,0.006,0.024,-1,Echolocation,/mnt/ubna_data_01_mir/recover-20220825/UBNA_002/20220823_033000.WAV,Telephone Field,recover-20220825,002,1795
1667.6685,1667.7085,68437,82037,Rhinolophus ferrumequinum,0.022,0.022,-1,Echolocation,/mnt/ubna_data_01_mir/recover-20220825/UBNA_002/20220823_033000.WAV,Telephone Field,recover-20220825,002,1795
1667.6715,1667.6818,23750,29707,Nyctalus leisleri,0.008,0.021,-1,Echolocation,/mnt/ubna_data_01_mir/recover-20220825/UBNA_002/20220823_033000.WAV,Telephone Field,recover-20220825,002,1795
1667.7105,1667.7467,68437,81225,Rhinolophus ferrumequinum,0.021,0.021,-1,Echolocation,/mnt/ubna_data_01_mir/recover-20220825/UBNA_002/20220823_033000.WAV,Telephone Field,recover-20220825,002,1795
1667.7115,1667.724,25468,31470,Nyctalus leisleri,0.015,0.037,-1,Echolocation,/mnt/ubna_data_01_mir/recover-20220825/UBNA_002/20220823_033000.WAV,Telephone Field,recover-20220825,002,1795
1667.7215,1667.7282,26328,39550,Plecotus auritus,0.012,0.039,-1,Echolocation,/mnt/ubna_data_01_mir/recover-20220825/UBNA_002/20220823_033000.WAV,Telephone Field,recover-20220825,002,1795
1667.7365,1667.77,68437,81128,Rhinolophus ferrumequinum,0.021,0.021,-1,Echolocation,/mnt/ubna_data_01_mir/recover-20220825/UBNA_002/20220823_033000.WAV,Telephone Field,recover-20220825,002,1795
1667.7755,1667.7845,26328,34153,Eptesicus serotinus,0.01,0.029,-1,Echolocation,/mnt/ubna_data_01_mir/recover-20220825/UBNA_002/20220823_033000.WAV,Telephone Field,recover-20220825,002,1795
1667.7965,1667.8317,68437,81747,Rhinolophus ferrumequinum,0.022,0.022,-1,Echolocation,/mnt/ubna_data_01_mir/recover-20220825/UBNA_002/20220823_033000.WAV,Telephone Field,recover-20220825,002,1795
1667.8225,1667.8608,68437,82750,Rhinolophus ferrumequinum,0.027,0.027,-1,Echolocation,/mnt/ubna_data_01_mir/recover-20220825/UBNA_002/20220823_033000.WAV,Telephone Field,recover-20220825,002,1795
1667.8545,1667.8689,22031,26330,Nyctalus leisleri,0.017,0.032,-1,Echolocation,/mnt/ubna_data_01_mir/recover-20220825/UBNA_002/20220823_033000.WAV,Telephone Field,recover-20220825,002,1795
1667.8655,1667.8721,24609,35904,Plecotus austriacus,0.01,0.026,-1,Echolocation,/mnt/ubna_data_01_mir/recover-20220825/UBNA_002/20220823_033000.WAV,Telephone Field,recover-20220825,002,1795
1667.8765,1667.9128,68437,81549,Rhinolophus ferrumequinum,0.022,0.022,-1,Echolocation,/mnt/ubna_data_01_mir/recover-20220825/UBNA_002/20220823_033000.WAV,Telephone Field,recover-20220825,002,1795
1667.9145,1667.9285,28046,32642,Eptesicus serotinus,0.014,0.03,-1,Echolocation,/mnt/ubna_data_01_mir/recover-20220825/UBNA_002/20220823_033000.WAV,Telephone Field,recover-20220825,002,1795
1667.9285,1667.9385,26328,31882,Nyctalus leisleri,0.009,0.025,-1,Echolocation,/mnt/ubna_data_01_mir/recover-20220825/UBNA_002/20220823_033000.WAV,Telephone Field,recover-20220825,002,1795
1667.9315,1667.9452,20312,25290,Nyctalus noctula,0.018,0.044,-1,Echolocation,/mnt/ubna_data_01_mir/recover-20220825/UBNA_002/20220823_033000.WAV,Telephone Field,recover-20220825,002,1795
1667.9575,1667.9962,68437,81373,Rhinolophus ferrumequinum,0.022,0.022,-1,Echolocation,/mnt/ubna_data_01_mir/recover-20220825/UBNA_002/20220823_033000.WAV,Telephone Field,recover-20220825,002,1795
1668.0015,1668.0347,68437,79888,Rhinolophus ferrumequinum,0.026,0.026,-1,Echolocation,/mnt/ubna_data_01_mir/recover-20220825/UBNA_002/20220823_033000.WAV,Telephone Field,recover-20220825,002,1795
1668.0015,1668.0111,34921,40700,Pipistrellus nathusii,0.017,0.047,-1,Echolocation,/mnt/ubna_data_01_mir/recover-20220825/UBNA_002/20220823_033000.WAV,Telephone Field,recover-20220825,002,1795
1668.0015,1668.0105,23750,33405,Nyctalus leisleri,0.007,0.026,-1,Echolocation,/mnt/ubna_data_01_mir/recover-20220825/UBNA_002/20220823_033000.WAV,Telephone Field,recover-20220825,002,1795
1668.0015,1668.0106,28906,39207,Eptesicus serotinus,0.01,0.029,-1,Echolocation,/mnt/ubna_data_01_mir/recover-20220825/UBNA_002/20220823_033000.WAV,Telephone Field,recover-20220825,002,1795
1668.0015,1668.011,48671,55824,Pipistrellus pipistrellus,0.014,0.022,-1,Echolocation,/mnt/ubna_data_01_mir/recover-20220825/UBNA_002/20220823_033000.WAV,Telephone Field,recover-20220825,002,1795
1668.0215,1668.0297,28906,37928,Eptesicus serotinus,0.006,0.021,-1,Echolocation,/mnt/ubna_data_01_mir/recover-20220825/UBNA_002/20220823_033000.WAV,Telephone Field,recover-20220825,002,1795
1668.0235,1668.0323,22890,29852,Plecotus austriacus,0.007,0.021,-1,Echolocation,/mnt/ubna_data_01_mir/recover-20220825/UBNA_002/20220823_033000.WAV,Telephone Field,recover-20220825,002,1795
1668.0505,1668.0863,68437,81133,Rhinolophus ferrumequinum,0.022,0.022,-1,Echolocation,/mnt/ubna_data_01_mir/recover-20220825/UBNA_002/20220823_033000.WAV,Telephone Field,recover-20220825,002,1795
1668.0655,1668.1054,68437,82534,Rhinolophus ferrumequinum,0.021,0.021,-1,Echolocation,/mnt/ubna_data_01_mir/recover-20220825/UBNA_002/20220823_033000.WAV,Telephone Field,recover-20220825,002,1795
1668.0725,1668.0862,55546,60841,Pipistrellus pygmaeus,0.034,0.036,-1,Echolocation,/mnt/ubna_data_01_mir/recover-20220825/UBNA_002/20220823_033000.WAV,Telephone Field,recover-20220825,002,1795
1668.0735,1668.1116,68437,82485,Rhinolophus ferrumequinum,0.021,0.021,-1,Echolocation,/mnt/ubna_data_01_mir/recover-20220825/UBNA_002/20220823_033000.WAV,Telephone Field,recover-20220825,002,1795
1668.0955,1668.1025,39218,52180,Myotis daubentonii,0.008,0.023,-1,Echolocation,/mnt/ubna_data_01_mir/recover-20220825/UBNA_002/20220823_033000.WAV,Telephone Field,recover-20220825,002,1795
1668.1145,1668.1229,28906,37950,Eptesicus serotinus,0.011,0.027,-1,Echolocation,/mnt/ubna_data_01_mir/recover-20220825/UBNA_002/20220823_033000.WAV,Telephone Field,recover-20220825,002,1795
1668.1575,1668.1641,38359,45425,Myotis daubentonii,0.009,0.021,-1,Echolocation,/mnt/ubna_data_01_mir/recover-20220825/UBNA_002/20220823_033000.WAV,Telephone Field,recover-20220825,002,1795
1668.1605,1668.1682,27187,38151,Eptesicus serotinus,0.006,0.02,-1,Echolocation,/mnt/ubna_data_01_mir/recover-20220825/UBNA_002/20220823_033000.WAV,Telephone Field,recover-20220825,002,1795
1668.2135,1668.2532,68437,82316,Rhinolophus ferrumequinum,0.027,0.027,-1,Echolocation,/mnt/ubna_data_01_mir/recover-20220825/UBNA_002/20220823_033000.WAV,Telephone Field,recover-20220825,002,1795
1668.2255,1668.2674,68437,82280,Rhinolophus ferrumequinum,0.021,0.021,-1,Echolocation,/mnt/ubna_data_01_mir/recover-20220825/UBNA_002/20220823_033000.WAV,Telephone Field,recover-20220825,002,1795
1668.2265,1668.2378,22890,27553,Nyctalus leisleri,0.01,0.02,-1,Echolocation,/mnt/ubna_data_01_mir/recover-20220825/UBNA_002/20220823_033000.WAV,Telephone Field,recover-20220825,002,1795
1668.2465,1668.2541,27187,39480,Eptesicus serotinus,0.007,0.024,-1,Echolocation,/mnt/ubna_data_01_mir/recover-20220825/UBNA_002/20220823_033000.WAV,Telephone Field,recover-20220825,002,1795
1668.2485,1668.2551,33203,43112,Myotis daubentonii,0.01,0.022,-1,Echolocation,/mnt/ubna_data_01_mir/recover-20220825/UBNA_002/20220823_033000.WAV,Telephone Field,recover-20220825,002,1795
1668.2675,1668.2769,28906,37495,Eptesicus serotinus,0.009,0.024,-1,Echolocation,/mnt/ubna_data_01_mir/recover-20220825/UBNA_002/20220823_033000.WAV,Telephone Field,recover-20220825,002,1795
1668.2695,1668.3064,68437,81821,Rhinolophus ferrumequinum,0.029,0.029,-1,Echolocation,/mnt/ubna_data_01_mir/recover-20220825/UBNA_002/20220823_033000.WAV,Telephone Field,recover-20220825,002,1795
1668.2795,1668.2885,42656,47732,Pipistrellus pipistrellus,0.015,0.021,-1,Echolocation,/mnt/ubna_data_01_mir/recover-20220825/UBNA_002/20220823_033000.WAV,Telephone Field,recover-20220825,002,1795
1668.3265,1668.3666,68437,82528,Rhinolophus ferrumequinum,0.025,0.025,-1,Echolocation,/mnt/ubna_data_01_mir/recover-20220825/UBNA_002/20220823_033000.WAV,Telephone Field,recover-20220825,002,1795
1668.3335,1668.3677,68437,81329,Rhinolophus ferrumequinum,0.024,0.024,-1,Echolocation,/mnt/ubna_data_01_mir/recover-20220825/UBNA_002/20220823_033000.WAV,Telephone Field,recover-20220825,002,1795
1668.3465,1668.3839,68437,82084,Rhinolophus ferrumequinum,0.021,0.021,-1,Echolocation,/mnt/ubna_data_01_mir/recover-20220825/UBNA_002/20220823_033000.WAV,Telephone Field,recover-20220825,002,1795
1668.3515,1668.3619,23750,30285,Nyctalus leisleri,0.01,0.028,-1,Echolocation,/mnt/ubna_data_01_mir/recover-20220825/UBNA_002/20220823_033000.WAV,Telephone Field,recover-20220825,002,1795
1668.3895,1668.397,24609,33147,Plecotus austriacus,0.008,0.023,-1,Echolocation,/mnt/ubna_data_01_mir/recover-20220825/UBNA_002/20220823_033000.WAV,Telephone Field,recover-20220825,002,1795
1668.3985,1668.4358,68437,81704,Rhinolophus ferrumequinum,0.023,0.023,-1,Echolocation,/mnt/ubna_data_01_mir/recover-20220825/UBNA_002/20220823_033000.WAV,Telephone Field,recover-20220825,002,1795
1668.4135,1668.4239,23750,30521,Eptesicus serotinus,0.008,0.024,-1,Echolocation,/mnt/ubna_data_01_mir/recover-20220825/UBNA_002/20220823_033000.WAV,Telephone Field,recover-20220825,002,1795
1668.4775,1668.4848,27187,37942,Eptesicus serotinus,0.006,0.02,-1,Echolocation,/mnt/ubna_data_01_mir/recover-20220825/UBNA_002/20220823_033000.WAV,Telephone Field,recover-20220825,002,1795
1668.5055,1668.5142,46953,54119,Pipistrellus pipistrellus,0.019,0.022,-1,Echolocation,/mnt/ubna_data_01_mir/recover-20220825/UBNA_002/20220823_033000.WAV,Telephone Field,recover-20220825,002,1795
1668.5175,1668.5561,68437,82622,Rhinolophus ferrumequinum,0.021,0.021,-1,Echolocation,/mnt/ubna_data_01_mir/recover-20220825/UBNA_002/20220823_033000.WAV,Telephone Field,recover-20220825,002,1795
1668.5515,1668.5896,68437,81809,Rhinolophus ferrumequinum,0.02,0.02,-1,Echolocation,/mnt/ubna_data_01_mir/recover-20220825/UBNA_002/20220823_033000.WAV,Telephone Field,recover-20220825,002,1795
1668.5575,1668.5679,23750,29959,Nyctalus leisleri,0.01,0.024,-1,Echolocation,/mnt/ubna_data_01_mir/recover-20220825/UBNA_002/20220823_033000.WAV,Telephone Field,recover-20220825,002,1795
1668.5695,1668.6102,68437,82304,Rhinolophus ferrumequinum,0.022,0.022,-1,Echolocation,/mnt/ubna_data_01_mir/recover-20220825/UBNA_002/20220823_033000.WAV,Telephone Field,recover-20220825,002,1795
1668.5705,1668.5788,49531,53780,Pipistrellus pipistrellus,0.021,0.024,-1,Echolocation,/mnt/ubna_data_01_mir/recover-20220825/UBNA_002/20220823_033000.WAV,Telephone Field,recover-20220825,002,1795
1668.5835,1668.5897,27187,40137,Eptesicus serotinus,0.005,0.024,-1,Echolocation,/mnt/ubna_data_01_mir/recover-20220825/UBNA_002/20220823_033000.WAV,Telephone Field,recover-20220825,002,1795
1668.6065,1668.6133,47812,54591,Pipistrellus pipistrellus,0.021,0.024,-1,Echolocation,/mnt/ubna_data_01_mir/recover-20220825/UBNA_002/20220823_033000.WAV,Telephone Field,recover-20220825,002,1795
1668.6415,1668.6763,68437,81068,Rhinolophus ferrumequinum,0.025,0.025,-1,Echolocation,/mnt/ubna_data_01_mir/recover-20220825/UBNA_002/20220823_033000.WAV,Telephone Field,recover-20220825,002,1795
1668.6685,1668.7052,68437,81460,Rhinolophus ferrumequinum,0.021,0.021,-1,Echolocation,/mnt/ubna_data_01_mir/recover-20220825/UBNA_002/20220823_033000.WAV,Telephone Field,recover-20220825,002,1795
1668.7175,1668.7251,28046,39238,Eptesicus serotinus,0.007,0.023,-1,Echolocation,/mnt/ubna_data_01_mir/recover-20220825/UBNA_002/20220823_033000.WAV,Telephone Field,recover-20220825,002,1795
1668.7375,1668.7774,68437,82158,Rhinolophus ferrumequinum,0.023,0.023,-1,Echolocation,/mnt/ubna_data_01_mir/recover-20220825/UBNA_002/20220823_033000.WAV,Telephone Field,recover-20220825,002,1795
1668.7485,1668.7871,68437,82035,Rhinolophus ferrumequinum,0.026,0.026,-1,Echolocation,/mnt/ubna_data_01_mir/recover-20220825/UBNA_002/20220823_033000.WAV,Telephone Field,recover-20220825,002,1795
1668.7565,1668.7958,68437,82309,Rhinolophus ferrumequinum,0.03,0.03,-1,Echolocation,/mnt/ubna_data_01_mir/recover-20220825/UBNA_002/20220823_033000.WAV,Telephone Field,recover-20220825,002,1795
1668.7595,1668.7674,25468,33865,Eptesicus serotinus,0.006,0.021,-1,Echolocation,/mnt/ubna_data_01_mir/recover-20220825/UBNA_002/20220823_033000.WAV,Telephone Field,recover-20220825,002,1795
1668.7755,1668.7877,22890,26601,Nyctalus leisleri,0.013,0.023,-1,Echolocation,/mnt/ubna_data_01_mir/recover-20220825/UBNA_002/20220823_033000.WAV,Telephone Field,recover-20220825,002,1795
1668.7905,1668.7992,28046,41327,Eptesicus serotinus,0.009,0.025,-1,Echolocation,/mnt/ubna_data_01_mir/recover-20220825/UBNA_002/20220823_033000.WAV,Telephone Field,recover-20220825,002,1795
1668.8545,1668.8631,28046,39143,Eptesicus serotinus,0.008,0.02,-1,Echolocation,/mnt/ubna_data_01_mir/recover-20220825/UBNA_002/20220823_033000.WAV,Telephone Field,recover-20220825,002,1795
1668.8555,1668.893,68437,81834,Rhinolophus ferrumequinum,0.02,0.02,-1,Echolocation,/mnt/ubna_data_01_mir/recover-20220825/UBNA_002/20220823_033000.WAV,Telephone Field,recover-20220825,002,1795
1668.8785,1668.9134,68437,81579,Rhinolophus ferrumequinum,0.02,0.02,-1,Echolocation,/mnt/ubna_data_01_mir/recover-20220825/UBNA_002/20220823_033000.WAV,Telephone Field,recover-20220825,002,1795
1668.9045,1668.9157,43515,47268,Pipistrellus pipistrellus,0.027,0.035,-1,Echolocation,/mnt/ubna_data_01_mir/recover-20220825/UBNA_002/20220823_033000.WAV,Telephone Field,recover-20220825,002,1795
1668.9345,1668.9686,68437,80716,Rhinolophus ferrumequinum,0.021,0.021,-1,Echolocation,/mnt/ubna_data_01_mir/recover-20220825/UBNA_002/20220823_033000.WAV,Telephone Field,recover-20220825,002,1795
1668.9425,1668.952,28046,38609,Eptesicus serotinus,0.009,0.025,-1,Echolocation,/mnt/ubna_data_01_mir/recover-20220825/UBNA_002/20220823_033000.WAV,Telephone Field,recover-20220825,002,1795
1668.9435,1668.9838,68437,82659,Rhinolophus ferrumequinum,0.023,0.023,-1,Echolocation,/mnt/ubna_data_01_mir/recover-20220825/UBNA_002/20220823_033000.WAV,Telephone Field,recover-20220825,002,1795
1668.9795,1668.9857,27187,46273,Myotis daubentonii,0.008,0.031,-1,Echolocation,/mnt/ubna_data_01_mir/recover-20220825/UBNA_002/20220823_033000.WAV,Telephone Field,recover-20220825,002,1795
1668.9805,1669.0227,68437,83019,Rhinolophus ferrumequinum,0.024,0.024,-1,Echolocation,/mnt/ubna_data_01_mir/recover-20220825/UBNA_002/20220823_033000.WAV,Telephone Field,recover-20220825,002,1795
1669.0065,1669.0492,68437,82917,Rhinolophus ferrumequinum,0.025,0.025,-1,Echolocation,/mnt/ubna_data_01_mir/recover-20220825/UBNA_002/20220823_033000.WAV,Telephone Field,recover-20220825,002,1795
1669.0285,1669.0385,23750,30047,Nyctalus leisleri,0.007,0.02,-1,Echolocation,/mnt/ubna_data_01_mir/recover-20220825/UBNA_002/20220823_033000.WAV,Telephone Field,recover-20220825,002,1795
1669.0325,1669.0388,47812,51968,Pipistrellus pipistrellus,0.073,0.076,-1,Echolocation,/mnt/ubna_data_01_mir/recover-20220825/UBNA_002/20220823_033000.WAV,Telephone Field,recover-20220825,002,1795
1669.0455,1669.0858,68437,82721,Rhinolophus ferrumequinum,0.02,0.02,-1,Echolocation,/mnt/ubna_data_01_mir/recover-20220825/UBNA_002/20220823_033000.WAV,Telephone Field,recover-20220825,002,1795
1669.0955,1669.1079,54687,62233,Pipistrellus pygmaeus,0.02,0.022,-1,Echolocation,/mnt/ubna_data_01_mir/recover-20220825/UBNA_002/20220823_033000.WAV,Telephone Field,recover-20220825,002,1795
1669.1025,1669.1404,68437,82353,Rhinolophus ferrumequinum,0.02,0.02,-1,Echolocation,/mnt/ubna_data_01_mir/recover-20220825/UBNA_002/20220823_033000.WAV,Telephone Field,recover-20220825,002,1795
1669.1075,1669.1448,68437,82267,Rhinolophus ferrumequinum,0.02,0.02,-1,Echolocation,/mnt/ubna_data_01_mir/recover-20220825/UBNA_002/20220823_033000.WAV,Telephone Field,recover-20220825,002,1795
1669.1095,1669.1175,28046,36750,Eptesicus serotinus,0.007,0.022,-1,Echolocation,/mnt/ubna_data_01_mir/recover-20220825/UBNA_002/20220823_033000.WAV,Telephone Field,recover-20220825,002,1795
1669.1175,1669.1583,68437,82917,Rhinolophus ferrumequinum,0.029,0.029,-1,Echolocation,/mnt/ubna_data_01_mir/recover-20220825/UBNA_002/20220823_033000.WAV,Telephone Field,recover-20220825,002,1795
1669.1615,1669.1982,68437,81699,Rhinolophus ferrumequinum,0.02,0.02,-1,Echolocation,/mnt/ubna_data_01_mir/recover-20220825/UBNA_002/20220823_033000.WAV,Telephone Field,recover-20220825,002,1795
1669.1845,1669.1987,22890,27332,Nyctalus leisleri,0.016,0.03,-1,Echolocation,/mnt/ubna_data_01_mir/recover-20220825/UBNA_002/20220823_033000.WAV,Telephone Field,recover-20220825,002,1795
1669.2035,1669.2108,45234,50304,Pipistrellus pipistrellus,0.022,0.023,-1,Echolocation,/mnt/ubna_data_01_mir/recover-20220825/UBNA_002/20220823_033000.WAV,Telephone Field,recover-20220825,002,1795
1669.2745,1669.2837,28906,39777,Eptesicus serotinus,0.007,0.021,-1,Echolocation,/mnt/ubna_data_01_mir/recover-20220825/UBNA_002/20220823_033000.WAV,Telephone Field,recover-20220825,002,1795
1669.2975,1669.3085,23750,30046,Nyctalus leisleri,0.009,0.022,-1,Echolocation,/mnt/ubna_data_01_mir/recover-20220825/UBNA_002/20220823_033000.WAV,Telephone Field,recover-20220825,002,1795
1669.3065,1669.3454,68437,82545,Rhinolophus ferrumequinum,0.02,0.02,-1,Echolocation,/mnt/ubna_data_01_mir/recover-20220825/UBNA_002/20220823_033000.WAV,Telephone Field,recover-20220825,002,1795
1669.3265,1669.3331,28046,37739,Eptesicus serotinus,0.006,0.027,-1,Echolocation,/mnt/ubna_data_01_mir/recover-20220825/UBNA_002/20220823_033000.WAV,Telephone Field,recover-20220825,002,1795
1669.3465,1669.3844,68437,81418,Rhinolophus ferrumequinum,0.02,0.021,-1,Echolocation,/mnt/ubna_data_01_mir/recover-20220825/UBNA_002/20220823_033000.WAV,Telephone Field,recover-20220825,002,1795
1669.3845,1669.4244,68437,82222,Rhinolophus ferrumequinum,0.021,0.021,-1,Echolocation,/mnt/ubna_data_01_mir/recover-20220825/UBNA_002/20220823_033000.WAV,Telephone Field,recover-20220825,002,1795
1669.4155,1669.4576,68437,83133,Rhinolophus ferrumequinum,0.023,0.023,-1,Echolocation,/mnt/ubna_data_01_mir/recover-20220825/UBNA_002/20220823_033000.WAV,Telephone Field,recover-20220825,002,1795
1669.4235,1669.4642,68437,82904,Rhinolophus ferrumequinum,0.023,0.023,-1,Echolocation,/mnt/ubna_data_01_mir/recover-20220825/UBNA_002/20220823_033000.WAV,Telephone Field,recover-20220825,002,1795
1669.4375,1669.4465,28906,38865,Eptesicus serotinus,0.008,0.022,-1,Echolocation,/mnt/ubna_data_01_mir/recover-20220825/UBNA_002/20220823_033000.WAV,Telephone Field,recover-20220825,002,1795
1669.4695,1669.5085,68437,82073,Rhinolophus ferrumequinum,0.026,0.026,-1,Echolocation,/mnt/ubna_data_01_mir/recover-20220825/UBNA_002/20220823_033000.WAV,Telephone Field,recover-20220825,002,1795
1669.4895,1669.4988,43515,48120,Pipistrellus pipistrellus,0.016,0.021,-1,Echolocation,/mnt/ubna_data_01_mir/recover-20220825/UBNA_002/20220823_033000.WAV,Telephone Field,recover-20220825,002,1795
1669.5015,1669.5085,47812,51932,Pipistrellus pipistrellus,0.024,0.026,-1,Echolocation,/mnt/ubna_data_01_mir/recover-20220825/UBNA_002/20220823_033000.WAV,Telephone Field,recover-20220825,002,1795
1669.5315,1669.569,68437,82140,Rhinolophus ferrumequinum,0.022,0.022,-1,Echolocation,/mnt/ubna_data_01_mir/recover-20220825/UBNA_002/20220823_033000.WAV,Telephone Field,recover-20220825,002,1795
1669.5485,1669.5596,22890,28664,Nyctalus leisleri,0.009,0.023,-1,Echolocation,/mnt/ubna_data_01_mir/recover-20220825/UBNA_002/20220823_033000.WAV,Telephone Field,recover-20220825,002,1795
1669.5575,1669.5715,22031,25609,Nyctalus leisleri,0.015,0.024,-1,Echolocation,/mnt/ubna_data_01_mir/recover-20220825/UBNA_002/20220823_033000.WAV,Telephone Field,recover-20220825,002,1795
1669.5935,1669.6331,68437,82147,Rhinolophus ferrumequinum,0.022,0.022,-1,Echolocation,/mnt/ubna_data_01_mir/recover-20220825/UBNA_002/20220823_033000.WAV,Telephone Field,recover-20220825,002,1795
1669.5945,1669.6055,22890,27331,Nyctalus leisleri,0.011,0.022,-1,Echolocation,/mnt/ubna_data_01_mir/recover-20220825/UBNA_002/20220823_033000.WAV,Telephone Field,recover-20220825,002,1795
1669.6225,1669.6586,68437,81430,Rhinolophus ferrumequinum,0.02,0.02,-1,Echolocation,/mnt/ubna_data_01_mir/recover-20220825/UBNA_002/20220823_033000.WAV,Telephone Field,recover-20220825,002,1795
1669.6715,1669.6817,28906,38493,Eptesicus serotinus,0.01,0.023,-1,Echolocation,/mnt/ubna_data_01_mir/recover-20220825/UBNA_002/20220823_033000.WAV,Telephone Field,recover-20220825,002,1795
1669.6815,1669.6917,28046,37754,Eptesicus serotinus,0.01,0.023,-1,Echolocation,/mnt/ubna_data_01_mir/recover-20220825/UBNA_002/20220823_033000.WAV,Telephone Field,recover-20220825,002,1795
1669.6845,1669.7235,68437,82693,Rhinolophus ferrumequinum,0.023,0.023,-1,Echolocation,/mnt/ubna_data_01_mir/recover-20220825/UBNA_002/20220823_033000.WAV,Telephone Field,recover-20220825,002,1795
1669.7275,1669.766,68437,81599,Rhinolophus ferrumequinum,0.02,0.02,-1,Echolocation,/mnt/ubna_data_01_mir/recover-20220825/UBNA_002/20220823_033000.WAV,Telephone Field,recover-20220825,002,1795
1669.7345,1669.7461,23750,29508,Nyctalus leisleri,0.012,0.027,-1,Echolocation,/mnt/ubna_data_01_mir/recover-20220825/UBNA_002/20220823_033000.WAV,Telephone Field,recover-20220825,002,1795
1669.7575,1669.7959,68437,82316,Rhinolophus ferrumequinum,0.047,0.047,-1,Echolocation,/mnt/ubna_data_01_mir/recover-20220825/UBNA_002/20220823_033000.WAV,Telephone Field,recover-20220825,002,1795
1669.7575,1669.7662,27187,37635,Eptesicus serotinus,0.007,0.022,-1,Echolocation,/mnt/ubna_data_01_mir/recover-20220825/UBNA_002/20220823_033000.WAV,Telephone Field,recover-20220825,002,1795
1669.7745,1669.8127,68437,82038,Rhinolophus ferrumequinum,0.022,0.022,-1,Echolocation,/mnt/ubna_data_01_mir/recover-20220825/UBNA_002/20220823_033000.WAV,Telephone Field,recover-20220825,002,1795
1669.7755,1669.7862,27187,34829,Eptesicus serotinus,0.012,0.024,-1,Echolocation,/mnt/ubna_data_01_mir/recover-20220825/UBNA_002/20220823_033000.WAV,Telephone Field,recover-20220825,002,1795
1669.7845,1669.7943,28046,35295,Eptesicus serotinus,0.009,0.02,-1,Echolocation,/mnt/ubna_data_01_mir/recover-20220825/UBNA_002/20220823_033000.WAV,Telephone Field,recover-20220825,002,1795
1669.8355,1669.8421,33203,51029,Myotis daubentonii,0.011,0.021,-1,Echolocation,/mnt/ubna_data_01_mir/recover-20220825/UBNA_002/20220823_033000.WAV,Telephone Field,recover-20220825,002,1795
1669.8675,1669.8751,28046,38407,Eptesicus serotinus,0.006,0.021,-1,Echolocation,/mnt/ubna_data_01_mir/recover-20220825/UBNA_002/20220823_033000.WAV,Telephone Field,recover-20220825,002,1795
1669.8805,1669.9225,68437,82382,Rhinolophus ferrumequinum,0.024,0.024,-1,Echolocation,/mnt/ubna_data_01_mir/recover-20220825/UBNA_002/20220823_033000.WAV,Telephone Field,recover-20220825,002,1795
1669.9085,1669.9179,27187,36034,Eptesicus serotinus,0.02,0.039,-1,Echolocation,/mnt/ubna_data_01_mir/recover-20220825/UBNA_002/20220823_033000.WAV,Telephone Field,recover-20220825,002,1795
1669.9625,1669.9704,40937,51640,Myotis daubentonii,0.01,0.031,-1,Echolocation,/mnt/ubna_data_01_mir/recover-20220825/UBNA_002/20220823_033000.WAV,Telephone Field,recover-20220825,002,1795
1669.9745,1669.9841,22890,28576,Nyctalus leisleri,0.008,0.022,-1,Echolocation,/mnt/ubna_data_01_mir/recover-20220825/UBNA_002/20220823_033000.WAV,Telephone Field,recover-20220825,002,1795
1670.0015,1670.0345,68437,80115,Rhinolophus ferrumequinum,0.037,0.038,-1,Echolocation,/mnt/ubna_data_01_mir/recover-20220825/UBNA_002/20220823_033000.WAV,Telephone Field,recover-20220825,002,1795
1670.0015,1670.012,58125,66081,Pipistrellus pygmaeus,0.025,0.026,-1,Echolocation,/mnt/ubna_data_01_mir/recover-20220825/UBNA_002/20220823_033000.WAV,Telephone Field,recover-20220825,002,1795
1670.0015,1670.0107,47812,55199,Pipistrellus pipistrellus,0.014,0.022,-1,Echolocation,/mnt/ubna_data_01_mir/recover-20220825/UBNA_002/20220823_033000.WAV,Telephone Field,recover-20220825,002,1795
1670.0015,1670.01,21171,27897,Nyctalus leisleri,0.009,0.025,-1,Echolocation,/mnt/ubna_data_01_mir/recover-20220825/UBNA_002/20220823_033000.WAV,Telephone Field,recover-20220825,002,1795
1670.0085,1670.0493,68437,82103,Rhinolophus ferrumequinum,0.024,0.024,-1,Echolocation,/mnt/ubna_data_01_mir/recover-20220825/UBNA_002/20220823_033000.WAV,Telephone Field,recover-20220825,002,1795
1670.0155,1670.0230999999999,27187,39242,Eptesicus serotinus,0.009,0.024,-1,Echolocation,/mnt/ubna_data_01_mir/recover-20220825/UBNA_002/20220823_033000.WAV,Telephone Field,recover-20220825,002,1795
1670.0235,1670.0306,27187,37160,Eptesicus serotinus,0.011,0.031,-1,Echolocation,/mnt/ubna_data_01_mir/recover-20220825/UBNA_002/20220823_033000.WAV,Telephone Field,recover-20220825,002,1795
1670.0635,1670.0702,34062,47416,Myotis daubentonii,0.027,0.071,-1,Echolocation,/mnt/ubna_data_01_mir/recover-20220825/UBNA_002/20220823_033000.WAV,Telephone Field,recover-20220825,002,1795
1670.1725,1670.2105999999999,68437,81993,Rhinolophus ferrumequinum,0.023,0.024,-1,Echolocation,/mnt/ubna_data_01_mir/recover-20220825/UBNA_002/20220823_033000.WAV,Telephone Field,recover-20220825,002,1795
1670.2065,1670.2169,23750,29608,Nyctalus leisleri,0.01,0.022,-1,Echolocation,/mnt/ubna_data_01_mir/recover-20220825/UBNA_002/20220823_033000.WAV,Telephone Field,recover-20220825,002,1795
1670.2275,1670.2645,68437,82215,Rhinolophus ferrumequinum,0.023,0.023,-1,Echolocation,/mnt/ubna_data_01_mir/recover-20220825/UBNA_002/20220823_033000.WAV,Telephone Field,recover-20220825,002,1795
1670.2275,1670.2348,53828,61032,Pipistrellus pygmaeus,0.021,0.022,-1,Echolocation,/mnt/ubna_data_01_mir/recover-20220825/UBNA_002/20220823_033000.WAV,Telephone Field,recover-20220825,002,1795
1670.2485,1670.2884,68437,82397,Rhinolophus ferrumequinum,0.025,0.025,-1,Echolocation,/mnt/ubna_data_01_mir/recover-20220825/UBNA_002/20220823_033000.WAV,Telephone Field,recover-20220825,002,1795
1670.2985,1670.3361,68437,82018,Rhinolophus ferrumequinum,0.022,0.022,-1,Echolocation,/mnt/ubna_data_01_mir/recover-20220825/UBNA_002/20220823_033000.WAV,Telephone Field,recover-20220825,002,1795
1670.3065,1670.3446,68437,82097,Rhinolophus ferrumequinum,0.025,0.025,-1,Echolocation,/mnt/ubna_data_01_mir/recover-20220825/UBNA_002/20220823_033000.WAV,Telephone Field,recover-20220825,002,1795
1670.3255,1670.3339,26328,37714,Eptesicus serotinus,0.008,0.022,-1,Echolocation,/mnt/ubna_data_01_mir/recover-20220825/UBNA_002/20220823_033000.WAV,Telephone Field,recover-20220825,002,1795
1670.3375,1670.3732,68437,82267,Rhinolophus ferrumequinum,0.022,0.022,-1,Echolocation,/mnt/ubna_data_01_mir/recover-20220825/UBNA_002/20220823_033000.WAV,Telephone Field,recover-20220825,002,1795
1670.3515,1670.3571,41796,47644,Pipistrellus nathusii,0.211,0.232,-1,Echolocation,/mnt/ubna_data_01_mir/recover-20220825/UBNA_002/20220823_033000.WAV,Telephone Field,recover-20220825,002,1795
1670.3735,1670.3848,25468,33025,Eptesicus serotinus,0.011,0.028,-1,Echolocation,/mnt/ubna_data_01_mir/recover-20220825/UBNA_002/20220823_033000.WAV,Telephone Field,recover-20220825,002,1795
1670.3975,1670.4053,27187,36616,Eptesicus serotinus,0.006,0.022,-1,Echolocation,/mnt/ubna_data_01_mir/recover-20220825/UBNA_002/20220823_033000.WAV,Telephone Field,recover-20220825,002,1795
1670.4035,1670.4099,32343,44803,Myotis daubentonii,0.012,0.022,-1,Echolocation,/mnt/ubna_data_01_mir/recover-20220825/UBNA_002/20220823_033000.WAV,Telephone Field,recover-20220825,002,1795
1670.4245,1670.4319,26328,40577,Eptesicus serotinus,0.01,0.028,-1,Echolocation,/mnt/ubna_data_01_mir/recover-20220825/UBNA_002/20220823_033000.WAV,Telephone Field,recover-20220825,002,1795
1670.4505,1670.4588,41796,49816,Pipistrellus nathusii,0.019,0.037,-1,Echolocation,/mnt/ubna_data_01_mir/recover-20220825/UBNA_002/20220823_033000.WAV,Telephone Field,recover-20220825,002,1795
1670.4535,1670.46,28906,45744,Myotis daubentonii,0.016,0.029,-1,Echolocation,/mnt/ubna_data_01_mir/recover-20220825/UBNA_002/20220823_033000.WAV,Telephone Field,recover-20220825,002,1795
1670.4685,1670.5076,68437,82051,Rhinolophus ferrumequinum,0.022,0.022,-1,Echolocation,/mnt/ubna_data_01_mir/recover-20220825/UBNA_002/20220823_033000.WAV,Telephone Field,recover-20220825,002,1795
1670.4895,1670.4995,22890,29467,Nyctalus leisleri,0.008,0.023,-1,Echolocation,/mnt/ubna_data_01_mir/recover-20220825/UBNA_002/20220823_033000.WAV,Telephone Field,recover-20220825,002,1795
1670.4975,1670.5332,68437,81833,Rhinolophus ferrumequinum,0.022,0.022,-1,Echolocation,/mnt/ubna_data_01_mir/recover-20220825/UBNA_002/20220823_033000.WAV,Telephone Field,recover-20220825,002,1795
1670.5115,1670.5177,35781,56578,Myotis brandtii,0.011,0.024,-1,Echolocation,/mnt/ubna_data_01_mir/recover-20220825/UBNA_002/20220823_033000.WAV,Telephone Field,recover-20220825,002,1795
1670.5155,1670.5264,27187,35250,Eptesicus serotinus,0.014,0.031,-1,Echolocation,/mnt/ubna_data_01_mir/recover-20220825/UBNA_002/20220823_033000.WAV,Telephone Field,recover-20220825,002,1795
1670.5305,1670.5382,27187,37293,Eptesicus serotinus,0.007,0.024,-1,Echolocation,/mnt/ubna_data_01_mir/recover-20220825/UBNA_002/20220823_033000.WAV,Telephone Field,recover-20220825,002,1795
1670.5425,1670.5807,68437,82372,Rhinolophus ferrumequinum,0.024,0.024,-1,Echolocation,/mnt/ubna_data_01_mir/recover-20220825/UBNA_002/20220823_033000.WAV,Telephone Field,recover-20220825,002,1795
1670.5475,1670.5545,39218,51633,Pipistrellus nathusii,0.157,0.298,-1,Echolocation,/mnt/ubna_data_01_mir/recover-20220825/UBNA_002/20220823_033000.WAV,Telephone Field,recover-20220825,002,1795
1670.5575,1670.5657,26328,33291,Eptesicus serotinus,0.007,0.024,-1,Echolocation,/mnt/ubna_data_01_mir/recover-20220825/UBNA_002/20220823_033000.WAV,Telephone Field,recover-20220825,002,1795
1670.5705,1670.5776,26328,42258,Eptesicus serotinus,0.007,0.023,-1,Echolocation,/mnt/ubna_data_01_mir/recover-20220825/UBNA_002/20220823_033000.WAV,Telephone Field,recover-20220825,002,1795
1670.5845,1670.5942,27187,35731,Eptesicus serotinus,0.01,0.025,-1,Echolocation,/mnt/ubna_data_01_mir/recover-20220825/UBNA_002/20220823_033000.WAV,Telephone Field,recover-20220825,002,1795
1670.6145,1670.6224,58984,67358,Pipistrellus pygmaeus,0.026,0.026,-1,Echolocation,/mnt/ubna_data_01_mir/recover-20220825/UBNA_002/20220823_033000.WAV,Telephone Field,recover-20220825,002,1795
1670.6435,1670.6487,38359,53095,Pipistrellus nathusii,0.119,0.383,-1,Echolocation,/mnt/ubna_data_01_mir/recover-20220825/UBNA_002/20220823_033000.WAV,Telephone Field,recover-20220825,002,1795
1670.6525,1670.6604,55546,62231,Pipistrellus pygmaeus,0.03,0.03,-1,Echolocation,/mnt/ubna_data_01_mir/recover-20220825/UBNA_002/20220823_033000.WAV,Telephone Field,recover-20220825,002,1795
1670.6815,1670.6916,27187,35354,Eptesicus serotinus,0.014,0.032,-1,Echolocation,/mnt/ubna_data_01_mir/recover-20220825/UBNA_002/20220823_033000.WAV,Telephone Field,recover-20220825,002,1795
1670.7035,1670.7167,47812,51239,Pipistrellus pipistrellus,0.059,0.078,-1,Echolocation,/mnt/ubna_data_01_mir/recover-20220825/UBNA_002/20220823_033000.WAV,Telephone Field,recover-20220825,002,1795
1670.7385,1670.7463,39218,47964,Pipistrellus nathusii,0.222,0.287,-1,Echolocation,/mnt/ubna_data_01_mir/recover-20220825/UBNA_002/20220823_033000.WAV,Telephone Field,recover-20220825,002,1795
1670.8275,1670.8338,40078,53355,Pipistrellus nathusii,0.354,0.517,-1,Echolocation,/mnt/ubna_data_01_mir/recover-20220825/UBNA_002/20220823_033000.WAV,Telephone Field,recover-20220825,002,1795
1670.8375,1670.8455,52968,60537,Pipistrellus pygmaeus,0.034,0.035,-1,Echolocation,/mnt/ubna_data_01_mir/recover-20220825/UBNA_002/20220823_033000.WAV,Telephone Field,recover-20220825,002,1795
1670.8375,1670.8451,26328,34024,Eptesicus serotinus,0.006,0.024,-1,Echolocation,/mnt/ubna_data_01_mir/recover-20220825/UBNA_002/20220823_033000.WAV,Telephone Field,recover-20220825,002,1795
1670.8465,1670.8521,32343,65871,Myotis brandtii,0.011,0.028,-1,Echolocation,/mnt/ubna_data_01_mir/recover-20220825/UBNA_002/20220823_033000.WAV,Telephone Field,recover-20220825,002,1795
1670.8815,1670.8893,41796,48671,Pipistrellus nathusii,0.008,0.024,-1,Echolocation,/mnt/ubna_data_01_mir/recover-20220825/UBNA_002/20220823_033000.WAV,Telephone Field,recover-20220825,002,1795
1670.8835,1670.8891,36640,47500,Myotis daubentonii,0.011,0.025,-1,Echolocation,/mnt/ubna_data_01_mir/recover-20220825/UBNA_002/20220823_033000.WAV,Telephone Field,recover-20220825,002,1795
1670.9235,1670.9315,40078,48625,Pipistrellus nathusii,0.22,0.372,-1,Echolocation,/mnt/ubna_data_01_mir/recover-20220825/UBNA_002/20220823_033000.WAV,Telephone Field,recover-20220825,002,1795
1670.9475,1670.9834,68437,81496,Rhinolophus ferrumequinum,0.026,0.026,-1,Echolocation,/mnt/ubna_data_01_mir/recover-20220825/UBNA_002/20220823_033000.WAV,Telephone Field,recover-20220825,002,1795
1670.9575,1670.9923,68437,81616,Rhinolophus ferrumequinum,0.028,0.028,-1,Echolocation,/mnt/ubna_data_01_mir/recover-20220825/UBNA_002/20220823_033000.WAV,Telephone Field,recover-20220825,002,1795
1670.9725,1670.9808,41796,48848,Pipistrellus nathusii,0.01,0.022,-1,Echolocation,/mnt/ubna_data_01_mir/recover-20220825/UBNA_002/20220823_033000.WAV,Telephone Field,recover-20220825,002,1795
1670.9795,1671.0125,68437,81340,Rhinolophus ferrumequinum,0.022,0.022,-1,Echolocation,/mnt/ubna_data_01_mir/recover-20220825/UBNA_002/20220823_033000.WAV,Telephone Field,recover-20220825,002,1795
1670.9815,1670.9895,41796,49862,Pipistrellus nathusii,0.01,0.024,-1,Echolocation,/mnt/ubna_data_01_mir/recover-20220825/UBNA_002/20220823_033000.WAV,Telephone Field,recover-20220825,002,1795
1670.9835,1670.9896,30625,51906,Myotis daubentonii,0.016,0.028,-1,Echolocation,/mnt/ubna_data_01_mir/recover-20220825/UBNA_002/20220823_033000.WAV,Telephone Field,recover-20220825,002,1795
1670.9925,1671.0004,27187,37789,Eptesicus serotinus,0.009,0.028,-1,Echolocation,/mnt/ubna_data_01_mir/recover-20220825/UBNA_002/20220823_033000.WAV,Telephone Field,recover-20220825,002,1795
1671.0205,1671.0263,38359,50225,Pipistrellus nathusii,0.319,0.518,-1,Echolocation,/mnt/ubna_data_01_mir/recover-20220825/UBNA_002/20220823_033000.WAV,Telephone Field,recover-20220825,002,1795
1671.0285,1671.0351,25468,35324,Eptesicus serotinus,0.005,0.022,-1,Echolocation,/mnt/ubna_data_01_mir/recover-20220825/UBNA_002/20220823_033000.WAV,Telephone Field,recover-20220825,002,1795
1671.0685,1671.0761,27187,38043,Eptesicus serotinus,0.008,0.023,-1,Echolocation,/mnt/ubna_data_01_mir/recover-20220825/UBNA_002/20220823_033000.WAV,Telephone Field,recover-20220825,002,1795
1671.0905,1671.0988,47812,51753,Pipistrellus pipistrellus,0.033,0.04,-1,Echolocation,/mnt/ubna_data_01_mir/recover-20220825/UBNA_002/20220823_033000.WAV,Telephone Field,recover-20220825,002,1795
1671.0935,1671.1034,27187,35778,Eptesicus serotinus,0.01,0.024,-1,Echolocation,/mnt/ubna_data_01_mir/recover-20220825/UBNA_002/20220823_033000.WAV,Telephone Field,recover-20220825,002,1795
1671.1065,1671.1131,30625,38860,Myotis daubentonii,0.011,0.024,-1,Echolocation,/mnt/ubna_data_01_mir/recover-20220825/UBNA_002/20220823_033000.WAV,Telephone Field,recover-20220825,002,1795
1671.1195,1671.1258,38359,49833,Pipistrellus nathusii,0.327,0.539,-1,Echolocation,/mnt/ubna_data_01_mir/recover-20220825/UBNA_002/20220823_033000.WAV,Telephone Field,recover-20220825,002,1795
1671.1295,1671.1376,26328,34395,Eptesicus serotinus,0.007,0.026,-1,Echolocation,/mnt/ubna_data_01_mir/recover-20220825/UBNA_002/20220823_033000.WAV,Telephone Field,recover-20220825,002,1795
1671.1465,1671.1538,50390,56959,Pipistrellus pipistrellus,0.017,0.022,-1,Echolocation,/mnt/ubna_data_01_mir/recover-20220825/UBNA_002/20220823_033000.WAV,Telephone Field,recover-20220825,002,1795
1671.1505,1671.1585,26328,34808,Eptesicus serotinus,0.01,0.025,-1,Echolocation,/mnt/ubna_data_01_mir/recover-20220825/UBNA_002/20220823_033000.WAV,Telephone Field,recover-20220825,002,1795
1671.1825,1671.2187,68437,82306,Rhinolophus ferrumequinum,0.023,0.023,-1,Echolocation,/mnt/ubna_data_01_mir/recover-20220825/UBNA_002/20220823_033000.WAV,Telephone Field,recover-20220825,002,1795
1671.2175,1671.2239,37500,54778,Pipistrellus nathusii,0.313,0.546,-1,Echolocation,/mnt/ubna_data_01_mir/recover-20220825/UBNA_002/20220823_033000.WAV,Telephone Field,recover-20220825,002,1795
1671.2265,1671.2338,26328,35159,Eptesicus serotinus,0.006,0.023,-1,Echolocation,/mnt/ubna_data_01_mir/recover-20220825/UBNA_002/20220823_033000.WAV,Telephone Field,recover-20220825,002,1795
1671.2265,1671.2327,30625,41845,Myotis daubentonii,0.013,0.023,-1,Echolocation,/mnt/ubna_data_01_mir/recover-20220825/UBNA_002/20220823_033000.WAV,Telephone Field,recover-20220825,002,1795
1671.2425,1671.2529,23750,29834,Nyctalus leisleri,0.009,0.025,-1,Echolocation,/mnt/ubna_data_01_mir/recover-20220825/UBNA_002/20220823_033000.WAV,Telephone Field,recover-20220825,002,1795
1671.2525,1671.2648,55546,61968,Pipistrellus pygmaeus,0.029,0.029,-1,Echolocation,/mnt/ubna_data_01_mir/recover-20220825/UBNA_002/20220823_033000.WAV,Telephone Field,recover-20220825,002,1795
1671.2795,1671.2888,42656,52008,Pipistrellus nathusii,0.013,0.03,-1,Echolocation,/mnt/ubna_data_01_mir/recover-20220825/UBNA_002/20220823_033000.WAV,Telephone Field,recover-20220825,002,1795
1671.2825,1671.2915,27187,37553,Eptesicus serotinus,0.012,0.028,-1,Echolocation,/mnt/ubna_data_01_mir/recover-20220825/UBNA_002/20220823_033000.WAV,Telephone Field,recover-20220825,002,1795
1671.2855,1671.2927,57265,64425,Pipistrellus pygmaeus,0.027,0.027,-1,Echolocation,/mnt/ubna_data_01_mir/recover-20220825/UBNA_002/20220823_033000.WAV,Telephone Field,recover-20220825,002,1795
1671.3095,1671.3164,38359,53154,Pipistrellus nathusii,0.339,0.553,-1,Echolocation,/mnt/ubna_data_01_mir/recover-20220825/UBNA_002/20220823_033000.WAV,Telephone Field,recover-20220825,002,1795
1671.3105,1671.3166,49531,52802,Pipistrellus pipistrellus,0.032,0.056,-1,Echolocation,/mnt/ubna_data_01_mir/recover-20220825/UBNA_002/20220823_033000.WAV,Telephone Field,recover-20220825,002,1795
1671.3615,1671.3739,32343,37150,Pipistrellus nathusii,0.009,0.029,-1,Echolocation,/mnt/ubna_data_01_mir/recover-20220825/UBNA_002/20220823_033000.WAV,Telephone Field,recover-20220825,002,1795
1671.3965,1671.4341,68437,82852,Rhinolophus ferrumequinum,0.032,0.032,-1,Echolocation,/mnt/ubna_data_01_mir/recover-20220825/UBNA_002/20220823_033000.WAV,Telephone Field,recover-20220825,002,1795
1671.4075,1671.4147,37500,52024,Pipistrellus nathusii,0.35,0.557,-1,Echolocation,/mnt/ubna_data_01_mir/recover-20220825/UBNA_002/20220823_033000.WAV,Telephone Field,recover-20220825,002,1795
1671.4165,1671.4224,29765,39752,Myotis daubentonii,0.015,0.024,-1,Echolocation,/mnt/ubna_data_01_mir/recover-20220825/UBNA_002/20220823_033000.WAV,Telephone Field,recover-20220825,002,1795
1671.4235,1671.4339,22890,26781,Nyctalus leisleri,0.013,0.024,-1,Echolocation,/mnt/ubna_data_01_mir/recover-20220825/UBNA_002/20220823_033000.WAV,Telephone Field,recover-20220825,002,1795
1671.4485,1671.4563,26328,37763,Eptesicus serotinus,0.007,0.022,-1,Echolocation,/mnt/ubna_data_01_mir/recover-20220825/UBNA_002/20220823_033000.WAV,Telephone Field,recover-20220825,002,1795
1671.4725,1671.4821,43515,51649,Pipistrellus nathusii,0.007,0.027,-1,Echolocation,/mnt/ubna_data_01_mir/recover-20220825/UBNA_002/20220823_033000.WAV,Telephone Field,recover-20220825,002,1795
1671.4725,1671.4822,27187,34015,Eptesicus serotinus,0.009,0.025,-1,Echolocation,/mnt/ubna_data_01_mir/recover-20220825/UBNA_002/20220823_033000.WAV,Telephone Field,recover-20220825,002,1795
1671.4855,1671.5027,20312,23982,Nyctalus leisleri,0.011,0.023,-1,Echolocation,/mnt/ubna_data_01_mir/recover-20220825/UBNA_002/20220823_033000.WAV,Telephone Field,recover-20220825,002,1795
1671.4865,1671.5217,68437,81499,Rhinolophus ferrumequinum,0.023,0.023,-1,Echolocation,/mnt/ubna_data_01_mir/recover-20220825/UBNA_002/20220823_033000.WAV,Telephone Field,recover-20220825,002,1795
1671.4995,1671.5054,46093,60869,Myotis mystacinus,0.008,0.023,-1,Echolocation,/mnt/ubna_data_01_mir/recover-20220825/UBNA_002/20220823_033000.WAV,Telephone Field,recover-20220825,002,1795
1671.5045,1671.5122,48671,53524,Pipistrellus pipistrellus,0.013,0.023,-1,Echolocation,/mnt/ubna_data_01_mir/recover-20220825/UBNA_002/20220823_033000.WAV,Telephone Field,recover-20220825,002,1795
1671.5075,1671.5129,37500,53555,Pipistrellus nathusii,0.394,0.611,-1,Echolocation,/mnt/ubna_data_01_mir/recover-20220825/UBNA_002/20220823_033000.WAV,Telephone Field,recover-20220825,002,1795
1671.5165,1671.5246,26328,34821,Eptesicus serotinus,0.007,0.024,-1,Echolocation,/mnt/ubna_data_01_mir/recover-20220825/UBNA_002/20220823_033000.WAV,Telephone Field,recover-20220825,002,1795
1671.5385,1671.5477,27187,38327,Eptesicus serotinus,0.009,0.023,-1,Echolocation,/mnt/ubna_data_01_mir/recover-20220825/UBNA_002/20220823_033000.WAV,Telephone Field,recover-20220825,002,1795
1671.5835,1671.5903,49531,53420,Pipistrellus pipistrellus,0.021,0.034,-1,Echolocation,/mnt/ubna_data_01_mir/recover-20220825/UBNA_002/20220823_033000.WAV,Telephone Field,recover-20220825,002,1795
1671.5845,1671.5909,38359,54205,Pipistrellus nathusii,0.433,0.584,-1,Echolocation,/mnt/ubna_data_01_mir/recover-20220825/UBNA_002/20220823_033000.WAV,Telephone Field,recover-20220825,002,1795
1671.5925,1671.5988,30625,39889,Myotis daubentonii,0.013,0.024,-1,Echolocation,/mnt/ubna_data_01_mir/recover-20220825/UBNA_002/20220823_033000.WAV,Telephone Field,recover-20220825,002,1795
1671.6145,1671.624,28046,37582,Eptesicus serotinus,0.009,0.023,-1,Echolocation,/mnt/ubna_data_01_mir/recover-20220825/UBNA_002/20220823_033000.WAV,Telephone Field,recover-20220825,002,1795
1671.6235,1671.6618,68437,81858,Rhinolophus ferrumequinum,0.025,0.025,-1,Echolocation,/mnt/ubna_data_01_mir/recover-20220825/UBNA_002/20220823_033000.WAV,Telephone Field,recover-20220825,002,1795
1671.6715,1671.6778,37500,51398,Pipistrellus nathusii,0.423,0.612,-1,Echolocation,/mnt/ubna_data_01_mir/recover-20220825/UBNA_002/20220823_033000.WAV,Telephone Field,recover-20220825,002,1795
1671.6805,1671.6866,31484,40837,Myotis daubentonii,0.013,0.024,-1,Echolocation,/mnt/ubna_data_01_mir/recover-20220825/UBNA_002/20220823_033000.WAV,Telephone Field,recover-20220825,002,1795
1671.7395,1671.7502,28046,35171,Eptesicus serotinus,0.011,0.025,-1,Echolocation,/mnt/ubna_data_01_mir/recover-20220825/UBNA_002/20220823_033000.WAV,Telephone Field,recover-20220825,002,1795
1671.7625,1671.769,37500,51754,Pipistrellus nathusii,0.329,0.57,-1,Echolocation,/mnt/ubna_data_01_mir/recover-20220825/UBNA_002/20220823_033000.WAV,Telephone Field,recover-20220825,002,1795
1671.7705,1671.7767,28906,38612,Myotis daubentonii,0.01,0.023,-1,Echolocation,/mnt/ubna_data_01_mir/recover-20220825/UBNA_002/20220823_033000.WAV,Telephone Field,recover-20220825,002,1795
1671.7885,1671.7941,34921,46554,Myotis daubentonii,0.008,0.022,-1,Echolocation,/mnt/ubna_data_01_mir/recover-20220825/UBNA_002/20220823_033000.WAV,Telephone Field,recover-20220825,002,1795
1671.7905,1671.799,27187,36132,Eptesicus serotinus,0.009,0.028,-1,Echolocation,/mnt/ubna_data_01_mir/recover-20220825/UBNA_002/20220823_033000.WAV,Telephone Field,recover-20220825,002,1795
1671.8125,1671.8229,27187,33784,Eptesicus serotinus,0.014,0.026,-1,Echolocation,/mnt/ubna_data_01_mir/recover-20220825/UBNA_002/20220823_033000.WAV,Telephone Field,recover-20220825,002,1795
1671.8275,1671.8345,30625,44125,Myotis daubentonii,0.01,0.023,-1,Echolocation,/mnt/ubna_data_01_mir/recover-20220825/UBNA_002/20220823_033000.WAV,Telephone Field,recover-20220825,002,1795
1671.8385,1671.8471,32343,40694,Barbastellus barbastellus,0.007,0.023,-1,Echolocation,/mnt/ubna_data_01_mir/recover-20220825/UBNA_002/20220823_033000.WAV,Telephone Field,recover-20220825,002,1795
1671.8615,1671.8709,48671,52113,Pipistrellus pipistrellus,0.022,0.034,-1,Echolocation,/mnt/ubna_data_01_mir/recover-20220825/UBNA_002/20220823_033000.WAV,Telephone Field,recover-20220825,002,1795
1671.8645,1671.8716,37500,53592,Pipistrellus nathusii,0.311,0.563,-1,Echolocation,/mnt/ubna_data_01_mir/recover-20220825/UBNA_002/20220823_033000.WAV,Telephone Field,recover-20220825,002,1795
1671.8775,1671.8879,28046,33784,Eptesicus serotinus,0.007,0.026,-1,Echolocation,/mnt/ubna_data_01_mir/recover-20220825/UBNA_002/20220823_033000.WAV,Telephone Field,recover-20220825,002,1795
1671.9375,1671.9745,68437,82172,Rhinolophus ferrumequinum,0.022,0.023,-1,Echolocation,/mnt/ubna_data_01_mir/recover-20220825/UBNA_002/20220823_033000.WAV,Telephone Field,recover-20220825,002,1795
1671.9425,1671.9777,68437,81896,Rhinolophus ferrumequinum,0.023,0.023,-1,Echolocation,/mnt/ubna_data_01_mir/recover-20220825/UBNA_002/20220823_033000.WAV,Telephone Field,recover-20220825,002,1795
1671.9495,1671.9848,68437,82141,Rhinolophus ferrumequinum,0.022,0.022,-1,Echolocation,/mnt/ubna_data_01_mir/recover-20220825/UBNA_002/20220823_033000.WAV,Telephone Field,recover-20220825,002,1795
1671.9665,1671.9718,39218,52126,Pipistrellus nathusii,0.412,0.547,-1,Echolocation,/mnt/ubna_data_01_mir/recover-20220825/UBNA_002/20220823_033000.WAV,Telephone Field,recover-20220825,002,1795
1671.9735,1671.9803,26328,34289,Eptesicus serotinus,0.006,0.025,-1,Echolocation,/mnt/ubna_data_01_mir/recover-20220825/UBNA_002/20220823_033000.WAV,Telephone Field,recover-20220825,002,1795
1672.0015,1672.0118,53828,60493,Pipistrellus pygmaeus,0.017,0.02,-1,Echolocation,/mnt/ubna_data_01_mir/recover-20220825/UBNA_002/20220823_033000.WAV,Telephone Field,recover-20220825,002,1795
1672.0015,1672.0101,26328,35484,Eptesicus serotinus,0.008,0.026,-1,Echolocation,/mnt/ubna_data_01_mir/recover-20220825/UBNA_002/20220823_033000.WAV,Telephone Field,recover-20220825,002,1795
1672.0015,1672.0277,69296,82834,Rhinolophus ferrumequinum,0.022,0.022,-1,Echolocation,/mnt/ubna_data_01_mir/recover-20220825/UBNA_002/20220823_033000.WAV,Telephone Field,recover-20220825,002,1795
1672.0015,1672.0091,46953,57815,Pipistrellus pipistrellus,0.014,0.025,-1,Echolocation,/mnt/ubna_data_01_mir/recover-20220825/UBNA_002/20220823_033000.WAV,Telephone Field,recover-20220825,002,1795
1672.0085,1672.0168,28906,36751,Eptesicus serotinus,0.007,0.023,-1,Echolocation,/mnt/ubna_data_01_mir/recover-20220825/UBNA_002/20220823_033000.WAV,Telephone Field,recover-20220825,002,1795
1672.0145,1672.0241,44375,46681,Pipistrellus pipistrellus,0.018,0.024,-1,Echolocation,/mnt/ubna_data_01_mir/recover-20220825/UBNA_002/20220823_033000.WAV,Telephone Field,recover-20220825,002,1795
1672.0485,1672.0575,28046,34166,Eptesicus serotinus,0.006,0.02,-1,Echolocation,/mnt/ubna_data_01_mir/recover-20220825/UBNA_002/20220823_033000.WAV,Telephone Field,recover-20220825,002,1795
1672.0605,1672.0674,38359,51988,Pipistrellus nathusii,0.37,0.549,-1,Echolocation,/mnt/ubna_data_01_mir/recover-20220825/UBNA_002/20220823_033000.WAV,Telephone Field,recover-20220825,002,1795
1672.0695,1672.0751,30625,40028,Myotis daubentonii,0.012,0.025,-1,Echolocation,/mnt/ubna_data_01_mir/recover-20220825/UBNA_002/20220823_033000.WAV,Telephone Field,recover-20220825,002,1795
1672.0735,1672.1084,68437,81257,Rhinolophus ferrumequinum,0.021,0.021,-1,Echolocation,/mnt/ubna_data_01_mir/recover-20220825/UBNA_002/20220823_033000.WAV,Telephone Field,recover-20220825,002,1795
1672.0795,1672.1174,68437,82007,Rhinolophus ferrumequinum,0.021,0.021,-1,Echolocation,/mnt/ubna_data_01_mir/recover-20220825/UBNA_002/20220823_033000.WAV,Telephone Field,recover-20220825,002,1795
1672.1145,1672.1244,28046,35339,Eptesicus serotinus,0.01,0.021,-1,Echolocation,/mnt/ubna_data_01_mir/recover-20220825/UBNA_002/20220823_033000.WAV,Telephone Field,recover-20220825,002,1795
1672.1295,1672.1371,28046,40787,Eptesicus serotinus,0.007,0.021,-1,Echolocation,/mnt/ubna_data_01_mir/recover-20220825/UBNA_002/20220823_033000.WAV,Telephone Field,recover-20220825,002,1795
1672.1465,1672.1539,39218,55404,Pipistrellus nathusii,0.384,0.546,-1,Echolocation,/mnt/ubna_data_01_mir/recover-20220825/UBNA_002/20220823_033000.WAV,Telephone Field,recover-20220825,002,1795
1672.1555,1672.1615,32343,41798,Myotis daubentonii,0.009,0.02,-1,Echolocation,/mnt/ubna_data_01_mir/recover-20220825/UBNA_002/20220823_033000.WAV,Telephone Field,recover-20220825,002,1795
1672.1695,1672.2071,68437,82164,Rhinolophus ferrumequinum,0.021,0.021,-1,Echolocation,/mnt/ubna_data_01_mir/recover-20220825/UBNA_002/20220823_033000.WAV,Telephone Field,recover-20220825,002,1795
1672.1865,1672.1952,28046,38078,Eptesicus serotinus,0.007,0.02,-1,Echolocation,/mnt/ubna_data_01_mir/recover-20220825/UBNA_002/20220823_033000.WAV,Telephone Field,recover-20220825,002,1795
1672.2075,1672.2246,21171,24985,Nyctalus leisleri,0.011,0.022,-1,Echolocation,/mnt/ubna_data_01_mir/recover-20220825/UBNA_002/20220823_033000.WAV,Telephone Field,recover-20220825,002,1795
1672.2225,1672.256,68437,81441,Rhinolophus ferrumequinum,0.021,0.021,-1,Echolocation,/mnt/ubna_data_01_mir/recover-20220825/UBNA_002/20220823_033000.WAV,Telephone Field,recover-20220825,002,1795
1672.2395,1672.2457,39218,54766,Pipistrellus nathusii,0.376,0.533,-1,Echolocation,/mnt/ubna_data_01_mir/recover-20220825/UBNA_002/20220823_033000.WAV,Telephone Field,recover-20220825,002,1795
1672.2485,1672.2551,31484,39325,Myotis daubentonii,0.012,0.025,-1,Echolocation,/mnt/ubna_data_01_mir/recover-20220825/UBNA_002/20220823_033000.WAV,Telephone Field,recover-20220825,002,1795
1672.2815,1672.2871,36640,62739,Myotis brandtii,0.01,0.021,-1,Echolocation,/mnt/ubna_data_01_mir/recover-20220825/UBNA_002/20220823_033000.WAV,Telephone Field,recover-20220825,002,1795
1672.2985,1672.3043,40078,50333,Pipistrellus nathusii,0.245,0.389,-1,Echolocation,/mnt/ubna_data_01_mir/recover-20220825/UBNA_002/20220823_033000.WAV,Telephone Field,recover-20220825,002,1795
1672.3065,1672.3136,27187,35829,Eptesicus serotinus,0.006,0.024,-1,Echolocation,/mnt/ubna_data_01_mir/recover-20220825/UBNA_002/20220823_033000.WAV,Telephone Field,recover-20220825,002,1795
1672.3335,1672.348,22031,26529,Nyctalus leisleri,0.01,0.022,-1,Echolocation,/mnt/ubna_data_01_mir/recover-20220825/UBNA_002/20220823_033000.WAV,Telephone Field,recover-20220825,002,1795
1672.3375,1672.3738,68437,82129,Rhinolophus ferrumequinum,0.021,0.021,-1,Echolocation,/mnt/ubna_data_01_mir/recover-20220825/UBNA_002/20220823_033000.WAV,Telephone Field,recover-20220825,002,1795
1672.3445,1672.3536,26328,34806,Eptesicus serotinus,0.007,0.02,-1,Echolocation,/mnt/ubna_data_01_mir/recover-20220825/UBNA_002/20220823_033000.WAV,Telephone Field,recover-20220825,002,1795
1672.3585,1672.3685,36640,41591,Pipistrellus nathusii,0.027,0.038,-1,Echolocation,/mnt/ubna_data_01_mir/recover-20220825/UBNA_002/20220823_033000.WAV,Telephone Field,recover-20220825,002,1795
1672.3615,1672.3691,28046,36328,Eptesicus serotinus,0.006,0.021,-1,Echolocation,/mnt/ubna_data_01_mir/recover-20220825/UBNA_002/20220823_033000.WAV,Telephone Field,recover-20220825,002,1795
1672.3745,1672.3807,39218,55360,Pipistrellus nathusii,0.501,0.562,-1,Echolocation,/mnt/ubna_data_01_mir/recover-20220825/UBNA_002/20220823_033000.WAV,Telephone Field,recover-20220825,002,1795
1672.3825,1672.3883,30625,39750,Myotis daubentonii,0.011,0.025,-1,Echolocation,/mnt/ubna_data_01_mir/recover-20220825/UBNA_002/20220823_033000.WAV,Telephone Field,recover-20220825,002,1795
1672.3865,1672.4176,68437,80673,Rhinolophus ferrumequinum,0.02,0.02,-1,Echolocation,/mnt/ubna_data_01_mir/recover-20220825/UBNA_002/20220823_033000.WAV,Telephone Field,recover-20220825,002,1795
1672.3935,1672.4273,68437,81392,Rhinolophus ferrumequinum,0.019,0.02,-1,Echolocation,/mnt/ubna_data_01_mir/recover-20220825/UBNA_002/20220823_033000.WAV,Telephone Field,recover-20220825,002,1795
1672.4135,1672.4223,28906,37670,Eptesicus serotinus,0.007,0.021,-1,Echolocation,/mnt/ubna_data_01_mir/recover-20220825/UBNA_002/20220823_033000.WAV,Telephone Field,recover-20220825,002,1795
1672.4235,1672.4316,28046,37472,Eptesicus serotinus,0.009,0.024,-1,Echolocation,/mnt/ubna_data_01_mir/recover-20220825/UBNA_002/20220823_033000.WAV,Telephone Field,recover-20220825,002,1795
1672.4525,1672.4604,28046,34868,Eptesicus serotinus,0.006,0.02,-1,Echolocation,/mnt/ubna_data_01_mir/recover-20220825/UBNA_002/20220823_033000.WAV,Telephone Field,recover-20220825,002,1795
1672.4575,1672.4669,54687,59880,Pipistrellus pygmaeus,0.019,0.02,-1,Echolocation,/mnt/ubna_data_01_mir/recover-20220825/UBNA_002/20220823_033000.WAV,Telephone Field,recover-20220825,002,1795
1672.4615,1672.4701,49531,53999,Pipistrellus pipistrellus,0.012,0.021,-1,Echolocation,/mnt/ubna_data_01_mir/recover-20220825/UBNA_002/20220823_033000.WAV,Telephone Field,recover-20220825,002,1795
1672.4645,1672.4712,38359,55955,Pipistrellus nathusii,0.394,0.566,-1,Echolocation,/mnt/ubna_data_01_mir/recover-20220825/UBNA_002/20220823_033000.WAV,Telephone Field,recover-20220825,002,1795
1672.4735,1672.4789,32343,42406,Myotis daubentonii,0.011,0.025,-1,Echolocation,/mnt/ubna_data_01_mir/recover-20220825/UBNA_002/20220823_033000.WAV,Telephone Field,recover-20220825,002,1795
1672.4765,1672.5115,68437,81415,Rhinolophus ferrumequinum,0.022,0.022,-1,Echolocation,/mnt/ubna_data_01_mir/recover-20220825/UBNA_002/20220823_033000.WAV,Telephone Field,recover-20220825,002,1795
1672.4895,1672.5293,68437,82964,Rhinolophus ferrumequinum,0.024,0.024,-1,Echolocation,/mnt/ubna_data_01_mir/recover-20220825/UBNA_002/20220823_033000.WAV,Telephone Field,recover-20220825,002,1795
1672.5315,1672.5392,46953,50798,Pipistrellus pipistrellus,0.019,0.021,-1,Echolocation,/mnt/ubna_data_01_mir/recover-20220825/UBNA_002/20220823_033000.WAV,Telephone Field,recover-20220825,002,1795
1672.5425,1672.5489,36640,49529,Myotis brandtii,0.006,0.021,-1,Echolocation,/mnt/ubna_data_01_mir/recover-20220825/UBNA_002/20220823_033000.WAV,Telephone Field,recover-20220825,002,1795
1672.5565,1672.5631,37500,51897,Pipistrellus nathusii,0.414,0.571,-1,Echolocation,/mnt/ubna_data_01_mir/recover-20220825/UBNA_002/20220823_033000.WAV,Telephone Field,recover-20220825,002,1795
1672.5655,1672.5713,30625,42188,Myotis daubentonii,0.011,0.024,-1,Echolocation,/mnt/ubna_data_01_mir/recover-20220825/UBNA_002/20220823_033000.WAV,Telephone Field,recover-20220825,002,1795
1672.6195,1672.6283,28046,39156,Eptesicus serotinus,0.008,0.02,-1,Echolocation,/mnt/ubna_data_01_mir/recover-20220825/UBNA_002/20220823_033000.WAV,Telephone Field,recover-20220825,002,1795
1672.6425,1672.652,28046,35470,Eptesicus serotinus,0.015,0.032,-1,Echolocation,/mnt/ubna_data_01_mir/recover-20220825/UBNA_002/20220823_033000.WAV,Telephone Field,recover-20220825,002,1795
1672.6425,1672.6504,33203,39945,Barbastellus barbastellus,0.007,0.026,-1,Echolocation,/mnt/ubna_data_01_mir/recover-20220825/UBNA_002/20220823_033000.WAV,Telephone Field,recover-20220825,002,1795
1672.6575,1672.6652,38359,52725,Pipistrellus nathusii,0.617,0.669,-1,Echolocation,/mnt/ubna_data_01_mir/recover-20220825/UBNA_002/20220823_033000.WAV,Telephone Field,recover-20220825,002,1795
1672.6595,1672.6946,68437,81875,Rhinolophus ferrumequinum,0.022,0.022,-1,Echolocation,/mnt/ubna_data_01_mir/recover-20220825/UBNA_002/20220823_033000.WAV,Telephone Field,recover-20220825,002,1795
1672.6655,1672.6989,68437,81510,Rhinolophus ferrumequinum,0.022,0.022,-1,Echolocation,/mnt/ubna_data_01_mir/recover-20220825/UBNA_002/20220823_033000.WAV,Telephone Field,recover-20220825,002,1795
1672.6785,1672.7145,68437,81852,Rhinolophus ferrumequinum,0.02,0.02,-1,Echolocation,/mnt/ubna_data_01_mir/recover-20220825/UBNA_002/20220823_033000.WAV,Telephone Field,recover-20220825,002,1795
1672.7155,1672.7476,68437,81170,Rhinolophus ferrumequinum,0.02,0.02,-1,Echolocation,/mnt/ubna_data_01_mir/recover-20220825/UBNA_002/20220823_033000.WAV,Telephone Field,recover-20220825,002,1795
1672.7595,1672.7656,37500,54510,Pipistrellus nathusii,0.384,0.602,-1,Echolocation,/mnt/ubna_data_01_mir/recover-20220825/UBNA_002/20220823_033000.WAV,Telephone Field,recover-20220825,002,1795
1672.7685,1672.7739,29765,40427,Myotis daubentonii,0.013,0.027,-1,Echolocation,/mnt/ubna_data_01_mir/recover-20220825/UBNA_002/20220823_033000.WAV,Telephone Field,recover-20220825,002,1795
1672.7885,1672.8221,68437,81188,Rhinolophus ferrumequinum,0.02,0.02,-1,Echolocation,/mnt/ubna_data_01_mir/recover-20220825/UBNA_002/20220823_033000.WAV,Telephone Field,recover-20220825,002,1795
1672.7945,1672.8038,28906,37320,Eptesicus serotinus,0.01,0.026,-1,Echolocation,/mnt/ubna_data_01_mir/recover-20220825/UBNA_002/20220823_033000.WAV,Telephone Field,recover-20220825,002,1795
1672.8115,1672.8203,28046,37607,Eptesicus serotinus,0.009,0.024,-1,Echolocation,/mnt/ubna_data_01_mir/recover-20220825/UBNA_002/20220823_033000.WAV,Telephone Field,recover-20220825,002,1795
1672.8225,1672.8563,68437,80697,Rhinolophus ferrumequinum,0.02,0.02,-1,Echolocation,/mnt/ubna_data_01_mir/recover-20220825/UBNA_002/20220823_033000.WAV,Telephone Field,recover-20220825,002,1795
1672.8275,1672.8359,28046,42908,Eptesicus serotinus,0.007,0.02,-1,Echolocation,/mnt/ubna_data_01_mir/recover-20220825/UBNA_002/20220823_033000.WAV,Telephone Field,recover-20220825,002,1795
1672.8465,1672.8541,28046,37360,Eptesicus serotinus,0.006,0.02,-1,Echolocation,/mnt/ubna_data_01_mir/recover-20220825/UBNA_002/20220823_033000.WAV,Telephone Field,recover-20220825,002,1795
1672.8625,1672.8699,37500,55436,Pipistrellus nathusii,0.491,0.588,-1,Echolocation,/mnt/ubna_data_01_mir/recover-20220825/UBNA_002/20220823_033000.WAV,Telephone Field,recover-20220825,002,1795
1672.8705,1672.8778,27187,34808,Eptesicus serotinus,0.006,0.024,-1,Echolocation,/mnt/ubna_data_01_mir/recover-20220825/UBNA_002/20220823_033000.WAV,Telephone Field,recover-20220825,002,1795
1672.8715,1672.8771,34921,47678,Myotis daubentonii,0.01,0.025,-1,Echolocation,/mnt/ubna_data_01_mir/recover-20220825/UBNA_002/20220823_033000.WAV,Telephone Field,recover-20220825,002,1795
1672.8965,1672.9048,26328,36080,Eptesicus serotinus,0.006,0.02,-1,Echolocation,/mnt/ubna_data_01_mir/recover-20220825/UBNA_002/20220823_033000.WAV,Telephone Field,recover-20220825,002,1795
1672.9105,1672.9478,68437,82382,Rhinolophus ferrumequinum,0.023,0.023,-1,Echolocation,/mnt/ubna_data_01_mir/recover-20220825/UBNA_002/20220823_033000.WAV,Telephone Field,recover-20220825,002,1795
1672.9165,1672.9253,28046,37127,Eptesicus serotinus,0.007,0.021,-1,Echolocation,/mnt/ubna_data_01_mir/recover-20220825/UBNA_002/20220823_033000.WAV,Telephone Field,recover-20220825,002,1795
1672.9715,1672.9789,37500,53571,Pipistrellus nathusii,0.567,0.639,-1,Echolocation,/mnt/ubna_data_01_mir/recover-20220825/UBNA_002/20220823_033000.WAV,Telephone Field,recover-20220825,002,1795
1672.9795,1672.9849,30625,41262,Myotis daubentonii,0.011,0.024,-1,Echolocation,/mnt/ubna_data_01_mir/recover-20220825/UBNA_002/20220823_033000.WAV,Telephone Field,recover-20220825,002,1795
1672.9855,1673.0184,68437,80833,Rhinolophus ferrumequinum,0.02,0.02,-1,Echolocation,/mnt/ubna_data_01_mir/recover-20220825/UBNA_002/20220823_033000.WAV,Telephone Field,recover-20220825,002,1795
1673.0005,1673.0071,48671,55037,Pipistrellus pipistrellus,0.016,0.021,-1,Echolocation,/mnt/ubna_data_01_mir/recover-20220825/UBNA_002/20220823_033000.WAV,Telephone Field,recover-20220825,002,1795
1673.0305,1673.0401,27187,36295,Eptesicus serotinus,0.009,0.023,-1,Echolocation,/mnt/ubna_data_01_mir/recover-20220825/UBNA_002/20220823_033000.WAV,Telephone Field,recover-20220825,002,1795
1673.0335,1673.0447,39218,43105,Pipistrellus nathusii,0.028,0.037,-1,Echolocation,/mnt/ubna_data_01_mir/recover-20220825/UBNA_002/20220823_033000.WAV,Telephone Field,recover-20220825,002,1795
1673.0405,1673.0764,68437,81990,Rhinolophus ferrumequinum,0.023,0.023,-1,Echolocation,/mnt/ubna_data_01_mir/recover-20220825/UBNA_002/20220823_033000.WAV,Telephone Field,recover-20220825,002,1795
1673.0515,1673.0587,50390,55922,Pipistrellus pipistrellus,0.018,0.022,-1,Echolocation,/mnt/ubna_data_01_mir/recover-20220825/UBNA_002/20220823_033000.WAV,Telephone Field,recover-20220825,002,1795
1673.0745,1673.082,36640,58702,Pipistrellus nathusii,0.566,0.638,-1,Echolocation,/mnt/ubna_data_01_mir/recover-20220825/UBNA_002/20220823_033000.WAV,Telephone Field,recover-20220825,002,1795
1673.0835,1673.0895,30625,41490,Myotis daubentonii,0.012,0.025,-1,Echolocation,/mnt/ubna_data_01_mir/recover-20220825/UBNA_002/20220823_033000.WAV,Telephone Field,recover-20220825,002,1795
1673.1225,1673.1313,28046,38025,Eptesicus serotinus,0.007,0.02,-1,Echolocation,/mnt/ubna_data_01_mir/recover-20220825/UBNA_002/20220823_033000.WAV,Telephone Field,recover-20220825,002,1795
1673.1315,1673.1665,68437,82105,Rhinolophus ferrumequinum,0.02,0.02,-1,Echolocation,/mnt/ubna_data_01_mir/recover-20220825/UBNA_002/20220823_033000.WAV,Telephone Field,recover-20220825,002,1795
1673.1565,1673.1624,34062,53440,Myotis brandtii,0.01,0.025,-1,Echolocation,/mnt/ubna_data_01_mir/recover-20220825/UBNA_002/20220823_033000.WAV,Telephone Field,recover-20220825,002,1795
1673.1565,1673.165,43515,53232,Pipistrellus pipistrellus,0.012,0.034,-1,Echolocation,/mnt/ubna_data_01_mir/recover-20220825/UBNA_002/20220823_033000.WAV,Telephone Field,recover-20220825,002,1795
1673.1755,1673.1836,54687,62265,Pipistrellus pygmaeus,0.02,0.02,-1,Echolocation,/mnt/ubna_data_01_mir/recover-20220825/UBNA_002/20220823_033000.WAV,Telephone Field,recover-20220825,002,1795
1673.1775,1673.1842,34062,52544,Myotis brandtii,0.008,0.02,-1,Echolocation,/mnt/ubna_data_01_mir/recover-20220825/UBNA_002/20220823_033000.WAV,Telephone Field,recover-20220825,002,1795
1673.1935,1673.2031,22890,28143,Nyctalus leisleri,0.008,0.02,-1,Echolocation,/mnt/ubna_data_01_mir/recover-20220825/UBNA_002/20220823_033000.WAV,Telephone Field,recover-20220825,002,1795
1673.2185,1673.2386,19453,22271,Nyctalus leisleri,0.012,0.022,-1,Echolocation,/mnt/ubna_data_01_mir/recover-20220825/UBNA_002/20220823_033000.WAV,Telephone Field,recover-20220825,002,1795
1673.2255,1673.233,27187,43370,Eptesicus serotinus,0.007,0.02,-1,Echolocation,/mnt/ubna_data_01_mir/recover-20220825/UBNA_002/20220823_033000.WAV,Telephone Field,recover-20220825,002,1795
1673.2425,1673.2499,47812,55329,Pipistrellus pipistrellus,0.023,0.025,-1,Echolocation,/mnt/ubna_data_01_mir/recover-20220825/UBNA_002/20220823_033000.WAV,Telephone Field,recover-20220825,002,1795
1673.2445,1673.2536,43515,52247,Pipistrellus pipistrellus,0.013,0.023,-1,Echolocation,/mnt/ubna_data_01_mir/recover-20220825/UBNA_002/20220823_033000.WAV,Telephone Field,recover-20220825,002,1795
1673.2535,1673.2627,27187,36971,Eptesicus serotinus,0.008,0.021,-1,Echolocation,/mnt/ubna_data_01_mir/recover-20220825/UBNA_002/20220823_033000.WAV,Telephone Field,recover-20220825,002,1795
1673.2735,1673.2802,45234,57108,Pipistrellus pipistrellus,0.009,0.029,-1,Echolocation,/mnt/ubna_data_01_mir/recover-20220825/UBNA_002/20220823_033000.WAV,Telephone Field,recover-20220825,002,1795
1673.2735,1673.2789,28906,55288,Myotis bechsteinii,0.01,0.041,-1,Echolocation,/mnt/ubna_data_01_mir/recover-20220825/UBNA_002/20220823_033000.WAV,Telephone Field,recover-20220825,002,1795
1673.2765,1673.2845,36640,54834,Pipistrellus nathusii,0.627,0.67,-1,Echolocation,/mnt/ubna_data_01_mir/recover-20220825/UBNA_002/20220823_033000.WAV,Telephone Field,recover-20220825,002,1795
1673.2835,1673.2893,29765,41014,Myotis daubentonii,0.013,0.026,-1,Echolocation,/mnt/ubna_data_01_mir/recover-20220825/UBNA_002/20220823_033000.WAV,Telephone Field,recover-20220825,002,1795
1673.3205,1673.3554,68437,81940,Rhinolophus ferrumequinum,0.02,0.02,-1,Echolocation,/mnt/ubna_data_01_mir/recover-20220825/UBNA_002/20220823_033000.WAV,Telephone Field,recover-20220825,002,1795
1673.3445,1673.3556,22890,27114,Nyctalus leisleri,0.01,0.02,-1,Echolocation,/mnt/ubna_data_01_mir/recover-20220825/UBNA_002/20220823_033000.WAV,Telephone Field,recover-20220825,002,1795
1673.3505,1673.358,44375,51665,Pipistrellus pipistrellus,0.013,0.023,-1,Echolocation,/mnt/ubna_data_01_mir/recover-20220825/UBNA_002/20220823_033000.WAV,Telephone Field,recover-20220825,002,1795
1673.3645,1673.3744,28906,34147,Eptesicus serotinus,0.007,0.02,-1,Echolocation,/mnt/ubna_data_01_mir/recover-20220825/UBNA_002/20220823_033000.WAV,Telephone Field,recover-20220825,002,1795
1673.3745,1673.3814,48671,52970,Pipistrellus pipistrellus,0.019,0.029,-1,Echolocation,/mnt/ubna_data_01_mir/recover-20220825/UBNA_002/20220823_033000.WAV,Telephone Field,recover-20220825,002,1795
1673.3775,1673.3875,36640,55300,Pipistrellus nathusii,0.503,0.623,-1,Echolocation,/mnt/ubna_data_01_mir/recover-20220825/UBNA_002/20220823_033000.WAV,Telephone Field,recover-20220825,002,1795
1673.4035,1673.412,28906,38739,Eptesicus serotinus,0.008,0.025,-1,Echolocation,/mnt/ubna_data_01_mir/recover-20220825/UBNA_002/20220823_033000.WAV,Telephone Field,recover-20220825,002,1795
1673.4405,1673.4492,28046,36125,Eptesicus serotinus,0.012,0.03,-1,Echolocation,/mnt/ubna_data_01_mir/recover-20220825/UBNA_002/20220823_033000.WAV,Telephone Field,recover-20220825,002,1795
1673.4765,1673.4852,37500,50858,Pipistrellus nathusii,0.589,0.664,-1,Echolocation,/mnt/ubna_data_01_mir/recover-20220825/UBNA_002/20220823_033000.WAV,Telephone Field,recover-20220825,002,1795
1673.4835,1673.4895,31484,44830,Myotis daubentonii,0.012,0.025,-1,Echolocation,/mnt/ubna_data_01_mir/recover-20220825/UBNA_002/20220823_033000.WAV,Telephone Field,recover-20220825,002,1795
1673.4865,1673.5185,68437,81153,Rhinolophus ferrumequinum,0.02,0.02,-1,Echolocation,/mnt/ubna_data_01_mir/recover-20220825/UBNA_002/20220823_033000.WAV,Telephone Field,recover-20220825,002,1795
1673.4885,1673.4978,27187,34462,Eptesicus serotinus,0.008,0.025,-1,Echolocation,/mnt/ubna_data_01_mir/recover-20220825/UBNA_002/20220823_033000.WAV,Telephone Field,recover-20220825,002,1795
1673.5275,1673.5373,28046,35500,Eptesicus serotinus,0.009,0.023,-1,Echolocation,/mnt/ubna_data_01_mir/recover-20220825/UBNA_002/20220823_033000.WAV,Telephone Field,recover-20220825,002,1795
1673.5415,1673.5525,54687,60748,Pipistrellus pygmaeus,0.039,0.04,-1,Echolocation,/mnt/ubna_data_01_mir/recover-20220825/UBNA_002/20220823_033000.WAV,Telephone Field,recover-20220825,002,1795
1673.5425,1673.5509,27187,38222,Eptesicus serotinus,0.008,0.024,-1,Echolocation,/mnt/ubna_data_01_mir/recover-20220825/UBNA_002/20220823_033000.WAV,Telephone Field,recover-20220825,002,1795
1673.5555,1673.5647,26328,33672,Eptesicus serotinus,0.007,0.02,-1,Echolocation,/mnt/ubna_data_01_mir/recover-20220825/UBNA_002/20220823_033000.WAV,Telephone Field,recover-20220825,002,1795
1673.5615,1673.5683,39218,61364,Myotis brandtii,0.007,0.02,-1,Echolocation,/mnt/ubna_data_01_mir/recover-20220825/UBNA_002/20220823_033000.WAV,Telephone Field,recover-20220825,002,1795
1673.5725,1673.5818,37500,52290,Pipistrellus nathusii,0.575,0.674,-1,Echolocation,/mnt/ubna_data_01_mir/recover-20220825/UBNA_002/20220823_033000.WAV,Telephone Field,recover-20220825,002,1795
1673.6015,1673.635,68437,80778,Rhinolophus ferrumequinum,0.02,0.02,-1,Echolocation,/mnt/ubna_data_01_mir/recover-20220825/UBNA_002/20220823_033000.WAV,Telephone Field,recover-20220825,002,1795
1673.6045,1673.6121,55546,64241,Pipistrellus pygmaeus,0.022,0.022,-1,Echolocation,/mnt/ubna_data_01_mir/recover-20220825/UBNA_002/20220823_033000.WAV,Telephone Field,recover-20220825,002,1795
1673.6065,1673.616,28046,35898,Eptesicus serotinus,0.007,0.02,-1,Echolocation,/mnt/ubna_data_01_mir/recover-20220825/UBNA_002/20220823_033000.WAV,Telephone Field,recover-20220825,002,1795
1673.6095,1673.6445,68437,81550,Rhinolophus ferrumequinum,0.02,0.02,-1,Echolocation,/mnt/ubna_data_01_mir/recover-20220825/UBNA_002/20220823_033000.WAV,Telephone Field,recover-20220825,002,1795
1673.6365,1673.6451,28046,35537,Eptesicus serotinus,0.008,0.022,-1,Echolocation,/mnt/ubna_data_01_mir/recover-20220825/UBNA_002/20220823_033000.WAV,Telephone Field,recover-20220825,002,1795
1673.6555,1673.6864,68437,81209,Rhinolophus ferrumequinum,0.025,0.025,-1,Echolocation,/mnt/ubna_data_01_mir/recover-20220825/UBNA_002/20220823_033000.WAV,Telephone Field,recover-20220825,002,1795
1673.6665,1673.6742,36640,59966,Pipistrellus nathusii,0.446,0.578,-1,Echolocation,/mnt/ubna_data_01_mir/recover-20220825/UBNA_002/20220823_033000.WAV,Telephone Field,recover-20220825,002,1795
1673.6765,1673.682,29765,43695,Myotis daubentonii,0.009,0.025,-1,Echolocation,/mnt/ubna_data_01_mir/recover-20220825/UBNA_002/20220823_033000.WAV,Telephone Field,recover-20220825,002,1795
1673.6815,1673.7143,68437,80702,Rhinolophus ferrumequinum,0.019,0.02,-1,Echolocation,/mnt/ubna_data_01_mir/recover-20220825/UBNA_002/20220823_033000.WAV,Telephone Field,recover-20220825,002,1795
1673.7165,1673.7265,28906,33959,Eptesicus serotinus,0.007,0.021,-1,Echolocation,/mnt/ubna_data_01_mir/recover-20220825/UBNA_002/20220823_033000.WAV,Telephone Field,recover-20220825,002,1795
1673.7305,1673.7361,37500,56357,Pipistrellus nathusii,0.279,0.486,-1,Echolocation,/mnt/ubna_data_01_mir/recover-20220825/UBNA_002/20220823_033000.WAV,Telephone Field,recover-20220825,002,1795
1673.7395,1673.7449,30625,42210,Myotis daubentonii,0.012,0.026,-1,Echolocation,/mnt/ubna_data_01_mir/recover-20220825/UBNA_002/20220823_033000.WAV,Telephone Field,recover-20220825,002,1795
1673.7945,1673.8021,28906,36007,Eptesicus serotinus,0.007,0.024,-1,Echolocation,/mnt/ubna_data_01_mir/recover-20220825/UBNA_002/20220823_033000.WAV,Telephone Field,recover-20220825,002,1795
1673.8055,1673.8384,68437,81046,Rhinolophus ferrumequinum,0.021,0.021,-1,Echolocation,/mnt/ubna_data_01_mir/recover-20220825/UBNA_002/20220823_033000.WAV,Telephone Field,recover-20220825,002,1795
1673.8095,1673.8163,38359,63979,Pipistrellus nathusii,0.435,0.602,-1,Echolocation,/mnt/ubna_data_01_mir/recover-20220825/UBNA_002/20220823_033000.WAV,Telephone Field,recover-20220825,002,1795
1673.8225,1673.8558,68437,81065,Rhinolophus ferrumequinum,0.02,0.021,-1,Echolocation,/mnt/ubna_data_01_mir/recover-20220825/UBNA_002/20220823_033000.WAV,Telephone Field,recover-20220825,002,1795
1673.8395,1673.8487,23750,31137,Nyctalus leisleri,0.005,0.02,-1,Echolocation,/mnt/ubna_data_01_mir/recover-20220825/UBNA_002/20220823_033000.WAV,Telephone Field,recover-20220825,002,1795
1673.8465,1673.8561,25468,33026,Eptesicus serotinus,0.008,0.022,-1,Echolocation,/mnt/ubna_data_01_mir/recover-20220825/UBNA_002/20220823_033000.WAV,Telephone Field,recover-20220825,002,1795
1673.8825,1673.8893,37500,59203,Pipistrellus nathusii,0.46,0.579,-1,Echolocation,/mnt/ubna_data_01_mir/recover-20220825/UBNA_002/20220823_033000.WAV,Telephone Field,recover-20220825,002,1795
1673.8825,1673.8883,29765,61525,Myotis bechsteinii,0.013,0.041,-1,Echolocation,/mnt/ubna_data_01_mir/recover-20220825/UBNA_002/20220823_033000.WAV,Telephone Field,recover-20220825,002,1795
1673.8845,1673.8911,47812,53980,Pipistrellus pipistrellus,0.011,0.031,-1,Echolocation,/mnt/ubna_data_01_mir/recover-20220825/UBNA_002/20220823_033000.WAV,Telephone Field,recover-20220825,002,1795
1673.8925,1673.8991,27187,35515,Eptesicus serotinus,0.004,0.023,-1,Echolocation,/mnt/ubna_data_01_mir/recover-20220825/UBNA_002/20220823_033000.WAV,Telephone Field,recover-20220825,002,1795
1673.9235,1673.931,23750,31645,Plecotus austriacus,0.008,0.02,-1,Echolocation,/mnt/ubna_data_01_mir/recover-20220825/UBNA_002/20220823_033000.WAV,Telephone Field,recover-20220825,002,1795
1673.9345,1673.9712,68437,82024,Rhinolophus ferrumequinum,0.02,0.02,-1,Echolocation,/mnt/ubna_data_01_mir/recover-20220825/UBNA_002/20220823_033000.WAV,Telephone Field,recover-20220825,002,1795
1673.9415,1673.9541,21171,25069,Nyctalus leisleri,0.013,0.022,-1,Echolocation,/mnt/ubna_data_01_mir/recover-20220825/UBNA_002/20220823_033000.WAV,Telephone Field,recover-20220825,002,1795
1673.9465,1673.9783,68437,81149,Rhinolophus ferrumequinum,0.02,0.02,-1,Echolocation,/mnt/ubna_data_01_mir/recover-20220825/UBNA_002/20220823_033000.WAV,Telephone Field,recover-20220825,002,1795
1673.9545,1673.9627,34062,41077,Pipistrellus nathusii,0.006,0.02,-1,Echolocation,/mnt/ubna_data_01_mir/recover-20220825/UBNA_002/20220823_033000.WAV,Telephone Field,recover-20220825,002,1795
1673.9555,1673.9626,28046,34964,Eptesicus serotinus,0.006,0.021,-1,Echolocation,/mnt/ubna_data_01_mir/recover-20220825/UBNA_002/20220823_033000.WAV,Telephone Field,recover-20220825,002,1795
1673.9675,1673.9784,15156,21214,Nyctalus noctula,0.007,0.02,-1,Echolocation,/mnt/ubna_data_01_mir/recover-20220825/UBNA_002/20220823_033000.WAV,Telephone Field,recover-20220825,002,1795
1673.9685,1673.9741,28906,63355,Myotis bechsteinii,0.015,0.039,-1,Echolocation,/mnt/ubna_data_01_mir/recover-20220825/UBNA_002/20220823_033000.WAV,Telephone Field,recover-20220825,002,1795
1673.9695,1673.9774,37500,65022,Pipistrellus nathusii,0.437,0.578,-1,Echolocation,/mnt/ubna_data_01_mir/recover-20220825/UBNA_002/20220823_033000.WAV,Telephone Field,recover-20220825,002,1795
1673.9715,1673.9768,50390,56211,Pipistrellus pipistrellus,0.015,0.028,-1,Echolocation,/mnt/ubna_data_01_mir/recover-20220825/UBNA_002/20220823_033000.WAV,Telephone Field,recover-20220825,002,1795
1673.9795,1673.9862,26328,34933,Eptesicus serotinus,0.006,0.024,-1,Echolocation,/mnt/ubna_data_01_mir/recover-20220825/UBNA_002/20220823_033000.WAV,Telephone Field,recover-20220825,002,1795
1673.9795,1673.9854,34921,49308,Myotis brandtii,0.011,0.026,-1,Echolocation,/mnt/ubna_data_01_mir/recover-20220825/UBNA_002/20220823_033000.WAV,Telephone Field,recover-20220825,002,1795
1674.0015,1674.0113,30625,38929,Eptesicus serotinus,0.008,0.025,-1,Echolocation,/mnt/ubna_data_01_mir/recover-20220825/UBNA_002/20220823_033000.WAV,Telephone Field,recover-20220825,002,1795
1674.0015,1674.0309,68437,79500,Rhinolophus ferrumequinum,0.036,0.037,-1,Echolocation,/mnt/ubna_data_01_mir/recover-20220825/UBNA_002/20220823_033000.WAV,Telephone Field,recover-20220825,002,1795
1674.0015,1674.0084,22890,31083,Plecotus austriacus,0.011,0.031,-1,Echolocation,/mnt/ubna_data_01_mir/recover-20220825/UBNA_002/20220823_033000.WAV,Telephone Field,recover-20220825,002,1795
1674.0555,1674.0624,28046,37648,Eptesicus serotinus,0.007,0.026,-1,Echolocation,/mnt/ubna_data_01_mir/recover-20220825/UBNA_002/20220823_033000.WAV,Telephone Field,recover-20220825,002,1795
1674.0565,1674.0904,68437,82239,Rhinolophus ferrumequinum,0.021,0.021,-1,Echolocation,/mnt/ubna_data_01_mir/recover-20220825/UBNA_002/20220823_033000.WAV,Telephone Field,recover-20220825,002,1795
1674.0685,1674.0745,28046,59368,Myotis bechsteinii,0.021,0.047,-1,Echolocation,/mnt/ubna_data_01_mir/recover-20220825/UBNA_002/20220823_033000.WAV,Telephone Field,recover-20220825,002,1795
1674.0685,1674.0747,44375,56532,Myotis brandtii,0.009,0.041,-1,Echolocation,/mnt/ubna_data_01_mir/recover-20220825/UBNA_002/20220823_033000.WAV,Telephone Field,recover-20220825,002,1795
1674.0705,1674.0771,35781,55958,Pipistrellus nathusii,0.512,0.608,-1,Echolocation,/mnt/ubna_data_01_mir/recover-20220825/UBNA_002/20220823_033000.WAV,Telephone Field,recover-20220825,002,1795
1674.0795,1674.0852,34062,47026,Myotis brandtii,0.01,0.025,-1,Echolocation,/mnt/ubna_data_01_mir/recover-20220825/UBNA_002/20220823_033000.WAV,Telephone Field,recover-20220825,002,1795
1674.0795,1674.0864,26328,35704,Eptesicus serotinus,0.005,0.022,-1,Echolocation,/mnt/ubna_data_01_mir/recover-20220825/UBNA_002/20220823_033000.WAV,Telephone Field,recover-20220825,002,1795
1674.0835,1674.1153,68437,80725,Rhinolophus ferrumequinum,0.022,0.022,-1,Echolocation,/mnt/ubna_data_01_mir/recover-20220825/UBNA_002/20220823_033000.WAV,Telephone Field,recover-20220825,002,1795
1674.1235,1674.132,26328,33941,Eptesicus serotinus,0.007,0.022,-1,Echolocation,/mnt/ubna_data_01_mir/recover-20220825/UBNA_002/20220823_033000.WAV,Telephone Field,recover-20220825,002,1795
1674.1455,1674.1563,22890,26546,Nyctalus leisleri,0.013,0.022,-1,Echolocation,/mnt/ubna_data_01_mir/recover-20220825/UBNA_002/20220823_033000.WAV,Telephone Field,recover-20220825,002,1795
1674.1565,1674.1633,39218,49741,Myotis brandtii,0.007,0.023,-1,Echolocation,/mnt/ubna_data_01_mir/recover-20220825/UBNA_002/20220823_033000.WAV,Telephone Field,recover-20220825,002,1795
1674.1745,1674.1828,36640,55121,Pipistrellus nathusii,0.466,0.599,-1,Echolocation,/mnt/ubna_data_01_mir/recover-20220825/UBNA_002/20220823_033000.WAV,Telephone Field,recover-20220825,002,1795
1674.1875,1674.1992,23750,28805,Nyctalus leisleri,0.035,0.092,-1,Echolocation,/mnt/ubna_data_01_mir/recover-20220825/UBNA_002/20220823_033000.WAV,Telephone Field,recover-20220825,002,1795
1674.1895,1674.2202,68437,80750,Rhinolophus ferrumequinum,0.024,0.024,-1,Echolocation,/mnt/ubna_data_01_mir/recover-20220825/UBNA_002/20220823_033000.WAV,Telephone Field,recover-20220825,002,1795
1674.2395,1674.2513,24609,28897,Nyctalus leisleri,0.015,0.03,-1,Echolocation,/mnt/ubna_data_01_mir/recover-20220825/UBNA_002/20220823_033000.WAV,Telephone Field,recover-20220825,002,1795
1674.2605,1674.2678,28046,37539,Eptesicus serotinus,0.006,0.022,-1,Echolocation,/mnt/ubna_data_01_mir/recover-20220825/UBNA_002/20220823_033000.WAV,Telephone Field,recover-20220825,002,1795
1674.2745,1674.2822,43515,53484,Pipistrellus pipistrellus,0.017,0.042,-1,Echolocation,/mnt/ubna_data_01_mir/recover-20220825/UBNA_002/20220823_033000.WAV,Telephone Field,recover-20220825,002,1795
1674.2775,1674.2843,35781,51001,Pipistrellus nathusii,0.399,0.566,-1,Echolocation,/mnt/ubna_data_01_mir/recover-20220825/UBNA_002/20220823_033000.WAV,Telephone Field,recover-20220825,002,1795
1674.2795,1674.3137,68437,81778,Rhinolophus ferrumequinum,0.031,0.031,-1,Echolocation,/mnt/ubna_data_01_mir/recover-20220825/UBNA_002/20220823_033000.WAV,Telephone Field,recover-20220825,002,1795
1674.2865,1674.2921,29765,41525,Myotis daubentonii,0.009,0.022,-1,Echolocation,/mnt/ubna_data_01_mir/recover-20220825/UBNA_002/20220823_033000.WAV,Telephone Field,recover-20220825,002,1795
1674.3645,1674.3742,39218,43370,Pipistrellus nathusii,0.013,0.022,-1,Echolocation,/mnt/ubna_data_01_mir/recover-20220825/UBNA_002/20220823_033000.WAV,Telephone Field,recover-20220825,002,1795
1674.3705,1674.4101,68437,82691,Rhinolophus ferrumequinum,0.022,0.022,-1,Echolocation,/mnt/ubna_data_01_mir/recover-20220825/UBNA_002/20220823_033000.WAV,Telephone Field,recover-20220825,002,1795
1674.3745,1674.3832,27187,35848,Eptesicus serotinus,0.011,0.025,-1,Echolocation,/mnt/ubna_data_01_mir/recover-20220825/UBNA_002/20220823_033000.WAV,Telephone Field,recover-20220825,002,1795
1674.3925,1674.4242,68437,80803,Rhinolophus ferrumequinum,0.022,0.022,-1,Echolocation,/mnt/ubna_data_01_mir/recover-20220825/UBNA_002/20220823_033000.WAV,Telephone Field,recover-20220825,002,1795
1674.4275,1674.4373,23750,29164,Nyctalus leisleri,0.01,0.024,-1,Echolocation,/mnt/ubna_data_01_mir/recover-20220825/UBNA_002/20220823_033000.WAV,Telephone Field,recover-20220825,002,1795
1674.4325,1674.4405,27187,37171,Eptesicus serotinus,0.007,0.024,-1,Echolocation,/mnt/ubna_data_01_mir/recover-20220825/UBNA_002/20220823_033000.WAV,Telephone Field,recover-20220825,002,1795
1674.4365,1674.4448,36640,42023,Pipistrellus nathusii,0.012,0.027,-1,Echolocation,/mnt/ubna_data_01_mir/recover-20220825/UBNA_002/20220823_033000.WAV,Telephone Field,recover-20220825,002,1795
1674.4595,1674.4677,52968,57008,Pipistrellus pygmaeus,0.033,0.042,-1,Echolocation,/mnt/ubna_data_01_mir/recover-20220825/UBNA_002/20220823_033000.WAV,Telephone Field,recover-20220825,002,1795
1674.4645,1674.4722,36640,58434,Pipistrellus nathusii,0.511,0.608,-1,Echolocation,/mnt/ubna_data_01_mir/recover-20220825/UBNA_002/20220823_033000.WAV,Telephone Field,recover-20220825,002,1795
1674.4655,1674.472,48671,54350,Pipistrellus pipistrellus,0.014,0.027,-1,Echolocation,/mnt/ubna_data_01_mir/recover-20220825/UBNA_002/20220823_033000.WAV,Telephone Field,recover-20220825,002,1795
1674.4775,1674.5104,68437,81442,Rhinolophus ferrumequinum,0.022,0.022,-1,Echolocation,/mnt/ubna_data_01_mir/recover-20220825/UBNA_002/20220823_033000.WAV,Telephone Field,recover-20220825,002,1795
1674.4835,1674.517,68437,82348,Rhinolophus ferrumequinum,0.022,0.022,-1,Echolocation,/mnt/ubna_data_01_mir/recover-20220825/UBNA_002/20220823_033000.WAV,Telephone Field,recover-20220825,002,1795
1674.5385,1674.5491,24609,30579,Nyctalus leisleri,0.01,0.028,-1,Echolocation,/mnt/ubna_data_01_mir/recover-20220825/UBNA_002/20220823_033000.WAV,Telephone Field,recover-20220825,002,1795
1674.5525,1674.562,34062,39664,Pipistrellus nathusii,0.006,0.021,-1,Echolocation,/mnt/ubna_data_01_mir/recover-20220825/UBNA_002/20220823_033000.WAV,Telephone Field,recover-20220825,002,1795
1674.5665,1674.6029,68437,82536,Rhinolophus ferrumequinum,0.022,0.022,-1,Echolocation,/mnt/ubna_data_01_mir/recover-20220825/UBNA_002/20220823_033000.WAV,Telephone Field,recover-20220825,002,1795
1674.5675,1674.5736,48671,54173,Pipistrellus pipistrellus,0.018,0.031,-1,Echolocation,/mnt/ubna_data_01_mir/recover-20220825/UBNA_002/20220823_033000.WAV,Telephone Field,recover-20220825,002,1795
1674.5675,1674.5755,36640,54741,Pipistrellus nathusii,0.604,0.668,-1,Echolocation,/mnt/ubna_data_01_mir/recover-20220825/UBNA_002/20220823_033000.WAV,Telephone Field,recover-20220825,002,1795
1674.5765,1674.6102,68437,81666,Rhinolophus ferrumequinum,0.021,0.021,-1,Echolocation,/mnt/ubna_data_01_mir/recover-20220825/UBNA_002/20220823_033000.WAV,Telephone Field,recover-20220825,002,1795
1674.5985,1674.6347,68437,81624,Rhinolophus ferrumequinum,0.024,0.024,-1,Echolocation,/mnt/ubna_data_01_mir/recover-20220825/UBNA_002/20220823_033000.WAV,Telephone Field,recover-20220825,002,1795
1674.6315,1674.6405,26328,34632,Eptesicus serotinus,0.01,0.023,-1,Echolocation,/mnt/ubna_data_01_mir/recover-20220825/UBNA_002/20220823_033000.WAV,Telephone Field,recover-20220825,002,1795
1674.6505,1674.6605,26328,32687,Eptesicus serotinus,0.014,0.029,-1,Echolocation,/mnt/ubna_data_01_mir/recover-20220825/UBNA_002/20220823_033000.WAV,Telephone Field,recover-20220825,002,1795
1674.6515,1674.661,33203,38043,Barbastellus barbastellus,0.009,0.029,-1,Echolocation,/mnt/ubna_data_01_mir/recover-20220825/UBNA_002/20220823_033000.WAV,Telephone Field,recover-20220825,002,1795
1674.6605,1674.6675,49531,53206,Pipistrellus pipistrellus,0.026,0.046,-1,Echolocation,/mnt/ubna_data_01_mir/recover-20220825/UBNA_002/20220823_033000.WAV,Telephone Field,recover-20220825,002,1795
1674.6655,1674.6732,36640,53558,Pipistrellus nathusii,0.473,0.546,-1,Echolocation,/mnt/ubna_data_01_mir/recover-20220825/UBNA_002/20220823_033000.WAV,Telephone Field,recover-20220825,002,1795
1674.6745,1674.68,29765,43222,Myotis daubentonii,0.008,0.023,-1,Echolocation,/mnt/ubna_data_01_mir/recover-20220825/UBNA_002/20220823_033000.WAV,Telephone Field,recover-20220825,002,1795
1674.7075,1674.7153,28046,36204,Eptesicus serotinus,0.008,0.025,-1,Echolocation,/mnt/ubna_data_01_mir/recover-20220825/UBNA_002/20220823_033000.WAV,Telephone Field,recover-20220825,002,1795
1674.7565,1674.7677,51250,56532,Pipistrellus pipistrellus,0.028,0.045,-1,Echolocation,/mnt/ubna_data_01_mir/recover-20220825/UBNA_002/20220823_033000.WAV,Telephone Field,recover-20220825,002,1795
1674.7615,1674.7672,27187,62607,Myotis bechsteinii,0.031,0.059,-1,Echolocation,/mnt/ubna_data_01_mir/recover-20220825/UBNA_002/20220823_033000.WAV,Telephone Field,recover-20220825,002,1795
1674.7625,1674.7684,35781,63306,Pipistrellus nathusii,0.54,0.587,-1,Echolocation,/mnt/ubna_data_01_mir/recover-20220825/UBNA_002/20220823_033000.WAV,Telephone Field,recover-20220825,002,1795
1674.7715,1674.7768,31484,43658,Myotis daubentonii,0.007,0.024,-1,Echolocation,/mnt/ubna_data_01_mir/recover-20220825/UBNA_002/20220823_033000.WAV,Telephone Field,recover-20220825,002,1795
1674.7735,1674.8034,68437,81221,Rhinolophus ferrumequinum,0.023,0.023,-1,Echolocation,/mnt/ubna_data_01_mir/recover-20220825/UBNA_002/20220823_033000.WAV,Telephone Field,recover-20220825,002,1795
1674.7935,1674.8028,26328,33251,Eptesicus serotinus,0.011,0.029,-1,Echolocation,/mnt/ubna_data_01_mir/recover-20220825/UBNA_002/20220823_033000.WAV,Telephone Field,recover-20220825,002,1795
1674.8065,1674.8453,68437,82530,Rhinolophus ferrumequinum,0.022,0.022,-1,Echolocation,/mnt/ubna_data_01_mir/recover-20220825/UBNA_002/20220823_033000.WAV,Telephone Field,recover-20220825,002,1795
1674.8395,1674.8467,28046,37579,Eptesicus serotinus,0.008,0.022,-1,Echolocation,/mnt/ubna_data_01_mir/recover-20220825/UBNA_002/20220823_033000.WAV,Telephone Field,recover-20220825,002,1795
1674.8505,1674.8572,49531,54474,Pipistrellus pipistrellus,0.019,0.026,-1,Echolocation,/mnt/ubna_data_01_mir/recover-20220825/UBNA_002/20220823_033000.WAV,Telephone Field,recover-20220825,002,1795
1674.8595,1674.8663,34921,49975,Pipistrellus nathusii,0.439,0.628,-1,Echolocation,/mnt/ubna_data_01_mir/recover-20220825/UBNA_002/20220823_033000.WAV,Telephone Field,recover-20220825,002,1795
1674.8815,1674.887,40078,50899,Myotis mystacinus,0.005,0.023,-1,Echolocation,/mnt/ubna_data_01_mir/recover-20220825/UBNA_002/20220823_033000.WAV,Telephone Field,recover-20220825,002,1795
1674.8875,1674.9083,18593,21577,Nyctalus leisleri,0.014,0.029,-1,Echolocation,/mnt/ubna_data_01_mir/recover-20220825/UBNA_002/20220823_033000.WAV,Telephone Field,recover-20220825,002,1795
1674.9545,1674.962,34921,56833,Pipistrellus nathusii,0.512,0.603,-1,Echolocation,/mnt/ubna_data_01_mir/recover-20220825/UBNA_002/20220823_033000.WAV,Telephone Field,recover-20220825,002,1795
1674.9925,1675.0073,23750,27709,Nyctalus leisleri,0.014,0.026,-1,Echolocation,/mnt/ubna_data_01_mir/recover-20220825/UBNA_002/20220823_033000.WAV,Telephone Field,recover-20220825,002,1795
1675.0275,1675.0642,68437,81664,Rhinolophus ferrumequinum,0.022,0.022,-1,Echolocation,/mnt/ubna_data_01_mir/recover-20220825/UBNA_002/20220823_033000.WAV,Telephone Field,recover-20220825,002,1795
1675.0495,1675.0577,37500,50308,Pipistrellus nathusii,0.477,0.615,-1,Echolocation,/mnt/ubna_data_01_mir/recover-20220825/UBNA_002/20220823_033000.WAV,Telephone Field,recover-20220825,002,1795
1675.0575,1675.0628,30625,41547,Myotis daubentonii,0.01,0.026,-1,Echolocation,/mnt/ubna_data_01_mir/recover-20220825/UBNA_002/20220823_033000.WAV,Telephone Field,recover-20220825,002,1795
1675.0635,1675.1002,68437,82002,Rhinolophus ferrumequinum,0.024,0.024,-1,Echolocation,/mnt/ubna_data_01_mir/recover-20220825/UBNA_002/20220823_033000.WAV,Telephone Field,recover-20220825,002,1795
1675.1515,1675.1584,27187,49228,Myotis nattereri,0.006,0.022,-1,Echolocation,/mnt/ubna_data_01_mir/recover-20220825/UBNA_002/20220823_033000.WAV,Telephone Field,recover-20220825,002,1795
1675.1535,1675.1593,36640,49311,Myotis brandtii,0.007,0.022,-1,Echolocation,/mnt/ubna_data_01_mir/recover-20220825/UBNA_002/20220823_033000.WAV,Telephone Field,recover-20220825,002,1795
1675.2015,1675.2406,68437,81622,Rhinolophus ferrumequinum,0.027,0.027,-1,Echolocation,/mnt/ubna_data_01_mir/recover-20220825/UBNA_002/20220823_033000.WAV,Telephone Field,recover-20220825,002,1795
1675.2175,1675.2249,49531,54578,Pipistrellus pipistrellus,0.023,0.038,-1,Echolocation,/mnt/ubna_data_01_mir/recover-20220825/UBNA_002/20220823_033000.WAV,Telephone Field,recover-20220825,002,1795
1675.2215,1675.2285,34921,57956,Pipistrellus nathusii,0.503,0.593,-1,Echolocation,/mnt/ubna_data_01_mir/recover-20220825/UBNA_002/20220823_033000.WAV,Telephone Field,recover-20220825,002,1795
1675.2575,1675.2665,26328,35726,Eptesicus serotinus,0.007,0.021,-1,Echolocation,/mnt/ubna_data_01_mir/recover-20220825/UBNA_002/20220823_033000.WAV,Telephone Field,recover-20220825,002,1795
1675.2775,1675.2872,28906,35652,Eptesicus serotinus,0.007,0.022,-1,Echolocation,/mnt/ubna_data_01_mir/recover-20220825/UBNA_002/20220823_033000.WAV,Telephone Field,recover-20220825,002,1795
1675.2775,1675.313,68437,82002,Rhinolophus ferrumequinum,0.023,0.023,-1,Echolocation,/mnt/ubna_data_01_mir/recover-20220825/UBNA_002/20220823_033000.WAV,Telephone Field,recover-20220825,002,1795
1675.3095,1675.317,47812,53746,Pipistrellus pipistrellus,0.022,0.038,-1,Echolocation,/mnt/ubna_data_01_mir/recover-20220825/UBNA_002/20220823_033000.WAV,Telephone Field,recover-20220825,002,1795
1675.3125,1675.3187,26328,69626,Myotis bechsteinii,0.098,0.129,-1,Echolocation,/mnt/ubna_data_01_mir/recover-20220825/UBNA_002/20220823_033000.WAV,Telephone Field,recover-20220825,002,1795
1675.3135,1675.3198,34062,59198,Pipistrellus nathusii,0.254,0.492,-1,Echolocation,/mnt/ubna_data_01_mir/recover-20220825/UBNA_002/20220823_033000.WAV,Telephone Field,recover-20220825,002,1795
1675.3235,1675.3291,28906,41030,Myotis daubentonii,0.008,0.023,-1,Echolocation,/mnt/ubna_data_01_mir/recover-20220825/UBNA_002/20220823_033000.WAV,Telephone Field,recover-20220825,002,1795
1675.3625,1675.3706,27187,36633,Eptesicus serotinus,0.008,0.024,-1,Echolocation,/mnt/ubna_data_01_mir/recover-20220825/UBNA_002/20220823_033000.WAV,Telephone Field,recover-20220825,002,1795
1675.3645,1675.3736,36640,40868,Pipistrellus nathusii,0.011,0.023,-1,Echolocation,/mnt/ubna_data_01_mir/recover-20220825/UBNA_002/20220823_033000.WAV,Telephone Field,recover-20220825,002,1795
1675.3755,1675.415,68437,82636,Rhinolophus ferrumequinum,0.022,0.022,-1,Echolocation,/mnt/ubna_data_01_mir/recover-20220825/UBNA_002/20220823_033000.WAV,Telephone Field,recover-20220825,002,1795
1675.3795,1675.3875,28046,38066,Eptesicus serotinus,0.007,0.023,-1,Echolocation,/mnt/ubna_data_01_mir/recover-20220825/UBNA_002/20220823_033000.WAV,Telephone Field,recover-20220825,002,1795
1675.4055,1675.4112,35781,49937,Pipistrellus nathusii,0.181,0.437,-1,Echolocation,/mnt/ubna_data_01_mir/recover-20220825/UBNA_002/20220823_033000.WAV,Telephone Field,recover-20220825,002,1795
1675.4055,1675.4116,27187,61936,Myotis bechsteinii,0.05,0.107,-1,Echolocation,/mnt/ubna_data_01_mir/recover-20220825/UBNA_002/20220823_033000.WAV,Telephone Field,recover-20220825,002,1795
1675.4155,1675.4229,26328,35727,Eptesicus serotinus,0.005,0.024,-1,Echolocation,/mnt/ubna_data_01_mir/recover-20220825/UBNA_002/20220823_033000.WAV,Telephone Field,recover-20220825,002,1795
1675.4255,1675.4615,68437,82728,Rhinolophus ferrumequinum,0.022,0.022,-1,Echolocation,/mnt/ubna_data_01_mir/recover-20220825/UBNA_002/20220823_033000.WAV,Telephone Field,recover-20220825,002,1795
1675.4945,1675.5025,48671,55516,Pipistrellus pipistrellus,0.014,0.025,-1,Echolocation,/mnt/ubna_data_01_mir/recover-20220825/UBNA_002/20220823_033000.WAV,Telephone Field,recover-20220825,002,1795
1675.4985,1675.5045,35781,58614,Pipistrellus nathusii,0.462,0.568,-1,Echolocation,/mnt/ubna_data_01_mir/recover-20220825/UBNA_002/20220823_033000.WAV,Telephone Field,recover-20220825,002,1795
1675.5085,1675.5143,29765,42968,Myotis daubentonii,0.011,0.022,-1,Echolocation,/mnt/ubna_data_01_mir/recover-20220825/UBNA_002/20220823_033000.WAV,Telephone Field,recover-20220825,002,1795
1675.5115,1675.5452,68437,80967,Rhinolophus ferrumequinum,0.021,0.021,-1,Echolocation,/mnt/ubna_data_01_mir/recover-20220825/UBNA_002/20220823_033000.WAV,Telephone Field,recover-20220825,002,1795
1675.5195,1675.5591,68437,82089,Rhinolophus ferrumequinum,0.024,0.024,-1,Echolocation,/mnt/ubna_data_01_mir/recover-20220825/UBNA_002/20220823_033000.WAV,Telephone Field,recover-20220825,002,1795
1675.5925,1675.5994,37500,49273,Pipistrellus nathusii,0.551,0.61,-1,Echolocation,/mnt/ubna_data_01_mir/recover-20220825/UBNA_002/20220823_033000.WAV,Telephone Field,recover-20220825,002,1795
1675.5955,1675.6026,23750,36081,Myotis nattereri,0.006,0.027,-1,Echolocation,/mnt/ubna_data_01_mir/recover-20220825/UBNA_002/20220823_033000.WAV,Telephone Field,recover-20220825,002,1795
1675.6325,1675.6416,28046,35583,Eptesicus serotinus,0.008,0.024,-1,Echolocation,/mnt/ubna_data_01_mir/recover-20220825/UBNA_002/20220823_033000.WAV,Telephone Field,recover-20220825,002,1795
1675.6465,1675.6541,27187,41631,Eptesicus serotinus,0.008,0.024,-1,Echolocation,/mnt/ubna_data_01_mir/recover-20220825/UBNA_002/20220823_033000.WAV,Telephone Field,recover-20220825,002,1795
1675.6485,1675.6551,41796,54157,Pipistrellus nathusii,0.011,0.03,-1,Echolocation,/mnt/ubna_data_01_mir/recover-20220825/UBNA_002/20220823_033000.WAV,Telephone Field,recover-20220825,002,1795
1675.6635,1675.6709,40937,49755,Pipistrellus nathusii,0.01,0.032,-1,Echolocation,/mnt/ubna_data_01_mir/recover-20220825/UBNA_002/20220823_033000.WAV,Telephone Field,recover-20220825,002,1795
1675.6895,1675.695,36640,54804,Pipistrellus nathusii,0.237,0.482,-1,Echolocation,/mnt/ubna_data_01_mir/recover-20220825/UBNA_002/20220823_033000.WAV,Telephone Field,recover-20220825,002,1795
1675.7485,1675.7861,68437,82015,Rhinolophus ferrumequinum,0.022,0.022,-1,Echolocation,/mnt/ubna_data_01_mir/recover-20220825/UBNA_002/20220823_033000.WAV,Telephone Field,recover-20220825,002,1795
1675.7545,1675.762,27187,36902,Eptesicus serotinus,0.007,0.023,-1,Echolocation,/mnt/ubna_data_01_mir/recover-20220825/UBNA_002/20220823_033000.WAV,Telephone Field,recover-20220825,002,1795
1675.7545,1675.7626,40078,49438,Pipistrellus nathusii,0.021,0.037,-1,Echolocation,/mnt/ubna_data_01_mir/recover-20220825/UBNA_002/20220823_033000.WAV,Telephone Field,recover-20220825,002,1795
1675.7565,1675.7654,32343,38556,Barbastellus barbastellus,0.007,0.027,-1,Echolocation,/mnt/ubna_data_01_mir/recover-20220825/UBNA_002/20220823_033000.WAV,Telephone Field,recover-20220825,002,1795
1675.7875,1675.7938,36640,49905,Pipistrellus nathusii,0.31,0.487,-1,Echolocation,/mnt/ubna_data_01_mir/recover-20220825/UBNA_002/20220823_033000.WAV,Telephone Field,recover-20220825,002,1795
1675.8025,1675.84,68437,82182,Rhinolophus ferrumequinum,0.029,0.029,-1,Echolocation,/mnt/ubna_data_01_mir/recover-20220825/UBNA_002/20220823_033000.WAV,Telephone Field,recover-20220825,002,1795
1675.8275,1675.8604,68437,81234,Rhinolophus ferrumequinum,0.021,0.021,-1,Echolocation,/mnt/ubna_data_01_mir/recover-20220825/UBNA_002/20220823_033000.WAV,Telephone Field,recover-20220825,002,1795
1675.8275,1675.833,37500,53731,Myotis brandtii,0.011,0.029,-1,Echolocation,/mnt/ubna_data_01_mir/recover-20220825/UBNA_002/20220823_033000.WAV,Telephone Field,recover-20220825,002,1795
1675.8295,1675.8369,23750,35175,Myotis nattereri,0.007,0.021,-1,Echolocation,/mnt/ubna_data_01_mir/recover-20220825/UBNA_002/20220823_033000.WAV,Telephone Field,recover-20220825,002,1795
1675.8605,1675.8685,27187,37650,Eptesicus serotinus,0.008,0.024,-1,Echolocation,/mnt/ubna_data_01_mir/recover-20220825/UBNA_002/20220823_033000.WAV,Telephone Field,recover-20220825,002,1795
1675.8855,1675.9196,68437,80836,Rhinolophus ferrumequinum,0.021,0.021,-1,Echolocation,/mnt/ubna_data_01_mir/recover-20220825/UBNA_002/20220823_033000.WAV,Telephone Field,recover-20220825,002,1795
1675.8865,1675.8921,37500,51737,Pipistrellus nathusii,0.313,0.482,-1,Echolocation,/mnt/ubna_data_01_mir/recover-20220825/UBNA_002/20220823_033000.WAV,Telephone Field,recover-20220825,002,1795
1675.9205,1675.9283,27187,39875,Eptesicus serotinus,0.007,0.022,-1,Echolocation,/mnt/ubna_data_01_mir/recover-20220825/UBNA_002/20220823_033000.WAV,Telephone Field,recover-20220825,002,1795
1675.9625,1675.9715,43515,50636,Pipistrellus nathusii,0.04,0.06,-1,Echolocation,/mnt/ubna_data_01_mir/recover-20220825/UBNA_002/20220823_033000.WAV,Telephone Field,recover-20220825,002,1795
1675.9795,1675.9845,35781,51967,Barbastellus barbastellus,0.024,0.076,-1,Echolocation,/mnt/ubna_data_01_mir/recover-20220825/UBNA_002/20220823_033000.WAV,Telephone Field,recover-20220825,002,1795
1676.0015,1676.0111,47812,53138,Pipistrellus pipistrellus,0.015,0.024,-1,Echolocation,/mnt/ubna_data_01_mir/recover-20220825/UBNA_002/20220823_033000.WAV,Telephone Field,recover-20220825,002,1795
1676.0015,1676.0115,22031,27266,Nyctalus leisleri,0.013,0.027,-1,Echolocation,/mnt/ubna_data_01_mir/recover-20220825/UBNA_002/20220823_033000.WAV,Telephone Field,recover-20220825,002,1795
1676.0015,1676.0099,27187,39051,Myotis daubentonii,0.007,0.03,-1,Echolocation,/mnt/ubna_data_01_mir/recover-20220825/UBNA_002/20220823_033000.WAV,Telephone Field,recover-20220825,002,1795
1676.0015,1676.0328,68437,79402,Rhinolophus ferrumequinum,0.033,0.033,-1,Echolocation,/mnt/ubna_data_01_mir/recover-20220825/UBNA_002/20220823_033000.WAV,Telephone Field,recover-20220825,002,1795
1676.0185,1676.0592,68437,82976,Rhinolophus ferrumequinum,0.033,0.033,-1,Echolocation,/mnt/ubna_data_01_mir/recover-20220825/UBNA_002/20220823_033000.WAV,Telephone Field,recover-20220825,002,1795
1676.0245,1676.0325,28046,44085,Myotis daubentonii,0.011,0.028,-1,Echolocation,/mnt/ubna_data_01_mir/recover-20220825/UBNA_002/20220823_033000.WAV,Telephone Field,recover-20220825,002,1795
1676.0585,1676.1015,68437,82895,Rhinolophus ferrumequinum,0.028,0.028,-1,Echolocation,/mnt/ubna_data_01_mir/recover-20220825/UBNA_002/20220823_033000.WAV,Telephone Field,recover-20220825,002,1795
1676.0705,1676.0763,36640,45976,Myotis daubentonii,0.049,0.125,-1,Echolocation,/mnt/ubna_data_01_mir/recover-20220825/UBNA_002/20220823_033000.WAV,Telephone Field,recover-20220825,002,1795
1676.1005,1676.1087,25468,34713,Eptesicus serotinus,0.011,0.034,-1,Echolocation,/mnt/ubna_data_01_mir/recover-20220825/UBNA_002/20220823_033000.WAV,Telephone Field,recover-20220825,002,1795
1676.1155,1676.1266,25468,31912,Eptesicus serotinus,0.03,0.073,-1,Echolocation,/mnt/ubna_data_01_mir/recover-20220825/UBNA_002/20220823_033000.WAV,Telephone Field,recover-20220825,002,1795
1676.1615,1676.1665,35781,49471,Myotis daubentonii,0.227,0.479,-1,Echolocation,/mnt/ubna_data_01_mir/recover-20220825/UBNA_002/20220823_033000.WAV,Telephone Field,recover-20220825,002,1795
1676.1855,1676.1951,28906,37382,Eptesicus serotinus,0.011,0.033,-1,Echolocation,/mnt/ubna_data_01_mir/recover-20220825/UBNA_002/20220823_033000.WAV,Telephone Field,recover-20220825,002,1795
1676.2155,1676.2209,26328,41147,Myotis daubentonii,0.021,0.067,-1,Echolocation,/mnt/ubna_data_01_mir/recover-20220825/UBNA_002/20220823_033000.WAV,Telephone Field,recover-20220825,002,1795
1676.2225,1676.2581,68437,81218,Rhinolophus ferrumequinum,0.027,0.027,-1,Echolocation,/mnt/ubna_data_01_mir/recover-20220825/UBNA_002/20220823_033000.WAV,Telephone Field,recover-20220825,002,1795
1676.2255,1676.2346,27187,36136,Eptesicus serotinus,0.012,0.03,-1,Echolocation,/mnt/ubna_data_01_mir/recover-20220825/UBNA_002/20220823_033000.WAV,Telephone Field,recover-20220825,002,1795
1676.2485,1676.2536,35781,49429,Myotis daubentonii,0.264,0.446,-1,Echolocation,/mnt/ubna_data_01_mir/recover-20220825/UBNA_002/20220823_033000.WAV,Telephone Field,recover-20220825,002,1795
1676.2825,1676.2924,27187,35453,Eptesicus serotinus,0.01,0.025,-1,Echolocation,/mnt/ubna_data_01_mir/recover-20220825/UBNA_002/20220823_033000.WAV,Telephone Field,recover-20220825,002,1795
1676.3215,1676.3308,27187,36512,Eptesicus serotinus,0.015,0.033,-1,Echolocation,/mnt/ubna_data_01_mir/recover-20220825/UBNA_002/20220823_033000.WAV,Telephone Field,recover-20220825,002,1795
1676.3405,1676.3447,35781,49973,Myotis daubentonii,0.147,0.239,-1,Echolocation,/mnt/ubna_data_01_mir/recover-20220825/UBNA_002/20220823_033000.WAV,Telephone Field,recover-20220825,002,1795
1676.4305,1676.4364,33203,51891,Myotis daubentonii,0.017,0.026,-1,Echolocation,/mnt/ubna_data_01_mir/recover-20220825/UBNA_002/20220823_033000.WAV,Telephone Field,recover-20220825,002,1795
1676.4655,1676.5056,68437,82932,Rhinolophus ferrumequinum,0.033,0.033,-1,Echolocation,/mnt/ubna_data_01_mir/recover-20220825/UBNA_002/20220823_033000.WAV,Telephone Field,recover-20220825,002,1795
1676.4705,1676.4771,29765,51541,Myotis daubentonii,0.015,0.025,-1,Echolocation,/mnt/ubna_data_01_mir/recover-20220825/UBNA_002/20220823_033000.WAV,Telephone Field,recover-20220825,002,1795
1676.4895,1676.4979,27187,38100,Eptesicus serotinus,0.009,0.029,-1,Echolocation,/mnt/ubna_data_01_mir/recover-20220825/UBNA_002/20220823_033000.WAV,Telephone Field,recover-20220825,002,1795
1676.5315,1676.537,36640,47872,Myotis daubentonii,0.134,0.32,-1,Echolocation,/mnt/ubna_data_01_mir/recover-20220825/UBNA_002/20220823_033000.WAV,Telephone Field,recover-20220825,002,1795
1676.5495,1676.5599,22890,29570,Nyctalus leisleri,0.027,0.077,-1,Echolocation,/mnt/ubna_data_01_mir/recover-20220825/UBNA_002/20220823_033000.WAV,Telephone Field,recover-20220825,002,1795
1676.6015,1676.6068,35781,56477,Myotis brandtii,0.034,0.08,-1,Echolocation,/mnt/ubna_data_01_mir/recover-20220825/UBNA_002/20220823_033000.WAV,Telephone Field,recover-20220825,002,1795
1676.6425,1676.6494,26328,37097,Eptesicus serotinus,0.007,0.027,-1,Echolocation,/mnt/ubna_data_01_mir/recover-20220825/UBNA_002/20220823_033000.WAV,Telephone Field,recover-20220825,002,1795
1676.6825,1676.7216,68437,82405,Rhinolophus ferrumequinum,0.027,0.027,-1,Echolocation,/mnt/ubna_data_01_mir/recover-20220825/UBNA_002/20220823_033000.WAV,Telephone Field,recover-20220825,002,1795
1676.7135,1676.7175,35781,52454,Myotis daubentonii,0.111,0.223,-1,Echolocation,/mnt/ubna_data_01_mir/recover-20220825/UBNA_002/20220823_033000.WAV,Telephone Field,recover-20220825,002,1795
1676.7265,1676.734,26328,36063,Eptesicus serotinus,0.007,0.026,-1,Echolocation,/mnt/ubna_data_01_mir/recover-20220825/UBNA_002/20220823_033000.WAV,Telephone Field,recover-20220825,002,1795
1676.7265,1676.7635,68437,81778,Rhinolophus ferrumequinum,0.025,0.025,-1,Echolocation,/mnt/ubna_data_01_mir/recover-20220825/UBNA_002/20220823_033000.WAV,Telephone Field,recover-20220825,002,1795
1676.7695,1676.8097,68437,82565,Rhinolophus ferrumequinum,0.025,0.025,-1,Echolocation,/mnt/ubna_data_01_mir/recover-20220825/UBNA_002/20220823_033000.WAV,Telephone Field,recover-20220825,002,1795
1676.8035,1676.8088,40937,54004,Myotis daubentonii,0.011,0.029,-1,Echolocation,/mnt/ubna_data_01_mir/recover-20220825/UBNA_002/20220823_033000.WAV,Telephone Field,recover-20220825,002,1795
1676.8245,1676.8348,24609,31401,Nyctalus leisleri,0.01,0.026,-1,Echolocation,/mnt/ubna_data_01_mir/recover-20220825/UBNA_002/20220823_033000.WAV,Telephone Field,recover-20220825,002,1795
1676.8305,1676.8681,68437,82675,Rhinolophus ferrumequinum,0.024,0.024,-1,Echolocation,/mnt/ubna_data_01_mir/recover-20220825/UBNA_002/20220823_033000.WAV,Telephone Field,recover-20220825,002,1795
1676.8445,1676.8554,23750,30238,Nyctalus leisleri,0.011,0.027,-1,Echolocation,/mnt/ubna_data_01_mir/recover-20220825/UBNA_002/20220823_033000.WAV,Telephone Field,recover-20220825,002,1795
1676.8605,1676.8684,26328,40277,Eptesicus serotinus,0.008,0.025,-1,Echolocation,/mnt/ubna_data_01_mir/recover-20220825/UBNA_002/20220823_033000.WAV,Telephone Field,recover-20220825,002,1795
1676.8745,1676.8835,27187,36038,Eptesicus serotinus,0.018,0.037,-1,Echolocation,/mnt/ubna_data_01_mir/recover-20220825/UBNA_002/20220823_033000.WAV,Telephone Field,recover-20220825,002,1795
1676.8845,1676.8936,44375,49459,Pipistrellus pipistrellus,0.021,0.028,-1,Echolocation,/mnt/ubna_data_01_mir/recover-20220825/UBNA_002/20220823_033000.WAV,Telephone Field,recover-20220825,002,1795
1676.9185,1676.9276,27187,36225,Eptesicus serotinus,0.009,0.026,-1,Echolocation,/mnt/ubna_data_01_mir/recover-20220825/UBNA_002/20220823_033000.WAV,Telephone Field,recover-20220825,002,1795
1676.9355,1676.9415,29765,54384,Myotis daubentonii,0.023,0.034,-1,Echolocation,/mnt/ubna_data_01_mir/recover-20220825/UBNA_002/20220823_033000.WAV,Telephone Field,recover-20220825,002,1795
1676.9595,1676.9714,22890,28760,Nyctalus leisleri,0.015,0.035,-1,Echolocation,/mnt/ubna_data_01_mir/recover-20220825/UBNA_002/20220823_033000.WAV,Telephone Field,recover-20220825,002,1795
1676.9855,1676.9895,36640,52260,Myotis daubentonii,0.081,0.151,-1,Echolocation,/mnt/ubna_data_01_mir/recover-20220825/UBNA_002/20220823_033000.WAV,Telephone Field,recover-20220825,002,1795
1677.0105,1677.0207,24609,32511,Nyctalus leisleri,0.008,0.027,-1,Echolocation,/mnt/ubna_data_01_mir/recover-20220825/UBNA_002/20220823_033000.WAV,Telephone Field,recover-20220825,002,1795
1677.0195,1677.059,68437,82455,Rhinolophus ferrumequinum,0.031,0.031,-1,Echolocation,/mnt/ubna_data_01_mir/recover-20220825/UBNA_002/20220823_033000.WAV,Telephone Field,recover-20220825,002,1795
1677.0385,1677.0509,24609,29500,Nyctalus leisleri,0.023,0.045,-1,Echolocation,/mnt/ubna_data_01_mir/recover-20220825/UBNA_002/20220823_033000.WAV,Telephone Field,recover-20220825,002,1795
1677.0985,1677.1048,40937,49297,Myotis daubentonii,0.094,0.194,-1,Echolocation,/mnt/ubna_data_01_mir/recover-20220825/UBNA_002/20220823_033000.WAV,Telephone Field,recover-20220825,002,1795
1677.0995,1677.1046,28046,59848,Myotis daubentonii,0.037,0.052,-1,Echolocation,/mnt/ubna_data_01_mir/recover-20220825/UBNA_002/20220823_033000.WAV,Telephone Field,recover-20220825,002,1795
1677.1335,1677.1428,27187,36585,Eptesicus serotinus,0.012,0.03,-1,Echolocation,/mnt/ubna_data_01_mir/recover-20220825/UBNA_002/20220823_033000.WAV,Telephone Field,recover-20220825,002,1795
1677.1525,1677.1601,30625,45699,Myotis daubentonii,0.012,0.026,-1,Echolocation,/mnt/ubna_data_01_mir/recover-20220825/UBNA_002/20220823_033000.WAV,Telephone Field,recover-20220825,002,1795
1677.1525,1677.1951,68437,83184,Rhinolophus ferrumequinum,0.03,0.03,-1,Echolocation,/mnt/ubna_data_01_mir/recover-20220825/UBNA_002/20220823_033000.WAV,Telephone Field,recover-20220825,002,1795
1677.1685,1677.1786,23750,30078,Nyctalus leisleri,0.011,0.027,-1,Echolocation,/mnt/ubna_data_01_mir/recover-20220825/UBNA_002/20220823_033000.WAV,Telephone Field,recover-20220825,002,1795
1677.1765,1677.1865,23750,31449,Nyctalus leisleri,0.008,0.029,-1,Echolocation,/mnt/ubna_data_01_mir/recover-20220825/UBNA_002/20220823_033000.WAV,Telephone Field,recover-20220825,002,1795
1677.1785,1677.1848,36640,52929,Myotis daubentonii,0.011,0.026,-1,Echolocation,/mnt/ubna_data_01_mir/recover-20220825/UBNA_002/20220823_033000.WAV,Telephone Field,recover-20220825,002,1795
1677.1855,1677.1972,23750,28634,Nyctalus leisleri,0.014,0.028,-1,Echolocation,/mnt/ubna_data_01_mir/recover-20220825/UBNA_002/20220823_033000.WAV,Telephone Field,recover-20220825,002,1795
1677.2245,1677.2345,27187,35994,Eptesicus serotinus,0.011,0.026,-1,Echolocation,/mnt/ubna_data_01_mir/recover-20220825/UBNA_002/20220823_033000.WAV,Telephone Field,recover-20220825,002,1795
1677.2495,1677.2881,68437,82756,Rhinolophus ferrumequinum,0.027,0.027,-1,Echolocation,/mnt/ubna_data_01_mir/recover-20220825/UBNA_002/20220823_033000.WAV,Telephone Field,recover-20220825,002,1795
1677.2885,1677.2936,32343,53197,Myotis daubentonii,0.032,0.043,-1,Echolocation,/mnt/ubna_data_01_mir/recover-20220825/UBNA_002/20220823_033000.WAV,Telephone Field,recover-20220825,002,1795
1677.3405,1677.3464,34921,56616,Myotis daubentonii,0.01,0.025,-1,Echolocation,/mnt/ubna_data_01_mir/recover-20220825/UBNA_002/20220823_033000.WAV,Telephone Field,recover-20220825,002,1795
1677.3555,1677.3944,68437,82462,Rhinolophus ferrumequinum,0.025,0.025,-1,Echolocation,/mnt/ubna_data_01_mir/recover-20220825/UBNA_002/20220823_033000.WAV,Telephone Field,recover-20220825,002,1795
1677.3595,1677.3697,28046,41214,Eptesicus serotinus,0.01,0.026,-1,Echolocation,/mnt/ubna_data_01_mir/recover-20220825/UBNA_002/20220823_033000.WAV,Telephone Field,recover-20220825,002,1795
1677.3765,1677.3846,27187,37603,Eptesicus serotinus,0.008,0.025,-1,Echolocation,/mnt/ubna_data_01_mir/recover-20220825/UBNA_002/20220823_033000.WAV,Telephone Field,recover-20220825,002,1795
1677.3955,1677.4016,32343,57658,Myotis daubentonii,0.013,0.025,-1,Echolocation,/mnt/ubna_data_01_mir/recover-20220825/UBNA_002/20220823_033000.WAV,Telephone Field,recover-20220825,002,1795
1677.3955,1677.4011,39218,54565,Myotis daubentonii,0.01,0.025,-1,Echolocation,/mnt/ubna_data_01_mir/recover-20220825/UBNA_002/20220823_033000.WAV,Telephone Field,recover-20220825,002,1795
1677.4275,1677.4672,68437,83508,Rhinolophus ferrumequinum,0.042,0.042,-1,Echolocation,/mnt/ubna_data_01_mir/recover-20220825/UBNA_002/20220823_033000.WAV,Telephone Field,recover-20220825,002,1795
1677.4305,1677.4363,30625,47435,Myotis daubentonii,0.02,0.033,-1,Echolocation,/mnt/ubna_data_01_mir/recover-20220825/UBNA_002/20220823_033000.WAV,Telephone Field,recover-20220825,002,1795
1677.4535,1677.4586,40078,53099,Myotis daubentonii,0.064,0.138,-1,Echolocation,/mnt/ubna_data_01_mir/recover-20220825/UBNA_002/20220823_033000.WAV,Telephone Field,recover-20220825,002,1795
1677.4595,1677.4968,68437,82611,Rhinolophus ferrumequinum,0.033,0.033,-1,Echolocation,/mnt/ubna_data_01_mir/recover-20220825/UBNA_002/20220823_033000.WAV,Telephone Field,recover-20220825,002,1795
1677.5035,1677.5122,26328,35533,Eptesicus serotinus,0.009,0.029,-1,Echolocation,/mnt/ubna_data_01_mir/recover-20220825/UBNA_002/20220823_033000.WAV,Telephone Field,recover-20220825,002,1795
1677.5755,1677.5889,23750,28112,Nyctalus leisleri,0.035,0.066,-1,Echolocation,/mnt/ubna_data_01_mir/recover-20220825/UBNA_002/20220823_033000.WAV,Telephone Field,recover-20220825,002,1795
1677.5775,1677.5842,50390,56044,Pipistrellus pipistrellus,0.033,0.038,-1,Echolocation,/mnt/ubna_data_01_mir/recover-20220825/UBNA_002/20220823_033000.WAV,Telephone Field,recover-20220825,002,1795
1677.5785,1677.586,44375,55699,Pipistrellus pipistrellus,0.013,0.029,-1,Echolocation,/mnt/ubna_data_01_mir/recover-20220825/UBNA_002/20220823_033000.WAV,Telephone Field,recover-20220825,002,1795
1677.5945,1677.6342,68437,83048,Rhinolophus ferrumequinum,0.031,0.031,-1,Echolocation,/mnt/ubna_data_01_mir/recover-20220825/UBNA_002/20220823_033000.WAV,Telephone Field,recover-20220825,002,1795
1677.6115,1677.6165,39218,55983,Myotis brandtii,0.016,0.04,-1,Echolocation,/mnt/ubna_data_01_mir/recover-20220825/UBNA_002/20220823_033000.WAV,Telephone Field,recover-20220825,002,1795
1677.6185,1677.6235,33203,43833,Myotis daubentonii,0.033,0.053,-1,Echolocation,/mnt/ubna_data_01_mir/recover-20220825/UBNA_002/20220823_033000.WAV,Telephone Field,recover-20220825,002,1795
1677.6695,1677.6783,25468,34405,Eptesicus serotinus,0.007,0.025,-1,Echolocation,/mnt/ubna_data_01_mir/recover-20220825/UBNA_002/20220823_033000.WAV,Telephone Field,recover-20220825,002,1795
1677.6795,1677.6877,27187,36897,Eptesicus serotinus,0.007,0.024,-1,Echolocation,/mnt/ubna_data_01_mir/recover-20220825/UBNA_002/20220823_033000.WAV,Telephone Field,recover-20220825,002,1795
1677.7135,1677.7564,68437,82998,Rhinolophus ferrumequinum,0.033,0.033,-1,Echolocation,/mnt/ubna_data_01_mir/recover-20220825/UBNA_002/20220823_033000.WAV,Telephone Field,recover-20220825,002,1795
1677.7505,1677.7577,26328,35351,Eptesicus serotinus,0.007,0.027,-1,Echolocation,/mnt/ubna_data_01_mir/recover-20220825/UBNA_002/20220823_033000.WAV,Telephone Field,recover-20220825,002,1795
1677.7575,1677.7959,68437,82594,Rhinolophus ferrumequinum,0.025,0.025,-1,Echolocation,/mnt/ubna_data_01_mir/recover-20220825/UBNA_002/20220823_033000.WAV,Telephone Field,recover-20220825,002,1795
1677.7585,1677.7699,22890,27362,Nyctalus leisleri,0.015,0.026,-1,Echolocation,/mnt/ubna_data_01_mir/recover-20220825/UBNA_002/20220823_033000.WAV,Telephone Field,recover-20220825,002,1795
1677.7825,1677.7949,22031,26075,Nyctalus leisleri,0.015,0.025,-1,Echolocation,/mnt/ubna_data_01_mir/recover-20220825/UBNA_002/20220823_033000.WAV,Telephone Field,recover-20220825,002,1795
1677.8175,1677.8244,26328,39716,Eptesicus serotinus,0.006,0.025,-1,Echolocation,/mnt/ubna_data_01_mir/recover-20220825/UBNA_002/20220823_033000.WAV,Telephone Field,recover-20220825,002,1795
1677.8285,1677.8374,28046,36095,Eptesicus serotinus,0.008,0.025,-1,Echolocation,/mnt/ubna_data_01_mir/recover-20220825/UBNA_002/20220823_033000.WAV,Telephone Field,recover-20220825,002,1795
1677.8345,1677.844,27187,35502,Eptesicus serotinus,0.009,0.025,-1,Echolocation,/mnt/ubna_data_01_mir/recover-20220825/UBNA_002/20220823_033000.WAV,Telephone Field,recover-20220825,002,1795
1677.8595,1677.8672,27187,42654,Eptesicus serotinus,0.008,0.025,-1,Echolocation,/mnt/ubna_data_01_mir/recover-20220825/UBNA_002/20220823_033000.WAV,Telephone Field,recover-20220825,002,1795
1677.8685,1677.8807,28046,34210,Eptesicus serotinus,0.016,0.033,-1,Echolocation,/mnt/ubna_data_01_mir/recover-20220825/UBNA_002/20220823_033000.WAV,Telephone Field,recover-20220825,002,1795
1677.9315,1677.9418,27187,35437,Eptesicus serotinus,0.011,0.027,-1,Echolocation,/mnt/ubna_data_01_mir/recover-20220825/UBNA_002/20220823_033000.WAV,Telephone Field,recover-20220825,002,1795
1677.9715,1677.9788,27187,36944,Eptesicus serotinus,0.007,0.025,-1,Echolocation,/mnt/ubna_data_01_mir/recover-20220825/UBNA_002/20220823_033000.WAV,Telephone Field,recover-20220825,002,1795
1678.0015,1678.0102,23750,30482,Nyctalus leisleri,0.011,0.028,-1,Echolocation,/mnt/ubna_data_01_mir/recover-20220825/UBNA_002/20220823_033000.WAV,Telephone Field,recover-20220825,002,1795
1678.0015,1678.0344,68437,79782,Rhinolophus ferrumequinum,0.032,0.032,-1,Echolocation,/mnt/ubna_data_01_mir/recover-20220825/UBNA_002/20220823_033000.WAV,Telephone Field,recover-20220825,002,1795
1678.0375,1678.0786,68437,81852,Rhinolophus ferrumequinum,0.024,0.024,-1,Echolocation,/mnt/ubna_data_01_mir/recover-20220825/UBNA_002/20220823_033000.WAV,Telephone Field,recover-20220825,002,1795
1678.0425,1678.0816,68437,81920,Rhinolophus ferrumequinum,0.024,0.024,-1,Echolocation,/mnt/ubna_data_01_mir/recover-20220825/UBNA_002/20220823_033000.WAV,Telephone Field,recover-20220825,002,1795
1678.0635,1678.0705,27187,36503,Eptesicus serotinus,0.007,0.023,-1,Echolocation,/mnt/ubna_data_01_mir/recover-20220825/UBNA_002/20220823_033000.WAV,Telephone Field,recover-20220825,002,1795
1678.0825,1678.1224,68437,82714,Rhinolophus ferrumequinum,0.034,0.034,-1,Echolocation,/mnt/ubna_data_01_mir/recover-20220825/UBNA_002/20220823_033000.WAV,Telephone Field,recover-20220825,002,1795
1678.1385,1678.1504,22031,25958,Nyctalus leisleri,0.012,0.021,-1,Echolocation,/mnt/ubna_data_01_mir/recover-20220825/UBNA_002/20220823_033000.WAV,Telephone Field,recover-20220825,002,1795
1678.1395,1678.1842,68437,83274,Rhinolophus ferrumequinum,0.039,0.039,-1,Echolocation,/mnt/ubna_data_01_mir/recover-20220825/UBNA_002/20220823_033000.WAV,Telephone Field,recover-20220825,002,1795
1678.1755,1678.2153,68437,82152,Rhinolophus ferrumequinum,0.022,0.022,-1,Echolocation,/mnt/ubna_data_01_mir/recover-20220825/UBNA_002/20220823_033000.WAV,Telephone Field,recover-20220825,002,1795
1678.1965,1678.2082,23750,28485,Nyctalus leisleri,0.017,0.033,-1,Echolocation,/mnt/ubna_data_01_mir/recover-20220825/UBNA_002/20220823_033000.WAV,Telephone Field,recover-20220825,002,1795
1678.1985,1678.2396,68437,82439,Rhinolophus ferrumequinum,0.025,0.025,-1,Echolocation,/mnt/ubna_data_01_mir/recover-20220825/UBNA_002/20220823_033000.WAV,Telephone Field,recover-20220825,002,1795
1678.2265,1678.2353,28046,37212,Eptesicus serotinus,0.009,0.023,-1,Echolocation,/mnt/ubna_data_01_mir/recover-20220825/UBNA_002/20220823_033000.WAV,Telephone Field,recover-20220825,002,1795
1678.2455,1678.2637,19453,23334,Nyctalus noctula,0.016,0.031,-1,Echolocation,/mnt/ubna_data_01_mir/recover-20220825/UBNA_002/20220823_033000.WAV,Telephone Field,recover-20220825,002,1795
1678.2505,1678.2589,50390,55876,Pipistrellus pipistrellus,0.024,0.028,-1,Echolocation,/mnt/ubna_data_01_mir/recover-20220825/UBNA_002/20220823_033000.WAV,Telephone Field,recover-20220825,002,1795
1678.2675,1678.3096,68437,83077,Rhinolophus ferrumequinum,0.041,0.041,-1,Echolocation,/mnt/ubna_data_01_mir/recover-20220825/UBNA_002/20220823_033000.WAV,Telephone Field,recover-20220825,002,1795
1678.2825,1678.2891,34062,44551,Myotis daubentonii,0.007,0.023,-1,Echolocation,/mnt/ubna_data_01_mir/recover-20220825/UBNA_002/20220823_033000.WAV,Telephone Field,recover-20220825,002,1795
1678.2835,1678.2907,26328,35805,Eptesicus serotinus,0.007,0.025,-1,Echolocation,/mnt/ubna_data_01_mir/recover-20220825/UBNA_002/20220823_033000.WAV,Telephone Field,recover-20220825,002,1795
1678.2935,1678.3037,22031,26444,Nyctalus leisleri,0.011,0.021,-1,Echolocation,/mnt/ubna_data_01_mir/recover-20220825/UBNA_002/20220823_033000.WAV,Telephone Field,recover-20220825,002,1795
1678.3005,1678.3389,68437,82191,Rhinolophus ferrumequinum,0.024,0.024,-1,Echolocation,/mnt/ubna_data_01_mir/recover-20220825/UBNA_002/20220823_033000.WAV,Telephone Field,recover-20220825,002,1795
1678.3255,1678.3644,68437,82244,Rhinolophus ferrumequinum,0.022,0.022,-1,Echolocation,/mnt/ubna_data_01_mir/recover-20220825/UBNA_002/20220823_033000.WAV,Telephone Field,recover-20220825,002,1795
1678.3315,1678.3387,28046,40038,Eptesicus serotinus,0.008,0.026,-1,Echolocation,/mnt/ubna_data_01_mir/recover-20220825/UBNA_002/20220823_033000.WAV,Telephone Field,recover-20220825,002,1795
1678.3395,1678.3743,68437,82010,Rhinolophus ferrumequinum,0.021,0.021,-1,Echolocation,/mnt/ubna_data_01_mir/recover-20220825/UBNA_002/20220823_033000.WAV,Telephone Field,recover-20220825,002,1795
1678.3465,1678.3857,68437,82194,Rhinolophus ferrumequinum,0.022,0.022,-1,Echolocation,/mnt/ubna_data_01_mir/recover-20220825/UBNA_002/20220823_033000.WAV,Telephone Field,recover-20220825,002,1795
1678.3995,1678.4361,68437,80959,Rhinolophus ferrumequinum,0.021,0.021,-1,Echolocation,/mnt/ubna_data_01_mir/recover-20220825/UBNA_002/20220823_033000.WAV,Telephone Field,recover-20220825,002,1795
1678.4475,1678.4858,68437,81954,Rhinolophus ferrumequinum,0.021,0.021,-1,Echolocation,/mnt/ubna_data_01_mir/recover-20220825/UBNA_002/20220823_033000.WAV,Telephone Field,recover-20220825,002,1795
1678.4495,1678.4569,22890,30858,Plecotus austriacus,0.013,0.026,-1,Echolocation,/mnt/ubna_data_01_mir/recover-20220825/UBNA_002/20220823_033000.WAV,Telephone Field,recover-20220825,002,1795
1678.4925,1678.5339,68437,82993,Rhinolophus ferrumequinum,0.029,0.029,-1,Echolocation,/mnt/ubna_data_01_mir/recover-20220825/UBNA_002/20220823_033000.WAV,Telephone Field,recover-20220825,002,1795
1678.5175,1678.5571,68437,81847,Rhinolophus ferrumequinum,0.022,0.022,-1,Echolocation,/mnt/ubna_data_01_mir/recover-20220825/UBNA_002/20220823_033000.WAV,Telephone Field,recover-20220825,002,1795
1678.5575,1678.5675,24609,31294,Nyctalus leisleri,0.011,0.032,-1,Echolocation,/mnt/ubna_data_01_mir/recover-20220825/UBNA_002/20220823_033000.WAV,Telephone Field,recover-20220825,002,1795
1678.5585,1678.5974,68437,82322,Rhinolophus ferrumequinum,0.022,0.022,-1,Echolocation,/mnt/ubna_data_01_mir/recover-20220825/UBNA_002/20220823_033000.WAV,Telephone Field,recover-20220825,002,1795
1678.5725,1678.614,68437,83031,Rhinolophus ferrumequinum,0.03,0.03,-1,Echolocation,/mnt/ubna_data_01_mir/recover-20220825/UBNA_002/20220823_033000.WAV,Telephone Field,recover-20220825,002,1795
1678.5955,1678.6054,36640,41965,Barbastellus barbastellus,0.005,0.022,-1,Echolocation,/mnt/ubna_data_01_mir/recover-20220825/UBNA_002/20220823_033000.WAV,Telephone Field,recover-20220825,002,1795
1678.6155,1678.6229,27187,41022,Eptesicus serotinus,0.007,0.023,-1,Echolocation,/mnt/ubna_data_01_mir/recover-20220825/UBNA_002/20220823_033000.WAV,Telephone Field,recover-20220825,002,1795
1678.6345,1678.6426,27187,36737,Eptesicus serotinus,0.007,0.021,-1,Echolocation,/mnt/ubna_data_01_mir/recover-20220825/UBNA_002/20220823_033000.WAV,Telephone Field,recover-20220825,002,1795
1678.6465,1678.6575,24609,30918,Nyctalus leisleri,0.016,0.039,-1,Echolocation,/mnt/ubna_data_01_mir/recover-20220825/UBNA_002/20220823_033000.WAV,Telephone Field,recover-20220825,002,1795
1678.6495,1678.6866,68437,81938,Rhinolophus ferrumequinum,0.021,0.021,-1,Echolocation,/mnt/ubna_data_01_mir/recover-20220825/UBNA_002/20220823_033000.WAV,Telephone Field,recover-20220825,002,1795
1678.6675,1678.6766,28046,39845,Eptesicus serotinus,0.009,0.023,-1,Echolocation,/mnt/ubna_data_01_mir/recover-20220825/UBNA_002/20220823_033000.WAV,Telephone Field,recover-20220825,002,1795
1678.6775,1678.6858,28906,41388,Eptesicus serotinus,0.009,0.025,-1,Echolocation,/mnt/ubna_data_01_mir/recover-20220825/UBNA_002/20220823_033000.WAV,Telephone Field,recover-20220825,002,1795
1678.6785,1678.6863,23750,32676,Plecotus austriacus,0.009,0.025,-1,Echolocation,/mnt/ubna_data_01_mir/recover-20220825/UBNA_002/20220823_033000.WAV,Telephone Field,recover-20220825,002,1795
1678.6815,1678.7153,68437,81572,Rhinolophus ferrumequinum,0.02,0.021,-1,Echolocation,/mnt/ubna_data_01_mir/recover-20220825/UBNA_002/20220823_033000.WAV,Telephone Field,recover-20220825,002,1795
1678.7225,1678.7633,68437,82278,Rhinolophus ferrumequinum,0.022,0.022,-1,Echolocation,/mnt/ubna_data_01_mir/recover-20220825/UBNA_002/20220823_033000.WAV,Telephone Field,recover-20220825,002,1795
1678.7335,1678.7411,23750,33846,Plecotus austriacus,0.009,0.023,-1,Echolocation,/mnt/ubna_data_01_mir/recover-20220825/UBNA_002/20220823_033000.WAV,Telephone Field,recover-20220825,002,1795
1678.7425,1678.7828,68437,82512,Rhinolophus ferrumequinum,0.023,0.023,-1,Echolocation,/mnt/ubna_data_01_mir/recover-20220825/UBNA_002/20220823_033000.WAV,Telephone Field,recover-20220825,002,1795
1678.7505,1678.7891,68437,82543,Rhinolophus ferrumequinum,0.022,0.022,-1,Echolocation,/mnt/ubna_data_01_mir/recover-20220825/UBNA_002/20220823_033000.WAV,Telephone Field,recover-20220825,002,1795
1678.7865,1678.8246,68437,81918,Rhinolophus ferrumequinum,0.024,0.024,-1,Echolocation,/mnt/ubna_data_01_mir/recover-20220825/UBNA_002/20220823_033000.WAV,Telephone Field,recover-20220825,002,1795
1678.7955,1678.8046,28046,38088,Eptesicus serotinus,0.009,0.021,-1,Echolocation,/mnt/ubna_data_01_mir/recover-20220825/UBNA_002/20220823_033000.WAV,Telephone Field,recover-20220825,002,1795
1678.7965,1678.836,68437,81887,Rhinolophus ferrumequinum,0.022,0.022,-1,Echolocation,/mnt/ubna_data_01_mir/recover-20220825/UBNA_002/20220823_033000.WAV,Telephone Field,recover-20220825,002,1795
1678.8055,1678.8453,68437,82301,Rhinolophus ferrumequinum,0.022,0.022,-1,Echolocation,/mnt/ubna_data_01_mir/recover-20220825/UBNA_002/20220823_033000.WAV,Telephone Field,recover-20220825,002,1795
1678.8475,1678.8853,68437,81972,Rhinolophus ferrumequinum,0.021,0.021,-1,Echolocation,/mnt/ubna_data_01_mir/recover-20220825/UBNA_002/20220823_033000.WAV,Telephone Field,recover-20220825,002,1795
1678.8515,1678.8623,27187,35304,Eptesicus serotinus,0.01,0.024,-1,Echolocation,/mnt/ubna_data_01_mir/recover-20220825/UBNA_002/20220823_033000.WAV,Telephone Field,recover-20220825,002,1795
1678.8755,1678.9117,68437,81793,Rhinolophus ferrumequinum,0.022,0.022,-1,Echolocation,/mnt/ubna_data_01_mir/recover-20220825/UBNA_002/20220823_033000.WAV,Telephone Field,recover-20220825,002,1795
1678.9285,1678.9652,68437,82131,Rhinolophus ferrumequinum,0.023,0.023,-1,Echolocation,/mnt/ubna_data_01_mir/recover-20220825/UBNA_002/20220823_033000.WAV,Telephone Field,recover-20220825,002,1795
1678.9615,1679.0,68437,82485,Rhinolophus ferrumequinum,0.022,0.022,-1,Echolocation,/mnt/ubna_data_01_mir/recover-20220825/UBNA_002/20220823_033000.WAV,Telephone Field,recover-20220825,002,1795
1679.0015,1679.0373,68437,81112,Rhinolophus ferrumequinum,0.021,0.021,-1,Echolocation,/mnt/ubna_data_01_mir/recover-20220825/UBNA_002/20220823_033000.WAV,Telephone Field,recover-20220825,002,1795
1679.0275,1679.0645,68437,81992,Rhinolophus ferrumequinum,0.02,0.02,-1,Echolocation,/mnt/ubna_data_01_mir/recover-20220825/UBNA_002/20220823_033000.WAV,Telephone Field,recover-20220825,002,1795
1679.0285,1679.0377,50390,57559,Pipistrellus pipistrellus,0.019,0.024,-1,Echolocation,/mnt/ubna_data_01_mir/recover-20220825/UBNA_002/20220823_033000.WAV,Telephone Field,recover-20220825,002,1795
1679.0325,1679.0416,26328,35786,Eptesicus serotinus,0.011,0.025,-1,Echolocation,/mnt/ubna_data_01_mir/recover-20220825/UBNA_002/20220823_033000.WAV,Telephone Field,recover-20220825,002,1795
1679.0525,1679.0889,68437,81917,Rhinolophus ferrumequinum,0.022,0.022,-1,Echolocation,/mnt/ubna_data_01_mir/recover-20220825/UBNA_002/20220823_033000.WAV,Telephone Field,recover-20220825,002,1795
1679.0535,1679.0641,22890,27794,Nyctalus leisleri,0.01,0.022,-1,Echolocation,/mnt/ubna_data_01_mir/recover-20220825/UBNA_002/20220823_033000.WAV,Telephone Field,recover-20220825,002,1795
1679.0915,1679.1279,68437,82114,Rhinolophus ferrumequinum,0.022,0.022,-1,Echolocation,/mnt/ubna_data_01_mir/recover-20220825/UBNA_002/20220823_033000.WAV,Telephone Field,recover-20220825,002,1795
1679.0975,1679.1341,68437,81361,Rhinolophus ferrumequinum,0.021,0.021,-1,Echolocation,/mnt/ubna_data_01_mir/recover-20220825/UBNA_002/20220823_033000.WAV,Telephone Field,recover-20220825,002,1795
1679.1115,1679.1487,68437,81988,Rhinolophus ferrumequinum,0.023,0.023,-1,Echolocation,/mnt/ubna_data_01_mir/recover-20220825/UBNA_002/20220823_033000.WAV,Telephone Field,recover-20220825,002,1795
1679.1245,1679.1314,24609,33585,Plecotus austriacus,0.009,0.021,-1,Echolocation,/mnt/ubna_data_01_mir/recover-20220825/UBNA_002/20220823_033000.WAV,Telephone Field,recover-20220825,002,1795
1679.1545,1679.1621,28046,40862,Eptesicus serotinus,0.009,0.026,-1,Echolocation,/mnt/ubna_data_01_mir/recover-20220825/UBNA_002/20220823_033000.WAV,Telephone Field,recover-20220825,002,1795
1679.1685,1679.2075,68437,82345,Rhinolophus ferrumequinum,0.031,0.031,-1,Echolocation,/mnt/ubna_data_01_mir/recover-20220825/UBNA_002/20220823_033000.WAV,Telephone Field,recover-20220825,002,1795
1679.1825,1679.1892,25468,37859,Plecotus austriacus,0.007,0.026,-1,Echolocation,/mnt/ubna_data_01_mir/recover-20220825/UBNA_002/20220823_033000.WAV,Telephone Field,recover-20220825,002,1795
1679.2325,1679.2687,68437,81533,Rhinolophus ferrumequinum,0.022,0.022,-1,Echolocation,/mnt/ubna_data_01_mir/recover-20220825/UBNA_002/20220823_033000.WAV,Telephone Field,recover-20220825,002,1795
1679.2535,1679.2902,68437,81672,Rhinolophus ferrumequinum,0.022,0.022,-1,Echolocation,/mnt/ubna_data_01_mir/recover-20220825/UBNA_002/20220823_033000.WAV,Telephone Field,recover-20220825,002,1795
1679.2745,1679.2821,28046,40103,Eptesicus serotinus,0.007,0.024,-1,Echolocation,/mnt/ubna_data_01_mir/recover-20220825/UBNA_002/20220823_033000.WAV,Telephone Field,recover-20220825,002,1795
1679.2755,1679.2854,22031,27760,Nyctalus leisleri,0.01,0.024,-1,Echolocation,/mnt/ubna_data_01_mir/recover-20220825/UBNA_002/20220823_033000.WAV,Telephone Field,recover-20220825,002,1795
1679.3015,1679.343,68437,83309,Rhinolophus ferrumequinum,0.031,0.031,-1,Echolocation,/mnt/ubna_data_01_mir/recover-20220825/UBNA_002/20220823_033000.WAV,Telephone Field,recover-20220825,002,1795
1679.3295,1679.372,68437,83140,Rhinolophus ferrumequinum,0.061,0.061,-1,Echolocation,/mnt/ubna_data_01_mir/recover-20220825/UBNA_002/20220823_033000.WAV,Telephone Field,recover-20220825,002,1795
1679.3315,1679.3394,46093,51337,Pipistrellus pipistrellus,0.023,0.024,-1,Echolocation,/mnt/ubna_data_01_mir/recover-20220825/UBNA_002/20220823_033000.WAV,Telephone Field,recover-20220825,002,1795
1679.3435,1679.3535,49531,53723,Pipistrellus pipistrellus,0.019,0.023,-1,Echolocation,/mnt/ubna_data_01_mir/recover-20220825/UBNA_002/20220823_033000.WAV,Telephone Field,recover-20220825,002,1795
1679.3635,1679.4013,68437,82595,Rhinolophus ferrumequinum,0.022,0.022,-1,Echolocation,/mnt/ubna_data_01_mir/recover-20220825/UBNA_002/20220823_033000.WAV,Telephone Field,recover-20220825,002,1795
1679.3665,1679.3741,28046,40814,Eptesicus serotinus,0.01,0.03,-1,Echolocation,/mnt/ubna_data_01_mir/recover-20220825/UBNA_002/20220823_033000.WAV,Telephone Field,recover-20220825,002,1795
1679.3675,1679.3747,33203,44860,Myotis daubentonii,0.008,0.028,-1,Echolocation,/mnt/ubna_data_01_mir/recover-20220825/UBNA_002/20220823_033000.WAV,Telephone Field,recover-20220825,002,1795
1679.3905,1679.4302,68437,82550,Rhinolophus ferrumequinum,0.024,0.024,-1,Echolocation,/mnt/ubna_data_01_mir/recover-20220825/UBNA_002/20220823_033000.WAV,Telephone Field,recover-20220825,002,1795
1679.4185,1679.4564,68437,81982,Rhinolophus ferrumequinum,0.031,0.031,-1,Echolocation,/mnt/ubna_data_01_mir/recover-20220825/UBNA_002/20220823_033000.WAV,Telephone Field,recover-20220825,002,1795
1679.4395,1679.4771,68437,82323,Rhinolophus ferrumequinum,0.024,0.024,-1,Echolocation,/mnt/ubna_data_01_mir/recover-20220825/UBNA_002/20220823_033000.WAV,Telephone Field,recover-20220825,002,1795
1679.4395,1679.4497,22031,26937,Nyctalus leisleri,0.011,0.025,-1,Echolocation,/mnt/ubna_data_01_mir/recover-20220825/UBNA_002/20220823_033000.WAV,Telephone Field,recover-20220825,002,1795
1679.4505,1679.4888,68437,82417,Rhinolophus ferrumequinum,0.024,0.024,-1,Echolocation,/mnt/ubna_data_01_mir/recover-20220825/UBNA_002/20220823_033000.WAV,Telephone Field,recover-20220825,002,1795
1679.4805,1679.5198,68437,82638,Rhinolophus ferrumequinum,0.031,0.031,-1,Echolocation,/mnt/ubna_data_01_mir/recover-20220825/UBNA_002/20220823_033000.WAV,Telephone Field,recover-20220825,002,1795
1679.5155,1679.552,68437,82349,Rhinolophus ferrumequinum,0.026,0.026,-1,Echolocation,/mnt/ubna_data_01_mir/recover-20220825/UBNA_002/20220823_033000.WAV,Telephone Field,recover-20220825,002,1795
1679.5285,1679.5373,23750,32030,Plecotus austriacus,0.009,0.025,-1,Echolocation,/mnt/ubna_data_01_mir/recover-20220825/UBNA_002/20220823_033000.WAV,Telephone Field,recover-20220825,002,1795
1679.5505,1679.5887,68437,81445,Rhinolophus ferrumequinum,0.022,0.022,-1,Echolocation,/mnt/ubna_data_01_mir/recover-20220825/UBNA_002/20220823_033000.WAV,Telephone Field,recover-20220825,002,1795
1679.5755,1679.61,68437,81751,Rhinolophus ferrumequinum,0.022,0.022,-1,Echolocation,/mnt/ubna_data_01_mir/recover-20220825/UBNA_002/20220823_033000.WAV,Telephone Field,recover-20220825,002,1795
1679.5875,1679.6255,68437,82007,Rhinolophus ferrumequinum,0.023,0.023,-1,Echolocation,/mnt/ubna_data_01_mir/recover-20220825/UBNA_002/20220823_033000.WAV,Telephone Field,recover-20220825,002,1795
1679.5965,1679.6045,51250,59436,Pipistrellus pipistrellus,0.024,0.03,-1,Echolocation,/mnt/ubna_data_01_mir/recover-20220825/UBNA_002/20220823_033000.WAV,Telephone Field,recover-20220825,002,1795
1679.6155,1679.6504,68437,80808,Rhinolophus ferrumequinum,0.022,0.022,-1,Echolocation,/mnt/ubna_data_01_mir/recover-20220825/UBNA_002/20220823_033000.WAV,Telephone Field,recover-20220825,002,1795
1679.6215,1679.6532,68437,81041,Rhinolophus ferrumequinum,0.024,0.024,-1,Echolocation,/mnt/ubna_data_01_mir/recover-20220825/UBNA_002/20220823_033000.WAV,Telephone Field,recover-20220825,002,1795
1679.6545,1679.6942,68437,82466,Rhinolophus ferrumequinum,0.025,0.025,-1,Echolocation,/mnt/ubna_data_01_mir/recover-20220825/UBNA_002/20220823_033000.WAV,Telephone Field,recover-20220825,002,1795
1679.6585,1679.6712,23750,28795,Nyctalus leisleri,0.016,0.033,-1,Echolocation,/mnt/ubna_data_01_mir/recover-20220825/UBNA_002/20220823_033000.WAV,Telephone Field,recover-20220825,002,1795
1679.6905,1679.7258,68437,81626,Rhinolophus ferrumequinum,0.021,0.021,-1,Echolocation,/mnt/ubna_data_01_mir/recover-20220825/UBNA_002/20220823_033000.WAV,Telephone Field,recover-20220825,002,1795
1679.6935,1679.7038,23750,29311,Nyctalus leisleri,0.009,0.021,-1,Echolocation,/mnt/ubna_data_01_mir/recover-20220825/UBNA_002/20220823_033000.WAV,Telephone Field,recover-20220825,002,1795
1679.7355,1679.7753,68437,82309,Rhinolophus ferrumequinum,0.021,0.021,-1,Echolocation,/mnt/ubna_data_01_mir/recover-20220825/UBNA_002/20220823_033000.WAV,Telephone Field,recover-20220825,002,1795
1679.7505,1679.7893,68437,82301,Rhinolophus ferrumequinum,0.022,0.022,-1,Echolocation,/mnt/ubna_data_01_mir/recover-20220825/UBNA_002/20220823_033000.WAV,Telephone Field,recover-20220825,002,1795
1679.7885,1679.8294,68437,82828,Rhinolophus ferrumequinum,0.025,0.025,-1,Echolocation,/mnt/ubna_data_01_mir/recover-20220825/UBNA_002/20220823_033000.WAV,Telephone Field,recover-20220825,002,1795
1679.7965,1679.8377,68437,82891,Rhinolophus ferrumequinum,0.026,0.026,-1,Echolocation,/mnt/ubna_data_01_mir/recover-20220825/UBNA_002/20220823_033000.WAV,Telephone Field,recover-20220825,002,1795
1679.8215,1679.8301,45234,57599,Pipistrellus pipistrellus,0.013,0.022,-1,Echolocation,/mnt/ubna_data_01_mir/recover-20220825/UBNA_002/20220823_033000.WAV,Telephone Field,recover-20220825,002,1795
1679.8265,1679.838,23750,29209,Nyctalus leisleri,0.01,0.025,-1,Echolocation,/mnt/ubna_data_01_mir/recover-20220825/UBNA_002/20220823_033000.WAV,Telephone Field,recover-20220825,002,1795
1679.8405,1679.8792,68437,82910,Rhinolophus ferrumequinum,0.028,0.028,-1,Echolocation,/mnt/ubna_data_01_mir/recover-20220825/UBNA_002/20220823_033000.WAV,Telephone Field,recover-20220825,002,1795
1679.8535,1679.8892,68437,81778,Rhinolophus ferrumequinum,0.021,0.021,-1,Echolocation,/mnt/ubna_data_01_mir/recover-20220825/UBNA_002/20220823_033000.WAV,Telephone Field,recover-20220825,002,1795
1679.8875,1679.9291,68437,83432,Rhinolophus ferrumequinum,0.032,0.032,-1,Echolocation,/mnt/ubna_data_01_mir/recover-20220825/UBNA_002/20220823_033000.WAV,Telephone Field,recover-20220825,002,1795
1679.9195,1679.9297,27187,34443,Eptesicus serotinus,0.011,0.023,-1,Echolocation,/mnt/ubna_data_01_mir/recover-20220825/UBNA_002/20220823_033000.WAV,Telephone Field,recover-20220825,002,1795
1679.9345,1679.9717,68437,82563,Rhinolophus ferrumequinum,0.022,0.022,-1,Echolocation,/mnt/ubna_data_01_mir/recover-20220825/UBNA_002/20220823_033000.WAV,Telephone Field,recover-20220825,002,1795
1679.9545,1679.9901,68437,81509,Rhinolophus ferrumequinum,0.023,0.023,-1,Echolocation,/mnt/ubna_data_01_mir/recover-20220825/UBNA_002/20220823_033000.WAV,Telephone Field,recover-20220825,002,1795
1679.9665,1679.9778,28046,35439,Eptesicus serotinus,0.017,0.032,-1,Echolocation,/mnt/ubna_data_01_mir/recover-20220825/UBNA_002/20220823_033000.WAV,Telephone Field,recover-20220825,002,1795
1679.9905,1679.9993,28906,39593,Eptesicus serotinus,0.007,0.02,-1,Echolocation,/mnt/ubna_data_01_mir/recover-20220825/UBNA_002/20220823_033000.WAV,Telephone Field,recover-20220825,002,1795
1680.0015,1680.0097,25468,34220,Nyctalus leisleri,0.005,0.021,-1,Echolocation,/mnt/ubna_data_01_mir/recover-20220825/UBNA_002/20220823_033000.WAV,Telephone Field,recover-20220825,002,1795
1680.0015,1680.0324,68437,79897,Rhinolophus ferrumequinum,0.023,0.023,-1,Echolocation,/mnt/ubna_data_01_mir/recover-20220825/UBNA_002/20220823_033000.WAV,Telephone Field,recover-20220825,002,1795
1680.0015,1680.0096,48671,56642,Pipistrellus pipistrellus,0.019,0.027,-1,Echolocation,/mnt/ubna_data_01_mir/recover-20220825/UBNA_002/20220823_033000.WAV,Telephone Field,recover-20220825,002,1795
1680.0015,1680.0143,58125,66342,Pipistrellus pygmaeus,0.028,0.029,-1,Echolocation,/mnt/ubna_data_01_mir/recover-20220825/UBNA_002/20220823_033000.WAV,Telephone Field,recover-20220825,002,1795
1680.0125,1680.0224,22031,27353,Nyctalus leisleri,0.009,0.022,-1,Echolocation,/mnt/ubna_data_01_mir/recover-20220825/UBNA_002/20220823_033000.WAV,Telephone Field,recover-20220825,002,1795
1680.0165,1680.025,33203,42438,Myotis daubentonii,0.006,0.022,-1,Echolocation,/mnt/ubna_data_01_mir/recover-20220825/UBNA_002/20220823_033000.WAV,Telephone Field,recover-20220825,002,1795
1680.0385,1680.0486,22890,28301,Nyctalus leisleri,0.009,0.021,-1,Echolocation,/mnt/ubna_data_01_mir/recover-20220825/UBNA_002/20220823_033000.WAV,Telephone Field,recover-20220825,002,1795
1680.0485,1680.0905,68437,82809,Rhinolophus ferrumequinum,0.024,0.024,-1,Echolocation,/mnt/ubna_data_01_mir/recover-20220825/UBNA_002/20220823_033000.WAV,Telephone Field,recover-20220825,002,1795
1680.0595,1680.0684,28046,36596,Eptesicus serotinus,0.007,0.021,-1,Echolocation,/mnt/ubna_data_01_mir/recover-20220825/UBNA_002/20220823_033000.WAV,Telephone Field,recover-20220825,002,1795
1680.0695,1680.1068,68437,81928,Rhinolophus ferrumequinum,0.021,0.021,-1,Echolocation,/mnt/ubna_data_01_mir/recover-20220825/UBNA_002/20220823_033000.WAV,Telephone Field,recover-20220825,002,1795
1680.0865,1680.1236,68437,81069,Rhinolophus ferrumequinum,0.023,0.023,-1,Echolocation,/mnt/ubna_data_01_mir/recover-20220825/UBNA_002/20220823_033000.WAV,Telephone Field,recover-20220825,002,1795
1680.1095,1680.1202,50390,55149,Pipistrellus pipistrellus,0.02,0.026,-1,Echolocation,/mnt/ubna_data_01_mir/recover-20220825/UBNA_002/20220823_033000.WAV,Telephone Field,recover-20220825,002,1795
1680.1095,1680.1208,25468,31300,Nyctalus leisleri,0.011,0.027,-1,Echolocation,/mnt/ubna_data_01_mir/recover-20220825/UBNA_002/20220823_033000.WAV,Telephone Field,recover-20220825,002,1795
1680.1325,1680.1717,68437,81326,Rhinolophus ferrumequinum,0.021,0.021,-1,Echolocation,/mnt/ubna_data_01_mir/recover-20220825/UBNA_002/20220823_033000.WAV,Telephone Field,recover-20220825,002,1795
1680.1905,1680.2316,68437,82296,Rhinolophus ferrumequinum,0.02,0.02,-1,Echolocation,/mnt/ubna_data_01_mir/recover-20220825/UBNA_002/20220823_033000.WAV,Telephone Field,recover-20220825,002,1795
1680.2585,1680.2717,15156,21919,Nyctalus noctula,0.021,0.03,-1,Echolocation,/mnt/ubna_data_01_mir/recover-20220825/UBNA_002/20220823_033000.WAV,Telephone Field,recover-20220825,002,1795
1680.2595,1680.3011,68437,82588,Rhinolophus ferrumequinum,0.024,0.024,-1,Echolocation,/mnt/ubna_data_01_mir/recover-20220825/UBNA_002/20220823_033000.WAV,Telephone Field,recover-20220825,002,1795
1680.2725,1680.3135,68437,82426,Rhinolophus ferrumequinum,0.021,0.021,-1,Echolocation,/mnt/ubna_data_01_mir/recover-20220825/UBNA_002/20220823_033000.WAV,Telephone Field,recover-20220825,002,1795
1680.2815,1680.3204,68437,82668,Rhinolophus ferrumequinum,0.029,0.029,-1,Echolocation,/mnt/ubna_data_01_mir/recover-20220825/UBNA_002/20220823_033000.WAV,Telephone Field,recover-20220825,002,1795
1680.3395,1680.3789,68437,82417,Rhinolophus ferrumequinum,0.022,0.022,-1,Echolocation,/mnt/ubna_data_01_mir/recover-20220825/UBNA_002/20220823_033000.WAV,Telephone Field,recover-20220825,002,1795
1680.3645,1680.402,68437,81713,Rhinolophus ferrumequinum,0.021,0.021,-1,Echolocation,/mnt/ubna_data_01_mir/recover-20220825/UBNA_002/20220823_033000.WAV,Telephone Field,recover-20220825,002,1795
1680.4025,1680.4412,68437,81951,Rhinolophus ferrumequinum,0.022,0.022,-1,Echolocation,/mnt/ubna_data_01_mir/recover-20220825/UBNA_002/20220823_033000.WAV,Telephone Field,recover-20220825,002,1795
1680.4315,1680.4717,68437,82014,Rhinolophus ferrumequinum,0.021,0.021,-1,Echolocation,/mnt/ubna_data_01_mir/recover-20220825/UBNA_002/20220823_033000.WAV,Telephone Field,recover-20220825,002,1795
1680.4555,1680.463,26328,34887,Eptesicus serotinus,0.007,0.024,-1,Echolocation,/mnt/ubna_data_01_mir/recover-20220825/UBNA_002/20220823_033000.WAV,Telephone Field,recover-20220825,002,1795
1680.4665,1680.475,46093,49184,Pipistrellus pipistrellus,0.022,0.023,-1,Echolocation,/mnt/ubna_data_01_mir/recover-20220825/UBNA_002/20220823_033000.WAV,Telephone Field,recover-20220825,002,1795
1680.4695,1680.5126,68437,83612,Rhinolophus ferrumequinum,0.03,0.03,-1,Echolocation,/mnt/ubna_data_01_mir/recover-20220825/UBNA_002/20220823_033000.WAV,Telephone Field,recover-20220825,002,1795
1680.4875,1680.5267,68437,81929,Rhinolophus ferrumequinum,0.021,0.021,-1,Echolocation,/mnt/ubna_data_01_mir/recover-20220825/UBNA_002/20220823_033000.WAV,Telephone Field,recover-20220825,002,1795
1680.5135,1680.5518,68437,81943,Rhinolophus ferrumequinum,0.021,0.021,-1,Echolocation,/mnt/ubna_data_01_mir/recover-20220825/UBNA_002/20220823_033000.WAV,Telephone Field,recover-20220825,002,1795
1680.5165,1680.5236,23750,32780,Plecotus austriacus,0.014,0.03,-1,Echolocation,/mnt/ubna_data_01_mir/recover-20220825/UBNA_002/20220823_033000.WAV,Telephone Field,recover-20220825,002,1795
1680.5395,1680.5774,68437,81640,Rhinolophus ferrumequinum,0.025,0.025,-1,Echolocation,/mnt/ubna_data_01_mir/recover-20220825/UBNA_002/20220823_033000.WAV,Telephone Field,recover-20220825,002,1795
1680.5525,1680.5619,24609,31991,Eptesicus serotinus,0.01,0.026,-1,Echolocation,/mnt/ubna_data_01_mir/recover-20220825/UBNA_002/20220823_033000.WAV,Telephone Field,recover-20220825,002,1795
1680.5675,1680.607,68437,82314,Rhinolophus ferrumequinum,0.026,0.026,-1,Echolocation,/mnt/ubna_data_01_mir/recover-20220825/UBNA_002/20220823_033000.WAV,Telephone Field,recover-20220825,002,1795
1680.5925,1680.6023,22890,28692,Nyctalus leisleri,0.009,0.024,-1,Echolocation,/mnt/ubna_data_01_mir/recover-20220825/UBNA_002/20220823_033000.WAV,Telephone Field,recover-20220825,002,1795
1680.6185,1680.628,27187,35776,Eptesicus serotinus,0.011,0.023,-1,Echolocation,/mnt/ubna_data_01_mir/recover-20220825/UBNA_002/20220823_033000.WAV,Telephone Field,recover-20220825,002,1795
1680.6435,1680.6871,68437,83038,Rhinolophus ferrumequinum,0.036,0.036,-1,Echolocation,/mnt/ubna_data_01_mir/recover-20220825/UBNA_002/20220823_033000.WAV,Telephone Field,recover-20220825,002,1795
1680.6785,1680.7188,68437,82348,Rhinolophus ferrumequinum,0.022,0.022,-1,Echolocation,/mnt/ubna_data_01_mir/recover-20220825/UBNA_002/20220823_033000.WAV,Telephone Field,recover-20220825,002,1795
1680.7055,1680.7161,22031,26322,Nyctalus leisleri,0.011,0.021,-1,Echolocation,/mnt/ubna_data_01_mir/recover-20220825/UBNA_002/20220823_033000.WAV,Telephone Field,recover-20220825,002,1795
1680.7725,1680.8081,68437,81652,Rhinolophus ferrumequinum,0.021,0.021,-1,Echolocation,/mnt/ubna_data_01_mir/recover-20220825/UBNA_002/20220823_033000.WAV,Telephone Field,recover-20220825,002,1795
1680.7815,1680.816,68437,81771,Rhinolophus ferrumequinum,0.021,0.021,-1,Echolocation,/mnt/ubna_data_01_mir/recover-20220825/UBNA_002/20220823_033000.WAV,Telephone Field,recover-20220825,002,1795
1680.7925,1680.834,68437,82447,Rhinolophus ferrumequinum,0.021,0.021,-1,Echolocation,/mnt/ubna_data_01_mir/recover-20220825/UBNA_002/20220823_033000.WAV,Telephone Field,recover-20220825,002,1795
1680.8115,1680.8515,68437,82134,Rhinolophus ferrumequinum,0.026,0.026,-1,Echolocation,/mnt/ubna_data_01_mir/recover-20220825/UBNA_002/20220823_033000.WAV,Telephone Field,recover-20220825,002,1795
1680.8165,1680.8243,23750,35859,Plecotus austriacus,0.016,0.036,-1,Echolocation,/mnt/ubna_data_01_mir/recover-20220825/UBNA_002/20220823_033000.WAV,Telephone Field,recover-20220825,002,1795
1680.8285,1680.8722,68437,83292,Rhinolophus ferrumequinum,0.041,0.041,-1,Echolocation,/mnt/ubna_data_01_mir/recover-20220825/UBNA_002/20220823_033000.WAV,Telephone Field,recover-20220825,002,1795
1680.8705,1680.9094,68437,81550,Rhinolophus ferrumequinum,0.021,0.021,-1,Echolocation,/mnt/ubna_data_01_mir/recover-20220825/UBNA_002/20220823_033000.WAV,Telephone Field,recover-20220825,002,1795
1680.9125,1680.9538,68437,82442,Rhinolophus ferrumequinum,0.022,0.022,-1,Echolocation,/mnt/ubna_data_01_mir/recover-20220825/UBNA_002/20220823_033000.WAV,Telephone Field,recover-20220825,002,1795
1680.9295,1680.9673,68437,82106,Rhinolophus ferrumequinum,0.021,0.021,-1,Echolocation,/mnt/ubna_data_01_mir/recover-20220825/UBNA_002/20220823_033000.WAV,Telephone Field,recover-20220825,002,1795
1680.9345,1680.974,68437,82385,Rhinolophus ferrumequinum,0.021,0.021,-1,Echolocation,/mnt/ubna_data_01_mir/recover-20220825/UBNA_002/20220823_033000.WAV,Telephone Field,recover-20220825,002,1795
1680.9585,1680.9988,68437,82485,Rhinolophus ferrumequinum,0.021,0.021,-1,Echolocation,/mnt/ubna_data_01_mir/recover-20220825/UBNA_002/20220823_033000.WAV,Telephone Field,recover-20220825,002,1795
1680.9835,1681.0189,68437,81654,Rhinolophus ferrumequinum,0.021,0.021,-1,Echolocation,/mnt/ubna_data_01_mir/recover-20220825/UBNA_002/20220823_033000.WAV,Telephone Field,recover-20220825,002,1795
1681.0065,1681.045,68437,81994,Rhinolophus ferrumequinum,0.023,0.023,-1,Echolocation,/mnt/ubna_data_01_mir/recover-20220825/UBNA_002/20220823_033000.WAV,Telephone Field,recover-20220825,002,1795
1681.0265,1681.0352,27187,38273,Eptesicus serotinus,0.007,0.023,-1,Echolocation,/mnt/ubna_data_01_mir/recover-20220825/UBNA_002/20220823_033000.WAV,Telephone Field,recover-20220825,002,1795
1681.0265,1681.0667,68437,82491,Rhinolophus ferrumequinum,0.024,0.024,-1,Echolocation,/mnt/ubna_data_01_mir/recover-20220825/UBNA_002/20220823_033000.WAV,Telephone Field,recover-20220825,002,1795
1681.0635,1681.0725,42656,46254,Pipistrellus pipistrellus,0.017,0.021,-1,Echolocation,/mnt/ubna_data_01_mir/recover-20220825/UBNA_002/20220823_033000.WAV,Telephone Field,recover-20220825,002,1795
1681.0645,1681.0711,28046,39326,Eptesicus serotinus,0.005,0.021,-1,Echolocation,/mnt/ubna_data_01_mir/recover-20220825/UBNA_002/20220823_033000.WAV,Telephone Field,recover-20220825,002,1795
1681.0835,1681.0927,22890,30153,Plecotus austriacus,0.008,0.025,-1,Echolocation,/mnt/ubna_data_01_mir/recover-20220825/UBNA_002/20220823_033000.WAV,Telephone Field,recover-20220825,002,1795
1681.1015,1681.1417,68437,82916,Rhinolophus ferrumequinum,0.022,0.022,-1,Echolocation,/mnt/ubna_data_01_mir/recover-20220825/UBNA_002/20220823_033000.WAV,Telephone Field,recover-20220825,002,1795
1681.1025,1681.1102,23750,32739,Plecotus austriacus,0.012,0.025,-1,Echolocation,/mnt/ubna_data_01_mir/recover-20220825/UBNA_002/20220823_033000.WAV,Telephone Field,recover-20220825,002,1795
1681.1145,1681.152,68437,82444,Rhinolophus ferrumequinum,0.024,0.024,-1,Echolocation,/mnt/ubna_data_01_mir/recover-20220825/UBNA_002/20220823_033000.WAV,Telephone Field,recover-20220825,002,1795
1681.1345,1681.1435,28046,39740,Eptesicus serotinus,0.007,0.021,-1,Echolocation,/mnt/ubna_data_01_mir/recover-20220825/UBNA_002/20220823_033000.WAV,Telephone Field,recover-20220825,002,1795
1681.1375,1681.1443,42656,57410,Myotis mystacinus,0.008,0.021,-1,Echolocation,/mnt/ubna_data_01_mir/recover-20220825/UBNA_002/20220823_033000.WAV,Telephone Field,recover-20220825,002,1795
1681.1855,1681.2274,68437,82673,Rhinolophus ferrumequinum,0.038,0.038,-1,Echolocation,/mnt/ubna_data_01_mir/recover-20220825/UBNA_002/20220823_033000.WAV,Telephone Field,recover-20220825,002,1795
1681.1965,1681.2066,22031,27744,Nyctalus leisleri,0.009,0.023,-1,Echolocation,/mnt/ubna_data_01_mir/recover-20220825/UBNA_002/20220823_033000.WAV,Telephone Field,recover-20220825,002,1795
1681.2045,1681.2412,68437,82154,Rhinolophus ferrumequinum,0.021,0.021,-1,Echolocation,/mnt/ubna_data_01_mir/recover-20220825/UBNA_002/20220823_033000.WAV,Telephone Field,recover-20220825,002,1795
1681.2215,1681.2599,68437,82580,Rhinolophus ferrumequinum,0.023,0.023,-1,Echolocation,/mnt/ubna_data_01_mir/recover-20220825/UBNA_002/20220823_033000.WAV,Telephone Field,recover-20220825,002,1795
1681.2335,1681.2452,54687,59212,Pipistrellus pygmaeus,0.026,0.029,-1,Echolocation,/mnt/ubna_data_01_mir/recover-20220825/UBNA_002/20220823_033000.WAV,Telephone Field,recover-20220825,002,1795
1681.2355,1681.2425,29765,48034,Myotis daubentonii,0.009,0.02,-1,Echolocation,/mnt/ubna_data_01_mir/recover-20220825/UBNA_002/20220823_033000.WAV,Telephone Field,recover-20220825,002,1795
1681.2555,1681.2947,68437,81912,Rhinolophus ferrumequinum,0.031,0.031,-1,Echolocation,/mnt/ubna_data_01_mir/recover-20220825/UBNA_002/20220823_033000.WAV,Telephone Field,recover-20220825,002,1795
1681.2625,1681.3049,68437,83629,Rhinolophus ferrumequinum,0.03,0.03,-1,Echolocation,/mnt/ubna_data_01_mir/recover-20220825/UBNA_002/20220823_033000.WAV,Telephone Field,recover-20220825,002,1795
1681.3175,1681.325,27187,38476,Eptesicus serotinus,0.007,0.024,-1,Echolocation,/mnt/ubna_data_01_mir/recover-20220825/UBNA_002/20220823_033000.WAV,Telephone Field,recover-20220825,002,1795
1681.3245,1681.3653,68437,82378,Rhinolophus ferrumequinum,0.023,0.023,-1,Echolocation,/mnt/ubna_data_01_mir/recover-20220825/UBNA_002/20220823_033000.WAV,Telephone Field,recover-20220825,002,1795
1681.3435,1681.3527,23750,31059,Plecotus austriacus,0.007,0.023,-1,Echolocation,/mnt/ubna_data_01_mir/recover-20220825/UBNA_002/20220823_033000.WAV,Telephone Field,recover-20220825,002,1795
1681.3625,1681.4017,68437,82015,Rhinolophus ferrumequinum,0.021,0.021,-1,Echolocation,/mnt/ubna_data_01_mir/recover-20220825/UBNA_002/20220823_033000.WAV,Telephone Field,recover-20220825,002,1795
1681.3855,1681.4236,68437,82614,Rhinolophus ferrumequinum,0.022,0.022,-1,Echolocation,/mnt/ubna_data_01_mir/recover-20220825/UBNA_002/20220823_033000.WAV,Telephone Field,recover-20220825,002,1795
1681.4465,1681.4528,50390,54806,Pipistrellus pipistrellus,0.021,0.023,-1,Echolocation,/mnt/ubna_data_01_mir/recover-20220825/UBNA_002/20220823_033000.WAV,Telephone Field,recover-20220825,002,1795
1681.4575,1681.4701,21171,24902,Nyctalus leisleri,0.014,0.024,-1,Echolocation,/mnt/ubna_data_01_mir/recover-20220825/UBNA_002/20220823_033000.WAV,Telephone Field,recover-20220825,002,1795
1681.4665,1681.5039,68437,81726,Rhinolophus ferrumequinum,0.021,0.021,-1,Echolocation,/mnt/ubna_data_01_mir/recover-20220825/UBNA_002/20220823_033000.WAV,Telephone Field,recover-20220825,002,1795
1681.5095,1681.5474,68437,82120,Rhinolophus ferrumequinum,0.023,0.023,-1,Echolocation,/mnt/ubna_data_01_mir/recover-20220825/UBNA_002/20220823_033000.WAV,Telephone Field,recover-20220825,002,1795
1681.5125,1681.5229,28046,35618,Eptesicus serotinus,0.011,0.027,-1,Echolocation,/mnt/ubna_data_01_mir/recover-20220825/UBNA_002/20220823_033000.WAV,Telephone Field,recover-20220825,002,1795
1681.5505,1681.5855,68437,80865,Rhinolophus ferrumequinum,0.021,0.021,-1,Echolocation,/mnt/ubna_data_01_mir/recover-20220825/UBNA_002/20220823_033000.WAV,Telephone Field,recover-20220825,002,1795
1681.5705,1681.5809,24609,31698,Nyctalus leisleri,0.009,0.026,-1,Echolocation,/mnt/ubna_data_01_mir/recover-20220825/UBNA_002/20220823_033000.WAV,Telephone Field,recover-20220825,002,1795
1681.5835,1681.6253,68437,82802,Rhinolophus ferrumequinum,0.025,0.025,-1,Echolocation,/mnt/ubna_data_01_mir/recover-20220825/UBNA_002/20220823_033000.WAV,Telephone Field,recover-20220825,002,1795
1681.6175,1681.6588,68437,82792,Rhinolophus ferrumequinum,0.024,0.024,-1,Echolocation,/mnt/ubna_data_01_mir/recover-20220825/UBNA_002/20220823_033000.WAV,Telephone Field,recover-20220825,002,1795
1681.6275,1681.6396,27187,31381,Nyctalus leisleri,0.064,0.124,-1,Echolocation,/mnt/ubna_data_01_mir/recover-20220825/UBNA_002/20220823_033000.WAV,Telephone Field,recover-20220825,002,1795
1681.6305,1681.6704,68437,82785,Rhinolophus ferrumequinum,0.022,0.022,-1,Echolocation,/mnt/ubna_data_01_mir/recover-20220825/UBNA_002/20220823_033000.WAV,Telephone Field,recover-20220825,002,1795
1681.6435,1681.6526,29765,39825,Eptesicus serotinus,0.007,0.024,-1,Echolocation,/mnt/ubna_data_01_mir/recover-20220825/UBNA_002/20220823_033000.WAV,Telephone Field,recover-20220825,002,1795
1681.6595,1681.698,68437,81324,Rhinolophus ferrumequinum,0.022,0.022,-1,Echolocation,/mnt/ubna_data_01_mir/recover-20220825/UBNA_002/20220823_033000.WAV,Telephone Field,recover-20220825,002,1795
1681.6865,1681.7219,68437,81414,Rhinolophus ferrumequinum,0.021,0.021,-1,Echolocation,/mnt/ubna_data_01_mir/recover-20220825/UBNA_002/20220823_033000.WAV,Telephone Field,recover-20220825,002,1795
1681.7145,1681.7224,27187,36110,Eptesicus serotinus,0.008,0.025,-1,Echolocation,/mnt/ubna_data_01_mir/recover-20220825/UBNA_002/20220823_033000.WAV,Telephone Field,recover-20220825,002,1795
1681.7155,1681.7516,68437,81613,Rhinolophus ferrumequinum,0.022,0.022,-1,Echolocation,/mnt/ubna_data_01_mir/recover-20220825/UBNA_002/20220823_033000.WAV,Telephone Field,recover-20220825,002,1795
1681.7645,1681.8025,68437,82258,Rhinolophus ferrumequinum,0.023,0.023,-1,Echolocation,/mnt/ubna_data_01_mir/recover-20220825/UBNA_002/20220823_033000.WAV,Telephone Field,recover-20220825,002,1795
1681.8045,1681.842,68437,82555,Rhinolophus ferrumequinum,0.021,0.021,-1,Echolocation,/mnt/ubna_data_01_mir/recover-20220825/UBNA_002/20220823_033000.WAV,Telephone Field,recover-20220825,002,1795
1681.8345,1681.844,47812,54681,Pipistrellus pipistrellus,0.03,0.033,-1,Echolocation,/mnt/ubna_data_01_mir/recover-20220825/UBNA_002/20220823_033000.WAV,Telephone Field,recover-20220825,002,1795
1681.8345,1681.8737,68437,81842,Rhinolophus ferrumequinum,0.023,0.023,-1,Echolocation,/mnt/ubna_data_01_mir/recover-20220825/UBNA_002/20220823_033000.WAV,Telephone Field,recover-20220825,002,1795
1681.8645,1681.8727,27187,37333,Eptesicus serotinus,0.007,0.021,-1,Echolocation,/mnt/ubna_data_01_mir/recover-20220825/UBNA_002/20220823_033000.WAV,Telephone Field,recover-20220825,002,1795
1681.8765,1681.9152,68437,82833,Rhinolophus ferrumequinum,0.021,0.021,-1,Echolocation,/mnt/ubna_data_01_mir/recover-20220825/UBNA_002/20220823_033000.WAV,Telephone Field,recover-20220825,002,1795
1681.8875,1681.9285,68437,82984,Rhinolophus ferrumequinum,0.022,0.022,-1,Echolocation,/mnt/ubna_data_01_mir/recover-20220825/UBNA_002/20220823_033000.WAV,Telephone Field,recover-20220825,002,1795
1681.8905,1681.8998,28046,37983,Eptesicus serotinus,0.01,0.023,-1,Echolocation,/mnt/ubna_data_01_mir/recover-20220825/UBNA_002/20220823_033000.WAV,Telephone Field,recover-20220825,002,1795
1681.8995,1681.9071,28046,37843,Eptesicus serotinus,0.006,0.021,-1,Echolocation,/mnt/ubna_data_01_mir/recover-20220825/UBNA_002/20220823_033000.WAV,Telephone Field,recover-20220825,002,1795
1681.9275,1681.966,68437,82494,Rhinolophus ferrumequinum,0.022,0.022,-1,Echolocation,/mnt/ubna_data_01_mir/recover-20220825/UBNA_002/20220823_033000.WAV,Telephone Field,recover-20220825,002,1795
1682.0015,1682.0176,18593,22703,Nyctalus noctula,0.028,0.061,-1,Echolocation,/mnt/ubna_data_01_mir/recover-20220825/UBNA_002/20220823_033000.WAV,Telephone Field,recover-20220825,002,1795
1682.0015,1682.0347,68437,79668,Rhinolophus ferrumequinum,0.044,0.045,-1,Echolocation,/mnt/ubna_data_01_mir/recover-20220825/UBNA_002/20220823_033000.WAV,Telephone Field,recover-20220825,002,1795
1682.0915,1682.0981,28046,42327,Eptesicus serotinus,0.009,0.03,-1,Echolocation,/mnt/ubna_data_01_mir/recover-20220825/UBNA_002/20220823_033000.WAV,Telephone Field,recover-20220825,002,1795
1682.1005,1682.1401,68437,82646,Rhinolophus ferrumequinum,0.024,0.024,-1,Echolocation,/mnt/ubna_data_01_mir/recover-20220825/UBNA_002/20220823_033000.WAV,Telephone Field,recover-20220825,002,1795
1682.1185,1682.1283,45234,48681,Pipistrellus pipistrellus,0.022,0.024,-1,Echolocation,/mnt/ubna_data_01_mir/recover-20220825/UBNA_002/20220823_033000.WAV,Telephone Field,recover-20220825,002,1795
1682.1295,1682.1376,28906,38807,Eptesicus serotinus,0.007,0.021,-1,Echolocation,/mnt/ubna_data_01_mir/recover-20220825/UBNA_002/20220823_033000.WAV,Telephone Field,recover-20220825,002,1795
1682.1405,1682.1779,68437,81668,Rhinolophus ferrumequinum,0.021,0.021,-1,Echolocation,/mnt/ubna_data_01_mir/recover-20220825/UBNA_002/20220823_033000.WAV,Telephone Field,recover-20220825,002,1795
1682.1485,1682.1879,68437,81647,Rhinolophus ferrumequinum,0.022,0.022,-1,Echolocation,/mnt/ubna_data_01_mir/recover-20220825/UBNA_002/20220823_033000.WAV,Telephone Field,recover-20220825,002,1795
1682.1705,1682.2098,68437,82509,Rhinolophus ferrumequinum,0.022,0.022,-1,Echolocation,/mnt/ubna_data_01_mir/recover-20220825/UBNA_002/20220823_033000.WAV,Telephone Field,recover-20220825,002,1795
1682.1745,1682.1834,26328,33885,Eptesicus serotinus,0.008,0.021,-1,Echolocation,/mnt/ubna_data_01_mir/recover-20220825/UBNA_002/20220823_033000.WAV,Telephone Field,recover-20220825,002,1795
1682.1775,1682.1844,47812,55533,Pipistrellus pipistrellus,0.025,0.027,-1,Echolocation,/mnt/ubna_data_01_mir/recover-20220825/UBNA_002/20220823_033000.WAV,Telephone Field,recover-20220825,002,1795
1682.1925,1682.2323,68437,82182,Rhinolophus ferrumequinum,0.024,0.024,-1,Echolocation,/mnt/ubna_data_01_mir/recover-20220825/UBNA_002/20220823_033000.WAV,Telephone Field,recover-20220825,002,1795
1682.2465,1682.2874,68437,82543,Rhinolophus ferrumequinum,0.022,0.022,-1,Echolocation,/mnt/ubna_data_01_mir/recover-20220825/UBNA_002/20220823_033000.WAV,Telephone Field,recover-20220825,002,1795
1682.2635,1682.3025,68437,82625,Rhinolophus ferrumequinum,0.03,0.03,-1,Echolocation,/mnt/ubna_data_01_mir/recover-20220825/UBNA_002/20220823_033000.WAV,Telephone Field,recover-20220825,002,1795
1682.2885,1682.2958,46953,51103,Pipistrellus pipistrellus,0.03,0.031,-1,Echolocation,/mnt/ubna_data_01_mir/recover-20220825/UBNA_002/20220823_033000.WAV,Telephone Field,recover-20220825,002,1795
1682.2895,1682.3261,68437,81245,Rhinolophus ferrumequinum,0.023,0.023,-1,Echolocation,/mnt/ubna_data_01_mir/recover-20220825/UBNA_002/20220823_033000.WAV,Telephone Field,recover-20220825,002,1795
1682.3135,1682.3241,25468,32462,Nyctalus leisleri,0.013,0.033,-1,Echolocation,/mnt/ubna_data_01_mir/recover-20220825/UBNA_002/20220823_033000.WAV,Telephone Field,recover-20220825,002,1795
1682.3175,1682.3259,50390,58421,Pipistrellus pipistrellus,0.039,0.045,-1,Echolocation,/mnt/ubna_data_01_mir/recover-20220825/UBNA_002/20220823_033000.WAV,Telephone Field,recover-20220825,002,1795
1682.3385,1682.3515,22890,27872,Nyctalus leisleri,0.014,0.026,-1,Echolocation,/mnt/ubna_data_01_mir/recover-20220825/UBNA_002/20220823_033000.WAV,Telephone Field,recover-20220825,002,1795
1682.3485,1682.3836,68437,82479,Rhinolophus ferrumequinum,0.023,0.023,-1,Echolocation,/mnt/ubna_data_01_mir/recover-20220825/UBNA_002/20220823_033000.WAV,Telephone Field,recover-20220825,002,1795
1682.3855,1682.4255,68437,82376,Rhinolophus ferrumequinum,0.026,0.026,-1,Echolocation,/mnt/ubna_data_01_mir/recover-20220825/UBNA_002/20220823_033000.WAV,Telephone Field,recover-20220825,002,1795
1682.4225,1682.4358,32343,37580,Eptesicus serotinus,0.01,0.027,-1,Echolocation,/mnt/ubna_data_01_mir/recover-20220825/UBNA_002/20220823_033000.WAV,Telephone Field,recover-20220825,002,1795
1682.4495,1682.4588,27187,35042,Eptesicus serotinus,0.014,0.028,-1,Echolocation,/mnt/ubna_data_01_mir/recover-20220825/UBNA_002/20220823_033000.WAV,Telephone Field,recover-20220825,002,1795
1682.4555,1682.4943,68437,81825,Rhinolophus ferrumequinum,0.023,0.023,-1,Echolocation,/mnt/ubna_data_01_mir/recover-20220825/UBNA_002/20220823_033000.WAV,Telephone Field,recover-20220825,002,1795
1682.4675,1682.4787,23750,29244,Nyctalus leisleri,0.01,0.023,-1,Echolocation,/mnt/ubna_data_01_mir/recover-20220825/UBNA_002/20220823_033000.WAV,Telephone Field,recover-20220825,002,1795
1682.4945,1682.5286,68437,81097,Rhinolophus ferrumequinum,0.021,0.021,-1,Echolocation,/mnt/ubna_data_01_mir/recover-20220825/UBNA_002/20220823_033000.WAV,Telephone Field,recover-20220825,002,1795
1682.5385,1682.547,28046,38013,Eptesicus serotinus,0.008,0.023,-1,Echolocation,/mnt/ubna_data_01_mir/recover-20220825/UBNA_002/20220823_033000.WAV,Telephone Field,recover-20220825,002,1795
1682.5405,1682.5517,22031,27145,Nyctalus leisleri,0.01,0.022,-1,Echolocation,/mnt/ubna_data_01_mir/recover-20220825/UBNA_002/20220823_033000.WAV,Telephone Field,recover-20220825,002,1795
1682.5415,1682.5803,68437,81822,Rhinolophus ferrumequinum,0.022,0.022,-1,Echolocation,/mnt/ubna_data_01_mir/recover-20220825/UBNA_002/20220823_033000.WAV,Telephone Field,recover-20220825,002,1795
1682.5525,1682.5914,68437,82603,Rhinolophus ferrumequinum,0.022,0.022,-1,Echolocation,/mnt/ubna_data_01_mir/recover-20220825/UBNA_002/20220823_033000.WAV,Telephone Field,recover-20220825,002,1795
1682.5775,1682.6199,68437,82776,Rhinolophus ferrumequinum,0.03,0.03,-1,Echolocation,/mnt/ubna_data_01_mir/recover-20220825/UBNA_002/20220823_033000.WAV,Telephone Field,recover-20220825,002,1795
1682.6065,1682.6452,68437,81945,Rhinolophus ferrumequinum,0.022,0.022,-1,Echolocation,/mnt/ubna_data_01_mir/recover-20220825/UBNA_002/20220823_033000.WAV,Telephone Field,recover-20220825,002,1795
1682.6215,1682.6293,28906,40546,Eptesicus serotinus,0.008,0.023,-1,Echolocation,/mnt/ubna_data_01_mir/recover-20220825/UBNA_002/20220823_033000.WAV,Telephone Field,recover-20220825,002,1795
1682.6615,1682.6697,28046,38929,Eptesicus serotinus,0.008,0.021,-1,Echolocation,/mnt/ubna_data_01_mir/recover-20220825/UBNA_002/20220823_033000.WAV,Telephone Field,recover-20220825,002,1795
1682.6755,1682.685,22890,28895,Nyctalus leisleri,0.009,0.022,-1,Echolocation,/mnt/ubna_data_01_mir/recover-20220825/UBNA_002/20220823_033000.WAV,Telephone Field,recover-20220825,002,1795
1682.6875,1682.7249,68437,81609,Rhinolophus ferrumequinum,0.02,0.021,-1,Echolocation,/mnt/ubna_data_01_mir/recover-20220825/UBNA_002/20220823_033000.WAV,Telephone Field,recover-20220825,002,1795
1682.7125,1682.7467,68437,81760,Rhinolophus ferrumequinum,0.021,0.021,-1,Echolocation,/mnt/ubna_data_01_mir/recover-20220825/UBNA_002/20220823_033000.WAV,Telephone Field,recover-20220825,002,1795
1682.7335,1682.742,29765,38499,Eptesicus serotinus,0.012,0.028,-1,Echolocation,/mnt/ubna_data_01_mir/recover-20220825/UBNA_002/20220823_033000.WAV,Telephone Field,recover-20220825,002,1795
1682.7355,1682.7426,23750,32133,Plecotus austriacus,0.009,0.023,-1,Echolocation,/mnt/ubna_data_01_mir/recover-20220825/UBNA_002/20220823_033000.WAV,Telephone Field,recover-20220825,002,1795
1682.7415,1682.7795,68437,81649,Rhinolophus ferrumequinum,0.022,0.022,-1,Echolocation,/mnt/ubna_data_01_mir/recover-20220825/UBNA_002/20220823_033000.WAV,Telephone Field,recover-20220825,002,1795
1682.7725,1682.8088,68437,82353,Rhinolophus ferrumequinum,0.023,0.023,-1,Echolocation,/mnt/ubna_data_01_mir/recover-20220825/UBNA_002/20220823_033000.WAV,Telephone Field,recover-20220825,002,1795
1682.7975,1682.838,68437,82677,Rhinolophus ferrumequinum,0.023,0.023,-1,Echolocation,/mnt/ubna_data_01_mir/recover-20220825/UBNA_002/20220823_033000.WAV,Telephone Field,recover-20220825,002,1795
1682.8865,1682.931,68437,83234,Rhinolophus ferrumequinum,0.047,0.047,-1,Echolocation,/mnt/ubna_data_01_mir/recover-20220825/UBNA_002/20220823_033000.WAV,Telephone Field,recover-20220825,002,1795
1682.9115,1682.9499,68437,81617,Rhinolophus ferrumequinum,0.021,0.021,-1,Echolocation,/mnt/ubna_data_01_mir/recover-20220825/UBNA_002/20220823_033000.WAV,Telephone Field,recover-20220825,002,1795
1682.9185,1682.9269,28046,39686,Eptesicus serotinus,0.011,0.029,-1,Echolocation,/mnt/ubna_data_01_mir/recover-20220825/UBNA_002/20220823_033000.WAV,Telephone Field,recover-20220825,002,1795
1682.9375,1682.9468,24609,31749,Eptesicus serotinus,0.008,0.022,-1,Echolocation,/mnt/ubna_data_01_mir/recover-20220825/UBNA_002/20220823_033000.WAV,Telephone Field,recover-20220825,002,1795
1682.9835,1683.0223,68437,82068,Rhinolophus ferrumequinum,0.021,0.021,-1,Echolocation,/mnt/ubna_data_01_mir/recover-20220825/UBNA_002/20220823_033000.WAV,Telephone Field,recover-20220825,002,1795
1682.9905,1683.0004,22031,27692,Nyctalus leisleri,0.008,0.021,-1,Echolocation,/mnt/ubna_data_01_mir/recover-20220825/UBNA_002/20220823_033000.WAV,Telephone Field,recover-20220825,002,1795
1683.0055,1683.013,23750,32754,Plecotus austriacus,0.018,0.039,-1,Echolocation,/mnt/ubna_data_01_mir/recover-20220825/UBNA_002/20220823_033000.WAV,Telephone Field,recover-20220825,002,1795
1683.0585,1683.0666,28046,38863,Eptesicus serotinus,0.007,0.021,-1,Echolocation,/mnt/ubna_data_01_mir/recover-20220825/UBNA_002/20220823_033000.WAV,Telephone Field,recover-20220825,002,1795
1683.0765,1683.1193,68437,82982,Rhinolophus ferrumequinum,0.026,0.026,-1,Echolocation,/mnt/ubna_data_01_mir/recover-20220825/UBNA_002/20220823_033000.WAV,Telephone Field,recover-20220825,002,1795
1683.0865,1683.0977,22890,27304,Nyctalus leisleri,0.011,0.021,-1,Echolocation,/mnt/ubna_data_01_mir/recover-20220825/UBNA_002/20220823_033000.WAV,Telephone Field,recover-20220825,002,1795
1683.0885,1683.126,68437,81673,Rhinolophus ferrumequinum,0.02,0.02,-1,Echolocation,/mnt/ubna_data_01_mir/recover-20220825/UBNA_002/20220823_033000.WAV,Telephone Field,recover-20220825,002,1795
1683.1215,1683.1608,68437,81986,Rhinolophus ferrumequinum,0.022,0.022,-1,Echolocation,/mnt/ubna_data_01_mir/recover-20220825/UBNA_002/20220823_033000.WAV,Telephone Field,recover-20220825,002,1795
1683.1515,1683.1899,68437,81840,Rhinolophus ferrumequinum,0.021,0.021,-1,Echolocation,/mnt/ubna_data_01_mir/recover-20220825/UBNA_002/20220823_033000.WAV,Telephone Field,recover-20220825,002,1795
1683.1915,1683.2294,68437,82037,Rhinolophus ferrumequinum,0.021,0.021,-1,Echolocation,/mnt/ubna_data_01_mir/recover-20220825/UBNA_002/20220823_033000.WAV,Telephone Field,recover-20220825,002,1795
1683.2095,1683.251,68437,83239,Rhinolophus ferrumequinum,0.032,0.032,-1,Echolocation,/mnt/ubna_data_01_mir/recover-20220825/UBNA_002/20220823_033000.WAV,Telephone Field,recover-20220825,002,1795
1683.2375,1683.2738,68437,81249,Rhinolophus ferrumequinum,0.021,0.021,-1,Echolocation,/mnt/ubna_data_01_mir/recover-20220825/UBNA_002/20220823_033000.WAV,Telephone Field,recover-20220825,002,1795
1683.2435,1683.2529,22890,29524,Plecotus austriacus,0.008,0.023,-1,Echolocation,/mnt/ubna_data_01_mir/recover-20220825/UBNA_002/20220823_033000.WAV,Telephone Field,recover-20220825,002,1795
1683.2725,1683.3086,68437,82281,Rhinolophus ferrumequinum,0.021,0.021,-1,Echolocation,/mnt/ubna_data_01_mir/recover-20220825/UBNA_002/20220823_033000.WAV,Telephone Field,recover-20220825,002,1795
1683.3105,1683.3466,68437,81697,Rhinolophus ferrumequinum,0.021,0.021,-1,Echolocation,/mnt/ubna_data_01_mir/recover-20220825/UBNA_002/20220823_033000.WAV,Telephone Field,recover-20220825,002,1795
1683.3405,1683.3493,28046,40171,Eptesicus serotinus,0.008,0.022,-1,Echolocation,/mnt/ubna_data_01_mir/recover-20220825/UBNA_002/20220823_033000.WAV,Telephone Field,recover-20220825,002,1795
1683.3565,1683.3972,68437,82478,Rhinolophus ferrumequinum,0.026,0.026,-1,Echolocation,/mnt/ubna_data_01_mir/recover-20220825/UBNA_002/20220823_033000.WAV,Telephone Field,recover-20220825,002,1795
1683.3855,1683.3952,57265,62642,Pipistrellus pygmaeus,0.049,0.052,-1,Echolocation,/mnt/ubna_data_01_mir/recover-20220825/UBNA_002/20220823_033000.WAV,Telephone Field,recover-20220825,002,1795
1683.4415,1683.4816,68437,82552,Rhinolophus ferrumequinum,0.035,0.035,-1,Echolocation,/mnt/ubna_data_01_mir/recover-20220825/UBNA_002/20220823_033000.WAV,Telephone Field,recover-20220825,002,1795
1683.4955,1683.5038,23750,31497,Plecotus austriacus,0.008,0.023,-1,Echolocation,/mnt/ubna_data_01_mir/recover-20220825/UBNA_002/20220823_033000.WAV,Telephone Field,recover-20220825,002,1795
1683.4985,1683.5338,68437,81029,Rhinolophus ferrumequinum,0.021,0.021,-1,Echolocation,/mnt/ubna_data_01_mir/recover-20220825/UBNA_002/20220823_033000.WAV,Telephone Field,recover-20220825,002,1795
1683.5135,1683.5343,20312,23287,Nyctalus leisleri,0.015,0.028,-1,Echolocation,/mnt/ubna_data_01_mir/recover-20220825/UBNA_002/20220823_033000.WAV,Telephone Field,recover-20220825,002,1795
1683.5215,1683.5284,24609,34047,Plecotus austriacus,0.008,0.022,-1,Echolocation,/mnt/ubna_data_01_mir/recover-20220825/UBNA_002/20220823_033000.WAV,Telephone Field,recover-20220825,002,1795
1683.5305,1683.5712,68437,82420,Rhinolophus ferrumequinum,0.024,0.024,-1,Echolocation,/mnt/ubna_data_01_mir/recover-20220825/UBNA_002/20220823_033000.WAV,Telephone Field,recover-20220825,002,1795
1683.6035,1683.6404,68437,82351,Rhinolophus ferrumequinum,0.032,0.032,-1,Echolocation,/mnt/ubna_data_01_mir/recover-20220825/UBNA_002/20220823_033000.WAV,Telephone Field,recover-20220825,002,1795
1683.6165,1683.6265,39218,44620,Pipistrellus nathusii,0.018,0.03,-1,Echolocation,/mnt/ubna_data_01_mir/recover-20220825/UBNA_002/20220823_033000.WAV,Telephone Field,recover-20220825,002,1795
1683.6395,1683.6779,68437,81730,Rhinolophus ferrumequinum,0.021,0.021,-1,Echolocation,/mnt/ubna_data_01_mir/recover-20220825/UBNA_002/20220823_033000.WAV,Telephone Field,recover-20220825,002,1795
1683.6435,1683.6518,47812,52890,Pipistrellus pipistrellus,0.036,0.038,-1,Echolocation,/mnt/ubna_data_01_mir/recover-20220825/UBNA_002/20220823_033000.WAV,Telephone Field,recover-20220825,002,1795
1683.6445,1683.6548,28906,36389,Eptesicus serotinus,0.009,0.021,-1,Echolocation,/mnt/ubna_data_01_mir/recover-20220825/UBNA_002/20220823_033000.WAV,Telephone Field,recover-20220825,002,1795
1683.6695,1683.6774,27187,40185,Eptesicus serotinus,0.007,0.022,-1,Echolocation,/mnt/ubna_data_01_mir/recover-20220825/UBNA_002/20220823_033000.WAV,Telephone Field,recover-20220825,002,1795
1683.6935,1683.7356,68437,83493,Rhinolophus ferrumequinum,0.04,0.04,-1,Echolocation,/mnt/ubna_data_01_mir/recover-20220825/UBNA_002/20220823_033000.WAV,Telephone Field,recover-20220825,002,1795
1683.7255,1683.7341,25468,32551,Eptesicus serotinus,0.007,0.02,-1,Echolocation,/mnt/ubna_data_01_mir/recover-20220825/UBNA_002/20220823_033000.WAV,Telephone Field,recover-20220825,002,1795
1683.7395,1683.7775,68437,81678,Rhinolophus ferrumequinum,0.027,0.027,-1,Echolocation,/mnt/ubna_data_01_mir/recover-20220825/UBNA_002/20220823_033000.WAV,Telephone Field,recover-20220825,002,1795
1683.7715,1683.781,24609,32361,Eptesicus serotinus,0.007,0.021,-1,Echolocation,/mnt/ubna_data_01_mir/recover-20220825/UBNA_002/20220823_033000.WAV,Telephone Field,recover-20220825,002,1795
1683.7815,1683.7942,25468,31162,Eptesicus serotinus,0.012,0.026,-1,Echolocation,/mnt/ubna_data_01_mir/recover-20220825/UBNA_002/20220823_033000.WAV,Telephone Field,recover-20220825,002,1795
1683.7945,1683.8381,68437,83255,Rhinolophus ferrumequinum,0.039,0.039,-1,Echolocation,/mnt/ubna_data_01_mir/recover-20220825/UBNA_002/20220823_033000.WAV,Telephone Field,recover-20220825,002,1795
1683.7965,1683.8053,28046,39976,Eptesicus serotinus,0.009,0.021,-1,Echolocation,/mnt/ubna_data_01_mir/recover-20220825/UBNA_002/20220823_033000.WAV,Telephone Field,recover-20220825,002,1795
1683.8125,1683.8538,68437,82190,Rhinolophus ferrumequinum,0.023,0.024,-1,Echolocation,/mnt/ubna_data_01_mir/recover-20220825/UBNA_002/20220823_033000.WAV,Telephone Field,recover-20220825,002,1795
1683.8245,1683.8352,27187,33596,Eptesicus serotinus,0.011,0.024,-1,Echolocation,/mnt/ubna_data_01_mir/recover-20220825/UBNA_002/20220823_033000.WAV,Telephone Field,recover-20220825,002,1795
1683.8365,1683.8763,68437,82402,Rhinolophus ferrumequinum,0.022,0.022,-1,Echolocation,/mnt/ubna_data_01_mir/recover-20220825/UBNA_002/20220823_033000.WAV,Telephone Field,recover-20220825,002,1795
1683.8615,1683.9027,68437,82579,Rhinolophus ferrumequinum,0.021,0.021,-1,Echolocation,/mnt/ubna_data_01_mir/recover-20220825/UBNA_002/20220823_033000.WAV,Telephone Field,recover-20220825,002,1795
1683.8645,1683.8734,44375,52156,Pipistrellus pipistrellus,0.015,0.021,-1,Echolocation,/mnt/ubna_data_01_mir/recover-20220825/UBNA_002/20220823_033000.WAV,Telephone Field,recover-20220825,002,1795
1683.8765,1683.9127,68437,82202,Rhinolophus ferrumequinum,0.022,0.022,-1,Echolocation,/mnt/ubna_data_01_mir/recover-20220825/UBNA_002/20220823_033000.WAV,Telephone Field,recover-20220825,002,1795
1683.9075,1683.9476,68437,81892,Rhinolophus ferrumequinum,0.023,0.023,-1,Echolocation,/mnt/ubna_data_01_mir/recover-20220825/UBNA_002/20220823_033000.WAV,Telephone Field,recover-20220825,002,1795
1683.9415,1683.9794,68437,81386,Rhinolophus ferrumequinum,0.022,0.022,-1,Echolocation,/mnt/ubna_data_01_mir/recover-20220825/UBNA_002/20220823_033000.WAV,Telephone Field,recover-20220825,002,1795
1683.9845,1683.9934,28906,38095,Eptesicus serotinus,0.008,0.022,-1,Echolocation,/mnt/ubna_data_01_mir/recover-20220825/UBNA_002/20220823_033000.WAV,Telephone Field,recover-20220825,002,1795
1684.0015,1684.031,68437,79832,Rhinolophus ferrumequinum,0.047,0.048,-1,Echolocation,/mnt/ubna_data_01_mir/recover-20220825/UBNA_002/20220823_033000.WAV,Telephone Field,recover-20220825,002,1795
1684.0015,1684.01,22031,29202,Nyctalus leisleri,0.008,0.025,-1,Echolocation,/mnt/ubna_data_01_mir/recover-20220825/UBNA_002/20220823_033000.WAV,Telephone Field,recover-20220825,002,1795
1684.0015,1684.0095,27187,38629,Eptesicus serotinus,0.007,0.028,-1,Echolocation,/mnt/ubna_data_01_mir/recover-20220825/UBNA_002/20220823_033000.WAV,Telephone Field,recover-20220825,002,1795
1684.0145,1684.0567,68437,82522,Rhinolophus ferrumequinum,0.022,0.022,-1,Echolocation,/mnt/ubna_data_01_mir/recover-20220825/UBNA_002/20220823_033000.WAV,Telephone Field,recover-20220825,002,1795
1684.0445,1684.0827,68437,82132,Rhinolophus ferrumequinum,0.022,0.022,-1,Echolocation,/mnt/ubna_data_01_mir/recover-20220825/UBNA_002/20220823_033000.WAV,Telephone Field,recover-20220825,002,1795
1684.0605,1684.0674,28046,39440,Eptesicus serotinus,0.01,0.029,-1,Echolocation,/mnt/ubna_data_01_mir/recover-20220825/UBNA_002/20220823_033000.WAV,Telephone Field,recover-20220825,002,1795
1684.1005,1684.139,68437,82427,Rhinolophus ferrumequinum,0.022,0.022,-1,Echolocation,/mnt/ubna_data_01_mir/recover-20220825/UBNA_002/20220823_033000.WAV,Telephone Field,recover-20220825,002,1795
1684.1315,1684.1379,28046,40090,Eptesicus serotinus,0.009,0.03,-1,Echolocation,/mnt/ubna_data_01_mir/recover-20220825/UBNA_002/20220823_033000.WAV,Telephone Field,recover-20220825,002,1795
1684.1695,1684.1786,22890,29417,Nyctalus leisleri,0.007,0.022,-1,Echolocation,/mnt/ubna_data_01_mir/recover-20220825/UBNA_002/20220823_033000.WAV,Telephone Field,recover-20220825,002,1795
1684.1755,1684.2144,68437,81752,Rhinolophus ferrumequinum,0.022,0.022,-1,Echolocation,/mnt/ubna_data_01_mir/recover-20220825/UBNA_002/20220823_033000.WAV,Telephone Field,recover-20220825,002,1795
1684.1765,1684.1846,44375,55807,Pipistrellus pipistrellus,0.011,0.022,-1,Echolocation,/mnt/ubna_data_01_mir/recover-20220825/UBNA_002/20220823_033000.WAV,Telephone Field,recover-20220825,002,1795
1684.2165,1684.225,39218,45464,Pipistrellus nathusii,0.017,0.035,-1,Echolocation,/mnt/ubna_data_01_mir/recover-20220825/UBNA_002/20220823_033000.WAV,Telephone Field,recover-20220825,002,1795
1684.2635,1684.2748,23750,30105,Nyctalus leisleri,0.011,0.029,-1,Echolocation,/mnt/ubna_data_01_mir/recover-20220825/UBNA_002/20220823_033000.WAV,Telephone Field,recover-20220825,002,1795
1684.2725,1684.3113,68437,82144,Rhinolophus ferrumequinum,0.024,0.024,-1,Echolocation,/mnt/ubna_data_01_mir/recover-20220825/UBNA_002/20220823_033000.WAV,Telephone Field,recover-20220825,002,1795
1684.2925,1684.3385,68437,83885,Rhinolophus ferrumequinum,0.048,0.048,-1,Echolocation,/mnt/ubna_data_01_mir/recover-20220825/UBNA_002/20220823_033000.WAV,Telephone Field,recover-20220825,002,1795
1684.3145,1684.3247,23750,29902,Nyctalus leisleri,0.01,0.025,-1,Echolocation,/mnt/ubna_data_01_mir/recover-20220825/UBNA_002/20220823_033000.WAV,Telephone Field,recover-20220825,002,1795
1684.3265,1684.3413,23750,28506,Nyctalus leisleri,0.014,0.028,-1,Echolocation,/mnt/ubna_data_01_mir/recover-20220825/UBNA_002/20220823_033000.WAV,Telephone Field,recover-20220825,002,1795
1684.3305,1684.368,68437,81641,Rhinolophus ferrumequinum,0.022,0.022,-1,Echolocation,/mnt/ubna_data_01_mir/recover-20220825/UBNA_002/20220823_033000.WAV,Telephone Field,recover-20220825,002,1795
1684.3425,1684.3516,28906,36949,Eptesicus serotinus,0.011,0.025,-1,Echolocation,/mnt/ubna_data_01_mir/recover-20220825/UBNA_002/20220823_033000.WAV,Telephone Field,recover-20220825,002,1795
1684.4055,1684.4147,25468,33025,Eptesicus serotinus,0.009,0.024,-1,Echolocation,/mnt/ubna_data_01_mir/recover-20220825/UBNA_002/20220823_033000.WAV,Telephone Field,recover-20220825,002,1795
1684.4065,1684.4467,68437,82349,Rhinolophus ferrumequinum,0.028,0.028,-1,Echolocation,/mnt/ubna_data_01_mir/recover-20220825/UBNA_002/20220823_033000.WAV,Telephone Field,recover-20220825,002,1795
1684.4745,1684.5141,68437,81977,Rhinolophus ferrumequinum,0.024,0.024,-1,Echolocation,/mnt/ubna_data_01_mir/recover-20220825/UBNA_002/20220823_033000.WAV,Telephone Field,recover-20220825,002,1795
1684.5305,1684.5699,68437,82617,Rhinolophus ferrumequinum,0.024,0.024,-1,Echolocation,/mnt/ubna_data_01_mir/recover-20220825/UBNA_002/20220823_033000.WAV,Telephone Field,recover-20220825,002,1795
1684.5375,1684.5478,25468,32398,Eptesicus serotinus,0.018,0.04,-1,Echolocation,/mnt/ubna_data_01_mir/recover-20220825/UBNA_002/20220823_033000.WAV,Telephone Field,recover-20220825,002,1795
1684.5595,1684.5987,68437,81972,Rhinolophus ferrumequinum,0.021,0.021,-1,Echolocation,/mnt/ubna_data_01_mir/recover-20220825/UBNA_002/20220823_033000.WAV,Telephone Field,recover-20220825,002,1795
1684.5675,1684.6051,68437,82026,Rhinolophus ferrumequinum,0.021,0.021,-1,Echolocation,/mnt/ubna_data_01_mir/recover-20220825/UBNA_002/20220823_033000.WAV,Telephone Field,recover-20220825,002,1795
1684.5835,1684.6226,68437,81672,Rhinolophus ferrumequinum,0.021,0.021,-1,Echolocation,/mnt/ubna_data_01_mir/recover-20220825/UBNA_002/20220823_033000.WAV,Telephone Field,recover-20220825,002,1795
1684.6055,1684.6424,68437,82617,Rhinolophus ferrumequinum,0.027,0.027,-1,Echolocation,/mnt/ubna_data_01_mir/recover-20220825/UBNA_002/20220823_033000.WAV,Telephone Field,recover-20220825,002,1795
1684.6395,1684.6482,28046,37587,Eptesicus serotinus,0.009,0.022,-1,Echolocation,/mnt/ubna_data_01_mir/recover-20220825/UBNA_002/20220823_033000.WAV,Telephone Field,recover-20220825,002,1795
1684.6745,1684.6824,28046,38183,Eptesicus serotinus,0.008,0.023,-1,Echolocation,/mnt/ubna_data_01_mir/recover-20220825/UBNA_002/20220823_033000.WAV,Telephone Field,recover-20220825,002,1795
1684.6865,1684.6974,22890,28293,Nyctalus leisleri,0.01,0.024,-1,Echolocation,/mnt/ubna_data_01_mir/recover-20220825/UBNA_002/20220823_033000.WAV,Telephone Field,recover-20220825,002,1795
1684.7175,1684.7574,68437,82681,Rhinolophus ferrumequinum,0.028,0.028,-1,Echolocation,/mnt/ubna_data_01_mir/recover-20220825/UBNA_002/20220823_033000.WAV,Telephone Field,recover-20220825,002,1795
1684.7335,1684.7418,23750,32220,Plecotus austriacus,0.007,0.023,-1,Echolocation,/mnt/ubna_data_01_mir/recover-20220825/UBNA_002/20220823_033000.WAV,Telephone Field,recover-20220825,002,1795
1684.7955,1684.8046,23750,31462,Nyctalus leisleri,0.007,0.025,-1,Echolocation,/mnt/ubna_data_01_mir/recover-20220825/UBNA_002/20220823_033000.WAV,Telephone Field,recover-20220825,002,1795
1684.8105,1684.8472,68437,82156,Rhinolophus ferrumequinum,0.021,0.021,-1,Echolocation,/mnt/ubna_data_01_mir/recover-20220825/UBNA_002/20220823_033000.WAV,Telephone Field,recover-20220825,002,1795
1684.8415,1684.8492,28046,39369,Eptesicus serotinus,0.008,0.022,-1,Echolocation,/mnt/ubna_data_01_mir/recover-20220825/UBNA_002/20220823_033000.WAV,Telephone Field,recover-20220825,002,1795
1684.8455,1684.855,22890,29478,Nyctalus leisleri,0.006,0.021,-1,Echolocation,/mnt/ubna_data_01_mir/recover-20220825/UBNA_002/20220823_033000.WAV,Telephone Field,recover-20220825,002,1795
1684.8695,1684.9106,68437,82756,Rhinolophus ferrumequinum,0.024,0.024,-1,Echolocation,/mnt/ubna_data_01_mir/recover-20220825/UBNA_002/20220823_033000.WAV,Telephone Field,recover-20220825,002,1795
1684.8925,1684.8986,31484,43503,Myotis daubentonii,0.006,0.024,-1,Echolocation,/mnt/ubna_data_01_mir/recover-20220825/UBNA_002/20220823_033000.WAV,Telephone Field,recover-20220825,002,1795
1684.9465,1684.9536,28046,37518,Eptesicus serotinus,0.007,0.021,-1,Echolocation,/mnt/ubna_data_01_mir/recover-20220825/UBNA_002/20220823_033000.WAV,Telephone Field,recover-20220825,002,1795
1684.9785,1684.9888,28046,36796,Eptesicus serotinus,0.009,0.021,-1,Echolocation,/mnt/ubna_data_01_mir/recover-20220825/UBNA_002/20220823_033000.WAV,Telephone Field,recover-20220825,002,1795
1684.9785,1684.9882,54687,59833,Pipistrellus pygmaeus,0.026,0.028,-1,Echolocation,/mnt/ubna_data_01_mir/recover-20220825/UBNA_002/20220823_033000.WAV,Telephone Field,recover-20220825,002,1795
1684.9945,1685.0096,22890,27441,Nyctalus leisleri,0.01,0.021,-1,Echolocation,/mnt/ubna_data_01_mir/recover-20220825/UBNA_002/20220823_033000.WAV,Telephone Field,recover-20220825,002,1795
1685.0015,1685.0404,68437,81855,Rhinolophus ferrumequinum,0.023,0.023,-1,Echolocation,/mnt/ubna_data_01_mir/recover-20220825/UBNA_002/20220823_033000.WAV,Telephone Field,recover-20220825,002,1795
1685.0035,1685.012,36640,44956,Barbastellus barbastellus,0.007,0.022,-1,Echolocation,/mnt/ubna_data_01_mir/recover-20220825/UBNA_002/20220823_033000.WAV,Telephone Field,recover-20220825,002,1795
1685.0065,1685.0135,27187,38633,Eptesicus serotinus,0.008,0.027,-1,Echolocation,/mnt/ubna_data_01_mir/recover-20220825/UBNA_002/20220823_033000.WAV,Telephone Field,recover-20220825,002,1795
1685.0625,1685.1041,68437,82669,Rhinolophus ferrumequinum,0.022,0.022,-1,Echolocation,/mnt/ubna_data_01_mir/recover-20220825/UBNA_002/20220823_033000.WAV,Telephone Field,recover-20220825,002,1795
1685.0795,1685.086,28046,43587,Eptesicus serotinus,0.007,0.026,-1,Echolocation,/mnt/ubna_data_01_mir/recover-20220825/UBNA_002/20220823_033000.WAV,Telephone Field,recover-20220825,002,1795
1685.0805,1685.0858,33203,45109,Myotis daubentonii,0.01,0.023,-1,Echolocation,/mnt/ubna_data_01_mir/recover-20220825/UBNA_002/20220823_033000.WAV,Telephone Field,recover-20220825,002,1795
1685.0955,1685.1359,68437,82526,Rhinolophus ferrumequinum,0.022,0.022,-1,Echolocation,/mnt/ubna_data_01_mir/recover-20220825/UBNA_002/20220823_033000.WAV,Telephone Field,recover-20220825,002,1795
1685.1535,1685.1637,43515,46720,Pipistrellus pipistrellus,0.025,0.032,-1,Echolocation,/mnt/ubna_data_01_mir/recover-20220825/UBNA_002/20220823_033000.WAV,Telephone Field,recover-20220825,002,1795
1685.1815,1685.1901,27187,36753,Eptesicus serotinus,0.008,0.022,-1,Echolocation,/mnt/ubna_data_01_mir/recover-20220825/UBNA_002/20220823_033000.WAV,Telephone Field,recover-20220825,002,1795
1685.2145,1685.2505,68437,81746,Rhinolophus ferrumequinum,0.021,0.021,-1,Echolocation,/mnt/ubna_data_01_mir/recover-20220825/UBNA_002/20220823_033000.WAV,Telephone Field,recover-20220825,002,1795
1685.2425,1685.2494,27187,38163,Eptesicus serotinus,0.006,0.021,-1,Echolocation,/mnt/ubna_data_01_mir/recover-20220825/UBNA_002/20220823_033000.WAV,Telephone Field,recover-20220825,002,1795
1685.2545,1685.293,68437,81944,Rhinolophus ferrumequinum,0.022,0.022,-1,Echolocation,/mnt/ubna_data_01_mir/recover-20220825/UBNA_002/20220823_033000.WAV,Telephone Field,recover-20220825,002,1795
1685.2735,1685.3109,68437,81555,Rhinolophus ferrumequinum,0.021,0.021,-1,Echolocation,/mnt/ubna_data_01_mir/recover-20220825/UBNA_002/20220823_033000.WAV,Telephone Field,recover-20220825,002,1795
1685.2835,1685.2893,28046,40878,Eptesicus serotinus,0.006,0.024,-1,Echolocation,/mnt/ubna_data_01_mir/recover-20220825/UBNA_002/20220823_033000.WAV,Telephone Field,recover-20220825,002,1795
1685.3185,1685.3258,27187,40903,Eptesicus serotinus,0.006,0.022,-1,Echolocation,/mnt/ubna_data_01_mir/recover-20220825/UBNA_002/20220823_033000.WAV,Telephone Field,recover-20220825,002,1795
1685.3445,1685.3864,68437,82703,Rhinolophus ferrumequinum,0.022,0.022,-1,Echolocation,/mnt/ubna_data_01_mir/recover-20220825/UBNA_002/20220823_033000.WAV,Telephone Field,recover-20220825,002,1795
1685.3545,1685.3631,28046,38865,Eptesicus serotinus,0.009,0.023,-1,Echolocation,/mnt/ubna_data_01_mir/recover-20220825/UBNA_002/20220823_033000.WAV,Telephone Field,recover-20220825,002,1795
1685.3835,1685.4237,68437,82356,Rhinolophus ferrumequinum,0.023,0.023,-1,Echolocation,/mnt/ubna_data_01_mir/recover-20220825/UBNA_002/20220823_033000.WAV,Telephone Field,recover-20220825,002,1795
1685.3925,1685.4012,46953,50426,Pipistrellus pipistrellus,0.024,0.026,-1,Echolocation,/mnt/ubna_data_01_mir/recover-20220825/UBNA_002/20220823_033000.WAV,Telephone Field,recover-20220825,002,1795
1685.4015,1685.4085,28046,40654,Eptesicus serotinus,0.007,0.023,-1,Echolocation,/mnt/ubna_data_01_mir/recover-20220825/UBNA_002/20220823_033000.WAV,Telephone Field,recover-20220825,002,1795
1685.4445,1685.4793,68437,82079,Rhinolophus ferrumequinum,0.023,0.023,-1,Echolocation,/mnt/ubna_data_01_mir/recover-20220825/UBNA_002/20220823_033000.WAV,Telephone Field,recover-20220825,002,1795
1685.4545,1685.4622,28046,37696,Eptesicus serotinus,0.012,0.029,-1,Echolocation,/mnt/ubna_data_01_mir/recover-20220825/UBNA_002/20220823_033000.WAV,Telephone Field,recover-20220825,002,1795
1685.4775,1685.486,22890,30164,Plecotus austriacus,0.009,0.022,-1,Echolocation,/mnt/ubna_data_01_mir/recover-20220825/UBNA_002/20220823_033000.WAV,Telephone Field,recover-20220825,002,1795
1685.4905,1685.496,37500,47906,Myotis daubentonii,0.009,0.026,-1,Echolocation,/mnt/ubna_data_01_mir/recover-20220825/UBNA_002/20220823_033000.WAV,Telephone Field,recover-20220825,002,1795
1685.5435,1685.5542,28046,37669,Eptesicus serotinus,0.014,0.025,-1,Echolocation,/mnt/ubna_data_01_mir/recover-20220825/UBNA_002/20220823_033000.WAV,Telephone Field,recover-20220825,002,1795
1685.5525,1685.5616,28046,36826,Eptesicus serotinus,0.024,0.043,-1,Echolocation,/mnt/ubna_data_01_mir/recover-20220825/UBNA_002/20220823_033000.WAV,Telephone Field,recover-20220825,002,1795
1685.5875,1685.6269,68437,82230,Rhinolophus ferrumequinum,0.029,0.029,-1,Echolocation,/mnt/ubna_data_01_mir/recover-20220825/UBNA_002/20220823_033000.WAV,Telephone Field,recover-20220825,002,1795
1685.5965,1685.606,26328,33356,Eptesicus serotinus,0.01,0.026,-1,Echolocation,/mnt/ubna_data_01_mir/recover-20220825/UBNA_002/20220823_033000.WAV,Telephone Field,recover-20220825,002,1795
1685.6555,1685.6966,68437,82103,Rhinolophus ferrumequinum,0.022,0.022,-1,Echolocation,/mnt/ubna_data_01_mir/recover-20220825/UBNA_002/20220823_033000.WAV,Telephone Field,recover-20220825,002,1795
1685.6765,1685.6832,26328,35685,Plecotus auritus,0.012,0.035,-1,Echolocation,/mnt/ubna_data_01_mir/recover-20220825/UBNA_002/20220823_033000.WAV,Telephone Field,recover-20220825,002,1795
1685.7055,1685.7121,50390,56902,Pipistrellus pipistrellus,0.022,0.025,-1,Echolocation,/mnt/ubna_data_01_mir/recover-20220825/UBNA_002/20220823_033000.WAV,Telephone Field,recover-20220825,002,1795
1685.7065,1685.7489,68437,82410,Rhinolophus ferrumequinum,0.022,0.022,-1,Echolocation,/mnt/ubna_data_01_mir/recover-20220825/UBNA_002/20220823_033000.WAV,Telephone Field,recover-20220825,002,1795
1685.7165,1685.7251,28046,37599,Eptesicus serotinus,0.008,0.022,-1,Echolocation,/mnt/ubna_data_01_mir/recover-20220825/UBNA_002/20220823_033000.WAV,Telephone Field,recover-20220825,002,1795
1685.7355,1685.746,24609,31390,Nyctalus leisleri,0.009,0.027,-1,Echolocation,/mnt/ubna_data_01_mir/recover-20220825/UBNA_002/20220823_033000.WAV,Telephone Field,recover-20220825,002,1795
1685.7675,1685.8076,68437,82437,Rhinolophus ferrumequinum,0.023,0.023,-1,Echolocation,/mnt/ubna_data_01_mir/recover-20220825/UBNA_002/20220823_033000.WAV,Telephone Field,recover-20220825,002,1795
1685.7845,1685.7945,25468,31905,Eptesicus serotinus,0.01,0.027,-1,Echolocation,/mnt/ubna_data_01_mir/recover-20220825/UBNA_002/20220823_033000.WAV,Telephone Field,recover-20220825,002,1795
1685.7965,1685.8364,68437,81918,Rhinolophus ferrumequinum,0.024,0.024,-1,Echolocation,/mnt/ubna_data_01_mir/recover-20220825/UBNA_002/20220823_033000.WAV,Telephone Field,recover-20220825,002,1795
1685.9215,1685.9292,28046,39298,Eptesicus serotinus,0.008,0.025,-1,Echolocation,/mnt/ubna_data_01_mir/recover-20220825/UBNA_002/20220823_033000.WAV,Telephone Field,recover-20220825,002,1795
1685.9705,1685.9774,27187,40425,Eptesicus serotinus,0.007,0.025,-1,Echolocation,/mnt/ubna_data_01_mir/recover-20220825/UBNA_002/20220823_033000.WAV,Telephone Field,recover-20220825,002,1795
1685.9705,1685.9769,35781,46311,Myotis daubentonii,0.008,0.023,-1,Echolocation,/mnt/ubna_data_01_mir/recover-20220825/UBNA_002/20220823_033000.WAV,Telephone Field,recover-20220825,002,1795
1686.0015,1686.0313,68437,79794,Rhinolophus ferrumequinum,0.033,0.033,-1,Echolocation,/mnt/ubna_data_01_mir/recover-20220825/UBNA_002/20220823_033000.WAV,Telephone Field,recover-20220825,002,1795
1686.0015,1686.0119,27187,34226,Nyctalus leisleri,0.01,0.029,-1,Echolocation,/mnt/ubna_data_01_mir/recover-20220825/UBNA_002/20220823_033000.WAV,Telephone Field,recover-20220825,002,1795
1686.0375,1686.0787,68437,82569,Rhinolophus ferrumequinum,0.027,0.027,-1,Echolocation,/mnt/ubna_data_01_mir/recover-20220825/UBNA_002/20220823_033000.WAV,Telephone Field,recover-20220825,002,1795
1686.0535,1686.0661,55546,59950,Pipistrellus pygmaeus,0.023,0.025,-1,Echolocation,/mnt/ubna_data_01_mir/recover-20220825/UBNA_002/20220823_033000.WAV,Telephone Field,recover-20220825,002,1795
1686.0685,1686.1088,68437,82628,Rhinolophus ferrumequinum,0.022,0.022,-1,Echolocation,/mnt/ubna_data_01_mir/recover-20220825/UBNA_002/20220823_033000.WAV,Telephone Field,recover-20220825,002,1795
1686.0695,1686.08,22890,28675,Nyctalus leisleri,0.011,0.026,-1,Echolocation,/mnt/ubna_data_01_mir/recover-20220825/UBNA_002/20220823_033000.WAV,Telephone Field,recover-20220825,002,1795
1686.0775,1686.1164,68437,82683,Rhinolophus ferrumequinum,0.021,0.021,-1,Echolocation,/mnt/ubna_data_01_mir/recover-20220825/UBNA_002/20220823_033000.WAV,Telephone Field,recover-20220825,002,1795
1686.0985,1686.1349,68437,82635,Rhinolophus ferrumequinum,0.025,0.025,-1,Echolocation,/mnt/ubna_data_01_mir/recover-20220825/UBNA_002/20220823_033000.WAV,Telephone Field,recover-20220825,002,1795
1686.1325,1686.1433,22031,26214,Nyctalus leisleri,0.012,0.021,-1,Echolocation,/mnt/ubna_data_01_mir/recover-20220825/UBNA_002/20220823_033000.WAV,Telephone Field,recover-20220825,002,1795
1686.1365,1686.1773,68437,82659,Rhinolophus ferrumequinum,0.028,0.028,-1,Echolocation,/mnt/ubna_data_01_mir/recover-20220825/UBNA_002/20220823_033000.WAV,Telephone Field,recover-20220825,002,1795
1686.2475,1686.2602,23750,28650,Nyctalus leisleri,0.016,0.031,-1,Echolocation,/mnt/ubna_data_01_mir/recover-20220825/UBNA_002/20220823_033000.WAV,Telephone Field,recover-20220825,002,1795
1686.2605,1686.269,22890,30582,Plecotus austriacus,0.008,0.021,-1,Echolocation,/mnt/ubna_data_01_mir/recover-20220825/UBNA_002/20220823_033000.WAV,Telephone Field,recover-20220825,002,1795
1686.2845,1686.2941,28906,37345,Eptesicus serotinus,0.01,0.023,-1,Echolocation,/mnt/ubna_data_01_mir/recover-20220825/UBNA_002/20220823_033000.WAV,Telephone Field,recover-20220825,002,1795
1686.3025,1686.3421,68437,82521,Rhinolophus ferrumequinum,0.027,0.027,-1,Echolocation,/mnt/ubna_data_01_mir/recover-20220825/UBNA_002/20220823_033000.WAV,Telephone Field,recover-20220825,002,1795
1686.3035,1686.3111,27187,38272,Eptesicus serotinus,0.013,0.031,-1,Echolocation,/mnt/ubna_data_01_mir/recover-20220825/UBNA_002/20220823_033000.WAV,Telephone Field,recover-20220825,002,1795
1686.3145,1686.3563,68437,82634,Rhinolophus ferrumequinum,0.028,0.028,-1,Echolocation,/mnt/ubna_data_01_mir/recover-20220825/UBNA_002/20220823_033000.WAV,Telephone Field,recover-20220825,002,1795
1686.3225,1686.3603,68437,82416,Rhinolophus ferrumequinum,0.025,0.025,-1,Echolocation,/mnt/ubna_data_01_mir/recover-20220825/UBNA_002/20220823_033000.WAV,Telephone Field,recover-20220825,002,1795
1686.3565,1686.3944,68437,82585,Rhinolophus ferrumequinum,0.024,0.024,-1,Echolocation,/mnt/ubna_data_01_mir/recover-20220825/UBNA_002/20220823_033000.WAV,Telephone Field,recover-20220825,002,1795
1686.4155,1686.4226,25468,35405,Plecotus austriacus,0.007,0.027,-1,Echolocation,/mnt/ubna_data_01_mir/recover-20220825/UBNA_002/20220823_033000.WAV,Telephone Field,recover-20220825,002,1795
1686.4535,1686.4941,68437,82653,Rhinolophus ferrumequinum,0.022,0.022,-1,Echolocation,/mnt/ubna_data_01_mir/recover-20220825/UBNA_002/20220823_033000.WAV,Telephone Field,recover-20220825,002,1795
1686.4865,1686.5265,68437,82913,Rhinolophus ferrumequinum,0.032,0.032,-1,Echolocation,/mnt/ubna_data_01_mir/recover-20220825/UBNA_002/20220823_033000.WAV,Telephone Field,recover-20220825,002,1795
1686.5445,1686.5809,68437,81063,Rhinolophus ferrumequinum,0.022,0.022,-1,Echolocation,/mnt/ubna_data_01_mir/recover-20220825/UBNA_002/20220823_033000.WAV,Telephone Field,recover-20220825,002,1795
1686.5965,1686.6049,27187,36258,Eptesicus serotinus,0.012,0.033,-1,Echolocation,/mnt/ubna_data_01_mir/recover-20220825/UBNA_002/20220823_033000.WAV,Telephone Field,recover-20220825,002,1795
1686.5995,1686.6376,68437,82382,Rhinolophus ferrumequinum,0.022,0.022,-1,Echolocation,/mnt/ubna_data_01_mir/recover-20220825/UBNA_002/20220823_033000.WAV,Telephone Field,recover-20220825,002,1795
1686.6285,1686.6682,68437,83096,Rhinolophus ferrumequinum,0.028,0.028,-1,Echolocation,/mnt/ubna_data_01_mir/recover-20220825/UBNA_002/20220823_033000.WAV,Telephone Field,recover-20220825,002,1795
1686.6595,1686.6705,23750,29949,Nyctalus leisleri,0.01,0.025,-1,Echolocation,/mnt/ubna_data_01_mir/recover-20220825/UBNA_002/20220823_033000.WAV,Telephone Field,recover-20220825,002,1795
1686.6855,1686.725,68437,82687,Rhinolophus ferrumequinum,0.028,0.028,-1,Echolocation,/mnt/ubna_data_01_mir/recover-20220825/UBNA_002/20220823_033000.WAV,Telephone Field,recover-20220825,002,1795
1686.7095,1686.7202,23750,29778,Nyctalus leisleri,0.009,0.022,-1,Echolocation,/mnt/ubna_data_01_mir/recover-20220825/UBNA_002/20220823_033000.WAV,Telephone Field,recover-20220825,002,1795
1686.7285,1686.7672,68437,81435,Rhinolophus ferrumequinum,0.022,0.023,-1,Echolocation,/mnt/ubna_data_01_mir/recover-20220825/UBNA_002/20220823_033000.WAV,Telephone Field,recover-20220825,002,1795
1686.7475,1686.7877,68437,82502,Rhinolophus ferrumequinum,0.028,0.028,-1,Echolocation,/mnt/ubna_data_01_mir/recover-20220825/UBNA_002/20220823_033000.WAV,Telephone Field,recover-20220825,002,1795
1686.7485,1686.7547,27187,39493,Plecotus austriacus,0.008,0.034,-1,Echolocation,/mnt/ubna_data_01_mir/recover-20220825/UBNA_002/20220823_033000.WAV,Telephone Field,recover-20220825,002,1795
1686.8055,1686.8121,24609,38368,Plecotus austriacus,0.006,0.022,-1,Echolocation,/mnt/ubna_data_01_mir/recover-20220825/UBNA_002/20220823_033000.WAV,Telephone Field,recover-20220825,002,1795
1686.8055,1686.8412,68437,82190,Rhinolophus ferrumequinum,0.03,0.03,-1,Echolocation,/mnt/ubna_data_01_mir/recover-20220825/UBNA_002/20220823_033000.WAV,Telephone Field,recover-20220825,002,1795
1686.8455,1686.8861,68437,82379,Rhinolophus ferrumequinum,0.022,0.023,-1,Echolocation,/mnt/ubna_data_01_mir/recover-20220825/UBNA_002/20220823_033000.WAV,Telephone Field,recover-20220825,002,1795
1686.8695,1686.905,68437,81398,Rhinolophus ferrumequinum,0.021,0.021,-1,Echolocation,/mnt/ubna_data_01_mir/recover-20220825/UBNA_002/20220823_033000.WAV,Telephone Field,recover-20220825,002,1795
1686.8915,1686.9344,68437,82775,Rhinolophus ferrumequinum,0.026,0.026,-1,Echolocation,/mnt/ubna_data_01_mir/recover-20220825/UBNA_002/20220823_033000.WAV,Telephone Field,recover-20220825,002,1795
1686.9235,1686.9606,68437,81708,Rhinolophus ferrumequinum,0.023,0.023,-1,Echolocation,/mnt/ubna_data_01_mir/recover-20220825/UBNA_002/20220823_033000.WAV,Telephone Field,recover-20220825,002,1795
1686.9465,1686.9877,68437,82771,Rhinolophus ferrumequinum,0.037,0.038,-1,Echolocation,/mnt/ubna_data_01_mir/recover-20220825/UBNA_002/20220823_033000.WAV,Telephone Field,recover-20220825,002,1795
1686.9525,1686.9598,27187,37138,Eptesicus serotinus,0.008,0.025,-1,Echolocation,/mnt/ubna_data_01_mir/recover-20220825/UBNA_002/20220823_033000.WAV,Telephone Field,recover-20220825,002,1795
1686.9825,1687.0187,68437,81987,Rhinolophus ferrumequinum,0.021,0.021,-1,Echolocation,/mnt/ubna_data_01_mir/recover-20220825/UBNA_002/20220823_033000.WAV,Telephone Field,recover-20220825,002,1795
1687.0265,1687.0727,68437,83780,Rhinolophus ferrumequinum,0.06,0.06,-1,Echolocation,/mnt/ubna_data_01_mir/recover-20220825/UBNA_002/20220823_033000.WAV,Telephone Field,recover-20220825,002,1795
1687.0305,1687.038,23750,32079,Plecotus austriacus,0.009,0.021,-1,Echolocation,/mnt/ubna_data_01_mir/recover-20220825/UBNA_002/20220823_033000.WAV,Telephone Field,recover-20220825,002,1795
1687.0635,1687.1012,68437,82236,Rhinolophus ferrumequinum,0.022,0.022,-1,Echolocation,/mnt/ubna_data_01_mir/recover-20220825/UBNA_002/20220823_033000.WAV,Telephone Field,recover-20220825,002,1795
1687.0705,1687.0793,28046,38484,Eptesicus serotinus,0.008,0.022,-1,Echolocation,/mnt/ubna_data_01_mir/recover-20220825/UBNA_002/20220823_033000.WAV,Telephone Field,recover-20220825,002,1795
1687.1735,1687.214,68437,82701,Rhinolophus ferrumequinum,0.048,0.048,-1,Echolocation,/mnt/ubna_data_01_mir/recover-20220825/UBNA_002/20220823_033000.WAV,Telephone Field,recover-20220825,002,1795
1687.2065,1687.2448,68437,82211,Rhinolophus ferrumequinum,0.021,0.021,-1,Echolocation,/mnt/ubna_data_01_mir/recover-20220825/UBNA_002/20220823_033000.WAV,Telephone Field,recover-20220825,002,1795
1687.2235,1687.2619,68437,81573,Rhinolophus ferrumequinum,0.021,0.021,-1,Echolocation,/mnt/ubna_data_01_mir/recover-20220825/UBNA_002/20220823_033000.WAV,Telephone Field,recover-20220825,002,1795
1687.2435,1687.2817,68437,82015,Rhinolophus ferrumequinum,0.021,0.021,-1,Echolocation,/mnt/ubna_data_01_mir/recover-20220825/UBNA_002/20220823_033000.WAV,Telephone Field,recover-20220825,002,1795
1687.2485,1687.2574,27187,36500,Eptesicus serotinus,0.008,0.022,-1,Echolocation,/mnt/ubna_data_01_mir/recover-20220825/UBNA_002/20220823_033000.WAV,Telephone Field,recover-20220825,002,1795
1687.2785,1687.3152,68437,81904,Rhinolophus ferrumequinum,0.021,0.021,-1,Echolocation,/mnt/ubna_data_01_mir/recover-20220825/UBNA_002/20220823_033000.WAV,Telephone Field,recover-20220825,002,1795
1687.2925,1687.2988,28046,40865,Eptesicus serotinus,0.006,0.027,-1,Echolocation,/mnt/ubna_data_01_mir/recover-20220825/UBNA_002/20220823_033000.WAV,Telephone Field,recover-20220825,002,1795
1687.3095,1687.3454,68437,81949,Rhinolophus ferrumequinum,0.022,0.022,-1,Echolocation,/mnt/ubna_data_01_mir/recover-20220825/UBNA_002/20220823_033000.WAV,Telephone Field,recover-20220825,002,1795
1687.3215,1687.3584,68437,81513,Rhinolophus ferrumequinum,0.024,0.024,-1,Echolocation,/mnt/ubna_data_01_mir/recover-20220825/UBNA_002/20220823_033000.WAV,Telephone Field,recover-20220825,002,1795
1687.3405,1687.3829,68437,83609,Rhinolophus ferrumequinum,0.031,0.031,-1,Echolocation,/mnt/ubna_data_01_mir/recover-20220825/UBNA_002/20220823_033000.WAV,Telephone Field,recover-20220825,002,1795
1687.3545,1687.3963,68437,82851,Rhinolophus ferrumequinum,0.021,0.021,-1,Echolocation,/mnt/ubna_data_01_mir/recover-20220825/UBNA_002/20220823_033000.WAV,Telephone Field,recover-20220825,002,1795
1687.3805,1687.3917,22890,27356,Nyctalus leisleri,0.012,0.023,-1,Echolocation,/mnt/ubna_data_01_mir/recover-20220825/UBNA_002/20220823_033000.WAV,Telephone Field,recover-20220825,002,1795
1687.3985,1687.4084,44375,50035,Pipistrellus pipistrellus,0.02,0.024,-1,Echolocation,/mnt/ubna_data_01_mir/recover-20220825/UBNA_002/20220823_033000.WAV,Telephone Field,recover-20220825,002,1795
1687.4375,1687.4739,68437,81344,Rhinolophus ferrumequinum,0.022,0.022,-1,Echolocation,/mnt/ubna_data_01_mir/recover-20220825/UBNA_002/20220823_033000.WAV,Telephone Field,recover-20220825,002,1795
1687.4635,1687.5051,68437,82791,Rhinolophus ferrumequinum,0.027,0.027,-1,Echolocation,/mnt/ubna_data_01_mir/recover-20220825/UBNA_002/20220823_033000.WAV,Telephone Field,recover-20220825,002,1795
1687.4665,1687.4785,22890,27316,Nyctalus leisleri,0.012,0.024,-1,Echolocation,/mnt/ubna_data_01_mir/recover-20220825/UBNA_002/20220823_033000.WAV,Telephone Field,recover-20220825,002,1795
1687.4725,1687.4799,26328,39847,Eptesicus serotinus,0.007,0.022,-1,Echolocation,/mnt/ubna_data_01_mir/recover-20220825/UBNA_002/20220823_033000.WAV,Telephone Field,recover-20220825,002,1795
1687.4835,1687.5179,68437,81163,Rhinolophus ferrumequinum,0.04,0.04,-1,Echolocation,/mnt/ubna_data_01_mir/recover-20220825/UBNA_002/20220823_033000.WAV,Telephone Field,recover-20220825,002,1795
1687.4905,1687.4969,28046,40551,Eptesicus serotinus,0.006,0.026,-1,Echolocation,/mnt/ubna_data_01_mir/recover-20220825/UBNA_002/20220823_033000.WAV,Telephone Field,recover-20220825,002,1795
1687.5115,1687.5233,43515,47105,Pipistrellus pipistrellus,0.028,0.036,-1,Echolocation,/mnt/ubna_data_01_mir/recover-20220825/UBNA_002/20220823_033000.WAV,Telephone Field,recover-20220825,002,1795
1687.5375,1687.5758,68437,82518,Rhinolophus ferrumequinum,0.023,0.023,-1,Echolocation,/mnt/ubna_data_01_mir/recover-20220825/UBNA_002/20220823_033000.WAV,Telephone Field,recover-20220825,002,1795
1687.5515,1687.5905,68437,82331,Rhinolophus ferrumequinum,0.029,0.029,-1,Echolocation,/mnt/ubna_data_01_mir/recover-20220825/UBNA_002/20220823_033000.WAV,Telephone Field,recover-20220825,002,1795
1687.5785,1687.59,23750,30222,Nyctalus leisleri,0.02,0.045,-1,Echolocation,/mnt/ubna_data_01_mir/recover-20220825/UBNA_002/20220823_033000.WAV,Telephone Field,recover-20220825,002,1795
1687.6315,1687.6685,68437,81869,Rhinolophus ferrumequinum,0.021,0.021,-1,Echolocation,/mnt/ubna_data_01_mir/recover-20220825/UBNA_002/20220823_033000.WAV,Telephone Field,recover-20220825,002,1795
1687.6465,1687.6872,68437,82307,Rhinolophus ferrumequinum,0.021,0.022,-1,Echolocation,/mnt/ubna_data_01_mir/recover-20220825/UBNA_002/20220823_033000.WAV,Telephone Field,recover-20220825,002,1795
1687.7065,1687.7483,68437,83047,Rhinolophus ferrumequinum,0.031,0.031,-1,Echolocation,/mnt/ubna_data_01_mir/recover-20220825/UBNA_002/20220823_033000.WAV,Telephone Field,recover-20220825,002,1795
1687.7325,1687.7704,68437,81844,Rhinolophus ferrumequinum,0.021,0.021,-1,Echolocation,/mnt/ubna_data_01_mir/recover-20220825/UBNA_002/20220823_033000.WAV,Telephone Field,recover-20220825,002,1795
1687.7345,1687.744,50390,54625,Pipistrellus pipistrellus,0.02,0.023,-1,Echolocation,/mnt/ubna_data_01_mir/recover-20220825/UBNA_002/20220823_033000.WAV,Telephone Field,recover-20220825,002,1795
1687.7395,1687.7498,22890,28923,Nyctalus leisleri,0.009,0.023,-1,Echolocation,/mnt/ubna_data_01_mir/recover-20220825/UBNA_002/20220823_033000.WAV,Telephone Field,recover-20220825,002,1795
1687.7865,1687.8249,68437,82679,Rhinolophus ferrumequinum,0.026,0.026,-1,Echolocation,/mnt/ubna_data_01_mir/recover-20220825/UBNA_002/20220823_033000.WAV,Telephone Field,recover-20220825,002,1795
1687.7995,1687.8172,21171,24333,Nyctalus leisleri,0.021,0.035,-1,Echolocation,/mnt/ubna_data_01_mir/recover-20220825/UBNA_002/20220823_033000.WAV,Telephone Field,recover-20220825,002,1795
1687.8155,1687.8242,28046,38283,Eptesicus serotinus,0.009,0.023,-1,Echolocation,/mnt/ubna_data_01_mir/recover-20220825/UBNA_002/20220823_033000.WAV,Telephone Field,recover-20220825,002,1795
1687.8345,1687.8722,68437,82247,Rhinolophus ferrumequinum,0.021,0.021,-1,Echolocation,/mnt/ubna_data_01_mir/recover-20220825/UBNA_002/20220823_033000.WAV,Telephone Field,recover-20220825,002,1795
1687.8525,1687.8907,68437,81551,Rhinolophus ferrumequinum,0.023,0.023,-1,Echolocation,/mnt/ubna_data_01_mir/recover-20220825/UBNA_002/20220823_033000.WAV,Telephone Field,recover-20220825,002,1795
1687.8625,1687.8989,68437,82073,Rhinolophus ferrumequinum,0.026,0.026,-1,Echolocation,/mnt/ubna_data_01_mir/recover-20220825/UBNA_002/20220823_033000.WAV,Telephone Field,recover-20220825,002,1795
1687.9255,1687.9365,22890,27406,Nyctalus leisleri,0.015,0.027,-1,Echolocation,/mnt/ubna_data_01_mir/recover-20220825/UBNA_002/20220823_033000.WAV,Telephone Field,recover-20220825,002,1795
1687.9295,1687.9678,68437,81611,Rhinolophus ferrumequinum,0.022,0.022,-1,Echolocation,/mnt/ubna_data_01_mir/recover-20220825/UBNA_002/20220823_033000.WAV,Telephone Field,recover-20220825,002,1795
1687.9565,1687.9656,27187,38800,Eptesicus serotinus,0.009,0.022,-1,Echolocation,/mnt/ubna_data_01_mir/recover-20220825/UBNA_002/20220823_033000.WAV,Telephone Field,recover-20220825,002,1795
1687.9685,1687.9797,22890,26967,Nyctalus leisleri,0.013,0.023,-1,Echolocation,/mnt/ubna_data_01_mir/recover-20220825/UBNA_002/20220823_033000.WAV,Telephone Field,recover-20220825,002,1795
1687.9845,1687.9947,25468,33544,Eptesicus serotinus,0.015,0.043,-1,Echolocation,/mnt/ubna_data_01_mir/recover-20220825/UBNA_002/20220823_033000.WAV,Telephone Field,recover-20220825,002,1795
1688.0015,1688.0111,24609,32022,Nyctalus leisleri,0.011,0.028,-1,Echolocation,/mnt/ubna_data_01_mir/recover-20220825/UBNA_002/20220823_033000.WAV,Telephone Field,recover-20220825,002,1795
1688.0015,1688.0102,48671,53913,Pipistrellus pipistrellus,0.014,0.02,-1,Echolocation,/mnt/ubna_data_01_mir/recover-20220825/UBNA_002/20220823_033000.WAV,Telephone Field,recover-20220825,002,1795
1688.0015,1688.0341,69296,80990,Rhinolophus ferrumequinum,0.033,0.033,-1,Echolocation,/mnt/ubna_data_01_mir/recover-20220825/UBNA_002/20220823_033000.WAV,Telephone Field,recover-20220825,002,1795
1688.0085,1688.017,28046,39620,Eptesicus serotinus,0.007,0.021,-1,Echolocation,/mnt/ubna_data_01_mir/recover-20220825/UBNA_002/20220823_033000.WAV,Telephone Field,recover-20220825,002,1795
1688.0085,1688.0508,68437,82435,Rhinolophus ferrumequinum,0.021,0.021,-1,Echolocation,/mnt/ubna_data_01_mir/recover-20220825/UBNA_002/20220823_033000.WAV,Telephone Field,recover-20220825,002,1795
1688.0455,1688.084,68437,81577,Rhinolophus ferrumequinum,0.021,0.021,-1,Echolocation,/mnt/ubna_data_01_mir/recover-20220825/UBNA_002/20220823_033000.WAV,Telephone Field,recover-20220825,002,1795
1688.0815,1688.1236,68437,82691,Rhinolophus ferrumequinum,0.021,0.021,-1,Echolocation,/mnt/ubna_data_01_mir/recover-20220825/UBNA_002/20220823_033000.WAV,Telephone Field,recover-20220825,002,1795
1688.0855,1688.0943,28046,37987,Eptesicus serotinus,0.01,0.024,-1,Echolocation,/mnt/ubna_data_01_mir/recover-20220825/UBNA_002/20220823_033000.WAV,Telephone Field,recover-20220825,002,1795
1688.1675,1688.2098,68437,82940,Rhinolophus ferrumequinum,0.026,0.026,-1,Echolocation,/mnt/ubna_data_01_mir/recover-20220825/UBNA_002/20220823_033000.WAV,Telephone Field,recover-20220825,002,1795
1688.1695,1688.1846,15156,20399,Nyctalus noctula,0.015,0.022,-1,Echolocation,/mnt/ubna_data_01_mir/recover-20220825/UBNA_002/20220823_033000.WAV,Telephone Field,recover-20220825,002,1795
1688.1755,1688.2161,68437,82404,Rhinolophus ferrumequinum,0.021,0.021,-1,Echolocation,/mnt/ubna_data_01_mir/recover-20220825/UBNA_002/20220823_033000.WAV,Telephone Field,recover-20220825,002,1795
1688.1825,1688.189,28906,40923,Eptesicus serotinus,0.009,0.031,-1,Echolocation,/mnt/ubna_data_01_mir/recover-20220825/UBNA_002/20220823_033000.WAV,Telephone Field,recover-20220825,002,1795
1688.2085,1688.2158,27187,40967,Eptesicus serotinus,0.006,0.02,-1,Echolocation,/mnt/ubna_data_01_mir/recover-20220825/UBNA_002/20220823_033000.WAV,Telephone Field,recover-20220825,002,1795
1688.2265,1688.2352,27187,35607,Eptesicus serotinus,0.01,0.023,-1,Echolocation,/mnt/ubna_data_01_mir/recover-20220825/UBNA_002/20220823_033000.WAV,Telephone Field,recover-20220825,002,1795
1688.2415,1688.2815,68437,82039,Rhinolophus ferrumequinum,0.023,0.023,-1,Echolocation,/mnt/ubna_data_01_mir/recover-20220825/UBNA_002/20220823_033000.WAV,Telephone Field,recover-20220825,002,1795
1688.3095,1688.3515,68437,82910,Rhinolophus ferrumequinum,0.025,0.025,-1,Echolocation,/mnt/ubna_data_01_mir/recover-20220825/UBNA_002/20220823_033000.WAV,Telephone Field,recover-20220825,002,1795
1688.3235,1688.3341,22890,28184,Nyctalus leisleri,0.01,0.02,-1,Echolocation,/mnt/ubna_data_01_mir/recover-20220825/UBNA_002/20220823_033000.WAV,Telephone Field,recover-20220825,002,1795
1688.3375,1688.3756,68437,81776,Rhinolophus ferrumequinum,0.025,0.025,-1,Echolocation,/mnt/ubna_data_01_mir/recover-20220825/UBNA_002/20220823_033000.WAV,Telephone Field,recover-20220825,002,1795
1688.3775,1688.4179,68437,82544,Rhinolophus ferrumequinum,0.021,0.021,-1,Echolocation,/mnt/ubna_data_01_mir/recover-20220825/UBNA_002/20220823_033000.WAV,Telephone Field,recover-20220825,002,1795
1688.3825,1688.3874,35781,62961,Myotis brandtii,0.008,0.022,-1,Echolocation,/mnt/ubna_data_01_mir/recover-20220825/UBNA_002/20220823_033000.WAV,Telephone Field,recover-20220825,002,1795
1688.4075,1688.446,68437,81312,Rhinolophus ferrumequinum,0.02,0.02,-1,Echolocation,/mnt/ubna_data_01_mir/recover-20220825/UBNA_002/20220823_033000.WAV,Telephone Field,recover-20220825,002,1795
1688.4155,1688.4525,68437,81702,Rhinolophus ferrumequinum,0.021,0.021,-1,Echolocation,/mnt/ubna_data_01_mir/recover-20220825/UBNA_002/20220823_033000.WAV,Telephone Field,recover-20220825,002,1795
1688.4325,1688.4697,68437,81872,Rhinolophus ferrumequinum,0.022,0.022,-1,Echolocation,/mnt/ubna_data_01_mir/recover-20220825/UBNA_002/20220823_033000.WAV,Telephone Field,recover-20220825,002,1795
1688.4335,1688.441,28046,38949,Eptesicus serotinus,0.008,0.023,-1,Echolocation,/mnt/ubna_data_01_mir/recover-20220825/UBNA_002/20220823_033000.WAV,Telephone Field,recover-20220825,002,1795
1688.4745,1688.5149,68437,83106,Rhinolophus ferrumequinum,0.021,0.021,-1,Echolocation,/mnt/ubna_data_01_mir/recover-20220825/UBNA_002/20220823_033000.WAV,Telephone Field,recover-20220825,002,1795
1688.4755,1688.4808,38359,64514,Myotis mystacinus,0.007,0.021,-1,Echolocation,/mnt/ubna_data_01_mir/recover-20220825/UBNA_002/20220823_033000.WAV,Telephone Field,recover-20220825,002,1795
1688.4755,1688.4804,42656,62961,Myotis mystacinus,0.01,0.021,-1,Echolocation,/mnt/ubna_data_01_mir/recover-20220825/UBNA_002/20220823_033000.WAV,Telephone Field,recover-20220825,002,1795
1688.5115,1688.5212,24609,31680,Nyctalus leisleri,0.007,0.021,-1,Echolocation,/mnt/ubna_data_01_mir/recover-20220825/UBNA_002/20220823_033000.WAV,Telephone Field,recover-20220825,002,1795
1688.5335,1688.572,68437,81981,Rhinolophus ferrumequinum,0.021,0.021,-1,Echolocation,/mnt/ubna_data_01_mir/recover-20220825/UBNA_002/20220823_033000.WAV,Telephone Field,recover-20220825,002,1795
1688.5545,1688.5921,68437,81937,Rhinolophus ferrumequinum,0.02,0.02,-1,Echolocation,/mnt/ubna_data_01_mir/recover-20220825/UBNA_002/20220823_033000.WAV,Telephone Field,recover-20220825,002,1795
1688.5735,1688.6135,68437,82410,Rhinolophus ferrumequinum,0.022,0.022,-1,Echolocation,/mnt/ubna_data_01_mir/recover-20220825/UBNA_002/20220823_033000.WAV,Telephone Field,recover-20220825,002,1795
1688.5885,1688.6293,68437,82518,Rhinolophus ferrumequinum,0.022,0.022,-1,Echolocation,/mnt/ubna_data_01_mir/recover-20220825/UBNA_002/20220823_033000.WAV,Telephone Field,recover-20220825,002,1795
1688.6345,1688.6441,28046,35726,Eptesicus serotinus,0.01,0.021,-1,Echolocation,/mnt/ubna_data_01_mir/recover-20220825/UBNA_002/20220823_033000.WAV,Telephone Field,recover-20220825,002,1795
1688.6375,1688.6812,68437,83714,Rhinolophus ferrumequinum,0.035,0.035,-1,Echolocation,/mnt/ubna_data_01_mir/recover-20220825/UBNA_002/20220823_033000.WAV,Telephone Field,recover-20220825,002,1795
1688.6395,1688.6480999999999,28046,37700,Eptesicus serotinus,0.007,0.021,-1,Echolocation,/mnt/ubna_data_01_mir/recover-20220825/UBNA_002/20220823_033000.WAV,Telephone Field,recover-20220825,002,1795
1688.6895,1688.7011,22890,27727,Nyctalus leisleri,0.01,0.02,-1,Echolocation,/mnt/ubna_data_01_mir/recover-20220825/UBNA_002/20220823_033000.WAV,Telephone Field,recover-20220825,002,1795
1688.7515,1688.787,68437,81137,Rhinolophus ferrumequinum,0.021,0.021,-1,Echolocation,/mnt/ubna_data_01_mir/recover-20220825/UBNA_002/20220823_033000.WAV,Telephone Field,recover-20220825,002,1795
1688.7715,1688.8066,68437,81049,Rhinolophus ferrumequinum,0.028,0.028,-1,Echolocation,/mnt/ubna_data_01_mir/recover-20220825/UBNA_002/20220823_033000.WAV,Telephone Field,recover-20220825,002,1795
1688.7985,1688.8365,68437,82142,Rhinolophus ferrumequinum,0.021,0.021,-1,Echolocation,/mnt/ubna_data_01_mir/recover-20220825/UBNA_002/20220823_033000.WAV,Telephone Field,recover-20220825,002,1795
1688.8275,1688.8649,68437,81250,Rhinolophus ferrumequinum,0.024,0.024,-1,Echolocation,/mnt/ubna_data_01_mir/recover-20220825/UBNA_002/20220823_033000.WAV,Telephone Field,recover-20220825,002,1795
1688.8415,1688.8821,68437,82440,Rhinolophus ferrumequinum,0.023,0.023,-1,Echolocation,/mnt/ubna_data_01_mir/recover-20220825/UBNA_002/20220823_033000.WAV,Telephone Field,recover-20220825,002,1795
1688.8575,1688.8681,27187,33476,Eptesicus serotinus,0.011,0.025,-1,Echolocation,/mnt/ubna_data_01_mir/recover-20220825/UBNA_002/20220823_033000.WAV,Telephone Field,recover-20220825,002,1795
1688.8655,1688.9051,68437,82383,Rhinolophus ferrumequinum,0.021,0.021,-1,Echolocation,/mnt/ubna_data_01_mir/recover-20220825/UBNA_002/20220823_033000.WAV,Telephone Field,recover-20220825,002,1795
1688.8735,1688.9112,68437,81857,Rhinolophus ferrumequinum,0.021,0.021,-1,Echolocation,/mnt/ubna_data_01_mir/recover-20220825/UBNA_002/20220823_033000.WAV,Telephone Field,recover-20220825,002,1795
1688.8755,1688.8829,28906,39586,Eptesicus serotinus,0.011,0.028,-1,Echolocation,/mnt/ubna_data_01_mir/recover-20220825/UBNA_002/20220823_033000.WAV,Telephone Field,recover-20220825,002,1795
1688.9205,1688.9604,68437,82177,Rhinolophus ferrumequinum,0.021,0.021,-1,Echolocation,/mnt/ubna_data_01_mir/recover-20220825/UBNA_002/20220823_033000.WAV,Telephone Field,recover-20220825,002,1795
1688.9245,1688.9348,28046,35556,Eptesicus serotinus,0.011,0.023,-1,Echolocation,/mnt/ubna_data_01_mir/recover-20220825/UBNA_002/20220823_033000.WAV,Telephone Field,recover-20220825,002,1795
1688.9435,1688.985,68437,82624,Rhinolophus ferrumequinum,0.028,0.028,-1,Echolocation,/mnt/ubna_data_01_mir/recover-20220825/UBNA_002/20220823_033000.WAV,Telephone Field,recover-20220825,002,1795
1688.9905,1689.0308,68437,82493,Rhinolophus ferrumequinum,0.022,0.022,-1,Echolocation,/mnt/ubna_data_01_mir/recover-20220825/UBNA_002/20220823_033000.WAV,Telephone Field,recover-20220825,002,1795
1688.9925,1688.9991,47812,55610,Pipistrellus pipistrellus,0.019,0.021,-1,Echolocation,/mnt/ubna_data_01_mir/recover-20220825/UBNA_002/20220823_033000.WAV,Telephone Field,recover-20220825,002,1795
1689.0125,1689.0489,68437,81569,Rhinolophus ferrumequinum,0.022,0.023,-1,Echolocation,/mnt/ubna_data_01_mir/recover-20220825/UBNA_002/20220823_033000.WAV,Telephone Field,recover-20220825,002,1795
1689.0335,1689.0714,68437,81993,Rhinolophus ferrumequinum,0.021,0.021,-1,Echolocation,/mnt/ubna_data_01_mir/recover-20220825/UBNA_002/20220823_033000.WAV,Telephone Field,recover-20220825,002,1795
1689.0495,1689.0566,28906,37875,Eptesicus serotinus,0.007,0.022,-1,Echolocation,/mnt/ubna_data_01_mir/recover-20220825/UBNA_002/20220823_033000.WAV,Telephone Field,recover-20220825,002,1795
1689.0775,1689.1201,68437,82515,Rhinolophus ferrumequinum,0.022,0.022,-1,Echolocation,/mnt/ubna_data_01_mir/recover-20220825/UBNA_002/20220823_033000.WAV,Telephone Field,recover-20220825,002,1795
1689.0945,1689.1342,68437,82271,Rhinolophus ferrumequinum,0.025,0.025,-1,Echolocation,/mnt/ubna_data_01_mir/recover-20220825/UBNA_002/20220823_033000.WAV,Telephone Field,recover-20220825,002,1795
1689.1265,1689.1636,68437,81272,Rhinolophus ferrumequinum,0.022,0.022,-1,Echolocation,/mnt/ubna_data_01_mir/recover-20220825/UBNA_002/20220823_033000.WAV,Telephone Field,recover-20220825,002,1795
1689.1485,1689.1865,68437,82469,Rhinolophus ferrumequinum,0.021,0.021,-1,Echolocation,/mnt/ubna_data_01_mir/recover-20220825/UBNA_002/20220823_033000.WAV,Telephone Field,recover-20220825,002,1795
1689.1665,1689.2081,68437,82367,Rhinolophus ferrumequinum,0.022,0.022,-1,Echolocation,/mnt/ubna_data_01_mir/recover-20220825/UBNA_002/20220823_033000.WAV,Telephone Field,recover-20220825,002,1795
1689.2085,1689.2466,68437,82252,Rhinolophus ferrumequinum,0.023,0.023,-1,Echolocation,/mnt/ubna_data_01_mir/recover-20220825/UBNA_002/20220823_033000.WAV,Telephone Field,recover-20220825,002,1795
1689.2315,1689.2715,68437,81965,Rhinolophus ferrumequinum,0.021,0.021,-1,Echolocation,/mnt/ubna_data_01_mir/recover-20220825/UBNA_002/20220823_033000.WAV,Telephone Field,recover-20220825,002,1795
1689.2535,1689.265,14296,19429,Nyctalus noctula,0.016,0.031,-1,Echolocation,/mnt/ubna_data_01_mir/recover-20220825/UBNA_002/20220823_033000.WAV,Telephone Field,recover-20220825,002,1795
1689.2695,1689.2759,28046,40643,Eptesicus serotinus,0.005,0.021,-1,Echolocation,/mnt/ubna_data_01_mir/recover-20220825/UBNA_002/20220823_033000.WAV,Telephone Field,recover-20220825,002,1795
1689.3175,1689.3572,68437,82787,Rhinolophus ferrumequinum,0.022,0.022,-1,Echolocation,/mnt/ubna_data_01_mir/recover-20220825/UBNA_002/20220823_033000.WAV,Telephone Field,recover-20220825,002,1795
1689.3495,1689.391,68437,82864,Rhinolophus ferrumequinum,0.022,0.022,-1,Echolocation,/mnt/ubna_data_01_mir/recover-20220825/UBNA_002/20220823_033000.WAV,Telephone Field,recover-20220825,002,1795
1689.4125,1689.4519,68437,82743,Rhinolophus ferrumequinum,0.02,0.02,-1,Echolocation,/mnt/ubna_data_01_mir/recover-20220825/UBNA_002/20220823_033000.WAV,Telephone Field,recover-20220825,002,1795
1689.4435,1689.4522,28046,38488,Eptesicus serotinus,0.01,0.027,-1,Echolocation,/mnt/ubna_data_01_mir/recover-20220825/UBNA_002/20220823_033000.WAV,Telephone Field,recover-20220825,002,1795
1689.4475,1689.4868,68437,82319,Rhinolophus ferrumequinum,0.021,0.021,-1,Echolocation,/mnt/ubna_data_01_mir/recover-20220825/UBNA_002/20220823_033000.WAV,Telephone Field,recover-20220825,002,1795
1689.4705,1689.4812,24609,31072,Nyctalus leisleri,0.01,0.025,-1,Echolocation,/mnt/ubna_data_01_mir/recover-20220825/UBNA_002/20220823_033000.WAV,Telephone Field,recover-20220825,002,1795
1689.4835,1689.5015,21171,24438,Nyctalus leisleri,0.019,0.03,-1,Echolocation,/mnt/ubna_data_01_mir/recover-20220825/UBNA_002/20220823_033000.WAV,Telephone Field,recover-20220825,002,1795
1689.5185,1689.5284,26328,33790,Eptesicus serotinus,0.011,0.026,-1,Echolocation,/mnt/ubna_data_01_mir/recover-20220825/UBNA_002/20220823_033000.WAV,Telephone Field,recover-20220825,002,1795
1689.5355,1689.5465,23750,29077,Nyctalus leisleri,0.009,0.02,-1,Echolocation,/mnt/ubna_data_01_mir/recover-20220825/UBNA_002/20220823_033000.WAV,Telephone Field,recover-20220825,002,1795
1689.5585,1689.5986,68437,82453,Rhinolophus ferrumequinum,0.029,0.029,-1,Echolocation,/mnt/ubna_data_01_mir/recover-20220825/UBNA_002/20220823_033000.WAV,Telephone Field,recover-20220825,002,1795
1689.5605,1689.5688,23750,31596,Plecotus austriacus,0.006,0.022,-1,Echolocation,/mnt/ubna_data_01_mir/recover-20220825/UBNA_002/20220823_033000.WAV,Telephone Field,recover-20220825,002,1795
1689.5735,1689.6105,68437,82023,Rhinolophus ferrumequinum,0.02,0.02,-1,Echolocation,/mnt/ubna_data_01_mir/recover-20220825/UBNA_002/20220823_033000.WAV,Telephone Field,recover-20220825,002,1795
1689.6005,1689.6379,68437,81708,Rhinolophus ferrumequinum,0.023,0.023,-1,Echolocation,/mnt/ubna_data_01_mir/recover-20220825/UBNA_002/20220823_033000.WAV,Telephone Field,recover-20220825,002,1795
1689.6085,1689.6464,68437,81866,Rhinolophus ferrumequinum,0.022,0.022,-1,Echolocation,/mnt/ubna_data_01_mir/recover-20220825/UBNA_002/20220823_033000.WAV,Telephone Field,recover-20220825,002,1795
1689.6285,1689.6658,68437,81794,Rhinolophus ferrumequinum,0.024,0.024,-1,Echolocation,/mnt/ubna_data_01_mir/recover-20220825/UBNA_002/20220823_033000.WAV,Telephone Field,recover-20220825,002,1795
1689.6995,1689.7078,28046,37725,Eptesicus serotinus,0.008,0.022,-1,Echolocation,/mnt/ubna_data_01_mir/recover-20220825/UBNA_002/20220823_033000.WAV,Telephone Field,recover-20220825,002,1795
1689.7165,1689.7573,68437,82018,Rhinolophus ferrumequinum,0.023,0.023,-1,Echolocation,/mnt/ubna_data_01_mir/recover-20220825/UBNA_002/20220823_033000.WAV,Telephone Field,recover-20220825,002,1795
1689.7385,1689.771,68437,80257,Rhinolophus ferrumequinum,0.02,0.021,-1,Echolocation,/mnt/ubna_data_01_mir/recover-20220825/UBNA_002/20220823_033000.WAV,Telephone Field,recover-20220825,002,1795
1689.7575,1689.7995,68437,82619,Rhinolophus ferrumequinum,0.053,0.053,-1,Echolocation,/mnt/ubna_data_01_mir/recover-20220825/UBNA_002/20220823_033000.WAV,Telephone Field,recover-20220825,002,1795
1689.7765,1689.7862,28906,36884,Eptesicus serotinus,0.009,0.023,-1,Echolocation,/mnt/ubna_data_01_mir/recover-20220825/UBNA_002/20220823_033000.WAV,Telephone Field,recover-20220825,002,1795
1689.7925,1689.8321,68437,82529,Rhinolophus ferrumequinum,0.023,0.023,-1,Echolocation,/mnt/ubna_data_01_mir/recover-20220825/UBNA_002/20220823_033000.WAV,Telephone Field,recover-20220825,002,1795
1689.7985,1689.8367,68437,82143,Rhinolophus ferrumequinum,0.022,0.022,-1,Echolocation,/mnt/ubna_data_01_mir/recover-20220825/UBNA_002/20220823_033000.WAV,Telephone Field,recover-20220825,002,1795
1689.8045,1689.8409,68437,82068,Rhinolophus ferrumequinum,0.021,0.022,-1,Echolocation,/mnt/ubna_data_01_mir/recover-20220825/UBNA_002/20220823_033000.WAV,Telephone Field,recover-20220825,002,1795
1689.8205,1689.8277,23750,32932,Plecotus austriacus,0.013,0.027,-1,Echolocation,/mnt/ubna_data_01_mir/recover-20220825/UBNA_002/20220823_033000.WAV,Telephone Field,recover-20220825,002,1795
1689.8275,1689.8369,27187,38257,Eptesicus serotinus,0.008,0.02,-1,Echolocation,/mnt/ubna_data_01_mir/recover-20220825/UBNA_002/20220823_033000.WAV,Telephone Field,recover-20220825,002,1795
1689.8525,1689.8928,68437,82326,Rhinolophus ferrumequinum,0.022,0.022,-1,Echolocation,/mnt/ubna_data_01_mir/recover-20220825/UBNA_002/20220823_033000.WAV,Telephone Field,recover-20220825,002,1795
1689.8535,1689.8605,46953,54362,Pipistrellus pipistrellus,0.013,0.021,-1,Echolocation,/mnt/ubna_data_01_mir/recover-20220825/UBNA_002/20220823_033000.WAV,Telephone Field,recover-20220825,002,1795
1689.8595,1689.8664,27187,38008,Eptesicus serotinus,0.006,0.021,-1,Echolocation,/mnt/ubna_data_01_mir/recover-20220825/UBNA_002/20220823_033000.WAV,Telephone Field,recover-20220825,002,1795
1689.8715,1689.9073,68437,81489,Rhinolophus ferrumequinum,0.021,0.021,-1,Echolocation,/mnt/ubna_data_01_mir/recover-20220825/UBNA_002/20220823_033000.WAV,Telephone Field,recover-20220825,002,1795
1689.8825,1689.9193,68437,81921,Rhinolophus ferrumequinum,0.022,0.022,-1,Echolocation,/mnt/ubna_data_01_mir/recover-20220825/UBNA_002/20220823_033000.WAV,Telephone Field,recover-20220825,002,1795
1689.8995,1689.934,68437,81011,Rhinolophus ferrumequinum,0.022,0.022,-1,Echolocation,/mnt/ubna_data_01_mir/recover-20220825/UBNA_002/20220823_033000.WAV,Telephone Field,recover-20220825,002,1795
1689.9245,1689.9348,26328,33381,Eptesicus serotinus,0.008,0.022,-1,Echolocation,/mnt/ubna_data_01_mir/recover-20220825/UBNA_002/20220823_033000.WAV,Telephone Field,recover-20220825,002,1795
1689.9605,1689.9994,68437,81850,Rhinolophus ferrumequinum,0.025,0.025,-1,Echolocation,/mnt/ubna_data_01_mir/recover-20220825/UBNA_002/20220823_033000.WAV,Telephone Field,recover-20220825,002,1795
1689.9725,1689.9807,28906,37020,Eptesicus serotinus,0.01,0.027,-1,Echolocation,/mnt/ubna_data_01_mir/recover-20220825/UBNA_002/20220823_033000.WAV,Telephone Field,recover-20220825,002,1795
1690.0015,1690.0114,27187,36121,Eptesicus serotinus,0.01,0.031,-1,Echolocation,/mnt/ubna_data_01_mir/recover-20220825/UBNA_002/20220823_033000.WAV,Telephone Field,recover-20220825,002,1795
1690.0015,1690.0326,69296,81267,Rhinolophus ferrumequinum,0.022,0.022,-1,Echolocation,/mnt/ubna_data_01_mir/recover-20220825/UBNA_002/20220823_033000.WAV,Telephone Field,recover-20220825,002,1795
1690.0135,1690.0232,28046,35999,Eptesicus serotinus,0.009,0.022,-1,Echolocation,/mnt/ubna_data_01_mir/recover-20220825/UBNA_002/20220823_033000.WAV,Telephone Field,recover-20220825,002,1795
1690.1065,1690.1128,28046,41643,Eptesicus serotinus,0.006,0.027,-1,Echolocation,/mnt/ubna_data_01_mir/recover-20220825/UBNA_002/20220823_033000.WAV,Telephone Field,recover-20220825,002,1795
1690.1095,1690.1535,68437,83808,Rhinolophus ferrumequinum,0.05,0.05,-1,Echolocation,/mnt/ubna_data_01_mir/recover-20220825/UBNA_002/20220823_033000.WAV,Telephone Field,recover-20220825,002,1795
1690.1195,1690.157,68437,81924,Rhinolophus ferrumequinum,0.022,0.022,-1,Echolocation,/mnt/ubna_data_01_mir/recover-20220825/UBNA_002/20220823_033000.WAV,Telephone Field,recover-20220825,002,1795
1690.1545,1690.1945,68437,81945,Rhinolophus ferrumequinum,0.021,0.021,-1,Echolocation,/mnt/ubna_data_01_mir/recover-20220825/UBNA_002/20220823_033000.WAV,Telephone Field,recover-20220825,002,1795
1690.1585,1690.1669,26328,35358,Eptesicus serotinus,0.008,0.022,-1,Echolocation,/mnt/ubna_data_01_mir/recover-20220825/UBNA_002/20220823_033000.WAV,Telephone Field,recover-20220825,002,1795
1690.1775,1690.215,68437,82052,Rhinolophus ferrumequinum,0.025,0.025,-1,Echolocation,/mnt/ubna_data_01_mir/recover-20220825/UBNA_002/20220823_033000.WAV,Telephone Field,recover-20220825,002,1795
1690.1975,1690.2369,68437,81857,Rhinolophus ferrumequinum,0.021,0.021,-1,Echolocation,/mnt/ubna_data_01_mir/recover-20220825/UBNA_002/20220823_033000.WAV,Telephone Field,recover-20220825,002,1795
1690.2175,1690.2599,68437,83311,Rhinolophus ferrumequinum,0.033,0.033,-1,Echolocation,/mnt/ubna_data_01_mir/recover-20220825/UBNA_002/20220823_033000.WAV,Telephone Field,recover-20220825,002,1795
1690.2515,1690.2896,68437,82998,Rhinolophus ferrumequinum,0.022,0.022,-1,Echolocation,/mnt/ubna_data_01_mir/recover-20220825/UBNA_002/20220823_033000.WAV,Telephone Field,recover-20220825,002,1795
1690.2815,1690.3208,68437,81473,Rhinolophus ferrumequinum,0.023,0.023,-1,Echolocation,/mnt/ubna_data_01_mir/recover-20220825/UBNA_002/20220823_033000.WAV,Telephone Field,recover-20220825,002,1795
1690.2975,1690.3355,68437,81948,Rhinolophus ferrumequinum,0.022,0.022,-1,Echolocation,/mnt/ubna_data_01_mir/recover-20220825/UBNA_002/20220823_033000.WAV,Telephone Field,recover-20220825,002,1795
1690.3615,1690.4016,68437,82371,Rhinolophus ferrumequinum,0.024,0.024,-1,Echolocation,/mnt/ubna_data_01_mir/recover-20220825/UBNA_002/20220823_033000.WAV,Telephone Field,recover-20220825,002,1795
1690.3905,1690.3997,23750,30956,Nyctalus leisleri,0.006,0.023,-1,Echolocation,/mnt/ubna_data_01_mir/recover-20220825/UBNA_002/20220823_033000.WAV,Telephone Field,recover-20220825,002,1795
1690.4235,1690.4346,23750,29948,Nyctalus leisleri,0.013,0.032,-1,Echolocation,/mnt/ubna_data_01_mir/recover-20220825/UBNA_002/20220823_033000.WAV,Telephone Field,recover-20220825,002,1795
1690.4445,1690.4561,28046,34947,Eptesicus serotinus,0.016,0.03,-1,Echolocation,/mnt/ubna_data_01_mir/recover-20220825/UBNA_002/20220823_033000.WAV,Telephone Field,recover-20220825,002,1795
1690.5185,1690.5603,68437,82860,Rhinolophus ferrumequinum,0.026,0.026,-1,Echolocation,/mnt/ubna_data_01_mir/recover-20220825/UBNA_002/20220823_033000.WAV,Telephone Field,recover-20220825,002,1795
1690.5275,1690.5697,68437,83159,Rhinolophus ferrumequinum,0.023,0.023,-1,Echolocation,/mnt/ubna_data_01_mir/recover-20220825/UBNA_002/20220823_033000.WAV,Telephone Field,recover-20220825,002,1795
1690.5645,1690.6018,68437,82584,Rhinolophus ferrumequinum,0.023,0.023,-1,Echolocation,/mnt/ubna_data_01_mir/recover-20220825/UBNA_002/20220823_033000.WAV,Telephone Field,recover-20220825,002,1795
1690.5745,1690.6122,68437,82257,Rhinolophus ferrumequinum,0.022,0.022,-1,Echolocation,/mnt/ubna_data_01_mir/recover-20220825/UBNA_002/20220823_033000.WAV,Telephone Field,recover-20220825,002,1795
1690.5905,1690.6309,68437,82540,Rhinolophus ferrumequinum,0.025,0.025,-1,Echolocation,/mnt/ubna_data_01_mir/recover-20220825/UBNA_002/20220823_033000.WAV,Telephone Field,recover-20220825,002,1795
1690.6065,1690.6167,38359,44011,Pipistrellus nathusii,0.03,0.051,-1,Echolocation,/mnt/ubna_data_01_mir/recover-20220825/UBNA_002/20220823_033000.WAV,Telephone Field,recover-20220825,002,1795
1690.6095,1690.6182,47812,52649,Pipistrellus pipistrellus,0.02,0.022,-1,Echolocation,/mnt/ubna_data_01_mir/recover-20220825/UBNA_002/20220823_033000.WAV,Telephone Field,recover-20220825,002,1795
1690.6605,1690.6707,44375,47509,Pipistrellus pipistrellus,0.05,0.053,-1,Echolocation,/mnt/ubna_data_01_mir/recover-20220825/UBNA_002/20220823_033000.WAV,Telephone Field,recover-20220825,002,1795
1690.6725,1690.7108,68437,81670,Rhinolophus ferrumequinum,0.021,0.021,-1,Echolocation,/mnt/ubna_data_01_mir/recover-20220825/UBNA_002/20220823_033000.WAV,Telephone Field,recover-20220825,002,1795
1690.7085,1690.7481,68437,81632,Rhinolophus ferrumequinum,0.033,0.033,-1,Echolocation,/mnt/ubna_data_01_mir/recover-20220825/UBNA_002/20220823_033000.WAV,Telephone Field,recover-20220825,002,1795
1690.7455,1690.7839,68437,81657,Rhinolophus ferrumequinum,0.021,0.021,-1,Echolocation,/mnt/ubna_data_01_mir/recover-20220825/UBNA_002/20220823_033000.WAV,Telephone Field,recover-20220825,002,1795
1690.7595,1690.7995,68437,82576,Rhinolophus ferrumequinum,0.035,0.035,-1,Echolocation,/mnt/ubna_data_01_mir/recover-20220825/UBNA_002/20220823_033000.WAV,Telephone Field,recover-20220825,002,1795
1690.7725,1690.7795,28046,41197,Eptesicus serotinus,0.007,0.023,-1,Echolocation,/mnt/ubna_data_01_mir/recover-20220825/UBNA_002/20220823_033000.WAV,Telephone Field,recover-20220825,002,1795
1690.8015,1690.8108,27187,37592,Eptesicus serotinus,0.01,0.023,-1,Echolocation,/mnt/ubna_data_01_mir/recover-20220825/UBNA_002/20220823_033000.WAV,Telephone Field,recover-20220825,002,1795
1690.9225,1690.9643,68437,82642,Rhinolophus ferrumequinum,0.03,0.03,-1,Echolocation,/mnt/ubna_data_01_mir/recover-20220825/UBNA_002/20220823_033000.WAV,Telephone Field,recover-20220825,002,1795
1690.9235,1690.93,28046,40259,Eptesicus serotinus,0.006,0.024,-1,Echolocation,/mnt/ubna_data_01_mir/recover-20220825/UBNA_002/20220823_033000.WAV,Telephone Field,recover-20220825,002,1795
1690.9425,1690.9816,68437,81942,Rhinolophus ferrumequinum,0.021,0.021,-1,Echolocation,/mnt/ubna_data_01_mir/recover-20220825/UBNA_002/20220823_033000.WAV,Telephone Field,recover-20220825,002,1795
1690.9655,1691.0043,68437,82444,Rhinolophus ferrumequinum,0.022,0.023,-1,Echolocation,/mnt/ubna_data_01_mir/recover-20220825/UBNA_002/20220823_033000.WAV,Telephone Field,recover-20220825,002,1795
1690.9945,1691.0334,68437,82581,Rhinolophus ferrumequinum,0.023,0.023,-1,Echolocation,/mnt/ubna_data_01_mir/recover-20220825/UBNA_002/20220823_033000.WAV,Telephone Field,recover-20220825,002,1795
1691.0325,1691.0704,68437,82545,Rhinolophus ferrumequinum,0.027,0.027,-1,Echolocation,/mnt/ubna_data_01_mir/recover-20220825/UBNA_002/20220823_033000.WAV,Telephone Field,recover-20220825,002,1795
1691.0335,1691.0442,25468,32899,Eptesicus serotinus,0.01,0.027,-1,Echolocation,/mnt/ubna_data_01_mir/recover-20220825/UBNA_002/20220823_033000.WAV,Telephone Field,recover-20220825,002,1795
1691.0665,1691.104,68437,81881,Rhinolophus ferrumequinum,0.021,0.021,-1,Echolocation,/mnt/ubna_data_01_mir/recover-20220825/UBNA_002/20220823_033000.WAV,Telephone Field,recover-20220825,002,1795
1691.0795,1691.1184,68437,82030,Rhinolophus ferrumequinum,0.025,0.025,-1,Echolocation,/mnt/ubna_data_01_mir/recover-20220825/UBNA_002/20220823_033000.WAV,Telephone Field,recover-20220825,002,1795
1691.1045,1691.1148,25468,31621,Nyctalus leisleri,0.008,0.023,-1,Echolocation,/mnt/ubna_data_01_mir/recover-20220825/UBNA_002/20220823_033000.WAV,Telephone Field,recover-20220825,002,1795
1691.1135,1691.1226,51250,55299,Pipistrellus pipistrellus,0.018,0.024,-1,Echolocation,/mnt/ubna_data_01_mir/recover-20220825/UBNA_002/20220823_033000.WAV,Telephone Field,recover-20220825,002,1795
1691.1315,1691.1713,68437,82454,Rhinolophus ferrumequinum,0.021,0.021,-1,Echolocation,/mnt/ubna_data_01_mir/recover-20220825/UBNA_002/20220823_033000.WAV,Telephone Field,recover-20220825,002,1795
1691.1705,1691.2062,68437,81748,Rhinolophus ferrumequinum,0.023,0.023,-1,Echolocation,/mnt/ubna_data_01_mir/recover-20220825/UBNA_002/20220823_033000.WAV,Telephone Field,recover-20220825,002,1795
1691.3055,1691.3428,68437,81365,Rhinolophus ferrumequinum,0.029,0.029,-1,Echolocation,/mnt/ubna_data_01_mir/recover-20220825/UBNA_002/20220823_033000.WAV,Telephone Field,recover-20220825,002,1795
1691.3535,1691.3675,29765,34826,Eptesicus serotinus,0.013,0.023,-1,Echolocation,/mnt/ubna_data_01_mir/recover-20220825/UBNA_002/20220823_033000.WAV,Telephone Field,recover-20220825,002,1795
1691.3875,1691.3963,27187,36359,Eptesicus serotinus,0.011,0.023,-1,Echolocation,/mnt/ubna_data_01_mir/recover-20220825/UBNA_002/20220823_033000.WAV,Telephone Field,recover-20220825,002,1795
1691.3885,1691.4307,68437,83136,Rhinolophus ferrumequinum,0.023,0.023,-1,Echolocation,/mnt/ubna_data_01_mir/recover-20220825/UBNA_002/20220823_033000.WAV,Telephone Field,recover-20220825,002,1795
1691.4085,1691.4196,35781,40685,Pipistrellus nathusii,0.004,0.021,-1,Echolocation,/mnt/ubna_data_01_mir/recover-20220825/UBNA_002/20220823_033000.WAV,Telephone Field,recover-20220825,002,1795
1691.4155,1691.4259,28906,36224,Eptesicus serotinus,0.009,0.021,-1,Echolocation,/mnt/ubna_data_01_mir/recover-20220825/UBNA_002/20220823_033000.WAV,Telephone Field,recover-20220825,002,1795
1691.4275,1691.4361,26328,33916,Eptesicus serotinus,0.01,0.024,-1,Echolocation,/mnt/ubna_data_01_mir/recover-20220825/UBNA_002/20220823_033000.WAV,Telephone Field,recover-20220825,002,1795
1691.4795,1691.514,68437,81419,Rhinolophus ferrumequinum,0.022,0.022,-1,Echolocation,/mnt/ubna_data_01_mir/recover-20220825/UBNA_002/20220823_033000.WAV,Telephone Field,recover-20220825,002,1795
1691.5005,1691.5072,28906,39181,Eptesicus serotinus,0.006,0.024,-1,Echolocation,/mnt/ubna_data_01_mir/recover-20220825/UBNA_002/20220823_033000.WAV,Telephone Field,recover-20220825,002,1795
1691.5475,1691.587,68437,82474,Rhinolophus ferrumequinum,0.022,0.022,-1,Echolocation,/mnt/ubna_data_01_mir/recover-20220825/UBNA_002/20220823_033000.WAV,Telephone Field,recover-20220825,002,1795
1691.5555,1691.596,68437,82453,Rhinolophus ferrumequinum,0.022,0.022,-1,Echolocation,/mnt/ubna_data_01_mir/recover-20220825/UBNA_002/20220823_033000.WAV,Telephone Field,recover-20220825,002,1795
1691.5885,1691.5985,13437,17875,Nyctalus noctula,0.017,0.047,-1,Echolocation,/mnt/ubna_data_01_mir/recover-20220825/UBNA_002/20220823_033000.WAV,Telephone Field,recover-20220825,002,1795
1691.5995,1691.6102,22890,28206,Nyctalus leisleri,0.01,0.022,-1,Echolocation,/mnt/ubna_data_01_mir/recover-20220825/UBNA_002/20220823_033000.WAV,Telephone Field,recover-20220825,002,1795
1691.6885,1691.6961,28046,39385,Eptesicus serotinus,0.006,0.021,-1,Echolocation,/mnt/ubna_data_01_mir/recover-20220825/UBNA_002/20220823_033000.WAV,Telephone Field,recover-20220825,002,1795
1691.6885,1691.7277,68437,82361,Rhinolophus ferrumequinum,0.021,0.021,-1,Echolocation,/mnt/ubna_data_01_mir/recover-20220825/UBNA_002/20220823_033000.WAV,Telephone Field,recover-20220825,002,1795
1691.6945,1691.7307,68437,81625,Rhinolophus ferrumequinum,0.021,0.021,-1,Echolocation,/mnt/ubna_data_01_mir/recover-20220825/UBNA_002/20220823_033000.WAV,Telephone Field,recover-20220825,002,1795
1691.7155,1691.7515,68437,81684,Rhinolophus ferrumequinum,0.022,0.022,-1,Echolocation,/mnt/ubna_data_01_mir/recover-20220825/UBNA_002/20220823_033000.WAV,Telephone Field,recover-20220825,002,1795
1691.7275,1691.7628,68437,81450,Rhinolophus ferrumequinum,0.021,0.021,-1,Echolocation,/mnt/ubna_data_01_mir/recover-20220825/UBNA_002/20220823_033000.WAV,Telephone Field,recover-20220825,002,1795
1691.7385,1691.7472,43515,47590,Pipistrellus pipistrellus,0.025,0.03,-1,Echolocation,/mnt/ubna_data_01_mir/recover-20220825/UBNA_002/20220823_033000.WAV,Telephone Field,recover-20220825,002,1795
1691.7725,1691.8133,68437,82376,Rhinolophus ferrumequinum,0.023,0.023,-1,Echolocation,/mnt/ubna_data_01_mir/recover-20220825/UBNA_002/20220823_033000.WAV,Telephone Field,recover-20220825,002,1795
1691.7995,1691.8074,47812,54967,Pipistrellus pipistrellus,0.019,0.023,-1,Echolocation,/mnt/ubna_data_01_mir/recover-20220825/UBNA_002/20220823_033000.WAV,Telephone Field,recover-20220825,002,1795
1691.8005,1691.8094,22890,30518,Plecotus austriacus,0.011,0.027,-1,Echolocation,/mnt/ubna_data_01_mir/recover-20220825/UBNA_002/20220823_033000.WAV,Telephone Field,recover-20220825,002,1795
1691.8115,1691.8201,27187,36032,Eptesicus serotinus,0.008,0.022,-1,Echolocation,/mnt/ubna_data_01_mir/recover-20220825/UBNA_002/20220823_033000.WAV,Telephone Field,recover-20220825,002,1795
1691.8175,1691.8534,68437,81736,Rhinolophus ferrumequinum,0.021,0.021,-1,Echolocation,/mnt/ubna_data_01_mir/recover-20220825/UBNA_002/20220823_033000.WAV,Telephone Field,recover-20220825,002,1795
1691.8425,1691.879,68437,81426,Rhinolophus ferrumequinum,0.025,0.025,-1,Echolocation,/mnt/ubna_data_01_mir/recover-20220825/UBNA_002/20220823_033000.WAV,Telephone Field,recover-20220825,002,1795
1691.8925,1691.9305,68437,81710,Rhinolophus ferrumequinum,0.021,0.021,-1,Echolocation,/mnt/ubna_data_01_mir/recover-20220825/UBNA_002/20220823_033000.WAV,Telephone Field,recover-20220825,002,1795
1691.9115,1691.92,26328,35378,Eptesicus serotinus,0.013,0.029,-1,Echolocation,/mnt/ubna_data_01_mir/recover-20220825/UBNA_002/20220823_033000.WAV,Telephone Field,recover-20220825,002,1795
1691.9215,1691.9573,68437,81004,Rhinolophus ferrumequinum,0.024,0.024,-1,Echolocation,/mnt/ubna_data_01_mir/recover-20220825/UBNA_002/20220823_033000.WAV,Telephone Field,recover-20220825,002,1795
1691.9705,1691.9775,28906,39348,Eptesicus serotinus,0.006,0.021,-1,Echolocation,/mnt/ubna_data_01_mir/recover-20220825/UBNA_002/20220823_033000.WAV,Telephone Field,recover-20220825,002,1795
1692.0015,1692.0092,25468,34210,Nyctalus leisleri,0.006,0.023,-1,Echolocation,/mnt/ubna_data_01_mir/recover-20220825/UBNA_002/20220823_033000.WAV,Telephone Field,recover-20220825,002,1795
1692.0015,1692.0367,68437,80314,Rhinolophus ferrumequinum,0.034,0.034,-1,Echolocation,/mnt/ubna_data_01_mir/recover-20220825/UBNA_002/20220823_033000.WAV,Telephone Field,recover-20220825,002,1795
1692.0125,1692.0579,68437,83620,Rhinolophus ferrumequinum,0.03,0.03,-1,Echolocation,/mnt/ubna_data_01_mir/recover-20220825/UBNA_002/20220823_033000.WAV,Telephone Field,recover-20220825,002,1795
1692.0275,1692.038,22890,27905,Nyctalus leisleri,0.011,0.022,-1,Echolocation,/mnt/ubna_data_01_mir/recover-20220825/UBNA_002/20220823_033000.WAV,Telephone Field,recover-20220825,002,1795
1692.0355,1692.0716,68437,81972,Rhinolophus ferrumequinum,0.023,0.023,-1,Echolocation,/mnt/ubna_data_01_mir/recover-20220825/UBNA_002/20220823_033000.WAV,Telephone Field,recover-20220825,002,1795
1692.0615,1692.0689,27187,36544,Eptesicus serotinus,0.008,0.025,-1,Echolocation,/mnt/ubna_data_01_mir/recover-20220825/UBNA_002/20220823_033000.WAV,Telephone Field,recover-20220825,002,1795
1692.0645,1692.0997,68437,81941,Rhinolophus ferrumequinum,0.021,0.021,-1,Echolocation,/mnt/ubna_data_01_mir/recover-20220825/UBNA_002/20220823_033000.WAV,Telephone Field,recover-20220825,002,1795
1692.0765,1692.0851,26328,37268,Eptesicus serotinus,0.01,0.024,-1,Echolocation,/mnt/ubna_data_01_mir/recover-20220825/UBNA_002/20220823_033000.WAV,Telephone Field,recover-20220825,002,1795
1692.1105,1692.1507,68437,82785,Rhinolophus ferrumequinum,0.022,0.022,-1,Echolocation,/mnt/ubna_data_01_mir/recover-20220825/UBNA_002/20220823_033000.WAV,Telephone Field,recover-20220825,002,1795
1692.1635,1692.1718,38359,45280,Myotis daubentonii,0.007,0.021,-1,Echolocation,/mnt/ubna_data_01_mir/recover-20220825/UBNA_002/20220823_033000.WAV,Telephone Field,recover-20220825,002,1795
1692.1635,1692.2037,68437,82641,Rhinolophus ferrumequinum,0.026,0.026,-1,Echolocation,/mnt/ubna_data_01_mir/recover-20220825/UBNA_002/20220823_033000.WAV,Telephone Field,recover-20220825,002,1795
1692.1645,1692.1732,42656,46474,Pipistrellus pipistrellus,0.023,0.025,-1,Echolocation,/mnt/ubna_data_01_mir/recover-20220825/UBNA_002/20220823_033000.WAV,Telephone Field,recover-20220825,002,1795
1692.2165,1692.2249,28046,39649,Eptesicus serotinus,0.025,0.045,-1,Echolocation,/mnt/ubna_data_01_mir/recover-20220825/UBNA_002/20220823_033000.WAV,Telephone Field,recover-20220825,002,1795
1692.2185,1692.2587,68437,82078,Rhinolophus ferrumequinum,0.024,0.024,-1,Echolocation,/mnt/ubna_data_01_mir/recover-20220825/UBNA_002/20220823_033000.WAV,Telephone Field,recover-20220825,002,1795
1692.2695,1692.3119,68437,82802,Rhinolophus ferrumequinum,0.028,0.028,-1,Echolocation,/mnt/ubna_data_01_mir/recover-20220825/UBNA_002/20220823_033000.WAV,Telephone Field,recover-20220825,002,1795
1692.2835,1692.2928,49531,53701,Pipistrellus pipistrellus,0.02,0.023,-1,Echolocation,/mnt/ubna_data_01_mir/recover-20220825/UBNA_002/20220823_033000.WAV,Telephone Field,recover-20220825,002,1795
1692.2965,1692.3379,68437,82976,Rhinolophus ferrumequinum,0.023,0.023,-1,Echolocation,/mnt/ubna_data_01_mir/recover-20220825/UBNA_002/20220823_033000.WAV,Telephone Field,recover-20220825,002,1795
1692.3215,1692.3316,22031,27077,Nyctalus leisleri,0.01,0.022,-1,Echolocation,/mnt/ubna_data_01_mir/recover-20220825/UBNA_002/20220823_033000.WAV,Telephone Field,recover-20220825,002,1795
1692.3225,1692.3312,50390,56794,Pipistrellus pipistrellus,0.02,0.024,-1,Echolocation,/mnt/ubna_data_01_mir/recover-20220825/UBNA_002/20220823_033000.WAV,Telephone Field,recover-20220825,002,1795
1692.3235,1692.3321,28906,37169,Eptesicus serotinus,0.007,0.023,-1,Echolocation,/mnt/ubna_data_01_mir/recover-20220825/UBNA_002/20220823_033000.WAV,Telephone Field,recover-20220825,002,1795
1692.3815,1692.4186,68437,81272,Rhinolophus ferrumequinum,0.022,0.022,-1,Echolocation,/mnt/ubna_data_01_mir/recover-20220825/UBNA_002/20220823_033000.WAV,Telephone Field,recover-20220825,002,1795
1692.3855,1692.3923,27187,41197,Eptesicus serotinus,0.006,0.025,-1,Echolocation,/mnt/ubna_data_01_mir/recover-20220825/UBNA_002/20220823_033000.WAV,Telephone Field,recover-20220825,002,1795
1692.4025,1692.4414,68437,81550,Rhinolophus ferrumequinum,0.023,0.023,-1,Echolocation,/mnt/ubna_data_01_mir/recover-20220825/UBNA_002/20220823_033000.WAV,Telephone Field,recover-20220825,002,1795
1692.4285,1692.4703,68437,83164,Rhinolophus ferrumequinum,0.024,0.024,-1,Echolocation,/mnt/ubna_data_01_mir/recover-20220825/UBNA_002/20220823_033000.WAV,Telephone Field,recover-20220825,002,1795
1692.4575,1692.466,27187,36246,Eptesicus serotinus,0.008,0.021,-1,Echolocation,/mnt/ubna_data_01_mir/recover-20220825/UBNA_002/20220823_033000.WAV,Telephone Field,recover-20220825,002,1795
1692.4755,1692.4847,28906,38274,Eptesicus serotinus,0.011,0.025,-1,Echolocation,/mnt/ubna_data_01_mir/recover-20220825/UBNA_002/20220823_033000.WAV,Telephone Field,recover-20220825,002,1795
1692.5015,1692.5175,34921,39273,Pipistrellus nathusii,0.015,0.037,-1,Echolocation,/mnt/ubna_data_01_mir/recover-20220825/UBNA_002/20220823_033000.WAV,Telephone Field,recover-20220825,002,1795
1692.5045,1692.5131,28046,36855,Eptesicus serotinus,0.007,0.021,-1,Echolocation,/mnt/ubna_data_01_mir/recover-20220825/UBNA_002/20220823_033000.WAV,Telephone Field,recover-20220825,002,1795
1692.5155,1692.5582,68437,82681,Rhinolophus ferrumequinum,0.03,0.03,-1,Echolocation,/mnt/ubna_data_01_mir/recover-20220825/UBNA_002/20220823_033000.WAV,Telephone Field,recover-20220825,002,1795
1692.5295,1692.5725,68437,82946,Rhinolophus ferrumequinum,0.021,0.021,-1,Echolocation,/mnt/ubna_data_01_mir/recover-20220825/UBNA_002/20220823_033000.WAV,Telephone Field,recover-20220825,002,1795
1692.5695,1692.6088,68437,82067,Rhinolophus ferrumequinum,0.026,0.026,-1,Echolocation,/mnt/ubna_data_01_mir/recover-20220825/UBNA_002/20220823_033000.WAV,Telephone Field,recover-20220825,002,1795
1692.5715,1692.5792,28046,40905,Eptesicus serotinus,0.008,0.022,-1,Echolocation,/mnt/ubna_data_01_mir/recover-20220825/UBNA_002/20220823_033000.WAV,Telephone Field,recover-20220825,002,1795
1692.5725,1692.5786,34062,45220,Myotis daubentonii,0.009,0.026,-1,Echolocation,/mnt/ubna_data_01_mir/recover-20220825/UBNA_002/20220823_033000.WAV,Telephone Field,recover-20220825,002,1795
1692.6025,1692.6406,68437,81108,Rhinolophus ferrumequinum,0.022,0.022,-1,Echolocation,/mnt/ubna_data_01_mir/recover-20220825/UBNA_002/20220823_033000.WAV,Telephone Field,recover-20220825,002,1795
1692.6185,1692.6285,33203,40778,Barbastellus barbastellus,0.006,0.024,-1,Echolocation,/mnt/ubna_data_01_mir/recover-20220825/UBNA_002/20220823_033000.WAV,Telephone Field,recover-20220825,002,1795
1692.7145,1692.7523,68437,81951,Rhinolophus ferrumequinum,0.023,0.023,-1,Echolocation,/mnt/ubna_data_01_mir/recover-20220825/UBNA_002/20220823_033000.WAV,Telephone Field,recover-20220825,002,1795
1692.7485,1692.7858,68437,82073,Rhinolophus ferrumequinum,0.023,0.023,-1,Echolocation,/mnt/ubna_data_01_mir/recover-20220825/UBNA_002/20220823_033000.WAV,Telephone Field,recover-20220825,002,1795
1692.7715,1692.8092,68437,82247,Rhinolophus ferrumequinum,0.024,0.024,-1,Echolocation,/mnt/ubna_data_01_mir/recover-20220825/UBNA_002/20220823_033000.WAV,Telephone Field,recover-20220825,002,1795
1692.7815,1692.8158,68437,81117,Rhinolophus ferrumequinum,0.022,0.022,-1,Echolocation,/mnt/ubna_data_01_mir/recover-20220825/UBNA_002/20220823_033000.WAV,Telephone Field,recover-20220825,002,1795
1692.8565,1692.8646,49531,56858,Pipistrellus pipistrellus,0.027,0.03,-1,Echolocation,/mnt/ubna_data_01_mir/recover-20220825/UBNA_002/20220823_033000.WAV,Telephone Field,recover-20220825,002,1795
1692.8645,1692.9048,68437,81974,Rhinolophus ferrumequinum,0.021,0.021,-1,Echolocation,/mnt/ubna_data_01_mir/recover-20220825/UBNA_002/20220823_033000.WAV,Telephone Field,recover-20220825,002,1795
1692.8745,1692.9112,68437,81552,Rhinolophus ferrumequinum,0.021,0.021,-1,Echolocation,/mnt/ubna_data_01_mir/recover-20220825/UBNA_002/20220823_033000.WAV,Telephone Field,recover-20220825,002,1795
1692.8925,1692.8996,25468,34306,Plecotus austriacus,0.005,0.021,-1,Echolocation,/mnt/ubna_data_01_mir/recover-20220825/UBNA_002/20220823_033000.WAV,Telephone Field,recover-20220825,002,1795
1692.9055,1692.9496,68437,83327,Rhinolophus ferrumequinum,0.029,0.029,-1,Echolocation,/mnt/ubna_data_01_mir/recover-20220825/UBNA_002/20220823_033000.WAV,Telephone Field,recover-20220825,002,1795
1692.9115,1692.9196,14296,25096,Plecotus auritus,0.008,0.021,-1,Echolocation,/mnt/ubna_data_01_mir/recover-20220825/UBNA_002/20220823_033000.WAV,Telephone Field,recover-20220825,002,1795
1692.9425,1692.9835,68437,83302,Rhinolophus ferrumequinum,0.024,0.024,-1,Echolocation,/mnt/ubna_data_01_mir/recover-20220825/UBNA_002/20220823_033000.WAV,Telephone Field,recover-20220825,002,1795
1692.9485,1692.9559,28906,38298,Eptesicus serotinus,0.006,0.023,-1,Echolocation,/mnt/ubna_data_01_mir/recover-20220825/UBNA_002/20220823_033000.WAV,Telephone Field,recover-20220825,002,1795
1692.9565,1692.9943,68437,81828,Rhinolophus ferrumequinum,0.021,0.021,-1,Echolocation,/mnt/ubna_data_01_mir/recover-20220825/UBNA_002/20220823_033000.WAV,Telephone Field,recover-20220825,002,1795
1692.9865,1693.0279,68437,82767,Rhinolophus ferrumequinum,0.022,0.022,-1,Echolocation,/mnt/ubna_data_01_mir/recover-20220825/UBNA_002/20220823_033000.WAV,Telephone Field,recover-20220825,002,1795
1692.9935,1693.035,68437,82336,Rhinolophus ferrumequinum,0.022,0.022,-1,Echolocation,/mnt/ubna_data_01_mir/recover-20220825/UBNA_002/20220823_033000.WAV,Telephone Field,recover-20220825,002,1795
1692.9995,1693.0071,22890,31113,Plecotus austriacus,0.015,0.031,-1,Echolocation,/mnt/ubna_data_01_mir/recover-20220825/UBNA_002/20220823_033000.WAV,Telephone Field,recover-20220825,002,1795
1693.0125,1693.0528,68437,82411,Rhinolophus ferrumequinum,0.022,0.022,-1,Echolocation,/mnt/ubna_data_01_mir/recover-20220825/UBNA_002/20220823_033000.WAV,Telephone Field,recover-20220825,002,1795
1693.0195,1693.0595,68437,82398,Rhinolophus ferrumequinum,0.022,0.022,-1,Echolocation,/mnt/ubna_data_01_mir/recover-20220825/UBNA_002/20220823_033000.WAV,Telephone Field,recover-20220825,002,1795
1693.0305,1693.0378,28046,41105,Eptesicus serotinus,0.007,0.024,-1,Echolocation,/mnt/ubna_data_01_mir/recover-20220825/UBNA_002/20220823_033000.WAV,Telephone Field,recover-20220825,002,1795
1693.0635,1693.0725,27187,38323,Eptesicus serotinus,0.008,0.021,-1,Echolocation,/mnt/ubna_data_01_mir/recover-20220825/UBNA_002/20220823_033000.WAV,Telephone Field,recover-20220825,002,1795
1693.0865,1693.1267,68437,82328,Rhinolophus ferrumequinum,0.022,0.022,-1,Echolocation,/mnt/ubna_data_01_mir/recover-20220825/UBNA_002/20220823_033000.WAV,Telephone Field,recover-20220825,002,1795
1693.0875,1693.0949,26328,35355,Eptesicus serotinus,0.008,0.024,-1,Echolocation,/mnt/ubna_data_01_mir/recover-20220825/UBNA_002/20220823_033000.WAV,Telephone Field,recover-20220825,002,1795
1693.1175,1693.1554,68437,82015,Rhinolophus ferrumequinum,0.023,0.023,-1,Echolocation,/mnt/ubna_data_01_mir/recover-20220825/UBNA_002/20220823_033000.WAV,Telephone Field,recover-20220825,002,1795
1693.1275,1693.1696,68437,82303,Rhinolophus ferrumequinum,0.024,0.024,-1,Echolocation,/mnt/ubna_data_01_mir/recover-20220825/UBNA_002/20220823_033000.WAV,Telephone Field,recover-20220825,002,1795
1693.1485,1693.1843,68437,82320,Rhinolophus ferrumequinum,0.021,0.021,-1,Echolocation,/mnt/ubna_data_01_mir/recover-20220825/UBNA_002/20220823_033000.WAV,Telephone Field,recover-20220825,002,1795
1693.1505,1693.1599,28906,39493,Eptesicus serotinus,0.008,0.021,-1,Echolocation,/mnt/ubna_data_01_mir/recover-20220825/UBNA_002/20220823_033000.WAV,Telephone Field,recover-20220825,002,1795
1693.1655,1693.2057,68437,82757,Rhinolophus ferrumequinum,0.029,0.029,-1,Echolocation,/mnt/ubna_data_01_mir/recover-20220825/UBNA_002/20220823_033000.WAV,Telephone Field,recover-20220825,002,1795
1693.1895,1693.1967,28906,37468,Eptesicus serotinus,0.006,0.022,-1,Echolocation,/mnt/ubna_data_01_mir/recover-20220825/UBNA_002/20220823_033000.WAV,Telephone Field,recover-20220825,002,1795
1693.2005,1693.2135,22031,25764,Nyctalus leisleri,0.013,0.022,-1,Echolocation,/mnt/ubna_data_01_mir/recover-20220825/UBNA_002/20220823_033000.WAV,Telephone Field,recover-20220825,002,1795
1693.2085,1693.2492,68437,82764,Rhinolophus ferrumequinum,0.022,0.022,-1,Echolocation,/mnt/ubna_data_01_mir/recover-20220825/UBNA_002/20220823_033000.WAV,Telephone Field,recover-20220825,002,1795
1693.2155,1693.258,68437,82395,Rhinolophus ferrumequinum,0.023,0.023,-1,Echolocation,/mnt/ubna_data_01_mir/recover-20220825/UBNA_002/20220823_033000.WAV,Telephone Field,recover-20220825,002,1795
1693.2365,1693.2773,68437,82786,Rhinolophus ferrumequinum,0.023,0.023,-1,Echolocation,/mnt/ubna_data_01_mir/recover-20220825/UBNA_002/20220823_033000.WAV,Telephone Field,recover-20220825,002,1795
1693.2385,1693.2462,27187,37978,Eptesicus serotinus,0.008,0.024,-1,Echolocation,/mnt/ubna_data_01_mir/recover-20220825/UBNA_002/20220823_033000.WAV,Telephone Field,recover-20220825,002,1795
1693.2625,1693.2724,40937,48450,Pipistrellus nathusii,0.014,0.029,-1,Echolocation,/mnt/ubna_data_01_mir/recover-20220825/UBNA_002/20220823_033000.WAV,Telephone Field,recover-20220825,002,1795
1693.2775,1693.315,68437,81461,Rhinolophus ferrumequinum,0.023,0.023,-1,Echolocation,/mnt/ubna_data_01_mir/recover-20220825/UBNA_002/20220823_033000.WAV,Telephone Field,recover-20220825,002,1795
1693.3155,1693.3542,68437,81970,Rhinolophus ferrumequinum,0.026,0.026,-1,Echolocation,/mnt/ubna_data_01_mir/recover-20220825/UBNA_002/20220823_033000.WAV,Telephone Field,recover-20220825,002,1795
1693.3515,1693.3905,68437,82410,Rhinolophus ferrumequinum,0.024,0.024,-1,Echolocation,/mnt/ubna_data_01_mir/recover-20220825/UBNA_002/20220823_033000.WAV,Telephone Field,recover-20220825,002,1795
1693.3625,1693.3999,68437,81893,Rhinolophus ferrumequinum,0.023,0.023,-1,Echolocation,/mnt/ubna_data_01_mir/recover-20220825/UBNA_002/20220823_033000.WAV,Telephone Field,recover-20220825,002,1795
1693.3835,1693.3911,28046,38295,Eptesicus serotinus,0.007,0.021,-1,Echolocation,/mnt/ubna_data_01_mir/recover-20220825/UBNA_002/20220823_033000.WAV,Telephone Field,recover-20220825,002,1795
1693.3855,1693.4258,68437,81886,Rhinolophus ferrumequinum,0.021,0.021,-1,Echolocation,/mnt/ubna_data_01_mir/recover-20220825/UBNA_002/20220823_033000.WAV,Telephone Field,recover-20220825,002,1795
1693.4065,1693.4128,27187,43037,Eptesicus serotinus,0.007,0.031,-1,Echolocation,/mnt/ubna_data_01_mir/recover-20220825/UBNA_002/20220823_033000.WAV,Telephone Field,recover-20220825,002,1795
1693.4225,1693.4615,68437,82400,Rhinolophus ferrumequinum,0.021,0.021,-1,Echolocation,/mnt/ubna_data_01_mir/recover-20220825/UBNA_002/20220823_033000.WAV,Telephone Field,recover-20220825,002,1795
1693.4625,1693.4802,22031,26014,Nyctalus leisleri,0.034,0.066,-1,Echolocation,/mnt/ubna_data_01_mir/recover-20220825/UBNA_002/20220823_033000.WAV,Telephone Field,recover-20220825,002,1795
1693.4895,1693.4999,58984,64134,Pipistrellus pygmaeus,0.027,0.027,-1,Echolocation,/mnt/ubna_data_01_mir/recover-20220825/UBNA_002/20220823_033000.WAV,Telephone Field,recover-20220825,002,1795
1693.4915,1693.5004,24609,33494,Nyctalus leisleri,0.006,0.023,-1,Echolocation,/mnt/ubna_data_01_mir/recover-20220825/UBNA_002/20220823_033000.WAV,Telephone Field,recover-20220825,002,1795
1693.5085,1693.5477,68437,80992,Rhinolophus ferrumequinum,0.021,0.021,-1,Echolocation,/mnt/ubna_data_01_mir/recover-20220825/UBNA_002/20220823_033000.WAV,Telephone Field,recover-20220825,002,1795
1693.5335,1693.5715,68437,82097,Rhinolophus ferrumequinum,0.024,0.024,-1,Echolocation,/mnt/ubna_data_01_mir/recover-20220825/UBNA_002/20220823_033000.WAV,Telephone Field,recover-20220825,002,1795
1693.5485,1693.5593,22031,26345,Nyctalus leisleri,0.011,0.023,-1,Echolocation,/mnt/ubna_data_01_mir/recover-20220825/UBNA_002/20220823_033000.WAV,Telephone Field,recover-20220825,002,1795
1693.5915,1693.5988,27187,41850,Eptesicus serotinus,0.006,0.022,-1,Echolocation,/mnt/ubna_data_01_mir/recover-20220825/UBNA_002/20220823_033000.WAV,Telephone Field,recover-20220825,002,1795
1693.6195,1693.6595,68437,82300,Rhinolophus ferrumequinum,0.021,0.021,-1,Echolocation,/mnt/ubna_data_01_mir/recover-20220825/UBNA_002/20220823_033000.WAV,Telephone Field,recover-20220825,002,1795
1693.6665,1693.7061,68437,81971,Rhinolophus ferrumequinum,0.021,0.021,-1,Echolocation,/mnt/ubna_data_01_mir/recover-20220825/UBNA_002/20220823_033000.WAV,Telephone Field,recover-20220825,002,1795
1693.6855,1693.6939,26328,35014,Eptesicus serotinus,0.007,0.022,-1,Echolocation,/mnt/ubna_data_01_mir/recover-20220825/UBNA_002/20220823_033000.WAV,Telephone Field,recover-20220825,002,1795
1693.7165,1693.7508,68437,80681,Rhinolophus ferrumequinum,0.021,0.022,-1,Echolocation,/mnt/ubna_data_01_mir/recover-20220825/UBNA_002/20220823_033000.WAV,Telephone Field,recover-20220825,002,1795
1693.7885,1693.7984,28906,36166,Eptesicus serotinus,0.009,0.021,-1,Echolocation,/mnt/ubna_data_01_mir/recover-20220825/UBNA_002/20220823_033000.WAV,Telephone Field,recover-20220825,002,1795
1693.8835,1693.8912,26328,35447,Eptesicus serotinus,0.008,0.025,-1,Echolocation,/mnt/ubna_data_01_mir/recover-20220825/UBNA_002/20220823_033000.WAV,Telephone Field,recover-20220825,002,1795
1693.8895,1693.9275,68437,82475,Rhinolophus ferrumequinum,0.023,0.023,-1,Echolocation,/mnt/ubna_data_01_mir/recover-20220825/UBNA_002/20220823_033000.WAV,Telephone Field,recover-20220825,002,1795
1693.9125,1693.9282,22031,25879,Nyctalus leisleri,0.022,0.037,-1,Echolocation,/mnt/ubna_data_01_mir/recover-20220825/UBNA_002/20220823_033000.WAV,Telephone Field,recover-20220825,002,1795
1693.9265,1693.9675,68437,82877,Rhinolophus ferrumequinum,0.023,0.023,-1,Echolocation,/mnt/ubna_data_01_mir/recover-20220825/UBNA_002/20220823_033000.WAV,Telephone Field,recover-20220825,002,1795
1693.9575,1693.9662,55546,60086,Pipistrellus pygmaeus,0.019,0.022,-1,Echolocation,/mnt/ubna_data_01_mir/recover-20220825/UBNA_002/20220823_033000.WAV,Telephone Field,recover-20220825,002,1795
1693.9615,1693.9706,28046,38488,Eptesicus serotinus,0.008,0.022,-1,Echolocation,/mnt/ubna_data_01_mir/recover-20220825/UBNA_002/20220823_033000.WAV,Telephone Field,recover-20220825,002,1795
1694.0015,1694.0316,69296,81148,Rhinolophus ferrumequinum,0.029,0.029,-1,Echolocation,/mnt/ubna_data_01_mir/recover-20220825/UBNA_002/20220823_033000.WAV,Telephone Field,recover-20220825,002,1795
1694.0015,1694.011,26328,36632,Eptesicus serotinus,0.008,0.028,-1,Echolocation,/mnt/ubna_data_01_mir/recover-20220825/UBNA_002/20220823_033000.WAV,Telephone Field,recover-20220825,002,1795
1694.0605,1694.1002,68437,82522,Rhinolophus ferrumequinum,0.025,0.025,-1,Echolocation,/mnt/ubna_data_01_mir/recover-20220825/UBNA_002/20220823_033000.WAV,Telephone Field,recover-20220825,002,1795
1694.0755,1694.095,36640,41170,Pipistrellus nathusii,0.023,0.042,-1,Echolocation,/mnt/ubna_data_01_mir/recover-20220825/UBNA_002/20220823_033000.WAV,Telephone Field,recover-20220825,002,1795
1694.0755,1694.0831,27187,37580,Eptesicus serotinus,0.007,0.022,-1,Echolocation,/mnt/ubna_data_01_mir/recover-20220825/UBNA_002/20220823_033000.WAV,Telephone Field,recover-20220825,002,1795
1694.1495,1694.1887,68437,82670,Rhinolophus ferrumequinum,0.026,0.026,-1,Echolocation,/mnt/ubna_data_01_mir/recover-20220825/UBNA_002/20220823_033000.WAV,Telephone Field,recover-20220825,002,1795
1694.1535,1694.16,49531,53433,Pipistrellus pipistrellus,0.02,0.022,-1,Echolocation,/mnt/ubna_data_01_mir/recover-20220825/UBNA_002/20220823_033000.WAV,Telephone Field,recover-20220825,002,1795
1694.2135,1694.2535,68437,82548,Rhinolophus ferrumequinum,0.032,0.032,-1,Echolocation,/mnt/ubna_data_01_mir/recover-20220825/UBNA_002/20220823_033000.WAV,Telephone Field,recover-20220825,002,1795
1694.2475,1694.257,22031,28243,Plecotus austriacus,0.008,0.022,-1,Echolocation,/mnt/ubna_data_01_mir/recover-20220825/UBNA_002/20220823_033000.WAV,Telephone Field,recover-20220825,002,1795
1694.2925,1694.2999,27187,43257,Eptesicus serotinus,0.007,0.022,-1,Echolocation,/mnt/ubna_data_01_mir/recover-20220825/UBNA_002/20220823_033000.WAV,Telephone Field,recover-20220825,002,1795
1694.3095,1694.3441,68437,80822,Rhinolophus ferrumequinum,0.022,0.022,-1,Echolocation,/mnt/ubna_data_01_mir/recover-20220825/UBNA_002/20220823_033000.WAV,Telephone Field,recover-20220825,002,1795
1694.3325,1694.3706,68437,82010,Rhinolophus ferrumequinum,0.032,0.032,-1,Echolocation,/mnt/ubna_data_01_mir/recover-20220825/UBNA_002/20220823_033000.WAV,Telephone Field,recover-20220825,002,1795
1694.3435,1694.3505,28046,39633,Eptesicus serotinus,0.008,0.026,-1,Echolocation,/mnt/ubna_data_01_mir/recover-20220825/UBNA_002/20220823_033000.WAV,Telephone Field,recover-20220825,002,1795
1694.3845,1694.4181,68437,81657,Rhinolophus ferrumequinum,0.023,0.023,-1,Echolocation,/mnt/ubna_data_01_mir/recover-20220825/UBNA_002/20220823_033000.WAV,Telephone Field,recover-20220825,002,1795
1694.3855,1694.391,40078,61861,Myotis brandtii,0.007,0.022,-1,Echolocation,/mnt/ubna_data_01_mir/recover-20220825/UBNA_002/20220823_033000.WAV,Telephone Field,recover-20220825,002,1795
1694.3975,1694.438,68437,82093,Rhinolophus ferrumequinum,0.022,0.022,-1,Echolocation,/mnt/ubna_data_01_mir/recover-20220825/UBNA_002/20220823_033000.WAV,Telephone Field,recover-20220825,002,1795
1694.4385,1694.4457,27187,39990,Eptesicus serotinus,0.007,0.023,-1,Echolocation,/mnt/ubna_data_01_mir/recover-20220825/UBNA_002/20220823_033000.WAV,Telephone Field,recover-20220825,002,1795
1694.4385,1694.4454,34062,43091,Myotis daubentonii,0.009,0.023,-1,Echolocation,/mnt/ubna_data_01_mir/recover-20220825/UBNA_002/20220823_033000.WAV,Telephone Field,recover-20220825,002,1795
1694.4485,1694.458,28046,36482,Eptesicus serotinus,0.008,0.022,-1,Echolocation,/mnt/ubna_data_01_mir/recover-20220825/UBNA_002/20220823_033000.WAV,Telephone Field,recover-20220825,002,1795
1694.4785,1694.484,31484,48202,Myotis daubentonii,0.018,0.034,-1,Echolocation,/mnt/ubna_data_01_mir/recover-20220825/UBNA_002/20220823_033000.WAV,Telephone Field,recover-20220825,002,1795
1694.5275,1694.5659,68437,82206,Rhinolophus ferrumequinum,0.024,0.024,-1,Echolocation,/mnt/ubna_data_01_mir/recover-20220825/UBNA_002/20220823_033000.WAV,Telephone Field,recover-20220825,002,1795
1694.5335,1694.571,68437,81471,Rhinolophus ferrumequinum,0.023,0.023,-1,Echolocation,/mnt/ubna_data_01_mir/recover-20220825/UBNA_002/20220823_033000.WAV,Telephone Field,recover-20220825,002,1795
1694.5565,1694.5638,27187,38886,Eptesicus serotinus,0.007,0.023,-1,Echolocation,/mnt/ubna_data_01_mir/recover-20220825/UBNA_002/20220823_033000.WAV,Telephone Field,recover-20220825,002,1795
1694.5835,1694.6236,68437,82276,Rhinolophus ferrumequinum,0.022,0.022,-1,Echolocation,/mnt/ubna_data_01_mir/recover-20220825/UBNA_002/20220823_033000.WAV,Telephone Field,recover-20220825,002,1795
1694.5875,1694.5943,27187,41082,Eptesicus serotinus,0.008,0.029,-1,Echolocation,/mnt/ubna_data_01_mir/recover-20220825/UBNA_002/20220823_033000.WAV,Telephone Field,recover-20220825,002,1795
1694.6345,1694.6702,68437,81803,Rhinolophus ferrumequinum,0.025,0.025,-1,Echolocation,/mnt/ubna_data_01_mir/recover-20220825/UBNA_002/20220823_033000.WAV,Telephone Field,recover-20220825,002,1795
1694.6505,1694.6577,27187,41064,Eptesicus serotinus,0.013,0.041,-1,Echolocation,/mnt/ubna_data_01_mir/recover-20220825/UBNA_002/20220823_033000.WAV,Telephone Field,recover-20220825,002,1795
1694.6955,1694.7027,27187,38761,Eptesicus serotinus,0.007,0.024,-1,Echolocation,/mnt/ubna_data_01_mir/recover-20220825/UBNA_002/20220823_033000.WAV,Telephone Field,recover-20220825,002,1795
1694.7125,1694.752,68437,82130,Rhinolophus ferrumequinum,0.027,0.027,-1,Echolocation,/mnt/ubna_data_01_mir/recover-20220825/UBNA_002/20220823_033000.WAV,Telephone Field,recover-20220825,002,1795
1694.7435,1694.7527,27187,38596,Eptesicus serotinus,0.009,0.024,-1,Echolocation,/mnt/ubna_data_01_mir/recover-20220825/UBNA_002/20220823_033000.WAV,Telephone Field,recover-20220825,002,1795
1694.8265,1694.8343,27187,38873,Eptesicus serotinus,0.008,0.022,-1,Echolocation,/mnt/ubna_data_01_mir/recover-20220825/UBNA_002/20220823_033000.WAV,Telephone Field,recover-20220825,002,1795
1694.8435,1694.8534,24609,31810,Eptesicus serotinus,0.01,0.03,-1,Echolocation,/mnt/ubna_data_01_mir/recover-20220825/UBNA_002/20220823_033000.WAV,Telephone Field,recover-20220825,002,1795
1694.8495,1694.8595,26328,33813,Eptesicus serotinus,0.014,0.03,-1,Echolocation,/mnt/ubna_data_01_mir/recover-20220825/UBNA_002/20220823_033000.WAV,Telephone Field,recover-20220825,002,1795
1694.9485,1694.9866,68437,82300,Rhinolophus ferrumequinum,0.022,0.022,-1,Echolocation,/mnt/ubna_data_01_mir/recover-20220825/UBNA_002/20220823_033000.WAV,Telephone Field,recover-20220825,002,1795
1694.9865,1694.9946,27187,39246,Eptesicus serotinus,0.008,0.023,-1,Echolocation,/mnt/ubna_data_01_mir/recover-20220825/UBNA_002/20220823_033000.WAV,Telephone Field,recover-20220825,002,1795
1695.0305,1695.039,28046,39040,Eptesicus serotinus,0.009,0.024,-1,Echolocation,/mnt/ubna_data_01_mir/recover-20220825/UBNA_002/20220823_033000.WAV,Telephone Field,recover-20220825,002,1795
1695.0515,1695.0876,68437,81699,Rhinolophus ferrumequinum,0.022,0.023,-1,Echolocation,/mnt/ubna_data_01_mir/recover-20220825/UBNA_002/20220823_033000.WAV,Telephone Field,recover-20220825,002,1795
1695.0685,1695.1105,68437,82851,Rhinolophus ferrumequinum,0.03,0.03,-1,Echolocation,/mnt/ubna_data_01_mir/recover-20220825/UBNA_002/20220823_033000.WAV,Telephone Field,recover-20220825,002,1795
1695.0695,1695.0773,51250,57552,Pipistrellus pipistrellus,0.019,0.024,-1,Echolocation,/mnt/ubna_data_01_mir/recover-20220825/UBNA_002/20220823_033000.WAV,Telephone Field,recover-20220825,002,1795
1695.0915,1695.132,68437,82040,Rhinolophus ferrumequinum,0.022,0.022,-1,Echolocation,/mnt/ubna_data_01_mir/recover-20220825/UBNA_002/20220823_033000.WAV,Telephone Field,recover-20220825,002,1795
1695.0915,1695.1043,15156,20837,Nyctalus noctula,0.013,0.022,-1,Echolocation,/mnt/ubna_data_01_mir/recover-20220825/UBNA_002/20220823_033000.WAV,Telephone Field,recover-20220825,002,1795
1695.1235,1695.1615,68437,82075,Rhinolophus ferrumequinum,0.022,0.022,-1,Echolocation,/mnt/ubna_data_01_mir/recover-20220825/UBNA_002/20220823_033000.WAV,Telephone Field,recover-20220825,002,1795
1695.1725,1695.2105999999999,68437,82403,Rhinolophus ferrumequinum,0.024,0.024,-1,Echolocation,/mnt/ubna_data_01_mir/recover-20220825/UBNA_002/20220823_033000.WAV,Telephone Field,recover-20220825,002,1795
1695.2115,1695.2496,68437,81677,Rhinolophus ferrumequinum,0.022,0.022,-1,Echolocation,/mnt/ubna_data_01_mir/recover-20220825/UBNA_002/20220823_033000.WAV,Telephone Field,recover-20220825,002,1795
1695.2285,1695.2668,68437,81669,Rhinolophus ferrumequinum,0.023,0.023,-1,Echolocation,/mnt/ubna_data_01_mir/recover-20220825/UBNA_002/20220823_033000.WAV,Telephone Field,recover-20220825,002,1795
1695.2475,1695.2572,44375,49761,Pipistrellus pipistrellus,0.035,0.042,-1,Echolocation,/mnt/ubna_data_01_mir/recover-20220825/UBNA_002/20220823_033000.WAV,Telephone Field,recover-20220825,002,1795
1695.2515,1695.2592,27187,38623,Eptesicus serotinus,0.007,0.023,-1,Echolocation,/mnt/ubna_data_01_mir/recover-20220825/UBNA_002/20220823_033000.WAV,Telephone Field,recover-20220825,002,1795
1695.2715,1695.2793,26328,38181,Eptesicus serotinus,0.006,0.024,-1,Echolocation,/mnt/ubna_data_01_mir/recover-20220825/UBNA_002/20220823_033000.WAV,Telephone Field,recover-20220825,002,1795
1695.2715,1695.3106,68437,81962,Rhinolophus ferrumequinum,0.022,0.022,-1,Echolocation,/mnt/ubna_data_01_mir/recover-20220825/UBNA_002/20220823_033000.WAV,Telephone Field,recover-20220825,002,1795
1695.2945,1695.3329,68437,82228,Rhinolophus ferrumequinum,0.024,0.024,-1,Echolocation,/mnt/ubna_data_01_mir/recover-20220825/UBNA_002/20220823_033000.WAV,Telephone Field,recover-20220825,002,1795
1695.3155,1695.3246,52109,56273,Pipistrellus pygmaeus,0.022,0.029,-1,Echolocation,/mnt/ubna_data_01_mir/recover-20220825/UBNA_002/20220823_033000.WAV,Telephone Field,recover-20220825,002,1795
1695.3185,1695.3584,68437,82805,Rhinolophus ferrumequinum,0.024,0.024,-1,Echolocation,/mnt/ubna_data_01_mir/recover-20220825/UBNA_002/20220823_033000.WAV,Telephone Field,recover-20220825,002,1795
1695.3555,1695.3617,27187,38940,Eptesicus serotinus,0.006,0.027,-1,Echolocation,/mnt/ubna_data_01_mir/recover-20220825/UBNA_002/20220823_033000.WAV,Telephone Field,recover-20220825,002,1795
1695.3915,1695.4012,24609,32372,Nyctalus leisleri,0.013,0.04,-1,Echolocation,/mnt/ubna_data_01_mir/recover-20220825/UBNA_002/20220823_033000.WAV,Telephone Field,recover-20220825,002,1795
1695.4285,1695.4376,27187,36244,Eptesicus serotinus,0.01,0.024,-1,Echolocation,/mnt/ubna_data_01_mir/recover-20220825/UBNA_002/20220823_033000.WAV,Telephone Field,recover-20220825,002,1795
1695.4605,1695.4691,28046,38305,Eptesicus serotinus,0.008,0.022,-1,Echolocation,/mnt/ubna_data_01_mir/recover-20220825/UBNA_002/20220823_033000.WAV,Telephone Field,recover-20220825,002,1795
1695.4805,1695.5158,68437,81493,Rhinolophus ferrumequinum,0.022,0.022,-1,Echolocation,/mnt/ubna_data_01_mir/recover-20220825/UBNA_002/20220823_033000.WAV,Telephone Field,recover-20220825,002,1795
1695.5425,1695.5536,28046,35510,Eptesicus serotinus,0.012,0.026,-1,Echolocation,/mnt/ubna_data_01_mir/recover-20220825/UBNA_002/20220823_033000.WAV,Telephone Field,recover-20220825,002,1795
1695.5685,1695.5752,26328,36765,Eptesicus serotinus,0.008,0.027,-1,Echolocation,/mnt/ubna_data_01_mir/recover-20220825/UBNA_002/20220823_033000.WAV,Telephone Field,recover-20220825,002,1795
1695.6185,1695.6617,68437,83110,Rhinolophus ferrumequinum,0.025,0.025,-1,Echolocation,/mnt/ubna_data_01_mir/recover-20220825/UBNA_002/20220823_033000.WAV,Telephone Field,recover-20220825,002,1795
1695.6435,1695.651,27187,37973,Eptesicus serotinus,0.006,0.022,-1,Echolocation,/mnt/ubna_data_01_mir/recover-20220825/UBNA_002/20220823_033000.WAV,Telephone Field,recover-20220825,002,1795
1695.6545,1695.6954,68437,82273,Rhinolophus ferrumequinum,0.03,0.03,-1,Echolocation,/mnt/ubna_data_01_mir/recover-20220825/UBNA_002/20220823_033000.WAV,Telephone Field,recover-20220825,002,1795
1695.6595,1695.6721,24609,30445,Nyctalus leisleri,0.013,0.029,-1,Echolocation,/mnt/ubna_data_01_mir/recover-20220825/UBNA_002/20220823_033000.WAV,Telephone Field,recover-20220825,002,1795
1695.6755,1695.6916,23750,27984,Nyctalus leisleri,0.023,0.039,-1,Echolocation,/mnt/ubna_data_01_mir/recover-20220825/UBNA_002/20220823_033000.WAV,Telephone Field,recover-20220825,002,1795
1695.6855,1695.6978,23750,28086,Nyctalus leisleri,0.016,0.028,-1,Echolocation,/mnt/ubna_data_01_mir/recover-20220825/UBNA_002/20220823_033000.WAV,Telephone Field,recover-20220825,002,1795
1695.7175,1695.7246,23750,33180,Plecotus austriacus,0.011,0.026,-1,Echolocation,/mnt/ubna_data_01_mir/recover-20220825/UBNA_002/20220823_033000.WAV,Telephone Field,recover-20220825,002,1795
1695.7785,1695.7849,28906,39337,Eptesicus serotinus,0.008,0.027,-1,Echolocation,/mnt/ubna_data_01_mir/recover-20220825/UBNA_002/20220823_033000.WAV,Telephone Field,recover-20220825,002,1795
1695.8175,1695.8235,26328,42286,Eptesicus serotinus,0.005,0.023,-1,Echolocation,/mnt/ubna_data_01_mir/recover-20220825/UBNA_002/20220823_033000.WAV,Telephone Field,recover-20220825,002,1795
1695.8195,1695.8258,33203,44325,Myotis daubentonii,0.01,0.023,-1,Echolocation,/mnt/ubna_data_01_mir/recover-20220825/UBNA_002/20220823_033000.WAV,Telephone Field,recover-20220825,002,1795
1695.8285,1695.8702,68437,82415,Rhinolophus ferrumequinum,0.025,0.025,-1,Echolocation,/mnt/ubna_data_01_mir/recover-20220825/UBNA_002/20220823_033000.WAV,Telephone Field,recover-20220825,002,1795
1695.8565,1695.8637,27187,39389,Eptesicus serotinus,0.006,0.022,-1,Echolocation,/mnt/ubna_data_01_mir/recover-20220825/UBNA_002/20220823_033000.WAV,Telephone Field,recover-20220825,002,1795
1695.8575,1695.8636,46953,51478,Pipistrellus pipistrellus,0.03,0.032,-1,Echolocation,/mnt/ubna_data_01_mir/recover-20220825/UBNA_002/20220823_033000.WAV,Telephone Field,recover-20220825,002,1795
1695.8645,1695.8759,12578,16206,Nyctalus leisleri,0.013,0.022,-1,Echolocation,/mnt/ubna_data_01_mir/recover-20220825/UBNA_002/20220823_033000.WAV,Telephone Field,recover-20220825,002,1795
1695.8685,1695.8754,28046,38530,Eptesicus serotinus,0.008,0.027,-1,Echolocation,/mnt/ubna_data_01_mir/recover-20220825/UBNA_002/20220823_033000.WAV,Telephone Field,recover-20220825,002,1795
1695.9035,1695.9395,68437,81649,Rhinolophus ferrumequinum,0.024,0.024,-1,Echolocation,/mnt/ubna_data_01_mir/recover-20220825/UBNA_002/20220823_033000.WAV,Telephone Field,recover-20220825,002,1795
1695.9285,1695.9372,48671,57239,Pipistrellus pipistrellus,0.019,0.026,-1,Echolocation,/mnt/ubna_data_01_mir/recover-20220825/UBNA_002/20220823_033000.WAV,Telephone Field,recover-20220825,002,1795
1695.9365,1695.9454,25468,34004,Eptesicus serotinus,0.01,0.024,-1,Echolocation,/mnt/ubna_data_01_mir/recover-20220825/UBNA_002/20220823_033000.WAV,Telephone Field,recover-20220825,002,1795
1695.9565,1695.9661,45234,49393,Pipistrellus pipistrellus,0.034,0.037,-1,Echolocation,/mnt/ubna_data_01_mir/recover-20220825/UBNA_002/20220823_033000.WAV,Telephone Field,recover-20220825,002,1795
1695.9625,1695.9697,27187,37882,Eptesicus serotinus,0.006,0.023,-1,Echolocation,/mnt/ubna_data_01_mir/recover-20220825/UBNA_002/20220823_033000.WAV,Telephone Field,recover-20220825,002,1795
1696.0015,1696.0325,68437,79211,Rhinolophus ferrumequinum,0.064,0.065,-1,Echolocation,/mnt/ubna_data_01_mir/recover-20220825/UBNA_002/20220823_033000.WAV,Telephone Field,recover-20220825,002,1795
1696.0015,1696.0094,23750,33917,Plecotus austriacus,0.008,0.029,-1,Echolocation,/mnt/ubna_data_01_mir/recover-20220825/UBNA_002/20220823_033000.WAV,Telephone Field,recover-20220825,002,1795
1696.0215,1696.0295,28046,39045,Eptesicus serotinus,0.009,0.024,-1,Echolocation,/mnt/ubna_data_01_mir/recover-20220825/UBNA_002/20220823_033000.WAV,Telephone Field,recover-20220825,002,1795
1696.0485,1696.0859,68437,81955,Rhinolophus ferrumequinum,0.024,0.024,-1,Echolocation,/mnt/ubna_data_01_mir/recover-20220825/UBNA_002/20220823_033000.WAV,Telephone Field,recover-20220825,002,1795
1696.0745,1696.0858,14296,21022,Nyctalus noctula,0.015,0.027,-1,Echolocation,/mnt/ubna_data_01_mir/recover-20220825/UBNA_002/20220823_033000.WAV,Telephone Field,recover-20220825,002,1795
1696.0965,1696.1043,28906,39928,Eptesicus serotinus,0.008,0.027,-1,Echolocation,/mnt/ubna_data_01_mir/recover-20220825/UBNA_002/20220823_033000.WAV,Telephone Field,recover-20220825,002,1795
1696.1055,1696.1147,28046,38236,Eptesicus serotinus,0.008,0.022,-1,Echolocation,/mnt/ubna_data_01_mir/recover-20220825/UBNA_002/20220823_033000.WAV,Telephone Field,recover-20220825,002,1795
1696.1095,1696.1475,68437,82145,Rhinolophus ferrumequinum,0.022,0.022,-1,Echolocation,/mnt/ubna_data_01_mir/recover-20220825/UBNA_002/20220823_033000.WAV,Telephone Field,recover-20220825,002,1795
1696.1425,1696.1819,68437,82208,Rhinolophus ferrumequinum,0.034,0.034,-1,Echolocation,/mnt/ubna_data_01_mir/recover-20220825/UBNA_002/20220823_033000.WAV,Telephone Field,recover-20220825,002,1795
1696.1645,1696.1742,28906,36699,Eptesicus serotinus,0.012,0.024,-1,Echolocation,/mnt/ubna_data_01_mir/recover-20220825/UBNA_002/20220823_033000.WAV,Telephone Field,recover-20220825,002,1795
1696.2135,1696.2224,27187,35559,Eptesicus serotinus,0.01,0.022,-1,Echolocation,/mnt/ubna_data_01_mir/recover-20220825/UBNA_002/20220823_033000.WAV,Telephone Field,recover-20220825,002,1795
1696.2165,1696.2571,68437,82492,Rhinolophus ferrumequinum,0.024,0.024,-1,Echolocation,/mnt/ubna_data_01_mir/recover-20220825/UBNA_002/20220823_033000.WAV,Telephone Field,recover-20220825,002,1795
1696.2295,1696.2698,68437,82971,Rhinolophus ferrumequinum,0.025,0.025,-1,Echolocation,/mnt/ubna_data_01_mir/recover-20220825/UBNA_002/20220823_033000.WAV,Telephone Field,recover-20220825,002,1795
1696.2345,1696.2413,24609,37374,Plecotus austriacus,0.007,0.022,-1,Echolocation,/mnt/ubna_data_01_mir/recover-20220825/UBNA_002/20220823_033000.WAV,Telephone Field,recover-20220825,002,1795
1696.2875,1696.2948,28046,40058,Eptesicus serotinus,0.006,0.021,-1,Echolocation,/mnt/ubna_data_01_mir/recover-20220825/UBNA_002/20220823_033000.WAV,Telephone Field,recover-20220825,002,1795
1696.3085,1696.3197,22890,27879,Nyctalus leisleri,0.011,0.022,-1,Echolocation,/mnt/ubna_data_01_mir/recover-20220825/UBNA_002/20220823_033000.WAV,Telephone Field,recover-20220825,002,1795
1696.3115,1696.3535,68437,82769,Rhinolophus ferrumequinum,0.032,0.032,-1,Echolocation,/mnt/ubna_data_01_mir/recover-20220825/UBNA_002/20220823_033000.WAV,Telephone Field,recover-20220825,002,1795
1696.3575,1696.3678,24609,30357,Nyctalus leisleri,0.009,0.023,-1,Echolocation,/mnt/ubna_data_01_mir/recover-20220825/UBNA_002/20220823_033000.WAV,Telephone Field,recover-20220825,002,1795
1696.3645,1696.4035,68437,82012,Rhinolophus ferrumequinum,0.024,0.024,-1,Echolocation,/mnt/ubna_data_01_mir/recover-20220825/UBNA_002/20220823_033000.WAV,Telephone Field,recover-20220825,002,1795
1696.3775,1696.4172,68437,82242,Rhinolophus ferrumequinum,0.021,0.021,-1,Echolocation,/mnt/ubna_data_01_mir/recover-20220825/UBNA_002/20220823_033000.WAV,Telephone Field,recover-20220825,002,1795
1696.4005,1696.4071,28046,41010,Eptesicus serotinus,0.005,0.022,-1,Echolocation,/mnt/ubna_data_01_mir/recover-20220825/UBNA_002/20220823_033000.WAV,Telephone Field,recover-20220825,002,1795
1696.4275,1696.4639,68437,82000,Rhinolophus ferrumequinum,0.021,0.021,-1,Echolocation,/mnt/ubna_data_01_mir/recover-20220825/UBNA_002/20220823_033000.WAV,Telephone Field,recover-20220825,002,1795
1696.4505,1696.466,21171,24811,Nyctalus leisleri,0.02,0.037,-1,Echolocation,/mnt/ubna_data_01_mir/recover-20220825/UBNA_002/20220823_033000.WAV,Telephone Field,recover-20220825,002,1795
1696.4625,1696.499,68437,81900,Rhinolophus ferrumequinum,0.021,0.021,-1,Echolocation,/mnt/ubna_data_01_mir/recover-20220825/UBNA_002/20220823_033000.WAV,Telephone Field,recover-20220825,002,1795
1696.4805,1696.491,22031,26730,Nyctalus leisleri,0.01,0.021,-1,Echolocation,/mnt/ubna_data_01_mir/recover-20220825/UBNA_002/20220823_033000.WAV,Telephone Field,recover-20220825,002,1795
1696.4955,1696.5004,33203,49332,Myotis daubentonii,0.008,0.022,-1,Echolocation,/mnt/ubna_data_01_mir/recover-20220825/UBNA_002/20220823_033000.WAV,Telephone Field,recover-20220825,002,1795
1696.5085,1696.5484,68437,82456,Rhinolophus ferrumequinum,0.034,0.034,-1,Echolocation,/mnt/ubna_data_01_mir/recover-20220825/UBNA_002/20220823_033000.WAV,Telephone Field,recover-20220825,002,1795
1696.5175,1696.5557,68437,82226,Rhinolophus ferrumequinum,0.041,0.041,-1,Echolocation,/mnt/ubna_data_01_mir/recover-20220825/UBNA_002/20220823_033000.WAV,Telephone Field,recover-20220825,002,1795
1696.5355,1696.5687,68437,81073,Rhinolophus ferrumequinum,0.021,0.021,-1,Echolocation,/mnt/ubna_data_01_mir/recover-20220825/UBNA_002/20220823_033000.WAV,Telephone Field,recover-20220825,002,1795
1696.5605,1696.5978,68437,82090,Rhinolophus ferrumequinum,0.021,0.021,-1,Echolocation,/mnt/ubna_data_01_mir/recover-20220825/UBNA_002/20220823_033000.WAV,Telephone Field,recover-20220825,002,1795
1696.5675,1696.5748,28906,41374,Eptesicus serotinus,0.007,0.024,-1,Echolocation,/mnt/ubna_data_01_mir/recover-20220825/UBNA_002/20220823_033000.WAV,Telephone Field,recover-20220825,002,1795
1696.5905,1696.6042,15156,20097,Nyctalus noctula,0.014,0.021,-1,Echolocation,/mnt/ubna_data_01_mir/recover-20220825/UBNA_002/20220823_033000.WAV,Telephone Field,recover-20220825,002,1795
1696.6555,1696.6972,68437,83648,Rhinolophus ferrumequinum,0.031,0.031,-1,Echolocation,/mnt/ubna_data_01_mir/recover-20220825/UBNA_002/20220823_033000.WAV,Telephone Field,recover-20220825,002,1795
1696.6785,1696.6863,27187,41846,Eptesicus serotinus,0.008,0.023,-1,Echolocation,/mnt/ubna_data_01_mir/recover-20220825/UBNA_002/20220823_033000.WAV,Telephone Field,recover-20220825,002,1795
1696.6865,1696.6976,23750,29391,Nyctalus leisleri,0.01,0.022,-1,Echolocation,/mnt/ubna_data_01_mir/recover-20220825/UBNA_002/20220823_033000.WAV,Telephone Field,recover-20220825,002,1795
1696.7025,1696.7116,22890,29975,Plecotus austriacus,0.009,0.024,-1,Echolocation,/mnt/ubna_data_01_mir/recover-20220825/UBNA_002/20220823_033000.WAV,Telephone Field,recover-20220825,002,1795
1696.7045,1696.7443,68437,82548,Rhinolophus ferrumequinum,0.024,0.024,-1,Echolocation,/mnt/ubna_data_01_mir/recover-20220825/UBNA_002/20220823_033000.WAV,Telephone Field,recover-20220825,002,1795
1696.7125,1696.7188,28906,42852,Eptesicus serotinus,0.007,0.026,-1,Echolocation,/mnt/ubna_data_01_mir/recover-20220825/UBNA_002/20220823_033000.WAV,Telephone Field,recover-20220825,002,1795
1696.7565,1696.7961,68437,82292,Rhinolophus ferrumequinum,0.023,0.023,-1,Echolocation,/mnt/ubna_data_01_mir/recover-20220825/UBNA_002/20220823_033000.WAV,Telephone Field,recover-20220825,002,1795
1696.7605,1696.77,28906,40864,Eptesicus serotinus,0.01,0.023,-1,Echolocation,/mnt/ubna_data_01_mir/recover-20220825/UBNA_002/20220823_033000.WAV,Telephone Field,recover-20220825,002,1795
1696.7705,1696.8109,68437,83137,Rhinolophus ferrumequinum,0.025,0.025,-1,Echolocation,/mnt/ubna_data_01_mir/recover-20220825/UBNA_002/20220823_033000.WAV,Telephone Field,recover-20220825,002,1795
1696.8525,1696.8878,68437,81438,Rhinolophus ferrumequinum,0.023,0.023,-1,Echolocation,/mnt/ubna_data_01_mir/recover-20220825/UBNA_002/20220823_033000.WAV,Telephone Field,recover-20220825,002,1795
1696.8615,1696.8951,68437,81389,Rhinolophus ferrumequinum,0.022,0.022,-1,Echolocation,/mnt/ubna_data_01_mir/recover-20220825/UBNA_002/20220823_033000.WAV,Telephone Field,recover-20220825,002,1795
1696.8685,1696.9059,68437,82103,Rhinolophus ferrumequinum,0.021,0.021,-1,Echolocation,/mnt/ubna_data_01_mir/recover-20220825/UBNA_002/20220823_033000.WAV,Telephone Field,recover-20220825,002,1795
1696.9005,1696.9114,28046,35991,Eptesicus serotinus,0.013,0.024,-1,Echolocation,/mnt/ubna_data_01_mir/recover-20220825/UBNA_002/20220823_033000.WAV,Telephone Field,recover-20220825,002,1795
1696.9275,1696.9699,68437,82571,Rhinolophus ferrumequinum,0.027,0.028,-1,Echolocation,/mnt/ubna_data_01_mir/recover-20220825/UBNA_002/20220823_033000.WAV,Telephone Field,recover-20220825,002,1795
1696.9645,1696.9701,38359,62622,Myotis brandtii,0.007,0.024,-1,Echolocation,/mnt/ubna_data_01_mir/recover-20220825/UBNA_002/20220823_033000.WAV,Telephone Field,recover-20220825,002,1795
1696.9945,1697.0057,22031,26536,Nyctalus leisleri,0.011,0.022,-1,Echolocation,/mnt/ubna_data_01_mir/recover-20220825/UBNA_002/20220823_033000.WAV,Telephone Field,recover-20220825,002,1795
1697.0335,1697.0707,68437,81527,Rhinolophus ferrumequinum,0.022,0.022,-1,Echolocation,/mnt/ubna_data_01_mir/recover-20220825/UBNA_002/20220823_033000.WAV,Telephone Field,recover-20220825,002,1795
1697.0405,1697.0507,22031,27648,Nyctalus leisleri,0.009,0.023,-1,Echolocation,/mnt/ubna_data_01_mir/recover-20220825/UBNA_002/20220823_033000.WAV,Telephone Field,recover-20220825,002,1795
1697.1195,1697.158,68437,82082,Rhinolophus ferrumequinum,0.023,0.023,-1,Echolocation,/mnt/ubna_data_01_mir/recover-20220825/UBNA_002/20220823_033000.WAV,Telephone Field,recover-20220825,002,1795
1697.1585,1697.1994,68437,81963,Rhinolophus ferrumequinum,0.022,0.022,-1,Echolocation,/mnt/ubna_data_01_mir/recover-20220825/UBNA_002/20220823_033000.WAV,Telephone Field,recover-20220825,002,1795
1697.2005,1697.2084,28046,39600,Eptesicus serotinus,0.008,0.022,-1,Echolocation,/mnt/ubna_data_01_mir/recover-20220825/UBNA_002/20220823_033000.WAV,Telephone Field,recover-20220825,002,1795
1697.2035,1697.2422,68437,82502,Rhinolophus ferrumequinum,0.022,0.022,-1,Echolocation,/mnt/ubna_data_01_mir/recover-20220825/UBNA_002/20220823_033000.WAV,Telephone Field,recover-20220825,002,1795
1697.2095,1697.2171,44375,51150,Pipistrellus pipistrellus,0.017,0.022,-1,Echolocation,/mnt/ubna_data_01_mir/recover-20220825/UBNA_002/20220823_033000.WAV,Telephone Field,recover-20220825,002,1795
1697.2865,1697.2934,26328,39560,Eptesicus serotinus,0.007,0.021,-1,Echolocation,/mnt/ubna_data_01_mir/recover-20220825/UBNA_002/20220823_033000.WAV,Telephone Field,recover-20220825,002,1795
1697.3305,1697.3375,27187,42314,Eptesicus serotinus,0.006,0.022,-1,Echolocation,/mnt/ubna_data_01_mir/recover-20220825/UBNA_002/20220823_033000.WAV,Telephone Field,recover-20220825,002,1795
1697.3585,1697.3976,68437,82648,Rhinolophus ferrumequinum,0.022,0.022,-1,Echolocation,/mnt/ubna_data_01_mir/recover-20220825/UBNA_002/20220823_033000.WAV,Telephone Field,recover-20220825,002,1795
1697.3645,1697.4017,68437,82237,Rhinolophus ferrumequinum,0.022,0.022,-1,Echolocation,/mnt/ubna_data_01_mir/recover-20220825/UBNA_002/20220823_033000.WAV,Telephone Field,recover-20220825,002,1795
1697.3845,1697.4227,68437,81939,Rhinolophus ferrumequinum,0.021,0.021,-1,Echolocation,/mnt/ubna_data_01_mir/recover-20220825/UBNA_002/20220823_033000.WAV,Telephone Field,recover-20220825,002,1795
1697.3865,1697.3938,47812,58167,Pipistrellus pipistrellus,0.015,0.021,-1,Echolocation,/mnt/ubna_data_01_mir/recover-20220825/UBNA_002/20220823_033000.WAV,Telephone Field,recover-20220825,002,1795
1697.3865,1697.3991,16875,22890,Nyctalus noctula,0.029,0.046,-1,Echolocation,/mnt/ubna_data_01_mir/recover-20220825/UBNA_002/20220823_033000.WAV,Telephone Field,recover-20220825,002,1795
1697.3885,1697.3971,28906,38057,Eptesicus serotinus,0.008,0.024,-1,Echolocation,/mnt/ubna_data_01_mir/recover-20220825/UBNA_002/20220823_033000.WAV,Telephone Field,recover-20220825,002,1795
1697.4075,1697.4407,68437,80962,Rhinolophus ferrumequinum,0.021,0.021,-1,Echolocation,/mnt/ubna_data_01_mir/recover-20220825/UBNA_002/20220823_033000.WAV,Telephone Field,recover-20220825,002,1795
1697.4245,1697.4653,68437,82258,Rhinolophus ferrumequinum,0.023,0.023,-1,Echolocation,/mnt/ubna_data_01_mir/recover-20220825/UBNA_002/20220823_033000.WAV,Telephone Field,recover-20220825,002,1795
1697.4275,1697.4384,23750,29868,Nyctalus leisleri,0.01,0.025,-1,Echolocation,/mnt/ubna_data_01_mir/recover-20220825/UBNA_002/20220823_033000.WAV,Telephone Field,recover-20220825,002,1795
1697.4315,1697.4708,68437,82300,Rhinolophus ferrumequinum,0.022,0.022,-1,Echolocation,/mnt/ubna_data_01_mir/recover-20220825/UBNA_002/20220823_033000.WAV,Telephone Field,recover-20220825,002,1795
1697.4635,1697.5064,68437,82729,Rhinolophus ferrumequinum,0.026,0.026,-1,Echolocation,/mnt/ubna_data_01_mir/recover-20220825/UBNA_002/20220823_033000.WAV,Telephone Field,recover-20220825,002,1795
1697.4855,1697.4932,27187,40928,Eptesicus serotinus,0.007,0.021,-1,Echolocation,/mnt/ubna_data_01_mir/recover-20220825/UBNA_002/20220823_033000.WAV,Telephone Field,recover-20220825,002,1795
1697.5105,1697.549,68437,82183,Rhinolophus ferrumequinum,0.022,0.022,-1,Echolocation,/mnt/ubna_data_01_mir/recover-20220825/UBNA_002/20220823_033000.WAV,Telephone Field,recover-20220825,002,1795
1697.5165,1697.5249,28046,40408,Eptesicus serotinus,0.007,0.021,-1,Echolocation,/mnt/ubna_data_01_mir/recover-20220825/UBNA_002/20220823_033000.WAV,Telephone Field,recover-20220825,002,1795
1697.5365,1697.5743,68437,81738,Rhinolophus ferrumequinum,0.021,0.021,-1,Echolocation,/mnt/ubna_data_01_mir/recover-20220825/UBNA_002/20220823_033000.WAV,Telephone Field,recover-20220825,002,1795
1697.5545,1697.5895,68437,82483,Rhinolophus ferrumequinum,0.021,0.021,-1,Echolocation,/mnt/ubna_data_01_mir/recover-20220825/UBNA_002/20220823_033000.WAV,Telephone Field,recover-20220825,002,1795
1697.5585,1697.5645,27187,42909,Eptesicus serotinus,0.005,0.026,-1,Echolocation,/mnt/ubna_data_01_mir/recover-20220825/UBNA_002/20220823_033000.WAV,Telephone Field,recover-20220825,002,1795
1697.5845,1697.5925,23750,31964,Plecotus austriacus,0.008,0.023,-1,Echolocation,/mnt/ubna_data_01_mir/recover-20220825/UBNA_002/20220823_033000.WAV,Telephone Field,recover-20220825,002,1795
1697.5895,1697.6262,68437,81212,Rhinolophus ferrumequinum,0.024,0.024,-1,Echolocation,/mnt/ubna_data_01_mir/recover-20220825/UBNA_002/20220823_033000.WAV,Telephone Field,recover-20220825,002,1795
1697.5915,1697.5984,28046,40760,Eptesicus serotinus,0.006,0.022,-1,Echolocation,/mnt/ubna_data_01_mir/recover-20220825/UBNA_002/20220823_033000.WAV,Telephone Field,recover-20220825,002,1795
1697.6075,1697.6484,68437,82550,Rhinolophus ferrumequinum,0.025,0.025,-1,Echolocation,/mnt/ubna_data_01_mir/recover-20220825/UBNA_002/20220823_033000.WAV,Telephone Field,recover-20220825,002,1795
1697.6145,1697.6252,28046,36780,Eptesicus serotinus,0.014,0.029,-1,Echolocation,/mnt/ubna_data_01_mir/recover-20220825/UBNA_002/20220823_033000.WAV,Telephone Field,recover-20220825,002,1795
1697.6645,1697.7052,68437,82807,Rhinolophus ferrumequinum,0.021,0.021,-1,Echolocation,/mnt/ubna_data_01_mir/recover-20220825/UBNA_002/20220823_033000.WAV,Telephone Field,recover-20220825,002,1795
1697.6975,1697.708,28906,36274,Eptesicus serotinus,0.012,0.026,-1,Echolocation,/mnt/ubna_data_01_mir/recover-20220825/UBNA_002/20220823_033000.WAV,Telephone Field,recover-20220825,002,1795
1697.7145,1697.7567,68437,82809,Rhinolophus ferrumequinum,0.021,0.021,-1,Echolocation,/mnt/ubna_data_01_mir/recover-20220825/UBNA_002/20220823_033000.WAV,Telephone Field,recover-20220825,002,1795
1697.7165,1697.7227,28906,41614,Eptesicus serotinus,0.005,0.022,-1,Echolocation,/mnt/ubna_data_01_mir/recover-20220825/UBNA_002/20220823_033000.WAV,Telephone Field,recover-20220825,002,1795
1697.7425,1697.7529,28906,35760,Eptesicus serotinus,0.011,0.025,-1,Echolocation,/mnt/ubna_data_01_mir/recover-20220825/UBNA_002/20220823_033000.WAV,Telephone Field,recover-20220825,002,1795
1697.7575,1697.7943,68437,81805,Rhinolophus ferrumequinum,0.023,0.023,-1,Echolocation,/mnt/ubna_data_01_mir/recover-20220825/UBNA_002/20220823_033000.WAV,Telephone Field,recover-20220825,002,1795
1697.7695,1697.7778,27187,38900,Eptesicus serotinus,0.013,0.028,-1,Echolocation,/mnt/ubna_data_01_mir/recover-20220825/UBNA_002/20220823_033000.WAV,Telephone Field,recover-20220825,002,1795
1697.8095,1697.8518,68437,83427,Rhinolophus ferrumequinum,0.029,0.029,-1,Echolocation,/mnt/ubna_data_01_mir/recover-20220825/UBNA_002/20220823_033000.WAV,Telephone Field,recover-20220825,002,1795
1697.8225,1697.8332,44375,48540,Pipistrellus pipistrellus,0.032,0.038,-1,Echolocation,/mnt/ubna_data_01_mir/recover-20220825/UBNA_002/20220823_033000.WAV,Telephone Field,recover-20220825,002,1795
1697.8325,1697.8406,22890,30215,Plecotus austriacus,0.009,0.023,-1,Echolocation,/mnt/ubna_data_01_mir/recover-20220825/UBNA_002/20220823_033000.WAV,Telephone Field,recover-20220825,002,1795
1697.8415,1697.8805,68437,82382,Rhinolophus ferrumequinum,0.024,0.024,-1,Echolocation,/mnt/ubna_data_01_mir/recover-20220825/UBNA_002/20220823_033000.WAV,Telephone Field,recover-20220825,002,1795
1697.8855,1697.8924,28046,36879,Eptesicus serotinus,0.01,0.028,-1,Echolocation,/mnt/ubna_data_01_mir/recover-20220825/UBNA_002/20220823_033000.WAV,Telephone Field,recover-20220825,002,1795
1697.8885,1697.9273,68437,81857,Rhinolophus ferrumequinum,0.022,0.022,-1,Echolocation,/mnt/ubna_data_01_mir/recover-20220825/UBNA_002/20220823_033000.WAV,Telephone Field,recover-20220825,002,1795
1697.8935,1697.9307,68437,81542,Rhinolophus ferrumequinum,0.022,0.022,-1,Echolocation,/mnt/ubna_data_01_mir/recover-20220825/UBNA_002/20220823_033000.WAV,Telephone Field,recover-20220825,002,1795
1698.0015,1698.0109,22031,27346,Nyctalus leisleri,0.01,0.024,-1,Echolocation,/mnt/ubna_data_01_mir/recover-20220825/UBNA_002/20220823_033000.WAV,Telephone Field,recover-20220825,002,1795
1698.0015,1698.0088,46093,52879,Pipistrellus pipistrellus,0.015,0.025,-1,Echolocation,/mnt/ubna_data_01_mir/recover-20220825/UBNA_002/20220823_033000.WAV,Telephone Field,recover-20220825,002,1795
1698.0435,1698.0497,46953,53835,Pipistrellus pipistrellus,0.019,0.022,-1,Echolocation,/mnt/ubna_data_01_mir/recover-20220825/UBNA_002/20220823_033000.WAV,Telephone Field,recover-20220825,002,1795
1698.0455,1698.0543,27187,37732,Eptesicus serotinus,0.009,0.022,-1,Echolocation,/mnt/ubna_data_01_mir/recover-20220825/UBNA_002/20220823_033000.WAV,Telephone Field,recover-20220825,002,1795
1698.0585,1698.0975,68437,82576,Rhinolophus ferrumequinum,0.026,0.026,-1,Echolocation,/mnt/ubna_data_01_mir/recover-20220825/UBNA_002/20220823_033000.WAV,Telephone Field,recover-20220825,002,1795
1698.0985,1698.1349,68437,81727,Rhinolophus ferrumequinum,0.02,0.02,-1,Echolocation,/mnt/ubna_data_01_mir/recover-20220825/UBNA_002/20220823_033000.WAV,Telephone Field,recover-20220825,002,1795
1698.1325,1698.1707,68437,82491,Rhinolophus ferrumequinum,0.02,0.02,-1,Echolocation,/mnt/ubna_data_01_mir/recover-20220825/UBNA_002/20220823_033000.WAV,Telephone Field,recover-20220825,002,1795
1698.1855,1698.1993,56406,62018,Pipistrellus pygmaeus,0.022,0.023,-1,Echolocation,/mnt/ubna_data_01_mir/recover-20220825/UBNA_002/20220823_033000.WAV,Telephone Field,recover-20220825,002,1795
1698.2085,1698.2184,38359,43518,Pipistrellus nathusii,0.031,0.052,-1,Echolocation,/mnt/ubna_data_01_mir/recover-20220825/UBNA_002/20220823_033000.WAV,Telephone Field,recover-20220825,002,1795
1698.2185,1698.2576,68437,82249,Rhinolophus ferrumequinum,0.023,0.023,-1,Echolocation,/mnt/ubna_data_01_mir/recover-20220825/UBNA_002/20220823_033000.WAV,Telephone Field,recover-20220825,002,1795
1698.2475,1698.2866,68437,81812,Rhinolophus ferrumequinum,0.021,0.022,-1,Echolocation,/mnt/ubna_data_01_mir/recover-20220825/UBNA_002/20220823_033000.WAV,Telephone Field,recover-20220825,002,1795
1698.2805,1698.29,28046,38565,Eptesicus serotinus,0.009,0.022,-1,Echolocation,/mnt/ubna_data_01_mir/recover-20220825/UBNA_002/20220823_033000.WAV,Telephone Field,recover-20220825,002,1795
1698.2875,1698.2972,28046,36325,Eptesicus serotinus,0.011,0.024,-1,Echolocation,/mnt/ubna_data_01_mir/recover-20220825/UBNA_002/20220823_033000.WAV,Telephone Field,recover-20220825,002,1795
1698.2995,1698.3357,68437,82077,Rhinolophus ferrumequinum,0.021,0.021,-1,Echolocation,/mnt/ubna_data_01_mir/recover-20220825/UBNA_002/20220823_033000.WAV,Telephone Field,recover-20220825,002,1795
1698.3185,1698.3612,68437,83120,Rhinolophus ferrumequinum,0.03,0.03,-1,Echolocation,/mnt/ubna_data_01_mir/recover-20220825/UBNA_002/20220823_033000.WAV,Telephone Field,recover-20220825,002,1795
1698.3365,1698.3771,68437,82103,Rhinolophus ferrumequinum,0.02,0.02,-1,Echolocation,/mnt/ubna_data_01_mir/recover-20220825/UBNA_002/20220823_033000.WAV,Telephone Field,recover-20220825,002,1795
1698.3445,1698.3643,20312,23589,Nyctalus leisleri,0.017,0.034,-1,Echolocation,/mnt/ubna_data_01_mir/recover-20220825/UBNA_002/20220823_033000.WAV,Telephone Field,recover-20220825,002,1795
1698.3585,1698.3663999999999,25468,34145,Eptesicus serotinus,0.006,0.021,-1,Echolocation,/mnt/ubna_data_01_mir/recover-20220825/UBNA_002/20220823_033000.WAV,Telephone Field,recover-20220825,002,1795
1698.3595,1698.3946,68437,81219,Rhinolophus ferrumequinum,0.021,0.021,-1,Echolocation,/mnt/ubna_data_01_mir/recover-20220825/UBNA_002/20220823_033000.WAV,Telephone Field,recover-20220825,002,1795
1698.3675,1698.4037,68437,81626,Rhinolophus ferrumequinum,0.02,0.02,-1,Echolocation,/mnt/ubna_data_01_mir/recover-20220825/UBNA_002/20220823_033000.WAV,Telephone Field,recover-20220825,002,1795
1698.4055,1698.4433,68437,82387,Rhinolophus ferrumequinum,0.022,0.022,-1,Echolocation,/mnt/ubna_data_01_mir/recover-20220825/UBNA_002/20220823_033000.WAV,Telephone Field,recover-20220825,002,1795
1698.4105,1698.4185,28046,38777,Eptesicus serotinus,0.007,0.021,-1,Echolocation,/mnt/ubna_data_01_mir/recover-20220825/UBNA_002/20220823_033000.WAV,Telephone Field,recover-20220825,002,1795
1698.4195,1698.4325,53828,58209,Pipistrellus pygmaeus,0.019,0.02,-1,Echolocation,/mnt/ubna_data_01_mir/recover-20220825/UBNA_002/20220823_033000.WAV,Telephone Field,recover-20220825,002,1795
1698.4415,1698.4493,32343,42293,Myotis daubentonii,0.008,0.022,-1,Echolocation,/mnt/ubna_data_01_mir/recover-20220825/UBNA_002/20220823_033000.WAV,Telephone Field,recover-20220825,002,1795
1698.4465,1698.4873,68437,82581,Rhinolophus ferrumequinum,0.041,0.041,-1,Echolocation,/mnt/ubna_data_01_mir/recover-20220825/UBNA_002/20220823_033000.WAV,Telephone Field,recover-20220825,002,1795
1698.4465,1698.4568,40937,46602,Pipistrellus nathusii,0.011,0.021,-1,Echolocation,/mnt/ubna_data_01_mir/recover-20220825/UBNA_002/20220823_033000.WAV,Telephone Field,recover-20220825,002,1795
1698.4535,1698.4651,26328,33123,Eptesicus serotinus,0.018,0.036,-1,Echolocation,/mnt/ubna_data_01_mir/recover-20220825/UBNA_002/20220823_033000.WAV,Telephone Field,recover-20220825,002,1795
1698.4815,1698.5153,68437,81369,Rhinolophus ferrumequinum,0.021,0.021,-1,Echolocation,/mnt/ubna_data_01_mir/recover-20220825/UBNA_002/20220823_033000.WAV,Telephone Field,recover-20220825,002,1795
1698.5265,1698.5348,28046,39466,Eptesicus serotinus,0.008,0.021,-1,Echolocation,/mnt/ubna_data_01_mir/recover-20220825/UBNA_002/20220823_033000.WAV,Telephone Field,recover-20220825,002,1795
1698.5345,1698.544,24609,31600,Eptesicus serotinus,0.008,0.023,-1,Echolocation,/mnt/ubna_data_01_mir/recover-20220825/UBNA_002/20220823_033000.WAV,Telephone Field,recover-20220825,002,1795
1698.5555,1698.5937,68437,82007,Rhinolophus ferrumequinum,0.022,0.022,-1,Echolocation,/mnt/ubna_data_01_mir/recover-20220825/UBNA_002/20220823_033000.WAV,Telephone Field,recover-20220825,002,1795
1698.5765,1698.5816,40078,55036,Myotis daubentonii,0.006,0.024,-1,Echolocation,/mnt/ubna_data_01_mir/recover-20220825/UBNA_002/20220823_033000.WAV,Telephone Field,recover-20220825,002,1795
1698.5795,1698.5873,28046,39991,Eptesicus serotinus,0.007,0.022,-1,Echolocation,/mnt/ubna_data_01_mir/recover-20220825/UBNA_002/20220823_033000.WAV,Telephone Field,recover-20220825,002,1795
1698.5935,1698.6037,28906,35157,Eptesicus serotinus,0.012,0.025,-1,Echolocation,/mnt/ubna_data_01_mir/recover-20220825/UBNA_002/20220823_033000.WAV,Telephone Field,recover-20220825,002,1795
1698.6215,1698.6324,24609,30536,Nyctalus leisleri,0.009,0.022,-1,Echolocation,/mnt/ubna_data_01_mir/recover-20220825/UBNA_002/20220823_033000.WAV,Telephone Field,recover-20220825,002,1795
1698.6255,1698.6686,68437,83040,Rhinolophus ferrumequinum,0.024,0.024,-1,Echolocation,/mnt/ubna_data_01_mir/recover-20220825/UBNA_002/20220823_033000.WAV,Telephone Field,recover-20220825,002,1795
1698.6285,1698.6371,53828,60743,Pipistrellus pygmaeus,0.049,0.06,-1,Echolocation,/mnt/ubna_data_01_mir/recover-20220825/UBNA_002/20220823_033000.WAV,Telephone Field,recover-20220825,002,1795
1698.6665,1698.7043,68437,81551,Rhinolophus ferrumequinum,0.026,0.026,-1,Echolocation,/mnt/ubna_data_01_mir/recover-20220825/UBNA_002/20220823_033000.WAV,Telephone Field,recover-20220825,002,1795
1698.6835,1698.6919,27187,40286,Eptesicus serotinus,0.008,0.02,-1,Echolocation,/mnt/ubna_data_01_mir/recover-20220825/UBNA_002/20220823_033000.WAV,Telephone Field,recover-20220825,002,1795
1698.7055,1698.745,68437,82298,Rhinolophus ferrumequinum,0.022,0.022,-1,Echolocation,/mnt/ubna_data_01_mir/recover-20220825/UBNA_002/20220823_033000.WAV,Telephone Field,recover-20220825,002,1795
1698.7285,1698.737,28046,40372,Eptesicus serotinus,0.008,0.021,-1,Echolocation,/mnt/ubna_data_01_mir/recover-20220825/UBNA_002/20220823_033000.WAV,Telephone Field,recover-20220825,002,1795
1698.7355,1698.7712,68437,81892,Rhinolophus ferrumequinum,0.024,0.024,-1,Echolocation,/mnt/ubna_data_01_mir/recover-20220825/UBNA_002/20220823_033000.WAV,Telephone Field,recover-20220825,002,1795
1698.7605,1698.798,68437,81639,Rhinolophus ferrumequinum,0.021,0.021,-1,Echolocation,/mnt/ubna_data_01_mir/recover-20220825/UBNA_002/20220823_033000.WAV,Telephone Field,recover-20220825,002,1795
1698.7635,1698.7714,28046,40461,Eptesicus serotinus,0.007,0.021,-1,Echolocation,/mnt/ubna_data_01_mir/recover-20220825/UBNA_002/20220823_033000.WAV,Telephone Field,recover-20220825,002,1795
1698.8085,1698.8146,28046,42602,Eptesicus serotinus,0.005,0.024,-1,Echolocation,/mnt/ubna_data_01_mir/recover-20220825/UBNA_002/20220823_033000.WAV,Telephone Field,recover-20220825,002,1795
1698.8415,1698.8736,68437,80724,Rhinolophus ferrumequinum,0.021,0.021,-1,Echolocation,/mnt/ubna_data_01_mir/recover-20220825/UBNA_002/20220823_033000.WAV,Telephone Field,recover-20220825,002,1795
1698.8435,1698.8516,26328,37101,Eptesicus serotinus,0.008,0.021,-1,Echolocation,/mnt/ubna_data_01_mir/recover-20220825/UBNA_002/20220823_033000.WAV,Telephone Field,recover-20220825,002,1795
1698.8745,1698.9083,68437,81544,Rhinolophus ferrumequinum,0.021,0.021,-1,Echolocation,/mnt/ubna_data_01_mir/recover-20220825/UBNA_002/20220823_033000.WAV,Telephone Field,recover-20220825,002,1795
1698.9065,1698.9136,24609,38000,Myotis nattereri,0.005,0.02,-1,Echolocation,/mnt/ubna_data_01_mir/recover-20220825/UBNA_002/20220823_033000.WAV,Telephone Field,recover-20220825,002,1795
1698.9095,1698.9182,39218,45845,Pipistrellus nathusii,0.011,0.029,-1,Echolocation,/mnt/ubna_data_01_mir/recover-20220825/UBNA_002/20220823_033000.WAV,Telephone Field,recover-20220825,002,1795
1698.9115,1698.9503,68437,82154,Rhinolophus ferrumequinum,0.021,0.021,-1,Echolocation,/mnt/ubna_data_01_mir/recover-20220825/UBNA_002/20220823_033000.WAV,Telephone Field,recover-20220825,002,1795
1698.9515,1698.9872,68437,81512,Rhinolophus ferrumequinum,0.021,0.021,-1,Echolocation,/mnt/ubna_data_01_mir/recover-20220825/UBNA_002/20220823_033000.WAV,Telephone Field,recover-20220825,002,1795
1698.9675,1698.974,28046,44065,Eptesicus serotinus,0.007,0.028,-1,Echolocation,/mnt/ubna_data_01_mir/recover-20220825/UBNA_002/20220823_033000.WAV,Telephone Field,recover-20220825,002,1795
1698.9955,1699.0028,27187,37828,Eptesicus serotinus,0.01,0.031,-1,Echolocation,/mnt/ubna_data_01_mir/recover-20220825/UBNA_002/20220823_033000.WAV,Telephone Field,recover-20220825,002,1795
1698.9995,1699.0407,68437,83210,Rhinolophus ferrumequinum,0.024,0.024,-1,Echolocation,/mnt/ubna_data_01_mir/recover-20220825/UBNA_002/20220823_033000.WAV,Telephone Field,recover-20220825,002,1795
1699.0065,1699.0139,54687,60131,Pipistrellus pygmaeus,0.021,0.022,-1,Echolocation,/mnt/ubna_data_01_mir/recover-20220825/UBNA_002/20220823_033000.WAV,Telephone Field,recover-20220825,002,1795
1699.0165,1699.0552,68437,82141,Rhinolophus ferrumequinum,0.02,0.02,-1,Echolocation,/mnt/ubna_data_01_mir/recover-20220825/UBNA_002/20220823_033000.WAV,Telephone Field,recover-20220825,002,1795
1699.0225,1699.0331,23750,29640,Nyctalus leisleri,0.008,0.021,-1,Echolocation,/mnt/ubna_data_01_mir/recover-20220825/UBNA_002/20220823_033000.WAV,Telephone Field,recover-20220825,002,1795
1699.0235,1699.06,68437,82569,Rhinolophus ferrumequinum,0.021,0.021,-1,Echolocation,/mnt/ubna_data_01_mir/recover-20220825/UBNA_002/20220823_033000.WAV,Telephone Field,recover-20220825,002,1795
1699.0775,1699.1187,68437,82694,Rhinolophus ferrumequinum,0.024,0.024,-1,Echolocation,/mnt/ubna_data_01_mir/recover-20220825/UBNA_002/20220823_033000.WAV,Telephone Field,recover-20220825,002,1795
1699.0965,1699.1056,28046,38165,Eptesicus serotinus,0.009,0.021,-1,Echolocation,/mnt/ubna_data_01_mir/recover-20220825/UBNA_002/20220823_033000.WAV,Telephone Field,recover-20220825,002,1795
1699.0975,1699.1365,68437,82134,Rhinolophus ferrumequinum,0.021,0.021,-1,Echolocation,/mnt/ubna_data_01_mir/recover-20220825/UBNA_002/20220823_033000.WAV,Telephone Field,recover-20220825,002,1795
1699.0985,1699.108,22890,29425,Plecotus austriacus,0.005,0.021,-1,Echolocation,/mnt/ubna_data_01_mir/recover-20220825/UBNA_002/20220823_033000.WAV,Telephone Field,recover-20220825,002,1795
1699.1355,1699.1425,28046,43778,Eptesicus serotinus,0.006,0.02,-1,Echolocation,/mnt/ubna_data_01_mir/recover-20220825/UBNA_002/20220823_033000.WAV,Telephone Field,recover-20220825,002,1795
1699.1355,1699.1756,68437,82200,Rhinolophus ferrumequinum,0.023,0.023,-1,Echolocation,/mnt/ubna_data_01_mir/recover-20220825/UBNA_002/20220823_033000.WAV,Telephone Field,recover-20220825,002,1795
1699.1605,1699.1721,23750,29101,Nyctalus leisleri,0.015,0.034,-1,Echolocation,/mnt/ubna_data_01_mir/recover-20220825/UBNA_002/20220823_033000.WAV,Telephone Field,recover-20220825,002,1795
1699.1785,1699.1879,28906,36895,Eptesicus serotinus,0.008,0.02,-1,Echolocation,/mnt/ubna_data_01_mir/recover-20220825/UBNA_002/20220823_033000.WAV,Telephone Field,recover-20220825,002,1795
1699.1895,1699.1993,40078,46685,Pipistrellus nathusii,0.008,0.02,-1,Echolocation,/mnt/ubna_data_01_mir/recover-20220825/UBNA_002/20220823_033000.WAV,Telephone Field,recover-20220825,002,1795
1699.1935,1699.2036,25468,33810,Eptesicus serotinus,0.011,0.029,-1,Echolocation,/mnt/ubna_data_01_mir/recover-20220825/UBNA_002/20220823_033000.WAV,Telephone Field,recover-20220825,002,1795
1699.2135,1699.2491,68437,81752,Rhinolophus ferrumequinum,0.02,0.02,-1,Echolocation,/mnt/ubna_data_01_mir/recover-20220825/UBNA_002/20220823_033000.WAV,Telephone Field,recover-20220825,002,1795
1699.2295,1699.2661,68437,82008,Rhinolophus ferrumequinum,0.023,0.023,-1,Echolocation,/mnt/ubna_data_01_mir/recover-20220825/UBNA_002/20220823_033000.WAV,Telephone Field,recover-20220825,002,1795
1699.2545,1699.2911,68437,82069,Rhinolophus ferrumequinum,0.021,0.021,-1,Echolocation,/mnt/ubna_data_01_mir/recover-20220825/UBNA_002/20220823_033000.WAV,Telephone Field,recover-20220825,002,1795
1699.2775,1699.2871,29765,38922,Eptesicus serotinus,0.009,0.021,-1,Echolocation,/mnt/ubna_data_01_mir/recover-20220825/UBNA_002/20220823_033000.WAV,Telephone Field,recover-20220825,002,1795
1699.2925,1699.3011,25468,33756,Eptesicus serotinus,0.01,0.025,-1,Echolocation,/mnt/ubna_data_01_mir/recover-20220825/UBNA_002/20220823_033000.WAV,Telephone Field,recover-20220825,002,1795
1699.3055,1699.3454,68437,82523,Rhinolophus ferrumequinum,0.025,0.025,-1,Echolocation,/mnt/ubna_data_01_mir/recover-20220825/UBNA_002/20220823_033000.WAV,Telephone Field,recover-20220825,002,1795
1699.3105,1699.3203,22031,27799,Nyctalus leisleri,0.008,0.024,-1,Echolocation,/mnt/ubna_data_01_mir/recover-20220825/UBNA_002/20220823_033000.WAV,Telephone Field,recover-20220825,002,1795
1699.3335,1699.3425,24609,32083,Eptesicus serotinus,0.008,0.027,-1,Echolocation,/mnt/ubna_data_01_mir/recover-20220825/UBNA_002/20220823_033000.WAV,Telephone Field,recover-20220825,002,1795
1699.3375,1699.3779,68437,82583,Rhinolophus ferrumequinum,0.023,0.023,-1,Echolocation,/mnt/ubna_data_01_mir/recover-20220825/UBNA_002/20220823_033000.WAV,Telephone Field,recover-20220825,002,1795
1699.3505,1699.3834,68437,81494,Rhinolophus ferrumequinum,0.021,0.021,-1,Echolocation,/mnt/ubna_data_01_mir/recover-20220825/UBNA_002/20220823_033000.WAV,Telephone Field,recover-20220825,002,1795
1699.3595,1699.3966,68437,81768,Rhinolophus ferrumequinum,0.024,0.024,-1,Echolocation,/mnt/ubna_data_01_mir/recover-20220825/UBNA_002/20220823_033000.WAV,Telephone Field,recover-20220825,002,1795
1699.3865,1699.4253,68437,82819,Rhinolophus ferrumequinum,0.027,0.027,-1,Echolocation,/mnt/ubna_data_01_mir/recover-20220825/UBNA_002/20220823_033000.WAV,Telephone Field,recover-20220825,002,1795
1699.4195,1699.4585,68437,82668,Rhinolophus ferrumequinum,0.024,0.024,-1,Echolocation,/mnt/ubna_data_01_mir/recover-20220825/UBNA_002/20220823_033000.WAV,Telephone Field,recover-20220825,002,1795
1699.4545,1699.4636,43515,51898,Pipistrellus pipistrellus,0.02,0.03,-1,Echolocation,/mnt/ubna_data_01_mir/recover-20220825/UBNA_002/20220823_033000.WAV,Telephone Field,recover-20220825,002,1795
1699.4565,1699.4647,28046,39887,Eptesicus serotinus,0.008,0.021,-1,Echolocation,/mnt/ubna_data_01_mir/recover-20220825/UBNA_002/20220823_033000.WAV,Telephone Field,recover-20220825,002,1795
1699.4715,1699.5047,68437,81163,Rhinolophus ferrumequinum,0.022,0.022,-1,Echolocation,/mnt/ubna_data_01_mir/recover-20220825/UBNA_002/20220823_033000.WAV,Telephone Field,recover-20220825,002,1795
1699.4715,1699.4766,35781,45486,Myotis daubentonii,0.007,0.023,-1,Echolocation,/mnt/ubna_data_01_mir/recover-20220825/UBNA_002/20220823_033000.WAV,Telephone Field,recover-20220825,002,1795
1699.4735,1699.4798,28046,42838,Eptesicus serotinus,0.006,0.026,-1,Echolocation,/mnt/ubna_data_01_mir/recover-20220825/UBNA_002/20220823_033000.WAV,Telephone Field,recover-20220825,002,1795
1699.4855,1699.4948,28046,36612,Eptesicus serotinus,0.01,0.022,-1,Echolocation,/mnt/ubna_data_01_mir/recover-20220825/UBNA_002/20220823_033000.WAV,Telephone Field,recover-20220825,002,1795
1699.4995,1699.5378,68437,82562,Rhinolophus ferrumequinum,0.02,0.02,-1,Echolocation,/mnt/ubna_data_01_mir/recover-20220825/UBNA_002/20220823_033000.WAV,Telephone Field,recover-20220825,002,1795
1699.4995,1699.5073,28046,40545,Eptesicus serotinus,0.008,0.022,-1,Echolocation,/mnt/ubna_data_01_mir/recover-20220825/UBNA_002/20220823_033000.WAV,Telephone Field,recover-20220825,002,1795
1699.5195,1699.5286,23750,30871,Nyctalus leisleri,0.007,0.023,-1,Echolocation,/mnt/ubna_data_01_mir/recover-20220825/UBNA_002/20220823_033000.WAV,Telephone Field,recover-20220825,002,1795
1699.5405,1699.5769,68437,81792,Rhinolophus ferrumequinum,0.021,0.021,-1,Echolocation,/mnt/ubna_data_01_mir/recover-20220825/UBNA_002/20220823_033000.WAV,Telephone Field,recover-20220825,002,1795
1699.5645,1699.6022,68437,81680,Rhinolophus ferrumequinum,0.021,0.021,-1,Echolocation,/mnt/ubna_data_01_mir/recover-20220825/UBNA_002/20220823_033000.WAV,Telephone Field,recover-20220825,002,1795
1699.5695,1699.6041,68437,81804,Rhinolophus ferrumequinum,0.021,0.021,-1,Echolocation,/mnt/ubna_data_01_mir/recover-20220825/UBNA_002/20220823_033000.WAV,Telephone Field,recover-20220825,002,1795
1699.5915,1699.6312,68437,82712,Rhinolophus ferrumequinum,0.027,0.027,-1,Echolocation,/mnt/ubna_data_01_mir/recover-20220825/UBNA_002/20220823_033000.WAV,Telephone Field,recover-20220825,002,1795
1699.6165,1699.6547,68437,82025,Rhinolophus ferrumequinum,0.021,0.021,-1,Echolocation,/mnt/ubna_data_01_mir/recover-20220825/UBNA_002/20220823_033000.WAV,Telephone Field,recover-20220825,002,1795
1699.6235,1699.6318,27187,35671,Eptesicus serotinus,0.011,0.028,-1,Echolocation,/mnt/ubna_data_01_mir/recover-20220825/UBNA_002/20220823_033000.WAV,Telephone Field,recover-20220825,002,1795
1699.6415,1699.6785,68437,81611,Rhinolophus ferrumequinum,0.022,0.022,-1,Echolocation,/mnt/ubna_data_01_mir/recover-20220825/UBNA_002/20220823_033000.WAV,Telephone Field,recover-20220825,002,1795
1699.6485,1699.6596,23750,28659,Nyctalus leisleri,0.012,0.024,-1,Echolocation,/mnt/ubna_data_01_mir/recover-20220825/UBNA_002/20220823_033000.WAV,Telephone Field,recover-20220825,002,1795
1699.6775,1699.7161,68437,82470,Rhinolophus ferrumequinum,0.023,0.023,-1,Echolocation,/mnt/ubna_data_01_mir/recover-20220825/UBNA_002/20220823_033000.WAV,Telephone Field,recover-20220825,002,1795
1699.7045,1699.7415,68437,82024,Rhinolophus ferrumequinum,0.037,0.037,-1,Echolocation,/mnt/ubna_data_01_mir/recover-20220825/UBNA_002/20220823_033000.WAV,Telephone Field,recover-20220825,002,1795
1699.7145,1699.7502,68437,80956,Rhinolophus ferrumequinum,0.023,0.023,-1,Echolocation,/mnt/ubna_data_01_mir/recover-20220825/UBNA_002/20220823_033000.WAV,Telephone Field,recover-20220825,002,1795
1699.7205,1699.7302,50390,55361,Pipistrellus pipistrellus,0.016,0.021,-1,Echolocation,/mnt/ubna_data_01_mir/recover-20220825/UBNA_002/20220823_033000.WAV,Telephone Field,recover-20220825,002,1795
1699.7215,1699.7547,68437,80075,Rhinolophus ferrumequinum,0.024,0.025,-1,Echolocation,/mnt/ubna_data_01_mir/recover-20220825/UBNA_002/20220823_033000.WAV,Telephone Field,recover-20220825,002,1795
1699.7375,1699.7474,24609,32404,Eptesicus serotinus,0.008,0.023,-1,Echolocation,/mnt/ubna_data_01_mir/recover-20220825/UBNA_002/20220823_033000.WAV,Telephone Field,recover-20220825,002,1795
1699.7555,1699.7937,68437,82079,Rhinolophus ferrumequinum,0.022,0.022,-1,Echolocation,/mnt/ubna_data_01_mir/recover-20220825/UBNA_002/20220823_033000.WAV,Telephone Field,recover-20220825,002,1795
1699.8195,1699.8277,28046,36569,Eptesicus serotinus,0.007,0.02,-1,Echolocation,/mnt/ubna_data_01_mir/recover-20220825/UBNA_002/20220823_033000.WAV,Telephone Field,recover-20220825,002,1795
1699.8385,1699.8452,27187,38708,Eptesicus serotinus,0.007,0.022,-1,Echolocation,/mnt/ubna_data_01_mir/recover-20220825/UBNA_002/20220823_033000.WAV,Telephone Field,recover-20220825,002,1795
1699.8445,1699.8875,68437,83788,Rhinolophus ferrumequinum,0.041,0.041,-1,Echolocation,/mnt/ubna_data_01_mir/recover-20220825/UBNA_002/20220823_033000.WAV,Telephone Field,recover-20220825,002,1795
1699.8575,1699.8682,22890,29270,Nyctalus leisleri,0.008,0.022,-1,Echolocation,/mnt/ubna_data_01_mir/recover-20220825/UBNA_002/20220823_033000.WAV,Telephone Field,recover-20220825,002,1795
1699.8835,1699.8909,28046,43147,Eptesicus serotinus,0.007,0.022,-1,Echolocation,/mnt/ubna_data_01_mir/recover-20220825/UBNA_002/20220823_033000.WAV,Telephone Field,recover-20220825,002,1795
1699.8935,1699.9025,28906,38071,Eptesicus serotinus,0.008,0.023,-1,Echolocation,/mnt/ubna_data_01_mir/recover-20220825/UBNA_002/20220823_033000.WAV,Telephone Field,recover-20220825,002,1795
1699.8945,1699.9325,68437,82334,Rhinolophus ferrumequinum,0.021,0.021,-1,Echolocation,/mnt/ubna_data_01_mir/recover-20220825/UBNA_002/20220823_033000.WAV,Telephone Field,recover-20220825,002,1795
1699.9375,1699.9739,68437,81386,Rhinolophus ferrumequinum,0.022,0.022,-1,Echolocation,/mnt/ubna_data_01_mir/recover-20220825/UBNA_002/20220823_033000.WAV,Telephone Field,recover-20220825,002,1795
1699.9825,1699.9913,38359,45556,Pipistrellus nathusii,0.007,0.024,-1,Echolocation,/mnt/ubna_data_01_mir/recover-20220825/UBNA_002/20220823_033000.WAV,Telephone Field,recover-20220825,002,1795
1700.0015,1700.0357,68437,79464,Rhinolophus ferrumequinum,0.04,0.04,-1,Echolocation,/mnt/ubna_data_01_mir/recover-20220825/UBNA_002/20220823_033000.WAV,Telephone Field,recover-20220825,002,1795
1700.0015,1700.0099,25468,33794,Nyctalus leisleri,0.006,0.022,-1,Echolocation,/mnt/ubna_data_01_mir/recover-20220825/UBNA_002/20220823_033000.WAV,Telephone Field,recover-20220825,002,1795
1700.0015,1700.0137,20312,25515,Nyctalus leisleri,0.011,0.025,-1,Echolocation,/mnt/ubna_data_01_mir/recover-20220825/UBNA_002/20220823_033000.WAV,Telephone Field,recover-20220825,002,1795
1700.0015,1700.0108,49531,56578,Pipistrellus pipistrellus,0.016,0.024,-1,Echolocation,/mnt/ubna_data_01_mir/recover-20220825/UBNA_002/20220823_033000.WAV,Telephone Field,recover-20220825,002,1795
1700.0095,1700.0519,68437,82232,Rhinolophus ferrumequinum,0.023,0.024,-1,Echolocation,/mnt/ubna_data_01_mir/recover-20220825/UBNA_002/20220823_033000.WAV,Telephone Field,recover-20220825,002,1795
1700.0275,1700.0356,27187,39493,Eptesicus serotinus,0.008,0.022,-1,Echolocation,/mnt/ubna_data_01_mir/recover-20220825/UBNA_002/20220823_033000.WAV,Telephone Field,recover-20220825,002,1795
1700.0455,1700.0857,68437,82417,Rhinolophus ferrumequinum,0.021,0.021,-1,Echolocation,/mnt/ubna_data_01_mir/recover-20220825/UBNA_002/20220823_033000.WAV,Telephone Field,recover-20220825,002,1795
1700.0655,1700.1063,68437,82735,Rhinolophus ferrumequinum,0.023,0.023,-1,Echolocation,/mnt/ubna_data_01_mir/recover-20220825/UBNA_002/20220823_033000.WAV,Telephone Field,recover-20220825,002,1795
1700.0885,1700.1284,68437,82764,Rhinolophus ferrumequinum,0.03,0.03,-1,Echolocation,/mnt/ubna_data_01_mir/recover-20220825/UBNA_002/20220823_033000.WAV,Telephone Field,recover-20220825,002,1795
1700.1085,1700.1205,24609,30031,Nyctalus leisleri,0.01,0.023,-1,Echolocation,/mnt/ubna_data_01_mir/recover-20220825/UBNA_002/20220823_033000.WAV,Telephone Field,recover-20220825,002,1795
1700.1215,1700.1623,68437,82406,Rhinolophus ferrumequinum,0.022,0.022,-1,Echolocation,/mnt/ubna_data_01_mir/recover-20220825/UBNA_002/20220823_033000.WAV,Telephone Field,recover-20220825,002,1795
1700.1285,1700.1362,23750,32577,Plecotus austriacus,0.012,0.028,-1,Echolocation,/mnt/ubna_data_01_mir/recover-20220825/UBNA_002/20220823_033000.WAV,Telephone Field,recover-20220825,002,1795
1700.1495,1700.1885,68437,82264,Rhinolophus ferrumequinum,0.022,0.022,-1,Echolocation,/mnt/ubna_data_01_mir/recover-20220825/UBNA_002/20220823_033000.WAV,Telephone Field,recover-20220825,002,1795
1700.1685,1700.2071,68437,82341,Rhinolophus ferrumequinum,0.022,0.022,-1,Echolocation,/mnt/ubna_data_01_mir/recover-20220825/UBNA_002/20220823_033000.WAV,Telephone Field,recover-20220825,002,1795
1700.1715,1700.1843,23750,28862,Nyctalus leisleri,0.014,0.028,-1,Echolocation,/mnt/ubna_data_01_mir/recover-20220825/UBNA_002/20220823_033000.WAV,Telephone Field,recover-20220825,002,1795
1700.1845,1700.1944,27187,36612,Eptesicus serotinus,0.009,0.021,-1,Echolocation,/mnt/ubna_data_01_mir/recover-20220825/UBNA_002/20220823_033000.WAV,Telephone Field,recover-20220825,002,1795
1700.1915,1700.2279,68437,81465,Rhinolophus ferrumequinum,0.025,0.026,-1,Echolocation,/mnt/ubna_data_01_mir/recover-20220825/UBNA_002/20220823_033000.WAV,Telephone Field,recover-20220825,002,1795
1700.1955,1700.2053,28906,37359,Eptesicus serotinus,0.012,0.025,-1,Echolocation,/mnt/ubna_data_01_mir/recover-20220825/UBNA_002/20220823_033000.WAV,Telephone Field,recover-20220825,002,1795
1700.2045,1700.2139,28906,36694,Eptesicus serotinus,0.009,0.024,-1,Echolocation,/mnt/ubna_data_01_mir/recover-20220825/UBNA_002/20220823_033000.WAV,Telephone Field,recover-20220825,002,1795
1700.2255,1700.2678,68437,82776,Rhinolophus ferrumequinum,0.036,0.036,-1,Echolocation,/mnt/ubna_data_01_mir/recover-20220825/UBNA_002/20220823_033000.WAV,Telephone Field,recover-20220825,002,1795
1700.2515,1700.2924,68437,82312,Rhinolophus ferrumequinum,0.021,0.021,-1,Echolocation,/mnt/ubna_data_01_mir/recover-20220825/UBNA_002/20220823_033000.WAV,Telephone Field,recover-20220825,002,1795
1700.2535,1700.2641,22890,28132,Nyctalus leisleri,0.012,0.024,-1,Echolocation,/mnt/ubna_data_01_mir/recover-20220825/UBNA_002/20220823_033000.WAV,Telephone Field,recover-20220825,002,1795
1700.2755,1700.2818,46953,53163,Pipistrellus pipistrellus,0.027,0.028,-1,Echolocation,/mnt/ubna_data_01_mir/recover-20220825/UBNA_002/20220823_033000.WAV,Telephone Field,recover-20220825,002,1795
1700.2765,1700.3165,68437,82965,Rhinolophus ferrumequinum,0.031,0.031,-1,Echolocation,/mnt/ubna_data_01_mir/recover-20220825/UBNA_002/20220823_033000.WAV,Telephone Field,recover-20220825,002,1795
1700.2935,1700.3016,28046,39324,Eptesicus serotinus,0.007,0.021,-1,Echolocation,/mnt/ubna_data_01_mir/recover-20220825/UBNA_002/20220823_033000.WAV,Telephone Field,recover-20220825,002,1795
1700.3075,1700.316,28906,37440,Eptesicus serotinus,0.008,0.023,-1,Echolocation,/mnt/ubna_data_01_mir/recover-20220825/UBNA_002/20220823_033000.WAV,Telephone Field,recover-20220825,002,1795
1700.3405,1700.3794,68437,81209,Rhinolophus ferrumequinum,0.032,0.032,-1,Echolocation,/mnt/ubna_data_01_mir/recover-20220825/UBNA_002/20220823_033000.WAV,Telephone Field,recover-20220825,002,1795
1700.3535,1700.364,22031,26638,Nyctalus leisleri,0.01,0.021,-1,Echolocation,/mnt/ubna_data_01_mir/recover-20220825/UBNA_002/20220823_033000.WAV,Telephone Field,recover-20220825,002,1795
1700.3745,1700.4121,68437,81573,Rhinolophus ferrumequinum,0.021,0.021,-1,Echolocation,/mnt/ubna_data_01_mir/recover-20220825/UBNA_002/20220823_033000.WAV,Telephone Field,recover-20220825,002,1795
1700.3915,1700.4304,68437,82487,Rhinolophus ferrumequinum,0.022,0.022,-1,Echolocation,/mnt/ubna_data_01_mir/recover-20220825/UBNA_002/20220823_033000.WAV,Telephone Field,recover-20220825,002,1795
1700.3955,1700.4032,26328,34548,Eptesicus serotinus,0.007,0.021,-1,Echolocation,/mnt/ubna_data_01_mir/recover-20220825/UBNA_002/20220823_033000.WAV,Telephone Field,recover-20220825,002,1795
1700.3975,1700.4394,68437,82908,Rhinolophus ferrumequinum,0.022,0.022,-1,Echolocation,/mnt/ubna_data_01_mir/recover-20220825/UBNA_002/20220823_033000.WAV,Telephone Field,recover-20220825,002,1795
1700.4185,1700.4584,68437,82136,Rhinolophus ferrumequinum,0.021,0.021,-1,Echolocation,/mnt/ubna_data_01_mir/recover-20220825/UBNA_002/20220823_033000.WAV,Telephone Field,recover-20220825,002,1795
1700.4455,1700.4853,68437,82166,Rhinolophus ferrumequinum,0.024,0.024,-1,Echolocation,/mnt/ubna_data_01_mir/recover-20220825/UBNA_002/20220823_033000.WAV,Telephone Field,recover-20220825,002,1795
1700.4645,1700.4728,28046,38854,Eptesicus serotinus,0.007,0.021,-1,Echolocation,/mnt/ubna_data_01_mir/recover-20220825/UBNA_002/20220823_033000.WAV,Telephone Field,recover-20220825,002,1795
1700.4845,1700.4956,22890,29057,Nyctalus leisleri,0.013,0.031,-1,Echolocation,/mnt/ubna_data_01_mir/recover-20220825/UBNA_002/20220823_033000.WAV,Telephone Field,recover-20220825,002,1795
1700.4845,1700.5242,68437,82131,Rhinolophus ferrumequinum,0.033,0.033,-1,Echolocation,/mnt/ubna_data_01_mir/recover-20220825/UBNA_002/20220823_033000.WAV,Telephone Field,recover-20220825,002,1795
1700.5065,1700.5142,27187,39705,Eptesicus serotinus,0.008,0.026,-1,Echolocation,/mnt/ubna_data_01_mir/recover-20220825/UBNA_002/20220823_033000.WAV,Telephone Field,recover-20220825,002,1795
1700.5075,1700.5467,68437,82220,Rhinolophus ferrumequinum,0.021,0.021,-1,Echolocation,/mnt/ubna_data_01_mir/recover-20220825/UBNA_002/20220823_033000.WAV,Telephone Field,recover-20220825,002,1795
1700.5365,1700.5807,68437,83405,Rhinolophus ferrumequinum,0.025,0.025,-1,Echolocation,/mnt/ubna_data_01_mir/recover-20220825/UBNA_002/20220823_033000.WAV,Telephone Field,recover-20220825,002,1795
1700.5385,1700.5456,27187,38779,Eptesicus serotinus,0.006,0.021,-1,Echolocation,/mnt/ubna_data_01_mir/recover-20220825/UBNA_002/20220823_033000.WAV,Telephone Field,recover-20220825,002,1795
1700.5735,1700.592,20312,24103,Nyctalus noctula,0.019,0.039,-1,Echolocation,/mnt/ubna_data_01_mir/recover-20220825/UBNA_002/20220823_033000.WAV,Telephone Field,recover-20220825,002,1795
1700.5965,1700.6332,68437,82365,Rhinolophus ferrumequinum,0.032,0.033,-1,Echolocation,/mnt/ubna_data_01_mir/recover-20220825/UBNA_002/20220823_033000.WAV,Telephone Field,recover-20220825,002,1795
1700.6145,1700.6535,68437,82209,Rhinolophus ferrumequinum,0.025,0.025,-1,Echolocation,/mnt/ubna_data_01_mir/recover-20220825/UBNA_002/20220823_033000.WAV,Telephone Field,recover-20220825,002,1795
1700.6485,1700.6558,40078,50817,Myotis daubentonii,0.006,0.021,-1,Echolocation,/mnt/ubna_data_01_mir/recover-20220825/UBNA_002/20220823_033000.WAV,Telephone Field,recover-20220825,002,1795
1700.6755,1700.684,27187,39024,Eptesicus serotinus,0.007,0.022,-1,Echolocation,/mnt/ubna_data_01_mir/recover-20220825/UBNA_002/20220823_033000.WAV,Telephone Field,recover-20220825,002,1795
1700.7025,1700.7421,68437,82482,Rhinolophus ferrumequinum,0.025,0.025,-1,Echolocation,/mnt/ubna_data_01_mir/recover-20220825/UBNA_002/20220823_033000.WAV,Telephone Field,recover-20220825,002,1795
1700.7065,1700.7153,25468,33982,Eptesicus serotinus,0.007,0.021,-1,Echolocation,/mnt/ubna_data_01_mir/recover-20220825/UBNA_002/20220823_033000.WAV,Telephone Field,recover-20220825,002,1795
1700.7125,1700.7529,68437,82352,Rhinolophus ferrumequinum,0.021,0.022,-1,Echolocation,/mnt/ubna_data_01_mir/recover-20220825/UBNA_002/20220823_033000.WAV,Telephone Field,recover-20220825,002,1795
1700.7345,1700.7706,68437,81580,Rhinolophus ferrumequinum,0.021,0.021,-1,Echolocation,/mnt/ubna_data_01_mir/recover-20220825/UBNA_002/20220823_033000.WAV,Telephone Field,recover-20220825,002,1795
1700.7545,1700.794,68437,82326,Rhinolophus ferrumequinum,0.021,0.021,-1,Echolocation,/mnt/ubna_data_01_mir/recover-20220825/UBNA_002/20220823_033000.WAV,Telephone Field,recover-20220825,002,1795
1700.7545,1700.7625,27187,37694,Eptesicus serotinus,0.006,0.021,-1,Echolocation,/mnt/ubna_data_01_mir/recover-20220825/UBNA_002/20220823_033000.WAV,Telephone Field,recover-20220825,002,1795
1700.7595,1700.7991,68437,82264,Rhinolophus ferrumequinum,0.021,0.021,-1,Echolocation,/mnt/ubna_data_01_mir/recover-20220825/UBNA_002/20220823_033000.WAV,Telephone Field,recover-20220825,002,1795
1700.7795,1700.8182,68437,81984,Rhinolophus ferrumequinum,0.026,0.026,-1,Echolocation,/mnt/ubna_data_01_mir/recover-20220825/UBNA_002/20220823_033000.WAV,Telephone Field,recover-20220825,002,1795
1700.7855,1700.8232,68437,82177,Rhinolophus ferrumequinum,0.025,0.025,-1,Echolocation,/mnt/ubna_data_01_mir/recover-20220825/UBNA_002/20220823_033000.WAV,Telephone Field,recover-20220825,002,1795
1700.8005,1700.8344,68437,80586,Rhinolophus ferrumequinum,0.026,0.026,-1,Echolocation,/mnt/ubna_data_01_mir/recover-20220825/UBNA_002/20220823_033000.WAV,Telephone Field,recover-20220825,002,1795
1700.8135,1700.8521,68437,82395,Rhinolophus ferrumequinum,0.038,0.038,-1,Echolocation,/mnt/ubna_data_01_mir/recover-20220825/UBNA_002/20220823_033000.WAV,Telephone Field,recover-20220825,002,1795
1700.8225,1700.8633,68437,82360,Rhinolophus ferrumequinum,0.025,0.026,-1,Echolocation,/mnt/ubna_data_01_mir/recover-20220825/UBNA_002/20220823_033000.WAV,Telephone Field,recover-20220825,002,1795
1700.8605,1700.8971,68437,81698,Rhinolophus ferrumequinum,0.021,0.021,-1,Echolocation,/mnt/ubna_data_01_mir/recover-20220825/UBNA_002/20220823_033000.WAV,Telephone Field,recover-20220825,002,1795
1700.8805,1700.8885,28046,37799,Eptesicus serotinus,0.007,0.021,-1,Echolocation,/mnt/ubna_data_01_mir/recover-20220825/UBNA_002/20220823_033000.WAV,Telephone Field,recover-20220825,002,1795
1700.8885,1700.9263,68437,81771,Rhinolophus ferrumequinum,0.021,0.021,-1,Echolocation,/mnt/ubna_data_01_mir/recover-20220825/UBNA_002/20220823_033000.WAV,Telephone Field,recover-20220825,002,1795
1700.9025,1700.9079,28906,40346,Myotis daubentonii,0.009,0.035,-1,Echolocation,/mnt/ubna_data_01_mir/recover-20220825/UBNA_002/20220823_033000.WAV,Telephone Field,recover-20220825,002,1795
1700.9035,1700.9138,22031,27783,Nyctalus leisleri,0.012,0.029,-1,Echolocation,/mnt/ubna_data_01_mir/recover-20220825/UBNA_002/20220823_033000.WAV,Telephone Field,recover-20220825,002,1795
1700.9165,1700.9516,68437,81065,Rhinolophus ferrumequinum,0.021,0.021,-1,Echolocation,/mnt/ubna_data_01_mir/recover-20220825/UBNA_002/20220823_033000.WAV,Telephone Field,recover-20220825,002,1795
1700.9285,1700.9667,68437,81731,Rhinolophus ferrumequinum,0.022,0.022,-1,Echolocation,/mnt/ubna_data_01_mir/recover-20220825/UBNA_002/20220823_033000.WAV,Telephone Field,recover-20220825,002,1795
1700.9375,1700.9482,14296,19343,Nyctalus noctula,0.014,0.027,-1,Echolocation,/mnt/ubna_data_01_mir/recover-20220825/UBNA_002/20220823_033000.WAV,Telephone Field,recover-20220825,002,1795
1700.9535,1700.9923,68437,82756,Rhinolophus ferrumequinum,0.03,0.03,-1,Echolocation,/mnt/ubna_data_01_mir/recover-20220825/UBNA_002/20220823_033000.WAV,Telephone Field,recover-20220825,002,1795
1700.9755,1700.982,28046,37000,Eptesicus serotinus,0.006,0.023,-1,Echolocation,/mnt/ubna_data_01_mir/recover-20220825/UBNA_002/20220823_033000.WAV,Telephone Field,recover-20220825,002,1795
1700.9835,1701.0224,68437,81938,Rhinolophus ferrumequinum,0.021,0.021,-1,Echolocation,/mnt/ubna_data_01_mir/recover-20220825/UBNA_002/20220823_033000.WAV,Telephone Field,recover-20220825,002,1795
1701.0185,1701.0253,23750,32969,Plecotus austriacus,0.014,0.028,-1,Echolocation,/mnt/ubna_data_01_mir/recover-20220825/UBNA_002/20220823_033000.WAV,Telephone Field,recover-20220825,002,1795
1701.0785,1701.0907,43515,47279,Pipistrellus pipistrellus,0.028,0.033,-1,Echolocation,/mnt/ubna_data_01_mir/recover-20220825/UBNA_002/20220823_033000.WAV,Telephone Field,recover-20220825,002,1795
1701.0835,1701.0905,26328,40474,Eptesicus serotinus,0.006,0.023,-1,Echolocation,/mnt/ubna_data_01_mir/recover-20220825/UBNA_002/20220823_033000.WAV,Telephone Field,recover-20220825,002,1795
1701.0995,1701.1412,68437,82577,Rhinolophus ferrumequinum,0.024,0.024,-1,Echolocation,/mnt/ubna_data_01_mir/recover-20220825/UBNA_002/20220823_033000.WAV,Telephone Field,recover-20220825,002,1795
1701.1025,1701.1122,25468,32866,Eptesicus serotinus,0.008,0.021,-1,Echolocation,/mnt/ubna_data_01_mir/recover-20220825/UBNA_002/20220823_033000.WAV,Telephone Field,recover-20220825,002,1795
1701.1305,1701.1669,68437,80971,Rhinolophus ferrumequinum,0.025,0.025,-1,Echolocation,/mnt/ubna_data_01_mir/recover-20220825/UBNA_002/20220823_033000.WAV,Telephone Field,recover-20220825,002,1795
1701.1465,1701.1839,68437,81901,Rhinolophus ferrumequinum,0.022,0.022,-1,Echolocation,/mnt/ubna_data_01_mir/recover-20220825/UBNA_002/20220823_033000.WAV,Telephone Field,recover-20220825,002,1795
1701.1695,1701.1795,28046,36549,Eptesicus serotinus,0.012,0.028,-1,Echolocation,/mnt/ubna_data_01_mir/recover-20220825/UBNA_002/20220823_033000.WAV,Telephone Field,recover-20220825,002,1795
1701.1735,1701.1911,58125,64848,Pipistrellus pygmaeus,0.021,0.022,-1,Echolocation,/mnt/ubna_data_01_mir/recover-20220825/UBNA_002/20220823_033000.WAV,Telephone Field,recover-20220825,002,1795
1701.1815,1701.1913,26328,32646,Eptesicus serotinus,0.009,0.028,-1,Echolocation,/mnt/ubna_data_01_mir/recover-20220825/UBNA_002/20220823_033000.WAV,Telephone Field,recover-20220825,002,1795
1701.1985,1701.2376,68437,81810,Rhinolophus ferrumequinum,0.024,0.024,-1,Echolocation,/mnt/ubna_data_01_mir/recover-20220825/UBNA_002/20220823_033000.WAV,Telephone Field,recover-20220825,002,1795
1701.2405,1701.2527,22890,26762,Nyctalus leisleri,0.013,0.022,-1,Echolocation,/mnt/ubna_data_01_mir/recover-20220825/UBNA_002/20220823_033000.WAV,Telephone Field,recover-20220825,002,1795
1701.2635,1701.277,24609,28929,Nyctalus leisleri,0.011,0.022,-1,Echolocation,/mnt/ubna_data_01_mir/recover-20220825/UBNA_002/20220823_033000.WAV,Telephone Field,recover-20220825,002,1795
1701.2895,1701.3314,68437,83162,Rhinolophus ferrumequinum,0.03,0.03,-1,Echolocation,/mnt/ubna_data_01_mir/recover-20220825/UBNA_002/20220823_033000.WAV,Telephone Field,recover-20220825,002,1795
1701.3275,1701.3658,68437,80983,Rhinolophus ferrumequinum,0.025,0.025,-1,Echolocation,/mnt/ubna_data_01_mir/recover-20220825/UBNA_002/20220823_033000.WAV,Telephone Field,recover-20220825,002,1795
1701.3285,1701.336,55546,61873,Pipistrellus pygmaeus,0.021,0.023,-1,Echolocation,/mnt/ubna_data_01_mir/recover-20220825/UBNA_002/20220823_033000.WAV,Telephone Field,recover-20220825,002,1795
1701.3395,1701.3514,22890,27674,Nyctalus leisleri,0.012,0.022,-1,Echolocation,/mnt/ubna_data_01_mir/recover-20220825/UBNA_002/20220823_033000.WAV,Telephone Field,recover-20220825,002,1795
1701.3575,1701.364,46953,54297,Pipistrellus pipistrellus,0.024,0.026,-1,Echolocation,/mnt/ubna_data_01_mir/recover-20220825/UBNA_002/20220823_033000.WAV,Telephone Field,recover-20220825,002,1795
1701.3705,1701.3781,24609,32188,Plecotus austriacus,0.008,0.024,-1,Echolocation,/mnt/ubna_data_01_mir/recover-20220825/UBNA_002/20220823_033000.WAV,Telephone Field,recover-20220825,002,1795
1701.3815,1701.4217,68437,82579,Rhinolophus ferrumequinum,0.025,0.025,-1,Echolocation,/mnt/ubna_data_01_mir/recover-20220825/UBNA_002/20220823_033000.WAV,Telephone Field,recover-20220825,002,1795
1701.3985,1701.4065,24609,32958,Plecotus austriacus,0.009,0.027,-1,Echolocation,/mnt/ubna_data_01_mir/recover-20220825/UBNA_002/20220823_033000.WAV,Telephone Field,recover-20220825,002,1795
1701.4165,1701.456,68437,82560,Rhinolophus ferrumequinum,0.021,0.021,-1,Echolocation,/mnt/ubna_data_01_mir/recover-20220825/UBNA_002/20220823_033000.WAV,Telephone Field,recover-20220825,002,1795
1701.4435,1701.4841,68437,82583,Rhinolophus ferrumequinum,0.03,0.03,-1,Echolocation,/mnt/ubna_data_01_mir/recover-20220825/UBNA_002/20220823_033000.WAV,Telephone Field,recover-20220825,002,1795
1701.4575,1701.4982,68437,82344,Rhinolophus ferrumequinum,0.022,0.022,-1,Echolocation,/mnt/ubna_data_01_mir/recover-20220825/UBNA_002/20220823_033000.WAV,Telephone Field,recover-20220825,002,1795
1701.4595,1701.4667,28046,37266,Eptesicus serotinus,0.006,0.021,-1,Echolocation,/mnt/ubna_data_01_mir/recover-20220825/UBNA_002/20220823_033000.WAV,Telephone Field,recover-20220825,002,1795
1701.4895,1701.5291,68437,81467,Rhinolophus ferrumequinum,0.021,0.021,-1,Echolocation,/mnt/ubna_data_01_mir/recover-20220825/UBNA_002/20220823_033000.WAV,Telephone Field,recover-20220825,002,1795
1701.4945,1701.5018,28046,39870,Eptesicus serotinus,0.007,0.024,-1,Echolocation,/mnt/ubna_data_01_mir/recover-20220825/UBNA_002/20220823_033000.WAV,Telephone Field,recover-20220825,002,1795
1701.5245,1701.5346,23750,29994,Nyctalus leisleri,0.009,0.023,-1,Echolocation,/mnt/ubna_data_01_mir/recover-20220825/UBNA_002/20220823_033000.WAV,Telephone Field,recover-20220825,002,1795
1701.5865,1701.6055,18593,22090,Nyctalus noctula,0.011,0.021,-1,Echolocation,/mnt/ubna_data_01_mir/recover-20220825/UBNA_002/20220823_033000.WAV,Telephone Field,recover-20220825,002,1795
1701.6015,1701.6396,68437,82132,Rhinolophus ferrumequinum,0.026,0.026,-1,Echolocation,/mnt/ubna_data_01_mir/recover-20220825/UBNA_002/20220823_033000.WAV,Telephone Field,recover-20220825,002,1795
1701.6045,1701.6152,22890,28619,Nyctalus leisleri,0.013,0.03,-1,Echolocation,/mnt/ubna_data_01_mir/recover-20220825/UBNA_002/20220823_033000.WAV,Telephone Field,recover-20220825,002,1795
1701.6085,1701.6141,33203,48647,Myotis daubentonii,0.013,0.03,-1,Echolocation,/mnt/ubna_data_01_mir/recover-20220825/UBNA_002/20220823_033000.WAV,Telephone Field,recover-20220825,002,1795
1701.6205,1701.6584,68437,81756,Rhinolophus ferrumequinum,0.025,0.025,-1,Echolocation,/mnt/ubna_data_01_mir/recover-20220825/UBNA_002/20220823_033000.WAV,Telephone Field,recover-20220825,002,1795
1701.6515,1701.6594,23750,31349,Plecotus austriacus,0.007,0.021,-1,Echolocation,/mnt/ubna_data_01_mir/recover-20220825/UBNA_002/20220823_033000.WAV,Telephone Field,recover-20220825,002,1795
1701.6625,1701.6698,32343,46471,Myotis daubentonii,0.011,0.021,-1,Echolocation,/mnt/ubna_data_01_mir/recover-20220825/UBNA_002/20220823_033000.WAV,Telephone Field,recover-20220825,002,1795
1701.6995,1701.7398,68437,82424,Rhinolophus ferrumequinum,0.022,0.022,-1,Echolocation,/mnt/ubna_data_01_mir/recover-20220825/UBNA_002/20220823_033000.WAV,Telephone Field,recover-20220825,002,1795
1701.7045,1701.7146,23750,29337,Nyctalus leisleri,0.01,0.021,-1,Echolocation,/mnt/ubna_data_01_mir/recover-20220825/UBNA_002/20220823_033000.WAV,Telephone Field,recover-20220825,002,1795
1701.7285,1701.7405,24609,30520,Nyctalus leisleri,0.01,0.025,-1,Echolocation,/mnt/ubna_data_01_mir/recover-20220825/UBNA_002/20220823_033000.WAV,Telephone Field,recover-20220825,002,1795
1701.7705,1701.7787,28046,37606,Eptesicus serotinus,0.007,0.021,-1,Echolocation,/mnt/ubna_data_01_mir/recover-20220825/UBNA_002/20220823_033000.WAV,Telephone Field,recover-20220825,002,1795
1701.7825,1701.7898,28046,38296,Eptesicus serotinus,0.007,0.023,-1,Echolocation,/mnt/ubna_data_01_mir/recover-20220825/UBNA_002/20220823_033000.WAV,Telephone Field,recover-20220825,002,1795
1701.8045,1701.8125,27187,37246,Eptesicus serotinus,0.007,0.021,-1,Echolocation,/mnt/ubna_data_01_mir/recover-20220825/UBNA_002/20220823_033000.WAV,Telephone Field,recover-20220825,002,1795
1701.8605,1701.8995,68437,82232,Rhinolophus ferrumequinum,0.022,0.022,-1,Echolocation,/mnt/ubna_data_01_mir/recover-20220825/UBNA_002/20220823_033000.WAV,Telephone Field,recover-20220825,002,1795
1701.8635,1701.8737,25468,31354,Nyctalus leisleri,0.01,0.025,-1,Echolocation,/mnt/ubna_data_01_mir/recover-20220825/UBNA_002/20220823_033000.WAV,Telephone Field,recover-20220825,002,1795
1701.8745,1701.9153,68437,82852,Rhinolophus ferrumequinum,0.024,0.024,-1,Echolocation,/mnt/ubna_data_01_mir/recover-20220825/UBNA_002/20220823_033000.WAV,Telephone Field,recover-20220825,002,1795
1701.9145,1701.9217,27187,39807,Eptesicus serotinus,0.006,0.021,-1,Echolocation,/mnt/ubna_data_01_mir/recover-20220825/UBNA_002/20220823_033000.WAV,Telephone Field,recover-20220825,002,1795
1701.9155,1701.956,68437,82442,Rhinolophus ferrumequinum,0.024,0.024,-1,Echolocation,/mnt/ubna_data_01_mir/recover-20220825/UBNA_002/20220823_033000.WAV,Telephone Field,recover-20220825,002,1795
1701.9245,1701.9646,68437,81929,Rhinolophus ferrumequinum,0.022,0.022,-1,Echolocation,/mnt/ubna_data_01_mir/recover-20220825/UBNA_002/20220823_033000.WAV,Telephone Field,recover-20220825,002,1795
1701.9465,1701.9889,68437,83200,Rhinolophus ferrumequinum,0.031,0.031,-1,Echolocation,/mnt/ubna_data_01_mir/recover-20220825/UBNA_002/20220823_033000.WAV,Telephone Field,recover-20220825,002,1795
1702.0015,1702.0301,69296,80835,Rhinolophus ferrumequinum,0.025,0.025,-1,Echolocation,/mnt/ubna_data_01_mir/recover-20220825/UBNA_002/20220823_033000.WAV,Telephone Field,recover-20220825,002,1795
1702.0015,1702.0069,46953,53382,Pipistrellus pipistrellus,0.014,0.023,-1,Echolocation,/mnt/ubna_data_01_mir/recover-20220825/UBNA_002/20220823_033000.WAV,Telephone Field,recover-20220825,002,1795
1702.0015,1702.0096,21171,25966,Nyctalus leisleri,0.012,0.029,-1,Echolocation,/mnt/ubna_data_01_mir/recover-20220825/UBNA_002/20220823_033000.WAV,Telephone Field,recover-20220825,002,1795
1702.0335,1702.0428,25468,33227,Eptesicus serotinus,0.009,0.022,-1,Echolocation,/mnt/ubna_data_01_mir/recover-20220825/UBNA_002/20220823_033000.WAV,Telephone Field,recover-20220825,002,1795
1702.0545,1702.095,68437,82057,Rhinolophus ferrumequinum,0.021,0.021,-1,Echolocation,/mnt/ubna_data_01_mir/recover-20220825/UBNA_002/20220823_033000.WAV,Telephone Field,recover-20220825,002,1795
1702.0885,1702.0988,24609,31137,Eptesicus serotinus,0.008,0.022,-1,Echolocation,/mnt/ubna_data_01_mir/recover-20220825/UBNA_002/20220823_033000.WAV,Telephone Field,recover-20220825,002,1795
1702.0975,1702.1093,23750,28203,Nyctalus leisleri,0.01,0.021,-1,Echolocation,/mnt/ubna_data_01_mir/recover-20220825/UBNA_002/20220823_033000.WAV,Telephone Field,recover-20220825,002,1795
1702.1155,1702.1225,28046,39852,Eptesicus serotinus,0.005,0.021,-1,Echolocation,/mnt/ubna_data_01_mir/recover-20220825/UBNA_002/20220823_033000.WAV,Telephone Field,recover-20220825,002,1795
1702.1315,1702.1671,68437,81340,Rhinolophus ferrumequinum,0.02,0.02,-1,Echolocation,/mnt/ubna_data_01_mir/recover-20220825/UBNA_002/20220823_033000.WAV,Telephone Field,recover-20220825,002,1795
1702.1885,1702.2256,68437,81094,Rhinolophus ferrumequinum,0.02,0.02,-1,Echolocation,/mnt/ubna_data_01_mir/recover-20220825/UBNA_002/20220823_033000.WAV,Telephone Field,recover-20220825,002,1795
1702.2155,1702.2537,68437,82022,Rhinolophus ferrumequinum,0.021,0.021,-1,Echolocation,/mnt/ubna_data_01_mir/recover-20220825/UBNA_002/20220823_033000.WAV,Telephone Field,recover-20220825,002,1795
1702.2285,1702.269,68437,81959,Rhinolophus ferrumequinum,0.02,0.02,-1,Echolocation,/mnt/ubna_data_01_mir/recover-20220825/UBNA_002/20220823_033000.WAV,Telephone Field,recover-20220825,002,1795
1702.2405,1702.2502,26328,34369,Eptesicus serotinus,0.008,0.02,-1,Echolocation,/mnt/ubna_data_01_mir/recover-20220825/UBNA_002/20220823_033000.WAV,Telephone Field,recover-20220825,002,1795
1702.2595,1702.2673,28906,40512,Eptesicus serotinus,0.007,0.022,-1,Echolocation,/mnt/ubna_data_01_mir/recover-20220825/UBNA_002/20220823_033000.WAV,Telephone Field,recover-20220825,002,1795
1702.3035,1702.3122,22890,30120,Plecotus austriacus,0.009,0.023,-1,Echolocation,/mnt/ubna_data_01_mir/recover-20220825/UBNA_002/20220823_033000.WAV,Telephone Field,recover-20220825,002,1795
1702.3275,1702.366,68437,82253,Rhinolophus ferrumequinum,0.025,0.025,-1,Echolocation,/mnt/ubna_data_01_mir/recover-20220825/UBNA_002/20220823_033000.WAV,Telephone Field,recover-20220825,002,1795
1702.3405,1702.3773,68437,81982,Rhinolophus ferrumequinum,0.021,0.021,-1,Echolocation,/mnt/ubna_data_01_mir/recover-20220825/UBNA_002/20220823_033000.WAV,Telephone Field,recover-20220825,002,1795
1702.3715,1702.4091,68437,81398,Rhinolophus ferrumequinum,0.021,0.021,-1,Echolocation,/mnt/ubna_data_01_mir/recover-20220825/UBNA_002/20220823_033000.WAV,Telephone Field,recover-20220825,002,1795
1702.3795,1702.4189,68437,82770,Rhinolophus ferrumequinum,0.023,0.023,-1,Echolocation,/mnt/ubna_data_01_mir/recover-20220825/UBNA_002/20220823_033000.WAV,Telephone Field,recover-20220825,002,1795
1702.4145,1702.4552,68437,82201,Rhinolophus ferrumequinum,0.024,0.024,-1,Echolocation,/mnt/ubna_data_01_mir/recover-20220825/UBNA_002/20220823_033000.WAV,Telephone Field,recover-20220825,002,1795
1702.4235,1702.4307,23750,32623,Plecotus austriacus,0.009,0.022,-1,Echolocation,/mnt/ubna_data_01_mir/recover-20220825/UBNA_002/20220823_033000.WAV,Telephone Field,recover-20220825,002,1795
1702.4845,1702.5269,68437,82466,Rhinolophus ferrumequinum,0.028,0.028,-1,Echolocation,/mnt/ubna_data_01_mir/recover-20220825/UBNA_002/20220823_033000.WAV,Telephone Field,recover-20220825,002,1795
1702.5215,1702.5613,68437,82450,Rhinolophus ferrumequinum,0.023,0.023,-1,Echolocation,/mnt/ubna_data_01_mir/recover-20220825/UBNA_002/20220823_033000.WAV,Telephone Field,recover-20220825,002,1795
1702.5275,1702.5358,25468,33881,Eptesicus serotinus,0.007,0.02,-1,Echolocation,/mnt/ubna_data_01_mir/recover-20220825/UBNA_002/20220823_033000.WAV,Telephone Field,recover-20220825,002,1795
1702.5395,1702.5476,25468,33263,Eptesicus serotinus,0.006,0.02,-1,Echolocation,/mnt/ubna_data_01_mir/recover-20220825/UBNA_002/20220823_033000.WAV,Telephone Field,recover-20220825,002,1795
1702.5525,1702.5626,37500,44151,Pipistrellus nathusii,0.009,0.022,-1,Echolocation,/mnt/ubna_data_01_mir/recover-20220825/UBNA_002/20220823_033000.WAV,Telephone Field,recover-20220825,002,1795
1702.5555,1702.5954,68437,82300,Rhinolophus ferrumequinum,0.03,0.03,-1,Echolocation,/mnt/ubna_data_01_mir/recover-20220825/UBNA_002/20220823_033000.WAV,Telephone Field,recover-20220825,002,1795
1702.5775,1702.6118,68437,81133,Rhinolophus ferrumequinum,0.021,0.021,-1,Echolocation,/mnt/ubna_data_01_mir/recover-20220825/UBNA_002/20220823_033000.WAV,Telephone Field,recover-20220825,002,1795
1702.5795,1702.5859,56406,66159,Pipistrellus pygmaeus,0.035,0.037,-1,Echolocation,/mnt/ubna_data_01_mir/recover-20220825/UBNA_002/20220823_033000.WAV,Telephone Field,recover-20220825,002,1795
1702.5925,1702.6018,25468,34317,Eptesicus serotinus,0.007,0.021,-1,Echolocation,/mnt/ubna_data_01_mir/recover-20220825/UBNA_002/20220823_033000.WAV,Telephone Field,recover-20220825,002,1795
1702.6055,1702.6422,68437,81178,Rhinolophus ferrumequinum,0.019,0.019,-1,Echolocation,/mnt/ubna_data_01_mir/recover-20220825/UBNA_002/20220823_033000.WAV,Telephone Field,recover-20220825,002,1795
1702.6115,1702.648,68437,81476,Rhinolophus ferrumequinum,0.02,0.021,-1,Echolocation,/mnt/ubna_data_01_mir/recover-20220825/UBNA_002/20220823_033000.WAV,Telephone Field,recover-20220825,002,1795
1702.6155,1702.6244,28046,38724,Eptesicus serotinus,0.008,0.021,-1,Echolocation,/mnt/ubna_data_01_mir/recover-20220825/UBNA_002/20220823_033000.WAV,Telephone Field,recover-20220825,002,1795
1702.6305,1702.6701,68437,82257,Rhinolophus ferrumequinum,0.02,0.02,-1,Echolocation,/mnt/ubna_data_01_mir/recover-20220825/UBNA_002/20220823_033000.WAV,Telephone Field,recover-20220825,002,1795
1702.6535,1702.6615,28906,37447,Eptesicus serotinus,0.008,0.021,-1,Echolocation,/mnt/ubna_data_01_mir/recover-20220825/UBNA_002/20220823_033000.WAV,Telephone Field,recover-20220825,002,1795
1702.6615,1702.6952,68437,80213,Rhinolophus ferrumequinum,0.02,0.02,-1,Echolocation,/mnt/ubna_data_01_mir/recover-20220825/UBNA_002/20220823_033000.WAV,Telephone Field,recover-20220825,002,1795
1702.6695,1702.6788,40078,47565,Pipistrellus nathusii,0.009,0.021,-1,Echolocation,/mnt/ubna_data_01_mir/recover-20220825/UBNA_002/20220823_033000.WAV,Telephone Field,recover-20220825,002,1795
1702.6905,1702.7295,68437,81983,Rhinolophus ferrumequinum,0.022,0.022,-1,Echolocation,/mnt/ubna_data_01_mir/recover-20220825/UBNA_002/20220823_033000.WAV,Telephone Field,recover-20220825,002,1795
1702.7145,1702.7576,68437,83092,Rhinolophus ferrumequinum,0.026,0.026,-1,Echolocation,/mnt/ubna_data_01_mir/recover-20220825/UBNA_002/20220823_033000.WAV,Telephone Field,recover-20220825,002,1795
1702.7375,1702.7728,68437,81922,Rhinolophus ferrumequinum,0.02,0.02,-1,Echolocation,/mnt/ubna_data_01_mir/recover-20220825/UBNA_002/20220823_033000.WAV,Telephone Field,recover-20220825,002,1795
1702.7505,1702.7855,68437,80965,Rhinolophus ferrumequinum,0.02,0.02,-1,Echolocation,/mnt/ubna_data_01_mir/recover-20220825/UBNA_002/20220823_033000.WAV,Telephone Field,recover-20220825,002,1795
1702.7705,1702.7777,28906,39702,Eptesicus serotinus,0.007,0.02,-1,Echolocation,/mnt/ubna_data_01_mir/recover-20220825/UBNA_002/20220823_033000.WAV,Telephone Field,recover-20220825,002,1795
1702.8145,1702.8526,68437,82379,Rhinolophus ferrumequinum,0.022,0.022,-1,Echolocation,/mnt/ubna_data_01_mir/recover-20220825/UBNA_002/20220823_033000.WAV,Telephone Field,recover-20220825,002,1795
1702.8475,1702.8882,68437,82122,Rhinolophus ferrumequinum,0.019,0.02,-1,Echolocation,/mnt/ubna_data_01_mir/recover-20220825/UBNA_002/20220823_033000.WAV,Telephone Field,recover-20220825,002,1795
1702.8785,1702.9106,67578,78314,Rhinolophus ferrumequinum,0.02,0.021,-1,Echolocation,/mnt/ubna_data_01_mir/recover-20220825/UBNA_002/20220823_033000.WAV,Telephone Field,recover-20220825,002,1795
1702.8825,1702.9009,20312,23318,Nyctalus leisleri,0.013,0.025,-1,Echolocation,/mnt/ubna_data_01_mir/recover-20220825/UBNA_002/20220823_033000.WAV,Telephone Field,recover-20220825,002,1795
1702.9165,1702.9266,28906,36581,Eptesicus serotinus,0.009,0.021,-1,Echolocation,/mnt/ubna_data_01_mir/recover-20220825/UBNA_002/20220823_033000.WAV,Telephone Field,recover-20220825,002,1795
1702.9745,1702.9902,23750,27714,Nyctalus leisleri,0.016,0.027,-1,Echolocation,/mnt/ubna_data_01_mir/recover-20220825/UBNA_002/20220823_033000.WAV,Telephone Field,recover-20220825,002,1795
1703.0345,1703.0432,25468,33314,Eptesicus serotinus,0.007,0.021,-1,Echolocation,/mnt/ubna_data_01_mir/recover-20220825/UBNA_002/20220823_033000.WAV,Telephone Field,recover-20220825,002,1795
1703.0385,1703.0794,68437,82718,Rhinolophus ferrumequinum,0.024,0.024,-1,Echolocation,/mnt/ubna_data_01_mir/recover-20220825/UBNA_002/20220823_033000.WAV,Telephone Field,recover-20220825,002,1795
1703.0465,1703.0883,68437,82954,Rhinolophus ferrumequinum,0.022,0.022,-1,Echolocation,/mnt/ubna_data_01_mir/recover-20220825/UBNA_002/20220823_033000.WAV,Telephone Field,recover-20220825,002,1795
1703.0825,1703.0935,28906,35377,Eptesicus serotinus,0.011,0.026,-1,Echolocation,/mnt/ubna_data_01_mir/recover-20220825/UBNA_002/20220823_033000.WAV,Telephone Field,recover-20220825,002,1795
1703.0845,1703.1215,68437,82188,Rhinolophus ferrumequinum,0.021,0.021,-1,Echolocation,/mnt/ubna_data_01_mir/recover-20220825/UBNA_002/20220823_033000.WAV,Telephone Field,recover-20220825,002,1795
1703.1575,1703.193,68437,81489,Rhinolophus ferrumequinum,0.019,0.02,-1,Echolocation,/mnt/ubna_data_01_mir/recover-20220825/UBNA_002/20220823_033000.WAV,Telephone Field,recover-20220825,002,1795
1703.1585,1703.169,24609,30189,Nyctalus leisleri,0.01,0.028,-1,Echolocation,/mnt/ubna_data_01_mir/recover-20220825/UBNA_002/20220823_033000.WAV,Telephone Field,recover-20220825,002,1795
1703.1825,1703.2219,68437,82106,Rhinolophus ferrumequinum,0.022,0.022,-1,Echolocation,/mnt/ubna_data_01_mir/recover-20220825/UBNA_002/20220823_033000.WAV,Telephone Field,recover-20220825,002,1795
1703.1875,1703.2028,55546,61220,Pipistrellus pygmaeus,0.022,0.024,-1,Echolocation,/mnt/ubna_data_01_mir/recover-20220825/UBNA_002/20220823_033000.WAV,Telephone Field,recover-20220825,002,1795
1703.1965,1703.2321,68437,81711,Rhinolophus ferrumequinum,0.02,0.02,-1,Echolocation,/mnt/ubna_data_01_mir/recover-20220825/UBNA_002/20220823_033000.WAV,Telephone Field,recover-20220825,002,1795
1703.2225,1703.2596,68437,81663,Rhinolophus ferrumequinum,0.047,0.047,-1,Echolocation,/mnt/ubna_data_01_mir/recover-20220825/UBNA_002/20220823_033000.WAV,Telephone Field,recover-20220825,002,1795
1703.2255,1703.2325,27187,41098,Eptesicus serotinus,0.005,0.02,-1,Echolocation,/mnt/ubna_data_01_mir/recover-20220825/UBNA_002/20220823_033000.WAV,Telephone Field,recover-20220825,002,1795
1703.2365,1703.2747,68437,81971,Rhinolophus ferrumequinum,0.022,0.022,-1,Echolocation,/mnt/ubna_data_01_mir/recover-20220825/UBNA_002/20220823_033000.WAV,Telephone Field,recover-20220825,002,1795
1703.2395,1703.2485,28906,37305,Eptesicus serotinus,0.01,0.021,-1,Echolocation,/mnt/ubna_data_01_mir/recover-20220825/UBNA_002/20220823_033000.WAV,Telephone Field,recover-20220825,002,1795
1703.2575,1703.2965,68437,82094,Rhinolophus ferrumequinum,0.024,0.024,-1,Echolocation,/mnt/ubna_data_01_mir/recover-20220825/UBNA_002/20220823_033000.WAV,Telephone Field,recover-20220825,002,1795
1703.2805,1703.292,22890,27775,Nyctalus leisleri,0.012,0.023,-1,Echolocation,/mnt/ubna_data_01_mir/recover-20220825/UBNA_002/20220823_033000.WAV,Telephone Field,recover-20220825,002,1795
1703.3065,1703.3431,68437,81675,Rhinolophus ferrumequinum,0.022,0.022,-1,Echolocation,/mnt/ubna_data_01_mir/recover-20220825/UBNA_002/20220823_033000.WAV,Telephone Field,recover-20220825,002,1795
1703.3205,1703.3618,68437,81895,Rhinolophus ferrumequinum,0.021,0.021,-1,Echolocation,/mnt/ubna_data_01_mir/recover-20220825/UBNA_002/20220823_033000.WAV,Telephone Field,recover-20220825,002,1795
1703.3235,1703.3315,23750,31638,Plecotus austriacus,0.008,0.02,-1,Echolocation,/mnt/ubna_data_01_mir/recover-20220825/UBNA_002/20220823_033000.WAV,Telephone Field,recover-20220825,002,1795
1703.3475,1703.388,68437,82833,Rhinolophus ferrumequinum,0.021,0.021,-1,Echolocation,/mnt/ubna_data_01_mir/recover-20220825/UBNA_002/20220823_033000.WAV,Telephone Field,recover-20220825,002,1795
1703.3495,1703.3652,22890,28016,Nyctalus leisleri,0.021,0.048,-1,Echolocation,/mnt/ubna_data_01_mir/recover-20220825/UBNA_002/20220823_033000.WAV,Telephone Field,recover-20220825,002,1795
1703.3895,1703.4294,68437,81961,Rhinolophus ferrumequinum,0.021,0.021,-1,Echolocation,/mnt/ubna_data_01_mir/recover-20220825/UBNA_002/20220823_033000.WAV,Telephone Field,recover-20220825,002,1795
1703.3935,1703.4021,24609,31906,Eptesicus serotinus,0.005,0.02,-1,Echolocation,/mnt/ubna_data_01_mir/recover-20220825/UBNA_002/20220823_033000.WAV,Telephone Field,recover-20220825,002,1795
1703.4135,1703.4504,68437,81503,Rhinolophus ferrumequinum,0.02,0.02,-1,Echolocation,/mnt/ubna_data_01_mir/recover-20220825/UBNA_002/20220823_033000.WAV,Telephone Field,recover-20220825,002,1795
1703.4275,1703.4661,68437,81501,Rhinolophus ferrumequinum,0.02,0.02,-1,Echolocation,/mnt/ubna_data_01_mir/recover-20220825/UBNA_002/20220823_033000.WAV,Telephone Field,recover-20220825,002,1795
1703.4385,1703.4457,28046,39705,Eptesicus serotinus,0.006,0.02,-1,Echolocation,/mnt/ubna_data_01_mir/recover-20220825/UBNA_002/20220823_033000.WAV,Telephone Field,recover-20220825,002,1795
1703.4885,1703.5268,68437,82351,Rhinolophus ferrumequinum,0.023,0.023,-1,Echolocation,/mnt/ubna_data_01_mir/recover-20220825/UBNA_002/20220823_033000.WAV,Telephone Field,recover-20220825,002,1795
1703.5135,1703.5199,28046,40576,Eptesicus serotinus,0.005,0.021,-1,Echolocation,/mnt/ubna_data_01_mir/recover-20220825/UBNA_002/20220823_033000.WAV,Telephone Field,recover-20220825,002,1795
1703.5535,1703.5899,68437,81888,Rhinolophus ferrumequinum,0.021,0.021,-1,Echolocation,/mnt/ubna_data_01_mir/recover-20220825/UBNA_002/20220823_033000.WAV,Telephone Field,recover-20220825,002,1795
1703.5555,1703.5635,27187,37604,Eptesicus serotinus,0.009,0.023,-1,Echolocation,/mnt/ubna_data_01_mir/recover-20220825/UBNA_002/20220823_033000.WAV,Telephone Field,recover-20220825,002,1795
1703.5805,1703.6192,68437,82384,Rhinolophus ferrumequinum,0.021,0.021,-1,Echolocation,/mnt/ubna_data_01_mir/recover-20220825/UBNA_002/20220823_033000.WAV,Telephone Field,recover-20220825,002,1795
1703.5935,1703.6026,27187,35584,Eptesicus serotinus,0.01,0.024,-1,Echolocation,/mnt/ubna_data_01_mir/recover-20220825/UBNA_002/20220823_033000.WAV,Telephone Field,recover-20220825,002,1795
1703.6055,1703.6478,68437,82805,Rhinolophus ferrumequinum,0.032,0.032,-1,Echolocation,/mnt/ubna_data_01_mir/recover-20220825/UBNA_002/20220823_033000.WAV,Telephone Field,recover-20220825,002,1795
1703.6205,1703.6307,22031,26367,Nyctalus leisleri,0.01,0.02,-1,Echolocation,/mnt/ubna_data_01_mir/recover-20220825/UBNA_002/20220823_033000.WAV,Telephone Field,recover-20220825,002,1795
1703.6275,1703.6619,68437,81587,Rhinolophus ferrumequinum,0.023,0.023,-1,Echolocation,/mnt/ubna_data_01_mir/recover-20220825/UBNA_002/20220823_033000.WAV,Telephone Field,recover-20220825,002,1795
1703.6665,1703.7065,68437,83256,Rhinolophus ferrumequinum,0.032,0.032,-1,Echolocation,/mnt/ubna_data_01_mir/recover-20220825/UBNA_002/20220823_033000.WAV,Telephone Field,recover-20220825,002,1795
1703.6875,1703.6942,28046,41156,Eptesicus serotinus,0.005,0.02,-1,Echolocation,/mnt/ubna_data_01_mir/recover-20220825/UBNA_002/20220823_033000.WAV,Telephone Field,recover-20220825,002,1795
1703.7095,1703.7193,22890,28476,Nyctalus leisleri,0.007,0.02,-1,Echolocation,/mnt/ubna_data_01_mir/recover-20220825/UBNA_002/20220823_033000.WAV,Telephone Field,recover-20220825,002,1795
1703.7345,1703.7736,68437,82286,Rhinolophus ferrumequinum,0.02,0.02,-1,Echolocation,/mnt/ubna_data_01_mir/recover-20220825/UBNA_002/20220823_033000.WAV,Telephone Field,recover-20220825,002,1795
1703.7345,1703.7412,33203,44820,Myotis daubentonii,0.007,0.021,-1,Echolocation,/mnt/ubna_data_01_mir/recover-20220825/UBNA_002/20220823_033000.WAV,Telephone Field,recover-20220825,002,1795
1703.7675,1703.808,68437,82716,Rhinolophus ferrumequinum,0.021,0.021,-1,Echolocation,/mnt/ubna_data_01_mir/recover-20220825/UBNA_002/20220823_033000.WAV,Telephone Field,recover-20220825,002,1795
1703.7875,1703.8234,68437,81058,Rhinolophus ferrumequinum,0.02,0.02,-1,Echolocation,/mnt/ubna_data_01_mir/recover-20220825/UBNA_002/20220823_033000.WAV,Telephone Field,recover-20220825,002,1795
1703.7875,1703.7942,24609,33406,Plecotus austriacus,0.011,0.025,-1,Echolocation,/mnt/ubna_data_01_mir/recover-20220825/UBNA_002/20220823_033000.WAV,Telephone Field,recover-20220825,002,1795
1703.8155,1703.8555,68437,82121,Rhinolophus ferrumequinum,0.024,0.024,-1,Echolocation,/mnt/ubna_data_01_mir/recover-20220825/UBNA_002/20220823_033000.WAV,Telephone Field,recover-20220825,002,1795
1703.8585,1703.8658,23750,31880,Plecotus austriacus,0.009,0.02,-1,Echolocation,/mnt/ubna_data_01_mir/recover-20220825/UBNA_002/20220823_033000.WAV,Telephone Field,recover-20220825,002,1795
1703.8675,1703.9067,68437,82204,Rhinolophus ferrumequinum,0.029,0.029,-1,Echolocation,/mnt/ubna_data_01_mir/recover-20220825/UBNA_002/20220823_033000.WAV,Telephone Field,recover-20220825,002,1795
1703.8735,1703.8838,22890,28456,Nyctalus leisleri,0.009,0.022,-1,Echolocation,/mnt/ubna_data_01_mir/recover-20220825/UBNA_002/20220823_033000.WAV,Telephone Field,recover-20220825,002,1795
1703.9075,1703.9148,28046,38685,Eptesicus serotinus,0.007,0.021,-1,Echolocation,/mnt/ubna_data_01_mir/recover-20220825/UBNA_002/20220823_033000.WAV,Telephone Field,recover-20220825,002,1795
1703.9285,1703.9691,68437,82925,Rhinolophus ferrumequinum,0.024,0.024,-1,Echolocation,/mnt/ubna_data_01_mir/recover-20220825/UBNA_002/20220823_033000.WAV,Telephone Field,recover-20220825,002,1795
1703.9615,1703.9982,68437,81055,Rhinolophus ferrumequinum,0.02,0.02,-1,Echolocation,/mnt/ubna_data_01_mir/recover-20220825/UBNA_002/20220823_033000.WAV,Telephone Field,recover-20220825,002,1795
1703.9845,1703.9921,28046,39979,Eptesicus serotinus,0.008,0.022,-1,Echolocation,/mnt/ubna_data_01_mir/recover-20220825/UBNA_002/20220823_033000.WAV,Telephone Field,recover-20220825,002,1795
1703.9855,1703.9968,43515,49557,Pipistrellus pipistrellus,0.029,0.047,-1,Echolocation,/mnt/ubna_data_01_mir/recover-20220825/UBNA_002/20220823_033000.WAV,Telephone Field,recover-20220825,002,1795
1704.0015,1704.0285,69296,82721,Rhinolophus ferrumequinum,0.032,0.033,-1,Echolocation,/mnt/ubna_data_01_mir/recover-20220825/UBNA_002/20220823_033000.WAV,Telephone Field,recover-20220825,002,1795
1704.0015,1704.0095,24609,35771,Nyctalus leisleri,0.007,0.029,-1,Echolocation,/mnt/ubna_data_01_mir/recover-20220825/UBNA_002/20220823_033000.WAV,Telephone Field,recover-20220825,002,1795
1704.0015,1704.0122,30625,38230,Eptesicus serotinus,0.007,0.035,-1,Echolocation,/mnt/ubna_data_01_mir/recover-20220825/UBNA_002/20220823_033000.WAV,Telephone Field,recover-20220825,002,1795
1704.0235,1704.0301,31484,53566,Myotis daubentonii,0.014,0.028,-1,Echolocation,/mnt/ubna_data_01_mir/recover-20220825/UBNA_002/20220823_033000.WAV,Telephone Field,recover-20220825,002,1795
1704.0475,1704.0542,40937,50868,Pipistrellus nathusii,0.259,0.38,-1,Echolocation,/mnt/ubna_data_01_mir/recover-20220825/UBNA_002/20220823_033000.WAV,Telephone Field,recover-20220825,002,1795
1704.1055,1704.1117,28906,49691,Myotis daubentonii,0.012,0.024,-1,Echolocation,/mnt/ubna_data_01_mir/recover-20220825/UBNA_002/20220823_033000.WAV,Telephone Field,recover-20220825,002,1795
1704.1085,1704.1163999999999,40937,46386,Pipistrellus nathusii,0.042,0.061,-1,Echolocation,/mnt/ubna_data_01_mir/recover-20220825/UBNA_002/20220823_033000.WAV,Telephone Field,recover-20220825,002,1795
1704.1835,1704.1929,45234,49392,Pipistrellus pipistrellus,0.033,0.041,-1,Echolocation,/mnt/ubna_data_01_mir/recover-20220825/UBNA_002/20220823_033000.WAV,Telephone Field,recover-20220825,002,1795
1704.1855,1704.2206,68437,81405,Rhinolophus ferrumequinum,0.025,0.025,-1,Echolocation,/mnt/ubna_data_01_mir/recover-20220825/UBNA_002/20220823_033000.WAV,Telephone Field,recover-20220825,002,1795
1704.2105,1704.2234,22890,26969,Nyctalus leisleri,0.015,0.026,-1,Echolocation,/mnt/ubna_data_01_mir/recover-20220825/UBNA_002/20220823_033000.WAV,Telephone Field,recover-20220825,002,1795
1704.2455,1704.2524,45234,49243,Pipistrellus pipistrellus,0.022,0.028,-1,Echolocation,/mnt/ubna_data_01_mir/recover-20220825/UBNA_002/20220823_033000.WAV,Telephone Field,recover-20220825,002,1795
1704.2465,1704.2517,34062,54608,Myotis daubentonii,0.021,0.039,-1,Echolocation,/mnt/ubna_data_01_mir/recover-20220825/UBNA_002/20220823_033000.WAV,Telephone Field,recover-20220825,002,1795
1704.2765,1704.284,37500,52136,Myotis brandtii,0.012,0.028,-1,Echolocation,/mnt/ubna_data_01_mir/recover-20220825/UBNA_002/20220823_033000.WAV,Telephone Field,recover-20220825,002,1795
1704.3035,1704.3118,27187,39118,Eptesicus serotinus,0.009,0.026,-1,Echolocation,/mnt/ubna_data_01_mir/recover-20220825/UBNA_002/20220823_033000.WAV,Telephone Field,recover-20220825,002,1795
1704.3275,1704.3353,27187,40038,Eptesicus serotinus,0.01,0.028,-1,Echolocation,/mnt/ubna_data_01_mir/recover-20220825/UBNA_002/20220823_033000.WAV,Telephone Field,recover-20220825,002,1795
1704.3485,1704.3537,42656,55079,Pipistrellus nathusii,0.392,0.46,-1,Echolocation,/mnt/ubna_data_01_mir/recover-20220825/UBNA_002/20220823_033000.WAV,Telephone Field,recover-20220825,002,1795
1704.3615,1704.3705,27187,36409,Eptesicus serotinus,0.011,0.028,-1,Echolocation,/mnt/ubna_data_01_mir/recover-20220825/UBNA_002/20220823_033000.WAV,Telephone Field,recover-20220825,002,1795
1704.3665,1704.3763,32343,38813,Barbastellus barbastellus,0.009,0.028,-1,Echolocation,/mnt/ubna_data_01_mir/recover-20220825/UBNA_002/20220823_033000.WAV,Telephone Field,recover-20220825,002,1795
1704.3695,1704.3774,27187,36765,Eptesicus serotinus,0.01,0.027,-1,Echolocation,/mnt/ubna_data_01_mir/recover-20220825/UBNA_002/20220823_033000.WAV,Telephone Field,recover-20220825,002,1795
1704.4205,1704.4285,26328,34531,Eptesicus serotinus,0.01,0.028,-1,Echolocation,/mnt/ubna_data_01_mir/recover-20220825/UBNA_002/20220823_033000.WAV,Telephone Field,recover-20220825,002,1795
1704.4375,1704.4458,41796,48708,Pipistrellus nathusii,0.314,0.391,-1,Echolocation,/mnt/ubna_data_01_mir/recover-20220825/UBNA_002/20220823_033000.WAV,Telephone Field,recover-20220825,002,1795
1704.4565,1704.4955,68437,82491,Rhinolophus ferrumequinum,0.029,0.029,-1,Echolocation,/mnt/ubna_data_01_mir/recover-20220825/UBNA_002/20220823_033000.WAV,Telephone Field,recover-20220825,002,1795
1704.4975,1704.5041,27187,37403,Eptesicus serotinus,0.008,0.032,-1,Echolocation,/mnt/ubna_data_01_mir/recover-20220825/UBNA_002/20220823_033000.WAV,Telephone Field,recover-20220825,002,1795
1704.4975,1704.508,22031,28034,Nyctalus leisleri,0.009,0.027,-1,Echolocation,/mnt/ubna_data_01_mir/recover-20220825/UBNA_002/20220823_033000.WAV,Telephone Field,recover-20220825,002,1795
1704.5145,1704.5214,42656,48885,Pipistrellus nathusii,0.341,0.416,-1,Echolocation,/mnt/ubna_data_01_mir/recover-20220825/UBNA_002/20220823_033000.WAV,Telephone Field,recover-20220825,002,1795
1704.5145,1704.5205,29765,51790,Myotis daubentonii,0.018,0.027,-1,Echolocation,/mnt/ubna_data_01_mir/recover-20220825/UBNA_002/20220823_033000.WAV,Telephone Field,recover-20220825,002,1795
1704.5215,1704.5296,26328,34993,Eptesicus serotinus,0.007,0.026,-1,Echolocation,/mnt/ubna_data_01_mir/recover-20220825/UBNA_002/20220823_033000.WAV,Telephone Field,recover-20220825,002,1795
1704.5605,1704.567,30625,40552,Myotis daubentonii,0.011,0.032,-1,Echolocation,/mnt/ubna_data_01_mir/recover-20220825/UBNA_002/20220823_033000.WAV,Telephone Field,recover-20220825,002,1795
1704.5605,1704.6019000000001,68437,82384,Rhinolophus ferrumequinum,0.026,0.026,-1,Echolocation,/mnt/ubna_data_01_mir/recover-20220825/UBNA_002/20220823_033000.WAV,Telephone Field,recover-20220825,002,1795
1704.5655,1704.5763,39218,44757,Pipistrellus nathusii,0.068,0.083,-1,Echolocation,/mnt/ubna_data_01_mir/recover-20220825/UBNA_002/20220823_033000.WAV,Telephone Field,recover-20220825,002,1795
1704.5885,1704.6106,18593,22469,Nyctalus noctula,0.027,0.045,-1,Echolocation,/mnt/ubna_data_01_mir/recover-20220825/UBNA_002/20220823_033000.WAV,Telephone Field,recover-20220825,002,1795
1704.6125,1704.6193,41796,53265,Pipistrellus nathusii,0.381,0.494,-1,Echolocation,/mnt/ubna_data_01_mir/recover-20220825/UBNA_002/20220823_033000.WAV,Telephone Field,recover-20220825,002,1795
1704.6235,1704.6302,53828,60918,Pipistrellus pygmaeus,0.033,0.034,-1,Echolocation,/mnt/ubna_data_01_mir/recover-20220825/UBNA_002/20220823_033000.WAV,Telephone Field,recover-20220825,002,1795
1704.6375,1704.6769,68437,82734,Rhinolophus ferrumequinum,0.025,0.025,-1,Echolocation,/mnt/ubna_data_01_mir/recover-20220825/UBNA_002/20220823_033000.WAV,Telephone Field,recover-20220825,002,1795
1704.6445,1704.653,48671,55645,Pipistrellus pipistrellus,0.024,0.028,-1,Echolocation,/mnt/ubna_data_01_mir/recover-20220825/UBNA_002/20220823_033000.WAV,Telephone Field,recover-20220825,002,1795
1704.6485,1704.6575,25468,33962,Eptesicus serotinus,0.01,0.025,-1,Echolocation,/mnt/ubna_data_01_mir/recover-20220825/UBNA_002/20220823_033000.WAV,Telephone Field,recover-20220825,002,1795
1704.6735,1704.7119,68437,82691,Rhinolophus ferrumequinum,0.025,0.025,-1,Echolocation,/mnt/ubna_data_01_mir/recover-20220825/UBNA_002/20220823_033000.WAV,Telephone Field,recover-20220825,002,1795
1704.6745,1704.6826,28046,38342,Eptesicus serotinus,0.009,0.026,-1,Echolocation,/mnt/ubna_data_01_mir/recover-20220825/UBNA_002/20220823_033000.WAV,Telephone Field,recover-20220825,002,1795
1704.6805,1704.6887,28046,37366,Eptesicus serotinus,0.009,0.025,-1,Echolocation,/mnt/ubna_data_01_mir/recover-20220825/UBNA_002/20220823_033000.WAV,Telephone Field,recover-20220825,002,1795
1704.6855,1704.6954,46953,49261,Pipistrellus pipistrellus,0.032,0.041,-1,Echolocation,/mnt/ubna_data_01_mir/recover-20220825/UBNA_002/20220823_033000.WAV,Telephone Field,recover-20220825,002,1795
1704.7015,1704.7078,41796,49996,Myotis daubentonii,0.031,0.101,-1,Echolocation,/mnt/ubna_data_01_mir/recover-20220825/UBNA_002/20220823_033000.WAV,Telephone Field,recover-20220825,002,1795
1704.7045,1704.7104,30625,59788,Myotis daubentonii,0.022,0.044,-1,Echolocation,/mnt/ubna_data_01_mir/recover-20220825/UBNA_002/20220823_033000.WAV,Telephone Field,recover-20220825,002,1795
1704.7135,1704.7228,28046,36144,Eptesicus serotinus,0.009,0.025,-1,Echolocation,/mnt/ubna_data_01_mir/recover-20220825/UBNA_002/20220823_033000.WAV,Telephone Field,recover-20220825,002,1795
1704.7465,1704.7533,27187,46426,Myotis daubentonii,0.008,0.026,-1,Echolocation,/mnt/ubna_data_01_mir/recover-20220825/UBNA_002/20220823_033000.WAV,Telephone Field,recover-20220825,002,1795
1704.7465,1704.7552,42656,52616,Pipistrellus nathusii,0.01,0.031,-1,Echolocation,/mnt/ubna_data_01_mir/recover-20220825/UBNA_002/20220823_033000.WAV,Telephone Field,recover-20220825,002,1795
1704.7995,1704.8072,42656,54232,Pipistrellus nathusii,0.486,0.565,-1,Echolocation,/mnt/ubna_data_01_mir/recover-20220825/UBNA_002/20220823_033000.WAV,Telephone Field,recover-20220825,002,1795
1704.8955,1704.9026,41796,54433,Pipistrellus nathusii,0.508,0.565,-1,Echolocation,/mnt/ubna_data_01_mir/recover-20220825/UBNA_002/20220823_033000.WAV,Telephone Field,recover-20220825,002,1795
1704.9025,1704.9091,25468,33335,Eptesicus serotinus,0.005,0.024,-1,Echolocation,/mnt/ubna_data_01_mir/recover-20220825/UBNA_002/20220823_033000.WAV,Telephone Field,recover-20220825,002,1795
1704.9805,1704.9897,28046,35754,Eptesicus serotinus,0.01,0.027,-1,Echolocation,/mnt/ubna_data_01_mir/recover-20220825/UBNA_002/20220823_033000.WAV,Telephone Field,recover-20220825,002,1795
1704.9925,1704.999,42656,54088,Pipistrellus nathusii,0.392,0.5,-1,Echolocation,/mnt/ubna_data_01_mir/recover-20220825/UBNA_002/20220823_033000.WAV,Telephone Field,recover-20220825,002,1795
1705.0075,1705.0153,27187,35864,Eptesicus serotinus,0.008,0.025,-1,Echolocation,/mnt/ubna_data_01_mir/recover-20220825/UBNA_002/20220823_033000.WAV,Telephone Field,recover-20220825,002,1795
1705.0315,1705.0696,68437,82302,Rhinolophus ferrumequinum,0.028,0.028,-1,Echolocation,/mnt/ubna_data_01_mir/recover-20220825/UBNA_002/20220823_033000.WAV,Telephone Field,recover-20220825,002,1795
1705.0345,1705.0417,27187,36498,Eptesicus serotinus,0.007,0.025,-1,Echolocation,/mnt/ubna_data_01_mir/recover-20220825/UBNA_002/20220823_033000.WAV,Telephone Field,recover-20220825,002,1795
1705.0525,1705.0576,42656,52132,Pipistrellus nathusii,0.335,0.383,-1,Echolocation,/mnt/ubna_data_01_mir/recover-20220825/UBNA_002/20220823_033000.WAV,Telephone Field,recover-20220825,002,1795
1705.1005,1705.1072,41796,49574,Pipistrellus nathusii,0.216,0.364,-1,Echolocation,/mnt/ubna_data_01_mir/recover-20220825/UBNA_002/20220823_033000.WAV,Telephone Field,recover-20220825,002,1795
1705.1825,1705.1884,30625,61375,Myotis daubentonii,0.011,0.026,-1,Echolocation,/mnt/ubna_data_01_mir/recover-20220825/UBNA_002/20220823_033000.WAV,Telephone Field,recover-20220825,002,1795
1705.1825,1705.1883,42656,59209,Pipistrellus nathusii,0.414,0.524,-1,Echolocation,/mnt/ubna_data_01_mir/recover-20220825/UBNA_002/20220823_033000.WAV,Telephone Field,recover-20220825,002,1795
1705.2265,1705.2352,37500,43361,Pipistrellus nathusii,0.016,0.032,-1,Echolocation,/mnt/ubna_data_01_mir/recover-20220825/UBNA_002/20220823_033000.WAV,Telephone Field,recover-20220825,002,1795
1705.2455,1705.2523,47812,53809,Pipistrellus pipistrellus,0.032,0.038,-1,Echolocation,/mnt/ubna_data_01_mir/recover-20220825/UBNA_002/20220823_033000.WAV,Telephone Field,recover-20220825,002,1795
1705.2605,1705.2661,34062,51654,Myotis brandtii,0.013,0.033,-1,Echolocation,/mnt/ubna_data_01_mir/recover-20220825/UBNA_002/20220823_033000.WAV,Telephone Field,recover-20220825,002,1795
1705.2705,1705.2771,50390,58070,Pipistrellus pipistrellus,0.015,0.033,-1,Echolocation,/mnt/ubna_data_01_mir/recover-20220825/UBNA_002/20220823_033000.WAV,Telephone Field,recover-20220825,002,1795
1705.2715,1705.279,54687,59581,Pipistrellus pygmaeus,0.023,0.026,-1,Echolocation,/mnt/ubna_data_01_mir/recover-20220825/UBNA_002/20220823_033000.WAV,Telephone Field,recover-20220825,002,1795
1705.2725,1705.2785,42656,58607,Pipistrellus nathusii,0.49,0.555,-1,Echolocation,/mnt/ubna_data_01_mir/recover-20220825/UBNA_002/20220823_033000.WAV,Telephone Field,recover-20220825,002,1795
1705.3235,1705.3306,27187,41146,Eptesicus serotinus,0.01,0.03,-1,Echolocation,/mnt/ubna_data_01_mir/recover-20220825/UBNA_002/20220823_033000.WAV,Telephone Field,recover-20220825,002,1795
1705.3275,1705.3342,42656,50220,Pipistrellus nathusii,0.019,0.041,-1,Echolocation,/mnt/ubna_data_01_mir/recover-20220825/UBNA_002/20220823_033000.WAV,Telephone Field,recover-20220825,002,1795
1705.3585,1705.3649,50390,60981,Pipistrellus pipistrellus,0.014,0.034,-1,Echolocation,/mnt/ubna_data_01_mir/recover-20220825/UBNA_002/20220823_033000.WAV,Telephone Field,recover-20220825,002,1795
1705.3595,1705.3653,29765,51603,Myotis daubentonii,0.016,0.026,-1,Echolocation,/mnt/ubna_data_01_mir/recover-20220825/UBNA_002/20220823_033000.WAV,Telephone Field,recover-20220825,002,1795
1705.3595,1705.367,42656,64218,Pipistrellus nathusii,0.365,0.576,-1,Echolocation,/mnt/ubna_data_01_mir/recover-20220825/UBNA_002/20220823_033000.WAV,Telephone Field,recover-20220825,002,1795
1705.3885,1705.4042,22890,27754,Nyctalus leisleri,0.015,0.033,-1,Echolocation,/mnt/ubna_data_01_mir/recover-20220825/UBNA_002/20220823_033000.WAV,Telephone Field,recover-20220825,002,1795
1705.4395,1705.4453,33203,42009,Barbastellus barbastellus,0.012,0.03,-1,Echolocation,/mnt/ubna_data_01_mir/recover-20220825/UBNA_002/20220823_033000.WAV,Telephone Field,recover-20220825,002,1795
1705.4445,1705.4521,27187,35437,Eptesicus serotinus,0.011,0.027,-1,Echolocation,/mnt/ubna_data_01_mir/recover-20220825/UBNA_002/20220823_033000.WAV,Telephone Field,recover-20220825,002,1795
1705.4535,1705.4608,42656,60008,Pipistrellus nathusii,0.596,0.667,-1,Echolocation,/mnt/ubna_data_01_mir/recover-20220825/UBNA_002/20220823_033000.WAV,Telephone Field,recover-20220825,002,1795
1705.4535,1705.4594,52109,57381,Pipistrellus pipistrellus,0.014,0.027,-1,Echolocation,/mnt/ubna_data_01_mir/recover-20220825/UBNA_002/20220823_033000.WAV,Telephone Field,recover-20220825,002,1795
1705.5255,1705.5327,42656,52066,Pipistrellus nathusii,0.446,0.509,-1,Echolocation,/mnt/ubna_data_01_mir/recover-20220825/UBNA_002/20220823_033000.WAV,Telephone Field,recover-20220825,002,1795
1705.5385,1705.5739,68437,81725,Rhinolophus ferrumequinum,0.024,0.024,-1,Echolocation,/mnt/ubna_data_01_mir/recover-20220825/UBNA_002/20220823_033000.WAV,Telephone Field,recover-20220825,002,1795
1705.5645,1705.5728,40078,46272,Pipistrellus nathusii,0.016,0.027,-1,Echolocation,/mnt/ubna_data_01_mir/recover-20220825/UBNA_002/20220823_033000.WAV,Telephone Field,recover-20220825,002,1795
1705.5895,1705.5952,43515,52880,Pipistrellus nathusii,0.43,0.532,-1,Echolocation,/mnt/ubna_data_01_mir/recover-20220825/UBNA_002/20220823_033000.WAV,Telephone Field,recover-20220825,002,1795
1705.5985,1705.6074,25468,32746,Eptesicus serotinus,0.01,0.026,-1,Echolocation,/mnt/ubna_data_01_mir/recover-20220825/UBNA_002/20220823_033000.WAV,Telephone Field,recover-20220825,002,1795
1705.6345,1705.6405,34062,44035,Myotis daubentonii,0.013,0.028,-1,Echolocation,/mnt/ubna_data_01_mir/recover-20220825/UBNA_002/20220823_033000.WAV,Telephone Field,recover-20220825,002,1795
1705.6455,1705.6518,40937,54243,Pipistrellus nathusii,0.144,0.32,-1,Echolocation,/mnt/ubna_data_01_mir/recover-20220825/UBNA_002/20220823_033000.WAV,Telephone Field,recover-20220825,002,1795
1705.6515,1705.6671,19453,24183,Nyctalus leisleri,0.011,0.027,-1,Echolocation,/mnt/ubna_data_01_mir/recover-20220825/UBNA_002/20220823_033000.WAV,Telephone Field,recover-20220825,002,1795
1705.6805,1705.6887,28046,37306,Eptesicus serotinus,0.01,0.026,-1,Echolocation,/mnt/ubna_data_01_mir/recover-20220825/UBNA_002/20220823_033000.WAV,Telephone Field,recover-20220825,002,1795
1705.7065,1705.7185,22890,28026,Nyctalus leisleri,0.016,0.034,-1,Echolocation,/mnt/ubna_data_01_mir/recover-20220825/UBNA_002/20220823_033000.WAV,Telephone Field,recover-20220825,002,1795
1705.7085,1705.7151,43515,51042,Pipistrellus nathusii,0.366,0.525,-1,Echolocation,/mnt/ubna_data_01_mir/recover-20220825/UBNA_002/20220823_033000.WAV,Telephone Field,recover-20220825,002,1795
1705.7105,1705.7163,30625,47317,Myotis daubentonii,0.016,0.031,-1,Echolocation,/mnt/ubna_data_01_mir/recover-20220825/UBNA_002/20220823_033000.WAV,Telephone Field,recover-20220825,002,1795
1705.7205,1705.7291,27187,35224,Eptesicus serotinus,0.01,0.025,-1,Echolocation,/mnt/ubna_data_01_mir/recover-20220825/UBNA_002/20220823_033000.WAV,Telephone Field,recover-20220825,002,1795
1705.7345,1705.7413999999999,47812,53026,Pipistrellus pipistrellus,0.02,0.025,-1,Echolocation,/mnt/ubna_data_01_mir/recover-20220825/UBNA_002/20220823_033000.WAV,Telephone Field,recover-20220825,002,1795
1705.7525,1705.7601,28046,38804,Eptesicus serotinus,0.012,0.035,-1,Echolocation,/mnt/ubna_data_01_mir/recover-20220825/UBNA_002/20220823_033000.WAV,Telephone Field,recover-20220825,002,1795
1705.7575,1705.7913,68437,81724,Rhinolophus ferrumequinum,0.024,0.025,-1,Echolocation,/mnt/ubna_data_01_mir/recover-20220825/UBNA_002/20220823_033000.WAV,Telephone Field,recover-20220825,002,1795
1705.7725,1705.7781,30625,46980,Myotis daubentonii,0.014,0.027,-1,Echolocation,/mnt/ubna_data_01_mir/recover-20220825/UBNA_002/20220823_033000.WAV,Telephone Field,recover-20220825,002,1795
1705.7805,1705.787,42656,59842,Pipistrellus nathusii,0.483,0.618,-1,Echolocation,/mnt/ubna_data_01_mir/recover-20220825/UBNA_002/20220823_033000.WAV,Telephone Field,recover-20220825,002,1795
1705.7805,1705.7877,53828,59904,Pipistrellus pygmaeus,0.024,0.03,-1,Echolocation,/mnt/ubna_data_01_mir/recover-20220825/UBNA_002/20220823_033000.WAV,Telephone Field,recover-20220825,002,1795
1705.7985,1705.8358,68437,81938,Rhinolophus ferrumequinum,0.025,0.025,-1,Echolocation,/mnt/ubna_data_01_mir/recover-20220825/UBNA_002/20220823_033000.WAV,Telephone Field,recover-20220825,002,1795
1705.8375,1705.8437,40937,49067,Pipistrellus nathusii,0.358,0.46,-1,Echolocation,/mnt/ubna_data_01_mir/recover-20220825/UBNA_002/20220823_033000.WAV,Telephone Field,recover-20220825,002,1795
1705.8525,1705.8585,53828,59059,Pipistrellus pygmaeus,0.022,0.027,-1,Echolocation,/mnt/ubna_data_01_mir/recover-20220825/UBNA_002/20220823_033000.WAV,Telephone Field,recover-20220825,002,1795
1705.8705,1705.8786,40937,50139,Pipistrellus nathusii,0.567,0.62,-1,Echolocation,/mnt/ubna_data_01_mir/recover-20220825/UBNA_002/20220823_033000.WAV,Telephone Field,recover-20220825,002,1795
1705.9205,1705.9305,37500,43432,Pipistrellus nathusii,0.015,0.028,-1,Echolocation,/mnt/ubna_data_01_mir/recover-20220825/UBNA_002/20220823_033000.WAV,Telephone Field,recover-20220825,002,1795
1705.9305,1705.9374,41796,49129,Pipistrellus nathusii,0.056,0.126,-1,Echolocation,/mnt/ubna_data_01_mir/recover-20220825/UBNA_002/20220823_033000.WAV,Telephone Field,recover-20220825,002,1795
1705.9335,1705.9408,56406,64990,Pipistrellus pygmaeus,0.025,0.026,-1,Echolocation,/mnt/ubna_data_01_mir/recover-20220825/UBNA_002/20220823_033000.WAV,Telephone Field,recover-20220825,002,1795
1705.9685,1705.976,41796,53018,Pipistrellus nathusii,0.556,0.625,-1,Echolocation,/mnt/ubna_data_01_mir/recover-20220825/UBNA_002/20220823_033000.WAV,Telephone Field,recover-20220825,002,1795
1706.0015,1706.01,38359,49467,Pipistrellus nathusii,0.01,0.028,-1,Echolocation,/mnt/ubna_data_01_mir/recover-20220825/UBNA_002/20220823_033000.WAV,Telephone Field,recover-20220825,002,1795
1706.0015,1706.0287,68437,81171,Rhinolophus ferrumequinum,0.048,0.048,-1,Echolocation,/mnt/ubna_data_01_mir/recover-20220825/UBNA_002/20220823_033000.WAV,Telephone Field,recover-20220825,002,1795
1706.0065,1706.014,52968,57523,Pipistrellus pygmaeus,0.032,0.034,-1,Echolocation,/mnt/ubna_data_01_mir/recover-20220825/UBNA_002/20220823_033000.WAV,Telephone Field,recover-20220825,002,1795
1706.0165,1706.0266,38359,42706,Pipistrellus nathusii,0.062,0.073,-1,Echolocation,/mnt/ubna_data_01_mir/recover-20220825/UBNA_002/20220823_033000.WAV,Telephone Field,recover-20220825,002,1795
1706.0335,1706.0399,40078,50064,Pipistrellus nathusii,0.314,0.348,-1,Echolocation,/mnt/ubna_data_01_mir/recover-20220825/UBNA_002/20220823_033000.WAV,Telephone Field,recover-20220825,002,1795
1706.0595,1706.0672,40078,55156,Pipistrellus nathusii,0.563,0.654,-1,Echolocation,/mnt/ubna_data_01_mir/recover-20220825/UBNA_002/20220823_033000.WAV,Telephone Field,recover-20220825,002,1795
1706.0735,1706.0813,58125,67586,Pipistrellus pygmaeus,0.037,0.037,-1,Echolocation,/mnt/ubna_data_01_mir/recover-20220825/UBNA_002/20220823_033000.WAV,Telephone Field,recover-20220825,002,1795
1706.0895,1706.0967,54687,61228,Pipistrellus pygmaeus,0.042,0.043,-1,Echolocation,/mnt/ubna_data_01_mir/recover-20220825/UBNA_002/20220823_033000.WAV,Telephone Field,recover-20220825,002,1795
1706.1155,1706.122,41796,50958,Pipistrellus nathusii,0.397,0.449,-1,Echolocation,/mnt/ubna_data_01_mir/recover-20220825/UBNA_002/20220823_033000.WAV,Telephone Field,recover-20220825,002,1795
1706.1185,1706.1243,29765,44026,Barbastellus barbastellus,0.018,0.043,-1,Echolocation,/mnt/ubna_data_01_mir/recover-20220825/UBNA_002/20220823_033000.WAV,Telephone Field,recover-20220825,002,1795
1706.1235,1706.1309,54687,62161,Pipistrellus pygmaeus,0.03,0.031,-1,Echolocation,/mnt/ubna_data_01_mir/recover-20220825/UBNA_002/20220823_033000.WAV,Telephone Field,recover-20220825,002,1795
1706.1595,1706.1678,40937,54838,Pipistrellus nathusii,0.574,0.667,-1,Echolocation,/mnt/ubna_data_01_mir/recover-20220825/UBNA_002/20220823_033000.WAV,Telephone Field,recover-20220825,002,1795
1706.1595,1706.1655,50390,56641,Pipistrellus pipistrellus,0.015,0.028,-1,Echolocation,/mnt/ubna_data_01_mir/recover-20220825/UBNA_002/20220823_033000.WAV,Telephone Field,recover-20220825,002,1795
1706.1675,1706.1741,57265,70341,Pipistrellus pygmaeus,0.03,0.03,-1,Echolocation,/mnt/ubna_data_01_mir/recover-20220825/UBNA_002/20220823_033000.WAV,Telephone Field,recover-20220825,002,1795
1706.1895,1706.1954,40937,51298,Pipistrellus nathusii,0.251,0.282,-1,Echolocation,/mnt/ubna_data_01_mir/recover-20220825/UBNA_002/20220823_033000.WAV,Telephone Field,recover-20220825,002,1795
1706.2175,1706.225,40937,47761,Pipistrellus nathusii,0.024,0.036,-1,Echolocation,/mnt/ubna_data_01_mir/recover-20220825/UBNA_002/20220823_033000.WAV,Telephone Field,recover-20220825,002,1795
1706.2185,1706.2255,53828,62752,Pipistrellus pygmaeus,0.029,0.029,-1,Echolocation,/mnt/ubna_data_01_mir/recover-20220825/UBNA_002/20220823_033000.WAV,Telephone Field,recover-20220825,002,1795
1706.2325,1706.2403,40078,49785,Pipistrellus nathusii,0.012,0.027,-1,Echolocation,/mnt/ubna_data_01_mir/recover-20220825/UBNA_002/20220823_033000.WAV,Telephone Field,recover-20220825,002,1795
1706.2505,1706.2581,40937,59242,Pipistrellus nathusii,0.628,0.686,-1,Echolocation,/mnt/ubna_data_01_mir/recover-20220825/UBNA_002/20220823_033000.WAV,Telephone Field,recover-20220825,002,1795
1706.2595,1706.2653,31484,42723,Myotis daubentonii,0.014,0.031,-1,Echolocation,/mnt/ubna_data_01_mir/recover-20220825/UBNA_002/20220823_033000.WAV,Telephone Field,recover-20220825,002,1795
1706.2605,1706.2675,54687,63467,Pipistrellus pygmaeus,0.032,0.034,-1,Echolocation,/mnt/ubna_data_01_mir/recover-20220825/UBNA_002/20220823_033000.WAV,Telephone Field,recover-20220825,002,1795
1706.2655,1706.2708,31484,54955,Myotis brandtii,0.012,0.027,-1,Echolocation,/mnt/ubna_data_01_mir/recover-20220825/UBNA_002/20220823_033000.WAV,Telephone Field,recover-20220825,002,1795
1706.2725,1706.3078,68437,82114,Rhinolophus ferrumequinum,0.031,0.031,-1,Echolocation,/mnt/ubna_data_01_mir/recover-20220825/UBNA_002/20220823_033000.WAV,Telephone Field,recover-20220825,002,1795
1706.2725,1706.2813,28046,38484,Eptesicus serotinus,0.01,0.026,-1,Echolocation,/mnt/ubna_data_01_mir/recover-20220825/UBNA_002/20220823_033000.WAV,Telephone Field,recover-20220825,002,1795
1706.2965,1706.3058,34062,39865,Barbastellus barbastellus,0.015,0.034,-1,Echolocation,/mnt/ubna_data_01_mir/recover-20220825/UBNA_002/20220823_033000.WAV,Telephone Field,recover-20220825,002,1795
1706.2995,1706.3074,52968,60556,Pipistrellus pygmaeus,0.033,0.035,-1,Echolocation,/mnt/ubna_data_01_mir/recover-20220825/UBNA_002/20220823_033000.WAV,Telephone Field,recover-20220825,002,1795
1706.3165,1706.3241,54687,64802,Pipistrellus pygmaeus,0.035,0.036,-1,Echolocation,/mnt/ubna_data_01_mir/recover-20220825/UBNA_002/20220823_033000.WAV,Telephone Field,recover-20220825,002,1795
1706.3355,1706.3411,32343,43600,Myotis daubentonii,0.011,0.027,-1,Echolocation,/mnt/ubna_data_01_mir/recover-20220825/UBNA_002/20220823_033000.WAV,Telephone Field,recover-20220825,002,1795
1706.3525,1706.3617,40937,60433,Pipistrellus nathusii,0.56,0.595,-1,Echolocation,/mnt/ubna_data_01_mir/recover-20220825/UBNA_002/20220823_033000.WAV,Telephone Field,recover-20220825,002,1795
1706.3535,1706.3589,28046,46276,Myotis daubentonii,0.014,0.027,-1,Echolocation,/mnt/ubna_data_01_mir/recover-20220825/UBNA_002/20220823_033000.WAV,Telephone Field,recover-20220825,002,1795
1706.3965,1706.4338,68437,82950,Rhinolophus ferrumequinum,0.03,0.03,-1,Echolocation,/mnt/ubna_data_01_mir/recover-20220825/UBNA_002/20220823_033000.WAV,Telephone Field,recover-20220825,002,1795
1706.4115,1706.4167,32343,44995,Barbastellus barbastellus,0.022,0.05,-1,Echolocation,/mnt/ubna_data_01_mir/recover-20220825/UBNA_002/20220823_033000.WAV,Telephone Field,recover-20220825,002,1795
1706.4125,1706.4179,25468,39154,Plecotus austriacus,0.014,0.051,-1,Echolocation,/mnt/ubna_data_01_mir/recover-20220825/UBNA_002/20220823_033000.WAV,Telephone Field,recover-20220825,002,1795
1706.4455,1706.4535,40078,55784,Pipistrellus nathusii,0.444,0.497,-1,Echolocation,/mnt/ubna_data_01_mir/recover-20220825/UBNA_002/20220823_033000.WAV,Telephone Field,recover-20220825,002,1795
1706.4465,1706.4521,28906,50306,Myotis daubentonii,0.011,0.032,-1,Echolocation,/mnt/ubna_data_01_mir/recover-20220825/UBNA_002/20220823_033000.WAV,Telephone Field,recover-20220825,002,1795
1706.4495,1706.4565,51250,58418,Pipistrellus pipistrellus,0.013,0.03,-1,Echolocation,/mnt/ubna_data_01_mir/recover-20220825/UBNA_002/20220823_033000.WAV,Telephone Field,recover-20220825,002,1795
1706.4535,1706.4614,41796,54639,Pipistrellus nathusii,0.234,0.252,-1,Echolocation,/mnt/ubna_data_01_mir/recover-20220825/UBNA_002/20220823_033000.WAV,Telephone Field,recover-20220825,002,1795
1706.5225,1706.5298,40078,54209,Pipistrellus nathusii,0.411,0.545,-1,Echolocation,/mnt/ubna_data_01_mir/recover-20220825/UBNA_002/20220823_033000.WAV,Telephone Field,recover-20220825,002,1795
1706.5385,1706.5444,58984,67562,Pipistrellus pygmaeus,0.043,0.044,-1,Echolocation,/mnt/ubna_data_01_mir/recover-20220825/UBNA_002/20220823_033000.WAV,Telephone Field,recover-20220825,002,1795
1706.5475,1706.5544,55546,65159,Pipistrellus pygmaeus,0.026,0.027,-1,Echolocation,/mnt/ubna_data_01_mir/recover-20220825/UBNA_002/20220823_033000.WAV,Telephone Field,recover-20220825,002,1795
1706.5535,1706.5626,41796,60404,Pipistrellus nathusii,0.558,0.652,-1,Echolocation,/mnt/ubna_data_01_mir/recover-20220825/UBNA_002/20220823_033000.WAV,Telephone Field,recover-20220825,002,1795
1706.5635,1706.5709,57265,70680,Pipistrellus pygmaeus,0.032,0.032,-1,Echolocation,/mnt/ubna_data_01_mir/recover-20220825/UBNA_002/20220823_033000.WAV,Telephone Field,recover-20220825,002,1795
1706.5995,1706.6054,28906,49317,Myotis daubentonii,0.012,0.027,-1,Echolocation,/mnt/ubna_data_01_mir/recover-20220825/UBNA_002/20220823_033000.WAV,Telephone Field,recover-20220825,002,1795
1706.6005,1706.6065,40937,53877,Pipistrellus nathusii,0.554,0.586,-1,Echolocation,/mnt/ubna_data_01_mir/recover-20220825/UBNA_002/20220823_033000.WAV,Telephone Field,recover-20220825,002,1795
1706.6005,1706.6064,49531,56297,Pipistrellus pipistrellus,0.016,0.031,-1,Echolocation,/mnt/ubna_data_01_mir/recover-20220825/UBNA_002/20220823_033000.WAV,Telephone Field,recover-20220825,002,1795
1706.6115,1706.6188,54687,63898,Pipistrellus pygmaeus,0.042,0.043,-1,Echolocation,/mnt/ubna_data_01_mir/recover-20220825/UBNA_002/20220823_033000.WAV,Telephone Field,recover-20220825,002,1795
1706.6405,1706.6459,29765,50272,Myotis daubentonii,0.012,0.032,-1,Echolocation,/mnt/ubna_data_01_mir/recover-20220825/UBNA_002/20220823_033000.WAV,Telephone Field,recover-20220825,002,1795
1706.6455,1706.6557,41796,60387,Pipistrellus nathusii,0.356,0.426,-1,Echolocation,/mnt/ubna_data_01_mir/recover-20220825/UBNA_002/20220823_033000.WAV,Telephone Field,recover-20220825,002,1795
1706.6455,1706.6516,52109,59177,Pipistrellus pipistrellus,0.021,0.038,-1,Echolocation,/mnt/ubna_data_01_mir/recover-20220825/UBNA_002/20220823_033000.WAV,Telephone Field,recover-20220825,002,1795
1706.6675,1706.6744,28046,40429,Eptesicus serotinus,0.009,0.026,-1,Echolocation,/mnt/ubna_data_01_mir/recover-20220825/UBNA_002/20220823_033000.WAV,Telephone Field,recover-20220825,002,1795
1706.6815,1706.6888,40078,48400,Pipistrellus nathusii,0.36,0.438,-1,Echolocation,/mnt/ubna_data_01_mir/recover-20220825/UBNA_002/20220823_033000.WAV,Telephone Field,recover-20220825,002,1795
1706.6935,1706.7012,53828,66315,Pipistrellus pygmaeus,0.026,0.027,-1,Echolocation,/mnt/ubna_data_01_mir/recover-20220825/UBNA_002/20220823_033000.WAV,Telephone Field,recover-20220825,002,1795
1706.7425,1706.7507,52968,59077,Pipistrellus pygmaeus,0.045,0.05,-1,Echolocation,/mnt/ubna_data_01_mir/recover-20220825/UBNA_002/20220823_033000.WAV,Telephone Field,recover-20220825,002,1795
1706.7435,1706.7515,41796,55975,Pipistrellus nathusii,0.566,0.623,-1,Echolocation,/mnt/ubna_data_01_mir/recover-20220825/UBNA_002/20220823_033000.WAV,Telephone Field,recover-20220825,002,1795
1706.7515,1706.7658,16875,21605,Nyctalus noctula,0.014,0.031,-1,Echolocation,/mnt/ubna_data_01_mir/recover-20220825/UBNA_002/20220823_033000.WAV,Telephone Field,recover-20220825,002,1795
1706.7545,1706.762,56406,63619,Pipistrellus pygmaeus,0.036,0.036,-1,Echolocation,/mnt/ubna_data_01_mir/recover-20220825/UBNA_002/20220823_033000.WAV,Telephone Field,recover-20220825,002,1795
1706.7625,1706.7701,26328,35891,Eptesicus serotinus,0.008,0.026,-1,Echolocation,/mnt/ubna_data_01_mir/recover-20220825/UBNA_002/20220823_033000.WAV,Telephone Field,recover-20220825,002,1795
1706.7635,1706.7703,48671,56198,Pipistrellus pygmaeus,0.019,0.03,-1,Echolocation,/mnt/ubna_data_01_mir/recover-20220825/UBNA_002/20220823_033000.WAV,Telephone Field,recover-20220825,002,1795
1706.7885,1706.8249,68437,82466,Rhinolophus ferrumequinum,0.028,0.028,-1,Echolocation,/mnt/ubna_data_01_mir/recover-20220825/UBNA_002/20220823_033000.WAV,Telephone Field,recover-20220825,002,1795
1706.8055,1706.8127,45234,49247,Pipistrellus pipistrellus,0.025,0.034,-1,Echolocation,/mnt/ubna_data_01_mir/recover-20220825/UBNA_002/20220823_033000.WAV,Telephone Field,recover-20220825,002,1795
1706.8075,1706.8137,29765,52047,Myotis daubentonii,0.014,0.027,-1,Echolocation,/mnt/ubna_data_01_mir/recover-20220825/UBNA_002/20220823_033000.WAV,Telephone Field,recover-20220825,002,1795
1706.8335,1706.8395,51250,60014,Pipistrellus pipistrellus,0.021,0.04,-1,Echolocation,/mnt/ubna_data_01_mir/recover-20220825/UBNA_002/20220823_033000.WAV,Telephone Field,recover-20220825,002,1795
1706.8355,1706.8447,40937,65240,Pipistrellus nathusii,0.59,0.649,-1,Echolocation,/mnt/ubna_data_01_mir/recover-20220825/UBNA_002/20220823_033000.WAV,Telephone Field,recover-20220825,002,1795
1706.8565,1706.8636,23750,37980,Plecotus austriacus,0.008,0.028,-1,Echolocation,/mnt/ubna_data_01_mir/recover-20220825/UBNA_002/20220823_033000.WAV,Telephone Field,recover-20220825,002,1795
1706.8835,1706.8923,37500,44788,Pipistrellus nathusii,0.013,0.027,-1,Echolocation,/mnt/ubna_data_01_mir/recover-20220825/UBNA_002/20220823_033000.WAV,Telephone Field,recover-20220825,002,1795
1706.8895,1706.8966,48671,53768,Pipistrellus pipistrellus,0.017,0.026,-1,Echolocation,/mnt/ubna_data_01_mir/recover-20220825/UBNA_002/20220823_033000.WAV,Telephone Field,recover-20220825,002,1795
1706.9145,1706.9225,43515,50045,Pipistrellus nathusii,0.159,0.181,-1,Echolocation,/mnt/ubna_data_01_mir/recover-20220825/UBNA_002/20220823_033000.WAV,Telephone Field,recover-20220825,002,1795
1706.9345,1706.9416,54687,60346,Pipistrellus pygmaeus,0.025,0.03,-1,Echolocation,/mnt/ubna_data_01_mir/recover-20220825/UBNA_002/20220823_033000.WAV,Telephone Field,recover-20220825,002,1795
1706.9355,1706.9431,40937,56563,Pipistrellus nathusii,0.66,0.694,-1,Echolocation,/mnt/ubna_data_01_mir/recover-20220825/UBNA_002/20220823_033000.WAV,Telephone Field,recover-20220825,002,1795
1706.9475,1706.9529,49531,60079,Pipistrellus pygmaeus,0.028,0.048,-1,Echolocation,/mnt/ubna_data_01_mir/recover-20220825/UBNA_002/20220823_033000.WAV,Telephone Field,recover-20220825,002,1795
1706.9515,1706.957,30625,64924,Myotis brandtii,0.017,0.037,-1,Echolocation,/mnt/ubna_data_01_mir/recover-20220825/UBNA_002/20220823_033000.WAV,Telephone Field,recover-20220825,002,1795
1706.9565,1706.9638,41796,47306,Pipistrellus nathusii,0.213,0.224,-1,Echolocation,/mnt/ubna_data_01_mir/recover-20220825/UBNA_002/20220823_033000.WAV,Telephone Field,recover-20220825,002,1795
1706.9635,1706.9701,54687,65703,Pipistrellus pygmaeus,0.027,0.028,-1,Echolocation,/mnt/ubna_data_01_mir/recover-20220825/UBNA_002/20220823_033000.WAV,Telephone Field,recover-20220825,002,1795
1706.9985,1707.0042,40937,49215,Pipistrellus nathusii,0.21,0.255,-1,Echolocation,/mnt/ubna_data_01_mir/recover-20220825/UBNA_002/20220823_033000.WAV,Telephone Field,recover-20220825,002,1795
1707.0185,1707.0242,31484,48562,Myotis daubentonii,0.013,0.031,-1,Echolocation,/mnt/ubna_data_01_mir/recover-20220825/UBNA_002/20220823_033000.WAV,Telephone Field,recover-20220825,002,1795
1707.0235,1707.0302,52109,58964,Pipistrellus pygmaeus,0.028,0.031,-1,Echolocation,/mnt/ubna_data_01_mir/recover-20220825/UBNA_002/20220823_033000.WAV,Telephone Field,recover-20220825,002,1795
1707.0305,1707.0383,40078,52859,Pipistrellus nathusii,0.563,0.603,-1,Echolocation,/mnt/ubna_data_01_mir/recover-20220825/UBNA_002/20220823_033000.WAV,Telephone Field,recover-20220825,002,1795
1707.0385,1707.0452,55546,70083,Pipistrellus pygmaeus,0.042,0.043,-1,Echolocation,/mnt/ubna_data_01_mir/recover-20220825/UBNA_002/20220823_033000.WAV,Telephone Field,recover-20220825,002,1795
1707.0525,1707.0607,28046,37716,Eptesicus serotinus,0.011,0.029,-1,Echolocation,/mnt/ubna_data_01_mir/recover-20220825/UBNA_002/20220823_033000.WAV,Telephone Field,recover-20220825,002,1795
1707.0795,1707.0879,28046,40126,Eptesicus serotinus,0.009,0.027,-1,Echolocation,/mnt/ubna_data_01_mir/recover-20220825/UBNA_002/20220823_033000.WAV,Telephone Field,recover-20220825,002,1795
1707.0835,1707.0898,46953,52743,Pipistrellus pipistrellus,0.018,0.027,-1,Echolocation,/mnt/ubna_data_01_mir/recover-20220825/UBNA_002/20220823_033000.WAV,Telephone Field,recover-20220825,002,1795
1707.0845,1707.0912,54687,63642,Pipistrellus pygmaeus,0.025,0.025,-1,Echolocation,/mnt/ubna_data_01_mir/recover-20220825/UBNA_002/20220823_033000.WAV,Telephone Field,recover-20220825,002,1795
1707.1255,1707.1332,40078,50234,Pipistrellus nathusii,0.558,0.599,-1,Echolocation,/mnt/ubna_data_01_mir/recover-20220825/UBNA_002/20220823_033000.WAV,Telephone Field,recover-20220825,002,1795
1707.1415,1707.1475,55546,65132,Pipistrellus pygmaeus,0.048,0.048,-1,Echolocation,/mnt/ubna_data_01_mir/recover-20220825/UBNA_002/20220823_033000.WAV,Telephone Field,recover-20220825,002,1795
1707.1615,1707.1693,27187,40135,Eptesicus serotinus,0.011,0.029,-1,Echolocation,/mnt/ubna_data_01_mir/recover-20220825/UBNA_002/20220823_033000.WAV,Telephone Field,recover-20220825,002,1795
1707.1655,1707.1715,32343,44410,Barbastellus barbastellus,0.009,0.027,-1,Echolocation,/mnt/ubna_data_01_mir/recover-20220825/UBNA_002/20220823_033000.WAV,Telephone Field,recover-20220825,002,1795
1707.1835,1707.191,52968,60187,Pipistrellus pygmaeus,0.027,0.028,-1,Echolocation,/mnt/ubna_data_01_mir/recover-20220825/UBNA_002/20220823_033000.WAV,Telephone Field,recover-20220825,002,1795
1707.2165,1707.2238,55546,61674,Pipistrellus pygmaeus,0.037,0.041,-1,Echolocation,/mnt/ubna_data_01_mir/recover-20220825/UBNA_002/20220823_033000.WAV,Telephone Field,recover-20220825,002,1795
1707.2185,1707.2249,50390,58736,Pipistrellus pipistrellus,0.026,0.048,-1,Echolocation,/mnt/ubna_data_01_mir/recover-20220825/UBNA_002/20220823_033000.WAV,Telephone Field,recover-20220825,002,1795
1707.2205,1707.2282,40937,60023,Pipistrellus nathusii,0.587,0.644,-1,Echolocation,/mnt/ubna_data_01_mir/recover-20220825/UBNA_002/20220823_033000.WAV,Telephone Field,recover-20220825,002,1795
1707.2225,1707.2313,59843,68419,Pipistrellus pygmaeus,0.035,0.036,-1,Echolocation,/mnt/ubna_data_01_mir/recover-20220825/UBNA_002/20220823_033000.WAV,Telephone Field,recover-20220825,002,1795
1707.2295,1707.2359,55546,64291,Pipistrellus pygmaeus,0.033,0.034,-1,Echolocation,/mnt/ubna_data_01_mir/recover-20220825/UBNA_002/20220823_033000.WAV,Telephone Field,recover-20220825,002,1795
1707.2395,1707.2456,28906,60414,Myotis brandtii,0.023,0.055,-1,Echolocation,/mnt/ubna_data_01_mir/recover-20220825/UBNA_002/20220823_033000.WAV,Telephone Field,recover-20220825,002,1795
1707.2415,1707.2478,35781,48170,Pipistrellus nathusii,0.038,0.078,-1,Echolocation,/mnt/ubna_data_01_mir/recover-20220825/UBNA_002/20220823_033000.WAV,Telephone Field,recover-20220825,002,1795
1707.2415,1707.2484,41796,49833,Pipistrellus nathusii,0.07,0.077,-1,Echolocation,/mnt/ubna_data_01_mir/recover-20220825/UBNA_002/20220823_033000.WAV,Telephone Field,recover-20220825,002,1795
1707.2985,1707.3052,54687,63614,Pipistrellus pygmaeus,0.059,0.06,-1,Echolocation,/mnt/ubna_data_01_mir/recover-20220825/UBNA_002/20220823_033000.WAV,Telephone Field,recover-20220825,002,1795
1707.3095,1707.3164,40078,53259,Pipistrellus nathusii,0.213,0.299,-1,Echolocation,/mnt/ubna_data_01_mir/recover-20220825/UBNA_002/20220823_033000.WAV,Telephone Field,recover-20220825,002,1795
1707.3185,1707.3274,40937,50813,Pipistrellus nathusii,0.278,0.295,-1,Echolocation,/mnt/ubna_data_01_mir/recover-20220825/UBNA_002/20220823_033000.WAV,Telephone Field,recover-20220825,002,1795
1707.3225,1707.3287,26328,35903,Myotis daubentonii,0.006,0.026,-1,Echolocation,/mnt/ubna_data_01_mir/recover-20220825/UBNA_002/20220823_033000.WAV,Telephone Field,recover-20220825,002,1795
1707.3935,1707.4007,40078,49826,Pipistrellus nathusii,0.227,0.378,-1,Echolocation,/mnt/ubna_data_01_mir/recover-20220825/UBNA_002/20220823_033000.WAV,Telephone Field,recover-20220825,002,1795
1707.4045,1707.4124,27187,32415,Eptesicus serotinus,0.013,0.038,-1,Echolocation,/mnt/ubna_data_01_mir/recover-20220825/UBNA_002/20220823_033000.WAV,Telephone Field,recover-20220825,002,1795
1707.4135,1707.4189,51250,58472,Pipistrellus pipistrellus,0.019,0.039,-1,Echolocation,/mnt/ubna_data_01_mir/recover-20220825/UBNA_002/20220823_033000.WAV,Telephone Field,recover-20220825,002,1795
1707.4185,1707.428,39218,60549,Pipistrellus nathusii,0.608,0.657,-1,Echolocation,/mnt/ubna_data_01_mir/recover-20220825/UBNA_002/20220823_033000.WAV,Telephone Field,recover-20220825,002,1795
1707.4575,1707.4663,27187,36261,Eptesicus serotinus,0.013,0.028,-1,Echolocation,/mnt/ubna_data_01_mir/recover-20220825/UBNA_002/20220823_033000.WAV,Telephone Field,recover-20220825,002,1795
1707.4935,1707.4996,38359,50935,Pipistrellus nathusii,0.198,0.308,-1,Echolocation,/mnt/ubna_data_01_mir/recover-20220825/UBNA_002/20220823_033000.WAV,Telephone Field,recover-20220825,002,1795
1707.5145,1707.5226,40078,57639,Pipistrellus nathusii,0.615,0.676,-1,Echolocation,/mnt/ubna_data_01_mir/recover-20220825/UBNA_002/20220823_033000.WAV,Telephone Field,recover-20220825,002,1795
1707.5145,1707.5207,49531,54153,Pipistrellus pipistrellus,0.019,0.035,-1,Echolocation,/mnt/ubna_data_01_mir/recover-20220825/UBNA_002/20220823_033000.WAV,Telephone Field,recover-20220825,002,1795
1707.5505,1707.5578,36640,44115,Barbastellus barbastellus,0.013,0.03,-1,Echolocation,/mnt/ubna_data_01_mir/recover-20220825/UBNA_002/20220823_033000.WAV,Telephone Field,recover-20220825,002,1795
1707.5525,1707.5614,27187,36035,Eptesicus serotinus,0.013,0.031,-1,Echolocation,/mnt/ubna_data_01_mir/recover-20220825/UBNA_002/20220823_033000.WAV,Telephone Field,recover-20220825,002,1795
1707.5565,1707.5917,68437,81905,Rhinolophus ferrumequinum,0.028,0.028,-1,Echolocation,/mnt/ubna_data_01_mir/recover-20220825/UBNA_002/20220823_033000.WAV,Telephone Field,recover-20220825,002,1795
1707.5625,1707.5718,28046,34699,Eptesicus serotinus,0.011,0.027,-1,Echolocation,/mnt/ubna_data_01_mir/recover-20220825/UBNA_002/20220823_033000.WAV,Telephone Field,recover-20220825,002,1795
1707.5785,1707.5853,40937,53787,Pipistrellus nathusii,0.245,0.327,-1,Echolocation,/mnt/ubna_data_01_mir/recover-20220825/UBNA_002/20220823_033000.WAV,Telephone Field,recover-20220825,002,1795
1707.5965,1707.604,54687,60166,Pipistrellus pygmaeus,0.023,0.029,-1,Echolocation,/mnt/ubna_data_01_mir/recover-20220825/UBNA_002/20220823_033000.WAV,Telephone Field,recover-20220825,002,1795
1707.5965,1707.6042,40937,60362,Pipistrellus nathusii,0.59,0.64,-1,Echolocation,/mnt/ubna_data_01_mir/recover-20220825/UBNA_002/20220823_033000.WAV,Telephone Field,recover-20220825,002,1795
1707.6075,1707.6147,56406,65760,Pipistrellus pygmaeus,0.033,0.033,-1,Echolocation,/mnt/ubna_data_01_mir/recover-20220825/UBNA_002/20220823_033000.WAV,Telephone Field,recover-20220825,002,1795
1707.6305,1707.6387,41796,47768,Pipistrellus nathusii,0.027,0.04,-1,Echolocation,/mnt/ubna_data_01_mir/recover-20220825/UBNA_002/20220823_033000.WAV,Telephone Field,recover-20220825,002,1795
1707.6455,1707.6559,38359,43505,Pipistrellus nathusii,0.02,0.031,-1,Echolocation,/mnt/ubna_data_01_mir/recover-20220825/UBNA_002/20220823_033000.WAV,Telephone Field,recover-20220825,002,1795
1707.6765,1707.6839,41796,50550,Pipistrellus nathusii,0.012,0.029,-1,Echolocation,/mnt/ubna_data_01_mir/recover-20220825/UBNA_002/20220823_033000.WAV,Telephone Field,recover-20220825,002,1795
1707.6875,1707.6937,51250,58683,Pipistrellus pipistrellus,0.026,0.053,-1,Echolocation,/mnt/ubna_data_01_mir/recover-20220825/UBNA_002/20220823_033000.WAV,Telephone Field,recover-20220825,002,1795
1707.6895,1707.6982,41796,59542,Pipistrellus nathusii,0.607,0.67,-1,Echolocation,/mnt/ubna_data_01_mir/recover-20220825/UBNA_002/20220823_033000.WAV,Telephone Field,recover-20220825,002,1795
1707.7065,1707.7137,27187,42610,Eptesicus serotinus,0.009,0.031,-1,Echolocation,/mnt/ubna_data_01_mir/recover-20220825/UBNA_002/20220823_033000.WAV,Telephone Field,recover-20220825,002,1795
1707.7125,1707.7209,55546,62016,Pipistrellus pygmaeus,0.048,0.049,-1,Echolocation,/mnt/ubna_data_01_mir/recover-20220825/UBNA_002/20220823_033000.WAV,Telephone Field,recover-20220825,002,1795
1707.7555,1707.7621,41796,50196,Pipistrellus nathusii,0.372,0.413,-1,Echolocation,/mnt/ubna_data_01_mir/recover-20220825/UBNA_002/20220823_033000.WAV,Telephone Field,recover-20220825,002,1795
1707.7805,1707.7862,31484,43404,Barbastellus barbastellus,0.01,0.026,-1,Echolocation,/mnt/ubna_data_01_mir/recover-20220825/UBNA_002/20220823_033000.WAV,Telephone Field,recover-20220825,002,1795
1707.7875,1707.7944,52968,57883,Pipistrellus pygmaeus,0.024,0.042,-1,Echolocation,/mnt/ubna_data_01_mir/recover-20220825/UBNA_002/20220823_033000.WAV,Telephone Field,recover-20220825,002,1795
1707.7895,1707.7975,40937,59465,Pipistrellus nathusii,0.619,0.662,-1,Echolocation,/mnt/ubna_data_01_mir/recover-20220825/UBNA_002/20220823_033000.WAV,Telephone Field,recover-20220825,002,1795
1707.8175,1707.8247,57265,66139,Pipistrellus pygmaeus,0.047,0.048,-1,Echolocation,/mnt/ubna_data_01_mir/recover-20220825/UBNA_002/20220823_033000.WAV,Telephone Field,recover-20220825,002,1795
1707.8215,1707.8305,28046,37619,Eptesicus serotinus,0.011,0.027,-1,Echolocation,/mnt/ubna_data_01_mir/recover-20220825/UBNA_002/20220823_033000.WAV,Telephone Field,recover-20220825,002,1795
1707.8505,1707.8579,41796,49890,Pipistrellus nathusii,0.467,0.516,-1,Echolocation,/mnt/ubna_data_01_mir/recover-20220825/UBNA_002/20220823_033000.WAV,Telephone Field,recover-20220825,002,1795
1707.8605,1707.8677,54687,64265,Pipistrellus pygmaeus,0.03,0.031,-1,Echolocation,/mnt/ubna_data_01_mir/recover-20220825/UBNA_002/20220823_033000.WAV,Telephone Field,recover-20220825,002,1795
1707.8865,1707.8928,40937,48845,Pipistrellus nathusii,0.495,0.507,-1,Echolocation,/mnt/ubna_data_01_mir/recover-20220825/UBNA_002/20220823_033000.WAV,Telephone Field,recover-20220825,002,1795
1707.8975,1707.9051,40078,47030,Pipistrellus nathusii,0.069,0.079,-1,Echolocation,/mnt/ubna_data_01_mir/recover-20220825/UBNA_002/20220823_033000.WAV,Telephone Field,recover-20220825,002,1795
1707.9485,1707.956,39218,45136,Pipistrellus nathusii,0.023,0.037,-1,Echolocation,/mnt/ubna_data_01_mir/recover-20220825/UBNA_002/20220823_033000.WAV,Telephone Field,recover-20220825,002,1795
1707.9515,1707.9598,26328,35845,Eptesicus serotinus,0.009,0.026,-1,Echolocation,/mnt/ubna_data_01_mir/recover-20220825/UBNA_002/20220823_033000.WAV,Telephone Field,recover-20220825,002,1795
1707.9585,1707.9668,40937,50329,Pipistrellus nathusii,0.014,0.028,-1,Echolocation,/mnt/ubna_data_01_mir/recover-20220825/UBNA_002/20220823_033000.WAV,Telephone Field,recover-20220825,002,1795
1707.9745,1707.9809,50390,54820,Pipistrellus pipistrellus,0.014,0.027,-1,Echolocation,/mnt/ubna_data_01_mir/recover-20220825/UBNA_002/20220823_033000.WAV,Telephone Field,recover-20220825,002,1795
1707.9755,1707.9812,28046,55158,Myotis daubentonii,0.012,0.028,-1,Echolocation,/mnt/ubna_data_01_mir/recover-20220825/UBNA_002/20220823_033000.WAV,Telephone Field,recover-20220825,002,1795
1707.9765,1707.983,40937,56462,Pipistrellus nathusii,0.551,0.612,-1,Echolocation,/mnt/ubna_data_01_mir/recover-20220825/UBNA_002/20220823_033000.WAV,Telephone Field,recover-20220825,002,1795
1707.9865,1707.992,29765,46352,Myotis daubentonii,0.014,0.027,-1,Echolocation,/mnt/ubna_data_01_mir/recover-20220825/UBNA_002/20220823_033000.WAV,Telephone Field,recover-20220825,002,1795
1707.9895,1707.9981,52968,63783,Pipistrellus pygmaeus,0.043,0.045,-1,Echolocation,/mnt/ubna_data_01_mir/recover-20220825/UBNA_002/20220823_033000.WAV,Telephone Field,recover-20220825,002,1795
1708.0015,1708.0138,58984,69873,Pipistrellus pygmaeus,0.023,0.024,-1,Echolocation,/mnt/ubna_data_01_mir/recover-20220825/UBNA_002/20220823_033000.WAV,Telephone Field,recover-20220825,002,1795
1708.0015,1708.0097,23750,35451,Nyctalus leisleri,0.006,0.028,-1,Echolocation,/mnt/ubna_data_01_mir/recover-20220825/UBNA_002/20220823_033000.WAV,Telephone Field,recover-20220825,002,1795
1708.0015,1708.0125,41796,47941,Pipistrellus nathusii,0.081,0.09,-1,Echolocation,/mnt/ubna_data_01_mir/recover-20220825/UBNA_002/20220823_033000.WAV,Telephone Field,recover-20220825,002,1795
1708.0015,1708.015,18593,24402,Nyctalus leisleri,0.009,0.025,-1,Echolocation,/mnt/ubna_data_01_mir/recover-20220825/UBNA_002/20220823_033000.WAV,Telephone Field,recover-20220825,002,1795
1708.0025,1708.0288,68437,80993,Rhinolophus ferrumequinum,0.025,0.03,-1,Echolocation,/mnt/ubna_data_01_mir/recover-20220825/UBNA_002/20220823_033000.WAV,Telephone Field,recover-20220825,002,1795
1708.0075,1708.0133,30625,42485,Myotis daubentonii,0.013,0.031,-1,Echolocation,/mnt/ubna_data_01_mir/recover-20220825/UBNA_002/20220823_033000.WAV,Telephone Field,recover-20220825,002,1795
1708.0465,1708.0525,41796,53668,Pipistrellus nathusii,0.309,0.442,-1,Echolocation,/mnt/ubna_data_01_mir/recover-20220825/UBNA_002/20220823_033000.WAV,Telephone Field,recover-20220825,002,1795
1708.0505,1708.0589,53828,60138,Pipistrellus pygmaeus,0.023,0.025,-1,Echolocation,/mnt/ubna_data_01_mir/recover-20220825/UBNA_002/20220823_033000.WAV,Telephone Field,recover-20220825,002,1795
1708.0695,1708.0754,29765,45020,Barbastellus barbastellus,0.009,0.028,-1,Echolocation,/mnt/ubna_data_01_mir/recover-20220825/UBNA_002/20220823_033000.WAV,Telephone Field,recover-20220825,002,1795
1708.0695,1708.0761,41796,54566,Pipistrellus nathusii,0.495,0.574,-1,Echolocation,/mnt/ubna_data_01_mir/recover-20220825/UBNA_002/20220823_033000.WAV,Telephone Field,recover-20220825,002,1795
1708.0755,1708.0836,12578,23701,Barbastellus barbastellus,0.023,0.025,-1,Echolocation,/mnt/ubna_data_01_mir/recover-20220825/UBNA_002/20220823_033000.WAV,Telephone Field,recover-20220825,002,1795
1708.1175,1708.1249,40078,50152,Pipistrellus nathusii,0.274,0.387,-1,Echolocation,/mnt/ubna_data_01_mir/recover-20220825/UBNA_002/20220823_033000.WAV,Telephone Field,recover-20220825,002,1795
1708.1465,1708.155,27187,35039,Eptesicus serotinus,0.01,0.025,-1,Echolocation,/mnt/ubna_data_01_mir/recover-20220825/UBNA_002/20220823_033000.WAV,Telephone Field,recover-20220825,002,1795
1708.1555,1708.1637,26328,36494,Eptesicus serotinus,0.01,0.025,-1,Echolocation,/mnt/ubna_data_01_mir/recover-20220825/UBNA_002/20220823_033000.WAV,Telephone Field,recover-20220825,002,1795
1708.1625,1708.1692,41796,52750,Pipistrellus nathusii,0.636,0.661,-1,Echolocation,/mnt/ubna_data_01_mir/recover-20220825/UBNA_002/20220823_033000.WAV,Telephone Field,recover-20220825,002,1795
1708.2055,1708.2143,23750,30126,Eptesicus serotinus,0.007,0.029,-1,Echolocation,/mnt/ubna_data_01_mir/recover-20220825/UBNA_002/20220823_033000.WAV,Telephone Field,recover-20220825,002,1795
1708.2155,1708.2241,55546,66431,Pipistrellus pygmaeus,0.024,0.025,-1,Echolocation,/mnt/ubna_data_01_mir/recover-20220825/UBNA_002/20220823_033000.WAV,Telephone Field,recover-20220825,002,1795
1708.2175,1708.2252,39218,49348,Pipistrellus nathusii,0.018,0.03,-1,Echolocation,/mnt/ubna_data_01_mir/recover-20220825/UBNA_002/20220823_033000.WAV,Telephone Field,recover-20220825,002,1795
1708.2335,1708.2449,56406,63872,Pipistrellus pygmaeus,0.026,0.026,-1,Echolocation,/mnt/ubna_data_01_mir/recover-20220825/UBNA_002/20220823_033000.WAV,Telephone Field,recover-20220825,002,1795
1708.2405,1708.2492,42656,47149,Pipistrellus nathusii,0.082,0.097,-1,Echolocation,/mnt/ubna_data_01_mir/recover-20220825/UBNA_002/20220823_033000.WAV,Telephone Field,recover-20220825,002,1795
1708.2745,1708.285,42656,47234,Pipistrellus nathusii,0.03,0.04,-1,Echolocation,/mnt/ubna_data_01_mir/recover-20220825/UBNA_002/20220823_033000.WAV,Telephone Field,recover-20220825,002,1795
1708.2815,1708.2906,27187,38143,Eptesicus serotinus,0.012,0.027,-1,Echolocation,/mnt/ubna_data_01_mir/recover-20220825/UBNA_002/20220823_033000.WAV,Telephone Field,recover-20220825,002,1795
1708.2905,1708.2984,27187,36317,Eptesicus serotinus,0.01,0.026,-1,Echolocation,/mnt/ubna_data_01_mir/recover-20220825/UBNA_002/20220823_033000.WAV,Telephone Field,recover-20220825,002,1795
1708.2935,1708.3006,54687,65558,Pipistrellus pygmaeus,0.025,0.026,-1,Echolocation,/mnt/ubna_data_01_mir/recover-20220825/UBNA_002/20220823_033000.WAV,Telephone Field,recover-20220825,002,1795
1708.3075,1708.3149,40078,50860,Pipistrellus nathusii,0.581,0.665,-1,Echolocation,/mnt/ubna_data_01_mir/recover-20220825/UBNA_002/20220823_033000.WAV,Telephone Field,recover-20220825,002,1795
1708.3155,1708.3226,50390,57520,Pipistrellus pipistrellus,0.017,0.026,-1,Echolocation,/mnt/ubna_data_01_mir/recover-20220825/UBNA_002/20220823_033000.WAV,Telephone Field,recover-20220825,002,1795
1708.3325,1708.3438,41796,46753,Pipistrellus nathusii,0.152,0.167,-1,Echolocation,/mnt/ubna_data_01_mir/recover-20220825/UBNA_002/20220823_033000.WAV,Telephone Field,recover-20220825,002,1795
1708.3365,1708.3431,29765,42450,Barbastellus barbastellus,0.02,0.043,-1,Echolocation,/mnt/ubna_data_01_mir/recover-20220825/UBNA_002/20220823_033000.WAV,Telephone Field,recover-20220825,002,1795
1708.3445,1708.3523,40937,47741,Pipistrellus nathusii,0.015,0.028,-1,Echolocation,/mnt/ubna_data_01_mir/recover-20220825/UBNA_002/20220823_033000.WAV,Telephone Field,recover-20220825,002,1795
1708.3985,1708.4059,40078,52886,Pipistrellus nathusii,0.546,0.658,-1,Echolocation,/mnt/ubna_data_01_mir/recover-20220825/UBNA_002/20220823_033000.WAV,Telephone Field,recover-20220825,002,1795
1708.4005,1708.4057,47812,52517,Pipistrellus pipistrellus,0.012,0.025,-1,Echolocation,/mnt/ubna_data_01_mir/recover-20220825/UBNA_002/20220823_033000.WAV,Telephone Field,recover-20220825,002,1795
1708.4295,1708.4358,43515,50312,Pipistrellus nathusii,0.35,0.365,-1,Echolocation,/mnt/ubna_data_01_mir/recover-20220825/UBNA_002/20220823_033000.WAV,Telephone Field,recover-20220825,002,1795
1708.4905,1708.4972,33203,42433,Barbastellus barbastellus,0.009,0.026,-1,Echolocation,/mnt/ubna_data_01_mir/recover-20220825/UBNA_002/20220823_033000.WAV,Telephone Field,recover-20220825,002,1795
1708.5035,1708.5127,43515,49242,Pipistrellus nathusii,0.421,0.446,-1,Echolocation,/mnt/ubna_data_01_mir/recover-20220825/UBNA_002/20220823_033000.WAV,Telephone Field,recover-20220825,002,1795
1708.5195,1708.5612,68437,83086,Rhinolophus ferrumequinum,0.03,0.03,-1,Echolocation,/mnt/ubna_data_01_mir/recover-20220825/UBNA_002/20220823_033000.WAV,Telephone Field,recover-20220825,002,1795
1708.5325,1708.5418,28046,35723,Eptesicus serotinus,0.01,0.025,-1,Echolocation,/mnt/ubna_data_01_mir/recover-20220825/UBNA_002/20220823_033000.WAV,Telephone Field,recover-20220825,002,1795
1708.5405,1708.5503,28046,35522,Eptesicus serotinus,0.011,0.026,-1,Echolocation,/mnt/ubna_data_01_mir/recover-20220825/UBNA_002/20220823_033000.WAV,Telephone Field,recover-20220825,002,1795
1708.5785,1708.5855,39218,51288,Pipistrellus nathusii,0.546,0.658,-1,Echolocation,/mnt/ubna_data_01_mir/recover-20220825/UBNA_002/20220823_033000.WAV,Telephone Field,recover-20220825,002,1795
1708.6025,1708.6101,40937,48277,Pipistrellus nathusii,0.032,0.043,-1,Echolocation,/mnt/ubna_data_01_mir/recover-20220825/UBNA_002/20220823_033000.WAV,Telephone Field,recover-20220825,002,1795
1708.6315,1708.6714,68437,81997,Rhinolophus ferrumequinum,0.025,0.025,-1,Echolocation,/mnt/ubna_data_01_mir/recover-20220825/UBNA_002/20220823_033000.WAV,Telephone Field,recover-20220825,002,1795
1708.6425,1708.6523,41796,46824,Pipistrellus nathusii,0.096,0.109,-1,Echolocation,/mnt/ubna_data_01_mir/recover-20220825/UBNA_002/20220823_033000.WAV,Telephone Field,recover-20220825,002,1795
1708.6445,1708.6503,33203,47303,Myotis brandtii,0.015,0.037,-1,Echolocation,/mnt/ubna_data_01_mir/recover-20220825/UBNA_002/20220823_033000.WAV,Telephone Field,recover-20220825,002,1795
1708.6535,1708.6921,68437,82271,Rhinolophus ferrumequinum,0.042,0.042,-1,Echolocation,/mnt/ubna_data_01_mir/recover-20220825/UBNA_002/20220823_033000.WAV,Telephone Field,recover-20220825,002,1795
1708.6655,1708.6729,39218,48199,Pipistrellus nathusii,0.246,0.35,-1,Echolocation,/mnt/ubna_data_01_mir/recover-20220825/UBNA_002/20220823_033000.WAV,Telephone Field,recover-20220825,002,1795
1708.6715,1708.6784,56406,67857,Pipistrellus pygmaeus,0.026,0.026,-1,Echolocation,/mnt/ubna_data_01_mir/recover-20220825/UBNA_002/20220823_033000.WAV,Telephone Field,recover-20220825,002,1795
1708.6935,1708.7022,43515,47669,Pipistrellus nathusii,0.035,0.045,-1,Echolocation,/mnt/ubna_data_01_mir/recover-20220825/UBNA_002/20220823_033000.WAV,Telephone Field,recover-20220825,002,1795
1708.6955,1708.7017,31484,43803,Myotis daubentonii,0.009,0.025,-1,Echolocation,/mnt/ubna_data_01_mir/recover-20220825/UBNA_002/20220823_033000.WAV,Telephone Field,recover-20220825,002,1795
1708.6985,1708.7054,26328,38401,Eptesicus serotinus,0.007,0.024,-1,Echolocation,/mnt/ubna_data_01_mir/recover-20220825/UBNA_002/20220823_033000.WAV,Telephone Field,recover-20220825,002,1795
1708.7045,1708.713,54687,62662,Pipistrellus pygmaeus,0.031,0.031,-1,Echolocation,/mnt/ubna_data_01_mir/recover-20220825/UBNA_002/20220823_033000.WAV,Telephone Field,recover-20220825,002,1795
1708.7075,1708.7155,40937,48704,Pipistrellus nathusii,0.014,0.025,-1,Echolocation,/mnt/ubna_data_01_mir/recover-20220825/UBNA_002/20220823_033000.WAV,Telephone Field,recover-20220825,002,1795
1708.7355,1708.7438,42656,49320,Pipistrellus nathusii,0.055,0.069,-1,Echolocation,/mnt/ubna_data_01_mir/recover-20220825/UBNA_002/20220823_033000.WAV,Telephone Field,recover-20220825,002,1795
1708.7395,1708.7476,50390,54236,Pipistrellus pygmaeus,0.018,0.024,-1,Echolocation,/mnt/ubna_data_01_mir/recover-20220825/UBNA_002/20220823_033000.WAV,Telephone Field,recover-20220825,002,1795
1708.7585,1708.765,40078,55835,Pipistrellus nathusii,0.313,0.447,-1,Echolocation,/mnt/ubna_data_01_mir/recover-20220825/UBNA_002/20220823_033000.WAV,Telephone Field,recover-20220825,002,1795
1708.7595,1708.7659,48671,52558,Pipistrellus pipistrellus,0.017,0.028,-1,Echolocation,/mnt/ubna_data_01_mir/recover-20220825/UBNA_002/20220823_033000.WAV,Telephone Field,recover-20220825,002,1795
1708.7845,1708.7914,36640,45969,Pipistrellus nathusii,0.018,0.038,-1,Echolocation,/mnt/ubna_data_01_mir/recover-20220825/UBNA_002/20220823_033000.WAV,Telephone Field,recover-20220825,002,1795
1708.8135,1708.8234,28046,35199,Eptesicus serotinus,0.021,0.039,-1,Echolocation,/mnt/ubna_data_01_mir/recover-20220825/UBNA_002/20220823_033000.WAV,Telephone Field,recover-20220825,002,1795
1708.8215,1708.8305,40937,50839,Pipistrellus nathusii,0.153,0.19,-1,Echolocation,/mnt/ubna_data_01_mir/recover-20220825/UBNA_002/20220823_033000.WAV,Telephone Field,recover-20220825,002,1795
1708.8615,1708.8674,40078,53119,Pipistrellus nathusii,0.501,0.56,-1,Echolocation,/mnt/ubna_data_01_mir/recover-20220825/UBNA_002/20220823_033000.WAV,Telephone Field,recover-20220825,002,1795
1708.8775,1708.8851,42656,48297,Pipistrellus nathusii,0.059,0.073,-1,Echolocation,/mnt/ubna_data_01_mir/recover-20220825/UBNA_002/20220823_033000.WAV,Telephone Field,recover-20220825,002,1795
1708.8965,1708.9332,68437,81901,Rhinolophus ferrumequinum,0.024,0.024,-1,Echolocation,/mnt/ubna_data_01_mir/recover-20220825/UBNA_002/20220823_033000.WAV,Telephone Field,recover-20220825,002,1795
1708.9335,1708.9432,43515,47477,Pipistrellus nathusii,0.065,0.075,-1,Echolocation,/mnt/ubna_data_01_mir/recover-20220825/UBNA_002/20220823_033000.WAV,Telephone Field,recover-20220825,002,1795
1708.9615,1708.9679,40078,54071,Pipistrellus nathusii,0.414,0.528,-1,Echolocation,/mnt/ubna_data_01_mir/recover-20220825/UBNA_002/20220823_033000.WAV,Telephone Field,recover-20220825,002,1795
1708.9625,1708.9684,49531,53732,Pipistrellus pipistrellus,0.019,0.034,-1,Echolocation,/mnt/ubna_data_01_mir/recover-20220825/UBNA_002/20220823_033000.WAV,Telephone Field,recover-20220825,002,1795
1709.0005,1709.0078,42656,52670,Pipistrellus nathusii,0.014,0.032,-1,Echolocation,/mnt/ubna_data_01_mir/recover-20220825/UBNA_002/20220823_033000.WAV,Telephone Field,recover-20220825,002,1795
1709.0025,1709.0086000000001,31484,59982,Myotis brandtii,0.012,0.029,-1,Echolocation,/mnt/ubna_data_01_mir/recover-20220825/UBNA_002/20220823_033000.WAV,Telephone Field,recover-20220825,002,1795
1709.0285,1709.0371,27187,35700,Eptesicus serotinus,0.013,0.029,-1,Echolocation,/mnt/ubna_data_01_mir/recover-20220825/UBNA_002/20220823_033000.WAV,Telephone Field,recover-20220825,002,1795
1709.0575,1709.064,40937,57692,Pipistrellus nathusii,0.366,0.513,-1,Echolocation,/mnt/ubna_data_01_mir/recover-20220825/UBNA_002/20220823_033000.WAV,Telephone Field,recover-20220825,002,1795
1709.0915,1709.0986,57265,63470,Pipistrellus pygmaeus,0.031,0.031,-1,Echolocation,/mnt/ubna_data_01_mir/recover-20220825/UBNA_002/20220823_033000.WAV,Telephone Field,recover-20220825,002,1795
1709.1555,1709.161,40937,58817,Pipistrellus nathusii,0.489,0.535,-1,Echolocation,/mnt/ubna_data_01_mir/recover-20220825/UBNA_002/20220823_033000.WAV,Telephone Field,recover-20220825,002,1795
1709.1965,1709.2054,46953,50357,Pipistrellus pipistrellus,0.021,0.027,-1,Echolocation,/mnt/ubna_data_01_mir/recover-20220825/UBNA_002/20220823_033000.WAV,Telephone Field,recover-20220825,002,1795
1709.2055,1709.2132,46093,49239,Pipistrellus pipistrellus,0.019,0.028,-1,Echolocation,/mnt/ubna_data_01_mir/recover-20220825/UBNA_002/20220823_033000.WAV,Telephone Field,recover-20220825,002,1795
1709.2455,1709.2524,40937,52201,Pipistrellus nathusii,0.43,0.541,-1,Echolocation,/mnt/ubna_data_01_mir/recover-20220825/UBNA_002/20220823_033000.WAV,Telephone Field,recover-20220825,002,1795
1709.2505,1709.2614,22890,29135,Nyctalus leisleri,0.011,0.031,-1,Echolocation,/mnt/ubna_data_01_mir/recover-20220825/UBNA_002/20220823_033000.WAV,Telephone Field,recover-20220825,002,1795
1709.2995,1709.3062,30625,45394,Myotis daubentonii,0.01,0.024,-1,Echolocation,/mnt/ubna_data_01_mir/recover-20220825/UBNA_002/20220823_033000.WAV,Telephone Field,recover-20220825,002,1795
1709.3015,1709.3092,35781,46577,Myotis brandtii,0.009,0.025,-1,Echolocation,/mnt/ubna_data_01_mir/recover-20220825/UBNA_002/20220823_033000.WAV,Telephone Field,recover-20220825,002,1795
1709.3095,1709.3179,40937,49089,Pipistrellus nathusii,0.018,0.032,-1,Echolocation,/mnt/ubna_data_01_mir/recover-20220825/UBNA_002/20220823_033000.WAV,Telephone Field,recover-20220825,002,1795
1709.3215,1709.3291,31484,37051,Barbastellus barbastellus,0.012,0.024,-1,Echolocation,/mnt/ubna_data_01_mir/recover-20220825/UBNA_002/20220823_033000.WAV,Telephone Field,recover-20220825,002,1795
1709.3365,1709.3437,48671,53708,Pipistrellus pipistrellus,0.014,0.032,-1,Echolocation,/mnt/ubna_data_01_mir/recover-20220825/UBNA_002/20220823_033000.WAV,Telephone Field,recover-20220825,002,1795
1709.3385,1709.3452,38359,58162,Pipistrellus nathusii,0.474,0.584,-1,Echolocation,/mnt/ubna_data_01_mir/recover-20220825/UBNA_002/20220823_033000.WAV,Telephone Field,recover-20220825,002,1795
1709.4145,1709.4515,68437,82010,Rhinolophus ferrumequinum,0.024,0.024,-1,Echolocation,/mnt/ubna_data_01_mir/recover-20220825/UBNA_002/20220823_033000.WAV,Telephone Field,recover-20220825,002,1795
1709.4475,1709.4542,40937,58617,Pipistrellus nathusii,0.48,0.568,-1,Echolocation,/mnt/ubna_data_01_mir/recover-20220825/UBNA_002/20220823_033000.WAV,Telephone Field,recover-20220825,002,1795
1709.4565,1709.4621,32343,42264,Myotis daubentonii,0.011,0.024,-1,Echolocation,/mnt/ubna_data_01_mir/recover-20220825/UBNA_002/20220823_033000.WAV,Telephone Field,recover-20220825,002,1795
1709.4825,1709.5185,68437,81626,Rhinolophus ferrumequinum,0.024,0.024,-1,Echolocation,/mnt/ubna_data_01_mir/recover-20220825/UBNA_002/20220823_033000.WAV,Telephone Field,recover-20220825,002,1795
1709.4995,1709.5069,40937,51229,Pipistrellus nathusii,0.018,0.031,-1,Echolocation,/mnt/ubna_data_01_mir/recover-20220825/UBNA_002/20220823_033000.WAV,Telephone Field,recover-20220825,002,1795
1709.4995,1709.5061,29765,39961,Barbastellus barbastellus,0.014,0.037,-1,Echolocation,/mnt/ubna_data_01_mir/recover-20220825/UBNA_002/20220823_033000.WAV,Telephone Field,recover-20220825,002,1795
1709.5145,1709.5236,27187,35956,Eptesicus serotinus,0.012,0.027,-1,Echolocation,/mnt/ubna_data_01_mir/recover-20220825/UBNA_002/20220823_033000.WAV,Telephone Field,recover-20220825,002,1795
1709.5345,1709.5417,26328,37783,Eptesicus serotinus,0.008,0.029,-1,Echolocation,/mnt/ubna_data_01_mir/recover-20220825/UBNA_002/20220823_033000.WAV,Telephone Field,recover-20220825,002,1795
1709.5605,1709.5702,55546,64182,Pipistrellus pygmaeus,0.023,0.024,-1,Echolocation,/mnt/ubna_data_01_mir/recover-20220825/UBNA_002/20220823_033000.WAV,Telephone Field,recover-20220825,002,1795
1709.5645,1709.5708,30625,43579,Myotis daubentonii,0.015,0.033,-1,Echolocation,/mnt/ubna_data_01_mir/recover-20220825/UBNA_002/20220823_033000.WAV,Telephone Field,recover-20220825,002,1795
1709.5745,1709.5813,34921,43414,Barbastellus barbastellus,0.011,0.032,-1,Echolocation,/mnt/ubna_data_01_mir/recover-20220825/UBNA_002/20220823_033000.WAV,Telephone Field,recover-20220825,002,1795
1709.5745,1709.5821,41796,48348,Pipistrellus nathusii,0.016,0.028,-1,Echolocation,/mnt/ubna_data_01_mir/recover-20220825/UBNA_002/20220823_033000.WAV,Telephone Field,recover-20220825,002,1795
1709.5935,1709.6013,39218,54184,Pipistrellus nathusii,0.502,0.598,-1,Echolocation,/mnt/ubna_data_01_mir/recover-20220825/UBNA_002/20220823_033000.WAV,Telephone Field,recover-20220825,002,1795
1709.6265,1709.6333,46953,54302,Pipistrellus pipistrellus,0.02,0.024,-1,Echolocation,/mnt/ubna_data_01_mir/recover-20220825/UBNA_002/20220823_033000.WAV,Telephone Field,recover-20220825,002,1795
1709.6435,1709.652,28046,39465,Eptesicus serotinus,0.01,0.024,-1,Echolocation,/mnt/ubna_data_01_mir/recover-20220825/UBNA_002/20220823_033000.WAV,Telephone Field,recover-20220825,002,1795
1709.6585,1709.6668,41796,49568,Pipistrellus nathusii,0.015,0.028,-1,Echolocation,/mnt/ubna_data_01_mir/recover-20220825/UBNA_002/20220823_033000.WAV,Telephone Field,recover-20220825,002,1795
1709.6635,1709.6716,28906,36541,Myotis daubentonii,0.008,0.028,-1,Echolocation,/mnt/ubna_data_01_mir/recover-20220825/UBNA_002/20220823_033000.WAV,Telephone Field,recover-20220825,002,1795
1709.6775,1709.6841,51250,55703,Pipistrellus pipistrellus,0.016,0.029,-1,Echolocation,/mnt/ubna_data_01_mir/recover-20220825/UBNA_002/20220823_033000.WAV,Telephone Field,recover-20220825,002,1795
1709.6795,1709.6865,38359,57423,Pipistrellus nathusii,0.607,0.654,-1,Echolocation,/mnt/ubna_data_01_mir/recover-20220825/UBNA_002/20220823_033000.WAV,Telephone Field,recover-20220825,002,1795
1709.6875,1709.695,26328,34188,Eptesicus serotinus,0.007,0.023,-1,Echolocation,/mnt/ubna_data_01_mir/recover-20220825/UBNA_002/20220823_033000.WAV,Telephone Field,recover-20220825,002,1795
1709.7085,1709.7163,38359,43765,Pipistrellus nathusii,0.011,0.024,-1,Echolocation,/mnt/ubna_data_01_mir/recover-20220825/UBNA_002/20220823_033000.WAV,Telephone Field,recover-20220825,002,1795
1709.7795,1709.7848,28046,47057,Myotis daubentonii,0.011,0.031,-1,Echolocation,/mnt/ubna_data_01_mir/recover-20220825/UBNA_002/20220823_033000.WAV,Telephone Field,recover-20220825,002,1795
1709.7825,1709.7914,39218,58599,Pipistrellus nathusii,0.598,0.666,-1,Echolocation,/mnt/ubna_data_01_mir/recover-20220825/UBNA_002/20220823_033000.WAV,Telephone Field,recover-20220825,002,1795
1709.7905,1709.7963,31484,40673,Myotis daubentonii,0.013,0.023,-1,Echolocation,/mnt/ubna_data_01_mir/recover-20220825/UBNA_002/20220823_033000.WAV,Telephone Field,recover-20220825,002,1795
1709.8075,1709.8465,68437,81838,Rhinolophus ferrumequinum,0.028,0.028,-1,Echolocation,/mnt/ubna_data_01_mir/recover-20220825/UBNA_002/20220823_033000.WAV,Telephone Field,recover-20220825,002,1795
1709.8495,1709.8609,24609,30437,Nyctalus leisleri,0.01,0.027,-1,Echolocation,/mnt/ubna_data_01_mir/recover-20220825/UBNA_002/20220823_033000.WAV,Telephone Field,recover-20220825,002,1795
1709.8545,1709.8625,47812,51669,Pipistrellus pipistrellus,0.023,0.038,-1,Echolocation,/mnt/ubna_data_01_mir/recover-20220825/UBNA_002/20220823_033000.WAV,Telephone Field,recover-20220825,002,1795
1709.8615,1709.868,33203,44889,Myotis daubentonii,0.009,0.024,-1,Echolocation,/mnt/ubna_data_01_mir/recover-20220825/UBNA_002/20220823_033000.WAV,Telephone Field,recover-20220825,002,1795
1709.8615,1709.8701,26328,34063,Eptesicus serotinus,0.007,0.023,-1,Echolocation,/mnt/ubna_data_01_mir/recover-20220825/UBNA_002/20220823_033000.WAV,Telephone Field,recover-20220825,002,1795
1709.8625,1709.8696,54687,64062,Pipistrellus pygmaeus,0.029,0.03,-1,Echolocation,/mnt/ubna_data_01_mir/recover-20220825/UBNA_002/20220823_033000.WAV,Telephone Field,recover-20220825,002,1795
1709.8815,1709.9206,68437,82148,Rhinolophus ferrumequinum,0.039,0.039,-1,Echolocation,/mnt/ubna_data_01_mir/recover-20220825/UBNA_002/20220823_033000.WAV,Telephone Field,recover-20220825,002,1795
1709.8845,1709.891,40078,54234,Pipistrellus nathusii,0.032,0.073,-1,Echolocation,/mnt/ubna_data_01_mir/recover-20220825/UBNA_002/20220823_033000.WAV,Telephone Field,recover-20220825,002,1795
1709.8895,1709.8968,52968,58823,Pipistrellus pygmaeus,0.032,0.035,-1,Echolocation,/mnt/ubna_data_01_mir/recover-20220825/UBNA_002/20220823_033000.WAV,Telephone Field,recover-20220825,002,1795
1709.8955,1709.9016,51250,54955,Pipistrellus pipistrellus,0.022,0.035,-1,Echolocation,/mnt/ubna_data_01_mir/recover-20220825/UBNA_002/20220823_033000.WAV,Telephone Field,recover-20220825,002,1795
1709.8955,1709.9045,39218,55922,Pipistrellus nathusii,0.619,0.659,-1,Echolocation,/mnt/ubna_data_01_mir/recover-20220825/UBNA_002/20220823_033000.WAV,Telephone Field,recover-20220825,002,1795
1709.9185,1709.929,28046,34909,Eptesicus serotinus,0.022,0.042,-1,Echolocation,/mnt/ubna_data_01_mir/recover-20220825/UBNA_002/20220823_033000.WAV,Telephone Field,recover-20220825,002,1795
1709.9435,1709.9819,68437,82664,Rhinolophus ferrumequinum,0.027,0.027,-1,Echolocation,/mnt/ubna_data_01_mir/recover-20220825/UBNA_002/20220823_033000.WAV,Telephone Field,recover-20220825,002,1795
1710.0015,1710.0296,68437,81422,Rhinolophus ferrumequinum,0.108,0.109,-1,Echolocation,/mnt/ubna_data_01_mir/recover-20220825/UBNA_002/20220823_033000.WAV,Telephone Field,recover-20220825,002,1795
1710.0015,1710.0066,36640,49171,Myotis daubentonii,0.03,0.08,-1,Echolocation,/mnt/ubna_data_01_mir/recover-20220825/UBNA_002/20220823_033000.WAV,Telephone Field,recover-20220825,002,1795
1710.0015,1710.0088,22890,37464,Myotis nattereri,0.008,0.031,-1,Echolocation,/mnt/ubna_data_01_mir/recover-20220825/UBNA_002/20220823_033000.WAV,Telephone Field,recover-20220825,002,1795
1710.0115,1710.0196,54687,62691,Pipistrellus pygmaeus,0.026,0.027,-1,Echolocation,/mnt/ubna_data_01_mir/recover-20220825/UBNA_002/20220823_033000.WAV,Telephone Field,recover-20220825,002,1795
1710.0665,1710.0849,20312,24510,Nyctalus noctula,0.021,0.041,-1,Echolocation,/mnt/ubna_data_01_mir/recover-20220825/UBNA_002/20220823_033000.WAV,Telephone Field,recover-20220825,002,1795
1710.0675,1710.0758,40937,50838,Pipistrellus nathusii,0.01,0.026,-1,Echolocation,/mnt/ubna_data_01_mir/recover-20220825/UBNA_002/20220823_033000.WAV,Telephone Field,recover-20220825,002,1795
1710.0695,1710.0767,35781,48411,Myotis daubentonii,0.01,0.024,-1,Echolocation,/mnt/ubna_data_01_mir/recover-20220825/UBNA_002/20220823_033000.WAV,Telephone Field,recover-20220825,002,1795
1710.0935,1710.1043,53828,59211,Pipistrellus pygmaeus,0.028,0.029,-1,Echolocation,/mnt/ubna_data_01_mir/recover-20220825/UBNA_002/20220823_033000.WAV,Telephone Field,recover-20220825,002,1795
1710.0985,1710.106,37500,59510,Pipistrellus nathusii,0.666,0.716,-1,Echolocation,/mnt/ubna_data_01_mir/recover-20220825/UBNA_002/20220823_033000.WAV,Telephone Field,recover-20220825,002,1795
1710.0995,1710.1075,22031,37272,Myotis nattereri,0.009,0.034,-1,Echolocation,/mnt/ubna_data_01_mir/recover-20220825/UBNA_002/20220823_033000.WAV,Telephone Field,recover-20220825,002,1795
1710.1075,1710.1141,26328,35605,Eptesicus serotinus,0.006,0.026,-1,Echolocation,/mnt/ubna_data_01_mir/recover-20220825/UBNA_002/20220823_033000.WAV,Telephone Field,recover-20220825,002,1795
1710.1295,1710.1479,20312,23673,Nyctalus leisleri,0.017,0.033,-1,Echolocation,/mnt/ubna_data_01_mir/recover-20220825/UBNA_002/20220823_033000.WAV,Telephone Field,recover-20220825,002,1795
1710.1925,1710.1979,28906,57267,Myotis bechsteinii,0.009,0.038,-1,Echolocation,/mnt/ubna_data_01_mir/recover-20220825/UBNA_002/20220823_033000.WAV,Telephone Field,recover-20220825,002,1795
1710.1935,1710.2015,37500,58464,Pipistrellus nathusii,0.649,0.709,-1,Echolocation,/mnt/ubna_data_01_mir/recover-20220825/UBNA_002/20220823_033000.WAV,Telephone Field,recover-20220825,002,1795
1710.2015,1710.207,30625,43184,Myotis daubentonii,0.013,0.029,-1,Echolocation,/mnt/ubna_data_01_mir/recover-20220825/UBNA_002/20220823_033000.WAV,Telephone Field,recover-20220825,002,1795
1710.2715,1710.2781,28046,36433,Eptesicus serotinus,0.007,0.026,-1,Echolocation,/mnt/ubna_data_01_mir/recover-20220825/UBNA_002/20220823_033000.WAV,Telephone Field,recover-20220825,002,1795
1710.2815,1710.3155,68437,81141,Rhinolophus ferrumequinum,0.025,0.025,-1,Echolocation,/mnt/ubna_data_01_mir/recover-20220825/UBNA_002/20220823_033000.WAV,Telephone Field,recover-20220825,002,1795
1710.2845,1710.2932,37500,56796,Pipistrellus nathusii,0.693,0.732,-1,Echolocation,/mnt/ubna_data_01_mir/recover-20220825/UBNA_002/20220823_033000.WAV,Telephone Field,recover-20220825,002,1795
1710.2965,1710.3061,26328,32940,Nyctalus leisleri,0.007,0.028,-1,Echolocation,/mnt/ubna_data_01_mir/recover-20220825/UBNA_002/20220823_033000.WAV,Telephone Field,recover-20220825,002,1795
1710.3125,1710.3195,50390,58140,Pipistrellus pygmaeus,0.017,0.027,-1,Echolocation,/mnt/ubna_data_01_mir/recover-20220825/UBNA_002/20220823_033000.WAV,Telephone Field,recover-20220825,002,1795
1710.3205,1710.3318,24609,30759,Nyctalus leisleri,0.008,0.024,-1,Echolocation,/mnt/ubna_data_01_mir/recover-20220825/UBNA_002/20220823_033000.WAV,Telephone Field,recover-20220825,002,1795
1710.3285,1710.336,28046,39997,Eptesicus serotinus,0.008,0.024,-1,Echolocation,/mnt/ubna_data_01_mir/recover-20220825/UBNA_002/20220823_033000.WAV,Telephone Field,recover-20220825,002,1795
1710.3445,1710.3513,53828,59548,Pipistrellus pygmaeus,0.026,0.027,-1,Echolocation,/mnt/ubna_data_01_mir/recover-20220825/UBNA_002/20220823_033000.WAV,Telephone Field,recover-20220825,002,1795
1710.3505,1710.3572,55546,60781,Pipistrellus pygmaeus,0.028,0.028,-1,Echolocation,/mnt/ubna_data_01_mir/recover-20220825/UBNA_002/20220823_033000.WAV,Telephone Field,recover-20220825,002,1795
1710.3825,1710.3918,37500,59810,Pipistrellus nathusii,0.588,0.667,-1,Echolocation,/mnt/ubna_data_01_mir/recover-20220825/UBNA_002/20220823_033000.WAV,Telephone Field,recover-20220825,002,1795
1710.3985,1710.4328,68437,80969,Rhinolophus ferrumequinum,0.024,0.024,-1,Echolocation,/mnt/ubna_data_01_mir/recover-20220825/UBNA_002/20220823_033000.WAV,Telephone Field,recover-20220825,002,1795
1710.4385,1710.4453,41796,52140,Pipistrellus nathusii,0.009,0.028,-1,Echolocation,/mnt/ubna_data_01_mir/recover-20220825/UBNA_002/20220823_033000.WAV,Telephone Field,recover-20220825,002,1795
1710.4445,1710.4546,27187,35367,Eptesicus serotinus,0.016,0.032,-1,Echolocation,/mnt/ubna_data_01_mir/recover-20220825/UBNA_002/20220823_033000.WAV,Telephone Field,recover-20220825,002,1795
1710.4645,1710.4854,19453,22635,Nyctalus noctula,0.014,0.027,-1,Echolocation,/mnt/ubna_data_01_mir/recover-20220825/UBNA_002/20220823_033000.WAV,Telephone Field,recover-20220825,002,1795
1710.4755,1710.4813,28046,37188,Eptesicus serotinus,0.006,0.026,-1,Echolocation,/mnt/ubna_data_01_mir/recover-20220825/UBNA_002/20220823_033000.WAV,Telephone Field,recover-20220825,002,1795
1710.4855,1710.4919,46953,56251,Pipistrellus pipistrellus,0.022,0.04,-1,Echolocation,/mnt/ubna_data_01_mir/recover-20220825/UBNA_002/20220823_033000.WAV,Telephone Field,recover-20220825,002,1795
1710.4855,1710.4917,30625,58227,Myotis brandtii,0.011,0.037,-1,Echolocation,/mnt/ubna_data_01_mir/recover-20220825/UBNA_002/20220823_033000.WAV,Telephone Field,recover-20220825,002,1795
1710.4885,1710.497,38359,59293,Pipistrellus nathusii,0.71,0.733,-1,Echolocation,/mnt/ubna_data_01_mir/recover-20220825/UBNA_002/20220823_033000.WAV,Telephone Field,recover-20220825,002,1795
1710.4965,1710.5027,37500,49861,Myotis brandtii,0.022,0.048,-1,Echolocation,/mnt/ubna_data_01_mir/recover-20220825/UBNA_002/20220823_033000.WAV,Telephone Field,recover-20220825,002,1795
1710.5015,1710.5332,68437,80955,Rhinolophus ferrumequinum,0.029,0.029,-1,Echolocation,/mnt/ubna_data_01_mir/recover-20220825/UBNA_002/20220823_033000.WAV,Telephone Field,recover-20220825,002,1795
1710.5615,1710.5684,52968,62287,Pipistrellus pygmaeus,0.024,0.025,-1,Echolocation,/mnt/ubna_data_01_mir/recover-20220825/UBNA_002/20220823_033000.WAV,Telephone Field,recover-20220825,002,1795
1710.5745,1710.6107,68437,81598,Rhinolophus ferrumequinum,0.024,0.024,-1,Echolocation,/mnt/ubna_data_01_mir/recover-20220825/UBNA_002/20220823_033000.WAV,Telephone Field,recover-20220825,002,1795
1710.5835,1710.5927,42656,50356,Pipistrellus nathusii,0.131,0.157,-1,Echolocation,/mnt/ubna_data_01_mir/recover-20220825/UBNA_002/20220823_033000.WAV,Telephone Field,recover-20220825,002,1795
1710.6005,1710.6087,38359,59897,Pipistrellus nathusii,0.706,0.743,-1,Echolocation,/mnt/ubna_data_01_mir/recover-20220825/UBNA_002/20220823_033000.WAV,Telephone Field,recover-20220825,002,1795
1710.6095,1710.6167,26328,35453,Eptesicus serotinus,0.007,0.032,-1,Echolocation,/mnt/ubna_data_01_mir/recover-20220825/UBNA_002/20220823_033000.WAV,Telephone Field,recover-20220825,002,1795
1710.6205,1710.6264,25468,39678,Myotis nattereri,0.009,0.027,-1,Echolocation,/mnt/ubna_data_01_mir/recover-20220825/UBNA_002/20220823_033000.WAV,Telephone Field,recover-20220825,002,1795
1710.6255,1710.6372,15156,20956,Nyctalus noctula,0.017,0.029,-1,Echolocation,/mnt/ubna_data_01_mir/recover-20220825/UBNA_002/20220823_033000.WAV,Telephone Field,recover-20220825,002,1795
1710.6335,1710.6433,33203,38396,Pipistrellus nathusii,0.014,0.029,-1,Echolocation,/mnt/ubna_data_01_mir/recover-20220825/UBNA_002/20220823_033000.WAV,Telephone Field,recover-20220825,002,1795
1710.6355,1710.6443,27187,36743,Eptesicus serotinus,0.012,0.029,-1,Echolocation,/mnt/ubna_data_01_mir/recover-20220825/UBNA_002/20220823_033000.WAV,Telephone Field,recover-20220825,002,1795
1710.6785,1710.6863,42656,47793,Pipistrellus nathusii,0.17,0.207,-1,Echolocation,/mnt/ubna_data_01_mir/recover-20220825/UBNA_002/20220823_033000.WAV,Telephone Field,recover-20220825,002,1795
1710.7075,1710.7132,32343,42593,Myotis daubentonii,0.015,0.028,-1,Echolocation,/mnt/ubna_data_01_mir/recover-20220825/UBNA_002/20220823_033000.WAV,Telephone Field,recover-20220825,002,1795
1710.7215,1710.7287,46953,58555,Pipistrellus pipistrellus,0.014,0.032,-1,Echolocation,/mnt/ubna_data_01_mir/recover-20220825/UBNA_002/20220823_033000.WAV,Telephone Field,recover-20220825,002,1795
1710.7235,1710.7333,54687,63225,Pipistrellus pygmaeus,0.031,0.034,-1,Echolocation,/mnt/ubna_data_01_mir/recover-20220825/UBNA_002/20220823_033000.WAV,Telephone Field,recover-20220825,002,1795
1710.7245,1710.7322,39218,63834,Pipistrellus nathusii,0.772,0.792,-1,Echolocation,/mnt/ubna_data_01_mir/recover-20220825/UBNA_002/20220823_033000.WAV,Telephone Field,recover-20220825,002,1795
1710.7735,1710.7792,40937,53282,Pipistrellus nathusii,0.523,0.58,-1,Echolocation,/mnt/ubna_data_01_mir/recover-20220825/UBNA_002/20220823_033000.WAV,Telephone Field,recover-20220825,002,1795
1710.8105,1710.8165,35781,51183,Myotis brandtii,0.011,0.029,-1,Echolocation,/mnt/ubna_data_01_mir/recover-20220825/UBNA_002/20220823_033000.WAV,Telephone Field,recover-20220825,002,1795
1710.8235,1710.8297,38359,50141,Myotis brandtii,0.014,0.036,-1,Echolocation,/mnt/ubna_data_01_mir/recover-20220825/UBNA_002/20220823_033000.WAV,Telephone Field,recover-20220825,002,1795
1710.8355,1710.8444,27187,34672,Eptesicus serotinus,0.009,0.025,-1,Echolocation,/mnt/ubna_data_01_mir/recover-20220825/UBNA_002/20220823_033000.WAV,Telephone Field,recover-20220825,002,1795
1710.8485,1710.8542,36640,55851,Pipistrellus nathusii,0.269,0.542,-1,Echolocation,/mnt/ubna_data_01_mir/recover-20220825/UBNA_002/20220823_033000.WAV,Telephone Field,recover-20220825,002,1795
1710.8575,1710.8649,26328,37174,Eptesicus serotinus,0.007,0.026,-1,Echolocation,/mnt/ubna_data_01_mir/recover-20220825/UBNA_002/20220823_033000.WAV,Telephone Field,recover-20220825,002,1795
1710.8985,1710.9052,27187,38842,Eptesicus serotinus,0.007,0.027,-1,Echolocation,/mnt/ubna_data_01_mir/recover-20220825/UBNA_002/20220823_033000.WAV,Telephone Field,recover-20220825,002,1795
1710.8995,1710.9109,39218,44231,Pipistrellus nathusii,0.025,0.034,-1,Echolocation,/mnt/ubna_data_01_mir/recover-20220825/UBNA_002/20220823_033000.WAV,Telephone Field,recover-20220825,002,1795
1710.9265,1710.9347,38359,59893,Pipistrellus nathusii,0.735,0.762,-1,Echolocation,/mnt/ubna_data_01_mir/recover-20220825/UBNA_002/20220823_033000.WAV,Telephone Field,recover-20220825,002,1795
1710.9275,1710.9337,51250,60763,Pipistrellus pipistrellus,0.019,0.036,-1,Echolocation,/mnt/ubna_data_01_mir/recover-20220825/UBNA_002/20220823_033000.WAV,Telephone Field,recover-20220825,002,1795
1710.9365,1710.9443,27187,37684,Eptesicus serotinus,0.008,0.027,-1,Echolocation,/mnt/ubna_data_01_mir/recover-20220825/UBNA_002/20220823_033000.WAV,Telephone Field,recover-20220825,002,1795
1710.9415,1710.9735,68437,81204,Rhinolophus ferrumequinum,0.024,0.024,-1,Echolocation,/mnt/ubna_data_01_mir/recover-20220825/UBNA_002/20220823_033000.WAV,Telephone Field,recover-20220825,002,1795
1710.9605,1710.9656,38359,54509,Pipistrellus nathusii,0.284,0.488,-1,Echolocation,/mnt/ubna_data_01_mir/recover-20220825/UBNA_002/20220823_033000.WAV,Telephone Field,recover-20220825,002,1795
1710.9695,1710.9758,30625,43021,Myotis daubentonii,0.014,0.026,-1,Echolocation,/mnt/ubna_data_01_mir/recover-20220825/UBNA_002/20220823_033000.WAV,Telephone Field,recover-20220825,002,1795
1711.0095,1711.0163,47812,57005,Pipistrellus pipistrellus,0.056,0.069,-1,Echolocation,/mnt/ubna_data_01_mir/recover-20220825/UBNA_002/20220823_033000.WAV,Telephone Field,recover-20220825,002,1795
1711.0225,1711.0332,54687,63535,Pipistrellus pygmaeus,0.023,0.025,-1,Echolocation,/mnt/ubna_data_01_mir/recover-20220825/UBNA_002/20220823_033000.WAV,Telephone Field,recover-20220825,002,1795
1711.0255,1711.0301,36640,52530,Pipistrellus nathusii,0.16,0.285,-1,Echolocation,/mnt/ubna_data_01_mir/recover-20220825/UBNA_002/20220823_033000.WAV,Telephone Field,recover-20220825,002,1795
1711.0345,1711.0401,29765,52594,Barbastellus barbastellus,0.014,0.039,-1,Echolocation,/mnt/ubna_data_01_mir/recover-20220825/UBNA_002/20220823_033000.WAV,Telephone Field,recover-20220825,002,1795
1711.0345,1711.0426,37500,61170,Pipistrellus nathusii,0.596,0.637,-1,Echolocation,/mnt/ubna_data_01_mir/recover-20220825/UBNA_002/20220823_033000.WAV,Telephone Field,recover-20220825,002,1795
1711.0355,1711.0418,49531,58200,Pipistrellus pipistrellus,0.011,0.03,-1,Echolocation,/mnt/ubna_data_01_mir/recover-20220825/UBNA_002/20220823_033000.WAV,Telephone Field,recover-20220825,002,1795
1711.0545,1711.0641,28046,35468,Nyctalus leisleri,0.007,0.025,-1,Echolocation,/mnt/ubna_data_01_mir/recover-20220825/UBNA_002/20220823_033000.WAV,Telephone Field,recover-20220825,002,1795
1711.0955,1711.1013,38359,50014,Pipistrellus nathusii,0.183,0.311,-1,Echolocation,/mnt/ubna_data_01_mir/recover-20220825/UBNA_002/20220823_033000.WAV,Telephone Field,recover-20220825,002,1795
1711.1065,1711.1164,28046,34379,Eptesicus serotinus,0.009,0.025,-1,Echolocation,/mnt/ubna_data_01_mir/recover-20220825/UBNA_002/20220823_033000.WAV,Telephone Field,recover-20220825,002,1795
1711.1165,1711.1241,49531,56031,Pipistrellus pipistrellus,0.026,0.033,-1,Echolocation,/mnt/ubna_data_01_mir/recover-20220825/UBNA_002/20220823_033000.WAV,Telephone Field,recover-20220825,002,1795
1711.1265,1711.1382,27187,33429,Eptesicus serotinus,0.018,0.033,-1,Echolocation,/mnt/ubna_data_01_mir/recover-20220825/UBNA_002/20220823_033000.WAV,Telephone Field,recover-20220825,002,1795
1711.1325,1711.1426,41796,49000,Pipistrellus nathusii,0.019,0.032,-1,Echolocation,/mnt/ubna_data_01_mir/recover-20220825/UBNA_002/20220823_033000.WAV,Telephone Field,recover-20220825,002,1795
1711.1665,1711.1717,37500,54991,Pipistrellus nathusii,0.135,0.36,-1,Echolocation,/mnt/ubna_data_01_mir/recover-20220825/UBNA_002/20220823_033000.WAV,Telephone Field,recover-20220825,002,1795
1711.1755,1711.1829,26328,33947,Eptesicus serotinus,0.006,0.024,-1,Echolocation,/mnt/ubna_data_01_mir/recover-20220825/UBNA_002/20220823_033000.WAV,Telephone Field,recover-20220825,002,1795
1711.2195,1711.2263,37500,50981,Pipistrellus nathusii,0.094,0.214,-1,Echolocation,/mnt/ubna_data_01_mir/recover-20220825/UBNA_002/20220823_033000.WAV,Telephone Field,recover-20220825,002,1795
1711.2465,1711.2532,54687,60113,Pipistrellus pygmaeus,0.031,0.032,-1,Echolocation,/mnt/ubna_data_01_mir/recover-20220825/UBNA_002/20220823_033000.WAV,Telephone Field,recover-20220825,002,1795
1711.2575,1711.2659,38359,63814,Pipistrellus nathusii,0.612,0.67,-1,Echolocation,/mnt/ubna_data_01_mir/recover-20220825/UBNA_002/20220823_033000.WAV,Telephone Field,recover-20220825,002,1795
1711.3245,1711.3342,27187,38016,Eptesicus serotinus,0.012,0.026,-1,Echolocation,/mnt/ubna_data_01_mir/recover-20220825/UBNA_002/20220823_033000.WAV,Telephone Field,recover-20220825,002,1795
1711.3255,1711.3325,34062,41645,Barbastellus barbastellus,0.011,0.024,-1,Echolocation,/mnt/ubna_data_01_mir/recover-20220825/UBNA_002/20220823_033000.WAV,Telephone Field,recover-20220825,002,1795
1711.3595,1711.3658,49531,56353,Pipistrellus pipistrellus,0.022,0.037,-1,Echolocation,/mnt/ubna_data_01_mir/recover-20220825/UBNA_002/20220823_033000.WAV,Telephone Field,recover-20220825,002,1795
1711.3625,1711.3715,37500,58282,Pipistrellus nathusii,0.494,0.568,-1,Echolocation,/mnt/ubna_data_01_mir/recover-20220825/UBNA_002/20220823_033000.WAV,Telephone Field,recover-20220825,002,1795
1711.3715,1711.3804,26328,33753,Eptesicus serotinus,0.01,0.03,-1,Echolocation,/mnt/ubna_data_01_mir/recover-20220825/UBNA_002/20220823_033000.WAV,Telephone Field,recover-20220825,002,1795
1711.4005,1711.4084,27187,37705,Eptesicus serotinus,0.009,0.026,-1,Echolocation,/mnt/ubna_data_01_mir/recover-20220825/UBNA_002/20220823_033000.WAV,Telephone Field,recover-20220825,002,1795
1711.4395,1711.4473,42656,50072,Pipistrellus nathusii,0.012,0.031,-1,Echolocation,/mnt/ubna_data_01_mir/recover-20220825/UBNA_002/20220823_033000.WAV,Telephone Field,recover-20220825,002,1795
1711.4445,1711.4531,56406,66052,Pipistrellus pygmaeus,0.029,0.029,-1,Echolocation,/mnt/ubna_data_01_mir/recover-20220825/UBNA_002/20220823_033000.WAV,Telephone Field,recover-20220825,002,1795
1711.4635,1711.4738,15156,21389,Nyctalus noctula,0.014,0.032,-1,Echolocation,/mnt/ubna_data_01_mir/recover-20220825/UBNA_002/20220823_033000.WAV,Telephone Field,recover-20220825,002,1795
1711.4695,1711.4765,45234,57712,Pipistrellus pipistrellus,0.015,0.04,-1,Echolocation,/mnt/ubna_data_01_mir/recover-20220825/UBNA_002/20220823_033000.WAV,Telephone Field,recover-20220825,002,1795
1711.4705,1711.4757,29765,60052,Myotis bechsteinii,0.012,0.043,-1,Echolocation,/mnt/ubna_data_01_mir/recover-20220825/UBNA_002/20220823_033000.WAV,Telephone Field,recover-20220825,002,1795
1711.4715,1711.4814,20312,26145,Nyctalus leisleri,0.007,0.025,-1,Echolocation,/mnt/ubna_data_01_mir/recover-20220825/UBNA_002/20220823_033000.WAV,Telephone Field,recover-20220825,002,1795
1711.4715,1711.4787,53828,59694,Pipistrellus pygmaeus,0.036,0.043,-1,Echolocation,/mnt/ubna_data_01_mir/recover-20220825/UBNA_002/20220823_033000.WAV,Telephone Field,recover-20220825,002,1795
1711.4725,1711.4823,37500,58004,Pipistrellus nathusii,0.589,0.668,-1,Echolocation,/mnt/ubna_data_01_mir/recover-20220825/UBNA_002/20220823_033000.WAV,Telephone Field,recover-20220825,002,1795
1711.5165,1711.5264,27187,36127,Eptesicus serotinus,0.013,0.029,-1,Echolocation,/mnt/ubna_data_01_mir/recover-20220825/UBNA_002/20220823_033000.WAV,Telephone Field,recover-20220825,002,1795
1711.5425,1711.5493,49531,54830,Pipistrellus pipistrellus,0.015,0.029,-1,Echolocation,/mnt/ubna_data_01_mir/recover-20220825/UBNA_002/20220823_033000.WAV,Telephone Field,recover-20220825,002,1795
1711.5455,1711.5523,39218,55867,Pipistrellus nathusii,0.583,0.606,-1,Echolocation,/mnt/ubna_data_01_mir/recover-20220825/UBNA_002/20220823_033000.WAV,Telephone Field,recover-20220825,002,1795
1711.5545,1711.5601,29765,45754,Myotis daubentonii,0.013,0.027,-1,Echolocation,/mnt/ubna_data_01_mir/recover-20220825/UBNA_002/20220823_033000.WAV,Telephone Field,recover-20220825,002,1795
1711.5585,1711.594,68437,81474,Rhinolophus ferrumequinum,0.025,0.025,-1,Echolocation,/mnt/ubna_data_01_mir/recover-20220825/UBNA_002/20220823_033000.WAV,Telephone Field,recover-20220825,002,1795
1711.5795,1711.5914,52109,57536,Pipistrellus pygmaeus,0.045,0.052,-1,Echolocation,/mnt/ubna_data_01_mir/recover-20220825/UBNA_002/20220823_033000.WAV,Telephone Field,recover-20220825,002,1795
1711.5995,1711.6046,40078,50206,Pipistrellus nathusii,0.181,0.308,-1,Echolocation,/mnt/ubna_data_01_mir/recover-20220825/UBNA_002/20220823_033000.WAV,Telephone Field,recover-20220825,002,1795
1711.6085,1711.6183,28046,34086,Eptesicus serotinus,0.01,0.028,-1,Echolocation,/mnt/ubna_data_01_mir/recover-20220825/UBNA_002/20220823_033000.WAV,Telephone Field,recover-20220825,002,1795
1711.6295,1711.6358,48671,54075,Pipistrellus pipistrellus,0.029,0.052,-1,Echolocation,/mnt/ubna_data_01_mir/recover-20220825/UBNA_002/20220823_033000.WAV,Telephone Field,recover-20220825,002,1795
1711.6295,1711.6366,38359,58750,Pipistrellus nathusii,0.619,0.667,-1,Echolocation,/mnt/ubna_data_01_mir/recover-20220825/UBNA_002/20220823_033000.WAV,Telephone Field,recover-20220825,002,1795
1711.6375,1711.6449,26328,34149,Eptesicus serotinus,0.007,0.026,-1,Echolocation,/mnt/ubna_data_01_mir/recover-20220825/UBNA_002/20220823_033000.WAV,Telephone Field,recover-20220825,002,1795
1711.6385,1711.6443,30625,41898,Myotis daubentonii,0.013,0.026,-1,Echolocation,/mnt/ubna_data_01_mir/recover-20220825/UBNA_002/20220823_033000.WAV,Telephone Field,recover-20220825,002,1795
1711.6705,1711.6766,40078,55169,Pipistrellus nathusii,0.367,0.514,-1,Echolocation,/mnt/ubna_data_01_mir/recover-20220825/UBNA_002/20220823_033000.WAV,Telephone Field,recover-20220825,002,1795
1711.7015,1711.7081,49531,55398,Pipistrellus pipistrellus,0.014,0.025,-1,Echolocation,/mnt/ubna_data_01_mir/recover-20220825/UBNA_002/20220823_033000.WAV,Telephone Field,recover-20220825,002,1795
1711.7025,1711.7076,39218,56792,Pipistrellus nathusii,0.379,0.525,-1,Echolocation,/mnt/ubna_data_01_mir/recover-20220825/UBNA_002/20220823_033000.WAV,Telephone Field,recover-20220825,002,1795
1711.7265,1711.7325,32343,41236,Myotis daubentonii,0.016,0.034,-1,Echolocation,/mnt/ubna_data_01_mir/recover-20220825/UBNA_002/20220823_033000.WAV,Telephone Field,recover-20220825,002,1795
1711.7265,1711.7337,28046,36896,Eptesicus serotinus,0.012,0.035,-1,Echolocation,/mnt/ubna_data_01_mir/recover-20220825/UBNA_002/20220823_033000.WAV,Telephone Field,recover-20220825,002,1795
1711.7425,1711.7477,36640,55501,Myotis daubentonii,0.127,0.349,-1,Echolocation,/mnt/ubna_data_01_mir/recover-20220825/UBNA_002/20220823_033000.WAV,Telephone Field,recover-20220825,002,1795
1711.7425,1711.7489,48671,53513,Pipistrellus pipistrellus,0.02,0.032,-1,Echolocation,/mnt/ubna_data_01_mir/recover-20220825/UBNA_002/20220823_033000.WAV,Telephone Field,recover-20220825,002,1795
1711.7445,1711.7597,16875,22897,Nyctalus noctula,0.013,0.024,-1,Echolocation,/mnt/ubna_data_01_mir/recover-20220825/UBNA_002/20220823_033000.WAV,Telephone Field,recover-20220825,002,1795
1711.7635,1711.7687,38359,53433,Pipistrellus nathusii,0.11,0.341,-1,Echolocation,/mnt/ubna_data_01_mir/recover-20220825/UBNA_002/20220823_033000.WAV,Telephone Field,recover-20220825,002,1795
1711.8055,1711.8132,41796,54912,Pipistrellus nathusii,0.213,0.323,-1,Echolocation,/mnt/ubna_data_01_mir/recover-20220825/UBNA_002/20220823_033000.WAV,Telephone Field,recover-20220825,002,1795
1711.8145,1711.8199,28906,58702,Myotis daubentonii,0.032,0.053,-1,Echolocation,/mnt/ubna_data_01_mir/recover-20220825/UBNA_002/20220823_033000.WAV,Telephone Field,recover-20220825,002,1795
1711.8465,1711.8522,40078,52344,Pipistrellus nathusii,0.08,0.213,-1,Echolocation,/mnt/ubna_data_01_mir/recover-20220825/UBNA_002/20220823_033000.WAV,Telephone Field,recover-20220825,002,1795
1711.8645,1711.8694,34062,56343,Myotis brandtii,0.025,0.06,-1,Echolocation,/mnt/ubna_data_01_mir/recover-20220825/UBNA_002/20220823_033000.WAV,Telephone Field,recover-20220825,002,1795
1711.8845,1711.8903,31484,60648,Myotis brandtii,0.019,0.044,-1,Echolocation,/mnt/ubna_data_01_mir/recover-20220825/UBNA_002/20220823_033000.WAV,Telephone Field,recover-20220825,002,1795
1711.8855,1711.8937,42656,49689,Pipistrellus nathusii,0.189,0.208,-1,Echolocation,/mnt/ubna_data_01_mir/recover-20220825/UBNA_002/20220823_033000.WAV,Telephone Field,recover-20220825,002,1795
1711.8945,1711.9019,32343,41863,Myotis daubentonii,0.011,0.026,-1,Echolocation,/mnt/ubna_data_01_mir/recover-20220825/UBNA_002/20220823_033000.WAV,Telephone Field,recover-20220825,002,1795
1711.8955,1711.904,36640,43928,Pipistrellus nathusii,0.007,0.025,-1,Echolocation,/mnt/ubna_data_01_mir/recover-20220825/UBNA_002/20220823_033000.WAV,Telephone Field,recover-20220825,002,1795
1711.9075,1711.9138,40937,53228,Pipistrellus nathusii,0.043,0.105,-1,Echolocation,/mnt/ubna_data_01_mir/recover-20220825/UBNA_002/20220823_033000.WAV,Telephone Field,recover-20220825,002,1795
1711.9225,1711.9293,41796,50012,Pipistrellus nathusii,0.02,0.036,-1,Echolocation,/mnt/ubna_data_01_mir/recover-20220825/UBNA_002/20220823_033000.WAV,Telephone Field,recover-20220825,002,1795
1711.9225,1711.9281,29765,56094,Myotis daubentonii,0.033,0.05,-1,Echolocation,/mnt/ubna_data_01_mir/recover-20220825/UBNA_002/20220823_033000.WAV,Telephone Field,recover-20220825,002,1795
1711.9645,1711.9711,41796,55277,Pipistrellus nathusii,0.372,0.505,-1,Echolocation,/mnt/ubna_data_01_mir/recover-20220825/UBNA_002/20220823_033000.WAV,Telephone Field,recover-20220825,002,1795
1711.9655,1711.9711,30625,65847,Myotis brandtii,0.03,0.059,-1,Echolocation,/mnt/ubna_data_01_mir/recover-20220825/UBNA_002/20220823_033000.WAV,Telephone Field,recover-20220825,002,1795
1711.9805,1711.9883,28046,36064,Eptesicus serotinus,0.015,0.042,-1,Echolocation,/mnt/ubna_data_01_mir/recover-20220825/UBNA_002/20220823_033000.WAV,Telephone Field,recover-20220825,002,1795
1711.9875,1711.9947,38359,48764,Pipistrellus nathusii,0.014,0.032,-1,Echolocation,/mnt/ubna_data_01_mir/recover-20220825/UBNA_002/20220823_033000.WAV,Telephone Field,recover-20220825,002,1795
1711.9885,1711.9941,26328,41806,Plecotus auritus,0.016,0.056,-1,Echolocation,/mnt/ubna_data_01_mir/recover-20220825/UBNA_002/20220823_033000.WAV,Telephone Field,recover-20220825,002,1795
1712.0015,1712.0097,25468,36800,Myotis nattereri,0.005,0.025,-1,Echolocation,/mnt/ubna_data_01_mir/recover-20220825/UBNA_002/20220823_033000.WAV,Telephone Field,recover-20220825,002,1795
1712.0015,1712.0317,68437,80639,Rhinolophus ferrumequinum,0.039,0.039,-1,Echolocation,/mnt/ubna_data_01_mir/recover-20220825/UBNA_002/20220823_033000.WAV,Telephone Field,recover-20220825,002,1795
1712.0215,1712.0309,43515,53566,Pipistrellus nathusii,0.011,0.03,-1,Echolocation,/mnt/ubna_data_01_mir/recover-20220825/UBNA_002/20220823_033000.WAV,Telephone Field,recover-20220825,002,1795
1712.0485,1712.0569,42656,51180,Pipistrellus nathusii,0.489,0.577,-1,Echolocation,/mnt/ubna_data_01_mir/recover-20220825/UBNA_002/20220823_033000.WAV,Telephone Field,recover-20220825,002,1795
1712.0495,1712.0551,30625,64809,Myotis brandtii,0.025,0.047,-1,Echolocation,/mnt/ubna_data_01_mir/recover-20220825/UBNA_002/20220823_033000.WAV,Telephone Field,recover-20220825,002,1795
1712.0725,1712.0792,47812,56998,Pipistrellus pipistrellus,0.024,0.028,-1,Echolocation,/mnt/ubna_data_01_mir/recover-20220825/UBNA_002/20220823_033000.WAV,Telephone Field,recover-20220825,002,1795
1712.0985,1712.1091,42656,50880,Pipistrellus nathusii,0.016,0.03,-1,Echolocation,/mnt/ubna_data_01_mir/recover-20220825/UBNA_002/20220823_033000.WAV,Telephone Field,recover-20220825,002,1795
1712.1015,1712.1094,29765,46951,Myotis daubentonii,0.009,0.026,-1,Echolocation,/mnt/ubna_data_01_mir/recover-20220825/UBNA_002/20220823_033000.WAV,Telephone Field,recover-20220825,002,1795
1712.1065,1712.1122,34921,51498,Myotis brandtii,0.011,0.023,-1,Echolocation,/mnt/ubna_data_01_mir/recover-20220825/UBNA_002/20220823_033000.WAV,Telephone Field,recover-20220825,002,1795
1712.1145,1712.1229,27187,35927,Eptesicus serotinus,0.009,0.024,-1,Echolocation,/mnt/ubna_data_01_mir/recover-20220825/UBNA_002/20220823_033000.WAV,Telephone Field,recover-20220825,002,1795
1712.1205,1712.131,27187,33244,Eptesicus serotinus,0.009,0.025,-1,Echolocation,/mnt/ubna_data_01_mir/recover-20220825/UBNA_002/20220823_033000.WAV,Telephone Field,recover-20220825,002,1795
1712.1225,1712.1306,43515,56161,Pipistrellus nathusii,0.008,0.028,-1,Echolocation,/mnt/ubna_data_01_mir/recover-20220825/UBNA_002/20220823_033000.WAV,Telephone Field,recover-20220825,002,1795
1712.1335,1712.1406,40078,52043,Pipistrellus nathusii,0.058,0.121,-1,Echolocation,/mnt/ubna_data_01_mir/recover-20220825/UBNA_002/20220823_033000.WAV,Telephone Field,recover-20220825,002,1795
1712.1415,1712.1515,50390,54883,Pipistrellus pygmaeus,0.026,0.056,-1,Echolocation,/mnt/ubna_data_01_mir/recover-20220825/UBNA_002/20220823_033000.WAV,Telephone Field,recover-20220825,002,1795
1712.1445,1712.1506,38359,62261,Myotis brandtii,0.216,0.457,-1,Echolocation,/mnt/ubna_data_01_mir/recover-20220825/UBNA_002/20220823_033000.WAV,Telephone Field,recover-20220825,002,1795
1712.1545,1712.1601,32343,52266,Myotis brandtii,0.01,0.025,-1,Echolocation,/mnt/ubna_data_01_mir/recover-20220825/UBNA_002/20220823_033000.WAV,Telephone Field,recover-20220825,002,1795
1712.1775,1712.1862,26328,35248,Eptesicus serotinus,0.008,0.023,-1,Echolocation,/mnt/ubna_data_01_mir/recover-20220825/UBNA_002/20220823_033000.WAV,Telephone Field,recover-20220825,002,1795
1712.2155,1712.2206,28046,78127,Myotis bechsteinii,0.046,0.104,-1,Echolocation,/mnt/ubna_data_01_mir/recover-20220825/UBNA_002/20220823_033000.WAV,Telephone Field,recover-20220825,002,1795
1712.2165,1712.2216,37500,54796,Pipistrellus nathusii,0.227,0.513,-1,Echolocation,/mnt/ubna_data_01_mir/recover-20220825/UBNA_002/20220823_033000.WAV,Telephone Field,recover-20220825,002,1795
1712.2255,1712.2311,29765,45981,Myotis daubentonii,0.013,0.024,-1,Echolocation,/mnt/ubna_data_01_mir/recover-20220825/UBNA_002/20220823_033000.WAV,Telephone Field,recover-20220825,002,1795
1712.2285,1712.264,68437,81719,Rhinolophus ferrumequinum,0.024,0.024,-1,Echolocation,/mnt/ubna_data_01_mir/recover-20220825/UBNA_002/20220823_033000.WAV,Telephone Field,recover-20220825,002,1795
1712.2535,1712.2623,27187,39676,Eptesicus serotinus,0.011,0.028,-1,Echolocation,/mnt/ubna_data_01_mir/recover-20220825/UBNA_002/20220823_033000.WAV,Telephone Field,recover-20220825,002,1795
1712.2895,1712.2979,49531,59007,Pipistrellus pipistrellus,0.016,0.03,-1,Echolocation,/mnt/ubna_data_01_mir/recover-20220825/UBNA_002/20220823_033000.WAV,Telephone Field,recover-20220825,002,1795
1712.2945,1712.3009,39218,63914,Pipistrellus nathusii,0.335,0.54,-1,Echolocation,/mnt/ubna_data_01_mir/recover-20220825/UBNA_002/20220823_033000.WAV,Telephone Field,recover-20220825,002,1795
1712.3055,1712.3116,48671,57643,Pipistrellus pipistrellus,0.013,0.025,-1,Echolocation,/mnt/ubna_data_01_mir/recover-20220825/UBNA_002/20220823_033000.WAV,Telephone Field,recover-20220825,002,1795
1712.3065,1712.3114,36640,74495,Myotis brandtii,0.092,0.117,-1,Echolocation,/mnt/ubna_data_01_mir/recover-20220825/UBNA_002/20220823_033000.WAV,Telephone Field,recover-20220825,002,1795
1712.3405,1712.3466,27187,36812,Eptesicus serotinus,0.005,0.025,-1,Echolocation,/mnt/ubna_data_01_mir/recover-20220825/UBNA_002/20220823_033000.WAV,Telephone Field,recover-20220825,002,1795
1712.3515,1712.3589,45234,54827,Pipistrellus pipistrellus,0.014,0.023,-1,Echolocation,/mnt/ubna_data_01_mir/recover-20220825/UBNA_002/20220823_033000.WAV,Telephone Field,recover-20220825,002,1795
1712.3925,1712.4001,37500,56750,Pipistrellus nathusii,0.419,0.535,-1,Echolocation,/mnt/ubna_data_01_mir/recover-20220825/UBNA_002/20220823_033000.WAV,Telephone Field,recover-20220825,002,1795
1712.3935,1712.402,48671,56983,Pipistrellus pipistrellus,0.016,0.026,-1,Echolocation,/mnt/ubna_data_01_mir/recover-20220825/UBNA_002/20220823_033000.WAV,Telephone Field,recover-20220825,002,1795
1712.4035,1712.4086,34921,70973,Myotis brandtii,0.152,0.202,-1,Echolocation,/mnt/ubna_data_01_mir/recover-20220825/UBNA_002/20220823_033000.WAV,Telephone Field,recover-20220825,002,1795
1712.4395,1712.4459,49531,55292,Pipistrellus pipistrellus,0.022,0.025,-1,Echolocation,/mnt/ubna_data_01_mir/recover-20220825/UBNA_002/20220823_033000.WAV,Telephone Field,recover-20220825,002,1795
1712.4505,1712.4562,34062,58648,Myotis brandtii,0.015,0.033,-1,Echolocation,/mnt/ubna_data_01_mir/recover-20220825/UBNA_002/20220823_033000.WAV,Telephone Field,recover-20220825,002,1795
1712.4575,1712.4719,15156,20146,Nyctalus noctula,0.015,0.024,-1,Echolocation,/mnt/ubna_data_01_mir/recover-20220825/UBNA_002/20220823_033000.WAV,Telephone Field,recover-20220825,002,1795
1712.4785,1712.4856,28046,38269,Eptesicus serotinus,0.008,0.027,-1,Echolocation,/mnt/ubna_data_01_mir/recover-20220825/UBNA_002/20220823_033000.WAV,Telephone Field,recover-20220825,002,1795
1712.4965,1712.5026,34062,61694,Pipistrellus nathusii,0.296,0.477,-1,Echolocation,/mnt/ubna_data_01_mir/recover-20220825/UBNA_002/20220823_033000.WAV,Telephone Field,recover-20220825,002,1795
1712.5065,1712.5125,33203,52255,Myotis brandtii,0.014,0.033,-1,Echolocation,/mnt/ubna_data_01_mir/recover-20220825/UBNA_002/20220823_033000.WAV,Telephone Field,recover-20220825,002,1795
1712.5415,1712.5479,46093,54843,Pipistrellus pipistrellus,0.029,0.038,-1,Echolocation,/mnt/ubna_data_01_mir/recover-20220825/UBNA_002/20220823_033000.WAV,Telephone Field,recover-20220825,002,1795
1712.5495,1712.5549,35781,60685,Myotis brandtii,0.225,0.423,-1,Echolocation,/mnt/ubna_data_01_mir/recover-20220825/UBNA_002/20220823_033000.WAV,Telephone Field,recover-20220825,002,1795
1712.5585,1712.5644,31484,44809,Myotis daubentonii,0.012,0.024,-1,Echolocation,/mnt/ubna_data_01_mir/recover-20220825/UBNA_002/20220823_033000.WAV,Telephone Field,recover-20220825,002,1795
1712.5835,1712.5961,54687,62204,Pipistrellus pygmaeus,0.022,0.023,-1,Echolocation,/mnt/ubna_data_01_mir/recover-20220825/UBNA_002/20220823_033000.WAV,Telephone Field,recover-20220825,002,1795
1712.5935,1712.5993,38359,61486,Pipistrellus nathusii,0.177,0.408,-1,Echolocation,/mnt/ubna_data_01_mir/recover-20220825/UBNA_002/20220823_033000.WAV,Telephone Field,recover-20220825,002,1795
1712.6155,1712.6209,34921,59770,Myotis brandtii,0.012,0.025,-1,Echolocation,/mnt/ubna_data_01_mir/recover-20220825/UBNA_002/20220823_033000.WAV,Telephone Field,recover-20220825,002,1795
1712.6155,1712.6273,24609,31024,Eptesicus serotinus,0.008,0.023,-1,Echolocation,/mnt/ubna_data_01_mir/recover-20220825/UBNA_002/20220823_033000.WAV,Telephone Field,recover-20220825,002,1795
1712.6175,1712.6239,49531,59442,Pipistrellus pipistrellus,0.028,0.034,-1,Echolocation,/mnt/ubna_data_01_mir/recover-20220825/UBNA_002/20220823_033000.WAV,Telephone Field,recover-20220825,002,1795
1712.6435,1712.6489,35781,53737,Myotis brandtii,0.149,0.431,-1,Echolocation,/mnt/ubna_data_01_mir/recover-20220825/UBNA_002/20220823_033000.WAV,Telephone Field,recover-20220825,002,1795
1712.6435,1712.6494,27187,78493,Myotis bechsteinii,0.079,0.132,-1,Echolocation,/mnt/ubna_data_01_mir/recover-20220825/UBNA_002/20220823_033000.WAV,Telephone Field,recover-20220825,002,1795
1712.6525,1712.66,27187,36026,Eptesicus serotinus,0.007,0.026,-1,Echolocation,/mnt/ubna_data_01_mir/recover-20220825/UBNA_002/20220823_033000.WAV,Telephone Field,recover-20220825,002,1795
1712.6755,1712.6837,46093,49993,Pipistrellus pipistrellus,0.021,0.035,-1,Echolocation,/mnt/ubna_data_01_mir/recover-20220825/UBNA_002/20220823_033000.WAV,Telephone Field,recover-20220825,002,1795
1712.6755,1712.6807,34921,52192,Pipistrellus nathusii,0.146,0.429,-1,Echolocation,/mnt/ubna_data_01_mir/recover-20220825/UBNA_002/20220823_033000.WAV,Telephone Field,recover-20220825,002,1795
1712.6925,1712.7009,46953,53197,Pipistrellus pipistrellus,0.029,0.044,-1,Echolocation,/mnt/ubna_data_01_mir/recover-20220825/UBNA_002/20220823_033000.WAV,Telephone Field,recover-20220825,002,1795
1712.6955,1712.7005,38359,56502,Myotis brandtii,0.075,0.19,-1,Echolocation,/mnt/ubna_data_01_mir/recover-20220825/UBNA_002/20220823_033000.WAV,Telephone Field,recover-20220825,002,1795
1712.7075,1712.7142,41796,54917,Pipistrellus nathusii,0.017,0.042,-1,Echolocation,/mnt/ubna_data_01_mir/recover-20220825/UBNA_002/20220823_033000.WAV,Telephone Field,recover-20220825,002,1795
1712.7475,1712.7525,36640,55525,Myotis brandtii,0.123,0.336,-1,Echolocation,/mnt/ubna_data_01_mir/recover-20220825/UBNA_002/20220823_033000.WAV,Telephone Field,recover-20220825,002,1795
1712.7925,1712.7973,38359,57154,Myotis brandtii,0.116,0.314,-1,Echolocation,/mnt/ubna_data_01_mir/recover-20220825/UBNA_002/20220823_033000.WAV,Telephone Field,recover-20220825,002,1795
1712.8045,1712.8124,41796,52156,Pipistrellus nathusii,0.012,0.029,-1,Echolocation,/mnt/ubna_data_01_mir/recover-20220825/UBNA_002/20220823_033000.WAV,Telephone Field,recover-20220825,002,1795
1712.8285,1712.8346,27187,40477,Plecotus auritus,0.005,0.027,-1,Echolocation,/mnt/ubna_data_01_mir/recover-20220825/UBNA_002/20220823_033000.WAV,Telephone Field,recover-20220825,002,1795
1712.8395,1712.8461,38359,50764,Pipistrellus nathusii,0.37,0.539,-1,Echolocation,/mnt/ubna_data_01_mir/recover-20220825/UBNA_002/20220823_033000.WAV,Telephone Field,recover-20220825,002,1795
1712.8535,1712.8585,31484,74258,Myotis brandtii,0.046,0.075,-1,Echolocation,/mnt/ubna_data_01_mir/recover-20220825/UBNA_002/20220823_033000.WAV,Telephone Field,recover-20220825,002,1795
1712.8965,1712.9042,40937,50222,Pipistrellus nathusii,0.241,0.369,-1,Echolocation,/mnt/ubna_data_01_mir/recover-20220825/UBNA_002/20220823_033000.WAV,Telephone Field,recover-20220825,002,1795
1712.9065,1712.9136,43515,51884,Myotis brandtii,0.011,0.034,-1,Echolocation,/mnt/ubna_data_01_mir/recover-20220825/UBNA_002/20220823_033000.WAV,Telephone Field,recover-20220825,002,1795
1712.9275,1712.9348,49531,59346,Pipistrellus pipistrellus,0.021,0.028,-1,Echolocation,/mnt/ubna_data_01_mir/recover-20220825/UBNA_002/20220823_033000.WAV,Telephone Field,recover-20220825,002,1795
1712.9275,1712.9358,27187,36566,Eptesicus serotinus,0.008,0.024,-1,Echolocation,/mnt/ubna_data_01_mir/recover-20220825/UBNA_002/20220823_033000.WAV,Telephone Field,recover-20220825,002,1795
1712.9525,1712.9599,48671,52895,Pipistrellus pipistrellus,0.017,0.028,-1,Echolocation,/mnt/ubna_data_01_mir/recover-20220825/UBNA_002/20220823_033000.WAV,Telephone Field,recover-20220825,002,1795
1712.9525,1712.9575,28046,81586,Myotis bechsteinii,0.055,0.126,-1,Echolocation,/mnt/ubna_data_01_mir/recover-20220825/UBNA_002/20220823_033000.WAV,Telephone Field,recover-20220825,002,1795
1712.9535,1712.9582,38359,55462,Myotis daubentonii,0.161,0.473,-1,Echolocation,/mnt/ubna_data_01_mir/recover-20220825/UBNA_002/20220823_033000.WAV,Telephone Field,recover-20220825,002,1795
1712.9805,1712.9865,36640,62612,Myotis brandtii,0.202,0.446,-1,Echolocation,/mnt/ubna_data_01_mir/recover-20220825/UBNA_002/20220823_033000.WAV,Telephone Field,recover-20220825,002,1795
1712.9815,1712.9866,28046,80870,Myotis bechsteinii,0.075,0.133,-1,Echolocation,/mnt/ubna_data_01_mir/recover-20220825/UBNA_002/20220823_033000.WAV,Telephone Field,recover-20220825,002,1795
1712.9905,1712.9969,30625,47678,Myotis daubentonii,0.013,0.024,-1,Echolocation,/mnt/ubna_data_01_mir/recover-20220825/UBNA_002/20220823_033000.WAV,Telephone Field,recover-20220825,002,1795
1713.0125,1713.0182,36640,72181,Myotis brandtii,0.228,0.344,-1,Echolocation,/mnt/ubna_data_01_mir/recover-20220825/UBNA_002/20220823_033000.WAV,Telephone Field,recover-20220825,002,1795
1713.0135,1713.019,27187,90381,Myotis bechsteinii,0.087,0.14,-1,Echolocation,/mnt/ubna_data_01_mir/recover-20220825/UBNA_002/20220823_033000.WAV,Telephone Field,recover-20220825,002,1795
1713.0145,1713.0211,47812,53511,Pipistrellus pipistrellus,0.021,0.036,-1,Echolocation,/mnt/ubna_data_01_mir/recover-20220825/UBNA_002/20220823_033000.WAV,Telephone Field,recover-20220825,002,1795
1713.0215,1713.0299,26328,33084,Nyctalus leisleri,0.007,0.023,-1,Echolocation,/mnt/ubna_data_01_mir/recover-20220825/UBNA_002/20220823_033000.WAV,Telephone Field,recover-20220825,002,1795
1713.0665,1713.072,28046,81715,Myotis bechsteinii,0.084,0.144,-1,Echolocation,/mnt/ubna_data_01_mir/recover-20220825/UBNA_002/20220823_033000.WAV,Telephone Field,recover-20220825,002,1795
1713.0665,1713.0724,36640,63474,Myotis brandtii,0.179,0.44,-1,Echolocation,/mnt/ubna_data_01_mir/recover-20220825/UBNA_002/20220823_033000.WAV,Telephone Field,recover-20220825,002,1795
1713.0755,1713.0813,34062,52028,Myotis brandtii,0.01,0.024,-1,Echolocation,/mnt/ubna_data_01_mir/recover-20220825/UBNA_002/20220823_033000.WAV,Telephone Field,recover-20220825,002,1795
1713.0765,1713.0824,27187,40220,Myotis daubentonii,0.006,0.025,-1,Echolocation,/mnt/ubna_data_01_mir/recover-20220825/UBNA_002/20220823_033000.WAV,Telephone Field,recover-20220825,002,1795
1713.0915,1713.0972,34921,45562,Myotis daubentonii,0.013,0.028,-1,Echolocation,/mnt/ubna_data_01_mir/recover-20220825/UBNA_002/20220823_033000.WAV,Telephone Field,recover-20220825,002,1795
1713.1025,1713.1078,38359,70424,Myotis brandtii,0.227,0.335,-1,Echolocation,/mnt/ubna_data_01_mir/recover-20220825/UBNA_002/20220823_033000.WAV,Telephone Field,recover-20220825,002,1795
1713.1525,1713.1604,49531,54310,Pipistrellus pipistrellus,0.02,0.038,-1,Echolocation,/mnt/ubna_data_01_mir/recover-20220825/UBNA_002/20220823_033000.WAV,Telephone Field,recover-20220825,002,1795
1713.1545,1713.1603,38359,63691,Pipistrellus nathusii,0.263,0.51,-1,Echolocation,/mnt/ubna_data_01_mir/recover-20220825/UBNA_002/20220823_033000.WAV,Telephone Field,recover-20220825,002,1795
1713.1845,1713.1903,36640,79112,Myotis brandtii,0.218,0.338,-1,Echolocation,/mnt/ubna_data_01_mir/recover-20220825/UBNA_002/20220823_033000.WAV,Telephone Field,recover-20220825,002,1795
1713.1935,1713.2009,28046,36015,Eptesicus serotinus,0.008,0.029,-1,Echolocation,/mnt/ubna_data_01_mir/recover-20220825/UBNA_002/20220823_033000.WAV,Telephone Field,recover-20220825,002,1795
1713.2205,1713.2264,50390,59612,Pipistrellus pipistrellus,0.017,0.023,-1,Echolocation,/mnt/ubna_data_01_mir/recover-20220825/UBNA_002/20220823_033000.WAV,Telephone Field,recover-20220825,002,1795
1713.2315,1713.2378,40937,59187,Pipistrellus nathusii,0.324,0.515,-1,Echolocation,/mnt/ubna_data_01_mir/recover-20220825/UBNA_002/20220823_033000.WAV,Telephone Field,recover-20220825,002,1795
1713.2605,1713.266,27187,89914,Myotis bechsteinii,0.098,0.169,-1,Echolocation,/mnt/ubna_data_01_mir/recover-20220825/UBNA_002/20220823_033000.WAV,Telephone Field,recover-20220825,002,1795
1713.2605,1713.2661,36640,75044,Myotis brandtii,0.258,0.397,-1,Echolocation,/mnt/ubna_data_01_mir/recover-20220825/UBNA_002/20220823_033000.WAV,Telephone Field,recover-20220825,002,1795
1713.2615,1713.2703,55546,62631,Pipistrellus pygmaeus,0.033,0.034,-1,Echolocation,/mnt/ubna_data_01_mir/recover-20220825/UBNA_002/20220823_033000.WAV,Telephone Field,recover-20220825,002,1795
1713.2695,1713.2779,28046,36101,Eptesicus serotinus,0.008,0.027,-1,Echolocation,/mnt/ubna_data_01_mir/recover-20220825/UBNA_002/20220823_033000.WAV,Telephone Field,recover-20220825,002,1795
1713.2745,1713.2832,28046,35122,Eptesicus serotinus,0.008,0.027,-1,Echolocation,/mnt/ubna_data_01_mir/recover-20220825/UBNA_002/20220823_033000.WAV,Telephone Field,recover-20220825,002,1795
1713.3045,1713.3106,40937,57822,Pipistrellus nathusii,0.173,0.441,-1,Echolocation,/mnt/ubna_data_01_mir/recover-20220825/UBNA_002/20220823_033000.WAV,Telephone Field,recover-20220825,002,1795
1713.3065,1713.3147,52109,57262,Pipistrellus pygmaeus,0.019,0.023,-1,Echolocation,/mnt/ubna_data_01_mir/recover-20220825/UBNA_002/20220823_033000.WAV,Telephone Field,recover-20220825,002,1795
1713.3455,1713.3532,47812,57060,Pipistrellus pipistrellus,0.016,0.034,-1,Echolocation,/mnt/ubna_data_01_mir/recover-20220825/UBNA_002/20220823_033000.WAV,Telephone Field,recover-20220825,002,1795
1713.3475,1713.3536,37500,72019,Myotis brandtii,0.211,0.366,-1,Echolocation,/mnt/ubna_data_01_mir/recover-20220825/UBNA_002/20220823_033000.WAV,Telephone Field,recover-20220825,002,1795
1713.3675,1713.3729,32343,71784,Myotis brandtii,0.03,0.052,-1,Echolocation,/mnt/ubna_data_01_mir/recover-20220825/UBNA_002/20220823_033000.WAV,Telephone Field,recover-20220825,002,1795
1713.3685,1713.3744,42656,52730,Pipistrellus nathusii,0.032,0.091,-1,Echolocation,/mnt/ubna_data_01_mir/recover-20220825/UBNA_002/20220823_033000.WAV,Telephone Field,recover-20220825,002,1795
1713.3995,1713.4075,28046,36600,Eptesicus serotinus,0.008,0.024,-1,Echolocation,/mnt/ubna_data_01_mir/recover-20220825/UBNA_002/20220823_033000.WAV,Telephone Field,recover-20220825,002,1795
1713.4065,1713.4177,53828,60114,Pipistrellus pygmaeus,0.035,0.036,-1,Echolocation,/mnt/ubna_data_01_mir/recover-20220825/UBNA_002/20220823_033000.WAV,Telephone Field,recover-20220825,002,1795
1713.4105,1713.417,35781,51290,Myotis brandtii,0.011,0.026,-1,Echolocation,/mnt/ubna_data_01_mir/recover-20220825/UBNA_002/20220823_033000.WAV,Telephone Field,recover-20220825,002,1795
1713.4225,1713.4371,56406,64380,Pipistrellus pygmaeus,0.025,0.026,-1,Echolocation,/mnt/ubna_data_01_mir/recover-20220825/UBNA_002/20220823_033000.WAV,Telephone Field,recover-20220825,002,1795
1713.4295,1713.435,34921,72940,Myotis brandtii,0.247,0.344,-1,Echolocation,/mnt/ubna_data_01_mir/recover-20220825/UBNA_002/20220823_033000.WAV,Telephone Field,recover-20220825,002,1795
1713.4755,1713.4833,27187,36181,Eptesicus serotinus,0.008,0.024,-1,Echolocation,/mnt/ubna_data_01_mir/recover-20220825/UBNA_002/20220823_033000.WAV,Telephone Field,recover-20220825,002,1795
1713.4875,1713.495,28046,40699,Eptesicus serotinus,0.009,0.027,-1,Echolocation,/mnt/ubna_data_01_mir/recover-20220825/UBNA_002/20220823_033000.WAV,Telephone Field,recover-20220825,002,1795
1713.5205,1713.5272,47812,58471,Pipistrellus pipistrellus,0.017,0.041,-1,Echolocation,/mnt/ubna_data_01_mir/recover-20220825/UBNA_002/20220823_033000.WAV,Telephone Field,recover-20220825,002,1795
1713.5225,1713.5283,39218,69173,Myotis brandtii,0.176,0.386,-1,Echolocation,/mnt/ubna_data_01_mir/recover-20220825/UBNA_002/20220823_033000.WAV,Telephone Field,recover-20220825,002,1795
1713.5575,1713.5638,27187,41569,Plecotus auritus,0.007,0.026,-1,Echolocation,/mnt/ubna_data_01_mir/recover-20220825/UBNA_002/20220823_033000.WAV,Telephone Field,recover-20220825,002,1795
1713.5625,1713.5689,24609,34180,Plecotus auritus,0.01,0.027,-1,Echolocation,/mnt/ubna_data_01_mir/recover-20220825/UBNA_002/20220823_033000.WAV,Telephone Field,recover-20220825,002,1795
1713.5855,1713.5913,34921,55782,Myotis brandtii,0.016,0.031,-1,Echolocation,/mnt/ubna_data_01_mir/recover-20220825/UBNA_002/20220823_033000.WAV,Telephone Field,recover-20220825,002,1795
1713.6135,1713.6191,39218,65317,Myotis brandtii,0.204,0.359,-1,Echolocation,/mnt/ubna_data_01_mir/recover-20220825/UBNA_002/20220823_033000.WAV,Telephone Field,recover-20220825,002,1795
1713.6465,1713.6555,49531,54214,Pipistrellus pipistrellus,0.029,0.035,-1,Echolocation,/mnt/ubna_data_01_mir/recover-20220825/UBNA_002/20220823_033000.WAV,Telephone Field,recover-20220825,002,1795
1713.6565,1713.664,28046,37774,Eptesicus serotinus,0.007,0.023,-1,Echolocation,/mnt/ubna_data_01_mir/recover-20220825/UBNA_002/20220823_033000.WAV,Telephone Field,recover-20220825,002,1795
1713.6695,1713.6767,53828,62149,Pipistrellus pygmaeus,0.022,0.024,-1,Echolocation,/mnt/ubna_data_01_mir/recover-20220825/UBNA_002/20220823_033000.WAV,Telephone Field,recover-20220825,002,1795
1713.6695,1713.7082,68437,81973,Rhinolophus ferrumequinum,0.025,0.026,-1,Echolocation,/mnt/ubna_data_01_mir/recover-20220825/UBNA_002/20220823_033000.WAV,Telephone Field,recover-20220825,002,1795
1713.6935,1713.7299,68437,81793,Rhinolophus ferrumequinum,0.025,0.025,-1,Echolocation,/mnt/ubna_data_01_mir/recover-20220825/UBNA_002/20220823_033000.WAV,Telephone Field,recover-20220825,002,1795
1713.6935,1713.6987,31484,41531,Barbastellus barbastellus,0.015,0.033,-1,Echolocation,/mnt/ubna_data_01_mir/recover-20220825/UBNA_002/20220823_033000.WAV,Telephone Field,recover-20220825,002,1795
1713.7035,1713.7089,29765,69702,Myotis brandtii,0.022,0.039,-1,Echolocation,/mnt/ubna_data_01_mir/recover-20220825/UBNA_002/20220823_033000.WAV,Telephone Field,recover-20220825,002,1795
1713.7055,1713.7103,42656,57048,Pipistrellus nathusii,0.494,0.515,-1,Echolocation,/mnt/ubna_data_01_mir/recover-20220825/UBNA_002/20220823_033000.WAV,Telephone Field,recover-20220825,002,1795
1713.7325,1713.738,40078,66334,Myotis brandtii,0.166,0.422,-1,Echolocation,/mnt/ubna_data_01_mir/recover-20220825/UBNA_002/20220823_033000.WAV,Telephone Field,recover-20220825,002,1795
1713.7335,1713.739,28906,87130,Myotis bechsteinii,0.057,0.125,-1,Echolocation,/mnt/ubna_data_01_mir/recover-20220825/UBNA_002/20220823_033000.WAV,Telephone Field,recover-20220825,002,1795
1713.7345,1713.746,57265,64578,Pipistrellus pygmaeus,0.024,0.025,-1,Echolocation,/mnt/ubna_data_01_mir/recover-20220825/UBNA_002/20220823_033000.WAV,Telephone Field,recover-20220825,002,1795
1713.7635,1713.7712,27187,35443,Eptesicus serotinus,0.008,0.024,-1,Echolocation,/mnt/ubna_data_01_mir/recover-20220825/UBNA_002/20220823_033000.WAV,Telephone Field,recover-20220825,002,1795
1713.7725,1713.7802,49531,58390,Pipistrellus pipistrellus,0.011,0.026,-1,Echolocation,/mnt/ubna_data_01_mir/recover-20220825/UBNA_002/20220823_033000.WAV,Telephone Field,recover-20220825,002,1795
1713.7765,1713.7824,39218,63842,Myotis brandtii,0.196,0.536,-1,Echolocation,/mnt/ubna_data_01_mir/recover-20220825/UBNA_002/20220823_033000.WAV,Telephone Field,recover-20220825,002,1795
1713.7775,1713.7828,28906,84115,Myotis bechsteinii,0.041,0.092,-1,Echolocation,/mnt/ubna_data_01_mir/recover-20220825/UBNA_002/20220823_033000.WAV,Telephone Field,recover-20220825,002,1795
1713.7785,1713.7851,49531,55044,Pipistrellus pipistrellus,0.014,0.026,-1,Echolocation,/mnt/ubna_data_01_mir/recover-20220825/UBNA_002/20220823_033000.WAV,Telephone Field,recover-20220825,002,1795
1713.8165,1713.8225,38359,70510,Myotis brandtii,0.253,0.438,-1,Echolocation,/mnt/ubna_data_01_mir/recover-20220825/UBNA_002/20220823_033000.WAV,Telephone Field,recover-20220825,002,1795
1713.8185,1713.8267,48671,57167,Pipistrellus pipistrellus,0.019,0.033,-1,Echolocation,/mnt/ubna_data_01_mir/recover-20220825/UBNA_002/20220823_033000.WAV,Telephone Field,recover-20220825,002,1795
1713.8595,1713.8652,40937,61350,Pipistrellus nathusii,0.235,0.438,-1,Echolocation,/mnt/ubna_data_01_mir/recover-20220825/UBNA_002/20220823_033000.WAV,Telephone Field,recover-20220825,002,1795
1713.8605,1713.8656,29765,75471,Myotis brandtii,0.034,0.062,-1,Echolocation,/mnt/ubna_data_01_mir/recover-20220825/UBNA_002/20220823_033000.WAV,Telephone Field,recover-20220825,002,1795
1713.8725,1713.8805,28046,35638,Eptesicus serotinus,0.008,0.026,-1,Echolocation,/mnt/ubna_data_01_mir/recover-20220825/UBNA_002/20220823_033000.WAV,Telephone Field,recover-20220825,002,1795
1713.8895,1713.8951,39218,62500,Pipistrellus nathusii,0.172,0.481,-1,Echolocation,/mnt/ubna_data_01_mir/recover-20220825/UBNA_002/20220823_033000.WAV,Telephone Field,recover-20220825,002,1795
1713.9175,1713.9565,68437,82501,Rhinolophus ferrumequinum,0.023,0.023,-1,Echolocation,/mnt/ubna_data_01_mir/recover-20220825/UBNA_002/20220823_033000.WAV,Telephone Field,recover-20220825,002,1795
1713.9245,1713.9333,27187,39056,Eptesicus serotinus,0.009,0.023,-1,Echolocation,/mnt/ubna_data_01_mir/recover-20220825/UBNA_002/20220823_033000.WAV,Telephone Field,recover-20220825,002,1795
1713.9475,1713.9532,40078,64362,Pipistrellus nathusii,0.223,0.418,-1,Echolocation,/mnt/ubna_data_01_mir/recover-20220825/UBNA_002/20220823_033000.WAV,Telephone Field,recover-20220825,002,1795
1713.9555,1713.9604,35781,71781,Myotis brandtii,0.105,0.143,-1,Echolocation,/mnt/ubna_data_01_mir/recover-20220825/UBNA_002/20220823_033000.WAV,Telephone Field,recover-20220825,002,1795
1713.9825,1713.9883,30625,46862,Myotis daubentonii,0.016,0.038,-1,Echolocation,/mnt/ubna_data_01_mir/recover-20220825/UBNA_002/20220823_033000.WAV,Telephone Field,recover-20220825,002,1795
1713.9905,1713.9992,27187,39269,Eptesicus serotinus,0.014,0.033,-1,Echolocation,/mnt/ubna_data_01_mir/recover-20220825/UBNA_002/20220823_033000.WAV,Telephone Field,recover-20220825,002,1795
1713.9915,1713.9981,34062,55436,Myotis brandtii,0.012,0.024,-1,Echolocation,/mnt/ubna_data_01_mir/recover-20220825/UBNA_002/20220823_033000.WAV,Telephone Field,recover-20220825,002,1795
1714.0015,1714.0271,69296,82277,Rhinolophus ferrumequinum,0.026,0.026,-1,Echolocation,/mnt/ubna_data_01_mir/recover-20220825/UBNA_002/20220823_033000.WAV,Telephone Field,recover-20220825,002,1795
1714.0015,1714.018,17734,23815,Nyctalus noctula,0.017,0.033,-1,Echolocation,/mnt/ubna_data_01_mir/recover-20220825/UBNA_002/20220823_033000.WAV,Telephone Field,recover-20220825,002,1795
1714.0015,1714.0142,47812,53669,Pipistrellus pipistrellus,0.032,0.047,-1,Echolocation,/mnt/ubna_data_01_mir/recover-20220825/UBNA_002/20220823_033000.WAV,Telephone Field,recover-20220825,002,1795
1714.0015,1714.0095,25468,37086,Eptesicus serotinus,0.006,0.03,-1,Echolocation,/mnt/ubna_data_01_mir/recover-20220825/UBNA_002/20220823_033000.WAV,Telephone Field,recover-20220825,002,1795
1714.0295,1714.0358,49531,62150,Pipistrellus pipistrellus,0.029,0.045,-1,Echolocation,/mnt/ubna_data_01_mir/recover-20220825/UBNA_002/20220823_033000.WAV,Telephone Field,recover-20220825,002,1795
1714.0305,1714.0382,55546,65803,Pipistrellus pygmaeus,0.032,0.035,-1,Echolocation,/mnt/ubna_data_01_mir/recover-20220825/UBNA_002/20220823_033000.WAV,Telephone Field,recover-20220825,002,1795
1714.0315,1714.038,38359,76069,Myotis brandtii,0.15,0.344,-1,Echolocation,/mnt/ubna_data_01_mir/recover-20220825/UBNA_002/20220823_033000.WAV,Telephone Field,recover-20220825,002,1795
1714.1155,1714.1217,40078,63064,Myotis daubentonii,0.176,0.406,-1,Echolocation,/mnt/ubna_data_01_mir/recover-20220825/UBNA_002/20220823_033000.WAV,Telephone Field,recover-20220825,002,1795
1714.1185,1714.1265,55546,62760,Pipistrellus pygmaeus,0.02,0.025,-1,Echolocation,/mnt/ubna_data_01_mir/recover-20220825/UBNA_002/20220823_033000.WAV,Telephone Field,recover-20220825,002,1795
1714.1265,1714.1362,15156,30605,Plecotus auritus,0.011,0.027,-1,Echolocation,/mnt/ubna_data_01_mir/recover-20220825/UBNA_002/20220823_033000.WAV,Telephone Field,recover-20220825,002,1795
1714.1275,1714.1342,34921,84336,Myotis brandtii,0.2,0.39,-1,Echolocation,/mnt/ubna_data_01_mir/recover-20220825/UBNA_002/20220823_033000.WAV,Telephone Field,recover-20220825,002,1795
1714.1275,1714.1345,53828,64271,Pipistrellus pygmaeus,0.043,0.057,-1,Echolocation,/mnt/ubna_data_01_mir/recover-20220825/UBNA_002/20220823_033000.WAV,Telephone Field,recover-20220825,002,1795
1714.1835,1714.1939,11718,26273,Barbastellus barbastellus,0.012,0.029,-1,Echolocation,/mnt/ubna_data_01_mir/recover-20220825/UBNA_002/20220823_033000.WAV,Telephone Field,recover-20220825,002,1795
1714.1925,1714.1988,50390,57780,Pipistrellus pipistrellus,0.026,0.031,-1,Echolocation,/mnt/ubna_data_01_mir/recover-20220825/UBNA_002/20220823_033000.WAV,Telephone Field,recover-20220825,002,1795
1714.1945,1714.2003,34062,45802,Myotis daubentonii,0.011,0.025,-1,Echolocation,/mnt/ubna_data_01_mir/recover-20220825/UBNA_002/20220823_033000.WAV,Telephone Field,recover-20220825,002,1795
1714.2065,1714.2131,40078,70758,Pipistrellus nathusii,0.229,0.456,-1,Echolocation,/mnt/ubna_data_01_mir/recover-20220825/UBNA_002/20220823_033000.WAV,Telephone Field,recover-20220825,002,1795
1714.2295,1714.2352,38359,65730,Myotis daubentonii,0.197,0.41,-1,Echolocation,/mnt/ubna_data_01_mir/recover-20220825/UBNA_002/20220823_033000.WAV,Telephone Field,recover-20220825,002,1795
1714.2375,1714.2435,35781,48121,Myotis daubentonii,0.014,0.027,-1,Echolocation,/mnt/ubna_data_01_mir/recover-20220825/UBNA_002/20220823_033000.WAV,Telephone Field,recover-20220825,002,1795
1714.2415,1714.2511,28046,35330,Eptesicus serotinus,0.01,0.027,-1,Echolocation,/mnt/ubna_data_01_mir/recover-20220825/UBNA_002/20220823_033000.WAV,Telephone Field,recover-20220825,002,1795
1714.2795,1714.2858,55546,61349,Pipistrellus pygmaeus,0.025,0.026,-1,Echolocation,/mnt/ubna_data_01_mir/recover-20220825/UBNA_002/20220823_033000.WAV,Telephone Field,recover-20220825,002,1795
1714.2935,1714.302,49531,58716,Pipistrellus pipistrellus,0.039,0.062,-1,Echolocation,/mnt/ubna_data_01_mir/recover-20220825/UBNA_002/20220823_033000.WAV,Telephone Field,recover-20220825,002,1795
1714.2965,1714.3028,40078,65979,Myotis daubentonii,0.161,0.452,-1,Echolocation,/mnt/ubna_data_01_mir/recover-20220825/UBNA_002/20220823_033000.WAV,Telephone Field,recover-20220825,002,1795
1714.3255,1714.3317,34062,80295,Myotis bechsteinii,0.035,0.073,-1,Echolocation,/mnt/ubna_data_01_mir/recover-20220825/UBNA_002/20220823_033000.WAV,Telephone Field,recover-20220825,002,1795
1714.3265,1714.3336,40937,71731,Pipistrellus nathusii,0.217,0.413,-1,Echolocation,/mnt/ubna_data_01_mir/recover-20220825/UBNA_002/20220823_033000.WAV,Telephone Field,recover-20220825,002,1795
1714.3285,1714.3363,52968,60560,Pipistrellus pygmaeus,0.023,0.035,-1,Echolocation,/mnt/ubna_data_01_mir/recover-20220825/UBNA_002/20220823_033000.WAV,Telephone Field,recover-20220825,002,1795
1714.3435,1714.3539,28046,35973,Eptesicus serotinus,0.01,0.026,-1,Echolocation,/mnt/ubna_data_01_mir/recover-20220825/UBNA_002/20220823_033000.WAV,Telephone Field,recover-20220825,002,1795
1714.3865,1714.3935,38359,71729,Myotis daubentonii,0.192,0.433,-1,Echolocation,/mnt/ubna_data_01_mir/recover-20220825/UBNA_002/20220823_033000.WAV,Telephone Field,recover-20220825,002,1795
1714.4265,1714.4337,41796,73437,Pipistrellus nathusii,0.131,0.362,-1,Echolocation,/mnt/ubna_data_01_mir/recover-20220825/UBNA_002/20220823_033000.WAV,Telephone Field,recover-20220825,002,1795
1714.4365,1714.4423,37500,54433,Myotis daubentonii,0.014,0.031,-1,Echolocation,/mnt/ubna_data_01_mir/recover-20220825/UBNA_002/20220823_033000.WAV,Telephone Field,recover-20220825,002,1795
1714.4805,1714.4915,52968,61349,Pipistrellus pygmaeus,0.037,0.04,-1,Echolocation,/mnt/ubna_data_01_mir/recover-20220825/UBNA_002/20220823_033000.WAV,Telephone Field,recover-20220825,002,1795
1714.4805,1714.487,40078,66098,Myotis daubentonii,0.164,0.479,-1,Echolocation,/mnt/ubna_data_01_mir/recover-20220825/UBNA_002/20220823_033000.WAV,Telephone Field,recover-20220825,002,1795
1714.4815,1714.4865,28046,87282,Myotis bechsteinii,0.052,0.104,-1,Echolocation,/mnt/ubna_data_01_mir/recover-20220825/UBNA_002/20220823_033000.WAV,Telephone Field,recover-20220825,002,1795
1714.4915,1714.4979,35781,62629,Myotis brandtii,0.013,0.033,-1,Echolocation,/mnt/ubna_data_01_mir/recover-20220825/UBNA_002/20220823_033000.WAV,Telephone Field,recover-20220825,002,1795
1714.5195,1714.5254,29765,89615,Myotis bechsteinii,0.048,0.12,-1,Echolocation,/mnt/ubna_data_01_mir/recover-20220825/UBNA_002/20220823_033000.WAV,Telephone Field,recover-20220825,002,1795
1714.5195,1714.527,38359,82654,Myotis daubentonii,0.154,0.319,-1,Echolocation,/mnt/ubna_data_01_mir/recover-20220825/UBNA_002/20220823_033000.WAV,Telephone Field,recover-20220825,002,1795
1714.5295,1714.5353,36640,54333,Myotis daubentonii,0.014,0.033,-1,Echolocation,/mnt/ubna_data_01_mir/recover-20220825/UBNA_002/20220823_033000.WAV,Telephone Field,recover-20220825,002,1795
1714.5415,1714.577,68437,81964,Rhinolophus ferrumequinum,0.026,0.026,-1,Echolocation,/mnt/ubna_data_01_mir/recover-20220825/UBNA_002/20220823_033000.WAV,Telephone Field,recover-20220825,002,1795
1714.5645,1714.5704,28046,35874,Eptesicus serotinus,0.007,0.026,-1,Echolocation,/mnt/ubna_data_01_mir/recover-20220825/UBNA_002/20220823_033000.WAV,Telephone Field,recover-20220825,002,1795
1714.5735,1714.5799,40937,69075,Pipistrellus nathusii,0.271,0.478,-1,Echolocation,/mnt/ubna_data_01_mir/recover-20220825/UBNA_002/20220823_033000.WAV,Telephone Field,recover-20220825,002,1795
1714.5835,1714.5894,37500,53280,Myotis brandtii,0.011,0.027,-1,Echolocation,/mnt/ubna_data_01_mir/recover-20220825/UBNA_002/20220823_033000.WAV,Telephone Field,recover-20220825,002,1795
1714.6055,1714.6122,34921,77895,Myotis daubentonii,0.291,0.446,-1,Echolocation,/mnt/ubna_data_01_mir/recover-20220825/UBNA_002/20220823_033000.WAV,Telephone Field,recover-20220825,002,1795
1714.6065,1714.6123,53828,59160,Pipistrellus pygmaeus,0.097,0.102,-1,Echolocation,/mnt/ubna_data_01_mir/recover-20220825/UBNA_002/20220823_033000.WAV,Telephone Field,recover-20220825,002,1795
1714.6665,1714.6741,40078,69278,Pipistrellus nathusii,0.221,0.401,-1,Echolocation,/mnt/ubna_data_01_mir/recover-20220825/UBNA_002/20220823_033000.WAV,Telephone Field,recover-20220825,002,1795
1714.6685,1714.6765,53828,59496,Pipistrellus pygmaeus,0.029,0.032,-1,Echolocation,/mnt/ubna_data_01_mir/recover-20220825/UBNA_002/20220823_033000.WAV,Telephone Field,recover-20220825,002,1795
1714.6895,1714.6964,46953,65808,Pipistrellus pygmaeus,0.072,0.158,-1,Echolocation,/mnt/ubna_data_01_mir/recover-20220825/UBNA_002/20220823_033000.WAV,Telephone Field,recover-20220825,002,1795
1714.6905,1714.6974,34921,84981,Myotis brandtii,0.142,0.296,-1,Echolocation,/mnt/ubna_data_01_mir/recover-20220825/UBNA_002/20220823_033000.WAV,Telephone Field,recover-20220825,002,1795
1714.6995,1714.7071,47812,59884,Pipistrellus pygmaeus,0.018,0.036,-1,Echolocation,/mnt/ubna_data_01_mir/recover-20220825/UBNA_002/20220823_033000.WAV,Telephone Field,recover-20220825,002,1795
1714.7615,1714.7673,28906,38063,Eptesicus serotinus,0.006,0.025,-1,Echolocation,/mnt/ubna_data_01_mir/recover-20220825/UBNA_002/20220823_033000.WAV,Telephone Field,recover-20220825,002,1795
1714.7755,1714.7825,47812,59518,Pipistrellus pipistrellus,0.158,0.266,-1,Echolocation,/mnt/ubna_data_01_mir/recover-20220825/UBNA_002/20220823_033000.WAV,Telephone Field,recover-20220825,002,1795
1714.7755,1714.7829,35781,89182,Myotis brandtii,0.14,0.321,-1,Echolocation,/mnt/ubna_data_01_mir/recover-20220825/UBNA_002/20220823_033000.WAV,Telephone Field,recover-20220825,002,1795
1714.7845,1714.79,38359,56048,Myotis brandtii,0.016,0.034,-1,Echolocation,/mnt/ubna_data_01_mir/recover-20220825/UBNA_002/20220823_033000.WAV,Telephone Field,recover-20220825,002,1795
1714.8395,1714.8477,54687,64385,Pipistrellus pygmaeus,0.03,0.041,-1,Echolocation,/mnt/ubna_data_01_mir/recover-20220825/UBNA_002/20220823_033000.WAV,Telephone Field,recover-20220825,002,1795
1714.8415,1714.8477,44375,63675,Pipistrellus pipistrellus,0.037,0.08,-1,Echolocation,/mnt/ubna_data_01_mir/recover-20220825/UBNA_002/20220823_033000.WAV,Telephone Field,recover-20220825,002,1795
1714.8415,1714.8475,28046,89087,Myotis bechsteinii,0.061,0.107,-1,Echolocation,/mnt/ubna_data_01_mir/recover-20220825/UBNA_002/20220823_033000.WAV,Telephone Field,recover-20220825,002,1795
1714.8425,1714.8492,34921,77211,Myotis brandtii,0.129,0.322,-1,Echolocation,/mnt/ubna_data_01_mir/recover-20220825/UBNA_002/20220823_033000.WAV,Telephone Field,recover-20220825,002,1795
1714.8515,1714.8605,41796,52325,Pipistrellus pipistrellus,0.011,0.031,-1,Echolocation,/mnt/ubna_data_01_mir/recover-20220825/UBNA_002/20220823_033000.WAV,Telephone Field,recover-20220825,002,1795
1714.8515,1714.8572,31484,47264,Myotis daubentonii,0.018,0.032,-1,Echolocation,/mnt/ubna_data_01_mir/recover-20220825/UBNA_002/20220823_033000.WAV,Telephone Field,recover-20220825,002,1795
1714.8755,1714.9118,68437,81962,Rhinolophus ferrumequinum,0.026,0.026,-1,Echolocation,/mnt/ubna_data_01_mir/recover-20220825/UBNA_002/20220823_033000.WAV,Telephone Field,recover-20220825,002,1795
1714.8875,1714.8992,28906,35639,Eptesicus serotinus,0.016,0.03,-1,Echolocation,/mnt/ubna_data_01_mir/recover-20220825/UBNA_002/20220823_033000.WAV,Telephone Field,recover-20220825,002,1795
1714.9205,1714.9272,28046,39368,Eptesicus serotinus,0.008,0.027,-1,Echolocation,/mnt/ubna_data_01_mir/recover-20220825/UBNA_002/20220823_033000.WAV,Telephone Field,recover-20220825,002,1795
1714.9345,1714.9411,39218,66435,Myotis daubentonii,0.208,0.5,-1,Echolocation,/mnt/ubna_data_01_mir/recover-20220825/UBNA_002/20220823_033000.WAV,Telephone Field,recover-20220825,002,1795
1714.9365,1714.9424,49531,55204,Pipistrellus pipistrellus,0.017,0.033,-1,Echolocation,/mnt/ubna_data_01_mir/recover-20220825/UBNA_002/20220823_033000.WAV,Telephone Field,recover-20220825,002,1795
1714.9445,1714.9506,34921,51697,Myotis daubentonii,0.015,0.025,-1,Echolocation,/mnt/ubna_data_01_mir/recover-20220825/UBNA_002/20220823_033000.WAV,Telephone Field,recover-20220825,002,1795
1714.9645,1714.9748,23750,32290,Eptesicus serotinus,0.023,0.073,-1,Echolocation,/mnt/ubna_data_01_mir/recover-20220825/UBNA_002/20220823_033000.WAV,Telephone Field,recover-20220825,002,1795
1714.9885,1714.995,38359,68879,Myotis daubentonii,0.191,0.452,-1,Echolocation,/mnt/ubna_data_01_mir/recover-20220825/UBNA_002/20220823_033000.WAV,Telephone Field,recover-20220825,002,1795
1714.9895,1714.995,28906,88623,Myotis brandtii,0.043,0.115,-1,Echolocation,/mnt/ubna_data_01_mir/recover-20220825/UBNA_002/20220823_033000.WAV,Telephone Field,recover-20220825,002,1795
1714.9915,1714.9991,46953,54986,Pipistrellus pipistrellus,0.021,0.033,-1,Echolocation,/mnt/ubna_data_01_mir/recover-20220825/UBNA_002/20220823_033000.WAV,Telephone Field,recover-20220825,002,1795
1714.9975,1715.0032,36640,55294,Myotis daubentonii,0.014,0.033,-1,Echolocation,/mnt/ubna_data_01_mir/recover-20220825/UBNA_002/20220823_033000.WAV,Telephone Field,recover-20220825,002,1795
1715.0085,1715.0158,40078,61535,Pipistrellus nathusii,0.232,0.383,-1,Echolocation,/mnt/ubna_data_01_mir/recover-20220825/UBNA_002/20220823_033000.WAV,Telephone Field,recover-20220825,002,1795
1715.0185,1715.0242,33203,49589,Myotis daubentonii,0.016,0.026,-1,Echolocation,/mnt/ubna_data_01_mir/recover-20220825/UBNA_002/20220823_033000.WAV,Telephone Field,recover-20220825,002,1795
1715.0935,1715.1021,51250,60245,Pipistrellus pipistrellus,0.079,0.129,-1,Echolocation,/mnt/ubna_data_01_mir/recover-20220825/UBNA_002/20220823_033000.WAV,Telephone Field,recover-20220825,002,1795
1715.1005,1715.1071,38359,71594,Myotis daubentonii,0.192,0.451,-1,Echolocation,/mnt/ubna_data_01_mir/recover-20220825/UBNA_002/20220823_033000.WAV,Telephone Field,recover-20220825,002,1795
1715.1005,1715.1061,29765,89489,Myotis bechsteinii,0.042,0.098,-1,Echolocation,/mnt/ubna_data_01_mir/recover-20220825/UBNA_002/20220823_033000.WAV,Telephone Field,recover-20220825,002,1795
1715.1105,1715.1162,36640,61332,Myotis daubentonii,0.015,0.036,-1,Echolocation,/mnt/ubna_data_01_mir/recover-20220825/UBNA_002/20220823_033000.WAV,Telephone Field,recover-20220825,002,1795
1715.1255,1715.1325,40078,69604,Pipistrellus nathusii,0.262,0.528,-1,Echolocation,/mnt/ubna_data_01_mir/recover-20220825/UBNA_002/20220823_033000.WAV,Telephone Field,recover-20220825,002,1795
1715.1735,1715.1816,42656,61988,Pipistrellus nathusii,0.149,0.392,-1,Echolocation,/mnt/ubna_data_01_mir/recover-20220825/UBNA_002/20220823_033000.WAV,Telephone Field,recover-20220825,002,1795
1715.1745,1715.1801,34062,74863,Myotis brandtii,0.036,0.074,-1,Echolocation,/mnt/ubna_data_01_mir/recover-20220825/UBNA_002/20220823_033000.WAV,Telephone Field,recover-20220825,002,1795
1715.1835,1715.1898,37500,54589,Myotis daubentonii,0.017,0.028,-1,Echolocation,/mnt/ubna_data_01_mir/recover-20220825/UBNA_002/20220823_033000.WAV,Telephone Field,recover-20220825,002,1795
1715.1895,1715.1977,45234,50929,Pipistrellus pipistrellus,0.034,0.041,-1,Echolocation,/mnt/ubna_data_01_mir/recover-20220825/UBNA_002/20220823_033000.WAV,Telephone Field,recover-20220825,002,1795
1715.1915,1715.1976,33203,61252,Myotis daubentonii,0.013,0.028,-1,Echolocation,/mnt/ubna_data_01_mir/recover-20220825/UBNA_002/20220823_033000.WAV,Telephone Field,recover-20220825,002,1795
1715.2025,1715.2357,68437,81750,Rhinolophus ferrumequinum,0.03,0.03,-1,Echolocation,/mnt/ubna_data_01_mir/recover-20220825/UBNA_002/20220823_033000.WAV,Telephone Field,recover-20220825,002,1795
1715.2285,1715.2358,47812,56155,Pipistrellus pipistrellus,0.034,0.037,-1,Echolocation,/mnt/ubna_data_01_mir/recover-20220825/UBNA_002/20220823_033000.WAV,Telephone Field,recover-20220825,002,1795
1715.2495,1715.2562,42656,65783,Pipistrellus nathusii,0.235,0.436,-1,Echolocation,/mnt/ubna_data_01_mir/recover-20220825/UBNA_002/20220823_033000.WAV,Telephone Field,recover-20220825,002,1795
1715.2495,1715.2547,32343,76040,Myotis brandtii,0.034,0.069,-1,Echolocation,/mnt/ubna_data_01_mir/recover-20220825/UBNA_002/20220823_033000.WAV,Telephone Field,recover-20220825,002,1795
1715.2585,1715.2643,34062,53478,Myotis daubentonii,0.016,0.026,-1,Echolocation,/mnt/ubna_data_01_mir/recover-20220825/UBNA_002/20220823_033000.WAV,Telephone Field,recover-20220825,002,1795
1715.2885,1715.2948,38359,68792,Myotis daubentonii,0.272,0.476,-1,Echolocation,/mnt/ubna_data_01_mir/recover-20220825/UBNA_002/20220823_033000.WAV,Telephone Field,recover-20220825,002,1795
1715.2975,1715.3033,37500,58766,Myotis daubentonii,0.015,0.036,-1,Echolocation,/mnt/ubna_data_01_mir/recover-20220825/UBNA_002/20220823_033000.WAV,Telephone Field,recover-20220825,002,1795
1715.3155,1715.3238,58984,66498,Pipistrellus pygmaeus,0.031,0.031,-1,Echolocation,/mnt/ubna_data_01_mir/recover-20220825/UBNA_002/20220823_033000.WAV,Telephone Field,recover-20220825,002,1795
1715.3555,1715.3616,32343,43237,Myotis daubentonii,0.01,0.027,-1,Echolocation,/mnt/ubna_data_01_mir/recover-20220825/UBNA_002/20220823_033000.WAV,Telephone Field,recover-20220825,002,1795
1715.3585,1715.3638,26328,39393,Plecotus auritus,0.008,0.028,-1,Echolocation,/mnt/ubna_data_01_mir/recover-20220825/UBNA_002/20220823_033000.WAV,Telephone Field,recover-20220825,002,1795
1715.3625,1715.3708,50390,59069,Pipistrellus pipistrellus,0.02,0.036,-1,Echolocation,/mnt/ubna_data_01_mir/recover-20220825/UBNA_002/20220823_033000.WAV,Telephone Field,recover-20220825,002,1795
1715.3655,1715.3718,41796,65103,Pipistrellus nathusii,0.169,0.333,-1,Echolocation,/mnt/ubna_data_01_mir/recover-20220825/UBNA_002/20220823_033000.WAV,Telephone Field,recover-20220825,002,1795
1715.3745,1715.3802,35781,53022,Myotis daubentonii,0.014,0.027,-1,Echolocation,/mnt/ubna_data_01_mir/recover-20220825/UBNA_002/20220823_033000.WAV,Telephone Field,recover-20220825,002,1795
1715.4565,1715.4674,55546,64360,Pipistrellus pygmaeus,0.049,0.055,-1,Echolocation,/mnt/ubna_data_01_mir/recover-20220825/UBNA_002/20220823_033000.WAV,Telephone Field,recover-20220825,002,1795
1715.4575,1715.4631,33203,81712,Myotis brandtii,0.038,0.079,-1,Echolocation,/mnt/ubna_data_01_mir/recover-20220825/UBNA_002/20220823_033000.WAV,Telephone Field,recover-20220825,002,1795
1715.4585,1715.4651,41796,72971,Pipistrellus nathusii,0.249,0.452,-1,Echolocation,/mnt/ubna_data_01_mir/recover-20220825/UBNA_002/20220823_033000.WAV,Telephone Field,recover-20220825,002,1795
1715.4685,1715.4742,38359,62288,Myotis brandtii,0.016,0.041,-1,Echolocation,/mnt/ubna_data_01_mir/recover-20220825/UBNA_002/20220823_033000.WAV,Telephone Field,recover-20220825,002,1795
1715.4695,1715.4756,30625,55143,Myotis daubentonii,0.014,0.026,-1,Echolocation,/mnt/ubna_data_01_mir/recover-20220825/UBNA_002/20220823_033000.WAV,Telephone Field,recover-20220825,002,1795
1715.5105,1715.5197,28046,39247,Eptesicus serotinus,0.011,0.026,-1,Echolocation,/mnt/ubna_data_01_mir/recover-20220825/UBNA_002/20220823_033000.WAV,Telephone Field,recover-20220825,002,1795
1715.5515,1715.5578,41796,52047,Pipistrellus nathusii,0.193,0.456,-1,Echolocation,/mnt/ubna_data_01_mir/recover-20220825/UBNA_002/20220823_033000.WAV,Telephone Field,recover-20220825,002,1795
1715.5975,1715.6377,68437,83014,Rhinolophus ferrumequinum,0.036,0.036,-1,Echolocation,/mnt/ubna_data_01_mir/recover-20220825/UBNA_002/20220823_033000.WAV,Telephone Field,recover-20220825,002,1795
1715.6405,1715.6471,43515,52199,Pipistrellus nathusii,0.313,0.463,-1,Echolocation,/mnt/ubna_data_01_mir/recover-20220825/UBNA_002/20220823_033000.WAV,Telephone Field,recover-20220825,002,1795
1715.6465,1715.6558,53828,64675,Pipistrellus pygmaeus,0.023,0.027,-1,Echolocation,/mnt/ubna_data_01_mir/recover-20220825/UBNA_002/20220823_033000.WAV,Telephone Field,recover-20220825,002,1795
1715.6755,1715.6819,42656,76457,Pipistrellus nathusii,0.255,0.43,-1,Echolocation,/mnt/ubna_data_01_mir/recover-20220825/UBNA_002/20220823_033000.WAV,Telephone Field,recover-20220825,002,1795
1715.6755,1715.6812,34062,80099,Myotis brandtii,0.04,0.073,-1,Echolocation,/mnt/ubna_data_01_mir/recover-20220825/UBNA_002/20220823_033000.WAV,Telephone Field,recover-20220825,002,1795
1715.7415,1715.7469,35781,78493,Myotis bechsteinii,0.047,0.086,-1,Echolocation,/mnt/ubna_data_01_mir/recover-20220825/UBNA_002/20220823_033000.WAV,Telephone Field,recover-20220825,002,1795
1715.7425,1715.7495,43515,72904,Pipistrellus nathusii,0.209,0.491,-1,Echolocation,/mnt/ubna_data_01_mir/recover-20220825/UBNA_002/20220823_033000.WAV,Telephone Field,recover-20220825,002,1795
1715.7525,1715.7586,39218,56726,Myotis daubentonii,0.012,0.029,-1,Echolocation,/mnt/ubna_data_01_mir/recover-20220825/UBNA_002/20220823_033000.WAV,Telephone Field,recover-20220825,002,1795
1715.8105,1715.8174,43515,53156,Pipistrellus nathusii,0.236,0.397,-1,Echolocation,/mnt/ubna_data_01_mir/recover-20220825/UBNA_002/20220823_033000.WAV,Telephone Field,recover-20220825,002,1795
1715.8115,1715.8169,32343,79322,Myotis brandtii,0.034,0.068,-1,Echolocation,/mnt/ubna_data_01_mir/recover-20220825/UBNA_002/20220823_033000.WAV,Telephone Field,recover-20220825,002,1795
1715.8345,1715.8406,28046,36857,Eptesicus serotinus,0.006,0.025,-1,Echolocation,/mnt/ubna_data_01_mir/recover-20220825/UBNA_002/20220823_033000.WAV,Telephone Field,recover-20220825,002,1795
1715.8465,1715.8531,38359,73516,Pipistrellus nathusii,0.163,0.321,-1,Echolocation,/mnt/ubna_data_01_mir/recover-20220825/UBNA_002/20220823_033000.WAV,Telephone Field,recover-20220825,002,1795
1715.8475,1715.8549,50390,61743,Pipistrellus pipistrellus,0.033,0.058,-1,Echolocation,/mnt/ubna_data_01_mir/recover-20220825/UBNA_002/20220823_033000.WAV,Telephone Field,recover-20220825,002,1795
1715.8575,1715.8634,34921,60577,Myotis brandtii,0.015,0.035,-1,Echolocation,/mnt/ubna_data_01_mir/recover-20220825/UBNA_002/20220823_033000.WAV,Telephone Field,recover-20220825,002,1795
1715.9075,1715.9137,42656,56457,Pipistrellus nathusii,0.159,0.274,-1,Echolocation,/mnt/ubna_data_01_mir/recover-20220825/UBNA_002/20220823_033000.WAV,Telephone Field,recover-20220825,002,1795
1715.9085,1715.9139,30625,69614,Myotis daubentonii,0.029,0.082,-1,Echolocation,/mnt/ubna_data_01_mir/recover-20220825/UBNA_002/20220823_033000.WAV,Telephone Field,recover-20220825,002,1795
1715.9385,1715.946,48671,53272,Pipistrellus pipistrellus,0.065,0.087,-1,Echolocation,/mnt/ubna_data_01_mir/recover-20220825/UBNA_002/20220823_033000.WAV,Telephone Field,recover-20220825,002,1795
1715.9395,1715.946,38359,64983,Myotis daubentonii,0.23,0.529,-1,Echolocation,/mnt/ubna_data_01_mir/recover-20220825/UBNA_002/20220823_033000.WAV,Telephone Field,recover-20220825,002,1795
1715.9495,1715.9556,35781,64344,Myotis brandtii,0.023,0.055,-1,Echolocation,/mnt/ubna_data_01_mir/recover-20220825/UBNA_002/20220823_033000.WAV,Telephone Field,recover-20220825,002,1795
1715.9695,1715.9801,57265,63078,Pipistrellus pygmaeus,0.028,0.028,-1,Echolocation,/mnt/ubna_data_01_mir/recover-20220825/UBNA_002/20220823_033000.WAV,Telephone Field,recover-20220825,002,1795
1715.9795,1715.9875,27187,41140,Eptesicus serotinus,0.013,0.032,-1,Echolocation,/mnt/ubna_data_01_mir/recover-20220825/UBNA_002/20220823_033000.WAV,Telephone Field,recover-20220825,002,1795
1716.0015,1716.0068,36640,58340,Myotis brandtii,0.012,0.041,-1,Echolocation,/mnt/ubna_data_01_mir/recover-20220825/UBNA_002/20220823_033000.WAV,Telephone Field,recover-20220825,002,1795
1716.0015,1716.0072,46093,51161,Pipistrellus pipistrellus,0.032,0.04,-1,Echolocation,/mnt/ubna_data_01_mir/recover-20220825/UBNA_002/20220823_033000.WAV,Telephone Field,recover-20220825,002,1795
1716.0015,1716.0135,17734,23452,Nyctalus noctula,0.011,0.026,-1,Echolocation,/mnt/ubna_data_01_mir/recover-20220825/UBNA_002/20220823_033000.WAV,Telephone Field,recover-20220825,002,1795
1716.0015,1716.009,23750,37741,Myotis nattereri,0.006,0.024,-1,Echolocation,/mnt/ubna_data_01_mir/recover-20220825/UBNA_002/20220823_033000.WAV,Telephone Field,recover-20220825,002,1795
1716.0015,1716.0144,52968,60215,Pipistrellus pygmaeus,0.021,0.024,-1,Echolocation,/mnt/ubna_data_01_mir/recover-20220825/UBNA_002/20220823_033000.WAV,Telephone Field,recover-20220825,002,1795
1716.0015,1716.0317,69296,81952,Rhinolophus ferrumequinum,0.023,0.023,-1,Echolocation,/mnt/ubna_data_01_mir/recover-20220825/UBNA_002/20220823_033000.WAV,Telephone Field,recover-20220825,002,1795
1716.0205,1716.0278,28046,36144,Eptesicus serotinus,0.009,0.024,-1,Echolocation,/mnt/ubna_data_01_mir/recover-20220825/UBNA_002/20220823_033000.WAV,Telephone Field,recover-20220825,002,1795
1716.0385,1716.048,54687,60438,Pipistrellus pygmaeus,0.022,0.023,-1,Echolocation,/mnt/ubna_data_01_mir/recover-20220825/UBNA_002/20220823_033000.WAV,Telephone Field,recover-20220825,002,1795
1716.0405,1716.0495,29765,38287,Eptesicus serotinus,0.009,0.022,-1,Echolocation,/mnt/ubna_data_01_mir/recover-20220825/UBNA_002/20220823_033000.WAV,Telephone Field,recover-20220825,002,1795
1716.0665,1716.0766,48671,57054,Pipistrellus pipistrellus,0.042,0.075,-1,Echolocation,/mnt/ubna_data_01_mir/recover-20220825/UBNA_002/20220823_033000.WAV,Telephone Field,recover-20220825,002,1795
1716.0675,1716.0733,37500,67328,Myotis daubentonii,0.133,0.386,-1,Echolocation,/mnt/ubna_data_01_mir/recover-20220825/UBNA_002/20220823_033000.WAV,Telephone Field,recover-20220825,002,1795
1716.0675,1716.0733,28046,89464,Myotis bechsteinii,0.091,0.13,-1,Echolocation,/mnt/ubna_data_01_mir/recover-20220825/UBNA_002/20220823_033000.WAV,Telephone Field,recover-20220825,002,1795
1716.1125,1716.1211,37500,44113,Pipistrellus nathusii,0.015,0.03,-1,Echolocation,/mnt/ubna_data_01_mir/recover-20220825/UBNA_002/20220823_033000.WAV,Telephone Field,recover-20220825,002,1795
1716.1335,1716.1415,48671,53411,Pipistrellus pipistrellus,0.022,0.024,-1,Echolocation,/mnt/ubna_data_01_mir/recover-20220825/UBNA_002/20220823_033000.WAV,Telephone Field,recover-20220825,002,1795
1716.1645,1716.1726,44375,55441,Pipistrellus pipistrellus,0.014,0.027,-1,Echolocation,/mnt/ubna_data_01_mir/recover-20220825/UBNA_002/20220823_033000.WAV,Telephone Field,recover-20220825,002,1795
1716.1655,1716.173,56406,62026,Pipistrellus pygmaeus,0.048,0.048,-1,Echolocation,/mnt/ubna_data_01_mir/recover-20220825/UBNA_002/20220823_033000.WAV,Telephone Field,recover-20220825,002,1795
1716.1665,1716.1736,27187,41754,Eptesicus serotinus,0.007,0.026,-1,Echolocation,/mnt/ubna_data_01_mir/recover-20220825/UBNA_002/20220823_033000.WAV,Telephone Field,recover-20220825,002,1795
1716.2005,1716.2066,28046,42082,Plecotus auritus,0.005,0.022,-1,Echolocation,/mnt/ubna_data_01_mir/recover-20220825/UBNA_002/20220823_033000.WAV,Telephone Field,recover-20220825,002,1795
1716.2225,1716.2576,68437,81232,Rhinolophus ferrumequinum,0.027,0.028,-1,Echolocation,/mnt/ubna_data_01_mir/recover-20220825/UBNA_002/20220823_033000.WAV,Telephone Field,recover-20220825,002,1795
1716.2265,1716.2347,51250,59858,Pipistrellus pipistrellus,0.027,0.046,-1,Echolocation,/mnt/ubna_data_01_mir/recover-20220825/UBNA_002/20220823_033000.WAV,Telephone Field,recover-20220825,002,1795
1716.2285,1716.235,39218,66364,Pipistrellus nathusii,0.176,0.445,-1,Echolocation,/mnt/ubna_data_01_mir/recover-20220825/UBNA_002/20220823_033000.WAV,Telephone Field,recover-20220825,002,1795
1716.2465,1716.2838,68437,80775,Rhinolophus ferrumequinum,0.028,0.028,-1,Echolocation,/mnt/ubna_data_01_mir/recover-20220825/UBNA_002/20220823_033000.WAV,Telephone Field,recover-20220825,002,1795
1716.2805,1716.2863,40078,57679,Myotis brandtii,0.007,0.026,-1,Echolocation,/mnt/ubna_data_01_mir/recover-20220825/UBNA_002/20220823_033000.WAV,Telephone Field,recover-20220825,002,1795
1716.2965,1716.3036,23750,32236,Plecotus austriacus,0.012,0.028,-1,Echolocation,/mnt/ubna_data_01_mir/recover-20220825/UBNA_002/20220823_033000.WAV,Telephone Field,recover-20220825,002,1795
1716.3455,1716.3607,42656,47890,Pipistrellus pipistrellus,0.033,0.071,-1,Echolocation,/mnt/ubna_data_01_mir/recover-20220825/UBNA_002/20220823_033000.WAV,Telephone Field,recover-20220825,002,1795
1716.3595,1716.3677,43515,51229,Pipistrellus nathusii,0.153,0.278,-1,Echolocation,/mnt/ubna_data_01_mir/recover-20220825/UBNA_002/20220823_033000.WAV,Telephone Field,recover-20220825,002,1795
1716.3605,1716.3668,32343,64884,Myotis brandtii,0.013,0.028,-1,Echolocation,/mnt/ubna_data_01_mir/recover-20220825/UBNA_002/20220823_033000.WAV,Telephone Field,recover-20220825,002,1795
1716.3645,1716.377,15156,22120,Nyctalus noctula,0.019,0.032,-1,Echolocation,/mnt/ubna_data_01_mir/recover-20220825/UBNA_002/20220823_033000.WAV,Telephone Field,recover-20220825,002,1795
1716.3695,1716.3775,28046,40070,Eptesicus serotinus,0.009,0.025,-1,Echolocation,/mnt/ubna_data_01_mir/recover-20220825/UBNA_002/20220823_033000.WAV,Telephone Field,recover-20220825,002,1795
1716.3715,1716.3829,54687,62292,Pipistrellus pygmaeus,0.027,0.028,-1,Echolocation,/mnt/ubna_data_01_mir/recover-20220825/UBNA_002/20220823_033000.WAV,Telephone Field,recover-20220825,002,1795
1716.3965,1716.404,50390,58553,Pipistrellus pipistrellus,0.021,0.025,-1,Echolocation,/mnt/ubna_data_01_mir/recover-20220825/UBNA_002/20220823_033000.WAV,Telephone Field,recover-20220825,002,1795
1716.4255,1716.4341,44375,52323,Pipistrellus pipistrellus,0.02,0.029,-1,Echolocation,/mnt/ubna_data_01_mir/recover-20220825/UBNA_002/20220823_033000.WAV,Telephone Field,recover-20220825,002,1795
1716.4395,1716.4778,68437,81885,Rhinolophus ferrumequinum,0.025,0.025,-1,Echolocation,/mnt/ubna_data_01_mir/recover-20220825/UBNA_002/20220823_033000.WAV,Telephone Field,recover-20220825,002,1795
1716.4685,1716.4746,41796,67954,Pipistrellus nathusii,0.224,0.471,-1,Echolocation,/mnt/ubna_data_01_mir/recover-20220825/UBNA_002/20220823_033000.WAV,Telephone Field,recover-20220825,002,1795
1716.4685,1716.4787,54687,60509,Pipistrellus pygmaeus,0.024,0.026,-1,Echolocation,/mnt/ubna_data_01_mir/recover-20220825/UBNA_002/20220823_033000.WAV,Telephone Field,recover-20220825,002,1795
1716.4825,1716.5219,68437,82003,Rhinolophus ferrumequinum,0.022,0.022,-1,Echolocation,/mnt/ubna_data_01_mir/recover-20220825/UBNA_002/20220823_033000.WAV,Telephone Field,recover-20220825,002,1795
1716.5065,1716.5167,26328,33247,Eptesicus serotinus,0.01,0.022,-1,Echolocation,/mnt/ubna_data_01_mir/recover-20220825/UBNA_002/20220823_033000.WAV,Telephone Field,recover-20220825,002,1795
1716.5465,1716.5527,41796,64884,Pipistrellus nathusii,0.178,0.465,-1,Echolocation,/mnt/ubna_data_01_mir/recover-20220825/UBNA_002/20220823_033000.WAV,Telephone Field,recover-20220825,002,1795
1716.5645,1716.5718,24609,33733,Plecotus auritus,0.008,0.025,-1,Echolocation,/mnt/ubna_data_01_mir/recover-20220825/UBNA_002/20220823_033000.WAV,Telephone Field,recover-20220825,002,1795
1716.6105,1716.6183,44375,56974,Pipistrellus pipistrellus,0.162,0.335,-1,Echolocation,/mnt/ubna_data_01_mir/recover-20220825/UBNA_002/20220823_033000.WAV,Telephone Field,recover-20220825,002,1795
1716.6325,1716.6407,52968,57847,Pipistrellus pygmaeus,0.063,0.067,-1,Echolocation,/mnt/ubna_data_01_mir/recover-20220825/UBNA_002/20220823_033000.WAV,Telephone Field,recover-20220825,002,1795
1716.6375,1716.6439,41796,65230,Pipistrellus nathusii,0.255,0.538,-1,Echolocation,/mnt/ubna_data_01_mir/recover-20220825/UBNA_002/20220823_033000.WAV,Telephone Field,recover-20220825,002,1795
1716.6895,1716.6959,49531,56666,Pipistrellus pipistrellus,0.021,0.025,-1,Echolocation,/mnt/ubna_data_01_mir/recover-20220825/UBNA_002/20220823_033000.WAV,Telephone Field,recover-20220825,002,1795
1716.7045,1716.7123,46953,51209,Pipistrellus pipistrellus,0.028,0.029,-1,Echolocation,/mnt/ubna_data_01_mir/recover-20220825/UBNA_002/20220823_033000.WAV,Telephone Field,recover-20220825,002,1795
1716.7185,1716.7556,68437,81773,Rhinolophus ferrumequinum,0.024,0.024,-1,Echolocation,/mnt/ubna_data_01_mir/recover-20220825/UBNA_002/20220823_033000.WAV,Telephone Field,recover-20220825,002,1795
1716.7295,1716.7357,40937,67862,Pipistrellus nathusii,0.385,0.532,-1,Echolocation,/mnt/ubna_data_01_mir/recover-20220825/UBNA_002/20220823_033000.WAV,Telephone Field,recover-20220825,002,1795
1716.7305,1716.7392,54687,61020,Pipistrellus pygmaeus,0.035,0.038,-1,Echolocation,/mnt/ubna_data_01_mir/recover-20220825/UBNA_002/20220823_033000.WAV,Telephone Field,recover-20220825,002,1795
1716.7555,1716.763,24609,32446,Plecotus auritus,0.007,0.024,-1,Echolocation,/mnt/ubna_data_01_mir/recover-20220825/UBNA_002/20220823_033000.WAV,Telephone Field,recover-20220825,002,1795
1716.7565,1716.7956,68437,82580,Rhinolophus ferrumequinum,0.022,0.022,-1,Echolocation,/mnt/ubna_data_01_mir/recover-20220825/UBNA_002/20220823_033000.WAV,Telephone Field,recover-20220825,002,1795
1716.7795,1716.7878,29765,38141,Eptesicus serotinus,0.008,0.024,-1,Echolocation,/mnt/ubna_data_01_mir/recover-20220825/UBNA_002/20220823_033000.WAV,Telephone Field,recover-20220825,002,1795
1716.7965,1716.8063,15156,22176,Plecotus auritus,0.009,0.024,-1,Echolocation,/mnt/ubna_data_01_mir/recover-20220825/UBNA_002/20220823_033000.WAV,Telephone Field,recover-20220825,002,1795
1716.8035,1716.8096,33203,64711,Myotis brandtii,0.01,0.026,-1,Echolocation,/mnt/ubna_data_01_mir/recover-20220825/UBNA_002/20220823_033000.WAV,Telephone Field,recover-20220825,002,1795
1716.8035,1716.8095,46093,52379,Pipistrellus pipistrellus,0.039,0.041,-1,Echolocation,/mnt/ubna_data_01_mir/recover-20220825/UBNA_002/20220823_033000.WAV,Telephone Field,recover-20220825,002,1795
1716.8235,1716.8335,22890,28506,Nyctalus leisleri,0.008,0.023,-1,Echolocation,/mnt/ubna_data_01_mir/recover-20220825/UBNA_002/20220823_033000.WAV,Telephone Field,recover-20220825,002,1795
1716.8315,1716.8384,45234,56273,Pipistrellus pipistrellus,0.013,0.024,-1,Echolocation,/mnt/ubna_data_01_mir/recover-20220825/UBNA_002/20220823_033000.WAV,Telephone Field,recover-20220825,002,1795
1716.8445,1716.8552,45234,51042,Pipistrellus pipistrellus,0.02,0.024,-1,Echolocation,/mnt/ubna_data_01_mir/recover-20220825/UBNA_002/20220823_033000.WAV,Telephone Field,recover-20220825,002,1795
1716.8475,1716.8859,68437,82544,Rhinolophus ferrumequinum,0.023,0.023,-1,Echolocation,/mnt/ubna_data_01_mir/recover-20220825/UBNA_002/20220823_033000.WAV,Telephone Field,recover-20220825,002,1795
1716.8665,1716.9022,68437,81359,Rhinolophus ferrumequinum,0.023,0.024,-1,Echolocation,/mnt/ubna_data_01_mir/recover-20220825/UBNA_002/20220823_033000.WAV,Telephone Field,recover-20220825,002,1795
1716.8755,1716.9104,68437,81275,Rhinolophus ferrumequinum,0.022,0.022,-1,Echolocation,/mnt/ubna_data_01_mir/recover-20220825/UBNA_002/20220823_033000.WAV,Telephone Field,recover-20220825,002,1795
1716.8895,1716.8959,45234,59009,Pipistrellus pipistrellus,0.027,0.058,-1,Echolocation,/mnt/ubna_data_01_mir/recover-20220825/UBNA_002/20220823_033000.WAV,Telephone Field,recover-20220825,002,1795
1716.8915,1716.8975,35781,76121,Myotis brandtii,0.154,0.308,-1,Echolocation,/mnt/ubna_data_01_mir/recover-20220825/UBNA_002/20220823_033000.WAV,Telephone Field,recover-20220825,002,1795
1716.8915,1716.9011,53828,59223,Pipistrellus pygmaeus,0.036,0.039,-1,Echolocation,/mnt/ubna_data_01_mir/recover-20220825/UBNA_002/20220823_033000.WAV,Telephone Field,recover-20220825,002,1795
1716.9255,1716.9363,27187,35278,Eptesicus serotinus,0.014,0.026,-1,Echolocation,/mnt/ubna_data_01_mir/recover-20220825/UBNA_002/20220823_033000.WAV,Telephone Field,recover-20220825,002,1795
1716.9355,1716.9427,25468,34077,Plecotus austriacus,0.008,0.025,-1,Echolocation,/mnt/ubna_data_01_mir/recover-20220825/UBNA_002/20220823_033000.WAV,Telephone Field,recover-20220825,002,1795
1716.9755,1716.9815,37500,73559,Myotis brandtii,0.177,0.353,-1,Echolocation,/mnt/ubna_data_01_mir/recover-20220825/UBNA_002/20220823_033000.WAV,Telephone Field,recover-20220825,002,1795
1717.0075,1717.0137,50390,58537,Pipistrellus pipistrellus,0.025,0.028,-1,Echolocation,/mnt/ubna_data_01_mir/recover-20220825/UBNA_002/20220823_033000.WAV,Telephone Field,recover-20220825,002,1795
1717.0315,1717.0691,68437,81832,Rhinolophus ferrumequinum,0.026,0.026,-1,Echolocation,/mnt/ubna_data_01_mir/recover-20220825/UBNA_002/20220823_033000.WAV,Telephone Field,recover-20220825,002,1795
1717.0505,1717.0592,29765,35224,Eptesicus serotinus,0.01,0.025,-1,Echolocation,/mnt/ubna_data_01_mir/recover-20220825/UBNA_002/20220823_033000.WAV,Telephone Field,recover-20220825,002,1795
1717.0655,1717.0764,52109,56460,Pipistrellus pygmaeus,0.04,0.049,-1,Echolocation,/mnt/ubna_data_01_mir/recover-20220825/UBNA_002/20220823_033000.WAV,Telephone Field,recover-20220825,002,1795
1717.0655,1717.072,40937,64063,Pipistrellus nathusii,0.172,0.442,-1,Echolocation,/mnt/ubna_data_01_mir/recover-20220825/UBNA_002/20220823_033000.WAV,Telephone Field,recover-20220825,002,1795
1717.0665,1717.0714,28906,80814,Myotis bechsteinii,0.035,0.08,-1,Echolocation,/mnt/ubna_data_01_mir/recover-20220825/UBNA_002/20220823_033000.WAV,Telephone Field,recover-20220825,002,1795
1717.0835,1717.1212,68437,82085,Rhinolophus ferrumequinum,0.025,0.025,-1,Echolocation,/mnt/ubna_data_01_mir/recover-20220825/UBNA_002/20220823_033000.WAV,Telephone Field,recover-20220825,002,1795
1717.0935,1717.1037,22890,28233,Nyctalus leisleri,0.009,0.024,-1,Echolocation,/mnt/ubna_data_01_mir/recover-20220825/UBNA_002/20220823_033000.WAV,Telephone Field,recover-20220825,002,1795
1717.1395,1717.1469,28906,36022,Eptesicus serotinus,0.006,0.023,-1,Echolocation,/mnt/ubna_data_01_mir/recover-20220825/UBNA_002/20220823_033000.WAV,Telephone Field,recover-20220825,002,1795
1717.1505,1717.1635,52968,57801,Pipistrellus pygmaeus,0.044,0.047,-1,Echolocation,/mnt/ubna_data_01_mir/recover-20220825/UBNA_002/20220823_033000.WAV,Telephone Field,recover-20220825,002,1795
1717.1545,1717.1609,36640,70775,Myotis brandtii,0.137,0.402,-1,Echolocation,/mnt/ubna_data_01_mir/recover-20220825/UBNA_002/20220823_033000.WAV,Telephone Field,recover-20220825,002,1795
1717.1545,1717.1603,28046,86600,Myotis bechsteinii,0.107,0.133,-1,Echolocation,/mnt/ubna_data_01_mir/recover-20220825/UBNA_002/20220823_033000.WAV,Telephone Field,recover-20220825,002,1795
1717.1995,1717.2089,25468,32675,Eptesicus serotinus,0.009,0.024,-1,Echolocation,/mnt/ubna_data_01_mir/recover-20220825/UBNA_002/20220823_033000.WAV,Telephone Field,recover-20220825,002,1795
1717.2275,1717.2339,46093,60654,Pipistrellus pipistrellus,0.017,0.05,-1,Echolocation,/mnt/ubna_data_01_mir/recover-20220825/UBNA_002/20220823_033000.WAV,Telephone Field,recover-20220825,002,1795
1717.2295,1717.2362,33203,81589,Myotis brandtii,0.274,0.427,-1,Echolocation,/mnt/ubna_data_01_mir/recover-20220825/UBNA_002/20220823_033000.WAV,Telephone Field,recover-20220825,002,1795
1717.2305,1717.2392,55546,62821,Pipistrellus pygmaeus,0.029,0.031,-1,Echolocation,/mnt/ubna_data_01_mir/recover-20220825/UBNA_002/20220823_033000.WAV,Telephone Field,recover-20220825,002,1795
1717.2375,1717.2433,38359,50524,Myotis brandtii,0.013,0.031,-1,Echolocation,/mnt/ubna_data_01_mir/recover-20220825/UBNA_002/20220823_033000.WAV,Telephone Field,recover-20220825,002,1795
1717.2395,1717.2458,30625,40883,Myotis daubentonii,0.009,0.026,-1,Echolocation,/mnt/ubna_data_01_mir/recover-20220825/UBNA_002/20220823_033000.WAV,Telephone Field,recover-20220825,002,1795
1717.2715,1717.3087,68437,82120,Rhinolophus ferrumequinum,0.026,0.026,-1,Echolocation,/mnt/ubna_data_01_mir/recover-20220825/UBNA_002/20220823_033000.WAV,Telephone Field,recover-20220825,002,1795
1717.2835,1717.2936,24609,31313,Nyctalus leisleri,0.009,0.027,-1,Echolocation,/mnt/ubna_data_01_mir/recover-20220825/UBNA_002/20220823_033000.WAV,Telephone Field,recover-20220825,002,1795
1717.2905,1717.2991,27187,35031,Eptesicus serotinus,0.01,0.023,-1,Echolocation,/mnt/ubna_data_01_mir/recover-20220825/UBNA_002/20220823_033000.WAV,Telephone Field,recover-20220825,002,1795
1717.3145,1717.3232,48671,55567,Pipistrellus pipistrellus,0.037,0.067,-1,Echolocation,/mnt/ubna_data_01_mir/recover-20220825/UBNA_002/20220823_033000.WAV,Telephone Field,recover-20220825,002,1795
1717.3165,1717.3226,35781,74694,Myotis brandtii,0.176,0.284,-1,Echolocation,/mnt/ubna_data_01_mir/recover-20220825/UBNA_002/20220823_033000.WAV,Telephone Field,recover-20220825,002,1795
1717.3295,1717.3403,23750,28303,Nyctalus leisleri,0.013,0.027,-1,Echolocation,/mnt/ubna_data_01_mir/recover-20220825/UBNA_002/20220823_033000.WAV,Telephone Field,recover-20220825,002,1795
1717.3625,1717.3721,29765,40046,Eptesicus serotinus,0.012,0.028,-1,Echolocation,/mnt/ubna_data_01_mir/recover-20220825/UBNA_002/20220823_033000.WAV,Telephone Field,recover-20220825,002,1795
1717.3675,1717.3766,60703,67219,Pipistrellus pygmaeus,0.032,0.033,-1,Echolocation,/mnt/ubna_data_01_mir/recover-20220825/UBNA_002/20220823_033000.WAV,Telephone Field,recover-20220825,002,1795
1717.3895,1717.4038,19453,25924,Nyctalus noctula,0.012,0.029,-1,Echolocation,/mnt/ubna_data_01_mir/recover-20220825/UBNA_002/20220823_033000.WAV,Telephone Field,recover-20220825,002,1795
1717.3925,1717.3991,40078,69606,Myotis daubentonii,0.118,0.432,-1,Echolocation,/mnt/ubna_data_01_mir/recover-20220825/UBNA_002/20220823_033000.WAV,Telephone Field,recover-20220825,002,1795
1717.4015,1717.4067,31484,45662,Myotis daubentonii,0.01,0.023,-1,Echolocation,/mnt/ubna_data_01_mir/recover-20220825/UBNA_002/20220823_033000.WAV,Telephone Field,recover-20220825,002,1795
1717.4075,1717.4431,68437,81104,Rhinolophus ferrumequinum,0.022,0.022,-1,Echolocation,/mnt/ubna_data_01_mir/recover-20220825/UBNA_002/20220823_033000.WAV,Telephone Field,recover-20220825,002,1795
1717.4185,1717.4258,40937,44664,Pipistrellus nathusii,0.013,0.032,-1,Echolocation,/mnt/ubna_data_01_mir/recover-20220825/UBNA_002/20220823_033000.WAV,Telephone Field,recover-20220825,002,1795
1717.4265,1717.4367,26328,33516,Eptesicus serotinus,0.01,0.023,-1,Echolocation,/mnt/ubna_data_01_mir/recover-20220825/UBNA_002/20220823_033000.WAV,Telephone Field,recover-20220825,002,1795
1717.4415,1717.479,68437,81693,Rhinolophus ferrumequinum,0.023,0.023,-1,Echolocation,/mnt/ubna_data_01_mir/recover-20220825/UBNA_002/20220823_033000.WAV,Telephone Field,recover-20220825,002,1795
1717.4525,1717.4903,68437,81767,Rhinolophus ferrumequinum,0.023,0.023,-1,Echolocation,/mnt/ubna_data_01_mir/recover-20220825/UBNA_002/20220823_033000.WAV,Telephone Field,recover-20220825,002,1795
1717.4565,1717.464,28906,39319,Eptesicus serotinus,0.008,0.025,-1,Echolocation,/mnt/ubna_data_01_mir/recover-20220825/UBNA_002/20220823_033000.WAV,Telephone Field,recover-20220825,002,1795
1717.4835,1717.4892,40078,66762,Myotis brandtii,0.077,0.297,-1,Echolocation,/mnt/ubna_data_01_mir/recover-20220825/UBNA_002/20220823_033000.WAV,Telephone Field,recover-20220825,002,1795
1717.4945,1717.5011,36640,60135,Myotis brandtii,0.015,0.035,-1,Echolocation,/mnt/ubna_data_01_mir/recover-20220825/UBNA_002/20220823_033000.WAV,Telephone Field,recover-20220825,002,1795
1717.5155,1717.5249,39218,43536,Pipistrellus nathusii,0.018,0.027,-1,Echolocation,/mnt/ubna_data_01_mir/recover-20220825/UBNA_002/20220823_033000.WAV,Telephone Field,recover-20220825,002,1795
1717.5245,1717.5312,25468,35374,Plecotus austriacus,0.009,0.029,-1,Echolocation,/mnt/ubna_data_01_mir/recover-20220825/UBNA_002/20220823_033000.WAV,Telephone Field,recover-20220825,002,1795
1717.5555,1717.5662,43515,52670,Pipistrellus pipistrellus,0.016,0.026,-1,Echolocation,/mnt/ubna_data_01_mir/recover-20220825/UBNA_002/20220823_033000.WAV,Telephone Field,recover-20220825,002,1795
1717.5735,1717.5795,41796,63366,Pipistrellus nathusii,0.254,0.43,-1,Echolocation,/mnt/ubna_data_01_mir/recover-20220825/UBNA_002/20220823_033000.WAV,Telephone Field,recover-20220825,002,1795
1717.5885,1717.6217,68437,81482,Rhinolophus ferrumequinum,0.022,0.022,-1,Echolocation,/mnt/ubna_data_01_mir/recover-20220825/UBNA_002/20220823_033000.WAV,Telephone Field,recover-20220825,002,1795
1717.6545,1717.6929,68437,81642,Rhinolophus ferrumequinum,0.024,0.024,-1,Echolocation,/mnt/ubna_data_01_mir/recover-20220825/UBNA_002/20220823_033000.WAV,Telephone Field,recover-20220825,002,1795
1717.6565,1717.6633,28046,40853,Eptesicus serotinus,0.006,0.022,-1,Echolocation,/mnt/ubna_data_01_mir/recover-20220825/UBNA_002/20220823_033000.WAV,Telephone Field,recover-20220825,002,1795
1717.6845,1717.6923,27187,33246,Eptesicus serotinus,0.008,0.022,-1,Echolocation,/mnt/ubna_data_01_mir/recover-20220825/UBNA_002/20220823_033000.WAV,Telephone Field,recover-20220825,002,1795
1717.6925,1717.7032,56406,62271,Pipistrellus pygmaeus,0.023,0.024,-1,Echolocation,/mnt/ubna_data_01_mir/recover-20220825/UBNA_002/20220823_033000.WAV,Telephone Field,recover-20220825,002,1795
1717.6945,1717.7025,48671,58589,Pipistrellus pipistrellus,0.019,0.042,-1,Echolocation,/mnt/ubna_data_01_mir/recover-20220825/UBNA_002/20220823_033000.WAV,Telephone Field,recover-20220825,002,1795
1717.6965,1717.7029,39218,70775,Myotis brandtii,0.134,0.367,-1,Echolocation,/mnt/ubna_data_01_mir/recover-20220825/UBNA_002/20220823_033000.WAV,Telephone Field,recover-20220825,002,1795
1717.7115,1717.7211,20312,26384,Plecotus austriacus,0.011,0.031,-1,Echolocation,/mnt/ubna_data_01_mir/recover-20220825/UBNA_002/20220823_033000.WAV,Telephone Field,recover-20220825,002,1795
1717.7405,1717.7516,39218,43745,Pipistrellus nathusii,0.027,0.048,-1,Echolocation,/mnt/ubna_data_01_mir/recover-20220825/UBNA_002/20220823_033000.WAV,Telephone Field,recover-20220825,002,1795
1717.7495,1717.7561,28906,38393,Eptesicus serotinus,0.007,0.028,-1,Echolocation,/mnt/ubna_data_01_mir/recover-20220825/UBNA_002/20220823_033000.WAV,Telephone Field,recover-20220825,002,1795
1717.7665,1717.7726,40078,62469,Pipistrellus nathusii,0.299,0.562,-1,Echolocation,/mnt/ubna_data_01_mir/recover-20220825/UBNA_002/20220823_033000.WAV,Telephone Field,recover-20220825,002,1795
1717.8335,1717.87,68437,81692,Rhinolophus ferrumequinum,0.026,0.026,-1,Echolocation,/mnt/ubna_data_01_mir/recover-20220825/UBNA_002/20220823_033000.WAV,Telephone Field,recover-20220825,002,1795
1717.8565,1717.8662,49531,54664,Pipistrellus pipistrellus,0.016,0.029,-1,Echolocation,/mnt/ubna_data_01_mir/recover-20220825/UBNA_002/20220823_033000.WAV,Telephone Field,recover-20220825,002,1795
1717.8585,1717.8641,40078,60983,Myotis daubentonii,0.133,0.412,-1,Echolocation,/mnt/ubna_data_01_mir/recover-20220825/UBNA_002/20220823_033000.WAV,Telephone Field,recover-20220825,002,1795
1717.8795,1717.889,54687,59352,Pipistrellus pygmaeus,0.024,0.025,-1,Echolocation,/mnt/ubna_data_01_mir/recover-20220825/UBNA_002/20220823_033000.WAV,Telephone Field,recover-20220825,002,1795
1717.9485,1717.9551,41796,56066,Pipistrellus nathusii,0.235,0.531,-1,Echolocation,/mnt/ubna_data_01_mir/recover-20220825/UBNA_002/20220823_033000.WAV,Telephone Field,recover-20220825,002,1795
1718.0015,1718.0101,46953,53206,Pipistrellus pipistrellus,0.014,0.023,-1,Echolocation,/mnt/ubna_data_01_mir/recover-20220825/UBNA_002/20220823_033000.WAV,Telephone Field,recover-20220825,002,1795
1718.0015,1718.0322,69296,81405,Rhinolophus ferrumequinum,0.034,0.034,-1,Echolocation,/mnt/ubna_data_01_mir/recover-20220825/UBNA_002/20220823_033000.WAV,Telephone Field,recover-20220825,002,1795
1718.0015,1718.0105,25468,32380,Nyctalus leisleri,0.012,0.035,-1,Echolocation,/mnt/ubna_data_01_mir/recover-20220825/UBNA_002/20220823_033000.WAV,Telephone Field,recover-20220825,002,1795
1718.0405,1718.05,41796,53022,Pipistrellus nathusii,0.46,0.572,-1,Echolocation,/mnt/ubna_data_01_mir/recover-20220825/UBNA_002/20220823_033000.WAV,Telephone Field,recover-20220825,002,1795
1718.1095,1718.1175,41796,51560,Pipistrellus nathusii,0.294,0.402,-1,Echolocation,/mnt/ubna_data_01_mir/recover-20220825/UBNA_002/20220823_033000.WAV,Telephone Field,recover-20220825,002,1795
1718.1455,1718.1568,58125,65467,Pipistrellus pygmaeus,0.024,0.025,-1,Echolocation,/mnt/ubna_data_01_mir/recover-20220825/UBNA_002/20220823_033000.WAV,Telephone Field,recover-20220825,002,1795
1718.1565,1718.1626,28046,36113,Eptesicus serotinus,0.008,0.028,-1,Echolocation,/mnt/ubna_data_01_mir/recover-20220825/UBNA_002/20220823_033000.WAV,Telephone Field,recover-20220825,002,1795
1718.1695,1718.1741,40937,56191,Pipistrellus nathusii,0.283,0.383,-1,Echolocation,/mnt/ubna_data_01_mir/recover-20220825/UBNA_002/20220823_033000.WAV,Telephone Field,recover-20220825,002,1795
1718.2365,1718.2432,41796,53905,Pipistrellus nathusii,0.208,0.287,-1,Echolocation,/mnt/ubna_data_01_mir/recover-20220825/UBNA_002/20220823_033000.WAV,Telephone Field,recover-20220825,002,1795
1718.2565,1718.2644,45234,49890,Pipistrellus pipistrellus,0.024,0.027,-1,Echolocation,/mnt/ubna_data_01_mir/recover-20220825/UBNA_002/20220823_033000.WAV,Telephone Field,recover-20220825,002,1795
1718.2585,1718.2662,26328,40959,Eptesicus serotinus,0.01,0.026,-1,Echolocation,/mnt/ubna_data_01_mir/recover-20220825/UBNA_002/20220823_033000.WAV,Telephone Field,recover-20220825,002,1795
1718.2795,1718.3191,68437,82321,Rhinolophus ferrumequinum,0.024,0.024,-1,Echolocation,/mnt/ubna_data_01_mir/recover-20220825/UBNA_002/20220823_033000.WAV,Telephone Field,recover-20220825,002,1795
1718.2825,1718.2903,27187,38311,Eptesicus serotinus,0.009,0.029,-1,Echolocation,/mnt/ubna_data_01_mir/recover-20220825/UBNA_002/20220823_033000.WAV,Telephone Field,recover-20220825,002,1795
1718.3015,1718.3376,68437,81275,Rhinolophus ferrumequinum,0.027,0.027,-1,Echolocation,/mnt/ubna_data_01_mir/recover-20220825/UBNA_002/20220823_033000.WAV,Telephone Field,recover-20220825,002,1795
1718.3185,1718.3244,31484,56823,Myotis brandtii,0.012,0.024,-1,Echolocation,/mnt/ubna_data_01_mir/recover-20220825/UBNA_002/20220823_033000.WAV,Telephone Field,recover-20220825,002,1795
1718.3185,1718.3309,43515,47509,Pipistrellus nathusii,0.098,0.114,-1,Echolocation,/mnt/ubna_data_01_mir/recover-20220825/UBNA_002/20220823_033000.WAV,Telephone Field,recover-20220825,002,1795
1718.3895,1718.399,43515,49477,Pipistrellus nathusii,0.063,0.083,-1,Echolocation,/mnt/ubna_data_01_mir/recover-20220825/UBNA_002/20220823_033000.WAV,Telephone Field,recover-20220825,002,1795
1718.4465,1718.4546,46953,52881,Pipistrellus pipistrellus,0.021,0.027,-1,Echolocation,/mnt/ubna_data_01_mir/recover-20220825/UBNA_002/20220823_033000.WAV,Telephone Field,recover-20220825,002,1795
1718.5275,1718.5366,40078,46949,Pipistrellus nathusii,0.019,0.031,-1,Echolocation,/mnt/ubna_data_01_mir/recover-20220825/UBNA_002/20220823_033000.WAV,Telephone Field,recover-20220825,002,1795
1718.5405,1718.5795,68437,82124,Rhinolophus ferrumequinum,0.023,0.023,-1,Echolocation,/mnt/ubna_data_01_mir/recover-20220825/UBNA_002/20220823_033000.WAV,Telephone Field,recover-20220825,002,1795
1718.5455,1718.5534,27187,39167,Eptesicus serotinus,0.008,0.023,-1,Echolocation,/mnt/ubna_data_01_mir/recover-20220825/UBNA_002/20220823_033000.WAV,Telephone Field,recover-20220825,002,1795
1718.5705,1718.5793,50390,57889,Pipistrellus pipistrellus,0.024,0.032,-1,Echolocation,/mnt/ubna_data_01_mir/recover-20220825/UBNA_002/20220823_033000.WAV,Telephone Field,recover-20220825,002,1795
1718.5815,1718.6009,20312,23876,Nyctalus leisleri,0.013,0.025,-1,Echolocation,/mnt/ubna_data_01_mir/recover-20220825/UBNA_002/20220823_033000.WAV,Telephone Field,recover-20220825,002,1795
1718.6495,1718.6605,34921,40142,Pipistrellus nathusii,0.057,0.092,-1,Echolocation,/mnt/ubna_data_01_mir/recover-20220825/UBNA_002/20220823_033000.WAV,Telephone Field,recover-20220825,002,1795
1718.6515,1718.6584,27187,35836,Eptesicus serotinus,0.008,0.028,-1,Echolocation,/mnt/ubna_data_01_mir/recover-20220825/UBNA_002/20220823_033000.WAV,Telephone Field,recover-20220825,002,1795
1718.6645,1718.7029,68437,82041,Rhinolophus ferrumequinum,0.023,0.023,-1,Echolocation,/mnt/ubna_data_01_mir/recover-20220825/UBNA_002/20220823_033000.WAV,Telephone Field,recover-20220825,002,1795
1718.7015,1718.7105,27187,38534,Eptesicus serotinus,0.009,0.025,-1,Echolocation,/mnt/ubna_data_01_mir/recover-20220825/UBNA_002/20220823_033000.WAV,Telephone Field,recover-20220825,002,1795
1718.7275,1718.7337,38359,54972,Myotis brandtii,0.012,0.023,-1,Echolocation,/mnt/ubna_data_01_mir/recover-20220825/UBNA_002/20220823_033000.WAV,Telephone Field,recover-20220825,002,1795
1718.7395,1718.7468,27187,38992,Eptesicus serotinus,0.008,0.023,-1,Echolocation,/mnt/ubna_data_01_mir/recover-20220825/UBNA_002/20220823_033000.WAV,Telephone Field,recover-20220825,002,1795
1718.7465,1718.7886,68437,83047,Rhinolophus ferrumequinum,0.028,0.028,-1,Echolocation,/mnt/ubna_data_01_mir/recover-20220825/UBNA_002/20220823_033000.WAV,Telephone Field,recover-20220825,002,1795
1718.7535,1718.7614,27187,36565,Eptesicus serotinus,0.009,0.027,-1,Echolocation,/mnt/ubna_data_01_mir/recover-20220825/UBNA_002/20220823_033000.WAV,Telephone Field,recover-20220825,002,1795
1718.7915,1718.8289,68437,81961,Rhinolophus ferrumequinum,0.023,0.023,-1,Echolocation,/mnt/ubna_data_01_mir/recover-20220825/UBNA_002/20220823_033000.WAV,Telephone Field,recover-20220825,002,1795
1718.7935,1718.7989,29765,44999,Myotis daubentonii,0.025,0.059,-1,Echolocation,/mnt/ubna_data_01_mir/recover-20220825/UBNA_002/20220823_033000.WAV,Telephone Field,recover-20220825,002,1795
1718.8005,1718.8108,41796,48311,Pipistrellus nathusii,0.014,0.024,-1,Echolocation,/mnt/ubna_data_01_mir/recover-20220825/UBNA_002/20220823_033000.WAV,Telephone Field,recover-20220825,002,1795
1718.8215,1718.8278,49531,57979,Pipistrellus pipistrellus,0.02,0.025,-1,Echolocation,/mnt/ubna_data_01_mir/recover-20220825/UBNA_002/20220823_033000.WAV,Telephone Field,recover-20220825,002,1795
1718.8245,1718.8331,28046,37007,Eptesicus serotinus,0.008,0.023,-1,Echolocation,/mnt/ubna_data_01_mir/recover-20220825/UBNA_002/20220823_033000.WAV,Telephone Field,recover-20220825,002,1795
1718.8335,1718.8421,27187,35914,Eptesicus serotinus,0.008,0.023,-1,Echolocation,/mnt/ubna_data_01_mir/recover-20220825/UBNA_002/20220823_033000.WAV,Telephone Field,recover-20220825,002,1795
1718.8435,1718.8838,68437,82664,Rhinolophus ferrumequinum,0.027,0.027,-1,Echolocation,/mnt/ubna_data_01_mir/recover-20220825/UBNA_002/20220823_033000.WAV,Telephone Field,recover-20220825,002,1795
1718.8455,1718.8582,26328,32364,Eptesicus serotinus,0.036,0.066,-1,Echolocation,/mnt/ubna_data_01_mir/recover-20220825/UBNA_002/20220823_033000.WAV,Telephone Field,recover-20220825,002,1795
1718.9175,1718.9565,68437,82429,Rhinolophus ferrumequinum,0.022,0.022,-1,Echolocation,/mnt/ubna_data_01_mir/recover-20220825/UBNA_002/20220823_033000.WAV,Telephone Field,recover-20220825,002,1795
1718.9175,1718.9277,34062,39569,Pipistrellus nathusii,0.012,0.026,-1,Echolocation,/mnt/ubna_data_01_mir/recover-20220825/UBNA_002/20220823_033000.WAV,Telephone Field,recover-20220825,002,1795
1718.9215,1718.931,28046,35843,Eptesicus serotinus,0.013,0.027,-1,Echolocation,/mnt/ubna_data_01_mir/recover-20220825/UBNA_002/20220823_033000.WAV,Telephone Field,recover-20220825,002,1795
1718.9665,1719.0047,68437,82729,Rhinolophus ferrumequinum,0.027,0.027,-1,Echolocation,/mnt/ubna_data_01_mir/recover-20220825/UBNA_002/20220823_033000.WAV,Telephone Field,recover-20220825,002,1795
1718.9685,1718.9841,22031,26753,Nyctalus leisleri,0.018,0.041,-1,Echolocation,/mnt/ubna_data_01_mir/recover-20220825/UBNA_002/20220823_033000.WAV,Telephone Field,recover-20220825,002,1795
1718.9715,1718.9795,40937,49086,Pipistrellus nathusii,0.025,0.039,-1,Echolocation,/mnt/ubna_data_01_mir/recover-20220825/UBNA_002/20220823_033000.WAV,Telephone Field,recover-20220825,002,1795
1719.0085,1719.0154,28906,41241,Myotis daubentonii,0.008,0.028,-1,Echolocation,/mnt/ubna_data_01_mir/recover-20220825/UBNA_002/20220823_033000.WAV,Telephone Field,recover-20220825,002,1795
1719.0665,1719.0738,29765,44909,Myotis daubentonii,0.007,0.024,-1,Echolocation,/mnt/ubna_data_01_mir/recover-20220825/UBNA_002/20220823_033000.WAV,Telephone Field,recover-20220825,002,1795
1719.0785,1719.1189,68437,82190,Rhinolophus ferrumequinum,0.024,0.024,-1,Echolocation,/mnt/ubna_data_01_mir/recover-20220825/UBNA_002/20220823_033000.WAV,Telephone Field,recover-20220825,002,1795
1719.0815,1719.0912,27187,37762,Eptesicus serotinus,0.01,0.026,-1,Echolocation,/mnt/ubna_data_01_mir/recover-20220825/UBNA_002/20220823_033000.WAV,Telephone Field,recover-20220825,002,1795
1719.0835,1719.0918,36640,42291,Pipistrellus nathusii,0.026,0.047,-1,Echolocation,/mnt/ubna_data_01_mir/recover-20220825/UBNA_002/20220823_033000.WAV,Telephone Field,recover-20220825,002,1795
1719.0915,1719.0989,28046,38229,Eptesicus serotinus,0.007,0.023,-1,Echolocation,/mnt/ubna_data_01_mir/recover-20220825/UBNA_002/20220823_033000.WAV,Telephone Field,recover-20220825,002,1795
1719.1015,1719.1123,52109,56188,Pipistrellus pygmaeus,0.03,0.034,-1,Echolocation,/mnt/ubna_data_01_mir/recover-20220825/UBNA_002/20220823_033000.WAV,Telephone Field,recover-20220825,002,1795
1719.1315,1719.1727,68437,82507,Rhinolophus ferrumequinum,0.028,0.028,-1,Echolocation,/mnt/ubna_data_01_mir/recover-20220825/UBNA_002/20220823_033000.WAV,Telephone Field,recover-20220825,002,1795
1719.1405,1719.1503,41796,51682,Pipistrellus nathusii,0.111,0.141,-1,Echolocation,/mnt/ubna_data_01_mir/recover-20220825/UBNA_002/20220823_033000.WAV,Telephone Field,recover-20220825,002,1795
1719.1465,1719.1654,18593,22807,Nyctalus noctula,0.014,0.023,-1,Echolocation,/mnt/ubna_data_01_mir/recover-20220825/UBNA_002/20220823_033000.WAV,Telephone Field,recover-20220825,002,1795
1719.1915,1719.1998,27187,37327,Eptesicus serotinus,0.011,0.026,-1,Echolocation,/mnt/ubna_data_01_mir/recover-20220825/UBNA_002/20220823_033000.WAV,Telephone Field,recover-20220825,002,1795
1719.2195,1719.229,44375,52020,Pipistrellus pipistrellus,0.014,0.031,-1,Echolocation,/mnt/ubna_data_01_mir/recover-20220825/UBNA_002/20220823_033000.WAV,Telephone Field,recover-20220825,002,1795
1719.2225,1719.2309,26328,39513,Eptesicus serotinus,0.012,0.032,-1,Echolocation,/mnt/ubna_data_01_mir/recover-20220825/UBNA_002/20220823_033000.WAV,Telephone Field,recover-20220825,002,1795
1719.2235,1719.2296,38359,50406,Myotis brandtii,0.01,0.024,-1,Echolocation,/mnt/ubna_data_01_mir/recover-20220825/UBNA_002/20220823_033000.WAV,Telephone Field,recover-20220825,002,1795
1719.2425,1719.283,68437,82524,Rhinolophus ferrumequinum,0.025,0.025,-1,Echolocation,/mnt/ubna_data_01_mir/recover-20220825/UBNA_002/20220823_033000.WAV,Telephone Field,recover-20220825,002,1795
1719.2595,1719.2998,68437,82213,Rhinolophus ferrumequinum,0.023,0.023,-1,Echolocation,/mnt/ubna_data_01_mir/recover-20220825/UBNA_002/20220823_033000.WAV,Telephone Field,recover-20220825,002,1795
1719.2645,1719.2730999999999,40078,49206,Pipistrellus nathusii,0.012,0.025,-1,Echolocation,/mnt/ubna_data_01_mir/recover-20220825/UBNA_002/20220823_033000.WAV,Telephone Field,recover-20220825,002,1795
1719.2905,1719.2977,27187,35815,Eptesicus serotinus,0.008,0.025,-1,Echolocation,/mnt/ubna_data_01_mir/recover-20220825/UBNA_002/20220823_033000.WAV,Telephone Field,recover-20220825,002,1795
1719.2915,1719.3305,68437,82840,Rhinolophus ferrumequinum,0.023,0.023,-1,Echolocation,/mnt/ubna_data_01_mir/recover-20220825/UBNA_002/20220823_033000.WAV,Telephone Field,recover-20220825,002,1795
1719.3015,1719.3082,42656,49416,Pipistrellus nathusii,0.328,0.388,-1,Echolocation,/mnt/ubna_data_01_mir/recover-20220825/UBNA_002/20220823_033000.WAV,Telephone Field,recover-20220825,002,1795
1719.3395,1719.3785,68437,82075,Rhinolophus ferrumequinum,0.023,0.023,-1,Echolocation,/mnt/ubna_data_01_mir/recover-20220825/UBNA_002/20220823_033000.WAV,Telephone Field,recover-20220825,002,1795
1719.3775,1719.3838,41796,50024,Pipistrellus nathusii,0.454,0.52,-1,Echolocation,/mnt/ubna_data_01_mir/recover-20220825/UBNA_002/20220823_033000.WAV,Telephone Field,recover-20220825,002,1795
1719.4385,1719.4468,27187,35553,Eptesicus serotinus,0.009,0.024,-1,Echolocation,/mnt/ubna_data_01_mir/recover-20220825/UBNA_002/20220823_033000.WAV,Telephone Field,recover-20220825,002,1795
1719.4695,1719.4779,40937,56614,Pipistrellus nathusii,0.064,0.101,-1,Echolocation,/mnt/ubna_data_01_mir/recover-20220825/UBNA_002/20220823_033000.WAV,Telephone Field,recover-20220825,002,1795
1719.4845,1719.5034,22031,25603,Nyctalus leisleri,0.013,0.023,-1,Echolocation,/mnt/ubna_data_01_mir/recover-20220825/UBNA_002/20220823_033000.WAV,Telephone Field,recover-20220825,002,1795
1719.5145,1719.5237,27187,35386,Eptesicus serotinus,0.009,0.023,-1,Echolocation,/mnt/ubna_data_01_mir/recover-20220825/UBNA_002/20220823_033000.WAV,Telephone Field,recover-20220825,002,1795
1719.5245,1719.5339,27187,35055,Eptesicus serotinus,0.009,0.023,-1,Echolocation,/mnt/ubna_data_01_mir/recover-20220825/UBNA_002/20220823_033000.WAV,Telephone Field,recover-20220825,002,1795
1719.5465,1719.5546,28046,36005,Eptesicus serotinus,0.011,0.027,-1,Echolocation,/mnt/ubna_data_01_mir/recover-20220825/UBNA_002/20220823_033000.WAV,Telephone Field,recover-20220825,002,1795
1719.5625,1719.5697,40937,48418,Pipistrellus nathusii,0.447,0.552,-1,Echolocation,/mnt/ubna_data_01_mir/recover-20220825/UBNA_002/20220823_033000.WAV,Telephone Field,recover-20220825,002,1795
1719.5835,1719.591,50390,58900,Pipistrellus pipistrellus,0.018,0.025,-1,Echolocation,/mnt/ubna_data_01_mir/recover-20220825/UBNA_002/20220823_033000.WAV,Telephone Field,recover-20220825,002,1795
1719.6205,1719.6604,68437,82612,Rhinolophus ferrumequinum,0.026,0.026,-1,Echolocation,/mnt/ubna_data_01_mir/recover-20220825/UBNA_002/20220823_033000.WAV,Telephone Field,recover-20220825,002,1795
1719.6565,1719.6663,41796,48678,Pipistrellus nathusii,0.508,0.537,-1,Echolocation,/mnt/ubna_data_01_mir/recover-20220825/UBNA_002/20220823_033000.WAV,Telephone Field,recover-20220825,002,1795
1719.6705,1719.6794,26328,32969,Eptesicus serotinus,0.01,0.025,-1,Echolocation,/mnt/ubna_data_01_mir/recover-20220825/UBNA_002/20220823_033000.WAV,Telephone Field,recover-20220825,002,1795
1719.6725,1719.6805,16015,25775,Plecotus auritus,0.014,0.024,-1,Echolocation,/mnt/ubna_data_01_mir/recover-20220825/UBNA_002/20220823_033000.WAV,Telephone Field,recover-20220825,002,1795
1719.6725,1719.6807,21171,27575,Plecotus austriacus,0.009,0.026,-1,Echolocation,/mnt/ubna_data_01_mir/recover-20220825/UBNA_002/20220823_033000.WAV,Telephone Field,recover-20220825,002,1795
1719.6975,1719.7098,23750,29552,Nyctalus leisleri,0.009,0.024,-1,Echolocation,/mnt/ubna_data_01_mir/recover-20220825/UBNA_002/20220823_033000.WAV,Telephone Field,recover-20220825,002,1795
1719.7125,1719.7239,26328,33918,Eptesicus serotinus,0.017,0.03,-1,Echolocation,/mnt/ubna_data_01_mir/recover-20220825/UBNA_002/20220823_033000.WAV,Telephone Field,recover-20220825,002,1795
1719.7315,1719.7395,27187,38031,Eptesicus serotinus,0.008,0.024,-1,Echolocation,/mnt/ubna_data_01_mir/recover-20220825/UBNA_002/20220823_033000.WAV,Telephone Field,recover-20220825,002,1795
1719.7455,1719.752,40937,49919,Pipistrellus nathusii,0.291,0.443,-1,Echolocation,/mnt/ubna_data_01_mir/recover-20220825/UBNA_002/20220823_033000.WAV,Telephone Field,recover-20220825,002,1795
1719.7535,1719.7609,26328,35837,Eptesicus serotinus,0.006,0.023,-1,Echolocation,/mnt/ubna_data_01_mir/recover-20220825/UBNA_002/20220823_033000.WAV,Telephone Field,recover-20220825,002,1795
1719.7545,1719.7606,32343,44747,Myotis daubentonii,0.013,0.024,-1,Echolocation,/mnt/ubna_data_01_mir/recover-20220825/UBNA_002/20220823_033000.WAV,Telephone Field,recover-20220825,002,1795
1719.7975,1719.8134,22890,26656,Nyctalus leisleri,0.04,0.072,-1,Echolocation,/mnt/ubna_data_01_mir/recover-20220825/UBNA_002/20220823_033000.WAV,Telephone Field,recover-20220825,002,1795
1719.8145,1719.8212,48671,54538,Pipistrellus pipistrellus,0.022,0.025,-1,Echolocation,/mnt/ubna_data_01_mir/recover-20220825/UBNA_002/20220823_033000.WAV,Telephone Field,recover-20220825,002,1795
1719.8375,1719.8454,40078,47680,Pipistrellus nathusii,0.073,0.115,-1,Echolocation,/mnt/ubna_data_01_mir/recover-20220825/UBNA_002/20220823_033000.WAV,Telephone Field,recover-20220825,002,1795
1719.8435,1719.8662,17734,20770,Nyctalus noctula,0.042,0.062,-1,Echolocation,/mnt/ubna_data_01_mir/recover-20220825/UBNA_002/20220823_033000.WAV,Telephone Field,recover-20220825,002,1795
1719.8755,1719.9164,68437,82632,Rhinolophus ferrumequinum,0.023,0.023,-1,Echolocation,/mnt/ubna_data_01_mir/recover-20220825/UBNA_002/20220823_033000.WAV,Telephone Field,recover-20220825,002,1795
1719.8755,1719.8844,28046,37921,Eptesicus serotinus,0.008,0.023,-1,Echolocation,/mnt/ubna_data_01_mir/recover-20220825/UBNA_002/20220823_033000.WAV,Telephone Field,recover-20220825,002,1795
1719.9285,1719.9342,29765,60335,Myotis brandtii,0.017,0.028,-1,Echolocation,/mnt/ubna_data_01_mir/recover-20220825/UBNA_002/20220823_033000.WAV,Telephone Field,recover-20220825,002,1795
1719.9285,1719.9349,40937,54673,Pipistrellus nathusii,0.564,0.607,-1,Echolocation,/mnt/ubna_data_01_mir/recover-20220825/UBNA_002/20220823_033000.WAV,Telephone Field,recover-20220825,002,1795
1720.0015,1720.0108,22890,29483,Nyctalus leisleri,0.011,0.028,-1,Echolocation,/mnt/ubna_data_01_mir/recover-20220825/UBNA_002/20220823_033000.WAV,Telephone Field,recover-20220825,002,1795
1720.0015,1720.0303,69296,81605,Rhinolophus ferrumequinum,0.037,0.038,-1,Echolocation,/mnt/ubna_data_01_mir/recover-20220825/UBNA_002/20220823_033000.WAV,Telephone Field,recover-20220825,002,1795
1720.0015,1720.0087,46093,52338,Pipistrellus pipistrellus,0.037,0.045,-1,Echolocation,/mnt/ubna_data_01_mir/recover-20220825/UBNA_002/20220823_033000.WAV,Telephone Field,recover-20220825,002,1795
1720.0015,1720.015,17734,22670,Nyctalus leisleri,0.01,0.024,-1,Echolocation,/mnt/ubna_data_01_mir/recover-20220825/UBNA_002/20220823_033000.WAV,Telephone Field,recover-20220825,002,1795
1720.0175,1720.0254,40937,54036,Pipistrellus nathusii,0.103,0.23,-1,Echolocation,/mnt/ubna_data_01_mir/recover-20220825/UBNA_002/20220823_033000.WAV,Telephone Field,recover-20220825,002,1795
1720.0185,1720.0247,31484,59901,Myotis brandtii,0.012,0.027,-1,Echolocation,/mnt/ubna_data_01_mir/recover-20220825/UBNA_002/20220823_033000.WAV,Telephone Field,recover-20220825,002,1795
1720.0235,1720.0314,25468,37200,Eptesicus serotinus,0.006,0.024,-1,Echolocation,/mnt/ubna_data_01_mir/recover-20220825/UBNA_002/20220823_033000.WAV,Telephone Field,recover-20220825,002,1795
1720.0315,1720.0421,23750,29460,Nyctalus leisleri,0.009,0.023,-1,Echolocation,/mnt/ubna_data_01_mir/recover-20220825/UBNA_002/20220823_033000.WAV,Telephone Field,recover-20220825,002,1795
1720.0345,1720.0769,68437,83162,Rhinolophus ferrumequinum,0.036,0.036,-1,Echolocation,/mnt/ubna_data_01_mir/recover-20220825/UBNA_002/20220823_033000.WAV,Telephone Field,recover-20220825,002,1795
1720.0675,1720.105,68437,82207,Rhinolophus ferrumequinum,0.03,0.03,-1,Echolocation,/mnt/ubna_data_01_mir/recover-20220825/UBNA_002/20220823_033000.WAV,Telephone Field,recover-20220825,002,1795
1720.0995,1720.1073,26328,39942,Eptesicus serotinus,0.009,0.025,-1,Echolocation,/mnt/ubna_data_01_mir/recover-20220825/UBNA_002/20220823_033000.WAV,Telephone Field,recover-20220825,002,1795
1720.1005,1720.1086,40078,46726,Myotis daubentonii,0.012,0.033,-1,Echolocation,/mnt/ubna_data_01_mir/recover-20220825/UBNA_002/20220823_033000.WAV,Telephone Field,recover-20220825,002,1795
1720.1145,1720.156,68437,82980,Rhinolophus ferrumequinum,0.037,0.037,-1,Echolocation,/mnt/ubna_data_01_mir/recover-20220825/UBNA_002/20220823_033000.WAV,Telephone Field,recover-20220825,002,1795
1720.1275,1720.1352,37500,44786,Myotis daubentonii,0.009,0.029,-1,Echolocation,/mnt/ubna_data_01_mir/recover-20220825/UBNA_002/20220823_033000.WAV,Telephone Field,recover-20220825,002,1795
1720.1275,1720.1336,32343,47762,Myotis daubentonii,0.015,0.027,-1,Echolocation,/mnt/ubna_data_01_mir/recover-20220825/UBNA_002/20220823_033000.WAV,Telephone Field,recover-20220825,002,1795
1720.1535,1720.1939,68437,81865,Rhinolophus ferrumequinum,0.025,0.025,-1,Echolocation,/mnt/ubna_data_01_mir/recover-20220825/UBNA_002/20220823_033000.WAV,Telephone Field,recover-20220825,002,1795
1720.1735,1720.212,68437,82446,Rhinolophus ferrumequinum,0.024,0.024,-1,Echolocation,/mnt/ubna_data_01_mir/recover-20220825/UBNA_002/20220823_033000.WAV,Telephone Field,recover-20220825,002,1795
1720.1825,1720.1896,27187,36999,Eptesicus serotinus,0.012,0.034,-1,Echolocation,/mnt/ubna_data_01_mir/recover-20220825/UBNA_002/20220823_033000.WAV,Telephone Field,recover-20220825,002,1795
1720.2135,1720.2221,27187,39408,Eptesicus serotinus,0.008,0.025,-1,Echolocation,/mnt/ubna_data_01_mir/recover-20220825/UBNA_002/20220823_033000.WAV,Telephone Field,recover-20220825,002,1795
1720.2175,1720.23,41796,51112,Pipistrellus nathusii,0.071,0.119,-1,Echolocation,/mnt/ubna_data_01_mir/recover-20220825/UBNA_002/20220823_033000.WAV,Telephone Field,recover-20220825,002,1795
1720.2225,1720.2298,27187,45165,Eptesicus serotinus,0.009,0.03,-1,Echolocation,/mnt/ubna_data_01_mir/recover-20220825/UBNA_002/20220823_033000.WAV,Telephone Field,recover-20220825,002,1795
1720.3025,1720.3104,40937,50447,Pipistrellus nathusii,0.012,0.035,-1,Echolocation,/mnt/ubna_data_01_mir/recover-20220825/UBNA_002/20220823_033000.WAV,Telephone Field,recover-20220825,002,1795
1720.3295,1720.3381,28046,38752,Eptesicus serotinus,0.011,0.035,-1,Echolocation,/mnt/ubna_data_01_mir/recover-20220825/UBNA_002/20220823_033000.WAV,Telephone Field,recover-20220825,002,1795
1720.3365,1720.3493,28906,35741,Eptesicus serotinus,0.025,0.04,-1,Echolocation,/mnt/ubna_data_01_mir/recover-20220825/UBNA_002/20220823_033000.WAV,Telephone Field,recover-20220825,002,1795
1720.3405,1720.3774,68437,82279,Rhinolophus ferrumequinum,0.023,0.023,-1,Echolocation,/mnt/ubna_data_01_mir/recover-20220825/UBNA_002/20220823_033000.WAV,Telephone Field,recover-20220825,002,1795
1720.3735,1720.3813,28046,38190,Eptesicus serotinus,0.007,0.024,-1,Echolocation,/mnt/ubna_data_01_mir/recover-20220825/UBNA_002/20220823_033000.WAV,Telephone Field,recover-20220825,002,1795
1720.3875,1720.4286,68437,82548,Rhinolophus ferrumequinum,0.027,0.027,-1,Echolocation,/mnt/ubna_data_01_mir/recover-20220825/UBNA_002/20220823_033000.WAV,Telephone Field,recover-20220825,002,1795
1720.4125,1720.4196,40937,51882,Pipistrellus nathusii,0.1,0.251,-1,Echolocation,/mnt/ubna_data_01_mir/recover-20220825/UBNA_002/20220823_033000.WAV,Telephone Field,recover-20220825,002,1795
1720.4165,1720.423,26328,42468,Eptesicus serotinus,0.007,0.028,-1,Echolocation,/mnt/ubna_data_01_mir/recover-20220825/UBNA_002/20220823_033000.WAV,Telephone Field,recover-20220825,002,1795
1720.4315,1720.4689,68437,81028,Rhinolophus ferrumequinum,0.023,0.023,-1,Echolocation,/mnt/ubna_data_01_mir/recover-20220825/UBNA_002/20220823_033000.WAV,Telephone Field,recover-20220825,002,1795
1720.4545,1720.4661,25468,32979,Eptesicus serotinus,0.014,0.027,-1,Echolocation,/mnt/ubna_data_01_mir/recover-20220825/UBNA_002/20220823_033000.WAV,Telephone Field,recover-20220825,002,1795
1720.4765,1720.4851,40937,46498,Pipistrellus nathusii,0.031,0.07,-1,Echolocation,/mnt/ubna_data_01_mir/recover-20220825/UBNA_002/20220823_033000.WAV,Telephone Field,recover-20220825,002,1795
1720.4795,1720.4847,34062,49404,Myotis daubentonii,0.023,0.048,-1,Echolocation,/mnt/ubna_data_01_mir/recover-20220825/UBNA_002/20220823_033000.WAV,Telephone Field,recover-20220825,002,1795
1720.4935,1720.5299,68437,81337,Rhinolophus ferrumequinum,0.029,0.029,-1,Echolocation,/mnt/ubna_data_01_mir/recover-20220825/UBNA_002/20220823_033000.WAV,Telephone Field,recover-20220825,002,1795
1720.5055,1720.545,68437,81373,Rhinolophus ferrumequinum,0.028,0.028,-1,Echolocation,/mnt/ubna_data_01_mir/recover-20220825/UBNA_002/20220823_033000.WAV,Telephone Field,recover-20220825,002,1795
1720.5935,1720.6361,68437,82495,Rhinolophus ferrumequinum,0.023,0.023,-1,Echolocation,/mnt/ubna_data_01_mir/recover-20220825/UBNA_002/20220823_033000.WAV,Telephone Field,recover-20220825,002,1795
1720.5975,1720.6075,42656,50255,Pipistrellus nathusii,0.066,0.134,-1,Echolocation,/mnt/ubna_data_01_mir/recover-20220825/UBNA_002/20220823_033000.WAV,Telephone Field,recover-20220825,002,1795
1720.6725,1720.713,68437,83369,Rhinolophus ferrumequinum,0.025,0.025,-1,Echolocation,/mnt/ubna_data_01_mir/recover-20220825/UBNA_002/20220823_033000.WAV,Telephone Field,recover-20220825,002,1795
1720.6915,1720.7295,68437,81561,Rhinolophus ferrumequinum,0.026,0.026,-1,Echolocation,/mnt/ubna_data_01_mir/recover-20220825/UBNA_002/20220823_033000.WAV,Telephone Field,recover-20220825,002,1795
1720.7175,1720.7576,68437,82111,Rhinolophus ferrumequinum,0.027,0.027,-1,Echolocation,/mnt/ubna_data_01_mir/recover-20220825/UBNA_002/20220823_033000.WAV,Telephone Field,recover-20220825,002,1795
1720.7665,1720.8103,68437,82909,Rhinolophus ferrumequinum,0.04,0.04,-1,Echolocation,/mnt/ubna_data_01_mir/recover-20220825/UBNA_002/20220823_033000.WAV,Telephone Field,recover-20220825,002,1795
1720.7705,1720.7774,23750,34061,Plecotus austriacus,0.017,0.038,-1,Echolocation,/mnt/ubna_data_01_mir/recover-20220825/UBNA_002/20220823_033000.WAV,Telephone Field,recover-20220825,002,1795
1720.7975,1720.8358,68437,82608,Rhinolophus ferrumequinum,0.023,0.023,-1,Echolocation,/mnt/ubna_data_01_mir/recover-20220825/UBNA_002/20220823_033000.WAV,Telephone Field,recover-20220825,002,1795
1720.8035,1720.8422,68437,82467,Rhinolophus ferrumequinum,0.024,0.024,-1,Echolocation,/mnt/ubna_data_01_mir/recover-20220825/UBNA_002/20220823_033000.WAV,Telephone Field,recover-20220825,002,1795
1720.8425,1720.881,68437,81766,Rhinolophus ferrumequinum,0.023,0.023,-1,Echolocation,/mnt/ubna_data_01_mir/recover-20220825/UBNA_002/20220823_033000.WAV,Telephone Field,recover-20220825,002,1795
1720.8715,1720.8815,28046,37311,Eptesicus serotinus,0.012,0.027,-1,Echolocation,/mnt/ubna_data_01_mir/recover-20220825/UBNA_002/20220823_033000.WAV,Telephone Field,recover-20220825,002,1795
1720.8965,1720.9069,24609,32109,Eptesicus serotinus,0.009,0.023,-1,Echolocation,/mnt/ubna_data_01_mir/recover-20220825/UBNA_002/20220823_033000.WAV,Telephone Field,recover-20220825,002,1795
1720.8985,1720.9383,68437,82225,Rhinolophus ferrumequinum,0.025,0.025,-1,Echolocation,/mnt/ubna_data_01_mir/recover-20220825/UBNA_002/20220823_033000.WAV,Telephone Field,recover-20220825,002,1795
1720.9225,1720.9315,27187,36220,Eptesicus serotinus,0.009,0.024,-1,Echolocation,/mnt/ubna_data_01_mir/recover-20220825/UBNA_002/20220823_033000.WAV,Telephone Field,recover-20220825,002,1795
1720.9785,1720.987,25468,33658,Eptesicus serotinus,0.007,0.023,-1,Echolocation,/mnt/ubna_data_01_mir/recover-20220825/UBNA_002/20220823_033000.WAV,Telephone Field,recover-20220825,002,1795
1720.9935,1721.0298,68437,82268,Rhinolophus ferrumequinum,0.032,0.033,-1,Echolocation,/mnt/ubna_data_01_mir/recover-20220825/UBNA_002/20220823_033000.WAV,Telephone Field,recover-20220825,002,1795
1720.9985,1721.0082,24609,31811,Nyctalus leisleri,0.007,0.023,-1,Echolocation,/mnt/ubna_data_01_mir/recover-20220825/UBNA_002/20220823_033000.WAV,Telephone Field,recover-20220825,002,1795
1721.0205,1721.0288,28046,39326,Eptesicus serotinus,0.009,0.026,-1,Echolocation,/mnt/ubna_data_01_mir/recover-20220825/UBNA_002/20220823_033000.WAV,Telephone Field,recover-20220825,002,1795
1721.0255,1721.044,17734,21809,Nyctalus noctula,0.018,0.027,-1,Echolocation,/mnt/ubna_data_01_mir/recover-20220825/UBNA_002/20220823_033000.WAV,Telephone Field,recover-20220825,002,1795
1721.0855,1721.0967,32343,39370,Eptesicus serotinus,0.015,0.041,-1,Echolocation,/mnt/ubna_data_01_mir/recover-20220825/UBNA_002/20220823_033000.WAV,Telephone Field,recover-20220825,002,1795
1721.1125,1721.1202,27187,35732,Eptesicus serotinus,0.01,0.029,-1,Echolocation,/mnt/ubna_data_01_mir/recover-20220825/UBNA_002/20220823_033000.WAV,Telephone Field,recover-20220825,002,1795
1721.1255,1721.1617,68437,81461,Rhinolophus ferrumequinum,0.025,0.025,-1,Echolocation,/mnt/ubna_data_01_mir/recover-20220825/UBNA_002/20220823_033000.WAV,Telephone Field,recover-20220825,002,1795
1721.1475,1721.1563,26328,34797,Eptesicus serotinus,0.014,0.033,-1,Echolocation,/mnt/ubna_data_01_mir/recover-20220825/UBNA_002/20220823_033000.WAV,Telephone Field,recover-20220825,002,1795
1721.1595,1721.1952,68437,81867,Rhinolophus ferrumequinum,0.023,0.023,-1,Echolocation,/mnt/ubna_data_01_mir/recover-20220825/UBNA_002/20220823_033000.WAV,Telephone Field,recover-20220825,002,1795
1721.1635,1721.1722,27187,39145,Eptesicus serotinus,0.009,0.024,-1,Echolocation,/mnt/ubna_data_01_mir/recover-20220825/UBNA_002/20220823_033000.WAV,Telephone Field,recover-20220825,002,1795
1721.1835,1721.1928,28046,34939,Eptesicus serotinus,0.033,0.064,-1,Echolocation,/mnt/ubna_data_01_mir/recover-20220825/UBNA_002/20220823_033000.WAV,Telephone Field,recover-20220825,002,1795
1721.2085,1721.2517,68437,83066,Rhinolophus ferrumequinum,0.032,0.032,-1,Echolocation,/mnt/ubna_data_01_mir/recover-20220825/UBNA_002/20220823_033000.WAV,Telephone Field,recover-20220825,002,1795
1721.2285,1721.2686,68437,82713,Rhinolophus ferrumequinum,0.031,0.031,-1,Echolocation,/mnt/ubna_data_01_mir/recover-20220825/UBNA_002/20220823_033000.WAV,Telephone Field,recover-20220825,002,1795
1721.2635,1721.3005,68437,81515,Rhinolophus ferrumequinum,0.03,0.03,-1,Echolocation,/mnt/ubna_data_01_mir/recover-20220825/UBNA_002/20220823_033000.WAV,Telephone Field,recover-20220825,002,1795
1721.2715,1721.2818,26328,34268,Eptesicus serotinus,0.013,0.029,-1,Echolocation,/mnt/ubna_data_01_mir/recover-20220825/UBNA_002/20220823_033000.WAV,Telephone Field,recover-20220825,002,1795
1721.3255,1721.3369,41796,52245,Pipistrellus nathusii,0.011,0.027,-1,Echolocation,/mnt/ubna_data_01_mir/recover-20220825/UBNA_002/20220823_033000.WAV,Telephone Field,recover-20220825,002,1795
1721.3275,1721.3378,23750,30264,Nyctalus leisleri,0.009,0.024,-1,Echolocation,/mnt/ubna_data_01_mir/recover-20220825/UBNA_002/20220823_033000.WAV,Telephone Field,recover-20220825,002,1795
1721.4055,1721.4131,27187,42719,Eptesicus serotinus,0.008,0.024,-1,Echolocation,/mnt/ubna_data_01_mir/recover-20220825/UBNA_002/20220823_033000.WAV,Telephone Field,recover-20220825,002,1795
1721.4075,1721.4156,35781,46594,Myotis brandtii,0.007,0.029,-1,Echolocation,/mnt/ubna_data_01_mir/recover-20220825/UBNA_002/20220823_033000.WAV,Telephone Field,recover-20220825,002,1795
1721.4105,1721.45,68437,82963,Rhinolophus ferrumequinum,0.029,0.029,-1,Echolocation,/mnt/ubna_data_01_mir/recover-20220825/UBNA_002/20220823_033000.WAV,Telephone Field,recover-20220825,002,1795
1721.4335,1721.444,55546,61644,Pipistrellus pygmaeus,0.023,0.025,-1,Echolocation,/mnt/ubna_data_01_mir/recover-20220825/UBNA_002/20220823_033000.WAV,Telephone Field,recover-20220825,002,1795
1721.4695,1721.5047,68437,81448,Rhinolophus ferrumequinum,0.023,0.023,-1,Echolocation,/mnt/ubna_data_01_mir/recover-20220825/UBNA_002/20220823_033000.WAV,Telephone Field,recover-20220825,002,1795
1721.4875,1721.5263,68437,82596,Rhinolophus ferrumequinum,0.026,0.026,-1,Echolocation,/mnt/ubna_data_01_mir/recover-20220825/UBNA_002/20220823_033000.WAV,Telephone Field,recover-20220825,002,1795
1721.5015,1721.5427,68437,82711,Rhinolophus ferrumequinum,0.025,0.025,-1,Echolocation,/mnt/ubna_data_01_mir/recover-20220825/UBNA_002/20220823_033000.WAV,Telephone Field,recover-20220825,002,1795
1721.5425,1721.549,51250,58728,Pipistrellus pipistrellus,0.021,0.027,-1,Echolocation,/mnt/ubna_data_01_mir/recover-20220825/UBNA_002/20220823_033000.WAV,Telephone Field,recover-20220825,002,1795
1721.5675,1721.6112,68437,83041,Rhinolophus ferrumequinum,0.032,0.032,-1,Echolocation,/mnt/ubna_data_01_mir/recover-20220825/UBNA_002/20220823_033000.WAV,Telephone Field,recover-20220825,002,1795
1721.5885,1721.596,46093,57276,Pipistrellus pipistrellus,0.013,0.024,-1,Echolocation,/mnt/ubna_data_01_mir/recover-20220825/UBNA_002/20220823_033000.WAV,Telephone Field,recover-20220825,002,1795
1721.6285,1721.67,68437,82564,Rhinolophus ferrumequinum,0.029,0.029,-1,Echolocation,/mnt/ubna_data_01_mir/recover-20220825/UBNA_002/20220823_033000.WAV,Telephone Field,recover-20220825,002,1795
1721.6815,1721.6918,45234,48388,Pipistrellus pipistrellus,0.04,0.045,-1,Echolocation,/mnt/ubna_data_01_mir/recover-20220825/UBNA_002/20220823_033000.WAV,Telephone Field,recover-20220825,002,1795
1721.6955,1721.732,68437,82073,Rhinolophus ferrumequinum,0.024,0.025,-1,Echolocation,/mnt/ubna_data_01_mir/recover-20220825/UBNA_002/20220823_033000.WAV,Telephone Field,recover-20220825,002,1795
1721.7055,1721.7126,26328,42461,Eptesicus serotinus,0.009,0.033,-1,Echolocation,/mnt/ubna_data_01_mir/recover-20220825/UBNA_002/20220823_033000.WAV,Telephone Field,recover-20220825,002,1795
1721.7155,1721.7355,18593,22248,Nyctalus noctula,0.019,0.031,-1,Echolocation,/mnt/ubna_data_01_mir/recover-20220825/UBNA_002/20220823_033000.WAV,Telephone Field,recover-20220825,002,1795
1721.7305,1721.7369,25468,41864,Myotis nattereri,0.009,0.025,-1,Echolocation,/mnt/ubna_data_01_mir/recover-20220825/UBNA_002/20220823_033000.WAV,Telephone Field,recover-20220825,002,1795
1721.7445,1721.7523,28046,36667,Eptesicus serotinus,0.009,0.025,-1,Echolocation,/mnt/ubna_data_01_mir/recover-20220825/UBNA_002/20220823_033000.WAV,Telephone Field,recover-20220825,002,1795
1721.7605,1721.7708,44375,49686,Pipistrellus pipistrellus,0.017,0.023,-1,Echolocation,/mnt/ubna_data_01_mir/recover-20220825/UBNA_002/20220823_033000.WAV,Telephone Field,recover-20220825,002,1795
1721.7815,1721.8233,68437,82846,Rhinolophus ferrumequinum,0.04,0.04,-1,Echolocation,/mnt/ubna_data_01_mir/recover-20220825/UBNA_002/20220823_033000.WAV,Telephone Field,recover-20220825,002,1795
1721.7915,1721.7999,27187,39970,Eptesicus serotinus,0.008,0.023,-1,Echolocation,/mnt/ubna_data_01_mir/recover-20220825/UBNA_002/20220823_033000.WAV,Telephone Field,recover-20220825,002,1795
1721.8165,1721.8594,68437,82752,Rhinolophus ferrumequinum,0.042,0.042,-1,Echolocation,/mnt/ubna_data_01_mir/recover-20220825/UBNA_002/20220823_033000.WAV,Telephone Field,recover-20220825,002,1795
1721.8175,1721.8244,27187,38925,Eptesicus serotinus,0.007,0.027,-1,Echolocation,/mnt/ubna_data_01_mir/recover-20220825/UBNA_002/20220823_033000.WAV,Telephone Field,recover-20220825,002,1795
1721.8455,1721.853,28046,38247,Eptesicus serotinus,0.008,0.024,-1,Echolocation,/mnt/ubna_data_01_mir/recover-20220825/UBNA_002/20220823_033000.WAV,Telephone Field,recover-20220825,002,1795
1721.8805,1721.8893,44375,52895,Pipistrellus pipistrellus,0.022,0.031,-1,Echolocation,/mnt/ubna_data_01_mir/recover-20220825/UBNA_002/20220823_033000.WAV,Telephone Field,recover-20220825,002,1795
1721.9155,1721.9239,43515,54060,Pipistrellus pipistrellus,0.01,0.026,-1,Echolocation,/mnt/ubna_data_01_mir/recover-20220825/UBNA_002/20220823_033000.WAV,Telephone Field,recover-20220825,002,1795
1721.9575,1721.9651,27187,38369,Eptesicus serotinus,0.007,0.024,-1,Echolocation,/mnt/ubna_data_01_mir/recover-20220825/UBNA_002/20220823_033000.WAV,Telephone Field,recover-20220825,002,1795
1722.0015,1722.032,69296,81551,Rhinolophus ferrumequinum,0.03,0.03,-1,Echolocation,/mnt/ubna_data_01_mir/recover-20220825/UBNA_002/20220823_033000.WAV,Telephone Field,recover-20220825,002,1795
1722.0015,1722.0106,23750,30074,Nyctalus leisleri,0.012,0.03,-1,Echolocation,/mnt/ubna_data_01_mir/recover-20220825/UBNA_002/20220823_033000.WAV,Telephone Field,recover-20220825,002,1795
1722.0105,1722.0173,26328,40808,Eptesicus serotinus,0.006,0.026,-1,Echolocation,/mnt/ubna_data_01_mir/recover-20220825/UBNA_002/20220823_033000.WAV,Telephone Field,recover-20220825,002,1795
1722.0125,1722.0205,36640,45298,Myotis daubentonii,0.011,0.042,-1,Echolocation,/mnt/ubna_data_01_mir/recover-20220825/UBNA_002/20220823_033000.WAV,Telephone Field,recover-20220825,002,1795
1722.0305,1722.0689,68437,82253,Rhinolophus ferrumequinum,0.024,0.024,-1,Echolocation,/mnt/ubna_data_01_mir/recover-20220825/UBNA_002/20220823_033000.WAV,Telephone Field,recover-20220825,002,1795
1722.0415,1722.0524,23750,29451,Nyctalus leisleri,0.012,0.027,-1,Echolocation,/mnt/ubna_data_01_mir/recover-20220825/UBNA_002/20220823_033000.WAV,Telephone Field,recover-20220825,002,1795
1722.0455,1722.0839,68437,81524,Rhinolophus ferrumequinum,0.021,0.022,-1,Echolocation,/mnt/ubna_data_01_mir/recover-20220825/UBNA_002/20220823_033000.WAV,Telephone Field,recover-20220825,002,1795
1722.0555,1722.0918,68437,82228,Rhinolophus ferrumequinum,0.027,0.027,-1,Echolocation,/mnt/ubna_data_01_mir/recover-20220825/UBNA_002/20220823_033000.WAV,Telephone Field,recover-20220825,002,1795
1722.0825,1722.0905,27187,40738,Eptesicus serotinus,0.008,0.022,-1,Echolocation,/mnt/ubna_data_01_mir/recover-20220825/UBNA_002/20220823_033000.WAV,Telephone Field,recover-20220825,002,1795
1722.1425,1722.1807,68437,82329,Rhinolophus ferrumequinum,0.024,0.024,-1,Echolocation,/mnt/ubna_data_01_mir/recover-20220825/UBNA_002/20220823_033000.WAV,Telephone Field,recover-20220825,002,1795
1722.2345,1722.2455,22890,29652,Nyctalus leisleri,0.011,0.031,-1,Echolocation,/mnt/ubna_data_01_mir/recover-20220825/UBNA_002/20220823_033000.WAV,Telephone Field,recover-20220825,002,1795
1722.2585,1722.2697,22890,27751,Nyctalus leisleri,0.01,0.022,-1,Echolocation,/mnt/ubna_data_01_mir/recover-20220825/UBNA_002/20220823_033000.WAV,Telephone Field,recover-20220825,002,1795
1722.3485,1722.3878,68437,82205,Rhinolophus ferrumequinum,0.022,0.022,-1,Echolocation,/mnt/ubna_data_01_mir/recover-20220825/UBNA_002/20220823_033000.WAV,Telephone Field,recover-20220825,002,1795
1722.3905,1722.4265,68437,81606,Rhinolophus ferrumequinum,0.022,0.022,-1,Echolocation,/mnt/ubna_data_01_mir/recover-20220825/UBNA_002/20220823_033000.WAV,Telephone Field,recover-20220825,002,1795
1722.4405,1722.4793,68437,81783,Rhinolophus ferrumequinum,0.021,0.021,-1,Echolocation,/mnt/ubna_data_01_mir/recover-20220825/UBNA_002/20220823_033000.WAV,Telephone Field,recover-20220825,002,1795
1722.4435,1722.453,22031,27333,Plecotus austriacus,0.011,0.028,-1,Echolocation,/mnt/ubna_data_01_mir/recover-20220825/UBNA_002/20220823_033000.WAV,Telephone Field,recover-20220825,002,1795
1722.4635,1722.5,68437,82206,Rhinolophus ferrumequinum,0.024,0.024,-1,Echolocation,/mnt/ubna_data_01_mir/recover-20220825/UBNA_002/20220823_033000.WAV,Telephone Field,recover-20220825,002,1795
1722.4745,1722.5149,68437,82693,Rhinolophus ferrumequinum,0.026,0.026,-1,Echolocation,/mnt/ubna_data_01_mir/recover-20220825/UBNA_002/20220823_033000.WAV,Telephone Field,recover-20220825,002,1795
1722.4865,1722.4944,31484,43669,Myotis daubentonii,0.008,0.023,-1,Echolocation,/mnt/ubna_data_01_mir/recover-20220825/UBNA_002/20220823_033000.WAV,Telephone Field,recover-20220825,002,1795
1722.4975,1722.5365,68437,82010,Rhinolophus ferrumequinum,0.021,0.022,-1,Echolocation,/mnt/ubna_data_01_mir/recover-20220825/UBNA_002/20220823_033000.WAV,Telephone Field,recover-20220825,002,1795
1722.5035,1722.5105,26328,39956,Eptesicus serotinus,0.006,0.022,-1,Echolocation,/mnt/ubna_data_01_mir/recover-20220825/UBNA_002/20220823_033000.WAV,Telephone Field,recover-20220825,002,1795
1722.5145,1722.5565,68437,83197,Rhinolophus ferrumequinum,0.022,0.022,-1,Echolocation,/mnt/ubna_data_01_mir/recover-20220825/UBNA_002/20220823_033000.WAV,Telephone Field,recover-20220825,002,1795
1722.5325,1722.5722,68437,82002,Rhinolophus ferrumequinum,0.023,0.023,-1,Echolocation,/mnt/ubna_data_01_mir/recover-20220825/UBNA_002/20220823_033000.WAV,Telephone Field,recover-20220825,002,1795
1722.5715,1722.5817,56406,60729,Pipistrellus pygmaeus,0.031,0.032,-1,Echolocation,/mnt/ubna_data_01_mir/recover-20220825/UBNA_002/20220823_033000.WAV,Telephone Field,recover-20220825,002,1795
1722.5855,1722.6242,68437,81850,Rhinolophus ferrumequinum,0.023,0.023,-1,Echolocation,/mnt/ubna_data_01_mir/recover-20220825/UBNA_002/20220823_033000.WAV,Telephone Field,recover-20220825,002,1795
1722.5915,1722.6298,68437,82685,Rhinolophus ferrumequinum,0.023,0.023,-1,Echolocation,/mnt/ubna_data_01_mir/recover-20220825/UBNA_002/20220823_033000.WAV,Telephone Field,recover-20220825,002,1795
1722.5965,1722.6349,68437,83131,Rhinolophus ferrumequinum,0.023,0.023,-1,Echolocation,/mnt/ubna_data_01_mir/recover-20220825/UBNA_002/20220823_033000.WAV,Telephone Field,recover-20220825,002,1795
1722.6265,1722.6325,28046,44781,Plecotus auritus,0.007,0.035,-1,Echolocation,/mnt/ubna_data_01_mir/recover-20220825/UBNA_002/20220823_033000.WAV,Telephone Field,recover-20220825,002,1795
1722.6925,1722.7024,28906,37922,Eptesicus serotinus,0.014,0.03,-1,Echolocation,/mnt/ubna_data_01_mir/recover-20220825/UBNA_002/20220823_033000.WAV,Telephone Field,recover-20220825,002,1795
1722.7115,1722.7225,26328,32429,Eptesicus serotinus,0.011,0.024,-1,Echolocation,/mnt/ubna_data_01_mir/recover-20220825/UBNA_002/20220823_033000.WAV,Telephone Field,recover-20220825,002,1795
1722.7235,1722.7644,68437,82883,Rhinolophus ferrumequinum,0.023,0.023,-1,Echolocation,/mnt/ubna_data_01_mir/recover-20220825/UBNA_002/20220823_033000.WAV,Telephone Field,recover-20220825,002,1795
1722.7375,1722.7739,68437,82241,Rhinolophus ferrumequinum,0.022,0.022,-1,Echolocation,/mnt/ubna_data_01_mir/recover-20220825/UBNA_002/20220823_033000.WAV,Telephone Field,recover-20220825,002,1795
1722.7605,1722.7723,22031,27179,Nyctalus leisleri,0.01,0.024,-1,Echolocation,/mnt/ubna_data_01_mir/recover-20220825/UBNA_002/20220823_033000.WAV,Telephone Field,recover-20220825,002,1795
1722.7865,1722.7962,28046,37102,Eptesicus serotinus,0.01,0.024,-1,Echolocation,/mnt/ubna_data_01_mir/recover-20220825/UBNA_002/20220823_033000.WAV,Telephone Field,recover-20220825,002,1795
1722.8045,1722.845,68437,82519,Rhinolophus ferrumequinum,0.021,0.021,-1,Echolocation,/mnt/ubna_data_01_mir/recover-20220825/UBNA_002/20220823_033000.WAV,Telephone Field,recover-20220825,002,1795
1722.8275,1722.8383,28046,35760,Eptesicus serotinus,0.015,0.03,-1,Echolocation,/mnt/ubna_data_01_mir/recover-20220825/UBNA_002/20220823_033000.WAV,Telephone Field,recover-20220825,002,1795
1722.8575,1722.8648,26328,35865,Eptesicus serotinus,0.008,0.024,-1,Echolocation,/mnt/ubna_data_01_mir/recover-20220825/UBNA_002/20220823_033000.WAV,Telephone Field,recover-20220825,002,1795
1722.8665,1722.9076,68437,82278,Rhinolophus ferrumequinum,0.021,0.021,-1,Echolocation,/mnt/ubna_data_01_mir/recover-20220825/UBNA_002/20220823_033000.WAV,Telephone Field,recover-20220825,002,1795
1722.8745,1722.9144000000001,68437,82799,Rhinolophus ferrumequinum,0.025,0.025,-1,Echolocation,/mnt/ubna_data_01_mir/recover-20220825/UBNA_002/20220823_033000.WAV,Telephone Field,recover-20220825,002,1795
1722.8865,1722.9264,68437,82243,Rhinolophus ferrumequinum,0.022,0.023,-1,Echolocation,/mnt/ubna_data_01_mir/recover-20220825/UBNA_002/20220823_033000.WAV,Telephone Field,recover-20220825,002,1795
1722.8935,1722.9318,68437,82011,Rhinolophus ferrumequinum,0.023,0.023,-1,Echolocation,/mnt/ubna_data_01_mir/recover-20220825/UBNA_002/20220823_033000.WAV,Telephone Field,recover-20220825,002,1795
1722.8995,1722.9072,27187,40320,Eptesicus serotinus,0.007,0.022,-1,Echolocation,/mnt/ubna_data_01_mir/recover-20220825/UBNA_002/20220823_033000.WAV,Telephone Field,recover-20220825,002,1795
1722.9195,1722.9295,22031,27100,Nyctalus leisleri,0.01,0.021,-1,Echolocation,/mnt/ubna_data_01_mir/recover-20220825/UBNA_002/20220823_033000.WAV,Telephone Field,recover-20220825,002,1795
1722.9715,1722.9795,28046,37969,Eptesicus serotinus,0.008,0.022,-1,Echolocation,/mnt/ubna_data_01_mir/recover-20220825/UBNA_002/20220823_033000.WAV,Telephone Field,recover-20220825,002,1795
1722.9875,1723.0273,68437,82116,Rhinolophus ferrumequinum,0.024,0.024,-1,Echolocation,/mnt/ubna_data_01_mir/recover-20220825/UBNA_002/20220823_033000.WAV,Telephone Field,recover-20220825,002,1795
1723.0405,1723.0495,37500,44882,Myotis daubentonii,0.006,0.021,-1,Echolocation,/mnt/ubna_data_01_mir/recover-20220825/UBNA_002/20220823_033000.WAV,Telephone Field,recover-20220825,002,1795
1723.0785,1723.0945,22031,26165,Nyctalus leisleri,0.02,0.036,-1,Echolocation,/mnt/ubna_data_01_mir/recover-20220825/UBNA_002/20220823_033000.WAV,Telephone Field,recover-20220825,002,1795
1723.0995,1723.1398,68437,82504,Rhinolophus ferrumequinum,0.021,0.021,-1,Echolocation,/mnt/ubna_data_01_mir/recover-20220825/UBNA_002/20220823_033000.WAV,Telephone Field,recover-20220825,002,1795
1723.1345,1723.1771,68437,82857,Rhinolophus ferrumequinum,0.03,0.03,-1,Echolocation,/mnt/ubna_data_01_mir/recover-20220825/UBNA_002/20220823_033000.WAV,Telephone Field,recover-20220825,002,1795
1723.1355,1723.1473,36640,42213,Pipistrellus nathusii,0.007,0.027,-1,Echolocation,/mnt/ubna_data_01_mir/recover-20220825/UBNA_002/20220823_033000.WAV,Telephone Field,recover-20220825,002,1795
1723.1905,1723.2279,68437,82177,Rhinolophus ferrumequinum,0.021,0.021,-1,Echolocation,/mnt/ubna_data_01_mir/recover-20220825/UBNA_002/20220823_033000.WAV,Telephone Field,recover-20220825,002,1795
1723.1995,1723.2405,68437,82275,Rhinolophus ferrumequinum,0.022,0.022,-1,Echolocation,/mnt/ubna_data_01_mir/recover-20220825/UBNA_002/20220823_033000.WAV,Telephone Field,recover-20220825,002,1795
1723.2115,1723.2205,30625,38791,Eptesicus serotinus,0.007,0.022,-1,Echolocation,/mnt/ubna_data_01_mir/recover-20220825/UBNA_002/20220823_033000.WAV,Telephone Field,recover-20220825,002,1795
1723.2375,1723.2769,68437,82451,Rhinolophus ferrumequinum,0.022,0.022,-1,Echolocation,/mnt/ubna_data_01_mir/recover-20220825/UBNA_002/20220823_033000.WAV,Telephone Field,recover-20220825,002,1795
1723.2625,1723.3062,68437,83540,Rhinolophus ferrumequinum,0.045,0.045,-1,Echolocation,/mnt/ubna_data_01_mir/recover-20220825/UBNA_002/20220823_033000.WAV,Telephone Field,recover-20220825,002,1795
1723.2665,1723.2752,28046,36992,Eptesicus serotinus,0.009,0.023,-1,Echolocation,/mnt/ubna_data_01_mir/recover-20220825/UBNA_002/20220823_033000.WAV,Telephone Field,recover-20220825,002,1795
1723.2715,1723.3087,68437,82519,Rhinolophus ferrumequinum,0.022,0.022,-1,Echolocation,/mnt/ubna_data_01_mir/recover-20220825/UBNA_002/20220823_033000.WAV,Telephone Field,recover-20220825,002,1795
1723.2825,1723.3215,68437,82184,Rhinolophus ferrumequinum,0.024,0.024,-1,Echolocation,/mnt/ubna_data_01_mir/recover-20220825/UBNA_002/20220823_033000.WAV,Telephone Field,recover-20220825,002,1795
1723.2895,1723.3298,68437,82019,Rhinolophus ferrumequinum,0.023,0.023,-1,Echolocation,/mnt/ubna_data_01_mir/recover-20220825/UBNA_002/20220823_033000.WAV,Telephone Field,recover-20220825,002,1795
1723.3185,1723.3261,27187,39743,Eptesicus serotinus,0.007,0.022,-1,Echolocation,/mnt/ubna_data_01_mir/recover-20220825/UBNA_002/20220823_033000.WAV,Telephone Field,recover-20220825,002,1795
1723.3475,1723.3912,68437,83644,Rhinolophus ferrumequinum,0.025,0.025,-1,Echolocation,/mnt/ubna_data_01_mir/recover-20220825/UBNA_002/20220823_033000.WAV,Telephone Field,recover-20220825,002,1795
1723.3865,1723.3995,22890,27967,Nyctalus leisleri,0.016,0.029,-1,Echolocation,/mnt/ubna_data_01_mir/recover-20220825/UBNA_002/20220823_033000.WAV,Telephone Field,recover-20220825,002,1795
1723.3885,1723.4315,68437,83372,Rhinolophus ferrumequinum,0.03,0.03,-1,Echolocation,/mnt/ubna_data_01_mir/recover-20220825/UBNA_002/20220823_033000.WAV,Telephone Field,recover-20220825,002,1795
1723.4065,1723.4483,68437,82129,Rhinolophus ferrumequinum,0.022,0.022,-1,Echolocation,/mnt/ubna_data_01_mir/recover-20220825/UBNA_002/20220823_033000.WAV,Telephone Field,recover-20220825,002,1795
1723.4335,1723.4426,22031,28463,Plecotus austriacus,0.009,0.024,-1,Echolocation,/mnt/ubna_data_01_mir/recover-20220825/UBNA_002/20220823_033000.WAV,Telephone Field,recover-20220825,002,1795
1723.4355,1723.4477,35781,41277,Pipistrellus nathusii,0.008,0.028,-1,Echolocation,/mnt/ubna_data_01_mir/recover-20220825/UBNA_002/20220823_033000.WAV,Telephone Field,recover-20220825,002,1795
1723.5125,1723.5548,68437,82073,Rhinolophus ferrumequinum,0.023,0.023,-1,Echolocation,/mnt/ubna_data_01_mir/recover-20220825/UBNA_002/20220823_033000.WAV,Telephone Field,recover-20220825,002,1795
1723.5525,1723.5625,26328,34210,Eptesicus serotinus,0.01,0.022,-1,Echolocation,/mnt/ubna_data_01_mir/recover-20220825/UBNA_002/20220823_033000.WAV,Telephone Field,recover-20220825,002,1795
1723.5575,1723.5959,68437,81595,Rhinolophus ferrumequinum,0.023,0.023,-1,Echolocation,/mnt/ubna_data_01_mir/recover-20220825/UBNA_002/20220823_033000.WAV,Telephone Field,recover-20220825,002,1795
1723.5715,1723.6127,68437,82862,Rhinolophus ferrumequinum,0.027,0.027,-1,Echolocation,/mnt/ubna_data_01_mir/recover-20220825/UBNA_002/20220823_033000.WAV,Telephone Field,recover-20220825,002,1795
1723.6055,1723.6425,68437,81656,Rhinolophus ferrumequinum,0.026,0.026,-1,Echolocation,/mnt/ubna_data_01_mir/recover-20220825/UBNA_002/20220823_033000.WAV,Telephone Field,recover-20220825,002,1795
1723.6075,1723.6163,27187,37523,Eptesicus serotinus,0.008,0.022,-1,Echolocation,/mnt/ubna_data_01_mir/recover-20220825/UBNA_002/20220823_033000.WAV,Telephone Field,recover-20220825,002,1795
1723.6315,1723.6397,25468,34038,Eptesicus serotinus,0.007,0.021,-1,Echolocation,/mnt/ubna_data_01_mir/recover-20220825/UBNA_002/20220823_033000.WAV,Telephone Field,recover-20220825,002,1795
1723.6485,1723.6589,28906,36072,Eptesicus serotinus,0.011,0.026,-1,Echolocation,/mnt/ubna_data_01_mir/recover-20220825/UBNA_002/20220823_033000.WAV,Telephone Field,recover-20220825,002,1795
1723.7365,1723.7451,27187,39741,Eptesicus serotinus,0.008,0.022,-1,Echolocation,/mnt/ubna_data_01_mir/recover-20220825/UBNA_002/20220823_033000.WAV,Telephone Field,recover-20220825,002,1795
1723.7395,1723.7473,34921,41811,Barbastellus barbastellus,0.023,0.044,-1,Echolocation,/mnt/ubna_data_01_mir/recover-20220825/UBNA_002/20220823_033000.WAV,Telephone Field,recover-20220825,002,1795
1723.7595,1723.7682,22890,29856,Plecotus austriacus,0.008,0.022,-1,Echolocation,/mnt/ubna_data_01_mir/recover-20220825/UBNA_002/20220823_033000.WAV,Telephone Field,recover-20220825,002,1795
1723.7735,1723.8108,68437,81146,Rhinolophus ferrumequinum,0.022,0.022,-1,Echolocation,/mnt/ubna_data_01_mir/recover-20220825/UBNA_002/20220823_033000.WAV,Telephone Field,recover-20220825,002,1795
1723.8075,1723.8166,51250,55535,Pipistrellus pipistrellus,0.03,0.038,-1,Echolocation,/mnt/ubna_data_01_mir/recover-20220825/UBNA_002/20220823_033000.WAV,Telephone Field,recover-20220825,002,1795
1723.8655,1723.8752,24609,32237,Eptesicus serotinus,0.008,0.025,-1,Echolocation,/mnt/ubna_data_01_mir/recover-20220825/UBNA_002/20220823_033000.WAV,Telephone Field,recover-20220825,002,1795
1723.9065,1723.9182,24609,31185,Eptesicus serotinus,0.01,0.027,-1,Echolocation,/mnt/ubna_data_01_mir/recover-20220825/UBNA_002/20220823_033000.WAV,Telephone Field,recover-20220825,002,1795
1723.9535,1723.9641,24609,31184,Eptesicus serotinus,0.01,0.03,-1,Echolocation,/mnt/ubna_data_01_mir/recover-20220825/UBNA_002/20220823_033000.WAV,Telephone Field,recover-20220825,002,1795
1723.9665,1723.9781,42656,45419,Pipistrellus pipistrellus,0.028,0.035,-1,Echolocation,/mnt/ubna_data_01_mir/recover-20220825/UBNA_002/20220823_033000.WAV,Telephone Field,recover-20220825,002,1795
1724.0015,1724.0117,22890,28897,Nyctalus leisleri,0.013,0.031,-1,Echolocation,/mnt/ubna_data_01_mir/recover-20220825/UBNA_002/20220823_033000.WAV,Telephone Field,recover-20220825,002,1795
1724.0015,1724.0349,68437,79756,Rhinolophus ferrumequinum,0.038,0.039,-1,Echolocation,/mnt/ubna_data_01_mir/recover-20220825/UBNA_002/20220823_033000.WAV,Telephone Field,recover-20220825,002,1795
1724.0335,1724.0428,22890,29525,Nyctalus leisleri,0.007,0.022,-1,Echolocation,/mnt/ubna_data_01_mir/recover-20220825/UBNA_002/20220823_033000.WAV,Telephone Field,recover-20220825,002,1795
1724.0685,1724.1064,68437,81818,Rhinolophus ferrumequinum,0.026,0.026,-1,Echolocation,/mnt/ubna_data_01_mir/recover-20220825/UBNA_002/20220823_033000.WAV,Telephone Field,recover-20220825,002,1795
1724.0715,1724.0798,50390,56615,Pipistrellus pipistrellus,0.017,0.021,-1,Echolocation,/mnt/ubna_data_01_mir/recover-20220825/UBNA_002/20220823_033000.WAV,Telephone Field,recover-20220825,002,1795
1724.0895,1724.1233,68437,82114,Rhinolophus ferrumequinum,0.023,0.023,-1,Echolocation,/mnt/ubna_data_01_mir/recover-20220825/UBNA_002/20220823_033000.WAV,Telephone Field,recover-20220825,002,1795
1724.0985,1724.1362,68437,81969,Rhinolophus ferrumequinum,0.023,0.023,-1,Echolocation,/mnt/ubna_data_01_mir/recover-20220825/UBNA_002/20220823_033000.WAV,Telephone Field,recover-20220825,002,1795
1724.1495,1724.1856,68437,81881,Rhinolophus ferrumequinum,0.021,0.022,-1,Echolocation,/mnt/ubna_data_01_mir/recover-20220825/UBNA_002/20220823_033000.WAV,Telephone Field,recover-20220825,002,1795
1724.1565,1724.1924,68437,81401,Rhinolophus ferrumequinum,0.022,0.022,-1,Echolocation,/mnt/ubna_data_01_mir/recover-20220825/UBNA_002/20220823_033000.WAV,Telephone Field,recover-20220825,002,1795
1724.2095,1724.2474,68437,81402,Rhinolophus ferrumequinum,0.023,0.023,-1,Echolocation,/mnt/ubna_data_01_mir/recover-20220825/UBNA_002/20220823_033000.WAV,Telephone Field,recover-20220825,002,1795
1724.2125,1724.2209,27187,38251,Eptesicus serotinus,0.008,0.022,-1,Echolocation,/mnt/ubna_data_01_mir/recover-20220825/UBNA_002/20220823_033000.WAV,Telephone Field,recover-20220825,002,1795
1724.2165,1724.249,68437,81376,Rhinolophus ferrumequinum,0.026,0.026,-1,Echolocation,/mnt/ubna_data_01_mir/recover-20220825/UBNA_002/20220823_033000.WAV,Telephone Field,recover-20220825,002,1795
1724.2265,1724.2619,68437,81827,Rhinolophus ferrumequinum,0.021,0.021,-1,Echolocation,/mnt/ubna_data_01_mir/recover-20220825/UBNA_002/20220823_033000.WAV,Telephone Field,recover-20220825,002,1795
1724.2555,1724.2961,68437,82496,Rhinolophus ferrumequinum,0.023,0.023,-1,Echolocation,/mnt/ubna_data_01_mir/recover-20220825/UBNA_002/20220823_033000.WAV,Telephone Field,recover-20220825,002,1795
1724.3085,1724.3171,23750,32117,Plecotus austriacus,0.008,0.025,-1,Echolocation,/mnt/ubna_data_01_mir/recover-20220825/UBNA_002/20220823_033000.WAV,Telephone Field,recover-20220825,002,1795
1724.3115,1724.3518,68437,82503,Rhinolophus ferrumequinum,0.023,0.023,-1,Echolocation,/mnt/ubna_data_01_mir/recover-20220825/UBNA_002/20220823_033000.WAV,Telephone Field,recover-20220825,002,1795
1724.3245,1724.3653,68437,81798,Rhinolophus ferrumequinum,0.021,0.021,-1,Echolocation,/mnt/ubna_data_01_mir/recover-20220825/UBNA_002/20220823_033000.WAV,Telephone Field,recover-20220825,002,1795
1724.3635,1724.3713,28046,37411,Eptesicus serotinus,0.008,0.022,-1,Echolocation,/mnt/ubna_data_01_mir/recover-20220825/UBNA_002/20220823_033000.WAV,Telephone Field,recover-20220825,002,1795
1724.3765,1724.3949,19453,22624,Nyctalus leisleri,0.01,0.022,-1,Echolocation,/mnt/ubna_data_01_mir/recover-20220825/UBNA_002/20220823_033000.WAV,Telephone Field,recover-20220825,002,1795
1724.3845,1724.3933,28046,39835,Eptesicus serotinus,0.009,0.026,-1,Echolocation,/mnt/ubna_data_01_mir/recover-20220825/UBNA_002/20220823_033000.WAV,Telephone Field,recover-20220825,002,1795
1724.3915,1724.4003,23750,31778,Plecotus austriacus,0.008,0.023,-1,Echolocation,/mnt/ubna_data_01_mir/recover-20220825/UBNA_002/20220823_033000.WAV,Telephone Field,recover-20220825,002,1795
1724.4495,1724.4556,28046,41912,Myotis daubentonii,0.007,0.028,-1,Echolocation,/mnt/ubna_data_01_mir/recover-20220825/UBNA_002/20220823_033000.WAV,Telephone Field,recover-20220825,002,1795
1724.4605,1724.4953,68437,81262,Rhinolophus ferrumequinum,0.024,0.024,-1,Echolocation,/mnt/ubna_data_01_mir/recover-20220825/UBNA_002/20220823_033000.WAV,Telephone Field,recover-20220825,002,1795
1724.4645,1724.471,24609,36004,Plecotus austriacus,0.008,0.024,-1,Echolocation,/mnt/ubna_data_01_mir/recover-20220825/UBNA_002/20220823_033000.WAV,Telephone Field,recover-20220825,002,1795
1724.4755,1724.5117,68437,81451,Rhinolophus ferrumequinum,0.022,0.022,-1,Echolocation,/mnt/ubna_data_01_mir/recover-20220825/UBNA_002/20220823_033000.WAV,Telephone Field,recover-20220825,002,1795
1724.5005,1724.5074,40078,53979,Myotis brandtii,0.006,0.022,-1,Echolocation,/mnt/ubna_data_01_mir/recover-20220825/UBNA_002/20220823_033000.WAV,Telephone Field,recover-20220825,002,1795
1724.5045,1724.511,27187,50009,Eptesicus serotinus,0.007,0.023,-1,Echolocation,/mnt/ubna_data_01_mir/recover-20220825/UBNA_002/20220823_033000.WAV,Telephone Field,recover-20220825,002,1795
1724.5165,1724.5258,54687,59171,Pipistrellus pygmaeus,0.023,0.024,-1,Echolocation,/mnt/ubna_data_01_mir/recover-20220825/UBNA_002/20220823_033000.WAV,Telephone Field,recover-20220825,002,1795
1724.5575,1724.5951,68437,81437,Rhinolophus ferrumequinum,0.022,0.022,-1,Echolocation,/mnt/ubna_data_01_mir/recover-20220825/UBNA_002/20220823_033000.WAV,Telephone Field,recover-20220825,002,1795
1724.5615,1724.5688,28046,38321,Eptesicus serotinus,0.007,0.024,-1,Echolocation,/mnt/ubna_data_01_mir/recover-20220825/UBNA_002/20220823_033000.WAV,Telephone Field,recover-20220825,002,1795
1724.6155,1724.6219,24609,34676,Plecotus austriacus,0.01,0.025,-1,Echolocation,/mnt/ubna_data_01_mir/recover-20220825/UBNA_002/20220823_033000.WAV,Telephone Field,recover-20220825,002,1795
1724.6645,1724.6762,25468,30650,Eptesicus serotinus,0.052,0.119,-1,Echolocation,/mnt/ubna_data_01_mir/recover-20220825/UBNA_002/20220823_033000.WAV,Telephone Field,recover-20220825,002,1795
1724.6665,1724.7086,68437,82635,Rhinolophus ferrumequinum,0.028,0.028,-1,Echolocation,/mnt/ubna_data_01_mir/recover-20220825/UBNA_002/20220823_033000.WAV,Telephone Field,recover-20220825,002,1795
1724.7095,1724.7497,68437,82372,Rhinolophus ferrumequinum,0.022,0.022,-1,Echolocation,/mnt/ubna_data_01_mir/recover-20220825/UBNA_002/20220823_033000.WAV,Telephone Field,recover-20220825,002,1795
1724.7475,1724.7902,68437,83384,Rhinolophus ferrumequinum,0.032,0.032,-1,Echolocation,/mnt/ubna_data_01_mir/recover-20220825/UBNA_002/20220823_033000.WAV,Telephone Field,recover-20220825,002,1795
1724.7675,1724.777,26328,34599,Eptesicus serotinus,0.009,0.021,-1,Echolocation,/mnt/ubna_data_01_mir/recover-20220825/UBNA_002/20220823_033000.WAV,Telephone Field,recover-20220825,002,1795
1724.7685,1724.809,68437,83016,Rhinolophus ferrumequinum,0.03,0.03,-1,Echolocation,/mnt/ubna_data_01_mir/recover-20220825/UBNA_002/20220823_033000.WAV,Telephone Field,recover-20220825,002,1795
1724.8215,1724.859,68437,81708,Rhinolophus ferrumequinum,0.023,0.023,-1,Echolocation,/mnt/ubna_data_01_mir/recover-20220825/UBNA_002/20220823_033000.WAV,Telephone Field,recover-20220825,002,1795
1724.8335,1724.8535,19453,22393,Nyctalus leisleri,0.014,0.028,-1,Echolocation,/mnt/ubna_data_01_mir/recover-20220825/UBNA_002/20220823_033000.WAV,Telephone Field,recover-20220825,002,1795
1724.8405,1724.851,23750,30108,Nyctalus leisleri,0.011,0.026,-1,Echolocation,/mnt/ubna_data_01_mir/recover-20220825/UBNA_002/20220823_033000.WAV,Telephone Field,recover-20220825,002,1795
1724.8565,1724.8926,68437,81392,Rhinolophus ferrumequinum,0.022,0.022,-1,Echolocation,/mnt/ubna_data_01_mir/recover-20220825/UBNA_002/20220823_033000.WAV,Telephone Field,recover-20220825,002,1795
1724.8725,1724.9111,68437,82055,Rhinolophus ferrumequinum,0.022,0.022,-1,Echolocation,/mnt/ubna_data_01_mir/recover-20220825/UBNA_002/20220823_033000.WAV,Telephone Field,recover-20220825,002,1795
1724.8825,1724.8893,28906,39077,Eptesicus serotinus,0.007,0.023,-1,Echolocation,/mnt/ubna_data_01_mir/recover-20220825/UBNA_002/20220823_033000.WAV,Telephone Field,recover-20220825,002,1795
1724.9305,1724.9723,68437,82812,Rhinolophus ferrumequinum,0.023,0.023,-1,Echolocation,/mnt/ubna_data_01_mir/recover-20220825/UBNA_002/20220823_033000.WAV,Telephone Field,recover-20220825,002,1795
1724.9675,1724.9743,28906,40665,Eptesicus serotinus,0.006,0.023,-1,Echolocation,/mnt/ubna_data_01_mir/recover-20220825/UBNA_002/20220823_033000.WAV,Telephone Field,recover-20220825,002,1795
1724.9695,1725.007,68437,82174,Rhinolophus ferrumequinum,0.034,0.034,-1,Echolocation,/mnt/ubna_data_01_mir/recover-20220825/UBNA_002/20220823_033000.WAV,Telephone Field,recover-20220825,002,1795
1724.9955,1725.0039,28906,38406,Eptesicus serotinus,0.008,0.022,-1,Echolocation,/mnt/ubna_data_01_mir/recover-20220825/UBNA_002/20220823_033000.WAV,Telephone Field,recover-20220825,002,1795
1725.0625,1725.0723,28906,35804,Eptesicus serotinus,0.012,0.025,-1,Echolocation,/mnt/ubna_data_01_mir/recover-20220825/UBNA_002/20220823_033000.WAV,Telephone Field,recover-20220825,002,1795
1725.1155,1725.1238,28046,40215,Eptesicus serotinus,0.008,0.022,-1,Echolocation,/mnt/ubna_data_01_mir/recover-20220825/UBNA_002/20220823_033000.WAV,Telephone Field,recover-20220825,002,1795
1725.1185,1725.1564,68437,81636,Rhinolophus ferrumequinum,0.021,0.021,-1,Echolocation,/mnt/ubna_data_01_mir/recover-20220825/UBNA_002/20220823_033000.WAV,Telephone Field,recover-20220825,002,1795
1725.1465,1725.1826,68437,81764,Rhinolophus ferrumequinum,0.021,0.021,-1,Echolocation,/mnt/ubna_data_01_mir/recover-20220825/UBNA_002/20220823_033000.WAV,Telephone Field,recover-20220825,002,1795
1725.1705,1725.1775,27187,43140,Eptesicus serotinus,0.007,0.023,-1,Echolocation,/mnt/ubna_data_01_mir/recover-20220825/UBNA_002/20220823_033000.WAV,Telephone Field,recover-20220825,002,1795
1725.1835,1725.2197,68437,81982,Rhinolophus ferrumequinum,0.024,0.024,-1,Echolocation,/mnt/ubna_data_01_mir/recover-20220825/UBNA_002/20220823_033000.WAV,Telephone Field,recover-20220825,002,1795
1725.2085,1725.2459,68437,81294,Rhinolophus ferrumequinum,0.021,0.021,-1,Echolocation,/mnt/ubna_data_01_mir/recover-20220825/UBNA_002/20220823_033000.WAV,Telephone Field,recover-20220825,002,1795
1725.2145,1725.2232,28046,41527,Eptesicus serotinus,0.008,0.022,-1,Echolocation,/mnt/ubna_data_01_mir/recover-20220825/UBNA_002/20220823_033000.WAV,Telephone Field,recover-20220825,002,1795
1725.2345,1725.2729,68437,81028,Rhinolophus ferrumequinum,0.022,0.022,-1,Echolocation,/mnt/ubna_data_01_mir/recover-20220825/UBNA_002/20220823_033000.WAV,Telephone Field,recover-20220825,002,1795
1725.2415,1725.2787,68437,81544,Rhinolophus ferrumequinum,0.021,0.021,-1,Echolocation,/mnt/ubna_data_01_mir/recover-20220825/UBNA_002/20220823_033000.WAV,Telephone Field,recover-20220825,002,1795
1725.2565,1725.2986,68437,83057,Rhinolophus ferrumequinum,0.027,0.027,-1,Echolocation,/mnt/ubna_data_01_mir/recover-20220825/UBNA_002/20220823_033000.WAV,Telephone Field,recover-20220825,002,1795
1725.2645,1725.3042,68437,82116,Rhinolophus ferrumequinum,0.026,0.026,-1,Echolocation,/mnt/ubna_data_01_mir/recover-20220825/UBNA_002/20220823_033000.WAV,Telephone Field,recover-20220825,002,1795
1725.2775,1725.2876,42656,47879,Pipistrellus pipistrellus,0.023,0.029,-1,Echolocation,/mnt/ubna_data_01_mir/recover-20220825/UBNA_002/20220823_033000.WAV,Telephone Field,recover-20220825,002,1795
1725.3115,1725.3199,28046,38401,Eptesicus serotinus,0.008,0.024,-1,Echolocation,/mnt/ubna_data_01_mir/recover-20220825/UBNA_002/20220823_033000.WAV,Telephone Field,recover-20220825,002,1795
1725.3225,1725.3618,68437,83123,Rhinolophus ferrumequinum,0.024,0.024,-1,Echolocation,/mnt/ubna_data_01_mir/recover-20220825/UBNA_002/20220823_033000.WAV,Telephone Field,recover-20220825,002,1795
1725.3595,1725.3985,68437,81654,Rhinolophus ferrumequinum,0.022,0.022,-1,Echolocation,/mnt/ubna_data_01_mir/recover-20220825/UBNA_002/20220823_033000.WAV,Telephone Field,recover-20220825,002,1795
1725.3815,1725.3903,56406,61048,Pipistrellus pygmaeus,0.048,0.049,-1,Echolocation,/mnt/ubna_data_01_mir/recover-20220825/UBNA_002/20220823_033000.WAV,Telephone Field,recover-20220825,002,1795
1725.3865,1725.3946,25468,35353,Eptesicus serotinus,0.006,0.021,-1,Echolocation,/mnt/ubna_data_01_mir/recover-20220825/UBNA_002/20220823_033000.WAV,Telephone Field,recover-20220825,002,1795
1725.3955,1725.4053,25468,32882,Eptesicus serotinus,0.008,0.022,-1,Echolocation,/mnt/ubna_data_01_mir/recover-20220825/UBNA_002/20220823_033000.WAV,Telephone Field,recover-20220825,002,1795
1725.4305,1725.4694,68437,82848,Rhinolophus ferrumequinum,0.059,0.059,-1,Echolocation,/mnt/ubna_data_01_mir/recover-20220825/UBNA_002/20220823_033000.WAV,Telephone Field,recover-20220825,002,1795
1725.4315,1725.4417,28046,35840,Eptesicus serotinus,0.01,0.022,-1,Echolocation,/mnt/ubna_data_01_mir/recover-20220825/UBNA_002/20220823_033000.WAV,Telephone Field,recover-20220825,002,1795
1725.4885,1725.5238,68437,80876,Rhinolophus ferrumequinum,0.022,0.022,-1,Echolocation,/mnt/ubna_data_01_mir/recover-20220825/UBNA_002/20220823_033000.WAV,Telephone Field,recover-20220825,002,1795
1725.4965,1725.507,43515,49745,Pipistrellus pipistrellus,0.019,0.038,-1,Echolocation,/mnt/ubna_data_01_mir/recover-20220825/UBNA_002/20220823_033000.WAV,Telephone Field,recover-20220825,002,1795
1725.5165,1725.558,68437,83077,Rhinolophus ferrumequinum,0.027,0.027,-1,Echolocation,/mnt/ubna_data_01_mir/recover-20220825/UBNA_002/20220823_033000.WAV,Telephone Field,recover-20220825,002,1795
1725.5235,1725.5304,28046,38082,Eptesicus serotinus,0.011,0.032,-1,Echolocation,/mnt/ubna_data_01_mir/recover-20220825/UBNA_002/20220823_033000.WAV,Telephone Field,recover-20220825,002,1795
1725.5555,1725.5919,68437,81617,Rhinolophus ferrumequinum,0.023,0.023,-1,Echolocation,/mnt/ubna_data_01_mir/recover-20220825/UBNA_002/20220823_033000.WAV,Telephone Field,recover-20220825,002,1795
1725.5935,1725.6309,68437,81764,Rhinolophus ferrumequinum,0.022,0.022,-1,Echolocation,/mnt/ubna_data_01_mir/recover-20220825/UBNA_002/20220823_033000.WAV,Telephone Field,recover-20220825,002,1795
1725.6075,1725.6436,68437,81953,Rhinolophus ferrumequinum,0.027,0.027,-1,Echolocation,/mnt/ubna_data_01_mir/recover-20220825/UBNA_002/20220823_033000.WAV,Telephone Field,recover-20220825,002,1795
1725.6445,1725.685,68437,81819,Rhinolophus ferrumequinum,0.023,0.023,-1,Echolocation,/mnt/ubna_data_01_mir/recover-20220825/UBNA_002/20220823_033000.WAV,Telephone Field,recover-20220825,002,1795
1725.6465,1725.6517,36640,46795,Myotis daubentonii,0.009,0.022,-1,Echolocation,/mnt/ubna_data_01_mir/recover-20220825/UBNA_002/20220823_033000.WAV,Telephone Field,recover-20220825,002,1795
1725.6505,1725.6894,68437,82261,Rhinolophus ferrumequinum,0.023,0.023,-1,Echolocation,/mnt/ubna_data_01_mir/recover-20220825/UBNA_002/20220823_033000.WAV,Telephone Field,recover-20220825,002,1795
1725.6695,1725.6771,22890,31190,Plecotus austriacus,0.01,0.022,-1,Echolocation,/mnt/ubna_data_01_mir/recover-20220825/UBNA_002/20220823_033000.WAV,Telephone Field,recover-20220825,002,1795
1725.6755,1725.688,52109,56071,Pipistrellus pygmaeus,0.016,0.022,-1,Echolocation,/mnt/ubna_data_01_mir/recover-20220825/UBNA_002/20220823_033000.WAV,Telephone Field,recover-20220825,002,1795
1725.7035,1725.7165,22890,27136,Nyctalus leisleri,0.014,0.026,-1,Echolocation,/mnt/ubna_data_01_mir/recover-20220825/UBNA_002/20220823_033000.WAV,Telephone Field,recover-20220825,002,1795
1725.7395,1725.7468,28046,41324,Eptesicus serotinus,0.009,0.026,-1,Echolocation,/mnt/ubna_data_01_mir/recover-20220825/UBNA_002/20220823_033000.WAV,Telephone Field,recover-20220825,002,1795
1725.7805,1725.8185,68437,82683,Rhinolophus ferrumequinum,0.026,0.026,-1,Echolocation,/mnt/ubna_data_01_mir/recover-20220825/UBNA_002/20220823_033000.WAV,Telephone Field,recover-20220825,002,1795
1725.8365,1725.8785,68437,82270,Rhinolophus ferrumequinum,0.025,0.025,-1,Echolocation,/mnt/ubna_data_01_mir/recover-20220825/UBNA_002/20220823_033000.WAV,Telephone Field,recover-20220825,002,1795
1725.8895,1725.9293,68437,82733,Rhinolophus ferrumequinum,0.027,0.027,-1,Echolocation,/mnt/ubna_data_01_mir/recover-20220825/UBNA_002/20220823_033000.WAV,Telephone Field,recover-20220825,002,1795
1725.9135,1725.9533,68437,82264,Rhinolophus ferrumequinum,0.025,0.025,-1,Echolocation,/mnt/ubna_data_01_mir/recover-20220825/UBNA_002/20220823_033000.WAV,Telephone Field,recover-20220825,002,1795
1725.9375,1725.945,27187,40610,Eptesicus serotinus,0.009,0.03,-1,Echolocation,/mnt/ubna_data_01_mir/recover-20220825/UBNA_002/20220823_033000.WAV,Telephone Field,recover-20220825,002,1795
1725.9845,1725.9912,27187,46154,Eptesicus serotinus,0.009,0.033,-1,Echolocation,/mnt/ubna_data_01_mir/recover-20220825/UBNA_002/20220823_033000.WAV,Telephone Field,recover-20220825,002,1795
1726.0015,1726.0111,22031,27286,Nyctalus leisleri,0.01,0.024,-1,Echolocation,/mnt/ubna_data_01_mir/recover-20220825/UBNA_002/20220823_033000.WAV,Telephone Field,recover-20220825,002,1795
1726.0015,1726.033,68437,79547,Rhinolophus ferrumequinum,0.032,0.032,-1,Echolocation,/mnt/ubna_data_01_mir/recover-20220825/UBNA_002/20220823_033000.WAV,Telephone Field,recover-20220825,002,1795
1726.0075,1726.0485,68437,82512,Rhinolophus ferrumequinum,0.03,0.03,-1,Echolocation,/mnt/ubna_data_01_mir/recover-20220825/UBNA_002/20220823_033000.WAV,Telephone Field,recover-20220825,002,1795
1726.0265,1726.035,27187,38369,Eptesicus serotinus,0.008,0.021,-1,Echolocation,/mnt/ubna_data_01_mir/recover-20220825/UBNA_002/20220823_033000.WAV,Telephone Field,recover-20220825,002,1795
1726.0335,1726.0436,22890,28103,Nyctalus leisleri,0.009,0.021,-1,Echolocation,/mnt/ubna_data_01_mir/recover-20220825/UBNA_002/20220823_033000.WAV,Telephone Field,recover-20220825,002,1795
1726.0645,1726.0718,25468,40289,Eptesicus serotinus,0.005,0.022,-1,Echolocation,/mnt/ubna_data_01_mir/recover-20220825/UBNA_002/20220823_033000.WAV,Telephone Field,recover-20220825,002,1795
1726.1165,1726.1532,68437,82266,Rhinolophus ferrumequinum,0.021,0.021,-1,Echolocation,/mnt/ubna_data_01_mir/recover-20220825/UBNA_002/20220823_033000.WAV,Telephone Field,recover-20220825,002,1795
1726.1415,1726.1811,68437,82888,Rhinolophus ferrumequinum,0.024,0.024,-1,Echolocation,/mnt/ubna_data_01_mir/recover-20220825/UBNA_002/20220823_033000.WAV,Telephone Field,recover-20220825,002,1795
1726.1445,1726.1509,32343,48503,Myotis daubentonii,0.009,0.021,-1,Echolocation,/mnt/ubna_data_01_mir/recover-20220825/UBNA_002/20220823_033000.WAV,Telephone Field,recover-20220825,002,1795
1726.1445,1726.1516,25468,40449,Myotis nattereri,0.005,0.022,-1,Echolocation,/mnt/ubna_data_01_mir/recover-20220825/UBNA_002/20220823_033000.WAV,Telephone Field,recover-20220825,002,1795
1726.1615,1726.2005,68437,82130,Rhinolophus ferrumequinum,0.021,0.021,-1,Echolocation,/mnt/ubna_data_01_mir/recover-20220825/UBNA_002/20220823_033000.WAV,Telephone Field,recover-20220825,002,1795
1726.2035,1726.2134,24609,32261,Eptesicus serotinus,0.009,0.021,-1,Echolocation,/mnt/ubna_data_01_mir/recover-20220825/UBNA_002/20220823_033000.WAV,Telephone Field,recover-20220825,002,1795
1726.2305,1726.2717,68437,82385,Rhinolophus ferrumequinum,0.023,0.023,-1,Echolocation,/mnt/ubna_data_01_mir/recover-20220825/UBNA_002/20220823_033000.WAV,Telephone Field,recover-20220825,002,1795
1726.2655,1726.2756,24609,31138,Nyctalus leisleri,0.008,0.022,-1,Echolocation,/mnt/ubna_data_01_mir/recover-20220825/UBNA_002/20220823_033000.WAV,Telephone Field,recover-20220825,002,1795
1726.2895,1726.2999,28906,36723,Eptesicus serotinus,0.011,0.024,-1,Echolocation,/mnt/ubna_data_01_mir/recover-20220825/UBNA_002/20220823_033000.WAV,Telephone Field,recover-20220825,002,1795
1726.2995,1726.3381,68437,82668,Rhinolophus ferrumequinum,0.022,0.022,-1,Echolocation,/mnt/ubna_data_01_mir/recover-20220825/UBNA_002/20220823_033000.WAV,Telephone Field,recover-20220825,002,1795
1726.3175,1726.3559,68437,81203,Rhinolophus ferrumequinum,0.022,0.022,-1,Echolocation,/mnt/ubna_data_01_mir/recover-20220825/UBNA_002/20220823_033000.WAV,Telephone Field,recover-20220825,002,1795
1726.3235,1726.3342,35781,46368,Pipistrellus nathusii,0.009,0.034,-1,Echolocation,/mnt/ubna_data_01_mir/recover-20220825/UBNA_002/20220823_033000.WAV,Telephone Field,recover-20220825,002,1795
1726.3365,1726.3452,28046,38923,Eptesicus serotinus,0.008,0.024,-1,Echolocation,/mnt/ubna_data_01_mir/recover-20220825/UBNA_002/20220823_033000.WAV,Telephone Field,recover-20220825,002,1795
1726.3645,1726.3737,24609,32148,Nyctalus leisleri,0.006,0.021,-1,Echolocation,/mnt/ubna_data_01_mir/recover-20220825/UBNA_002/20220823_033000.WAV,Telephone Field,recover-20220825,002,1795
1726.4015,1726.4411,68437,82277,Rhinolophus ferrumequinum,0.024,0.024,-1,Echolocation,/mnt/ubna_data_01_mir/recover-20220825/UBNA_002/20220823_033000.WAV,Telephone Field,recover-20220825,002,1795
1726.4085,1726.4171,28046,39981,Eptesicus serotinus,0.008,0.022,-1,Echolocation,/mnt/ubna_data_01_mir/recover-20220825/UBNA_002/20220823_033000.WAV,Telephone Field,recover-20220825,002,1795
1726.4285,1726.4691,68437,82998,Rhinolophus ferrumequinum,0.025,0.025,-1,Echolocation,/mnt/ubna_data_01_mir/recover-20220825/UBNA_002/20220823_033000.WAV,Telephone Field,recover-20220825,002,1795
1726.4555,1726.4649,26328,35133,Eptesicus serotinus,0.015,0.034,-1,Echolocation,/mnt/ubna_data_01_mir/recover-20220825/UBNA_002/20220823_033000.WAV,Telephone Field,recover-20220825,002,1795
1726.5595,1726.5675,24609,33462,Plecotus austriacus,0.009,0.025,-1,Echolocation,/mnt/ubna_data_01_mir/recover-20220825/UBNA_002/20220823_033000.WAV,Telephone Field,recover-20220825,002,1795
1726.5715,1726.6104,68437,82651,Rhinolophus ferrumequinum,0.022,0.022,-1,Echolocation,/mnt/ubna_data_01_mir/recover-20220825/UBNA_002/20220823_033000.WAV,Telephone Field,recover-20220825,002,1795
1726.6555,1726.6663,24609,31538,Eptesicus serotinus,0.009,0.027,-1,Echolocation,/mnt/ubna_data_01_mir/recover-20220825/UBNA_002/20220823_033000.WAV,Telephone Field,recover-20220825,002,1795
1726.6765,1726.6827,24609,38414,Plecotus austriacus,0.008,0.024,-1,Echolocation,/mnt/ubna_data_01_mir/recover-20220825/UBNA_002/20220823_033000.WAV,Telephone Field,recover-20220825,002,1795
1726.7315,1726.7699,68437,81770,Rhinolophus ferrumequinum,0.021,0.021,-1,Echolocation,/mnt/ubna_data_01_mir/recover-20220825/UBNA_002/20220823_033000.WAV,Telephone Field,recover-20220825,002,1795
1726.7475,1726.7851,68437,82559,Rhinolophus ferrumequinum,0.021,0.021,-1,Echolocation,/mnt/ubna_data_01_mir/recover-20220825/UBNA_002/20220823_033000.WAV,Telephone Field,recover-20220825,002,1795
1726.7515,1726.7589,28046,39561,Eptesicus serotinus,0.007,0.022,-1,Echolocation,/mnt/ubna_data_01_mir/recover-20220825/UBNA_002/20220823_033000.WAV,Telephone Field,recover-20220825,002,1795
1726.7935,1726.8301,68437,82449,Rhinolophus ferrumequinum,0.028,0.028,-1,Echolocation,/mnt/ubna_data_01_mir/recover-20220825/UBNA_002/20220823_033000.WAV,Telephone Field,recover-20220825,002,1795
1726.7935,1726.8014,23750,32731,Plecotus austriacus,0.01,0.024,-1,Echolocation,/mnt/ubna_data_01_mir/recover-20220825/UBNA_002/20220823_033000.WAV,Telephone Field,recover-20220825,002,1795
1726.8035,1726.8401,68437,81127,Rhinolophus ferrumequinum,0.02,0.021,-1,Echolocation,/mnt/ubna_data_01_mir/recover-20220825/UBNA_002/20220823_033000.WAV,Telephone Field,recover-20220825,002,1795
1726.8155,1726.8538,68437,81714,Rhinolophus ferrumequinum,0.021,0.021,-1,Echolocation,/mnt/ubna_data_01_mir/recover-20220825/UBNA_002/20220823_033000.WAV,Telephone Field,recover-20220825,002,1795
1726.8425,1726.8518,26328,34622,Eptesicus serotinus,0.011,0.027,-1,Echolocation,/mnt/ubna_data_01_mir/recover-20220825/UBNA_002/20220823_033000.WAV,Telephone Field,recover-20220825,002,1795
1726.8485,1726.8577,28046,37223,Eptesicus serotinus,0.01,0.026,-1,Echolocation,/mnt/ubna_data_01_mir/recover-20220825/UBNA_002/20220823_033000.WAV,Telephone Field,recover-20220825,002,1795
1726.9055,1726.9151,28046,36822,Eptesicus serotinus,0.009,0.021,-1,Echolocation,/mnt/ubna_data_01_mir/recover-20220825/UBNA_002/20220823_033000.WAV,Telephone Field,recover-20220825,002,1795
1726.9455,1726.9881,68437,83425,Rhinolophus ferrumequinum,0.041,0.041,-1,Echolocation,/mnt/ubna_data_01_mir/recover-20220825/UBNA_002/20220823_033000.WAV,Telephone Field,recover-20220825,002,1795
1726.9815,1727.0188,68437,82105,Rhinolophus ferrumequinum,0.021,0.021,-1,Echolocation,/mnt/ubna_data_01_mir/recover-20220825/UBNA_002/20220823_033000.WAV,Telephone Field,recover-20220825,002,1795
1727.0185,1727.0314,22890,28158,Nyctalus leisleri,0.015,0.029,-1,Echolocation,/mnt/ubna_data_01_mir/recover-20220825/UBNA_002/20220823_033000.WAV,Telephone Field,recover-20220825,002,1795
1727.0335,1727.0708,68437,81631,Rhinolophus ferrumequinum,0.022,0.022,-1,Echolocation,/mnt/ubna_data_01_mir/recover-20220825/UBNA_002/20220823_033000.WAV,Telephone Field,recover-20220825,002,1795
1727.0715,1727.111,68437,82240,Rhinolophus ferrumequinum,0.024,0.024,-1,Echolocation,/mnt/ubna_data_01_mir/recover-20220825/UBNA_002/20220823_033000.WAV,Telephone Field,recover-20220825,002,1795
1727.0735,1727.0811,27187,38995,Eptesicus serotinus,0.007,0.022,-1,Echolocation,/mnt/ubna_data_01_mir/recover-20220825/UBNA_002/20220823_033000.WAV,Telephone Field,recover-20220825,002,1795
1727.0895,1727.0951,40937,54094,Myotis daubentonii,0.017,0.042,-1,Echolocation,/mnt/ubna_data_01_mir/recover-20220825/UBNA_002/20220823_033000.WAV,Telephone Field,recover-20220825,002,1795
1727.0915,1727.1027,22031,25960,Nyctalus leisleri,0.012,0.021,-1,Echolocation,/mnt/ubna_data_01_mir/recover-20220825/UBNA_002/20220823_033000.WAV,Telephone Field,recover-20220825,002,1795
1727.1315,1727.1389,26328,39339,Eptesicus serotinus,0.006,0.024,-1,Echolocation,/mnt/ubna_data_01_mir/recover-20220825/UBNA_002/20220823_033000.WAV,Telephone Field,recover-20220825,002,1795
1727.1425,1727.1554,22890,27687,Nyctalus leisleri,0.012,0.024,-1,Echolocation,/mnt/ubna_data_01_mir/recover-20220825/UBNA_002/20220823_033000.WAV,Telephone Field,recover-20220825,002,1795
1727.1485,1727.1912,68437,82542,Rhinolophus ferrumequinum,0.023,0.023,-1,Echolocation,/mnt/ubna_data_01_mir/recover-20220825/UBNA_002/20220823_033000.WAV,Telephone Field,recover-20220825,002,1795
1727.1615,1727.199,68437,82337,Rhinolophus ferrumequinum,0.021,0.021,-1,Echolocation,/mnt/ubna_data_01_mir/recover-20220825/UBNA_002/20220823_033000.WAV,Telephone Field,recover-20220825,002,1795
1727.1985,1727.2101,22890,28120,Nyctalus leisleri,0.011,0.023,-1,Echolocation,/mnt/ubna_data_01_mir/recover-20220825/UBNA_002/20220823_033000.WAV,Telephone Field,recover-20220825,002,1795
1727.2005,1727.2403,68437,82093,Rhinolophus ferrumequinum,0.024,0.024,-1,Echolocation,/mnt/ubna_data_01_mir/recover-20220825/UBNA_002/20220823_033000.WAV,Telephone Field,recover-20220825,002,1795
1727.2235,1727.232,25468,33601,Eptesicus serotinus,0.007,0.021,-1,Echolocation,/mnt/ubna_data_01_mir/recover-20220825/UBNA_002/20220823_033000.WAV,Telephone Field,recover-20220825,002,1795
1727.2325,1727.2425,42656,46553,Pipistrellus pipistrellus,0.022,0.031,-1,Echolocation,/mnt/ubna_data_01_mir/recover-20220825/UBNA_002/20220823_033000.WAV,Telephone Field,recover-20220825,002,1795
1727.2435,1727.2506,31484,44083,Myotis daubentonii,0.009,0.021,-1,Echolocation,/mnt/ubna_data_01_mir/recover-20220825/UBNA_002/20220823_033000.WAV,Telephone Field,recover-20220825,002,1795
1727.2565,1727.2653,28046,39641,Eptesicus serotinus,0.008,0.022,-1,Echolocation,/mnt/ubna_data_01_mir/recover-20220825/UBNA_002/20220823_033000.WAV,Telephone Field,recover-20220825,002,1795
1727.2625,1727.27,22890,31210,Plecotus austriacus,0.009,0.021,-1,Echolocation,/mnt/ubna_data_01_mir/recover-20220825/UBNA_002/20220823_033000.WAV,Telephone Field,recover-20220825,002,1795
1727.2905,1727.3287,68437,81216,Rhinolophus ferrumequinum,0.021,0.021,-1,Echolocation,/mnt/ubna_data_01_mir/recover-20220825/UBNA_002/20220823_033000.WAV,Telephone Field,recover-20220825,002,1795
1727.3115,1727.3503,68437,82692,Rhinolophus ferrumequinum,0.021,0.021,-1,Echolocation,/mnt/ubna_data_01_mir/recover-20220825/UBNA_002/20220823_033000.WAV,Telephone Field,recover-20220825,002,1795
1727.3335,1727.3407,28046,39025,Eptesicus serotinus,0.008,0.027,-1,Echolocation,/mnt/ubna_data_01_mir/recover-20220825/UBNA_002/20220823_033000.WAV,Telephone Field,recover-20220825,002,1795
1727.3545,1727.3966,68437,83040,Rhinolophus ferrumequinum,0.024,0.024,-1,Echolocation,/mnt/ubna_data_01_mir/recover-20220825/UBNA_002/20220823_033000.WAV,Telephone Field,recover-20220825,002,1795
1727.3585,1727.3655,28906,42927,Myotis daubentonii,0.008,0.03,-1,Echolocation,/mnt/ubna_data_01_mir/recover-20220825/UBNA_002/20220823_033000.WAV,Telephone Field,recover-20220825,002,1795
1727.4605,1727.4698,28046,36754,Eptesicus serotinus,0.008,0.021,-1,Echolocation,/mnt/ubna_data_01_mir/recover-20220825/UBNA_002/20220823_033000.WAV,Telephone Field,recover-20220825,002,1795
1727.4695,1727.5024,68437,81186,Rhinolophus ferrumequinum,0.021,0.022,-1,Echolocation,/mnt/ubna_data_01_mir/recover-20220825/UBNA_002/20220823_033000.WAV,Telephone Field,recover-20220825,002,1795
1727.4705,1727.4777,23750,32177,Plecotus austriacus,0.008,0.021,-1,Echolocation,/mnt/ubna_data_01_mir/recover-20220825/UBNA_002/20220823_033000.WAV,Telephone Field,recover-20220825,002,1795
1727.4835,1727.5031,18593,21660,Nyctalus noctula,0.013,0.024,-1,Echolocation,/mnt/ubna_data_01_mir/recover-20220825/UBNA_002/20220823_033000.WAV,Telephone Field,recover-20220825,002,1795
1727.4975,1727.5054,22890,30802,Plecotus austriacus,0.012,0.026,-1,Echolocation,/mnt/ubna_data_01_mir/recover-20220825/UBNA_002/20220823_033000.WAV,Telephone Field,recover-20220825,002,1795
1727.5325,1727.5711000000001,68437,81565,Rhinolophus ferrumequinum,0.021,0.021,-1,Echolocation,/mnt/ubna_data_01_mir/recover-20220825/UBNA_002/20220823_033000.WAV,Telephone Field,recover-20220825,002,1795
1727.5515,1727.5587,24609,38543,Myotis nattereri,0.006,0.024,-1,Echolocation,/mnt/ubna_data_01_mir/recover-20220825/UBNA_002/20220823_033000.WAV,Telephone Field,recover-20220825,002,1795
1727.5725,1727.5895,22031,25200,Nyctalus leisleri,0.014,0.023,-1,Echolocation,/mnt/ubna_data_01_mir/recover-20220825/UBNA_002/20220823_033000.WAV,Telephone Field,recover-20220825,002,1795
1727.5975,1727.6409,68437,82643,Rhinolophus ferrumequinum,0.037,0.037,-1,Echolocation,/mnt/ubna_data_01_mir/recover-20220825/UBNA_002/20220823_033000.WAV,Telephone Field,recover-20220825,002,1795
1727.6055,1727.6149,23750,30145,Nyctalus leisleri,0.007,0.021,-1,Echolocation,/mnt/ubna_data_01_mir/recover-20220825/UBNA_002/20220823_033000.WAV,Telephone Field,recover-20220825,002,1795
1727.6575,1727.7,68437,82674,Rhinolophus ferrumequinum,0.023,0.023,-1,Echolocation,/mnt/ubna_data_01_mir/recover-20220825/UBNA_002/20220823_033000.WAV,Telephone Field,recover-20220825,002,1795
1727.6735,1727.684,23750,29844,Nyctalus leisleri,0.009,0.021,-1,Echolocation,/mnt/ubna_data_01_mir/recover-20220825/UBNA_002/20220823_033000.WAV,Telephone Field,recover-20220825,002,1795
1727.6935,1727.7326,68437,82475,Rhinolophus ferrumequinum,0.021,0.022,-1,Echolocation,/mnt/ubna_data_01_mir/recover-20220825/UBNA_002/20220823_033000.WAV,Telephone Field,recover-20220825,002,1795
1727.7515,1727.761,28046,37320,Eptesicus serotinus,0.009,0.021,-1,Echolocation,/mnt/ubna_data_01_mir/recover-20220825/UBNA_002/20220823_033000.WAV,Telephone Field,recover-20220825,002,1795
1727.8195,1727.8264,24609,34253,Plecotus austriacus,0.013,0.031,-1,Echolocation,/mnt/ubna_data_01_mir/recover-20220825/UBNA_002/20220823_033000.WAV,Telephone Field,recover-20220825,002,1795
1727.8195,1727.8257,28906,40184,Eptesicus serotinus,0.007,0.031,-1,Echolocation,/mnt/ubna_data_01_mir/recover-20220825/UBNA_002/20220823_033000.WAV,Telephone Field,recover-20220825,002,1795
1727.8295,1727.8689,68437,81686,Rhinolophus ferrumequinum,0.023,0.023,-1,Echolocation,/mnt/ubna_data_01_mir/recover-20220825/UBNA_002/20220823_033000.WAV,Telephone Field,recover-20220825,002,1795
1727.8545,1727.8982,68437,83214,Rhinolophus ferrumequinum,0.034,0.034,-1,Echolocation,/mnt/ubna_data_01_mir/recover-20220825/UBNA_002/20220823_033000.WAV,Telephone Field,recover-20220825,002,1795
1727.8805,1727.9177,68437,81257,Rhinolophus ferrumequinum,0.021,0.021,-1,Echolocation,/mnt/ubna_data_01_mir/recover-20220825/UBNA_002/20220823_033000.WAV,Telephone Field,recover-20220825,002,1795
1727.9245,1727.9346,22890,28581,Nyctalus leisleri,0.011,0.025,-1,Echolocation,/mnt/ubna_data_01_mir/recover-20220825/UBNA_002/20220823_033000.WAV,Telephone Field,recover-20220825,002,1795
1727.9555,1727.964,28046,39256,Eptesicus serotinus,0.008,0.022,-1,Echolocation,/mnt/ubna_data_01_mir/recover-20220825/UBNA_002/20220823_033000.WAV,Telephone Field,recover-20220825,002,1795
1727.9805,1727.9908,22890,28972,Nyctalus leisleri,0.012,0.028,-1,Echolocation,/mnt/ubna_data_01_mir/recover-20220825/UBNA_002/20220823_033000.WAV,Telephone Field,recover-20220825,002,1795
1728.0015,1728.0111,47812,56014,Pipistrellus pipistrellus,0.016,0.022,-1,Echolocation,/mnt/ubna_data_01_mir/recover-20220825/UBNA_002/20220823_033000.WAV,Telephone Field,recover-20220825,002,1795
1728.0015,1728.0308,69296,79947,Rhinolophus ferrumequinum,0.024,0.025,-1,Echolocation,/mnt/ubna_data_01_mir/recover-20220825/UBNA_002/20220823_033000.WAV,Telephone Field,recover-20220825,002,1795
1728.0015,1728.0104,29765,37450,Eptesicus serotinus,0.008,0.026,-1,Echolocation,/mnt/ubna_data_01_mir/recover-20220825/UBNA_002/20220823_033000.WAV,Telephone Field,recover-20220825,002,1795
1728.0015,1728.0102,22031,28846,Nyctalus leisleri,0.01,0.03,-1,Echolocation,/mnt/ubna_data_01_mir/recover-20220825/UBNA_002/20220823_033000.WAV,Telephone Field,recover-20220825,002,1795
1728.0385,1728.0763,68437,81820,Rhinolophus ferrumequinum,0.03,0.03,-1,Echolocation,/mnt/ubna_data_01_mir/recover-20220825/UBNA_002/20220823_033000.WAV,Telephone Field,recover-20220825,002,1795
1728.0445,1728.0518,27187,39129,Eptesicus serotinus,0.008,0.021,-1,Echolocation,/mnt/ubna_data_01_mir/recover-20220825/UBNA_002/20220823_033000.WAV,Telephone Field,recover-20220825,002,1795
1728.1055,1728.1137,56406,61718,Pipistrellus pygmaeus,0.033,0.034,-1,Echolocation,/mnt/ubna_data_01_mir/recover-20220825/UBNA_002/20220823_033000.WAV,Telephone Field,recover-20220825,002,1795
1728.1405,1728.1795,68437,82201,Rhinolophus ferrumequinum,0.024,0.024,-1,Echolocation,/mnt/ubna_data_01_mir/recover-20220825/UBNA_002/20220823_033000.WAV,Telephone Field,recover-20220825,002,1795
1728.1935,1728.2007,24609,32995,Plecotus austriacus,0.008,0.026,-1,Echolocation,/mnt/ubna_data_01_mir/recover-20220825/UBNA_002/20220823_033000.WAV,Telephone Field,recover-20220825,002,1795
1728.2195,1728.227,24609,32750,Plecotus austriacus,0.007,0.021,-1,Echolocation,/mnt/ubna_data_01_mir/recover-20220825/UBNA_002/20220823_033000.WAV,Telephone Field,recover-20220825,002,1795
1728.2205,1728.2552,68437,81696,Rhinolophus ferrumequinum,0.021,0.021,-1,Echolocation,/mnt/ubna_data_01_mir/recover-20220825/UBNA_002/20220823_033000.WAV,Telephone Field,recover-20220825,002,1795
1728.2305,1728.2692,68437,81409,Rhinolophus ferrumequinum,0.022,0.022,-1,Echolocation,/mnt/ubna_data_01_mir/recover-20220825/UBNA_002/20220823_033000.WAV,Telephone Field,recover-20220825,002,1795
1728.2545,1728.2627,26328,36212,Eptesicus serotinus,0.009,0.022,-1,Echolocation,/mnt/ubna_data_01_mir/recover-20220825/UBNA_002/20220823_033000.WAV,Telephone Field,recover-20220825,002,1795
1728.2665,1728.2744,28906,37747,Eptesicus serotinus,0.011,0.026,-1,Echolocation,/mnt/ubna_data_01_mir/recover-20220825/UBNA_002/20220823_033000.WAV,Telephone Field,recover-20220825,002,1795
1728.3255,1728.3657,68437,82434,Rhinolophus ferrumequinum,0.021,0.021,-1,Echolocation,/mnt/ubna_data_01_mir/recover-20220825/UBNA_002/20220823_033000.WAV,Telephone Field,recover-20220825,002,1795
1728.3305,1728.3382,27187,38641,Eptesicus serotinus,0.006,0.022,-1,Echolocation,/mnt/ubna_data_01_mir/recover-20220825/UBNA_002/20220823_033000.WAV,Telephone Field,recover-20220825,002,1795
1728.3665,1728.4069,68437,82681,Rhinolophus ferrumequinum,0.027,0.027,-1,Echolocation,/mnt/ubna_data_01_mir/recover-20220825/UBNA_002/20220823_033000.WAV,Telephone Field,recover-20220825,002,1795
1728.3805,1728.3980999999999,21171,25023,Nyctalus leisleri,0.021,0.037,-1,Echolocation,/mnt/ubna_data_01_mir/recover-20220825/UBNA_002/20220823_033000.WAV,Telephone Field,recover-20220825,002,1795
1728.3915,1728.4291,68437,81903,Rhinolophus ferrumequinum,0.021,0.021,-1,Echolocation,/mnt/ubna_data_01_mir/recover-20220825/UBNA_002/20220823_033000.WAV,Telephone Field,recover-20220825,002,1795
1728.4205,1728.4285,23750,31190,Plecotus austriacus,0.008,0.021,-1,Echolocation,/mnt/ubna_data_01_mir/recover-20220825/UBNA_002/20220823_033000.WAV,Telephone Field,recover-20220825,002,1795
1728.4875,1728.5252,68437,81885,Rhinolophus ferrumequinum,0.023,0.023,-1,Echolocation,/mnt/ubna_data_01_mir/recover-20220825/UBNA_002/20220823_033000.WAV,Telephone Field,recover-20220825,002,1795
1728.5285,1728.5347,28906,41018,Eptesicus serotinus,0.006,0.024,-1,Echolocation,/mnt/ubna_data_01_mir/recover-20220825/UBNA_002/20220823_033000.WAV,Telephone Field,recover-20220825,002,1795
1728.5295,1728.5398,22890,28258,Nyctalus leisleri,0.013,0.028,-1,Echolocation,/mnt/ubna_data_01_mir/recover-20220825/UBNA_002/20220823_033000.WAV,Telephone Field,recover-20220825,002,1795
1728.5945,1728.6033,26328,35924,Eptesicus serotinus,0.009,0.022,-1,Echolocation,/mnt/ubna_data_01_mir/recover-20220825/UBNA_002/20220823_033000.WAV,Telephone Field,recover-20220825,002,1795
1728.6565,1728.6652,47812,53848,Pipistrellus pipistrellus,0.02,0.021,-1,Echolocation,/mnt/ubna_data_01_mir/recover-20220825/UBNA_002/20220823_033000.WAV,Telephone Field,recover-20220825,002,1795
1728.6585,1728.6964,68437,81801,Rhinolophus ferrumequinum,0.023,0.023,-1,Echolocation,/mnt/ubna_data_01_mir/recover-20220825/UBNA_002/20220823_033000.WAV,Telephone Field,recover-20220825,002,1795
1728.6595,1728.6668,27187,38778,Eptesicus serotinus,0.006,0.023,-1,Echolocation,/mnt/ubna_data_01_mir/recover-20220825/UBNA_002/20220823_033000.WAV,Telephone Field,recover-20220825,002,1795
1728.6665,1728.6756,32343,43163,Myotis daubentonii,0.005,0.021,-1,Echolocation,/mnt/ubna_data_01_mir/recover-20220825/UBNA_002/20220823_033000.WAV,Telephone Field,recover-20220825,002,1795
1728.7085,1728.7175,44375,49890,Pipistrellus pipistrellus,0.021,0.023,-1,Echolocation,/mnt/ubna_data_01_mir/recover-20220825/UBNA_002/20220823_033000.WAV,Telephone Field,recover-20220825,002,1795
1728.7505,1728.7587,28906,36357,Eptesicus serotinus,0.009,0.023,-1,Echolocation,/mnt/ubna_data_01_mir/recover-20220825/UBNA_002/20220823_033000.WAV,Telephone Field,recover-20220825,002,1795
1728.7545,1728.7948,68437,82605,Rhinolophus ferrumequinum,0.029,0.029,-1,Echolocation,/mnt/ubna_data_01_mir/recover-20220825/UBNA_002/20220823_033000.WAV,Telephone Field,recover-20220825,002,1795
1728.7815,1728.7907,28906,37202,Eptesicus serotinus,0.008,0.021,-1,Echolocation,/mnt/ubna_data_01_mir/recover-20220825/UBNA_002/20220823_033000.WAV,Telephone Field,recover-20220825,002,1795
1728.7815,1728.8217,68437,82483,Rhinolophus ferrumequinum,0.023,0.023,-1,Echolocation,/mnt/ubna_data_01_mir/recover-20220825/UBNA_002/20220823_033000.WAV,Telephone Field,recover-20220825,002,1795
1728.7975,1728.8092,28046,34623,Eptesicus serotinus,0.024,0.043,-1,Echolocation,/mnt/ubna_data_01_mir/recover-20220825/UBNA_002/20220823_033000.WAV,Telephone Field,recover-20220825,002,1795
1728.8305,1728.871,68437,82598,Rhinolophus ferrumequinum,0.029,0.029,-1,Echolocation,/mnt/ubna_data_01_mir/recover-20220825/UBNA_002/20220823_033000.WAV,Telephone Field,recover-20220825,002,1795
1728.8485,1728.885,68437,80913,Rhinolophus ferrumequinum,0.021,0.021,-1,Echolocation,/mnt/ubna_data_01_mir/recover-20220825/UBNA_002/20220823_033000.WAV,Telephone Field,recover-20220825,002,1795
1728.8545,1728.8647,22031,27149,Nyctalus leisleri,0.009,0.023,-1,Echolocation,/mnt/ubna_data_01_mir/recover-20220825/UBNA_002/20220823_033000.WAV,Telephone Field,recover-20220825,002,1795
1728.8685,1728.9091,68437,82424,Rhinolophus ferrumequinum,0.042,0.042,-1,Echolocation,/mnt/ubna_data_01_mir/recover-20220825/UBNA_002/20220823_033000.WAV,Telephone Field,recover-20220825,002,1795
1728.8805,1728.8871,28046,40962,Eptesicus serotinus,0.006,0.025,-1,Echolocation,/mnt/ubna_data_01_mir/recover-20220825/UBNA_002/20220823_033000.WAV,Telephone Field,recover-20220825,002,1795
1728.8965,1728.9335,68437,81308,Rhinolophus ferrumequinum,0.021,0.021,-1,Echolocation,/mnt/ubna_data_01_mir/recover-20220825/UBNA_002/20220823_033000.WAV,Telephone Field,recover-20220825,002,1795
1728.8965,1728.9074,23750,29786,Nyctalus leisleri,0.011,0.028,-1,Echolocation,/mnt/ubna_data_01_mir/recover-20220825/UBNA_002/20220823_033000.WAV,Telephone Field,recover-20220825,002,1795
1728.9165,1728.9234,28046,41055,Eptesicus serotinus,0.006,0.022,-1,Echolocation,/mnt/ubna_data_01_mir/recover-20220825/UBNA_002/20220823_033000.WAV,Telephone Field,recover-20220825,002,1795
1728.9415,1728.9499,47812,57804,Pipistrellus pipistrellus,0.017,0.022,-1,Echolocation,/mnt/ubna_data_01_mir/recover-20220825/UBNA_002/20220823_033000.WAV,Telephone Field,recover-20220825,002,1795
1728.9675,1729.008,68437,82391,Rhinolophus ferrumequinum,0.022,0.022,-1,Echolocation,/mnt/ubna_data_01_mir/recover-20220825/UBNA_002/20220823_033000.WAV,Telephone Field,recover-20220825,002,1795
1728.9975,1729.0051,28046,38590,Eptesicus serotinus,0.008,0.022,-1,Echolocation,/mnt/ubna_data_01_mir/recover-20220825/UBNA_002/20220823_033000.WAV,Telephone Field,recover-20220825,002,1795
1729.0005,1729.008,47812,57416,Pipistrellus pipistrellus,0.018,0.021,-1,Echolocation,/mnt/ubna_data_01_mir/recover-20220825/UBNA_002/20220823_033000.WAV,Telephone Field,recover-20220825,002,1795
1729.0285,1729.0387,22890,28192,Nyctalus leisleri,0.01,0.024,-1,Echolocation,/mnt/ubna_data_01_mir/recover-20220825/UBNA_002/20220823_033000.WAV,Telephone Field,recover-20220825,002,1795
1729.0395,1729.0511,24609,30967,Nyctalus leisleri,0.012,0.03,-1,Echolocation,/mnt/ubna_data_01_mir/recover-20220825/UBNA_002/20220823_033000.WAV,Telephone Field,recover-20220825,002,1795
1729.0485,1729.0865,68437,81822,Rhinolophus ferrumequinum,0.021,0.021,-1,Echolocation,/mnt/ubna_data_01_mir/recover-20220825/UBNA_002/20220823_033000.WAV,Telephone Field,recover-20220825,002,1795
1729.0635,1729.1018,68437,82043,Rhinolophus ferrumequinum,0.021,0.021,-1,Echolocation,/mnt/ubna_data_01_mir/recover-20220825/UBNA_002/20220823_033000.WAV,Telephone Field,recover-20220825,002,1795
1729.0885,1729.1288,68437,82490,Rhinolophus ferrumequinum,0.021,0.021,-1,Echolocation,/mnt/ubna_data_01_mir/recover-20220825/UBNA_002/20220823_033000.WAV,Telephone Field,recover-20220825,002,1795
1729.1025,1729.1445,68437,82930,Rhinolophus ferrumequinum,0.024,0.024,-1,Echolocation,/mnt/ubna_data_01_mir/recover-20220825/UBNA_002/20220823_033000.WAV,Telephone Field,recover-20220825,002,1795
1729.1235,1729.1651,68437,83254,Rhinolophus ferrumequinum,0.026,0.026,-1,Echolocation,/mnt/ubna_data_01_mir/recover-20220825/UBNA_002/20220823_033000.WAV,Telephone Field,recover-20220825,002,1795
1729.1235,1729.1331,36640,44245,Barbastellus barbastellus,0.008,0.029,-1,Echolocation,/mnt/ubna_data_01_mir/recover-20220825/UBNA_002/20220823_033000.WAV,Telephone Field,recover-20220825,002,1795
1729.1325,1729.1398,26328,35616,Eptesicus serotinus,0.007,0.023,-1,Echolocation,/mnt/ubna_data_01_mir/recover-20220825/UBNA_002/20220823_033000.WAV,Telephone Field,recover-20220825,002,1795
1729.1465,1729.1816,68437,80863,Rhinolophus ferrumequinum,0.021,0.021,-1,Echolocation,/mnt/ubna_data_01_mir/recover-20220825/UBNA_002/20220823_033000.WAV,Telephone Field,recover-20220825,002,1795
1729.1495,1729.1573,28046,38890,Eptesicus serotinus,0.007,0.023,-1,Echolocation,/mnt/ubna_data_01_mir/recover-20220825/UBNA_002/20220823_033000.WAV,Telephone Field,recover-20220825,002,1795
1729.1835,1729.1938,23750,29931,Nyctalus leisleri,0.012,0.032,-1,Echolocation,/mnt/ubna_data_01_mir/recover-20220825/UBNA_002/20220823_033000.WAV,Telephone Field,recover-20220825,002,1795
1729.2385,1729.2489,28906,37224,Eptesicus serotinus,0.013,0.028,-1,Echolocation,/mnt/ubna_data_01_mir/recover-20220825/UBNA_002/20220823_033000.WAV,Telephone Field,recover-20220825,002,1795
1729.2925,1729.3302,68437,82173,Rhinolophus ferrumequinum,0.021,0.021,-1,Echolocation,/mnt/ubna_data_01_mir/recover-20220825/UBNA_002/20220823_033000.WAV,Telephone Field,recover-20220825,002,1795
1729.2965,1729.3054,24609,32314,Eptesicus serotinus,0.007,0.022,-1,Echolocation,/mnt/ubna_data_01_mir/recover-20220825/UBNA_002/20220823_033000.WAV,Telephone Field,recover-20220825,002,1795
1729.3475,1729.3577,24609,31063,Nyctalus leisleri,0.011,0.03,-1,Echolocation,/mnt/ubna_data_01_mir/recover-20220825/UBNA_002/20220823_033000.WAV,Telephone Field,recover-20220825,002,1795
1729.3475,1729.3862,68437,82239,Rhinolophus ferrumequinum,0.023,0.023,-1,Echolocation,/mnt/ubna_data_01_mir/recover-20220825/UBNA_002/20220823_033000.WAV,Telephone Field,recover-20220825,002,1795
1729.3885,1729.4286,68437,82159,Rhinolophus ferrumequinum,0.022,0.022,-1,Echolocation,/mnt/ubna_data_01_mir/recover-20220825/UBNA_002/20220823_033000.WAV,Telephone Field,recover-20220825,002,1795
1729.4265,1729.466,68437,82454,Rhinolophus ferrumequinum,0.025,0.025,-1,Echolocation,/mnt/ubna_data_01_mir/recover-20220825/UBNA_002/20220823_033000.WAV,Telephone Field,recover-20220825,002,1795
1729.4325,1729.473,68437,82465,Rhinolophus ferrumequinum,0.026,0.026,-1,Echolocation,/mnt/ubna_data_01_mir/recover-20220825/UBNA_002/20220823_033000.WAV,Telephone Field,recover-20220825,002,1795
1729.4795,1729.4873,26328,34923,Eptesicus serotinus,0.007,0.022,-1,Echolocation,/mnt/ubna_data_01_mir/recover-20220825/UBNA_002/20220823_033000.WAV,Telephone Field,recover-20220825,002,1795
1729.4985,1729.5394000000001,68437,82626,Rhinolophus ferrumequinum,0.023,0.023,-1,Echolocation,/mnt/ubna_data_01_mir/recover-20220825/UBNA_002/20220823_033000.WAV,Telephone Field,recover-20220825,002,1795
1729.5185,1729.5287,46953,52549,Pipistrellus pipistrellus,0.02,0.023,-1,Echolocation,/mnt/ubna_data_01_mir/recover-20220825/UBNA_002/20220823_033000.WAV,Telephone Field,recover-20220825,002,1795
1729.5195,1729.5575,68437,82244,Rhinolophus ferrumequinum,0.022,0.022,-1,Echolocation,/mnt/ubna_data_01_mir/recover-20220825/UBNA_002/20220823_033000.WAV,Telephone Field,recover-20220825,002,1795
1729.5215,1729.5288,24609,33135,Plecotus austriacus,0.009,0.024,-1,Echolocation,/mnt/ubna_data_01_mir/recover-20220825/UBNA_002/20220823_033000.WAV,Telephone Field,recover-20220825,002,1795
1729.5585,1729.5688,42656,45675,Pipistrellus pipistrellus,0.025,0.03,-1,Echolocation,/mnt/ubna_data_01_mir/recover-20220825/UBNA_002/20220823_033000.WAV,Telephone Field,recover-20220825,002,1795
1729.5695,1729.5766,28046,40411,Eptesicus serotinus,0.009,0.024,-1,Echolocation,/mnt/ubna_data_01_mir/recover-20220825/UBNA_002/20220823_033000.WAV,Telephone Field,recover-20220825,002,1795
1729.6165,1729.6584,68437,83118,Rhinolophus ferrumequinum,0.033,0.033,-1,Echolocation,/mnt/ubna_data_01_mir/recover-20220825/UBNA_002/20220823_033000.WAV,Telephone Field,recover-20220825,002,1795
1729.6805,1729.7176,68437,82659,Rhinolophus ferrumequinum,0.024,0.024,-1,Echolocation,/mnt/ubna_data_01_mir/recover-20220825/UBNA_002/20220823_033000.WAV,Telephone Field,recover-20220825,002,1795
1729.7285,1729.7406,23750,29382,Nyctalus leisleri,0.01,0.025,-1,Echolocation,/mnt/ubna_data_01_mir/recover-20220825/UBNA_002/20220823_033000.WAV,Telephone Field,recover-20220825,002,1795
1729.7545,1729.7616,28046,39733,Eptesicus serotinus,0.007,0.022,-1,Echolocation,/mnt/ubna_data_01_mir/recover-20220825/UBNA_002/20220823_033000.WAV,Telephone Field,recover-20220825,002,1795
1729.7655,1729.803,68437,81797,Rhinolophus ferrumequinum,0.025,0.025,-1,Echolocation,/mnt/ubna_data_01_mir/recover-20220825/UBNA_002/20220823_033000.WAV,Telephone Field,recover-20220825,002,1795
1729.8065,1729.8446,68437,82123,Rhinolophus ferrumequinum,0.021,0.022,-1,Echolocation,/mnt/ubna_data_01_mir/recover-20220825/UBNA_002/20220823_033000.WAV,Telephone Field,recover-20220825,002,1795
1729.8325,1729.8734,68437,82528,Rhinolophus ferrumequinum,0.021,0.021,-1,Echolocation,/mnt/ubna_data_01_mir/recover-20220825/UBNA_002/20220823_033000.WAV,Telephone Field,recover-20220825,002,1795
1729.8385,1729.8757,68437,82173,Rhinolophus ferrumequinum,0.022,0.022,-1,Echolocation,/mnt/ubna_data_01_mir/recover-20220825/UBNA_002/20220823_033000.WAV,Telephone Field,recover-20220825,002,1795
1729.8515,1729.8921,68437,82374,Rhinolophus ferrumequinum,0.025,0.025,-1,Echolocation,/mnt/ubna_data_01_mir/recover-20220825/UBNA_002/20220823_033000.WAV,Telephone Field,recover-20220825,002,1795
1729.8865,1729.9284,68437,82459,Rhinolophus ferrumequinum,0.026,0.026,-1,Echolocation,/mnt/ubna_data_01_mir/recover-20220825/UBNA_002/20220823_033000.WAV,Telephone Field,recover-20220825,002,1795
1729.8895,1729.8997,22031,27278,Nyctalus leisleri,0.009,0.021,-1,Echolocation,/mnt/ubna_data_01_mir/recover-20220825/UBNA_002/20220823_033000.WAV,Telephone Field,recover-20220825,002,1795
1729.9295,1729.9689,68437,82434,Rhinolophus ferrumequinum,0.022,0.022,-1,Echolocation,/mnt/ubna_data_01_mir/recover-20220825/UBNA_002/20220823_033000.WAV,Telephone Field,recover-20220825,002,1795
1729.9575,1729.995,68437,81973,Rhinolophus ferrumequinum,0.022,0.022,-1,Echolocation,/mnt/ubna_data_01_mir/recover-20220825/UBNA_002/20220823_033000.WAV,Telephone Field,recover-20220825,002,1795
1729.9835,1729.9902,26328,41129,Eptesicus serotinus,0.005,0.022,-1,Echolocation,/mnt/ubna_data_01_mir/recover-20220825/UBNA_002/20220823_033000.WAV,Telephone Field,recover-20220825,002,1795
1730.0015,1730.0112,22031,27946,Nyctalus leisleri,0.01,0.025,-1,Echolocation,/mnt/ubna_data_01_mir/recover-20220825/UBNA_002/20220823_033000.WAV,Telephone Field,recover-20220825,002,1795
1730.0015,1730.01,27187,36513,Eptesicus serotinus,0.009,0.028,-1,Echolocation,/mnt/ubna_data_01_mir/recover-20220825/UBNA_002/20220823_033000.WAV,Telephone Field,recover-20220825,002,1795
1730.0025,1730.04,68437,82196,Rhinolophus ferrumequinum,0.022,0.024,-1,Echolocation,/mnt/ubna_data_01_mir/recover-20220825/UBNA_002/20220823_033000.WAV,Telephone Field,recover-20220825,002,1795
1730.0565,1730.0978,68437,82369,Rhinolophus ferrumequinum,0.021,0.021,-1,Echolocation,/mnt/ubna_data_01_mir/recover-20220825/UBNA_002/20220823_033000.WAV,Telephone Field,recover-20220825,002,1795
1730.0595,1730.0666,27187,39114,Eptesicus serotinus,0.006,0.023,-1,Echolocation,/mnt/ubna_data_01_mir/recover-20220825/UBNA_002/20220823_033000.WAV,Telephone Field,recover-20220825,002,1795
1730.0745,1730.0842,47812,51450,Pipistrellus pipistrellus,0.022,0.024,-1,Echolocation,/mnt/ubna_data_01_mir/recover-20220825/UBNA_002/20220823_033000.WAV,Telephone Field,recover-20220825,002,1795
1730.0755,1730.1139,68437,82035,Rhinolophus ferrumequinum,0.02,0.02,-1,Echolocation,/mnt/ubna_data_01_mir/recover-20220825/UBNA_002/20220823_033000.WAV,Telephone Field,recover-20220825,002,1795
1730.0945,1730.1334,68437,81387,Rhinolophus ferrumequinum,0.02,0.02,-1,Echolocation,/mnt/ubna_data_01_mir/recover-20220825/UBNA_002/20220823_033000.WAV,Telephone Field,recover-20220825,002,1795
1730.1395,1730.1488,28906,38906,Eptesicus serotinus,0.008,0.021,-1,Echolocation,/mnt/ubna_data_01_mir/recover-20220825/UBNA_002/20220823_033000.WAV,Telephone Field,recover-20220825,002,1795
1730.1785,1730.1854,28046,40555,Eptesicus serotinus,0.006,0.023,-1,Echolocation,/mnt/ubna_data_01_mir/recover-20220825/UBNA_002/20220823_033000.WAV,Telephone Field,recover-20220825,002,1795
1730.1795,1730.2202,68437,82790,Rhinolophus ferrumequinum,0.024,0.024,-1,Echolocation,/mnt/ubna_data_01_mir/recover-20220825/UBNA_002/20220823_033000.WAV,Telephone Field,recover-20220825,002,1795
1730.1885,1730.1964,34062,42680,Myotis daubentonii,0.006,0.022,-1,Echolocation,/mnt/ubna_data_01_mir/recover-20220825/UBNA_002/20220823_033000.WAV,Telephone Field,recover-20220825,002,1795
1730.1915,1730.2312,68437,82209,Rhinolophus ferrumequinum,0.025,0.025,-1,Echolocation,/mnt/ubna_data_01_mir/recover-20220825/UBNA_002/20220823_033000.WAV,Telephone Field,recover-20220825,002,1795
1730.2035,1730.2447,68437,82443,Rhinolophus ferrumequinum,0.022,0.022,-1,Echolocation,/mnt/ubna_data_01_mir/recover-20220825/UBNA_002/20220823_033000.WAV,Telephone Field,recover-20220825,002,1795
1730.2185,1730.2258,50390,57717,Pipistrellus pipistrellus,0.017,0.02,-1,Echolocation,/mnt/ubna_data_01_mir/recover-20220825/UBNA_002/20220823_033000.WAV,Telephone Field,recover-20220825,002,1795
1730.2375,1730.2473,23750,30613,Nyctalus leisleri,0.007,0.022,-1,Echolocation,/mnt/ubna_data_01_mir/recover-20220825/UBNA_002/20220823_033000.WAV,Telephone Field,recover-20220825,002,1795
1730.2495,1730.2894000000001,68437,82598,Rhinolophus ferrumequinum,0.023,0.023,-1,Echolocation,/mnt/ubna_data_01_mir/recover-20220825/UBNA_002/20220823_033000.WAV,Telephone Field,recover-20220825,002,1795
1730.2525,1730.2608,28046,38706,Eptesicus serotinus,0.009,0.023,-1,Echolocation,/mnt/ubna_data_01_mir/recover-20220825/UBNA_002/20220823_033000.WAV,Telephone Field,recover-20220825,002,1795
1730.2765,1730.2845,28046,38619,Eptesicus serotinus,0.006,0.021,-1,Echolocation,/mnt/ubna_data_01_mir/recover-20220825/UBNA_002/20220823_033000.WAV,Telephone Field,recover-20220825,002,1795
1730.2785,1730.3196,68437,83202,Rhinolophus ferrumequinum,0.024,0.024,-1,Echolocation,/mnt/ubna_data_01_mir/recover-20220825/UBNA_002/20220823_033000.WAV,Telephone Field,recover-20220825,002,1795
1730.2945,1730.3015,28046,41480,Eptesicus serotinus,0.006,0.021,-1,Echolocation,/mnt/ubna_data_01_mir/recover-20220825/UBNA_002/20220823_033000.WAV,Telephone Field,recover-20220825,002,1795
1730.3015,1730.3387,68437,81579,Rhinolophus ferrumequinum,0.02,0.02,-1,Echolocation,/mnt/ubna_data_01_mir/recover-20220825/UBNA_002/20220823_033000.WAV,Telephone Field,recover-20220825,002,1795
1730.3245,1730.3326,22890,31385,Plecotus austriacus,0.014,0.029,-1,Echolocation,/mnt/ubna_data_01_mir/recover-20220825/UBNA_002/20220823_033000.WAV,Telephone Field,recover-20220825,002,1795
1730.3515,1730.3587,23750,32002,Plecotus austriacus,0.01,0.023,-1,Echolocation,/mnt/ubna_data_01_mir/recover-20220825/UBNA_002/20220823_033000.WAV,Telephone Field,recover-20220825,002,1795
1730.4265,1730.4368,28046,36323,Eptesicus serotinus,0.009,0.021,-1,Echolocation,/mnt/ubna_data_01_mir/recover-20220825/UBNA_002/20220823_033000.WAV,Telephone Field,recover-20220825,002,1795
1730.4745,1730.5147,68437,82465,Rhinolophus ferrumequinum,0.023,0.023,-1,Echolocation,/mnt/ubna_data_01_mir/recover-20220825/UBNA_002/20220823_033000.WAV,Telephone Field,recover-20220825,002,1795
1730.4755,1730.4827,28046,42026,Eptesicus serotinus,0.007,0.025,-1,Echolocation,/mnt/ubna_data_01_mir/recover-20220825/UBNA_002/20220823_033000.WAV,Telephone Field,recover-20220825,002,1795
1730.5365,1730.5727,68437,81124,Rhinolophus ferrumequinum,0.02,0.02,-1,Echolocation,/mnt/ubna_data_01_mir/recover-20220825/UBNA_002/20220823_033000.WAV,Telephone Field,recover-20220825,002,1795
1730.5385,1730.549,28046,35942,Eptesicus serotinus,0.01,0.022,-1,Echolocation,/mnt/ubna_data_01_mir/recover-20220825/UBNA_002/20220823_033000.WAV,Telephone Field,recover-20220825,002,1795
1730.5665,1730.6044,68437,81512,Rhinolophus ferrumequinum,0.022,0.022,-1,Echolocation,/mnt/ubna_data_01_mir/recover-20220825/UBNA_002/20220823_033000.WAV,Telephone Field,recover-20220825,002,1795
1730.6075,1730.6473,68437,82348,Rhinolophus ferrumequinum,0.025,0.025,-1,Echolocation,/mnt/ubna_data_01_mir/recover-20220825/UBNA_002/20220823_033000.WAV,Telephone Field,recover-20220825,002,1795
1730.6665,1730.7087,68437,82360,Rhinolophus ferrumequinum,0.02,0.02,-1,Echolocation,/mnt/ubna_data_01_mir/recover-20220825/UBNA_002/20220823_033000.WAV,Telephone Field,recover-20220825,002,1795
1730.6735,1730.7159,68437,82591,Rhinolophus ferrumequinum,0.022,0.022,-1,Echolocation,/mnt/ubna_data_01_mir/recover-20220825/UBNA_002/20220823_033000.WAV,Telephone Field,recover-20220825,002,1795
1730.6905,1730.7003,22031,27790,Plecotus austriacus,0.008,0.022,-1,Echolocation,/mnt/ubna_data_01_mir/recover-20220825/UBNA_002/20220823_033000.WAV,Telephone Field,recover-20220825,002,1795
1730.7775,1730.7849,28046,40798,Eptesicus serotinus,0.006,0.021,-1,Echolocation,/mnt/ubna_data_01_mir/recover-20220825/UBNA_002/20220823_033000.WAV,Telephone Field,recover-20220825,002,1795
1730.7825,1730.7912,27187,36959,Eptesicus serotinus,0.008,0.021,-1,Echolocation,/mnt/ubna_data_01_mir/recover-20220825/UBNA_002/20220823_033000.WAV,Telephone Field,recover-20220825,002,1795
1730.7985,1730.8321,68437,81002,Rhinolophus ferrumequinum,0.033,0.033,-1,Echolocation,/mnt/ubna_data_01_mir/recover-20220825/UBNA_002/20220823_033000.WAV,Telephone Field,recover-20220825,002,1795
1730.8095,1730.8483,68437,82313,Rhinolophus ferrumequinum,0.021,0.021,-1,Echolocation,/mnt/ubna_data_01_mir/recover-20220825/UBNA_002/20220823_033000.WAV,Telephone Field,recover-20220825,002,1795
1730.8885,1730.8989,32343,38302,Eptesicus serotinus,0.006,0.021,-1,Echolocation,/mnt/ubna_data_01_mir/recover-20220825/UBNA_002/20220823_033000.WAV,Telephone Field,recover-20220825,002,1795
1730.8895,1730.9305,68437,82954,Rhinolophus ferrumequinum,0.023,0.023,-1,Echolocation,/mnt/ubna_data_01_mir/recover-20220825/UBNA_002/20220823_033000.WAV,Telephone Field,recover-20220825,002,1795
1730.9435,1730.985,68437,82094,Rhinolophus ferrumequinum,0.023,0.023,-1,Echolocation,/mnt/ubna_data_01_mir/recover-20220825/UBNA_002/20220823_033000.WAV,Telephone Field,recover-20220825,002,1795
1730.9435,1730.9521,28906,38077,Eptesicus serotinus,0.007,0.021,-1,Echolocation,/mnt/ubna_data_01_mir/recover-20220825/UBNA_002/20220823_033000.WAV,Telephone Field,recover-20220825,002,1795
1730.9555,1730.9943,68437,82264,Rhinolophus ferrumequinum,0.027,0.027,-1,Echolocation,/mnt/ubna_data_01_mir/recover-20220825/UBNA_002/20220823_033000.WAV,Telephone Field,recover-20220825,002,1795
1730.9685,1731.0078,68437,81951,Rhinolophus ferrumequinum,0.023,0.023,-1,Echolocation,/mnt/ubna_data_01_mir/recover-20220825/UBNA_002/20220823_033000.WAV,Telephone Field,recover-20220825,002,1795
1730.9995,1731.0402,68437,82794,Rhinolophus ferrumequinum,0.023,0.023,-1,Echolocation,/mnt/ubna_data_01_mir/recover-20220825/UBNA_002/20220823_033000.WAV,Telephone Field,recover-20220825,002,1795
1731.0145,1731.0516,68437,81946,Rhinolophus ferrumequinum,0.02,0.02,-1,Echolocation,/mnt/ubna_data_01_mir/recover-20220825/UBNA_002/20220823_033000.WAV,Telephone Field,recover-20220825,002,1795
1731.0465,1731.0871,68437,82997,Rhinolophus ferrumequinum,0.023,0.023,-1,Echolocation,/mnt/ubna_data_01_mir/recover-20220825/UBNA_002/20220823_033000.WAV,Telephone Field,recover-20220825,002,1795
1731.0785,1731.1183,68437,82355,Rhinolophus ferrumequinum,0.022,0.022,-1,Echolocation,/mnt/ubna_data_01_mir/recover-20220825/UBNA_002/20220823_033000.WAV,Telephone Field,recover-20220825,002,1795
1731.0885,1731.1295,68437,82795,Rhinolophus ferrumequinum,0.024,0.024,-1,Echolocation,/mnt/ubna_data_01_mir/recover-20220825/UBNA_002/20220823_033000.WAV,Telephone Field,recover-20220825,002,1795
1731.1005,1731.1096,27187,36116,Eptesicus serotinus,0.008,0.02,-1,Echolocation,/mnt/ubna_data_01_mir/recover-20220825/UBNA_002/20220823_033000.WAV,Telephone Field,recover-20220825,002,1795
1731.1285,1731.1704,68437,82550,Rhinolophus ferrumequinum,0.026,0.026,-1,Echolocation,/mnt/ubna_data_01_mir/recover-20220825/UBNA_002/20220823_033000.WAV,Telephone Field,recover-20220825,002,1795
1731.1305,1731.1386,28906,37517,Eptesicus serotinus,0.006,0.022,-1,Echolocation,/mnt/ubna_data_01_mir/recover-20220825/UBNA_002/20220823_033000.WAV,Telephone Field,recover-20220825,002,1795
1731.1595,1731.1939,68437,81281,Rhinolophus ferrumequinum,0.023,0.024,-1,Echolocation,/mnt/ubna_data_01_mir/recover-20220825/UBNA_002/20220823_033000.WAV,Telephone Field,recover-20220825,002,1795
1731.1595,1731.1664,28046,38797,Eptesicus serotinus,0.011,0.032,-1,Echolocation,/mnt/ubna_data_01_mir/recover-20220825/UBNA_002/20220823_033000.WAV,Telephone Field,recover-20220825,002,1795
1731.2325,1731.2725,68437,82643,Rhinolophus ferrumequinum,0.022,0.022,-1,Echolocation,/mnt/ubna_data_01_mir/recover-20220825/UBNA_002/20220823_033000.WAV,Telephone Field,recover-20220825,002,1795
1731.2485,1731.2893,68437,82345,Rhinolophus ferrumequinum,0.022,0.022,-1,Echolocation,/mnt/ubna_data_01_mir/recover-20220825/UBNA_002/20220823_033000.WAV,Telephone Field,recover-20220825,002,1795
1731.2695,1731.2766,28046,38670,Eptesicus serotinus,0.006,0.022,-1,Echolocation,/mnt/ubna_data_01_mir/recover-20220825/UBNA_002/20220823_033000.WAV,Telephone Field,recover-20220825,002,1795
1731.2695,1731.3089,68437,81727,Rhinolophus ferrumequinum,0.021,0.021,-1,Echolocation,/mnt/ubna_data_01_mir/recover-20220825/UBNA_002/20220823_033000.WAV,Telephone Field,recover-20220825,002,1795
1731.2835,1731.2993,22890,26408,Nyctalus leisleri,0.02,0.032,-1,Echolocation,/mnt/ubna_data_01_mir/recover-20220825/UBNA_002/20220823_033000.WAV,Telephone Field,recover-20220825,002,1795
1731.2865,1731.3266,68437,82050,Rhinolophus ferrumequinum,0.022,0.022,-1,Echolocation,/mnt/ubna_data_01_mir/recover-20220825/UBNA_002/20220823_033000.WAV,Telephone Field,recover-20220825,002,1795
1731.2955,1731.3322,68437,82038,Rhinolophus ferrumequinum,0.02,0.02,-1,Echolocation,/mnt/ubna_data_01_mir/recover-20220825/UBNA_002/20220823_033000.WAV,Telephone Field,recover-20220825,002,1795
1731.3175,1731.3562,68437,81002,Rhinolophus ferrumequinum,0.022,0.022,-1,Echolocation,/mnt/ubna_data_01_mir/recover-20220825/UBNA_002/20220823_033000.WAV,Telephone Field,recover-20220825,002,1795
1731.3235,1731.3626,68437,82628,Rhinolophus ferrumequinum,0.022,0.022,-1,Echolocation,/mnt/ubna_data_01_mir/recover-20220825/UBNA_002/20220823_033000.WAV,Telephone Field,recover-20220825,002,1795
1731.3615,1731.3995,68437,81558,Rhinolophus ferrumequinum,0.022,0.022,-1,Echolocation,/mnt/ubna_data_01_mir/recover-20220825/UBNA_002/20220823_033000.WAV,Telephone Field,recover-20220825,002,1795
1731.3825,1731.4215,68437,82579,Rhinolophus ferrumequinum,0.024,0.024,-1,Echolocation,/mnt/ubna_data_01_mir/recover-20220825/UBNA_002/20220823_033000.WAV,Telephone Field,recover-20220825,002,1795
1731.3855,1731.3955,28046,37633,Eptesicus serotinus,0.016,0.03,-1,Echolocation,/mnt/ubna_data_01_mir/recover-20220825/UBNA_002/20220823_033000.WAV,Telephone Field,recover-20220825,002,1795
1731.4355,1731.4783,68437,82959,Rhinolophus ferrumequinum,0.028,0.028,-1,Echolocation,/mnt/ubna_data_01_mir/recover-20220825/UBNA_002/20220823_033000.WAV,Telephone Field,recover-20220825,002,1795
1731.4675,1731.5071,68437,81922,Rhinolophus ferrumequinum,0.02,0.02,-1,Echolocation,/mnt/ubna_data_01_mir/recover-20220825/UBNA_002/20220823_033000.WAV,Telephone Field,recover-20220825,002,1795
1731.4885,1731.4984,22031,27037,Nyctalus leisleri,0.009,0.02,-1,Echolocation,/mnt/ubna_data_01_mir/recover-20220825/UBNA_002/20220823_033000.WAV,Telephone Field,recover-20220825,002,1795
1731.4985,1731.5064,46953,52644,Pipistrellus pipistrellus,0.03,0.032,-1,Echolocation,/mnt/ubna_data_01_mir/recover-20220825/UBNA_002/20220823_033000.WAV,Telephone Field,recover-20220825,002,1795
1731.5665,1731.607,68437,82693,Rhinolophus ferrumequinum,0.027,0.027,-1,Echolocation,/mnt/ubna_data_01_mir/recover-20220825/UBNA_002/20220823_033000.WAV,Telephone Field,recover-20220825,002,1795
1731.5705,1731.5798,28046,36206,Eptesicus serotinus,0.008,0.023,-1,Echolocation,/mnt/ubna_data_01_mir/recover-20220825/UBNA_002/20220823_033000.WAV,Telephone Field,recover-20220825,002,1795
1731.5955,1731.6374,68437,82741,Rhinolophus ferrumequinum,0.028,0.028,-1,Echolocation,/mnt/ubna_data_01_mir/recover-20220825/UBNA_002/20220823_033000.WAV,Telephone Field,recover-20220825,002,1795
1731.6315,1731.6387,28046,41192,Eptesicus serotinus,0.006,0.024,-1,Echolocation,/mnt/ubna_data_01_mir/recover-20220825/UBNA_002/20220823_033000.WAV,Telephone Field,recover-20220825,002,1795
1731.6515,1731.6903,68437,81702,Rhinolophus ferrumequinum,0.02,0.02,-1,Echolocation,/mnt/ubna_data_01_mir/recover-20220825/UBNA_002/20220823_033000.WAV,Telephone Field,recover-20220825,002,1795
1731.7035,1731.7105999999999,27187,37430,Eptesicus serotinus,0.006,0.02,-1,Echolocation,/mnt/ubna_data_01_mir/recover-20220825/UBNA_002/20220823_033000.WAV,Telephone Field,recover-20220825,002,1795
1731.7905,1731.832,68437,82481,Rhinolophus ferrumequinum,0.021,0.021,-1,Echolocation,/mnt/ubna_data_01_mir/recover-20220825/UBNA_002/20220823_033000.WAV,Telephone Field,recover-20220825,002,1795
1731.8155,1731.8566,68437,82902,Rhinolophus ferrumequinum,0.027,0.027,-1,Echolocation,/mnt/ubna_data_01_mir/recover-20220825/UBNA_002/20220823_033000.WAV,Telephone Field,recover-20220825,002,1795
1731.8335,1731.84,28046,39966,Eptesicus serotinus,0.005,0.02,-1,Echolocation,/mnt/ubna_data_01_mir/recover-20220825/UBNA_002/20220823_033000.WAV,Telephone Field,recover-20220825,002,1795
1731.8525,1731.8884,68437,80281,Rhinolophus ferrumequinum,0.021,0.022,-1,Echolocation,/mnt/ubna_data_01_mir/recover-20220825/UBNA_002/20220823_033000.WAV,Telephone Field,recover-20220825,002,1795
1731.8795,1731.8949,21171,24597,Nyctalus leisleri,0.012,0.021,-1,Echolocation,/mnt/ubna_data_01_mir/recover-20220825/UBNA_002/20220823_033000.WAV,Telephone Field,recover-20220825,002,1795
1731.9275,1731.9669,68437,82098,Rhinolophus ferrumequinum,0.02,0.02,-1,Echolocation,/mnt/ubna_data_01_mir/recover-20220825/UBNA_002/20220823_033000.WAV,Telephone Field,recover-20220825,002,1795
1731.9475,1731.956,28046,37978,Eptesicus serotinus,0.007,0.02,-1,Echolocation,/mnt/ubna_data_01_mir/recover-20220825/UBNA_002/20220823_033000.WAV,Telephone Field,recover-20220825,002,1795
1731.9735,1731.9836,22031,27231,Nyctalus leisleri,0.009,0.021,-1,Echolocation,/mnt/ubna_data_01_mir/recover-20220825/UBNA_002/20220823_033000.WAV,Telephone Field,recover-20220825,002,1795
1732.0015,1732.0369,68437,79486,Rhinolophus ferrumequinum,0.042,0.042,-1,Echolocation,/mnt/ubna_data_01_mir/recover-20220825/UBNA_002/20220823_033000.WAV,Telephone Field,recover-20220825,002,1795
1732.0015,1732.0113,28046,38398,Eptesicus serotinus,0.008,0.026,-1,Echolocation,/mnt/ubna_data_01_mir/recover-20220825/UBNA_002/20220823_033000.WAV,Telephone Field,recover-20220825,002,1795
1732.0075,1732.0493,68437,81124,Rhinolophus ferrumequinum,0.031,0.031,-1,Echolocation,/mnt/ubna_data_01_mir/recover-20220825/UBNA_002/20220823_033000.WAV,Telephone Field,recover-20220825,002,1795
1732.0275,1732.0361,27187,38732,Eptesicus serotinus,0.008,0.022,-1,Echolocation,/mnt/ubna_data_01_mir/recover-20220825/UBNA_002/20220823_033000.WAV,Telephone Field,recover-20220825,002,1795
1732.0595,1732.0699,22890,28180,Nyctalus leisleri,0.01,0.022,-1,Echolocation,/mnt/ubna_data_01_mir/recover-20220825/UBNA_002/20220823_033000.WAV,Telephone Field,recover-20220825,002,1795
1732.0775,1732.0861,27187,40364,Eptesicus serotinus,0.011,0.029,-1,Echolocation,/mnt/ubna_data_01_mir/recover-20220825/UBNA_002/20220823_033000.WAV,Telephone Field,recover-20220825,002,1795
1732.0855,1732.1242,68437,82906,Rhinolophus ferrumequinum,0.033,0.033,-1,Echolocation,/mnt/ubna_data_01_mir/recover-20220825/UBNA_002/20220823_033000.WAV,Telephone Field,recover-20220825,002,1795
1732.0865,1732.0929,28046,36801,Eptesicus serotinus,0.008,0.025,-1,Echolocation,/mnt/ubna_data_01_mir/recover-20220825/UBNA_002/20220823_033000.WAV,Telephone Field,recover-20220825,002,1795
1732.1155,1732.153,68437,81824,Rhinolophus ferrumequinum,0.021,0.022,-1,Echolocation,/mnt/ubna_data_01_mir/recover-20220825/UBNA_002/20220823_033000.WAV,Telephone Field,recover-20220825,002,1795
1732.1245,1732.1324,25468,34688,Eptesicus serotinus,0.008,0.024,-1,Echolocation,/mnt/ubna_data_01_mir/recover-20220825/UBNA_002/20220823_033000.WAV,Telephone Field,recover-20220825,002,1795
1732.1365,1732.1474,23750,30041,Nyctalus leisleri,0.01,0.027,-1,Echolocation,/mnt/ubna_data_01_mir/recover-20220825/UBNA_002/20220823_033000.WAV,Telephone Field,recover-20220825,002,1795
1732.1635,1732.1716,28046,40974,Eptesicus serotinus,0.007,0.023,-1,Echolocation,/mnt/ubna_data_01_mir/recover-20220825/UBNA_002/20220823_033000.WAV,Telephone Field,recover-20220825,002,1795
1732.1855,1732.1925,27187,41369,Eptesicus serotinus,0.006,0.022,-1,Echolocation,/mnt/ubna_data_01_mir/recover-20220825/UBNA_002/20220823_033000.WAV,Telephone Field,recover-20220825,002,1795
1732.1855,1732.1925,33203,44999,Myotis daubentonii,0.008,0.021,-1,Echolocation,/mnt/ubna_data_01_mir/recover-20220825/UBNA_002/20220823_033000.WAV,Telephone Field,recover-20220825,002,1795
1732.2005,1732.2428,68437,82834,Rhinolophus ferrumequinum,0.024,0.024,-1,Echolocation,/mnt/ubna_data_01_mir/recover-20220825/UBNA_002/20220823_033000.WAV,Telephone Field,recover-20220825,002,1795
1732.2225,1732.2608,68437,82408,Rhinolophus ferrumequinum,0.022,0.022,-1,Echolocation,/mnt/ubna_data_01_mir/recover-20220825/UBNA_002/20220823_033000.WAV,Telephone Field,recover-20220825,002,1795
1732.2675,1732.2752,27187,38704,Eptesicus serotinus,0.008,0.024,-1,Echolocation,/mnt/ubna_data_01_mir/recover-20220825/UBNA_002/20220823_033000.WAV,Telephone Field,recover-20220825,002,1795
1732.3055,1732.3445,68437,81729,Rhinolophus ferrumequinum,0.021,0.021,-1,Echolocation,/mnt/ubna_data_01_mir/recover-20220825/UBNA_002/20220823_033000.WAV,Telephone Field,recover-20220825,002,1795
1732.3805,1732.4152,68437,81382,Rhinolophus ferrumequinum,0.021,0.021,-1,Echolocation,/mnt/ubna_data_01_mir/recover-20220825/UBNA_002/20220823_033000.WAV,Telephone Field,recover-20220825,002,1795
1732.4455,1732.4889,68437,83093,Rhinolophus ferrumequinum,0.025,0.025,-1,Echolocation,/mnt/ubna_data_01_mir/recover-20220825/UBNA_002/20220823_033000.WAV,Telephone Field,recover-20220825,002,1795
1732.4745,1732.5149,68437,83083,Rhinolophus ferrumequinum,0.025,0.025,-1,Echolocation,/mnt/ubna_data_01_mir/recover-20220825/UBNA_002/20220823_033000.WAV,Telephone Field,recover-20220825,002,1795
1732.4905,1732.5295,68437,82198,Rhinolophus ferrumequinum,0.023,0.023,-1,Echolocation,/mnt/ubna_data_01_mir/recover-20220825/UBNA_002/20220823_033000.WAV,Telephone Field,recover-20220825,002,1795
1732.5045,1732.5136,25468,33222,Nyctalus leisleri,0.01,0.031,-1,Echolocation,/mnt/ubna_data_01_mir/recover-20220825/UBNA_002/20220823_033000.WAV,Telephone Field,recover-20220825,002,1795
1732.5555,1732.5669,25468,32037,Eptesicus serotinus,0.009,0.021,-1,Echolocation,/mnt/ubna_data_01_mir/recover-20220825/UBNA_002/20220823_033000.WAV,Telephone Field,recover-20220825,002,1795
1732.5645,1732.5789,23750,28904,Nyctalus leisleri,0.014,0.029,-1,Echolocation,/mnt/ubna_data_01_mir/recover-20220825/UBNA_002/20220823_033000.WAV,Telephone Field,recover-20220825,002,1795
1732.5945,1732.608,22031,25933,Nyctalus leisleri,0.014,0.023,-1,Echolocation,/mnt/ubna_data_01_mir/recover-20220825/UBNA_002/20220823_033000.WAV,Telephone Field,recover-20220825,002,1795
1732.5945,1732.6366,68437,82690,Rhinolophus ferrumequinum,0.026,0.026,-1,Echolocation,/mnt/ubna_data_01_mir/recover-20220825/UBNA_002/20220823_033000.WAV,Telephone Field,recover-20220825,002,1795
1732.6325,1732.6708,68437,82300,Rhinolophus ferrumequinum,0.023,0.023,-1,Echolocation,/mnt/ubna_data_01_mir/recover-20220825/UBNA_002/20220823_033000.WAV,Telephone Field,recover-20220825,002,1795
1732.6625,1732.7012,68437,82250,Rhinolophus ferrumequinum,0.024,0.024,-1,Echolocation,/mnt/ubna_data_01_mir/recover-20220825/UBNA_002/20220823_033000.WAV,Telephone Field,recover-20220825,002,1795
1732.6675,1732.677,22031,28397,Plecotus austriacus,0.009,0.023,-1,Echolocation,/mnt/ubna_data_01_mir/recover-20220825/UBNA_002/20220823_033000.WAV,Telephone Field,recover-20220825,002,1795
1732.6835,1732.7201,68437,81563,Rhinolophus ferrumequinum,0.023,0.023,-1,Echolocation,/mnt/ubna_data_01_mir/recover-20220825/UBNA_002/20220823_033000.WAV,Telephone Field,recover-20220825,002,1795
1732.6955,1732.7052,22890,28589,Nyctalus leisleri,0.009,0.022,-1,Echolocation,/mnt/ubna_data_01_mir/recover-20220825/UBNA_002/20220823_033000.WAV,Telephone Field,recover-20220825,002,1795
1732.7015,1732.7391,68437,81006,Rhinolophus ferrumequinum,0.022,0.022,-1,Echolocation,/mnt/ubna_data_01_mir/recover-20220825/UBNA_002/20220823_033000.WAV,Telephone Field,recover-20220825,002,1795
1732.7515,1732.7872,68437,82060,Rhinolophus ferrumequinum,0.022,0.022,-1,Echolocation,/mnt/ubna_data_01_mir/recover-20220825/UBNA_002/20220823_033000.WAV,Telephone Field,recover-20220825,002,1795
1732.7785,1732.8176,68437,82201,Rhinolophus ferrumequinum,0.024,0.024,-1,Echolocation,/mnt/ubna_data_01_mir/recover-20220825/UBNA_002/20220823_033000.WAV,Telephone Field,recover-20220825,002,1795
1732.8015,1732.8392,68437,81836,Rhinolophus ferrumequinum,0.023,0.023,-1,Echolocation,/mnt/ubna_data_01_mir/recover-20220825/UBNA_002/20220823_033000.WAV,Telephone Field,recover-20220825,002,1795
1732.8875,1732.9222,68437,81252,Rhinolophus ferrumequinum,0.023,0.023,-1,Echolocation,/mnt/ubna_data_01_mir/recover-20220825/UBNA_002/20220823_033000.WAV,Telephone Field,recover-20220825,002,1795
1732.9065,1732.9448,68437,82229,Rhinolophus ferrumequinum,0.023,0.023,-1,Echolocation,/mnt/ubna_data_01_mir/recover-20220825/UBNA_002/20220823_033000.WAV,Telephone Field,recover-20220825,002,1795
1732.9095,1732.9203,22890,28195,Nyctalus leisleri,0.015,0.031,-1,Echolocation,/mnt/ubna_data_01_mir/recover-20220825/UBNA_002/20220823_033000.WAV,Telephone Field,recover-20220825,002,1795
1732.9215,1732.9572,68437,81749,Rhinolophus ferrumequinum,0.022,0.022,-1,Echolocation,/mnt/ubna_data_01_mir/recover-20220825/UBNA_002/20220823_033000.WAV,Telephone Field,recover-20220825,002,1795
1732.9605,1732.9979,68437,82041,Rhinolophus ferrumequinum,0.024,0.024,-1,Echolocation,/mnt/ubna_data_01_mir/recover-20220825/UBNA_002/20220823_033000.WAV,Telephone Field,recover-20220825,002,1795
1732.9655,1733.007,68437,82246,Rhinolophus ferrumequinum,0.024,0.024,-1,Echolocation,/mnt/ubna_data_01_mir/recover-20220825/UBNA_002/20220823_033000.WAV,Telephone Field,recover-20220825,002,1795
1732.9705,1732.9775,27187,38841,Eptesicus serotinus,0.006,0.021,-1,Echolocation,/mnt/ubna_data_01_mir/recover-20220825/UBNA_002/20220823_033000.WAV,Telephone Field,recover-20220825,002,1795
1732.9935,1733.0321,68437,81418,Rhinolophus ferrumequinum,0.022,0.022,-1,Echolocation,/mnt/ubna_data_01_mir/recover-20220825/UBNA_002/20220823_033000.WAV,Telephone Field,recover-20220825,002,1795
1733.0705,1733.1086,68437,81803,Rhinolophus ferrumequinum,0.022,0.022,-1,Echolocation,/mnt/ubna_data_01_mir/recover-20220825/UBNA_002/20220823_033000.WAV,Telephone Field,recover-20220825,002,1795
1733.0875,1733.1283,68437,82279,Rhinolophus ferrumequinum,0.022,0.022,-1,Echolocation,/mnt/ubna_data_01_mir/recover-20220825/UBNA_002/20220823_033000.WAV,Telephone Field,recover-20220825,002,1795
1733.1375,1733.1456,27187,40012,Eptesicus serotinus,0.008,0.024,-1,Echolocation,/mnt/ubna_data_01_mir/recover-20220825/UBNA_002/20220823_033000.WAV,Telephone Field,recover-20220825,002,1795
1733.1645,1733.1721,28046,37886,Eptesicus serotinus,0.007,0.021,-1,Echolocation,/mnt/ubna_data_01_mir/recover-20220825/UBNA_002/20220823_033000.WAV,Telephone Field,recover-20220825,002,1795
1733.1985,1733.2061,27187,43356,Eptesicus serotinus,0.009,0.027,-1,Echolocation,/mnt/ubna_data_01_mir/recover-20220825/UBNA_002/20220823_033000.WAV,Telephone Field,recover-20220825,002,1795
1733.2235,1733.2619,68437,81699,Rhinolophus ferrumequinum,0.023,0.023,-1,Echolocation,/mnt/ubna_data_01_mir/recover-20220825/UBNA_002/20220823_033000.WAV,Telephone Field,recover-20220825,002,1795
1733.2275,1733.2354,28046,40232,Eptesicus serotinus,0.008,0.024,-1,Echolocation,/mnt/ubna_data_01_mir/recover-20220825/UBNA_002/20220823_033000.WAV,Telephone Field,recover-20220825,002,1795
1733.2325,1733.272,68437,81748,Rhinolophus ferrumequinum,0.025,0.025,-1,Echolocation,/mnt/ubna_data_01_mir/recover-20220825/UBNA_002/20220823_033000.WAV,Telephone Field,recover-20220825,002,1795
1733.2545,1733.2932,68437,81747,Rhinolophus ferrumequinum,0.024,0.024,-1,Echolocation,/mnt/ubna_data_01_mir/recover-20220825/UBNA_002/20220823_033000.WAV,Telephone Field,recover-20220825,002,1795
1733.2685,1733.2798,24609,30916,Nyctalus leisleri,0.01,0.027,-1,Echolocation,/mnt/ubna_data_01_mir/recover-20220825/UBNA_002/20220823_033000.WAV,Telephone Field,recover-20220825,002,1795
1733.3055,1733.312,27187,41395,Eptesicus serotinus,0.006,0.021,-1,Echolocation,/mnt/ubna_data_01_mir/recover-20220825/UBNA_002/20220823_033000.WAV,Telephone Field,recover-20220825,002,1795
1733.3255,1733.3648,68437,82495,Rhinolophus ferrumequinum,0.022,0.022,-1,Echolocation,/mnt/ubna_data_01_mir/recover-20220825/UBNA_002/20220823_033000.WAV,Telephone Field,recover-20220825,002,1795
1733.3465,1733.3573,23750,28814,Nyctalus leisleri,0.01,0.021,-1,Echolocation,/mnt/ubna_data_01_mir/recover-20220825/UBNA_002/20220823_033000.WAV,Telephone Field,recover-20220825,002,1795
1733.3585,1733.4006,68437,82807,Rhinolophus ferrumequinum,0.025,0.025,-1,Echolocation,/mnt/ubna_data_01_mir/recover-20220825/UBNA_002/20220823_033000.WAV,Telephone Field,recover-20220825,002,1795
1733.3885,1733.4202,68437,80332,Rhinolophus ferrumequinum,0.023,0.023,-1,Echolocation,/mnt/ubna_data_01_mir/recover-20220825/UBNA_002/20220823_033000.WAV,Telephone Field,recover-20220825,002,1795
1733.4045,1733.4422,68437,82345,Rhinolophus ferrumequinum,0.023,0.023,-1,Echolocation,/mnt/ubna_data_01_mir/recover-20220825/UBNA_002/20220823_033000.WAV,Telephone Field,recover-20220825,002,1795
1733.4205,1733.4601,68437,82503,Rhinolophus ferrumequinum,0.022,0.022,-1,Echolocation,/mnt/ubna_data_01_mir/recover-20220825/UBNA_002/20220823_033000.WAV,Telephone Field,recover-20220825,002,1795
1733.4465,1733.4567,28046,35159,Eptesicus serotinus,0.014,0.029,-1,Echolocation,/mnt/ubna_data_01_mir/recover-20220825/UBNA_002/20220823_033000.WAV,Telephone Field,recover-20220825,002,1795
1733.4795,1733.5164,68437,81830,Rhinolophus ferrumequinum,0.025,0.025,-1,Echolocation,/mnt/ubna_data_01_mir/recover-20220825/UBNA_002/20220823_033000.WAV,Telephone Field,recover-20220825,002,1795
1733.5075,1733.5496,68437,82951,Rhinolophus ferrumequinum,0.03,0.03,-1,Echolocation,/mnt/ubna_data_01_mir/recover-20220825/UBNA_002/20220823_033000.WAV,Telephone Field,recover-20220825,002,1795
1733.5235,1733.5338,28906,36194,Eptesicus serotinus,0.009,0.022,-1,Echolocation,/mnt/ubna_data_01_mir/recover-20220825/UBNA_002/20220823_033000.WAV,Telephone Field,recover-20220825,002,1795
1733.5955,1733.6318,68437,81631,Rhinolophus ferrumequinum,0.021,0.021,-1,Echolocation,/mnt/ubna_data_01_mir/recover-20220825/UBNA_002/20220823_033000.WAV,Telephone Field,recover-20220825,002,1795
1733.6235,1733.6601,68437,81800,Rhinolophus ferrumequinum,0.021,0.021,-1,Echolocation,/mnt/ubna_data_01_mir/recover-20220825/UBNA_002/20220823_033000.WAV,Telephone Field,recover-20220825,002,1795
1733.6555,1733.6916,68437,81691,Rhinolophus ferrumequinum,0.022,0.022,-1,Echolocation,/mnt/ubna_data_01_mir/recover-20220825/UBNA_002/20220823_033000.WAV,Telephone Field,recover-20220825,002,1795
1733.6865,1733.691,28906,40562,Plecotus auritus,0.016,0.051,-1,Echolocation,/mnt/ubna_data_01_mir/recover-20220825/UBNA_002/20220823_033000.WAV,Telephone Field,recover-20220825,002,1795
1733.7235,1733.7626,68437,82476,Rhinolophus ferrumequinum,0.023,0.023,-1,Echolocation,/mnt/ubna_data_01_mir/recover-20220825/UBNA_002/20220823_033000.WAV,Telephone Field,recover-20220825,002,1795
1733.7595,1733.7945,68437,80815,Rhinolophus ferrumequinum,0.022,0.022,-1,Echolocation,/mnt/ubna_data_01_mir/recover-20220825/UBNA_002/20220823_033000.WAV,Telephone Field,recover-20220825,002,1795
1733.7805,1733.8127,68437,80468,Rhinolophus ferrumequinum,0.022,0.022,-1,Echolocation,/mnt/ubna_data_01_mir/recover-20220825/UBNA_002/20220823_033000.WAV,Telephone Field,recover-20220825,002,1795
1733.7895,1733.8247,68437,81351,Rhinolophus ferrumequinum,0.021,0.021,-1,Echolocation,/mnt/ubna_data_01_mir/recover-20220825/UBNA_002/20220823_033000.WAV,Telephone Field,recover-20220825,002,1795
1733.7995,1733.8385,68437,82069,Rhinolophus ferrumequinum,0.021,0.021,-1,Echolocation,/mnt/ubna_data_01_mir/recover-20220825/UBNA_002/20220823_033000.WAV,Telephone Field,recover-20220825,002,1795
1733.8225,1733.8332,23750,29413,Nyctalus leisleri,0.01,0.025,-1,Echolocation,/mnt/ubna_data_01_mir/recover-20220825/UBNA_002/20220823_033000.WAV,Telephone Field,recover-20220825,002,1795
1733.8315,1733.8686,68437,82164,Rhinolophus ferrumequinum,0.021,0.021,-1,Echolocation,/mnt/ubna_data_01_mir/recover-20220825/UBNA_002/20220823_033000.WAV,Telephone Field,recover-20220825,002,1795
1733.8425,1733.8526,28046,36546,Eptesicus serotinus,0.01,0.024,-1,Echolocation,/mnt/ubna_data_01_mir/recover-20220825/UBNA_002/20220823_033000.WAV,Telephone Field,recover-20220825,002,1795
1733.8665,1733.9086,68437,83060,Rhinolophus ferrumequinum,0.027,0.027,-1,Echolocation,/mnt/ubna_data_01_mir/recover-20220825/UBNA_002/20220823_033000.WAV,Telephone Field,recover-20220825,002,1795
1733.8885,1733.9272,68437,81941,Rhinolophus ferrumequinum,0.022,0.022,-1,Echolocation,/mnt/ubna_data_01_mir/recover-20220825/UBNA_002/20220823_033000.WAV,Telephone Field,recover-20220825,002,1795
1733.9145,1733.925,24609,30479,Nyctalus leisleri,0.009,0.022,-1,Echolocation,/mnt/ubna_data_01_mir/recover-20220825/UBNA_002/20220823_033000.WAV,Telephone Field,recover-20220825,002,1795
1733.9395,1733.9458,27187,38216,Eptesicus serotinus,0.007,0.025,-1,Echolocation,/mnt/ubna_data_01_mir/recover-20220825/UBNA_002/20220823_033000.WAV,Telephone Field,recover-20220825,002,1795
1733.9605,1733.9673,27187,39544,Eptesicus serotinus,0.006,0.022,-1,Echolocation,/mnt/ubna_data_01_mir/recover-20220825/UBNA_002/20220823_033000.WAV,Telephone Field,recover-20220825,002,1795
1733.9885,1733.9986,25468,34284,Eptesicus serotinus,0.009,0.027,-1,Echolocation,/mnt/ubna_data_01_mir/recover-20220825/UBNA_002/20220823_033000.WAV,Telephone Field,recover-20220825,002,1795
1734.0015,1734.0164,48671,55926,Pipistrellus pipistrellus,0.028,0.039,-1,Echolocation,/mnt/ubna_data_01_mir/recover-20220825/UBNA_002/20220823_033000.WAV,Telephone Field,recover-20220825,002,1795
1734.0015,1734.0352,69296,81162,Rhinolophus ferrumequinum,0.037,0.037,-1,Echolocation,/mnt/ubna_data_01_mir/recover-20220825/UBNA_002/20220823_033000.WAV,Telephone Field,recover-20220825,002,1795
1734.0015,1734.0102,24609,31949,Nyctalus leisleri,0.01,0.03,-1,Echolocation,/mnt/ubna_data_01_mir/recover-20220825/UBNA_002/20220823_033000.WAV,Telephone Field,recover-20220825,002,1795
1734.0405,1734.0801,68437,82245,Rhinolophus ferrumequinum,0.021,0.021,-1,Echolocation,/mnt/ubna_data_01_mir/recover-20220825/UBNA_002/20220823_033000.WAV,Telephone Field,recover-20220825,002,1795
1734.0425,1734.0515,28046,36181,Eptesicus serotinus,0.008,0.021,-1,Echolocation,/mnt/ubna_data_01_mir/recover-20220825/UBNA_002/20220823_033000.WAV,Telephone Field,recover-20220825,002,1795
1734.0625,1734.1013,68437,82163,Rhinolophus ferrumequinum,0.02,0.02,-1,Echolocation,/mnt/ubna_data_01_mir/recover-20220825/UBNA_002/20220823_033000.WAV,Telephone Field,recover-20220825,002,1795
1734.0665,1734.0768,23750,29530,Nyctalus leisleri,0.01,0.023,-1,Echolocation,/mnt/ubna_data_01_mir/recover-20220825/UBNA_002/20220823_033000.WAV,Telephone Field,recover-20220825,002,1795
1734.0835,1734.0891,32343,45995,Myotis daubentonii,0.008,0.021,-1,Echolocation,/mnt/ubna_data_01_mir/recover-20220825/UBNA_002/20220823_033000.WAV,Telephone Field,recover-20220825,002,1795
1734.0865,1734.0937,27187,41162,Eptesicus serotinus,0.006,0.02,-1,Echolocation,/mnt/ubna_data_01_mir/recover-20220825/UBNA_002/20220823_033000.WAV,Telephone Field,recover-20220825,002,1795
1734.0985,1734.1377,68437,82448,Rhinolophus ferrumequinum,0.027,0.027,-1,Echolocation,/mnt/ubna_data_01_mir/recover-20220825/UBNA_002/20220823_033000.WAV,Telephone Field,recover-20220825,002,1795
1734.1055,1734.1443,68437,81987,Rhinolophus ferrumequinum,0.025,0.025,-1,Echolocation,/mnt/ubna_data_01_mir/recover-20220825/UBNA_002/20220823_033000.WAV,Telephone Field,recover-20220825,002,1795
1734.1695,1734.209,68437,81884,Rhinolophus ferrumequinum,0.021,0.021,-1,Echolocation,/mnt/ubna_data_01_mir/recover-20220825/UBNA_002/20220823_033000.WAV,Telephone Field,recover-20220825,002,1795
1734.2005,1734.2385,68437,81919,Rhinolophus ferrumequinum,0.021,0.021,-1,Echolocation,/mnt/ubna_data_01_mir/recover-20220825/UBNA_002/20220823_033000.WAV,Telephone Field,recover-20220825,002,1795
1734.2085,1734.2472,68437,82025,Rhinolophus ferrumequinum,0.022,0.022,-1,Echolocation,/mnt/ubna_data_01_mir/recover-20220825/UBNA_002/20220823_033000.WAV,Telephone Field,recover-20220825,002,1795
1734.2135,1734.2202,28046,38223,Eptesicus serotinus,0.006,0.022,-1,Echolocation,/mnt/ubna_data_01_mir/recover-20220825/UBNA_002/20220823_033000.WAV,Telephone Field,recover-20220825,002,1795
1734.2175,1734.2276,22031,26994,Nyctalus leisleri,0.009,0.021,-1,Echolocation,/mnt/ubna_data_01_mir/recover-20220825/UBNA_002/20220823_033000.WAV,Telephone Field,recover-20220825,002,1795
1734.2975,1734.3086,24609,30253,Nyctalus leisleri,0.012,0.027,-1,Echolocation,/mnt/ubna_data_01_mir/recover-20220825/UBNA_002/20220823_033000.WAV,Telephone Field,recover-20220825,002,1795
1734.3195,1734.3496,68437,80066,Rhinolophus ferrumequinum,0.02,0.02,-1,Echolocation,/mnt/ubna_data_01_mir/recover-20220825/UBNA_002/20220823_033000.WAV,Telephone Field,recover-20220825,002,1795
1734.3535,1734.3615,28046,37744,Eptesicus serotinus,0.008,0.02,-1,Echolocation,/mnt/ubna_data_01_mir/recover-20220825/UBNA_002/20220823_033000.WAV,Telephone Field,recover-20220825,002,1795
1734.3555,1734.39,68437,81264,Rhinolophus ferrumequinum,0.022,0.022,-1,Echolocation,/mnt/ubna_data_01_mir/recover-20220825/UBNA_002/20220823_033000.WAV,Telephone Field,recover-20220825,002,1795
1734.3675,1734.3737,27187,41045,Eptesicus serotinus,0.005,0.023,-1,Echolocation,/mnt/ubna_data_01_mir/recover-20220825/UBNA_002/20220823_033000.WAV,Telephone Field,recover-20220825,002,1795
1734.4085,1734.4494,68437,81605,Rhinolophus ferrumequinum,0.023,0.023,-1,Echolocation,/mnt/ubna_data_01_mir/recover-20220825/UBNA_002/20220823_033000.WAV,Telephone Field,recover-20220825,002,1795
1734.4105,1734.4215,28906,36593,Eptesicus serotinus,0.011,0.026,-1,Echolocation,/mnt/ubna_data_01_mir/recover-20220825/UBNA_002/20220823_033000.WAV,Telephone Field,recover-20220825,002,1795
1734.4305,1734.4698,68437,81531,Rhinolophus ferrumequinum,0.02,0.02,-1,Echolocation,/mnt/ubna_data_01_mir/recover-20220825/UBNA_002/20220823_033000.WAV,Telephone Field,recover-20220825,002,1795
1734.4385,1734.4494,22890,28394,Nyctalus leisleri,0.012,0.027,-1,Echolocation,/mnt/ubna_data_01_mir/recover-20220825/UBNA_002/20220823_033000.WAV,Telephone Field,recover-20220825,002,1795
1734.4655,1734.5043,68437,81702,Rhinolophus ferrumequinum,0.021,0.021,-1,Echolocation,/mnt/ubna_data_01_mir/recover-20220825/UBNA_002/20220823_033000.WAV,Telephone Field,recover-20220825,002,1795
1734.4885,1734.4985,22031,26478,Nyctalus leisleri,0.011,0.022,-1,Echolocation,/mnt/ubna_data_01_mir/recover-20220825/UBNA_002/20220823_033000.WAV,Telephone Field,recover-20220825,002,1795
1734.4905,1734.5318,68437,82690,Rhinolophus ferrumequinum,0.022,0.022,-1,Echolocation,/mnt/ubna_data_01_mir/recover-20220825/UBNA_002/20220823_033000.WAV,Telephone Field,recover-20220825,002,1795
1734.5005,1734.5226,18593,21725,Nyctalus noctula,0.024,0.048,-1,Echolocation,/mnt/ubna_data_01_mir/recover-20220825/UBNA_002/20220823_033000.WAV,Telephone Field,recover-20220825,002,1795
1734.5235,1734.5627,68437,82331,Rhinolophus ferrumequinum,0.024,0.024,-1,Echolocation,/mnt/ubna_data_01_mir/recover-20220825/UBNA_002/20220823_033000.WAV,Telephone Field,recover-20220825,002,1795
1734.5435,1734.5827,68437,82295,Rhinolophus ferrumequinum,0.024,0.024,-1,Echolocation,/mnt/ubna_data_01_mir/recover-20220825/UBNA_002/20220823_033000.WAV,Telephone Field,recover-20220825,002,1795
1734.5485,1734.5584,38359,44776,Pipistrellus nathusii,0.013,0.028,-1,Echolocation,/mnt/ubna_data_01_mir/recover-20220825/UBNA_002/20220823_033000.WAV,Telephone Field,recover-20220825,002,1795
1734.5545,1734.5921,68437,81993,Rhinolophus ferrumequinum,0.02,0.02,-1,Echolocation,/mnt/ubna_data_01_mir/recover-20220825/UBNA_002/20220823_033000.WAV,Telephone Field,recover-20220825,002,1795
1734.5875,1734.6288,68437,82217,Rhinolophus ferrumequinum,0.027,0.027,-1,Echolocation,/mnt/ubna_data_01_mir/recover-20220825/UBNA_002/20220823_033000.WAV,Telephone Field,recover-20220825,002,1795
1734.6075,1734.6143,49531,54754,Pipistrellus pipistrellus,0.022,0.024,-1,Echolocation,/mnt/ubna_data_01_mir/recover-20220825/UBNA_002/20220823_033000.WAV,Telephone Field,recover-20220825,002,1795
1734.6215,1734.6587,68437,82314,Rhinolophus ferrumequinum,0.021,0.021,-1,Echolocation,/mnt/ubna_data_01_mir/recover-20220825/UBNA_002/20220823_033000.WAV,Telephone Field,recover-20220825,002,1795
1734.6475,1734.6526,28906,43427,Myotis daubentonii,0.011,0.041,-1,Echolocation,/mnt/ubna_data_01_mir/recover-20220825/UBNA_002/20220823_033000.WAV,Telephone Field,recover-20220825,002,1795
1734.6755,1734.6865,23750,29430,Nyctalus leisleri,0.01,0.022,-1,Echolocation,/mnt/ubna_data_01_mir/recover-20220825/UBNA_002/20220823_033000.WAV,Telephone Field,recover-20220825,002,1795
1734.6825,1734.6927,23750,29701,Nyctalus leisleri,0.009,0.022,-1,Echolocation,/mnt/ubna_data_01_mir/recover-20220825/UBNA_002/20220823_033000.WAV,Telephone Field,recover-20220825,002,1795
1734.7025,1734.7116,27187,39930,Eptesicus serotinus,0.009,0.022,-1,Echolocation,/mnt/ubna_data_01_mir/recover-20220825/UBNA_002/20220823_033000.WAV,Telephone Field,recover-20220825,002,1795
1734.7245,1734.7657,68437,82490,Rhinolophus ferrumequinum,0.023,0.023,-1,Echolocation,/mnt/ubna_data_01_mir/recover-20220825/UBNA_002/20220823_033000.WAV,Telephone Field,recover-20220825,002,1795
1734.7275,1734.735,28046,38027,Eptesicus serotinus,0.008,0.022,-1,Echolocation,/mnt/ubna_data_01_mir/recover-20220825/UBNA_002/20220823_033000.WAV,Telephone Field,recover-20220825,002,1795
1734.7285,1734.7384,22031,27766,Nyctalus leisleri,0.008,0.021,-1,Echolocation,/mnt/ubna_data_01_mir/recover-20220825/UBNA_002/20220823_033000.WAV,Telephone Field,recover-20220825,002,1795
1734.7705,1734.8097,68437,82579,Rhinolophus ferrumequinum,0.022,0.022,-1,Echolocation,/mnt/ubna_data_01_mir/recover-20220825/UBNA_002/20220823_033000.WAV,Telephone Field,recover-20220825,002,1795
1734.7915,1734.8322,68437,83297,Rhinolophus ferrumequinum,0.031,0.031,-1,Echolocation,/mnt/ubna_data_01_mir/recover-20220825/UBNA_002/20220823_033000.WAV,Telephone Field,recover-20220825,002,1795
1734.8015,1734.8425,68437,82243,Rhinolophus ferrumequinum,0.02,0.02,-1,Echolocation,/mnt/ubna_data_01_mir/recover-20220825/UBNA_002/20220823_033000.WAV,Telephone Field,recover-20220825,002,1795
1734.8115,1734.8223,26328,32631,Eptesicus serotinus,0.01,0.021,-1,Echolocation,/mnt/ubna_data_01_mir/recover-20220825/UBNA_002/20220823_033000.WAV,Telephone Field,recover-20220825,002,1795
1734.8135,1734.8542,68437,82376,Rhinolophus ferrumequinum,0.023,0.023,-1,Echolocation,/mnt/ubna_data_01_mir/recover-20220825/UBNA_002/20220823_033000.WAV,Telephone Field,recover-20220825,002,1795
1734.8265,1734.8693,68437,82790,Rhinolophus ferrumequinum,0.028,0.028,-1,Echolocation,/mnt/ubna_data_01_mir/recover-20220825/UBNA_002/20220823_033000.WAV,Telephone Field,recover-20220825,002,1795
1734.8365,1734.8439,27187,38942,Eptesicus serotinus,0.006,0.02,-1,Echolocation,/mnt/ubna_data_01_mir/recover-20220825/UBNA_002/20220823_033000.WAV,Telephone Field,recover-20220825,002,1795
1734.8535,1734.8942,68437,81985,Rhinolophus ferrumequinum,0.024,0.024,-1,Echolocation,/mnt/ubna_data_01_mir/recover-20220825/UBNA_002/20220823_033000.WAV,Telephone Field,recover-20220825,002,1795
1734.8605,1734.8997,68437,82277,Rhinolophus ferrumequinum,0.021,0.021,-1,Echolocation,/mnt/ubna_data_01_mir/recover-20220825/UBNA_002/20220823_033000.WAV,Telephone Field,recover-20220825,002,1795
1734.8785,1734.8866,27187,38817,Eptesicus serotinus,0.007,0.02,-1,Echolocation,/mnt/ubna_data_01_mir/recover-20220825/UBNA_002/20220823_033000.WAV,Telephone Field,recover-20220825,002,1795
1734.9085,1734.9469,68437,81598,Rhinolophus ferrumequinum,0.024,0.024,-1,Echolocation,/mnt/ubna_data_01_mir/recover-20220825/UBNA_002/20220823_033000.WAV,Telephone Field,recover-20220825,002,1795
1734.9225,1734.9298,28046,40789,Eptesicus serotinus,0.006,0.02,-1,Echolocation,/mnt/ubna_data_01_mir/recover-20220825/UBNA_002/20220823_033000.WAV,Telephone Field,recover-20220825,002,1795
1734.9375,1734.9742,68437,81911,Rhinolophus ferrumequinum,0.021,0.021,-1,Echolocation,/mnt/ubna_data_01_mir/recover-20220825/UBNA_002/20220823_033000.WAV,Telephone Field,recover-20220825,002,1795
1734.9605,1734.9984,68437,81818,Rhinolophus ferrumequinum,0.021,0.021,-1,Echolocation,/mnt/ubna_data_01_mir/recover-20220825/UBNA_002/20220823_033000.WAV,Telephone Field,recover-20220825,002,1795
1734.9655,1735.0038,68437,82055,Rhinolophus ferrumequinum,0.022,0.022,-1,Echolocation,/mnt/ubna_data_01_mir/recover-20220825/UBNA_002/20220823_033000.WAV,Telephone Field,recover-20220825,002,1795
1734.9685,1734.9769000000001,27187,40212,Eptesicus serotinus,0.008,0.023,-1,Echolocation,/mnt/ubna_data_01_mir/recover-20220825/UBNA_002/20220823_033000.WAV,Telephone Field,recover-20220825,002,1795
1734.9815,1735.0202,68437,81940,Rhinolophus ferrumequinum,0.021,0.021,-1,Echolocation,/mnt/ubna_data_01_mir/recover-20220825/UBNA_002/20220823_033000.WAV,Telephone Field,recover-20220825,002,1795
1734.9985,1735.0056,26328,40684,Eptesicus serotinus,0.006,0.023,-1,Echolocation,/mnt/ubna_data_01_mir/recover-20220825/UBNA_002/20220823_033000.WAV,Telephone Field,recover-20220825,002,1795
1735.0105,1735.0516,68437,82416,Rhinolophus ferrumequinum,0.023,0.023,-1,Echolocation,/mnt/ubna_data_01_mir/recover-20220825/UBNA_002/20220823_033000.WAV,Telephone Field,recover-20220825,002,1795
1735.0145,1735.0238,28046,37048,Eptesicus serotinus,0.008,0.022,-1,Echolocation,/mnt/ubna_data_01_mir/recover-20220825/UBNA_002/20220823_033000.WAV,Telephone Field,recover-20220825,002,1795
1735.0335,1735.0712,68437,82027,Rhinolophus ferrumequinum,0.02,0.02,-1,Echolocation,/mnt/ubna_data_01_mir/recover-20220825/UBNA_002/20220823_033000.WAV,Telephone Field,recover-20220825,002,1795
1735.0615,1735.0712,28906,36674,Eptesicus serotinus,0.009,0.023,-1,Echolocation,/mnt/ubna_data_01_mir/recover-20220825/UBNA_002/20220823_033000.WAV,Telephone Field,recover-20220825,002,1795
1735.0915,1735.1332,68437,83208,Rhinolophus ferrumequinum,0.026,0.026,-1,Echolocation,/mnt/ubna_data_01_mir/recover-20220825/UBNA_002/20220823_033000.WAV,Telephone Field,recover-20220825,002,1795
1735.1085,1735.1443,68437,81305,Rhinolophus ferrumequinum,0.022,0.022,-1,Echolocation,/mnt/ubna_data_01_mir/recover-20220825/UBNA_002/20220823_033000.WAV,Telephone Field,recover-20220825,002,1795
1735.1175,1735.156,68437,81907,Rhinolophus ferrumequinum,0.024,0.024,-1,Echolocation,/mnt/ubna_data_01_mir/recover-20220825/UBNA_002/20220823_033000.WAV,Telephone Field,recover-20220825,002,1795
1735.1265,1735.1665,68437,82522,Rhinolophus ferrumequinum,0.021,0.021,-1,Echolocation,/mnt/ubna_data_01_mir/recover-20220825/UBNA_002/20220823_033000.WAV,Telephone Field,recover-20220825,002,1795
1735.1335,1735.1722,68437,82055,Rhinolophus ferrumequinum,0.022,0.022,-1,Echolocation,/mnt/ubna_data_01_mir/recover-20220825/UBNA_002/20220823_033000.WAV,Telephone Field,recover-20220825,002,1795
1735.1355,1735.1456,22890,28968,Nyctalus leisleri,0.009,0.024,-1,Echolocation,/mnt/ubna_data_01_mir/recover-20220825/UBNA_002/20220823_033000.WAV,Telephone Field,recover-20220825,002,1795
1735.1995,1735.2112,56406,62742,Pipistrellus pygmaeus,0.018,0.021,-1,Echolocation,/mnt/ubna_data_01_mir/recover-20220825/UBNA_002/20220823_033000.WAV,Telephone Field,recover-20220825,002,1795
1735.2155,1735.2527,68437,82071,Rhinolophus ferrumequinum,0.021,0.021,-1,Echolocation,/mnt/ubna_data_01_mir/recover-20220825/UBNA_002/20220823_033000.WAV,Telephone Field,recover-20220825,002,1795
1735.2355,1735.2429,34062,41096,Myotis daubentonii,0.009,0.023,-1,Echolocation,/mnt/ubna_data_01_mir/recover-20220825/UBNA_002/20220823_033000.WAV,Telephone Field,recover-20220825,002,1795
1735.2615,1735.2688,27187,38081,Eptesicus serotinus,0.005,0.02,-1,Echolocation,/mnt/ubna_data_01_mir/recover-20220825/UBNA_002/20220823_033000.WAV,Telephone Field,recover-20220825,002,1795
1735.3035,1735.3445,68437,82552,Rhinolophus ferrumequinum,0.021,0.021,-1,Echolocation,/mnt/ubna_data_01_mir/recover-20220825/UBNA_002/20220823_033000.WAV,Telephone Field,recover-20220825,002,1795
1735.3365,1735.3459,28046,36353,Eptesicus serotinus,0.009,0.021,-1,Echolocation,/mnt/ubna_data_01_mir/recover-20220825/UBNA_002/20220823_033000.WAV,Telephone Field,recover-20220825,002,1795
1735.3495,1735.3908,68437,82949,Rhinolophus ferrumequinum,0.023,0.023,-1,Echolocation,/mnt/ubna_data_01_mir/recover-20220825/UBNA_002/20220823_033000.WAV,Telephone Field,recover-20220825,002,1795
1735.3605,1735.4036,68437,82467,Rhinolophus ferrumequinum,0.022,0.022,-1,Echolocation,/mnt/ubna_data_01_mir/recover-20220825/UBNA_002/20220823_033000.WAV,Telephone Field,recover-20220825,002,1795
1735.3925,1735.4323,68437,81899,Rhinolophus ferrumequinum,0.027,0.027,-1,Echolocation,/mnt/ubna_data_01_mir/recover-20220825/UBNA_002/20220823_033000.WAV,Telephone Field,recover-20220825,002,1795
1735.3935,1735.4045,23750,29084,Nyctalus leisleri,0.011,0.024,-1,Echolocation,/mnt/ubna_data_01_mir/recover-20220825/UBNA_002/20220823_033000.WAV,Telephone Field,recover-20220825,002,1795
1735.4145,1735.452,68437,81613,Rhinolophus ferrumequinum,0.023,0.023,-1,Echolocation,/mnt/ubna_data_01_mir/recover-20220825/UBNA_002/20220823_033000.WAV,Telephone Field,recover-20220825,002,1795
1735.4205,1735.4302,28906,39063,Eptesicus serotinus,0.009,0.024,-1,Echolocation,/mnt/ubna_data_01_mir/recover-20220825/UBNA_002/20220823_033000.WAV,Telephone Field,recover-20220825,002,1795
1735.4415,1735.4791,68437,81502,Rhinolophus ferrumequinum,0.021,0.021,-1,Echolocation,/mnt/ubna_data_01_mir/recover-20220825/UBNA_002/20220823_033000.WAV,Telephone Field,recover-20220825,002,1795
1735.4485,1735.4567,22890,29905,Plecotus austriacus,0.01,0.024,-1,Echolocation,/mnt/ubna_data_01_mir/recover-20220825/UBNA_002/20220823_033000.WAV,Telephone Field,recover-20220825,002,1795
1735.5065,1735.5447,68437,81666,Rhinolophus ferrumequinum,0.022,0.022,-1,Echolocation,/mnt/ubna_data_01_mir/recover-20220825/UBNA_002/20220823_033000.WAV,Telephone Field,recover-20220825,002,1795
1735.5325,1735.5412,23750,31439,Plecotus austriacus,0.007,0.023,-1,Echolocation,/mnt/ubna_data_01_mir/recover-20220825/UBNA_002/20220823_033000.WAV,Telephone Field,recover-20220825,002,1795
1735.5465,1735.5575,23750,29292,Nyctalus leisleri,0.01,0.024,-1,Echolocation,/mnt/ubna_data_01_mir/recover-20220825/UBNA_002/20220823_033000.WAV,Telephone Field,recover-20220825,002,1795
1735.5595,1735.5964,68437,81539,Rhinolophus ferrumequinum,0.029,0.029,-1,Echolocation,/mnt/ubna_data_01_mir/recover-20220825/UBNA_002/20220823_033000.WAV,Telephone Field,recover-20220825,002,1795
1735.5715,1735.5829,23750,28868,Nyctalus leisleri,0.012,0.024,-1,Echolocation,/mnt/ubna_data_01_mir/recover-20220825/UBNA_002/20220823_033000.WAV,Telephone Field,recover-20220825,002,1795
1735.5895,1735.6295,68437,82408,Rhinolophus ferrumequinum,0.025,0.025,-1,Echolocation,/mnt/ubna_data_01_mir/recover-20220825/UBNA_002/20220823_033000.WAV,Telephone Field,recover-20220825,002,1795
1735.6135,1735.6253,22890,26665,Nyctalus leisleri,0.013,0.022,-1,Echolocation,/mnt/ubna_data_01_mir/recover-20220825/UBNA_002/20220823_033000.WAV,Telephone Field,recover-20220825,002,1795
1735.6555,1735.6627,27187,40234,Eptesicus serotinus,0.006,0.021,-1,Echolocation,/mnt/ubna_data_01_mir/recover-20220825/UBNA_002/20220823_033000.WAV,Telephone Field,recover-20220825,002,1795
1735.6665,1735.6761,28046,34775,Eptesicus serotinus,0.009,0.021,-1,Echolocation,/mnt/ubna_data_01_mir/recover-20220825/UBNA_002/20220823_033000.WAV,Telephone Field,recover-20220825,002,1795
1735.6835,1735.7217,68437,81519,Rhinolophus ferrumequinum,0.024,0.024,-1,Echolocation,/mnt/ubna_data_01_mir/recover-20220825/UBNA_002/20220823_033000.WAV,Telephone Field,recover-20220825,002,1795
1735.7295,1735.7673,68437,82264,Rhinolophus ferrumequinum,0.023,0.023,-1,Echolocation,/mnt/ubna_data_01_mir/recover-20220825/UBNA_002/20220823_033000.WAV,Telephone Field,recover-20220825,002,1795
1735.7425,1735.7502,26328,37001,Eptesicus serotinus,0.01,0.024,-1,Echolocation,/mnt/ubna_data_01_mir/recover-20220825/UBNA_002/20220823_033000.WAV,Telephone Field,recover-20220825,002,1795
1735.7725,1735.807,68437,80251,Rhinolophus ferrumequinum,0.027,0.027,-1,Echolocation,/mnt/ubna_data_01_mir/recover-20220825/UBNA_002/20220823_033000.WAV,Telephone Field,recover-20220825,002,1795
1735.7915,1735.8285,68437,81669,Rhinolophus ferrumequinum,0.022,0.022,-1,Echolocation,/mnt/ubna_data_01_mir/recover-20220825/UBNA_002/20220823_033000.WAV,Telephone Field,recover-20220825,002,1795
1735.8435,1735.8538,22890,29078,Nyctalus leisleri,0.01,0.026,-1,Echolocation,/mnt/ubna_data_01_mir/recover-20220825/UBNA_002/20220823_033000.WAV,Telephone Field,recover-20220825,002,1795
1735.8495,1735.8875,68437,82046,Rhinolophus ferrumequinum,0.022,0.022,-1,Echolocation,/mnt/ubna_data_01_mir/recover-20220825/UBNA_002/20220823_033000.WAV,Telephone Field,recover-20220825,002,1795
1735.8895,1735.9005,28906,35912,Eptesicus serotinus,0.013,0.025,-1,Echolocation,/mnt/ubna_data_01_mir/recover-20220825/UBNA_002/20220823_033000.WAV,Telephone Field,recover-20220825,002,1795
1735.9085,1735.9465,68437,82110,Rhinolophus ferrumequinum,0.02,0.02,-1,Echolocation,/mnt/ubna_data_01_mir/recover-20220825/UBNA_002/20220823_033000.WAV,Telephone Field,recover-20220825,002,1795
1735.9225,1735.9633,68437,82466,Rhinolophus ferrumequinum,0.022,0.022,-1,Echolocation,/mnt/ubna_data_01_mir/recover-20220825/UBNA_002/20220823_033000.WAV,Telephone Field,recover-20220825,002,1795
1735.9585,1735.9981,68437,82323,Rhinolophus ferrumequinum,0.021,0.021,-1,Echolocation,/mnt/ubna_data_01_mir/recover-20220825/UBNA_002/20220823_033000.WAV,Telephone Field,recover-20220825,002,1795
1735.9805,1735.9913,14296,20358,Nyctalus noctula,0.025,0.041,-1,Echolocation,/mnt/ubna_data_01_mir/recover-20220825/UBNA_002/20220823_033000.WAV,Telephone Field,recover-20220825,002,1795
1735.9835,1735.991,26328,38918,Eptesicus serotinus,0.006,0.024,-1,Echolocation,/mnt/ubna_data_01_mir/recover-20220825/UBNA_002/20220823_033000.WAV,Telephone Field,recover-20220825,002,1795
1736.0015,1736.0132,46953,50183,Pipistrellus pipistrellus,0.057,0.066,-1,Echolocation,/mnt/ubna_data_01_mir/recover-20220825/UBNA_002/20220823_033000.WAV,Telephone Field,recover-20220825,002,1795
1736.0015,1736.0111,26328,35704,Nyctalus leisleri,0.008,0.027,-1,Echolocation,/mnt/ubna_data_01_mir/recover-20220825/UBNA_002/20220823_033000.WAV,Telephone Field,recover-20220825,002,1795
1736.0015,1736.0353,68437,80591,Rhinolophus ferrumequinum,0.031,0.031,-1,Echolocation,/mnt/ubna_data_01_mir/recover-20220825/UBNA_002/20220823_033000.WAV,Telephone Field,recover-20220825,002,1795
1736.0075,1736.0183,22890,27207,Nyctalus leisleri,0.01,0.021,-1,Echolocation,/mnt/ubna_data_01_mir/recover-20220825/UBNA_002/20220823_033000.WAV,Telephone Field,recover-20220825,002,1795
1736.0155,1736.0261,22031,26245,Nyctalus leisleri,0.011,0.022,-1,Echolocation,/mnt/ubna_data_01_mir/recover-20220825/UBNA_002/20220823_033000.WAV,Telephone Field,recover-20220825,002,1795
1736.0575,1736.074,21171,25327,Nyctalus leisleri,0.033,0.069,-1,Echolocation,/mnt/ubna_data_01_mir/recover-20220825/UBNA_002/20220823_033000.WAV,Telephone Field,recover-20220825,002,1795
1736.0635,1736.1033,68437,82268,Rhinolophus ferrumequinum,0.021,0.021,-1,Echolocation,/mnt/ubna_data_01_mir/recover-20220825/UBNA_002/20220823_033000.WAV,Telephone Field,recover-20220825,002,1795
1736.0805,1736.1196,68437,82668,Rhinolophus ferrumequinum,0.022,0.022,-1,Echolocation,/mnt/ubna_data_01_mir/recover-20220825/UBNA_002/20220823_033000.WAV,Telephone Field,recover-20220825,002,1795
1736.1385,1736.1773,68437,82117,Rhinolophus ferrumequinum,0.02,0.02,-1,Echolocation,/mnt/ubna_data_01_mir/recover-20220825/UBNA_002/20220823_033000.WAV,Telephone Field,recover-20220825,002,1795
1736.1775,1736.2149,68437,82085,Rhinolophus ferrumequinum,0.022,0.022,-1,Echolocation,/mnt/ubna_data_01_mir/recover-20220825/UBNA_002/20220823_033000.WAV,Telephone Field,recover-20220825,002,1795
1736.1865,1736.2023,22031,25749,Nyctalus leisleri,0.015,0.026,-1,Echolocation,/mnt/ubna_data_01_mir/recover-20220825/UBNA_002/20220823_033000.WAV,Telephone Field,recover-20220825,002,1795
1736.1895,1736.2291,68437,82575,Rhinolophus ferrumequinum,0.021,0.021,-1,Echolocation,/mnt/ubna_data_01_mir/recover-20220825/UBNA_002/20220823_033000.WAV,Telephone Field,recover-20220825,002,1795
1736.1955,1736.2337,68437,82267,Rhinolophus ferrumequinum,0.022,0.022,-1,Echolocation,/mnt/ubna_data_01_mir/recover-20220825/UBNA_002/20220823_033000.WAV,Telephone Field,recover-20220825,002,1795
1736.2165,1736.2612,68437,83369,Rhinolophus ferrumequinum,0.031,0.031,-1,Echolocation,/mnt/ubna_data_01_mir/recover-20220825/UBNA_002/20220823_033000.WAV,Telephone Field,recover-20220825,002,1795
1736.2385,1736.2494,23750,29215,Nyctalus leisleri,0.01,0.021,-1,Echolocation,/mnt/ubna_data_01_mir/recover-20220825/UBNA_002/20220823_033000.WAV,Telephone Field,recover-20220825,002,1795
1736.2405,1736.2492,44375,50385,Pipistrellus pipistrellus,0.02,0.023,-1,Echolocation,/mnt/ubna_data_01_mir/recover-20220825/UBNA_002/20220823_033000.WAV,Telephone Field,recover-20220825,002,1795
1736.2415,1736.2802,68437,82191,Rhinolophus ferrumequinum,0.024,0.024,-1,Echolocation,/mnt/ubna_data_01_mir/recover-20220825/UBNA_002/20220823_033000.WAV,Telephone Field,recover-20220825,002,1795
1736.2515,1736.2889,68437,81396,Rhinolophus ferrumequinum,0.021,0.021,-1,Echolocation,/mnt/ubna_data_01_mir/recover-20220825/UBNA_002/20220823_033000.WAV,Telephone Field,recover-20220825,002,1795
1736.2825,1736.3237,68437,82396,Rhinolophus ferrumequinum,0.02,0.021,-1,Echolocation,/mnt/ubna_data_01_mir/recover-20220825/UBNA_002/20220823_033000.WAV,Telephone Field,recover-20220825,002,1795
1736.3325,1736.3731,68437,83044,Rhinolophus ferrumequinum,0.025,0.025,-1,Echolocation,/mnt/ubna_data_01_mir/recover-20220825/UBNA_002/20220823_033000.WAV,Telephone Field,recover-20220825,002,1795
1736.3495,1736.3603,23750,29066,Nyctalus leisleri,0.01,0.022,-1,Echolocation,/mnt/ubna_data_01_mir/recover-20220825/UBNA_002/20220823_033000.WAV,Telephone Field,recover-20220825,002,1795
1736.3655,1736.3738,26328,35566,Eptesicus serotinus,0.009,0.026,-1,Echolocation,/mnt/ubna_data_01_mir/recover-20220825/UBNA_002/20220823_033000.WAV,Telephone Field,recover-20220825,002,1795
1736.3785,1736.3886,25468,32596,Eptesicus serotinus,0.008,0.023,-1,Echolocation,/mnt/ubna_data_01_mir/recover-20220825/UBNA_002/20220823_033000.WAV,Telephone Field,recover-20220825,002,1795
1736.3895,1736.4243,68437,81379,Rhinolophus ferrumequinum,0.026,0.026,-1,Echolocation,/mnt/ubna_data_01_mir/recover-20220825/UBNA_002/20220823_033000.WAV,Telephone Field,recover-20220825,002,1795
1736.3905,1736.3991,24609,32730,Plecotus austriacus,0.007,0.024,-1,Echolocation,/mnt/ubna_data_01_mir/recover-20220825/UBNA_002/20220823_033000.WAV,Telephone Field,recover-20220825,002,1795
1736.4105,1736.4522,68437,82874,Rhinolophus ferrumequinum,0.037,0.037,-1,Echolocation,/mnt/ubna_data_01_mir/recover-20220825/UBNA_002/20220823_033000.WAV,Telephone Field,recover-20220825,002,1795
1736.4175,1736.4261,22890,30182,Plecotus austriacus,0.009,0.023,-1,Echolocation,/mnt/ubna_data_01_mir/recover-20220825/UBNA_002/20220823_033000.WAV,Telephone Field,recover-20220825,002,1795
1736.5075,1736.5149,28046,39002,Eptesicus serotinus,0.007,0.022,-1,Echolocation,/mnt/ubna_data_01_mir/recover-20220825/UBNA_002/20220823_033000.WAV,Telephone Field,recover-20220825,002,1795
1736.5175,1736.5537,68437,81886,Rhinolophus ferrumequinum,0.02,0.02,-1,Echolocation,/mnt/ubna_data_01_mir/recover-20220825/UBNA_002/20220823_033000.WAV,Telephone Field,recover-20220825,002,1795
1736.5305,1736.5673,68437,81303,Rhinolophus ferrumequinum,0.02,0.021,-1,Echolocation,/mnt/ubna_data_01_mir/recover-20220825/UBNA_002/20220823_033000.WAV,Telephone Field,recover-20220825,002,1795
1736.5375,1736.5472,28046,38550,Eptesicus serotinus,0.012,0.028,-1,Echolocation,/mnt/ubna_data_01_mir/recover-20220825/UBNA_002/20220823_033000.WAV,Telephone Field,recover-20220825,002,1795
1736.5585,1736.5976,68437,81622,Rhinolophus ferrumequinum,0.02,0.02,-1,Echolocation,/mnt/ubna_data_01_mir/recover-20220825/UBNA_002/20220823_033000.WAV,Telephone Field,recover-20220825,002,1795
1736.6015,1736.6122,28046,36316,Eptesicus serotinus,0.012,0.025,-1,Echolocation,/mnt/ubna_data_01_mir/recover-20220825/UBNA_002/20220823_033000.WAV,Telephone Field,recover-20220825,002,1795
1736.6305,1736.67,68437,82358,Rhinolophus ferrumequinum,0.021,0.021,-1,Echolocation,/mnt/ubna_data_01_mir/recover-20220825/UBNA_002/20220823_033000.WAV,Telephone Field,recover-20220825,002,1795
1736.6365,1736.6462,24609,31707,Eptesicus serotinus,0.007,0.02,-1,Echolocation,/mnt/ubna_data_01_mir/recover-20220825/UBNA_002/20220823_033000.WAV,Telephone Field,recover-20220825,002,1795
1736.6505,1736.6878,68437,82071,Rhinolophus ferrumequinum,0.022,0.022,-1,Echolocation,/mnt/ubna_data_01_mir/recover-20220825/UBNA_002/20220823_033000.WAV,Telephone Field,recover-20220825,002,1795
1736.6535,1736.6632,24609,31368,Nyctalus leisleri,0.008,0.023,-1,Echolocation,/mnt/ubna_data_01_mir/recover-20220825/UBNA_002/20220823_033000.WAV,Telephone Field,recover-20220825,002,1795
1736.7215,1736.7563,67578,78348,Rhinolophus ferrumequinum,0.024,0.024,-1,Echolocation,/mnt/ubna_data_01_mir/recover-20220825/UBNA_002/20220823_033000.WAV,Telephone Field,recover-20220825,002,1795
1736.7415,1736.7776,68437,81124,Rhinolophus ferrumequinum,0.021,0.021,-1,Echolocation,/mnt/ubna_data_01_mir/recover-20220825/UBNA_002/20220823_033000.WAV,Telephone Field,recover-20220825,002,1795
1736.7415,1736.7521,26328,34478,Eptesicus serotinus,0.01,0.021,-1,Echolocation,/mnt/ubna_data_01_mir/recover-20220825/UBNA_002/20220823_033000.WAV,Telephone Field,recover-20220825,002,1795
1736.7735,1736.8123,68437,81811,Rhinolophus ferrumequinum,0.025,0.025,-1,Echolocation,/mnt/ubna_data_01_mir/recover-20220825/UBNA_002/20220823_033000.WAV,Telephone Field,recover-20220825,002,1795
1736.7975,1736.8334,68437,81553,Rhinolophus ferrumequinum,0.021,0.021,-1,Echolocation,/mnt/ubna_data_01_mir/recover-20220825/UBNA_002/20220823_033000.WAV,Telephone Field,recover-20220825,002,1795
1736.7995,1736.807,23750,32087,Plecotus austriacus,0.009,0.022,-1,Echolocation,/mnt/ubna_data_01_mir/recover-20220825/UBNA_002/20220823_033000.WAV,Telephone Field,recover-20220825,002,1795
1736.8175,1736.8568,68437,81931,Rhinolophus ferrumequinum,0.021,0.021,-1,Echolocation,/mnt/ubna_data_01_mir/recover-20220825/UBNA_002/20220823_033000.WAV,Telephone Field,recover-20220825,002,1795
1736.8475,1736.8852,68437,81577,Rhinolophus ferrumequinum,0.023,0.023,-1,Echolocation,/mnt/ubna_data_01_mir/recover-20220825/UBNA_002/20220823_033000.WAV,Telephone Field,recover-20220825,002,1795
1736.8565,1736.8668,28906,38018,Eptesicus serotinus,0.017,0.033,-1,Echolocation,/mnt/ubna_data_01_mir/recover-20220825/UBNA_002/20220823_033000.WAV,Telephone Field,recover-20220825,002,1795
1736.8585,1736.8923,68437,80532,Rhinolophus ferrumequinum,0.021,0.021,-1,Echolocation,/mnt/ubna_data_01_mir/recover-20220825/UBNA_002/20220823_033000.WAV,Telephone Field,recover-20220825,002,1795
1736.8745,1736.9108,68437,81501,Rhinolophus ferrumequinum,0.022,0.022,-1,Echolocation,/mnt/ubna_data_01_mir/recover-20220825/UBNA_002/20220823_033000.WAV,Telephone Field,recover-20220825,002,1795
1736.8835,1736.9214,68437,81745,Rhinolophus ferrumequinum,0.021,0.021,-1,Echolocation,/mnt/ubna_data_01_mir/recover-20220825/UBNA_002/20220823_033000.WAV,Telephone Field,recover-20220825,002,1795
1736.8905,1736.9245,68437,81389,Rhinolophus ferrumequinum,0.02,0.02,-1,Echolocation,/mnt/ubna_data_01_mir/recover-20220825/UBNA_002/20220823_033000.WAV,Telephone Field,recover-20220825,002,1795
1736.9135,1736.927,22890,27989,Nyctalus leisleri,0.029,0.064,-1,Echolocation,/mnt/ubna_data_01_mir/recover-20220825/UBNA_002/20220823_033000.WAV,Telephone Field,recover-20220825,002,1795
1736.9525,1736.995,68437,83153,Rhinolophus ferrumequinum,0.031,0.031,-1,Echolocation,/mnt/ubna_data_01_mir/recover-20220825/UBNA_002/20220823_033000.WAV,Telephone Field,recover-20220825,002,1795
1736.9585,1736.9673,23750,31589,Eptesicus serotinus,0.024,0.08,-1,Echolocation,/mnt/ubna_data_01_mir/recover-20220825/UBNA_002/20220823_033000.WAV,Telephone Field,recover-20220825,002,1795
1736.9755,1737.0095,68437,81127,Rhinolophus ferrumequinum,0.022,0.022,-1,Echolocation,/mnt/ubna_data_01_mir/recover-20220825/UBNA_002/20220823_033000.WAV,Telephone Field,recover-20220825,002,1795
1737.0195,1737.0286,22031,27810,Plecotus austriacus,0.008,0.021,-1,Echolocation,/mnt/ubna_data_01_mir/recover-20220825/UBNA_002/20220823_033000.WAV,Telephone Field,recover-20220825,002,1795
1737.0195,1737.06,68437,82105,Rhinolophus ferrumequinum,0.025,0.025,-1,Echolocation,/mnt/ubna_data_01_mir/recover-20220825/UBNA_002/20220823_033000.WAV,Telephone Field,recover-20220825,002,1795
1737.0405,1737.0487,28046,38097,Eptesicus serotinus,0.007,0.02,-1,Echolocation,/mnt/ubna_data_01_mir/recover-20220825/UBNA_002/20220823_033000.WAV,Telephone Field,recover-20220825,002,1795
1737.0685,1737.076,44375,49114,Pipistrellus pipistrellus,0.026,0.027,-1,Echolocation,/mnt/ubna_data_01_mir/recover-20220825/UBNA_002/20220823_033000.WAV,Telephone Field,recover-20220825,002,1795
1737.1035,1737.1429,68437,82185,Rhinolophus ferrumequinum,0.025,0.025,-1,Echolocation,/mnt/ubna_data_01_mir/recover-20220825/UBNA_002/20220823_033000.WAV,Telephone Field,recover-20220825,002,1795
1737.1225,1737.1602,68437,82126,Rhinolophus ferrumequinum,0.021,0.021,-1,Echolocation,/mnt/ubna_data_01_mir/recover-20220825/UBNA_002/20220823_033000.WAV,Telephone Field,recover-20220825,002,1795
1737.1325,1737.1398,23750,32834,Plecotus austriacus,0.01,0.027,-1,Echolocation,/mnt/ubna_data_01_mir/recover-20220825/UBNA_002/20220823_033000.WAV,Telephone Field,recover-20220825,002,1795
1737.1345,1737.173,68437,81672,Rhinolophus ferrumequinum,0.021,0.021,-1,Echolocation,/mnt/ubna_data_01_mir/recover-20220825/UBNA_002/20220823_033000.WAV,Telephone Field,recover-20220825,002,1795
1737.1755,1737.1845,23750,31023,Plecotus austriacus,0.009,0.028,-1,Echolocation,/mnt/ubna_data_01_mir/recover-20220825/UBNA_002/20220823_033000.WAV,Telephone Field,recover-20220825,002,1795
1737.2115,1737.2507,68437,82272,Rhinolophus ferrumequinum,0.023,0.023,-1,Echolocation,/mnt/ubna_data_01_mir/recover-20220825/UBNA_002/20220823_033000.WAV,Telephone Field,recover-20220825,002,1795
1737.2565,1737.264,25468,35386,Eptesicus serotinus,0.008,0.03,-1,Echolocation,/mnt/ubna_data_01_mir/recover-20220825/UBNA_002/20220823_033000.WAV,Telephone Field,recover-20220825,002,1795
1737.3165,1737.3265,28906,36808,Eptesicus serotinus,0.01,0.024,-1,Echolocation,/mnt/ubna_data_01_mir/recover-20220825/UBNA_002/20220823_033000.WAV,Telephone Field,recover-20220825,002,1795
1737.3275,1737.3373,28906,37514,Eptesicus serotinus,0.008,0.021,-1,Echolocation,/mnt/ubna_data_01_mir/recover-20220825/UBNA_002/20220823_033000.WAV,Telephone Field,recover-20220825,002,1795
1737.3625,1737.3989,68437,81531,Rhinolophus ferrumequinum,0.02,0.02,-1,Echolocation,/mnt/ubna_data_01_mir/recover-20220825/UBNA_002/20220823_033000.WAV,Telephone Field,recover-20220825,002,1795
1737.3745,1737.3808,28046,40340,Eptesicus serotinus,0.007,0.025,-1,Echolocation,/mnt/ubna_data_01_mir/recover-20220825/UBNA_002/20220823_033000.WAV,Telephone Field,recover-20220825,002,1795
1737.3935,1737.4022,25468,33126,Eptesicus serotinus,0.009,0.023,-1,Echolocation,/mnt/ubna_data_01_mir/recover-20220825/UBNA_002/20220823_033000.WAV,Telephone Field,recover-20220825,002,1795
1737.3975,1737.4371,68437,82117,Rhinolophus ferrumequinum,0.023,0.023,-1,Echolocation,/mnt/ubna_data_01_mir/recover-20220825/UBNA_002/20220823_033000.WAV,Telephone Field,recover-20220825,002,1795
1737.4625,1737.5024,68437,82916,Rhinolophus ferrumequinum,0.023,0.023,-1,Echolocation,/mnt/ubna_data_01_mir/recover-20220825/UBNA_002/20220823_033000.WAV,Telephone Field,recover-20220825,002,1795
1737.4745,1737.4834,28046,36009,Eptesicus serotinus,0.012,0.024,-1,Echolocation,/mnt/ubna_data_01_mir/recover-20220825/UBNA_002/20220823_033000.WAV,Telephone Field,recover-20220825,002,1795
1737.4965,1737.5057,15156,20690,Nyctalus noctula,0.009,0.026,-1,Echolocation,/mnt/ubna_data_01_mir/recover-20220825/UBNA_002/20220823_033000.WAV,Telephone Field,recover-20220825,002,1795
1737.4975,1737.5079,22890,27760,Nyctalus leisleri,0.01,0.021,-1,Echolocation,/mnt/ubna_data_01_mir/recover-20220825/UBNA_002/20220823_033000.WAV,Telephone Field,recover-20220825,002,1795
1737.5165,1737.5522,68437,80995,Rhinolophus ferrumequinum,0.02,0.02,-1,Echolocation,/mnt/ubna_data_01_mir/recover-20220825/UBNA_002/20220823_033000.WAV,Telephone Field,recover-20220825,002,1795
1737.5175,1737.5271,27187,36191,Eptesicus serotinus,0.008,0.021,-1,Echolocation,/mnt/ubna_data_01_mir/recover-20220825/UBNA_002/20220823_033000.WAV,Telephone Field,recover-20220825,002,1795
1737.5275,1737.5584,68437,80602,Rhinolophus ferrumequinum,0.021,0.021,-1,Echolocation,/mnt/ubna_data_01_mir/recover-20220825/UBNA_002/20220823_033000.WAV,Telephone Field,recover-20220825,002,1795
1737.5285,1737.5382,24609,32201,Eptesicus serotinus,0.008,0.023,-1,Echolocation,/mnt/ubna_data_01_mir/recover-20220825/UBNA_002/20220823_033000.WAV,Telephone Field,recover-20220825,002,1795
1737.5355,1737.5727,68437,82027,Rhinolophus ferrumequinum,0.024,0.024,-1,Echolocation,/mnt/ubna_data_01_mir/recover-20220825/UBNA_002/20220823_033000.WAV,Telephone Field,recover-20220825,002,1795
1737.5385,1737.5475,28046,37339,Eptesicus serotinus,0.007,0.021,-1,Echolocation,/mnt/ubna_data_01_mir/recover-20220825/UBNA_002/20220823_033000.WAV,Telephone Field,recover-20220825,002,1795
1737.5685,1737.6099,68437,82654,Rhinolophus ferrumequinum,0.023,0.023,-1,Echolocation,/mnt/ubna_data_01_mir/recover-20220825/UBNA_002/20220823_033000.WAV,Telephone Field,recover-20220825,002,1795
1737.5775,1737.5873,27187,35263,Eptesicus serotinus,0.011,0.024,-1,Echolocation,/mnt/ubna_data_01_mir/recover-20220825/UBNA_002/20220823_033000.WAV,Telephone Field,recover-20220825,002,1795
1737.6295,1737.6411,56406,61400,Pipistrellus pygmaeus,0.025,0.026,-1,Echolocation,/mnt/ubna_data_01_mir/recover-20220825/UBNA_002/20220823_033000.WAV,Telephone Field,recover-20220825,002,1795
1737.6325,1737.6421,27187,35879,Eptesicus serotinus,0.01,0.023,-1,Echolocation,/mnt/ubna_data_01_mir/recover-20220825/UBNA_002/20220823_033000.WAV,Telephone Field,recover-20220825,002,1795
1737.6565,1737.6943,68437,81996,Rhinolophus ferrumequinum,0.021,0.021,-1,Echolocation,/mnt/ubna_data_01_mir/recover-20220825/UBNA_002/20220823_033000.WAV,Telephone Field,recover-20220825,002,1795
1737.6795,1737.7184,68437,82325,Rhinolophus ferrumequinum,0.025,0.025,-1,Echolocation,/mnt/ubna_data_01_mir/recover-20220825/UBNA_002/20220823_033000.WAV,Telephone Field,recover-20220825,002,1795
1737.6995,1737.7073,23750,32345,Plecotus austriacus,0.008,0.021,-1,Echolocation,/mnt/ubna_data_01_mir/recover-20220825/UBNA_002/20220823_033000.WAV,Telephone Field,recover-20220825,002,1795
1737.7005,1737.708,28046,40696,Eptesicus serotinus,0.006,0.021,-1,Echolocation,/mnt/ubna_data_01_mir/recover-20220825/UBNA_002/20220823_033000.WAV,Telephone Field,recover-20220825,002,1795
1737.7275,1737.7408,22031,26261,Nyctalus leisleri,0.015,0.025,-1,Echolocation,/mnt/ubna_data_01_mir/recover-20220825/UBNA_002/20220823_033000.WAV,Telephone Field,recover-20220825,002,1795
1737.7435,1737.7817,68437,81958,Rhinolophus ferrumequinum,0.022,0.022,-1,Echolocation,/mnt/ubna_data_01_mir/recover-20220825/UBNA_002/20220823_033000.WAV,Telephone Field,recover-20220825,002,1795
1737.8045,1737.8404,68437,81524,Rhinolophus ferrumequinum,0.022,0.022,-1,Echolocation,/mnt/ubna_data_01_mir/recover-20220825/UBNA_002/20220823_033000.WAV,Telephone Field,recover-20220825,002,1795
1737.8325,1737.8404,25468,34452,Eptesicus serotinus,0.007,0.022,-1,Echolocation,/mnt/ubna_data_01_mir/recover-20220825/UBNA_002/20220823_033000.WAV,Telephone Field,recover-20220825,002,1795
1737.8335,1737.8749,68437,82673,Rhinolophus ferrumequinum,0.023,0.023,-1,Echolocation,/mnt/ubna_data_01_mir/recover-20220825/UBNA_002/20220823_033000.WAV,Telephone Field,recover-20220825,002,1795
1737.8555,1737.8662,22031,26357,Nyctalus leisleri,0.01,0.02,-1,Echolocation,/mnt/ubna_data_01_mir/recover-20220825/UBNA_002/20220823_033000.WAV,Telephone Field,recover-20220825,002,1795
1737.8565,1737.8622,51250,58988,Pipistrellus pipistrellus,0.019,0.022,-1,Echolocation,/mnt/ubna_data_01_mir/recover-20220825/UBNA_002/20220823_033000.WAV,Telephone Field,recover-20220825,002,1795
1737.8625,1737.8728,22031,26453,Nyctalus leisleri,0.011,0.021,-1,Echolocation,/mnt/ubna_data_01_mir/recover-20220825/UBNA_002/20220823_033000.WAV,Telephone Field,recover-20220825,002,1795
1737.8735,1737.8839,22031,26898,Nyctalus leisleri,0.01,0.022,-1,Echolocation,/mnt/ubna_data_01_mir/recover-20220825/UBNA_002/20220823_033000.WAV,Telephone Field,recover-20220825,002,1795
1737.8735,1737.8809,50390,56392,Pipistrellus pipistrellus,0.018,0.02,-1,Echolocation,/mnt/ubna_data_01_mir/recover-20220825/UBNA_002/20220823_033000.WAV,Telephone Field,recover-20220825,002,1795
1737.8985,1737.9411,68437,83280,Rhinolophus ferrumequinum,0.031,0.031,-1,Echolocation,/mnt/ubna_data_01_mir/recover-20220825/UBNA_002/20220823_033000.WAV,Telephone Field,recover-20220825,002,1795
1737.9095,1737.9173,24609,33280,Plecotus austriacus,0.006,0.021,-1,Echolocation,/mnt/ubna_data_01_mir/recover-20220825/UBNA_002/20220823_033000.WAV,Telephone Field,recover-20220825,002,1795
1737.9245,1737.9396,22031,26701,Nyctalus leisleri,0.016,0.031,-1,Echolocation,/mnt/ubna_data_01_mir/recover-20220825/UBNA_002/20220823_033000.WAV,Telephone Field,recover-20220825,002,1795
1737.9465,1737.9868,68437,82056,Rhinolophus ferrumequinum,0.023,0.023,-1,Echolocation,/mnt/ubna_data_01_mir/recover-20220825/UBNA_002/20220823_033000.WAV,Telephone Field,recover-20220825,002,1795
1737.9745,1737.983,25468,34482,Eptesicus serotinus,0.007,0.027,-1,Echolocation,/mnt/ubna_data_01_mir/recover-20220825/UBNA_002/20220823_033000.WAV,Telephone Field,recover-20220825,002,1795
1738.0015,1738.0346,68437,79851,Rhinolophus ferrumequinum,0.042,0.043,-1,Echolocation,/mnt/ubna_data_01_mir/recover-20220825/UBNA_002/20220823_033000.WAV,Telephone Field,recover-20220825,002,1795
1738.0015,1738.0109,26328,33229,Eptesicus serotinus,0.011,0.032,-1,Echolocation,/mnt/ubna_data_01_mir/recover-20220825/UBNA_002/20220823_033000.WAV,Telephone Field,recover-20220825,002,1795
1738.0125,1738.0184,40078,49325,Myotis daubentonii,0.009,0.023,-1,Echolocation,/mnt/ubna_data_01_mir/recover-20220825/UBNA_002/20220823_033000.WAV,Telephone Field,recover-20220825,002,1795
1738.0235,1738.0598,68437,81925,Rhinolophus ferrumequinum,0.02,0.02,-1,Echolocation,/mnt/ubna_data_01_mir/recover-20220825/UBNA_002/20220823_033000.WAV,Telephone Field,recover-20220825,002,1795
1738.0525,1738.0597,28046,41600,Eptesicus serotinus,0.009,0.027,-1,Echolocation,/mnt/ubna_data_01_mir/recover-20220825/UBNA_002/20220823_033000.WAV,Telephone Field,recover-20220825,002,1795
1738.0585,1738.0687,35781,41181,Pipistrellus nathusii,0.012,0.026,-1,Echolocation,/mnt/ubna_data_01_mir/recover-20220825/UBNA_002/20220823_033000.WAV,Telephone Field,recover-20220825,002,1795
1738.0765,1738.1145,68437,82427,Rhinolophus ferrumequinum,0.02,0.02,-1,Echolocation,/mnt/ubna_data_01_mir/recover-20220825/UBNA_002/20220823_033000.WAV,Telephone Field,recover-20220825,002,1795
1738.0775,1738.0846,22890,31446,Plecotus austriacus,0.01,0.022,-1,Echolocation,/mnt/ubna_data_01_mir/recover-20220825/UBNA_002/20220823_033000.WAV,Telephone Field,recover-20220825,002,1795
1738.1135,1738.1528,68437,81760,Rhinolophus ferrumequinum,0.02,0.02,-1,Echolocation,/mnt/ubna_data_01_mir/recover-20220825/UBNA_002/20220823_033000.WAV,Telephone Field,recover-20220825,002,1795
1738.1165,1738.1292,22031,26134,Nyctalus leisleri,0.013,0.025,-1,Echolocation,/mnt/ubna_data_01_mir/recover-20220825/UBNA_002/20220823_033000.WAV,Telephone Field,recover-20220825,002,1795
1738.1185,1738.1569,68437,81914,Rhinolophus ferrumequinum,0.021,0.021,-1,Echolocation,/mnt/ubna_data_01_mir/recover-20220825/UBNA_002/20220823_033000.WAV,Telephone Field,recover-20220825,002,1795
1738.1405,1738.1815,68437,82251,Rhinolophus ferrumequinum,0.029,0.029,-1,Echolocation,/mnt/ubna_data_01_mir/recover-20220825/UBNA_002/20220823_033000.WAV,Telephone Field,recover-20220825,002,1795
1738.1605,1738.1942,68437,81468,Rhinolophus ferrumequinum,0.021,0.021,-1,Echolocation,/mnt/ubna_data_01_mir/recover-20220825/UBNA_002/20220823_033000.WAV,Telephone Field,recover-20220825,002,1795
1738.1895,1738.231,68437,82970,Rhinolophus ferrumequinum,0.029,0.029,-1,Echolocation,/mnt/ubna_data_01_mir/recover-20220825/UBNA_002/20220823_033000.WAV,Telephone Field,recover-20220825,002,1795
1738.2095,1738.248,68437,82471,Rhinolophus ferrumequinum,0.024,0.024,-1,Echolocation,/mnt/ubna_data_01_mir/recover-20220825/UBNA_002/20220823_033000.WAV,Telephone Field,recover-20220825,002,1795
1738.2385,1738.2749,68437,82159,Rhinolophus ferrumequinum,0.022,0.022,-1,Echolocation,/mnt/ubna_data_01_mir/recover-20220825/UBNA_002/20220823_033000.WAV,Telephone Field,recover-20220825,002,1795
1738.2605,1738.2992,68437,82360,Rhinolophus ferrumequinum,0.023,0.023,-1,Echolocation,/mnt/ubna_data_01_mir/recover-20220825/UBNA_002/20220823_033000.WAV,Telephone Field,recover-20220825,002,1795
1738.2845,1738.3233,68437,82202,Rhinolophus ferrumequinum,0.02,0.02,-1,Echolocation,/mnt/ubna_data_01_mir/recover-20220825/UBNA_002/20220823_033000.WAV,Telephone Field,recover-20220825,002,1795
1738.2885,1738.2965,26328,39099,Eptesicus serotinus,0.007,0.02,-1,Echolocation,/mnt/ubna_data_01_mir/recover-20220825/UBNA_002/20220823_033000.WAV,Telephone Field,recover-20220825,002,1795
1738.2955,1738.3326,68437,81547,Rhinolophus ferrumequinum,0.022,0.022,-1,Echolocation,/mnt/ubna_data_01_mir/recover-20220825/UBNA_002/20220823_033000.WAV,Telephone Field,recover-20220825,002,1795
1738.3165,1738.3242,25468,34991,Eptesicus serotinus,0.006,0.025,-1,Echolocation,/mnt/ubna_data_01_mir/recover-20220825/UBNA_002/20220823_033000.WAV,Telephone Field,recover-20220825,002,1795
1738.3335,1738.3757,68437,82387,Rhinolophus ferrumequinum,0.03,0.03,-1,Echolocation,/mnt/ubna_data_01_mir/recover-20220825/UBNA_002/20220823_033000.WAV,Telephone Field,recover-20220825,002,1795
1738.4015,1738.4394,68437,81743,Rhinolophus ferrumequinum,0.022,0.022,-1,Echolocation,/mnt/ubna_data_01_mir/recover-20220825/UBNA_002/20220823_033000.WAV,Telephone Field,recover-20220825,002,1795
1738.4085,1738.4465,68437,82049,Rhinolophus ferrumequinum,0.023,0.023,-1,Echolocation,/mnt/ubna_data_01_mir/recover-20220825/UBNA_002/20220823_033000.WAV,Telephone Field,recover-20220825,002,1795
1738.4215,1738.4586,68437,81929,Rhinolophus ferrumequinum,0.024,0.024,-1,Echolocation,/mnt/ubna_data_01_mir/recover-20220825/UBNA_002/20220823_033000.WAV,Telephone Field,recover-20220825,002,1795
1738.4355,1738.4457,22031,27266,Nyctalus leisleri,0.01,0.023,-1,Echolocation,/mnt/ubna_data_01_mir/recover-20220825/UBNA_002/20220823_033000.WAV,Telephone Field,recover-20220825,002,1795
1738.4485,1738.4858,68437,81605,Rhinolophus ferrumequinum,0.024,0.024,-1,Echolocation,/mnt/ubna_data_01_mir/recover-20220825/UBNA_002/20220823_033000.WAV,Telephone Field,recover-20220825,002,1795
1738.4975,1738.5346,68437,81676,Rhinolophus ferrumequinum,0.02,0.02,-1,Echolocation,/mnt/ubna_data_01_mir/recover-20220825/UBNA_002/20220823_033000.WAV,Telephone Field,recover-20220825,002,1795
1738.5095,1738.5183,22890,29666,Plecotus austriacus,0.007,0.021,-1,Echolocation,/mnt/ubna_data_01_mir/recover-20220825/UBNA_002/20220823_033000.WAV,Telephone Field,recover-20220825,002,1795
1738.5415,1738.5817,68437,82648,Rhinolophus ferrumequinum,0.023,0.023,-1,Echolocation,/mnt/ubna_data_01_mir/recover-20220825/UBNA_002/20220823_033000.WAV,Telephone Field,recover-20220825,002,1795
1738.5565,1738.5644,26328,35412,Eptesicus serotinus,0.008,0.022,-1,Echolocation,/mnt/ubna_data_01_mir/recover-20220825/UBNA_002/20220823_033000.WAV,Telephone Field,recover-20220825,002,1795
1738.5905,1738.631,68437,82707,Rhinolophus ferrumequinum,0.023,0.023,-1,Echolocation,/mnt/ubna_data_01_mir/recover-20220825/UBNA_002/20220823_033000.WAV,Telephone Field,recover-20220825,002,1795
1738.6415,1738.6506,22890,29017,Nyctalus leisleri,0.007,0.022,-1,Echolocation,/mnt/ubna_data_01_mir/recover-20220825/UBNA_002/20220823_033000.WAV,Telephone Field,recover-20220825,002,1795
1738.6535,1738.6909,68437,82704,Rhinolophus ferrumequinum,0.021,0.021,-1,Echolocation,/mnt/ubna_data_01_mir/recover-20220825/UBNA_002/20220823_033000.WAV,Telephone Field,recover-20220825,002,1795
1738.6645,1738.7021,68437,81929,Rhinolophus ferrumequinum,0.022,0.022,-1,Echolocation,/mnt/ubna_data_01_mir/recover-20220825/UBNA_002/20220823_033000.WAV,Telephone Field,recover-20220825,002,1795
1738.6665,1738.6849,22890,26588,Nyctalus leisleri,0.021,0.04,-1,Echolocation,/mnt/ubna_data_01_mir/recover-20220825/UBNA_002/20220823_033000.WAV,Telephone Field,recover-20220825,002,1795
1738.7365,1738.7464,27187,35320,Eptesicus serotinus,0.008,0.021,-1,Echolocation,/mnt/ubna_data_01_mir/recover-20220825/UBNA_002/20220823_033000.WAV,Telephone Field,recover-20220825,002,1795
1738.7435,1738.7807,68437,82625,Rhinolophus ferrumequinum,0.021,0.021,-1,Echolocation,/mnt/ubna_data_01_mir/recover-20220825/UBNA_002/20220823_033000.WAV,Telephone Field,recover-20220825,002,1795
1738.7565,1738.7974,68437,82535,Rhinolophus ferrumequinum,0.024,0.024,-1,Echolocation,/mnt/ubna_data_01_mir/recover-20220825/UBNA_002/20220823_033000.WAV,Telephone Field,recover-20220825,002,1795
1738.7625,1738.8021,68437,82542,Rhinolophus ferrumequinum,0.024,0.024,-1,Echolocation,/mnt/ubna_data_01_mir/recover-20220825/UBNA_002/20220823_033000.WAV,Telephone Field,recover-20220825,002,1795
1738.7835,1738.7906,28046,40641,Eptesicus serotinus,0.008,0.025,-1,Echolocation,/mnt/ubna_data_01_mir/recover-20220825/UBNA_002/20220823_033000.WAV,Telephone Field,recover-20220825,002,1795
1738.8105,1738.8472,68437,81896,Rhinolophus ferrumequinum,0.021,0.021,-1,Echolocation,/mnt/ubna_data_01_mir/recover-20220825/UBNA_002/20220823_033000.WAV,Telephone Field,recover-20220825,002,1795
1738.8155,1738.8224,28046,41346,Eptesicus serotinus,0.007,0.025,-1,Echolocation,/mnt/ubna_data_01_mir/recover-20220825/UBNA_002/20220823_033000.WAV,Telephone Field,recover-20220825,002,1795
1738.8245,1738.8618,68437,81604,Rhinolophus ferrumequinum,0.02,0.02,-1,Echolocation,/mnt/ubna_data_01_mir/recover-20220825/UBNA_002/20220823_033000.WAV,Telephone Field,recover-20220825,002,1795
1738.8655,1738.9009,68437,82214,Rhinolophus ferrumequinum,0.022,0.022,-1,Echolocation,/mnt/ubna_data_01_mir/recover-20220825/UBNA_002/20220823_033000.WAV,Telephone Field,recover-20220825,002,1795
1738.8925,1738.9308,68437,82509,Rhinolophus ferrumequinum,0.021,0.021,-1,Echolocation,/mnt/ubna_data_01_mir/recover-20220825/UBNA_002/20220823_033000.WAV,Telephone Field,recover-20220825,002,1795
1738.9385,1738.949,23750,29121,Nyctalus leisleri,0.009,0.02,-1,Echolocation,/mnt/ubna_data_01_mir/recover-20220825/UBNA_002/20220823_033000.WAV,Telephone Field,recover-20220825,002,1795
1738.9505,1738.9593,30625,45957,Myotis daubentonii,0.007,0.021,-1,Echolocation,/mnt/ubna_data_01_mir/recover-20220825/UBNA_002/20220823_033000.WAV,Telephone Field,recover-20220825,002,1795
1738.9665,1739.0045,68437,82054,Rhinolophus ferrumequinum,0.02,0.021,-1,Echolocation,/mnt/ubna_data_01_mir/recover-20220825/UBNA_002/20220823_033000.WAV,Telephone Field,recover-20220825,002,1795
1739.0025,1739.0383,68437,80852,Rhinolophus ferrumequinum,0.02,0.02,-1,Echolocation,/mnt/ubna_data_01_mir/recover-20220825/UBNA_002/20220823_033000.WAV,Telephone Field,recover-20220825,002,1795
1739.0205,1739.0298,28046,37989,Eptesicus serotinus,0.009,0.02,-1,Echolocation,/mnt/ubna_data_01_mir/recover-20220825/UBNA_002/20220823_033000.WAV,Telephone Field,recover-20220825,002,1795
1739.0375,1739.0472,29765,37755,Eptesicus serotinus,0.01,0.024,-1,Echolocation,/mnt/ubna_data_01_mir/recover-20220825/UBNA_002/20220823_033000.WAV,Telephone Field,recover-20220825,002,1795
1739.0675,1739.1051,68437,81251,Rhinolophus ferrumequinum,0.02,0.02,-1,Echolocation,/mnt/ubna_data_01_mir/recover-20220825/UBNA_002/20220823_033000.WAV,Telephone Field,recover-20220825,002,1795
1739.0985,1739.1095,23750,29374,Nyctalus leisleri,0.014,0.031,-1,Echolocation,/mnt/ubna_data_01_mir/recover-20220825/UBNA_002/20220823_033000.WAV,Telephone Field,recover-20220825,002,1795
1739.1255,1739.1326,47812,52528,Pipistrellus pipistrellus,0.02,0.022,-1,Echolocation,/mnt/ubna_data_01_mir/recover-20220825/UBNA_002/20220823_033000.WAV,Telephone Field,recover-20220825,002,1795
1739.1435,1739.1836,68437,82544,Rhinolophus ferrumequinum,0.023,0.023,-1,Echolocation,/mnt/ubna_data_01_mir/recover-20220825/UBNA_002/20220823_033000.WAV,Telephone Field,recover-20220825,002,1795
1739.1755,1739.2113,68437,81335,Rhinolophus ferrumequinum,0.026,0.026,-1,Echolocation,/mnt/ubna_data_01_mir/recover-20220825/UBNA_002/20220823_033000.WAV,Telephone Field,recover-20220825,002,1795
1739.1975,1739.2392,68437,82941,Rhinolophus ferrumequinum,0.023,0.023,-1,Echolocation,/mnt/ubna_data_01_mir/recover-20220825/UBNA_002/20220823_033000.WAV,Telephone Field,recover-20220825,002,1795
1739.2185,1739.2281,27187,37739,Eptesicus serotinus,0.011,0.024,-1,Echolocation,/mnt/ubna_data_01_mir/recover-20220825/UBNA_002/20220823_033000.WAV,Telephone Field,recover-20220825,002,1795
1739.2185,1739.2573,68437,82314,Rhinolophus ferrumequinum,0.022,0.022,-1,Echolocation,/mnt/ubna_data_01_mir/recover-20220825/UBNA_002/20220823_033000.WAV,Telephone Field,recover-20220825,002,1795
1739.2295,1739.267,68437,81810,Rhinolophus ferrumequinum,0.02,0.02,-1,Echolocation,/mnt/ubna_data_01_mir/recover-20220825/UBNA_002/20220823_033000.WAV,Telephone Field,recover-20220825,002,1795
1739.2395,1739.2785,68437,82672,Rhinolophus ferrumequinum,0.024,0.024,-1,Echolocation,/mnt/ubna_data_01_mir/recover-20220825/UBNA_002/20220823_033000.WAV,Telephone Field,recover-20220825,002,1795
1739.2445,1739.2592,21171,24315,Nyctalus leisleri,0.015,0.023,-1,Echolocation,/mnt/ubna_data_01_mir/recover-20220825/UBNA_002/20220823_033000.WAV,Telephone Field,recover-20220825,002,1795
1739.2635,1739.2733,25468,33932,Eptesicus serotinus,0.014,0.029,-1,Echolocation,/mnt/ubna_data_01_mir/recover-20220825/UBNA_002/20220823_033000.WAV,Telephone Field,recover-20220825,002,1795
1739.2885,1739.2972,27187,38561,Eptesicus serotinus,0.009,0.024,-1,Echolocation,/mnt/ubna_data_01_mir/recover-20220825/UBNA_002/20220823_033000.WAV,Telephone Field,recover-20220825,002,1795
1739.2895,1739.3299,68437,82233,Rhinolophus ferrumequinum,0.024,0.024,-1,Echolocation,/mnt/ubna_data_01_mir/recover-20220825/UBNA_002/20220823_033000.WAV,Telephone Field,recover-20220825,002,1795
1739.3215,1739.3326,26328,33334,Eptesicus serotinus,0.01,0.022,-1,Echolocation,/mnt/ubna_data_01_mir/recover-20220825/UBNA_002/20220823_033000.WAV,Telephone Field,recover-20220825,002,1795
1739.3275,1739.366,68437,81871,Rhinolophus ferrumequinum,0.02,0.02,-1,Echolocation,/mnt/ubna_data_01_mir/recover-20220825/UBNA_002/20220823_033000.WAV,Telephone Field,recover-20220825,002,1795
1739.3375,1739.3785,68437,82616,Rhinolophus ferrumequinum,0.022,0.022,-1,Echolocation,/mnt/ubna_data_01_mir/recover-20220825/UBNA_002/20220823_033000.WAV,Telephone Field,recover-20220825,002,1795
1739.3395,1739.349,23750,30393,Nyctalus leisleri,0.008,0.021,-1,Echolocation,/mnt/ubna_data_01_mir/recover-20220825/UBNA_002/20220823_033000.WAV,Telephone Field,recover-20220825,002,1795
1739.3425,1739.3824,68437,82781,Rhinolophus ferrumequinum,0.022,0.022,-1,Echolocation,/mnt/ubna_data_01_mir/recover-20220825/UBNA_002/20220823_033000.WAV,Telephone Field,recover-20220825,002,1795
1739.3535,1739.3641,22890,27825,Nyctalus leisleri,0.011,0.023,-1,Echolocation,/mnt/ubna_data_01_mir/recover-20220825/UBNA_002/20220823_033000.WAV,Telephone Field,recover-20220825,002,1795
1739.3655,1739.4026,68437,81245,Rhinolophus ferrumequinum,0.021,0.021,-1,Echolocation,/mnt/ubna_data_01_mir/recover-20220825/UBNA_002/20220823_033000.WAV,Telephone Field,recover-20220825,002,1795
1739.3665,1739.3866,20312,23303,Nyctalus leisleri,0.016,0.031,-1,Echolocation,/mnt/ubna_data_01_mir/recover-20220825/UBNA_002/20220823_033000.WAV,Telephone Field,recover-20220825,002,1795
1739.3725,1739.3914,20312,23402,Nyctalus leisleri,0.016,0.031,-1,Echolocation,/mnt/ubna_data_01_mir/recover-20220825/UBNA_002/20220823_033000.WAV,Telephone Field,recover-20220825,002,1795
1739.4065,1739.4131,28906,38534,Eptesicus serotinus,0.008,0.027,-1,Echolocation,/mnt/ubna_data_01_mir/recover-20220825/UBNA_002/20220823_033000.WAV,Telephone Field,recover-20220825,002,1795
1739.4085,1739.4551,68437,82889,Rhinolophus ferrumequinum,0.085,0.085,-1,Echolocation,/mnt/ubna_data_01_mir/recover-20220825/UBNA_002/20220823_033000.WAV,Telephone Field,recover-20220825,002,1795
1739.4545,1739.4927,68437,82087,Rhinolophus ferrumequinum,0.02,0.02,-1,Echolocation,/mnt/ubna_data_01_mir/recover-20220825/UBNA_002/20220823_033000.WAV,Telephone Field,recover-20220825,002,1795
1739.4655,1739.5011,68437,81414,Rhinolophus ferrumequinum,0.02,0.02,-1,Echolocation,/mnt/ubna_data_01_mir/recover-20220825/UBNA_002/20220823_033000.WAV,Telephone Field,recover-20220825,002,1795
1739.4955,1739.5026,24609,34840,Plecotus austriacus,0.009,0.025,-1,Echolocation,/mnt/ubna_data_01_mir/recover-20220825/UBNA_002/20220823_033000.WAV,Telephone Field,recover-20220825,002,1795
1739.5095,1739.5187,48671,53415,Pipistrellus pipistrellus,0.019,0.024,-1,Echolocation,/mnt/ubna_data_01_mir/recover-20220825/UBNA_002/20220823_033000.WAV,Telephone Field,recover-20220825,002,1795
1739.5125,1739.556,68437,83434,Rhinolophus ferrumequinum,0.03,0.03,-1,Echolocation,/mnt/ubna_data_01_mir/recover-20220825/UBNA_002/20220823_033000.WAV,Telephone Field,recover-20220825,002,1795
1739.5815,1739.5899,22890,29567,Plecotus austriacus,0.008,0.021,-1,Echolocation,/mnt/ubna_data_01_mir/recover-20220825/UBNA_002/20220823_033000.WAV,Telephone Field,recover-20220825,002,1795
1739.5975,1739.636,68437,81192,Rhinolophus ferrumequinum,0.021,0.022,-1,Echolocation,/mnt/ubna_data_01_mir/recover-20220825/UBNA_002/20220823_033000.WAV,Telephone Field,recover-20220825,002,1795
1739.6085,1739.6462,68437,81799,Rhinolophus ferrumequinum,0.024,0.024,-1,Echolocation,/mnt/ubna_data_01_mir/recover-20220825/UBNA_002/20220823_033000.WAV,Telephone Field,recover-20220825,002,1795
1739.7115,1739.7519,68437,82030,Rhinolophus ferrumequinum,0.031,0.031,-1,Echolocation,/mnt/ubna_data_01_mir/recover-20220825/UBNA_002/20220823_033000.WAV,Telephone Field,recover-20220825,002,1795
1739.7125,1739.7199,28046,38661,Eptesicus serotinus,0.007,0.022,-1,Echolocation,/mnt/ubna_data_01_mir/recover-20220825/UBNA_002/20220823_033000.WAV,Telephone Field,recover-20220825,002,1795
1739.7245,1739.7678,68437,83726,Rhinolophus ferrumequinum,0.032,0.032,-1,Echolocation,/mnt/ubna_data_01_mir/recover-20220825/UBNA_002/20220823_033000.WAV,Telephone Field,recover-20220825,002,1795
1739.7895,1739.8241,68437,81196,Rhinolophus ferrumequinum,0.02,0.02,-1,Echolocation,/mnt/ubna_data_01_mir/recover-20220825/UBNA_002/20220823_033000.WAV,Telephone Field,recover-20220825,002,1795
1739.7965,1739.8088,22031,25956,Nyctalus leisleri,0.013,0.024,-1,Echolocation,/mnt/ubna_data_01_mir/recover-20220825/UBNA_002/20220823_033000.WAV,Telephone Field,recover-20220825,002,1795
1739.8255,1739.8688,68437,83727,Rhinolophus ferrumequinum,0.041,0.041,-1,Echolocation,/mnt/ubna_data_01_mir/recover-20220825/UBNA_002/20220823_033000.WAV,Telephone Field,recover-20220825,002,1795
1739.8505,1739.891,68437,82068,Rhinolophus ferrumequinum,0.023,0.023,-1,Echolocation,/mnt/ubna_data_01_mir/recover-20220825/UBNA_002/20220823_033000.WAV,Telephone Field,recover-20220825,002,1795
1739.8825,1739.9212,68437,82035,Rhinolophus ferrumequinum,0.024,0.024,-1,Echolocation,/mnt/ubna_data_01_mir/recover-20220825/UBNA_002/20220823_033000.WAV,Telephone Field,recover-20220825,002,1795
1739.9235,1739.9311,26328,36088,Eptesicus serotinus,0.007,0.021,-1,Echolocation,/mnt/ubna_data_01_mir/recover-20220825/UBNA_002/20220823_033000.WAV,Telephone Field,recover-20220825,002,1795
1740.0015,1740.03,69296,81841,Rhinolophus ferrumequinum,0.023,0.023,-1,Echolocation,/mnt/ubna_data_01_mir/recover-20220825/UBNA_002/20220823_033000.WAV,Telephone Field,recover-20220825,002,1795
1740.0015,1740.0115,46953,52610,Pipistrellus pipistrellus,0.026,0.032,-1,Echolocation,/mnt/ubna_data_01_mir/recover-20220825/UBNA_002/20220823_033000.WAV,Telephone Field,recover-20220825,002,1795
1740.0015,1740.0086,25468,37789,Myotis nattereri,0.005,0.025,-1,Echolocation,/mnt/ubna_data_01_mir/recover-20220825/UBNA_002/20220823_033000.WAV,Telephone Field,recover-20220825,002,1795
1740.0355,1740.0767,68437,82451,Rhinolophus ferrumequinum,0.021,0.021,-1,Echolocation,/mnt/ubna_data_01_mir/recover-20220825/UBNA_002/20220823_033000.WAV,Telephone Field,recover-20220825,002,1795
1740.0425,1740.0842,68437,82426,Rhinolophus ferrumequinum,0.02,0.02,-1,Echolocation,/mnt/ubna_data_01_mir/recover-20220825/UBNA_002/20220823_033000.WAV,Telephone Field,recover-20220825,002,1795
1740.0545,1740.0939,68437,82196,Rhinolophus ferrumequinum,0.02,0.02,-1,Echolocation,/mnt/ubna_data_01_mir/recover-20220825/UBNA_002/20220823_033000.WAV,Telephone Field,recover-20220825,002,1795
1740.1135,1740.1239,23750,28908,Nyctalus leisleri,0.009,0.022,-1,Echolocation,/mnt/ubna_data_01_mir/recover-20220825/UBNA_002/20220823_033000.WAV,Telephone Field,recover-20220825,002,1795
1740.1635,1740.1735,24609,31631,Eptesicus serotinus,0.007,0.02,-1,Echolocation,/mnt/ubna_data_01_mir/recover-20220825/UBNA_002/20220823_033000.WAV,Telephone Field,recover-20220825,002,1795
1740.1705,1740.1788,23750,31126,Plecotus austriacus,0.006,0.02,-1,Echolocation,/mnt/ubna_data_01_mir/recover-20220825/UBNA_002/20220823_033000.WAV,Telephone Field,recover-20220825,002,1795
1740.1965,1740.2399,68437,82853,Rhinolophus ferrumequinum,0.039,0.039,-1,Echolocation,/mnt/ubna_data_01_mir/recover-20220825/UBNA_002/20220823_033000.WAV,Telephone Field,recover-20220825,002,1795
1740.2025,1740.216,22031,25915,Nyctalus leisleri,0.012,0.02,-1,Echolocation,/mnt/ubna_data_01_mir/recover-20220825/UBNA_002/20220823_033000.WAV,Telephone Field,recover-20220825,002,1795
1740.2155,1740.2225,23750,31780,Plecotus austriacus,0.008,0.02,-1,Echolocation,/mnt/ubna_data_01_mir/recover-20220825/UBNA_002/20220823_033000.WAV,Telephone Field,recover-20220825,002,1795
1740.2485,1740.2592,22890,27505,Nyctalus leisleri,0.01,0.021,-1,Echolocation,/mnt/ubna_data_01_mir/recover-20220825/UBNA_002/20220823_033000.WAV,Telephone Field,recover-20220825,002,1795
1740.2635,1740.3011,68437,82057,Rhinolophus ferrumequinum,0.02,0.02,-1,Echolocation,/mnt/ubna_data_01_mir/recover-20220825/UBNA_002/20220823_033000.WAV,Telephone Field,recover-20220825,002,1795
1740.3045,1740.3435,68437,81802,Rhinolophus ferrumequinum,0.02,0.02,-1,Echolocation,/mnt/ubna_data_01_mir/recover-20220825/UBNA_002/20220823_033000.WAV,Telephone Field,recover-20220825,002,1795
1740.3095,1740.3472,68437,81885,Rhinolophus ferrumequinum,0.02,0.02,-1,Echolocation,/mnt/ubna_data_01_mir/recover-20220825/UBNA_002/20220823_033000.WAV,Telephone Field,recover-20220825,002,1795
1740.3375,1740.3464,28046,38089,Eptesicus serotinus,0.014,0.027,-1,Echolocation,/mnt/ubna_data_01_mir/recover-20220825/UBNA_002/20220823_033000.WAV,Telephone Field,recover-20220825,002,1795
1740.3895,1740.3997,28906,38142,Eptesicus serotinus,0.012,0.028,-1,Echolocation,/mnt/ubna_data_01_mir/recover-20220825/UBNA_002/20220823_033000.WAV,Telephone Field,recover-20220825,002,1795
1740.4115,1740.4521,68437,82808,Rhinolophus ferrumequinum,0.026,0.026,-1,Echolocation,/mnt/ubna_data_01_mir/recover-20220825/UBNA_002/20220823_033000.WAV,Telephone Field,recover-20220825,002,1795
1740.4165,1740.4233,28046,40713,Eptesicus serotinus,0.006,0.021,-1,Echolocation,/mnt/ubna_data_01_mir/recover-20220825/UBNA_002/20220823_033000.WAV,Telephone Field,recover-20220825,002,1795
1740.4535,1740.4916,68437,82338,Rhinolophus ferrumequinum,0.02,0.02,-1,Echolocation,/mnt/ubna_data_01_mir/recover-20220825/UBNA_002/20220823_033000.WAV,Telephone Field,recover-20220825,002,1795
1740.4705,1740.4789,28046,37550,Eptesicus serotinus,0.01,0.023,-1,Echolocation,/mnt/ubna_data_01_mir/recover-20220825/UBNA_002/20220823_033000.WAV,Telephone Field,recover-20220825,002,1795
1740.5285,1740.5672,68437,82374,Rhinolophus ferrumequinum,0.021,0.021,-1,Echolocation,/mnt/ubna_data_01_mir/recover-20220825/UBNA_002/20220823_033000.WAV,Telephone Field,recover-20220825,002,1795
1740.5385,1740.5759,68437,82180,Rhinolophus ferrumequinum,0.028,0.028,-1,Echolocation,/mnt/ubna_data_01_mir/recover-20220825/UBNA_002/20220823_033000.WAV,Telephone Field,recover-20220825,002,1795
1740.5405,1740.5508,22890,28015,Nyctalus leisleri,0.01,0.021,-1,Echolocation,/mnt/ubna_data_01_mir/recover-20220825/UBNA_002/20220823_033000.WAV,Telephone Field,recover-20220825,002,1795
1740.5495,1740.5869,68437,81024,Rhinolophus ferrumequinum,0.03,0.03,-1,Echolocation,/mnt/ubna_data_01_mir/recover-20220825/UBNA_002/20220823_033000.WAV,Telephone Field,recover-20220825,002,1795
1740.5875,1740.6254,68437,82413,Rhinolophus ferrumequinum,0.02,0.02,-1,Echolocation,/mnt/ubna_data_01_mir/recover-20220825/UBNA_002/20220823_033000.WAV,Telephone Field,recover-20220825,002,1795
1740.6395,1740.6823,68437,83356,Rhinolophus ferrumequinum,0.029,0.029,-1,Echolocation,/mnt/ubna_data_01_mir/recover-20220825/UBNA_002/20220823_033000.WAV,Telephone Field,recover-20220825,002,1795
1740.6575,1740.694,68437,81466,Rhinolophus ferrumequinum,0.02,0.02,-1,Echolocation,/mnt/ubna_data_01_mir/recover-20220825/UBNA_002/20220823_033000.WAV,Telephone Field,recover-20220825,002,1795
1740.6765,1740.6841,28906,38143,Eptesicus serotinus,0.007,0.021,-1,Echolocation,/mnt/ubna_data_01_mir/recover-20220825/UBNA_002/20220823_033000.WAV,Telephone Field,recover-20220825,002,1795
1740.6795,1740.7191,68437,82684,Rhinolophus ferrumequinum,0.021,0.021,-1,Echolocation,/mnt/ubna_data_01_mir/recover-20220825/UBNA_002/20220823_033000.WAV,Telephone Field,recover-20220825,002,1795
1740.7075,1740.7158,23750,31785,Plecotus austriacus,0.008,0.023,-1,Echolocation,/mnt/ubna_data_01_mir/recover-20220825/UBNA_002/20220823_033000.WAV,Telephone Field,recover-20220825,002,1795
1740.7185,1740.7577,68437,82031,Rhinolophus ferrumequinum,0.021,0.021,-1,Echolocation,/mnt/ubna_data_01_mir/recover-20220825/UBNA_002/20220823_033000.WAV,Telephone Field,recover-20220825,002,1795
1740.7195,1740.7297,28906,35210,Eptesicus serotinus,0.01,0.023,-1,Echolocation,/mnt/ubna_data_01_mir/recover-20220825/UBNA_002/20220823_033000.WAV,Telephone Field,recover-20220825,002,1795
1740.7355,1740.7738,68437,82189,Rhinolophus ferrumequinum,0.023,0.023,-1,Echolocation,/mnt/ubna_data_01_mir/recover-20220825/UBNA_002/20220823_033000.WAV,Telephone Field,recover-20220825,002,1795
1740.7875,1740.8255,68437,82960,Rhinolophus ferrumequinum,0.021,0.021,-1,Echolocation,/mnt/ubna_data_01_mir/recover-20220825/UBNA_002/20220823_033000.WAV,Telephone Field,recover-20220825,002,1795
1740.7955,1740.8068,22031,26692,Nyctalus leisleri,0.009,0.02,-1,Echolocation,/mnt/ubna_data_01_mir/recover-20220825/UBNA_002/20220823_033000.WAV,Telephone Field,recover-20220825,002,1795
1740.8075,1740.8453,68437,82803,Rhinolophus ferrumequinum,0.026,0.026,-1,Echolocation,/mnt/ubna_data_01_mir/recover-20220825/UBNA_002/20220823_033000.WAV,Telephone Field,recover-20220825,002,1795
1740.8315,1740.8736,68437,82705,Rhinolophus ferrumequinum,0.031,0.031,-1,Echolocation,/mnt/ubna_data_01_mir/recover-20220825/UBNA_002/20220823_033000.WAV,Telephone Field,recover-20220825,002,1795
1740.8555,1740.8641,28046,37594,Eptesicus serotinus,0.007,0.02,-1,Echolocation,/mnt/ubna_data_01_mir/recover-20220825/UBNA_002/20220823_033000.WAV,Telephone Field,recover-20220825,002,1795
1740.8575,1740.8955,68437,82371,Rhinolophus ferrumequinum,0.02,0.02,-1,Echolocation,/mnt/ubna_data_01_mir/recover-20220825/UBNA_002/20220823_033000.WAV,Telephone Field,recover-20220825,002,1795
1740.8775,1740.9132,68437,81741,Rhinolophus ferrumequinum,0.02,0.02,-1,Echolocation,/mnt/ubna_data_01_mir/recover-20220825/UBNA_002/20220823_033000.WAV,Telephone Field,recover-20220825,002,1795
1740.8805,1740.8873,46093,51631,Pipistrellus pipistrellus,0.023,0.024,-1,Echolocation,/mnt/ubna_data_01_mir/recover-20220825/UBNA_002/20220823_033000.WAV,Telephone Field,recover-20220825,002,1795
1740.8925,1740.9306,68437,82314,Rhinolophus ferrumequinum,0.022,0.022,-1,Echolocation,/mnt/ubna_data_01_mir/recover-20220825/UBNA_002/20220823_033000.WAV,Telephone Field,recover-20220825,002,1795
1740.9365,1740.9735,68437,81982,Rhinolophus ferrumequinum,0.022,0.022,-1,Echolocation,/mnt/ubna_data_01_mir/recover-20220825/UBNA_002/20220823_033000.WAV,Telephone Field,recover-20220825,002,1795
1740.9485,1740.9567,28906,40080,Eptesicus serotinus,0.006,0.02,-1,Echolocation,/mnt/ubna_data_01_mir/recover-20220825/UBNA_002/20220823_033000.WAV,Telephone Field,recover-20220825,002,1795
1740.9565,1740.9991,68437,83309,Rhinolophus ferrumequinum,0.029,0.029,-1,Echolocation,/mnt/ubna_data_01_mir/recover-20220825/UBNA_002/20220823_033000.WAV,Telephone Field,recover-20220825,002,1795
1740.9995,1741.0377,68437,81555,Rhinolophus ferrumequinum,0.025,0.025,-1,Echolocation,/mnt/ubna_data_01_mir/recover-20220825/UBNA_002/20220823_033000.WAV,Telephone Field,recover-20220825,002,1795
1741.0075,1741.0165,28046,41637,Eptesicus serotinus,0.009,0.021,-1,Echolocation,/mnt/ubna_data_01_mir/recover-20220825/UBNA_002/20220823_033000.WAV,Telephone Field,recover-20220825,002,1795
1741.0345,1741.0443,32343,39040,Barbastellus barbastellus,0.008,0.029,-1,Echolocation,/mnt/ubna_data_01_mir/recover-20220825/UBNA_002/20220823_033000.WAV,Telephone Field,recover-20220825,002,1795
1741.0455,1741.0804,68437,81231,Rhinolophus ferrumequinum,0.021,0.021,-1,Echolocation,/mnt/ubna_data_01_mir/recover-20220825/UBNA_002/20220823_033000.WAV,Telephone Field,recover-20220825,002,1795
1741.0595,1741.0932,68437,81135,Rhinolophus ferrumequinum,0.021,0.021,-1,Echolocation,/mnt/ubna_data_01_mir/recover-20220825/UBNA_002/20220823_033000.WAV,Telephone Field,recover-20220825,002,1795
1741.0875,1741.1006,58125,63433,Pipistrellus pygmaeus,0.021,0.021,-1,Echolocation,/mnt/ubna_data_01_mir/recover-20220825/UBNA_002/20220823_033000.WAV,Telephone Field,recover-20220825,002,1795
1741.0885,1741.098,26328,34045,Eptesicus serotinus,0.014,0.029,-1,Echolocation,/mnt/ubna_data_01_mir/recover-20220825/UBNA_002/20220823_033000.WAV,Telephone Field,recover-20220825,002,1795
1741.1205,1741.161,68437,82366,Rhinolophus ferrumequinum,0.022,0.022,-1,Echolocation,/mnt/ubna_data_01_mir/recover-20220825/UBNA_002/20220823_033000.WAV,Telephone Field,recover-20220825,002,1795
1741.1645,1741.1753,23750,28432,Nyctalus leisleri,0.01,0.02,-1,Echolocation,/mnt/ubna_data_01_mir/recover-20220825/UBNA_002/20220823_033000.WAV,Telephone Field,recover-20220825,002,1795
1741.1755,1741.2118,68437,81551,Rhinolophus ferrumequinum,0.02,0.02,-1,Echolocation,/mnt/ubna_data_01_mir/recover-20220825/UBNA_002/20220823_033000.WAV,Telephone Field,recover-20220825,002,1795
1741.1965,1741.2365,68437,82026,Rhinolophus ferrumequinum,0.023,0.023,-1,Echolocation,/mnt/ubna_data_01_mir/recover-20220825/UBNA_002/20220823_033000.WAV,Telephone Field,recover-20220825,002,1795
1741.2335,1741.2415,47812,54781,Pipistrellus pipistrellus,0.022,0.025,-1,Echolocation,/mnt/ubna_data_01_mir/recover-20220825/UBNA_002/20220823_033000.WAV,Telephone Field,recover-20220825,002,1795
1741.2795,1741.3185,68437,82480,Rhinolophus ferrumequinum,0.02,0.02,-1,Echolocation,/mnt/ubna_data_01_mir/recover-20220825/UBNA_002/20220823_033000.WAV,Telephone Field,recover-20220825,002,1795
1741.3295,1741.3383,28046,39533,Eptesicus serotinus,0.008,0.02,-1,Echolocation,/mnt/ubna_data_01_mir/recover-20220825/UBNA_002/20220823_033000.WAV,Telephone Field,recover-20220825,002,1795
1741.3505,1741.358,24609,33817,Plecotus austriacus,0.011,0.032,-1,Echolocation,/mnt/ubna_data_01_mir/recover-20220825/UBNA_002/20220823_033000.WAV,Telephone Field,recover-20220825,002,1795
1741.3685,1741.4064,68437,82676,Rhinolophus ferrumequinum,0.021,0.021,-1,Echolocation,/mnt/ubna_data_01_mir/recover-20220825/UBNA_002/20220823_033000.WAV,Telephone Field,recover-20220825,002,1795
1741.3685,1741.3766,46953,52987,Pipistrellus pipistrellus,0.025,0.026,-1,Echolocation,/mnt/ubna_data_01_mir/recover-20220825/UBNA_002/20220823_033000.WAV,Telephone Field,recover-20220825,002,1795
1741.4065,1741.4162,22890,29450,Nyctalus leisleri,0.006,0.02,-1,Echolocation,/mnt/ubna_data_01_mir/recover-20220825/UBNA_002/20220823_033000.WAV,Telephone Field,recover-20220825,002,1795
1741.4385,1741.4463,28046,41222,Eptesicus serotinus,0.007,0.021,-1,Echolocation,/mnt/ubna_data_01_mir/recover-20220825/UBNA_002/20220823_033000.WAV,Telephone Field,recover-20220825,002,1795
1741.4515,1741.4904,68437,82041,Rhinolophus ferrumequinum,0.021,0.022,-1,Echolocation,/mnt/ubna_data_01_mir/recover-20220825/UBNA_002/20220823_033000.WAV,Telephone Field,recover-20220825,002,1795
1741.4585,1741.4673,28046,42873,Eptesicus serotinus,0.008,0.02,-1,Echolocation,/mnt/ubna_data_01_mir/recover-20220825/UBNA_002/20220823_033000.WAV,Telephone Field,recover-20220825,002,1795
1741.4935,1741.5085,22031,26052,Nyctalus leisleri,0.016,0.028,-1,Echolocation,/mnt/ubna_data_01_mir/recover-20220825/UBNA_002/20220823_033000.WAV,Telephone Field,recover-20220825,002,1795
1741.5005,1741.5198,21171,23967,Nyctalus leisleri,0.017,0.027,-1,Echolocation,/mnt/ubna_data_01_mir/recover-20220825/UBNA_002/20220823_033000.WAV,Telephone Field,recover-20220825,002,1795
1741.5225,1741.5592,68437,81324,Rhinolophus ferrumequinum,0.02,0.02,-1,Echolocation,/mnt/ubna_data_01_mir/recover-20220825/UBNA_002/20220823_033000.WAV,Telephone Field,recover-20220825,002,1795
1741.5355,1741.5699,68437,81006,Rhinolophus ferrumequinum,0.022,0.022,-1,Echolocation,/mnt/ubna_data_01_mir/recover-20220825/UBNA_002/20220823_033000.WAV,Telephone Field,recover-20220825,002,1795
1741.5445,1741.5838,68437,82788,Rhinolophus ferrumequinum,0.025,0.025,-1,Echolocation,/mnt/ubna_data_01_mir/recover-20220825/UBNA_002/20220823_033000.WAV,Telephone Field,recover-20220825,002,1795
1741.6015,1741.6123,23750,29789,Nyctalus leisleri,0.009,0.022,-1,Echolocation,/mnt/ubna_data_01_mir/recover-20220825/UBNA_002/20220823_033000.WAV,Telephone Field,recover-20220825,002,1795
1741.6065,1741.6448,68437,81995,Rhinolophus ferrumequinum,0.02,0.02,-1,Echolocation,/mnt/ubna_data_01_mir/recover-20220825/UBNA_002/20220823_033000.WAV,Telephone Field,recover-20220825,002,1795
1741.6105,1741.6223,23750,30351,Nyctalus leisleri,0.01,0.027,-1,Echolocation,/mnt/ubna_data_01_mir/recover-20220825/UBNA_002/20220823_033000.WAV,Telephone Field,recover-20220825,002,1795
1741.6245,1741.6337,26328,33946,Eptesicus serotinus,0.008,0.02,-1,Echolocation,/mnt/ubna_data_01_mir/recover-20220825/UBNA_002/20220823_033000.WAV,Telephone Field,recover-20220825,002,1795
1741.6375,1741.6706,68437,80896,Rhinolophus ferrumequinum,0.021,0.021,-1,Echolocation,/mnt/ubna_data_01_mir/recover-20220825/UBNA_002/20220823_033000.WAV,Telephone Field,recover-20220825,002,1795
1741.6575,1741.6997,68437,82944,Rhinolophus ferrumequinum,0.045,0.045,-1,Echolocation,/mnt/ubna_data_01_mir/recover-20220825/UBNA_002/20220823_033000.WAV,Telephone Field,recover-20220825,002,1795
1741.6625,1741.6727,22890,29042,Nyctalus leisleri,0.009,0.021,-1,Echolocation,/mnt/ubna_data_01_mir/recover-20220825/UBNA_002/20220823_033000.WAV,Telephone Field,recover-20220825,002,1795
1741.6795,1741.7183,68437,81928,Rhinolophus ferrumequinum,0.02,0.02,-1,Echolocation,/mnt/ubna_data_01_mir/recover-20220825/UBNA_002/20220823_033000.WAV,Telephone Field,recover-20220825,002,1795
1741.6805,1741.6941,45234,47914,Pipistrellus pipistrellus,0.042,0.047,-1,Echolocation,/mnt/ubna_data_01_mir/recover-20220825/UBNA_002/20220823_033000.WAV,Telephone Field,recover-20220825,002,1795
1741.6985,1741.7354,68437,82273,Rhinolophus ferrumequinum,0.02,0.02,-1,Echolocation,/mnt/ubna_data_01_mir/recover-20220825/UBNA_002/20220823_033000.WAV,Telephone Field,recover-20220825,002,1795
1741.7135,1741.7231,22031,27699,Nyctalus leisleri,0.007,0.021,-1,Echolocation,/mnt/ubna_data_01_mir/recover-20220825/UBNA_002/20220823_033000.WAV,Telephone Field,recover-20220825,002,1795
1741.7155,1741.7543,68437,81647,Rhinolophus ferrumequinum,0.022,0.022,-1,Echolocation,/mnt/ubna_data_01_mir/recover-20220825/UBNA_002/20220823_033000.WAV,Telephone Field,recover-20220825,002,1795
1741.7545,1741.7883,68437,80456,Rhinolophus ferrumequinum,0.02,0.02,-1,Echolocation,/mnt/ubna_data_01_mir/recover-20220825/UBNA_002/20220823_033000.WAV,Telephone Field,recover-20220825,002,1795
1741.7675,1741.805,68437,82142,Rhinolophus ferrumequinum,0.023,0.023,-1,Echolocation,/mnt/ubna_data_01_mir/recover-20220825/UBNA_002/20220823_033000.WAV,Telephone Field,recover-20220825,002,1795
1741.8595,1741.8974,68437,82124,Rhinolophus ferrumequinum,0.02,0.02,-1,Echolocation,/mnt/ubna_data_01_mir/recover-20220825/UBNA_002/20220823_033000.WAV,Telephone Field,recover-20220825,002,1795
1741.8645,1741.8727,26328,36505,Eptesicus serotinus,0.009,0.021,-1,Echolocation,/mnt/ubna_data_01_mir/recover-20220825/UBNA_002/20220823_033000.WAV,Telephone Field,recover-20220825,002,1795
1741.8845,1741.9245,68437,82448,Rhinolophus ferrumequinum,0.023,0.023,-1,Echolocation,/mnt/ubna_data_01_mir/recover-20220825/UBNA_002/20220823_033000.WAV,Telephone Field,recover-20220825,002,1795
1741.9185,1741.9284,28906,37521,Eptesicus serotinus,0.011,0.024,-1,Echolocation,/mnt/ubna_data_01_mir/recover-20220825/UBNA_002/20220823_033000.WAV,Telephone Field,recover-20220825,002,1795
1741.9295,1741.9388,28906,36782,Eptesicus serotinus,0.01,0.024,-1,Echolocation,/mnt/ubna_data_01_mir/recover-20220825/UBNA_002/20220823_033000.WAV,Telephone Field,recover-20220825,002,1795
1741.9315,1741.9726,68437,82583,Rhinolophus ferrumequinum,0.021,0.021,-1,Echolocation,/mnt/ubna_data_01_mir/recover-20220825/UBNA_002/20220823_033000.WAV,Telephone Field,recover-20220825,002,1795
1741.9665,1741.9738,27187,44411,Eptesicus serotinus,0.01,0.029,-1,Echolocation,/mnt/ubna_data_01_mir/recover-20220825/UBNA_002/20220823_033000.WAV,Telephone Field,recover-20220825,002,1795
1741.9705,1741.977,33203,44932,Myotis daubentonii,0.009,0.028,-1,Echolocation,/mnt/ubna_data_01_mir/recover-20220825/UBNA_002/20220823_033000.WAV,Telephone Field,recover-20220825,002,1795
1741.9835,1741.9935,36640,47142,Pipistrellus nathusii,0.011,0.023,-1,Echolocation,/mnt/ubna_data_01_mir/recover-20220825/UBNA_002/20220823_033000.WAV,Telephone Field,recover-20220825,002,1795
1742.0015,1742.0332,69296,80285,Rhinolophus ferrumequinum,0.045,0.045,-1,Echolocation,/mnt/ubna_data_01_mir/recover-20220825/UBNA_002/20220823_033000.WAV,Telephone Field,recover-20220825,002,1795
1742.0015,1742.012,48671,57584,Pipistrellus pipistrellus,0.023,0.033,-1,Echolocation,/mnt/ubna_data_01_mir/recover-20220825/UBNA_002/20220823_033000.WAV,Telephone Field,recover-20220825,002,1795
1742.0015,1742.0111,26328,37179,Eptesicus serotinus,0.011,0.037,-1,Echolocation,/mnt/ubna_data_01_mir/recover-20220825/UBNA_002/20220823_033000.WAV,Telephone Field,recover-20220825,002,1795
1742.0315,1742.075,68437,82443,Rhinolophus ferrumequinum,0.033,0.033,-1,Echolocation,/mnt/ubna_data_01_mir/recover-20220825/UBNA_002/20220823_033000.WAV,Telephone Field,recover-20220825,002,1795
1742.0435,1742.0541,22890,27965,Nyctalus leisleri,0.012,0.026,-1,Echolocation,/mnt/ubna_data_01_mir/recover-20220825/UBNA_002/20220823_033000.WAV,Telephone Field,recover-20220825,002,1795
1742.0605,1742.0684,24609,34070,Plecotus austriacus,0.011,0.035,-1,Echolocation,/mnt/ubna_data_01_mir/recover-20220825/UBNA_002/20220823_033000.WAV,Telephone Field,recover-20220825,002,1795
1742.0825,1742.0893,27187,41834,Eptesicus serotinus,0.006,0.022,-1,Echolocation,/mnt/ubna_data_01_mir/recover-20220825/UBNA_002/20220823_033000.WAV,Telephone Field,recover-20220825,002,1795
1742.1005,1742.1394,68437,81669,Rhinolophus ferrumequinum,0.021,0.021,-1,Echolocation,/mnt/ubna_data_01_mir/recover-20220825/UBNA_002/20220823_033000.WAV,Telephone Field,recover-20220825,002,1795
1742.1115,1742.1284,19453,22825,Nyctalus leisleri,0.011,0.024,-1,Echolocation,/mnt/ubna_data_01_mir/recover-20220825/UBNA_002/20220823_033000.WAV,Telephone Field,recover-20220825,002,1795
1742.1445,1742.1818,68437,81614,Rhinolophus ferrumequinum,0.023,0.023,-1,Echolocation,/mnt/ubna_data_01_mir/recover-20220825/UBNA_002/20220823_033000.WAV,Telephone Field,recover-20220825,002,1795
1742.1625,1742.184,16015,20743,Nyctalus noctula,0.056,0.069,-1,Echolocation,/mnt/ubna_data_01_mir/recover-20220825/UBNA_002/20220823_033000.WAV,Telephone Field,recover-20220825,002,1795
1742.1635,1742.1701,28906,38883,Eptesicus serotinus,0.008,0.03,-1,Echolocation,/mnt/ubna_data_01_mir/recover-20220825/UBNA_002/20220823_033000.WAV,Telephone Field,recover-20220825,002,1795
1742.1995,1742.2379,68437,81557,Rhinolophus ferrumequinum,0.021,0.021,-1,Echolocation,/mnt/ubna_data_01_mir/recover-20220825/UBNA_002/20220823_033000.WAV,Telephone Field,recover-20220825,002,1795
1742.2835,1742.2942,22031,27028,Nyctalus leisleri,0.011,0.022,-1,Echolocation,/mnt/ubna_data_01_mir/recover-20220825/UBNA_002/20220823_033000.WAV,Telephone Field,recover-20220825,002,1795
1742.3525,1742.3618,25468,33416,Eptesicus serotinus,0.01,0.025,-1,Echolocation,/mnt/ubna_data_01_mir/recover-20220825/UBNA_002/20220823_033000.WAV,Telephone Field,recover-20220825,002,1795
1742.3625,1742.3705,27187,39813,Eptesicus serotinus,0.008,0.024,-1,Echolocation,/mnt/ubna_data_01_mir/recover-20220825/UBNA_002/20220823_033000.WAV,Telephone Field,recover-20220825,002,1795
1742.3975,1742.4375,68437,82165,Rhinolophus ferrumequinum,0.023,0.023,-1,Echolocation,/mnt/ubna_data_01_mir/recover-20220825/UBNA_002/20220823_033000.WAV,Telephone Field,recover-20220825,002,1795
1742.4515,1742.491,68437,82174,Rhinolophus ferrumequinum,0.021,0.021,-1,Echolocation,/mnt/ubna_data_01_mir/recover-20220825/UBNA_002/20220823_033000.WAV,Telephone Field,recover-20220825,002,1795
1742.4915,1742.5301,68437,82444,Rhinolophus ferrumequinum,0.021,0.021,-1,Echolocation,/mnt/ubna_data_01_mir/recover-20220825/UBNA_002/20220823_033000.WAV,Telephone Field,recover-20220825,002,1795
1742.5505,1742.5581,28046,37909,Eptesicus serotinus,0.007,0.021,-1,Echolocation,/mnt/ubna_data_01_mir/recover-20220825/UBNA_002/20220823_033000.WAV,Telephone Field,recover-20220825,002,1795
1742.5785,1742.6122,68437,80698,Rhinolophus ferrumequinum,0.022,0.022,-1,Echolocation,/mnt/ubna_data_01_mir/recover-20220825/UBNA_002/20220823_033000.WAV,Telephone Field,recover-20220825,002,1795
1742.6195,1742.6278,36640,43010,Barbastellus barbastellus,0.008,0.025,-1,Echolocation,/mnt/ubna_data_01_mir/recover-20220825/UBNA_002/20220823_033000.WAV,Telephone Field,recover-20220825,002,1795
1742.6275,1742.6368,28906,37614,Eptesicus serotinus,0.01,0.025,-1,Echolocation,/mnt/ubna_data_01_mir/recover-20220825/UBNA_002/20220823_033000.WAV,Telephone Field,recover-20220825,002,1795
1742.6325,1742.6417,23750,30924,Nyctalus leisleri,0.008,0.026,-1,Echolocation,/mnt/ubna_data_01_mir/recover-20220825/UBNA_002/20220823_033000.WAV,Telephone Field,recover-20220825,002,1795
1742.6515,1742.6915,68437,82441,Rhinolophus ferrumequinum,0.023,0.023,-1,Echolocation,/mnt/ubna_data_01_mir/recover-20220825/UBNA_002/20220823_033000.WAV,Telephone Field,recover-20220825,002,1795
1742.6565,1742.6946,68437,82248,Rhinolophus ferrumequinum,0.023,0.023,-1,Echolocation,/mnt/ubna_data_01_mir/recover-20220825/UBNA_002/20220823_033000.WAV,Telephone Field,recover-20220825,002,1795
1742.6675,1742.7118,68437,82744,Rhinolophus ferrumequinum,0.024,0.024,-1,Echolocation,/mnt/ubna_data_01_mir/recover-20220825/UBNA_002/20220823_033000.WAV,Telephone Field,recover-20220825,002,1795
1742.7075,1742.7493,68437,83015,Rhinolophus ferrumequinum,0.027,0.027,-1,Echolocation,/mnt/ubna_data_01_mir/recover-20220825/UBNA_002/20220823_033000.WAV,Telephone Field,recover-20220825,002,1795
1742.7295,1742.7717,68437,82906,Rhinolophus ferrumequinum,0.03,0.03,-1,Echolocation,/mnt/ubna_data_01_mir/recover-20220825/UBNA_002/20220823_033000.WAV,Telephone Field,recover-20220825,002,1795
1742.7715,1742.8105,68437,82116,Rhinolophus ferrumequinum,0.024,0.024,-1,Echolocation,/mnt/ubna_data_01_mir/recover-20220825/UBNA_002/20220823_033000.WAV,Telephone Field,recover-20220825,002,1795
1742.7935,1742.8004,23750,32579,Plecotus austriacus,0.009,0.021,-1,Echolocation,/mnt/ubna_data_01_mir/recover-20220825/UBNA_002/20220823_033000.WAV,Telephone Field,recover-20220825,002,1795
1742.8245,1742.8618,68437,81773,Rhinolophus ferrumequinum,0.022,0.022,-1,Echolocation,/mnt/ubna_data_01_mir/recover-20220825/UBNA_002/20220823_033000.WAV,Telephone Field,recover-20220825,002,1795
1742.8815,1742.9189,68437,81998,Rhinolophus ferrumequinum,0.021,0.021,-1,Echolocation,/mnt/ubna_data_01_mir/recover-20220825/UBNA_002/20220823_033000.WAV,Telephone Field,recover-20220825,002,1795
1742.8855,1742.8963,22890,28849,Nyctalus leisleri,0.01,0.024,-1,Echolocation,/mnt/ubna_data_01_mir/recover-20220825/UBNA_002/20220823_033000.WAV,Telephone Field,recover-20220825,002,1795
1742.9485,1742.9892,68437,82351,Rhinolophus ferrumequinum,0.025,0.025,-1,Echolocation,/mnt/ubna_data_01_mir/recover-20220825/UBNA_002/20220823_033000.WAV,Telephone Field,recover-20220825,002,1795
1742.9835,1743.0214,68437,82026,Rhinolophus ferrumequinum,0.022,0.022,-1,Echolocation,/mnt/ubna_data_01_mir/recover-20220825/UBNA_002/20220823_033000.WAV,Telephone Field,recover-20220825,002,1795
1742.9885,1742.998,33203,40047,Barbastellus barbastellus,0.008,0.026,-1,Echolocation,/mnt/ubna_data_01_mir/recover-20220825/UBNA_002/20220823_033000.WAV,Telephone Field,recover-20220825,002,1795
1742.9915,1743.002,23750,30489,Nyctalus leisleri,0.011,0.028,-1,Echolocation,/mnt/ubna_data_01_mir/recover-20220825/UBNA_002/20220823_033000.WAV,Telephone Field,recover-20220825,002,1795
1743.0165,1743.0263,14296,19560,Nyctalus noctula,0.027,0.06,-1,Echolocation,/mnt/ubna_data_01_mir/recover-20220825/UBNA_002/20220823_033000.WAV,Telephone Field,recover-20220825,002,1795
1743.0305,1743.0389,27187,36935,Eptesicus serotinus,0.007,0.021,-1,Echolocation,/mnt/ubna_data_01_mir/recover-20220825/UBNA_002/20220823_033000.WAV,Telephone Field,recover-20220825,002,1795
1743.0305,1743.0693,68437,82162,Rhinolophus ferrumequinum,0.023,0.023,-1,Echolocation,/mnt/ubna_data_01_mir/recover-20220825/UBNA_002/20220823_033000.WAV,Telephone Field,recover-20220825,002,1795
1743.0795,1743.0868,28046,38508,Eptesicus serotinus,0.008,0.024,-1,Echolocation,/mnt/ubna_data_01_mir/recover-20220825/UBNA_002/20220823_033000.WAV,Telephone Field,recover-20220825,002,1795
1743.0795,1743.0993,18593,22256,Nyctalus noctula,0.014,0.023,-1,Echolocation,/mnt/ubna_data_01_mir/recover-20220825/UBNA_002/20220823_033000.WAV,Telephone Field,recover-20220825,002,1795
1743.0865,1743.1271,68437,83362,Rhinolophus ferrumequinum,0.024,0.024,-1,Echolocation,/mnt/ubna_data_01_mir/recover-20220825/UBNA_002/20220823_033000.WAV,Telephone Field,recover-20220825,002,1795
1743.1015,1743.11,22890,30453,Plecotus austriacus,0.008,0.021,-1,Echolocation,/mnt/ubna_data_01_mir/recover-20220825/UBNA_002/20220823_033000.WAV,Telephone Field,recover-20220825,002,1795
1743.1215,1743.1292,28046,39607,Eptesicus serotinus,0.007,0.021,-1,Echolocation,/mnt/ubna_data_01_mir/recover-20220825/UBNA_002/20220823_033000.WAV,Telephone Field,recover-20220825,002,1795
1743.1355,1743.1778,68437,82959,Rhinolophus ferrumequinum,0.037,0.037,-1,Echolocation,/mnt/ubna_data_01_mir/recover-20220825/UBNA_002/20220823_033000.WAV,Telephone Field,recover-20220825,002,1795
1743.1515,1743.1583,27187,43704,Eptesicus serotinus,0.006,0.021,-1,Echolocation,/mnt/ubna_data_01_mir/recover-20220825/UBNA_002/20220823_033000.WAV,Telephone Field,recover-20220825,002,1795
1743.1795,1743.2198,68437,82746,Rhinolophus ferrumequinum,0.03,0.03,-1,Echolocation,/mnt/ubna_data_01_mir/recover-20220825/UBNA_002/20220823_033000.WAV,Telephone Field,recover-20220825,002,1795
1743.1845,1743.1957,28906,35998,Eptesicus serotinus,0.014,0.026,-1,Echolocation,/mnt/ubna_data_01_mir/recover-20220825/UBNA_002/20220823_033000.WAV,Telephone Field,recover-20220825,002,1795
1743.2295,1743.2381,49531,53669,Pipistrellus pipistrellus,0.021,0.024,-1,Echolocation,/mnt/ubna_data_01_mir/recover-20220825/UBNA_002/20220823_033000.WAV,Telephone Field,recover-20220825,002,1795
1743.2475,1743.2577,22890,27591,Nyctalus leisleri,0.01,0.021,-1,Echolocation,/mnt/ubna_data_01_mir/recover-20220825/UBNA_002/20220823_033000.WAV,Telephone Field,recover-20220825,002,1795
1743.2545,1743.2924,68437,81653,Rhinolophus ferrumequinum,0.022,0.022,-1,Echolocation,/mnt/ubna_data_01_mir/recover-20220825/UBNA_002/20220823_033000.WAV,Telephone Field,recover-20220825,002,1795
1743.3175,1743.3573,68437,82173,Rhinolophus ferrumequinum,0.024,0.024,-1,Echolocation,/mnt/ubna_data_01_mir/recover-20220825/UBNA_002/20220823_033000.WAV,Telephone Field,recover-20220825,002,1795
1743.3605,1743.3673,28046,37008,Eptesicus serotinus,0.007,0.022,-1,Echolocation,/mnt/ubna_data_01_mir/recover-20220825/UBNA_002/20220823_033000.WAV,Telephone Field,recover-20220825,002,1795
1743.3735,1743.4118,68437,82424,Rhinolophus ferrumequinum,0.023,0.023,-1,Echolocation,/mnt/ubna_data_01_mir/recover-20220825/UBNA_002/20220823_033000.WAV,Telephone Field,recover-20220825,002,1795
1743.3885,1743.4255,68437,82369,Rhinolophus ferrumequinum,0.022,0.022,-1,Echolocation,/mnt/ubna_data_01_mir/recover-20220825/UBNA_002/20220823_033000.WAV,Telephone Field,recover-20220825,002,1795
1743.4285,1743.4399,24609,30720,Eptesicus serotinus,0.01,0.027,-1,Echolocation,/mnt/ubna_data_01_mir/recover-20220825/UBNA_002/20220823_033000.WAV,Telephone Field,recover-20220825,002,1795
1743.4365,1743.4748,68437,81720,Rhinolophus ferrumequinum,0.022,0.022,-1,Echolocation,/mnt/ubna_data_01_mir/recover-20220825/UBNA_002/20220823_033000.WAV,Telephone Field,recover-20220825,002,1795
1743.4635,1743.4707,28046,40831,Eptesicus serotinus,0.007,0.023,-1,Echolocation,/mnt/ubna_data_01_mir/recover-20220825/UBNA_002/20220823_033000.WAV,Telephone Field,recover-20220825,002,1795
1743.4865,1743.4957,28046,36780,Eptesicus serotinus,0.008,0.022,-1,Echolocation,/mnt/ubna_data_01_mir/recover-20220825/UBNA_002/20220823_033000.WAV,Telephone Field,recover-20220825,002,1795
1743.4995,1743.5376,68437,81489,Rhinolophus ferrumequinum,0.025,0.025,-1,Echolocation,/mnt/ubna_data_01_mir/recover-20220825/UBNA_002/20220823_033000.WAV,Telephone Field,recover-20220825,002,1795
1743.5395,1743.5457,26328,40734,Eptesicus serotinus,0.004,0.022,-1,Echolocation,/mnt/ubna_data_01_mir/recover-20220825/UBNA_002/20220823_033000.WAV,Telephone Field,recover-20220825,002,1795
1743.5585,1743.6005,68437,83009,Rhinolophus ferrumequinum,0.031,0.031,-1,Echolocation,/mnt/ubna_data_01_mir/recover-20220825/UBNA_002/20220823_033000.WAV,Telephone Field,recover-20220825,002,1795
1743.5865,1743.622,68437,80749,Rhinolophus ferrumequinum,0.022,0.022,-1,Echolocation,/mnt/ubna_data_01_mir/recover-20220825/UBNA_002/20220823_033000.WAV,Telephone Field,recover-20220825,002,1795
1743.6155,1743.6249,28906,36869,Eptesicus serotinus,0.009,0.025,-1,Echolocation,/mnt/ubna_data_01_mir/recover-20220825/UBNA_002/20220823_033000.WAV,Telephone Field,recover-20220825,002,1795
1743.7055,1743.7461,68437,82553,Rhinolophus ferrumequinum,0.025,0.025,-1,Echolocation,/mnt/ubna_data_01_mir/recover-20220825/UBNA_002/20220823_033000.WAV,Telephone Field,recover-20220825,002,1795
1743.7385,1743.751,28046,36145,Eptesicus serotinus,0.02,0.032,-1,Echolocation,/mnt/ubna_data_01_mir/recover-20220825/UBNA_002/20220823_033000.WAV,Telephone Field,recover-20220825,002,1795
1743.7635,1743.7718,27187,40399,Eptesicus serotinus,0.009,0.024,-1,Echolocation,/mnt/ubna_data_01_mir/recover-20220825/UBNA_002/20220823_033000.WAV,Telephone Field,recover-20220825,002,1795
1743.7725,1743.8086,68437,81136,Rhinolophus ferrumequinum,0.024,0.024,-1,Echolocation,/mnt/ubna_data_01_mir/recover-20220825/UBNA_002/20220823_033000.WAV,Telephone Field,recover-20220825,002,1795
1743.8195,1743.8584,68437,82056,Rhinolophus ferrumequinum,0.023,0.023,-1,Echolocation,/mnt/ubna_data_01_mir/recover-20220825/UBNA_002/20220823_033000.WAV,Telephone Field,recover-20220825,002,1795
1743.8225,1743.8289,13437,33073,Plecotus auritus,0.02,0.022,-1,Echolocation,/mnt/ubna_data_01_mir/recover-20220825/UBNA_002/20220823_033000.WAV,Telephone Field,recover-20220825,002,1795
1743.8425,1743.8525,23750,30299,Nyctalus leisleri,0.009,0.023,-1,Echolocation,/mnt/ubna_data_01_mir/recover-20220825/UBNA_002/20220823_033000.WAV,Telephone Field,recover-20220825,002,1795
1743.8585,1743.8972,68437,82324,Rhinolophus ferrumequinum,0.022,0.022,-1,Echolocation,/mnt/ubna_data_01_mir/recover-20220825/UBNA_002/20220823_033000.WAV,Telephone Field,recover-20220825,002,1795
1743.8855,1743.8969,22890,27811,Nyctalus leisleri,0.01,0.022,-1,Echolocation,/mnt/ubna_data_01_mir/recover-20220825/UBNA_002/20220823_033000.WAV,Telephone Field,recover-20220825,002,1795
1743.8935,1743.9007,26328,37986,Eptesicus serotinus,0.006,0.024,-1,Echolocation,/mnt/ubna_data_01_mir/recover-20220825/UBNA_002/20220823_033000.WAV,Telephone Field,recover-20220825,002,1795
1743.9135,1743.9546,68437,82387,Rhinolophus ferrumequinum,0.021,0.021,-1,Echolocation,/mnt/ubna_data_01_mir/recover-20220825/UBNA_002/20220823_033000.WAV,Telephone Field,recover-20220825,002,1795
1743.9145,1743.9221,26328,35513,Eptesicus serotinus,0.008,0.023,-1,Echolocation,/mnt/ubna_data_01_mir/recover-20220825/UBNA_002/20220823_033000.WAV,Telephone Field,recover-20220825,002,1795
1743.9345,1743.9733,68437,81809,Rhinolophus ferrumequinum,0.023,0.023,-1,Echolocation,/mnt/ubna_data_01_mir/recover-20220825/UBNA_002/20220823_033000.WAV,Telephone Field,recover-20220825,002,1795
1743.9575,1743.9983,68437,82488,Rhinolophus ferrumequinum,0.024,0.024,-1,Echolocation,/mnt/ubna_data_01_mir/recover-20220825/UBNA_002/20220823_033000.WAV,Telephone Field,recover-20220825,002,1795
1743.9585,1743.9657,27187,38857,Eptesicus serotinus,0.007,0.023,-1,Echolocation,/mnt/ubna_data_01_mir/recover-20220825/UBNA_002/20220823_033000.WAV,Telephone Field,recover-20220825,002,1795
1744.0015,1744.0106,24609,34935,Nyctalus leisleri,0.008,0.025,-1,Echolocation,/mnt/ubna_data_01_mir/recover-20220825/UBNA_002/20220823_033000.WAV,Telephone Field,recover-20220825,002,1795
1744.0015,1744.0104,47812,53328,Pipistrellus pipistrellus,0.016,0.022,-1,Echolocation,/mnt/ubna_data_01_mir/recover-20220825/UBNA_002/20220823_033000.WAV,Telephone Field,recover-20220825,002,1795
1744.0015,1744.0333,69296,81724,Rhinolophus ferrumequinum,0.026,0.027,-1,Echolocation,/mnt/ubna_data_01_mir/recover-20220825/UBNA_002/20220823_033000.WAV,Telephone Field,recover-20220825,002,1795
1744.0105,1744.0509,68437,81809,Rhinolophus ferrumequinum,0.021,0.021,-1,Echolocation,/mnt/ubna_data_01_mir/recover-20220825/UBNA_002/20220823_033000.WAV,Telephone Field,recover-20220825,002,1795
1744.0155,1744.0254,23750,30057,Nyctalus leisleri,0.008,0.021,-1,Echolocation,/mnt/ubna_data_01_mir/recover-20220825/UBNA_002/20220823_033000.WAV,Telephone Field,recover-20220825,002,1795
1744.0805,1744.0869,57265,62752,Pipistrellus pygmaeus,0.019,0.02,-1,Echolocation,/mnt/ubna_data_01_mir/recover-20220825/UBNA_002/20220823_033000.WAV,Telephone Field,recover-20220825,002,1795
1744.0815,1744.1185,68437,81600,Rhinolophus ferrumequinum,0.023,0.023,-1,Echolocation,/mnt/ubna_data_01_mir/recover-20220825/UBNA_002/20220823_033000.WAV,Telephone Field,recover-20220825,002,1795
1744.0925,1744.1022,22890,28327,Nyctalus leisleri,0.007,0.02,-1,Echolocation,/mnt/ubna_data_01_mir/recover-20220825/UBNA_002/20220823_033000.WAV,Telephone Field,recover-20220825,002,1795
1744.1205,1744.1288,26328,35497,Eptesicus serotinus,0.006,0.023,-1,Echolocation,/mnt/ubna_data_01_mir/recover-20220825/UBNA_002/20220823_033000.WAV,Telephone Field,recover-20220825,002,1795
1744.1305,1744.1413,23750,28943,Nyctalus leisleri,0.011,0.023,-1,Echolocation,/mnt/ubna_data_01_mir/recover-20220825/UBNA_002/20220823_033000.WAV,Telephone Field,recover-20220825,002,1795
1744.1415,1744.1525,22890,28211,Nyctalus leisleri,0.011,0.023,-1,Echolocation,/mnt/ubna_data_01_mir/recover-20220825/UBNA_002/20220823_033000.WAV,Telephone Field,recover-20220825,002,1795
1744.1605,1744.1997,68437,81941,Rhinolophus ferrumequinum,0.024,0.024,-1,Echolocation,/mnt/ubna_data_01_mir/recover-20220825/UBNA_002/20220823_033000.WAV,Telephone Field,recover-20220825,002,1795
1744.2005,1744.2084,23750,31373,Plecotus austriacus,0.009,0.022,-1,Echolocation,/mnt/ubna_data_01_mir/recover-20220825/UBNA_002/20220823_033000.WAV,Telephone Field,recover-20220825,002,1795
1744.2155,1744.2496,68437,80968,Rhinolophus ferrumequinum,0.02,0.021,-1,Echolocation,/mnt/ubna_data_01_mir/recover-20220825/UBNA_002/20220823_033000.WAV,Telephone Field,recover-20220825,002,1795
1744.3215,1744.3346,14296,18759,Nyctalus noctula,0.018,0.03,-1,Echolocation,/mnt/ubna_data_01_mir/recover-20220825/UBNA_002/20220823_033000.WAV,Telephone Field,recover-20220825,002,1795
1744.3385,1744.3792,68437,82820,Rhinolophus ferrumequinum,0.03,0.03,-1,Echolocation,/mnt/ubna_data_01_mir/recover-20220825/UBNA_002/20220823_033000.WAV,Telephone Field,recover-20220825,002,1795
1744.3465,1744.3542,23750,32010,Plecotus austriacus,0.009,0.021,-1,Echolocation,/mnt/ubna_data_01_mir/recover-20220825/UBNA_002/20220823_033000.WAV,Telephone Field,recover-20220825,002,1795
1744.3625,1744.4032,68437,82187,Rhinolophus ferrumequinum,0.022,0.022,-1,Echolocation,/mnt/ubna_data_01_mir/recover-20220825/UBNA_002/20220823_033000.WAV,Telephone Field,recover-20220825,002,1795
1744.3805,1744.3985,19453,22153,Nyctalus leisleri,0.014,0.026,-1,Echolocation,/mnt/ubna_data_01_mir/recover-20220825/UBNA_002/20220823_033000.WAV,Telephone Field,recover-20220825,002,1795
1744.4025,1744.4416,68437,81726,Rhinolophus ferrumequinum,0.022,0.022,-1,Echolocation,/mnt/ubna_data_01_mir/recover-20220825/UBNA_002/20220823_033000.WAV,Telephone Field,recover-20220825,002,1795
1744.4065,1744.4163,28906,36556,Eptesicus serotinus,0.01,0.023,-1,Echolocation,/mnt/ubna_data_01_mir/recover-20220825/UBNA_002/20220823_033000.WAV,Telephone Field,recover-20220825,002,1795
1744.4275,1744.4642,68437,82015,Rhinolophus ferrumequinum,0.023,0.023,-1,Echolocation,/mnt/ubna_data_01_mir/recover-20220825/UBNA_002/20220823_033000.WAV,Telephone Field,recover-20220825,002,1795
1744.4395,1744.4468,27187,36943,Eptesicus serotinus,0.008,0.026,-1,Echolocation,/mnt/ubna_data_01_mir/recover-20220825/UBNA_002/20220823_033000.WAV,Telephone Field,recover-20220825,002,1795
1744.4695,1744.4793,23750,30451,Nyctalus leisleri,0.009,0.026,-1,Echolocation,/mnt/ubna_data_01_mir/recover-20220825/UBNA_002/20220823_033000.WAV,Telephone Field,recover-20220825,002,1795
1744.4915,1744.5286,68437,81853,Rhinolophus ferrumequinum,0.02,0.02,-1,Echolocation,/mnt/ubna_data_01_mir/recover-20220825/UBNA_002/20220823_033000.WAV,Telephone Field,recover-20220825,002,1795
1744.5045,1744.5438,68437,81981,Rhinolophus ferrumequinum,0.021,0.021,-1,Echolocation,/mnt/ubna_data_01_mir/recover-20220825/UBNA_002/20220823_033000.WAV,Telephone Field,recover-20220825,002,1795
1744.5485,1744.5588,28906,36789,Eptesicus serotinus,0.01,0.026,-1,Echolocation,/mnt/ubna_data_01_mir/recover-20220825/UBNA_002/20220823_033000.WAV,Telephone Field,recover-20220825,002,1795
1744.5605,1744.5973,68437,81749,Rhinolophus ferrumequinum,0.02,0.021,-1,Echolocation,/mnt/ubna_data_01_mir/recover-20220825/UBNA_002/20220823_033000.WAV,Telephone Field,recover-20220825,002,1795
1744.5715,1744.6121,68437,82702,Rhinolophus ferrumequinum,0.023,0.023,-1,Echolocation,/mnt/ubna_data_01_mir/recover-20220825/UBNA_002/20220823_033000.WAV,Telephone Field,recover-20220825,002,1795
1744.5835,1744.594,26328,33546,Eptesicus serotinus,0.008,0.02,-1,Echolocation,/mnt/ubna_data_01_mir/recover-20220825/UBNA_002/20220823_033000.WAV,Telephone Field,recover-20220825,002,1795
1744.6065,1744.6162,28046,36759,Eptesicus serotinus,0.009,0.021,-1,Echolocation,/mnt/ubna_data_01_mir/recover-20220825/UBNA_002/20220823_033000.WAV,Telephone Field,recover-20220825,002,1795
1744.6445,1744.6813,68437,81617,Rhinolophus ferrumequinum,0.02,0.021,-1,Echolocation,/mnt/ubna_data_01_mir/recover-20220825/UBNA_002/20220823_033000.WAV,Telephone Field,recover-20220825,002,1795
1744.6755,1744.6852,28906,38579,Eptesicus serotinus,0.008,0.022,-1,Echolocation,/mnt/ubna_data_01_mir/recover-20220825/UBNA_002/20220823_033000.WAV,Telephone Field,recover-20220825,002,1795
1744.7455,1744.7854,68437,82192,Rhinolophus ferrumequinum,0.021,0.021,-1,Echolocation,/mnt/ubna_data_01_mir/recover-20220825/UBNA_002/20220823_033000.WAV,Telephone Field,recover-20220825,002,1795
1744.8105,1744.8467,68437,81282,Rhinolophus ferrumequinum,0.021,0.021,-1,Echolocation,/mnt/ubna_data_01_mir/recover-20220825/UBNA_002/20220823_033000.WAV,Telephone Field,recover-20220825,002,1795
1744.8195,1744.8584,68437,82276,Rhinolophus ferrumequinum,0.023,0.023,-1,Echolocation,/mnt/ubna_data_01_mir/recover-20220825/UBNA_002/20220823_033000.WAV,Telephone Field,recover-20220825,002,1795
1744.8235,1744.8326,22890,30106,Plecotus austriacus,0.015,0.033,-1,Echolocation,/mnt/ubna_data_01_mir/recover-20220825/UBNA_002/20220823_033000.WAV,Telephone Field,recover-20220825,002,1795
1744.9195,1744.9285,23750,31367,Plecotus austriacus,0.008,0.024,-1,Echolocation,/mnt/ubna_data_01_mir/recover-20220825/UBNA_002/20220823_033000.WAV,Telephone Field,recover-20220825,002,1795
1744.9205,1744.954,68437,80906,Rhinolophus ferrumequinum,0.025,0.025,-1,Echolocation,/mnt/ubna_data_01_mir/recover-20220825/UBNA_002/20220823_033000.WAV,Telephone Field,recover-20220825,002,1795
1744.9205,1744.9333,40937,44613,Pipistrellus nathusii,0.017,0.03,-1,Echolocation,/mnt/ubna_data_01_mir/recover-20220825/UBNA_002/20220823_033000.WAV,Telephone Field,recover-20220825,002,1795
1744.9595,1744.9983,68437,82058,Rhinolophus ferrumequinum,0.021,0.021,-1,Echolocation,/mnt/ubna_data_01_mir/recover-20220825/UBNA_002/20220823_033000.WAV,Telephone Field,recover-20220825,002,1795
1744.9795,1745.0216,68437,82297,Rhinolophus ferrumequinum,0.023,0.023,-1,Echolocation,/mnt/ubna_data_01_mir/recover-20220825/UBNA_002/20220823_033000.WAV,Telephone Field,recover-20220825,002,1795
1745.0015,1745.01,23750,31263,Plecotus austriacus,0.007,0.021,-1,Echolocation,/mnt/ubna_data_01_mir/recover-20220825/UBNA_002/20220823_033000.WAV,Telephone Field,recover-20220825,002,1795
1745.0635,1745.0727,28046,35824,Eptesicus serotinus,0.015,0.029,-1,Echolocation,/mnt/ubna_data_01_mir/recover-20220825/UBNA_002/20220823_033000.WAV,Telephone Field,recover-20220825,002,1795
1745.0725,1745.1113,68437,82234,Rhinolophus ferrumequinum,0.026,0.026,-1,Echolocation,/mnt/ubna_data_01_mir/recover-20220825/UBNA_002/20220823_033000.WAV,Telephone Field,recover-20220825,002,1795
1745.1085,1745.1483,68437,81908,Rhinolophus ferrumequinum,0.024,0.024,-1,Echolocation,/mnt/ubna_data_01_mir/recover-20220825/UBNA_002/20220823_033000.WAV,Telephone Field,recover-20220825,002,1795
1745.1115,1745.1203,28906,39182,Eptesicus serotinus,0.009,0.025,-1,Echolocation,/mnt/ubna_data_01_mir/recover-20220825/UBNA_002/20220823_033000.WAV,Telephone Field,recover-20220825,002,1795
1745.1655,1745.2029,68437,82775,Rhinolophus ferrumequinum,0.022,0.022,-1,Echolocation,/mnt/ubna_data_01_mir/recover-20220825/UBNA_002/20220823_033000.WAV,Telephone Field,recover-20220825,002,1795
1745.2125,1745.2222,28906,37079,Eptesicus serotinus,0.008,0.021,-1,Echolocation,/mnt/ubna_data_01_mir/recover-20220825/UBNA_002/20220823_033000.WAV,Telephone Field,recover-20220825,002,1795
1745.2145,1745.2549,68437,82715,Rhinolophus ferrumequinum,0.025,0.025,-1,Echolocation,/mnt/ubna_data_01_mir/recover-20220825/UBNA_002/20220823_033000.WAV,Telephone Field,recover-20220825,002,1795
1745.2585,1745.296,68437,82104,Rhinolophus ferrumequinum,0.022,0.022,-1,Echolocation,/mnt/ubna_data_01_mir/recover-20220825/UBNA_002/20220823_033000.WAV,Telephone Field,recover-20220825,002,1795
1745.2775,1745.317,68437,82462,Rhinolophus ferrumequinum,0.022,0.022,-1,Echolocation,/mnt/ubna_data_01_mir/recover-20220825/UBNA_002/20220823_033000.WAV,Telephone Field,recover-20220825,002,1795
1745.3215,1745.3607,68437,81804,Rhinolophus ferrumequinum,0.023,0.023,-1,Echolocation,/mnt/ubna_data_01_mir/recover-20220825/UBNA_002/20220823_033000.WAV,Telephone Field,recover-20220825,002,1795
1745.3655,1745.4046,68437,82476,Rhinolophus ferrumequinum,0.021,0.021,-1,Echolocation,/mnt/ubna_data_01_mir/recover-20220825/UBNA_002/20220823_033000.WAV,Telephone Field,recover-20220825,002,1795
1745.3945,1745.4047,28906,35490,Eptesicus serotinus,0.008,0.021,-1,Echolocation,/mnt/ubna_data_01_mir/recover-20220825/UBNA_002/20220823_033000.WAV,Telephone Field,recover-20220825,002,1795
1745.4005,1745.4414,68437,82453,Rhinolophus ferrumequinum,0.023,0.023,-1,Echolocation,/mnt/ubna_data_01_mir/recover-20220825/UBNA_002/20220823_033000.WAV,Telephone Field,recover-20220825,002,1795
1745.4165,1745.4557,68437,81946,Rhinolophus ferrumequinum,0.022,0.022,-1,Echolocation,/mnt/ubna_data_01_mir/recover-20220825/UBNA_002/20220823_033000.WAV,Telephone Field,recover-20220825,002,1795
1745.4405,1745.4531,22890,27770,Nyctalus leisleri,0.013,0.026,-1,Echolocation,/mnt/ubna_data_01_mir/recover-20220825/UBNA_002/20220823_033000.WAV,Telephone Field,recover-20220825,002,1795
1745.5025,1745.5425,68437,81460,Rhinolophus ferrumequinum,0.021,0.021,-1,Echolocation,/mnt/ubna_data_01_mir/recover-20220825/UBNA_002/20220823_033000.WAV,Telephone Field,recover-20220825,002,1795
1745.5035,1745.5165,24609,29815,Nyctalus leisleri,0.014,0.029,-1,Echolocation,/mnt/ubna_data_01_mir/recover-20220825/UBNA_002/20220823_033000.WAV,Telephone Field,recover-20220825,002,1795
1745.5515,1745.5911,68437,81806,Rhinolophus ferrumequinum,0.022,0.022,-1,Echolocation,/mnt/ubna_data_01_mir/recover-20220825/UBNA_002/20220823_033000.WAV,Telephone Field,recover-20220825,002,1795
1745.5545,1745.5629,23750,30963,Plecotus austriacus,0.007,0.021,-1,Echolocation,/mnt/ubna_data_01_mir/recover-20220825/UBNA_002/20220823_033000.WAV,Telephone Field,recover-20220825,002,1795
1745.5605,1745.5974,68437,81871,Rhinolophus ferrumequinum,0.02,0.02,-1,Echolocation,/mnt/ubna_data_01_mir/recover-20220825/UBNA_002/20220823_033000.WAV,Telephone Field,recover-20220825,002,1795
1745.5685,1745.6055,68437,81815,Rhinolophus ferrumequinum,0.02,0.02,-1,Echolocation,/mnt/ubna_data_01_mir/recover-20220825/UBNA_002/20220823_033000.WAV,Telephone Field,recover-20220825,002,1795
1745.5815,1745.6188,68437,81387,Rhinolophus ferrumequinum,0.021,0.021,-1,Echolocation,/mnt/ubna_data_01_mir/recover-20220825/UBNA_002/20220823_033000.WAV,Telephone Field,recover-20220825,002,1795
1745.5945,1745.6329,68437,81915,Rhinolophus ferrumequinum,0.021,0.021,-1,Echolocation,/mnt/ubna_data_01_mir/recover-20220825/UBNA_002/20220823_033000.WAV,Telephone Field,recover-20220825,002,1795
1745.6015,1745.6428,68437,82314,Rhinolophus ferrumequinum,0.022,0.022,-1,Echolocation,/mnt/ubna_data_01_mir/recover-20220825/UBNA_002/20220823_033000.WAV,Telephone Field,recover-20220825,002,1795
1745.6435,1745.6544,22031,26531,Nyctalus leisleri,0.011,0.022,-1,Echolocation,/mnt/ubna_data_01_mir/recover-20220825/UBNA_002/20220823_033000.WAV,Telephone Field,recover-20220825,002,1795
1745.6475,1745.6555,47812,51845,Pipistrellus pipistrellus,0.028,0.03,-1,Echolocation,/mnt/ubna_data_01_mir/recover-20220825/UBNA_002/20220823_033000.WAV,Telephone Field,recover-20220825,002,1795
1745.6685,1745.7085,68437,82293,Rhinolophus ferrumequinum,0.025,0.025,-1,Echolocation,/mnt/ubna_data_01_mir/recover-20220825/UBNA_002/20220823_033000.WAV,Telephone Field,recover-20220825,002,1795
1745.6885,1745.7265,68437,81972,Rhinolophus ferrumequinum,0.022,0.023,-1,Echolocation,/mnt/ubna_data_01_mir/recover-20220825/UBNA_002/20220823_033000.WAV,Telephone Field,recover-20220825,002,1795
1745.7075,1745.7149,28046,39313,Eptesicus serotinus,0.009,0.027,-1,Echolocation,/mnt/ubna_data_01_mir/recover-20220825/UBNA_002/20220823_033000.WAV,Telephone Field,recover-20220825,002,1795
1745.7195,1745.7272,28046,40354,Eptesicus serotinus,0.007,0.023,-1,Echolocation,/mnt/ubna_data_01_mir/recover-20220825/UBNA_002/20220823_033000.WAV,Telephone Field,recover-20220825,002,1795
1745.7505,1745.7861,68437,81478,Rhinolophus ferrumequinum,0.021,0.021,-1,Echolocation,/mnt/ubna_data_01_mir/recover-20220825/UBNA_002/20220823_033000.WAV,Telephone Field,recover-20220825,002,1795
1745.7665,1745.8041,68437,82157,Rhinolophus ferrumequinum,0.022,0.022,-1,Echolocation,/mnt/ubna_data_01_mir/recover-20220825/UBNA_002/20220823_033000.WAV,Telephone Field,recover-20220825,002,1795
1745.7745,1745.8135,68437,81933,Rhinolophus ferrumequinum,0.021,0.021,-1,Echolocation,/mnt/ubna_data_01_mir/recover-20220825/UBNA_002/20220823_033000.WAV,Telephone Field,recover-20220825,002,1795
1745.7765,1745.7843,47812,54389,Pipistrellus pipistrellus,0.019,0.021,-1,Echolocation,/mnt/ubna_data_01_mir/recover-20220825/UBNA_002/20220823_033000.WAV,Telephone Field,recover-20220825,002,1795
1745.8185,1745.8576,68437,81773,Rhinolophus ferrumequinum,0.02,0.02,-1,Echolocation,/mnt/ubna_data_01_mir/recover-20220825/UBNA_002/20220823_033000.WAV,Telephone Field,recover-20220825,002,1795
1745.8245,1745.8345,28906,36453,Eptesicus serotinus,0.007,0.02,-1,Echolocation,/mnt/ubna_data_01_mir/recover-20220825/UBNA_002/20220823_033000.WAV,Telephone Field,recover-20220825,002,1795
1745.8625,1745.8969,68437,80975,Rhinolophus ferrumequinum,0.022,0.022,-1,Echolocation,/mnt/ubna_data_01_mir/recover-20220825/UBNA_002/20220823_033000.WAV,Telephone Field,recover-20220825,002,1795
1745.8635,1745.8714,26328,35417,Eptesicus serotinus,0.007,0.02,-1,Echolocation,/mnt/ubna_data_01_mir/recover-20220825/UBNA_002/20220823_033000.WAV,Telephone Field,recover-20220825,002,1795
1745.8755,1745.9154,68437,82767,Rhinolophus ferrumequinum,0.033,0.033,-1,Echolocation,/mnt/ubna_data_01_mir/recover-20220825/UBNA_002/20220823_033000.WAV,Telephone Field,recover-20220825,002,1795
1745.9235,1745.9643,68437,82880,Rhinolophus ferrumequinum,0.025,0.025,-1,Echolocation,/mnt/ubna_data_01_mir/recover-20220825/UBNA_002/20220823_033000.WAV,Telephone Field,recover-20220825,002,1795
1745.9485,1745.9572,22890,30306,Plecotus austriacus,0.013,0.031,-1,Echolocation,/mnt/ubna_data_01_mir/recover-20220825/UBNA_002/20220823_033000.WAV,Telephone Field,recover-20220825,002,1795
1745.9505,1745.9892,68437,82405,Rhinolophus ferrumequinum,0.022,0.022,-1,Echolocation,/mnt/ubna_data_01_mir/recover-20220825/UBNA_002/20220823_033000.WAV,Telephone Field,recover-20220825,002,1795
1745.9585,1745.9983,68437,82172,Rhinolophus ferrumequinum,0.023,0.023,-1,Echolocation,/mnt/ubna_data_01_mir/recover-20220825/UBNA_002/20220823_033000.WAV,Telephone Field,recover-20220825,002,1795
1746.0015,1746.0351,68437,79697,Rhinolophus ferrumequinum,0.054,0.054,-1,Echolocation,/mnt/ubna_data_01_mir/recover-20220825/UBNA_002/20220823_033000.WAV,Telephone Field,recover-20220825,002,1795
1746.0015,1746.01,25468,35773,Nyctalus leisleri,0.005,0.022,-1,Echolocation,/mnt/ubna_data_01_mir/recover-20220825/UBNA_002/20220823_033000.WAV,Telephone Field,recover-20220825,002,1795
1746.0155,1746.0258,22031,27382,Nyctalus leisleri,0.01,0.025,-1,Echolocation,/mnt/ubna_data_01_mir/recover-20220825/UBNA_002/20220823_033000.WAV,Telephone Field,recover-20220825,002,1795
1746.0625,1746.105,68437,82975,Rhinolophus ferrumequinum,0.026,0.026,-1,Echolocation,/mnt/ubna_data_01_mir/recover-20220825/UBNA_002/20220823_033000.WAV,Telephone Field,recover-20220825,002,1795
1746.0705,1746.0797,26328,34032,Eptesicus serotinus,0.01,0.024,-1,Echolocation,/mnt/ubna_data_01_mir/recover-20220825/UBNA_002/20220823_033000.WAV,Telephone Field,recover-20220825,002,1795
1746.1275,1746.1647,68437,82663,Rhinolophus ferrumequinum,0.022,0.022,-1,Echolocation,/mnt/ubna_data_01_mir/recover-20220825/UBNA_002/20220823_033000.WAV,Telephone Field,recover-20220825,002,1795
1746.2035,1746.2105,26328,39806,Eptesicus serotinus,0.006,0.021,-1,Echolocation,/mnt/ubna_data_01_mir/recover-20220825/UBNA_002/20220823_033000.WAV,Telephone Field,recover-20220825,002,1795
1746.2695,1746.3095,68437,82276,Rhinolophus ferrumequinum,0.025,0.025,-1,Echolocation,/mnt/ubna_data_01_mir/recover-20220825/UBNA_002/20220823_033000.WAV,Telephone Field,recover-20220825,002,1795
1746.2715,1746.2818,44375,54886,Pipistrellus pipistrellus,0.019,0.028,-1,Echolocation,/mnt/ubna_data_01_mir/recover-20220825/UBNA_002/20220823_033000.WAV,Telephone Field,recover-20220825,002,1795
1746.3015,1746.3093,28046,39330,Eptesicus serotinus,0.008,0.024,-1,Echolocation,/mnt/ubna_data_01_mir/recover-20220825/UBNA_002/20220823_033000.WAV,Telephone Field,recover-20220825,002,1795
1746.3075,1746.3475,68437,81757,Rhinolophus ferrumequinum,0.021,0.022,-1,Echolocation,/mnt/ubna_data_01_mir/recover-20220825/UBNA_002/20220823_033000.WAV,Telephone Field,recover-20220825,002,1795
1746.3195,1746.3607,68437,82666,Rhinolophus ferrumequinum,0.025,0.025,-1,Echolocation,/mnt/ubna_data_01_mir/recover-20220825/UBNA_002/20220823_033000.WAV,Telephone Field,recover-20220825,002,1795
1746.3855,1746.4229,68437,82275,Rhinolophus ferrumequinum,0.022,0.022,-1,Echolocation,/mnt/ubna_data_01_mir/recover-20220825/UBNA_002/20220823_033000.WAV,Telephone Field,recover-20220825,002,1795
1746.3945,1746.4312,68437,82255,Rhinolophus ferrumequinum,0.027,0.027,-1,Echolocation,/mnt/ubna_data_01_mir/recover-20220825/UBNA_002/20220823_033000.WAV,Telephone Field,recover-20220825,002,1795
1746.4025,1746.4425,68437,82202,Rhinolophus ferrumequinum,0.027,0.027,-1,Echolocation,/mnt/ubna_data_01_mir/recover-20220825/UBNA_002/20220823_033000.WAV,Telephone Field,recover-20220825,002,1795
1746.4045,1746.415,45234,48648,Pipistrellus pipistrellus,0.022,0.024,-1,Echolocation,/mnt/ubna_data_01_mir/recover-20220825/UBNA_002/20220823_033000.WAV,Telephone Field,recover-20220825,002,1795
1746.4515,1746.4906,68437,81991,Rhinolophus ferrumequinum,0.025,0.025,-1,Echolocation,/mnt/ubna_data_01_mir/recover-20220825/UBNA_002/20220823_033000.WAV,Telephone Field,recover-20220825,002,1795
1746.4735,1746.5113,68437,82180,Rhinolophus ferrumequinum,0.023,0.023,-1,Echolocation,/mnt/ubna_data_01_mir/recover-20220825/UBNA_002/20220823_033000.WAV,Telephone Field,recover-20220825,002,1795
1746.4965,1746.5074,22031,26544,Nyctalus leisleri,0.013,0.024,-1,Echolocation,/mnt/ubna_data_01_mir/recover-20220825/UBNA_002/20220823_033000.WAV,Telephone Field,recover-20220825,002,1795
1746.5155,1746.5236,28046,38249,Eptesicus serotinus,0.007,0.023,-1,Echolocation,/mnt/ubna_data_01_mir/recover-20220825/UBNA_002/20220823_033000.WAV,Telephone Field,recover-20220825,002,1795
1746.5275,1746.5689,68437,82625,Rhinolophus ferrumequinum,0.022,0.022,-1,Echolocation,/mnt/ubna_data_01_mir/recover-20220825/UBNA_002/20220823_033000.WAV,Telephone Field,recover-20220825,002,1795
1746.5425,1746.5816,68437,81781,Rhinolophus ferrumequinum,0.024,0.024,-1,Echolocation,/mnt/ubna_data_01_mir/recover-20220825/UBNA_002/20220823_033000.WAV,Telephone Field,recover-20220825,002,1795
1746.5675,1746.6072,68437,81845,Rhinolophus ferrumequinum,0.021,0.021,-1,Echolocation,/mnt/ubna_data_01_mir/recover-20220825/UBNA_002/20220823_033000.WAV,Telephone Field,recover-20220825,002,1795
1746.6175,1746.6534,68437,79761,Rhinolophus ferrumequinum,0.027,0.027,-1,Echolocation,/mnt/ubna_data_01_mir/recover-20220825/UBNA_002/20220823_033000.WAV,Telephone Field,recover-20220825,002,1795
1746.6265,1746.6328,24609,38697,Plecotus austriacus,0.01,0.028,-1,Echolocation,/mnt/ubna_data_01_mir/recover-20220825/UBNA_002/20220823_033000.WAV,Telephone Field,recover-20220825,002,1795
1746.6785,1746.7199,68437,82933,Rhinolophus ferrumequinum,0.023,0.023,-1,Echolocation,/mnt/ubna_data_01_mir/recover-20220825/UBNA_002/20220823_033000.WAV,Telephone Field,recover-20220825,002,1795
1746.6845,1746.7242,68437,82575,Rhinolophus ferrumequinum,0.021,0.021,-1,Echolocation,/mnt/ubna_data_01_mir/recover-20220825/UBNA_002/20220823_033000.WAV,Telephone Field,recover-20220825,002,1795
1746.7015,1746.7125,22031,27136,Nyctalus leisleri,0.01,0.023,-1,Echolocation,/mnt/ubna_data_01_mir/recover-20220825/UBNA_002/20220823_033000.WAV,Telephone Field,recover-20220825,002,1795
1746.7105,1746.749,68437,82537,Rhinolophus ferrumequinum,0.021,0.021,-1,Echolocation,/mnt/ubna_data_01_mir/recover-20220825/UBNA_002/20220823_033000.WAV,Telephone Field,recover-20220825,002,1795
1746.7345,1746.7447,25468,33142,Eptesicus serotinus,0.012,0.033,-1,Echolocation,/mnt/ubna_data_01_mir/recover-20220825/UBNA_002/20220823_033000.WAV,Telephone Field,recover-20220825,002,1795
1746.7645,1746.803,68437,82454,Rhinolophus ferrumequinum,0.023,0.023,-1,Echolocation,/mnt/ubna_data_01_mir/recover-20220825/UBNA_002/20220823_033000.WAV,Telephone Field,recover-20220825,002,1795
1746.7695,1746.8078,68437,82430,Rhinolophus ferrumequinum,0.024,0.024,-1,Echolocation,/mnt/ubna_data_01_mir/recover-20220825/UBNA_002/20220823_033000.WAV,Telephone Field,recover-20220825,002,1795
1746.8505,1746.8888,68437,81693,Rhinolophus ferrumequinum,0.022,0.022,-1,Echolocation,/mnt/ubna_data_01_mir/recover-20220825/UBNA_002/20220823_033000.WAV,Telephone Field,recover-20220825,002,1795
1746.8515,1746.8704,19453,22803,Nyctalus leisleri,0.012,0.025,-1,Echolocation,/mnt/ubna_data_01_mir/recover-20220825/UBNA_002/20220823_033000.WAV,Telephone Field,recover-20220825,002,1795
1746.8735,1746.8853,24609,32508,Eptesicus serotinus,0.013,0.032,-1,Echolocation,/mnt/ubna_data_01_mir/recover-20220825/UBNA_002/20220823_033000.WAV,Telephone Field,recover-20220825,002,1795
1746.8895,1746.9287,68437,82583,Rhinolophus ferrumequinum,0.033,0.033,-1,Echolocation,/mnt/ubna_data_01_mir/recover-20220825/UBNA_002/20220823_033000.WAV,Telephone Field,recover-20220825,002,1795
1746.9745,1747.0144,68437,82406,Rhinolophus ferrumequinum,0.024,0.024,-1,Echolocation,/mnt/ubna_data_01_mir/recover-20220825/UBNA_002/20220823_033000.WAV,Telephone Field,recover-20220825,002,1795
1747.0015,1747.0116,43515,46364,Pipistrellus pipistrellus,0.025,0.029,-1,Echolocation,/mnt/ubna_data_01_mir/recover-20220825/UBNA_002/20220823_033000.WAV,Telephone Field,recover-20220825,002,1795
1747.0125,1747.0528,68437,82820,Rhinolophus ferrumequinum,0.023,0.023,-1,Echolocation,/mnt/ubna_data_01_mir/recover-20220825/UBNA_002/20220823_033000.WAV,Telephone Field,recover-20220825,002,1795
1747.0185,1747.036,20312,23658,Nyctalus leisleri,0.013,0.022,-1,Echolocation,/mnt/ubna_data_01_mir/recover-20220825/UBNA_002/20220823_033000.WAV,Telephone Field,recover-20220825,002,1795
1747.0775,1747.0851,15156,26980,Plecotus auritus,0.022,0.03,-1,Echolocation,/mnt/ubna_data_01_mir/recover-20220825/UBNA_002/20220823_033000.WAV,Telephone Field,recover-20220825,002,1795
1747.1745,1747.2116,68437,81555,Rhinolophus ferrumequinum,0.021,0.021,-1,Echolocation,/mnt/ubna_data_01_mir/recover-20220825/UBNA_002/20220823_033000.WAV,Telephone Field,recover-20220825,002,1795
1747.1795,1747.1855,26328,39093,Myotis nattereri,0.005,0.024,-1,Echolocation,/mnt/ubna_data_01_mir/recover-20220825/UBNA_002/20220823_033000.WAV,Telephone Field,recover-20220825,002,1795
1747.2235,1747.2325,26328,36859,Eptesicus serotinus,0.01,0.027,-1,Echolocation,/mnt/ubna_data_01_mir/recover-20220825/UBNA_002/20220823_033000.WAV,Telephone Field,recover-20220825,002,1795
1747.2235,1747.2628,68437,82146,Rhinolophus ferrumequinum,0.025,0.025,-1,Echolocation,/mnt/ubna_data_01_mir/recover-20220825/UBNA_002/20220823_033000.WAV,Telephone Field,recover-20220825,002,1795
1747.2355,1747.2463,57265,62714,Pipistrellus pygmaeus,0.027,0.027,-1,Echolocation,/mnt/ubna_data_01_mir/recover-20220825/UBNA_002/20220823_033000.WAV,Telephone Field,recover-20220825,002,1795
1747.2475,1747.2547,28906,38288,Eptesicus serotinus,0.007,0.023,-1,Echolocation,/mnt/ubna_data_01_mir/recover-20220825/UBNA_002/20220823_033000.WAV,Telephone Field,recover-20220825,002,1795
1747.2565,1747.2921,68437,81558,Rhinolophus ferrumequinum,0.021,0.021,-1,Echolocation,/mnt/ubna_data_01_mir/recover-20220825/UBNA_002/20220823_033000.WAV,Telephone Field,recover-20220825,002,1795
1747.2785,1747.2898,22031,27051,Nyctalus leisleri,0.011,0.023,-1,Echolocation,/mnt/ubna_data_01_mir/recover-20220825/UBNA_002/20220823_033000.WAV,Telephone Field,recover-20220825,002,1795
1747.2955,1747.3375,68437,82678,Rhinolophus ferrumequinum,0.022,0.022,-1,Echolocation,/mnt/ubna_data_01_mir/recover-20220825/UBNA_002/20220823_033000.WAV,Telephone Field,recover-20220825,002,1795
1747.3015,1747.3085,28906,40043,Eptesicus serotinus,0.006,0.021,-1,Echolocation,/mnt/ubna_data_01_mir/recover-20220825/UBNA_002/20220823_033000.WAV,Telephone Field,recover-20220825,002,1795
1747.3055,1747.3447,68437,82916,Rhinolophus ferrumequinum,0.028,0.028,-1,Echolocation,/mnt/ubna_data_01_mir/recover-20220825/UBNA_002/20220823_033000.WAV,Telephone Field,recover-20220825,002,1795
1747.3475,1747.3859,68437,82158,Rhinolophus ferrumequinum,0.023,0.023,-1,Echolocation,/mnt/ubna_data_01_mir/recover-20220825/UBNA_002/20220823_033000.WAV,Telephone Field,recover-20220825,002,1795
1747.3655,1747.399,68437,80438,Rhinolophus ferrumequinum,0.024,0.024,-1,Echolocation,/mnt/ubna_data_01_mir/recover-20220825/UBNA_002/20220823_033000.WAV,Telephone Field,recover-20220825,002,1795
1747.3665,1747.3754,35781,44813,Myotis daubentonii,0.007,0.021,-1,Echolocation,/mnt/ubna_data_01_mir/recover-20220825/UBNA_002/20220823_033000.WAV,Telephone Field,recover-20220825,002,1795
1747.4115,1747.4536,68437,82889,Rhinolophus ferrumequinum,0.028,0.028,-1,Echolocation,/mnt/ubna_data_01_mir/recover-20220825/UBNA_002/20220823_033000.WAV,Telephone Field,recover-20220825,002,1795
1747.4565,1747.4952,68437,81926,Rhinolophus ferrumequinum,0.022,0.022,-1,Echolocation,/mnt/ubna_data_01_mir/recover-20220825/UBNA_002/20220823_033000.WAV,Telephone Field,recover-20220825,002,1795
1747.4785,1747.514,68437,81244,Rhinolophus ferrumequinum,0.025,0.025,-1,Echolocation,/mnt/ubna_data_01_mir/recover-20220825/UBNA_002/20220823_033000.WAV,Telephone Field,recover-20220825,002,1795
1747.4995,1747.5375,68437,82101,Rhinolophus ferrumequinum,0.034,0.034,-1,Echolocation,/mnt/ubna_data_01_mir/recover-20220825/UBNA_002/20220823_033000.WAV,Telephone Field,recover-20220825,002,1795
1747.5295,1747.5681,68437,81971,Rhinolophus ferrumequinum,0.022,0.022,-1,Echolocation,/mnt/ubna_data_01_mir/recover-20220825/UBNA_002/20220823_033000.WAV,Telephone Field,recover-20220825,002,1795
1747.5435,1747.5531,28906,36121,Eptesicus serotinus,0.009,0.024,-1,Echolocation,/mnt/ubna_data_01_mir/recover-20220825/UBNA_002/20220823_033000.WAV,Telephone Field,recover-20220825,002,1795
1747.5485,1747.5863,68437,81833,Rhinolophus ferrumequinum,0.022,0.022,-1,Echolocation,/mnt/ubna_data_01_mir/recover-20220825/UBNA_002/20220823_033000.WAV,Telephone Field,recover-20220825,002,1795
1747.5675,1747.6098,68437,82945,Rhinolophus ferrumequinum,0.037,0.037,-1,Echolocation,/mnt/ubna_data_01_mir/recover-20220825/UBNA_002/20220823_033000.WAV,Telephone Field,recover-20220825,002,1795
1747.5885,1747.5985,22890,29335,Nyctalus leisleri,0.009,0.026,-1,Echolocation,/mnt/ubna_data_01_mir/recover-20220825/UBNA_002/20220823_033000.WAV,Telephone Field,recover-20220825,002,1795
1747.6135,1747.6232,24609,31867,Eptesicus serotinus,0.008,0.021,-1,Echolocation,/mnt/ubna_data_01_mir/recover-20220825/UBNA_002/20220823_033000.WAV,Telephone Field,recover-20220825,002,1795
1747.6435,1747.6816,68437,82135,Rhinolophus ferrumequinum,0.021,0.021,-1,Echolocation,/mnt/ubna_data_01_mir/recover-20220825/UBNA_002/20220823_033000.WAV,Telephone Field,recover-20220825,002,1795
1747.6585,1747.698,68437,82706,Rhinolophus ferrumequinum,0.023,0.023,-1,Echolocation,/mnt/ubna_data_01_mir/recover-20220825/UBNA_002/20220823_033000.WAV,Telephone Field,recover-20220825,002,1795
1747.6745,1747.7147,68437,82320,Rhinolophus ferrumequinum,0.031,0.031,-1,Echolocation,/mnt/ubna_data_01_mir/recover-20220825/UBNA_002/20220823_033000.WAV,Telephone Field,recover-20220825,002,1795
1747.7085,1747.7442,68437,80952,Rhinolophus ferrumequinum,0.022,0.023,-1,Echolocation,/mnt/ubna_data_01_mir/recover-20220825/UBNA_002/20220823_033000.WAV,Telephone Field,recover-20220825,002,1795
1747.7335,1747.7702,68437,81048,Rhinolophus ferrumequinum,0.024,0.024,-1,Echolocation,/mnt/ubna_data_01_mir/recover-20220825/UBNA_002/20220823_033000.WAV,Telephone Field,recover-20220825,002,1795
1747.7375,1747.7468,28906,35987,Eptesicus serotinus,0.009,0.025,-1,Echolocation,/mnt/ubna_data_01_mir/recover-20220825/UBNA_002/20220823_033000.WAV,Telephone Field,recover-20220825,002,1795
1747.7535,1747.7614,33203,42977,Barbastellus barbastellus,0.012,0.036,-1,Echolocation,/mnt/ubna_data_01_mir/recover-20220825/UBNA_002/20220823_033000.WAV,Telephone Field,recover-20220825,002,1795
1747.7905,1747.8289,68437,81944,Rhinolophus ferrumequinum,0.021,0.021,-1,Echolocation,/mnt/ubna_data_01_mir/recover-20220825/UBNA_002/20220823_033000.WAV,Telephone Field,recover-20220825,002,1795
1747.8145,1747.8552,68437,82426,Rhinolophus ferrumequinum,0.026,0.026,-1,Echolocation,/mnt/ubna_data_01_mir/recover-20220825/UBNA_002/20220823_033000.WAV,Telephone Field,recover-20220825,002,1795
1747.8275,1747.8684,68437,82585,Rhinolophus ferrumequinum,0.022,0.022,-1,Echolocation,/mnt/ubna_data_01_mir/recover-20220825/UBNA_002/20220823_033000.WAV,Telephone Field,recover-20220825,002,1795
1747.8315,1747.8393,46953,54641,Pipistrellus pipistrellus,0.023,0.025,-1,Echolocation,/mnt/ubna_data_01_mir/recover-20220825/UBNA_002/20220823_033000.WAV,Telephone Field,recover-20220825,002,1795
1747.8485,1747.8855,68437,81015,Rhinolophus ferrumequinum,0.022,0.022,-1,Echolocation,/mnt/ubna_data_01_mir/recover-20220825/UBNA_002/20220823_033000.WAV,Telephone Field,recover-20220825,002,1795
1747.8545,1747.8626,28046,37851,Eptesicus serotinus,0.01,0.026,-1,Echolocation,/mnt/ubna_data_01_mir/recover-20220825/UBNA_002/20220823_033000.WAV,Telephone Field,recover-20220825,002,1795
1747.8655,1747.9059,68437,82073,Rhinolophus ferrumequinum,0.023,0.023,-1,Echolocation,/mnt/ubna_data_01_mir/recover-20220825/UBNA_002/20220823_033000.WAV,Telephone Field,recover-20220825,002,1795
1747.8985,1747.904,25468,36098,Plecotus austriacus,0.014,0.035,-1,Echolocation,/mnt/ubna_data_01_mir/recover-20220825/UBNA_002/20220823_033000.WAV,Telephone Field,recover-20220825,002,1795
1747.9035,1747.9433,68437,82386,Rhinolophus ferrumequinum,0.023,0.023,-1,Echolocation,/mnt/ubna_data_01_mir/recover-20220825/UBNA_002/20220823_033000.WAV,Telephone Field,recover-20220825,002,1795
1747.9275,1747.9639,68437,81584,Rhinolophus ferrumequinum,0.04,0.04,-1,Echolocation,/mnt/ubna_data_01_mir/recover-20220825/UBNA_002/20220823_033000.WAV,Telephone Field,recover-20220825,002,1795
1747.9525,1747.9882,68437,81600,Rhinolophus ferrumequinum,0.024,0.024,-1,Echolocation,/mnt/ubna_data_01_mir/recover-20220825/UBNA_002/20220823_033000.WAV,Telephone Field,recover-20220825,002,1795
1747.9635,1747.9726,25468,34022,Eptesicus serotinus,0.01,0.023,-1,Echolocation,/mnt/ubna_data_01_mir/recover-20220825/UBNA_002/20220823_033000.WAV,Telephone Field,recover-20220825,002,1795
1748.0015,1748.0101,24609,31327,Nyctalus leisleri,0.01,0.029,-1,Echolocation,/mnt/ubna_data_01_mir/recover-20220825/UBNA_002/20220823_033000.WAV,Telephone Field,recover-20220825,002,1795
1748.0015,1748.0319,69296,81023,Rhinolophus ferrumequinum,0.023,0.024,-1,Echolocation,/mnt/ubna_data_01_mir/recover-20220825/UBNA_002/20220823_033000.WAV,Telephone Field,recover-20220825,002,1795
1748.0015,1748.0106,39218,46076,Pipistrellus nathusii,0.009,0.022,-1,Echolocation,/mnt/ubna_data_01_mir/recover-20220825/UBNA_002/20220823_033000.WAV,Telephone Field,recover-20220825,002,1795
1748.0015,1748.0142,54687,62198,Pipistrellus pygmaeus,0.018,0.022,-1,Echolocation,/mnt/ubna_data_01_mir/recover-20220825/UBNA_002/20220823_033000.WAV,Telephone Field,recover-20220825,002,1795
1748.0305,1748.0722,68437,82334,Rhinolophus ferrumequinum,0.027,0.027,-1,Echolocation,/mnt/ubna_data_01_mir/recover-20220825/UBNA_002/20220823_033000.WAV,Telephone Field,recover-20220825,002,1795
1748.0325,1748.0391,28046,41680,Eptesicus serotinus,0.008,0.03,-1,Echolocation,/mnt/ubna_data_01_mir/recover-20220825/UBNA_002/20220823_033000.WAV,Telephone Field,recover-20220825,002,1795
1748.1005,1748.1389,68437,82387,Rhinolophus ferrumequinum,0.025,0.025,-1,Echolocation,/mnt/ubna_data_01_mir/recover-20220825/UBNA_002/20220823_033000.WAV,Telephone Field,recover-20220825,002,1795
1748.1145,1748.1226,23750,32787,Plecotus austriacus,0.01,0.03,-1,Echolocation,/mnt/ubna_data_01_mir/recover-20220825/UBNA_002/20220823_033000.WAV,Telephone Field,recover-20220825,002,1795
1748.1695,1748.2092,68437,82845,Rhinolophus ferrumequinum,0.03,0.03,-1,Echolocation,/mnt/ubna_data_01_mir/recover-20220825/UBNA_002/20220823_033000.WAV,Telephone Field,recover-20220825,002,1795
1748.1795,1748.1963,24609,29200,Nyctalus leisleri,0.058,0.125,-1,Echolocation,/mnt/ubna_data_01_mir/recover-20220825/UBNA_002/20220823_033000.WAV,Telephone Field,recover-20220825,002,1795
1748.1965,1748.2088,52968,58259,Pipistrellus pipistrellus,0.014,0.022,-1,Echolocation,/mnt/ubna_data_01_mir/recover-20220825/UBNA_002/20220823_033000.WAV,Telephone Field,recover-20220825,002,1795
1748.1975,1748.2069,28906,40307,Eptesicus serotinus,0.01,0.026,-1,Echolocation,/mnt/ubna_data_01_mir/recover-20220825/UBNA_002/20220823_033000.WAV,Telephone Field,recover-20220825,002,1795
1748.2675,1748.2771,28046,37189,Eptesicus serotinus,0.014,0.03,-1,Echolocation,/mnt/ubna_data_01_mir/recover-20220825/UBNA_002/20220823_033000.WAV,Telephone Field,recover-20220825,002,1795
1748.2975,1748.3388,68437,82569,Rhinolophus ferrumequinum,0.024,0.024,-1,Echolocation,/mnt/ubna_data_01_mir/recover-20220825/UBNA_002/20220823_033000.WAV,Telephone Field,recover-20220825,002,1795
1748.3015,1748.3111,33203,40003,Barbastellus barbastellus,0.011,0.032,-1,Echolocation,/mnt/ubna_data_01_mir/recover-20220825/UBNA_002/20220823_033000.WAV,Telephone Field,recover-20220825,002,1795
1748.3405,1748.378,68437,82220,Rhinolophus ferrumequinum,0.022,0.022,-1,Echolocation,/mnt/ubna_data_01_mir/recover-20220825/UBNA_002/20220823_033000.WAV,Telephone Field,recover-20220825,002,1795
1748.3435,1748.3507,32343,42202,Myotis daubentonii,0.009,0.022,-1,Echolocation,/mnt/ubna_data_01_mir/recover-20220825/UBNA_002/20220823_033000.WAV,Telephone Field,recover-20220825,002,1795
1748.3525,1748.3925,68437,81528,Rhinolophus ferrumequinum,0.021,0.021,-1,Echolocation,/mnt/ubna_data_01_mir/recover-20220825/UBNA_002/20220823_033000.WAV,Telephone Field,recover-20220825,002,1795
1748.3595,1748.3664,27187,37814,Eptesicus serotinus,0.006,0.021,-1,Echolocation,/mnt/ubna_data_01_mir/recover-20220825/UBNA_002/20220823_033000.WAV,Telephone Field,recover-20220825,002,1795
1748.3745,1748.4133,68437,81770,Rhinolophus ferrumequinum,0.022,0.022,-1,Echolocation,/mnt/ubna_data_01_mir/recover-20220825/UBNA_002/20220823_033000.WAV,Telephone Field,recover-20220825,002,1795
1748.3795,1748.3878,30625,40532,Eptesicus serotinus,0.022,0.049,-1,Echolocation,/mnt/ubna_data_01_mir/recover-20220825/UBNA_002/20220823_033000.WAV,Telephone Field,recover-20220825,002,1795
1748.4155,1748.4584,68437,83010,Rhinolophus ferrumequinum,0.04,0.04,-1,Echolocation,/mnt/ubna_data_01_mir/recover-20220825/UBNA_002/20220823_033000.WAV,Telephone Field,recover-20220825,002,1795
1748.4335,1748.441,28046,37386,Eptesicus serotinus,0.009,0.025,-1,Echolocation,/mnt/ubna_data_01_mir/recover-20220825/UBNA_002/20220823_033000.WAV,Telephone Field,recover-20220825,002,1795
1748.4395,1748.4784,68437,82275,Rhinolophus ferrumequinum,0.021,0.021,-1,Echolocation,/mnt/ubna_data_01_mir/recover-20220825/UBNA_002/20220823_033000.WAV,Telephone Field,recover-20220825,002,1795
1748.4665,1748.5025,68437,81130,Rhinolophus ferrumequinum,0.03,0.03,-1,Echolocation,/mnt/ubna_data_01_mir/recover-20220825/UBNA_002/20220823_033000.WAV,Telephone Field,recover-20220825,002,1795
1748.4905,1748.4996,28046,36795,Eptesicus serotinus,0.009,0.021,-1,Echolocation,/mnt/ubna_data_01_mir/recover-20220825/UBNA_002/20220823_033000.WAV,Telephone Field,recover-20220825,002,1795
1748.5335,1748.578,68437,83088,Rhinolophus ferrumequinum,0.039,0.039,-1,Echolocation,/mnt/ubna_data_01_mir/recover-20220825/UBNA_002/20220823_033000.WAV,Telephone Field,recover-20220825,002,1795
1748.5905,1748.5977,23750,32536,Plecotus austriacus,0.008,0.022,-1,Echolocation,/mnt/ubna_data_01_mir/recover-20220825/UBNA_002/20220823_033000.WAV,Telephone Field,recover-20220825,002,1795
1748.6295,1748.6402,27187,35477,Eptesicus serotinus,0.012,0.024,-1,Echolocation,/mnt/ubna_data_01_mir/recover-20220825/UBNA_002/20220823_033000.WAV,Telephone Field,recover-20220825,002,1795
1748.6405,1748.647,28046,40163,Eptesicus serotinus,0.009,0.03,-1,Echolocation,/mnt/ubna_data_01_mir/recover-20220825/UBNA_002/20220823_033000.WAV,Telephone Field,recover-20220825,002,1795
1748.6905,1748.7012,23750,30099,Nyctalus leisleri,0.008,0.021,-1,Echolocation,/mnt/ubna_data_01_mir/recover-20220825/UBNA_002/20220823_033000.WAV,Telephone Field,recover-20220825,002,1795
1748.7595,1748.7967,68437,81253,Rhinolophus ferrumequinum,0.023,0.023,-1,Echolocation,/mnt/ubna_data_01_mir/recover-20220825/UBNA_002/20220823_033000.WAV,Telephone Field,recover-20220825,002,1795
1748.7635,1748.773,23750,30784,Nyctalus leisleri,0.008,0.022,-1,Echolocation,/mnt/ubna_data_01_mir/recover-20220825/UBNA_002/20220823_033000.WAV,Telephone Field,recover-20220825,002,1795
1748.7975,1748.8054,25468,33941,Eptesicus serotinus,0.006,0.022,-1,Echolocation,/mnt/ubna_data_01_mir/recover-20220825/UBNA_002/20220823_033000.WAV,Telephone Field,recover-20220825,002,1795
1748.8135,1748.8268,22031,25493,Nyctalus leisleri,0.014,0.024,-1,Echolocation,/mnt/ubna_data_01_mir/recover-20220825/UBNA_002/20220823_033000.WAV,Telephone Field,recover-20220825,002,1795
1748.8345,1748.8428,27187,38137,Eptesicus serotinus,0.008,0.022,-1,Echolocation,/mnt/ubna_data_01_mir/recover-20220825/UBNA_002/20220823_033000.WAV,Telephone Field,recover-20220825,002,1795
1748.8525,1748.8617,15156,21306,Plecotus auritus,0.011,0.022,-1,Echolocation,/mnt/ubna_data_01_mir/recover-20220825/UBNA_002/20220823_033000.WAV,Telephone Field,recover-20220825,002,1795
1748.8535,1748.8908,68437,82139,Rhinolophus ferrumequinum,0.021,0.021,-1,Echolocation,/mnt/ubna_data_01_mir/recover-20220825/UBNA_002/20220823_033000.WAV,Telephone Field,recover-20220825,002,1795
1748.8785,1748.9172,68437,82023,Rhinolophus ferrumequinum,0.021,0.021,-1,Echolocation,/mnt/ubna_data_01_mir/recover-20220825/UBNA_002/20220823_033000.WAV,Telephone Field,recover-20220825,002,1795
1748.8825,1748.8925,22890,28655,Nyctalus leisleri,0.009,0.023,-1,Echolocation,/mnt/ubna_data_01_mir/recover-20220825/UBNA_002/20220823_033000.WAV,Telephone Field,recover-20220825,002,1795
1748.9145,1748.9516,68437,81688,Rhinolophus ferrumequinum,0.023,0.023,-1,Echolocation,/mnt/ubna_data_01_mir/recover-20220825/UBNA_002/20220823_033000.WAV,Telephone Field,recover-20220825,002,1795
1748.9365,1748.9748,68437,81957,Rhinolophus ferrumequinum,0.021,0.021,-1,Echolocation,/mnt/ubna_data_01_mir/recover-20220825/UBNA_002/20220823_033000.WAV,Telephone Field,recover-20220825,002,1795
1748.9625,1748.9767,23750,28756,Nyctalus leisleri,0.014,0.028,-1,Echolocation,/mnt/ubna_data_01_mir/recover-20220825/UBNA_002/20220823_033000.WAV,Telephone Field,recover-20220825,002,1795
1748.9715,1748.9789,29765,41271,Myotis daubentonii,0.007,0.021,-1,Echolocation,/mnt/ubna_data_01_mir/recover-20220825/UBNA_002/20220823_033000.WAV,Telephone Field,recover-20220825,002,1795
1748.9865,1748.9959,46093,51107,Pipistrellus pipistrellus,0.027,0.03,-1,Echolocation,/mnt/ubna_data_01_mir/recover-20220825/UBNA_002/20220823_033000.WAV,Telephone Field,recover-20220825,002,1795
1749.0065,1749.0135,28046,41271,Eptesicus serotinus,0.007,0.023,-1,Echolocation,/mnt/ubna_data_01_mir/recover-20220825/UBNA_002/20220823_033000.WAV,Telephone Field,recover-20220825,002,1795
1749.0195,1749.03,22890,28767,Nyctalus leisleri,0.014,0.034,-1,Echolocation,/mnt/ubna_data_01_mir/recover-20220825/UBNA_002/20220823_033000.WAV,Telephone Field,recover-20220825,002,1795
1749.0205,1749.03,40078,47308,Pipistrellus nathusii,0.01,0.025,-1,Echolocation,/mnt/ubna_data_01_mir/recover-20220825/UBNA_002/20220823_033000.WAV,Telephone Field,recover-20220825,002,1795
1749.0745,1749.0844,22890,28942,Nyctalus leisleri,0.008,0.022,-1,Echolocation,/mnt/ubna_data_01_mir/recover-20220825/UBNA_002/20220823_033000.WAV,Telephone Field,recover-20220825,002,1795
1749.0895,1749.0969,26328,36170,Eptesicus serotinus,0.007,0.022,-1,Echolocation,/mnt/ubna_data_01_mir/recover-20220825/UBNA_002/20220823_033000.WAV,Telephone Field,recover-20220825,002,1795
1749.0995,1749.1367,68437,82042,Rhinolophus ferrumequinum,0.021,0.021,-1,Echolocation,/mnt/ubna_data_01_mir/recover-20220825/UBNA_002/20220823_033000.WAV,Telephone Field,recover-20220825,002,1795
1749.1145,1749.1516,68437,81303,Rhinolophus ferrumequinum,0.022,0.022,-1,Echolocation,/mnt/ubna_data_01_mir/recover-20220825/UBNA_002/20220823_033000.WAV,Telephone Field,recover-20220825,002,1795
1749.1305,1749.1702,68437,82601,Rhinolophus ferrumequinum,0.021,0.021,-1,Echolocation,/mnt/ubna_data_01_mir/recover-20220825/UBNA_002/20220823_033000.WAV,Telephone Field,recover-20220825,002,1795
1749.1305,1749.1398,28046,37058,Eptesicus serotinus,0.014,0.03,-1,Echolocation,/mnt/ubna_data_01_mir/recover-20220825/UBNA_002/20220823_033000.WAV,Telephone Field,recover-20220825,002,1795
1749.1615,1749.1709,15156,20824,Nyctalus noctula,0.016,0.032,-1,Echolocation,/mnt/ubna_data_01_mir/recover-20220825/UBNA_002/20220823_033000.WAV,Telephone Field,recover-20220825,002,1795
1749.1715,1749.2076,68437,81130,Rhinolophus ferrumequinum,0.021,0.021,-1,Echolocation,/mnt/ubna_data_01_mir/recover-20220825/UBNA_002/20220823_033000.WAV,Telephone Field,recover-20220825,002,1795
1749.1785,1749.215,68437,81622,Rhinolophus ferrumequinum,0.021,0.022,-1,Echolocation,/mnt/ubna_data_01_mir/recover-20220825/UBNA_002/20220823_033000.WAV,Telephone Field,recover-20220825,002,1795
1749.2155,1749.2236,28046,40989,Eptesicus serotinus,0.008,0.023,-1,Echolocation,/mnt/ubna_data_01_mir/recover-20220825/UBNA_002/20220823_033000.WAV,Telephone Field,recover-20220825,002,1795
1749.2445,1749.2805,68437,81250,Rhinolophus ferrumequinum,0.021,0.021,-1,Echolocation,/mnt/ubna_data_01_mir/recover-20220825/UBNA_002/20220823_033000.WAV,Telephone Field,recover-20220825,002,1795
1749.2715,1749.3131,68437,82586,Rhinolophus ferrumequinum,0.023,0.023,-1,Echolocation,/mnt/ubna_data_01_mir/recover-20220825/UBNA_002/20220823_033000.WAV,Telephone Field,recover-20220825,002,1795
1749.2985,1749.308,28046,36641,Eptesicus serotinus,0.01,0.022,-1,Echolocation,/mnt/ubna_data_01_mir/recover-20220825/UBNA_002/20220823_033000.WAV,Telephone Field,recover-20220825,002,1795
1749.2995,1749.3362,68437,81528,Rhinolophus ferrumequinum,0.021,0.021,-1,Echolocation,/mnt/ubna_data_01_mir/recover-20220825/UBNA_002/20220823_033000.WAV,Telephone Field,recover-20220825,002,1795
1749.3475,1749.3556,27187,39766,Eptesicus serotinus,0.009,0.025,-1,Echolocation,/mnt/ubna_data_01_mir/recover-20220825/UBNA_002/20220823_033000.WAV,Telephone Field,recover-20220825,002,1795
1749.3765,1749.3834,34062,43724,Myotis daubentonii,0.016,0.038,-1,Echolocation,/mnt/ubna_data_01_mir/recover-20220825/UBNA_002/20220823_033000.WAV,Telephone Field,recover-20220825,002,1795
1749.3785,1749.3859,27187,39557,Eptesicus serotinus,0.012,0.039,-1,Echolocation,/mnt/ubna_data_01_mir/recover-20220825/UBNA_002/20220823_033000.WAV,Telephone Field,recover-20220825,002,1795
1749.4135,1749.4552,68437,83006,Rhinolophus ferrumequinum,0.029,0.029,-1,Echolocation,/mnt/ubna_data_01_mir/recover-20220825/UBNA_002/20220823_033000.WAV,Telephone Field,recover-20220825,002,1795
1749.4335,1749.4737,68437,82281,Rhinolophus ferrumequinum,0.024,0.024,-1,Echolocation,/mnt/ubna_data_01_mir/recover-20220825/UBNA_002/20220823_033000.WAV,Telephone Field,recover-20220825,002,1795
1749.4675,1749.4778,28906,36511,Eptesicus serotinus,0.012,0.027,-1,Echolocation,/mnt/ubna_data_01_mir/recover-20220825/UBNA_002/20220823_033000.WAV,Telephone Field,recover-20220825,002,1795
1749.5115,1749.5191,24609,33394,Plecotus austriacus,0.007,0.023,-1,Echolocation,/mnt/ubna_data_01_mir/recover-20220825/UBNA_002/20220823_033000.WAV,Telephone Field,recover-20220825,002,1795
1749.5405,1749.5816,68437,82566,Rhinolophus ferrumequinum,0.024,0.024,-1,Echolocation,/mnt/ubna_data_01_mir/recover-20220825/UBNA_002/20220823_033000.WAV,Telephone Field,recover-20220825,002,1795
1749.5415,1749.5498,48671,54946,Pipistrellus pipistrellus,0.02,0.022,-1,Echolocation,/mnt/ubna_data_01_mir/recover-20220825/UBNA_002/20220823_033000.WAV,Telephone Field,recover-20220825,002,1795
1749.5465,1749.5543,32343,43897,Myotis daubentonii,0.009,0.024,-1,Echolocation,/mnt/ubna_data_01_mir/recover-20220825/UBNA_002/20220823_033000.WAV,Telephone Field,recover-20220825,002,1795
1749.5585,1749.5954,68437,82329,Rhinolophus ferrumequinum,0.021,0.021,-1,Echolocation,/mnt/ubna_data_01_mir/recover-20220825/UBNA_002/20220823_033000.WAV,Telephone Field,recover-20220825,002,1795
1749.5975,1749.6362,68437,81949,Rhinolophus ferrumequinum,0.023,0.023,-1,Echolocation,/mnt/ubna_data_01_mir/recover-20220825/UBNA_002/20220823_033000.WAV,Telephone Field,recover-20220825,002,1795
1749.6475,1749.6877,68437,83302,Rhinolophus ferrumequinum,0.023,0.023,-1,Echolocation,/mnt/ubna_data_01_mir/recover-20220825/UBNA_002/20220823_033000.WAV,Telephone Field,recover-20220825,002,1795
1749.6565,1749.6629,47812,52562,Pipistrellus pipistrellus,0.023,0.025,-1,Echolocation,/mnt/ubna_data_01_mir/recover-20220825/UBNA_002/20220823_033000.WAV,Telephone Field,recover-20220825,002,1795
1749.6715,1749.7112,68437,82348,Rhinolophus ferrumequinum,0.023,0.023,-1,Echolocation,/mnt/ubna_data_01_mir/recover-20220825/UBNA_002/20220823_033000.WAV,Telephone Field,recover-20220825,002,1795
1749.6735,1749.6807,26328,40969,Eptesicus serotinus,0.007,0.023,-1,Echolocation,/mnt/ubna_data_01_mir/recover-20220825/UBNA_002/20220823_033000.WAV,Telephone Field,recover-20220825,002,1795
1749.7155,1749.7223,28046,38525,Eptesicus serotinus,0.008,0.027,-1,Echolocation,/mnt/ubna_data_01_mir/recover-20220825/UBNA_002/20220823_033000.WAV,Telephone Field,recover-20220825,002,1795
1749.7445,1749.7546,23750,29838,Nyctalus leisleri,0.009,0.025,-1,Echolocation,/mnt/ubna_data_01_mir/recover-20220825/UBNA_002/20220823_033000.WAV,Telephone Field,recover-20220825,002,1795
1749.7485,1749.7889,68437,82631,Rhinolophus ferrumequinum,0.022,0.022,-1,Echolocation,/mnt/ubna_data_01_mir/recover-20220825/UBNA_002/20220823_033000.WAV,Telephone Field,recover-20220825,002,1795
1749.7805,1749.7919,22031,27895,Nyctalus leisleri,0.016,0.042,-1,Echolocation,/mnt/ubna_data_01_mir/recover-20220825/UBNA_002/20220823_033000.WAV,Telephone Field,recover-20220825,002,1795
1749.8345,1749.8405,28046,43359,Eptesicus serotinus,0.011,0.039,-1,Echolocation,/mnt/ubna_data_01_mir/recover-20220825/UBNA_002/20220823_033000.WAV,Telephone Field,recover-20220825,002,1795
1749.8345,1749.84,34062,42101,Barbastellus barbastellus,0.018,0.041,-1,Echolocation,/mnt/ubna_data_01_mir/recover-20220825/UBNA_002/20220823_033000.WAV,Telephone Field,recover-20220825,002,1795
1749.8595,1749.8699,27187,34684,Eptesicus serotinus,0.013,0.024,-1,Echolocation,/mnt/ubna_data_01_mir/recover-20220825/UBNA_002/20220823_033000.WAV,Telephone Field,recover-20220825,002,1795
1749.8685,1749.906,68437,82520,Rhinolophus ferrumequinum,0.021,0.021,-1,Echolocation,/mnt/ubna_data_01_mir/recover-20220825/UBNA_002/20220823_033000.WAV,Telephone Field,recover-20220825,002,1795
1749.8865,1749.9257,68437,81777,Rhinolophus ferrumequinum,0.022,0.022,-1,Echolocation,/mnt/ubna_data_01_mir/recover-20220825/UBNA_002/20220823_033000.WAV,Telephone Field,recover-20220825,002,1795
1749.9055,1749.9435,68437,81901,Rhinolophus ferrumequinum,0.022,0.022,-1,Echolocation,/mnt/ubna_data_01_mir/recover-20220825/UBNA_002/20220823_033000.WAV,Telephone Field,recover-20220825,002,1795
1749.9275,1749.9656,68437,82006,Rhinolophus ferrumequinum,0.024,0.024,-1,Echolocation,/mnt/ubna_data_01_mir/recover-20220825/UBNA_002/20220823_033000.WAV,Telephone Field,recover-20220825,002,1795
1749.9425,1749.9792,68437,82363,Rhinolophus ferrumequinum,0.021,0.021,-1,Echolocation,/mnt/ubna_data_01_mir/recover-20220825/UBNA_002/20220823_033000.WAV,Telephone Field,recover-20220825,002,1795
1749.9755,1749.9823,32343,41854,Myotis daubentonii,0.008,0.023,-1,Echolocation,/mnt/ubna_data_01_mir/recover-20220825/UBNA_002/20220823_033000.WAV,Telephone Field,recover-20220825,002,1795
1750.0015,1750.0119,22031,27959,Nyctalus leisleri,0.024,0.051,-1,Echolocation,/mnt/ubna_data_01_mir/recover-20220825/UBNA_002/20220823_033000.WAV,Telephone Field,recover-20220825,002,1795
1750.0015,1750.0351,68437,79759,Rhinolophus ferrumequinum,0.037,0.037,-1,Echolocation,/mnt/ubna_data_01_mir/recover-20220825/UBNA_002/20220823_033000.WAV,Telephone Field,recover-20220825,002,1795
1750.0765,1750.1158,68437,82439,Rhinolophus ferrumequinum,0.025,0.025,-1,Echolocation,/mnt/ubna_data_01_mir/recover-20220825/UBNA_002/20220823_033000.WAV,Telephone Field,recover-20220825,002,1795
1750.1215,1750.1286,24609,33649,Plecotus austriacus,0.008,0.023,-1,Echolocation,/mnt/ubna_data_01_mir/recover-20220825/UBNA_002/20220823_033000.WAV,Telephone Field,recover-20220825,002,1795
1750.1815,1750.2168,68437,81182,Rhinolophus ferrumequinum,0.023,0.023,-1,Echolocation,/mnt/ubna_data_01_mir/recover-20220825/UBNA_002/20220823_033000.WAV,Telephone Field,recover-20220825,002,1795
1750.1985,1750.2058,28046,43060,Eptesicus serotinus,0.007,0.027,-1,Echolocation,/mnt/ubna_data_01_mir/recover-20220825/UBNA_002/20220823_033000.WAV,Telephone Field,recover-20220825,002,1795
1750.1995,1750.2055,36640,48981,Myotis daubentonii,0.011,0.023,-1,Echolocation,/mnt/ubna_data_01_mir/recover-20220825/UBNA_002/20220823_033000.WAV,Telephone Field,recover-20220825,002,1795
1750.1995,1750.237,68437,82243,Rhinolophus ferrumequinum,0.023,0.023,-1,Echolocation,/mnt/ubna_data_01_mir/recover-20220825/UBNA_002/20220823_033000.WAV,Telephone Field,recover-20220825,002,1795
1750.2265,1750.2632,68437,82356,Rhinolophus ferrumequinum,0.025,0.025,-1,Echolocation,/mnt/ubna_data_01_mir/recover-20220825/UBNA_002/20220823_033000.WAV,Telephone Field,recover-20220825,002,1795
1750.2495,1750.2582,23750,31382,Plecotus austriacus,0.007,0.023,-1,Echolocation,/mnt/ubna_data_01_mir/recover-20220825/UBNA_002/20220823_033000.WAV,Telephone Field,recover-20220825,002,1795
1750.2535,1750.2931,68437,82418,Rhinolophus ferrumequinum,0.024,0.024,-1,Echolocation,/mnt/ubna_data_01_mir/recover-20220825/UBNA_002/20220823_033000.WAV,Telephone Field,recover-20220825,002,1795
1750.2555,1750.2646,44375,48387,Pipistrellus pipistrellus,0.028,0.032,-1,Echolocation,/mnt/ubna_data_01_mir/recover-20220825/UBNA_002/20220823_033000.WAV,Telephone Field,recover-20220825,002,1795
1750.2585,1750.2975,68437,82292,Rhinolophus ferrumequinum,0.024,0.024,-1,Echolocation,/mnt/ubna_data_01_mir/recover-20220825/UBNA_002/20220823_033000.WAV,Telephone Field,recover-20220825,002,1795
1750.2915,1750.3018,23750,30315,Nyctalus leisleri,0.011,0.026,-1,Echolocation,/mnt/ubna_data_01_mir/recover-20220825/UBNA_002/20220823_033000.WAV,Telephone Field,recover-20220825,002,1795
1750.2985,1750.3388,68437,83035,Rhinolophus ferrumequinum,0.027,0.027,-1,Echolocation,/mnt/ubna_data_01_mir/recover-20220825/UBNA_002/20220823_033000.WAV,Telephone Field,recover-20220825,002,1795
1750.3265,1750.3353,23750,31436,Plecotus austriacus,0.006,0.022,-1,Echolocation,/mnt/ubna_data_01_mir/recover-20220825/UBNA_002/20220823_033000.WAV,Telephone Field,recover-20220825,002,1795
1750.3375,1750.3476,22890,28976,Nyctalus leisleri,0.009,0.022,-1,Echolocation,/mnt/ubna_data_01_mir/recover-20220825/UBNA_002/20220823_033000.WAV,Telephone Field,recover-20220825,002,1795
1750.3485,1750.3872,68437,82524,Rhinolophus ferrumequinum,0.022,0.022,-1,Echolocation,/mnt/ubna_data_01_mir/recover-20220825/UBNA_002/20220823_033000.WAV,Telephone Field,recover-20220825,002,1795
1750.3625,1750.3692,23750,35709,Plecotus austriacus,0.015,0.032,-1,Echolocation,/mnt/ubna_data_01_mir/recover-20220825/UBNA_002/20220823_033000.WAV,Telephone Field,recover-20220825,002,1795
1750.3795,1750.4179,68437,82636,Rhinolophus ferrumequinum,0.026,0.026,-1,Echolocation,/mnt/ubna_data_01_mir/recover-20220825/UBNA_002/20220823_033000.WAV,Telephone Field,recover-20220825,002,1795
1750.3885,1750.4309,68437,83078,Rhinolophus ferrumequinum,0.027,0.027,-1,Echolocation,/mnt/ubna_data_01_mir/recover-20220825/UBNA_002/20220823_033000.WAV,Telephone Field,recover-20220825,002,1795
1750.4115,1750.448,68437,82006,Rhinolophus ferrumequinum,0.022,0.022,-1,Echolocation,/mnt/ubna_data_01_mir/recover-20220825/UBNA_002/20220823_033000.WAV,Telephone Field,recover-20220825,002,1795
1750.4505,1750.4579,50390,57647,Pipistrellus pipistrellus,0.019,0.023,-1,Echolocation,/mnt/ubna_data_01_mir/recover-20220825/UBNA_002/20220823_033000.WAV,Telephone Field,recover-20220825,002,1795
1750.4555,1750.4622,28046,40581,Eptesicus serotinus,0.006,0.025,-1,Echolocation,/mnt/ubna_data_01_mir/recover-20220825/UBNA_002/20220823_033000.WAV,Telephone Field,recover-20220825,002,1795
1750.4655,1750.5057,68437,82962,Rhinolophus ferrumequinum,0.034,0.034,-1,Echolocation,/mnt/ubna_data_01_mir/recover-20220825/UBNA_002/20220823_033000.WAV,Telephone Field,recover-20220825,002,1795
1750.5295,1750.568,68437,81834,Rhinolophus ferrumequinum,0.024,0.024,-1,Echolocation,/mnt/ubna_data_01_mir/recover-20220825/UBNA_002/20220823_033000.WAV,Telephone Field,recover-20220825,002,1795
1750.5635,1750.6027,68437,82658,Rhinolophus ferrumequinum,0.024,0.024,-1,Echolocation,/mnt/ubna_data_01_mir/recover-20220825/UBNA_002/20220823_033000.WAV,Telephone Field,recover-20220825,002,1795
1750.6035,1750.6394,68437,82375,Rhinolophus ferrumequinum,0.026,0.026,-1,Echolocation,/mnt/ubna_data_01_mir/recover-20220825/UBNA_002/20220823_033000.WAV,Telephone Field,recover-20220825,002,1795
1750.6065,1750.617,22890,28446,Nyctalus leisleri,0.01,0.025,-1,Echolocation,/mnt/ubna_data_01_mir/recover-20220825/UBNA_002/20220823_033000.WAV,Telephone Field,recover-20220825,002,1795
1750.6165,1750.6552,68437,81482,Rhinolophus ferrumequinum,0.024,0.024,-1,Echolocation,/mnt/ubna_data_01_mir/recover-20220825/UBNA_002/20220823_033000.WAV,Telephone Field,recover-20220825,002,1795
1750.6225,1750.6644000000001,68437,82431,Rhinolophus ferrumequinum,0.023,0.023,-1,Echolocation,/mnt/ubna_data_01_mir/recover-20220825/UBNA_002/20220823_033000.WAV,Telephone Field,recover-20220825,002,1795
1750.6335,1750.6751,68437,82523,Rhinolophus ferrumequinum,0.024,0.024,-1,Echolocation,/mnt/ubna_data_01_mir/recover-20220825/UBNA_002/20220823_033000.WAV,Telephone Field,recover-20220825,002,1795
1750.6695,1750.6769,31484,42738,Myotis daubentonii,0.008,0.022,-1,Echolocation,/mnt/ubna_data_01_mir/recover-20220825/UBNA_002/20220823_033000.WAV,Telephone Field,recover-20220825,002,1795
1750.6995,1750.7053,25468,40909,Myotis nattereri,0.008,0.028,-1,Echolocation,/mnt/ubna_data_01_mir/recover-20220825/UBNA_002/20220823_033000.WAV,Telephone Field,recover-20220825,002,1795
1750.7185,1750.7262,27187,37560,Eptesicus serotinus,0.006,0.022,-1,Echolocation,/mnt/ubna_data_01_mir/recover-20220825/UBNA_002/20220823_033000.WAV,Telephone Field,recover-20220825,002,1795
1750.7315,1750.7697,68437,82261,Rhinolophus ferrumequinum,0.023,0.023,-1,Echolocation,/mnt/ubna_data_01_mir/recover-20220825/UBNA_002/20220823_033000.WAV,Telephone Field,recover-20220825,002,1795
1750.7515,1750.7898,68437,82030,Rhinolophus ferrumequinum,0.028,0.028,-1,Echolocation,/mnt/ubna_data_01_mir/recover-20220825/UBNA_002/20220823_033000.WAV,Telephone Field,recover-20220825,002,1795
1750.7745,1750.7828,23750,31151,Plecotus austriacus,0.01,0.027,-1,Echolocation,/mnt/ubna_data_01_mir/recover-20220825/UBNA_002/20220823_033000.WAV,Telephone Field,recover-20220825,002,1795
1750.7805,1750.8213,68437,82484,Rhinolophus ferrumequinum,0.029,0.029,-1,Echolocation,/mnt/ubna_data_01_mir/recover-20220825/UBNA_002/20220823_033000.WAV,Telephone Field,recover-20220825,002,1795
1750.8185,1750.8588,68437,82773,Rhinolophus ferrumequinum,0.025,0.025,-1,Echolocation,/mnt/ubna_data_01_mir/recover-20220825/UBNA_002/20220823_033000.WAV,Telephone Field,recover-20220825,002,1795
1750.8355,1750.8757,68437,82212,Rhinolophus ferrumequinum,0.023,0.023,-1,Echolocation,/mnt/ubna_data_01_mir/recover-20220825/UBNA_002/20220823_033000.WAV,Telephone Field,recover-20220825,002,1795
1750.8575,1750.8669,23750,31168,Nyctalus leisleri,0.007,0.023,-1,Echolocation,/mnt/ubna_data_01_mir/recover-20220825/UBNA_002/20220823_033000.WAV,Telephone Field,recover-20220825,002,1795
1750.8785,1750.9162,68437,81969,Rhinolophus ferrumequinum,0.029,0.029,-1,Echolocation,/mnt/ubna_data_01_mir/recover-20220825/UBNA_002/20220823_033000.WAV,Telephone Field,recover-20220825,002,1795
1750.8975,1750.9074,23750,30608,Nyctalus leisleri,0.009,0.022,-1,Echolocation,/mnt/ubna_data_01_mir/recover-20220825/UBNA_002/20220823_033000.WAV,Telephone Field,recover-20220825,002,1795
1750.9255,1750.9644,68437,82719,Rhinolophus ferrumequinum,0.023,0.023,-1,Echolocation,/mnt/ubna_data_01_mir/recover-20220825/UBNA_002/20220823_033000.WAV,Telephone Field,recover-20220825,002,1795
1750.9315,1750.9706,68437,82226,Rhinolophus ferrumequinum,0.022,0.022,-1,Echolocation,/mnt/ubna_data_01_mir/recover-20220825/UBNA_002/20220823_033000.WAV,Telephone Field,recover-20220825,002,1795
1750.9585,1750.9979,68437,82399,Rhinolophus ferrumequinum,0.025,0.025,-1,Echolocation,/mnt/ubna_data_01_mir/recover-20220825/UBNA_002/20220823_033000.WAV,Telephone Field,recover-20220825,002,1795
1750.9755,1750.9835,46093,53509,Pipistrellus pipistrellus,0.024,0.025,-1,Echolocation,/mnt/ubna_data_01_mir/recover-20220825/UBNA_002/20220823_033000.WAV,Telephone Field,recover-20220825,002,1795
1750.9935,1751.0325,68437,81868,Rhinolophus ferrumequinum,0.023,0.023,-1,Echolocation,/mnt/ubna_data_01_mir/recover-20220825/UBNA_002/20220823_033000.WAV,Telephone Field,recover-20220825,002,1795
1751.0165,1751.0234,28046,40950,Eptesicus serotinus,0.008,0.025,-1,Echolocation,/mnt/ubna_data_01_mir/recover-20220825/UBNA_002/20220823_033000.WAV,Telephone Field,recover-20220825,002,1795
1751.0455,1751.0545,24609,33187,Plecotus austriacus,0.007,0.026,-1,Echolocation,/mnt/ubna_data_01_mir/recover-20220825/UBNA_002/20220823_033000.WAV,Telephone Field,recover-20220825,002,1795
1751.0505,1751.0864,68437,81399,Rhinolophus ferrumequinum,0.022,0.022,-1,Echolocation,/mnt/ubna_data_01_mir/recover-20220825/UBNA_002/20220823_033000.WAV,Telephone Field,recover-20220825,002,1795
1751.0545,1751.0637,28906,36817,Eptesicus serotinus,0.011,0.027,-1,Echolocation,/mnt/ubna_data_01_mir/recover-20220825/UBNA_002/20220823_033000.WAV,Telephone Field,recover-20220825,002,1795
1751.1455,1751.1818,68437,81784,Rhinolophus ferrumequinum,0.024,0.024,-1,Echolocation,/mnt/ubna_data_01_mir/recover-20220825/UBNA_002/20220823_033000.WAV,Telephone Field,recover-20220825,002,1795
1751.1525,1751.187,68437,81679,Rhinolophus ferrumequinum,0.024,0.024,-1,Echolocation,/mnt/ubna_data_01_mir/recover-20220825/UBNA_002/20220823_033000.WAV,Telephone Field,recover-20220825,002,1795
1751.2055,1751.2424,68437,81671,Rhinolophus ferrumequinum,0.023,0.024,-1,Echolocation,/mnt/ubna_data_01_mir/recover-20220825/UBNA_002/20220823_033000.WAV,Telephone Field,recover-20220825,002,1795
1751.2275,1751.2352,22031,29596,Plecotus austriacus,0.014,0.024,-1,Echolocation,/mnt/ubna_data_01_mir/recover-20220825/UBNA_002/20220823_033000.WAV,Telephone Field,recover-20220825,002,1795
1751.2825,1751.3161,68437,80728,Rhinolophus ferrumequinum,0.022,0.023,-1,Echolocation,/mnt/ubna_data_01_mir/recover-20220825/UBNA_002/20220823_033000.WAV,Telephone Field,recover-20220825,002,1795
1751.3115,1751.3486,68437,81845,Rhinolophus ferrumequinum,0.024,0.024,-1,Echolocation,/mnt/ubna_data_01_mir/recover-20220825/UBNA_002/20220823_033000.WAV,Telephone Field,recover-20220825,002,1795
1751.3275,1751.3647,68437,82084,Rhinolophus ferrumequinum,0.028,0.028,-1,Echolocation,/mnt/ubna_data_01_mir/recover-20220825/UBNA_002/20220823_033000.WAV,Telephone Field,recover-20220825,002,1795
1751.3715,1751.3934,18593,21304,Nyctalus noctula,0.016,0.029,-1,Echolocation,/mnt/ubna_data_01_mir/recover-20220825/UBNA_002/20220823_033000.WAV,Telephone Field,recover-20220825,002,1795
1751.4145,1751.4491,68437,81112,Rhinolophus ferrumequinum,0.022,0.022,-1,Echolocation,/mnt/ubna_data_01_mir/recover-20220825/UBNA_002/20220823_033000.WAV,Telephone Field,recover-20220825,002,1795
1751.4455,1751.4848,68437,82574,Rhinolophus ferrumequinum,0.024,0.024,-1,Echolocation,/mnt/ubna_data_01_mir/recover-20220825/UBNA_002/20220823_033000.WAV,Telephone Field,recover-20220825,002,1795
1751.4605,1751.4673,47812,52853,Pipistrellus pipistrellus,0.031,0.032,-1,Echolocation,/mnt/ubna_data_01_mir/recover-20220825/UBNA_002/20220823_033000.WAV,Telephone Field,recover-20220825,002,1795
1751.5225,1751.5321,22031,27567,Nyctalus leisleri,0.008,0.022,-1,Echolocation,/mnt/ubna_data_01_mir/recover-20220825/UBNA_002/20220823_033000.WAV,Telephone Field,recover-20220825,002,1795
1751.5595,1751.5679,28906,40410,Eptesicus serotinus,0.01,0.033,-1,Echolocation,/mnt/ubna_data_01_mir/recover-20220825/UBNA_002/20220823_033000.WAV,Telephone Field,recover-20220825,002,1795
1751.5705,1751.5808,28906,36357,Eptesicus serotinus,0.008,0.022,-1,Echolocation,/mnt/ubna_data_01_mir/recover-20220825/UBNA_002/20220823_033000.WAV,Telephone Field,recover-20220825,002,1795
1751.6085,1751.6146,26328,41996,Myotis nattereri,0.006,0.026,-1,Echolocation,/mnt/ubna_data_01_mir/recover-20220825/UBNA_002/20220823_033000.WAV,Telephone Field,recover-20220825,002,1795
1751.6185,1751.6301,22890,27717,Nyctalus leisleri,0.015,0.028,-1,Echolocation,/mnt/ubna_data_01_mir/recover-20220825/UBNA_002/20220823_033000.WAV,Telephone Field,recover-20220825,002,1795
1751.6475,1751.6856,68437,81116,Rhinolophus ferrumequinum,0.022,0.023,-1,Echolocation,/mnt/ubna_data_01_mir/recover-20220825/UBNA_002/20220823_033000.WAV,Telephone Field,recover-20220825,002,1795
1751.6705,1751.7133,68437,83381,Rhinolophus ferrumequinum,0.045,0.045,-1,Echolocation,/mnt/ubna_data_01_mir/recover-20220825/UBNA_002/20220823_033000.WAV,Telephone Field,recover-20220825,002,1795
1751.7235,1751.7659,68437,82701,Rhinolophus ferrumequinum,0.063,0.063,-1,Echolocation,/mnt/ubna_data_01_mir/recover-20220825/UBNA_002/20220823_033000.WAV,Telephone Field,recover-20220825,002,1795
1751.7545,1751.7634,22890,30374,Plecotus austriacus,0.011,0.026,-1,Echolocation,/mnt/ubna_data_01_mir/recover-20220825/UBNA_002/20220823_033000.WAV,Telephone Field,recover-20220825,002,1795
1751.7755,1751.7825,27187,35965,Eptesicus serotinus,0.01,0.032,-1,Echolocation,/mnt/ubna_data_01_mir/recover-20220825/UBNA_002/20220823_033000.WAV,Telephone Field,recover-20220825,002,1795
1751.8185,1751.8425,65859,73306,Pipistrellus pygmaeus,0.027,0.029,-1,Echolocation,/mnt/ubna_data_01_mir/recover-20220825/UBNA_002/20220823_033000.WAV,Telephone Field,recover-20220825,002,1795
1751.8285,1751.8362,23750,31474,Plecotus austriacus,0.01,0.024,-1,Echolocation,/mnt/ubna_data_01_mir/recover-20220825/UBNA_002/20220823_033000.WAV,Telephone Field,recover-20220825,002,1795
1751.8575,1751.8663,22890,30907,Plecotus austriacus,0.013,0.034,-1,Echolocation,/mnt/ubna_data_01_mir/recover-20220825/UBNA_002/20220823_033000.WAV,Telephone Field,recover-20220825,002,1795
1751.8835,1751.8907,28046,37831,Eptesicus serotinus,0.009,0.028,-1,Echolocation,/mnt/ubna_data_01_mir/recover-20220825/UBNA_002/20220823_033000.WAV,Telephone Field,recover-20220825,002,1795
1751.9055,1751.9152,24609,32692,Eptesicus serotinus,0.007,0.022,-1,Echolocation,/mnt/ubna_data_01_mir/recover-20220825/UBNA_002/20220823_033000.WAV,Telephone Field,recover-20220825,002,1795
1751.9285,1751.9661,68437,82550,Rhinolophus ferrumequinum,0.029,0.03,-1,Echolocation,/mnt/ubna_data_01_mir/recover-20220825/UBNA_002/20220823_033000.WAV,Telephone Field,recover-20220825,002,1795
1751.9395,1751.9759,68437,82012,Rhinolophus ferrumequinum,0.023,0.023,-1,Echolocation,/mnt/ubna_data_01_mir/recover-20220825/UBNA_002/20220823_033000.WAV,Telephone Field,recover-20220825,002,1795
1751.9485,1751.9577,28046,36756,Eptesicus serotinus,0.01,0.023,-1,Echolocation,/mnt/ubna_data_01_mir/recover-20220825/UBNA_002/20220823_033000.WAV,Telephone Field,recover-20220825,002,1795
1751.9665,1751.9767,27187,35900,Eptesicus serotinus,0.01,0.022,-1,Echolocation,/mnt/ubna_data_01_mir/recover-20220825/UBNA_002/20220823_033000.WAV,Telephone Field,recover-20220825,002,1795
1752.0015,1752.0154,20312,24267,Nyctalus leisleri,0.032,0.056,-1,Echolocation,/mnt/ubna_data_01_mir/recover-20220825/UBNA_002/20220823_033000.WAV,Telephone Field,recover-20220825,002,1795
1752.0015,1752.0352,69296,81562,Rhinolophus ferrumequinum,0.05,0.05,-1,Echolocation,/mnt/ubna_data_01_mir/recover-20220825/UBNA_002/20220823_033000.WAV,Telephone Field,recover-20220825,002,1795
1752.0035,1752.0113,51250,54943,Pipistrellus pygmaeus,0.017,0.029,-1,Echolocation,/mnt/ubna_data_01_mir/recover-20220825/UBNA_002/20220823_033000.WAV,Telephone Field,recover-20220825,002,1795
1752.0185,1752.0527,68437,82598,Rhinolophus ferrumequinum,0.022,0.022,-1,Echolocation,/mnt/ubna_data_01_mir/recover-20220825/UBNA_002/20220823_033000.WAV,Telephone Field,recover-20220825,002,1795
1752.0385,1752.0472,22031,28837,Plecotus austriacus,0.009,0.023,-1,Echolocation,/mnt/ubna_data_01_mir/recover-20220825/UBNA_002/20220823_033000.WAV,Telephone Field,recover-20220825,002,1795
1752.0415,1752.0771,68437,81200,Rhinolophus ferrumequinum,0.022,0.022,-1,Echolocation,/mnt/ubna_data_01_mir/recover-20220825/UBNA_002/20220823_033000.WAV,Telephone Field,recover-20220825,002,1795
1752.0495,1752.0576,28046,41666,Eptesicus serotinus,0.009,0.023,-1,Echolocation,/mnt/ubna_data_01_mir/recover-20220825/UBNA_002/20220823_033000.WAV,Telephone Field,recover-20220825,002,1795
1752.0685,1752.0778,25468,33024,Nyctalus leisleri,0.008,0.026,-1,Echolocation,/mnt/ubna_data_01_mir/recover-20220825/UBNA_002/20220823_033000.WAV,Telephone Field,recover-20220825,002,1795
1752.0845,1752.1229,68437,82279,Rhinolophus ferrumequinum,0.031,0.031,-1,Echolocation,/mnt/ubna_data_01_mir/recover-20220825/UBNA_002/20220823_033000.WAV,Telephone Field,recover-20220825,002,1795
1752.1035,1752.143,68437,82617,Rhinolophus ferrumequinum,0.025,0.025,-1,Echolocation,/mnt/ubna_data_01_mir/recover-20220825/UBNA_002/20220823_033000.WAV,Telephone Field,recover-20220825,002,1795
1752.1175,1752.1545,68437,81749,Rhinolophus ferrumequinum,0.023,0.023,-1,Echolocation,/mnt/ubna_data_01_mir/recover-20220825/UBNA_002/20220823_033000.WAV,Telephone Field,recover-20220825,002,1795
1752.1585,1752.1693,24609,30714,Nyctalus leisleri,0.01,0.028,-1,Echolocation,/mnt/ubna_data_01_mir/recover-20220825/UBNA_002/20220823_033000.WAV,Telephone Field,recover-20220825,002,1795
1752.1635,1752.2043,68437,83529,Rhinolophus ferrumequinum,0.029,0.029,-1,Echolocation,/mnt/ubna_data_01_mir/recover-20220825/UBNA_002/20220823_033000.WAV,Telephone Field,recover-20220825,002,1795
1752.2065,1752.2464,68437,82884,Rhinolophus ferrumequinum,0.022,0.022,-1,Echolocation,/mnt/ubna_data_01_mir/recover-20220825/UBNA_002/20220823_033000.WAV,Telephone Field,recover-20220825,002,1795
1752.2385,1752.2504,37500,42744,Pipistrellus nathusii,0.019,0.031,-1,Echolocation,/mnt/ubna_data_01_mir/recover-20220825/UBNA_002/20220823_033000.WAV,Telephone Field,recover-20220825,002,1795
1752.2385,1752.2774,68437,82426,Rhinolophus ferrumequinum,0.023,0.023,-1,Echolocation,/mnt/ubna_data_01_mir/recover-20220825/UBNA_002/20220823_033000.WAV,Telephone Field,recover-20220825,002,1795
1752.2585,1752.2986,68437,82748,Rhinolophus ferrumequinum,0.023,0.023,-1,Echolocation,/mnt/ubna_data_01_mir/recover-20220825/UBNA_002/20220823_033000.WAV,Telephone Field,recover-20220825,002,1795
1752.2615,1752.2683,28906,43876,Eptesicus serotinus,0.007,0.024,-1,Echolocation,/mnt/ubna_data_01_mir/recover-20220825/UBNA_002/20220823_033000.WAV,Telephone Field,recover-20220825,002,1795
1752.2845,1752.2993,21171,24758,Nyctalus leisleri,0.016,0.026,-1,Echolocation,/mnt/ubna_data_01_mir/recover-20220825/UBNA_002/20220823_033000.WAV,Telephone Field,recover-20220825,002,1795
1752.2925,1752.3317,68437,82718,Rhinolophus ferrumequinum,0.025,0.025,-1,Echolocation,/mnt/ubna_data_01_mir/recover-20220825/UBNA_002/20220823_033000.WAV,Telephone Field,recover-20220825,002,1795
1752.3335,1752.3742,68437,82837,Rhinolophus ferrumequinum,0.024,0.024,-1,Echolocation,/mnt/ubna_data_01_mir/recover-20220825/UBNA_002/20220823_033000.WAV,Telephone Field,recover-20220825,002,1795
1752.4085,1752.4155,27187,43326,Eptesicus serotinus,0.005,0.022,-1,Echolocation,/mnt/ubna_data_01_mir/recover-20220825/UBNA_002/20220823_033000.WAV,Telephone Field,recover-20220825,002,1795
1752.4085,1752.4175,22890,30296,Plecotus austriacus,0.008,0.022,-1,Echolocation,/mnt/ubna_data_01_mir/recover-20220825/UBNA_002/20220823_033000.WAV,Telephone Field,recover-20220825,002,1795
1752.4095,1752.4525,68437,82826,Rhinolophus ferrumequinum,0.041,0.041,-1,Echolocation,/mnt/ubna_data_01_mir/recover-20220825/UBNA_002/20220823_033000.WAV,Telephone Field,recover-20220825,002,1795
1752.4425,1752.4524,28906,37218,Eptesicus serotinus,0.015,0.028,-1,Echolocation,/mnt/ubna_data_01_mir/recover-20220825/UBNA_002/20220823_033000.WAV,Telephone Field,recover-20220825,002,1795
1752.4475,1752.4848,68437,82360,Rhinolophus ferrumequinum,0.023,0.023,-1,Echolocation,/mnt/ubna_data_01_mir/recover-20220825/UBNA_002/20220823_033000.WAV,Telephone Field,recover-20220825,002,1795
1752.4715,1752.5108,68437,81921,Rhinolophus ferrumequinum,0.022,0.022,-1,Echolocation,/mnt/ubna_data_01_mir/recover-20220825/UBNA_002/20220823_033000.WAV,Telephone Field,recover-20220825,002,1795
1752.4735,1752.4828,22031,28848,Plecotus austriacus,0.009,0.024,-1,Echolocation,/mnt/ubna_data_01_mir/recover-20220825/UBNA_002/20220823_033000.WAV,Telephone Field,recover-20220825,002,1795
1752.5105,1752.5193,26328,35365,Eptesicus serotinus,0.009,0.022,-1,Echolocation,/mnt/ubna_data_01_mir/recover-20220825/UBNA_002/20220823_033000.WAV,Telephone Field,recover-20220825,002,1795
1752.5725,1752.6098,68437,81869,Rhinolophus ferrumequinum,0.026,0.026,-1,Echolocation,/mnt/ubna_data_01_mir/recover-20220825/UBNA_002/20220823_033000.WAV,Telephone Field,recover-20220825,002,1795
1752.6035,1752.6139,28906,36651,Eptesicus serotinus,0.012,0.026,-1,Echolocation,/mnt/ubna_data_01_mir/recover-20220825/UBNA_002/20220823_033000.WAV,Telephone Field,recover-20220825,002,1795
1752.6415,1752.6503,27187,37907,Eptesicus serotinus,0.01,0.023,-1,Echolocation,/mnt/ubna_data_01_mir/recover-20220825/UBNA_002/20220823_033000.WAV,Telephone Field,recover-20220825,002,1795
1752.6645,1752.6792,16015,20458,Nyctalus noctula,0.019,0.028,-1,Echolocation,/mnt/ubna_data_01_mir/recover-20220825/UBNA_002/20220823_033000.WAV,Telephone Field,recover-20220825,002,1795
1752.6775,1752.717,68437,82159,Rhinolophus ferrumequinum,0.022,0.022,-1,Echolocation,/mnt/ubna_data_01_mir/recover-20220825/UBNA_002/20220823_033000.WAV,Telephone Field,recover-20220825,002,1795
1752.7395,1752.7473,28046,41426,Eptesicus serotinus,0.009,0.025,-1,Echolocation,/mnt/ubna_data_01_mir/recover-20220825/UBNA_002/20220823_033000.WAV,Telephone Field,recover-20220825,002,1795
1752.7585,1752.771,23750,29629,Nyctalus leisleri,0.014,0.033,-1,Echolocation,/mnt/ubna_data_01_mir/recover-20220825/UBNA_002/20220823_033000.WAV,Telephone Field,recover-20220825,002,1795
1752.7865,1752.794,27187,39732,Eptesicus serotinus,0.007,0.022,-1,Echolocation,/mnt/ubna_data_01_mir/recover-20220825/UBNA_002/20220823_033000.WAV,Telephone Field,recover-20220825,002,1795
1752.8025,1752.8113,28046,39158,Eptesicus serotinus,0.009,0.022,-1,Echolocation,/mnt/ubna_data_01_mir/recover-20220825/UBNA_002/20220823_033000.WAV,Telephone Field,recover-20220825,002,1795
1752.8225,1752.8337,25468,32114,Eptesicus serotinus,0.011,0.025,-1,Echolocation,/mnt/ubna_data_01_mir/recover-20220825/UBNA_002/20220823_033000.WAV,Telephone Field,recover-20220825,002,1795
1752.8235,1752.866,68437,83212,Rhinolophus ferrumequinum,0.031,0.031,-1,Echolocation,/mnt/ubna_data_01_mir/recover-20220825/UBNA_002/20220823_033000.WAV,Telephone Field,recover-20220825,002,1795
1752.8815,1752.9218,68437,83376,Rhinolophus ferrumequinum,0.026,0.026,-1,Echolocation,/mnt/ubna_data_01_mir/recover-20220825/UBNA_002/20220823_033000.WAV,Telephone Field,recover-20220825,002,1795
1752.8855,1752.8974,24609,30742,Nyctalus leisleri,0.019,0.04,-1,Echolocation,/mnt/ubna_data_01_mir/recover-20220825/UBNA_002/20220823_033000.WAV,Telephone Field,recover-20220825,002,1795
1752.9525,1752.9922,68437,82451,Rhinolophus ferrumequinum,0.029,0.029,-1,Echolocation,/mnt/ubna_data_01_mir/recover-20220825/UBNA_002/20220823_033000.WAV,Telephone Field,recover-20220825,002,1795
1752.9785,1752.987,31484,43504,Eptesicus serotinus,0.008,0.031,-1,Echolocation,/mnt/ubna_data_01_mir/recover-20220825/UBNA_002/20220823_033000.WAV,Telephone Field,recover-20220825,002,1795
1752.9895,1753.0328,68437,83021,Rhinolophus ferrumequinum,0.025,0.025,-1,Echolocation,/mnt/ubna_data_01_mir/recover-20220825/UBNA_002/20220823_033000.WAV,Telephone Field,recover-20220825,002,1795
1753.0085,1753.0449,68437,82405,Rhinolophus ferrumequinum,0.028,0.028,-1,Echolocation,/mnt/ubna_data_01_mir/recover-20220825/UBNA_002/20220823_033000.WAV,Telephone Field,recover-20220825,002,1795
1753.0155,1753.0555,68437,82893,Rhinolophus ferrumequinum,0.03,0.03,-1,Echolocation,/mnt/ubna_data_01_mir/recover-20220825/UBNA_002/20220823_033000.WAV,Telephone Field,recover-20220825,002,1795
1753.0525,1753.0614,28046,37135,Eptesicus serotinus,0.008,0.023,-1,Echolocation,/mnt/ubna_data_01_mir/recover-20220825/UBNA_002/20220823_033000.WAV,Telephone Field,recover-20220825,002,1795
1753.0575,1753.1019000000001,68437,83816,Rhinolophus ferrumequinum,0.043,0.043,-1,Echolocation,/mnt/ubna_data_01_mir/recover-20220825/UBNA_002/20220823_033000.WAV,Telephone Field,recover-20220825,002,1795
1753.1035,1753.1411,68437,81988,Rhinolophus ferrumequinum,0.023,0.023,-1,Echolocation,/mnt/ubna_data_01_mir/recover-20220825/UBNA_002/20220823_033000.WAV,Telephone Field,recover-20220825,002,1795
1753.1515,1753.1641,23750,28562,Nyctalus leisleri,0.036,0.077,-1,Echolocation,/mnt/ubna_data_01_mir/recover-20220825/UBNA_002/20220823_033000.WAV,Telephone Field,recover-20220825,002,1795
1753.1905,1753.2289,68437,81947,Rhinolophus ferrumequinum,0.025,0.025,-1,Echolocation,/mnt/ubna_data_01_mir/recover-20220825/UBNA_002/20220823_033000.WAV,Telephone Field,recover-20220825,002,1795
1753.2525,1753.2883,68437,82077,Rhinolophus ferrumequinum,0.023,0.023,-1,Echolocation,/mnt/ubna_data_01_mir/recover-20220825/UBNA_002/20220823_033000.WAV,Telephone Field,recover-20220825,002,1795
1753.2875,1753.3276,68437,82674,Rhinolophus ferrumequinum,0.027,0.028,-1,Echolocation,/mnt/ubna_data_01_mir/recover-20220825/UBNA_002/20220823_033000.WAV,Telephone Field,recover-20220825,002,1795
1753.3045,1753.3125,27187,38666,Eptesicus serotinus,0.008,0.024,-1,Echolocation,/mnt/ubna_data_01_mir/recover-20220825/UBNA_002/20220823_033000.WAV,Telephone Field,recover-20220825,002,1795
1753.3555,1753.3649,22890,33006,Plecotus austriacus,0.008,0.025,-1,Echolocation,/mnt/ubna_data_01_mir/recover-20220825/UBNA_002/20220823_033000.WAV,Telephone Field,recover-20220825,002,1795
1753.3565,1753.362,28046,41905,Eptesicus serotinus,0.005,0.024,-1,Echolocation,/mnt/ubna_data_01_mir/recover-20220825/UBNA_002/20220823_033000.WAV,Telephone Field,recover-20220825,002,1795
1753.3715,1753.3906,17734,21878,Nyctalus noctula,0.016,0.025,-1,Echolocation,/mnt/ubna_data_01_mir/recover-20220825/UBNA_002/20220823_033000.WAV,Telephone Field,recover-20220825,002,1795
1753.3955,1753.4347,68437,82445,Rhinolophus ferrumequinum,0.027,0.027,-1,Echolocation,/mnt/ubna_data_01_mir/recover-20220825/UBNA_002/20220823_033000.WAV,Telephone Field,recover-20220825,002,1795
1753.4455,1753.484,68437,81792,Rhinolophus ferrumequinum,0.022,0.022,-1,Echolocation,/mnt/ubna_data_01_mir/recover-20220825/UBNA_002/20220823_033000.WAV,Telephone Field,recover-20220825,002,1795
1753.4755,1753.4846,26328,35632,Eptesicus serotinus,0.011,0.026,-1,Echolocation,/mnt/ubna_data_01_mir/recover-20220825/UBNA_002/20220823_033000.WAV,Telephone Field,recover-20220825,002,1795
1753.5455,1753.5826,68437,81822,Rhinolophus ferrumequinum,0.032,0.032,-1,Echolocation,/mnt/ubna_data_01_mir/recover-20220825/UBNA_002/20220823_033000.WAV,Telephone Field,recover-20220825,002,1795
1753.5805,1753.6204,68437,82861,Rhinolophus ferrumequinum,0.023,0.023,-1,Echolocation,/mnt/ubna_data_01_mir/recover-20220825/UBNA_002/20220823_033000.WAV,Telephone Field,recover-20220825,002,1795
1753.6105,1753.6213,23750,29119,Nyctalus leisleri,0.012,0.027,-1,Echolocation,/mnt/ubna_data_01_mir/recover-20220825/UBNA_002/20220823_033000.WAV,Telephone Field,recover-20220825,002,1795
1753.6275,1753.6351,28906,43242,Eptesicus serotinus,0.009,0.029,-1,Echolocation,/mnt/ubna_data_01_mir/recover-20220825/UBNA_002/20220823_033000.WAV,Telephone Field,recover-20220825,002,1795
1753.6595,1753.6958,68437,81816,Rhinolophus ferrumequinum,0.022,0.022,-1,Echolocation,/mnt/ubna_data_01_mir/recover-20220825/UBNA_002/20220823_033000.WAV,Telephone Field,recover-20220825,002,1795
1753.6925,1753.7266,68437,81300,Rhinolophus ferrumequinum,0.021,0.022,-1,Echolocation,/mnt/ubna_data_01_mir/recover-20220825/UBNA_002/20220823_033000.WAV,Telephone Field,recover-20220825,002,1795
1753.7395,1753.7799,68437,82872,Rhinolophus ferrumequinum,0.032,0.032,-1,Echolocation,/mnt/ubna_data_01_mir/recover-20220825/UBNA_002/20220823_033000.WAV,Telephone Field,recover-20220825,002,1795
1753.7415,1753.7486,23750,33122,Plecotus austriacus,0.011,0.024,-1,Echolocation,/mnt/ubna_data_01_mir/recover-20220825/UBNA_002/20220823_033000.WAV,Telephone Field,recover-20220825,002,1795
1753.7455,1753.7553,28906,38908,Eptesicus serotinus,0.012,0.025,-1,Echolocation,/mnt/ubna_data_01_mir/recover-20220825/UBNA_002/20220823_033000.WAV,Telephone Field,recover-20220825,002,1795
1753.7865,1753.8259,68437,81784,Rhinolophus ferrumequinum,0.023,0.023,-1,Echolocation,/mnt/ubna_data_01_mir/recover-20220825/UBNA_002/20220823_033000.WAV,Telephone Field,recover-20220825,002,1795
1753.7925,1753.8296,68437,82314,Rhinolophus ferrumequinum,0.022,0.022,-1,Echolocation,/mnt/ubna_data_01_mir/recover-20220825/UBNA_002/20220823_033000.WAV,Telephone Field,recover-20220825,002,1795
1753.8005,1753.8128,23750,29131,Nyctalus leisleri,0.014,0.028,-1,Echolocation,/mnt/ubna_data_01_mir/recover-20220825/UBNA_002/20220823_033000.WAV,Telephone Field,recover-20220825,002,1795
1753.8035,1753.8398,68437,82181,Rhinolophus ferrumequinum,0.022,0.022,-1,Echolocation,/mnt/ubna_data_01_mir/recover-20220825/UBNA_002/20220823_033000.WAV,Telephone Field,recover-20220825,002,1795
1753.8295,1753.8732,68437,83639,Rhinolophus ferrumequinum,0.028,0.028,-1,Echolocation,/mnt/ubna_data_01_mir/recover-20220825/UBNA_002/20220823_033000.WAV,Telephone Field,recover-20220825,002,1795
1753.8355,1753.8424,27187,39607,Eptesicus serotinus,0.007,0.024,-1,Echolocation,/mnt/ubna_data_01_mir/recover-20220825/UBNA_002/20220823_033000.WAV,Telephone Field,recover-20220825,002,1795
1753.8435,1753.8844,68437,83432,Rhinolophus ferrumequinum,0.032,0.032,-1,Echolocation,/mnt/ubna_data_01_mir/recover-20220825/UBNA_002/20220823_033000.WAV,Telephone Field,recover-20220825,002,1795
1753.8565,1753.8675,28906,36290,Eptesicus serotinus,0.015,0.026,-1,Echolocation,/mnt/ubna_data_01_mir/recover-20220825/UBNA_002/20220823_033000.WAV,Telephone Field,recover-20220825,002,1795
1753.9405,1753.9744,68437,81399,Rhinolophus ferrumequinum,0.022,0.022,-1,Echolocation,/mnt/ubna_data_01_mir/recover-20220825/UBNA_002/20220823_033000.WAV,Telephone Field,recover-20220825,002,1795
1753.9565,1753.9733,21171,24966,Nyctalus leisleri,0.014,0.026,-1,Echolocation,/mnt/ubna_data_01_mir/recover-20220825/UBNA_002/20220823_033000.WAV,Telephone Field,recover-20220825,002,1795
1753.9615,1753.9989,68437,82284,Rhinolophus ferrumequinum,0.023,0.023,-1,Echolocation,/mnt/ubna_data_01_mir/recover-20220825/UBNA_002/20220823_033000.WAV,Telephone Field,recover-20220825,002,1795
1754.0015,1754.0105,22031,27900,Nyctalus leisleri,0.009,0.024,-1,Echolocation,/mnt/ubna_data_01_mir/recover-20220825/UBNA_002/20220823_033000.WAV,Telephone Field,recover-20220825,002,1795
1754.0015,1754.0349,68437,80569,Rhinolophus ferrumequinum,0.038,0.038,-1,Echolocation,/mnt/ubna_data_01_mir/recover-20220825/UBNA_002/20220823_033000.WAV,Telephone Field,recover-20220825,002,1795
1754.0015,1754.0104,47812,52955,Pipistrellus pipistrellus,0.017,0.022,-1,Echolocation,/mnt/ubna_data_01_mir/recover-20220825/UBNA_002/20220823_033000.WAV,Telephone Field,recover-20220825,002,1795
1754.0095,1754.0538,68437,83034,Rhinolophus ferrumequinum,0.035,0.035,-1,Echolocation,/mnt/ubna_data_01_mir/recover-20220825/UBNA_002/20220823_033000.WAV,Telephone Field,recover-20220825,002,1795
1754.0135,1754.0213,27187,38099,Eptesicus serotinus,0.007,0.022,-1,Echolocation,/mnt/ubna_data_01_mir/recover-20220825/UBNA_002/20220823_033000.WAV,Telephone Field,recover-20220825,002,1795
1754.0315,1754.0702,68437,82725,Rhinolophus ferrumequinum,0.027,0.027,-1,Echolocation,/mnt/ubna_data_01_mir/recover-20220825/UBNA_002/20220823_033000.WAV,Telephone Field,recover-20220825,002,1795
1754.0435,1754.0546,36640,40865,Pipistrellus nathusii,0.036,0.081,-1,Echolocation,/mnt/ubna_data_01_mir/recover-20220825/UBNA_002/20220823_033000.WAV,Telephone Field,recover-20220825,002,1795
1754.0765,1754.1167,68437,82452,Rhinolophus ferrumequinum,0.02,0.02,-1,Echolocation,/mnt/ubna_data_01_mir/recover-20220825/UBNA_002/20220823_033000.WAV,Telephone Field,recover-20220825,002,1795
1754.0795,1754.091,48671,52956,Pipistrellus pipistrellus,0.017,0.023,-1,Echolocation,/mnt/ubna_data_01_mir/recover-20220825/UBNA_002/20220823_033000.WAV,Telephone Field,recover-20220825,002,1795
1754.0845,1754.09,27187,49029,Myotis nattereri,0.006,0.022,-1,Echolocation,/mnt/ubna_data_01_mir/recover-20220825/UBNA_002/20220823_033000.WAV,Telephone Field,recover-20220825,002,1795
1754.0925,1754.1241,68437,81774,Rhinolophus ferrumequinum,0.026,0.026,-1,Echolocation,/mnt/ubna_data_01_mir/recover-20220825/UBNA_002/20220823_033000.WAV,Telephone Field,recover-20220825,002,1795
1754.0935,1754.1018,28046,35968,Eptesicus serotinus,0.007,0.022,-1,Echolocation,/mnt/ubna_data_01_mir/recover-20220825/UBNA_002/20220823_033000.WAV,Telephone Field,recover-20220825,002,1795
1754.1675,1754.2078,68437,82430,Rhinolophus ferrumequinum,0.021,0.021,-1,Echolocation,/mnt/ubna_data_01_mir/recover-20220825/UBNA_002/20220823_033000.WAV,Telephone Field,recover-20220825,002,1795
1754.1675,1754.1766,25468,34151,Nyctalus leisleri,0.008,0.025,-1,Echolocation,/mnt/ubna_data_01_mir/recover-20220825/UBNA_002/20220823_033000.WAV,Telephone Field,recover-20220825,002,1795
1754.2085,1754.2466,68437,81690,Rhinolophus ferrumequinum,0.021,0.021,-1,Echolocation,/mnt/ubna_data_01_mir/recover-20220825/UBNA_002/20220823_033000.WAV,Telephone Field,recover-20220825,002,1795
1754.2445,1754.2829,68437,82997,Rhinolophus ferrumequinum,0.026,0.026,-1,Echolocation,/mnt/ubna_data_01_mir/recover-20220825/UBNA_002/20220823_033000.WAV,Telephone Field,recover-20220825,002,1795
1754.2615,1754.2719,28906,35591,Eptesicus serotinus,0.014,0.028,-1,Echolocation,/mnt/ubna_data_01_mir/recover-20220825/UBNA_002/20220823_033000.WAV,Telephone Field,recover-20220825,002,1795
1754.2885,1754.2991,22890,27402,Nyctalus leisleri,0.014,0.027,-1,Echolocation,/mnt/ubna_data_01_mir/recover-20220825/UBNA_002/20220823_033000.WAV,Telephone Field,recover-20220825,002,1795
1754.3165,1754.355,68437,82526,Rhinolophus ferrumequinum,0.024,0.024,-1,Echolocation,/mnt/ubna_data_01_mir/recover-20220825/UBNA_002/20220823_033000.WAV,Telephone Field,recover-20220825,002,1795
1754.3405,1754.3479,28046,38835,Eptesicus serotinus,0.007,0.022,-1,Echolocation,/mnt/ubna_data_01_mir/recover-20220825/UBNA_002/20220823_033000.WAV,Telephone Field,recover-20220825,002,1795
1754.3485,1754.3881,68437,82958,Rhinolophus ferrumequinum,0.035,0.035,-1,Echolocation,/mnt/ubna_data_01_mir/recover-20220825/UBNA_002/20220823_033000.WAV,Telephone Field,recover-20220825,002,1795
1754.3555,1754.3757,17734,21019,Nyctalus noctula,0.016,0.026,-1,Echolocation,/mnt/ubna_data_01_mir/recover-20220825/UBNA_002/20220823_033000.WAV,Telephone Field,recover-20220825,002,1795
1754.3925,1754.4342,68437,82908,Rhinolophus ferrumequinum,0.028,0.028,-1,Echolocation,/mnt/ubna_data_01_mir/recover-20220825/UBNA_002/20220823_033000.WAV,Telephone Field,recover-20220825,002,1795
1754.4005,1754.4378,68437,82582,Rhinolophus ferrumequinum,0.024,0.024,-1,Echolocation,/mnt/ubna_data_01_mir/recover-20220825/UBNA_002/20220823_033000.WAV,Telephone Field,recover-20220825,002,1795
1754.4175,1754.426,57265,62571,Pipistrellus pygmaeus,0.021,0.022,-1,Echolocation,/mnt/ubna_data_01_mir/recover-20220825/UBNA_002/20220823_033000.WAV,Telephone Field,recover-20220825,002,1795
1754.4355,1754.4428,27187,38104,Eptesicus serotinus,0.008,0.022,-1,Echolocation,/mnt/ubna_data_01_mir/recover-20220825/UBNA_002/20220823_033000.WAV,Telephone Field,recover-20220825,002,1795
1754.4365,1754.473,68437,81479,Rhinolophus ferrumequinum,0.021,0.021,-1,Echolocation,/mnt/ubna_data_01_mir/recover-20220825/UBNA_002/20220823_033000.WAV,Telephone Field,recover-20220825,002,1795
1754.4455,1754.4826,68437,81746,Rhinolophus ferrumequinum,0.022,0.022,-1,Echolocation,/mnt/ubna_data_01_mir/recover-20220825/UBNA_002/20220823_033000.WAV,Telephone Field,recover-20220825,002,1795
1754.4525,1754.4618,22890,29449,Nyctalus leisleri,0.006,0.02,-1,Echolocation,/mnt/ubna_data_01_mir/recover-20220825/UBNA_002/20220823_033000.WAV,Telephone Field,recover-20220825,002,1795
1754.4725,1754.4865,22031,25813,Nyctalus leisleri,0.015,0.026,-1,Echolocation,/mnt/ubna_data_01_mir/recover-20220825/UBNA_002/20220823_033000.WAV,Telephone Field,recover-20220825,002,1795
1754.4745,1754.5118,68437,82281,Rhinolophus ferrumequinum,0.021,0.021,-1,Echolocation,/mnt/ubna_data_01_mir/recover-20220825/UBNA_002/20220823_033000.WAV,Telephone Field,recover-20220825,002,1795
1754.5075,1754.5171,27187,35827,Eptesicus serotinus,0.009,0.022,-1,Echolocation,/mnt/ubna_data_01_mir/recover-20220825/UBNA_002/20220823_033000.WAV,Telephone Field,recover-20220825,002,1795
1754.5245,1754.5659,68437,83116,Rhinolophus ferrumequinum,0.03,0.03,-1,Echolocation,/mnt/ubna_data_01_mir/recover-20220825/UBNA_002/20220823_033000.WAV,Telephone Field,recover-20220825,002,1795
1754.5355,1754.5742,68437,83069,Rhinolophus ferrumequinum,0.025,0.025,-1,Echolocation,/mnt/ubna_data_01_mir/recover-20220825/UBNA_002/20220823_033000.WAV,Telephone Field,recover-20220825,002,1795
1754.5585,1754.5652,48671,56155,Pipistrellus pipistrellus,0.017,0.022,-1,Echolocation,/mnt/ubna_data_01_mir/recover-20220825/UBNA_002/20220823_033000.WAV,Telephone Field,recover-20220825,002,1795
1754.5595,1754.5984,68437,82172,Rhinolophus ferrumequinum,0.023,0.023,-1,Echolocation,/mnt/ubna_data_01_mir/recover-20220825/UBNA_002/20220823_033000.WAV,Telephone Field,recover-20220825,002,1795
1754.5835,1754.5911,34062,41440,Myotis daubentonii,0.01,0.027,-1,Echolocation,/mnt/ubna_data_01_mir/recover-20220825/UBNA_002/20220823_033000.WAV,Telephone Field,recover-20220825,002,1795
1754.6265,1754.6646,68437,82799,Rhinolophus ferrumequinum,0.024,0.024,-1,Echolocation,/mnt/ubna_data_01_mir/recover-20220825/UBNA_002/20220823_033000.WAV,Telephone Field,recover-20220825,002,1795
1754.6545,1754.6884,68437,81383,Rhinolophus ferrumequinum,0.022,0.022,-1,Echolocation,/mnt/ubna_data_01_mir/recover-20220825/UBNA_002/20220823_033000.WAV,Telephone Field,recover-20220825,002,1795
1754.6715,1754.6801,31484,42393,Myotis daubentonii,0.006,0.021,-1,Echolocation,/mnt/ubna_data_01_mir/recover-20220825/UBNA_002/20220823_033000.WAV,Telephone Field,recover-20220825,002,1795
1754.7085,1754.7485,68437,81874,Rhinolophus ferrumequinum,0.023,0.023,-1,Echolocation,/mnt/ubna_data_01_mir/recover-20220825/UBNA_002/20220823_033000.WAV,Telephone Field,recover-20220825,002,1795
1754.7235,1754.7592,68437,81615,Rhinolophus ferrumequinum,0.02,0.02,-1,Echolocation,/mnt/ubna_data_01_mir/recover-20220825/UBNA_002/20220823_033000.WAV,Telephone Field,recover-20220825,002,1795
1754.7435,1754.783,68437,82933,Rhinolophus ferrumequinum,0.022,0.022,-1,Echolocation,/mnt/ubna_data_01_mir/recover-20220825/UBNA_002/20220823_033000.WAV,Telephone Field,recover-20220825,002,1795
1754.7465,1754.7538,28906,45150,Eptesicus serotinus,0.007,0.024,-1,Echolocation,/mnt/ubna_data_01_mir/recover-20220825/UBNA_002/20220823_033000.WAV,Telephone Field,recover-20220825,002,1795
1754.7565,1754.7955,68437,82853,Rhinolophus ferrumequinum,0.021,0.021,-1,Echolocation,/mnt/ubna_data_01_mir/recover-20220825/UBNA_002/20220823_033000.WAV,Telephone Field,recover-20220825,002,1795
1754.7735,1754.7818,42656,51606,Pipistrellus pipistrellus,0.014,0.034,-1,Echolocation,/mnt/ubna_data_01_mir/recover-20220825/UBNA_002/20220823_033000.WAV,Telephone Field,recover-20220825,002,1795
1754.7785,1754.7849,28046,49614,Eptesicus serotinus,0.007,0.024,-1,Echolocation,/mnt/ubna_data_01_mir/recover-20220825/UBNA_002/20220823_033000.WAV,Telephone Field,recover-20220825,002,1795
1754.7855,1754.796,28046,34964,Eptesicus serotinus,0.01,0.025,-1,Echolocation,/mnt/ubna_data_01_mir/recover-20220825/UBNA_002/20220823_033000.WAV,Telephone Field,recover-20220825,002,1795
1754.7935,1754.8322,68437,82162,Rhinolophus ferrumequinum,0.026,0.026,-1,Echolocation,/mnt/ubna_data_01_mir/recover-20220825/UBNA_002/20220823_033000.WAV,Telephone Field,recover-20220825,002,1795
1754.8055,1754.8449,68437,82425,Rhinolophus ferrumequinum,0.023,0.023,-1,Echolocation,/mnt/ubna_data_01_mir/recover-20220825/UBNA_002/20220823_033000.WAV,Telephone Field,recover-20220825,002,1795
1754.8575,1754.8962,68437,82298,Rhinolophus ferrumequinum,0.023,0.023,-1,Echolocation,/mnt/ubna_data_01_mir/recover-20220825/UBNA_002/20220823_033000.WAV,Telephone Field,recover-20220825,002,1795
1754.8955,1754.9015,25468,37951,Plecotus austriacus,0.009,0.028,-1,Echolocation,/mnt/ubna_data_01_mir/recover-20220825/UBNA_002/20220823_033000.WAV,Telephone Field,recover-20220825,002,1795
1754.9215,1754.9615,68437,81939,Rhinolophus ferrumequinum,0.022,0.022,-1,Echolocation,/mnt/ubna_data_01_mir/recover-20220825/UBNA_002/20220823_033000.WAV,Telephone Field,recover-20220825,002,1795
1754.9285,1754.9676,68437,82262,Rhinolophus ferrumequinum,0.022,0.022,-1,Echolocation,/mnt/ubna_data_01_mir/recover-20220825/UBNA_002/20220823_033000.WAV,Telephone Field,recover-20220825,002,1795
1754.9595,1754.9991,68437,82052,Rhinolophus ferrumequinum,0.02,0.02,-1,Echolocation,/mnt/ubna_data_01_mir/recover-20220825/UBNA_002/20220823_033000.WAV,Telephone Field,recover-20220825,002,1795
1754.9885,1755.0026,23750,29611,Nyctalus leisleri,0.024,0.054,-1,Echolocation,/mnt/ubna_data_01_mir/recover-20220825/UBNA_002/20220823_033000.WAV,Telephone Field,recover-20220825,002,1795
1754.9925,1755.0341,68437,83050,Rhinolophus ferrumequinum,0.035,0.035,-1,Echolocation,/mnt/ubna_data_01_mir/recover-20220825/UBNA_002/20220823_033000.WAV,Telephone Field,recover-20220825,002,1795
1755.0115,1755.049,68437,81282,Rhinolophus ferrumequinum,0.022,0.022,-1,Echolocation,/mnt/ubna_data_01_mir/recover-20220825/UBNA_002/20220823_033000.WAV,Telephone Field,recover-20220825,002,1795
1755.0565,1755.0912,68437,81581,Rhinolophus ferrumequinum,0.02,0.02,-1,Echolocation,/mnt/ubna_data_01_mir/recover-20220825/UBNA_002/20220823_033000.WAV,Telephone Field,recover-20220825,002,1795
1755.0835,1755.1203,68437,82131,Rhinolophus ferrumequinum,0.021,0.021,-1,Echolocation,/mnt/ubna_data_01_mir/recover-20220825/UBNA_002/20220823_033000.WAV,Telephone Field,recover-20220825,002,1795
1755.0955,1755.1025,23750,35319,Plecotus austriacus,0.009,0.023,-1,Echolocation,/mnt/ubna_data_01_mir/recover-20220825/UBNA_002/20220823_033000.WAV,Telephone Field,recover-20220825,002,1795
1755.1105,1755.1484,68437,81531,Rhinolophus ferrumequinum,0.02,0.02,-1,Echolocation,/mnt/ubna_data_01_mir/recover-20220825/UBNA_002/20220823_033000.WAV,Telephone Field,recover-20220825,002,1795
1755.1285,1755.1387,27187,34534,Eptesicus serotinus,0.01,0.021,-1,Echolocation,/mnt/ubna_data_01_mir/recover-20220825/UBNA_002/20220823_033000.WAV,Telephone Field,recover-20220825,002,1795
1755.1425,1755.1821,68437,82758,Rhinolophus ferrumequinum,0.022,0.022,-1,Echolocation,/mnt/ubna_data_01_mir/recover-20220825/UBNA_002/20220823_033000.WAV,Telephone Field,recover-20220825,002,1795
1755.1475,1755.1879,68437,82676,Rhinolophus ferrumequinum,0.022,0.022,-1,Echolocation,/mnt/ubna_data_01_mir/recover-20220825/UBNA_002/20220823_033000.WAV,Telephone Field,recover-20220825,002,1795
1755.1895,1755.228,68437,82150,Rhinolophus ferrumequinum,0.02,0.02,-1,Echolocation,/mnt/ubna_data_01_mir/recover-20220825/UBNA_002/20220823_033000.WAV,Telephone Field,recover-20220825,002,1795
1755.2315,1755.2385,28046,37691,Eptesicus serotinus,0.005,0.021,-1,Echolocation,/mnt/ubna_data_01_mir/recover-20220825/UBNA_002/20220823_033000.WAV,Telephone Field,recover-20220825,002,1795
1755.2435,1755.2847,68437,82080,Rhinolophus ferrumequinum,0.022,0.022,-1,Echolocation,/mnt/ubna_data_01_mir/recover-20220825/UBNA_002/20220823_033000.WAV,Telephone Field,recover-20220825,002,1795
1755.2505,1755.2611,28906,35826,Eptesicus serotinus,0.011,0.028,-1,Echolocation,/mnt/ubna_data_01_mir/recover-20220825/UBNA_002/20220823_033000.WAV,Telephone Field,recover-20220825,002,1795
1755.2505,1755.2917,68437,82681,Rhinolophus ferrumequinum,0.023,0.023,-1,Echolocation,/mnt/ubna_data_01_mir/recover-20220825/UBNA_002/20220823_033000.WAV,Telephone Field,recover-20220825,002,1795
1755.2785,1755.2864,28046,37040,Eptesicus serotinus,0.006,0.021,-1,Echolocation,/mnt/ubna_data_01_mir/recover-20220825/UBNA_002/20220823_033000.WAV,Telephone Field,recover-20220825,002,1795
1755.3075,1755.3457,68437,82531,Rhinolophus ferrumequinum,0.026,0.026,-1,Echolocation,/mnt/ubna_data_01_mir/recover-20220825/UBNA_002/20220823_033000.WAV,Telephone Field,recover-20220825,002,1795
1755.3165,1755.3549,68437,81803,Rhinolophus ferrumequinum,0.023,0.023,-1,Echolocation,/mnt/ubna_data_01_mir/recover-20220825/UBNA_002/20220823_033000.WAV,Telephone Field,recover-20220825,002,1795
1755.3555,1755.3658,22890,27942,Nyctalus leisleri,0.01,0.022,-1,Echolocation,/mnt/ubna_data_01_mir/recover-20220825/UBNA_002/20220823_033000.WAV,Telephone Field,recover-20220825,002,1795
1755.3765,1755.4138,68437,81577,Rhinolophus ferrumequinum,0.02,0.02,-1,Echolocation,/mnt/ubna_data_01_mir/recover-20220825/UBNA_002/20220823_033000.WAV,Telephone Field,recover-20220825,002,1795
1755.4045,1755.4119,24609,34532,Plecotus austriacus,0.009,0.024,-1,Echolocation,/mnt/ubna_data_01_mir/recover-20220825/UBNA_002/20220823_033000.WAV,Telephone Field,recover-20220825,002,1795
1755.4175,1755.4551,68437,81743,Rhinolophus ferrumequinum,0.02,0.02,-1,Echolocation,/mnt/ubna_data_01_mir/recover-20220825/UBNA_002/20220823_033000.WAV,Telephone Field,recover-20220825,002,1795
1755.4255,1755.4357,22031,26803,Nyctalus leisleri,0.01,0.022,-1,Echolocation,/mnt/ubna_data_01_mir/recover-20220825/UBNA_002/20220823_033000.WAV,Telephone Field,recover-20220825,002,1795
1755.4375,1755.4772,68437,83129,Rhinolophus ferrumequinum,0.028,0.028,-1,Echolocation,/mnt/ubna_data_01_mir/recover-20220825/UBNA_002/20220823_033000.WAV,Telephone Field,recover-20220825,002,1795
1755.4495,1755.4877,68437,82338,Rhinolophus ferrumequinum,0.024,0.024,-1,Echolocation,/mnt/ubna_data_01_mir/recover-20220825/UBNA_002/20220823_033000.WAV,Telephone Field,recover-20220825,002,1795
1755.4595,1755.4982,68437,81498,Rhinolophus ferrumequinum,0.021,0.021,-1,Echolocation,/mnt/ubna_data_01_mir/recover-20220825/UBNA_002/20220823_033000.WAV,Telephone Field,recover-20220825,002,1795
1755.5395,1755.5826,68437,83305,Rhinolophus ferrumequinum,0.029,0.029,-1,Echolocation,/mnt/ubna_data_01_mir/recover-20220825/UBNA_002/20220823_033000.WAV,Telephone Field,recover-20220825,002,1795
1755.6695,1755.6842,22031,25489,Nyctalus leisleri,0.012,0.021,-1,Echolocation,/mnt/ubna_data_01_mir/recover-20220825/UBNA_002/20220823_033000.WAV,Telephone Field,recover-20220825,002,1795
1755.6815,1755.7188,68437,82310,Rhinolophus ferrumequinum,0.021,0.021,-1,Echolocation,/mnt/ubna_data_01_mir/recover-20220825/UBNA_002/20220823_033000.WAV,Telephone Field,recover-20220825,002,1795
1755.6935,1755.7287,68437,81746,Rhinolophus ferrumequinum,0.022,0.022,-1,Echolocation,/mnt/ubna_data_01_mir/recover-20220825/UBNA_002/20220823_033000.WAV,Telephone Field,recover-20220825,002,1795
1755.7085,1755.7468,68437,81483,Rhinolophus ferrumequinum,0.021,0.021,-1,Echolocation,/mnt/ubna_data_01_mir/recover-20220825/UBNA_002/20220823_033000.WAV,Telephone Field,recover-20220825,002,1795
1755.7295,1755.7391,46093,50251,Pipistrellus pipistrellus,0.023,0.025,-1,Echolocation,/mnt/ubna_data_01_mir/recover-20220825/UBNA_002/20220823_033000.WAV,Telephone Field,recover-20220825,002,1795
1755.7555,1755.7672,24609,30141,Nyctalus leisleri,0.009,0.021,-1,Echolocation,/mnt/ubna_data_01_mir/recover-20220825/UBNA_002/20220823_033000.WAV,Telephone Field,recover-20220825,002,1795
1755.7575,1755.7971,68437,82042,Rhinolophus ferrumequinum,0.022,0.023,-1,Echolocation,/mnt/ubna_data_01_mir/recover-20220825/UBNA_002/20220823_033000.WAV,Telephone Field,recover-20220825,002,1795
1755.7645,1755.8029,68437,81618,Rhinolophus ferrumequinum,0.021,0.021,-1,Echolocation,/mnt/ubna_data_01_mir/recover-20220825/UBNA_002/20220823_033000.WAV,Telephone Field,recover-20220825,002,1795
1755.8025,1755.8123,27187,38055,Eptesicus serotinus,0.009,0.023,-1,Echolocation,/mnt/ubna_data_01_mir/recover-20220825/UBNA_002/20220823_033000.WAV,Telephone Field,recover-20220825,002,1795
1755.8245,1755.8625,68437,82125,Rhinolophus ferrumequinum,0.023,0.023,-1,Echolocation,/mnt/ubna_data_01_mir/recover-20220825/UBNA_002/20220823_033000.WAV,Telephone Field,recover-20220825,002,1795
1755.8275,1755.8368,27187,35725,Eptesicus serotinus,0.017,0.035,-1,Echolocation,/mnt/ubna_data_01_mir/recover-20220825/UBNA_002/20220823_033000.WAV,Telephone Field,recover-20220825,002,1795
1755.8385,1755.847,29765,36395,Eptesicus serotinus,0.013,0.031,-1,Echolocation,/mnt/ubna_data_01_mir/recover-20220825/UBNA_002/20220823_033000.WAV,Telephone Field,recover-20220825,002,1795
1755.8645,1755.9001,68437,81706,Rhinolophus ferrumequinum,0.027,0.027,-1,Echolocation,/mnt/ubna_data_01_mir/recover-20220825/UBNA_002/20220823_033000.WAV,Telephone Field,recover-20220825,002,1795
1755.8815,1755.889,32343,42749,Myotis daubentonii,0.007,0.022,-1,Echolocation,/mnt/ubna_data_01_mir/recover-20220825/UBNA_002/20220823_033000.WAV,Telephone Field,recover-20220825,002,1795
1755.8925,1755.9304,68437,82397,Rhinolophus ferrumequinum,0.023,0.023,-1,Echolocation,/mnt/ubna_data_01_mir/recover-20220825/UBNA_002/20220823_033000.WAV,Telephone Field,recover-20220825,002,1795
1755.9035,1755.9169,24609,29555,Nyctalus leisleri,0.012,0.03,-1,Echolocation,/mnt/ubna_data_01_mir/recover-20220825/UBNA_002/20220823_033000.WAV,Telephone Field,recover-20220825,002,1795
1755.9845,1755.9982,15156,21053,Nyctalus noctula,0.038,0.053,-1,Echolocation,/mnt/ubna_data_01_mir/recover-20220825/UBNA_002/20220823_033000.WAV,Telephone Field,recover-20220825,002,1795
1756.0015,1756.0316,69296,80984,Rhinolophus ferrumequinum,0.045,0.045,-1,Echolocation,/mnt/ubna_data_01_mir/recover-20220825/UBNA_002/20220823_033000.WAV,Telephone Field,recover-20220825,002,1795
1756.0015,1756.0126,20312,25975,Nyctalus leisleri,0.012,0.031,-1,Echolocation,/mnt/ubna_data_01_mir/recover-20220825/UBNA_002/20220823_033000.WAV,Telephone Field,recover-20220825,002,1795
1756.0495,1756.0612,51250,55549,Pipistrellus pipistrellus,0.021,0.029,-1,Echolocation,/mnt/ubna_data_01_mir/recover-20220825/UBNA_002/20220823_033000.WAV,Telephone Field,recover-20220825,002,1795
1756.0715,1756.0806,25468,34469,Eptesicus serotinus,0.008,0.022,-1,Echolocation,/mnt/ubna_data_01_mir/recover-20220825/UBNA_002/20220823_033000.WAV,Telephone Field,recover-20220825,002,1795
1756.1025,1756.1424,68437,81678,Rhinolophus ferrumequinum,0.023,0.023,-1,Echolocation,/mnt/ubna_data_01_mir/recover-20220825/UBNA_002/20220823_033000.WAV,Telephone Field,recover-20220825,002,1795
1756.1045,1756.1113,27187,37953,Eptesicus serotinus,0.005,0.02,-1,Echolocation,/mnt/ubna_data_01_mir/recover-20220825/UBNA_002/20220823_033000.WAV,Telephone Field,recover-20220825,002,1795
1756.1115,1756.1498,68437,82297,Rhinolophus ferrumequinum,0.022,0.022,-1,Echolocation,/mnt/ubna_data_01_mir/recover-20220825/UBNA_002/20220823_033000.WAV,Telephone Field,recover-20220825,002,1795
1756.1255,1756.1642,68437,82065,Rhinolophus ferrumequinum,0.021,0.021,-1,Echolocation,/mnt/ubna_data_01_mir/recover-20220825/UBNA_002/20220823_033000.WAV,Telephone Field,recover-20220825,002,1795
1756.1735,1756.1805,27187,40458,Eptesicus serotinus,0.006,0.021,-1,Echolocation,/mnt/ubna_data_01_mir/recover-20220825/UBNA_002/20220823_033000.WAV,Telephone Field,recover-20220825,002,1795
1756.2055,1756.2168,22890,27840,Nyctalus leisleri,0.01,0.021,-1,Echolocation,/mnt/ubna_data_01_mir/recover-20220825/UBNA_002/20220823_033000.WAV,Telephone Field,recover-20220825,002,1795
1756.2125,1756.2209,26328,34709,Eptesicus serotinus,0.009,0.023,-1,Echolocation,/mnt/ubna_data_01_mir/recover-20220825/UBNA_002/20220823_033000.WAV,Telephone Field,recover-20220825,002,1795
1756.2445,1756.2856,68437,82486,Rhinolophus ferrumequinum,0.022,0.022,-1,Echolocation,/mnt/ubna_data_01_mir/recover-20220825/UBNA_002/20220823_033000.WAV,Telephone Field,recover-20220825,002,1795
1756.2915,1756.3311,68437,82976,Rhinolophus ferrumequinum,0.029,0.029,-1,Echolocation,/mnt/ubna_data_01_mir/recover-20220825/UBNA_002/20220823_033000.WAV,Telephone Field,recover-20220825,002,1795
1756.3065,1756.3173,22031,26889,Nyctalus leisleri,0.009,0.022,-1,Echolocation,/mnt/ubna_data_01_mir/recover-20220825/UBNA_002/20220823_033000.WAV,Telephone Field,recover-20220825,002,1795
1756.3175,1756.3552,68437,81785,Rhinolophus ferrumequinum,0.021,0.021,-1,Echolocation,/mnt/ubna_data_01_mir/recover-20220825/UBNA_002/20220823_033000.WAV,Telephone Field,recover-20220825,002,1795
1756.3455,1756.3525,27187,40592,Eptesicus serotinus,0.006,0.022,-1,Echolocation,/mnt/ubna_data_01_mir/recover-20220825/UBNA_002/20220823_033000.WAV,Telephone Field,recover-20220825,002,1795
1756.3585,1756.3955,68437,82018,Rhinolophus ferrumequinum,0.022,0.022,-1,Echolocation,/mnt/ubna_data_01_mir/recover-20220825/UBNA_002/20220823_033000.WAV,Telephone Field,recover-20220825,002,1795
1756.3775,1756.4115,68437,81062,Rhinolophus ferrumequinum,0.021,0.021,-1,Echolocation,/mnt/ubna_data_01_mir/recover-20220825/UBNA_002/20220823_033000.WAV,Telephone Field,recover-20220825,002,1795
1756.3825,1756.3915,28046,37866,Eptesicus serotinus,0.007,0.022,-1,Echolocation,/mnt/ubna_data_01_mir/recover-20220825/UBNA_002/20220823_033000.WAV,Telephone Field,recover-20220825,002,1795
1756.4125,1756.4536,68437,82609,Rhinolophus ferrumequinum,0.024,0.024,-1,Echolocation,/mnt/ubna_data_01_mir/recover-20220825/UBNA_002/20220823_033000.WAV,Telephone Field,recover-20220825,002,1795
1756.4705,1756.5081,68437,81843,Rhinolophus ferrumequinum,0.021,0.021,-1,Echolocation,/mnt/ubna_data_01_mir/recover-20220825/UBNA_002/20220823_033000.WAV,Telephone Field,recover-20220825,002,1795
1756.4865,1756.4935,27187,40175,Eptesicus serotinus,0.006,0.024,-1,Echolocation,/mnt/ubna_data_01_mir/recover-20220825/UBNA_002/20220823_033000.WAV,Telephone Field,recover-20220825,002,1795
1756.4985,1756.5062,28046,37241,Eptesicus serotinus,0.009,0.026,-1,Echolocation,/mnt/ubna_data_01_mir/recover-20220825/UBNA_002/20220823_033000.WAV,Telephone Field,recover-20220825,002,1795
1756.5115,1756.5516,68437,82476,Rhinolophus ferrumequinum,0.024,0.024,-1,Echolocation,/mnt/ubna_data_01_mir/recover-20220825/UBNA_002/20220823_033000.WAV,Telephone Field,recover-20220825,002,1795
1756.5325,1756.5704,68437,82001,Rhinolophus ferrumequinum,0.021,0.021,-1,Echolocation,/mnt/ubna_data_01_mir/recover-20220825/UBNA_002/20220823_033000.WAV,Telephone Field,recover-20220825,002,1795
1756.5835,1756.6215,68437,81957,Rhinolophus ferrumequinum,0.02,0.021,-1,Echolocation,/mnt/ubna_data_01_mir/recover-20220825/UBNA_002/20220823_033000.WAV,Telephone Field,recover-20220825,002,1795
1756.6055,1756.6448,68437,82526,Rhinolophus ferrumequinum,0.026,0.026,-1,Echolocation,/mnt/ubna_data_01_mir/recover-20220825/UBNA_002/20220823_033000.WAV,Telephone Field,recover-20220825,002,1795
1756.6245,1756.6639,68437,82206,Rhinolophus ferrumequinum,0.022,0.022,-1,Echolocation,/mnt/ubna_data_01_mir/recover-20220825/UBNA_002/20220823_033000.WAV,Telephone Field,recover-20220825,002,1795
1756.6735,1756.7097,68437,81926,Rhinolophus ferrumequinum,0.021,0.021,-1,Echolocation,/mnt/ubna_data_01_mir/recover-20220825/UBNA_002/20220823_033000.WAV,Telephone Field,recover-20220825,002,1795
1756.6755,1756.6842,24609,33132,Plecotus austriacus,0.008,0.028,-1,Echolocation,/mnt/ubna_data_01_mir/recover-20220825/UBNA_002/20220823_033000.WAV,Telephone Field,recover-20220825,002,1795
1756.7055,1756.7157,44375,49774,Pipistrellus pipistrellus,0.02,0.022,-1,Echolocation,/mnt/ubna_data_01_mir/recover-20220825/UBNA_002/20220823_033000.WAV,Telephone Field,recover-20220825,002,1795
1756.7085,1756.7478,68437,81926,Rhinolophus ferrumequinum,0.042,0.042,-1,Echolocation,/mnt/ubna_data_01_mir/recover-20220825/UBNA_002/20220823_033000.WAV,Telephone Field,recover-20220825,002,1795
1756.7225,1756.7311,28906,37415,Eptesicus serotinus,0.008,0.022,-1,Echolocation,/mnt/ubna_data_01_mir/recover-20220825/UBNA_002/20220823_033000.WAV,Telephone Field,recover-20220825,002,1795
1756.7315,1756.7422,28906,36660,Eptesicus serotinus,0.012,0.026,-1,Echolocation,/mnt/ubna_data_01_mir/recover-20220825/UBNA_002/20220823_033000.WAV,Telephone Field,recover-20220825,002,1795
1756.7485,1756.7879,68437,82616,Rhinolophus ferrumequinum,0.044,0.044,-1,Echolocation,/mnt/ubna_data_01_mir/recover-20220825/UBNA_002/20220823_033000.WAV,Telephone Field,recover-20220825,002,1795
1756.7625,1756.7995,68437,81677,Rhinolophus ferrumequinum,0.022,0.022,-1,Echolocation,/mnt/ubna_data_01_mir/recover-20220825/UBNA_002/20220823_033000.WAV,Telephone Field,recover-20220825,002,1795
1756.7705,1756.8109,68437,82105,Rhinolophus ferrumequinum,0.022,0.022,-1,Echolocation,/mnt/ubna_data_01_mir/recover-20220825/UBNA_002/20220823_033000.WAV,Telephone Field,recover-20220825,002,1795
1756.7885,1756.7994,23750,29003,Nyctalus leisleri,0.012,0.023,-1,Echolocation,/mnt/ubna_data_01_mir/recover-20220825/UBNA_002/20220823_033000.WAV,Telephone Field,recover-20220825,002,1795
1756.7925,1756.8286,68437,80856,Rhinolophus ferrumequinum,0.021,0.021,-1,Echolocation,/mnt/ubna_data_01_mir/recover-20220825/UBNA_002/20220823_033000.WAV,Telephone Field,recover-20220825,002,1795
1756.8035,1756.8385,68437,81785,Rhinolophus ferrumequinum,0.021,0.021,-1,Echolocation,/mnt/ubna_data_01_mir/recover-20220825/UBNA_002/20220823_033000.WAV,Telephone Field,recover-20220825,002,1795
1756.8195,1756.855,68437,81847,Rhinolophus ferrumequinum,0.02,0.02,-1,Echolocation,/mnt/ubna_data_01_mir/recover-20220825/UBNA_002/20220823_033000.WAV,Telephone Field,recover-20220825,002,1795
1756.8335,1756.8756,68437,82625,Rhinolophus ferrumequinum,0.029,0.029,-1,Echolocation,/mnt/ubna_data_01_mir/recover-20220825/UBNA_002/20220823_033000.WAV,Telephone Field,recover-20220825,002,1795
1756.8485,1756.8586,28906,35841,Eptesicus serotinus,0.009,0.022,-1,Echolocation,/mnt/ubna_data_01_mir/recover-20220825/UBNA_002/20220823_033000.WAV,Telephone Field,recover-20220825,002,1795
1756.8745,1756.8823,28046,39581,Eptesicus serotinus,0.007,0.021,-1,Echolocation,/mnt/ubna_data_01_mir/recover-20220825/UBNA_002/20220823_033000.WAV,Telephone Field,recover-20220825,002,1795
1756.8745,1756.9115,68437,81659,Rhinolophus ferrumequinum,0.02,0.02,-1,Echolocation,/mnt/ubna_data_01_mir/recover-20220825/UBNA_002/20220823_033000.WAV,Telephone Field,recover-20220825,002,1795
1756.8765,1756.8842,23750,32254,Plecotus austriacus,0.008,0.021,-1,Echolocation,/mnt/ubna_data_01_mir/recover-20220825/UBNA_002/20220823_033000.WAV,Telephone Field,recover-20220825,002,1795
1756.9425,1756.9512,25468,33681,Eptesicus serotinus,0.008,0.021,-1,Echolocation,/mnt/ubna_data_01_mir/recover-20220825/UBNA_002/20220823_033000.WAV,Telephone Field,recover-20220825,002,1795
1756.9585,1756.9968,68437,81607,Rhinolophus ferrumequinum,0.022,0.022,-1,Echolocation,/mnt/ubna_data_01_mir/recover-20220825/UBNA_002/20220823_033000.WAV,Telephone Field,recover-20220825,002,1795
1756.9785,1757.0152,68437,81983,Rhinolophus ferrumequinum,0.021,0.021,-1,Echolocation,/mnt/ubna_data_01_mir/recover-20220825/UBNA_002/20220823_033000.WAV,Telephone Field,recover-20220825,002,1795
1757.0135,1757.0555,68437,82860,Rhinolophus ferrumequinum,0.03,0.03,-1,Echolocation,/mnt/ubna_data_01_mir/recover-20220825/UBNA_002/20220823_033000.WAV,Telephone Field,recover-20220825,002,1795
1757.0425,1757.0624,17734,21462,Nyctalus noctula,0.025,0.038,-1,Echolocation,/mnt/ubna_data_01_mir/recover-20220825/UBNA_002/20220823_033000.WAV,Telephone Field,recover-20220825,002,1795
1757.0845,1757.0951,22031,26508,Nyctalus leisleri,0.016,0.03,-1,Echolocation,/mnt/ubna_data_01_mir/recover-20220825/UBNA_002/20220823_033000.WAV,Telephone Field,recover-20220825,002,1795
1757.0865,1757.1252,68437,82715,Rhinolophus ferrumequinum,0.029,0.029,-1,Echolocation,/mnt/ubna_data_01_mir/recover-20220825/UBNA_002/20220823_033000.WAV,Telephone Field,recover-20220825,002,1795
1757.1065,1757.1476,68437,82703,Rhinolophus ferrumequinum,0.024,0.024,-1,Echolocation,/mnt/ubna_data_01_mir/recover-20220825/UBNA_002/20220823_033000.WAV,Telephone Field,recover-20220825,002,1795
1757.1335,1757.1406,27187,38573,Eptesicus serotinus,0.006,0.021,-1,Echolocation,/mnt/ubna_data_01_mir/recover-20220825/UBNA_002/20220823_033000.WAV,Telephone Field,recover-20220825,002,1795
1757.1525,1757.1891,68437,81303,Rhinolophus ferrumequinum,0.021,0.021,-1,Echolocation,/mnt/ubna_data_01_mir/recover-20220825/UBNA_002/20220823_033000.WAV,Telephone Field,recover-20220825,002,1795
1757.1585,1757.1734,18593,23326,Nyctalus noctula,0.014,0.026,-1,Echolocation,/mnt/ubna_data_01_mir/recover-20220825/UBNA_002/20220823_033000.WAV,Telephone Field,recover-20220825,002,1795
1757.1595,1757.1701,28906,35935,Eptesicus serotinus,0.012,0.027,-1,Echolocation,/mnt/ubna_data_01_mir/recover-20220825/UBNA_002/20220823_033000.WAV,Telephone Field,recover-20220825,002,1795
1757.1595,1757.1962,68437,81212,Rhinolophus ferrumequinum,0.02,0.02,-1,Echolocation,/mnt/ubna_data_01_mir/recover-20220825/UBNA_002/20220823_033000.WAV,Telephone Field,recover-20220825,002,1795
1757.1985,1757.2375,68437,82388,Rhinolophus ferrumequinum,0.023,0.023,-1,Echolocation,/mnt/ubna_data_01_mir/recover-20220825/UBNA_002/20220823_033000.WAV,Telephone Field,recover-20220825,002,1795
1757.2205,1757.231,23750,29873,Nyctalus leisleri,0.012,0.03,-1,Echolocation,/mnt/ubna_data_01_mir/recover-20220825/UBNA_002/20220823_033000.WAV,Telephone Field,recover-20220825,002,1795
1757.2935,1757.3315,68437,82216,Rhinolophus ferrumequinum,0.021,0.021,-1,Echolocation,/mnt/ubna_data_01_mir/recover-20220825/UBNA_002/20220823_033000.WAV,Telephone Field,recover-20220825,002,1795
1757.3045,1757.3135,24609,32006,Eptesicus serotinus,0.006,0.022,-1,Echolocation,/mnt/ubna_data_01_mir/recover-20220825/UBNA_002/20220823_033000.WAV,Telephone Field,recover-20220825,002,1795
1757.3375,1757.3771,68437,82371,Rhinolophus ferrumequinum,0.024,0.024,-1,Echolocation,/mnt/ubna_data_01_mir/recover-20220825/UBNA_002/20220823_033000.WAV,Telephone Field,recover-20220825,002,1795
1757.3525,1757.3606,24609,32914,Plecotus austriacus,0.006,0.022,-1,Echolocation,/mnt/ubna_data_01_mir/recover-20220825/UBNA_002/20220823_033000.WAV,Telephone Field,recover-20220825,002,1795
1757.3925,1757.3994,23750,32139,Plecotus austriacus,0.012,0.024,-1,Echolocation,/mnt/ubna_data_01_mir/recover-20220825/UBNA_002/20220823_033000.WAV,Telephone Field,recover-20220825,002,1795
1757.3975,1757.4369,68437,82585,Rhinolophus ferrumequinum,0.025,0.025,-1,Echolocation,/mnt/ubna_data_01_mir/recover-20220825/UBNA_002/20220823_033000.WAV,Telephone Field,recover-20220825,002,1795
1757.4235,1757.4299,28906,41448,Eptesicus serotinus,0.01,0.036,-1,Echolocation,/mnt/ubna_data_01_mir/recover-20220825/UBNA_002/20220823_033000.WAV,Telephone Field,recover-20220825,002,1795
1757.4665,1757.4776,23750,29208,Nyctalus leisleri,0.013,0.028,-1,Echolocation,/mnt/ubna_data_01_mir/recover-20220825/UBNA_002/20220823_033000.WAV,Telephone Field,recover-20220825,002,1795
1757.4915,1757.5019,27187,34734,Eptesicus serotinus,0.009,0.022,-1,Echolocation,/mnt/ubna_data_01_mir/recover-20220825/UBNA_002/20220823_033000.WAV,Telephone Field,recover-20220825,002,1795
1757.4955,1757.5343,68437,82249,Rhinolophus ferrumequinum,0.023,0.023,-1,Echolocation,/mnt/ubna_data_01_mir/recover-20220825/UBNA_002/20220823_033000.WAV,Telephone Field,recover-20220825,002,1795
1757.5275,1757.5406,26328,31699,Eptesicus serotinus,0.013,0.028,-1,Echolocation,/mnt/ubna_data_01_mir/recover-20220825/UBNA_002/20220823_033000.WAV,Telephone Field,recover-20220825,002,1795
1757.5595,1757.5951,68437,81357,Rhinolophus ferrumequinum,0.026,0.026,-1,Echolocation,/mnt/ubna_data_01_mir/recover-20220825/UBNA_002/20220823_033000.WAV,Telephone Field,recover-20220825,002,1795
1757.5715,1757.6082,68437,81305,Rhinolophus ferrumequinum,0.039,0.039,-1,Echolocation,/mnt/ubna_data_01_mir/recover-20220825/UBNA_002/20220823_033000.WAV,Telephone Field,recover-20220825,002,1795
1757.6045,1757.6437,68437,82091,Rhinolophus ferrumequinum,0.022,0.022,-1,Echolocation,/mnt/ubna_data_01_mir/recover-20220825/UBNA_002/20220823_033000.WAV,Telephone Field,recover-20220825,002,1795
1757.6095,1757.6484,68437,81875,Rhinolophus ferrumequinum,0.023,0.024,-1,Echolocation,/mnt/ubna_data_01_mir/recover-20220825/UBNA_002/20220823_033000.WAV,Telephone Field,recover-20220825,002,1795
1757.6195,1757.6519,68437,80676,Rhinolophus ferrumequinum,0.024,0.024,-1,Echolocation,/mnt/ubna_data_01_mir/recover-20220825/UBNA_002/20220823_033000.WAV,Telephone Field,recover-20220825,002,1795
1757.6485,1757.6591,22890,28536,Nyctalus leisleri,0.01,0.023,-1,Echolocation,/mnt/ubna_data_01_mir/recover-20220825/UBNA_002/20220823_033000.WAV,Telephone Field,recover-20220825,002,1795
1757.6855,1757.7277,68437,83060,Rhinolophus ferrumequinum,0.025,0.025,-1,Echolocation,/mnt/ubna_data_01_mir/recover-20220825/UBNA_002/20220823_033000.WAV,Telephone Field,recover-20220825,002,1795
1757.7065,1757.7438,68437,81985,Rhinolophus ferrumequinum,0.02,0.02,-1,Echolocation,/mnt/ubna_data_01_mir/recover-20220825/UBNA_002/20220823_033000.WAV,Telephone Field,recover-20220825,002,1795
1757.7185,1757.7263,22890,30039,Plecotus austriacus,0.013,0.024,-1,Echolocation,/mnt/ubna_data_01_mir/recover-20220825/UBNA_002/20220823_033000.WAV,Telephone Field,recover-20220825,002,1795
1757.7705,1757.8085,68437,82144,Rhinolophus ferrumequinum,0.021,0.021,-1,Echolocation,/mnt/ubna_data_01_mir/recover-20220825/UBNA_002/20220823_033000.WAV,Telephone Field,recover-20220825,002,1795
1757.7725,1757.7927,20312,23216,Nyctalus leisleri,0.022,0.043,-1,Echolocation,/mnt/ubna_data_01_mir/recover-20220825/UBNA_002/20220823_033000.WAV,Telephone Field,recover-20220825,002,1795
1757.8375,1757.8795,68437,83044,Rhinolophus ferrumequinum,0.032,0.032,-1,Echolocation,/mnt/ubna_data_01_mir/recover-20220825/UBNA_002/20220823_033000.WAV,Telephone Field,recover-20220825,002,1795
1757.8865,1757.9293,68437,82649,Rhinolophus ferrumequinum,0.031,0.031,-1,Echolocation,/mnt/ubna_data_01_mir/recover-20220825/UBNA_002/20220823_033000.WAV,Telephone Field,recover-20220825,002,1795
1757.8875,1757.8969,22031,28889,Plecotus austriacus,0.013,0.031,-1,Echolocation,/mnt/ubna_data_01_mir/recover-20220825/UBNA_002/20220823_033000.WAV,Telephone Field,recover-20220825,002,1795
1757.9145,1757.9495,68437,81068,Rhinolophus ferrumequinum,0.022,0.022,-1,Echolocation,/mnt/ubna_data_01_mir/recover-20220825/UBNA_002/20220823_033000.WAV,Telephone Field,recover-20220825,002,1795
1757.9555,1757.9662,28046,35382,Eptesicus serotinus,0.012,0.028,-1,Echolocation,/mnt/ubna_data_01_mir/recover-20220825/UBNA_002/20220823_033000.WAV,Telephone Field,recover-20220825,002,1795
1757.9875,1757.9947,28046,44590,Eptesicus serotinus,0.006,0.022,-1,Echolocation,/mnt/ubna_data_01_mir/recover-20220825/UBNA_002/20220823_033000.WAV,Telephone Field,recover-20220825,002,1795
1758.0015,1758.033,70156,82248,Rhinolophus ferrumequinum,0.025,0.025,-1,Echolocation,/mnt/ubna_data_01_mir/recover-20220825/UBNA_002/20220823_033000.WAV,Telephone Field,recover-20220825,002,1795
1758.0015,1758.0119,28046,36629,Eptesicus serotinus,0.013,0.035,-1,Echolocation,/mnt/ubna_data_01_mir/recover-20220825/UBNA_002/20220823_033000.WAV,Telephone Field,recover-20220825,002,1795
1758.0085,1758.0476,68437,81260,Rhinolophus ferrumequinum,0.021,0.021,-1,Echolocation,/mnt/ubna_data_01_mir/recover-20220825/UBNA_002/20220823_033000.WAV,Telephone Field,recover-20220825,002,1795
1758.0145,1758.0238,28906,37469,Eptesicus serotinus,0.009,0.023,-1,Echolocation,/mnt/ubna_data_01_mir/recover-20220825/UBNA_002/20220823_033000.WAV,Telephone Field,recover-20220825,002,1795
1758.0435,1758.051,24609,37964,Myotis nattereri,0.007,0.024,-1,Echolocation,/mnt/ubna_data_01_mir/recover-20220825/UBNA_002/20220823_033000.WAV,Telephone Field,recover-20220825,002,1795
1758.0555,1758.0962,68437,82928,Rhinolophus ferrumequinum,0.032,0.032,-1,Echolocation,/mnt/ubna_data_01_mir/recover-20220825/UBNA_002/20220823_033000.WAV,Telephone Field,recover-20220825,002,1795
1758.0795,1758.0909,45234,50538,Pipistrellus pipistrellus,0.028,0.034,-1,Echolocation,/mnt/ubna_data_01_mir/recover-20220825/UBNA_002/20220823_033000.WAV,Telephone Field,recover-20220825,002,1795
1758.0835,1758.0939,27187,35430,Eptesicus serotinus,0.011,0.025,-1,Echolocation,/mnt/ubna_data_01_mir/recover-20220825/UBNA_002/20220823_033000.WAV,Telephone Field,recover-20220825,002,1795
1758.1035,1758.144,68437,82117,Rhinolophus ferrumequinum,0.024,0.024,-1,Echolocation,/mnt/ubna_data_01_mir/recover-20220825/UBNA_002/20220823_033000.WAV,Telephone Field,recover-20220825,002,1795
1758.1085,1758.1163999999999,25468,36105,Eptesicus serotinus,0.009,0.024,-1,Echolocation,/mnt/ubna_data_01_mir/recover-20220825/UBNA_002/20220823_033000.WAV,Telephone Field,recover-20220825,002,1795
1758.1505,1758.1588,27187,38450,Eptesicus serotinus,0.007,0.022,-1,Echolocation,/mnt/ubna_data_01_mir/recover-20220825/UBNA_002/20220823_033000.WAV,Telephone Field,recover-20220825,002,1795
1758.1545,1758.1894,68437,81215,Rhinolophus ferrumequinum,0.021,0.021,-1,Echolocation,/mnt/ubna_data_01_mir/recover-20220825/UBNA_002/20220823_033000.WAV,Telephone Field,recover-20220825,002,1795
1758.1705,1758.2109,68437,81822,Rhinolophus ferrumequinum,0.022,0.022,-1,Echolocation,/mnt/ubna_data_01_mir/recover-20220825/UBNA_002/20220823_033000.WAV,Telephone Field,recover-20220825,002,1795
1758.1955,1758.233,68437,81859,Rhinolophus ferrumequinum,0.023,0.023,-1,Echolocation,/mnt/ubna_data_01_mir/recover-20220825/UBNA_002/20220823_033000.WAV,Telephone Field,recover-20220825,002,1795
1758.2135,1758.2219,28046,38136,Eptesicus serotinus,0.008,0.021,-1,Echolocation,/mnt/ubna_data_01_mir/recover-20220825/UBNA_002/20220823_033000.WAV,Telephone Field,recover-20220825,002,1795
1758.2265,1758.268,68437,82713,Rhinolophus ferrumequinum,0.022,0.022,-1,Echolocation,/mnt/ubna_data_01_mir/recover-20220825/UBNA_002/20220823_033000.WAV,Telephone Field,recover-20220825,002,1795
1758.2285,1758.2389,56406,62538,Pipistrellus pygmaeus,0.028,0.03,-1,Echolocation,/mnt/ubna_data_01_mir/recover-20220825/UBNA_002/20220823_033000.WAV,Telephone Field,recover-20220825,002,1795
1758.2475,1758.2583,23750,29341,Nyctalus leisleri,0.012,0.03,-1,Echolocation,/mnt/ubna_data_01_mir/recover-20220825/UBNA_002/20220823_033000.WAV,Telephone Field,recover-20220825,002,1795
1758.2555,1758.2949,68437,82344,Rhinolophus ferrumequinum,0.022,0.022,-1,Echolocation,/mnt/ubna_data_01_mir/recover-20220825/UBNA_002/20220823_033000.WAV,Telephone Field,recover-20220825,002,1795
1758.2615,1758.2721,28046,35724,Eptesicus serotinus,0.01,0.023,-1,Echolocation,/mnt/ubna_data_01_mir/recover-20220825/UBNA_002/20220823_033000.WAV,Telephone Field,recover-20220825,002,1795
1758.2795,1758.3155,68437,81506,Rhinolophus ferrumequinum,0.023,0.023,-1,Echolocation,/mnt/ubna_data_01_mir/recover-20220825/UBNA_002/20220823_033000.WAV,Telephone Field,recover-20220825,002,1795
1758.3025,1758.309,28046,39724,Eptesicus serotinus,0.006,0.024,-1,Echolocation,/mnt/ubna_data_01_mir/recover-20220825/UBNA_002/20220823_033000.WAV,Telephone Field,recover-20220825,002,1795
1758.3155,1758.3564,68437,82762,Rhinolophus ferrumequinum,0.029,0.029,-1,Echolocation,/mnt/ubna_data_01_mir/recover-20220825/UBNA_002/20220823_033000.WAV,Telephone Field,recover-20220825,002,1795
1758.3315,1758.3692,68437,81588,Rhinolophus ferrumequinum,0.021,0.021,-1,Echolocation,/mnt/ubna_data_01_mir/recover-20220825/UBNA_002/20220823_033000.WAV,Telephone Field,recover-20220825,002,1795
1758.3425,1758.3863,68437,83350,Rhinolophus ferrumequinum,0.04,0.04,-1,Echolocation,/mnt/ubna_data_01_mir/recover-20220825/UBNA_002/20220823_033000.WAV,Telephone Field,recover-20220825,002,1795
1758.3705,1758.3801,25468,32711,Eptesicus serotinus,0.015,0.04,-1,Echolocation,/mnt/ubna_data_01_mir/recover-20220825/UBNA_002/20220823_033000.WAV,Telephone Field,recover-20220825,002,1795
1758.3745,1758.4141,68437,82260,Rhinolophus ferrumequinum,0.023,0.023,-1,Echolocation,/mnt/ubna_data_01_mir/recover-20220825/UBNA_002/20220823_033000.WAV,Telephone Field,recover-20220825,002,1795
1758.3995,1758.4408,68437,82651,Rhinolophus ferrumequinum,0.022,0.022,-1,Echolocation,/mnt/ubna_data_01_mir/recover-20220825/UBNA_002/20220823_033000.WAV,Telephone Field,recover-20220825,002,1795
1758.4085,1758.4164,28046,41518,Eptesicus serotinus,0.007,0.021,-1,Echolocation,/mnt/ubna_data_01_mir/recover-20220825/UBNA_002/20220823_033000.WAV,Telephone Field,recover-20220825,002,1795
1758.4835,1758.4925,55546,59637,Pipistrellus pygmaeus,0.021,0.023,-1,Echolocation,/mnt/ubna_data_01_mir/recover-20220825/UBNA_002/20220823_033000.WAV,Telephone Field,recover-20220825,002,1795
1758.5065,1758.5429,68437,81860,Rhinolophus ferrumequinum,0.022,0.022,-1,Echolocation,/mnt/ubna_data_01_mir/recover-20220825/UBNA_002/20220823_033000.WAV,Telephone Field,recover-20220825,002,1795
1758.5095,1758.5187,42656,45455,Pipistrellus pipistrellus,0.02,0.024,-1,Echolocation,/mnt/ubna_data_01_mir/recover-20220825/UBNA_002/20220823_033000.WAV,Telephone Field,recover-20220825,002,1795
1758.5415,1758.5818,68437,82088,Rhinolophus ferrumequinum,0.022,0.022,-1,Echolocation,/mnt/ubna_data_01_mir/recover-20220825/UBNA_002/20220823_033000.WAV,Telephone Field,recover-20220825,002,1795
1758.5655,1758.5744,27187,39040,Eptesicus serotinus,0.008,0.021,-1,Echolocation,/mnt/ubna_data_01_mir/recover-20220825/UBNA_002/20220823_033000.WAV,Telephone Field,recover-20220825,002,1795
1758.5895,1758.6266,68437,82289,Rhinolophus ferrumequinum,0.028,0.028,-1,Echolocation,/mnt/ubna_data_01_mir/recover-20220825/UBNA_002/20220823_033000.WAV,Telephone Field,recover-20220825,002,1795
1758.6015,1758.6216,19453,22830,Nyctalus noctula,0.024,0.049,-1,Echolocation,/mnt/ubna_data_01_mir/recover-20220825/UBNA_002/20220823_033000.WAV,Telephone Field,recover-20220825,002,1795
1758.6035,1758.6114,28906,39848,Eptesicus serotinus,0.008,0.023,-1,Echolocation,/mnt/ubna_data_01_mir/recover-20220825/UBNA_002/20220823_033000.WAV,Telephone Field,recover-20220825,002,1795
1758.6175,1758.6591,68437,82163,Rhinolophus ferrumequinum,0.024,0.024,-1,Echolocation,/mnt/ubna_data_01_mir/recover-20220825/UBNA_002/20220823_033000.WAV,Telephone Field,recover-20220825,002,1795
1758.6375,1758.6444,45234,49908,Pipistrellus pipistrellus,0.027,0.028,-1,Echolocation,/mnt/ubna_data_01_mir/recover-20220825/UBNA_002/20220823_033000.WAV,Telephone Field,recover-20220825,002,1795
1758.6565,1758.6922,68437,82171,Rhinolophus ferrumequinum,0.024,0.024,-1,Echolocation,/mnt/ubna_data_01_mir/recover-20220825/UBNA_002/20220823_033000.WAV,Telephone Field,recover-20220825,002,1795
1758.6725,1758.7126,68437,82665,Rhinolophus ferrumequinum,0.024,0.024,-1,Echolocation,/mnt/ubna_data_01_mir/recover-20220825/UBNA_002/20220823_033000.WAV,Telephone Field,recover-20220825,002,1795
1758.7055,1758.7433,68437,81905,Rhinolophus ferrumequinum,0.021,0.021,-1,Echolocation,/mnt/ubna_data_01_mir/recover-20220825/UBNA_002/20220823_033000.WAV,Telephone Field,recover-20220825,002,1795
1758.7855,1758.7953,25468,34026,Eptesicus serotinus,0.01,0.031,-1,Echolocation,/mnt/ubna_data_01_mir/recover-20220825/UBNA_002/20220823_033000.WAV,Telephone Field,recover-20220825,002,1795
1758.7865,1758.8226,68437,81808,Rhinolophus ferrumequinum,0.021,0.021,-1,Echolocation,/mnt/ubna_data_01_mir/recover-20220825/UBNA_002/20220823_033000.WAV,Telephone Field,recover-20220825,002,1795
1758.7975,1758.8086,28906,34481,Eptesicus serotinus,0.012,0.024,-1,Echolocation,/mnt/ubna_data_01_mir/recover-20220825/UBNA_002/20220823_033000.WAV,Telephone Field,recover-20220825,002,1795
1758.8045,1758.8446,68437,82659,Rhinolophus ferrumequinum,0.021,0.021,-1,Echolocation,/mnt/ubna_data_01_mir/recover-20220825/UBNA_002/20220823_033000.WAV,Telephone Field,recover-20220825,002,1795
1758.8315,1758.8716,68437,82393,Rhinolophus ferrumequinum,0.021,0.021,-1,Echolocation,/mnt/ubna_data_01_mir/recover-20220825/UBNA_002/20220823_033000.WAV,Telephone Field,recover-20220825,002,1795
1758.8395,1758.8539,22031,25778,Nyctalus leisleri,0.013,0.023,-1,Echolocation,/mnt/ubna_data_01_mir/recover-20220825/UBNA_002/20220823_033000.WAV,Telephone Field,recover-20220825,002,1795
1758.8745,1758.9125,68437,82252,Rhinolophus ferrumequinum,0.022,0.023,-1,Echolocation,/mnt/ubna_data_01_mir/recover-20220825/UBNA_002/20220823_033000.WAV,Telephone Field,recover-20220825,002,1795
1758.9245,1758.964,68437,82552,Rhinolophus ferrumequinum,0.029,0.029,-1,Echolocation,/mnt/ubna_data_01_mir/recover-20220825/UBNA_002/20220823_033000.WAV,Telephone Field,recover-20220825,002,1795
1758.9255,1758.9325,24609,35214,Plecotus austriacus,0.006,0.022,-1,Echolocation,/mnt/ubna_data_01_mir/recover-20220825/UBNA_002/20220823_033000.WAV,Telephone Field,recover-20220825,002,1795
1758.9635,1759.0017,68437,81511,Rhinolophus ferrumequinum,0.022,0.022,-1,Echolocation,/mnt/ubna_data_01_mir/recover-20220825/UBNA_002/20220823_033000.WAV,Telephone Field,recover-20220825,002,1795
1758.9675,1758.9773,24609,31541,Eptesicus serotinus,0.008,0.027,-1,Echolocation,/mnt/ubna_data_01_mir/recover-20220825/UBNA_002/20220823_033000.WAV,Telephone Field,recover-20220825,002,1795
1759.0185,1759.0279,28906,36220,Eptesicus serotinus,0.009,0.023,-1,Echolocation,/mnt/ubna_data_01_mir/recover-20220825/UBNA_002/20220823_033000.WAV,Telephone Field,recover-20220825,002,1795
1759.0315,1759.0717,68437,82468,Rhinolophus ferrumequinum,0.027,0.027,-1,Echolocation,/mnt/ubna_data_01_mir/recover-20220825/UBNA_002/20220823_033000.WAV,Telephone Field,recover-20220825,002,1795
1759.0605,1759.0989,68437,81995,Rhinolophus ferrumequinum,0.023,0.023,-1,Echolocation,/mnt/ubna_data_01_mir/recover-20220825/UBNA_002/20220823_033000.WAV,Telephone Field,recover-20220825,002,1795
1759.0715,1759.1111,68437,82477,Rhinolophus ferrumequinum,0.022,0.022,-1,Echolocation,/mnt/ubna_data_01_mir/recover-20220825/UBNA_002/20220823_033000.WAV,Telephone Field,recover-20220825,002,1795
1759.0785,1759.1191,68437,82108,Rhinolophus ferrumequinum,0.022,0.022,-1,Echolocation,/mnt/ubna_data_01_mir/recover-20220825/UBNA_002/20220823_033000.WAV,Telephone Field,recover-20220825,002,1795
1759.0825,1759.0891,48671,56431,Pipistrellus pipistrellus,0.02,0.021,-1,Echolocation,/mnt/ubna_data_01_mir/recover-20220825/UBNA_002/20220823_033000.WAV,Telephone Field,recover-20220825,002,1795
1759.1105,1759.1475,68437,81786,Rhinolophus ferrumequinum,0.022,0.022,-1,Echolocation,/mnt/ubna_data_01_mir/recover-20220825/UBNA_002/20220823_033000.WAV,Telephone Field,recover-20220825,002,1795
1759.1235,1759.1573,68437,81080,Rhinolophus ferrumequinum,0.022,0.022,-1,Echolocation,/mnt/ubna_data_01_mir/recover-20220825/UBNA_002/20220823_033000.WAV,Telephone Field,recover-20220825,002,1795
1759.1325,1759.171,68437,82839,Rhinolophus ferrumequinum,0.022,0.022,-1,Echolocation,/mnt/ubna_data_01_mir/recover-20220825/UBNA_002/20220823_033000.WAV,Telephone Field,recover-20220825,002,1795
1759.1825,1759.2179,68437,81787,Rhinolophus ferrumequinum,0.021,0.021,-1,Echolocation,/mnt/ubna_data_01_mir/recover-20220825/UBNA_002/20220823_033000.WAV,Telephone Field,recover-20220825,002,1795
1759.1985,1759.2066,27187,37500,Eptesicus serotinus,0.007,0.021,-1,Echolocation,/mnt/ubna_data_01_mir/recover-20220825/UBNA_002/20220823_033000.WAV,Telephone Field,recover-20220825,002,1795
1759.2285,1759.2703,68437,82581,Rhinolophus ferrumequinum,0.024,0.024,-1,Echolocation,/mnt/ubna_data_01_mir/recover-20220825/UBNA_002/20220823_033000.WAV,Telephone Field,recover-20220825,002,1795
1759.2585,1759.2665,27187,43042,Eptesicus serotinus,0.01,0.027,-1,Echolocation,/mnt/ubna_data_01_mir/recover-20220825/UBNA_002/20220823_033000.WAV,Telephone Field,recover-20220825,002,1795
1759.3155,1759.3231,28046,39934,Eptesicus serotinus,0.007,0.022,-1,Echolocation,/mnt/ubna_data_01_mir/recover-20220825/UBNA_002/20220823_033000.WAV,Telephone Field,recover-20220825,002,1795
1759.3165,1759.3586,68437,82298,Rhinolophus ferrumequinum,0.022,0.022,-1,Echolocation,/mnt/ubna_data_01_mir/recover-20220825/UBNA_002/20220823_033000.WAV,Telephone Field,recover-20220825,002,1795
1759.3215,1759.3628,68437,82846,Rhinolophus ferrumequinum,0.022,0.022,-1,Echolocation,/mnt/ubna_data_01_mir/recover-20220825/UBNA_002/20220823_033000.WAV,Telephone Field,recover-20220825,002,1795
1759.4005,1759.412,23750,30273,Nyctalus leisleri,0.011,0.032,-1,Echolocation,/mnt/ubna_data_01_mir/recover-20220825/UBNA_002/20220823_033000.WAV,Telephone Field,recover-20220825,002,1795
1759.4065,1759.4446,68437,81900,Rhinolophus ferrumequinum,0.025,0.025,-1,Echolocation,/mnt/ubna_data_01_mir/recover-20220825/UBNA_002/20220823_033000.WAV,Telephone Field,recover-20220825,002,1795
1759.4145,1759.4554,68437,82757,Rhinolophus ferrumequinum,0.022,0.022,-1,Echolocation,/mnt/ubna_data_01_mir/recover-20220825/UBNA_002/20220823_033000.WAV,Telephone Field,recover-20220825,002,1795
1759.4325,1759.4716,68437,82785,Rhinolophus ferrumequinum,0.022,0.022,-1,Echolocation,/mnt/ubna_data_01_mir/recover-20220825/UBNA_002/20220823_033000.WAV,Telephone Field,recover-20220825,002,1795
1759.4335,1759.4438,22890,28570,Nyctalus leisleri,0.01,0.023,-1,Echolocation,/mnt/ubna_data_01_mir/recover-20220825/UBNA_002/20220823_033000.WAV,Telephone Field,recover-20220825,002,1795
1759.4715,1759.5076,68437,81910,Rhinolophus ferrumequinum,0.022,0.022,-1,Echolocation,/mnt/ubna_data_01_mir/recover-20220825/UBNA_002/20220823_033000.WAV,Telephone Field,recover-20220825,002,1795
1759.4975,1759.5371,68437,83238,Rhinolophus ferrumequinum,0.037,0.037,-1,Echolocation,/mnt/ubna_data_01_mir/recover-20220825/UBNA_002/20220823_033000.WAV,Telephone Field,recover-20220825,002,1795
1759.5215,1759.5529,68437,80600,Rhinolophus ferrumequinum,0.027,0.027,-1,Echolocation,/mnt/ubna_data_01_mir/recover-20220825/UBNA_002/20220823_033000.WAV,Telephone Field,recover-20220825,002,1795
1759.5505,1759.5873,68437,82069,Rhinolophus ferrumequinum,0.022,0.022,-1,Echolocation,/mnt/ubna_data_01_mir/recover-20220825/UBNA_002/20220823_033000.WAV,Telephone Field,recover-20220825,002,1795
1759.5645,1759.6046,68437,81616,Rhinolophus ferrumequinum,0.025,0.025,-1,Echolocation,/mnt/ubna_data_01_mir/recover-20220825/UBNA_002/20220823_033000.WAV,Telephone Field,recover-20220825,002,1795
1759.5685,1759.5841,21171,24971,Nyctalus leisleri,0.012,0.023,-1,Echolocation,/mnt/ubna_data_01_mir/recover-20220825/UBNA_002/20220823_033000.WAV,Telephone Field,recover-20220825,002,1795
1759.5735,1759.5811,28046,43128,Eptesicus serotinus,0.008,0.022,-1,Echolocation,/mnt/ubna_data_01_mir/recover-20220825/UBNA_002/20220823_033000.WAV,Telephone Field,recover-20220825,002,1795
1759.5805,1759.6235,68437,83693,Rhinolophus ferrumequinum,0.044,0.044,-1,Echolocation,/mnt/ubna_data_01_mir/recover-20220825/UBNA_002/20220823_033000.WAV,Telephone Field,recover-20220825,002,1795
1759.6295,1759.6686,68437,82050,Rhinolophus ferrumequinum,0.023,0.023,-1,Echolocation,/mnt/ubna_data_01_mir/recover-20220825/UBNA_002/20220823_033000.WAV,Telephone Field,recover-20220825,002,1795
1759.6915,1759.7001,24609,33179,Eptesicus serotinus,0.007,0.025,-1,Echolocation,/mnt/ubna_data_01_mir/recover-20220825/UBNA_002/20220823_033000.WAV,Telephone Field,recover-20220825,002,1795
1759.7175,1759.7537,68437,81805,Rhinolophus ferrumequinum,0.023,0.023,-1,Echolocation,/mnt/ubna_data_01_mir/recover-20220825/UBNA_002/20220823_033000.WAV,Telephone Field,recover-20220825,002,1795
1759.7295,1759.7638,68437,81275,Rhinolophus ferrumequinum,0.022,0.022,-1,Echolocation,/mnt/ubna_data_01_mir/recover-20220825/UBNA_002/20220823_033000.WAV,Telephone Field,recover-20220825,002,1795
1759.7495,1759.7904,68437,81792,Rhinolophus ferrumequinum,0.021,0.021,-1,Echolocation,/mnt/ubna_data_01_mir/recover-20220825/UBNA_002/20220823_033000.WAV,Telephone Field,recover-20220825,002,1795
1759.7625,1759.7724,25468,32670,Eptesicus serotinus,0.012,0.032,-1,Echolocation,/mnt/ubna_data_01_mir/recover-20220825/UBNA_002/20220823_033000.WAV,Telephone Field,recover-20220825,002,1795
1759.7975,1759.8323,68437,81595,Rhinolophus ferrumequinum,0.023,0.023,-1,Echolocation,/mnt/ubna_data_01_mir/recover-20220825/UBNA_002/20220823_033000.WAV,Telephone Field,recover-20220825,002,1795
1759.8035,1759.8418,68437,81975,Rhinolophus ferrumequinum,0.022,0.022,-1,Echolocation,/mnt/ubna_data_01_mir/recover-20220825/UBNA_002/20220823_033000.WAV,Telephone Field,recover-20220825,002,1795
1759.8155,1759.826,45234,48232,Pipistrellus pipistrellus,0.024,0.025,-1,Echolocation,/mnt/ubna_data_01_mir/recover-20220825/UBNA_002/20220823_033000.WAV,Telephone Field,recover-20220825,002,1795
1759.8155,1759.8525,68437,82154,Rhinolophus ferrumequinum,0.022,0.022,-1,Echolocation,/mnt/ubna_data_01_mir/recover-20220825/UBNA_002/20220823_033000.WAV,Telephone Field,recover-20220825,002,1795
1759.8485,1759.8594,28906,35274,Eptesicus serotinus,0.012,0.025,-1,Echolocation,/mnt/ubna_data_01_mir/recover-20220825/UBNA_002/20220823_033000.WAV,Telephone Field,recover-20220825,002,1795
1759.8565,1759.8946,68437,81983,Rhinolophus ferrumequinum,0.023,0.023,-1,Echolocation,/mnt/ubna_data_01_mir/recover-20220825/UBNA_002/20220823_033000.WAV,Telephone Field,recover-20220825,002,1795
1759.8645,1759.9047,68437,82580,Rhinolophus ferrumequinum,0.027,0.027,-1,Echolocation,/mnt/ubna_data_01_mir/recover-20220825/UBNA_002/20220823_033000.WAV,Telephone Field,recover-20220825,002,1795
1759.8685,1759.8762,28906,41397,Eptesicus serotinus,0.008,0.023,-1,Echolocation,/mnt/ubna_data_01_mir/recover-20220825/UBNA_002/20220823_033000.WAV,Telephone Field,recover-20220825,002,1795
1759.9165,1759.9263,28906,36290,Eptesicus serotinus,0.01,0.024,-1,Echolocation,/mnt/ubna_data_01_mir/recover-20220825/UBNA_002/20220823_033000.WAV,Telephone Field,recover-20220825,002,1795
1759.9235,1759.9319,28046,35724,Eptesicus serotinus,0.007,0.022,-1,Echolocation,/mnt/ubna_data_01_mir/recover-20220825/UBNA_002/20220823_033000.WAV,Telephone Field,recover-20220825,002,1795
1759.9425,1759.9798,68437,82062,Rhinolophus ferrumequinum,0.021,0.021,-1,Echolocation,/mnt/ubna_data_01_mir/recover-20220825/UBNA_002/20220823_033000.WAV,Telephone Field,recover-20220825,002,1795
1759.9445,1759.9537,28046,36174,Eptesicus serotinus,0.01,0.022,-1,Echolocation,/mnt/ubna_data_01_mir/recover-20220825/UBNA_002/20220823_033000.WAV,Telephone Field,recover-20220825,002,1795
1759.9685,1759.9762,24609,33533,Plecotus austriacus,0.007,0.023,-1,Echolocation,/mnt/ubna_data_01_mir/recover-20220825/UBNA_002/20220823_033000.WAV,Telephone Field,recover-20220825,002,1795
1760.0015,1760.01,26328,35753,Eptesicus serotinus,0.005,0.022,-1,Echolocation,/mnt/ubna_data_01_mir/recover-20220825/UBNA_002/20220823_033000.WAV,Telephone Field,recover-20220825,002,1795
1760.0015,1760.012,48671,54766,Pipistrellus pipistrellus,0.016,0.021,-1,Echolocation,/mnt/ubna_data_01_mir/recover-20220825/UBNA_002/20220823_033000.WAV,Telephone Field,recover-20220825,002,1795
1760.0015,1760.0352,68437,80293,Rhinolophus ferrumequinum,0.033,0.033,-1,Echolocation,/mnt/ubna_data_01_mir/recover-20220825/UBNA_002/20220823_033000.WAV,Telephone Field,recover-20220825,002,1795
1760.0095,1760.0522,68437,82478,Rhinolophus ferrumequinum,0.021,0.021,-1,Echolocation,/mnt/ubna_data_01_mir/recover-20220825/UBNA_002/20220823_033000.WAV,Telephone Field,recover-20220825,002,1795
1760.0325,1760.0385,27187,40973,Eptesicus serotinus,0.006,0.027,-1,Echolocation,/mnt/ubna_data_01_mir/recover-20220825/UBNA_002/20220823_033000.WAV,Telephone Field,recover-20220825,002,1795
1760.0455,1760.0816,68437,81897,Rhinolophus ferrumequinum,0.02,0.02,-1,Echolocation,/mnt/ubna_data_01_mir/recover-20220825/UBNA_002/20220823_033000.WAV,Telephone Field,recover-20220825,002,1795
1760.0485,1760.0555,28046,40513,Eptesicus serotinus,0.007,0.024,-1,Echolocation,/mnt/ubna_data_01_mir/recover-20220825/UBNA_002/20220823_033000.WAV,Telephone Field,recover-20220825,002,1795
1760.0725,1760.1124,68437,82717,Rhinolophus ferrumequinum,0.033,0.033,-1,Echolocation,/mnt/ubna_data_01_mir/recover-20220825/UBNA_002/20220823_033000.WAV,Telephone Field,recover-20220825,002,1795
1760.1065,1760.1147,26328,38757,Eptesicus serotinus,0.006,0.02,-1,Echolocation,/mnt/ubna_data_01_mir/recover-20220825/UBNA_002/20220823_033000.WAV,Telephone Field,recover-20220825,002,1795
1760.1195,1760.128,28906,39639,Eptesicus serotinus,0.008,0.023,-1,Echolocation,/mnt/ubna_data_01_mir/recover-20220825/UBNA_002/20220823_033000.WAV,Telephone Field,recover-20220825,002,1795
1760.1555,1760.1973,68437,81897,Rhinolophus ferrumequinum,0.041,0.041,-1,Echolocation,/mnt/ubna_data_01_mir/recover-20220825/UBNA_002/20220823_033000.WAV,Telephone Field,recover-20220825,002,1795
1760.1555,1760.1642,27187,40459,Eptesicus serotinus,0.01,0.025,-1,Echolocation,/mnt/ubna_data_01_mir/recover-20220825/UBNA_002/20220823_033000.WAV,Telephone Field,recover-20220825,002,1795
1760.2275,1760.2698,68437,83626,Rhinolophus ferrumequinum,0.028,0.028,-1,Echolocation,/mnt/ubna_data_01_mir/recover-20220825/UBNA_002/20220823_033000.WAV,Telephone Field,recover-20220825,002,1795
1760.2495,1760.2601,28046,35781,Eptesicus serotinus,0.011,0.023,-1,Echolocation,/mnt/ubna_data_01_mir/recover-20220825/UBNA_002/20220823_033000.WAV,Telephone Field,recover-20220825,002,1795
1760.2625,1760.3012,68437,82171,Rhinolophus ferrumequinum,0.02,0.02,-1,Echolocation,/mnt/ubna_data_01_mir/recover-20220825/UBNA_002/20220823_033000.WAV,Telephone Field,recover-20220825,002,1795
1760.2855,1760.3233,68437,81449,Rhinolophus ferrumequinum,0.021,0.021,-1,Echolocation,/mnt/ubna_data_01_mir/recover-20220825/UBNA_002/20220823_033000.WAV,Telephone Field,recover-20220825,002,1795
1760.2895,1760.2976,26328,35610,Eptesicus serotinus,0.008,0.022,-1,Echolocation,/mnt/ubna_data_01_mir/recover-20220825/UBNA_002/20220823_033000.WAV,Telephone Field,recover-20220825,002,1795
1760.3005,1760.343,68437,83497,Rhinolophus ferrumequinum,0.032,0.032,-1,Echolocation,/mnt/ubna_data_01_mir/recover-20220825/UBNA_002/20220823_033000.WAV,Telephone Field,recover-20220825,002,1795
1760.3165,1760.3544,68437,82247,Rhinolophus ferrumequinum,0.022,0.022,-1,Echolocation,/mnt/ubna_data_01_mir/recover-20220825/UBNA_002/20220823_033000.WAV,Telephone Field,recover-20220825,002,1795
1760.3725,1760.383,28906,35663,Eptesicus serotinus,0.011,0.025,-1,Echolocation,/mnt/ubna_data_01_mir/recover-20220825/UBNA_002/20220823_033000.WAV,Telephone Field,recover-20220825,002,1795
1760.3875,1760.428,68437,82902,Rhinolophus ferrumequinum,0.03,0.03,-1,Echolocation,/mnt/ubna_data_01_mir/recover-20220825/UBNA_002/20220823_033000.WAV,Telephone Field,recover-20220825,002,1795
1760.4085,1760.4152,25468,39267,Plecotus auritus,0.011,0.031,-1,Echolocation,/mnt/ubna_data_01_mir/recover-20220825/UBNA_002/20220823_033000.WAV,Telephone Field,recover-20220825,002,1795
1760.4175,1760.4564,68437,82156,Rhinolophus ferrumequinum,0.021,0.021,-1,Echolocation,/mnt/ubna_data_01_mir/recover-20220825/UBNA_002/20220823_033000.WAV,Telephone Field,recover-20220825,002,1795
1760.4325,1760.4703,68437,81167,Rhinolophus ferrumequinum,0.02,0.02,-1,Echolocation,/mnt/ubna_data_01_mir/recover-20220825/UBNA_002/20220823_033000.WAV,Telephone Field,recover-20220825,002,1795
1760.4525,1760.49,68437,81883,Rhinolophus ferrumequinum,0.021,0.021,-1,Echolocation,/mnt/ubna_data_01_mir/recover-20220825/UBNA_002/20220823_033000.WAV,Telephone Field,recover-20220825,002,1795
1760.4805,1760.4872,28046,40115,Eptesicus serotinus,0.007,0.024,-1,Echolocation,/mnt/ubna_data_01_mir/recover-20220825/UBNA_002/20220823_033000.WAV,Telephone Field,recover-20220825,002,1795
1760.4885,1760.5248,68437,82140,Rhinolophus ferrumequinum,0.026,0.026,-1,Echolocation,/mnt/ubna_data_01_mir/recover-20220825/UBNA_002/20220823_033000.WAV,Telephone Field,recover-20220825,002,1795
1760.5055,1760.5446,68437,81669,Rhinolophus ferrumequinum,0.021,0.021,-1,Echolocation,/mnt/ubna_data_01_mir/recover-20220825/UBNA_002/20220823_033000.WAV,Telephone Field,recover-20220825,002,1795
1760.5105,1760.5192,28046,39143,Eptesicus serotinus,0.009,0.023,-1,Echolocation,/mnt/ubna_data_01_mir/recover-20220825/UBNA_002/20220823_033000.WAV,Telephone Field,recover-20220825,002,1795
1760.5185,1760.5261,28046,39538,Eptesicus serotinus,0.008,0.026,-1,Echolocation,/mnt/ubna_data_01_mir/recover-20220825/UBNA_002/20220823_033000.WAV,Telephone Field,recover-20220825,002,1795
1760.5545,1760.5653,56406,61821,Pipistrellus pygmaeus,0.021,0.022,-1,Echolocation,/mnt/ubna_data_01_mir/recover-20220825/UBNA_002/20220823_033000.WAV,Telephone Field,recover-20220825,002,1795
1760.5615,1760.6028,68437,83306,Rhinolophus ferrumequinum,0.023,0.023,-1,Echolocation,/mnt/ubna_data_01_mir/recover-20220825/UBNA_002/20220823_033000.WAV,Telephone Field,recover-20220825,002,1795
1760.5685,1760.6098,68437,82678,Rhinolophus ferrumequinum,0.022,0.022,-1,Echolocation,/mnt/ubna_data_01_mir/recover-20220825/UBNA_002/20220823_033000.WAV,Telephone Field,recover-20220825,002,1795
1760.5705,1760.5796,28906,40155,Eptesicus serotinus,0.008,0.022,-1,Echolocation,/mnt/ubna_data_01_mir/recover-20220825/UBNA_002/20220823_033000.WAV,Telephone Field,recover-20220825,002,1795
1760.5925,1760.6321,68437,82786,Rhinolophus ferrumequinum,0.023,0.023,-1,Echolocation,/mnt/ubna_data_01_mir/recover-20220825/UBNA_002/20220823_033000.WAV,Telephone Field,recover-20220825,002,1795
1760.6075,1760.6194,23750,29224,Nyctalus leisleri,0.011,0.027,-1,Echolocation,/mnt/ubna_data_01_mir/recover-20220825/UBNA_002/20220823_033000.WAV,Telephone Field,recover-20220825,002,1795
1760.6505,1760.6918,68437,83083,Rhinolophus ferrumequinum,0.036,0.036,-1,Echolocation,/mnt/ubna_data_01_mir/recover-20220825/UBNA_002/20220823_033000.WAV,Telephone Field,recover-20220825,002,1795
1760.6905,1760.7295,68437,82615,Rhinolophus ferrumequinum,0.03,0.03,-1,Echolocation,/mnt/ubna_data_01_mir/recover-20220825/UBNA_002/20220823_033000.WAV,Telephone Field,recover-20220825,002,1795
1760.6915,1760.6995,28046,38559,Eptesicus serotinus,0.008,0.024,-1,Echolocation,/mnt/ubna_data_01_mir/recover-20220825/UBNA_002/20220823_033000.WAV,Telephone Field,recover-20220825,002,1795
1760.7475,1760.7852,68437,81347,Rhinolophus ferrumequinum,0.024,0.024,-1,Echolocation,/mnt/ubna_data_01_mir/recover-20220825/UBNA_002/20220823_033000.WAV,Telephone Field,recover-20220825,002,1795
1760.7605,1760.7968,68437,81335,Rhinolophus ferrumequinum,0.02,0.021,-1,Echolocation,/mnt/ubna_data_01_mir/recover-20220825/UBNA_002/20220823_033000.WAV,Telephone Field,recover-20220825,002,1795
1760.7665,1760.8034,68437,81582,Rhinolophus ferrumequinum,0.022,0.022,-1,Echolocation,/mnt/ubna_data_01_mir/recover-20220825/UBNA_002/20220823_033000.WAV,Telephone Field,recover-20220825,002,1795
1760.7675,1760.7771,22890,28563,Nyctalus leisleri,0.008,0.02,-1,Echolocation,/mnt/ubna_data_01_mir/recover-20220825/UBNA_002/20220823_033000.WAV,Telephone Field,recover-20220825,002,1795
1760.7765,1760.8159,68437,82610,Rhinolophus ferrumequinum,0.024,0.024,-1,Echolocation,/mnt/ubna_data_01_mir/recover-20220825/UBNA_002/20220823_033000.WAV,Telephone Field,recover-20220825,002,1795
1760.7805,1760.7913,26328,33675,Eptesicus serotinus,0.014,0.029,-1,Echolocation,/mnt/ubna_data_01_mir/recover-20220825/UBNA_002/20220823_033000.WAV,Telephone Field,recover-20220825,002,1795
1760.7825,1760.8186,68437,81623,Rhinolophus ferrumequinum,0.024,0.024,-1,Echolocation,/mnt/ubna_data_01_mir/recover-20220825/UBNA_002/20220823_033000.WAV,Telephone Field,recover-20220825,002,1795
1760.8265,1760.8641,68437,81268,Rhinolophus ferrumequinum,0.021,0.021,-1,Echolocation,/mnt/ubna_data_01_mir/recover-20220825/UBNA_002/20220823_033000.WAV,Telephone Field,recover-20220825,002,1795
1760.8435,1760.8856,68437,82532,Rhinolophus ferrumequinum,0.031,0.031,-1,Echolocation,/mnt/ubna_data_01_mir/recover-20220825/UBNA_002/20220823_033000.WAV,Telephone Field,recover-20220825,002,1795
1760.8935,1760.9,28046,39757,Eptesicus serotinus,0.006,0.023,-1,Echolocation,/mnt/ubna_data_01_mir/recover-20220825/UBNA_002/20220823_033000.WAV,Telephone Field,recover-20220825,002,1795
1760.9055,1760.9464,68437,82634,Rhinolophus ferrumequinum,0.024,0.025,-1,Echolocation,/mnt/ubna_data_01_mir/recover-20220825/UBNA_002/20220823_033000.WAV,Telephone Field,recover-20220825,002,1795
1760.9275,1760.9622,68437,81930,Rhinolophus ferrumequinum,0.02,0.02,-1,Echolocation,/mnt/ubna_data_01_mir/recover-20220825/UBNA_002/20220823_033000.WAV,Telephone Field,recover-20220825,002,1795
1760.9675,1761.005,68437,81008,Rhinolophus ferrumequinum,0.022,0.022,-1,Echolocation,/mnt/ubna_data_01_mir/recover-20220825/UBNA_002/20220823_033000.WAV,Telephone Field,recover-20220825,002,1795
1760.9945,1761.0137,20312,23367,Nyctalus leisleri,0.012,0.021,-1,Echolocation,/mnt/ubna_data_01_mir/recover-20220825/UBNA_002/20220823_033000.WAV,Telephone Field,recover-20220825,002,1795
1761.0055,1761.017,22890,27652,Nyctalus leisleri,0.011,0.021,-1,Echolocation,/mnt/ubna_data_01_mir/recover-20220825/UBNA_002/20220823_033000.WAV,Telephone Field,recover-20220825,002,1795
1761.0255,1761.0676,68437,82107,Rhinolophus ferrumequinum,0.022,0.022,-1,Echolocation,/mnt/ubna_data_01_mir/recover-20220825/UBNA_002/20220823_033000.WAV,Telephone Field,recover-20220825,002,1795
1761.0395,1761.0502,28906,37174,Eptesicus serotinus,0.014,0.026,-1,Echolocation,/mnt/ubna_data_01_mir/recover-20220825/UBNA_002/20220823_033000.WAV,Telephone Field,recover-20220825,002,1795
1761.0445,1761.0571,53828,58094,Pipistrellus pygmaeus,0.02,0.023,-1,Echolocation,/mnt/ubna_data_01_mir/recover-20220825/UBNA_002/20220823_033000.WAV,Telephone Field,recover-20220825,002,1795
1761.0475,1761.0566,28906,37908,Eptesicus serotinus,0.008,0.022,-1,Echolocation,/mnt/ubna_data_01_mir/recover-20220825/UBNA_002/20220823_033000.WAV,Telephone Field,recover-20220825,002,1795
1761.0485,1761.0878,68437,81909,Rhinolophus ferrumequinum,0.021,0.022,-1,Echolocation,/mnt/ubna_data_01_mir/recover-20220825/UBNA_002/20220823_033000.WAV,Telephone Field,recover-20220825,002,1795
1761.0715,1761.1089,68437,81835,Rhinolophus ferrumequinum,0.021,0.022,-1,Echolocation,/mnt/ubna_data_01_mir/recover-20220825/UBNA_002/20220823_033000.WAV,Telephone Field,recover-20220825,002,1795
1761.0895,1761.1289,68437,82261,Rhinolophus ferrumequinum,0.021,0.021,-1,Echolocation,/mnt/ubna_data_01_mir/recover-20220825/UBNA_002/20220823_033000.WAV,Telephone Field,recover-20220825,002,1795
1761.1075,1761.1397,68437,81727,Rhinolophus ferrumequinum,0.021,0.021,-1,Echolocation,/mnt/ubna_data_01_mir/recover-20220825/UBNA_002/20220823_033000.WAV,Telephone Field,recover-20220825,002,1795
1761.1385,1761.1779,68437,82243,Rhinolophus ferrumequinum,0.023,0.023,-1,Echolocation,/mnt/ubna_data_01_mir/recover-20220825/UBNA_002/20220823_033000.WAV,Telephone Field,recover-20220825,002,1795
1761.1615,1761.2049,68437,82509,Rhinolophus ferrumequinum,0.025,0.025,-1,Echolocation,/mnt/ubna_data_01_mir/recover-20220825/UBNA_002/20220823_033000.WAV,Telephone Field,recover-20220825,002,1795
1761.1695,1761.2057,68437,81600,Rhinolophus ferrumequinum,0.02,0.02,-1,Echolocation,/mnt/ubna_data_01_mir/recover-20220825/UBNA_002/20220823_033000.WAV,Telephone Field,recover-20220825,002,1795
1761.1875,1761.1981,22031,27455,Nyctalus leisleri,0.011,0.025,-1,Echolocation,/mnt/ubna_data_01_mir/recover-20220825/UBNA_002/20220823_033000.WAV,Telephone Field,recover-20220825,002,1795
1761.2105,1761.2189,26328,38247,Eptesicus serotinus,0.01,0.025,-1,Echolocation,/mnt/ubna_data_01_mir/recover-20220825/UBNA_002/20220823_033000.WAV,Telephone Field,recover-20220825,002,1795
1761.2125,1761.2516,68437,82566,Rhinolophus ferrumequinum,0.025,0.025,-1,Echolocation,/mnt/ubna_data_01_mir/recover-20220825/UBNA_002/20220823_033000.WAV,Telephone Field,recover-20220825,002,1795
1761.2245,1761.2601,68437,81718,Rhinolophus ferrumequinum,0.021,0.021,-1,Echolocation,/mnt/ubna_data_01_mir/recover-20220825/UBNA_002/20220823_033000.WAV,Telephone Field,recover-20220825,002,1795
1761.2455,1761.2582,56406,61287,Pipistrellus pygmaeus,0.051,0.053,-1,Echolocation,/mnt/ubna_data_01_mir/recover-20220825/UBNA_002/20220823_033000.WAV,Telephone Field,recover-20220825,002,1795
1761.2655,1761.3054,68437,82214,Rhinolophus ferrumequinum,0.024,0.025,-1,Echolocation,/mnt/ubna_data_01_mir/recover-20220825/UBNA_002/20220823_033000.WAV,Telephone Field,recover-20220825,002,1795
1761.2825,1761.3218,68437,82046,Rhinolophus ferrumequinum,0.024,0.025,-1,Echolocation,/mnt/ubna_data_01_mir/recover-20220825/UBNA_002/20220823_033000.WAV,Telephone Field,recover-20220825,002,1795
1761.3155,1761.3552,68437,82245,Rhinolophus ferrumequinum,0.03,0.03,-1,Echolocation,/mnt/ubna_data_01_mir/recover-20220825/UBNA_002/20220823_033000.WAV,Telephone Field,recover-20220825,002,1795
1761.3665,1761.3757,29765,38015,Eptesicus serotinus,0.01,0.024,-1,Echolocation,/mnt/ubna_data_01_mir/recover-20220825/UBNA_002/20220823_033000.WAV,Telephone Field,recover-20220825,002,1795
1761.3855,1761.4235,68437,82081,Rhinolophus ferrumequinum,0.022,0.022,-1,Echolocation,/mnt/ubna_data_01_mir/recover-20220825/UBNA_002/20220823_033000.WAV,Telephone Field,recover-20220825,002,1795
1761.3905,1761.3977,28046,41054,Eptesicus serotinus,0.008,0.026,-1,Echolocation,/mnt/ubna_data_01_mir/recover-20220825/UBNA_002/20220823_033000.WAV,Telephone Field,recover-20220825,002,1795
1761.4195,1761.4622,68437,83462,Rhinolophus ferrumequinum,0.034,0.034,-1,Echolocation,/mnt/ubna_data_01_mir/recover-20220825/UBNA_002/20220823_033000.WAV,Telephone Field,recover-20220825,002,1795
1761.4455,1761.4555,22031,26798,Nyctalus leisleri,0.009,0.021,-1,Echolocation,/mnt/ubna_data_01_mir/recover-20220825/UBNA_002/20220823_033000.WAV,Telephone Field,recover-20220825,002,1795
1761.4855,1761.5257,68437,82274,Rhinolophus ferrumequinum,0.026,0.026,-1,Echolocation,/mnt/ubna_data_01_mir/recover-20220825/UBNA_002/20220823_033000.WAV,Telephone Field,recover-20220825,002,1795
1761.4955,1761.5358,68437,82075,Rhinolophus ferrumequinum,0.023,0.023,-1,Echolocation,/mnt/ubna_data_01_mir/recover-20220825/UBNA_002/20220823_033000.WAV,Telephone Field,recover-20220825,002,1795
1761.5595,1761.569,22890,29222,Nyctalus leisleri,0.007,0.021,-1,Echolocation,/mnt/ubna_data_01_mir/recover-20220825/UBNA_002/20220823_033000.WAV,Telephone Field,recover-20220825,002,1795
1761.5745,1761.616,68437,82663,Rhinolophus ferrumequinum,0.031,0.031,-1,Echolocation,/mnt/ubna_data_01_mir/recover-20220825/UBNA_002/20220823_033000.WAV,Telephone Field,recover-20220825,002,1795
1761.5925,1761.6025,24609,31963,Eptesicus serotinus,0.01,0.031,-1,Echolocation,/mnt/ubna_data_01_mir/recover-20220825/UBNA_002/20220823_033000.WAV,Telephone Field,recover-20220825,002,1795
1761.6165,1761.6256,49531,54652,Pipistrellus pipistrellus,0.022,0.024,-1,Echolocation,/mnt/ubna_data_01_mir/recover-20220825/UBNA_002/20220823_033000.WAV,Telephone Field,recover-20220825,002,1795
1761.6235,1761.6315,28046,38992,Eptesicus serotinus,0.008,0.023,-1,Echolocation,/mnt/ubna_data_01_mir/recover-20220825/UBNA_002/20220823_033000.WAV,Telephone Field,recover-20220825,002,1795
1761.6395,1761.6781,68437,82631,Rhinolophus ferrumequinum,0.023,0.023,-1,Echolocation,/mnt/ubna_data_01_mir/recover-20220825/UBNA_002/20220823_033000.WAV,Telephone Field,recover-20220825,002,1795
1761.6545,1761.667,33203,38613,Pipistrellus nathusii,0.009,0.022,-1,Echolocation,/mnt/ubna_data_01_mir/recover-20220825/UBNA_002/20220823_033000.WAV,Telephone Field,recover-20220825,002,1795
1761.6575,1761.6672,28046,36546,Eptesicus serotinus,0.008,0.021,-1,Echolocation,/mnt/ubna_data_01_mir/recover-20220825/UBNA_002/20220823_033000.WAV,Telephone Field,recover-20220825,002,1795
1761.6665,1761.7035,68437,81571,Rhinolophus ferrumequinum,0.021,0.021,-1,Echolocation,/mnt/ubna_data_01_mir/recover-20220825/UBNA_002/20220823_033000.WAV,Telephone Field,recover-20220825,002,1795
1761.6895,1761.7341,68437,83814,Rhinolophus ferrumequinum,0.042,0.042,-1,Echolocation,/mnt/ubna_data_01_mir/recover-20220825/UBNA_002/20220823_033000.WAV,Telephone Field,recover-20220825,002,1795
1761.7085,1761.7423,68437,81399,Rhinolophus ferrumequinum,0.021,0.021,-1,Echolocation,/mnt/ubna_data_01_mir/recover-20220825/UBNA_002/20220823_033000.WAV,Telephone Field,recover-20220825,002,1795
1761.7095,1761.7168,22890,31764,Plecotus austriacus,0.012,0.025,-1,Echolocation,/mnt/ubna_data_01_mir/recover-20220825/UBNA_002/20220823_033000.WAV,Telephone Field,recover-20220825,002,1795
1761.7485,1761.7602,22031,26040,Nyctalus leisleri,0.012,0.021,-1,Echolocation,/mnt/ubna_data_01_mir/recover-20220825/UBNA_002/20220823_033000.WAV,Telephone Field,recover-20220825,002,1795
1761.7565,1761.7721,22031,25719,Nyctalus leisleri,0.013,0.022,-1,Echolocation,/mnt/ubna_data_01_mir/recover-20220825/UBNA_002/20220823_033000.WAV,Telephone Field,recover-20220825,002,1795
1761.7585,1761.7997,68437,82524,Rhinolophus ferrumequinum,0.03,0.03,-1,Echolocation,/mnt/ubna_data_01_mir/recover-20220825/UBNA_002/20220823_033000.WAV,Telephone Field,recover-20220825,002,1795
1761.8075,1761.8149,28906,41471,Eptesicus serotinus,0.008,0.023,-1,Echolocation,/mnt/ubna_data_01_mir/recover-20220825/UBNA_002/20220823_033000.WAV,Telephone Field,recover-20220825,002,1795
1761.8105,1761.815,48671,66721,Myotis mystacinus,0.011,0.022,-1,Echolocation,/mnt/ubna_data_01_mir/recover-20220825/UBNA_002/20220823_033000.WAV,Telephone Field,recover-20220825,002,1795
1761.8205,1761.8582,68437,81689,Rhinolophus ferrumequinum,0.023,0.023,-1,Echolocation,/mnt/ubna_data_01_mir/recover-20220825/UBNA_002/20220823_033000.WAV,Telephone Field,recover-20220825,002,1795
1761.8345,1761.8464,22031,25998,Nyctalus leisleri,0.012,0.022,-1,Echolocation,/mnt/ubna_data_01_mir/recover-20220825/UBNA_002/20220823_033000.WAV,Telephone Field,recover-20220825,002,1795
1761.8465,1761.8547,28046,39225,Eptesicus serotinus,0.008,0.023,-1,Echolocation,/mnt/ubna_data_01_mir/recover-20220825/UBNA_002/20220823_033000.WAV,Telephone Field,recover-20220825,002,1795
1761.8585,1761.8980999999999,68437,82406,Rhinolophus ferrumequinum,0.024,0.024,-1,Echolocation,/mnt/ubna_data_01_mir/recover-20220825/UBNA_002/20220823_033000.WAV,Telephone Field,recover-20220825,002,1795
1761.8765,1761.8831,51250,60018,Pipistrellus pipistrellus,0.017,0.023,-1,Echolocation,/mnt/ubna_data_01_mir/recover-20220825/UBNA_002/20220823_033000.WAV,Telephone Field,recover-20220825,002,1795
1761.8785,1761.8842,37500,64504,Myotis brandtii,0.01,0.023,-1,Echolocation,/mnt/ubna_data_01_mir/recover-20220825/UBNA_002/20220823_033000.WAV,Telephone Field,recover-20220825,002,1795
1761.8835,1761.922,68437,83243,Rhinolophus ferrumequinum,0.034,0.034,-1,Echolocation,/mnt/ubna_data_01_mir/recover-20220825/UBNA_002/20220823_033000.WAV,Telephone Field,recover-20220825,002,1795
1761.8845,1761.8947,22890,27769,Nyctalus leisleri,0.011,0.023,-1,Echolocation,/mnt/ubna_data_01_mir/recover-20220825/UBNA_002/20220823_033000.WAV,Telephone Field,recover-20220825,002,1795
1761.9205,1761.9307,24609,31866,Nyctalus leisleri,0.007,0.022,-1,Echolocation,/mnt/ubna_data_01_mir/recover-20220825/UBNA_002/20220823_033000.WAV,Telephone Field,recover-20220825,002,1795
1761.9315,1761.9745,68437,83634,Rhinolophus ferrumequinum,0.037,0.037,-1,Echolocation,/mnt/ubna_data_01_mir/recover-20220825/UBNA_002/20220823_033000.WAV,Telephone Field,recover-20220825,002,1795
1761.9485,1761.9575,28906,36854,Eptesicus serotinus,0.009,0.021,-1,Echolocation,/mnt/ubna_data_01_mir/recover-20220825/UBNA_002/20220823_033000.WAV,Telephone Field,recover-20220825,002,1795
1762.0015,1762.0293,69296,80169,Rhinolophus ferrumequinum,0.025,0.026,-1,Echolocation,/mnt/ubna_data_01_mir/recover-20220825/UBNA_002/20220823_033000.WAV,Telephone Field,recover-20220825,002,1795
1762.0015,1762.0108,22890,29747,Nyctalus leisleri,0.014,0.04,-1,Echolocation,/mnt/ubna_data_01_mir/recover-20220825/UBNA_002/20220823_033000.WAV,Telephone Field,recover-20220825,002,1795
1762.0435,1762.0821,68437,82531,Rhinolophus ferrumequinum,0.023,0.023,-1,Echolocation,/mnt/ubna_data_01_mir/recover-20220825/UBNA_002/20220823_033000.WAV,Telephone Field,recover-20220825,002,1795
1762.0435,1762.0523,30625,39554,Eptesicus serotinus,0.008,0.022,-1,Echolocation,/mnt/ubna_data_01_mir/recover-20220825/UBNA_002/20220823_033000.WAV,Telephone Field,recover-20220825,002,1795
1762.0565,1762.0964,68437,82463,Rhinolophus ferrumequinum,0.021,0.021,-1,Echolocation,/mnt/ubna_data_01_mir/recover-20220825/UBNA_002/20220823_033000.WAV,Telephone Field,recover-20220825,002,1795
1762.0735,1762.1181,68437,83497,Rhinolophus ferrumequinum,0.051,0.051,-1,Echolocation,/mnt/ubna_data_01_mir/recover-20220825/UBNA_002/20220823_033000.WAV,Telephone Field,recover-20220825,002,1795
1762.0905,1762.1297,68437,82348,Rhinolophus ferrumequinum,0.021,0.021,-1,Echolocation,/mnt/ubna_data_01_mir/recover-20220825/UBNA_002/20220823_033000.WAV,Telephone Field,recover-20220825,002,1795
1762.1025,1762.1393,68437,82476,Rhinolophus ferrumequinum,0.023,0.023,-1,Echolocation,/mnt/ubna_data_01_mir/recover-20220825/UBNA_002/20220823_033000.WAV,Telephone Field,recover-20220825,002,1795
1762.1055,1762.1179,22031,25829,Nyctalus leisleri,0.017,0.028,-1,Echolocation,/mnt/ubna_data_01_mir/recover-20220825/UBNA_002/20220823_033000.WAV,Telephone Field,recover-20220825,002,1795
1762.1155,1762.1227,28046,38767,Eptesicus serotinus,0.006,0.021,-1,Echolocation,/mnt/ubna_data_01_mir/recover-20220825/UBNA_002/20220823_033000.WAV,Telephone Field,recover-20220825,002,1795
1762.1315,1762.1745,68437,83449,Rhinolophus ferrumequinum,0.025,0.025,-1,Echolocation,/mnt/ubna_data_01_mir/recover-20220825/UBNA_002/20220823_033000.WAV,Telephone Field,recover-20220825,002,1795
1762.1395,1762.1803,68437,82583,Rhinolophus ferrumequinum,0.023,0.023,-1,Echolocation,/mnt/ubna_data_01_mir/recover-20220825/UBNA_002/20220823_033000.WAV,Telephone Field,recover-20220825,002,1795
1762.1795,1762.2194,68437,82920,Rhinolophus ferrumequinum,0.023,0.023,-1,Echolocation,/mnt/ubna_data_01_mir/recover-20220825/UBNA_002/20220823_033000.WAV,Telephone Field,recover-20220825,002,1795
1762.1875,1762.2254,68437,82721,Rhinolophus ferrumequinum,0.021,0.021,-1,Echolocation,/mnt/ubna_data_01_mir/recover-20220825/UBNA_002/20220823_033000.WAV,Telephone Field,recover-20220825,002,1795
1762.2165,1762.259,68437,82975,Rhinolophus ferrumequinum,0.028,0.028,-1,Echolocation,/mnt/ubna_data_01_mir/recover-20220825/UBNA_002/20220823_033000.WAV,Telephone Field,recover-20220825,002,1795
1762.2735,1762.2827,26328,34038,Eptesicus serotinus,0.009,0.025,-1,Echolocation,/mnt/ubna_data_01_mir/recover-20220825/UBNA_002/20220823_033000.WAV,Telephone Field,recover-20220825,002,1795
1762.2935,1762.3354,68437,82464,Rhinolophus ferrumequinum,0.023,0.023,-1,Echolocation,/mnt/ubna_data_01_mir/recover-20220825/UBNA_002/20220823_033000.WAV,Telephone Field,recover-20220825,002,1795
1762.3175,1762.3592,68437,82873,Rhinolophus ferrumequinum,0.027,0.027,-1,Echolocation,/mnt/ubna_data_01_mir/recover-20220825/UBNA_002/20220823_033000.WAV,Telephone Field,recover-20220825,002,1795
1762.3415,1762.3776,68437,81635,Rhinolophus ferrumequinum,0.021,0.021,-1,Echolocation,/mnt/ubna_data_01_mir/recover-20220825/UBNA_002/20220823_033000.WAV,Telephone Field,recover-20220825,002,1795
1762.3525,1762.3603,28046,38837,Eptesicus serotinus,0.007,0.022,-1,Echolocation,/mnt/ubna_data_01_mir/recover-20220825/UBNA_002/20220823_033000.WAV,Telephone Field,recover-20220825,002,1795
1762.3785,1762.3863,28046,39181,Eptesicus serotinus,0.007,0.021,-1,Echolocation,/mnt/ubna_data_01_mir/recover-20220825/UBNA_002/20220823_033000.WAV,Telephone Field,recover-20220825,002,1795
1762.4255,1762.4634,68437,81394,Rhinolophus ferrumequinum,0.023,0.023,-1,Echolocation,/mnt/ubna_data_01_mir/recover-20220825/UBNA_002/20220823_033000.WAV,Telephone Field,recover-20220825,002,1795
1762.4435,1762.452,27187,39871,Eptesicus serotinus,0.009,0.024,-1,Echolocation,/mnt/ubna_data_01_mir/recover-20220825/UBNA_002/20220823_033000.WAV,Telephone Field,recover-20220825,002,1795
1762.4785,1762.5187,68437,82233,Rhinolophus ferrumequinum,0.021,0.021,-1,Echolocation,/mnt/ubna_data_01_mir/recover-20220825/UBNA_002/20220823_033000.WAV,Telephone Field,recover-20220825,002,1795
1762.4855,1762.5269,68437,82698,Rhinolophus ferrumequinum,0.023,0.023,-1,Echolocation,/mnt/ubna_data_01_mir/recover-20220825/UBNA_002/20220823_033000.WAV,Telephone Field,recover-20220825,002,1795
1762.5145,1762.5227,25468,33803,Eptesicus serotinus,0.006,0.021,-1,Echolocation,/mnt/ubna_data_01_mir/recover-20220825/UBNA_002/20220823_033000.WAV,Telephone Field,recover-20220825,002,1795
1762.5165,1762.5529,68437,81933,Rhinolophus ferrumequinum,0.027,0.027,-1,Echolocation,/mnt/ubna_data_01_mir/recover-20220825/UBNA_002/20220823_033000.WAV,Telephone Field,recover-20220825,002,1795
1762.5245,1762.56,68437,81668,Rhinolophus ferrumequinum,0.021,0.021,-1,Echolocation,/mnt/ubna_data_01_mir/recover-20220825/UBNA_002/20220823_033000.WAV,Telephone Field,recover-20220825,002,1795
1762.5445,1762.5812,68437,82086,Rhinolophus ferrumequinum,0.024,0.024,-1,Echolocation,/mnt/ubna_data_01_mir/recover-20220825/UBNA_002/20220823_033000.WAV,Telephone Field,recover-20220825,002,1795
1762.5515,1762.5879,68437,82128,Rhinolophus ferrumequinum,0.021,0.021,-1,Echolocation,/mnt/ubna_data_01_mir/recover-20220825/UBNA_002/20220823_033000.WAV,Telephone Field,recover-20220825,002,1795
1762.5675,1762.5769,25468,34251,Eptesicus serotinus,0.01,0.027,-1,Echolocation,/mnt/ubna_data_01_mir/recover-20220825/UBNA_002/20220823_033000.WAV,Telephone Field,recover-20220825,002,1795
1762.5895,1762.6301,68437,83318,Rhinolophus ferrumequinum,0.03,0.03,-1,Echolocation,/mnt/ubna_data_01_mir/recover-20220825/UBNA_002/20220823_033000.WAV,Telephone Field,recover-20220825,002,1795
1762.5945,1762.6043,22890,28597,Nyctalus leisleri,0.01,0.023,-1,Echolocation,/mnt/ubna_data_01_mir/recover-20220825/UBNA_002/20220823_033000.WAV,Telephone Field,recover-20220825,002,1795
1762.6415,1762.6511,29765,39025,Eptesicus serotinus,0.009,0.025,-1,Echolocation,/mnt/ubna_data_01_mir/recover-20220825/UBNA_002/20220823_033000.WAV,Telephone Field,recover-20220825,002,1795
1762.6535,1762.661,28046,38625,Eptesicus serotinus,0.006,0.022,-1,Echolocation,/mnt/ubna_data_01_mir/recover-20220825/UBNA_002/20220823_033000.WAV,Telephone Field,recover-20220825,002,1795
1762.6685,1762.6784,27187,37413,Eptesicus serotinus,0.011,0.026,-1,Echolocation,/mnt/ubna_data_01_mir/recover-20220825/UBNA_002/20220823_033000.WAV,Telephone Field,recover-20220825,002,1795
1762.6965,1762.7059,28046,36608,Eptesicus serotinus,0.009,0.023,-1,Echolocation,/mnt/ubna_data_01_mir/recover-20220825/UBNA_002/20220823_033000.WAV,Telephone Field,recover-20220825,002,1795
1762.6995,1762.7367,68437,81495,Rhinolophus ferrumequinum,0.025,0.025,-1,Echolocation,/mnt/ubna_data_01_mir/recover-20220825/UBNA_002/20220823_033000.WAV,Telephone Field,recover-20220825,002,1795
1762.7185,1762.757,68437,82005,Rhinolophus ferrumequinum,0.023,0.023,-1,Echolocation,/mnt/ubna_data_01_mir/recover-20220825/UBNA_002/20220823_033000.WAV,Telephone Field,recover-20220825,002,1795
1762.7255,1762.7656,68437,82090,Rhinolophus ferrumequinum,0.023,0.023,-1,Echolocation,/mnt/ubna_data_01_mir/recover-20220825/UBNA_002/20220823_033000.WAV,Telephone Field,recover-20220825,002,1795
1762.7305,1762.7374,28046,39512,Eptesicus serotinus,0.007,0.023,-1,Echolocation,/mnt/ubna_data_01_mir/recover-20220825/UBNA_002/20220823_033000.WAV,Telephone Field,recover-20220825,002,1795
1762.8005,1762.8071,43515,57740,Myotis mystacinus,0.007,0.03,-1,Echolocation,/mnt/ubna_data_01_mir/recover-20220825/UBNA_002/20220823_033000.WAV,Telephone Field,recover-20220825,002,1795
1762.8275,1762.8371,46093,49734,Pipistrellus pipistrellus,0.028,0.03,-1,Echolocation,/mnt/ubna_data_01_mir/recover-20220825/UBNA_002/20220823_033000.WAV,Telephone Field,recover-20220825,002,1795
1762.8425,1762.8813,68437,82210,Rhinolophus ferrumequinum,0.023,0.023,-1,Echolocation,/mnt/ubna_data_01_mir/recover-20220825/UBNA_002/20220823_033000.WAV,Telephone Field,recover-20220825,002,1795
1762.8585,1762.8924,68437,80950,Rhinolophus ferrumequinum,0.024,0.024,-1,Echolocation,/mnt/ubna_data_01_mir/recover-20220825/UBNA_002/20220823_033000.WAV,Telephone Field,recover-20220825,002,1795
1762.8675,1762.9062,68437,81837,Rhinolophus ferrumequinum,0.021,0.022,-1,Echolocation,/mnt/ubna_data_01_mir/recover-20220825/UBNA_002/20220823_033000.WAV,Telephone Field,recover-20220825,002,1795
1762.8945,1762.9246,68437,79391,Rhinolophus ferrumequinum,0.021,0.022,-1,Echolocation,/mnt/ubna_data_01_mir/recover-20220825/UBNA_002/20220823_033000.WAV,Telephone Field,recover-20220825,002,1795
1762.9165,1762.9566,68437,82366,Rhinolophus ferrumequinum,0.03,0.03,-1,Echolocation,/mnt/ubna_data_01_mir/recover-20220825/UBNA_002/20220823_033000.WAV,Telephone Field,recover-20220825,002,1795
1762.9325,1762.9402,28046,38331,Eptesicus serotinus,0.006,0.021,-1,Echolocation,/mnt/ubna_data_01_mir/recover-20220825/UBNA_002/20220823_033000.WAV,Telephone Field,recover-20220825,002,1795
1762.9325,1762.9398,23750,32191,Plecotus austriacus,0.009,0.021,-1,Echolocation,/mnt/ubna_data_01_mir/recover-20220825/UBNA_002/20220823_033000.WAV,Telephone Field,recover-20220825,002,1795
1762.9615,1762.9725,22890,27644,Nyctalus leisleri,0.011,0.023,-1,Echolocation,/mnt/ubna_data_01_mir/recover-20220825/UBNA_002/20220823_033000.WAV,Telephone Field,recover-20220825,002,1795
1763.0115,1763.0187,28046,40033,Eptesicus serotinus,0.006,0.021,-1,Echolocation,/mnt/ubna_data_01_mir/recover-20220825/UBNA_002/20220823_033000.WAV,Telephone Field,recover-20220825,002,1795
1763.0465,1763.0534,25468,35425,Plecotus auritus,0.009,0.031,-1,Echolocation,/mnt/ubna_data_01_mir/recover-20220825/UBNA_002/20220823_033000.WAV,Telephone Field,recover-20220825,002,1795
1763.0595,1763.0981,68437,81469,Rhinolophus ferrumequinum,0.021,0.021,-1,Echolocation,/mnt/ubna_data_01_mir/recover-20220825/UBNA_002/20220823_033000.WAV,Telephone Field,recover-20220825,002,1795
1763.0655,1763.1041,68437,82002,Rhinolophus ferrumequinum,0.021,0.021,-1,Echolocation,/mnt/ubna_data_01_mir/recover-20220825/UBNA_002/20220823_033000.WAV,Telephone Field,recover-20220825,002,1795
1763.0665,1763.0735,28046,41527,Eptesicus serotinus,0.007,0.024,-1,Echolocation,/mnt/ubna_data_01_mir/recover-20220825/UBNA_002/20220823_033000.WAV,Telephone Field,recover-20220825,002,1795
1763.0875,1763.1257,68437,82124,Rhinolophus ferrumequinum,0.021,0.021,-1,Echolocation,/mnt/ubna_data_01_mir/recover-20220825/UBNA_002/20220823_033000.WAV,Telephone Field,recover-20220825,002,1795
1763.1015,1763.1383,68437,82523,Rhinolophus ferrumequinum,0.022,0.022,-1,Echolocation,/mnt/ubna_data_01_mir/recover-20220825/UBNA_002/20220823_033000.WAV,Telephone Field,recover-20220825,002,1795
1763.1175,1763.1583,68437,82675,Rhinolophus ferrumequinum,0.022,0.022,-1,Echolocation,/mnt/ubna_data_01_mir/recover-20220825/UBNA_002/20220823_033000.WAV,Telephone Field,recover-20220825,002,1795
1763.1345,1763.1734,68437,81992,Rhinolophus ferrumequinum,0.021,0.021,-1,Echolocation,/mnt/ubna_data_01_mir/recover-20220825/UBNA_002/20220823_033000.WAV,Telephone Field,recover-20220825,002,1795
1763.1585,1763.1973,68437,81851,Rhinolophus ferrumequinum,0.022,0.022,-1,Echolocation,/mnt/ubna_data_01_mir/recover-20220825/UBNA_002/20220823_033000.WAV,Telephone Field,recover-20220825,002,1795
1763.1615,1763.1698,23750,32781,Plecotus austriacus,0.011,0.027,-1,Echolocation,/mnt/ubna_data_01_mir/recover-20220825/UBNA_002/20220823_033000.WAV,Telephone Field,recover-20220825,002,1795
1763.1725,1763.2096,68437,82338,Rhinolophus ferrumequinum,0.023,0.023,-1,Echolocation,/mnt/ubna_data_01_mir/recover-20220825/UBNA_002/20220823_033000.WAV,Telephone Field,recover-20220825,002,1795
1763.1815,1763.1912,28046,38333,Eptesicus serotinus,0.011,0.024,-1,Echolocation,/mnt/ubna_data_01_mir/recover-20220825/UBNA_002/20220823_033000.WAV,Telephone Field,recover-20220825,002,1795
1763.2195,1763.2323,22890,26837,Nyctalus leisleri,0.017,0.027,-1,Echolocation,/mnt/ubna_data_01_mir/recover-20220825/UBNA_002/20220823_033000.WAV,Telephone Field,recover-20220825,002,1795
1763.2635,1763.2744,40078,44108,Pipistrellus nathusii,0.011,0.021,-1,Echolocation,/mnt/ubna_data_01_mir/recover-20220825/UBNA_002/20220823_033000.WAV,Telephone Field,recover-20220825,002,1795
1763.2705,1763.277,28046,41106,Eptesicus serotinus,0.006,0.022,-1,Echolocation,/mnt/ubna_data_01_mir/recover-20220825/UBNA_002/20220823_033000.WAV,Telephone Field,recover-20220825,002,1795
1763.2945,1763.3369,68437,83260,Rhinolophus ferrumequinum,0.027,0.027,-1,Echolocation,/mnt/ubna_data_01_mir/recover-20220825/UBNA_002/20220823_033000.WAV,Telephone Field,recover-20220825,002,1795
1763.2975,1763.3123,16015,21607,Nyctalus noctula,0.014,0.021,-1,Echolocation,/mnt/ubna_data_01_mir/recover-20220825/UBNA_002/20220823_033000.WAV,Telephone Field,recover-20220825,002,1795
1763.3255,1763.3663,68437,82474,Rhinolophus ferrumequinum,0.023,0.023,-1,Echolocation,/mnt/ubna_data_01_mir/recover-20220825/UBNA_002/20220823_033000.WAV,Telephone Field,recover-20220825,002,1795
1763.3265,1763.3381,22031,25888,Nyctalus leisleri,0.013,0.022,-1,Echolocation,/mnt/ubna_data_01_mir/recover-20220825/UBNA_002/20220823_033000.WAV,Telephone Field,recover-20220825,002,1795
1763.3295,1763.345,44375,48113,Pipistrellus pipistrellus,0.057,0.066,-1,Echolocation,/mnt/ubna_data_01_mir/recover-20220825/UBNA_002/20220823_033000.WAV,Telephone Field,recover-20220825,002,1795
1763.3385,1763.376,68437,81720,Rhinolophus ferrumequinum,0.021,0.021,-1,Echolocation,/mnt/ubna_data_01_mir/recover-20220825/UBNA_002/20220823_033000.WAV,Telephone Field,recover-20220825,002,1795
1763.3685,1763.4076,68437,82778,Rhinolophus ferrumequinum,0.023,0.023,-1,Echolocation,/mnt/ubna_data_01_mir/recover-20220825/UBNA_002/20220823_033000.WAV,Telephone Field,recover-20220825,002,1795
1763.3885,1763.4261,68437,81535,Rhinolophus ferrumequinum,0.022,0.022,-1,Echolocation,/mnt/ubna_data_01_mir/recover-20220825/UBNA_002/20220823_033000.WAV,Telephone Field,recover-20220825,002,1795
1763.4205,1763.4576,68437,81146,Rhinolophus ferrumequinum,0.025,0.025,-1,Echolocation,/mnt/ubna_data_01_mir/recover-20220825/UBNA_002/20220823_033000.WAV,Telephone Field,recover-20220825,002,1795
1763.4445,1763.4565,28906,35819,Eptesicus serotinus,0.012,0.025,-1,Echolocation,/mnt/ubna_data_01_mir/recover-20220825/UBNA_002/20220823_033000.WAV,Telephone Field,recover-20220825,002,1795
1763.4475,1763.4842,68437,82060,Rhinolophus ferrumequinum,0.021,0.021,-1,Echolocation,/mnt/ubna_data_01_mir/recover-20220825/UBNA_002/20220823_033000.WAV,Telephone Field,recover-20220825,002,1795
1763.4645,1763.494,68437,80519,Rhinolophus ferrumequinum,0.02,0.021,-1,Echolocation,/mnt/ubna_data_01_mir/recover-20220825/UBNA_002/20220823_033000.WAV,Telephone Field,recover-20220825,002,1795
1763.4735,1763.51,68437,81156,Rhinolophus ferrumequinum,0.023,0.023,-1,Echolocation,/mnt/ubna_data_01_mir/recover-20220825/UBNA_002/20220823_033000.WAV,Telephone Field,recover-20220825,002,1795
1763.5005,1763.5442,68437,83246,Rhinolophus ferrumequinum,0.03,0.03,-1,Echolocation,/mnt/ubna_data_01_mir/recover-20220825/UBNA_002/20220823_033000.WAV,Telephone Field,recover-20220825,002,1795
1763.5055,1763.5155,44375,48618,Pipistrellus pipistrellus,0.034,0.036,-1,Echolocation,/mnt/ubna_data_01_mir/recover-20220825/UBNA_002/20220823_033000.WAV,Telephone Field,recover-20220825,002,1795
1763.5075,1763.5157,28046,38999,Eptesicus serotinus,0.009,0.025,-1,Echolocation,/mnt/ubna_data_01_mir/recover-20220825/UBNA_002/20220823_033000.WAV,Telephone Field,recover-20220825,002,1795
1763.5315,1763.5692,68437,81550,Rhinolophus ferrumequinum,0.021,0.021,-1,Echolocation,/mnt/ubna_data_01_mir/recover-20220825/UBNA_002/20220823_033000.WAV,Telephone Field,recover-20220825,002,1795
1763.5365,1763.5441,26328,39729,Eptesicus serotinus,0.006,0.022,-1,Echolocation,/mnt/ubna_data_01_mir/recover-20220825/UBNA_002/20220823_033000.WAV,Telephone Field,recover-20220825,002,1795
1763.5385,1763.5468,31484,43233,Myotis daubentonii,0.007,0.021,-1,Echolocation,/mnt/ubna_data_01_mir/recover-20220825/UBNA_002/20220823_033000.WAV,Telephone Field,recover-20220825,002,1795
1763.5495,1763.5582,27187,34963,Eptesicus serotinus,0.01,0.025,-1,Echolocation,/mnt/ubna_data_01_mir/recover-20220825/UBNA_002/20220823_033000.WAV,Telephone Field,recover-20220825,002,1795
1763.5745,1763.5836,28046,39206,Eptesicus serotinus,0.008,0.021,-1,Echolocation,/mnt/ubna_data_01_mir/recover-20220825/UBNA_002/20220823_033000.WAV,Telephone Field,recover-20220825,002,1795
1763.5905,1763.623,68437,80950,Rhinolophus ferrumequinum,0.022,0.022,-1,Echolocation,/mnt/ubna_data_01_mir/recover-20220825/UBNA_002/20220823_033000.WAV,Telephone Field,recover-20220825,002,1795
1763.6115,1763.6501,68437,81918,Rhinolophus ferrumequinum,0.023,0.023,-1,Echolocation,/mnt/ubna_data_01_mir/recover-20220825/UBNA_002/20220823_033000.WAV,Telephone Field,recover-20220825,002,1795
1763.6365,1763.6468,22031,26925,Nyctalus leisleri,0.01,0.022,-1,Echolocation,/mnt/ubna_data_01_mir/recover-20220825/UBNA_002/20220823_033000.WAV,Telephone Field,recover-20220825,002,1795
1763.6425,1763.6787,68437,81547,Rhinolophus ferrumequinum,0.022,0.022,-1,Echolocation,/mnt/ubna_data_01_mir/recover-20220825/UBNA_002/20220823_033000.WAV,Telephone Field,recover-20220825,002,1795
1763.6625,1763.6993,68437,81572,Rhinolophus ferrumequinum,0.022,0.022,-1,Echolocation,/mnt/ubna_data_01_mir/recover-20220825/UBNA_002/20220823_033000.WAV,Telephone Field,recover-20220825,002,1795
1763.6735,1763.7137,68437,81858,Rhinolophus ferrumequinum,0.023,0.023,-1,Echolocation,/mnt/ubna_data_01_mir/recover-20220825/UBNA_002/20220823_033000.WAV,Telephone Field,recover-20220825,002,1795
1763.7155,1763.7543,68437,82030,Rhinolophus ferrumequinum,0.022,0.022,-1,Echolocation,/mnt/ubna_data_01_mir/recover-20220825/UBNA_002/20220823_033000.WAV,Telephone Field,recover-20220825,002,1795
1763.7225,1763.7329,23750,31203,Nyctalus leisleri,0.01,0.03,-1,Echolocation,/mnt/ubna_data_01_mir/recover-20220825/UBNA_002/20220823_033000.WAV,Telephone Field,recover-20220825,002,1795
1763.7245,1763.7634,68437,83013,Rhinolophus ferrumequinum,0.023,0.023,-1,Echolocation,/mnt/ubna_data_01_mir/recover-20220825/UBNA_002/20220823_033000.WAV,Telephone Field,recover-20220825,002,1795
1763.7325,1763.7721,68437,81897,Rhinolophus ferrumequinum,0.021,0.021,-1,Echolocation,/mnt/ubna_data_01_mir/recover-20220825/UBNA_002/20220823_033000.WAV,Telephone Field,recover-20220825,002,1795
1763.7385,1763.7491,22890,27459,Nyctalus leisleri,0.011,0.021,-1,Echolocation,/mnt/ubna_data_01_mir/recover-20220825/UBNA_002/20220823_033000.WAV,Telephone Field,recover-20220825,002,1795
1763.7525,1763.7903,68437,82335,Rhinolophus ferrumequinum,0.025,0.025,-1,Echolocation,/mnt/ubna_data_01_mir/recover-20220825/UBNA_002/20220823_033000.WAV,Telephone Field,recover-20220825,002,1795
1763.7735,1763.8119,68437,81570,Rhinolophus ferrumequinum,0.021,0.021,-1,Echolocation,/mnt/ubna_data_01_mir/recover-20220825/UBNA_002/20220823_033000.WAV,Telephone Field,recover-20220825,002,1795
1763.8215,1763.8607,68437,82183,Rhinolophus ferrumequinum,0.026,0.026,-1,Echolocation,/mnt/ubna_data_01_mir/recover-20220825/UBNA_002/20220823_033000.WAV,Telephone Field,recover-20220825,002,1795
1763.8315,1763.8404,23750,31148,Nyctalus leisleri,0.008,0.026,-1,Echolocation,/mnt/ubna_data_01_mir/recover-20220825/UBNA_002/20220823_033000.WAV,Telephone Field,recover-20220825,002,1795
1763.8375,1763.8761,68437,82297,Rhinolophus ferrumequinum,0.023,0.023,-1,Echolocation,/mnt/ubna_data_01_mir/recover-20220825/UBNA_002/20220823_033000.WAV,Telephone Field,recover-20220825,002,1795
1763.8775,1763.8845,23750,32863,Plecotus austriacus,0.011,0.025,-1,Echolocation,/mnt/ubna_data_01_mir/recover-20220825/UBNA_002/20220823_033000.WAV,Telephone Field,recover-20220825,002,1795
1763.9045,1763.9187,22031,26139,Nyctalus leisleri,0.015,0.026,-1,Echolocation,/mnt/ubna_data_01_mir/recover-20220825/UBNA_002/20220823_033000.WAV,Telephone Field,recover-20220825,002,1795
1763.9155,1763.958,68437,83127,Rhinolophus ferrumequinum,0.041,0.041,-1,Echolocation,/mnt/ubna_data_01_mir/recover-20220825/UBNA_002/20220823_033000.WAV,Telephone Field,recover-20220825,002,1795
1763.9355,1763.948,22031,26104,Nyctalus leisleri,0.012,0.022,-1,Echolocation,/mnt/ubna_data_01_mir/recover-20220825/UBNA_002/20220823_033000.WAV,Telephone Field,recover-20220825,002,1795
1763.9545,1763.9929,68437,81707,Rhinolophus ferrumequinum,0.022,0.022,-1,Echolocation,/mnt/ubna_data_01_mir/recover-20220825/UBNA_002/20220823_033000.WAV,Telephone Field,recover-20220825,002,1795
1763.9715,1763.979,23750,31614,Plecotus austriacus,0.008,0.024,-1,Echolocation,/mnt/ubna_data_01_mir/recover-20220825/UBNA_002/20220823_033000.WAV,Telephone Field,recover-20220825,002,1795
1764.0015,1764.0354,68437,80561,Rhinolophus ferrumequinum,0.025,0.026,-1,Echolocation,/mnt/ubna_data_01_mir/recover-20220825/UBNA_002/20220823_033000.WAV,Telephone Field,recover-20220825,002,1795
1764.0015,1764.0096,27187,36702,Nyctalus leisleri,0.006,0.022,-1,Echolocation,/mnt/ubna_data_01_mir/recover-20220825/UBNA_002/20220823_033000.WAV,Telephone Field,recover-20220825,002,1795
1764.0095,1764.054,68437,82847,Rhinolophus ferrumequinum,0.022,0.022,-1,Echolocation,/mnt/ubna_data_01_mir/recover-20220825/UBNA_002/20220823_033000.WAV,Telephone Field,recover-20220825,002,1795
1764.0225,1764.0292,25468,35883,Plecotus austriacus,0.008,0.029,-1,Echolocation,/mnt/ubna_data_01_mir/recover-20220825/UBNA_002/20220823_033000.WAV,Telephone Field,recover-20220825,002,1795
1764.0335,1764.0721,68437,81951,Rhinolophus ferrumequinum,0.021,0.021,-1,Echolocation,/mnt/ubna_data_01_mir/recover-20220825/UBNA_002/20220823_033000.WAV,Telephone Field,recover-20220825,002,1795
1764.0515,1764.0883,68437,81675,Rhinolophus ferrumequinum,0.022,0.022,-1,Echolocation,/mnt/ubna_data_01_mir/recover-20220825/UBNA_002/20220823_033000.WAV,Telephone Field,recover-20220825,002,1795
1764.0595,1764.0669,28906,42654,Eptesicus serotinus,0.01,0.032,-1,Echolocation,/mnt/ubna_data_01_mir/recover-20220825/UBNA_002/20220823_033000.WAV,Telephone Field,recover-20220825,002,1795
1764.0685,1764.1035,68437,81546,Rhinolophus ferrumequinum,0.028,0.028,-1,Echolocation,/mnt/ubna_data_01_mir/recover-20220825/UBNA_002/20220823_033000.WAV,Telephone Field,recover-20220825,002,1795
1764.0775,1764.0843,23750,33815,Plecotus austriacus,0.016,0.032,-1,Echolocation,/mnt/ubna_data_01_mir/recover-20220825/UBNA_002/20220823_033000.WAV,Telephone Field,recover-20220825,002,1795
1764.1195,1764.1577,68437,82437,Rhinolophus ferrumequinum,0.025,0.025,-1,Echolocation,/mnt/ubna_data_01_mir/recover-20220825/UBNA_002/20220823_033000.WAV,Telephone Field,recover-20220825,002,1795
1764.1255,1764.1639,68437,82078,Rhinolophus ferrumequinum,0.023,0.023,-1,Echolocation,/mnt/ubna_data_01_mir/recover-20220825/UBNA_002/20220823_033000.WAV,Telephone Field,recover-20220825,002,1795
1764.1475,1764.1563,24609,32915,Eptesicus serotinus,0.007,0.021,-1,Echolocation,/mnt/ubna_data_01_mir/recover-20220825/UBNA_002/20220823_033000.WAV,Telephone Field,recover-20220825,002,1795
1764.1775,1764.1855,28906,39322,Eptesicus serotinus,0.008,0.023,-1,Echolocation,/mnt/ubna_data_01_mir/recover-20220825/UBNA_002/20220823_033000.WAV,Telephone Field,recover-20220825,002,1795
1764.1785,1764.2166,68437,82267,Rhinolophus ferrumequinum,0.021,0.021,-1,Echolocation,/mnt/ubna_data_01_mir/recover-20220825/UBNA_002/20220823_033000.WAV,Telephone Field,recover-20220825,002,1795
1764.2075,1764.217,23750,31272,Nyctalus leisleri,0.007,0.023,-1,Echolocation,/mnt/ubna_data_01_mir/recover-20220825/UBNA_002/20220823_033000.WAV,Telephone Field,recover-20220825,002,1795
1764.2195,1764.2275,25468,33101,Eptesicus serotinus,0.006,0.021,-1,Echolocation,/mnt/ubna_data_01_mir/recover-20220825/UBNA_002/20220823_033000.WAV,Telephone Field,recover-20220825,002,1795
1764.2705,1764.3049,68437,81257,Rhinolophus ferrumequinum,0.022,0.022,-1,Echolocation,/mnt/ubna_data_01_mir/recover-20220825/UBNA_002/20220823_033000.WAV,Telephone Field,recover-20220825,002,1795
1764.2825,1764.3177,68437,81751,Rhinolophus ferrumequinum,0.023,0.023,-1,Echolocation,/mnt/ubna_data_01_mir/recover-20220825/UBNA_002/20220823_033000.WAV,Telephone Field,recover-20220825,002,1795
1764.2875,1764.2945,25468,35277,Plecotus austriacus,0.011,0.029,-1,Echolocation,/mnt/ubna_data_01_mir/recover-20220825/UBNA_002/20220823_033000.WAV,Telephone Field,recover-20220825,002,1795
1764.2985,1764.336,68437,81201,Rhinolophus ferrumequinum,0.021,0.021,-1,Echolocation,/mnt/ubna_data_01_mir/recover-20220825/UBNA_002/20220823_033000.WAV,Telephone Field,recover-20220825,002,1795
1764.3335,1764.3721,68437,82028,Rhinolophus ferrumequinum,0.022,0.022,-1,Echolocation,/mnt/ubna_data_01_mir/recover-20220825/UBNA_002/20220823_033000.WAV,Telephone Field,recover-20220825,002,1795
1764.3735,1764.4093,68437,81959,Rhinolophus ferrumequinum,0.03,0.03,-1,Echolocation,/mnt/ubna_data_01_mir/recover-20220825/UBNA_002/20220823_033000.WAV,Telephone Field,recover-20220825,002,1795
1764.3815,1764.4119,68437,79797,Rhinolophus ferrumequinum,0.022,0.023,-1,Echolocation,/mnt/ubna_data_01_mir/recover-20220825/UBNA_002/20220823_033000.WAV,Telephone Field,recover-20220825,002,1795
1764.4095,1764.4211,24609,30615,Eptesicus serotinus,0.012,0.033,-1,Echolocation,/mnt/ubna_data_01_mir/recover-20220825/UBNA_002/20220823_033000.WAV,Telephone Field,recover-20220825,002,1795
1764.4115,1764.4494,68437,82821,Rhinolophus ferrumequinum,0.024,0.024,-1,Echolocation,/mnt/ubna_data_01_mir/recover-20220825/UBNA_002/20220823_033000.WAV,Telephone Field,recover-20220825,002,1795
1764.4165,1764.4534,68437,83138,Rhinolophus ferrumequinum,0.024,0.024,-1,Echolocation,/mnt/ubna_data_01_mir/recover-20220825/UBNA_002/20220823_033000.WAV,Telephone Field,recover-20220825,002,1795
1764.4215,1764.4626,68437,82785,Rhinolophus ferrumequinum,0.025,0.025,-1,Echolocation,/mnt/ubna_data_01_mir/recover-20220825/UBNA_002/20220823_033000.WAV,Telephone Field,recover-20220825,002,1795
1764.4475,1764.4848,68437,82086,Rhinolophus ferrumequinum,0.024,0.024,-1,Echolocation,/mnt/ubna_data_01_mir/recover-20220825/UBNA_002/20220823_033000.WAV,Telephone Field,recover-20220825,002,1795
1764.4745,1764.4828,22890,30938,Plecotus austriacus,0.01,0.023,-1,Echolocation,/mnt/ubna_data_01_mir/recover-20220825/UBNA_002/20220823_033000.WAV,Telephone Field,recover-20220825,002,1795
1764.5005,1764.5094,28906,38699,Eptesicus serotinus,0.01,0.028,-1,Echolocation,/mnt/ubna_data_01_mir/recover-20220825/UBNA_002/20220823_033000.WAV,Telephone Field,recover-20220825,002,1795
1764.5175,1764.5259,28046,37199,Eptesicus serotinus,0.009,0.022,-1,Echolocation,/mnt/ubna_data_01_mir/recover-20220825/UBNA_002/20220823_033000.WAV,Telephone Field,recover-20220825,002,1795
1764.5305,1764.5703,68437,82298,Rhinolophus ferrumequinum,0.025,0.026,-1,Echolocation,/mnt/ubna_data_01_mir/recover-20220825/UBNA_002/20220823_033000.WAV,Telephone Field,recover-20220825,002,1795
1764.5345,1764.5446,28046,36953,Eptesicus serotinus,0.011,0.024,-1,Echolocation,/mnt/ubna_data_01_mir/recover-20220825/UBNA_002/20220823_033000.WAV,Telephone Field,recover-20220825,002,1795
1764.5435,1764.5528,26328,34127,Eptesicus serotinus,0.01,0.025,-1,Echolocation,/mnt/ubna_data_01_mir/recover-20220825/UBNA_002/20220823_033000.WAV,Telephone Field,recover-20220825,002,1795
1764.5605,1764.5998,68437,82368,Rhinolophus ferrumequinum,0.026,0.026,-1,Echolocation,/mnt/ubna_data_01_mir/recover-20220825/UBNA_002/20220823_033000.WAV,Telephone Field,recover-20220825,002,1795
1764.5705,1764.607,68437,82296,Rhinolophus ferrumequinum,0.021,0.021,-1,Echolocation,/mnt/ubna_data_01_mir/recover-20220825/UBNA_002/20220823_033000.WAV,Telephone Field,recover-20220825,002,1795
1764.5885,1764.5997,24609,30763,Nyctalus leisleri,0.019,0.048,-1,Echolocation,/mnt/ubna_data_01_mir/recover-20220825/UBNA_002/20220823_033000.WAV,Telephone Field,recover-20220825,002,1795
1764.6015,1764.6418,68437,83511,Rhinolophus ferrumequinum,0.038,0.038,-1,Echolocation,/mnt/ubna_data_01_mir/recover-20220825/UBNA_002/20220823_033000.WAV,Telephone Field,recover-20220825,002,1795
1764.6355,1764.6718,68437,81984,Rhinolophus ferrumequinum,0.023,0.023,-1,Echolocation,/mnt/ubna_data_01_mir/recover-20220825/UBNA_002/20220823_033000.WAV,Telephone Field,recover-20220825,002,1795
1764.6365,1764.6448,27187,39523,Eptesicus serotinus,0.007,0.021,-1,Echolocation,/mnt/ubna_data_01_mir/recover-20220825/UBNA_002/20220823_033000.WAV,Telephone Field,recover-20220825,002,1795
1764.6455,1764.6552,28046,36528,Eptesicus serotinus,0.01,0.023,-1,Echolocation,/mnt/ubna_data_01_mir/recover-20220825/UBNA_002/20220823_033000.WAV,Telephone Field,recover-20220825,002,1795
1764.6515,1764.6909,68437,82857,Rhinolophus ferrumequinum,0.027,0.027,-1,Echolocation,/mnt/ubna_data_01_mir/recover-20220825/UBNA_002/20220823_033000.WAV,Telephone Field,recover-20220825,002,1795
1764.6525,1764.6613,28906,36989,Eptesicus serotinus,0.008,0.023,-1,Echolocation,/mnt/ubna_data_01_mir/recover-20220825/UBNA_002/20220823_033000.WAV,Telephone Field,recover-20220825,002,1795
1764.6685,1764.7066,68437,81475,Rhinolophus ferrumequinum,0.022,0.022,-1,Echolocation,/mnt/ubna_data_01_mir/recover-20220825/UBNA_002/20220823_033000.WAV,Telephone Field,recover-20220825,002,1795
1764.6835,1764.6929,22890,29105,Nyctalus leisleri,0.008,0.021,-1,Echolocation,/mnt/ubna_data_01_mir/recover-20220825/UBNA_002/20220823_033000.WAV,Telephone Field,recover-20220825,002,1795
1764.6865,1764.6941,28906,42283,Eptesicus serotinus,0.007,0.023,-1,Echolocation,/mnt/ubna_data_01_mir/recover-20220825/UBNA_002/20220823_033000.WAV,Telephone Field,recover-20220825,002,1795
1764.7315,1764.7384,27187,40350,Eptesicus serotinus,0.007,0.024,-1,Echolocation,/mnt/ubna_data_01_mir/recover-20220825/UBNA_002/20220823_033000.WAV,Telephone Field,recover-20220825,002,1795
1764.7415,1764.7778,68437,81825,Rhinolophus ferrumequinum,0.025,0.025,-1,Echolocation,/mnt/ubna_data_01_mir/recover-20220825/UBNA_002/20220823_033000.WAV,Telephone Field,recover-20220825,002,1795
1764.7825,1764.8189,68437,81843,Rhinolophus ferrumequinum,0.021,0.021,-1,Echolocation,/mnt/ubna_data_01_mir/recover-20220825/UBNA_002/20220823_033000.WAV,Telephone Field,recover-20220825,002,1795
1764.8115,1764.8447,68437,81588,Rhinolophus ferrumequinum,0.026,0.026,-1,Echolocation,/mnt/ubna_data_01_mir/recover-20220825/UBNA_002/20220823_033000.WAV,Telephone Field,recover-20220825,002,1795
1764.8225,1764.8337,22890,28067,Nyctalus leisleri,0.012,0.024,-1,Echolocation,/mnt/ubna_data_01_mir/recover-20220825/UBNA_002/20220823_033000.WAV,Telephone Field,recover-20220825,002,1795
1764.8525,1764.8615,27187,35474,Eptesicus serotinus,0.008,0.021,-1,Echolocation,/mnt/ubna_data_01_mir/recover-20220825/UBNA_002/20220823_033000.WAV,Telephone Field,recover-20220825,002,1795
1764.8665,1764.905,68437,82776,Rhinolophus ferrumequinum,0.024,0.024,-1,Echolocation,/mnt/ubna_data_01_mir/recover-20220825/UBNA_002/20220823_033000.WAV,Telephone Field,recover-20220825,002,1795
1764.8985,1764.9314,68437,80371,Rhinolophus ferrumequinum,0.028,0.028,-1,Echolocation,/mnt/ubna_data_01_mir/recover-20220825/UBNA_002/20220823_033000.WAV,Telephone Field,recover-20220825,002,1795
1764.8995,1764.9109,27187,34423,Eptesicus serotinus,0.016,0.03,-1,Echolocation,/mnt/ubna_data_01_mir/recover-20220825/UBNA_002/20220823_033000.WAV,Telephone Field,recover-20220825,002,1795
1764.9145,1764.9531,68437,82000,Rhinolophus ferrumequinum,0.024,0.024,-1,Echolocation,/mnt/ubna_data_01_mir/recover-20220825/UBNA_002/20220823_033000.WAV,Telephone Field,recover-20220825,002,1795
1764.9385,1764.9447,24609,36324,Plecotus austriacus,0.009,0.024,-1,Echolocation,/mnt/ubna_data_01_mir/recover-20220825/UBNA_002/20220823_033000.WAV,Telephone Field,recover-20220825,002,1795
1764.9705,1765.0099,68437,81813,Rhinolophus ferrumequinum,0.021,0.021,-1,Echolocation,/mnt/ubna_data_01_mir/recover-20220825/UBNA_002/20220823_033000.WAV,Telephone Field,recover-20220825,002,1795
1764.9775,1765.0156,68437,82180,Rhinolophus ferrumequinum,0.021,0.021,-1,Echolocation,/mnt/ubna_data_01_mir/recover-20220825/UBNA_002/20220823_033000.WAV,Telephone Field,recover-20220825,002,1795
1764.9775,1764.9858,28906,39443,Eptesicus serotinus,0.008,0.023,-1,Echolocation,/mnt/ubna_data_01_mir/recover-20220825/UBNA_002/20220823_033000.WAV,Telephone Field,recover-20220825,002,1795
1765.0025,1765.0107,28046,38698,Eptesicus serotinus,0.008,0.022,-1,Echolocation,/mnt/ubna_data_01_mir/recover-20220825/UBNA_002/20220823_033000.WAV,Telephone Field,recover-20220825,002,1795
1765.0125,1765.0494,68437,81660,Rhinolophus ferrumequinum,0.023,0.023,-1,Echolocation,/mnt/ubna_data_01_mir/recover-20220825/UBNA_002/20220823_033000.WAV,Telephone Field,recover-20220825,002,1795
1765.0225,1765.0604,68437,81873,Rhinolophus ferrumequinum,0.022,0.022,-1,Echolocation,/mnt/ubna_data_01_mir/recover-20220825/UBNA_002/20220823_033000.WAV,Telephone Field,recover-20220825,002,1795
1765.0495,1765.0888,68437,82339,Rhinolophus ferrumequinum,0.022,0.022,-1,Echolocation,/mnt/ubna_data_01_mir/recover-20220825/UBNA_002/20220823_033000.WAV,Telephone Field,recover-20220825,002,1795
1765.0705,1765.1091,68437,81768,Rhinolophus ferrumequinum,0.021,0.021,-1,Echolocation,/mnt/ubna_data_01_mir/recover-20220825/UBNA_002/20220823_033000.WAV,Telephone Field,recover-20220825,002,1795
1765.0895,1765.1271,68437,81870,Rhinolophus ferrumequinum,0.021,0.021,-1,Echolocation,/mnt/ubna_data_01_mir/recover-20220825/UBNA_002/20220823_033000.WAV,Telephone Field,recover-20220825,002,1795
1765.1155,1765.1215,33203,45966,Myotis daubentonii,0.01,0.021,-1,Echolocation,/mnt/ubna_data_01_mir/recover-20220825/UBNA_002/20220823_033000.WAV,Telephone Field,recover-20220825,002,1795
1765.1275,1765.1682,68437,83048,Rhinolophus ferrumequinum,0.022,0.022,-1,Echolocation,/mnt/ubna_data_01_mir/recover-20220825/UBNA_002/20220823_033000.WAV,Telephone Field,recover-20220825,002,1795
1765.1315,1765.1389,28046,37904,Eptesicus serotinus,0.011,0.029,-1,Echolocation,/mnt/ubna_data_01_mir/recover-20220825/UBNA_002/20220823_033000.WAV,Telephone Field,recover-20220825,002,1795
1765.1605,1765.1943,68437,81523,Rhinolophus ferrumequinum,0.044,0.044,-1,Echolocation,/mnt/ubna_data_01_mir/recover-20220825/UBNA_002/20220823_033000.WAV,Telephone Field,recover-20220825,002,1795
1765.1675,1765.1777,22890,28361,Nyctalus leisleri,0.011,0.023,-1,Echolocation,/mnt/ubna_data_01_mir/recover-20220825/UBNA_002/20220823_033000.WAV,Telephone Field,recover-20220825,002,1795
1765.1965,1765.2048,27187,39007,Eptesicus serotinus,0.008,0.021,-1,Echolocation,/mnt/ubna_data_01_mir/recover-20220825/UBNA_002/20220823_033000.WAV,Telephone Field,recover-20220825,002,1795
1765.2275,1765.2656,68437,81959,Rhinolophus ferrumequinum,0.022,0.022,-1,Echolocation,/mnt/ubna_data_01_mir/recover-20220825/UBNA_002/20220823_033000.WAV,Telephone Field,recover-20220825,002,1795
1765.2505,1765.2881,68437,81985,Rhinolophus ferrumequinum,0.036,0.036,-1,Echolocation,/mnt/ubna_data_01_mir/recover-20220825/UBNA_002/20220823_033000.WAV,Telephone Field,recover-20220825,002,1795
1765.2875,1765.3248,68437,82361,Rhinolophus ferrumequinum,0.033,0.033,-1,Echolocation,/mnt/ubna_data_01_mir/recover-20220825/UBNA_002/20220823_033000.WAV,Telephone Field,recover-20220825,002,1795
1765.3285,1765.3377,24609,32679,Nyctalus leisleri,0.006,0.021,-1,Echolocation,/mnt/ubna_data_01_mir/recover-20220825/UBNA_002/20220823_033000.WAV,Telephone Field,recover-20220825,002,1795
1765.3525,1765.3911,68437,82577,Rhinolophus ferrumequinum,0.023,0.023,-1,Echolocation,/mnt/ubna_data_01_mir/recover-20220825/UBNA_002/20220823_033000.WAV,Telephone Field,recover-20220825,002,1795
1765.3545,1765.3622,28046,38921,Eptesicus serotinus,0.007,0.023,-1,Echolocation,/mnt/ubna_data_01_mir/recover-20220825/UBNA_002/20220823_033000.WAV,Telephone Field,recover-20220825,002,1795
1765.3745,1765.4142,68437,82072,Rhinolophus ferrumequinum,0.021,0.021,-1,Echolocation,/mnt/ubna_data_01_mir/recover-20220825/UBNA_002/20220823_033000.WAV,Telephone Field,recover-20220825,002,1795
1765.3805,1765.4209,68437,82634,Rhinolophus ferrumequinum,0.022,0.022,-1,Echolocation,/mnt/ubna_data_01_mir/recover-20220825/UBNA_002/20220823_033000.WAV,Telephone Field,recover-20220825,002,1795
1765.3855,1765.393,28046,44641,Eptesicus serotinus,0.008,0.025,-1,Echolocation,/mnt/ubna_data_01_mir/recover-20220825/UBNA_002/20220823_033000.WAV,Telephone Field,recover-20220825,002,1795
1765.3975,1765.4345,68437,81517,Rhinolophus ferrumequinum,0.021,0.022,-1,Echolocation,/mnt/ubna_data_01_mir/recover-20220825/UBNA_002/20220823_033000.WAV,Telephone Field,recover-20220825,002,1795
1765.4195,1765.4565,68437,81591,Rhinolophus ferrumequinum,0.021,0.021,-1,Echolocation,/mnt/ubna_data_01_mir/recover-20220825/UBNA_002/20220823_033000.WAV,Telephone Field,recover-20220825,002,1795
1765.4635,1765.5087,68437,83740,Rhinolophus ferrumequinum,0.037,0.037,-1,Echolocation,/mnt/ubna_data_01_mir/recover-20220825/UBNA_002/20220823_033000.WAV,Telephone Field,recover-20220825,002,1795
1765.4685,1765.4788,22031,27563,Nyctalus leisleri,0.009,0.022,-1,Echolocation,/mnt/ubna_data_01_mir/recover-20220825/UBNA_002/20220823_033000.WAV,Telephone Field,recover-20220825,002,1795
1765.4715,1765.5142,68437,83517,Rhinolophus ferrumequinum,0.036,0.036,-1,Echolocation,/mnt/ubna_data_01_mir/recover-20220825/UBNA_002/20220823_033000.WAV,Telephone Field,recover-20220825,002,1795
1765.5145,1765.522,28046,38527,Eptesicus serotinus,0.007,0.022,-1,Echolocation,/mnt/ubna_data_01_mir/recover-20220825/UBNA_002/20220823_033000.WAV,Telephone Field,recover-20220825,002,1795
1765.5455,1765.5545,28046,36383,Eptesicus serotinus,0.009,0.021,-1,Echolocation,/mnt/ubna_data_01_mir/recover-20220825/UBNA_002/20220823_033000.WAV,Telephone Field,recover-20220825,002,1795
1765.5465,1765.5843,68437,81896,Rhinolophus ferrumequinum,0.028,0.028,-1,Echolocation,/mnt/ubna_data_01_mir/recover-20220825/UBNA_002/20220823_033000.WAV,Telephone Field,recover-20220825,002,1795
1765.5475,1765.5549,46953,51178,Pipistrellus pipistrellus,0.045,0.047,-1,Echolocation,/mnt/ubna_data_01_mir/recover-20220825/UBNA_002/20220823_033000.WAV,Telephone Field,recover-20220825,002,1795
1765.5835,1765.62,68437,82140,Rhinolophus ferrumequinum,0.024,0.024,-1,Echolocation,/mnt/ubna_data_01_mir/recover-20220825/UBNA_002/20220823_033000.WAV,Telephone Field,recover-20220825,002,1795
1765.6015,1765.6393,68437,81913,Rhinolophus ferrumequinum,0.022,0.022,-1,Echolocation,/mnt/ubna_data_01_mir/recover-20220825/UBNA_002/20220823_033000.WAV,Telephone Field,recover-20220825,002,1795
1765.6035,1765.6114,28046,40042,Eptesicus serotinus,0.007,0.022,-1,Echolocation,/mnt/ubna_data_01_mir/recover-20220825/UBNA_002/20220823_033000.WAV,Telephone Field,recover-20220825,002,1795
1765.6035,1765.6111,32343,42780,Myotis daubentonii,0.009,0.021,-1,Echolocation,/mnt/ubna_data_01_mir/recover-20220825/UBNA_002/20220823_033000.WAV,Telephone Field,recover-20220825,002,1795
1765.6285,1765.639,14296,19380,Nyctalus noctula,0.011,0.022,-1,Echolocation,/mnt/ubna_data_01_mir/recover-20220825/UBNA_002/20220823_033000.WAV,Telephone Field,recover-20220825,002,1795
1765.6515,1765.6588,27187,38291,Eptesicus serotinus,0.009,0.024,-1,Echolocation,/mnt/ubna_data_01_mir/recover-20220825/UBNA_002/20220823_033000.WAV,Telephone Field,recover-20220825,002,1795
1765.6825,1765.7166,68437,81841,Rhinolophus ferrumequinum,0.029,0.029,-1,Echolocation,/mnt/ubna_data_01_mir/recover-20220825/UBNA_002/20220823_033000.WAV,Telephone Field,recover-20220825,002,1795
1765.6945,1765.7354,68437,82734,Rhinolophus ferrumequinum,0.032,0.032,-1,Echolocation,/mnt/ubna_data_01_mir/recover-20220825/UBNA_002/20220823_033000.WAV,Telephone Field,recover-20220825,002,1795
1765.7005,1765.712,28906,34988,Eptesicus serotinus,0.018,0.033,-1,Echolocation,/mnt/ubna_data_01_mir/recover-20220825/UBNA_002/20220823_033000.WAV,Telephone Field,recover-20220825,002,1795
1765.7115,1765.7203,26328,34239,Eptesicus serotinus,0.009,0.024,-1,Echolocation,/mnt/ubna_data_01_mir/recover-20220825/UBNA_002/20220823_033000.WAV,Telephone Field,recover-20220825,002,1795
1765.7535,1765.7615,25468,33936,Eptesicus serotinus,0.007,0.022,-1,Echolocation,/mnt/ubna_data_01_mir/recover-20220825/UBNA_002/20220823_033000.WAV,Telephone Field,recover-20220825,002,1795
1765.7615,1765.802,68437,82607,Rhinolophus ferrumequinum,0.032,0.032,-1,Echolocation,/mnt/ubna_data_01_mir/recover-20220825/UBNA_002/20220823_033000.WAV,Telephone Field,recover-20220825,002,1795
1765.7715,1765.778,26328,36745,Plecotus austriacus,0.009,0.029,-1,Echolocation,/mnt/ubna_data_01_mir/recover-20220825/UBNA_002/20220823_033000.WAV,Telephone Field,recover-20220825,002,1795
1765.7785,1765.816,68437,81856,Rhinolophus ferrumequinum,0.021,0.021,-1,Echolocation,/mnt/ubna_data_01_mir/recover-20220825/UBNA_002/20220823_033000.WAV,Telephone Field,recover-20220825,002,1795
1765.8135,1765.8512,68437,82081,Rhinolophus ferrumequinum,0.021,0.021,-1,Echolocation,/mnt/ubna_data_01_mir/recover-20220825/UBNA_002/20220823_033000.WAV,Telephone Field,recover-20220825,002,1795
1765.8305,1765.8358,36640,47686,Barbastellus barbastellus,0.007,0.025,-1,Echolocation,/mnt/ubna_data_01_mir/recover-20220825/UBNA_002/20220823_033000.WAV,Telephone Field,recover-20220825,002,1795
1765.8315,1765.8371,27187,40048,Plecotus auritus,0.014,0.04,-1,Echolocation,/mnt/ubna_data_01_mir/recover-20220825/UBNA_002/20220823_033000.WAV,Telephone Field,recover-20220825,002,1795
1765.8565,1765.865,22890,30210,Plecotus austriacus,0.008,0.022,-1,Echolocation,/mnt/ubna_data_01_mir/recover-20220825/UBNA_002/20220823_033000.WAV,Telephone Field,recover-20220825,002,1795
1765.8725,1765.9074,68437,81661,Rhinolophus ferrumequinum,0.021,0.021,-1,Echolocation,/mnt/ubna_data_01_mir/recover-20220825/UBNA_002/20220823_033000.WAV,Telephone Field,recover-20220825,002,1795
1765.8775,1765.912,68437,81364,Rhinolophus ferrumequinum,0.021,0.021,-1,Echolocation,/mnt/ubna_data_01_mir/recover-20220825/UBNA_002/20220823_033000.WAV,Telephone Field,recover-20220825,002,1795
1765.8925,1765.9266,68437,81444,Rhinolophus ferrumequinum,0.021,0.022,-1,Echolocation,/mnt/ubna_data_01_mir/recover-20220825/UBNA_002/20220823_033000.WAV,Telephone Field,recover-20220825,002,1795
1765.9095,1765.9476,68437,82456,Rhinolophus ferrumequinum,0.034,0.034,-1,Echolocation,/mnt/ubna_data_01_mir/recover-20220825/UBNA_002/20220823_033000.WAV,Telephone Field,recover-20220825,002,1795
1765.9165,1765.9255,33203,40670,Barbastellus barbastellus,0.007,0.025,-1,Echolocation,/mnt/ubna_data_01_mir/recover-20220825/UBNA_002/20220823_033000.WAV,Telephone Field,recover-20220825,002,1795
1765.9185,1765.9272,28046,37601,Eptesicus serotinus,0.012,0.026,-1,Echolocation,/mnt/ubna_data_01_mir/recover-20220825/UBNA_002/20220823_033000.WAV,Telephone Field,recover-20220825,002,1795
1765.9435,1765.979,68437,81789,Rhinolophus ferrumequinum,0.022,0.023,-1,Echolocation,/mnt/ubna_data_01_mir/recover-20220825/UBNA_002/20220823_033000.WAV,Telephone Field,recover-20220825,002,1795
1765.9605,1765.9993,68437,82316,Rhinolophus ferrumequinum,0.023,0.023,-1,Echolocation,/mnt/ubna_data_01_mir/recover-20220825/UBNA_002/20220823_033000.WAV,Telephone Field,recover-20220825,002,1795
1765.9635,1765.9724,29765,37579,Eptesicus serotinus,0.008,0.024,-1,Echolocation,/mnt/ubna_data_01_mir/recover-20220825/UBNA_002/20220823_033000.WAV,Telephone Field,recover-20220825,002,1795
1766.0015,1766.017,22031,27469,Nyctalus leisleri,0.025,0.052,-1,Echolocation,/mnt/ubna_data_01_mir/recover-20220825/UBNA_002/20220823_033000.WAV,Telephone Field,recover-20220825,002,1795
1766.0015,1766.0315,68437,79536,Rhinolophus ferrumequinum,0.021,0.022,-1,Echolocation,/mnt/ubna_data_01_mir/recover-20220825/UBNA_002/20220823_033000.WAV,Telephone Field,recover-20220825,002,1795
1766.0015,1766.0098,46953,52604,Pipistrellus pipistrellus,0.017,0.023,-1,Echolocation,/mnt/ubna_data_01_mir/recover-20220825/UBNA_002/20220823_033000.WAV,Telephone Field,recover-20220825,002,1795
1766.0235,1766.0313,28046,42093,Eptesicus serotinus,0.01,0.028,-1,Echolocation,/mnt/ubna_data_01_mir/recover-20220825/UBNA_002/20220823_033000.WAV,Telephone Field,recover-20220825,002,1795
1766.0345,1766.043,28046,37305,Eptesicus serotinus,0.008,0.022,-1,Echolocation,/mnt/ubna_data_01_mir/recover-20220825/UBNA_002/20220823_033000.WAV,Telephone Field,recover-20220825,002,1795
1766.0345,1766.0743,68437,82006,Rhinolophus ferrumequinum,0.024,0.024,-1,Echolocation,/mnt/ubna_data_01_mir/recover-20220825/UBNA_002/20220823_033000.WAV,Telephone Field,recover-20220825,002,1795
1766.0655,1766.0731,50390,57116,Pipistrellus pipistrellus,0.017,0.022,-1,Echolocation,/mnt/ubna_data_01_mir/recover-20220825/UBNA_002/20220823_033000.WAV,Telephone Field,recover-20220825,002,1795
1766.1045,1766.141,68437,81377,Rhinolophus ferrumequinum,0.02,0.02,-1,Echolocation,/mnt/ubna_data_01_mir/recover-20220825/UBNA_002/20220823_033000.WAV,Telephone Field,recover-20220825,002,1795
1766.1435,1766.1516,28046,39472,Eptesicus serotinus,0.007,0.021,-1,Echolocation,/mnt/ubna_data_01_mir/recover-20220825/UBNA_002/20220823_033000.WAV,Telephone Field,recover-20220825,002,1795
1766.1455,1766.1533,44375,56335,Pipistrellus pipistrellus,0.011,0.021,-1,Echolocation,/mnt/ubna_data_01_mir/recover-20220825/UBNA_002/20220823_033000.WAV,Telephone Field,recover-20220825,002,1795
1766.1535,1766.1598,28046,42644,Eptesicus serotinus,0.005,0.023,-1,Echolocation,/mnt/ubna_data_01_mir/recover-20220825/UBNA_002/20220823_033000.WAV,Telephone Field,recover-20220825,002,1795
1766.1775,1766.217,68437,82177,Rhinolophus ferrumequinum,0.027,0.027,-1,Echolocation,/mnt/ubna_data_01_mir/recover-20220825/UBNA_002/20220823_033000.WAV,Telephone Field,recover-20220825,002,1795
1766.1805,1766.1896,41796,52108,Pipistrellus nathusii,0.006,0.024,-1,Echolocation,/mnt/ubna_data_01_mir/recover-20220825/UBNA_002/20220823_033000.WAV,Telephone Field,recover-20220825,002,1795
1766.2005,1766.2142,38359,42306,Pipistrellus nathusii,0.035,0.042,-1,Echolocation,/mnt/ubna_data_01_mir/recover-20220825/UBNA_002/20220823_033000.WAV,Telephone Field,recover-20220825,002,1795
1766.2085,1766.2446,68437,81769,Rhinolophus ferrumequinum,0.021,0.021,-1,Echolocation,/mnt/ubna_data_01_mir/recover-20220825/UBNA_002/20220823_033000.WAV,Telephone Field,recover-20220825,002,1795
1766.2315,1766.2698,68437,82560,Rhinolophus ferrumequinum,0.021,0.021,-1,Echolocation,/mnt/ubna_data_01_mir/recover-20220825/UBNA_002/20220823_033000.WAV,Telephone Field,recover-20220825,002,1795
1766.2545,1766.294,68437,82409,Rhinolophus ferrumequinum,0.025,0.025,-1,Echolocation,/mnt/ubna_data_01_mir/recover-20220825/UBNA_002/20220823_033000.WAV,Telephone Field,recover-20220825,002,1795
1766.2905,1766.3019,45234,48682,Pipistrellus pipistrellus,0.038,0.042,-1,Echolocation,/mnt/ubna_data_01_mir/recover-20220825/UBNA_002/20220823_033000.WAV,Telephone Field,recover-20220825,002,1795
1766.3135,1766.3233,28906,37771,Eptesicus serotinus,0.009,0.022,-1,Echolocation,/mnt/ubna_data_01_mir/recover-20220825/UBNA_002/20220823_033000.WAV,Telephone Field,recover-20220825,002,1795
1766.3225,1766.3611,68437,82671,Rhinolophus ferrumequinum,0.021,0.021,-1,Echolocation,/mnt/ubna_data_01_mir/recover-20220825/UBNA_002/20220823_033000.WAV,Telephone Field,recover-20220825,002,1795
1766.3375,1766.3773,68437,82265,Rhinolophus ferrumequinum,0.023,0.023,-1,Echolocation,/mnt/ubna_data_01_mir/recover-20220825/UBNA_002/20220823_033000.WAV,Telephone Field,recover-20220825,002,1795
1766.3465,1766.3542,28906,40998,Eptesicus serotinus,0.007,0.025,-1,Echolocation,/mnt/ubna_data_01_mir/recover-20220825/UBNA_002/20220823_033000.WAV,Telephone Field,recover-20220825,002,1795
1766.3505,1766.3571,23750,33016,Plecotus austriacus,0.012,0.026,-1,Echolocation,/mnt/ubna_data_01_mir/recover-20220825/UBNA_002/20220823_033000.WAV,Telephone Field,recover-20220825,002,1795
1766.3875,1766.3985,24609,31306,Nyctalus leisleri,0.01,0.025,-1,Echolocation,/mnt/ubna_data_01_mir/recover-20220825/UBNA_002/20220823_033000.WAV,Telephone Field,recover-20220825,002,1795
1766.4025,1766.4113,27187,36701,Eptesicus serotinus,0.007,0.021,-1,Echolocation,/mnt/ubna_data_01_mir/recover-20220825/UBNA_002/20220823_033000.WAV,Telephone Field,recover-20220825,002,1795
1766.4035,1766.4128,22031,27746,Plecotus austriacus,0.008,0.02,-1,Echolocation,/mnt/ubna_data_01_mir/recover-20220825/UBNA_002/20220823_033000.WAV,Telephone Field,recover-20220825,002,1795
1766.4645,1766.5061,68437,82254,Rhinolophus ferrumequinum,0.023,0.023,-1,Echolocation,/mnt/ubna_data_01_mir/recover-20220825/UBNA_002/20220823_033000.WAV,Telephone Field,recover-20220825,002,1795
1766.5205,1766.5612,68437,82358,Rhinolophus ferrumequinum,0.022,0.022,-1,Echolocation,/mnt/ubna_data_01_mir/recover-20220825/UBNA_002/20220823_033000.WAV,Telephone Field,recover-20220825,002,1795
1766.5375,1766.5762,68437,81745,Rhinolophus ferrumequinum,0.023,0.023,-1,Echolocation,/mnt/ubna_data_01_mir/recover-20220825/UBNA_002/20220823_033000.WAV,Telephone Field,recover-20220825,002,1795
1766.5405,1766.5483,51250,56662,Pipistrellus pipistrellus,0.021,0.027,-1,Echolocation,/mnt/ubna_data_01_mir/recover-20220825/UBNA_002/20220823_033000.WAV,Telephone Field,recover-20220825,002,1795
1766.5625,1766.5716,28046,36701,Eptesicus serotinus,0.009,0.021,-1,Echolocation,/mnt/ubna_data_01_mir/recover-20220825/UBNA_002/20220823_033000.WAV,Telephone Field,recover-20220825,002,1795
1766.5645,1766.6049,68437,81761,Rhinolophus ferrumequinum,0.024,0.024,-1,Echolocation,/mnt/ubna_data_01_mir/recover-20220825/UBNA_002/20220823_033000.WAV,Telephone Field,recover-20220825,002,1795
1766.5835,1766.6216,68437,82557,Rhinolophus ferrumequinum,0.022,0.022,-1,Echolocation,/mnt/ubna_data_01_mir/recover-20220825/UBNA_002/20220823_033000.WAV,Telephone Field,recover-20220825,002,1795
1766.6215,1766.6327,26328,32922,Eptesicus serotinus,0.01,0.028,-1,Echolocation,/mnt/ubna_data_01_mir/recover-20220825/UBNA_002/20220823_033000.WAV,Telephone Field,recover-20220825,002,1795
1766.6375,1766.6753,68437,81652,Rhinolophus ferrumequinum,0.022,0.022,-1,Echolocation,/mnt/ubna_data_01_mir/recover-20220825/UBNA_002/20220823_033000.WAV,Telephone Field,recover-20220825,002,1795
1766.6485,1766.6895,68437,82731,Rhinolophus ferrumequinum,0.036,0.036,-1,Echolocation,/mnt/ubna_data_01_mir/recover-20220825/UBNA_002/20220823_033000.WAV,Telephone Field,recover-20220825,002,1795
1766.6665,1766.6777,22890,28308,Nyctalus leisleri,0.01,0.021,-1,Echolocation,/mnt/ubna_data_01_mir/recover-20220825/UBNA_002/20220823_033000.WAV,Telephone Field,recover-20220825,002,1795
1766.6715,1766.6808,22890,28969,Nyctalus leisleri,0.008,0.021,-1,Echolocation,/mnt/ubna_data_01_mir/recover-20220825/UBNA_002/20220823_033000.WAV,Telephone Field,recover-20220825,002,1795
1766.6925,1766.6991,27187,42265,Eptesicus serotinus,0.006,0.022,-1,Echolocation,/mnt/ubna_data_01_mir/recover-20220825/UBNA_002/20220823_033000.WAV,Telephone Field,recover-20220825,002,1795
1766.7025,1766.742,68437,81987,Rhinolophus ferrumequinum,0.022,0.022,-1,Echolocation,/mnt/ubna_data_01_mir/recover-20220825/UBNA_002/20220823_033000.WAV,Telephone Field,recover-20220825,002,1795
1766.7255,1766.7634,68437,81691,Rhinolophus ferrumequinum,0.022,0.022,-1,Echolocation,/mnt/ubna_data_01_mir/recover-20220825/UBNA_002/20220823_033000.WAV,Telephone Field,recover-20220825,002,1795
1766.7435,1766.7817,68437,81810,Rhinolophus ferrumequinum,0.022,0.022,-1,Echolocation,/mnt/ubna_data_01_mir/recover-20220825/UBNA_002/20220823_033000.WAV,Telephone Field,recover-20220825,002,1795
1766.7635,1766.7996,68437,81737,Rhinolophus ferrumequinum,0.021,0.021,-1,Echolocation,/mnt/ubna_data_01_mir/recover-20220825/UBNA_002/20220823_033000.WAV,Telephone Field,recover-20220825,002,1795
1766.7655,1766.7732,49531,55017,Pipistrellus pipistrellus,0.019,0.021,-1,Echolocation,/mnt/ubna_data_01_mir/recover-20220825/UBNA_002/20220823_033000.WAV,Telephone Field,recover-20220825,002,1795
1766.7745,1766.8124,68437,81706,Rhinolophus ferrumequinum,0.021,0.021,-1,Echolocation,/mnt/ubna_data_01_mir/recover-20220825/UBNA_002/20220823_033000.WAV,Telephone Field,recover-20220825,002,1795
1766.8045,1766.8105,40078,53508,Myotis mystacinus,0.005,0.023,-1,Echolocation,/mnt/ubna_data_01_mir/recover-20220825/UBNA_002/20220823_033000.WAV,Telephone Field,recover-20220825,002,1795
1766.8045,1766.8116,27187,39642,Eptesicus serotinus,0.006,0.021,-1,Echolocation,/mnt/ubna_data_01_mir/recover-20220825/UBNA_002/20220823_033000.WAV,Telephone Field,recover-20220825,002,1795
1766.8345,1766.8715,68437,82157,Rhinolophus ferrumequinum,0.021,0.021,-1,Echolocation,/mnt/ubna_data_01_mir/recover-20220825/UBNA_002/20220823_033000.WAV,Telephone Field,recover-20220825,002,1795
1766.8445,1766.8818,68437,81885,Rhinolophus ferrumequinum,0.021,0.021,-1,Echolocation,/mnt/ubna_data_01_mir/recover-20220825/UBNA_002/20220823_033000.WAV,Telephone Field,recover-20220825,002,1795
1766.8445,1766.8523,28046,38790,Eptesicus serotinus,0.007,0.022,-1,Echolocation,/mnt/ubna_data_01_mir/recover-20220825/UBNA_002/20220823_033000.WAV,Telephone Field,recover-20220825,002,1795
1766.8585,1766.8704,25468,31034,Eptesicus serotinus,0.01,0.024,-1,Echolocation,/mnt/ubna_data_01_mir/recover-20220825/UBNA_002/20220823_033000.WAV,Telephone Field,recover-20220825,002,1795
1766.8765,1766.9147,68437,81780,Rhinolophus ferrumequinum,0.02,0.02,-1,Echolocation,/mnt/ubna_data_01_mir/recover-20220825/UBNA_002/20220823_033000.WAV,Telephone Field,recover-20220825,002,1795
1766.8975,1766.9358,68437,82064,Rhinolophus ferrumequinum,0.024,0.024,-1,Echolocation,/mnt/ubna_data_01_mir/recover-20220825/UBNA_002/20220823_033000.WAV,Telephone Field,recover-20220825,002,1795
1766.9025,1766.913,28906,34836,Eptesicus serotinus,0.014,0.03,-1,Echolocation,/mnt/ubna_data_01_mir/recover-20220825/UBNA_002/20220823_033000.WAV,Telephone Field,recover-20220825,002,1795
1766.9275,1766.9366,28906,37158,Eptesicus serotinus,0.008,0.021,-1,Echolocation,/mnt/ubna_data_01_mir/recover-20220825/UBNA_002/20220823_033000.WAV,Telephone Field,recover-20220825,002,1795
1766.9425,1766.9793,68437,81000,Rhinolophus ferrumequinum,0.022,0.022,-1,Echolocation,/mnt/ubna_data_01_mir/recover-20220825/UBNA_002/20220823_033000.WAV,Telephone Field,recover-20220825,002,1795
1766.9635,1766.9702,46953,50858,Pipistrellus pipistrellus,0.027,0.028,-1,Echolocation,/mnt/ubna_data_01_mir/recover-20220825/UBNA_002/20220823_033000.WAV,Telephone Field,recover-20220825,002,1795
1766.9705,1767.0068,68437,82170,Rhinolophus ferrumequinum,0.022,0.022,-1,Echolocation,/mnt/ubna_data_01_mir/recover-20220825/UBNA_002/20220823_033000.WAV,Telephone Field,recover-20220825,002,1795
1766.9825,1767.023,68437,82018,Rhinolophus ferrumequinum,0.023,0.023,-1,Echolocation,/mnt/ubna_data_01_mir/recover-20220825/UBNA_002/20220823_033000.WAV,Telephone Field,recover-20220825,002,1795
1766.9855,1766.9959,28906,36337,Eptesicus serotinus,0.009,0.025,-1,Echolocation,/mnt/ubna_data_01_mir/recover-20220825/UBNA_002/20220823_033000.WAV,Telephone Field,recover-20220825,002,1795
1767.0125,1767.0204,28046,38982,Eptesicus serotinus,0.007,0.021,-1,Echolocation,/mnt/ubna_data_01_mir/recover-20220825/UBNA_002/20220823_033000.WAV,Telephone Field,recover-20220825,002,1795
1767.0305,1767.0668,68437,81890,Rhinolophus ferrumequinum,0.022,0.022,-1,Echolocation,/mnt/ubna_data_01_mir/recover-20220825/UBNA_002/20220823_033000.WAV,Telephone Field,recover-20220825,002,1795
1767.0325,1767.0414,44375,47139,Pipistrellus pipistrellus,0.032,0.034,-1,Echolocation,/mnt/ubna_data_01_mir/recover-20220825/UBNA_002/20220823_033000.WAV,Telephone Field,recover-20220825,002,1795
1767.0855,1767.1277,68437,82641,Rhinolophus ferrumequinum,0.031,0.031,-1,Echolocation,/mnt/ubna_data_01_mir/recover-20220825/UBNA_002/20220823_033000.WAV,Telephone Field,recover-20220825,002,1795
1767.0875,1767.0946,23750,32162,Plecotus austriacus,0.011,0.023,-1,Echolocation,/mnt/ubna_data_01_mir/recover-20220825/UBNA_002/20220823_033000.WAV,Telephone Field,recover-20220825,002,1795
1767.1245,1767.1651,68437,82435,Rhinolophus ferrumequinum,0.028,0.028,-1,Echolocation,/mnt/ubna_data_01_mir/recover-20220825/UBNA_002/20220823_033000.WAV,Telephone Field,recover-20220825,002,1795
1767.1435,1767.1515,46093,55061,Pipistrellus pipistrellus,0.014,0.022,-1,Echolocation,/mnt/ubna_data_01_mir/recover-20220825/UBNA_002/20220823_033000.WAV,Telephone Field,recover-20220825,002,1795
1767.1465,1767.1523,38359,57842,Myotis mystacinus,0.009,0.028,-1,Echolocation,/mnt/ubna_data_01_mir/recover-20220825/UBNA_002/20220823_033000.WAV,Telephone Field,recover-20220825,002,1795
1767.1485,1767.1581,27187,38161,Eptesicus serotinus,0.009,0.024,-1,Echolocation,/mnt/ubna_data_01_mir/recover-20220825/UBNA_002/20220823_033000.WAV,Telephone Field,recover-20220825,002,1795
1767.1605,1767.1725,28906,35748,Eptesicus serotinus,0.011,0.023,-1,Echolocation,/mnt/ubna_data_01_mir/recover-20220825/UBNA_002/20220823_033000.WAV,Telephone Field,recover-20220825,002,1795
1767.2145,1767.2542,68437,82338,Rhinolophus ferrumequinum,0.023,0.023,-1,Echolocation,/mnt/ubna_data_01_mir/recover-20220825/UBNA_002/20220823_033000.WAV,Telephone Field,recover-20220825,002,1795
1767.2205,1767.2598,68437,82926,Rhinolophus ferrumequinum,0.025,0.025,-1,Echolocation,/mnt/ubna_data_01_mir/recover-20220825/UBNA_002/20220823_033000.WAV,Telephone Field,recover-20220825,002,1795
1767.2395,1767.2465,28046,39541,Eptesicus serotinus,0.008,0.029,-1,Echolocation,/mnt/ubna_data_01_mir/recover-20220825/UBNA_002/20220823_033000.WAV,Telephone Field,recover-20220825,002,1795
1767.2725,1767.2815,22890,29793,Plecotus austriacus,0.008,0.022,-1,Echolocation,/mnt/ubna_data_01_mir/recover-20220825/UBNA_002/20220823_033000.WAV,Telephone Field,recover-20220825,002,1795
1767.3295,1767.3426,57265,62666,Pipistrellus pygmaeus,0.03,0.031,-1,Echolocation,/mnt/ubna_data_01_mir/recover-20220825/UBNA_002/20220823_033000.WAV,Telephone Field,recover-20220825,002,1795
1767.3635,1767.3719,28906,40830,Eptesicus serotinus,0.009,0.026,-1,Echolocation,/mnt/ubna_data_01_mir/recover-20220825/UBNA_002/20220823_033000.WAV,Telephone Field,recover-20220825,002,1795
1767.3715,1767.3824,29765,35645,Eptesicus serotinus,0.01,0.025,-1,Echolocation,/mnt/ubna_data_01_mir/recover-20220825/UBNA_002/20220823_033000.WAV,Telephone Field,recover-20220825,002,1795
1767.3735,1767.41,68437,81691,Rhinolophus ferrumequinum,0.023,0.023,-1,Echolocation,/mnt/ubna_data_01_mir/recover-20220825/UBNA_002/20220823_033000.WAV,Telephone Field,recover-20220825,002,1795
1767.3935,1767.4312,68437,81754,Rhinolophus ferrumequinum,0.022,0.022,-1,Echolocation,/mnt/ubna_data_01_mir/recover-20220825/UBNA_002/20220823_033000.WAV,Telephone Field,recover-20220825,002,1795
1767.4075,1767.4465,68437,82966,Rhinolophus ferrumequinum,0.023,0.023,-1,Echolocation,/mnt/ubna_data_01_mir/recover-20220825/UBNA_002/20220823_033000.WAV,Telephone Field,recover-20220825,002,1795
1767.4285,1767.4372,22890,30188,Plecotus austriacus,0.009,0.023,-1,Echolocation,/mnt/ubna_data_01_mir/recover-20220825/UBNA_002/20220823_033000.WAV,Telephone Field,recover-20220825,002,1795
1767.4415,1767.4809,68437,82547,Rhinolophus ferrumequinum,0.024,0.024,-1,Echolocation,/mnt/ubna_data_01_mir/recover-20220825/UBNA_002/20220823_033000.WAV,Telephone Field,recover-20220825,002,1795
1767.4435,1767.4528,15156,23088,Nyctalus noctula,0.015,0.036,-1,Echolocation,/mnt/ubna_data_01_mir/recover-20220825/UBNA_002/20220823_033000.WAV,Telephone Field,recover-20220825,002,1795
1767.4785,1767.5149,68437,81815,Rhinolophus ferrumequinum,0.027,0.027,-1,Echolocation,/mnt/ubna_data_01_mir/recover-20220825/UBNA_002/20220823_033000.WAV,Telephone Field,recover-20220825,002,1795
1767.5335,1767.5745,68437,82457,Rhinolophus ferrumequinum,0.031,0.031,-1,Echolocation,/mnt/ubna_data_01_mir/recover-20220825/UBNA_002/20220823_033000.WAV,Telephone Field,recover-20220825,002,1795
1767.5665,1767.6063,68437,83461,Rhinolophus ferrumequinum,0.025,0.025,-1,Echolocation,/mnt/ubna_data_01_mir/recover-20220825/UBNA_002/20220823_033000.WAV,Telephone Field,recover-20220825,002,1795
1767.5725,1767.5827,27187,34650,Eptesicus serotinus,0.01,0.021,-1,Echolocation,/mnt/ubna_data_01_mir/recover-20220825/UBNA_002/20220823_033000.WAV,Telephone Field,recover-20220825,002,1795
1767.5985,1767.6062,24609,33241,Plecotus austriacus,0.009,0.027,-1,Echolocation,/mnt/ubna_data_01_mir/recover-20220825/UBNA_002/20220823_033000.WAV,Telephone Field,recover-20220825,002,1795
1767.6145,1767.6227,28906,39747,Eptesicus serotinus,0.007,0.02,-1,Echolocation,/mnt/ubna_data_01_mir/recover-20220825/UBNA_002/20220823_033000.WAV,Telephone Field,recover-20220825,002,1795
1767.6235,1767.6597,68437,82046,Rhinolophus ferrumequinum,0.021,0.021,-1,Echolocation,/mnt/ubna_data_01_mir/recover-20220825/UBNA_002/20220823_033000.WAV,Telephone Field,recover-20220825,002,1795
1767.6335,1767.6418,27187,39269,Eptesicus serotinus,0.007,0.02,-1,Echolocation,/mnt/ubna_data_01_mir/recover-20220825/UBNA_002/20220823_033000.WAV,Telephone Field,recover-20220825,002,1795
1767.6575,1767.6966,68437,82813,Rhinolophus ferrumequinum,0.021,0.021,-1,Echolocation,/mnt/ubna_data_01_mir/recover-20220825/UBNA_002/20220823_033000.WAV,Telephone Field,recover-20220825,002,1795
1767.6995,1767.7367,68437,82218,Rhinolophus ferrumequinum,0.029,0.029,-1,Echolocation,/mnt/ubna_data_01_mir/recover-20220825/UBNA_002/20220823_033000.WAV,Telephone Field,recover-20220825,002,1795
1767.7065,1767.7147,28046,38325,Eptesicus serotinus,0.009,0.025,-1,Echolocation,/mnt/ubna_data_01_mir/recover-20220825/UBNA_002/20220823_033000.WAV,Telephone Field,recover-20220825,002,1795
1767.7195,1767.7262,27187,36282,Eptesicus serotinus,0.007,0.022,-1,Echolocation,/mnt/ubna_data_01_mir/recover-20220825/UBNA_002/20220823_033000.WAV,Telephone Field,recover-20220825,002,1795
1767.7205,1767.7571,68437,82202,Rhinolophus ferrumequinum,0.021,0.021,-1,Echolocation,/mnt/ubna_data_01_mir/recover-20220825/UBNA_002/20220823_033000.WAV,Telephone Field,recover-20220825,002,1795
1767.7295,1767.7667,68437,81882,Rhinolophus ferrumequinum,0.022,0.022,-1,Echolocation,/mnt/ubna_data_01_mir/recover-20220825/UBNA_002/20220823_033000.WAV,Telephone Field,recover-20220825,002,1795
1767.7355,1767.7732,68437,82047,Rhinolophus ferrumequinum,0.021,0.022,-1,Echolocation,/mnt/ubna_data_01_mir/recover-20220825/UBNA_002/20220823_033000.WAV,Telephone Field,recover-20220825,002,1795
1767.7635,1767.7756,27187,32195,Nyctalus leisleri,0.018,0.044,-1,Echolocation,/mnt/ubna_data_01_mir/recover-20220825/UBNA_002/20220823_033000.WAV,Telephone Field,recover-20220825,002,1795
1767.7635,1767.801,68437,82446,Rhinolophus ferrumequinum,0.022,0.022,-1,Echolocation,/mnt/ubna_data_01_mir/recover-20220825/UBNA_002/20220823_033000.WAV,Telephone Field,recover-20220825,002,1795
1767.7915,1767.8268,68437,82159,Rhinolophus ferrumequinum,0.02,0.02,-1,Echolocation,/mnt/ubna_data_01_mir/recover-20220825/UBNA_002/20220823_033000.WAV,Telephone Field,recover-20220825,002,1795
1767.8365,1767.8713,68437,80284,Rhinolophus ferrumequinum,0.022,0.022,-1,Echolocation,/mnt/ubna_data_01_mir/recover-20220825/UBNA_002/20220823_033000.WAV,Telephone Field,recover-20220825,002,1795
1767.8435,1767.851,25468,38482,Eptesicus serotinus,0.005,0.021,-1,Echolocation,/mnt/ubna_data_01_mir/recover-20220825/UBNA_002/20220823_033000.WAV,Telephone Field,recover-20220825,002,1795
1767.8675,1767.9079,68437,82327,Rhinolophus ferrumequinum,0.025,0.025,-1,Echolocation,/mnt/ubna_data_01_mir/recover-20220825/UBNA_002/20220823_033000.WAV,Telephone Field,recover-20220825,002,1795
1767.8975,1767.9381,68437,82244,Rhinolophus ferrumequinum,0.02,0.02,-1,Echolocation,/mnt/ubna_data_01_mir/recover-20220825/UBNA_002/20220823_033000.WAV,Telephone Field,recover-20220825,002,1795
1767.9175,1767.927,28906,37358,Eptesicus serotinus,0.009,0.023,-1,Echolocation,/mnt/ubna_data_01_mir/recover-20220825/UBNA_002/20220823_033000.WAV,Telephone Field,recover-20220825,002,1795
1767.9675,1767.9847,21171,24721,Nyctalus leisleri,0.014,0.025,-1,Echolocation,/mnt/ubna_data_01_mir/recover-20220825/UBNA_002/20220823_033000.WAV,Telephone Field,recover-20220825,002,1795
1767.9705,1767.9773,27187,39743,Eptesicus serotinus,0.005,0.021,-1,Echolocation,/mnt/ubna_data_01_mir/recover-20220825/UBNA_002/20220823_033000.WAV,Telephone Field,recover-20220825,002,1795
1768.0015,1768.0104,23750,34257,Nyctalus leisleri,0.007,0.026,-1,Echolocation,/mnt/ubna_data_01_mir/recover-20220825/UBNA_002/20220823_033000.WAV,Telephone Field,recover-20220825,002,1795
1768.0015,1768.0358,68437,79943,Rhinolophus ferrumequinum,0.031,0.031,-1,Echolocation,/mnt/ubna_data_01_mir/recover-20220825/UBNA_002/20220823_033000.WAV,Telephone Field,recover-20220825,002,1795
1768.0015,1768.0093,48671,55666,Pipistrellus pipistrellus,0.016,0.023,-1,Echolocation,/mnt/ubna_data_01_mir/recover-20220825/UBNA_002/20220823_033000.WAV,Telephone Field,recover-20220825,002,1795
1768.0205,1768.0283,26328,34951,Eptesicus serotinus,0.008,0.022,-1,Echolocation,/mnt/ubna_data_01_mir/recover-20220825/UBNA_002/20220823_033000.WAV,Telephone Field,recover-20220825,002,1795
1768.0495,1768.0896,68437,82516,Rhinolophus ferrumequinum,0.024,0.024,-1,Echolocation,/mnt/ubna_data_01_mir/recover-20220825/UBNA_002/20220823_033000.WAV,Telephone Field,recover-20220825,002,1795
1768.0695,1768.076,28046,41088,Eptesicus serotinus,0.008,0.029,-1,Echolocation,/mnt/ubna_data_01_mir/recover-20220825/UBNA_002/20220823_033000.WAV,Telephone Field,recover-20220825,002,1795
1768.0895,1768.1319,68437,83267,Rhinolophus ferrumequinum,0.031,0.031,-1,Echolocation,/mnt/ubna_data_01_mir/recover-20220825/UBNA_002/20220823_033000.WAV,Telephone Field,recover-20220825,002,1795
1768.1285,1768.1384,55546,62044,Pipistrellus pygmaeus,0.026,0.028,-1,Echolocation,/mnt/ubna_data_01_mir/recover-20220825/UBNA_002/20220823_033000.WAV,Telephone Field,recover-20220825,002,1795
1768.1395,1768.1814,68437,83328,Rhinolophus ferrumequinum,0.032,0.032,-1,Echolocation,/mnt/ubna_data_01_mir/recover-20220825/UBNA_002/20220823_033000.WAV,Telephone Field,recover-20220825,002,1795
1768.1435,1768.1552,14296,19868,Nyctalus noctula,0.013,0.022,-1,Echolocation,/mnt/ubna_data_01_mir/recover-20220825/UBNA_002/20220823_033000.WAV,Telephone Field,recover-20220825,002,1795
1768.1685,1768.1745,26328,40628,Plecotus austriacus,0.006,0.026,-1,Echolocation,/mnt/ubna_data_01_mir/recover-20220825/UBNA_002/20220823_033000.WAV,Telephone Field,recover-20220825,002,1795
1768.1945,1768.203,27187,36348,Eptesicus serotinus,0.011,0.027,-1,Echolocation,/mnt/ubna_data_01_mir/recover-20220825/UBNA_002/20220823_033000.WAV,Telephone Field,recover-20220825,002,1795
1768.2035,1768.2125,50390,55817,Pipistrellus pipistrellus,0.026,0.035,-1,Echolocation,/mnt/ubna_data_01_mir/recover-20220825/UBNA_002/20220823_033000.WAV,Telephone Field,recover-20220825,002,1795
1768.2295,1768.238,25468,34190,Eptesicus serotinus,0.006,0.022,-1,Echolocation,/mnt/ubna_data_01_mir/recover-20220825/UBNA_002/20220823_033000.WAV,Telephone Field,recover-20220825,002,1795
1768.2475,1768.2547,23750,31931,Plecotus austriacus,0.011,0.023,-1,Echolocation,/mnt/ubna_data_01_mir/recover-20220825/UBNA_002/20220823_033000.WAV,Telephone Field,recover-20220825,002,1795
1768.2635,1768.3016,68437,82577,Rhinolophus ferrumequinum,0.023,0.023,-1,Echolocation,/mnt/ubna_data_01_mir/recover-20220825/UBNA_002/20220823_033000.WAV,Telephone Field,recover-20220825,002,1795
1768.2775,1768.2853,23750,32249,Plecotus austriacus,0.028,0.064,-1,Echolocation,/mnt/ubna_data_01_mir/recover-20220825/UBNA_002/20220823_033000.WAV,Telephone Field,recover-20220825,002,1795
1768.3385,1768.3429,40937,54664,Myotis nattereri,0.012,0.035,-1,Echolocation,/mnt/ubna_data_01_mir/recover-20220825/UBNA_002/20220823_033000.WAV,Telephone Field,recover-20220825,002,1795
1768.3515,1768.3914,68437,82381,Rhinolophus ferrumequinum,0.024,0.024,-1,Echolocation,/mnt/ubna_data_01_mir/recover-20220825/UBNA_002/20220823_033000.WAV,Telephone Field,recover-20220825,002,1795
1768.3675,1768.3727,38359,56720,Myotis bechsteinii,0.008,0.032,-1,Echolocation,/mnt/ubna_data_01_mir/recover-20220825/UBNA_002/20220823_033000.WAV,Telephone Field,recover-20220825,002,1795
1768.3865,1768.3989,51250,56130,Pipistrellus pipistrellus,0.014,0.021,-1,Echolocation,/mnt/ubna_data_01_mir/recover-20220825/UBNA_002/20220823_033000.WAV,Telephone Field,recover-20220825,002,1795
1768.4085,1768.4174,22031,28463,Plecotus austriacus,0.009,0.022,-1,Echolocation,/mnt/ubna_data_01_mir/recover-20220825/UBNA_002/20220823_033000.WAV,Telephone Field,recover-20220825,002,1795
1768.4335,1768.4406,27187,40786,Eptesicus serotinus,0.006,0.021,-1,Echolocation,/mnt/ubna_data_01_mir/recover-20220825/UBNA_002/20220823_033000.WAV,Telephone Field,recover-20220825,002,1795
1768.4545,1768.4927,68437,81643,Rhinolophus ferrumequinum,0.022,0.022,-1,Echolocation,/mnt/ubna_data_01_mir/recover-20220825/UBNA_002/20220823_033000.WAV,Telephone Field,recover-20220825,002,1795
1768.4695,1768.4799,23750,29625,Nyctalus leisleri,0.01,0.027,-1,Echolocation,/mnt/ubna_data_01_mir/recover-20220825/UBNA_002/20220823_033000.WAV,Telephone Field,recover-20220825,002,1795
1768.4825,1768.5236,68437,82465,Rhinolophus ferrumequinum,0.026,0.026,-1,Echolocation,/mnt/ubna_data_01_mir/recover-20220825/UBNA_002/20220823_033000.WAV,Telephone Field,recover-20220825,002,1795
1768.5055,1768.545,68437,82257,Rhinolophus ferrumequinum,0.021,0.021,-1,Echolocation,/mnt/ubna_data_01_mir/recover-20220825/UBNA_002/20220823_033000.WAV,Telephone Field,recover-20220825,002,1795
1768.5365,1768.5431,26328,40934,Eptesicus serotinus,0.005,0.024,-1,Echolocation,/mnt/ubna_data_01_mir/recover-20220825/UBNA_002/20220823_033000.WAV,Telephone Field,recover-20220825,002,1795
1768.5675,1768.5777,23750,28905,Nyctalus leisleri,0.009,0.022,-1,Echolocation,/mnt/ubna_data_01_mir/recover-20220825/UBNA_002/20220823_033000.WAV,Telephone Field,recover-20220825,002,1795
1768.5855,1768.5943,26328,35767,Eptesicus serotinus,0.008,0.024,-1,Echolocation,/mnt/ubna_data_01_mir/recover-20220825/UBNA_002/20220823_033000.WAV,Telephone Field,recover-20220825,002,1795
1768.5995,1768.6389,68437,82926,Rhinolophus ferrumequinum,0.024,0.024,-1,Echolocation,/mnt/ubna_data_01_mir/recover-20220825/UBNA_002/20220823_033000.WAV,Telephone Field,recover-20220825,002,1795
1768.6215,1768.6576,68437,80995,Rhinolophus ferrumequinum,0.025,0.025,-1,Echolocation,/mnt/ubna_data_01_mir/recover-20220825/UBNA_002/20220823_033000.WAV,Telephone Field,recover-20220825,002,1795
1768.6385,1768.6515,23750,28478,Nyctalus leisleri,0.016,0.029,-1,Echolocation,/mnt/ubna_data_01_mir/recover-20220825/UBNA_002/20220823_033000.WAV,Telephone Field,recover-20220825,002,1795
1768.6625,1768.6729,28906,36509,Eptesicus serotinus,0.01,0.023,-1,Echolocation,/mnt/ubna_data_01_mir/recover-20220825/UBNA_002/20220823_033000.WAV,Telephone Field,recover-20220825,002,1795
1768.7845,1768.7919,28046,40850,Eptesicus serotinus,0.006,0.022,-1,Echolocation,/mnt/ubna_data_01_mir/recover-20220825/UBNA_002/20220823_033000.WAV,Telephone Field,recover-20220825,002,1795
1768.7945,1768.8332,68437,82154,Rhinolophus ferrumequinum,0.022,0.022,-1,Echolocation,/mnt/ubna_data_01_mir/recover-20220825/UBNA_002/20220823_033000.WAV,Telephone Field,recover-20220825,002,1795
1768.8155,1768.8575,68437,82576,Rhinolophus ferrumequinum,0.022,0.022,-1,Echolocation,/mnt/ubna_data_01_mir/recover-20220825/UBNA_002/20220823_033000.WAV,Telephone Field,recover-20220825,002,1795
1768.8385,1768.8811,68437,83332,Rhinolophus ferrumequinum,0.024,0.024,-1,Echolocation,/mnt/ubna_data_01_mir/recover-20220825/UBNA_002/20220823_033000.WAV,Telephone Field,recover-20220825,002,1795
1768.8725,1768.9064,68437,81523,Rhinolophus ferrumequinum,0.025,0.025,-1,Echolocation,/mnt/ubna_data_01_mir/recover-20220825/UBNA_002/20220823_033000.WAV,Telephone Field,recover-20220825,002,1795
1768.8835,1768.9209,68437,82377,Rhinolophus ferrumequinum,0.024,0.024,-1,Echolocation,/mnt/ubna_data_01_mir/recover-20220825/UBNA_002/20220823_033000.WAV,Telephone Field,recover-20220825,002,1795
1768.8975,1768.9127,48671,53489,Pipistrellus pipistrellus,0.028,0.036,-1,Echolocation,/mnt/ubna_data_01_mir/recover-20220825/UBNA_002/20220823_033000.WAV,Telephone Field,recover-20220825,002,1795
1768.9605,1769.0017,68437,82404,Rhinolophus ferrumequinum,0.024,0.024,-1,Echolocation,/mnt/ubna_data_01_mir/recover-20220825/UBNA_002/20220823_033000.WAV,Telephone Field,recover-20220825,002,1795
1768.9735,1768.979,38359,59093,Myotis mystacinus,0.006,0.022,-1,Echolocation,/mnt/ubna_data_01_mir/recover-20220825/UBNA_002/20220823_033000.WAV,Telephone Field,recover-20220825,002,1795
1768.9965,1769.0396,68437,82989,Rhinolophus ferrumequinum,0.03,0.03,-1,Echolocation,/mnt/ubna_data_01_mir/recover-20220825/UBNA_002/20220823_033000.WAV,Telephone Field,recover-20220825,002,1795
1769.0195,1769.0576,68437,82577,Rhinolophus ferrumequinum,0.021,0.021,-1,Echolocation,/mnt/ubna_data_01_mir/recover-20220825/UBNA_002/20220823_033000.WAV,Telephone Field,recover-20220825,002,1795
1769.0645,1769.0719,28906,41275,Eptesicus serotinus,0.007,0.024,-1,Echolocation,/mnt/ubna_data_01_mir/recover-20220825/UBNA_002/20220823_033000.WAV,Telephone Field,recover-20220825,002,1795
1769.0755,1769.1146,68437,81990,Rhinolophus ferrumequinum,0.023,0.023,-1,Echolocation,/mnt/ubna_data_01_mir/recover-20220825/UBNA_002/20220823_033000.WAV,Telephone Field,recover-20220825,002,1795
1769.1375,1769.174,68437,81445,Rhinolophus ferrumequinum,0.022,0.022,-1,Echolocation,/mnt/ubna_data_01_mir/recover-20220825/UBNA_002/20220823_033000.WAV,Telephone Field,recover-20220825,002,1795
1769.1455,1769.1831,68437,81456,Rhinolophus ferrumequinum,0.022,0.022,-1,Echolocation,/mnt/ubna_data_01_mir/recover-20220825/UBNA_002/20220823_033000.WAV,Telephone Field,recover-20220825,002,1795
1769.1715,1769.1782,23750,34164,Plecotus austriacus,0.014,0.028,-1,Echolocation,/mnt/ubna_data_01_mir/recover-20220825/UBNA_002/20220823_033000.WAV,Telephone Field,recover-20220825,002,1795
1769.1745,1769.215,68437,82559,Rhinolophus ferrumequinum,0.03,0.03,-1,Echolocation,/mnt/ubna_data_01_mir/recover-20220825/UBNA_002/20220823_033000.WAV,Telephone Field,recover-20220825,002,1795
1769.1875,1769.2253,68437,81681,Rhinolophus ferrumequinum,0.022,0.022,-1,Echolocation,/mnt/ubna_data_01_mir/recover-20220825/UBNA_002/20220823_033000.WAV,Telephone Field,recover-20220825,002,1795
1769.1945,1769.2033,26328,35027,Eptesicus serotinus,0.01,0.026,-1,Echolocation,/mnt/ubna_data_01_mir/recover-20220825/UBNA_002/20220823_033000.WAV,Telephone Field,recover-20220825,002,1795
1769.2485,1769.2873,68437,82098,Rhinolophus ferrumequinum,0.022,0.022,-1,Echolocation,/mnt/ubna_data_01_mir/recover-20220825/UBNA_002/20220823_033000.WAV,Telephone Field,recover-20220825,002,1795
1769.2755,1769.2858,28906,37536,Eptesicus serotinus,0.01,0.023,-1,Echolocation,/mnt/ubna_data_01_mir/recover-20220825/UBNA_002/20220823_033000.WAV,Telephone Field,recover-20220825,002,1795
1769.3165,1769.3551,68437,83047,Rhinolophus ferrumequinum,0.027,0.027,-1,Echolocation,/mnt/ubna_data_01_mir/recover-20220825/UBNA_002/20220823_033000.WAV,Telephone Field,recover-20220825,002,1795
1769.3325,1769.3394,24609,34976,Plecotus austriacus,0.01,0.024,-1,Echolocation,/mnt/ubna_data_01_mir/recover-20220825/UBNA_002/20220823_033000.WAV,Telephone Field,recover-20220825,002,1795
1769.3585,1769.4008,68437,83016,Rhinolophus ferrumequinum,0.025,0.025,-1,Echolocation,/mnt/ubna_data_01_mir/recover-20220825/UBNA_002/20220823_033000.WAV,Telephone Field,recover-20220825,002,1795
1769.3615,1769.3717,22890,29137,Nyctalus leisleri,0.008,0.023,-1,Echolocation,/mnt/ubna_data_01_mir/recover-20220825/UBNA_002/20220823_033000.WAV,Telephone Field,recover-20220825,002,1795
1769.3895,1769.4292,68437,81303,Rhinolophus ferrumequinum,0.026,0.026,-1,Echolocation,/mnt/ubna_data_01_mir/recover-20220825/UBNA_002/20220823_033000.WAV,Telephone Field,recover-20220825,002,1795
1769.4385,1769.4762,68437,82677,Rhinolophus ferrumequinum,0.024,0.025,-1,Echolocation,/mnt/ubna_data_01_mir/recover-20220825/UBNA_002/20220823_033000.WAV,Telephone Field,recover-20220825,002,1795
1769.4665,1769.4796,15156,21245,Nyctalus noctula,0.021,0.032,-1,Echolocation,/mnt/ubna_data_01_mir/recover-20220825/UBNA_002/20220823_033000.WAV,Telephone Field,recover-20220825,002,1795
1769.4705,1769.5111,68437,83504,Rhinolophus ferrumequinum,0.027,0.027,-1,Echolocation,/mnt/ubna_data_01_mir/recover-20220825/UBNA_002/20220823_033000.WAV,Telephone Field,recover-20220825,002,1795
1769.5005,1769.5094,22890,30363,Plecotus austriacus,0.009,0.025,-1,Echolocation,/mnt/ubna_data_01_mir/recover-20220825/UBNA_002/20220823_033000.WAV,Telephone Field,recover-20220825,002,1795
1769.5075,1769.5159,23750,31359,Plecotus austriacus,0.008,0.027,-1,Echolocation,/mnt/ubna_data_01_mir/recover-20220825/UBNA_002/20220823_033000.WAV,Telephone Field,recover-20220825,002,1795
1769.5235,1769.5643,68437,82414,Rhinolophus ferrumequinum,0.021,0.021,-1,Echolocation,/mnt/ubna_data_01_mir/recover-20220825/UBNA_002/20220823_033000.WAV,Telephone Field,recover-20220825,002,1795
1769.5435,1769.5836,68437,81855,Rhinolophus ferrumequinum,0.022,0.022,-1,Echolocation,/mnt/ubna_data_01_mir/recover-20220825/UBNA_002/20220823_033000.WAV,Telephone Field,recover-20220825,002,1795
1769.6085,1769.6455,68437,82917,Rhinolophus ferrumequinum,0.031,0.031,-1,Echolocation,/mnt/ubna_data_01_mir/recover-20220825/UBNA_002/20220823_033000.WAV,Telephone Field,recover-20220825,002,1795
1769.6115,1769.6204,24609,32422,Nyctalus leisleri,0.006,0.021,-1,Echolocation,/mnt/ubna_data_01_mir/recover-20220825/UBNA_002/20220823_033000.WAV,Telephone Field,recover-20220825,002,1795
1769.6475,1769.6878,68437,82518,Rhinolophus ferrumequinum,0.023,0.023,-1,Echolocation,/mnt/ubna_data_01_mir/recover-20220825/UBNA_002/20220823_033000.WAV,Telephone Field,recover-20220825,002,1795
1769.6555,1769.6978,68437,83218,Rhinolophus ferrumequinum,0.024,0.024,-1,Echolocation,/mnt/ubna_data_01_mir/recover-20220825/UBNA_002/20220823_033000.WAV,Telephone Field,recover-20220825,002,1795
1769.6755,1769.6846,22890,29825,Plecotus austriacus,0.011,0.027,-1,Echolocation,/mnt/ubna_data_01_mir/recover-20220825/UBNA_002/20220823_033000.WAV,Telephone Field,recover-20220825,002,1795
1769.7045,1769.7394,68437,81019,Rhinolophus ferrumequinum,0.022,0.022,-1,Echolocation,/mnt/ubna_data_01_mir/recover-20220825/UBNA_002/20220823_033000.WAV,Telephone Field,recover-20220825,002,1795
1769.7215,1769.728,27187,39690,Eptesicus serotinus,0.005,0.021,-1,Echolocation,/mnt/ubna_data_01_mir/recover-20220825/UBNA_002/20220823_033000.WAV,Telephone Field,recover-20220825,002,1795
1769.7485,1769.7546,38359,57049,Myotis brandtii,0.007,0.025,-1,Echolocation,/mnt/ubna_data_01_mir/recover-20220825/UBNA_002/20220823_033000.WAV,Telephone Field,recover-20220825,002,1795
1769.7755,1769.7821,24609,35175,Plecotus austriacus,0.013,0.029,-1,Echolocation,/mnt/ubna_data_01_mir/recover-20220825/UBNA_002/20220823_033000.WAV,Telephone Field,recover-20220825,002,1795
1769.7875,1769.8249,68437,82637,Rhinolophus ferrumequinum,0.023,0.023,-1,Echolocation,/mnt/ubna_data_01_mir/recover-20220825/UBNA_002/20220823_033000.WAV,Telephone Field,recover-20220825,002,1795
1769.8155,1769.8238,23750,32109,Plecotus austriacus,0.009,0.021,-1,Echolocation,/mnt/ubna_data_01_mir/recover-20220825/UBNA_002/20220823_033000.WAV,Telephone Field,recover-20220825,002,1795
1769.8335,1769.8436,27187,35557,Eptesicus serotinus,0.015,0.029,-1,Echolocation,/mnt/ubna_data_01_mir/recover-20220825/UBNA_002/20220823_033000.WAV,Telephone Field,recover-20220825,002,1795
1769.8415,1769.8841,68437,83736,Rhinolophus ferrumequinum,0.026,0.026,-1,Echolocation,/mnt/ubna_data_01_mir/recover-20220825/UBNA_002/20220823_033000.WAV,Telephone Field,recover-20220825,002,1795
1769.8475,1769.8531,24609,39518,Plecotus austriacus,0.019,0.04,-1,Echolocation,/mnt/ubna_data_01_mir/recover-20220825/UBNA_002/20220823_033000.WAV,Telephone Field,recover-20220825,002,1795
1769.8865,1769.8972,23750,28976,Nyctalus leisleri,0.011,0.025,-1,Echolocation,/mnt/ubna_data_01_mir/recover-20220825/UBNA_002/20220823_033000.WAV,Telephone Field,recover-20220825,002,1795
1769.8925,1769.9281,68437,81420,Rhinolophus ferrumequinum,0.028,0.028,-1,Echolocation,/mnt/ubna_data_01_mir/recover-20220825/UBNA_002/20220823_033000.WAV,Telephone Field,recover-20220825,002,1795
1769.9165,1769.9525,68437,81826,Rhinolophus ferrumequinum,0.026,0.026,-1,Echolocation,/mnt/ubna_data_01_mir/recover-20220825/UBNA_002/20220823_033000.WAV,Telephone Field,recover-20220825,002,1795
1769.9245,1769.9371,22031,25584,Nyctalus leisleri,0.018,0.028,-1,Echolocation,/mnt/ubna_data_01_mir/recover-20220825/UBNA_002/20220823_033000.WAV,Telephone Field,recover-20220825,002,1795
1769.9825,1769.9918,28906,40854,Eptesicus serotinus,0.013,0.03,-1,Echolocation,/mnt/ubna_data_01_mir/recover-20220825/UBNA_002/20220823_033000.WAV,Telephone Field,recover-20220825,002,1795
1770.0015,1770.0363,68437,80211,Rhinolophus ferrumequinum,0.024,0.024,-1,Echolocation,/mnt/ubna_data_01_mir/recover-20220825/UBNA_002/20220823_033000.WAV,Telephone Field,recover-20220825,002,1795
1770.0015,1770.0138,27187,34038,Nyctalus leisleri,0.014,0.037,-1,Echolocation,/mnt/ubna_data_01_mir/recover-20220825/UBNA_002/20220823_033000.WAV,Telephone Field,recover-20220825,002,1795
1770.0105,1770.053,68437,82422,Rhinolophus ferrumequinum,0.026,0.026,-1,Echolocation,/mnt/ubna_data_01_mir/recover-20220825/UBNA_002/20220823_033000.WAV,Telephone Field,recover-20220825,002,1795
1770.0145,1770.0267,27187,32703,Nyctalus leisleri,0.024,0.061,-1,Echolocation,/mnt/ubna_data_01_mir/recover-20220825/UBNA_002/20220823_033000.WAV,Telephone Field,recover-20220825,002,1795
1770.0295,1770.0702,68437,82916,Rhinolophus ferrumequinum,0.027,0.027,-1,Echolocation,/mnt/ubna_data_01_mir/recover-20220825/UBNA_002/20220823_033000.WAV,Telephone Field,recover-20220825,002,1795
1770.0515,1770.0883,68437,81897,Rhinolophus ferrumequinum,0.021,0.021,-1,Echolocation,/mnt/ubna_data_01_mir/recover-20220825/UBNA_002/20220823_033000.WAV,Telephone Field,recover-20220825,002,1795
1770.0775,1770.0848,27187,39305,Eptesicus serotinus,0.006,0.021,-1,Echolocation,/mnt/ubna_data_01_mir/recover-20220825/UBNA_002/20220823_033000.WAV,Telephone Field,recover-20220825,002,1795
1770.0885,1770.0986,27187,35060,Eptesicus serotinus,0.009,0.022,-1,Echolocation,/mnt/ubna_data_01_mir/recover-20220825/UBNA_002/20220823_033000.WAV,Telephone Field,recover-20220825,002,1795
1770.1135,1770.1204,27187,42010,Eptesicus serotinus,0.008,0.026,-1,Echolocation,/mnt/ubna_data_01_mir/recover-20220825/UBNA_002/20220823_033000.WAV,Telephone Field,recover-20220825,002,1795
1770.1355,1770.1726,68437,81968,Rhinolophus ferrumequinum,0.022,0.022,-1,Echolocation,/mnt/ubna_data_01_mir/recover-20220825/UBNA_002/20220823_033000.WAV,Telephone Field,recover-20220825,002,1795
1770.1365,1770.1434,28906,39543,Eptesicus serotinus,0.007,0.022,-1,Echolocation,/mnt/ubna_data_01_mir/recover-20220825/UBNA_002/20220823_033000.WAV,Telephone Field,recover-20220825,002,1795
1770.1635,1770.1725,28046,41275,Eptesicus serotinus,0.009,0.023,-1,Echolocation,/mnt/ubna_data_01_mir/recover-20220825/UBNA_002/20220823_033000.WAV,Telephone Field,recover-20220825,002,1795
1770.1695,1770.2055,68437,80919,Rhinolophus ferrumequinum,0.021,0.021,-1,Echolocation,/mnt/ubna_data_01_mir/recover-20220825/UBNA_002/20220823_033000.WAV,Telephone Field,recover-20220825,002,1795
1770.1765,1770.1855,27187,36164,Eptesicus serotinus,0.011,0.027,-1,Echolocation,/mnt/ubna_data_01_mir/recover-20220825/UBNA_002/20220823_033000.WAV,Telephone Field,recover-20220825,002,1795
1770.2065,1770.2449,68437,82415,Rhinolophus ferrumequinum,0.023,0.024,-1,Echolocation,/mnt/ubna_data_01_mir/recover-20220825/UBNA_002/20220823_033000.WAV,Telephone Field,recover-20220825,002,1795
1770.2315,1770.2396,26328,38879,Eptesicus serotinus,0.007,0.022,-1,Echolocation,/mnt/ubna_data_01_mir/recover-20220825/UBNA_002/20220823_033000.WAV,Telephone Field,recover-20220825,002,1795
1770.2565,1770.2657,28906,38528,Eptesicus serotinus,0.009,0.022,-1,Echolocation,/mnt/ubna_data_01_mir/recover-20220825/UBNA_002/20220823_033000.WAV,Telephone Field,recover-20220825,002,1795
1770.2835,1770.3242,68437,83021,Rhinolophus ferrumequinum,0.028,0.028,-1,Echolocation,/mnt/ubna_data_01_mir/recover-20220825/UBNA_002/20220823_033000.WAV,Telephone Field,recover-20220825,002,1795
1770.2895,1770.2971,28906,38507,Eptesicus serotinus,0.007,0.022,-1,Echolocation,/mnt/ubna_data_01_mir/recover-20220825/UBNA_002/20220823_033000.WAV,Telephone Field,recover-20220825,002,1795
1770.3535,1770.3931,68437,83258,Rhinolophus ferrumequinum,0.034,0.034,-1,Echolocation,/mnt/ubna_data_01_mir/recover-20220825/UBNA_002/20220823_033000.WAV,Telephone Field,recover-20220825,002,1795
1770.3835,1770.4202,68437,82013,Rhinolophus ferrumequinum,0.021,0.021,-1,Echolocation,/mnt/ubna_data_01_mir/recover-20220825/UBNA_002/20220823_033000.WAV,Telephone Field,recover-20220825,002,1795
1770.3975,1770.4064,25468,33193,Eptesicus serotinus,0.008,0.023,-1,Echolocation,/mnt/ubna_data_01_mir/recover-20220825/UBNA_002/20220823_033000.WAV,Telephone Field,recover-20220825,002,1795
1770.4295,1770.438,28046,36885,Eptesicus serotinus,0.01,0.024,-1,Echolocation,/mnt/ubna_data_01_mir/recover-20220825/UBNA_002/20220823_033000.WAV,Telephone Field,recover-20220825,002,1795
1770.4605,1770.5012,68437,82857,Rhinolophus ferrumequinum,0.024,0.024,-1,Echolocation,/mnt/ubna_data_01_mir/recover-20220825/UBNA_002/20220823_033000.WAV,Telephone Field,recover-20220825,002,1795
1770.4875,1770.5246,68437,81954,Rhinolophus ferrumequinum,0.021,0.021,-1,Echolocation,/mnt/ubna_data_01_mir/recover-20220825/UBNA_002/20220823_033000.WAV,Telephone Field,recover-20220825,002,1795
1770.4925,1770.5279,68437,82107,Rhinolophus ferrumequinum,0.022,0.022,-1,Echolocation,/mnt/ubna_data_01_mir/recover-20220825/UBNA_002/20220823_033000.WAV,Telephone Field,recover-20220825,002,1795
1770.5015,1770.5092,30625,43143,Myotis daubentonii,0.011,0.034,-1,Echolocation,/mnt/ubna_data_01_mir/recover-20220825/UBNA_002/20220823_033000.WAV,Telephone Field,recover-20220825,002,1795
1770.5365,1770.5733,68437,81887,Rhinolophus ferrumequinum,0.025,0.025,-1,Echolocation,/mnt/ubna_data_01_mir/recover-20220825/UBNA_002/20220823_033000.WAV,Telephone Field,recover-20220825,002,1795
1770.5505,1770.5933,68437,82898,Rhinolophus ferrumequinum,0.03,0.03,-1,Echolocation,/mnt/ubna_data_01_mir/recover-20220825/UBNA_002/20220823_033000.WAV,Telephone Field,recover-20220825,002,1795
1770.5875,1770.6275,68437,82816,Rhinolophus ferrumequinum,0.034,0.034,-1,Echolocation,/mnt/ubna_data_01_mir/recover-20220825/UBNA_002/20220823_033000.WAV,Telephone Field,recover-20220825,002,1795
1770.5975,1770.6357,68437,81537,Rhinolophus ferrumequinum,0.023,0.023,-1,Echolocation,/mnt/ubna_data_01_mir/recover-20220825/UBNA_002/20220823_033000.WAV,Telephone Field,recover-20220825,002,1795
1770.6055,1770.643,68437,82182,Rhinolophus ferrumequinum,0.024,0.024,-1,Echolocation,/mnt/ubna_data_01_mir/recover-20220825/UBNA_002/20220823_033000.WAV,Telephone Field,recover-20220825,002,1795
1770.6205,1770.6303,28906,35656,Eptesicus serotinus,0.016,0.031,-1,Echolocation,/mnt/ubna_data_01_mir/recover-20220825/UBNA_002/20220823_033000.WAV,Telephone Field,recover-20220825,002,1795
1770.6225,1770.6585,68437,80702,Rhinolophus ferrumequinum,0.021,0.021,-1,Echolocation,/mnt/ubna_data_01_mir/recover-20220825/UBNA_002/20220823_033000.WAV,Telephone Field,recover-20220825,002,1795
1770.6565,1770.6673,23750,29236,Nyctalus leisleri,0.009,0.021,-1,Echolocation,/mnt/ubna_data_01_mir/recover-20220825/UBNA_002/20220823_033000.WAV,Telephone Field,recover-20220825,002,1795
1770.6635,1770.6772,22031,25911,Nyctalus leisleri,0.012,0.021,-1,Echolocation,/mnt/ubna_data_01_mir/recover-20220825/UBNA_002/20220823_033000.WAV,Telephone Field,recover-20220825,002,1795
1770.6865,1770.6946,28046,39969,Eptesicus serotinus,0.007,0.021,-1,Echolocation,/mnt/ubna_data_01_mir/recover-20220825/UBNA_002/20220823_033000.WAV,Telephone Field,recover-20220825,002,1795
1770.6955,1770.7039,28906,40581,Eptesicus serotinus,0.007,0.021,-1,Echolocation,/mnt/ubna_data_01_mir/recover-20220825/UBNA_002/20220823_033000.WAV,Telephone Field,recover-20220825,002,1795
1770.7155,1770.7247,25468,33672,Eptesicus serotinus,0.009,0.023,-1,Echolocation,/mnt/ubna_data_01_mir/recover-20220825/UBNA_002/20220823_033000.WAV,Telephone Field,recover-20220825,002,1795
1770.7625,1770.7748,22031,27029,Nyctalus leisleri,0.014,0.03,-1,Echolocation,/mnt/ubna_data_01_mir/recover-20220825/UBNA_002/20220823_033000.WAV,Telephone Field,recover-20220825,002,1795
1770.8085,1770.8471,68437,82119,Rhinolophus ferrumequinum,0.022,0.022,-1,Echolocation,/mnt/ubna_data_01_mir/recover-20220825/UBNA_002/20220823_033000.WAV,Telephone Field,recover-20220825,002,1795
1770.8195,1770.8273,47812,51285,Pipistrellus pipistrellus,0.025,0.027,-1,Echolocation,/mnt/ubna_data_01_mir/recover-20220825/UBNA_002/20220823_033000.WAV,Telephone Field,recover-20220825,002,1795
1770.8625,1770.8697,28906,40632,Eptesicus serotinus,0.008,0.028,-1,Echolocation,/mnt/ubna_data_01_mir/recover-20220825/UBNA_002/20220823_033000.WAV,Telephone Field,recover-20220825,002,1795
1770.8815,1770.8898,38359,48192,Pipistrellus nathusii,0.007,0.022,-1,Echolocation,/mnt/ubna_data_01_mir/recover-20220825/UBNA_002/20220823_033000.WAV,Telephone Field,recover-20220825,002,1795
1770.9475,1770.9571,23750,31139,Nyctalus leisleri,0.009,0.031,-1,Echolocation,/mnt/ubna_data_01_mir/recover-20220825/UBNA_002/20220823_033000.WAV,Telephone Field,recover-20220825,002,1795
1770.9675,1770.9749,25468,34456,Eptesicus serotinus,0.006,0.022,-1,Echolocation,/mnt/ubna_data_01_mir/recover-20220825/UBNA_002/20220823_033000.WAV,Telephone Field,recover-20220825,002,1795
1770.9905,1770.9973,23750,33177,Plecotus austriacus,0.016,0.037,-1,Echolocation,/mnt/ubna_data_01_mir/recover-20220825/UBNA_002/20220823_033000.WAV,Telephone Field,recover-20220825,002,1795
1771.0065,1771.0479,68437,82483,Rhinolophus ferrumequinum,0.025,0.025,-1,Echolocation,/mnt/ubna_data_01_mir/recover-20220825/UBNA_002/20220823_033000.WAV,Telephone Field,recover-20220825,002,1795
1771.0275,1771.0351,28046,37244,Eptesicus serotinus,0.018,0.04,-1,Echolocation,/mnt/ubna_data_01_mir/recover-20220825/UBNA_002/20220823_033000.WAV,Telephone Field,recover-20220825,002,1795
1771.0555,1771.0624,23750,33050,Plecotus austriacus,0.018,0.034,-1,Echolocation,/mnt/ubna_data_01_mir/recover-20220825/UBNA_002/20220823_033000.WAV,Telephone Field,recover-20220825,002,1795
1771.0795,1771.1232,68437,82896,Rhinolophus ferrumequinum,0.026,0.027,-1,Echolocation,/mnt/ubna_data_01_mir/recover-20220825/UBNA_002/20220823_033000.WAV,Telephone Field,recover-20220825,002,1795
1771.1035,1771.1441,68437,82548,Rhinolophus ferrumequinum,0.022,0.022,-1,Echolocation,/mnt/ubna_data_01_mir/recover-20220825/UBNA_002/20220823_033000.WAV,Telephone Field,recover-20220825,002,1795
1771.1315,1771.1374,26328,45293,Myotis nattereri,0.008,0.03,-1,Echolocation,/mnt/ubna_data_01_mir/recover-20220825/UBNA_002/20220823_033000.WAV,Telephone Field,recover-20220825,002,1795
1771.2355,1771.2431,28046,38602,Eptesicus serotinus,0.008,0.023,-1,Echolocation,/mnt/ubna_data_01_mir/recover-20220825/UBNA_002/20220823_033000.WAV,Telephone Field,recover-20220825,002,1795
1771.2655,1771.2754,22890,28664,Nyctalus leisleri,0.01,0.023,-1,Echolocation,/mnt/ubna_data_01_mir/recover-20220825/UBNA_002/20220823_033000.WAV,Telephone Field,recover-20220825,002,1795
1771.3035,1771.3111,28906,41007,Eptesicus serotinus,0.009,0.025,-1,Echolocation,/mnt/ubna_data_01_mir/recover-20220825/UBNA_002/20220823_033000.WAV,Telephone Field,recover-20220825,002,1795
1771.3235,1771.3304,25468,35832,Plecotus auritus,0.006,0.024,-1,Echolocation,/mnt/ubna_data_01_mir/recover-20220825/UBNA_002/20220823_033000.WAV,Telephone Field,recover-20220825,002,1795
1771.3325,1771.3718,68437,82730,Rhinolophus ferrumequinum,0.023,0.023,-1,Echolocation,/mnt/ubna_data_01_mir/recover-20220825/UBNA_002/20220823_033000.WAV,Telephone Field,recover-20220825,002,1795
1771.3335,1771.3427,28906,36434,Eptesicus serotinus,0.011,0.025,-1,Echolocation,/mnt/ubna_data_01_mir/recover-20220825/UBNA_002/20220823_033000.WAV,Telephone Field,recover-20220825,002,1795
1771.3395,1771.3809,68437,82537,Rhinolophus ferrumequinum,0.025,0.025,-1,Echolocation,/mnt/ubna_data_01_mir/recover-20220825/UBNA_002/20220823_033000.WAV,Telephone Field,recover-20220825,002,1795
1771.3455,1771.3527,27187,40303,Eptesicus serotinus,0.007,0.024,-1,Echolocation,/mnt/ubna_data_01_mir/recover-20220825/UBNA_002/20220823_033000.WAV,Telephone Field,recover-20220825,002,1795
1771.3555,1771.3624,24609,33430,Plecotus austriacus,0.011,0.029,-1,Echolocation,/mnt/ubna_data_01_mir/recover-20220825/UBNA_002/20220823_033000.WAV,Telephone Field,recover-20220825,002,1795
1771.3665,1771.4029,68437,81927,Rhinolophus ferrumequinum,0.022,0.022,-1,Echolocation,/mnt/ubna_data_01_mir/recover-20220825/UBNA_002/20220823_033000.WAV,Telephone Field,recover-20220825,002,1795
1771.3675,1771.378,34921,40846,Pipistrellus nathusii,0.006,0.022,-1,Echolocation,/mnt/ubna_data_01_mir/recover-20220825/UBNA_002/20220823_033000.WAV,Telephone Field,recover-20220825,002,1795
1771.3685,1771.3781,28906,41933,Eptesicus serotinus,0.01,0.023,-1,Echolocation,/mnt/ubna_data_01_mir/recover-20220825/UBNA_002/20220823_033000.WAV,Telephone Field,recover-20220825,002,1795
1771.3935,1771.4011,24609,37250,Plecotus austriacus,0.007,0.023,-1,Echolocation,/mnt/ubna_data_01_mir/recover-20220825/UBNA_002/20220823_033000.WAV,Telephone Field,recover-20220825,002,1795
1771.4335,1771.4446,23750,28795,Nyctalus leisleri,0.01,0.021,-1,Echolocation,/mnt/ubna_data_01_mir/recover-20220825/UBNA_002/20220823_033000.WAV,Telephone Field,recover-20220825,002,1795
1771.4765,1771.4851,27187,37970,Eptesicus serotinus,0.008,0.021,-1,Echolocation,/mnt/ubna_data_01_mir/recover-20220825/UBNA_002/20220823_033000.WAV,Telephone Field,recover-20220825,002,1795
1771.4805,1771.5201,68437,81798,Rhinolophus ferrumequinum,0.021,0.021,-1,Echolocation,/mnt/ubna_data_01_mir/recover-20220825/UBNA_002/20220823_033000.WAV,Telephone Field,recover-20220825,002,1795
1771.4855,1771.4953,28906,39746,Eptesicus serotinus,0.008,0.021,-1,Echolocation,/mnt/ubna_data_01_mir/recover-20220825/UBNA_002/20220823_033000.WAV,Telephone Field,recover-20220825,002,1795
1771.5035,1771.5108,28046,40843,Eptesicus serotinus,0.006,0.021,-1,Echolocation,/mnt/ubna_data_01_mir/recover-20220825/UBNA_002/20220823_033000.WAV,Telephone Field,recover-20220825,002,1795
1771.5595,1771.5964,68437,80731,Rhinolophus ferrumequinum,0.024,0.024,-1,Echolocation,/mnt/ubna_data_01_mir/recover-20220825/UBNA_002/20220823_033000.WAV,Telephone Field,recover-20220825,002,1795
1771.5675,1771.6067,68437,82470,Rhinolophus ferrumequinum,0.025,0.025,-1,Echolocation,/mnt/ubna_data_01_mir/recover-20220825/UBNA_002/20220823_033000.WAV,Telephone Field,recover-20220825,002,1795
1771.5855,1771.596,44375,48218,Pipistrellus pipistrellus,0.019,0.021,-1,Echolocation,/mnt/ubna_data_01_mir/recover-20220825/UBNA_002/20220823_033000.WAV,Telephone Field,recover-20220825,002,1795
1771.6035,1771.6428,68437,82627,Rhinolophus ferrumequinum,0.03,0.031,-1,Echolocation,/mnt/ubna_data_01_mir/recover-20220825/UBNA_002/20220823_033000.WAV,Telephone Field,recover-20220825,002,1795
1771.6315,1771.6694,68437,81865,Rhinolophus ferrumequinum,0.021,0.021,-1,Echolocation,/mnt/ubna_data_01_mir/recover-20220825/UBNA_002/20220823_033000.WAV,Telephone Field,recover-20220825,002,1795
1771.6375,1771.6448,24609,33832,Plecotus austriacus,0.007,0.022,-1,Echolocation,/mnt/ubna_data_01_mir/recover-20220825/UBNA_002/20220823_033000.WAV,Telephone Field,recover-20220825,002,1795
1771.6445,1771.6813,68437,81234,Rhinolophus ferrumequinum,0.024,0.024,-1,Echolocation,/mnt/ubna_data_01_mir/recover-20220825/UBNA_002/20220823_033000.WAV,Telephone Field,recover-20220825,002,1795
1771.6565,1771.6633,25468,39373,Myotis nattereri,0.006,0.023,-1,Echolocation,/mnt/ubna_data_01_mir/recover-20220825/UBNA_002/20220823_033000.WAV,Telephone Field,recover-20220825,002,1795
1771.6795,1771.7182,68437,82182,Rhinolophus ferrumequinum,0.021,0.021,-1,Echolocation,/mnt/ubna_data_01_mir/recover-20220825/UBNA_002/20220823_033000.WAV,Telephone Field,recover-20220825,002,1795
1771.6905,1771.7004,22031,27386,Nyctalus leisleri,0.009,0.023,-1,Echolocation,/mnt/ubna_data_01_mir/recover-20220825/UBNA_002/20220823_033000.WAV,Telephone Field,recover-20220825,002,1795
1771.7475,1771.7628,22890,27300,Nyctalus leisleri,0.021,0.035,-1,Echolocation,/mnt/ubna_data_01_mir/recover-20220825/UBNA_002/20220823_033000.WAV,Telephone Field,recover-20220825,002,1795
1771.7805,1771.7886,28046,41772,Eptesicus serotinus,0.008,0.022,-1,Echolocation,/mnt/ubna_data_01_mir/recover-20220825/UBNA_002/20220823_033000.WAV,Telephone Field,recover-20220825,002,1795
1771.8055,1771.8499,68437,84195,Rhinolophus ferrumequinum,0.035,0.035,-1,Echolocation,/mnt/ubna_data_01_mir/recover-20220825/UBNA_002/20220823_033000.WAV,Telephone Field,recover-20220825,002,1795
1771.8135,1771.8564,68437,83499,Rhinolophus ferrumequinum,0.027,0.027,-1,Echolocation,/mnt/ubna_data_01_mir/recover-20220825/UBNA_002/20220823_033000.WAV,Telephone Field,recover-20220825,002,1795
1771.8185,1771.8266,28046,41481,Eptesicus serotinus,0.007,0.021,-1,Echolocation,/mnt/ubna_data_01_mir/recover-20220825/UBNA_002/20220823_033000.WAV,Telephone Field,recover-20220825,002,1795
1771.8475,1771.8564,28046,38763,Eptesicus serotinus,0.009,0.021,-1,Echolocation,/mnt/ubna_data_01_mir/recover-20220825/UBNA_002/20220823_033000.WAV,Telephone Field,recover-20220825,002,1795
1771.8715,1771.8806,28906,38990,Eptesicus serotinus,0.012,0.03,-1,Echolocation,/mnt/ubna_data_01_mir/recover-20220825/UBNA_002/20220823_033000.WAV,Telephone Field,recover-20220825,002,1795
1771.9355,1771.9702,68437,81586,Rhinolophus ferrumequinum,0.021,0.021,-1,Echolocation,/mnt/ubna_data_01_mir/recover-20220825/UBNA_002/20220823_033000.WAV,Telephone Field,recover-20220825,002,1795
1771.9505,1771.9623,24609,31243,Eptesicus serotinus,0.012,0.031,-1,Echolocation,/mnt/ubna_data_01_mir/recover-20220825/UBNA_002/20220823_033000.WAV,Telephone Field,recover-20220825,002,1795
1771.9805,1771.9864,36640,62454,Myotis mystacinus,0.008,0.027,-1,Echolocation,/mnt/ubna_data_01_mir/recover-20220825/UBNA_002/20220823_033000.WAV,Telephone Field,recover-20220825,002,1795
1771.9815,1771.9887,28046,50123,Eptesicus serotinus,0.006,0.024,-1,Echolocation,/mnt/ubna_data_01_mir/recover-20220825/UBNA_002/20220823_033000.WAV,Telephone Field,recover-20220825,002,1795
1772.0015,1772.0373,68437,80470,Rhinolophus ferrumequinum,0.043,0.043,-1,Echolocation,/mnt/ubna_data_01_mir/recover-20220825/UBNA_002/20220823_033000.WAV,Telephone Field,recover-20220825,002,1795
1772.0015,1772.0159,54687,60384,Pipistrellus pygmaeus,0.019,0.022,-1,Echolocation,/mnt/ubna_data_01_mir/recover-20220825/UBNA_002/20220823_033000.WAV,Telephone Field,recover-20220825,002,1795
1772.0015,1772.0143,28046,34101,Nyctalus leisleri,0.017,0.038,-1,Echolocation,/mnt/ubna_data_01_mir/recover-20220825/UBNA_002/20220823_033000.WAV,Telephone Field,recover-20220825,002,1795
1772.0085,1772.0549,68437,83339,Rhinolophus ferrumequinum,0.024,0.024,-1,Echolocation,/mnt/ubna_data_01_mir/recover-20220825/UBNA_002/20220823_033000.WAV,Telephone Field,recover-20220825,002,1795
1772.0335,1772.0691,68437,81107,Rhinolophus ferrumequinum,0.02,0.02,-1,Echolocation,/mnt/ubna_data_01_mir/recover-20220825/UBNA_002/20220823_033000.WAV,Telephone Field,recover-20220825,002,1795
1772.0425,1772.0817,68437,81897,Rhinolophus ferrumequinum,0.023,0.023,-1,Echolocation,/mnt/ubna_data_01_mir/recover-20220825/UBNA_002/20220823_033000.WAV,Telephone Field,recover-20220825,002,1795
1772.1055,1772.1405,68437,81427,Rhinolophus ferrumequinum,0.022,0.022,-1,Echolocation,/mnt/ubna_data_01_mir/recover-20220825/UBNA_002/20220823_033000.WAV,Telephone Field,recover-20220825,002,1795
1772.1275,1772.1684,68437,82902,Rhinolophus ferrumequinum,0.024,0.024,-1,Echolocation,/mnt/ubna_data_01_mir/recover-20220825/UBNA_002/20220823_033000.WAV,Telephone Field,recover-20220825,002,1795
1772.1495,1772.1566,27187,38866,Eptesicus serotinus,0.007,0.025,-1,Echolocation,/mnt/ubna_data_01_mir/recover-20220825/UBNA_002/20220823_033000.WAV,Telephone Field,recover-20220825,002,1795
1772.1635,1772.2047,68437,82762,Rhinolophus ferrumequinum,0.02,0.02,-1,Echolocation,/mnt/ubna_data_01_mir/recover-20220825/UBNA_002/20220823_033000.WAV,Telephone Field,recover-20220825,002,1795
1772.1805,1772.189,27187,37309,Eptesicus serotinus,0.008,0.021,-1,Echolocation,/mnt/ubna_data_01_mir/recover-20220825/UBNA_002/20220823_033000.WAV,Telephone Field,recover-20220825,002,1795
1772.2255,1772.2338,28046,40163,Eptesicus serotinus,0.008,0.021,-1,Echolocation,/mnt/ubna_data_01_mir/recover-20220825/UBNA_002/20220823_033000.WAV,Telephone Field,recover-20220825,002,1795
1772.2355,1772.2717,68437,81997,Rhinolophus ferrumequinum,0.025,0.025,-1,Echolocation,/mnt/ubna_data_01_mir/recover-20220825/UBNA_002/20220823_033000.WAV,Telephone Field,recover-20220825,002,1795
1772.2535,1772.2892,68437,81001,Rhinolophus ferrumequinum,0.021,0.021,-1,Echolocation,/mnt/ubna_data_01_mir/recover-20220825/UBNA_002/20220823_033000.WAV,Telephone Field,recover-20220825,002,1795
1772.2875,1772.299,22031,25602,Nyctalus leisleri,0.014,0.023,-1,Echolocation,/mnt/ubna_data_01_mir/recover-20220825/UBNA_002/20220823_033000.WAV,Telephone Field,recover-20220825,002,1795
1772.3475,1772.3927,68437,83395,Rhinolophus ferrumequinum,0.04,0.04,-1,Echolocation,/mnt/ubna_data_01_mir/recover-20220825/UBNA_002/20220823_033000.WAV,Telephone Field,recover-20220825,002,1795
1772.3605,1772.3983,68437,81815,Rhinolophus ferrumequinum,0.02,0.02,-1,Echolocation,/mnt/ubna_data_01_mir/recover-20220825/UBNA_002/20220823_033000.WAV,Telephone Field,recover-20220825,002,1795
1772.3895,1772.4288,68437,82470,Rhinolophus ferrumequinum,0.022,0.022,-1,Echolocation,/mnt/ubna_data_01_mir/recover-20220825/UBNA_002/20220823_033000.WAV,Telephone Field,recover-20220825,002,1795
1772.3905,1772.3984,46093,51025,Pipistrellus pipistrellus,0.022,0.023,-1,Echolocation,/mnt/ubna_data_01_mir/recover-20220825/UBNA_002/20220823_033000.WAV,Telephone Field,recover-20220825,002,1795
1772.4515,1772.4874,68437,81353,Rhinolophus ferrumequinum,0.04,0.04,-1,Echolocation,/mnt/ubna_data_01_mir/recover-20220825/UBNA_002/20220823_033000.WAV,Telephone Field,recover-20220825,002,1795
1772.4815,1772.5165,68437,81283,Rhinolophus ferrumequinum,0.021,0.021,-1,Echolocation,/mnt/ubna_data_01_mir/recover-20220825/UBNA_002/20220823_033000.WAV,Telephone Field,recover-20220825,002,1795
1772.4875,1772.5214,68437,81503,Rhinolophus ferrumequinum,0.022,0.022,-1,Echolocation,/mnt/ubna_data_01_mir/recover-20220825/UBNA_002/20220823_033000.WAV,Telephone Field,recover-20220825,002,1795
1772.5145,1772.5564,68437,82460,Rhinolophus ferrumequinum,0.022,0.022,-1,Echolocation,/mnt/ubna_data_01_mir/recover-20220825/UBNA_002/20220823_033000.WAV,Telephone Field,recover-20220825,002,1795
1772.5185,1772.5258,28046,42680,Eptesicus serotinus,0.008,0.026,-1,Echolocation,/mnt/ubna_data_01_mir/recover-20220825/UBNA_002/20220823_033000.WAV,Telephone Field,recover-20220825,002,1795
1772.5345,1772.5737,68437,82236,Rhinolophus ferrumequinum,0.021,0.021,-1,Echolocation,/mnt/ubna_data_01_mir/recover-20220825/UBNA_002/20220823_033000.WAV,Telephone Field,recover-20220825,002,1795
1772.6115,1772.6208,23750,30061,Nyctalus leisleri,0.007,0.021,-1,Echolocation,/mnt/ubna_data_01_mir/recover-20220825/UBNA_002/20220823_033000.WAV,Telephone Field,recover-20220825,002,1795
1772.6225,1772.6636,68437,82480,Rhinolophus ferrumequinum,0.024,0.024,-1,Echolocation,/mnt/ubna_data_01_mir/recover-20220825/UBNA_002/20220823_033000.WAV,Telephone Field,recover-20220825,002,1795
1772.6415,1772.6822,68437,82905,Rhinolophus ferrumequinum,0.023,0.023,-1,Echolocation,/mnt/ubna_data_01_mir/recover-20220825/UBNA_002/20220823_033000.WAV,Telephone Field,recover-20220825,002,1795
1772.6425,1772.654,23750,28528,Nyctalus leisleri,0.011,0.021,-1,Echolocation,/mnt/ubna_data_01_mir/recover-20220825/UBNA_002/20220823_033000.WAV,Telephone Field,recover-20220825,002,1795
1772.6785,1772.7212,68437,82997,Rhinolophus ferrumequinum,0.023,0.023,-1,Echolocation,/mnt/ubna_data_01_mir/recover-20220825/UBNA_002/20220823_033000.WAV,Telephone Field,recover-20220825,002,1795
1772.6875,1772.6951,42656,47142,Pipistrellus pipistrellus,0.025,0.054,-1,Echolocation,/mnt/ubna_data_01_mir/recover-20220825/UBNA_002/20220823_033000.WAV,Telephone Field,recover-20220825,002,1795
1772.7025,1772.7422,68437,82195,Rhinolophus ferrumequinum,0.02,0.02,-1,Echolocation,/mnt/ubna_data_01_mir/recover-20220825/UBNA_002/20220823_033000.WAV,Telephone Field,recover-20220825,002,1795
1772.7575,1772.7987,68437,82641,Rhinolophus ferrumequinum,0.027,0.027,-1,Echolocation,/mnt/ubna_data_01_mir/recover-20220825/UBNA_002/20220823_033000.WAV,Telephone Field,recover-20220825,002,1795
1772.7685,1772.8072,68437,82803,Rhinolophus ferrumequinum,0.022,0.022,-1,Echolocation,/mnt/ubna_data_01_mir/recover-20220825/UBNA_002/20220823_033000.WAV,Telephone Field,recover-20220825,002,1795
1772.7845,1772.7934,22031,28495,Plecotus austriacus,0.009,0.023,-1,Echolocation,/mnt/ubna_data_01_mir/recover-20220825/UBNA_002/20220823_033000.WAV,Telephone Field,recover-20220825,002,1795
1772.7955,1772.8145,18593,22222,Nyctalus noctula,0.013,0.024,-1,Echolocation,/mnt/ubna_data_01_mir/recover-20220825/UBNA_002/20220823_033000.WAV,Telephone Field,recover-20220825,002,1795
1772.8045,1772.8424,68437,81959,Rhinolophus ferrumequinum,0.025,0.025,-1,Echolocation,/mnt/ubna_data_01_mir/recover-20220825/UBNA_002/20220823_033000.WAV,Telephone Field,recover-20220825,002,1795
1772.8265,1772.8652,68437,82696,Rhinolophus ferrumequinum,0.021,0.021,-1,Echolocation,/mnt/ubna_data_01_mir/recover-20220825/UBNA_002/20220823_033000.WAV,Telephone Field,recover-20220825,002,1795
1772.8295,1772.8389,23750,31597,Plecotus austriacus,0.007,0.026,-1,Echolocation,/mnt/ubna_data_01_mir/recover-20220825/UBNA_002/20220823_033000.WAV,Telephone Field,recover-20220825,002,1795
1772.8455,1772.8544,23750,31734,Plecotus austriacus,0.006,0.023,-1,Echolocation,/mnt/ubna_data_01_mir/recover-20220825/UBNA_002/20220823_033000.WAV,Telephone Field,recover-20220825,002,1795
1772.8575,1772.8934,68437,81110,Rhinolophus ferrumequinum,0.02,0.02,-1,Echolocation,/mnt/ubna_data_01_mir/recover-20220825/UBNA_002/20220823_033000.WAV,Telephone Field,recover-20220825,002,1795
1772.8695,1772.9081,68437,83021,Rhinolophus ferrumequinum,0.027,0.027,-1,Echolocation,/mnt/ubna_data_01_mir/recover-20220825/UBNA_002/20220823_033000.WAV,Telephone Field,recover-20220825,002,1795
1772.8745,1772.8831,24609,31454,Eptesicus serotinus,0.007,0.025,-1,Echolocation,/mnt/ubna_data_01_mir/recover-20220825/UBNA_002/20220823_033000.WAV,Telephone Field,recover-20220825,002,1795
1772.9055,1772.9157,22031,26176,Nyctalus leisleri,0.012,0.022,-1,Echolocation,/mnt/ubna_data_01_mir/recover-20220825/UBNA_002/20220823_033000.WAV,Telephone Field,recover-20220825,002,1795
1772.9125,1772.9482,68437,81525,Rhinolophus ferrumequinum,0.023,0.023,-1,Echolocation,/mnt/ubna_data_01_mir/recover-20220825/UBNA_002/20220823_033000.WAV,Telephone Field,recover-20220825,002,1795
1772.9275,1772.9662,68437,82939,Rhinolophus ferrumequinum,0.024,0.024,-1,Echolocation,/mnt/ubna_data_01_mir/recover-20220825/UBNA_002/20220823_033000.WAV,Telephone Field,recover-20220825,002,1795
1772.9415,1772.9541,57265,62993,Pipistrellus pygmaeus,0.022,0.022,-1,Echolocation,/mnt/ubna_data_01_mir/recover-20220825/UBNA_002/20220823_033000.WAV,Telephone Field,recover-20220825,002,1795
1772.9535,1772.9936,68437,82650,Rhinolophus ferrumequinum,0.022,0.022,-1,Echolocation,/mnt/ubna_data_01_mir/recover-20220825/UBNA_002/20220823_033000.WAV,Telephone Field,recover-20220825,002,1795
1772.9725,1773.0078,68437,81600,Rhinolophus ferrumequinum,0.022,0.022,-1,Echolocation,/mnt/ubna_data_01_mir/recover-20220825/UBNA_002/20220823_033000.WAV,Telephone Field,recover-20220825,002,1795
1773.0405,1773.0807,68437,82860,Rhinolophus ferrumequinum,0.022,0.022,-1,Echolocation,/mnt/ubna_data_01_mir/recover-20220825/UBNA_002/20220823_033000.WAV,Telephone Field,recover-20220825,002,1795
1773.0635,1773.1032,68437,82397,Rhinolophus ferrumequinum,0.02,0.02,-1,Echolocation,/mnt/ubna_data_01_mir/recover-20220825/UBNA_002/20220823_033000.WAV,Telephone Field,recover-20220825,002,1795
1773.0695,1773.0753,46093,53395,Pipistrellus pipistrellus,0.021,0.022,-1,Echolocation,/mnt/ubna_data_01_mir/recover-20220825/UBNA_002/20220823_033000.WAV,Telephone Field,recover-20220825,002,1795
1773.0795,1773.1185,68437,82291,Rhinolophus ferrumequinum,0.02,0.02,-1,Echolocation,/mnt/ubna_data_01_mir/recover-20220825/UBNA_002/20220823_033000.WAV,Telephone Field,recover-20220825,002,1795
1773.0995,1773.1127,31484,37112,Eptesicus serotinus,0.009,0.026,-1,Echolocation,/mnt/ubna_data_01_mir/recover-20220825/UBNA_002/20220823_033000.WAV,Telephone Field,recover-20220825,002,1795
1773.1075,1773.1157,28046,38697,Eptesicus serotinus,0.01,0.029,-1,Echolocation,/mnt/ubna_data_01_mir/recover-20220825/UBNA_002/20220823_033000.WAV,Telephone Field,recover-20220825,002,1795
1773.1225,1773.1588,68437,81383,Rhinolophus ferrumequinum,0.021,0.021,-1,Echolocation,/mnt/ubna_data_01_mir/recover-20220825/UBNA_002/20220823_033000.WAV,Telephone Field,recover-20220825,002,1795
1773.1385,1773.1471,28046,37342,Eptesicus serotinus,0.008,0.021,-1,Echolocation,/mnt/ubna_data_01_mir/recover-20220825/UBNA_002/20220823_033000.WAV,Telephone Field,recover-20220825,002,1795
1773.1595,1773.2008,68437,82128,Rhinolophus ferrumequinum,0.025,0.025,-1,Echolocation,/mnt/ubna_data_01_mir/recover-20220825/UBNA_002/20220823_033000.WAV,Telephone Field,recover-20220825,002,1795
1773.1605,1773.1697,44375,51322,Pipistrellus pipistrellus,0.014,0.024,-1,Echolocation,/mnt/ubna_data_01_mir/recover-20220825/UBNA_002/20220823_033000.WAV,Telephone Field,recover-20220825,002,1795
1773.1635,1773.1722,27187,37608,Eptesicus serotinus,0.01,0.026,-1,Echolocation,/mnt/ubna_data_01_mir/recover-20220825/UBNA_002/20220823_033000.WAV,Telephone Field,recover-20220825,002,1795
1773.1885,1773.2288,68437,82614,Rhinolophus ferrumequinum,0.024,0.024,-1,Echolocation,/mnt/ubna_data_01_mir/recover-20220825/UBNA_002/20220823_033000.WAV,Telephone Field,recover-20220825,002,1795
1773.1935,1773.2034,23750,30892,Nyctalus leisleri,0.007,0.021,-1,Echolocation,/mnt/ubna_data_01_mir/recover-20220825/UBNA_002/20220823_033000.WAV,Telephone Field,recover-20220825,002,1795
1773.2215,1773.2597,68437,81992,Rhinolophus ferrumequinum,0.02,0.02,-1,Echolocation,/mnt/ubna_data_01_mir/recover-20220825/UBNA_002/20220823_033000.WAV,Telephone Field,recover-20220825,002,1795
1773.2455,1773.2836,68437,82140,Rhinolophus ferrumequinum,0.021,0.021,-1,Echolocation,/mnt/ubna_data_01_mir/recover-20220825/UBNA_002/20220823_033000.WAV,Telephone Field,recover-20220825,002,1795
1773.2725,1773.3131,68437,82157,Rhinolophus ferrumequinum,0.022,0.022,-1,Echolocation,/mnt/ubna_data_01_mir/recover-20220825/UBNA_002/20220823_033000.WAV,Telephone Field,recover-20220825,002,1795
1773.2745,1773.2852,28046,34716,Eptesicus serotinus,0.012,0.024,-1,Echolocation,/mnt/ubna_data_01_mir/recover-20220825/UBNA_002/20220823_033000.WAV,Telephone Field,recover-20220825,002,1795
1773.2955,1773.3049,28046,37451,Eptesicus serotinus,0.009,0.02,-1,Echolocation,/mnt/ubna_data_01_mir/recover-20220825/UBNA_002/20220823_033000.WAV,Telephone Field,recover-20220825,002,1795
1773.3135,1773.326,22890,27253,Nyctalus leisleri,0.011,0.022,-1,Echolocation,/mnt/ubna_data_01_mir/recover-20220825/UBNA_002/20220823_033000.WAV,Telephone Field,recover-20220825,002,1795
1773.3145,1773.3512,68437,81982,Rhinolophus ferrumequinum,0.022,0.022,-1,Echolocation,/mnt/ubna_data_01_mir/recover-20220825/UBNA_002/20220823_033000.WAV,Telephone Field,recover-20220825,002,1795
1773.3325,1773.372,68437,82755,Rhinolophus ferrumequinum,0.022,0.022,-1,Echolocation,/mnt/ubna_data_01_mir/recover-20220825/UBNA_002/20220823_033000.WAV,Telephone Field,recover-20220825,002,1795
1773.3425,1773.3812,68437,82976,Rhinolophus ferrumequinum,0.023,0.023,-1,Echolocation,/mnt/ubna_data_01_mir/recover-20220825/UBNA_002/20220823_033000.WAV,Telephone Field,recover-20220825,002,1795
1773.3615,1773.3972,68437,81958,Rhinolophus ferrumequinum,0.02,0.02,-1,Echolocation,/mnt/ubna_data_01_mir/recover-20220825/UBNA_002/20220823_033000.WAV,Telephone Field,recover-20220825,002,1795
1773.3925,1773.4331,68437,82717,Rhinolophus ferrumequinum,0.027,0.027,-1,Echolocation,/mnt/ubna_data_01_mir/recover-20220825/UBNA_002/20220823_033000.WAV,Telephone Field,recover-20220825,002,1795
1773.4005,1773.4075,25468,38191,Myotis nattereri,0.005,0.022,-1,Echolocation,/mnt/ubna_data_01_mir/recover-20220825/UBNA_002/20220823_033000.WAV,Telephone Field,recover-20220825,002,1795
1773.4075,1773.4154,28046,37299,Eptesicus serotinus,0.007,0.02,-1,Echolocation,/mnt/ubna_data_01_mir/recover-20220825/UBNA_002/20220823_033000.WAV,Telephone Field,recover-20220825,002,1795
1773.4245,1773.4611,68437,81827,Rhinolophus ferrumequinum,0.025,0.025,-1,Echolocation,/mnt/ubna_data_01_mir/recover-20220825/UBNA_002/20220823_033000.WAV,Telephone Field,recover-20220825,002,1795
1773.4485,1773.4848,68437,82000,Rhinolophus ferrumequinum,0.022,0.022,-1,Echolocation,/mnt/ubna_data_01_mir/recover-20220825/UBNA_002/20220823_033000.WAV,Telephone Field,recover-20220825,002,1795
1773.4705,1773.5079,68437,81601,Rhinolophus ferrumequinum,0.025,0.025,-1,Echolocation,/mnt/ubna_data_01_mir/recover-20220825/UBNA_002/20220823_033000.WAV,Telephone Field,recover-20220825,002,1795
1773.4965,1773.5381,68437,83197,Rhinolophus ferrumequinum,0.023,0.023,-1,Echolocation,/mnt/ubna_data_01_mir/recover-20220825/UBNA_002/20220823_033000.WAV,Telephone Field,recover-20220825,002,1795
1773.5035,1773.5457,68437,83057,Rhinolophus ferrumequinum,0.022,0.022,-1,Echolocation,/mnt/ubna_data_01_mir/recover-20220825/UBNA_002/20220823_033000.WAV,Telephone Field,recover-20220825,002,1795
1773.5105,1773.5175,27187,38522,Eptesicus serotinus,0.006,0.02,-1,Echolocation,/mnt/ubna_data_01_mir/recover-20220825/UBNA_002/20220823_033000.WAV,Telephone Field,recover-20220825,002,1795
1773.5595,1773.6007,68437,82635,Rhinolophus ferrumequinum,0.021,0.021,-1,Echolocation,/mnt/ubna_data_01_mir/recover-20220825/UBNA_002/20220823_033000.WAV,Telephone Field,recover-20220825,002,1795
1773.6085,1773.6455,68437,81786,Rhinolophus ferrumequinum,0.02,0.02,-1,Echolocation,/mnt/ubna_data_01_mir/recover-20220825/UBNA_002/20220823_033000.WAV,Telephone Field,recover-20220825,002,1795
1773.6195,1773.6598,68437,82609,Rhinolophus ferrumequinum,0.021,0.021,-1,Echolocation,/mnt/ubna_data_01_mir/recover-20220825/UBNA_002/20220823_033000.WAV,Telephone Field,recover-20220825,002,1795
1773.6405,1773.6782,68437,82522,Rhinolophus ferrumequinum,0.022,0.022,-1,Echolocation,/mnt/ubna_data_01_mir/recover-20220825/UBNA_002/20220823_033000.WAV,Telephone Field,recover-20220825,002,1795
1773.6615,1773.703,68437,82689,Rhinolophus ferrumequinum,0.021,0.021,-1,Echolocation,/mnt/ubna_data_01_mir/recover-20220825/UBNA_002/20220823_033000.WAV,Telephone Field,recover-20220825,002,1795
1773.7115,1773.7509,68437,81685,Rhinolophus ferrumequinum,0.021,0.021,-1,Echolocation,/mnt/ubna_data_01_mir/recover-20220825/UBNA_002/20220823_033000.WAV,Telephone Field,recover-20220825,002,1795
1773.7185,1773.7577,68437,82170,Rhinolophus ferrumequinum,0.021,0.021,-1,Echolocation,/mnt/ubna_data_01_mir/recover-20220825/UBNA_002/20220823_033000.WAV,Telephone Field,recover-20220825,002,1795
1773.7455,1773.7858,68437,81919,Rhinolophus ferrumequinum,0.021,0.022,-1,Echolocation,/mnt/ubna_data_01_mir/recover-20220825/UBNA_002/20220823_033000.WAV,Telephone Field,recover-20220825,002,1795
1773.7665,1773.8029,68437,81038,Rhinolophus ferrumequinum,0.021,0.021,-1,Echolocation,/mnt/ubna_data_01_mir/recover-20220825/UBNA_002/20220823_033000.WAV,Telephone Field,recover-20220825,002,1795
1773.7685,1773.7771,28046,38669,Eptesicus serotinus,0.009,0.026,-1,Echolocation,/mnt/ubna_data_01_mir/recover-20220825/UBNA_002/20220823_033000.WAV,Telephone Field,recover-20220825,002,1795
1773.7865,1773.8243,68437,82530,Rhinolophus ferrumequinum,0.022,0.022,-1,Echolocation,/mnt/ubna_data_01_mir/recover-20220825/UBNA_002/20220823_033000.WAV,Telephone Field,recover-20220825,002,1795
1773.8165,1773.8554,68437,81692,Rhinolophus ferrumequinum,0.022,0.022,-1,Echolocation,/mnt/ubna_data_01_mir/recover-20220825/UBNA_002/20220823_033000.WAV,Telephone Field,recover-20220825,002,1795
1773.8205,1773.828,23750,31793,Plecotus austriacus,0.007,0.02,-1,Echolocation,/mnt/ubna_data_01_mir/recover-20220825/UBNA_002/20220823_033000.WAV,Telephone Field,recover-20220825,002,1795
1773.8465,1773.89,68437,83811,Rhinolophus ferrumequinum,0.032,0.032,-1,Echolocation,/mnt/ubna_data_01_mir/recover-20220825/UBNA_002/20220823_033000.WAV,Telephone Field,recover-20220825,002,1795
1773.8725,1773.9154,68437,83490,Rhinolophus ferrumequinum,0.034,0.034,-1,Echolocation,/mnt/ubna_data_01_mir/recover-20220825/UBNA_002/20220823_033000.WAV,Telephone Field,recover-20220825,002,1795
1773.8995,1773.907,28046,40292,Eptesicus serotinus,0.006,0.021,-1,Echolocation,/mnt/ubna_data_01_mir/recover-20220825/UBNA_002/20220823_033000.WAV,Telephone Field,recover-20220825,002,1795
1773.9075,1773.9438,68437,82445,Rhinolophus ferrumequinum,0.021,0.021,-1,Echolocation,/mnt/ubna_data_01_mir/recover-20220825/UBNA_002/20220823_033000.WAV,Telephone Field,recover-20220825,002,1795
1773.9225,1773.965,68437,83778,Rhinolophus ferrumequinum,0.037,0.037,-1,Echolocation,/mnt/ubna_data_01_mir/recover-20220825/UBNA_002/20220823_033000.WAV,Telephone Field,recover-20220825,002,1795
1773.9875,1773.9978,23750,30694,Nyctalus leisleri,0.007,0.021,-1,Echolocation,/mnt/ubna_data_01_mir/recover-20220825/UBNA_002/20220823_033000.WAV,Telephone Field,recover-20220825,002,1795
1774.0015,1774.0097,47812,56311,Pipistrellus pipistrellus,0.017,0.028,-1,Echolocation,/mnt/ubna_data_01_mir/recover-20220825/UBNA_002/20220823_033000.WAV,Telephone Field,recover-20220825,002,1795
1774.0015,1774.0107,37500,45072,Pipistrellus nathusii,0.014,0.028,-1,Echolocation,/mnt/ubna_data_01_mir/recover-20220825/UBNA_002/20220823_033000.WAV,Telephone Field,recover-20220825,002,1795
1774.0015,1774.0296,68437,80729,Rhinolophus ferrumequinum,0.08,0.081,-1,Echolocation,/mnt/ubna_data_01_mir/recover-20220825/UBNA_002/20220823_033000.WAV,Telephone Field,recover-20220825,002,1795
1774.0015,1774.0131,22031,26592,Nyctalus leisleri,0.018,0.036,-1,Echolocation,/mnt/ubna_data_01_mir/recover-20220825/UBNA_002/20220823_033000.WAV,Telephone Field,recover-20220825,002,1795
1774.0215,1774.064,68437,82734,Rhinolophus ferrumequinum,0.028,0.028,-1,Echolocation,/mnt/ubna_data_01_mir/recover-20220825/UBNA_002/20220823_033000.WAV,Telephone Field,recover-20220825,002,1795
1774.0485,1774.0909,68437,83163,Rhinolophus ferrumequinum,0.038,0.038,-1,Echolocation,/mnt/ubna_data_01_mir/recover-20220825/UBNA_002/20220823_033000.WAV,Telephone Field,recover-20220825,002,1795
1774.0525,1774.0596,28046,38284,Eptesicus serotinus,0.007,0.026,-1,Echolocation,/mnt/ubna_data_01_mir/recover-20220825/UBNA_002/20220823_033000.WAV,Telephone Field,recover-20220825,002,1795
1774.0565,1774.0644,40078,48419,Pipistrellus nathusii,0.013,0.028,-1,Echolocation,/mnt/ubna_data_01_mir/recover-20220825/UBNA_002/20220823_033000.WAV,Telephone Field,recover-20220825,002,1795
1774.0885,1774.0982,56406,61991,Pipistrellus pygmaeus,0.026,0.026,-1,Echolocation,/mnt/ubna_data_01_mir/recover-20220825/UBNA_002/20220823_033000.WAV,Telephone Field,recover-20220825,002,1795
1774.1145,1774.1222,23750,33672,Plecotus austriacus,0.012,0.035,-1,Echolocation,/mnt/ubna_data_01_mir/recover-20220825/UBNA_002/20220823_033000.WAV,Telephone Field,recover-20220825,002,1795
1774.1445,1774.1536,27187,37109,Eptesicus serotinus,0.009,0.023,-1,Echolocation,/mnt/ubna_data_01_mir/recover-20220825/UBNA_002/20220823_033000.WAV,Telephone Field,recover-20220825,002,1795
1774.1665,1774.1767,37500,42147,Pipistrellus nathusii,0.015,0.028,-1,Echolocation,/mnt/ubna_data_01_mir/recover-20220825/UBNA_002/20220823_033000.WAV,Telephone Field,recover-20220825,002,1795
1774.1875,1774.1982,42656,48755,Pipistrellus nathusii,0.047,0.066,-1,Echolocation,/mnt/ubna_data_01_mir/recover-20220825/UBNA_002/20220823_033000.WAV,Telephone Field,recover-20220825,002,1795
1774.2145,1774.2218,27187,41272,Eptesicus serotinus,0.009,0.028,-1,Echolocation,/mnt/ubna_data_01_mir/recover-20220825/UBNA_002/20220823_033000.WAV,Telephone Field,recover-20220825,002,1795
1774.2255,1774.2341,27187,36572,Eptesicus serotinus,0.008,0.023,-1,Echolocation,/mnt/ubna_data_01_mir/recover-20220825/UBNA_002/20220823_033000.WAV,Telephone Field,recover-20220825,002,1795
1774.2265,1774.2366,38359,45839,Pipistrellus nathusii,0.02,0.03,-1,Echolocation,/mnt/ubna_data_01_mir/recover-20220825/UBNA_002/20220823_033000.WAV,Telephone Field,recover-20220825,002,1795
1774.2655,1774.2722,33203,52770,Myotis brandtii,0.01,0.023,-1,Echolocation,/mnt/ubna_data_01_mir/recover-20220825/UBNA_002/20220823_033000.WAV,Telephone Field,recover-20220825,002,1795
1774.2655,1774.277,22890,28576,Nyctalus leisleri,0.013,0.029,-1,Echolocation,/mnt/ubna_data_01_mir/recover-20220825/UBNA_002/20220823_033000.WAV,Telephone Field,recover-20220825,002,1795
1774.2655,1774.2719,52109,58492,Pipistrellus pygmaeus,0.035,0.038,-1,Echolocation,/mnt/ubna_data_01_mir/recover-20220825/UBNA_002/20220823_033000.WAV,Telephone Field,recover-20220825,002,1795
1774.2885,1774.3246,68437,81744,Rhinolophus ferrumequinum,0.037,0.037,-1,Echolocation,/mnt/ubna_data_01_mir/recover-20220825/UBNA_002/20220823_033000.WAV,Telephone Field,recover-20220825,002,1795
1774.3225,1774.3309,40078,47561,Pipistrellus nathusii,0.013,0.026,-1,Echolocation,/mnt/ubna_data_01_mir/recover-20220825/UBNA_002/20220823_033000.WAV,Telephone Field,recover-20220825,002,1795
1774.3675,1774.405,68437,82008,Rhinolophus ferrumequinum,0.025,0.025,-1,Echolocation,/mnt/ubna_data_01_mir/recover-20220825/UBNA_002/20220823_033000.WAV,Telephone Field,recover-20220825,002,1795
1774.3705,1774.38,40937,45970,Pipistrellus nathusii,0.014,0.024,-1,Echolocation,/mnt/ubna_data_01_mir/recover-20220825/UBNA_002/20220823_033000.WAV,Telephone Field,recover-20220825,002,1795
1774.3845,1774.3945,28046,36545,Eptesicus serotinus,0.012,0.025,-1,Echolocation,/mnt/ubna_data_01_mir/recover-20220825/UBNA_002/20220823_033000.WAV,Telephone Field,recover-20220825,002,1795
1774.4055,1774.4425,68437,82331,Rhinolophus ferrumequinum,0.026,0.026,-1,Echolocation,/mnt/ubna_data_01_mir/recover-20220825/UBNA_002/20220823_033000.WAV,Telephone Field,recover-20220825,002,1795
1774.4325,1774.4406,28046,39224,Eptesicus serotinus,0.009,0.026,-1,Echolocation,/mnt/ubna_data_01_mir/recover-20220825/UBNA_002/20220823_033000.WAV,Telephone Field,recover-20220825,002,1795
1774.4535,1774.4663,22031,26947,Nyctalus leisleri,0.014,0.033,-1,Echolocation,/mnt/ubna_data_01_mir/recover-20220825/UBNA_002/20220823_033000.WAV,Telephone Field,recover-20220825,002,1795
1774.4595,1774.497,68437,81814,Rhinolophus ferrumequinum,0.025,0.025,-1,Echolocation,/mnt/ubna_data_01_mir/recover-20220825/UBNA_002/20220823_033000.WAV,Telephone Field,recover-20220825,002,1795
1774.4805,1774.4929,52109,59752,Pipistrellus pygmaeus,0.037,0.04,-1,Echolocation,/mnt/ubna_data_01_mir/recover-20220825/UBNA_002/20220823_033000.WAV,Telephone Field,recover-20220825,002,1795
1774.5245,1774.5632,68437,82350,Rhinolophus ferrumequinum,0.023,0.023,-1,Echolocation,/mnt/ubna_data_01_mir/recover-20220825/UBNA_002/20220823_033000.WAV,Telephone Field,recover-20220825,002,1795
1774.5255,1774.5331,28046,39527,Eptesicus serotinus,0.007,0.023,-1,Echolocation,/mnt/ubna_data_01_mir/recover-20220825/UBNA_002/20220823_033000.WAV,Telephone Field,recover-20220825,002,1795
1774.5285,1774.539,22890,27904,Nyctalus leisleri,0.012,0.025,-1,Echolocation,/mnt/ubna_data_01_mir/recover-20220825/UBNA_002/20220823_033000.WAV,Telephone Field,recover-20220825,002,1795
1774.5445,1774.5553,25468,30821,Nyctalus leisleri,0.009,0.023,-1,Echolocation,/mnt/ubna_data_01_mir/recover-20220825/UBNA_002/20220823_033000.WAV,Telephone Field,recover-20220825,002,1795
1774.5535,1774.5888,68437,81822,Rhinolophus ferrumequinum,0.024,0.024,-1,Echolocation,/mnt/ubna_data_01_mir/recover-20220825/UBNA_002/20220823_033000.WAV,Telephone Field,recover-20220825,002,1795
1774.5875,1774.6273,68437,82245,Rhinolophus ferrumequinum,0.023,0.023,-1,Echolocation,/mnt/ubna_data_01_mir/recover-20220825/UBNA_002/20220823_033000.WAV,Telephone Field,recover-20220825,002,1795
1774.6015,1774.616,24609,29121,Nyctalus leisleri,0.035,0.09,-1,Echolocation,/mnt/ubna_data_01_mir/recover-20220825/UBNA_002/20220823_033000.WAV,Telephone Field,recover-20220825,002,1795
1774.6235,1774.6621,68437,82223,Rhinolophus ferrumequinum,0.023,0.023,-1,Echolocation,/mnt/ubna_data_01_mir/recover-20220825/UBNA_002/20220823_033000.WAV,Telephone Field,recover-20220825,002,1795
1774.6615,1774.701,68437,82665,Rhinolophus ferrumequinum,0.032,0.032,-1,Echolocation,/mnt/ubna_data_01_mir/recover-20220825/UBNA_002/20220823_033000.WAV,Telephone Field,recover-20220825,002,1795
1774.7115,1774.7507,68437,83064,Rhinolophus ferrumequinum,0.027,0.027,-1,Echolocation,/mnt/ubna_data_01_mir/recover-20220825/UBNA_002/20220823_033000.WAV,Telephone Field,recover-20220825,002,1795
1774.7245,1774.7322,45234,52326,Pipistrellus pipistrellus,0.018,0.027,-1,Echolocation,/mnt/ubna_data_01_mir/recover-20220825/UBNA_002/20220823_033000.WAV,Telephone Field,recover-20220825,002,1795
1774.7245,1774.7666,68437,83325,Rhinolophus ferrumequinum,0.032,0.032,-1,Echolocation,/mnt/ubna_data_01_mir/recover-20220825/UBNA_002/20220823_033000.WAV,Telephone Field,recover-20220825,002,1795
1774.7375,1774.7806,68437,82446,Rhinolophus ferrumequinum,0.033,0.033,-1,Echolocation,/mnt/ubna_data_01_mir/recover-20220825/UBNA_002/20220823_033000.WAV,Telephone Field,recover-20220825,002,1795
1774.8265,1774.8379,22890,27760,Nyctalus leisleri,0.011,0.024,-1,Echolocation,/mnt/ubna_data_01_mir/recover-20220825/UBNA_002/20220823_033000.WAV,Telephone Field,recover-20220825,002,1795
1774.8345,1774.8439,25468,33067,Eptesicus serotinus,0.011,0.025,-1,Echolocation,/mnt/ubna_data_01_mir/recover-20220825/UBNA_002/20220823_033000.WAV,Telephone Field,recover-20220825,002,1795
1774.8375,1774.8739,68437,81352,Rhinolophus ferrumequinum,0.023,0.024,-1,Echolocation,/mnt/ubna_data_01_mir/recover-20220825/UBNA_002/20220823_033000.WAV,Telephone Field,recover-20220825,002,1795
1774.8455,1774.8854,68437,82043,Rhinolophus ferrumequinum,0.029,0.029,-1,Echolocation,/mnt/ubna_data_01_mir/recover-20220825/UBNA_002/20220823_033000.WAV,Telephone Field,recover-20220825,002,1795
1774.8485,1774.8558,47812,52310,Pipistrellus pipistrellus,0.019,0.025,-1,Echolocation,/mnt/ubna_data_01_mir/recover-20220825/UBNA_002/20220823_033000.WAV,Telephone Field,recover-20220825,002,1795
1774.8735,1774.9123,68437,81949,Rhinolophus ferrumequinum,0.03,0.03,-1,Echolocation,/mnt/ubna_data_01_mir/recover-20220825/UBNA_002/20220823_033000.WAV,Telephone Field,recover-20220825,002,1795
1774.8935,1774.9008,42656,47543,Pipistrellus nathusii,0.083,0.104,-1,Echolocation,/mnt/ubna_data_01_mir/recover-20220825/UBNA_002/20220823_033000.WAV,Telephone Field,recover-20220825,002,1795
1774.8945,1774.9005,30625,53171,Myotis daubentonii,0.009,0.023,-1,Echolocation,/mnt/ubna_data_01_mir/recover-20220825/UBNA_002/20220823_033000.WAV,Telephone Field,recover-20220825,002,1795
1774.8945,1774.9051,23750,29831,Nyctalus leisleri,0.009,0.025,-1,Echolocation,/mnt/ubna_data_01_mir/recover-20220825/UBNA_002/20220823_033000.WAV,Telephone Field,recover-20220825,002,1795
1774.9795,1774.9858,43515,47888,Pipistrellus nathusii,0.173,0.201,-1,Echolocation,/mnt/ubna_data_01_mir/recover-20220825/UBNA_002/20220823_033000.WAV,Telephone Field,recover-20220825,002,1795
1775.0445,1775.0549,56406,63548,Pipistrellus pygmaeus,0.05,0.051,-1,Echolocation,/mnt/ubna_data_01_mir/recover-20220825/UBNA_002/20220823_033000.WAV,Telephone Field,recover-20220825,002,1795
1775.0485,1775.0827,68437,80539,Rhinolophus ferrumequinum,0.025,0.025,-1,Echolocation,/mnt/ubna_data_01_mir/recover-20220825/UBNA_002/20220823_033000.WAV,Telephone Field,recover-20220825,002,1795
1775.0665,1775.0736,42656,49506,Pipistrellus nathusii,0.461,0.504,-1,Echolocation,/mnt/ubna_data_01_mir/recover-20220825/UBNA_002/20220823_033000.WAV,Telephone Field,recover-20220825,002,1795
1775.0715,1775.0794,27187,35933,Eptesicus serotinus,0.008,0.026,-1,Echolocation,/mnt/ubna_data_01_mir/recover-20220825/UBNA_002/20220823_033000.WAV,Telephone Field,recover-20220825,002,1795
1775.0915,1775.1305,68437,82865,Rhinolophus ferrumequinum,0.027,0.027,-1,Echolocation,/mnt/ubna_data_01_mir/recover-20220825/UBNA_002/20220823_033000.WAV,Telephone Field,recover-20220825,002,1795
1775.1045,1775.1155,29765,38404,Eptesicus serotinus,0.023,0.039,-1,Echolocation,/mnt/ubna_data_01_mir/recover-20220825/UBNA_002/20220823_033000.WAV,Telephone Field,recover-20220825,002,1795
1775.1045,1775.1389,68437,81340,Rhinolophus ferrumequinum,0.023,0.023,-1,Echolocation,/mnt/ubna_data_01_mir/recover-20220825/UBNA_002/20220823_033000.WAV,Telephone Field,recover-20220825,002,1795
1775.1175,1775.1319,14296,19837,Nyctalus noctula,0.032,0.045,-1,Echolocation,/mnt/ubna_data_01_mir/recover-20220825/UBNA_002/20220823_033000.WAV,Telephone Field,recover-20220825,002,1795
1775.1185,1775.13,58125,68015,Pipistrellus pygmaeus,0.026,0.026,-1,Echolocation,/mnt/ubna_data_01_mir/recover-20220825/UBNA_002/20220823_033000.WAV,Telephone Field,recover-20220825,002,1795
1775.1625,1775.1695,41796,56435,Pipistrellus nathusii,0.478,0.637,-1,Echolocation,/mnt/ubna_data_01_mir/recover-20220825/UBNA_002/20220823_033000.WAV,Telephone Field,recover-20220825,002,1795
1775.2095,1775.219,56406,64102,Pipistrellus pygmaeus,0.023,0.023,-1,Echolocation,/mnt/ubna_data_01_mir/recover-20220825/UBNA_002/20220823_033000.WAV,Telephone Field,recover-20220825,002,1795
1775.2155,1775.2258,39218,44066,Pipistrellus nathusii,0.019,0.033,-1,Echolocation,/mnt/ubna_data_01_mir/recover-20220825/UBNA_002/20220823_033000.WAV,Telephone Field,recover-20220825,002,1795
1775.2205,1775.2318,40078,43644,Pipistrellus nathusii,0.022,0.034,-1,Echolocation,/mnt/ubna_data_01_mir/recover-20220825/UBNA_002/20220823_033000.WAV,Telephone Field,recover-20220825,002,1795
1775.2485,1775.2542,42656,53567,Pipistrellus nathusii,0.563,0.607,-1,Echolocation,/mnt/ubna_data_01_mir/recover-20220825/UBNA_002/20220823_033000.WAV,Telephone Field,recover-20220825,002,1795
1775.3015,1775.3111,37500,45012,Pipistrellus nathusii,0.01,0.026,-1,Echolocation,/mnt/ubna_data_01_mir/recover-20220825/UBNA_002/20220823_033000.WAV,Telephone Field,recover-20220825,002,1795
1775.3165,1775.3243,40937,48758,Pipistrellus nathusii,0.016,0.029,-1,Echolocation,/mnt/ubna_data_01_mir/recover-20220825/UBNA_002/20220823_033000.WAV,Telephone Field,recover-20220825,002,1795
1775.3415,1775.3491,41796,50932,Pipistrellus nathusii,0.467,0.576,-1,Echolocation,/mnt/ubna_data_01_mir/recover-20220825/UBNA_002/20220823_033000.WAV,Telephone Field,recover-20220825,002,1795
1775.3845,1775.3922,28046,37433,Eptesicus serotinus,0.008,0.025,-1,Echolocation,/mnt/ubna_data_01_mir/recover-20220825/UBNA_002/20220823_033000.WAV,Telephone Field,recover-20220825,002,1795
1775.4215,1775.4276,34062,41262,Myotis daubentonii,0.012,0.032,-1,Echolocation,/mnt/ubna_data_01_mir/recover-20220825/UBNA_002/20220823_033000.WAV,Telephone Field,recover-20220825,002,1795
1775.4225,1775.4291,27187,36996,Eptesicus serotinus,0.008,0.028,-1,Echolocation,/mnt/ubna_data_01_mir/recover-20220825/UBNA_002/20220823_033000.WAV,Telephone Field,recover-20220825,002,1795
1775.4385,1775.4457,41796,53767,Pipistrellus nathusii,0.635,0.668,-1,Echolocation,/mnt/ubna_data_01_mir/recover-20220825/UBNA_002/20220823_033000.WAV,Telephone Field,recover-20220825,002,1795
1775.5265,1775.5342,41796,54748,Pipistrellus nathusii,0.486,0.572,-1,Echolocation,/mnt/ubna_data_01_mir/recover-20220825/UBNA_002/20220823_033000.WAV,Telephone Field,recover-20220825,002,1795
1775.5825,1775.5892,56406,63420,Pipistrellus pygmaeus,0.023,0.023,-1,Echolocation,/mnt/ubna_data_01_mir/recover-20220825/UBNA_002/20220823_033000.WAV,Telephone Field,recover-20220825,002,1795
1775.6035,1775.6124,40078,47831,Pipistrellus nathusii,0.01,0.024,-1,Echolocation,/mnt/ubna_data_01_mir/recover-20220825/UBNA_002/20220823_033000.WAV,Telephone Field,recover-20220825,002,1795
1775.6165,1775.6236,41796,56489,Pipistrellus nathusii,0.531,0.637,-1,Echolocation,/mnt/ubna_data_01_mir/recover-20220825/UBNA_002/20220823_033000.WAV,Telephone Field,recover-20220825,002,1795
1775.6295,1775.662,68437,80776,Rhinolophus ferrumequinum,0.024,0.024,-1,Echolocation,/mnt/ubna_data_01_mir/recover-20220825/UBNA_002/20220823_033000.WAV,Telephone Field,recover-20220825,002,1795
1775.6665,1775.6735,31484,42777,Myotis daubentonii,0.012,0.03,-1,Echolocation,/mnt/ubna_data_01_mir/recover-20220825/UBNA_002/20220823_033000.WAV,Telephone Field,recover-20220825,002,1795
1775.6885,1775.6972,44375,51059,Pipistrellus pipistrellus,0.021,0.032,-1,Echolocation,/mnt/ubna_data_01_mir/recover-20220825/UBNA_002/20220823_033000.WAV,Telephone Field,recover-20220825,002,1795
1775.7125,1775.7192,52968,57637,Pipistrellus pygmaeus,0.043,0.048,-1,Echolocation,/mnt/ubna_data_01_mir/recover-20220825/UBNA_002/20220823_033000.WAV,Telephone Field,recover-20220825,002,1795
1775.7135,1775.7216,40937,57979,Pipistrellus nathusii,0.515,0.621,-1,Echolocation,/mnt/ubna_data_01_mir/recover-20220825/UBNA_002/20220823_033000.WAV,Telephone Field,recover-20220825,002,1795
1775.7255,1775.7336,27187,35939,Eptesicus serotinus,0.007,0.024,-1,Echolocation,/mnt/ubna_data_01_mir/recover-20220825/UBNA_002/20220823_033000.WAV,Telephone Field,recover-20220825,002,1795
1775.7895,1775.827,68437,82335,Rhinolophus ferrumequinum,0.024,0.024,-1,Echolocation,/mnt/ubna_data_01_mir/recover-20220825/UBNA_002/20220823_033000.WAV,Telephone Field,recover-20220825,002,1795
1775.7905,1775.7963,40937,52310,Pipistrellus nathusii,0.563,0.606,-1,Echolocation,/mnt/ubna_data_01_mir/recover-20220825/UBNA_002/20220823_033000.WAV,Telephone Field,recover-20220825,002,1795
1775.8235,1775.8349,24609,29967,Eptesicus serotinus,0.009,0.024,-1,Echolocation,/mnt/ubna_data_01_mir/recover-20220825/UBNA_002/20220823_033000.WAV,Telephone Field,recover-20220825,002,1795
1775.8485,1775.8547,41796,59082,Pipistrellus nathusii,0.564,0.612,-1,Echolocation,/mnt/ubna_data_01_mir/recover-20220825/UBNA_002/20220823_033000.WAV,Telephone Field,recover-20220825,002,1795
1775.8685,1775.8803,24609,29704,Nyctalus leisleri,0.164,0.366,-1,Echolocation,/mnt/ubna_data_01_mir/recover-20220825/UBNA_002/20220823_033000.WAV,Telephone Field,recover-20220825,002,1795
1775.8965,1775.9044,28046,37495,Eptesicus serotinus,0.007,0.024,-1,Echolocation,/mnt/ubna_data_01_mir/recover-20220825/UBNA_002/20220823_033000.WAV,Telephone Field,recover-20220825,002,1795
1775.9235,1775.9301,40937,55223,Pipistrellus nathusii,0.592,0.655,-1,Echolocation,/mnt/ubna_data_01_mir/recover-20220825/UBNA_002/20220823_033000.WAV,Telephone Field,recover-20220825,002,1795
1775.9645,1775.9799,15156,21118,Nyctalus noctula,0.024,0.034,-1,Echolocation,/mnt/ubna_data_01_mir/recover-20220825/UBNA_002/20220823_033000.WAV,Telephone Field,recover-20220825,002,1795
1775.9685,1775.9753,53828,60820,Pipistrellus pygmaeus,0.03,0.031,-1,Echolocation,/mnt/ubna_data_01_mir/recover-20220825/UBNA_002/20220823_033000.WAV,Telephone Field,recover-20220825,002,1795
1775.9845,1775.9912,30625,49061,Myotis daubentonii,0.015,0.029,-1,Echolocation,/mnt/ubna_data_01_mir/recover-20220825/UBNA_002/20220823_033000.WAV,Telephone Field,recover-20220825,002,1795
1776.0025,1776.0378,68437,81755,Rhinolophus ferrumequinum,0.029,0.03,-1,Echolocation,/mnt/ubna_data_01_mir/recover-20220825/UBNA_002/20220823_033000.WAV,Telephone Field,recover-20220825,002,1795
1776.0075,1776.0198,25468,29250,Nyctalus leisleri,0.069,0.122,-1,Echolocation,/mnt/ubna_data_01_mir/recover-20220825/UBNA_002/20220823_033000.WAV,Telephone Field,recover-20220825,002,1795
1776.0145,1776.021,40937,61037,Pipistrellus nathusii,0.512,0.582,-1,Echolocation,/mnt/ubna_data_01_mir/recover-20220825/UBNA_002/20220823_033000.WAV,Telephone Field,recover-20220825,002,1795
1776.1035,1776.1107,40937,60582,Pipistrellus nathusii,0.562,0.636,-1,Echolocation,/mnt/ubna_data_01_mir/recover-20220825/UBNA_002/20220823_033000.WAV,Telephone Field,recover-20220825,002,1795
1776.1155,1776.124,28046,35436,Eptesicus serotinus,0.006,0.023,-1,Echolocation,/mnt/ubna_data_01_mir/recover-20220825/UBNA_002/20220823_033000.WAV,Telephone Field,recover-20220825,002,1795
1776.1435,1776.1522,28046,37464,Eptesicus serotinus,0.009,0.022,-1,Echolocation,/mnt/ubna_data_01_mir/recover-20220825/UBNA_002/20220823_033000.WAV,Telephone Field,recover-20220825,002,1795
1776.1795,1776.1892,23750,30737,Nyctalus leisleri,0.008,0.026,-1,Echolocation,/mnt/ubna_data_01_mir/recover-20220825/UBNA_002/20220823_033000.WAV,Telephone Field,recover-20220825,002,1795
1776.1805,1776.1867,50390,59192,Pipistrellus pipistrellus,0.012,0.022,-1,Echolocation,/mnt/ubna_data_01_mir/recover-20220825/UBNA_002/20220823_033000.WAV,Telephone Field,recover-20220825,002,1795
1776.1825,1776.1893,41796,59749,Pipistrellus nathusii,0.573,0.669,-1,Echolocation,/mnt/ubna_data_01_mir/recover-20220825/UBNA_002/20220823_033000.WAV,Telephone Field,recover-20220825,002,1795
1776.2135,1776.2264,31484,36899,Eptesicus serotinus,0.012,0.027,-1,Echolocation,/mnt/ubna_data_01_mir/recover-20220825/UBNA_002/20220823_033000.WAV,Telephone Field,recover-20220825,002,1795
1776.2525,1776.2598,41796,54536,Pipistrellus nathusii,0.542,0.646,-1,Echolocation,/mnt/ubna_data_01_mir/recover-20220825/UBNA_002/20220823_033000.WAV,Telephone Field,recover-20220825,002,1795
1776.3175,1776.3281,24609,32364,Eptesicus serotinus,0.013,0.031,-1,Echolocation,/mnt/ubna_data_01_mir/recover-20220825/UBNA_002/20220823_033000.WAV,Telephone Field,recover-20220825,002,1795
1776.3315,1776.3387,41796,50662,Pipistrellus nathusii,0.641,0.687,-1,Echolocation,/mnt/ubna_data_01_mir/recover-20220825/UBNA_002/20220823_033000.WAV,Telephone Field,recover-20220825,002,1795
1776.3605,1776.3679,50390,56110,Pipistrellus pipistrellus,0.019,0.023,-1,Echolocation,/mnt/ubna_data_01_mir/recover-20220825/UBNA_002/20220823_033000.WAV,Telephone Field,recover-20220825,002,1795
1776.3785,1776.4149,68437,81677,Rhinolophus ferrumequinum,0.024,0.024,-1,Echolocation,/mnt/ubna_data_01_mir/recover-20220825/UBNA_002/20220823_033000.WAV,Telephone Field,recover-20220825,002,1795
1776.3915,1776.3994,27187,42424,Eptesicus serotinus,0.009,0.029,-1,Echolocation,/mnt/ubna_data_01_mir/recover-20220825/UBNA_002/20220823_033000.WAV,Telephone Field,recover-20220825,002,1795
1776.4345,1776.4429,40937,47235,Pipistrellus nathusii,0.433,0.526,-1,Echolocation,/mnt/ubna_data_01_mir/recover-20220825/UBNA_002/20220823_033000.WAV,Telephone Field,recover-20220825,002,1795
1776.4395,1776.4474,54687,64210,Pipistrellus pygmaeus,0.022,0.023,-1,Echolocation,/mnt/ubna_data_01_mir/recover-20220825/UBNA_002/20220823_033000.WAV,Telephone Field,recover-20220825,002,1795
1776.4615,1776.5012,68437,82298,Rhinolophus ferrumequinum,0.022,0.022,-1,Echolocation,/mnt/ubna_data_01_mir/recover-20220825/UBNA_002/20220823_033000.WAV,Telephone Field,recover-20220825,002,1795
1776.4885,1776.5274,68437,82629,Rhinolophus ferrumequinum,0.025,0.025,-1,Echolocation,/mnt/ubna_data_01_mir/recover-20220825/UBNA_002/20220823_033000.WAV,Telephone Field,recover-20220825,002,1795
1776.4955,1776.503,28046,39226,Eptesicus serotinus,0.009,0.027,-1,Echolocation,/mnt/ubna_data_01_mir/recover-20220825/UBNA_002/20220823_033000.WAV,Telephone Field,recover-20220825,002,1795
1776.4955,1776.5032,41796,49837,Pipistrellus nathusii,0.03,0.054,-1,Echolocation,/mnt/ubna_data_01_mir/recover-20220825/UBNA_002/20220823_033000.WAV,Telephone Field,recover-20220825,002,1795
1776.5175,1776.5263,41796,46572,Pipistrellus nathusii,0.064,0.103,-1,Echolocation,/mnt/ubna_data_01_mir/recover-20220825/UBNA_002/20220823_033000.WAV,Telephone Field,recover-20220825,002,1795
1776.5225,1776.5304,54687,62627,Pipistrellus pygmaeus,0.03,0.031,-1,Echolocation,/mnt/ubna_data_01_mir/recover-20220825/UBNA_002/20220823_033000.WAV,Telephone Field,recover-20220825,002,1795
1776.5235,1776.537,24609,30753,Eptesicus serotinus,0.034,0.076,-1,Echolocation,/mnt/ubna_data_01_mir/recover-20220825/UBNA_002/20220823_033000.WAV,Telephone Field,recover-20220825,002,1795
1776.5535,1776.561,28046,39337,Eptesicus serotinus,0.007,0.022,-1,Echolocation,/mnt/ubna_data_01_mir/recover-20220825/UBNA_002/20220823_033000.WAV,Telephone Field,recover-20220825,002,1795
1776.6035,1776.612,42656,49083,Pipistrellus pipistrellus,0.014,0.023,-1,Echolocation,/mnt/ubna_data_01_mir/recover-20220825/UBNA_002/20220823_033000.WAV,Telephone Field,recover-20220825,002,1795
1776.6105,1776.6202,28046,35716,Eptesicus serotinus,0.009,0.023,-1,Echolocation,/mnt/ubna_data_01_mir/recover-20220825/UBNA_002/20220823_033000.WAV,Telephone Field,recover-20220825,002,1795
1776.6115,1776.6518,68437,81918,Rhinolophus ferrumequinum,0.024,0.024,-1,Echolocation,/mnt/ubna_data_01_mir/recover-20220825/UBNA_002/20220823_033000.WAV,Telephone Field,recover-20220825,002,1795
1776.6205,1776.6308,22890,28151,Nyctalus leisleri,0.01,0.023,-1,Echolocation,/mnt/ubna_data_01_mir/recover-20220825/UBNA_002/20220823_033000.WAV,Telephone Field,recover-20220825,002,1795
1776.6575,1776.6647,28046,39718,Eptesicus serotinus,0.009,0.026,-1,Echolocation,/mnt/ubna_data_01_mir/recover-20220825/UBNA_002/20220823_033000.WAV,Telephone Field,recover-20220825,002,1795
1776.6585,1776.665,34921,41545,Barbastellus barbastellus,0.016,0.027,-1,Echolocation,/mnt/ubna_data_01_mir/recover-20220825/UBNA_002/20220823_033000.WAV,Telephone Field,recover-20220825,002,1795
1776.7315,1776.7668,68437,81881,Rhinolophus ferrumequinum,0.023,0.024,-1,Echolocation,/mnt/ubna_data_01_mir/recover-20220825/UBNA_002/20220823_033000.WAV,Telephone Field,recover-20220825,002,1795
1776.7335,1776.7439,24609,30540,Nyctalus leisleri,0.009,0.023,-1,Echolocation,/mnt/ubna_data_01_mir/recover-20220825/UBNA_002/20220823_033000.WAV,Telephone Field,recover-20220825,002,1795
1776.7895,1776.799,28906,39928,Eptesicus serotinus,0.01,0.023,-1,Echolocation,/mnt/ubna_data_01_mir/recover-20220825/UBNA_002/20220823_033000.WAV,Telephone Field,recover-20220825,002,1795
1776.8185,1776.8253,27187,40516,Eptesicus serotinus,0.006,0.023,-1,Echolocation,/mnt/ubna_data_01_mir/recover-20220825/UBNA_002/20220823_033000.WAV,Telephone Field,recover-20220825,002,1795
1776.8345,1776.8432,41796,48584,Pipistrellus pipistrellus,0.011,0.025,-1,Echolocation,/mnt/ubna_data_01_mir/recover-20220825/UBNA_002/20220823_033000.WAV,Telephone Field,recover-20220825,002,1795
1776.8495,1776.86,52109,58002,Pipistrellus pygmaeus,0.021,0.025,-1,Echolocation,/mnt/ubna_data_01_mir/recover-20220825/UBNA_002/20220823_033000.WAV,Telephone Field,recover-20220825,002,1795
1776.8635,1776.8995,68437,82194,Rhinolophus ferrumequinum,0.022,0.022,-1,Echolocation,/mnt/ubna_data_01_mir/recover-20220825/UBNA_002/20220823_033000.WAV,Telephone Field,recover-20220825,002,1795
1776.8825,1776.8905,28906,37331,Eptesicus serotinus,0.007,0.022,-1,Echolocation,/mnt/ubna_data_01_mir/recover-20220825/UBNA_002/20220823_033000.WAV,Telephone Field,recover-20220825,002,1795
1776.9115,1776.9516,68437,82561,Rhinolophus ferrumequinum,0.024,0.024,-1,Echolocation,/mnt/ubna_data_01_mir/recover-20220825/UBNA_002/20220823_033000.WAV,Telephone Field,recover-20220825,002,1795
1776.9165,1776.9568,68437,82901,Rhinolophus ferrumequinum,0.023,0.023,-1,Echolocation,/mnt/ubna_data_01_mir/recover-20220825/UBNA_002/20220823_033000.WAV,Telephone Field,recover-20220825,002,1795
1776.9165,1776.9245,48671,56324,Pipistrellus pipistrellus,0.022,0.028,-1,Echolocation,/mnt/ubna_data_01_mir/recover-20220825/UBNA_002/20220823_033000.WAV,Telephone Field,recover-20220825,002,1795
1776.9185,1776.9285,24609,32157,Nyctalus leisleri,0.008,0.026,-1,Echolocation,/mnt/ubna_data_01_mir/recover-20220825/UBNA_002/20220823_033000.WAV,Telephone Field,recover-20220825,002,1795
1776.9285,1776.9391,23750,29192,Nyctalus leisleri,0.009,0.024,-1,Echolocation,/mnt/ubna_data_01_mir/recover-20220825/UBNA_002/20220823_033000.WAV,Telephone Field,recover-20220825,002,1795
1776.9405,1776.9521,34921,40782,Pipistrellus nathusii,0.013,0.033,-1,Echolocation,/mnt/ubna_data_01_mir/recover-20220825/UBNA_002/20220823_033000.WAV,Telephone Field,recover-20220825,002,1795
1776.9685,1776.9759,44375,53079,Pipistrellus pipistrellus,0.01,0.023,-1,Echolocation,/mnt/ubna_data_01_mir/recover-20220825/UBNA_002/20220823_033000.WAV,Telephone Field,recover-20220825,002,1795
1777.0375,1777.0756,68437,81922,Rhinolophus ferrumequinum,0.025,0.026,-1,Echolocation,/mnt/ubna_data_01_mir/recover-20220825/UBNA_002/20220823_033000.WAV,Telephone Field,recover-20220825,002,1795
1777.0405,1777.049,28046,38644,Eptesicus serotinus,0.009,0.024,-1,Echolocation,/mnt/ubna_data_01_mir/recover-20220825/UBNA_002/20220823_033000.WAV,Telephone Field,recover-20220825,002,1795
1777.0545,1777.0927,68437,82260,Rhinolophus ferrumequinum,0.023,0.023,-1,Echolocation,/mnt/ubna_data_01_mir/recover-20220825/UBNA_002/20220823_033000.WAV,Telephone Field,recover-20220825,002,1795
1777.0735,1777.0811,44375,55077,Pipistrellus pipistrellus,0.014,0.034,-1,Echolocation,/mnt/ubna_data_01_mir/recover-20220825/UBNA_002/20220823_033000.WAV,Telephone Field,recover-20220825,002,1795
1777.0735,1777.0794,33203,58017,Myotis brandtii,0.01,0.022,-1,Echolocation,/mnt/ubna_data_01_mir/recover-20220825/UBNA_002/20220823_033000.WAV,Telephone Field,recover-20220825,002,1795
1777.1215,1777.1608,68437,82461,Rhinolophus ferrumequinum,0.025,0.025,-1,Echolocation,/mnt/ubna_data_01_mir/recover-20220825/UBNA_002/20220823_033000.WAV,Telephone Field,recover-20220825,002,1795
1777.1305,1777.1377,43515,48551,Pipistrellus pipistrellus,0.019,0.025,-1,Echolocation,/mnt/ubna_data_01_mir/recover-20220825/UBNA_002/20220823_033000.WAV,Telephone Field,recover-20220825,002,1795
1777.1445,1777.1521,28046,38599,Eptesicus serotinus,0.007,0.022,-1,Echolocation,/mnt/ubna_data_01_mir/recover-20220825/UBNA_002/20220823_033000.WAV,Telephone Field,recover-20220825,002,1795
1777.1555,1777.1675,57265,63424,Pipistrellus pygmaeus,0.028,0.028,-1,Echolocation,/mnt/ubna_data_01_mir/recover-20220825/UBNA_002/20220823_033000.WAV,Telephone Field,recover-20220825,002,1795
1777.1555,1777.1646,28046,35781,Eptesicus serotinus,0.014,0.029,-1,Echolocation,/mnt/ubna_data_01_mir/recover-20220825/UBNA_002/20220823_033000.WAV,Telephone Field,recover-20220825,002,1795
1777.1625,1777.1711,27187,34581,Eptesicus serotinus,0.011,0.024,-1,Echolocation,/mnt/ubna_data_01_mir/recover-20220825/UBNA_002/20220823_033000.WAV,Telephone Field,recover-20220825,002,1795
1777.1765,1777.1877,23750,29044,Nyctalus leisleri,0.01,0.024,-1,Echolocation,/mnt/ubna_data_01_mir/recover-20220825/UBNA_002/20220823_033000.WAV,Telephone Field,recover-20220825,002,1795
1777.2085,1777.2165,50390,58539,Pipistrellus pipistrellus,0.018,0.023,-1,Echolocation,/mnt/ubna_data_01_mir/recover-20220825/UBNA_002/20220823_033000.WAV,Telephone Field,recover-20220825,002,1795
1777.2105,1777.2187,28046,38942,Eptesicus serotinus,0.008,0.023,-1,Echolocation,/mnt/ubna_data_01_mir/recover-20220825/UBNA_002/20220823_033000.WAV,Telephone Field,recover-20220825,002,1795
1777.2595,1777.2956,68437,81816,Rhinolophus ferrumequinum,0.027,0.027,-1,Echolocation,/mnt/ubna_data_01_mir/recover-20220825/UBNA_002/20220823_033000.WAV,Telephone Field,recover-20220825,002,1795
1777.2745,1777.2807,28046,43227,Eptesicus serotinus,0.007,0.029,-1,Echolocation,/mnt/ubna_data_01_mir/recover-20220825/UBNA_002/20220823_033000.WAV,Telephone Field,recover-20220825,002,1795
1777.2745,1777.2812,35781,44585,Myotis daubentonii,0.009,0.026,-1,Echolocation,/mnt/ubna_data_01_mir/recover-20220825/UBNA_002/20220823_033000.WAV,Telephone Field,recover-20220825,002,1795
1777.3155,1777.323,28906,40114,Eptesicus serotinus,0.009,0.027,-1,Echolocation,/mnt/ubna_data_01_mir/recover-20220825/UBNA_002/20220823_033000.WAV,Telephone Field,recover-20220825,002,1795
1777.3455,1777.3517,40937,49401,Pipistrellus nathusii,0.197,0.301,-1,Echolocation,/mnt/ubna_data_01_mir/recover-20220825/UBNA_002/20220823_033000.WAV,Telephone Field,recover-20220825,002,1795
1777.3465,1777.3556,26328,35004,Nyctalus leisleri,0.011,0.033,-1,Echolocation,/mnt/ubna_data_01_mir/recover-20220825/UBNA_002/20220823_033000.WAV,Telephone Field,recover-20220825,002,1795
1777.3715,1777.4118,68437,82929,Rhinolophus ferrumequinum,0.023,0.023,-1,Echolocation,/mnt/ubna_data_01_mir/recover-20220825/UBNA_002/20220823_033000.WAV,Telephone Field,recover-20220825,002,1795
1777.3945,1777.4017,28906,39294,Eptesicus serotinus,0.007,0.023,-1,Echolocation,/mnt/ubna_data_01_mir/recover-20220825/UBNA_002/20220823_033000.WAV,Telephone Field,recover-20220825,002,1795
1777.4115,1777.4183,42656,49914,Pipistrellus nathusii,0.478,0.523,-1,Echolocation,/mnt/ubna_data_01_mir/recover-20220825/UBNA_002/20220823_033000.WAV,Telephone Field,recover-20220825,002,1795
1777.4435,1777.4836,68437,81878,Rhinolophus ferrumequinum,0.023,0.023,-1,Echolocation,/mnt/ubna_data_01_mir/recover-20220825/UBNA_002/20220823_033000.WAV,Telephone Field,recover-20220825,002,1795
1777.4985,1777.5049,42656,58468,Pipistrellus nathusii,0.453,0.524,-1,Echolocation,/mnt/ubna_data_01_mir/recover-20220825/UBNA_002/20220823_033000.WAV,Telephone Field,recover-20220825,002,1795
1777.5375,1777.5463,24609,32374,Eptesicus serotinus,0.007,0.027,-1,Echolocation,/mnt/ubna_data_01_mir/recover-20220825/UBNA_002/20220823_033000.WAV,Telephone Field,recover-20220825,002,1795
1777.5465,1777.5576,24609,30759,Eptesicus serotinus,0.01,0.028,-1,Echolocation,/mnt/ubna_data_01_mir/recover-20220825/UBNA_002/20220823_033000.WAV,Telephone Field,recover-20220825,002,1795
1777.5475,1777.5551,53828,59815,Pipistrellus pygmaeus,0.027,0.028,-1,Echolocation,/mnt/ubna_data_01_mir/recover-20220825/UBNA_002/20220823_033000.WAV,Telephone Field,recover-20220825,002,1795
1777.5485,1777.5555,48671,54726,Pipistrellus pipistrellus,0.024,0.03,-1,Echolocation,/mnt/ubna_data_01_mir/recover-20220825/UBNA_002/20220823_033000.WAV,Telephone Field,recover-20220825,002,1795
1777.5515,1777.5597,34921,40396,Barbastellus barbastellus,0.03,0.05,-1,Echolocation,/mnt/ubna_data_01_mir/recover-20220825/UBNA_002/20220823_033000.WAV,Telephone Field,recover-20220825,002,1795
1777.5595,1777.5696,47812,51478,Pipistrellus pipistrellus,0.025,0.031,-1,Echolocation,/mnt/ubna_data_01_mir/recover-20220825/UBNA_002/20220823_033000.WAV,Telephone Field,recover-20220825,002,1795
1777.5835,1777.5893,41796,54835,Pipistrellus nathusii,0.34,0.394,-1,Echolocation,/mnt/ubna_data_01_mir/recover-20220825/UBNA_002/20220823_033000.WAV,Telephone Field,recover-20220825,002,1795
1777.5855,1777.5983,11718,18279,Pipistrellus nathusii,0.013,0.037,-1,Echolocation,/mnt/ubna_data_01_mir/recover-20220825/UBNA_002/20220823_033000.WAV,Telephone Field,recover-20220825,002,1795
1777.5995,1777.6094,28046,35406,Eptesicus serotinus,0.013,0.031,-1,Echolocation,/mnt/ubna_data_01_mir/recover-20220825/UBNA_002/20220823_033000.WAV,Telephone Field,recover-20220825,002,1795
1777.6095,1777.6199,23750,28862,Nyctalus leisleri,0.01,0.022,-1,Echolocation,/mnt/ubna_data_01_mir/recover-20220825/UBNA_002/20220823_033000.WAV,Telephone Field,recover-20220825,002,1795
1777.6265,1777.6347,49531,58923,Pipistrellus pipistrellus,0.024,0.032,-1,Echolocation,/mnt/ubna_data_01_mir/recover-20220825/UBNA_002/20220823_033000.WAV,Telephone Field,recover-20220825,002,1795
1777.6275,1777.6354,54687,61285,Pipistrellus pygmaeus,0.031,0.033,-1,Echolocation,/mnt/ubna_data_01_mir/recover-20220825/UBNA_002/20220823_033000.WAV,Telephone Field,recover-20220825,002,1795
1777.6665,1777.6791,22890,27816,Nyctalus leisleri,0.017,0.038,-1,Echolocation,/mnt/ubna_data_01_mir/recover-20220825/UBNA_002/20220823_033000.WAV,Telephone Field,recover-20220825,002,1795
1777.6695,1777.6762,41796,58819,Pipistrellus nathusii,0.367,0.512,-1,Echolocation,/mnt/ubna_data_01_mir/recover-20220825/UBNA_002/20220823_033000.WAV,Telephone Field,recover-20220825,002,1795
1777.6725,1777.6782,28906,55097,Myotis daubentonii,0.017,0.038,-1,Echolocation,/mnt/ubna_data_01_mir/recover-20220825/UBNA_002/20220823_033000.WAV,Telephone Field,recover-20220825,002,1795
1777.6845,1777.6957,28046,33958,Eptesicus serotinus,0.014,0.028,-1,Echolocation,/mnt/ubna_data_01_mir/recover-20220825/UBNA_002/20220823_033000.WAV,Telephone Field,recover-20220825,002,1795
1777.7125,1777.7196,34921,42379,Barbastellus barbastellus,0.008,0.024,-1,Echolocation,/mnt/ubna_data_01_mir/recover-20220825/UBNA_002/20220823_033000.WAV,Telephone Field,recover-20220825,002,1795
1777.7135,1777.721,28046,39557,Eptesicus serotinus,0.011,0.028,-1,Echolocation,/mnt/ubna_data_01_mir/recover-20220825/UBNA_002/20220823_033000.WAV,Telephone Field,recover-20220825,002,1795
1777.7535,1777.7591,29765,49318,Myotis daubentonii,0.014,0.026,-1,Echolocation,/mnt/ubna_data_01_mir/recover-20220825/UBNA_002/20220823_033000.WAV,Telephone Field,recover-20220825,002,1795
1777.7535,1777.7605,42656,55470,Pipistrellus nathusii,0.469,0.534,-1,Echolocation,/mnt/ubna_data_01_mir/recover-20220825/UBNA_002/20220823_033000.WAV,Telephone Field,recover-20220825,002,1795
1777.7605,1777.7696,22890,28886,Plecotus austriacus,0.007,0.025,-1,Echolocation,/mnt/ubna_data_01_mir/recover-20220825/UBNA_002/20220823_033000.WAV,Telephone Field,recover-20220825,002,1795
1777.7615,1777.7732,16875,22649,Nyctalus noctula,0.01,0.023,-1,Echolocation,/mnt/ubna_data_01_mir/recover-20220825/UBNA_002/20220823_033000.WAV,Telephone Field,recover-20220825,002,1795
1777.7845,1777.7954,27187,34279,Eptesicus serotinus,0.017,0.029,-1,Echolocation,/mnt/ubna_data_01_mir/recover-20220825/UBNA_002/20220823_033000.WAV,Telephone Field,recover-20220825,002,1795
1777.7965,1777.836,68437,82626,Rhinolophus ferrumequinum,0.025,0.025,-1,Echolocation,/mnt/ubna_data_01_mir/recover-20220825/UBNA_002/20220823_033000.WAV,Telephone Field,recover-20220825,002,1795
1777.8125,1777.8237,40078,43036,Pipistrellus nathusii,0.016,0.026,-1,Echolocation,/mnt/ubna_data_01_mir/recover-20220825/UBNA_002/20220823_033000.WAV,Telephone Field,recover-20220825,002,1795
1777.8335,1777.8712,68437,82071,Rhinolophus ferrumequinum,0.029,0.029,-1,Echolocation,/mnt/ubna_data_01_mir/recover-20220825/UBNA_002/20220823_033000.WAV,Telephone Field,recover-20220825,002,1795
1777.8405,1777.8473,52109,57977,Pipistrellus pygmaeus,0.036,0.047,-1,Echolocation,/mnt/ubna_data_01_mir/recover-20220825/UBNA_002/20220823_033000.WAV,Telephone Field,recover-20220825,002,1795
1777.8415,1777.8492,41796,60440,Pipistrellus nathusii,0.442,0.525,-1,Echolocation,/mnt/ubna_data_01_mir/recover-20220825/UBNA_002/20220823_033000.WAV,Telephone Field,recover-20220825,002,1795
1777.8505,1777.8562,32343,50078,Myotis daubentonii,0.012,0.023,-1,Echolocation,/mnt/ubna_data_01_mir/recover-20220825/UBNA_002/20220823_033000.WAV,Telephone Field,recover-20220825,002,1795
1777.9035,1777.9117,45234,48046,Pipistrellus pipistrellus,0.021,0.023,-1,Echolocation,/mnt/ubna_data_01_mir/recover-20220825/UBNA_002/20220823_033000.WAV,Telephone Field,recover-20220825,002,1795
1777.9205,1777.9397,19453,22975,Nyctalus noctula,0.011,0.023,-1,Echolocation,/mnt/ubna_data_01_mir/recover-20220825/UBNA_002/20220823_033000.WAV,Telephone Field,recover-20220825,002,1795
1777.9235,1777.9598,68437,81075,Rhinolophus ferrumequinum,0.023,0.023,-1,Echolocation,/mnt/ubna_data_01_mir/recover-20220825/UBNA_002/20220823_033000.WAV,Telephone Field,recover-20220825,002,1795
1777.9245,1777.9318,56406,61904,Pipistrellus pygmaeus,0.026,0.026,-1,Echolocation,/mnt/ubna_data_01_mir/recover-20220825/UBNA_002/20220823_033000.WAV,Telephone Field,recover-20220825,002,1795
1777.9275,1777.9336,40937,61013,Pipistrellus nathusii,0.493,0.547,-1,Echolocation,/mnt/ubna_data_01_mir/recover-20220825/UBNA_002/20220823_033000.WAV,Telephone Field,recover-20220825,002,1795
1777.9295,1777.937,23750,36691,Myotis nattereri,0.008,0.027,-1,Echolocation,/mnt/ubna_data_01_mir/recover-20220825/UBNA_002/20220823_033000.WAV,Telephone Field,recover-20220825,002,1795
1777.9375,1777.9457,40937,51953,Pipistrellus nathusii,0.046,0.058,-1,Echolocation,/mnt/ubna_data_01_mir/recover-20220825/UBNA_002/20220823_033000.WAV,Telephone Field,recover-20220825,002,1795
1777.9385,1777.9449,30625,47954,Myotis daubentonii,0.013,0.025,-1,Echolocation,/mnt/ubna_data_01_mir/recover-20220825/UBNA_002/20220823_033000.WAV,Telephone Field,recover-20220825,002,1795
1777.9785,1777.9862,27187,37813,Eptesicus serotinus,0.009,0.025,-1,Echolocation,/mnt/ubna_data_01_mir/recover-20220825/UBNA_002/20220823_033000.WAV,Telephone Field,recover-20220825,002,1795
1777.9865,1777.9972,24609,31942,Eptesicus serotinus,0.008,0.022,-1,Echolocation,/mnt/ubna_data_01_mir/recover-20220825/UBNA_002/20220823_033000.WAV,Telephone Field,recover-20220825,002,1795
1778.0015,1778.0099,24609,34616,Nyctalus leisleri,0.012,0.04,-1,Echolocation,/mnt/ubna_data_01_mir/recover-20220825/UBNA_002/20220823_033000.WAV,Telephone Field,recover-20220825,002,1795
1778.0015,1778.0087,47812,59067,Pipistrellus pipistrellus,0.015,0.037,-1,Echolocation,/mnt/ubna_data_01_mir/recover-20220825/UBNA_002/20220823_033000.WAV,Telephone Field,recover-20220825,002,1795
1778.0015,1778.0129,57265,66994,Pipistrellus pygmaeus,0.033,0.034,-1,Echolocation,/mnt/ubna_data_01_mir/recover-20220825/UBNA_002/20220823_033000.WAV,Telephone Field,recover-20220825,002,1795
1778.0015,1778.028,69296,82095,Rhinolophus ferrumequinum,0.025,0.026,-1,Echolocation,/mnt/ubna_data_01_mir/recover-20220825/UBNA_002/20220823_033000.WAV,Telephone Field,recover-20220825,002,1795
1778.0095,1778.0174,53828,60637,Pipistrellus pygmaeus,0.038,0.043,-1,Echolocation,/mnt/ubna_data_01_mir/recover-20220825/UBNA_002/20220823_033000.WAV,Telephone Field,recover-20220825,002,1795
1778.0135,1778.0215,41796,59437,Pipistrellus nathusii,0.574,0.606,-1,Echolocation,/mnt/ubna_data_01_mir/recover-20220825/UBNA_002/20220823_033000.WAV,Telephone Field,recover-20220825,002,1795
1778.0755,1778.0867,25468,31581,Nyctalus leisleri,0.219,0.465,-1,Echolocation,/mnt/ubna_data_01_mir/recover-20220825/UBNA_002/20220823_033000.WAV,Telephone Field,recover-20220825,002,1795
1778.0925,1778.1019000000001,44375,50075,Pipistrellus pipistrellus,0.024,0.033,-1,Echolocation,/mnt/ubna_data_01_mir/recover-20220825/UBNA_002/20220823_033000.WAV,Telephone Field,recover-20220825,002,1795
1778.0965,1778.1032,31484,47824,Myotis daubentonii,0.014,0.025,-1,Echolocation,/mnt/ubna_data_01_mir/recover-20220825/UBNA_002/20220823_033000.WAV,Telephone Field,recover-20220825,002,1795
1778.1085,1778.1159,55546,60810,Pipistrellus pygmaeus,0.057,0.061,-1,Echolocation,/mnt/ubna_data_01_mir/recover-20220825/UBNA_002/20220823_033000.WAV,Telephone Field,recover-20220825,002,1795
1778.1105,1778.1179,40078,62947,Pipistrellus nathusii,0.575,0.62,-1,Echolocation,/mnt/ubna_data_01_mir/recover-20220825/UBNA_002/20220823_033000.WAV,Telephone Field,recover-20220825,002,1795
1778.1115,1778.1165,49531,57593,Pipistrellus pipistrellus,0.02,0.041,-1,Echolocation,/mnt/ubna_data_01_mir/recover-20220825/UBNA_002/20220823_033000.WAV,Telephone Field,recover-20220825,002,1795
1778.1215,1778.1291,54687,71580,Pipistrellus pygmaeus,0.025,0.025,-1,Echolocation,/mnt/ubna_data_01_mir/recover-20220825/UBNA_002/20220823_033000.WAV,Telephone Field,recover-20220825,002,1795
1778.1555,1778.1669,25468,31195,Eptesicus serotinus,0.019,0.041,-1,Echolocation,/mnt/ubna_data_01_mir/recover-20220825/UBNA_002/20220823_033000.WAV,Telephone Field,recover-20220825,002,1795
1778.1805,1778.2154,68437,81908,Rhinolophus ferrumequinum,0.024,0.024,-1,Echolocation,/mnt/ubna_data_01_mir/recover-20220825/UBNA_002/20220823_033000.WAV,Telephone Field,recover-20220825,002,1795
1778.1855,1778.1998,21171,25037,Nyctalus leisleri,0.012,0.024,-1,Echolocation,/mnt/ubna_data_01_mir/recover-20220825/UBNA_002/20220823_033000.WAV,Telephone Field,recover-20220825,002,1795
1778.1885,1778.1983,40937,47387,Pipistrellus nathusii,0.014,0.027,-1,Echolocation,/mnt/ubna_data_01_mir/recover-20220825/UBNA_002/20220823_033000.WAV,Telephone Field,recover-20220825,002,1795
1778.2045,1778.2118,40937,62414,Pipistrellus nathusii,0.524,0.574,-1,Echolocation,/mnt/ubna_data_01_mir/recover-20220825/UBNA_002/20220823_033000.WAV,Telephone Field,recover-20220825,002,1795
1778.2055,1778.211,49531,55660,Pipistrellus pipistrellus,0.033,0.059,-1,Echolocation,/mnt/ubna_data_01_mir/recover-20220825/UBNA_002/20220823_033000.WAV,Telephone Field,recover-20220825,002,1795
1778.2855,1778.2946,26328,33126,Eptesicus serotinus,0.009,0.025,-1,Echolocation,/mnt/ubna_data_01_mir/recover-20220825/UBNA_002/20220823_033000.WAV,Telephone Field,recover-20220825,002,1795
1778.2985,1778.3052,50390,56630,Pipistrellus pipistrellus,0.023,0.045,-1,Echolocation,/mnt/ubna_data_01_mir/recover-20220825/UBNA_002/20220823_033000.WAV,Telephone Field,recover-20220825,002,1795
1778.3005,1778.3085,40078,62320,Pipistrellus nathusii,0.551,0.592,-1,Echolocation,/mnt/ubna_data_01_mir/recover-20220825/UBNA_002/20220823_033000.WAV,Telephone Field,recover-20220825,002,1795
1778.3015,1778.3074,28906,57343,Myotis daubentonii,0.015,0.026,-1,Echolocation,/mnt/ubna_data_01_mir/recover-20220825/UBNA_002/20220823_033000.WAV,Telephone Field,recover-20220825,002,1795
1778.3235,1778.3702,68437,84166,Rhinolophus ferrumequinum,0.06,0.06,-1,Echolocation,/mnt/ubna_data_01_mir/recover-20220825/UBNA_002/20220823_033000.WAV,Telephone Field,recover-20220825,002,1795
1778.3285,1778.3391,28906,37688,Eptesicus serotinus,0.012,0.025,-1,Echolocation,/mnt/ubna_data_01_mir/recover-20220825/UBNA_002/20220823_033000.WAV,Telephone Field,recover-20220825,002,1795
1778.3585,1778.366,26328,41021,Eptesicus serotinus,0.008,0.025,-1,Echolocation,/mnt/ubna_data_01_mir/recover-20220825/UBNA_002/20220823_033000.WAV,Telephone Field,recover-20220825,002,1795
1778.3725,1778.3822,27187,37937,Eptesicus serotinus,0.01,0.024,-1,Echolocation,/mnt/ubna_data_01_mir/recover-20220825/UBNA_002/20220823_033000.WAV,Telephone Field,recover-20220825,002,1795
1778.3745,1778.3846,34921,44836,Pipistrellus nathusii,0.019,0.047,-1,Echolocation,/mnt/ubna_data_01_mir/recover-20220825/UBNA_002/20220823_033000.WAV,Telephone Field,recover-20220825,002,1795
1778.3855,1778.3923,26328,37711,Eptesicus serotinus,0.01,0.03,-1,Echolocation,/mnt/ubna_data_01_mir/recover-20220825/UBNA_002/20220823_033000.WAV,Telephone Field,recover-20220825,002,1795
1778.3895,1778.3975,54687,63737,Pipistrellus pygmaeus,0.048,0.05,-1,Echolocation,/mnt/ubna_data_01_mir/recover-20220825/UBNA_002/20220823_033000.WAV,Telephone Field,recover-20220825,002,1795
1778.3955,1778.4021,52968,61283,Pipistrellus pygmaeus,0.053,0.061,-1,Echolocation,/mnt/ubna_data_01_mir/recover-20220825/UBNA_002/20220823_033000.WAV,Telephone Field,recover-20220825,002,1795
1778.3965,1778.4041,40937,66786,Pipistrellus nathusii,0.557,0.594,-1,Echolocation,/mnt/ubna_data_01_mir/recover-20220825/UBNA_002/20220823_033000.WAV,Telephone Field,recover-20220825,002,1795
1778.3995,1778.4052,28906,60742,Myotis daubentonii,0.018,0.028,-1,Echolocation,/mnt/ubna_data_01_mir/recover-20220825/UBNA_002/20220823_033000.WAV,Telephone Field,recover-20220825,002,1795
1778.4505,1778.4621,25468,31499,Nyctalus leisleri,0.197,0.45,-1,Echolocation,/mnt/ubna_data_01_mir/recover-20220825/UBNA_002/20220823_033000.WAV,Telephone Field,recover-20220825,002,1795
1778.4605,1778.4698,42656,49340,Pipistrellus nathusii,0.023,0.033,-1,Echolocation,/mnt/ubna_data_01_mir/recover-20220825/UBNA_002/20220823_033000.WAV,Telephone Field,recover-20220825,002,1795
1778.4925,1778.5009,55546,61468,Pipistrellus pygmaeus,0.052,0.053,-1,Echolocation,/mnt/ubna_data_01_mir/recover-20220825/UBNA_002/20220823_033000.WAV,Telephone Field,recover-20220825,002,1795
1778.4975,1778.5068,40078,64152,Pipistrellus nathusii,0.488,0.538,-1,Echolocation,/mnt/ubna_data_01_mir/recover-20220825/UBNA_002/20220823_033000.WAV,Telephone Field,recover-20220825,002,1795
1778.5065,1778.5147,40078,48762,Pipistrellus nathusii,0.026,0.042,-1,Echolocation,/mnt/ubna_data_01_mir/recover-20220825/UBNA_002/20220823_033000.WAV,Telephone Field,recover-20220825,002,1795
1778.5155,1778.5234,24609,34742,Plecotus austriacus,0.007,0.027,-1,Echolocation,/mnt/ubna_data_01_mir/recover-20220825/UBNA_002/20220823_033000.WAV,Telephone Field,recover-20220825,002,1795
1778.5375,1778.5458,57265,63134,Pipistrellus pygmaeus,0.024,0.025,-1,Echolocation,/mnt/ubna_data_01_mir/recover-20220825/UBNA_002/20220823_033000.WAV,Telephone Field,recover-20220825,002,1795
1778.5705,1778.6067,68437,81929,Rhinolophus ferrumequinum,0.024,0.024,-1,Echolocation,/mnt/ubna_data_01_mir/recover-20220825/UBNA_002/20220823_033000.WAV,Telephone Field,recover-20220825,002,1795
1778.5825,1778.5947,24609,30887,Eptesicus serotinus,0.289,0.562,-1,Echolocation,/mnt/ubna_data_01_mir/recover-20220825/UBNA_002/20220823_033000.WAV,Telephone Field,recover-20220825,002,1795
1778.5945,1778.6015,52109,59806,Pipistrellus pygmaeus,0.046,0.065,-1,Echolocation,/mnt/ubna_data_01_mir/recover-20220825/UBNA_002/20220823_033000.WAV,Telephone Field,recover-20220825,002,1795
1778.5965,1778.6046,40937,65245,Pipistrellus nathusii,0.66,0.678,-1,Echolocation,/mnt/ubna_data_01_mir/recover-20220825/UBNA_002/20220823_033000.WAV,Telephone Field,recover-20220825,002,1795
1778.5975,1778.6033,28906,61721,Myotis daubentonii,0.016,0.028,-1,Echolocation,/mnt/ubna_data_01_mir/recover-20220825/UBNA_002/20220823_033000.WAV,Telephone Field,recover-20220825,002,1795
1778.6295,1778.664,68437,81922,Rhinolophus ferrumequinum,0.036,0.036,-1,Echolocation,/mnt/ubna_data_01_mir/recover-20220825/UBNA_002/20220823_033000.WAV,Telephone Field,recover-20220825,002,1795
1778.6945,1778.7009,50390,60245,Pipistrellus pipistrellus,0.027,0.055,-1,Echolocation,/mnt/ubna_data_01_mir/recover-20220825/UBNA_002/20220823_033000.WAV,Telephone Field,recover-20220825,002,1795
1778.6955,1778.7076,24609,32195,Eptesicus serotinus,0.096,0.154,-1,Echolocation,/mnt/ubna_data_01_mir/recover-20220825/UBNA_002/20220823_033000.WAV,Telephone Field,recover-20220825,002,1795
1778.6955,1778.7041,40937,66855,Pipistrellus nathusii,0.506,0.589,-1,Echolocation,/mnt/ubna_data_01_mir/recover-20220825/UBNA_002/20220823_033000.WAV,Telephone Field,recover-20220825,002,1795
1778.6965,1778.7018,30625,67104,Myotis brandtii,0.025,0.041,-1,Echolocation,/mnt/ubna_data_01_mir/recover-20220825/UBNA_002/20220823_033000.WAV,Telephone Field,recover-20220825,002,1795
1778.6985,1778.732,68437,81461,Rhinolophus ferrumequinum,0.031,0.031,-1,Echolocation,/mnt/ubna_data_01_mir/recover-20220825/UBNA_002/20220823_033000.WAV,Telephone Field,recover-20220825,002,1795
1778.7045,1778.7127,40078,48603,Pipistrellus nathusii,0.027,0.041,-1,Echolocation,/mnt/ubna_data_01_mir/recover-20220825/UBNA_002/20220823_033000.WAV,Telephone Field,recover-20220825,002,1795
1778.7095,1778.7171,26328,40314,Eptesicus serotinus,0.009,0.025,-1,Echolocation,/mnt/ubna_data_01_mir/recover-20220825/UBNA_002/20220823_033000.WAV,Telephone Field,recover-20220825,002,1795
1778.7885,1778.7966,52968,60411,Pipistrellus pygmaeus,0.078,0.086,-1,Echolocation,/mnt/ubna_data_01_mir/recover-20220825/UBNA_002/20220823_033000.WAV,Telephone Field,recover-20220825,002,1795
1778.7915,1778.7991,40937,65618,Pipistrellus nathusii,0.617,0.647,-1,Echolocation,/mnt/ubna_data_01_mir/recover-20220825/UBNA_002/20220823_033000.WAV,Telephone Field,recover-20220825,002,1795
1778.7915,1778.8032,16015,22336,Nyctalus noctula,0.012,0.026,-1,Echolocation,/mnt/ubna_data_01_mir/recover-20220825/UBNA_002/20220823_033000.WAV,Telephone Field,recover-20220825,002,1795
1778.8085,1778.8201,25468,32898,Eptesicus serotinus,0.043,0.087,-1,Echolocation,/mnt/ubna_data_01_mir/recover-20220825/UBNA_002/20220823_033000.WAV,Telephone Field,recover-20220825,002,1795
1778.8415,1778.8509,37500,44009,Pipistrellus nathusii,0.011,0.028,-1,Echolocation,/mnt/ubna_data_01_mir/recover-20220825/UBNA_002/20220823_033000.WAV,Telephone Field,recover-20220825,002,1795
1778.8885,1778.8955,52109,62570,Pipistrellus pygmaeus,0.086,0.104,-1,Echolocation,/mnt/ubna_data_01_mir/recover-20220825/UBNA_002/20220823_033000.WAV,Telephone Field,recover-20220825,002,1795
1778.8895,1778.9204,68437,81365,Rhinolophus ferrumequinum,0.024,0.024,-1,Echolocation,/mnt/ubna_data_01_mir/recover-20220825/UBNA_002/20220823_033000.WAV,Telephone Field,recover-20220825,002,1795
1778.8905,1778.8988,40937,65616,Pipistrellus nathusii,0.619,0.678,-1,Echolocation,/mnt/ubna_data_01_mir/recover-20220825/UBNA_002/20220823_033000.WAV,Telephone Field,recover-20220825,002,1795
1778.8995,1778.907,40078,53009,Pipistrellus nathusii,0.023,0.04,-1,Echolocation,/mnt/ubna_data_01_mir/recover-20220825/UBNA_002/20220823_033000.WAV,Telephone Field,recover-20220825,002,1795
1778.9355,1778.9473,25468,32346,Eptesicus serotinus,0.287,0.546,-1,Echolocation,/mnt/ubna_data_01_mir/recover-20220825/UBNA_002/20220823_033000.WAV,Telephone Field,recover-20220825,002,1795
1778.9455,1778.953,55546,63152,Pipistrellus pygmaeus,0.037,0.038,-1,Echolocation,/mnt/ubna_data_01_mir/recover-20220825/UBNA_002/20220823_033000.WAV,Telephone Field,recover-20220825,002,1795
1778.9835,1778.9893,29765,60974,Myotis brandtii,0.011,0.025,-1,Echolocation,/mnt/ubna_data_01_mir/recover-20220825/UBNA_002/20220823_033000.WAV,Telephone Field,recover-20220825,002,1795
1778.9835,1778.9906,52968,61678,Pipistrellus pygmaeus,0.079,0.089,-1,Echolocation,/mnt/ubna_data_01_mir/recover-20220825/UBNA_002/20220823_033000.WAV,Telephone Field,recover-20220825,002,1795
1778.9845,1778.9915,40937,66237,Pipistrellus nathusii,0.579,0.62,-1,Echolocation,/mnt/ubna_data_01_mir/recover-20220825/UBNA_002/20220823_033000.WAV,Telephone Field,recover-20220825,002,1795
1778.9935,1779.0022,54687,63931,Pipistrellus pygmaeus,0.025,0.026,-1,Echolocation,/mnt/ubna_data_01_mir/recover-20220825/UBNA_002/20220823_033000.WAV,Telephone Field,recover-20220825,002,1795
1779.0235,1779.0307,49531,59166,Pipistrellus pipistrellus,0.036,0.048,-1,Echolocation,/mnt/ubna_data_01_mir/recover-20220825/UBNA_002/20220823_033000.WAV,Telephone Field,recover-20220825,002,1795
1779.0245,1779.0388,19453,24711,Nyctalus noctula,0.039,0.068,-1,Echolocation,/mnt/ubna_data_01_mir/recover-20220825/UBNA_002/20220823_033000.WAV,Telephone Field,recover-20220825,002,1795
1779.0245,1779.0337,28046,37891,Eptesicus serotinus,0.011,0.025,-1,Echolocation,/mnt/ubna_data_01_mir/recover-20220825/UBNA_002/20220823_033000.WAV,Telephone Field,recover-20220825,002,1795
1779.0775,1779.0882,57265,64716,Pipistrellus pygmaeus,0.036,0.038,-1,Echolocation,/mnt/ubna_data_01_mir/recover-20220825/UBNA_002/20220823_033000.WAV,Telephone Field,recover-20220825,002,1795
1779.0795,1779.0855,50390,60808,Pipistrellus pipistrellus,0.021,0.045,-1,Echolocation,/mnt/ubna_data_01_mir/recover-20220825/UBNA_002/20220823_033000.WAV,Telephone Field,recover-20220825,002,1795
1779.0825,1779.0904,40078,68719,Pipistrellus nathusii,0.617,0.663,-1,Echolocation,/mnt/ubna_data_01_mir/recover-20220825/UBNA_002/20220823_033000.WAV,Telephone Field,recover-20220825,002,1795
1779.0835,1779.0958,16875,24009,Nyctalus noctula,0.01,0.026,-1,Echolocation,/mnt/ubna_data_01_mir/recover-20220825/UBNA_002/20220823_033000.WAV,Telephone Field,recover-20220825,002,1795
1779.0915,1779.0988,40078,52625,Pipistrellus nathusii,0.02,0.036,-1,Echolocation,/mnt/ubna_data_01_mir/recover-20220825/UBNA_002/20220823_033000.WAV,Telephone Field,recover-20220825,002,1795
1779.1115,1779.1464,68437,81891,Rhinolophus ferrumequinum,0.026,0.026,-1,Echolocation,/mnt/ubna_data_01_mir/recover-20220825/UBNA_002/20220823_033000.WAV,Telephone Field,recover-20220825,002,1795
1779.1685,1779.1752,27187,35778,Eptesicus serotinus,0.009,0.026,-1,Echolocation,/mnt/ubna_data_01_mir/recover-20220825/UBNA_002/20220823_033000.WAV,Telephone Field,recover-20220825,002,1795
1779.1755,1779.1825,58984,66808,Pipistrellus pygmaeus,0.025,0.026,-1,Echolocation,/mnt/ubna_data_01_mir/recover-20220825/UBNA_002/20220823_033000.WAV,Telephone Field,recover-20220825,002,1795
1779.1775,1779.1846,51250,61292,Pipistrellus pipistrellus,0.031,0.061,-1,Echolocation,/mnt/ubna_data_01_mir/recover-20220825/UBNA_002/20220823_033000.WAV,Telephone Field,recover-20220825,002,1795
1779.1795,1779.1874,40078,66336,Pipistrellus nathusii,0.566,0.637,-1,Echolocation,/mnt/ubna_data_01_mir/recover-20220825/UBNA_002/20220823_033000.WAV,Telephone Field,recover-20220825,002,1795
1779.2215,1779.2353,24609,30578,Eptesicus serotinus,0.219,0.47,-1,Echolocation,/mnt/ubna_data_01_mir/recover-20220825/UBNA_002/20220823_033000.WAV,Telephone Field,recover-20220825,002,1795
1779.2785,1779.3095,68437,80687,Rhinolophus ferrumequinum,0.024,0.024,-1,Echolocation,/mnt/ubna_data_01_mir/recover-20220825/UBNA_002/20220823_033000.WAV,Telephone Field,recover-20220825,002,1795
1779.2855,1779.2936,40078,66536,Pipistrellus nathusii,0.67,0.702,-1,Echolocation,/mnt/ubna_data_01_mir/recover-20220825/UBNA_002/20220823_033000.WAV,Telephone Field,recover-20220825,002,1795
1779.2875,1779.2929,50390,60002,Pipistrellus pipistrellus,0.033,0.068,-1,Echolocation,/mnt/ubna_data_01_mir/recover-20220825/UBNA_002/20220823_033000.WAV,Telephone Field,recover-20220825,002,1795
1779.2945,1779.3008,39218,52522,Pipistrellus nathusii,0.019,0.041,-1,Echolocation,/mnt/ubna_data_01_mir/recover-20220825/UBNA_002/20220823_033000.WAV,Telephone Field,recover-20220825,002,1795
1779.3245,1779.3359,25468,33108,Eptesicus serotinus,0.014,0.032,-1,Echolocation,/mnt/ubna_data_01_mir/recover-20220825/UBNA_002/20220823_033000.WAV,Telephone Field,recover-20220825,002,1795
1779.3385,1779.3536,25468,31020,Eptesicus serotinus,0.025,0.062,-1,Echolocation,/mnt/ubna_data_01_mir/recover-20220825/UBNA_002/20220823_033000.WAV,Telephone Field,recover-20220825,002,1795
1779.3675,1779.4049,68437,82580,Rhinolophus ferrumequinum,0.029,0.029,-1,Echolocation,/mnt/ubna_data_01_mir/recover-20220825/UBNA_002/20220823_033000.WAV,Telephone Field,recover-20220825,002,1795
1779.3725,1779.378,31484,39989,Myotis daubentonii,0.01,0.027,-1,Echolocation,/mnt/ubna_data_01_mir/recover-20220825/UBNA_002/20220823_033000.WAV,Telephone Field,recover-20220825,002,1795
1779.3825,1779.3884,50390,61977,Pipistrellus pipistrellus,0.028,0.061,-1,Echolocation,/mnt/ubna_data_01_mir/recover-20220825/UBNA_002/20220823_033000.WAV,Telephone Field,recover-20220825,002,1795
1779.3835,1779.391,40937,71064,Pipistrellus nathusii,0.56,0.631,-1,Echolocation,/mnt/ubna_data_01_mir/recover-20220825/UBNA_002/20220823_033000.WAV,Telephone Field,recover-20220825,002,1795
1779.3925,1779.4,40937,53031,Pipistrellus nathusii,0.018,0.034,-1,Echolocation,/mnt/ubna_data_01_mir/recover-20220825/UBNA_002/20220823_033000.WAV,Telephone Field,recover-20220825,002,1795
1779.4115,1779.4223,34062,38882,Pipistrellus nathusii,0.038,0.052,-1,Echolocation,/mnt/ubna_data_01_mir/recover-20220825/UBNA_002/20220823_033000.WAV,Telephone Field,recover-20220825,002,1795
1779.4315,1779.4386,49531,59309,Pipistrellus pipistrellus,0.025,0.033,-1,Echolocation,/mnt/ubna_data_01_mir/recover-20220825/UBNA_002/20220823_033000.WAV,Telephone Field,recover-20220825,002,1795
1779.4325,1779.4412,28046,42091,Eptesicus serotinus,0.012,0.026,-1,Echolocation,/mnt/ubna_data_01_mir/recover-20220825/UBNA_002/20220823_033000.WAV,Telephone Field,recover-20220825,002,1795
1779.4725,1779.4802,37500,47555,Myotis brandtii,0.007,0.026,-1,Echolocation,/mnt/ubna_data_01_mir/recover-20220825/UBNA_002/20220823_033000.WAV,Telephone Field,recover-20220825,002,1795
1779.4805,1779.4874,27187,37585,Eptesicus serotinus,0.008,0.025,-1,Echolocation,/mnt/ubna_data_01_mir/recover-20220825/UBNA_002/20220823_033000.WAV,Telephone Field,recover-20220825,002,1795
1779.4875,1779.4962,58125,66201,Pipistrellus pygmaeus,0.046,0.049,-1,Echolocation,/mnt/ubna_data_01_mir/recover-20220825/UBNA_002/20220823_033000.WAV,Telephone Field,recover-20220825,002,1795
1779.4875,1779.5171,68437,80450,Rhinolophus ferrumequinum,0.026,0.027,-1,Echolocation,/mnt/ubna_data_01_mir/recover-20220825/UBNA_002/20220823_033000.WAV,Telephone Field,recover-20220825,002,1795
1779.4895,1779.4964,49531,61089,Pipistrellus pipistrellus,0.035,0.071,-1,Echolocation,/mnt/ubna_data_01_mir/recover-20220825/UBNA_002/20220823_033000.WAV,Telephone Field,recover-20220825,002,1795
1779.4915,1779.5002,40937,70944,Pipistrellus nathusii,0.657,0.705,-1,Echolocation,/mnt/ubna_data_01_mir/recover-20220825/UBNA_002/20220823_033000.WAV,Telephone Field,recover-20220825,002,1795
1779.4945,1779.5011,28046,56572,Myotis daubentonii,0.016,0.025,-1,Echolocation,/mnt/ubna_data_01_mir/recover-20220825/UBNA_002/20220823_033000.WAV,Telephone Field,recover-20220825,002,1795
1779.5005,1779.5086,54687,66171,Pipistrellus pygmaeus,0.026,0.027,-1,Echolocation,/mnt/ubna_data_01_mir/recover-20220825/UBNA_002/20220823_033000.WAV,Telephone Field,recover-20220825,002,1795
1779.5265,1779.5352,26328,36730,Eptesicus serotinus,0.009,0.024,-1,Echolocation,/mnt/ubna_data_01_mir/recover-20220825/UBNA_002/20220823_033000.WAV,Telephone Field,recover-20220825,002,1795
1779.5345,1779.5758,68437,83758,Rhinolophus ferrumequinum,0.037,0.037,-1,Echolocation,/mnt/ubna_data_01_mir/recover-20220825/UBNA_002/20220823_033000.WAV,Telephone Field,recover-20220825,002,1795
1779.5425,1779.5585,23750,31396,Eptesicus serotinus,0.283,0.62,-1,Echolocation,/mnt/ubna_data_01_mir/recover-20220825/UBNA_002/20220823_033000.WAV,Telephone Field,recover-20220825,002,1795
1779.5715,1779.5797,27187,45797,Eptesicus serotinus,0.009,0.025,-1,Echolocation,/mnt/ubna_data_01_mir/recover-20220825/UBNA_002/20220823_033000.WAV,Telephone Field,recover-20220825,002,1795
1779.5795,1779.5887,28046,36165,Eptesicus serotinus,0.01,0.025,-1,Echolocation,/mnt/ubna_data_01_mir/recover-20220825/UBNA_002/20220823_033000.WAV,Telephone Field,recover-20220825,002,1795
1779.5945,1779.602,52109,60467,Pipistrellus pygmaeus,0.053,0.088,-1,Echolocation,/mnt/ubna_data_01_mir/recover-20220825/UBNA_002/20220823_033000.WAV,Telephone Field,recover-20220825,002,1795
1779.5965,1779.6044,40937,72160,Pipistrellus nathusii,0.643,0.679,-1,Echolocation,/mnt/ubna_data_01_mir/recover-20220825/UBNA_002/20220823_033000.WAV,Telephone Field,recover-20220825,002,1795
1779.6055,1779.6122,40078,54006,Pipistrellus nathusii,0.013,0.031,-1,Echolocation,/mnt/ubna_data_01_mir/recover-20220825/UBNA_002/20220823_033000.WAV,Telephone Field,recover-20220825,002,1795
1779.6235,1779.6562,68437,81658,Rhinolophus ferrumequinum,0.025,0.025,-1,Echolocation,/mnt/ubna_data_01_mir/recover-20220825/UBNA_002/20220823_033000.WAV,Telephone Field,recover-20220825,002,1795
1779.6615,1779.6984,68437,81296,Rhinolophus ferrumequinum,0.025,0.025,-1,Echolocation,/mnt/ubna_data_01_mir/recover-20220825/UBNA_002/20220823_033000.WAV,Telephone Field,recover-20220825,002,1795
1779.6905,1779.7233,68437,82008,Rhinolophus ferrumequinum,0.025,0.025,-1,Echolocation,/mnt/ubna_data_01_mir/recover-20220825/UBNA_002/20220823_033000.WAV,Telephone Field,recover-20220825,002,1795
1779.6915,1779.705,24609,29100,Nyctalus leisleri,0.139,0.276,-1,Echolocation,/mnt/ubna_data_01_mir/recover-20220825/UBNA_002/20220823_033000.WAV,Telephone Field,recover-20220825,002,1795
1779.7015,1779.709,40078,68550,Pipistrellus nathusii,0.635,0.646,-1,Echolocation,/mnt/ubna_data_01_mir/recover-20220825/UBNA_002/20220823_033000.WAV,Telephone Field,recover-20220825,002,1795
1779.7025,1779.7082,51250,58014,Pipistrellus pipistrellus,0.037,0.068,-1,Echolocation,/mnt/ubna_data_01_mir/recover-20220825/UBNA_002/20220823_033000.WAV,Telephone Field,recover-20220825,002,1795
1779.7025,1779.7091,32343,62316,Barbastellus barbastellus,0.012,0.038,-1,Echolocation,/mnt/ubna_data_01_mir/recover-20220825/UBNA_002/20220823_033000.WAV,Telephone Field,recover-20220825,002,1795
1779.7365,1779.7778,68437,82978,Rhinolophus ferrumequinum,0.044,0.044,-1,Echolocation,/mnt/ubna_data_01_mir/recover-20220825/UBNA_002/20220823_033000.WAV,Telephone Field,recover-20220825,002,1795
1779.7435,1779.7516,25468,34873,Eptesicus serotinus,0.008,0.024,-1,Echolocation,/mnt/ubna_data_01_mir/recover-20220825/UBNA_002/20220823_033000.WAV,Telephone Field,recover-20220825,002,1795
1779.8085,1779.8169,53828,63400,Pipistrellus pygmaeus,0.049,0.054,-1,Echolocation,/mnt/ubna_data_01_mir/recover-20220825/UBNA_002/20220823_033000.WAV,Telephone Field,recover-20220825,002,1795
1779.8105,1779.8177,40078,69987,Pipistrellus nathusii,0.534,0.587,-1,Echolocation,/mnt/ubna_data_01_mir/recover-20220825/UBNA_002/20220823_033000.WAV,Telephone Field,recover-20220825,002,1795
1779.8195,1779.8266,41796,55580,Pipistrellus nathusii,0.031,0.042,-1,Echolocation,/mnt/ubna_data_01_mir/recover-20220825/UBNA_002/20220823_033000.WAV,Telephone Field,recover-20220825,002,1795
1779.8635,1779.9,68437,82668,Rhinolophus ferrumequinum,0.03,0.03,-1,Echolocation,/mnt/ubna_data_01_mir/recover-20220825/UBNA_002/20220823_033000.WAV,Telephone Field,recover-20220825,002,1795
1779.8825,1779.9156,68437,81373,Rhinolophus ferrumequinum,0.024,0.024,-1,Echolocation,/mnt/ubna_data_01_mir/recover-20220825/UBNA_002/20220823_033000.WAV,Telephone Field,recover-20220825,002,1795
1779.8975,1779.9067,52109,56439,Pipistrellus pygmaeus,0.064,0.088,-1,Echolocation,/mnt/ubna_data_01_mir/recover-20220825/UBNA_002/20220823_033000.WAV,Telephone Field,recover-20220825,002,1795
1779.9005,1779.9071,37500,64205,Pipistrellus nathusii,0.33,0.452,-1,Echolocation,/mnt/ubna_data_01_mir/recover-20220825/UBNA_002/20220823_033000.WAV,Telephone Field,recover-20220825,002,1795
1779.9105,1779.9161,32343,43456,Myotis daubentonii,0.014,0.026,-1,Echolocation,/mnt/ubna_data_01_mir/recover-20220825/UBNA_002/20220823_033000.WAV,Telephone Field,recover-20220825,002,1795
1779.9465,1779.9536,26328,37082,Eptesicus serotinus,0.008,0.028,-1,Echolocation,/mnt/ubna_data_01_mir/recover-20220825/UBNA_002/20220823_033000.WAV,Telephone Field,recover-20220825,002,1795
1779.9545,1779.9633,57265,66565,Pipistrellus pygmaeus,0.024,0.024,-1,Echolocation,/mnt/ubna_data_01_mir/recover-20220825/UBNA_002/20220823_033000.WAV,Telephone Field,recover-20220825,002,1795
1780.0015,1780.0307,69296,82460,Rhinolophus ferrumequinum,0.032,0.032,-1,Echolocation,/mnt/ubna_data_01_mir/recover-20220825/UBNA_002/20220823_033000.WAV,Telephone Field,recover-20220825,002,1795
1780.0015,1780.0095,21171,27424,Plecotus austriacus,0.007,0.027,-1,Echolocation,/mnt/ubna_data_01_mir/recover-20220825/UBNA_002/20220823_033000.WAV,Telephone Field,recover-20220825,002,1795
1780.0015,1780.0098,46093,53776,Pipistrellus pipistrellus,0.022,0.033,-1,Echolocation,/mnt/ubna_data_01_mir/recover-20220825/UBNA_002/20220823_033000.WAV,Telephone Field,recover-20220825,002,1795
1780.0105,1780.0198,36640,43720,Pipistrellus nathusii,0.023,0.039,-1,Echolocation,/mnt/ubna_data_01_mir/recover-20220825/UBNA_002/20220823_033000.WAV,Telephone Field,recover-20220825,002,1795
1780.0205,1780.0277,28046,41241,Eptesicus serotinus,0.007,0.026,-1,Echolocation,/mnt/ubna_data_01_mir/recover-20220825/UBNA_002/20220823_033000.WAV,Telephone Field,recover-20220825,002,1795
1780.0355,1780.043,47812,52569,Pipistrellus pipistrellus,0.02,0.025,-1,Echolocation,/mnt/ubna_data_01_mir/recover-20220825/UBNA_002/20220823_033000.WAV,Telephone Field,recover-20220825,002,1795
1780.0675,1780.0749,28046,34716,Eptesicus serotinus,0.009,0.025,-1,Echolocation,/mnt/ubna_data_01_mir/recover-20220825/UBNA_002/20220823_033000.WAV,Telephone Field,recover-20220825,002,1795
1780.0785,1780.09,55546,62205,Pipistrellus pygmaeus,0.031,0.034,-1,Echolocation,/mnt/ubna_data_01_mir/recover-20220825/UBNA_002/20220823_033000.WAV,Telephone Field,recover-20220825,002,1795
1780.0805,1780.0867,37500,74151,Myotis brandtii,0.207,0.321,-1,Echolocation,/mnt/ubna_data_01_mir/recover-20220825/UBNA_002/20220823_033000.WAV,Telephone Field,recover-20220825,002,1795
1780.0815,1780.0871,27187,94761,Myotis bechsteinii,0.076,0.15,-1,Echolocation,/mnt/ubna_data_01_mir/recover-20220825/UBNA_002/20220823_033000.WAV,Telephone Field,recover-20220825,002,1795
1780.0895,1780.0974,41796,55046,Pipistrellus pipistrellus,0.01,0.029,-1,Echolocation,/mnt/ubna_data_01_mir/recover-20220825/UBNA_002/20220823_033000.WAV,Telephone Field,recover-20220825,002,1795
1780.0895,1780.0952,34062,51017,Myotis brandtii,0.011,0.024,-1,Echolocation,/mnt/ubna_data_01_mir/recover-20220825/UBNA_002/20220823_033000.WAV,Telephone Field,recover-20220825,002,1795
1780.1485,1780.1596,24609,33578,Eptesicus serotinus,0.357,0.666,-1,Echolocation,/mnt/ubna_data_01_mir/recover-20220825/UBNA_002/20220823_033000.WAV,Telephone Field,recover-20220825,002,1795
1780.1645,1780.1698,29765,86834,Myotis brandtii,0.045,0.077,-1,Echolocation,/mnt/ubna_data_01_mir/recover-20220825/UBNA_002/20220823_033000.WAV,Telephone Field,recover-20220825,002,1795
1780.1645,1780.1702,40937,65890,Pipistrellus nathusii,0.188,0.437,-1,Echolocation,/mnt/ubna_data_01_mir/recover-20220825/UBNA_002/20220823_033000.WAV,Telephone Field,recover-20220825,002,1795
1780.1665,1780.1725,48671,54020,Pipistrellus pipistrellus,0.017,0.033,-1,Echolocation,/mnt/ubna_data_01_mir/recover-20220825/UBNA_002/20220823_033000.WAV,Telephone Field,recover-20220825,002,1795
1780.2175,1780.2224,28046,84736,Myotis brandtii,0.042,0.101,-1,Echolocation,/mnt/ubna_data_01_mir/recover-20220825/UBNA_002/20220823_033000.WAV,Telephone Field,recover-20220825,002,1795
1780.2185,1780.2237,39218,63230,Myotis brandtii,0.173,0.388,-1,Echolocation,/mnt/ubna_data_01_mir/recover-20220825/UBNA_002/20220823_033000.WAV,Telephone Field,recover-20220825,002,1795
1780.2625,1780.2675,50390,60132,Pipistrellus pipistrellus,0.025,0.043,-1,Echolocation,/mnt/ubna_data_01_mir/recover-20220825/UBNA_002/20220823_033000.WAV,Telephone Field,recover-20220825,002,1795
1780.2695,1780.2749,39218,67378,Pipistrellus nathusii,0.244,0.412,-1,Echolocation,/mnt/ubna_data_01_mir/recover-20220825/UBNA_002/20220823_033000.WAV,Telephone Field,recover-20220825,002,1795
1780.2705,1780.2765,49531,56694,Pipistrellus pipistrellus,0.021,0.037,-1,Echolocation,/mnt/ubna_data_01_mir/recover-20220825/UBNA_002/20220823_033000.WAV,Telephone Field,recover-20220825,002,1795
1780.2995,1780.3383,68437,81932,Rhinolophus ferrumequinum,0.032,0.032,-1,Echolocation,/mnt/ubna_data_01_mir/recover-20220825/UBNA_002/20220823_033000.WAV,Telephone Field,recover-20220825,002,1795
1780.3265,1780.3313,28906,83980,Myotis brandtii,0.06,0.105,-1,Echolocation,/mnt/ubna_data_01_mir/recover-20220825/UBNA_002/20220823_033000.WAV,Telephone Field,recover-20220825,002,1795
1780.3265,1780.3314,38359,60114,Myotis brandtii,0.189,0.371,-1,Echolocation,/mnt/ubna_data_01_mir/recover-20220825/UBNA_002/20220823_033000.WAV,Telephone Field,recover-20220825,002,1795
1780.3625,1780.4006,68437,81813,Rhinolophus ferrumequinum,0.026,0.026,-1,Echolocation,/mnt/ubna_data_01_mir/recover-20220825/UBNA_002/20220823_033000.WAV,Telephone Field,recover-20220825,002,1795
1780.3645,1780.3692,28046,82011,Myotis brandtii,0.045,0.105,-1,Echolocation,/mnt/ubna_data_01_mir/recover-20220825/UBNA_002/20220823_033000.WAV,Telephone Field,recover-20220825,002,1795
1780.3645,1780.3689,40078,64137,Myotis brandtii,0.13,0.2,-1,Echolocation,/mnt/ubna_data_01_mir/recover-20220825/UBNA_002/20220823_033000.WAV,Telephone Field,recover-20220825,002,1795
1780.4065,1780.4109,40078,64051,Myotis brandtii,0.123,0.211,-1,Echolocation,/mnt/ubna_data_01_mir/recover-20220825/UBNA_002/20220823_033000.WAV,Telephone Field,recover-20220825,002,1795
1780.4075,1780.4244,22890,27328,Nyctalus leisleri,0.193,0.339,-1,Echolocation,/mnt/ubna_data_01_mir/recover-20220825/UBNA_002/20220823_033000.WAV,Telephone Field,recover-20220825,002,1795
1780.4365,1780.4417,40937,66497,Myotis brandtii,0.166,0.35,-1,Echolocation,/mnt/ubna_data_01_mir/recover-20220825/UBNA_002/20220823_033000.WAV,Telephone Field,recover-20220825,002,1795
1780.4365,1780.4417,29765,83879,Myotis brandtii,0.059,0.106,-1,Echolocation,/mnt/ubna_data_01_mir/recover-20220825/UBNA_002/20220823_033000.WAV,Telephone Field,recover-20220825,002,1795
1780.4895,1780.4981,26328,33499,Eptesicus serotinus,0.011,0.028,-1,Echolocation,/mnt/ubna_data_01_mir/recover-20220825/UBNA_002/20220823_033000.WAV,Telephone Field,recover-20220825,002,1795
1780.5015,1780.5125,49531,54631,Pipistrellus pipistrellus,0.063,0.124,-1,Echolocation,/mnt/ubna_data_01_mir/recover-20220825/UBNA_002/20220823_033000.WAV,Telephone Field,recover-20220825,002,1795
1780.5045,1780.51,28046,89066,Myotis brandtii,0.061,0.11,-1,Echolocation,/mnt/ubna_data_01_mir/recover-20220825/UBNA_002/20220823_033000.WAV,Telephone Field,recover-20220825,002,1795
1780.5045,1780.5104,38359,71157,Myotis brandtii,0.192,0.372,-1,Echolocation,/mnt/ubna_data_01_mir/recover-20220825/UBNA_002/20220823_033000.WAV,Telephone Field,recover-20220825,002,1795
1780.5195,1780.5531,68437,81014,Rhinolophus ferrumequinum,0.026,0.026,-1,Echolocation,/mnt/ubna_data_01_mir/recover-20220825/UBNA_002/20220823_033000.WAV,Telephone Field,recover-20220825,002,1795
1780.5405,1780.5496,25468,33473,Eptesicus serotinus,0.009,0.027,-1,Echolocation,/mnt/ubna_data_01_mir/recover-20220825/UBNA_002/20220823_033000.WAV,Telephone Field,recover-20220825,002,1795
1780.6015,1780.6111,50390,58168,Pipistrellus pipistrellus,0.015,0.031,-1,Echolocation,/mnt/ubna_data_01_mir/recover-20220825/UBNA_002/20220823_033000.WAV,Telephone Field,recover-20220825,002,1795
1780.6065,1780.6118,40937,60426,Pipistrellus nathusii,0.157,0.387,-1,Echolocation,/mnt/ubna_data_01_mir/recover-20220825/UBNA_002/20220823_033000.WAV,Telephone Field,recover-20220825,002,1795
1780.6075,1780.6122,27187,82447,Myotis bechsteinii,0.048,0.103,-1,Echolocation,/mnt/ubna_data_01_mir/recover-20220825/UBNA_002/20220823_033000.WAV,Telephone Field,recover-20220825,002,1795
1780.6525,1780.6632,23750,30082,Nyctalus leisleri,0.01,0.029,-1,Echolocation,/mnt/ubna_data_01_mir/recover-20220825/UBNA_002/20220823_033000.WAV,Telephone Field,recover-20220825,002,1795
1780.6635,1780.669,49531,57033,Pipistrellus pipistrellus,0.012,0.025,-1,Echolocation,/mnt/ubna_data_01_mir/recover-20220825/UBNA_002/20220823_033000.WAV,Telephone Field,recover-20220825,002,1795
1780.6705,1780.6765,40937,65159,Pipistrellus nathusii,0.265,0.5,-1,Echolocation,/mnt/ubna_data_01_mir/recover-20220825/UBNA_002/20220823_033000.WAV,Telephone Field,recover-20220825,002,1795
1780.6715,1780.6767,29765,83511,Myotis brandtii,0.041,0.064,-1,Echolocation,/mnt/ubna_data_01_mir/recover-20220825/UBNA_002/20220823_033000.WAV,Telephone Field,recover-20220825,002,1795
1780.6715,1780.6779,51250,56452,Pipistrellus pygmaeus,0.013,0.027,-1,Echolocation,/mnt/ubna_data_01_mir/recover-20220825/UBNA_002/20220823_033000.WAV,Telephone Field,recover-20220825,002,1795
1780.6995,1780.7398,68437,82538,Rhinolophus ferrumequinum,0.03,0.03,-1,Echolocation,/mnt/ubna_data_01_mir/recover-20220825/UBNA_002/20220823_033000.WAV,Telephone Field,recover-20220825,002,1795
1780.7285,1780.7348,35781,51942,Myotis brandtii,0.011,0.024,-1,Echolocation,/mnt/ubna_data_01_mir/recover-20220825/UBNA_002/20220823_033000.WAV,Telephone Field,recover-20220825,002,1795
1780.7315,1780.739,28046,35393,Eptesicus serotinus,0.008,0.025,-1,Echolocation,/mnt/ubna_data_01_mir/recover-20220825/UBNA_002/20220823_033000.WAV,Telephone Field,recover-20220825,002,1795
1780.7435,1780.7507,41796,58022,Pipistrellus nathusii,0.257,0.413,-1,Echolocation,/mnt/ubna_data_01_mir/recover-20220825/UBNA_002/20220823_033000.WAV,Telephone Field,recover-20220825,002,1795
1780.7445,1780.7492,28046,82135,Myotis bechsteinii,0.032,0.077,-1,Echolocation,/mnt/ubna_data_01_mir/recover-20220825/UBNA_002/20220823_033000.WAV,Telephone Field,recover-20220825,002,1795
1780.8135,1780.8232,49531,55530,Pipistrellus pipistrellus,0.017,0.035,-1,Echolocation,/mnt/ubna_data_01_mir/recover-20220825/UBNA_002/20220823_033000.WAV,Telephone Field,recover-20220825,002,1795
1780.8185,1780.8241,40937,66394,Pipistrellus nathusii,0.254,0.421,-1,Echolocation,/mnt/ubna_data_01_mir/recover-20220825/UBNA_002/20220823_033000.WAV,Telephone Field,recover-20220825,002,1795
1780.8195,1780.8289,55546,60886,Pipistrellus pygmaeus,0.024,0.026,-1,Echolocation,/mnt/ubna_data_01_mir/recover-20220825/UBNA_002/20220823_033000.WAV,Telephone Field,recover-20220825,002,1795
1780.8195,1780.8244,28046,82276,Myotis brandtii,0.031,0.075,-1,Echolocation,/mnt/ubna_data_01_mir/recover-20220825/UBNA_002/20220823_033000.WAV,Telephone Field,recover-20220825,002,1795
1780.8365,1780.8753,68437,82236,Rhinolophus ferrumequinum,0.024,0.024,-1,Echolocation,/mnt/ubna_data_01_mir/recover-20220825/UBNA_002/20220823_033000.WAV,Telephone Field,recover-20220825,002,1795
1780.8905,1780.8975,28046,36079,Eptesicus serotinus,0.01,0.029,-1,Echolocation,/mnt/ubna_data_01_mir/recover-20220825/UBNA_002/20220823_033000.WAV,Telephone Field,recover-20220825,002,1795
1780.8905,1780.896,32343,42407,Barbastellus barbastellus,0.009,0.027,-1,Echolocation,/mnt/ubna_data_01_mir/recover-20220825/UBNA_002/20220823_033000.WAV,Telephone Field,recover-20220825,002,1795
1780.9005,1780.9072,50390,56708,Pipistrellus pipistrellus,0.012,0.029,-1,Echolocation,/mnt/ubna_data_01_mir/recover-20220825/UBNA_002/20220823_033000.WAV,Telephone Field,recover-20220825,002,1795
1780.9015,1780.9108,54687,61307,Pipistrellus pygmaeus,0.026,0.028,-1,Echolocation,/mnt/ubna_data_01_mir/recover-20220825/UBNA_002/20220823_033000.WAV,Telephone Field,recover-20220825,002,1795
1780.9015,1780.9075,41796,63793,Pipistrellus nathusii,0.22,0.383,-1,Echolocation,/mnt/ubna_data_01_mir/recover-20220825/UBNA_002/20220823_033000.WAV,Telephone Field,recover-20220825,002,1795
1780.9535,1780.9627,42656,48139,Pipistrellus pipistrellus,0.017,0.025,-1,Echolocation,/mnt/ubna_data_01_mir/recover-20220825/UBNA_002/20220823_033000.WAV,Telephone Field,recover-20220825,002,1795
1780.9675,1781.0047,68437,81470,Rhinolophus ferrumequinum,0.026,0.026,-1,Echolocation,/mnt/ubna_data_01_mir/recover-20220825/UBNA_002/20220823_033000.WAV,Telephone Field,recover-20220825,002,1795
1780.9695,1780.9761,25468,38983,Plecotus auritus,0.007,0.025,-1,Echolocation,/mnt/ubna_data_01_mir/recover-20220825/UBNA_002/20220823_033000.WAV,Telephone Field,recover-20220825,002,1795
1780.9865,1781.0259,68437,82719,Rhinolophus ferrumequinum,0.04,0.04,-1,Echolocation,/mnt/ubna_data_01_mir/recover-20220825/UBNA_002/20220823_033000.WAV,Telephone Field,recover-20220825,002,1795
1781.0035,1781.0087,41796,59910,Pipistrellus nathusii,0.328,0.49,-1,Echolocation,/mnt/ubna_data_01_mir/recover-20220825/UBNA_002/20220823_033000.WAV,Telephone Field,recover-20220825,002,1795
1781.0155,1781.0255,28046,34426,Eptesicus serotinus,0.01,0.027,-1,Echolocation,/mnt/ubna_data_01_mir/recover-20220825/UBNA_002/20220823_033000.WAV,Telephone Field,recover-20220825,002,1795
1781.0405,1781.0602,17734,22618,Nyctalus noctula,0.021,0.028,-1,Echolocation,/mnt/ubna_data_01_mir/recover-20220825/UBNA_002/20220823_033000.WAV,Telephone Field,recover-20220825,002,1795
1781.0435,1781.0492,25468,40955,Plecotus auritus,0.009,0.033,-1,Echolocation,/mnt/ubna_data_01_mir/recover-20220825/UBNA_002/20220823_033000.WAV,Telephone Field,recover-20220825,002,1795
1781.0745,1781.0796,28906,73839,Myotis brandtii,0.024,0.049,-1,Echolocation,/mnt/ubna_data_01_mir/recover-20220825/UBNA_002/20220823_033000.WAV,Telephone Field,recover-20220825,002,1795
1781.0755,1781.0817,43515,54821,Pipistrellus nathusii,0.308,0.398,-1,Echolocation,/mnt/ubna_data_01_mir/recover-20220825/UBNA_002/20220823_033000.WAV,Telephone Field,recover-20220825,002,1795
1781.1465,1781.1539,41796,48777,Pipistrellus nathusii,0.436,0.501,-1,Echolocation,/mnt/ubna_data_01_mir/recover-20220825/UBNA_002/20220823_033000.WAV,Telephone Field,recover-20220825,002,1795
1781.1585,1781.1679,28046,35161,Eptesicus serotinus,0.011,0.025,-1,Echolocation,/mnt/ubna_data_01_mir/recover-20220825/UBNA_002/20220823_033000.WAV,Telephone Field,recover-20220825,002,1795
1781.2035,1781.2428,68437,82820,Rhinolophus ferrumequinum,0.032,0.032,-1,Echolocation,/mnt/ubna_data_01_mir/recover-20220825/UBNA_002/20220823_033000.WAV,Telephone Field,recover-20220825,002,1795
1781.2205,1781.2293,27187,37577,Eptesicus serotinus,0.009,0.024,-1,Echolocation,/mnt/ubna_data_01_mir/recover-20220825/UBNA_002/20220823_033000.WAV,Telephone Field,recover-20220825,002,1795
1781.2585,1781.2667,44375,50641,Pipistrellus nathusii,0.2,0.229,-1,Echolocation,/mnt/ubna_data_01_mir/recover-20220825/UBNA_002/20220823_033000.WAV,Telephone Field,recover-20220825,002,1795
1781.2605,1781.2652,31484,76079,Myotis brandtii,0.044,0.071,-1,Echolocation,/mnt/ubna_data_01_mir/recover-20220825/UBNA_002/20220823_033000.WAV,Telephone Field,recover-20220825,002,1795
1781.2985,1781.3371,68437,82026,Rhinolophus ferrumequinum,0.024,0.025,-1,Echolocation,/mnt/ubna_data_01_mir/recover-20220825/UBNA_002/20220823_033000.WAV,Telephone Field,recover-20220825,002,1795
1781.3225,1781.3297,43515,60558,Pipistrellus nathusii,0.074,0.149,-1,Echolocation,/mnt/ubna_data_01_mir/recover-20220825/UBNA_002/20220823_033000.WAV,Telephone Field,recover-20220825,002,1795
1781.3245,1781.3296,33203,70173,Myotis brandtii,0.038,0.056,-1,Echolocation,/mnt/ubna_data_01_mir/recover-20220825/UBNA_002/20220823_033000.WAV,Telephone Field,recover-20220825,002,1795
1781.3355,1781.3454,45234,48734,Pipistrellus pipistrellus,0.027,0.034,-1,Echolocation,/mnt/ubna_data_01_mir/recover-20220825/UBNA_002/20220823_033000.WAV,Telephone Field,recover-20220825,002,1795
1781.3555,1781.3957,68437,82103,Rhinolophus ferrumequinum,0.024,0.024,-1,Echolocation,/mnt/ubna_data_01_mir/recover-20220825/UBNA_002/20220823_033000.WAV,Telephone Field,recover-20220825,002,1795
1781.3585,1781.365,28046,39998,Eptesicus serotinus,0.006,0.026,-1,Echolocation,/mnt/ubna_data_01_mir/recover-20220825/UBNA_002/20220823_033000.WAV,Telephone Field,recover-20220825,002,1795
1781.3895,1781.3984,41796,48227,Pipistrellus nathusii,0.163,0.245,-1,Echolocation,/mnt/ubna_data_01_mir/recover-20220825/UBNA_002/20220823_033000.WAV,Telephone Field,recover-20220825,002,1795
1781.3915,1781.3965,31484,72252,Myotis brandtii,0.029,0.05,-1,Echolocation,/mnt/ubna_data_01_mir/recover-20220825/UBNA_002/20220823_033000.WAV,Telephone Field,recover-20220825,002,1795
1781.4625,1781.4706,45234,54991,Pipistrellus pipistrellus,0.022,0.028,-1,Echolocation,/mnt/ubna_data_01_mir/recover-20220825/UBNA_002/20220823_033000.WAV,Telephone Field,recover-20220825,002,1795
1781.4655,1781.4712,35781,52825,Myotis brandtii,0.011,0.025,-1,Echolocation,/mnt/ubna_data_01_mir/recover-20220825/UBNA_002/20220823_033000.WAV,Telephone Field,recover-20220825,002,1795
1781.5005,1781.5085,54687,63721,Pipistrellus pygmaeus,0.029,0.029,-1,Echolocation,/mnt/ubna_data_01_mir/recover-20220825/UBNA_002/20220823_033000.WAV,Telephone Field,recover-20220825,002,1795
1781.5285,1781.5391,34062,39473,Pipistrellus nathusii,0.012,0.027,-1,Echolocation,/mnt/ubna_data_01_mir/recover-20220825/UBNA_002/20220823_033000.WAV,Telephone Field,recover-20220825,002,1795
1781.5285,1781.5374,28046,37207,Eptesicus serotinus,0.009,0.025,-1,Echolocation,/mnt/ubna_data_01_mir/recover-20220825/UBNA_002/20220823_033000.WAV,Telephone Field,recover-20220825,002,1795
1781.5455,1781.5511,37500,59523,Myotis brandtii,0.014,0.027,-1,Echolocation,/mnt/ubna_data_01_mir/recover-20220825/UBNA_002/20220823_033000.WAV,Telephone Field,recover-20220825,002,1795
1781.5575,1781.5644,22890,31917,Plecotus auritus,0.01,0.025,-1,Echolocation,/mnt/ubna_data_01_mir/recover-20220825/UBNA_002/20220823_033000.WAV,Telephone Field,recover-20220825,002,1795
1781.5685,1781.6115,68437,82862,Rhinolophus ferrumequinum,0.041,0.041,-1,Echolocation,/mnt/ubna_data_01_mir/recover-20220825/UBNA_002/20220823_033000.WAV,Telephone Field,recover-20220825,002,1795
1781.5785,1781.5861,48671,55126,Pipistrellus pipistrellus,0.027,0.031,-1,Echolocation,/mnt/ubna_data_01_mir/recover-20220825/UBNA_002/20220823_033000.WAV,Telephone Field,recover-20220825,002,1795
1781.6035,1781.6087,37500,59906,Myotis brandtii,0.014,0.036,-1,Echolocation,/mnt/ubna_data_01_mir/recover-20220825/UBNA_002/20220823_033000.WAV,Telephone Field,recover-20220825,002,1795
1781.6185,1781.6238,36640,51605,Myotis brandtii,0.009,0.025,-1,Echolocation,/mnt/ubna_data_01_mir/recover-20220825/UBNA_002/20220823_033000.WAV,Telephone Field,recover-20220825,002,1795
1781.6185,1781.626,28046,41728,Eptesicus serotinus,0.008,0.025,-1,Echolocation,/mnt/ubna_data_01_mir/recover-20220825/UBNA_002/20220823_033000.WAV,Telephone Field,recover-20220825,002,1795
1781.6545,1781.6618,57265,64274,Pipistrellus pygmaeus,0.034,0.035,-1,Echolocation,/mnt/ubna_data_01_mir/recover-20220825/UBNA_002/20220823_033000.WAV,Telephone Field,recover-20220825,002,1795
1781.6575,1781.6958,68437,83172,Rhinolophus ferrumequinum,0.027,0.027,-1,Echolocation,/mnt/ubna_data_01_mir/recover-20220825/UBNA_002/20220823_033000.WAV,Telephone Field,recover-20220825,002,1795
1781.6755,1781.6844,27187,38679,Eptesicus serotinus,0.012,0.028,-1,Echolocation,/mnt/ubna_data_01_mir/recover-20220825/UBNA_002/20220823_033000.WAV,Telephone Field,recover-20220825,002,1795
1781.7265,1781.7327,34921,57314,Myotis brandtii,0.014,0.026,-1,Echolocation,/mnt/ubna_data_01_mir/recover-20220825/UBNA_002/20220823_033000.WAV,Telephone Field,recover-20220825,002,1795
1781.7615,1781.7685,37500,46562,Myotis brandtii,0.008,0.026,-1,Echolocation,/mnt/ubna_data_01_mir/recover-20220825/UBNA_002/20220823_033000.WAV,Telephone Field,recover-20220825,002,1795
1781.7745,1781.815,68437,82974,Rhinolophus ferrumequinum,0.025,0.025,-1,Echolocation,/mnt/ubna_data_01_mir/recover-20220825/UBNA_002/20220823_033000.WAV,Telephone Field,recover-20220825,002,1795
1781.7755,1781.7866,27187,33025,Eptesicus serotinus,0.013,0.033,-1,Echolocation,/mnt/ubna_data_01_mir/recover-20220825/UBNA_002/20220823_033000.WAV,Telephone Field,recover-20220825,002,1795
1781.7795,1781.785,33203,61970,Myotis brandtii,0.017,0.03,-1,Echolocation,/mnt/ubna_data_01_mir/recover-20220825/UBNA_002/20220823_033000.WAV,Telephone Field,recover-20220825,002,1795
1781.7795,1781.7876,42656,50540,Pipistrellus nathusii,0.036,0.064,-1,Echolocation,/mnt/ubna_data_01_mir/recover-20220825/UBNA_002/20220823_033000.WAV,Telephone Field,recover-20220825,002,1795
1781.8345,1781.8413,24609,38399,Myotis nattereri,0.007,0.026,-1,Echolocation,/mnt/ubna_data_01_mir/recover-20220825/UBNA_002/20220823_033000.WAV,Telephone Field,recover-20220825,002,1795
1781.8505,1781.8565,40937,52047,Myotis brandtii,0.013,0.052,-1,Echolocation,/mnt/ubna_data_01_mir/recover-20220825/UBNA_002/20220823_033000.WAV,Telephone Field,recover-20220825,002,1795
1781.9055,1781.9111,35781,53137,Myotis brandtii,0.012,0.025,-1,Echolocation,/mnt/ubna_data_01_mir/recover-20220825/UBNA_002/20220823_033000.WAV,Telephone Field,recover-20220825,002,1795
1781.9215,1781.9275,47812,56435,Pipistrellus pipistrellus,0.023,0.028,-1,Echolocation,/mnt/ubna_data_01_mir/recover-20220825/UBNA_002/20220823_033000.WAV,Telephone Field,recover-20220825,002,1795
1781.9825,1781.9881,36640,53648,Myotis brandtii,0.009,0.024,-1,Echolocation,/mnt/ubna_data_01_mir/recover-20220825/UBNA_002/20220823_033000.WAV,Telephone Field,recover-20220825,002,1795
1781.9825,1781.9914,44375,54528,Pipistrellus pipistrellus,0.013,0.026,-1,Echolocation,/mnt/ubna_data_01_mir/recover-20220825/UBNA_002/20220823_033000.WAV,Telephone Field,recover-20220825,002,1795
1782.0015,1782.0163,49531,53712,Pipistrellus pipistrellus,0.029,0.047,-1,Echolocation,/mnt/ubna_data_01_mir/recover-20220825/UBNA_002/20220823_033000.WAV,Telephone Field,recover-20220825,002,1795
1782.0015,1782.0336,69296,80840,Rhinolophus ferrumequinum,0.03,0.03,-1,Echolocation,/mnt/ubna_data_01_mir/recover-20220825/UBNA_002/20220823_033000.WAV,Telephone Field,recover-20220825,002,1795
1782.0015,1782.0106,22890,29389,Nyctalus leisleri,0.014,0.035,-1,Echolocation,/mnt/ubna_data_01_mir/recover-20220825/UBNA_002/20220823_033000.WAV,Telephone Field,recover-20220825,002,1795
1782.0275,1782.0664,68437,82156,Rhinolophus ferrumequinum,0.023,0.023,-1,Echolocation,/mnt/ubna_data_01_mir/recover-20220825/UBNA_002/20220823_033000.WAV,Telephone Field,recover-20220825,002,1795
1782.0435,1782.0619,16015,19221,Nyctalus noctula,0.032,0.048,-1,Echolocation,/mnt/ubna_data_01_mir/recover-20220825/UBNA_002/20220823_033000.WAV,Telephone Field,recover-20220825,002,1795
1782.0565,1782.089,68437,81158,Rhinolophus ferrumequinum,0.03,0.03,-1,Echolocation,/mnt/ubna_data_01_mir/recover-20220825/UBNA_002/20220823_033000.WAV,Telephone Field,recover-20220825,002,1795
1782.1045,1782.1404,68437,81121,Rhinolophus ferrumequinum,0.022,0.022,-1,Echolocation,/mnt/ubna_data_01_mir/recover-20220825/UBNA_002/20220823_033000.WAV,Telephone Field,recover-20220825,002,1795
1782.1395,1782.1495,24609,30707,Nyctalus leisleri,0.008,0.023,-1,Echolocation,/mnt/ubna_data_01_mir/recover-20220825/UBNA_002/20220823_033000.WAV,Telephone Field,recover-20220825,002,1795
1782.1935,1782.202,25468,32726,Eptesicus serotinus,0.007,0.021,-1,Echolocation,/mnt/ubna_data_01_mir/recover-20220825/UBNA_002/20220823_033000.WAV,Telephone Field,recover-20220825,002,1795
1782.1965,1782.2373,68437,82751,Rhinolophus ferrumequinum,0.032,0.032,-1,Echolocation,/mnt/ubna_data_01_mir/recover-20220825/UBNA_002/20220823_033000.WAV,Telephone Field,recover-20220825,002,1795
1782.2665,1782.2779,23750,29537,Nyctalus leisleri,0.012,0.027,-1,Echolocation,/mnt/ubna_data_01_mir/recover-20220825/UBNA_002/20220823_033000.WAV,Telephone Field,recover-20220825,002,1795
1782.2805,1782.3197,68437,82021,Rhinolophus ferrumequinum,0.022,0.022,-1,Echolocation,/mnt/ubna_data_01_mir/recover-20220825/UBNA_002/20220823_033000.WAV,Telephone Field,recover-20220825,002,1795
1782.3075,1782.3468,68437,82231,Rhinolophus ferrumequinum,0.021,0.021,-1,Echolocation,/mnt/ubna_data_01_mir/recover-20220825/UBNA_002/20220823_033000.WAV,Telephone Field,recover-20220825,002,1795
1782.3225,1782.3303,27187,37864,Eptesicus serotinus,0.008,0.021,-1,Echolocation,/mnt/ubna_data_01_mir/recover-20220825/UBNA_002/20220823_033000.WAV,Telephone Field,recover-20220825,002,1795
1782.3385,1782.3773,68437,82403,Rhinolophus ferrumequinum,0.023,0.023,-1,Echolocation,/mnt/ubna_data_01_mir/recover-20220825/UBNA_002/20220823_033000.WAV,Telephone Field,recover-20220825,002,1795
1782.3475,1782.3566,28046,34894,Eptesicus serotinus,0.01,0.022,-1,Echolocation,/mnt/ubna_data_01_mir/recover-20220825/UBNA_002/20220823_033000.WAV,Telephone Field,recover-20220825,002,1795
1782.3945,1782.4327,68437,82582,Rhinolophus ferrumequinum,0.026,0.026,-1,Echolocation,/mnt/ubna_data_01_mir/recover-20220825/UBNA_002/20220823_033000.WAV,Telephone Field,recover-20220825,002,1795
1782.4675,1782.5075,68437,82516,Rhinolophus ferrumequinum,0.021,0.021,-1,Echolocation,/mnt/ubna_data_01_mir/recover-20220825/UBNA_002/20220823_033000.WAV,Telephone Field,recover-20220825,002,1795
1782.4805,1782.4883,28046,46772,Eptesicus serotinus,0.008,0.022,-1,Echolocation,/mnt/ubna_data_01_mir/recover-20220825/UBNA_002/20220823_033000.WAV,Telephone Field,recover-20220825,002,1795
1782.5095,1782.5512,68437,82386,Rhinolophus ferrumequinum,0.021,0.021,-1,Echolocation,/mnt/ubna_data_01_mir/recover-20220825/UBNA_002/20220823_033000.WAV,Telephone Field,recover-20220825,002,1795
1782.5115,1782.5214,22890,29705,Nyctalus leisleri,0.008,0.022,-1,Echolocation,/mnt/ubna_data_01_mir/recover-20220825/UBNA_002/20220823_033000.WAV,Telephone Field,recover-20220825,002,1795
1782.5655,1782.6077,68437,82162,Rhinolophus ferrumequinum,0.023,0.023,-1,Echolocation,/mnt/ubna_data_01_mir/recover-20220825/UBNA_002/20220823_033000.WAV,Telephone Field,recover-20220825,002,1795
1782.5925,1782.602,28046,36535,Eptesicus serotinus,0.011,0.025,-1,Echolocation,/mnt/ubna_data_01_mir/recover-20220825/UBNA_002/20220823_033000.WAV,Telephone Field,recover-20220825,002,1795
1782.6045,1782.613,28046,39682,Eptesicus serotinus,0.007,0.021,-1,Echolocation,/mnt/ubna_data_01_mir/recover-20220825/UBNA_002/20220823_033000.WAV,Telephone Field,recover-20220825,002,1795
1782.6095,1782.6478,68437,81658,Rhinolophus ferrumequinum,0.022,0.022,-1,Echolocation,/mnt/ubna_data_01_mir/recover-20220825/UBNA_002/20220823_033000.WAV,Telephone Field,recover-20220825,002,1795
1782.6415,1782.6489,24609,34639,Plecotus austriacus,0.012,0.033,-1,Echolocation,/mnt/ubna_data_01_mir/recover-20220825/UBNA_002/20220823_033000.WAV,Telephone Field,recover-20220825,002,1795
1782.6865,1782.6935,23750,32704,Plecotus austriacus,0.009,0.021,-1,Echolocation,/mnt/ubna_data_01_mir/recover-20220825/UBNA_002/20220823_033000.WAV,Telephone Field,recover-20220825,002,1795
1782.7045,1782.7463,68437,82819,Rhinolophus ferrumequinum,0.027,0.027,-1,Echolocation,/mnt/ubna_data_01_mir/recover-20220825/UBNA_002/20220823_033000.WAV,Telephone Field,recover-20220825,002,1795
1782.7355,1782.7454,47812,54618,Pipistrellus pipistrellus,0.022,0.028,-1,Echolocation,/mnt/ubna_data_01_mir/recover-20220825/UBNA_002/20220823_033000.WAV,Telephone Field,recover-20220825,002,1795
1782.7425,1782.75,27187,41247,Eptesicus serotinus,0.009,0.024,-1,Echolocation,/mnt/ubna_data_01_mir/recover-20220825/UBNA_002/20220823_033000.WAV,Telephone Field,recover-20220825,002,1795
1782.7935,1782.8338,68437,82064,Rhinolophus ferrumequinum,0.028,0.028,-1,Echolocation,/mnt/ubna_data_01_mir/recover-20220825/UBNA_002/20220823_033000.WAV,Telephone Field,recover-20220825,002,1795
1782.8385,1782.8773,68437,81631,Rhinolophus ferrumequinum,0.025,0.025,-1,Echolocation,/mnt/ubna_data_01_mir/recover-20220825/UBNA_002/20220823_033000.WAV,Telephone Field,recover-20220825,002,1795
1782.8505,1782.8913,68437,82638,Rhinolophus ferrumequinum,0.022,0.022,-1,Echolocation,/mnt/ubna_data_01_mir/recover-20220825/UBNA_002/20220823_033000.WAV,Telephone Field,recover-20220825,002,1795
1782.8555,1782.8637,44375,49746,Pipistrellus pipistrellus,0.021,0.025,-1,Echolocation,/mnt/ubna_data_01_mir/recover-20220825/UBNA_002/20220823_033000.WAV,Telephone Field,recover-20220825,002,1795
1782.8785,1782.9179,68437,81875,Rhinolophus ferrumequinum,0.022,0.022,-1,Echolocation,/mnt/ubna_data_01_mir/recover-20220825/UBNA_002/20220823_033000.WAV,Telephone Field,recover-20220825,002,1795
1782.8815,1782.895,38359,42455,Pipistrellus nathusii,0.021,0.033,-1,Echolocation,/mnt/ubna_data_01_mir/recover-20220825/UBNA_002/20220823_033000.WAV,Telephone Field,recover-20220825,002,1795
1782.9095,1782.9522,68437,83015,Rhinolophus ferrumequinum,0.025,0.025,-1,Echolocation,/mnt/ubna_data_01_mir/recover-20220825/UBNA_002/20220823_033000.WAV,Telephone Field,recover-20220825,002,1795
1782.9095,1782.9203,23750,29548,Nyctalus leisleri,0.009,0.021,-1,Echolocation,/mnt/ubna_data_01_mir/recover-20220825/UBNA_002/20220823_033000.WAV,Telephone Field,recover-20220825,002,1795
1782.9175,1782.9242,28046,38861,Eptesicus serotinus,0.007,0.024,-1,Echolocation,/mnt/ubna_data_01_mir/recover-20220825/UBNA_002/20220823_033000.WAV,Telephone Field,recover-20220825,002,1795
1782.9335,1782.9684,68437,80703,Rhinolophus ferrumequinum,0.024,0.024,-1,Echolocation,/mnt/ubna_data_01_mir/recover-20220825/UBNA_002/20220823_033000.WAV,Telephone Field,recover-20220825,002,1795
1782.9465,1782.9571,44375,52713,Pipistrellus pipistrellus,0.028,0.04,-1,Echolocation,/mnt/ubna_data_01_mir/recover-20220825/UBNA_002/20220823_033000.WAV,Telephone Field,recover-20220825,002,1795
1782.9485,1782.961,22031,25799,Nyctalus leisleri,0.013,0.021,-1,Echolocation,/mnt/ubna_data_01_mir/recover-20220825/UBNA_002/20220823_033000.WAV,Telephone Field,recover-20220825,002,1795
1782.9615,1782.9704,50390,54954,Pipistrellus pipistrellus,0.038,0.05,-1,Echolocation,/mnt/ubna_data_01_mir/recover-20220825/UBNA_002/20220823_033000.WAV,Telephone Field,recover-20220825,002,1795
1782.9645,1783.006,68437,82672,Rhinolophus ferrumequinum,0.032,0.032,-1,Echolocation,/mnt/ubna_data_01_mir/recover-20220825/UBNA_002/20220823_033000.WAV,Telephone Field,recover-20220825,002,1795
1782.9655,1782.9738,28046,37203,Eptesicus serotinus,0.007,0.021,-1,Echolocation,/mnt/ubna_data_01_mir/recover-20220825/UBNA_002/20220823_033000.WAV,Telephone Field,recover-20220825,002,1795
1782.9805,1782.9883,37500,47378,Myotis daubentonii,0.005,0.021,-1,Echolocation,/mnt/ubna_data_01_mir/recover-20220825/UBNA_002/20220823_033000.WAV,Telephone Field,recover-20220825,002,1795
1782.9825,1782.9896,27187,41988,Eptesicus serotinus,0.008,0.024,-1,Echolocation,/mnt/ubna_data_01_mir/recover-20220825/UBNA_002/20220823_033000.WAV,Telephone Field,recover-20220825,002,1795
1782.9945,1783.0353,68437,82296,Rhinolophus ferrumequinum,0.023,0.023,-1,Echolocation,/mnt/ubna_data_01_mir/recover-20220825/UBNA_002/20220823_033000.WAV,Telephone Field,recover-20220825,002,1795
1783.0125,1783.0493,68437,82444,Rhinolophus ferrumequinum,0.054,0.054,-1,Echolocation,/mnt/ubna_data_01_mir/recover-20220825/UBNA_002/20220823_033000.WAV,Telephone Field,recover-20220825,002,1795
1783.0285,1783.0355,28046,39031,Eptesicus serotinus,0.007,0.021,-1,Echolocation,/mnt/ubna_data_01_mir/recover-20220825/UBNA_002/20220823_033000.WAV,Telephone Field,recover-20220825,002,1795
1783.0625,1783.1026,68437,82592,Rhinolophus ferrumequinum,0.022,0.022,-1,Echolocation,/mnt/ubna_data_01_mir/recover-20220825/UBNA_002/20220823_033000.WAV,Telephone Field,recover-20220825,002,1795
1783.0735,1783.1089,68437,81804,Rhinolophus ferrumequinum,0.021,0.021,-1,Echolocation,/mnt/ubna_data_01_mir/recover-20220825/UBNA_002/20220823_033000.WAV,Telephone Field,recover-20220825,002,1795
1783.1045,1783.113,35781,42446,Barbastellus barbastellus,0.011,0.027,-1,Echolocation,/mnt/ubna_data_01_mir/recover-20220825/UBNA_002/20220823_033000.WAV,Telephone Field,recover-20220825,002,1795
1783.1065,1783.1142,27187,37595,Eptesicus serotinus,0.008,0.024,-1,Echolocation,/mnt/ubna_data_01_mir/recover-20220825/UBNA_002/20220823_033000.WAV,Telephone Field,recover-20220825,002,1795
1783.1425,1783.1785,68437,81548,Rhinolophus ferrumequinum,0.021,0.021,-1,Echolocation,/mnt/ubna_data_01_mir/recover-20220825/UBNA_002/20220823_033000.WAV,Telephone Field,recover-20220825,002,1795
1783.1505,1783.1571,13437,30932,Plecotus auritus,0.022,0.024,-1,Echolocation,/mnt/ubna_data_01_mir/recover-20220825/UBNA_002/20220823_033000.WAV,Telephone Field,recover-20220825,002,1795
1783.2045,1783.2154,24609,30436,Eptesicus serotinus,0.009,0.023,-1,Echolocation,/mnt/ubna_data_01_mir/recover-20220825/UBNA_002/20220823_033000.WAV,Telephone Field,recover-20220825,002,1795
1783.2185,1783.256,68437,81483,Rhinolophus ferrumequinum,0.022,0.022,-1,Echolocation,/mnt/ubna_data_01_mir/recover-20220825/UBNA_002/20220823_033000.WAV,Telephone Field,recover-20220825,002,1795
1783.2265,1783.2332,27187,38429,Eptesicus serotinus,0.007,0.022,-1,Echolocation,/mnt/ubna_data_01_mir/recover-20220825/UBNA_002/20220823_033000.WAV,Telephone Field,recover-20220825,002,1795
1783.2645,1783.2738,28046,39300,Eptesicus serotinus,0.018,0.035,-1,Echolocation,/mnt/ubna_data_01_mir/recover-20220825/UBNA_002/20220823_033000.WAV,Telephone Field,recover-20220825,002,1795
1783.2855,1783.3205,68437,82661,Rhinolophus ferrumequinum,0.029,0.029,-1,Echolocation,/mnt/ubna_data_01_mir/recover-20220825/UBNA_002/20220823_033000.WAV,Telephone Field,recover-20220825,002,1795
1783.2955,1783.3331,68437,82120,Rhinolophus ferrumequinum,0.024,0.024,-1,Echolocation,/mnt/ubna_data_01_mir/recover-20220825/UBNA_002/20220823_033000.WAV,Telephone Field,recover-20220825,002,1795
1783.3205,1783.3289,27187,38787,Eptesicus serotinus,0.008,0.023,-1,Echolocation,/mnt/ubna_data_01_mir/recover-20220825/UBNA_002/20220823_033000.WAV,Telephone Field,recover-20220825,002,1795
1783.3395,1783.3478,23750,31722,Plecotus austriacus,0.006,0.021,-1,Echolocation,/mnt/ubna_data_01_mir/recover-20220825/UBNA_002/20220823_033000.WAV,Telephone Field,recover-20220825,002,1795
1783.3795,1783.4219,68437,83597,Rhinolophus ferrumequinum,0.029,0.029,-1,Echolocation,/mnt/ubna_data_01_mir/recover-20220825/UBNA_002/20220823_033000.WAV,Telephone Field,recover-20220825,002,1795
1783.3835,1783.3931,21171,28099,Plecotus austriacus,0.011,0.033,-1,Echolocation,/mnt/ubna_data_01_mir/recover-20220825/UBNA_002/20220823_033000.WAV,Telephone Field,recover-20220825,002,1795
1783.4105,1783.4475,68437,82215,Rhinolophus ferrumequinum,0.024,0.024,-1,Echolocation,/mnt/ubna_data_01_mir/recover-20220825/UBNA_002/20220823_033000.WAV,Telephone Field,recover-20220825,002,1795
1783.4515,1783.46,27187,41610,Eptesicus serotinus,0.008,0.022,-1,Echolocation,/mnt/ubna_data_01_mir/recover-20220825/UBNA_002/20220823_033000.WAV,Telephone Field,recover-20220825,002,1795
1783.5355,1783.5457,23750,30545,Nyctalus leisleri,0.008,0.022,-1,Echolocation,/mnt/ubna_data_01_mir/recover-20220825/UBNA_002/20220823_033000.WAV,Telephone Field,recover-20220825,002,1795
1783.5515,1783.5922,68437,82641,Rhinolophus ferrumequinum,0.023,0.023,-1,Echolocation,/mnt/ubna_data_01_mir/recover-20220825/UBNA_002/20220823_033000.WAV,Telephone Field,recover-20220825,002,1795
1783.5525,1783.5642,28046,34842,Eptesicus serotinus,0.014,0.027,-1,Echolocation,/mnt/ubna_data_01_mir/recover-20220825/UBNA_002/20220823_033000.WAV,Telephone Field,recover-20220825,002,1795
1783.5745,1783.6158,68437,82869,Rhinolophus ferrumequinum,0.027,0.027,-1,Echolocation,/mnt/ubna_data_01_mir/recover-20220825/UBNA_002/20220823_033000.WAV,Telephone Field,recover-20220825,002,1795
1783.6335,1783.6425,28906,38569,Eptesicus serotinus,0.008,0.022,-1,Echolocation,/mnt/ubna_data_01_mir/recover-20220825/UBNA_002/20220823_033000.WAV,Telephone Field,recover-20220825,002,1795
1783.6465,1783.6842,68437,82200,Rhinolophus ferrumequinum,0.024,0.024,-1,Echolocation,/mnt/ubna_data_01_mir/recover-20220825/UBNA_002/20220823_033000.WAV,Telephone Field,recover-20220825,002,1795
1783.6565,1783.694,68437,81945,Rhinolophus ferrumequinum,0.021,0.021,-1,Echolocation,/mnt/ubna_data_01_mir/recover-20220825/UBNA_002/20220823_033000.WAV,Telephone Field,recover-20220825,002,1795
1783.6905,1783.6971,28046,41222,Eptesicus serotinus,0.007,0.027,-1,Echolocation,/mnt/ubna_data_01_mir/recover-20220825/UBNA_002/20220823_033000.WAV,Telephone Field,recover-20220825,002,1795
1783.7345,1783.7425,28046,37806,Eptesicus serotinus,0.01,0.028,-1,Echolocation,/mnt/ubna_data_01_mir/recover-20220825/UBNA_002/20220823_033000.WAV,Telephone Field,recover-20220825,002,1795
1783.7595,1783.7995,68437,82167,Rhinolophus ferrumequinum,0.023,0.023,-1,Echolocation,/mnt/ubna_data_01_mir/recover-20220825/UBNA_002/20220823_033000.WAV,Telephone Field,recover-20220825,002,1795
1783.8695,1783.9123,68437,82685,Rhinolophus ferrumequinum,0.031,0.031,-1,Echolocation,/mnt/ubna_data_01_mir/recover-20220825/UBNA_002/20220823_033000.WAV,Telephone Field,recover-20220825,002,1795
1783.8705,1783.8778,26328,39193,Eptesicus serotinus,0.007,0.021,-1,Echolocation,/mnt/ubna_data_01_mir/recover-20220825/UBNA_002/20220823_033000.WAV,Telephone Field,recover-20220825,002,1795
1783.8815,1783.9216,68437,82120,Rhinolophus ferrumequinum,0.021,0.021,-1,Echolocation,/mnt/ubna_data_01_mir/recover-20220825/UBNA_002/20220823_033000.WAV,Telephone Field,recover-20220825,002,1795
1783.8885,1783.8958,28046,36759,Eptesicus serotinus,0.009,0.026,-1,Echolocation,/mnt/ubna_data_01_mir/recover-20220825/UBNA_002/20220823_033000.WAV,Telephone Field,recover-20220825,002,1795
1783.8965,1783.9333,68437,81509,Rhinolophus ferrumequinum,0.022,0.022,-1,Echolocation,/mnt/ubna_data_01_mir/recover-20220825/UBNA_002/20220823_033000.WAV,Telephone Field,recover-20220825,002,1795
1783.9825,1783.9917,35781,45517,Myotis daubentonii,0.006,0.023,-1,Echolocation,/mnt/ubna_data_01_mir/recover-20220825/UBNA_002/20220823_033000.WAV,Telephone Field,recover-20220825,002,1795
1784.0015,1784.0103,22890,30032,Nyctalus leisleri,0.008,0.026,-1,Echolocation,/mnt/ubna_data_01_mir/recover-20220825/UBNA_002/20220823_033000.WAV,Telephone Field,recover-20220825,002,1795
1784.0145,1784.0243,23750,31031,Nyctalus leisleri,0.012,0.034,-1,Echolocation,/mnt/ubna_data_01_mir/recover-20220825/UBNA_002/20220823_033000.WAV,Telephone Field,recover-20220825,002,1795
1784.0145,1784.0528,68437,82753,Rhinolophus ferrumequinum,0.023,0.023,-1,Echolocation,/mnt/ubna_data_01_mir/recover-20220825/UBNA_002/20220823_033000.WAV,Telephone Field,recover-20220825,002,1795
1784.0215,1784.0324,37500,42690,Pipistrellus nathusii,0.021,0.034,-1,Echolocation,/mnt/ubna_data_01_mir/recover-20220825/UBNA_002/20220823_033000.WAV,Telephone Field,recover-20220825,002,1795
1784.0705,1784.1111,68437,82365,Rhinolophus ferrumequinum,0.03,0.03,-1,Echolocation,/mnt/ubna_data_01_mir/recover-20220825/UBNA_002/20220823_033000.WAV,Telephone Field,recover-20220825,002,1795
1784.0785,1784.1174,68437,82260,Rhinolophus ferrumequinum,0.025,0.025,-1,Echolocation,/mnt/ubna_data_01_mir/recover-20220825/UBNA_002/20220823_033000.WAV,Telephone Field,recover-20220825,002,1795
1784.0805,1784.089,34921,43317,Barbastellus barbastellus,0.007,0.022,-1,Echolocation,/mnt/ubna_data_01_mir/recover-20220825/UBNA_002/20220823_033000.WAV,Telephone Field,recover-20220825,002,1795
1784.1195,1784.1268,50390,57246,Pipistrellus pipistrellus,0.024,0.027,-1,Echolocation,/mnt/ubna_data_01_mir/recover-20220825/UBNA_002/20220823_033000.WAV,Telephone Field,recover-20220825,002,1795
1784.1215,1784.1564,68437,81126,Rhinolophus ferrumequinum,0.023,0.023,-1,Echolocation,/mnt/ubna_data_01_mir/recover-20220825/UBNA_002/20220823_033000.WAV,Telephone Field,recover-20220825,002,1795
1784.2015,1784.2406,68437,81769,Rhinolophus ferrumequinum,0.026,0.026,-1,Echolocation,/mnt/ubna_data_01_mir/recover-20220825/UBNA_002/20220823_033000.WAV,Telephone Field,recover-20220825,002,1795
1784.2195,1784.2563,68437,82237,Rhinolophus ferrumequinum,0.024,0.024,-1,Echolocation,/mnt/ubna_data_01_mir/recover-20220825/UBNA_002/20220823_033000.WAV,Telephone Field,recover-20220825,002,1795
1784.2345,1784.272,68437,81786,Rhinolophus ferrumequinum,0.028,0.028,-1,Echolocation,/mnt/ubna_data_01_mir/recover-20220825/UBNA_002/20220823_033000.WAV,Telephone Field,recover-20220825,002,1795
1784.2365,1784.2446,45234,50951,Pipistrellus pipistrellus,0.026,0.028,-1,Echolocation,/mnt/ubna_data_01_mir/recover-20220825/UBNA_002/20220823_033000.WAV,Telephone Field,recover-20220825,002,1795
1784.2705,1784.307,68437,81835,Rhinolophus ferrumequinum,0.022,0.022,-1,Echolocation,/mnt/ubna_data_01_mir/recover-20220825/UBNA_002/20220823_033000.WAV,Telephone Field,recover-20220825,002,1795
1784.2725,1784.282,27187,37364,Eptesicus serotinus,0.009,0.022,-1,Echolocation,/mnt/ubna_data_01_mir/recover-20220825/UBNA_002/20220823_033000.WAV,Telephone Field,recover-20220825,002,1795
1784.2725,1784.2811,44375,52658,Pipistrellus pipistrellus,0.015,0.024,-1,Echolocation,/mnt/ubna_data_01_mir/recover-20220825/UBNA_002/20220823_033000.WAV,Telephone Field,recover-20220825,002,1795
1784.2925,1784.3313,68437,82201,Rhinolophus ferrumequinum,0.022,0.022,-1,Echolocation,/mnt/ubna_data_01_mir/recover-20220825/UBNA_002/20220823_033000.WAV,Telephone Field,recover-20220825,002,1795
1784.3125,1784.3193,27187,37148,Eptesicus serotinus,0.01,0.032,-1,Echolocation,/mnt/ubna_data_01_mir/recover-20220825/UBNA_002/20220823_033000.WAV,Telephone Field,recover-20220825,002,1795
1784.3715,1784.412,68437,83464,Rhinolophus ferrumequinum,0.032,0.032,-1,Echolocation,/mnt/ubna_data_01_mir/recover-20220825/UBNA_002/20220823_033000.WAV,Telephone Field,recover-20220825,002,1795
1784.3855,1784.3932,28046,39934,Eptesicus serotinus,0.007,0.022,-1,Echolocation,/mnt/ubna_data_01_mir/recover-20220825/UBNA_002/20220823_033000.WAV,Telephone Field,recover-20220825,002,1795
1784.4025,1784.4133,27187,35135,Eptesicus serotinus,0.012,0.028,-1,Echolocation,/mnt/ubna_data_01_mir/recover-20220825/UBNA_002/20220823_033000.WAV,Telephone Field,recover-20220825,002,1795
1784.4055,1784.4382,68437,80611,Rhinolophus ferrumequinum,0.038,0.038,-1,Echolocation,/mnt/ubna_data_01_mir/recover-20220825/UBNA_002/20220823_033000.WAV,Telephone Field,recover-20220825,002,1795
1784.4375,1784.474,68437,81810,Rhinolophus ferrumequinum,0.023,0.023,-1,Echolocation,/mnt/ubna_data_01_mir/recover-20220825/UBNA_002/20220823_033000.WAV,Telephone Field,recover-20220825,002,1795
1784.4515,1784.4636,22031,26314,Nyctalus leisleri,0.013,0.023,-1,Echolocation,/mnt/ubna_data_01_mir/recover-20220825/UBNA_002/20220823_033000.WAV,Telephone Field,recover-20220825,002,1795
1784.4675,1784.5039,68437,81390,Rhinolophus ferrumequinum,0.025,0.025,-1,Echolocation,/mnt/ubna_data_01_mir/recover-20220825/UBNA_002/20220823_033000.WAV,Telephone Field,recover-20220825,002,1795
1784.5035,1784.5118,25468,34179,Eptesicus serotinus,0.007,0.025,-1,Echolocation,/mnt/ubna_data_01_mir/recover-20220825/UBNA_002/20220823_033000.WAV,Telephone Field,recover-20220825,002,1795
1784.5105,1784.5212,22890,28072,Nyctalus leisleri,0.011,0.023,-1,Echolocation,/mnt/ubna_data_01_mir/recover-20220825/UBNA_002/20220823_033000.WAV,Telephone Field,recover-20220825,002,1795
1784.5235,1784.5648,68437,83025,Rhinolophus ferrumequinum,0.032,0.032,-1,Echolocation,/mnt/ubna_data_01_mir/recover-20220825/UBNA_002/20220823_033000.WAV,Telephone Field,recover-20220825,002,1795
1784.5385,1784.5705,68437,80901,Rhinolophus ferrumequinum,0.022,0.022,-1,Echolocation,/mnt/ubna_data_01_mir/recover-20220825/UBNA_002/20220823_033000.WAV,Telephone Field,recover-20220825,002,1795
1784.5655,1784.6068,68437,82827,Rhinolophus ferrumequinum,0.029,0.029,-1,Echolocation,/mnt/ubna_data_01_mir/recover-20220825/UBNA_002/20220823_033000.WAV,Telephone Field,recover-20220825,002,1795
1784.5805,1784.623,68437,83150,Rhinolophus ferrumequinum,0.035,0.035,-1,Echolocation,/mnt/ubna_data_01_mir/recover-20220825/UBNA_002/20220823_033000.WAV,Telephone Field,recover-20220825,002,1795
1784.6215,1784.6618,68437,82305,Rhinolophus ferrumequinum,0.022,0.022,-1,Echolocation,/mnt/ubna_data_01_mir/recover-20220825/UBNA_002/20220823_033000.WAV,Telephone Field,recover-20220825,002,1795
1784.6585,1784.6969,68437,81575,Rhinolophus ferrumequinum,0.026,0.026,-1,Echolocation,/mnt/ubna_data_01_mir/recover-20220825/UBNA_002/20220823_033000.WAV,Telephone Field,recover-20220825,002,1795
1784.6755,1784.7173,68437,82849,Rhinolophus ferrumequinum,0.022,0.022,-1,Echolocation,/mnt/ubna_data_01_mir/recover-20220825/UBNA_002/20220823_033000.WAV,Telephone Field,recover-20220825,002,1795
1784.6905,1784.7287,68437,82132,Rhinolophus ferrumequinum,0.022,0.022,-1,Echolocation,/mnt/ubna_data_01_mir/recover-20220825/UBNA_002/20220823_033000.WAV,Telephone Field,recover-20220825,002,1795
1784.6955,1784.7048,28046,35895,Eptesicus serotinus,0.01,0.023,-1,Echolocation,/mnt/ubna_data_01_mir/recover-20220825/UBNA_002/20220823_033000.WAV,Telephone Field,recover-20220825,002,1795
1784.7075,1784.7149,47812,51655,Pipistrellus pipistrellus,0.03,0.032,-1,Echolocation,/mnt/ubna_data_01_mir/recover-20220825/UBNA_002/20220823_033000.WAV,Telephone Field,recover-20220825,002,1795
1784.7165,1784.7282,23750,28450,Nyctalus leisleri,0.013,0.028,-1,Echolocation,/mnt/ubna_data_01_mir/recover-20220825/UBNA_002/20220823_033000.WAV,Telephone Field,recover-20220825,002,1795
1784.7225,1784.7629,68437,82504,Rhinolophus ferrumequinum,0.022,0.022,-1,Echolocation,/mnt/ubna_data_01_mir/recover-20220825/UBNA_002/20220823_033000.WAV,Telephone Field,recover-20220825,002,1795
1784.7435,1784.7517,28906,39419,Eptesicus serotinus,0.008,0.023,-1,Echolocation,/mnt/ubna_data_01_mir/recover-20220825/UBNA_002/20220823_033000.WAV,Telephone Field,recover-20220825,002,1795
1784.7725,1784.793,19453,22063,Nyctalus noctula,0.019,0.036,-1,Echolocation,/mnt/ubna_data_01_mir/recover-20220825/UBNA_002/20220823_033000.WAV,Telephone Field,recover-20220825,002,1795
1784.7845,1784.7971,34062,39323,Pipistrellus nathusii,0.008,0.022,-1,Echolocation,/mnt/ubna_data_01_mir/recover-20220825/UBNA_002/20220823_033000.WAV,Telephone Field,recover-20220825,002,1795
1784.8475,1784.8871,68437,82455,Rhinolophus ferrumequinum,0.022,0.022,-1,Echolocation,/mnt/ubna_data_01_mir/recover-20220825/UBNA_002/20220823_033000.WAV,Telephone Field,recover-20220825,002,1795
1784.8655,1784.8998,68437,81672,Rhinolophus ferrumequinum,0.026,0.027,-1,Echolocation,/mnt/ubna_data_01_mir/recover-20220825/UBNA_002/20220823_033000.WAV,Telephone Field,recover-20220825,002,1795
1784.8845,1784.9177,68437,81745,Rhinolophus ferrumequinum,0.032,0.032,-1,Echolocation,/mnt/ubna_data_01_mir/recover-20220825/UBNA_002/20220823_033000.WAV,Telephone Field,recover-20220825,002,1795
1784.8955,1784.935,68437,82694,Rhinolophus ferrumequinum,0.025,0.025,-1,Echolocation,/mnt/ubna_data_01_mir/recover-20220825/UBNA_002/20220823_033000.WAV,Telephone Field,recover-20220825,002,1795
1784.8995,1784.9071,26328,34852,Eptesicus serotinus,0.007,0.022,-1,Echolocation,/mnt/ubna_data_01_mir/recover-20220825/UBNA_002/20220823_033000.WAV,Telephone Field,recover-20220825,002,1795
1784.9205,1784.9299,22890,28655,Nyctalus leisleri,0.009,0.023,-1,Echolocation,/mnt/ubna_data_01_mir/recover-20220825/UBNA_002/20220823_033000.WAV,Telephone Field,recover-20220825,002,1795
1784.9565,1784.9643,27187,40671,Eptesicus serotinus,0.008,0.023,-1,Echolocation,/mnt/ubna_data_01_mir/recover-20220825/UBNA_002/20220823_033000.WAV,Telephone Field,recover-20220825,002,1795
1784.9585,1785.0005,68437,82891,Rhinolophus ferrumequinum,0.029,0.029,-1,Echolocation,/mnt/ubna_data_01_mir/recover-20220825/UBNA_002/20220823_033000.WAV,Telephone Field,recover-20220825,002,1795
1784.9675,1785.005,68437,81705,Rhinolophus ferrumequinum,0.021,0.022,-1,Echolocation,/mnt/ubna_data_01_mir/recover-20220825/UBNA_002/20220823_033000.WAV,Telephone Field,recover-20220825,002,1795
1785.0065,1785.0144,28046,38879,Eptesicus serotinus,0.008,0.023,-1,Echolocation,/mnt/ubna_data_01_mir/recover-20220825/UBNA_002/20220823_033000.WAV,Telephone Field,recover-20220825,002,1795
1785.0075,1785.0447,68437,82909,Rhinolophus ferrumequinum,0.024,0.024,-1,Echolocation,/mnt/ubna_data_01_mir/recover-20220825/UBNA_002/20220823_033000.WAV,Telephone Field,recover-20220825,002,1795
1785.0335,1785.0725,68437,82154,Rhinolophus ferrumequinum,0.03,0.03,-1,Echolocation,/mnt/ubna_data_01_mir/recover-20220825/UBNA_002/20220823_033000.WAV,Telephone Field,recover-20220825,002,1795
1785.0765,1785.1223,68437,83713,Rhinolophus ferrumequinum,0.049,0.049,-1,Echolocation,/mnt/ubna_data_01_mir/recover-20220825/UBNA_002/20220823_033000.WAV,Telephone Field,recover-20220825,002,1795
1785.0965,1785.1363,68437,82578,Rhinolophus ferrumequinum,0.023,0.023,-1,Echolocation,/mnt/ubna_data_01_mir/recover-20220825/UBNA_002/20220823_033000.WAV,Telephone Field,recover-20220825,002,1795
1785.1025,1785.109,28046,39670,Eptesicus serotinus,0.007,0.025,-1,Echolocation,/mnt/ubna_data_01_mir/recover-20220825/UBNA_002/20220823_033000.WAV,Telephone Field,recover-20220825,002,1795
1785.1215,1785.1603,68437,82206,Rhinolophus ferrumequinum,0.021,0.021,-1,Echolocation,/mnt/ubna_data_01_mir/recover-20220825/UBNA_002/20220823_033000.WAV,Telephone Field,recover-20220825,002,1795
1785.1275,1785.1365,27187,35936,Eptesicus serotinus,0.009,0.022,-1,Echolocation,/mnt/ubna_data_01_mir/recover-20220825/UBNA_002/20220823_033000.WAV,Telephone Field,recover-20220825,002,1795
1785.1345,1785.1734,68437,82244,Rhinolophus ferrumequinum,0.023,0.023,-1,Echolocation,/mnt/ubna_data_01_mir/recover-20220825/UBNA_002/20220823_033000.WAV,Telephone Field,recover-20220825,002,1795
1785.1385,1785.147,28046,36693,Eptesicus serotinus,0.009,0.026,-1,Echolocation,/mnt/ubna_data_01_mir/recover-20220825/UBNA_002/20220823_033000.WAV,Telephone Field,recover-20220825,002,1795
1785.1745,1785.2157,68437,82547,Rhinolophus ferrumequinum,0.022,0.022,-1,Echolocation,/mnt/ubna_data_01_mir/recover-20220825/UBNA_002/20220823_033000.WAV,Telephone Field,recover-20220825,002,1795
1785.1875,1785.2009,37500,41495,Pipistrellus nathusii,0.049,0.059,-1,Echolocation,/mnt/ubna_data_01_mir/recover-20220825/UBNA_002/20220823_033000.WAV,Telephone Field,recover-20220825,002,1795
1785.2055,1785.2413,68437,81379,Rhinolophus ferrumequinum,0.022,0.022,-1,Echolocation,/mnt/ubna_data_01_mir/recover-20220825/UBNA_002/20220823_033000.WAV,Telephone Field,recover-20220825,002,1795
1785.2185,1785.2577,68437,82511,Rhinolophus ferrumequinum,0.033,0.033,-1,Echolocation,/mnt/ubna_data_01_mir/recover-20220825/UBNA_002/20220823_033000.WAV,Telephone Field,recover-20220825,002,1795
1785.2455,1785.2849,68437,81970,Rhinolophus ferrumequinum,0.023,0.023,-1,Echolocation,/mnt/ubna_data_01_mir/recover-20220825/UBNA_002/20220823_033000.WAV,Telephone Field,recover-20220825,002,1795
1785.2615,1785.2991,68437,82336,Rhinolophus ferrumequinum,0.023,0.023,-1,Echolocation,/mnt/ubna_data_01_mir/recover-20220825/UBNA_002/20220823_033000.WAV,Telephone Field,recover-20220825,002,1795
1785.2865,1785.324,68437,82330,Rhinolophus ferrumequinum,0.022,0.022,-1,Echolocation,/mnt/ubna_data_01_mir/recover-20220825/UBNA_002/20220823_033000.WAV,Telephone Field,recover-20220825,002,1795
1785.3025,1785.345,68437,82796,Rhinolophus ferrumequinum,0.026,0.026,-1,Echolocation,/mnt/ubna_data_01_mir/recover-20220825/UBNA_002/20220823_033000.WAV,Telephone Field,recover-20220825,002,1795
1785.3195,1785.3273,28046,40503,Eptesicus serotinus,0.007,0.022,-1,Echolocation,/mnt/ubna_data_01_mir/recover-20220825/UBNA_002/20220823_033000.WAV,Telephone Field,recover-20220825,002,1795
1785.3505,1785.3615,22031,27386,Nyctalus leisleri,0.01,0.025,-1,Echolocation,/mnt/ubna_data_01_mir/recover-20220825/UBNA_002/20220823_033000.WAV,Telephone Field,recover-20220825,002,1795
1785.3715,1785.4124,68437,83188,Rhinolophus ferrumequinum,0.027,0.027,-1,Echolocation,/mnt/ubna_data_01_mir/recover-20220825/UBNA_002/20220823_033000.WAV,Telephone Field,recover-20220825,002,1795
1785.4035,1785.4423,68437,82755,Rhinolophus ferrumequinum,0.025,0.025,-1,Echolocation,/mnt/ubna_data_01_mir/recover-20220825/UBNA_002/20220823_033000.WAV,Telephone Field,recover-20220825,002,1795
1785.4105,1785.4192,28906,41661,Eptesicus serotinus,0.009,0.023,-1,Echolocation,/mnt/ubna_data_01_mir/recover-20220825/UBNA_002/20220823_033000.WAV,Telephone Field,recover-20220825,002,1795
1785.4225,1785.4661,68437,83329,Rhinolophus ferrumequinum,0.036,0.036,-1,Echolocation,/mnt/ubna_data_01_mir/recover-20220825/UBNA_002/20220823_033000.WAV,Telephone Field,recover-20220825,002,1795
1785.4485,1785.4866,68437,81455,Rhinolophus ferrumequinum,0.024,0.024,-1,Echolocation,/mnt/ubna_data_01_mir/recover-20220825/UBNA_002/20220823_033000.WAV,Telephone Field,recover-20220825,002,1795
1785.4525,1785.4598,23750,33035,Plecotus austriacus,0.009,0.023,-1,Echolocation,/mnt/ubna_data_01_mir/recover-20220825/UBNA_002/20220823_033000.WAV,Telephone Field,recover-20220825,002,1795
1785.4835,1785.5232,68437,82587,Rhinolophus ferrumequinum,0.032,0.032,-1,Echolocation,/mnt/ubna_data_01_mir/recover-20220825/UBNA_002/20220823_033000.WAV,Telephone Field,recover-20220825,002,1795
1785.5725,1785.6103,68437,82707,Rhinolophus ferrumequinum,0.023,0.023,-1,Echolocation,/mnt/ubna_data_01_mir/recover-20220825/UBNA_002/20220823_033000.WAV,Telephone Field,recover-20220825,002,1795
1785.5875,1785.6251,68437,82247,Rhinolophus ferrumequinum,0.024,0.024,-1,Echolocation,/mnt/ubna_data_01_mir/recover-20220825/UBNA_002/20220823_033000.WAV,Telephone Field,recover-20220825,002,1795
1785.6175,1785.6571,68437,81786,Rhinolophus ferrumequinum,0.023,0.023,-1,Echolocation,/mnt/ubna_data_01_mir/recover-20220825/UBNA_002/20220823_033000.WAV,Telephone Field,recover-20220825,002,1795
1785.6195,1785.6311,22890,28037,Nyctalus leisleri,0.011,0.023,-1,Echolocation,/mnt/ubna_data_01_mir/recover-20220825/UBNA_002/20220823_033000.WAV,Telephone Field,recover-20220825,002,1795
1785.6235,1785.663,68437,82346,Rhinolophus ferrumequinum,0.023,0.024,-1,Echolocation,/mnt/ubna_data_01_mir/recover-20220825/UBNA_002/20220823_033000.WAV,Telephone Field,recover-20220825,002,1795
1785.6295,1785.6368,27187,40072,Eptesicus serotinus,0.007,0.023,-1,Echolocation,/mnt/ubna_data_01_mir/recover-20220825/UBNA_002/20220823_033000.WAV,Telephone Field,recover-20220825,002,1795
1785.6305,1785.667,68437,82456,Rhinolophus ferrumequinum,0.022,0.022,-1,Echolocation,/mnt/ubna_data_01_mir/recover-20220825/UBNA_002/20220823_033000.WAV,Telephone Field,recover-20220825,002,1795
1785.6955,1785.7373,68437,82681,Rhinolophus ferrumequinum,0.025,0.025,-1,Echolocation,/mnt/ubna_data_01_mir/recover-20220825/UBNA_002/20220823_033000.WAV,Telephone Field,recover-20220825,002,1795
1785.7005,1785.7419,68437,82856,Rhinolophus ferrumequinum,0.025,0.025,-1,Echolocation,/mnt/ubna_data_01_mir/recover-20220825/UBNA_002/20220823_033000.WAV,Telephone Field,recover-20220825,002,1795
1785.7335,1785.7433,22890,28394,Nyctalus leisleri,0.009,0.022,-1,Echolocation,/mnt/ubna_data_01_mir/recover-20220825/UBNA_002/20220823_033000.WAV,Telephone Field,recover-20220825,002,1795
1785.7445,1785.7845,68437,82075,Rhinolophus ferrumequinum,0.022,0.022,-1,Echolocation,/mnt/ubna_data_01_mir/recover-20220825/UBNA_002/20220823_033000.WAV,Telephone Field,recover-20220825,002,1795
1785.7565,1785.7949,68437,81785,Rhinolophus ferrumequinum,0.022,0.022,-1,Echolocation,/mnt/ubna_data_01_mir/recover-20220825/UBNA_002/20220823_033000.WAV,Telephone Field,recover-20220825,002,1795
1785.7615,1785.7714,27187,35837,Eptesicus serotinus,0.011,0.023,-1,Echolocation,/mnt/ubna_data_01_mir/recover-20220825/UBNA_002/20220823_033000.WAV,Telephone Field,recover-20220825,002,1795
1785.7735,1785.784,26328,34022,Eptesicus serotinus,0.011,0.023,-1,Echolocation,/mnt/ubna_data_01_mir/recover-20220825/UBNA_002/20220823_033000.WAV,Telephone Field,recover-20220825,002,1795
1785.7825,1785.7942,28046,37268,Eptesicus serotinus,0.012,0.024,-1,Echolocation,/mnt/ubna_data_01_mir/recover-20220825/UBNA_002/20220823_033000.WAV,Telephone Field,recover-20220825,002,1795
1785.7995,1785.84,68437,82695,Rhinolophus ferrumequinum,0.023,0.023,-1,Echolocation,/mnt/ubna_data_01_mir/recover-20220825/UBNA_002/20220823_033000.WAV,Telephone Field,recover-20220825,002,1795
1785.8275,1785.8335,33203,45072,Myotis daubentonii,0.013,0.027,-1,Echolocation,/mnt/ubna_data_01_mir/recover-20220825/UBNA_002/20220823_033000.WAV,Telephone Field,recover-20220825,002,1795
1785.8285,1785.8352,27187,41666,Eptesicus serotinus,0.006,0.025,-1,Echolocation,/mnt/ubna_data_01_mir/recover-20220825/UBNA_002/20220823_033000.WAV,Telephone Field,recover-20220825,002,1795
1785.8385,1785.8488,23750,30404,Nyctalus leisleri,0.009,0.023,-1,Echolocation,/mnt/ubna_data_01_mir/recover-20220825/UBNA_002/20220823_033000.WAV,Telephone Field,recover-20220825,002,1795
1785.8475,1785.8836,68437,82622,Rhinolophus ferrumequinum,0.023,0.023,-1,Echolocation,/mnt/ubna_data_01_mir/recover-20220825/UBNA_002/20220823_033000.WAV,Telephone Field,recover-20220825,002,1795
1785.8725,1785.9122,68437,82488,Rhinolophus ferrumequinum,0.023,0.023,-1,Echolocation,/mnt/ubna_data_01_mir/recover-20220825/UBNA_002/20220823_033000.WAV,Telephone Field,recover-20220825,002,1795
1785.9155,1785.9566,68437,82319,Rhinolophus ferrumequinum,0.023,0.023,-1,Echolocation,/mnt/ubna_data_01_mir/recover-20220825/UBNA_002/20220823_033000.WAV,Telephone Field,recover-20220825,002,1795
1785.9365,1785.9786,68437,82830,Rhinolophus ferrumequinum,0.034,0.034,-1,Echolocation,/mnt/ubna_data_01_mir/recover-20220825/UBNA_002/20220823_033000.WAV,Telephone Field,recover-20220825,002,1795
1786.0015,1786.0113,23750,29726,Nyctalus leisleri,0.012,0.03,-1,Echolocation,/mnt/ubna_data_01_mir/recover-20220825/UBNA_002/20220823_033000.WAV,Telephone Field,recover-20220825,002,1795
1786.0025,1786.0449,68437,82214,Rhinolophus ferrumequinum,0.034,0.034,-1,Echolocation,/mnt/ubna_data_01_mir/recover-20220825/UBNA_002/20220823_033000.WAV,Telephone Field,recover-20220825,002,1795
1786.0185,1786.0286,24609,31878,Nyctalus leisleri,0.008,0.026,-1,Echolocation,/mnt/ubna_data_01_mir/recover-20220825/UBNA_002/20220823_033000.WAV,Telephone Field,recover-20220825,002,1795
1786.0245,1786.0317,27187,39682,Eptesicus serotinus,0.007,0.025,-1,Echolocation,/mnt/ubna_data_01_mir/recover-20220825/UBNA_002/20220823_033000.WAV,Telephone Field,recover-20220825,002,1795
1786.0385,1786.0725,68437,81060,Rhinolophus ferrumequinum,0.022,0.022,-1,Echolocation,/mnt/ubna_data_01_mir/recover-20220825/UBNA_002/20220823_033000.WAV,Telephone Field,recover-20220825,002,1795
1786.0555,1786.0612,38359,54296,Myotis daubentonii,0.013,0.056,-1,Echolocation,/mnt/ubna_data_01_mir/recover-20220825/UBNA_002/20220823_033000.WAV,Telephone Field,recover-20220825,002,1795
1786.0575,1786.0631,27187,51707,Myotis nattereri,0.009,0.028,-1,Echolocation,/mnt/ubna_data_01_mir/recover-20220825/UBNA_002/20220823_033000.WAV,Telephone Field,recover-20220825,002,1795
1786.0795,1786.1212,68437,83208,Rhinolophus ferrumequinum,0.027,0.027,-1,Echolocation,/mnt/ubna_data_01_mir/recover-20220825/UBNA_002/20220823_033000.WAV,Telephone Field,recover-20220825,002,1795
1786.0935,1786.1015,27187,38190,Eptesicus serotinus,0.008,0.025,-1,Echolocation,/mnt/ubna_data_01_mir/recover-20220825/UBNA_002/20220823_033000.WAV,Telephone Field,recover-20220825,002,1795
1786.1245,1786.1346,24609,32093,Nyctalus leisleri,0.007,0.023,-1,Echolocation,/mnt/ubna_data_01_mir/recover-20220825/UBNA_002/20220823_033000.WAV,Telephone Field,recover-20220825,002,1795
1786.1405,1786.1816,68437,82630,Rhinolophus ferrumequinum,0.023,0.023,-1,Echolocation,/mnt/ubna_data_01_mir/recover-20220825/UBNA_002/20220823_033000.WAV,Telephone Field,recover-20220825,002,1795
1786.1615,1786.1691,22890,30987,Plecotus austriacus,0.015,0.03,-1,Echolocation,/mnt/ubna_data_01_mir/recover-20220825/UBNA_002/20220823_033000.WAV,Telephone Field,recover-20220825,002,1795
1786.1735,1786.186,22031,25830,Nyctalus leisleri,0.013,0.023,-1,Echolocation,/mnt/ubna_data_01_mir/recover-20220825/UBNA_002/20220823_033000.WAV,Telephone Field,recover-20220825,002,1795
1786.1785,1786.2167,68437,82520,Rhinolophus ferrumequinum,0.022,0.022,-1,Echolocation,/mnt/ubna_data_01_mir/recover-20220825/UBNA_002/20220823_033000.WAV,Telephone Field,recover-20220825,002,1795
1786.1795,1786.1986,20312,23243,Nyctalus leisleri,0.013,0.024,-1,Echolocation,/mnt/ubna_data_01_mir/recover-20220825/UBNA_002/20220823_033000.WAV,Telephone Field,recover-20220825,002,1795
1786.2255,1786.2655,68437,82011,Rhinolophus ferrumequinum,0.022,0.022,-1,Echolocation,/mnt/ubna_data_01_mir/recover-20220825/UBNA_002/20220823_033000.WAV,Telephone Field,recover-20220825,002,1795
1786.2665,1786.2761,27187,35242,Eptesicus serotinus,0.01,0.023,-1,Echolocation,/mnt/ubna_data_01_mir/recover-20220825/UBNA_002/20220823_033000.WAV,Telephone Field,recover-20220825,002,1795
1786.3065,1786.314,47812,58494,Pipistrellus pipistrellus,0.017,0.021,-1,Echolocation,/mnt/ubna_data_01_mir/recover-20220825/UBNA_002/20220823_033000.WAV,Telephone Field,recover-20220825,002,1795
1786.3425,1786.3525,28046,35856,Eptesicus serotinus,0.009,0.022,-1,Echolocation,/mnt/ubna_data_01_mir/recover-20220825/UBNA_002/20220823_033000.WAV,Telephone Field,recover-20220825,002,1795
1786.3505,1786.3581,28046,41817,Eptesicus serotinus,0.007,0.023,-1,Echolocation,/mnt/ubna_data_01_mir/recover-20220825/UBNA_002/20220823_033000.WAV,Telephone Field,recover-20220825,002,1795
1786.3745,1786.4151,68437,83257,Rhinolophus ferrumequinum,0.027,0.027,-1,Echolocation,/mnt/ubna_data_01_mir/recover-20220825/UBNA_002/20220823_033000.WAV,Telephone Field,recover-20220825,002,1795
1786.3885,1786.3971,28046,40869,Eptesicus serotinus,0.008,0.022,-1,Echolocation,/mnt/ubna_data_01_mir/recover-20220825/UBNA_002/20220823_033000.WAV,Telephone Field,recover-20220825,002,1795
1786.3975,1786.4068,28046,38084,Eptesicus serotinus,0.008,0.021,-1,Echolocation,/mnt/ubna_data_01_mir/recover-20220825/UBNA_002/20220823_033000.WAV,Telephone Field,recover-20220825,002,1795
1786.3995,1786.4401,68437,82823,Rhinolophus ferrumequinum,0.024,0.024,-1,Echolocation,/mnt/ubna_data_01_mir/recover-20220825/UBNA_002/20220823_033000.WAV,Telephone Field,recover-20220825,002,1795
1786.4715,1786.5122,68437,82589,Rhinolophus ferrumequinum,0.022,0.022,-1,Echolocation,/mnt/ubna_data_01_mir/recover-20220825/UBNA_002/20220823_033000.WAV,Telephone Field,recover-20220825,002,1795
1786.4795,1786.5221,68437,82958,Rhinolophus ferrumequinum,0.022,0.022,-1,Echolocation,/mnt/ubna_data_01_mir/recover-20220825/UBNA_002/20220823_033000.WAV,Telephone Field,recover-20220825,002,1795
1786.5075,1786.5461,68437,82231,Rhinolophus ferrumequinum,0.022,0.022,-1,Echolocation,/mnt/ubna_data_01_mir/recover-20220825/UBNA_002/20220823_033000.WAV,Telephone Field,recover-20220825,002,1795
1786.5105,1786.5182,28046,37276,Eptesicus serotinus,0.007,0.025,-1,Echolocation,/mnt/ubna_data_01_mir/recover-20220825/UBNA_002/20220823_033000.WAV,Telephone Field,recover-20220825,002,1795
1786.5275,1786.5638,68437,81708,Rhinolophus ferrumequinum,0.022,0.023,-1,Echolocation,/mnt/ubna_data_01_mir/recover-20220825/UBNA_002/20220823_033000.WAV,Telephone Field,recover-20220825,002,1795
1786.5325,1786.54,47812,56830,Pipistrellus pipistrellus,0.017,0.024,-1,Echolocation,/mnt/ubna_data_01_mir/recover-20220825/UBNA_002/20220823_033000.WAV,Telephone Field,recover-20220825,002,1795
1786.5565,1786.5962,68437,82530,Rhinolophus ferrumequinum,0.029,0.029,-1,Echolocation,/mnt/ubna_data_01_mir/recover-20220825/UBNA_002/20220823_033000.WAV,Telephone Field,recover-20220825,002,1795
1786.5785,1786.6194,68437,82571,Rhinolophus ferrumequinum,0.023,0.023,-1,Echolocation,/mnt/ubna_data_01_mir/recover-20220825/UBNA_002/20220823_033000.WAV,Telephone Field,recover-20220825,002,1795
1786.5915,1786.5979,24609,40979,Plecotus austriacus,0.008,0.027,-1,Echolocation,/mnt/ubna_data_01_mir/recover-20220825/UBNA_002/20220823_033000.WAV,Telephone Field,recover-20220825,002,1795
1786.6135,1786.6198,26328,35690,Plecotus auritus,0.009,0.029,-1,Echolocation,/mnt/ubna_data_01_mir/recover-20220825/UBNA_002/20220823_033000.WAV,Telephone Field,recover-20220825,002,1795
1786.6525,1786.6913,68437,81862,Rhinolophus ferrumequinum,0.025,0.025,-1,Echolocation,/mnt/ubna_data_01_mir/recover-20220825/UBNA_002/20220823_033000.WAV,Telephone Field,recover-20220825,002,1795
1786.6615,1786.6705,27187,38797,Eptesicus serotinus,0.009,0.024,-1,Echolocation,/mnt/ubna_data_01_mir/recover-20220825/UBNA_002/20220823_033000.WAV,Telephone Field,recover-20220825,002,1795
1786.7135,1786.7508,68437,82176,Rhinolophus ferrumequinum,0.022,0.022,-1,Echolocation,/mnt/ubna_data_01_mir/recover-20220825/UBNA_002/20220823_033000.WAV,Telephone Field,recover-20220825,002,1795
1786.7145,1786.7217,27187,38415,Eptesicus serotinus,0.007,0.025,-1,Echolocation,/mnt/ubna_data_01_mir/recover-20220825/UBNA_002/20220823_033000.WAV,Telephone Field,recover-20220825,002,1795
1786.7325,1786.7445,24609,30735,Nyctalus leisleri,0.011,0.029,-1,Echolocation,/mnt/ubna_data_01_mir/recover-20220825/UBNA_002/20220823_033000.WAV,Telephone Field,recover-20220825,002,1795
1786.8165,1786.8263,22890,29461,Nyctalus leisleri,0.008,0.025,-1,Echolocation,/mnt/ubna_data_01_mir/recover-20220825/UBNA_002/20220823_033000.WAV,Telephone Field,recover-20220825,002,1795
1786.8765,1786.8846,24609,33434,Plecotus austriacus,0.007,0.024,-1,Echolocation,/mnt/ubna_data_01_mir/recover-20220825/UBNA_002/20220823_033000.WAV,Telephone Field,recover-20220825,002,1795
1786.8775,1786.9147,68437,81653,Rhinolophus ferrumequinum,0.022,0.022,-1,Echolocation,/mnt/ubna_data_01_mir/recover-20220825/UBNA_002/20220823_033000.WAV,Telephone Field,recover-20220825,002,1795
1786.9065,1786.915,28046,37108,Eptesicus serotinus,0.013,0.028,-1,Echolocation,/mnt/ubna_data_01_mir/recover-20220825/UBNA_002/20220823_033000.WAV,Telephone Field,recover-20220825,002,1795
1786.9235,1786.9644,68437,83298,Rhinolophus ferrumequinum,0.027,0.027,-1,Echolocation,/mnt/ubna_data_01_mir/recover-20220825/UBNA_002/20220823_033000.WAV,Telephone Field,recover-20220825,002,1795
1786.9685,1786.9795,23750,29800,Nyctalus leisleri,0.011,0.027,-1,Echolocation,/mnt/ubna_data_01_mir/recover-20220825/UBNA_002/20220823_033000.WAV,Telephone Field,recover-20220825,002,1795
1786.9795,1787.0178,68437,82438,Rhinolophus ferrumequinum,0.022,0.022,-1,Echolocation,/mnt/ubna_data_01_mir/recover-20220825/UBNA_002/20220823_033000.WAV,Telephone Field,recover-20220825,002,1795
1787.0055,1787.0208,52968,57664,Pipistrellus pygmaeus,0.018,0.022,-1,Echolocation,/mnt/ubna_data_01_mir/recover-20220825/UBNA_002/20220823_033000.WAV,Telephone Field,recover-20220825,002,1795
1787.0685,1787.0788,22890,28393,Nyctalus leisleri,0.01,0.023,-1,Echolocation,/mnt/ubna_data_01_mir/recover-20220825/UBNA_002/20220823_033000.WAV,Telephone Field,recover-20220825,002,1795
1787.0735,1787.1117,68437,82269,Rhinolophus ferrumequinum,0.024,0.024,-1,Echolocation,/mnt/ubna_data_01_mir/recover-20220825/UBNA_002/20220823_033000.WAV,Telephone Field,recover-20220825,002,1795
1787.0835,1787.1212,68437,82823,Rhinolophus ferrumequinum,0.021,0.021,-1,Echolocation,/mnt/ubna_data_01_mir/recover-20220825/UBNA_002/20220823_033000.WAV,Telephone Field,recover-20220825,002,1795
1787.1075,1787.1145,28046,38401,Eptesicus serotinus,0.008,0.027,-1,Echolocation,/mnt/ubna_data_01_mir/recover-20220825/UBNA_002/20220823_033000.WAV,Telephone Field,recover-20220825,002,1795
1787.1085,1787.1474,68437,82077,Rhinolophus ferrumequinum,0.022,0.022,-1,Echolocation,/mnt/ubna_data_01_mir/recover-20220825/UBNA_002/20220823_033000.WAV,Telephone Field,recover-20220825,002,1795
1787.1435,1787.1513,28046,39406,Eptesicus serotinus,0.007,0.022,-1,Echolocation,/mnt/ubna_data_01_mir/recover-20220825/UBNA_002/20220823_033000.WAV,Telephone Field,recover-20220825,002,1795
1787.1715,1787.1801,23750,32601,Plecotus austriacus,0.01,0.029,-1,Echolocation,/mnt/ubna_data_01_mir/recover-20220825/UBNA_002/20220823_033000.WAV,Telephone Field,recover-20220825,002,1795
1787.1755,1787.2147,68437,83136,Rhinolophus ferrumequinum,0.027,0.027,-1,Echolocation,/mnt/ubna_data_01_mir/recover-20220825/UBNA_002/20220823_033000.WAV,Telephone Field,recover-20220825,002,1795
1787.1905,1787.2306,68437,82443,Rhinolophus ferrumequinum,0.025,0.025,-1,Echolocation,/mnt/ubna_data_01_mir/recover-20220825/UBNA_002/20220823_033000.WAV,Telephone Field,recover-20220825,002,1795
1787.2195,1787.2255,28046,39642,Eptesicus serotinus,0.006,0.025,-1,Echolocation,/mnt/ubna_data_01_mir/recover-20220825/UBNA_002/20220823_033000.WAV,Telephone Field,recover-20220825,002,1795
1787.2275,1787.2684,68437,82776,Rhinolophus ferrumequinum,0.023,0.023,-1,Echolocation,/mnt/ubna_data_01_mir/recover-20220825/UBNA_002/20220823_033000.WAV,Telephone Field,recover-20220825,002,1795
1787.2355,1787.2754,68437,82905,Rhinolophus ferrumequinum,0.023,0.023,-1,Echolocation,/mnt/ubna_data_01_mir/recover-20220825/UBNA_002/20220823_033000.WAV,Telephone Field,recover-20220825,002,1795
1787.2415,1787.2804,68437,82540,Rhinolophus ferrumequinum,0.022,0.022,-1,Echolocation,/mnt/ubna_data_01_mir/recover-20220825/UBNA_002/20220823_033000.WAV,Telephone Field,recover-20220825,002,1795
1787.2475,1787.2573,28046,36374,Eptesicus serotinus,0.011,0.024,-1,Echolocation,/mnt/ubna_data_01_mir/recover-20220825/UBNA_002/20220823_033000.WAV,Telephone Field,recover-20220825,002,1795
1787.2615,1787.2686,27187,41758,Eptesicus serotinus,0.006,0.025,-1,Echolocation,/mnt/ubna_data_01_mir/recover-20220825/UBNA_002/20220823_033000.WAV,Telephone Field,recover-20220825,002,1795
1787.3055,1787.3138,26328,37065,Eptesicus serotinus,0.011,0.026,-1,Echolocation,/mnt/ubna_data_01_mir/recover-20220825/UBNA_002/20220823_033000.WAV,Telephone Field,recover-20220825,002,1795
1787.3125,1787.3477,68437,81882,Rhinolophus ferrumequinum,0.022,0.022,-1,Echolocation,/mnt/ubna_data_01_mir/recover-20220825/UBNA_002/20220823_033000.WAV,Telephone Field,recover-20220825,002,1795
1787.3245,1787.364,68437,82222,Rhinolophus ferrumequinum,0.022,0.022,-1,Echolocation,/mnt/ubna_data_01_mir/recover-20220825/UBNA_002/20220823_033000.WAV,Telephone Field,recover-20220825,002,1795
1787.3265,1787.3335,27187,42113,Eptesicus serotinus,0.007,0.024,-1,Echolocation,/mnt/ubna_data_01_mir/recover-20220825/UBNA_002/20220823_033000.WAV,Telephone Field,recover-20220825,002,1795
1787.3715,1787.4099,68437,81925,Rhinolophus ferrumequinum,0.023,0.023,-1,Echolocation,/mnt/ubna_data_01_mir/recover-20220825/UBNA_002/20220823_033000.WAV,Telephone Field,recover-20220825,002,1795
1787.3845,1787.428,68437,83165,Rhinolophus ferrumequinum,0.026,0.026,-1,Echolocation,/mnt/ubna_data_01_mir/recover-20220825/UBNA_002/20220823_033000.WAV,Telephone Field,recover-20220825,002,1795
1787.4185,1787.4257,27187,39787,Eptesicus serotinus,0.008,0.027,-1,Echolocation,/mnt/ubna_data_01_mir/recover-20220825/UBNA_002/20220823_033000.WAV,Telephone Field,recover-20220825,002,1795
1787.4275,1787.4663,68437,82594,Rhinolophus ferrumequinum,0.022,0.022,-1,Echolocation,/mnt/ubna_data_01_mir/recover-20220825/UBNA_002/20220823_033000.WAV,Telephone Field,recover-20220825,002,1795
1787.4495,1787.4882,68437,82273,Rhinolophus ferrumequinum,0.023,0.023,-1,Echolocation,/mnt/ubna_data_01_mir/recover-20220825/UBNA_002/20220823_033000.WAV,Telephone Field,recover-20220825,002,1795
1787.4825,1787.5226,68437,83032,Rhinolophus ferrumequinum,0.022,0.022,-1,Echolocation,/mnt/ubna_data_01_mir/recover-20220825/UBNA_002/20220823_033000.WAV,Telephone Field,recover-20220825,002,1795
1787.4955,1787.5042,28046,37401,Eptesicus serotinus,0.01,0.027,-1,Echolocation,/mnt/ubna_data_01_mir/recover-20220825/UBNA_002/20220823_033000.WAV,Telephone Field,recover-20220825,002,1795
1787.5125,1787.5555,68437,82454,Rhinolophus ferrumequinum,0.027,0.027,-1,Echolocation,/mnt/ubna_data_01_mir/recover-20220825/UBNA_002/20220823_033000.WAV,Telephone Field,recover-20220825,002,1795
1787.5435,1787.5859,68437,82495,Rhinolophus ferrumequinum,0.023,0.023,-1,Echolocation,/mnt/ubna_data_01_mir/recover-20220825/UBNA_002/20220823_033000.WAV,Telephone Field,recover-20220825,002,1795
1787.5545,1787.5626,34921,42267,Myotis daubentonii,0.007,0.022,-1,Echolocation,/mnt/ubna_data_01_mir/recover-20220825/UBNA_002/20220823_033000.WAV,Telephone Field,recover-20220825,002,1795
1787.5645,1787.6068,68437,83173,Rhinolophus ferrumequinum,0.025,0.025,-1,Echolocation,/mnt/ubna_data_01_mir/recover-20220825/UBNA_002/20220823_033000.WAV,Telephone Field,recover-20220825,002,1795
1787.6205,1787.6265,27187,40663,Eptesicus serotinus,0.005,0.026,-1,Echolocation,/mnt/ubna_data_01_mir/recover-20220825/UBNA_002/20220823_033000.WAV,Telephone Field,recover-20220825,002,1795
1787.6655,1787.6723,23750,35632,Plecotus austriacus,0.013,0.029,-1,Echolocation,/mnt/ubna_data_01_mir/recover-20220825/UBNA_002/20220823_033000.WAV,Telephone Field,recover-20220825,002,1795
1787.6695,1787.707,68437,82520,Rhinolophus ferrumequinum,0.023,0.023,-1,Echolocation,/mnt/ubna_data_01_mir/recover-20220825/UBNA_002/20220823_033000.WAV,Telephone Field,recover-20220825,002,1795
1787.6885,1787.7248,68437,82013,Rhinolophus ferrumequinum,0.026,0.026,-1,Echolocation,/mnt/ubna_data_01_mir/recover-20220825/UBNA_002/20220823_033000.WAV,Telephone Field,recover-20220825,002,1795
1787.7085,1787.7212,26328,32119,Eptesicus serotinus,0.016,0.031,-1,Echolocation,/mnt/ubna_data_01_mir/recover-20220825/UBNA_002/20220823_033000.WAV,Telephone Field,recover-20220825,002,1795
1787.7305,1787.7656,68437,81038,Rhinolophus ferrumequinum,0.023,0.023,-1,Echolocation,/mnt/ubna_data_01_mir/recover-20220825/UBNA_002/20220823_033000.WAV,Telephone Field,recover-20220825,002,1795
1787.7555,1787.7659,26328,34151,Eptesicus serotinus,0.01,0.025,-1,Echolocation,/mnt/ubna_data_01_mir/recover-20220825/UBNA_002/20220823_033000.WAV,Telephone Field,recover-20220825,002,1795
1787.7825,1787.7892,28046,43226,Eptesicus serotinus,0.006,0.022,-1,Echolocation,/mnt/ubna_data_01_mir/recover-20220825/UBNA_002/20220823_033000.WAV,Telephone Field,recover-20220825,002,1795
1787.7965,1787.8051,28046,38879,Eptesicus serotinus,0.008,0.024,-1,Echolocation,/mnt/ubna_data_01_mir/recover-20220825/UBNA_002/20220823_033000.WAV,Telephone Field,recover-20220825,002,1795
1787.7985,1787.8354,68437,81953,Rhinolophus ferrumequinum,0.021,0.021,-1,Echolocation,/mnt/ubna_data_01_mir/recover-20220825/UBNA_002/20220823_033000.WAV,Telephone Field,recover-20220825,002,1795
1787.8655,1787.8741,47812,53529,Pipistrellus pipistrellus,0.018,0.021,-1,Echolocation,/mnt/ubna_data_01_mir/recover-20220825/UBNA_002/20220823_033000.WAV,Telephone Field,recover-20220825,002,1795
1787.9085,1787.9155,23750,33367,Plecotus austriacus,0.012,0.026,-1,Echolocation,/mnt/ubna_data_01_mir/recover-20220825/UBNA_002/20220823_033000.WAV,Telephone Field,recover-20220825,002,1795
1787.9315,1787.9697,68437,81700,Rhinolophus ferrumequinum,0.025,0.025,-1,Echolocation,/mnt/ubna_data_01_mir/recover-20220825/UBNA_002/20220823_033000.WAV,Telephone Field,recover-20220825,002,1795
1787.9575,1787.9659,28046,38365,Eptesicus serotinus,0.008,0.022,-1,Echolocation,/mnt/ubna_data_01_mir/recover-20220825/UBNA_002/20220823_033000.WAV,Telephone Field,recover-20220825,002,1795
1788.0015,1788.0104,22031,28870,Nyctalus leisleri,0.011,0.036,-1,Echolocation,/mnt/ubna_data_01_mir/recover-20220825/UBNA_002/20220823_033000.WAV,Telephone Field,recover-20220825,002,1795
1788.0015,1788.0321,69296,80784,Rhinolophus ferrumequinum,0.032,0.032,-1,Echolocation,/mnt/ubna_data_01_mir/recover-20220825/UBNA_002/20220823_033000.WAV,Telephone Field,recover-20220825,002,1795
1788.0075,1788.0483,68437,81749,Rhinolophus ferrumequinum,0.023,0.023,-1,Echolocation,/mnt/ubna_data_01_mir/recover-20220825/UBNA_002/20220823_033000.WAV,Telephone Field,recover-20220825,002,1795
1788.0245,1788.032,28046,38923,Eptesicus serotinus,0.007,0.022,-1,Echolocation,/mnt/ubna_data_01_mir/recover-20220825/UBNA_002/20220823_033000.WAV,Telephone Field,recover-20220825,002,1795
1788.0325,1788.0451,37500,41820,Pipistrellus nathusii,0.015,0.025,-1,Echolocation,/mnt/ubna_data_01_mir/recover-20220825/UBNA_002/20220823_033000.WAV,Telephone Field,recover-20220825,002,1795
1788.0415,1788.0744,68437,80783,Rhinolophus ferrumequinum,0.022,0.022,-1,Echolocation,/mnt/ubna_data_01_mir/recover-20220825/UBNA_002/20220823_033000.WAV,Telephone Field,recover-20220825,002,1795
1788.0665,1788.1088,68437,82531,Rhinolophus ferrumequinum,0.024,0.024,-1,Echolocation,/mnt/ubna_data_01_mir/recover-20220825/UBNA_002/20220823_033000.WAV,Telephone Field,recover-20220825,002,1795
1788.0745,1788.0852,22890,28509,Nyctalus leisleri,0.01,0.024,-1,Echolocation,/mnt/ubna_data_01_mir/recover-20220825/UBNA_002/20220823_033000.WAV,Telephone Field,recover-20220825,002,1795
1788.0975,1788.1365,68437,82223,Rhinolophus ferrumequinum,0.024,0.024,-1,Echolocation,/mnt/ubna_data_01_mir/recover-20220825/UBNA_002/20220823_033000.WAV,Telephone Field,recover-20220825,002,1795
1788.1595,1788.1703,44375,47641,Pipistrellus pipistrellus,0.023,0.026,-1,Echolocation,/mnt/ubna_data_01_mir/recover-20220825/UBNA_002/20220823_033000.WAV,Telephone Field,recover-20220825,002,1795
1788.1595,1788.1745,15156,19601,Nyctalus noctula,0.029,0.042,-1,Echolocation,/mnt/ubna_data_01_mir/recover-20220825/UBNA_002/20220823_033000.WAV,Telephone Field,recover-20220825,002,1795
1788.1875,1788.1967,28046,37862,Eptesicus serotinus,0.01,0.025,-1,Echolocation,/mnt/ubna_data_01_mir/recover-20220825/UBNA_002/20220823_033000.WAV,Telephone Field,recover-20220825,002,1795
1788.2245,1788.2334,47812,53133,Pipistrellus pipistrellus,0.034,0.036,-1,Echolocation,/mnt/ubna_data_01_mir/recover-20220825/UBNA_002/20220823_033000.WAV,Telephone Field,recover-20220825,002,1795
1788.2265,1788.2652,68437,82261,Rhinolophus ferrumequinum,0.022,0.022,-1,Echolocation,/mnt/ubna_data_01_mir/recover-20220825/UBNA_002/20220823_033000.WAV,Telephone Field,recover-20220825,002,1795
1788.2675,1788.3096,68437,83472,Rhinolophus ferrumequinum,0.036,0.036,-1,Echolocation,/mnt/ubna_data_01_mir/recover-20220825/UBNA_002/20220823_033000.WAV,Telephone Field,recover-20220825,002,1795
1788.2815,1788.2888,28046,38132,Eptesicus serotinus,0.007,0.023,-1,Echolocation,/mnt/ubna_data_01_mir/recover-20220825/UBNA_002/20220823_033000.WAV,Telephone Field,recover-20220825,002,1795
1788.3085,1788.3489,68437,82443,Rhinolophus ferrumequinum,0.029,0.029,-1,Echolocation,/mnt/ubna_data_01_mir/recover-20220825/UBNA_002/20220823_033000.WAV,Telephone Field,recover-20220825,002,1795
1788.3525,1788.394,68437,82448,Rhinolophus ferrumequinum,0.032,0.032,-1,Echolocation,/mnt/ubna_data_01_mir/recover-20220825/UBNA_002/20220823_033000.WAV,Telephone Field,recover-20220825,002,1795
1788.3665,1788.3743,28046,38466,Eptesicus serotinus,0.017,0.041,-1,Echolocation,/mnt/ubna_data_01_mir/recover-20220825/UBNA_002/20220823_033000.WAV,Telephone Field,recover-20220825,002,1795
1788.4145,1788.4238,28046,37015,Eptesicus serotinus,0.008,0.023,-1,Echolocation,/mnt/ubna_data_01_mir/recover-20220825/UBNA_002/20220823_033000.WAV,Telephone Field,recover-20220825,002,1795
1788.4495,1788.459,27187,37854,Eptesicus serotinus,0.008,0.027,-1,Echolocation,/mnt/ubna_data_01_mir/recover-20220825/UBNA_002/20220823_033000.WAV,Telephone Field,recover-20220825,002,1795
1788.5395,1788.5775,68437,82113,Rhinolophus ferrumequinum,0.024,0.024,-1,Echolocation,/mnt/ubna_data_01_mir/recover-20220825/UBNA_002/20220823_033000.WAV,Telephone Field,recover-20220825,002,1795
1788.5415,1788.5513,24609,32371,Nyctalus leisleri,0.007,0.023,-1,Echolocation,/mnt/ubna_data_01_mir/recover-20220825/UBNA_002/20220823_033000.WAV,Telephone Field,recover-20220825,002,1795
1788.5635,1788.6037,68437,82545,Rhinolophus ferrumequinum,0.024,0.024,-1,Echolocation,/mnt/ubna_data_01_mir/recover-20220825/UBNA_002/20220823_033000.WAV,Telephone Field,recover-20220825,002,1795
1788.5805,1788.5863,38359,50578,Myotis daubentonii,0.011,0.023,-1,Echolocation,/mnt/ubna_data_01_mir/recover-20220825/UBNA_002/20220823_033000.WAV,Telephone Field,recover-20220825,002,1795
1788.5805,1788.587,27187,46528,Eptesicus serotinus,0.006,0.023,-1,Echolocation,/mnt/ubna_data_01_mir/recover-20220825/UBNA_002/20220823_033000.WAV,Telephone Field,recover-20220825,002,1795
1788.5935,1788.6283,68437,81123,Rhinolophus ferrumequinum,0.033,0.034,-1,Echolocation,/mnt/ubna_data_01_mir/recover-20220825/UBNA_002/20220823_033000.WAV,Telephone Field,recover-20220825,002,1795
1788.6105,1788.6284,21171,24472,Nyctalus leisleri,0.025,0.043,-1,Echolocation,/mnt/ubna_data_01_mir/recover-20220825/UBNA_002/20220823_033000.WAV,Telephone Field,recover-20220825,002,1795
1788.6225,1788.6597,68437,81338,Rhinolophus ferrumequinum,0.025,0.025,-1,Echolocation,/mnt/ubna_data_01_mir/recover-20220825/UBNA_002/20220823_033000.WAV,Telephone Field,recover-20220825,002,1795
1788.6305,1788.6358,47812,54946,Pipistrellus pipistrellus,0.022,0.023,-1,Echolocation,/mnt/ubna_data_01_mir/recover-20220825/UBNA_002/20220823_033000.WAV,Telephone Field,recover-20220825,002,1795
1788.6365,1788.6756,68437,82511,Rhinolophus ferrumequinum,0.021,0.021,-1,Echolocation,/mnt/ubna_data_01_mir/recover-20220825/UBNA_002/20220823_033000.WAV,Telephone Field,recover-20220825,002,1795
1788.6435,1788.6832,68437,82040,Rhinolophus ferrumequinum,0.021,0.021,-1,Echolocation,/mnt/ubna_data_01_mir/recover-20220825/UBNA_002/20220823_033000.WAV,Telephone Field,recover-20220825,002,1795
1788.6675,1788.702,68437,81352,Rhinolophus ferrumequinum,0.023,0.023,-1,Echolocation,/mnt/ubna_data_01_mir/recover-20220825/UBNA_002/20220823_033000.WAV,Telephone Field,recover-20220825,002,1795
1788.6775,1788.7165,68437,82808,Rhinolophus ferrumequinum,0.024,0.024,-1,Echolocation,/mnt/ubna_data_01_mir/recover-20220825/UBNA_002/20220823_033000.WAV,Telephone Field,recover-20220825,002,1795
1788.6855,1788.6925,27187,38927,Eptesicus serotinus,0.005,0.023,-1,Echolocation,/mnt/ubna_data_01_mir/recover-20220825/UBNA_002/20220823_033000.WAV,Telephone Field,recover-20220825,002,1795
1788.7215,1788.7639,68437,82708,Rhinolophus ferrumequinum,0.025,0.025,-1,Echolocation,/mnt/ubna_data_01_mir/recover-20220825/UBNA_002/20220823_033000.WAV,Telephone Field,recover-20220825,002,1795
1788.7365,1788.7488,22890,28368,Nyctalus leisleri,0.015,0.032,-1,Echolocation,/mnt/ubna_data_01_mir/recover-20220825/UBNA_002/20220823_033000.WAV,Telephone Field,recover-20220825,002,1795
1788.7795,1788.7874,27187,36459,Eptesicus serotinus,0.007,0.022,-1,Echolocation,/mnt/ubna_data_01_mir/recover-20220825/UBNA_002/20220823_033000.WAV,Telephone Field,recover-20220825,002,1795
1788.7885,1788.8284,68437,81932,Rhinolophus ferrumequinum,0.021,0.021,-1,Echolocation,/mnt/ubna_data_01_mir/recover-20220825/UBNA_002/20220823_033000.WAV,Telephone Field,recover-20220825,002,1795
1788.7905,1788.7999,27187,35928,Eptesicus serotinus,0.008,0.022,-1,Echolocation,/mnt/ubna_data_01_mir/recover-20220825/UBNA_002/20220823_033000.WAV,Telephone Field,recover-20220825,002,1795
1788.8095,1788.82,22890,28680,Nyctalus leisleri,0.012,0.027,-1,Echolocation,/mnt/ubna_data_01_mir/recover-20220825/UBNA_002/20220823_033000.WAV,Telephone Field,recover-20220825,002,1795
1788.8095,1788.8467,68437,82302,Rhinolophus ferrumequinum,0.024,0.024,-1,Echolocation,/mnt/ubna_data_01_mir/recover-20220825/UBNA_002/20220823_033000.WAV,Telephone Field,recover-20220825,002,1795
1788.8455,1788.8849,68437,81907,Rhinolophus ferrumequinum,0.023,0.023,-1,Echolocation,/mnt/ubna_data_01_mir/recover-20220825/UBNA_002/20220823_033000.WAV,Telephone Field,recover-20220825,002,1795
1788.8745,1788.8836000000001,24609,32204,Eptesicus serotinus,0.007,0.022,-1,Echolocation,/mnt/ubna_data_01_mir/recover-20220825/UBNA_002/20220823_033000.WAV,Telephone Field,recover-20220825,002,1795
1788.9175,1788.9284,22890,28975,Nyctalus leisleri,0.009,0.021,-1,Echolocation,/mnt/ubna_data_01_mir/recover-20220825/UBNA_002/20220823_033000.WAV,Telephone Field,recover-20220825,002,1795
1788.9385,1788.9775,68437,82122,Rhinolophus ferrumequinum,0.026,0.026,-1,Echolocation,/mnt/ubna_data_01_mir/recover-20220825/UBNA_002/20220823_033000.WAV,Telephone Field,recover-20220825,002,1795
1788.9445,1788.9511,27187,44360,Eptesicus serotinus,0.006,0.025,-1,Echolocation,/mnt/ubna_data_01_mir/recover-20220825/UBNA_002/20220823_033000.WAV,Telephone Field,recover-20220825,002,1795
1789.0145,1789.0559,68437,83138,Rhinolophus ferrumequinum,0.026,0.026,-1,Echolocation,/mnt/ubna_data_01_mir/recover-20220825/UBNA_002/20220823_033000.WAV,Telephone Field,recover-20220825,002,1795
1789.0465,1789.0572,24609,31434,Eptesicus serotinus,0.009,0.023,-1,Echolocation,/mnt/ubna_data_01_mir/recover-20220825/UBNA_002/20220823_033000.WAV,Telephone Field,recover-20220825,002,1795
1789.0525,1789.0897,68437,82151,Rhinolophus ferrumequinum,0.022,0.022,-1,Echolocation,/mnt/ubna_data_01_mir/recover-20220825/UBNA_002/20220823_033000.WAV,Telephone Field,recover-20220825,002,1795
1789.0925,1789.1008,28046,46394,Eptesicus serotinus,0.008,0.025,-1,Echolocation,/mnt/ubna_data_01_mir/recover-20220825/UBNA_002/20220823_033000.WAV,Telephone Field,recover-20220825,002,1795
1789.0955,1789.1317,68437,81747,Rhinolophus ferrumequinum,0.023,0.023,-1,Echolocation,/mnt/ubna_data_01_mir/recover-20220825/UBNA_002/20220823_033000.WAV,Telephone Field,recover-20220825,002,1795
1789.1085,1789.1402,68437,80451,Rhinolophus ferrumequinum,0.021,0.021,-1,Echolocation,/mnt/ubna_data_01_mir/recover-20220825/UBNA_002/20220823_033000.WAV,Telephone Field,recover-20220825,002,1795
1789.1245,1789.1316,28046,39581,Eptesicus serotinus,0.007,0.025,-1,Echolocation,/mnt/ubna_data_01_mir/recover-20220825/UBNA_002/20220823_033000.WAV,Telephone Field,recover-20220825,002,1795
1789.1345,1789.1766,68437,82686,Rhinolophus ferrumequinum,0.021,0.021,-1,Echolocation,/mnt/ubna_data_01_mir/recover-20220825/UBNA_002/20220823_033000.WAV,Telephone Field,recover-20220825,002,1795
1789.1525,1789.1615,21171,27674,Plecotus austriacus,0.011,0.023,-1,Echolocation,/mnt/ubna_data_01_mir/recover-20220825/UBNA_002/20220823_033000.WAV,Telephone Field,recover-20220825,002,1795
1789.1665,1789.2018,68437,81120,Rhinolophus ferrumequinum,0.024,0.024,-1,Echolocation,/mnt/ubna_data_01_mir/recover-20220825/UBNA_002/20220823_033000.WAV,Telephone Field,recover-20220825,002,1795
1789.1675,1789.1739,27187,42863,Eptesicus serotinus,0.007,0.026,-1,Echolocation,/mnt/ubna_data_01_mir/recover-20220825/UBNA_002/20220823_033000.WAV,Telephone Field,recover-20220825,002,1795
1789.1955,1789.2355,68437,82752,Rhinolophus ferrumequinum,0.022,0.022,-1,Echolocation,/mnt/ubna_data_01_mir/recover-20220825/UBNA_002/20220823_033000.WAV,Telephone Field,recover-20220825,002,1795
1789.2175,1789.2573,68437,82866,Rhinolophus ferrumequinum,0.022,0.022,-1,Echolocation,/mnt/ubna_data_01_mir/recover-20220825/UBNA_002/20220823_033000.WAV,Telephone Field,recover-20220825,002,1795
1789.2435,1789.2518,28046,39683,Eptesicus serotinus,0.009,0.028,-1,Echolocation,/mnt/ubna_data_01_mir/recover-20220825/UBNA_002/20220823_033000.WAV,Telephone Field,recover-20220825,002,1795
1789.2655,1789.2717,35781,45188,Myotis daubentonii,0.016,0.032,-1,Echolocation,/mnt/ubna_data_01_mir/recover-20220825/UBNA_002/20220823_033000.WAV,Telephone Field,recover-20220825,002,1795
1789.2665,1789.2775,22031,27043,Nyctalus leisleri,0.011,0.023,-1,Echolocation,/mnt/ubna_data_01_mir/recover-20220825/UBNA_002/20220823_033000.WAV,Telephone Field,recover-20220825,002,1795
1789.2995,1789.3048,28906,42527,Myotis daubentonii,0.014,0.039,-1,Echolocation,/mnt/ubna_data_01_mir/recover-20220825/UBNA_002/20220823_033000.WAV,Telephone Field,recover-20220825,002,1795
1789.3125,1789.3179,26328,42260,Myotis nattereri,0.014,0.05,-1,Echolocation,/mnt/ubna_data_01_mir/recover-20220825/UBNA_002/20220823_033000.WAV,Telephone Field,recover-20220825,002,1795
1789.3205,1789.3323,24609,29894,Nyctalus leisleri,0.009,0.022,-1,Echolocation,/mnt/ubna_data_01_mir/recover-20220825/UBNA_002/20220823_033000.WAV,Telephone Field,recover-20220825,002,1795
1789.3365,1789.3449,27187,37892,Eptesicus serotinus,0.008,0.023,-1,Echolocation,/mnt/ubna_data_01_mir/recover-20220825/UBNA_002/20220823_033000.WAV,Telephone Field,recover-20220825,002,1795
1789.4085,1789.4482,68437,82790,Rhinolophus ferrumequinum,0.022,0.022,-1,Echolocation,/mnt/ubna_data_01_mir/recover-20220825/UBNA_002/20220823_033000.WAV,Telephone Field,recover-20220825,002,1795
1789.4245,1789.4308,27187,40737,Eptesicus serotinus,0.006,0.025,-1,Echolocation,/mnt/ubna_data_01_mir/recover-20220825/UBNA_002/20220823_033000.WAV,Telephone Field,recover-20220825,002,1795
1789.4275,1789.4632,68437,81650,Rhinolophus ferrumequinum,0.021,0.021,-1,Echolocation,/mnt/ubna_data_01_mir/recover-20220825/UBNA_002/20220823_033000.WAV,Telephone Field,recover-20220825,002,1795
1789.4625,1789.5036,68437,82605,Rhinolophus ferrumequinum,0.021,0.021,-1,Echolocation,/mnt/ubna_data_01_mir/recover-20220825/UBNA_002/20220823_033000.WAV,Telephone Field,recover-20220825,002,1795
1789.5105,1789.5201,40937,45817,Pipistrellus nathusii,0.01,0.029,-1,Echolocation,/mnt/ubna_data_01_mir/recover-20220825/UBNA_002/20220823_033000.WAV,Telephone Field,recover-20220825,002,1795
1789.5265,1789.5632,68437,81369,Rhinolophus ferrumequinum,0.023,0.023,-1,Echolocation,/mnt/ubna_data_01_mir/recover-20220825/UBNA_002/20220823_033000.WAV,Telephone Field,recover-20220825,002,1795
1789.5555,1789.5958,68437,82311,Rhinolophus ferrumequinum,0.025,0.025,-1,Echolocation,/mnt/ubna_data_01_mir/recover-20220825/UBNA_002/20220823_033000.WAV,Telephone Field,recover-20220825,002,1795
1789.5845,1789.5937,28046,38699,Eptesicus serotinus,0.009,0.023,-1,Echolocation,/mnt/ubna_data_01_mir/recover-20220825/UBNA_002/20220823_033000.WAV,Telephone Field,recover-20220825,002,1795
1789.5955,1789.6055,26328,34122,Eptesicus serotinus,0.011,0.024,-1,Echolocation,/mnt/ubna_data_01_mir/recover-20220825/UBNA_002/20220823_033000.WAV,Telephone Field,recover-20220825,002,1795
1789.6195,1789.6588,68437,81997,Rhinolophus ferrumequinum,0.022,0.022,-1,Echolocation,/mnt/ubna_data_01_mir/recover-20220825/UBNA_002/20220823_033000.WAV,Telephone Field,recover-20220825,002,1795
1789.6635,1789.6815,20312,23163,Nyctalus leisleri,0.02,0.034,-1,Echolocation,/mnt/ubna_data_01_mir/recover-20220825/UBNA_002/20220823_033000.WAV,Telephone Field,recover-20220825,002,1795
1789.6975,1789.7091,22031,26632,Nyctalus leisleri,0.012,0.022,-1,Echolocation,/mnt/ubna_data_01_mir/recover-20220825/UBNA_002/20220823_033000.WAV,Telephone Field,recover-20220825,002,1795
1789.7225,1789.7463,18593,21354,Nyctalus noctula,0.05,0.083,-1,Echolocation,/mnt/ubna_data_01_mir/recover-20220825/UBNA_002/20220823_033000.WAV,Telephone Field,recover-20220825,002,1795
1789.7265,1789.7354,47812,51862,Pipistrellus pipistrellus,0.023,0.024,-1,Echolocation,/mnt/ubna_data_01_mir/recover-20220825/UBNA_002/20220823_033000.WAV,Telephone Field,recover-20220825,002,1795
1789.7415,1789.7792,68437,81961,Rhinolophus ferrumequinum,0.024,0.024,-1,Echolocation,/mnt/ubna_data_01_mir/recover-20220825/UBNA_002/20220823_033000.WAV,Telephone Field,recover-20220825,002,1795
1789.7785,1789.7875,27187,37036,Eptesicus serotinus,0.012,0.028,-1,Echolocation,/mnt/ubna_data_01_mir/recover-20220825/UBNA_002/20220823_033000.WAV,Telephone Field,recover-20220825,002,1795
1789.8305,1789.836,31484,48943,Myotis daubentonii,0.012,0.022,-1,Echolocation,/mnt/ubna_data_01_mir/recover-20220825/UBNA_002/20220823_033000.WAV,Telephone Field,recover-20220825,002,1795
1789.8315,1789.8383,26328,39543,Eptesicus serotinus,0.005,0.021,-1,Echolocation,/mnt/ubna_data_01_mir/recover-20220825/UBNA_002/20220823_033000.WAV,Telephone Field,recover-20220825,002,1795
1789.8325,1789.8693,68437,81789,Rhinolophus ferrumequinum,0.021,0.022,-1,Echolocation,/mnt/ubna_data_01_mir/recover-20220825/UBNA_002/20220823_033000.WAV,Telephone Field,recover-20220825,002,1795
1789.8425,1789.8826,68437,82864,Rhinolophus ferrumequinum,0.023,0.023,-1,Echolocation,/mnt/ubna_data_01_mir/recover-20220825/UBNA_002/20220823_033000.WAV,Telephone Field,recover-20220825,002,1795
1789.8515,1789.86,25468,34151,Eptesicus serotinus,0.006,0.022,-1,Echolocation,/mnt/ubna_data_01_mir/recover-20220825/UBNA_002/20220823_033000.WAV,Telephone Field,recover-20220825,002,1795
1789.8735,1789.8794,27187,43404,Myotis daubentonii,0.005,0.024,-1,Echolocation,/mnt/ubna_data_01_mir/recover-20220825/UBNA_002/20220823_033000.WAV,Telephone Field,recover-20220825,002,1795
1789.8755,1789.8817,31484,48944,Myotis daubentonii,0.013,0.024,-1,Echolocation,/mnt/ubna_data_01_mir/recover-20220825/UBNA_002/20220823_033000.WAV,Telephone Field,recover-20220825,002,1795
1789.9055,1789.9136,27187,40446,Eptesicus serotinus,0.008,0.021,-1,Echolocation,/mnt/ubna_data_01_mir/recover-20220825/UBNA_002/20220823_033000.WAV,Telephone Field,recover-20220825,002,1795
1789.9185,1789.9564,68437,82385,Rhinolophus ferrumequinum,0.055,0.055,-1,Echolocation,/mnt/ubna_data_01_mir/recover-20220825/UBNA_002/20220823_033000.WAV,Telephone Field,recover-20220825,002,1795
1789.9235,1789.9335,28046,35206,Eptesicus serotinus,0.015,0.028,-1,Echolocation,/mnt/ubna_data_01_mir/recover-20220825/UBNA_002/20220823_033000.WAV,Telephone Field,recover-20220825,002,1795
1789.9445,1789.9523,27187,40018,Eptesicus serotinus,0.008,0.024,-1,Echolocation,/mnt/ubna_data_01_mir/recover-20220825/UBNA_002/20220823_033000.WAV,Telephone Field,recover-20220825,002,1795
1789.9495,1789.9884,68437,82265,Rhinolophus ferrumequinum,0.024,0.024,-1,Echolocation,/mnt/ubna_data_01_mir/recover-20220825/UBNA_002/20220823_033000.WAV,Telephone Field,recover-20220825,002,1795
1790.0015,1790.009,25468,35142,Nyctalus leisleri,0.007,0.026,-1,Echolocation,/mnt/ubna_data_01_mir/recover-20220825/UBNA_002/20220823_033000.WAV,Telephone Field,recover-20220825,002,1795
1790.0015,1790.0079,46953,56281,Pipistrellus pipistrellus,0.019,0.025,-1,Echolocation,/mnt/ubna_data_01_mir/recover-20220825/UBNA_002/20220823_033000.WAV,Telephone Field,recover-20220825,002,1795
1790.0015,1790.0315,69296,81427,Rhinolophus ferrumequinum,0.036,0.036,-1,Echolocation,/mnt/ubna_data_01_mir/recover-20220825/UBNA_002/20220823_033000.WAV,Telephone Field,recover-20220825,002,1795
1790.0375,1790.0463,28906,38507,Eptesicus serotinus,0.007,0.022,-1,Echolocation,/mnt/ubna_data_01_mir/recover-20220825/UBNA_002/20220823_033000.WAV,Telephone Field,recover-20220825,002,1795
1790.0505,1790.0873,68437,81271,Rhinolophus ferrumequinum,0.022,0.022,-1,Echolocation,/mnt/ubna_data_01_mir/recover-20220825/UBNA_002/20220823_033000.WAV,Telephone Field,recover-20220825,002,1795
1790.0665,1790.1056,68437,82077,Rhinolophus ferrumequinum,0.024,0.024,-1,Echolocation,/mnt/ubna_data_01_mir/recover-20220825/UBNA_002/20220823_033000.WAV,Telephone Field,recover-20220825,002,1795
1790.0995,1790.1408,68437,82884,Rhinolophus ferrumequinum,0.035,0.035,-1,Echolocation,/mnt/ubna_data_01_mir/recover-20220825/UBNA_002/20220823_033000.WAV,Telephone Field,recover-20220825,002,1795
1790.1085,1790.1506,68437,83029,Rhinolophus ferrumequinum,0.023,0.023,-1,Echolocation,/mnt/ubna_data_01_mir/recover-20220825/UBNA_002/20220823_033000.WAV,Telephone Field,recover-20220825,002,1795
1790.1495,1790.1884,68437,81516,Rhinolophus ferrumequinum,0.022,0.022,-1,Echolocation,/mnt/ubna_data_01_mir/recover-20220825/UBNA_002/20220823_033000.WAV,Telephone Field,recover-20220825,002,1795
1790.1645,1790.1751,22890,28506,Nyctalus leisleri,0.01,0.024,-1,Echolocation,/mnt/ubna_data_01_mir/recover-20220825/UBNA_002/20220823_033000.WAV,Telephone Field,recover-20220825,002,1795
1790.1945,1790.2286,68437,80484,Rhinolophus ferrumequinum,0.022,0.022,-1,Echolocation,/mnt/ubna_data_01_mir/recover-20220825/UBNA_002/20220823_033000.WAV,Telephone Field,recover-20220825,002,1795
1790.2125,1790.2201,27187,37773,Eptesicus serotinus,0.007,0.022,-1,Echolocation,/mnt/ubna_data_01_mir/recover-20220825/UBNA_002/20220823_033000.WAV,Telephone Field,recover-20220825,002,1795
1790.2225,1790.2632,68437,82793,Rhinolophus ferrumequinum,0.021,0.021,-1,Echolocation,/mnt/ubna_data_01_mir/recover-20220825/UBNA_002/20220823_033000.WAV,Telephone Field,recover-20220825,002,1795
1790.2585,1790.2955,68437,81543,Rhinolophus ferrumequinum,0.022,0.022,-1,Echolocation,/mnt/ubna_data_01_mir/recover-20220825/UBNA_002/20220823_033000.WAV,Telephone Field,recover-20220825,002,1795
1790.2615,1790.271,48671,53744,Pipistrellus pipistrellus,0.036,0.039,-1,Echolocation,/mnt/ubna_data_01_mir/recover-20220825/UBNA_002/20220823_033000.WAV,Telephone Field,recover-20220825,002,1795
1790.3085,1790.3474,68437,82316,Rhinolophus ferrumequinum,0.024,0.024,-1,Echolocation,/mnt/ubna_data_01_mir/recover-20220825/UBNA_002/20220823_033000.WAV,Telephone Field,recover-20220825,002,1795
1790.3315,1790.3424,23750,29677,Nyctalus leisleri,0.01,0.023,-1,Echolocation,/mnt/ubna_data_01_mir/recover-20220825/UBNA_002/20220823_033000.WAV,Telephone Field,recover-20220825,002,1795
1790.3575,1790.3647,50390,58014,Pipistrellus pipistrellus,0.022,0.026,-1,Echolocation,/mnt/ubna_data_01_mir/recover-20220825/UBNA_002/20220823_033000.WAV,Telephone Field,recover-20220825,002,1795
1790.3595,1790.3986,68437,82476,Rhinolophus ferrumequinum,0.022,0.022,-1,Echolocation,/mnt/ubna_data_01_mir/recover-20220825/UBNA_002/20220823_033000.WAV,Telephone Field,recover-20220825,002,1795
1790.3715,1790.4116,68437,82569,Rhinolophus ferrumequinum,0.021,0.021,-1,Echolocation,/mnt/ubna_data_01_mir/recover-20220825/UBNA_002/20220823_033000.WAV,Telephone Field,recover-20220825,002,1795
1790.4015,1790.4091,27187,38803,Eptesicus serotinus,0.006,0.021,-1,Echolocation,/mnt/ubna_data_01_mir/recover-20220825/UBNA_002/20220823_033000.WAV,Telephone Field,recover-20220825,002,1795
1790.4045,1790.4432,68437,82132,Rhinolophus ferrumequinum,0.022,0.022,-1,Echolocation,/mnt/ubna_data_01_mir/recover-20220825/UBNA_002/20220823_033000.WAV,Telephone Field,recover-20220825,002,1795
1790.4295,1790.4374,28046,37848,Eptesicus serotinus,0.006,0.022,-1,Echolocation,/mnt/ubna_data_01_mir/recover-20220825/UBNA_002/20220823_033000.WAV,Telephone Field,recover-20220825,002,1795
1790.4315,1790.4696,68437,81409,Rhinolophus ferrumequinum,0.022,0.022,-1,Echolocation,/mnt/ubna_data_01_mir/recover-20220825/UBNA_002/20220823_033000.WAV,Telephone Field,recover-20220825,002,1795
1790.4715,1790.4782,51250,56927,Pipistrellus pipistrellus,0.025,0.029,-1,Echolocation,/mnt/ubna_data_01_mir/recover-20220825/UBNA_002/20220823_033000.WAV,Telephone Field,recover-20220825,002,1795
1790.4825,1790.4931,26328,32846,Eptesicus serotinus,0.009,0.024,-1,Echolocation,/mnt/ubna_data_01_mir/recover-20220825/UBNA_002/20220823_033000.WAV,Telephone Field,recover-20220825,002,1795
1790.4895,1790.5276,68437,82346,Rhinolophus ferrumequinum,0.023,0.023,-1,Echolocation,/mnt/ubna_data_01_mir/recover-20220825/UBNA_002/20220823_033000.WAV,Telephone Field,recover-20220825,002,1795
1790.5115,1790.5247,22031,26701,Nyctalus leisleri,0.019,0.033,-1,Echolocation,/mnt/ubna_data_01_mir/recover-20220825/UBNA_002/20220823_033000.WAV,Telephone Field,recover-20220825,002,1795
1790.5365,1790.5746,68437,81781,Rhinolophus ferrumequinum,0.022,0.022,-1,Echolocation,/mnt/ubna_data_01_mir/recover-20220825/UBNA_002/20220823_033000.WAV,Telephone Field,recover-20220825,002,1795
1790.5385,1790.5461,24609,37103,Plecotus austriacus,0.007,0.023,-1,Echolocation,/mnt/ubna_data_01_mir/recover-20220825/UBNA_002/20220823_033000.WAV,Telephone Field,recover-20220825,002,1795
1790.5625,1790.6029,68437,82011,Rhinolophus ferrumequinum,0.022,0.023,-1,Echolocation,/mnt/ubna_data_01_mir/recover-20220825/UBNA_002/20220823_033000.WAV,Telephone Field,recover-20220825,002,1795
1790.5705,1790.578,28046,42878,Eptesicus serotinus,0.007,0.022,-1,Echolocation,/mnt/ubna_data_01_mir/recover-20220825/UBNA_002/20220823_033000.WAV,Telephone Field,recover-20220825,002,1795
1790.5965,1790.6421,68437,83113,Rhinolophus ferrumequinum,0.029,0.029,-1,Echolocation,/mnt/ubna_data_01_mir/recover-20220825/UBNA_002/20220823_033000.WAV,Telephone Field,recover-20220825,002,1795
1790.6395,1790.6799,68437,82469,Rhinolophus ferrumequinum,0.025,0.025,-1,Echolocation,/mnt/ubna_data_01_mir/recover-20220825/UBNA_002/20220823_033000.WAV,Telephone Field,recover-20220825,002,1795
1790.6595,1790.7019,68437,83275,Rhinolophus ferrumequinum,0.024,0.024,-1,Echolocation,/mnt/ubna_data_01_mir/recover-20220825/UBNA_002/20220823_033000.WAV,Telephone Field,recover-20220825,002,1795
1790.7135,1790.7554,68437,82496,Rhinolophus ferrumequinum,0.023,0.023,-1,Echolocation,/mnt/ubna_data_01_mir/recover-20220825/UBNA_002/20220823_033000.WAV,Telephone Field,recover-20220825,002,1795
1790.7145,1790.7251,23750,29420,Nyctalus leisleri,0.011,0.024,-1,Echolocation,/mnt/ubna_data_01_mir/recover-20220825/UBNA_002/20220823_033000.WAV,Telephone Field,recover-20220825,002,1795
1790.7495,1790.7595,24609,32097,Nyctalus leisleri,0.009,0.025,-1,Echolocation,/mnt/ubna_data_01_mir/recover-20220825/UBNA_002/20220823_033000.WAV,Telephone Field,recover-20220825,002,1795
1790.7585,1790.7688,25468,33308,Eptesicus serotinus,0.01,0.028,-1,Echolocation,/mnt/ubna_data_01_mir/recover-20220825/UBNA_002/20220823_033000.WAV,Telephone Field,recover-20220825,002,1795
1790.7685,1790.8078,68437,81860,Rhinolophus ferrumequinum,0.021,0.021,-1,Echolocation,/mnt/ubna_data_01_mir/recover-20220825/UBNA_002/20220823_033000.WAV,Telephone Field,recover-20220825,002,1795
1790.7865,1790.7978,28046,34260,Eptesicus serotinus,0.013,0.026,-1,Echolocation,/mnt/ubna_data_01_mir/recover-20220825/UBNA_002/20220823_033000.WAV,Telephone Field,recover-20220825,002,1795
1790.8215,1790.8293,27187,36242,Eptesicus serotinus,0.009,0.026,-1,Echolocation,/mnt/ubna_data_01_mir/recover-20220825/UBNA_002/20220823_033000.WAV,Telephone Field,recover-20220825,002,1795
1790.8365,1790.8743,68437,81379,Rhinolophus ferrumequinum,0.027,0.027,-1,Echolocation,/mnt/ubna_data_01_mir/recover-20220825/UBNA_002/20220823_033000.WAV,Telephone Field,recover-20220825,002,1795
1790.8555,1790.8926,68437,81293,Rhinolophus ferrumequinum,0.023,0.023,-1,Echolocation,/mnt/ubna_data_01_mir/recover-20220825/UBNA_002/20220823_033000.WAV,Telephone Field,recover-20220825,002,1795
1790.8955,1790.9072,28046,35219,Eptesicus serotinus,0.014,0.025,-1,Echolocation,/mnt/ubna_data_01_mir/recover-20220825/UBNA_002/20220823_033000.WAV,Telephone Field,recover-20220825,002,1795
1790.9255,1790.9639,68437,81908,Rhinolophus ferrumequinum,0.024,0.024,-1,Echolocation,/mnt/ubna_data_01_mir/recover-20220825/UBNA_002/20220823_033000.WAV,Telephone Field,recover-20220825,002,1795
1790.9355,1790.9766,68437,82514,Rhinolophus ferrumequinum,0.022,0.022,-1,Echolocation,/mnt/ubna_data_01_mir/recover-20220825/UBNA_002/20220823_033000.WAV,Telephone Field,recover-20220825,002,1795
1790.9445,1790.9543,24609,31235,Nyctalus leisleri,0.008,0.021,-1,Echolocation,/mnt/ubna_data_01_mir/recover-20220825/UBNA_002/20220823_033000.WAV,Telephone Field,recover-20220825,002,1795
1790.9575,1790.9646,24609,34220,Plecotus austriacus,0.007,0.021,-1,Echolocation,/mnt/ubna_data_01_mir/recover-20220825/UBNA_002/20220823_033000.WAV,Telephone Field,recover-20220825,002,1795
1790.9795,1790.9847,35781,45243,Myotis daubentonii,0.008,0.023,-1,Echolocation,/mnt/ubna_data_01_mir/recover-20220825/UBNA_002/20220823_033000.WAV,Telephone Field,recover-20220825,002,1795
1790.9795,1790.9863,28046,42719,Eptesicus serotinus,0.007,0.024,-1,Echolocation,/mnt/ubna_data_01_mir/recover-20220825/UBNA_002/20220823_033000.WAV,Telephone Field,recover-20220825,002,1795
1791.0375,1791.0801,68437,82448,Rhinolophus ferrumequinum,0.024,0.024,-1,Echolocation,/mnt/ubna_data_01_mir/recover-20220825/UBNA_002/20220823_033000.WAV,Telephone Field,recover-20220825,002,1795
1791.0535,1791.0616,44375,50516,Pipistrellus pipistrellus,0.019,0.023,-1,Echolocation,/mnt/ubna_data_01_mir/recover-20220825/UBNA_002/20220823_033000.WAV,Telephone Field,recover-20220825,002,1795
1791.0685,1791.0792,23750,29216,Nyctalus leisleri,0.01,0.024,-1,Echolocation,/mnt/ubna_data_01_mir/recover-20220825/UBNA_002/20220823_033000.WAV,Telephone Field,recover-20220825,002,1795
1791.0755,1791.0839,43515,50488,Pipistrellus pipistrellus,0.019,0.025,-1,Echolocation,/mnt/ubna_data_01_mir/recover-20220825/UBNA_002/20220823_033000.WAV,Telephone Field,recover-20220825,002,1795
1791.0775,1791.0851,28906,40189,Eptesicus serotinus,0.007,0.024,-1,Echolocation,/mnt/ubna_data_01_mir/recover-20220825/UBNA_002/20220823_033000.WAV,Telephone Field,recover-20220825,002,1795
1791.0895,1791.128,68437,82232,Rhinolophus ferrumequinum,0.024,0.024,-1,Echolocation,/mnt/ubna_data_01_mir/recover-20220825/UBNA_002/20220823_033000.WAV,Telephone Field,recover-20220825,002,1795
1791.1235,1791.1308,28046,44081,Eptesicus serotinus,0.007,0.025,-1,Echolocation,/mnt/ubna_data_01_mir/recover-20220825/UBNA_002/20220823_033000.WAV,Telephone Field,recover-20220825,002,1795
1791.1645,1791.2071,68437,82230,Rhinolophus ferrumequinum,0.024,0.024,-1,Echolocation,/mnt/ubna_data_01_mir/recover-20220825/UBNA_002/20220823_033000.WAV,Telephone Field,recover-20220825,002,1795
1791.1895,1791.1972,23750,31867,Plecotus austriacus,0.01,0.023,-1,Echolocation,/mnt/ubna_data_01_mir/recover-20220825/UBNA_002/20220823_033000.WAV,Telephone Field,recover-20220825,002,1795
1791.2095,1791.2475,68437,82366,Rhinolophus ferrumequinum,0.023,0.023,-1,Echolocation,/mnt/ubna_data_01_mir/recover-20220825/UBNA_002/20220823_033000.WAV,Telephone Field,recover-20220825,002,1795
1791.2255,1791.2363,22890,27707,Nyctalus leisleri,0.011,0.023,-1,Echolocation,/mnt/ubna_data_01_mir/recover-20220825/UBNA_002/20220823_033000.WAV,Telephone Field,recover-20220825,002,1795
1791.2455,1791.2866,68437,82603,Rhinolophus ferrumequinum,0.026,0.026,-1,Echolocation,/mnt/ubna_data_01_mir/recover-20220825/UBNA_002/20220823_033000.WAV,Telephone Field,recover-20220825,002,1795
1791.2975,1791.3089,28906,34059,Eptesicus serotinus,0.01,0.023,-1,Echolocation,/mnt/ubna_data_01_mir/recover-20220825/UBNA_002/20220823_033000.WAV,Telephone Field,recover-20220825,002,1795
1791.3135,1791.3226,27187,36544,Eptesicus serotinus,0.007,0.023,-1,Echolocation,/mnt/ubna_data_01_mir/recover-20220825/UBNA_002/20220823_033000.WAV,Telephone Field,recover-20220825,002,1795
1791.3305,1791.3698,68437,82300,Rhinolophus ferrumequinum,0.022,0.022,-1,Echolocation,/mnt/ubna_data_01_mir/recover-20220825/UBNA_002/20220823_033000.WAV,Telephone Field,recover-20220825,002,1795
1791.3325,1791.3427,26328,33646,Eptesicus serotinus,0.008,0.022,-1,Echolocation,/mnt/ubna_data_01_mir/recover-20220825/UBNA_002/20220823_033000.WAV,Telephone Field,recover-20220825,002,1795
1791.3485,1791.3571,28906,38708,Eptesicus serotinus,0.008,0.023,-1,Echolocation,/mnt/ubna_data_01_mir/recover-20220825/UBNA_002/20220823_033000.WAV,Telephone Field,recover-20220825,002,1795
1791.3825,1791.3897,47812,53925,Pipistrellus pipistrellus,0.022,0.023,-1,Echolocation,/mnt/ubna_data_01_mir/recover-20220825/UBNA_002/20220823_033000.WAV,Telephone Field,recover-20220825,002,1795
1791.4125,1791.4202,46953,53244,Pipistrellus pipistrellus,0.02,0.022,-1,Echolocation,/mnt/ubna_data_01_mir/recover-20220825/UBNA_002/20220823_033000.WAV,Telephone Field,recover-20220825,002,1795
1791.4155,1791.4567,68437,82868,Rhinolophus ferrumequinum,0.034,0.034,-1,Echolocation,/mnt/ubna_data_01_mir/recover-20220825/UBNA_002/20220823_033000.WAV,Telephone Field,recover-20220825,002,1795
1791.4335,1791.4717,68437,81896,Rhinolophus ferrumequinum,0.022,0.022,-1,Echolocation,/mnt/ubna_data_01_mir/recover-20220825/UBNA_002/20220823_033000.WAV,Telephone Field,recover-20220825,002,1795
1791.4345,1791.4431,28046,37694,Eptesicus serotinus,0.009,0.024,-1,Echolocation,/mnt/ubna_data_01_mir/recover-20220825/UBNA_002/20220823_033000.WAV,Telephone Field,recover-20220825,002,1795
1791.4355,1791.4433,23750,32135,Plecotus austriacus,0.009,0.023,-1,Echolocation,/mnt/ubna_data_01_mir/recover-20220825/UBNA_002/20220823_033000.WAV,Telephone Field,recover-20220825,002,1795
1791.4495,1791.4868,68437,81085,Rhinolophus ferrumequinum,0.027,0.027,-1,Echolocation,/mnt/ubna_data_01_mir/recover-20220825/UBNA_002/20220823_033000.WAV,Telephone Field,recover-20220825,002,1795
1791.4725,1791.5095,68437,82637,Rhinolophus ferrumequinum,0.025,0.025,-1,Echolocation,/mnt/ubna_data_01_mir/recover-20220825/UBNA_002/20220823_033000.WAV,Telephone Field,recover-20220825,002,1795
1791.4895,1791.5283,68437,82101,Rhinolophus ferrumequinum,0.023,0.023,-1,Echolocation,/mnt/ubna_data_01_mir/recover-20220825/UBNA_002/20220823_033000.WAV,Telephone Field,recover-20220825,002,1795
1791.5115,1791.552,68437,82872,Rhinolophus ferrumequinum,0.025,0.025,-1,Echolocation,/mnt/ubna_data_01_mir/recover-20220825/UBNA_002/20220823_033000.WAV,Telephone Field,recover-20220825,002,1795
1791.5195,1791.5582,68437,82583,Rhinolophus ferrumequinum,0.024,0.024,-1,Echolocation,/mnt/ubna_data_01_mir/recover-20220825/UBNA_002/20220823_033000.WAV,Telephone Field,recover-20220825,002,1795
1791.6385,1791.6788,68437,82038,Rhinolophus ferrumequinum,0.023,0.023,-1,Echolocation,/mnt/ubna_data_01_mir/recover-20220825/UBNA_002/20220823_033000.WAV,Telephone Field,recover-20220825,002,1795
1791.6695,1791.7083,68437,82392,Rhinolophus ferrumequinum,0.023,0.023,-1,Echolocation,/mnt/ubna_data_01_mir/recover-20220825/UBNA_002/20220823_033000.WAV,Telephone Field,recover-20220825,002,1795
1791.6855,1791.7216,68437,81175,Rhinolophus ferrumequinum,0.023,0.023,-1,Echolocation,/mnt/ubna_data_01_mir/recover-20220825/UBNA_002/20220823_033000.WAV,Telephone Field,recover-20220825,002,1795
1791.7145,1791.7232,28906,41804,Eptesicus serotinus,0.008,0.025,-1,Echolocation,/mnt/ubna_data_01_mir/recover-20220825/UBNA_002/20220823_033000.WAV,Telephone Field,recover-20220825,002,1795
1791.7145,1791.7507,68437,81370,Rhinolophus ferrumequinum,0.024,0.025,-1,Echolocation,/mnt/ubna_data_01_mir/recover-20220825/UBNA_002/20220823_033000.WAV,Telephone Field,recover-20220825,002,1795
1791.7345,1791.7723,68437,82511,Rhinolophus ferrumequinum,0.024,0.024,-1,Echolocation,/mnt/ubna_data_01_mir/recover-20220825/UBNA_002/20220823_033000.WAV,Telephone Field,recover-20220825,002,1795
1791.7515,1791.7607,28046,38651,Eptesicus serotinus,0.009,0.023,-1,Echolocation,/mnt/ubna_data_01_mir/recover-20220825/UBNA_002/20220823_033000.WAV,Telephone Field,recover-20220825,002,1795
1791.7705,1791.7795,26328,35140,Eptesicus serotinus,0.008,0.022,-1,Echolocation,/mnt/ubna_data_01_mir/recover-20220825/UBNA_002/20220823_033000.WAV,Telephone Field,recover-20220825,002,1795
1791.7865,1791.795,28906,38951,Eptesicus serotinus,0.009,0.024,-1,Echolocation,/mnt/ubna_data_01_mir/recover-20220825/UBNA_002/20220823_033000.WAV,Telephone Field,recover-20220825,002,1795
1791.7915,1791.8302,68437,82270,Rhinolophus ferrumequinum,0.024,0.024,-1,Echolocation,/mnt/ubna_data_01_mir/recover-20220825/UBNA_002/20220823_033000.WAV,Telephone Field,recover-20220825,002,1795
1791.8465,1791.8865,68437,82182,Rhinolophus ferrumequinum,0.022,0.022,-1,Echolocation,/mnt/ubna_data_01_mir/recover-20220825/UBNA_002/20220823_033000.WAV,Telephone Field,recover-20220825,002,1795
1791.8635,1791.8721,26328,36338,Eptesicus serotinus,0.006,0.021,-1,Echolocation,/mnt/ubna_data_01_mir/recover-20220825/UBNA_002/20220823_033000.WAV,Telephone Field,recover-20220825,002,1795
1791.8645,1791.9028,68437,81561,Rhinolophus ferrumequinum,0.022,0.022,-1,Echolocation,/mnt/ubna_data_01_mir/recover-20220825/UBNA_002/20220823_033000.WAV,Telephone Field,recover-20220825,002,1795
1791.8855,1791.8934,28046,37493,Eptesicus serotinus,0.007,0.024,-1,Echolocation,/mnt/ubna_data_01_mir/recover-20220825/UBNA_002/20220823_033000.WAV,Telephone Field,recover-20220825,002,1795
1791.9025,1791.9101,27187,40811,Eptesicus serotinus,0.006,0.024,-1,Echolocation,/mnt/ubna_data_01_mir/recover-20220825/UBNA_002/20220823_033000.WAV,Telephone Field,recover-20220825,002,1795
1791.9185,1791.9555,68437,81407,Rhinolophus ferrumequinum,0.022,0.022,-1,Echolocation,/mnt/ubna_data_01_mir/recover-20220825/UBNA_002/20220823_033000.WAV,Telephone Field,recover-20220825,002,1795
1791.9375,1791.9723,68437,81893,Rhinolophus ferrumequinum,0.021,0.022,-1,Echolocation,/mnt/ubna_data_01_mir/recover-20220825/UBNA_002/20220823_033000.WAV,Telephone Field,recover-20220825,002,1795
1791.9415,1791.9518,22031,26777,Nyctalus leisleri,0.011,0.022,-1,Echolocation,/mnt/ubna_data_01_mir/recover-20220825/UBNA_002/20220823_033000.WAV,Telephone Field,recover-20220825,002,1795
1791.9565,1791.9979,68437,82972,Rhinolophus ferrumequinum,0.043,0.043,-1,Echolocation,/mnt/ubna_data_01_mir/recover-20220825/UBNA_002/20220823_033000.WAV,Telephone Field,recover-20220825,002,1795
1791.9725,1791.9888,22031,25222,Nyctalus leisleri,0.027,0.045,-1,Echolocation,/mnt/ubna_data_01_mir/recover-20220825/UBNA_002/20220823_033000.WAV,Telephone Field,recover-20220825,002,1795
1792.0015,1792.0101,23750,30517,Nyctalus leisleri,0.011,0.031,-1,Echolocation,/mnt/ubna_data_01_mir/recover-20220825/UBNA_002/20220823_033000.WAV,Telephone Field,recover-20220825,002,1795
1792.0015,1792.0337,69296,80819,Rhinolophus ferrumequinum,0.037,0.037,-1,Echolocation,/mnt/ubna_data_01_mir/recover-20220825/UBNA_002/20220823_033000.WAV,Telephone Field,recover-20220825,002,1795
1792.0065,1792.0159,27187,38021,Eptesicus serotinus,0.008,0.022,-1,Echolocation,/mnt/ubna_data_01_mir/recover-20220825/UBNA_002/20220823_033000.WAV,Telephone Field,recover-20220825,002,1795
1792.0125,1792.0204,23750,32260,Plecotus austriacus,0.007,0.022,-1,Echolocation,/mnt/ubna_data_01_mir/recover-20220825/UBNA_002/20220823_033000.WAV,Telephone Field,recover-20220825,002,1795
1792.0325,1792.045,21171,25532,Nyctalus leisleri,0.014,0.026,-1,Echolocation,/mnt/ubna_data_01_mir/recover-20220825/UBNA_002/20220823_033000.WAV,Telephone Field,recover-20220825,002,1795
1792.0325,1792.0388,27187,42458,Eptesicus serotinus,0.006,0.025,-1,Echolocation,/mnt/ubna_data_01_mir/recover-20220825/UBNA_002/20220823_033000.WAV,Telephone Field,recover-20220825,002,1795
1792.0545,1792.0931,68437,82646,Rhinolophus ferrumequinum,0.024,0.024,-1,Echolocation,/mnt/ubna_data_01_mir/recover-20220825/UBNA_002/20220823_033000.WAV,Telephone Field,recover-20220825,002,1795
1792.0735,1792.0849,24609,29794,Nyctalus leisleri,0.01,0.023,-1,Echolocation,/mnt/ubna_data_01_mir/recover-20220825/UBNA_002/20220823_033000.WAV,Telephone Field,recover-20220825,002,1795
1792.1055,1792.1441,68437,81933,Rhinolophus ferrumequinum,0.022,0.022,-1,Echolocation,/mnt/ubna_data_01_mir/recover-20220825/UBNA_002/20220823_033000.WAV,Telephone Field,recover-20220825,002,1795
1792.1425,1792.1505,28046,36630,Eptesicus serotinus,0.011,0.028,-1,Echolocation,/mnt/ubna_data_01_mir/recover-20220825/UBNA_002/20220823_033000.WAV,Telephone Field,recover-20220825,002,1795
1792.1755,1792.217,68437,82147,Rhinolophus ferrumequinum,0.024,0.024,-1,Echolocation,/mnt/ubna_data_01_mir/recover-20220825/UBNA_002/20220823_033000.WAV,Telephone Field,recover-20220825,002,1795
1792.1775,1792.1872,22031,27564,Nyctalus leisleri,0.007,0.022,-1,Echolocation,/mnt/ubna_data_01_mir/recover-20220825/UBNA_002/20220823_033000.WAV,Telephone Field,recover-20220825,002,1795
1792.1825,1792.2229,68437,82461,Rhinolophus ferrumequinum,0.024,0.024,-1,Echolocation,/mnt/ubna_data_01_mir/recover-20220825/UBNA_002/20220823_033000.WAV,Telephone Field,recover-20220825,002,1795
1792.2385,1792.2811,68437,83317,Rhinolophus ferrumequinum,0.022,0.023,-1,Echolocation,/mnt/ubna_data_01_mir/recover-20220825/UBNA_002/20220823_033000.WAV,Telephone Field,recover-20220825,002,1795
1792.2505,1792.261,54687,60952,Pipistrellus pygmaeus,0.025,0.028,-1,Echolocation,/mnt/ubna_data_01_mir/recover-20220825/UBNA_002/20220823_033000.WAV,Telephone Field,recover-20220825,002,1795
1792.2525,1792.2589,13437,33596,Plecotus auritus,0.027,0.029,-1,Echolocation,/mnt/ubna_data_01_mir/recover-20220825/UBNA_002/20220823_033000.WAV,Telephone Field,recover-20220825,002,1795
1792.2665,1792.3049,68437,82331,Rhinolophus ferrumequinum,0.023,0.023,-1,Echolocation,/mnt/ubna_data_01_mir/recover-20220825/UBNA_002/20220823_033000.WAV,Telephone Field,recover-20220825,002,1795
1792.2745,1792.2856,22890,27450,Nyctalus leisleri,0.013,0.025,-1,Echolocation,/mnt/ubna_data_01_mir/recover-20220825/UBNA_002/20220823_033000.WAV,Telephone Field,recover-20220825,002,1795
1792.2765,1792.3186,68437,83023,Rhinolophus ferrumequinum,0.026,0.026,-1,Echolocation,/mnt/ubna_data_01_mir/recover-20220825/UBNA_002/20220823_033000.WAV,Telephone Field,recover-20220825,002,1795
1792.2945,1792.3029,24609,32300,Eptesicus serotinus,0.007,0.022,-1,Echolocation,/mnt/ubna_data_01_mir/recover-20220825/UBNA_002/20220823_033000.WAV,Telephone Field,recover-20220825,002,1795
1792.3385,1792.3464,28046,39730,Eptesicus serotinus,0.007,0.022,-1,Echolocation,/mnt/ubna_data_01_mir/recover-20220825/UBNA_002/20220823_033000.WAV,Telephone Field,recover-20220825,002,1795
1792.3505,1792.3897,68437,81674,Rhinolophus ferrumequinum,0.024,0.025,-1,Echolocation,/mnt/ubna_data_01_mir/recover-20220825/UBNA_002/20220823_033000.WAV,Telephone Field,recover-20220825,002,1795
1792.3765,1792.4118,68437,80926,Rhinolophus ferrumequinum,0.022,0.022,-1,Echolocation,/mnt/ubna_data_01_mir/recover-20220825/UBNA_002/20220823_033000.WAV,Telephone Field,recover-20220825,002,1795
1792.3915,1792.431,68437,82372,Rhinolophus ferrumequinum,0.022,0.022,-1,Echolocation,/mnt/ubna_data_01_mir/recover-20220825/UBNA_002/20220823_033000.WAV,Telephone Field,recover-20220825,002,1795
1792.4055,1792.413,28046,40211,Eptesicus serotinus,0.008,0.022,-1,Echolocation,/mnt/ubna_data_01_mir/recover-20220825/UBNA_002/20220823_033000.WAV,Telephone Field,recover-20220825,002,1795
1792.4235,1792.4629,68437,82348,Rhinolophus ferrumequinum,0.028,0.028,-1,Echolocation,/mnt/ubna_data_01_mir/recover-20220825/UBNA_002/20220823_033000.WAV,Telephone Field,recover-20220825,002,1795
1792.4795,1792.5152,68437,81078,Rhinolophus ferrumequinum,0.022,0.022,-1,Echolocation,/mnt/ubna_data_01_mir/recover-20220825/UBNA_002/20220823_033000.WAV,Telephone Field,recover-20220825,002,1795
1792.5855,1792.6249,68437,82519,Rhinolophus ferrumequinum,0.022,0.023,-1,Echolocation,/mnt/ubna_data_01_mir/recover-20220825/UBNA_002/20220823_033000.WAV,Telephone Field,recover-20220825,002,1795
1792.6115,1792.6477,68437,81180,Rhinolophus ferrumequinum,0.022,0.022,-1,Echolocation,/mnt/ubna_data_01_mir/recover-20220825/UBNA_002/20220823_033000.WAV,Telephone Field,recover-20220825,002,1795
1792.6185,1792.6565,68437,82287,Rhinolophus ferrumequinum,0.022,0.022,-1,Echolocation,/mnt/ubna_data_01_mir/recover-20220825/UBNA_002/20220823_033000.WAV,Telephone Field,recover-20220825,002,1795
1792.6455,1792.684,68437,82433,Rhinolophus ferrumequinum,0.024,0.024,-1,Echolocation,/mnt/ubna_data_01_mir/recover-20220825/UBNA_002/20220823_033000.WAV,Telephone Field,recover-20220825,002,1795
1792.6465,1792.6554,26328,37097,Eptesicus serotinus,0.008,0.024,-1,Echolocation,/mnt/ubna_data_01_mir/recover-20220825/UBNA_002/20220823_033000.WAV,Telephone Field,recover-20220825,002,1795
1792.6565,1792.6951,68437,82186,Rhinolophus ferrumequinum,0.022,0.022,-1,Echolocation,/mnt/ubna_data_01_mir/recover-20220825/UBNA_002/20220823_033000.WAV,Telephone Field,recover-20220825,002,1795
1792.6585,1792.6684,28046,37522,Eptesicus serotinus,0.01,0.026,-1,Echolocation,/mnt/ubna_data_01_mir/recover-20220825/UBNA_002/20220823_033000.WAV,Telephone Field,recover-20220825,002,1795
1792.6605,1792.6738,49531,53713,Pipistrellus pipistrellus,0.036,0.047,-1,Echolocation,/mnt/ubna_data_01_mir/recover-20220825/UBNA_002/20220823_033000.WAV,Telephone Field,recover-20220825,002,1795
1792.6885,1792.7276,68437,82347,Rhinolophus ferrumequinum,0.023,0.023,-1,Echolocation,/mnt/ubna_data_01_mir/recover-20220825/UBNA_002/20220823_033000.WAV,Telephone Field,recover-20220825,002,1795
1792.6915,1792.6993,27187,38060,Eptesicus serotinus,0.008,0.024,-1,Echolocation,/mnt/ubna_data_01_mir/recover-20220825/UBNA_002/20220823_033000.WAV,Telephone Field,recover-20220825,002,1795
1792.7215,1792.7567,68437,81385,Rhinolophus ferrumequinum,0.022,0.022,-1,Echolocation,/mnt/ubna_data_01_mir/recover-20220825/UBNA_002/20220823_033000.WAV,Telephone Field,recover-20220825,002,1795
1792.7315,1792.7427,28046,33353,Eptesicus serotinus,0.014,0.028,-1,Echolocation,/mnt/ubna_data_01_mir/recover-20220825/UBNA_002/20220823_033000.WAV,Telephone Field,recover-20220825,002,1795
1792.7465,1792.7524,38359,56954,Myotis mystacinus,0.006,0.022,-1,Echolocation,/mnt/ubna_data_01_mir/recover-20220825/UBNA_002/20220823_033000.WAV,Telephone Field,recover-20220825,002,1795
1792.7595,1792.7973,68437,82249,Rhinolophus ferrumequinum,0.025,0.025,-1,Echolocation,/mnt/ubna_data_01_mir/recover-20220825/UBNA_002/20220823_033000.WAV,Telephone Field,recover-20220825,002,1795
1792.7605,1792.7701,22031,28612,Plecotus austriacus,0.009,0.024,-1,Echolocation,/mnt/ubna_data_01_mir/recover-20220825/UBNA_002/20220823_033000.WAV,Telephone Field,recover-20220825,002,1795
1792.7985,1792.8386,68437,82897,Rhinolophus ferrumequinum,0.024,0.024,-1,Echolocation,/mnt/ubna_data_01_mir/recover-20220825/UBNA_002/20220823_033000.WAV,Telephone Field,recover-20220825,002,1795
1792.8305,1792.8386,26328,37116,Eptesicus serotinus,0.008,0.022,-1,Echolocation,/mnt/ubna_data_01_mir/recover-20220825/UBNA_002/20220823_033000.WAV,Telephone Field,recover-20220825,002,1795
1792.8425,1792.8817,68437,82249,Rhinolophus ferrumequinum,0.027,0.027,-1,Echolocation,/mnt/ubna_data_01_mir/recover-20220825/UBNA_002/20220823_033000.WAV,Telephone Field,recover-20220825,002,1795
1792.8565,1792.8952,68437,82134,Rhinolophus ferrumequinum,0.022,0.022,-1,Echolocation,/mnt/ubna_data_01_mir/recover-20220825/UBNA_002/20220823_033000.WAV,Telephone Field,recover-20220825,002,1795
1792.8925,1792.9029,36640,41858,Pipistrellus nathusii,0.011,0.024,-1,Echolocation,/mnt/ubna_data_01_mir/recover-20220825/UBNA_002/20220823_033000.WAV,Telephone Field,recover-20220825,002,1795
1792.9135,1792.9204,28046,39493,Eptesicus serotinus,0.006,0.022,-1,Echolocation,/mnt/ubna_data_01_mir/recover-20220825/UBNA_002/20220823_033000.WAV,Telephone Field,recover-20220825,002,1795
1792.9435,1792.9524,25468,35262,Eptesicus serotinus,0.007,0.022,-1,Echolocation,/mnt/ubna_data_01_mir/recover-20220825/UBNA_002/20220823_033000.WAV,Telephone Field,recover-20220825,002,1795
1792.9485,1792.9918,68437,83362,Rhinolophus ferrumequinum,0.029,0.029,-1,Echolocation,/mnt/ubna_data_01_mir/recover-20220825/UBNA_002/20220823_033000.WAV,Telephone Field,recover-20220825,002,1795
1792.9945,1793.0323,68437,81780,Rhinolophus ferrumequinum,0.022,0.022,-1,Echolocation,/mnt/ubna_data_01_mir/recover-20220825/UBNA_002/20220823_033000.WAV,Telephone Field,recover-20220825,002,1795
1792.9965,1793.0051,27187,39151,Eptesicus serotinus,0.009,0.023,-1,Echolocation,/mnt/ubna_data_01_mir/recover-20220825/UBNA_002/20220823_033000.WAV,Telephone Field,recover-20220825,002,1795
1793.0085,1793.0435,68437,80717,Rhinolophus ferrumequinum,0.022,0.023,-1,Echolocation,/mnt/ubna_data_01_mir/recover-20220825/UBNA_002/20220823_033000.WAV,Telephone Field,recover-20220825,002,1795
1793.0155,1793.0531,68437,82002,Rhinolophus ferrumequinum,0.022,0.022,-1,Echolocation,/mnt/ubna_data_01_mir/recover-20220825/UBNA_002/20220823_033000.WAV,Telephone Field,recover-20220825,002,1795
1793.0255,1793.0335,26328,39604,Eptesicus serotinus,0.008,0.025,-1,Echolocation,/mnt/ubna_data_01_mir/recover-20220825/UBNA_002/20220823_033000.WAV,Telephone Field,recover-20220825,002,1795
1793.0385,1793.0477,28046,41390,Eptesicus serotinus,0.009,0.023,-1,Echolocation,/mnt/ubna_data_01_mir/recover-20220825/UBNA_002/20220823_033000.WAV,Telephone Field,recover-20220825,002,1795
1793.0525,1793.0902,68437,82193,Rhinolophus ferrumequinum,0.023,0.023,-1,Echolocation,/mnt/ubna_data_01_mir/recover-20220825/UBNA_002/20220823_033000.WAV,Telephone Field,recover-20220825,002,1795
1793.0785,1793.1184,68437,82741,Rhinolophus ferrumequinum,0.023,0.023,-1,Echolocation,/mnt/ubna_data_01_mir/recover-20220825/UBNA_002/20220823_033000.WAV,Telephone Field,recover-20220825,002,1795
1793.0795,1793.0883,23750,30426,Plecotus austriacus,0.01,0.026,-1,Echolocation,/mnt/ubna_data_01_mir/recover-20220825/UBNA_002/20220823_033000.WAV,Telephone Field,recover-20220825,002,1795
1793.1465,1793.1872,68437,83768,Rhinolophus ferrumequinum,0.029,0.029,-1,Echolocation,/mnt/ubna_data_01_mir/recover-20220825/UBNA_002/20220823_033000.WAV,Telephone Field,recover-20220825,002,1795
1793.1555,1793.1931,68437,82319,Rhinolophus ferrumequinum,0.022,0.022,-1,Echolocation,/mnt/ubna_data_01_mir/recover-20220825/UBNA_002/20220823_033000.WAV,Telephone Field,recover-20220825,002,1795
1793.1655,1793.2076,68437,82702,Rhinolophus ferrumequinum,0.029,0.029,-1,Echolocation,/mnt/ubna_data_01_mir/recover-20220825/UBNA_002/20220823_033000.WAV,Telephone Field,recover-20220825,002,1795
1793.1765,1793.1856,28046,38324,Eptesicus serotinus,0.008,0.022,-1,Echolocation,/mnt/ubna_data_01_mir/recover-20220825/UBNA_002/20220823_033000.WAV,Telephone Field,recover-20220825,002,1795
1793.1865,1793.197,28046,34912,Eptesicus serotinus,0.013,0.027,-1,Echolocation,/mnt/ubna_data_01_mir/recover-20220825/UBNA_002/20220823_033000.WAV,Telephone Field,recover-20220825,002,1795
1793.1895,1793.2299,68437,82563,Rhinolophus ferrumequinum,0.023,0.023,-1,Echolocation,/mnt/ubna_data_01_mir/recover-20220825/UBNA_002/20220823_033000.WAV,Telephone Field,recover-20220825,002,1795
1793.2025,1793.2433,68437,81818,Rhinolophus ferrumequinum,0.025,0.025,-1,Echolocation,/mnt/ubna_data_01_mir/recover-20220825/UBNA_002/20220823_033000.WAV,Telephone Field,recover-20220825,002,1795
1793.2415,1793.2879,68437,83854,Rhinolophus ferrumequinum,0.058,0.058,-1,Echolocation,/mnt/ubna_data_01_mir/recover-20220825/UBNA_002/20220823_033000.WAV,Telephone Field,recover-20220825,002,1795
1793.2615,1793.3024,68437,83473,Rhinolophus ferrumequinum,0.041,0.041,-1,Echolocation,/mnt/ubna_data_01_mir/recover-20220825/UBNA_002/20220823_033000.WAV,Telephone Field,recover-20220825,002,1795
1793.2715,1793.311,68437,82175,Rhinolophus ferrumequinum,0.022,0.022,-1,Echolocation,/mnt/ubna_data_01_mir/recover-20220825/UBNA_002/20220823_033000.WAV,Telephone Field,recover-20220825,002,1795
1793.2815,1793.291,22031,27785,Plecotus austriacus,0.008,0.023,-1,Echolocation,/mnt/ubna_data_01_mir/recover-20220825/UBNA_002/20220823_033000.WAV,Telephone Field,recover-20220825,002,1795
1793.3415,1793.3804,68437,82133,Rhinolophus ferrumequinum,0.023,0.023,-1,Echolocation,/mnt/ubna_data_01_mir/recover-20220825/UBNA_002/20220823_033000.WAV,Telephone Field,recover-20220825,002,1795
1793.3855,1793.4242,68437,82244,Rhinolophus ferrumequinum,0.022,0.022,-1,Echolocation,/mnt/ubna_data_01_mir/recover-20220825/UBNA_002/20220823_033000.WAV,Telephone Field,recover-20220825,002,1795
1793.3985,1793.4072,28906,37201,Eptesicus serotinus,0.009,0.024,-1,Echolocation,/mnt/ubna_data_01_mir/recover-20220825/UBNA_002/20220823_033000.WAV,Telephone Field,recover-20220825,002,1795
1793.4255,1793.4638,68437,81679,Rhinolophus ferrumequinum,0.028,0.028,-1,Echolocation,/mnt/ubna_data_01_mir/recover-20220825/UBNA_002/20220823_033000.WAV,Telephone Field,recover-20220825,002,1795
1793.4805,1793.5198,68437,81938,Rhinolophus ferrumequinum,0.023,0.023,-1,Echolocation,/mnt/ubna_data_01_mir/recover-20220825/UBNA_002/20220823_033000.WAV,Telephone Field,recover-20220825,002,1795
1793.4965,1793.505,25468,34430,Eptesicus serotinus,0.008,0.023,-1,Echolocation,/mnt/ubna_data_01_mir/recover-20220825/UBNA_002/20220823_033000.WAV,Telephone Field,recover-20220825,002,1795
1793.5135,1793.5522,68437,82031,Rhinolophus ferrumequinum,0.023,0.023,-1,Echolocation,/mnt/ubna_data_01_mir/recover-20220825/UBNA_002/20220823_033000.WAV,Telephone Field,recover-20220825,002,1795
1793.5205,1793.5574,68437,81914,Rhinolophus ferrumequinum,0.024,0.024,-1,Echolocation,/mnt/ubna_data_01_mir/recover-20220825/UBNA_002/20220823_033000.WAV,Telephone Field,recover-20220825,002,1795
1793.5345,1793.5435,28046,37885,Eptesicus serotinus,0.009,0.023,-1,Echolocation,/mnt/ubna_data_01_mir/recover-20220825/UBNA_002/20220823_033000.WAV,Telephone Field,recover-20220825,002,1795
1793.5645,1793.574,28046,35622,Eptesicus serotinus,0.015,0.027,-1,Echolocation,/mnt/ubna_data_01_mir/recover-20220825/UBNA_002/20220823_033000.WAV,Telephone Field,recover-20220825,002,1795
1793.5795,1793.589,23750,30781,Nyctalus leisleri,0.007,0.022,-1,Echolocation,/mnt/ubna_data_01_mir/recover-20220825/UBNA_002/20220823_033000.WAV,Telephone Field,recover-20220825,002,1795
1793.6125,1793.6517,68437,82854,Rhinolophus ferrumequinum,0.028,0.028,-1,Echolocation,/mnt/ubna_data_01_mir/recover-20220825/UBNA_002/20220823_033000.WAV,Telephone Field,recover-20220825,002,1795
1793.6355,1793.6439,28046,39014,Eptesicus serotinus,0.009,0.024,-1,Echolocation,/mnt/ubna_data_01_mir/recover-20220825/UBNA_002/20220823_033000.WAV,Telephone Field,recover-20220825,002,1795
1793.6465,1793.6837,68437,82594,Rhinolophus ferrumequinum,0.024,0.024,-1,Echolocation,/mnt/ubna_data_01_mir/recover-20220825/UBNA_002/20220823_033000.WAV,Telephone Field,recover-20220825,002,1795
1793.6765,1793.7182,68437,83046,Rhinolophus ferrumequinum,0.031,0.031,-1,Echolocation,/mnt/ubna_data_01_mir/recover-20220825/UBNA_002/20220823_033000.WAV,Telephone Field,recover-20220825,002,1795
1793.7405,1793.7466,27187,39276,Eptesicus serotinus,0.005,0.023,-1,Echolocation,/mnt/ubna_data_01_mir/recover-20220825/UBNA_002/20220823_033000.WAV,Telephone Field,recover-20220825,002,1795
1793.7495,1793.7923,68437,83359,Rhinolophus ferrumequinum,0.039,0.039,-1,Echolocation,/mnt/ubna_data_01_mir/recover-20220825/UBNA_002/20220823_033000.WAV,Telephone Field,recover-20220825,002,1795
1793.7665,1793.8038999999999,68437,81692,Rhinolophus ferrumequinum,0.022,0.022,-1,Echolocation,/mnt/ubna_data_01_mir/recover-20220825/UBNA_002/20220823_033000.WAV,Telephone Field,recover-20220825,002,1795
1793.7735,1793.8107,68437,81386,Rhinolophus ferrumequinum,0.022,0.022,-1,Echolocation,/mnt/ubna_data_01_mir/recover-20220825/UBNA_002/20220823_033000.WAV,Telephone Field,recover-20220825,002,1795
1793.7765,1793.7837,28046,39697,Eptesicus serotinus,0.007,0.023,-1,Echolocation,/mnt/ubna_data_01_mir/recover-20220825/UBNA_002/20220823_033000.WAV,Telephone Field,recover-20220825,002,1795
1793.7865,1793.8231,68437,82614,Rhinolophus ferrumequinum,0.028,0.028,-1,Echolocation,/mnt/ubna_data_01_mir/recover-20220825/UBNA_002/20220823_033000.WAV,Telephone Field,recover-20220825,002,1795
1793.8185,1793.8579,68437,82798,Rhinolophus ferrumequinum,0.023,0.023,-1,Echolocation,/mnt/ubna_data_01_mir/recover-20220825/UBNA_002/20220823_033000.WAV,Telephone Field,recover-20220825,002,1795
1793.8645,1793.9047,68437,82904,Rhinolophus ferrumequinum,0.031,0.031,-1,Echolocation,/mnt/ubna_data_01_mir/recover-20220825/UBNA_002/20220823_033000.WAV,Telephone Field,recover-20220825,002,1795
1793.9085,1793.9161,28046,39626,Eptesicus serotinus,0.006,0.022,-1,Echolocation,/mnt/ubna_data_01_mir/recover-20220825/UBNA_002/20220823_033000.WAV,Telephone Field,recover-20220825,002,1795
1793.9175,1793.9274,25468,33142,Eptesicus serotinus,0.01,0.023,-1,Echolocation,/mnt/ubna_data_01_mir/recover-20220825/UBNA_002/20220823_033000.WAV,Telephone Field,recover-20220825,002,1795
1793.9745,1793.9829,27187,38833,Eptesicus serotinus,0.008,0.022,-1,Echolocation,/mnt/ubna_data_01_mir/recover-20220825/UBNA_002/20220823_033000.WAV,Telephone Field,recover-20220825,002,1795
1794.0015,1794.0326,68437,80326,Rhinolophus ferrumequinum,0.027,0.027,-1,Echolocation,/mnt/ubna_data_01_mir/recover-20220825/UBNA_002/20220823_033000.WAV,Telephone Field,recover-20220825,002,1795
1794.0015,1794.01,26328,32919,Nyctalus leisleri,0.012,0.03,-1,Echolocation,/mnt/ubna_data_01_mir/recover-20220825/UBNA_002/20220823_033000.WAV,Telephone Field,recover-20220825,002,1795
1794.0015,1794.0099,46093,51573,Pipistrellus pipistrellus,0.023,0.03,-1,Echolocation,/mnt/ubna_data_01_mir/recover-20220825/UBNA_002/20220823_033000.WAV,Telephone Field,recover-20220825,002,1795
1794.0115,1794.0176,34921,52353,Myotis brandtii,0.01,0.025,-1,Echolocation,/mnt/ubna_data_01_mir/recover-20220825/UBNA_002/20220823_033000.WAV,Telephone Field,recover-20220825,002,1795
1794.0145,1794.0232,24609,38856,Eptesicus serotinus,0.006,0.025,-1,Echolocation,/mnt/ubna_data_01_mir/recover-20220825/UBNA_002/20220823_033000.WAV,Telephone Field,recover-20220825,002,1795
1794.0565,1794.0662,28046,38103,Eptesicus serotinus,0.008,0.021,-1,Echolocation,/mnt/ubna_data_01_mir/recover-20220825/UBNA_002/20220823_033000.WAV,Telephone Field,recover-20220825,002,1795
1794.0565,1794.0694,34921,39539,Pipistrellus nathusii,0.028,0.041,-1,Echolocation,/mnt/ubna_data_01_mir/recover-20220825/UBNA_002/20220823_033000.WAV,Telephone Field,recover-20220825,002,1795
1794.0575,1794.1015,68437,82711,Rhinolophus ferrumequinum,0.033,0.033,-1,Echolocation,/mnt/ubna_data_01_mir/recover-20220825/UBNA_002/20220823_033000.WAV,Telephone Field,recover-20220825,002,1795
1794.0915,1794.1015,37500,43078,Pipistrellus nathusii,0.014,0.028,-1,Echolocation,/mnt/ubna_data_01_mir/recover-20220825/UBNA_002/20220823_033000.WAV,Telephone Field,recover-20220825,002,1795
1794.0935,1794.1023,27187,39196,Eptesicus serotinus,0.009,0.022,-1,Echolocation,/mnt/ubna_data_01_mir/recover-20220825/UBNA_002/20220823_033000.WAV,Telephone Field,recover-20220825,002,1795
1794.1195,1794.1592,68437,82504,Rhinolophus ferrumequinum,0.024,0.024,-1,Echolocation,/mnt/ubna_data_01_mir/recover-20220825/UBNA_002/20220823_033000.WAV,Telephone Field,recover-20220825,002,1795
1794.1635,1794.1728,22890,28930,Plecotus austriacus,0.008,0.023,-1,Echolocation,/mnt/ubna_data_01_mir/recover-20220825/UBNA_002/20220823_033000.WAV,Telephone Field,recover-20220825,002,1795
1794.1795,1794.2201,68437,82750,Rhinolophus ferrumequinum,0.026,0.026,-1,Echolocation,/mnt/ubna_data_01_mir/recover-20220825/UBNA_002/20220823_033000.WAV,Telephone Field,recover-20220825,002,1795
1794.2715,1794.3113,68437,82118,Rhinolophus ferrumequinum,0.022,0.022,-1,Echolocation,/mnt/ubna_data_01_mir/recover-20220825/UBNA_002/20220823_033000.WAV,Telephone Field,recover-20220825,002,1795
1794.2755,1794.2852,22890,29046,Nyctalus leisleri,0.008,0.021,-1,Echolocation,/mnt/ubna_data_01_mir/recover-20220825/UBNA_002/20220823_033000.WAV,Telephone Field,recover-20220825,002,1795
1794.3115,1794.3466,68437,81784,Rhinolophus ferrumequinum,0.021,0.021,-1,Echolocation,/mnt/ubna_data_01_mir/recover-20220825/UBNA_002/20220823_033000.WAV,Telephone Field,recover-20220825,002,1795
1794.3315,1794.3705,68437,81918,Rhinolophus ferrumequinum,0.025,0.025,-1,Echolocation,/mnt/ubna_data_01_mir/recover-20220825/UBNA_002/20220823_033000.WAV,Telephone Field,recover-20220825,002,1795
1794.3345,1794.3414,28046,40033,Eptesicus serotinus,0.006,0.023,-1,Echolocation,/mnt/ubna_data_01_mir/recover-20220825/UBNA_002/20220823_033000.WAV,Telephone Field,recover-20220825,002,1795
1794.3805,1794.4227,68437,84010,Rhinolophus ferrumequinum,0.049,0.049,-1,Echolocation,/mnt/ubna_data_01_mir/recover-20220825/UBNA_002/20220823_033000.WAV,Telephone Field,recover-20220825,002,1795
1794.3925,1794.4011,54687,59166,Pipistrellus pygmaeus,0.02,0.022,-1,Echolocation,/mnt/ubna_data_01_mir/recover-20220825/UBNA_002/20220823_033000.WAV,Telephone Field,recover-20220825,002,1795
1794.3965,1794.4344,68437,81926,Rhinolophus ferrumequinum,0.021,0.021,-1,Echolocation,/mnt/ubna_data_01_mir/recover-20220825/UBNA_002/20220823_033000.WAV,Telephone Field,recover-20220825,002,1795
1794.4185,1794.4246,27187,39191,Eptesicus serotinus,0.004,0.022,-1,Echolocation,/mnt/ubna_data_01_mir/recover-20220825/UBNA_002/20220823_033000.WAV,Telephone Field,recover-20220825,002,1795
1794.4475,1794.4564,22890,30011,Plecotus austriacus,0.013,0.028,-1,Echolocation,/mnt/ubna_data_01_mir/recover-20220825/UBNA_002/20220823_033000.WAV,Telephone Field,recover-20220825,002,1795
1794.4605,1794.4994,68437,82290,Rhinolophus ferrumequinum,0.025,0.025,-1,Echolocation,/mnt/ubna_data_01_mir/recover-20220825/UBNA_002/20220823_033000.WAV,Telephone Field,recover-20220825,002,1795
1794.4655,1794.4745,28046,38804,Eptesicus serotinus,0.008,0.021,-1,Echolocation,/mnt/ubna_data_01_mir/recover-20220825/UBNA_002/20220823_033000.WAV,Telephone Field,recover-20220825,002,1795
1794.4865,1794.5244,68437,81982,Rhinolophus ferrumequinum,0.021,0.021,-1,Echolocation,/mnt/ubna_data_01_mir/recover-20220825/UBNA_002/20220823_033000.WAV,Telephone Field,recover-20220825,002,1795
1794.5015,1794.5391,68437,81916,Rhinolophus ferrumequinum,0.021,0.021,-1,Echolocation,/mnt/ubna_data_01_mir/recover-20220825/UBNA_002/20220823_033000.WAV,Telephone Field,recover-20220825,002,1795
1794.5245,1794.5619,68437,81685,Rhinolophus ferrumequinum,0.023,0.023,-1,Echolocation,/mnt/ubna_data_01_mir/recover-20220825/UBNA_002/20220823_033000.WAV,Telephone Field,recover-20220825,002,1795
1794.5295,1794.5363,24609,37550,Plecotus austriacus,0.007,0.021,-1,Echolocation,/mnt/ubna_data_01_mir/recover-20220825/UBNA_002/20220823_033000.WAV,Telephone Field,recover-20220825,002,1795
1794.5335,1794.5701,68437,80784,Rhinolophus ferrumequinum,0.022,0.022,-1,Echolocation,/mnt/ubna_data_01_mir/recover-20220825/UBNA_002/20220823_033000.WAV,Telephone Field,recover-20220825,002,1795
1794.5865,1794.6256,68437,81714,Rhinolophus ferrumequinum,0.024,0.024,-1,Echolocation,/mnt/ubna_data_01_mir/recover-20220825/UBNA_002/20220823_033000.WAV,Telephone Field,recover-20220825,002,1795
1794.6595,1794.6985,68437,82881,Rhinolophus ferrumequinum,0.021,0.021,-1,Echolocation,/mnt/ubna_data_01_mir/recover-20220825/UBNA_002/20220823_033000.WAV,Telephone Field,recover-20220825,002,1795
1794.6885,1794.6992,22031,27251,Nyctalus leisleri,0.009,0.023,-1,Echolocation,/mnt/ubna_data_01_mir/recover-20220825/UBNA_002/20220823_033000.WAV,Telephone Field,recover-20220825,002,1795
1794.7025,1794.7425,68437,83005,Rhinolophus ferrumequinum,0.023,0.023,-1,Echolocation,/mnt/ubna_data_01_mir/recover-20220825/UBNA_002/20220823_033000.WAV,Telephone Field,recover-20220825,002,1795
1794.7445,1794.7836,68437,82452,Rhinolophus ferrumequinum,0.021,0.021,-1,Echolocation,/mnt/ubna_data_01_mir/recover-20220825/UBNA_002/20220823_033000.WAV,Telephone Field,recover-20220825,002,1795
1794.7925,1794.8307,68437,82433,Rhinolophus ferrumequinum,0.024,0.024,-1,Echolocation,/mnt/ubna_data_01_mir/recover-20220825/UBNA_002/20220823_033000.WAV,Telephone Field,recover-20220825,002,1795
1794.8165,1794.8284,23750,29483,Nyctalus leisleri,0.011,0.027,-1,Echolocation,/mnt/ubna_data_01_mir/recover-20220825/UBNA_002/20220823_033000.WAV,Telephone Field,recover-20220825,002,1795
1794.8195,1794.8587,68437,82666,Rhinolophus ferrumequinum,0.022,0.022,-1,Echolocation,/mnt/ubna_data_01_mir/recover-20220825/UBNA_002/20220823_033000.WAV,Telephone Field,recover-20220825,002,1795
1794.8825,1794.8905,28046,37306,Eptesicus serotinus,0.008,0.021,-1,Echolocation,/mnt/ubna_data_01_mir/recover-20220825/UBNA_002/20220823_033000.WAV,Telephone Field,recover-20220825,002,1795
1794.9875,1794.997,27187,38347,Eptesicus serotinus,0.01,0.022,-1,Echolocation,/mnt/ubna_data_01_mir/recover-20220825/UBNA_002/20220823_033000.WAV,Telephone Field,recover-20220825,002,1795
